  0.00139962 -3.54128e-17  -0.00867012 -1.08906e-12    0.0374753 -4.42876e-14     0.131332  1.52453e-14     0.394855 -3.03964e-15     0.722525  8.90098e-17    -0.494344 -1.79528e-16     0.219788  3.47292e-17    0.0939743 -1.71039e-17    0.0389368 -5.96871e-19   -0.0156236  2.74268e-18  -0.00611247 -6.98894e-19   0.00235657  7.19824e-19  0.000908029   4.5886e-19  0.000353716  4.69926e-20 -0.000155765  -1.6814e-19 -9.19808e-05 -5.39243e-18  3.80113e-05 -2.04505e-17 -1.21142e-05 -2.05909e-16 -3.00185e-06 -3.21182e-15  5.08598e-07
 5.16211e-17  -0.00459557  3.10285e-12   -0.0247095 -1.05261e-13   -0.0889484 -2.75509e-14     0.239406  3.50177e-15     0.468988 -1.84482e-16    -0.597718 -3.65908e-16    -0.487917 -1.85079e-16    -0.297044 -1.50983e-16     0.154736  -1.3187e-16    0.0733792 -1.55083e-16    0.0326391 -1.93727e-17    0.0138977  1.09225e-16  -0.00577125 -6.90024e-17   0.00238999 -2.36509e-16  -0.00102377  1.35313e-16  0.000455883 -1.23771e-17  0.000184645  8.83955e-17 -6.14121e-05  1.19057e-16 -1.59281e-05  1.01414e-15  2.82255e-06  1.78075e-14
   0.0110966 -3.14473e-16   -0.0523308 -6.57135e-12     0.160219 -1.89926e-13     0.349733  4.05729e-14     0.493892 -3.67626e-15     0.145106 -1.03661e-17     0.410066  2.64754e-16    -0.484069 -1.02599e-16    -0.350796  7.74762e-17    -0.207924   3.6761e-18     0.109086 -2.14075e-17    0.0527153  6.59371e-18   -0.0241108 -7.92524e-18   -0.0106801 -5.73092e-18  -0.00464596 -6.50746e-19   0.00220643  2.55148e-18   0.00139949  8.96511e-17 -0.000632022  3.73007e-16  0.000220958  4.11809e-15  6.00371e-05  7.03036e-14 -1.11345e-05
  7.3604e-18   -0.0225325  1.17352e-11    -0.093453 -2.88426e-13    -0.243652 -4.94812e-14     0.426886   3.0983e-15     0.433266  1.02608e-16   -0.0823919 -1.23499e-16     0.325335 -7.55174e-17     0.458387  3.55936e-17    -0.383189  2.09206e-17    -0.252531  1.00614e-16    -0.144156  1.86546e-16   -0.0747933  9.99589e-17    0.0364452  1.38772e-16   -0.0171872 -1.29619e-16     0.008186  1.27524e-16  -0.00400354 -1.21997e-16  -0.00178021 -2.77844e-16  0.000650807 -1.12558e-15  0.000185406 -1.26829e-14 -3.60191e-05 -2.27423e-13
   0.0405619 -7.73687e-16     -0.14781  -1.8561e-11     0.326552 -3.86224e-13     0.449025  5.20386e-14      0.24415 -1.71328e-15    -0.254604 -4.04348e-17     0.189427 -1.09735e-17     0.218608  8.46049e-17     0.417375 -1.20299e-16     0.398292 -8.37573e-18    -0.288058  6.42466e-17    -0.177045 -2.44708e-17    0.0978287  3.48335e-17    0.0504212  2.88615e-17    0.0246946  3.65955e-18   -0.0127106 -1.58113e-17  -0.00869694 -6.11708e-16   0.00431293 -2.80487e-15  -0.00166153 -3.40928e-14 -0.000497033 -6.39347e-13  0.000101262
-5.30942e-17   -0.0665568  2.66533e-11    -0.212254 -4.64491e-13    -0.392427 -4.68282e-14     0.403454  3.14798e-16    0.0638231  6.78293e-17     0.319077  8.92423e-17     0.234298  3.60347e-16    -0.127529  1.59772e-16     0.367276 -2.74178e-16     0.399363 -7.90705e-17     0.314538 -3.84791e-17     0.206649  2.29509e-16    -0.120924  2.47624e-16    0.0659204 -5.99649e-17   -0.0352685  -4.5715e-17    0.0190927 -1.08444e-16   0.00938393  1.42811e-15  -0.00379359  6.35157e-15  -0.00119335  8.18451e-14  0.000255319  1.61207e-12
     0.10125  -5.0307e-16     -0.28065  -3.5242e-11     0.425068 -5.03281e-13     0.290022  3.35608e-14    -0.144279  1.08991e-15    -0.213779  1.34183e-16     -0.24311 -5.55315e-17     0.272781  8.60567e-17   -0.0458032  4.40534e-17    -0.312347  -1.8993e-17     0.389383 -1.09775e-16      0.33242  4.97131e-17    -0.232205 -8.94952e-17    -0.143016 -9.07862e-17   -0.0801756 -2.05753e-17    0.0451536  6.13119e-17    0.0335923  2.61848e-15   -0.0184501  1.33412e-14   0.00789248  1.79471e-13   0.00261641  3.71781e-12 -0.000588837
-4.77582e-17    -0.144417  4.32506e-11    -0.344428 -4.88146e-13    -0.412443 -1.55138e-14     0.132544 -2.15711e-15    -0.269181  2.90943e-17     0.190029  1.36518e-16     -0.22167   1.0887e-16    -0.296144  2.91217e-17    0.0242672 -6.50459e-17    -0.256007  3.23057e-17    -0.370976 -2.27801e-16    -0.342386 -6.36398e-17     0.253298  5.04307e-17    -0.164407  3.16129e-16     0.100667  1.03735e-16   -0.0611386  1.89148e-16   -0.0335872 -4.76608e-15    0.0151583 -2.55749e-14   0.00530738 -3.63988e-13  -0.00125891 -7.94869e-12
    0.194677  8.23994e-18    -0.393821 -4.94529e-11     0.350084 -4.14553e-13    -0.040806 -4.85285e-15    -0.296929  2.12501e-15    0.0881282  1.33836e-16    -0.215462  1.71642e-16    -0.176112  6.78147e-17    -0.307008 -4.45197e-17    -0.083041 -6.08923e-17    -0.200654  4.05473e-17    -0.346359 -8.72982e-17     0.345145  1.56353e-16     0.268977  1.78953e-16     0.178089  3.29209e-17    -0.111592 -1.69204e-16   -0.0914687 -7.99222e-15    0.0564033 -4.57664e-14   -0.0271059 -6.89615e-13   -0.0100539 -1.59059e-11   0.00251922
-5.92765e-17    -0.249468  5.26821e-11    -0.419536 -2.87844e-13    -0.243199  2.16069e-14    -0.190046 -1.96697e-15    -0.251006  1.02255e-16    -0.169109  7.43667e-17    -0.233474 -1.25907e-16     0.134024 -6.59276e-17    -0.308032 -1.22471e-16    -0.131124  4.82405e-17     0.147898 -8.43194e-17     0.317317  2.02242e-16      -0.3415 -2.10049e-16     0.281119  8.08359e-17    -0.203961 -5.22391e-17     0.142193 -1.49025e-16    0.0888809  1.28187e-14   -0.0454276  7.66119e-14   -0.0179077  1.22827e-12    0.0047528  3.00091e-11
    0.305231  3.85109e-16    -0.414529 -5.20533e-11     0.105979 -1.25484e-13    -0.284919 -3.28222e-14    -0.103418  9.61708e-16      0.22866 -1.34945e-16     0.124867 -1.40673e-17    -0.248276 -1.56558e-16    0.0923757  4.66113e-17     0.301571   5.3967e-17    -0.169515  5.43489e-17    0.0987004  5.66916e-17    -0.285142 -1.81766e-16    -0.331003 -2.45044e-16     -0.27704 -5.99627e-17     0.199356  3.39976e-16     0.184228  1.84958e-14    -0.130391  1.20958e-13    0.0716499  2.06773e-12    0.0301453  5.36735e-11  -0.00850083
-6.90049e-17    -0.357789  4.71513e-11    -0.375492  4.79643e-14     0.040545  3.52396e-14    -0.306867  1.73175e-16    0.0412708  3.05905e-17    -0.253179  3.70789e-17     0.123126  1.34701e-17     0.259701  4.43657e-17    0.0537344 -1.83665e-16     0.289792 -4.22871e-17     0.199373 -9.92922e-17   -0.0535326 -1.73977e-16     0.250872  1.45981e-16    -0.317172  1.34855e-16     0.294552 -1.49247e-16    -0.246095  7.55604e-16    -0.180334 -2.55747e-14     0.106707 -1.80109e-13    0.0481457 -3.30243e-12    -0.014478 -9.14138e-11
    0.402862 -7.24247e-17     -0.30369 -3.81347e-11     -0.17301  2.05073e-13     -0.25303 -2.92019e-14     0.180977 -1.57114e-15    0.0614414  -1.6838e-16     0.244756 -1.04062e-16     0.102548 -7.93731e-17     0.267013  3.15569e-17   -0.0186883  9.63363e-18     0.274464 -9.32526e-17     0.221882 -2.42856e-17    0.0124677   7.5287e-17     0.214077   1.8749e-16     0.283343  7.34247e-17    -0.252349 -4.98136e-16    -0.275359 -3.29811e-14     0.232592 -2.53696e-13    -0.150278 -5.01853e-12   -0.0731648 -1.48772e-10    0.0235624
-6.94177e-17    -0.436631  2.57382e-11    -0.204968  3.19685e-13     0.270195  1.61096e-14    -0.142315  1.71076e-15     0.258284  3.05507e-16   0.00401173 -2.32716e-18     0.255522  2.00995e-16   -0.0843349  3.50331e-17     0.271002 -9.41866e-17    0.0123776  2.13171e-17    -0.256978 -8.63433e-17    -0.238161 -2.32042e-17    0.0246033 -2.19215e-16     0.177908 -6.38258e-17    -0.279336  9.15143e-17     0.309985 -5.07106e-16      0.28197  3.97907e-14    -0.200318  3.38103e-13    -0.106012  7.27158e-12    0.0367473  2.32021e-10
    0.456252 -1.18395e-16   -0.0888927 -1.11624e-11    -0.317346  3.75524e-13  -0.00078834 -9.83203e-17     0.242737 -1.68517e-15    -0.168283 -9.11203e-19   0.00975195 -3.84007e-17     0.257502  1.57588e-16   -0.0660433 -3.49488e-17    -0.272273  -5.8816e-17    0.0394385  2.48981e-17    -0.238352 -3.53937e-17     0.249159  5.30505e-17    0.0582866 -7.37105e-18    -0.128576 -5.66019e-17      0.19695   5.2239e-16     0.288875  4.48644e-14    -0.316512  4.26263e-13     0.252495  1.00593e-11     0.146654  3.47565e-10   -0.0550471
-6.70535e-17    -0.460228 -4.11408e-12    0.0327626  3.65457e-13     0.308859 -1.59271e-14     0.135398   9.9013e-16     0.177757  2.74436e-16     0.237268  7.65962e-17 -0.000249074  1.01306e-16    -0.260168  -1.5985e-16   -0.0494695  1.05098e-16    -0.271544  1.54955e-16   -0.0626779  5.05701e-17      0.21926  1.94215e-16    -0.255712  8.06018e-17    0.0882176 -2.02077e-16     0.105273   2.4409e-17    -0.251538  5.77659e-16    -0.328653 -4.64363e-14     0.300364 -5.06955e-13     0.193826 -1.32952e-11   -0.0793535 -5.01036e-10
    0.448572 -3.00324e-16      0.14789  1.85706e-11    -0.248741  2.94117e-13     0.236791  2.74906e-14    0.0407521 -3.11582e-16    -0.178799  1.76271e-16    -0.224265  7.95997e-17    0.0014721  5.62833e-17    -0.261548 -3.25889e-18    0.0349764  5.37567e-18    -0.269445  6.23452e-17   -0.0824226  2.12554e-17    -0.200007  -9.3784e-17    -0.257715 -1.63794e-16    -0.116138  1.52849e-17   -0.0214149  -3.1314e-16     -0.16331 -4.34784e-14      0.30705 -5.66591e-13    -0.335644 -1.67859e-11    -0.244722 -6.96131e-10     0.110253
-5.95137e-17    -0.422749 -3.08744e-11      0.24587  1.76641e-13     0.149404 -3.27447e-14     0.283113 -1.00946e-15   -0.0870244  2.88148e-16     0.164161 -4.00052e-17    -0.242984 -7.07298e-17  -0.00194714 -1.24399e-16    -0.262402  9.10651e-18    0.0228663  1.18191e-16       0.2665  1.03172e-16    0.0990893 -1.73552e-16     0.180743  1.12666e-16    -0.257556  8.65098e-17     0.140144 -5.66779e-17    0.0510252 -1.37071e-16     0.249534   3.5184e-14    -0.349629  5.90212e-13    -0.294899  2.02278e-11     0.147822  9.33343e-10
    0.385409  1.34441e-17     0.319013  4.00588e-11   -0.0283859  3.37684e-14     0.266216  3.07573e-14     -0.19541  1.41604e-15    0.0211092  1.15233e-16    -0.154338  5.74871e-17    -0.246788 -1.14482e-16  -0.00239196  5.24514e-17     0.262828  6.81925e-17    0.0132358 -1.73006e-17     0.263098  5.09468e-17    -0.113165   1.1904e-17     0.160308  2.21215e-16     0.242719  3.69269e-17    -0.164303 -9.73248e-17   -0.0638881  2.21906e-14    -0.156596  5.64805e-13     0.334578   2.3217e-11      0.33848  1.20877e-09    -0.191444
 -4.7002e-17    -0.339983   -4.563e-11     0.363377 -1.12769e-13   -0.0951153 -2.24712e-14     0.195282 -2.06016e-15    -0.256116  2.24356e-16    -0.102163 -1.06337e-16    -0.145272 -9.47555e-17     0.251874 -9.69968e-17  -0.00146438   5.4305e-17     0.263013   8.2943e-17  -0.00606578  1.41514e-16    -0.259491  2.24048e-17     0.125158  2.63457e-16     0.141009  9.56538e-17    -0.251137  1.18371e-16     0.180968 -5.18902e-16    -0.039034 -5.37284e-15     0.285965 -4.82844e-13     0.368712  -2.5291e-11    -0.239675  -1.5133e-09
     0.29021  5.68122e-17     0.378866  4.75751e-11     0.204028 -2.41312e-13    0.0852543  9.87711e-15    -0.236255  1.78968e-15     0.193629 -1.03121e-16     0.107755  2.67087e-18    -0.135722 -1.02084e-16     0.255735  4.14021e-17  -0.00123637  5.74961e-17     0.263062 -4.56402e-17  -0.00123637 -1.57816e-17     0.255735  8.66881e-17     0.135722  1.14362e-17    -0.107755 -5.06657e-17     0.193629   4.2475e-16     0.236255  1.21003e-14   -0.0852543 -3.44393e-13    -0.204028 -2.59872e-11    -0.378866 -1.83237e-09      0.29021
 -3.2678e-17    -0.239675    -4.63e-11     0.368712 -3.38634e-13    -0.285965  4.56026e-15    -0.039034 -1.49266e-15    -0.180968  1.08468e-16    -0.251137 -2.50264e-16     0.141009  1.63822e-17     0.125158 -6.20044e-17     0.259491  -9.6254e-17  -0.00606578   1.8638e-16    -0.263013 -3.14239e-17  -0.00146438 -1.94566e-16    -0.251874 -4.64328e-17     0.145272  -9.5636e-17     0.102163 -1.12408e-16    -0.256116  3.90959e-16    -0.195282 -2.75825e-14   -0.0951153  1.60727e-13    -0.363377   2.4925e-11     0.339983  2.14664e-09
    0.191444  3.03577e-17      0.33848   4.2504e-11     0.334578 -3.96009e-13    -0.156596 -1.80224e-14   -0.0638881  4.58805e-16     0.164303 -1.93515e-16     0.242719 -6.17353e-17     0.160308  5.13022e-17     0.113165 -2.53124e-17    -0.263098 -6.29953e-17   -0.0132358  2.00203e-17    -0.262828 -4.63788e-17   0.00239196  -5.3763e-17    -0.246788 -2.35517e-16    -0.154338  6.00318e-18   -0.0211092 -3.41521e-16     -0.19541 -3.77352e-14     0.266216 -4.79281e-14   -0.0283859  2.18817e-11     0.319013  2.43346e-09    -0.385409
-1.99318e-17    -0.147822 -3.70311e-11     0.294899 -4.13945e-13    -0.349629  2.89353e-14    -0.249534  3.35447e-16    0.0510252  9.73159e-17    -0.140144  -1.8984e-16     0.257556  1.59743e-16    -0.180743 -1.43865e-17    0.0990893  4.49525e-17      -0.2665 -4.83207e-17    0.0228663 -1.80617e-16     0.262402 -1.07675e-16  -0.00194714  2.71755e-16    -0.242984  1.56633e-16     0.164161  -1.5915e-16    0.0870244 -1.97054e-16     0.283113  4.01543e-14    -0.149404  2.52046e-13      0.24587  -1.6865e-11    -0.422749 -2.66922e-09
    0.110253 -1.22515e-16     0.244722  3.07305e-11     0.335644  -3.9743e-13     -0.30705 -3.55591e-14      0.16331 -1.28475e-15   -0.0214149 -1.17462e-16     0.116138  -7.8258e-17     0.257715  1.35547e-16    -0.200007 -3.37468e-17   -0.0824226 -4.56755e-17    -0.269445  5.27542e-17    0.0349764  2.73221e-17    -0.261548 -6.33354e-17   -0.0014721  1.23109e-16     0.224265  3.42093e-17    -0.178799 -6.68795e-17   -0.0407521   3.3521e-14    -0.236791  4.19906e-13     0.248741  -1.0144e-11     -0.14789 -2.83227e-09     0.448572
-1.06012e-17   -0.0793535 -2.43392e-11     0.193826 -3.55573e-13    -0.300364  3.80389e-14    -0.328653  1.92257e-15     0.251538  9.29793e-17     0.105273 -6.01614e-17    0.0882176  1.80974e-17    -0.255712  2.80165e-17     -0.21926  1.79587e-17   -0.0626779  2.01538e-16     0.271544  7.41646e-17   -0.0494695 -1.66473e-16     0.260168 -3.60924e-16  0.000249074  1.64409e-16    -0.237268 -1.23528e-16     0.177757 -2.33688e-16    -0.135398 -1.91795e-14     0.308859  -5.2114e-13   -0.0327626  2.24758e-12     0.460228  2.90587e-09
   0.0550471 -2.01878e-16     0.146654  1.84158e-11     0.252495 -2.98919e-13    -0.316512 -3.66911e-14     0.288875 -2.13362e-15     -0.19695  7.22214e-17    -0.128576 -8.21377e-18    0.0582866  3.06708e-17    -0.249159  2.09531e-17     0.238352  4.51101e-17   -0.0394385 -4.74552e-17     0.272273  4.03586e-17    0.0660433  8.61815e-17     0.257502  1.55586e-16   0.00975195 -1.77097e-17     0.168283  4.18184e-16     0.242737  1.75039e-16  -0.00078834 -5.35711e-13    -0.317346 -6.09736e-12   -0.0888927  2.88076e-09    -0.456252
-4.87043e-18   -0.0367473 -1.33121e-11     0.106012  -2.3713e-13    -0.200318  3.26581e-14     -0.28197  2.36087e-15     0.309985  5.72954e-17     0.279336  8.44892e-17    -0.177908 -3.42383e-17   -0.0246033 -1.26385e-17    -0.238161 -3.79805e-17     0.256978 -1.60222e-17    0.0123776 -1.30555e-16    -0.271002 -3.32791e-18   -0.0843349  7.43972e-17     0.255522 -2.43235e-16   0.00401173  1.23817e-16    -0.258284  4.17639e-16    -0.142315 -2.01185e-14    -0.270195  4.55747e-13    -0.204968  1.40589e-11    -0.436631 -2.75687e-09
   0.0235624 -9.97466e-18    0.0731648  9.18754e-12     0.150278 -1.77759e-13    -0.232592 -2.67193e-14     0.275359  -2.0942e-15    -0.252349  1.97224e-16    -0.283343  6.74416e-17    -0.214077 -9.17592e-17    0.0124677  6.50831e-17     0.221882  1.07974e-16     0.274464 -2.37773e-17   -0.0186883 -1.80783e-17     0.267013  5.91256e-17    -0.102548 -2.15895e-16    -0.244756  2.92584e-18    0.0614414 -3.23731e-16    -0.180977 -3.58647e-14      0.25303  2.92036e-13      0.17301  2.08307e-11      0.30369 -2.54366e-09     0.402862
-1.90555e-18    -0.014478 -6.04576e-12    0.0481457 -1.26313e-13    -0.106707  2.08543e-14    -0.180334  1.85848e-15     0.246095  3.85561e-17     0.294552  1.14319e-16    -0.317172 -1.50078e-16     0.250872  4.13316e-17    0.0535326 -2.82712e-17     0.199373 -2.76514e-17    -0.289792 -1.00198e-16    0.0537344 -1.04093e-16    -0.259701 -6.42014e-17    -0.123126 -8.96457e-17     0.253179 -1.10129e-16    0.0412708  1.01891e-16     0.306867  4.35158e-14     0.040545 -6.82781e-14     0.375492 -2.57555e-11     0.357789  2.25907e-09
  0.00850083 -2.30312e-16    0.0301453  3.78553e-12    0.0716499 -8.49439e-14    -0.130391 -1.49364e-14     0.184228 -1.49041e-15    -0.199356  1.79156e-16     -0.27704  1.19862e-16    -0.331003 -1.11551e-16     0.285142 -1.45843e-17   -0.0987004 -5.80573e-18     0.169515  3.77134e-17    -0.301571 -1.41202e-17   -0.0923757 -1.30309e-16    -0.248276 -6.03758e-17     0.124867  2.87724e-17     -0.22866 -1.82226e-16    -0.103418   4.0388e-14    -0.284919  1.78919e-13     0.105979 -2.84334e-11    -0.414529  1.92722e-09    -0.305231
-6.21638e-19   -0.0047528  -2.2487e-12    0.0179077 -5.37738e-14   -0.0454276  1.02815e-14   -0.0888809  1.06762e-15     0.142193  2.78884e-17     0.203961  8.50077e-17    -0.281119 -1.57383e-16       0.3415  4.77738e-17     0.317317  5.03149e-17    -0.147898  6.79788e-18    -0.131124 -9.70586e-17     0.308032  4.02602e-19     0.134024  1.53088e-16    -0.233474  1.57279e-16    -0.169109  1.06207e-16     0.251006 -3.85879e-16    -0.190046  -2.6835e-14     0.243199 -4.10633e-13    -0.419536  2.87766e-11    -0.249468 -1.57513e-09
  0.00251922 -2.04426e-16    0.0100539  1.26261e-12    0.0271059 -3.21974e-14   -0.0564033 -6.84028e-15    0.0914687 -8.14001e-16    -0.111592  2.38235e-16    -0.178089  1.81579e-16    -0.268977  -3.4932e-17     0.345145 -9.21458e-17    -0.346359 -1.22492e-16    -0.200654  4.21599e-17    -0.083041  4.80772e-17    -0.307008 -4.96908e-17     0.176112  2.83565e-16     0.215462 -4.33019e-18    0.0881282  4.82117e-16     0.296929 -5.75481e-15     0.040806 -5.90913e-13    -0.350084  2.70129e-11     0.393821 -1.22919e-09     0.194677
-1.63717e-19  -0.00125891  -6.6646e-13   0.00530738 -1.79428e-14   -0.0151583   3.8835e-15   -0.0335872  4.58341e-16    0.0611386  1.12866e-17     0.100667  4.87777e-17    -0.164407    -1.01e-16     0.253298  3.59388e-17     0.342386  6.58017e-17    -0.370976   7.2988e-17     0.256007  3.02397e-17    0.0242672 -6.71115e-17     0.296144 -3.35621e-16      0.22167 -5.36084e-17    -0.190029  5.86471e-17    -0.269181  4.29843e-16    -0.132544 -1.88801e-14    -0.412443  6.96237e-13     0.344428 -2.36248e-11     0.144417  9.11844e-10
 0.000588837  8.36259e-17   0.00261641   3.2875e-13   0.00789248 -8.97631e-15   -0.0184501 -2.20016e-15    0.0335923 -3.41064e-16   -0.0451536  1.11604e-16   -0.0801756  1.16931e-16    -0.143016 -1.28111e-17     0.232205 -1.26455e-16     -0.33242 -1.41319e-16    -0.389383 -1.05104e-17     0.312347   4.9316e-17    0.0458032  1.26923e-16     0.272781  1.25797e-17     -0.24311 -4.40064e-17     0.213779 -2.46656e-16    -0.144279 -4.10738e-14     0.290022  7.17428e-13     0.425068 -1.92504e-11     -0.28065  6.39288e-10     -0.10125
 -3.3027e-20 -0.000255319 -1.49852e-13   0.00119335 -4.49041e-15  -0.00379359  1.08464e-15  -0.00938393  1.42535e-16    0.0190927  3.90206e-18    0.0352685  1.81691e-17   -0.0659204 -4.47026e-17     0.120924  1.76875e-17     0.206649  4.81374e-17    -0.314538   6.9203e-17     0.399363  1.25226e-16    -0.367276  5.08906e-17    -0.127529 -4.14271e-18     0.234298 -2.36333e-16     0.319077 -4.68619e-17   -0.0638231  9.30094e-17     0.403454  5.72046e-14     0.392427  -6.6241e-13    -0.212254  1.45589e-11   -0.0665568 -4.20238e-10
 0.000101262  -1.9438e-16  0.000497033  6.25164e-14   0.00166153  -1.7785e-15  -0.00431293 -5.14755e-16   0.00869694 -1.03838e-16   -0.0127106  2.83131e-17   -0.0246946  1.38365e-17   -0.0504212 -1.03077e-19    0.0978287 -4.98063e-17    -0.177045 -1.19392e-16    -0.288058 -9.86342e-17     0.398292  5.48844e-17     0.417375   5.3699e-17    -0.218608 -3.10152e-16    -0.189427  6.54023e-18    -0.254604 -4.06971e-16     -0.24415  6.35519e-14    -0.449025 -5.51033e-13    -0.326552  1.01387e-11      0.14781 -2.56107e-10    0.0405619
-4.63589e-21 -3.60191e-05 -2.32819e-14  0.000185406 -7.70346e-16 -0.000650807  2.05695e-16  -0.00178021  2.98159e-17   0.00400354  8.35428e-19     0.008186  4.57269e-18   -0.0171872 -1.24448e-17    0.0364452  5.73187e-18    0.0747933  1.93431e-17    -0.144156  3.37145e-17     0.252531  1.00915e-16    -0.383189  5.09608e-17    -0.458387  3.05544e-16    -0.325335   1.0851e-16    0.0823919  -4.6456e-17     0.433266 -6.52474e-16    -0.426886 -6.04749e-14    -0.243652  4.11266e-13     0.093453 -6.41011e-12    0.0225325  1.42269e-10
 1.11345e-05   3.6072e-17  6.00371e-05  7.67601e-15  0.000220958  3.60192e-16 -0.000632022 -1.01681e-16   0.00139949  8.28924e-17  -0.00220643 -7.01879e-18  -0.00464596  2.58534e-17   -0.0106801   2.6737e-17    0.0241108  3.57777e-17   -0.0527153   1.4183e-17    -0.109086  -1.3724e-16     0.207924 -1.18846e-16     0.350796 -1.25858e-17    -0.484069 -1.28476e-16     0.410066  1.49575e-16    -0.145106  7.70855e-16     0.493892 -4.94095e-14     0.349733  2.70159e-13     0.160219 -3.58966e-12   -0.0523308  7.00625e-11   -0.0110966
-3.61529e-22 -2.82255e-06 -2.00013e-15  1.59281e-05 -7.26907e-17 -6.14121e-05  2.13314e-17 -0.000184645  3.38718e-18  0.000455883  1.03377e-19   0.00102377  6.10634e-19  -0.00238999 -1.84158e-18   0.00577125  9.74222e-19    0.0138977  4.17501e-18   -0.0326391  9.56437e-18    0.0733792  3.37309e-17    -0.154736  2.85787e-17    -0.297044   2.8921e-16    -0.487917  3.79293e-16    -0.597718  1.38002e-16    -0.468988  6.91589e-16     0.239406   3.3894e-14    0.0889484 -1.50135e-13   -0.0247095  1.69487e-12  -0.00459557 -2.90163e-11
 5.08598e-07 -1.23001e-16  3.00185e-06  4.58262e-16  1.21142e-05 -1.77042e-16 -3.80113e-05 -1.88375e-16  9.19808e-05 -7.17063e-17 -0.000155765 -4.84668e-17 -0.000353716  -2.5731e-17 -0.000908029   3.2387e-17   0.00235657 -2.75762e-17  -0.00611247  -1.9417e-18   -0.0156236  -1.4904e-17    0.0389368  1.84224e-17    0.0939743 -7.13813e-17    -0.219788  7.08565e-19     0.494344  4.81369e-16     0.722525 -6.88294e-16    -0.394855  1.85575e-14    -0.131332 -6.31915e-14   -0.0374753  5.94705e-13   0.00867012 -8.83709e-12   0.00139962
