   -0.874426 -1.10248e-15    -0.448503  9.94497e-17    -0.174064  1.06376e-16   -0.0596936 -2.77186e-17    0.0182987  9.04804e-18     0.005064 -4.09141e-19    0.0012735  2.37496e-19  0.000292165 -1.90168e-20  6.12547e-05  7.88395e-21  1.17335e-05 -1.72098e-21 -2.04876e-06  3.33079e-23 -3.24515e-07 -5.41449e-24  4.62385e-08 -6.87785e-26  5.84133e-09 -3.56077e-26 -6.36535e-10 -7.50963e-28  5.77371e-11
-5.58303e-16     0.754851  -6.5699e-16     0.576697  3.54662e-17     0.287668   4.5013e-16     0.114862 -1.17429e-16    0.0390825 -1.17553e-16    0.0116628  5.51001e-17  -0.00310027 -1.51547e-16 -0.000740565 -5.44804e-18  0.000159672  1.23295e-16  3.11107e-05 -7.50412e-17  5.46756e-06  -2.2523e-16 -8.62069e-07 -1.45577e-16  1.20679e-07  5.22536e-17    1.471e-08 -1.16426e-16 -1.49963e-09 -1.55987e-17
   -0.419281  1.92432e-16      0.52103 -2.28134e-16     0.615154 -5.18391e-16     0.375399  2.15308e-16    -0.170165 -9.83949e-17     -0.06323  5.77981e-18   -0.0201083 -4.14898e-18  -0.00559801  3.96627e-19  -0.00138147 -1.91136e-19 -0.000304173   4.7476e-20  5.98793e-05 -1.02717e-21  1.05188e-05  1.83798e-22 -1.63798e-06  2.53381e-24 -2.23018e-07  1.40383e-24  2.58125e-08  3.11869e-26 -2.43609e-09
-3.32121e-16     0.544218 -7.94895e-16    -0.309509 -2.09041e-16    -0.598737  6.19813e-18    -0.437753  2.53471e-17    -0.221517  1.88989e-16   -0.0887701 -1.25601e-16     0.029791  1.02343e-17    0.0086152 -6.83261e-17  -0.00218071  1.28554e-16 -0.000487045 -2.09717e-17 -9.62215e-05  6.01248e-17  1.67719e-05  7.47821e-18 -2.55662e-06 -1.17294e-16 -3.34357e-07 -1.70442e-17  3.59725e-08  7.25827e-17
   -0.215729  7.63534e-16     0.565893 -8.85105e-17    -0.126681  4.28427e-16    -0.550572 -4.58082e-16      0.47776  3.44816e-16     0.266536   -2.854e-17     0.114004   2.6586e-17    0.0400288 -3.13147e-18    0.0119355  1.79315e-18   0.00307773 -5.15008e-19 -0.000692631  1.26071e-20 -0.000136369 -2.50621e-21  2.33967e-05 -3.77646e-23  3.45481e-06 -2.25132e-23 -4.26702e-07 -5.28907e-25  4.20226e-08
-1.64646e-16     0.319245 -6.61523e-16    -0.544869  2.99003e-16   -0.0215174 -5.66303e-16     0.486554  -2.4125e-16     0.499727 -6.40406e-17      0.30424 -1.25316e-16    -0.137641 -1.74772e-16   -0.0501685  8.66205e-17    0.0153154 -5.67933e-17   0.00399643  1.29715e-16  0.000900099  -3.6595e-17 -0.000175291  1.94578e-16  2.93318e-05 -1.08211e-16  4.14091e-06  1.86248e-16 -4.72208e-07  4.13808e-17
   -0.103325  3.61372e-16     0.388407 -3.77083e-16    -0.496315  2.23087e-16    -0.136487  6.75579e-17     -0.41733 -5.08855e-16    -0.508182   6.4785e-17    -0.334599 -8.87179e-17    -0.158784  1.14032e-17   -0.0596363 -1.28935e-17   -0.0185124   7.1167e-18    0.0048555  6.65486e-19   0.00108666  6.66219e-19 -0.000207592 -2.99235e-20 -3.35092e-05  3.07124e-20  4.44228e-06  2.88696e-21 -4.58159e-07
-7.62896e-17     0.161552 -3.91661e-16    -0.436703   3.2691e-16     0.435154  1.38873e-16     0.222493  3.92792e-16    -0.349729  1.26048e-17    -0.507302  -9.3792e-17     0.358156 -7.82538e-18     0.176868  2.69797e-17     -0.06796  1.28512e-16   -0.0213055  3.19471e-18  -0.00557774  1.50985e-17   0.00123083 -5.44126e-17 -0.000228452  6.86102e-17  -3.5084e-05  1.10365e-16  4.26353e-06 -7.95735e-17
  -0.0449273  2.56484e-16     0.212272 -3.61137e-16    -0.465605 -2.27259e-17      0.37078  4.71739e-16     -0.28474  8.40103e-17     0.287879 -3.72094e-17     0.500644  1.65164e-16     0.375733 -4.31091e-17     0.191579  3.67056e-17    0.0747724 -1.43975e-17   -0.0235084   6.3504e-19  -0.00609763  1.04597e-20   0.00131525 -1.55353e-20  0.000234461  5.37934e-20 -3.36075e-05 -7.75785e-21  3.64612e-06
-3.15086e-17    0.0716244  -1.9536e-16    -0.257335  2.41899e-16     0.480068  4.47113e-16    -0.309092  1.21447e-17    -0.328361  2.70164e-16     0.234068  9.92737e-17     -0.49108  6.17229e-17    -0.388233 -1.47942e-17     0.202774 -3.53214e-17    0.0798043  6.05456e-17    0.0249783  1.07655e-17  -0.00636706  1.02244e-16   0.00132896  1.77403e-16  0.000224211  2.71222e-17 -2.92335e-05   5.6506e-17
  -0.0175487 -5.63633e-18    0.0976841 -2.72209e-16    -0.294937 -1.11654e-16     0.484395  2.93174e-16     0.253573  4.34081e-16     0.357923   -1.363e-17    -0.189395 -1.41799e-16    -0.480824  7.21749e-17      -0.3965  -8.3888e-17    -0.210416  5.24152e-17    0.0828737 -2.64238e-18      0.02562 -1.08515e-18  -0.00635929  1.63967e-19  -0.00126877 -4.19753e-19  0.000198485  3.82918e-20 -2.27786e-05
-1.16257e-17     0.027926 -8.32111e-17    -0.122867  1.34407e-16     0.325436  4.04904e-16    -0.482285 -3.75122e-16     0.206104  6.28996e-17     0.377235 -8.07488e-17      0.15424  4.10693e-17     0.471504  1.00309e-16    -0.401235   7.0154e-17    -0.214517  9.61215e-17    -0.083875  -3.5995e-17    0.0253889 -6.54564e-17  -0.00607102  1.42152e-16  -0.00113979 -1.24475e-16  0.000160826 -8.84793e-17
 -0.00610821 -3.51094e-16    0.0385701 -3.33649e-16    -0.145748  -2.2071e-16     0.349491  1.17528e-17     0.476738  3.22025e-16    -0.167559  1.57909e-16    -0.389312 -1.24799e-16       0.1286  -8.6072e-17     0.464244  1.46519e-16     0.402947 -9.55931e-17    -0.215105    8.869e-18    -0.082771  4.08743e-19    0.0242913 -2.30467e-19   0.00552287  7.91011e-19 -0.000954491 -1.17418e-19  0.000116694
-3.80752e-18   0.00955622 -3.05073e-17     -0.04913  5.98892e-17     0.165761  2.44649e-16    -0.367969 -4.09758e-16     0.470082 -2.40194e-16     -0.13823 -3.83744e-17     0.396403 -1.18089e-16     -0.11231 -1.18752e-17     0.459734 -6.57211e-17     0.401921 -1.02771e-16     0.212199 -8.95197e-18   -0.0795895 -4.48525e-18    0.0223851  7.68045e-17    0.0047582  5.65538e-17 -0.000734746 -4.48198e-18
 -0.00187809  4.52055e-16    0.0131275  5.11648e-17   -0.0588973 -4.32531e-17     0.182543  3.26368e-17      0.38175  4.61593e-17    -0.464049  1.82048e-16      0.11812  1.13638e-16     0.400057 -1.90233e-17    -0.105191 -1.17308e-16    -0.458285  1.74321e-16     0.398209 -1.17665e-17     0.205803  6.24685e-18   -0.0744249  3.00688e-19   -0.0197785 -2.49533e-18   0.00383819  6.66245e-19 -0.000504514
-1.09597e-18    0.0028522  -9.6318e-18   -0.0166282  2.20428e-17    0.0674441   1.1231e-16    -0.195913  -2.6358e-16     0.391623 -3.01068e-16    -0.459856  8.31754e-17    -0.107132 -5.78823e-17    -0.401176    3.298e-17    -0.107132 -1.12319e-16    -0.459856  3.83923e-17    -0.391623  1.39418e-17     0.195913  2.42394e-17   -0.0674441 -1.73453e-18   -0.0166282 -1.19375e-17    0.0028522   6.8874e-17
-0.000504514 -1.52566e-16   0.00383819 -3.98529e-16   -0.0197785 -1.48689e-16    0.0744249 -3.28414e-17     0.205803 -4.36233e-17    -0.398209  2.13357e-16     0.458285  5.15902e-17    -0.105191  4.76105e-17    -0.400057 -4.62684e-17      0.11812 -1.15273e-16    -0.464049  2.26848e-17     -0.38175 -1.36963e-17     0.182543  8.41648e-21    0.0588973 -4.32453e-19   -0.0131275 -3.42754e-20   0.00187809
-2.73769e-19  0.000734746 -2.60147e-18   -0.0047582  6.75442e-18    0.0223851  4.09112e-17   -0.0795895 -1.21912e-16     0.212199  -1.9957e-16    -0.401921  1.13875e-16    -0.459734  1.08141e-16      0.11231  1.39329e-17    -0.396403  1.61572e-16      0.13823  5.22243e-17     0.470082 -8.13375e-18    -0.367969 -7.59196e-18     0.165761  3.93667e-17      0.04913  3.70646e-17  -0.00955622 -3.68809e-17
-0.000116694  5.49453e-17  0.000954491  4.32347e-18  -0.00552287 -2.69585e-17    0.0242913 -1.44269e-16     0.082771 -6.32942e-17    -0.215105  7.49806e-17     0.402947 -1.19628e-17    -0.464244  7.20112e-17       0.1286  1.07922e-16     0.389312  -6.8777e-17     0.167559 -2.07578e-17     0.476738  1.98974e-17    -0.349491  1.27484e-18    -0.145748  -8.2129e-18    0.0385701  1.57505e-18  -0.00610821
-5.83436e-20  0.000160826 -5.93153e-19  -0.00113979  1.71419e-18   0.00607102   1.1969e-17   -0.0253889 -4.29482e-17     0.083875 -9.03584e-17    -0.214517  7.48451e-17    -0.401235  1.47426e-16     0.471504 -2.92683e-17      0.15424  5.31751e-17     0.377235 -8.14671e-17    -0.206104  -6.6353e-18     0.482285  1.01406e-17    -0.325436  2.00003e-17    -0.122867  1.27868e-17     0.027926  1.27229e-17
-2.27786e-05  1.01139e-16  0.000198485 -1.79287e-16  -0.00126877  -9.1383e-17   0.00635929  1.03469e-16      0.02562 -9.62887e-17   -0.0828737 -1.81315e-17     0.210416  3.18765e-19      -0.3965    9.159e-17     0.480824  1.85436e-18    -0.189395  1.26999e-16     0.357923 -9.08498e-18    -0.253573 -1.83783e-17     0.484395 -4.98878e-19     0.294937 -2.39434e-18   -0.0976841 -3.35887e-19    0.0175487
-1.03576e-20  2.92335e-05 -1.11758e-19 -0.000224211  3.54496e-19   0.00132896  2.79336e-18  -0.00636706 -1.16766e-17    0.0249783 -2.98434e-17   -0.0798043  3.20093e-17    -0.202774  9.17636e-17     0.388233 -3.69321e-17      0.49108 -1.68103e-16    -0.234068 -8.82245e-18    -0.328361  1.53003e-17    -0.309092    2.717e-18     0.480068 -7.64339e-18     0.257335 -1.14432e-17   -0.0716244 -6.78276e-18
-3.64612e-06  1.08292e-16  3.36075e-05 -1.19118e-16 -0.000234461  1.03906e-16   0.00131525 -6.56427e-17   0.00609763 -1.09308e-16   -0.0235084  -5.8231e-18    0.0747724  -7.4414e-17    -0.191579  1.90159e-17     0.375733 -1.03757e-16    -0.500644  5.71132e-17    -0.287879  3.57363e-17     -0.28474  1.93154e-17     -0.37078  6.21466e-19    -0.465605 -2.86282e-18     0.212272  1.82788e-18   -0.0449273
-1.47894e-21  4.26353e-06 -1.68303e-20  -3.5084e-05  5.79762e-20  0.000228452  5.07657e-19  -0.00123083 -2.41702e-18   0.00557774 -7.25049e-18   -0.0213055  9.50429e-18     -0.06796  3.53851e-17     0.176868 -2.06527e-17     0.358156 -1.79929e-16    -0.507302  9.18776e-17     0.349729 -3.09826e-18    -0.222493 -1.22468e-17    -0.435154  1.19734e-18    -0.436703  5.74373e-18     0.161552  4.21805e-18
-4.58159e-07 -1.18244e-16  4.44228e-06  1.94474e-16 -3.35092e-05 -1.16306e-16  0.000207592 -3.25114e-17   0.00108666  1.38884e-21   -0.0048555  3.26825e-18    0.0185124 -2.56543e-17   -0.0596363  4.12916e-17     0.158784 -1.11181e-16    -0.334599 -1.38999e-17    -0.508182  6.15827e-17      0.41733  1.77639e-19    -0.136487  5.63028e-18     0.496315 -6.77739e-18    -0.388407 -1.65893e-18     0.103325
 -1.6068e-22  4.72208e-07 -1.91898e-21 -4.14091e-06  7.11975e-21  2.93318e-05  6.84762e-20 -0.000175291 -3.65371e-19  0.000900099 -1.25698e-18  -0.00399643  1.94478e-18   -0.0153154  8.88329e-18    0.0501685 -6.73862e-18     0.137641 -8.42137e-17     -0.30424  7.71213e-17     0.499727 -1.80369e-17     0.486554  7.99493e-18   -0.0215174  5.27423e-18     0.544869 -3.10872e-18    -0.319245 -3.31472e-18
-4.20226e-08  1.95232e-17  4.26702e-07 -1.66033e-16 -3.45481e-06  1.00458e-18  2.33967e-05  5.14912e-17  0.000136369   3.0011e-17 -0.000692631   2.4944e-17   0.00307773 -5.20696e-17   -0.0119355  6.34498e-17    0.0400288 -7.17004e-17    -0.114004 -3.29512e-17    -0.266536  3.88798e-17      0.47776 -5.06619e-18     0.550572 -4.30484e-18    -0.126681  -4.2524e-18     0.565893  9.43128e-18    -0.215729
-1.20261e-23  3.59725e-08  -1.5013e-22 -3.34357e-07  5.96028e-22  2.55662e-06  6.24021e-21 -1.67719e-05 -3.68661e-20  9.62215e-05 -1.43079e-19 -0.000487045  2.55317e-19  -0.00218071  1.38272e-18    0.0086152 -1.29062e-18     0.029791 -2.09397e-17   -0.0887701  2.71715e-17     0.221517 -1.07341e-17     0.437753  1.46573e-17     0.598737  -7.5046e-18    -0.309509 -1.00231e-18     0.544218  2.98924e-18
-2.43609e-09  7.50185e-17  2.58125e-08 -2.01944e-16 -2.23018e-07 -7.44034e-18  1.63798e-06 -1.09508e-16  1.05188e-05  1.15089e-16 -5.98793e-05 -5.62385e-17  0.000304173  2.78793e-17  -0.00138147  1.97672e-17   0.00559801 -1.63162e-17   -0.0201083  -7.9522e-18     -0.06323  9.50389e-18     0.170165 -1.19984e-18     0.375399 -1.44819e-17    -0.615154 -3.24826e-18     -0.52103 -4.02624e-18     0.419281
-4.93196e-25  1.49963e-09 -6.41491e-24   -1.471e-08    2.711e-23  1.20679e-07  3.06806e-22 -8.62069e-07 -1.98845e-21  5.46756e-06 -8.60079e-21 -3.11107e-05  1.74149e-20 -0.000159672  1.09333e-19  0.000740565 -1.21533e-19   0.00310027 -2.43335e-18   -0.0116628  4.09768e-18    0.0390825 -2.27118e-18     0.114862  5.00609e-18     0.287668 -5.86952e-18    -0.576697  7.42228e-18    -0.754851 -2.67481e-18
-5.77371e-11   1.6058e-16  6.36535e-10  1.49721e-16 -5.84133e-09  4.53891e-17  4.62385e-08 -4.37651e-17  3.24515e-07  8.01873e-17 -2.04876e-06 -1.25754e-17  1.17335e-05 -2.08693e-17 -6.12547e-05  5.97019e-17  0.000292165 -5.08422e-18   -0.0012735 -1.35376e-17    -0.005064  6.54893e-18    0.0182987 -1.36216e-17    0.0596936 -7.49617e-18    -0.174064  -4.0934e-17    -0.448503   3.0277e-18    -0.874426
