 1.18504e-36    2.765e-51   -1.314e-36 -8.32576e-51   2.0938e-37 -7.49289e-49  8.12622e-38  6.62286e-48  4.10769e-37 -4.67292e-47 -6.19185e-37  4.61053e-47 -7.19199e-37  4.07887e-46  1.97354e-36 -7.14675e-46 -1.46144e-36  5.95383e-45  -9.3737e-37 -1.56198e-44  8.86327e-36  2.27535e-44 -5.98424e-35 -4.73563e-44  3.83792e-34  7.69934e-44  -2.2005e-33  -5.0353e-44  1.12479e-32  1.37335e-44 -5.14135e-32  7.18593e-44  2.10648e-31 -5.44373e-43 -7.74767e-31  1.89365e-42  2.56001e-30 -6.63967e-42 -7.59914e-30  2.06013e-41  2.02484e-29 -5.49966e-41 -4.83501e-29  1.17993e-40  1.03188e-28 -1.56544e-40 -1.96071e-28 -1.61337e-40  3.29897e-28  2.07032e-39  -4.8778e-28 -9.15641e-39  6.26945e-28  3.01174e-38 -6.89236e-28  -8.2915e-38  6.31453e-28  1.99118e-37 -4.59633e-28 -4.25021e-37   2.3753e-28  8.14129e-37 -5.25134e-29 -1.40637e-36  -4.0062e-29   2.1957e-36  4.72728e-29 -3.09901e-36 -1.80495e-29   3.9489e-36 -3.90021e-30 -4.52981e-36  6.98663e-30  4.65574e-36 -1.89399e-30 -4.25663e-36  -1.0537e-30  3.42326e-36  7.39534e-31   -2.377e-36  5.22386e-32  1.37612e-36 -1.56016e-31 -6.11488e-37  1.21528e-32  1.49748e-37  2.47748e-32  5.41877e-38 -3.40939e-33  -9.8916e-38 -3.10911e-33  7.69857e-38  2.27446e-34 -4.45197e-38    4.588e-34  2.20947e-38 -5.33057e-35  -1.0512e-38 -1.93432e-35  5.13707e-39  -5.8265e-36 -2.49785e-39  2.69631e-36  1.09878e-39  3.04853e-37 -4.01659e-40 -1.06186e-37  1.14511e-40  3.08841e-39 -2.37685e-41 -5.28426e-39  3.13202e-42  1.15691e-39 -1.30677e-43 -3.59521e-41 -3.73524e-44  3.41293e-42   8.0627e-45 -3.88977e-43 -6.86799e-46 -5.22819e-44  1.91928e-47  2.56948e-45  9.80971e-49 -3.81258e-47 -5.77228e-50
   2.765e-51  3.42005e-36   7.3584e-50 -4.20623e-36 -5.77283e-50   1.7572e-36 -1.07814e-47   2.5491e-37  8.12067e-47  1.08721e-36 -4.86695e-46 -2.48424e-36  2.95836e-46 -3.90565e-37  4.02996e-45  4.11756e-36 -6.11836e-45  3.30513e-37  4.33904e-44 -4.15531e-35 -1.02019e-43   3.2925e-34  1.38342e-43 -2.25292e-33 -2.95242e-43  1.37162e-32  4.62218e-43 -7.43258e-32 -2.12719e-43  3.59652e-31  -4.3065e-43 -1.55836e-30  2.77069e-42  6.05805e-30 -1.30612e-41 -2.11531e-29  5.00636e-41  6.63667e-29 -1.78777e-40 -1.87022e-28  5.72727e-40  4.72797e-28 -1.63169e-39 -1.06996e-27   4.0509e-39  2.16064e-27 -8.37918e-39 -3.87544e-27  1.26727e-38  6.13484e-27 -5.15043e-39  -8.4939e-27 -5.31982e-38  1.01516e-26  2.61172e-37 -1.02641e-26  -8.2396e-37  8.48315e-27  2.09601e-36 -5.34534e-27 -4.57762e-36  2.09136e-27  8.80633e-36   8.6238e-29 -1.51071e-35 -7.92849e-28  2.32484e-35  5.24837e-28 -3.21721e-35 -7.49502e-29  4.00347e-35 -1.13404e-28 -4.47084e-35   7.2213e-29  4.46231e-35  1.17351e-30 -3.95405e-35 -1.76525e-29  3.07772e-35  4.38148e-30 -2.06789e-35  2.73358e-30  1.16147e-35 -1.28123e-30 -5.07512e-36 -3.25247e-31  1.34297e-36  2.28373e-31  2.09837e-37  3.75207e-32 -5.27563e-37 -2.91664e-32  3.82157e-37 -5.91418e-33 -1.89382e-37  3.37925e-33  7.57264e-38   4.6063e-34 -2.99088e-38 -1.09072e-34  1.45726e-38 -8.38887e-35 -8.03262e-39  7.89989e-36  3.93509e-39  3.57214e-36 -1.51067e-39  4.72748e-38  4.29598e-40   -2.336e-38  -8.5083e-41 -3.29297e-38  1.00869e-41  2.46056e-39 -2.40357e-43  8.25175e-41 -1.34622e-43  2.96491e-41  2.31594e-44 -3.34963e-43 -1.64857e-45 -1.56276e-43  3.11457e-47   6.7304e-46  2.54286e-48 -6.28478e-47
  -1.314e-36   7.3584e-50  8.52925e-36  1.03931e-48 -1.19645e-35  5.04485e-49  4.92279e-36 -1.00068e-46  2.18041e-36  6.54986e-46   1.3429e-36  -3.3828e-45 -6.83873e-36  1.15157e-45   3.2118e-36  2.59251e-44 -7.13719e-36 -3.40779e-44  1.37604e-34  2.12525e-43 -1.22563e-33 -4.46611e-43  9.00472e-33  5.68067e-43 -5.83091e-32 -1.23736e-42  3.35261e-31  1.69471e-42  -1.7185e-30   7.7634e-43  7.87831e-30 -1.06307e-41 -3.23788e-29   5.2163e-41   1.1948e-28 -2.25117e-40 -3.96157e-28  8.67187e-40  1.18026e-27 -3.05693e-39 -3.15706e-27  9.75041e-39  7.56953e-27 -2.80171e-38 -1.62253e-26  7.18495e-38   3.0973e-26 -1.61611e-37 -5.23717e-26  3.07431e-37  7.78479e-26 -4.48672e-37 -1.00635e-25  3.06328e-37  1.11335e-25  8.88646e-37 -1.02729e-25 -4.76336e-36  7.54137e-26  1.40917e-35 -3.94356e-26 -3.26395e-35  9.01762e-27  6.41363e-35  6.49875e-27  -1.1023e-34  -7.9116e-27  1.68014e-34  3.10881e-27 -2.28558e-34  6.13652e-28  2.78096e-34 -1.18836e-27 -3.02425e-34  3.38627e-28  2.92974e-34  1.75837e-28 -2.51268e-34 -1.30423e-28   1.8883e-34 -6.99131e-30 -1.22215e-34  2.74076e-29  6.59918e-35 -2.58352e-30 -2.77023e-35 -4.33772e-30   7.1228e-36  6.40187e-31   8.4093e-37  5.87216e-31 -2.23548e-36 -7.32115e-32  1.44423e-36 -7.12758e-32 -5.74753e-37  5.53142e-33  1.46145e-37  5.49863e-33 -2.63715e-38  5.18191e-34  1.41791e-38 -4.49735e-34  -1.4231e-38 -4.33826e-35  9.19049e-39  1.09789e-35 -3.87429e-39  2.89126e-36   1.1047e-39  2.11995e-37 -2.06174e-40 -1.11182e-37   2.1075e-41 -4.03921e-39  6.83368e-44 -6.67791e-41 -3.41176e-43   1.0195e-40  4.63412e-44  4.32845e-42 -2.69486e-45 -1.03715e-43  2.06717e-47 -2.67216e-45  3.73865e-48
-8.32576e-51 -4.20623e-36  1.03931e-48  2.08362e-35  1.00574e-47  -2.7237e-35  1.31141e-47  8.01229e-36 -6.97666e-46  9.05912e-36  4.04146e-45   3.6436e-37 -1.82147e-44 -1.70236e-35  3.02671e-45   4.4523e-35  1.26392e-43 -3.88509e-34 -1.42283e-43  3.59105e-33  8.09246e-43 -2.82745e-32 -1.50328e-42  1.95066e-31  1.75824e-42 -1.19134e-30 -3.57785e-42  6.47386e-30  1.37178e-42 -3.14187e-29  2.72189e-41  1.36561e-28  -1.5912e-40 -5.32625e-28  7.29583e-40  1.86626e-27 -3.02923e-39 -5.87685e-27  1.14312e-38  1.66255e-26 -3.93841e-38 -4.22033e-26  1.23417e-37  9.59268e-26 -3.50814e-37 -1.94613e-25   8.9971e-37  3.50804e-25 -2.06268e-36 -5.58287e-25  4.15625e-36   7.7742e-25 -7.10765e-36 -9.34991e-25  9.41731e-36  9.51977e-25 -6.29227e-36 -7.93187e-25 -1.27254e-35   5.0496e-25  6.52652e-35 -2.01097e-25 -1.74301e-34  -5.6628e-27  3.60568e-34  7.50006e-26 -6.29331e-34 -5.09185e-26  9.56508e-34  7.89059e-27 -1.28355e-33  1.08096e-26  1.52962e-33 -7.16812e-27 -1.62082e-33 -4.38592e-30  1.52377e-33  1.73919e-27 -1.26388e-33 -4.64096e-28   9.1564e-34 -2.64953e-28 -5.69308e-34    1.333e-28  2.93913e-34  3.08617e-29 -1.16877e-34 -2.38627e-29  2.74765e-35 -3.59733e-30  4.37063e-36  3.21296e-30  -8.6615e-36  4.96933e-31  4.91403e-36 -3.28275e-31 -1.53024e-36 -6.13744e-32  1.13752e-37  1.87134e-32  1.31798e-37   7.3861e-33 -5.33953e-38  -7.5137e-34 -7.17262e-39 -3.72871e-34  1.56552e-38   -2.269e-35 -7.82392e-39   1.0286e-35  2.23814e-39  2.18046e-36 -3.83544e-40 -1.02207e-37  3.04983e-41 -2.65369e-38   1.7784e-42  -2.5981e-39 -7.12815e-43  7.97697e-41  7.51376e-44  1.21804e-41 -3.28082e-45  3.00242e-43 -2.86618e-47  9.04094e-46
  2.0938e-37 -5.77283e-50 -1.19645e-35  1.00574e-47  4.43766e-35  7.36526e-47  -5.0066e-35  1.38055e-46  6.48637e-36 -3.90804e-45  2.39128e-35  2.03534e-44  3.32221e-36 -8.09578e-44 -1.03766e-34  5.89798e-45  9.21413e-34  4.97505e-43  -8.7932e-33 -4.66452e-43   7.3953e-32  2.53429e-42 -5.44272e-31 -3.97475e-42  3.53518e-30  3.36609e-42 -2.03842e-29 -9.17587e-43  1.04796e-28  -5.2661e-41 -4.81937e-28  3.78028e-40  1.98725e-27 -1.89408e-39 -7.35876e-27  8.34336e-39  2.44896e-26 -3.35141e-38 -7.32467e-26  1.22939e-37  1.96739e-25   -4.122e-37 -4.73789e-25  1.26134e-36  1.02032e-24 -3.51597e-36 -1.95744e-24  8.89653e-36  3.32748e-24  -2.0314e-35 -4.97458e-24  4.14387e-35  6.47094e-24 -7.41532e-35 -7.20839e-24  1.12084e-34  6.70344e-24  -1.2937e-34 -4.96765e-24  6.74783e-35  2.63269e-24   1.7094e-34 -6.25787e-25 -7.07092e-34 -4.20229e-25  1.63922e-33  5.31406e-25 -2.97057e-33 -2.15786e-25  4.54554e-33 -3.79036e-26 -6.04437e-33   8.1127e-26  7.06976e-33 -2.44587e-26 -7.30511e-33 -1.16785e-26  6.66474e-33   9.2482e-27 -5.34348e-33  3.18887e-28  3.72824e-33 -1.93299e-27 -2.22334e-33  2.17143e-28   1.0941e-33  3.07348e-28 -4.08722e-34 -5.18412e-29  8.39384e-35  -4.2183e-29   2.1729e-35  6.43364e-30 -3.08673e-35  4.99129e-30  1.56725e-35 -3.97127e-31 -4.01303e-36 -4.55175e-31 -3.03091e-37 -1.72666e-32   7.6028e-37  3.13538e-32 -3.22541e-37  3.48011e-33  4.63969e-38 -8.93002e-34  1.89427e-38  -2.5965e-34 -1.31347e-38 -1.55635e-36  3.73307e-39  6.79248e-36 -5.54401e-40  5.42125e-37  2.28629e-41  -1.8982e-38  6.61607e-42 -7.68918e-39 -1.30859e-42 -3.14642e-40  1.03447e-43  5.19214e-42 -2.68966e-45  4.99528e-43 -8.29715e-47
-7.49289e-49   1.7572e-36  5.04485e-49  -2.7237e-35  7.36526e-47  8.04382e-35  4.29657e-46  -7.6865e-35  9.96317e-46 -4.39237e-36 -1.83141e-44  3.81699e-35  8.68192e-44  1.38452e-34 -3.07952e-43 -1.80124e-33  1.58968e-44  1.84723e-32  1.63421e-42 -1.66255e-31 -1.18372e-42   1.3071e-30  6.55934e-42 -9.04118e-30  -6.6163e-42  5.53756e-29  -9.8506e-42 -3.01813e-28  1.07279e-40  1.46936e-27 -7.49002e-40 -6.40777e-27  4.06986e-39  2.50799e-26 -1.91222e-38 -8.82036e-26  8.12538e-38  2.78846e-25  -3.1571e-37 -7.92138e-25  1.12274e-36   2.0197e-24 -3.65551e-36 -4.61227e-24  1.08884e-35  9.40401e-24 -2.96292e-35 -1.70421e-23  7.34669e-35  2.72776e-23 -1.65287e-34 -3.82208e-23  3.35101e-34  4.62816e-23 -6.05152e-34 -4.74831e-23  9.52976e-34  3.99167e-23 -1.25058e-33 -2.57047e-23  1.19985e-33  1.04447e-23 -3.15611e-34    1.322e-25 -1.97477e-33 -3.81051e-24  6.07949e-33  2.66389e-24 -1.19017e-32 -4.50613e-25  1.85962e-32 -5.52374e-25 -2.46485e-32  3.84019e-25  2.83672e-32 -6.76705e-27 -2.86082e-32 -9.20973e-26  2.53296e-32  2.65789e-26 -1.96213e-32  1.37467e-26  1.31755e-32 -7.50167e-27 -7.52978e-33  -1.5514e-27  3.52745e-33  1.35336e-27 -1.23303e-33  1.74081e-28  2.12903e-34  -1.8504e-28  8.87176e-35 -2.41372e-29 -9.87687e-35  1.88832e-29  4.62878e-35  3.46213e-30 -1.06649e-35 -1.26069e-30 -1.49466e-36 -3.84056e-31  2.42136e-36  4.35007e-32 -1.02762e-36  2.30323e-32  2.02168e-37  1.09488e-33  1.09883e-38 -7.16402e-34 -1.85251e-38 -1.09693e-34  5.07056e-39  4.69772e-36 -5.51383e-40  1.95135e-36 -3.04129e-41  1.34309e-37  1.68567e-41 -5.31188e-39 -2.14263e-42 -7.90263e-40  1.19061e-43 -2.03087e-41 -7.46832e-46   9.0502e-44
 8.12622e-38 -1.07814e-47  4.92279e-36  1.31141e-47  -5.0066e-35  4.29657e-46  1.26622e-34  2.05522e-45 -1.02749e-34  5.62098e-45 -1.37023e-35 -7.38656e-44 -1.48727e-34  3.21368e-43  2.98567e-33 -1.02646e-42 -3.38259e-32  9.93285e-44  3.27385e-31  4.54014e-42 -2.75497e-30 -1.85375e-42  2.03242e-29  1.18972e-41 -1.32384e-28  1.65313e-41  7.65621e-28   -2.083e-40 -3.94854e-27  1.33117e-39  1.82191e-26 -7.51297e-39  -7.5391e-26  3.74421e-38  2.80213e-25 -1.68324e-37 -9.36215e-25  6.90343e-37  2.81187e-24 -2.59356e-36 -7.58612e-24  8.93264e-36   1.8355e-23   -2.821e-35 -3.97262e-23  8.16502e-35  7.66213e-23 -2.16345e-34 -1.30998e-22  5.23688e-34  1.97057e-22 -1.15423e-33 -2.58067e-22  2.30429e-33  2.89636e-22 -4.13231e-33 -2.71659e-22  6.56327e-33  2.03421e-22 -8.98974e-33 -1.09431e-22  9.99279e-33  2.71609e-23 -7.34346e-33  1.67512e-23 -1.42475e-33 -2.21772e-23  1.78083e-32  9.34449e-24 -4.09139e-32  1.41121e-24   6.6714e-32 -3.44046e-24 -8.88262e-32  1.10398e-24   1.0088e-31  4.77214e-25 -9.93825e-32 -4.08249e-25  8.53856e-32 -5.37113e-27 -6.38712e-32  8.47754e-26  4.12509e-32 -1.13413e-26 -2.25836e-32    -1.35e-26  1.00728e-32  2.62753e-27 -3.29484e-33  1.86211e-27  4.64392e-34 -3.34419e-28  2.95503e-34 -2.23762e-28 -2.79595e-34   2.2136e-29  1.24091e-34  2.16401e-29 -2.75827e-35  2.27022e-31 -3.72437e-36 -1.46022e-30  5.91915e-36  -1.6002e-31 -2.49712e-36  4.86063e-32    5.338e-37  1.23502e-32  -2.0317e-38 -1.81243e-34 -2.06122e-38 -3.22324e-34  4.95152e-39 -2.78506e-35 -5.91953e-41  1.50932e-36 -1.68917e-40  3.82541e-37  3.42191e-41  1.53241e-38 -3.06979e-42 -3.75526e-40  1.06302e-43 -2.71973e-41  1.13545e-45
 6.62286e-48   2.5491e-37 -1.00068e-46  8.01229e-36  1.38055e-46  -7.6865e-35  2.05522e-45  1.78631e-34  8.17733e-45 -1.39252e-34  2.64082e-44  2.48503e-34 -2.62051e-43 -4.36375e-33  1.05009e-42  5.47026e-32 -3.04948e-42 -5.71832e-31  6.42078e-43  5.16286e-30  1.04248e-41 -4.06933e-29  3.58184e-42  2.82267e-28 -1.31403e-41 -1.73402e-27  3.15613e-40  9.48085e-27 -2.11745e-39 -4.63115e-26  1.22333e-38  2.02677e-25 -6.40511e-38 -7.96242e-25  3.03752e-37   2.8114e-24 -1.31375e-36 -8.92523e-24  5.20198e-36  2.54674e-23 -1.88959e-35 -6.52402e-23  6.30094e-35  1.49734e-22 -1.92909e-34 -3.06932e-22  5.42046e-34  5.59421e-22 -1.39644e-33 -9.00947e-22  3.29262e-33  1.27087e-21  -7.0856e-33 -1.55027e-21  1.38573e-32  1.60376e-21 -2.44685e-32 -1.36141e-21  3.86022e-32  8.87868e-22 -5.34287e-32 -3.68958e-22   6.2562e-32  1.91468e-24  -5.6476e-32  1.30878e-22  2.54253e-32 -9.46218e-23  3.53396e-32  1.75477e-23  -1.2034e-31   1.9035e-23    2.123e-31 -1.39763e-23 -2.86877e-31  5.36554e-25  3.22581e-31  3.29946e-24 -3.10668e-31 -1.03615e-24  2.58912e-31 -4.79595e-25 -1.86876e-31  2.87404e-25  1.15998e-31  5.14618e-26 -6.08269e-32  -5.2113e-26  2.58635e-32 -5.42505e-27 -7.94981e-33  7.21101e-27  9.05923e-34  7.79477e-28  8.20156e-34 -7.54544e-28 -6.98129e-34 -1.23109e-28  2.98638e-34  5.38339e-29 -6.61442e-35  1.41573e-29 -6.84095e-36 -1.93462e-30  1.22425e-35 -9.43005e-31 -5.12734e-36 -2.78923e-32  1.12931e-36   3.0896e-32 -9.53182e-38  4.15839e-33 -1.14934e-38 -2.27654e-34  8.08376e-40  -8.6173e-35  1.39115e-39 -5.02313e-36 -4.29374e-40  2.67587e-37  5.75953e-41   3.5108e-38 -3.70105e-42  7.73506e-40  6.20428e-44 -5.21113e-42
 4.10769e-37  8.12067e-47  2.18041e-36 -6.97666e-46  6.48637e-36  9.96317e-46 -1.02749e-34  8.17733e-45  2.48134e-34  2.70652e-44 -5.04592e-34  1.07395e-43  5.82451e-33 -8.32131e-43 -7.89053e-32  3.06798e-42  8.93828e-31 -8.19777e-42 -8.68129e-30  3.47321e-42  7.32516e-29  1.60384e-41 -5.41927e-28  6.41823e-41  3.54051e-27 -3.73546e-40 -2.05411e-26  2.93644e-39  1.06292e-25 -1.77202e-38 -4.92191e-25  9.70713e-38  2.04434e-24 -4.84495e-37  -7.6286e-24  2.20646e-36   2.5595e-23 -9.19942e-36 -7.72161e-23  3.51842e-35  2.09307e-22 -1.23602e-34 -5.08979e-22  3.99065e-34  1.10751e-21 -1.18427e-33 -2.14835e-21  3.22905e-33  3.69566e-21 -8.08186e-33 -5.59641e-21  1.85376e-32  7.38261e-21 -3.88709e-32 -8.35307e-21  7.42377e-32  7.90784e-21 -1.28433e-31 -5.98939e-21  1.99584e-31  3.27575e-21 -2.74782e-31 -8.52325e-22  3.26837e-31 -4.75311e-22  -3.1784e-31  6.64981e-22   2.1255e-31  -2.9193e-22  1.24106e-33 -3.61078e-23 -2.95802e-31  1.04784e-22  6.03379e-31 -3.59854e-23 -8.39053e-31 -1.38408e-23  9.37583e-31  1.29739e-23 -8.83152e-31  -1.3799e-25  7.13421e-31 -2.67107e-24 -4.96266e-31  4.24503e-25  2.95769e-31  4.24348e-25 -1.48551e-31 -9.55952e-26  6.03579e-32 -5.87934e-26 -1.75844e-32  1.24367e-26  1.67778e-33  7.22099e-27  1.93012e-33 -9.09037e-28 -1.54137e-33 -7.24678e-28  6.43317e-34  8.72706e-30 -1.43048e-34   5.0463e-29 -1.04164e-35  4.88468e-30  2.25936e-35 -1.86447e-30  -9.3941e-36 -4.14434e-31  2.11366e-36  1.31661e-32 -2.57535e-37  1.16602e-32  2.56282e-38  9.34925e-34 -1.15837e-38 -6.93934e-35  4.32085e-39  -1.4093e-35 -8.15998e-40 -5.06128e-37  8.08146e-41  1.77068e-38 -3.55856e-42  1.01064e-39   1.2375e-44
-4.67292e-47  1.08721e-36  6.54986e-46  9.05912e-36 -3.90804e-45 -4.39237e-36  5.62098e-45 -1.39252e-34  2.70652e-44   6.7036e-34  7.28702e-44 -7.13272e-33  3.88012e-43  1.02277e-31 -2.39872e-42 -1.25815e-30  8.10587e-42  1.31839e-29 -2.04109e-41 -1.19359e-28  1.76258e-41  9.43458e-28 -2.35895e-41 -6.56398e-27  5.48237e-40  4.04522e-26 -3.46552e-39  -2.2192e-25  2.28749e-38  1.08788e-24 -1.31363e-37 -4.77891e-24   6.8922e-37  1.88494e-23 -3.30308e-36 -6.68351e-23   1.4489e-35  2.13127e-22 -5.83019e-35 -6.11025e-22  2.15513e-34  1.57317e-21 -7.32549e-34    -3.63e-21  2.29073e-33  7.48364e-21 -6.59024e-33 -1.37238e-20  1.74354e-32   2.2249e-20 -4.23796e-32 -3.16112e-20  9.44948e-32  3.88688e-20 -1.92834e-31 -4.05726e-20  3.58952e-31  3.48092e-20 -6.06561e-31  -2.3019e-20  9.23832e-31   9.8049e-21 -1.25408e-30 -2.47791e-22  1.48844e-30  -3.3597e-21 -1.48693e-30  2.52375e-21   1.1339e-30 -5.14642e-22 -4.09885e-31  -4.8868e-22 -5.61904e-31    3.821e-22  1.53638e-30 -2.35761e-23 -2.24111e-30 -8.84011e-23  2.49844e-30  3.03987e-23 -2.30192e-30  1.24046e-23  1.80008e-30 -8.28139e-24 -1.20473e-30 -1.23192e-24  6.88449e-31  1.50586e-24 -3.31203e-31  1.16842e-25  1.29057e-31 -2.11063e-25 -3.61256e-32 -1.76523e-26  3.21306e-33  2.27187e-26  3.87824e-33  3.14964e-27 -3.01709e-33 -1.70176e-27  1.24109e-33 -3.93802e-28 -2.75691e-34  6.71567e-29  -1.5114e-35  2.84546e-29  3.87778e-35  3.24019e-31 -1.60183e-35 -9.93329e-31  3.73577e-36 -1.19552e-31  -6.0479e-37  8.94646e-33  1.21562e-37  2.78707e-33 -3.77596e-38  1.40168e-34  9.02317e-39   -1.028e-35 -1.26484e-39 -1.14978e-36  9.33796e-41 -2.22838e-38 -2.51265e-42  2.07744e-40
-6.19185e-37 -4.86695e-46   1.3429e-36  4.04146e-45  2.39128e-35 -1.83141e-44 -1.37023e-35  2.64082e-44 -5.04592e-34  7.28702e-44  7.70714e-33  1.46981e-43 -1.19598e-31  1.26771e-42  1.60184e-30 -6.35298e-42 -1.81683e-29  1.97053e-41  1.76935e-28 -5.00696e-41 -1.49722e-27   9.5535e-41  1.11101e-26 -4.63839e-40 -7.28163e-26  4.05411e-39  4.23887e-25 -2.59918e-38 -2.20129e-24  1.59499e-37  1.02316e-23 -8.79357e-37 -4.26674e-23  4.43375e-36   1.5989e-22 -2.04596e-35 -5.38857e-22  8.65815e-35  1.63338e-21 -3.36594e-34  -4.4499e-21  1.20352e-33  1.08791e-20 -3.96095e-33 -2.38081e-20  1.20031e-32  4.64669e-20 -3.34891e-32 -8.04622e-20  8.59841e-32  1.22719e-19 -2.02962e-31  -1.6316e-19  4.39779e-31  1.86229e-19 -8.72796e-31  -1.7809e-19   1.5816e-30  1.36572e-19 -2.60537e-30 -7.60602e-20  3.87679e-30  2.08162e-20 -5.16093e-30   1.0316e-20  6.05083e-30 -1.54262e-20 -6.06951e-30  7.08445e-21  4.87778e-30  6.64993e-22 -2.50203e-30 -2.46722e-21 -5.65235e-31  9.11662e-22  3.50318e-30   3.0566e-22 -5.50679e-30 -3.19555e-22  6.14902e-30  1.18562e-23 -5.53818e-30  6.50411e-23    4.184e-30 -1.22388e-23  -2.6877e-30 -1.02691e-23  1.46995e-30  2.68851e-24 -6.77488e-31  1.42781e-24  2.54508e-31 -3.57838e-25 -6.97949e-32 -1.79317e-25  6.82612e-33   2.8514e-26  6.58816e-33  1.86616e-26 -5.22915e-33 -6.78275e-28  2.14347e-33 -1.36248e-27  -4.6996e-34 -1.07487e-28 -2.61577e-35  5.47378e-29  6.43216e-35  1.07071e-29 -2.64352e-35 -5.57344e-31  6.55003e-36 -3.30587e-31 -1.33097e-36  -2.3291e-32  3.22276e-37  2.36267e-33 -8.25821e-38  4.03363e-34  1.51342e-38  1.24302e-35 -1.63289e-39 -6.11802e-37  8.63125e-41 -2.97829e-38 -1.08849e-42
 4.61053e-47 -2.48424e-36  -3.3828e-45   3.6436e-37  2.03534e-44  3.81699e-35 -7.38656e-44  2.48503e-34  1.07395e-43 -7.13272e-33  1.46981e-43  1.26072e-31  1.43759e-43 -1.84993e-30  3.79328e-42  2.27952e-29 -1.56958e-41 -2.39495e-28  4.62493e-41  2.17445e-27 -1.41604e-40 -1.72397e-26  5.72041e-40  1.20326e-25 -3.74606e-39  -7.4405e-25  2.74624e-38  4.09644e-24 -1.72865e-37 -2.01573e-23  1.00949e-36  8.89029e-23 -5.35387e-36 -3.52145e-22  2.59935e-35  1.25422e-21   -1.157e-34 -4.01857e-21  4.73013e-34  1.15793e-20 -1.77871e-33 -2.99729e-20  6.15822e-33  6.95575e-20 -1.96415e-32  -1.4428e-19  5.77234e-32  2.66329e-19 -1.56282e-31 -4.34846e-19  3.89577e-31  6.22624e-19 -8.93224e-31 -7.72151e-19  1.88079e-30  8.13856e-19 -3.62901e-30  -7.0633e-19   6.3973e-30  4.74213e-19 -1.02604e-29 -2.07491e-19  1.48849e-29  9.84813e-21 -1.93643e-29   6.8193e-20  2.22872e-29  -5.3497e-20 -2.21627e-29  1.20177e-20  1.81262e-29  9.87734e-21 -1.05807e-29 -8.30354e-21   1.3169e-30  7.27525e-22  7.11723e-30  1.87325e-21 -1.25361e-29 -7.09957e-22  1.40701e-29 -2.50714e-22 -1.23694e-29  1.89783e-22  9.00199e-30  2.20506e-23  -5.5325e-30 -3.45508e-23  2.88893e-30 -1.68371e-24 -1.27633e-30  4.90692e-24  4.65882e-31  2.77281e-25 -1.28483e-31 -5.43277e-25  1.59681e-32 -6.09126e-26  9.01589e-33  4.26428e-26  -7.9387e-33  8.59181e-27  3.29578e-33  -1.8579e-27 -6.98987e-34 -6.74789e-28 -5.94796e-35  5.86206e-30  1.06695e-34   2.5411e-29 -4.36829e-35  2.68624e-30   1.1671e-35 -2.76694e-31 -2.75061e-36 -7.11034e-32  6.78163e-37  -2.9904e-33 -1.46274e-37  3.09617e-34  2.13013e-38  2.98355e-35  -1.7476e-39  5.01311e-37  6.01976e-41 -6.77791e-39
-7.19199e-37  2.95836e-46 -6.83873e-36 -1.82147e-44  3.32221e-36  8.68192e-44 -1.48727e-34 -2.62051e-43  5.82451e-33  3.88012e-43 -1.19598e-31  1.43759e-43  1.94067e-30  -4.5299e-43 -2.60976e-29  1.05327e-41   2.9679e-28 -3.75216e-41 -2.89861e-27  1.20048e-40  2.46024e-26 -5.56923e-40 -1.83147e-25  3.54943e-39  1.20442e-24 -2.49973e-38 -7.03645e-24  1.70497e-37  3.66795e-23 -1.03951e-36 -1.71171e-22  5.81974e-36  7.16839e-22 -2.97352e-35 -2.69833e-21  1.39274e-34  9.13724e-21 -5.99024e-34 -2.78369e-20  2.36964e-33  7.62458e-20 -8.63164e-33 -1.87475e-19  2.89742e-32  4.12787e-19 -8.96624e-32 -8.10935e-19  2.55807e-31  1.41416e-18 -6.72641e-31 -2.17342e-18  1.62903e-30  2.91406e-18  -3.6297e-30 -3.35753e-18  7.42886e-30  3.24594e-18 -1.39359e-29 -2.52299e-18  2.38908e-29  1.43305e-18  -3.7279e-29 -4.13678e-19  5.26539e-29 -1.78558e-19 -6.67837e-29  2.89527e-19  7.51454e-29  -1.3966e-19 -7.34949e-29 -8.62619e-21  6.00338e-29  4.69505e-20 -3.69769e-29 -1.87643e-20  1.02808e-29 -5.34369e-21  1.27307e-29  6.37772e-21 -2.66393e-29  -4.2379e-22  3.01219e-29 -1.27876e-21 -2.57779e-29  2.84139e-22  1.80006e-29  1.99769e-22 -1.05401e-29 -6.11375e-23   5.2394e-30 -2.78078e-23 -2.22239e-30  8.32288e-24  7.97769e-31  3.57224e-24 -2.28701e-31 -7.13596e-25  3.85428e-32 -3.86977e-25   8.0952e-33  2.50675e-26 -1.01998e-32  2.98098e-26  4.43088e-33   1.7312e-27 -8.74608e-34 -1.29589e-27 -1.50602e-34   -2.217e-28  1.80911e-34  1.72857e-29 -7.36487e-35  7.59936e-30   2.0971e-35   4.4974e-31 -5.25424e-36 -6.39282e-32  1.21539e-36 -9.33376e-33 -2.19912e-37 -2.34827e-34    2.537e-38  1.69402e-35 -1.51356e-39  7.15705e-37  2.73755e-41
 4.07887e-46 -3.90565e-37  1.15157e-45 -1.70236e-35 -8.09578e-44  1.38452e-34  3.21368e-43 -4.36375e-33 -8.32131e-43  1.02277e-31  1.26771e-42 -1.84993e-30  -4.5299e-43  2.72978e-29 -3.33845e-42 -3.37322e-28  2.78535e-41  3.55418e-27  -9.5865e-41 -3.23674e-26  4.21952e-40  2.57442e-25 -2.87223e-39 -1.80294e-24  2.12064e-38  1.11887e-23 -1.48517e-37 -6.18344e-23  9.64291e-37  3.05491e-22 -5.67066e-36 -1.35308e-21  3.05506e-35  5.38372e-21 -1.50676e-34 -1.92666e-20  6.82352e-34  6.20436e-20 -2.84192e-33 -1.79738e-19  1.08999e-32  4.67917e-19 -3.85324e-32 -1.09253e-18  1.25619e-31  2.28101e-18 -3.77749e-31 -4.24023e-18  1.04764e-30  6.97594e-18 -2.67853e-30 -1.00715e-17  6.30827e-30  1.26056e-17 -1.36693e-29 -1.34259e-17  2.72076e-29  1.17979e-17 -4.96348e-29 -8.05172e-18  8.27481e-29  3.62638e-18 -1.25574e-28 -2.59722e-19  1.72536e-28 -1.13418e-18 -2.13018e-28   9.3455e-19  2.33671e-28 -2.31507e-19 -2.23595e-28 -1.62648e-19  1.80342e-28  1.48699e-19 -1.13065e-28 -1.72861e-20  3.99496e-29 -3.25195e-20  1.95462e-29  1.36787e-20 -5.32983e-29  4.08118e-21  6.07132e-29 -3.58425e-21 -5.03661e-29 -2.91692e-22  3.35733e-29  6.52299e-22 -1.86318e-29  1.11648e-23  8.78854e-30 -9.38362e-23 -3.59301e-30 -2.48413e-24  1.29247e-30  1.06859e-23 -4.00087e-31  8.93624e-25  9.07831e-32 -8.79441e-25 -2.78658e-33  -1.5074e-25 -9.89046e-33  4.20967e-26   4.9491e-33  1.30582e-26  -8.1743e-34 -4.21877e-28 -3.65812e-34 -5.35491e-28  3.14335e-34 -4.82322e-29 -1.26194e-34  6.91715e-30  3.69493e-35  1.48694e-30 -9.14186e-36  4.90267e-32  1.89491e-36 -7.60033e-33 -2.84073e-37 -6.37136e-34  2.53356e-38 -8.77514e-36 -1.00475e-39   1.8032e-37
 1.97354e-36  4.02996e-45   3.2118e-36  3.02671e-45 -1.03766e-34 -3.07952e-43  2.98567e-33  1.05009e-42 -7.89053e-32 -2.39872e-42  1.60184e-30  3.79328e-42 -2.60976e-29 -3.33845e-42  3.51988e-28 -1.30988e-41 -4.01445e-27  7.46134e-41  3.93264e-26  -3.0803e-40  -3.3486e-25  1.99058e-39  2.50126e-24 -1.56969e-38  -1.6508e-23  1.16594e-37  9.68097e-23 -7.91715e-37 -5.06679e-22  4.92822e-36  2.37457e-21 -2.79592e-35 -9.98924e-21  1.45441e-34  3.77814e-20 -6.94414e-34 -1.28586e-19  3.04972e-33  3.93853e-19 -1.23361e-32 -1.08495e-18   4.6002e-32    2.684e-18 -1.58236e-31 -5.94831e-18  5.02197e-31  1.17676e-17 -1.47053e-30 -2.06763e-17  3.97177e-30  3.20389e-17 -9.88896e-30 -4.33458e-17  2.26774e-29  5.04498e-17 -4.78375e-29 -4.93484e-17  9.26718e-29  3.89193e-17 -1.64497e-28 -2.25805e-17  2.66763e-28  6.89053e-18 -3.93689e-28  2.52777e-18  5.25961e-28 -4.52926e-18 -6.31452e-28  2.30422e-18  6.73964e-28  6.35181e-20 -6.28653e-28 -7.43584e-19  4.96894e-28  3.23157e-19 -3.10667e-28  7.54569e-20  1.21055e-28 -1.06219e-19  2.42893e-29  1.05106e-20 -1.01424e-28  2.08887e-20  1.15949e-28 -5.47436e-21 -9.26974e-29 -3.21049e-21  5.86155e-29    1.158e-21 -3.06416e-29  4.45639e-22   1.3678e-29 -1.61092e-22 -5.43754e-30 -5.86068e-23   2.0167e-30   1.4721e-23 -6.98904e-31  6.64303e-24  2.03305e-31 -6.57911e-25 -3.57628e-32 -5.42725e-25  -3.2191e-33 -1.87487e-26  3.82678e-33  2.55432e-26 -2.35547e-34  3.76142e-27 -8.14587e-34 -4.22921e-28  5.51385e-34 -1.45414e-28 -2.15022e-34 -6.76984e-30  6.19375e-35  1.42613e-30 -1.43395e-35  1.79546e-31  2.58344e-36  3.35082e-33 -3.14466e-37 -3.88697e-34  2.06788e-38 -1.43128e-35 -4.43947e-40
-7.14675e-46  4.11756e-36  2.59251e-44   4.4523e-35  5.89798e-45 -1.80124e-33 -1.02646e-42  5.47026e-32  3.06798e-42 -1.25815e-30 -6.35298e-42  2.27952e-29  1.05327e-41 -3.37322e-28 -1.30988e-41  4.18037e-27 -4.13368e-41 -4.41802e-26  2.24582e-40  4.03635e-25 -1.28541e-39 -3.22132e-24  1.00935e-38  2.26411e-23 -7.97289e-38 -1.41041e-22  5.72043e-37  7.82605e-22 -3.74212e-36 -3.88292e-21   2.2433e-35   1.7276e-20 -1.23156e-34 -6.90676e-20   6.2145e-34  2.48425e-19 -2.88584e-33 -8.04308e-19  1.23498e-32  2.34341e-18 -4.87407e-32 -6.13788e-18  1.77481e-31  1.44246e-17 -5.96347e-31 -3.03264e-17  1.84887e-30  5.67982e-17 -5.28767e-30 -9.42044e-17  1.39437e-29   1.3722e-16 -3.38809e-29 -1.73446e-16  7.57858e-29  1.86817e-16 -1.55856e-28 -1.66375e-16  2.94188e-28  1.15569e-16  -5.0853e-28 -5.36811e-17  8.02644e-28  5.23909e-18 -1.15226e-27  1.58357e-17  1.49668e-27 -1.37953e-17 -1.74627e-27     3.77e-18  1.81109e-27  2.23049e-18 -1.64246e-27 -2.24937e-18  1.26549e-27   3.3241e-19 -7.78718e-28  4.73495e-19  3.14414e-28 -2.22796e-19  2.02971e-29 -5.43249e-20 -1.85714e-28  5.71576e-20   2.1118e-28  2.52548e-21 -1.61512e-28 -1.03802e-20  9.61998e-29  1.84219e-22 -4.70737e-29  1.51131e-21   1.9884e-29 -1.04991e-23 -7.82966e-30 -1.77057e-22  3.11222e-30 -9.32849e-24 -1.23342e-30  1.52914e-23   4.2989e-31  2.15071e-24 -1.10682e-31 -7.99849e-25  1.55903e-32 -2.10901e-25 -3.72344e-34  1.29231e-26  1.27643e-33  9.50887e-27 -1.66041e-33  6.96263e-28  9.54433e-34 -1.43641e-28 -3.54591e-34 -2.61026e-29  9.65113e-35 -5.89203e-31 -2.01218e-35  1.56326e-31  3.07167e-36  1.14328e-32 -2.94357e-37  1.16605e-34  1.30663e-38 -3.96949e-36
-1.46144e-36 -6.11836e-45 -7.13719e-36  1.26392e-43  9.21413e-34  1.58968e-44 -3.38259e-32 -3.04948e-42  8.93828e-31  8.10587e-42 -1.81683e-29 -1.56958e-41   2.9679e-28  2.78535e-41 -4.01445e-27 -4.13368e-41  4.59243e-26 -1.20248e-40  -4.5133e-25  8.01772e-40   3.8561e-24 -5.79116e-39 -2.89071e-23  4.64343e-38  1.91511e-22 -3.49893e-37 -1.12763e-21  2.40286e-36  5.92693e-21 -1.51579e-35 -2.79024e-20   8.8066e-35  1.17941e-19 -4.71256e-34 -4.48343e-19  2.32678e-33  1.53413e-18 -1.06037e-32 -4.72588e-18  4.46102e-32  1.30979e-17 -1.73212e-31 -3.26128e-17  6.20481e-31  7.27799e-17 -2.04979e-30 -1.45058e-16   6.2423e-30  2.56932e-16 -1.75165e-29 -4.01629e-16  4.52686e-29  5.48636e-16 -1.07674e-28  -6.4551e-16  2.35508e-28  6.39418e-16 -4.73107e-28  -5.1223e-16  8.71491e-28  3.04031e-16 -1.46882e-27 -9.82411e-17  2.25844e-27 -2.96709e-17 -3.15572e-27  6.03099e-17  3.98622e-27 -3.24965e-17 -4.51916e-27  2.79147e-19  4.55052e-27  1.00034e-17 -4.00483e-27 -4.75443e-18  2.99607e-27  -8.6368e-19 -1.79783e-27  1.50691e-18  7.26136e-28 -2.03459e-19 -6.63682e-31 -2.89077e-19 -3.31225e-28  8.94335e-20   3.6923e-28  4.33693e-20 -2.67948e-28 -1.86531e-20  1.49324e-28  -5.9655e-21  -6.8104e-29  2.64887e-21   2.7427e-29  8.04239e-22 -1.10704e-29 -2.56229e-22   4.9079e-30 -9.60566e-23 -2.20631e-30    1.359e-23  8.58755e-31  8.37737e-24 -2.56729e-31  6.42603e-26  5.40282e-32 -4.28027e-25 -9.28521e-33 -5.28236e-26  4.20944e-33  8.50201e-27  -3.1224e-33   2.3597e-27  1.59446e-33  7.60896e-29 -5.52819e-34 -2.68709e-29  1.37568e-34 -2.92311e-30 -2.50758e-35 -3.20337e-32  3.15692e-36  7.54234e-33 -2.26747e-37  2.42759e-34  5.55636e-39
 5.95383e-45  3.30513e-37 -3.40779e-44 -3.88509e-34  4.97505e-43  1.84723e-32  9.93285e-44 -5.71832e-31 -8.19777e-42  1.31839e-29  1.97053e-41 -2.39495e-28 -3.75216e-41  3.55418e-27  7.46134e-41 -4.41802e-26 -1.20248e-40  4.68419e-25 -3.54676e-40 -4.29409e-24  3.03586e-39  3.43937e-23 -2.26806e-38 -2.42658e-22  1.68577e-37  1.51772e-21 -1.18318e-36 -8.45749e-21  7.75502e-36   4.2152e-20 -4.75735e-35 -1.88443e-19  2.72378e-34  7.57206e-19 -1.45076e-33 -2.73824e-18  7.17203e-33  8.91618e-18 -3.28118e-32 -2.61362e-17  1.38557e-31  6.89009e-17  -5.3893e-31 -1.63047e-16  1.92811e-30  3.45343e-16 -6.33968e-30 -6.51977e-16  1.91497e-29  1.09076e-15  -5.3129e-29 -1.60395e-15  1.35365e-28  2.04888e-15  -3.1664e-28 -2.23351e-15  6.79652e-28  2.01788e-15 -1.33747e-27 -1.42844e-15  2.40967e-27  6.85526e-16 -3.96678e-27 -8.58585e-17  5.94989e-27 -1.88793e-16 -8.10031e-27   1.7522e-16   9.9571e-27 -5.28285e-17 -1.09707e-26 -2.58214e-17  1.07212e-26   2.9258e-17 -9.14472e-27 -5.33905e-18  6.62283e-27 -5.87582e-18 -3.84816e-27  3.12214e-18   1.5183e-27  5.91622e-19 -3.96586e-29 -7.83073e-19 -5.81681e-28  -3.3407e-21  6.23835e-28  1.41602e-19  -4.2637e-28 -8.00925e-21  2.21461e-28 -2.08404e-20 -9.44078e-29  9.28928e-22   3.7144e-29  2.51263e-21 -1.61587e-29  4.66928e-23  8.12128e-30 -2.27954e-22 -3.97577e-30 -2.47871e-23  1.62354e-30  1.29768e-23 -5.11589e-31  2.87981e-24  1.19825e-31 -2.83087e-25  -2.4266e-32 -1.44542e-25  9.08195e-33 -7.91878e-27 -5.45227e-33   2.5305e-27  2.52458e-33  3.90499e-28 -8.00564e-34  4.00713e-30  1.77287e-34 -2.74545e-30 -2.75072e-35 -1.74832e-31  2.75915e-36 -1.03244e-33 -1.36106e-37  7.41786e-35
 -9.3737e-37  4.33904e-44  1.37604e-34 -1.42283e-43  -8.7932e-33  1.63421e-42  3.27385e-31  6.42078e-43 -8.68129e-30 -2.04109e-41  1.76935e-28  4.62493e-41 -2.89861e-27  -9.5865e-41  3.93264e-26  2.24582e-40  -4.5133e-25 -3.54676e-40  4.45063e-24 -1.06074e-39 -3.81626e-23  9.29054e-39  2.87177e-22 -5.30857e-38 -1.91024e-21  2.90007e-37  1.12957e-20 -1.64615e-36 -5.96404e-20  1.00517e-35  2.82118e-19 -6.50096e-35 -1.19855e-18  4.19444e-34  4.58079e-18 -2.56076e-33 -1.57642e-17  1.43489e-32  4.88573e-17 -7.27534e-32 -1.36287e-16  3.32317e-31  3.41695e-16 -1.36781e-30 -7.68188e-16  5.08436e-30  1.54327e-15 -1.71162e-29 -2.75705e-15  5.23275e-29  4.35021e-15 -1.45627e-28 -6.00406e-15  3.69626e-28  7.14656e-15 -8.56771e-28 -7.17517e-15  1.81489e-27  5.84498e-15 -3.51344e-27 -3.55439e-15  6.21152e-27  1.21769e-15 -1.00132e-26   2.8955e-16  1.46813e-26 -6.94121e-16 -1.95052e-26    3.979e-16  2.33589e-26  -1.8547e-17 -2.50294e-26 -1.15988e-16  2.37408e-26  6.06763e-17 -1.96095e-26  7.84658e-18   1.3716e-26 -1.84831e-17 -7.67247e-27  3.23893e-18  2.90222e-27  3.43434e-18 -6.92101e-29 -1.25884e-18 -1.01333e-27 -4.97234e-19  1.02544e-27  2.59445e-19  -6.5733e-28   6.7086e-20  3.19378e-28 -3.75699e-20 -1.29744e-28 -9.29012e-21  5.24291e-29  3.82718e-21 -2.56451e-29  1.18158e-21  1.41625e-29  -2.3171e-22 -7.12629e-30 -1.11025e-22  2.90626e-30  2.63925e-24 -9.14958e-31  6.18577e-24  2.17687e-31  6.12053e-25 -4.56775e-32 -1.44198e-25  1.63548e-32 -3.28798e-26 -8.86491e-33 -5.12185e-28  3.73568e-33  4.34903e-28 -1.06284e-33  4.07208e-29  2.04466e-34   6.0619e-32 -2.62368e-35 -1.25804e-31  1.99268e-36 -3.53402e-33 -5.53569e-38
-1.56198e-44 -4.15531e-35  2.12525e-43  3.59105e-33 -4.66452e-43 -1.66255e-31  4.54014e-42  5.16286e-30  3.47321e-42 -1.19359e-28 -5.00696e-41  2.17445e-27  1.20048e-40 -3.23674e-26  -3.0803e-40  4.03635e-25  8.01772e-40 -4.29409e-24 -1.06074e-39  3.95067e-23 -2.41376e-39 -3.17638e-22  2.73158e-39  2.25009e-21  1.85903e-37 -1.41336e-20 -2.27008e-36  7.91162e-20  1.78557e-35 -3.96207e-19 -1.10998e-34  1.78028e-18  5.70648e-34 -7.19215e-18 -2.42255e-33  2.61575e-17  8.11164e-33 -8.56918e-17 -1.78321e-32  2.52817e-16 -5.97064e-33 -6.71086e-16  3.21485e-31  1.59978e-15 -2.12096e-30 -3.41528e-15  9.81325e-30  6.50282e-15 -3.71805e-29 -1.09801e-14  1.21469e-28  1.63103e-14 -3.50506e-28 -2.10706e-14  9.05144e-28  2.32664e-14 -2.10825e-27 -2.13453e-14   4.4498e-27  1.54185e-14 -8.53274e-27 -7.65782e-15  1.48788e-26  1.18256e-15 -2.35805e-26  1.94497e-15  3.39011e-26 -1.94103e-15 -4.40623e-26  6.45606e-16  5.15054e-26  2.53927e-16 -5.37399e-26 -3.31564e-16  4.95015e-26  7.31955e-17 -3.95791e-26  6.28018e-17  2.66868e-26 -3.81369e-17 -1.42981e-26 -5.15218e-18  5.09589e-27  9.33355e-18  6.69831e-30 -3.63275e-19 -1.75645e-27 -1.67574e-18  1.65204e-27  1.68229e-19  -9.9587e-28  2.48876e-19  4.60631e-28 -2.18293e-20 -1.86494e-28 -3.08913e-20  8.23234e-29   6.1042e-22  -4.4919e-29   2.9483e-21  2.55108e-29  2.21075e-22 -1.25195e-29 -1.82217e-22  4.91783e-30 -3.34076e-23  -1.4927e-30  4.95378e-24  3.44276e-31  1.90119e-24 -7.22046e-32  6.48087e-26   2.6315e-32 -3.84133e-26 -1.34092e-32 -5.02184e-27  5.10878e-33  2.46688e-29 -1.27975e-33  4.17347e-29  2.08726e-34  2.29699e-30 -2.13608e-35  1.23413e-33  1.12492e-36 -1.19617e-33
 8.86327e-36 -1.02019e-43 -1.22563e-33  8.09246e-43   7.3953e-32 -1.18372e-42 -2.75497e-30  1.04248e-41  7.32516e-29  1.76258e-41 -1.49722e-27 -1.41604e-40  2.46024e-26  4.21952e-40  -3.3486e-25 -1.28541e-39   3.8561e-24  3.03586e-39 -3.81626e-23 -2.41376e-39   3.2848e-22  4.53084e-39 -2.48183e-21  -2.8089e-37  1.65793e-20  3.75149e-36 -9.84819e-20 -3.26685e-35  5.22473e-19  2.27217e-34 -2.48405e-18 -1.34331e-33  1.06102e-17  6.89505e-33 -4.07837e-17 -3.09215e-32  1.41206e-16  1.20974e-31 -4.40464e-16 -4.09112e-31  1.23714e-15  1.16865e-30 -3.12455e-15 -2.65411e-30  7.07992e-15  3.82229e-30 -1.43441e-14  2.66577e-30  2.58607e-14 -4.49473e-29 -4.12128e-14  2.05789e-28  5.75098e-14 -6.86933e-28 -6.93054e-14  1.90614e-27   7.0592e-14 -4.60033e-27 -5.85417e-14  9.85843e-27  3.65265e-14 -1.89586e-26 -1.32781e-14  3.28915e-26 -2.31821e-15 -5.15811e-26  6.98431e-15  7.30788e-26 -4.28023e-15  -9.3282e-26  3.70135e-16  1.06746e-25   1.1712e-15 -1.08679e-25 -6.79472e-16  9.73286e-26 -5.19079e-17 -7.53334e-26  1.98132e-16   4.8889e-26 -4.36864e-17 -2.49638e-26 -3.53214e-17   8.2256e-27  1.54528e-17  4.16484e-28  4.84863e-18 -3.02867e-27 -3.15152e-18  2.63129e-27 -6.30058e-19 -1.51084e-27  4.64864e-19  6.88972e-28  8.99285e-20 -2.95277e-28 -4.96761e-20  1.46107e-28 -1.23978e-20 -8.38255e-29  3.35233e-21  4.60554e-29  1.27292e-21 -2.12667e-29 -7.87157e-23  7.83738e-30   -7.787e-23 -2.23024e-30 -5.69538e-24   4.8286e-31  2.10135e-24 -1.00607e-31  3.96236e-25  3.89097e-32 -1.82345e-27 -1.88013e-32 -6.11984e-27  6.39548e-33 -4.87681e-28 -1.38329e-33  5.23136e-30     1.86e-34  1.82566e-30 -1.44019e-35  4.44527e-32  4.31319e-37
 2.27535e-44   3.2925e-34 -4.46611e-43 -2.82745e-32  2.53429e-42   1.3071e-30 -1.85375e-42 -4.06933e-29  1.60384e-41  9.43458e-28   9.5535e-41 -1.72397e-26 -5.56923e-40  2.57442e-25  1.99058e-39 -3.22132e-24 -5.79116e-39  3.43937e-23  9.29054e-39 -3.17638e-22  4.53084e-39  2.56417e-21  1.24765e-37 -1.82419e-20 -3.15228e-36  1.15103e-19  3.42474e-35 -6.47414e-19  -2.7172e-34   3.2587e-18  1.78457e-33 -1.47213e-17 -1.01211e-32  5.98134e-17  5.03734e-32 -2.18861e-16 -2.21504e-31  7.21622e-16   8.6277e-31 -2.14366e-15 -2.97568e-30  5.73197e-15  9.05191e-30 -1.37716e-14 -2.40438e-29   2.9648e-14  5.45113e-29 -5.69643e-14 -9.96245e-29  9.71354e-14  1.19844e-28 -1.45853e-13  3.98654e-29  1.90697e-13 -7.96093e-28 -2.13476e-13  3.04096e-27  1.99082e-13 -8.35419e-27 -1.46925e-13  1.90364e-26  7.56359e-14 -3.76972e-26 -1.39936e-14  6.61781e-26 -1.74533e-14 -1.03902e-25  1.89475e-14  1.46311e-25 -6.95255e-15 -1.84591e-25 -2.11661e-15  2.07769e-25  3.30591e-15 -2.07081e-25 -8.70102e-16  1.80651e-25  -5.8147e-16 -1.35426e-25  4.10067e-16  8.44736e-26  3.28986e-17 -4.08905e-26 -9.76726e-17  1.21548e-26  8.42213e-18  1.61547e-27  1.73442e-17 -5.19138e-27 -2.61688e-18  4.18665e-27  -2.5929e-18 -2.34377e-27  3.58972e-19  1.10097e-27  3.31493e-19 -5.19089e-28 -2.12267e-20  2.79018e-28 -3.33569e-20 -1.58235e-28 -1.27949e-21  8.11862e-29  2.23645e-21 -3.45411e-29  3.27677e-22  1.16976e-29 -7.25459e-23 -3.04037e-30 -2.17803e-23  6.00695e-31 -2.18202e-25 -1.26289e-31  5.08212e-25  5.35164e-32  5.56603e-26 -2.43008e-32 -1.37208e-27  7.26205e-33  -5.5463e-28 -1.32689e-33 -2.59726e-29  1.41853e-34    1.707e-31 -7.59699e-36  1.68327e-32
-5.98424e-35  1.38342e-43  9.00472e-33 -1.50328e-42 -5.44272e-31  6.55934e-42  2.03242e-29  3.58184e-42 -5.41927e-28 -2.35895e-41  1.11101e-26  5.72041e-40 -1.83147e-25 -2.87223e-39  2.50126e-24  1.00935e-38 -2.89071e-23 -2.26806e-38  2.87177e-22  2.73158e-39 -2.48183e-21  1.24765e-37  1.88317e-20  1.21058e-36 -1.26372e-19 -2.50812e-35  7.54262e-19   2.4812e-34 -4.02194e-18 -1.85737e-33  1.92252e-17  1.16557e-32 -8.25873e-17 -6.34921e-32   3.1938e-16   3.0458e-31 -1.11294e-15 -1.29606e-30  3.49544e-15  4.91259e-30 -9.88962e-15 -1.66244e-29  2.51729e-14  5.02487e-29 -5.75177e-14 -1.35402e-28  1.17584e-13  3.23467e-28 -2.14061e-13 -6.76648e-28  3.44775e-13  1.20567e-27  -4.8678e-13 -1.70265e-27  5.94411e-13  1.41928e-27 -6.14807e-13  1.39703e-27   5.1964e-13   -9.947e-27 -3.33137e-13  2.89232e-26  1.28565e-13 -6.36065e-26  1.44915e-14  1.17591e-25 -6.19638e-14  -1.8939e-25  4.08197e-14  2.69392e-25 -5.23444e-15 -3.39707e-25  -1.0371e-14  3.79006e-25  6.73558e-15 -3.71693e-25  1.52506e-16  3.16782e-25 -1.87063e-15 -2.30222e-25  5.08975e-16  1.37836e-25  3.15696e-16 -6.28445e-26 -1.66966e-16  1.62274e-26 -3.98793e-17  4.42914e-27  3.37178e-17 -8.85616e-27   4.8079e-18  6.72985e-27 -5.06008e-18 -3.77741e-27 -7.12284e-19  1.88544e-27   5.6556e-19 -9.70733e-28  1.10208e-19  5.37862e-28 -4.18966e-20 -2.90841e-28 -1.26576e-20  1.37317e-28  1.39431e-21 -5.31559e-29  8.59423e-22  1.62277e-29  3.86598e-23 -3.73995e-30  -2.6652e-23  6.52991e-31 -4.13768e-24 -1.44711e-31  1.25586e-25  6.87005e-32  7.55199e-26  -2.8754e-32  5.00816e-27  7.40632e-33 -1.38396e-28 -1.11311e-33 -2.32524e-29  8.97294e-35 -4.83158e-31 -2.72126e-36
-4.73563e-44 -2.25292e-33  5.68067e-43  1.95066e-31 -3.97475e-42 -9.04118e-30  1.18972e-41  2.82267e-28  6.41823e-41 -6.56398e-27 -4.63839e-40  1.20326e-25  3.54943e-39 -1.80294e-24 -1.56969e-38  2.26411e-23  4.64343e-38 -2.42658e-22 -5.30857e-38  2.25009e-21  -2.8089e-37 -1.82419e-20  1.21058e-36  1.30364e-19  9.14121e-36 -8.26529e-19 -1.71049e-34  4.67261e-18   1.5919e-33 -2.36461e-17 -1.13784e-32  1.07434e-16  6.84752e-32 -4.39162e-16 -3.58127e-31  1.61729e-15  1.65091e-30 -5.36908e-15 -6.76137e-30   1.6066e-14  2.47312e-29 -4.32945e-14 -8.10825e-29  1.04887e-13  2.38838e-28  -2.2783e-13 -6.32764e-28  4.41978e-13  1.50702e-27 -7.61586e-13 -3.21736e-27  1.15676e-12  6.11451e-27 -1.53188e-12 -1.01878e-26  1.74008e-12  1.43652e-26 -1.65127e-12 -1.55004e-26  1.24668e-12  7.37988e-27 -6.66147e-13  1.94831e-26  1.44485e-13 -7.61194e-26  1.37015e-13  1.70486e-25 -1.64272e-13 -3.00412e-25  6.65186e-14  4.47279e-25  1.47158e-14 -5.75979e-25 -2.92127e-14  6.45496e-25  9.07488e-15 -6.27896e-25  4.66687e-15  5.25058e-25 -3.91022e-15 -3.70452e-25 -9.48834e-17  2.12528e-25  9.03128e-16 -9.04651e-26 -1.25492e-16  1.89024e-26 -1.57769e-16  1.02941e-26  3.32347e-17 -1.50941e-26  2.36535e-17  1.10295e-26 -4.73615e-18 -6.34058e-27 -3.11668e-18  3.37237e-27  3.64693e-19 -1.82972e-27  3.31793e-19  1.00423e-27 -9.02713e-22 -5.10111e-28 -2.41602e-20  2.20514e-28 -2.65883e-21 -7.69092e-29  9.11715e-22  2.07073e-29  2.17823e-22 -4.05806e-30 -4.21197e-24  5.95619e-31 -5.90725e-24 -1.53078e-31 -5.28959e-25  8.21303e-32  2.77062e-26 -3.08939e-32  6.48791e-27  6.70509e-33  2.51019e-28 -7.99939e-34 -4.21858e-30  4.44323e-35 -2.08448e-31
