   3.036e-35  5.12327e-51 -2.43393e-35 -1.41216e-49 -1.62426e-35  9.93251e-50  1.84009e-35  4.96229e-48  2.09696e-37 -1.27436e-46 -4.85665e-36   2.9519e-46  -3.2077e-36  1.45881e-45  6.84199e-36 -6.05027e-46 -3.79752e-36  1.32958e-44 -4.09355e-37 -3.37923e-44  4.15276e-36  4.24471e-44 -1.90436e-35 -6.52476e-44  1.18421e-34  1.93383e-43 -6.92976e-34 -1.87331e-43  3.63007e-33  4.00486e-44 -1.70221e-32  7.07198e-44  7.16081e-32 -1.57252e-42 -2.70678e-31  5.84785e-42  9.20155e-31 -2.34715e-41 -2.81346e-30  8.66241e-41  7.73249e-30  -2.9512e-40 -1.90753e-29   9.2128e-40  4.21373e-29  -2.6334e-39 -8.30617e-29  6.86161e-39  1.45396e-28 -1.62321e-38 -2.24475e-28  3.46534e-38  3.02758e-28 -6.60676e-38 -3.51783e-28    1.104e-37  3.44576e-28 -1.55568e-37 -2.74038e-28  1.66778e-37   1.6349e-28 -7.90341e-38 -5.66745e-29 -1.96405e-37 -9.28529e-30  7.41358e-37   2.6553e-29 -1.57704e-36 -1.51519e-29  2.60976e-36  9.72154e-31 -3.61567e-36  3.83621e-30   4.2976e-36  -1.9662e-30 -4.40672e-36 -2.24326e-31  3.87007e-36  5.31303e-31 -2.84293e-36 -8.75645e-32  1.64302e-36 -8.87255e-32 -6.01338e-37   2.9632e-32 -7.90039e-38  1.20393e-32  3.75378e-37 -5.70208e-33 -3.97795e-37 -1.24359e-33  2.93932e-37  5.40644e-34 -1.74084e-37   2.7372e-34  8.76525e-38 -1.09677e-34 -3.94874e-38  1.17706e-36  1.68524e-38 -4.32283e-36 -7.08764e-39  3.63421e-36  2.88888e-39 -4.24171e-37 -1.06762e-39 -2.71981e-38   3.3133e-40 -4.60511e-39 -8.04323e-41 -1.53747e-39  1.40478e-41  1.10054e-39   -1.492e-42 -1.18913e-40  3.35011e-44  1.11817e-41  1.48012e-44 -1.54215e-42 -2.06358e-45  4.15106e-44  1.02154e-46  2.62695e-45 -7.77835e-49 -1.25526e-46 -4.73449e-50
 5.12327e-51  5.93973e-35  1.24405e-49 -3.34309e-35  -2.3575e-48 -3.09857e-35  4.65166e-49  2.90228e-35  6.23871e-47 -1.71478e-36 -1.36207e-45 -3.40358e-36  2.81083e-45 -8.97615e-36  1.33045e-44  1.68245e-35 -5.82756e-45 -1.17689e-35  1.04842e-43 -1.03103e-35 -2.25878e-43  1.02567e-34  2.24557e-43 -6.93294e-34 -3.56138e-43   4.3033e-33  1.14331e-42 -2.38861e-32 -8.82859e-43  1.18511e-31 -7.28459e-43 -5.26956e-31  5.27991e-42  2.10406e-30 -3.12337e-41 -7.55349e-30  1.27931e-40  2.43926e-29 -5.03608e-40 -7.08414e-29  1.81367e-39  1.84838e-28 -6.00174e-39 -4.32467e-28  1.82076e-38  9.04742e-28  -5.0593e-38 -1.68545e-27  1.28454e-37  2.77993e-27 -2.97082e-37 -4.02712e-27  6.22868e-37  5.06554e-27 -1.17469e-36 -5.43841e-27  1.96678e-36  4.84613e-27 -2.85293e-36 -3.40094e-27   3.3967e-36  1.65057e-27 -2.80113e-36 -2.72627e-28  2.72882e-38  -3.5655e-28  5.80216e-36  3.51959e-28 -1.47811e-35 -1.13695e-28  2.56859e-35 -4.09449e-29 -3.59683e-35  5.15202e-29  4.25399e-35 -1.05148e-29 -4.31175e-35 -8.94253e-30  3.74036e-35  4.94917e-30  -2.7326e-35   7.3997e-31  1.61108e-35 -1.09294e-30 -6.75207e-36   1.2826e-32  8.20155e-37  1.77889e-31  1.77026e-36 -1.25437e-32 -2.13533e-36 -2.24481e-32   1.5438e-36  3.88944e-34 -8.46805e-37  3.03463e-33  3.78833e-37 -2.16052e-34 -1.47474e-37 -1.03834e-34  5.55226e-38 -5.59042e-35 -2.25127e-38  1.99782e-35   9.5963e-39  4.22599e-37 -3.75069e-39  -3.0287e-38  1.19398e-39 -8.78752e-38  -2.8587e-40   -1.409e-38    4.728e-41  3.73935e-39 -4.49001e-42 -9.63449e-41  4.79263e-44  3.68576e-41  4.14781e-44 -4.25891e-42 -4.33854e-45  4.27363e-45  1.41434e-46  3.25445e-45  5.37271e-49 -1.33257e-46
-2.43393e-35  1.24405e-49  9.16893e-35  1.85711e-48 -5.98081e-35 -2.37139e-47 -3.08482e-35 -9.31029e-49  3.92337e-35  5.20788e-46 -1.14113e-35 -9.77548e-45 -2.14691e-36  1.82072e-44 -9.26287e-36  8.05862e-44  2.52369e-35 -3.39659e-44   1.3743e-35  5.58603e-43 -3.60394e-34 -9.99798e-43  2.75756e-33  7.44043e-43  -1.8231e-32 -1.24316e-42  1.07323e-31  4.26678e-42 -5.63797e-31 -5.32385e-43  2.65102e-30 -1.90771e-41 -1.11843e-29  9.96591e-41  4.24053e-29 -4.74249e-40 -1.44618e-28  1.94434e-39  4.43684e-28 -7.40535e-39  -1.2238e-27  2.58479e-38  3.03046e-27 -8.28647e-38 -6.72129e-27  2.43799e-37  1.33058e-26 -6.57743e-37 -2.33975e-26  1.62442e-36  3.62994e-26 -3.66303e-36 -4.92156e-26   7.5119e-36  5.75116e-26 -1.39231e-35 -5.66901e-26  2.30922e-35  4.54137e-26 -3.36852e-35 -2.73438e-26  4.17704e-35  9.63718e-27 -4.04531e-35  1.46149e-27  2.12582e-35 -4.47044e-27  2.22226e-35  2.60419e-27 -8.94173e-35 -1.93543e-28  1.69361e-34 -6.53624e-28 -2.41996e-34  3.46242e-28   2.8528e-34  3.44732e-29 -2.85222e-34 -9.30714e-29  2.43023e-34  1.65667e-29 -1.74545e-34  1.55301e-29  1.02193e-34 -5.54658e-30 -4.44179e-35 -2.03946e-30  9.16516e-36  1.01684e-30   5.9014e-36  2.49678e-31 -8.42322e-36 -1.28342e-31  5.92667e-36 -3.42666e-32 -2.97323e-36  1.35795e-32  1.13923e-36  2.72213e-33 -3.48336e-37 -2.73743e-34  1.00146e-37 -4.13293e-34 -3.86302e-38  3.35385e-35  1.94319e-38  9.65422e-36 -8.73795e-39  1.88042e-36  2.94554e-39 -2.68999e-37 -6.99533e-40 -8.57272e-38  1.08769e-40  2.85827e-39 -9.04227e-42  2.60138e-40 -1.08639e-44   1.2625e-40  7.37756e-44  -4.5371e-42   -5.309e-45 -6.69797e-44  7.29591e-47 -1.16056e-45   1.9912e-48
-1.41216e-49 -3.34309e-35  1.85711e-48  1.52033e-34  1.91086e-47 -1.14837e-34 -1.73656e-46 -1.53829e-35 -2.57305e-47  6.03188e-35  3.37987e-45 -2.94585e-35 -5.46004e-44 -1.18319e-35  9.30782e-44  1.31337e-35  3.75494e-43 -7.46178e-35 -1.38137e-43  1.02517e-33  2.33358e-42 -8.60194e-33 -3.33621e-42  6.07901e-32  1.50531e-42 -3.80012e-31 -2.29099e-42  2.11538e-30  6.87719e-42 -1.05245e-29   3.9324e-41  4.69327e-29 -2.75065e-40 -1.87969e-28  1.32287e-39  6.76982e-28 -5.83913e-39 -2.19367e-27  2.33105e-38   6.3939e-27 -8.57223e-38 -1.67467e-26  2.89429e-37  3.93415e-26 -8.98136e-37  -8.2659e-26  2.56056e-36  1.54693e-25 -6.70192e-36 -2.56396e-25  1.60807e-35  3.73384e-25 -3.52912e-35 -4.72346e-25  7.05974e-35    5.103e-25  -1.2806e-34 -4.57956e-25  2.08948e-34  3.24131e-25 -3.02633e-34 -1.59242e-25  3.79828e-34   2.7539e-26 -3.92099e-34   3.3834e-26  2.84062e-34 -3.42716e-26 -1.94157e-35   1.1423e-26 -3.88732e-34  3.85037e-27    8.624e-34 -5.10757e-27 -1.27564e-33  1.10855e-27  1.50398e-33  8.74316e-28 -1.48238e-33 -5.08537e-28  1.23674e-33 -6.74228e-29 -8.67712e-34  1.12345e-28  4.97757e-34 -3.09108e-30 -2.15787e-34 -1.82447e-29  5.10382e-35  1.45926e-30   1.6845e-35   2.4492e-30 -2.85573e-35 -1.54248e-31  1.94266e-35 -2.77731e-31 -8.88561e-36  5.01974e-33  2.83434e-36  2.03292e-32 -5.65264e-37  2.92833e-33  4.88438e-38 -1.51032e-33  -1.4198e-38 -1.63093e-34  2.35128e-38  1.63838e-35 -1.54354e-38    1.194e-35  5.78245e-39  5.18997e-37 -1.36695e-39 -2.23276e-37  1.97583e-40 -2.01114e-38 -1.39956e-41 -5.70449e-40 -1.70168e-43  2.53251e-40  9.10235e-44  3.64798e-42 -3.46129e-45  1.45573e-43 -6.29066e-47 -2.11783e-45
-1.62426e-35  -2.3575e-48 -5.98081e-35  1.91086e-47    2.448e-34  1.46044e-46 -1.95712e-34 -1.00467e-45 -1.83116e-36 -1.95829e-46  1.06574e-34  1.81687e-44 -5.08522e-35 -2.52347e-43 -5.96561e-35  3.99582e-43  2.91921e-34  1.43437e-42 -2.56616e-33 -3.92837e-43  2.24059e-32  8.14045e-42 -1.69092e-31 -8.46862e-42  1.12398e-30 -9.22472e-43 -6.63622e-30  1.07362e-41  3.49587e-29 -6.85405e-41 -1.64858e-28  5.83078e-40  6.97655e-28 -3.11955e-39 -2.65375e-27  1.43261e-38   9.0814e-27 -6.04229e-38 -2.79629e-26  2.33232e-37  7.74259e-26 -8.28107e-37 -1.92511e-25  2.70332e-36  4.28822e-25 -8.11788e-36 -8.52836e-25  2.24187e-35  1.50704e-24 -5.68972e-35 -2.35042e-24  1.32526e-34  3.20495e-24 -2.82711e-34 -3.76858e-24  5.50642e-34  3.74065e-24 -9.74775e-34 -3.02092e-24  1.55769e-33  1.83799e-24  -2.2229e-33 -6.60517e-25  2.78097e-33 -9.00419e-26   -2.941e-33  3.01726e-25  2.39801e-33 -1.80102e-25 -9.87772e-34  1.56073e-26  -1.1601e-33  4.45965e-26  3.57808e-33 -2.45552e-26 -5.59789e-33 -2.02619e-27  6.63163e-33   6.5495e-27 -6.44534e-33 -1.27208e-27  5.25551e-33 -1.08445e-27  -3.5884e-33  4.15222e-28  2.00202e-33  1.40775e-28 -8.49725e-34 -7.63333e-29  2.07243e-34 -1.73875e-29  4.56482e-35  1.00676e-29 -8.77115e-35  2.21681e-30  5.74319e-35 -9.47206e-31 -2.41902e-35 -2.49522e-31  6.43284e-36  4.67638e-32 -5.51311e-37  2.46792e-32 -3.48885e-37 -1.33132e-33  1.45903e-37 -1.02033e-33  1.27521e-39 -1.19114e-34 -2.16647e-38  2.65095e-35  9.69118e-39  5.32507e-36 -2.27604e-39 -1.65868e-39  3.01034e-40 -6.16674e-38 -1.76345e-41 -5.85753e-39 -3.43756e-43  1.07222e-40  7.07786e-44  1.05716e-41  7.01344e-46  5.14073e-43 -1.34003e-46
 9.93251e-50 -3.09857e-35 -2.37139e-47 -1.14837e-34  1.46044e-46  3.63923e-34  8.70188e-46 -2.89391e-34 -4.80184e-45 -1.51261e-35 -1.10378e-45  1.82011e-34  8.35383e-44 -3.38737e-35 -9.97592e-43 -5.90043e-34  1.48859e-42  5.53343e-33  4.67413e-42 -5.03469e-32 -5.90381e-43  4.05013e-31  2.44354e-41 -2.86615e-30 -1.29585e-41  1.79678e-29 -3.69842e-41 -1.00299e-28  1.93928e-40  5.00473e-28 -1.07822e-39 -2.23869e-27  6.14563e-39  8.99544e-27 -3.01267e-38 -3.25096e-26  1.33055e-37  1.05728e-25 -5.39872e-37  -3.0936e-25  2.01188e-36  8.13589e-25 -6.89903e-36 -1.91962e-24  2.17754e-35  4.05193e-24 -6.32785e-35 -7.62049e-24  1.69255e-34  1.26975e-23 -4.16394e-34 -1.85967e-23  9.40996e-34  2.36717e-23 -1.94955e-33 -2.57496e-23  3.69232e-33  2.32894e-23 -6.36638e-33 -1.66412e-23  9.93337e-33  8.29048e-24  -1.3897e-32  -1.5117e-24  1.71724e-32 -1.72028e-24 -1.82306e-32   1.7977e-24  1.56264e-32 -6.21154e-25 -8.78563e-33 -1.92577e-25 -1.35635e-33   2.7278e-25  1.23602e-32 -6.33839e-26 -2.11393e-32 -4.58017e-26  2.53114e-32  2.82374e-26 -2.42709e-32  3.18557e-27   1.9317e-32  -6.2213e-27 -1.28034e-32  2.78669e-28  6.91763e-33   1.0151e-27  -2.8477e-33 -1.00333e-28  6.86892e-34 -1.37844e-28  1.21466e-34  1.17158e-29 -2.46636e-34  1.54928e-29  1.55417e-34 -2.98327e-31 -6.14226e-35 -1.31847e-30  1.41837e-35 -1.08389e-31   5.2475e-38  7.90219e-32 -1.50716e-36  1.18883e-32  5.90645e-37  -1.6155e-33 -7.63375e-38 -6.96605e-34 -2.47761e-38 -1.99067e-35  1.45822e-38  1.26862e-35  -3.3618e-39  1.46555e-36  3.99082e-40 -1.24515e-38 -1.89966e-41 -1.19093e-38 -3.14925e-43 -5.05956e-40  8.58287e-45 -3.79646e-42  4.41136e-45  3.55883e-43
 1.84009e-35  4.65166e-49 -3.08482e-35 -1.73656e-46 -1.95712e-34  8.70188e-46  5.03149e-34  4.14821e-45 -3.77765e-34 -1.94376e-44 -6.49729e-35 -5.93176e-45  2.21983e-34  3.34303e-43  7.76114e-34 -3.43944e-42 -1.01254e-32  4.89891e-42  9.91362e-32  1.34092e-41 -8.51853e-31  1.47294e-42   6.4262e-30  6.23055e-41 -4.28256e-29  2.83455e-41  2.53558e-28  -3.6032e-40 -1.33964e-27  1.96445e-39  6.33705e-27 -1.06494e-38 -2.69056e-26  5.48009e-38  1.02699e-25 -2.55309e-37 -3.52738e-25  1.08606e-36  1.09035e-24 -4.24732e-36 -3.03151e-24  1.52803e-35  7.57048e-24 -5.06257e-35 -1.69419e-23  1.54528e-34  3.38609e-23 -4.34607e-34  -6.0153e-23  1.12591e-33  9.43514e-23 -2.68466e-33  -1.2945e-22  5.88436e-33   1.5325e-22 -1.18331e-32 -1.53276e-22  2.17724e-32  1.24897e-22 -3.65131e-32 -7.68852e-23  5.55066e-32  2.82529e-23 -7.58686e-32  3.33236e-24  9.20513e-32 -1.26379e-23 -9.69422e-32  7.75978e-24  8.46151e-32 -7.85291e-25  -5.3787e-32  -1.8858e-24  9.97652e-33  1.08581e-24  3.55382e-32  6.82672e-26 -7.01402e-32 -2.86459e-25  8.54754e-32  6.11188e-26 -8.09051e-32   4.6872e-26  6.27753e-32 -1.94193e-26 -4.03113e-32 -5.98232e-27  2.10363e-32  3.58909e-27 -8.36097e-33     7.28e-28   1.9618e-33 -4.79824e-28  3.08742e-34 -9.42277e-29 -6.31416e-34  4.57103e-29  3.84413e-34  1.16009e-29 -1.45424e-34 -2.68462e-30  3.10155e-35  -1.0739e-30  1.39696e-36  5.79724e-32 -3.90462e-36  5.48845e-32  1.48126e-36  4.62747e-33 -2.32893e-37 -1.37973e-33 -2.45122e-38 -2.51616e-34  2.06024e-38  9.68548e-37 -4.54095e-39  3.43152e-36  4.74962e-40  2.56868e-37 -1.90877e-41 -2.82654e-39  1.41779e-43 -8.37655e-40  -6.9386e-44 -2.33888e-41  4.67354e-45
 4.96229e-48  2.90228e-35 -9.31029e-49 -1.53829e-35 -1.00467e-45 -2.89391e-34  4.14821e-45  6.54216e-34  1.58727e-44 -4.51938e-34 -6.73263e-44 -6.71622e-35 -3.26222e-44  -9.0471e-34  1.17438e-42  1.60826e-32 -1.04516e-41 -1.72882e-31  1.43713e-41  1.59351e-30  3.47363e-41 -1.28374e-29  1.87458e-41  9.10684e-29  1.11285e-40 -5.72494e-28  4.75708e-40  3.20519e-27 -3.01531e-39 -1.60431e-26  1.67842e-38      7.2e-26 -8.84256e-38 -2.90317e-25  4.31739e-37  1.05308e-24 -1.92959e-36 -3.43821e-24  7.91095e-36  1.01018e-23 -2.98438e-35 -2.66836e-23  1.03689e-34  6.32524e-23 -3.32054e-34 -1.34177e-22  9.80476e-34  2.53689e-22 -2.66947e-33 -4.25118e-22  6.69885e-33  6.26464e-22 -1.54813e-32 -8.02799e-22  3.29056e-32  8.79808e-22 -6.42044e-32 -8.02594e-22  1.14692e-31   5.7956e-22 -1.86891e-31 -2.93302e-22  2.76373e-31   5.6725e-23 -3.68161e-31  5.89674e-23  4.36801e-31 -6.39555e-23  -4.5287e-31  2.30128e-23  3.95473e-31  6.43018e-24 -2.65405e-31 -9.88023e-24  9.05371e-32  2.47265e-24  8.24203e-32  1.61661e-24 -2.07446e-31 -1.06638e-24  2.59327e-31 -9.64653e-26 -2.42332e-31  2.33843e-25  1.83046e-31 -1.52029e-26 -1.13672e-31 -3.82483e-26  5.71869e-32  4.63747e-27 -2.19059e-32  5.23145e-27  4.98325e-33 -5.58942e-28  7.14042e-34 -6.00267e-28  -1.4604e-33  2.20911e-29     8.65e-34  5.35921e-29 -3.18555e-34  3.06786e-30  6.62771e-35 -3.16347e-30  2.80526e-36 -4.82721e-31 -7.83765e-36  8.21384e-32  2.90145e-36  2.78044e-32 -4.63041e-37  5.19335e-34 -2.65979e-38 -5.49398e-34  2.84095e-38 -6.01734e-35 -5.75085e-39  1.09122e-36  5.25362e-40  5.10221e-37  -2.0678e-41  2.41064e-38  1.02873e-42 -9.46996e-41 -1.15873e-43 -1.50955e-41
 2.09696e-37  6.23871e-47  3.92337e-35 -2.57305e-47 -1.83116e-36 -4.80184e-45 -3.77765e-34  1.58727e-44  8.11839e-34  4.70867e-44 -6.01281e-34 -1.98643e-43    1.465e-33  -1.7225e-43 -2.28834e-32  3.62772e-42  2.69572e-31 -2.80903e-41 -2.67513e-30  3.78476e-41  2.30631e-29  8.11641e-41 -1.74432e-28  1.26373e-40  1.16569e-27 -1.34639e-40 -6.92216e-27  3.99696e-39  3.66866e-26 -2.33499e-38 -1.74118e-25  1.28268e-37  7.41848e-25 -6.52808e-37 -2.84214e-24  3.05744e-36  9.80007e-24 -1.31477e-35  -3.0419e-23  5.19787e-35  8.49467e-23 -1.89275e-34 -2.13128e-22  6.35399e-34  4.79334e-22 -1.96771e-33 -9.63122e-22  5.62273e-33  1.72072e-21  -1.4824e-32  -2.7156e-21  3.60415e-32  3.75073e-21 -8.07368e-32 -4.47307e-21  1.66408e-31   4.5111e-21 -3.14973e-31 -3.71213e-21  5.46037e-31   2.3151e-21 -8.63912e-31  -8.7229e-22  1.24133e-30 -8.43396e-23 -1.60864e-30  3.79837e-22  1.86078e-30 -2.40885e-22 -1.88937e-30  2.84176e-23  1.63269e-30  5.71244e-23 -1.11872e-30 -3.46175e-23  4.70891e-31  -1.4075e-24   1.3639e-31  9.00231e-24 -5.52895e-31 -2.12222e-24  7.15061e-31 -1.44841e-24 -6.59328e-31  6.55982e-25  4.83892e-31  1.80019e-25 -2.90001e-31 -1.21619e-25  1.40434e-31 -2.14266e-26 -5.18393e-32  1.64745e-26  1.14884e-32  2.84783e-27  1.43573e-33  -1.6198e-27 -3.03436e-33 -3.69807e-28  1.76581e-33  1.02101e-28 -6.41904e-34  3.53802e-29  1.35106e-34 -2.46643e-30   1.9409e-36 -1.99422e-30 -1.30427e-35 -1.29999e-31  4.73291e-36  5.20915e-32 -7.06988e-37  8.71619e-33 -4.49799e-38 -1.22996e-34  3.91107e-38 -1.29922e-34 -6.95724e-39 -9.03886e-36  5.61374e-40  1.57339e-37 -2.60963e-41  3.50589e-38  1.95784e-42  7.47021e-40 -9.55483e-44
-1.27436e-46 -1.71478e-36  5.20788e-46  6.03188e-35 -1.95829e-46 -1.51261e-35 -1.94376e-44 -4.51938e-34  4.70867e-44  1.06542e-33   9.1909e-44 -2.55684e-33 -4.85912e-43  2.99172e-32 -8.15154e-43  -3.7874e-31  9.80198e-42  4.05692e-30 -6.66193e-41 -3.75173e-29  9.17618e-41  3.03059e-28  1.48883e-40 -2.15593e-27  8.01832e-40  1.35933e-26 -3.40518e-39 -7.63427e-26  2.92479e-38  3.83391e-25 -1.66919e-37 -1.72666e-24  8.89671e-37  6.98807e-24 -4.36184e-36 -2.54479e-23  1.96518e-35  8.34313e-23 -8.14157e-35 -2.46214e-22  3.10562e-34   6.5342e-22 -1.09225e-33 -1.55665e-21  3.54475e-33  3.31971e-21 -1.06208e-32  -6.3124e-21  2.93827e-32  1.06429e-20 -7.50417e-32 -1.57879e-20  1.76821e-31  2.03792e-20 -3.84019e-31 -2.25157e-20  7.67594e-31  2.07326e-20 -1.40931e-30 -1.51458e-20   2.3704e-30  7.79998e-21  -3.6395e-30 -1.60778e-21   5.0768e-30 -1.50578e-21 -6.39133e-30  1.70673e-21  7.19194e-30 -6.42328e-22 -7.12426e-30 -1.57798e-22  6.04707e-30  2.68385e-22  -4.1497e-30 -7.27255e-23  1.91845e-30 -4.24527e-23  5.75194e-32  3.02844e-23 -1.34041e-30  1.98395e-24  1.80864e-30 -6.59423e-24  -1.6429e-30  5.82668e-25  1.16843e-30  1.07839e-24 -6.74094e-31 -1.58741e-25  3.13708e-31 -1.48634e-25   -1.117e-31  1.97323e-26  2.43676e-32    1.745e-26  2.37704e-33 -1.04353e-27 -5.63994e-33 -1.61049e-27  3.26983e-33 -6.03127e-29 -1.18896e-33  9.86802e-29  2.58947e-34  1.37349e-29 -6.17857e-36 -2.91719e-30  -1.8224e-35 -8.41858e-31  6.52377e-36 -5.48185e-33 -8.34127e-37  1.81218e-32 -1.00452e-37  1.82239e-33   5.3678e-38 -5.24093e-35 -8.11215e-39 -1.73149e-35  5.96483e-40 -7.40876e-37 -3.42591e-41  7.55943e-39  2.28841e-42  4.86775e-40
-4.85665e-36 -1.36207e-45 -1.14113e-35  3.37987e-45  1.06574e-34 -1.10378e-45 -6.49729e-35 -6.73263e-44 -6.01281e-34   9.1909e-44  3.23119e-33 -1.29416e-44 -3.58316e-32 -9.04744e-43  4.82141e-31 -3.37458e-42 -5.58465e-30  2.28715e-41  5.55392e-29  -1.3927e-40 -4.80117e-28   2.2852e-40  3.64148e-27 -3.41917e-41 -2.44076e-26  5.19124e-39  1.45394e-25  -2.9288e-38 -7.73136e-25  1.97461e-37  3.68228e-24 -1.09713e-36 -1.57473e-23  5.63728e-36  6.05684e-23 -2.66023e-35 -2.09721e-22  1.15416e-34  6.53851e-22  -4.6104e-34 -1.83451e-21  1.69785e-33  4.62576e-21 -5.77085e-33  -1.0459e-20   1.8116e-32  2.11352e-20  -5.2544e-32 -3.79916e-20  1.40808e-31  6.03539e-20 -3.48521e-31 -8.39608e-20  7.96195e-31  1.00929e-19 -1.67695e-30 -1.02709e-19  3.25133e-30  8.54303e-20 -5.79079e-30 -5.40485e-20  9.44869e-30  2.09357e-20 -1.40739e-29   1.5228e-21  1.90466e-29 -8.81986e-21 -2.32691e-29  5.80209e-21  2.54268e-29 -7.94879e-22 -2.45012e-29 -1.33397e-21  2.03177e-29   8.5681e-22 -1.37911e-29  1.36214e-23   6.6423e-30 -2.18801e-22 -6.74628e-31   5.7285e-23 -2.98369e-30  3.43979e-23  4.22968e-30 -1.72196e-23 -3.77343e-30 -4.11143e-24  2.59123e-30  3.19775e-24 -1.43448e-30  4.72762e-25  6.40375e-31 -4.39506e-25 -2.20346e-31  -6.4596e-26  4.80127e-32  4.46085e-26  2.84011e-33  8.93063e-27 -9.32955e-33 -2.97237e-27  5.50407e-33 -9.09682e-28 -2.03358e-33  8.53142e-29  4.66281e-34  5.50503e-29 -3.05718e-35  2.68329e-30  -2.0499e-35 -1.53816e-30  7.38645e-36 -2.33034e-31 -6.48737e-37  6.40431e-33 -2.14147e-37  3.83371e-33  7.19301e-38  2.42515e-34 -9.08499e-39   -6.787e-36  6.28563e-40 -1.05663e-36  -3.9748e-41 -1.98677e-38   1.6275e-42
  2.9519e-46 -3.40358e-36 -9.77548e-45 -2.94585e-35  1.81687e-44  1.82011e-34 -5.93176e-45 -6.71622e-35 -1.98643e-43 -2.55684e-33 -1.29416e-44  3.83301e-32 -1.15655e-42 -5.57508e-31 -8.41537e-43  7.00207e-30 -1.23176e-41 -7.50969e-29  4.56475e-41  6.96309e-28 -2.68849e-40 -5.64055e-27  7.65896e-40  4.02458e-26    -2.94e-39 -2.54553e-25  3.34073e-38  1.43439e-24 -2.02691e-37 -7.22892e-24  1.23522e-36  3.26782e-23 -6.63348e-36 -1.32777e-22  3.27887e-35   4.8555e-22  -1.4892e-34 -1.59896e-21   6.2255e-34  4.74095e-21 -2.39926e-33  -1.2645e-20  8.53497e-33  3.02851e-20 -2.80518e-32 -6.49546e-20  8.52308e-32  1.24266e-19 -2.39443e-31 -2.10896e-19  6.21901e-31  3.15085e-19  -1.4926e-30 -4.09912e-19  3.30754e-30  4.56871e-19 -6.75876e-30 -4.24986e-19  1.27145e-29  3.14428e-19 -2.19714e-29 -1.65069e-19   3.4779e-29     3.64e-20 -5.02461e-29  3.02824e-20  6.59411e-29   -3.616e-20 -7.81107e-29  1.42934e-20  8.27692e-29  2.99019e-21 -7.74024e-29 -5.78556e-21  6.24484e-29  1.70556e-21 -4.15614e-29  8.75936e-22  2.02453e-29 -6.84307e-22 -3.49863e-30 -2.59735e-23 -6.16548e-30  1.47558e-22  9.21074e-30  -1.6984e-23 -8.03052e-30 -2.40646e-23  5.29909e-30  4.27352e-24 -2.80325e-30   3.3406e-24  1.19773e-30 -5.47562e-25 -3.99418e-31 -4.01094e-25  8.85331e-32  3.48773e-26  8.86003e-34  3.83165e-26 -1.36064e-32  6.22338e-28  8.46067e-33  -2.4682e-27 -3.24471e-33 -2.98102e-28   7.9717e-34  8.06203e-29 -8.67304e-35   2.0273e-29 -1.47883e-35 -1.70907e-31   5.9837e-36 -4.77487e-31  6.87355e-38 -4.32556e-32 -3.96144e-37  1.88092e-33  9.15499e-38  4.63746e-34 -9.62947e-39  1.75187e-35  6.31143e-40 -2.83517e-37 -3.61076e-41 -1.31697e-38
 -3.2077e-36  2.81083e-45 -2.14691e-36 -5.46004e-44 -5.08522e-35  8.35383e-44  2.21983e-34 -3.26222e-44    1.465e-33 -4.85912e-43 -3.58316e-32 -1.15655e-42  5.85404e-31 -6.78098e-42  -8.0139e-30  2.31642e-42  9.29929e-29 -4.09622e-41 -9.27199e-28  8.57596e-41  8.03792e-27 -6.31167e-40 -6.11463e-26  3.93435e-39  4.11138e-25 -2.57329e-38  -2.4573e-24  2.06307e-37   1.3113e-23 -1.25009e-36 -6.26883e-23  7.15787e-36  2.69149e-22 -3.69984e-35 -1.03957e-21  1.75809e-34   3.6156e-21 -7.68566e-34 -1.13257e-20  3.09686e-33  3.19362e-20 -1.15197e-32 -8.09583e-20  3.96037e-32  1.84095e-19 -1.25935e-31 -3.74281e-19  3.70555e-31  6.77207e-19 -1.00896e-30 -1.08346e-18  2.54147e-30  1.51894e-18 -5.91839e-30 -1.84164e-18  1.27289e-29  1.89249e-18 -2.52486e-29  -1.5926e-18  4.61055e-29  1.02349e-18 -7.73254e-29 -4.08576e-19   1.1876e-28 -1.89259e-20 -1.66406e-28  1.65438e-19  2.11707e-28 -1.13415e-19 -2.42993e-28  1.79555e-20  2.49399e-28  2.50923e-20 -2.25904e-28  -1.7216e-20  1.76729e-28  1.96329e-22 -1.14555e-28  4.29903e-21   5.5365e-29 -1.25596e-21 -1.16588e-29 -6.55079e-22 -1.19973e-29  3.67114e-22  1.88013e-29   7.3942e-23 -1.59039e-29 -6.82156e-23  1.00213e-29 -8.01632e-24 -5.03874e-30  9.51567e-24  2.05482e-30  1.13045e-24  -6.6713e-31 -9.96072e-25  1.53782e-31 -1.70506e-25 -7.39375e-33  7.00711e-26 -1.71639e-32  1.88156e-26  1.19848e-32 -2.35281e-27 -4.91275e-33 -1.22224e-27  1.31721e-33 -3.85561e-29 -2.00605e-34  3.69742e-29  6.61871e-36  5.00073e-30  7.04271e-37 -2.24452e-31  1.47609e-36 -9.18142e-32 -6.32464e-37  -5.1258e-33  1.07896e-37  2.13561e-34 -9.44711e-39  2.56719e-35  5.66456e-40  4.35672e-37 -2.18798e-41
 1.45881e-45 -8.97615e-36  1.82072e-44 -1.18319e-35 -2.52347e-43 -3.38737e-35  3.34303e-43  -9.0471e-34  -1.7225e-43  2.99172e-32 -9.04744e-43 -5.57508e-31 -6.78098e-42  8.38191e-30  -2.7883e-41 -1.05646e-28  1.67159e-41  1.13602e-27 -1.32975e-40  -1.0563e-26    2.599e-40  8.58232e-26 -2.75963e-39 -6.14295e-25  2.42375e-38   3.8984e-24 -1.72963e-37 -2.20452e-23  1.20125e-36  1.11518e-22 -7.07103e-36  -5.0612e-22  3.85016e-35  2.06511e-21 -1.91116e-34 -7.58555e-21  8.72567e-34  2.50982e-20 -3.67084e-33  -7.4791e-20  1.42571e-32  2.00548e-19 -5.11965e-32 -4.83059e-19  1.70152e-31  1.04237e-18 -5.23717e-31 -2.00722e-18   1.4932e-30  3.43058e-18 -3.94317e-30 -5.16476e-18  9.63961e-30  6.77594e-18 -2.17968e-29 -7.62393e-18  4.55319e-29  7.17031e-18 -8.77275e-29 -5.37864e-18  1.55588e-28  2.88341e-18 -2.53365e-28 -6.82073e-19  3.77657e-28 -4.96538e-19 -5.13266e-28  6.30702e-19  6.32905e-28 -2.62905e-19 -7.03514e-28 -4.48053e-20  6.98698e-28  1.02605e-19 -6.11981e-28 -3.30496e-20  4.62903e-28 -1.46789e-20 -2.90638e-28  1.27528e-20  1.37438e-28  9.88382e-23 -3.12604e-29 -2.71499e-21 -2.23955e-29   3.9559e-22   3.6199e-29  4.40205e-22 -2.94164e-29 -9.40017e-23   1.7558e-29 -6.14475e-23 -8.33239e-30   1.2386e-23  3.23255e-30  7.54639e-24 -1.02934e-30 -8.99564e-25  2.53301e-31 -7.48793e-25 -2.83048e-32  6.05278e-27  -1.7974e-32  5.09224e-26  1.59487e-32  5.10072e-27 -7.23842e-33 -1.82251e-27  2.14482e-33  -4.0016e-28 -4.13197e-34  1.07447e-29  5.36685e-35  1.03869e-29 -9.85022e-36  8.27314e-31  3.55057e-36 -5.25716e-32  -8.7769e-37 -1.01778e-32  1.15261e-37 -3.35206e-34 -8.34472e-39   8.1128e-36  4.17307e-40   2.9919e-37
 6.84199e-36  1.33045e-44 -9.26287e-36  9.30782e-44 -5.96561e-35 -9.97592e-43  7.76114e-34  1.17438e-42 -2.28834e-32 -8.15154e-43  4.82141e-31 -8.41537e-43  -8.0139e-30  -2.7883e-41  1.10224e-28 -9.51448e-41 -1.28254e-27  6.69797e-41  1.28239e-26 -4.72499e-40 -1.11504e-25  1.65256e-39   8.5092e-25 -1.73992e-38 -5.74065e-24     1.48e-37  3.44327e-23 -1.02891e-36 -1.84435e-22   6.5739e-36  8.85227e-22 -3.71753e-35 -3.81671e-21  1.93102e-34  1.48077e-20 -9.18753e-34 -5.17451e-20  4.02605e-33  1.62905e-19 -1.62864e-32 -4.61819e-19  6.09374e-32  1.17739e-18 -2.11188e-31 -2.69363e-18  6.78542e-31  5.51213e-18 -2.02211e-30 -1.00435e-17  5.58942e-30  1.61908e-17 -1.43251e-29 -2.28877e-17  3.40148e-29  2.80072e-17 -7.47471e-29  -2.9085e-17  1.51787e-28  2.47873e-17 -2.84303e-28 -1.62031e-17  4.90072e-28  6.68154e-18 -7.75323e-28  1.18145e-19  1.12205e-27 -2.58201e-18 -1.47939e-27  1.85391e-18  1.76797e-27 -3.37357e-19 -1.90243e-27 -3.91239e-19  1.82673e-27  2.89303e-19 -1.54488e-27 -1.19401e-20  1.12693e-27  -7.0302e-20 -6.82087e-28  2.30268e-20  3.12054e-28  1.02734e-20 -7.17497e-29  -6.5455e-21 -4.09738e-29 -1.06357e-21  6.61158e-29  1.21573e-21 -5.09719e-29  1.03296e-22  2.85279e-29  -1.7206e-22 -1.26612e-29 -1.52064e-23   4.6555e-30  1.85697e-23 -1.47235e-30  2.61929e-24  3.98458e-31 -1.37906e-24 -6.99915e-32 -3.20344e-25 -1.41449e-32  5.30077e-26  2.07426e-32  2.25365e-26 -1.07029e-32   2.7305e-28  3.48707e-33 -7.43356e-28  -7.8189e-34 -8.81617e-29  1.36303e-34  5.98957e-30 -2.60424e-35  1.83261e-30  5.98665e-36  8.76056e-32 -1.06218e-36 -5.33026e-33  1.09452e-37 -5.22851e-34  -6.3989e-39 -7.83667e-36  2.14902e-40
-6.05027e-46  1.68245e-35  8.05862e-44  1.31337e-35  3.99582e-43 -5.90043e-34 -3.43944e-42  1.60826e-32  3.62772e-42  -3.7874e-31 -3.37458e-42  7.00207e-30  2.31642e-42 -1.05646e-28 -9.51448e-41  1.33534e-27   -2.863e-40 -1.43998e-26  2.48249e-40  1.34294e-25 -2.03243e-39 -1.09458e-24  1.19401e-38  7.86099e-24 -1.10495e-37 -5.00644e-23  8.56746e-37  2.84177e-22 -5.66917e-36 -1.44327e-21  3.40046e-35  6.57789e-21 -1.83658e-34 -2.69598e-20  9.09406e-34  9.94989e-20 -4.13642e-33  -3.3087e-19  1.73596e-32  9.91253e-19    -6.74e-32 -2.67315e-18  2.42595e-31  6.47799e-18  -8.1062e-31 -1.40695e-17  2.51665e-30  2.72824e-17 -7.26124e-30 -4.69811e-17   1.9466e-29  7.13127e-17 -4.84525e-29 -9.44087e-17  1.11853e-28   1.0731e-16 -2.39122e-28  -1.0213e-16  4.72542e-28  7.77616e-17 -8.61314e-28 -4.26405e-17  1.44435e-27  1.08399e-17 -2.22162e-27  6.79056e-18  3.12329e-27 -9.28559e-18 -3.99613e-27  4.09782e-18   4.6285e-27  5.31436e-19 -4.81994e-27  -1.5344e-18  4.47128e-27  5.42256e-19 -3.64606e-27  2.03878e-19  2.55878e-27 -2.00893e-19 -1.48639e-27  5.06862e-21  6.51312e-28  4.20778e-20 -1.44263e-28 -7.61095e-21 -7.48684e-29 -6.75609e-21  1.15121e-28  1.73396e-21 -8.29582e-29  9.45867e-22  4.29918e-29 -2.34386e-22 -1.76304e-29 -1.18895e-22  6.12344e-30  1.88215e-23 -1.96557e-30  1.23007e-23  6.02861e-31 -4.48987e-25 -1.39869e-31 -8.86143e-25 -6.00968e-33 -6.88794e-26  2.81631e-32  3.46722e-26 -1.62967e-32  6.60269e-27  5.66338e-33 -3.30268e-28 -1.37178e-33 -1.90732e-28  2.59677e-34 -1.29426e-29 -4.62876e-35  1.19285e-30  8.19509e-36  1.88243e-31 -1.11787e-36  5.23784e-33  9.04281e-38  -1.9006e-34 -4.00966e-39 -5.76683e-36
-3.79752e-36 -5.82756e-45  2.52369e-35  3.75494e-43  2.91921e-34  1.48859e-42 -1.01254e-32 -1.04516e-41  2.69572e-31  9.80198e-42 -5.58465e-30 -1.23176e-41  9.29929e-29  1.67159e-41 -1.28254e-27   -2.863e-40  1.49658e-26 -7.90073e-40 -1.50089e-25  1.06233e-39  1.30917e-24 -1.04679e-38 -1.00243e-23  7.91948e-38  6.78686e-23 -6.61157e-37 -4.08614e-22  4.73731e-36  2.19744e-21  -2.9707e-35 -1.05916e-20  1.68232e-34  4.58709e-20  -8.6354e-34 -1.78812e-19  4.06264e-33  6.28004e-19 -1.75925e-32  -1.9877e-18   7.0434e-32  5.66705e-18  -2.6155e-31 -1.45358e-17  9.02968e-31   3.3471e-17  -2.9028e-30  -6.8971e-17  8.69618e-30  1.26613e-16  -2.4279e-29 -2.05774e-16  6.31334e-29  2.93484e-16 -1.52723e-28 -3.62704e-16  3.43125e-28   3.8095e-16  -7.1454e-28 -3.29115e-16  1.37597e-27  2.19126e-16 -2.44375e-27 -9.35374e-17  3.99108e-27  1.20982e-18 -5.97406e-27  3.42315e-17  8.16447e-27 -2.58858e-17 -1.01414e-26  5.38513e-18  1.13857e-26  5.15553e-18 -1.14716e-26 -4.15206e-18   1.0274e-26  3.06356e-19 -8.06748e-27  9.76331e-19  5.43427e-27 -3.60367e-19 -3.01654e-27  -1.3483e-19  1.25358e-27  9.96279e-20 -2.55624e-28  1.21486e-20 -1.37779e-28 -1.84736e-20  1.91808e-28 -9.22075e-22 -1.27106e-28  2.65087e-21  6.00748e-29  1.47016e-22 -2.24119e-29 -2.94987e-22  7.34733e-30 -3.22762e-23 -2.48321e-30  2.31206e-23  8.81909e-31  4.55268e-24 -2.38658e-31 -1.00028e-24    2.132e-34 -3.51997e-25  4.26158e-32  3.76045e-27 -2.57068e-32  1.27395e-26  9.07816e-33  1.29256e-27 -2.23065e-33 -1.28965e-28  4.17661e-34  -3.1103e-29 -6.66349e-35 -1.21579e-30  9.47373e-36  1.10496e-31  -1.0137e-36  9.08903e-33  6.30883e-38  1.15627e-34 -1.77666e-39
 1.32958e-44 -1.17689e-35 -3.39659e-44 -7.46178e-35  1.43437e-42  5.53343e-33  4.89891e-42 -1.72882e-31 -2.80903e-41  4.05692e-30  2.28715e-41 -7.50969e-29 -4.09622e-41  1.13602e-27  6.69797e-41 -1.43998e-26 -7.90073e-40  1.55747e-25   -2.096e-39 -1.45713e-24  5.56059e-39  1.19165e-23 -5.96215e-38 -8.58857e-23  4.91082e-37  5.49046e-22 -3.80346e-36 -3.12896e-21  2.55318e-35  1.59586e-20 -1.51438e-34 -7.30598e-20  8.09282e-34  3.00864e-19 -3.92686e-33 -1.11599e-18  1.74593e-32  3.73097e-18 -7.15397e-32 -1.12413e-17  2.71554e-31  3.04992e-17 -9.58783e-31 -7.43896e-17  3.15857e-30  1.62689e-16 -9.72884e-30 -3.17828e-16  2.80447e-29  5.51732e-16 -7.56497e-29 -8.44852e-16  1.90744e-28  1.12936e-15 -4.48704e-28 -1.29778e-15  9.82341e-28    1.251e-15 -1.99582e-27 -9.67939e-16  3.75143e-27  5.43806e-16 -6.50235e-27 -1.48721e-16  1.03573e-26  -7.8599e-17 -1.51045e-26  1.17498e-16  2.00841e-26   -5.511e-17 -2.42323e-26 -4.80987e-18  2.63756e-26  1.96926e-17 -2.57071e-26 -7.66744e-18  2.22135e-26 -2.37186e-18 -1.67746e-26  2.72263e-18    1.082e-26 -1.66685e-19 -5.71378e-27 -5.58675e-19  2.22843e-27  1.23826e-19 -3.96111e-28    8.836e-20  -2.5383e-28 -2.73322e-20  3.06456e-28 -1.23601e-20 -1.83747e-28  3.78265e-21   7.7858e-29  1.59169e-21 -2.59386e-29 -3.29503e-22  8.10008e-30 -1.72489e-22 -3.04869e-30  1.21283e-23  1.24763e-30  1.32206e-23 -3.49409e-31  7.01895e-25 -1.27042e-32 -5.65464e-25  7.22422e-32 -9.21397e-26 -4.12733e-32  7.38708e-27  1.41009e-32   3.0042e-27 -3.34863e-33  1.65532e-28  5.87809e-34  -2.2679e-29 -8.15057e-35 -2.98536e-30  9.32384e-36 -6.59722e-32 -7.78611e-37  3.74512e-33  3.52284e-38  9.54503e-35
-4.09355e-37  1.04842e-43   1.3743e-35 -1.38137e-43 -2.56616e-33  4.67413e-42  9.91362e-32  1.43713e-41 -2.67513e-30 -6.66193e-41  5.55392e-29  4.56475e-41 -9.27199e-28 -1.32975e-40  1.28239e-26  2.48249e-40 -1.50089e-25   -2.096e-39  1.50999e-24 -5.81805e-39 -1.32154e-23  3.30126e-38  1.01551e-22 -3.56344e-37 -6.90139e-22  2.96415e-36  4.17172e-21 -2.16268e-35 -2.25297e-20  1.36895e-34   1.0908e-19 -7.66502e-34 -4.74664e-19  3.85571e-33  1.85966e-18 -1.75925e-32 -6.56636e-18  7.34557e-32  2.09017e-17 -2.82639e-31 -5.99539e-17  1.00856e-30  1.54775e-16  -3.3561e-30 -3.58864e-16  1.04625e-29  7.44979e-16  -3.0659e-29 -1.37856e-15  8.45949e-29  2.25997e-15 -2.19774e-28 -3.25408e-15  5.36674e-28  4.06447e-15 -1.22814e-27 -4.32113e-15  2.62381e-27  3.78823e-15 -5.21136e-27 -2.57244e-15  9.58208e-27  1.13892e-15 -1.62423e-26   -5.158e-17  2.52772e-26 -3.91323e-16 -3.59652e-26  3.13622e-16  4.65758e-26 -7.42071e-17 -5.46206e-26 -5.81678e-17  5.76529e-26  5.16828e-17 -5.43484e-26 -5.63824e-18  4.52804e-26 -1.16796e-17 -3.28399e-26  4.88749e-18  2.02338e-26  1.49198e-18 -1.01161e-26 -1.31403e-18  3.65855e-27 -1.04551e-19 -5.21534e-28  2.42867e-19 -4.60503e-28  2.89163e-21  4.69745e-28 -3.53016e-20 -2.51371e-28  -6.8855e-22  9.39558e-29  4.05092e-21  -2.7537e-29  3.06863e-22  8.51122e-30 -3.35042e-22  -3.7911e-30 -5.42432e-23   1.6911e-30  1.61189e-23 -4.20504e-31  4.71472e-24 -7.84571e-32 -1.80574e-25   1.2917e-31 -1.88675e-25 -6.54821e-32 -1.57733e-26   2.0843e-32  2.32049e-27  -4.6175e-33  4.55164e-28  7.32495e-34  1.33507e-29 -8.57673e-35 -1.95037e-30  7.74969e-36 -1.36392e-31 -4.91943e-37 -1.37946e-33  1.37398e-38
-3.37923e-44 -1.03103e-35  5.58603e-43  1.02517e-33 -3.92837e-43 -5.03469e-32  1.34092e-41  1.59351e-30  3.78476e-41 -3.75173e-29  -1.3927e-40  6.96309e-28  8.57596e-41  -1.0563e-26 -4.72499e-40  1.34294e-25  1.06233e-39 -1.45713e-24 -5.81805e-39  1.36784e-23 -1.93964e-38 -1.12262e-22  2.07626e-37  8.12165e-22 -2.19535e-36 -5.21275e-21  1.78753e-35   2.9833e-20 -1.23637e-34 -1.52841e-19  7.39753e-34  7.03054e-19 -3.90633e-33 -2.90985e-18  1.84683e-32  1.08514e-17 -7.89728e-32 -3.64851e-17  3.08109e-31  1.10596e-16 -1.10519e-30 -3.02002e-16  3.67232e-30  7.41693e-16 -1.13882e-29 -1.63408e-15  3.31963e-29  3.21776e-15 -9.15107e-29 -5.63403e-15  2.39499e-28   8.7085e-15 -5.95658e-28 -1.17624e-14   1.4048e-27  1.36755e-14 -3.12712e-27 -1.33643e-14  6.53069e-27    1.052e-14 -1.27138e-26 -6.06521e-15  2.29326e-26  1.78511e-15  -3.8115e-26    7.763e-16  5.80809e-26 -1.29518e-15 -8.07627e-26  6.48185e-16  1.01985e-25  2.81339e-17 -1.16332e-25 -2.19711e-16  1.19109e-25  9.46767e-17 -1.08579e-25  2.31251e-17  8.71607e-26 -3.21593e-17 -6.06228e-26  3.23562e-18   3.5583e-26  6.43068e-18 -1.67527e-26 -1.73322e-18  5.53643e-27 -9.94492e-19 -5.35219e-28  3.73396e-19  -8.0717e-28  1.38193e-19  6.90158e-28 -5.28225e-20 -3.27218e-28  -1.8253e-20  1.07301e-28   4.9287e-21 -2.81244e-29    2.085e-21  9.47764e-30 -2.32802e-22 -4.97981e-30 -1.71049e-22  2.14215e-30 -4.35933e-24 -3.44203e-31  8.00863e-24  -2.5021e-31  1.09185e-24  2.27778e-31 -1.32745e-25 -9.98734e-32 -4.10522e-26  2.88925e-32 -1.68338e-27 -5.81751e-33  3.69111e-28  8.09385e-34  4.10265e-29   -7.735e-35  6.34294e-31  5.31997e-36 -6.31788e-32 -2.42031e-37 -1.37103e-33
 4.15276e-36 -2.25878e-43 -3.60394e-34  2.33358e-42  2.24059e-32 -5.90381e-43 -8.51853e-31  3.47363e-41  2.30631e-29  9.17618e-41 -4.80117e-28 -2.68849e-40  8.03792e-27    2.599e-40 -1.11504e-25 -2.03243e-39  1.30917e-24  5.56059e-39 -1.32154e-23 -1.93964e-38  1.16073e-22 -8.63898e-38  -8.9531e-22  1.34399e-36  6.10889e-21 -1.37966e-35 -3.70835e-20   1.0836e-34  2.01173e-19 -7.11799e-34  -9.7865e-19  4.03175e-33  4.28015e-18 -2.01014e-32  -1.6859e-17  8.94338e-32  5.98676e-17 -3.58536e-31 -1.91724e-16  1.30545e-30  5.53487e-16  -4.3487e-30 -1.43872e-15  1.33575e-29  3.36044e-15 -3.81736e-29 -7.03134e-15  1.02549e-28  1.31226e-14 -2.61725e-28 -2.17127e-14  6.40264e-28  3.15832e-14 -1.50814e-27 -3.98986e-14  3.41574e-27  4.29734e-14 -7.38843e-27 -3.82693e-14  1.51144e-26  2.65405e-14 -2.89432e-26 -1.22088e-14  5.14091e-26  9.66433e-16 -8.40628e-26  3.89943e-15  1.25767e-25  -3.3365e-15 -1.71249e-25  8.93726e-16  2.11144e-25  5.66361e-16 -2.34446e-25 -5.64434e-16  2.32904e-25  8.32302e-17 -2.05263e-25  1.21544e-16  1.58624e-25 -5.81072e-17 -1.05631e-25 -1.38871e-17  5.88853e-26  1.51852e-17 -2.59451e-26  5.31152e-19   7.6877e-27 -2.79178e-18 -2.82368e-28  8.31089e-20 -1.34478e-27  4.10521e-19  9.70644e-28 -8.35546e-21  -4.1022e-28 -4.85857e-20   1.2165e-28 -1.90997e-21 -3.19468e-29  4.24134e-21  1.30702e-29  5.36977e-22 -6.98042e-30 -2.25018e-22  2.40019e-30 -5.45101e-23  6.18774e-32  3.98396e-24 -5.96603e-31  2.43861e-24  3.80108e-31  1.57481e-25 -1.43563e-31 -3.57006e-26  3.71517e-32 -5.79429e-27 -6.65848e-33  -1.0445e-28   7.8909e-34   2.9777e-29 -5.88101e-35  1.78106e-30  2.89079e-36  1.25741e-32 -8.08766e-38
 4.24471e-44  1.02567e-34 -9.99798e-43 -8.60194e-33  8.14045e-42  4.05013e-31  1.47294e-42 -1.28374e-29  8.11641e-41  3.03059e-28   2.2852e-40 -5.64055e-27 -6.31167e-40  8.58232e-26  1.65256e-39 -1.09458e-24 -1.04679e-38  1.19165e-23  3.30126e-38 -1.12262e-22 -8.63898e-38  9.24843e-22 -4.89291e-37 -6.71762e-21  8.79585e-36  4.32991e-20 -8.70341e-35  -2.4892e-19  6.54146e-34  1.28136e-18 -4.08317e-33 -5.92394e-18  2.19388e-32  2.46501e-17 -1.03588e-31 -9.24489e-17  4.35377e-31  3.12722e-16 -1.64289e-30  -9.5406e-16  5.60197e-30  2.62315e-15 -1.73612e-29 -6.48963e-15  4.92228e-29  1.44106e-14 -1.28788e-28 -2.86177e-14  3.14737e-28  5.05681e-14  -7.2983e-28 -7.89486e-14  1.63385e-27  1.07821e-13 -3.57926e-27 -1.26935e-13  7.70056e-27  1.25875e-13 -1.61365e-26 -1.00927e-13   3.2415e-26  5.98057e-14 -6.13569e-26 -1.89405e-14  1.07873e-25 -6.55173e-15 -1.74296e-25  1.25639e-14  2.56858e-25 -6.73688e-15  -3.4325e-25  1.22076e-17  4.13807e-25   2.1511e-15  -4.4759e-25 -1.03126e-15  4.31498e-25 -1.86188e-16 -3.67513e-25  3.34265e-16  2.73126e-25 -4.81343e-17 -1.73794e-25 -6.46884e-17  9.16883e-26  2.11447e-17  -3.7527e-26  9.67715e-18  9.71357e-27 -4.46886e-18  4.24992e-28 -1.32342e-18 -2.10394e-27  6.45315e-19  1.30722e-27   1.7958e-19 -5.08213e-28 -6.39354e-20  1.51111e-28 -2.18286e-20 -4.85563e-29  3.58488e-21  2.27066e-29  1.93343e-21 -1.00691e-29 -1.22149e-23  2.04624e-30  -9.9417e-23  1.05493e-30 -1.09211e-23 -1.18598e-30  2.00239e-24  5.88725e-31  4.90278e-25 -1.92019e-31   1.2225e-26  4.39476e-32 -5.21845e-27 -6.87775e-33 -4.91461e-28  6.71446e-34 -3.68108e-30 -3.64761e-35    9.253e-31  1.14422e-36  1.72213e-32
-1.90436e-35  2.24557e-43  2.75756e-33 -3.33621e-42 -1.69092e-31  2.44354e-41   6.4262e-30  1.87458e-41 -1.74432e-28  1.48883e-40  3.64148e-27  7.65896e-40 -6.11463e-26 -2.75963e-39   8.5092e-25  1.19401e-38 -1.00243e-23 -5.96215e-38  1.01551e-22  2.07626e-37  -8.9531e-22 -4.89291e-37   6.9335e-21 -3.09941e-36 -4.75097e-20  5.70683e-35  2.89702e-19 -5.40572e-34  -1.5791e-18  3.87217e-33  7.72074e-18 -2.29864e-32 -3.39483e-17   1.1745e-31  1.34481e-16 -5.27143e-31 -4.80445e-16  2.10311e-30  1.54853e-15 -7.51293e-30 -4.50115e-15  2.41458e-29   1.1786e-14 -7.00743e-29 -2.77449e-14   1.8437e-28   5.8543e-14 -4.42419e-28 -1.10255e-13  9.78359e-28  1.84238e-13 -2.02931e-27 -2.70913e-13  4.05294e-27  3.46412e-13 -8.02904e-27  -3.7833e-13  1.60808e-26  3.42605e-13 -3.24105e-26 -2.42988e-13    6.411e-26  1.16319e-13 -1.20787e-25 -1.33007e-14  2.11681e-25 -3.41317e-14 -3.39834e-25  3.14549e-14  4.95184e-25 -9.49977e-15 -6.50999e-25 -4.77244e-15  7.68415e-25  5.45579e-15 -8.10148e-25 -1.03268e-15  7.57917e-25 -1.10711e-15 -6.23454e-25  6.10923e-16  4.44968e-25  1.06703e-16  -2.6989e-25 -1.55012e-16  1.34169e-25  1.92895e-18 -5.05516e-26  2.82699e-17  1.10074e-26 -2.15478e-18  1.73472e-27 -4.19784e-18 -3.06479e-27  2.74846e-19  1.69581e-27  5.12513e-19 -6.51823e-28 -5.33319e-22  2.27441e-28  -4.7263e-20 -9.43415e-29 -4.26053e-21  4.27807e-29  2.75019e-21 -1.40786e-29  5.44366e-22  3.77562e-31 -6.49728e-23  2.92789e-30 -2.76868e-23  -2.0574e-30 -1.20971e-24  8.39378e-31  4.76995e-25 -2.37011e-31  6.44488e-26  4.74928e-32  2.81874e-28 -6.35814e-33   -3.977e-28  4.89611e-34 -2.03224e-29 -1.73131e-35 -6.79865e-32  2.69386e-37
-6.52476e-44 -6.93294e-34  7.44043e-43  6.07901e-32 -8.46862e-42 -2.86615e-30  6.23055e-41  9.10684e-29  1.26373e-40 -2.15593e-27 -3.41917e-41  4.02458e-26  3.93435e-39 -6.14295e-25 -1.73992e-38  7.86099e-24  7.91948e-38 -8.58857e-23 -3.56344e-37  8.12165e-22  1.34399e-36 -6.71762e-21 -3.09941e-36  4.90009e-20  -2.0065e-35 -3.17263e-19  3.60279e-34   1.8326e-18 -3.25144e-33  -9.4814e-18  2.21651e-32  4.40697e-17 -1.25299e-31 -1.84424e-16  6.10336e-31  6.95862e-16 -2.61276e-30 -2.36902e-15   9.9378e-30  7.27705e-15 -3.37909e-29 -2.01544e-14  1.03054e-28  5.02518e-14  -2.8238e-28 -1.12523e-13  6.95998e-28  2.25479e-13 -1.54616e-27 -4.02334e-13  3.11225e-27  6.34872e-13 -5.75161e-27 -8.77348e-13  1.00368e-26  1.04675e-12 -1.73375e-26 -1.05436e-12  3.12094e-26  8.62123e-13 -5.95329e-26 -5.25844e-13  1.16242e-25  1.79102e-13 -2.20146e-25  4.68644e-14  3.88238e-25 -1.08081e-13 -6.23454e-25  6.23751e-14  9.01953e-25 -3.01559e-15  -1.1692e-24 -1.86035e-14  1.35275e-24  9.98677e-15 -1.39064e-24   1.1771e-15  1.26211e-24 -3.07885e-15  -1.0017e-24  5.92044e-16  6.85302e-25  5.71283e-16 -3.94963e-25 -2.27068e-16  1.84028e-25 -8.13051e-17 -6.31261e-26  4.72405e-17  1.09143e-26  1.07643e-17  3.62738e-27 -6.95431e-18 -4.13444e-27 -1.50448e-18  2.15775e-27  7.27092e-19 -9.16988e-28   1.9774e-19  4.07757e-28 -4.64623e-20 -1.92514e-28 -1.91642e-20  7.74756e-29  8.49941e-22 -1.79479e-29  1.08863e-21 -3.56139e-30  8.99447e-23  5.91581e-30 -2.59806e-23  -3.1848e-30 -5.13549e-24  1.09765e-30 -2.99468e-26 -2.68386e-31  6.47493e-26  4.65708e-32  5.13929e-27 -5.20176e-33 -1.31452e-29  2.96805e-34  -1.1894e-29 -5.43214e-36 -1.89801e-31
