   0.0274728 -1.36869e-17   -0.0398658  3.79688e-17   0.00110365 -9.95395e-18   0.00896044 -7.58521e-18   0.00176803  2.21913e-18  -0.00113804  9.92376e-19 -0.000588063  -1.5192e-19 -4.30054e-05 -6.67678e-20  3.14299e-05  1.15907e-20  7.79681e-06  6.10297e-22  4.07372e-07
-1.36869e-17    0.0733729 -3.38281e-17   -0.0512483  5.71753e-17   -0.0137762 -8.17039e-18     0.011254 -9.69166e-18   0.00554459  1.88043e-18 -0.000682371   1.2462e-18  -0.00103462 -3.84572e-20 -0.000223053  6.10234e-21  1.01681e-05  2.57479e-20  7.36068e-06   1.7658e-22
  -0.0398658 -3.38281e-17     0.094091 -4.29396e-17   -0.0372427   5.0203e-17   -0.0262278 -4.20082e-18   0.00776728 -8.39963e-18   0.00830092  4.28169e-19  0.000703269  6.98959e-19  -0.00105993  7.93917e-20  -0.00037574  1.20608e-19 -3.19704e-05  3.50427e-20  1.56689e-06
 3.79688e-17   -0.0512483 -4.29396e-17    0.0836728 -3.50987e-17   -0.0191673  3.20106e-17   -0.0308432 -1.13658e-18   0.00246048  -6.2108e-18   0.00923156 -1.75168e-18   0.00227041 -5.35156e-19 -0.000656924  3.33554e-21 -0.000383057  1.53905e-19 -4.97154e-05  2.37453e-20
  0.00110365  5.71753e-17   -0.0372427 -3.50987e-17    0.0656527 -2.07582e-17  -0.00778716  1.81837e-17   -0.0309433  3.35817e-18  -0.00243192 -3.64131e-18   0.00871787 -3.87556e-18   0.00352112 -1.93812e-18  -1.4415e-05 -2.79521e-19 -0.000238931   8.1289e-20 -2.95402e-05
-9.95395e-18   -0.0137762   5.0203e-17   -0.0191673 -2.07582e-17     0.053324 -1.15293e-17  -0.00178956  1.26658e-17    -0.029659  1.04611e-17   -0.0065833 -2.05083e-19   0.00715527  -4.8299e-18   0.00414432 -2.86867e-18  0.000578981 -5.54445e-19 -5.37144e-05 -1.39306e-21
  0.00896044 -8.17039e-18   -0.0262278  3.20106e-17  -0.00778716 -1.15293e-17    0.0466254 -1.14746e-17   0.00184201  1.22236e-17   -0.0281102  1.82396e-17   -0.0101973  4.04685e-18   0.00473095 -4.06957e-18   0.00390996 -2.94008e-18  0.000828338 -5.73596e-19  3.63341e-05
-7.58521e-18     0.011254 -4.20082e-18   -0.0308432  1.81837e-17  -0.00178956 -1.14746e-17    0.0429668 -1.82329e-17   0.00462463  1.26203e-17   -0.0264725  2.39394e-17   -0.0134031  8.47491e-18   0.00161011 -2.05029e-18    0.0027793 -2.18498e-18  0.000633194 -3.21306e-19
  0.00176803 -9.69166e-18   0.00776728 -1.13658e-18   -0.0309433  1.26658e-17   0.00184201 -1.82329e-17    0.0410109 -2.69059e-17   0.00722892  1.14023e-17    -0.024569  2.64292e-17    -0.016028   1.2123e-17  -0.00173689    2.002e-19   0.00116294 -1.05894e-18  0.000238997
 2.21913e-18   0.00554459 -8.39963e-18   0.00246048  3.35817e-18    -0.029659  1.22236e-17   0.00462463 -2.69059e-17    0.0402967 -3.36911e-17    0.0101318  8.27131e-18   -0.0219031  2.62471e-17   -0.0173684   1.3885e-17  -0.00428076  1.71246e-18 -9.74089e-05 -2.15158e-19
 -0.00113804  1.88043e-18   0.00830092  -6.2108e-18  -0.00243192  1.04611e-17   -0.0281102  1.26203e-17   0.00722892 -3.36911e-17    0.0407625 -3.76028e-17    0.0139296  4.30187e-18   -0.0175349  2.39926e-17   -0.0162002  1.29662e-17  -0.00482579  1.95743e-18 -0.000405863
 9.92376e-19 -0.000682371  4.28169e-19   0.00923156 -3.64131e-18   -0.0065833  1.82396e-17   -0.0264725  1.14023e-17    0.0101318 -3.76028e-17    0.0426754 -3.93492e-17    0.0194849    6.781e-19   -0.0103419  1.95221e-17   -0.0117088  9.54217e-18  -0.00324216  1.14101e-18
-0.000588063   1.2462e-18  0.000703269 -1.75168e-18   0.00871787 -2.05083e-19   -0.0101973  2.39394e-17    -0.024569  8.27131e-18    0.0139296 -3.93492e-17    0.0466298 -3.92202e-17    0.0275186  -2.3078e-18 -0.000361831  1.29424e-17  -0.00515878  5.06641e-18  -0.00108485
 -1.5192e-19  -0.00103462  6.98959e-19   0.00227041 -3.87556e-18   0.00715527  4.04685e-18   -0.0134031  2.64292e-17   -0.0219031  4.30187e-18    0.0194849 -3.92202e-17     0.053025 -3.67658e-17    0.0370517 -5.03449e-18   0.00943045  5.90994e-18  3.24787e-05  1.57592e-18
-4.30054e-05 -3.84572e-20  -0.00105993 -5.35156e-19   0.00352112  -4.8299e-18   0.00473095  8.47491e-18    -0.016028  2.62471e-17   -0.0175349    6.781e-19    0.0275186 -3.67658e-17     0.060415 -3.20879e-17    0.0437374 -7.20936e-18    0.0140148  1.04189e-18   0.00143881
-6.67678e-20 -0.000223053  7.93917e-20 -0.000656924 -1.93812e-18   0.00414432 -4.06957e-18   0.00161011   1.2123e-17   -0.0173684  2.39926e-17   -0.0103419  -2.3078e-18    0.0370517 -3.20879e-17     0.063904 -2.60192e-17    0.0416786 -7.44178e-18    0.0112212 -5.08399e-19
 3.14299e-05  6.10234e-21  -0.00037574  3.33554e-21  -1.4415e-05 -2.86867e-18   0.00390996 -2.05029e-18  -0.00173689   1.3885e-17   -0.0162002  1.95221e-17 -0.000361831 -5.03449e-18    0.0437374 -2.60192e-17    0.0573346 -1.89658e-17    0.0296515 -5.13436e-18   0.00487088
 1.15907e-20  1.01681e-05  1.20608e-19 -0.000383057 -2.79521e-19  0.000578981 -2.94008e-18    0.0027793    2.002e-19  -0.00428076  1.29662e-17   -0.0117088  1.29424e-17   0.00943045 -7.20936e-18    0.0416786 -1.89658e-17    0.0399971 -1.12923e-17    0.0143187 -2.00121e-18
 7.79681e-06  2.57479e-20 -3.19704e-05  1.53905e-19 -0.000238931 -5.54445e-19  0.000828338 -2.18498e-18   0.00116294  1.71246e-18  -0.00482579  9.54217e-18  -0.00515878  5.90994e-18    0.0140148 -7.44178e-18    0.0296515 -1.12923e-17    0.0197985  -4.7213e-18   0.00391066
 6.10297e-22  7.36068e-06  3.50427e-20 -4.97154e-05   8.1289e-20 -5.37144e-05 -5.73596e-19  0.000633194 -1.05894e-18 -9.74089e-05  1.95743e-18  -0.00324216  5.06641e-18  3.24787e-05  1.04189e-18    0.0112212 -5.13436e-18    0.0143187  -4.7213e-18   0.00609975 -1.08271e-18
 4.07372e-07   1.7658e-22  1.56689e-06  2.37453e-20 -2.95402e-05 -1.39306e-21  3.63341e-05 -3.21306e-19  0.000238997 -2.15158e-19 -0.000405863  1.14101e-18  -0.00108485  1.57592e-18   0.00143881 -5.08399e-19   0.00487088 -2.00121e-18   0.00391066 -1.08271e-18  0.000872667
