  0.00682697 -8.53814e-18   -0.0175336  3.81738e-17   0.00418715  -1.4353e-17    0.0037865 -1.50986e-17  0.000938439  2.58896e-18  2.71456e-05  2.31714e-18 -4.96214e-05  7.07167e-20 -1.61803e-05 -1.45966e-19 -2.60091e-06 -2.65652e-20  -2.2137e-07 -2.18372e-21 -6.91039e-09
-8.53814e-18    0.0326171 -3.62193e-17   -0.0406005  9.92068e-17  -0.00323461 -1.74839e-17   0.00603717 -2.87454e-17    0.0029988  2.70754e-18  0.000721953  2.43788e-18  9.46868e-05 -2.44301e-20  4.36443e-06 -1.45909e-19 -4.89358e-07 -2.62058e-20 -6.50311e-08 -1.34548e-21
  -0.0175336 -3.62193e-17    0.0725094 -8.02696e-17    -0.050729  1.47734e-16   -0.0199631 -7.33639e-18   0.00171816 -2.85616e-17   0.00330662  1.30234e-18   0.00122243   1.2841e-18  0.000253805 -1.84713e-19   3.2316e-05  -1.1319e-19   2.3345e-06 -1.48206e-20  6.44038e-08
 3.81738e-17   -0.0406005 -8.02696e-17     0.102637 -1.14785e-16   -0.0387409  1.48058e-16   -0.0338062  7.90587e-18  -0.00752165 -1.58918e-17  0.000555368  8.24372e-19  0.000734343  2.81788e-19  0.000196907 -2.32126e-19  2.66761e-05 -6.63302e-20  1.68191e-06 -4.66218e-21
  0.00418715  9.92068e-17    -0.050729 -1.14785e-16     0.109512 -1.20078e-16   -0.0142181  1.06136e-16   -0.0358033  1.72704e-17   -0.0148683 -2.20226e-18   -0.0030189  1.35788e-18 -0.000257867 -2.88704e-20  1.48679e-05 -1.51981e-19  4.86265e-06 -2.57515e-20  2.45551e-07
 -1.4353e-17  -0.00323461  1.47734e-16   -0.0387409 -1.20078e-16     0.101928 -1.04855e-16    0.0108115  5.17367e-17   -0.0259523  1.59696e-17   -0.0154474  4.24112e-18  -0.00448686   1.4781e-18 -0.000779032 -1.78298e-20 -8.01442e-05 -6.12391e-20  -4.0894e-06 -5.66432e-21
   0.0037865 -1.74839e-17   -0.0199631  1.48058e-16   -0.0142181 -1.04855e-16     0.094092 -9.04992e-17    0.0319276  5.59299e-18  -0.00938616  6.19402e-18   -0.0097514  3.30823e-18  -0.00330833  7.59242e-19 -0.000608813 -2.00508e-20 -5.97989e-05 -1.76243e-20 -2.14011e-06
-1.50986e-17   0.00603717 -7.33639e-18   -0.0338062  1.06136e-16    0.0108115 -9.04992e-17    0.0916884 -8.75225e-17    0.0482839 -2.63409e-17   0.00720741  -5.7046e-18  -0.00215293 -3.57504e-19  -0.00117451 -6.93695e-20 -0.000220466 -4.40545e-20 -1.73623e-05 -4.32688e-21
 0.000938439 -2.87454e-17   0.00171816  7.90587e-18   -0.0358033  5.17367e-17    0.0319276 -8.75225e-17    0.0920986 -9.10973e-17    0.0575064 -4.32258e-17    0.0178062 -1.32454e-17   0.00296889 -2.67199e-18   0.00021904 -3.99755e-19  -2.2714e-06 -3.63957e-20 -7.40859e-07
 2.58896e-18    0.0029988 -2.85616e-17  -0.00752165  1.72704e-17   -0.0259523  5.59299e-18    0.0482839 -9.10973e-17    0.0892761 -9.01942e-17    0.0566082 -4.52538e-17    0.0198079 -1.38937e-17    0.0042146 -2.68466e-18  0.000532126 -3.05575e-19  3.31968e-05 -1.34866e-20
 2.71456e-05  2.70754e-18   0.00330662 -1.58918e-17   -0.0148683  1.59696e-17  -0.00938616 -2.63409e-17    0.0575064 -9.01942e-17    0.0783766 -7.78935e-17    0.0459239 -3.59436e-17    0.0153008 -9.88123e-18    0.0030305 -1.59221e-18  0.000327652 -1.25246e-19  1.29351e-05
 2.31714e-18  0.000721953  1.30234e-18  0.000555368 -2.20226e-18   -0.0154474  6.19402e-18   0.00720741 -4.32258e-17    0.0566082 -7.78935e-17    0.0594677 -5.61807e-17    0.0303504 -2.23108e-17   0.00883784 -5.12817e-18   0.00145554 -6.30616e-19  0.000113155  -2.7817e-20
-4.96214e-05  2.43788e-18   0.00122243  8.24372e-19   -0.0030189  4.24112e-18   -0.0097514  -5.7046e-18    0.0178062 -4.52538e-17    0.0459239 -5.61807e-17    0.0377602 -3.30527e-17    0.0161264 -1.08284e-17   0.00387242 -1.96505e-18  0.000486436 -1.65566e-19  2.15343e-05
 7.07167e-20  9.46868e-05   1.2841e-18  0.000734343  1.35788e-18  -0.00448686  3.30823e-18  -0.00215293 -1.32454e-17    0.0198079 -3.59436e-17    0.0303504 -3.30527e-17    0.0195998 -1.55918e-17   0.00678615 -4.06439e-18   0.00127522 -5.45803e-19  0.000109636 -2.55057e-20
-1.61803e-05 -2.44301e-20  0.000253805  2.81788e-19 -0.000257867   1.4781e-18  -0.00330833 -3.57504e-19   0.00296889 -1.38937e-17    0.0153008 -2.23108e-17    0.0161264 -1.55918e-17   0.00815073 -5.79614e-18   0.00221859 -1.15506e-18   0.00030657 -1.04127e-19   1.4593e-05
-1.45966e-19  4.36443e-06 -1.84713e-19  0.000196907 -2.88704e-20 -0.000779032  7.59242e-19  -0.00117451 -2.67199e-18    0.0042146 -9.88123e-18   0.00883784 -1.08284e-17   0.00678615 -5.79614e-18   0.00265872 -1.66152e-18  0.000548369 -2.39636e-19  5.06195e-05 -1.18058e-20
-2.60091e-06 -1.45909e-19   3.2316e-05 -2.32126e-19  1.48679e-05 -1.78298e-20 -0.000608813 -6.93695e-20   0.00021904 -2.68466e-18    0.0030305 -5.12817e-18   0.00387242 -4.06439e-18   0.00221859 -1.66152e-18  0.000662402 -3.56078e-19  9.82126e-05 -3.39263e-20  4.93463e-06
-2.65652e-20 -4.89358e-07  -1.1319e-19  2.66761e-05 -1.51981e-19 -8.01442e-05 -2.00508e-20 -0.000220466 -3.99755e-19  0.000532126 -1.59221e-18   0.00145554 -1.96505e-18   0.00127522 -1.15506e-18  0.000548369 -3.56078e-19  0.000121334 -5.43321e-20  1.18216e-05  -2.7952e-21
 -2.2137e-07 -2.62058e-20   2.3345e-06 -6.63302e-20  4.86265e-06 -6.12391e-20 -5.97989e-05 -4.40545e-20  -2.2714e-06 -3.05575e-19  0.000327652 -6.30616e-19  0.000486436 -5.45803e-19   0.00030657 -2.39636e-19  9.82126e-05 -5.43321e-20  1.53692e-05 -5.40974e-21  8.05147e-07
-2.18372e-21 -6.50311e-08 -1.48206e-20  1.68191e-06 -2.57515e-20  -4.0894e-06 -1.76243e-20 -1.73623e-05 -3.63957e-20  3.31968e-05 -1.25246e-19  0.000113155 -1.65566e-19  0.000109636 -1.04127e-19  5.06195e-05 -3.39263e-20  1.18216e-05 -5.40974e-21  1.20095e-06 -2.88123e-22
-6.91039e-09 -1.34548e-21  6.44038e-08 -4.66218e-21  2.45551e-07 -5.66432e-21 -2.14011e-06 -4.32688e-21 -7.40859e-07 -1.34866e-20  1.29351e-05  -2.7817e-20  2.15343e-05 -2.55057e-20   1.4593e-05 -1.18058e-20  4.93463e-06  -2.7952e-21  8.05147e-07 -2.88123e-22  4.35758e-08
