 2.37241e-09  2.60739e-22  -4.2177e-08 -4.27347e-21  2.87041e-07  2.45072e-20 -1.14007e-06 -8.98204e-20  2.98862e-06  2.35253e-19 -5.37096e-06 -4.59336e-19  6.45702e-06  6.83546e-19 -4.43598e-06 -7.73643e-19  1.68412e-07  6.41158e-19  2.71245e-06 -3.39867e-19 -1.85523e-06  4.05616e-20 -6.88112e-07  1.08855e-19   1.3763e-06 -9.73546e-20 -4.96558e-08  2.35133e-20 -7.41381e-07   2.1312e-20   1.5273e-07 -1.99838e-20   3.5489e-07  2.86448e-21 -9.09755e-08  5.37398e-21  -1.5953e-07  -3.5711e-21  3.08222e-08  7.20278e-23  6.53511e-08  9.46394e-22 -2.60394e-09 -3.61702e-22 -2.18501e-08 -1.18438e-22 -3.58063e-09  9.71079e-23  4.76215e-09  1.88486e-23  1.95023e-09 -2.23839e-23  -3.1871e-10 -7.42148e-25 -3.36948e-10  2.22285e-24 -5.34683e-11 -5.97533e-26  5.26524e-12  -2.9023e-26  1.20907e-12
 2.60739e-22  6.05342e-08   2.0006e-21 -6.03207e-07 -2.13713e-20  3.06546e-06  9.83628e-20 -9.82231e-06 -3.08764e-19  2.13468e-05  7.02863e-19 -3.17391e-05 -1.20577e-18  3.01217e-05  1.59312e-18 -1.25066e-05 -1.61289e-18 -8.39225e-06  1.19772e-18  1.40282e-05 -5.54589e-19 -3.01745e-06  1.82175e-20 -7.00181e-06  2.05792e-19  4.35081e-06 -1.64643e-19  2.66997e-06  4.09708e-20 -2.90445e-06  3.24054e-20 -9.47718e-07 -3.51881e-20  1.50476e-06  9.01963e-21  3.89604e-07  8.51309e-21 -6.51336e-07 -8.86113e-21 -1.98683e-07  1.91982e-21  2.25965e-07  2.00007e-21  1.00402e-07 -1.29824e-21 -5.29901e-08 -1.20053e-22  -3.8533e-08  2.37057e-22  3.72606e-09  3.26827e-23  8.50513e-09 -4.22714e-23  1.60693e-09 -2.67577e-24 -5.36537e-10  2.97812e-24 -2.24926e-10 -1.03441e-25 -1.81625e-11 -5.56783e-27
 -4.2177e-08   2.0006e-21  7.51006e-07  7.46466e-21 -5.12258e-06 -5.85013e-20  2.04101e-05  2.32394e-19 -5.37411e-05 -6.34349e-19  9.72026e-05  1.23893e-18 -0.000118063 -1.83101e-18  8.28958e-05  2.10829e-18 -5.52578e-06 -1.89397e-18 -4.89556e-05  1.28121e-18  3.57139e-05 -5.60153e-19  1.08875e-05  2.91057e-20 -2.57623e-05  1.93326e-19   2.4232e-06 -1.86894e-19  1.35348e-05  8.57079e-20 -3.80543e-06  9.76891e-21 -6.33466e-06 -4.57213e-20  2.25386e-06  2.49067e-20  2.82254e-06  8.88796e-21 -8.73403e-07 -1.83089e-20 -1.17753e-06  5.91313e-21    1.862e-07  3.97227e-21  4.17324e-07 -2.94788e-21  2.01681e-08 -1.31264e-22 -1.03887e-07  3.82751e-22 -2.84851e-08  5.69179e-23  1.14664e-08  -4.4326e-23  6.69691e-09 -5.08719e-24  5.34731e-10  1.22191e-24 -2.22249e-10 -2.43018e-25 -2.88316e-11
-4.27347e-21 -6.03207e-07  7.46466e-21  6.02451e-06  1.68073e-20 -3.07152e-05 -1.15615e-19  9.88641e-05    4.288e-19 -0.000216254 -9.87609e-19  0.000324689  1.55027e-18 -0.000313529 -1.80788e-18  0.000137575  1.63985e-18  7.94894e-05 -1.21398e-18 -0.000146559   7.6676e-19  3.87169e-05 -4.18013e-19  6.94511e-05  1.79912e-19 -4.94924e-05  1.48173e-20 -2.39498e-05 -1.63412e-19  3.22008e-05  1.71915e-19  7.05844e-06 -5.23621e-20 -1.65861e-05 -5.23277e-20 -2.41567e-06  4.86871e-20  7.29973e-06  1.11669e-20   1.2883e-06 -3.26573e-20  -2.6783e-06  9.36162e-21 -7.70207e-07  7.81685e-21  7.27776e-07 -4.57035e-21  3.50412e-07 -3.46184e-22  -1.0222e-07  3.83781e-22 -9.44165e-08  8.63544e-23 -6.70517e-09 -1.16523e-23  9.22896e-09 -2.43659e-24  2.45171e-09 -1.85079e-24  8.38518e-11 -3.41415e-25
 2.87041e-07 -2.13713e-20 -5.12258e-06  1.68073e-20  3.50548e-05  3.15215e-20 -0.000140312 -2.55466e-19   0.00037185  8.49098e-19 -0.000678965 -1.51875e-18  0.000837316  1.70804e-18 -0.000607201 -1.20079e-18  6.70217e-05  3.77463e-19  0.000337116  1.51362e-19 -0.000270269  -1.7629e-19 -5.77027e-05 -1.40129e-19  0.000186014  4.09888e-19  -3.2933e-05 -2.75279e-19 -9.34661e-05 -1.05871e-19  3.68005e-05   2.8297e-19   4.1863e-05 -1.36344e-19  -2.1464e-05 -5.90429e-20 -1.81772e-05  6.91416e-20  9.04993e-06  2.48117e-20  7.68821e-06 -4.86615e-20  -2.6465e-06  6.85352e-21 -2.91111e-06  1.31944e-20  3.35883e-07 -4.67614e-21  8.33221e-07 -6.96273e-22   1.0154e-07  8.41233e-23 -1.29857e-07  7.50281e-23 -4.51787e-08   4.7594e-23  2.04517e-09  9.14342e-24  2.70284e-09 -3.04827e-24  2.31621e-10
 2.45072e-20  3.06546e-06 -5.85013e-20 -3.07152e-05  3.15215e-20   0.00015732  9.17136e-20 -0.000509664 -7.38998e-19   0.00112521  1.91219e-18  -0.00171331 -2.65997e-18   0.00169602  2.21526e-18   -0.0008028 -7.43343e-19 -0.000363681 -7.55227e-19  0.000789873  1.50843e-18 -0.000264627 -1.32269e-18 -0.000342833   3.2984e-19  0.000295076  5.94863e-19  9.68398e-05 -5.90482e-19 -0.000184268 -3.70769e-20 -1.55128e-05  3.99986e-19   9.3152e-05  -2.0966e-19  6.12714e-08 -7.42371e-20 -4.12732e-05  6.75764e-20 -6.45811e-07  5.79822e-20  1.58923e-05 -5.72364e-20  1.72658e-06 -6.03819e-21 -4.89116e-06  1.72191e-20  -1.2853e-06 -2.19364e-21  9.73928e-07 -7.17022e-22  4.76289e-07 -4.92376e-22  -5.2692e-08 -2.83658e-23 -6.98173e-08  9.62725e-23 -1.07627e-08  2.25056e-23  6.82311e-10 -1.61221e-24
-1.14007e-06  9.83628e-20  2.04101e-05 -1.15615e-19 -0.000140312  9.17136e-20  0.000565275  3.19025e-19  -0.00151185 -1.89294e-18   0.00279768   3.7665e-18   -0.0035248 -4.36166e-18   0.00267231  3.18984e-18 -0.000456765 -1.06987e-18  -0.00134279 -9.18146e-19   0.00122874  2.40131e-18  0.000118493 -2.54197e-18 -0.000786861   9.4279e-19  0.000230985  7.18629e-19  0.000365884 -8.64224e-19 -0.000208389 -1.54016e-20 -0.000149999  5.14162e-19  0.000118585 -2.24391e-19  6.07887e-05 -1.03264e-19 -5.25474e-05  2.19783e-20 -2.56642e-05  1.08645e-19  1.80922e-05 -4.65919e-20  1.05626e-05 -2.76915e-20 -4.18463e-06  1.58835e-20  -3.5657e-06  2.24444e-21  2.94872e-07  3.74716e-23  7.48632e-07 -1.08629e-21  1.25832e-07  -2.1439e-22  -4.7935e-08  1.00692e-22 -1.59295e-08  2.42722e-23  -7.9428e-10
-8.98204e-20 -9.82231e-06  2.32394e-19  9.88641e-05 -2.55466e-19 -0.000509664  3.19025e-19   0.00166627  8.17062e-19  -0.00372695   -3.455e-18   0.00578733   5.3734e-18  -0.00592795 -5.31156e-18    0.0030907  3.86938e-18   0.00093107 -2.21758e-18  -0.00271464 -5.39341e-20    0.0011818  2.97584e-18   0.00101218 -3.73326e-18  -0.00113718  1.44808e-18 -0.000168427  8.85551e-19  0.000667101 -1.02537e-18 -5.80179e-05  -1.2858e-19  -0.00032356  5.98578e-19  6.27267e-05 -1.28104e-19  0.000141461  -1.3418e-19 -2.87576e-05  -8.0777e-20 -5.63837e-05  1.60585e-19  6.81456e-06 -1.12235e-20  1.93412e-05 -4.93859e-20  5.96363e-07  7.67581e-21 -4.90985e-06  6.53635e-21 -1.08194e-06  1.48478e-21  6.29673e-07 -1.37465e-21   2.8011e-07 -3.90526e-22  7.41862e-09  6.62709e-23 -8.91587e-09  1.26511e-23
 2.98862e-06 -3.08764e-19 -5.37411e-05    4.288e-19   0.00037185 -7.38998e-19  -0.00151185  8.17062e-19    0.0040961  1.39383e-18  -0.00772323 -4.10469e-18    0.0100225  4.67092e-18  -0.00806016 -3.78495e-18   0.00202135  3.63502e-18   0.00345004 -3.93763e-18  -0.00380814  1.06653e-18  0.000185935  3.72884e-18   0.00218387 -4.67869e-18  -0.00101136  1.49741e-18 -0.000878092  1.20048e-18  0.000778427 -9.73556e-19  0.000289733  -4.3013e-19 -0.000426323  5.86407e-19 -9.13348e-05  1.00395e-19   0.00019289 -1.37182e-19  3.52875e-05 -2.30189e-19  -7.3112e-05  1.91327e-19  -1.7366e-05  4.09511e-20   2.1607e-05 -6.09894e-20  7.92745e-06 -4.54493e-21 -3.96267e-06  8.78522e-21 -2.39464e-06  3.01336e-21  1.10604e-07 -1.20456e-21  2.86264e-07 -4.40084e-22  4.73644e-08  2.82409e-23 -2.86991e-10
 2.35253e-19  2.13468e-05 -6.34349e-19 -0.000216254  8.49098e-19   0.00112521 -1.89294e-18  -0.00372695  1.39383e-18   0.00849149  1.46548e-18   -0.0135529 -2.25308e-18    0.0145413  3.64186e-19  -0.00853526  2.80948e-19  -0.00107952  3.22157e-18   0.00638547  -5.8745e-18  -0.00371372    1.314e-18  -0.00176293  4.95309e-18    0.0030378 -5.06243e-18 -0.000192049  8.62814e-19  -0.00161264  1.65607e-18  0.000518395 -6.19993e-19  0.000714662 -8.69154e-19 -0.000356565  4.03501e-19   -0.0002932  4.20538e-19  0.000170235 -8.50477e-20   0.00011728 -3.90908e-19 -6.04759e-05  1.86532e-19 -4.46567e-05  9.17275e-20  1.39746e-05 -5.84115e-20  1.41925e-05 -1.57064e-20 -7.65609e-07  8.48688e-21 -2.82176e-06  3.89782e-21 -5.04445e-07 -7.02967e-22   1.4428e-07  -3.2885e-22  4.25058e-08   8.5946e-24
-5.37096e-06  7.02863e-19  9.72026e-05 -9.87609e-19 -0.000678965  1.91219e-18   0.00279768   -3.455e-18  -0.00772323  1.46548e-18    0.0149583  4.84427e-19   -0.0202293  2.42426e-18    0.0175801  -6.5325e-18  -0.00622853  4.55147e-18  -0.00569781  4.12978e-18   0.00840904 -7.33443e-18  -0.00194532 -5.74745e-21  -0.00401823  6.43074e-18   0.00298652 -4.69063e-18   0.00113764 -4.12784e-19   -0.0019896  2.12415e-18 -9.63499e-05  2.96453e-20   0.00102046 -1.29116e-18 -0.000101449  3.29544e-20 -0.000454683  7.42111e-19    6.673e-05  2.56458e-20  0.000181592  -5.1841e-19  -1.8501e-05   1.4824e-19 -6.25909e-05  1.23828e-19  -1.5069e-06  -4.5418e-20   1.6163e-05 -2.21332e-20  3.27406e-06  6.22926e-21 -2.08614e-06  3.70745e-21  -8.4319e-07 -2.02154e-22  -2.4394e-08 -1.52157e-22  1.40026e-08
-4.59336e-19 -3.17391e-05  1.23893e-18  0.000324689 -1.51875e-18  -0.00171331   3.7665e-18   0.00578733 -4.10469e-18   -0.0135529  4.84427e-19    0.0225103 -1.50254e-18   -0.0257538   8.6147e-18    0.0174559 -1.32894e-17  -0.00123683  6.04839e-18   -0.0102712  6.90108e-18   0.00841058 -7.55192e-18   0.00108297 -2.55118e-18  -0.00564288  7.68069e-18    0.0018927 -3.67858e-18   0.00248272 -2.03833e-18  -0.00179791  2.43378e-18 -0.000854722  8.39765e-19   0.00106835 -1.52416e-18  0.000256572   -4.564e-19 -0.000508207   9.7227e-19 -8.48913e-05  1.71372e-19  0.000201837 -5.77881e-19  3.89589e-05  9.17703e-20 -6.34379e-05  1.30166e-19  -1.9084e-05 -2.88488e-20  1.28165e-05 -2.28993e-20  6.33966e-06  2.97125e-21 -5.97347e-07  2.55722e-21 -7.44026e-07  7.83672e-24 -9.54157e-08  -3.7226e-23
 6.45702e-06 -1.20577e-18 -0.000118063  1.55027e-18  0.000837316 -2.65997e-18   -0.0035248   5.3734e-18    0.0100225 -2.25308e-18   -0.0202293 -1.50254e-18    0.0290717 -3.92232e-18   -0.0280514  1.46395e-17     0.013773 -1.74436e-17   0.00489126   3.5484e-18   -0.0131086  1.05273e-17   0.00630277 -6.49689e-18   0.00428785 -5.20863e-18  -0.00604534  8.42836e-18  0.000149369 -2.37471e-18   0.00337891 -3.61972e-18  -0.00111365  2.45286e-18  -0.00150527   1.6037e-18   0.00084876 -1.47806e-18  0.000603269 -9.46117e-19 -0.000438684  1.05552e-18 -0.000237427  3.13403e-19  0.000171801 -5.55418e-19  9.36892e-05  3.57763e-20 -4.68678e-05  1.14824e-19 -3.26505e-05 -1.31972e-20  5.49361e-06 -1.87349e-20   7.2014e-06 -7.52043e-23   8.5516e-07  1.09581e-21 -3.55925e-07 -6.17947e-23 -5.83075e-08
 6.83546e-19  3.01217e-05 -1.83101e-18 -0.000313529  1.70804e-18   0.00169602 -4.36166e-18  -0.00592795  4.67092e-18    0.0145413  2.42426e-18   -0.0257538 -3.92232e-18    0.0324276  -6.3085e-18    -0.026339  1.96364e-17   0.00789138 -1.81289e-17    0.0100759 -1.68359e-18   -0.0135043   1.3524e-17   0.00302438 -5.06228e-18   0.00667623 -7.01086e-18  -0.00529484  8.73315e-18  -0.00165649 -1.11071e-18   0.00365273 -4.79772e-18 -0.000183912  2.12524e-18  -0.00189851  2.14788e-18  0.000446596 -1.17528e-18  0.000855402 -1.33119e-18 -0.000273225  9.82535e-19 -0.000353064  4.13848e-19  0.000101804 -4.61321e-19  0.000131206 -7.53151e-21 -1.82493e-05  8.72784e-20 -3.81831e-05  1.24557e-22  -3.0631e-06 -1.09983e-20   5.7147e-06 -1.58029e-21  1.58149e-06   7.7242e-23  -2.9369e-09 -1.34592e-22
-4.43598e-06  1.59312e-18  8.28958e-05 -1.80788e-18 -0.000607201  2.21526e-18   0.00267231 -5.31156e-18  -0.00806016  3.64186e-19    0.0175801   8.6147e-18   -0.0280514  -6.3085e-18    0.0316497 -8.62064e-18   -0.0217675  2.33731e-17   0.00206086 -1.60276e-17    0.0130617 -7.09382e-18   -0.0120303   1.5133e-17 -0.000240569 -4.24203e-18   0.00790607 -7.73264e-18  -0.00388317  8.73371e-18  -0.00312532 -5.04205e-20   0.00340053 -5.32139e-18   0.00075825  1.47115e-18   -0.0020097  2.40199e-18 -3.29044e-05 -7.01717e-19  0.000978318 -1.55777e-18 -5.49028e-05  7.78548e-19  -0.00041176  4.50576e-19  9.93195e-06 -3.25546e-19  0.000143936 -3.62434e-20  1.44387e-05  5.52855e-20 -3.46241e-05  9.86006e-21 -9.94045e-06 -1.97243e-21  2.76506e-06 -1.00624e-21  1.38175e-06 -2.11116e-22  9.75821e-08
-7.73643e-19 -1.25066e-05  2.10829e-18  0.000137575 -1.20079e-18   -0.0008028  3.18984e-18    0.0030907 -3.78495e-18  -0.00853526  -6.5325e-18    0.0174559  1.46395e-17    -0.026339 -8.62064e-18     0.027801 -1.08666e-17   -0.0166187  2.55029e-17  -0.00209157 -1.26017e-17    0.0139938  -1.0557e-17  -0.00982667  1.54647e-17  -0.00282579 -4.29518e-18   0.00821275 -7.71216e-18  -0.00228312  8.41966e-18  -0.00414623   7.8274e-19   0.00280883 -5.09027e-18   0.00157869  5.63852e-19  -0.00188198   2.4003e-18 -0.000507221 -1.38999e-19  0.000972113 -1.61833e-18  0.000174982  4.90452e-19 -0.000408996  4.25204e-19 -8.47347e-05 -1.83827e-19  0.000131042 -5.45431e-20  4.32425e-05  2.17463e-20 -2.36572e-05  1.34659e-20 -1.30769e-05  4.98258e-21 -1.93566e-07  6.24871e-22  6.55046e-07 -8.32481e-23
 1.68412e-07 -1.61289e-18 -5.52578e-06  1.63985e-18  6.70217e-05 -7.43343e-19 -0.000456765  3.86938e-18   0.00202135  2.80948e-19  -0.00622853 -1.32894e-17     0.013773  1.96364e-17   -0.0217675 -1.08666e-17    0.0231588 -1.26571e-17   -0.0127093  2.55073e-17  -0.00436448 -9.31967e-18      0.01383 -1.13029e-17  -0.00770793  1.49357e-17  -0.00469376  -4.7369e-18   0.00797653 -7.36647e-18  -0.00073709  7.64898e-18  -0.00476594  1.43721e-18   0.00202906 -4.18404e-18   0.00222212 -5.08035e-19  -0.00157512  2.22764e-18 -0.000922029   4.5745e-19  0.000854955 -1.52569e-18  0.000383389  1.76956e-19 -0.000351054  3.59137e-19  -0.00016587 -6.04264e-20  9.69422e-05 -6.46148e-20   6.2009e-05 -1.21504e-20 -8.88661e-06  9.43905e-21 -1.18971e-05  7.04222e-21 -1.84208e-06  1.51522e-21  7.82792e-08
 6.41158e-19 -8.39225e-06 -1.89397e-18  7.94894e-05  3.77463e-19 -0.000363681 -1.06987e-18   0.00093107  3.63502e-18  -0.00107952  4.55147e-18  -0.00123683 -1.74436e-17   0.00789138  2.33731e-17   -0.0166187 -1.26571e-17    0.0195948 -1.33361e-17   -0.0104472  2.32734e-17   -0.0055198 -7.15258e-18    0.0133866 -9.83757e-18  -0.00588909  1.38683e-17  -0.00606159 -4.87447e-18   0.00743918 -6.93929e-18  0.000679016   6.2854e-18  -0.00505532  2.01302e-18   0.00116123 -2.84121e-18    0.0026715  -1.6643e-18  -0.00114679  1.95064e-18  -0.00124465  1.03274e-18  0.000653348 -1.29967e-18  0.000546923 -1.05248e-19 -0.000250889  2.80982e-19 -0.000221703  3.97998e-20  4.94903e-05 -6.23216e-20  6.73942e-05 -4.12221e-20  5.26256e-06 -1.51036e-23 -7.49961e-06  4.24698e-21 -1.75228e-06  9.72041e-22
 2.71245e-06  1.19772e-18 -4.89556e-05 -1.21398e-18  0.000337116 -7.55227e-19  -0.00134279 -2.21758e-18   0.00345004  3.22157e-18  -0.00569781  6.04839e-18   0.00489126 -1.81289e-17   0.00206086  2.55029e-17   -0.0127093 -1.33361e-17    0.0175831 -1.25123e-17  -0.00920322  1.94715e-17  -0.00631219 -6.35172e-18    0.0129428 -7.37886e-18   -0.0042829  1.24806e-17  -0.00708695 -4.22685e-18    0.0067077 -6.51131e-18   0.00193848  4.29994e-18  -0.00507254   2.6414e-18  0.000275764 -1.35743e-18     0.002929 -2.82075e-18  -0.00064876  1.58295e-18  -0.00145876  1.51206e-18  0.000396586 -9.78055e-19  0.000651487 -3.20731e-19 -0.000124861   2.1218e-19 -0.000245645  1.23737e-19 -1.78744e-06 -4.10317e-20  5.92711e-05 -5.60101e-20  1.47462e-05  -9.8191e-21 -2.32359e-06 -9.53966e-23  -7.2863e-07
-3.39867e-19  1.40282e-05  1.28121e-18 -0.000146559  1.51362e-19  0.000789873 -9.18146e-19  -0.00271464 -3.93763e-18   0.00638547  4.12978e-18   -0.0102712   3.5484e-18    0.0100759 -1.60276e-17  -0.00209157  2.55073e-17   -0.0104472 -1.25123e-17    0.0165395 -1.04133e-17  -0.00827919  1.53206e-17  -0.00701825 -6.48218e-18    0.0124694 -5.25597e-18   -0.0028166  1.09588e-17  -0.00783192 -2.64027e-18   0.00584815 -6.06364e-18   0.00302397  1.80763e-18  -0.00487097  3.42171e-18  -0.00057622  4.48617e-20   0.00300925  -3.8616e-18 -0.000124924  1.10979e-18  -0.00156029  1.82205e-18  0.000113227 -6.27376e-19  0.000691095 -4.68147e-19  9.68293e-06  1.54679e-19 -0.000236224  1.94313e-19 -4.72742e-05 -9.64783e-22  4.06675e-05 -5.06479e-20  1.71236e-05 -1.51193e-20  9.55138e-07 -2.00764e-21
-1.85523e-06 -5.54589e-19  3.57139e-05   7.6676e-19 -0.000270269  1.50843e-18   0.00122874 -5.39341e-20  -0.00380814  -5.8745e-18   0.00840904  6.90108e-18   -0.0131086 -1.68359e-18    0.0130617 -1.26017e-17  -0.00436448  2.32734e-17  -0.00920322 -1.04133e-17    0.0157869  -7.7981e-18  -0.00741826  1.19871e-17  -0.00761416 -6.72897e-18    0.0119356 -4.41373e-18  -0.00148844  9.41291e-18  -0.00833872 -2.56041e-19   0.00491892 -5.53046e-18   0.00393205 -9.50655e-19  -0.00450055   4.3591e-18  -0.00136072  1.27504e-18   0.00293343 -4.64015e-18  0.000389535   5.4599e-19  -0.00155357  1.93498e-18 -0.000170801 -3.23407e-19  0.000666407 -5.73973e-19  0.000136091  8.81286e-20 -0.000196688  2.41797e-19 -7.86766e-05  4.49077e-20  1.72796e-05 -3.03568e-20  1.27642e-05  -1.3648e-20    1.289e-06
 4.05616e-20 -3.01745e-06 -5.60153e-19  3.87169e-05  -1.7629e-19 -0.000264627  2.40131e-18    0.0011818  1.06653e-18  -0.00371372 -7.33443e-18   0.00841058  1.05273e-17   -0.0135043 -7.09382e-18    0.0139938 -9.31967e-18   -0.0055198  1.94715e-17  -0.00827919  -7.7981e-18    0.0150776 -5.56506e-18  -0.00665631  1.00862e-17  -0.00807313 -6.36838e-18    0.0113748 -5.10929e-18 -0.000301127  7.81118e-18  -0.00865635  2.58392e-18    0.0039621 -4.89161e-18   0.00467151 -3.68125e-18  -0.00400324  5.35401e-18  -0.00205677  2.32528e-18   0.00272478 -5.02508e-18  0.000867226 -3.10793e-20   -0.0014484  1.89388e-18 -0.000432967 -1.08508e-19  0.000583432 -6.68008e-19  0.000239578 -1.17192e-20 -0.000134472  2.50373e-19 -9.03707e-05  7.64677e-20 -3.50614e-06 -8.71473e-21  5.45055e-06 -7.21188e-21
-6.88112e-07  1.82175e-20  1.08875e-05 -4.18013e-19 -5.77027e-05 -1.32269e-18  0.000118493  2.97584e-18  0.000185935    1.314e-18  -0.00194532 -7.55192e-18   0.00630277   1.3524e-17   -0.0120303  -1.0557e-17      0.01383 -7.15258e-18  -0.00631219  1.53206e-17  -0.00741826 -5.56506e-18     0.014454 -4.32685e-18  -0.00603082  9.58659e-18  -0.00843453 -5.11358e-18    0.0108202   -6.937e-18  0.000762557  6.03336e-18  -0.00882666  5.49323e-18   0.00300257 -4.26179e-18    0.0052552  -6.1336e-18  -0.00341252  6.23666e-18  -0.00265188  3.18451e-18   0.00240629 -4.97071e-18   0.00128711 -5.08348e-19  -0.00125816  1.79795e-18 -0.000654327  3.45971e-20  0.000452528  -7.5436e-19  0.000308144 -1.40108e-19 -6.05547e-05  2.12351e-19   -8.075e-05   7.9804e-20 -1.46488e-05  2.90686e-21  4.44244e-07
 1.08855e-19 -7.00181e-06  2.91057e-20  6.94511e-05 -1.40129e-19 -0.000342833 -2.54197e-18   0.00101218  3.72884e-18  -0.00176293 -5.74745e-21   0.00108297 -6.49689e-18   0.00302438   1.5133e-17  -0.00982667 -1.13029e-17    0.0133866 -6.35172e-18  -0.00701825  1.19871e-17  -0.00665631 -4.32685e-18    0.0139593  -4.2109e-18  -0.00550983   1.0072e-17   -0.0087402 -3.13213e-18    0.0102802 -9.16586e-18   0.00172286  4.02785e-18  -0.00887898  8.19956e-18   0.00205556 -3.85306e-18   0.00569618 -8.15298e-18  -0.00275513  6.81841e-18  -0.00313903  3.79888e-18   0.00199984 -4.56621e-18   0.00163319 -7.99473e-19  -0.00099859  1.75228e-18 -0.000819499  1.66898e-19  0.000287702 -7.98156e-19  0.000333483  -2.5232e-19  1.14146e-05  1.35484e-19 -5.37801e-05  5.61541e-20  -1.3538e-05  3.32543e-21
  1.3763e-06  2.05792e-19 -2.57623e-05  1.79912e-19  0.000186014   3.2984e-19 -0.000786861 -3.73326e-18   0.00218387  4.95309e-18  -0.00401823 -2.55118e-18   0.00428785 -5.06228e-18 -0.000240569  1.54647e-17  -0.00770793 -9.83757e-18    0.0129428 -6.48218e-18  -0.00761416  1.00862e-17  -0.00603082  -4.2109e-18    0.0135664 -4.97092e-18  -0.00505583   1.1073e-17  -0.00900705 -8.16385e-19   0.00975469 -1.11535e-17   0.00259463  1.93637e-18  -0.00883522    1.061e-17   0.00113082 -3.81132e-18   0.00600691 -9.65354e-18  -0.00205242  6.95673e-18  -0.00351469  4.08853e-18   0.00152587 -4.01941e-18   0.00189333 -8.94556e-19 -0.000687235  1.80061e-18 -0.000916638   3.4693e-19  0.000106151 -7.45207e-19  0.000312118 -2.98307e-19  6.64303e-05  4.22182e-20 -2.05686e-05  2.19279e-20 -5.66711e-06
-9.73546e-20  4.35081e-06  1.93326e-19 -4.94924e-05  4.09888e-19  0.000295076   9.4279e-19  -0.00113718 -4.67869e-18    0.0030378  6.43074e-18  -0.00564288 -5.20863e-18   0.00667623 -4.24203e-18  -0.00282579  1.49357e-17  -0.00588909 -7.37886e-18    0.0124694 -6.72897e-18  -0.00807313  9.58659e-18  -0.00550983 -4.97092e-18    0.0132413 -6.24073e-18  -0.00465464   1.2225e-17  -0.00924355  1.47102e-18   0.00924538 -1.25993e-17   0.00339057  7.08342e-20  -0.00871264  1.27448e-17  0.000233881 -4.09084e-18   0.00619857 -1.05471e-17  -0.00132135  6.63083e-18  -0.00377725  3.99485e-18   0.00100349 -3.56582e-18   0.00205834 -8.80194e-19 -0.000343265  1.87705e-18 -0.000937622  5.84543e-19 -7.20429e-05 -5.65953e-19   0.00024689 -2.65578e-19  9.05069e-05 -3.20711e-20  2.96115e-06 -2.91794e-22
-4.96558e-08 -1.64643e-19   2.4232e-06  1.48173e-20  -3.2933e-05  5.94863e-19  0.000230985  1.44808e-18  -0.00101136 -5.06243e-18   0.00298652  7.68069e-18  -0.00604534 -7.01086e-18   0.00790607 -4.29518e-18  -0.00469376  1.38683e-17   -0.0042829 -5.25597e-18    0.0119356 -6.36838e-18  -0.00843453   1.0072e-17  -0.00505583 -6.24073e-18    0.0129727 -7.69671e-18  -0.00429968  1.32422e-17  -0.00945937   3.5146e-18   0.00875285 -1.35716e-17   0.00412268  -1.2432e-18  -0.00852407  1.45906e-17 -0.000632673 -4.48574e-18   0.00628044 -1.07166e-17 -0.000575667  5.98307e-18  -0.00392599  3.55362e-18  0.000450965 -3.35004e-18   0.00212137 -9.30613e-19  1.23184e-05  1.82596e-18 -0.000878585  8.22964e-19 -0.000224435 -2.84149e-19  0.000148893 -1.77173e-19  7.73125e-05 -5.43779e-20  7.61681e-06
 2.35133e-20  2.66997e-06 -1.86894e-19 -2.39498e-05 -2.75279e-19  9.68398e-05  7.18629e-19 -0.000168427  1.49741e-18 -0.000192049 -4.69063e-18    0.0018927  8.42836e-18  -0.00529484 -7.73264e-18   0.00821275  -4.7369e-18  -0.00606159  1.24806e-17   -0.0028166 -4.41373e-18    0.0113748 -5.11358e-18   -0.0087402   1.1073e-17  -0.00465464 -7.69671e-18    0.0127566 -9.07574e-18  -0.00398253  1.38701e-17  -0.00966281  5.20178e-18   0.00827569 -1.43636e-17   0.00480157 -1.83594e-18  -0.00827859   1.5991e-17  -0.00146799 -4.76236e-18    0.0062597 -1.01058e-17  0.000173124  5.27288e-18  -0.00396031  2.97119e-18  -0.00011365 -3.34668e-18   0.00207759  -1.2374e-18  0.000356274  1.50558e-18 -0.000741154  9.66331e-19 -0.000327466   3.0232e-20  4.11577e-05  -6.6703e-20  3.94699e-05 -2.95637e-20
-7.41381e-07  4.09708e-20  1.35348e-05 -1.63412e-19 -9.34661e-05 -5.90482e-19  0.000365884  8.85551e-19 -0.000878092  8.62814e-19   0.00113764 -3.67858e-18  0.000149369  8.73315e-18  -0.00388317 -7.71216e-18   0.00797653 -4.87447e-18  -0.00708695  1.09588e-17  -0.00148844 -5.10929e-18    0.0108202 -3.13213e-18  -0.00900705   1.2225e-17  -0.00429968 -9.07574e-18    0.0125869  -1.0147e-17   -0.0036957  1.39548e-17  -0.00985986  6.43393e-18   0.00781164 -1.52696e-17   0.00543637  -1.7695e-18  -0.00798231  1.66929e-17  -0.00227218 -4.77985e-18   0.00614139 -8.88557e-18  0.000914793  4.75513e-18  -0.00387931  2.62266e-18 -0.000671649 -3.35059e-18   0.00192447  -1.8597e-18  0.000662545   9.0313e-19 -0.000534726   9.3537e-19 -0.000358288  2.76517e-19  -3.9599e-05  1.97783e-20  7.15035e-06
  2.1312e-20 -2.90445e-06  8.57079e-20  3.22008e-05 -1.05871e-19 -0.000184268 -8.64224e-19  0.000667101  1.20048e-18  -0.00161264 -4.12784e-19   0.00248272 -2.37471e-18  -0.00165649  8.73371e-18  -0.00228312 -7.36647e-18   0.00743918 -4.22685e-18  -0.00783192  9.41291e-18 -0.000301127   -6.937e-18    0.0102802 -8.16385e-19  -0.00924355  1.32422e-17  -0.00398253  -1.0147e-17    0.0124583 -1.07303e-17  -0.00343377  1.35984e-17   -0.0100554  7.14389e-18     0.007358 -1.64198e-17   0.00603513 -1.30361e-18  -0.00763881  1.65477e-17  -0.00304579 -4.55318e-18   0.00592832 -7.53338e-18   0.00163948  4.55424e-18  -0.00368161  2.90506e-18  -0.00120261 -3.04453e-18   0.00166243 -2.60024e-18  0.000901654   1.4536e-19  -0.00027916  7.03436e-19  -0.00030143  3.50258e-19 -6.10508e-05  3.85864e-20
  1.5273e-07  3.24054e-20 -3.80543e-06  1.71915e-19  3.68005e-05 -3.70769e-20 -0.000208389 -1.02537e-18  0.000778427  1.65607e-18   -0.0019896 -2.03833e-18   0.00337891 -1.11071e-18  -0.00312532  8.41966e-18  -0.00073709 -6.93929e-18    0.0067077 -2.64027e-18  -0.00833872  7.81118e-18  0.000762557 -9.16586e-18   0.00975469  1.47102e-18  -0.00945937  1.38701e-17   -0.0036957 -1.07303e-17    0.0123676 -1.07929e-17  -0.00319228  1.32319e-17   -0.0102537  7.41707e-18   0.00691152 -1.77736e-17   0.00660485 -7.82319e-19  -0.00724937    1.571e-17  -0.00378923 -4.24103e-18   0.00562113 -6.68777e-18    0.0023367  4.57893e-18  -0.00336535  3.98855e-18  -0.00168316 -2.16519e-18    0.0012964 -3.07742e-18   0.00104155  -6.0136e-19 -1.01125e-05  3.11349e-19 -0.000172351  2.33743e-19 -3.25217e-05
-1.99838e-20 -9.47718e-07  9.76891e-21  7.05844e-06   2.8297e-19 -1.55128e-05 -1.54016e-20 -5.80179e-05 -9.73556e-19  0.000518395  2.12415e-18  -0.00179791 -3.61972e-18   0.00365273 -5.04205e-20  -0.00414623  7.64898e-18  0.000679016 -6.51131e-18   0.00584815 -2.56041e-19  -0.00865635  6.03336e-18   0.00172286 -1.11535e-17   0.00924538   3.5146e-18  -0.00966281  1.39548e-17  -0.00343377 -1.07929e-17    0.0123127 -1.05779e-17  -0.00296723  1.34782e-17   -0.0104585  7.53928e-18   0.00646843 -1.92058e-17   0.00715162 -4.75995e-19   -0.0068132  1.46422e-17  -0.00450234 -4.03767e-18   0.00521825 -6.84994e-18   0.00299435  4.48297e-18  -0.00292869  5.61669e-18  -0.00208573 -7.21023e-19  0.000839371 -2.99439e-18   0.00104931  -1.1963e-18  0.000208103 -9.76801e-20 -3.97208e-05  6.42469e-20
  3.5489e-07 -3.51881e-20 -6.33466e-06 -5.23621e-20   4.1863e-05  3.99986e-19 -0.000149999  -1.2858e-19  0.000289733 -6.19993e-19 -9.63499e-05  2.43378e-18  -0.00111365 -4.79772e-18   0.00340053   7.8274e-19  -0.00476594   6.2854e-18   0.00193848 -6.06364e-18   0.00491892  2.58392e-18  -0.00882666  4.02785e-18   0.00259463 -1.25993e-17   0.00875285  5.20178e-18  -0.00985986  1.35984e-17  -0.00319228 -1.05779e-17    0.0122919 -1.06132e-17  -0.00275513  1.48431e-17   -0.0106733  7.85214e-18   0.00602446 -2.05444e-17   0.00768066 -4.50385e-19  -0.00632747  1.39026e-17  -0.00518387 -4.01794e-18   0.00471594 -8.15676e-18   0.00359731    3.745e-18  -0.00237087  7.13546e-18  -0.00237636  9.26709e-19  0.000317379 -2.36134e-18  0.000892163 -1.48234e-18  0.000290061 -3.06152e-19  1.88269e-05
 2.86448e-21  1.50476e-06 -4.57213e-20 -1.65861e-05 -1.36344e-19   9.3152e-05  5.14162e-19  -0.00032356  -4.3013e-19  0.000714662  2.96453e-20 -0.000854722  2.45286e-18 -0.000183912 -5.32139e-18   0.00280883  1.43721e-18  -0.00505532  4.29994e-18   0.00302397 -5.53046e-18    0.0039621  5.49323e-18  -0.00887898  1.93637e-18   0.00339057 -1.35716e-17   0.00827569  6.43393e-18   -0.0100554  1.32319e-17  -0.00296723 -1.06132e-17    0.0123043 -1.14762e-17  -0.00255283   1.7407e-17   -0.0109013  8.52223e-18   0.00557471  -2.1566e-17   0.00819635 -5.61001e-19  -0.00578729  1.38822e-17  -0.00583084 -4.05335e-18   0.00410844 -1.03289e-17   0.00412572  1.99749e-18  -0.00169358  7.81441e-18  -0.00251349  2.26302e-18 -0.000226613 -1.45118e-18  0.000564264 -1.31919e-18  0.000208356 -2.26378e-19
-9.09755e-08  9.01963e-21  2.25386e-06 -5.23277e-20  -2.1464e-05  -2.0966e-19  0.000118585  5.98578e-19 -0.000426323 -8.69154e-19   0.00102046  8.39765e-19  -0.00150527  2.12524e-18   0.00075825 -5.09027e-18   0.00202906  2.01302e-18  -0.00507254  1.80763e-18   0.00393205 -4.89161e-18   0.00300257  8.19956e-18  -0.00883522  7.08342e-20   0.00412268 -1.43636e-17   0.00781164  7.14389e-18   -0.0102537  1.34782e-17  -0.00275513 -1.14762e-17    0.0123499 -1.34224e-17  -0.00235734  2.06889e-17   -0.0111457  9.41413e-18   0.00511353 -2.20634e-17   0.00870214 -5.71938e-19  -0.00518555  1.46696e-17   -0.0064377 -3.84186e-18   0.00338798 -1.26912e-17    0.0045534 -5.14159e-19  -0.00090438  7.26035e-18  -0.00245165  2.93043e-18 -0.000710976 -5.91729e-19  0.000163607 -7.97315e-19  6.74513e-05
 5.37398e-21  3.89604e-07  2.49067e-20 -2.41567e-06 -5.90429e-20  6.12714e-08 -2.24391e-19  6.27267e-05  5.86407e-19 -0.000356565 -1.29116e-18   0.00106835   1.6037e-18  -0.00189851  1.47115e-18   0.00157869 -4.18404e-18   0.00116123   2.6414e-18  -0.00487097 -9.50655e-19   0.00467151 -4.26179e-18   0.00205556    1.061e-17  -0.00871264  -1.2432e-18   0.00480157 -1.52696e-17     0.007358  7.41707e-18   -0.0104585  1.48431e-17  -0.00255283 -1.34224e-17    0.0124289 -1.61606e-17  -0.00216575  2.37671e-17   -0.0114096  1.01228e-17   0.00463428 -2.19702e-17   0.00920049 -2.71055e-19  -0.00451267  1.60786e-17  -0.00699544 -2.98641e-18   0.00254588 -1.42416e-17   0.00484509 -2.86864e-18 -2.65498e-05  5.58677e-18  -0.00213704  2.83414e-18 -0.000974981 -3.66791e-20 -0.000101364 -2.76581e-19
 -1.5953e-07  8.51309e-21  2.82254e-06  4.86871e-20 -1.81772e-05 -7.42371e-20  6.07887e-05 -1.28104e-19 -9.13348e-05  4.03501e-19 -0.000101449 -1.52416e-18   0.00084876  2.14788e-18   -0.0020097  5.63852e-19   0.00222212 -2.84121e-18  0.000275764  3.42171e-18  -0.00450055 -3.68125e-18    0.0052552 -3.85306e-18   0.00113082  1.27448e-17  -0.00852407 -1.83594e-18   0.00543637 -1.64198e-17   0.00691152  7.53928e-18   -0.0106733   1.7407e-17  -0.00235734 -1.61606e-17    0.0125424 -1.89223e-17  -0.00197507  2.56329e-17   -0.0116964   1.0113e-17   0.00412912 -2.13903e-17   0.00969259  4.59705e-19  -0.00375649  1.77144e-17  -0.00748934  -1.1473e-18   0.00157388 -1.39734e-17   0.00494944 -4.13904e-18  0.000897162  3.25915e-18  -0.00150384  2.06948e-18 -0.000852949  1.20449e-19 -0.000115707
 -3.5711e-21 -6.51336e-07  8.88796e-21  7.29973e-06  6.91416e-20 -4.12732e-05 -1.03264e-19  0.000141461  1.00395e-19   -0.0002932  3.29544e-20  0.000256572 -1.47806e-18  0.000446596  2.40199e-18  -0.00188198 -5.08035e-19    0.0026715 -1.35743e-18  -0.00057622   4.3591e-18  -0.00400324  -6.1336e-18   0.00569618 -3.81132e-18  0.000233881  1.45906e-17  -0.00827859  -1.7695e-18   0.00603513 -1.77736e-17   0.00646843  7.85214e-18   -0.0109013  2.06889e-17  -0.00216575 -1.89223e-17     0.012692 -2.07343e-17  -0.00178215  2.56241e-17   -0.0120097  8.94893e-18   0.00358856 -2.04973e-17    0.0101777  1.46192e-18  -0.00290133  1.89413e-17   -0.0078966  1.61693e-18  0.000463075 -1.14732e-17   0.00480167 -4.18026e-18   0.00179905  9.08559e-19 -0.000588463  9.77399e-19 -0.000426216  4.48234e-20
 3.08222e-08 -8.86113e-21 -8.73403e-07  1.11669e-20  9.04993e-06  6.75764e-20 -5.25474e-05  -1.3418e-19   0.00019289  4.20538e-19 -0.000454683   -4.564e-19  0.000603269 -1.17528e-18 -3.29044e-05   2.4003e-18  -0.00157512  -1.6643e-18     0.002929  4.48617e-20  -0.00136072  5.35401e-18  -0.00341252 -8.15298e-18   0.00600691 -4.09084e-18 -0.000632673   1.5991e-17  -0.00798231 -1.30361e-18   0.00660485 -1.92058e-17   0.00602446  8.52223e-18   -0.0111457  2.37671e-17  -0.00197507 -2.07343e-17    0.0128803 -2.07623e-17  -0.00158348  2.37011e-17    -0.012353  6.57585e-18   0.00300081 -1.94827e-17    0.0106529  1.99761e-18   -0.0019275  1.88527e-17  -0.00818617  4.54095e-18 -0.000784721 -7.26864e-18    0.0043322 -3.48503e-18   0.00249003 -7.19802e-19  0.000266237   1.4469e-19 -6.31152e-05
 7.20278e-23 -1.98683e-07 -1.83089e-20   1.2883e-06  2.48117e-20 -6.45811e-07  2.19783e-20 -2.87576e-05 -1.37182e-19  0.000170235  7.42111e-19 -0.000508207 -9.46117e-19  0.000855402 -7.01717e-19 -0.000507221  2.22764e-18  -0.00114679 -2.82075e-18   0.00300925  1.27504e-18  -0.00205677  6.23666e-18  -0.00275513 -9.65354e-18   0.00619857 -4.48574e-18  -0.00146799  1.66929e-17  -0.00763881 -7.82319e-19   0.00715162 -2.05444e-17   0.00557471  9.41413e-18   -0.0114096  2.56329e-17  -0.00178215 -2.07623e-17    0.0131103 -1.86716e-17  -0.00137501  2.04216e-17   -0.0127308  3.48309e-18   0.00235151 -1.86058e-17    0.0111122  8.21673e-19 -0.000814235  1.65536e-17  -0.00830726  6.48336e-18  -0.00213587 -2.43569e-18   0.00341254 -2.29349e-18   0.00256671 -1.07469e-18  0.000576798  -8.9925e-20
 6.53511e-08  1.91982e-21 -1.17753e-06 -3.26573e-20  7.68821e-06  5.79822e-20 -2.56642e-05  -8.0777e-20  3.52875e-05 -8.50477e-20    6.673e-05   9.7227e-19 -0.000438684 -1.33119e-18  0.000978318 -1.38999e-19 -0.000922029  1.95064e-18  -0.00064876  -3.8616e-18   0.00293343  2.32528e-18  -0.00265188  6.81841e-18  -0.00205242 -1.05471e-17   0.00628044 -4.76236e-18  -0.00227218  1.65477e-17  -0.00724937 -4.75995e-19   0.00768066  -2.1566e-17   0.00511353  1.01228e-17   -0.0116964  2.56241e-17  -0.00158348 -1.86716e-17    0.0133864 -1.48782e-17  -0.00115207  1.66962e-17   -0.0131474  6.40895e-19   0.00162285 -1.80377e-17    0.0115409 -2.87786e-18  0.000465602  1.17731e-17  -0.00817187  6.89668e-18  -0.00355624  2.03243e-18   0.00185877 -5.55393e-19   0.00176592 -4.65452e-19  0.000325818
 9.46394e-22  2.25965e-07  5.91313e-21  -2.6783e-06 -4.86615e-20  1.58923e-05  1.08645e-19 -5.63837e-05 -2.30189e-19   0.00011728  2.56458e-20 -8.48913e-05  1.05552e-18 -0.000273225 -1.55777e-18  0.000972113   4.5745e-19  -0.00124465  1.58295e-18 -0.000124924 -4.64015e-18   0.00272478  3.18451e-18  -0.00313903  6.95673e-18  -0.00132135 -1.07166e-17    0.0062597 -4.77985e-18  -0.00304579    1.571e-17   -0.0068132 -4.50385e-19   0.00819635 -2.20634e-17   0.00463428   1.0113e-17   -0.0120097  2.37011e-17  -0.00137501 -1.48782e-17    0.0137139 -1.04467e-17 -0.000908585  1.35261e-17   -0.0136069 -6.29431e-19  0.000789114 -1.73205e-17    0.0119187 -8.25373e-18   0.00195466  5.19107e-18  -0.00768988  6.10398e-18  -0.00497464  5.06531e-18 -0.000140588  1.02863e-18  0.000577888  6.52716e-20
-2.60394e-09  2.00007e-21    1.862e-07  9.36162e-21  -2.6465e-06 -5.72364e-20  1.80922e-05  1.60585e-19  -7.3112e-05 -3.90908e-19  0.000181592  1.71372e-19 -0.000237427  9.82535e-19 -5.49028e-05 -1.61833e-18  0.000854955  1.03274e-18  -0.00145876  1.10979e-18  0.000389535 -5.02508e-18   0.00240629  3.79888e-18  -0.00351469  6.63083e-18 -0.000575667 -1.01058e-17   0.00614139 -4.55318e-18  -0.00378923  1.46422e-17  -0.00632747 -5.61001e-19   0.00870214 -2.19702e-17   0.00412912  8.94893e-18    -0.012353  2.04216e-17  -0.00115207 -1.04467e-17    0.0140999 -6.59234e-18 -0.000636467   1.1784e-17   -0.0141167  1.18519e-18 -0.000180374 -1.50452e-17    0.0122226 -1.28914e-17   0.00366023   -2.239e-18  -0.00675414  3.91722e-18  -0.00591038  5.17796e-18  -0.00161119  1.26366e-18 -8.53921e-05
-3.61702e-22  1.00402e-07  3.97227e-21 -7.70207e-07  6.85352e-21  1.72658e-06 -4.65919e-20  6.81456e-06  1.91327e-19 -6.04759e-05  -5.1841e-19  0.000201837  3.13403e-19 -0.000353064  7.78548e-19  0.000174982 -1.52569e-18  0.000653348  1.51206e-18  -0.00156029   5.4599e-19  0.000867226 -4.97071e-18   0.00199984  4.08853e-18  -0.00377725  5.98307e-18  0.000173124 -8.88557e-18   0.00592832 -4.24103e-18  -0.00450234  1.39026e-17  -0.00578729 -5.71938e-19   0.00920049 -2.13903e-17   0.00358856  6.57585e-18   -0.0127308  1.66962e-17 -0.000908585 -6.59234e-18    0.0145541 -4.22748e-18 -0.000327966  1.18389e-17   -0.0146814  7.20515e-18  -0.00131387 -9.55321e-18    0.0123759 -1.51204e-17   0.00554895 -1.07169e-17   -0.0049673 -1.21176e-18  -0.00535756  1.97485e-18  -0.00162723  3.81722e-19
-2.18501e-08 -1.29824e-21  4.17324e-07  7.81685e-21 -2.91111e-06 -6.03819e-21  1.05626e-05 -1.12235e-20  -1.7366e-05  1.86532e-19  -1.8501e-05 -5.77881e-19  0.000171801  4.13848e-19  -0.00041176  4.90452e-19  0.000383389 -1.29967e-18  0.000396586  1.82205e-18  -0.00155357 -3.10793e-20   0.00128711 -4.56621e-18   0.00152587  3.99485e-18  -0.00392599  5.27288e-18  0.000914793 -7.53338e-18   0.00562113 -4.03767e-18  -0.00518387  1.38822e-17  -0.00518555 -2.71055e-19   0.00969259 -2.04973e-17   0.00300081  3.48309e-18   -0.0131474  1.35261e-17 -0.000636467 -4.22748e-18    0.0150859 -4.20801e-18  3.01133e-05  1.30671e-17   -0.0152939  1.72113e-17  -0.00268461 -5.86609e-19    0.0122379 -1.68624e-17     0.007747 -2.15839e-17  -0.00177436 -9.35938e-18  -0.00301158 -1.85283e-18 -0.000671288
-1.18438e-22 -5.29901e-08 -2.94788e-21  7.27776e-07  1.31944e-20 -4.89116e-06 -2.76915e-20  1.93412e-05  4.09511e-20 -4.46567e-05   1.4824e-19  3.89589e-05 -5.55418e-19  0.000101804  4.50576e-19 -0.000408996  1.76956e-19  0.000546923 -9.78055e-19  0.000113227  1.93498e-18   -0.0014484 -5.08348e-19   0.00163319 -4.01941e-18   0.00100349  3.55362e-18  -0.00396031  4.75513e-18   0.00163948 -6.68777e-18   0.00521825 -4.01794e-18  -0.00583084  1.46696e-17  -0.00451267  4.59705e-19    0.0101777 -1.94827e-17   0.00235151  6.40895e-19   -0.0136069   1.1784e-17 -0.000327966 -4.20801e-18    0.0157112 -8.07877e-18  0.000467635  1.41842e-17   -0.0159752  2.93173e-17  -0.00440929  9.13831e-18    0.0117872 -2.26309e-17       0.0103 -3.36467e-17   0.00218975 -1.57743e-17 -0.000436718 -2.65654e-18
-3.58063e-09 -1.20053e-22  2.01681e-08 -4.57035e-21  3.35883e-07  1.72191e-20 -4.18463e-06 -4.93859e-20   2.1607e-05  9.17275e-20 -6.25909e-05  9.17703e-20  9.36892e-05 -4.61321e-19  9.93195e-06  4.25204e-19 -0.000351054 -1.05248e-19  0.000651487 -6.27376e-19 -0.000170801  1.89388e-18  -0.00125816 -7.99473e-19   0.00189333 -3.56582e-18  0.000450965  2.97119e-18  -0.00387931  4.55424e-18    0.0023367 -6.84994e-18   0.00471594 -4.05335e-18   -0.0064377  1.60786e-17  -0.00375649  1.46192e-18    0.0106529 -1.86058e-17   0.00162285 -6.29431e-19   -0.0141167  1.18389e-17  3.01133e-05 -8.07877e-18    0.0164622 -1.75072e-17  0.000992792  1.48325e-17   -0.0167615  4.05938e-17  -0.00644872  1.47148e-17    0.0108916 -3.25862e-17    0.0119589 -3.99139e-17   0.00450117 -1.46517e-17  0.000519742
 9.71079e-23  -3.8533e-08 -1.31264e-22  3.50412e-07 -4.67614e-21  -1.2853e-06  1.58835e-20  5.96363e-07 -6.09894e-20  1.39746e-05  1.23828e-19 -6.34379e-05  3.57763e-20  0.000131206 -3.25546e-19 -8.47347e-05  3.59137e-19 -0.000250889 -3.20731e-19  0.000691095 -3.23407e-19 -0.000432967  1.79795e-18  -0.00099859 -8.94556e-19   0.00205834 -3.35004e-18  -0.00011365  2.62266e-18  -0.00368161  4.57893e-18   0.00299435 -8.15676e-18   0.00410844 -3.84186e-18  -0.00699544  1.77144e-17  -0.00290133  1.99761e-18    0.0111122 -1.80377e-17  0.000789114  1.18519e-18   -0.0146814  1.30671e-17  0.000467635 -1.75072e-17    0.0173477 -3.13142e-17   0.00160046    1.609e-17    -0.017514  4.80887e-17  -0.00882746  1.39618e-17   0.00829697 -3.80403e-17    0.0102721 -3.34897e-17   0.00358529  -7.2418e-18
 4.76215e-09  2.37057e-22 -1.03887e-07 -3.46184e-22  8.33221e-07 -2.19364e-21  -3.5657e-06  7.67581e-21  7.92745e-06 -5.84115e-20  -1.5069e-06  1.30166e-19 -4.68678e-05 -7.53151e-21  0.000143936 -1.83827e-19  -0.00016587  2.80982e-19 -0.000124861 -4.68147e-19  0.000666407 -1.08508e-19 -0.000654327  1.75228e-18 -0.000687235 -8.80194e-19   0.00212137 -3.34668e-18 -0.000671649  2.90506e-18  -0.00336535  4.48297e-18   0.00359731 -1.03289e-17   0.00338798 -2.98641e-18  -0.00748934  1.89413e-17   -0.0019275  8.21673e-19    0.0115409 -1.73205e-17 -0.000180374  7.20515e-18   -0.0152939  1.41842e-17  0.000992792 -3.13142e-17    0.0183711 -4.35205e-17   0.00248438  1.81925e-17   -0.0180809  5.04184e-17   -0.0124136  1.13191e-17   0.00233901 -3.04522e-17   0.00500565   -1.803e-17   0.00121235
 1.88486e-23  3.72606e-09  3.82751e-22  -1.0222e-07 -6.96273e-22  9.73928e-07  2.24444e-21 -4.90985e-06 -4.54493e-21  1.41925e-05  -4.5418e-20  -1.9084e-05  1.14824e-19 -1.82493e-05 -3.62434e-20  0.000131042 -6.04264e-20 -0.000221703   2.1218e-19  9.68293e-06 -5.73973e-19  0.000583432  3.45971e-20 -0.000819499  1.80061e-18 -0.000343265 -9.30613e-19   0.00207759 -3.35059e-18  -0.00120261  3.98855e-18  -0.00292869    3.745e-18   0.00412572 -1.26912e-17   0.00254588  -1.1473e-18   -0.0078966  1.88527e-17 -0.000814235 -2.87786e-18    0.0119187 -1.50452e-17  -0.00131387  1.72113e-17   -0.0159752  1.48325e-17   0.00160046 -4.35205e-17    0.0197091 -4.70882e-17   0.00381509  1.96941e-17   -0.0190656  4.91378e-17    -0.017968  1.27223e-17  -0.00544331 -1.40687e-17 -1.54649e-05 -5.05097e-18
