    0.105181 -2.59161e-17   -0.0541817  5.23438e-17   -0.0228116   1.1088e-17    0.0055425 -6.54078e-18   0.00530932  3.61498e-19  0.000275415  7.35998e-19 -0.000678405  -2.8822e-19 -0.000179419 -1.49113e-19  1.62024e-05  8.35843e-21  1.05451e-05  3.98543e-21  7.02818e-07
-2.59161e-17     0.127203 -6.82926e-17   -0.0257053  5.49491e-17   -0.0312072  8.66401e-18    0.0014669 -3.46428e-18   0.00715692  3.48244e-18   0.00124913  1.29883e-18 -0.000837551 -4.70128e-19 -0.000337018 -1.59329e-19 -7.96974e-06  2.38598e-20  9.90907e-06  3.58694e-21
  -0.0541817 -6.82926e-17     0.087984 -6.10797e-17  -0.00676712  2.56015e-17   -0.0297748 -6.00063e-18  -0.00201862 -1.15237e-18   0.00753184  5.65778e-18   0.00217857  1.50943e-18 -0.000735132 -4.67677e-19 -0.000431668  -5.6161e-20 -4.17834e-05  4.15149e-20  3.49474e-06
 5.23438e-17   -0.0257053 -6.10797e-17    0.0597285 -2.50061e-17 -0.000565729  5.41267e-20   -0.0270732 -1.86231e-17  -0.00438582 -1.16988e-18   0.00726394  5.40134e-18   0.00294934   8.4227e-19 -0.000448619 -4.78685e-19 -0.000429001  4.81637e-20 -5.79881e-05  3.76062e-20
  -0.0228116  5.49491e-17  -0.00676712 -2.50061e-17    0.0469975  9.66498e-18   0.00180892 -1.19226e-17   -0.0249073 -2.22164e-17  -0.00619289 -1.51233e-18    0.0066322  3.28657e-18   0.00353002 -7.03405e-19 -4.44983e-05  -6.5173e-19 -0.000321978  5.35056e-20 -4.10642e-05
  1.1088e-17   -0.0312072  2.56015e-17 -0.000565729  9.66498e-18    0.0403465  2.78726e-17   0.00320122 -1.30938e-17   -0.0232478 -1.76355e-17  -0.00775932 -1.32779e-19   0.00569913  6.14665e-19   0.00386607 -2.48918e-18  0.000384502 -9.00053e-19 -0.000151497 -7.89915e-21
   0.0055425  8.66401e-18   -0.0297748  5.41267e-20   0.00180892  2.78726e-17    0.0362677  3.00928e-17   0.00424339 -9.10032e-18   -0.0219602 -7.62773e-18  -0.00926022   3.6103e-18   0.00443434 -1.40556e-18   0.00384939 -3.66309e-18  0.000689615 -9.84114e-19 -1.35492e-05
-6.54078e-18    0.0014669 -6.00063e-18   -0.0270732 -1.19226e-17   0.00320122  3.00928e-17    0.0337106  2.20182e-17    0.0051977 -4.10754e-18   -0.0209226  5.19738e-18   -0.0107988   8.7657e-18   0.00276027 -2.13797e-18    0.0033288 -3.77146e-18  0.000702043 -7.12979e-19
  0.00530932 -3.46428e-18  -0.00201862 -1.86231e-17   -0.0249073 -1.30938e-17   0.00424339  2.20182e-17    0.0322011   8.1241e-18   0.00622745   7.8648e-21   -0.0200046  1.78936e-17    -0.012406  1.33246e-17  0.000633784 -1.83701e-18   0.00223905 -2.94258e-18  0.000400418
 3.61498e-19   0.00715692 -1.15237e-18  -0.00438582 -2.22164e-17   -0.0232478 -9.10032e-18    0.0051977   8.1241e-18    0.0315122 -8.92406e-18   0.00748102  2.69346e-18   -0.0190176  2.70487e-17   -0.0139457  1.52063e-17  -0.00173024  -1.2927e-18  0.000874772   -1.589e-18
 0.000275415  3.48244e-18   0.00753184 -1.16988e-18  -0.00619289 -1.76355e-17   -0.0219602 -4.10754e-18   0.00622745 -8.92406e-18    0.0315698 -2.62025e-17   0.00916426  3.97347e-18   -0.0175876  3.01584e-17   -0.0148676  1.35452e-17  -0.00355555 -8.69992e-19 -5.26955e-05
 7.35998e-19   0.00124913  5.65778e-18   0.00726394 -1.51233e-18  -0.00775932 -7.62773e-18   -0.0209226   7.8648e-21   0.00748102 -2.62025e-17    0.0324395 -3.92126e-17    0.0116646  4.67513e-18   -0.0149173   2.7359e-17    -0.014003  9.61665e-18  -0.00372589 -3.86969e-19
-0.000678405  1.29883e-18   0.00217857  5.40134e-18    0.0066322 -1.32779e-19  -0.00926022  5.19738e-18   -0.0200046  2.69346e-18   0.00916426 -3.92126e-17    0.0344038 -4.28182e-17     0.015742  6.53079e-18  -0.00974894  2.15785e-17   -0.0102321  5.75002e-18  -0.00207465
 -2.8822e-19 -0.000837551  1.50943e-18   0.00294934  3.28657e-18   0.00569913   3.6103e-18   -0.0107988  1.78936e-17   -0.0190176  3.97347e-18    0.0116646 -4.28182e-17    0.0381102 -3.39645e-17    0.0224046  1.07286e-17   -0.0014889  1.59646e-17  -0.00442232    2.859e-18
-0.000179419 -4.70128e-19 -0.000735132   8.4227e-19   0.00353002  6.14665e-19   0.00443434   8.7657e-18    -0.012406  2.70487e-17   -0.0175876  4.67513e-18     0.015742 -3.39645e-17    0.0443719 -1.50171e-17    0.0314562  1.56189e-17   0.00739678  1.09443e-17 -7.69829e-05
-1.49113e-19 -0.000337018 -4.67677e-19 -0.000448619 -7.03405e-19   0.00386607 -1.40556e-18   0.00276027  1.33246e-17   -0.0139457  3.01584e-17   -0.0149173  6.53079e-18    0.0224046 -1.50171e-17    0.0525934   5.3354e-18    0.0388923  1.69311e-17    0.0113608  5.49482e-18
 1.62024e-05 -1.59329e-19 -0.000431668 -4.78685e-19 -4.44983e-05 -2.48918e-18   0.00384939 -2.13797e-18  0.000633784  1.52063e-17   -0.0148676   2.7359e-17  -0.00974894  1.07286e-17    0.0314562   5.3354e-18    0.0581175  1.68867e-17    0.0376054  1.23383e-17   0.00765868
 8.35843e-21 -7.96974e-06  -5.6161e-20 -0.000429001  -6.5173e-19  0.000384502 -3.66309e-18    0.0033288 -1.83701e-18  -0.00173024  1.35452e-17    -0.014003  2.15785e-17   -0.0014889  1.56189e-17    0.0388923  1.68867e-17    0.0532537  1.60216e-17    0.0251637  5.12904e-18
 1.05451e-05  2.38598e-20 -4.17834e-05  4.81637e-20 -0.000321978 -9.00053e-19  0.000689615 -3.77146e-18   0.00223905  -1.2927e-18  -0.00355555  9.61665e-18   -0.0102321  1.59646e-17   0.00739678  1.69311e-17    0.0376054  1.60216e-17    0.0358036  8.44374e-18   0.00957732
 3.98543e-21  9.90907e-06  4.15149e-20 -5.79881e-05  5.35056e-20 -0.000151497 -9.84114e-19  0.000702043 -2.94258e-18  0.000874772 -8.69992e-19  -0.00372589  5.75002e-18  -0.00442232  1.09443e-17    0.0113608  1.23383e-17    0.0251637  8.44374e-18    0.0151962  2.25519e-18
 7.02818e-07  3.58694e-21  3.49474e-06  3.76062e-20 -4.10642e-05 -7.89915e-21 -1.35492e-05 -7.12979e-19  0.000400418   -1.589e-18 -5.26955e-05 -3.86969e-19  -0.00207465    2.859e-18 -7.69829e-05  5.49482e-18   0.00765868  5.12904e-18   0.00957732  2.25519e-18   0.00300826
