 2.94509e-34  5.15898e-39 -1.44186e-34 -7.81908e-38 -4.51397e-35  3.39897e-37  2.22993e-35 -2.44641e-37  2.50513e-36  4.22742e-37   3.1436e-36  -1.2665e-36 -1.98887e-36  5.67673e-37     1.06e-35 -2.26315e-37     4.32e-37 -3.10114e-37 -6.21113e-36  1.31934e-37 -1.18044e-36 -7.94777e-38  6.44526e-37   1.3365e-37  2.06495e-36  -8.8675e-38 -8.22149e-37  1.78203e-38 -3.50768e-38 -1.99974e-38 -2.28907e-37 -3.27032e-39 -4.21924e-41  1.57051e-40 -3.97663e-38 -2.15536e-39  8.70952e-39  1.91051e-39  4.02938e-38 -5.77413e-41 -1.41205e-38 -4.34649e-42   8.6105e-41 -5.75181e-41 -7.61394e-40 -7.35568e-41  7.37278e-40 -6.80285e-42 -8.32348e-40 -1.73033e-41  4.86673e-41 -7.12473e-42 -3.81882e-41 -1.95166e-42  1.95164e-41  1.73932e-42 -9.47741e-42 -6.31065e-43 -1.80851e-41 -1.78216e-44 -4.88077e-43 -2.51014e-43  4.80181e-43 -2.57992e-44  4.74474e-43   2.0702e-45 -3.53976e-43  3.67382e-44  1.11381e-43  4.04684e-45  6.10332e-44  3.97526e-45 -6.31488e-44  4.34881e-46  1.97867e-44  1.11151e-45 -2.96179e-46 -1.88224e-46  3.10095e-45 -2.55495e-47 -1.31523e-45  4.90097e-47  2.86823e-46  -1.6262e-48 -3.13565e-47  6.37758e-49   2.3021e-47 -2.19528e-48  5.79673e-49  3.40332e-48 -2.66394e-49 -6.97093e-48  -5.3886e-49  1.19563e-47  2.93521e-49 -1.93612e-47 -4.13048e-49  2.89472e-47  5.75873e-49 -3.98339e-47 -7.43588e-49  5.01457e-47  8.75533e-49 -5.74226e-47 -9.41018e-49  5.93964e-47  9.14929e-49 -5.50294e-47 -7.97959e-49   4.5193e-47  6.15809e-49 -3.24741e-47 -4.12968e-49  2.00783e-47  2.35109e-49 -1.04471e-47 -1.10275e-49  4.43533e-48  4.09412e-50 -1.46772e-48 -1.13499e-50  3.51236e-49  2.12601e-51 -5.25145e-50 -2.14144e-52  3.16576e-51
 5.15898e-39  4.34848e-34  3.73489e-38 -1.75239e-34 -4.24165e-37 -8.81531e-35  1.28048e-36 -1.48603e-35 -9.03334e-37  4.57811e-35  1.42387e-36 -3.82341e-35 -3.79414e-36  -9.1514e-37  1.06048e-36  2.17129e-35 -5.90942e-37  2.94216e-36 -7.62089e-37 -1.28442e-35  5.08164e-37 -2.18943e-36  -2.9977e-37  1.19818e-36  3.30555e-37  5.05499e-36 -2.27048e-37 -2.21842e-36  2.94383e-38 -7.37343e-38 -4.82623e-38 -6.57537e-37  -1.0953e-38  2.64004e-38 -4.36112e-39 -1.06962e-37 -6.51485e-39 -3.04845e-38  5.33789e-39  1.13297e-37 -4.00284e-40 -4.47319e-38  3.22788e-41  2.21321e-40 -4.42775e-40 -2.48776e-39 -1.85776e-40  1.65161e-39   -2.608e-41 -2.58182e-39 -3.04901e-41   3.0976e-40 -3.24968e-41 -2.09453e-40  1.38822e-42  7.21675e-41  5.39608e-42 -4.34982e-41 -1.62938e-42 -6.07586e-41 -1.02316e-43 -2.24962e-42 -8.50476e-43  2.86366e-43 -1.31547e-43  1.50055e-42  3.86385e-44 -1.71405e-42  1.20701e-43  5.34681e-43  2.06967e-44  3.10817e-43    1.348e-44 -2.44577e-43  2.57645e-45  7.55472e-44  4.35503e-45 -2.72492e-47 -7.96337e-46  1.09016e-44 -1.47368e-46 -4.21908e-45  1.71323e-46  9.20928e-46  -1.0883e-47 -1.79335e-46  1.34977e-47  9.71675e-47  -3.3127e-47  3.17913e-49  5.80258e-47   1.4137e-48 -1.07488e-46 -4.06294e-48  1.79685e-46  3.38145e-48 -2.79082e-46 -4.53657e-48  3.99368e-46  6.02647e-48 -5.24436e-46 -7.41199e-48  6.28369e-46  8.41314e-48 -6.82633e-46 -8.77653e-48  6.67228e-46  8.32648e-48 -5.81317e-46 -7.08169e-48   4.4624e-46  5.29137e-48  -2.9741e-46 -3.38699e-48  1.68828e-46  1.80201e-48 -7.95308e-47 -7.68189e-49  2.99546e-47   2.5011e-49 -8.51507e-48 -5.78355e-50  1.65038e-48  8.25472e-51 -1.73077e-49 -4.72084e-52
-1.44186e-34  3.73489e-38  5.23491e-34  1.78601e-37 -1.65031e-34 -1.42728e-36 -1.47957e-34  3.05183e-36 -5.09255e-35 -2.27491e-36  9.50542e-35  3.08195e-36 -1.19066e-34 -7.65075e-36  4.23979e-36  7.89925e-37  2.77356e-35 -9.21889e-37  5.51203e-36 -1.33952e-36 -2.08173e-35   1.2381e-36 -1.70726e-36 -7.39092e-37  1.49288e-36  5.79957e-37  8.79574e-36 -4.07992e-37  -4.3122e-36  3.55123e-38 -1.09139e-38  -8.9043e-38 -1.33893e-36 -1.86432e-38  1.76481e-37 -2.03824e-38 -2.60126e-37 -1.43584e-38 -1.70383e-37  1.11518e-38  2.36127e-37  -1.3785e-39 -1.01552e-37  1.17344e-40 -1.37937e-39 -1.46273e-39 -4.74588e-39 -3.18557e-40  1.66817e-39 -6.45697e-41 -5.69326e-39 -1.24738e-41  9.86328e-40 -1.01263e-40 -6.42919e-40  1.88145e-41  1.54035e-40  9.44486e-42  -1.4017e-40  -2.8694e-42 -1.43872e-40 -6.33686e-43 -6.12549e-42 -1.81665e-42  -2.7435e-42 -4.75306e-43  4.14507e-42  1.76465e-43 -5.62092e-42  2.72678e-43  1.70483e-42  6.87499e-44  9.82943e-43  3.21237e-44 -6.58933e-43  8.34818e-45  2.02892e-43  1.12446e-44  4.14114e-45 -2.31551e-45  2.72133e-44 -5.59276e-46 -9.75076e-45  4.52674e-46  2.08918e-45 -9.30034e-47 -6.39164e-46  1.71732e-46  2.81935e-46 -3.63435e-46 -6.76066e-48   6.5526e-46  1.25718e-47 -1.14596e-45 -1.95427e-47  1.84393e-45  1.92634e-47 -2.74283e-45 -2.42685e-47  3.75154e-45  3.05315e-47 -4.69592e-45 -3.68407e-47  5.34749e-45  4.25884e-47  -5.5013e-45 -4.64032e-47  5.06984e-45  4.62851e-47 -4.14214e-45 -4.08627e-47  2.96146e-45  3.08578e-47 -1.82212e-45 -1.92776e-47  9.43601e-46  9.62424e-48 -3.98781e-46 -3.68947e-48  1.31382e-46  1.02921e-48 -3.13067e-47 -1.90766e-49  4.66156e-48  1.89078e-50 -2.79903e-49
-7.81908e-38 -1.75239e-34  1.78601e-37  6.02652e-34  6.97453e-37 -1.46674e-34 -3.46321e-36 -2.13554e-34  5.42557e-36 -8.71299e-35 -4.47465e-36  1.22314e-34  4.91848e-36 -2.16696e-34 -1.20944e-35  6.99119e-36 -1.00678e-36  2.78647e-35 -1.04125e-36  4.53389e-36 -1.87885e-36 -3.09087e-35  2.27328e-36  1.23573e-36 -1.40112e-36  7.62305e-37  8.32538e-37  1.29362e-35 -5.78109e-37  -7.0789e-36  6.22418e-38  3.29193e-37 -1.53215e-37 -2.26539e-36 -1.14308e-38   6.2605e-37 -5.67778e-38 -5.90411e-37  -2.6902e-38 -4.57999e-37  2.06397e-38    4.139e-37 -3.20893e-39  -1.8724e-37  2.56049e-40  -9.1861e-39 -3.43287e-39 -5.80463e-39 -4.07286e-40 -1.36948e-39 -1.60079e-40 -1.04163e-38  8.68767e-41  2.14836e-39 -2.51752e-40 -1.40463e-39  6.09531e-41  1.89772e-40  7.70418e-42  -3.5826e-40 -4.04122e-42 -2.81109e-40 -2.55598e-42 -1.21446e-41 -2.72007e-42  -1.2059e-41 -1.32816e-42  1.09816e-41  5.07623e-43 -1.45105e-41  4.73647e-43  4.22805e-42  1.73707e-43  2.33247e-42  6.28702e-44 -1.42492e-42  1.98312e-44  4.43009e-43  2.21077e-44  1.96064e-44 -5.43938e-45  5.63867e-44 -1.73349e-45 -1.90601e-44  1.22907e-45  3.90895e-45  -8.2881e-46 -1.73698e-45   1.6559e-45  6.50295e-46 -3.25252e-45 -2.17966e-47  5.77756e-45  1.55162e-47 -9.65694e-45  1.20362e-48  1.49076e-44 -4.19132e-47 -2.12164e-44  7.47341e-47  2.77023e-44 -9.01656e-47 -3.30099e-44  7.13073e-47  3.56669e-44 -1.07116e-47 -3.46777e-44 -7.43447e-47  3.00563e-44  1.46155e-46 -2.29556e-44 -1.70895e-46  1.52239e-44  1.43781e-46 -8.60037e-45 -9.02759e-47  4.03239e-45  4.20943e-47 -1.51178e-45 -1.41815e-47  4.27802e-46  3.27073e-48  -8.2544e-47 -4.58434e-49  8.61746e-48  2.58557e-50
-4.51397e-35 -4.24165e-37 -1.65031e-34  6.97453e-37  7.63213e-34  2.28489e-36 -1.60816e-34 -6.41693e-36 -2.40457e-34  7.88836e-36 -1.36143e-34 -7.25392e-36  1.16056e-34  6.13203e-36 -2.96391e-34 -1.60215e-35  8.98709e-37 -4.42072e-36  3.12783e-35 -9.86142e-37 -4.19624e-36 -2.09117e-36 -4.36229e-35  3.40786e-36  7.21106e-36 -2.19239e-36  -2.3627e-36  1.04625e-36  1.79715e-35  -6.5199e-37 -1.04975e-35  1.71039e-37  1.09728e-36  -2.6232e-37  -3.4329e-36  3.43518e-38  1.60426e-36 -1.20111e-37 -1.20596e-36 -4.54817e-38 -9.00003e-37  3.60234e-38  6.32452e-37  -5.5393e-39 -2.92951e-37  5.26928e-40  -3.0667e-38 -6.70075e-39 -3.09719e-39 -3.33675e-40 -1.00082e-38  -4.3003e-40 -1.69647e-38  3.30919e-40  3.49188e-39 -5.33829e-40 -2.36463e-39  1.34691e-40 -8.04832e-42 -1.05571e-41 -7.65827e-40 -5.39935e-42 -4.85934e-40 -7.38238e-42 -1.89967e-41 -2.51417e-42 -3.08743e-41 -3.01748e-42  2.68175e-41  1.09384e-42 -3.14063e-41   6.2455e-43  8.73783e-42  3.58552e-43   4.4929e-42  1.08451e-43 -2.63409e-42   3.9044e-44  8.39149e-43  3.44584e-44  5.67974e-44 -1.08229e-44  1.04077e-43 -5.20388e-45 -3.39169e-44  4.72434e-45  6.47075e-45 -6.67758e-45 -3.83032e-45  1.32164e-44  1.02805e-45 -2.46928e-44  4.76535e-46  4.24973e-44 -9.99489e-46 -6.80801e-44  1.76484e-45  1.00685e-43 -2.71671e-45 -1.36961e-43  3.58848e-45  1.70502e-43 -4.04217e-45  -1.9312e-43  3.78069e-45  1.97631e-43 -2.77469e-45 -1.81194e-43  1.37484e-45  1.47293e-43 -1.41678e-46  -1.0479e-43 -5.18115e-46  6.41645e-44  5.95477e-46 -3.30718e-44 -3.80275e-46   1.3912e-44  1.61005e-46 -4.56242e-45 -4.57652e-47  1.08216e-45  8.30136e-48 -1.60371e-46 -8.03407e-49  9.58128e-48
 3.39897e-37 -8.81531e-35 -1.42728e-36 -1.46674e-34  2.28489e-36  1.06205e-33  6.16909e-36 -1.90901e-34 -9.24395e-36 -2.16143e-34   1.0191e-35 -2.01835e-34 -1.00354e-35  8.61292e-35  6.18701e-36 -3.33991e-34 -1.85014e-35 -1.43677e-35 -8.59253e-36  5.44623e-35 -1.06389e-36 -2.37647e-35 -1.63498e-36 -5.81068e-35  4.33477e-36  1.62508e-35 -2.93415e-36  -9.2294e-36  1.21453e-36  2.54387e-35 -5.31483e-37 -1.44751e-35  4.42617e-37  2.33032e-36 -4.39424e-37 -4.86827e-36  1.42924e-37  3.33176e-36  -2.0942e-37 -2.19991e-36 -7.11707e-38 -1.44024e-36  6.02413e-38  8.48999e-37 -7.10912e-39  -3.9644e-37  1.15687e-39  -7.5267e-38 -1.18145e-38  5.83848e-39  1.02015e-40 -2.61448e-38 -1.09843e-39 -2.56713e-38   7.7727e-40  4.18693e-39 -1.00209e-39 -3.10442e-39   2.3728e-40 -7.45179e-40 -5.71444e-41 -1.41388e-39    -9.05e-42 -7.71358e-40 -1.66691e-41 -2.41526e-41  4.81829e-43 -6.00439e-41 -5.78622e-42   5.8507e-41  1.88153e-42 -5.90122e-41  4.97235e-43   1.5657e-41  6.30462e-43  7.32557e-42  1.71795e-43 -4.34012e-42  6.88923e-44  1.43981e-42  4.08991e-44  1.23675e-43 -1.68585e-44  1.77917e-43 -1.86261e-44  -5.6783e-44  2.58394e-44  9.09487e-45 -4.74269e-44 -5.13789e-45  9.09587e-44 -3.57242e-45 -1.62854e-43   1.1145e-44    2.699e-43 -1.97328e-44 -4.14463e-43  3.11106e-44   5.8661e-43 -4.34785e-44 -7.61847e-43  5.32076e-44  9.03017e-43 -5.60916e-44  -9.7066e-43  4.96766e-44  9.38965e-43 -3.54471e-44 -8.09818e-43  1.87158e-44   6.1553e-43 -5.52766e-45 -4.06306e-43 -1.13057e-45  2.28491e-43  2.44055e-45 -1.06656e-43  -1.5063e-45  3.98114e-44    5.462e-46 -1.12164e-44 -1.23742e-46  2.15439e-45  1.65554e-47 -2.23817e-46 -9.17573e-49
 2.22993e-35  1.28048e-36 -1.47957e-34 -3.46321e-36 -1.60816e-34  6.16909e-36  1.44419e-33   1.3646e-35 -1.86902e-34 -1.00934e-35  -1.6182e-34  1.26603e-35 -2.71455e-34 -1.22169e-35  5.17076e-35  5.18246e-36 -3.28803e-34 -1.90732e-35 -3.60159e-35 -1.21302e-35  1.13248e-34 -1.76367e-36 -5.51533e-35 -2.72976e-37 -7.16957e-35   4.7073e-36  2.72923e-35 -3.40543e-36 -2.01313e-35  1.37149e-36  3.71568e-35 -1.36394e-37 -1.86818e-35  9.43603e-37  3.92809e-36 -6.93021e-37 -6.61676e-36  3.27159e-37  5.92963e-36  -3.1345e-37 -3.62133e-36 -1.04152e-37 -1.95993e-36  9.62205e-38  9.93327e-37 -5.80585e-39 -4.66635e-37  2.45298e-39 -1.52082e-37 -1.97265e-38  2.24483e-38  1.20079e-39 -4.99236e-38  -2.4586e-39 -3.71628e-38  1.44716e-39  2.94284e-39 -1.70281e-39 -2.92998e-39  3.51882e-40 -2.40342e-39 -1.38855e-40 -2.30313e-39 -2.04458e-41 -1.14572e-39 -3.09446e-41  -2.3975e-41  8.41267e-42 -9.66843e-41 -9.63857e-42  1.13536e-40  2.63644e-42 -9.83624e-41 -3.04571e-43    2.497e-41  9.71519e-43  1.03746e-41  2.55435e-43 -6.60909e-42  1.16651e-43  2.31867e-42  2.32027e-44  2.15765e-43 -5.36316e-45  2.85106e-43 -8.66397e-44 -8.46177e-44  1.55387e-43 -3.93832e-45 -2.98824e-43  2.96127e-44  5.52244e-43 -8.43647e-44  -9.4933e-43   1.5981e-43  1.51133e-42 -2.63161e-43 -2.22332e-42  3.87893e-43   3.0084e-42 -5.06784e-43 -3.72585e-42  5.79018e-43  4.19887e-42 -5.68057e-43 -4.27593e-42  4.66213e-43  3.90171e-42 -3.07124e-43 -3.15723e-42  1.50033e-43  2.23635e-42 -4.31623e-44 -1.36363e-42 -3.14331e-45   7.0004e-43  1.05258e-44 -2.93351e-43 -5.57057e-45  9.58435e-44  1.60185e-45 -2.26469e-44 -2.70494e-46  3.34249e-45  2.45183e-47 -1.98758e-46
-2.44641e-37 -1.48603e-35  3.05183e-36 -2.13554e-34 -6.41693e-36 -1.90901e-34   1.3646e-35  1.80857e-33   2.4922e-35 -1.25037e-34 -7.14176e-36 -1.05901e-34  1.58513e-35 -3.22718e-34 -1.34479e-35  2.67147e-35  3.58369e-36 -2.96473e-34 -1.76753e-35 -6.45335e-35 -1.38892e-35  2.14697e-34 -3.61326e-36 -9.73509e-35  2.00127e-36 -7.98375e-35  4.19416e-36  3.76983e-35 -3.39958e-36 -3.35049e-35  1.56874e-36  5.39275e-35  5.63648e-37 -2.24889e-35  1.69093e-36  5.68062e-36 -1.00336e-36 -8.69992e-36  5.78234e-37  9.32361e-36 -4.12925e-37  -5.4586e-36 -1.43194e-37 -2.30578e-36  1.45905e-37  9.82257e-37  7.62053e-40   -4.737e-37  4.50093e-39 -2.66723e-37 -3.18143e-38  4.65095e-38  3.34017e-39 -7.87577e-38 -4.76452e-39 -5.25157e-38   2.2898e-39 -1.69957e-39 -2.65379e-39 -9.87579e-40  4.47128e-40 -5.36459e-39 -2.52144e-40 -3.35716e-39 -4.92404e-41 -1.60583e-39  -4.8451e-41 -1.22072e-41  2.36202e-41 -1.35001e-40 -1.42821e-41  1.97658e-40  2.96213e-42  -1.4743e-40 -2.35349e-42  3.61129e-41  1.34257e-42  1.30166e-41  3.55573e-43 -9.63982e-42  2.08541e-43  3.61004e-42 -8.12041e-44  3.15298e-43  1.39306e-43  3.95514e-43 -4.59836e-43 -2.37295e-44  8.91766e-43 -2.50084e-43 -1.68835e-42  5.49207e-43  3.00181e-42 -1.08268e-42 -4.95536e-42   1.8736e-42  7.56806e-42 -2.90964e-42 -1.06567e-41  4.03493e-42   1.3771e-41 -4.93892e-42 -1.62438e-41  5.25637e-42   1.7379e-41 -4.76668e-42 -1.67366e-41  3.57844e-42  1.43737e-41 -2.12443e-42 -1.08822e-41  9.12699e-43  7.15721e-42 -2.16309e-43 -4.01168e-42  -2.6718e-44  1.86705e-42  4.56893e-44  -6.9506e-43 -1.83333e-44  1.95342e-43  3.85359e-45 -3.74275e-44 -4.50231e-46  3.87724e-45  2.36452e-47
 2.50513e-36 -9.03334e-37 -5.09255e-35  5.42557e-36 -2.40457e-34 -9.24395e-36 -1.86902e-34   2.4922e-35   2.0764e-33  3.80603e-35 -3.08704e-35  3.66796e-37  -6.5871e-35  1.98918e-35 -3.39407e-34 -1.35783e-35  1.07525e-35  1.57304e-36 -2.51914e-34 -1.44551e-35 -1.05833e-34 -1.35121e-35  3.53191e-34 -7.02512e-36 -1.48043e-34   4.9679e-36 -7.62367e-35  2.55244e-36  4.34395e-35 -2.77935e-36 -4.59104e-35  1.83937e-36  7.45432e-35  1.52872e-36 -2.51576e-35  2.63115e-36  7.29107e-36  -1.3198e-36 -1.10738e-35  8.61745e-37  1.31936e-35 -4.87444e-37 -7.63767e-36 -1.85503e-37 -2.33862e-36  2.09378e-37  7.43673e-37  1.43377e-38 -4.00629e-37  6.70427e-39 -4.18168e-37 -4.95222e-38  7.54339e-38  6.88259e-39 -1.06502e-37 -8.09489e-39 -7.33023e-38  3.15657e-39 -1.09685e-38 -3.82044e-39  3.58258e-39  4.82715e-40 -9.93175e-39 -3.82555e-40 -4.41571e-39 -1.08736e-40 -2.13401e-39 -6.43239e-41  2.40671e-41  4.84574e-41 -1.69881e-40 -1.92472e-41  3.12431e-40  2.44297e-42 -2.00236e-40 -6.35659e-42   4.8035e-41   1.7112e-42  1.48095e-41  4.29155e-43  -1.3904e-41  4.68463e-43  5.49621e-42 -5.65804e-43  5.53832e-43  1.04458e-42  1.68921e-45 -2.42941e-42  1.31272e-42  4.71048e-42 -3.26173e-42 -8.63637e-42   6.4996e-42  1.47622e-41 -1.17865e-41  -2.3392e-41  1.92634e-41  3.42388e-41 -2.82586e-41 -4.61055e-41  3.68453e-41  5.68357e-41 -4.21458e-41 -6.37687e-41  4.15827e-41  6.46699e-41 -3.45857e-41 -5.87854e-41  2.34559e-41  4.74063e-41 -1.22841e-41 -3.34804e-41  4.43921e-42   2.0366e-41 -7.27203e-43 -1.04364e-41 -2.27826e-43  4.36829e-42  1.80542e-43  -1.4264e-42 -5.02541e-44  3.37012e-43  7.04984e-45 -4.97442e-44 -5.24543e-46  2.95715e-45
 4.22742e-37  4.57811e-35 -2.27491e-36 -8.71299e-35  7.88836e-36 -2.16143e-34 -1.00934e-35 -1.25037e-34  3.80603e-35  2.22285e-33  4.91994e-35  3.87974e-35  1.16138e-35 -4.70991e-35  2.41705e-35 -3.20124e-34 -1.23478e-35 -1.10136e-35  -1.3648e-36 -1.97938e-34 -9.72438e-36 -1.67781e-34 -1.14226e-35  5.12217e-34 -1.21334e-35 -2.04422e-34  8.29572e-36  -5.3769e-35 -2.81436e-37   4.0125e-35 -1.52026e-36 -5.29808e-35   2.1754e-36  9.57381e-35  2.64855e-36 -2.62429e-35  3.64584e-36  8.36923e-36 -1.57205e-36 -1.36145e-35  1.12268e-36  1.70177e-35 -5.23872e-37 -1.00288e-35 -2.27007e-37  -1.9859e-36  2.84399e-37  2.42933e-37  3.50977e-38 -2.51677e-37  7.41058e-39 -5.96508e-37 -7.36155e-38  1.03125e-37  1.20346e-38 -1.22957e-37 -1.22634e-38 -1.01361e-37  3.80166e-39 -2.55176e-38  -5.0966e-39   1.1521e-38  4.20793e-40  -1.6272e-38 -5.10762e-40 -5.25441e-39 -2.13966e-40  -2.7051e-39 -7.08448e-41  1.09487e-40  8.53732e-41 -2.02484e-40 -2.41787e-41  4.53614e-40  9.05757e-43 -2.46971e-40 -1.30627e-41  5.94298e-41  2.14409e-42  1.58692e-41  2.20827e-43 -1.99986e-41   1.5288e-42  7.45425e-42  -2.8806e-42  3.26481e-42  5.78647e-42 -6.78179e-42 -1.20742e-41  1.69545e-41  2.28078e-41 -3.55428e-41 -4.03033e-41   6.7144e-41  6.61902e-41 -1.15277e-40 -1.00611e-40  1.78439e-40  1.41003e-40 -2.46883e-40 -1.81389e-40  3.01821e-40  2.13055e-40 -3.21272e-40 -2.27059e-40   2.9206e-40  2.17909e-40 -2.20786e-40 -1.86598e-40  1.33363e-40  1.40953e-40 -6.00694e-41 -9.25705e-41  1.71568e-41  5.18609e-41 -1.10692e-42 -2.41505e-41  -1.3741e-42  9.00656e-42  5.95599e-43 -2.53867e-42 -1.05693e-43   4.8833e-43  8.66506e-45 -5.08188e-44 -3.76292e-46
  3.1436e-36  1.42387e-36  9.50542e-35 -4.47465e-36 -1.36143e-34   1.0191e-35  -1.6182e-34 -7.14176e-36 -3.08704e-35  4.91994e-35  2.28027e-33  5.43169e-35  3.11303e-35  2.45423e-35 -5.01902e-35  2.75895e-35 -2.73497e-34 -9.18002e-36 -5.90493e-35  -6.2759e-36 -1.25948e-34 -4.05572e-36 -2.54664e-34  -8.4383e-36  6.70792e-34 -1.86542e-35 -2.63978e-34  1.16583e-35 -6.67449e-36 -4.13071e-36  2.45094e-35   2.6452e-37 -5.10118e-35  2.53768e-36  1.13136e-34   3.7649e-36 -2.59959e-35  4.58364e-36  8.43265e-36 -1.69094e-36 -1.61361e-35  1.29819e-36  2.02146e-35 -5.22379e-37 -1.24508e-35 -2.63013e-37 -1.27819e-36  3.66578e-37 -4.96034e-37  6.10991e-38 -5.43718e-38   3.9187e-39 -7.82536e-37 -1.03313e-37  1.18564e-37  1.87125e-38 -1.14263e-37 -1.68308e-38 -1.38163e-37   3.9167e-39 -4.52357e-38 -6.30138e-39  2.33593e-38  2.39666e-40 -2.43856e-38 -6.23184e-40 -5.62616e-39 -3.79512e-40 -3.30193e-39 -5.91334e-41  2.82893e-40  1.37359e-40 -2.46081e-40 -2.92147e-41  6.11153e-40 -1.23007e-42 -2.75553e-40 -2.32013e-41  6.93759e-41  3.17444e-42  1.61215e-41 -1.58224e-42  -2.5326e-41  6.46791e-42 -7.00056e-43 -1.37852e-41  3.51391e-41   2.8176e-41 -8.17534e-41  -5.5617e-41  1.77878e-40  1.01506e-40 -3.51462e-40 -1.72561e-40  6.32332e-40  2.72081e-40 -1.03054e-39 -3.96362e-40  1.50852e-39  5.31301e-40 -1.96305e-39 -6.52153e-40  2.24158e-39  7.28858e-40 -2.20876e-39 -7.36663e-40  1.83647e-39  6.67821e-40  -1.2481e-39 -5.37566e-40  6.59558e-40   3.7938e-40 -2.46479e-40 -2.30927e-40  4.92178e-41  1.18611e-40  4.76116e-42 -4.98551e-41  -6.0456e-42  1.63822e-41  1.52526e-42 -3.90328e-42  -1.4778e-43  5.82127e-43  5.29292e-45 -3.50145e-44
 -1.2665e-36 -3.82341e-35  3.08195e-36  1.22314e-34 -7.25392e-36 -2.01835e-34  1.26603e-35 -1.05901e-34  3.66796e-37  3.87974e-35  5.43169e-35  2.32417e-33  5.14121e-35 -7.71967e-35  3.66996e-35 -7.51909e-35   2.9071e-35 -2.07353e-34 -3.33489e-36 -1.46222e-34 -1.41578e-35 -2.46899e-35  1.67552e-36 -3.63459e-34 -5.36058e-36  8.11432e-34  -2.5846e-35 -3.25051e-34  1.47692e-35  6.64839e-35 -8.60176e-36 -4.26181e-36   2.3218e-36 -3.84751e-35  2.89402e-36  1.22737e-34  4.71016e-36 -2.55093e-35  5.30789e-36  6.97954e-36 -1.63057e-36 -1.84248e-35  1.33384e-36  2.23284e-35 -4.97619e-37 -1.46682e-35 -2.89262e-37 -3.55471e-37  4.50318e-37 -1.38186e-36  8.82423e-38  1.45575e-37 -6.97108e-39 -9.49899e-37 -1.35745e-37  1.05198e-37  2.64779e-38 -6.48895e-38 -2.12164e-38 -1.83813e-37  3.18859e-39 -6.91939e-38 -7.19848e-39  3.93118e-38 -5.54904e-41 -3.40932e-38  -7.2209e-40 -5.30744e-39 -6.18492e-40 -3.93037e-39 -2.21993e-41  5.94409e-40  2.08636e-40 -3.30229e-40  -3.5369e-41  7.71381e-40   -2.447e-42 -2.75867e-40 -3.78746e-41  8.20479e-41   7.4192e-42   2.2631e-42 -1.11309e-41  1.24609e-41  2.91184e-41 -1.32207e-40 -6.23722e-41  3.68539e-40  1.25225e-40   -8.264e-40 -2.36903e-40   1.7035e-39  4.16414e-40 -3.20909e-39 -6.80132e-40  5.49506e-39   1.0284e-39 -8.48903e-39 -1.43397e-39  1.17206e-38  1.83576e-39 -1.42954e-38 -2.14659e-39  1.51768e-38  2.27869e-39 -1.37568e-38 -2.17994e-39  1.03684e-38  1.86278e-39 -6.24845e-39 -1.40617e-39  2.81863e-39  9.24581e-40 -8.22788e-40 -5.19796e-40  7.66198e-41  2.43587e-40  4.62654e-41 -9.17114e-41 -1.97338e-41  2.61897e-41  2.72777e-42 -5.12199e-42 -7.80541e-44  5.43701e-43 -3.44393e-46
-1.98887e-36 -3.79414e-36 -1.19066e-34  4.91848e-36  1.16056e-34 -1.00354e-35 -2.71455e-34  1.58513e-35  -6.5871e-35  1.16138e-35  3.11303e-35  5.14121e-35  2.44704e-33  4.15547e-35 -2.76521e-34  4.60248e-35 -1.18911e-34  2.79329e-35 -1.22929e-34   5.6882e-36 -2.67075e-34  -2.5407e-35  1.10241e-34  6.42753e-36 -4.83552e-34 -2.76882e-36  9.25692e-34 -3.26276e-35 -3.86822e-34  1.73487e-35  1.60622e-34 -1.31994e-35 -4.43347e-35  4.27952e-36  -1.6706e-35  3.25796e-36   1.2227e-34  5.35023e-36 -2.64765e-35  5.74208e-36  3.65917e-36 -1.38219e-36 -2.02611e-35  1.19747e-36  2.31639e-35 -4.74732e-37 -1.63912e-35 -3.03423e-37   5.5968e-37  5.30447e-37 -2.26392e-36  1.10659e-37  2.94691e-37 -2.79629e-38 -1.06993e-36 -1.66128e-37  4.26272e-38  3.45788e-38  3.84594e-38  -2.4846e-38 -2.35941e-37  1.35314e-39 -9.56437e-38 -7.53536e-39  5.90878e-38 -4.28639e-40 -4.50378e-38 -8.30165e-40  -4.1279e-39 -9.43212e-40  -4.6255e-39  4.12597e-41  1.09882e-39  3.05287e-40 -5.03004e-40  -4.5054e-41  9.25599e-40  1.12118e-42 -2.59599e-40 -6.11586e-41   1.5566e-40  2.64422e-41 -1.91447e-40 -5.49017e-41  5.44486e-40  1.26634e-40 -1.51108e-39 -2.63827e-40  3.58566e-39  5.13096e-40 -7.69992e-39 -9.32577e-40  1.51646e-38  1.57528e-39 -2.72378e-38 -2.46759e-39  4.43099e-38  3.57141e-39 -6.47304e-38 -4.75656e-39  8.40298e-38  5.80231e-39  -9.5667e-38 -6.44742e-39   9.3918e-38  6.48384e-39 -7.77276e-38 -5.85541e-39  5.25203e-38  4.70338e-39 -2.75585e-38 -3.32023e-39  1.02219e-38   2.0279e-39 -2.04865e-39 -1.04928e-39 -1.52805e-40  4.46392e-40  2.11002e-40 -1.49253e-40 -4.63545e-41  3.63875e-41  2.42663e-42 -5.58297e-42   1.4056e-43  3.47114e-43
 5.67673e-37  -9.1514e-37 -7.65075e-36 -2.16696e-34  6.13203e-36  8.61292e-35 -1.22169e-35 -3.22718e-34  1.98918e-35 -4.70991e-35  2.45423e-35 -7.71967e-35  4.15547e-35  2.72544e-33  2.81994e-35 -5.37358e-34  5.12876e-35 -1.69654e-34   2.3984e-35 -1.79756e-35  1.78355e-35 -3.95065e-34   -3.961e-35  2.71093e-34   9.2448e-36 -5.99431e-34 -1.00801e-36  1.01441e-33 -3.78304e-35 -4.48612e-34  1.90985e-35  2.64192e-34  -1.7481e-35 -9.19295e-35  5.69407e-36  1.06064e-35  3.69447e-36  1.11896e-34    5.617e-36 -3.06259e-35  5.89518e-36 -1.50959e-36 -9.74201e-37 -2.14149e-35  8.85195e-37  2.28084e-35 -4.81578e-37 -1.72968e-35 -3.06901e-37  1.21344e-36  6.04189e-37 -2.95887e-36  1.21334e-37  3.44515e-37 -6.01808e-38 -1.11825e-36  -1.8873e-37 -8.84204e-38  4.20868e-38  2.01662e-37 -2.72489e-38 -2.88881e-37 -1.78609e-39 -1.22002e-37 -7.09047e-39  8.16328e-38 -8.15323e-40 -5.67172e-38 -9.87712e-40 -1.96491e-39 -1.36609e-39 -5.45173e-39  1.23392e-40  1.85536e-39  4.35674e-40 -8.44115e-40 -6.37372e-41   1.1293e-39  2.03561e-41 -4.33665e-40 -1.11591e-40  9.01691e-40  1.07609e-40 -2.25526e-39  -2.3756e-40  5.93257e-39  5.15436e-40 -1.45496e-38 -1.03508e-39  3.26163e-38  1.93807e-39 -6.70702e-38 -3.37961e-39  1.26162e-37  5.46974e-39 -2.15704e-37 -8.19162e-39  3.32608e-37  1.13093e-38  -4.5816e-37 -1.43323e-38  5.57166e-37  1.65914e-38 -5.89289e-37 -1.74447e-38   5.3153e-37   1.6548e-38 -3.97992e-37 -1.40479e-38  2.37689e-37  1.05662e-38 -1.05811e-37 -6.95174e-39  3.02065e-38   3.9326e-39 -2.59544e-39 -1.86733e-39 -1.67995e-39  7.18123e-40  6.48487e-40 -2.11272e-40 -6.85072e-41  4.29264e-41 -2.26825e-42 -4.76879e-42   2.6602e-43
    1.06e-35  1.06048e-36  4.23979e-36 -1.20944e-35 -2.96391e-34  6.18701e-36  5.17076e-35 -1.34479e-35 -3.39407e-34  2.41705e-35 -5.01902e-35  3.66996e-35 -2.76521e-34  2.81994e-35  3.19178e-33  1.54733e-35 -8.27135e-34  5.22436e-35  -2.0496e-34  1.74208e-35  1.05958e-34  3.25168e-35  -4.8919e-34 -5.56893e-35  4.38394e-34  9.47196e-36 -6.94658e-34 -2.39222e-37  1.08283e-33 -4.04904e-35 -5.08888e-34  1.97497e-35  3.61883e-34 -2.11711e-35 -1.42765e-34  6.12711e-36  3.89054e-35  4.27761e-36  9.40369e-35  5.51955e-36 -3.90541e-35  5.85607e-36 -7.97947e-36  -4.5721e-37 -2.16196e-35  4.17543e-37  2.15411e-35 -5.39543e-37 -1.70833e-35  -3.0648e-37   1.3796e-36  6.72758e-37 -3.29172e-36  1.12864e-37   2.6395e-37 -1.02452e-37 -1.08134e-36 -1.98314e-37 -2.98356e-37  4.80923e-38  4.18245e-37   -2.805e-38 -3.33478e-37 -6.38933e-39 -1.44849e-37  -5.7133e-39  1.04901e-37 -1.12772e-39 -6.85746e-38  -1.2446e-39  1.30513e-39 -1.89805e-39 -6.52171e-39   2.0509e-40  2.98228e-39  6.11788e-40 -1.62977e-39  -1.0682e-40  2.06493e-39  9.12251e-41 -2.89707e-39 -2.65439e-40  8.30257e-39  4.28899e-40 -2.21575e-38 -9.35264e-40  5.57575e-38    1.936e-39 -1.29949e-37 -3.72919e-39  2.78775e-37  6.68697e-39 -5.48385e-37  -1.1137e-38  9.83678e-37  1.71733e-38 -1.59757e-36 -2.44347e-38  2.32885e-36  3.19527e-38 -3.01491e-36 -3.82328e-38  3.42021e-36   4.1652e-38  -3.3419e-36 -4.10827e-38  2.74828e-36  3.64484e-38 -1.84057e-36 -2.88618e-38  9.53034e-37  2.02013e-38 -3.45523e-37  -1.2338e-38  6.52564e-38  6.45583e-39  6.83537e-39 -2.81502e-39 -7.12999e-39  9.78732e-40  1.36226e-39 -2.51559e-40 -2.30144e-41  4.11565e-41 -1.01325e-41  -2.7499e-42
-2.26315e-37  2.17129e-35  7.89925e-37  6.99119e-36 -1.60215e-35 -3.33991e-34  5.18246e-36  2.67147e-35 -1.35783e-35 -3.20124e-34  2.75895e-35 -7.51909e-35  4.60248e-35 -5.37358e-34  1.54733e-35  3.82304e-33   6.6267e-36 -1.12066e-33  4.96546e-35 -1.94863e-34  8.69273e-36  2.39345e-34  4.89116e-35 -5.07303e-34 -7.21937e-35  5.86278e-34  6.82846e-36  -7.5537e-34 -4.59206e-37  1.13377e-33 -4.00695e-35 -5.64648e-34  1.91832e-35   4.3893e-34 -2.41898e-35  -1.9331e-34  5.24738e-36  6.45227e-35   5.0173e-36  7.24859e-35  5.13144e-36 -5.17346e-35  5.75677e-36 -1.46821e-35  1.20041e-37 -2.05548e-35  -1.7242e-37  1.96847e-35 -6.55505e-37 -1.55442e-35 -3.14917e-37  9.08342e-37  7.41717e-37 -3.14282e-36  7.84385e-38  4.96227e-38 -1.51286e-37 -9.60749e-37  -1.9149e-37 -5.80414e-37  5.19141e-38  6.66651e-37 -2.68746e-38 -3.57736e-37 -1.26505e-38 -1.60049e-37 -3.34475e-39  1.25825e-37 -1.25876e-39 -8.01693e-38 -1.65099e-39  5.91943e-39 -2.54139e-39 -8.16711e-39  2.54624e-40  5.18958e-39   8.5714e-40 -5.05551e-39 -2.25689e-40  1.04975e-38  3.37948e-40 -2.76757e-38 -7.98072e-40  7.76854e-38   1.5877e-39 -2.02177e-37 -3.33911e-39  4.88979e-37   6.5845e-39 -1.09264e-36 -1.20719e-38  2.24481e-36  2.05362e-38 -4.21781e-36  -3.2316e-38  7.20079e-36   4.6872e-38 -1.10822e-35 -6.24128e-38  1.52275e-35  7.59629e-38 -1.84577e-35 -8.41163e-38  1.94379e-35  8.43375e-38  -1.7431e-35 -7.61964e-38  1.29465e-35  6.17425e-38 -7.64018e-36 -4.46613e-38  3.33515e-36  2.86774e-38 -9.13171e-37 -1.61994e-38  5.82807e-38  7.91233e-39  5.82601e-38 -3.23228e-39 -1.98398e-38  1.03944e-39  1.61743e-39 -2.35514e-40  1.56508e-40  2.94555e-41 -1.13972e-41
    4.32e-37 -5.90942e-37  2.77356e-35 -1.00678e-36  8.98709e-37 -1.85014e-35 -3.28803e-34  3.58369e-36  1.07525e-35 -1.23478e-35 -2.73497e-34   2.9071e-35 -1.18911e-34  5.12876e-35 -8.27135e-34   6.6267e-36  4.55088e-33  3.38149e-36 -1.40168e-33  4.51781e-35 -1.09924e-34 -1.51199e-36  3.67293e-34  6.63033e-35 -4.20888e-34 -8.75316e-35  6.90481e-34  1.35724e-36 -7.72245e-34 -1.49291e-36  1.16317e-33 -3.65385e-35 -6.11654e-34  1.75607e-35  4.85201e-34 -2.65972e-35 -2.41192e-34  2.93476e-36   8.5879e-35  5.79598e-36   5.1209e-35  4.56232e-36  -6.7406e-35  5.71445e-36  -2.0245e-35  7.34717e-37 -1.78677e-35 -8.53455e-37  1.74748e-35 -8.17507e-37 -1.26321e-35  -3.4965e-37 -2.47171e-37  8.19494e-37  -2.4888e-36  1.31008e-38 -2.66379e-37 -2.01584e-37 -7.73493e-37 -1.67437e-37 -9.04908e-37  5.32999e-38  9.11183e-37 -2.32466e-38 -3.48355e-37 -2.08684e-38 -1.63111e-37 -1.26172e-41  1.40657e-37 -1.08607e-39 -9.14927e-38 -2.25017e-39  1.27064e-38 -3.27516e-39 -1.24621e-38  2.20675e-40   1.4922e-38  1.23864e-39 -3.18845e-38 -5.90572e-40  8.99661e-38  1.15553e-39 -2.56653e-37  -2.5499e-39  6.93981e-37  5.25359e-39 -1.74232e-36 -1.04694e-38  4.05056e-36  1.93921e-38 -8.68004e-36 -3.31861e-38  1.70583e-35  5.22476e-38 -3.05595e-35 -7.52689e-38   4.9547e-35  9.85827e-38 -7.20665e-35 -1.16474e-37  9.30239e-35  1.22969e-37 -1.05121e-34  -1.1471e-37  1.02182e-34  9.33143e-38 -8.34305e-35 -6.53083e-38  5.52992e-35  3.90181e-38 -2.81718e-35 -2.02585e-38  9.90696e-36  9.96248e-39 -1.69855e-36 -5.36196e-39  -2.8279e-37  3.15811e-39  2.18678e-37 -1.66124e-39 -3.66492e-38  6.36029e-40 -4.19292e-40 -1.45994e-40  3.74909e-40  1.28359e-41
-3.10114e-37  2.94216e-36 -9.21889e-37  2.78647e-35 -4.42072e-36 -1.43677e-35 -1.90732e-35 -2.96473e-34  1.57304e-36 -1.10136e-35 -9.18002e-36 -2.07353e-34  2.79329e-35 -1.69654e-34  5.22436e-35 -1.12066e-33  3.38149e-36  5.28648e-33  6.15374e-36 -1.65854e-33  4.10334e-35  6.86287e-35 -1.21218e-35  4.77037e-34  8.41927e-35 -2.25884e-34 -1.00097e-34  7.35983e-34 -6.67674e-36 -7.40781e-34 -3.01429e-36  1.16041e-33 -3.03176e-35 -6.45409e-34  1.53861e-35   4.9745e-34 -2.85074e-35 -2.84644e-34 -6.51363e-37  1.03613e-34  6.35554e-36  3.32874e-35  3.92826e-36  -8.3884e-35  5.76947e-36 -2.33758e-35   1.4045e-36 -1.32481e-35 -1.60672e-36  1.49921e-35 -9.96048e-37 -8.48132e-36 -4.29178e-37 -2.02876e-36   9.1425e-37 -1.42599e-36 -8.48567e-38 -6.12077e-37 -2.47757e-37 -5.48616e-37 -1.27788e-37 -1.21886e-36  5.26052e-38   1.1069e-36 -1.65702e-38 -2.92966e-37 -3.14742e-38 -1.49894e-37  4.19484e-39  1.45929e-37 -4.80748e-40 -1.04237e-37  -3.0756e-39  2.71628e-38 -4.02964e-39 -3.77019e-38  2.44234e-42  9.28587e-38  1.95498e-39 -2.73963e-37 -1.67548e-39   8.0898e-37  3.53008e-39  -2.2606e-36 -7.34372e-39  5.89138e-36  1.43449e-38 -1.42383e-35 -2.60258e-38  3.17882e-35  4.29451e-38 -6.52517e-35 -6.34825e-38  1.22467e-34  8.20942e-38 -2.08769e-34 -8.85533e-38  3.20666e-34  6.99841e-38 -4.39465e-34 -1.67186e-38  5.30858e-34 -6.95512e-38  -5.5648e-34  1.70398e-37  4.95898e-34 -2.54254e-37 -3.65052e-34  2.90617e-37   2.1255e-34 -2.67624e-37 -9.06639e-35  1.99972e-37  2.35186e-35 -1.19541e-37 -7.63013e-37  5.52964e-38 -1.80178e-36 -1.86041e-38  5.42936e-37  4.01665e-39 -3.35289e-38 -3.86068e-40 -5.82967e-39 -1.78096e-41  3.38614e-40
-6.21113e-36 -7.62089e-37  5.51203e-36 -1.04125e-36  3.12783e-35 -8.59253e-36 -3.60159e-35 -1.76753e-35 -2.51914e-34  -1.3648e-36 -5.90493e-35 -3.33489e-36 -1.22929e-34   2.3984e-35  -2.0496e-34  4.96546e-35 -1.40168e-33  6.15374e-36  5.94872e-33  1.46857e-35 -1.87921e-33  3.94293e-35  3.40309e-34 -2.15138e-35  5.65011e-34  1.02128e-34   5.4097e-35 -1.08373e-34   7.2149e-34 -1.68786e-35 -6.60462e-34 -4.62568e-36  1.11304e-33 -2.21246e-35 -6.62344e-34  1.34502e-35  4.79101e-34 -3.00261e-35 -3.21458e-34 -5.07437e-36  1.19672e-34  6.34947e-36  2.03273e-35  3.33352e-36  -9.8671e-35  5.83971e-36  -2.3298e-35  2.18752e-36 -6.53604e-36 -2.42831e-36  1.21693e-35 -1.15164e-36 -3.38025e-36 -5.67513e-37 -4.28948e-36  1.03022e-36 -1.68715e-37 -2.12907e-37 -8.76363e-37 -2.84771e-37 -3.21345e-37 -7.58619e-38 -1.45205e-36  5.09295e-38  1.20727e-36  -6.2366e-39   -1.826e-37 -4.49839e-38 -1.18087e-37  9.16762e-39  1.42149e-37   6.7356e-40 -1.32442e-37 -4.15523e-39  9.82726e-38 -4.64882e-39  -2.5309e-37  -6.0266e-40  7.91608e-37  3.40897e-39 -2.42455e-36 -4.19149e-39  7.01277e-36  8.25161e-39 -1.89452e-35  -1.4769e-38  4.75613e-35  2.31508e-38 -1.10514e-34  -2.8773e-38  2.36653e-34  1.91669e-38  -4.6463e-34  2.98233e-38  8.31293e-34 -1.54375e-37 -1.34546e-33  3.94134e-37  1.95247e-33 -7.71267e-37 -2.51259e-33  1.26178e-36  2.82783e-33 -1.77571e-36 -2.73368e-33  2.16926e-36  2.21501e-33 -2.29974e-36 -1.45176e-33  2.10227e-36  7.26332e-34 -1.63765e-36  -2.4647e-34  1.06798e-36  3.70271e-35 -5.68298e-37  9.72261e-36  2.37643e-37 -5.93722e-36 -7.36936e-38  8.73484e-37  1.53618e-38  3.37737e-38 -1.76666e-39 -1.08169e-38  6.18335e-41
 1.31934e-37 -1.28442e-35 -1.33952e-36  4.53389e-36 -9.86142e-37  5.44623e-35 -1.21302e-35 -6.45335e-35 -1.44551e-35 -1.97938e-34  -6.2759e-36 -1.46222e-34   5.6882e-36 -1.79756e-35  1.74208e-35 -1.94863e-34  4.51781e-35 -1.65854e-33  1.46857e-35  6.48586e-33  2.85938e-35 -2.04955e-33  4.19047e-35  6.81832e-34 -2.75701e-35  6.38727e-34  1.19391e-34  3.72936e-34  -1.1112e-34  6.59259e-34  -2.8796e-35 -5.33601e-34 -5.96628e-36   1.0131e-33 -1.27949e-35 -6.60658e-34  1.26654e-35  4.38093e-34 -3.12446e-35 -3.48243e-34 -9.70289e-36   1.3588e-34  5.44209e-36  1.24326e-35  2.86813e-36 -1.09622e-34  5.70837e-36  -2.0104e-35  3.16807e-36  2.17805e-36 -3.32336e-36   8.8541e-36 -1.24715e-36  2.28643e-36 -7.67953e-37  -6.8178e-36  1.16526e-36  9.79019e-37 -3.64389e-37 -9.17798e-37 -3.08702e-37 -1.27126e-37 -1.57261e-38 -1.52844e-36  5.01545e-38   1.1721e-36  8.18473e-39 -1.26059e-38 -6.18741e-38 -7.45787e-38  1.48118e-38  1.61164e-37  2.44743e-39 -3.02427e-37 -5.50447e-39  6.75975e-37 -4.94074e-39 -2.17875e-36 -1.60359e-39  6.92614e-36  4.99335e-39 -2.07424e-35 -4.91287e-39  5.80621e-35  3.43567e-39 -1.51275e-34  1.11639e-38  3.65485e-34 -6.32989e-38 -8.15518e-34  2.04851e-37  1.67265e-33 -5.26486e-37 -3.13574e-33  1.15907e-36  5.33733e-33 -2.24731e-36 -8.18142e-33  3.88154e-36  1.11823e-32 -5.99555e-36 -1.34596e-32   8.2785e-36  1.40415e-32 -1.01825e-35 -1.24305e-32  1.10885e-35  9.06455e-33 -1.05969e-35  -5.2017e-33  8.78197e-36  2.16246e-33 -6.21147e-36 -5.25697e-34  3.67006e-36 -3.92397e-36 -1.75852e-36  4.88919e-35  6.54592e-37 -1.31265e-35 -1.77075e-37  5.63206e-37  3.09677e-38  1.71451e-37 -2.69931e-39 -8.21643e-39
-1.18044e-36  5.08164e-37 -2.08173e-35 -1.87885e-36 -4.19624e-36 -1.06389e-36  1.13248e-34 -1.38892e-35 -1.05833e-34 -9.72438e-36 -1.25948e-34 -1.41578e-35 -2.67075e-34  1.78355e-35  1.05958e-34  8.69273e-36 -1.09924e-34  4.10334e-35 -1.87921e-33  2.85938e-35   6.8851e-33    4.754e-35 -2.15578e-33  4.88239e-35   1.0504e-33 -2.81303e-35  7.12091e-34  1.34771e-34  6.73692e-34 -1.07639e-34  5.70713e-34 -4.19873e-35 -3.64526e-34 -6.78585e-36  8.61714e-34 -3.12932e-36 -6.40559e-34  1.38411e-35  3.84022e-34 -3.22795e-35 -3.60607e-34 -1.38494e-35  1.52692e-34  3.41385e-36  8.63167e-36   2.6141e-36 -1.15419e-34  5.05548e-36 -1.49087e-35  4.43294e-36  1.25105e-35 -4.29537e-36  4.90308e-36 -1.26133e-36  8.09252e-36 -1.01812e-36  -9.3612e-36  1.31112e-36  1.67265e-36 -5.30092e-37   -5.838e-37 -3.16665e-37  2.55566e-39  4.84324e-38 -1.37931e-36  5.28053e-38  9.70649e-37   2.6755e-38  2.30801e-37 -8.24158e-38 -9.89359e-38  2.10908e-38   5.1333e-37  4.75358e-39 -1.76135e-36 -6.82711e-39   5.7592e-36 -5.81578e-39 -1.89057e-35   1.0159e-39  5.85953e-35 -6.77772e-39 -1.69868e-34  3.69473e-38  4.58973e-34 -1.22928e-37 -1.15194e-33  3.51312e-37  2.67547e-33 -8.90252e-37 -5.72528e-33   2.0345e-36  1.12297e-32 -4.22029e-36 -2.00649e-32  7.96541e-36  3.24173e-32 -1.36772e-35  -4.6931e-32  2.13227e-35  6.02044e-32 -3.00748e-35 -6.74732e-32  3.81838e-35  6.48546e-32 -4.33474e-35 -5.21291e-32  4.36237e-35   3.3762e-32 -3.84942e-35  -1.6564e-32  2.93677e-35  5.39821e-33  -1.9018e-35 -6.77895e-34  1.01993e-35 -2.80661e-34 -4.37668e-36  1.42389e-34  1.42808e-36 -1.82127e-35 -3.26168e-37 -1.27519e-36  4.44931e-38  2.65173e-37 -2.28915e-39
-7.94777e-38 -2.18943e-36   1.2381e-36 -3.09087e-35 -2.09117e-36 -2.37647e-35 -1.76367e-36  2.14697e-34 -1.35121e-35 -1.67781e-34 -4.05572e-36 -2.46899e-35  -2.5407e-35 -3.95065e-34  3.25168e-35  2.39345e-34 -1.51199e-36  6.86287e-35  3.94293e-35 -2.04955e-33    4.754e-35  7.16807e-33   7.0987e-35 -2.18899e-33  5.92198e-35  1.39293e-33 -2.17546e-35  7.96635e-34  1.46586e-34  9.03129e-34 -9.80188e-35   4.7993e-34 -5.60882e-35  -1.5942e-34 -6.93734e-36  6.70119e-34  6.20829e-36 -6.03974e-34  1.74684e-35  3.25829e-34 -3.33197e-35 -3.54414e-34 -1.69178e-35  1.68656e-34  2.30602e-37   7.5286e-36  2.64778e-36 -1.15719e-34   3.5314e-36 -9.74828e-36  6.04482e-36  2.38307e-35 -5.33647e-36  2.76608e-37 -1.19868e-36  1.35988e-35 -1.28833e-36 -1.16463e-35  1.45691e-36  1.58674e-36 -7.01052e-37   2.6043e-37 -3.06357e-37  4.07817e-38  1.12358e-37 -9.48872e-37  6.16629e-38  5.51638e-37  4.90601e-38  7.14117e-37  -1.0656e-37 -9.25499e-37  2.82303e-38  4.00145e-36  6.54485e-39   -1.459e-35 -4.78281e-39  4.94266e-35 -1.82914e-38 -1.58353e-34  4.25251e-38  4.75145e-34 -1.34789e-37 -1.33046e-33  3.99056e-37  3.46594e-33 -1.06403e-36 -8.37087e-33  2.60595e-36  1.86676e-32 -5.87049e-36 -3.82558e-32  1.21708e-35  7.16359e-32 -2.31964e-35  -1.2174e-31  4.05542e-35  1.86222e-31  -6.4836e-35  -2.5382e-31  9.44014e-35  3.04385e-31  -1.2453e-34 -3.15968e-31  1.47878e-34  2.77798e-31 -1.56822e-34 -2.00575e-31  1.47056e-34  1.13334e-31 -1.20424e-34 -4.58054e-32   8.4755e-35  1.03074e-32 -5.02029e-35  5.95218e-34  2.43233e-35  -1.1686e-33 -9.25466e-36  2.80598e-34  2.59738e-36 -6.45951e-36 -4.82221e-37 -4.30038e-36  4.64722e-38  1.70475e-37
 6.44526e-37  -2.9977e-37 -1.70726e-36  2.27328e-36 -4.36229e-35 -1.63498e-36 -5.51533e-35 -3.61326e-36  3.53191e-34 -1.14226e-35 -2.54664e-34  1.67552e-36  1.10241e-34   -3.961e-35  -4.8919e-34  4.89116e-35  3.67293e-34 -1.21218e-35  3.40309e-34  4.19047e-35 -2.15578e-33   7.0987e-35  7.37462e-33  9.77181e-35 -2.14873e-33  7.10383e-35  1.65822e-33 -8.44046e-36  8.93227e-34  1.53007e-34  1.02492e-33  -8.3233e-35   4.0754e-34 -7.08506e-35  7.32453e-35 -6.29453e-36  4.56831e-34  1.47462e-35 -5.53933e-34   2.3567e-35  2.70717e-34 -3.46361e-35 -3.27698e-34 -1.85129e-35   1.8076e-34 -3.94697e-36  7.93343e-36  3.02789e-36 -1.10972e-34  8.57898e-37 -7.23423e-36  8.01846e-36  3.53971e-35 -6.42343e-36  -4.8932e-36 -1.09155e-36   1.8359e-35 -1.53475e-36 -1.33986e-35  1.59466e-36  4.72689e-37 -8.71547e-37  1.70014e-36   -2.757e-37 -4.94748e-38  1.71294e-37 -1.31872e-37   7.9106e-38  -4.7272e-37  7.42785e-38  3.07689e-36 -1.34263e-37 -9.11741e-36  3.82807e-38  3.50012e-35  2.71901e-40 -1.23847e-34  2.50888e-38  4.10006e-34 -1.18532e-37  -1.2725e-33  3.45242e-37  3.69019e-33 -9.82214e-37 -9.97028e-33  2.60384e-36  2.50171e-32 -6.38985e-36 -5.80775e-32  1.45393e-35  1.24194e-31 -3.06298e-35 -2.43354e-31  5.96318e-35  4.34221e-31 -1.07005e-34 -7.00247e-31  1.76391e-34  1.01129e-30 -2.66031e-34  -1.2931e-30  3.65274e-34  1.44294e-30  -4.5387e-34 -1.37873e-30  5.06644e-34  1.09895e-30 -5.03562e-34 -7.02871e-31  4.40722e-34  3.37652e-31 -3.34933e-34  -1.0514e-31  2.17059e-34   1.0206e-32 -1.17103e-34  6.96387e-33  5.08629e-35 -3.03327e-33 -1.69299e-35  3.30472e-34  3.98664e-36  3.66146e-35 -5.69662e-37 -5.68762e-36  3.15331e-38
  1.3365e-37  1.19818e-36 -7.39092e-37  1.23573e-36  3.40786e-36 -5.81068e-35 -2.72976e-37 -9.73509e-35 -7.02512e-36  5.12217e-34  -8.4383e-36 -3.63459e-34  6.42753e-36  2.71093e-34 -5.56893e-35 -5.07303e-34  6.63033e-35  4.77037e-34 -2.15138e-35  6.81832e-34  4.88239e-35 -2.18899e-33  9.77181e-35  7.54135e-33  1.25436e-34 -2.04377e-33  8.16882e-35  1.80812e-33  1.01309e-35  9.88272e-34  1.52547e-34  1.02791e-33 -6.50234e-35  3.66907e-34 -8.61218e-35  3.22006e-34 -4.64852e-36  2.42629e-34  2.22229e-35  -4.9389e-34  3.16225e-35  2.24246e-34 -3.65302e-35 -2.82472e-34 -1.84866e-35  1.85468e-34 -8.81108e-36  9.27087e-36  3.76897e-36 -1.02066e-34 -3.06891e-36 -1.00398e-35  1.03038e-35  4.65493e-35 -7.52126e-36 -1.02926e-35 -9.92982e-37  2.19302e-35 -1.70766e-36 -1.43667e-35  1.72509e-36     -1.8e-36 -1.04096e-36  3.76896e-36 -2.23004e-37 -4.62118e-37  2.19474e-37  1.89173e-36  1.06143e-37 -5.70184e-36  1.01929e-37  2.20539e-35 -1.68339e-37 -8.12531e-35  6.50741e-38  2.97299e-34 -6.09608e-38 -1.01825e-33  2.29521e-37  3.26717e-33  -7.3872e-37 -9.80623e-33  2.09902e-36  2.74591e-32 -5.60526e-36 -7.15202e-32  1.39652e-35  1.72671e-31 -3.23768e-35 -3.84842e-31  6.97562e-35  7.87988e-31 -1.39356e-34 -1.47379e-30   2.5746e-34  2.50057e-30 -4.38455e-34 -3.81681e-30  6.85626e-34  5.18749e-30 -9.79919e-34 -6.19725e-30  1.27302e-33  6.40005e-30 -1.49326e-33 -5.58683e-30  1.56891e-33  3.99209e-30  -1.4619e-33 -2.21894e-30  1.19327e-33  8.69545e-31 -8.39872e-34  -1.7826e-31  4.99334e-34 -2.18725e-32 -2.43847e-34   2.4815e-32  9.39835e-35 -5.32775e-33 -2.68862e-35  4.20566e-36  5.13059e-36  9.45358e-35 -5.14425e-37 -3.06623e-36
