 2.51441e-35  2.85114e-48 -1.35822e-34 -1.50349e-47  4.07525e-33   1.4752e-46 -9.48166e-32 -5.21222e-46  1.55279e-30 -3.05485e-44 -1.93186e-29  4.01512e-43  1.90875e-28  -5.1583e-42 -1.54179e-27  5.35483e-41  1.03887e-26 -4.45309e-40 -5.92444e-26  3.26405e-39  2.88971e-25 -2.08256e-38 -1.21475e-24  1.17625e-37  4.42438e-24 -5.93674e-37 -1.40088e-23  2.69058e-36  3.86209e-23 -1.09996e-35 -9.26917e-23   4.0713e-35  1.93267e-22 -1.36826e-34 -3.48566e-22  4.18442e-34  5.39799e-22 -1.16639e-33 -7.09367e-22  2.96674e-33  7.75962e-22 -6.89008e-33 -6.83024e-22  1.46142e-32  4.51115e-22 -2.83039e-32 -1.81753e-22  5.00252e-32 -7.83849e-24 -8.06096e-32  6.84177e-23  1.18274e-31 -4.11518e-23 -1.57779e-31  1.01081e-24  1.91087e-31  1.18717e-23 -2.09896e-31 -4.88783e-24  2.09185e-31 -1.66439e-24 -1.89771e-31  1.67673e-24  1.58032e-31  7.67356e-26 -1.22662e-31 -3.94842e-25  9.05247e-32  2.05051e-26 -6.43373e-32  7.87628e-26   4.3415e-32  -4.6704e-27 -2.62174e-32 -1.40288e-26  1.22997e-32   -2.404e-29 -2.33507e-33  2.12679e-27 -3.14188e-33  2.37269e-28  4.70874e-33  -2.4337e-28 -3.90487e-33 -6.41918e-29  2.36078e-33  1.56563e-29 -1.08886e-33  8.97471e-30  3.75037e-34   2.9445e-31 -8.65349e-35 -6.45395e-31  7.18038e-36 -1.47415e-31  3.48213e-36  1.06271e-32 -1.62623e-36  9.97978e-33  2.97308e-37  1.42357e-33 -8.73846e-39 -1.24521e-34 -6.79285e-39 -6.91007e-35  2.11635e-39 -8.88154e-36 -1.16384e-39  2.02716e-37  5.96395e-40  1.90479e-37 -1.85803e-40  2.09384e-38  3.82532e-41  7.38791e-40 -6.21998e-42 -7.72109e-41  8.81456e-43 -1.23378e-41 -9.25371e-44 -5.96286e-43  5.79372e-45  5.27144e-45   -2.014e-46   1.4993e-46  2.87908e-48
 2.85114e-48  2.49343e-34   6.7806e-47  -8.5359e-33 -2.53819e-46  2.43932e-31  1.66222e-45  -4.7087e-30  2.78875e-44  6.69464e-29 -9.39492e-43 -7.41421e-28  1.15114e-41  6.62657e-27 -1.27486e-40 -4.89601e-26   1.1761e-39  3.04178e-25 -9.12055e-39 -1.60884e-24  6.21444e-38  7.30974e-24  -3.7263e-37 -2.87132e-23  1.98797e-36  9.79325e-23 -9.50744e-36 -2.90748e-22  4.09613e-35   7.5193e-22 -1.59641e-34 -1.69221e-21  5.64681e-34  3.30383e-21 -1.81733e-33 -5.56446e-21  5.33147e-33  8.01106e-21 -1.42761e-32 -9.71466e-21  3.49195e-32  9.68129e-21 -7.80511e-32 -7.57227e-21  1.59407e-31  4.17324e-21 -2.97323e-31 -1.02292e-21   5.0599e-31 -6.60965e-22 -7.84608e-31  8.06359e-22  1.10658e-30 -2.68171e-22 -1.41643e-30 -1.12648e-22  1.64161e-30  1.27477e-22 -1.71907e-30 -1.38755e-23  1.62514e-30 -2.98697e-23  -1.3903e-30  1.02917e-23  1.08655e-30  5.33299e-24 -7.92514e-31 -2.94757e-24  5.58172e-31 -9.03467e-25 -3.91563e-31  6.10144e-25  2.72409e-31  1.70075e-25 -1.77609e-31 -9.80731e-26  9.78495e-32 -3.38862e-26 -3.66781e-32  1.11701e-26 -5.75349e-34  5.93688e-27  1.52478e-32 -5.64354e-28 -1.52438e-32 -7.62461e-28  9.68899e-33  -7.0964e-29 -4.47576e-33  5.81013e-29   1.4949e-33  1.69057e-29 -3.19119e-34 -1.04397e-30  1.66585e-35 -1.32308e-30  1.54468e-35 -2.00071e-31 -5.63918e-36   2.7459e-32  6.61988e-37  1.38197e-32  1.07976e-37  1.56672e-33 -5.30133e-38 -1.44526e-34  1.48236e-38 -6.52492e-35 -7.29671e-39 -6.97653e-36  3.23533e-39  5.71356e-38 -9.11754e-40  8.73388e-38  1.73133e-40  9.86041e-39 -2.57714e-41  3.93487e-40  3.21865e-42 -1.32033e-41 -2.83309e-43 -1.74188e-42   1.3898e-44 -2.19772e-44 -3.22934e-46 -2.54592e-46
-1.35822e-34   6.7806e-47  1.06966e-32   8.4405e-46 -3.97433e-31 -1.50252e-45  9.25803e-30 -1.64052e-44 -1.52481e-28  1.00969e-42  1.90929e-27 -1.84945e-41 -1.89927e-26  2.10662e-40  1.54509e-25 -2.09177e-39 -1.04889e-24  1.76044e-38   6.0286e-24 -1.27262e-37 -2.96484e-23  8.09689e-37   1.2572e-22 -4.56396e-36 -4.62108e-22  2.29904e-35  1.47742e-21 -1.04181e-34 -4.11526e-21  4.26699e-34  9.98592e-21 -1.58562e-33 -2.10683e-20  5.36137e-33  3.84865e-20 -1.65303e-32 -6.04427e-20  4.65441e-32   8.0685e-20 -1.19797e-31 -8.98722e-20  2.81984e-31  8.08809e-20 -6.07045e-31 -5.50883e-20  1.19471e-30  2.35909e-20 -2.14779e-30 -2.98777e-22  3.52252e-30 -8.01777e-21 -5.26105e-30  5.32708e-21  7.13905e-30 -4.20947e-22 -8.77616e-30 -1.42122e-21  9.74085e-30  6.86855e-22 -9.72674e-30  1.66478e-22  8.71304e-30 -2.22672e-22 -7.00247e-30  4.13582e-24  5.09099e-30  5.11797e-23 -3.43619e-30 -6.02108e-24  2.26743e-30 -1.01808e-23 -1.55115e-30  1.31193e-24   1.1072e-30  1.85457e-24  -7.6782e-31 -1.20509e-25  4.64979e-31  -2.9641e-25 -2.14471e-31 -1.45622e-26   4.9647e-32  3.70217e-26  2.57574e-32  7.19429e-27 -3.95359e-32 -2.87607e-27  2.72753e-32 -1.21475e-27 -1.27079e-32  3.15036e-29  4.10989e-33  1.02897e-28 -7.98901e-34   1.7945e-29  1.01938e-35 -2.88151e-30     4.72e-35 -1.54298e-30 -1.33356e-35 -1.63526e-31  4.58869e-37  3.09098e-32  6.92868e-37  1.12209e-32 -2.39374e-37  1.07428e-33  7.09811e-38 -8.70177e-35 -3.14544e-38 -3.22018e-35  1.20548e-38 -3.12921e-36   -3.047e-39 -4.57548e-38  5.25361e-40  2.04555e-38 -7.01721e-41  2.00292e-39  7.59765e-42  6.47042e-41 -5.50744e-43 -5.55504e-43  2.02385e-44 -2.07573e-44  -2.5371e-46
-1.50349e-47  -8.5359e-33   8.4405e-46   4.6371e-31    6.615e-45 -1.34893e-29  1.99594e-44  2.61964e-28  -8.5324e-43 -3.74861e-27  1.97367e-41  4.17976e-26 -2.82102e-40 -3.76236e-25  2.97837e-39  2.80059e-24 -2.69727e-38  -1.7536e-23  2.09151e-37  9.35156e-23 -1.40851e-36 -4.28577e-22  8.37556e-36   1.6989e-21 -4.43455e-35 -5.85059e-21  2.10704e-34   1.7548e-20 -9.03938e-34 -4.58788e-20  3.51739e-33  1.04459e-19 -1.24575e-32 -2.06519e-19  4.02595e-32  3.52616e-19 -1.18931e-31 -5.15389e-19  3.21502e-31  6.35788e-19 -7.95758e-31 -6.46557e-19  1.80355e-30  5.18996e-19 -3.74189e-30 -2.97809e-19  7.10157e-30  8.28641e-20 -1.23147e-29  3.95644e-20  1.94802e-29 -5.65539e-20 -2.80492e-29   2.1538e-20  3.66582e-29  6.51542e-21 -4.33283e-29 -9.31617e-21   4.6108e-29     1.56e-21 -4.39431e-29  2.04944e-21  3.73005e-29 -8.82448e-22 -2.80928e-29 -3.36794e-22  1.88452e-29  2.43712e-22 -1.15599e-29  5.24899e-23  6.97002e-30 -5.08356e-23 -4.58861e-30 -9.88761e-24   3.3816e-30   8.5261e-24 -2.50445e-30  2.16602e-24  1.63357e-30 -1.07552e-24 -8.39515e-31 -4.25158e-25  2.79927e-31  7.78664e-26 -1.70715e-34  6.11912e-26 -7.62332e-32  2.14712e-27  6.04839e-32 -5.41404e-27 -2.87217e-32 -1.20374e-27  8.99065e-33  1.77222e-28 -1.56204e-33  1.15819e-28 -5.94888e-35  1.24559e-29  1.13902e-34 -3.47767e-30 -2.46161e-35 -1.21594e-30 -1.96484e-36 -9.71837e-32   2.5108e-36  2.08218e-32 -8.25289e-37  6.01432e-33  2.60999e-37  5.03945e-34 -1.04545e-37 -2.51935e-35  3.50588e-38 -9.53328e-36 -7.92484e-39 -8.61638e-37  1.22492e-39 -1.91867e-38 -1.44197e-40  2.02033e-39  1.32914e-41  1.55043e-40  -7.7254e-43  3.00688e-42  1.96002e-44  2.68085e-44
 4.07525e-33 -2.53819e-46 -3.97433e-31    6.615e-45  1.52325e-29  2.92071e-44 -3.57255e-28  7.16097e-43  5.92222e-27 -1.72357e-41  -7.4659e-26  2.93624e-40  7.47966e-25  -3.6232e-39 -6.13026e-24  3.53641e-38  4.19417e-23 -2.94283e-37 -2.43049e-22  2.10968e-36  1.20565e-21  -1.3219e-35 -5.15904e-21  7.33883e-35  1.91458e-20 -3.64302e-34 -6.18362e-20  1.62941e-33  1.74108e-19 -6.60596e-33 -4.27374e-19  2.43849e-32  9.12884e-19 -8.22231e-32 -1.69007e-18   2.5381e-31  2.69347e-18 -7.18185e-31 -3.65493e-18  1.86402e-30   4.1487e-18 -4.43799e-30 -3.82054e-18  9.68928e-30  2.68554e-18 -1.93844e-29 -1.22079e-18  3.54978e-29  8.06683e-20 -5.94156e-29  3.70826e-19  9.07204e-29 -2.74137e-19 -1.26041e-28  3.66636e-20   1.5881e-28  6.68593e-20  -1.8069e-28  -3.8077e-20  1.84608e-28 -5.86169e-21  -1.6817e-28  1.16735e-20  1.35414e-28 -9.95867e-22 -9.54964e-29 -2.60424e-21  5.87019e-29  4.99258e-22  -3.2032e-29  5.13494e-22  1.69867e-29 -1.08141e-22 -1.05549e-29 -9.55079e-23  8.20927e-30  1.36557e-23 -6.62893e-30  1.60974e-23   4.6482e-30 -3.04862e-25 -2.57042e-30 -2.18863e-24  1.00107e-30 -2.81145e-25 -1.66639e-31  1.98165e-25  -1.0562e-31  6.28781e-26   1.1052e-31 -6.38831e-27 -5.45044e-32 -6.33112e-27  1.65616e-32 -7.80762e-28 -2.52671e-33   2.4772e-28  -2.5874e-34   9.2228e-29  2.28614e-34  6.11002e-30 -3.73259e-35   -2.618e-30 -9.43493e-36 -6.91583e-31  7.02459e-36 -4.50075e-32 -2.38112e-36   8.8479e-33  7.78483e-37  2.16521e-33 -2.82678e-37  1.69434e-34  8.38017e-38  -2.9421e-36 -1.68858e-38 -1.65397e-36  2.31019e-39 -1.24518e-37 -2.35317e-40 -3.15881e-39  1.80657e-41   5.2419e-41 -8.07509e-43  2.79539e-42  1.17073e-44
  1.4752e-46  2.43932e-31 -1.50252e-45 -1.34893e-29  2.92071e-44  3.95343e-28 -8.23952e-44  -7.7277e-27  1.28835e-41  1.11332e-25 -2.56832e-40 -1.25021e-24  3.70649e-39  1.13376e-23 -4.10488e-38 -8.50543e-23  3.69951e-37  5.36948e-22 -2.83788e-36 -2.88816e-21  1.88223e-35  1.33566e-20 -1.09537e-34 -5.34544e-20  5.66478e-34  1.85951e-19 -2.62875e-33 -5.63733e-19  1.10335e-32  1.49075e-18 -4.21489e-32 -3.43585e-18  1.47225e-31  6.88262e-18 -4.71709e-31 -1.19209e-17  1.38896e-30  1.77014e-17 -3.76182e-30 -2.22306e-17  9.37167e-30  2.30883e-17 -2.14644e-29 -1.90361e-17  4.51547e-29  1.13774e-17 -8.71446e-29 -3.54825e-18  1.54058e-28 -1.20476e-18 -2.49027e-28  2.11058e-18  3.67242e-28 -9.15617e-19 -4.92668e-28 -1.83529e-19   5.9901e-28  3.61242e-19 -6.56819e-28 -8.31629e-20  6.45246e-28 -7.34659e-20 -5.62873e-28  3.95978e-20  4.30811e-28  1.06206e-20 -2.84775e-28  -1.0593e-20  1.59692e-28 -1.39197e-21 -7.56454e-29  2.22119e-21  3.30883e-29   2.5633e-22 -1.86932e-29 -3.86731e-22  1.62296e-29 -6.64412e-23 -1.48986e-29  5.30301e-23  1.13128e-29  1.54176e-23 -6.63539e-30 -4.75506e-24  2.82899e-30 -2.54385e-24 -7.04594e-31  8.20557e-26 -6.51198e-32  2.60519e-25  1.66043e-31  4.19146e-26 -8.86215e-32 -1.20093e-26  2.64464e-32 -5.24025e-27 -3.53083e-33 -3.19171e-28 -6.20628e-34  2.10296e-28  3.92077e-34  5.49669e-29 -4.86441e-35  2.29066e-30 -2.56407e-35 -1.34307e-30  1.67596e-35 -2.87345e-31 -5.96225e-36 -1.69126e-32   1.9488e-36  2.33237e-33 -6.42532e-37  5.19486e-34  1.69304e-37    3.717e-35  -3.0242e-38   1.6426e-37  3.61003e-39 -1.37653e-37 -3.11588e-40 -8.38338e-39  1.93538e-41 -1.60652e-40 -6.16928e-43 -4.76729e-43
-9.48166e-32  1.66222e-45  9.25803e-30  1.99594e-44 -3.57255e-28 -8.23952e-44  8.43382e-27 -3.88363e-42 -1.40758e-25  1.82548e-40  1.78711e-24 -3.24451e-39 -1.80376e-23  4.17931e-38   1.4899e-22 -4.22512e-37 -1.02772e-21  3.51661e-36  6.00686e-21 -2.49071e-35 -3.00675e-20  1.52819e-34   1.2989e-19 -8.24451e-34 -4.86902e-19  3.96067e-33  1.58938e-18 -1.71191e-32 -4.52593e-18  6.71526e-32  1.12442e-17 -2.40731e-31 -2.43307e-17  7.92749e-31    4.568e-17 -2.40632e-30  -7.3926e-17  6.74433e-30  1.02047e-16   -1.746e-29 -1.18135e-16  4.17233e-29  1.11417e-16 -9.19101e-29 -8.08869e-17  1.86324e-28  3.89841e-17  -3.4697e-28  -4.5809e-18  5.92338e-28 -1.04391e-17 -9.25029e-28  8.67445e-18   1.3181e-27 -1.64322e-18 -1.70837e-27 -1.90241e-18  2.00584e-27  1.28937e-18 -2.12188e-27  9.25452e-20  2.00728e-27 -3.73101e-19 -1.68031e-27  5.84638e-20  1.22587e-27  8.01057e-20 -7.61862e-28 -2.23465e-20  3.89571e-28 -1.55177e-20 -1.56341e-28  4.85268e-21  5.00724e-29  2.93926e-21 -2.32832e-29 -7.06339e-22  2.64696e-29 -5.23936e-22 -2.96289e-29  5.14348e-23  2.45759e-29  7.76722e-23 -1.51665e-29  4.75627e-24  6.88576e-30 -8.04721e-24 -2.07047e-30  -1.8846e-24  1.91291e-31  3.97928e-25  1.89628e-31  2.32197e-25 -1.23023e-31  1.63243e-26  3.72849e-32 -1.17984e-26 -4.57656e-33 -3.26368e-27 -1.04486e-33 -6.24041e-29  5.88123e-34    1.245e-28 -6.16987e-35  2.51226e-29 -5.40212e-35   7.5522e-31  3.55766e-35 -4.74695e-31 -1.31618e-35 -8.64595e-32  4.18808e-36 -4.92283e-33 -1.25414e-36   3.5595e-34  2.93954e-37  7.64062e-35 -4.61508e-38  4.73645e-36  4.72357e-39  7.86619e-38 -3.36579e-40 -4.28976e-39   1.6199e-41 -1.60532e-40 -3.07298e-43
-5.21222e-46  -4.7087e-30 -1.64052e-44  2.61964e-28  7.16097e-43  -7.7277e-27 -3.88363e-42  1.52079e-25  -6.2372e-41 -2.20659e-24  2.26502e-39  2.49637e-23 -3.67913e-38 -2.28153e-22  4.32592e-37  1.72562e-21 -4.02537e-36 -1.09876e-20  3.09798e-35   5.9635e-20 -2.02897e-34 -2.78417e-19  1.15189e-33  1.12544e-18 -5.75396e-33 -3.95665e-18   2.5614e-32  1.21303e-17 -1.02738e-31 -3.24627e-17  3.74909e-31  7.57803e-17 -1.25489e-30 -1.53903e-16  3.87713e-30  2.70584e-16 -1.11032e-29 -4.08486e-16  2.95287e-29  5.22667e-16 -7.29222e-29 -5.54847e-16  1.66961e-28   4.7028e-16 -3.53564e-28 -2.92866e-16   6.9063e-28  1.01342e-16 -1.24101e-27  2.26485e-17  2.04613e-27 -5.26715e-17 -3.08743e-27  2.59633e-17   4.2516e-27   2.8373e-18 -5.32537e-27 -9.33475e-18   6.0412e-27  2.79189e-18 -6.17078e-27  1.71395e-18  5.62925e-27 -1.17362e-18  -4.5321e-27 -1.98104e-19  3.16267e-27  3.04532e-19 -1.85772e-27  1.53301e-20  8.71242e-28 -6.39971e-20 -2.92061e-28 -2.36622e-21   5.3462e-29  1.15188e-20 -1.22788e-29    1.071e-21  3.70229e-29  -1.6983e-21 -5.50367e-29 -3.43282e-22  4.96709e-29  1.77591e-22 -3.19309e-29  6.81178e-23  1.51969e-29 -8.02372e-24 -5.12907e-30 -8.14536e-24  9.60489e-31 -8.20498e-25  9.97481e-32  4.82971e-25  -1.4062e-31  1.52837e-25  4.73689e-32  8.69225e-28 -6.33082e-33 -7.95651e-27 -1.19494e-33 -1.58505e-27  8.06068e-34  1.04098e-29   -1.005e-34  5.33892e-29 -9.55533e-35  8.82619e-30  6.83904e-35  2.51586e-31 -2.58137e-35 -1.13227e-31  7.84607e-36 -1.80693e-32 -2.13167e-36 -9.89204e-34  4.43017e-37  2.34775e-35   -6.039e-38  5.98669e-36  5.18221e-39  2.95721e-37 -2.94284e-40  4.36073e-39  1.01703e-41 -1.35862e-41
 1.55279e-30  2.78875e-44 -1.52481e-28  -8.5324e-43  5.92222e-27  1.28835e-41 -1.40758e-25  -6.2372e-41  2.36593e-24 -7.99193e-40 -3.02624e-23  2.56354e-38  3.07828e-22 -3.84373e-37 -2.56347e-21  4.16722e-36  1.78345e-20 -3.58632e-35 -1.05181e-19  2.55757e-34  5.31488e-19 -1.55214e-33 -2.31898e-18  8.16388e-33   8.7848e-18 -3.77629e-32 -2.89969e-17  1.55572e-31  8.35544e-17 -5.77427e-31 -2.10219e-16  1.95176e-30  4.61081e-16 -6.06696e-30 -8.78443e-16  1.74856e-29  1.44461e-15  -4.6994e-29 -2.03011e-15  1.18093e-28  2.39884e-15 -2.77395e-28 -2.31903e-15  6.07493e-28   1.7401e-15 -1.23565e-27 -8.88187e-16  2.32476e-27  1.48607e-16 -4.03017e-27  2.05694e-16  6.41621e-27 -1.94965e-16 -9.35255e-27   4.8143e-17  1.24444e-26  3.75249e-17 -1.50632e-26 -3.08277e-17  1.65139e-26  2.14166e-19 -1.62986e-26  8.37881e-18  1.43569e-26 -1.97631e-18 -1.11435e-26 -1.70864e-18  7.47004e-27  6.62788e-19 -4.17946e-27  3.20472e-19  1.82451e-27  -1.4464e-19  -5.2128e-28 -6.15631e-20  3.08311e-29  2.29767e-20  2.21323e-29  1.16885e-20  5.37191e-29 -2.31835e-21 -1.03079e-28 -1.90319e-21  9.75026e-29  2.46129e-23 -6.41167e-29  2.24031e-22  3.15449e-29  3.60683e-23 -1.14942e-29  -1.4529e-23  2.78942e-30 -5.82505e-24 -2.44803e-31 -5.50092e-26 -1.17097e-31  3.73974e-25  5.66944e-32  7.76369e-26 -1.07399e-32 -3.38173e-27 -5.08597e-34 -3.95936e-27  1.11619e-33 -6.11701e-28 -2.33041e-34  1.02852e-29 -1.45436e-34  1.65779e-29  1.19719e-34  2.33809e-30 -4.51803e-35  7.53992e-32  1.29492e-35 -1.70551e-32 -3.18414e-36 -2.41697e-33  5.82637e-37  -1.2037e-34 -6.78017e-38 -3.13465e-37  4.73278e-39  1.93029e-37 -2.03241e-40  5.30066e-39  4.21322e-42
-3.05485e-44  6.69464e-29  1.00969e-42 -3.74861e-27 -1.72357e-41  1.11332e-25  1.82548e-40 -2.20659e-24 -7.99193e-40  3.22549e-23 -9.15996e-39 -3.67756e-22  2.69005e-37  3.38856e-21 -3.73886e-36 -2.58492e-20  3.75601e-35  1.66074e-19 -2.99983e-34 -9.09907e-19  1.98773e-33  4.29045e-18 -1.12094e-32 -1.75259e-17  5.47554e-32  6.23007e-17 -2.34923e-31 -1.93256e-16  8.96107e-31  5.23688e-16 -3.07427e-30 -1.23894e-15  9.59595e-30  2.55266e-15 -2.75677e-29 -4.55874e-15  7.36732e-29  7.00192e-15 -1.84686e-28 -9.13516e-15  4.36246e-28  9.92074e-15 -9.71035e-28 -8.65149e-15  2.02942e-27   5.6157e-15 -3.95987e-27 -2.13852e-15  7.17044e-27 -2.63878e-16 -1.19853e-26  9.69812e-16   1.8413e-26  -5.4333e-16 -2.59095e-26 -1.39363e-17   3.3289e-26  1.77211e-16 -3.89206e-26 -6.68003e-17  4.12306e-26  -2.8253e-17 -3.93366e-26  2.54307e-17  3.35037e-26  1.96477e-18 -2.51396e-26 -6.39179e-18  1.62751e-26  2.03556e-19 -8.76953e-27  1.34057e-18  3.65973e-27 -6.08548e-20 -9.73607e-28 -2.48526e-19  3.00854e-29 -3.03101e-21  3.94044e-29  3.91535e-20  1.18879e-28  4.70237e-21 -2.09708e-28 -4.63579e-21  1.92962e-28 -1.26997e-21 -1.26305e-28  3.05942e-22  6.31649e-29  1.82107e-22 -2.40931e-29  6.53076e-24  6.58451e-30 -1.33861e-23 -1.03916e-30 -3.11924e-24 -3.22768e-32  2.13211e-25  7.05351e-32  2.11664e-25 -2.13002e-32  3.13622e-26  1.51736e-33 -2.44375e-27  1.80649e-33 -1.48348e-27 -5.94471e-34 -1.88185e-28 -1.89459e-34  2.50171e-30  1.90792e-34   3.6252e-30 -7.07696e-35  4.44605e-31  1.89636e-35  1.61858e-32 -4.20389e-36 -1.40913e-33  6.69718e-37 -1.80894e-34 -6.49942e-38 -7.17448e-36  3.53419e-39 -6.64058e-38 -1.04919e-40  9.66161e-40
-1.93186e-29 -9.39492e-43  1.90929e-27  1.97367e-41  -7.4659e-26 -2.56832e-40  1.78711e-24  2.26502e-39 -3.02624e-23 -9.15996e-39  3.90105e-22 -9.67914e-38 -4.00058e-21  2.63036e-36   3.3601e-20 -3.39538e-35 -2.35872e-19   3.1698e-34  1.40425e-18 -2.35633e-33 -7.16639e-18  1.45502e-32  3.15963e-17 -7.64923e-32  -1.2102e-16  3.48124e-31   4.0415e-16 -1.38939e-30 -1.17907e-15  4.91788e-30  3.00594e-15 -1.56089e-29 -6.68719e-15  4.49477e-29  1.29371e-14 -1.18954e-28 -2.16352e-14  2.93226e-28  3.09766e-14 -6.81332e-28 -3.73923e-14  1.50383e-27  3.70853e-14 -3.15769e-27 -2.87824e-14  6.27973e-27  1.55435e-14 -1.17342e-26 -3.35505e-15  2.04258e-26 -3.02866e-15 -3.28802e-26  3.34722e-15    4.868e-26 -1.02858e-15 -6.60294e-26 -5.44257e-16  8.18021e-26  5.59859e-16 -9.22769e-26 -4.74757e-17  9.44056e-26 -1.41673e-16 -8.70937e-26  4.64197e-17  7.18364e-26  2.68547e-17 -5.22955e-26 -1.43737e-17  3.29331e-26  -4.7467e-18 -1.73573e-26  3.15226e-18  7.20786e-27    9.178e-19 -2.07744e-27 -5.33271e-19  3.25685e-28 -1.88612e-19 -1.63646e-28  6.41736e-20   3.7891e-28  3.43181e-20 -4.70176e-28  -3.5236e-21  3.91907e-28 -4.60455e-21 -2.48064e-28 -4.12583e-22  1.23641e-28   3.6817e-22 -4.79204e-29  1.05932e-22  1.36533e-29 -7.35347e-24 -2.47319e-30 -8.61429e-24  1.04442e-31 -1.28827e-24  1.03302e-31  1.84063e-25 -4.22556e-32  9.16045e-26  4.67111e-33  1.03206e-26  3.53797e-33 -9.56938e-28 -1.39205e-33 -4.15756e-28  -2.0201e-34 -4.51984e-29  2.75995e-34  4.87391e-32 -9.93805e-35  5.25072e-31  2.47655e-35  5.58383e-32 -4.92134e-36  2.06424e-33  6.71497e-37 -4.47267e-35 -5.25803e-38  -5.7941e-36  2.08326e-39 -1.27107e-37 -3.50161e-41
 4.01512e-43 -7.41421e-28 -1.84945e-41  4.17976e-26  2.93624e-40 -1.25021e-24 -3.24451e-39  2.49637e-23  2.56354e-38 -3.67756e-22 -9.67914e-38  4.22728e-21 -9.50324e-37 -3.92848e-20  2.39724e-35  3.02374e-19 -2.87751e-34 -1.96102e-18  2.50201e-33   1.0851e-17 -1.73574e-32 -5.17006e-17  1.00178e-31   2.1352e-16 -4.92559e-31 -7.67872e-16  2.09582e-30  2.41141e-15 -7.80864e-30 -6.62054e-15  2.57334e-29  1.58835e-14 -7.57618e-29 -3.32226e-14  2.01517e-28  6.03111e-14 -4.90836e-28 -9.43197e-14  1.11216e-27  1.25578e-13 -2.38229e-27 -1.39637e-13   4.8843e-27  1.25395e-13  -9.6272e-27 -8.48684e-14  1.81571e-26   3.5329e-14 -3.24189e-26  1.24169e-15  5.41466e-26 -1.38995e-14 -8.37686e-26  8.88124e-15   1.1923e-25 -4.71538e-16 -1.55481e-25 -2.60405e-15  1.85264e-25  1.21967e-15 -2.01229e-25  3.35436e-16  1.98605e-25 -4.26174e-16 -1.77226e-25  4.78426e-18   1.4189e-25  1.03301e-16 -1.00748e-25 -1.23739e-17  6.23766e-26 -2.14896e-17 -3.28649e-26  2.95984e-18  1.42806e-26  4.08879e-18 -5.05923e-27 -3.14814e-19  1.79019e-27  -6.8646e-19 -1.18855e-27 -2.55341e-20  1.21422e-27  9.06973e-20 -1.10325e-27  1.65963e-20  8.10649e-28 -7.58464e-21 -4.86273e-28 -3.04658e-21  2.36973e-28  1.29114e-22 -9.07118e-29  2.75466e-22  2.55289e-29  4.53255e-23 -4.58524e-30 -8.49377e-24  2.16621e-31 -4.20695e-24   1.7959e-31 -4.20661e-25 -7.61185e-32   8.9987e-26  7.14036e-33  3.06915e-26  7.40654e-33  2.80568e-27 -2.86906e-33 -2.36367e-28 -1.48449e-34 -8.45259e-29  3.60722e-34 -8.04722e-30 -1.25217e-34 -1.01838e-31  2.89425e-35  4.51508e-32 -5.11393e-36  4.03603e-33  5.83811e-37  1.26066e-34  -3.5141e-38  1.87988e-37  9.03078e-40 -3.34647e-38
 1.90875e-28  1.15114e-41 -1.89927e-26 -2.82102e-40  7.47966e-25  3.70649e-39 -1.80376e-23 -3.67913e-38  3.07828e-22  2.69005e-37 -4.00058e-21 -9.50324e-37  4.13782e-20 -8.67841e-36 -3.50661e-19  2.03423e-34   2.4848e-18 -2.27348e-33 -1.49398e-17  1.84498e-32  7.70387e-17 -1.19743e-31 -3.43396e-16  6.47704e-31  1.33055e-15 -2.98744e-30 -4.49805e-15  1.19234e-29  1.32941e-14 -4.16193e-29 -3.43645e-14  1.28177e-28  7.75926e-14 -3.51324e-28  -1.5254e-13  8.65743e-28   2.5961e-13 -1.94354e-27 -3.79011e-13  4.04408e-27  4.67784e-13 -7.95825e-27 -4.76392e-13  1.50826e-26  3.82707e-13  -2.7778e-26 -2.18474e-13  4.95124e-26  5.75533e-14 -8.42413e-26  3.43455e-14  1.34627e-25 -4.58313e-14 -1.99479e-25  1.70451e-14  2.71824e-25  5.89703e-15 -3.39248e-25 -8.06379e-15  3.87118e-25  1.32607e-15 -4.03499e-25  1.87224e-15  3.83524e-25 -8.24298e-16 -3.31285e-25 -3.17368e-16  2.58513e-25  2.41075e-16 -1.80639e-25  4.97573e-17  1.11772e-25   -5.305e-17 -6.06191e-26 -9.50595e-18  2.89511e-26  9.43004e-18 -1.29869e-26  2.20647e-18  6.60352e-27 -1.28001e-18 -4.45041e-27 -4.67146e-19  3.45344e-27  1.05223e-19 -2.55176e-27  7.26727e-20   1.6698e-27  8.79666e-22 -9.41813e-28 -6.99178e-21  4.41863e-28  -1.4123e-21 -1.62926e-28  2.68933e-22  4.33917e-29  1.51154e-22 -7.02384e-30  1.41332e-23  1.26064e-31 -5.05698e-24  3.28409e-31 -1.61052e-24 -1.19794e-31 -1.12666e-25  4.89766e-33  2.99349e-26  1.47627e-32   7.8871e-27 -5.21596e-33  6.22033e-28  6.18568e-36 -3.56217e-29  4.23166e-34 -1.17544e-29 -1.41552e-34 -9.72054e-31  3.03457e-35 -2.10041e-32 -4.71247e-36  1.86121e-33  4.35257e-37  1.28654e-34 -1.86769e-38   2.2847e-36  2.41555e-40
 -5.1583e-42  6.62657e-27  2.10662e-40 -3.76236e-25  -3.6232e-39  1.13376e-23  4.17931e-38 -2.28153e-22 -3.84373e-37  3.38856e-21  2.63036e-36 -3.92848e-20 -8.67841e-36  3.68361e-19 -7.36747e-35 -2.86201e-18  1.60609e-33  1.87452e-17 -1.67381e-32 -1.04804e-16  1.27034e-31  5.04825e-16 -7.73068e-31 -2.10901e-15  3.92852e-30  7.67735e-15 -1.70418e-29 -2.44225e-14   6.3981e-29   6.7978e-14 -2.09892e-28 -1.65496e-13  6.06242e-28  3.51662e-13 -1.55299e-27 -6.49422e-13   3.5593e-27  1.03494e-12 -7.38874e-27 -1.40737e-12  1.41424e-26  1.60378e-12 -2.55517e-26 -1.48434e-12  4.46492e-26  1.04787e-12 -7.65919e-26 -4.74205e-13  1.28644e-25  2.09617e-14 -2.07932e-25  1.60078e-13   3.1665e-25 -1.17539e-13 -4.46873e-25  1.51844e-14  5.78984e-25  3.05098e-14 -6.86351e-25   -1.773e-14  7.44635e-25 -2.69402e-15 -7.40654e-25  5.71668e-15  6.76308e-25 -5.78446e-16 -5.66705e-25  -1.3252e-15  4.34582e-25  2.91506e-16 -3.03624e-25  2.70794e-16  1.92547e-25 -6.76509e-17 -1.11286e-25  -5.2662e-17  6.02362e-26  9.72414e-18 -3.27102e-26  9.43033e-18   1.9443e-26 -5.17859e-19 -1.28164e-26 -1.38384e-18  8.68011e-27  -1.3546e-19  -5.6181e-27  1.38671e-19  3.34908e-27  3.86314e-20 -1.77712e-27 -5.85374e-21  7.93919e-28 -4.38208e-21 -2.76144e-28 -4.36765e-22  6.69846e-29  1.97969e-22 -8.77941e-30  6.44125e-23  -4.5147e-31  3.06663e-24  5.68661e-31  -2.0741e-24 -1.61097e-31 -4.87985e-25 -7.90004e-33 -2.60992e-26  2.67011e-32  6.94414e-27 -8.44736e-33  1.50677e-27  2.83036e-34  1.06501e-28  4.41138e-34 -2.67754e-30 -1.43471e-34 -1.01129e-30  2.86031e-35 -6.90568e-32 -3.83789e-36  -1.5471e-33  2.73052e-37  2.09074e-35 -7.33667e-39  7.92099e-37
-1.54179e-27 -1.27486e-40  1.54509e-25  2.97837e-39 -6.13026e-24 -4.10488e-38   1.4899e-22  4.32592e-37 -2.56347e-21 -3.73886e-36   3.3601e-20  2.39724e-35 -3.50661e-19 -7.36747e-35  2.99972e-18  -5.8131e-34 -2.14665e-17  1.17996e-32   1.3041e-16 -1.14869e-31 -6.79833e-16  8.16938e-31  3.06528e-15 -4.67109e-30 -1.20216e-14  2.23468e-29  4.11644e-14 -9.13694e-29 -1.23329e-13  3.23431e-28  3.23456e-13 -9.99787e-28 -7.41783e-13  2.71647e-27  1.48297e-12 -6.52664e-27 -2.57058e-12  1.39686e-26  3.82992e-12 -2.69281e-26 -4.83745e-12  4.75922e-26  5.06328e-12  -7.9142e-26  -4.2134e-12  1.27611e-25  2.54067e-12 -2.03803e-25 -7.88568e-13  3.22077e-25 -3.00508e-13 -4.92958e-25  5.14533e-13  7.11219e-25 -2.27792e-13 -9.47759e-25 -4.59047e-14  1.15461e-24   9.4666e-14 -1.28367e-24 -2.35781e-14  1.30767e-24 -1.96819e-14 -1.22934e-24   1.1603e-14  1.07479e-24  2.75116e-15 -8.78981e-25 -3.23734e-15  6.74095e-25 -3.13985e-16 -4.84529e-25  7.12678e-16  3.26335e-25   5.4615e-17 -2.07374e-25 -1.31982e-16  1.27165e-25 -1.71233e-17 -7.80751e-26  1.96837e-17  4.92383e-26  4.74644e-18 -3.14569e-26 -2.02201e-18  1.96082e-26 -8.95443e-19 -1.16169e-26  7.44879e-20  6.44068e-27  1.03612e-19  -3.2267e-27  1.30473e-20   1.3621e-27 -5.71774e-21 -4.39081e-28 -2.06639e-21  9.31779e-29  -6.4225e-23 -8.03359e-30  9.70987e-23 -1.85139e-30  2.18946e-23  8.89741e-31  4.17038e-25 -1.78668e-31 -6.20729e-25 -3.69542e-32 -1.15991e-25  4.33145e-32 -5.38785e-27 -1.22995e-32  1.08667e-27  6.74706e-34   2.0193e-28  4.01877e-34  1.27376e-29 -1.30239e-34 -6.03973e-33  2.42769e-35 -4.48918e-32 -2.74324e-36 -2.21363e-33  1.39526e-37 -3.08382e-35 -1.78549e-39
 5.35483e-41 -4.89601e-26 -2.09177e-39  2.80059e-24  3.53641e-38 -8.50543e-23 -4.22512e-37  1.72562e-21  4.16722e-36 -2.58492e-20 -3.39538e-35  3.02374e-19  2.03423e-34 -2.86201e-18  -5.8131e-34  2.24566e-17 -4.26515e-33 -1.48612e-16  8.07378e-32  8.39971e-16 -7.35565e-31 -4.09257e-15  4.91142e-30  1.73052e-14 -2.64341e-29 -6.38038e-14  1.19266e-28  2.05729e-13  -4.6043e-28 -5.80919e-13  1.53953e-27  1.43617e-12 -4.49345e-27 -3.10253e-12  1.15123e-26  5.83308e-12 -2.60183e-26 -9.48054e-12  5.21906e-26  1.31794e-11 -9.38485e-26 -1.54059e-11  1.53938e-25  1.47085e-11 -2.36848e-25 -1.08347e-11  3.54059e-25  5.30583e-12 -5.28219e-25 -6.19965e-13  7.86101e-25 -1.50889e-12 -1.13584e-24  1.29034e-12  1.54051e-24 -2.64141e-13 -1.91379e-24 -2.89133e-13  2.15363e-24  2.11032e-13 -2.19674e-24  9.07648e-15  2.05261e-24 -6.27076e-14 -1.79026e-24  1.24065e-14  1.49188e-24  1.36996e-14 -1.21178e-24 -4.70459e-15  9.66449e-25 -2.70402e-15 -7.50811e-25  1.08457e-15  5.59515e-25   5.3433e-16  -3.9602e-25 -1.76758e-16  2.67296e-25 -1.02696e-16 -1.74596e-25  1.74113e-17  1.11384e-25  1.68191e-17  -6.8786e-26  1.37916e-19  4.04501e-26 -1.97511e-18 -2.25033e-26 -3.60574e-19  1.17773e-26  1.23224e-19 -5.58833e-27  5.49119e-20  2.21554e-27  1.57422e-21 -6.51218e-28 -3.34553e-21  1.14744e-28 -7.64681e-22 -2.32102e-30   1.4908e-23 -4.33894e-30  3.52015e-23  1.23786e-30  6.00321e-24  -1.4782e-31  3.16385e-26 -8.45571e-32 -1.35507e-25   6.3037e-32 -2.09813e-26 -1.62188e-32 -9.35167e-28  1.13738e-33  1.05042e-28  3.09836e-34  1.72213e-29   -1.058e-34  9.12692e-31  1.85671e-35  1.02488e-32 -1.69839e-36 -6.86408e-34  5.46226e-38 -1.41731e-35
 1.03887e-26   1.1761e-39 -1.04889e-24 -2.69727e-38  4.19417e-23  3.69951e-37 -1.02772e-21 -4.02537e-36  1.78345e-20  3.75601e-35 -2.35872e-19 -2.87751e-34   2.4848e-18  1.60609e-33 -2.14665e-17 -4.26515e-33  1.55215e-16 -2.91353e-32  -9.5323e-16  5.15269e-31  5.02635e-15 -4.40157e-30 -2.29375e-14  2.76419e-29  9.11083e-14  -1.4027e-28 -3.16195e-13  5.97753e-28  9.60933e-13 -2.18199e-27 -2.55886e-12  6.90142e-27  5.96463e-12 -1.90485e-26 -1.21359e-11  4.61005e-26  2.14435e-11 -9.82279e-26 -3.26337e-11  1.85229e-25  4.22213e-11 -3.11979e-25 -4.54622e-11  4.77625e-25  3.92174e-11 -6.84895e-25 -2.49633e-11  9.57135e-25  8.91151e-12 -1.34387e-24  1.93875e-12  1.89008e-24 -4.82317e-12 -2.57144e-24  2.52046e-12  3.24663e-24  2.02931e-13 -3.69288e-24 -9.21624e-13  3.73044e-24  3.16125e-13 -3.34861e-24  1.64393e-13   2.7227e-24 -1.33316e-13 -2.10157e-24 -1.50124e-14  1.65855e-24  3.55728e-14 -1.41838e-24 -2.87278e-16   1.2925e-24 -7.79529e-15 -1.17033e-24  2.05852e-16  9.93166e-25  1.49452e-15 -7.70968e-25  4.23716e-17  5.49178e-25 -2.41671e-16 -3.65155e-25 -3.28016e-17  2.29926e-25  2.90982e-17 -1.37199e-25  8.54587e-18  7.71379e-26 -1.89286e-18 -4.09094e-26 -1.22179e-18  2.04013e-26 -5.81536e-20 -9.18148e-27  8.85622e-20  3.39884e-27  2.20028e-20 -8.95576e-28 -1.12909e-21  1.20252e-28  -1.4243e-21  1.08631e-29 -2.27634e-22 -7.95519e-30  1.24949e-23  1.52075e-30  9.66945e-24 -5.19033e-32  1.32175e-24 -1.46345e-31  5.25701e-27  8.25227e-32 -2.08387e-26 -1.94847e-32 -2.72559e-27  1.59566e-33 -1.18275e-28  1.87298e-34  5.15097e-30  -7.6928e-35  7.88131e-31  1.27684e-35  2.99312e-32 -8.87928e-37  2.92396e-34  1.41162e-38
-4.45309e-40  3.04178e-25  1.76044e-38  -1.7536e-23 -2.94283e-37  5.36948e-22  3.51661e-36 -1.09876e-20 -3.58632e-35  1.66074e-19   3.1698e-34 -1.96102e-18 -2.27348e-33  1.87452e-17  1.17996e-32 -1.48612e-16 -2.91353e-32  9.94211e-16 -1.85604e-31  -5.6839e-15  3.07267e-30  2.80283e-14 -2.46559e-29 -1.20026e-13  1.45873e-28  4.48498e-13 -6.98939e-28 -1.46679e-12  2.81683e-27  4.20471e-12 -9.73363e-27 -1.05638e-11  2.91539e-26   2.3219e-11 -7.61793e-26 -4.44804e-11   1.7438e-25  7.37963e-11 -3.50878e-25 -1.04972e-10  6.23472e-25  1.25989e-10 -9.87165e-25 -1.24194e-10  1.41863e-24  9.54992e-11 -1.91222e-24  -5.0415e-11  2.52604e-24  9.29915e-12 -3.37338e-24  1.17276e-11   4.5088e-24 -1.19492e-11 -5.76325e-24  3.36757e-12  6.69753e-24  2.21482e-12 -6.80617e-24  -2.0961e-12  5.87808e-24  1.23905e-13 -4.21569e-24  5.69226e-13  2.49044e-24 -1.75695e-13 -1.33177e-24 -1.14157e-13  9.78344e-25  5.85145e-14 -1.22956e-24  2.10504e-14  1.66279e-24 -1.34763e-14 -1.91257e-24 -4.18067e-15  1.83567e-24  2.37222e-15 -1.50514e-24  8.78058e-16  1.08748e-24 -2.94959e-16 -7.15145e-25 -1.63717e-16  4.38697e-25  1.63551e-17 -2.53132e-25  2.25044e-17  1.37208e-25  2.11761e-18 -7.00088e-26 -1.82752e-18  3.34384e-26 -5.41041e-19 -1.42646e-26  3.42678e-20  4.89923e-27  4.38862e-20 -1.13397e-27  6.84394e-21  9.59537e-29 -8.71455e-22  3.30754e-29 -4.65551e-22 -1.24025e-29 -5.55056e-23  1.63584e-30  4.01149e-24  1.05386e-31  1.99468e-24 -2.10059e-31  2.27483e-25  9.73633e-32  2.43237e-27 -2.14372e-32 -2.10065e-27  1.96059e-33  -2.3071e-28  6.62293e-35  -9.0343e-30 -5.01747e-35  6.25741e-32  7.82238e-36  1.34218e-32 -3.71629e-37  1.99489e-34
-5.92444e-26 -9.12055e-39   6.0286e-24  2.09151e-37 -2.43049e-22 -2.83788e-36  6.00686e-21  3.09798e-35 -1.05181e-19 -2.99983e-34  1.40425e-18  2.50201e-33 -1.49398e-17 -1.67381e-32   1.3041e-16  8.07378e-32  -9.5323e-16 -1.85604e-31  5.92131e-15 -1.10479e-30 -3.15998e-14  1.71541e-29  1.46039e-13 -1.29529e-28  -5.8786e-13  7.23059e-28  2.06919e-12 -3.27543e-27 -6.38324e-12  1.24975e-26  1.72711e-11 -4.09191e-26 -4.09519e-11  1.16156e-25  8.48712e-11  -2.8757e-25 -1.52999e-10   6.2316e-25  2.38054e-10 -1.18546e-24 -3.15791e-10  1.98843e-24  3.50141e-10  -2.9689e-24 -3.13356e-10  4.02729e-24   2.1045e-10 -5.15045e-24 -8.49266e-11   6.5125e-24 -7.34866e-12 -8.36981e-24  3.81813e-11  1.06939e-23 -2.35194e-11 -1.28148e-23  6.18041e-13  1.35381e-23  7.51253e-12 -1.18871e-23 -3.40382e-12  7.96695e-24 -1.05579e-12 -3.15044e-24  1.27376e-12 -6.87901e-25 -1.84468e-15  2.29636e-24 -3.23821e-13 -1.65531e-24  3.81852e-14 -2.62438e-25  7.00612e-14   2.2182e-24 -9.85996e-15 -3.35942e-24 -1.38275e-14  3.48151e-24   1.1364e-15 -2.89069e-24  2.41066e-15   2.0564e-24  7.87605e-17 -1.31391e-24  -3.3128e-16  7.79863e-25   -5.966e-17 -4.35879e-25  2.88657e-17  2.29163e-25  1.14801e-17 -1.13135e-25 -5.43321e-19  5.18566e-26 -1.07002e-18 -2.09173e-26 -1.75583e-19  6.61576e-27  3.33787e-20 -1.30893e-27   1.6526e-20  2.98905e-29  1.68286e-21  6.38887e-29 -3.40349e-22 -1.70439e-29 -1.18334e-22  1.51207e-30 -1.11824e-23  2.93943e-31  7.66751e-25 -2.57856e-31  2.98175e-25  1.03538e-31  2.88791e-26 -2.17111e-32  5.52706e-28  2.15481e-33 -1.21644e-28 -2.48428e-35 -1.07624e-29  -2.9472e-35 -3.14799e-31  4.16487e-36 -1.31264e-33 -1.08151e-37
 3.26405e-39 -1.60884e-24 -1.27262e-37  9.35156e-23  2.10968e-36 -2.88816e-21 -2.49071e-35   5.9635e-20  2.55757e-34 -9.09907e-19 -2.35633e-33   1.0851e-17  1.84498e-32 -1.04804e-16 -1.14869e-31  8.39971e-16  5.15269e-31  -5.6839e-15 -1.10479e-30   3.2887e-14 -6.15708e-30 -1.64232e-13  8.98351e-29   7.1272e-13 -6.39375e-28  -2.7009e-12  3.37223e-27  8.96569e-12 -1.44589e-26  -2.6111e-11  5.22793e-26  6.67182e-11  -1.6231e-25 -1.49329e-10  4.36938e-25   2.9174e-10 -1.02545e-24 -4.94534e-10  2.10477e-24  7.20498e-10 -3.78832e-24 -8.88785e-10  6.00654e-24  9.05434e-10 -8.48037e-24 -7.27117e-10  1.09187e-23  4.12493e-10 -1.33771e-23 -1.02437e-10  1.63974e-23 -7.47493e-11  -2.0497e-23   9.4429e-11  2.51402e-23 -3.42863e-11 -2.81627e-23 -1.33753e-11  2.66808e-23  1.75939e-11 -1.92633e-23 -2.82269e-12  7.60948e-24 -4.28828e-12  3.98811e-24  1.91473e-12 -1.11933e-23  7.49347e-13  1.21361e-23 -5.88387e-13 -8.03006e-24 -1.18605e-13  1.87242e-24  1.35374e-13  3.42731e-24  2.29608e-14 -6.27383e-24 -2.52029e-14  6.60936e-24 -5.58683e-15 -5.37569e-24  3.60796e-15  3.69282e-24  1.25608e-15 -2.26795e-24  -3.2045e-16  1.29822e-24 -2.06849e-16 -7.04751e-25   3.5141e-19  3.61209e-25   2.0982e-17 -1.73123e-25  4.03892e-18  7.61197e-26 -8.66462e-19 -2.89153e-26 -4.58662e-19  8.34642e-27 -4.05696e-20 -1.35516e-27   1.5811e-20 -8.27628e-29  4.89519e-21  1.00312e-28  3.36733e-22 -2.10444e-29 -8.89074e-23  1.14303e-30 -2.31196e-23  4.62917e-31 -1.83286e-24 -2.72069e-31  8.67029e-26  9.90195e-32  3.01918e-26 -2.03545e-32  2.44664e-27  2.13574e-33  5.77893e-29   -7.185e-35 -3.08691e-30 -1.56119e-35 -1.94231e-31  1.81951e-36 -2.22834e-33
 2.88971e-25  6.21444e-38 -2.96484e-23 -1.40851e-36  1.20565e-21  1.88223e-35 -3.00675e-20 -2.02897e-34  5.31488e-19  1.98773e-33 -7.16639e-18 -1.73574e-32  7.70387e-17  1.27034e-31 -6.79833e-16 -7.35565e-31  5.02635e-15  3.07267e-30 -3.15998e-14 -6.15708e-30  1.70778e-13 -3.21926e-29 -7.99816e-13  4.42173e-28  3.26502e-12  -2.9708e-27 -1.16641e-11  1.48229e-26  3.65531e-11 -6.02161e-26 -1.00572e-10  2.06485e-25  2.42778e-10 -6.08238e-25  -5.1295e-10  1.55345e-24   9.4431e-10  -3.4572e-24 -1.50364e-09  6.72324e-24  2.04725e-09 -1.14545e-23 -2.33978e-09  1.71858e-23  2.17416e-09 -2.30031e-23 -1.54002e-09  2.82709e-23  6.93564e-10 -3.35108e-23 -1.60891e-11  4.02867e-23 -2.56633e-10 -4.93529e-23  1.87519e-10  5.81847e-23 -2.34588e-11 -6.06757e-23 -5.13765e-11  5.07188e-23  3.03887e-11 -2.75728e-23  4.56568e-12 -1.82144e-24 -1.02315e-11  2.63496e-23  1.17473e-12 -3.74963e-23  2.45094e-12  3.38938e-23 -5.98692e-13 -2.06671e-23 -5.16148e-13  5.29141e-24  1.46383e-13  6.40089e-24  1.04188e-13 -1.20122e-23 -2.29133e-14  1.22749e-23  -1.9603e-14 -9.57679e-24  1.63903e-15  6.27729e-24  3.05257e-15 -3.68129e-24  2.31941e-16  2.03031e-24 -3.28197e-16 -1.07461e-24 -8.37534e-17  5.39449e-25  1.58839e-17 -2.51433e-25  1.03392e-17  1.05802e-25  8.86873e-19 -3.76446e-26  -5.0303e-19  9.80861e-27 -1.52821e-19 -1.21964e-27 -5.92289e-21 -2.35253e-28  5.13818e-21  1.37087e-28  1.15121e-21 -2.36029e-29  5.77695e-23  5.90453e-31 -1.61109e-23  5.57661e-31 -3.35099e-24 -2.42321e-31  -2.3077e-25  8.47291e-32  4.63097e-27 -1.77704e-32  1.84175e-27  1.90911e-33  1.16719e-28 -7.83253e-35  2.41704e-30 -7.35258e-36 -1.48339e-32  5.61799e-37
-2.08256e-38  7.30974e-24  8.09689e-37 -4.28577e-22  -1.3219e-35  1.33566e-20  1.52819e-34 -2.78417e-19 -1.55214e-33  4.29045e-18  1.45502e-32 -5.17006e-17 -1.19743e-31  5.04825e-16  8.16938e-31 -4.09257e-15 -4.40157e-30  2.80283e-14  1.71541e-29 -1.64232e-13 -3.21926e-29  8.31115e-13 -1.58224e-28 -3.65766e-12  2.04931e-27  1.40675e-11 -1.30157e-26  -4.7434e-11  6.15057e-26   1.4046e-10 -2.36941e-25 -3.65321e-10  7.71051e-25  8.33372e-10 -2.15596e-24 -1.66197e-09  5.22565e-24  2.88128e-09 -1.10297e-23 -4.30395e-09  2.03248e-23  5.46249e-09  -3.2786e-23  -5.7566e-09  4.65888e-23  4.83038e-09 -5.92754e-23 -2.93709e-09  6.99639e-23  9.09213e-10 -8.10406e-23  3.79465e-10  9.64682e-23 -6.41511e-10 -1.16239e-22  2.89904e-10  1.31481e-22  5.80253e-11 -1.26869e-22 -1.25713e-10  9.15188e-23  3.35891e-11 -3.02101e-23  2.65621e-11 -3.60509e-23 -1.69597e-11  8.22579e-23 -3.55768e-12 -9.45653e-23  4.89693e-12  7.63635e-23  3.28925e-13 -4.25848e-23  -1.1215e-12  9.32265e-24 -4.90791e-14  1.33032e-23  2.18229e-13 -2.27298e-23  2.08934e-14  2.19524e-23 -3.47119e-14 -1.62397e-23 -7.11175e-15  1.00812e-23  3.91307e-15 -5.62086e-24  1.51601e-15   2.9892e-24 -1.92108e-16 -1.55057e-24  -1.9268e-16  7.65821e-25 -1.95864e-17 -3.47181e-25  1.18491e-17  1.39278e-25  3.82191e-18 -4.61123e-26  4.22519e-20  1.06988e-26 -1.96221e-19 -8.83927e-28 -4.06557e-20 -4.08179e-28 -2.74632e-22  1.67911e-28  1.21974e-21 -2.41714e-29  2.12734e-22 -4.50007e-32  8.88793e-24  5.40893e-31 -1.95974e-24  -1.7072e-31 -3.37361e-25  6.42936e-32 -1.99953e-26 -1.45259e-32  -2.0756e-29  1.52859e-33  5.42785e-29 -5.99212e-35  2.20645e-30 -2.91135e-36   1.9309e-32
-1.21475e-24  -3.7263e-37   1.2572e-22  8.37556e-36 -5.15904e-21 -1.09537e-34   1.2989e-19  1.15189e-33 -2.31898e-18 -1.12094e-32  3.15963e-17  1.00178e-31 -3.43396e-16 -7.73068e-31  3.06528e-15  4.91142e-30 -2.29375e-14 -2.46559e-29  1.46039e-13  8.98351e-29 -7.99816e-13 -1.58224e-28  3.79862e-12 -7.32371e-28 -1.57374e-11  8.95863e-27  5.71052e-11 -5.38563e-26 -1.81941e-10  2.41275e-25  5.09479e-10 -8.82103e-25 -1.25323e-09  2.72565e-24    2.702e-09 -7.23688e-24 -5.08473e-09  1.66492e-23  8.29451e-09 -3.33285e-23 -1.16034e-08  5.81903e-23  1.36839e-08 -8.88825e-23 -1.32135e-08  1.19726e-22  9.86904e-09 -1.45225e-22 -4.91207e-09  1.65743e-22  5.82159e-10 -1.89453e-22  1.46274e-09  2.24801e-22 -1.28901e-09  -2.6635e-22  2.84629e-10  2.87782e-22  2.92337e-10 -2.54854e-22 -2.29091e-10  1.53249e-22 -3.44113e-12 -7.61324e-24   6.9385e-11 -1.28411e-22 -1.64892e-11  2.05334e-22 -1.53079e-11 -2.06638e-22  6.24748e-12  1.51731e-22  3.05087e-12 -7.65748e-23 -1.50683e-12  1.17562e-23 -6.23398e-13  2.77664e-23  2.65516e-13  -4.1484e-23  1.28049e-13  3.74646e-23 -3.06953e-14 -2.61204e-23 -2.28409e-14  1.52748e-23  8.68346e-16 -8.07028e-24   2.9551e-15  4.14857e-24  4.28839e-16 -2.12342e-24 -2.12472e-16  1.03623e-24 -7.98433e-17 -4.56341e-25    3.339e-19  1.73633e-25  5.48944e-18 -5.30892e-26  1.10197e-18  1.07797e-26 -5.34886e-20 -3.79124e-28 -5.68957e-20 -5.73231e-28 -8.73869e-21  1.87181e-28  8.26917e-23 -2.25676e-29  2.11282e-22 -6.66879e-31  2.98717e-23  4.08044e-31  1.17002e-24 -7.24079e-32 -1.45989e-25  4.26479e-32 -2.10744e-26 -1.11459e-32 -9.94855e-28  1.08091e-33 -9.91261e-30 -3.46267e-35  4.42945e-31 -8.24168e-37
 1.17625e-37 -2.87132e-23 -4.56396e-36   1.6989e-21  7.33883e-35 -5.34544e-20 -8.24451e-34  1.12544e-18  8.16388e-33 -1.75259e-17 -7.64923e-32   2.1352e-16  6.47704e-31 -2.10901e-15 -4.67109e-30  1.73052e-14  2.76419e-29 -1.20026e-13 -1.29529e-28   7.1272e-13  4.42173e-28 -3.65766e-12 -7.32371e-28  1.63363e-11 -3.19804e-27  -6.3816e-11  3.69996e-26  2.18757e-10  -2.1078e-25 -6.59206e-10  8.96044e-25   1.7468e-09 -3.11106e-24 -4.06522e-09  9.13191e-24  8.28391e-09 -2.30287e-23 -1.47034e-08  5.02886e-23  2.25433e-08 -9.54623e-23   -2.947e-08  1.57887e-22  3.21601e-08 -2.28355e-22  -2.8213e-08  2.91864e-22  1.83482e-08 -3.38713e-22 -6.77089e-09  3.76664e-22  -1.3882e-09  -4.2879e-22  3.75948e-09  5.08898e-22 -2.08045e-09 -5.90809e-22 -1.04884e-10  6.06001e-22  7.66271e-10 -4.87233e-22 -2.97046e-10  2.29587e-22 -1.30788e-10  8.73047e-23  1.25232e-10 -3.43052e-22  7.70434e-12  4.52237e-22 -3.40862e-11 -4.09542e-22  2.13191e-12  2.74882e-22  7.71111e-12 -1.23857e-22 -6.61439e-13  7.99426e-24 -1.55509e-12  5.51261e-23  4.68668e-14  -7.2112e-23  2.70713e-13  6.07435e-23  2.19526e-14 -3.97757e-23 -3.61446e-14   2.1805e-23 -8.41121e-15 -1.08835e-23  2.85773e-15  5.43219e-24   1.4208e-15 -2.76752e-24  3.76382e-18  1.33937e-24 -1.18707e-16  -5.7137e-25 -2.45754e-17  2.04919e-25  2.54954e-18 -5.73773e-26    1.871e-18  9.96488e-27   2.5347e-19  2.15853e-28 -2.43082e-20 -7.00991e-28 -1.25486e-20  1.91533e-28 -1.51292e-21 -1.89608e-29  1.69564e-23 -1.21203e-30  2.57015e-23  1.89644e-31  2.98648e-24  2.92057e-32   1.1222e-25  2.41771e-32 -5.46069e-27 -8.00019e-33 -6.63645e-28  6.59334e-34 -1.98993e-29  -1.4693e-35 -1.17404e-31
