 4.81212e-27   1.2069e-36 -2.99308e-25  6.96369e-36  7.27736e-24  1.99194e-35 -1.06896e-22 -3.03545e-35  1.09485e-21 -7.10438e-35 -8.40111e-21  8.67874e-34   5.0381e-20 -7.58574e-33 -2.42565e-19  5.40787e-32  9.54257e-19 -3.26143e-31 -3.10224e-18  1.68604e-30  8.38752e-18 -7.54603e-30 -1.88998e-17  2.94548e-29  3.54113e-17 -1.00814e-28 -5.47448e-17  3.03693e-28  6.87468e-17 -8.06992e-28 -6.80524e-17  1.89289e-27  4.98582e-17 -3.91499e-27  -2.2631e-17  7.11483e-27    8.223e-19 -1.12796e-26  7.00545e-18  1.53828e-26 -4.17991e-18 -1.75329e-26 -2.49923e-19  1.55483e-26  1.33066e-18 -8.11551e-27 -3.10066e-19  -4.0795e-27 -2.95269e-19  1.81289e-26  1.24175e-19 -3.00059e-26  6.19585e-20  3.64387e-26 -3.14884e-20 -3.63591e-26 -1.42052e-20  3.10468e-26  5.91503e-21 -2.30911e-26  3.39037e-21  1.50385e-26 -6.95257e-22 -8.52614e-27  -7.1218e-22  4.12091e-27 -1.26069e-23 -1.61543e-27   1.0914e-22  4.46618e-28  2.62285e-23 -3.14207e-29  -8.6008e-24 -5.36922e-29 -5.50223e-24  3.93479e-29 -4.46897e-25  -1.5966e-29  4.72307e-25  3.70799e-30  1.75891e-25  8.55219e-32  6.83776e-27 -4.98414e-31 -1.25636e-26  2.19122e-31 -4.06583e-27 -3.71517e-32 -2.95425e-28 -8.74136e-33  1.63187e-28  6.82717e-33  5.98576e-29 -1.43978e-33  7.97551e-30 -1.21962e-34   -4.634e-31  1.25504e-34 -3.99377e-31 -1.86403e-35  -7.7726e-32 -3.00031e-36 -6.38723e-33  1.42136e-36   4.1903e-34 -1.53465e-37   1.9566e-34  -2.7462e-38  2.75277e-35  1.15375e-38  1.97769e-36 -8.64009e-40  2.37953e-38 -1.87997e-40 -1.04547e-38  2.56251e-41 -1.19911e-39  1.74008e-42 -6.60508e-41 -2.43553e-43 -1.86298e-42 -1.94343e-44 -8.52591e-45  1.28566e-45  3.34473e-46  1.32476e-47
  1.2069e-36  4.29088e-25  5.61318e-36 -1.51773e-23  1.68132e-35  2.81299e-22  4.58398e-35  -3.4332e-21   4.5064e-35  3.04529e-20  -1.3973e-33  -2.0729e-19  1.36809e-32  1.11973e-18 -1.09689e-31 -4.90574e-18  7.36059e-31  1.76822e-17 -4.20518e-30 -5.28967e-17  2.06982e-29  1.31907e-16 -8.85422e-29 -2.74229e-16  3.31325e-28   4.7314e-16  -1.0897e-27 -6.70228e-16  3.16036e-27  7.63485e-16 -8.09857e-27 -6.71581e-16   1.8348e-26  4.15441e-16  -3.6717e-26 -1.27678e-16  6.47065e-26 -4.73555e-17 -9.98184e-26   7.1802e-17  1.33276e-25 -2.20588e-17 -1.50666e-25 -1.26519e-17  1.37269e-25  1.06872e-17 -8.65838e-26  8.06425e-19  6.82838e-27 -3.01568e-18  8.02294e-26  1.67798e-19 -1.48929e-25  7.23739e-19  1.82047e-25 -5.11606e-20 -1.77642e-25 -1.60682e-19  1.46752e-25 -4.64462e-22 -1.05229e-25  3.15931e-20  6.60869e-26   4.4371e-21 -3.61933e-26 -4.78049e-21  1.69226e-26 -1.63964e-21 -6.41858e-27  3.84473e-22  1.71554e-27  3.23121e-22 -1.16882e-28  2.83961e-23 -1.92574e-28 -3.24647e-23   1.3762e-28 -1.19459e-23 -5.52288e-29  1.02601e-25  1.30683e-29  1.17401e-24  4.39234e-32  3.23781e-25  -1.6326e-30 -1.22909e-27  7.57773e-31 -2.35507e-26 -1.43969e-31 -6.49334e-27 -2.26407e-32 -4.25988e-28  2.20827e-32  2.16778e-28 -5.12932e-33  7.51337e-29 -1.94999e-34  1.02135e-29  3.44596e-34 -1.12326e-31 -5.19413e-35 -3.20402e-31 -6.44615e-36 -6.49885e-32   3.3108e-36 -6.26859e-33 -4.89323e-37 -5.32491e-35 -3.95544e-38  7.51441e-35  3.20654e-38  1.16433e-35 -3.52813e-39  9.18953e-37 -3.61699e-40  3.51336e-38  7.30265e-41 -4.92917e-40  1.99285e-42 -1.29308e-40 -5.67702e-43 -6.30444e-42 -2.57537e-44 -1.22749e-43  1.79583e-45 -6.49089e-46
-2.99308e-25  5.61318e-36  1.88496e-23  1.39509e-35 -4.64297e-22  2.41419e-35  6.91321e-21 -8.17772e-36 -7.18197e-20  1.24268e-33  5.59372e-19 -1.50147e-32 -3.40753e-18  1.36727e-31  1.66794e-17  -1.0325e-30 -6.67759e-17   6.5768e-30  2.21164e-16 -3.58519e-29 -6.09999e-16  1.69038e-28  1.40444e-15 -6.94685e-28 -2.69411e-15  2.50264e-27  4.27581e-15 -7.93658e-27 -5.53394e-15  2.22209e-26  5.68239e-15 -5.50232e-26 -4.37534e-15  1.20564e-25  2.17483e-15  -2.3356e-25 -2.51224e-16  3.98961e-25 -5.64697e-16 -5.97748e-25  4.09802e-16   7.7802e-25 -1.79259e-17 -8.64115e-25 -1.16831e-16  7.88895e-25  4.05227e-17 -5.35753e-25  2.31046e-17  1.61482e-25 -1.44464e-17  2.22617e-25 -4.36739e-18 -5.04617e-25  3.67479e-18  6.25384e-25  1.00243e-18 -5.96243e-25 -7.49815e-19  4.75405e-25 -2.68358e-19 -3.28005e-25  1.13029e-19  1.98485e-25  6.57656e-20  -1.0503e-25 -7.71487e-21   4.7526e-26 -1.20825e-20 -1.74347e-26 -1.50828e-21  4.50176e-27  1.32633e-21 -3.04559e-28  5.29243e-22 -4.61564e-28 -1.94771e-23  3.23658e-28 -6.37156e-23 -1.30033e-28 -1.57726e-23  3.21776e-29  1.44531e-24 -8.84971e-31  1.74015e-24 -3.56133e-30  3.83852e-25  1.79916e-30 -1.14588e-26 -3.87464e-31 -2.67875e-26 -3.39295e-32 -6.64434e-27   4.9332e-32 -4.58901e-28 -1.26379e-32  1.64372e-28  6.71084e-36  5.69942e-29   6.1101e-34  8.04198e-30 -8.58679e-35  2.30825e-31 -7.98986e-36  -1.3403e-31  4.43304e-36 -2.97508e-32 -1.05861e-36 -3.14678e-33 -4.48372e-40 -1.36952e-34  6.17298e-38  1.00486e-35 -8.65821e-39  2.17429e-36 -3.77736e-40  1.74668e-37  1.35797e-40  7.39237e-39 -3.99363e-43  1.27123e-40 -8.71296e-43 -2.02792e-42 -1.74041e-44 -9.51929e-44  1.26327e-45
 6.96369e-36 -1.51773e-23  1.39509e-35  5.43853e-22  2.10061e-35 -1.02174e-20  5.49536e-35  1.26483e-19 -7.15937e-34 -1.13873e-18  1.07291e-32  7.87314e-18 -1.15623e-31 -4.32336e-17  1.00332e-30   1.9273e-16 -7.23865e-30 -7.07581e-16  4.42341e-29  2.15872e-15 -2.32145e-28 -5.49791e-15  1.05646e-27  1.16947e-14 -4.19766e-27  -2.0693e-14  1.46355e-26  3.01588e-14 -4.49449e-26 -3.55203e-14  1.21892e-25  3.25862e-14 -2.92409e-25 -2.14562e-14  6.20793e-25  7.71724e-15 -1.16546e-24  1.54924e-15  1.93011e-24 -3.60187e-15 -2.80616e-24  1.43543e-15   3.5513e-24  4.89808e-16 -3.85239e-24 -6.00661e-16  3.47472e-24  2.35735e-17 -2.42042e-24  1.59472e-16  9.76514e-25 -2.80064e-17  4.08686e-25 -3.74414e-17 -1.35222e-24   7.6498e-18  1.71025e-24  8.55641e-18 -1.58901e-24 -1.10463e-18  1.21843e-24 -1.82962e-18  -8.0683e-25 -3.13309e-20  4.70151e-25  3.21429e-19 -2.40579e-25  6.52365e-20   1.0541e-25 -3.67246e-20 -3.73429e-26 -1.79068e-20  9.28666e-27  6.21475e-22 -6.41671e-28  2.41539e-21 -8.38771e-28  5.74113e-22   5.8233e-28 -1.00308e-22 -2.38371e-28 -8.44523e-23  6.33797e-29 -1.50114e-23  -4.1792e-30  2.57763e-24 -5.91657e-30   1.8309e-24  3.37866e-30  3.43868e-25 -8.33415e-31 -1.27668e-26 -2.39733e-32  -2.1319e-26  8.92529e-32 -4.96565e-27 -2.49726e-32 -3.92707e-28  7.07814e-34   7.7347e-29  7.60267e-34  2.91253e-29 -7.22093e-35  4.27923e-30  -4.0764e-36  2.44556e-31  2.51718e-36 -2.80545e-32 -1.82084e-36 -8.00827e-33  1.10301e-37 -8.93322e-34  9.48823e-38 -5.20896e-35  -1.5318e-38 -5.57006e-37 -8.93109e-41  1.62988e-37  1.89646e-40  1.35606e-38 -4.97149e-42  5.03385e-40 -9.93596e-43  8.04182e-42 -3.98142e-45   2.8541e-44
 7.27736e-24  1.68132e-35 -4.64297e-22  2.10061e-35  1.15925e-20  9.60837e-36 -1.75071e-19  2.84947e-34  1.84595e-18 -4.62587e-33 -1.46027e-17   6.2571e-32  9.04221e-17 -6.61734e-31 -4.50301e-16   5.6098e-30  1.83596e-15 -3.93875e-29 -6.19983e-15  2.34377e-28  1.74583e-14 -1.19917e-27 -4.11047e-14  5.32306e-27  8.08006e-14 -2.06261e-26 -1.31768e-13  7.00859e-26   1.7592e-13 -2.09573e-25 -1.87512e-13  5.52919e-25  1.51728e-13 -1.28924e-24 -8.21161e-14   2.6584e-24  1.54633e-14 -4.84434e-24  1.73035e-14  7.78409e-24  -1.5585e-14 -1.09802e-23  2.21181e-15  1.34908e-23  3.90378e-15 -1.42396e-23 -1.90052e-15  1.25776e-23 -6.39294e-16 -8.76006e-24  6.25117e-16  3.94941e-24  9.34041e-17  3.49509e-25 -1.58716e-16  -3.0584e-24 -2.04047e-17  3.96244e-24  3.43369e-17 -3.56954e-24  6.88881e-18  2.61836e-24 -6.00991e-18 -1.65888e-24 -2.14604e-18  9.30888e-25  6.82162e-19 -4.61518e-25    4.854e-19  1.95908e-25  1.00452e-21 -6.67691e-26 -6.89815e-20  1.58778e-26 -1.73812e-20 -1.15938e-27  3.89364e-21 -1.18007e-27   3.0198e-21  8.26426e-28  4.37127e-22 -3.55267e-28  -1.6249e-22  1.04429e-28 -8.39932e-23 -1.12719e-29 -1.12537e-23 -7.78716e-30  2.71872e-24  5.30791e-30  1.46607e-24 -1.52462e-30  2.48289e-25  2.78014e-32 -6.46417e-27  1.42774e-31 -1.23998e-26 -4.22421e-32 -2.80707e-27  1.75823e-33 -2.56696e-28  5.64254e-34  2.03242e-29  6.50182e-35  1.01129e-29  8.34109e-36   1.5504e-30 -4.08137e-36  1.15859e-31 -2.71156e-36  -6.4076e-34  2.48667e-37 -1.18612e-33  1.23395e-37 -1.41053e-34 -2.08509e-38  -8.6745e-36  4.91092e-40 -2.57531e-37  2.10268e-40  1.06899e-39 -9.19526e-42  3.24668e-40  -8.6144e-43  7.45683e-42  2.51218e-45
 1.99194e-35  2.81299e-22  2.41419e-35 -1.02174e-20  9.60837e-36  1.94694e-19 -4.72278e-35 -2.44613e-18  5.96387e-34  2.23669e-17 -1.30706e-32 -1.57185e-16  2.30617e-31  8.78075e-16 -2.68534e-30 -3.98586e-15  2.34083e-29  1.49171e-14  -1.6538e-28 -4.64499e-14   9.8351e-28  1.20925e-13 -5.00999e-27 -2.63413e-13  2.20587e-26  4.78441e-13 -8.44503e-26 -7.18086e-13  2.82464e-25  8.75172e-13 -8.28673e-25 -8.37773e-13    2.139e-24  5.86392e-13 -4.86833e-24  -2.4141e-13  9.77988e-24 -1.62668e-14 -1.73357e-23  9.37714e-14   2.7062e-23 -4.71575e-14 -3.70512e-23 -8.06087e-15  4.41641e-23   1.7342e-14 -4.52467e-23 -2.66645e-15  3.89078e-23 -4.26126e-15 -2.66789e-23   1.3536e-15  1.25121e-23  9.57983e-16 -7.41976e-25 -3.63977e-16 -6.09395e-24 -2.23236e-16  8.06592e-24  6.74392e-17 -6.98431e-24  5.20212e-17   4.8641e-24  -6.5696e-18 -2.93764e-24 -1.05134e-17   1.5899e-24 -7.88767e-19 -7.66664e-25    1.523e-18  3.15372e-25  4.60685e-19  -1.0259e-25 -1.00396e-19   2.3004e-26 -8.50487e-20 -1.87476e-27 -1.07306e-20 -1.18962e-27  6.36213e-21  8.93927e-28  2.86411e-21 -4.31575e-28  2.32604e-22  1.44898e-28 -1.71391e-22 -2.17775e-29 -6.62478e-23 -7.98469e-30 -7.13603e-24  7.18343e-30  2.00128e-24 -2.47945e-30  9.20896e-25  1.29238e-31  1.47771e-25  2.17568e-31 -2.92548e-28 -6.35907e-32 -5.28109e-27    2.276e-33 -1.19861e-27 -1.84737e-34 -1.23169e-28   3.9777e-34  7.54542e-31  3.19906e-35  2.27735e-30 -1.42944e-35  3.71656e-31 -3.74236e-36  3.10326e-32  2.94954e-37   1.0237e-33  1.40199e-37 -7.18852e-35 -2.22446e-38 -1.11104e-35  1.15024e-39 -6.40425e-37  1.90622e-40 -1.84229e-38 -1.04662e-41 -1.95569e-40 -5.49979e-43   3.1732e-43
-1.06896e-22  4.58398e-35  6.91321e-21  5.49536e-35 -1.75071e-19 -4.72278e-35  2.68338e-18  2.31933e-34 -2.87355e-17 -9.80727e-33  2.31042e-16  5.99199e-32 -1.45529e-15  1.56239e-31  7.37894e-15 -5.78087e-30 -3.06633e-14  6.30642e-29  1.05661e-13 -4.93398e-28  -3.0403e-13  3.12684e-27  7.32675e-13 -1.66026e-26 -1.47722e-12  7.49057e-26  2.47767e-12 -2.89876e-25 -3.41537e-12  9.69726e-25  3.78182e-12 -2.82256e-24 -3.21593e-12  7.18464e-24  1.88633e-12 -1.60512e-23 -4.84122e-13  3.15399e-23 -3.04568e-13 -5.45331e-23  3.55512e-13  8.28514e-23 -8.52608e-14 -1.10195e-22 -7.54835e-14  1.27411e-22  5.11937e-14 -1.26504e-22  8.42829e-15  1.05467e-22 -1.57157e-14 -7.04606e-23 -2.12238e-16  3.30925e-23  3.95162e-15 -4.25979e-24 -2.63406e-17 -1.10929e-23 -8.93445e-16  1.47893e-23  -5.5026e-17 -1.21451e-23  1.74719e-16  7.94473e-24  3.45079e-17 -4.55529e-24 -2.55097e-17  2.38884e-24  -1.0679e-17 -1.12837e-24  1.71441e-18  4.49489e-25  1.95738e-18 -1.37434e-25  2.53254e-19  2.83486e-26 -1.79424e-19 -2.87707e-27 -7.78782e-20 -4.43117e-28 -2.62707e-21  5.92391e-28  6.81157e-21 -4.06278e-28  2.17804e-21  1.63312e-28  7.87278e-23 -3.15058e-29 -1.34299e-22 -5.40142e-30 -4.27335e-23  8.53108e-30 -4.05656e-24  -3.7407e-30  1.07446e-24  2.62245e-31  4.57178e-25  3.35024e-31  7.20655e-26 -8.72127e-32  1.91608e-27  5.97037e-34 -1.59461e-27 -1.61204e-33 -3.77682e-28  9.42034e-34  -4.2004e-29  7.11234e-35 -1.48177e-30 -2.31242e-35  2.88483e-31 -5.02269e-36  5.53087e-32  1.05246e-37  4.76599e-33  1.42024e-37   2.1509e-34 -1.82056e-38  1.99452e-36  1.58746e-39 -3.17226e-37  1.43963e-40 -1.65086e-38 -8.30966e-42 -2.82589e-40 -2.27061e-43
-3.03545e-35  -3.4332e-21 -8.17772e-36  1.26483e-19  2.84947e-34 -2.44613e-18  2.31933e-34  3.12128e-17  6.52912e-33 -2.90073e-16 -1.35675e-31  2.07352e-15  9.82078e-31 -1.17926e-14 -4.52523e-30  5.45518e-14  1.38019e-29 -2.08289e-13  9.58907e-30  6.62561e-13 -6.16869e-28 -1.76475e-12  6.05263e-27   3.9404e-12 -3.96071e-26  -7.3537e-12  1.99957e-25  1.13771e-11 -8.22073e-25 -1.43613e-11  2.83311e-24  1.43532e-11 -8.33278e-24 -1.06684e-11  2.11639e-23  4.94826e-12 -4.67745e-23 -2.13856e-13  9.03721e-23 -1.58245e-12 -1.52955e-22  9.96293e-13  2.26689e-22   3.2329e-14 -2.93281e-22 -3.22269e-13  3.29045e-22  8.94701e-14 -3.16325e-22  7.09954e-14  2.54924e-22 -3.61286e-14 -1.64672e-22 -1.46278e-14  7.55801e-23   9.6633e-15 -1.18039e-23  3.42048e-15 -1.90893e-23 -2.00183e-15  2.48769e-23 -8.85028e-16 -1.89989e-23  2.92751e-16  1.14935e-23  2.09054e-16 -6.23106e-24  -1.4306e-17   3.2009e-24 -3.71818e-17  -1.4994e-24 -6.05898e-18  5.76532e-25  3.84524e-18    -1.61e-25  1.77664e-18   2.9319e-26  3.11381e-21 -4.58182e-27 -1.98459e-19  1.54172e-27 -5.60983e-20 -2.12866e-28  2.61311e-21 -2.29146e-28  5.52066e-21  1.26093e-28  1.37835e-21 -3.17931e-29  1.00379e-23   9.7923e-31 -8.19475e-23  9.04744e-30 -2.28584e-23 -5.46876e-30 -2.11229e-24  3.77793e-31  4.17262e-25  5.31664e-31  1.77643e-25 -1.09804e-31  2.81031e-26 -5.25412e-33  1.47078e-27  -3.7682e-33 -3.11711e-28  1.61176e-33 -8.40928e-29  1.32353e-34 -9.80468e-30 -2.27071e-35 -5.51128e-31 -6.61576e-36  9.39269e-33 -3.92164e-37  4.48864e-33  1.30131e-37  3.88555e-34 -1.02449e-38  1.71636e-35  1.61059e-39  3.54549e-37  9.17134e-41   4.4071e-40 -4.56705e-42  -5.6056e-41
 1.09485e-21   4.5064e-35 -7.18197e-20 -7.15937e-34  1.84595e-18  5.96387e-34 -2.87355e-17  6.52912e-33  3.12752e-16  6.11499e-32 -2.55773e-15 -9.13566e-31   1.6401e-14  5.80807e-30 -8.47387e-14 -3.26069e-29  3.59202e-13  1.95972e-28 -1.26414e-12 -1.03504e-27  3.72027e-12  3.81686e-27  -9.1852e-12 -5.77553e-27  1.90134e-11 -3.56424e-26  -3.2832e-11  3.52913e-25  4.67739e-11 -1.81449e-24 -5.38482e-11  6.90388e-24   4.8129e-11 -2.12423e-23 -3.04833e-11  5.48754e-23  9.81519e-12 -1.21351e-22  3.37573e-12  2.32178e-22 -5.60857e-12 -3.86422e-22  1.92209e-12   5.6031e-22   9.4168e-13 -7.06387e-22 -9.28131e-13  7.69599e-22 -1.90004e-14 -7.16053e-22  2.65365e-13  5.56568e-22  -3.2619e-14 -3.45518e-22  -6.5243e-14  1.52144e-22   9.9781e-15 -2.39013e-23   1.5244e-14 -3.19696e-23 -1.28735e-15  3.89003e-23  -3.2773e-15 -2.68804e-23  -1.7789e-16   1.4683e-23  5.71833e-16 -7.50253e-24   1.3758e-16  3.86655e-24 -6.29032e-17  -1.8326e-24 -3.50194e-17  6.74033e-25   1.2242e-19 -1.62867e-25  4.53296e-18  2.46052e-26  1.20996e-18 -8.17453e-27 -1.56624e-19  5.20849e-27 -1.64708e-19 -1.49389e-27 -3.30158e-20  1.17334e-28  4.00551e-21 -1.14022e-29  3.57759e-21  -1.1397e-29  7.45116e-22  1.26816e-29 -3.60678e-24  8.84326e-30 -3.95253e-23 -8.02406e-30  -1.0131e-23  3.98817e-31  -9.7853e-25  8.50298e-31  1.09244e-25 -1.25243e-31  5.26428e-26 -1.66446e-32  8.45309e-27 -6.68321e-33  6.03281e-28  2.21193e-33 -2.83392e-29  2.21212e-34 -1.22809e-29 -5.82374e-36 -1.48265e-30 -8.30826e-36 -9.49172e-32  -1.1186e-36 -2.27305e-33  1.09276e-37  1.36222e-34 -1.76724e-39  1.38476e-35  1.25957e-39  4.85415e-37   4.9422e-41  6.60162e-39 -1.52831e-42
-7.10438e-35  3.04529e-20  1.24268e-33 -1.13873e-18 -4.62587e-33  2.23669e-17 -9.80727e-33 -2.90073e-16  6.11499e-32  2.74196e-15  3.32941e-31 -1.99527e-14 -2.86302e-30  1.15622e-13  9.32409e-30 -5.45538e-13 -7.32315e-29    2.127e-12  8.88064e-28 -6.91814e-12  -6.8109e-27  1.88708e-11     3.45e-26 -4.32335e-11 -1.20253e-25  8.29863e-11  2.61345e-25 -1.32481e-10  -6.2901e-26   1.7337e-10 -2.40294e-24  -1.8102e-10  1.31139e-23  1.42768e-10 -4.58413e-23 -7.37412e-11  1.24807e-22  1.02601e-11 -2.81155e-22  1.88929e-11  5.38058e-22 -1.50471e-11 -8.85882e-22   1.3546e-12  1.26138e-21  4.22086e-12 -1.55308e-21 -1.79251e-12  1.64496e-21 -7.80405e-13 -1.48128e-21  6.40908e-13   1.1086e-21  1.30596e-13 -6.58001e-22 -1.70282e-13  2.73532e-22 -2.92147e-14 -3.78362e-23    3.781e-14 -5.29721e-23  9.08931e-15    5.702e-23 -6.68158e-15 -3.42985e-23 -2.69521e-15  1.62245e-23  7.37585e-16 -7.81337e-24  5.98472e-16  4.25599e-24  1.49524e-17 -2.10304e-24 -8.38549e-17  7.24666e-25 -2.31714e-17 -1.35767e-25  4.35481e-18  1.61922e-26  3.85968e-18 -1.61064e-26  6.26157e-19  1.08468e-26 -1.92131e-19 -2.97608e-27 -1.09861e-19  6.09481e-28 -1.64417e-20 -3.02043e-28  3.07668e-21  3.91436e-29  1.89905e-21  3.26908e-29  3.49065e-22   8.5915e-30 -2.54927e-25 -1.19604e-29  -1.4992e-23  2.25466e-31 -3.66757e-24  1.32172e-30 -3.80466e-25  -1.2347e-31  1.43745e-26 -3.33628e-32  1.13583e-26  -1.0382e-32  1.87343e-27  2.48986e-33  1.55145e-28  3.34489e-34  2.45343e-30  2.97679e-35 -1.01029e-30 -9.51794e-36 -1.32646e-31 -1.85028e-36 -8.38742e-33  8.58016e-38 -2.71808e-34  4.11919e-39 -2.02799e-36  7.57112e-40  1.24003e-37  2.19511e-41  2.20866e-39
-8.40111e-21  -1.3973e-33  5.59372e-19  1.07291e-32 -1.46027e-17 -1.30706e-32  2.31042e-16 -1.35675e-31 -2.55773e-15  3.32941e-31  2.12935e-14  5.87289e-31 -1.39118e-13  1.35207e-29  7.33067e-13 -1.76877e-28 -3.17269e-12  7.03251e-28  1.14145e-11    8.682e-28 -3.43909e-11 -2.57662e-26  8.70801e-11  1.66235e-25 -1.85262e-10 -6.78698e-25  3.29703e-10   1.9645e-24  -4.8595e-10 -3.82955e-24  5.82165e-10  2.72943e-24 -5.47045e-10   1.4388e-23  3.73032e-10 -7.88402e-23 -1.43796e-10  2.45266e-22 -2.14497e-11 -5.80821e-22  6.55478e-11  1.12856e-21 -2.99794e-11 -1.85295e-21 -7.42266e-12   2.6029e-21  1.22403e-11  -3.1386e-21  -1.4072e-12  3.23661e-21 -3.21159e-12 -2.82177e-21  8.94264e-13  2.03086e-21  7.54589e-13 -1.14711e-21 -2.56046e-13  4.42991e-22 -1.79978e-13 -4.52581e-23  4.85885e-14 -8.68169e-23  4.24418e-14  7.85864e-23 -4.46107e-15 -3.88124e-23 -8.66269e-15  1.44947e-23 -7.92205e-16 -6.65457e-24  1.26307e-15  4.33029e-24  4.07591e-16 -2.31894e-24 -8.06348e-17  7.17437e-25 -7.45505e-17 -7.81092e-26 -1.02751e-17  1.10776e-26   5.4649e-18 -3.23312e-26  2.59923e-18  1.84443e-26  2.39541e-19 -4.10534e-27  -1.4923e-19  1.19315e-27 -6.09596e-20 -8.02481e-28  -7.2128e-21  1.22353e-28  1.65436e-21  6.60367e-29  8.31595e-22   9.5238e-30  1.41586e-22 -1.78821e-29  2.21274e-24 -2.60096e-31 -4.36547e-24  1.94445e-30 -1.05586e-24 -9.13868e-32 -1.16935e-25 -5.31447e-32 -1.58298e-27 -1.47929e-32  1.63954e-27  2.23264e-33  2.87975e-28  4.53591e-34  2.52187e-29  7.88089e-35  1.01942e-30 -9.50829e-36 -2.59115e-32 -2.31955e-36 -5.89349e-33  6.54089e-38 -3.37879e-34  6.28895e-39 -9.04779e-36  3.37122e-40 -8.95654e-38  7.11751e-42
 8.67874e-34  -2.0729e-19 -1.50147e-32  7.87314e-18   6.2571e-32 -1.57185e-16  5.99199e-32  2.07352e-15 -9.13566e-31 -1.99527e-14  5.87289e-31  1.47931e-13 -9.60788e-30 -8.74236e-13  2.83337e-28  4.21114e-12 -2.32824e-27 -1.67821e-11  1.00134e-26  5.58687e-11 -1.95361e-26 -1.56231e-10 -4.80887e-26   3.6765e-10  5.74785e-25 -7.26638e-10 -2.70523e-24   1.1983e-09  8.67088e-24 -1.62738e-09 -2.03735e-23  1.77644e-09  3.29457e-23 -1.48584e-09 -2.02094e-23   8.4718e-10 -8.49793e-23 -1.90964e-10    3.995e-22 -1.64818e-10  -1.0609e-21  1.72134e-10  2.14394e-21 -3.55758e-11 -3.54972e-21 -4.04452e-11  4.94847e-21  2.51503e-11  -5.8632e-21  5.27642e-12  5.89785e-21 -8.21754e-12 -4.98164e-21 -3.25251e-13  3.44481e-21  2.15292e-12 -1.84351e-21   2.6416e-14  6.49571e-22 -5.01876e-13 -3.09155e-23 -3.82166e-14 -1.38976e-22  1.00712e-13  1.01572e-22  2.12134e-14 -3.70529e-23 -1.50424e-14  7.76957e-24 -6.55102e-15 -3.70854e-24  1.01643e-15  4.17059e-24  1.21984e-15 -2.51354e-24  1.64006e-16  6.43755e-25 -1.13382e-16  5.00733e-27 -5.03974e-17  2.17385e-26 -1.90659e-18 -6.19383e-26  4.42597e-18     2.75e-26  1.44804e-18 -4.07956e-27  6.05469e-20  1.80769e-27 -8.76091e-20 -1.56656e-27  -2.8658e-20  2.30252e-28 -2.90426e-21  1.19293e-28  6.62017e-22  1.32703e-29  2.98552e-22  -2.6196e-29  4.88487e-23 -1.18325e-30  1.82841e-24  2.67322e-30  -9.2733e-25 -1.71235e-32 -2.32371e-25  -7.2084e-32 -2.68988e-26  -1.9584e-32 -1.19048e-27  1.36789e-33  1.28656e-28  5.46094e-34  2.80492e-29  1.29712e-34  2.45646e-30 -7.83022e-36  1.14422e-31 -2.35402e-36  1.84617e-33  5.10818e-38  -8.0107e-35  5.62208e-39 -4.26372e-36  1.02885e-40 -4.82191e-38
  5.0381e-20  1.36809e-32 -3.40753e-18 -1.15623e-31  9.04221e-17  2.30617e-31 -1.45529e-15  9.82078e-31   1.6401e-14 -2.86302e-30 -1.39118e-13 -9.60788e-30  9.26917e-13 -1.35313e-28 -4.98617e-12  2.58162e-27  2.20551e-11 -1.81828e-26 -8.12003e-11  7.65924e-26  2.50734e-10 -1.96234e-25 -6.51822e-10  1.40705e-25  1.42686e-09  1.41066e-24 -2.62008e-09 -8.57263e-24  3.99974e-09  2.98946e-23 -4.99102e-09 -7.57385e-23  4.93255e-09  1.43394e-22 -3.61296e-09 -1.83706e-22   1.6189e-09  5.87481e-23  2.48433e-12  4.71288e-22 -5.88235e-10 -1.67651e-21  3.49839e-10  3.67919e-21  2.44414e-11 -6.24356e-21 -1.22403e-10  8.70328e-21  3.14286e-11 -1.01737e-20  2.84837e-11   1.0005e-20 -1.38375e-11 -8.19568e-21 -6.08904e-12  5.44229e-21  3.88657e-12 -2.74762e-21  1.45171e-12  8.64048e-22  -8.3798e-13  2.60009e-23 -3.82155e-13 -2.13857e-22   1.2754e-13  1.21984e-22  9.25822e-14 -2.49439e-23 -6.69711e-15 -5.48966e-24 -1.70019e-14  1.05905e-24  -2.7383e-15  3.96104e-24  1.82744e-15 -2.72305e-24  8.39365e-16  4.91984e-25 -2.86141e-18  1.02612e-25 -9.70112e-17  6.45613e-26 -2.72687e-17 -1.10048e-25  1.38859e-18  3.68533e-26  2.75373e-18 -1.94235e-27  6.87412e-19  2.40918e-27  5.27966e-21 -2.63587e-27 -4.09141e-20  3.44117e-28 -1.14842e-20  1.98828e-28 -1.09435e-21  2.15686e-29  1.95645e-22 -3.68626e-29  8.62385e-23 -2.64941e-30  1.38807e-23  3.42384e-30  8.05978e-25  1.03203e-31 -1.28238e-25 -8.58934e-32 -3.69505e-26 -2.40685e-32 -4.37504e-27   1.5625e-35 -2.60169e-28  5.78169e-34  3.98955e-31   1.6912e-34  1.46317e-30 -4.68426e-36  1.27164e-31 -1.96482e-36  5.34905e-33  4.20972e-38  1.04657e-34  3.77399e-39   4.1499e-37   1.8765e-41
-7.58574e-33  1.11973e-18  1.36727e-31 -4.32336e-17 -6.61734e-31  8.78075e-16  1.56239e-31 -1.17926e-14  5.80807e-30  1.15622e-13  1.35207e-29 -8.74236e-13 -1.35313e-28  5.27418e-12 -1.11553e-27 -2.59631e-11  1.74265e-26  1.05869e-10 -1.10512e-25 -3.61131e-10  4.47172e-25  1.03645e-09 -1.22296e-24  -2.5082e-09  1.87185e-24  5.11044e-09  1.59986e-24 -8.71603e-09  -2.1995e-23  1.22977e-08  8.63602e-23 -1.40459e-08 -2.30743e-22  1.24552e-08  4.65832e-22 -7.78741e-09 -7.02649e-22  2.37835e-09  6.65804e-22  1.03192e-09  1.20152e-22  -1.5432e-09 -2.16591e-21  5.03194e-10  5.65932e-21  2.82016e-10 -1.00938e-20  -2.6495e-10  1.42096e-20 -9.27122e-12 -1.64663e-20  7.93986e-11  1.58726e-20 -9.45655e-12 -1.26268e-20  -2.0213e-11  8.05072e-21  3.15806e-12 -3.81855e-21  4.87399e-12  1.04082e-21 -4.50894e-13  1.47198e-22 -1.08542e-12 -3.12268e-22 -4.88198e-14  1.33575e-22  1.97696e-13  1.84802e-24  4.56392e-14 -2.63737e-23  -2.3104e-14  7.39356e-24 -1.23686e-14  3.93607e-24  2.30304e-16 -2.96594e-24  1.69204e-15    2.455e-25  4.34164e-16  2.00595e-25 -6.59867e-17  1.56082e-25 -6.29344e-17 -1.80224e-25 -1.21644e-17  4.46486e-26  1.69242e-18   3.2711e-27  1.39379e-18  2.98037e-27  2.84198e-19 -4.02811e-27 -2.73074e-21  4.37737e-28 -1.54077e-20  3.08389e-28 -3.89994e-21  3.58777e-29 -3.76819e-22 -4.92679e-29   3.9762e-23 -4.69456e-30  1.93983e-23  4.09419e-30  3.11206e-24  2.59494e-31  2.28503e-25 -9.15213e-32  -7.4669e-27 -2.73254e-32 -3.88775e-27 -1.54036e-33  -4.6802e-28  5.32093e-34 -2.97958e-29  1.87412e-34 -8.04312e-31 -9.17662e-37   2.3893e-32 -1.32957e-36  2.70187e-33  3.50743e-38  8.06972e-35  1.98763e-39  6.90996e-37
-2.42565e-19 -1.09689e-31  1.66794e-17  1.00332e-30 -4.50301e-16 -2.68534e-30  7.37894e-15 -4.52523e-30 -8.47387e-14  9.32409e-30  7.33067e-13  2.83337e-28 -4.98617e-12 -1.11553e-27  2.74104e-11  -7.1527e-27 -1.24048e-10  9.73185e-26  4.67893e-10 -5.65877e-25 -1.48244e-09  2.18439e-24  3.96144e-09 -6.02432e-24 -8.93354e-09  1.10817e-23   1.6947e-08 -6.49209e-24 -2.68275e-08 -4.34524e-23  3.49061e-08  2.13764e-22 -3.63007e-08 -6.06305e-22  2.85108e-08  1.27094e-21 -1.45583e-08 -2.04634e-21  1.73386e-09  2.39302e-21  4.11079e-09 -1.39804e-21 -3.19046e-09 -1.86708e-21  2.49794e-10  7.66702e-21   9.4548e-10  -1.4993e-20 -4.01019e-10  2.15994e-20 -1.80503e-10 -2.49533e-20  1.50766e-10  2.36479e-20  3.02461e-11 -1.82999e-20 -4.17336e-11   1.1207e-20 -6.71454e-12 -4.97441e-21  9.67485e-12  1.12729e-21  2.17259e-12  3.48148e-22 -1.80457e-12 -4.29134e-22 -6.85161e-13  1.28204e-22  2.18275e-13  4.72688e-23  1.62076e-13 -5.53534e-23  2.17638e-16  1.48296e-23 -2.43385e-14  4.32012e-24 -6.22744e-15 -3.23881e-24  1.45932e-15 -1.13076e-25  1.13893e-15  2.86258e-25   1.6688e-16  3.07791e-25 -6.33595e-17 -2.72998e-25 -3.32284e-17  4.85664e-26 -4.59875e-18  1.23517e-26  1.04664e-18  3.52502e-27  5.87416e-19 -5.72567e-27  1.03671e-19  4.82899e-28 -9.91218e-22  4.46993e-28 -4.64653e-21  5.69485e-29 -1.10219e-21  -6.2283e-29 -1.11919e-22 -7.22678e-30  4.19095e-24  4.59289e-30  3.22622e-24  4.26523e-31  5.22133e-25 -8.83928e-32  4.28691e-26  -2.8541e-32  8.46319e-28 -2.95184e-33 -2.27103e-28  4.17638e-34 -2.94836e-29  1.82167e-34 -1.77359e-30  2.36603e-36 -5.44081e-32 -6.87966e-37 -5.00008e-34  2.67787e-38  1.05917e-35  7.51803e-40
 5.40787e-32 -4.90574e-18  -1.0325e-30   1.9273e-16   5.6098e-30 -3.98586e-15 -5.78087e-30  5.45518e-14 -3.26069e-29 -5.45538e-13 -1.76877e-28  4.21114e-12  2.58162e-27 -2.59631e-11  -7.1527e-27  1.30762e-10 -3.86442e-26 -5.46214e-10  4.70558e-25  1.91142e-09 -2.53259e-24 -5.63724e-09  9.29943e-24  1.40467e-08 -2.52551e-23 -2.95423e-08  4.95354e-23  5.21767e-08 -5.49213e-23 -7.65756e-08 -4.98534e-23  9.15978e-08  4.52611e-22 -8.61069e-08 -1.40381e-21  5.87371e-08  3.03932e-21 -2.24094e-08 -5.05578e-21 -4.00406e-09  6.41436e-21  1.10503e-08  -5.4214e-21 -5.06252e-09  4.63186e-22  -1.3061e-09  8.78011e-21  2.17099e-09 -2.04161e-20 -2.68562e-10   3.0648e-20 -5.86829e-10 -3.55323e-20  1.76366e-10  3.32147e-20   1.4093e-10  -2.5055e-20 -5.31143e-11  1.47516e-20 -3.45684e-11 -6.10688e-21  1.08731e-11  1.07893e-21  8.52147e-12  6.30911e-22 -1.22512e-12 -5.52696e-22  -1.8468e-12  9.70467e-23 -1.12008e-13   1.1413e-22  2.91369e-13 -9.22302e-23  8.41447e-14  2.28196e-23 -2.21262e-14   5.2867e-24 -1.71914e-14 -3.53378e-24 -1.92166e-15  -5.9313e-25  1.42584e-15  3.54106e-25  6.10287e-16  5.21059e-25  4.26458e-17 -3.85186e-25 -3.96426e-17  4.63596e-26 -1.47756e-17  2.57236e-26 -1.53149e-18  4.05456e-27  4.61856e-19 -7.66845e-27   2.0736e-19  4.55241e-28  3.33427e-20   6.0794e-28  1.59746e-22  8.44308e-29 -1.09452e-21 -7.44874e-29 -2.51505e-22  -9.9882e-30 -2.68409e-23  4.86393e-30 -3.12212e-25  5.69742e-31  3.63039e-25 -7.86664e-32  6.12362e-26 -2.74044e-32  5.17321e-27 -3.92938e-33  2.06745e-28  2.68993e-34 -3.47435e-30  1.58027e-34 -8.89063e-31  4.32901e-36 -4.57898e-32 -2.21304e-37 -1.00773e-33  1.66887e-38 -6.33042e-36
 9.54257e-19  7.36059e-31 -6.67759e-17 -7.23865e-30  1.83596e-15  2.34083e-29 -3.06633e-14  1.38019e-29  3.59202e-13 -7.32315e-29 -3.17269e-12 -2.32824e-27  2.20551e-11  1.74265e-26 -1.24048e-10 -3.86442e-26  5.75074e-10 -1.82476e-25 -2.22501e-09   2.0192e-24  7.24263e-09  -1.0119e-23 -1.99207e-08  3.53003e-23  4.63424e-08 -9.32711e-23 -9.09434e-08  1.86193e-22  1.49488e-07 -2.49779e-22 -2.03048e-07  6.67767e-23   2.2235e-07  7.94921e-22  -1.8702e-07 -2.88751e-21  1.07324e-07  6.49987e-21  -2.3983e-08 -1.10346e-20 -2.21441e-08  1.45346e-20  2.33294e-08 -1.39812e-20 -5.02697e-09  6.71572e-21 -5.61507e-09  7.52474e-21  3.67831e-09 -2.53652e-20  6.95544e-10  4.07001e-20 -1.23985e-09 -4.77092e-20 -1.45955e-11  4.41443e-20  3.35598e-10 -3.25379e-20 -7.56118e-12  1.84489e-20 -8.16265e-11 -7.10668e-21  -3.0764e-12  8.74842e-22  1.73871e-11  9.80007e-22  2.94861e-12 -6.66007e-22 -2.84048e-12  3.25599e-23 -1.07278e-12  2.03385e-22  2.42427e-13 -1.36184e-22  2.23403e-13  3.08654e-23   2.1699e-14  6.94605e-24 -2.37543e-14 -3.86815e-24 -9.21779e-15 -1.18726e-24   7.7396e-18  4.11322e-25  9.31937e-16  7.84015e-25  2.71805e-16 -5.10357e-25  2.97525e-18   3.6572e-26 -1.90785e-17  4.32778e-26 -5.63598e-18  4.57958e-27 -4.74262e-19 -9.75364e-27  1.54985e-19  3.38911e-28  6.08629e-20  7.79159e-28   9.2823e-21  1.16635e-28  2.46488e-22 -8.44637e-29 -1.91829e-22 -1.25687e-29 -4.43858e-23  4.89818e-30 -4.88038e-24   6.5643e-31 -2.00899e-25 -6.63442e-32  2.25286e-26 -2.43007e-32  4.54494e-27 -4.33191e-33   3.7261e-28  1.28538e-34   1.6174e-29  1.23603e-34  2.55907e-31  4.73254e-36 -7.06117e-33  1.31093e-38 -2.98382e-34  7.12801e-39
-3.26143e-31  1.76822e-17   6.5768e-30 -7.07581e-16 -3.93875e-29  1.49171e-14  6.30642e-29 -2.08289e-13  1.95972e-28    2.127e-12  7.03251e-28 -1.67821e-11 -1.81828e-26  1.05869e-10  9.73185e-26 -5.46214e-10 -1.82476e-25  2.34036e-09 -7.69024e-25 -8.41308e-09  7.81047e-24  2.55322e-08 -3.65995e-23 -6.56001e-08  1.21251e-22  1.42615e-07 -3.09563e-22 -2.61206e-07  6.14603e-22  3.99289e-07 -8.89852e-22 -5.00747e-07  6.47675e-22  4.99111e-07  1.03582e-21 -3.70036e-07 -5.26937e-21  1.68571e-07  1.25596e-20 -9.28949e-11 -2.16988e-20 -6.35994e-08  2.91109e-20   3.9344e-08 -2.96601e-20  1.99515e-09  1.92349e-20 -1.40485e-08  2.06863e-21  4.07866e-09 -2.85067e-20  3.26915e-09  5.07347e-20 -1.81727e-09 -6.06222e-20 -6.88425e-10  5.57182e-20  5.31311e-10 -4.02382e-20  1.65981e-10  2.20271e-20  -1.2214e-10 -7.89052e-21 -4.66341e-11  5.27323e-22  2.08418e-11  1.36353e-21  1.23923e-11 -7.50642e-22 -1.73715e-12 -6.92337e-23 -2.52481e-12   3.1352e-22 -2.82947e-13 -1.85851e-22  3.13405e-13  3.86169e-23   1.2083e-13  9.34786e-24 -7.47585e-15  -4.3085e-24 -1.63446e-14 -1.86655e-24 -3.90757e-15  4.80569e-25  4.50784e-16  1.07176e-24  4.75745e-16 -6.40305e-25  1.03613e-16  1.91738e-26 -3.45119e-18  6.42783e-26 -7.41328e-18  5.11341e-27 -1.85661e-18 -1.18429e-26 -1.42702e-19  1.29282e-28  3.95431e-20  9.44627e-28  1.45615e-20  1.50564e-28  2.15993e-21 -9.10589e-29  1.03921e-22 -1.44846e-29 -2.26866e-23  4.72882e-30  -5.7078e-24  6.67262e-31 -6.30381e-25 -5.56162e-32 -3.48167e-26 -2.01571e-32  1.27683e-28 -4.18656e-33   1.7832e-28  2.76767e-35  1.38505e-29  8.76039e-35   5.0643e-31  3.92688e-36  8.05101e-33  6.79611e-38  2.26516e-35
-3.10224e-18 -4.20518e-30  2.21164e-16  4.42341e-29 -6.19983e-15  -1.6538e-28  1.05661e-13  9.58907e-30 -1.26414e-12  8.88064e-28  1.14145e-11  1.00134e-26 -8.12003e-11 -1.10512e-25  4.67893e-10  4.70558e-25 -2.22501e-09 -7.69024e-25  8.84305e-09 -2.93268e-24 -2.96159e-08  2.75331e-23  8.39668e-08 -1.21032e-22 -2.01806e-07  3.80774e-22  4.10302e-07 -9.35397e-22 -7.01327e-07  1.82293e-21  9.95779e-07 -2.71488e-21 -1.14921e-06  2.57019e-21  1.03432e-06  4.60343e-22 -6.60453e-07  -8.4194e-21  2.09973e-07  2.20286e-20  8.64866e-08 -3.88625e-20 -1.38667e-07  5.26393e-20  4.93024e-08 -5.50688e-20  2.44489e-08  4.02482e-20 -2.59856e-08 -9.26674e-21  2.13702e-10 -2.85467e-20  7.88245e-09  5.95986e-20 -1.37235e-09 -7.31832e-20 -2.04373e-09  6.70283e-20   4.6155e-10 -4.75643e-20   5.1202e-10  2.52247e-20 -8.48778e-11 -8.41815e-21 -1.21844e-10  8.07548e-23  2.56989e-12   1.7396e-21  2.44297e-11 -7.91507e-22  4.08303e-12 -2.06722e-22 -3.33759e-12  4.40116e-22 -1.42941e-12 -2.39356e-22  1.35116e-13  4.59238e-23  2.30725e-13  1.24752e-23  4.69875e-14 -4.97409e-24 -1.29681e-14 -2.58094e-24  -8.6595e-15  5.97893e-25 -1.32665e-15  1.35025e-24  3.41651e-16 -7.66926e-25  2.00072e-16 -4.17894e-27   3.4667e-17  8.73751e-26 -2.07353e-18  5.68592e-27  -2.3561e-18 -1.37745e-26 -5.25384e-19 -1.66432e-28 -4.11464e-20  1.08643e-27  7.33749e-21  1.82291e-28  2.74668e-21 -9.35469e-29  4.00686e-22 -1.53036e-29  2.57724e-23  4.41469e-30 -1.35277e-24  6.02925e-31 -4.89213e-25 -4.91916e-32 -5.33411e-26 -1.60152e-32 -3.09482e-27  -3.6424e-33 -7.36526e-29 -2.39267e-35  2.15768e-30  5.61829e-35  1.93894e-31  2.57274e-36  4.16897e-33  4.01247e-38
 1.68604e-30 -5.28967e-17 -3.58519e-29  2.15872e-15  2.34377e-28 -4.64499e-14 -4.93398e-28  6.62561e-13 -1.03504e-27 -6.91814e-12    8.682e-28  5.58687e-11  7.65924e-26 -3.61131e-10 -5.65877e-25  1.91142e-09   2.0192e-24 -8.41308e-09 -2.93268e-24  3.11146e-08 -1.02203e-23 -9.73182e-08  8.91801e-23  2.58227e-07 -3.68711e-22  -5.8123e-07  1.10178e-21   1.1057e-06 -2.59711e-21 -1.76314e-06  4.92761e-21  2.32111e-06 -7.36223e-21  -2.4541e-06  7.77706e-21  1.97192e-06  -2.6945e-21 -1.04309e-06 -1.13442e-20  1.46991e-07  3.50716e-20  2.91366e-07 -6.37792e-20 -2.44958e-07  8.69338e-20   2.8976e-08 -9.19024e-20  7.15316e-08  7.09276e-20 -3.54736e-08 -2.72179e-20 -1.26464e-08 -2.47927e-20  1.33934e-08  6.63654e-20  1.71839e-09 -8.43081e-20 -3.82429e-09  7.71295e-20  -3.3237e-10 -5.39337e-20  9.38764e-10  2.78248e-20  1.36749e-10  -8.6913e-21 -1.92562e-10 -4.00633e-22 -5.48807e-11  2.06585e-21  2.80194e-11 -7.81028e-22  1.54519e-11  -3.7152e-22 -1.31061e-12  5.75614e-22    -2.73e-12 -2.94282e-22 -5.14351e-13  5.28529e-23  2.22953e-13  1.62139e-23   1.2533e-13 -6.01501e-24   1.1518e-14 -3.26341e-24 -9.21204e-15  8.04984e-25 -3.76525e-15  1.58289e-24 -3.61477e-16 -8.83706e-25  1.66951e-16 -3.04326e-26  7.08997e-17  1.10733e-25  1.03885e-17  6.35846e-27 -6.64691e-19  -1.5379e-26 -6.08537e-19  -5.3037e-28 -1.25354e-19  1.18718e-27 -1.05645e-20  2.07646e-28  8.67728e-22 -9.16823e-29  3.88291e-22 -1.47739e-29  5.59297e-23  4.01885e-30  4.09363e-24  4.82861e-31   4.1855e-26 -4.73765e-32 -2.37234e-26 -1.25847e-32 -2.61838e-27 -2.89324e-33 -1.37775e-28 -3.61541e-35 -3.57664e-30  3.22372e-35 -2.48396e-32  1.29346e-36   3.3877e-34
 8.38752e-18  2.06982e-29 -6.09999e-16 -2.32145e-28  1.74583e-14   9.8351e-28  -3.0403e-13 -6.16869e-28  3.72027e-12  -6.8109e-27 -3.43909e-11 -1.95361e-26  2.50734e-10  4.47172e-25 -1.48244e-09 -2.53259e-24  7.24263e-09  7.81047e-24 -2.96159e-08 -1.02203e-23  1.02216e-07 -3.27955e-23 -2.99226e-07  2.67123e-22  7.44241e-07 -1.04098e-21 -1.57035e-06  2.95532e-21  2.79585e-06 -6.67189e-21 -4.15586e-06   1.2257e-20  5.06015e-06  -1.8102e-20 -4.87151e-06  2.00643e-20  3.43635e-06 -1.19972e-20 -1.39725e-06 -1.14575e-20 -1.82033e-07   5.0417e-20  6.72103e-07 -9.61898e-20 -3.45702e-07  1.31998e-19 -6.31165e-08 -1.39738e-19   1.4503e-07  1.10288e-19 -2.77228e-08 -5.07241e-20 -3.84719e-08 -1.77294e-20  1.55126e-08  7.07058e-20  9.09431e-09 -9.31673e-20 -4.81003e-09  8.52039e-20 -2.28619e-09 -5.88504e-20  1.09386e-09   2.9665e-20  6.12102e-10 -8.73425e-21 -1.65995e-10 -8.51671e-22 -1.49588e-10   2.3083e-21  4.58135e-12 -7.21176e-22  2.75111e-11 -5.48538e-22  5.56014e-12  7.09386e-22 -2.81879e-12 -3.47602e-22 -1.52771e-12  5.96849e-23 -5.85098e-14  2.03033e-23  1.63594e-13 -7.57254e-24  5.40923e-14 -3.83584e-24  1.25881e-16  1.13738e-24 -4.68017e-15   1.7381e-24 -1.38916e-15 -9.86272e-25 -8.00865e-17  -5.5929e-26   6.1823e-17  1.32253e-25  2.13054e-17  7.22909e-27   2.8072e-18 -1.64953e-26 -1.29576e-19 -9.36561e-28 -1.24869e-19  1.23274e-27 -2.44206e-20   2.2308e-28 -2.21372e-21 -8.56721e-29  3.15307e-23 -1.29079e-29  3.79752e-23  3.59068e-30  5.46215e-24  3.37304e-31  4.08952e-25 -4.82787e-32  1.35378e-26 -1.00341e-32 -3.82606e-28 -2.11098e-33 -5.95857e-29 -2.76009e-35 -2.43388e-30  1.60946e-35 -3.78184e-32  4.38679e-37
-7.54603e-30  1.31907e-16  1.69038e-28 -5.49791e-15 -1.19917e-27  1.20925e-13  3.12684e-27 -1.76475e-12  3.81686e-27  1.88708e-11 -2.57662e-26 -1.56231e-10 -1.96234e-25  1.03645e-09  2.18439e-24 -5.63724e-09  -1.0119e-23  2.55322e-08  2.75331e-23 -9.73182e-08 -3.27955e-23  3.14262e-07  -9.7482e-23 -8.62728e-07  7.43814e-22  2.01415e-06 -2.73716e-21 -3.98691e-06  7.38497e-21  6.64312e-06 -1.59455e-20 -9.19386e-06  2.82532e-20  1.03189e-05 -4.08555e-20   -8.969e-06  4.60507e-20  5.40879e-06 -3.36593e-20 -1.40514e-06 -3.81358e-21 -1.01861e-06  6.45225e-20  1.24241e-06 -1.33333e-19 -3.43376e-07   1.8492e-19 -2.76724e-07  -1.9496e-19  2.24978e-07  1.54316e-19  2.11317e-08 -7.63508e-20 -7.51326e-08 -9.36038e-21  6.07839e-09  7.31207e-20  2.06706e-08 -9.93782e-20 -2.59169e-09  9.06925e-20 -5.28607e-09 -6.19522e-20  3.55038e-10  3.06233e-20  1.23457e-09 -8.56437e-21  8.42769e-11 -1.22448e-21  -2.3353e-10  2.44649e-21 -6.05088e-11  -6.2251e-22  2.75509e-11 -7.17502e-22   1.6332e-11  8.28279e-22  7.21642e-14 -3.95703e-22 -2.22126e-12  6.68932e-23  -6.3506e-13  2.42982e-23  7.01383e-14 -9.73592e-24  8.66041e-14 -4.21643e-24  1.92029e-14  1.61215e-24 -1.55286e-15   1.7957e-24 -1.88996e-15 -1.07189e-24 -4.44046e-16 -7.74479e-26 -1.57935e-17  1.49854e-25  1.80307e-17  8.42074e-27  5.39191e-18 -1.69913e-26  6.72894e-19 -1.35417e-27 -1.01121e-20  1.21487e-27 -1.95312e-20  2.26481e-28 -3.71195e-21 -7.60993e-29 -3.50804e-22 -9.98828e-30 -8.85792e-24  3.15741e-30  2.20265e-24  1.96721e-31  3.36826e-25 -4.89644e-32  2.37376e-26 -8.10596e-33  8.69548e-28 -1.41248e-33  9.56289e-30 -1.44671e-35 -3.44197e-31  6.58831e-36 -7.33362e-33
-1.88998e-17 -8.85422e-29  1.40444e-15  1.05646e-27 -4.11047e-14 -5.00999e-27  7.32675e-13  6.05263e-27  -9.1852e-12     3.45e-26  8.70801e-11 -4.80887e-26 -6.51822e-10 -1.22296e-24  3.96144e-09  9.29943e-24 -1.99207e-08 -3.65995e-23  8.39668e-08  8.91801e-23 -2.99226e-07  -9.7482e-23  9.06188e-07 -2.69742e-22 -2.33704e-06  1.93394e-21   5.1275e-06 -6.73068e-21 -9.52688e-06  1.72629e-20  1.48513e-05 -3.56106e-20 -1.91037e-05  6.06793e-20  1.96745e-05 -8.53532e-20 -1.52526e-05  9.60684e-20  7.51117e-06 -7.71348e-20 -4.64804e-07  1.93602e-20 -2.62857e-06  7.10665e-20  1.89214e-06 -1.69356e-19 -6.51204e-08  2.39291e-19 -6.39873e-07  -2.5034e-19  2.53743e-07  1.95812e-19  1.35972e-07 -9.83544e-20 -1.07092e-07 -3.08442e-21 -2.48286e-08  7.49156e-20  3.21344e-08  -1.0308e-19  5.71989e-09  9.33685e-20 -7.98292e-09 -6.30222e-20 -1.89376e-09  3.05919e-20  1.58796e-09 -8.16682e-21  6.25218e-10  -1.4992e-21 -2.03726e-10  2.47352e-21 -1.56025e-10 -5.00557e-22 -5.10695e-13 -8.55884e-22  2.45196e-11  9.17797e-22  6.52616e-12 -4.34574e-22 -1.47181e-12  7.50854e-23 -1.21828e-12  2.75785e-23 -1.94444e-13 -1.25086e-23  6.42575e-14 -4.32991e-24  3.67214e-14   2.2191e-24  5.75358e-15  1.75076e-24 -9.31003e-16 -1.13836e-24 -6.28847e-16 -9.31329e-26 -1.24361e-16  1.61747e-25 -3.57034e-18  1.00507e-26   4.1367e-18 -1.67847e-26  1.12667e-18  -1.7508e-27  1.37412e-19  1.13345e-27  2.35682e-21   2.1773e-28  -2.1677e-21 -6.38288e-29 -4.14129e-22 -6.49475e-30 -3.91166e-23  2.72671e-30  -1.7122e-24  8.32886e-32   4.3563e-26 -4.69372e-32  1.10188e-26 -6.42575e-33  6.78821e-28 -8.57661e-34  1.95237e-29 -5.13296e-36  2.10084e-31  1.90667e-36
 2.94548e-29 -2.74229e-16 -6.94685e-28  1.16947e-14  5.32306e-27 -2.63413e-13 -1.66026e-26   3.9404e-12 -5.77553e-27 -4.32335e-11  1.66235e-25   3.6765e-10  1.40705e-25  -2.5082e-09 -6.02432e-24  1.40467e-08  3.53003e-23 -6.56001e-08 -1.21032e-22  2.58227e-07  2.67123e-22 -8.62728e-07 -2.69742e-22  2.45553e-06 -6.97764e-22 -5.95869e-06  4.71281e-21  1.22986e-05 -1.55331e-20 -2.14558e-05  3.78805e-20  3.12716e-05 -7.45879e-20 -3.72988e-05  1.21945e-19   3.5029e-05  -1.6607e-19 -2.37852e-05  1.84513e-19  8.71935e-06 -1.55022e-19  2.32243e-06  6.84044e-20 -5.15094e-06  6.12102e-20  2.29062e-06 -1.95617e-19  7.11802e-07  2.85664e-19 -1.10547e-06 -2.95712e-19  1.30691e-07  2.25273e-19  3.22702e-07 -1.09607e-19 -1.00492e-07 -3.00764e-21  -8.2256e-08  7.78875e-20  3.31977e-08 -1.04878e-19  2.13681e-08  9.33454e-20 -7.46746e-09 -6.19769e-20 -5.63663e-09  2.94584e-20  9.71593e-10 -7.48679e-21  1.31941e-09 -1.68408e-21  5.70696e-11   2.3925e-21 -2.25728e-10  -3.7072e-22  -6.2634e-11 -9.42888e-22  1.89274e-11  9.63987e-22  1.40032e-11 -4.60206e-22  1.48917e-12  8.48815e-23 -1.22517e-12  2.94296e-23  -5.2354e-13 -1.57912e-23 -3.84321e-14 -4.12117e-24  3.38297e-14  2.91848e-24  1.30208e-14  1.61394e-24  1.50292e-15 -1.18289e-24 -3.48696e-16 -1.02972e-25 -1.74086e-16  1.66693e-25 -3.04693e-17  1.21854e-26 -1.04506e-18 -1.58658e-26  7.26018e-19  -2.0953e-27  1.87986e-19   9.9745e-28  2.25967e-20  1.98786e-28  9.44073e-22 -4.99107e-29 -1.47189e-22 -2.97969e-30 -3.11104e-23   2.2973e-30 -2.81461e-24  7.10706e-33 -1.35013e-25 -4.12094e-32 -2.01548e-27 -4.77897e-33  1.25662e-28 -4.62564e-34  6.52177e-30 -9.41107e-37  7.63458e-32
