 2.93752e-21  1.03965e-36 -1.31425e-19 -7.81149e-35  2.27276e-18  1.75593e-33 -2.34425e-17 -2.22395e-32  1.66141e-16  1.90706e-31 -8.67213e-16 -1.20971e-30  3.46712e-15    5.988e-30 -1.08619e-14 -2.40093e-29  2.69852e-14   8.0284e-29 -5.33277e-14 -2.29481e-28  8.33015e-14  5.73041e-28 -1.00879e-13 -1.27376e-27   9.0613e-14  2.55694e-27 -5.39375e-14 -4.67463e-27  1.27706e-14  7.79568e-27  9.30494e-15 -1.18002e-26 -8.84102e-15  1.60433e-26  7.22833e-16  -1.9286e-26  2.37504e-15  2.00475e-26 -7.09775e-16 -1.74114e-26 -5.47991e-16  1.18396e-26  2.20799e-16 -5.22665e-27  1.35312e-16 -1.17466e-28 -4.59685e-17  2.83495e-27 -3.51874e-17 -3.07867e-27  5.07083e-18  1.95775e-27  8.13764e-18 -6.38971e-28    7.063e-19 -1.64264e-28 -1.33903e-18   2.9463e-28 -4.74034e-19 -3.28731e-29  8.68661e-20 -2.15255e-28  9.97047e-20  2.55378e-28  1.88041e-20 -1.59929e-28 -7.43493e-21  6.50789e-29 -4.89633e-21 -1.85817e-29 -8.02007e-22  2.20249e-30  2.58576e-22  2.92798e-30  1.72002e-22 -2.90912e-30  3.61025e-23  1.18971e-30 -2.17256e-24 -1.67226e-31 -3.58287e-24 -5.14833e-32 -1.06318e-24  6.31277e-32 -1.22497e-25  -5.2371e-32   2.2204e-26  2.41282e-32  1.34143e-26 -4.00301e-33  3.05239e-27 -7.38749e-34  3.39656e-28  5.07377e-34 -1.58594e-29 -2.50243e-34 -1.49991e-29  1.12989e-34 -3.33729e-30 -2.51597e-35 -4.35249e-31  2.93006e-36 -2.92795e-32 -8.08106e-37  1.30229e-33   1.0639e-37  6.45027e-34  3.36215e-38  9.47017e-35 -4.29659e-39  8.65665e-36 -4.51702e-40  5.10852e-37  6.79272e-41  1.53352e-38 -7.11491e-42 -3.68016e-40 -1.34488e-42 -6.52419e-41  2.14709e-43 -3.35386e-42 -3.98799e-45   -9.267e-44 -7.11029e-46 -1.18207e-45  5.64125e-48
 1.03965e-36  1.89274e-19  4.52491e-35 -4.80859e-18  -2.3925e-33  6.32637e-17  4.34024e-32 -5.40777e-16 -4.67863e-31   3.3079e-15    3.509e-30 -1.52487e-14 -1.97762e-29  5.45922e-14  8.77956e-29 -1.54417e-13 -3.17475e-28  3.47752e-13  9.60475e-28 -6.22954e-13 -2.48921e-27  8.77784e-13  5.64966e-27  -9.4644e-13 -1.14614e-26  7.32936e-13  2.11378e-26 -3.38321e-13 -3.58243e-26  4.90127e-15  5.59475e-26   1.0681e-13 -8.00848e-26 -5.19216e-14  1.03797e-25 -1.34391e-14 -1.19597e-25  1.86969e-14  1.19401e-25  3.39383e-16 -9.93783e-26 -5.05891e-15  6.41912e-26  1.29304e-16 -2.60546e-26  1.24858e-15  -2.3429e-27  5.33028e-17  1.54082e-26 -2.74353e-16 -1.59219e-26 -5.34117e-17  1.03127e-26  4.56493e-17 -4.02156e-27  2.03242e-17  1.40543e-28  -3.3013e-18  5.45593e-28 -4.39037e-18  6.51176e-28 -7.39475e-19   -1.673e-27  4.41695e-19  1.58914e-27  2.47296e-19 -8.98619e-28  2.31301e-20  3.37027e-28 -2.28808e-20 -8.79356e-29 -1.05918e-20  4.89835e-30 -1.25656e-21  1.96306e-29  6.04406e-22 -1.65943e-29  3.25968e-22  5.98549e-30  6.32225e-23 -5.85446e-31 -2.97964e-24 -3.11498e-31  -5.3606e-24  3.03881e-31  -1.5864e-24 -2.50128e-31  -2.1038e-25  1.11728e-31  1.38189e-26 -1.64103e-32  1.35007e-26 -3.64256e-33  3.34293e-27  1.87921e-33  4.53023e-28 -8.65313e-34  1.79312e-29    4.079e-34  -7.2647e-30 -8.44195e-35 -2.05926e-30  7.85186e-36 -3.04383e-31 -2.71565e-36 -2.81015e-32  3.44502e-37 -1.21337e-33  1.26613e-37  8.66232e-35 -1.36075e-38  2.19254e-35 -1.44119e-39  2.22393e-36  2.87643e-40  1.42264e-37 -3.03183e-41  5.81162e-39 -4.64357e-42    1.305e-40  4.84862e-43   4.5989e-43 -4.74739e-45 -5.41573e-44  -1.0598e-45 -7.63782e-46
-1.31425e-19  4.52491e-35  6.00069e-18  1.13847e-33 -1.06004e-16 -4.63216e-32  1.11812e-15   7.0113e-31 -8.11343e-15 -6.54621e-30   4.3421e-14  4.34143e-29 -1.78277e-13 -2.19046e-28  5.74689e-13  8.77017e-28 -1.47266e-12 -2.87176e-27  3.01132e-12  7.88161e-27 -4.88884e-12  -1.8542e-26   6.1955e-12   3.8232e-26 -5.89682e-12 -7.06384e-26  3.83737e-12  1.19301e-25 -1.19399e-12 -1.86765e-25 -4.63873e-13  2.72315e-25  6.38814e-13 -3.67936e-25 -1.29827e-13   4.5442e-25 -1.49308e-13 -5.02147e-25  7.25411e-14  4.81654e-25  3.02014e-14 -3.83416e-25 -2.18328e-14  2.33369e-25 -7.24752e-15 -8.44957e-26  5.06966e-15 -1.63019e-26  2.11549e-15  5.66683e-26 -8.53459e-16 -5.51497e-26 -5.88884e-16  3.64106e-26  5.27037e-17 -1.63547e-26  1.23931e-16  3.61066e-27    2.232e-17 -1.30539e-27 -1.47551e-17  5.29932e-27 -7.94262e-18 -8.13398e-27  -2.8211e-19  6.73131e-27  1.01895e-18 -3.48232e-27  3.79107e-19  1.19802e-27   6.4062e-21 -2.79374e-28 -4.04796e-20 -7.48127e-30 -1.48818e-20  8.56833e-29 -1.35169e-21 -6.38635e-29   8.3648e-22   2.0506e-29  3.99167e-22 -1.23608e-30   7.5349e-23 -1.16652e-30 -1.18673e-24  9.83701e-31 -4.89304e-24 -8.21829e-31 -1.49259e-24  3.56992e-31 -2.24958e-25 -4.57448e-32 -3.31485e-27 -1.22573e-32  7.43223e-27   4.6066e-33  2.10377e-27  -1.9626e-33  3.25332e-28  1.01215e-33  2.69455e-29 -1.94534e-34 -6.40959e-31   1.3156e-35 -5.90967e-31 -6.60288e-36 -1.02317e-31  7.98955e-37 -1.07674e-32  3.29724e-37 -7.25805e-34 -3.00632e-38 -2.31881e-35 -2.91365e-39  1.04706e-36  7.66651e-40  1.88465e-37  -7.5091e-41  1.22748e-38 -1.01419e-41  4.61456e-40  6.95594e-43  9.58537e-42  -3.5225e-45  8.91451e-44 -7.99853e-46
-7.81149e-35 -4.80859e-18  1.13847e-33  1.24791e-16  2.02313e-32 -1.67885e-15 -6.66527e-31  1.46917e-14  8.61555e-30 -9.21238e-14  -7.0616e-29   4.3599e-13  4.17832e-28 -1.60537e-12 -1.89958e-27  4.68045e-12  6.89306e-27 -1.08945e-11 -2.05154e-26  2.02461e-11  5.12123e-26 -2.97543e-11 -1.09512e-25  3.37557e-11  2.05096e-25 -2.79987e-11 -3.44475e-25  1.46388e-11   5.3098e-25 -1.78532e-12 -7.64542e-25 -3.73051e-12  1.03635e-24  2.44233e-12 -1.31765e-24  2.02149e-13  1.54905e-24 -7.86063e-13 -1.64261e-24  1.02806e-13   1.5142e-24   2.0306e-13 -1.14835e-24  -3.9288e-14  6.47961e-25 -5.12763e-14 -1.94203e-25  6.72636e-15 -7.77377e-26  1.24829e-14  1.63851e-25  3.10721e-16 -1.47335e-25 -2.54455e-15  1.00059e-25 -6.02104e-16 -5.17125e-26  3.30843e-16  1.89838e-26  1.94143e-16 -1.32538e-26  5.63928e-19  2.44154e-26  -3.0183e-17  -3.0163e-26 -9.70545e-18  2.25609e-26  9.25608e-19 -1.07379e-26  1.55325e-18  3.36104e-27  4.27989e-19 -6.78401e-28 -2.06068e-20 -9.61187e-29 -5.06265e-20  2.86024e-28 -1.59063e-20 -1.92344e-28 -1.24771e-21  5.54608e-29   8.0574e-22 -1.57581e-30  3.62296e-22 -3.21397e-30  6.92294e-23  2.47784e-30  1.66877e-24 -2.14623e-30 -3.02455e-24  9.08297e-31 -9.91891e-25 -9.94938e-32 -1.66481e-25   -3.267e-32 -1.11886e-26  8.47085e-33  2.15324e-27 -3.27697e-33  8.27165e-28  1.99928e-33  1.43211e-28 -3.54987e-34  1.51802e-29    1.385e-35  7.61973e-31 -1.35754e-35 -5.65955e-32  1.55211e-36 -1.70156e-32  6.90394e-37 -2.00545e-33  -5.3488e-38 -1.49761e-34 -4.24898e-39 -7.24217e-36  1.53662e-39 -1.84145e-37 -1.33208e-40  1.26774e-39 -1.61521e-41   2.7034e-40  7.11962e-43  7.91672e-42 -1.86021e-45   7.3864e-44
 2.27276e-18  -2.3925e-33 -1.06004e-16  2.02313e-32  1.91482e-15  2.77502e-31 -2.06757e-14 -7.64978e-30  1.53776e-13  8.59023e-29 -8.44722e-13 -6.24718e-28  3.56582e-12  3.32245e-27 -1.18415e-11 -1.36861e-26  3.13365e-11  4.52058e-26 -6.63822e-11 -1.22703e-25  1.12135e-10  2.79275e-25 -1.48843e-10 -5.43577e-25  1.50124e-10  9.24708e-25 -1.06366e-10 -1.40968e-24  4.07778e-11  1.97653e-24  6.95052e-12 -2.60431e-24 -1.74786e-11  3.26192e-24  5.79789e-12 -3.88207e-24  3.32603e-12  4.33411e-24  -2.5734e-12 -4.41408e-24 -4.92909e-13  3.91294e-24  7.52343e-13 -2.80692e-24  1.00609e-13  1.41885e-24 -1.86054e-13  -2.7638e-25 -3.73169e-14 -2.95667e-25  3.79817e-14  3.95262e-25   1.4048e-14 -3.16902e-25 -5.10508e-15  2.26034e-25 -3.87873e-15 -1.37275e-25 -3.17985e-17   6.8373e-26  6.65324e-16 -5.75587e-26  2.00728e-16  8.49436e-26 -3.97779e-17 -9.23951e-26 -4.17309e-17  6.36336e-26 -8.64571e-18   -2.792e-26  2.23968e-18  7.86322e-27  1.78154e-18 -1.30496e-27  3.87651e-19  -4.1592e-28 -3.86085e-20  7.81514e-28 -4.86341e-20 -4.82209e-28 -1.37957e-20   1.2618e-28 -1.09805e-21 -4.68242e-31  5.67535e-22 -6.96495e-30   2.5468e-22  5.16329e-30  5.04936e-23 -4.72707e-30  3.18412e-24  1.94987e-30 -1.23938e-24 -1.77288e-31  -4.7467e-25 -7.33784e-32 -8.75088e-26  1.19116e-32 -8.78736e-27 -3.99568e-33  3.82227e-29  3.34801e-33  1.91672e-28 -5.40863e-34  3.91194e-29  2.48236e-36  4.69275e-30 -2.51713e-35  3.55655e-31  2.70608e-36  1.18214e-32    1.238e-36 -9.05497e-34 -8.07125e-38  -1.6867e-34 -4.47042e-39  -1.3261e-35  2.48491e-39 -6.35791e-37 -1.83404e-40 -1.86911e-38 -1.98187e-41 -2.95313e-40  5.32799e-43 -1.48353e-42 -5.79249e-46
 1.75593e-33  6.32637e-17 -4.63216e-32 -1.67885e-15  2.77502e-31  2.31205e-14  3.08996e-30 -2.07365e-13 -7.29226e-29  1.33445e-12  7.20804e-28 -6.49147e-12 -4.69156e-27  2.46135e-11  2.25675e-26 -7.40576e-11 -8.46341e-26  1.78393e-10  2.55421e-25 -3.44348e-10 -6.34136e-25  5.28398e-10  1.31878e-24 -6.31174e-10 -2.33927e-24  5.60202e-10  3.61529e-24 -3.27965e-10 -4.99635e-24  7.14478e-11  6.35238e-24  6.37992e-11  -7.6128e-24 -5.74589e-11  8.72896e-24  3.82623e-12 -9.63017e-24  1.63151e-11  1.01612e-23 -4.83646e-12 -9.95701e-24  -3.8816e-12  8.50441e-24  1.61242e-12 -5.69282e-24  9.79212e-13  2.37206e-24 -3.60747e-13  7.11783e-26 -2.63234e-13 -9.54462e-25  4.64163e-14  8.15491e-25  6.42278e-14 -5.40892e-25  3.71828e-15  4.24979e-25 -1.14675e-14 -3.17941e-25 -3.65678e-15  1.98868e-25  9.28491e-16 -1.84755e-25  8.67007e-16  2.44784e-25  1.34647e-16 -2.43671e-25 -7.77198e-17  1.56161e-25 -4.40159e-17 -6.31847e-26 -5.77015e-18  1.57801e-26  2.94133e-18 -1.95356e-27  1.64041e-18 -1.26049e-27  2.98738e-19  1.81339e-27 -3.86069e-20 -1.04087e-27 -3.73095e-20  2.50857e-28 -9.98838e-21  2.82528e-30 -9.08894e-22 -1.21988e-29  2.90583e-22  9.23045e-30   1.3988e-22 -9.06927e-30  2.91807e-23  3.64204e-30  2.79278e-24  -2.6288e-31 -2.71367e-25 -1.43626e-31 -1.59393e-25  1.18694e-32 -3.25099e-26 -2.88978e-33  -3.9447e-27  4.93325e-33 -2.29191e-28 -6.99602e-34  1.73327e-29 -2.90278e-35  6.15471e-30 -4.32839e-35  8.29746e-31  4.38001e-36  7.07814e-32  1.96534e-36  3.87684e-33 -1.04991e-37  1.01568e-34 -2.74042e-39 -2.97797e-36  3.35613e-39 -4.12487e-37 -2.03724e-40 -1.80697e-38 -1.91608e-41 -3.80021e-40  2.85621e-43 -2.72596e-42
-2.34425e-17  4.34024e-32  1.11812e-15 -6.66527e-31 -2.06757e-14  3.08996e-30  2.28803e-13  2.88528e-29 -1.74628e-12 -5.92849e-28  9.85826e-12   5.2122e-27 -4.28392e-11 -3.05816e-26  1.46743e-10  1.33762e-25 -4.01552e-10 -4.58597e-25  8.82383e-10  1.26867e-24 -1.55285e-09 -2.88813e-24  2.16111e-09  5.49749e-24 -2.31043e-09 -8.89501e-24   1.7767e-09  1.24901e-23 -8.07991e-10 -1.56351e-23 -8.01504e-12  1.79758e-23  2.77869e-10 -1.94469e-23 -1.33487e-10  2.01037e-23 -3.66806e-11 -2.01654e-23   5.0868e-11  1.98942e-23  5.91883e-13 -1.88435e-23 -1.43052e-11  1.56016e-23  6.36452e-13 -9.47259e-24  3.67393e-12  2.43264e-24  5.48769e-14  2.06364e-24 -8.53074e-13 -2.70208e-24 -1.37218e-13  1.43576e-24  1.55066e-13 -6.36691e-25  6.09834e-14  6.41636e-25 -1.44582e-14 -6.55063e-25 -1.47854e-14  4.97007e-25 -1.85745e-15 -4.92229e-25  1.76191e-15  6.10271e-25  8.42294e-16 -5.67083e-25  3.83537e-17  3.40481e-25 -9.49131e-17 -1.27008e-25 -3.77029e-17  2.75845e-26 -2.87184e-18 -1.98612e-27  2.79999e-18 -3.05859e-27  1.25802e-18  3.65227e-27  2.04441e-19 -1.97514e-27 -2.61868e-20   4.4818e-28 -2.32104e-20  5.85061e-30 -6.07787e-21 -1.72761e-29 -6.57526e-22  1.45703e-29  9.95697e-23  -1.5462e-29  5.91917e-23  6.02811e-30   1.3152e-23 -3.21196e-31  1.58584e-24 -2.49957e-31  2.34584e-26   4.6593e-33 -3.42426e-26  1.12372e-33 -8.26313e-27  6.55877e-33 -1.12269e-27 -7.54991e-34 -9.45974e-29 -8.69855e-35 -3.17508e-30 -6.95267e-35  3.91699e-31  6.65431e-36  7.66945e-32  2.81143e-36   6.9906e-33 -1.16951e-37   4.0363e-34  1.12149e-39  1.47366e-35  3.85625e-39  2.83537e-37 -1.86288e-40  3.03179e-40 -1.45873e-41 -8.24782e-41  9.89886e-44
-2.22395e-32 -5.40777e-16   7.0113e-31  1.46917e-14 -7.64978e-30 -2.07365e-13  2.88528e-29  1.90848e-12  2.31101e-28 -1.26202e-11 -4.18813e-27  6.31848e-11  3.30292e-26 -2.47031e-10 -1.75756e-25  7.68115e-10  7.02236e-25 -1.91744e-09 -2.20888e-24  3.84953e-09  5.61687e-24 -6.17535e-09 -1.17482e-23  7.77326e-09  2.04927e-23 -7.37812e-09  -3.0257e-23  4.79584e-09   3.8593e-23 -1.47092e-09  -4.3736e-23 -6.33434e-10  4.53758e-23  8.54194e-10  -4.3887e-23 -1.78017e-10  3.97949e-23  -2.0589e-10 -3.47187e-23  1.05628e-10  3.11345e-23  4.15257e-11 -2.89291e-23 -3.34158e-11  2.36851e-23 -9.91401e-12 -1.21131e-23  8.26461e-12 -1.46955e-24  3.02479e-12  8.59901e-24 -1.54805e-12  -6.8457e-24 -9.13633e-13  2.05869e-24   1.4404e-13 -3.25864e-26  2.13245e-13  6.46012e-25  2.73313e-14 -1.21017e-24 -2.99205e-14  1.10115e-24 -1.34213e-14 -1.14132e-24  4.20407e-16  1.34881e-24  2.08201e-15 -1.18351e-24  6.47805e-16  6.69172e-25 -3.67229e-17 -2.30106e-25  -8.8128e-17   4.2274e-26 -2.73274e-17 -1.63106e-28 -1.03802e-18 -6.27047e-27  2.09489e-18  6.46632e-27  8.19775e-19   -3.339e-27  1.27022e-19  7.36823e-28 -1.21725e-20  -1.4272e-30 -1.16922e-20  -1.9111e-29 -3.08307e-21  2.09385e-29 -3.91093e-22 -2.37239e-29   1.4465e-23  8.94052e-30  1.85439e-23 -3.07279e-31  4.50275e-24 -3.91474e-31  6.24824e-25 -1.21057e-32  4.18586e-26  8.14536e-33 -3.15509e-27  7.99669e-33 -1.32285e-27 -6.20429e-34 -2.01476e-28 -1.73336e-34 -1.92954e-29 -1.03957e-34 -1.16285e-30  9.46027e-36 -2.76035e-32  3.65287e-36  2.32643e-33 -1.08221e-37  2.98204e-34  6.39634e-39  1.65569e-35   3.8061e-39  5.22056e-37 -1.41483e-40  8.54881e-39 -8.46482e-42  4.37763e-41
 1.66141e-16 -4.67863e-31 -8.11343e-15  8.61555e-30  1.53776e-13 -7.29226e-29 -1.74628e-12  2.31101e-28  1.36952e-11  1.61446e-27 -7.95616e-11 -2.60716e-26  3.56406e-10  1.85738e-25 -1.26109e-09 -9.01027e-25  3.57353e-09  3.30177e-24 -8.15737e-09 -9.55814e-24  1.49763e-08  2.23929e-23 -2.18784e-08 -4.30979e-23  2.48041e-08   6.8932e-23 -2.06537e-08 -9.28442e-23  1.08737e-08   1.0749e-22 -1.30384e-09 -1.10257e-22 -2.91615e-09  1.03134e-22  1.96397e-09 -8.80097e-23  1.34746e-10  6.61979e-23    -6.53e-10 -4.40872e-23    1.054e-10  3.21236e-23  1.72418e-10 -3.14167e-23 -4.20076e-11  2.76229e-23 -4.49335e-11 -8.62731e-24  8.69312e-12 -1.60058e-23  1.15975e-11  2.56025e-23 -4.22673e-13 -1.57404e-23 -2.59502e-12  1.95031e-24 -4.52366e-13  2.63408e-24  3.98335e-13 -1.54999e-25  1.88233e-13 -2.00391e-24  -1.5147e-14  2.20293e-24 -3.52065e-14 -2.36057e-24 -8.97229e-15  2.68317e-24  2.01236e-15 -2.24015e-24  1.87465e-15  1.19848e-24  4.08785e-16 -3.80119e-25 -6.75091e-17   5.6619e-26 -6.66547e-17  5.38987e-27 -1.72747e-17 -1.11645e-26 -2.90883e-19   1.0118e-26  1.26989e-18 -5.06951e-27  4.57159e-19  1.13894e-27  7.13678e-20  -4.0804e-29  -3.1808e-21 -1.45307e-29 -4.68627e-21  2.84766e-29 -1.27938e-21 -3.30034e-29 -1.84326e-22  1.19566e-29 -6.32582e-24 -1.89538e-31   3.9056e-24 -5.55163e-31  1.12292e-24  -3.7268e-32  1.72021e-25  1.65864e-32  1.59825e-26  8.99456e-33  5.24116e-28 -2.24717e-34 -1.01357e-28 -2.83244e-34 -2.09828e-29 -1.43645e-34 -2.16377e-30  1.24776e-35 -1.44089e-31   4.3168e-36 -6.07091e-33  -7.6892e-38 -1.20263e-34  1.16292e-38  2.07883e-36  3.23725e-39  1.87596e-37 -8.89087e-41  3.77522e-39 -3.31905e-42
 1.90706e-31   3.3079e-15 -6.54621e-30 -9.21238e-14  8.59023e-29  1.33445e-12 -5.92849e-28 -1.26202e-11  1.61446e-27  8.58775e-11   9.9639e-27 -4.43161e-10 -1.44582e-25  1.78919e-09  9.36031e-25 -5.75791e-09  -4.1582e-24  1.49179e-08  1.40239e-23 -3.11967e-08  -3.7463e-23  5.23904e-08  8.10188e-23 -6.95638e-08 -1.43629e-22  7.05938e-08  2.10624e-22 -5.06286e-08 -2.58469e-22  1.98272e-08  2.71182e-22  3.30034e-09 -2.51845e-22 -8.83936e-09  2.12671e-22  3.16691e-09   -1.571e-22   1.6531e-09  8.54397e-23 -1.44239e-09 -1.84857e-23 -2.10109e-10 -9.16599e-24  4.37007e-10 -5.33548e-24  3.43033e-11  1.74411e-23 -1.14119e-10  9.75544e-24 -1.54137e-11 -5.34711e-23  2.55164e-11  6.38635e-23  7.30362e-12  -3.3192e-23 -4.12092e-12 -7.43137e-25 -2.39061e-12   1.0114e-23  1.99632e-13 -2.98262e-24  4.87698e-13 -2.94857e-24  1.09289e-13  4.02722e-24 -4.38354e-14 -4.41837e-24 -3.06103e-14  4.85264e-24 -4.23901e-15 -3.87785e-24   2.4867e-15  1.97321e-24  1.38361e-15 -5.78263e-25  2.18316e-16  6.49382e-26  -6.2262e-17  1.70397e-26  -4.2436e-17 -1.75222e-26 -9.72522e-18   1.3953e-26 -1.32529e-19 -6.93781e-27  6.27805e-19  1.68705e-27   2.1728e-19 -1.46785e-28  3.53623e-20 -3.11325e-30  3.28732e-22  3.83831e-29 -1.43541e-21 -4.17327e-29 -4.22177e-22  1.44466e-29 -6.70533e-23  1.93964e-32 -5.16565e-24  -7.1322e-31  3.79868e-25 -6.47999e-32  1.88706e-25  2.30381e-32  3.21655e-26  9.24681e-33  3.40841e-27  4.50536e-34   2.2015e-28 -4.03783e-34    3.729e-30 -1.82079e-34 -9.36319e-31   1.5137e-35 -1.21198e-31  4.62535e-36 -8.04633e-33 -3.11176e-38 -3.29029e-34  1.51592e-38  -7.8927e-36  2.36279e-39 -8.67394e-38 -4.47699e-41 -1.08773e-40
-8.67213e-16    3.509e-30   4.3421e-14  -7.0616e-29 -8.44722e-13  7.20804e-28  9.85826e-12 -4.18813e-27 -7.95616e-11   9.9639e-27  4.76381e-10  5.48799e-26 -2.20331e-09 -7.20546e-25  8.06595e-09  4.26088e-24 -2.37067e-08 -1.74022e-23  5.63063e-08   5.4182e-23 -1.08009e-07 -1.33879e-22  1.65849e-07  2.67676e-22 -1.99536e-07 -4.37323e-22  1.79609e-07  5.87489e-22 -1.07678e-07 -6.55244e-22  2.50203e-08  6.21286e-22  2.09571e-08 -5.23046e-22 -2.03546e-08  4.00967e-22  2.08445e-09  -2.4904e-22  5.79937e-09  5.67466e-23  -2.0908e-09  1.13319e-22 -1.36202e-09 -1.61485e-22  7.24276e-10  8.79256e-23  3.46786e-10 -2.03159e-23 -1.79088e-10  5.50379e-23 -9.96737e-11  -1.3405e-22  2.99976e-11  1.41243e-22    2.723e-11 -6.47137e-23  -9.5291e-13 -9.85968e-24 -5.69207e-12  2.72605e-23 -1.28691e-12 -9.96419e-24  6.54012e-13 -3.77181e-24  4.12823e-13  6.78277e-24  2.87267e-14 -7.55106e-24 -5.09174e-14   8.0338e-24 -2.13394e-14  -6.1792e-24 -1.03788e-15  3.00909e-24  2.12188e-15 -8.17553e-25   8.7075e-16  5.95753e-26  1.02828e-16  3.73794e-26 -4.16836e-17  -2.4391e-26 -2.30948e-17  1.66913e-26 -4.92064e-18 -8.54692e-27  -1.3062e-19  2.42974e-27  2.50147e-19 -3.61619e-28  8.67693e-20   9.5196e-30  1.49289e-20  5.32574e-29  8.18482e-22 -4.77918e-29 -3.06122e-22  1.57192e-29 -1.06301e-22  2.39814e-31  -1.8311e-23 -8.24179e-31 -1.86415e-24 -8.45276e-32  -5.7558e-26  2.29531e-32  1.73081e-26   8.3752e-33  3.79249e-27  1.33411e-33  4.34238e-28 -5.15253e-34  3.23133e-29 -2.10334e-34  1.47899e-30  1.67796e-35  2.19166e-32  4.46323e-36 -2.11366e-33   1.3269e-38 -1.67646e-34  1.58322e-38 -5.49706e-36   1.4549e-39 -7.78057e-38 -1.59591e-41
-1.20971e-30 -1.52487e-14  4.34143e-29   4.3599e-13 -6.24718e-28 -6.49147e-12   5.2122e-27  6.31848e-11 -2.60716e-26 -4.43161e-10  5.48799e-26  2.36101e-09     2.72e-25 -9.86004e-09 -3.25038e-24  3.28976e-08  1.76346e-23 -8.86124e-08 -6.64458e-23  1.93349e-07   1.9151e-22 -3.40449e-07 -4.38575e-22  4.77421e-07  8.11648e-22 -5.18052e-07 -1.22209e-21  4.08051e-07  1.50129e-21 -1.93774e-07 -1.51572e-21  3.41302e-09  1.29307e-21  6.65368e-08 -9.90101e-22 -3.57162e-08  6.98539e-22 -7.42983e-09 -3.48194e-22  1.36698e-08 -1.09901e-22 -7.54069e-10  4.95461e-22 -3.91047e-09 -5.50875e-22  5.01285e-10  3.06261e-22  1.04852e-09  -9.5902e-23 -8.30481e-11  1.39761e-22 -2.65147e-10 -2.88168e-22 -1.70658e-11  2.84894e-22  5.57672e-11 -1.17408e-22  1.53512e-11 -3.22353e-23 -7.36266e-12   6.1608e-23 -4.83949e-12 -2.42724e-23 -1.08097e-13 -3.97496e-24  7.64264e-13  1.05842e-23  2.64583e-13 -1.18464e-23 -2.05655e-14  1.22325e-23 -4.24025e-14 -9.11164e-24 -1.24447e-14  4.27976e-24  3.75868e-16 -1.08364e-24    1.436e-15  3.18154e-26  4.79158e-16  6.89323e-26  4.54693e-17 -3.00266e-26 -2.18777e-17  1.65336e-26   -1.078e-17 -9.39624e-27 -2.22611e-18   3.4297e-27   -1.114e-19 -7.24049e-28  7.75585e-20  9.85882e-30  2.84208e-20   7.6636e-29  5.18062e-21 -4.88792e-29  4.58173e-22  1.52167e-29 -3.21283e-23  3.27168e-31  -1.9063e-23 -8.38998e-31 -3.60972e-24 -8.52057e-32 -4.18135e-25  1.20254e-32 -2.82055e-26  5.97938e-33 -1.09039e-28  2.25209e-33  2.29386e-28 -5.95978e-34  3.08346e-29 -2.20055e-34  2.34972e-30  1.69179e-35  1.15068e-31   3.8379e-36   3.4141e-33   4.1055e-38  4.39294e-35  1.35705e-38 -3.77564e-37  7.22194e-40 -1.10373e-38
 3.46712e-15 -1.97762e-29 -1.78277e-13  4.17832e-28  3.56582e-12 -4.69156e-27 -4.28392e-11  3.30292e-26  3.56406e-10 -1.44582e-25 -2.20331e-09     2.72e-25  1.05403e-08  1.22147e-24 -3.99944e-08 -1.33524e-23  1.22144e-07  6.67235e-23 -3.02399e-07 -2.32661e-22  6.07142e-07  6.22255e-22 -9.81432e-07 -1.32301e-21  1.25426e-06  2.26818e-21 -1.21923e-06 -3.14574e-21  8.22839e-07  3.52371e-21 -2.75644e-07 -3.20043e-21 -9.76625e-08  2.43986e-21  1.56212e-07 -1.71228e-21 -4.16571e-08  1.14398e-21 -3.58858e-08 -4.23906e-22  2.32182e-08 -5.84322e-22  6.41362e-09  1.38624e-21 -7.55403e-09 -1.37976e-21 -1.40097e-09  7.18688e-22  2.01154e-09  -2.0214e-22  4.81514e-10  2.72392e-22 -4.36884e-10 -5.58814e-22 -1.77685e-10  5.32803e-22  6.21619e-11 -1.99244e-22  5.07111e-11 -7.84875e-23   5.8091e-13  1.23365e-22 -9.18963e-12  -4.9899e-23 -2.83831e-12 -2.88508e-24  5.92751e-13  1.53575e-23  6.25065e-13 -1.71058e-23   1.3034e-13  1.71812e-23 -3.58339e-14   -1.249e-23 -2.84745e-14  5.71575e-24 -6.26726e-15  -1.3579e-24  6.34989e-16 -2.73329e-26   8.0937e-16   1.1386e-25  2.34117e-16 -3.21149e-26   2.0201e-17  1.15365e-26 -9.13845e-18 -9.00625e-27 -4.28529e-18  4.74963e-27 -8.84067e-19 -1.25467e-27 -6.80123e-20 -2.21155e-29   1.7172e-20  1.11633e-28  7.36336e-21 -4.30149e-29  1.42471e-21   1.2676e-29  1.58186e-22  1.06374e-31  4.39154e-24 -7.12287e-31 -2.07439e-24 -5.90734e-32 -4.80833e-25 -1.21682e-32  -6.0198e-26  1.78267e-33 -4.87311e-27  2.95978e-33 -2.27145e-28 -6.29347e-34  8.77589e-32 -2.07007e-34  9.30337e-31  1.54591e-35  7.70015e-32  2.89414e-36  3.35341e-33  4.63142e-38  8.10955e-35  9.43807e-39  8.79356e-37  2.52854e-40
   5.988e-30  5.45922e-14 -2.19046e-28 -1.60537e-12  3.32245e-27  2.46135e-11 -3.05816e-26 -2.47031e-10  1.85738e-25  1.78919e-09 -7.20546e-25 -9.86004e-09  1.22147e-24  4.26765e-08  4.99895e-24 -1.47911e-07 -5.02088e-23  4.15021e-07  2.31895e-22 -9.46671e-07 -7.50367e-22  1.75088e-06  1.86624e-21 -2.59696e-06 -3.68923e-21  3.01467e-06  5.86216e-21 -2.59942e-06 -7.48025e-21  1.45133e-06  7.60786e-21 -2.36417e-07 -6.15784e-21  -3.6705e-07  4.15101e-21  2.88641e-07 -2.71643e-21 -3.00783e-09  1.81109e-21 -9.37115e-08  -4.3994e-22  2.44046e-08 -1.65444e-21  2.42923e-08  3.20262e-21 -9.44077e-09 -2.93305e-21 -6.46237e-09  1.38055e-21  2.33922e-09 -2.92994e-22  1.82158e-09  4.52664e-22 -3.37433e-10 -1.00355e-21 -4.73146e-10  9.33551e-22 -2.23255e-11 -3.17585e-22  9.18111e-11  -1.6296e-22  2.83332e-11  2.24277e-22  -8.5973e-12 -9.08418e-23 -7.45595e-12  1.53136e-25  -1.0359e-12  2.07532e-23  7.58072e-13 -2.27344e-23  4.05521e-13   2.2292e-23  4.70056e-14 -1.59834e-23 -3.07883e-14  7.21912e-24 -1.62032e-14 -1.62084e-24 -2.81526e-15 -1.26961e-25  4.46028e-16  1.73575e-25  3.87495e-16 -2.82503e-26   1.0211e-16  1.95942e-28  9.16615e-18 -7.06593e-27 -2.97662e-18  6.42783e-27 -1.42595e-18 -1.94329e-27 -2.99763e-19 -1.07936e-28 -3.04107e-20  1.59208e-28  1.98088e-21 -2.90426e-29   1.4235e-21  8.18078e-30  2.97712e-22  -5.7247e-31  3.73087e-23 -4.17701e-31  2.55657e-24 -6.08853e-33 -4.77309e-26 -4.88616e-32 -3.74224e-26 -4.17135e-33 -5.27037e-27  3.21992e-33 -4.47294e-28 -6.09826e-34 -2.47597e-29 -1.73301e-34  -8.0075e-31   1.2758e-35 -5.52073e-33  1.86521e-36   6.7977e-34  3.47382e-38  2.60569e-35  5.07987e-39  2.64209e-37
-1.08619e-14  8.77956e-29  5.74689e-13 -1.89958e-27 -1.18415e-11  2.25675e-26  1.46743e-10 -1.75756e-25 -1.26109e-09  9.36031e-25  8.06595e-09 -3.25038e-24 -3.99944e-08  4.99895e-24  1.57626e-07  1.87383e-23 -5.01278e-07 -1.73594e-22  1.29634e-06  7.43327e-22 -2.72971e-06 -2.23756e-21  4.65367e-06  5.18486e-21  -6.3256e-06 -9.54107e-21  6.63773e-06  1.40537e-20 -5.00239e-06 -1.64689e-20    2.164e-06  1.51156e-20  1.83655e-07 -1.07463e-20 -9.07709e-07  6.29793e-21  4.07049e-07 -3.99077e-21  1.41908e-07  2.87991e-21  -1.7727e-07 -3.76367e-22 -5.10423e-09 -3.77018e-21  5.42568e-08  6.55192e-21 -2.56623e-09 -5.55385e-21 -1.49804e-08  2.28799e-21  1.17423e-11 -2.59955e-22  3.77003e-09  6.70147e-22  5.22616e-10 -1.69531e-21 -7.61698e-10  1.54293e-21  -2.7525e-10 -4.77025e-22  8.69817e-11 -3.02194e-22  7.61115e-11  3.74998e-22  6.80829e-12 -1.49631e-22 -1.06268e-11   5.4536e-24 -4.56208e-12  2.60966e-23 -1.21308e-14 -2.77163e-23  6.11078e-13  2.67062e-23  2.20115e-13  -1.9178e-23   9.5659e-15    8.691e-24 -1.96439e-14 -1.85393e-24 -8.02664e-15 -2.76621e-25 -1.16936e-15  2.48084e-25   2.1821e-16 -1.65352e-26  1.58219e-16 -1.79364e-26  3.95234e-17 -3.54625e-27  4.00614e-18  8.45279e-27 -7.02754e-19 -2.74361e-27 -3.85848e-19 -2.63563e-28 -8.38999e-20  2.17024e-28 -1.01262e-20 -6.97563e-30 -2.37163e-22  2.08643e-30  1.82093e-22 -1.78159e-30  4.45844e-23  3.54888e-32  6.02296e-24  6.41503e-32  5.17126e-25 -9.36803e-32  2.24474e-26 -1.13723e-32 -8.55053e-28  2.89911e-33 -2.36877e-28 -5.44633e-34 -2.10423e-29 -1.26908e-34 -1.11198e-30  9.46933e-36 -3.60039e-32  9.80356e-37 -6.26943e-34  1.80854e-38  -3.6202e-36  1.84625e-39
-2.40093e-29 -1.54417e-13  8.77017e-28  4.68045e-12 -1.36861e-26 -7.40576e-11  1.33762e-25  7.68115e-10 -9.01027e-25 -5.75791e-09  4.26088e-24  3.28976e-08 -1.33524e-23 -1.47911e-07  1.87383e-23  5.33747e-07  6.46143e-23 -1.56365e-06 -5.54023e-22  3.73702e-06  2.20552e-21 -7.27534e-06 -6.18981e-21  1.14341e-05  1.33852e-20 -1.42128e-05 -2.29502e-20  1.33875e-05  3.13297e-20 -8.61639e-06 -3.36273e-20  2.48109e-06  2.76109e-20  1.41547e-06 -1.68461e-20  -1.7569e-06  8.33376e-21  3.50306e-07 -5.54857e-21  4.63745e-07   4.7643e-21 -2.44897e-07 -2.51702e-22 -9.71107e-08 -7.58659e-21   8.5398e-08   1.2223e-20  2.33938e-08   -9.571e-21  -2.3316e-08  3.31541e-21 -7.57959e-09  8.35089e-23  4.98449e-09  9.09262e-22  2.56373e-09 -2.72021e-21 -6.27399e-10  2.41629e-21 -6.86144e-10 -6.76785e-22  -4.9613e-11  -5.1167e-22   1.1521e-10  5.81081e-22  4.36057e-11 -2.25421e-22 -5.01781e-12  1.26233e-23 -8.38141e-12  3.04043e-23 -2.19125e-12 -3.07209e-23  3.27408e-13   2.9451e-23  3.84675e-13 -2.16848e-23  1.03405e-13  1.00639e-23  -1.6014e-15 -2.03857e-24 -1.01864e-14 -4.86537e-25 -3.51247e-15  3.34998e-25 -4.63137e-16  3.87165e-27  7.96455e-17 -4.18426e-26  5.46588e-17   1.2723e-27  1.33516e-17  1.07504e-26  1.55396e-18 -3.57848e-27 -9.10302e-20 -4.93062e-28 -8.10081e-20  2.79768e-28 -1.86281e-20  2.19454e-29 -2.50248e-21 -5.12755e-30  -1.6862e-22 -3.49049e-30  9.49314e-24   5.9057e-31  4.30424e-24  1.34096e-31  6.35441e-25 -1.39394e-31  5.85675e-26 -1.88498e-32  3.48102e-27  2.03555e-33   1.0469e-28 -4.50164e-34 -2.13102e-30 -7.85905e-35 -3.88835e-31  6.28581e-36 -1.84518e-32    3.776e-37 -4.12416e-34  5.81736e-39 -3.11963e-36
 2.69852e-14 -3.17475e-28 -1.47266e-12  6.89306e-27  3.13365e-11 -8.46341e-26 -4.01552e-10  7.02236e-25  3.57353e-09  -4.1582e-24 -2.37067e-08  1.76346e-23  1.22144e-07 -5.02088e-23 -5.01278e-07  6.46143e-23  1.66418e-06  2.05748e-22 -4.50663e-06 -1.63782e-21  9.97652e-06  6.07671e-21 -1.79772e-05 -1.59319e-20  2.60342e-05  3.21971e-20 -2.94972e-05  -5.1473e-20  2.46868e-05  6.50812e-20 -1.30489e-05 -6.37453e-20  1.35312e-06  4.62375e-20  3.97913e-06 -2.32562e-20 -2.73295e-06  9.14536e-21 -1.73637e-07 -7.62114e-21    9.847e-07  8.27425e-21 -1.93604e-07 -1.14318e-22 -2.74321e-07 -1.39906e-20  8.50733e-08  2.11025e-20   7.5777e-08 -1.51701e-20 -2.13034e-08  4.15244e-21 -2.14281e-08  9.96664e-22  2.58284e-09  1.16129e-21  5.47128e-09 -4.16986e-21   5.4597e-10  3.59642e-21 -1.01962e-09  -9.0807e-22 -3.78897e-10 -8.01314e-22  7.93907e-11  8.38488e-22  9.05031e-11 -3.12209e-22  1.67833e-11  2.03176e-23 -7.91744e-12  3.24919e-23 -5.13044e-12 -3.03431e-23 -8.21629e-13  2.96593e-23  3.09802e-13 -2.32561e-23  2.02607e-13  1.13282e-23    4.328e-14 -2.15344e-24 -2.55199e-15 -7.66706e-25 -4.42905e-15  4.28413e-25 -1.36375e-15  3.23804e-26 -1.75998e-16  -6.9034e-26  2.09174e-17  6.88105e-27  1.56618e-17  1.31954e-26   3.8354e-18 -4.35452e-27  5.02186e-19 -7.85684e-28  8.96455e-21  3.41093e-28 -1.20782e-20  5.55232e-29 -3.11746e-21 -1.29816e-29  -4.4901e-22 -5.57677e-30 -3.98117e-23  1.14442e-30 -1.35692e-24  1.83514e-31  1.94401e-25 -1.77702e-31  3.91179e-26 -2.53748e-32  3.72875e-27  8.38994e-34  2.25629e-28 -3.45403e-34  8.62901e-30 -3.78899e-35  1.73303e-31  3.70271e-36  1.24959e-34  6.90377e-38 -5.32795e-35  6.02949e-40
  8.0284e-29  3.47752e-13 -2.87176e-27 -1.08945e-11  4.52058e-26  1.78393e-10 -4.58597e-25 -1.91744e-09  3.30177e-24  1.49179e-08 -1.74022e-23 -8.86124e-08  6.67235e-23  4.15021e-07 -1.73594e-22 -1.56365e-06  2.05748e-22  4.79597e-06  6.07065e-22 -1.20417e-05 -4.49882e-21  2.47398e-05  1.55919e-20 -4.12915e-05 -3.82555e-20  5.50387e-05  7.23386e-20 -5.65727e-05 -1.07874e-19  4.14313e-05  1.26191e-19 -1.66843e-05 -1.12225e-19 -2.93835e-06  7.05698e-20  8.19988e-06 -2.70217e-20  -3.2419e-06  7.13209e-21 -1.53252e-06 -1.10058e-20  1.57959e-06  1.47348e-20   1.3809e-07  3.90317e-23 -5.12552e-07 -2.40837e-20 -1.64386e-09  3.39896e-20  1.46192e-07 -2.22248e-20  6.86665e-09   4.2691e-21 -3.72089e-08  2.77626e-21 -6.92966e-09  1.43932e-21  7.41661e-09 -6.12655e-21  3.13828e-09  5.09861e-21  -7.6041e-10 -1.15172e-21 -8.22651e-10 -1.17115e-21  -1.0681e-10  1.13011e-21  1.06713e-10 -3.98012e-22  5.27156e-11  2.62882e-23  2.51277e-12  3.11867e-23 -6.31578e-12 -2.54243e-23 -2.60873e-12  2.67727e-23 -2.25523e-13 -2.38683e-23  1.92862e-13   1.2544e-23  9.22303e-14 -2.17213e-24  1.65911e-14 -1.12428e-24 -1.32706e-15  5.18179e-25 -1.62697e-15  6.67733e-26 -4.66961e-16   -9.603e-26 -6.24217e-17  1.27122e-26  3.14761e-18   1.5649e-26  3.59378e-18 -4.98179e-27   9.0559e-19 -1.11728e-27  1.29333e-19  3.96401e-28  8.21334e-21  9.11086e-29 -9.85808e-22 -2.10233e-29 -3.63142e-22  -7.8605e-30 -5.59913e-23  1.56783e-30 -5.47249e-24  1.96705e-31 -3.29565e-25 -2.01492e-31 -6.14862e-27 -2.97959e-32  9.77049e-28 -3.82881e-34  1.14909e-28 -2.46027e-34  6.43777e-30 -1.01591e-35   2.0726e-31  1.91295e-36  3.46728e-33  -2.8527e-38   1.8653e-35
-5.33277e-14  9.60475e-28  3.01132e-12 -2.05154e-26 -6.63822e-11  2.55421e-25  8.82383e-10 -2.20888e-24 -8.15737e-09  1.40239e-23  5.63063e-08 -6.64458e-23 -3.02399e-07  2.31895e-22  1.29634e-06 -5.54023e-22 -4.50663e-06  6.07065e-22  1.28183e-05  1.66478e-21 -2.99197e-05 -1.15144e-20  5.71403e-05  3.73528e-20 -8.83575e-05 -8.58988e-20  0.000108195  1.52131e-19 -0.000100205 -2.11645e-19  6.26985e-05  2.28691e-19 -1.60102e-05 -1.83398e-19 -1.25206e-05  9.70558e-20   1.3686e-05  -2.3037e-20 -2.15746e-06  7.03987e-22 -3.97297e-06 -1.75013e-20  1.87238e-06  2.59285e-20  9.08796e-07  4.45336e-22 -6.95719e-07 -3.90823e-20 -2.31044e-07  5.13141e-20  1.96231e-07 -3.01384e-20  7.45725e-08  2.94207e-21 -4.22176e-08  5.69333e-21 -2.47747e-08  1.78772e-21  4.93144e-09 -8.64213e-21  6.53714e-09  6.89629e-21  6.84358e-10 -1.37641e-21 -1.06508e-09 -1.60889e-21 -4.51377e-10  1.42503e-21  3.20663e-11  -4.6575e-22   8.1593e-11  2.78165e-23  2.41199e-11  2.56483e-23  -2.2149e-12 -1.53623e-23 -3.77919e-12  2.06388e-23  -1.1443e-12 -2.37364e-23 -3.38449e-14  1.38342e-23  9.42091e-14 -2.06296e-24  3.68785e-14 -1.55931e-24  5.94926e-15  5.90185e-25 -4.32721e-16  1.03109e-25 -5.01007e-16  -1.1923e-25 -1.38722e-16  1.83355e-26 -1.96878e-17  1.80139e-26 -2.18255e-19 -5.39177e-27  6.19872e-19 -1.45486e-27  1.68261e-19  4.45033e-28  2.55435e-20  1.26133e-28  2.26626e-21 -2.87613e-29  3.37477e-23 -1.01398e-29  -2.4642e-23  1.74385e-30 -4.47254e-24  1.68923e-31 -4.52902e-25  -2.0677e-31 -2.99374e-26 -3.13828e-32 -1.21631e-27 -1.33818e-33 -1.81162e-29 -1.61707e-34  9.32861e-31  4.18559e-36  5.81884e-32  8.49179e-37  1.11899e-33 -2.59654e-38
-2.29481e-28 -6.22954e-13  7.88161e-27  2.02461e-11 -1.22703e-25 -3.44348e-10  1.26867e-24  3.84953e-09 -9.55814e-24 -3.11967e-08   5.4182e-23  1.93349e-07 -2.32661e-22 -9.46671e-07  7.43327e-22  3.73702e-06 -1.63782e-21 -1.20417e-05  1.66478e-21  3.18695e-05  4.25505e-21 -6.93175e-05 -2.75301e-20  0.000123213  8.37458e-20 -0.000176484 -1.80752e-19  0.000197955  3.00052e-19 -0.000163572 -3.89361e-19  8.39675e-05  3.87727e-19  -5.3406e-06 -2.77739e-19 -2.90705e-05  1.17538e-19  1.86846e-05 -4.41908e-21  2.04198e-06 -1.07134e-20 -7.27675e-06 -3.02334e-20  1.21243e-06  4.37232e-20  2.13904e-06  1.83546e-21 -5.96759e-07 -6.01055e-20 -6.12487e-07  7.28154e-20  1.53892e-07 -3.77743e-20  1.76993e-07 -6.36883e-22 -1.69263e-08  9.91925e-21 -4.57816e-08  2.27752e-21 -5.64075e-09 -1.17158e-20    8.529e-09  8.91198e-21  3.45231e-09 -1.53775e-21 -6.03758e-10 -2.09087e-21 -8.05026e-10  1.68159e-21 -1.68639e-10 -4.96184e-22  6.51261e-11  2.24596e-23  4.72683e-11  1.57729e-23   8.7364e-12 -3.05501e-25 -2.44621e-12  1.14549e-23  -1.8648e-12 -2.32539e-23 -4.45622e-13  1.53598e-23  4.99498e-15 -1.79118e-24  3.79652e-14 -2.05979e-24  1.30134e-14  6.28102e-25  2.00249e-15  1.35661e-25 -8.13442e-17 -1.35946e-25 -1.26464e-16  2.36039e-26 -3.48389e-17  2.02832e-26  -5.2488e-18 -5.54725e-27 -2.95227e-19 -1.76187e-27  6.92862e-20   4.9058e-28  2.31342e-20  1.58448e-28  3.70144e-21 -3.55851e-29  3.73941e-22 -1.22116e-29  2.09347e-23  1.61167e-30 -2.77406e-25  1.08989e-31 -1.89372e-25 -1.93601e-31 -2.07087e-26 -3.00321e-32  -1.3161e-27 -1.85077e-33 -5.24431e-29 -9.65198e-35 -1.20235e-30  8.35747e-36 -1.12553e-32  3.09715e-37  1.82567e-35
 8.33015e-14 -2.48921e-27 -4.88884e-12  5.12123e-26  1.12135e-10 -6.34136e-25 -1.55285e-09  5.61687e-24  1.49763e-08  -3.7463e-23 -1.08009e-07   1.9151e-22  6.07142e-07 -7.50367e-22 -2.72971e-06  2.20552e-21  9.97652e-06 -4.49882e-21 -2.99197e-05  4.25505e-21  7.39077e-05  1.01621e-20  -0.00015011 -6.16327e-20  0.000248584  1.76098e-19 -0.000329568 -3.57132e-19  0.000337183   5.5597e-19 -0.000244968 -6.72575e-19  9.54122e-05  6.15292e-19  2.24595e-05 -3.88428e-19 -5.23033e-05  1.18706e-19  1.96444e-05  3.59221e-20  1.07071e-05 -2.53287e-20   -1.038e-05 -5.35778e-20 -1.16454e-06  6.93348e-20  3.53564e-06  5.67478e-21  7.09393e-08 -8.78497e-20 -1.04615e-06  9.72974e-20  -6.4341e-08 -4.35555e-20  2.74209e-07 -7.17841e-21  5.53338e-08  1.54693e-20 -5.58131e-08  2.98453e-21 -2.48972e-08 -1.52791e-20  5.63469e-09  1.10178e-20  6.58183e-09 -1.57884e-21  9.48185e-10 -2.58635e-21 -8.45168e-10  1.85439e-21 -4.42548e-10 -4.72522e-22 -2.90254e-11  8.86744e-24  5.10356e-11  2.61497e-24  2.25437e-11  1.88349e-23  2.42093e-12 -4.16703e-25 -1.50008e-12 -2.28829e-23 -7.89435e-13  1.72805e-23 -1.57985e-13 -1.32253e-24  5.04145e-15 -2.59722e-24  1.27902e-14  6.16578e-25  4.02838e-15  1.56952e-25  6.19863e-16 -1.45293e-25   1.9819e-18  2.86845e-26 -2.50727e-17  2.25602e-26 -7.13892e-18 -5.44088e-27 -1.12911e-18 -2.00217e-27 -9.61017e-20  5.38908e-28  2.08631e-21  1.86373e-28  2.10852e-21 -4.07738e-29  3.69258e-22 -1.38802e-29  3.91127e-23   1.1959e-30  2.68881e-24  3.64164e-32  9.93735e-26 -1.65805e-31 -1.24059e-27 -2.62627e-32  -4.0011e-28 -1.90317e-33 -2.42372e-29 -5.06915e-35   -7.353e-31  6.93409e-36 -1.00361e-32  8.14412e-38
 5.73041e-28  8.77784e-13  -1.8542e-26 -2.97543e-11  2.79275e-25  5.28398e-10 -2.88813e-24 -6.17535e-09  2.23929e-23  5.23904e-08 -1.33879e-22 -3.40449e-07  6.22255e-22  1.75088e-06 -2.23756e-21 -7.27534e-06  6.07671e-21  2.47398e-05 -1.15144e-20 -6.93175e-05  1.01621e-20   0.00016027  2.27307e-20 -0.000304534 -1.29478e-19  0.000470138  3.47989e-19 -0.000576125 -6.63751e-19  0.000534413   9.6928e-19   -0.0003337 -1.09209e-18   8.1322e-05  9.13917e-19  7.37401e-05 -4.98441e-19 -7.81547e-05  8.34279e-20  1.14734e-05  1.02469e-19  2.40083e-05 -3.77645e-20 -1.11952e-05 -9.24231e-20 -5.73494e-06  1.02356e-19  4.37358e-06   1.4225e-20  1.50477e-06 -1.22208e-19 -1.28512e-06  1.22602e-19  -4.9969e-07 -4.57709e-20  2.87033e-07 -1.70834e-20  1.71429e-07  2.21909e-20 -3.46601e-08  3.95712e-21 -4.67045e-08 -1.91973e-20  -5.0258e-09  1.30474e-20  7.80015e-09 -1.43358e-21  3.38193e-09 -3.06372e-21 -2.19583e-10  1.90359e-21  -6.1756e-10 -3.85596e-22 -1.89522e-10 -1.26554e-23  1.43861e-11 -1.12923e-23  2.90083e-11  4.05626e-23  9.23057e-12 -1.46737e-23  4.50654e-13 -2.30373e-23 -6.96372e-13  1.97067e-23 -2.92104e-13 -6.26908e-25 -5.19285e-14 -3.12403e-24  1.50985e-15  5.45334e-25  3.57806e-15  1.58096e-25   1.0761e-15 -1.48654e-25  1.69776e-16  3.39515e-26  7.60276e-18  2.50279e-26 -3.57952e-18 -5.08413e-27  -1.1374e-18 -2.14263e-27 -1.87191e-19  5.94705e-28 -1.89427e-20  2.08526e-28  -8.2354e-22 -4.36396e-29  9.08607e-23 -1.49679e-29  2.26017e-23  6.04115e-31  2.47358e-24 -2.62217e-32  1.71767e-25 -1.29633e-31  7.65451e-27  -2.1017e-32  1.85135e-28  -1.6116e-33    2.452e-31 -2.20702e-35 -1.02297e-31   3.8502e-36 -1.50656e-33
-1.00879e-13  5.64966e-27   6.1955e-12 -1.09512e-25 -1.48843e-10  1.31878e-24  2.16111e-09 -1.17482e-23 -2.18784e-08  8.10188e-23  1.65849e-07 -4.38575e-22 -9.81432e-07  1.86624e-21  4.65367e-06 -6.18981e-21 -1.79772e-05  1.55919e-20  5.71403e-05 -2.75301e-20  -0.00015011  2.27307e-20  0.000325725  4.77241e-20  -0.00057999 -2.55764e-19  0.000834962  6.47438e-19 -0.000943685 -1.16232e-18  0.000786812  1.59216e-18  -0.00040657 -1.66831e-18  2.19142e-05  1.26968e-18  0.000150328 -5.79794e-19 -9.74816e-05 -5.49092e-21  -1.1087e-05  1.93643e-19   3.9765e-05   -3.865e-20 -6.92878e-06 -1.50731e-19 -1.21215e-05   1.3989e-19  3.57088e-06  3.02677e-20  3.59463e-06  -1.6195e-19 -9.72591e-07  1.45904e-19 -1.08107e-06 -4.30509e-20  1.20236e-07 -3.02726e-20  2.92322e-07  2.98069e-20  3.33313e-08  5.18907e-21 -5.70524e-08 -2.32896e-20  -2.2737e-08   1.4818e-20  4.31923e-09 -1.03426e-21  5.55092e-09 -3.49612e-21  1.15907e-09  1.80427e-21 -4.61083e-10 -2.37978e-22  -3.3629e-10 -4.01074e-23  -6.3779e-11 -2.18736e-23  1.69403e-11  6.31051e-23   1.3448e-11 -3.12199e-23  3.34332e-12 -2.40005e-23   2.2741e-14  2.26516e-23  -2.6288e-13  3.17626e-25 -9.49963e-14 -3.57437e-24 -1.58704e-14  4.13152e-25  9.04196e-17  1.29718e-25  8.11036e-16 -1.49526e-25  2.41547e-16  3.97741e-26  3.93128e-17  2.78703e-26  3.00806e-18 -4.49339e-27  -2.8154e-19 -2.15576e-27 -1.30857e-19  6.58237e-28  -2.2655e-20  2.23654e-28 -2.45757e-21 -4.37582e-29 -1.64244e-22 -1.53394e-29 -3.41734e-24 -9.89006e-33  6.10358e-25 -6.23087e-32  8.18671e-26 -9.19539e-32   5.3492e-27 -1.53607e-32  2.08835e-28 -1.15576e-33  4.59482e-30 -6.97431e-36  4.30412e-32   1.3739e-36
-1.27376e-27  -9.4644e-13   3.8232e-26  3.37557e-11 -5.43577e-25 -6.31174e-10  5.49749e-24  7.77326e-09 -4.30979e-23 -6.95638e-08  2.67676e-22  4.77421e-07 -1.32301e-21 -2.59696e-06  5.18486e-21  1.14341e-05 -1.59319e-20 -4.12915e-05  3.73528e-20  0.000123213 -6.16327e-20 -0.000304534  4.77241e-20  0.000621734  9.42416e-20  -0.00103897 -4.75958e-19   0.00139468  1.13607e-18  -0.00144913 -1.92068e-18   0.00107237  2.46713e-18  -0.00042712 -2.39913e-18 -0.000101616  1.64706e-18  0.000245173 -5.96477e-19 -9.63908e-05 -1.59561e-19 -5.09467e-05  2.98972e-19  5.27053e-05 -1.56249e-20  4.93433e-06 -2.29709e-19 -1.86101e-05  1.76251e-19  5.32767e-08  5.64204e-20  5.73565e-06 -2.04597e-19  2.14498e-07  1.64338e-19 -1.57911e-06 -3.48821e-20 -2.83382e-07 -4.61278e-20  3.41443e-07  3.79987e-20  1.43596e-07  6.61442e-21 -3.84063e-08 -2.73648e-20 -4.08005e-08  1.61587e-20 -5.29335e-09 -3.24334e-22  5.58893e-09 -3.86433e-21  2.83252e-09  1.55315e-21  1.61592e-10 -4.55763e-23 -3.41987e-10 -7.03198e-23 -1.49682e-10 -2.38509e-23 -1.61846e-11  8.47573e-23  9.97717e-12 -5.01456e-23  5.32161e-12 -2.58987e-23  1.09871e-12  2.59928e-23 -1.71821e-14  1.51913e-24 -8.22633e-14 -3.86913e-24 -2.69968e-14  2.30538e-25 -4.42859e-15  6.36241e-26 -1.24259e-16 -1.52706e-25  1.41648e-16  4.62801e-26  4.38847e-17  3.11689e-26  7.34471e-18 -3.68236e-27  7.12075e-19 -2.02412e-27  1.12387e-20  7.23937e-28 -9.32617e-21  2.30673e-28 -1.84902e-21 -4.11644e-29 -2.05492e-22 -1.49368e-29 -1.49487e-23 -5.01451e-31 -6.64089e-25 -6.72146e-32 -9.24189e-27 -5.85269e-32  8.75337e-28 -1.01982e-32  6.21719e-29 -7.02121e-34  1.68617e-30 -9.24425e-37  1.48916e-32
