 2.76499e-34  2.53108e-38 -2.09646e-34  5.73669e-38 -3.79179e-35   3.1362e-38 -6.57868e-35 -3.97401e-37  7.02427e-35  3.02673e-37 -4.36082e-35 -6.94077e-37 -4.57337e-37 -8.81679e-37  2.97389e-35 -3.01389e-37 -6.74374e-36  2.48595e-37  -1.2171e-35  1.32188e-37 -4.06776e-36 -6.29312e-38  3.31341e-36   1.6154e-37 -2.28431e-36  -2.0708e-38 -3.94496e-37  5.72799e-38  5.86693e-37  2.07083e-39 -4.83168e-37  -3.2139e-39 -1.42029e-37  5.66547e-39  7.39149e-38 -3.73061e-40  -3.4843e-38 -8.35897e-40   1.4777e-38 -2.28896e-40  1.17221e-39 -3.04015e-40 -4.43766e-39    1.708e-40  1.23834e-39 -1.01497e-40  3.10995e-40    7.618e-41  4.30753e-40  1.49951e-41  -2.5755e-40 -8.95235e-42  7.80178e-41  2.69997e-42  2.98441e-41  2.99648e-42 -2.99475e-41  2.08261e-42 -6.80623e-42 -9.02364e-44  1.01231e-41 -6.47039e-43  1.29079e-42 -1.70523e-43 -2.93195e-43  3.21988e-44  3.45654e-43 -3.10662e-44 -1.54604e-43  1.20812e-44  3.18721e-44  -2.2538e-45  2.52713e-44 -1.76145e-45 -2.14581e-45 -9.60885e-47 -2.57261e-45 -2.95117e-46  2.13312e-46 -1.59936e-46  1.46433e-46  9.87209e-47  -7.4515e-47  4.68647e-48   7.1546e-47 -2.45729e-48 -2.24966e-47  8.86721e-49  4.37931e-49  -8.6413e-50  6.26185e-49 -5.41705e-49 -5.77239e-49  3.41459e-49  3.64616e-49 -5.84632e-49 -1.83395e-49  9.10677e-49  1.72743e-49 -1.27371e-48 -2.44228e-49  1.63668e-48  3.22269e-49 -1.91333e-48 -3.83985e-49  2.01977e-48  4.11978e-49 -1.90966e-48 -3.94808e-49  1.60041e-48  3.33875e-49 -1.17347e-48 -2.45481e-49  7.40247e-49  1.53903e-49 -3.92842e-49 -8.01341e-50  1.70001e-49  3.33701e-50 -5.72788e-50 -1.04862e-50  1.39314e-50  2.24543e-51 -2.11123e-51 -2.59946e-52  1.28492e-52
 2.53108e-38  6.73778e-34   1.8465e-37 -3.86634e-34  2.42516e-37 -7.85709e-35  3.09731e-37 -3.76213e-35 -1.46973e-36  1.50265e-35  8.71678e-37 -7.38703e-35 -1.35923e-36  1.12203e-35 -2.77625e-36  4.21976e-35 -6.06027e-37 -8.55748e-36  5.87003e-37 -2.95038e-35  1.05791e-37 -6.77794e-36 -6.20418e-38  6.27588e-36  4.29252e-37 -4.75442e-36 -9.74783e-38 -1.12211e-36  1.47927e-37  1.42939e-36  1.76101e-38 -1.17881e-36 -4.07289e-39 -4.27326e-37  1.56362e-38  2.06814e-37  1.81961e-39 -8.23202e-38 -3.38803e-39  2.70574e-38 -7.91182e-40  2.49118e-39  -7.9468e-40 -6.97686e-39   5.9528e-40  2.27723e-40 -1.45844e-40  5.07696e-40  2.27037e-40  1.60497e-39   1.7593e-41 -8.76783e-40 -8.66047e-42   2.3501e-40  2.69451e-42   1.2758e-40  1.04232e-41 -1.05064e-40  1.00022e-41 -3.48346e-41 -6.07114e-43  4.00151e-41 -2.66499e-42  4.34937e-42 -5.51616e-43 -1.48117e-42  6.15525e-44  1.36383e-42 -1.09045e-43 -5.07521e-43  5.96976e-44   9.3331e-44 -5.62567e-45  7.57792e-44 -6.44179e-45 -9.00345e-45 -3.94254e-46 -5.27977e-45 -9.84733e-46 -1.31574e-46 -5.37629e-46  8.64529e-46  3.89702e-46 -3.29759e-46  1.22933e-47  1.64903e-46 -6.76749e-48 -7.86296e-47  1.03123e-48 -1.28744e-48  1.44472e-48  4.51129e-48 -4.30659e-48 -3.54689e-48  4.96767e-48  2.57077e-48 -8.03009e-48 -2.15631e-48  1.17782e-47  2.70026e-48 -1.57124e-47 -3.68147e-48  1.91462e-47  4.60407e-48 -2.11549e-47 -5.20235e-48  2.10296e-47  5.27488e-48 -1.86346e-47 -4.75131e-48  1.45482e-47   3.7519e-48 -9.85941e-48 -2.55359e-48  5.68832e-48  1.46444e-48 -2.72076e-48 -6.85696e-49  1.03862e-48  2.50238e-49 -2.98349e-49 -6.59972e-50  5.81594e-50  1.08644e-50 -6.09067e-51  -7.2046e-52
-2.09646e-34   1.8465e-37  1.14254e-33  7.50788e-37 -4.89069e-34  5.26803e-37 -1.67378e-34   1.5676e-36  3.62202e-35 -3.77941e-36   -9.289e-35  1.81704e-36 -5.23428e-35   -1.336e-36   9.9444e-36 -5.57667e-36  4.49653e-35 -7.63486e-37 -3.04932e-36  1.13951e-36 -4.79564e-35 -3.08767e-37 -1.04942e-35  7.26141e-38  9.49688e-36  8.82025e-37 -7.51262e-36 -2.63509e-37 -2.57486e-36  2.53381e-37  2.70693e-36  4.38686e-38 -2.00509e-36  5.48503e-39 -8.60224e-37  3.23549e-38  3.72285e-37  9.76106e-39 -1.07251e-37 -7.71515e-39  2.26258e-38 -1.41755e-39 -1.34882e-39 -1.63983e-39 -1.42442e-39  1.34333e-39 -6.23548e-39  2.83972e-41 -1.96677e-41  4.69567e-40  4.19152e-39 -3.44203e-41 -2.11215e-39  2.86721e-41  5.11124e-40 -8.02468e-42  3.58341e-40  2.39529e-41  -2.5761e-40   3.1275e-41 -1.09136e-40 -1.93994e-42  1.07449e-40 -7.48443e-42   9.7007e-42 -1.27227e-42 -4.57967e-42 -1.87524e-44  3.81785e-42 -2.65354e-43 -1.25258e-42  1.88959e-43  2.19192e-43 -8.58077e-45  1.66767e-43 -1.75216e-44 -2.98092e-44 -9.22088e-46 -4.77735e-45 -2.02632e-45 -2.97199e-45  -1.2706e-45  3.21229e-45  1.07075e-45 -9.78859e-46  2.58298e-47  1.65661e-46 -5.78084e-48 -1.97887e-46 -9.68555e-48 -1.30398e-47  1.82761e-47  2.00327e-47 -3.37679e-47 -1.79356e-47  4.86638e-47  1.77172e-47 -7.41015e-47 -2.12537e-47  1.03101e-46  2.87654e-47 -1.30901e-46 -3.74941e-47  1.51287e-46  4.44989e-47 -1.58028e-46 -4.76128e-47  1.47929e-46  4.55288e-47 -1.22813e-46 -3.84623e-47  8.92446e-47  2.82791e-47 -5.58017e-47  -1.7742e-47  2.93436e-47  9.24622e-48 -1.25695e-47 -3.85217e-48  4.18288e-48  1.20985e-48 -1.00087e-48 -2.58605e-49  1.48229e-49  2.98563e-50 -8.72149e-51
 5.73669e-38 -3.86634e-34  7.50788e-37  1.57533e-33  2.06607e-36 -4.38429e-34  4.77943e-37 -2.86866e-34  5.20388e-36  9.48055e-35 -7.91293e-36 -2.16986e-34  3.04688e-36  5.66249e-35  1.84874e-37  -1.4832e-35 -8.42047e-36  3.86192e-35 -7.77928e-37  1.13093e-35  2.17843e-36 -5.86693e-35 -1.25308e-36 -1.78607e-35   4.3475e-37  1.35609e-35  1.53462e-36  -1.0644e-35 -5.24352e-37 -5.18133e-36  3.25781e-37  4.34862e-36  5.71547e-38 -2.63411e-36  3.68782e-38 -1.35857e-36  5.83573e-38  4.77076e-37  2.66289e-38 -4.06981e-38 -1.28777e-38 -1.98583e-38 -9.36393e-40 -2.19173e-38 -3.09531e-39  2.18435e-38  2.27988e-39 -2.16599e-38  6.56748e-40 -2.20776e-39  7.87278e-40  8.87027e-39 -2.29396e-40 -4.20015e-39   1.5578e-40  9.24827e-40 -4.41367e-41  7.98496e-40  4.00156e-41 -5.11349e-40  7.63265e-41 -2.59237e-40 -4.52228e-42  2.28023e-40  -1.6679e-41  1.67833e-41 -2.41092e-42 -1.08133e-41 -4.71965e-43  8.76528e-42 -5.12374e-43 -2.71031e-42  4.66124e-43   4.7227e-43  -6.4767e-45  3.34098e-43 -4.07925e-44 -8.11251e-44 -1.38049e-45  5.70451e-45 -2.56505e-45 -1.32176e-44 -2.42825e-45  9.26951e-45  2.38439e-45 -2.29179e-45  4.34924e-47 -2.41755e-46  4.40096e-47 -4.08531e-46 -9.39707e-47 -6.40293e-47   1.4737e-46  8.60899e-47 -2.45847e-46 -1.01178e-46  3.69996e-46  1.30192e-46 -5.35352e-46 -1.78072e-46  7.09643e-46  2.38688e-46 -8.58408e-46 -2.96275e-46  9.42746e-46  3.33543e-46  -9.3293e-46  -3.3759e-46   8.2415e-46  3.04123e-46 -6.42378e-46 -2.40667e-46  4.35184e-46  1.64409e-46 -2.51205e-46 -9.47029e-47  1.20241e-46  4.45195e-47 -4.58958e-47 -1.62848e-47  1.31495e-47   4.2943e-48 -2.54368e-48 -7.05087e-49  2.61915e-49  4.65691e-50
-3.79179e-35  2.42516e-37 -4.89069e-34  2.06607e-36  1.97728e-33  4.15263e-36 -3.16844e-34 -8.46483e-37 -3.67094e-34  1.27563e-35  1.24584e-34 -1.44088e-35  -3.5053e-34  4.13561e-36   2.3422e-34  3.59965e-36 -5.07574e-35 -1.02327e-35  1.60767e-35 -9.82037e-37  3.27107e-35  4.02731e-36 -5.58672e-35   -2.613e-36 -2.93342e-35  1.12354e-36  1.89151e-35  2.30632e-36 -1.43029e-35 -8.59195e-37 -9.20339e-36  3.19225e-37  6.02334e-36  1.43656e-38 -2.64904e-36  9.72124e-38 -1.80769e-36  9.66201e-38  3.97227e-37  5.39293e-38  1.92772e-37 -1.75962e-38 -1.17739e-37  2.96487e-39 -7.52374e-38  -5.6856e-39  7.32698e-38  3.00334e-39 -4.87785e-38  1.98551e-39 -7.00657e-39  1.15718e-39   1.6316e-38 -7.11894e-40 -7.37713e-39  4.47754e-40  1.45836e-39 -1.25909e-40  1.53471e-39  4.56762e-41 -8.72192e-40  1.56901e-40 -5.08468e-40  -8.9371e-42   4.0656e-40 -3.14282e-41  2.46865e-41  -3.9829e-42 -2.13023e-41  -1.7299e-42  1.74574e-41 -8.22466e-43 -5.42629e-42  9.76782e-43  9.37974e-43  9.36051e-45  6.85448e-43  -8.5095e-44 -1.86604e-43 -8.11864e-46  3.66791e-44 -3.37044e-46 -4.11774e-44  -3.9982e-45  2.25406e-44  4.61048e-45 -4.51586e-45 -1.26429e-47 -1.64564e-45  3.68673e-46 -6.86015e-46 -6.19977e-46 -3.04655e-46   9.8873e-46  4.44262e-46  -1.5859e-45 -6.35437e-46  2.35274e-45  9.05212e-46 -3.25761e-45 -1.24981e-45  4.13424e-45   1.6115e-45 -4.78448e-45 -1.90128e-45  5.01734e-45  2.03048e-45 -4.72843e-45 -1.94549e-45  3.96326e-45  1.65334e-45  -2.9155e-45 -1.22705e-45  1.84993e-45  7.78664e-46 -9.89057e-46 -4.10438e-46  4.31204e-46  1.72541e-46 -1.46023e-46 -5.44427e-47  3.54847e-47  1.16321e-47 -5.31223e-48 -1.33691e-48  3.13074e-49
  3.1362e-38 -7.85709e-35  5.26803e-37 -4.38429e-34  4.15263e-36  2.43042e-33  6.24016e-36 -2.50835e-34 -4.53289e-36 -3.58181e-34  2.47232e-35  1.79386e-34 -2.35196e-35 -4.93089e-34   4.3227e-36  4.16668e-34  8.73812e-36 -7.39056e-35 -1.03778e-35 -3.06638e-35  -1.8313e-36  5.63467e-35   6.7648e-36 -3.97954e-35 -4.03174e-36 -4.19623e-35  2.23451e-36  2.51786e-35  3.02459e-36 -1.82601e-35  -1.2381e-36  -1.4527e-35  2.21589e-37  7.23795e-36  -1.3094e-37 -1.69924e-36  1.80036e-37 -2.11581e-36  1.48687e-37  2.58238e-38  9.03232e-38  6.43534e-37  -2.1207e-38 -2.76499e-37  1.35885e-38 -1.76856e-37 -1.04596e-38  1.62498e-37  2.84029e-39 -8.98174e-38  4.24691e-39 -1.50799e-38  1.58398e-39  2.72718e-38 -1.68173e-39 -1.19018e-38  9.90329e-40  2.02978e-39 -2.75191e-40  2.66219e-39  1.71678e-41 -1.32144e-39  2.83252e-40 -8.60511e-40 -1.61919e-41  6.28311e-40 -5.18865e-41  3.43673e-41 -5.90821e-42 -3.66582e-41 -4.32942e-42  3.09955e-41 -1.10804e-42  -1.0204e-41  1.82637e-42  1.66965e-42  5.30165e-44  1.46668e-42 -1.61565e-43 -3.77172e-43   2.9989e-45  1.05203e-43  8.80233e-45 -1.05546e-43 -6.03544e-45  4.81027e-44  8.19905e-45  -7.6852e-45 -7.33092e-46 -5.05315e-45  2.17007e-45 -6.10977e-46 -3.63796e-45 -1.61038e-45  5.87819e-45  2.52452e-45  -9.1547e-45 -3.80347e-45  1.32172e-44  5.41606e-45 -1.76506e-44 -7.21784e-45  2.16076e-44  8.86581e-45 -2.41061e-44  -9.9467e-45  2.43308e-44  1.01134e-44 -2.20113e-44 -9.22936e-45  1.76372e-44  7.45482e-45 -1.23258e-44 -5.22466e-45  7.36102e-45  3.09134e-45 -3.65331e-45 -1.48785e-45  1.44788e-45   5.5314e-46 -4.30935e-46 -1.46821e-46   8.6558e-47  2.40432e-47 -9.23997e-48 -1.57512e-48
-6.57868e-35  3.09731e-37 -1.67378e-34  4.77943e-37 -3.16844e-34  6.24016e-36  2.92067e-33  6.76838e-36  -3.1422e-34 -1.11456e-35 -2.68304e-34  3.95857e-35   3.1533e-34 -3.48207e-35 -6.25907e-34  2.74747e-36  5.40852e-34  1.50949e-35 -6.51464e-35 -8.97617e-36 -1.02378e-34 -3.52261e-36  7.60369e-35   1.0031e-35 -1.46322e-35  -5.0852e-36 -5.12736e-35  3.83582e-36  3.10592e-35  3.48562e-36  -2.1663e-35 -1.63962e-36 -2.06011e-35  7.40639e-38  7.53566e-36 -4.06733e-37  3.79353e-37   2.6002e-37 -2.24433e-36  2.11972e-37 -6.83814e-37  1.30972e-37  1.31267e-36 -2.43272e-38 -4.89057e-37  3.47324e-38 -3.35969e-37 -1.92655e-38  2.98082e-37  8.81697e-40 -1.47703e-37  7.66189e-39 -2.65497e-38  2.11433e-39   4.2609e-38  -3.3666e-39 -1.80552e-38  1.85885e-39  2.46995e-39 -5.06518e-40  4.27676e-39 -7.62242e-41 -1.82253e-39  4.61026e-40 -1.28851e-39 -2.78823e-41  8.54824e-40 -7.68081e-41  5.18829e-41 -7.92785e-42 -5.66693e-41 -8.78451e-42  4.97681e-41  -1.2095e-42 -1.80179e-41  3.14278e-42  2.59182e-42  1.45165e-43  3.11303e-42  -2.8062e-43 -6.97892e-43  1.45281e-44  2.40846e-43    3.107e-44 -2.35601e-43 -9.42745e-45  9.21372e-44  1.48425e-44 -1.10463e-44 -5.54095e-45 -1.26749e-44  1.17976e-44  2.30753e-45 -2.00041e-44 -8.25894e-45  3.22349e-44   1.2841e-44 -4.90218e-44 -1.87325e-44   6.9093e-44   2.5428e-44 -8.98508e-44 -3.20824e-44  1.07089e-43  3.74489e-44 -1.16178e-43 -4.02991e-44  1.13744e-43   3.9705e-44 -9.94051e-44  -3.5345e-44  7.64709e-44  2.78234e-44 -5.08538e-44 -1.87964e-44  2.85381e-44  1.04868e-44 -1.30716e-44 -4.60281e-45  4.65371e-45  1.48862e-45  -1.1899e-45 -3.19861e-46  1.87742e-46  3.64455e-47  -1.1704e-47
-3.97401e-37 -3.76213e-35   1.5676e-36 -2.86866e-34 -8.46483e-37 -2.50835e-34  6.76838e-36  3.35695e-33  4.21451e-36 -5.11914e-34 -2.03131e-35 -1.52195e-34  5.39554e-35  5.27378e-34  -4.6978e-35 -7.18163e-34 -1.21214e-36  5.81985e-34  2.21804e-35 -1.93941e-35 -6.73564e-36 -1.92466e-34 -5.73987e-36   8.5762e-35  1.31122e-35  1.52837e-35 -5.52812e-36 -5.43165e-35  5.92831e-36  3.47277e-35  3.53021e-36 -2.31653e-35 -2.06069e-36 -2.65218e-35 -3.25294e-38  6.63988e-36 -8.06205e-37   3.5311e-36  2.96733e-37 -2.20964e-36  2.78115e-37 -1.68879e-36  1.67489e-37  2.14661e-36 -2.89204e-38 -7.43814e-37  7.01085e-38 -5.51846e-37 -3.47764e-38  4.88584e-37 -3.97534e-39 -2.27304e-37  1.24366e-38 -4.07926e-38  2.79205e-39  6.31295e-38 -5.96094e-39 -2.60381e-38  3.09661e-39  2.50335e-39 -8.13148e-40  6.46314e-39 -2.63978e-40 -2.34671e-39  6.88685e-40 -1.73118e-39 -4.57903e-41  1.02662e-39 -1.03636e-40  9.12882e-41  -9.4304e-42 -8.03698e-41 -1.54555e-41  7.28414e-41 -8.87258e-43 -2.97898e-41  5.07585e-42  3.40343e-42  3.12668e-43  6.23698e-42 -4.46466e-43 -1.22474e-42  4.14303e-44    4.926e-43  7.53951e-44  -4.7049e-43 -1.92803e-44  1.60216e-43   3.3662e-44 -1.12952e-44 -3.28127e-44  -3.0358e-44  6.25798e-44  1.60367e-44 -1.06402e-43 -3.07882e-44  1.70207e-43  4.29616e-44 -2.54653e-43 -5.54473e-44  3.52863e-43  6.68699e-44 -4.50356e-43 -7.71612e-44  5.25727e-43  8.70916e-44 -5.56708e-43 -9.67079e-44  5.29298e-43  1.02902e-43 -4.46077e-43 -9.98251e-44  3.27876e-43  8.36231e-44 -2.05817e-43  -5.7541e-44  1.07276e-43  3.09879e-44 -4.46185e-44 -1.23601e-44  1.39364e-44  3.38165e-45 -2.94178e-45 -5.52489e-46  3.31312e-46  3.54592e-47
 7.02427e-35 -1.46973e-36  3.62202e-35  5.20388e-36 -3.67094e-34 -4.53289e-36  -3.1422e-34  4.21451e-36  3.68147e-33 -1.63693e-36 -7.88157e-34 -3.09442e-35 -7.17513e-35  6.38978e-35  7.51258e-34 -5.80905e-35 -7.48735e-34 -7.66638e-36  5.58693e-34  2.96894e-35  5.46201e-35 -4.52732e-36 -2.92582e-34 -7.66356e-36  8.04624e-35  1.52265e-35  4.77777e-35 -5.49209e-36 -5.13276e-35  8.40887e-36   3.4231e-35  3.09403e-36  -2.1341e-35 -2.52025e-36 -3.12184e-35  1.81352e-38  4.47108e-36 -1.28479e-36  7.52971e-36  2.47978e-37 -2.08157e-36  3.34007e-37 -2.84303e-36  1.88648e-37  3.05526e-36 -3.78277e-38 -1.03756e-36  1.22933e-37 -8.14876e-37 -5.99364e-38  7.44028e-37 -1.29761e-38 -3.35586e-37  1.87037e-38 -5.62711e-38  3.54173e-39  8.89409e-38 -9.53892e-39 -3.57089e-38  4.70548e-39  1.71218e-39  -1.1503e-39  9.29538e-39 -5.66654e-40 -2.91371e-39  9.55989e-40 -2.09739e-39 -7.06165e-41   1.0715e-39 -1.29055e-40  1.75849e-40 -9.21163e-42 -1.06884e-40 -2.44809e-41  9.76731e-41  1.88506e-43 -4.61062e-41  7.78427e-42  3.55254e-42  5.83985e-43    1.151e-41 -6.49381e-43  -2.0851e-42  9.23834e-44   9.3084e-43  1.59645e-43 -8.54412e-43 -6.18987e-44  2.56985e-43  1.15275e-43 -8.46698e-45 -1.81433e-43  -4.7606e-44  3.33273e-43  3.18172e-45 -5.65835e-43  2.34412e-44  8.98814e-43 -9.20729e-44 -1.32852e-42  1.95968e-43  1.81383e-42 -3.10535e-43 -2.27226e-42    3.849e-43  2.59094e-42 -3.64759e-43 -2.66325e-42  2.33229e-43  2.43913e-42 -3.93738e-44 -1.96174e-42 -1.23761e-43  1.36045e-42  1.86199e-43 -7.94278e-43 -1.52201e-43  3.77808e-43  8.19993e-44 -1.39556e-43 -2.92496e-44  3.70416e-44  6.43851e-45 -6.08276e-45 -7.16667e-46   3.9695e-46
 3.02673e-37  1.50265e-35 -3.77941e-36  9.48055e-35  1.27563e-35 -3.58181e-34 -1.11456e-35 -5.11914e-34 -1.63693e-36  3.89979e-33 -8.92637e-36 -1.05426e-33 -4.19257e-35 -5.88793e-35  6.65709e-35   9.1042e-34 -6.65821e-35 -7.19327e-34 -1.60569e-35  5.12522e-34  3.73837e-35  1.40324e-34 -3.02114e-36 -3.96773e-34  -8.1732e-36   5.6483e-35  1.58095e-35  8.30202e-35 -5.54542e-36 -4.51869e-35  1.10699e-35  2.78222e-35  2.21918e-36 -1.51902e-35 -3.05758e-36 -3.37121e-35  3.34736e-37  1.08537e-36 -1.77195e-36  1.20705e-35  8.73997e-38 -1.99759e-36  3.65748e-37 -3.90626e-36  1.81942e-37  3.94882e-36 -5.40602e-38 -1.38642e-36  1.95764e-37 -1.11214e-36 -9.66667e-38  1.07595e-36 -2.74058e-38 -4.79962e-37  2.63813e-38 -7.03756e-38  4.01505e-39  1.18504e-37 -1.39671e-38 -4.61982e-38  6.65938e-39 -5.36037e-40 -1.42078e-39  1.28676e-38 -9.94037e-40 -3.63156e-39  1.24364e-39  -2.2778e-39 -1.00034e-40  9.15087e-40 -1.49828e-40  3.36935e-40 -5.26161e-42 -1.37431e-40 -3.57824e-41  1.20622e-40  2.44547e-42 -6.70355e-41  1.14008e-41  2.35503e-42  9.75388e-43   1.9428e-41 -8.52738e-43 -3.46833e-42  1.57578e-43  1.64699e-42  3.52323e-43 -1.45675e-42 -2.79446e-43  4.67128e-43  5.45263e-43 -2.12274e-43 -1.00195e-42  4.25126e-43  1.81512e-42  -1.0492e-42 -3.06375e-42  2.02388e-42  4.81413e-42 -3.45328e-42 -7.00134e-42  5.15164e-42   9.3584e-42 -6.65963e-42 -1.14107e-41   7.3438e-42  1.25793e-41 -6.73447e-42 -1.24066e-41  4.91365e-42  1.08078e-41 -2.59796e-42 -8.18454e-42  7.16149e-43  5.27884e-42  2.20888e-43  -2.8215e-42  -3.6685e-43  1.20222e-42  2.02027e-43 -3.84784e-43 -6.14025e-44  8.33784e-44  9.96521e-45 -9.67698e-45 -6.00595e-46
-4.36082e-35  8.71678e-37   -9.289e-35 -7.91293e-36  1.24584e-34  2.47232e-35 -2.68304e-34 -2.03131e-35 -7.88157e-34 -8.92637e-36  4.03225e-33 -1.41737e-35  -1.2292e-33 -5.27805e-35 -1.05163e-34   6.1203e-35  9.60238e-34 -7.20373e-35 -6.52339e-34 -2.50967e-35  4.82161e-34  4.48154e-35   2.2041e-34 -2.53465e-36 -5.00657e-34 -6.10982e-36  1.21382e-35  1.46646e-35  1.22444e-34 -6.57733e-36 -3.96117e-35  1.36536e-35  1.43337e-35  1.03685e-36 -4.51464e-36 -3.71962e-36 -3.34289e-35  9.87738e-37 -3.37138e-36 -2.19315e-36  1.68658e-35 -1.82325e-37 -2.18138e-36  3.64251e-37 -4.58615e-36  1.35773e-37  4.77959e-36 -8.01265e-38 -1.82897e-36  2.90446e-37 -1.43497e-36  -1.4404e-37  1.49482e-36 -4.84269e-38  -6.6511e-37  3.49715e-38 -7.92774e-38  3.47069e-39  1.47768e-37 -1.88527e-38 -5.55618e-38  8.94188e-39 -5.18139e-39 -1.47045e-39  1.73524e-38 -1.55033e-39 -4.71405e-39  1.52423e-39 -2.15977e-39 -1.26815e-40   4.9033e-40 -1.63634e-40  6.10839e-40  5.29454e-42 -1.78638e-40 -4.90782e-41  1.38601e-40  6.39139e-42 -9.22417e-41  1.59762e-41 -7.08506e-43  1.45288e-42  3.00243e-41 -9.45094e-43 -5.66697e-42  9.24925e-44  2.91834e-42  1.02857e-42 -2.86841e-42 -1.48611e-42  2.20051e-42  2.97115e-42 -3.82843e-42 -5.62791e-42  8.02195e-42  1.00615e-41 -1.55595e-41 -1.67279e-41  2.68868e-41  2.57475e-41 -4.14767e-41 -3.64672e-41  5.65298e-41  4.71931e-41 -6.71906e-41 -5.53599e-41  6.84155e-41  5.83132e-41 -5.81829e-41 -5.45366e-41  3.97425e-41  4.46605e-41 -2.03267e-41  -3.1465e-41   6.5348e-42  1.86359e-41 -2.89728e-43 -8.98746e-42 -9.14442e-43  3.36727e-42  4.78663e-43  -9.0794e-43 -1.12333e-43  1.51907e-43  1.16085e-44 -1.01483e-44
-6.94077e-37 -7.38703e-35  1.81704e-36 -2.16986e-34 -1.44088e-35  1.79386e-34  3.95857e-35 -1.52195e-34 -3.09442e-35 -1.05426e-33 -1.41737e-35  4.07426e-33 -1.38163e-35 -1.26951e-33  -6.3784e-35 -1.80103e-34  4.90379e-35  9.03761e-34 -7.53695e-35 -5.79226e-34 -3.28344e-35  4.87191e-34  5.11328e-35  2.82522e-34 -3.07886e-36 -5.97824e-34 -5.22138e-37 -5.16849e-35  1.19786e-35  1.67437e-34 -9.52744e-36 -3.75108e-35  1.59431e-35 -6.36563e-36 -2.65726e-37  1.00087e-35 -4.53144e-36 -3.04977e-35  1.98916e-36 -8.64906e-36 -2.49301e-36  2.17182e-35 -5.28112e-37 -2.93244e-36  3.30421e-37 -4.61463e-36   4.1758e-38  5.56985e-36 -1.17435e-37 -2.41915e-36  4.08002e-37 -1.78505e-36 -1.96519e-37  2.00504e-36 -7.69506e-38 -8.89509e-37  4.33805e-38   -7.786e-38  7.59014e-40  1.69973e-37 -2.35567e-38 -6.07108e-38  1.15981e-38 -1.35116e-38 -1.10203e-39  2.30527e-38 -2.24115e-39 -6.46032e-39  1.76472e-39 -1.64114e-39 -1.38065e-40 -2.55903e-40 -1.69637e-40  1.03436e-39  2.60068e-41 -2.46857e-40 -6.37887e-41  1.51853e-40  1.25347e-41 -1.21501e-40  2.14389e-41 -5.63318e-42   1.7913e-42  4.29065e-41 -4.59053e-43 -9.93243e-42 -1.07286e-42  7.64772e-42  4.41312e-42 -1.23388e-41 -8.43694e-42  2.22362e-41  1.68623e-41 -4.64348e-41 -3.16323e-41  9.15009e-41  5.53069e-41  -1.6391e-40   -8.953e-41  2.64092e-40  1.33474e-40  -3.7966e-40 -1.82123e-40  4.81402e-40  2.25817e-40  -5.3046e-40 -2.52315e-40  4.98032e-40  2.51533e-40 -3.87602e-40 -2.21014e-40  2.39918e-40  1.68573e-40 -1.09909e-40 -1.09423e-40  3.14387e-41  5.88579e-41  -1.7446e-42 -2.52562e-41 -2.65186e-42  8.15311e-42  1.07581e-42 -1.78634e-42 -1.68355e-43  2.10404e-43  8.39316e-45
-4.57337e-37 -1.35923e-36 -5.23428e-35  3.04688e-36  -3.5053e-34 -2.35196e-35   3.1533e-34  5.39554e-35 -7.17513e-35 -4.19257e-35  -1.2292e-33 -1.38163e-35  4.01009e-33 -5.93367e-36 -1.17697e-33 -7.54024e-35 -2.57602e-34  3.25299e-35  7.80135e-34 -7.82988e-35  -5.2726e-34 -3.69197e-35  5.24901e-34  5.51526e-35  3.22777e-34  -4.5168e-36 -6.77751e-34  9.11931e-36 -1.31292e-34  8.25795e-36  2.18404e-34 -1.50375e-35 -4.02823e-35  1.78436e-35 -3.30186e-35  -1.4858e-36  2.70878e-35 -5.45489e-36 -2.59103e-35  3.28669e-36 -1.43561e-35 -2.65011e-36  2.65566e-35 -8.98858e-37 -4.56039e-36  2.78011e-37 -3.83815e-36 -1.03604e-37  6.41049e-36 -1.65557e-37 -3.21151e-36  5.48469e-37 -2.17681e-36 -2.43046e-37  2.59986e-36 -1.13726e-37 -1.14339e-36  4.98707e-38 -5.99084e-38 -5.55475e-39  1.76584e-37 -2.72744e-38 -5.78152e-38  1.47811e-38 -2.70384e-38 -1.12515e-40  3.03899e-38 -3.07296e-39 -9.19683e-39  1.93061e-39 -6.38213e-40 -1.16442e-40 -1.35969e-39 -1.68432e-40  1.64029e-39  6.06302e-41 -3.72447e-40 -7.87419e-41  1.67191e-40  2.11716e-41 -1.55248e-40  2.77801e-41 -1.26832e-41  8.46775e-43  6.09786e-41  3.16073e-42 -2.89424e-41 -9.22754e-42  4.82272e-41  2.35591e-41 -1.07056e-40 -4.82365e-41  2.29689e-40  9.45674e-41 -4.67227e-40 -1.72758e-40   8.7023e-40  2.92473e-40 -1.46829e-39  -4.5648e-40  2.22473e-39  6.53216e-40 -2.99645e-39 -8.51578e-40  3.54123e-39   1.0039e-39 -3.61117e-39 -1.06075e-39  3.10746e-39  9.93852e-40 -2.18707e-39 -8.14752e-40   1.2004e-39  5.74532e-40 -4.71893e-40 -3.40706e-40  1.07038e-40  1.64672e-40  6.39259e-43 -6.19297e-41 -8.26896e-42  1.67999e-41   2.1228e-42 -2.83665e-42 -1.81135e-43  1.92047e-43
-8.81679e-37  1.12203e-35   -1.336e-36  5.66249e-35  4.13561e-36 -4.93089e-34 -3.48207e-35  5.27378e-34  6.38978e-35 -5.88793e-35 -5.27805e-35 -1.26951e-33 -5.93367e-36   3.8541e-33  8.80456e-36 -9.88916e-34 -8.73756e-35 -3.29866e-34  1.43341e-35  6.40143e-34 -8.26537e-35 -5.10508e-34 -3.50892e-35  5.76116e-34  5.57112e-35  3.46633e-34 -6.75171e-36 -7.27601e-34  2.27509e-35 -2.20529e-34  4.21316e-36  2.74358e-34 -2.31449e-35 -4.80039e-35  1.94035e-35 -6.29907e-35  -2.4464e-36  4.52732e-35 -6.35517e-36 -2.14183e-35   4.7736e-36  -1.9974e-35 -2.67689e-36  3.14286e-35 -1.24652e-36  -7.2685e-36  2.33005e-37 -2.28453e-36 -2.98762e-37  7.42708e-36  -2.2109e-37 -4.24468e-36  7.10921e-37 -2.63579e-36  -2.6758e-37  3.25895e-36 -1.59794e-37 -1.40923e-36  5.22486e-38 -1.88336e-38 -1.69444e-38  1.59412e-37 -2.91557e-38 -4.31999e-38  1.87718e-38 -4.71244e-38  1.64765e-39  3.97846e-38 -4.03775e-39 -1.31996e-38  1.99111e-39  9.16071e-40 -4.37021e-41 -2.84122e-39 -1.61022e-40  2.45421e-39  1.12379e-40 -6.01966e-40 -9.15683e-41  1.99433e-40  3.16513e-41 -1.90882e-40  3.66452e-41 -3.65714e-41 -7.66686e-42  1.31647e-40  2.47576e-41  -1.9451e-40 -5.83732e-41  4.48722e-40  1.31457e-40  -1.0226e-39  -2.6697e-40  2.15867e-39  5.07256e-40 -4.19013e-39 -8.93974e-40  7.40306e-39  1.45451e-39 -1.18086e-38 -2.17381e-39  1.68462e-38  2.96734e-39 -2.12469e-38 -3.67504e-39   2.3345e-38  4.09709e-39 -2.19239e-38 -4.07256e-39  1.71513e-38  3.56729e-39 -1.07729e-38 -2.71295e-39  5.12516e-39  1.75704e-39 -1.65055e-39  -9.4402e-40  2.52762e-40  4.05274e-40  3.58161e-41 -1.31176e-40 -2.30239e-41  2.88978e-41  3.24268e-42  -3.4346e-42 -1.02621e-43
 2.97389e-35 -2.77625e-36   9.9444e-36  1.84874e-37   2.3422e-34   4.3227e-36 -6.25907e-34  -4.6978e-35  7.51258e-34  6.65709e-35 -1.05163e-34  -6.3784e-35 -1.17697e-33  8.80456e-36  3.67014e-33   2.7354e-35 -7.59956e-34 -9.80169e-35 -4.03963e-34 -3.47623e-36  5.24286e-34 -8.99704e-35 -5.27603e-34   -2.576e-35  6.14371e-34  5.21215e-35  3.66685e-34 -9.86889e-36 -7.37181e-34  3.96255e-35 -3.11597e-34  5.91752e-37  3.32992e-34 -3.31421e-35 -6.00312e-35  2.07625e-35 -9.27485e-35 -3.02734e-36   6.3386e-35 -7.00073e-36  -1.9138e-35  6.31285e-36 -2.49647e-35 -2.60485e-36  3.64454e-35 -1.54608e-36 -1.10244e-35  2.29086e-37 -1.68955e-37 -5.39132e-37  8.72509e-36  -2.7622e-37  -5.5305e-36  8.93986e-37 -3.19413e-36 -2.51236e-37  3.95046e-36 -2.17225e-37 -1.66477e-36  4.83298e-38  5.07945e-38 -3.46014e-38  1.13477e-37 -2.84145e-38 -1.45329e-38  2.39541e-38 -7.43747e-38  4.20721e-39   5.1429e-38  -5.0841e-39 -1.86242e-38  1.92324e-39  3.08571e-39  9.37184e-41 -4.71143e-39 -1.46544e-40  3.49263e-39  1.82714e-40 -9.92082e-40 -9.70538e-41  2.56158e-40  3.86698e-41 -1.72526e-40  6.09709e-41 -2.54896e-40 -5.91473e-41  7.49679e-40  1.47557e-40 -1.77081e-39 -3.32988e-40  4.18497e-39   7.0913e-40 -9.21471e-39 -1.39554e-39  1.86499e-38  2.55156e-39 -3.44868e-38 -4.31327e-39  5.78279e-38  6.71077e-39 -8.71762e-38 -9.56013e-39  1.16918e-37  1.23959e-38 -1.37693e-37 -1.45259e-38  1.40032e-37  1.52532e-38 -1.20303e-37 -1.42041e-38  8.47001e-38  1.15787e-38 -4.67214e-38 -8.12547e-39  1.87146e-38  4.80114e-39 -4.59876e-39 -2.31596e-39  2.75835e-40  8.71126e-40  1.92139e-40 -2.36983e-40 -4.98576e-41  4.02598e-41  3.13147e-42 -2.75338e-42
-3.01389e-37  4.21976e-35 -5.57667e-36  -1.4832e-35  3.59965e-36  4.16668e-34  2.74747e-36 -7.18163e-34 -5.80905e-35   9.1042e-34   6.1203e-35 -1.80103e-34 -7.54024e-35 -9.88916e-34   2.7354e-35  3.54914e-33  4.53749e-35 -5.42889e-34 -1.04188e-34  -4.8992e-34 -1.97757e-35  4.52614e-34 -1.01406e-34 -5.65658e-34 -8.52113e-36  6.14584e-34   4.4492e-35  3.97795e-34 -1.41594e-35 -7.04131e-34   5.8349e-35  -3.9607e-34 -2.02543e-36  3.91046e-34 -4.36815e-35 -7.55424e-35  2.20574e-35 -1.18664e-34 -3.17488e-36  8.07371e-35 -7.11132e-36   -2.097e-35    7.771e-36 -2.89443e-35 -2.46189e-36  4.16846e-35 -1.80503e-36  -1.5471e-35  2.99562e-37  2.17583e-36 -8.21363e-37  1.03371e-35 -3.17606e-37 -7.05301e-36  1.09685e-36 -3.88446e-36  -1.7562e-37  4.63685e-36 -2.89792e-37 -1.88724e-36  3.66286e-38  1.50843e-37 -5.90908e-38  3.97835e-38 -2.43839e-38  2.80387e-38  3.07414e-38 -1.07941e-37  7.42317e-39  6.50072e-38 -6.08622e-39 -2.54671e-38  1.71213e-39  5.95447e-39  2.97904e-40 -6.98164e-39 -1.18441e-40  4.75076e-39  2.68019e-40  -1.5505e-39 -7.95119e-41  1.67903e-40  1.16593e-41  5.13305e-40  1.77984e-40 -2.42149e-39 -3.45024e-40  6.54156e-39  8.07795e-40 -1.60588e-38 -1.76136e-39   3.6753e-38  3.59217e-39 -7.75731e-38 -6.79524e-39  1.50002e-37  1.19038e-38 -2.64024e-37 -1.92292e-38  4.19691e-37  2.85103e-38 -5.96801e-37 -3.85881e-38    7.503e-37  4.73737e-38 -8.21691e-37 -5.23534e-38  7.68986e-37  5.16008e-38 -5.99337e-37 -4.48436e-38  3.75017e-37  3.38669e-38 -1.77904e-37 -2.18094e-38  5.74808e-38  1.16708e-38 -9.27734e-39   -5.001e-39 -8.12083e-40  1.61993e-39  6.14971e-40 -3.58282e-40 -7.44028e-41  4.29145e-41   9.8354e-43
-6.74374e-36 -6.06027e-37  4.49653e-35 -8.42047e-36 -5.07574e-35  8.73812e-36  5.40852e-34 -1.21214e-36 -7.48735e-34 -6.65821e-35  9.60238e-34  4.90379e-35 -2.57602e-34 -8.73756e-35 -7.59956e-34  4.53749e-35  3.56396e-33  5.85524e-35 -3.74901e-34 -1.02017e-34 -5.91212e-34 -3.43517e-35  4.26991e-34 -1.17663e-34 -6.07485e-34  1.56779e-35  5.59597e-34  3.37417e-35  4.51368e-34 -1.99839e-35 -6.36343e-34  7.70615e-35 -4.65975e-34 -3.39819e-36  4.44846e-34 -5.31116e-35 -9.38033e-35   2.3338e-35 -1.37837e-34 -2.88628e-36  9.71036e-35 -6.44568e-36 -2.80386e-35  9.05438e-36 -3.18418e-35 -2.25209e-36  4.70718e-35 -2.05839e-36 -1.99207e-35  4.67116e-37  4.42597e-36 -1.14887e-36  1.21954e-35 -3.26638e-37 -8.77655e-36  1.32031e-36 -4.73171e-36 -2.65835e-38  5.28124e-36  -3.8304e-37 -2.05685e-36  1.71109e-38  2.76701e-37 -9.00252e-38 -5.28787e-38 -1.64987e-38  8.11307e-38  3.94646e-38 -1.44991e-37  1.09741e-38  7.94613e-38 -6.82878e-39 -3.35681e-38  1.34542e-39  9.64195e-39  5.51887e-40  -9.6366e-39 -5.67253e-41  6.05003e-39  3.44311e-40 -1.70053e-39  2.83162e-41  -2.0371e-39 -2.14324e-40  7.73108e-39  7.98276e-40 -2.25347e-38  -1.8307e-39  5.80313e-38  4.11708e-39 -1.38088e-37 -8.64019e-39  3.03574e-37  1.68856e-38 -6.13239e-37 -3.05862e-38  1.13134e-36  5.11829e-38 -1.89256e-36 -7.87872e-38  2.84603e-36  1.11013e-37 -3.80671e-36 -1.42353e-37  4.46913e-36  1.64989e-37 -4.52802e-36 -1.71415e-37   3.8719e-36  1.58034e-37 -2.70965e-36  -1.2766e-37  1.48273e-36  8.88934e-38 -5.87373e-37 -5.22087e-38  1.42017e-37  2.50879e-38 -8.27666e-39 -9.42605e-39 -5.56611e-39  2.56983e-39  1.31812e-39 -4.39206e-40 -5.96859e-41  3.03529e-41
 2.48595e-37 -8.55748e-36 -7.63486e-37  3.86192e-35 -1.02327e-35 -7.39056e-35  1.50949e-35  5.81985e-34 -7.66638e-36 -7.19327e-34 -7.20373e-35  9.03761e-34  3.25299e-35 -3.29866e-34 -9.80169e-35 -5.42889e-34  5.85524e-35  3.73495e-33  6.36393e-35 -2.72704e-34 -8.80481e-35 -7.02446e-34 -4.75869e-35  4.40317e-34 -1.38717e-34 -6.38796e-34  4.47204e-35  4.44111e-34  2.13098e-35  5.31186e-34 -2.75047e-35  -5.5026e-34  9.37269e-35 -5.14853e-34 -3.68322e-36  4.90906e-34 -5.99358e-35 -1.14155e-34  2.45404e-35 -1.48621e-34  -2.1788e-36  1.12559e-34 -4.89824e-36 -4.03472e-35  1.01389e-35 -3.39578e-35  -1.9467e-36  5.22751e-35 -2.35302e-36 -2.34485e-35  7.34032e-37  6.39993e-36 -1.53638e-36  1.41443e-35  -2.8202e-37 -1.06567e-35  1.56707e-36 -5.74197e-36  2.02472e-37   5.8505e-36 -5.03342e-37 -2.15818e-36 -8.23924e-39   4.1475e-37 -1.25801e-37 -1.47728e-37 -4.23617e-39  1.37907e-37  5.02426e-38 -1.80605e-37  1.44157e-38  9.29008e-38 -7.02286e-39 -4.26283e-38  8.03895e-40  1.42016e-38  8.07206e-40 -1.21963e-38  1.00149e-40   5.4983e-39  2.88766e-40  4.67866e-39  5.55475e-40 -2.49406e-38 -1.47087e-39  7.39549e-38  3.91905e-39 -1.98368e-37 -9.00186e-39  4.90807e-37  1.94506e-38 -1.12309e-36 -3.91521e-38  2.36719e-36  7.31973e-38 -4.57074e-36 -1.26618e-37   8.0318e-36  2.01884e-37 -1.27433e-35 -2.95363e-37  1.80804e-35  3.94432e-37 -2.26679e-35 -4.77814e-37  2.47377e-35  5.21199e-37  -2.3045e-35 -5.07346e-37  1.78502e-35  4.35848e-37 -1.10727e-35 -3.25811e-37  5.18476e-36  2.08049e-37 -1.63794e-36 -1.10654e-37  2.48876e-37  4.72649e-38  2.78607e-38 -1.53158e-38  -1.7236e-38  3.40288e-39  1.79137e-39 -4.11405e-40  1.47692e-42
 -1.2171e-35  5.87003e-37 -3.04932e-36 -7.77928e-37  1.60767e-35 -1.03778e-35 -6.51464e-35  2.21804e-35  5.58693e-34 -1.60569e-35 -6.52339e-34 -7.53695e-35  7.80135e-34  1.43341e-35 -4.03963e-34 -1.04188e-34 -3.74901e-34  6.36393e-35  4.02458e-33  5.89981e-35 -2.36069e-34 -6.03343e-35 -8.12755e-34 -6.00264e-35  4.85662e-34 -1.63455e-34 -6.52918e-34  7.58187e-35  2.75753e-34  8.69986e-36  6.32445e-34 -3.63995e-35 -4.65877e-34   1.0646e-34 -5.38773e-34 -3.32314e-36   5.2658e-34 -6.32342e-35 -1.35848e-34  2.55251e-35 -1.50688e-34 -1.06151e-36  1.27297e-34 -2.56465e-36 -5.67584e-35  1.10846e-35 -3.58779e-35 -1.49018e-36  5.66584e-35 -2.73023e-36 -2.50708e-35  1.07628e-36  8.13834e-36 -2.01068e-36  1.59861e-35 -1.64811e-37 -1.26449e-35  1.84087e-36 -6.88777e-36  5.08443e-37  6.31304e-36 -6.55949e-37 -2.17887e-36 -3.53119e-38  5.41456e-37 -1.63459e-37  -2.2152e-37  1.29247e-38  1.88394e-37  6.28696e-38 -2.08262e-37  1.72956e-38  1.02668e-37 -6.35895e-39 -5.19678e-38  6.23135e-41  1.83914e-38  9.37626e-40 -9.36397e-39   5.9128e-40 -1.48812e-38 -5.02235e-40  7.37304e-38  3.07662e-39 -2.32296e-37 -7.62663e-39  6.44627e-37  1.84362e-38 -1.65607e-36 -4.09185e-38  3.94087e-36  8.47336e-38 -8.65759e-36 -1.63137e-37  1.74716e-35  2.91089e-37 -3.21946e-35 -4.79577e-37   5.3778e-35  7.26538e-37 -8.07218e-35 -1.00726e-36  1.07712e-34  1.27076e-36  -1.2606e-34 -1.44925e-36  1.27188e-34  1.48223e-36 -1.08139e-34  -1.3463e-36  7.50716e-35   1.0728e-36 -4.05877e-35 -7.38266e-37  1.57582e-35  4.29599e-37 -3.64524e-36 -2.05209e-37  1.41209e-37    7.696e-38  1.62283e-37 -2.10461e-38 -3.39455e-38  3.62814e-39  1.10402e-39  -2.5444e-40
 1.32188e-37 -2.95038e-35  1.13951e-36  1.13093e-35 -9.82037e-37 -3.06638e-35 -8.97617e-36 -1.93941e-35  2.96894e-35  5.12522e-34 -2.50967e-35 -5.79226e-34 -7.82988e-35  6.40143e-34 -3.47623e-36  -4.8992e-34 -1.02017e-34 -2.72704e-34  5.89981e-35  4.35828e-33  4.46555e-35 -2.55766e-34 -1.90974e-35 -9.10893e-34 -7.19898e-35  5.60712e-34 -1.89536e-34 -6.51867e-34   1.0612e-34  7.31581e-35 -2.95253e-36  7.44008e-34 -4.57076e-35 -4.00774e-34  1.13809e-34 -5.37191e-34  -2.8004e-36  5.50681e-34 -6.29047e-35 -1.57861e-34  2.61506e-35 -1.44662e-34  4.72542e-37  1.41563e-34  2.53609e-37 -7.52938e-35  1.20303e-35 -3.82589e-35 -8.18156e-37  5.93299e-35 -3.21549e-36 -2.39698e-35  1.44415e-36  9.88609e-36 -2.60513e-36   1.7544e-35  3.51346e-38 -1.46817e-35  2.14429e-36 -8.09236e-36  8.77984e-37  6.63245e-36 -8.42589e-37 -2.10658e-36 -5.84109e-38  6.25225e-37  -1.9875e-37 -2.47505e-37  3.54569e-38  2.20198e-37  7.67466e-38 -2.20724e-37  1.92988e-38  1.04916e-37 -4.59996e-39 -5.74164e-38 -8.42669e-40    7.945e-39  5.15498e-40  4.89069e-38  2.47356e-39 -2.16683e-37 -4.81452e-39  6.92928e-37   1.4588e-38 -1.99691e-36 -3.51343e-38  5.31934e-36  8.04012e-38 -1.31512e-35 -1.70976e-37  3.00802e-35  3.38325e-37 -6.33622e-35 -6.21147e-37  1.22239e-34  1.05452e-36 -2.14556e-34 -1.64904e-36  3.39894e-34  2.36486e-36 -4.81261e-34 -3.09421e-36  6.01719e-34  3.67168e-36 -6.54236e-34 -3.92343e-36  6.06385e-34  3.74318e-36 -4.66359e-34 -3.15512e-36  2.86272e-34  2.31844e-36 -1.31815e-34 -1.45938e-36  4.03194e-35   7.6815e-37  -5.4892e-36 -3.26381e-37 -9.36676e-37  1.05869e-37  4.51384e-37 -2.37173e-38 -4.05019e-38  2.91377e-39  -5.1217e-40
-4.06776e-36  1.05791e-37 -4.79564e-35  2.17843e-36  3.27107e-35  -1.8313e-36 -1.02378e-34 -6.73564e-36  5.46201e-35  3.73837e-35  4.82161e-34 -3.28344e-35  -5.2726e-34 -8.26537e-35  5.24286e-34 -1.97757e-35 -5.91212e-34 -8.80481e-35 -2.36069e-34  4.46555e-35  4.65556e-33  2.19981e-35 -3.21175e-34  3.31854e-35 -9.88951e-34 -8.33399e-35  6.66675e-34 -2.13684e-34 -6.43913e-34  1.33213e-34 -1.38531e-34 -1.31454e-35  8.52479e-34 -5.39233e-35  -3.6552e-34  1.14954e-34 -5.13504e-34 -2.36191e-36  5.63934e-34 -5.96558e-35 -1.78776e-34  2.63374e-35 -1.31524e-34  2.42559e-36  1.55702e-34  3.11166e-36 -9.36585e-35  1.31658e-35 -4.15563e-35  1.19873e-37   5.9304e-35 -3.81866e-36 -1.97168e-35  1.76982e-36   1.1971e-35 -3.34767e-36  1.87105e-35  3.13529e-37 -1.66772e-35  2.47636e-36 -9.21907e-36  1.28874e-36  6.76116e-36  -1.0595e-36 -1.92575e-36 -7.14423e-38  6.31398e-37 -2.26498e-37 -1.99207e-37   6.3614e-38  2.19261e-37  9.08757e-38 -2.09494e-37  2.03972e-38  8.71905e-38  -1.7635e-39 -2.12738e-38 -1.44961e-39 -1.50519e-37 -2.19962e-39  6.07318e-37  1.03498e-38 -1.98631e-36 -2.44503e-38  5.90312e-36   6.3379e-38 -1.62997e-35 -1.47217e-37  4.18291e-35  3.21032e-37 -9.95072e-35 -6.51257e-37  2.18516e-34  1.22663e-36 -4.40708e-34 -2.13836e-36  8.11354e-34  3.43774e-36 -1.35358e-33 -5.07558e-36   2.0282e-33  6.84952e-36 -2.69992e-33 -8.40272e-36   3.1496e-33  9.31116e-36 -3.16371e-33 -9.25032e-36  2.67325e-33  8.16523e-36 -1.83922e-33 -6.33299e-36  9.80709e-34  4.25484e-36 -3.71612e-34 -2.42908e-36  8.10292e-35  1.14639e-36 -7.97401e-37 -4.28671e-37 -4.31802e-36  1.18159e-37  7.97472e-37 -2.07732e-38 -1.72012e-38  1.50276e-39
-6.29312e-38 -6.77794e-36 -3.08767e-37 -5.86693e-35  4.02731e-36  5.63467e-35 -3.52261e-36 -1.92466e-34 -4.52732e-36  1.40324e-34  4.48154e-35  4.87191e-34 -3.69197e-35 -5.10508e-34 -8.99704e-35  4.52614e-34 -3.43517e-35 -7.02446e-34 -6.03343e-35 -2.55766e-34  2.19981e-35  4.85649e-33 -6.73766e-36 -4.24402e-34  9.21975e-35 -1.04369e-33 -9.34322e-35  8.03753e-34 -2.32344e-34 -6.38858e-34  1.55414e-34 -3.33598e-34 -2.20549e-35  9.46302e-34 -5.93422e-35   -3.618e-34  1.09782e-34 -4.75089e-34 -1.84375e-36  5.69057e-34 -5.47751e-35 -1.96735e-34   2.6085e-35 -1.12084e-34  4.75102e-36    1.703e-34  5.52918e-36 -1.09849e-34  1.46864e-35  -4.5791e-35   1.3416e-36  5.57543e-35  -4.5408e-36 -1.24407e-35  1.97926e-36  1.46192e-35 -4.24464e-36  1.94623e-35  6.49416e-37   -1.849e-35  2.83093e-36 -1.00734e-35   1.7123e-36   6.6388e-36 -1.29675e-36 -1.61575e-36 -6.95106e-38  5.29419e-37 -2.41294e-37 -5.36362e-38  9.71622e-38  1.66963e-37  1.03895e-37 -1.47008e-37  2.10569e-38 -4.52918e-38  1.32355e-39  3.97635e-37  6.57621e-40 -1.62903e-36 -1.43281e-38  5.44069e-36  4.26736e-38 -1.67023e-35  -1.0443e-37  4.77292e-35  2.51551e-37 -1.27039e-34  -5.5872e-37  3.14015e-34  1.15797e-36 -7.18059e-34  -2.2282e-36  1.51189e-33  3.96886e-36  -2.9147e-33 -6.52059e-36  5.11057e-33  9.84125e-36 -8.08405e-33 -1.35815e-35  1.14228e-32  1.70492e-35 -1.42417e-32 -1.93527e-35  1.54249e-32  1.97301e-35   -1.422e-32 -1.79271e-35  1.08529e-32  1.43871e-35 -6.58597e-33 -1.00883e-35  2.97578e-33  6.09572e-36 -8.75966e-34 -3.11307e-36  1.02097e-34  1.30404e-36  2.72435e-35 -4.25652e-37 -1.06525e-35  9.81525e-38   8.1965e-37 -1.26798e-38  2.06094e-38
 3.31341e-36 -6.20418e-38 -1.04942e-35 -1.25308e-36 -5.58672e-35   6.7648e-36  7.60369e-35 -5.73987e-36 -2.92582e-34 -3.02114e-36   2.2041e-34  5.11328e-35  5.24901e-34 -3.50892e-35 -5.27603e-34 -1.01406e-34  4.26991e-34 -4.75869e-35 -8.12755e-34 -1.90974e-35 -3.21175e-34 -6.73766e-36   4.9355e-33 -3.90258e-35 -5.60272e-34  1.52521e-34 -1.07597e-33 -1.01181e-34  9.66388e-34 -2.42474e-34 -6.42907e-34  1.71817e-34 -4.91437e-34 -3.03902e-35  1.01862e-33 -6.05475e-35 -3.83203e-34  9.88788e-35 -4.32691e-34  -6.8801e-37  5.70275e-34 -4.97629e-35 -2.09461e-34  2.54382e-35 -8.67442e-35  7.30141e-36  1.86325e-34  7.10493e-36 -1.22689e-34  1.67402e-35 -5.04439e-35  2.82247e-36   4.8302e-35 -5.37951e-36 -2.90334e-36  2.00394e-36  1.77789e-35 -5.26584e-36  1.98321e-35  1.00817e-36 -1.99145e-35  3.19677e-36 -1.04238e-35  2.11845e-36    6.198e-36 -1.53936e-36 -1.15098e-36 -5.04787e-38  2.98338e-37 -2.38447e-37  2.14907e-37  1.35136e-37 -1.82481e-39  1.14019e-37  1.88825e-37  2.28766e-38 -1.12887e-36  9.88458e-40  4.16195e-36  1.54789e-38 -1.42798e-35 -6.25352e-38  4.52474e-35  1.65013e-37 -1.33789e-34 -3.94703e-37  3.69009e-34  8.95764e-37  -9.4689e-34 -1.88427e-36  2.25229e-33  3.67947e-36 -4.94453e-33 -6.64155e-36  9.96684e-33  1.10373e-35 -1.83335e-32 -1.68095e-35  3.05473e-32  2.33363e-35 -4.56913e-32 -2.93512e-35  6.06751e-32  3.32111e-35  -7.0543e-32 -3.35394e-35  7.05298e-32  2.99661e-35 -5.92063e-32 -2.34698e-35  4.03456e-32  1.59731e-35 -2.11914e-32 -9.38366e-36  7.81334e-33  4.74479e-36 -1.58493e-33 -2.06348e-36 -4.39453e-35  7.62378e-37  1.02604e-34 -2.25969e-37 -1.67876e-35  4.58534e-38  1.78432e-37 -3.97662e-39
  1.6154e-37  6.27588e-36  7.26141e-38 -1.78607e-35   -2.613e-36 -3.97954e-35   1.0031e-35   8.5762e-35 -7.66356e-36 -3.96773e-34 -2.53465e-36  2.82522e-34  5.51526e-35  5.76116e-34   -2.576e-35 -5.65658e-34 -1.17663e-34  4.40317e-34 -6.00264e-35 -9.10893e-34  3.31854e-35 -4.24402e-34 -3.90258e-35  4.90152e-33 -7.25375e-35 -7.23629e-34  2.08503e-34 -1.08931e-33  -1.0514e-34  1.14091e-33 -2.42195e-34 -6.55098e-34  1.82198e-34 -6.00388e-34 -3.91462e-35  1.06847e-33 -5.68529e-35 -4.17737e-34  8.34372e-35  -3.9908e-34    1.833e-36  5.72244e-34 -4.59475e-35 -2.14379e-34  2.44263e-35 -5.56547e-35  9.78954e-36  2.05157e-34  7.59744e-36 -1.32132e-34  1.93804e-35 -5.45303e-35  4.49641e-36  3.72602e-35 -6.32549e-36  7.54532e-36  1.78848e-36  2.10292e-35 -6.33664e-36  1.98529e-35  1.34976e-36 -2.06928e-35  3.55937e-36 -1.00402e-35  2.48002e-36  5.37562e-36 -1.76977e-36 -4.99014e-37 -1.59803e-38 -8.99693e-38 -2.15091e-37  7.29187e-37  1.75898e-37 -7.98166e-37  1.18385e-37  2.76375e-36  3.09707e-38 -1.03537e-35 -1.61273e-38  3.59529e-35  7.79461e-38 -1.17556e-34 -2.32726e-37  3.59427e-34  5.72209e-37 -1.02664e-33 -1.29981e-36  2.73246e-33  2.75558e-36 -6.75403e-33 -5.39065e-36  1.54417e-32  9.69863e-36 -3.24998e-32 -1.59439e-35  6.26116e-32  2.37575e-35 -1.09667e-31 -3.17421e-35  1.73211e-31  3.74425e-35 -2.44231e-31 -3.80516e-35  3.03613e-31   3.1852e-35 -3.27513e-31 -1.96918e-35  3.00236e-31  5.28974e-36 -2.27296e-31  6.37837e-36  1.36252e-31 -1.18723e-35 -6.03068e-32  1.12014e-35  1.69888e-32 -7.25224e-36 -1.58804e-33  3.31656e-36 -6.84085e-34 -1.01733e-36  2.25318e-34  1.81127e-37 -1.45631e-35 -1.23102e-38 -5.95908e-37
