 1.74321e-35  3.08129e-51 -3.07438e-35 -7.28749e-51  1.26184e-35 -1.45752e-50  3.39559e-36  -4.1652e-51 -1.11363e-35  9.53713e-51  1.06231e-35  1.72504e-50 -9.51213e-37 -4.62892e-51 -2.86654e-36 -7.03133e-51 -1.14232e-37  5.81885e-52  3.96277e-37  1.27242e-51  4.37836e-37  1.37508e-51  7.20593e-38  1.89159e-51 -2.48916e-37  1.60758e-51  9.20447e-38  -1.0173e-50 -7.60104e-38 -2.87676e-50  4.90602e-38 -1.82033e-49 -1.55188e-38 -6.37355e-49    8.164e-40 -9.72932e-49  1.31582e-39 -9.15375e-49 -2.20774e-40  8.45991e-49  4.94313e-41  4.58123e-48 -5.00045e-41  2.28896e-47 -5.67999e-41  3.56374e-47 -1.23027e-41  5.45033e-47  1.91341e-41  8.45341e-47 -4.24816e-41  8.82828e-47   1.5197e-41  7.76337e-47   4.0617e-42    1.041e-46  3.49701e-42    4.548e-47  2.67088e-43 -6.23648e-47  5.85383e-43 -7.96479e-47 -4.24869e-43 -2.27273e-46  5.57734e-44 -2.34968e-46 -3.68398e-44 -1.70537e-46  -7.1304e-45 -7.93183e-47  2.32102e-45   4.5466e-48 -2.39005e-45  1.10803e-47  2.14252e-45  5.13404e-48  2.38588e-46  2.41264e-48 -4.16191e-46  3.96236e-48  -1.1472e-47 -6.98898e-49 -1.80649e-48  1.50781e-48 -1.90978e-47 -3.58259e-49  1.68557e-47  1.07169e-49 -4.06809e-48 -2.22737e-50  2.11732e-48  1.54765e-49  -4.3799e-48 -2.47924e-49  7.50441e-48  3.92738e-49  -1.1566e-47  -5.8337e-49  1.62932e-47  7.92647e-49 -2.10157e-47 -9.88264e-49  2.47393e-47  1.12109e-48 -2.64228e-47 -1.14898e-48  2.54053e-47  1.05445e-48 -2.17813e-47 -8.57193e-49  1.64551e-47  6.08954e-49 -1.07905e-47 -3.71546e-49  6.02322e-48  1.90285e-49 -2.78768e-48 -7.92482e-50  1.03057e-48  2.56139e-50 -2.87314e-49 -5.95425e-51  5.45878e-50  8.58964e-52 -5.61106e-51 -4.95513e-53
 3.08129e-51  5.25315e-35  1.80361e-50 -5.30075e-35  -2.9279e-50  1.12277e-35 -4.34054e-50  1.19338e-35 -1.39689e-50 -2.43464e-35  1.34076e-50  2.26445e-35  4.02577e-50 -1.67415e-36  -3.8665e-51 -5.18791e-36 -9.76334e-51 -1.44846e-36  3.05353e-51  1.16324e-36   3.1788e-51  1.02831e-36  8.70276e-51  2.02044e-37  3.05061e-50 -5.31377e-37  4.86555e-50  1.85586e-37 -9.82306e-50 -1.53618e-37 -4.18725e-49  1.08305e-37 -2.27088e-48  -4.9761e-38 -6.79857e-48  5.01155e-39 -1.00987e-47  3.62741e-39 -9.98394e-48  -1.9347e-40  6.69008e-48  2.96275e-40  3.66863e-47 -2.32356e-40  1.99488e-46 -1.94425e-40  3.04888e-46 -6.05944e-41  4.63315e-46 -5.06889e-42  7.04902e-46 -1.35746e-40  7.21873e-46  4.90101e-41   6.2192e-46  1.10197e-41  8.15646e-46  1.43833e-41   4.3971e-46   1.4507e-42 -3.45828e-46   1.4949e-42 -4.64738e-46 -1.24155e-42 -1.44854e-45  1.61536e-43 -1.51563e-45 -1.12532e-43 -1.05404e-45 -3.55573e-44 -4.66792e-46  9.97754e-45  3.37171e-47 -1.33652e-44  6.09017e-47  1.00499e-44  2.23686e-47  1.05984e-45  7.63609e-48 -1.65006e-45  1.93969e-47 -2.97386e-47 -3.83698e-48 -2.89558e-47  6.96188e-48 -7.12923e-47 -1.77567e-48  7.49098e-47  9.69503e-49 -3.23382e-47 -1.01618e-48   3.7842e-47  2.29807e-48 -6.63007e-47 -3.76263e-48  1.05822e-46  5.79972e-48 -1.55105e-46 -8.27639e-48  2.08755e-46  1.08268e-47 -2.57177e-46 -1.29366e-47   2.8852e-46  1.40163e-47 -2.92728e-46 -1.36602e-47   2.6627e-46  1.18584e-47 -2.14812e-46  -9.0589e-48  1.51625e-46  5.99727e-48 -9.20253e-47 -3.37304e-48  4.69424e-47  1.56901e-48  -1.9507e-47 -5.81021e-49  6.30876e-48  1.61511e-49 -1.47403e-48 -3.04071e-50  2.15126e-49  3.07219e-51 -1.26644e-50
-3.07438e-35  1.80361e-50  8.37173e-35  5.89856e-50 -6.47411e-35 -6.84519e-50   3.8149e-36 -8.62708e-50  2.13007e-35  -4.2048e-50 -3.69083e-35  7.85677e-51  3.40543e-35  5.86132e-50 -1.31178e-36  4.72822e-51 -7.67496e-36 -2.55195e-51 -3.30976e-36  9.78273e-51  1.99663e-36  9.99725e-51  1.68695e-36  6.74336e-50  4.60605e-37  2.94699e-49 -7.63224e-37  5.81356e-49  2.57631e-37 -6.60677e-49 -2.12567e-37 -3.87032e-48  1.77276e-37 -1.91318e-47 -1.11691e-37 -4.99901e-47  1.26557e-38 -7.18975e-47  7.47408e-39 -7.36646e-47  5.49948e-41  3.64803e-47  1.33147e-39  2.03977e-46 -7.45428e-40  1.20097e-45 -5.76898e-40  1.80577e-45 -9.87658e-41  2.71311e-45 -1.66232e-40  4.02355e-45 -3.21831e-40   4.0503e-45  1.02044e-40  3.39946e-45  2.54452e-41  4.41592e-45   3.7636e-41  2.75119e-45  4.13245e-42 -1.22282e-45  2.49598e-42  -1.8103e-45 -2.68111e-42 -6.33148e-45  4.99067e-43 -6.71684e-45 -2.54453e-43 -4.47311e-45 -1.27909e-43 -1.88141e-45  3.05851e-44  1.64491e-46 -4.64487e-44  2.34396e-46  3.29658e-44  6.46277e-47  2.79534e-45  1.08694e-47 -4.70453e-45  6.59063e-47  -1.2416e-47 -1.46102e-47 -1.31357e-46  2.29749e-47 -2.19595e-46 -8.23047e-48  2.97072e-46  8.72467e-48 -2.58747e-46 -1.36852e-47   4.0044e-46  2.51444e-47 -6.59006e-46 -4.03806e-47  1.00159e-45  6.01821e-47 -1.40317e-45 -8.26222e-47  1.80573e-45  1.03811e-46 -2.12458e-45 -1.18695e-46  2.27151e-45  1.22572e-46 -2.18954e-45 -1.13308e-46  1.88388e-45  9.27457e-47 -1.42873e-45 -6.63106e-47  9.39962e-46  4.06974e-47 -5.25594e-46 -2.09535e-47  2.43145e-46    8.767e-48 -8.96378e-47 -2.84459e-48  2.48755e-47  6.63261e-49 -4.70074e-48 -9.58782e-50  4.80692e-49  5.53582e-51
-7.28749e-51 -5.30075e-35  5.89856e-50  1.09273e-34   1.3324e-49 -8.08955e-35 -1.08346e-49 -1.51201e-36 -1.35037e-49  2.55346e-35 -9.59171e-50 -4.22164e-35 -1.46027e-50  4.09229e-35  5.72754e-50  7.87193e-37  2.15735e-50 -1.04032e-35  2.49107e-50 -5.22472e-36  2.52544e-50  2.67567e-36  6.49882e-50  2.12165e-36  4.79112e-49  8.34602e-37  2.21121e-48 -7.85747e-37  4.80398e-48  3.03605e-37 -3.56317e-48 -2.41186e-37 -2.72249e-47  2.52745e-37 -1.26368e-46 -2.00943e-37 -2.92314e-46  2.38199e-38 -4.05594e-46  1.20336e-38 -4.27661e-46  6.59393e-40  1.58111e-46  4.32628e-39  9.17901e-46 -2.03268e-39  5.77374e-45 -1.52328e-39  8.55312e-45  3.49056e-41  1.26472e-44 -5.87046e-40  1.81541e-44  -6.5047e-40  1.79946e-44  1.50764e-40  1.46148e-44  6.13111e-41  1.90543e-44  7.15627e-41  1.31566e-44  8.46755e-42 -2.97386e-45  2.93773e-42 -5.35669e-45 -5.22855e-42  -2.1905e-44  1.54254e-42 -2.36216e-44 -4.66722e-43  -1.5051e-44 -3.78867e-43 -5.99779e-45  7.96259e-44  6.15379e-46  -1.2369e-43  7.28426e-46  8.76885e-44  1.42024e-46  4.96959e-45 -1.35318e-47 -1.10758e-44  1.80847e-46  1.49085e-46 -4.80417e-47 -2.79106e-46  7.01733e-47 -8.38154e-46 -4.89169e-47  1.42746e-45   7.6892e-47 -1.94986e-45 -1.32859e-46  3.17977e-45  2.26595e-46 -4.99176e-45 -3.52799e-46  7.25376e-45  5.07102e-46 -9.72576e-45 -6.69211e-46  1.19827e-44  8.05963e-46 -1.34938e-44 -8.79949e-46  1.37904e-44  8.63866e-46 -1.26709e-44 -7.55096e-46  1.03406e-44  5.80549e-46 -7.38074e-45 -3.86623e-46  4.51907e-45  2.18624e-46 -2.31616e-45 -1.02188e-46  9.62404e-46  3.80014e-47 -3.09858e-46 -1.06015e-47  7.18732e-47  2.00173e-48 -1.04066e-47 -2.02683e-49  6.08271e-49
 1.26184e-35  -2.9279e-50 -6.47411e-35   1.3324e-49  1.48377e-34  2.30781e-49 -1.09279e-34 -1.20606e-49 -4.23975e-36 -1.76348e-49  1.97065e-35  -1.6433e-49 -3.60522e-35 -5.86484e-50  4.21342e-35  3.22531e-50    3.951e-36  5.83815e-50  -1.2842e-35  1.26722e-49 -6.96387e-36  8.21079e-50  3.02384e-36   4.8164e-49  2.08707e-36  2.95396e-48   1.1721e-36  1.39034e-47 -4.71391e-37   3.1199e-47  3.68457e-37 -1.64817e-47 -2.59664e-37 -1.57115e-46  3.33976e-37 -6.96622e-46 -3.07354e-37 -1.44106e-45  4.12392e-38 -1.92316e-45  1.49473e-38 -2.07953e-45  2.20875e-39  5.82847e-46  1.10737e-38   3.6001e-45 -4.78555e-39  2.35503e-44 -3.52389e-39  3.43926e-44  5.89994e-40  4.98393e-44 -1.32263e-39  6.86753e-44 -1.18367e-39  6.71194e-44  1.40491e-40  5.23189e-44  1.51902e-40  6.94466e-44  9.85826e-41  5.16447e-44  1.42587e-41 -4.10092e-45  2.02849e-42 -1.24226e-44 -1.02557e-41 -6.35958e-44  4.15355e-42 -6.99348e-44 -6.81599e-43 -4.25962e-44 -9.70561e-43 -1.60447e-44  1.91529e-43  1.88321e-45 -2.75863e-43  1.93339e-45    2.005e-43  2.54034e-46   5.3673e-45 -1.39452e-46 -2.25726e-44  4.38501e-46  3.24716e-46  -1.7148e-46  5.02665e-46  2.68226e-46 -4.27938e-45 -3.51083e-46  7.78264e-45  6.24654e-46 -1.23168e-44 -1.08236e-45  1.96342e-44  1.76664e-45 -2.93966e-44 -2.65606e-45  4.08607e-44  3.67482e-45 -5.25934e-44 -4.65363e-45  6.24372e-44  5.36001e-45 -6.79416e-44 -5.57371e-45  6.71396e-44   5.1861e-45 -5.94847e-44 -4.27077e-45  4.64777e-44   3.0706e-45 -3.13848e-44  -1.8942e-45  1.78788e-44  9.79768e-46 -8.34499e-45 -4.11637e-46  3.07384e-45  1.34051e-46 -8.46012e-46 -3.13556e-47  1.58031e-46  4.54497e-48 -1.59817e-47 -2.63016e-49
-1.45752e-50  1.12277e-35 -6.84519e-50 -8.08955e-35  2.30781e-49  2.07779e-34   3.2822e-49 -1.39885e-34 -8.77069e-50  -7.5749e-36 -1.92098e-49  2.86753e-36  -2.2047e-49 -2.06274e-35 -1.16233e-49  4.02196e-35  2.71634e-50  6.67171e-36  2.17018e-49 -1.41685e-35  6.06885e-49 -8.31893e-36  3.69628e-49   2.8845e-36   2.9873e-48  1.53762e-36  1.59343e-47    1.206e-36  7.55875e-47  2.27109e-37  1.68581e-46  5.25581e-37 -6.82718e-47 -3.07155e-37 -7.74113e-46  4.16586e-37 -3.31895e-45 -4.16638e-37 -6.18525e-45  7.31169e-38 -7.91512e-45  1.26826e-38 -8.76064e-45   6.0324e-39  1.93875e-45  2.36157e-38  1.29593e-44 -9.66114e-39  8.43505e-44 -7.15418e-39  1.21389e-43  1.75573e-39  1.71768e-43 -2.21182e-39  2.24918e-43 -2.00131e-39  2.17043e-43 -8.73589e-42  1.60697e-43   3.5876e-40  2.20693e-43   7.6758e-41  1.73207e-43  2.14628e-41  3.71872e-45 -6.61646e-43 -2.18653e-44 -2.08038e-41 -1.59961e-43  9.50274e-42 -1.80048e-43 -7.07723e-43 -1.04757e-43 -2.20619e-42 -3.72121e-44  4.40579e-43  4.88508e-45 -5.40442e-43  4.50457e-45  4.05977e-43  4.19126e-46 -7.41425e-46 -5.66381e-46 -3.99586e-44  1.08287e-45 -1.73491e-45 -8.16328e-46  7.77315e-45  1.46984e-45 -2.08318e-44 -2.56094e-45  3.61371e-44  4.60802e-45 -5.65524e-44 -7.79402e-45  8.50386e-44  1.22521e-44 -1.20472e-43 -1.77458e-44  1.60807e-43  2.35851e-44 -2.02334e-43 -2.85976e-44  2.38783e-43  3.14204e-44 -2.61139e-43 -3.10279e-44  2.59784e-43  2.72688e-44 -2.29736e-43 -2.10702e-44  1.76076e-43  1.40959e-44 -1.13861e-43 -8.00376e-45  6.03696e-44  3.75499e-45 -2.54035e-44 -1.40107e-45  8.13697e-45  3.92036e-46 -1.85802e-45 -7.42224e-47  2.64335e-46  7.53398e-48 -1.52353e-47
 3.39559e-36 -4.34054e-50   3.8149e-36 -1.08346e-49 -1.09279e-34   3.2822e-49  2.72402e-34  4.02186e-49 -1.58113e-34 -1.66422e-50 -1.28417e-35 -1.64959e-49 -2.04734e-35  -2.3985e-49 -3.55323e-36 -1.46817e-49  3.89168e-35  2.84112e-49  7.92776e-36  1.06523e-48 -1.39276e-35  2.90139e-48 -8.98651e-36  1.64127e-48   2.2622e-36  1.52798e-47  6.08262e-37  7.60923e-47  6.63479e-37  3.61798e-46  1.26826e-36  7.83346e-46  8.37366e-37  -2.6024e-46 -4.12442e-37 -3.33306e-45  4.88367e-37  -1.3976e-44 -5.20508e-37 -2.35973e-44  1.33988e-37 -2.88545e-44  8.71678e-40 -3.26471e-44  1.42718e-38  6.22637e-45   4.3341e-38   4.4477e-44 -1.67706e-38  2.71409e-43  -1.2893e-38  3.84275e-43  3.44304e-39  5.29488e-43 -2.72878e-39  6.50579e-43 -3.21821e-39  6.21001e-43 -3.80581e-40  4.30798e-43  7.76573e-40  6.23961e-43 -6.22943e-41   5.0929e-43  3.00968e-41  4.64042e-44 -4.39528e-42 -2.37153e-44 -4.21954e-41 -3.55665e-43  1.88415e-41 -4.11414e-43 -2.47883e-43 -2.28631e-43 -4.52434e-42 -7.64142e-44  9.68295e-43  1.09889e-44 -9.56032e-43  9.30459e-45  7.40909e-43  9.22449e-46 -2.08419e-44 -2.06152e-45 -6.06512e-44   3.5143e-45 -1.04636e-44 -4.92609e-45  2.61018e-44   9.5158e-45 -4.74961e-44 -1.76087e-44   6.1535e-44  3.09963e-44 -6.67916e-44 -5.07547e-44  6.74674e-44  7.68522e-44 -7.55207e-44 -1.07009e-43   1.1837e-43  1.36314e-43  -2.2576e-43 -1.57871e-43  4.01413e-43  1.64998e-43 -5.98547e-43 -1.54237e-43  7.30155e-43  1.27553e-43 -7.23034e-43 -9.20602e-44  5.76111e-43  5.69868e-44 -3.64302e-43 -2.95678e-44  1.79235e-43  1.24571e-44 -6.67596e-44 -4.06688e-45  1.80637e-44  9.53461e-46 -3.28077e-45 -1.38504e-46  3.24058e-46  8.03266e-48
 -4.1652e-51  1.19338e-35 -8.62708e-50 -1.51201e-36 -1.20606e-49 -1.39885e-34  4.02186e-49  3.21754e-34  4.37781e-49 -1.57933e-34  7.00523e-50 -1.85175e-35 -9.02749e-50 -4.27714e-35 -2.04696e-49  7.30268e-36  2.22549e-50  4.00772e-35   1.9343e-48  7.98162e-36  5.28525e-48 -1.23815e-35  1.28524e-47 -8.73252e-36   5.7151e-48  1.49647e-36  6.57201e-47 -5.26197e-37  3.24696e-46 -6.09969e-37  1.54478e-45  2.54139e-36  3.20088e-45  1.32458e-36 -9.21195e-46 -5.64492e-37 -1.27138e-44  5.29982e-37 -5.28378e-44 -6.22141e-37 -8.12138e-44  2.41713e-37 -9.44883e-44 -2.58296e-38 -1.09126e-43  2.95653e-38  2.05172e-44  6.97334e-38  1.48669e-43 -2.51943e-38  7.97496e-43 -2.09173e-38  1.10768e-42  5.13025e-39  1.48404e-42 -1.91877e-39  1.68391e-42 -5.01309e-39  1.59461e-42 -1.03523e-39  1.01718e-42  1.53128e-39  1.59165e-42 -4.04465e-40  1.33696e-42  3.81267e-41  1.84898e-43 -6.26901e-42  1.20514e-44 -8.19888e-41 -7.08894e-43   3.3293e-41 -8.46158e-43  9.48126e-43 -4.49563e-43 -8.47424e-42 -1.41059e-43  2.00255e-42  2.18608e-44 -1.55001e-42  1.67324e-44  1.22678e-42  3.77191e-45 -4.48471e-44 -8.94548e-45 -1.31879e-43  1.68971e-44  1.11674e-43 -3.16207e-44 -2.79006e-43  6.13972e-44  6.41408e-43 -1.12263e-43 -1.31522e-42  1.91459e-43  2.35101e-42 -3.02456e-43 -3.64869e-42  4.40484e-43  4.87714e-42 -5.88363e-43 -5.50358e-42  7.16683e-43  5.03742e-42 -7.90726e-43 -3.39966e-42  7.83813e-43  1.13232e-42  -6.9121e-43  8.36169e-43  5.35723e-43 -1.79133e-42 -3.59375e-43  1.69472e-42  2.04548e-43 -1.07066e-42 -9.61689e-44  4.80582e-43  3.59502e-44 -1.53223e-43 -1.00763e-44  3.35752e-44  1.91071e-45 -4.57211e-45 -1.94252e-46  2.57293e-46
-1.11363e-35 -1.39689e-50  2.13007e-35 -1.35037e-49 -4.23975e-36 -8.77069e-50 -1.58113e-34  4.37781e-49  3.45283e-34   4.3088e-49 -1.43964e-34  1.51871e-49  -2.2097e-35  1.81026e-50 -5.78533e-35 -4.47186e-50  8.36262e-36   1.1878e-48  4.25866e-35  9.88382e-48  8.06737e-36   2.4095e-47  -1.0284e-35  5.10708e-47  -7.6376e-36   1.1592e-47  1.25694e-36  2.40259e-46 -1.77288e-36  1.24762e-45 -2.58164e-36  5.94835e-45   3.8893e-36  1.17023e-44  1.95771e-36 -2.98736e-45 -6.96805e-37 -4.32525e-44  5.18179e-37 -1.81432e-43 -7.28854e-37 -2.55094e-43  4.09947e-37 -2.80882e-43 -7.38674e-38 -3.30423e-43  5.41661e-38  7.04463e-44  9.91881e-38  4.85249e-43 -3.27891e-38  2.16611e-42 -3.09957e-38  2.93938e-42   5.9218e-39  3.83077e-42  1.51524e-39  3.93361e-42 -7.65905e-39  3.71389e-42 -1.99395e-39  2.12004e-42  2.77036e-39  3.70165e-42 -1.03187e-39  3.17669e-42  3.70984e-41  5.35884e-43 -3.50982e-43  1.49781e-43 -1.48936e-40 -1.27994e-42  5.39144e-41 -1.58227e-42  2.80135e-42 -8.06008e-43 -1.46375e-41 -2.37191e-43  3.83259e-42  3.98998e-44 -2.27527e-42  2.28321e-44  1.70983e-42  2.13692e-44  3.58126e-43 -4.81028e-44 -1.36102e-42   9.8694e-44  2.98009e-42 -1.96735e-43  -6.4966e-42  3.73902e-43  1.28878e-41 -6.63473e-43 -2.30803e-41  1.09222e-42   3.7002e-41 -1.66089e-42 -5.26199e-41  2.32208e-42  6.55645e-41 -2.96894e-42 -7.03252e-41  3.44989e-42  6.32129e-41 -3.61637e-42  -4.5455e-41  3.38946e-42  2.35851e-41 -2.80957e-42 -5.78369e-42  2.03188e-42 -3.33245e-42 -1.25996e-42  4.85891e-42  6.54698e-43 -3.02508e-42 -2.76172e-43  1.18312e-42  9.02555e-44 -3.05951e-43 -2.11787e-44  5.13517e-44  3.07898e-45 -4.81173e-45 -1.78721e-46
 9.53713e-51 -2.43464e-35  -4.2048e-50  2.55346e-35 -1.76348e-49  -7.5749e-36 -1.66422e-50 -1.57933e-34   4.3088e-49  3.45522e-34  3.91061e-49 -1.26081e-34  2.13577e-49 -2.19659e-35  1.36969e-49 -6.36884e-35  6.00929e-49  1.19516e-36  6.81234e-48  4.35457e-35  4.35738e-47  9.41949e-36  9.92311e-47 -8.37041e-36  1.79909e-46  -6.1468e-36 -2.09088e-47  2.30166e-36   7.4442e-46 -3.14051e-36  4.34797e-45 -5.03416e-36  2.08661e-44  5.11452e-36  3.88862e-44  2.66799e-36 -8.49022e-45   -6.925e-37 -1.31236e-43  4.27857e-37 -5.70927e-43 -8.32452e-37 -7.38555e-43  6.37949e-37 -7.64526e-43 -1.49798e-37 -9.13026e-43  8.84821e-38  2.43018e-43  1.24294e-37  1.53083e-42 -3.63619e-38  5.48668e-42 -4.25879e-38  7.23777e-42  4.89211e-39  9.20243e-42  8.97016e-39  8.33318e-42 -1.15376e-38  7.91141e-42 -3.24798e-39  3.87598e-42  4.64624e-39   7.9131e-42 -1.99313e-39  6.90675e-42  7.75188e-42  1.28635e-42  2.25714e-41  4.98916e-43 -2.51062e-40 -2.11122e-42  8.22013e-41 -2.71022e-42  4.59366e-42 -1.33082e-42  -2.3436e-41 -3.70012e-43  6.49648e-42  7.54099e-44 -2.23483e-42 -3.17658e-45 -2.59455e-43  1.27884e-43  7.43312e-42  -2.8121e-43 -1.86091e-41  5.85295e-43  4.11242e-41 -1.15405e-42  -8.3658e-41  2.12702e-42  1.54897e-40 -3.64473e-42 -2.59262e-40  5.77891e-42  3.89054e-40 -8.44283e-42 -5.18081e-40  1.13097e-41  6.04093e-40 -1.38115e-41 -6.05737e-40  1.52727e-41  5.08928e-40 -1.51688e-41 -3.43671e-40  1.33991e-41  1.71924e-40 -1.03996e-41 -4.96942e-41  6.98438e-42 -5.79171e-42 -3.97896e-42  1.50958e-41  1.87198e-42 -8.41607e-42 -7.00104e-43   2.6501e-42  1.96276e-43 -5.16897e-43 -3.72209e-44  6.24173e-44  3.78388e-45 -3.41384e-45
 1.06231e-35  1.34076e-50 -3.69083e-35 -9.59171e-50  1.97065e-35 -1.92098e-49 -1.28417e-35  7.00523e-50 -1.43964e-34  3.91061e-49  3.33164e-34  3.37629e-49 -1.13014e-34  2.04798e-49 -1.80708e-35  1.93529e-49 -6.20041e-35  3.09391e-48 -9.71037e-36  3.03975e-47  4.02504e-35  1.72951e-46  1.24728e-35  3.68765e-46 -7.04568e-36  5.55467e-46 -4.85072e-36 -3.64194e-46   5.1229e-36  1.90974e-45 -4.67457e-36  1.38498e-44 -7.61022e-36  6.73737e-44  5.96586e-36  1.19454e-43  3.36929e-36 -1.88239e-44 -4.09369e-37   -3.519e-43  2.31972e-37 -1.65823e-42 -8.87605e-37 -1.98926e-42  9.02102e-37 -1.92022e-42 -2.57472e-37  -2.3155e-42  1.29378e-37  8.01576e-43  1.33757e-37  4.60512e-42 -3.20387e-38  1.30365e-41 -5.51684e-38  1.66292e-41  1.64941e-39  2.07503e-41  2.16081e-38  1.60249e-41 -1.71172e-38  1.55231e-41 -4.78911e-39  6.08272e-42  7.29552e-39  1.56531e-41  -3.2747e-39   1.3867e-41 -8.00447e-41  2.68893e-42  7.43167e-41  1.21027e-42 -3.93593e-40 -3.20456e-42  1.21041e-40 -4.27715e-42   4.5428e-42 -2.03793e-42  -3.3911e-41 -5.62378e-43  6.31645e-42  1.97512e-43  9.81894e-42 -2.47755e-43 -3.43348e-41  7.50226e-43  9.36536e-41 -1.62241e-42 -2.15535e-40   3.3153e-42  4.53926e-40 -6.34692e-42 -8.74424e-40  1.13026e-41  1.53102e-39 -1.86624e-41 -2.41854e-39  2.84497e-41  3.41586e-39 -3.98617e-41 -4.26458e-39  5.10629e-41  4.63773e-39 -5.94325e-41 -4.30755e-39  6.23876e-41  3.32216e-39 -5.85408e-41 -2.03434e-39  4.85703e-41    9.066e-40 -3.51505e-41 -2.25302e-40  2.18068e-41 -2.76505e-41 -1.13339e-41   5.1874e-41  4.78093e-42 -2.24026e-41 -1.56203e-42  5.15253e-42   3.6634e-43 -6.96611e-43 -5.32163e-44  5.75373e-44  3.08576e-45
 1.72504e-50  2.26445e-35  7.85677e-51 -4.22164e-35  -1.6433e-49  2.86753e-36 -1.64959e-49 -1.85175e-35  1.51871e-49 -1.26081e-34  3.37629e-49   3.2012e-34  2.43806e-49 -1.08596e-34 -1.81819e-49 -1.17048e-35 -4.89829e-49 -5.59506e-35  1.14478e-47 -1.98605e-35  1.18836e-46  3.15933e-35  6.26497e-46  1.67264e-35  1.23705e-45 -6.46884e-36  1.46741e-45  -4.1446e-36 -2.31483e-45  9.66026e-36   3.7708e-45 -6.36844e-36  4.06959e-44 -9.86404e-36  2.02562e-43  6.12028e-36  3.46161e-43   3.9821e-36 -1.76295e-44  2.81966e-37 -8.11646e-43 -9.85848e-38 -4.47165e-42 -8.02402e-37   -5.031e-42  1.15404e-36 -4.48495e-42 -3.93937e-37 -5.41332e-42   1.6894e-37  2.44294e-42  1.12942e-37  1.30722e-41 -1.55694e-38  2.91487e-41 -6.86564e-38  3.57783e-41  -3.0776e-39  4.42276e-41  4.00288e-38  2.78543e-41 -2.48852e-38  2.82309e-41 -6.64293e-39  7.69968e-42   1.0818e-38  2.88138e-41 -4.78616e-39  2.59149e-41 -2.59111e-40  5.02948e-42  1.67952e-40  2.44523e-42 -5.78146e-40  -4.5029e-42  1.76837e-40 -6.25741e-42 -4.15405e-42 -2.87888e-42 -3.03748e-41 -9.75403e-43  -4.2836e-41   8.3397e-43  1.59866e-40 -1.76095e-42 -4.19152e-40   4.2204e-42  1.00439e-39 -8.91904e-42 -2.19824e-39  1.76937e-41  4.41272e-39 -3.27322e-41 -8.08293e-39  5.62068e-41  1.34201e-38 -8.92902e-41 -2.00314e-38  1.30663e-40  2.66108e-38 -1.75276e-40 -3.10653e-38  2.14303e-40  3.13475e-38 -2.37208e-40 -2.67388e-38  2.35779e-40  1.86638e-38 -2.08394e-40 -1.01084e-38  1.61807e-40  3.80541e-39 -1.08688e-40 -6.62883e-40  6.19158e-41 -2.05853e-40 -2.91206e-41  1.77016e-40  1.08844e-41 -5.28238e-41 -3.04868e-42  7.92589e-42  5.77387e-43 -6.82194e-43 -5.85955e-44  3.78867e-44
-9.51213e-37  4.02577e-50  3.40543e-35 -1.46027e-50 -3.60522e-35  -2.2047e-49 -2.04734e-35 -9.02749e-50  -2.2097e-35  2.13577e-49 -1.13014e-34  2.43806e-49  3.14018e-34 -2.70474e-49 -1.11358e-34 -2.62554e-48 -5.10271e-36 -6.69589e-48 -4.79409e-35  3.42653e-47 -2.66002e-35  4.16292e-46  1.83923e-35  2.08142e-45  2.11912e-35  3.73917e-45 -6.85992e-36  3.11388e-45 -3.96236e-36 -1.09128e-44  1.51971e-35  4.20258e-45 -8.09469e-36  1.11598e-43 -1.13073e-35  5.74772e-43  5.18622e-36  9.69259e-43   4.4537e-36  1.15423e-43  1.45737e-36  -1.4897e-42 -5.92573e-37 -1.12517e-41 -4.49808e-37 -1.20644e-41  1.32804e-36 -9.82283e-42  -5.4594e-37 -1.17023e-41  1.94524e-37  6.75972e-42  4.49821e-38  3.48131e-41  1.75412e-38   6.1382e-41 -8.37096e-38  7.22307e-41 -7.09177e-39  8.96037e-41   6.4038e-38  4.31806e-41 -3.52292e-38   4.7871e-41 -8.88077e-39  6.14386e-42  1.52598e-38  4.95996e-41 -6.37102e-39  4.54005e-41  -5.4853e-40  8.57329e-42  3.17465e-40  4.30415e-42 -8.07789e-40 -5.86362e-42  2.74923e-40 -8.60879e-42 -8.09616e-41 -3.49703e-42  1.62601e-40 -2.58087e-42 -6.34816e-40  4.39138e-42  1.74041e-39 -1.01309e-41 -4.29109e-39  2.25578e-41  9.76573e-39 -4.63105e-41 -2.04305e-38  8.88441e-41  3.91276e-38 -1.58536e-40 -6.81795e-38  2.62129e-40  1.07291e-37 -4.00092e-40 -1.51099e-37  5.61166e-40  1.88301e-37 -7.19482e-40 -2.04694e-37  8.38009e-40  1.90474e-37 -8.80164e-40 -1.47816e-37  8.26217e-40  9.19887e-38  -6.8565e-40 -4.28746e-38  4.96224e-40  1.27299e-38 -3.07794e-40 -8.39062e-40  1.59906e-40 -1.14777e-39 -6.74041e-41  5.28359e-40  2.19988e-41  -9.9025e-41 -5.15154e-42  8.01005e-42  7.46798e-43 -4.42092e-43 -4.31846e-44
-4.62892e-51 -1.67415e-36  5.86132e-50  4.09229e-35 -5.86484e-50 -2.06274e-35  -2.3985e-49 -4.27714e-35  1.81026e-50 -2.19659e-35  2.04798e-49 -1.08596e-34 -2.70474e-49  3.15985e-34 -3.45487e-48 -1.16517e-34 -1.53228e-47 -1.01778e-36 -4.46199e-47 -3.88706e-35  7.77089e-47 -2.94576e-35  1.30792e-45  2.84913e-36  6.35079e-45  2.50028e-35  1.01184e-44 -8.73226e-36   4.1666e-45 -3.69033e-36 -4.30148e-44  2.04607e-35 -5.93971e-45 -9.57198e-36  2.89735e-43 -1.14622e-35  1.56312e-42  2.74985e-36  2.68673e-42  4.77059e-36  9.39851e-43  3.10822e-36 -1.53248e-42 -1.27333e-36 -2.65352e-41  3.02456e-37 -2.77135e-41  1.35621e-36 -2.03621e-41 -6.89449e-37 -2.34209e-41   1.9068e-37  1.68353e-41 -8.73871e-38  8.68189e-41  7.18985e-38  1.21593e-40 -1.01618e-37  1.36936e-40 -6.84897e-39  1.73282e-40  9.25598e-38  5.77007e-41 -4.82808e-38  7.61361e-41 -1.15974e-38 -3.46163e-42  2.06046e-38  8.01943e-41   -7.846e-39  7.50378e-41 -9.37315e-40  1.35209e-41  5.51033e-40    6.674e-42 -1.13948e-39 -6.89662e-42   6.2372e-40 -1.17864e-41 -8.46719e-40  -1.8455e-42  2.35217e-39 -1.06771e-41 -6.66852e-39  2.34712e-41  1.70805e-38 -5.34608e-41 -4.03586e-38  1.14168e-40  8.79548e-38 -2.26907e-40 -1.75955e-37  4.20233e-40  3.21325e-37   -7.225e-40 -5.32018e-37  1.14884e-39  7.92074e-37 -1.68254e-39 -1.04968e-36  2.25858e-39  1.22259e-36 -2.76306e-39  -1.2312e-36  3.05977e-39  1.04874e-36 -3.04233e-39 -7.32303e-37  2.68947e-39  3.98874e-37 -2.08828e-39 -1.53983e-37  1.40251e-39  3.14456e-38 -7.98655e-40  3.84349e-39  3.75382e-40 -4.67371e-39 -1.40166e-40  1.25087e-39  3.92032e-41 -1.22055e-40 -7.40962e-42  2.19344e-42   7.4986e-43 -2.44953e-43
-2.86654e-36  -3.8665e-51 -1.31178e-36  5.72754e-50  4.21342e-35 -1.16233e-49 -3.55323e-36 -2.04696e-49 -5.78533e-35  1.36969e-49 -1.80708e-35 -1.81819e-49 -1.11358e-34 -3.45487e-48  3.22205e-34 -2.03039e-47 -1.18864e-34 -7.45049e-47 -2.09497e-36 -2.35852e-46 -2.85618e-35  8.17808e-47 -2.94269e-35  3.64276e-45 -1.23927e-35  1.77636e-44  2.78223e-35  2.41361e-44 -1.29076e-35 -3.53599e-45 -2.25163e-36 -1.48305e-43  2.38834e-35 -4.98811e-44 -1.03719e-35  7.23373e-43  -9.9394e-36  4.13906e-42 -1.53594e-36  7.49784e-42  4.95972e-36  4.55531e-42  5.13175e-36   3.0407e-42 -2.15377e-36 -5.88949e-41  1.55614e-36 -6.16063e-41  1.18622e-36 -4.03487e-41 -7.93944e-37 -4.33153e-41  1.43068e-37  3.74806e-41  -2.9897e-37  2.02899e-40  1.51696e-37  2.25907e-40 -1.23667e-37  2.43754e-40  1.83892e-39  3.20841e-40   1.2371e-37  6.01268e-41 -6.37484e-38  1.14256e-40 -1.48621e-38 -2.87776e-41  2.67727e-38  1.22287e-40 -9.05165e-39  1.17652e-40 -1.41258e-39  2.00639e-41  1.06589e-39  8.76899e-42 -2.21598e-39 -5.97448e-42   3.3012e-39 -1.95616e-41 -8.52267e-39  1.29937e-41  2.40039e-38 -5.22912e-41 -6.37279e-38  1.20188e-40  1.56446e-37 -2.65343e-40 -3.54857e-37  5.46928e-40  7.40788e-37 -1.05035e-39 -1.41581e-36   1.8758e-39  2.46195e-36 -3.10415e-39 -3.86579e-36  4.74128e-39  5.43123e-36 -6.65426e-39 -6.75017e-36   8.5362e-39  7.31503e-36 -9.94697e-39 -6.78232e-36  1.04511e-38  5.24168e-36 -9.81305e-39 -3.24787e-36  8.14457e-39  1.50944e-36 -5.89433e-39 -4.52099e-37  3.65534e-39  3.83788e-38 -1.89818e-39  3.21401e-38  7.99529e-40 -1.41793e-38 -2.60643e-40  2.07968e-39  6.09323e-41 -3.07028e-41 -8.81165e-42 -5.68287e-42  5.07793e-43
-7.03133e-51 -5.18791e-36  4.72822e-51  7.87193e-37  3.22531e-50  4.02196e-35 -1.46817e-49  7.30268e-36 -4.47186e-50 -6.36884e-35  1.93529e-49 -1.17048e-35 -2.62554e-48 -1.16517e-34 -2.03039e-47  3.27841e-34 -9.88065e-47 -1.15166e-34 -3.26439e-46 -1.00775e-35 -1.08034e-45 -1.66083e-35 -3.84431e-46 -2.78933e-35  8.70436e-45 -2.51329e-35  4.52559e-44  2.99068e-35  4.89309e-44 -2.03849e-35 -5.00177e-44  1.70233e-36 -4.57262e-43  2.39503e-35 -1.58972e-43  -9.9711e-36  1.75833e-42 -6.53648e-36  1.08093e-41  -7.8465e-36  2.11139e-41  5.07769e-36  1.77659e-41   7.3498e-36   2.5586e-41 -3.23434e-36 -1.23537e-40  3.35642e-36 -1.33704e-40  7.95106e-37 -7.71379e-41  -8.3148e-37 -7.34423e-41  4.39254e-38  7.37664e-41 -5.98086e-37  4.45338e-40  2.59531e-37  3.91782e-40 -1.50126e-37  4.07097e-40  2.25855e-38  5.69948e-40  1.55018e-37  2.79107e-41 -8.07822e-38  1.62736e-40 -1.86644e-38 -8.01082e-41  3.36044e-38  1.76606e-40  -9.7942e-39  1.75668e-40 -2.41475e-39  2.89384e-41  3.83219e-39  7.14216e-42 -1.05601e-38  5.04184e-42  2.85829e-38 -5.31224e-41 -8.19672e-38  9.57765e-41   2.2434e-37 -2.57786e-40 -5.71676e-37  5.84154e-40   1.3487e-36  -1.2468e-39 -2.93488e-36  2.48246e-39  5.86275e-36 -4.60124e-39 -1.06892e-35  7.91652e-39  1.76654e-35  -1.2597e-38  -2.6243e-35  1.84609e-38   3.4686e-35 -2.47961e-38 -4.02678e-35  3.03509e-38  4.03852e-35  -3.3626e-38   -3.422e-35  3.34476e-38  2.37317e-35 -2.95774e-38 -1.28084e-35  2.29703e-38  4.88252e-36 -1.54279e-38 -9.79471e-37  8.78423e-39 -1.15105e-37  -4.1272e-39  1.33046e-37  1.53999e-39  -3.1178e-38 -4.30225e-40  1.59729e-39  8.11709e-41  2.15834e-40 -8.19279e-42 -4.46004e-42
-1.14232e-37 -9.76334e-51 -7.67496e-36  2.15735e-50    3.951e-36  2.71634e-50  3.89168e-35  2.22549e-50  8.36262e-36  6.00929e-49 -6.20041e-35 -4.89829e-49 -5.10271e-36 -1.53228e-47 -1.18864e-34 -9.88065e-47  3.30614e-34  -4.2955e-46 -1.05218e-34 -1.31409e-45  -2.5202e-35 -4.44156e-45 -2.95781e-36 -3.26674e-45 -2.58216e-35  1.62127e-44 -3.41564e-35  1.03471e-43  3.19653e-35  7.60606e-44 -3.22146e-35 -2.20853e-43  9.55237e-36 -1.27554e-42  1.95472e-35 -2.91006e-43  -7.8513e-36  4.17064e-42 -1.32593e-36   2.8011e-41 -1.61068e-35  5.93042e-41  5.19099e-36  6.01795e-41  9.55403e-36  1.03741e-40 -4.50447e-36 -2.46017e-40  5.68604e-36 -2.84996e-40  1.94575e-37 -1.43156e-40 -7.88525e-37 -1.11778e-40 -1.01864e-37  1.25237e-40  -9.8183e-37  9.20692e-40  3.94735e-37  6.29756e-40 -1.79292e-37  6.37217e-40  5.69543e-38  9.72707e-40  1.83787e-37 -7.71944e-41  -9.7937e-38  2.21133e-40 -2.28142e-38  -1.6943e-40  4.05515e-38  2.42855e-40 -8.61256e-39  2.49634e-40 -9.47887e-39  4.45417e-41  2.83437e-38  -1.3946e-41 -8.88099e-38  6.68659e-41  2.64627e-37 -2.18067e-40 -7.48364e-37  5.06244e-40  1.97691e-36 -1.22389e-39 -4.84676e-36  2.69601e-39  1.09832e-35 -5.56114e-39 -2.29031e-35  1.06916e-38  4.37165e-35 -1.91088e-38 -7.58986e-35  3.16453e-38  1.18945e-34 -4.83703e-38 -1.66702e-34  6.79338e-38  2.06541e-34 -8.72048e-38 -2.22929e-34  1.01681e-37  2.05611e-34 -1.06897e-37 -1.57782e-34  1.00423e-37  9.67928e-35 -8.33858e-38 -4.42987e-35  6.03687e-38  1.28886e-35 -3.74457e-38 -9.24887e-37  1.94463e-38 -9.51169e-37 -8.18944e-39   3.7817e-37  2.66837e-39 -4.30739e-38 -6.23204e-40 -2.47938e-39  8.99777e-41   4.0906e-40 -5.17172e-42
 5.81885e-52 -1.44846e-36 -2.55195e-51 -1.04032e-35  5.83815e-50  6.67171e-36  2.84112e-49  4.00772e-35   1.1878e-48  1.19516e-36  3.09391e-48 -5.59506e-35 -6.69589e-48 -1.01778e-36 -7.45049e-47 -1.15166e-34  -4.2955e-46  3.32061e-34 -1.70764e-45 -9.15133e-35 -4.90022e-45 -4.60984e-35 -1.66975e-44  1.19388e-35 -1.56935e-44 -2.35486e-35  1.41821e-44 -3.93696e-35  2.05319e-43  3.49752e-35  5.20529e-44 -4.94424e-35 -7.11295e-43  2.24586e-35 -3.23404e-42  1.02199e-35  4.37896e-45 -3.63353e-36  9.52232e-42   5.3104e-36  7.18673e-41 -2.59742e-35  1.63242e-40  5.35529e-36  1.82836e-40  1.15639e-35  3.31139e-40 -5.94474e-36 -4.67675e-40  8.47956e-36 -5.97774e-40 -5.72731e-37 -2.57957e-40 -6.77085e-37  -1.4431e-40 -2.71459e-37  1.71922e-40 -1.43194e-36  1.79858e-39  5.51962e-37   9.2786e-40 -2.07145e-37  9.33763e-40  1.03129e-37  1.59635e-39  2.07564e-37 -3.12189e-40 -1.13441e-37  2.87699e-40 -2.61109e-38 -3.09012e-40  4.33062e-38  3.21386e-40  9.92698e-39  3.32198e-40 -7.79121e-38  9.09447e-41  2.58694e-37   -1.287e-40 -8.08892e-37  3.74881e-40  2.37039e-36 -1.00776e-39 -6.48886e-36   2.4148e-39  1.65174e-35 -5.54786e-39 -3.89397e-35  1.18364e-38  8.46654e-35 -2.35883e-38 -1.68949e-34  4.37619e-38  3.07617e-34 -7.53561e-38 -5.07505e-34  1.20008e-37  7.52259e-34 -1.76016e-37 -9.91447e-34   2.3661e-37  1.14673e-33 -2.89844e-37 -1.14446e-33  3.21366e-37  9.63338e-34 -3.19896e-37 -6.61861e-34  2.83078e-37  3.52177e-34 -2.19985e-37 -1.30894e-34  1.47836e-37  2.44046e-35 -8.42136e-38   3.9724e-36  3.95803e-38 -3.62814e-36 -1.47708e-38  7.43561e-37  4.12594e-39 -9.19228e-39 -7.78013e-40 -9.74482e-39  7.84342e-41  2.35667e-40
 3.96277e-37  3.05353e-51 -3.30976e-36  2.49107e-50  -1.2842e-35  2.17018e-49  7.92776e-36   1.9343e-48  4.25866e-35  6.81234e-48 -9.71037e-36  1.14478e-47 -4.79409e-35 -4.46199e-47 -2.09497e-36 -3.26439e-46 -1.05218e-34 -1.70764e-45  3.36331e-34 -6.27601e-45 -7.80405e-35  -1.7007e-44 -7.01639e-35 -5.80251e-44  2.72205e-35 -6.02566e-44 -2.11459e-35 -5.74121e-44 -4.16462e-35  3.23316e-43  4.00477e-35 -1.96201e-43 -7.30468e-35 -1.84861e-42  4.11184e-35 -7.43285e-42 -3.72563e-36  2.55841e-42  2.78375e-36    2.024e-41   1.2729e-35   1.8101e-40 -3.68937e-35  4.33377e-40  5.60332e-36  5.06874e-40  1.32757e-35  9.17966e-40 -7.52641e-36 -8.54399e-40  1.16489e-35 -1.23111e-39 -1.44331e-36 -4.47794e-40 -5.41257e-37 -1.28687e-40 -4.21147e-37  1.47996e-40 -1.91324e-36  3.33036e-39  7.21106e-37  1.22891e-39 -2.27955e-37  1.28011e-39  1.55103e-37  2.52096e-39  2.25034e-37 -7.52328e-40 -1.27507e-37  3.59013e-40 -1.77562e-38 -5.11934e-40  5.06808e-40   4.2241e-40  1.96038e-37  3.80567e-40 -7.23541e-37  2.89253e-40  2.35151e-36 -6.82506e-40 -7.14311e-36  1.82427e-39  2.02615e-35 -4.61272e-39 -5.35092e-35  1.08443e-38  1.31115e-34 -2.39948e-38  -2.9692e-34  4.95171e-38  6.18617e-34  -9.5291e-38 -1.17942e-33  1.70474e-37  2.04453e-33 -2.82577e-37 -3.19776e-33  4.32325e-37  4.47017e-33 -6.07745e-37  -5.5199e-33  7.80867e-37  5.93153e-33 -9.11328e-37 -5.43813e-33  9.58946e-37  4.13846e-33 -9.01679e-37 -2.50755e-33  7.49365e-37  1.12417e-33 -5.42981e-37 -3.12389e-34   3.3708e-37  1.40239e-35 -1.75188e-37  2.64865e-35  7.38287e-38 -9.35799e-36 -2.40697e-38  8.17009e-37  5.62379e-39  1.15875e-37 -8.12042e-40 -1.31233e-38  4.66563e-41
 1.27242e-51  1.16324e-36  9.78273e-51 -5.22472e-36  1.26722e-49 -1.41685e-35  1.06523e-48  7.98162e-36  9.88382e-48  4.35457e-35  3.03975e-47 -1.98605e-35  3.42653e-47 -3.88706e-35 -2.35852e-46 -1.00775e-35 -1.31409e-45 -9.15133e-35 -6.27601e-45  3.47903e-34 -2.14599e-44 -6.89522e-35   -5.507e-44 -9.40954e-35 -1.87512e-43   4.1714e-35 -1.99985e-43 -1.90309e-35 -4.13273e-43 -4.25707e-35  2.66307e-43  4.83037e-35 -1.07033e-42  -1.0373e-34 -3.82454e-42  6.55647e-35 -1.52645e-41 -2.13093e-35  1.28282e-41  1.11265e-35  3.75183e-41  2.01488e-35  4.42717e-40 -4.82032e-35  1.09747e-39  5.94741e-36    1.296e-39  1.46814e-35  2.29455e-39 -9.20814e-36 -1.51268e-39  1.51072e-35  -2.4768e-39 -2.34516e-36 -7.36051e-40 -4.56334e-37  3.62834e-41 -4.87419e-37 -9.89922e-41 -2.37656e-36  5.86216e-39  8.89267e-37  1.40514e-39 -2.35595e-37  1.64269e-39   2.0186e-37  3.83322e-39  2.41274e-37 -1.48518e-39 -1.63638e-37  4.31822e-40  1.06087e-37 -8.03956e-40 -4.78432e-37  6.09349e-40  1.93063e-36  1.89618e-40  -6.5279e-36  1.21161e-39  2.05281e-35 -3.22902e-39 -6.03024e-35   8.3331e-39  1.65121e-34 -2.03119e-38 -4.20171e-34  4.63575e-38  9.90026e-34 -9.91028e-38 -2.15099e-33  1.97662e-37  4.28798e-33  -3.6708e-37 -7.79699e-33  6.32736e-37  1.28408e-32 -1.00867e-36 -1.89899e-32  1.48091e-36  2.49527e-32 -1.99273e-36 -2.87468e-32  2.44353e-36  2.85376e-32 -2.71203e-36  -2.3846e-32   2.7024e-36  1.62106e-32 -2.39383e-36  -8.4821e-33  1.86224e-36  3.05277e-33 -1.25281e-36 -5.09206e-34  7.14429e-37 -1.24734e-34 -3.36153e-37  9.02661e-35  1.25589e-37 -1.62125e-35 -3.51203e-38 -3.69736e-37  6.62981e-39  2.87585e-37  -6.6905e-40 -6.10983e-39
 4.37836e-37   3.1788e-51  1.99663e-36  2.52544e-50 -6.96387e-36  6.06885e-49 -1.39276e-35  5.28525e-48  8.06737e-36  4.35738e-47  4.02504e-35  1.18836e-46 -2.66002e-35  7.77089e-47 -2.85618e-35 -1.08034e-45  -2.5202e-35 -4.90022e-45 -7.80405e-35 -2.14599e-44   3.6988e-34 -6.85187e-44  -6.7669e-35 -1.66359e-43  -1.1427e-34 -5.64729e-43  5.39649e-35 -5.88134e-43 -1.84213e-35 -1.68761e-42 -4.41949e-35 -6.26467e-43  6.06673e-35 -3.18943e-42 -1.41497e-34 -5.26526e-42    9.505e-35  -2.6877e-41 -4.11151e-35  4.40563e-41  2.07264e-35  5.09492e-41  2.68161e-35  1.04113e-39 -5.92509e-35  2.63456e-39  6.39513e-36  3.07866e-39  1.58509e-35  5.26845e-39 -1.09344e-35   -2.621e-39  1.87815e-35 -4.83632e-39  -3.2097e-36 -1.11189e-39 -5.19474e-37  5.61906e-40 -3.93094e-37 -8.60059e-40 -2.76649e-36  9.83404e-39  1.04427e-36  1.23997e-39 -2.23066e-37  1.97963e-39  2.17555e-37  5.61617e-39  3.16702e-37 -2.60075e-39 -4.69335e-37   5.1959e-40  1.31469e-36 -1.28743e-39 -4.93119e-36   1.1963e-39  1.73308e-35 -1.17542e-39 -5.63691e-35  5.42425e-39  1.71376e-34 -1.44764e-38 -4.86223e-34  3.62983e-38  1.28386e-33 -8.56584e-38 -3.14459e-33  1.89331e-37   7.1168e-33 -3.91234e-37 -1.48147e-32   7.5362e-37  2.82118e-32 -1.34959e-36 -4.88295e-32  2.23938e-36  7.62161e-32 -3.42961e-36 -1.06258e-31  4.82613e-36  1.30749e-31 -6.20727e-36  -1.3984e-31  7.25185e-36   1.2739e-31 -7.63882e-36  -9.6069e-32  7.19042e-36  5.74132e-32 -5.98251e-36   -2.513e-32  4.33996e-36  6.58818e-33 -2.69759e-36 -5.21689e-35  1.40387e-36 -6.65061e-34 -5.92485e-37  2.09342e-34  1.93469e-37 -1.33496e-35 -4.52822e-38 -3.49384e-36  6.55114e-39  3.19433e-37 -3.77204e-40
 1.37508e-51  1.02831e-36  9.99725e-51  2.67567e-36  8.21079e-50 -8.31893e-36  2.90139e-48 -1.23815e-35   2.4095e-47  9.41949e-36  1.72951e-46  3.15933e-35  4.16292e-46 -2.94576e-35  8.17808e-47 -1.66083e-35 -4.44156e-45 -4.60984e-35  -1.7007e-44 -6.89522e-35 -6.85187e-44  4.03715e-34 -2.04534e-43 -7.65944e-35 -4.67255e-43 -1.26904e-34 -1.58279e-42  6.22967e-35 -1.53361e-42 -2.13655e-35 -5.48216e-42 -4.87965e-35 -4.09345e-42  7.75354e-35 -6.60498e-42 -1.85115e-34  1.80401e-42  1.28055e-34 -3.54079e-41 -6.15983e-35  1.23027e-40  3.06026e-35  4.08759e-42  3.21593e-35  2.33677e-39 -6.94856e-35  5.97888e-39  6.96926e-36   6.8317e-39  1.68851e-35  1.12306e-38 -1.26422e-35  -4.4903e-39  2.26129e-35 -9.10704e-39   -3.983e-36 -1.45849e-39  -8.3323e-37  1.84668e-39 -5.86094e-38 -2.61646e-39 -3.03171e-36  1.57554e-38  1.17432e-36  4.30244e-40 -1.59854e-37  2.25907e-39   5.4759e-38  7.93995e-39  1.02782e-36 -4.19472e-39 -3.34841e-36  7.41512e-40  1.22878e-35 -2.43509e-39 -4.40487e-35  3.61888e-39  1.48136e-34 -7.81673e-39 -4.65802e-34  2.39144e-38  1.36845e-33  -6.2177e-38 -3.74669e-33  1.51368e-37  9.53102e-33 -3.45942e-37 -2.24461e-32  7.39853e-37  4.87322e-32 -1.47724e-36 -9.70483e-32  2.74603e-36  1.76226e-31  -4.7379e-36   -2.897e-31  7.56013e-36  4.27411e-31 -1.11103e-35 -5.59865e-31  1.49643e-35  6.42324e-31 -1.83674e-35 -6.34093e-31  2.04058e-35  5.25737e-31 -2.03542e-35  -3.5333e-31  1.80496e-35  1.81475e-31 -1.40576e-35 -6.29116e-32  9.46907e-36  8.99634e-33 -5.40735e-36  3.38447e-33  2.54824e-36  -2.0183e-33 -9.53726e-37  3.16529e-34  2.67251e-37  1.87311e-35 -5.05708e-38 -6.89264e-36  5.11788e-39  1.15006e-37
 7.20593e-38  8.70276e-51  1.68695e-36  6.49882e-50  3.02384e-36  3.69628e-49 -8.98651e-36  1.28524e-47  -1.0284e-35  9.92311e-47  1.24728e-35  6.26497e-46  1.83923e-35  1.30792e-45 -2.94269e-35 -3.84431e-46 -2.95781e-36 -1.66975e-44 -7.01639e-35   -5.507e-44  -6.7669e-35 -2.04534e-43  4.50183e-34 -5.69978e-43 -9.72542e-35 -1.20998e-42 -1.28171e-34 -4.10466e-42  6.50238e-35 -3.46324e-42 -3.03334e-35 -1.52312e-41 -5.85313e-35 -1.38521e-41  9.83979e-35 -7.25369e-42 -2.31688e-34  4.65793e-41   1.6245e-34 -9.94754e-42 -8.13558e-35   2.9387e-40  3.96389e-35 -2.98768e-40  3.58934e-35  4.98122e-39 -7.84945e-35  1.28199e-38  7.71994e-36   1.4222e-38   1.7867e-35  2.23751e-38 -1.42792e-35 -7.67226e-39  2.65498e-35 -1.64446e-38 -4.63683e-36 -1.42121e-39 -1.48504e-36   4.5785e-39  5.81338e-37 -6.07167e-39  -3.1259e-36  2.41462e-38  1.22098e-36 -1.37848e-39  2.41065e-37  2.47658e-39 -1.57059e-36  1.08773e-38  7.63693e-36 -6.46588e-39 -2.92283e-35  1.73716e-39  1.07563e-34  -6.3728e-39  -3.7302e-34  1.41314e-38  1.21256e-33 -3.70434e-38 -3.68642e-33  1.01697e-37  1.04583e-32 -2.56297e-37 -2.76088e-32  6.05032e-37  6.75954e-32 -1.33853e-36 -1.52887e-31  2.76791e-36  3.17978e-31 -5.33646e-36 -6.04805e-31  9.56453e-36  1.04514e-30 -1.58833e-35 -1.62789e-30  2.43449e-35  2.26328e-30 -3.42854e-35 -2.77476e-30  4.41328e-35   2.9532e-30 -5.16024e-35 -2.67225e-30  5.44032e-35  1.99594e-30 -5.12574e-35 -1.17524e-30  4.26902e-35  5.00871e-31 -3.10044e-35 -1.22379e-31  1.92963e-35 -4.85343e-33 -1.00571e-35  1.49139e-32  4.25184e-36 -4.20068e-33 -1.39124e-36  1.71152e-34  3.26429e-37  8.56005e-35 -4.73677e-38 -6.49883e-36  2.73756e-39
 1.89159e-51  2.02044e-37  6.74336e-50  2.12165e-36   4.8164e-49   2.8845e-36  1.64127e-48 -8.73252e-36  5.10708e-47 -8.37041e-36  3.68765e-46  1.67264e-35  2.08142e-45  2.84913e-36  3.64276e-45 -2.78933e-35 -3.26674e-45  1.19388e-35 -5.80251e-44 -9.40954e-35 -1.66359e-43 -7.65944e-35 -5.69978e-43  5.10758e-34 -1.47519e-42 -1.30503e-34 -2.83846e-42 -1.14536e-34 -9.72909e-42  6.08337e-35 -6.26585e-42 -4.75581e-35 -3.68282e-41 -7.49006e-35 -3.62287e-41  1.21584e-34  1.43205e-41 -2.76627e-34   2.1673e-40  1.95792e-34  1.48405e-40 -9.92762e-35  6.09234e-40  4.68195e-35 -1.41052e-39  3.80498e-35  1.00557e-38 -8.59925e-35    2.599e-38  8.72031e-36  2.78737e-38  1.88351e-35  4.18524e-38 -1.58316e-35 -1.31349e-38  3.05434e-35 -2.83404e-38 -5.17999e-36  -2.0734e-40 -2.52417e-36  9.85099e-39  1.54219e-36 -1.21409e-38 -2.91316e-36  3.54374e-38  5.97855e-37 -4.51433e-39  3.68347e-36  2.63023e-39 -1.61959e-35  1.46507e-38   6.6316e-35  -1.0258e-38   -2.519e-34   6.4747e-39  9.01386e-34 -2.22634e-38 -3.02687e-33  5.88664e-38  9.51773e-33  -1.5896e-37 -2.79606e-32  4.15396e-37  7.65419e-32 -1.01401e-36  -1.9465e-31  2.31881e-36  4.58177e-31 -4.96254e-36 -9.93989e-31  9.91463e-36  1.97743e-30  -1.8442e-35  -3.5857e-30  3.18381e-35  5.88365e-30 -5.08324e-35 -8.65925e-30  7.47448e-35  1.13062e-29  -1.0073e-34 -1.29158e-29   1.2371e-34  1.26763e-29 -1.37526e-34 -1.04246e-29  1.37273e-34  6.92146e-30 -1.21827e-34 -3.48404e-30   9.4969e-35  1.15738e-30 -6.40392e-35 -1.33222e-31  3.66168e-35 -7.96763e-32 -1.72824e-35  4.04893e-32  6.48032e-36 -5.47493e-33 -1.82002e-36 -5.59553e-34  3.45361e-37  1.42448e-34 -3.50742e-38  -1.6224e-36
