   2.226e-35  3.02861e-51 -2.66324e-35 -4.46503e-52 -1.59059e-35 -2.45243e-50  1.46807e-35 -3.19319e-50 -1.60497e-37  4.29467e-50 -5.93235e-37 -3.53138e-50  4.25989e-36  9.21753e-49 -4.18203e-36 -3.00472e-48  4.55893e-37  9.53422e-48  3.90952e-37 -3.23839e-47  1.17109e-36 -4.48344e-48 -6.38333e-37  2.75043e-48  2.99298e-39 -2.83141e-46 -2.96691e-37  7.04602e-46  2.46956e-37 -6.48878e-46 -3.57235e-38 -9.46768e-46  1.26689e-39  3.49956e-45 -2.21952e-38 -8.58067e-45  2.33871e-38  6.57035e-45 -1.43849e-38  -4.6908e-46  7.01038e-39 -1.83062e-44 -5.32415e-39  1.10942e-44  3.57873e-39 -3.36061e-44  -1.6563e-39  4.28721e-44  8.85756e-40 -2.70873e-44 -2.71185e-40  -1.6154e-45  4.99554e-41 -2.27138e-44 -2.54416e-41 -6.90265e-45  6.12855e-42 -1.55294e-44  3.47704e-43  2.09885e-44  3.18251e-42 -1.99184e-44 -3.30259e-42  8.04011e-45  1.84807e-42 -8.61721e-45 -1.00118e-42  4.35011e-45  2.13825e-42 -7.68209e-46 -5.23624e-42  1.11182e-45  1.14273e-41  -2.4123e-45  -2.2598e-41   5.0963e-45  4.05566e-41 -1.10789e-44 -6.58422e-41   2.1973e-44  9.60687e-41 -4.07755e-44 -1.24944e-40  7.06643e-44  1.43379e-40 -1.14188e-43 -1.43362e-40  1.71731e-43  1.23018e-40 -2.39807e-43 -8.91499e-41  3.10095e-43  5.42269e-41 -3.70169e-43 -2.90836e-41  4.06466e-43  1.69211e-41 -4.08852e-43 -1.34786e-41  3.74908e-43  1.24002e-41 -3.11626e-43 -1.01932e-41  2.33225e-43  6.91438e-42 -1.55904e-43 -3.89166e-42  9.21856e-44  1.86022e-42 -4.76438e-44 -7.61748e-43  2.12037e-44  2.60975e-43 -7.97248e-45 -7.08355e-44  2.46963e-45  1.40383e-44 -6.08868e-46 -1.73758e-45  1.13597e-46  6.08385e-47 -1.47924e-47  1.72103e-47  1.15271e-48 -2.29226e-48 -3.43524e-50
 3.02861e-51  6.71432e-35  2.03816e-50 -4.57125e-35 -4.76208e-51 -3.22011e-35  -8.5951e-50  9.68723e-36 -1.84985e-49  1.10963e-35  3.20374e-49  1.54526e-36 -9.87505e-49  2.12497e-36  1.21207e-47  -7.0959e-36 -3.70037e-47  1.23937e-36  9.85998e-47  4.93166e-37 -2.89412e-46  3.39225e-36 -5.62371e-47 -1.53736e-36  -1.6622e-47 -6.69689e-38 -2.55243e-45 -7.31726e-37  5.54148e-45   5.4701e-37 -4.49313e-45 -5.82799e-38 -8.86461e-45  1.10983e-38  2.41966e-44  -5.2728e-38 -6.15054e-44  7.68976e-38  5.31398e-44 -5.54063e-38 -3.33835e-45  2.47521e-38 -1.21022e-43 -1.76986e-38  6.87276e-44  1.09113e-38 -2.07423e-43 -4.49262e-39  2.79482e-43   2.3994e-39 -1.57826e-43 -6.55604e-40  3.10104e-45  7.77059e-41 -1.35038e-43 -5.85755e-41 -1.65821e-44  1.51264e-41 -7.88856e-44 -4.94106e-42  1.08512e-43  1.66676e-41 -9.56302e-44 -1.67819e-41  3.82852e-44   1.6591e-41 -3.67727e-44 -2.87667e-41  2.10266e-44  6.90655e-41 -6.81851e-45 -1.56135e-40   1.5304e-44  3.22214e-40 -3.47114e-44 -6.05769e-40   7.4506e-44  1.03273e-39 -1.53671e-43 -1.58688e-39  2.94756e-43   2.1808e-39 -5.28549e-43 -2.65441e-39  8.84775e-43  2.82605e-39  -1.3802e-42  -2.5891e-39  2.00218e-42  1.99731e-39  -2.6943e-42 -1.26193e-39   3.3538e-42  6.37574e-40 -3.84908e-42 -2.73176e-40  4.05749e-42  1.48323e-40 -3.91131e-42 -1.39611e-40   3.4301e-42   1.3824e-40 -2.71994e-42 -1.09222e-40  1.93607e-42  6.82406e-41 -1.22626e-42   -3.529e-41  6.83753e-43   1.5734e-41 -3.31211e-43 -6.06616e-42  1.37057e-43  1.93813e-42 -4.74034e-44  -4.8041e-43  1.33066e-44  8.53658e-44  -2.9083e-45  -9.3929e-45   4.6457e-46  3.17776e-46 -4.86359e-47  5.46975e-47  2.62152e-48 -4.41145e-48
-2.66324e-35  2.03816e-50    1.166e-34   7.5018e-50 -5.45802e-35 -1.76103e-50 -4.87408e-35 -1.96198e-49 -8.59622e-36 -1.27377e-48  2.97927e-35  2.59777e-48  7.51654e-36 -1.12181e-47 -5.17756e-36  1.05281e-46 -9.28075e-36 -3.04655e-46  1.67164e-36  6.97887e-46  3.02663e-37 -1.79747e-45  6.60097e-36 -3.67168e-46 -2.37172e-36 -4.80558e-46 -2.92612e-37 -1.62751e-44 -1.32207e-36  3.01786e-44  8.40386e-37   -2.163e-44 -4.95276e-38 -5.80908e-44  6.76357e-38  1.14672e-43 -1.22044e-37 -3.12979e-43  1.96998e-37  3.01976e-43  -1.4598e-37 -2.74189e-44  6.13164e-38 -5.42599e-43 -4.18144e-38  2.88215e-43  2.36239e-38 -8.82376e-43 -8.35655e-39  1.25705e-42  4.31434e-39 -6.30363e-43  -9.0607e-40  6.84881e-44 -5.88653e-41 -5.46808e-43 -6.62511e-41   1.6093e-44  3.24909e-41  -2.7294e-43   -4.104e-41  3.91284e-43  7.96416e-41    -3.16e-43 -1.25796e-40  1.29808e-43  2.61862e-40 -1.12394e-43  -6.2882e-40  8.39258e-44  1.47294e-39 -6.47303e-44 -3.17306e-39  1.55933e-43  6.24297e-39  -3.4848e-43 -1.11675e-38   7.3266e-43  1.80579e-38 -1.45362e-42 -2.62067e-38  2.69454e-42  3.38289e-38 -4.66752e-42 -3.83931e-38  7.54368e-42  3.77221e-38 -1.13539e-41 -3.14017e-38  1.58784e-41  2.14541e-38 -2.05798e-41 -1.14492e-38  2.46465e-41  4.43856e-39 -2.71803e-41 -1.29225e-39  2.74913e-41  7.76216e-40 -2.53831e-41 -1.06153e-39  2.12765e-41  1.09681e-39 -1.60846e-41 -7.99136e-40  1.08805e-41  4.49822e-40 -6.52309e-42 -2.13334e-40  3.42519e-42  8.96111e-41 -1.55203e-42 -3.26585e-41  5.95427e-43  9.64468e-42 -1.88595e-43 -2.15565e-42  4.76364e-44  3.41356e-43 -9.12053e-45 -3.34846e-44  1.22001e-45   1.1303e-45 -9.76218e-47  9.02025e-47  2.97698e-48
-4.46503e-52 -4.57125e-35   7.5018e-50  1.57172e-34  1.88369e-49 -5.56887e-35 -3.00998e-50 -6.61143e-35 -4.54336e-49 -3.42466e-35 -8.61043e-48  4.99768e-35  1.79962e-47  1.60141e-35 -9.03507e-47 -1.33862e-35  7.01229e-46 -1.22285e-35 -1.95213e-45  2.40347e-36  3.88735e-45 -4.37978e-38 -8.99283e-45  9.73758e-36 -1.81881e-45 -2.54831e-36 -4.82544e-45 -6.94586e-37  -8.4869e-44 -2.05861e-36  1.31541e-43   1.0512e-36 -8.55357e-44 -3.17214e-38 -3.08692e-43  2.50634e-37  4.28549e-43 -2.83442e-37 -1.30575e-42  4.20764e-37  1.37974e-42 -3.03217e-37 -1.94119e-43  1.22963e-37 -1.90302e-42 -8.13761e-38  9.38147e-43  4.26881e-38 -2.99235e-42  -1.2292e-38  4.49486e-42  5.66856e-39 -1.98183e-42 -3.92301e-40  4.15037e-43 -6.34636e-40 -1.74302e-42  1.05768e-41  2.87916e-43  1.21849e-40 -7.40063e-43 -3.06965e-40  1.14038e-42  7.16856e-40 -8.32532e-43 -1.78719e-39  3.73473e-43  4.56182e-39 -3.16146e-43 -1.10817e-38  3.71138e-43  2.49021e-38 -5.42955e-43 -5.12377e-38  1.27203e-42  9.60759e-38 -2.76233e-42 -1.63305e-37  5.63395e-42  2.49978e-37 -1.07872e-41 -3.41788e-37  1.93138e-41  4.13054e-37 -3.22996e-41 -4.35112e-37  5.03688e-41  3.91827e-37 -7.30944e-41 -2.92966e-37  9.84809e-41  1.73218e-37 -1.22855e-40 -7.35135e-38  1.41467e-40  1.72193e-38  -1.4982e-40  -4.2968e-40  1.45311e-40  2.97438e-39 -1.28436e-40   -7.184e-39  1.02842e-40  7.06237e-39 -7.40751e-41 -4.52119e-39  4.75853e-41  2.25429e-39 -2.69772e-41 -9.91027e-40  1.33211e-41  3.98541e-40 -5.63441e-42 -1.36809e-40  1.99744e-42  3.66877e-41 -5.76332e-43 -7.28957e-42  1.29838e-43  1.02397e-42 -2.14371e-44 -8.84941e-44  2.32561e-45   2.7337e-45 -1.30161e-46   7.8815e-47
-1.59059e-35 -4.76208e-51 -5.45802e-35  1.88369e-49  1.96237e-34   3.8297e-49 -5.95329e-35  3.09481e-50 -7.83524e-35 -1.89454e-48 -6.06728e-35 -5.08967e-47  6.64042e-35    1.027e-46  2.21065e-35 -5.76846e-46 -1.54681e-35  3.81757e-45 -2.01993e-35 -1.03992e-44  6.09869e-36   1.7995e-44 -2.42085e-37 -3.86666e-44  1.14605e-35 -8.63743e-45 -1.67475e-36 -3.32947e-44  -1.2085e-36  -3.8394e-43 -2.92754e-36  4.84927e-43  1.16575e-36 -3.04384e-43 -8.68585e-38 -1.41268e-42  6.53571e-37  1.33382e-42 -5.88695e-37 -4.73352e-42  7.61568e-37  5.34097e-42 -5.27708e-37 -1.07837e-42  2.12472e-37 -5.52622e-42 -1.39714e-37  2.47504e-42  6.98402e-38 -8.59058e-42   -1.517e-38    1.352e-41  4.94369e-39 -5.16241e-42  1.84498e-39  1.68816e-42 -1.94892e-39 -4.64326e-42  1.60882e-41  1.36761e-42  1.19266e-39 -1.65806e-42 -3.65656e-39  2.86236e-42  1.02627e-38 -1.88157e-42 -2.78024e-38  1.04018e-42  7.05208e-38 -1.06505e-42 -1.65204e-37  1.94706e-42  3.55171e-37 -3.84119e-42 -6.97411e-37  8.65653e-42  1.24461e-36 -1.81979e-41 -2.00666e-36  3.58941e-41  2.90127e-36 -6.63406e-41 -3.72635e-36  1.14638e-40  4.19943e-36 -1.84935e-40 -4.08251e-36  2.78014e-40  3.33904e-36 -3.88653e-40 -2.20513e-36  5.04028e-40  1.08464e-36 -6.04694e-40 -3.15696e-37   6.6896e-40 -1.22267e-38  -6.7985e-40  4.36115e-38  6.31904e-40  1.48626e-38 -5.34357e-40 -4.56176e-38  4.08526e-40   3.8012e-38 -2.80221e-40  -2.0444e-38  1.70848e-40  9.00404e-39 -9.15156e-41 -3.78438e-39  4.24399e-41  1.47843e-39 -1.67193e-41 -4.69249e-40  5.45657e-42  1.11548e-40 -1.42507e-42 -1.95292e-41  2.83127e-43  2.42733e-42 -3.94486e-44 -1.78409e-43  3.30168e-45  4.32445e-45 -1.05821e-46
-2.45243e-50 -3.22011e-35 -1.76103e-50 -5.56887e-35   3.8297e-49  2.49428e-34  8.74811e-49 -7.54158e-35  4.96797e-49 -7.62097e-35 -1.16544e-47 -8.34872e-35 -2.61035e-46  8.13762e-35  4.88152e-46  1.72751e-35 -3.07659e-45 -3.60729e-36  1.76159e-44 -3.92365e-35 -4.78751e-44  1.62375e-35  7.11231e-44 -1.43721e-37 -1.48754e-43   1.1019e-35 -4.46966e-44  1.47505e-37 -1.82866e-43 -1.74114e-36 -1.55441e-42 -3.83398e-36  1.54692e-42  1.21346e-36 -1.03815e-42 -2.98786e-37 -5.74286e-42   1.3101e-36  3.54553e-42 -1.03708e-36  -1.5365e-41  1.18264e-36  1.80104e-41 -7.98337e-37 -4.82111e-42  3.28998e-37 -1.36821e-41 -2.21242e-37  5.28752e-42   1.0897e-37 -2.15802e-41 -1.63523e-38  3.52347e-41  4.35099e-40 -1.13788e-41  6.69196e-39   5.3793e-42 -3.20436e-39 -1.06917e-41  -4.0475e-39   4.5589e-42  1.69124e-38 -3.14644e-42 -5.20495e-38  6.45088e-42  1.48055e-37 -3.96117e-42 -3.91787e-37  3.25279e-42  9.56961e-37  -4.7669e-42 -2.14791e-36  1.07443e-41  4.41225e-36 -2.32251e-41 -8.25745e-36  5.04077e-41  1.40025e-35 -1.02393e-40 -2.13707e-35  1.94985e-40  2.91082e-35 -3.47585e-40 -3.49984e-35  5.79033e-40  3.66025e-35 -8.99949e-40 -3.25997e-35  1.30256e-39  2.39154e-35 -1.75189e-39 -1.35902e-35  2.18412e-39  5.13522e-36 -2.51695e-39 -4.91734e-37  2.67217e-39 -7.52579e-37 -2.60354e-39  3.67188e-37  2.31727e-39  1.37453e-37 -1.87372e-39 -2.62469e-37  1.36721e-39  1.69394e-37 -8.92869e-40 -7.38786e-38  5.16533e-40  2.95737e-38   -2.613e-40 -1.25415e-38  1.13684e-40  4.73486e-39 -4.16227e-41 -1.33919e-39  1.24531e-41  2.76036e-40 -2.92084e-42 -4.27543e-41  5.04181e-43  4.65788e-42 -5.74487e-44 -2.70465e-43  3.39622e-45  3.97747e-45
 1.46807e-35  -8.5951e-50 -4.87408e-35 -3.00998e-50 -5.95329e-35  8.74811e-49  3.18656e-34  3.13714e-48 -1.08308e-34  2.83641e-48 -5.43199e-35 -7.11084e-47 -1.05315e-34 -1.17805e-45   1.0685e-34  1.93971e-45 -8.35655e-36 -1.41906e-44  2.80898e-35  7.05618e-44 -7.38013e-35 -1.95565e-43  3.48272e-35  2.43119e-43  7.29753e-38 -5.27432e-43  8.69418e-36 -2.40488e-43  2.25331e-36 -8.49943e-43 -2.19808e-36 -5.73431e-42 -4.54533e-36  4.28313e-42  1.19379e-36 -3.49911e-42 -6.40174e-37 -2.10961e-41  2.11395e-36  8.10258e-42 -1.53118e-36 -4.54051e-41   1.5899e-36  5.38442e-41 -1.07884e-36  -1.7984e-41  4.70355e-37 -2.93671e-41 -3.33238e-37  8.58698e-42  1.66715e-37 -4.84435e-41 -1.65075e-38  8.09455e-41 -8.26847e-39 -2.12688e-41   1.0644e-38  1.43086e-41  1.25987e-38 -2.17899e-41 -7.12866e-38   1.2399e-41  2.36361e-37 -5.16365e-42  -7.0444e-37  1.36555e-41   1.9413e-36 -9.01098e-42  -4.9404e-36  1.23321e-41  1.15687e-35  -2.3931e-41 -2.48378e-35  5.60197e-41  4.86907e-35 -1.22004e-40 -8.67207e-35  2.55175e-40  1.39475e-34 -4.99991e-40 -2.01034e-34  9.17654e-40  2.57177e-34 -1.57531e-39 -2.88275e-34  2.52539e-39  2.78107e-34 -3.77434e-39 -2.24743e-34  5.24905e-39  1.45218e-34 -6.77823e-39 -6.78341e-35  8.10747e-39  1.57516e-35 -8.95706e-39  5.48412e-36  9.11029e-39 -6.43303e-36 -8.49768e-39  1.54054e-36  7.23504e-39  1.22605e-36 -5.59075e-39 -1.28811e-36  3.89313e-39  6.04141e-37 -2.42127e-39 -2.09306e-37  1.32971e-39  8.39286e-38 -6.35466e-40 -3.78657e-38   2.5928e-40  1.31849e-38 -8.80598e-41 -3.16598e-39  2.40413e-41  5.63298e-40 -5.01466e-42 -7.86141e-41  7.36803e-43  7.22074e-42 -6.53606e-44 -2.90742e-43  2.23532e-45
-3.19319e-50  9.68723e-36 -1.96198e-49 -6.61143e-35  3.09481e-50 -7.54158e-35  3.13714e-48  3.95829e-34  1.44088e-47 -1.63383e-34  1.38675e-47 -1.27947e-35 -3.94596e-46 -1.37358e-34 -4.74005e-45  1.59062e-34  6.32647e-45  -6.1852e-35   -5.817e-44  8.05979e-35  2.49653e-43 -1.22941e-34 -7.22739e-43  6.04836e-35  7.19905e-43   8.6825e-38 -1.76245e-42  5.61035e-36 -1.21803e-42  3.49402e-36 -3.44894e-42 -2.42475e-36 -1.94852e-41 -4.71137e-36   1.0111e-41  9.84124e-37  -1.1606e-41  -8.7322e-37 -7.07113e-41  2.79201e-36  1.56738e-41 -1.87135e-36 -1.23247e-40  1.85216e-36  1.44483e-40 -1.33358e-36 -5.75654e-41  6.36344e-37 -5.52093e-41 -4.86479e-37  7.54509e-42  2.52262e-37 -9.86103e-41 -2.16259e-38  1.65607e-40 -4.95498e-39 -3.30225e-41 -5.09666e-38  3.29045e-41   2.7903e-37 -4.01614e-41 -9.75175e-37  2.93156e-41   3.0342e-36 -7.89124e-42 -8.70376e-36   2.9199e-41  2.30609e-35 -2.62826e-41 -5.62959e-35  5.25899e-41  1.26213e-34 -1.15506e-40 -2.58895e-34  2.64673e-40  4.83676e-34 -5.63724e-40 -8.18461e-34  1.13519e-39  1.24589e-33 -2.14096e-39 -1.69142e-33  3.77828e-39    2.025e-33 -6.23009e-39  -2.1055e-33   9.5835e-39  1.85939e-33 -1.37293e-38 -1.34536e-33  1.82832e-38   7.4398e-34 -2.25863e-38 -2.59323e-34  2.58241e-38   1.9016e-37 -2.72558e-38  6.24307e-35  2.64746e-38 -3.39304e-35  -2.3581e-38  1.36144e-36  1.91734e-38  8.20072e-36 -1.41499e-38 -5.08793e-36  9.40774e-39  1.60379e-36 -5.58024e-39 -4.53692e-37  2.91525e-39  2.26809e-37 -1.31889e-39 -1.06402e-37  5.05281e-40    3.124e-38 -1.59049e-40 -6.11375e-39  3.94287e-41  9.73324e-40 -7.22267e-42 -1.23711e-40  8.76868e-43  8.70096e-42 -5.54991e-44 -1.91273e-43
-1.60497e-37 -1.84985e-49 -8.59622e-36 -4.54336e-49 -7.83524e-35  4.96797e-49 -1.08308e-34  1.44088e-47  4.83181e-34  6.41516e-47 -2.49389e-34  6.55356e-47  4.66452e-35 -1.99311e-45 -1.94815e-34 -1.71618e-44  2.48769e-34  1.57152e-44 -1.42756e-34 -2.17077e-43  1.47993e-34  7.91289e-43 -1.78396e-34 -2.45224e-42  8.80818e-35  1.82245e-42 -3.24041e-37 -5.63253e-42  3.23899e-36 -5.52341e-42  2.41328e-36 -1.24341e-41 -2.15757e-36 -6.13861e-41 -3.93509e-36  1.91499e-41  2.69633e-37 -3.70302e-41 -5.39345e-37 -2.17547e-40   2.9641e-36  2.40469e-41 -1.79927e-36 -3.08616e-40  1.83986e-36   3.5122e-40 -1.54413e-36 -1.61297e-40  8.31312e-37 -9.16893e-41 -6.95867e-37  -1.2176e-41  3.86661e-37 -1.84044e-40 -9.26669e-38  3.03319e-40  2.39077e-37  -3.9522e-41 -1.02237e-36  6.69901e-41  3.69733e-36 -6.87805e-41 -1.19588e-35  6.29359e-41  3.56762e-35 -1.48137e-41 -9.83585e-35  7.01452e-41  2.50141e-34 -9.69229e-41 -5.85138e-34  2.25433e-40  1.25467e-33 -5.09233e-40 -2.45583e-33  1.12512e-39  4.36589e-33 -2.31721e-39 -7.00596e-33  4.48338e-39  1.00699e-32  -8.1146e-39 -1.28362e-32  1.37208e-38  1.43209e-32 -2.16405e-38 -1.37259e-32  3.17837e-38   1.0984e-32 -4.33949e-38 -6.97831e-33  5.49773e-38  3.13711e-33 -6.45107e-38  -6.0147e-34   6.9977e-38 -3.86847e-34 -7.00306e-38  3.83981e-34  6.45163e-38 -1.16433e-34 -5.45677e-38  -3.0566e-35  4.22204e-38  4.06955e-35 -2.97293e-38 -1.49406e-35  1.89075e-38   2.5484e-36 -1.07434e-38   -8.035e-37  5.37167e-39  6.48637e-37 -2.31538e-39 -2.69761e-37  8.37096e-40  6.00056e-38 -2.44608e-40 -9.61244e-39  5.48079e-41  1.49889e-39 -8.67185e-42 -1.64148e-40  8.30276e-43  7.45778e-42 -3.07517e-44
 4.29467e-50  1.10963e-35 -1.27377e-48 -3.42466e-35 -1.89454e-48 -7.62097e-35  2.83641e-48 -1.63383e-34  6.41516e-47  6.02413e-34  2.54938e-46 -3.77038e-34  3.01381e-46  1.24006e-34 -9.24927e-45 -2.88379e-34 -5.62361e-44   3.7242e-34  2.02823e-44 -2.40287e-34 -7.53982e-43   2.1784e-34  2.27639e-42 -2.25965e-34 -7.72316e-42  1.10351e-34  3.77223e-42  -1.3886e-36 -1.73287e-41  3.00425e-36 -2.22032e-41 -2.41986e-36 -4.02423e-41 -1.12921e-36 -1.80007e-40 -1.83691e-36  2.28038e-41 -1.45742e-36 -1.11159e-40  9.32892e-37 -6.16838e-40   2.2682e-36  2.18109e-41 -1.07148e-36 -7.13963e-40  1.46336e-36  7.79118e-40 -1.71899e-36 -4.01122e-40  1.07059e-36 -1.36509e-40 -1.01097e-36 -8.22362e-41  7.52735e-37 -3.17861e-40 -9.70443e-37  4.97741e-40  3.54602e-36  -2.5655e-41 -1.29514e-35  1.23277e-40  4.34855e-35 -1.14298e-40 -1.34778e-34  1.28819e-40  3.86429e-34 -4.70569e-41 -1.02316e-33  2.03728e-40  2.49535e-33 -3.87144e-40 -5.58808e-33  9.19372e-40  1.14469e-32 -2.04959e-39 -2.13505e-32  4.35073e-39  3.60571e-32  -8.6186e-39 -5.47538e-32  1.59767e-38  7.41066e-32 -2.76396e-38  -8.8373e-32  4.45432e-38  9.14017e-32 -6.67392e-38  -8.0112e-32  9.27753e-38  5.72814e-32 -1.19408e-37 -3.09713e-32  1.42014e-37  1.01005e-32 -1.55808e-37  7.57295e-34  1.57501e-37 -3.09947e-33 -1.46618e-37  1.64695e-33  1.25719e-37 -1.64707e-34   -9.936e-38 -2.63863e-34  7.23898e-38  1.48098e-34 -4.85119e-38 -2.58464e-35  2.97019e-38 -7.04965e-37  -1.6395e-38 -1.93396e-36   7.9915e-39  1.91794e-36 -3.34405e-39 -5.68605e-37  1.15844e-39  8.66399e-38 -3.16845e-40 -1.30705e-38  6.39856e-41  2.14928e-39 -8.54434e-42 -1.70234e-40  5.93614e-43  3.78973e-42
-5.93235e-37  3.20374e-49  2.97927e-35 -8.61043e-48 -6.06728e-35 -1.16544e-47 -5.43199e-35  1.38675e-47 -2.49389e-34  2.54938e-46  7.85166e-34  8.84658e-46 -5.53036e-34  1.32269e-45  2.19911e-34 -3.97428e-44 -4.16582e-34 -1.67248e-43  5.09099e-34 -6.34853e-44 -3.34742e-34 -2.48522e-42  2.74381e-34   6.0286e-42  -2.4977e-34  -2.2753e-41  1.20775e-34  5.45327e-42 -3.81317e-36 -5.13031e-41  6.12302e-36 -7.95565e-41 -1.18833e-35 -1.17661e-40  6.71852e-37 -4.92495e-40  1.90036e-36 -1.82507e-41 -4.79073e-36 -3.09588e-40  4.04133e-36 -1.61728e-39  4.86997e-37 -2.41209e-41  4.71693e-37 -1.52547e-39  6.98086e-37  1.58671e-39  -1.9095e-36 -8.93503e-40  1.47249e-36 -1.89361e-40 -1.94916e-36 -2.58725e-40  3.55257e-36 -5.12447e-40  -1.1415e-35  7.28642e-40  4.22531e-35  3.13466e-41 -1.46732e-34  2.10549e-40  4.72287e-34  -1.9813e-40 -1.40744e-33  2.70965e-40  3.87751e-33 -2.02334e-40 -9.85263e-33  6.95043e-40  2.30239e-32 -1.53604e-39 -4.93082e-32  3.56844e-39  9.63725e-32 -7.73589e-39 -1.71027e-31  1.57777e-38  2.73859e-31       -3e-38  -3.9258e-31  5.31663e-38  4.98739e-31 -8.75658e-38 -5.53965e-31  1.33648e-37  5.27731e-31 -1.88407e-37 -4.18521e-31  2.44428e-37  2.61875e-31 -2.90665e-37 -1.13793e-31  3.15523e-37  1.79451e-32 -3.11447e-37  1.76772e-32  2.78775e-37 -1.57944e-32 -2.26276e-37  4.78592e-33  1.67463e-37   9.3689e-34 -1.14629e-37 -1.28908e-33  7.42989e-38  3.59333e-34 -4.66702e-38  1.64196e-35   2.8482e-38 -1.54614e-35 -1.63844e-38 -8.54627e-36  8.43352e-39  5.03876e-36 -3.67255e-39 -8.67707e-37  1.28132e-39  8.48947e-38 -3.37272e-40 -1.84711e-38  6.16038e-41  2.73567e-39 -6.70417e-42 -1.18193e-40  2.78924e-43
-3.53138e-50  1.54526e-36  2.59777e-48  4.99768e-35 -5.08967e-47 -8.34872e-35 -7.11084e-47 -1.27947e-35  6.55356e-47 -3.77038e-34  8.84658e-46  1.05402e-33  2.58768e-45 -7.72454e-34  5.48328e-45  3.31707e-34   -1.591e-43 -5.63206e-34  -4.5124e-43   6.2561e-34 -6.29319e-43 -4.03348e-34 -7.88564e-42  3.03506e-34   1.4957e-41 -2.37679e-34 -6.30171e-41  1.16448e-34  4.27186e-43 -9.20153e-36 -1.45519e-40  1.35441e-35 -2.56455e-40 -2.57497e-35 -3.11903e-40  2.78328e-36 -1.25906e-39  7.46297e-36   -2.272e-40 -1.02023e-35 -7.94649e-40  9.03154e-36 -3.93301e-39 -2.38718e-36 -1.87398e-40  2.86204e-36 -3.00487e-39 -3.66224e-37  2.98209e-39 -2.44519e-36 -1.79226e-39  3.42806e-36 -2.67972e-40 -9.66226e-36 -6.21432e-40  3.41547e-35 -7.78542e-40 -1.28595e-34  9.40571e-40  4.61968e-34  1.53073e-40 -1.54292e-33  3.50696e-40  4.77701e-33 -3.96648e-40 -1.36864e-32  6.53927e-40  3.62096e-32 -9.04339e-40 -8.82285e-32  2.62127e-39  1.97362e-31 -6.07524e-39 -4.03758e-31  1.37117e-38  7.51904e-31 -2.88665e-38 -1.26742e-30  5.68175e-38  1.92011e-30 -1.04011e-37 -2.59116e-30  1.76648e-37  3.07833e-30 -2.77195e-37 -3.16775e-30  3.99895e-37  2.75658e-30 -5.27047e-37 -1.94896e-30  6.29386e-37  1.03166e-30 -6.73364e-37 -3.15428e-31  6.34868e-37 -4.67694e-32 -5.13554e-37  1.15158e-31  3.38536e-37 -5.82204e-32 -1.58835e-37  5.62624e-33  2.14726e-38  8.55287e-33  5.00216e-38 -4.24671e-33 -6.27035e-38  2.94144e-34  4.32165e-38  2.86661e-34 -1.85721e-38 -2.39884e-35  3.06806e-39 -3.55738e-35  2.22358e-39   9.8936e-36 -2.17071e-39 -6.42742e-37  9.91729e-40  6.39203e-38 -2.79118e-40 -2.98897e-38  4.73114e-41  2.60665e-39 -3.94797e-42 -4.00932e-41
 4.25989e-36 -9.87505e-49  7.51654e-36  1.79962e-47  6.64042e-35 -2.61035e-46 -1.05315e-34 -3.94596e-46  4.66452e-35  3.01381e-46 -5.53036e-34  2.58768e-45  1.40543e-33  5.64774e-45 -1.01443e-33  2.15965e-44  4.50922e-34 -5.96537e-43 -7.01579e-34 -1.09855e-42   6.8796e-34 -3.14466e-42  -4.2807e-34 -2.42582e-41  2.97432e-34  3.55602e-41 -1.85719e-34  -1.6453e-40  9.95783e-35 -3.29426e-41 -1.99691e-35 -3.93318e-40   2.5828e-35 -7.50526e-40 -4.24514e-35 -7.50671e-40  4.33248e-36  -3.0104e-39  1.47787e-35 -9.20556e-40 -1.78069e-35 -1.87499e-39  1.58059e-35 -8.89809e-39 -6.15635e-36 -5.99629e-40  5.89149e-36 -5.43748e-39 -9.35142e-37  5.19715e-39 -6.87786e-36 -3.24236e-39  2.30867e-35 -4.39302e-40  -9.3103e-35 -1.25489e-39  3.66294e-34 -1.12803e-39 -1.36215e-33  1.04648e-39   4.7196e-33  3.28997e-40 -1.51743e-32  6.35187e-40  4.51903e-32 -1.00957e-39  -1.2441e-31  2.00371e-39  3.15859e-31   -4.066e-39  -7.3738e-31  1.07294e-38  1.57734e-30 -2.50149e-38 -3.07859e-30  5.51908e-38  5.45418e-30 -1.13602e-37 -8.71556e-30  2.17918e-37  1.24618e-29 -3.87951e-37   -1.578e-29  6.38431e-37  1.74522e-29 -9.65926e-37 -1.65278e-29  1.33406e-36  1.29932e-29 -1.66555e-36 -8.01023e-30  1.85275e-36  3.36559e-30 -1.79339e-36 -4.18889e-31   1.4429e-36 -6.21569e-31 -8.56072e-37  5.09117e-31  1.85207e-37 -1.45433e-31  3.78424e-37 -3.20095e-32 -6.93272e-37  3.83875e-32  7.31597e-37 -8.48438e-33 -5.76225e-37 -1.99852e-33  3.56372e-37  9.83936e-34 -1.73051e-37  1.15504e-34  6.38773e-38 -1.03682e-34 -1.64654e-38   1.0639e-35   2.2203e-39  6.57148e-37    1.932e-40  1.39328e-37 -1.52445e-40 -4.31671e-38  2.71849e-41  1.34763e-39 -1.50567e-42
 9.21753e-49  2.12497e-36 -1.12181e-47  1.60141e-35    1.027e-46  8.13762e-35 -1.17805e-45 -1.37358e-34 -1.99311e-45  1.24006e-34  1.32269e-45 -7.72454e-34  5.64774e-45  1.80335e-33   3.4463e-45 -1.24575e-33  8.20971e-44   5.6457e-34 -2.10506e-42 -8.04405e-34 -2.37637e-42     6.74e-34 -1.23323e-41 -4.01632e-34 -7.23379e-41  2.57152e-34  8.32324e-41 -9.99025e-35 -4.05403e-40  7.69933e-35 -1.51001e-40 -3.86204e-35 -1.00853e-39  4.29579e-35 -2.00983e-39 -5.94274e-35 -1.63868e-39  4.45608e-36 -6.73536e-39  2.33655e-35 -2.80461e-39 -2.72105e-35 -4.06243e-39  2.39183e-35 -1.87845e-38 -1.02489e-35 -1.44021e-39  7.75181e-36 -8.98142e-39  7.49501e-36  8.44096e-39 -5.51084e-35  -5.2733e-39  2.36829e-34 -8.61616e-40  -9.7782e-34 -2.20164e-39  3.77431e-33 -1.58659e-39 -1.35649e-32  9.74135e-40   4.5275e-32  4.06757e-40 -1.40089e-31   1.5035e-39  4.01106e-31 -3.36695e-39 -1.06039e-30  7.81338e-39  2.58148e-30 -1.88356e-38 -5.76859e-30  4.74736e-38  1.17865e-29 -1.10001e-37 -2.19166e-29  2.39087e-37  3.68754e-29 -4.84925e-37 -5.57396e-29  9.15565e-37   7.5006e-29 -1.60303e-36 -8.87805e-29  2.59124e-36  9.09083e-29 -3.84502e-36 -7.85523e-29  5.19809e-36   5.4924e-29  -6.3362e-36 -2.84616e-29  6.85702e-36  8.12432e-30  -6.4205e-36  1.86105e-30  4.94047e-36 -3.46271e-30 -2.70615e-36   1.6519e-30  3.23278e-37 -1.21565e-31    1.538e-36 -2.53732e-31 -2.45728e-36  1.12314e-31  2.43905e-36 -2.42271e-34  -1.8359e-36 -1.12376e-32  1.09429e-36  1.41132e-33 -5.17621e-37  7.87198e-34  1.90383e-37 -1.87694e-34 -5.20608e-38 -6.94813e-36  9.66327e-39  2.00955e-36 -9.53767e-40  4.43077e-37 -8.82953e-42 -3.95125e-38  1.00713e-41  1.26233e-41
-4.18203e-36  1.21207e-47 -5.17756e-36 -9.03507e-47  2.21065e-35  4.88152e-46   1.0685e-34 -4.74005e-45 -1.94815e-34 -9.24927e-45  2.19911e-34  5.48328e-45 -1.01443e-33   3.4463e-45  2.18831e-33 -5.28936e-44 -1.43213e-33  3.05784e-43   6.5992e-34 -7.02348e-42 -8.55025e-34 -4.38421e-42  5.81313e-34 -4.18467e-41 -3.29238e-34 -2.08065e-40  1.91973e-34  1.96642e-40  4.95228e-36 -9.42769e-40  5.79027e-35 -4.73941e-40 -6.66415e-35 -2.44669e-39  6.42013e-35 -4.95748e-39  -7.4005e-35 -3.23092e-39   2.8991e-36  -1.4104e-38  3.22535e-35 -7.28528e-39  -3.7466e-35 -8.07066e-39  3.21831e-35 -3.71141e-38 -1.08189e-35 -2.84393e-39 -1.06672e-35 -1.33813e-38  1.17979e-34  1.28502e-38 -5.72852e-34 -7.62682e-39  2.45916e-33 -1.82021e-39 -9.85554e-33 -3.38331e-39  3.67438e-32 -2.24053e-39 -1.27275e-31  8.47847e-40  4.09001e-31 -3.74706e-40 -1.21734e-30  5.10458e-39  3.34911e-30 -1.37479e-38 -8.49619e-30  3.50219e-38   1.9816e-29 -8.89908e-38 -4.23415e-29  2.18994e-37  8.25302e-29 -5.02288e-37 -1.45978e-28  1.07841e-36  2.32803e-28 -2.16101e-36 -3.32043e-28  4.03044e-36  4.19122e-28  -6.9712e-36 -4.61596e-28  1.11342e-35  4.34611e-28 -1.63338e-35 -3.38707e-28  2.18595e-35  2.05717e-28 -2.64497e-35 -8.34637e-29   2.8573e-35  7.46731e-30 -2.70298e-35   1.7913e-29  2.16424e-35 -1.35823e-29 -1.36027e-35  3.57084e-30  5.13048e-36  1.00224e-30  1.49625e-36  -1.0141e-30 -4.98772e-36  1.84545e-31  5.49227e-36  7.27976e-32 -4.19663e-36 -3.02591e-32  2.45815e-36  -2.3742e-33 -1.12375e-36  2.34332e-33  3.95781e-37   -1.121e-34 -1.03497e-37 -4.97115e-35  1.87265e-38 -2.81523e-37 -2.03115e-39  7.94856e-37  8.73679e-41 -1.12744e-38  1.33426e-42
-3.00472e-48  -7.0959e-36  1.05281e-46 -1.33862e-35 -5.76846e-46  1.72751e-35  1.93971e-45  1.59062e-34 -1.71618e-44 -2.88379e-34 -3.97428e-44  3.31707e-34  2.15965e-44 -1.24575e-33 -5.28936e-44  2.49899e-33 -4.08568e-43 -1.55187e-33  1.12149e-42  7.30498e-34 -2.22535e-41 -8.54862e-34 -6.02834e-42  4.27267e-34 -1.28007e-40 -2.25987e-34 -5.73481e-40  1.16664e-34  4.74742e-40  1.08921e-34 -2.06794e-39  5.07424e-35  -1.2096e-39 -1.03462e-34 -5.61001e-39  8.81527e-35 -1.13257e-38 -8.44537e-35 -5.69898e-39  4.85554e-37 -2.76369e-38  3.99506e-35  -1.6898e-38 -4.62767e-35 -1.46527e-38  3.27277e-35 -6.88373e-38  3.25182e-35 -4.64252e-39 -2.54434e-34 -1.75507e-38  1.30255e-33  1.84732e-38 -5.85223e-33 -9.54739e-39   2.4321e-32 -3.73239e-39 -9.40467e-32 -4.47889e-39  3.37993e-31 -3.42969e-39 -1.12764e-30  1.68621e-39  3.48736e-30  -5.4248e-39 -9.97909e-30  2.13807e-38  2.63628e-29 -6.06315e-38 -6.41257e-29  1.60206e-37  1.43153e-28  -4.0925e-37 -2.92147e-28  9.90234e-37  5.42459e-28 -2.24288e-36 -9.11104e-28  4.75389e-36   1.3742e-27 -9.40524e-36  -1.8441e-27   1.7318e-35  2.17494e-27 -2.95746e-35 -2.21627e-27  4.66487e-35  1.90169e-27  -6.7625e-35 -1.31492e-27   8.9554e-35  6.66662e-28  -1.0751e-34 -1.76288e-28  1.15828e-34 -5.71844e-29 -1.10418e-34  8.75682e-29  9.11265e-35 -3.93103e-29 -6.26112e-35  1.67267e-30  3.27237e-35  6.58115e-30 -8.99728e-36 -2.62429e-30 -4.65575e-36 -1.22545e-31  8.95313e-36  3.09963e-31 -7.58956e-36 -3.61594e-32   4.4937e-36 -1.88817e-32 -1.99483e-36  3.74021e-33  6.65141e-37  4.34716e-34 -1.61258e-37 -7.84895e-35  2.65109e-38 -8.61816e-36 -2.56932e-39  6.77084e-37  1.03641e-40  1.10184e-38
 4.55893e-37 -3.70037e-47 -9.28075e-36  7.01229e-46 -1.54681e-35 -3.07659e-45 -8.35655e-36  6.32647e-45  2.48769e-34 -5.62361e-44 -4.16582e-34   -1.591e-43  4.50922e-34  8.20971e-44 -1.43213e-33 -4.08568e-43  2.69696e-33 -2.09348e-42 -1.60527e-33   4.0207e-42  7.80451e-34 -6.72249e-41 -8.23415e-34 -1.77219e-42  2.42216e-34  -3.6122e-40  -1.1178e-34 -1.50612e-39  4.73848e-35  1.16381e-39   1.9209e-34 -4.27395e-39  6.01529e-35 -2.62206e-39 -1.45935e-34 -1.21614e-38  1.13035e-34 -2.40787e-38 -9.07809e-35 -8.81178e-39 -5.69606e-37 -5.06422e-38  4.28435e-35 -3.58293e-38 -3.84995e-35 -2.41356e-38 -5.57804e-35 -1.20221e-37  5.47666e-34 -5.85094e-39 -2.82708e-33 -1.91045e-38   1.3185e-32  2.53281e-38 -5.68598e-32 -9.60529e-39  2.27975e-31 -7.11945e-39 -8.49873e-31 -4.68636e-39  2.94281e-30 -6.47844e-39 -9.45256e-30  7.88197e-39  2.81193e-29 -2.83556e-38 -7.73128e-29  9.03467e-38  1.95985e-28 -2.56856e-37 -4.56702e-28   6.8347e-37  9.74822e-28 -1.73237e-36 -1.89767e-27  4.13607e-36  3.35137e-27 -9.25723e-36 -5.33453e-27   1.9388e-35  7.59033e-27 -3.78954e-35 -9.55138e-27  6.89127e-35  1.04762e-26 -1.16179e-34 -9.80736e-27  1.80838e-34  7.57717e-27  -2.5865e-34 -4.53273e-27  3.38012e-34  1.77203e-27 -4.00833e-34 -9.11117e-29  4.27622e-34 -4.37076e-28 -4.05792e-34  3.08927e-28  3.37124e-34 -7.36217e-29 -2.39223e-34 -2.69134e-29   1.3863e-34  2.33584e-29 -5.88788e-35 -3.52134e-30  1.08748e-35 -1.96167e-30  8.62906e-36  7.13396e-31 -1.08628e-35  6.43623e-32  6.88753e-36 -5.18537e-32 -3.01047e-36  6.77994e-34  9.46279e-37  1.43775e-33 -2.08703e-37 -4.99838e-36  2.99136e-38 -1.65296e-35 -2.34996e-39  2.70173e-38  6.07166e-41
 9.53422e-48  1.23937e-36 -3.04655e-46 -1.22285e-35  3.81757e-45 -3.60729e-36 -1.41906e-44  -6.1852e-35  1.57152e-44   3.7242e-34 -1.67248e-43 -5.63206e-34 -5.96537e-43   5.6457e-34  3.05784e-43 -1.55187e-33 -2.09348e-42  2.78268e-33  -8.9551e-42 -1.61545e-33  1.38947e-41  8.24849e-34 -1.94262e-40 -7.90674e-34  2.73263e-41  5.95809e-35 -9.54886e-40 -5.84867e-36 -3.75482e-39 -2.53799e-36   2.8412e-39  2.39771e-34 -8.31017e-39  8.50527e-35 -4.83677e-39 -1.88667e-34  -2.4958e-38  1.37319e-34 -4.78396e-38 -9.53823e-35 -1.13866e-38  6.31381e-36 -8.66598e-38    1.384e-35 -7.04544e-38   1.4117e-34 -3.55251e-38 -1.08181e-33 -1.98318e-37  5.85695e-33 -3.86355e-39 -2.82204e-32 -1.40055e-38  1.26155e-31   3.3548e-38 -5.24429e-31 -5.65424e-39  2.02747e-30 -1.25783e-38 -7.28424e-30  -2.2799e-39  2.42928e-29 -1.53937e-38 -7.50925e-29  3.27626e-38  2.14758e-28 -1.10127e-37 -5.66978e-28  3.32977e-37  1.37806e-27 -9.43692e-37 -3.07349e-27  2.51623e-36  6.26534e-27 -6.35606e-36 -1.16177e-26   1.5105e-35  1.94802e-26 -3.36567e-35 -2.93203e-26  7.01271e-35  3.92417e-26 -1.36217e-34 -4.61205e-26  2.45831e-34  4.67733e-26 -4.10656e-34 -3.98568e-26  6.32335e-34  2.72509e-26 -8.93292e-34 -1.35069e-26  1.15147e-33  3.27342e-27 -1.34565e-33  1.44492e-27  1.41463e-33 -1.90621e-27  -1.3247e-33  8.04297e-28   1.0907e-33 -5.59992e-30 -7.75169e-34 -1.48335e-28  4.61858e-34  5.36075e-29 -2.18337e-34  4.85232e-30  7.08616e-35   -7.031e-30 -5.43284e-36  6.82059e-31 -1.11666e-35  4.29175e-31  8.84737e-36 -7.09364e-32  -3.9186e-36 -1.24498e-32  1.16043e-36  1.82367e-33 -2.28756e-37  1.92594e-34  2.74294e-38 -1.22414e-35 -1.56566e-39 -3.49592e-37
 3.90952e-37  9.85998e-47  1.67164e-36 -1.95213e-45 -2.01993e-35  1.76159e-44  2.80898e-35   -5.817e-44 -1.42756e-34  2.02823e-44  5.09099e-34  -4.5124e-43 -7.01579e-34 -2.10506e-42   6.5992e-34  1.12149e-42 -1.60527e-33  -8.9551e-42  2.79558e-33 -3.41031e-41 -1.62074e-33  4.56577e-41  8.85016e-34 -5.38292e-40 -7.85379e-34   1.3609e-40 -9.32016e-35 -2.39133e-39  7.76649e-35 -8.87016e-39  -2.6063e-35  6.75947e-39  2.46372e-34 -1.51661e-38  1.18508e-34  -7.3064e-39 -2.25378e-34 -4.85849e-38  1.61291e-34 -8.91758e-38 -1.08394e-34 -1.05874e-38    6.947e-35 -1.38149e-37 -3.28871e-34 -1.29771e-37  2.09269e-33 -4.51723e-38 -1.14939e-32 -3.10011e-37  5.74634e-32  6.53582e-39 -2.66135e-31  3.44212e-39  1.14679e-30  4.36045e-38 -4.59707e-30  4.79812e-39  1.71325e-29 -2.01451e-38 -5.93033e-29  3.67722e-39  1.90408e-28 -3.18455e-38 -5.66146e-28  8.38442e-38  1.55569e-27 -2.80607e-37 -3.94091e-27  8.64203e-37  9.17591e-27 -2.52949e-36 -1.95665e-26  6.97882e-36  3.80442e-26 -1.81649e-35 -6.70896e-26  4.43114e-35  1.06595e-25 -1.00918e-34 -1.51323e-25  2.13879e-34  1.89852e-25  -4.2043e-34 -2.07403e-25  7.63999e-34  1.93067e-25 -1.27888e-33 -1.47877e-25  1.96437e-33  8.71029e-26  -2.7567e-33 -3.27265e-26  3.51681e-33  3.07951e-28 -4.05453e-33  9.21776e-27  4.19434e-33 -6.10626e-27 -3.85903e-33  1.30035e-27  3.12202e-33  6.18752e-28   -2.187e-33 -4.70502e-28  1.29707e-33  5.75761e-29 -6.27666e-34   4.4049e-29  2.29943e-34 -1.41433e-29 -5.04278e-35 -1.66161e-30 -3.99072e-36  1.04582e-30  9.24365e-36  1.25254e-32 -4.41173e-36 -3.19262e-32  1.23415e-36 -1.17692e-34 -2.12937e-37  3.36927e-34  2.02065e-38  2.07953e-36 -6.77938e-40
-3.23839e-47  4.93166e-37  6.97887e-46  2.40347e-36 -1.03992e-44 -3.92365e-35  7.05618e-44  8.05979e-35 -2.17077e-43 -2.40287e-34 -6.34853e-44   6.2561e-34 -1.09855e-42 -8.04405e-34 -7.02348e-42  7.30498e-34   4.0207e-42 -1.61545e-33 -3.41031e-41  2.79911e-33 -1.18779e-40 -1.66195e-33  1.41305e-40  9.80236e-34 -1.43215e-39 -8.24106e-34  4.67313e-40 -2.00406e-34 -5.72022e-39  1.32438e-34  -1.9853e-38 -2.42876e-35  1.54102e-38  2.16707e-34 -2.58821e-38  1.49756e-34 -7.73366e-39 -2.52156e-34 -8.99295e-38  1.97198e-34 -1.56581e-37 -2.10483e-34 -1.36075e-39  6.78543e-34 -2.04324e-37  -3.8591e-33 -2.25557e-37  2.15459e-32 -4.52466e-38 -1.11364e-31 -4.60806e-37  5.34601e-31  3.40587e-38 -2.38755e-30  3.99236e-38  9.92223e-30  5.70567e-38 -3.83502e-29  2.14878e-38  1.37741e-28  -1.9905e-38 -4.59198e-28   -1.839e-38  1.41884e-27   4.4104e-38  -4.0557e-27 -1.27685e-37  1.07009e-26   2.2697e-37 -2.59901e-26 -1.65547e-37  5.79157e-26 -1.00777e-36 -1.17938e-25  6.44223e-36   2.1841e-25 -2.49604e-35 -3.65646e-25  7.73975e-35  5.49251e-25 -2.06413e-34 -7.33231e-25  4.87127e-34  8.58855e-25 -1.03086e-33  -8.6696e-25  1.96874e-33  7.33707e-25 -3.40222e-33 -4.96007e-25  5.32182e-33  2.40133e-25 -7.52422e-33 -5.25905e-26  9.58769e-33 -3.10296e-26 -1.09635e-32  3.62997e-26   1.1185e-32  -1.4382e-26 -1.01028e-32  -4.6573e-28  7.99809e-33  2.92703e-27 -5.47507e-33  -9.6101e-28  3.17967e-33 -1.30115e-28 -1.52179e-33  1.37521e-28  5.70327e-34  -1.0255e-29 -1.48752e-34 -8.75418e-30  1.55113e-35  1.21066e-30  7.09289e-36  2.79684e-31 -4.27225e-36 -3.39821e-32  1.13718e-36 -4.12351e-33 -1.66778e-37  2.08629e-34   1.1422e-38  8.01453e-36
 1.17109e-36 -2.89412e-46  3.02663e-37  3.88735e-45  6.09869e-36 -4.78751e-44 -7.38013e-35  2.49653e-43  1.47993e-34 -7.53982e-43 -3.34742e-34 -6.29319e-43   6.8796e-34 -2.37637e-42 -8.55025e-34 -2.22535e-41  7.80451e-34  1.38947e-41 -1.62074e-33 -1.18779e-40  2.85766e-33 -3.83485e-40 -1.76874e-33  4.09854e-40  1.11907e-33 -3.65928e-39 -9.05269e-34  1.36401e-39 -2.59836e-34 -1.31428e-38  1.60722e-34 -4.21431e-38 -6.05537e-36  3.33098e-38  1.63984e-34 -4.10391e-38  1.69545e-34 -3.39948e-40 -2.83984e-34 -1.58693e-37  3.70951e-34 -2.60088e-37 -1.21184e-33   2.3467e-38  6.75836e-33 -2.78418e-37 -3.85084e-32 -3.72003e-37  2.05845e-31 -2.25948e-38  -1.0238e-30 -6.53768e-37  4.73895e-30   9.1451e-38 -2.04148e-29  1.00458e-37  8.18166e-29  8.26321e-38 -3.04836e-28  1.70247e-38  1.05484e-27  9.05448e-38 -3.38558e-27 -4.02984e-37   1.0062e-26  1.23691e-36 -2.76343e-26 -3.52011e-36  6.99599e-26  9.12132e-36  -1.6277e-25 -2.15811e-35   3.4677e-25  4.59592e-35 -6.73493e-25 -8.63333e-35  1.18605e-24  1.36723e-34 -1.88122e-24 -1.60968e-34  2.66473e-24  5.87127e-35 -3.33364e-24  3.74497e-34  3.62773e-24 -1.46635e-33 -3.35831e-24   3.6206e-33  2.55015e-24 -7.16212e-33 -1.47859e-24  1.20844e-32  5.32324e-25 -1.78068e-32  1.99098e-26  2.31312e-32 -1.70545e-25 -2.65542e-32  1.06348e-25  2.68923e-32 -1.98962e-26 -2.39055e-32 -1.23348e-26  1.85015e-32  8.36022e-27 -1.23203e-32 -7.93176e-28  6.94112e-33  -8.5657e-28 -3.22688e-33  2.43739e-28   1.1886e-33  3.71388e-29 -3.20319e-34 -1.88311e-29  4.98558e-35 -6.37332e-31  2.21498e-36  6.04117e-31 -3.50614e-36  8.81428e-33    9.013e-37 -6.26162e-33   -1.073e-37 -7.56183e-35  4.32967e-39
-4.48344e-48  3.39225e-36 -1.79747e-45 -4.37978e-38   1.7995e-44  1.62375e-35 -1.95565e-43 -1.22941e-34  7.91289e-43   2.1784e-34 -2.48522e-42 -4.03348e-34 -3.14466e-42     6.74e-34 -4.38421e-42 -8.54862e-34 -6.72249e-41  8.24849e-34  4.56577e-41 -1.66195e-33 -3.83485e-40  3.01457e-33 -1.15615e-39  -1.9498e-33  1.11255e-39  1.29405e-33 -8.97265e-39 -1.00966e-33  3.59467e-39 -2.81387e-34 -2.90922e-38  1.72065e-34 -8.50064e-38  1.49648e-35  6.78756e-38  1.02731e-34 -5.97556e-38   1.9512e-34  2.63342e-38 -5.09812e-34 -2.67692e-37  1.96053e-33 -4.10665e-37 -1.11691e-32  7.18273e-38   6.5665e-32 -3.45228e-37 -3.63173e-31 -5.84513e-37   1.8716e-30  4.12284e-38 -8.97818e-30 -8.89509e-37  4.00887e-29  1.97282e-37 -1.66568e-28  1.74929e-37  6.43653e-28  1.81741e-37 -2.31116e-27 -2.30683e-37   7.7024e-27  1.06817e-36   -2.379e-26 -3.55953e-36  6.79717e-26  1.07028e-35 -1.79244e-25 -2.99043e-35  4.35058e-25  7.74129e-35 -9.68707e-25 -1.85302e-34  1.97075e-24  4.08155e-34 -3.64531e-24 -8.22238e-34  6.09366e-24  1.50052e-33 -9.13636e-24 -2.44272e-33  1.21671e-23  3.44798e-33 -1.42054e-23 -3.95792e-33  1.42746e-23  2.96754e-33  -1.1999e-23  8.36881e-34  8.02004e-24 -8.58157e-33 -3.78903e-24  2.04117e-32  7.36034e-25 -3.47764e-32  5.78436e-25  4.83812e-32 -6.12133e-25 -5.72012e-32  2.27464e-25  5.82809e-32   1.7209e-26 -5.13132e-32  -5.1071e-26  3.88901e-32  1.52338e-26 -2.51414e-32  2.80818e-27  1.36606e-32 -2.36889e-27 -6.10011e-33  1.21769e-28  2.16076e-33  1.58733e-28 -5.69844e-34 -1.82441e-29  9.62738e-35 -5.37824e-30  -4.3498e-36  5.42022e-31 -2.36637e-36  7.93654e-32   6.0542e-37 -3.17338e-33 -5.38156e-38 -1.55541e-34
-6.38333e-37 -5.62371e-47  6.60097e-36 -8.99283e-45 -2.42085e-37  7.11231e-44  3.48272e-35 -7.22739e-43 -1.78396e-34  2.27639e-42  2.74381e-34 -7.88564e-42  -4.2807e-34 -1.23323e-41  5.81313e-34 -6.02834e-42 -8.23415e-34 -1.94262e-40  8.85016e-34  1.41305e-40 -1.76874e-33 -1.15615e-39  3.27876e-33 -3.26875e-39 -2.18956e-33   2.8291e-39  1.48209e-33 -2.10844e-38 -1.10647e-33  8.77401e-39 -2.83485e-34 -6.20816e-38  1.80058e-34 -1.63327e-37  2.78515e-35  1.30054e-37  1.39352e-35 -7.80532e-38   4.9575e-34  9.14027e-38 -2.85421e-33 -4.32747e-37  1.75588e-32 -6.19838e-37 -1.06813e-31  1.49464e-37  6.12192e-31 -3.80276e-37 -3.26928e-30 -8.77334e-37  1.62533e-29  1.68603e-37 -7.52178e-29 -1.17087e-36  3.23975e-28   3.9271e-37 -1.29815e-27  1.58885e-37   4.8356e-27  7.55822e-37 -1.67283e-26 -2.14179e-36  5.36729e-26  7.58233e-36 -1.59454e-25 -2.38665e-35  4.37721e-25  6.97764e-35 -1.10752e-24 -1.90127e-34  2.57502e-24   4.8195e-34 -5.48134e-24 -1.13416e-33  1.06349e-23  2.47019e-33 -1.87048e-23 -4.96025e-33  2.96204e-23  9.13507e-33 -4.18704e-23 -1.53169e-32   5.2238e-23  2.31276e-32  -5.6634e-23 -3.08924e-32   5.2145e-23  3.53068e-32  -3.9259e-23 -3.19129e-32  2.24001e-23  1.67623e-32 -7.70169e-24  1.10694e-32 -6.92951e-25  -4.7422e-32  2.80029e-24  8.32097e-32 -1.64957e-24 -1.07655e-31  2.65093e-25  1.13346e-31  2.16075e-25 -1.00053e-31 -1.32251e-25   7.4601e-32  8.91949e-27 -4.68136e-32  1.46947e-26  2.44353e-32  -3.7108e-27 -1.03963e-32  -7.1728e-28  3.48987e-33  3.02652e-28 -8.74177e-34  1.67011e-29  1.45454e-34  -1.0063e-29 -1.05717e-35 -2.68062e-31 -1.23041e-36  1.04321e-31  3.35321e-37  1.82378e-33 -1.83213e-38
 2.75043e-48 -1.53736e-36 -3.67168e-46  9.73758e-36 -3.86666e-44 -1.43721e-37  2.43119e-43  6.04836e-35 -2.45224e-42 -2.25965e-34   6.0286e-42  3.03506e-34 -2.42582e-41 -4.01632e-34 -4.18467e-41  4.27267e-34 -1.77219e-42 -7.90674e-34 -5.38292e-40  9.80236e-34  4.09854e-40  -1.9498e-33 -3.26875e-39  3.62324e-33 -8.68865e-39 -2.45264e-33  6.75576e-39  1.65072e-33 -4.73978e-38 -1.16212e-33  2.00915e-38 -2.88202e-34  -1.2756e-37  1.94186e-34 -2.99747e-37  6.74085e-35  2.34186e-37 -4.67638e-34 -8.65905e-38  3.83843e-33  2.22128e-37 -2.61357e-32 -6.71868e-37  1.66083e-31 -9.00081e-37  -9.8668e-31  2.55843e-37  5.46178e-30 -3.51914e-37 -2.81421e-29 -1.26052e-36   1.3498e-28  3.87373e-37 -6.02617e-28 -1.53231e-36  2.50346e-27  8.53813e-37 -9.67203e-27 -5.93609e-37  3.47213e-26  4.14102e-36 -1.15684e-25 -1.36794e-35  3.57187e-25   4.4954e-35 -1.02013e-24 -1.36676e-34  2.68884e-24  3.87935e-34  -6.5225e-24 -1.02766e-33  1.45128e-23  2.53669e-33 -2.94991e-23 -5.82349e-33  5.45055e-23  1.24029e-32 -9.09892e-23 -2.44316e-32  1.36183e-22  4.43367e-32 -1.80942e-22 -7.37439e-32    2.106e-22  1.11639e-31   -2.107e-22   -1.523e-31   1.7594e-22  1.84367e-31 -1.16265e-22 -1.92795e-31  5.35526e-23  1.64541e-31 -8.99506e-24 -9.63679e-32 -9.50216e-24  3.40836e-34  9.23035e-24     9.79e-32 -3.21169e-24 -1.69373e-31 -3.96464e-25  1.95557e-31  7.95317e-25 -1.77012e-31 -2.15165e-25  1.30947e-31 -5.15167e-26 -7.98862e-32  3.63921e-26  3.99435e-32 -1.01888e-27 -1.60833e-32  -2.5692e-27  5.05699e-33  2.41374e-28 -1.17822e-33  9.10976e-29   1.8372e-34 -7.55519e-30 -1.43439e-35 -1.36159e-30 -4.04927e-37  4.22546e-32  1.44972e-37  2.65817e-33
