 2.62944e-06 -5.64964e-20 -2.26178e-05  7.76274e-19  6.27029e-05 -3.16664e-18 -7.73689e-05  7.10334e-18  3.37191e-05  -1.0312e-17  1.15502e-05  1.00343e-17 -8.82692e-06 -5.73939e-18 -4.49209e-06  4.05155e-19   9.3969e-07  1.81645e-18  1.48623e-06 -4.66515e-19  4.49603e-07 -9.85573e-19 -1.21145e-07  6.09353e-19 -1.69571e-07  1.32103e-19 -7.27184e-08  -1.2357e-19 -8.63045e-09 -4.88054e-20  9.25559e-09  1.45127e-20  7.59956e-09  1.46834e-20   3.2369e-09  3.46071e-21  7.91177e-10 -2.60335e-21 -1.63999e-11 -1.70671e-21 -1.33698e-10 -3.06975e-22 -8.37896e-11   1.9752e-22 -3.49627e-11   1.6957e-22 -1.11173e-11  5.90976e-23 -2.62886e-12  2.33176e-25 -3.35573e-13 -9.78168e-24  7.62941e-14 -3.86514e-24  7.55328e-14 -2.66806e-25  3.48338e-14  9.09695e-26  1.23874e-14 -1.90161e-25  3.75422e-15 -2.13491e-25  1.00658e-15 -1.04234e-25  2.42827e-16 -2.60972e-26  5.30894e-17  4.84253e-28  1.05275e-17  3.61678e-27  1.88287e-18  1.75731e-27  2.99152e-19  3.84445e-28  4.07397e-20 -6.43532e-29  4.30296e-21  -9.8338e-29  2.06887e-22 -5.12722e-29 -5.14128e-23 -1.93506e-29 -2.05057e-23 -6.07169e-30 -4.70741e-24 -1.65421e-30 -8.64118e-25 -3.97019e-31 -1.37029e-25 -8.48507e-32 -1.93317e-26  -1.6324e-32 -2.45842e-27  -2.8438e-33 -2.83463e-28 -4.48309e-34 -2.96875e-29 -6.37304e-35 -2.82186e-30 -8.14809e-36 -2.42754e-31 -9.34939e-37  -1.8814e-32  -9.5889e-38 -1.30535e-33 -8.72823e-39 -8.04055e-35 -6.98914e-40 -4.35016e-36 -4.87814e-41 -2.03861e-37 -2.93495e-42 -8.12423e-39 -1.49827e-43 -2.68529e-40 -6.34764e-45 -7.10636e-42 -2.16558e-46 -1.42705e-43 -5.69083e-48 -1.98333e-45 -1.06993e-49  -1.5749e-47 -1.24453e-51 -3.74304e-50 -5.78559e-54
-5.64964e-20  3.47309e-05 -4.38275e-19 -0.000165991  4.13502e-18   0.00033321 -1.32416e-17 -0.000301603  2.45884e-17  6.12748e-05 -3.09019e-17  7.08719e-05  2.72304e-17 -1.29143e-05 -1.41393e-17 -2.15393e-05 -5.73753e-19 -3.51178e-06  6.22744e-18  4.06877e-06 -1.96896e-18  2.79525e-06 -2.25125e-18  4.91286e-07  1.27799e-18  -3.6891e-07  4.99083e-19 -3.29165e-07 -2.65089e-19 -1.25326e-07 -1.69728e-19 -1.27573e-08  1.86762e-20  1.60476e-08  4.43947e-20  1.28684e-08  1.47185e-20  5.66782e-09 -5.64372e-21  1.60394e-09    -5.61e-21  1.67834e-10 -1.58046e-21 -1.25404e-10  3.90787e-22 -1.02877e-10  5.30757e-22 -4.84289e-11  2.21488e-22 -1.74695e-11  2.94029e-23 -5.10963e-12 -1.41264e-23    -1.19e-12 -6.83076e-24 -1.90132e-13 -1.11415e-24 -5.15629e-16 -1.01675e-24  1.49234e-14 -1.37372e-24  7.63463e-15  -9.4345e-25  2.73729e-15 -3.91201e-25  8.19243e-16 -9.54053e-26  2.16376e-16 -4.46687e-27  5.17202e-17  7.52641e-27  1.13422e-17  3.52636e-27  2.30084e-18  4.22183e-28  4.34037e-19 -4.22084e-28  7.64135e-20 -3.43755e-28  1.25866e-20 -1.57945e-28  1.94332e-21 -5.58812e-29   2.8164e-22 -1.67004e-29  3.83576e-23 -4.35483e-30  4.91386e-24 -1.00228e-30   5.9255e-25 -2.05393e-31  6.72889e-26 -3.78097e-32  7.19537e-27 -6.28306e-33  7.23929e-28 -9.41987e-34  6.83967e-29 -1.27014e-34  6.04804e-30 -1.53606e-35  4.98016e-31 -1.66209e-36  3.79258e-32 -1.60209e-37  2.64772e-33 -1.36544e-38  1.67637e-34 -1.01937e-39   9.5017e-36 -6.59715e-41    4.747e-37 -3.65388e-42  2.05102e-38 -1.70061e-43  7.48045e-40  -6.4825e-45  2.22908e-41 -1.95124e-46   5.1771e-43 -4.38315e-48  8.68721e-45 -6.64548e-50  9.09428e-47 -5.40184e-52  3.83076e-49
-2.26178e-05 -4.38275e-19  0.000222758 -1.91821e-18 -0.000723151  1.36027e-17   0.00109681 -3.49872e-17 -0.000709141  5.38476e-17  -3.2262e-05 -5.89742e-17  0.000201419  4.87459e-17  2.82788e-05 -2.48162e-17 -4.83995e-05 -2.18466e-18 -2.42393e-05  1.27894e-17  2.28562e-06 -4.20658e-18  7.24045e-06  -4.0412e-18  3.34384e-06  1.99673e-18  2.30537e-07  1.14516e-18 -6.13383e-07 -3.90978e-19 -4.35592e-07 -3.72717e-19 -1.54941e-07 -1.73736e-21 -1.64675e-08  9.02275e-20  1.78133e-08  3.85837e-20  1.47029e-08 -7.83288e-21  6.78815e-09 -1.26396e-20  2.17721e-09 -4.61509e-21   4.2633e-10   3.0282e-22 -2.33026e-11  1.07038e-21 -6.85167e-11  5.47795e-22 -3.92072e-11  1.44066e-22  -1.5929e-11  1.83353e-23 -5.28838e-12  1.73786e-24 -1.49344e-12 -1.74922e-24 -3.60087e-13 -4.94398e-24  -7.1816e-14 -4.81076e-24 -1.04402e-14 -2.76629e-24 -3.66303e-16 -1.06261e-24  4.50055e-16 -2.71983e-25  2.19341e-16 -3.64768e-26  7.08967e-17  3.65269e-27  1.89327e-17  2.17375e-27  4.44986e-18 -1.03427e-27  9.45896e-19 -1.43685e-27  1.84429e-19 -8.30964e-28  3.32505e-20 -3.39231e-28  5.56949e-21 -1.12038e-28  8.69112e-22 -3.17408e-29  1.26524e-22 -7.89073e-30  1.71888e-23 -1.73584e-30  2.17802e-24 -3.40209e-31  2.57065e-25 -5.98239e-32  2.82025e-26 -9.47481e-33  2.86792e-27 -1.35052e-33  2.69339e-28 -1.72707e-34  2.32553e-29 -1.97562e-35  1.83587e-30 -2.01566e-36  1.31632e-31 -1.82524e-37  8.50313e-33 -1.45529e-38  4.90023e-34 -1.01131e-39  2.48886e-35 -6.05369e-41  1.09722e-36 -3.07501e-42  4.11638e-38 -1.29764e-43  1.27966e-39  -4.4131e-45  3.17391e-41 -1.15627e-46  5.92511e-43 -2.16787e-48  7.51699e-45 -2.51555e-50  5.14043e-47 -1.16709e-52
 7.76274e-19 -0.000165991 -1.91821e-18  0.000925198  -5.8563e-18  -0.00222999  3.28426e-17   0.00260735 -6.82709e-17  -0.00110817  8.56739e-17  -0.00043079 -8.13855e-17  0.000340019  6.62802e-17  0.000169669   -3.653e-17   -5.033e-05 -2.52681e-18 -6.50699e-05   2.0051e-17 -1.55548e-05 -6.69879e-18  8.90085e-06 -6.30319e-18   8.7856e-06  2.64988e-18  3.06012e-06  2.00555e-18 -1.14897e-07 -4.60242e-19 -7.40684e-07 -6.34267e-19 -4.60595e-07 -5.30044e-20 -1.59775e-07  1.49591e-19 -2.09944e-08  7.72104e-20  1.40173e-08 -7.67791e-21  1.28021e-08 -2.29507e-20  6.27776e-09 -1.01677e-20  2.23422e-09 -6.57207e-22  5.82564e-10  1.57591e-21  8.48398e-11  1.06608e-21 -1.58171e-11  4.30976e-22  -1.8514e-11   1.4548e-22  -9.1143e-12  4.35919e-23 -3.40222e-12  1.44836e-24 -1.07211e-12 -1.29065e-23 -2.96391e-13 -1.17446e-23 -7.30345e-14 -6.28409e-24 -1.61078e-14 -2.36205e-24 -3.16123e-15 -6.56621e-25 -5.40847e-16 -1.38099e-25 -7.63154e-17 -2.48515e-26 -7.29482e-18 -8.20364e-27  1.60933e-19 -5.70346e-27   3.0549e-19  -3.4813e-27  9.79298e-20 -1.60122e-27  2.28565e-20 -5.85485e-28  4.49368e-21 -1.80001e-28  7.80242e-22 -4.81556e-29  1.22131e-22 -1.13742e-29  1.74077e-23 -2.38467e-30  2.27023e-24 -4.45933e-31  2.71392e-25 -7.47746e-32  2.97332e-26 -1.12741e-32  2.98027e-27 -1.52664e-33  2.72477e-28 -1.85047e-34  2.26261e-29 -2.00105e-35  1.69699e-30 -1.92368e-36  1.14152e-31 -1.63486e-37  6.82666e-33 -1.21764e-38   3.5898e-34 -7.85945e-40  1.63685e-35 -4.33781e-41   6.3562e-37 -2.01158e-42  2.05216e-38 -7.64473e-44  5.32787e-40 -2.29534e-45  1.05868e-41 -5.14389e-47  1.48576e-43 -7.78077e-49  1.26164e-45 -6.31111e-51  4.12311e-48
 6.27029e-05  4.13502e-18 -0.000723151  -5.8563e-18   0.00280094 -1.38386e-17  -0.00526962  6.33206e-17   0.00476326 -1.05675e-16  -0.00102698  1.03576e-16  -0.00121919 -8.26785e-17  0.000302068  7.20601e-17  0.000413266 -4.85218e-17  3.43436e-05  2.05339e-19 -0.000103055  2.67085e-17 -5.72124e-05 -9.09193e-18 -2.76011e-06 -8.76267e-18  1.29116e-05  3.14244e-18  8.45829e-06  2.91491e-18   2.3378e-06  -4.7727e-19 -3.47548e-07 -9.17233e-19 -7.20467e-07 -1.21563e-19 -4.14969e-07  2.23228e-19 -1.45337e-07  1.30722e-19 -2.49836e-08 -4.04238e-21  7.24872e-09 -3.61409e-20  8.66295e-09 -1.90008e-20   4.6125e-09 -3.37865e-21  1.79471e-09  1.64336e-21  5.51218e-10  1.75694e-21  1.30305e-10  9.85063e-22  1.88859e-11  4.38102e-22  -1.8401e-12  1.48063e-22 -2.70575e-12  1.59993e-23 -1.29543e-12 -2.41412e-23 -4.63865e-13 -2.25408e-23 -1.40747e-13 -1.18197e-23 -3.78429e-14 -4.49272e-24 -9.21061e-15  -1.3625e-24  -2.0533e-15 -3.61889e-25 -4.22191e-16 -9.80401e-26 -8.04119e-17 -3.37857e-26  -1.4224e-17 -1.49803e-26 -2.34034e-18 -6.69937e-27  -3.5846e-19 -2.60363e-27 -5.11308e-20 -8.59719e-28 -6.79389e-21 -2.45713e-28 -8.41315e-22 -6.18933e-29 -9.72072e-23 -1.38495e-29  -1.0504e-23 -2.76005e-30 -1.06593e-24 -4.91338e-31 -1.02222e-25  -7.8421e-32 -9.33817e-27 -1.12405e-32 -8.18855e-28 -1.44436e-33 -6.91948e-29 -1.65768e-34 -5.61571e-30 -1.69274e-35 -4.32616e-31 -1.53141e-36 -3.10661e-32 -1.21959e-37 -2.03573e-33  -8.4679e-39 -1.19069e-34 -5.06248e-40 -6.07684e-36 -2.56605e-41  -2.6404e-37 -1.08024e-42 -9.48416e-39 -3.66608e-44 -2.70809e-40 -9.58871e-46  -5.7973e-42 -1.79473e-47 -8.40265e-44 -2.07897e-49 -6.54347e-46 -9.62907e-52
-3.16664e-18   0.00033321  1.36027e-17  -0.00222999 -1.38386e-17   0.00659954 -2.70353e-17  -0.00999893  1.02949e-16   0.00687371 -1.36142e-16  6.44266e-05  9.52495e-17  -0.00219535 -5.59685e-17 -0.000128847  6.32061e-17  0.000647871 -6.02591e-17  0.000246798  6.39719e-18 -8.59287e-05  3.20556e-17 -0.000110608 -1.11079e-17 -3.65586e-05 -1.09511e-17  7.22567e-06  3.44022e-18   1.3483e-05  3.64936e-18  6.96627e-06 -5.14761e-19   1.5925e-06 -1.19523e-18 -4.01954e-07 -1.78638e-19 -5.91534e-07  3.18437e-19  -3.2803e-07  2.00259e-19 -1.18825e-07  4.81512e-21 -2.60573e-08 -5.14334e-20  9.26089e-10 -3.19581e-20  4.33374e-09 -8.93388e-21   2.6548e-09  7.55902e-22  1.12862e-09  2.54534e-21  3.86097e-10  1.87195e-21  1.10263e-10  9.54525e-22  2.60229e-11  3.43194e-22  4.68064e-12   5.2433e-23  4.01649e-13 -3.49978e-23 -1.36026e-13 -3.60096e-23 -9.28038e-14 -1.91113e-23 -3.50959e-14 -7.48749e-24 -1.05836e-14 -2.45461e-24 -2.77033e-15 -7.42692e-25  -6.5124e-16 -2.27922e-25 -1.39872e-16   -7.715e-26 -2.77188e-17 -2.88689e-26 -5.09908e-18 -1.08009e-26 -8.74042e-19 -3.68213e-27 -1.39929e-19  -1.1071e-27 -2.09497e-20 -2.94188e-28 -2.93449e-21 -6.96359e-29 -3.84454e-22 -1.47271e-29 -4.70638e-23 -2.78333e-30 -5.37438e-24 -4.70669e-31 -5.71112e-25 -7.13711e-32 -5.62956e-26 -9.70966e-33 -5.12648e-27 -1.18223e-33  -4.2911e-28  -1.2829e-34 -3.28134e-29 -1.23521e-35 -2.27525e-30 -1.04984e-36 -1.41766e-31 -7.81842e-38 -7.85021e-33 -5.04718e-39 -3.81059e-34 -2.78491e-40 -1.59342e-35 -1.29007e-41 -5.60972e-37 -4.89564e-43 -1.61112e-38 -1.46804e-44 -3.60375e-40 -3.28639e-46 -5.82162e-42  -4.9659e-48 -5.86523e-44 -4.02336e-50 -2.37726e-46
-7.73689e-05 -1.32416e-17   0.00109681  3.28426e-17  -0.00526962 -2.70353e-17    0.0126288  -4.5553e-17   -0.0157229  1.46328e-16   0.00784129 -1.52404e-16    0.0023471  6.31092e-17   -0.0028646 -7.78033e-18  -0.00102233   4.2217e-17  0.000671912 -7.08998e-17  0.000549489  1.46954e-17  3.86412e-05  3.57246e-17 -0.000138362 -1.23882e-17 -8.78249e-05 -1.22653e-17 -1.62151e-05   3.6119e-18  1.18183e-05  3.99083e-18  1.16254e-05 -7.03732e-19  5.14899e-06 -1.47183e-18  1.03602e-06 -1.97031e-19   -3.219e-07  4.46986e-19 -4.17519e-07  2.90649e-19 -2.29603e-07  2.23296e-20 -8.71373e-08 -6.77047e-20 -2.31183e-08 -4.97812e-20 -2.79323e-09 -1.82684e-20  1.24505e-09 -1.55888e-21  1.11566e-09  3.30744e-21  5.37543e-10  3.08897e-21  2.01358e-10  1.71215e-21  6.37696e-11  6.43888e-22  1.75871e-11  1.20924e-22  4.25648e-12 -3.95727e-23  8.95503e-13 -4.94191e-23  1.57739e-13 -2.72091e-23   2.0513e-14 -1.11054e-23  7.27585e-16 -3.88366e-24 -6.62335e-16  -1.2668e-24  -2.9252e-16 -4.07272e-25 -8.45524e-17 -1.34144e-25 -2.00994e-17 -4.53998e-26 -4.18864e-18 -1.50447e-26 -7.85973e-19 -4.61352e-27 -1.34573e-19 -1.27337e-27 -2.11732e-20 -3.15041e-28 -3.07246e-21 -7.00093e-29  -4.1183e-22 -1.39696e-29  -5.0991e-23 -2.49881e-30 -5.82529e-24 -4.00594e-31 -6.12702e-25 -5.76034e-32 -5.91471e-26  -7.4251e-33 -5.21905e-27 -8.55215e-34 -4.18778e-28 -8.75952e-35 -3.03634e-29 -7.93709e-36 -1.97377e-30  -6.3239e-37 -1.13932e-31 -4.39262e-38 -5.77027e-33 -2.62781e-39 -2.52549e-34 -1.33241e-40 -9.36478e-36 -5.60702e-42  -2.8644e-37 -1.90147e-43 -6.95655e-39 -4.96992e-45 -1.26492e-40 -9.29727e-47 -1.55353e-42 -1.07641e-48 -1.02082e-44 -4.98246e-51
 7.10334e-18 -0.000301603 -3.49872e-17   0.00260735  6.33206e-17  -0.00999893  -4.5553e-17    0.0202454   -6.757e-17   -0.0209746  1.85206e-16   0.00675133 -1.55457e-16   0.00539658  2.40172e-17  -0.00268474  4.68609e-17  -0.00218276  1.46138e-17  0.000307594 -7.92575e-17  0.000813195  2.25623e-17  0.000278444  3.72662e-17 -9.38685e-05 -1.25167e-17 -0.000132775  -1.2061e-17 -5.66849e-05  3.84764e-18 -2.74582e-06   3.7985e-18  1.19031e-05 -1.18885e-18   8.7855e-06 -1.78497e-18   3.5331e-06 -1.68554e-19  6.87921e-07  6.18879e-19 -1.89557e-07  4.09689e-19 -2.52607e-07  5.33389e-20 -1.41417e-07  -8.3421e-20 -5.64827e-08 -7.25896e-20 -1.72106e-08  -3.1731e-20 -3.69753e-09 -5.52591e-21 -2.48165e-10  3.90116e-21  2.55339e-10  4.54642e-21  1.73849e-10  2.66978e-21  7.43692e-11  1.04209e-21  2.57056e-11  2.26462e-22  7.69532e-12 -3.19038e-23  2.05443e-12 -5.93202e-23  4.96292e-13 -3.46701e-23  1.09288e-13 -1.48249e-23  2.20039e-14 -5.45779e-24  4.04861e-15 -1.85876e-24  6.77893e-16  -6.0642e-25  1.02318e-16 -1.93889e-25  1.36576e-17  -6.1047e-26  1.54615e-18 -1.84666e-26  1.31866e-19 -5.18479e-27  3.96781e-21 -1.32375e-27  -1.4438e-21 -3.05652e-28 -4.22605e-22 -6.37677e-29 -7.65681e-23 -1.19927e-29 -1.11165e-23 -2.02719e-30  -1.3806e-24 -3.07552e-31 -1.50231e-25 -4.18609e-32 -1.44516e-26 -5.10321e-33  -1.2307e-27 -5.54986e-34 -9.24609e-29 -5.35471e-35 -6.08103e-30 -4.55605e-36 -3.45773e-31 -3.39414e-37 -1.66756e-32 -2.19206e-38 -6.61561e-34 -1.21044e-39 -2.04326e-35 -5.61028e-41 -4.31745e-37 -2.12902e-42  -3.2812e-39   -6.382e-44  1.48334e-40 -1.42822e-45   6.2515e-42 -2.15768e-47  1.04555e-43 -1.74786e-49  6.03817e-46
 3.37191e-05  2.45884e-17 -0.000709141 -6.82709e-17   0.00476326  1.02949e-16   -0.0157229   -6.757e-17    0.0278805 -8.82051e-17   -0.0241903  2.08865e-16   0.00344296 -1.52598e-16   0.00832654 -1.66778e-18  -0.00139115  9.37974e-17  -0.00320553 -1.33805e-17 -0.000475121 -8.42343e-17  0.000871568  2.71542e-17  0.000572505  3.59898e-17  4.88095e-05 -1.12152e-17 -0.000136525 -9.81261e-18 -0.000100208  4.42034e-18 -3.10015e-05  3.06188e-18  3.42931e-06 -2.07014e-18  9.57607e-06 -2.19278e-18  6.00764e-06 -1.10389e-19  2.29946e-06  8.35384e-19  4.79319e-07   5.6337e-19 -7.14476e-08  1.01852e-19 -1.27458e-07 -9.67673e-20 -7.50498e-08 -9.92962e-20 -3.16104e-08 -4.86397e-20 -1.06204e-08 -1.09451e-20 -2.87993e-09  4.22047e-21 -5.87398e-10  6.08406e-21 -5.74706e-11  3.73062e-21  2.05234e-11  1.50379e-21   1.5663e-11  3.64812e-22   6.5193e-12 -8.69877e-24   2.1512e-12  -6.2807e-23  6.13682e-13 -3.99826e-23   1.5673e-13  -1.7962e-23  3.64783e-14 -6.88036e-24  7.81786e-15 -2.39849e-24  1.55292e-15 -7.81666e-25   2.8715e-16 -2.42427e-25  4.95744e-17 -7.20322e-26   8.0074e-18 -2.02482e-26  1.21175e-18 -5.27218e-27  1.71945e-19 -1.25379e-27  2.28864e-20 -2.70995e-28  2.85696e-21 -5.31232e-29  3.34233e-22 -9.41301e-30  3.65924e-23 -1.50201e-30  3.74063e-24 -2.15335e-31   3.5588e-25 -2.76965e-32  3.13735e-26  -3.1875e-33  2.54843e-27 -3.26663e-34  1.89389e-28 -2.96246e-35  1.27655e-29 -2.36094e-36  7.72175e-31 -1.63966e-37  4.13783e-32 -9.81013e-39    1.933e-33 -4.97678e-40  7.71259e-35 -2.09529e-41  2.55785e-36 -7.10605e-43  6.78654e-38 -1.85692e-44  1.35869e-39 -3.47305e-46  1.85299e-41 -4.02077e-48  1.36545e-43 -1.86115e-50
 -1.0312e-17  6.12748e-05  5.38476e-17  -0.00110817 -1.05675e-16   0.00687371  1.46328e-16   -0.0209746 -8.82051e-17    0.0337318 -9.93566e-17   -0.0245184  2.06405e-16  -0.00138563 -1.51749e-16    0.0102352 -2.54268e-18  0.000845121  1.26001e-16   -0.0036723  -3.5876e-17  -0.00151858 -8.51862e-17  0.000608086  2.61511e-17  0.000808639  3.11504e-17    0.0002721 -8.52727e-18 -7.14596e-05 -5.31041e-18 -0.000123244  5.58611e-18 -6.50652e-05  1.90442e-18 -1.47878e-05 -3.36102e-18  4.71854e-06 -2.74621e-18  6.61873e-06 -5.72839e-20  3.77553e-06  1.08439e-18  1.42845e-06  7.49206e-19  3.38947e-07  1.67728e-19  1.66184e-09 -1.06181e-19 -4.96743e-08 -1.27413e-19 -3.29194e-08 -6.71557e-20 -1.47641e-08 -1.71344e-20 -5.33078e-09  4.25118e-21  -1.6268e-09   7.5174e-21 -4.23539e-10  4.76528e-21  -9.1979e-11  1.97463e-21 -1.51788e-11  5.21495e-22 -1.09994e-12  2.88457e-23  4.49767e-13 -5.85871e-23  2.71319e-13 -4.20383e-23  9.53555e-14 -1.98743e-23  2.69392e-14  -7.8443e-24  6.62004e-15 -2.76307e-24  1.46098e-15 -8.91621e-25  2.94231e-16 -2.68182e-25  5.45587e-17  -7.5816e-26  9.36318e-18 -2.00296e-26  1.49156e-18 -4.88236e-27  2.20865e-19 -1.08805e-27  3.04093e-20 -2.20867e-28  3.89041e-21 -4.07411e-29    4.618e-22 -6.80319e-30  5.07455e-23 -1.02419e-30  5.14634e-24 -1.38599e-31  4.79801e-25 -1.68211e-32   4.0925e-26 -1.82439e-33  3.17484e-27 -1.75836e-34  2.22406e-28 -1.49537e-35  1.39469e-29 -1.11318e-36  7.74554e-31 -7.18298e-38  3.75877e-32 -3.96459e-39  1.56678e-33 -1.83767e-40  5.48404e-35 -6.97474e-42   1.5621e-36 -2.09054e-43  3.45744e-38 -4.67695e-45  5.51416e-40 -7.06382e-47  5.47213e-42 -5.72163e-49  2.17943e-44
 1.15502e-05 -3.09019e-17  -3.2262e-05  8.56739e-17  -0.00102698 -1.36142e-16   0.00784129  1.85206e-16   -0.0241903 -9.93566e-17    0.0366582 -9.21647e-17   -0.0221717  1.71803e-16  -0.00658289 -1.57109e-16    0.0106189  1.86941e-17   0.00351939  1.43868e-16  -0.00334339  -4.7799e-17  -0.00254385 -8.19625e-17  1.70389e-05  1.83969e-17  0.000871966  2.23541e-17   0.00051497 -4.83623e-18   6.5478e-05  1.21259e-18 -0.000103414  7.46646e-18 -9.00185e-05  5.30272e-19  -3.8275e-05 -4.98109e-18 -6.45249e-06 -3.46147e-18  3.73983e-06 -4.62427e-20  4.03173e-06  1.33923e-18  2.18479e-06  9.50972e-19  8.38291e-07  2.43924e-19  2.28305e-07 -1.11245e-19  3.01016e-08 -1.53561e-19 -1.12365e-08 -8.46477e-20 -1.09037e-08 -2.30652e-20 -5.44054e-09   4.0886e-21 -2.10256e-09   8.6886e-21 -6.88886e-10  5.64373e-21 -1.98001e-10  2.39213e-21 -5.06423e-11  6.74587e-22  -1.1565e-11  7.50603e-23 -2.34296e-12 -4.73824e-23 -4.12119e-13 -4.04576e-23   -5.938e-14 -2.01686e-23 -5.67015e-15 -8.14006e-24  1.94488e-16 -2.87222e-24  2.72953e-16  -9.1285e-25  8.75221e-17 -2.66269e-25  2.06294e-17 -7.19842e-26  4.09858e-18  -1.8008e-26  7.18144e-19  -4.1382e-27  1.13193e-19  -8.6864e-28  1.62041e-20 -1.66144e-28  2.11641e-21 -2.88903e-29  2.52591e-22 -4.54967e-30  2.75351e-23 -6.46132e-31  2.73616e-24 -8.24751e-32  2.47017e-25  -9.4335e-33  2.01659e-26 -9.62673e-34  1.47973e-27 -8.70864e-35  9.68455e-29 -6.92836e-36  5.59908e-30 -4.80326e-37  2.82484e-31   -2.869e-38  1.22438e-32 -1.45384e-39  4.46647e-34 -6.11768e-41  1.33354e-35 -2.07414e-42  3.13103e-37 -5.41775e-44  5.43529e-39 -1.01275e-45  6.26337e-41 -1.17191e-47  3.76363e-43  -5.4232e-50
 1.00343e-17  7.08719e-05 -5.89742e-17  -0.00043079  1.03576e-16  6.44266e-05 -1.52404e-16   0.00675133  2.08865e-16   -0.0245184 -9.21647e-17    0.0366316 -6.16396e-17   -0.0181432  1.08655e-16   -0.0111125 -1.68533e-16   0.00950023  4.90404e-17   0.00604452   1.5184e-16  -0.00223284 -4.57094e-17  -0.00326883 -7.48147e-17 -0.000793868  4.23558e-18  0.000693984  9.95845e-18  0.000695247 -6.88061e-19  0.000246953  9.11631e-18 -3.11833e-05  9.97775e-18 -9.00381e-05 -8.54429e-19 -5.78941e-05 -6.77825e-18 -2.12653e-05 -4.30502e-18 -2.88724e-06 -1.03675e-19  2.23929e-06  1.56056e-18  2.16731e-06  1.13764e-18  1.15121e-06  3.15758e-19  4.53729e-07 -1.13644e-19  1.38475e-07 -1.74628e-19  3.01858e-08 -9.84963e-20  2.26217e-09 -2.76837e-20 -1.96849e-09  3.88786e-21 -1.38754e-09  9.49338e-21 -6.04071e-10  6.26175e-21 -2.12054e-10  2.69942e-21 -6.45204e-11  8.00196e-22 -1.75465e-11  1.21546e-22 -4.33383e-12 -3.15792e-23 -9.81217e-13  -3.5663e-23 -2.04796e-13 -1.88224e-23 -3.95414e-14 -7.72579e-24 -7.07719e-15 -2.71501e-24 -1.17554e-15 -8.47028e-25 -1.81301e-16 -2.39612e-25 -2.59661e-17 -6.21513e-26 -3.45378e-18 -1.47991e-26 -4.26815e-19 -3.22276e-27 -4.90672e-20 -6.39874e-28 -5.26229e-21 -1.15667e-28 -5.29205e-22 -1.89971e-29 -5.03017e-23 -2.82427e-30 -4.56446e-24 -3.78463e-31 -3.99066e-25 -4.55471e-32 -3.37404e-26 -4.90509e-33 -2.74245e-27  -4.7029e-34 -2.10954e-28 -3.98545e-35 -1.50237e-29 -2.95879e-36   -9.672e-31 -1.90426e-37 -5.49565e-32 -1.04854e-38  -2.6899e-33 -4.85165e-40 -1.10398e-34 -1.83938e-41 -3.67381e-36 -5.50884e-43 -9.45694e-38 -1.23145e-44 -1.74628e-39 -1.85833e-46  -1.9986e-41 -1.50411e-48 -9.15289e-44
-8.82692e-06  2.72304e-17  0.000201419 -8.13855e-17  -0.00121919  9.52495e-17    0.0023471 -1.55457e-16   0.00344296  2.06405e-16   -0.0221717 -6.16396e-17    0.0345142 -1.02694e-17   -0.0135993  3.02438e-17   -0.0144075 -1.83652e-16   0.00727584   7.3343e-17   0.00797248  1.54867e-16 -0.000556156 -2.88509e-17  -0.00350491  -6.4438e-17  -0.00164933 -1.45761e-17    0.0002773 -4.75818e-18  0.000740567  3.47994e-18  0.000423338  1.75521e-17  8.37793e-05  1.28538e-17  -5.5827e-05 -2.09376e-18 -6.33842e-05 -8.55945e-18 -3.42187e-05 -5.19539e-18 -1.15582e-05 -2.40394e-19 -1.56558e-06  1.70132e-18  1.03333e-06   1.2676e-18  1.00865e-06  3.62811e-19  5.39262e-07   -1.177e-19  2.19208e-07 -1.89107e-19  7.25913e-08 -1.07041e-19  1.96395e-08 -3.03121e-20  4.05857e-09   3.7575e-21  4.36856e-10  9.87317e-21 -1.16841e-10   6.5531e-21 -9.75475e-11  2.85592e-21 -4.13009e-11  8.78363e-22  -1.3717e-11  1.59719e-22 -3.92425e-12 -1.43921e-23 -1.00325e-12 -2.87057e-23 -2.33469e-13 -1.61747e-23  -4.9981e-14 -6.73037e-24 -9.90787e-15 -2.34695e-24 -1.82636e-15 -7.17269e-25 -3.13905e-16 -1.96806e-25 -5.03879e-17 -4.90895e-26 -7.55993e-18 -1.11661e-26 -1.06025e-18 -2.31324e-27 -1.38912e-19 -4.35902e-28 -1.69812e-20 -7.46652e-29 -1.93305e-21 -1.16042e-29 -2.04353e-22 -1.63048e-30 -1.99915e-23  -2.0625e-31 -1.80173e-24 -2.33981e-32 -1.48772e-25 -2.37063e-33 -1.11793e-26 -2.13263e-34 -7.58274e-28 -1.68982e-35 -4.59653e-29 -1.16766e-36 -2.45982e-30 -6.95257e-38 -1.14436e-31 -3.51302e-39 -4.53719e-33 -1.47494e-40  -1.4928e-34 -4.99279e-42 -3.92457e-36 -1.30257e-43 -7.77867e-38 -2.43213e-45 -1.04964e-39 -2.81114e-47 -7.64965e-42 -1.29957e-49
-5.73939e-18 -1.29143e-05  4.87459e-17  0.000340019 -8.26785e-17  -0.00219535  6.31092e-17   0.00539658 -1.52598e-16  -0.00138563  1.71803e-16   -0.0181432 -1.02694e-17    0.0314552  5.25107e-17  -0.00939606 -4.59404e-17     -0.01639  -2.0038e-16   0.00446191  8.11999e-17    0.0090863  1.56464e-16   0.00138296  2.54954e-19  -0.00319414 -5.21464e-17   -0.0023676 -3.54063e-17 -0.000309704 -1.97958e-17  0.000612832  7.53911e-18  0.000539618  2.57219e-17  0.000214362  1.57559e-17  1.03673e-05 -3.07596e-18 -4.79268e-05 -1.01108e-17 -3.90977e-05 -6.01687e-18 -1.90209e-05 -4.52599e-19  -6.2626e-06  1.71496e-18 -1.04332e-06  1.29766e-18  3.22412e-07  3.63231e-19  3.87518e-07 -1.29998e-19  2.15969e-07  -1.9795e-19  9.08639e-08 -1.10248e-19  3.17921e-08 -3.09523e-20  9.54999e-09  3.65329e-21  2.47588e-09  9.78759e-21  5.43515e-10    6.489e-21  9.41089e-11  2.84263e-21  9.28828e-12  8.97351e-22 -1.46429e-12  1.83083e-22 -1.18576e-12  1.06843e-24 -4.36308e-13 -2.09332e-23 -1.24452e-13 -1.27981e-23 -3.04692e-14 -5.39483e-24 -6.65059e-15 -1.86296e-24 -1.31784e-15 -5.57111e-25 -2.39377e-16 -1.48299e-25 -4.00742e-17 -3.56288e-26  -6.2009e-18 -7.76187e-27 -8.87907e-19 -1.53409e-27 -1.17646e-19 -2.75085e-28 -1.44085e-20 -4.47461e-29 -1.62795e-21 -6.59152e-30 -1.69204e-22 -8.76261e-31 -1.61185e-23 -1.04685e-31 -1.40074e-24 -1.11936e-32 -1.10412e-25 -1.06623e-33 -7.83905e-27 -8.98835e-35  -4.9701e-28 -6.64626e-36 -2.78432e-29 -4.26291e-37 -1.36002e-30 -2.33953e-38 -5.69423e-32 -1.07918e-39 -1.99786e-33 -4.08124e-41  -5.6929e-35 -1.22005e-42 -1.25788e-36 -2.72332e-44 -1.99839e-38 -4.10401e-46 -1.97083e-40 -3.31719e-48 -7.77986e-43
-4.49209e-06 -1.41393e-17  2.82788e-05  6.62802e-17  0.000302068 -5.59685e-17   -0.0028646  2.40172e-17   0.00832654 -1.51749e-16  -0.00658289  1.08655e-16   -0.0135993  5.25107e-17    0.0283685  1.14894e-16  -0.00592586 -1.05561e-16   -0.0172842 -2.18025e-16    0.0015004  6.98276e-17   0.00937351   1.5826e-16   0.00329471  3.61597e-17  -0.00239282 -3.99763e-17  -0.00280811 -5.55642e-17 -0.000958257 -3.29632e-17  0.000318051   1.1666e-17  0.000553059  3.30662e-17  0.000324431  1.84152e-17  9.43246e-05 -3.68153e-18 -1.15592e-05 -1.12047e-17 -3.17087e-05 -6.63717e-18 -2.17754e-05 -7.23272e-19 -1.00046e-05  1.56725e-18 -3.35197e-06  1.19466e-18 -7.20138e-07  2.99501e-19  1.27964e-08 -1.57801e-19  1.09015e-07 -2.04398e-19  6.91351e-08 -1.09757e-19  3.06569e-08 -3.03294e-20  1.11922e-08   3.3453e-21  3.54752e-09  9.19697e-21  9.99236e-10  6.07336e-21  2.52826e-10  2.66297e-21  5.76599e-11  8.55451e-22  1.18186e-11  1.88556e-22  2.15307e-12  1.25249e-23  3.39367e-13 -1.36216e-23  4.31539e-14 -9.31391e-24  3.36053e-15 -3.98526e-24 -2.53278e-16 -1.36202e-24 -1.82193e-16 -3.98379e-25 -4.99102e-17 -1.02914e-25  -1.0355e-17  -2.3844e-26 -1.81951e-18 -4.98428e-27 -2.81461e-19 -9.41816e-28 -3.89796e-20 -1.61026e-28 -4.87008e-21 -2.49166e-29 -5.50511e-22 -3.48364e-30 -5.62989e-23 -4.38548e-31  -5.1973e-24 -4.95008e-32  -4.3137e-25 -4.98806e-33 -3.20033e-26 -4.46372e-34 -2.10599e-27 -3.52146e-35 -1.21694e-28 -2.42491e-36  -6.0954e-30 -1.43943e-37 -2.60177e-31 -7.25077e-39 -9.25067e-33 -3.03527e-40  -2.6542e-34 -1.02494e-41 -5.86499e-36 -2.66894e-43 -9.26245e-38 -4.97579e-45 -9.11823e-40 -5.74287e-47 -4.04752e-42 -2.65102e-49
 4.05155e-19 -2.15393e-05 -2.48162e-17  0.000169669  7.20601e-17 -0.000128847 -7.78033e-18  -0.00268474 -1.66778e-18    0.0102352 -1.57109e-16   -0.0111125  3.02438e-17  -0.00939606  1.14894e-16    0.0257343  1.68057e-16  -0.00322351 -1.42068e-16   -0.0174062 -2.36622e-16  -0.00131746  4.32867e-17   0.00894647  1.60343e-16   0.00495991  7.17524e-17  -0.00122911 -3.05085e-17  -0.00289404 -7.30826e-17     -0.00155 -4.25439e-17 -9.81601e-05  1.61244e-17  0.000445364  3.93045e-17  0.000380041  2.07356e-17   0.00017393  -3.7322e-18  3.80553e-05  -1.1608e-17 -1.19535e-05 -6.92404e-18 -1.76515e-05 -1.02057e-18  -1.1009e-05  1.24923e-18 -4.92553e-06  9.46754e-19 -1.71198e-06  1.64281e-19 -4.48174e-07 -2.06476e-19  -6.6847e-08 -2.12703e-19  1.22093e-08 -1.08217e-19  1.49984e-08 -2.96161e-20  7.65151e-09   2.4986e-21  2.97026e-09  8.07559e-21  9.79573e-10   5.3414e-21  2.86107e-10  2.34079e-21  7.55427e-11  7.60494e-22  1.82441e-11  1.76739e-22  4.05971e-12  1.89137e-23  8.36385e-13 -7.68564e-24  1.60065e-13 -6.22333e-24  2.85231e-14 -2.71626e-24  4.74105e-15 -9.19278e-25  7.36129e-16  -2.6302e-25  1.06902e-16 -6.59685e-26  1.45381e-17 -1.47531e-26  1.85384e-18 -2.96311e-27  2.21934e-19 -5.36102e-28  2.49706e-20 -8.75234e-29  2.64193e-21 -1.28993e-29  2.62713e-22 -1.71337e-30  2.45015e-23 -2.04383e-31  2.13414e-24 -2.18005e-32   1.7246e-25 -2.06962e-33  1.28128e-26 -1.73846e-34  8.65182e-28 -1.28154e-35  5.23705e-29 -8.19936e-37  2.79553e-30 -4.48931e-38  1.29022e-31 -2.06563e-39  5.02271e-33 -7.79222e-41  1.59595e-34 -2.32442e-42  3.94816e-36  -5.1798e-44  7.04811e-38 -7.79518e-46  7.83914e-40 -6.29229e-48  3.50456e-42
  9.3969e-07 -5.73753e-19 -4.83995e-05   -3.653e-17  0.000413266  6.32061e-17  -0.00102233  4.68609e-17  -0.00139115 -2.54268e-18    0.0106189 -1.68533e-16   -0.0144075 -4.59404e-17  -0.00592586  1.68057e-16     0.023672   2.0878e-16  -0.00115102 -1.56731e-16   -0.0170345 -2.55298e-16  -0.00384077  9.88319e-18   0.00796617  1.61951e-16   0.00624337  1.00029e-16  0.000140287 -2.63508e-17  -0.00261289 -8.71611e-17  -0.00198245 -4.78334e-17 -0.000564263  2.09548e-17  0.000226725  4.43458e-17  0.000359376   2.2811e-17  0.000225958 -2.98669e-18  8.77506e-05 -1.11042e-17  1.56899e-05  -6.7608e-18 -6.91195e-06 -1.29481e-18 -8.39825e-06  7.87002e-19 -4.98811e-06  5.70701e-19 -2.21282e-06 -3.53846e-20 -7.97305e-07 -2.76707e-19 -2.36541e-07 -2.26186e-19 -5.54447e-08  -1.0817e-19 -8.33824e-09 -2.99352e-20  5.21502e-10  8.41645e-22  1.02014e-09  6.45165e-21  5.00799e-10  4.36197e-21  1.81094e-10  1.91675e-21  5.52836e-11  6.27715e-22  1.49388e-11  1.51301e-22  3.65411e-12  2.04032e-23  8.19158e-13 -3.53899e-24  1.69559e-13 -3.81261e-24  3.25601e-14 -1.71042e-24  5.81772e-15 -5.74014e-25  9.68909e-16 -1.60725e-25  1.50534e-16 -3.91551e-26  2.18184e-17 -8.45811e-27  2.94822e-18 -1.63375e-27  3.70903e-19 -2.83315e-28  4.33544e-20 -4.42098e-29   4.6954e-21 -6.21118e-30  4.69491e-22 -7.84268e-31  4.31484e-23  -8.8674e-32  3.62511e-24  -8.9374e-33  2.76583e-25 -7.98909e-34  1.90107e-26 -6.29216e-35  1.16572e-27 -4.32638e-36  6.30051e-29 -2.56495e-37   2.9563e-30 -1.29029e-38  1.18079e-31 -5.39223e-40  3.90978e-33 -1.81752e-41  1.03358e-34 -4.72526e-43  2.05852e-36 -8.79861e-45  2.78956e-38 -1.01447e-46  2.04066e-40 -4.67804e-49
 1.81645e-18 -3.51178e-06 -2.18466e-18   -5.033e-05 -4.85218e-17  0.000647871   4.2217e-17  -0.00218276  9.37974e-17  0.000845121  1.86941e-17   0.00950023 -1.83652e-16     -0.01639 -1.05561e-16  -0.00322351   2.0878e-16    0.0221102  2.38257e-16  0.000462979 -1.55456e-16   -0.0163671 -2.70974e-16  -0.00601453 -2.06838e-17   0.00659334  1.62258e-16   0.00708213  1.15821e-16   0.00156164 -2.94168e-17  -0.00200426 -9.81373e-17  -0.00218474 -4.93359e-17 -0.000999653  2.57575e-17 -6.76283e-05  4.81568e-17  0.000258684  2.48575e-17  0.000233103 -1.19757e-18  0.000122993 -9.53657e-18  4.34842e-05 -6.06239e-18  7.63817e-06   -1.479e-18 -2.67059e-06  2.43363e-19 -3.33835e-06  1.12361e-19 -1.96624e-06 -2.77098e-19 -8.74744e-07 -3.62656e-19 -3.23586e-07 -2.45465e-19 -1.02845e-07 -1.10943e-19 -2.82968e-08 -3.18573e-20 -6.64972e-09 -1.66158e-21 -1.26634e-09  4.44615e-21 -1.59249e-10  3.23729e-21  6.51011e-12  1.44279e-21  1.26396e-11  4.76552e-22  5.26605e-12   1.1782e-22  1.60805e-12  1.81119e-23  4.14151e-13 -1.12143e-24  9.43098e-14 -2.14565e-24  1.94001e-14 -9.97901e-25  3.64558e-15 -3.32509e-25  6.29687e-16 -9.11419e-26  1.00303e-16 -2.15715e-26  1.47557e-17 -4.50264e-27  2.00503e-18 -8.36866e-28  2.51409e-19 -1.39181e-28  2.90356e-20 -2.07702e-29  3.08017e-21 -2.78287e-30  2.99045e-22 -3.34107e-31  2.64499e-23 -3.58042e-32  2.11922e-24 -3.40846e-33  1.52748e-25 -2.86632e-34  9.82031e-27 -2.11359e-35  5.57245e-28 -1.35253e-36  2.75414e-29 -7.40647e-38  1.16562e-30 -3.40723e-39  4.13002e-32 -1.28442e-40  1.18736e-33 -3.82772e-42  2.64455e-35 -8.52226e-44  4.23111e-37 -1.28171e-45  4.19817e-39 -1.03406e-47  1.66554e-41
 1.48623e-06  6.22744e-18 -2.42393e-05 -2.52681e-18  3.43436e-05 -6.02591e-17  0.000671912  1.46138e-17  -0.00320553  1.26001e-16   0.00351939  4.90404e-17   0.00727584  -2.0038e-16   -0.0172842 -1.42068e-16  -0.00115102  2.38257e-16     0.020925  2.58682e-16   0.00175944 -1.45093e-16    -0.015529 -2.78446e-16  -0.00783684  -3.9687e-17   0.00496626   1.6104e-16    0.0074654  1.16984e-16    0.0029019 -4.02707e-17  -0.00114324 -1.07069e-16  -0.00212385 -4.85531e-17   -0.0013302  2.97026e-17 -0.000386025  5.06785e-17  9.31733e-05  2.71027e-17  0.000189099   1.7959e-18  0.000132512 -6.85551e-18  6.30153e-05 -4.79149e-18   2.1592e-05 -1.49696e-18  4.42784e-06  -2.9131e-19 -4.70388e-07 -3.60681e-19 -1.02967e-06 -5.26264e-19 -6.39976e-07 -4.52091e-19 -2.90036e-07 -2.67686e-19  -1.0935e-07 -1.16052e-19 -3.59263e-08 -3.51287e-20 -1.05059e-08 -4.73067e-21 -2.76242e-09  2.27933e-21 -6.55415e-10  2.09268e-21 -1.40031e-10  9.74199e-22 -2.66975e-11  3.26886e-22 -4.44485e-12  8.23617e-23 -6.12861e-13  1.36435e-23  -5.8688e-14 -5.06938e-26  2.97683e-16 -1.12331e-24  1.90947e-15 -5.43186e-25   5.9741e-16 -1.79541e-25  1.31956e-16 -4.81404e-26  2.41879e-17 -1.10647e-26  3.86754e-18 -2.23129e-27  5.50717e-19 -3.99049e-28  7.04928e-20 -6.36557e-29   8.1416e-21 -9.08553e-30  8.48786e-22  -1.1609e-30   7.9719e-23 -1.32497e-31  6.71898e-24 -1.34517e-32  5.05258e-25 -1.20854e-33  3.36357e-26 -9.54889e-35  1.96212e-27 -6.57992e-36  9.89686e-29  -3.9081e-37  4.24101e-30   -1.969e-38  1.50758e-31 -8.23693e-40  4.29823e-33 -2.77735e-41  9.34335e-35 -7.22029e-43  1.42401e-36 -1.34433e-44  1.29247e-38 -1.55007e-46  4.46261e-41 -7.14839e-49
-4.66515e-19  4.06877e-06  1.27894e-17 -6.50699e-05  2.05339e-19  0.000246798 -7.08998e-17  0.000307594 -1.33805e-17   -0.0036723  1.43868e-16   0.00604452   7.3343e-17   0.00446191 -2.18025e-16   -0.0174062 -1.56731e-16  0.000462979  2.58682e-16    0.0200078  2.70209e-16    0.0028368 -1.31078e-16   -0.0145943 -2.71892e-16  -0.00932989 -4.10674e-17   0.00319516  1.58985e-16   0.00741572  1.04711e-16   0.00405583 -5.78237e-17 -0.000124604 -1.15156e-16  -0.00180395 -4.74535e-17  -0.00150007  3.17828e-17 -0.000671362  5.18336e-17 -0.000106698   2.9687e-17   0.00010061  5.98496e-18  0.000111874 -3.15237e-18  6.80527e-05 -2.97126e-18  3.05378e-05 -1.27901e-18  1.05741e-05   -7.176e-19  2.62689e-06 -7.72971e-19  2.50439e-07  -7.4303e-19 -1.89804e-07 -5.28818e-19  -1.5427e-07 -2.87156e-19 -7.48339e-08 -1.21376e-19 -2.90204e-08 -3.87553e-20 -9.71278e-09 -7.82861e-21 -2.89805e-09  2.30506e-22 -7.84154e-10  1.05482e-21 -1.94373e-10  5.60002e-22 -4.44261e-11  1.95375e-22 -9.40427e-12  5.01499e-23 -1.84945e-12  8.58967e-24 -3.38669e-13  1.77818e-25 -5.78471e-14 -5.68891e-25 -9.22966e-15 -2.80238e-25 -1.37735e-15 -9.11989e-26 -1.92484e-16 -2.38347e-26 -2.52206e-17 -5.30928e-27 -3.10175e-18  -1.0331e-27 -3.58344e-19 -1.77646e-28 -3.88958e-20 -2.71654e-29 -3.96282e-21 -3.70659e-30 -3.78005e-22 -4.51425e-31 -3.36056e-23 -4.89474e-32 -2.76573e-24 -4.70357e-33 -2.08821e-25 -3.98311e-34 -1.43032e-26 -2.95176e-35 -8.76883e-28 -1.89613e-36 -4.73523e-29 -1.04176e-37 -2.20902e-30 -4.80616e-39 -8.68737e-32 -1.81567e-40 -2.78762e-33 -5.41828e-42 -6.96287e-35 -1.20738e-43  -1.2549e-36 -1.81715e-45 -1.40913e-38 -1.46717e-47 -6.36045e-41
 4.49603e-07 -1.96896e-18  2.28562e-06   2.0051e-17 -0.000103055  6.39719e-18  0.000549489 -7.92575e-17 -0.000475121  -3.5876e-17  -0.00334339   1.5184e-16   0.00797248  8.11999e-17    0.0015004 -2.36622e-16   -0.0170345 -1.55456e-16   0.00175944  2.70209e-16    0.0192825   2.7002e-16   0.00375993 -1.16809e-16   -0.0136055 -2.47082e-16    -0.010524 -2.24162e-17   0.00136472  1.57513e-16   0.00697481  8.29416e-17    0.0049468 -7.95357e-17  0.000949887 -1.23246e-16  -0.00126134 -4.78241e-17  -0.00147905  3.11938e-17 -0.000872131  5.16063e-17 -0.000302242   3.2615e-17 -1.44233e-05  1.11579e-17  6.49053e-05  1.33859e-18  5.66441e-05 -6.89935e-19  3.16543e-05 -7.81046e-19  1.37751e-05 -9.50011e-19  4.88862e-06 -1.05794e-18   1.4001e-06 -8.91293e-19  2.93224e-07 -5.76803e-19  2.18521e-08 -2.97192e-19 -1.78342e-08 -1.24006e-19 -1.24636e-08 -4.13979e-20 -5.37731e-09 -1.03381e-20 -1.87581e-09 -1.43487e-21 -5.68813e-10  2.24937e-22 -1.54623e-10   2.3427e-22 -3.82919e-11  9.27304e-23 -8.72151e-12  2.46234e-23  -1.8379e-12  4.15012e-24 -3.59724e-13   2.0493e-26  -6.5554e-14 -3.02684e-25 -1.11385e-14 -1.41299e-25 -1.76566e-15 -4.43269e-26 -2.61093e-16 -1.11858e-26 -3.59872e-17 -2.40243e-27 -4.61683e-18 -4.49649e-28 -5.50131e-19  -7.4183e-29 -6.07137e-20 -1.08577e-29 -6.18357e-21 -1.41444e-30 -5.78607e-22 -1.63999e-31 -4.94708e-23 -1.68719e-32 -3.83944e-24 -1.53232e-33 -2.68328e-25 -1.22086e-34 -1.67228e-26 -8.46601e-36 -9.18279e-28 -5.05422e-37 -4.37607e-29 -2.55801e-38 -1.77468e-30 -1.07433e-39 -5.96502e-32 -3.63375e-41 -1.60044e-33 -9.46784e-43 -3.23475e-35  -1.7657e-44  -4.4483e-37 -2.03889e-46 -3.30232e-39 -9.41623e-49
-9.85573e-19  2.79525e-06 -4.20658e-18 -1.55548e-05  2.67085e-17 -8.59287e-05  1.46954e-17  0.000813195 -8.42343e-17  -0.00151858  -4.7799e-17  -0.00223284  1.54867e-16    0.0090863  6.98276e-17  -0.00131746 -2.55298e-16   -0.0163671 -1.45093e-16    0.0028368   2.7002e-16    0.0187002  2.53622e-16   0.00457197 -1.04096e-16    -0.012587 -2.03159e-16     -0.01145  1.48281e-17 -0.000461065  1.58245e-16   0.00619424  5.70815e-17    0.0055244 -1.02064e-16   0.00198097 -1.31567e-16 -0.000557184  -5.0723e-17  -0.00126554  2.76772e-17 -0.000951659  5.01349e-17  -0.00045509  3.57669e-17 -0.000131351  1.69292e-17  2.59925e-06  6.27252e-18  3.17266e-05   1.9055e-18  2.46796e-05 -5.70073e-22  1.31126e-05 -9.37579e-19  5.60678e-06 -1.17284e-18  2.02781e-06  -9.4721e-19  6.29614e-07 -5.84638e-19  1.66446e-07 -2.92433e-19  3.58369e-08 -1.21399e-19    5.303e-09 -4.18932e-20 -3.99518e-11 -1.17721e-20 -4.04892e-10 -2.53894e-21 -1.94226e-10 -3.42602e-22 -6.60076e-11  1.11094e-23 -1.87382e-11  2.26391e-23 -4.68365e-12   7.1029e-24 -1.05533e-12  9.58986e-25  -2.1702e-13  -2.0977e-25 -4.10132e-14 -1.85721e-25 -7.15093e-15 -7.29166e-26 -1.15261e-15 -2.11896e-26 -1.71854e-16 -5.06824e-27 -2.36934e-17 -1.03883e-27 -3.01661e-18  -1.8583e-28 -3.53937e-19 -2.92886e-29 -3.81579e-20 -4.09017e-30 -3.76593e-21 -5.07454e-31 -3.38664e-22 -5.58914e-32  -2.7593e-23 -5.44413e-33 -2.02276e-24 -4.66263e-34 -1.32284e-25 -3.48634e-35 -7.63716e-27 -2.25534e-36 -3.84137e-28 -1.24649e-37 -1.65506e-29 -5.78145e-39 -5.97253e-31 -2.19442e-40 -1.74979e-32 -6.57352e-42 -3.97444e-34 -1.46903e-43 -6.49109e-36 -2.21594e-45 -6.58282e-38 -1.79282e-47 -2.67372e-40
-1.21145e-07 -2.25125e-18  7.24045e-06 -6.69879e-18 -5.72124e-05  3.20556e-17  3.86412e-05  2.25623e-17  0.000871568 -8.51862e-17  -0.00254385 -4.57094e-17 -0.000556156  1.56464e-16   0.00937351  4.32867e-17  -0.00384077 -2.70974e-16    -0.015529 -1.31078e-16   0.00375993  2.53622e-16    0.0182299  2.17285e-16   0.00530293  -9.3892e-17   -0.0115521 -1.43245e-16   -0.0121354   6.5976e-17  -0.00223369   1.6235e-16   0.00512981  3.24805e-17   0.00576124 -1.22114e-16   0.00287859 -1.39712e-16  0.000230725 -5.61943e-17 -0.000885565  2.16827e-17 -0.000894345  4.77571e-17 -0.000535414  3.89497e-17 -0.000225019  2.28159e-17 -6.00857e-05  1.12502e-17  9.43668e-08  4.62577e-18  1.19059e-05  1.01583e-18  9.02277e-06 -6.76145e-19   4.6811e-06 -1.10779e-18  1.97846e-06 -9.04629e-19  7.20259e-07 -5.48771e-19  2.31414e-07 -2.70696e-19  6.63486e-08 -1.12327e-19  1.70263e-08 -3.96699e-20  3.89331e-09 -1.19251e-20  7.81289e-10 -3.03375e-21  1.32399e-10 -6.47328e-22   1.6897e-11 -1.14892e-22  7.78754e-13 -1.74645e-23 -4.04713e-13 -2.93391e-24 -1.79292e-13 -8.78033e-25 -4.92533e-14 -3.58869e-25 -1.09362e-14 -1.31826e-25 -2.10255e-15 -4.01722e-26  -3.5974e-16  -1.0308e-26 -5.54848e-17 -2.27469e-27 -7.76204e-18 -4.37747e-28 -9.87346e-19 -7.40539e-29  -1.1421e-19 -1.10691e-29 -1.19943e-20 -1.46701e-30 -1.14008e-21 -1.72608e-31 -9.76415e-23 -1.79946e-32 -7.48997e-24 -1.65408e-33  -5.1068e-25 -1.33156e-34 -3.06497e-26 -9.31122e-36 -1.59937e-27 -5.59676e-37 -7.14154e-29 -2.84955e-38 -2.67181e-30  -1.2034e-39   -8.137e-32 -4.09052e-41 -1.93526e-33 -1.07015e-42 -3.37007e-35 -2.00207e-44 -3.83748e-37 -2.31779e-46 -2.21919e-39 -1.07301e-48
 6.09353e-19  4.91286e-07  -4.0412e-18  8.90085e-06 -9.09193e-18 -0.000110608  3.57246e-17  0.000278444  2.71542e-17  0.000608086 -8.19625e-17  -0.00326883 -2.88509e-17   0.00138296   1.5826e-16   0.00894647  9.88319e-18  -0.00601453 -2.78446e-16   -0.0145943 -1.16809e-16   0.00457197  2.17285e-16    0.0178518  1.60216e-16   0.00597497 -8.67679e-17   -0.0105071 -7.36893e-17   -0.0126038  1.24296e-16   -0.0039157  1.70028e-16   0.00383871  1.31291e-17   0.00564989  -1.3719e-16   0.00356678 -1.46807e-16   0.00101653 -6.33005e-17 -0.000388606  1.42964e-17 -0.000708144  4.49808e-17 -0.000528162  4.19567e-17 -0.000275972  2.83299e-17  -0.00010849  1.58798e-17 -2.98523e-05  7.26248e-18 -2.74082e-06  2.17619e-18  3.03029e-06 -2.09011e-19    2.595e-06 -8.86441e-19  1.36594e-06 -7.75881e-19   5.7604e-07 -4.74412e-19  2.09316e-07 -2.33693e-19  6.76296e-08 -9.72718e-20  1.97559e-08 -3.49037e-20  5.26972e-09 -1.09089e-20  1.29162e-09 -2.99746e-21  2.92091e-10 -7.33676e-22  6.11089e-11 -1.63314e-22  1.18482e-11 -3.42416e-23  2.13133e-12 -7.17451e-24  3.55979e-13 -1.60914e-24  5.52391e-14 -3.93094e-25  7.97016e-15 -9.87297e-26  1.07069e-15 -2.37321e-26  1.34221e-16 -5.23135e-27  1.57581e-17  -1.0381e-27  1.74157e-18 -1.84003e-28  1.82329e-19 -2.90309e-29  1.81899e-20 -4.07331e-30  1.73486e-21 -5.08325e-31  1.57846e-22 -5.63637e-32  1.35823e-23 -5.53217e-33  1.08957e-24 -4.77593e-34   8.0047e-26 -3.59729e-35  5.28201e-27 -2.34145e-36  3.06734e-28 -1.30087e-37  1.53335e-29 -6.06332e-39  6.43038e-31  -2.3125e-40  2.18877e-32 -6.95811e-42  5.76961e-34 -1.56074e-43  1.09224e-35 -2.36115e-45  1.28292e-37 -1.91498e-47  6.03555e-40
