 2.22719e-10  7.66893e-25 -3.84107e-09 -2.39197e-23  2.39997e-08  2.04233e-22 -8.22904e-08 -8.92026e-22  1.73141e-07  2.33457e-21 -2.26913e-07 -3.75872e-21  1.69695e-07  3.23917e-21 -4.21534e-08  1.32248e-22 -3.23114e-08 -4.03112e-21  1.87123e-08  4.79248e-21  7.73072e-09 -1.85686e-21 -4.63606e-09 -1.56476e-21 -2.69482e-09  2.49597e-21  5.70895e-10 -1.05375e-21  8.21479e-10 -7.81008e-22  1.44753e-10  1.57737e-21 -1.30261e-10 -1.27204e-21 -8.61423e-11  5.66611e-22 -1.17079e-11 -6.19467e-23  1.15518e-11 -1.16385e-22  7.93033e-12  1.20796e-22  1.96227e-12 -8.33201e-23 -3.33569e-13  4.74391e-23 -4.94931e-13 -2.32109e-23 -2.13747e-13  1.13423e-23 -4.33882e-14 -5.30935e-24  5.73198e-15   9.9761e-25  8.59955e-15  9.35545e-25  3.87808e-15 -7.45609e-25  1.07459e-15  1.84618e-25  1.52333e-16 -1.28929e-27 -2.63243e-17 -3.44758e-27 -2.66216e-17   1.2767e-27 -1.06985e-17 -1.78024e-27 -3.01174e-18 -1.02677e-28 -6.29165e-19  6.20726e-28  -8.5861e-20 -1.37695e-28 -2.83777e-23 -6.38588e-29  4.51392e-21    3.334e-29  1.77331e-21  3.51523e-30  4.71662e-22 -3.94874e-30  1.00408e-22 -6.12491e-31  1.79026e-23  1.10914e-31  2.69323e-24  5.29856e-32  3.34261e-25  1.21821e-32  3.14408e-26  7.94974e-34  1.45152e-27 -7.55622e-34 -2.10385e-28 -1.42113e-34 -7.26468e-29  4.14345e-35  -1.3012e-29  7.25554e-36 -1.78238e-30  3.12979e-37 -2.02846e-31  2.27246e-37 -1.97394e-32 -6.01569e-38 -1.65933e-33  5.27683e-39 -1.20619e-34  1.21342e-38 -7.54574e-36  8.00949e-40 -4.02724e-37 -3.60908e-40 -1.81074e-38  -3.8524e-41 -6.71149e-40  2.30718e-42 -1.92934e-41  2.94215e-43 -3.66209e-43   -4.571e-46 -4.28135e-45  1.32153e-46  -5.7683e-47  1.64415e-47
 7.66893e-25  5.67153e-09  1.48602e-23 -5.51063e-08 -3.20184e-22  2.58448e-07  2.17042e-21 -7.18224e-07 -7.92527e-21   1.2559e-06  1.76835e-20 -1.35456e-06 -2.40623e-20  7.64079e-07  1.57451e-20 -1.77216e-08   7.0787e-21 -2.17126e-07 -2.61003e-20    3.988e-08  2.37294e-20  5.94243e-08 -4.59561e-21 -5.92202e-09 -1.13438e-20 -1.65985e-08  1.25342e-20 -2.53451e-09 -3.82118e-21  3.29251e-09 -4.49421e-21  1.76264e-09  7.14121e-21 -4.74124e-11 -5.12898e-21 -4.02893e-10  1.99024e-21 -1.75206e-10  -8.0023e-23 -4.71348e-12 -4.58908e-22  3.07131e-11  4.10543e-22  1.66854e-11 -2.67149e-22  3.55827e-12  1.44857e-22 -7.86594e-13 -6.76959e-23 -9.64064e-13  3.52767e-23 -4.07882e-13 -1.86527e-23  -9.0266e-14  3.68368e-24  2.98773e-15  3.25343e-24  1.22025e-14 -2.33378e-24   6.0594e-15  4.27145e-25  1.87532e-15  3.54088e-26  3.73791e-16 -5.76182e-30  2.05766e-17  2.07004e-27 -2.01745e-17 -8.69999e-27 -1.09261e-17  3.71742e-28 -3.56937e-18   2.2984e-27 -8.82121e-19 -5.00895e-28 -1.70044e-19 -2.28836e-28 -2.36818e-20  1.07226e-28 -1.32825e-21  1.58996e-29  4.90635e-22  -1.2114e-29     2.22e-22 -2.90124e-30  5.79477e-23  8.71366e-32  1.18077e-23  1.77821e-31  2.02059e-24  5.75315e-32  2.98011e-25  5.90736e-33  3.81649e-26 -2.39288e-33  4.22437e-27 -4.49539e-34  3.96561e-28   8.8834e-35  3.00869e-29  1.58731e-35   1.5876e-30  2.31245e-36  1.21888e-32  4.87118e-38 -9.73581e-33 -2.90935e-37 -1.47698e-33  7.66679e-38 -1.43069e-34  4.39597e-38 -1.06376e-35  1.38768e-39 -6.34457e-37 -1.03764e-39 -3.06254e-38  -8.6373e-41 -1.17804e-39  4.31838e-42 -3.34591e-41   4.1907e-43 -5.99412e-43  4.49261e-45 -5.76379e-45  7.82242e-46 -4.38621e-47
-3.84107e-09  1.48602e-23  7.06522e-08  1.62975e-22 -4.73433e-07 -2.65672e-21  1.75431e-06  1.47884e-20 -4.03568e-06 -4.58975e-20  5.90389e-06  8.79502e-20 -5.17987e-06 -1.00626e-19  1.99202e-06  4.52183e-20  6.18968e-07  5.24726e-20 -7.56014e-07 -1.08647e-19  -9.0479e-08  7.59775e-20  2.11343e-07  1.24446e-21  4.78424e-08 -4.82106e-20 -4.64866e-08  4.11145e-20 -2.43734e-08  -8.3935e-21  3.61918e-09 -1.64889e-20  7.08536e-09   2.1749e-20  2.06881e-09 -1.39786e-20 -6.25435e-10  4.67873e-21 -7.21895e-10  1.50152e-22 -2.30288e-10 -1.18892e-21  1.88745e-11   9.3921e-22  5.09784e-11 -5.81423e-22  2.38877e-11  2.94872e-22  4.69648e-12 -1.28013e-22 -1.05696e-12  7.59032e-23  -1.2381e-12 -4.71296e-23 -5.28577e-13  9.48913e-24 -1.29702e-13  8.11293e-24 -7.53977e-15 -5.03034e-24  1.00418e-14  5.45174e-25  5.90637e-15  1.38993e-25  2.03702e-15  4.01236e-26  4.94047e-16 -1.13137e-27  7.56079e-17 -2.76818e-26 -5.95935e-19  2.74069e-27 -5.23895e-18   6.0525e-27 -2.22376e-18 -1.27539e-27 -6.37512e-19 -5.92231e-28 -1.44241e-19  2.40418e-28 -2.66256e-20  4.88823e-29  -3.9233e-21 -2.55002e-29 -4.06986e-22 -8.85418e-30 -8.98087e-24 -6.36367e-31  8.63817e-24  3.66411e-31  2.74122e-24  1.71492e-31  5.63599e-25  2.31043e-32  9.26968e-26 -4.20458e-33  1.29371e-26 -9.47683e-34  1.56763e-27  8.15975e-35   1.6643e-28  1.92822e-35  1.55105e-29  3.06696e-36  1.26512e-30 -2.56934e-36  8.96548e-32   -7.651e-37  5.45464e-33  3.07221e-37  2.79726e-34  1.03653e-37  1.17448e-35  1.29909e-39  3.81765e-37 -1.92403e-39  8.16708e-39 -1.33036e-40  4.66908e-41  4.19439e-42 -2.19258e-42  3.61491e-43  9.09777e-45  1.59385e-44  1.32942e-45  9.39311e-46
-2.39197e-23 -5.51063e-08  1.62975e-22   5.7398e-07  1.23917e-21 -2.90415e-06 -1.61054e-20  8.78605e-06   7.5376e-20 -1.69703e-05 -2.01291e-19  2.07976e-05  3.32753e-19 -1.44782e-05 -3.16554e-19  2.79775e-06  7.39396e-20  3.28233e-06  2.34053e-19 -1.55936e-06 -3.39433e-19  -8.3526e-07  1.79337e-19    4.075e-07  4.95383e-20  2.84197e-07 -1.48675e-19 -4.71052e-08  1.02962e-19 -8.59118e-08 -1.16667e-20 -1.71821e-08 -4.55456e-20  1.37894e-08  5.15971e-20  9.68065e-09 -2.97281e-20  1.37208e-09  8.46255e-21 -1.35183e-09  9.25547e-22 -9.44078e-10 -2.34709e-21 -2.32173e-10  1.67841e-21  4.55329e-11 -9.98511e-22  6.34552e-11  4.53504e-22  2.71392e-11 -1.69067e-22  5.29275e-12  1.30932e-22  -9.2441e-13 -9.89826e-23 -1.19528e-12   1.9241e-23 -5.28433e-13  1.68475e-23 -1.43746e-13 -8.53178e-24 -1.89821e-14  1.59184e-25  4.39559e-15  3.03673e-25  3.91634e-15  1.68959e-25  1.54048e-15 -1.67018e-26  4.28912e-16 -6.76638e-26  8.86207e-17  9.42084e-27  1.18176e-17  1.30853e-26 -1.09315e-19 -2.63287e-27 -6.66366e-19 -1.28297e-27 -2.56069e-19  4.31262e-28 -6.74431e-20    1.191e-28 -1.42638e-20  -4.1825e-29 -2.53186e-21 -2.09035e-29 -3.80287e-22 -3.17936e-30 -4.74363e-23  4.81247e-31 -4.57952e-24  3.78556e-31 -2.50305e-25  6.43743e-32  1.89027e-26 -3.04282e-33  8.17679e-27 -1.34206e-33  1.49945e-27 -2.25188e-35  2.04471e-28  6.21332e-36  2.29079e-29 -1.05877e-35  2.17895e-30 -1.15662e-35  1.77951e-31  -1.4432e-36  1.24922e-32  7.72045e-37  7.49945e-34  1.86495e-37  3.80591e-35  5.70609e-40  1.59958e-36 -2.67315e-39  5.37212e-38 -1.66217e-40  1.37515e-39  1.27088e-42  2.65686e-41  2.51034e-43  3.95445e-43  2.45685e-44  2.78131e-45
 2.39997e-08 -3.20184e-22 -4.73433e-07  1.23917e-21  3.42059e-06  7.15643e-21  -1.3767e-05  -7.6739e-20   3.4776e-05  3.07255e-19 -5.69117e-05 -7.12555e-19  5.81644e-05  1.01825e-18 -3.05545e-05 -7.89435e-19 -1.27153e-06 -1.06918e-20  9.86497e-06  7.69533e-19 -1.34429e-06 -8.49464e-19  -2.8426e-06  3.22176e-19  1.86929e-07  2.12614e-19  8.14753e-07 -3.63471e-19  1.41243e-07  2.10736e-19 -1.67535e-07 -6.06674e-21 -9.35578e-08 -1.01928e-19  2.92321e-09  1.01367e-19  2.25312e-08 -5.22569e-20  9.75054e-09  1.24099e-20  6.87241e-11  2.40492e-21 -1.88676e-09 -3.74898e-21 -9.96131e-10  2.51031e-21 -1.96554e-10 -1.45837e-21  6.03018e-11  5.35513e-22  6.38462e-11 -1.25238e-22  2.60061e-11  1.93828e-22  5.34922e-12 -1.83112e-22 -4.67201e-13  3.16944e-23 -8.97225e-13  3.08877e-23 -4.22798e-13 -1.18356e-23 -1.26641e-13 -1.15287e-24 -2.38572e-14  4.71452e-25 -6.38122e-16  4.38556e-25  1.63394e-15 -6.21765e-26  8.14256e-16 -1.37048e-25  2.58245e-16  2.40202e-26  6.25589e-17  2.46976e-26  1.18146e-17 -4.68928e-27  1.59072e-18 -2.47248e-27  7.35958e-20  6.47997e-28 -3.81725e-20  2.45515e-28 -1.60577e-20 -5.48229e-29 -4.08441e-21 -4.12244e-29 -8.17812e-22 -9.09758e-30   -1.379e-22  1.87049e-31 -2.00674e-23  6.55967e-31 -2.53878e-24   1.4174e-31 -2.78209e-25  6.89586e-33 -2.59898e-26 -6.11096e-34 -1.99054e-27 -6.39881e-35 -1.12064e-28 -3.08747e-35 -2.51703e-30 -6.36578e-35  3.77963e-31 -3.14252e-35  6.60266e-32 -2.19768e-36   6.4207e-33  1.44406e-36  4.63374e-34  2.73641e-37  2.62717e-35  1.33556e-42   1.1718e-36 -2.97504e-39  3.98355e-38 -1.82789e-40  9.81139e-40 -2.47299e-42  1.72902e-41   2.2117e-43  2.05287e-43  1.96769e-44
 2.04233e-22  2.58448e-07 -2.65672e-21 -2.90415e-06  7.15643e-21  1.59485e-05  3.30938e-20 -5.28184e-05 -2.99933e-19  0.000113178  1.04103e-18 -0.000157684  -2.1112e-18  0.000132752   2.6071e-18 -4.70292e-05 -1.59036e-18 -1.95226e-05 -5.26692e-19  2.03714e-05  2.02218e-18  3.22914e-06 -1.76459e-18 -6.06902e-06   4.2535e-19 -1.51209e-06  5.96754e-19  1.41395e-06 -7.39441e-19  7.64904e-07  3.67384e-19 -1.25631e-07  1.87762e-20  -2.3585e-07 -1.92911e-19 -6.59604e-08  1.70556e-19  2.46094e-08 -7.81911e-20  2.59345e-08  1.51026e-20  7.72712e-09   4.3378e-21 -1.13661e-09 -4.98528e-21 -2.04071e-09  3.30911e-21 -8.98218e-10 -1.93611e-21 -1.50641e-10   4.3928e-22  5.76871e-11  8.97934e-23  5.38118e-11   2.5973e-22  2.15833e-11 -3.07362e-22  4.85346e-12  4.18869e-23   3.9444e-14   5.1294e-23 -5.15084e-13  -1.3313e-23 -2.71369e-13 -3.60518e-24 -8.91625e-14  5.75924e-25 -2.05727e-14   8.6427e-25 -2.79847e-15 -1.71149e-25  1.91839e-16 -2.41231e-25  2.71296e-16  5.10602e-26  1.05842e-16  4.21589e-26  2.92216e-17 -7.47229e-27  6.43643e-18 -4.37798e-27  1.15826e-18  8.20811e-28  1.65374e-19  4.44563e-28  1.61405e-20 -5.43607e-29  1.00859e-22 -7.06916e-29 -4.11709e-22 -1.99957e-29  -1.2099e-22  -1.0725e-30 -2.39975e-23    8.979e-31 -3.84005e-24  2.57709e-31 -5.22637e-25  3.24506e-32 -6.17738e-26  3.42279e-33 -6.39252e-27  4.95061e-34 -5.79954e-28 -8.46564e-35  -4.5978e-29 -1.83069e-34 -3.16212e-30 -6.42029e-35 -1.86465e-31 -2.91708e-36 -9.26128e-33  2.16093e-36 -3.76883e-34  3.39649e-37 -1.20203e-35  3.65505e-40 -2.81741e-37  -2.7873e-39 -4.64042e-39 -1.83069e-40 -5.05905e-41  -4.2123e-42  3.71473e-43  2.35391e-43  2.23511e-44
-8.22904e-08  2.17042e-21  1.75431e-06 -1.61054e-20  -1.3767e-05  3.30938e-20  6.05974e-05  1.26859e-19 -0.000169101 -9.89309e-19  0.000310832  3.00749e-18 -0.000368928 -5.36133e-18  0.000249648  5.70489e-18 -4.18003e-05  -2.5661e-18 -6.32812e-05 -2.08865e-18  2.86102e-05  4.43406e-18  1.67919e-05 -3.10864e-18 -8.20012e-06  3.26384e-19 -5.87368e-06  1.30323e-18  1.10736e-06 -1.29175e-18  1.89081e-06  5.62646e-19  3.35607e-07  7.12274e-20 -3.45274e-07 -3.17822e-19 -2.24981e-07  2.50855e-19 -2.30039e-08 -1.01117e-19  3.79439e-08  1.53927e-20  2.38598e-08  5.97071e-21   4.9756e-09 -5.54056e-21 -1.77672e-09  4.05674e-21 -1.83955e-09 -2.52791e-21 -7.18282e-10  8.04025e-23 -1.11806e-10  5.62583e-22  4.24981e-11  3.34384e-22  3.85306e-11 -4.75789e-22  1.56273e-11  4.05666e-23  3.88398e-12  7.78921e-23  3.56169e-13 -1.11692e-23 -2.04812e-13 -6.93817e-24 -1.36293e-13  6.49004e-25  -4.9646e-14  1.39733e-24 -1.31124e-14 -3.98234e-25 -2.53884e-15 -3.82329e-25 -2.86823e-16  9.49534e-26  2.50596e-17  6.65004e-26  2.53248e-17 -1.09535e-26  8.73665e-18 -7.26155e-27  2.19103e-18  8.42936e-28  4.47911e-19  7.25145e-28  7.71993e-20 -2.75359e-29  1.12556e-20 -1.07691e-28  1.35566e-21 -3.69437e-29  1.24115e-22 -4.00964e-30  5.73898e-24  9.00481e-31 -7.15316e-25  3.92079e-31  -2.4522e-25  7.82425e-32 -4.21952e-26  1.41032e-32  -5.5016e-27  2.54982e-33 -5.91571e-28 -1.24364e-34 -5.39656e-29 -3.78074e-34 -4.21434e-30 -1.06645e-34 -2.81524e-31  -3.5711e-36  -1.5962e-32  2.69059e-36 -7.56813e-34  3.64904e-37 -2.93321e-35  1.47376e-39 -9.03455e-37 -2.32169e-39 -2.13409e-38 -1.64516e-40 -3.54193e-40 -3.11082e-42  -2.9584e-42  1.75011e-43
-8.92026e-22 -7.18224e-07  1.47884e-20  8.78605e-06  -7.6739e-20 -5.28184e-05  1.26859e-19  0.000192993  4.13121e-19 -0.000461773  -2.8107e-18  0.000733744  7.54556e-18 -0.000738937 -1.18685e-17  0.000383149  1.08196e-17  2.55151e-05 -3.12198e-18 -0.000135893 -5.56356e-18  1.89371e-05  8.33148e-18  4.13694e-05 -4.70501e-18  -3.6331e-06 -1.76006e-19 -1.26752e-05   2.3608e-18 -1.80829e-06 -1.98332e-18  2.93356e-06  7.77681e-19  1.48798e-06  1.52963e-19  -1.5293e-07 -4.65582e-19  -4.2346e-07  3.26457e-19 -1.61481e-07 -1.13636e-19  1.31399e-08  1.31575e-20  4.01787e-08   6.2762e-21  1.86659e-08 -4.90567e-21   2.6536e-09  4.91115e-21  -1.8012e-09 -3.50172e-21 -1.43451e-09 -5.89984e-22 -5.21243e-10  1.35445e-21 -8.33095e-11  4.41411e-22  2.38578e-11 -6.85033e-22  2.33866e-11  1.58376e-23  9.81668e-12  1.08255e-22  2.68478e-12 -4.25379e-24   4.2073e-13 -1.02812e-23 -3.06592e-14  9.41519e-25 -4.97083e-14  1.93192e-24 -2.11897e-14 -8.14356e-25 -6.26311e-15   -5.611e-25 -1.43422e-15  1.58213e-25 -2.52897e-16  9.80662e-26 -2.94995e-17 -1.51998e-26  1.19222e-19 -1.14307e-26  1.24133e-18  5.81972e-28  4.27777e-19  1.08577e-27  1.01142e-19  4.02088e-29  1.93424e-20 -1.47015e-28  3.14417e-21 -5.98592e-29   4.4252e-22 -9.32329e-30  5.41613e-23  3.79694e-31  5.73107e-24  4.91217e-31  5.14655e-25  1.43287e-31  3.75228e-26  3.50642e-32  1.95339e-27  7.01103e-33  2.94282e-29 -9.80756e-35 -8.00136e-30 -6.23565e-34  -1.2031e-30 -1.49765e-34 -1.07854e-31 -4.15726e-36 -7.20621e-33  2.85778e-36   -3.748e-34  3.44074e-37  -1.5146e-35  2.17199e-39 -4.65927e-37 -1.82462e-39 -1.04961e-38  -1.2592e-40 -1.52184e-40 -8.96305e-43 -8.18438e-43
 1.73141e-07 -7.92527e-21 -4.03568e-06   7.5376e-20   3.4776e-05 -2.99933e-19 -0.000169101  4.13121e-19  0.000525991  1.16405e-18  -0.00109349 -6.98544e-18     0.001509  1.66712e-17  -0.00127637  -2.3197e-17  0.000457418  1.79486e-17  0.000201077 -2.12993e-18 -0.000218152 -1.17935e-17 -3.06777e-05  1.36567e-17  7.02033e-05 -6.15822e-18  1.48962e-05 -1.21037e-18 -1.83489e-05  3.66528e-18 -8.73612e-06 -2.72955e-18  2.36376e-06  9.94833e-19  3.16077e-06   2.5874e-19  6.87184e-07 -6.16281e-19  -4.5771e-07  3.77886e-19  -3.7561e-07 -1.10541e-19 -8.80684e-08  9.36861e-21  3.19365e-08  4.40366e-21   3.4389e-08 -2.53688e-21  1.29401e-08  6.18802e-21   1.2102e-09 -5.26666e-21 -1.43222e-09 -1.59599e-21 -9.86589e-10  2.47647e-21 -3.46795e-10  6.21902e-22 -6.13827e-11 -9.20672e-22  9.00513e-12  -4.2741e-23  1.17978e-11  1.37075e-22  5.26608e-12  7.04039e-24  1.57095e-12 -1.22579e-23  3.21199e-13  1.97717e-24  2.92391e-14  2.35256e-24 -9.84483e-15 -1.48682e-24 -6.39357e-15 -7.78373e-25 -2.18337e-15  2.39629e-25 -5.61475e-16  1.35791e-25 -1.16801e-16 -2.06542e-26  -1.9756e-17 -1.72492e-26 -2.56982e-18 -1.03524e-28 -1.94616e-19  1.51499e-27  1.56378e-20  1.64862e-28  9.94788e-21 -1.79166e-28  2.46142e-21 -8.70225e-29  4.51626e-22 -1.74558e-29  6.85054e-23 -9.77519e-31  8.91669e-24  4.68895e-31  1.01109e-24  2.19285e-31  1.00413e-25  6.84003e-32  8.73053e-27  1.42378e-32  6.61495e-28  4.76977e-35  4.33005e-29 -8.61335e-34  2.41638e-30 -1.81952e-34  1.12732e-31 -4.60244e-36  4.27461e-33  2.63414e-36  1.26447e-34   2.8564e-37  2.71154e-36  1.38984e-39  3.27681e-38 -1.39611e-39 -1.90794e-40 -7.60809e-41 -1.16044e-41   3.1663e-43
 2.33457e-21   1.2559e-06 -4.58975e-20 -1.69703e-05  3.07255e-19  0.000113178 -9.89309e-19 -0.000461773  1.16405e-18   0.00124651  2.87863e-18  -0.00227483 -1.53728e-17   0.00273125  3.27944e-17  -0.00190263 -4.04333e-17  0.000348564    2.618e-17  0.000506388  1.84678e-18 -0.000259326 -2.11201e-17 -0.000136031  1.97764e-17  8.36734e-05 -6.97124e-18  5.10432e-05 -2.70345e-18   -1.546e-05  4.97299e-18 -1.88396e-05 -3.43161e-18 -1.82379e-06  1.20379e-18  4.32797e-06  3.81711e-19   2.2838e-06 -7.45696e-19 -6.72461e-09  3.88338e-19 -5.30328e-07 -9.15627e-20 -2.69524e-07   5.0919e-21 -3.29653e-08  2.80613e-23  3.47701e-08  2.33646e-21  2.53548e-08   8.2929e-21   8.2138e-09 -8.24699e-21  5.28735e-10 -2.96636e-21 -9.42622e-10  3.86973e-21 -6.02511e-10   9.2246e-22  -2.1116e-10 -1.15527e-21 -4.26647e-11 -1.38837e-22  6.34663e-13  1.56469e-22  4.70592e-12   2.0218e-23  2.34677e-12  -1.1349e-23  7.61079e-13  4.47483e-24  1.82107e-13  2.59972e-24  3.03377e-14 -2.44693e-24  1.80761e-15 -1.03244e-24 -9.91486e-16  3.33788e-25 -5.01424e-16  1.76524e-25 -1.49731e-16 -2.84453e-26  -3.4749e-17 -2.51551e-26 -6.69808e-18 -1.35054e-27 -1.09231e-18  1.99434e-27 -1.49604e-19  3.64278e-28 -1.65036e-20 -1.90527e-28 -1.26182e-21 -1.14876e-28 -1.04068e-23 -2.83574e-29  1.81507e-23 -3.43728e-30  4.15079e-24  2.25394e-31  6.28484e-25  2.91515e-31  7.56929e-26  1.12533e-31  7.63262e-27  2.35494e-32  6.55948e-28  3.32368e-34   4.8235e-29 -1.02377e-33  3.02232e-30 -1.94244e-34  1.59651e-31 -4.77254e-36  6.98838e-33  2.12653e-36  2.47059e-34  2.05431e-37  6.76077e-36   -7.939e-40   1.3102e-37 -1.00669e-39  1.45727e-39 -3.23002e-41  5.09513e-42
-2.26913e-07  1.76835e-20  5.90389e-06 -2.01291e-19 -5.69117e-05  1.04103e-18  0.000310832  -2.8107e-18  -0.00109349  2.87863e-18    0.0026017  6.31903e-18  -0.00420184 -3.02519e-17   0.00438337  5.79515e-17  -0.00242513 -6.33669e-17 -7.65225e-05  3.36194e-17  0.000901973   9.9635e-18  -0.00018626 -3.29296e-17 -0.000288455  2.55258e-17  5.30163e-05 -6.76609e-18  9.80313e-05 -4.31856e-18  4.58719e-06  5.97099e-18  -2.7408e-05 -4.02114e-18 -1.06644e-05  1.39706e-18  3.17417e-06  5.19934e-19  4.11232e-06 -8.30105e-19  1.15722e-06   3.5053e-19  -3.7585e-07  -6.2057e-20 -4.49849e-07 -2.56623e-22 -1.64679e-07 -6.72384e-21 -3.14485e-09  1.08473e-20  2.84423e-08   1.1669e-20  1.66564e-08 -1.26896e-20  4.89984e-09 -4.75198e-21  2.86655e-10   5.3966e-21 -5.19285e-10  1.37369e-21 -3.25466e-10 -1.35001e-21 -1.16259e-10 -2.65213e-22 -2.66917e-11  1.57369e-22 -2.29026e-12   3.0833e-23  1.28646e-12 -6.40409e-24  8.26612e-13   9.1313e-24  2.96143e-13  2.71375e-24  7.89751e-14 -3.65803e-24  1.63808e-14 -1.31135e-24  2.48904e-15  4.33095e-25  1.79463e-16  2.14998e-25 -4.31475e-17 -4.05032e-26 -2.29726e-17 -3.56583e-26 -6.41523e-18 -3.28537e-27 -1.37464e-18  2.50161e-27 -2.45758e-19  6.57737e-28 -3.77631e-20 -1.64804e-28 -5.03839e-21 -1.38279e-28 -5.83074e-22 -4.13679e-29 -5.78365e-23  -7.1315e-30 -4.77409e-24 -3.17464e-31  -3.0412e-25  3.41816e-31  -1.1127e-26  1.60969e-31   4.4058e-28  3.31407e-32  1.27541e-28  7.03295e-34  1.39859e-29 -1.06789e-33   1.0791e-30 -1.84688e-34  6.41956e-32 -4.62751e-36   2.9922e-33  1.49079e-36  1.07715e-34  1.20548e-37   2.8565e-36 -3.13919e-39  4.95285e-38 -6.29191e-40  4.08596e-40 -7.36051e-42
-3.75872e-21 -1.35456e-06  8.79502e-20  2.07976e-05 -7.12555e-19 -0.000157684  3.00749e-18  0.000733744 -6.98544e-18  -0.00227483  6.31903e-18   0.00483372  1.24276e-17  -0.00695279 -5.36653e-17   0.00626967  9.26784e-17  -0.00256442 -8.99071e-17 -0.000890745  3.78656e-17   0.00126964   2.2361e-17  6.53647e-05 -4.55237e-17 -0.000442427    2.953e-17 -4.61331e-05 -5.48914e-18  0.000135215 -5.52208e-18  4.57433e-05   6.3998e-18 -2.62938e-05 -4.48886e-18 -2.24336e-05  1.55627e-18 -2.03475e-06   6.7714e-19  4.87734e-06 -8.49646e-19  2.85385e-06  2.71849e-19  3.21919e-07 -3.09022e-20  -4.5608e-07 -1.03907e-20 -3.16893e-07 -1.58213e-20 -8.87584e-08  2.42952e-20  7.44885e-09  1.67747e-20  1.94197e-08 -1.84726e-20  9.93532e-09 -7.00362e-21  2.79016e-09  6.85043e-21  2.13051e-10  1.96824e-21 -2.34883e-10 -1.46047e-21 -1.53247e-10 -4.03114e-22 -5.67403e-11  1.31656e-22 -1.45121e-11  3.34467e-23 -2.25535e-12  2.88009e-24  7.96761e-14  1.63233e-23  2.04633e-13   2.8223e-24  8.76912e-14 -5.00164e-24  2.58863e-14 -1.58342e-24  6.04133e-15  5.32151e-25  1.14667e-15  2.44923e-25  1.72332e-16 -5.92601e-26  1.77582e-17 -4.92764e-26  1.70813e-19 -6.01922e-27 -4.75043e-19  3.01262e-27 -1.46758e-19   1.0629e-27 -3.03507e-20 -8.59454e-29 -5.04936e-21 -1.51357e-28 -7.13247e-22  -5.5292e-29 -8.73829e-23 -1.19793e-29 -9.36358e-24 -1.17901e-30 -8.78972e-25   3.5234e-31 -7.20626e-26  2.03015e-31 -5.12375e-27  4.05258e-32 -3.12376e-28  1.02021e-33 -1.60571e-29 -9.98338e-34  -6.7886e-31 -1.59175e-34  -2.2704e-32 -4.35903e-36 -5.58704e-34  8.54503e-37 -8.41079e-36  4.64266e-38 -2.60717e-38 -4.27816e-39  8.59939e-40 -3.05747e-40 -4.70227e-42
 1.69695e-07 -2.40623e-20 -5.17987e-06  3.32753e-19  5.81644e-05  -2.1112e-18 -0.000368928  7.54556e-18     0.001509 -1.53728e-17  -0.00420184  1.24276e-17     0.008068  2.20649e-17   -0.0103869 -8.63925e-17   0.00801215  1.34977e-16  -0.00204376 -1.16192e-16  -0.00203953  3.69479e-17   0.00143446  3.77168e-17  0.000509509 -5.64925e-17 -0.000521119  3.06661e-17 -0.000215593 -3.47493e-18  0.000132587 -5.76361e-18  0.000101325  6.16953e-18 -7.31574e-06 -4.87852e-18   -3.184e-05  1.63979e-18 -1.15133e-05   8.5397e-19  2.94237e-06 -7.90728e-19  4.30045e-06  1.76023e-19  1.55912e-06 -6.23134e-21 -1.00862e-07 -3.21971e-20  -3.7927e-07 -2.80351e-20 -1.96055e-07  4.35249e-20 -4.37861e-08   2.4032e-20  7.95435e-09 -2.50035e-20  1.14949e-08 -9.71089e-21  5.42305e-09  7.98818e-21  1.51696e-09  2.65084e-21   1.6937e-10 -1.44507e-21 -8.13099e-11 -5.25987e-22 -6.11321e-11  7.43984e-23 -2.39012e-11  2.31435e-23 -6.67325e-12   1.5701e-23  -1.3449e-12  2.58315e-23 -1.49955e-13  3.06241e-24  1.97738e-14 -6.29496e-24  1.72462e-14 -1.79245e-24  6.05265e-15  6.32625e-25  1.56346e-15  2.61107e-25  3.29638e-16 -8.68985e-26  5.84668e-17 -6.63886e-26  8.72598e-18 -9.63452e-27  1.06336e-18  3.50128e-27  9.51008e-20  1.58991e-27  3.19106e-21  5.77765e-29 -9.38258e-22 -1.48948e-28 -2.69537e-22 -6.86585e-29 -4.56244e-23 -1.76442e-29 -6.00282e-24 -2.29927e-30 -6.56745e-25   3.0891e-31 -6.11654e-26  2.26593e-31 -4.88361e-27  4.33439e-32 -3.33716e-28  1.08529e-33 -1.93609e-29 -8.64087e-34 -9.40129e-31  -1.2823e-34 -3.73612e-32 -4.30723e-36 -1.17215e-33  3.00423e-37 -2.73428e-35  -5.1726e-39  -4.2975e-37 -3.77977e-39 -3.84229e-39 -9.65952e-41
 3.23917e-21  7.64079e-07 -1.00626e-19 -1.44782e-05  1.01825e-18  0.000132752 -5.36133e-18 -0.000738937  1.66712e-17   0.00273125 -3.02519e-17  -0.00695279  2.20649e-17    0.0121983  3.55901e-17   -0.0141078  -1.2691e-16   0.00913789  1.79985e-16 -0.000709064 -1.37564e-16  -0.00331832  3.02827e-17   0.00122603  5.34462e-17   0.00108135 -6.34799e-17 -0.000442827  2.84316e-17 -0.000422484 -1.32936e-18  6.34024e-05 -4.68469e-18  0.000152107  5.41159e-18  3.24877e-05 -5.24829e-18  -3.1333e-05  1.58314e-18 -2.27924e-05  1.03302e-18 -2.70131e-06 -6.49178e-19  4.27827e-06  1.00127e-19  2.91961e-06  9.17219e-21  6.72784e-07 -7.37496e-20 -2.22581e-07 -4.52766e-20 -2.58728e-07  6.81091e-20  -1.1027e-07  3.36776e-20 -2.07508e-08 -3.12772e-20  5.16418e-09  -1.2739e-20   5.9705e-09  8.58093e-21  2.70221e-09  3.32875e-21  7.75226e-10 -1.27321e-21  1.19175e-10 -6.06098e-22  -1.6302e-11 -1.43452e-23 -1.95664e-11 -2.84777e-24 -8.37972e-12  3.02252e-23 -2.52646e-12  3.66935e-23 -5.86451e-13  3.46448e-24  -1.0204e-13 -7.33924e-24 -1.03454e-14  -1.8634e-24  9.39225e-16   7.4587e-25  8.23165e-16  2.61755e-25  2.62466e-16 -1.24397e-25  6.14747e-17  -8.7039e-26  1.18441e-17 -1.41555e-26  1.94925e-18  3.94003e-27   2.7774e-19  2.23454e-27  3.42874e-20  2.69412e-28   3.6288e-21 -1.28294e-28  3.20091e-22 -8.00637e-29   2.1878e-23 -2.35558e-29  8.73438e-25 -3.54832e-30 -3.33966e-26  2.03677e-31 -1.09971e-26    2.222e-31 -1.31543e-27  4.01826e-32 -1.11004e-28  7.21649e-34 -7.28291e-30 -7.30607e-34 -3.78907e-31 -1.01695e-34 -1.54634e-32 -4.66551e-36 -4.77083e-34 -1.12225e-37  -1.0337e-35 -2.93627e-38 -1.37195e-37 -2.30625e-39  -7.8233e-40
-4.21534e-08  1.57451e-20  1.99202e-06 -3.16554e-19 -3.05545e-05   2.6071e-18  0.000249648 -1.18685e-17  -0.00127637  3.27944e-17   0.00438337 -5.36653e-17   -0.0103869  3.55901e-17    0.0168366  5.24186e-17   -0.0175367 -1.70881e-16   0.00923352  2.20765e-16   0.00138147 -1.50093e-16  -0.00441792  1.90896e-17   0.00055272  6.65703e-17   0.00164191 -6.49761e-17 -0.000157822  2.30447e-17 -0.000602306  2.92194e-19 -8.05219e-05 -2.25682e-18  0.000171155  4.44368e-18  8.66014e-05 -5.61959e-18   -1.448e-05  1.31677e-18 -3.07946e-05   1.1668e-18 -1.13989e-05 -4.34676e-19  1.71233e-06  8.67953e-20   3.6156e-06   2.0597e-20  1.66342e-06 -1.40785e-19  2.12407e-07  -7.0164e-20 -1.96893e-07  9.58019e-20 -1.54025e-07  4.55304e-20  -5.7746e-08 -3.61101e-20  -9.9751e-09 -1.58163e-20  2.46272e-09  8.46581e-21  2.70926e-09  3.90039e-21  1.21433e-09 -9.30302e-22  3.62727e-10 -6.21217e-22  7.00887e-11  -1.2839e-22  2.84337e-12 -4.38632e-23 -4.38896e-12  4.40139e-23 -2.30518e-12  4.72619e-23 -7.59474e-13  3.85306e-24 -1.93294e-13 -7.98222e-24 -3.97124e-14 -1.71915e-24 -6.47425e-15  8.91265e-25 -7.42857e-16  2.49777e-25 -2.01392e-17 -1.70819e-25   1.7943e-17 -1.10766e-25  6.25571e-18  -1.9507e-26  1.39581e-18  4.30359e-27  2.47984e-19  2.97357e-27  3.72698e-20  5.40068e-28  4.85156e-21 -9.03414e-29  5.52249e-22 -8.84537e-29  5.50946e-23 -2.90066e-29  4.80504e-24 -4.76294e-30  3.63898e-25  3.72885e-32  2.36628e-26  1.86355e-31   1.2985e-27   3.1092e-32  5.85383e-29 -1.29882e-34  2.07177e-30 -6.45068e-34  5.25267e-32  -8.4351e-35   7.2527e-34  -5.2396e-36 -3.84148e-36 -3.41303e-37 -3.45983e-37 -3.03915e-38 -5.09917e-39  -8.8249e-40
 1.32248e-22 -1.77216e-08  4.52183e-20  2.79775e-06 -7.89435e-19 -4.70292e-05  5.70489e-18  0.000383149  -2.3197e-17  -0.00190263  5.79515e-17   0.00626967 -8.63925e-17   -0.0141078  5.24186e-17    0.0213779  7.07768e-17   -0.0200795 -2.11619e-16   0.00809733  2.50116e-16   0.00394897 -1.51985e-16  -0.00502259  5.96515e-18 -0.000549047  7.48529e-17   0.00201814 -6.07444e-17  0.000322821  1.52718e-17 -0.000678424  8.83054e-19 -0.000279024  1.20278e-18  0.000134244  3.66788e-18  0.000138651 -5.93869e-18  2.00591e-05  7.95364e-19 -2.95359e-05  1.17796e-18 -2.04115e-05  -1.7457e-19 -3.57637e-06  1.72984e-19  2.80856e-06  4.06912e-20  2.40677e-06 -2.33118e-19  8.32364e-07  -1.0482e-19    3.091e-08   1.2269e-19 -1.30166e-07  5.88026e-20 -8.23116e-08  -3.8483e-20 -2.85488e-08 -1.86039e-20 -5.00388e-09  7.57767e-21  8.28928e-10  4.28842e-21  1.05205e-09 -4.19599e-22  4.81674e-10 -5.58822e-22  1.50646e-10 -2.55069e-22  3.39475e-11 -9.51476e-23  4.56905e-12  5.47048e-23 -3.01774e-13  5.54869e-23 -4.33607e-13  3.82423e-24 -1.69666e-13 -8.16703e-24 -4.72502e-14 -1.30228e-24 -1.06191e-14  1.09042e-24 -1.99541e-15  2.32293e-25 -3.13951e-16 -2.23221e-25 -4.00619e-17 -1.36534e-25 -3.68352e-18 -2.54743e-26 -1.02057e-19  4.57873e-27  4.85559e-20   3.7652e-27  1.38449e-20  8.48222e-28  2.44148e-21 -3.99653e-29  3.38328e-22 -9.32493e-29  3.92049e-23 -3.33061e-29  3.88486e-24 -5.79341e-30  3.31572e-25 -1.79446e-31  2.43552e-26  1.23146e-31  1.52951e-27  1.76213e-32  8.11323e-29 -1.34841e-33  3.56748e-30 -6.15253e-34  1.26426e-31 -7.47832e-35  3.46238e-33 -5.52912e-36   6.8681e-35 -3.84424e-37  8.70734e-37 -1.93241e-38  4.53835e-39
-3.23114e-08   7.0787e-21  6.18968e-07  7.39396e-20 -1.27153e-06 -1.59036e-18 -4.18003e-05  1.08196e-17  0.000457418 -4.04333e-17  -0.00242513  9.26784e-17   0.00801215  -1.2691e-16   -0.0175367  7.07768e-17    0.0251701  8.78444e-17   -0.0213178 -2.41573e-16   0.00581371  2.62755e-16   0.00657501  -1.4419e-16  -0.00491526 -6.20145e-18  -0.00191554  7.76259e-17   0.00206068 -5.17093e-17  0.000921425  6.12956e-18 -0.000589886  1.71883e-19  -0.00048516  5.12144e-18  3.12651e-05  3.44615e-18  0.000166907 -6.06893e-18  6.60941e-05  2.54456e-20 -1.48869e-05  9.75606e-19 -2.55626e-05  8.64089e-20  -1.0378e-05  3.78271e-19  9.48062e-08  8.52283e-20  2.34662e-06 -3.42754e-19  1.37927e-06 -1.49366e-19  3.79928e-07  1.44152e-19 -1.58353e-08  7.21238e-20 -7.15826e-08 -3.78664e-20 -3.99361e-08 -2.08307e-20 -1.33428e-08  5.94643e-21 -2.55307e-09  4.45949e-21  1.21064e-10  2.37052e-22  3.33854e-10 -4.17144e-22  1.63264e-10 -3.75882e-22     5.37e-11 -1.48029e-22  1.34025e-11  6.07476e-23  2.49218e-12  5.93706e-23  2.70804e-13  2.83322e-24 -2.44751e-14 -7.94256e-24 -2.34047e-14  -5.9194e-25 -7.89131e-15  1.35963e-24 -1.94613e-15  2.18406e-25 -3.93822e-16  -2.7724e-25 -6.79182e-17 -1.62798e-25 -1.01119e-17 -3.16738e-26 -1.29862e-18  4.77946e-27 -1.41794e-19  4.55528e-27 -1.26612e-20  1.16259e-27 -8.25263e-22  1.52099e-29 -1.97063e-23 -9.43075e-29  4.27335e-24 -3.59418e-29  8.55958e-25 -6.53894e-30  9.90635e-26 -4.25124e-31   8.6507e-27  4.33108e-32  6.04243e-28  2.39407e-33  3.41525e-29 -2.64991e-33  1.54657e-30 -6.12798e-34  5.45975e-32 -6.77884e-35  1.43123e-33 -5.10323e-36  2.55519e-35 -2.95507e-37    2.525e-37 -7.49741e-39
-4.03112e-21 -2.17126e-07  5.24726e-20  3.28233e-06 -1.06918e-20 -1.95226e-05  -2.5661e-18  2.55151e-05  1.79486e-17  0.000348564 -6.33669e-17  -0.00256442  1.34977e-16   0.00913789 -1.70881e-16   -0.0200795  8.78444e-17    0.0277167  1.00327e-16   -0.0211331 -2.54375e-16   0.00271643  2.56979e-16   0.00883203  -1.2996e-16  -0.00404193 -1.54107e-17  -0.00330458  7.58976e-17   0.00169328 -3.94332e-17   0.00151374 -3.36339e-18 -0.000315058 -1.90029e-18 -0.000638156  8.81146e-18  -0.00012679  3.99723e-18  0.000152105 -5.81813e-18  0.000110547 -9.21619e-19  1.28885e-05  4.83438e-19 -2.28447e-05  2.92999e-19 -1.62279e-05  6.96519e-19 -4.10021e-06  1.66837e-19  1.12565e-06 -4.54825e-19  1.52167e-06 -2.00845e-19  7.11762e-07  1.56344e-19  1.65057e-07  8.38714e-20 -1.56325e-08  -3.4389e-20 -3.37738e-08 -2.24276e-20 -1.75693e-08  3.66354e-21 -5.82419e-09  4.41953e-21 -1.24739e-09  9.97075e-22 -7.41385e-11 -2.04299e-22  7.72167e-11  -4.6861e-22  4.49059e-11 -1.91074e-22  1.57903e-11  6.19193e-23   4.2395e-12   5.7465e-23  9.10345e-13  3.76296e-25  1.52854e-13 -7.42733e-24  1.72306e-14   3.9213e-25  2.14013e-17  1.70385e-24  -6.3294e-16  2.16197e-25 -2.11764e-16 -3.28083e-25 -4.82211e-17 -1.87645e-25 -8.86655e-18 -3.75418e-26 -1.38638e-18  4.96227e-27 -1.88202e-19  5.28773e-27 -2.23627e-20  1.44839e-27 -2.32896e-21  6.70304e-29 -2.11817e-22 -9.18002e-29 -1.66834e-23 -3.66899e-29 -1.12172e-24 -6.95886e-30  -6.2859e-26 -6.69629e-31 -2.81175e-27  -3.8685e-32 -9.11803e-29 -1.16249e-32 -1.48472e-30 -3.68742e-33  3.78829e-32 -5.95795e-34  3.58932e-33 -5.84497e-35  1.24932e-34 -3.94494e-36  2.37218e-36 -1.62214e-37  1.82495e-38
 1.87123e-08 -2.61003e-20 -7.56014e-07  2.34053e-19  9.86497e-06 -5.26692e-19 -6.32812e-05 -3.12198e-18  0.000201077    2.618e-17 -7.65225e-05 -8.99071e-17  -0.00204376  1.79985e-16   0.00923352 -2.11619e-16   -0.0213178  1.00327e-16    0.0288192    1.053e-16   -0.0197118 -2.46685e-16 -0.000733313  2.35136e-16    0.0104023 -1.13612e-16  -0.00251281 -2.12447e-17  -0.00446735   7.1744e-17  0.000933896 -2.54987e-17   0.00196497 -1.22994e-17  0.000118684 -5.24721e-18   -0.0006823   1.1607e-17 -0.000308547  5.34292e-18  8.52666e-05 -4.99285e-18  0.000137231 -1.91849e-18  4.81221e-05  -3.3066e-19 -1.03209e-05  3.92198e-19 -1.82313e-05  1.09414e-18 -8.47214e-06  2.89111e-19 -1.15029e-06  -5.5127e-19   1.0203e-06 -2.53167e-19  8.44667e-07  1.57622e-19   3.4017e-07  9.27406e-20  7.13984e-08 -2.87678e-20 -7.11136e-09 -2.35821e-20 -1.36733e-08  8.39153e-22 -6.92132e-09  4.18752e-21 -2.31995e-09  1.79366e-21 -5.50608e-10  6.26746e-23 -7.50855e-11 -5.11195e-22  7.42506e-12 -2.12271e-22  9.00332e-12   5.9357e-23  3.60962e-12  4.92493e-23  1.04053e-12 -3.80077e-24  2.41889e-13 -6.74284e-24  4.67575e-14  1.59928e-24  7.47394e-15  2.11424e-24  9.38541e-16  2.30164e-25  7.47129e-17 -3.71459e-25 -2.41719e-18 -2.08962e-25   -2.413e-18 -4.23509e-26 -5.86727e-19  5.23153e-27 -1.01846e-19   5.9156e-27 -1.43951e-20  1.67521e-27 -1.72762e-21  1.09155e-28 -1.78917e-22 -8.61095e-29 -1.60694e-23  -3.5638e-29 -1.24999e-24  -7.0611e-30  -8.3698e-26 -8.78919e-31 -4.77261e-27  -1.0851e-31 -2.28041e-28 -2.19452e-32 -8.91822e-30 -4.18918e-33 -2.75657e-31 -5.35148e-34  -6.3612e-33 -4.51728e-35  -9.7984e-35 -2.46059e-36 -7.54923e-37 -5.71141e-38
 4.79248e-21    3.988e-08 -1.08647e-19 -1.55936e-06  7.69533e-19  2.03714e-05 -2.08865e-18 -0.000135893 -2.12993e-18  0.000506388  3.36194e-17 -0.000890745 -1.16192e-16 -0.000709064  2.20765e-16   0.00809733 -2.41573e-16   -0.0211331    1.053e-16    0.0285986  1.01006e-16   -0.0174441 -2.19101e-16  -0.00409062  2.02771e-16    0.0111395 -9.91096e-17 -0.000550742 -2.47976e-17  -0.00521178   6.7348e-17 -0.000116284 -1.10851e-17   0.00216642 -1.98874e-17   0.00064173 -9.68379e-18 -0.000584155  1.29717e-17 -0.000470299  7.31228e-18 -2.77023e-05 -3.46167e-18  0.000132353 -2.81057e-18  8.08875e-05 -1.43513e-18  1.05588e-05  3.47927e-19 -1.42758e-05    1.516e-18 -1.12293e-05  4.43333e-19 -3.83284e-06  -6.1598e-19 -1.14554e-07 -2.98262e-19  6.44146e-07  1.49353e-19  4.17333e-07  9.83367e-20  1.52981e-07 -2.20131e-20   3.1562e-08 -2.46629e-20 -1.56159e-09 -2.42227e-21 -4.63406e-09  3.76443e-21 -2.38411e-09  2.53469e-21 -8.17971e-10  3.58149e-22 -2.10235e-10 -4.86946e-22 -3.90304e-11 -2.01997e-22 -3.55947e-12  5.49958e-23  8.53471e-13  3.52367e-23  5.62468e-13  -9.5592e-24  1.85193e-13 -5.94984e-24  4.62443e-14  2.96415e-24   9.5607e-15  2.56914e-24  1.68581e-15   2.5994e-25  2.55467e-16 -4.04116e-25  3.30139e-17 -2.24581e-25  3.53353e-18 -4.52703e-26  2.87772e-19  5.72518e-27  1.20633e-20  6.40879e-27  -1.1908e-21  1.82378e-27 -3.63992e-22   1.3849e-28 -5.36375e-23 -7.77959e-29 -5.86668e-24 -3.31226e-29 -5.17529e-25 -6.88045e-30 -3.77007e-26 -1.02208e-30 -2.27215e-27 -1.55548e-31 -1.12027e-28 -2.71934e-32  -4.4134e-30 -4.06445e-33 -1.33404e-31 -4.29177e-34 -2.87578e-33 -2.99734e-35 -3.77864e-35 -1.16969e-36 -1.85223e-37
 7.73072e-09  2.37294e-20  -9.0479e-08 -3.39433e-19 -1.34429e-06  2.02218e-18  2.86102e-05 -5.56356e-18 -0.000218152  1.84678e-18  0.000901973  3.78656e-17  -0.00203953 -1.37564e-16   0.00138147  2.50116e-16   0.00581371 -2.54375e-16   -0.0197118  1.01006e-16    0.0274035  8.73196e-17   -0.0147766 -1.75836e-16  -0.00703165  1.66893e-16    0.0110635 -8.90151e-17   0.00158204 -2.79942e-17  -0.00543693  6.41658e-17  -0.00130574  3.13831e-18   0.00205986 -2.54395e-17   0.00116093 -1.49328e-17 -0.000342221  1.25736e-17 -0.000568099  9.59597e-18  -0.00016637 -1.20707e-18  8.95761e-05 -3.45468e-18  9.99666e-05 -2.73309e-18  3.48804e-05  1.52086e-19 -4.10202e-06   1.8973e-18  -1.0797e-05  6.08949e-19 -5.91357e-06  -6.3964e-19 -1.56603e-06  -3.2813e-19  1.07472e-07  1.35757e-19  3.31776e-07  1.01525e-19  1.86349e-07 -1.50166e-20  6.48828e-08 -2.60271e-20  1.40344e-08 -6.00955e-21  4.33274e-10  3.11826e-21 -1.23154e-09  3.10982e-21 -6.91019e-10  6.48817e-22 -2.46117e-10 -3.89706e-22 -6.70974e-11 -1.56111e-22 -1.44385e-11  5.05548e-23 -2.32791e-12  1.67615e-23 -2.03304e-13   -1.636e-23  2.93835e-14 -5.02221e-24  1.94572e-14  4.41858e-24  5.78217e-15  3.03661e-24  1.29153e-15   3.0039e-25  2.39327e-16 -4.23947e-25  3.81038e-17  -2.3244e-25  5.28758e-18 -4.54874e-26  6.42435e-19  6.57715e-27  6.82158e-20  6.75553e-27  6.28145e-21  1.88894e-27  4.93889e-22  1.55171e-28  3.22001e-23 -6.76148e-29  1.63415e-24 -2.96136e-29  5.31088e-26 -6.46029e-30 -1.92094e-28 -1.07874e-30 -1.68149e-28 -1.75179e-31 -1.31522e-29 -2.73766e-32 -6.25651e-31 -3.42452e-33 -1.99808e-32 -3.00315e-34 -4.03901e-34 -1.63899e-35 -4.02098e-36 -3.68438e-37
-1.85686e-21  5.94243e-08  7.59775e-20  -8.3526e-07 -8.49464e-19  3.22914e-06  4.43406e-18  1.89371e-05 -1.17935e-17 -0.000259326   9.9635e-18   0.00126964  3.69479e-17  -0.00331832 -1.50093e-16   0.00394897  2.62755e-16   0.00271643 -2.46685e-16   -0.0174441  8.73196e-17    0.0256652  6.56943e-17   -0.0120877 -1.23364e-16  -0.00939155  1.34064e-16    0.0103089 -8.41234e-17   0.00364754  -3.2707e-17   -0.0051348  6.25452e-17  -0.00247156  1.68676e-17   0.00164483 -2.84056e-17   0.00158226 -2.06181e-17   1.3025e-05  1.03316e-17 -0.000569548  1.18309e-17 -0.000300729  1.65171e-18   1.2815e-05 -3.75401e-18  9.65463e-05 -4.07917e-18  5.55504e-05 -1.72204e-19  1.02626e-05  2.17762e-18 -6.53756e-06  7.57402e-19 -6.41385e-06 -6.22703e-19 -2.80137e-06 -3.37129e-19 -6.07603e-07  1.22805e-19  8.66119e-08  1.04345e-19  1.45391e-07 -8.18213e-21  7.51834e-08 -2.77833e-20  2.56363e-08 -9.75985e-21  5.97611e-09  2.19823e-21  6.45524e-10  3.40962e-21 -2.08296e-10  8.97285e-22 -1.57397e-10 -2.26967e-22 -6.02499e-11 -7.81306e-23 -1.72803e-11  4.64653e-23 -4.01943e-12 -4.47226e-24 -7.69707e-13 -2.34045e-23 -1.17982e-13 -3.87419e-24 -1.27443e-14  5.89178e-24 -3.03656e-16  3.47668e-24  2.85196e-16  3.42707e-25  9.34822e-17 -4.29821e-25   1.9705e-17 -2.30819e-25  3.30489e-18 -4.23895e-26  4.67903e-19  7.86485e-27  5.72155e-20  6.95712e-27  6.09771e-21  1.87781e-27  5.67517e-22  1.61319e-28  4.60052e-23 -5.65085e-29  3.22742e-24 -2.55933e-29  1.93936e-25 -5.84494e-30  9.83487e-27 -1.04435e-30  4.12155e-28 -1.69218e-31  1.38474e-29 -2.36858e-32   3.5623e-31 -2.51467e-33  6.51727e-33  -1.7928e-34  7.49501e-35 -6.94892e-36  4.00967e-37
-4.63606e-09 -4.59561e-21  2.11343e-07  1.79337e-19  -2.8426e-06 -1.76459e-18  1.67919e-05  8.33148e-18 -3.06777e-05 -2.11201e-17  -0.00018626   2.2361e-17   0.00143446  3.02827e-17  -0.00441792 -1.51985e-16   0.00657501  2.56979e-16 -0.000733313 -2.19101e-16   -0.0147766  6.56943e-17    0.0237673  3.86733e-17  -0.00962383 -6.86327e-17   -0.0111445  1.08967e-16   0.00906089 -8.37038e-17   0.00546913 -4.00798e-17  -0.00436945   6.1849e-17  -0.00347133   2.9927e-17  0.000970961 -2.84637e-17   0.00183023 -2.62828e-17  0.000427122  6.42906e-18 -0.000461805  1.36899e-17 -0.000398845  4.87298e-18 -8.41281e-05 -3.67721e-18  6.73144e-05 -5.30868e-18  6.55035e-05 -5.75941e-19  2.49374e-05  2.31294e-18   8.4064e-07  8.57866e-19 -4.81707e-06  -5.7577e-19 -3.28263e-06 -3.23808e-19 -1.23343e-06  1.16485e-19 -2.37864e-07  1.09458e-19  3.72468e-08 -1.24904e-21  5.43831e-08 -2.96204e-20  2.70526e-08 -1.34079e-20  9.21109e-09  9.74629e-22  2.30726e-09  3.35457e-21  3.81599e-10  1.06956e-21  6.88778e-12 -1.93371e-23 -2.36256e-11  2.04434e-23  -1.1064e-11  4.12365e-23 -3.41353e-12 -2.68921e-23 -8.37119e-13 -2.98681e-23 -1.72025e-13  -2.4294e-24 -3.00993e-14  7.29987e-24 -4.46438e-15    3.843e-24  -5.4509e-16  3.76089e-25 -4.99071e-17 -4.21396e-25 -2.10305e-18  -2.1867e-25  3.59785e-19 -3.57647e-26   1.1358e-19  9.56021e-27  1.92339e-20   7.0186e-27  2.47801e-21  1.80436e-27  2.62117e-22  1.59398e-28  2.33329e-23 -4.55087e-29  1.75848e-24 -2.14661e-29  1.11738e-25 -5.08143e-30  5.91378e-27 -9.31296e-31   2.5528e-28  -1.4451e-31  8.69212e-30 -1.79441e-32  2.21039e-31 -1.60054e-33  3.81084e-33 -8.84615e-35  3.60719e-35 -1.97947e-36
-1.56476e-21 -5.92202e-09  1.24446e-21    4.075e-07  3.22176e-19 -6.06902e-06 -3.10864e-18  4.13694e-05  1.36567e-17 -0.000136031 -3.29296e-17  6.53647e-05  3.77168e-17   0.00122603  1.90896e-17  -0.00502259  -1.4419e-16   0.00883203  2.35136e-16  -0.00409062 -1.75836e-16   -0.0120877  3.86733e-17    0.0219739  9.16997e-18  -0.00749698 -1.74908e-17    -0.012354  9.37909e-17   0.00750266 -8.60913e-17   0.00694094 -5.02625e-17  -0.00324732  6.09151e-17  -0.00420167  4.20825e-17  0.000121735   -2.562e-17   0.00185981 -3.14484e-17  0.000834017   1.2881e-18 -0.000254202  1.49503e-17  -0.00043477  8.13994e-18 -0.000180812 -3.25641e-18  1.59171e-05 -6.26913e-18  6.00477e-05   -9.954e-19  3.53659e-05  2.28293e-18   9.3836e-06  8.83116e-19 -1.34664e-06 -5.17479e-19 -2.70524e-06  -2.9178e-19 -1.50413e-06  1.20932e-19  -5.1456e-07  1.19268e-19 -9.77615e-08  6.60836e-21  9.25427e-09 -3.07919e-20  1.69484e-08 -1.65666e-20  8.46428e-09  -5.1433e-22  2.91438e-09  2.92542e-21  7.71793e-10  1.14505e-21  1.55997e-10  2.03955e-22  2.04763e-11  1.22114e-22 -2.96349e-13  3.16204e-23 -1.20924e-12 -4.93971e-23 -4.64545e-13 -3.51289e-23 -1.23563e-13 -6.97768e-25 -2.66132e-14  8.53411e-24 -4.87352e-15  4.08557e-24   -7.735e-16   3.8981e-25  -1.0707e-16 -3.99032e-25 -1.28984e-17 -1.95977e-25 -1.33791e-18 -2.59534e-26 -1.16641e-19  1.15065e-26 -8.08424e-21  6.94001e-27 -3.74238e-22  1.68333e-27 -1.37104e-27  1.51117e-28  2.20449e-24 -3.55471e-29  2.75016e-25 -1.75146e-29  2.19839e-26 -4.22428e-30   1.3069e-27 -7.65325e-31  5.91542e-29 -1.10302e-31    1.996e-30 -1.19441e-32  4.72392e-32 -8.70022e-34  6.87676e-34 -3.40633e-35  4.15182e-36
