 2.21848e-06 -2.94555e-21 -1.94132e-05  4.84774e-20  5.49835e-05 -2.12161e-19 -6.99682e-05  4.63506e-19  3.27567e-05 -6.06509e-19  9.24258e-06  5.15973e-19 -8.74349e-06 -2.68682e-19 -3.76308e-06  2.60107e-20  1.18163e-06  2.42941e-20   1.3875e-06  1.60139e-19  3.32641e-07 -3.30131e-19  -1.6104e-07  2.82768e-19 -1.64081e-07 -1.29107e-19 -5.96543e-08  3.60521e-20 -1.39087e-09  -1.1375e-20  1.12165e-08  4.44621e-21  7.41849e-09  9.07599e-22  2.72632e-09 -3.96036e-21   4.7593e-10  3.45867e-21 -1.41418e-10 -6.05958e-22 -1.66082e-10  -6.5877e-22 -8.60177e-11    1.753e-22 -3.17142e-11  6.79496e-23 -8.70978e-12 -1.55505e-23   -1.514e-12  1.05473e-23  7.08737e-14 -1.33678e-24  1.99454e-13 -2.02595e-24  1.06552e-13 -7.54344e-25  4.09464e-14 -6.16067e-25  1.30794e-14  3.20617e-25  3.64006e-15  2.69645e-25  8.99178e-16 -1.15088e-26  1.98072e-16  -4.2233e-26  3.86348e-17 -7.81917e-27  6.50814e-18  1.75049e-27  8.81691e-19  1.00237e-27  7.13706e-20  2.09936e-28 -7.11948e-21 -2.81245e-29 -5.04696e-21 -5.99539e-29 -1.49902e-21 -2.99721e-29 -3.42923e-22 -5.60373e-30 -6.72462e-23   1.1957e-30 -1.17464e-23  7.79468e-31 -1.86007e-24  4.63172e-32 -2.69381e-25 -6.02799e-32 -3.58349e-26 -1.65943e-32 -4.38605e-27  8.24315e-34 -4.93874e-28  1.20737e-33 -5.10831e-29  1.67062e-34 -4.84043e-30 -4.78022e-35 -4.18573e-31 -2.42687e-35 -3.28685e-32 -4.52949e-36 -2.32923e-33 -2.89945e-37 -1.47822e-34  4.95487e-38 -8.31986e-36  1.01605e-38 -4.09716e-37 -1.32784e-39 -1.72843e-38 -8.93527e-40  -6.0115e-40 -1.93322e-40  -1.5853e-41 -2.42177e-41 -2.45049e-43 -1.85275e-42  8.41511e-46 -8.13672e-44  9.49509e-47 -1.67263e-45 -5.31646e-49 -6.94983e-48
-2.94555e-21  2.97712e-05 -3.06755e-20 -0.000144822  3.45145e-19  0.000297476 -1.18282e-18 -0.000279342  2.12899e-18  6.61312e-05 -2.36883e-18  6.29602e-05  1.76468e-18 -1.56304e-05 -7.57708e-19 -1.98166e-05 -1.45413e-19 -2.01948e-06  2.59926e-19  4.26602e-06  4.64607e-19  2.48318e-06 -9.99844e-19  2.58974e-07  7.63636e-19 -4.31203e-07 -2.86772e-19 -3.12261e-07  6.46481e-20 -9.96856e-08 -2.75797e-20  7.82144e-10  1.55977e-20  1.99155e-08 -2.28015e-21  1.28399e-08 -8.57408e-21  4.92291e-09  9.65052e-21  1.09794e-09 -1.34345e-21  -5.2893e-11  -1.9969e-21 -1.95127e-10  2.72339e-22 -1.16949e-10  1.58615e-22 -4.81278e-11  9.32267e-24 -1.55121e-11  4.09777e-23 -3.93658e-12  2.28985e-24 -6.96965e-13 -5.30322e-24 -1.98567e-14 -5.59062e-24  5.02203e-14 -2.47072e-24  2.81836e-14  1.22028e-24  1.06697e-14  9.19622e-25  3.33178e-15 -4.84579e-27  9.11747e-16 -1.26603e-25  2.24547e-16 -3.17439e-26  5.04678e-17  2.03606e-27  1.04332e-17  3.26769e-27   1.9929e-18  1.08406e-27  3.52584e-19  2.85905e-30  5.78286e-20 -2.11245e-28  8.79046e-21 -1.09429e-28  1.23685e-21 -1.93189e-29   1.6073e-22  4.11085e-30  1.92315e-23  2.36192e-30  2.11039e-24  5.36939e-32  2.11441e-25 -1.96802e-31  1.92573e-26 -4.52348e-32  1.59093e-27  4.34416e-33  1.19872e-28  3.51746e-33  8.44524e-30  2.81081e-34  5.91123e-31 -2.14756e-34  4.47457e-32 -8.62075e-35  3.77316e-33 -1.55794e-35  3.29998e-34 -1.27112e-36  2.71753e-35  2.85881e-38  1.98462e-36 -2.04783e-39   1.2571e-37 -1.01272e-38   6.9512e-39 -3.31341e-39  3.46117e-40 -5.73527e-40  1.60492e-41  -6.1071e-41  6.70983e-43 -3.99579e-42   2.1468e-44  -1.4712e-43  3.75212e-46 -2.35412e-45  1.12157e-48
-1.94132e-05 -3.06755e-20  0.000194041 -1.79344e-19 -0.000641508  1.50928e-18  0.000997724 -4.17846e-18 -0.000676253  6.28221e-18  -3.4479e-06 -6.02219e-18  0.000189659  4.03685e-18  1.63885e-05 -1.40761e-18 -4.82909e-05 -9.05804e-19 -2.05023e-05  1.01536e-18  4.06626e-06  9.19697e-19  7.14372e-06 -2.06162e-18  2.80216e-06  1.37949e-18 -8.18113e-08 -3.99534e-19  -6.8204e-07  6.49738e-20 -4.07919e-07 -4.63846e-20 -1.20712e-07  3.38727e-20  1.31012e-09 -1.54933e-20  2.33132e-08 -1.18583e-20  1.51727e-08  1.99985e-20   6.1397e-09  -1.7329e-21  1.65608e-09  -4.1841e-21  1.75477e-10 -6.44922e-23 -1.14212e-10   1.6727e-22 -9.38076e-11   1.0389e-22 -4.39054e-11  1.25187e-22 -1.59141e-11  3.12193e-23 -4.78159e-12 -9.47529e-24 -1.20198e-12 -1.91416e-23 -2.42791e-13 -6.91152e-24 -3.26344e-14  2.97574e-24  1.03274e-15  2.19084e-24  2.65106e-15  6.56802e-26  1.17168e-15 -2.71156e-25  3.77263e-16   -8.774e-26  1.02595e-16 -2.97329e-27  2.47633e-17  7.66693e-27  5.42829e-18  3.44014e-27  1.09427e-18  2.35666e-28  2.04382e-19 -5.11835e-28  3.55346e-20 -2.69222e-28  5.76814e-21 -4.39391e-29  8.75726e-22  9.79753e-30  1.24461e-22  4.75191e-30  1.65611e-23 -1.51427e-31  2.06208e-24 -4.53254e-31  2.39967e-25 -8.33349e-32   2.6049e-26  1.30413e-32  2.63064e-27  6.68916e-33  2.46281e-28 -9.67139e-35  2.12795e-29 -6.61912e-34  1.68751e-30  -2.2155e-34   1.2199e-31 -3.91557e-35  7.97162e-33  -3.9692e-36  4.66054e-34 -2.91501e-37  2.40796e-35 -8.83071e-38  1.08507e-36 -3.47159e-38  4.22367e-38 -7.95642e-39  1.42865e-39 -1.12946e-39  4.35606e-41 -1.01629e-40  1.23425e-42 -5.56224e-42  2.86909e-44 -1.62047e-43  3.57696e-46 -1.60026e-45
 4.84774e-20 -0.000144822 -1.79344e-19  0.000819146 -7.21065e-19  -0.00201197  4.77655e-18   0.00241949  -1.0896e-17  -0.00110213  1.37907e-17 -0.000357303 -1.15646e-17  0.000341132  7.28983e-18  0.000144128 -2.03621e-18 -5.92983e-05 -2.75401e-18 -6.07799e-05  2.60088e-18 -1.06677e-05  1.45557e-18  1.03797e-05 -3.35398e-18  8.31822e-06   1.9219e-18  2.37204e-06 -3.75224e-19 -4.51703e-07  2.71574e-20  -8.0499e-07 -5.60635e-20 -4.28889e-07  5.08788e-20 -1.23899e-07 -4.63061e-20 -2.22365e-09 -1.13058e-20  2.03685e-08  3.57037e-20  1.38896e-08 -3.56065e-22  5.97307e-09 -6.95246e-21  1.86036e-09 -1.38965e-21  3.78317e-10 -1.83562e-22  2.15807e-12  2.36834e-22 -4.29212e-11  3.11662e-22 -2.57662e-11  1.23322e-22 -1.05971e-11 -1.05701e-23 -3.55949e-12 -4.54302e-23 -1.02923e-12 -1.52316e-23 -2.60967e-13    5.588e-24 -5.80536e-14  4.20726e-24   -1.112e-14  2.50786e-25  -1.7265e-15  -4.8883e-25 -1.70972e-16 -1.95254e-25  1.07346e-17 -1.87544e-26   1.1609e-17  1.52308e-26   3.9744e-18  8.33721e-27  1.02333e-18  8.81619e-28  2.24407e-19 -9.80678e-28  4.37588e-20 -5.13467e-28  7.73853e-21 -7.46734e-29  1.25381e-21  1.89287e-29  1.87124e-22  7.22978e-30  2.57933e-23 -8.49628e-31  3.28644e-24 -8.40114e-31  3.86871e-25 -1.17048e-31  4.20079e-26  2.76585e-32  4.19656e-27  8.72625e-33   3.8433e-28 -1.89048e-33  3.21201e-29 -1.61983e-33  2.43571e-30 -4.71468e-34  1.66406e-31 -8.22868e-35  1.01521e-32 -9.94465e-36  5.46977e-34 -1.28296e-36  2.56784e-35 -3.12732e-37  1.03598e-36 -8.01287e-38  3.57432e-38 -1.43447e-38  1.08738e-39  -1.6908e-39   3.1858e-41 -1.27167e-40  9.17025e-43 -5.63212e-42  1.97958e-44 -1.17853e-43  1.62796e-46
 5.49835e-05  3.45145e-19 -0.000641508 -7.21065e-19   0.00252092  -2.1851e-18  -0.00483675    1.177e-17   0.00451691 -2.23739e-17  -0.00111919  2.38735e-17  -0.00110418 -1.79024e-17  0.000347433  1.13677e-17  0.000382453 -2.55357e-18  7.60793e-06 -6.00799e-18 -0.000104963  5.07605e-18 -4.98411e-05   1.9904e-18  2.03611e-06 -4.58468e-18  1.37738e-05  2.18371e-18  7.72406e-06 -1.91822e-19  1.62376e-06 -2.56095e-20 -6.62026e-07 -3.47147e-20 -7.77497e-07  4.93918e-20 -3.87502e-07 -1.02672e-19 -1.14336e-07  -6.8692e-21 -8.32209e-09  5.80084e-20  1.34037e-08  5.33409e-21  1.01566e-08 -9.45384e-21  4.67968e-09 -4.21113e-21  1.62652e-09  -1.3531e-21  4.33384e-10  2.59515e-22  7.64745e-11  6.40602e-22 -8.46604e-13  3.22549e-22 -7.98434e-12 -1.08316e-25 -4.35743e-12 -8.46875e-23 -1.67533e-12 -2.77023e-23 -5.35139e-13  8.88213e-24 -1.49789e-13  6.95079e-24  -3.7625e-14   5.6381e-25 -8.58362e-15 -8.03915e-25  -1.7891e-15 -3.76369e-25 -3.41362e-16 -5.04399e-26 -5.95348e-17  2.72746e-26 -9.43992e-18  1.67657e-26 -1.34554e-18  2.14854e-27 -1.68518e-19 -1.55655e-27 -1.76054e-20 -7.95633e-28 -1.30307e-21 -9.52646e-29 -5.22887e-24  3.20225e-29  2.12295e-23  8.66797e-30  5.09744e-24 -2.24421e-30  8.42741e-25 -1.30062e-30  1.14188e-25 -1.25352e-31  1.33373e-26  4.42342e-32  1.36876e-27  5.51995e-33  1.24245e-28 -6.40836e-33  9.97557e-30 -3.34039e-33   7.0516e-31 -8.72954e-34   4.3485e-32 -1.51564e-34  2.30407e-33 -2.08696e-35  1.02363e-34 -3.28413e-36  3.67546e-36 -7.02842e-37  1.03891e-37 -1.41026e-37  2.85334e-39 -2.06118e-38   1.5191e-40 -2.02229e-39  1.05404e-41 -1.24803e-40  4.69924e-43 -4.24568e-42  9.61339e-45  -5.1819e-44
-2.12161e-19  0.000297476  1.50928e-18  -0.00201197  -2.1851e-18   0.00603849  -5.2669e-18  -0.00933863  2.35788e-17   0.00668154 -3.74745e-17 -0.000191991  3.34517e-17  -0.00208871 -2.32824e-17 -1.28562e-05  1.63532e-17  0.000638829 -3.07717e-18  0.000201941 -1.05144e-17 -0.000103927  8.06953e-18 -0.000105848  2.46885e-18 -2.82516e-05 -5.46345e-18  1.10843e-05  2.07228e-18  1.37526e-05  7.95444e-20  6.14696e-06 -3.72293e-20  9.52029e-07  4.59489e-20 -6.67624e-07  9.47637e-21  -6.4237e-07 -1.92549e-19 -3.10273e-07 -3.08203e-21 -9.65069e-08  8.76236e-20 -1.34942e-08  1.88052e-20  5.95713e-09 -1.00927e-20  5.83507e-09 -8.69785e-21  2.94162e-09 -3.89812e-21   1.1186e-09 -9.31948e-23  3.45407e-10  1.10646e-21  8.66009e-11  6.54018e-22  1.62149e-11  3.17279e-23  1.30478e-12  -1.3163e-22 -6.13103e-13 -4.25843e-23 -4.08333e-13  1.28812e-23 -1.58687e-13  1.03232e-23 -4.95045e-14   9.5442e-25 -1.34206e-14 -1.26208e-24 -3.26671e-15 -6.52913e-25 -7.26034e-16 -1.00954e-25 -1.48787e-16  4.49766e-26 -2.82885e-17  2.91342e-26 -5.01027e-18  4.16662e-27 -8.28912e-19 -2.05805e-27 -1.28337e-19 -1.00477e-27 -1.86167e-20 -7.71567e-29 -2.53181e-21  5.03482e-29 -3.22838e-22   8.4431e-30 -3.85811e-23 -4.14284e-30  -4.3167e-24 -1.67231e-30 -4.51385e-25 -8.61247e-32 -4.39965e-26  5.23078e-32  -3.9827e-27 -8.61567e-33 -3.33214e-28 -1.49665e-32 -2.56078e-29 -5.99404e-33 -1.79392e-30  -1.4401e-33   -1.135e-31 -2.49669e-34 -6.41482e-33 -3.75293e-35 -3.19583e-34 -6.32109e-36 -1.37779e-35  -1.2045e-36 -4.96842e-37 -2.00262e-37 -1.37389e-38  -2.4326e-38 -2.08497e-40 -1.97395e-39  3.14078e-42 -9.70036e-41  2.43913e-43 -2.31368e-42  3.31927e-45
-6.99682e-05 -1.18282e-18  0.000997724  4.77655e-18  -0.00483675  -5.2669e-18    0.0117467  -1.0477e-17   -0.0149449  3.95692e-17   0.00786296 -5.22291e-17   0.00192501  3.80272e-17   -0.0028535 -2.63455e-17 -0.000842549  2.26208e-17  0.000720554 -3.80705e-18  0.000502618 -1.55455e-17 -1.34977e-06  1.08509e-17 -0.000145067  2.85073e-18 -7.93484e-05 -5.82897e-18 -8.73988e-06  1.62487e-18  1.44981e-05  3.17655e-19  1.15175e-05   6.8125e-20  4.40391e-06  2.12942e-19  5.23602e-07 -8.19918e-20 -5.29883e-07 -3.23688e-19 -4.62954e-07 -9.65551e-21 -2.22503e-07  1.23846e-19  -7.4044e-08  4.36621e-20 -1.51646e-08 -6.54681e-21  6.40847e-10 -1.44527e-20  2.41482e-09  -8.2732e-21  1.42957e-09 -1.12625e-21  5.95986e-10  1.62926e-21  2.02797e-10  1.09664e-21  5.88372e-11  8.80983e-23  1.46883e-11 -1.77098e-22  3.09805e-12 -5.59712e-23  5.12851e-13  1.82119e-23  4.68101e-14  1.42777e-23 -8.47835e-15  1.31868e-24 -6.20333e-15  -1.9246e-24 -2.19142e-15 -1.03984e-24 -6.05619e-16 -1.69716e-25 -1.44291e-16  6.83911e-26 -3.07505e-17  4.47729e-26  -5.9671e-18  6.96727e-27 -1.06457e-18 -2.16971e-27 -1.75577e-19 -9.75101e-28 -2.68512e-20  1.69134e-29 -3.81298e-21  7.76217e-29 -5.02867e-22  7.74337e-30 -6.15435e-23 -5.65298e-30 -6.97795e-24 -1.68105e-30 -7.31143e-25  1.49832e-32 -7.05588e-26  3.59985e-32  -6.2449e-27 -3.91938e-32  -5.0424e-28 -2.82858e-32 -3.69053e-29 -9.54823e-33 -2.42934e-30 -2.14512e-33 -1.42477e-31 -3.71346e-34 -7.36107e-33 -5.86808e-35 -3.30354e-34 -9.90457e-36 -1.26224e-35 -1.68123e-36 -3.94614e-37 -2.36379e-37 -8.99849e-39 -2.39463e-38 -8.25561e-41 -1.58159e-39  3.31379e-42 -5.89049e-41   1.2265e-43 -8.03897e-43
 4.63506e-19 -0.000279342 -4.17846e-18   0.00241949    1.177e-17  -0.00933863  -1.0477e-17    0.0191387 -1.77037e-17   -0.0202919  5.69778e-17   0.00710509 -6.10701e-17   0.00489999  3.38181e-17  -0.00284873 -2.69403e-17  -0.00199144  3.03643e-17  0.000436359 -4.75799e-18   0.00079468 -1.99761e-17  0.000222283  1.26617e-17  -0.00011991  3.08336e-18 -0.000130964 -5.70664e-18 -4.75552e-05  9.24284e-19  3.06096e-06  4.20394e-19  1.35822e-05  3.67236e-19  8.53552e-06  4.86386e-19  2.95219e-06 -2.23667e-19  3.16564e-07 -5.02892e-19 -3.41468e-07 -4.00677e-20 -2.91551e-07  1.63788e-19 -1.42277e-07  8.25268e-20 -5.07098e-08  3.85667e-21 -1.31365e-08 -2.04612e-20 -1.78844e-09 -1.45668e-20  4.65673e-10 -3.05003e-21  4.78828e-10  2.05882e-21  2.32629e-10  1.56987e-21  8.68189e-11   1.5653e-22  2.74665e-11 -2.12734e-22  7.64178e-12  -6.2861e-23  1.90017e-12  2.61763e-23  4.24746e-13  1.89029e-23  8.51847e-14  1.53676e-24  1.51553e-14 -2.84356e-24  2.32341e-15 -1.53564e-24  2.83633e-16 -2.52614e-25  1.95538e-17  9.52812e-26 -2.41918e-18  6.17759e-26 -1.35651e-18   1.0548e-26 -3.56548e-19 -1.47206e-27 -7.27289e-20 -5.20294e-28 -1.26882e-20  2.26113e-28 -1.96107e-21  1.21823e-28 -2.72776e-22  1.05466e-29 -3.43974e-23 -5.13585e-30 -3.94391e-24 -1.00157e-30 -4.11234e-25  1.73757e-31 -3.89256e-26 -2.18013e-32 -3.33327e-27 -8.90944e-32  -2.5693e-28  -4.5908e-32 -1.77083e-29 -1.36887e-32 -1.08214e-30 -2.90958e-33 -5.80298e-32 -5.01099e-34 -2.69759e-33 -8.05883e-35 -1.07095e-34 -1.31035e-35 -3.53761e-36 -1.97265e-36 -8.92154e-38  -2.3568e-37 -1.02538e-39 -1.97758e-38   4.6103e-41 -1.03326e-39  2.75965e-42 -2.66849e-41  4.09028e-44
 3.27567e-05  2.12899e-18 -0.000676253  -1.0896e-17   0.00451691  2.35788e-17   -0.0149449 -1.77037e-17    0.0267721 -2.60912e-17   -0.0238189  7.20189e-17   0.00412932  -5.9495e-17   0.00790639  1.97594e-17  -0.00175318 -2.60527e-17  -0.00308286  3.89524e-17 -0.000276309 -5.62256e-18   0.00091251 -2.26645e-17  0.000519615  1.31104e-17  2.67972e-06  3.12208e-18 -0.000148804 -5.28836e-18 -9.42044e-05 -6.49276e-21 -2.31407e-05  3.48876e-19    7.509e-06  9.18149e-19  1.05767e-05  8.79062e-19  5.77611e-06 -3.97839e-19  1.90423e-06 -7.34472e-19  2.35077e-07 -1.08568e-19 -1.74092e-07  2.02162e-19 -1.57936e-07  1.35962e-19 -7.97426e-08  2.33837e-20 -3.02652e-08 -2.52519e-20 -9.08365e-09 -2.22828e-20 -2.05967e-09 -5.84098e-21 -2.53484e-10  2.22058e-21  5.69319e-11  1.94633e-21  5.47051e-11  2.05367e-22  2.46891e-11 -2.35924e-22  8.62582e-12 -5.89997e-23  2.57936e-12  3.83282e-23  6.86184e-13  2.43612e-23  1.65546e-13  1.50865e-24  3.66167e-14  -4.0298e-24  7.47518e-15  -2.1152e-24  1.41453e-15  -3.4397e-25  2.48818e-16   1.2041e-25  4.07627e-17  7.73685e-26  6.22793e-18   1.4982e-26  8.88353e-19   4.7414e-28  1.18418e-19  5.16204e-28  1.47681e-20  5.83595e-28  1.72547e-21  1.95737e-28  1.89198e-22  2.33879e-29  1.95068e-23 -6.10457e-31   1.8944e-24  6.08598e-31  1.73433e-25  3.57613e-31  1.49525e-26 -1.33436e-31  1.20934e-27 -1.56452e-31   9.1097e-29 -6.59493e-32  6.32328e-30  -1.7839e-32  3.98776e-31 -3.61396e-33   2.2443e-32 -6.14949e-34  1.10197e-33 -9.78943e-35  4.59574e-35 -1.49267e-35  1.59815e-36  -1.9785e-36  4.85662e-38 -1.99994e-37  1.56139e-39  -1.3669e-38  5.48911e-41 -5.38302e-40  1.28468e-42 -7.88286e-42
-6.06509e-19  6.61312e-05  6.28221e-18  -0.00110213 -2.23739e-17   0.00668154  3.95692e-17   -0.0202919 -2.60912e-17    0.0328697 -3.44847e-17   -0.0245661  8.19791e-17 -0.000488386 -4.64001e-17    0.0100307 -1.90785e-18  0.000335642 -2.50269e-17  -0.00369016  4.67179e-17  -0.00129392 -5.93417e-18  0.000723776 -2.28547e-17  0.000785732  1.23877e-17  0.000215534  3.00838e-18 -0.000101493 -4.86266e-18 -0.000126285 -1.24701e-18 -5.82942e-05   1.2604e-19 -8.89425e-06  1.74399e-18  7.40087e-06  1.39888e-18  7.22377e-06 -5.74982e-19   3.6306e-06 -1.01842e-18  1.19481e-06 -2.26668e-19  1.94787e-07  2.31844e-19 -6.11922e-08  2.01709e-19 -7.06385e-08  5.29358e-20 -3.79747e-08 -2.72282e-20  -1.5285e-08 -3.02895e-20 -5.04178e-09 -9.16295e-21 -1.38986e-09  1.98658e-21 -3.12269e-10   2.0889e-21 -5.04732e-11  1.90147e-22 -1.84263e-12 -2.51611e-22  2.71622e-12 -4.24637e-23  1.43893e-12   5.5721e-23  5.05796e-13  3.06835e-23   1.4647e-13  1.16213e-24  3.72181e-14 -5.43512e-24  8.52938e-15 -2.73324e-24  1.78859e-15 -4.40851e-25  3.46092e-16  1.35681e-25  6.21151e-17  8.86464e-26   1.0373e-17  2.04583e-26  1.61472e-18  3.99472e-27  2.34492e-19   2.2096e-27  3.17675e-20  1.10878e-27  4.01161e-21  3.14661e-28    4.715e-22  5.34225e-29  5.14627e-23  9.42088e-30  5.20036e-24  3.14588e-30  4.84635e-25  5.03145e-31  4.14507e-26 -3.00767e-31  3.23448e-27 -2.33962e-31  2.28608e-28 -8.53861e-32  1.45062e-29   -2.129e-32  8.17338e-31 -4.12583e-33  4.03137e-32 -6.86987e-34  1.70774e-33 -1.05684e-34  6.06063e-35 -1.48028e-35  1.76112e-36  -1.7105e-36  4.29682e-38 -1.44572e-37  1.03524e-39  -7.8171e-39  2.57684e-41 -2.12464e-40  3.35852e-43
 9.24258e-06 -2.36883e-18  -3.4479e-06  1.37907e-17  -0.00111919 -3.74745e-17   0.00786296  5.69778e-17   -0.0238189 -3.44847e-17     0.036192 -4.21988e-17   -0.0225974  8.67475e-17  -0.00565298  -2.4521e-17    0.0106989    -2.66e-17   0.00296295 -2.47736e-17  -0.00353465  5.14556e-17  -0.00235539 -5.42871e-18  0.000197741 -2.04233e-17   0.00090195  1.11942e-17  0.000466073   2.9368e-18  2.09887e-05 -4.73123e-18 -0.000119668 -2.93586e-18 -8.85921e-05 -1.94181e-19 -3.25729e-05   2.8265e-18 -2.44545e-06  2.05009e-18  5.43064e-06 -7.22325e-19  4.42098e-06  -1.3491e-18  2.12763e-06 -4.00196e-19  7.21724e-07  2.45048e-19  1.53867e-07  2.74359e-19 -3.75116e-09  9.12224e-20 -2.35294e-08 -2.50968e-20 -1.45338e-08 -3.70083e-20 -6.26957e-09    -1.24e-20 -2.21278e-09    1.336e-21 -6.71334e-10  1.89662e-21 -1.78196e-10  6.86747e-23 -4.13969e-11 -2.69595e-22 -8.26209e-12 -1.41952e-23 -1.33462e-12  7.81703e-23 -1.37972e-13  3.75163e-23  8.36216e-15  4.23084e-25  9.72076e-15  -6.9687e-24  3.43292e-15 -3.34352e-24  9.07009e-16 -5.49143e-25  2.03404e-16  1.30979e-25  4.04402e-17  9.32332e-26  7.27054e-18  2.71392e-26  1.19406e-18  9.14809e-27  1.80099e-19  4.51623e-27  2.50107e-20  1.80001e-27  3.20015e-21  4.90686e-28  3.77011e-22   1.0517e-28  4.08215e-23  2.50415e-29  4.05082e-24  6.25518e-30  3.66975e-25  5.28298e-31  3.02011e-26 -5.11679e-31    2.244e-27 -3.10101e-31  1.49393e-28 -1.00823e-31  8.82749e-30 -2.33962e-32  4.57401e-31  -4.3382e-33  2.04502e-32 -6.98609e-34  7.71387e-34 -1.01682e-34  2.38409e-35 -1.28536e-35  5.94003e-37 -1.27804e-36  1.31761e-38 -8.85293e-38  3.39095e-40 -3.60623e-39  7.74027e-42 -5.53525e-41
 5.15973e-19  6.29602e-05 -6.02219e-18 -0.000357303  2.38735e-17 -0.000191991 -5.22291e-17   0.00710509  7.20189e-17   -0.0245661 -4.21988e-17    0.0365572 -4.94826e-17   -0.0188027  8.85572e-17   -0.0103029  1.09792e-18   0.00985018 -4.90825e-17   0.00554853 -2.54603e-17  -0.00258268  5.13364e-17  -0.00317355  -4.3348e-18 -0.000580508 -1.58882e-17  0.000786372  1.04581e-17  0.000674393  3.22928e-18  0.000198432 -5.13884e-18 -6.05302e-05 -5.18153e-18 -9.74843e-05 -5.57475e-19 -5.52405e-05  4.11356e-18 -1.72037e-05  2.83175e-18 -3.66676e-07 -8.12435e-19  3.27122e-06 -1.71474e-18  2.43043e-06 -6.27507e-19  1.15152e-06  2.34671e-19  4.08319e-07  3.45499e-19  1.06369e-07  1.34402e-19  1.47841e-08 -1.82945e-20 -3.69448e-09 -4.08204e-20 -3.92172e-09 -1.48119e-20 -1.93791e-09   3.6911e-22  -7.3574e-10  1.33758e-21 -2.37341e-10 -1.82277e-22 -6.76058e-11  -2.9911e-22 -1.73209e-11  2.24274e-23 -4.02965e-12  1.03786e-22 -8.55081e-13  4.39288e-23 -1.65629e-13 -8.49661e-25 -2.92059e-14 -8.55465e-24  -4.6546e-15 -3.93063e-24 -6.60662e-16 -6.89435e-25 -8.09838e-17  9.52268e-26 -7.93671e-18  8.94301e-26 -4.54424e-19  3.48412e-26  3.58245e-20   1.5606e-26  1.71236e-20  7.26232e-27  3.51627e-21  2.62798e-27  5.48421e-22  7.25016e-28   7.1858e-23  1.77277e-28  8.18374e-24  4.43721e-29  8.20794e-25  9.26563e-30    7.277e-26  3.60759e-31  5.69327e-27 -7.40234e-31  3.90766e-28 -3.71968e-31  2.32976e-29 -1.09451e-31  1.18835e-30 -2.37626e-32  5.06023e-32 -4.20397e-33  1.71722e-33 -6.46131e-34  4.16168e-35 -8.72838e-35    5.137e-37  -9.7903e-36  3.25925e-39 -8.23257e-37  1.09617e-39 -4.52933e-38  8.16707e-41  -1.2723e-39  1.59251e-42
-8.74349e-06  1.76468e-18  0.000189659 -1.15646e-17  -0.00110418  3.34517e-17   0.00192501 -6.10701e-17   0.00412932  8.19791e-17   -0.0225974 -4.94826e-17    0.0347111 -5.72303e-17   -0.0143318  9.01493e-17   -0.0137993  2.53641e-17   0.00782546 -6.49824e-17   0.00761668 -2.66611e-17  -0.00101407  4.56696e-17   -0.0035377 -3.38613e-18  -0.00144739 -1.01937e-17  0.000424399  1.10151e-17  0.000763206  4.20415e-18  0.000385406 -6.23357e-18  4.66462e-05  -7.9896e-18 -7.31246e-05 -9.20879e-19 -6.63312e-05  5.53848e-18 -3.19231e-05  3.73535e-18  -9.0117e-06 -8.28134e-19  -9.2573e-08 -2.09743e-18  1.63769e-06 -8.98788e-19  1.18388e-06  1.95459e-19  5.63195e-07  4.04491e-19  2.08758e-07  1.76414e-19    6.208e-08 -7.29736e-21  1.40817e-08 -4.05712e-20  1.77503e-09 -1.57722e-20 -3.60086e-10 -7.39381e-22 -3.61436e-10  4.53278e-22 -1.64629e-10 -5.57453e-22 -5.78475e-11 -3.44411e-22 -1.73867e-11  6.21922e-23 -4.65018e-12  1.28834e-22 -1.12869e-12  4.83447e-23 -2.51433e-13 -2.95322e-24 -5.17695e-14 -1.02154e-23 -9.89804e-15   -4.542e-24 -1.76291e-15  -8.9953e-25 -2.93141e-16  1.74083e-26  -4.5576e-17  7.58354e-26 -6.63175e-18  4.27107e-26 -9.03563e-19  2.26365e-26 -1.15273e-19  1.01656e-26 -1.37626e-20  3.53187e-27 -1.53592e-21  1.00168e-27 -1.59908e-22  2.61009e-28  -1.5486e-23  6.37994e-29 -1.38935e-24  1.13882e-29 -1.14858e-25 -2.68489e-32  -8.6897e-27 -9.51126e-31 -5.96517e-28 -4.08735e-31 -3.67646e-29 -1.09834e-31 -2.00842e-30 -2.23539e-32 -9.57765e-32 -3.75231e-33  -3.9162e-33 -5.42617e-34 -1.34186e-34 -6.68043e-35 -3.68443e-36  -6.5305e-36 -6.98535e-38 -4.53562e-37 -3.21028e-40  -1.8845e-38  2.14391e-41 -2.98637e-40
-2.68682e-19 -1.56304e-05  4.03685e-18  0.000341132 -1.79024e-17  -0.00208871  3.80272e-17   0.00489999  -5.9495e-17 -0.000488386  8.67475e-17   -0.0188027 -5.72303e-17    0.0317702 -6.61019e-17   -0.0100869  9.27812e-17   -0.0159941  4.47665e-17   0.00512437 -7.17029e-17   0.00890975 -2.76743e-17  0.000882293  3.51071e-17  -0.00336208 -3.55345e-18     -0.00222 -4.36191e-18 -0.000130363  1.33858e-17  0.000684345  6.00834e-18  0.000526505 -8.06312e-18  0.000178771 -1.12449e-17 -1.42767e-05 -1.24615e-18 -5.75034e-05  7.04199e-18 -4.02117e-05  4.74425e-18 -1.75484e-05  -7.6201e-19 -4.84759e-06 -2.47269e-18 -2.52258e-07 -1.19616e-18  6.53278e-07  1.24955e-19  4.94781e-07   4.4006e-19  2.40752e-07  2.10051e-19  9.27858e-08  6.32092e-21  2.99346e-08 -3.59828e-20  8.17088e-09 -1.50025e-20  1.84057e-09 -1.82711e-21  3.07344e-10 -6.65602e-22  1.79746e-11 -1.02558e-21 -1.26649e-11 -4.04292e-22 -7.22023e-12  9.81526e-23 -2.57159e-12  1.47909e-22 -7.44658e-13  4.86115e-23 -1.88134e-13 -6.42234e-24 -4.27151e-14 -1.21426e-23 -8.84852e-15  -5.3016e-24 -1.68676e-15 -1.23016e-24 -2.97384e-16 -1.12099e-25 -4.86321e-17  5.09112e-26 -7.38743e-18  4.91616e-26 -1.04273e-18  2.92328e-26 -1.36682e-19  1.28867e-26 -1.66153e-20  4.42174e-27 -1.86904e-21   1.2865e-27  -1.9398e-22  3.41666e-28 -1.85042e-23  7.90155e-29 -1.61474e-24  1.20038e-29 -1.28153e-25 -5.93008e-31 -9.18474e-27 -1.10788e-30 -5.89317e-28  -4.1453e-31 -3.34907e-29 -1.02236e-31 -1.66357e-30 -1.94908e-32 -7.10559e-32 -3.07964e-33 -2.55757e-33 -4.12744e-34  -7.5433e-35 -4.54762e-35 -1.71862e-36 -3.79455e-36 -2.44562e-38 -2.10427e-37  1.94466e-41 -6.03756e-39  5.40118e-42
-3.76308e-06 -7.57708e-19  1.63885e-05  7.28983e-18  0.000347433 -2.32824e-17   -0.0028535  3.38181e-17   0.00790639 -4.64001e-17  -0.00565298  8.85572e-17   -0.0143318 -6.61019e-17    0.0286842 -7.57195e-17  -0.00652398  9.54713e-17   -0.0170693  5.78392e-17   0.00220083 -6.87263e-17    0.0093799 -2.78033e-17   0.00281349  2.12574e-17  -0.00267904 -5.65941e-18  -0.00274688  8.59835e-19 -0.000777559  1.76972e-17  0.000432135  8.50715e-18  0.000574226 -1.06014e-17   0.00030106  -1.4747e-17  6.79546e-05 -1.48759e-18 -2.65509e-05  8.58645e-18 -3.69303e-05  5.83556e-18 -2.23195e-05 -6.11371e-19 -9.26537e-06 -2.80862e-18  -2.6665e-06 -1.49438e-18 -3.39528e-07  2.44618e-20  1.75925e-07  4.42702e-19  1.66269e-07   2.2862e-19  8.56157e-08  2.01941e-20  3.43118e-08 -2.77938e-20  1.16388e-08 -1.27005e-20  3.44943e-09 -2.82352e-21  9.04233e-10 -1.91568e-21  2.09701e-10 -1.54139e-21  4.24686e-11 -4.75456e-22  7.22684e-12  1.21385e-22  9.15268e-13  1.54469e-22  3.60222e-14  4.22263e-23 -2.51696e-14 -1.20464e-23 -1.08778e-14 -1.47084e-23 -3.01037e-15 -6.38953e-24 -6.79577e-16 -1.73207e-24 -1.33632e-16  -2.9916e-25 -2.35118e-17  1.31541e-26 -3.74954e-18  5.22526e-26 -5.45512e-19  3.43692e-26 -7.26193e-20  1.50985e-26 -8.85177e-21   5.1897e-27 -9.87061e-22  1.53328e-27 -1.00467e-22  4.02701e-28 -9.30197e-24  8.64725e-29 -7.79786e-25  1.09077e-29 -5.88337e-26 -1.23061e-30 -3.96508e-27 -1.18259e-30  -2.3645e-28 -3.89778e-31 -1.23286e-29 -8.84313e-32 -5.53721e-31  -1.5742e-32 -2.10354e-32 -2.31804e-33 -6.61143e-34 -2.83388e-34 -1.66104e-35 -2.74063e-35 -2.98437e-37 -1.90145e-36 -1.76578e-39  -7.9917e-38  7.41252e-41 -1.29449e-39
 2.60107e-20 -1.98166e-05 -1.40761e-18  0.000144128  1.13677e-17 -1.28562e-05 -2.63455e-17  -0.00284873  1.97594e-17    0.0100307  -2.4521e-17   -0.0103029  9.01493e-17   -0.0100869 -7.57195e-17    0.0259916 -8.45519e-17  -0.00372469  9.58095e-17   -0.0173284  6.47719e-17 -0.000631103 -5.73932e-17   0.00911708 -2.65686e-17   0.00454707  5.98286e-18  -0.00160113 -1.00662e-17  -0.00293567  5.22809e-18  -0.00139994  2.37149e-17  4.21926e-05  1.12828e-17  0.000502728 -1.37904e-17  0.000377768 -1.82701e-17  0.000153049 -1.58779e-18  2.10025e-05   1.0156e-17 -2.05781e-05  6.98314e-18 -2.05477e-05 -3.71501e-19 -1.14118e-05 -3.06533e-18 -4.65577e-06 -1.76219e-18 -1.43492e-06 -9.98053e-20 -2.90682e-07  4.07564e-19  2.45825e-09  2.27852e-19   3.7793e-08  3.18429e-20   2.3149e-08 -1.75346e-20  9.90603e-09 -9.48879e-21  3.50432e-09 -3.77251e-21  1.08251e-09 -3.20711e-21  2.99389e-10 -2.05921e-21  7.51301e-11 -5.56711e-22  1.72372e-11  1.21347e-22  3.63112e-12  1.41843e-22  7.03727e-13  2.67422e-23  1.25503e-13 -2.07572e-23  2.05677e-14 -1.83809e-23  3.08762e-15 -7.98464e-24  4.22305e-16 -2.43611e-24  5.21698e-17 -5.42291e-25  5.73839e-18 -3.78409e-26  5.47778e-19   5.0426e-26  4.29825e-20  3.72946e-26  2.35922e-21  1.65509e-26  1.24122e-23  5.72963e-27 -1.79164e-23  1.69596e-27 -2.88037e-24  4.31011e-28 -2.97026e-25  8.46081e-29 -2.28193e-26  8.38959e-30 -1.27656e-27 -1.80005e-30 -3.99096e-29 -1.16385e-30  1.16748e-30 -3.40663e-31   2.7927e-31  -7.1109e-32  2.33594e-32 -1.17562e-32  1.29886e-33 -1.59449e-33  5.15809e-35 -1.74803e-34  1.50409e-36 -1.45124e-35  3.99298e-38 -8.07832e-37  1.27799e-39  -2.3502e-38   2.3389e-41
 1.18163e-06 -1.45413e-19 -4.82909e-05 -2.03621e-18  0.000382453  1.63532e-17 -0.000842549 -2.69403e-17  -0.00175318 -1.90785e-18    0.0106989  1.09792e-18   -0.0137993  9.27812e-17  -0.00652398 -8.45519e-17    0.0238579 -9.05792e-17  -0.00157277  9.15637e-17   -0.0170547  6.67607e-17  -0.00319921 -4.02606e-17   0.00827217 -2.38725e-17   0.00593176 -9.25157e-18 -0.000278066 -1.65381e-17  -0.00275811  9.03216e-18  -0.00189005  3.09299e-17 -0.000420144   1.3727e-17  0.000314014 -1.75788e-17  0.000382671 -2.16187e-17  0.000217261 -1.48805e-18  7.32243e-05  1.17425e-17  5.69921e-06  8.15881e-18 -1.16553e-05 -3.10162e-20 -1.00243e-05 -3.19685e-18 -5.31667e-06 -1.96486e-18  -2.1697e-06 -2.35673e-19 -7.13104e-07  3.37011e-19 -1.84142e-07  2.07561e-19 -3.14523e-08  3.95749e-20  8.33896e-10 -6.98702e-21   3.5853e-09 -6.18036e-21  1.93361e-09 -4.77705e-21  7.46554e-10 -4.46464e-21  2.41053e-10 -2.54015e-21  6.85587e-11 -6.50417e-22  1.75959e-11  8.77067e-23  4.13012e-12  1.04709e-22  8.93839e-13   3.4873e-25  1.79309e-13 -3.33622e-23  3.34606e-14  -2.3552e-23  5.82213e-15 -1.01851e-23  9.46036e-16 -3.33241e-24  1.43672e-16 -8.28826e-25  2.03976e-17 -9.98507e-26  2.70626e-18  4.32696e-26  3.35213e-19   3.7741e-26  3.87003e-20  1.71135e-26  4.15429e-21   5.9605e-27  4.13274e-22  1.74225e-27  3.79382e-23   4.2114e-28   3.1964e-24  7.43003e-29  2.45517e-25  5.11259e-30  1.70518e-26 -2.17777e-30  1.06018e-27 -1.05969e-30  5.82856e-29 -2.77035e-31  2.78972e-30 -5.31137e-32  1.13873e-31 -8.09522e-33  3.85002e-33 -9.97782e-34  1.03432e-34 -9.62458e-35  2.11333e-36 -6.67407e-36  3.39805e-38 -2.82544e-37  4.95551e-40 -4.64761e-39
 2.42941e-20 -2.01948e-06 -9.05804e-19 -5.92983e-05 -2.55357e-18  0.000638829  2.26208e-17  -0.00199144 -2.60527e-17  0.000335642    -2.66e-17   0.00985018  2.53641e-17   -0.0159941  9.54713e-17  -0.00372469 -9.05792e-17    0.0222346 -9.23007e-17  9.93446e-05   8.1974e-17   -0.0164566  6.54921e-17  -0.00543341 -2.02347e-17    0.0070039 -2.00945e-17   0.00688997 -2.37027e-17   0.00113686 -2.42736e-17  -0.00224048  1.29318e-17  -0.00216807  3.86552e-17   -0.0008759  1.51721e-17  3.64476e-05 -2.19427e-17  0.000306233 -2.46604e-17  0.000240753 -1.15209e-18  0.000115426  1.33234e-17  3.49057e-05  9.33042e-18  2.29178e-06  4.27371e-19 -5.13757e-06 -3.15689e-18 -4.22356e-06 -2.06809e-18 -2.19985e-06 -3.64823e-19  -9.0421e-07  2.41839e-19  -3.1102e-07   1.7249e-19  -9.0828e-08  4.32952e-20 -2.21528e-08  2.47611e-21 -4.18282e-09 -3.44312e-21 -4.16271e-10 -5.88873e-21  1.01395e-10 -5.60644e-21  7.89601e-11  -2.9503e-21  3.10998e-11 -7.59746e-22  9.60872e-12  1.35207e-23   2.5559e-12   4.0731e-23  6.06784e-13 -3.74778e-23   1.3086e-13 -5.01762e-23  2.58879e-14 -3.03316e-23  4.72463e-15 -1.29371e-23   7.9805e-16 -4.35732e-24  1.24967e-16 -1.13298e-24  1.81494e-17 -1.67009e-25  2.44348e-18  3.18847e-26  3.04551e-19  3.59568e-26  3.50659e-20  1.67848e-26  3.71892e-21  5.84638e-27  3.61928e-22  1.66338e-27  3.21712e-23  3.76689e-28  2.59691e-24  5.83966e-29  1.89039e-25  1.85746e-30  1.23039e-26  -2.2974e-30  7.08537e-28 -8.94294e-31  3.56286e-29 -2.09602e-31  1.53803e-30 -3.67817e-32  5.56911e-32 -5.12014e-33  1.63557e-33 -5.64775e-34  3.71433e-35 -4.68813e-35  6.24547e-37 -2.61741e-36  8.30131e-39 -7.68879e-38  8.30942e-41
  1.3875e-06  2.59926e-19 -2.05023e-05 -2.75401e-18  7.60793e-06 -3.07717e-18  0.000720554  3.03643e-17  -0.00308286 -2.50269e-17   0.00296295 -4.90825e-17   0.00782546  4.47665e-17   -0.0170693  9.58095e-17  -0.00157277 -9.23007e-17    0.0210036 -8.94855e-17   0.00143655  6.80749e-17   -0.0156687   6.2831e-17  -0.00732271  2.05395e-19   0.00545263 -1.60655e-17   0.00739941 -3.72609e-17   0.00250691 -3.20406e-17  -0.00144816  1.76919e-17  -0.00219026  4.61156e-17  -0.00124828  1.50108e-17 -0.000282466 -2.68844e-17  0.000157974 -2.73386e-17  0.000213407 -5.95379e-19  0.000134782  1.48393e-17  5.84705e-05  1.04565e-17  1.72194e-05  1.01916e-18    1.848e-06 -2.90893e-18 -1.64875e-06 -2.04346e-18 -1.47083e-06 -4.64371e-19 -7.75828e-07   1.4034e-19 -3.22654e-07  1.31891e-19 -1.14019e-07   4.4867e-20 -3.52627e-08  1.04113e-20 -9.65902e-09 -1.50098e-21 -2.34576e-09 -7.00099e-21 -4.99847e-10 -6.51937e-21 -9.05869e-11 -3.25435e-21  -1.2743e-11 -8.83579e-22 -8.75003e-13 -1.01546e-22  2.24546e-13 -4.82209e-23  1.22704e-13 -8.54515e-23    3.674e-14 -7.06831e-23  8.71844e-15 -3.83929e-23  1.78238e-15 -1.60041e-23  3.24147e-16 -5.39572e-24  5.32334e-17 -1.41797e-24  7.95393e-18 -2.30232e-25  1.08507e-18  1.86184e-26  1.35288e-19  3.25598e-26  1.54059e-20  1.56731e-26  1.59894e-21  5.40612e-27  1.50745e-22  1.47618e-27  1.28509e-23  3.08528e-28  9.84756e-25  4.06023e-29  6.73269e-26 -7.42471e-31  4.06869e-27 -2.16539e-30  2.14797e-28 -7.00071e-31  9.75866e-30  -1.4738e-31  3.73976e-31 -2.35478e-32  1.17466e-32 -2.96013e-33  2.89494e-34 -2.87041e-34  5.29598e-36 -1.99458e-35  7.42207e-38 -8.49161e-37  1.06768e-39 -1.41277e-38
 1.60139e-19  4.26602e-06  1.01536e-18 -6.07799e-05 -6.00799e-18  0.000201941 -3.80705e-18  0.000436359  3.89524e-17  -0.00369016 -2.47736e-17   0.00554853 -6.49824e-17   0.00512437  5.78392e-17   -0.0173284  9.15637e-17  9.93446e-05 -8.94855e-17    0.0200537 -8.33086e-17   0.00254249  5.21121e-17   -0.0147718  6.06059e-17  -0.00888444  1.94031e-17   0.00373218  -1.2902e-17   0.00747425 -5.00564e-17   0.00372098 -3.83528e-17  -0.00046995  2.39302e-17  -0.00194998  5.25309e-17  -0.00147541  1.27837e-17 -0.000586418 -3.24082e-17 -3.58982e-05 -2.96699e-17  0.000137769  9.01953e-20  0.000124353  1.61791e-17  6.91265e-05   1.1479e-17  2.84957e-05   1.7447e-18  8.68677e-06 -2.43858e-18  1.53828e-06 -1.87468e-18 -2.45767e-07 -5.10647e-19 -3.80678e-07  5.49676e-20 -2.17756e-07  9.77189e-20 -9.31766e-08   4.7783e-20 -3.35605e-08  1.74636e-20 -1.06286e-08 -5.83473e-24 -3.02306e-09 -7.81006e-21 -7.81326e-10 -7.05413e-21 -1.84765e-10 -3.41267e-21 -4.01354e-11 -1.01285e-21 -8.02443e-12 -2.49681e-22 -1.47729e-12 -1.55812e-22 -2.50189e-13 -1.40302e-22 -3.88873e-14 -9.33829e-23  -5.5254e-15  -4.6946e-23 -7.13338e-16 -1.89954e-23 -8.29112e-17 -6.30139e-24 -8.55231e-18 -1.64276e-24 -7.64168e-19  -2.7929e-25 -5.64254e-20  6.25853e-27 -3.05247e-21  2.82928e-26 -6.25819e-23  1.39607e-26  9.53358e-24  4.70923e-27   1.3924e-24  1.21709e-27  9.02944e-26  2.30844e-28   2.9743e-28  2.42638e-29 -6.83413e-28 -2.36391e-30 -9.62131e-29 -1.84778e-30  -8.4908e-30 -5.08331e-31  -5.5749e-31  -9.6119e-32 -2.83757e-32 -1.38832e-32 -1.12421e-33 -1.55476e-33 -3.37746e-35 -1.29719e-34 -6.82131e-37 -7.27129e-36 -4.72645e-39  -2.1523e-37   8.7243e-41
 3.32641e-07  4.64607e-19  4.06626e-06  2.60088e-18 -0.000104963 -1.05144e-17  0.000502618 -4.75799e-18 -0.000276309  4.67179e-17  -0.00353465 -2.54603e-17   0.00761668 -7.17029e-17   0.00220083  6.47719e-17   -0.0170547   8.1974e-17   0.00143655 -8.33086e-17    0.0193045 -7.59064e-17     0.003486  3.65866e-17   -0.0138128  6.03706e-17   -0.0101466  3.64351e-17   0.00193095 -1.17433e-17   0.00715047 -6.19866e-17   0.00469572 -4.16557e-17  0.000595142  3.19598e-17  -0.00147386  5.71992e-17  -0.00151885  8.23845e-18 -0.000821322 -3.84863e-17 -0.000238559 -3.17347e-17  2.84851e-05  7.26853e-19  8.52543e-05  1.71798e-17  6.33398e-05  1.23172e-17  3.25997e-05  2.57429e-18  1.31611e-05 -1.76475e-18  4.23831e-06 -1.56341e-18  1.01829e-06 -4.84651e-19   1.1806e-07   7.2528e-21  -4.6456e-08  8.17811e-20 -4.12724e-08  5.61714e-20 -1.96628e-08  2.50896e-20 -7.37472e-09  1.85356e-21 -2.37843e-09 -7.87727e-21 -6.83536e-10 -7.05285e-21 -1.78277e-10 -3.38734e-21 -4.26521e-11 -1.13132e-21 -9.42439e-12 -4.16098e-22 -1.93199e-12 -2.72142e-22 -3.68584e-13 -1.97081e-22 -6.55779e-14 -1.15926e-22 -1.08955e-14 -5.48679e-23 -1.69164e-15 -2.14512e-23 -2.45472e-16 -6.93059e-24 -3.32763e-17   -1.772e-24  -4.2097e-18 -3.05815e-25 -4.96138e-19 -2.92891e-27 -5.43386e-20  2.37977e-26 -5.51206e-21  1.18666e-26 -5.15631e-22  3.85917e-27 -4.42406e-23  9.30793e-28 -3.45815e-24   1.5681e-28 -2.44254e-25   1.1531e-29  -1.5433e-26 -3.01049e-30 -8.61546e-28  -1.4386e-30 -4.18368e-29 -3.42102e-31  -1.7323e-30 -5.79821e-32 -5.95848e-32 -7.50098e-33 -1.64261e-33  -7.3615e-34 -3.42415e-35 -5.14288e-35 -4.69827e-37 -2.20179e-36 -2.41557e-39 -3.69653e-38
-3.30131e-19  2.48318e-06  9.19697e-19 -1.06677e-05  5.07605e-18 -0.000103927 -1.55455e-17   0.00079468 -5.62256e-18  -0.00129392  5.14556e-17  -0.00258268 -2.66611e-17   0.00890975 -6.87263e-17 -0.000631103  6.67607e-17   -0.0164566  6.80749e-17   0.00254249 -7.59064e-17    0.0187038 -6.96425e-17   0.00431272  2.34743e-17   -0.0128188  6.31037e-17   -0.0111388  5.06791e-17  0.000116242 -1.34713e-17   0.00647573  -7.2393e-17   0.00537395  -4.0521e-17   0.00164785  4.17464e-17 -0.000815342  5.95819e-17  -0.00136781  1.37203e-18 -0.000945099 -4.50234e-17 -0.000410713 -3.36632e-17 -9.13997e-05  1.06383e-18   2.6364e-05  1.76415e-17  4.24437e-05  1.28661e-17  2.83461e-05  3.43783e-18  1.39201e-05 -9.44995e-19  5.57496e-06 -1.13264e-18  1.87647e-06 -3.77698e-19  5.28393e-07  1.23631e-20  1.18237e-07  9.26376e-20   1.6755e-08  7.34442e-20 -1.31238e-09  3.49493e-20 -2.09953e-09  5.04111e-21 -9.88902e-10 -6.77681e-21 -3.46401e-10 -6.40252e-21 -1.02664e-10 -3.15662e-21 -2.69365e-11 -1.22101e-21 -6.39139e-12 -5.82535e-22 -1.38748e-12 -3.85542e-22 -2.77452e-13  -2.4991e-22 -5.13153e-14 -1.35529e-22 -8.79828e-15 -6.09554e-23  -1.3999e-15 -2.29566e-23 -2.06714e-16 -7.17823e-24 -2.83066e-17 -1.78556e-24 -3.58913e-18 -3.05939e-25  -4.2043e-19 -7.87763e-27  -4.5362e-20   1.9495e-26 -4.49082e-21  9.61448e-27 -4.06017e-22  2.96928e-27 -3.33309e-23  6.58309e-28 -2.46715e-24  9.54983e-29 -1.63259e-25  3.11971e-30 -9.55674e-27 -2.91456e-30 -4.88373e-28 -1.02658e-30 -2.14204e-29 -2.13071e-31 -7.88564e-31 -3.22322e-32 -2.36377e-32 -3.69116e-33 -5.51979e-34 -3.11043e-34 -9.27275e-36 -1.75374e-35  -9.0255e-38 -5.22694e-37 -1.50439e-40
 -1.6104e-07 -9.99844e-19  7.14372e-06  1.45557e-18 -4.98411e-05  8.06953e-18 -1.34977e-06 -1.99761e-17   0.00091251 -5.93417e-18  -0.00235539  5.13364e-17  -0.00101407 -2.76743e-17    0.0093799 -5.73932e-17  -0.00319921  6.54921e-17   -0.0156687  5.21121e-17     0.003486 -6.96425e-17    0.0182184  -6.6394e-17   0.00505416  1.38875e-17    -0.011805  6.88933e-17   -0.0118885   6.1332e-17  -0.00166076 -1.84892e-17   0.00550322 -8.00235e-17   0.00572168 -3.38526e-17   0.00259589  5.29486e-17 -4.69039e-05  5.93784e-17  -0.00103947 -7.54439e-18 -0.000934891 -5.18371e-17  -0.00051901 -3.56138e-17 -0.000196228  8.13908e-19 -3.82539e-05  1.73569e-17  1.21306e-05  1.30018e-17  1.72168e-05  4.22483e-18  1.09346e-05 -7.19575e-20  5.22325e-06 -6.26064e-19  2.07915e-06 -1.95261e-19  7.16002e-07  7.49878e-20  2.16505e-07  1.33206e-19  5.75801e-08   1.0107e-19  1.33066e-08  4.82043e-20  2.57205e-09  1.02829e-20  3.67895e-10 -4.26953e-21  1.57303e-11 -5.09117e-21 -1.31968e-11 -2.73056e-21 -6.37311e-12 -1.26935e-21 -1.97873e-12 -7.31564e-22 -5.01166e-13 -4.84661e-22 -1.10536e-13 -2.93005e-22 -2.18112e-14 -1.49561e-22  -3.9018e-15 -6.42195e-23 -6.37165e-16 -2.32466e-23 -9.53074e-17 -7.00456e-24 -1.30746e-17 -1.68409e-24 -1.64445e-18 -2.81421e-25 -1.89337e-19 -8.85437e-27 -1.99038e-20  1.55851e-26 -1.90337e-21  7.40746e-27 -1.64786e-22  2.13909e-27 -1.28384e-23  4.28367e-28 -8.93394e-25  5.07989e-29 -5.50131e-26 -1.40845e-30 -2.96276e-27 -2.39507e-30 -1.37476e-28 -6.73098e-31 -5.38966e-30 -1.22536e-31 -1.73905e-31 -1.64343e-32 -4.45349e-33 -1.64141e-33 -8.55331e-35 -1.15668e-34  -1.0852e-36 -4.98377e-36 -5.38388e-39 -8.43344e-38
 2.82768e-19  2.58974e-07 -2.06162e-18  1.03797e-05   1.9904e-18 -0.000105848  1.08509e-17  0.000222283 -2.26645e-17  0.000723776 -5.42871e-18  -0.00317355  4.56696e-17  0.000882293 -2.78033e-17   0.00911708 -4.02606e-17  -0.00543341   6.2831e-17   -0.0147718  3.65866e-17   0.00431272  -6.6394e-17     0.017827  -6.7039e-17    0.0057333  8.12928e-18   -0.0107791  7.67274e-17   -0.0124194  6.71615e-17  -0.00336059 -2.66012e-17   0.00428825  -8.3276e-17   0.00572519 -2.10864e-17   0.00335925  6.49971e-17  0.000748174  5.65776e-17 -0.000575861 -1.79704e-17 -0.000790783 -5.86599e-17 -0.000543022  -3.7746e-17 -0.000264057 -2.92376e-19 -9.33714e-05  1.61492e-17  -1.9459e-05   1.2597e-17  2.71839e-06  4.79799e-18  5.40936e-06  7.40191e-19  3.48069e-06 -1.02276e-19  1.64922e-06  4.26379e-20  6.52604e-07  1.87918e-19  2.25744e-07  1.99867e-19  6.97715e-08  1.37914e-19  1.94974e-08  6.49897e-20  4.95843e-09  1.77495e-20  1.15113e-09 -4.29309e-22  2.44055e-10 -3.23946e-21  4.71427e-11 -2.15858e-21  8.24863e-12 -1.27416e-21   1.2926e-12 -8.49946e-22  1.77422e-13 -5.60258e-22  2.03003e-14 -3.21701e-22   1.6654e-15 -1.56125e-22  1.97956e-17 -6.41235e-23 -2.76381e-17 -2.22681e-23 -7.26337e-18  -6.4434e-24 -1.27773e-18 -1.48847e-24 -1.81991e-19 -2.38821e-25 -2.21318e-20 -7.08063e-27 -2.34274e-21   1.2126e-26 -2.17137e-22  5.40855e-27 -1.75956e-23  1.43748e-27 -1.23771e-24  2.54226e-28 -7.45834e-26  2.21603e-29 -3.76658e-27 -3.11216e-30 -1.53442e-28  -1.7381e-30 -4.65976e-30 -4.05859e-31 -8.25371e-32 -6.48648e-32  5.41166e-34 -7.63975e-33  8.87042e-35  -6.5288e-34  2.90156e-36  -3.7103e-35  5.72532e-38 -1.11354e-36  7.21023e-40
