 6.11327e-24  1.33934e-39 -3.21405e-22 -1.05889e-37  6.57043e-21  2.55952e-36 -8.06623e-20 -3.58334e-35  6.85808e-19  3.49646e-34 -4.33454e-18 -2.59345e-33  2.12181e-17  1.53693e-32 -8.25028e-17 -7.51866e-32  2.58788e-16  3.11001e-31 -6.60303e-16 -1.10887e-30  1.37342e-15  3.46329e-30 -2.31862e-15 -9.60084e-30  3.13623e-15  2.38525e-29 -3.30725e-15 -5.33984e-29   2.5633e-15  1.07816e-28 -1.24013e-15 -1.95663e-28  9.54956e-17  3.16795e-28  3.46351e-16 -4.52269e-28 -2.11623e-16   5.5901e-28 -1.73977e-17 -5.79251e-28  6.77643e-17  4.68447e-28 -1.13806e-17 -2.29441e-28 -1.64214e-17 -7.29186e-29  4.58426e-18  3.36447e-28  3.87125e-18 -4.76481e-28 -1.03504e-18  4.72512e-28 -9.29986e-19 -3.70268e-28  1.27331e-19   2.4087e-28  2.05769e-19 -1.35504e-28  1.06567e-20  6.99321e-29 -3.51192e-20 -3.69365e-29 -9.68865e-21  2.29639e-29  3.24978e-21 -1.63372e-29  2.31471e-21  1.03991e-29  1.90115e-22 -4.32755e-30 -2.47813e-22  1.98416e-31   -9.797e-23  1.16311e-30 -2.33856e-24  -9.6904e-31  9.46962e-24   5.4182e-31  3.22658e-24 -2.70815e-31  1.94288e-25  1.00069e-31 -1.96776e-25 -6.65427e-33 -7.57783e-26 -1.57518e-32 -1.04548e-26  8.71216e-33  1.31394e-27  -2.6544e-33  9.37358e-28  9.63129e-34  2.05268e-28 -3.40173e-34  1.75675e-29  1.89654e-35 -2.80099e-30  3.00237e-35 -1.24697e-30 -8.10359e-36 -2.18119e-31  9.55516e-37 -1.96621e-32 -5.48643e-37  1.38518e-34  1.52366e-37  3.36068e-34  1.04729e-38  5.59434e-35  -4.2842e-39   5.2244e-36 -1.11248e-39  2.75497e-37   2.1937e-40  2.15599e-39 -1.39442e-42 -9.26227e-40  1.41255e-42 -8.00841e-41 -2.23721e-43  -3.6003e-42  9.40142e-46 -6.90307e-44 -1.21853e-47 -6.32887e-46  -9.3268e-48
 1.33934e-39  4.61762e-22  5.96221e-38  -1.3796e-20 -3.27582e-36  2.14787e-19  6.33996e-35  -2.1883e-18 -7.52218e-34  1.60883e-17  6.41026e-33  -9.0025e-17 -4.22824e-32  3.95941e-16  2.25462e-31 -1.39634e-15 -1.00081e-30  3.99553e-15  3.78276e-30 -9.32656e-15 -1.24111e-29  1.77477e-14  3.59549e-29 -2.73201e-14 -9.32966e-29   3.3412e-14  2.19068e-28  -3.1273e-14 -4.67738e-28  2.05457e-14  9.07381e-28 -6.99045e-15 -1.59041e-27  -1.8802e-15   2.4955e-27   3.3983e-15 -3.46182e-27 -1.04249e-15  4.17231e-27 -6.31982e-16 -4.24686e-27   4.8659e-16  3.44381e-27  7.36674e-17 -1.86104e-27 -1.40328e-16 -2.85979e-29 -8.08035e-18  1.59033e-27  3.44092e-17 -2.37715e-27  2.92657e-18  2.36041e-27 -7.39576e-18 -1.86108e-27 -1.46859e-18  1.26517e-27  1.25183e-18 -7.91843e-28  5.04577e-19  4.77243e-28 -1.16853e-19 -2.84573e-28 -1.11674e-19  1.74744e-28 -9.95992e-21 -1.10693e-28  1.37308e-20  6.21725e-29  5.28317e-21 -2.18141e-29 -1.88523e-22 -2.18835e-30 -6.84514e-22  8.36672e-30 -1.92889e-22 -5.96003e-30  8.23821e-24  3.07627e-30  2.05229e-23 -1.48424e-30  5.82561e-24  5.26543e-31   2.5544e-25 -1.50848e-32 -3.27675e-25  -9.3797e-32 -1.16468e-25  4.69286e-32 -1.63434e-26 -1.27227e-32  1.10722e-27  4.20582e-33  1.03711e-27  -1.4556e-33  2.35943e-28  6.04784e-35  2.53231e-29  1.33108e-34 -7.57443e-31 -3.31382e-35 -8.07423e-31  3.36028e-36  -1.5653e-31 -2.00052e-36 -1.67537e-32  5.09795e-37 -7.83375e-34    6.285e-38  6.47795e-35 -1.81777e-38  1.65073e-35 -3.79172e-39  1.66975e-36  6.52402e-40  1.00312e-37   1.3937e-41  3.36484e-39   2.1649e-42  1.82333e-41 -5.44339e-43 -3.56427e-42  1.01555e-44 -1.13606e-43 -2.14006e-47  -1.0416e-45
-3.21405e-22  5.96221e-38  1.71727e-20  1.50748e-36 -3.57031e-19 -6.29483e-35  4.46127e-18  1.00786e-33 -3.86411e-17 -1.02977e-32  2.49045e-16  7.72947e-32 -1.24454e-15 -4.55253e-31   4.9465e-15  2.18674e-30 -1.58838e-14 -8.79968e-30   4.1565e-14  3.03297e-29 -8.88717e-14 -9.13896e-29  1.54704e-13  2.45461e-28 -2.16727e-13 -5.97555e-28  2.38407e-13  1.33321e-27 -1.95509e-13 -2.73501e-27  1.04406e-13  5.13669e-27 -1.68291e-14 -8.74918e-27 -2.37154e-14  1.33538e-26  1.84566e-14 -1.80186e-26  -7.3805e-16  2.11391e-26 -5.27681e-15  -2.1028e-26  1.57912e-15  1.68854e-26  1.16732e-15 -9.54389e-27 -5.51531e-16  1.32783e-27 -2.64787e-16  5.09676e-27  1.32962e-16 -8.18893e-27  6.71753e-17  8.22521e-27 -2.28835e-17  -6.6788e-27 -1.68714e-17  4.92628e-27  1.72877e-18 -3.50664e-27  3.45834e-18  2.38222e-27   4.5648e-19 -1.49452e-27 -4.57159e-19  8.82113e-28 -1.89563e-19 -5.07869e-28  1.32487e-20  2.56805e-28  2.92821e-20 -7.48148e-29  7.15979e-21 -2.20287e-29 -1.17154e-21  4.00943e-29 -1.13199e-21 -2.52927e-29 -2.44659e-22  1.20705e-29  2.37292e-23 -5.59131e-30  2.75889e-23  1.89373e-30  6.92217e-24  2.12254e-32  2.93445e-25  -3.7564e-31 -3.28754e-25  1.71318e-31 -1.13139e-25  -4.1226e-32 -1.67014e-26  1.23997e-32   1.6116e-28 -4.28339e-33  6.58442e-28  1.46203e-34   1.6024e-28  3.95453e-34  1.99534e-29 -9.37347e-35  7.06671e-31  8.62386e-36  -2.4302e-31 -5.04654e-36 -5.76011e-32  1.14616e-36 -6.81181e-33  2.17203e-37 -4.65277e-34 -4.92941e-38 -9.74699e-36 -9.24552e-39  1.59721e-36  1.30964e-39  2.01553e-37  6.72093e-41  1.19862e-38  9.78593e-43  4.08876e-40 -9.06841e-43  6.46309e-42  2.41549e-44  4.05939e-44  2.88288e-47
-1.05889e-37  -1.3796e-20  1.50748e-36  4.19192e-19  2.64623e-35 -6.64248e-18 -8.83379e-34  6.89388e-17  1.19604e-32 -5.16788e-16   -1.064e-31  2.95169e-15  7.06993e-31 -1.32669e-14 -3.72159e-30  4.78816e-14  1.60644e-29 -1.40449e-13 -5.83116e-29  3.36762e-13    1.821e-28 -6.60016e-13 -5.01048e-28  1.05023e-12  1.24515e-27 -1.33495e-12 -2.85586e-27  1.31108e-12  6.11855e-27 -9.23479e-13  -1.2229e-26  3.68715e-13  2.25311e-26  4.02237e-14 -3.76546e-26 -1.47733e-13  5.61969e-26  6.17671e-14 -7.38448e-26  2.07745e-14  8.41634e-26 -2.47929e-14 -8.14299e-26  -2.3551e-16  6.41551e-26  6.80632e-15 -3.68479e-26  -5.6082e-16  8.33985e-27 -1.67962e-15  1.27496e-26  1.02063e-16 -2.25803e-26  3.86941e-16  2.33382e-26  1.92042e-17 -2.01524e-26 -7.61398e-17  1.66396e-26  -1.7059e-17 -1.33502e-26  1.03792e-17  9.73389e-27  5.29539e-18 -6.14034e-27  -3.4652e-19  3.44206e-27 -8.90761e-19 -1.82553e-27 -2.03411e-19  8.44023e-28   5.6614e-20 -1.99532e-28  4.19872e-20  -1.1282e-28  6.73015e-21  1.49263e-28 -2.21935e-21 -8.53275e-29 -1.34752e-21  3.77356e-29 -2.37091e-22 -1.67234e-29  3.13238e-23   5.3867e-30  2.68011e-23  2.83313e-31  6.24026e-24 -1.17368e-30  3.30806e-25  4.90951e-31 -2.24214e-25 -1.04324e-31 -7.84151e-26  2.83314e-32 -1.23263e-26 -1.00045e-32 -4.65881e-28  3.61393e-34   2.5514e-28  9.04489e-34  7.08339e-29 -2.13583e-34  9.76575e-30  1.96169e-35   6.7737e-31 -1.01829e-35   -1.949e-32  1.96214e-36 -1.11884e-32  5.46367e-37 -1.46981e-33 -9.96379e-38 -1.11622e-34 -1.85417e-38 -4.84776e-36  2.01864e-39 -5.16646e-38  1.70166e-40  7.28668e-39 -2.53413e-42  4.54076e-40 -1.15008e-42  1.08578e-41  3.03831e-44  9.25676e-44
 6.57043e-21 -3.27582e-36 -3.57031e-19  2.64623e-35  7.55496e-18   3.5244e-34 -9.61621e-17 -9.70931e-33  8.49203e-16   1.1282e-31 -5.58596e-15 -8.79607e-31  2.85225e-14  5.17919e-30 -1.15985e-13 -2.42711e-29  3.81642e-13  9.33216e-29 -1.02526e-12 -3.01417e-28  2.25574e-12  8.38519e-28 -4.05307e-12 -2.07399e-27  5.88636e-12  4.73829e-27 -6.75948e-12 -1.03406e-26  5.86341e-12  2.18042e-26 -3.43308e-12 -4.37185e-26  8.20103e-13  8.09436e-26  6.00189e-13 -1.34742e-25  -6.1632e-13  1.97963e-25  9.54702e-14 -2.53516e-25  1.53684e-13  2.79845e-25 -7.09609e-14 -2.61955e-25 -2.90858e-14  2.01009e-25  2.29886e-14 -1.15442e-25   5.9271e-15  3.23375e-26  -5.7451e-15  2.61069e-26 -1.60291e-15 -5.32172e-26  1.15294e-15  5.82288e-26  4.79026e-16   -5.541e-26 -1.56738e-16  5.17041e-26 -1.20147e-16  -4.5243e-26  2.31577e-18  3.39254e-26  2.07507e-17  -2.0958e-26  4.98116e-18  1.10923e-26 -1.69219e-18 -5.46518e-27 -1.17346e-18  2.33859e-27 -1.35596e-19 -4.33147e-28  9.71377e-20 -4.20039e-28  4.53761e-20  4.60627e-28  4.67501e-21 -2.42487e-28  -2.6835e-21  9.96255e-29 -1.24891e-21 -4.21407e-29  -1.9077e-22  1.28743e-29  2.64378e-23   1.2224e-30  1.98845e-23 -3.04382e-30  4.46891e-24  1.17389e-30  3.16918e-25 -2.18547e-31 -1.04681e-25  5.26491e-32 -3.98435e-26  -1.9648e-32 -6.67413e-27   1.0058e-33 -4.80133e-28  1.67198e-33  5.10421e-29 -4.20141e-34  2.02082e-29  4.30266e-35  3.04179e-30 -1.74032e-35  2.63006e-31  2.59901e-36  9.25663e-33   1.0987e-36 -8.52694e-34 -1.58929e-37 -1.58777e-34 -3.21178e-38 -1.24526e-35  2.47748e-39 -5.69787e-37  3.04048e-40 -1.39638e-38 -6.79786e-42 -9.10042e-41 -1.11936e-42  2.30141e-42  2.10189e-44
 2.55952e-36  2.14787e-19 -6.29483e-35 -6.64248e-18   3.5244e-34  1.07217e-16  3.74273e-33 -1.13448e-15 -8.68685e-32    8.679e-15  8.74146e-31 -5.06441e-14 -5.98336e-30  2.32844e-13  3.10631e-29 -8.60855e-13 -1.27923e-28   2.5911e-12  4.27878e-28 -6.38852e-12 -1.18418e-27  1.29092e-11  2.78442e-27 -2.12554e-11 -5.85348e-27   2.8107e-11  1.19762e-26 -2.89779e-11 -2.57768e-26  2.18456e-11  5.79044e-26 -1.00084e-11 -1.25505e-25  1.82906e-13  2.44907e-25  3.28254e-12 -4.15667e-25 -1.80628e-12  6.05918e-25 -2.65666e-13 -7.55548e-25  6.36471e-13  8.03482e-25 -8.10712e-14  -7.2282e-25 -1.63615e-13  5.37046e-25   3.9237e-14 -3.06503e-25  3.99139e-14  9.81271e-26 -9.31466e-15  4.33662e-26 -9.75585e-15 -1.12005e-25  1.10895e-15  1.35342e-25  2.18681e-15 -1.45487e-25  1.48802e-16  1.50508e-25 -3.78426e-16 -1.37985e-25 -1.10769e-16  1.03262e-25  3.51733e-17 -6.15501e-26  2.64326e-17  3.06504e-26  2.34976e-18 -1.41016e-26 -2.86023e-18  5.64185e-27 -1.16272e-18 -7.75443e-28 -3.26799e-20 -1.26329e-27  1.13157e-19  1.22185e-27  3.93594e-20 -5.99455e-28  2.52437e-21  2.29388e-28 -2.38566e-21 -9.24405e-29 -9.37821e-22  2.67372e-29  -1.3325e-22  3.67956e-30  1.50987e-23 -6.78157e-30  1.14727e-23  2.42233e-30   2.5656e-24 -3.90726e-31  2.33215e-25   8.0465e-32 -3.03362e-26 -3.34253e-32 -1.46621e-26  2.83349e-33 -2.62325e-27  2.52602e-33 -2.47479e-28 -7.44836e-34 -1.75644e-30  9.18389e-35  3.38285e-30 -2.58643e-35  5.85577e-31  2.42831e-36  5.53768e-32  1.85562e-36  3.04524e-33 -2.03927e-37  5.18967e-35 -4.89874e-38 -6.16928e-36    2.407e-39 -5.72706e-37   4.1804e-40 -2.25103e-38 -9.29619e-42 -4.23718e-40 -8.02293e-43  -2.5653e-42
-8.06623e-20  6.33996e-35  4.46127e-18 -8.83379e-34 -9.61621e-17  3.74273e-33  1.24787e-15   3.2673e-32 -1.12456e-14 -6.47191e-31  7.55668e-14  5.65877e-30 -3.94634e-13 -3.38274e-29   1.6435e-12   1.5231e-28 -5.54714e-12 -5.32087e-28   1.5315e-11  1.44189e-27 -3.47106e-11 -2.95326e-27  6.44445e-11   4.2799e-27 -9.71294e-11 -3.84914e-27  1.16527e-10  3.21193e-27 -1.06905e-10 -1.74908e-26  6.82715e-11  8.74952e-26 -2.13249e-11 -2.76462e-25 -8.24513e-12   6.3398e-25  1.21806e-11 -1.13687e-24  -3.2988e-12  1.65627e-24  -2.5253e-12  -2.0021e-24  1.75128e-12  2.03248e-24   3.4273e-13 -1.74131e-24  -5.3517e-13  1.24809e-24 -4.53505e-14 -7.12326e-25  1.36328e-13  2.58663e-25  1.42346e-14   5.0173e-26 -3.01942e-14 -2.19057e-25 -6.45617e-15   3.0723e-25  5.25828e-15 -3.71868e-25  2.20225e-15  4.10245e-25  -5.0542e-16 -3.80711e-25 -4.97481e-16  2.79076e-25 -4.46164e-17  -1.5919e-25  6.31354e-17  7.43959e-26  2.44003e-17 -3.20561e-26 -9.91322e-19  1.21074e-26 -3.27012e-18 -1.13272e-27 -9.17709e-19 -3.22412e-27  4.46713e-20  2.85125e-27  1.01019e-19 -1.31619e-27  2.85333e-20  4.70298e-28  1.18429e-21 -1.80262e-28 -1.64212e-21  4.93035e-29  -5.8098e-22  8.86976e-30 -8.16191e-23 -1.32702e-29  5.39009e-24  4.40775e-30  5.12081e-24 -6.06103e-31  1.16814e-24  9.82271e-32  1.27382e-25 -5.00339e-32 -2.74129e-27  7.28586e-33 -3.71975e-27   3.0321e-33 -7.27358e-28 -1.22501e-33 -7.85725e-29  1.85414e-34 -3.98632e-30 -3.37211e-35  2.13549e-31  6.87513e-37  6.30608e-32  2.71173e-36  6.34643e-33 -2.08192e-37  3.73072e-34 -6.62376e-38  1.23702e-35  1.74191e-39  1.18837e-37  4.56741e-40 -5.98185e-39 -8.64255e-42 -1.87133e-40 -3.70802e-43
-3.58334e-35  -2.1883e-18  1.00786e-33  6.89388e-17 -9.70931e-33 -1.13448e-15   3.2673e-32  1.22498e-14   2.3894e-31 -9.57283e-14 -4.06354e-30  5.71252e-13  3.07391e-29 -2.68936e-12 -1.57556e-28  1.01961e-11  5.87674e-28 -3.15259e-11  -1.5508e-27  8.00166e-11  2.32008e-27 -1.66894e-10  1.75072e-27  2.84665e-10 -2.33515e-26 -3.91989e-10  8.11398e-26  4.24481e-10 -1.77465e-25 -3.42044e-10  2.51563e-25  1.77004e-10 -1.41534e-25 -2.23058e-11 -3.74628e-25 -4.62687e-11  1.42076e-24  3.34098e-11 -2.83375e-24 -1.76947e-13  4.13869e-24 -1.03099e-11 -4.79908e-24  2.83843e-12  4.58018e-24  2.39888e-12 -3.68895e-24 -1.07568e-12  2.55339e-24 -5.59913e-13 -1.49716e-24  2.72683e-13   6.4039e-25  1.44493e-13 -6.99411e-27 -4.91328e-14 -4.15537e-25 -3.71182e-14  7.00985e-25  4.00016e-15 -9.22837e-25   7.8682e-15  1.04107e-24    9.969e-16 -9.54536e-25 -1.09101e-15  6.78161e-25 -4.43591e-16 -3.68579e-25  3.80495e-17  1.61291e-25  7.22957e-17 -6.51846e-26  1.70544e-17  2.34892e-26 -3.24394e-18 -1.29226e-27 -2.88886e-18 -7.18013e-27 -6.01388e-19  5.94888e-27  7.07781e-20  -2.6048e-27  7.27092e-20  8.71307e-28   1.7746e-20 -3.17136e-28  6.13391e-22  8.19766e-29 -8.89843e-22  1.81237e-29 -2.97636e-22 -2.31664e-29 -4.30531e-23  7.17943e-30  5.75284e-25 -8.20811e-31  1.71981e-24  8.26592e-32  4.11804e-25 -6.62684e-32  5.08529e-26  1.65354e-32  1.88509e-27  2.51771e-33 -5.69454e-28  -1.9024e-33  -1.3489e-28  3.44647e-34 -1.57454e-29 -3.83583e-35 -1.07248e-30 -3.23316e-36 -2.66162e-32  3.49528e-36  2.69055e-33 -1.58424e-37  3.48845e-34 -7.94778e-38   1.9418e-35  7.15733e-40  5.84983e-37  3.98966e-40  8.37704e-39 -5.63612e-42  2.71504e-41
 6.85808e-19 -7.52218e-34 -3.86411e-17  1.19604e-32  8.49203e-16 -8.68685e-32 -1.12456e-14   2.3894e-31  1.03521e-13  1.47854e-30 -7.11339e-13 -2.15404e-29  3.80338e-12  1.38441e-28 -1.62397e-11 -5.77448e-28   5.6287e-11  1.51764e-27 -1.59891e-10 -1.08677e-27  3.73741e-10 -1.21451e-26  -7.1785e-10  7.51512e-26  1.12405e-09 -2.64955e-25 -1.41012e-09  6.74145e-25  1.36834e-09 -1.29979e-24  -9.4924e-10  1.86695e-24  3.63842e-10  -1.7551e-24  6.03501e-11  2.59488e-25  -1.6395e-10  2.81039e-24  6.50347e-11 -6.64159e-24  2.54822e-11  9.65369e-24 -2.82783e-11 -1.05309e-23 -7.06911e-13  9.21579e-24  8.12845e-12 -6.84216e-24 -6.32943e-13   4.6316e-24 -2.07697e-12 -2.96823e-24  1.33063e-13  1.58138e-24  4.95332e-13 -2.88868e-25   2.0517e-14 -7.98303e-25 -1.01742e-13  1.61142e-24 -2.16643e-14 -2.19468e-24  1.47731e-14  2.44807e-24  7.20326e-15 -2.18486e-24 -6.52529e-16  1.49639e-24 -1.29489e-15 -7.73294e-25 -2.74114e-16  3.16143e-25  9.29078e-17 -1.19901e-25  6.27772e-17  4.17654e-26  9.05433e-18 -1.02301e-27 -3.75757e-18 -1.42009e-26 -2.08799e-18  1.12307e-26 -3.40139e-19 -4.69806e-27  5.86846e-20  1.47484e-27   4.3197e-20  -5.0909e-28  9.58995e-21  1.24391e-28  3.96712e-22  3.24085e-29 -3.77105e-22 -3.65218e-29 -1.24769e-22  1.05847e-29 -1.89207e-23 -9.63891e-31   -6.088e-25  2.97232e-33  4.07296e-25  -7.7256e-32  1.08318e-25  3.31638e-32  1.45496e-26  2.42681e-34  9.89761e-28 -2.81091e-33 -2.56248e-29  5.82385e-34 -1.49938e-29  -3.7192e-35 -1.90735e-30 -9.43403e-36 -1.39525e-31   4.0225e-36 -5.87802e-33 -6.62021e-38 -7.54104e-35 -8.44306e-38  5.83915e-36 -2.52104e-40  3.28031e-37  2.74345e-40  5.99851e-39 -2.33177e-42
 3.49646e-34  1.60883e-17 -1.02977e-32 -5.16788e-16   1.1282e-31    8.679e-15 -6.47191e-31 -9.57283e-14  1.47854e-30  7.64972e-13   7.7479e-30 -4.67338e-12   -9.516e-29  2.25538e-11  4.92846e-28 -8.77872e-11  -1.3821e-27  2.79162e-10 -1.08705e-28 -7.30286e-10  2.37951e-26  1.57416e-09 -1.45188e-25 -2.78478e-09  5.59119e-25  3.99759e-09 -1.60476e-24 -4.54995e-09  3.60074e-24  3.91513e-09 -6.38006e-24 -2.26254e-09  8.74834e-24  5.01252e-10  -8.5346e-24  4.45238e-10   3.8131e-24 -4.35174e-10  5.17728e-24  6.18138e-11 -1.51427e-23  1.14818e-10  2.13921e-23 -5.25319e-11 -2.12877e-23 -2.24073e-11  1.63868e-23  1.79473e-11 -1.08418e-23  4.58716e-12  7.49156e-24 -4.69703e-12 -5.86196e-24 -1.25494e-12  3.98995e-24  9.94942e-13 -1.21087e-24  3.91209e-13 -1.59851e-24 -1.47566e-13  3.66714e-24 -1.04101e-13 -4.93609e-24  5.19393e-15  5.32295e-24  1.93397e-14 -4.58646e-24  4.14602e-15  3.02192e-24 -1.79997e-15 -1.48384e-24 -1.11073e-15  5.65338e-25 -9.90448e-17 -2.01203e-25  1.04286e-16  6.89398e-26  4.42253e-17 -4.07197e-28  3.49301e-18  -2.5241e-26 -3.02726e-18  1.93631e-26 -1.27398e-18 -7.78813e-27 -1.72809e-19  2.30016e-27  3.43211e-20 -7.52821e-28  2.13418e-20  1.74117e-28  4.49571e-21  5.18476e-29  2.58523e-22 -5.25455e-29 -1.20975e-22  1.42477e-29 -4.18502e-23 -9.49086e-31 -6.67356e-24 -1.73818e-31 -4.38738e-25 -7.74628e-32  5.66851e-26  5.94339e-32  2.00514e-26 -4.31785e-33  2.88437e-27 -3.95114e-33  2.39603e-28  8.93008e-34  8.11027e-30 -2.89043e-35 -7.01554e-31 -1.72431e-35 -1.23687e-31  4.16064e-36 -9.03119e-33  3.50695e-38 -3.76913e-34 -7.89844e-38 -8.35146e-36 -8.04938e-40 -5.70721e-38  1.41612e-40  5.17117e-40
-4.33454e-18  6.41026e-33  2.49045e-16   -1.064e-31 -5.58596e-15  8.74146e-31  7.55668e-14 -4.06354e-30 -7.11339e-13   7.7479e-30  5.00396e-12   3.3939e-29 -2.74245e-11 -3.34564e-28  1.20198e-10  1.15095e-27 -4.28342e-10   6.5955e-28  1.25349e-09 -3.16444e-26 -3.02569e-09  2.12002e-25  6.01979e-09  -9.1495e-25 -9.80509e-09  2.96306e-24  1.28752e-08 -7.56368e-24 -1.32179e-08  1.54948e-23  9.92951e-09 -2.54708e-23 -4.49866e-09  3.28701e-23 -1.85598e-11 -3.09677e-23   1.6026e-09  1.55237e-23 -8.74395e-10  1.00849e-23   -1.384e-10 -3.45329e-23  3.24296e-10  4.55572e-23 -4.36369e-11 -3.95934e-23 -8.60253e-11  2.48346e-23  2.24222e-11 -1.35612e-23  2.15442e-11  1.09344e-23 -5.74843e-12 -1.21296e-23 -5.45899e-12  1.01231e-23  8.22814e-13 -3.70978e-24  1.29127e-12   -3.334e-24  4.38988e-14  8.07757e-24 -2.41296e-13 -1.04044e-23 -6.16909e-14  1.07011e-23  2.60489e-14 -8.86805e-24  1.67829e-14  5.62124e-24  8.58791e-16 -2.62317e-24 -2.07112e-15  9.28668e-25 -7.45801e-16 -3.10078e-25  1.05834e-17  1.07007e-25  8.46348e-17   -4.262e-28  2.62917e-17 -4.06538e-26  8.15728e-19  3.07158e-26 -1.90578e-18 -1.19438e-26 -6.67544e-19   3.3265e-27  -8.1486e-20 -1.03486e-27  1.49039e-20  2.27391e-28  8.72329e-21  7.55886e-29  1.80072e-21 -6.97221e-29   1.3915e-22  1.76381e-29 -2.69794e-23 -6.91567e-31 -1.08372e-23 -4.75933e-31 -1.81642e-24 -6.22874e-32 -1.59184e-25  9.63302e-32  4.07197e-28 -1.11895e-32  2.33498e-27  -5.2598e-33  3.73479e-28  1.24693e-33  3.32433e-29  -1.4516e-35  1.71553e-30 -2.52273e-35  2.70244e-32  3.87272e-36 -2.95121e-33  1.07936e-37 -2.41453e-34 -6.44566e-38 -8.00109e-36 -8.50732e-40 -1.10795e-37  4.78993e-41
-2.59345e-33  -9.0025e-17  7.72947e-32  2.95169e-15 -8.79607e-31 -5.06441e-14  5.65877e-30  5.71252e-13 -2.15404e-29 -4.67338e-12   3.3939e-29  2.92642e-11  1.18896e-28 -1.44954e-10 -7.88026e-28  5.79986e-10 -5.06738e-28 -1.89933e-09  3.19463e-26  5.12792e-09 -2.47558e-25 -1.14387e-08  1.21987e-24  2.10155e-08 -4.48769e-24 -3.14874e-08  1.30005e-23  3.76986e-08 -3.03364e-23 -3.46194e-08  5.74668e-23  2.21549e-08 -8.79427e-23  -6.8568e-09  1.06112e-22 -2.90644e-09 -9.38546e-23  4.22491e-09  4.49238e-23 -1.17115e-09  2.40925e-23 -8.99272e-10 -7.94965e-23   6.5277e-10  9.35321e-23  1.16255e-10 -6.69144e-23 -2.07007e-10  2.84864e-23 -1.19069e-11 -9.18776e-24  5.48963e-11   1.4962e-23  3.81005e-12 -2.66698e-23 -1.28418e-11  2.50034e-23 -2.21325e-12 -9.63843e-24  2.43195e-12 -7.06111e-24  8.77429e-13  1.69238e-23 -2.82163e-13 -2.04546e-23 -2.22534e-13  1.99134e-23 -9.27824e-15 -1.58558e-23  3.23259e-14  9.68298e-24   1.0688e-14 -4.29719e-24 -1.15528e-15   1.4084e-24 -1.69736e-15 -4.41208e-25 -4.06647e-16  1.58247e-25  4.84558e-17 -3.63585e-27  5.50255e-17  -5.9688e-26  1.35757e-17  4.51066e-26 -9.43524e-21 -1.70257e-26 -9.74513e-19  4.48137e-27 -3.02149e-19  -1.3357e-27 -3.59171e-20  2.81035e-28  4.67796e-21  1.02263e-28  2.89949e-21 -8.63554e-29  6.00425e-22  2.02187e-29  5.75249e-23 -1.24007e-31 -3.05404e-24 -9.20159e-31 -2.04527e-24 -2.97013e-32 -3.64598e-25  1.42716e-31 -3.65477e-26 -1.97541e-32  -1.6122e-27 -6.59145e-33  1.18755e-28  1.59389e-33  2.81881e-29  2.48602e-36  2.58246e-30 -3.15601e-35  1.38213e-31   3.2292e-36  4.09948e-33  1.31614e-37  3.51114e-35 -4.51552e-38 -1.35265e-36 -5.68279e-40 -2.49349e-38
 2.12181e-17 -4.22824e-32 -1.24454e-15  7.06993e-31  2.85225e-14 -5.98336e-30 -3.94634e-13  3.07391e-29  3.80338e-12   -9.516e-29 -2.74245e-11  1.18896e-28   1.5426e-10  2.83835e-28  -6.9492e-10  1.31528e-28  2.54967e-09 -2.50609e-26 -7.69716e-09  2.34819e-25  1.92133e-08 -1.34577e-24 -3.96521e-08  5.67949e-24  6.72726e-08 -1.87539e-23 -9.25689e-08  4.97701e-23  1.00586e-07 -1.07485e-22 -8.16346e-08  1.89431e-22  4.26756e-08 -2.70228e-22  -5.3725e-09  3.03478e-22 -1.16779e-08 -2.47586e-22  8.67941e-09  1.03517e-22 -1.73835e-10  6.90333e-23  -2.7469e-09 -1.82466e-22  8.45974e-10  1.84142e-22  6.42233e-10 -9.93627e-23 -3.31101e-10  1.06196e-23 -1.50247e-10  1.44191e-23  8.90277e-11  2.12507e-23  4.01494e-11 -6.04825e-23 -1.78135e-11  5.85686e-23 -1.10945e-11  -2.2216e-23  2.02891e-12 -1.47204e-23  2.59232e-12  3.33805e-23  1.81584e-13 -3.74355e-23 -4.12133e-13  3.43583e-23 -1.38026e-13 -2.63088e-23  2.45941e-14  1.55158e-23   2.6943e-14 -6.55342e-24  5.00028e-15   1.9785e-24 -1.71227e-15 -5.82145e-25 -1.11043e-15   2.2583e-25 -1.84435e-16 -1.45424e-26  4.38812e-17  -8.0242e-26  2.98787e-17  6.16424e-26  6.22551e-18  -2.2626e-26  -8.9073e-20  5.63858e-27 -4.08924e-19 -1.63883e-27 -1.17536e-19  3.35213e-28 -1.44072e-20  1.30924e-28  9.11002e-22 -1.01364e-28  7.59421e-22  2.16283e-29  1.61031e-22  7.89293e-31  1.77656e-23 -1.50698e-30   3.4065e-25  1.88063e-32 -2.51382e-25  1.94979e-31 -5.07384e-26 -2.88356e-32 -5.41264e-27 -7.73071e-33 -3.33915e-28  1.87454e-33 -6.20262e-30  1.73412e-35  9.07398e-31  -3.4643e-35   9.7103e-32  2.38511e-36  4.64871e-33  1.11173e-37  1.15599e-34 -2.64005e-38  1.17685e-36 -2.33591e-40
 1.53693e-32  3.95941e-16 -4.55253e-31 -1.32669e-14  5.17919e-30  2.32844e-13 -3.38274e-29 -2.68936e-12  1.38441e-28  2.25538e-11 -3.34564e-28 -1.44954e-10  2.83835e-28  7.37959e-10  1.49805e-29 -3.03957e-09  1.48031e-26  1.02656e-08 -1.80065e-25 -2.86464e-08  1.22961e-24  6.62263e-08 -6.02842e-24 -1.26546e-07  2.28719e-23  1.98162e-07 -6.93261e-23 -2.49813e-07  1.70582e-22  2.44768e-07 -3.43252e-22 -1.72384e-07  5.64669e-22  6.77504e-08 -7.51029e-22  1.07207e-08  7.81719e-22 -3.15151e-08  -5.7912e-22   1.3379e-08   1.9149e-22  4.69204e-09  2.04006e-22 -5.92345e-09 -4.07944e-22  9.16397e-11  3.43677e-22  1.73732e-09 -1.18238e-22 -2.28365e-10 -6.54056e-23  -4.5741e-10    7.847e-23  5.89043e-11  3.64512e-23  1.15097e-10 -1.35418e-22 -2.90778e-12  1.28294e-22 -2.57595e-11  -4.6336e-23 -3.73849e-12 -2.95027e-23  4.30832e-12  6.16728e-23  1.66637e-12 -6.37653e-23 -3.27556e-13  5.50652e-23 -3.57493e-13 -4.06424e-23 -5.32855e-14  2.32174e-23  3.38716e-14 -9.33684e-24  1.74023e-14  2.57772e-24  1.51864e-15 -7.14887e-25 -1.40545e-15  3.14364e-25 -6.09421e-16 -3.91813e-26 -7.15623e-17 -9.91363e-26  2.67012e-17  7.87479e-26  1.38064e-17  -2.8059e-26  2.56902e-18  6.62878e-27 -2.36941e-20 -1.94182e-27 -1.39767e-19  3.96153e-28 -3.86794e-20  1.61922e-28 -5.01482e-21 -1.14942e-28  1.60291e-23  2.18304e-29  1.48412e-22  2.03678e-30  3.32691e-23 -2.21813e-30  3.99829e-24  7.85415e-32   2.2276e-25  2.47374e-31 -1.37262e-26 -3.69993e-32 -4.41101e-27 -8.44206e-33 -4.92458e-28  2.03588e-33 -3.22732e-29  2.60484e-35 -1.18458e-30 -3.37153e-35 -9.68071e-33  1.52967e-36   1.1317e-33  6.97779e-38  4.61298e-35 -1.21912e-38   4.7953e-37
-8.25028e-17  2.25462e-31   4.9465e-15 -3.72159e-30 -1.15985e-13  3.10631e-29   1.6435e-12 -1.57556e-28 -1.62397e-11  4.92846e-28  1.20198e-10 -7.88026e-28  -6.9492e-10  1.49805e-29  3.22246e-09 -4.71649e-27 -1.21914e-08  1.06625e-25  3.80271e-08 -9.19959e-25 -9.83143e-08  5.34054e-24  2.10797e-07 -2.35366e-23 -3.73072e-07  8.21172e-23  5.38656e-07  -2.3128e-22 -6.19934e-07  5.31402e-22  5.42664e-07 -1.00041e-21  -3.2203e-07  1.53896e-21  7.65685e-08 -1.90729e-21  6.28334e-08  1.83132e-21 -6.63231e-08 -1.21026e-21   1.1782e-08  2.61253e-22  1.73162e-08  5.63606e-22 -9.21899e-09  -8.6909e-22 -3.16193e-09  5.98941e-22  3.21736e-09  -7.3073e-23  5.83785e-10 -2.68332e-22 -8.83311e-10  2.14705e-22  -1.6486e-10   7.7807e-23  2.03472e-10 -2.89913e-22  6.00345e-11  2.61443e-22 -3.54641e-11 -8.84063e-23 -1.87371e-11 -5.60657e-23  2.90973e-12  1.06535e-22   4.0863e-12 -1.01128e-22  5.63408e-13  8.21173e-23 -4.90455e-13 -5.86328e-23 -2.26683e-13  3.25536e-23 -2.41734e-15 -1.24566e-23  2.77556e-14  3.11025e-24  9.21128e-15 -8.19995e-25  6.38157e-17  4.29812e-25 -8.67329e-16 -8.35626e-26 -2.88753e-16 -1.12977e-25 -2.49885e-17  9.44097e-26  1.24711e-17 -3.24205e-26  5.45617e-18  7.26136e-27  9.52917e-19 -2.26422e-27  1.01545e-20  4.77648e-28 -3.79681e-20  1.97009e-28 -1.04923e-20 -1.28665e-28 -1.43973e-21   2.1171e-29 -5.87726e-23  3.53992e-30  1.93403e-23 -3.01653e-30  4.99572e-24  1.43152e-31  6.32209e-25  2.93033e-31  4.58216e-26 -4.29424e-32  9.77513e-28 -8.54491e-33 -1.84662e-28  2.04515e-33 -2.43904e-29  2.71052e-35 -1.52368e-30 -2.91535e-35 -5.38328e-32  8.23972e-37 -9.41783e-34   3.1646e-38 -3.67268e-36 -3.86417e-39
-7.51866e-32 -1.39634e-15  2.18674e-30  4.78816e-14 -2.42711e-29 -8.60855e-13   1.5231e-28  1.01961e-11 -5.77448e-28 -8.77872e-11  1.15095e-27  5.79986e-10  1.31528e-28 -3.03957e-09 -4.71649e-27  1.29087e-08 -3.43333e-26 -4.50362e-08  5.36579e-25  1.30111e-07 -3.89213e-24 -3.12266e-07  2.02639e-23  6.21599e-07 -8.22495e-23 -1.01888e-06  2.67346e-22  1.35406e-06 -7.05044e-22 -1.41567e-06  1.51976e-21  1.09221e-06 -2.68384e-21 -5.18184e-07  3.86424e-21  1.35833e-08  -4.4567e-21  1.82577e-07  3.92457e-21 -1.10418e-07 -2.25877e-21 -1.09644e-08   1.4366e-22  4.06676e-08  1.41098e-21 -8.15853e-09 -1.73749e-21 -1.07025e-08  9.56762e-22  3.85134e-09  1.43271e-22  2.69894e-09  -7.1132e-22  -1.0677e-09  4.63613e-22 -7.19954e-10  1.80645e-22  1.97584e-10 -5.83867e-22  1.87978e-10  4.95467e-22 -1.24046e-11 -1.55339e-22 -4.04458e-11 -1.00351e-22 -6.57719e-12  1.71999e-22  5.59643e-12 -1.49403e-22  2.58967e-12  1.14132e-22 -1.31049e-13 -7.92306e-23 -4.12061e-13  4.28945e-23  -1.1054e-13 -1.55768e-23  1.52482e-14  3.45589e-24  1.73811e-14 -8.82448e-25  4.13168e-15  5.78129e-25  -2.6524e-16 -1.51122e-25  -4.3519e-16 -1.19373e-25  -1.2023e-16  1.06576e-25  -8.5268e-18 -3.47207e-26  4.61505e-18  7.35335e-27  1.83252e-18 -2.64678e-27  3.12105e-19  6.00267e-28   1.1706e-20   2.3826e-28 -7.79749e-21  -1.4485e-28 -2.26169e-21  2.03182e-29 -3.24954e-22  5.13481e-30 -2.23632e-23 -3.84815e-30  1.11472e-24  2.06652e-31  4.96686e-25  3.25362e-31  6.62151e-26 -4.58195e-32  5.14991e-27 -7.98365e-33  2.22281e-28   1.8985e-33  1.10156e-30  2.19331e-35 -4.80748e-31 -2.23064e-35 -2.86503e-32  3.51302e-37 -7.06078e-34  9.04053e-39 -5.51885e-36
 2.58788e-16 -1.00081e-30 -1.58838e-14  1.60644e-29  3.81642e-13 -1.27923e-28 -5.54714e-12  5.87674e-28   5.6287e-11  -1.3821e-27 -4.28342e-10 -5.06738e-28  2.54967e-09  1.48031e-26 -1.21914e-08 -3.43333e-26  4.76425e-08 -1.71535e-25 -1.53813e-07  2.22087e-24  4.12615e-07 -1.43546e-23 -9.20763e-07  6.88595e-23  1.70284e-06 -2.61211e-22  -2.5837e-06  7.97867e-22  3.15241e-06 -1.98074e-21 -2.97326e-06  4.01874e-21  1.98022e-06 -6.66907e-21  -6.7168e-07  8.98943e-21 -2.29134e-07 -9.62823e-21  3.98562e-07  7.71694e-21 -1.33863e-07  -3.7273e-21 -7.81825e-08 -5.70334e-22  7.09556e-08  3.19123e-21  6.32053e-09 -3.22978e-21 -2.26553e-08  1.36467e-21  7.80317e-10  7.23393e-22  6.22242e-09 -1.55895e-21 -1.93376e-10  8.67689e-22 -1.56791e-09  4.05721e-22 -1.05806e-10 -1.09959e-21  3.37784e-10  8.74698e-22  8.06616e-11 -2.52417e-22 -5.09812e-11  -1.6875e-22 -2.68932e-11  2.59567e-22  2.08493e-12 -2.05647e-22  4.97011e-12  1.48076e-22  1.13187e-12 -1.00608e-22 -3.54581e-13  5.32464e-23 -2.58834e-13 -1.82392e-23 -4.11986e-14  3.49027e-24  1.47883e-14 -8.97655e-25  8.97077e-15  7.62427e-25  1.61738e-15 -2.39932e-25 -2.01865e-16 -1.18005e-25 -1.82767e-16  1.13596e-25 -4.43372e-17 -3.40724e-26  -3.0375e-18  6.75728e-27  1.34418e-18 -3.13891e-27  5.14217e-19  7.87677e-28  8.74574e-20  2.86102e-28  5.54975e-21 -1.65322e-28 -1.08134e-21  2.00924e-29 -3.67976e-22   6.5701e-30 -5.48909e-23 -4.64558e-30 -4.61472e-24   2.6481e-31 -1.10865e-25  3.39457e-31  2.63755e-26 -4.53914e-32  4.14316e-27 -6.85836e-33  3.18372e-28  1.62245e-33  1.43835e-29  1.38196e-35  3.35273e-31 -1.49472e-35  8.47042e-34  1.03966e-37 -1.04843e-34  8.54969e-40
 3.11001e-31  3.99553e-15 -8.79968e-30 -1.40449e-13  9.33216e-29   2.5911e-12 -5.32087e-28 -3.15259e-11  1.51764e-27  2.79162e-10   6.5955e-28 -1.89933e-09 -2.50609e-26  1.02656e-08  1.06625e-25 -4.50362e-08 -1.71535e-25  1.62617e-07 -7.00203e-25 -4.87321e-07  7.96862e-24  1.21648e-06 -4.72722e-23 -2.52742e-06  2.12552e-22  4.34402e-06 -7.61367e-22  -6.0947e-06  2.19935e-21   6.8024e-06 -5.16048e-21 -5.73058e-06  9.87923e-21  3.18385e-06 -1.54241e-20 -5.44451e-07  1.94574e-20 -8.11097e-07 -1.92969e-20  7.00633e-07  1.39301e-20 -6.60833e-08 -5.28723e-21 -2.12406e-07 -2.67835e-21  8.85264e-08  6.55275e-21  4.61203e-08 -5.55217e-21 -3.40361e-08   1.6543e-21 -1.00692e-08  1.96771e-21  9.68109e-09 -3.02199e-21  2.81963e-09  1.45952e-21 -2.20808e-09  8.42761e-22 -9.08635e-10 -1.93523e-21  3.53641e-10  1.44186e-21   2.5541e-10  -3.8009e-22 -1.47129e-11 -2.66488e-22 -5.06294e-11  3.66112e-22 -1.08057e-11 -2.63606e-22   5.0682e-12  1.79668e-22  3.11852e-12 -1.20498e-22   2.7062e-13  6.23842e-23 -3.08561e-13  -1.9922e-23 -1.32044e-13  3.11351e-24 -1.08139e-14 -8.75728e-25  9.14407e-15  9.79186e-25  3.95252e-15 -3.40882e-25  5.71044e-16 -1.11018e-25  -9.3903e-17  1.14563e-25 -6.47523e-17 -2.98988e-26 -1.44269e-17  5.38004e-27 -1.09384e-18 -3.77659e-27  2.95727e-19  1.06033e-27  1.17166e-19  3.37385e-28  2.01416e-20 -1.90089e-28  1.68507e-21  2.12324e-29 -6.40349e-23  7.53848e-30 -4.16582e-23 -5.33335e-30 -6.53494e-24  3.15091e-31 -5.89707e-25  3.33169e-31 -2.88284e-26 -4.19853e-32  5.98616e-29 -5.39641e-33   1.2326e-28  1.26773e-33   9.4203e-30   6.1419e-36  3.54856e-31 -8.61082e-36  6.48896e-33  1.24951e-38  3.54391e-35
-6.60303e-16  3.78276e-30   4.1565e-14 -5.83116e-29 -1.02526e-12  4.27878e-28   1.5315e-11  -1.5508e-27 -1.59891e-10 -1.08705e-28  1.25349e-09  3.19463e-26 -7.69716e-09 -1.80065e-25  3.80271e-08  5.36579e-25 -1.53813e-07 -7.00203e-25   5.1505e-07 -2.46446e-24 -1.43656e-06  2.53687e-23  3.34327e-06 -1.40841e-22 -6.47374e-06  6.01367e-22  1.03406e-05 -2.05084e-21 -1.33924e-05  5.63133e-21   1.3604e-05 -1.25286e-20 -1.00878e-05  2.26746e-20  4.38848e-06 -3.33305e-20  3.18782e-07  3.93167e-20 -1.89327e-06 -3.59598e-20  9.78968e-07  2.30312e-20  2.07973e-07  -5.9525e-21 -4.10736e-07 -7.49559e-21  5.01887e-08  1.22904e-20  1.17989e-07 -8.79213e-21 -3.12551e-08  1.48196e-21 -3.14125e-08    4.285e-21  8.99042e-09 -5.33466e-21  8.46173e-09   2.2471e-21 -1.49756e-09  1.60598e-21  -2.1547e-09 -3.18826e-21 -2.35352e-11  2.22425e-21  4.40258e-10 -5.30242e-22  1.03809e-10 -3.95359e-22 -5.38397e-11  4.82184e-22 -3.22001e-11 -3.14217e-22 -8.63976e-13  2.04428e-22  4.42661e-12 -1.36762e-22  1.51277e-12  6.90509e-23 -5.66955e-14 -2.01264e-23  -1.8949e-13  2.28341e-24 -5.70177e-14 -8.42352e-25 -1.25757e-15  1.21488e-24  4.37317e-15 -4.37939e-25  1.51395e-15 -1.02471e-25   1.8805e-16  1.09505e-25 -3.16297e-17 -2.21038e-26 -1.92334e-17   3.1881e-27 -4.07485e-18 -4.55763e-27 -3.58796e-19  1.42773e-27  4.38314e-20  3.84679e-28  2.07638e-20 -2.16529e-28  3.63926e-21  2.41635e-29  3.51529e-22  7.74784e-30  9.36614e-24 -5.83546e-30 -2.75635e-24  3.55344e-31 -5.01731e-25  3.07582e-31 -4.56171e-26 -3.63331e-32 -2.47336e-27 -3.87505e-33 -6.71851e-29  8.96398e-34  4.33402e-31  9.60476e-37  9.00872e-32 -4.13116e-36  2.13649e-33 -4.19278e-39
-1.10887e-30 -9.32656e-15  3.03297e-29  3.36762e-13 -3.01417e-28 -6.38852e-12  1.44189e-27  8.00166e-11 -1.08677e-27 -7.30286e-10 -3.16444e-26  5.12792e-09  2.34819e-25 -2.86464e-08 -9.19959e-25  1.30111e-07  2.22087e-24 -4.87321e-07 -2.46446e-24  1.51823e-06 -7.64693e-24 -3.95075e-06  7.24575e-23   8.5859e-06 -3.82511e-22 -1.55061e-05  1.56902e-21  2.30076e-05 -5.13116e-21  -2.7438e-05   1.3452e-20  2.51862e-05 -2.84547e-20 -1.60713e-05  4.87614e-20  4.73857e-06 -6.75115e-20  2.59085e-06   7.4366e-20 -3.50688e-06 -6.23839e-20  9.56039e-07  3.46505e-20   8.1605e-07 -3.70102e-21 -6.05969e-07 -1.68763e-20 -1.06824e-07  2.11696e-20  2.08315e-07 -1.27714e-20  7.62777e-09  2.95325e-22 -5.95163e-08  8.15665e-21 -2.23029e-09 -8.71473e-21  1.51509e-08  3.20103e-21  2.04516e-09   2.8189e-21 -3.19592e-09 -4.92953e-21 -1.00598e-09  3.21656e-21  4.41705e-10 -6.83061e-22  2.96217e-10 -5.51222e-22  -1.8302e-12  5.91498e-22 -4.97084e-11 -3.47298e-22 -1.44711e-11   2.1916e-22  2.59119e-12 -1.47986e-22  2.72757e-12  7.21687e-23  5.81882e-13 -1.84805e-23 -1.06104e-13  1.04544e-24 -9.33231e-14 -8.35386e-25 -2.14616e-14  1.44491e-24  4.87648e-16 -5.10968e-25  1.70743e-15 -9.70483e-26  5.07403e-16  9.93749e-26  5.87681e-17 -1.11565e-26 -7.75125e-18   2.0242e-28 -4.69992e-18  -5.4241e-27 -9.71382e-19  1.88129e-27  -9.7679e-20  4.17484e-28  2.52285e-21 -2.39553e-28  2.67189e-21  2.88365e-29  4.87897e-22  7.01728e-30  5.02084e-23 -6.08584e-30  2.69601e-24  3.82332e-31 -3.87059e-26  2.66766e-31 -2.09517e-26 -2.93723e-32 -1.92298e-27 -2.53098e-33  -9.5448e-29   5.6532e-34 -2.60443e-30 -1.36737e-36 -2.97887e-32  -1.5552e-36  5.97816e-36
 1.37342e-15 -1.24111e-29 -8.88717e-14    1.821e-28  2.25574e-12 -1.18418e-27 -3.47106e-11  2.32008e-27  3.73741e-10  2.37951e-26 -3.02569e-09 -2.47558e-25  1.92133e-08  1.22961e-24 -9.83143e-08 -3.89213e-24  4.12615e-07  7.96862e-24 -1.43656e-06 -7.64693e-24  4.17624e-06 -2.10945e-23 -1.01609e-05   1.8642e-22  2.06486e-05 -9.50893e-22 -3.47963e-05  3.79114e-21  4.79152e-05 -1.19716e-20 -5.24311e-05  3.00856e-20  4.30505e-05 -6.06532e-20  -2.2761e-05   9.8544e-20  2.61462e-06 -1.28525e-19  6.99871e-06  1.31952e-19 -5.33696e-06 -1.00772e-19  1.60658e-07  4.67751e-20  1.81019e-06  4.81481e-21 -6.30158e-07 -3.30248e-20 -4.36921e-07  3.36293e-20  2.65923e-07 -1.69101e-20  1.03975e-07 -2.63759e-21 -7.85161e-08  1.40598e-20 -2.94882e-08 -1.33149e-20  1.79114e-08  4.24887e-21  9.14422e-09  4.58967e-21 -2.66693e-09 -7.17261e-21 -2.45985e-09  4.36472e-21 -3.66305e-12 -8.05998e-22  4.61536e-10 -7.21894e-22  1.24697e-10  6.72208e-22 -3.93141e-11 -3.54174e-22 -3.07525e-11  2.23356e-22 -4.24024e-12 -1.53862e-22  2.55418e-12  7.10018e-23  1.34113e-12 -1.48402e-23  1.76321e-13 -4.51534e-25 -7.02502e-14 -8.97572e-25 -3.86681e-14  1.63657e-24 -7.22531e-15 -5.40526e-25  3.53246e-16  -9.8598e-26   5.5258e-16  8.59073e-26  1.48086e-16  1.93937e-27  1.71325e-17 -3.50725e-27 -1.23716e-18  -6.2599e-27 -9.13864e-19  2.39024e-27 -1.88137e-19  4.25209e-28 -2.07326e-20 -2.52785e-28 -6.05093e-22  3.46946e-29  2.17387e-22  5.36284e-30   4.4976e-23 -6.04106e-30  4.70432e-24  3.91486e-31  2.92664e-25  2.16865e-31  8.27417e-27 -2.20673e-32 -2.54878e-28 -1.49889e-33  -3.4482e-29  3.11563e-34 -1.35819e-30 -1.66106e-36 -2.15667e-32 -3.97338e-37
 3.46329e-30  1.77477e-14 -9.13896e-29 -6.60016e-13  8.38519e-28  1.29092e-11 -2.95326e-27 -1.66894e-10 -1.21451e-26  1.57416e-09  2.12002e-25 -1.14387e-08 -1.34577e-24  6.62263e-08  5.34054e-24 -3.12266e-07 -1.43546e-23  1.21648e-06  2.53687e-23 -3.95075e-06 -2.10945e-23  1.07459e-05 -5.16675e-23 -2.44922e-05  4.31163e-22   4.6594e-05 -2.16655e-21 -7.32745e-05  8.50793e-21  9.34996e-05 -2.61268e-20 -9.34164e-05  6.31842e-20  6.75904e-05 -1.21675e-19 -2.75598e-05  1.87641e-19 -4.37294e-06 -2.30515e-19  1.39098e-05  2.20016e-19 -6.48098e-06 -1.51412e-19 -1.98174e-06  5.49132e-20  3.02498e-06  2.42554e-20 -2.15552e-07   -5.803e-20 -9.29397e-07  4.94278e-20  1.96454e-07 -2.01834e-20    2.587e-07 -8.11052e-21 -5.90288e-08  2.23621e-20 -7.10681e-08   -1.918e-20  8.79106e-09  5.27889e-21  1.80762e-08  6.98307e-21  1.04193e-09 -9.84697e-21  -3.6111e-09  5.55664e-21 -1.03809e-09 -8.56256e-22  4.02688e-10  -8.8614e-22  2.90624e-10  7.00097e-22   2.1526e-11 -3.30546e-22 -3.62534e-11  2.19926e-22 -1.45706e-11 -1.55168e-22 -2.79926e-13  6.52445e-23  1.56212e-12 -9.36025e-24   5.5402e-13 -1.96594e-24  4.04195e-14 -1.06717e-24 -3.28983e-14  1.75646e-24 -1.37748e-14 -5.13129e-25 -2.22118e-15  -1.0911e-25  1.15076e-16   7.1353e-26  1.47518e-16  1.57796e-26  3.70209e-17  -7.8172e-27  4.44034e-18 -6.90714e-27 -5.81824e-20  2.90258e-27 -1.33767e-19  4.00833e-28 -2.82069e-20 -2.50443e-28 -3.26516e-21  4.07861e-29 -1.87338e-22  3.03153e-30  6.37553e-24 -5.69287e-30   2.5051e-24  3.78461e-31  2.65286e-25  1.64723e-31  1.60314e-26 -1.52652e-32  5.53867e-28 -8.01657e-34   7.6318e-30  1.45645e-34 -1.04232e-31 -1.06292e-36 -2.90308e-33
-2.31862e-15  3.59549e-29  1.54704e-13 -5.01048e-28 -4.05307e-12  2.78442e-27  6.44445e-11  1.75072e-27  -7.1785e-10 -1.45188e-25  6.01979e-09  1.21987e-24 -3.96521e-08 -6.02842e-24  2.10797e-07  2.02639e-23 -9.20763e-07 -4.72722e-23  3.34327e-06  7.24575e-23 -1.01609e-05 -5.16675e-23  2.59215e-05   -1.109e-22 -5.54409e-05  8.87446e-22  9.88267e-05 -4.51744e-21 -0.000145003   1.7766e-20  0.000171076 -5.34701e-20 -0.000154994  1.24918e-19   9.6554e-05 -2.30273e-19 -2.55824e-05   3.3742e-19   -1.892e-05 -3.90323e-19  2.26703e-05  3.45214e-19 -5.32977e-06 -2.11016e-19 -5.87869e-06  5.15932e-20  3.93349e-06  6.00648e-20  9.25322e-07 -9.31572e-20 -1.43812e-06  6.73751e-20 -1.13604e-07 -2.12539e-20  4.26961e-07 -1.67762e-20  3.27932e-08  3.32204e-20 -1.10978e-07 -2.62248e-20 -1.94441e-08  6.15069e-21  2.34196e-08  9.99893e-21  8.53943e-09 -1.27847e-20 -3.07066e-09   6.6251e-21 -2.40777e-09 -7.87544e-22 -8.00386e-11 -1.01428e-21  3.84578e-10  6.53205e-22  1.29027e-10 -2.78633e-22 -1.47557e-11  2.14807e-22 -2.19302e-11 -1.53323e-22  -5.5153e-12    5.504e-23  5.61191e-13 -2.50822e-24  7.40313e-13 -3.20825e-24  1.98413e-13 -1.36943e-24  6.30256e-15  1.78094e-24 -1.21485e-14 -4.25223e-25 -4.24828e-15 -1.28471e-25 -6.27869e-16  5.81291e-26  2.02867e-17  2.87552e-26  3.18023e-17 -1.25298e-26  7.71005e-18 -7.19836e-27  9.64327e-19  3.35223e-27  3.05133e-20  3.43843e-28 -1.32513e-20 -2.29253e-28 -3.06967e-21  4.59972e-29 -3.61438e-22  4.56898e-31 -2.48827e-23  -5.0759e-30 -6.33056e-25   3.4179e-31   5.9535e-26  1.16428e-31   7.6016e-27  -9.5854e-33  4.01249e-28  -3.8401e-34  1.09229e-29  5.50841e-35  1.24539e-31 -4.10287e-37
-9.60084e-30 -2.73201e-14  2.45461e-28  1.05023e-12 -2.07399e-27 -2.12554e-11   4.2799e-27  2.84665e-10  7.51512e-26 -2.78478e-09  -9.1495e-25  2.10155e-08  5.67949e-24 -1.26546e-07 -2.35366e-23  6.21599e-07  6.88595e-23 -2.52742e-06 -1.40841e-22   8.5859e-06   1.8642e-22 -2.44922e-05   -1.109e-22   5.8736e-05 -2.00985e-22 -0.000118069  1.58424e-21  0.000197341  -8.5732e-21 -0.000269982   3.4549e-20  0.000293585 -1.02828e-19 -0.000238859  2.33002e-19  0.000123231 -4.12014e-19 -9.64865e-06  5.74199e-19 -4.28996e-05 -6.25155e-19  3.08713e-05  5.10233e-19   2.2247e-07 -2.71267e-19 -1.13277e-05  2.66566e-20   3.6051e-06  1.17321e-19  2.92058e-06  -1.3807e-19 -1.63957e-06    8.533e-20  -7.3249e-07 -1.88213e-20  5.03251e-07 -2.89054e-20  2.12968e-07  4.65201e-20 -1.16791e-07 -3.42398e-20 -6.64117e-08  6.70556e-21  1.68691e-08  1.35658e-20  1.78499e-08 -1.57279e-20  5.30908e-10  7.36581e-21 -3.30098e-09 -5.60543e-22  -1.0025e-09 -1.07071e-21   2.5337e-10  5.16881e-22  2.32401e-10  -2.0774e-22  3.90981e-11  2.15391e-22 -1.71158e-11 -1.49701e-22  -1.0373e-11   4.0965e-23 -1.68891e-12  4.99856e-24  4.28644e-13 -3.91564e-24  2.90511e-13 -1.81156e-24  6.30635e-14  1.70632e-24  5.09691e-16 -2.84526e-25 -3.64088e-15  -1.5486e-25 -1.12845e-15  4.83985e-26 -1.60708e-16  3.92635e-26 -6.27708e-20 -1.73471e-26  5.31317e-18 -6.99685e-27  1.28626e-18  3.67136e-27  1.65614e-19   2.6121e-28   9.8794e-21 -1.89744e-28  -6.3726e-22  4.93336e-29  -2.1953e-22 -1.85836e-30 -2.60907e-23 -4.26565e-30 -1.82192e-24  2.84974e-31 -7.18594e-26  7.61853e-32 -7.18637e-28 -5.34881e-33  7.04239e-29 -1.61308e-34  3.12998e-30  1.54779e-35  3.48221e-32
