 1.80531e-10  2.65266e-25 -4.79819e-09 -1.01579e-23  4.89306e-08  8.00161e-23  -2.9022e-07 -3.51092e-22  1.12032e-06  1.08545e-21 -2.86049e-06 -2.33679e-21  4.46251e-06  3.12032e-21 -2.86584e-06 -1.75053e-21 -1.82102e-06 -1.00077e-21  4.59548e-07  1.02721e-21  2.02556e-07
 2.65266e-25  6.88004e-09  6.94003e-24 -1.02645e-07 -1.18217e-22   7.8051e-07  6.16917e-22 -3.71002e-06 -2.11998e-21  1.16766e-05  5.50691e-21  -2.3708e-05 -1.01167e-20  2.60752e-05  1.15447e-20 -2.96671e-06 -5.87769e-21 -1.41233e-05  -2.7992e-21 -4.01306e-06  8.73116e-22
-4.79819e-09  6.94003e-24  1.27701e-07  5.52502e-23 -1.30382e-06 -4.62891e-22  7.74021e-06  1.35692e-21 -2.98883e-05 -3.35311e-21  7.62367e-05  8.03617e-21 -0.000118359 -1.47912e-20  7.39494e-05  1.85127e-20  5.20835e-05 -1.18088e-20 -1.01702e-05 -5.15138e-21 -5.22027e-06
-1.01579e-23 -1.02645e-07  5.52502e-23  1.53326e-06  1.37847e-22 -1.16706e-05  3.03993e-22  5.55078e-05  -4.8161e-21 -0.000174662  1.36276e-20  0.000353817 -1.84407e-20 -0.000385296   8.5225e-21  3.33623e-05  1.81916e-20  0.000214567 -1.82134e-20  6.45252e-05 -2.29224e-21
 4.89306e-08 -1.18217e-22 -1.30382e-06  1.37847e-22  1.33258e-05 -4.86668e-22  -7.9171e-05  9.89626e-21  0.000305796 -3.98698e-20 -0.000779313  8.20671e-20   0.00120476 -1.03953e-19 -0.000734207  6.44018e-20 -0.000564162  3.20397e-20   8.5418e-05 -1.24958e-20   5.1807e-05
 8.00161e-23   7.8051e-07 -4.62891e-22 -1.16706e-05 -4.86668e-22  8.89053e-05 -5.08928e-21 -0.000423067   4.4841e-20   0.00133102 -1.25865e-19  -0.00269137  2.09097e-19   0.00290734 -2.50145e-19 -0.000186335  1.39933e-19   -0.0016598  9.78494e-20 -0.000521694 -1.71221e-20
 -2.9022e-07  6.16917e-22  7.74021e-06  3.03993e-22  -7.9171e-05 -5.08928e-21  0.000470647 -1.95865e-20  -0.00181826  1.09282e-19   0.00463102 -2.28409e-19  -0.00713775  3.58331e-19    0.0042714 -4.61716e-19   0.00348933  1.77986e-19 -0.000439859  1.50529e-19 -0.000305265
-3.51092e-22 -3.71002e-06  1.35692e-21  5.55078e-05  9.89626e-21 -0.000423067 -1.95865e-20    0.0020139  -4.1787e-20  -0.00633607  1.49336e-19    0.0128019 -2.50007e-19   -0.0137763  5.81472e-19  0.000718244 -7.82408e-19   0.00804304 -4.51191e-20   0.00259391  1.86671e-19
 1.12032e-06 -2.11998e-21 -2.98883e-05  -4.8161e-21  0.000305796   4.4841e-20  -0.00181826  -4.1787e-20   0.00702559 -4.64927e-20   -0.0178943  7.31035e-20    0.0275724 -2.88622e-19    -0.016458  1.09506e-18      -0.0136 -8.96367e-19   0.00182911  -3.2104e-19    0.0012393
 1.08545e-21  1.16766e-05 -3.35311e-21 -0.000174662 -3.98698e-20   0.00133102  1.09282e-19  -0.00633607 -4.64927e-20    0.0199433 -8.44695e-22   -0.0403597  -6.6539e-20    0.0436822 -8.45136e-19  -0.00279489  1.94131e-18   -0.0260432 -1.07317e-19  -0.00832792 -5.00847e-19
-2.86049e-06  5.50691e-21  7.62367e-05  1.36276e-20 -0.000779313 -1.25865e-19   0.00463102  1.49336e-19   -0.0178943 -8.44695e-22    0.0456479  8.78929e-20    -0.070768  2.02863e-19    0.0437094 -2.14493e-18    0.0325578  2.07883e-18  -0.00747822  6.65766e-19     -0.00378
-2.33679e-21  -2.3708e-05  8.03617e-21  0.000353817  8.20671e-20  -0.00269137 -2.28409e-19    0.0128019  7.31035e-20   -0.0403597  8.78929e-20    0.0823113   8.2175e-20   -0.0917658  1.45479e-18    0.0122682 -3.44594e-18    0.0558054  4.56585e-19     0.016258  7.54284e-19
 4.46251e-06 -1.01167e-20 -0.000118359 -1.84407e-20   0.00120476  2.09097e-19  -0.00713775 -2.50007e-19    0.0275724  -6.6539e-20    -0.070768   8.2175e-20     0.112474 -4.24984e-19   -0.0789572  3.34176e-18    -0.035976 -2.82799e-18    0.0275956 -6.88914e-19    0.0090325
 3.12032e-21  2.60752e-05 -1.47912e-20 -0.000385296 -1.03953e-19   0.00290734  3.58331e-19   -0.0137763 -2.88622e-19    0.0436822  2.02863e-19   -0.0917658 -4.24984e-19     0.113767 -1.69823e-18   -0.0427114  4.86528e-18   -0.0688528  8.91684e-20   -0.0122385  4.30497e-19
-2.86584e-06  1.15447e-20  7.39494e-05   8.5225e-21 -0.000734207 -2.50145e-19    0.0042714  5.81472e-19    -0.016458 -8.45136e-19    0.0437094  1.45479e-18   -0.0789572 -1.69823e-18    0.0874279  -2.6902e-18   -0.0286824  4.81923e-18    -0.069407  1.63819e-18   -0.0154074
-1.75053e-21 -2.96671e-06  1.85127e-20  3.33623e-05  6.44018e-20 -0.000186335 -4.61716e-19  0.000718244  1.09506e-18  -0.00279489 -2.14493e-18    0.0122682  3.34176e-18   -0.0427114  -2.6902e-18    0.0791177 -2.49192e-18   0.00532852   2.7665e-18   -0.0252307 -1.38641e-18
-1.82102e-06 -5.87769e-21  5.20835e-05  1.81916e-20 -0.000564162  1.39933e-19   0.00348933 -7.82408e-19      -0.0136  1.94131e-18    0.0325578 -3.44594e-18    -0.035976  4.86528e-18   -0.0286824 -2.49192e-18     0.105307 -2.31399e-18    0.0642638  4.92588e-19     0.007935
-1.00077e-21 -1.41233e-05 -1.18088e-20  0.000214567  3.20397e-20   -0.0016598  1.77986e-19   0.00804304 -8.96367e-19   -0.0260432  2.07883e-18    0.0558054 -2.82799e-18   -0.0688528  4.81923e-18   0.00532852 -2.31399e-18     0.146667 -2.17389e-18    0.0759163 -3.35852e-18
 4.59548e-07  -2.7992e-21 -1.01702e-05 -1.82134e-20   8.5418e-05  9.78494e-20 -0.000439859 -4.51191e-20   0.00182911 -1.07317e-19  -0.00747822  4.56585e-19    0.0275956  8.91684e-20    -0.069407   2.7665e-18    0.0642638 -2.17389e-18     0.128879 -1.21003e-18     0.033828
 1.02721e-21 -4.01306e-06 -5.15138e-21  6.45252e-05 -1.24958e-20 -0.000521694  1.50529e-19   0.00259391  -3.2104e-19  -0.00832792  6.65766e-19     0.016258 -6.88914e-19   -0.0122385  1.63819e-18   -0.0252307  4.92588e-19    0.0759163 -1.21003e-18      0.05836 -1.56135e-18
 2.02556e-07  8.73116e-22 -5.22027e-06 -2.29224e-21   5.1807e-05 -1.71221e-20 -0.000305265  1.86671e-19    0.0012393 -5.00847e-19     -0.00378  7.54284e-19    0.0090325  4.30497e-19   -0.0154074 -1.38641e-18     0.007935 -3.35852e-18     0.033828 -1.56135e-18    0.0104833
