 1.40969e-13  2.22198e-28 -3.47446e-12 -9.73936e-27  3.20371e-11  1.19655e-25 -1.69323e-10  -7.7657e-25  5.84985e-10  3.17635e-24 -1.39485e-09 -8.80165e-24  2.32919e-09  1.69504e-23 -2.66247e-09 -2.26091e-23  1.89608e-09  2.10611e-23 -5.46329e-10 -1.87484e-23 -2.93722e-10  3.46279e-23  2.63882e-10 -8.07631e-23  2.86847e-11  1.41869e-22 -7.63229e-11 -1.83378e-22 -7.55989e-12  1.80872e-22  1.92745e-11 -1.36731e-22  4.72126e-12  7.33694e-23 -3.68485e-12 -1.84755e-23 -2.03253e-12 -9.19983e-24  2.14815e-13  1.00065e-23   5.0375e-13  4.90221e-25  1.39779e-13 -7.63071e-24 -4.30083e-14  7.82425e-24 -4.34347e-14 -4.81025e-24 -1.11144e-14  2.15833e-24   2.2698e-15 -7.92469e-25  2.77041e-15  2.62648e-25  9.44191e-16 -7.29236e-26  5.60307e-17  1.15851e-26 -9.67982e-17 -4.75762e-27 -5.23471e-17  7.46448e-27 -1.34902e-17 -3.29322e-27 -7.15955e-19 -1.42272e-27  1.00018e-18  2.08934e-27  5.17887e-19 -1.00926e-27  1.45779e-19  2.99096e-28  2.32058e-20 -5.22916e-29 -5.26251e-22 -1.43947e-29 -1.72134e-21  1.58079e-29 -6.54316e-22 -5.93171e-30 -1.59333e-22  1.12378e-30 -2.72889e-23  2.58187e-31 -2.75251e-24 -2.04352e-31  1.28119e-25  1.31651e-32  1.36517e-25  6.10534e-33  3.78393e-26  2.83035e-34  7.26023e-27  5.67691e-34  1.08383e-27 -4.80966e-34  1.27836e-28  5.10316e-35  1.13105e-29  3.08361e-35  5.75193e-31  -4.1254e-36 -2.60966e-32  4.63543e-38 -1.08644e-32  2.92692e-37 -1.59835e-33  1.85929e-38 -1.65346e-34 -1.70128e-39 -1.33332e-35  8.41642e-40  -8.6068e-37    1.052e-40 -4.44111e-38 -2.64902e-41  -1.8037e-39 -1.83082e-42 -5.60688e-41  3.32994e-43 -1.28493e-42  2.57569e-44 -1.91768e-44  1.93699e-47 -1.70481e-46 -1.47808e-47
 2.22198e-28  5.06873e-12    5.951e-27 -7.06568e-11 -1.80848e-25  4.92578e-10  1.77264e-24 -2.13731e-09 -9.69141e-24  6.28364e-09  3.42669e-23 -1.29473e-08 -8.29412e-23  1.86884e-08  1.39102e-22 -1.80894e-08 -1.58225e-22  1.00387e-08  1.21682e-22 -8.27337e-10 -1.06882e-22 -2.68085e-09   2.4935e-22  1.04637e-09 -5.82856e-22  5.91975e-10  9.51909e-22 -3.29723e-10 -1.13585e-21 -1.67744e-10  1.03566e-21  6.86684e-11 -7.17322e-22  5.33966e-11  3.34229e-22 -4.67848e-12 -4.22618e-23 -1.35868e-11  -7.5416e-23 -3.17446e-12  5.23561e-23  1.77946e-12   1.0061e-23  1.30525e-12 -4.11413e-23  1.77799e-13  3.64906e-23 -1.63942e-13  -2.0379e-23 -1.02114e-13  8.43979e-24 -1.88913e-14 -2.85633e-24  7.14795e-15  8.86373e-25  6.07787e-15 -2.41425e-25   1.8743e-15  3.34691e-26  1.03332e-16 -1.45142e-26 -1.76226e-16  3.16024e-26 -9.41475e-17 -1.71712e-26  -2.5392e-17 -3.59959e-27 -2.56294e-18  7.76339e-27  1.10653e-18 -3.61438e-27  6.98926e-19  8.97366e-28  2.18048e-19  -1.5426e-28   4.3343e-20 -2.48538e-29  3.94529e-21  4.63701e-29 -9.20253e-22 -2.13678e-29 -5.52656e-22  4.07173e-30 -1.58545e-22  1.17317e-30 -3.22507e-23 -6.72675e-31 -4.83169e-24 -5.77887e-33 -4.63215e-25   1.5513e-32  2.01115e-27  7.81733e-33   1.2383e-26  7.36682e-34  3.23407e-27 -1.75779e-33  5.62513e-28  2.22762e-34  7.62147e-29  1.10938e-34  8.35951e-30 -7.29974e-36   7.4091e-31  3.52591e-37   5.0969e-32  7.96593e-37   2.3593e-33  4.76474e-38  1.90304e-35  8.50976e-40 -9.04205e-36  3.95709e-39 -1.05172e-36  2.98256e-40 -7.28241e-38 -8.01135e-41  -3.5687e-39  -4.8838e-42 -1.26657e-40  6.98171e-43 -3.05928e-42  4.96746e-44 -4.44693e-44  1.56055e-46 -2.70881e-46
-3.47446e-12    5.951e-27  8.93961e-11  9.04678e-26 -8.62934e-10 -2.08744e-24  4.79126e-09  1.68882e-23  -1.7468e-08 -7.91351e-23  4.42272e-08  2.44191e-22 -7.91598e-08 -5.18419e-22   9.8607e-08  7.55265e-22 -7.95429e-08 -7.20049e-22  3.13815e-08  4.36448e-22  6.92076e-09 -4.22933e-22 -1.23361e-08  1.27113e-21  1.07822e-09 -2.87258e-21  3.40645e-09  4.33215e-21  -4.1648e-10 -4.77657e-21 -9.37913e-10  4.03645e-21 -7.41731e-12  -2.5575e-21   2.3282e-10  1.00302e-21  5.71494e-11   4.1859e-23 -3.73648e-11 -3.51935e-22 -2.46076e-11  1.75613e-22  -8.7662e-13  6.26684e-23  4.59735e-12 -1.47617e-22  2.03431e-12  1.14577e-22   3.2828e-14 -5.86661e-23  -3.3451e-13  2.25814e-23 -1.56859e-13 -6.96096e-24 -2.13249e-14  1.98712e-24  1.25785e-14 -5.51637e-25  8.81229e-15  6.29969e-26  2.57837e-15 -2.10699e-26  1.77499e-16  9.10732e-26 -1.99757e-16 -6.04825e-26 -1.10698e-16 -4.36272e-27 -3.17595e-17  2.06041e-26 -4.62783e-18  -8.9205e-27  5.06416e-19  1.64305e-27  5.55606e-19 -3.34325e-28  1.97235e-19  3.13117e-29  4.56647e-20  9.49233e-29  6.88917e-21 -5.61937e-29  3.06998e-22  9.93404e-30 -1.97539e-22  3.59279e-30 -7.99545e-23 -1.46002e-30 -1.90718e-23 -1.53964e-31 -3.39047e-24  2.84713e-32 -4.64529e-25  3.33119e-32 -4.59887e-26 -1.04084e-33 -2.13303e-27 -4.47507e-33  3.14472e-28  6.27537e-34  1.02515e-28  2.91497e-34  1.69229e-29 -4.14435e-37  2.06593e-30  1.94594e-36  2.01478e-31  1.44371e-36  1.60237e-32  5.59166e-38  1.03657e-33  1.54956e-38  5.34243e-35  1.10926e-38  2.09313e-36  5.82231e-40  5.57545e-38 -1.62173e-40  6.16399e-40 -8.97137e-42 -2.11827e-41  9.76894e-43 -1.06381e-42   6.1471e-44 -1.62665e-44  1.97843e-46
-9.73936e-27 -7.06568e-11  9.04678e-26  1.03097e-09  9.55945e-25 -7.54679e-09 -1.76485e-23  3.45187e-08    1.207e-22 -1.07536e-07 -4.91121e-22  2.36526e-07  1.33211e-21 -3.68754e-07 -2.48586e-21   3.9433e-07  3.12665e-21 -2.57679e-07 -2.42083e-21  5.59003e-08  1.03747e-21  5.25653e-08 -1.39327e-21 -3.53754e-08  5.23154e-21 -8.10524e-09 -1.11127e-20  1.10111e-08   1.5424e-20  2.19549e-09 -1.57516e-20 -2.79788e-09  1.23769e-20 -9.70698e-10 -7.15181e-21  5.00649e-10  2.23253e-21  3.58919e-10   6.6861e-22 -8.32113e-12 -1.18574e-21 -8.14319e-11  4.33876e-22 -2.79897e-11   2.4915e-22  5.25829e-12 -4.08106e-22  7.47559e-12  2.79817e-22  2.28541e-12 -1.32926e-22 -2.49681e-13  4.79095e-23 -4.80889e-13 -1.31242e-23  -1.8631e-13  3.34314e-24 -1.95392e-14 -1.03098e-24  1.55148e-14  7.89456e-26  9.78596e-15   2.1826e-26  2.82628e-15  2.06686e-25  2.71213e-16 -1.68574e-25 -1.56219e-16  1.64555e-27 -9.61117e-17  4.57496e-26 -2.96696e-17 -1.72828e-26 -5.46581e-18  1.65071e-27 -2.10974e-19 -6.81833e-28  2.67191e-19  3.07677e-28  1.18841e-19  1.65958e-28  3.14226e-20 -1.22776e-28  5.90166e-21  1.81788e-29  7.36252e-22  8.68034e-30  2.23671e-23 -2.40748e-30  -1.7784e-23 -5.95199e-31 -6.05131e-24  5.10879e-32 -1.26159e-24  9.02351e-32 -2.00179e-25  -7.2017e-33  -2.5299e-26 -9.22168e-33 -2.51692e-27  1.34967e-33 -1.80375e-28  6.30782e-34 -5.55357e-30  3.52893e-35  7.77112e-31  7.09598e-36   1.6984e-31  1.91367e-36  1.95256e-32 -2.37706e-38  1.63474e-33  4.94402e-38  1.06323e-34   2.2711e-38  5.42316e-36  8.89443e-40   2.1339e-37 -2.54785e-40  6.23827e-39 -1.27143e-41  1.24492e-40  1.05245e-42  1.47104e-42  5.31119e-44   6.5914e-45
 3.20371e-11 -1.80848e-25 -8.62934e-10  9.55945e-25  8.74506e-09  7.69051e-24  -5.1153e-08 -1.17558e-22  1.97348e-07   6.9173e-22 -5.31945e-07 -2.46893e-21  1.02269e-06   5.9177e-21 -1.38919e-06 -9.70793e-21  1.26225e-06  1.04229e-20 -6.33458e-07 -6.15909e-21 -5.31258e-09  1.24981e-21  2.02586e-07 -4.22549e-21 -5.93881e-08  1.82171e-20 -4.99973e-08 -3.56846e-20  2.06034e-08  4.55481e-20  1.43694e-08 -4.32431e-20 -4.14423e-09    3.172e-20 -4.39587e-09 -1.66258e-20  6.69642e-11   3.6832e-21  1.06683e-09  2.91754e-21  3.14687e-10 -3.16503e-21 -1.24294e-10  8.17247e-22 -1.12082e-10  7.46168e-22 -2.02638e-11 -9.22757e-22  1.25279e-11  5.64007e-22  9.10156e-12 -2.52626e-22  2.00611e-12  8.58231e-23 -5.16642e-13 -1.99104e-23 -5.41944e-13  4.29474e-24 -1.84569e-13 -1.76432e-24 -1.68646e-14  2.05669e-26  1.45336e-14  2.46988e-25  8.78885e-15  3.95273e-25  2.58242e-15 -3.98254e-25  3.35439e-16  2.00652e-26 -7.99563e-17  9.11912e-26 -6.32099e-17 -2.70963e-26 -2.13314e-17 -1.02006e-27 -4.61897e-18  -1.5052e-27 -5.45722e-19  1.04422e-27  4.74569e-20  2.86582e-28   4.5916e-20 -2.31696e-28  1.44929e-20  2.54117e-29  3.14297e-21  1.76407e-29  5.09133e-22 -3.23202e-30  5.80858e-23 -1.51702e-30   2.7569e-24  1.09692e-31 -6.69178e-25  1.92187e-31 -2.33333e-25 -1.96189e-32 -4.42963e-26 -1.63626e-32 -6.30113e-27  2.35576e-33 -7.19522e-28  1.17136e-33 -6.69589e-29  1.25227e-34  -5.0101e-30  1.89253e-35 -2.86088e-31  1.71974e-36 -1.04498e-32 -2.62721e-37   6.2923e-36  1.02656e-37  3.43511e-35  3.68954e-38  2.89684e-36  1.09016e-39  1.44605e-37 -3.30279e-40  4.78015e-39  -1.4333e-41  9.94377e-41  9.13501e-43  1.09444e-42  2.93415e-44
 1.19655e-25  4.92578e-10 -2.08744e-24 -7.54679e-09  7.69051e-24  5.81874e-08  4.96498e-23 -2.81423e-07 -6.43767e-22  9.31753e-07   3.3034e-21 -2.19358e-06 -1.04247e-20  3.70085e-06  2.21618e-20  -4.3691e-06 -3.18923e-20    3.313e-06  2.86616e-20 -1.13567e-06 -1.11493e-20 -4.29968e-07 -2.13144e-21  5.32928e-07 -1.24152e-20 -5.49024e-09  5.49033e-20 -1.58548e-07 -9.80456e-20  7.94404e-09   1.1523e-19  4.46263e-08 -1.02227e-19  3.15061e-09  7.03336e-20 -1.09775e-08 -3.31395e-20 -3.36647e-09  3.78152e-21  1.66478e-09  8.81502e-21  1.30211e-09 -7.01348e-21  1.01401e-10  1.12821e-21 -2.30554e-10  1.80662e-21 -1.14195e-10 -1.76085e-21 -5.93826e-12  9.69911e-22  1.75194e-11 -4.18746e-22  9.00306e-12  1.34459e-22  1.45324e-12  -2.3965e-23 -6.39151e-13  3.96211e-24 -5.05265e-13 -3.07321e-24  -1.5899e-13 -2.61976e-25 -1.50792e-14  9.35159e-25  1.05988e-14  6.71516e-25  6.51408e-15 -8.29263e-25  1.98953e-15  4.81268e-26  3.27442e-16   1.6916e-25 -1.54272e-17 -3.31739e-26 -3.06901e-17 -9.30632e-27 -1.17713e-17 -3.54228e-27 -2.88742e-18  2.48343e-27 -4.77771e-19  5.27606e-28 -3.61524e-20 -3.81775e-28  8.15097e-21  2.65049e-29  4.19818e-21  3.13016e-29  1.07561e-21 -3.86174e-30  2.00864e-22  -3.0763e-30  2.91393e-23  2.62443e-31   3.2101e-24  3.53697e-31  2.26031e-25 -3.70424e-32 -2.07578e-27 -2.57962e-32 -3.73824e-27   3.4036e-33 -7.18417e-28   1.9074e-33 -9.25156e-29  2.92663e-34 -9.24258e-30  3.97688e-35 -7.44484e-31  4.01298e-37 -4.86561e-32 -6.83789e-37 -2.55037e-33  1.65528e-37 -1.04123e-34  4.96245e-38  -3.1344e-36  1.03802e-39 -6.18255e-38  -3.6469e-40 -5.70858e-40 -1.28859e-41  3.69096e-42   6.2744e-43  1.02253e-43
-1.69323e-10  1.77264e-24  4.79126e-09 -1.76485e-23  -5.1153e-08  4.96498e-23  3.16308e-07  2.66256e-22 -1.29569e-06 -2.98143e-21  3.72993e-06  1.34839e-20 -7.72359e-06 -3.78574e-20  1.14567e-05  7.15433e-20 -1.16851e-05 -8.98719e-20  7.16385e-06  6.53172e-20 -1.14763e-06 -9.18785e-21 -1.75981e-06 -1.78266e-20  9.88752e-07 -3.53495e-20  3.26892e-07  1.45176e-19 -3.31879e-07 -2.34944e-19 -9.04718e-08  2.54983e-19  8.65835e-08 -2.12852e-19  3.63597e-08  1.38107e-19 -1.51716e-08 -5.76449e-20 -1.28291e-08 -1.13217e-21 -1.85046e-10  2.13313e-20  2.85102e-09 -1.32376e-20  1.08464e-09  8.62716e-22 -1.59936e-10  3.67117e-21 -2.78813e-10 -2.88709e-21 -9.19154e-11  1.45556e-21  7.34756e-12 -6.23422e-22  1.85651e-11  1.87999e-22   7.6053e-12 -2.02036e-23  9.23218e-13  1.95857e-24 -5.92235e-13 -5.77735e-24 -4.01073e-13 -1.09885e-24 -1.21586e-13  2.55923e-24 -1.36633e-14  1.07329e-24  5.90835e-15 -1.55963e-24  3.98445e-15  6.06114e-26  1.28616e-15  2.96188e-25  2.52498e-16 -2.53733e-26  1.59573e-17  -2.6354e-26 -9.76192e-18 -8.10073e-27 -4.82867e-18  4.69921e-27 -1.33758e-18  9.99488e-28 -2.63456e-19 -5.48079e-28 -3.60575e-20  2.01582e-29 -2.17263e-21  4.99876e-29  5.06162e-22 -4.88156e-30  2.14806e-22 -5.37717e-30  4.76483e-23  5.94931e-31  7.84145e-24  5.94207e-31  1.02646e-24 -5.23238e-32  1.07612e-25 -3.67386e-32  8.66676e-27  4.02302e-33  4.50627e-28  2.76596e-33  -1.4495e-30  5.45561e-34 -3.54455e-30  6.89822e-35   -4.786e-31 -2.21793e-36 -4.16182e-32 -1.21974e-36 -2.69277e-33  2.22932e-37 -1.33156e-34  5.65474e-38 -4.96051e-36  6.62042e-40 -1.32956e-37 -3.48001e-40 -2.33112e-39 -9.07001e-42 -2.08894e-41  2.99312e-43
 -7.7657e-25 -2.13731e-09  1.68882e-23  3.45187e-08 -1.17558e-22 -2.81423e-07  2.66256e-22  1.44472e-06   1.2154e-21 -5.10227e-06 -1.19175e-20  1.29005e-05  4.79106e-20 -2.36149e-05 -1.20258e-19   3.0791e-05  2.02196e-19 -2.68383e-05 -2.19816e-19  1.25262e-05  1.20975e-19  1.04914e-06  2.70266e-20 -4.61802e-06 -6.28282e-20  1.09839e-06 -9.49203e-20  1.23322e-06  3.40013e-19 -4.27043e-07 -4.97466e-19 -3.63813e-07  5.00884e-19  8.66359e-08 -3.97051e-19  1.11722e-07    2.444e-19  1.68167e-09  -8.8244e-20 -2.72626e-08 -1.72889e-20  -8.8134e-09  4.37522e-20  3.12859e-09 -2.15617e-20  3.07982e-09 -7.86501e-22  6.00521e-10  6.39655e-21 -3.43344e-10 -4.10641e-21 -2.62527e-10   1.9428e-21 -6.04226e-11 -8.54294e-22  1.46173e-11  2.36244e-22   1.6212e-11 -2.74942e-24  5.67966e-12 -4.98598e-25  5.62386e-13 -1.14319e-23 -4.38235e-13 -3.13483e-24 -2.74624e-13  5.76902e-24 -8.29315e-14  1.71808e-24 -1.15048e-14 -2.69138e-24  2.27423e-15 -4.37064e-27  1.97492e-15  4.89696e-25  6.87382e-16  1.15681e-26  1.54048e-16 -5.39605e-26  1.99206e-17 -1.69418e-26 -8.59974e-19  7.39401e-27 -1.33747e-18  1.79906e-27 -4.45288e-19 -6.75856e-28 -9.96683e-20  1.79264e-29 -1.67486e-20   7.4198e-29 -2.05697e-21 -7.70911e-30 -1.39888e-22 -8.49423e-30  1.08623e-23  1.19144e-30  5.66587e-24  9.40329e-31  1.15561e-24  -5.1489e-32  1.69187e-25 -4.77162e-32  1.96501e-26  3.62795e-33  1.85931e-27  3.62027e-33  1.43027e-28  8.65363e-34  8.70713e-30  1.01749e-34  3.89285e-31 -5.83251e-36  9.69441e-33 -1.71588e-36 -1.80608e-34  2.61688e-37 -3.27602e-35  5.51788e-38 -1.76264e-36  4.85713e-41 -5.47235e-38 -2.86426e-40 -9.52062e-40 -4.74938e-42 -5.98803e-42
 5.84985e-10 -9.69141e-24  -1.7468e-08    1.207e-22  1.97348e-07 -6.43767e-22 -1.29569e-06   1.2154e-21  5.65925e-06  4.80966e-21  -1.7469e-05 -4.17557e-20  3.90987e-05  1.50256e-19  -6.3482e-05 -3.38445e-19  7.25645e-05   5.0596e-19 -5.30582e-05 -4.69395e-19   1.6447e-05  1.68273e-19   8.5426e-06  1.60617e-19 -8.99146e-06 -1.61185e-19  -3.1815e-07 -2.34184e-19   2.8585e-06  7.10404e-19 -4.73203e-08 -9.39412e-19 -8.35146e-07  8.83458e-19 -7.99613e-08 -6.73024e-19  2.11315e-07   3.9533e-19  6.97313e-08 -1.18724e-19 -3.28565e-08 -5.30016e-20  -2.7084e-08   7.8297e-20 -2.24658e-09 -3.03875e-20  4.95119e-09 -4.69225e-21  2.49978e-09  9.66641e-21  1.26208e-10 -5.08116e-21 -3.99485e-10  2.35375e-21 -2.06701e-10 -1.09962e-21 -3.31415e-11  2.63973e-22  1.54356e-11  3.37229e-23   1.2148e-11  5.38185e-25  3.84029e-12 -2.23875e-23  3.62129e-13 -7.48808e-24 -2.63115e-13  1.12828e-23 -1.62368e-13  2.87709e-24 -5.00724e-14 -4.30344e-24 -8.41899e-15 -2.51019e-25  3.13992e-16  7.60019e-25  7.57093e-16  9.59999e-26  2.96093e-16 -9.06859e-26   7.3907e-17 -3.17689e-26  1.26193e-17  9.77129e-27  1.09761e-18  2.90884e-27 -1.58538e-19 -6.89163e-28 -9.61473e-20  5.17394e-29 -2.54885e-20  1.06144e-28 -4.85705e-21 -1.41404e-29 -7.21037e-22  -1.2495e-29 -8.29608e-23  2.09072e-30 -6.67484e-24  1.42035e-30 -1.72927e-25 -1.67886e-32  5.55109e-26 -5.69708e-32  1.27001e-26  1.74758e-33   1.7009e-27  4.33206e-33   1.7104e-28  1.20494e-33  1.36738e-29  1.30124e-34  8.80006e-31 -9.63926e-36  4.52318e-32 -1.98601e-36  1.81126e-33  2.75784e-37  5.39939e-35  4.61227e-38  1.10101e-36 -5.67547e-40  1.28015e-38 -1.98782e-40  4.71905e-41 -1.60576e-42
 3.17635e-24  6.28364e-09 -7.91351e-23 -1.07536e-07   6.9173e-22  9.31753e-07 -2.98143e-21 -5.10227e-06  4.80966e-21  1.93124e-05  1.67367e-20 -5.26705e-05 -1.29813e-19  0.000104993  4.20515e-19 -0.000151455 -8.52335e-19  0.000150897  1.13043e-18 -8.96188e-05 -8.74861e-19  1.12694e-05  1.16069e-19  2.49156e-05  5.04874e-19 -1.29586e-05  -3.3382e-19 -5.05045e-06 -5.23282e-19  4.68313e-06  1.33127e-18  1.42179e-06 -1.59249e-18 -1.28559e-06  1.41244e-18 -5.69713e-07    -1.05e-18  2.37131e-07   5.9138e-19  2.06424e-07  -1.3795e-19  1.95363e-09 -1.16781e-19 -4.81943e-08  1.24273e-19 -1.81909e-08 -3.66684e-20  3.09666e-09  -1.1321e-20  4.99828e-09  1.27103e-20  1.60998e-09 -5.44482e-21 -1.69944e-10  2.65754e-21 -3.54124e-10 -1.34963e-21  -1.4197e-10  2.50246e-22 -1.56011e-11  9.29623e-23  1.22465e-11  1.24079e-23  7.97781e-12  -4.1536e-23  2.38133e-12 -1.58919e-23  2.51311e-13  1.96833e-23 -1.25891e-13  5.02881e-24 -8.20651e-14 -6.41241e-24 -2.63369e-14 -8.14615e-25 -5.17028e-15  1.09938e-24 -3.31842e-16  2.44719e-25  1.97396e-16 -1.30475e-25  9.82797e-17 -5.33548e-26  2.73672e-17  1.05914e-26   5.4441e-18  4.08943e-27  7.65412e-19 -5.17314e-28  5.38134e-20  1.73111e-28 -7.88407e-21  1.51331e-28 -3.85924e-21 -2.52735e-29 -8.78219e-22 -1.73957e-29 -1.45995e-22  3.25173e-30 -1.92712e-23   2.0498e-30 -2.05141e-24  6.59569e-32   -1.719e-25 -6.32512e-32  -1.0275e-26 -1.72501e-33 -2.50186e-28   4.7986e-33  3.23595e-29  1.49893e-33  5.54102e-30   1.4612e-34  4.97214e-31 -1.25539e-35  3.15028e-32 -1.89815e-36  1.47892e-33  2.66337e-37  5.07235e-35  3.26454e-38  1.19729e-36 -9.28092e-40  1.68151e-38 -1.09936e-40  9.08082e-41
-1.39485e-09  3.42669e-23  4.42272e-08 -4.91121e-22 -5.31945e-07   3.3034e-21  3.72993e-06 -1.19175e-20  -1.7469e-05  1.67367e-20  5.81283e-05  5.18028e-20 -0.000141295 -3.61655e-19  0.000252017  1.05966e-18 -0.000322975  -1.9364e-18  0.000277633  2.26909e-18 -0.000126033 -1.41008e-18 -1.59725e-05 -2.32174e-19  5.14666e-05  1.22045e-18    -1.15e-05 -5.76891e-19 -1.45234e-05 -1.05399e-18  4.97211e-06  2.24581e-18  4.43795e-06 -2.43358e-18 -1.09916e-06  2.06451e-18 -1.41992e-06 -1.52617e-18 -1.96621e-09  8.25872e-19  3.68003e-07  -1.3063e-19  1.13879e-07 -2.14166e-19 -4.75279e-08  1.76534e-19 -4.36505e-08  -3.6527e-20 -7.63071e-09 -2.02092e-20  5.53837e-09  1.44428e-20   3.9427e-09 -4.97207e-21  8.32465e-10  2.89831e-21 -2.70627e-10 -1.59415e-21 -2.62266e-10  1.68219e-22 -8.77383e-11  1.77119e-22 -6.78212e-12  4.57354e-23  7.90554e-12 -7.16866e-23  4.63223e-12 -3.07487e-23  1.35528e-12  3.11625e-23  1.73702e-13  8.84349e-24 -4.44725e-14 -8.92928e-24 -3.46575e-14 -1.83096e-24 -1.18006e-14  1.47206e-24 -2.61226e-15  4.66417e-25 -3.32986e-16 -1.62656e-25  1.56472e-17 -8.05693e-26  2.27034e-17   8.4555e-27  7.49935e-18   4.8315e-27  1.67374e-18 -1.31812e-28  2.81985e-19  4.40023e-28  3.52186e-20  2.18717e-28  2.62654e-21 -4.03414e-29 -1.04768e-22 -2.30381e-29 -7.83973e-23  4.55552e-30 -1.64805e-23  2.81406e-30 -2.41877e-24  1.98432e-31 -2.79343e-25 -6.65869e-32 -2.62266e-26 -6.40529e-33 -2.00717e-27  4.97576e-33 -1.22992e-28  1.68298e-33 -5.75378e-30  1.45182e-34 -1.80529e-31 -1.36065e-35 -1.78662e-33  -1.4454e-36  1.65285e-34   2.3808e-37  1.04529e-35  1.89878e-38   2.9267e-37 -9.15059e-40   3.7061e-39 -4.18708e-41
-8.80165e-24 -1.29473e-08  2.44191e-22  2.36526e-07 -2.46893e-21 -2.19358e-06  1.34839e-20  1.29005e-05 -4.17557e-20 -5.26705e-05  5.18028e-20  0.000155875  1.43966e-19  -0.00034011 -9.10417e-19  0.000544614  2.42235e-18 -0.000618817 -3.99535e-18  0.000451225  4.10987e-18 -0.000136568 -1.91212e-18 -8.03262e-05 -1.20108e-18  8.28353e-05  2.47894e-18  3.26468e-06 -8.33432e-19  -2.7853e-05 -1.91458e-18  7.61367e-07   3.4162e-18  8.56826e-06 -3.35842e-18  6.54751e-07  2.78278e-18 -2.31901e-06 -2.09102e-18 -7.06798e-07  1.08408e-18  4.06142e-07 -7.96186e-20  3.06077e-07 -3.44099e-19  1.39318e-08  2.25226e-19 -6.32633e-08  -2.6617e-20 -2.93582e-08 -2.97052e-20 -1.67252e-10  1.38277e-20   5.4916e-09 -3.71041e-21  2.61314e-09  3.18628e-21   3.3691e-10 -1.82198e-21 -2.44634e-10 -1.43397e-23  -1.6918e-10  2.87748e-22 -4.99684e-11  1.13558e-22 -3.20268e-12  -1.1465e-22  4.24593e-12 -5.49981e-23  2.37493e-12   4.5296e-23    7.005e-13  1.50676e-23  1.09301e-13 -1.16279e-23 -8.24262e-15 -3.39326e-24 -1.16977e-14  1.81084e-24 -4.37157e-15  7.55008e-25 -1.06655e-15 -1.73735e-25 -1.78516e-16 -1.09733e-25   -1.492e-17  2.25867e-27    2.373e-18   4.4248e-27  1.36653e-18  4.23194e-28    3.565e-19  8.94151e-28  6.72277e-20  3.18276e-28  9.91918e-21 -5.62623e-29  1.14419e-21 -2.89666e-29  9.50635e-23  5.84879e-30  3.47643e-24  3.65783e-30 -5.24185e-25  3.64223e-31 -1.35405e-25 -6.84547e-32 -1.82606e-26 -1.14959e-32 -1.80555e-27  4.86643e-33 -1.40272e-28  1.71376e-33 -8.69329e-30  1.28082e-34 -4.26348e-31 -1.23571e-35 -1.61221e-32 -7.61014e-37 -4.47983e-34  1.96401e-37 -8.40148e-36  8.46352e-39 -9.09084e-38 -6.21827e-40 -3.82139e-40
 2.32919e-09 -8.29412e-23 -7.91598e-08  1.33211e-21  1.02269e-06 -1.04247e-20 -7.72359e-06  4.79106e-20  3.90987e-05 -1.29813e-19 -0.000141295  1.43966e-19  0.000375516  3.62109e-19 -0.000739848  -2.0855e-18   0.00106587  5.05567e-18  -0.00106894 -7.52929e-18  0.000642392  6.73432e-18 -7.98396e-05 -2.01179e-18 -0.000190472  -3.2128e-18  0.000103201  4.38713e-18  3.90683e-05 -9.71799e-19 -3.97413e-05 -3.14481e-18 -1.09954e-05  4.68002e-18  1.17504e-05 -4.17999e-18   4.7111e-06  3.49253e-18 -2.46112e-06 -2.72994e-18 -1.88673e-06  1.34251e-18  8.76883e-08  3.03669e-20  4.97955e-07 -4.96207e-19  1.64206e-07  2.57505e-19 -4.55978e-08 -5.76417e-21 -5.42974e-08 -3.72522e-20 -1.51961e-08  1.03179e-20  3.17311e-09  -1.9804e-21  4.20214e-09  3.66116e-21  1.51697e-09 -2.02749e-21  9.62605e-11  -3.3433e-22 -1.70661e-10  4.26883e-22 -9.71356e-11  2.29827e-22 -2.66273e-11 -1.70268e-22 -1.88112e-12 -9.17093e-23  1.88377e-12  6.09454e-23  1.06355e-12  2.43228e-23  3.22588e-13 -1.41427e-23  5.92737e-14 -5.51096e-24  2.39413e-15  2.02256e-24 -2.84601e-15  1.08516e-24 -1.28004e-15 -1.50688e-25 -3.43351e-16 -1.34717e-25 -6.65473e-17 -8.33735e-27 -9.11099e-18  2.15409e-27  -6.0409e-19  1.02591e-27  1.00046e-19  1.53776e-27  4.59198e-20  4.56131e-28  1.01955e-20 -6.84534e-29  1.66281e-21 -3.44188e-29  2.15886e-22  7.00698e-30  2.26839e-23  4.48872e-30  1.89317e-24  5.30779e-31  1.16324e-25 -7.10316e-32  3.75181e-27 -1.60469e-32 -1.86442e-28  4.49021e-33  -4.0762e-29  1.58203e-33 -3.65423e-30  1.00304e-34 -2.20663e-31  -9.1293e-36 -9.57221e-33 -6.37928e-38 -2.92547e-34  1.47044e-37 -5.80692e-36  2.34441e-39 -6.07714e-38 -2.67739e-40
 1.69504e-23  1.86884e-08 -5.18419e-22 -3.68754e-07   5.9177e-21  3.70085e-06 -3.78574e-20 -2.36149e-05  1.50256e-19  0.000104993 -3.61655e-19  -0.00034011  3.62109e-19  0.000818506  8.29938e-19  -0.00146335 -4.37367e-18   0.00189844  9.68749e-18  -0.00166718 -1.30231e-17  0.000783635  9.98832e-18  9.16042e-05 -1.11967e-18 -0.000336841  -6.6789e-18  8.66477e-05  6.88899e-18  9.76816e-05 -7.87786e-19 -3.99018e-05 -4.68484e-18 -3.10457e-05  5.73939e-18  1.02397e-05 -4.66337e-18  1.07394e-05  4.12909e-18  -7.1789e-07 -3.42697e-18 -3.12707e-06  1.56838e-18  -7.7644e-07  2.08094e-19   5.0648e-07 -6.50483e-19  3.77627e-07  2.61146e-19  4.26409e-08  2.39044e-20 -6.11662e-08 -4.02446e-20 -3.64326e-08  4.13127e-21 -5.75478e-09 -2.22298e-22  3.60705e-09  4.45815e-21   2.7163e-09 -2.22256e-21  7.96743e-10 -8.32479e-22  1.12057e-11  5.96847e-22 -9.90459e-11  4.07339e-22 -5.01122e-11 -2.35778e-22  -1.3316e-11 -1.43384e-22 -1.24106e-12  7.63582e-23  6.62484e-13  3.68842e-23  4.07222e-13 -1.60048e-23   1.2908e-13 -8.08676e-24  2.68807e-14  2.00203e-24  2.99919e-15  1.41191e-24 -3.20513e-16 -8.48454e-26 -2.71184e-16 -1.48005e-25 -8.35334e-17  -2.2603e-26   -1.796e-17 -2.43367e-27 -2.93788e-18  1.50722e-27 -3.56127e-19  2.32171e-27  -2.5341e-20  6.29121e-28  1.20181e-21 -7.27261e-29  7.77971e-22 -3.84869e-29   1.5772e-22  7.98037e-30  2.24646e-23  5.19561e-30  2.51941e-24  6.59493e-31   2.2957e-25 -7.58473e-32  1.70463e-26 -1.92772e-32  1.01535e-27  3.86276e-33  4.66354e-29  1.31468e-33  1.50412e-30  6.94673e-35  2.41967e-32 -4.91446e-36 -4.48588e-34  4.40818e-37 -3.76919e-35  9.70155e-38 -9.11531e-37 -4.91538e-41 -7.45483e-39
-2.66247e-09  1.39102e-22   9.8607e-08 -2.48586e-21 -1.38919e-06  2.21618e-20  1.14567e-05 -1.20258e-19  -6.3482e-05  4.20515e-19  0.000252017 -9.10417e-19 -0.000739848  8.29938e-19   0.00162416  1.74359e-18  -0.00264582  -8.4424e-18   0.00308961  1.71267e-17   -0.0023453 -2.07633e-17   0.00077235  1.33811e-17  0.000410632   1.4835e-18 -0.000482083 -1.18266e-17  4.59671e-06  9.68653e-18  0.000168556 -3.95979e-20 -1.56862e-05 -6.34418e-18 -5.51804e-05   6.2029e-18 -1.39914e-07 -4.59227e-18  1.65746e-05  4.66577e-18  3.75151e-06 -4.16209e-18 -3.51598e-06  1.72086e-18 -2.11853e-06  4.51077e-19  1.07224e-07 -7.80233e-19  5.42533e-07  2.28959e-19  2.06121e-07  5.70737e-20 -2.20993e-08  -3.7154e-20 -5.11282e-08 -3.82956e-21 -2.04276e-08  1.23581e-21 -1.12525e-09  5.70226e-21  2.75267e-09 -2.44458e-21  1.54687e-09 -1.55075e-21  3.89945e-10  7.98238e-22 -5.34539e-12  6.55052e-22 -4.89731e-11 -3.05916e-22  -2.3217e-11 -2.11121e-22 -6.18307e-12  8.94695e-23 -7.68672e-13   5.2532e-23  1.62081e-13 -1.67087e-23  1.28486e-13 -1.09217e-23  4.35179e-14  1.65021e-24  9.97198e-15  1.67524e-24  1.54576e-15  2.47334e-26  9.79132e-17   -1.426e-25 -3.08291e-17 -3.87644e-26 -1.39856e-17 -9.29594e-27 -3.41755e-18  1.70908e-27 -6.18778e-19  3.15168e-27 -8.82783e-20  8.21535e-28  -9.8589e-21  -6.7346e-29 -7.90321e-22 -4.03857e-29 -2.70091e-23   8.7971e-30  4.30714e-24  5.67588e-30  1.04992e-24  7.19868e-31  1.35465e-25 -8.26506e-32  1.27896e-26 -2.08142e-32  9.43759e-28  3.00331e-33  5.51219e-29   9.6637e-34  2.52001e-30  4.23153e-35   8.7468e-32   -9.645e-37   2.1801e-33  6.50678e-37   3.5234e-35  5.40021e-38   2.9065e-37 -3.59852e-40
-2.26091e-23 -1.80894e-08  7.55265e-22   3.9433e-07 -9.70793e-21  -4.3691e-06  7.15433e-20   3.0791e-05 -3.38445e-19 -0.000151455  1.05966e-18  0.000544614  -2.0855e-18  -0.00146335  1.74359e-18   0.00294998  3.37513e-18  -0.00439392 -1.50702e-17   0.00460897  2.80598e-17  -0.00296082  -3.0631e-17  0.000494266   1.6087e-17  0.000869782  6.44073e-18 -0.000561491 -1.85199e-17 -0.000160205  1.22289e-17  0.000226002  1.49206e-18  4.18639e-05  -7.8158e-18 -7.30994e-05  5.67852e-18 -2.14959e-05  -3.8452e-18   1.8239e-05  5.12732e-18   1.0631e-05 -4.90334e-18 -1.91633e-06  1.75574e-18  -3.4402e-06  7.42098e-19 -8.16373e-07 -8.58103e-19  4.78487e-07  1.62332e-19  3.90186e-07   8.6821e-20  7.79625e-08 -2.84039e-20 -3.98954e-08 -1.24217e-20  -3.3832e-08  2.35692e-21 -9.93163e-09  7.52856e-21  4.34936e-10 -2.75014e-21  1.69613e-09 -2.52505e-21  7.94358e-10  1.02728e-21  1.82231e-10  9.74996e-22 -2.47223e-12 -3.73998e-22 -2.06259e-11 -2.93938e-22  -9.5651e-12   9.8324e-23 -2.60885e-12  7.05456e-23 -4.07743e-13 -1.57898e-23  1.10701e-14 -1.37466e-23  3.10983e-14  8.92212e-25  1.18618e-14  1.80921e-24  2.95199e-15  1.69403e-25  5.37245e-16 -1.14297e-25  6.73498e-17 -5.43992e-26   3.0774e-18 -1.78033e-26 -1.12772e-18  1.54688e-27 -4.08371e-19  3.91083e-27 -8.42659e-20  1.00616e-27 -1.31007e-20 -5.41172e-29 -1.63347e-21 -3.96911e-29 -1.65167e-22  9.52401e-30 -1.32619e-23  5.86225e-30 -7.83334e-25  7.01155e-31 -2.44516e-26 -8.92548e-32  1.08807e-27 -2.07527e-32  2.29514e-28  1.96408e-33  1.92261e-29   6.0424e-34  1.06538e-30  2.26767e-35  4.13903e-32  1.73385e-36  1.08987e-33  5.97302e-37  1.72256e-35  2.36514e-38  1.07135e-37
 1.89608e-09 -1.58225e-22 -7.95429e-08  3.12665e-21  1.26225e-06 -3.18923e-20 -1.16851e-05  2.02196e-19  7.25645e-05 -8.52335e-19 -0.000322975  2.42235e-18   0.00106587 -4.37367e-18  -0.00264582  3.37513e-18   0.00492885  6.04748e-18  -0.00673157 -2.49821e-17   0.00631695  4.27732e-17  -0.00331281 -4.19599e-17 -0.000135467  1.71009e-17   0.00140264  1.40526e-17  -0.00049816 -2.61668e-17 -0.000398393  1.37984e-17  0.000233571   3.9425e-18  0.000130657 -8.74214e-18 -7.04397e-05   3.8892e-18  -5.1147e-05 -2.45083e-18  1.12237e-05  5.58088e-18  1.78139e-05 -5.59831e-18  2.40467e-06   1.6346e-18 -3.84499e-06  1.04857e-18 -2.09967e-06 -8.63687e-19  2.34219e-08  7.22894e-20  4.77406e-07  1.07174e-19  2.18139e-07 -1.65255e-20  1.18929e-08 -2.08642e-20   -3.404e-08   3.4153e-21 -1.91484e-08   1.0097e-20 -4.32338e-09 -3.19359e-21  6.09082e-10 -3.77156e-21  8.93009e-10  1.27494e-21  3.72147e-10  1.35956e-21  8.22108e-11 -4.33768e-22  1.14085e-12 -3.88607e-22 -7.24689e-12  1.01467e-22 -3.43776e-12   8.9852e-23  -9.7262e-13 -1.28886e-23 -1.79082e-13  -1.6269e-23 -1.33417e-14 -3.07325e-25  4.69939e-15  1.75453e-24  2.43928e-15  3.31263e-25  6.71602e-16  -6.3569e-26  1.34842e-16 -6.71071e-26  2.07183e-17 -2.68462e-26  2.31089e-18  1.04666e-27  1.30117e-19  4.48946e-27 -1.55452e-20  1.14989e-27 -6.12186e-21 -3.78357e-29 -1.12287e-21 -3.64362e-29 -1.50292e-22  1.02105e-29 -1.59899e-23  5.74035e-30 -1.38453e-24  6.15886e-31 -9.75187e-26 -9.25264e-32 -5.48889e-27 -1.95264e-32 -2.37115e-28  8.55148e-34 -7.18391e-30  2.89967e-34 -1.13399e-31  1.10529e-35  1.19778e-33  2.82626e-36    1.055e-34  4.03202e-37  1.94869e-36  6.99043e-39
 2.10611e-23  1.00387e-08 -7.20049e-22 -2.57679e-07  1.04229e-20    3.313e-06 -8.98719e-20 -2.68383e-05   5.0596e-19  0.000150897  -1.9364e-18 -0.000618817  5.05567e-18   0.00189844  -8.4424e-18  -0.00439392  6.04748e-18   0.00761063  1.00705e-17  -0.00955273 -3.86017e-17   0.00796501  6.08865e-17  -0.00318923 -5.35529e-17  -0.00112774  1.55332e-17   0.00188508   2.4065e-17 -0.000230449 -3.37911e-17 -0.000665497  1.36789e-17  0.000156146  7.32688e-18  0.000232751 -8.81269e-18  -3.4176e-05  7.68345e-19 -8.03403e-05  -5.9941e-19 -7.18616e-06  6.10682e-18  2.15726e-05 -6.17146e-18  9.04251e-06  1.33717e-18 -2.37304e-06  1.32599e-18 -3.21941e-06 -7.90365e-19 -8.36109e-07 -2.26684e-20  3.31495e-07  1.15608e-19  3.32226e-07 -5.44339e-21  9.89294e-08 -2.91825e-20 -1.05834e-08  4.84525e-21 -2.20772e-08  1.35659e-20 -9.65241e-09  -3.8019e-21 -1.75411e-09  -5.2692e-21  3.90257e-10  1.52993e-21  4.10017e-10   1.7905e-21  1.59258e-10 -4.81386e-22  3.54697e-11 -4.90187e-22  2.05996e-12  9.81482e-23 -2.01258e-12  1.09261e-22 -1.04576e-12 -7.79349e-24 -3.10317e-13 -1.82196e-23 -6.39904e-14 -1.93178e-24  -8.4024e-15  1.47242e-24 -9.48257e-17  4.85975e-25  3.17117e-16  3.67323e-27  1.09161e-16 -7.52222e-26  2.41366e-17  -3.5111e-26  4.08436e-18  3.38401e-28  5.48063e-19  4.80973e-27  5.70533e-20  1.22215e-27  4.07536e-21 -2.43461e-29  6.97336e-23 -3.10499e-29 -3.34443e-23  1.08486e-29 -6.48428e-24  5.35187e-30 -7.59626e-25  4.93897e-31 -6.64414e-26 -8.99461e-32 -4.54911e-27 -1.76678e-32 -2.44998e-28 -1.62188e-34 -1.01974e-29  6.43807e-35 -3.15313e-31  5.57723e-36 -6.72371e-33  2.61287e-36 -8.44951e-35  2.00299e-37 -3.84304e-37
-5.46329e-10  1.21682e-22  3.13815e-08 -2.42083e-21 -6.33458e-07  2.86616e-20  7.16385e-06 -2.19816e-19 -5.30582e-05  1.13043e-18  0.000277633 -3.99535e-18  -0.00106894  9.68749e-18   0.00308961 -1.50702e-17  -0.00673157  1.00705e-17    0.0109089  1.56409e-17   -0.0126066 -5.57787e-17   0.00923864  8.12057e-17  -0.00243356 -6.39029e-17    -0.002392  1.09472e-17   0.00216167  3.56321e-17  0.000258456 -4.02779e-17 -0.000886854  1.13506e-17 -2.41803e-05  1.15419e-17  0.000315684 -7.85263e-18  4.04385e-05 -3.50167e-18 -9.57424e-05  1.39491e-18 -3.55306e-05  6.76131e-18  1.77835e-05 -6.53181e-18  1.60577e-05  8.72735e-19  1.44419e-06  1.52561e-18 -3.41723e-06 -6.48971e-19 -1.86569e-06  -1.0138e-19 -1.19349e-07  1.14388e-19  3.28322e-07  8.42463e-22  1.87467e-07 -3.82452e-20  3.65362e-08  7.00521e-21 -1.24451e-08  1.80125e-20 -1.20639e-08 -4.56283e-21 -4.44811e-09 -6.94546e-21 -6.98526e-10  1.78526e-21  1.79043e-10  2.24093e-21  1.64508e-10 -5.16653e-22  6.17103e-11 -5.93157e-22  1.42449e-11  8.82558e-23  1.49451e-12  1.27677e-22  -3.7784e-13 -4.70952e-25 -2.56304e-13 -1.93893e-23 -8.15874e-14 -3.90347e-24 -1.82569e-14   9.5736e-25 -2.98321e-15  6.07809e-25  -3.0703e-16   7.6976e-26  3.26471e-18 -7.82778e-26  1.02165e-17 -4.14182e-26  2.83268e-18 -3.91855e-28  5.26085e-19  4.83761e-27  7.60861e-20  1.20321e-27  8.90566e-21 -1.81757e-29  8.44406e-22 -2.42041e-29  6.28821e-23    1.137e-29  3.32235e-24  4.78213e-30   7.2356e-26  3.70094e-31 -7.48396e-27 -8.08251e-32 -1.08391e-27 -1.55775e-32 -7.86252e-29 -9.20835e-34 -3.83016e-30 -6.07421e-35 -1.28279e-31  3.55749e-36 -2.75741e-33  1.75254e-36 -3.05197e-35  6.51257e-38
-1.87484e-23 -8.27337e-10  4.36448e-22  5.59003e-08 -6.15909e-21 -1.13567e-06  6.53172e-20  1.25262e-05 -4.69395e-19 -8.96188e-05  2.26909e-18  0.000451225 -7.52929e-18  -0.00166718  1.71267e-17   0.00460897 -2.49821e-17  -0.00955273  1.56409e-17      0.01458  2.27251e-17    -0.015532 -7.55817e-17   0.00983528  1.01795e-16  -0.00100513 -7.15826e-17  -0.00374199  3.60011e-18   0.00209047   4.7513e-17  0.000922317 -4.47142e-17 -0.000976667   6.6349e-18 -0.000295355  1.63957e-17  0.000340931 -5.86403e-18  0.000144597 -8.51979e-18 -8.37839e-05  3.16683e-18 -6.70737e-05  7.54565e-18  3.87671e-06  -6.5906e-18  2.02908e-05  2.85919e-19  7.07158e-06  1.60489e-18 -2.03035e-06 -4.66739e-19 -2.59796e-06 -1.45849e-19 -8.01154e-07  1.10109e-19  1.36864e-07 -3.74226e-22  2.23417e-07 -4.93457e-20  9.11468e-08  9.98715e-21  1.06715e-08   2.3329e-20 -8.28379e-09 -5.43751e-21 -5.78292e-09 -8.67423e-21 -1.90442e-09  2.04578e-21 -2.85179e-10  2.68051e-21  6.14093e-11 -5.42773e-22  5.69762e-11 -6.92719e-22  2.12621e-11  7.20214e-23  5.14016e-12  1.44191e-22  7.43833e-13   8.8968e-24 -1.12714e-14  -1.9654e-23 -4.57447e-14 -6.08076e-24  -1.6762e-14  2.44999e-25 -4.04089e-15  6.75914e-25 -7.36384e-16  1.43809e-25 -1.01975e-16 -7.70124e-26 -9.54262e-18 -4.49908e-26 -1.75485e-19 -9.67645e-28  1.51335e-19   4.5817e-27  3.88387e-20  1.08979e-27  6.22514e-21 -2.08606e-29  7.63704e-22 -1.66507e-29  7.54893e-23  1.16814e-29  6.08666e-24  4.13659e-30  3.97624e-25  2.71906e-31  2.05552e-26 -6.65308e-32  8.00425e-28 -1.34155e-32  2.09706e-29 -1.31202e-33  2.38098e-31  -1.0083e-34 -5.30668e-33  2.77702e-36 -2.39141e-34  8.66209e-37 -2.30559e-36
-2.93722e-10 -1.06882e-22  6.92076e-09  1.03747e-21 -5.31258e-09 -1.11493e-20 -1.14763e-06  1.20975e-19   1.6447e-05 -8.74861e-19 -0.000126033  4.10987e-18  0.000642392 -1.30231e-17   -0.0023453  2.80598e-17   0.00631695 -3.86017e-17   -0.0126066  2.27251e-17    0.0182536  3.09625e-17   -0.0179378 -9.62516e-17   0.00955007  1.20288e-16  0.000993133 -7.56809e-17  -0.00493653 -5.53215e-18   0.00158931  5.84484e-17   0.00165453 -4.66882e-17  -0.00086496 -2.63607e-19 -0.000612131  2.16417e-17  0.000276944 -3.00508e-18  0.000255272 -1.37497e-17 -3.63853e-05  4.38301e-18 -9.09158e-05  8.39375e-18  -1.9332e-05 -6.28399e-18   1.8447e-05 -3.46845e-19  1.28205e-05  1.53773e-18  1.09822e-06 -2.81561e-19 -2.49695e-06  -1.4603e-19 -1.47073e-06  1.11569e-19 -2.34751e-07  -9.6403e-21  1.58263e-07   -6.351e-20  1.24289e-07  1.35678e-20  3.96965e-08  2.91446e-20  2.26612e-09 -6.39392e-21 -4.26039e-09 -1.02912e-20 -2.47286e-09  2.33241e-21 -7.61284e-10  3.08288e-21 -1.19221e-10 -5.64497e-22   1.4061e-11 -7.85723e-22  1.65544e-11  4.96687e-23  6.34068e-12  1.58018e-22  1.60677e-12  1.98563e-23  2.79895e-13 -1.89929e-23  2.42758e-14 -8.26694e-24 -4.07308e-15 -5.88144e-25 -2.42808e-15  6.80023e-25 -6.58498e-16  1.92909e-25 -1.29337e-16 -7.28999e-26 -1.99666e-17 -4.55609e-26 -2.43969e-18 -1.27574e-27 -2.23641e-19  4.08419e-27 -1.19119e-20  8.96216e-28  4.83639e-22 -3.06212e-29  2.18917e-22  -9.0872e-30  3.25645e-23  1.17156e-29  3.35171e-24  3.51337e-30  2.65018e-25  2.11706e-31  1.64796e-26 -4.97297e-32   8.0083e-28  -1.1155e-32  2.95859e-29  -1.3319e-33   7.8699e-31 -8.76538e-35  1.35701e-32  2.07961e-36  1.19037e-34  2.82478e-37
 3.46279e-23 -2.68085e-09 -4.22933e-22  5.25653e-08  1.24981e-21 -4.29968e-07 -9.18785e-21  1.04914e-06  1.68273e-19  1.12694e-05 -1.41008e-18 -0.000136568  6.73432e-18  0.000783635 -2.07633e-17  -0.00296082  4.27732e-17   0.00796501 -5.57787e-17    -0.015532  3.09625e-17    0.0215124  3.96257e-17   -0.0195025 -1.15369e-16   0.00833595  1.34383e-16   0.00333284 -7.61337e-17  -0.00574139 -1.49754e-17  0.000665222  6.75686e-17   0.00231215 -4.64129e-17  -0.00052198 -8.82516e-18 -0.000904766  2.69938e-17  0.000111724  4.75764e-19  0.000340205 -1.86237e-17  4.43362e-05  4.81166e-18 -9.52632e-05  9.18165e-18 -4.68837e-05  -5.5929e-18  8.58406e-06 -9.30583e-19  1.62516e-05  1.32136e-18   5.3428e-06 -1.33164e-19  -1.2224e-06 -1.02018e-19 -1.78539e-06  1.26791e-19 -6.74859e-07 -2.52803e-20 -1.85044e-08  -8.0835e-20  1.07667e-07  1.73154e-20  6.01991e-08  3.48206e-20   1.6014e-08 -7.44547e-21  2.87725e-10 -1.16255e-20 -1.81296e-09  2.68017e-21  -9.4557e-10  3.43292e-21 -2.81911e-10 -5.85212e-22 -4.85436e-11 -8.70756e-22  6.16617e-13  2.12286e-23   3.8084e-12  1.68356e-22  1.57599e-12  3.16276e-23  4.19328e-13 -1.75012e-23   8.1514e-14 -1.02353e-23  1.10467e-14 -1.43572e-24  6.28519e-16  6.23474e-25 -1.70157e-16  2.17353e-25 -6.97859e-17 -6.74198e-26 -1.54013e-17 -4.33096e-26 -2.53711e-18 -1.28793e-27  -3.3472e-19  3.40987e-27 -3.59241e-20   6.5122e-28 -3.09333e-21 -4.33264e-29 -2.02176e-22  -2.0558e-30 -8.22348e-24  1.14701e-29  6.15929e-26  2.98024e-30  4.42677e-26  1.86392e-31  4.28634e-27 -3.32272e-32  2.56922e-28 -8.74606e-33  1.05851e-29 -1.08141e-33  2.92183e-31 -5.45801e-35  4.76427e-33  1.24593e-36  2.98725e-35
 2.63882e-10   2.4935e-22 -1.23361e-08 -1.39327e-21  2.02586e-07 -2.13144e-21 -1.75981e-06  2.70266e-20   8.5426e-06  1.16069e-19 -1.59725e-05 -1.91212e-18 -7.98396e-05  9.98832e-18   0.00077235  -3.0631e-17  -0.00331281  6.08865e-17   0.00923864 -7.55817e-17   -0.0179378  3.96257e-17    0.0239961  4.76655e-17   -0.0200551  -1.3022e-16   0.00631443   1.4237e-16   0.00571745 -7.38233e-17  -0.00598861 -2.31485e-17 -0.000584186  7.46566e-17   0.00275237 -4.46179e-17  2.93273e-05 -1.83536e-17  -0.00109686  3.21221e-17 -0.000140131  4.31354e-18  0.000367088 -2.26363e-17  0.000144541   4.3633e-18 -7.17453e-05  9.75554e-18  -7.0558e-05  -4.5528e-18 -8.63936e-06 -1.37145e-18  1.50576e-05  9.77353e-19  9.33799e-06 -5.38296e-20  1.12857e-06 -2.31414e-20 -1.45215e-06  1.60297e-19 -9.93228e-07 -4.40683e-20 -2.59652e-07 -1.00134e-19  3.12131e-08  2.07853e-20  5.77105e-08  3.95339e-20  2.62099e-08 -8.67549e-21  6.16546e-09 -1.25384e-20  4.18463e-11  3.12942e-21 -6.46654e-10  3.73126e-21 -3.20333e-10 -6.04049e-22 -9.48222e-11  -9.4729e-22 -1.80639e-11 -1.33094e-23 -1.25982e-12  1.74267e-22  5.97669e-13  4.30958e-23  3.07789e-13  -1.5396e-23   8.7534e-14 -1.17692e-23  1.82578e-14 -2.18254e-24  2.91638e-15  5.22066e-25  3.37493e-16  2.16223e-25  1.94245e-17 -6.14228e-26 -2.56814e-18 -3.87133e-26 -1.02944e-18 -1.05019e-27 -1.95658e-19  2.63634e-27 -2.72047e-20  3.91193e-28 -3.01047e-21 -5.41495e-29 -2.71514e-22  4.11895e-30  -1.9967e-23  1.10076e-29 -1.17874e-24  2.56252e-30 -5.39308e-26  1.82702e-31 -1.77602e-27 -1.90831e-32 -3.43138e-29 -6.26672e-33  4.46909e-33 -7.17358e-34  1.90578e-32  -2.4846e-35  3.84376e-34  5.01588e-37
-8.07631e-23  1.04637e-09  1.27113e-21 -3.53754e-08 -4.22549e-21  5.32928e-07 -1.78266e-20 -4.61802e-06  1.60617e-19  2.49156e-05 -2.32174e-19 -8.03262e-05 -2.01179e-18  9.16042e-05  1.33811e-17  0.000494266 -4.19599e-17  -0.00318923  8.12057e-17   0.00983528 -9.62516e-17   -0.0195025  4.76655e-17    0.0254893   5.3843e-17   -0.0196084 -1.38273e-16   0.00373538  1.43534e-16   0.00785561 -7.04023e-17   -0.0056126 -2.87809e-17  -0.00199591  8.01502e-17   0.00286794 -4.22542e-17  0.000716869 -2.81231e-17  -0.00112589  3.66453e-17 -0.000438641  8.27442e-18  0.000313665   -2.541e-17  0.000241205  3.09746e-18 -1.91085e-05  9.96948e-18 -8.12495e-05 -3.24978e-18 -2.95723e-05 -1.59709e-18  8.09469e-06  5.46484e-19   1.1391e-05 -6.13404e-20  3.93818e-06  7.53496e-20 -3.92019e-07  2.11549e-19 -9.98646e-07 -6.22812e-20 -4.68963e-07 -1.19019e-19 -8.55472e-08  2.37054e-20  2.64914e-08  4.24254e-20  2.62852e-08 -1.02361e-20  1.04268e-08   -1.296e-20  2.30599e-09  3.71247e-21  5.89966e-11    3.994e-21 -1.89816e-10  -6.1424e-22 -9.41937e-11 -1.01419e-21 -2.81598e-11 -5.34913e-23 -5.83276e-12  1.74726e-22 -7.26531e-13   5.2902e-23  2.18871e-14 -1.30012e-23  4.16546e-14 -1.27088e-23  1.37052e-14  -2.7308e-24  3.05243e-15  3.98812e-25  5.26193e-16  1.94254e-25  7.20169e-17 -5.49048e-26  7.59523e-18 -3.23944e-26  5.32423e-19 -6.54159e-28  3.24995e-21  1.84449e-27 -5.94911e-21  1.51911e-28 -1.10907e-21 -5.91805e-29 -1.31313e-22  9.32829e-30 -1.17403e-23  1.04174e-29 -8.25324e-25   2.2449e-30 -4.57421e-26   1.8475e-31 -1.96195e-27   -8.332e-33  -6.2566e-29 -3.95239e-33 -1.37849e-30 -3.82785e-34  -1.8147e-32 -7.52577e-36 -9.32669e-35
