 3.80799e-17 -3.29965e-31 -1.27801e-15  1.80735e-29  1.63602e-14 -2.78086e-28 -1.22975e-13  2.30501e-27  6.23282e-13  -1.2317e-26 -2.27329e-12  4.47024e-26  6.16651e-12 -1.03922e-25 -1.26071e-11  8.93953e-26  1.93535e-11  3.98303e-25 -2.17325e-11 -2.09905e-24  1.65954e-11   5.2931e-24 -6.71416e-12 -7.70936e-24 -9.56534e-13  2.63005e-24   2.5433e-12  1.89734e-23 -6.17233e-13 -6.01686e-23 -5.87132e-13   1.0929e-22  2.57974e-13   -1.421e-22  1.42304e-13  1.38572e-22 -6.53388e-14 -1.00528e-22  -4.0281e-14  5.10519e-23  1.04092e-14 -1.49018e-23  1.10543e-14  3.47809e-25  1.42554e-16  5.32921e-25 -2.26884e-15  1.42333e-24 -6.77829e-16 -1.74337e-24  2.15941e-16  1.13392e-24  1.93917e-16 -7.42234e-25  3.23064e-17  5.50354e-25 -1.90422e-17 -3.07893e-25 -1.21827e-17  8.21694e-26 -2.09928e-18  1.66838e-26  7.76959e-19 -2.16191e-26  5.76298e-19  6.33904e-27  1.45357e-19  5.04777e-28 -2.67052e-21  -9.4109e-28 -1.56079e-20  1.56972e-28 -6.05713e-21   1.1994e-28 -1.08863e-21 -4.91215e-29   4.5634e-23 -2.09638e-30  9.51518e-23 -2.81378e-30  3.26756e-23  4.08471e-30  6.28938e-24 -2.90593e-31  4.78863e-25 -2.46597e-31 -1.37589e-25 -7.40274e-32 -6.52648e-26  2.40403e-32 -1.51243e-26  9.92479e-33  -2.3029e-27 -1.05512e-33 -2.03566e-28 -5.81443e-34  4.84084e-30  3.70811e-36  5.68327e-30  1.47859e-35  1.22428e-30  3.52758e-38  1.71985e-31 -6.12367e-37  1.76222e-32  2.92124e-37  1.28467e-33   5.5047e-38  5.25255e-35   4.5568e-39 -1.38695e-36 -1.83874e-39 -4.59257e-37 -6.70274e-40 -4.39427e-38 -6.00453e-41 -2.67762e-39 -2.03354e-42 -1.15482e-40 -9.83387e-44 -3.25054e-42 -2.52787e-47 -4.42219e-44 -4.12552e-46 -2.54521e-46 -2.51535e-47
-3.29965e-31  1.85036e-15 -1.10738e-29 -3.52054e-14   4.1667e-28  3.42043e-13 -5.14639e-27 -2.12339e-12   3.6769e-26  9.24375e-12 -1.77236e-25   -2.957e-11  6.02892e-25  7.11129e-11 -1.38779e-24 -1.29307e-10  1.57254e-24  1.75659e-10   2.5912e-24 -1.71245e-10 -1.79837e-23  1.07027e-10  4.83364e-23 -2.51761e-11 -7.92236e-23 -1.93299e-11  6.67418e-23  1.62227e-11  4.47759e-23  6.91063e-13 -2.68716e-22  -4.8224e-12  5.29165e-22  3.61641e-13 -6.87562e-22  1.27958e-12  6.46762e-22 -5.01158e-14 -4.38136e-22 -3.21234e-13  1.95044e-22 -3.51363e-14 -3.69629e-23  6.61068e-14 -1.32089e-23  2.29497e-14   7.0262e-24 -7.53112e-15  3.60903e-24 -6.74174e-15 -4.03803e-24 -7.66426e-16   1.5091e-24  9.28307e-16 -1.07226e-24   4.6406e-16  1.38384e-24  2.84536e-17 -9.54631e-25 -5.78117e-17   2.6828e-25 -2.69488e-17  4.74956e-26 -3.34516e-18 -6.15916e-26   1.9181e-18  1.76926e-26  1.16528e-18  1.36196e-27  2.75011e-19 -2.99951e-27 -1.61692e-21  5.64567e-28   -2.537e-20   4.6118e-28 -9.94149e-21 -1.77916e-28 -1.95584e-21 -2.07588e-29 -5.92028e-23 -1.14908e-29  1.00662e-22  1.69046e-29   3.9585e-23 -5.60337e-31  8.62327e-24 -1.08005e-30  1.07436e-24  -3.0098e-31  -6.9167e-27  7.92787e-32 -4.08604e-26  3.49553e-32 -1.16435e-26 -2.55143e-33 -2.06264e-27 -1.60395e-33 -2.52609e-28 -1.18916e-35 -1.84126e-29  2.05271e-35  2.98271e-31 -5.65239e-36  3.32331e-31 -7.29731e-38  5.91935e-32  1.33932e-36  6.84299e-33  1.95599e-37  5.81239e-34  6.86687e-39  3.64767e-35 -7.07978e-39  1.56759e-36 -1.93812e-39  3.33788e-38 -1.63365e-40 -9.01799e-40  -7.9036e-42 -1.14985e-40 -4.91792e-43 -4.63924e-42 -1.42755e-44 -8.26885e-44 -8.36427e-46 -5.17124e-46
-1.27801e-15 -1.10738e-29  4.41811e-14 -2.06292e-28 -5.83519e-13  5.84684e-27  4.53375e-12 -6.00695e-26 -2.38047e-11  3.77082e-25  9.01877e-11 -1.65843e-24 -2.55004e-10   5.3159e-24   5.4597e-10 -1.20453e-23 -8.83797e-10  1.57853e-23  1.05869e-09  6.59671e-24 -8.83909e-10 -9.60864e-23  4.27208e-10  2.76186e-22 -6.22617e-12 -4.78214e-22 -1.32313e-10  4.97359e-22  5.36605e-11    -9.24e-23  2.46634e-11 -7.70429e-22 -1.96897e-11  1.74975e-21 -5.13169e-12  -2.2956e-21  5.30323e-12  2.08674e-21  1.60683e-12 -1.31514e-21 -1.12206e-12  5.00318e-22 -5.60786e-13 -3.27572e-23  1.36542e-13 -7.14216e-23  1.53797e-13  2.32772e-23  1.48065e-14  1.13739e-23 -2.53573e-14 -7.17662e-24 -1.11133e-14 -1.46765e-24  5.23444e-16  4.02246e-25  2.02476e-15  2.51589e-24  6.92256e-16 -2.14628e-24 -2.36348e-17  5.86349e-25 -1.04246e-16  1.05751e-25 -3.93607e-17 -1.20816e-25 -3.68624e-18  3.62964e-26   2.8535e-18  1.05846e-27  1.54781e-18 -7.31012e-27  3.58157e-19  1.74469e-27  8.50546e-21  1.31237e-27 -2.53736e-20 -4.79157e-28  -1.0451e-20 -9.68713e-29 -2.25688e-21 -3.07965e-29 -1.97034e-22  4.80591e-29  5.30708e-23   1.5038e-31  2.78512e-23 -3.05184e-30  6.84885e-24 -8.71565e-31  1.07427e-24  1.63896e-31  8.71669e-26  8.40345e-32 -7.52201e-27 -3.04363e-33 -4.29003e-27 -2.89818e-33 -9.06899e-28 -6.83577e-35 -1.29515e-28 -1.49536e-35 -1.32965e-29 -2.26674e-35 -8.88954e-31   4.3823e-36 -1.29341e-32  3.88634e-36  5.87586e-33  4.82919e-37   9.4579e-34   1.6753e-39  8.82671e-35 -1.76122e-38  5.80753e-36 -3.85508e-39  2.78922e-37 -3.08702e-40  9.47542e-39  -1.7861e-41  1.94097e-40 -1.06589e-42  1.97261e-42 -3.04147e-44  8.35997e-45 -7.12402e-46
 1.80735e-29 -3.52054e-14 -2.06292e-28  6.91048e-13 -2.61391e-27 -6.93879e-12  5.88622e-26  4.46092e-11  -5.1593e-25 -2.01604e-10  2.88881e-24  6.71558e-10 -1.17015e-23 -1.68843e-09  3.54898e-23  3.22751e-09 -7.87218e-23 -4.64867e-09  1.11437e-22     4.88e-09 -2.32155e-23 -3.41264e-09 -3.71613e-22  1.12424e-09  1.17329e-21  4.07258e-10 -2.10259e-21 -5.50514e-10  2.38085e-21  6.67164e-11 -1.16975e-21  1.47391e-10 -1.55712e-21 -4.00458e-11  4.57041e-21 -3.82509e-11 -6.12147e-21  1.01366e-11  5.38242e-21  1.05041e-11 -3.13754e-21 -1.10394e-12  9.75344e-22  -2.6505e-12  1.05014e-22 -3.37894e-13 -2.27254e-22  4.77069e-13  4.28821e-23  2.06036e-13  3.89905e-23 -2.66909e-14 -1.20674e-23 -4.65853e-14 -1.20621e-23 -1.20882e-14  5.36301e-24  3.04901e-15  4.18059e-24  3.02963e-15 -4.02052e-24  7.65006e-16  9.46716e-25 -9.81154e-17  2.06926e-25 -1.36175e-16 -1.78697e-25 -4.45441e-17  6.52918e-26 -3.55573e-18 -5.22934e-27  3.01455e-18 -1.61152e-26  1.55247e-18  4.86997e-27  3.65104e-19  3.18034e-27  2.26898e-20 -1.08276e-27 -1.71927e-20 -3.16635e-28 -7.90375e-21 -6.68397e-29 -1.87084e-21  1.08863e-28   -2.426e-22  4.53228e-30   5.8342e-24 -6.49239e-30  1.20287e-23 -2.05527e-30  3.50067e-24  2.25524e-31  6.35991e-25  1.57604e-31  7.69919e-26 -7.82889e-35   4.4405e-27 -4.02308e-33  -5.4148e-28 -1.89547e-34 -2.02073e-28  -1.2618e-34 -3.40424e-29 -4.94165e-35 -3.98633e-30  1.70955e-35 -3.44783e-31  8.57762e-36 -2.11846e-32  9.55801e-37 -7.25275e-34 -1.55529e-38  1.47026e-35 -3.32713e-38  3.98056e-36 -6.05192e-39  2.97802e-37 -4.60601e-40  1.33576e-38 -2.82633e-41  3.66107e-40  -1.4544e-42  5.83578e-42 -3.21672e-44  3.76754e-44
 1.63602e-14   4.1667e-28 -5.83519e-13 -2.61391e-27  7.96444e-12 -2.46799e-26 -6.40716e-11  4.57211e-25  3.49103e-10  -3.4849e-24 -1.37627e-09  1.76238e-23   4.0632e-09 -6.62925e-23 -9.12545e-09  1.90971e-22  1.55988e-08 -4.13059e-22 -1.99464e-08  6.07699e-22  1.81665e-08 -3.37525e-22 -1.02384e-08 -1.08601e-21  1.48317e-09  3.98615e-21  2.49132e-09 -7.35902e-21 -1.54021e-09  8.67289e-21 -2.87498e-10 -5.47485e-21  5.13819e-10 -2.01081e-21  2.38791e-11  1.00281e-20 -1.41832e-10 -1.38666e-20 -1.12057e-11  1.17947e-20  3.48405e-11 -6.30959e-21  7.85266e-12  1.47435e-21 -6.55964e-12  5.90233e-22 -3.27044e-12 -5.47835e-22  5.04756e-13  3.81424e-23    8.064e-13   1.1186e-22  1.65806e-13 -1.90428e-23  -8.7726e-14 -3.53306e-23 -6.02178e-14  1.41892e-23 -8.82296e-15  7.40745e-24  5.61342e-15 -6.54945e-24  3.49662e-15  1.05704e-24  6.82953e-16  3.55277e-25 -1.49616e-16 -1.83648e-25  -1.3988e-16  1.13669e-25  -4.1775e-17 -2.73055e-26 -3.40776e-18  -3.3748e-26   2.3843e-18  1.19898e-26  1.23211e-18  6.87724e-27  3.01641e-19   -2.125e-27  3.05099e-20 -8.20833e-28 -7.44178e-21 -1.32673e-28 -4.38555e-21  2.08657e-28 -1.14526e-21  1.77777e-29 -1.84136e-22 -1.09318e-29 -1.29389e-23 -4.13538e-30  2.55454e-24  1.48104e-31  1.13154e-24  2.40093e-31  2.37722e-25  6.49021e-33  3.41836e-26 -5.16182e-33  3.39751e-27 -4.52204e-34  1.74984e-28 -3.11613e-34 -1.19061e-29 -6.72898e-35 -4.16844e-30  4.26742e-35 -5.77938e-31  1.55862e-35 -5.45997e-32   1.6085e-36 -3.80088e-33 -4.36372e-38 -1.94344e-34 -5.09919e-38  -6.8221e-36 -7.89142e-39 -1.25638e-37 -5.65161e-40  1.06441e-39  -3.3523e-41  1.08973e-40  -1.3711e-42   2.0604e-42 -1.83472e-44
-2.78086e-28  3.42043e-13  5.84684e-27 -6.93879e-12 -2.46799e-26   7.2134e-11 -1.82925e-25  -4.8113e-10   2.8566e-24  2.26149e-09  -1.9223e-23 -7.85883e-09  8.87749e-23  2.06941e-08 -3.12514e-22 -4.16549e-08   8.5848e-22  6.36933e-08 -1.80658e-21 -7.19951e-08  2.69955e-21  5.59839e-08 -2.04244e-21 -2.35811e-08 -2.34112e-21 -2.81602e-09  1.12662e-20  9.15194e-09 -2.15097e-20 -2.64628e-09  2.58607e-20 -2.07621e-09 -1.81332e-20  1.13688e-09 -2.12838e-22  4.92334e-10  1.91554e-20 -3.15789e-10 -2.76365e-20 -1.46742e-10  2.27264e-20  6.28902e-11 -1.10515e-20  4.56435e-11  1.61248e-21 -4.99524e-12  1.74315e-21 -1.12513e-11 -1.09382e-21 -2.10394e-12 -4.39423e-23  1.58386e-12  2.59067e-22  9.23777e-13 -2.35813e-23  4.54106e-14  -7.5974e-23 -1.38184e-13   2.4193e-23  -6.0444e-14  1.43439e-23 -3.47377e-15 -9.33081e-24  6.98535e-15   3.6746e-25  3.31467e-15  5.14077e-25  5.26627e-16 -4.62885e-26 -1.53096e-16  2.00775e-25 -1.17652e-16  -8.0784e-26 -3.35055e-17 -6.69765e-26 -3.21457e-18  2.58705e-26  1.41186e-18  1.35275e-26  7.83274e-19 -3.66599e-27  2.02751e-19 -1.79208e-27  2.75073e-20 -2.59499e-28 -1.16728e-21  3.49014e-28 -1.72586e-21  4.76472e-29 -5.14997e-22 -1.45031e-29 -9.53603e-23 -7.23623e-30 -1.11108e-23 -2.20973e-31 -3.39988e-25  2.95066e-31  1.90187e-25  8.93124e-33  5.41909e-26 -8.53818e-33  8.91187e-27 -1.12828e-33  1.04698e-27 -5.14117e-34  8.86739e-29  -4.0538e-35    4.662e-30   8.3686e-35 -2.80572e-33  2.43394e-35 -3.04062e-32  2.37284e-36  -3.6363e-33 -7.46662e-38 -2.63299e-34 -6.55852e-38  -1.3222e-35 -8.74353e-39 -4.56588e-37 -5.77425e-40  -1.0102e-38 -3.05323e-41 -1.23543e-40 -8.93498e-43 -4.87372e-43
-1.22975e-13 -5.14639e-27  4.53375e-12  5.88622e-26 -6.40716e-11 -1.82925e-25  5.34718e-10 -1.10013e-24 -3.02933e-09  1.47402e-23  1.24515e-08 -8.86851e-23 -3.84592e-08  3.77887e-22  9.07755e-08 -1.25474e-21 -1.64125e-07  3.30111e-21  2.24248e-07  -6.7535e-21 -2.22464e-07  1.01056e-20  1.43848e-07 -8.84116e-21 -3.75039e-08 -3.04729e-21  -2.5049e-08  2.71225e-20  2.40493e-08 -5.40962e-20 -4.19162e-10  6.57115e-20 -7.22775e-09  -4.8359e-20  1.15111e-09  7.65786e-21  1.97701e-09  3.26508e-20 -2.89237e-10 -4.95834e-20 -5.38247e-10  3.93814e-20  2.11637e-12 -1.72259e-20  1.29251e-10  7.65037e-22  2.81462e-11  3.93245e-21 -2.08758e-11 -1.89113e-21 -1.18955e-11 -2.72947e-22  3.17546e-13   4.9796e-22  2.32191e-12 -1.12766e-23  7.83509e-13  -1.3682e-22 -8.85796e-14  2.85089e-23 -1.56581e-13  2.80579e-23 -4.98344e-14 -1.13992e-23  1.02438e-15 -1.89456e-24  6.75874e-15  5.80188e-25  2.68252e-15   3.5704e-25   3.7276e-16  3.56766e-25 -1.17273e-16 -1.86468e-25  -8.2531e-17 -1.24139e-25 -2.32131e-17  4.93761e-26 -2.74188e-18  2.44719e-26  5.84942e-19 -5.57965e-27  3.94988e-19 -3.41488e-27  1.09729e-19 -5.09251e-28  1.80043e-20  5.17731e-28  9.92816e-22  1.03132e-28 -4.17814e-22 -1.37023e-29 -1.63842e-22 -1.10727e-29 -3.43538e-23 -9.93118e-31  -4.9016e-24  2.67645e-31 -4.44918e-25 -1.33734e-32 -7.47434e-27 -1.96036e-32  5.91511e-27 -2.86429e-33  1.30706e-27 -6.52414e-34  1.72855e-28  6.66357e-35  1.65386e-29  1.37811e-34  1.17257e-30   3.3476e-35  5.82931e-32  3.11568e-36  1.55663e-33 -9.77924e-38 -2.96354e-35 -7.21097e-38 -5.36599e-36 -8.30494e-39 -2.67755e-37 -4.90586e-40 -7.12423e-39 -2.12543e-41 -9.19974e-41 -3.60615e-43
 2.30501e-27 -2.12339e-12 -6.00695e-26  4.46092e-11  4.57211e-25  -4.8113e-10 -1.10013e-24  3.33641e-09 -5.48642e-24 -1.63451e-08  6.38969e-23  5.93815e-08 -3.47555e-22 -1.64109e-07  1.38081e-21  3.48521e-07 -4.36111e-21 -5.66631e-07  1.10436e-20  6.89913e-07 -2.19737e-20 -5.93911e-07   3.2635e-20  3.04662e-07 -3.07833e-20 -1.73381e-08  1.71991e-21   -9.252e-08  5.64173e-20  4.52492e-08 -1.19474e-19  1.51913e-08  1.45951e-19 -1.68669e-08 -1.09618e-19 -2.52626e-09   2.7285e-20  4.84892e-09   5.0603e-20   8.4767e-10 -8.13596e-20 -1.18116e-09   6.2366e-20 -3.85075e-10 -2.42816e-20  2.06387e-10  -1.8011e-21  1.35856e-10  7.46622e-21 -7.87906e-12 -2.90795e-21 -3.02597e-11 -7.15238e-22 -8.37488e-12   8.1868e-22  2.63858e-12  4.38554e-23  2.42635e-12 -2.17236e-22   5.0009e-13  1.65956e-23 -1.74133e-13  5.17612e-23 -1.42301e-13 -1.12522e-23 -3.51929e-14 -6.58289e-24  3.13704e-15  3.94421e-25  5.37624e-15  1.16991e-24  1.89767e-15  6.15464e-25  2.52765e-16 -3.68496e-25 -6.86942e-17 -2.13133e-25 -4.84398e-17  8.45853e-26 -1.38276e-17  4.10958e-26 -1.97734e-18 -7.46117e-27   1.1953e-19 -5.81663e-27  1.52661e-19 -9.79926e-28  4.68289e-20  6.84902e-28  8.77456e-21  1.91589e-28  9.46466e-22 -3.79441e-30 -1.64887e-23 -1.47294e-29 -3.29387e-23 -2.14029e-30 -8.35516e-24  9.46135e-32 -1.35264e-24 -9.41038e-32 -1.56097e-25 -4.68568e-32  -1.2012e-26 -6.74425e-33 -3.12247e-28 -7.00069e-34  7.19544e-29  2.61299e-34  1.40204e-29   1.9599e-34  1.48601e-30  4.10787e-35  1.10572e-31  3.66113e-36  6.01236e-33 -1.05435e-37  2.33001e-34 -6.84255e-38  5.90415e-36 -6.76327e-39  7.75894e-38  -3.4247e-40 -5.34074e-41 -1.08619e-41 -9.01946e-42
 6.23282e-13   3.6769e-26 -2.38047e-11  -5.1593e-25  3.49103e-10   2.8566e-24 -3.02933e-09 -5.48642e-24  1.78853e-08 -2.29993e-23 -7.68232e-08  2.34988e-22  2.48813e-07 -1.16784e-21 -6.18549e-07  4.37715e-21  1.18524e-06 -1.32786e-20 -1.73267e-06  3.25553e-20  1.87091e-06 -6.30918e-20  -1.3726e-06  9.24924e-20  5.06857e-07 -9.06691e-20  1.34418e-07  2.54647e-20 -2.40135e-07  1.02159e-19  4.91676e-08 -2.35195e-19  6.21294e-08  2.88355e-19 -2.57513e-08 -2.17548e-19 -1.59104e-08  6.50535e-20  7.44195e-09  7.23432e-20  4.69946e-09 -1.23446e-19 -1.39955e-09  9.13657e-20 -1.39279e-09 -3.13923e-20  4.09554e-11 -6.68458e-21  3.24109e-10  1.24764e-20  8.25116e-11 -4.05156e-21 -4.02672e-11 -1.41204e-21 -2.94405e-11  1.17881e-21 -3.20299e-12  1.74647e-22  3.84573e-12 -3.12254e-22  2.01443e-12 -2.31506e-23  2.26356e-13  8.77409e-23 -1.91809e-13 -7.26168e-24 -1.09238e-13 -1.44278e-23 -2.21273e-14 -1.91664e-25  3.12048e-15  2.53739e-24  3.60811e-15  1.00061e-24  1.18688e-15 -6.52146e-25  1.64782e-16 -3.39279e-25 -2.95701e-17  1.32013e-25 -2.35488e-17  6.46443e-26 -6.97921e-18 -8.59684e-27 -1.16443e-18  -9.0076e-27 -4.08788e-20 -1.79548e-27  4.14008e-20  8.03391e-28  1.52053e-20  3.15172e-28  3.17855e-21  2.01165e-29  4.40229e-22 -1.66315e-29  3.23386e-23 -3.43923e-30  -2.2811e-24 -2.81501e-31 -1.21942e-24 -2.72544e-31  -2.3294e-25 -9.96093e-32 -3.01467e-26  -1.4073e-32 -2.86368e-27 -7.58642e-34 -1.93213e-28   5.0065e-34 -7.29708e-30  2.43556e-34  1.63433e-31  4.51861e-35  4.98307e-32  3.84508e-36  4.19422e-33 -9.72477e-38  2.16576e-34 -5.62384e-38  7.30423e-36 -4.68906e-39  1.52305e-37 -1.91419e-40  1.58653e-39 -3.57636e-42
 -1.2317e-26  9.24375e-12  3.77082e-25 -2.01604e-10  -3.4849e-24  2.26149e-09  1.47402e-23 -1.63451e-08 -2.29993e-23  8.36674e-08 -8.15515e-23 -3.18567e-07  7.35052e-22  9.26255e-07 -3.37585e-21 -2.08019e-06  1.21143e-20  3.60292e-06 -3.57287e-20 -4.72954e-06  8.54134e-20    4.494e-06 -1.61614e-19 -2.72691e-06  2.33096e-19  5.49719e-07 -2.32391e-19  6.05751e-07  9.63337e-20 -4.72032e-07  1.61217e-19 -3.25887e-08 -4.17472e-19  1.56262e-07  5.13202e-19 -1.28816e-08 -3.85096e-19 -4.48114e-08  1.25792e-19  3.18454e-09  9.63376e-20  1.22985e-08 -1.74472e-19  7.72006e-10  1.25046e-19 -2.89328e-09 -3.77809e-20 -8.24227e-10  -1.4092e-20  4.33562e-10  1.88573e-20  3.02248e-10 -5.19091e-21  9.59707e-12  -2.3657e-21 -5.43289e-11  1.51325e-21 -2.15738e-11  4.09891e-22  9.58301e-13 -4.13285e-22  3.80661e-12 -9.90094e-23  1.40054e-12  1.36503e-22  4.96498e-14  1.52993e-24 -1.60078e-13 -2.58574e-23 -7.30226e-14 -1.20645e-24 -1.28602e-14  4.59409e-24  2.09028e-15  1.51221e-24  2.06239e-15 -1.06196e-24  6.56386e-16 -5.04421e-25  9.98801e-17  1.90216e-25 -7.66409e-18  9.60563e-26 -9.23989e-18  -8.0191e-27 -2.91897e-18 -1.28393e-26  -5.4888e-19 -3.07764e-27 -5.14724e-20  8.15518e-28  5.55107e-21  4.68268e-28  3.49823e-21  6.16552e-29   8.3395e-22 -1.48395e-29  1.32283e-22 -4.51763e-30  1.44208e-23 -9.00011e-31  8.30532e-25 -5.79694e-31 -5.31888e-26 -1.84125e-31 -2.15478e-26 -2.58469e-32 -3.27296e-27 -1.05545e-33 -3.37467e-28   6.9856e-34   -2.567e-29  2.65146e-34 -1.43347e-30  4.44946e-35 -5.43678e-32  3.58869e-36 -1.00526e-33  -7.9048e-38  2.02462e-35  -3.9982e-38  1.88962e-36 -2.72604e-39  4.95467e-38 -8.12014e-41  4.21347e-40
-2.27329e-12 -1.77236e-25  9.01877e-11  2.88881e-24 -1.37627e-09  -1.9223e-23  1.24515e-08  6.38969e-23 -7.68232e-08 -8.15515e-23  3.45778e-07 -2.43901e-22 -1.17748e-06  1.94069e-21  3.09114e-06 -8.35736e-21 -6.29225e-06   2.9332e-20  9.85946e-06 -8.54847e-20 -1.15879e-05  2.01045e-19  9.57301e-06 -3.72643e-19 -4.54924e-06  5.27852e-19 -1.02782e-07 -5.27902e-19  1.64035e-06  2.61448e-19   -6.744e-07  2.20181e-19 -3.23128e-07 -6.74384e-19  2.79668e-07  8.30566e-19  6.46903e-08 -6.15688e-19 -8.40647e-08   2.1019e-19 -2.06804e-08  1.19924e-19  2.06587e-08  -2.3074e-19  8.33246e-09  1.61284e-19 -3.45259e-09 -4.31215e-20 -2.76153e-09 -2.36925e-20  1.68088e-11   2.6293e-20  5.87967e-10 -6.19488e-21  1.91025e-10  -3.5386e-21 -4.34507e-11  1.75531e-21 -5.01719e-11  7.60758e-22 -1.22217e-11 -5.10641e-22  2.96172e-12 -2.11002e-22  3.00235e-12  1.96563e-22  8.45493e-13  1.44806e-23 -2.52752e-14  -4.0937e-23 -1.09712e-13 -2.45858e-24 -4.32873e-14   7.4647e-24 -7.10772e-15    2.122e-24  1.01979e-15 -1.61968e-24  1.00097e-15  -7.0791e-25  3.17835e-16  2.55783e-25  5.37842e-17   1.3578e-25  5.13185e-19 -4.64781e-27 -2.77026e-18 -1.69963e-26 -9.80401e-19 -4.90493e-27 -2.03253e-19  6.66636e-28 -2.64057e-20  6.37723e-28 -1.07491e-21  1.21877e-28  4.62501e-22 -7.66946e-30  1.48179e-22 -5.01058e-30  2.64392e-23 -1.77489e-30  3.33651e-24 -1.02321e-30  3.00367e-25 -2.99673e-31  1.61609e-26  -4.2091e-32 -1.92842e-28 -1.83776e-33 -1.53996e-28  7.63169e-34 -1.92724e-29  2.51636e-34 -1.51686e-30  3.89766e-35 -8.43085e-32  2.94932e-36 -3.31509e-33 -5.82428e-38 -8.75404e-35 -2.44298e-38 -1.35866e-36 -1.29233e-39 -8.58281e-39 -2.27495e-41
 4.47024e-26   -2.957e-11 -1.65843e-24  6.71558e-10  1.76238e-23 -7.85883e-09 -8.86851e-23  5.93815e-08  2.34988e-22 -3.18567e-07 -2.43901e-22  1.27507e-06 -6.03777e-22 -3.91188e-06  4.20358e-21   9.3162e-06 -1.73915e-20 -1.72315e-05  6.19031e-20  2.44229e-05 -1.82591e-19 -2.55735e-05  4.27331e-19  1.80199e-05 -7.79258e-19 -5.96107e-06  1.08336e-18 -2.43952e-06 -1.07677e-18  3.35723e-06  5.84387e-19 -4.97892e-07  2.54807e-19 -9.55104e-07 -9.99269e-19   3.2873e-07  1.23085e-18  2.58579e-07 -8.96756e-19  -1.0003e-07  3.13187e-19  -7.7313e-08  1.38798e-19  1.82644e-08 -2.86235e-19  2.27493e-08  1.97747e-19  2.79966e-10 -4.78408e-20 -5.21983e-09 -3.46689e-20 -1.54274e-09  3.43511e-20  6.08705e-10 -6.96439e-21  5.12503e-10 -4.85924e-21  7.17267e-11  1.85863e-21 -6.28415e-11  1.20902e-21 -3.66264e-11 -5.97039e-22 -5.16636e-12 -3.47162e-22  3.13389e-12  2.65012e-22  2.00606e-12  2.87196e-23  4.57747e-13 -5.94642e-23  -3.6722e-14 -3.51235e-24 -6.37324e-14   1.1271e-23 -2.29408e-14   2.7833e-24 -3.75743e-15 -2.34052e-24  3.37629e-16 -9.48647e-25  4.06121e-16  3.23535e-25  1.32322e-16   1.8349e-25   2.4728e-17  2.49126e-27  1.78986e-18 -2.10309e-26 -5.48972e-19 -7.27043e-27 -2.51788e-19  3.24289e-28 -5.75946e-20  8.06658e-28 -8.80653e-21  1.98567e-28 -8.38127e-22  5.54674e-30 -8.78757e-24 -4.76248e-30  1.44506e-23 -2.89188e-30  3.29952e-24 -1.57778e-30  4.61336e-25 -4.36382e-31   4.6792e-26  -6.1389e-32   3.4951e-27 -3.21042e-33    1.777e-28   6.4587e-34  3.89325e-30  2.05205e-34 -2.59706e-31   3.0032e-35 -3.24728e-32  2.10672e-36 -1.76922e-33  -3.9811e-38 -5.69864e-35 -1.26578e-38 -1.01833e-36 -4.72893e-40 -6.70588e-39
 6.16651e-12  6.02892e-25 -2.55004e-10 -1.17015e-23   4.0632e-09  8.87749e-23 -3.84592e-08 -3.47555e-22  2.48813e-07  7.35052e-22 -1.17748e-06 -6.03777e-22  4.22982e-06 -1.16478e-21 -1.17636e-05   6.8213e-21  2.55131e-05 -2.87959e-20 -4.29518e-05  1.12316e-19   5.4994e-05 -3.48682e-19 -5.09077e-05  8.24688e-19  2.96358e-05 -1.48759e-18 -4.67762e-06  2.03003e-18  -7.7534e-06 -1.99166e-18  5.37459e-06   1.1309e-18  7.00948e-07  2.36473e-19 -1.92811e-06 -1.36759e-18  7.40069e-08  1.67833e-18  5.78699e-07 -1.19667e-18 -1.87136e-08  4.24504e-19 -1.62722e-07  1.46481e-19 -1.57361e-08 -3.33406e-19  3.86946e-08  2.32663e-19  1.24339e-08 -5.31326e-20 -5.69776e-09 -4.59558e-20 -4.41076e-09  4.25718e-20 -2.46587e-10 -7.43886e-21  7.79595e-10  -6.2243e-21  3.34022e-10  1.80926e-21 -6.14831e-12  1.70056e-21 -5.68242e-11 -6.70547e-22 -2.24143e-11 -4.82676e-22 -1.32761e-12  3.38632e-22  2.38453e-12  3.92378e-23  1.17294e-12  -8.1169e-23  2.29402e-13 -3.77649e-24 -2.43254e-14  1.61277e-23  -3.1712e-14  3.45165e-24 -1.08521e-14 -3.22623e-24 -1.86065e-15 -1.22623e-24  4.09541e-17  3.86794e-25  1.33285e-16  2.37693e-25  4.61514e-17   1.3985e-26  9.40023e-18 -2.44415e-26  1.08025e-18 -1.00516e-26 -2.55656e-20 -2.01331e-28 -4.47485e-20  9.60833e-28   -1.194e-20  2.86357e-28 -2.03177e-21  2.38816e-29 -2.43465e-22 -3.96237e-30  -1.8563e-23 -4.20557e-30 -1.96976e-25 -2.18538e-30  1.93674e-25 -5.76126e-31  3.53169e-26  -8.0913e-32  3.87651e-27 -5.01662e-33  3.05644e-28   3.7102e-34  1.77588e-29  1.39087e-34  7.35848e-31   1.9977e-35  1.94234e-32  1.28305e-36  2.02086e-34 -2.54025e-38  -4.6834e-36 -5.42073e-39 -1.53259e-37  -1.1613e-40
-1.03922e-25  7.11129e-11   5.3159e-24 -1.68843e-09 -6.62925e-23  2.06941e-08  3.77887e-22 -1.64109e-07 -1.16784e-21  9.26255e-07  1.94069e-21 -3.91188e-06 -1.16478e-21  1.27102e-05 -1.36624e-21 -3.22103e-05  5.07004e-21  6.38198e-05 -3.08135e-20 -9.78824e-05  1.68836e-19  0.000112907 -5.94253e-19 -9.13011e-05  1.45161e-18  4.14176e-05  -2.6077e-18  3.38151e-06  3.49547e-18 -1.69598e-05 -3.36702e-18  6.32858e-06  1.94205e-18  3.70125e-06  1.46335e-19 -2.87803e-06 -1.73972e-18 -8.01243e-07  2.11134e-18  9.08343e-07 -1.46748e-18  2.56199e-07  5.31602e-19 -2.30306e-07  1.34281e-19 -1.01462e-07 -3.64753e-19  3.89326e-08  2.65486e-19  3.37589e-08 -6.05814e-20  2.91211e-10 -5.65606e-20 -7.27116e-09  5.04812e-20 -2.49195e-09 -7.57482e-21   5.2148e-10 -7.48823e-21  6.52957e-10  1.62403e-21  1.67729e-10  2.14618e-21 -3.66328e-11 -7.35697e-22 -4.03361e-11 -5.82875e-22 -1.19246e-11  4.15057e-22  1.26872e-13   3.9869e-23  1.47326e-12 -1.05891e-22  6.11389e-13 -2.68795e-24   1.0921e-13  2.21099e-23 -1.07579e-14  4.10484e-24 -1.34694e-14 -4.25591e-24 -4.53281e-15 -1.53948e-24 -8.32218e-16  4.37831e-25 -3.41121e-17  2.95321e-25  3.30002e-17  2.97248e-26  1.30049e-17 -2.67847e-26  2.86697e-18 -1.30026e-26  4.09207e-19 -8.42964e-28  2.75829e-20  1.09473e-27 -3.81315e-21  3.77563e-28 -1.64521e-21  4.47286e-29 -3.17416e-22 -3.11837e-30 -4.22885e-23 -5.63361e-30 -4.10545e-24 -2.76549e-30 -2.70791e-25 -6.96399e-31 -7.22231e-27 -9.70514e-32  8.58101e-28 -6.84836e-33  1.45655e-28  2.66467e-35  1.21585e-29  7.17651e-35  6.74951e-31   1.1093e-35  2.56924e-32  6.45498e-37  6.37027e-34 -1.48069e-38  8.85701e-36 -1.82065e-39   4.2821e-38
-1.26071e-11 -1.38779e-24   5.4597e-10  3.54898e-23 -9.12545e-09 -3.12514e-22  9.07755e-08  1.38081e-21 -6.18549e-07 -3.37585e-21  3.09114e-06  4.20358e-21 -1.17636e-05 -1.36624e-21  3.47996e-05  1.15701e-21 -8.07182e-05 -1.60897e-20  0.000146472   1.1413e-20 -0.000204676  1.87391e-19  0.000211744  -8.9756e-19 -0.000146792  2.33945e-18  4.56316e-05 -4.22083e-18  2.35628e-05  5.56365e-18 -2.92797e-05 -5.23655e-18  3.60509e-06  3.00117e-18  8.90152e-06 -6.91256e-21 -2.87672e-06 -2.06929e-18 -2.51522e-06  2.45045e-18  9.31042e-07 -1.65393e-18  7.73617e-07  6.24179e-19 -1.76507e-07  9.23335e-20 -2.34005e-07 -3.74917e-19 -3.98189e-09  2.97075e-19  5.54153e-08  -7.1436e-20  1.67685e-08 -6.58265e-20 -6.67799e-09  5.75059e-20 -5.73013e-09  -7.3146e-21 -8.16592e-10 -8.44443e-21  7.21983e-10  1.33888e-21  4.27678e-10  2.43072e-21  6.20206e-11 -8.02334e-22 -3.69234e-11 -6.09921e-22 -2.41924e-11  4.93423e-22 -5.68968e-12  2.49532e-23  3.82437e-13 -1.33592e-22  7.70648e-13  8.37093e-26  2.86489e-13   2.9186e-23  4.98175e-14   4.7493e-24 -2.97318e-15 -5.37777e-24 -4.80205e-15 -1.88217e-24 -1.63989e-15  4.68737e-25   -3.235e-16  3.51552e-25 -2.92041e-17  4.86526e-26  5.00263e-18 -2.77896e-26  2.79457e-18 -1.57746e-26  6.76629e-19 -1.47629e-27  1.09166e-19  1.21405e-27  1.16463e-20  4.63438e-28  4.83548e-22  6.43512e-29 -1.06608e-22 -2.85829e-30 -3.02286e-23 -7.05102e-30 -4.48881e-24 -3.23199e-30 -4.71561e-25 -7.75978e-31 -3.67476e-26 -1.06455e-31 -2.06053e-27 -8.19768e-33 -7.11264e-29 -2.78311e-34 -2.25922e-31  1.89431e-35  1.35455e-31  4.77407e-36  8.33328e-33  2.52121e-37  2.48166e-34 -7.49697e-39  3.42441e-36 -4.17849e-40
 8.93953e-26 -1.29307e-10 -1.20453e-23  3.22751e-09  1.90971e-22 -4.16549e-08 -1.25474e-21  3.48521e-07  4.37715e-21 -2.08019e-06 -8.35736e-21   9.3162e-06   6.8213e-21 -3.22103e-05  1.15701e-21  8.72551e-05  1.30619e-20 -0.000185954 -9.23398e-20  0.000309625  1.73728e-19 -0.000393848   6.9952e-20  0.000362878 -1.18077e-18 -0.000209105   3.4634e-18  2.88339e-05 -6.34226e-18    6.036e-05  8.23222e-18 -4.06322e-05 -7.53437e-18 -6.22449e-06  4.20827e-18  1.54854e-05 -1.73989e-19 -4.89769e-07 -2.31417e-18 -4.85656e-06  2.61347e-18  1.58613e-07  -1.7066e-18  1.42243e-06  6.98397e-19  1.32777e-07  1.19008e-20 -3.54003e-07 -3.62631e-19 -1.12429e-07  3.29197e-19  5.54091e-08 -8.57531e-20  4.21144e-08 -7.35318e-20  1.91246e-09  6.28479e-20 -7.86845e-09 -6.57098e-21 -3.32175e-09 -8.81561e-21  1.01489e-10  9.95353e-22   5.9713e-10  2.43093e-21  2.33593e-10 -8.82616e-22  1.27383e-11 -5.31825e-22 -2.58714e-11  5.74121e-22 -1.27135e-11 -8.86513e-24 -2.51306e-12 -1.64122e-22  2.55437e-13  4.50567e-24  3.46147e-13  3.71399e-23  1.20526e-13  5.40709e-24  2.14423e-14 -6.50665e-24 -9.39968e-17 -2.23806e-24 -1.38696e-15  4.72776e-25  -4.9993e-16  4.00081e-25 -1.05479e-16  6.86829e-26 -1.31969e-17   -2.743e-26 -1.21638e-19 -1.79619e-26  4.04111e-19 -1.93998e-27  1.16845e-19  1.33271e-27  2.06696e-20  5.35474e-28  2.59378e-21   7.8921e-29   2.2145e-22 -3.64278e-30  8.13115e-24 -8.29358e-30 -1.06824e-24 -3.51186e-30 -2.51915e-25 -8.00515e-31 -2.91095e-26 -1.07104e-31 -2.32122e-27 -8.67237e-33 -1.34782e-28 -4.63803e-34 -5.61409e-30 -1.20858e-35 -1.56456e-31  1.23023e-36 -2.42076e-33  6.45092e-38 -7.83087e-36 -3.04048e-39  1.67682e-37
 1.93535e-11  1.57254e-24 -8.83797e-10 -7.87218e-23  1.55988e-08   8.5848e-22 -1.64125e-07 -4.36111e-21  1.18524e-06  1.21143e-20 -6.29225e-06 -1.73915e-20  2.55131e-05  5.07004e-21 -8.07182e-05  1.30619e-20  0.000201251  4.91922e-20 -0.000395371 -2.92623e-19  0.000604852  5.89353e-19 -0.000698964 -3.50141e-19  0.000567479 -1.29541e-18 -0.000257035   4.7228e-18 -2.65022e-05 -8.89578e-18  0.000113615  1.13871e-17 -4.26726e-05 -1.00789e-17 -2.58775e-05   5.3769e-18  2.06332e-05 -2.65527e-19  5.68254e-06 -2.44549e-18 -6.85071e-06  2.53328e-18 -1.85543e-06 -1.59533e-18  1.83752e-06  7.59002e-19  7.75946e-07 -1.11514e-19 -3.37533e-07  -3.3179e-19 -2.75648e-07  3.63454e-19  4.55196e-09 -1.01749e-19  6.38191e-08 -7.98093e-20  2.06848e-08  6.54243e-20 -5.31643e-09 -5.24383e-21 -5.95266e-09 -8.27541e-21 -1.44572e-09   6.3151e-22  3.84807e-10  2.04098e-21  3.84864e-10 -9.86948e-22   1.1037e-10 -3.31466e-22 -2.93397e-12   6.5759e-22 -1.46418e-11 -6.13747e-23  -5.9757e-12  -1.9682e-22 -1.05763e-12  1.01892e-23  1.08985e-13  4.55189e-23  1.33254e-13  6.09024e-24  4.50364e-14 -7.53053e-24   8.4239e-15 -2.57817e-24  4.24395e-16  4.45893e-25 -3.00744e-16  4.33926e-25  -1.2355e-16  8.69198e-26 -2.78617e-17 -2.59138e-26 -4.13356e-18 -1.91684e-26 -3.28594e-19 -2.07426e-27   2.1873e-20  1.46492e-27  1.30993e-20  5.86517e-28  2.65595e-21  8.56674e-29  3.62749e-22 -5.53346e-30   3.6318e-23 -9.17951e-30  2.58879e-24 -3.56127e-30  1.05274e-25 -7.66317e-31 -1.95924e-27 -9.89687e-32 -7.23382e-28 -8.15929e-33   -6.453e-29 -5.07339e-34 -3.50514e-30 -2.30624e-35 -1.24417e-31 -2.01273e-37 -2.71462e-33   1.9963e-39 -2.92025e-35 -8.40791e-40
 3.98303e-25  1.75659e-10  1.57853e-23 -4.64867e-09 -4.13059e-22  6.36933e-08  3.30111e-21 -5.66631e-07 -1.32786e-20  3.60292e-06   2.9332e-20 -1.72315e-05 -2.87959e-20  6.38198e-05 -1.60897e-20 -0.000185954  4.91922e-20  0.000428677   1.3706e-19 -0.000778571 -7.28132e-19   0.00109511  1.45141e-18  -0.00114574 -1.30103e-18  0.000806333 -1.03112e-18  -0.00025474   5.9449e-18 -0.000136461 -1.17151e-17  0.000174108    1.481e-17 -2.37405e-05 -1.25933e-17 -5.48811e-05  6.26247e-18  1.94291e-05  -1.7035e-19  1.59635e-05 -2.45128e-18 -6.69824e-06  2.17346e-18 -5.12308e-06 -1.31863e-18  1.42613e-06  8.18322e-19  1.65009e-06 -2.75297e-19 -3.40708e-08 -2.91173e-19 -4.23429e-07  4.00081e-19 -1.14432e-07 -1.15693e-19  5.84983e-08 -8.49559e-20   4.4777e-08  6.39671e-20   5.0522e-09 -3.26372e-21  -6.3925e-09 -6.51339e-21 -3.49314e-09  2.78615e-22 -4.25864e-10  1.20153e-21  3.45842e-10 -1.11959e-21  2.09416e-10 -1.29521e-23  4.65432e-11  7.42495e-22  -4.5889e-12  -1.2858e-22 -7.02565e-12 -2.30117e-22 -2.53699e-12  1.65318e-23 -4.30086e-13  5.36487e-23  3.00398e-14  6.77862e-24  4.32774e-14 -8.32563e-24  1.46581e-14 -2.86292e-24  2.90534e-15  3.87818e-25  2.75374e-16  4.46681e-25 -3.85113e-17  1.00213e-25 -2.32628e-17 -2.35821e-26 -5.72268e-18 -1.90835e-26 -9.38942e-19 -1.76809e-27 -1.04673e-19    1.616e-27 -5.72647e-21  6.11633e-28  5.67997e-22   8.3689e-29  2.01724e-22 -8.13515e-30  3.10195e-23 -9.55045e-30   3.2864e-24 -3.37543e-30  2.57588e-25 -6.81121e-31  1.47923e-26 -8.39806e-32  5.71818e-28   -6.852e-33  1.01882e-29 -4.39914e-34 -2.90607e-31  -2.1165e-35 -2.48236e-32 -4.64341e-37 -6.61545e-34 -7.04332e-39 -5.74206e-36
-2.17325e-11   2.5912e-24  1.05869e-09  1.11437e-22 -1.99464e-08 -1.80658e-21  2.24248e-07  1.10436e-20 -1.73267e-06 -3.57287e-20  9.85946e-06  6.19031e-20 -4.29518e-05 -3.08135e-20  0.000146472 -9.23398e-20 -0.000395371   1.3706e-19  0.000846288  3.19504e-19  -0.00142452 -1.54758e-18   0.00184232  2.98707e-18  -0.00173578 -3.03153e-18   0.00103135 -1.55055e-19 -0.000156153   6.9176e-18 -0.000306565 -1.45768e-17  0.000220829  1.82214e-17   2.7416e-05 -1.47613e-17 -8.70843e-05  6.61816e-18  6.08706e-06  2.12267e-19  2.84203e-05 -2.33435e-18 -2.25726e-06   1.5375e-18 -8.81092e-06 -9.05871e-19 -4.04653e-07  8.92466e-19  2.37857e-06  -4.6832e-19  6.38662e-07 -2.52789e-19 -4.26889e-07  4.37204e-19 -2.80692e-07 -1.22507e-19  1.88614e-09 -8.92419e-20  5.98664e-08  5.73095e-20  2.25634e-08  -6.3986e-22 -2.03041e-09 -3.33404e-21 -4.74036e-09 -3.96606e-23 -1.69369e-09 -7.49527e-23 -2.84936e-11 -1.27469e-21   2.2016e-10  3.96863e-22   1.0003e-10  8.24027e-22  1.81415e-11 -2.03649e-22 -2.73724e-12 -2.61422e-22 -2.90681e-12  2.29206e-23 -9.72639e-13  6.07295e-23 -1.67027e-13  7.41814e-24  2.60098e-15 -8.77604e-24  1.14638e-14 -3.04922e-24  4.04027e-15  3.02322e-25  8.47007e-16  4.33981e-25  1.07205e-16  1.05963e-25   1.9172e-18  -2.0754e-26 -2.90911e-18  -1.7553e-26 -8.59188e-19  -9.9881e-28 -1.52809e-19  1.77618e-27 -1.93704e-20  6.08716e-28 -1.71965e-21  7.41237e-29 -8.13078e-23 -1.07419e-29   4.0136e-24 -9.31976e-30  1.32469e-24 -2.98971e-30  1.57702e-25 -5.61656e-31  1.24066e-26 -6.53449e-32  6.97898e-28 -5.14128e-33  2.78529e-29 -3.18622e-34  7.41207e-31 -1.42222e-35  1.13326e-32  -3.0999e-37  6.47834e-35 -3.15401e-39
-2.09905e-24 -1.71245e-10  6.59671e-24     4.88e-09  6.07699e-22 -7.19951e-08  -6.7535e-21  6.89913e-07  3.25553e-20 -4.72954e-06 -8.54847e-20  2.44229e-05  1.12316e-19 -9.78824e-05   1.1413e-20  0.000309625 -2.92623e-19 -0.000778571  3.19504e-19   0.00155352  6.51625e-19   -0.0024288  -2.9081e-18    0.0028861  5.39516e-18  -0.00242909 -5.73787e-18   0.00116425  1.52512e-18   8.2742e-05  7.44242e-18 -0.000521794 -1.72543e-17  0.000222644  2.13447e-17  0.000115545 -1.63032e-17 -0.000109727  6.26193e-18 -2.34001e-05  9.37553e-19  3.82552e-05 -2.10661e-18  7.88109e-06  6.69148e-19 -1.10995e-05 -4.11594e-19 -3.84188e-06  9.96153e-19  2.34971e-06 -6.71903e-19   1.5762e-06 -2.29284e-19  -1.4687e-07  4.70981e-19 -4.19025e-07 -1.16995e-19 -1.12166e-07 -9.28094e-20  4.60675e-08  4.47835e-20  4.00846e-08  2.51314e-21  7.97925e-09  1.24101e-21  -3.4624e-09 -3.09554e-22 -2.75786e-09 -1.69129e-21 -7.01374e-10 -1.43356e-21  6.24473e-11  8.52559e-22  1.14212e-10  8.93153e-22  4.29115e-11 -2.78717e-22  6.78982e-12 -2.87435e-22 -1.12145e-12  2.88927e-23  -1.0369e-12  6.59946e-23 -3.33281e-13  7.94508e-24 -5.98865e-14 -8.79222e-24 -2.44294e-15 -3.10037e-24  2.30839e-15  1.96689e-25  9.06892e-16  3.94871e-25  2.01061e-16  1.02949e-25  2.96698e-17 -1.75886e-26  2.43068e-18 -1.46281e-26 -1.17055e-19  1.51185e-28 -8.25996e-20   1.9209e-27 -1.68416e-20  5.78798e-28  -2.2886e-21  5.96438e-29 -2.28581e-22 -1.26131e-29 -1.65742e-23 -8.50766e-30  -7.5905e-25 -2.47095e-30 -4.50806e-27 -4.28839e-31  2.61505e-27 -4.64963e-32  2.48056e-28 -3.44142e-33   1.2821e-29 -1.96068e-34  4.07264e-31 -7.52197e-36  7.26719e-33 -1.29729e-37  4.79667e-35
 1.65954e-11 -1.79837e-23 -8.83909e-10 -2.32155e-23  1.81665e-08  2.69955e-21 -2.22464e-07 -2.19737e-20  1.87091e-06  8.54134e-20 -1.15879e-05 -1.82591e-19   5.4994e-05  1.68836e-19 -0.000204676  1.73728e-19  0.000604852 -7.28132e-19  -0.00142452  6.51625e-19   0.00265979  1.18807e-18  -0.00386949 -4.91753e-18   0.00421786  8.75566e-18  -0.00313308 -9.47812e-18    0.0011072  4.09646e-18  0.000485575  7.38723e-18 -0.000740475 -1.95688e-17  0.000145906  2.39661e-17  0.000232523 -1.70432e-17 -0.000105522  5.13124e-18 -6.79589e-05  1.99121e-18  3.85002e-05 -1.78339e-18  2.30611e-05 -3.56043e-19 -9.58163e-06  9.65177e-20 -8.25261e-06  1.13808e-18  9.45649e-07 -8.63161e-19  2.41885e-06 -2.31118e-19  4.75081e-07  4.96638e-19 -4.13755e-07 -9.53504e-20 -2.53203e-07 -9.56772e-20 -1.07362e-08  2.65901e-20  4.48856e-08  5.98332e-21  2.06942e-08  6.90743e-21  1.33807e-09 -5.32156e-22 -2.63715e-09 -3.47152e-21 -1.35896e-09 -1.56447e-21 -2.55196e-10  1.29925e-21  5.12888e-11  9.37435e-22  5.06126e-11 -3.46917e-22  1.67327e-11  -3.0491e-22  2.50378e-12  3.41688e-23 -3.29494e-13  6.88789e-23 -3.14531e-13  8.32612e-24 -1.00079e-13 -8.32436e-24 -1.90022e-14 -2.99525e-24 -1.65409e-15  8.08872e-26  2.87827e-16   3.3274e-25  1.55929e-16  9.18872e-26  3.72231e-17 -1.40321e-26  6.00163e-18 -1.05762e-26  6.65618e-19  1.50907e-27  3.85296e-20  2.01779e-27  -2.7006e-21  5.25974e-28  -1.0737e-21  4.35231e-29 -1.64301e-22 -1.32478e-29 -1.70662e-23  -7.2445e-30 -1.30615e-24 -1.90096e-30 -7.35348e-26 -3.02275e-31 -2.86545e-27 -3.01342e-32 -6.26411e-29 -2.04632e-33  1.27245e-31 -1.02604e-34  4.98594e-32  -3.1438e-36  1.10158e-33 -3.33428e-38
  5.2931e-24  1.07027e-10 -9.60864e-23 -3.41264e-09 -3.37525e-22  5.59839e-08  1.01056e-20 -5.93911e-07 -6.30918e-20    4.494e-06  2.01045e-19 -2.55735e-05 -3.48682e-19  0.000112907  1.87391e-19 -0.000393848  5.89353e-19   0.00109511 -1.54758e-18   -0.0024288  1.18807e-18    0.0042595  1.95945e-18  -0.00577546  -7.5578e-18   0.00575895  1.29395e-17  -0.00370584 -1.41081e-17  0.000766193  7.50048e-18   0.00103699  6.71618e-18 -0.000896819 -2.14156e-17 -3.30458e-05  2.59676e-17  0.000353926 -1.69478e-17 -5.80814e-05  3.30609e-18 -0.000119023  3.28649e-18  2.22849e-05 -1.38065e-18   3.9651e-05 -1.44532e-18 -2.24442e-06  5.52457e-19 -1.20294e-05  1.31822e-18 -2.08371e-06 -1.01991e-18  2.61145e-06 -2.64211e-19  1.32393e-06  5.09997e-19  -1.6077e-07 -5.64715e-20 -3.51013e-07   -9.781e-20 -1.04628e-07   3.9902e-21  2.45165e-08  9.49839e-21  2.91633e-08  1.30807e-20  8.65766e-09 -7.28254e-22 -6.30965e-10 -5.18714e-21 -1.50244e-09 -1.62569e-21 -5.90019e-10  1.68427e-21 -8.48895e-11  9.43507e-22  2.60439e-11 -4.03974e-22  1.94901e-11 -3.11629e-22  5.93882e-12  3.85457e-23  9.03148e-13  6.91377e-23 -5.86784e-14  8.59107e-24 -7.87705e-14 -7.36989e-24 -2.55995e-14 -2.73327e-24 -5.12018e-15 -3.30649e-26 -6.13543e-16  2.55484e-25 -4.27307e-18  7.54492e-26  1.80433e-17 -9.88176e-27  5.04746e-18  -5.8452e-27  8.71288e-19  2.85377e-27  1.08079e-19  2.03755e-27  9.50264e-21  4.56791e-28  4.73252e-22  2.86614e-29  -1.3145e-23 -1.25374e-29 -5.63429e-24 -5.73743e-30 -6.62446e-25 -1.35695e-30 -4.99043e-26 -1.95916e-31 -2.63932e-27 -1.76914e-32 -9.70955e-29 -1.07285e-33 -2.31644e-30 -4.51554e-35 -3.02294e-32 -9.97009e-37 -1.27249e-34
-6.71416e-12  4.83364e-23  4.27208e-10 -3.71613e-22 -1.02384e-08 -2.04244e-21  1.43848e-07   3.2635e-20  -1.3726e-06 -1.61614e-19  9.57301e-06  4.27331e-19 -5.09077e-05 -5.94253e-19  0.000211744   6.9952e-20 -0.000698964  1.45141e-18   0.00184232  -2.9081e-18  -0.00386949  1.95945e-18   0.00639835  2.94214e-18  -0.00809642 -1.06158e-17   0.00735379    1.756e-17  -0.00397845 -1.92703e-17  8.20867e-05   1.1534e-17   0.00167193  5.48605e-18 -0.000914222 -2.27558e-17 -0.000314552  2.73228e-17  0.000441392 -1.61227e-17  4.06896e-05  9.92467e-19  -0.00016066  4.68401e-18 -1.38686e-05 -9.15698e-19   5.1262e-05 -2.50569e-18  1.12663e-05  9.05445e-19 -1.29179e-05  1.52768e-18 -6.26668e-06 -1.12562e-18  1.61889e-06  -3.2856e-19  2.07938e-06  5.08852e-19  3.58571e-07 -2.65343e-21 -3.18599e-07 -9.91752e-20 -2.01735e-07  -2.0777e-20 -2.41375e-08  1.27726e-20  2.51885e-08  1.89756e-20  1.51008e-08 -9.38819e-22  2.97884e-09 -6.59824e-21 -7.45134e-10 -1.57182e-21 -7.11602e-10  1.96841e-21 -2.31501e-10  9.00622e-22 -2.74414e-11 -4.48886e-22  1.00057e-11 -3.07264e-22  6.52725e-12  4.17112e-23   1.8998e-12  6.68733e-23  3.06163e-13    8.835e-24  2.02151e-15 -5.97641e-24 -1.53803e-14 -2.33402e-24 -5.36793e-15 -1.31535e-25 -1.12617e-15  1.74603e-25 -1.58526e-16  5.76688e-26 -1.20315e-17 -4.93953e-27  7.69191e-19 -9.85534e-28  4.40496e-19  3.97168e-27  8.55526e-20  1.96404e-27   1.1213e-20  3.79131e-28  1.08508e-21  1.69147e-29  7.67964e-23 -1.07489e-29  3.54781e-24 -4.21284e-30  4.71131e-26 -8.95247e-31 -7.75693e-27 -1.16177e-31  -7.4322e-28 -9.34009e-33 -3.50278e-29 -4.90122e-34 -9.44617e-31 -1.62828e-35 -1.23738e-32 -2.10003e-37
-7.70936e-24 -2.51761e-11  2.76186e-22  1.12424e-09 -1.08601e-21 -2.35811e-08 -8.84116e-21  3.04662e-07  9.24924e-20 -2.72691e-06 -3.72643e-19  1.80199e-05  8.24688e-19 -9.13011e-05  -8.9756e-19  0.000362878 -3.50141e-19  -0.00114574  2.98707e-18    0.0028861 -4.91753e-18  -0.00577546  2.94214e-18   0.00904039  4.03238e-18   -0.0106874 -1.36576e-17   0.00878603  2.20012e-17  -0.00379329 -2.44485e-17 -0.000941158   1.5888e-17    0.0022797   3.8148e-18 -0.000726837 -2.35829e-17 -0.000667094  2.80667e-17  0.000451538  -1.4774e-17  0.000184082 -1.52675e-18  -0.00017307  6.02699e-18 -6.70252e-05 -4.10126e-19  5.04218e-05 -3.45864e-18  2.86823e-05  1.12879e-18 -8.84405e-06  1.75046e-18 -1.02956e-05 -1.17285e-18  -7.6574e-07 -4.18057e-19  2.29421e-06  4.93636e-19  1.02088e-06  6.06006e-20 -9.79713e-08 -9.97325e-20 -2.47493e-07 -4.48472e-20 -8.78418e-08  1.55424e-20  4.39894e-09  2.37431e-20  1.61103e-08 -1.21879e-21  6.65453e-09 -7.49955e-21   8.4162e-10 -1.36223e-21 -4.41287e-10  2.13383e-21 -2.91623e-10  8.04215e-22 -8.33672e-11 -4.83576e-22 -9.17391e-12 -2.93772e-22  2.99187e-12  4.30888e-23  1.87844e-12  6.24623e-23  5.36769e-13  9.18034e-24  9.25991e-14  -4.2414e-24  5.96759e-15 -1.83218e-24 -2.03609e-15   -2.001e-25 -8.71982e-16  1.03155e-25 -1.93604e-16  4.28502e-26 -2.96823e-17   8.1236e-28 -3.13227e-18  3.45229e-27 -1.66214e-19  4.70712e-27  1.39484e-20  1.79971e-27  4.85392e-21  3.00818e-28  7.02607e-22  8.89977e-30  6.94143e-23 -8.37458e-30   5.0461e-24 -2.85813e-30  2.69193e-25  -5.4338e-31  9.96845e-27 -6.26349e-32  2.16848e-28 -4.39071e-33  8.95895e-31 -1.91516e-34 -7.32341e-32 -4.55561e-36 -1.08069e-33
