   0.0148268 -5.81001e-18   -0.0280904  2.06934e-17   0.00776957 -1.07257e-17   0.00635707 -4.61611e-18  -0.00147716  2.40726e-18  -0.00142399  1.44515e-18  6.39393e-05 -2.88862e-19  0.000193013 -2.09284e-19  2.02465e-05 -2.96653e-21 -7.73945e-06  8.97017e-21  -8.5152e-07
-5.81001e-18    0.0477022 -1.62059e-17   -0.0455743  3.82654e-17  0.000169541 -1.00605e-17    0.0123584 -1.20779e-17  0.000292681  2.30406e-18  -0.00257683  3.07974e-18 -0.000332333 -6.73843e-20  0.000289059 -3.92497e-19  6.38278e-05 -2.73146e-20  -5.1971e-06  7.70414e-21
  -0.0280904 -1.62059e-17    0.0726831 -2.65633e-17   -0.0425582  4.74924e-17   -0.0119347  -2.6283e-18    0.0139767 -1.83674e-17    0.0032573  3.39735e-19  -0.00292727  4.31536e-18 -0.000869557   3.7178e-19  0.000261857 -4.72187e-19   9.4247e-05 -4.76243e-20  7.44023e-07
 2.06934e-17   -0.0455743 -2.65633e-17     0.073531 -3.36494e-17   -0.0289822  5.03077e-17    -0.019932  5.98587e-18    0.0122106 -2.15891e-17   0.00580035 -2.39763e-18  -0.00257669  4.94774e-18  -0.00131157  7.80575e-19  0.000140173 -4.13304e-19  8.92003e-05 -4.30696e-20
  0.00776957  3.82654e-17   -0.0425582 -3.36494e-17    0.0608225 -3.84059e-17   -0.0173153  5.05356e-17    -0.023115  1.29638e-17   0.00942231 -2.22238e-17   0.00749692 -4.85208e-18   -0.0018383  5.01798e-18  -0.00155283  1.08137e-18 -1.52968e-05 -2.36635e-19   5.0574e-05
-1.07257e-17  0.000169541  4.74924e-17   -0.0289822 -3.84059e-17    0.0487078 -4.17974e-17    -0.010524  4.90452e-17   -0.0239277  1.80682e-17   0.00673584 -2.16341e-17   0.00850423 -6.53334e-18 -0.000923009  4.50345e-18  -0.00155866  1.26235e-18 -0.000135263 -3.54975e-20
  0.00635707 -1.00605e-17   -0.0119347  5.03077e-17   -0.0173153 -4.17974e-17    0.0412649 -4.35037e-17  -0.00679712  4.61687e-17   -0.0240191  2.14874e-17   0.00433627 -2.06285e-17   0.00901475 -7.79304e-18   5.7966e-05  3.32485e-18  -0.00131866  1.20211e-18  -0.00015111
-4.61611e-18    0.0123584  -2.6283e-18    -0.019932  5.05356e-17    -0.010524 -4.35037e-17    0.0371317 -4.36548e-17   -0.0044663  4.31444e-17   -0.0240078  2.35016e-17   0.00212096  -1.9082e-17   0.00911813 -9.31508e-18   0.00102022  1.52557e-18 -0.000856359  7.56193e-19
 -0.00147716 -1.20779e-17    0.0139767  5.98587e-18    -0.023115  4.90452e-17  -0.00679712 -4.36548e-17    0.0347854 -4.30708e-17  -0.00276181  4.08352e-17   -0.0240899    2.537e-17 -6.28803e-05 -1.65414e-17   0.00879226 -1.11325e-17   0.00182401 -4.53003e-19  -0.00030873
 2.40726e-18  0.000292681 -1.83674e-17    0.0122106  1.29638e-17   -0.0239277  4.61687e-17   -0.0044663 -4.30708e-17     0.033525 -4.24768e-17  -0.00133786   3.9206e-17   -0.0243319  2.91757e-17  -0.00238229 -1.25868e-17   0.00788509 -1.21251e-17   0.00217203 -1.50794e-18
 -0.00142399  2.30406e-18    0.0032573 -2.15891e-17   0.00942231  1.80682e-17   -0.0240191  4.31444e-17  -0.00276181 -4.24768e-17    0.0330828 -4.28246e-17  1.74882e-05  3.83089e-17   -0.0247459  3.63194e-17  -0.00502185 -6.52536e-18   0.00610135 -1.03981e-17    0.0016444
 1.44515e-18  -0.00257683  3.39735e-19   0.00580035 -2.22238e-17   0.00673584  2.14874e-17   -0.0240078  4.08352e-17  -0.00133786 -4.28246e-17    0.0333775 -4.59349e-17   0.00149476   3.8443e-17    -0.025282  4.63717e-17   -0.0081196  2.33984e-18   0.00326177 -5.21406e-18
 6.39393e-05  3.07974e-18  -0.00292727 -2.39763e-18   0.00749692 -2.16341e-17   0.00433627  2.35016e-17   -0.0240899   3.9206e-17  1.74882e-05 -4.59349e-17     0.034449 -5.37236e-17   0.00334391  3.88211e-17   -0.0256972  5.70506e-17   -0.0113192  1.23069e-17  0.000274853
-2.88862e-19 -0.000332333  4.31536e-18  -0.00257669 -4.85208e-18   0.00850423 -2.06285e-17   0.00212096    2.537e-17   -0.0243319  3.83089e-17   0.00149476 -5.37236e-17    0.0364771 -6.68811e-17   0.00604486  3.66053e-17   -0.0250172  6.33866e-17   -0.0126651  1.57292e-17
 0.000193013 -6.73843e-20 -0.000869557  4.94774e-18   -0.0018383 -6.53334e-18   0.00901475  -1.9082e-17 -6.28803e-05  2.91757e-17   -0.0247459   3.8443e-17   0.00334391 -6.68811e-17    0.0399156 -8.57104e-17    0.0108284  2.63339e-17    -0.020573   5.5865e-17  -0.00892725
-2.09284e-19  0.000289059   3.7178e-19  -0.00131157  5.01798e-18 -0.000923009 -7.79304e-18   0.00911813 -1.65414e-17  -0.00238229  3.63194e-17    -0.025282  3.88211e-17   0.00604486 -8.57104e-17    0.0459632 -1.13328e-16    0.0203487  3.20756e-19  -0.00949223  2.87394e-17
 2.02465e-05 -3.92497e-19  0.000261857  7.80575e-19  -0.00155283  4.50345e-18   5.7966e-05 -9.31508e-18   0.00879226 -1.25868e-17  -0.00502185  4.63717e-17   -0.0256972  3.66053e-17    0.0108284 -1.13328e-16    0.0570716 -1.54849e-16    0.0361244 -3.85449e-17   0.00325849
-2.96653e-21  6.38278e-05 -4.72187e-19  0.000140173  1.08137e-18  -0.00155866  3.32485e-18   0.00102022 -1.11325e-17   0.00788509 -6.52536e-18   -0.0081196  5.70506e-17   -0.0250172  2.63339e-17    0.0203487 -1.54849e-16    0.0739367 -1.99487e-16    0.0489449 -5.50421e-17
-7.73945e-06 -2.73146e-20   9.4247e-05 -4.13304e-19 -1.52968e-05  1.26235e-18  -0.00131866  1.52557e-18   0.00182401 -1.21251e-17   0.00610135  2.33984e-18   -0.0113192  6.33866e-17    -0.020573  3.20756e-19    0.0361244 -1.99487e-16    0.0853369 -1.97881e-16    0.0386146
 8.97017e-21  -5.1971e-06 -4.76243e-20  8.92003e-05 -2.36635e-19 -0.000135263  1.20211e-18 -0.000856359 -4.53003e-19   0.00217203 -1.03981e-17   0.00326177  1.23069e-17   -0.0126651   5.5865e-17  -0.00949223 -3.85449e-17    0.0489449 -1.97881e-16    0.0687317 -1.11774e-16
 -8.5152e-07  7.70414e-21  7.44023e-07 -4.30696e-20   5.0574e-05 -3.54975e-20  -0.00015111  7.56193e-19  -0.00030873 -1.50794e-18    0.0016444 -5.21406e-18  0.000274853  1.57292e-17  -0.00892725  2.87394e-17   0.00325849 -5.50421e-17    0.0386146 -1.11774e-16    0.0266774
