  0.00397746  5.07508e-18   -0.0121936  -2.1786e-17   0.00842954  2.43504e-17   0.00133904 -1.25851e-17  -0.00211772  3.14767e-18 -0.000510562  -3.0279e-19  0.000286676  -1.1165e-20   0.00012263 -6.91302e-21   -1.758e-06   -3.089e-21  -6.1244e-06  4.90438e-22 -4.93469e-07
 5.07508e-18    0.0198028  1.30287e-17   -0.0312596 -3.57582e-17    0.0109069  2.95083e-17   0.00719115  -1.1911e-17  -0.00274317  2.66282e-18  -0.00185826 -3.89201e-19  0.000169342    7.251e-20  0.000263319 -2.37087e-20  3.52065e-05 -1.78482e-20 -4.07534e-06  1.13407e-22
  -0.0121936  1.30287e-17    0.0459142  1.72912e-17   -0.0453225 -3.28217e-17   0.00384618  2.02463e-17    0.0134117 -6.31443e-18  -0.00080465  1.51094e-18  -0.00305617  -3.0347e-19 -0.000369136  2.54732e-19  0.000282385 -4.81404e-20  7.12275e-05 -3.09597e-20   1.5475e-06
 -2.1786e-17   -0.0312596  1.72912e-17    0.0672292  1.42073e-17   -0.0451111 -1.92551e-17  -0.00821043  8.04809e-18    0.0159957  -1.5436e-18   0.00270371  1.62692e-19  -0.00330444  8.26177e-20   -0.0010248   5.4468e-19  0.000142437 -5.65316e-20  6.68422e-05 -2.65409e-20
  0.00842954 -3.57582e-17   -0.0453225  1.42073e-17    0.0724675  7.87461e-18   -0.0346361 -7.69817e-18   -0.0183797    1.013e-18    0.0146711  1.70334e-19   0.00611396 -1.62872e-18  -0.00254798  6.40809e-19  -0.00144959  8.18962e-19 -6.16409e-05 -3.68517e-20  2.82489e-05
 2.43504e-17    0.0109069 -3.28217e-17   -0.0451111  7.87461e-18     0.065215  3.63444e-18   -0.0228424 -2.60415e-18   -0.0242283  4.47669e-19    0.0112476 -9.69002e-19   0.00853533 -3.78965e-18  -0.00114501  1.08187e-18  -0.00145116  8.78462e-19 -0.000185872 -1.11887e-20
  0.00133904  2.95083e-17   0.00384618 -1.92551e-17   -0.0346361  3.63444e-18     0.055163  2.02412e-18    -0.014248 -2.82266e-19   -0.0269127  4.51567e-18   0.00717884 -3.70719e-18   0.00979253  -5.6734e-18  0.000487603  1.15468e-18  -0.00102809  6.25589e-19 -0.000149076
-1.25851e-17   0.00719115  2.02463e-17  -0.00821043 -7.69817e-18   -0.0228424  2.02412e-18     0.047739 -2.70211e-19  -0.00876029  3.77287e-18   -0.0280761  1.06739e-17   0.00300678 -6.38925e-18   0.00990436 -6.40037e-18   0.00192585  8.16884e-19 -0.000395375  2.27021e-19
 -0.00211772  -1.1911e-17    0.0134117  8.04809e-18   -0.0183797 -2.60415e-18    -0.014248 -2.70211e-19    0.0434534  -6.0114e-18  -0.00501897  1.03522e-17   -0.0286401  1.62933e-17  -0.00123679 -7.37484e-18   0.00880172 -5.32807e-18     0.002677  3.41639e-19  5.19301e-05
 3.14767e-18  -0.00274317 -6.31443e-18    0.0159957    1.013e-18   -0.0242283 -2.82266e-19  -0.00876029  -6.0114e-18    0.0412918 -1.46541e-17  -0.00202588  1.69824e-17   -0.0289334  1.94326e-17  -0.00564905 -5.31411e-18    0.0063569 -2.51602e-18   0.00233174  1.13445e-19
-0.000510562  2.66282e-18  -0.00080465  -1.5436e-18    0.0146711  4.47669e-19   -0.0269127  3.77287e-18  -0.00501897 -1.46541e-17    0.0405213 -2.30253e-17  0.000812034  2.05483e-17   -0.0289223  1.99331e-17   -0.0101301   2.2347e-19   0.00280678  7.70476e-19   0.00110851
 -3.0279e-19  -0.00185826  1.51094e-18   0.00270371  1.70334e-19    0.0112476  4.51567e-18   -0.0280761  1.03522e-17  -0.00202588 -2.30253e-17    0.0408785 -2.82369e-17   0.00399573  1.92301e-17   -0.0281275  1.93865e-17   -0.0138304  7.30027e-18 -0.000561253  2.24425e-18
 0.000286676 -3.89201e-19  -0.00305617  1.62692e-19   0.00611396 -9.69002e-19   0.00717884  1.06739e-17   -0.0286401  1.69824e-17  0.000812034 -2.82369e-17     0.042438 -3.04675e-17   0.00827407  1.29611e-17   -0.0252157  1.90448e-17   -0.0146918  1.11885e-17  -0.00174242
 -1.1165e-20  0.000169342  -3.0347e-19  -0.00330444 -1.62872e-18   0.00853533 -3.70719e-18   0.00300678  1.62933e-17   -0.0289334  2.05483e-17   0.00399573 -3.04675e-17    0.0456786 -3.33733e-17    0.0150292  3.03838e-18   -0.0180033  1.74024e-17    -0.010803  8.23279e-18
  0.00012263    7.251e-20 -0.000369136  8.26177e-20  -0.00254798 -3.78965e-18   0.00979253 -6.38925e-18  -0.00123679  1.94326e-17   -0.0289223  1.92301e-17   0.00827407 -3.33733e-17    0.0517091  -4.1212e-17    0.0259138 -8.33987e-18  -0.00585205  1.17708e-17  -0.00403497
-6.91302e-21  0.000263319  2.54732e-19   -0.0010248  6.40809e-19  -0.00114501  -5.6734e-18   0.00990436 -7.37484e-18  -0.00564905  1.99331e-17   -0.0281275  1.29611e-17    0.0150292  -4.1212e-17    0.0617074  -5.3989e-17    0.0397832 -1.76894e-17   0.00604613  3.97172e-18
  -1.758e-06 -2.37087e-20  0.000282385   5.4468e-19  -0.00144959  1.08187e-18  0.000487603 -6.40037e-18   0.00880172 -5.31411e-18   -0.0101301  1.93865e-17   -0.0252157  3.03838e-18    0.0259138  -5.3989e-17    0.0736054 -6.39954e-17    0.0483755 -1.98111e-17   0.00880487
  -3.089e-21  3.52065e-05 -4.81404e-20  0.000142437  8.18962e-19  -0.00145116  1.15468e-18   0.00192585 -5.32807e-18    0.0063569   2.2347e-19   -0.0138304  1.90448e-17   -0.0180033 -8.33987e-18    0.0397832 -6.39954e-17    0.0778414 -5.94157e-17    0.0408094 -1.22632e-17
 -6.1244e-06 -1.78482e-20  7.12275e-05 -5.65316e-20 -6.16409e-05  8.78462e-19  -0.00102809  8.16884e-19     0.002677 -2.51602e-18   0.00280678  7.30027e-18   -0.0146918  1.74024e-17  -0.00585205 -1.76894e-17    0.0483755 -5.94157e-17    0.0628722 -3.75903e-17    0.0194858
 4.90438e-22 -4.07534e-06 -3.09597e-20  6.68422e-05 -3.68517e-20 -0.000185872  6.25589e-19 -0.000395375  3.41639e-19   0.00233174  7.70476e-19 -0.000561253  1.11885e-17    -0.010803  1.17708e-17   0.00604613 -1.98111e-17    0.0408094 -3.75903e-17    0.0325913 -1.29122e-17
-4.93469e-07  1.13407e-22   1.5475e-06 -2.65409e-20  2.82489e-05 -1.11887e-20 -0.000149076  2.27021e-19  5.19301e-05  1.13445e-19   0.00110851  2.24425e-18  -0.00174242  8.23279e-18  -0.00403497  3.97172e-18   0.00880487 -1.22632e-17    0.0194858 -1.29122e-17   0.00790351
