 0.000378663 -6.31253e-20  -0.00200982  7.48713e-19   0.00314817  -1.2927e-18  -0.00162415  4.00676e-19 -0.000417285  7.65003e-19  0.000489221 -7.80089e-19  8.27526e-05  1.91218e-19 -7.60706e-05  3.41177e-20 -1.64461e-05 -6.00674e-21  3.15688e-06 -3.52423e-22  5.20874e-07
-6.31253e-20   0.00309051 -6.35692e-19  -0.00864252  3.55309e-18   0.00887508 -4.49526e-18  -0.00200676  1.60818e-18  -0.00219566  1.08284e-18  0.000755143 -9.52552e-19  0.000451885  -1.4533e-20 -8.78787e-05  8.88179e-20 -5.15545e-05  1.38695e-20 -4.17718e-07 -1.02412e-22
 -0.00200982 -6.35692e-19    0.0117146  -2.1352e-18   -0.0210328  7.58498e-18    0.0141776 -7.22246e-18  0.000916938  1.57846e-18  -0.00459134  1.97849e-18  0.000170291 -8.22059e-19   0.00090723 -4.09321e-19  3.22248e-05  6.76749e-20 -6.85498e-05  3.28059e-20 -5.04308e-06
 7.48713e-19  -0.00864252  -2.1352e-18    0.0275599 -3.90117e-18   -0.0346569  9.98927e-18    0.0142424 -7.24127e-18    0.0068824 -6.98373e-19  -0.00583998  3.60271e-18  -0.00128029 -3.11841e-19   0.00108357 -7.74741e-19  0.000226925 -5.83231e-20 -4.47564e-05   2.7211e-20
  0.00314817  3.55309e-18   -0.0210328 -3.90117e-18     0.045617 -4.78511e-18   -0.0422668  1.03791e-17   0.00783191 -5.76742e-18    0.0130201 -4.38326e-18  -0.00495855  5.13551e-18  -0.00290696  7.97524e-19   0.00081919 -9.06428e-19  0.000358209 -1.98316e-19 -4.67826e-06
 -1.2927e-18   0.00887508  7.58498e-18   -0.0346569 -4.78511e-18    0.0576308 -5.13431e-18   -0.0408217  1.19605e-17  -0.00174466  -5.0149e-18    0.0167696 -8.62022e-18  -0.00241985  5.61432e-18  -0.00400463  2.41559e-18  0.000248106 -7.21527e-19  0.000333638 -2.03191e-19
 -0.00162415 -4.49526e-18    0.0141776  9.98927e-18   -0.0422668 -5.13431e-18    0.0597533 -6.71328e-18   -0.0334582  1.72341e-17   -0.0104538 -4.70732e-18    0.0176497 -1.34077e-17  0.000708632  4.63215e-18  -0.00427597  3.95123e-18 -0.000356163 -3.10887e-19  0.000174095
 4.00676e-19  -0.00200676 -7.22246e-18    0.0142424  1.03791e-17   -0.0408217 -6.71328e-18     0.054956 -1.06299e-17   -0.0251491   2.5466e-17   -0.0165929 -2.77917e-18    0.0165457 -1.86324e-17   0.00364326  2.48168e-18  -0.00375123  4.57382e-18 -0.000718342  8.41142e-20
-0.000417285  1.60818e-18  0.000916938 -7.24127e-18   0.00783191  1.19605e-17   -0.0334582 -1.06299e-17    0.0485366 -1.66366e-17   -0.0186365  3.46059e-17   -0.0205499  1.83718e-18    0.0144026 -2.32794e-17   0.00603192 -2.35281e-19  -0.00259064  3.75373e-18 -0.000632284
 7.65003e-19  -0.00219566  1.57846e-18    0.0068824 -5.76742e-18  -0.00174466  1.72341e-17   -0.0251491 -1.66366e-17     0.043678 -2.41375e-17   -0.0141673  4.32488e-17    -0.023299  8.25674e-18    0.0116865  -2.5776e-17   0.00769728 -3.09823e-18  -0.00106685   1.8275e-18
 0.000489221  1.08284e-18  -0.00459134 -6.98373e-19    0.0130201  -5.0149e-18   -0.0104538   2.5466e-17   -0.0186365 -2.41375e-17    0.0409796 -3.25692e-17   -0.0110258  5.04359e-17   -0.0255715  1.50237e-17   0.00843498 -2.47612e-17   0.00833497 -5.40098e-18  0.000207323
-7.80089e-19  0.000755143  1.97849e-18  -0.00583998 -4.38326e-18    0.0167696 -4.70732e-18   -0.0165929  3.46059e-17   -0.0141673 -3.25692e-17    0.0399965 -4.09543e-17   -0.0085278  5.51952e-17   -0.0277701  2.18934e-17   0.00439598 -1.95612e-17   0.00729408 -5.14232e-18
 8.27526e-05 -9.52552e-19  0.000170291  3.60271e-18  -0.00495855 -8.62022e-18    0.0176497 -2.77917e-18   -0.0205499  4.32488e-17   -0.0110258 -4.09543e-17    0.0403245  -4.8267e-17  -0.00618105  5.68329e-17   -0.0300613   2.9915e-17 -0.000772056  -1.0369e-17   0.00405856
 1.91218e-19  0.000451885 -8.22059e-19  -0.00128029  5.13551e-18  -0.00241985 -1.34077e-17    0.0165457  1.83718e-18    -0.023299  5.04359e-17   -0.0085278  -4.8267e-17     0.041875 -5.45899e-17  -0.00350538  5.51995e-17   -0.0321912  3.90097e-17  -0.00642635 -1.94359e-19
-7.60706e-05  -1.4533e-20   0.00090723 -3.11841e-19  -0.00290696  5.61432e-18  0.000708632 -1.86324e-17    0.0144026  8.25674e-18   -0.0255715  5.51952e-17  -0.00618105 -5.45899e-17    0.0448897 -6.17943e-17  0.000384281  4.96394e-17   -0.0322886  4.34166e-17  -0.00858097
 3.41177e-20 -8.78787e-05 -4.09321e-19   0.00108357  7.97524e-19  -0.00400463  4.63215e-18   0.00364326 -2.32794e-17    0.0116865  1.50237e-17   -0.0277701  5.68329e-17  -0.00350538 -6.17943e-17    0.0501787  -7.4332e-17   0.00794428  3.48333e-17   -0.0252189  3.09744e-17
-1.64461e-05  8.88179e-20  3.22248e-05 -7.74741e-19   0.00081919  2.41559e-18  -0.00427597  2.48168e-18   0.00603192  -2.5776e-17   0.00843498  2.18934e-17   -0.0300613  5.51995e-17  0.000384281  -7.4332e-17    0.0600969 -1.00694e-16    0.0238838  1.99984e-18    -0.008508
-6.00674e-21 -5.15545e-05  6.76749e-20  0.000226925 -9.06428e-19  0.000248106  3.95123e-18  -0.00375123 -2.35281e-19   0.00769728 -2.47612e-17   0.00439598   2.9915e-17   -0.0321912  4.96394e-17   0.00794428 -1.00694e-16    0.0787064 -1.45551e-16    0.0463978 -3.26113e-17
 3.15688e-06  1.38695e-20 -6.85498e-05 -5.83231e-20  0.000358209 -7.21527e-19 -0.000356163  4.57382e-18  -0.00259064 -3.09823e-18   0.00833497 -1.95612e-17 -0.000772056  3.90097e-17   -0.0322886  3.48333e-17    0.0238838 -1.45551e-16     0.101874 -1.77241e-16    0.0497987
-3.52423e-22 -4.17718e-07  3.28059e-20 -4.47564e-05 -1.98316e-19  0.000333638 -3.10887e-19 -0.000718342  3.75373e-18  -0.00106685 -5.40098e-18   0.00729408  -1.0369e-17  -0.00642635  4.34166e-17   -0.0252189  1.99984e-18    0.0463978 -1.77241e-16    0.0997028 -1.27253e-16
 5.20874e-07 -1.02412e-22 -5.04308e-06   2.7211e-20 -4.67826e-06 -2.03191e-19  0.000174095  8.41142e-20 -0.000632284   1.8275e-18  0.000207323 -5.14232e-18   0.00405856 -1.94359e-19  -0.00858097  3.09744e-17    -0.008508 -3.26113e-17    0.0497987 -1.27253e-16    0.0484611
