    0.231746  1.42137e-17   -0.0963542  -4.9687e-17   -0.0627584 -3.79622e-17   -0.0224825  -2.1472e-17  -0.00575857 -8.05392e-18  -0.00108109 -2.21851e-18 -0.000140835 -4.53023e-19 -1.04096e-05 -6.63713e-20  7.83134e-09 -6.40566e-21  7.26334e-08 -3.26907e-22  3.79169e-09
 1.42137e-17     0.154159  -5.5337e-16     0.161877 -3.99499e-16    0.0914454 -1.82904e-16    0.0370655 -6.34936e-17    0.0115373 -1.71886e-17    0.0027934 -3.61323e-18  0.000517892  -5.7261e-19  7.03623e-05 -6.41617e-20  6.38996e-06 -4.42667e-21  3.10082e-07 -1.22114e-22
  -0.0963542  -5.5337e-16     0.228931 -5.35145e-16     0.165556 -2.99104e-16    0.0761279   -1.191e-16    0.0263821 -3.67432e-17   0.00713548 -8.84271e-18   0.00150031 -1.63233e-18  0.000237987 -2.21089e-19  2.67037e-05 -2.00345e-20  1.84544e-06 -9.70741e-22  5.10039e-08
 -4.9687e-17     0.161877 -5.35145e-16     0.170224 -3.88527e-16    0.0964446 -1.79759e-16    0.0392133  -6.3043e-17    0.0122434 -1.72224e-17   0.00297327 -3.64972e-18  0.000552865 -5.82622e-19  7.53312e-05 -6.57199e-20  6.86075e-06 -4.56223e-21   3.3387e-07 -1.26583e-22
  -0.0627584 -3.99499e-16     0.165556 -3.88527e-16     0.120168 -2.18163e-16    0.0556006 -8.73639e-17    0.0193861 -2.70927e-17   0.00527344  -6.5522e-18   0.00111478 -1.21517e-18  0.000177734 -1.65328e-19    2.004e-05 -1.50468e-20  1.39141e-06 -7.32155e-22  3.86298e-08
-3.79622e-17    0.0914454 -2.99104e-16    0.0964446 -2.18163e-16    0.0549871 -1.01727e-16    0.0225022 -3.59412e-17   0.00706985 -9.88651e-18   0.00172721 -2.10871e-18  0.000323014 -3.38686e-19  4.42564e-05 -3.84265e-20  4.05221e-06 -2.68246e-21  1.98223e-07 -7.48297e-23
  -0.0224825 -1.82904e-16    0.0761279 -1.79759e-16    0.0556006 -1.01727e-16    0.0260029 -4.11292e-17   0.00915903 -1.28631e-17   0.00251451 -3.13509e-18  0.000536011 -5.85637e-19  8.61138e-05 -8.02165e-20  9.77843e-06 -7.34729e-21  6.83438e-07 -3.59687e-22  1.90934e-08
 -2.1472e-17    0.0370655   -1.191e-16    0.0392133 -8.73639e-17    0.0225022 -4.11292e-17   0.00926949 -1.46616e-17   0.00293086 -4.06587e-18  0.000720358 -8.73681e-19  0.000135493 -1.41291e-19  1.86661e-05 -1.61337e-20  1.71816e-06 -1.13309e-21   8.4478e-08 -3.17913e-23
 -0.00575857 -6.34936e-17    0.0263821  -6.3043e-17    0.0193861 -3.59412e-17   0.00915903 -1.46616e-17   0.00325706 -4.62126e-18  0.000901902 -1.13433e-18  0.000193751 -2.13285e-19  3.13479e-05 -2.93928e-20  3.58288e-06 -2.70767e-21  2.51943e-07 -1.33279e-22  7.07909e-09
-8.05392e-18    0.0115373 -3.67432e-17    0.0122434 -2.70927e-17   0.00706985 -1.28631e-17   0.00293086 -4.62126e-18  0.000932315 -1.29065e-18  0.000230461 -2.79145e-19  4.35831e-05 -4.54153e-20  6.03522e-06 -5.21513e-21  5.58271e-07 -3.68217e-22  2.75799e-08 -1.03836e-23
 -0.00108109 -1.71886e-17   0.00713548 -1.72224e-17   0.00527344 -9.88651e-18   0.00251451 -4.06587e-18  0.000901902 -1.29065e-18  0.000251672 -3.18848e-19  5.44411e-05 -6.03081e-20  8.86401e-06 -8.35705e-21  1.01901e-06 -7.73854e-22  7.20454e-08  -3.8279e-23  2.03472e-09
-2.21851e-18    0.0027934 -8.84271e-18   0.00297327  -6.5522e-18   0.00172721 -3.13509e-18  0.000720358 -1.13433e-18  0.000230461 -3.18848e-19  5.72754e-05 -6.93687e-20  1.08865e-05 -1.13476e-20  1.51479e-06 -1.30973e-21  1.40766e-07 -9.29207e-23  6.98487e-09  -2.6324e-24
-0.000140835 -3.61323e-18   0.00150031 -3.64972e-18   0.00111478 -2.10871e-18  0.000536011 -8.73681e-19  0.000193751 -2.79145e-19  5.44411e-05 -6.93687e-20  1.18501e-05 -1.31921e-20  1.94039e-06 -1.83731e-21  2.24238e-07 -1.70941e-22  1.59315e-08 -8.49376e-24  4.52022e-10
-4.53023e-19  0.000517892 -1.63233e-18  0.000552865 -1.21517e-18  0.000323014 -5.85637e-19  0.000135493 -2.13285e-19  4.35831e-05 -6.03081e-20  1.08865e-05 -1.31921e-20  2.07911e-06 -2.16887e-21    2.906e-07 -2.51504e-22  2.71207e-08 -1.79225e-23  1.35128e-09 -5.09879e-25
-1.04096e-05  -5.7261e-19  0.000237987 -5.82622e-19  0.000177734 -3.38686e-19  8.61138e-05 -1.41291e-19  3.13479e-05 -4.54153e-20  8.86401e-06 -1.13476e-20  1.94039e-06 -2.16887e-21  3.19372e-07 -3.03477e-22  3.70841e-08 -2.83591e-23  2.64649e-09 -1.41497e-24  7.54053e-11
-6.63713e-20  7.03623e-05 -2.21089e-19  7.53312e-05 -1.65328e-19  4.42564e-05 -8.02165e-20  1.86661e-05 -2.93928e-20  6.03522e-06 -8.35705e-21  1.51479e-06 -1.83731e-21    2.906e-07 -3.03477e-22  4.07901e-08 -3.53452e-23  3.82216e-09  -2.5291e-24  1.91173e-10 -7.22328e-26
 7.83134e-09 -6.41617e-20  2.67037e-05 -6.57199e-20    2.004e-05 -3.84265e-20  9.77843e-06 -1.61337e-20  3.58288e-06 -5.21513e-21  1.01901e-06 -1.30973e-21  2.24238e-07 -2.51504e-22  3.70841e-08 -3.53452e-23  4.32507e-09 -3.31643e-24  3.09931e-10 -1.66115e-25  8.86522e-12
-6.40566e-21  6.38996e-06 -2.00345e-20  6.86075e-06 -1.50468e-20  4.05221e-06 -7.34729e-21  1.71816e-06 -2.70767e-21  5.58271e-07 -7.73854e-22  1.40766e-07 -1.70941e-22  2.71207e-08 -2.83591e-23  3.82216e-09 -3.31643e-24  3.59517e-10 -2.38221e-25  1.80477e-11 -6.82877e-27
 7.26334e-08 -4.42667e-21  1.84544e-06 -4.56223e-21  1.39141e-06 -2.68246e-21  6.83438e-07 -1.13309e-21  2.51943e-07 -3.68217e-22  7.20454e-08 -9.29207e-23  1.59315e-08 -1.79225e-23  2.64649e-09  -2.5291e-24  3.09931e-10 -2.38221e-25  2.22953e-11 -1.19758e-26  6.40063e-13
-3.26907e-22  3.10082e-07 -9.70741e-22   3.3387e-07 -7.32155e-22  1.98223e-07 -3.59687e-22   8.4478e-08 -1.33279e-22  2.75799e-08  -3.8279e-23  6.98487e-09 -8.49376e-24  1.35128e-09 -1.41497e-24  1.91173e-10 -1.66115e-25  1.80477e-11 -1.19758e-26  9.09141e-13 -3.44491e-28
 3.79169e-09 -1.22114e-22  5.10039e-08 -1.26583e-22  3.86298e-08 -7.48297e-23  1.90934e-08 -3.17913e-23  7.07909e-09 -1.03836e-23  2.03472e-09  -2.6324e-24  4.52022e-10 -5.09879e-25  7.54053e-11 -7.22328e-26  8.86522e-12 -6.82877e-27  6.40063e-13 -3.44491e-28  1.84389e-14
