 1.10496e-33  2.91592e-36  8.14637e-34 -7.99046e-36 -3.34416e-34 -1.09111e-35 -1.12902e-34 -7.75952e-36  5.83276e-34  1.61434e-35 -4.56893e-35  3.07375e-35 -2.41478e-34 -8.12374e-36 -7.32932e-34 -2.87035e-36  6.93765e-33  -2.1328e-36 -5.39454e-32   2.3489e-36  3.64737e-31 -3.57479e-37 -2.14836e-30  5.84685e-37  1.10996e-29  2.83088e-37 -5.05502e-29  1.37585e-37  2.03669e-28 -1.49596e-37 -7.27727e-28 -1.32521e-37  2.30908e-27  4.73779e-37 -6.50827e-27 -1.90688e-36  1.62818e-26  7.23608e-36 -3.60816e-26 -2.50838e-35  7.05901e-26   7.9751e-35 -1.21289e-25 -2.32642e-34   1.8163e-25  6.23044e-34 -2.34381e-25 -1.53225e-33  2.56112e-25   3.4594e-33 -2.30178e-25 -7.16421e-33  1.60866e-25  1.35889e-32 -7.56547e-26 -2.35525e-32  9.33654e-27  3.71719e-32  1.91243e-26 -5.31468e-32 -1.65871e-26  6.82984e-32  4.09829e-27 -7.78947e-32  2.82578e-27  7.70864e-32 -2.45066e-27 -6.31391e-32  1.78633e-28  3.73941e-32  5.63526e-28  -5.6221e-33 -1.87879e-28 -2.38755e-32 -8.70606e-29  4.36838e-32  5.22844e-29  -5.0352e-32  1.11423e-29  4.53782e-32 -1.00604e-29  -3.3698e-32 -1.54197e-30  2.08552e-32  1.51356e-30 -1.06439e-32  2.62916e-31  4.32361e-33  -1.7386e-31  -1.2759e-33 -4.40467e-32  1.93806e-34  1.33166e-32  3.35279e-35  5.50122e-33 -2.20939e-35 -3.52205e-34 -4.58937e-36 -4.39004e-34  9.97351e-36 -3.96558e-35 -6.01273e-36  1.67344e-35  2.26857e-36  4.27714e-36 -5.92414e-37 -9.89762e-39  1.04345e-37 -1.29939e-37 -9.73748e-39 -1.67627e-38 -5.81074e-40  3.54106e-40  3.77846e-40  2.78438e-40 -6.40583e-41   2.3314e-41  4.74591e-42  2.49621e-44  9.19125e-44 -9.56194e-44 -3.86425e-44 -4.52845e-45  1.60203e-45 -3.18007e-47  3.50473e-48
 2.91592e-36  2.16913e-33  1.57033e-35  6.74422e-34  -2.3267e-35 -1.36403e-33 -2.12693e-35 -4.39702e-34 -3.34745e-35  1.45589e-33  4.29932e-35  -3.9826e-34   6.7205e-35   2.4965e-33 -1.62935e-35 -3.11674e-32 -4.45435e-36  2.65507e-31  -3.4655e-36 -1.93226e-30  3.33955e-36  1.22075e-29 -1.19013e-36 -6.74437e-29  1.54436e-36  3.27736e-28  4.81803e-37  -1.4068e-27  1.67079e-37  5.35025e-27  4.46583e-40 -1.80622e-26  -1.7013e-36  5.41732e-26  6.98913e-36 -1.44317e-25 -2.81823e-35  3.41022e-25   1.0416e-34 -7.12918e-25 -3.51905e-34    1.313e-24  1.08945e-33 -2.11708e-24 -3.09408e-33  2.96111e-24  8.06743e-33 -3.54319e-24 -1.93181e-32  3.54807e-24   4.2477e-32 -2.85987e-24 -8.57042e-32  1.70629e-24  1.58468e-31 -5.67578e-25 -2.67964e-31 -1.31267e-25  4.13112e-31  2.95269e-25 -5.78054e-31 -1.52378e-25  7.29253e-31 -4.38205e-27 -8.20908e-31  4.71396e-26  8.10286e-31 -1.86244e-26 -6.78219e-31 -5.81424e-27     4.44e-31  6.28647e-27 -1.63826e-31 -1.16677e-28 -8.98089e-32 -1.33831e-27  2.58166e-31  1.99981e-28 -3.19065e-31  2.32305e-28  2.90029e-31 -4.58117e-29 -2.12301e-31 -3.62994e-29  1.27753e-31  6.00897e-30 -6.25474e-32  5.08546e-30  2.38089e-32 -3.64255e-31  -6.1218e-33 -5.83743e-31  3.77188e-34 -2.75036e-32  5.35041e-34  4.67115e-32 -2.73571e-34  8.31685e-33  4.10673e-35 -1.93513e-33  2.45386e-35 -7.47686e-34 -2.00432e-35 -1.72308e-35  7.83427e-36  2.82136e-35 -2.00058e-36  4.56523e-36  3.39413e-37 -1.47074e-37 -3.14262e-38 -1.16464e-37 -1.22723e-39 -1.13177e-38  9.85749e-40   2.3103e-40  -1.6847e-40  1.15909e-40  1.24923e-41   7.3606e-42   1.4583e-43  5.11206e-44 -7.30273e-44 -9.02263e-45  2.22404e-45 -1.41824e-46
 8.14637e-34  1.57033e-35   3.1148e-33  4.69046e-35  3.31313e-34 -3.54184e-35 -2.69138e-33 -1.19035e-35 -8.26534e-34 -7.68284e-35  2.98253e-33  7.03478e-35 -9.06396e-33  1.04022e-34  9.49943e-32 -2.18026e-35 -8.81299e-31 -4.32635e-36  6.92832e-30 -1.94652e-36  -4.7032e-29  1.89271e-36  2.78247e-28 -2.30186e-36 -1.44418e-27  2.87924e-36  6.60895e-27  4.97514e-37 -2.67637e-26 -3.79676e-37  9.61446e-26  2.85638e-36 -3.06806e-25 -1.62175e-35   8.6997e-25  6.97827e-35 -2.19037e-24  -2.7755e-34   4.8872e-24  1.00512e-33 -9.63131e-24 -3.32236e-33  1.66792e-23  1.00482e-32 -2.51917e-23 -2.78519e-32  3.28163e-23  7.08306e-32 -3.62437e-23 -1.65363e-31  3.29871e-23  3.54425e-31 -2.34339e-23 -6.97048e-31  1.13246e-23  1.25652e-30 -1.64308e-24 -2.07224e-30 -2.69966e-24  3.11806e-30   2.4808e-24 -4.26343e-30 -6.73357e-25  5.26655e-30 -3.95116e-25 -5.82564e-30  3.76562e-25   5.6887e-30 -3.89883e-26 -4.77941e-30 -8.39797e-26  3.26808e-30  3.15193e-26 -1.53114e-30  1.23643e-26  4.33182e-33 -8.57404e-27   9.9518e-31 -1.46039e-27 -1.37913e-30  1.65312e-27  1.27642e-30  1.90942e-28 -9.24629e-31 -2.53052e-28  5.42837e-31 -3.46881e-29 -2.56246e-31  3.01939e-29  9.22921e-32  6.41328e-30 -2.10547e-32 -2.48171e-30 -3.22849e-34 -8.74861e-31  2.83579e-33  9.02317e-32 -1.34487e-33  7.48448e-32  2.86341e-34  5.06477e-33  2.75971e-35 -3.21501e-33 -4.54122e-35 -7.02959e-34  1.84592e-35  1.92468e-35 -4.57081e-36   2.4162e-35  7.44783e-37  2.73116e-36 -7.01503e-38 -1.22503e-37 -8.10782e-40 -5.29128e-38  1.65324e-39 -3.92196e-39 -3.00414e-40  4.17123e-41  2.27184e-41  1.93964e-41   9.0338e-44  8.09535e-43 -8.60455e-44  4.71508e-45  1.57802e-45
-7.99046e-36  6.74422e-34  4.69046e-35  5.16617e-33  9.51577e-35  8.11328e-35 -2.51617e-35 -3.61699e-33  3.37934e-35 -2.24275e-33 -1.23057e-34  2.17138e-32  8.20884e-35 -2.27927e-31  1.32562e-34  2.27878e-30 -2.46097e-35 -1.93882e-29 -3.71656e-36  1.41728e-28  3.11134e-36 -8.99305e-28 -2.13155e-36  4.99134e-27 -3.22038e-36 -2.43725e-26  4.32039e-36  1.05153e-25  5.74524e-37 -4.02065e-25 -4.05999e-36  1.36509e-24  2.34853e-35 -4.11892e-24 -1.19453e-34   1.1043e-23  5.25071e-34 -2.62723e-23 -2.08093e-33  5.53226e-23  7.45524e-33 -1.02686e-22 -2.42697e-32  1.66972e-22  7.20575e-32 -2.35706e-22  -1.9563e-31  2.84963e-22  4.86516e-31 -2.88766e-22 -1.10949e-30  2.36172e-22  2.32105e-30 -1.43846e-22 -4.45337e-30  5.01388e-23  7.82989e-30  9.24908e-24 -1.25948e-29 -2.46127e-23  1.84891e-29  1.34336e-23 -2.46808e-29 -6.54244e-26  2.98019e-29   -3.984e-24 -3.22996e-29  1.72364e-24  3.10414e-29  4.41774e-25 -2.59071e-29 -5.62338e-25  1.80101e-29  3.01287e-26 -9.34127e-30  1.17759e-25  1.96916e-30 -2.21838e-26  2.77334e-30 -2.02783e-26 -4.67565e-30  4.93964e-27  4.45677e-30  3.19032e-27  -3.2066e-30 -6.79099e-28  1.84152e-30 -4.59329e-28 -8.41432e-31  5.13278e-29  2.89147e-31  5.50908e-29 -5.98469e-32  8.51182e-31 -4.32993e-33 -4.70651e-30  9.84879e-33 -6.88707e-31 -4.42425e-33  2.19309e-31  1.01745e-33  7.15596e-32 -1.81091e-35 -2.55598e-34 -8.12234e-35 -3.00853e-33  3.41587e-35 -4.20062e-34 -8.07862e-36  2.57343e-35  1.25854e-36  1.24798e-35  -1.2481e-37  1.04549e-36  2.73966e-39 -4.35673e-38  1.97628e-39 -1.29185e-38 -4.18493e-40 -7.22551e-40  3.24068e-41  5.81687e-44 -6.32272e-44  1.06172e-42  -6.9025e-44  1.60065e-44
-3.34416e-34  -2.3267e-35  3.31313e-34  9.51577e-35   8.3762e-33  1.43899e-34 -2.97634e-34  1.55376e-35 -1.93268e-33  1.06675e-34  -3.4091e-32 -1.54434e-34  4.45129e-31  7.32951e-35 -4.85736e-30  1.47524e-34  4.48536e-29 -2.72505e-35 -3.53911e-28 -5.15109e-36  2.41302e-27  1.02136e-35 -1.43414e-26 -7.37058e-36  7.47966e-26 -3.53203e-36 -3.44039e-25  5.95815e-36  1.40073e-24   6.1102e-38 -5.06057e-24 -1.56727e-35   1.6246e-23  1.16419e-34 -4.63606e-23 -6.52686e-34  1.17516e-22  3.04071e-33 -2.64102e-22 -1.23453e-32  5.24507e-22  4.45303e-32 -9.15921e-22 -1.44409e-31  1.39598e-21  4.24175e-31 -1.83682e-21 -1.13403e-30  2.05181e-21  2.76842e-30 -1.89269e-21 -6.18351e-30  1.36814e-21  1.26503e-29 -6.80363e-22 -2.37103e-29  1.14359e-22  4.06933e-29  1.51429e-22 -6.38687e-29 -1.48583e-22  9.14704e-29   4.4292e-23 -1.19144e-28  2.17752e-23  1.40472e-28 -2.31634e-23 -1.48871e-28  3.16716e-24  1.40315e-28   4.9794e-24 -1.15563e-28 -2.11455e-24  8.04501e-29    -6.87e-25 -4.37522e-29  5.62467e-25  1.36466e-29  7.12062e-26  5.31012e-30 -1.08532e-25  -1.3122e-29 -8.25309e-27  1.30696e-29  1.68978e-26 -9.37261e-30  1.66843e-27  5.27584e-30 -2.09108e-27 -2.34004e-30  -3.5979e-28  7.72108e-31  1.84024e-28 -1.48104e-31   5.4678e-29 -1.60652e-32 -8.27308e-30  2.63441e-32 -5.09465e-30 -1.12518e-32 -2.08205e-31   2.5957e-33  2.44132e-31 -1.52733e-34  4.55225e-32 -1.23369e-34 -2.68893e-33   5.2424e-35 -1.79324e-33 -1.15267e-35  -1.7236e-34   1.7039e-36  1.33333e-35 -1.87068e-37  4.01128e-36  1.12324e-38  2.56502e-37  1.61237e-39   -6.828e-39 -4.81212e-40 -1.55487e-39  3.75763e-41 -5.80718e-41  -1.9803e-43 -2.11091e-43 -3.46813e-44
-1.09111e-35 -1.36403e-33 -3.54184e-35  8.11328e-35  1.43899e-34  1.18282e-32  1.71657e-34 -3.17325e-33  7.34205e-35  4.54413e-32   1.7485e-34 -7.27721e-31 -1.62417e-34  8.78722e-30  5.48201e-35 -8.84465e-29  1.47172e-34  7.55388e-28 -3.13172e-35 -5.54587e-27 -1.03254e-35  3.53522e-26  1.68451e-35 -1.97164e-25 -1.13054e-35  9.67664e-25 -5.47105e-36 -4.19738e-24  1.85347e-35  1.61406e-23 -3.91201e-35 -5.51298e-23  6.43724e-35  1.67405e-22  1.55397e-34 -4.51853e-22 -2.14744e-33  1.08274e-21   1.2739e-32 -2.29753e-21 -5.72029e-32  4.29979e-21  2.15949e-31 -7.05443e-21 -7.13108e-31  1.00564e-20  2.10019e-30 -1.22918e-20 -5.57699e-30  1.26141e-20  1.34411e-29 -1.04777e-20 -2.95197e-29  6.52259e-21  5.92178e-29 -2.38511e-21 -1.08625e-28 -3.27715e-22   1.8221e-28  1.09891e-21 -2.79246e-28 -6.36921e-22  3.90274e-28  2.54881e-23 -4.95945e-28  1.80018e-22  5.70535e-28 -8.56943e-23 -5.90414e-28 -1.72376e-23  5.44394e-28  2.69727e-23 -4.40449e-28 -2.46834e-24  3.04159e-28 -5.53357e-24 -1.68733e-28  1.29033e-24  6.17957e-29    9.408e-25  3.86482e-30 -2.81736e-25 -3.12795e-29 -1.48672e-25  3.31898e-29  4.02903e-26 -2.38064e-29   2.2025e-26  1.31551e-29 -3.52071e-27 -5.67503e-30 -2.77155e-27  1.80589e-30  5.74998e-29 -3.26372e-31  2.52999e-28 -4.16596e-32  2.89246e-29   5.8326e-32 -1.31964e-29 -2.36394e-32 -3.61937e-30  5.27047e-33  1.27481e-31 -3.78273e-34  1.71276e-31 -1.69001e-34  2.01369e-32   6.8511e-35 -2.04861e-33 -1.33037e-35 -7.12594e-34  1.83848e-36 -4.98974e-35 -2.42598e-37  3.62811e-36  2.44961e-38  7.66986e-37  5.64103e-40  3.72105e-38 -4.68548e-40 -3.51205e-40  3.55157e-41 -6.85661e-41 -2.13113e-43  -9.0759e-43
-1.12902e-34 -2.12693e-35 -2.69138e-33 -2.51617e-35 -2.97634e-34  1.71657e-34  1.71134e-32  1.67849e-34 -6.24363e-32  1.25767e-34  1.02436e-30  2.10389e-34 -1.37383e-29 -1.49381e-34  1.51429e-28  4.26958e-35 -1.40447e-27  1.33165e-34  1.11302e-26 -3.60988e-35 -7.62369e-26  -1.8476e-35  4.55302e-25  1.99865e-35 -2.38673e-24 -5.46427e-36  1.10373e-23 -4.15689e-35 -4.51931e-23  1.80084e-34  1.64255e-22 -6.26439e-34 -5.30661e-22  1.85195e-33  1.52454e-21 -4.09449e-33 -3.89216e-21  3.52939e-33  8.81405e-21  2.47294e-32 -1.76483e-20 -1.84446e-31  3.10914e-20  8.20428e-31 -4.78451e-20 -2.90317e-30  6.36269e-20  8.80053e-30 -7.19357e-20 -2.35609e-29  6.73093e-20  5.65731e-29 -4.95599e-20 -1.22885e-28  2.53954e-20  2.42658e-28 -4.88424e-21 -4.36766e-28 -5.21411e-21  7.17312e-28  5.51495e-21 -1.07464e-27 -1.80497e-21  1.46656e-27  -7.2793e-22 -1.81842e-27  8.82447e-22  2.04037e-27 -1.52449e-22 -2.05971e-27 -1.81452e-22  1.85446e-27  8.77703e-23 -1.46901e-27  2.28686e-23  9.99839e-28 -2.28276e-23  -5.5672e-28 -1.86286e-24    2.205e-28  4.40195e-24 -1.98827e-29  1.50963e-25 -6.40272e-29 -6.96521e-25  7.43732e-29 -4.05483e-26 -5.35554e-29  8.93286e-26  2.90894e-29  1.17223e-26 -1.22225e-29 -8.38901e-27  3.76165e-30 -2.06739e-27 -6.47284e-31  4.43843e-28 -8.80124e-32  2.13018e-28  1.11414e-31  2.11413e-30 -4.26289e-32 -1.13791e-29  8.93236e-33 -1.78058e-30 -6.15273e-34  1.80777e-31 -2.22391e-34  8.18949e-32  7.72342e-35   6.4169e-33 -1.18255e-35 -8.12354e-34  1.46743e-36 -1.87061e-34 -2.75552e-37 -9.96134e-36  3.94381e-38  5.01863e-37 -7.59314e-40  7.69025e-38 -3.89602e-40  2.49563e-39  2.68285e-41   6.4434e-43 -1.22424e-43
-7.75952e-36 -4.39702e-34 -1.19035e-35 -3.61699e-33  1.55376e-35 -3.17325e-33  1.67849e-34  8.19804e-32    1.371e-34 -1.26067e-30  1.57117e-34  1.87801e-29   2.1018e-34  -2.2781e-28 -1.23079e-34  2.30314e-27   4.5331e-35 -1.97568e-26  1.09548e-34  1.45719e-25 -4.05059e-35 -9.33393e-25 -2.46567e-35  5.23228e-24  6.09237e-36 -2.58179e-23  7.92395e-35  1.12625e-22 -4.29408e-34 -4.35688e-22  1.80441e-33  1.49759e-21 -6.59422e-33  -4.5781e-21  2.10815e-32  1.24453e-20 -5.74757e-32 -3.00487e-20  1.25457e-31  6.42811e-20 -1.73413e-31 -1.21355e-19 -1.33624e-31  2.00993e-19  2.05231e-30 -2.89516e-19 -9.25943e-30  3.58001e-19  3.07654e-29 -3.72343e-19  -8.5512e-29  3.14397e-19  2.07802e-28 -2.00277e-19  -4.5054e-28  7.69018e-20  8.80771e-28  6.94707e-21 -1.56134e-27 -3.30596e-20  2.51674e-27  2.04385e-20 -3.69174e-27 -1.56727e-21  4.92432e-27 -5.46698e-21 -5.96011e-27  2.87969e-21  6.52216e-27   4.2209e-22 -6.41823e-27 -8.72452e-22  5.63454e-27   1.1594e-22 -4.35889e-27  1.74437e-22  2.91023e-27  -4.9811e-23 -1.60942e-27 -2.90884e-23  6.62364e-28  1.07263e-23 -1.14924e-28  4.59983e-24 -1.12366e-28 -1.58697e-24  1.48901e-28 -7.02579e-25 -1.08086e-28  1.54288e-25  5.77826e-29  9.32335e-26 -2.36758e-29 -5.87177e-27  7.05981e-30 -9.12548e-27 -1.16248e-30 -7.35853e-28 -1.61933e-31  5.29927e-28  1.88835e-31  1.21212e-28 -6.77026e-32 -9.10404e-30  1.29689e-32 -6.53896e-30 -6.95066e-34 -6.20973e-31 -2.97019e-34  1.01346e-31  7.55171e-35  2.72439e-32 -6.39072e-36   1.5063e-33  5.62092e-37 -1.86066e-34 -2.74773e-37 -3.05057e-35  5.09941e-38 -1.24303e-36 -1.78127e-39  2.84586e-38 -2.74676e-40  2.93078e-39  1.53833e-41  3.45706e-41
 5.83276e-34 -3.34745e-35 -8.26534e-34  3.37934e-35 -1.93268e-33  7.34205e-35 -6.24363e-32    1.371e-34  1.36331e-30  9.12901e-35 -2.26048e-29  1.63247e-34  3.03505e-28  1.92164e-34 -3.35927e-27 -9.12941e-35  3.12935e-26  5.99668e-35  -2.4914e-25  8.10337e-35  1.71478e-24 -4.79307e-35 -1.02934e-23 -4.29805e-36  5.42495e-23  -1.4201e-34 -2.52299e-22  8.30499e-34  1.03926e-21 -3.79453e-33 -3.80113e-21  1.53921e-32  1.23628e-20 -5.55993e-32 -3.57701e-20  1.78719e-31  9.20131e-20 -5.06642e-31 -2.10055e-19  1.24183e-30  4.24242e-19 -2.51098e-30 -7.54403e-19  3.61034e-30  1.17279e-18 -7.22775e-31  -1.5773e-18  -1.8419e-29  1.80618e-18  8.45833e-29 -1.71573e-18 -2.62025e-28  1.28813e-18  6.64362e-28 -6.81003e-19 -1.46023e-27  1.48288e-19    2.851e-27  1.27075e-19 -5.00424e-27 -1.46625e-19  7.94417e-27  5.26803e-20 -1.14353e-26  1.69086e-20  1.49297e-26 -2.40576e-20 -1.76524e-26  5.10089e-21  1.88424e-26  4.68498e-21 -1.80673e-26 -2.60494e-21  1.54479e-26 -5.17148e-22 -1.16461e-26   6.6203e-22   7.5992e-27  2.30691e-23 -4.14284e-27 -1.27349e-22  1.73148e-27  1.34116e-24 -3.85054e-28   2.0456e-23 -1.65757e-28  2.99888e-25  2.68564e-28 -2.71771e-24 -1.97485e-28 -2.41843e-25  1.04081e-28  2.71683e-25 -4.16466e-29  5.40268e-26  1.20484e-29 -1.64383e-26 -1.90017e-30 -6.29538e-27  -2.6994e-31     1.68e-28  2.90015e-31  3.76418e-28 -9.65755e-32  4.78951e-29  1.63804e-32 -7.81091e-30 -4.14242e-34 -2.65302e-30 -4.10095e-34 -1.57003e-31  6.42302e-35   3.3479e-32  2.25061e-36  6.18316e-33 -6.91458e-37  2.57198e-34  -2.3904e-37 -2.32102e-35  5.46953e-38 -2.69616e-36 -2.11932e-39  -7.4975e-38 -1.59652e-40  3.13441e-40  5.82044e-42
 1.61434e-35  1.45589e-33 -7.68284e-35 -2.24275e-33  1.06675e-34  4.54413e-32  1.25767e-34 -1.26067e-30  9.12901e-35  2.40488e-29  4.13717e-35 -3.59864e-28  1.45699e-34  4.38291e-27  1.76765e-34  -4.4505e-26 -5.92407e-35  3.83536e-25  7.71647e-35 -2.84254e-24  5.46144e-35  1.83009e-23  -8.9627e-35 -1.03141e-22  2.21985e-34  5.11826e-22 -1.36525e-33 -2.24612e-21  6.73303e-33  8.74406e-21  -2.9293e-32 -3.02572e-20   1.1451e-31  9.31525e-20 -4.02211e-31  -2.5514e-19  1.26883e-30   6.2098e-19 -3.58125e-30 -1.33985e-18  8.96664e-30  2.55293e-18 -1.95608e-29 -4.27077e-18  3.56845e-29  6.21969e-18 -4.82402e-29 -7.78607e-18   2.1002e-29  8.21364e-18  1.41545e-28 -7.05679e-18 -6.39132e-28  4.60535e-18  1.81737e-27 -1.85818e-18 -4.16966e-27 -8.07918e-20  8.24883e-27  7.40383e-19 -1.44521e-26 -4.90716e-19  2.27052e-26  5.63932e-20 -3.21715e-26  1.23163e-19  4.11925e-26  -7.2291e-20 -4.76337e-26 -6.67214e-21  4.96179e-26   2.1019e-20 -4.63483e-26 -3.75131e-21  3.85592e-26 -4.06738e-21 -2.82769e-26  1.41616e-21  1.79759e-26  6.58904e-22 -9.60527e-27  -3.0189e-22  4.01711e-27 -1.03635e-22 -1.01157e-27   4.6024e-23 -1.92549e-28   1.6371e-23  4.38602e-28 -4.86814e-24 -3.28785e-28 -2.30839e-24  1.71233e-28  2.63165e-25 -6.70505e-29  2.43634e-25  1.88483e-29   1.0726e-26 -2.84248e-30 -1.57051e-26 -4.18067e-31 -2.94396e-27  4.10381e-31  3.79053e-28 -1.25823e-31  1.84624e-28  1.81735e-32  1.31081e-29   3.6113e-34  -3.5602e-30 -5.70886e-34  -7.6852e-31  4.80326e-35 -2.98547e-32  1.20289e-35  6.74952e-33 -1.95324e-36  8.96175e-34 -1.78479e-37   2.9033e-35  4.91874e-38 -1.29836e-36 -1.79092e-39 -9.31488e-38 -7.16302e-41 -9.68909e-40
-4.56893e-35  4.29932e-35  2.98253e-33 -1.23057e-34  -3.4091e-32   1.7485e-34  1.02436e-30  1.57117e-34 -2.26048e-29  4.13717e-35  3.80787e-28 -4.63439e-36 -5.13421e-27  1.08233e-34  5.70755e-26  1.73516e-34 -5.34144e-25 -2.86516e-35  4.27319e-24  8.30607e-35  -2.9562e-23  6.75887e-35  1.78409e-22 -4.03841e-34 -9.45611e-22  2.00138e-33  4.42411e-21 -1.04813e-32 -1.83388e-20   4.8685e-32  6.75237e-20 -2.02792e-31  -2.2117e-19   7.6156e-31  6.44735e-19 -2.58187e-30 -1.67175e-18  7.90489e-30  3.84901e-18 -2.18231e-29 -7.84505e-18   5.4098e-29  1.40887e-17 -1.19377e-28 -2.21391e-17  2.30375e-28  3.01321e-17 -3.73582e-28 -3.49738e-17  4.53497e-28  3.37571e-17 -1.96086e-28 -2.58693e-17 -9.75915e-28   1.4127e-17  4.04015e-27 -3.45113e-18  -1.0337e-26 -2.35042e-18  2.12686e-26  3.00524e-18 -3.76722e-26 -1.18547e-18  5.89924e-26  -2.8904e-19 -8.26369e-26  5.04918e-19  1.04051e-25 -1.28821e-19 -1.17867e-25 -9.18887e-20  1.19907e-25  5.94859e-20 -1.09111e-25  8.21063e-21  8.82513e-26  -1.4754e-20 -6.28452e-26  2.12776e-22  3.88111e-26  2.82423e-21 -2.02293e-26 -1.68252e-22  8.37848e-27 -4.59856e-22 -2.25661e-27  1.52751e-23 -1.32948e-28   6.3277e-23  6.49754e-28   2.7952e-24 -5.00938e-28 -6.72429e-24  2.58772e-28 -1.02717e-24  -9.9482e-29  4.57009e-25  2.72327e-29  1.40708e-25 -3.91716e-30 -1.01261e-26  -6.0973e-31 -9.50048e-27   5.4203e-31 -9.26697e-28 -1.52049e-31  2.44774e-28  1.78534e-32  6.53845e-29  1.59583e-33  2.46052e-30 -7.69528e-34 -1.02415e-30  3.30634e-35 -1.55346e-31  2.03894e-35 -4.40727e-33  -2.8711e-36  7.73945e-34 -1.10749e-37  7.21658e-35   3.6941e-38  1.65029e-36 -1.12917e-39   -1.861e-38 -2.09592e-41
 3.07375e-35  -3.9826e-34  7.03478e-35  2.17138e-32 -1.54434e-34 -7.27721e-31  2.10389e-34  1.87801e-29  1.63247e-34 -3.59864e-28 -4.63439e-36  5.41105e-27 -4.09954e-35 -6.61924e-26  5.77321e-35  6.75234e-25  1.80934e-34 -5.84731e-24  5.14643e-36  4.35585e-23  3.10404e-35  -2.8195e-22  4.04725e-34  1.59805e-21 -2.73274e-33  -7.9776e-21  1.47304e-32  3.52305e-20 -7.26443e-32 -1.38067e-19  3.21205e-31  4.81131e-19 -1.27906e-30 -1.49235e-18  4.60318e-30  4.12003e-18 -1.50007e-29 -1.01128e-17   4.4304e-29  2.20182e-17 -1.18546e-28 -4.23639e-17  2.86785e-28  7.16239e-17 -6.24381e-28 -1.05527e-16  1.21221e-27  1.33832e-16 -2.05995e-27 -1.43313e-16  2.93733e-27  1.25403e-16 -3.10096e-27 -8.39381e-17  9.74947e-28  3.56064e-17  6.04285e-27 -1.08293e-19 -2.13667e-26  -1.3047e-17  4.83144e-26  9.32547e-18 -8.84417e-26 -1.44411e-18  1.39561e-25 -2.17261e-18 -1.94478e-25  1.43389e-18  2.41717e-25   5.4385e-20 -2.68841e-25 -3.98533e-19  2.67408e-25  9.14136e-20 -2.37087e-25  7.39333e-20  1.86294e-25 -3.14506e-20 -1.28602e-25  -1.1464e-20   7.6936e-26  6.65221e-21 -3.89465e-26  1.77491e-21  1.58485e-26 -1.04176e-21 -4.42466e-27 -2.91498e-22  9.94236e-29  1.18205e-22  8.70987e-28  4.42135e-23 -7.00095e-28 -7.89975e-24  3.60863e-28 -5.07707e-24 -1.36873e-28 -1.40231e-26  3.66078e-29  3.63363e-25 -5.01305e-30  5.39308e-26 -8.40102e-31 -1.12066e-26  6.74258e-31  -4.0647e-27 -1.72904e-31 -1.80896e-28  1.57317e-32  9.54619e-29  3.05594e-33  1.68392e-29 -9.74228e-34  3.29658e-31  2.37262e-35 -1.86563e-31  2.53754e-35 -2.04971e-32 -3.22569e-36 -4.70186e-34 -5.34242e-38  4.19219e-35  2.27138e-38  2.32312e-36 -5.14183e-40  2.05312e-38
-2.41478e-34   6.7205e-35 -9.06396e-33  8.20884e-35  4.45129e-31 -1.62417e-34 -1.37383e-29   2.1018e-34  3.03505e-28  1.45699e-34 -5.13421e-27 -4.09954e-35  6.95321e-26 -6.50187e-35 -7.76536e-25  4.97728e-36  7.30257e-24  1.91221e-34 -5.87199e-23  8.21939e-35  4.08413e-22 -3.91832e-34 -2.47879e-21  3.11814e-33  1.32168e-20 -1.89209e-32 -6.22264e-20  9.89056e-32  2.59661e-19 -4.63616e-31 -9.62819e-19  1.95327e-30  3.17722e-18 -7.42799e-30 -9.33543e-18   2.5578e-29  2.44105e-17 -7.99198e-29 -5.67095e-17  2.26859e-28  1.16705e-16  -5.8518e-28 -2.11783e-16  1.37051e-27  3.36605e-16 -2.90714e-27 -4.63938e-16  5.55678e-27  5.46227e-16 -9.47547e-27 -5.36183e-16  1.41215e-26  4.19851e-16 -1.75317e-26 -2.37093e-16  1.55802e-26  6.44685e-17 -1.69025e-27   3.4282e-17 -3.23486e-26  -4.9628e-17   9.3908e-26  2.15062e-17 -1.85471e-25  3.67785e-18  3.00264e-25 -8.52199e-18 -4.20096e-25  2.58148e-18  5.18163e-25   1.4224e-18 -5.67623e-25 -1.09225e-18  5.52945e-25 -8.53836e-20  -4.7787e-25  2.63811e-19  3.64526e-25  -1.7741e-20 -2.43487e-25 -5.00842e-20  1.40685e-25  5.73645e-21 -6.88683e-26  8.25003e-21   2.7354e-26 -7.20853e-22 -7.76811e-27 -1.17589e-21  6.03157e-28  5.71978e-24  1.04633e-27  1.32812e-22 -8.97507e-28  1.41395e-23   4.6607e-28  -1.0026e-23 -1.75656e-28 -2.46335e-24  4.61099e-29  3.24134e-25 -6.01433e-30  1.90793e-25 -1.08815e-30  1.25974e-26  7.93342e-31 -5.93898e-27 -1.87405e-31 -1.27467e-27  1.28431e-32 -1.54662e-29  4.38139e-33  2.45574e-29 -1.14028e-33  3.08245e-30  2.04996e-35  3.83478e-32  2.63439e-35 -1.99337e-32 -3.00396e-36 -1.53391e-33 -1.66432e-38 -2.66751e-35  1.09286e-38  6.42779e-37 -1.46709e-40
-8.12374e-36   2.4965e-33  1.04022e-34 -2.27927e-31  7.32951e-35  8.78722e-30 -1.49381e-34  -2.2781e-28  1.92164e-34  4.38291e-27  1.08233e-34 -6.61924e-26 -6.50187e-35  8.13462e-25 -7.85544e-35  -8.3385e-24 -3.58247e-35  7.25782e-23  1.70458e-34 -5.43571e-22    5.027e-34  3.53845e-21 -3.38053e-33 -2.01754e-20  2.18973e-32  1.01353e-19 -1.23647e-31 -4.50573e-19  6.15778e-31  1.77821e-18  -2.7461e-30 -6.24285e-18  1.10258e-29  1.95169e-17 -4.00232e-29 -5.43344e-17  1.31745e-28  1.34562e-16 -3.94075e-28  -2.9579e-16  1.07258e-27  5.74998e-16 -2.65801e-27 -9.83062e-16  5.99647e-27  1.46628e-15 -1.23007e-26 -1.88527e-15  2.28796e-26  2.05104e-15 -3.83714e-26 -1.82964e-15  5.73782e-26  1.25745e-15 -7.47082e-26 -5.60996e-16  7.98937e-26  2.75733e-17 -5.70905e-26  1.87267e-16 -1.23628e-26 -1.45383e-16  1.43874e-25  2.85968e-17 -3.40571e-25  3.09988e-17  5.84384e-25 -2.32854e-17 -8.32853e-25  3.96767e-19  1.02734e-24  6.15371e-18 -1.11329e-24 -1.76772e-18  1.06455e-24 -1.07956e-18 -8.97399e-25  5.66466e-19  6.64073e-25  1.56286e-19 -4.28305e-25 -1.19012e-19  2.38188e-25 -2.33465e-20 -1.12227e-25  1.90957e-20  4.32511e-26  4.02745e-21 -1.23486e-26 -2.30271e-21   1.4635e-27 -6.71767e-22  1.09891e-27  1.78899e-22 -1.05221e-27  8.51799e-23   5.5913e-28 -3.91185e-24 -2.11422e-28 -6.79583e-24  5.47652e-29 -7.45965e-25  -6.8337e-30  2.55382e-25 -1.31086e-30  7.19575e-26  8.82265e-31  9.82037e-28 -1.95498e-31 -2.04183e-27  1.04909e-32 -2.94734e-28  5.23209e-33  1.33108e-30 -1.22699e-33  4.11126e-30  2.01419e-35  3.75706e-31  2.39642e-35  4.31146e-33 -2.37441e-36 -1.04083e-33 -2.91361e-40 -4.67458e-35  3.71798e-39 -3.35287e-37
-7.32932e-34 -1.62935e-35  9.49943e-32  1.32562e-34 -4.85736e-30  5.48201e-35  1.51429e-28 -1.23079e-34 -3.35927e-27  1.76765e-34  5.70755e-26  5.77321e-35 -7.76536e-25 -7.85544e-35  8.71452e-24 -8.84782e-35 -8.23708e-23 -3.37567e-35  6.65911e-22 -1.31202e-34 -4.65788e-21  3.37041e-33  2.84392e-20 -2.33631e-32 -1.52593e-19   1.4166e-31  7.23209e-19 -7.55211e-31 -3.03906e-18  3.57532e-30  1.13526e-17 -1.51764e-29 -3.77578e-17  5.80849e-29   1.1187e-16 -2.01242e-28 -2.95128e-16   6.3294e-28  6.92163e-16 -1.81075e-27 -1.43901e-15  4.71835e-27  2.64025e-15 -1.12075e-26 -4.24708e-15  2.42731e-26  5.93206e-15 -4.79154e-26 -7.09026e-15  8.60956e-26  7.08455e-15 -1.40397e-25 -5.67427e-15  2.06513e-25  3.31695e-15 -2.70522e-25 -9.96998e-16  3.06669e-25  -4.0191e-16 -2.78744e-25  6.79792e-16  1.46922e-25 -3.24012e-16  1.18921e-25 -3.29589e-17 -5.20854e-25  1.18998e-16  1.01578e-24 -4.24363e-17 -1.51129e-24  -1.7714e-17  1.88601e-24  1.65991e-17 -2.03428e-24  2.98048e-19  1.91539e-24 -3.89118e-18 -1.57654e-24  4.87021e-19  1.13084e-24  7.29205e-19 -7.02495e-25 -1.29845e-19  3.74462e-25 -1.21175e-19  -1.6889e-25  1.82909e-20  6.27829e-26  1.78993e-20  -1.7901e-26 -1.08512e-21  2.72433e-27 -2.15156e-21  9.43586e-28 -1.24919e-22 -1.11931e-27  1.79263e-22  6.24491e-28  3.42224e-23 -2.39808e-28  -7.4436e-24  6.16179e-29 -3.12742e-24 -7.42373e-30 -9.63692e-26 -1.44539e-30  1.16112e-25   9.2207e-31  2.00675e-26 -1.97415e-31 -4.04518e-28  9.65756e-33 -4.77749e-28  5.43175e-33 -4.92492e-29 -1.21359e-33  4.05992e-31  1.81346e-35  4.13383e-31  1.96226e-35  2.64865e-32 -1.59176e-36  2.87724e-34  2.94291e-39 -1.61859e-35  6.67996e-40
-2.87035e-36 -3.11674e-32 -2.18026e-35  2.27878e-30  1.47524e-34 -8.84465e-29  4.26958e-35  2.30314e-27 -9.12941e-35  -4.4505e-26  1.73516e-34  6.75234e-25  4.97728e-36  -8.3385e-24 -8.84782e-35  8.59122e-23 -1.10339e-34 -7.51807e-22  1.82862e-34  5.66257e-21 -2.46767e-33 -3.70817e-20  2.23791e-32  2.12763e-19 -1.48748e-31 -1.07594e-18  8.53998e-31   4.8168e-18 -4.31688e-30 -1.91509e-17  1.94351e-29  6.77625e-17 -7.85729e-29 -2.13611e-16   2.8678e-28  5.99962e-16 -9.48471e-28  -1.4999e-15  2.84988e-27  3.33045e-15 -7.79382e-27 -6.54492e-15  1.94243e-26  1.13225e-14 -4.41539e-26 -1.71083e-14  9.15861e-26  2.23179e-14 -1.73371e-25 -2.46886e-14  2.99411e-25  2.24742e-14 -4.71194e-25 -1.58766e-14  6.73821e-25  7.45118e-15 -8.69893e-25 -7.06574e-16  9.98709e-25 -2.23943e-15 -9.82997e-25  1.90542e-15  7.44336e-25  -4.5875e-16 -2.28395e-25 -3.64716e-16 -5.61235e-25  3.17166e-16  1.53123e-24 -2.32388e-17 -2.49258e-24 -7.91162e-17  3.20531e-24  2.80611e-17  -3.4716e-24  1.28548e-17  3.23227e-24 -8.48884e-18  -2.6012e-24 -1.65733e-18   1.8069e-24  1.77163e-18 -1.07781e-24  2.27873e-19  5.47809e-25 -2.90567e-19 -2.34887e-25 -4.23432e-20  8.36812e-26  3.70021e-20 -2.37719e-26  8.13869e-21  4.37025e-27 -3.23468e-21  5.07223e-28 -1.17012e-21 -1.06275e-27  1.25116e-22   6.5059e-28  1.05056e-22 -2.57241e-28   7.2972e-24  6.57731e-29 -4.69156e-24 -7.76144e-30 -1.04118e-24 -1.42196e-30  2.58132e-26  8.96131e-31  3.58451e-26 -1.93396e-31  4.16608e-27  1.05875e-32 -1.55755e-28  5.03169e-33 -7.43402e-29 -1.10592e-33  -5.5927e-30  1.17493e-35  1.99835e-32  1.46965e-35  2.08208e-32 -8.86911e-37  7.74314e-34   1.4476e-39   4.0844e-36
 6.93765e-33 -4.45435e-36 -8.81299e-31 -2.46097e-35  4.48536e-29  1.47172e-34 -1.40447e-27   4.5331e-35  3.12935e-26 -5.92407e-35 -5.34144e-25  1.80934e-34  7.30257e-24 -3.58247e-35 -8.23708e-23 -1.10339e-34  7.82774e-22 -2.09475e-34 -6.36409e-21  1.77827e-33  4.47813e-20  -1.8176e-32  -2.7514e-19  1.40642e-31   1.4861e-18 -8.85827e-31 -7.09273e-18   4.8224e-30  3.00259e-17 -2.31549e-29 -1.13044e-16  9.92174e-29  3.79101e-16 -3.82308e-28 -1.13313e-15  1.33138e-27  3.01746e-15 -4.20469e-27 -7.14801e-15  1.20707e-26  1.50213e-14   -3.155e-26 -2.78826e-14  7.51642e-26  4.54239e-14 -1.63338e-25 -6.43418e-14  3.23931e-25  7.81354e-14 -5.86511e-25 -7.95445e-14  9.69843e-25  6.52346e-14 -1.46489e-24 -3.95126e-14  2.02028e-24  1.30497e-14 -2.53846e-24  3.79331e-15  2.88581e-24 -7.88078e-15 -2.91321e-24  4.13997e-15  2.48291e-24    1.454e-16 -1.50644e-24 -1.40139e-15  9.72076e-28  5.85824e-16  1.84961e-24   1.7783e-16    -3.68e-24 -2.12999e-16  5.03244e-24  9.33698e-18 -5.54446e-24  4.82189e-17    5.134e-24 -9.18311e-18 -4.04677e-24 -8.85811e-18  2.71921e-24  2.25454e-18 -1.55137e-24  1.47873e-18  7.46729e-25 -3.39045e-19 -3.01599e-25 -2.26638e-19  1.02176e-25  2.88284e-20 -2.89993e-26  2.90909e-20  6.32816e-27  1.45219e-22 -2.47284e-28  -2.6693e-21 -8.68971e-28 -3.72698e-22  6.33379e-28   1.3426e-22 -2.61311e-28  4.24418e-23  6.63838e-29 -4.71225e-25 -7.82383e-30   -1.877e-24 -1.18463e-30 -2.56489e-25  7.96635e-31   1.6693e-26 -1.83946e-31   7.7119e-27  1.27371e-32  6.34972e-28  4.26313e-33 -2.41676e-29  -9.3147e-34  -7.0845e-30  1.73954e-36 -3.75364e-31  1.01176e-35 -9.22385e-34 -3.91983e-37  3.22733e-34  1.34961e-40
 -2.1328e-36  2.65507e-31 -4.32635e-36 -1.93882e-29 -2.72505e-35  7.55388e-28  1.33165e-34 -1.97568e-26  5.99668e-35  3.83536e-25 -2.86516e-35 -5.84731e-24  1.91221e-34  7.25782e-23 -3.37567e-35 -7.51807e-22 -2.09475e-34  6.61629e-21 -7.96645e-34 -5.01315e-20  1.22403e-32  3.30357e-19 -1.15564e-31 -1.90808e-18   8.3005e-31  9.71678e-18 -4.95114e-30 -4.38224e-17  2.55848e-29  1.75596e-16  -1.1683e-28 -6.26471e-16  4.76887e-28  1.99223e-15 -1.75268e-27 -5.64787e-15  5.82716e-27  1.42606e-14 -1.75807e-26 -3.20038e-14  4.82326e-26  6.36183e-14 -1.20493e-25 -1.11436e-13  2.74333e-25  1.70697e-13 -5.69536e-25 -2.26103e-13  1.07863e-24  2.54551e-13 -1.86433e-24 -2.36695e-13  2.94301e-24  1.72058e-13 -4.24795e-24 -8.49571e-14  5.61519e-24   1.1902e-14 -6.80655e-24  2.26429e-14  7.55891e-24 -2.13648e-14 -7.62872e-24  6.14207e-15  6.81511e-24   3.5705e-15  -4.9908e-24 -3.68609e-15  2.18954e-24  4.85194e-16  1.26316e-24   8.5899e-16 -4.69695e-24 -3.74311e-16  7.26197e-24 -1.24899e-16 -8.30139e-24  1.07766e-16  7.70382e-24  1.28442e-17 -5.96082e-24 -2.23187e-17  3.86883e-24 -1.37509e-18 -2.10066e-24  3.73295e-18  9.48818e-25  3.03593e-19 -3.56297e-25 -4.99832e-19  1.13599e-25 -7.68221e-20 -3.25506e-26  4.82543e-20  8.48916e-27  1.32203e-20 -1.29957e-27 -2.51119e-21 -5.56896e-28 -1.36064e-21  5.77836e-28  -3.3788e-23 -2.50789e-28   7.1411e-23  6.26874e-29  1.23536e-23 -7.58096e-30 -9.54636e-25 -7.12066e-31 -5.26159e-25  6.30347e-31  -4.7145e-26  -1.7025e-31    4.168e-27  1.50764e-32  1.12376e-27    3.411e-33  6.73783e-29 -7.27126e-34 -1.73419e-30 -8.36248e-36 -3.45022e-31  6.33495e-36 -1.06535e-32 -1.24112e-37 -3.13918e-35
-5.39454e-32  -3.4655e-36  6.92832e-30 -3.71656e-36 -3.53911e-28 -3.13172e-35  1.11302e-26  1.09548e-34  -2.4914e-25  7.71647e-35  4.27319e-24  5.14643e-36 -5.87199e-23  1.70458e-34  6.65911e-22  1.82862e-34 -6.36409e-21 -7.96645e-34  5.20504e-20 -4.48916e-33 -3.68563e-19  7.65099e-32  2.27952e-18 -6.79936e-31 -1.23985e-17  4.60286e-30  5.96122e-17 -2.60301e-29 -2.54332e-16  1.27821e-28  9.65448e-16  -5.5568e-28  -3.2661e-15   2.1626e-27  9.85334e-15 -7.58656e-27 -2.64993e-14  2.40954e-26  6.34399e-14 -6.94819e-26 -1.34837e-13  1.82238e-25  2.53371e-13 -4.35211e-25 -4.18327e-13  9.46898e-25  6.01382e-13 -1.87743e-24 -7.42627e-13   3.3927e-24  7.71003e-13 -5.58973e-24 -6.48111e-13  8.40355e-24  4.07129e-13 -1.15492e-23 -1.46967e-13  1.45565e-23 -2.80788e-14 -1.69024e-23  7.84324e-14  1.81617e-23 -4.55574e-14 -1.80598e-23  1.34921e-15  1.64036e-23  1.40996e-14 -1.30285e-23 -6.90837e-15  7.94136e-24 -1.40415e-15 -1.64113e-24  2.34041e-15 -4.69895e-24 -2.54512e-16  9.53033e-24 -5.07826e-16 -1.16692e-23  1.35455e-16   1.0965e-23   9.0486e-17 -8.34995e-24 -3.18209e-17  5.22492e-24 -1.50721e-17 -2.68279e-24  5.01083e-18  1.12286e-24  2.40242e-18 -3.84325e-25 -5.09344e-19  1.13537e-25 -3.31502e-19 -3.36658e-26   1.8781e-20  1.07424e-26  3.35719e-20 -2.56122e-27  2.97157e-21 -1.79644e-28 -1.98529e-21  4.96905e-28 -4.78753e-22  -2.2554e-28  3.12648e-23   5.4172e-29  2.55089e-23 -7.02023e-30  2.62032e-24 -2.99901e-32 -3.59294e-25  4.20098e-31 -1.04754e-25 -1.54182e-31 -6.45257e-27  1.65584e-32  5.72339e-28  2.68404e-33  1.02035e-28 -5.26584e-34  4.34521e-30 -1.47023e-35 -4.21074e-32  3.49417e-36 -5.29953e-33 -2.12293e-38
  2.3489e-36 -1.93226e-30 -1.94652e-36  1.41728e-28 -5.15109e-36 -5.54587e-27 -3.60988e-35  1.45719e-25  8.10337e-35 -2.84254e-24  8.30607e-35  4.35585e-23  8.21939e-35 -5.43571e-22 -1.31202e-34  5.66257e-21  1.77827e-33 -5.01315e-20 -4.48916e-33  3.82237e-19 -2.69645e-32 -2.53559e-18  4.47063e-31  1.47477e-17 -3.75046e-30 -7.56567e-17  2.40245e-29  3.43874e-16 -1.28973e-28 -1.38928e-15   6.0249e-28  4.99987e-15 -2.49595e-27 -1.60476e-14  9.26906e-27  4.59434e-14 -3.10593e-26 -1.17227e-13  9.42931e-26  2.66053e-13 -2.60017e-25 -5.35306e-13  6.52247e-25  9.50052e-13  -1.4895e-24 -1.47641e-12  3.09735e-24  1.98736e-12 -5.86429e-24 -2.27912e-12  1.01069e-23  2.16694e-12 -1.58557e-23 -1.62255e-12  2.26578e-23  8.42964e-13 -2.95554e-23 -1.55959e-13  3.53521e-23 -1.95218e-13 -3.90734e-23  2.07589e-13  4.03071e-23 -7.00614e-14 -3.91157e-23  -2.9018e-14  3.55754e-23  3.70053e-14  -2.9446e-23 -7.15195e-15  2.04832e-23 -7.93629e-15 -9.28262e-24  4.26607e-15 -2.18292e-24  9.68776e-16  1.11245e-23 -1.17387e-15 -1.54204e-23 -5.25622e-17  1.48705e-23  2.40697e-16 -1.11765e-23 -1.84325e-18  6.72603e-24 -4.09476e-17 -3.23954e-24 -5.97175e-19  1.23427e-24  5.74838e-18 -3.72606e-25  5.10867e-19  9.92465e-26 -6.06253e-19 -3.21843e-26 -1.21365e-19  1.30085e-26  3.85679e-20  -3.8838e-27  1.48502e-20  1.84431e-28 -4.20475e-22  4.08253e-28 -9.16267e-22  -1.8655e-28 -1.18375e-22  4.08581e-29  1.88692e-23 -6.18751e-30  6.52964e-24  7.89555e-31  4.06874e-25  2.00083e-31 -7.60913e-26 -1.37688e-31 -1.43578e-26  1.65244e-32 -6.35727e-28   2.1498e-33  4.13014e-29 -3.52895e-34  4.81925e-30 -1.55186e-35  1.21445e-31  1.59086e-36  -3.0147e-35
 3.64737e-31  3.33955e-36  -4.7032e-29  3.11134e-36  2.41302e-27 -1.03254e-35 -7.62369e-26 -4.05059e-35  1.71478e-24  5.46144e-35  -2.9562e-23  3.10404e-35  4.08413e-22    5.027e-34 -4.65788e-21 -2.46767e-33  4.47813e-20  1.22403e-32 -3.68563e-19 -2.69645e-32  2.62708e-18 -1.56137e-31 -1.63619e-17  2.45485e-30  8.96516e-17 -1.94705e-29 -4.34408e-16   1.1824e-28  1.86866e-15 -6.03284e-28 -7.15537e-15  2.68373e-27  2.44306e-14  -1.0604e-26  -7.4428e-14  3.76052e-26  2.02262e-13 -1.20443e-25 -4.89641e-13  3.49718e-25  1.05322e-12 -9.22671e-25 -2.00484e-12  2.21458e-24   3.3571e-12 -4.83774e-24 -4.90197e-12   9.6171e-24   6.1608e-12 -1.73884e-23 -6.52931e-12  2.85742e-23  5.63175e-12 -4.26521e-23 -3.67222e-12  5.78423e-23  1.44223e-12 -7.14118e-23  1.46543e-13   8.0701e-23 -6.76836e-13 -8.43762e-23  4.36786e-13   8.2959e-23 -4.07724e-14 -7.80097e-23 -1.22165e-13  7.04803e-23  7.04813e-14 -5.97615e-23  7.89877e-15  4.46029e-23 -2.22342e-14 -2.53184e-23   3.9772e-15  5.13798e-24  4.57156e-15  1.09497e-23 -1.64663e-15 -1.91806e-23 -7.76397e-16  1.93143e-23  3.76497e-16 -1.43667e-23  1.27493e-16   8.2891e-24 -6.14688e-17 -3.70733e-24 -2.12345e-17  1.25286e-24  7.01481e-18 -3.13477e-25  3.19075e-18  7.08049e-26 -4.26836e-19 -2.87188e-26 -3.59515e-19  1.52646e-26 -1.21977e-20  -5.0886e-27   2.4649e-20  4.49919e-28  4.44582e-21  3.29934e-28 -6.40497e-22 -1.36103e-28 -2.94261e-22  2.35567e-29 -2.00549e-23 -5.21077e-30  5.72807e-24  1.64099e-30   1.2057e-24   6.2585e-33  4.70412e-26 -1.21931e-31 -9.69103e-27  1.48896e-32 -1.24664e-27   1.7571e-33 -3.98031e-29 -2.17071e-34  1.22251e-30 -1.19132e-35  7.32595e-32  5.13685e-37
-3.57479e-37  1.22075e-29  1.89271e-36 -8.99305e-28  1.02136e-35  3.53522e-26  -1.8476e-35 -9.33393e-25 -4.79307e-35  1.83009e-23  6.75887e-35  -2.8195e-22 -3.91832e-34  3.53845e-21  3.37041e-33 -3.70817e-20  -1.8176e-32  3.30357e-19  7.65099e-32 -2.53559e-18 -1.56137e-31  1.69377e-17 -8.54572e-31 -9.92418e-17   1.2696e-29  5.13088e-16 -9.53415e-29 -2.35129e-15  5.49645e-28  9.58217e-15 -2.66825e-27 -3.48035e-14  1.13139e-26    1.128e-13 -4.26713e-26 -3.26305e-13  1.44607e-25  8.41846e-13 -4.42953e-25 -1.93338e-12  1.23078e-24  3.93997e-12 -3.10829e-24 -7.09009e-12  7.14148e-24  1.11869e-11 -1.49289e-23 -1.53157e-11  2.83802e-23  1.79083e-11 -4.90118e-23  -1.7428e-11  7.67898e-23   1.3456e-11 -1.09007e-22 -7.35564e-12  1.40116e-22  1.68942e-12  -1.6331e-22  1.43837e-12   1.7359e-22 -1.76441e-12 -1.70566e-22  6.91096e-13  1.58627e-22  1.91656e-13 -1.43664e-22 -3.23715e-13  1.28487e-22  8.40971e-14  -1.1091e-22  6.24518e-14  8.66331e-23 -4.20451e-14 -5.46793e-23 -5.52748e-15  2.03077e-23   1.1068e-14  7.60127e-24 -3.43406e-16 -2.24912e-23 -2.23785e-15  2.41631e-23  1.85132e-16 -1.78252e-23  3.85954e-16  9.82243e-24 -2.25792e-17 -4.02958e-24 -5.67126e-17   1.1605e-24 -1.21022e-18 -2.07495e-25  6.49797e-18  3.14931e-26  8.62664e-19  -2.4582e-26 -4.83504e-19  1.75563e-26 -1.36137e-19 -6.01284e-27  1.33296e-20  5.46517e-28  1.00097e-20  2.76272e-28  8.64228e-22 -7.79026e-29 -2.78279e-22  3.93491e-30 -6.87918e-23 -4.27767e-30 -2.18179e-24  2.40532e-30  1.09249e-24 -1.34229e-31  1.55645e-25 -1.06829e-31  4.14146e-27  1.20767e-32 -6.84829e-28  1.41388e-33 -5.72807e-29 -1.20533e-34 -1.12016e-30 -6.70472e-36  6.02168e-33
-2.14836e-30 -1.19013e-36  2.78247e-28 -2.13155e-36 -1.43414e-26  1.68451e-35  4.55302e-25 -2.46567e-35 -1.02934e-23  -8.9627e-35  1.78409e-22  4.04725e-34 -2.47879e-21 -3.38053e-33  2.84392e-20  2.23791e-32  -2.7514e-19 -1.15564e-31  2.27952e-18  4.47063e-31 -1.63619e-17 -8.54572e-31  1.02658e-16 -4.41048e-30 -5.66874e-16  6.19534e-29   2.7694e-15 -4.41099e-28 -1.20166e-14  2.41696e-27  4.64371e-14 -1.11747e-26 -1.60099e-13  4.52019e-26  4.92803e-13 -1.62848e-25 -1.35402e-12  5.27687e-25  3.31661e-12 -1.54672e-24 -7.22462e-12  4.11455e-24  1.39411e-11 -9.95102e-24  -2.3694e-11  2.18943e-23  3.51705e-11 -4.38149e-23 -4.50285e-11  7.96778e-23  4.87635e-11 -1.31462e-22 -4.32031e-11  1.96395e-22  2.92661e-11 -2.65065e-22  -1.2455e-11  3.22618e-22 -2.52355e-13 -3.54166e-22   5.0974e-12  3.52496e-22 -3.68064e-12 -3.23112e-22  5.77849e-13  2.81729e-22  9.14547e-13 -2.44286e-22 -6.27996e-13  2.16271e-22 -1.66533e-14 -1.90194e-22  1.83724e-13  1.53976e-22 -4.72727e-14 -1.03283e-22 -3.51539e-14  4.68685e-23  1.69551e-14 -4.28149e-25  5.51181e-15 -2.49209e-23 -3.80381e-15  2.92946e-23 -8.70104e-16 -2.14485e-23  6.39944e-16  1.12378e-23  1.53077e-16 -4.16783e-24 -7.96362e-17   9.5652e-25 -2.57323e-17 -6.40483e-26  6.19121e-18 -1.28677e-26  3.28413e-18 -2.14669e-26  -9.6165e-20  1.99991e-26 -2.60494e-19 -6.55771e-27 -3.27401e-20  4.37727e-28  9.22997e-21  2.55032e-28  2.88958e-21 -1.68974e-29  8.52755e-23 -1.57097e-29 -7.37779e-23 -3.56712e-30 -1.17477e-23  2.97259e-30 -1.38655e-25 -2.10095e-31  1.31133e-25 -9.14146e-32  1.29483e-26  8.77845e-33  2.57009e-28  1.06266e-33 -2.11619e-29 -5.86073e-35 -8.62644e-31 -2.46907e-36
 5.84685e-37 -6.74437e-29 -2.30186e-36  4.99134e-27 -7.37058e-36 -1.97164e-25  1.99865e-35  5.23228e-24 -4.29805e-36 -1.03141e-22 -4.03841e-34  1.59805e-21  3.11814e-33 -2.01754e-20 -2.33631e-32  2.12763e-19  1.40642e-31 -1.90808e-18 -6.79936e-31  1.47477e-17  2.45485e-30 -9.92418e-17 -4.41048e-30   5.8601e-16 -2.14839e-29 -3.05464e-15  2.85708e-28    1.412e-14  -1.9311e-27  -5.8072e-14   1.0068e-26  2.12979e-13 -4.43734e-26 -6.97414e-13   1.7136e-25  2.03966e-12  -5.9008e-25 -5.32397e-12  1.82927e-24  1.23808e-11 -5.13314e-24 -2.55723e-11  1.30785e-23   4.6695e-11 -3.03017e-23 -7.48653e-11  6.38675e-23  1.04341e-10 -1.22397e-22 -1.24515e-10  2.12988e-22  1.24159e-10 -3.35833e-22 -9.89496e-11  4.78471e-22  5.69131e-11 -6.13907e-22 -1.56062e-11  7.07002e-22  -9.0018e-12 -7.29475e-22  1.32075e-11  6.76594e-22 -5.96072e-12 -5.73574e-22  -9.5799e-13  4.63582e-22  2.48169e-12 -3.82233e-22 -8.27657e-13  3.36245e-22 -4.14995e-13 -3.03345e-22  3.61404e-13  2.54086e-22  1.50794e-14 -1.77345e-22 -9.08007e-14  8.83251e-23  1.01568e-14  -1.4412e-23  1.79839e-14 -2.62026e-23 -3.03653e-15  3.46226e-23  -3.1299e-15 -2.51253e-23  4.50833e-16  1.24582e-23  4.81189e-16  -4.1091e-24  -2.6105e-17  6.58879e-25 -5.98332e-17  1.00717e-25 -3.93525e-18 -5.55139e-26   5.0965e-18 -2.09824e-26  1.02912e-18  2.27647e-26 -2.08232e-19  -6.7184e-27 -9.34219e-20  1.29706e-28 -3.75763e-21   2.6636e-28  3.32885e-21  4.12923e-29  6.12511e-22 -3.29186e-29 -4.00537e-24 -3.16881e-30  -1.2972e-23  3.26302e-30 -1.42412e-24 -2.26796e-31 -6.11711e-27 -7.48121e-32  9.02403e-27  5.67488e-33  5.80524e-28  7.09153e-34  7.73072e-30 -2.35385e-35 -1.25602e-31
