  5.4728e-33 -7.18551e-36  1.24079e-34  1.64193e-35  6.30427e-34  5.69717e-35  3.14889e-34 -5.99148e-35  8.20394e-34 -8.15863e-36 -8.45077e-34 -1.90569e-35  1.60018e-32  1.03405e-35  -1.5915e-31  9.14432e-38  1.31091e-30  2.06162e-36 -9.20218e-30 -9.33327e-37  5.56256e-29  1.94655e-36 -2.91985e-28 -4.52821e-37  1.33928e-27  2.50811e-37 -5.39247e-27  3.79221e-37  1.91184e-26 -1.67392e-36 -5.97913e-26  6.60213e-36  1.65038e-25 -2.34597e-35 -4.01757e-25   7.4598e-35  8.60676e-25 -2.11804e-34 -1.61636e-24  5.32472e-34  2.64502e-24 -1.16444e-33 -3.73703e-24  2.13036e-33  4.49491e-24 -2.91876e-33 -4.49933e-24  1.53978e-33  3.59826e-24  7.03445e-33 -2.10134e-24 -3.26807e-32  6.49084e-25  9.10055e-32  2.09105e-25 -2.01353e-31 -3.75991e-25  3.80194e-31   1.7275e-25 -6.30191e-31   2.0966e-26  9.28938e-31 -6.07749e-26 -1.22464e-30  1.84501e-26  1.44553e-30  9.88218e-27 -1.52368e-30  -7.2468e-27   1.4242e-30 -7.63977e-28 -1.16462e-30  1.70842e-27  8.11433e-31 -3.74556e-29 -4.53752e-31 -3.22798e-28  1.67515e-31  1.67598e-29  1.03623e-32  5.28606e-29 -8.58678e-32 -7.10499e-31  9.21821e-32 -7.33981e-30 -6.73643e-32 -5.41548e-31  3.85754e-32  7.83117e-31 -1.79427e-32  1.51876e-31  6.80875e-33 -5.14126e-32 -2.08085e-33 -2.01833e-32   4.9803e-34  6.03917e-34 -8.96263e-35  1.37846e-33  1.19959e-35  1.92888e-34 -1.57344e-36 -3.36456e-35  3.17114e-37 -1.30978e-35 -3.02528e-38 -9.26118e-37 -2.28081e-38  2.17806e-37  1.17745e-38  5.06014e-38 -2.52962e-39  2.77333e-39  2.19507e-40 -3.21896e-40  1.52136e-41 -5.66887e-41 -5.26791e-42    -2.84e-42  3.72906e-43  2.35159e-44  4.54398e-45   6.9551e-45 -1.11195e-45  1.37682e-46  1.11134e-47
-7.18551e-36  9.61741e-33 -4.17843e-35  7.41259e-35  6.07622e-35  9.84201e-34  1.54853e-34 -2.93857e-34 -1.44359e-34  6.83069e-33 -1.50688e-35  -6.0915e-32  -4.0065e-35  6.69205e-31  2.65233e-35 -6.02804e-30 -3.79397e-36  4.58944e-29  4.61079e-36 -2.99377e-28 -2.53243e-36  1.68945e-27  3.81594e-36 -8.30802e-27 -7.51011e-37  3.57945e-26  -1.1503e-36  -1.3563e-25  8.04687e-36  4.53085e-25  -3.3777e-35 -1.33597e-24  1.28559e-34   3.4768e-24 -4.42222e-34 -7.97478e-24  1.37144e-33  1.60748e-23  -3.8277e-33 -2.83379e-23  9.56962e-33   4.3369e-23 -2.12363e-32   -5.698e-23  4.10881e-32  6.31545e-23 -6.66484e-32 -5.73382e-23  8.11908e-32  4.02712e-23 -3.87394e-32 -1.88439e-23 -1.51727e-31  2.08352e-24  6.30658e-31  4.99654e-24 -1.56362e-30 -4.15939e-24   3.0766e-30  8.99751e-25 -5.16104e-30  8.00237e-25  7.59015e-30 -6.11515e-25 -9.90788e-30   7.1469e-27  1.15347e-29  1.55348e-25  -1.1974e-29 -3.96017e-26  1.10312e-29 -2.78867e-26  -8.9244e-30  1.23175e-26   6.2111e-30  4.39533e-27 -3.56078e-30 -2.50866e-27  1.49361e-30 -7.15503e-28 -2.23039e-31  3.84195e-28 -3.35323e-31  1.22235e-28  4.30755e-31 -4.21461e-29 -3.21739e-31 -1.88388e-29  1.80938e-31  2.46725e-30 -8.09486e-32  2.17617e-30  2.90207e-32  9.43133e-32 -8.19087e-33 -1.55828e-31  1.74389e-33 -3.12056e-32 -2.60455e-34  4.22428e-33  2.72493e-35  2.30311e-33 -4.85525e-36  1.89497e-34   1.8388e-36 -5.45698e-35 -3.58218e-37 -1.41061e-35 -3.40937e-38 -7.01723e-37  3.44901e-38  1.79538e-37 -7.79072e-39  3.21974e-38  6.76155e-40  1.52623e-39  3.54785e-41 -1.01104e-40 -1.25185e-41 -1.52787e-41  7.79746e-43 -5.83953e-43  1.05091e-44 -4.52844e-46 -1.45455e-45  1.29499e-46
 1.24079e-34 -4.17843e-35  1.17742e-32 -1.32849e-34 -4.08677e-35  1.39814e-34 -6.68274e-35  2.61694e-34   -1.111e-32 -2.21173e-34  1.60234e-31  -2.1993e-35 -1.88478e-30  -6.5209e-35  1.86224e-29  3.75001e-35 -1.54279e-28 -1.16713e-35  1.08858e-27  8.05787e-36 -6.61581e-27  -4.3743e-36  3.49242e-26  4.72181e-36 -1.61148e-25  3.33828e-36  6.52932e-25 -2.42609e-35 -2.33028e-24  1.12566e-34  7.33906e-24 -4.56128e-34 -2.04087e-23  1.67422e-33   5.0076e-23 -5.56466e-33 -1.08188e-22  1.67434e-32  2.05033e-22 -4.55627e-32 -3.38844e-22  1.11824e-31  4.83956e-22 -2.46187e-31  -5.8923e-22   4.8131e-31  5.98209e-22 -8.19478e-31 -4.86902e-22  1.16399e-30   2.9174e-22 -1.21758e-30 -9.60298e-23  3.88271e-31 -2.43386e-23  2.21121e-30  5.14547e-23 -7.56764e-30 -2.54337e-23  1.63337e-29 -1.85929e-24 -2.82673e-29  8.48419e-24  4.18281e-29 -2.93215e-24 -5.42717e-29 -1.27159e-24  6.24056e-29  1.08974e-24  -6.3791e-29  6.26566e-26  5.78291e-29 -2.52343e-25 -4.61165e-29  1.68059e-26  3.18164e-29  4.75454e-26 -1.83557e-29 -4.68755e-27   8.1486e-30 -7.89817e-27 -1.98124e-30  4.66363e-28 -7.65277e-31  1.13581e-27  1.37516e-30  3.56482e-29 -1.06232e-30  -1.2831e-28  5.87431e-31 -1.94092e-29 -2.52387e-31  9.40805e-30  8.51277e-32  3.01785e-30 -2.19531e-32 -2.25219e-31  4.02189e-33   -2.315e-31 -4.36379e-34 -2.53803e-32  2.08751e-35  6.95558e-33 -1.02031e-35  2.15379e-33  6.35774e-36  1.02517e-34 -1.44213e-36 -4.41515e-35  9.41346e-39 -8.45313e-36  6.96976e-38 -3.30117e-37 -1.63752e-38  7.03457e-38  1.40966e-39  1.01476e-38  5.30766e-41   4.1966e-40 -1.98656e-41 -1.10644e-41  1.07639e-42 -1.33439e-42  1.49473e-44 -2.40477e-44  -9.8543e-46
 1.64193e-35  7.41259e-35 -1.32849e-34  1.47922e-32 -2.82387e-34 -1.44578e-33  2.35648e-34  1.48435e-32  3.16607e-34 -3.06044e-31 -2.52992e-34  4.09575e-30 -3.35041e-35 -4.45426e-29 -9.27798e-35  4.02993e-28  3.73154e-35 -3.08414e-27 -2.17329e-35  2.02269e-26  1.19242e-35 -1.14792e-25 -4.63419e-36  5.67872e-25 -4.59818e-36 -2.46202e-24  5.79446e-35  9.39086e-24   -2.855e-34  -3.1591e-23   1.2345e-33   9.3842e-23 -4.80905e-33 -2.46147e-22  1.69848e-32  5.69347e-22 -5.44414e-32   -1.158e-21  1.58429e-31  2.06134e-21 -4.18389e-31 -3.18834e-21  1.00096e-30  4.23852e-21 -2.16176e-30 -4.76117e-21  4.18768e-30  4.39242e-21 -7.19229e-30 -3.15084e-21  1.07073e-29  1.52882e-21 -1.31272e-29 -2.15183e-22  1.12777e-29 -3.73502e-22 -5.86197e-31  3.35769e-22 -2.36888e-29  -8.3843e-23  6.41552e-29 -5.94443e-23 -1.18705e-28  5.11656e-23  1.79135e-28 -2.81368e-24 -2.32377e-28 -1.24947e-23   2.6457e-28  3.81867e-24 -2.66479e-28  2.14305e-24  2.37554e-28  -1.1353e-24 -1.86336e-28 -3.21356e-25  1.26847e-28  2.31416e-25 -7.28651e-29  5.16201e-26  3.31267e-29 -3.64331e-26 -9.62486e-30 -9.26233e-27 -8.31865e-31  4.26689e-27   3.4638e-30  1.54089e-27 -2.80503e-30 -3.00918e-28  1.52623e-30 -1.93337e-28 -6.28669e-31   -5.824e-31  1.98652e-31  1.52724e-29 -4.62167e-32  2.46976e-30  6.89553e-33  -5.2559e-31  -3.2371e-34 -2.16033e-31 -6.56611e-35 -1.18623e-32 -1.68079e-35  6.19095e-33    1.609e-35  1.31835e-33 -3.77634e-36  3.72376e-35  1.57828e-37 -2.09398e-35  1.11299e-37 -3.13087e-36 -2.68954e-38  -1.0915e-37  2.29989e-39  1.39835e-38  5.45899e-41  1.60153e-39 -2.42083e-41   5.1066e-41   1.1237e-42 -1.75661e-43  1.44948e-44 -1.69324e-44
 6.30427e-34  6.07622e-35 -4.08677e-35 -2.82387e-34  1.90193e-32 -4.38899e-34 -2.58449e-32  3.12446e-34  4.73508e-31  2.84689e-34 -7.23127e-30 -2.33174e-34  8.72767e-29 -5.01775e-35 -8.65975e-28 -1.17442e-34  7.21094e-27  2.96908e-35 -5.11546e-26 -2.97387e-35  3.12652e-25  1.23314e-35 -1.66031e-24  1.27143e-35  7.70916e-24 -1.11468e-34 -3.14425e-23   5.9675e-34  1.13002e-22 -2.73167e-33 -3.58526e-22  1.12741e-32  1.00483e-21 -4.21455e-32 -2.48614e-21  1.43084e-31  5.41929e-21 -4.41729e-31 -1.03693e-20  1.24082e-30  1.73158e-20 -3.17093e-30 -2.50159e-20   7.3636e-30  3.08509e-20 -1.55008e-29 -3.17916e-20  2.94475e-29  2.63597e-20 -5.00976e-29 -1.62224e-20  7.52661e-29  5.68646e-21 -9.71284e-29  1.06871e-21  1.00708e-28  -2.8072e-21 -6.55844e-29  1.49759e-21  -2.7651e-29  3.71862e-23  1.87156e-28 -4.71319e-22 -4.00139e-28  1.85337e-22   6.2993e-28  6.34304e-23 -8.24132e-28  -6.5327e-23  9.32484e-28 -5.35071e-25 -9.26743e-28   1.4815e-23  8.12455e-28 -1.71318e-24 -6.26143e-28 -2.77422e-24   4.1938e-28  4.20932e-25 -2.38313e-28  4.66827e-25  1.08991e-28 -5.19603e-26 -3.43531e-29 -6.95468e-26   1.4953e-30   1.0616e-27  7.30495e-30  8.32874e-27 -6.29318e-30  8.95895e-28  3.36908e-30 -6.74771e-28 -1.32811e-30 -1.75814e-28  3.91638e-31  2.33336e-29 -8.10016e-32  1.53433e-29  8.87294e-33   1.1931e-30  5.85187e-34 -5.53314e-31 -3.12403e-34 -1.39074e-31 -2.28148e-35 -2.87563e-33  3.24074e-35  3.47384e-33 -7.50115e-36  5.54378e-34  4.22941e-37  1.12733e-35  1.46828e-37 -5.93676e-36 -3.62831e-38 -7.09318e-37  3.13155e-39 -2.27078e-38  3.14669e-41  1.22809e-39 -2.39492e-41  1.02902e-40  9.24031e-43   1.7504e-42  8.87705e-45
 5.69717e-35  9.84201e-34  1.39814e-34 -1.44578e-33 -4.38899e-34   4.7349e-32 -5.25511e-34 -6.23371e-31  3.38861e-34  1.06931e-29  1.82632e-34 -1.44239e-28 -1.83828e-34  1.57766e-27 -6.42145e-35 -1.43465e-26 -1.32192e-34  1.10386e-25  2.18973e-35 -7.28061e-25 -2.80869e-35  4.15653e-24 -1.62728e-35 -2.06912e-23  1.89262e-34  9.03008e-23 -1.06017e-33 -3.46837e-22  5.14719e-33  1.17538e-21 -2.24533e-32  -3.5188e-21  8.86866e-32  9.30655e-21 -3.18021e-31 -2.17173e-20  1.03739e-30  4.45915e-20 -3.08226e-30 -8.01931e-20  8.34704e-30  1.25431e-19  -2.0603e-29 -1.68826e-19  4.63145e-29   1.9234e-19 -9.46461e-29 -1.80458e-19  1.75252e-28  1.32344e-19 -2.92401e-28 -6.66487e-20  4.35413e-28  1.14432e-20 -5.68628e-28  1.48118e-20  6.27964e-28 -1.45246e-20 -5.32245e-28  4.14716e-21  2.12417e-28  2.32088e-21  3.49349e-28 -2.29129e-21 -1.08996e-27  2.29947e-22  1.86636e-27  5.34363e-22 -2.49564e-27 -1.94819e-22  2.82097e-27 -8.61827e-23 -2.77238e-27  5.57181e-23  2.39185e-27  1.19314e-23 -1.81049e-27 -1.13607e-23  1.19117e-27 -1.85483e-24 -6.66878e-28  1.83472e-24  3.03539e-28  3.55942e-25  -9.9311e-29 -2.27719e-25  1.09663e-29 -6.55369e-26  1.33367e-29    1.847e-26 -1.24076e-29  9.05467e-27  6.52861e-30 -3.99337e-28 -2.45883e-30 -7.92512e-28  6.74634e-31 -9.77585e-29 -1.22059e-31  3.30722e-29  7.62639e-33  1.06775e-29  2.84671e-33   2.5052e-31  -7.8516e-34 -3.66577e-31 -2.59955e-35 -6.45359e-32  5.42663e-35 -1.33432e-34 -1.20376e-35  1.27501e-33  7.48631e-37  1.59744e-34  1.60996e-37  3.16218e-36 -4.10981e-38 -9.55542e-37  3.70771e-39 -8.89959e-38 -1.17809e-41 -2.35721e-39 -1.97666e-41  2.97072e-41  5.88848e-43  1.22273e-42
 3.14889e-34  1.54853e-34 -6.68274e-35  2.35648e-34 -2.58449e-32 -5.25511e-34  6.98411e-31 -5.03583e-34 -1.34648e-29  3.06407e-34  2.04524e-28  6.00341e-35 -2.48084e-27 -1.34451e-34  2.47426e-26 -6.53949e-35 -2.07141e-25 -1.31831e-34  1.47779e-24  1.41641e-35 -9.08595e-24  1.69358e-35  4.85526e-23 -2.75142e-34 -2.26929e-22  1.64403e-33  9.31998e-22 -8.44919e-33 -3.37418e-21  3.89585e-32  1.07888e-20 -1.62432e-31 -3.04876e-20   6.1444e-31  7.60965e-20 -2.11365e-30 -1.67438e-19  6.62374e-30  3.23629e-19 -1.89326e-29 -5.46384e-19  4.93897e-29  7.98923e-19 -1.17602e-28 -9.98688e-19  2.55439e-28  1.04542e-18 -5.05394e-28 -8.83807e-19   9.0851e-28  5.59245e-19 -1.47753e-27 -2.08597e-19   2.1587e-27 -2.61638e-20 -2.79903e-27  9.44186e-20  3.14733e-27 -5.45689e-20 -2.91372e-27  1.28873e-21   1.8855e-27  1.61018e-20 -5.58129e-29 -7.21338e-21 -2.30635e-27 -1.86737e-21  4.70233e-27  2.41402e-21 -6.56548e-27  -1.0424e-22  7.46919e-27 -5.34011e-22 -7.28091e-27  9.10625e-23  6.18974e-27   9.8928e-23 -4.60315e-27 -2.11701e-23   2.9728e-27 -1.68262e-23 -1.63558e-27  2.91308e-24  7.35853e-28  2.59957e-24 -2.43937e-28 -1.78025e-25  3.59143e-29 -3.30638e-25  2.15606e-29 -2.03545e-26 -2.19589e-29   2.9432e-26  1.13302e-29  6.09124e-27 -4.07122e-30 -1.30375e-27  1.03806e-30  -6.1912e-28 -1.61646e-31 -2.63689e-29  9.58131e-34  2.64426e-29  6.77207e-33  5.41873e-30 -1.48906e-33 -6.77896e-32 -2.53706e-35 -1.65154e-31  7.74482e-35  -2.1892e-32 -1.60398e-35  7.42957e-35  1.02182e-36   3.0029e-34  1.41836e-37  2.99987e-35 -3.93873e-38  6.37286e-37  3.93102e-39 -7.46129e-38 -5.70022e-41 -4.85309e-39 -1.36853e-41 -7.32292e-41   2.5721e-43
-5.99148e-35 -2.93857e-34  2.61694e-34  1.48435e-32  3.12446e-34 -6.23371e-31 -5.03583e-34  1.45437e-29 -4.02043e-34 -2.51322e-28  2.29792e-34  3.40501e-27 -3.71563e-35 -3.74346e-26 -1.04073e-34  3.42249e-25 -4.94874e-35  -2.6483e-24 -1.11248e-34   1.7571e-23 -3.23699e-35 -1.00942e-22  3.56467e-34  5.05807e-22 -2.25721e-33  -2.2228e-21  1.22755e-32  8.60025e-21 -5.98495e-32 -2.93712e-20  2.63414e-31  8.86542e-20 -1.05069e-30 -2.36525e-19  3.80842e-30    5.571e-19 -1.25711e-29 -1.15534e-18  3.78483e-29  2.10028e-18 -1.04051e-28 -3.32397e-18  2.61352e-28  4.53276e-18 -5.99827e-28 -5.24141e-18  1.25727e-27  5.00543e-18 -2.40391e-27 -3.75668e-18   4.1838e-27  1.96522e-18 -6.60541e-27 -3.99617e-19  9.40843e-27 -3.90878e-19 -1.19806e-26  4.23582e-19  1.34207e-26 -1.37296e-19 -1.28011e-26 -5.94366e-20   9.5723e-27  6.90694e-20 -3.92206e-27 -1.02437e-20 -3.12942e-27 -1.52507e-20   1.0009e-26  6.63152e-21  -1.5144e-26  2.25628e-21  1.75255e-26 -1.83202e-21 -1.70151e-26 -2.71569e-22  1.42817e-26  3.73252e-22 -1.04448e-26  3.88977e-23  6.62154e-27 -6.17083e-23 -3.57503e-27 -8.36093e-24  1.58252e-27  8.07572e-24 -5.23619e-28  1.79347e-24  8.76516e-29 -7.33272e-25  3.14263e-29 -2.79578e-25  -3.5375e-29  2.85708e-26  1.78341e-29  2.73383e-26 -6.10938e-30  2.28445e-27  1.44995e-30 -1.34922e-27 -1.91749e-31 -3.47587e-28 -1.19265e-32  5.12133e-30  1.21719e-32  1.43108e-29 -2.33746e-33   2.0606e-30  -2.3706e-35 -6.66592e-32  9.54416e-35 -5.11684e-32 -1.78018e-35 -5.33562e-33  1.12416e-36  -2.9465e-36    8.706e-38  4.22744e-35 -3.18368e-38  3.26849e-36  3.79502e-39  6.54155e-38 -8.25034e-41 -1.91602e-39 -7.69729e-42 -5.22492e-41
 8.20394e-34 -1.44359e-34   -1.111e-32  3.16607e-34  4.73508e-31  3.38861e-34 -1.34648e-29 -4.02043e-34  2.69055e-28 -2.84689e-34 -4.10724e-27  1.34548e-34  5.00751e-26 -8.84721e-35 -5.02115e-25 -9.58284e-35  4.22744e-24 -2.38984e-35 -3.03391e-23 -3.43748e-35  1.87703e-22 -4.07431e-34 -1.00964e-21  2.77398e-33   4.7517e-21 -1.59633e-32 -1.96582e-20  8.23126e-32   7.1721e-20 -3.82637e-31 -2.31206e-19  1.60969e-30  6.59038e-19 -6.14727e-30  -1.6602e-18  2.13634e-29  3.68923e-18 -6.76916e-29 -7.20682e-18  1.95837e-28  1.23085e-17 -5.17813e-28 -1.82274e-17  1.25197e-27  2.31117e-17 -2.76809e-27 -2.45957e-17  5.59411e-27   2.1221e-17 -1.03225e-26 -1.38203e-17  1.73597e-26  5.48059e-18 -2.65304e-26  3.59908e-19  3.66807e-26 -2.26096e-18 -4.55529e-26  1.42213e-18  5.02042e-26 -1.03076e-19 -4.80074e-26 -3.90285e-19  3.78822e-26   1.9988e-19 -2.11109e-26  3.62834e-20  1.18028e-27 -6.34953e-20  1.73937e-26  6.19392e-21 -3.07014e-26  1.36255e-20  3.67221e-26   -3.182e-21 -3.57092e-26 -2.48083e-21  2.96748e-26  7.18758e-22 -2.13787e-26  4.25118e-22   1.3315e-26 -1.06074e-22 -7.05048e-27  -6.8241e-23  3.06068e-27  8.99741e-24 -1.00031e-27  9.25059e-24    1.774e-28  1.03823e-25  4.20096e-29  -9.0293e-25 -5.23336e-29 -1.41459e-25  2.56536e-29  4.83758e-26 -8.38265e-30  1.74895e-26  1.86289e-30     2.85e-29 -2.08128e-31 -8.81563e-28 -2.97151e-32 -1.45551e-28  1.83286e-32   8.2656e-30  -3.1571e-33  5.49524e-30 -2.96692e-35  5.92796e-31   1.0176e-34 -2.14161e-32 -1.59743e-35 -1.05704e-32  9.94583e-37  -8.8117e-34  7.38092e-39 -6.91069e-36 -2.13764e-38  3.04839e-36  3.33277e-39  1.61064e-37 -7.78432e-41  1.98334e-39  -3.0818e-42
-8.15863e-36  6.83069e-33 -2.21173e-34 -3.06044e-31  2.84689e-34  1.06931e-29  3.06407e-34 -2.51322e-28 -2.84689e-34  4.37042e-27  -1.9784e-34 -5.95164e-26  4.53262e-35  6.57851e-25 -9.78465e-35 -6.04852e-24 -9.80892e-35  4.70816e-23 -3.29048e-35 -3.14334e-22  3.81563e-34  1.81768e-21  -3.0459e-33  -9.1713e-21  1.87092e-32  4.05985e-20 -1.02141e-31 -1.58293e-19   5.0185e-31  5.45011e-19 -2.22804e-30 -1.65931e-18  8.96812e-30  4.46773e-18 -3.28174e-29 -1.06265e-17  1.09417e-28  2.22705e-17 -3.32957e-28 -4.09471e-17  9.25891e-28  6.56122e-17 -2.35484e-27 -9.07107e-17  5.47998e-27  1.06545e-16 -1.16683e-26 -1.03655e-16  2.27216e-26  7.96919e-17 -4.04238e-26 -4.33379e-17  6.55953e-26  1.02133e-17  -9.6835e-26  7.55055e-18  1.29551e-25 -9.20259e-18 -1.56149e-25  3.36812e-18  1.67955e-25  1.08776e-18 -1.58542e-25 -1.54807e-18  1.26959e-25  3.08983e-19 -7.89995e-26  3.19809e-19  2.54583e-26 -1.66723e-19  2.18777e-26 -4.16165e-20 -5.43995e-26  4.45878e-20  6.89741e-26  3.72706e-21 -6.77002e-26 -9.06194e-21  5.59185e-26 -4.00239e-22 -3.97901e-26  1.53056e-21  2.43867e-26  1.17301e-22  -1.2666e-26 -2.10454e-22  5.37862e-27  -3.3757e-23  -1.7221e-27  2.10434e-23  3.10664e-28  6.22599e-24  5.24542e-29 -1.11453e-24 -7.14207e-29 -6.90574e-25  3.38416e-29  -2.7741e-26 -1.05785e-29  3.98094e-26  2.22858e-30   8.1487e-27 -2.12507e-31 -5.27745e-28 -4.95484e-32 -4.07672e-28  2.42565e-32  -4.6531e-29 -3.73156e-33  3.84572e-30 -5.72054e-35  1.49744e-30  9.25368e-35  1.26868e-31 -1.02406e-35 -3.35532e-33  6.63825e-37 -1.34989e-33 -7.57772e-38 -8.71645e-35 -1.15216e-38 -1.06393e-36  2.60565e-39  7.83338e-38 -5.10279e-41  1.61128e-39
-8.45077e-34 -1.50688e-35  1.60234e-31 -2.52992e-34 -7.23127e-30  1.82632e-34  2.04524e-28  2.29792e-34 -4.10724e-27  -1.9784e-34  6.30252e-26 -1.48256e-34 -7.72541e-25 -1.91678e-35  7.79032e-24 -8.29886e-35 -6.59792e-23 -6.74284e-35  4.76476e-22 -3.47458e-34 -2.96727e-21  3.01638e-33  1.60713e-20 -1.98323e-32  -7.6189e-20  1.14925e-31  3.17629e-19 -5.97535e-31 -1.16827e-18  2.80221e-30  3.79861e-18 -1.18969e-29 -1.09269e-17  4.58653e-29  2.77947e-17 -1.60961e-28 -6.24094e-17  5.15223e-28  1.23286e-16 -1.50649e-27 -2.13134e-16  4.02816e-27  3.19867e-16 -9.85648e-27 -4.11696e-16  2.20773e-26  4.45789e-16 -4.52624e-26 -3.92901e-16  8.48934e-26  2.63609e-16 -1.45518e-25 -1.11042e-16  2.27596e-25 -9.31665e-19 -3.24033e-25  4.14339e-17  4.18495e-25 -2.85278e-17 -4.87819e-25  3.48275e-18  5.09198e-25  7.20467e-18 -4.69792e-25 -4.24501e-18  3.73797e-25 -4.60298e-19 -2.42409e-25  1.27777e-18  1.05928e-25 -1.99598e-19  7.84794e-27 -2.63922e-19 -8.26332e-26  8.13605e-20  1.16084e-25  4.67612e-20 -1.16298e-25  -1.8077e-20   9.6012e-26 -8.03198e-21 -6.77533e-26  2.80883e-21   4.0975e-26  1.34413e-21 -2.08901e-26 -2.84454e-22  8.65773e-27 -1.95434e-22 -2.69485e-27  9.10359e-24   4.8045e-28  2.09503e-23   6.2416e-29  2.23886e-24 -8.99262e-29 -1.31669e-24  4.09272e-29 -3.69126e-25 -1.23287e-29  1.82576e-26  2.51499e-30   2.2105e-26 -2.11006e-31  2.83857e-27 -6.87264e-32 -3.48978e-28  2.91126e-32  -1.3765e-28 -3.86706e-33  -1.1526e-29 -1.20221e-34  1.00936e-30  6.81126e-35  2.79475e-31 -1.60612e-36  1.90369e-32  2.40134e-37 -2.04949e-34 -1.38273e-37 -9.13945e-35 -4.61536e-39 -4.00129e-36  1.73812e-39 -3.69641e-38 -2.09968e-41
-1.90569e-35  -6.0915e-32  -2.1993e-35  4.09575e-30 -2.33174e-34 -1.44239e-28  6.00341e-35  3.40501e-27  1.34548e-34 -5.95164e-26 -1.48256e-34   8.1487e-25 -1.17097e-34 -9.05799e-24 -4.59356e-35  8.37778e-23 -8.17337e-35 -6.56204e-22  2.23819e-34  4.40987e-21 -2.64419e-33 -2.56772e-20  1.90832e-32  1.30502e-19 -1.17624e-31 -5.82132e-19   6.4808e-31  2.28815e-18 -3.21423e-30 -7.94592e-18  1.44081e-29  2.44121e-17 -5.85695e-29  -6.6367e-17  2.16498e-28  1.59488e-16 -7.29308e-28 -3.37959e-16  2.24285e-27  6.28844e-16  -6.3051e-27 -1.02086e-15  1.62178e-26  1.43191e-15 -3.81893e-26  -1.7097e-15  8.23425e-26  1.69601e-15 -1.62539e-25 -1.33702e-15  2.93554e-25  7.56372e-16 -4.84572e-25 -2.03198e-16  7.29914e-25 -1.12039e-16   -1.001e-24  1.57483e-16  1.24577e-24 -6.48501e-17 -1.40052e-24 -1.46241e-17  1.41268e-24  2.72633e-17 -1.26494e-24 -6.95898e-18  9.86768e-25 -5.18114e-18 -6.44814e-25  3.27769e-18  3.16089e-25  5.46319e-19 -5.90331e-26 -8.48959e-19 -1.02014e-25 -1.55869e-20  1.73958e-25  1.71676e-19 -1.80964e-25  -3.2531e-21  1.50592e-25 -2.95578e-20 -1.06046e-25 -4.45879e-22  6.35514e-26  4.26015e-21 -3.18467e-26  4.24616e-22  1.28478e-26 -4.64417e-22 -3.85493e-27 -1.03816e-22  6.62144e-28  3.02459e-23  7.21004e-29  1.34368e-23  -1.0389e-28 -1.35825e-25  4.51544e-29 -9.02418e-25 -1.33201e-29 -1.42679e-25  2.71866e-30  1.96552e-26 -2.09258e-31  8.95362e-27 -8.65257e-32  7.54874e-28  3.25091e-32 -1.27906e-28 -3.45709e-33 -3.37594e-29 -2.23785e-34 -2.19921e-30  3.30387e-35  1.54747e-31  7.86505e-36  3.30541e-32 -1.43718e-37  1.76078e-33 -1.63659e-37  3.37754e-36 -1.08021e-39 -2.30895e-36  9.20975e-40 -3.81862e-38
 1.60018e-32  -4.0065e-35 -1.88478e-30 -3.35041e-35  8.72767e-29 -1.83828e-34 -2.48084e-27 -3.71563e-35  5.00751e-26  4.53262e-35 -7.72541e-25 -1.17097e-34  9.52316e-24 -8.48122e-35 -9.66031e-23 -1.73585e-35  8.23284e-22 -2.61063e-34 -5.98451e-21  2.11863e-33  3.75265e-20 -1.65602e-32  -2.0473e-19  1.09638e-31  9.78016e-19 -6.41508e-31 -4.11034e-18  3.36927e-30  1.52477e-17 -1.59662e-29 -5.00274e-17  6.85119e-29  1.45292e-16 -2.67005e-28 -3.73374e-16  9.47366e-28  8.47578e-16 -3.06625e-27 -1.69416e-15  9.06676e-27  2.96647e-15 -2.45213e-26 -4.51498e-15  6.07037e-26  5.90329e-15 -1.37609e-25 -6.50939e-15  2.85676e-25  5.86609e-15 -5.42957e-25 -4.05848e-15  9.44126e-25  1.81429e-15 -1.50031e-24 -8.47315e-17  2.17521e-24 -6.06286e-16 -2.87075e-24  4.60381e-16  3.43783e-24 -7.95758e-17 -3.71945e-24 -1.05458e-16   3.6133e-24  7.22314e-17 -3.12309e-24  2.74468e-18  2.36603e-24 -2.05262e-17  -1.5268e-24   4.5368e-18  7.82047e-25  4.03445e-18 -2.38372e-25 -1.61736e-18 -8.45725e-26 -6.84553e-19  2.28087e-25  3.55641e-19 -2.53757e-25  1.16819e-19  2.15781e-25 -5.75755e-20 -1.53134e-25 -2.05093e-20  9.15158e-26  6.56556e-21 -4.51597e-26  3.23564e-21  1.76703e-26 -3.79115e-22 -5.05493e-27 -3.83301e-22  8.13263e-28 -2.09235e-23  8.15452e-29   2.7817e-23 -1.08488e-28  5.99464e-24  4.49074e-29 -7.15801e-25 -1.34148e-29 -4.35383e-25  2.86561e-30 -4.00721e-26 -2.07098e-31  9.68606e-27 -1.04808e-31  2.70486e-27  3.45475e-32  1.57644e-28 -2.52493e-33 -2.97693e-29 -3.56819e-34 -5.79443e-30 -5.31561e-36 -3.06449e-31  1.57763e-35  1.24262e-32 -3.89777e-37  2.12635e-33 -1.50392e-37  7.73406e-35  7.82525e-41  4.20578e-37  3.32077e-40
 1.03405e-35  6.69205e-31  -6.5209e-35 -4.45426e-29 -5.01775e-35  1.57766e-27 -1.34451e-34 -3.74346e-26 -8.84721e-35  6.57851e-25 -1.91678e-35 -9.05799e-24 -8.48122e-35  1.01286e-22  -4.8551e-35  -9.4266e-22  1.56386e-34  7.43206e-21 -1.57349e-33 -5.02908e-20  1.31062e-32  2.94957e-19 -9.29067e-32 -1.51058e-18  5.79624e-31  6.79275e-18 -3.22966e-30 -2.69279e-17  1.62017e-29  9.43558e-17 -7.34862e-29 -2.92666e-16  3.02327e-28  8.03759e-16 -1.13112e-27 -1.95257e-15  3.85684e-27  4.18589e-15 -1.20058e-26 -7.88717e-15  3.41631e-26  1.29807e-14 -8.89504e-26 -1.84861e-14  2.12044e-25  2.24561e-14 -4.62928e-25 -2.27345e-14  9.25528e-25  1.83951e-14 -1.69388e-24 -1.08321e-14   2.8357e-24  3.27448e-15 -4.33705e-24  1.30508e-15  6.04974e-24 -2.19855e-15  -7.6781e-24  1.01672e-15  8.83789e-24  1.39634e-16 -9.18618e-24 -3.90461e-16   8.5712e-24  1.23695e-16  -7.1195e-24  6.65408e-17  5.19891e-24 -5.22404e-17  -3.2664e-24 -4.61567e-18  1.68497e-24  1.30864e-17 -6.12789e-25 -6.49023e-19  1.33203e-26   -2.623e-18  2.50006e-25  2.30645e-19 -3.16122e-25  4.59155e-19   2.8151e-25 -2.40086e-20 -2.04635e-25 -6.92794e-20  1.23103e-25 -2.54199e-21 -5.99458e-26  8.18862e-21  2.26213e-26  1.29193e-21 -6.07247e-27 -6.25468e-22  8.80247e-28  -2.0674e-22  8.91283e-29  1.50996e-23 -9.87709e-29  1.63014e-23  3.92141e-29  1.85421e-24 -1.27263e-29  -4.8982e-25  2.99844e-30 -1.56498e-25 -1.96535e-31 -8.15442e-27 -1.26759e-31  3.06404e-27  3.55862e-32  6.05012e-28 -1.22904e-33  2.65432e-29  -4.9205e-34 -4.33323e-30 -3.89504e-35 -6.43487e-31  2.02818e-35 -2.72505e-32 -4.68541e-37  3.70307e-34 -1.11355e-37  5.27679e-35   1.7774e-40   7.1929e-37
 -1.5915e-31  2.65233e-35  1.86224e-29 -9.27798e-35 -8.65975e-28 -6.42145e-35  2.47426e-26 -1.04073e-34 -5.02115e-25 -9.78465e-35  7.79032e-24 -4.59356e-35 -9.66031e-23  -4.8551e-35  9.86069e-22 -4.43334e-35 -8.45882e-21  1.02064e-33  6.19127e-20 -9.20018e-33 -3.91053e-19  7.15175e-32  2.14977e-18 -4.77298e-31 -1.03526e-17  2.82851e-30  4.38797e-17 -1.50454e-29 -1.64243e-16  7.22406e-29  5.44019e-16 -3.14212e-28 -1.59598e-15  1.24142e-27  4.14569e-15 -4.46541e-27 -9.51975e-15  1.46508e-26  1.92653e-14 -4.39098e-26 -3.41898e-14  1.20351e-25  5.28107e-14 -3.01901e-25 -7.01992e-14  6.93433e-25  7.88949e-14  -1.4586e-24 -7.27658e-14  2.80924e-24  5.19609e-14 -4.95163e-24 -2.46293e-14  7.98066e-24  2.46067e-15 -1.17462e-23  7.27444e-15  1.57589e-23  -6.1538e-15 -1.92238e-23  1.38658e-15  2.12505e-23  1.25258e-15  -2.1191e-23 -1.01388e-15  1.89476e-23  3.17597e-17 -1.50672e-23  2.70332e-16  1.05365e-23 -7.96999e-17 -6.37157e-24 -4.96825e-17  3.23173e-24  2.59697e-17  -1.2674e-24  7.84569e-18  2.44211e-25 -5.66737e-18  1.96802e-25 -1.30675e-18  -3.3746e-25  9.49531e-19  3.31267e-25  2.43914e-19 -2.53766e-25 -1.18452e-19  1.55787e-25 -4.27037e-20 -7.50014e-26   9.0006e-21   2.7045e-26  5.66609e-21 -6.64469e-27 -2.32228e-23  8.12079e-28 -4.72299e-22  8.98107e-29 -7.49182e-23 -7.07024e-29  1.71879e-23  2.81486e-29  6.91014e-24 -1.16006e-29  3.66223e-25   3.1534e-30 -2.02079e-25 -1.65138e-31 -4.26484e-26 -1.54356e-31 -1.23796e-27  3.59242e-32   6.5082e-28  1.75496e-34  9.65638e-29 -5.95028e-34  3.50198e-30 -6.15568e-35  -3.5779e-31  2.07315e-35 -3.97011e-32 -4.14457e-37 -1.17782e-33  -6.5912e-38  -2.3394e-37   6.5163e-41
 9.14432e-38 -6.02804e-30  3.75001e-35  4.02993e-28 -1.17442e-34 -1.43465e-26 -6.53949e-35  3.42249e-25 -9.58284e-35 -6.04852e-24 -8.29886e-35  8.37778e-23 -1.73585e-35  -9.4266e-22 -4.43334e-35  8.83086e-21  -2.6421e-34 -7.01047e-20  5.54032e-33  4.77827e-19 -4.89378e-32 -2.82391e-18  3.56703e-31  1.45788e-17 -2.25779e-30 -6.61154e-17  1.27584e-29   2.6445e-16 -6.49523e-29 -9.35448e-16  2.99189e-28  2.93077e-15 -1.25049e-27 -8.13523e-15  4.75332e-27  1.99893e-14 -1.64645e-26 -4.33799e-14  5.20514e-26  8.28243e-14 -1.50382e-25 -1.38291e-13  3.97413e-25  2.00111e-13 -9.61251e-25 -2.47518e-13  2.12872e-24  2.55977e-13 -4.31619e-24 -2.12788e-13  8.01064e-24  1.30506e-13 -1.36008e-23 -4.39317e-14   2.1105e-23 -1.18948e-14 -2.98899e-23  2.56338e-14  3.85607e-23  -1.3312e-14  -4.5195e-23   -7.445e-16  4.79499e-23  4.65108e-15 -4.58254e-23 -1.79748e-15  3.91915e-23 -6.81862e-16 -2.97353e-23  6.91594e-16  1.97921e-23  8.24976e-18 -1.13958e-23 -1.66964e-16  5.57444e-24  2.05484e-17 -2.24399e-24  3.29804e-17  6.52798e-25 -5.50728e-18  1.48742e-26 -5.84955e-18 -2.76547e-25  7.61624e-19  3.43985e-25  9.23849e-19 -2.93007e-25 -3.01237e-20   1.8717e-25 -1.18186e-19 -8.91395e-26 -1.10587e-20  3.02585e-26  1.03328e-20 -6.52267e-27  2.53344e-21  5.77672e-28  -4.0671e-22  7.41478e-29   -2.399e-22 -2.23369e-29 -1.62863e-23  1.29532e-29  9.28022e-24 -1.04902e-29  2.21258e-24  3.33784e-30  3.10578e-26 -1.03662e-31 -5.72071e-26 -1.86107e-31 -8.75339e-27  3.56036e-32 -1.61306e-28  1.41231e-33  8.98765e-29 -6.37937e-34  1.01695e-29 -7.02677e-35  3.12326e-31  1.77874e-35 -1.33304e-32 -2.94133e-37 -9.69103e-34 -2.97485e-38 -1.09017e-35
 1.31091e-30 -3.79397e-36 -1.54279e-28  3.73154e-35  7.21094e-27 -1.32192e-34 -2.07141e-25 -4.94874e-35  4.22744e-24 -9.80892e-35 -6.59792e-23 -8.17337e-35  8.23284e-22  1.56386e-34 -8.45882e-21  -2.6421e-34  7.30638e-20 -1.68046e-33 -5.38661e-19  2.82107e-32   3.4283e-18 -2.37688e-31 -1.89985e-17  1.63373e-30  9.22672e-17 -9.84179e-30 -3.94584e-16  5.32056e-29  1.49094e-15 -2.59997e-28 -4.98799e-15  1.15196e-27  1.47893e-14 -4.63758e-27  -3.8853e-14  1.69958e-26  9.03039e-14 -5.67938e-26 -1.85145e-13  1.73285e-25  3.33247e-13 -4.83255e-25 -5.22789e-13  1.23273e-24  7.07072e-13 -2.87765e-24 -8.10661e-13  6.14848e-24  7.65959e-13 -1.20233e-23 -5.65042e-13  2.15104e-23  2.83739e-13 -3.51853e-23 -4.29953e-14  5.25685e-23 -7.27464e-14 -7.16333e-23   6.9528e-14  8.88489e-23  -1.9483e-14 -1.00026e-22 -1.21957e-14  1.01811e-22  1.19789e-14  -9.3181e-23 -1.21181e-15  7.61113e-23 -2.96778e-15 -5.49297e-23  1.13408e-15  3.45881e-23  4.95426e-16 -1.87447e-23 -3.45518e-16  8.67172e-24 -6.85995e-17 -3.47197e-24  7.48779e-17  1.25174e-24  1.06573e-17 -3.52864e-25 -1.29197e-17 -8.59151e-26 -2.19162e-18  2.98055e-25  1.73494e-18 -3.16696e-25  4.48134e-19  2.16081e-25 -1.57145e-19 -1.01541e-25 -6.84662e-20  3.16867e-26  5.17777e-21 -5.53293e-27   6.5855e-21  1.81592e-28   6.8523e-22  2.93016e-29 -3.08101e-22  4.50883e-29 -8.94837e-23 -4.21773e-30 -6.28999e-25 -9.76083e-30  3.35441e-24  3.52053e-30  5.43626e-25 -1.37459e-32 -4.57034e-27 -2.16605e-31 -1.12566e-26  3.44233e-32 -1.30721e-27   2.2697e-33 -2.10954e-29 -6.10605e-34  7.33667e-30 -6.61904e-35  6.06848e-31  1.29889e-35  1.38764e-32 -1.69916e-37 -1.16944e-34 -8.91031e-39
 2.06162e-36  4.58944e-29 -1.16713e-35 -3.08414e-27  2.96908e-35  1.10386e-25 -1.31831e-34  -2.6483e-24 -2.38984e-35  4.70816e-23 -6.74284e-35 -6.56204e-22 -2.61063e-34  7.43206e-21  1.02064e-33 -7.01047e-20 -1.68046e-33  5.60576e-19 -8.93193e-33 -3.85004e-18  1.32992e-31  2.29365e-17 -1.05476e-30 -1.19417e-16  6.86054e-30  5.46406e-16 -3.94685e-29 -2.20619e-15  2.04882e-28   7.8821e-15 -9.64379e-28 -2.49568e-14  4.12309e-27  7.00573e-14 -1.60337e-26 -1.74215e-13   5.6794e-26  3.82967e-13 -1.83492e-25 -7.41417e-13  5.41334e-25  1.25683e-12 -1.45953e-24 -1.84939e-12  3.59841e-24  2.33126e-12 -8.11524e-24 -2.46513e-12  1.67424e-23  2.10735e-12 -3.15926e-23 -1.34687e-12   5.4503e-23  5.00628e-13 -8.59052e-23  8.07168e-14  1.23576e-22 -2.53663e-13 -1.62005e-22  1.48234e-13  1.93159e-22 -3.08359e-15  -2.0884e-22 -4.67593e-14  2.03883e-22  2.18729e-14 -1.78623e-22  5.46521e-15  1.39197e-22 -7.73327e-15 -9.52975e-23  5.05117e-16  5.64029e-23  1.78772e-15 -2.83752e-23 -3.68536e-16  1.21104e-23 -3.44894e-16  -4.6925e-24   9.0778e-17  1.99868e-24  6.16691e-17 -9.59394e-25 -1.39899e-17  2.81842e-25 -1.02093e-17  1.76613e-25    1.169e-18 -3.23776e-25  1.41685e-18  2.43412e-25  3.68249e-20 -1.11953e-25 -1.40176e-19  3.09678e-26 -2.42807e-20 -3.63198e-27  7.36471e-21 -3.28014e-28  2.90826e-21 -5.71849e-29  4.62517e-23  1.26466e-28  -1.4099e-22 -2.08769e-29 -2.53425e-23 -9.52016e-30  9.24924e-25  3.64224e-30  8.65411e-25  8.92805e-32  1.02212e-25 -2.38349e-31 -1.63905e-27   3.2109e-32 -1.47953e-27  2.66001e-33 -1.31523e-28 -5.23156e-34 -2.21728e-30 -5.34815e-35  2.88805e-31  8.02505e-36  1.46211e-32 -7.77288e-38  1.32558e-34
-9.20218e-30  4.61079e-36  1.08858e-27 -2.17329e-35 -5.11546e-26  2.18973e-35  1.47779e-24 -1.11248e-34 -3.03391e-23 -3.29048e-35  4.76476e-22  2.23819e-34 -5.98451e-21 -1.57349e-33  6.19127e-20  5.54032e-33 -5.38661e-19 -8.93193e-33  4.00162e-18 -4.21225e-32 -2.56731e-17  5.72744e-31  1.43478e-16 -4.25695e-30 -7.03032e-16   2.6277e-29   3.0349e-15 -1.44977e-28 -1.15818e-14  7.26079e-28  3.91569e-14 -3.30709e-27 -1.17403e-13  1.36999e-26   3.1212e-13 -5.16488e-26 -7.34732e-13  1.77385e-25  1.52714e-12 -5.55588e-25 -2.78986e-12  1.58842e-24  4.44855e-12 -4.14816e-24 -6.12704e-12  9.89954e-24  7.17275e-12 -2.15943e-23  -6.9497e-12  4.30552e-23  5.30094e-12  -7.8446e-23 -2.81781e-12  1.30548e-22  5.68839e-13 -1.98295e-22  6.11255e-13  2.74635e-22 -6.73712e-13 -3.46329e-22  2.28044e-13  3.96862e-22  9.69271e-14 -4.12016e-22  -1.2083e-13  3.85785e-22  2.09497e-14 -3.23513e-22  2.73963e-14  2.40382e-22 -1.34461e-14 -1.55752e-22 -3.93786e-15  8.60373e-23  3.87602e-15 -3.94481e-23   4.0464e-16  1.49395e-23 -8.33053e-16  -5.4056e-24 -4.79948e-17  2.78703e-24  1.47421e-16 -1.84957e-24  1.28406e-17  8.67438e-25 -2.11086e-17 -2.72672e-26 -3.60391e-18  -3.1964e-25  2.18165e-18   2.7223e-25  6.75093e-19 -1.20626e-25 -1.16704e-19  2.80074e-26 -7.63101e-20  -9.4119e-28 -3.55297e-21  -8.6408e-28  4.40981e-21 -1.91319e-28    9.444e-22  2.12909e-28 -5.08773e-23 -3.49094e-29 -4.56302e-23 -9.56024e-30 -5.53631e-24  3.64309e-30  3.54144e-25  1.81026e-31  1.59119e-25 -2.44894e-31  1.42945e-26  2.85174e-32 -1.68887e-28  2.62561e-33 -1.18156e-28 -4.00216e-34 -7.65231e-30  -3.7436e-35 -1.16078e-31  4.09497e-36  3.21996e-33 -2.50729e-38
-9.33327e-37 -2.99377e-28  8.05787e-36  2.02269e-26 -2.97387e-35 -7.28061e-25  1.41641e-35   1.7571e-23 -3.43748e-35 -3.14334e-22 -3.47458e-34  4.40987e-21  2.11863e-33 -5.02908e-20 -9.20018e-33  4.77827e-19  2.82107e-32 -3.85004e-18 -4.21225e-32  2.66547e-17 -1.78887e-31  -1.6014e-16  2.22542e-30  8.41197e-16 -1.54551e-29 -3.88525e-15  9.08123e-29  1.58433e-14 -4.83407e-28 -5.72001e-14  2.35198e-27  1.83134e-13 -1.04342e-26 -5.20194e-13   4.2125e-26  1.31001e-12 -1.54725e-25 -2.91894e-12  5.17381e-25  5.73414e-12 -1.57641e-24 -9.87629e-12  4.38004e-24  1.47905e-11 -1.11045e-23 -1.90179e-11  2.56984e-23  2.05819e-11 -5.42961e-23 -1.81118e-11  1.04729e-22  1.20695e-11 -1.84367e-22 -4.91912e-12  2.96078e-22 -3.21249e-13 -4.33441e-22  2.15354e-12   5.7789e-22 -1.42277e-12 -7.00806e-22  1.34678e-13  7.71598e-22  4.00136e-13 -7.69101e-22  -2.2669e-13  6.90763e-22  -3.1375e-14 -5.54634e-22  7.38639e-14  3.92963e-22 -1.08223e-14 -2.40543e-22 -1.61759e-14  1.23034e-22  4.94188e-15  -5.0057e-23  3.00282e-15  1.55917e-23 -1.17171e-15 -4.87433e-24  -5.3676e-16  3.46125e-24  1.92598e-16 -3.06202e-24  9.35257e-17  1.69909e-24 -2.06385e-17 -3.06841e-25 -1.41962e-17 -3.16204e-25  7.31835e-19  3.06926e-25  1.58683e-18 -1.28005e-25  1.67825e-19  2.29915e-26 -1.03284e-19  2.24697e-27 -2.90298e-20 -1.31907e-27  1.45392e-21  -3.6635e-28  1.76472e-21  2.92913e-28  2.30305e-22 -4.51336e-29 -2.66612e-23 -9.45562e-30 -1.08272e-23  3.49253e-30 -9.38594e-25  2.38312e-31  6.76151e-26   -2.336e-31  1.99672e-26  2.37727e-32    1.382e-27  2.29441e-33 -2.93649e-30 -2.70857e-34 -4.71893e-30 -2.25545e-35 -1.83197e-31   1.6346e-36 -1.24499e-33
 5.56256e-29 -2.53243e-36 -6.61581e-27  1.19242e-35  3.12652e-25 -2.80869e-35 -9.08595e-24 -3.23699e-35  1.87703e-22  3.81563e-34 -2.96727e-21 -2.64419e-33  3.75265e-20  1.31062e-32 -3.91053e-19 -4.89378e-32   3.4283e-18  1.32992e-31 -2.56731e-17 -1.78887e-31  1.66106e-16  -6.7888e-31 -9.36586e-16   7.6427e-30  4.63239e-15  -4.9299e-29 -2.01961e-14  2.76887e-28  7.78819e-14 -1.43673e-27 -2.66242e-13  6.87075e-27  8.07701e-13 -3.00069e-26 -2.17435e-12  1.19123e-25  5.18742e-12 -4.29403e-25 -1.09385e-11  1.40623e-24  2.02973e-11 -4.18758e-24 -3.29234e-11  1.13492e-23  4.62186e-11 -2.80138e-23 -5.52999e-11  6.30065e-23  5.49988e-11 -1.29155e-22 -4.34145e-11  2.41293e-22  2.44119e-11 -4.10744e-22 -6.13315e-12  6.36772e-22 -4.31175e-12 -8.98467e-22  5.65725e-12  1.15285e-21 -2.27111e-12 -1.34386e-21 -6.10168e-13  1.42103e-21  1.05075e-12 -1.35966e-21 -2.63056e-13   1.1717e-21 -2.12779e-13 -9.01526e-22  1.35307e-13  6.09581e-22  2.33722e-14 -3.52181e-22 -3.70903e-14  1.65296e-22 -5.01057e-16 -5.71906e-23  7.87924e-15  1.19644e-23 -2.30301e-16 -2.20859e-24  -1.4243e-15  3.85942e-24  -4.0668e-18 -4.63558e-24  2.16258e-16  2.78755e-24  1.90806e-17 -6.40237e-25 -2.49587e-17 -3.29862e-25 -5.30397e-18  3.51543e-25  1.74228e-18 -1.34298e-25  7.36682e-19  1.63761e-26 -1.53326e-20  5.49745e-27 -5.19944e-20 -1.59349e-27 -7.93644e-21 -5.59358e-28  1.18643e-21  3.54601e-28  5.16332e-22 -5.14963e-29   4.2695e-23 -8.77769e-30  -7.2134e-24  3.20494e-30 -1.86828e-24  2.49636e-31 -1.21822e-25 -2.06554e-31    7.245e-27   1.8295e-32   1.5559e-27  1.81571e-33  7.91807e-29 -1.59181e-34  4.07772e-31 -1.14175e-35 -5.70297e-32  4.43244e-37
 1.94655e-36  1.68945e-27  -4.3743e-36 -1.14792e-25  1.23314e-35  4.15653e-24  1.69358e-35 -1.00942e-22 -4.07431e-34  1.81768e-21  3.01638e-33 -2.56772e-20 -1.65602e-32  2.94957e-19  7.15175e-32 -2.82391e-18 -2.37688e-31  2.29365e-17  5.72744e-31  -1.6014e-16  -6.7888e-31   9.7069e-16  -2.2427e-30 -5.14687e-15  2.21526e-29  2.40078e-14 -1.30474e-28 -9.89255e-14  7.05957e-28  3.61119e-13 -3.65287e-27 -1.16978e-12  1.75944e-26  3.36435e-12 -7.72059e-26 -8.58572e-12  3.06174e-25  1.94047e-11 -1.09612e-24 -3.87099e-11  3.54705e-24   6.7797e-11 -1.03925e-23 -1.03422e-10  2.76113e-23  1.35775e-10 -6.66033e-23 -1.50539e-10  1.45992e-22    1.365e-10 -2.90946e-22 -9.48914e-11  5.27238e-22  4.21623e-11  -8.6864e-22 -8.59333e-13  1.30055e-21  -1.5786e-11 -1.76857e-21   1.1889e-11  2.18305e-21 -1.98949e-12 -2.44442e-21 -2.92189e-12  2.48076e-21  2.02536e-12 -2.27779e-21  7.63438e-14  1.88427e-21 -6.06719e-13 -1.39126e-21  1.43097e-13  8.99528e-22  1.23622e-13 -4.90656e-22 -5.35966e-14  2.09184e-22 -2.14863e-14 -5.70495e-23  1.24379e-14   1.6915e-24  3.77667e-15  3.47316e-24 -2.14144e-15  3.87416e-24 -6.99664e-16 -6.61482e-24  2.64273e-16  4.12078e-24  1.18442e-16 -9.91426e-25 -1.78422e-17  -3.7767e-25 -1.50971e-17  4.07784e-25 -5.34547e-19 -1.39153e-25  1.18042e-18  8.86583e-27  2.34228e-19  8.29781e-27 -3.46605e-20 -1.62608e-27  -1.8435e-20 -7.33529e-28 -1.53473e-21  3.88591e-28  4.32981e-22 -5.48338e-29  1.12969e-22 -7.31842e-30  6.14293e-24  2.83191e-30 -1.22072e-24  2.19945e-31 -2.24278e-25 -1.69425e-31 -1.13716e-26  1.27214e-32  3.88633e-28  1.31188e-33  6.21945e-29  -7.8599e-35  1.90419e-30 -4.59557e-36  7.78033e-33
-2.91985e-28  3.81594e-36  3.49242e-26 -4.63419e-36 -1.66031e-24 -1.62728e-35  4.85526e-23  3.56467e-34 -1.00964e-21  -3.0459e-33  1.60713e-20  1.90832e-32  -2.0473e-19 -9.29067e-32  2.14977e-18  3.56703e-31 -1.89985e-17 -1.05476e-30  1.43478e-16  2.22542e-30 -9.36586e-16  -2.2427e-30  5.33057e-15 -6.01904e-30 -2.66266e-14  4.70013e-29  1.17301e-13  -2.3479e-28  -4.5735e-13  1.25834e-27   1.5818e-12 -7.04405e-27 -4.85849e-12  3.67565e-26  1.32527e-11 -1.70497e-25 -3.20661e-11  6.98452e-25  6.86487e-11  -2.5392e-24 -1.29492e-10  8.24162e-24  2.13852e-10 -2.40023e-23 -3.06271e-10  6.29599e-23  3.74899e-10 -1.49161e-22 -3.83121e-10  3.19793e-22  3.13255e-10 -6.21188e-22  -1.8621e-10  1.09384e-21  5.58478e-11 -1.74612e-21  2.51557e-11  2.52606e-21 -4.14647e-11 -3.31029e-21  1.95293e-11  3.92818e-21  2.72909e-12 -4.22077e-21 -7.92552e-12  4.10683e-21  2.65807e-12 -3.61674e-21  1.37487e-12  2.87391e-21  -1.1698e-12 -2.04086e-21 -7.65041e-14  1.26607e-21  3.04835e-13 -6.53419e-22 -2.43639e-14  2.50278e-22 -6.36094e-14 -4.57302e-23  7.95135e-15  -1.7426e-23  1.16896e-14  1.28344e-23 -1.06014e-15  3.51371e-24 -1.87716e-15 -9.04747e-24 -4.94839e-18   5.6573e-24  2.39569e-16 -1.31331e-24  3.05352e-17 -4.72688e-25 -2.02239e-17  4.73403e-25 -5.86388e-18 -1.41583e-25  6.51955e-19  1.36882e-27  5.12394e-19  1.01544e-26  4.88877e-20  -1.4152e-27 -1.71911e-20  -8.4683e-28 -4.87784e-21  3.90584e-28 -1.98698e-22 -5.63266e-29  1.01496e-22  -5.2066e-30  1.82961e-23  2.43647e-30  7.07026e-25  1.67143e-31 -1.27515e-25 -1.29102e-31 -1.70518e-26  7.74011e-33 -6.52611e-28  8.61437e-34  6.98699e-30  -3.0727e-35  7.80131e-31  -1.2732e-36
-4.52821e-37 -8.30802e-27  4.72181e-36  5.67872e-25  1.27143e-35 -2.06912e-23 -2.75142e-34  5.05807e-22  2.77398e-33  -9.1713e-21 -1.98323e-32  1.30502e-19  1.09638e-31 -1.51058e-18 -4.77298e-31  1.45788e-17  1.63373e-30 -1.19417e-16 -4.25695e-30  8.41197e-16   7.6427e-30 -5.14687e-15 -6.01904e-30  2.75606e-14 -1.00001e-29 -1.29902e-13  1.85196e-29  5.41183e-13  1.04502e-28 -1.99864e-12 -1.88656e-28  6.55453e-12 -4.51944e-27 -1.90999e-11  4.70061e-26  4.94285e-11  -2.8631e-25 -1.13401e-10  1.33688e-24  2.29904e-10  -5.1931e-24 -4.09798e-10   1.7398e-23  6.37359e-10 -5.12348e-23 -8.55141e-10  1.34116e-22   9.7235e-10 -3.14269e-22   -9.094e-10   6.6215e-22  6.59849e-10 -1.25779e-21 -3.18092e-10  2.15697e-21  3.12775e-11 -3.34078e-21  1.00106e-10  4.67254e-21 -8.71255e-11 -5.89952e-21  2.09604e-11  6.72393e-21  1.81121e-11 -6.92253e-21 -1.57321e-11  6.44763e-21  9.07176e-13  -5.4415e-21  4.29542e-12  4.15709e-21 -1.45944e-12 -2.84872e-21 -7.88691e-13  1.70479e-21  4.86735e-13 -8.36487e-22  1.20967e-13  2.84742e-22 -1.11247e-13 -2.01339e-23 -2.00399e-14 -4.69261e-23  1.98646e-14  2.61111e-23  4.06509e-15  2.94213e-24 -2.70881e-15 -1.19687e-23 -8.06109e-16  7.31857e-24  2.40112e-16 -1.55262e-24  1.20449e-16 -6.19693e-25 -5.70163e-18  5.41602e-25  -1.1243e-17 -1.40201e-25 -1.43472e-18 -5.09944e-27  4.81484e-19  1.07021e-26  1.60976e-19  -1.0224e-27  5.01662e-21 -8.64792e-28 -5.28336e-21  3.62673e-28 -9.79142e-22 -5.69094e-29 -1.55381e-23 -2.85728e-30  1.59557e-23  2.06518e-30  2.10125e-24   1.1269e-31  6.40212e-26 -9.14571e-32  -7.3513e-27  3.88915e-33 -6.79376e-28  5.04749e-34 -1.61069e-29 -8.41574e-36 -3.59225e-33
