 5.05572e-32  6.56867e-47 -3.98456e-30 -2.27268e-45  1.23689e-28  9.85839e-44 -2.33586e-27 -2.20894e-42  3.09978e-26  3.52718e-41 -3.10866e-25 -4.26227e-40  2.46048e-24   4.0508e-39 -1.58106e-23  -3.0988e-38  8.40923e-23  1.92891e-37 -3.75232e-22 -9.77166e-37  1.41782e-21  3.94904e-36 -4.56414e-21 -1.17997e-35   1.2559e-20  1.77095e-35  -2.9562e-20  6.38567e-35  5.94067e-20 -6.90357e-34 -1.01387e-19  3.64935e-33   1.4553e-19 -1.45794e-32 -1.72772e-19  4.83176e-32  1.64655e-19 -1.37714e-31 -1.18605e-19  3.43522e-31  5.48382e-20 -7.56916e-31 -4.05778e-21  1.48027e-30 -1.58283e-20  -2.5742e-30  1.11339e-20  3.97894e-30 -8.36667e-22 -5.45204e-30 -2.98818e-21  6.58747e-30  1.30354e-21 -6.95585e-30  4.49406e-22  6.32341e-30 -4.38221e-22 -4.81983e-30 -4.17043e-23  2.91972e-30  1.07346e-22 -1.21691e-30  3.19474e-24  1.28045e-31 -2.25554e-23  2.76719e-31 -1.23717e-24 -2.18687e-31  4.10618e-24  7.47296e-33  5.99587e-25  1.43991e-31 -5.92836e-25  -1.7724e-31 -1.77116e-25  1.33866e-31  5.34344e-26 -7.38481e-32  3.28027e-26  3.05392e-32  2.04237e-28 -8.84982e-33 -3.54088e-27  1.12078e-33 -8.06232e-28  5.48588e-34  1.36104e-28 -4.75122e-34  9.76836e-29   2.0558e-34  1.30151e-29 -5.85336e-35 -3.32947e-30  9.75288e-36 -1.53492e-30 -7.19973e-37 -1.81574e-31   5.6446e-37  2.76687e-32 -5.58698e-37  1.28958e-32  2.50665e-37  1.76032e-33  -7.8853e-38 -1.14648e-35  2.79231e-38 -4.24491e-35 -1.06738e-38 -6.92948e-36   3.1465e-39  -4.4002e-37 -6.90556e-40  1.71568e-38  1.27591e-40   5.9765e-39 -1.94723e-41  5.22722e-40  1.99014e-42  1.89327e-41 -1.12216e-43 -1.94149e-43  1.14888e-45 -1.52264e-44  5.21815e-46 -7.63795e-46 -2.73399e-47
 6.56867e-47  5.69795e-30  2.38935e-45 -2.55921e-28 -1.22484e-43  6.06278e-27  3.89416e-42 -9.52662e-26 -7.62218e-41  1.09676e-24  1.09551e-39 -9.77775e-24 -1.21851e-38  6.98911e-23  1.08155e-37 -4.09997e-22 -7.82952e-37  2.00601e-21  4.69162e-36  -8.2789e-21 -2.34653e-35  2.90416e-20  9.78944e-35     -8.7e-20 -3.34974e-34  2.23039e-19  8.87788e-34 -4.89094e-19 -1.44284e-33  9.14287e-19 -1.34844e-33 -1.44671e-18  2.26168e-32  1.91376e-18  -1.1226e-31 -2.07133e-18  4.02493e-31  1.76241e-18 -1.18243e-30 -1.07821e-18  2.97259e-30  3.45275e-19 -6.52083e-30  1.05778e-19  1.26018e-29 -1.88614e-19 -2.15486e-29  7.46294e-20  3.26334e-29    2.235e-20 -4.36852e-29 -3.11052e-20  5.14375e-29  3.77698e-21 -5.27923e-29  7.42494e-21  4.64931e-29 -2.40152e-21 -3.41384e-29 -1.48104e-21   1.9655e-29  6.78663e-22 -7.37433e-30  2.97112e-22 -6.52717e-32 -1.38091e-22  2.61238e-30 -6.32265e-23 -2.08546e-30  2.02141e-23  6.42405e-31  1.28553e-23  3.79143e-31 -1.48995e-24 -6.76811e-31 -2.11932e-24  5.30373e-31 -1.68985e-25 -2.83604e-31  2.33311e-25  1.09194e-31  6.75626e-26 -2.73574e-32 -9.93292e-27  1.10142e-33 -8.72634e-27  3.28893e-33  -1.1557e-27   -2.266e-33  4.11771e-28  9.92876e-34  1.78256e-28  -3.1794e-34  1.62644e-29  7.06328e-35 -6.03834e-30 -1.18257e-35 -2.15228e-30  4.60055e-36 -2.21999e-31 -2.90665e-36  2.99475e-32  1.19369e-36  1.27907e-32  -3.8696e-37  1.66785e-33  1.44729e-37  2.79753e-35 -5.28736e-38 -2.33234e-35  1.41126e-38 -3.78725e-36 -2.78173e-39 -2.63082e-37  4.72486e-40 -1.60306e-39 -6.75326e-41  1.17748e-39  6.36288e-42  9.25413e-41 -3.20783e-43  2.93399e-42  3.08843e-45  5.61739e-44  8.65124e-46 -4.30391e-46
-3.98456e-30  2.38935e-45  3.17005e-28   6.7655e-44 -9.92477e-27 -3.66254e-42  1.89106e-25  9.68814e-41 -2.53299e-24 -1.69557e-39  2.56512e-23  2.21835e-38 -2.05111e-22 -2.26969e-37   1.3322e-21  1.86876e-36 -7.16585e-21 -1.26591e-35  3.23566e-20  7.17509e-35 -1.23802e-19 -3.44283e-34   4.0386e-19   1.4066e-33 -1.12712e-18 -4.88069e-33  2.69361e-18   1.4137e-32 -5.50241e-18 -3.24075e-32  9.56062e-18  4.81543e-32 -1.40003e-17  1.89745e-32  1.70067e-17 -4.61858e-31 -1.66641e-17  2.07785e-30  1.24614e-17 -6.60574e-30 -6.16103e-18  1.71104e-29  8.13265e-19 -3.78191e-29  1.53743e-18  7.27546e-29 -1.24866e-18 -1.22924e-28  1.79773e-19   1.8302e-28   3.0138e-19 -2.39993e-28 -1.63627e-19  2.75994e-28 -3.56767e-20 -2.75933e-28  5.15937e-20  2.36051e-28  2.91416e-22 -1.67682e-28 -1.23682e-20  9.25814e-29   7.3082e-22 -3.21091e-29  2.62673e-21 -2.66899e-30 -9.25521e-23   1.3673e-29 -5.01414e-22 -1.08135e-29 -2.83127e-23  4.30231e-30  7.95119e-23   1.7243e-31  1.57078e-23 -1.62556e-30 -8.76406e-24  1.34589e-30 -3.67664e-24 -6.79306e-31  3.34013e-25  2.27028e-31  4.80176e-25 -3.72066e-32  7.23275e-26 -1.16183e-32 -2.77943e-26  1.37241e-32 -1.25229e-26 -7.92079e-33 -8.74633e-28   3.5611e-33  6.30211e-28 -1.26627e-33  1.99475e-28  3.28628e-34  1.31443e-29 -6.51569e-35 -6.08487e-30  2.00666e-35 -1.83283e-30 -1.01668e-35 -1.77609e-31  3.95453e-36  1.65529e-32 -1.32117e-36  7.16981e-33  5.08169e-37  9.07517e-34 -1.75559e-37  3.33962e-35  4.24138e-38 -5.91273e-36 -7.48157e-39  -1.0199e-36  1.16368e-39  -6.9265e-38 -1.55824e-40 -1.71289e-39   1.3545e-41  6.18695e-41  -6.0968e-43   4.8866e-42  5.80733e-45   1.1859e-43  7.09049e-46
-2.27268e-45 -2.55921e-28   6.7655e-44  1.15935e-26  1.58327e-42 -2.77107e-25  -7.9177e-41  4.39497e-24  1.83831e-39 -5.10922e-23 -2.91555e-38   4.6016e-22  3.48308e-37 -3.32454e-21 -3.26945e-36  1.97225e-20  2.48276e-35  -9.7643e-20 -1.56108e-34  4.08026e-19  8.27747e-34 -1.45029e-18 -3.75255e-33  4.40588e-18  1.46767e-32 -1.14653e-17 -4.96879e-32  2.55491e-17  1.44899e-31 -4.86014e-17 -3.56813e-31  7.83985e-17   7.0082e-31 -1.05984e-16 -8.89601e-31  1.17664e-16 -3.81443e-31 -1.03368e-16  6.87085e-30  6.62941e-17 -2.68549e-29 -2.38294e-17   7.4715e-29 -4.35755e-18 -1.69568e-28  1.12231e-17  3.28081e-28 -5.22822e-18 -5.51165e-28 -9.27067e-19  8.10185e-28  1.96182e-18 -1.04382e-27 -3.95248e-19  1.17525e-27 -4.32709e-19 -1.14711e-27  1.91217e-19  9.55617e-28  7.93914e-20 -6.59214e-28 -5.22618e-20  3.51808e-28 -1.52445e-20 -1.15894e-28    1.097e-20 -1.33433e-29  3.39791e-21  5.15039e-29 -1.78441e-21 -4.03195e-29 -7.68084e-22  1.77662e-29   1.8844e-22 -2.80803e-30  1.43706e-22 -2.30806e-30   -1.271e-24  2.19168e-30  -1.8624e-23 -9.47388e-31 -3.66352e-24  1.74982e-31  1.21073e-24   6.6763e-32  6.31327e-25 -7.88813e-32  3.87024e-26  4.68725e-32 -4.13344e-26 -2.36443e-32 -1.25535e-26  1.09415e-32 -3.33522e-28 -4.19746e-33  6.26718e-28  1.16661e-33  1.59367e-28  -2.3441e-34  8.62989e-30  6.11152e-35 -3.97869e-30 -2.75309e-35 -1.07425e-30  1.04644e-35 -1.02467e-31 -3.60025e-36  4.53471e-33  1.39377e-36  2.49147e-33 -4.51124e-37  3.08282e-34  9.83204e-38  1.50848e-35 -1.54205e-38 -5.88956e-37  2.18692e-39 -1.33334e-37 -2.74874e-40  -8.3051e-39  2.19879e-41 -2.23331e-40 -8.67437e-43 -9.56662e-43  7.48099e-45  5.16331e-44
 1.23689e-28 -1.22484e-43 -9.92477e-27  1.58327e-42  3.13504e-25  3.08274e-41 -6.02929e-24 -1.39344e-39  8.15489e-23  2.91888e-38 -8.34282e-22 -4.21632e-37  6.74253e-21  4.59232e-36 -4.42855e-20 -3.93837e-35  2.41027e-19  2.74264e-34 -1.10189e-18 -1.58908e-33  4.27151e-18  7.81054e-33 -1.41289e-17 -3.30693e-32  4.00181e-17  1.21993e-31 -9.71596e-17 -3.94872e-31  2.01892e-16  1.12275e-30 -3.57403e-16 -2.78224e-30  5.34349e-16  5.86161e-30 -6.64698e-16 -9.80998e-30  6.70175e-16  1.00329e-29 -5.20527e-16  8.15183e-30  2.74574e-16 -7.79273e-29 -5.14385e-17  2.56633e-28 -5.77891e-17 -6.18161e-28  5.51914e-17  1.22154e-27 -1.17798e-17 -2.05795e-27 -1.17105e-17  3.00244e-27  7.97877e-18 -3.81439e-27  8.64555e-19  4.21619e-27 -2.36278e-18 -4.02732e-27  2.01183e-19   3.2756e-27  5.50374e-19 -2.20235e-27 -8.64179e-20  1.14444e-27 -1.17386e-19 -3.67475e-28   1.6049e-20 -4.00698e-29  2.34182e-20  1.54433e-28 -9.23088e-22 -1.20648e-28 -4.04992e-21  5.68268e-29 -4.19262e-22 -1.58328e-29  5.21737e-22  1.15879e-30  1.50798e-22  5.72838e-31 -3.49488e-23  4.47709e-31 -2.44879e-23 -8.36358e-31 -1.77868e-24  6.14129e-31  1.90097e-24 -3.14601e-31  5.95636e-25  1.39233e-31 -4.43693e-27 -6.38178e-32  -4.1673e-26  3.02446e-32 -9.53515e-27 -1.20992e-32  5.35479e-30  3.39335e-33  4.42018e-28 -6.38384e-34   9.6204e-29  1.40854e-34  5.06182e-30 -6.08069e-35 -1.75007e-30  2.33536e-35 -4.44263e-31 -8.26899e-36 -4.25639e-32  3.16349e-36  1.42816e-34  -9.5025e-37   5.2552e-34  1.85671e-37  6.35718e-35 -2.56346e-38   3.3697e-36  3.29831e-39  2.29281e-38 -3.90586e-40 -7.37461e-39  2.84956e-41 -3.77543e-40 -9.41936e-43 -5.91203e-42  5.76143e-45
 9.85839e-44  6.06278e-27 -3.66254e-42 -2.77107e-25  3.08274e-41  6.68526e-24  5.18672e-40 -1.07065e-22 -2.14188e-38  1.25737e-21  4.09088e-37 -1.14456e-20 -5.37487e-36  8.36196e-20   5.3181e-35 -5.01912e-19 -4.14966e-34   2.5157e-18  2.63689e-33   -1.065e-17 -1.39883e-32  3.83788e-17  6.32001e-32 -1.18307e-16 -2.47258e-31  3.12702e-16  8.49215e-31 -7.08597e-16 -2.58746e-30  1.37269e-15  7.03524e-30 -2.25904e-15 -1.70499e-29  3.12345e-15   3.6374e-29 -3.55989e-15  -6.6069e-29  3.23129e-15  9.34944e-29 -2.17223e-15  -6.9713e-29  8.66765e-16 -1.21442e-28  6.81372e-17   6.8188e-28  -3.5143e-16 -1.86585e-27  1.91927e-16  3.86071e-27  1.37491e-17  -6.6015e-27 -6.48113e-17  9.62482e-27  1.87237e-17 -1.21108e-26  1.28675e-17  1.31847e-26 -7.73898e-18 -1.23593e-26 -2.04212e-18  9.84311e-27  2.05897e-18 -6.47556e-27  3.51442e-19  3.30034e-27 -4.42415e-19 -1.05732e-27  -8.3732e-20  -7.7812e-29  7.78089e-20  3.89081e-28  2.22852e-20 -3.08923e-28 -1.00004e-20  1.56277e-28 -4.89554e-21 -5.96975e-29  5.80797e-22  2.22617e-29  7.48486e-22 -1.20191e-29  8.24646e-23    8.153e-30 -6.44142e-23 -4.91753e-30 -2.27156e-23  2.40332e-30  5.77845e-25 -9.75895e-31  1.98902e-24   3.6958e-31  4.29822e-25 -1.59265e-31 -2.73438e-26  7.65949e-32 -3.10216e-26   -3.096e-32  -5.7465e-27  8.39369e-33  6.71555e-29 -1.38621e-33  2.28438e-28  2.46969e-34  4.45346e-29 -1.11833e-34  2.55601e-30  4.52433e-35 -5.04504e-31 -1.64869e-35 -1.27774e-31  6.12985e-36 -1.21811e-32 -1.69055e-36 -2.84987e-34  2.93351e-37  6.00431e-35 -3.51155e-38  7.30227e-36  4.07444e-39  3.60453e-37 -4.57506e-40  6.40076e-39  2.98364e-41 -8.72342e-41 -7.54476e-43 -2.77521e-42
-2.33586e-27  3.89416e-42  1.89106e-25  -7.9177e-41 -6.02929e-24  5.18672e-40  1.17087e-22   7.8595e-39 -1.59983e-21 -2.98688e-37  1.65419e-20  5.19671e-36 -1.35186e-19 -6.18654e-35  8.98352e-19  5.54484e-34 -4.94976e-18  -3.9272e-33  2.29231e-17  2.27024e-32 -9.00841e-17 -1.09747e-31  3.02314e-16  4.52487e-31 -8.69555e-16 -1.61892e-30  2.14629e-15  5.10743e-30 -4.53994e-15 -1.44181e-29  8.19455e-15  3.68488e-29 -1.25187e-14 -8.57196e-29  1.59602e-14   1.8055e-28 -1.65713e-14 -3.37151e-28  1.33752e-14  5.31816e-28  -7.5129e-15 -6.24015e-28   1.8081e-15  2.50074e-28  1.28374e-15  1.23566e-27 -1.48606e-15 -4.63581e-27  4.24036e-16  1.05032e-26  2.67126e-16 -1.85552e-26 -2.34327e-16  2.72802e-26 -1.84934e-18 -3.41846e-26  6.49159e-17  3.67971e-26 -1.18588e-17 -3.39623e-26 -1.45204e-17  2.65758e-26  3.97176e-18 -1.71828e-26  3.08077e-18  8.65292e-27 -8.08036e-19 -2.82006e-27 -6.41215e-19 -5.74106e-29  9.80899e-20  8.55892e-28  1.20913e-19 -7.12568e-28  6.83294e-22  3.96721e-28 -1.78568e-20 -1.91944e-28 -3.28129e-21  9.98839e-29  1.61899e-21  -5.8504e-29  7.19241e-22  3.34306e-29  -1.3311e-23 -1.66811e-29 -7.22499e-23  7.04631e-30 -1.57353e-23 -2.55913e-30  1.91198e-24  8.89108e-31  1.55041e-24 -3.70323e-31  2.48282e-25  1.78882e-31 -2.62904e-26 -7.11651e-32 -1.76886e-26  1.80317e-32 -2.81243e-27 -2.41762e-33  2.24564e-29  2.97958e-34  8.65414e-29 -1.71246e-34  1.56278e-29  7.74766e-35  1.00391e-30 -2.90869e-35 -8.58262e-32  1.03387e-35 -2.43178e-32  -2.5841e-36 -2.25059e-33  3.92811e-37 -8.20195e-35 -3.98033e-38  2.59985e-36  4.13298e-39  3.93531e-37 -4.44968e-40  1.48589e-38  2.49278e-41  1.83336e-40 -3.91618e-43
-2.20894e-42 -9.52662e-26  9.68814e-41  4.39497e-24 -1.39344e-39 -1.07065e-22   7.8595e-39  1.73217e-21  1.09739e-37 -2.05597e-20 -3.82414e-36  1.89245e-19  6.02962e-35 -1.39881e-18 -6.48781e-34  8.49954e-18  5.26589e-33 -4.31539e-17 -3.38661e-32  1.85187e-16  1.78045e-31 -6.76998e-16 -7.82631e-31  2.11898e-15  2.92915e-30 -5.69263e-15 -9.49167e-30  1.31271e-14  2.71002e-29 -2.59161e-14 -6.95243e-29  4.35476e-14  1.63568e-28 -6.16336e-14 -3.58543e-28  7.21752e-14  7.34428e-28 -6.77399e-14 -1.38303e-27  4.77295e-14  2.30402e-27 -2.09585e-14 -3.15535e-27  2.53278e-16   2.9007e-27  7.25696e-15  3.78772e-28 -4.65484e-15 -9.06432e-27  1.11001e-16  2.47175e-26  1.40491e-15 -4.63689e-26 -5.46584e-16   6.9568e-26 -2.39649e-16  -8.7388e-26  2.02331e-16  9.34297e-26  2.79267e-17   -8.523e-26  -5.2442e-17  6.57871e-26  -3.1707e-18  -4.2006e-26    1.146e-17  2.10517e-26  9.13284e-19  -7.0735e-27 -2.14697e-18  2.67368e-28 -3.61272e-19  1.70959e-27  3.16489e-19 -1.55741e-27  1.02444e-19  9.77853e-28 -2.85598e-20 -5.63714e-28 -1.89764e-20  3.32298e-28 -3.27379e-22 -1.91838e-28  2.05811e-21   9.9617e-29  4.94742e-22 -4.47154e-29 -7.60114e-23  1.73151e-29 -5.91579e-23 -5.89309e-30 -8.40374e-24  1.95732e-30  1.92619e-24 -8.04374e-31  9.44839e-25  3.86252e-31   1.1935e-25 -1.48084e-31  -1.5162e-26  3.40371e-32 -7.81123e-27 -3.23674e-33 -1.11846e-27  9.62167e-35 -6.96823e-30 -2.12204e-34  2.34283e-29  1.18799e-34  4.02197e-30 -4.60597e-35  2.78957e-31  1.53828e-35 -5.39859e-33 -3.42759e-36 -2.79589e-33   4.4748e-37 -2.42893e-34 -3.68393e-38  -9.1955e-36  3.38937e-39 -5.11923e-38 -3.57373e-40  6.30918e-39   1.5878e-41  1.07046e-40
 3.09978e-26 -7.62218e-41 -2.53299e-24  1.83831e-39  8.15489e-23 -2.14188e-38 -1.59983e-21  1.09739e-37  2.20928e-20  1.41402e-36 -2.30988e-19 -4.48047e-35  1.90983e-18  6.37939e-34 -1.28473e-17 -6.20739e-33   7.1701e-17   4.5739e-32 -3.36577e-16 -2.67876e-31   1.3417e-15  1.28372e-30 -4.57122e-15  -5.1342e-30  1.33615e-14   1.7397e-29 -3.35519e-14  -5.0637e-29  7.22998e-14  1.28682e-28 -1.33166e-13 -2.92188e-28  2.08045e-13  6.12602e-28 -2.72078e-13 -1.23066e-27  2.91158e-13  2.41994e-27  -2.4434e-13  -4.5919e-27  1.45908e-13  8.02106e-27 -4.26853e-14 -1.20556e-26 -1.90004e-14  1.39627e-26  2.81238e-14 -8.32563e-27  -1.0179e-14  -1.1624e-26 -4.01174e-15  5.01796e-26   4.7917e-15 -1.04461e-25 -4.27664e-16  1.62355e-25 -1.22939e-15 -2.05953e-25  3.62253e-16  2.19756e-25  2.58745e-16 -1.98941e-25 -1.10389e-16  1.52091e-25  -5.3721e-17 -9.63567e-26  2.35608e-17  4.83363e-26  1.16697e-17 -1.68243e-26 -3.57154e-18  1.49142e-27 -2.42036e-18  3.26988e-27  2.65729e-19 -3.38267e-27  4.08644e-19  2.39666e-27  3.45864e-20 -1.54071e-27 -4.61549e-20  9.40342e-28 -1.36882e-20 -5.19704e-28  1.99765e-21  2.48874e-28  1.80152e-21 -1.02725e-28   2.4387e-22  3.72507e-29 -8.58566e-23 -1.21757e-29 -3.78339e-23  3.97622e-30  -3.5623e-24 -1.63477e-30   1.2629e-24  7.72296e-31  4.60219e-25 -2.80463e-31  4.91682e-26  5.67434e-32 -5.89773e-27 -2.64415e-33 -2.64958e-27 -6.83328e-34 -3.53576e-28 -1.90967e-34 -8.54124e-30  1.64829e-34  4.28213e-30 -6.62595e-35  7.17675e-31  2.03981e-35  5.05945e-32 -3.96564e-36  6.93471e-34   4.3165e-37 -1.62406e-34 -2.66227e-38  -1.2909e-35  2.14386e-39 -3.85563e-37 -2.32063e-40 -3.45581e-39  6.74308e-42
 3.52718e-41  1.09676e-24 -1.69557e-39 -5.10922e-23  2.91888e-38  1.25737e-21 -2.98688e-37 -2.05597e-20  1.41402e-36  2.46758e-19  1.66608e-35  -2.2979e-18 -4.77038e-34  1.71934e-17   6.1335e-33 -1.05818e-16 -5.41408e-32  5.44542e-16  3.63713e-31 -2.37021e-15 -1.94845e-30  8.79592e-15  8.54573e-30 -2.79729e-14 -3.11853e-29  7.64363e-14  9.56678e-29 -1.79504e-13 -2.48565e-28  3.61449e-13  5.51737e-28 -6.20651e-13 -1.06519e-27  8.99959e-13  1.86667e-27 -1.08378e-12 -3.22134e-27  1.05256e-12  5.95625e-27 -7.77326e-13 -1.17278e-26  3.73029e-13  2.23134e-26 -3.47127e-14 -3.70682e-26 -1.08548e-13  4.91668e-26  8.25155e-14 -4.37655e-26 -9.37941e-15  2.18192e-27 -2.19281e-14  8.70874e-26  1.12036e-14 -2.16139e-25  2.92019e-15   3.5383e-25 -3.79239e-15 -4.56309e-25 -9.00416e-17  4.87907e-25  9.54006e-16 -4.39806e-25 -4.71989e-17  3.34128e-25 -2.10551e-16 -2.10744e-25  6.54689e-18  1.06093e-25  4.16471e-17 -3.80452e-26  2.39432e-18  4.67002e-27 -6.85768e-18  6.41713e-27 -1.35468e-18  -7.5197e-27   7.8972e-19  5.81922e-27  3.29806e-19 -3.92343e-27 -3.29863e-20  2.36691e-27 -4.48522e-20 -1.23612e-27 -6.58189e-21  5.47533e-28  2.72222e-21 -2.09063e-28  1.20363e-21  7.16745e-29  7.94514e-23 -2.28941e-29  -6.2667e-23  7.51422e-30 -1.95661e-23 -3.11401e-30 -1.25994e-24   1.4319e-30  6.02944e-25 -4.85403e-31  1.80005e-25  8.34639e-32  1.74682e-26  1.31133e-33 -1.52774e-27 -2.42528e-33 -6.72421e-28 -5.86369e-35 -8.51249e-29   2.0895e-34 -3.36098e-30 -8.75597e-35  4.68914e-31  2.43175e-35   8.1535e-32 -4.00906e-36  5.42323e-33  3.47073e-37  1.37868e-34  -1.2974e-38 -2.83691e-36  9.07802e-40 -2.30719e-37 -1.15911e-40  -2.8931e-39
-3.10866e-25  1.09551e-39  2.56512e-23 -2.91555e-38 -8.34282e-22  4.09088e-37  1.65419e-20 -3.82414e-36 -2.30988e-19  1.66608e-35  2.44332e-18  1.77904e-34 -2.04492e-17 -4.59486e-33   1.3933e-16  5.35024e-32 -7.88113e-16 -4.30386e-31  3.75221e-15  2.64917e-30 -1.51824e-14 -1.30459e-29  5.25504e-14  5.26147e-29 -1.56205e-13 -1.75901e-28  3.99354e-13   4.8951e-28 -8.77366e-13 -1.13052e-27  1.65039e-12  2.14405e-27 -2.63912e-12 -3.28095e-27  3.54357e-12  4.01242e-27 -3.91172e-12 -4.35234e-27  3.41504e-12  6.73468e-27 -2.16504e-12 -1.75895e-26  7.43665e-13  4.52577e-26  1.90492e-13 -9.14934e-26  -4.0158e-13  1.39481e-25  1.79215e-13 -1.48928e-25  3.96703e-14  6.94575e-26  -7.3315e-14  1.28543e-25  1.38198e-14  -4.2386e-25  1.70914e-14   7.3938e-25 -7.42484e-15  -9.7202e-25 -3.25635e-15  1.04291e-24  2.14577e-15 -9.37196e-25  6.38865e-16  7.08321e-25 -4.72682e-16 -4.44988e-25 -1.45572e-16  2.24317e-25  8.09554e-17  -8.1632e-26  3.41244e-17  1.09878e-26 -9.19203e-18  1.36498e-26 -6.69097e-18 -1.70849e-26  1.61021e-19  1.37409e-26  9.15648e-19 -9.28517e-27  1.69307e-19  5.40453e-27 -6.44622e-20 -2.64991e-27 -3.16998e-20  1.08467e-27 -1.55743e-21 -3.82894e-28  2.21713e-21  1.24775e-28  6.43882e-22 -3.96052e-29  1.04523e-23  1.33116e-29 -3.40225e-23 -5.56895e-30 -8.33329e-24  2.46541e-30 -4.07541e-25 -7.70062e-31   2.1491e-25  1.07359e-31  5.59161e-26  1.09244e-32  5.20311e-27 -5.41497e-33 -2.30124e-28  2.18012e-34 -1.21781e-28  2.44393e-34 -1.46668e-29 -1.07397e-34 -7.11376e-31  2.62804e-35  2.16181e-32 -3.53866e-36  5.11965e-33  2.24323e-37  2.92596e-34 -1.02929e-39    6.774e-36  9.25081e-41   2.5422e-38 -3.88809e-41
-4.26227e-40 -9.77775e-24  2.21835e-38   4.6016e-22 -4.21632e-37 -1.14456e-20  5.19671e-36  1.89245e-19 -4.48047e-35  -2.2979e-18  1.77904e-34  2.16611e-17  1.71409e-33 -1.64156e-16 -4.00088e-32  1.02394e-15  4.23753e-31 -5.34399e-15 -3.12196e-30  2.36086e-14  1.76941e-29 -8.89983e-14 -8.04801e-29  2.87785e-13  2.99845e-28 -8.00453e-13  -9.2235e-28   1.9159e-12  2.33537e-27 -3.93808e-12 -4.78036e-27  6.91629e-12  7.53088e-27 -1.02841e-11 -7.81673e-27  1.27477e-11  1.05243e-27 -1.28211e-11   1.5147e-26  9.92499e-12 -3.27837e-26 -5.17627e-12  2.72579e-26  8.64466e-13  3.47522e-26  1.23128e-12 -1.66362e-25  -1.1308e-12  3.24152e-25  2.27914e-13 -3.98404e-25  2.57483e-13  2.56778e-25 -1.72967e-13  1.72123e-25  -2.0467e-14 -8.30098e-25   5.3903e-14  1.53051e-24 -4.79877e-15 -2.03869e-24 -1.30426e-14  2.18669e-24  2.21871e-15 -1.95388e-24  2.88055e-15  1.46548e-24 -4.50984e-16 -9.13831e-25 -5.98333e-16  4.57927e-25  3.64906e-17 -1.65386e-25  1.08872e-16  2.01721e-26  9.05946e-18  3.13636e-26 -1.49836e-17 -3.87257e-26 -3.97972e-18  3.09715e-26   1.1324e-18 -2.03924e-26  7.07082e-19   1.1314e-26  3.65795e-20 -5.18957e-27 -6.00179e-20   1.9567e-27 -1.73774e-20  -6.3558e-28  5.29114e-22  1.97754e-28   1.3327e-21 -6.36265e-29  2.84234e-22  2.22562e-29 -5.01354e-24 -9.36249e-30 -1.43225e-23  3.94797e-30 -2.93647e-24 -1.12267e-30 -1.31566e-25  1.17945e-31  5.65008e-26  2.79171e-32  1.34253e-26 -9.64133e-33  1.22604e-27  6.36284e-34 -7.20362e-30  2.66332e-34 -1.45469e-29 -1.23343e-34 -1.65998e-30  2.59667e-35 -8.28922e-32 -2.72156e-36 -5.98571e-34  1.06268e-37  1.34194e-34  5.67688e-39  5.60288e-36 -2.01762e-40   5.5037e-38
 2.46048e-24 -1.21851e-38 -2.05111e-22  3.48308e-37  6.74253e-21 -5.37487e-36 -1.35186e-19  6.02962e-35  1.90983e-18 -4.77038e-34 -2.04492e-17  1.71409e-33  1.73346e-16  1.49026e-32   -1.197e-15 -3.15575e-31  6.86666e-15   3.0552e-30 -3.31796e-14 -2.07142e-29  1.36365e-13  1.08582e-28 -4.79864e-13 -4.58064e-28  1.45166e-12  1.58294e-27 -3.78161e-12 -4.49773e-27  8.47751e-12  1.03923e-26 -1.63006e-11 -1.88006e-26  2.67047e-11  2.36056e-26 -3.68489e-11 -8.96447e-27  4.19983e-11 -4.78542e-26 -3.81666e-11  1.58239e-25  2.56594e-11 -2.91144e-25 -1.01082e-11  3.55096e-25 -1.11906e-12  -2.3237e-25  4.50443e-12 -1.24654e-25 -2.44585e-12  5.92637e-25 -2.02575e-13 -8.72106e-25  8.74141e-13  6.27978e-25 -2.58888e-13  2.94989e-25 -1.78758e-13 -1.73166e-24  1.12634e-13   3.2375e-24  2.82189e-14 -4.29395e-24 -3.13019e-14  4.55919e-24 -4.70015e-15 -4.02234e-24  7.04733e-15  2.97518e-24  1.15064e-15 -1.82835e-24 -1.31358e-15  9.00732e-25 -3.33767e-16 -3.14423e-25   1.8375e-16  2.63764e-26     8.02e-17  7.39388e-26 -1.33516e-17 -8.51962e-26 -1.33802e-17  6.58198e-26 -1.08014e-18 -4.15786e-26  1.28264e-18  2.18611e-26  4.02535e-19 -9.35751e-27 -2.51702e-20  3.23225e-27 -3.96425e-20 -9.57535e-28 -7.64137e-21  2.86123e-28  7.87785e-22 -9.57691e-29   6.2942e-22  3.53055e-29  1.05809e-22 -1.48084e-29 -3.66924e-24  5.88949e-30 -4.70967e-24 -1.50771e-30 -8.47085e-25  1.03956e-31 -4.09071e-26  5.23093e-32  1.04794e-26 -1.46688e-32  2.38124e-27  1.15005e-33   2.1183e-28  2.72663e-34  4.19782e-30 -1.33353e-34 -9.94522e-31  2.36582e-35 -1.08471e-31  -1.8231e-36 -4.75157e-33  2.49583e-38 -7.30948e-35  6.82209e-39  6.04253e-37 -1.55177e-40
  4.0508e-39  6.98911e-23 -2.26969e-37 -3.32454e-21  4.59232e-36  8.36196e-20 -6.18654e-35 -1.39881e-18  6.37939e-34  1.71934e-17 -4.59486e-33 -1.64156e-16  1.49026e-32  1.26078e-15  1.17247e-31 -7.97545e-15 -2.26311e-30  4.22434e-14  2.01237e-29 -1.89548e-13 -1.26108e-28  7.26383e-13  6.13756e-28  -2.3901e-12 -2.40989e-27  6.77236e-12  7.74991e-27 -1.65351e-11 -2.04036e-26  3.47251e-11  4.31158e-26 -6.24342e-11 -6.86343e-26  9.52906e-11   6.3852e-26 -1.21696e-10  4.14733e-26  1.26857e-10 -3.34563e-25 -1.02953e-10  8.45433e-25  5.80924e-11 -1.44445e-24 -1.37048e-11  1.80956e-24 -1.07742e-11 -1.57049e-24  1.24017e-11  6.10162e-25 -3.60973e-12  6.90322e-25 -2.30306e-12 -1.52351e-24  2.09772e-12  1.08515e-24 -1.38755e-14  9.09664e-25 -5.99638e-13 -3.98688e-24  1.26129e-13  7.10674e-24  1.37173e-13 -9.16128e-24 -4.36591e-14  9.49746e-24 -2.98703e-14  -8.1907e-24   9.5497e-15  5.92217e-24   6.4973e-15 -3.55369e-24 -1.35217e-15  1.69953e-24 -1.30789e-15 -5.57135e-25   5.1053e-17  1.01374e-26  2.10322e-16  1.69844e-25  3.02657e-17 -1.78417e-25  -2.1681e-17  1.31086e-25 -8.20589e-18 -7.88362e-26  5.50492e-19  3.91774e-26  9.41035e-19 -1.56109e-26  1.73523e-19  4.89819e-27 -3.36329e-20 -1.30382e-27 -2.04252e-20  3.77874e-28 -2.77011e-21 -1.36243e-28  4.69177e-22  5.33132e-29  2.38874e-22 -2.20394e-29  3.36173e-23  8.19952e-30 -1.14293e-24 -1.87015e-30 -1.19297e-24  5.80287e-32 -1.94538e-25  8.16659e-32 -1.06466e-26 -1.96785e-32  1.24249e-27  1.68093e-33  2.91276e-28   2.6311e-34  2.44774e-29  -1.3574e-34  7.81824e-31  2.00224e-35 -2.72859e-32 -1.07281e-36 -3.24807e-33 -1.18675e-38 -9.71851e-35  4.64368e-39 -7.33098e-37
-1.58106e-23  1.08155e-37   1.3322e-21 -3.26945e-36 -4.42855e-20   5.3181e-35  8.98352e-19 -6.48781e-34 -1.28473e-17   6.1335e-33   1.3933e-16 -4.00088e-32   -1.197e-15  1.17247e-31  8.38249e-15  8.38289e-31 -4.88005e-14 -1.48203e-29  2.39489e-13  1.21577e-28 -1.00051e-12 -7.06891e-28  3.58222e-12  3.20477e-27 -1.10377e-11 -1.17454e-26  2.93232e-11  3.52398e-26 -6.71367e-11 -8.61541e-26  1.32078e-10  1.66657e-25 -2.21896e-10 -2.31577e-25   3.1497e-10  1.35384e-25 -3.70993e-10  3.85621e-25  3.51172e-10 -1.60771e-24 -2.50143e-10  3.55246e-24  1.11142e-10 -5.69874e-24 -8.72604e-13  6.99647e-24 -4.06166e-11 -6.41528e-24  2.67999e-11  3.80185e-24 -9.83056e-13 -3.60892e-25 -8.30703e-12 -1.80354e-24  3.50141e-12  8.99544e-25  1.38826e-12  3.43819e-24 -1.32982e-12 -9.87944e-24 -1.33443e-13  1.60565e-23  3.56094e-13 -1.97005e-23  6.15787e-15  1.96774e-23 -8.12398e-14 -1.64172e-23 -2.57952e-15  1.14969e-23   1.6184e-14 -6.67415e-24  1.89809e-15  3.06097e-24 -2.61136e-15  -9.1327e-25 -6.84567e-16 -7.41883e-26  2.78808e-16  3.68957e-25  1.46966e-16 -3.51983e-25 -5.65803e-18  2.44177e-25 -1.83047e-17  -1.3933e-25 -3.55072e-18  6.53672e-26  9.14904e-19 -2.41702e-26  5.22668e-19  6.79951e-27  5.60469e-20 -1.58503e-27 -2.18743e-20  4.54034e-28 -8.53334e-21 -1.84767e-28 -8.56175e-22  7.67189e-29  1.86831e-22 -3.08544e-29  7.29839e-23  1.06764e-29   9.0724e-24 -2.15026e-30 -1.70782e-25  -1.8774e-32 -2.25019e-25  1.11282e-31  -3.3953e-26  -2.3696e-32 -2.03185e-27  2.14269e-33  7.11048e-29  2.37873e-34  2.20819e-29 -1.29284e-34  1.66725e-30  1.57996e-35  5.39299e-32 -5.72747e-37  1.74936e-34 -1.71187e-38 -2.48813e-35  1.90515e-39
 -3.0988e-38 -4.09997e-22  1.86876e-36  1.97225e-20 -3.93837e-35 -5.01912e-19  5.54484e-34  8.49954e-18 -6.20739e-33 -1.05818e-16  5.35024e-32  1.02394e-15 -3.15575e-31 -7.97545e-15  8.38289e-31  5.11998e-14  5.47244e-30 -2.75421e-13 -8.90232e-29  1.25614e-12  6.76429e-28 -4.89737e-12 -3.66131e-27  1.64111e-11  1.55047e-26 -4.74124e-11 -5.31613e-26  1.18191e-10  1.49083e-25 -2.53836e-10 -3.38881e-25  4.67681e-10  5.99675e-25 -7.33416e-10 -7.17035e-25  9.65984e-10  1.36541e-25 -1.04457e-09   2.0067e-24  8.88955e-10   -6.438e-24 -5.40734e-10  1.28944e-23  1.62916e-10 -1.94635e-23  7.16846e-11  2.30216e-23 -1.11278e-10 -2.10755e-23  4.29891e-11  1.39219e-23  1.52669e-11 -5.23241e-24 -2.05151e-11  1.89517e-25  2.58144e-12 -2.39969e-24  5.29826e-12  1.18226e-23 -1.87849e-12 -2.49088e-23 -1.10773e-12  3.64681e-23  5.87186e-13 -4.21011e-23    2.308e-13  4.01303e-23 -1.33477e-13 -3.21161e-23 -5.26055e-14  2.16124e-23   2.2713e-14 -1.20427e-23   1.1934e-14  5.24061e-24 -2.34688e-15 -1.37202e-24 -2.25289e-15 -3.13902e-25 -5.21053e-17  7.48665e-25  2.93202e-16 -6.51342e-25  6.77792e-17   4.2553e-25 -1.79098e-17 -2.30118e-25 -1.10244e-17  1.01864e-25 -9.71433e-19 -3.47946e-26  6.70271e-19  8.59769e-27  2.32757e-19  -1.6713e-27  1.28339e-20  4.92549e-28 -1.00444e-20 -2.40718e-28 -2.93956e-21  1.05105e-28  -2.3526e-22 -4.05984e-29  5.36627e-23   1.3035e-29  1.76926e-23 -2.30442e-30  2.02187e-24 -1.15158e-31  6.03231e-27  1.35428e-31 -2.97831e-26 -2.59089e-32 -4.20876e-27  2.46564e-33 -2.55678e-28  1.97534e-34  -1.2358e-30 -1.13829e-34  8.58343e-31  1.15912e-35  5.40307e-32 -2.96759e-37  1.23625e-33 -9.90889e-39  6.20095e-36
 8.40923e-23 -7.82952e-37 -7.16585e-21  2.48276e-35  2.41027e-19 -4.14966e-34 -4.94976e-18  5.26589e-33   7.1701e-17 -5.41408e-32 -7.88113e-16  4.23753e-31  6.86666e-15 -2.26311e-30 -4.88005e-14  5.47244e-30  2.88533e-13  3.27725e-29 -1.43922e-12 -4.92637e-28  6.11667e-12  3.47942e-27  -2.2301e-11 -1.75825e-26  7.00508e-11  6.97093e-26  -1.8996e-10 -2.24004e-25  4.44615e-10  5.87887e-25 -8.95829e-10 -1.24292e-24  1.54497e-09  2.00682e-24 -2.25829e-09 -2.01336e-24  2.75166e-09 -6.16853e-25 -2.71494e-09   8.3877e-24  2.04758e-09 -2.27949e-23 -1.01359e-09   4.1969e-23  1.10491e-10 -5.96011e-23  2.97439e-10   6.7303e-23  -2.4132e-10 -6.00433e-23  3.53674e-11   4.0788e-23  6.34394e-11 -1.99527e-23 -3.68752e-11    9.368e-24  -7.2473e-12 -1.53103e-23  1.25664e-11  3.55084e-23 -4.52788e-13 -6.11011e-23 -3.22108e-12  8.12529e-23   3.8408e-13 -8.80086e-23  7.36979e-13  7.96362e-23 -7.93081e-14 -6.07759e-23 -1.55355e-13  3.90746e-23  2.70979e-15 -2.07786e-23  2.81961e-14  8.50522e-24  3.48143e-15  -1.8625e-24 -3.78375e-15 -8.51242e-25 -1.19122e-15  1.41454e-24  2.54458e-16  -1.1295e-24  1.96782e-16  6.94748e-25    1.693e-17 -3.56111e-25 -1.52946e-17  1.48666e-25 -5.14898e-18  -4.6606e-26  -4.6832e-20  9.77797e-27  3.45958e-19 -1.41509e-27  8.56703e-20  4.75058e-28  1.75503e-21 -3.03051e-28 -3.51275e-21  1.36727e-28 -8.36369e-22 -5.01481e-29 -5.90884e-23   1.4971e-29  1.10562e-23 -2.32237e-30   3.2981e-24 -2.12094e-31  3.53146e-25  1.49176e-31  8.07366e-27  -2.5922e-32 -2.49384e-27  2.60961e-33 -3.35848e-28  1.44761e-34 -1.88046e-29 -9.10786e-35 -3.54533e-31  7.81375e-36  1.08295e-32  -1.5801e-37  4.94371e-34 -3.09042e-39
 1.92891e-37  2.00601e-21 -1.26591e-35  -9.7643e-20  2.74264e-34   2.5157e-18  -3.9272e-33 -4.31539e-17   4.5739e-32  5.44542e-16 -4.30386e-31 -5.34399e-15   3.0552e-30  4.22434e-14 -1.48203e-29 -2.75421e-13  3.27725e-29  1.50588e-12  1.80848e-28 -6.98662e-12 -2.52166e-27  2.77358e-11  1.66065e-26 -9.47383e-11   -7.854e-26  2.79328e-10  2.92087e-25 -7.11625e-10 -8.80857e-25  1.56456e-09  2.16501e-24 -2.95708e-09 -4.25509e-24  4.76984e-09  6.23802e-24 -6.48605e-09 -5.01586e-24  7.28248e-09  -5.1472e-24 -6.50113e-09  3.06263e-23  4.25063e-09 -7.32841e-23 -1.54858e-09   1.2485e-22 -3.31917e-10 -1.66651e-22  8.27894e-10  1.78581e-22 -4.08102e-10 -1.53163e-22 -6.48731e-11  1.03406e-22  1.64281e-10 -5.63472e-23 -4.09707e-11  3.65569e-23 -3.70859e-11 -5.25586e-23  2.03902e-11   9.4718e-23  6.55607e-12 -1.42487e-22 -6.00967e-12  1.74517e-22 -1.19925e-12 -1.77673e-22  1.39991e-12  1.52294e-22   2.8965e-13 -1.10441e-22 -2.64985e-13  6.75858e-23 -7.94278e-14  -3.4174e-23  3.66537e-14  1.30676e-23  1.84099e-14 -2.22582e-24 -2.33157e-15 -1.88573e-24 -2.99098e-15  2.49051e-24 -3.26359e-16 -1.83669e-24  2.72706e-16  1.06465e-24  9.69032e-17 -5.17711e-25  -2.6548e-18  2.03703e-25 -8.79661e-18 -5.80586e-26 -1.93709e-18  9.72736e-27  1.11998e-19 -6.91419e-28  1.38337e-19  3.94433e-28  2.65478e-20 -3.69776e-28  4.45458e-23  1.68235e-28  -9.5003e-22 -5.80559e-29 -1.93934e-22  1.62415e-29 -1.32458e-23 -2.23117e-30  1.53881e-24  -2.8899e-31  4.49172e-25  1.49965e-31   4.4894e-26 -2.38368e-32  1.58915e-27  2.56448e-33 -1.05938e-28  8.61863e-35 -1.47396e-29    -6.48e-35 -6.61778e-31  4.73358e-36 -1.10192e-32 -8.11435e-38 -9.57304e-36
-3.75232e-22  4.69162e-36  3.23566e-20 -1.56108e-34 -1.10189e-18  2.63689e-33  2.29231e-17 -3.38661e-32 -3.36577e-16  3.63713e-31  3.75221e-15 -3.12196e-30 -3.31796e-14  2.01237e-29  2.39489e-13 -8.90232e-29 -1.43922e-12  1.80848e-28  7.30278e-12  9.23383e-28 -3.16015e-11 -1.19837e-26  1.17433e-10  7.37887e-26 -3.76402e-10 -3.27317e-25  1.04291e-09  1.14365e-24 -2.49798e-09 -3.24008e-24  5.16016e-09  7.45986e-24 -9.14571e-09 -1.36104e-23  1.37814e-08  1.79751e-23 -1.73895e-08 -1.05668e-23  1.78979e-08 -2.44372e-23 -1.42855e-08  1.01011e-22  7.80625e-09 -2.17021e-22 -1.55045e-09  3.43268e-22 -1.76205e-09 -4.30113e-22  1.81333e-09  4.35356e-22 -4.60241e-10 -3.55711e-22 -3.85791e-10  2.34379e-22  3.13674e-10 -1.35064e-22  1.17599e-11   1.0314e-22 -9.63703e-11 -1.44076e-22   1.6932e-11    2.288e-22  2.32416e-11 -3.13164e-22 -6.53573e-12  3.57744e-22 -5.24577e-12 -3.43475e-22  1.48486e-12  2.78754e-22  1.16372e-12 -1.91707e-22 -2.07405e-13  1.11442e-22 -2.36469e-13 -5.34905e-23  3.64883e-15  1.90088e-23  3.80631e-14 -2.20461e-24  6.35942e-15 -3.65529e-24 -3.83758e-15  4.09454e-24 -1.59975e-15 -2.80436e-24  6.61299e-17  1.53452e-24  1.76294e-16 -7.08941e-25  3.63331e-17  2.62638e-25 -5.36355e-18  -6.7127e-26 -3.89303e-18  7.88205e-27 -6.02745e-19  5.54059e-28  6.93413e-20  2.59873e-28  4.41613e-20 -4.37109e-28  6.98055e-21  1.94866e-28 -1.40086e-23 -6.28548e-29 -1.96025e-22   1.6727e-29 -3.55506e-23 -2.08217e-30  -2.4483e-24 -3.30829e-31  1.22165e-25  1.38215e-31  4.12868e-26 -2.01532e-32  3.75864e-27  2.34522e-33   1.4578e-28  3.19724e-35 -7.36631e-31 -3.98464e-35 -2.61187e-31  2.48678e-36 -6.79065e-33 -3.18303e-38
-9.77166e-37  -8.2789e-21  7.17509e-35  4.08026e-19 -1.58908e-33   -1.065e-17  2.27024e-32  1.85187e-16 -2.67876e-31 -2.37021e-15  2.64917e-30  2.36086e-14 -2.07142e-29 -1.89548e-13  1.21577e-28  1.25614e-12 -4.92637e-28 -6.98662e-12  9.23383e-28  3.30042e-11  4.37861e-27 -1.33535e-10 -5.30531e-26  4.65383e-10  3.06172e-25 -1.40176e-09 -1.27619e-24  3.65351e-09  4.19481e-24 -8.23188e-09 -1.11726e-23  1.59783e-08  2.40915e-23 -2.65406e-08 -4.07076e-23  3.73024e-08  4.78581e-23 -4.35315e-08 -1.62576e-23  4.07827e-08 -9.34522e-23 -2.85959e-08  3.06032e-22  1.21816e-08 -5.97134e-22  5.99458e-10  8.78497e-22 -5.13696e-09 -1.03178e-21  3.18517e-09  9.82554e-22  1.42336e-11 -7.59437e-22 -1.08364e-09  4.82991e-22  4.22307e-10 -2.88609e-22  1.99064e-10  2.47886e-22 -1.73613e-10 -3.45404e-22 -2.28743e-11  5.07958e-22  4.87643e-11 -6.47608e-22  1.92131e-12  6.96587e-22 -1.15182e-11 -6.32701e-22 -5.78102e-13  4.86234e-22  2.35504e-12 -3.16822e-22   3.1712e-13  1.74834e-22 -3.86742e-13 -7.96679e-23 -1.09223e-13  2.62167e-23   4.1231e-14 -1.46732e-24  2.33121e-14  -6.3887e-24 -5.56105e-16  6.30031e-24 -2.88314e-15 -4.02672e-24 -6.03862e-16  2.08494e-24  1.35163e-16 -9.16959e-25  8.49577e-17  3.19313e-25  1.03443e-17 -7.17137e-26 -3.23925e-18  3.91155e-27  -1.3895e-18  2.26614e-27 -1.59541e-19  9.67227e-29  2.48236e-20 -4.98784e-28  1.12921e-20  2.11277e-28  1.54536e-21 -6.34476e-29  9.69063e-24  1.64484e-29 -2.97137e-23 -1.92692e-30 -4.90115e-24 -3.33008e-31 -3.36386e-25  1.16867e-31  1.87862e-27  -1.5579e-32  2.24997e-27  1.98837e-33  1.78513e-28 -7.78114e-36  5.92675e-30  -2.0321e-35  5.14741e-32  1.06557e-36 -6.87952e-34
 1.41782e-21 -2.34653e-35 -1.23802e-19  8.27747e-34  4.27151e-18 -1.39883e-32 -9.00841e-17  1.78045e-31   1.3417e-15 -1.94845e-30 -1.51824e-14  1.76941e-29  1.36365e-13 -1.26108e-28 -1.00051e-12  6.76429e-28  6.11667e-12 -2.52166e-27 -3.16015e-11  4.37861e-27  1.39371e-10  1.93484e-26 -5.28397e-10 -2.19467e-25     1.73e-09  1.18962e-24 -4.90291e-09 -4.66691e-24  1.20309e-08  1.44466e-23 -2.55098e-08 -3.61892e-23  4.65194e-08  7.30392e-23 -7.23518e-08 -1.13908e-22  9.46484e-08  1.17067e-22 -1.01708e-07 -4.11183e-24  8.58916e-08 -3.12351e-22 -5.14491e-08  8.60028e-22   1.4433e-08  -1.5352e-21  8.20467e-09  2.10273e-21 -1.14764e-08  -2.3112e-21   4.1895e-09  2.06294e-21  1.78731e-09 -1.49914e-21 -2.19694e-09   9.1353e-22  2.32667e-10 -5.63407e-22  6.00378e-10  5.35995e-22 -2.03302e-10 -7.51334e-22 -1.31177e-10  1.04742e-21   6.7239e-11 -1.26153e-21  2.82142e-11  1.28612e-21 -1.58979e-11 -1.10771e-21 -6.57803e-12  8.06275e-22  2.79048e-12 -4.97569e-22  1.52447e-12   2.6079e-22 -2.93468e-13 -1.13021e-22 -2.94068e-13  3.43742e-23 -8.27109e-15  3.22921e-25  3.89164e-14 -1.02304e-23  9.31568e-15  9.09147e-24 -2.35668e-15 -5.44597e-24   -1.515e-15   2.6769e-24 -1.45763e-16 -1.12353e-24  8.97921e-17  3.66824e-25  3.26427e-17  -7.0186e-26  2.15203e-18 -2.11837e-27 -1.31186e-18  4.26733e-27 -4.07477e-19 -5.98185e-29 -3.70912e-20 -5.46235e-28  6.14017e-21  2.12923e-28  2.27726e-21 -5.94497e-29  2.79737e-22   1.5534e-29  5.66795e-24 -1.79425e-30 -3.08773e-24 -3.01859e-31 -4.71752e-25  9.02465e-32 -3.06361e-26 -1.08483e-32 -5.06086e-28  1.54962e-33  5.64528e-29 -2.77756e-35  3.64677e-30  -8.0061e-36  6.88542e-32   3.2257e-37
 3.94904e-36  2.90416e-20 -3.44283e-34 -1.45029e-18  7.81054e-33  3.83788e-17 -1.09747e-31 -6.76998e-16  1.28372e-30  8.79592e-15 -1.30459e-29 -8.89983e-14  1.08582e-28  7.26383e-13 -7.06891e-28 -4.89737e-12  3.47942e-27  2.77358e-11 -1.19837e-26 -1.33535e-10  1.93484e-26  5.51213e-10  7.99158e-26 -1.96212e-09 -8.50681e-25  6.04423e-09  4.33927e-24 -1.61353e-08  -1.6044e-23  3.73016e-08  4.68136e-23  -7.4448e-08 -1.10317e-22    1.275e-07  2.08175e-22 -1.85447e-07 -2.98239e-22  2.25179e-07  2.60413e-22  -2.2152e-07  9.69279e-23  1.66279e-07 -9.42807e-22 -8.10042e-08  2.25568e-21  6.63167e-09 -3.70221e-21  2.65066e-08  4.72288e-21 -2.08086e-08 -4.84953e-21  2.70358e-09  4.04183e-21  5.85757e-09 -2.74501e-21 -3.32869e-09  1.59427e-21 -7.22697e-10 -1.01957e-21  1.19461e-09  1.06933e-21 -3.67199e-11 -1.51081e-21 -3.18133e-10  2.02112e-21  3.81571e-11 -2.31966e-21  7.52331e-11  2.25107e-21 -8.40086e-12  -1.8411e-21 -1.63819e-11  1.26933e-21  3.60101e-13 -7.41986e-22    3.075e-12   3.6999e-22   3.7071e-13 -1.53029e-22 -4.26977e-13  4.30139e-23 -1.33826e-13  3.40166e-24  2.97734e-14  -1.5151e-23  2.28207e-14  1.23223e-23  1.95903e-15 -6.94859e-24 -1.80298e-15  3.25677e-24 -6.12551e-16 -1.30832e-24 -7.77841e-18   3.9894e-25  4.07647e-17 -6.18785e-26  1.03312e-17 -9.66795e-27  2.95261e-19  6.28149e-27 -3.98061e-19 -1.75247e-28 -9.83333e-20 -5.70085e-28 -7.72648e-21   1.9759e-28  1.06032e-21  -5.1349e-29  3.50099e-22  1.41568e-29  3.92585e-23 -1.68081e-30   1.2988e-24 -2.51048e-31 -1.93362e-25  6.28336e-32 -2.83295e-26 -6.59107e-33 -1.59324e-27  1.09647e-33 -3.42946e-29 -2.99337e-35  2.87511e-31 -2.07934e-36  1.36369e-32
-4.56414e-21  9.78944e-35   4.0386e-19 -3.75255e-33 -1.41289e-17  6.32001e-32  3.02314e-16 -7.82631e-31 -4.57122e-15  8.54573e-30  5.25504e-14 -8.04801e-29 -4.79864e-13  6.13756e-28  3.58222e-12 -3.66131e-27  -2.2301e-11  1.66065e-26  1.17433e-10 -5.30531e-26 -5.28397e-10  7.99158e-26  2.04612e-09  3.09384e-25 -6.85065e-09 -3.09739e-24  1.98823e-08  1.48932e-23 -5.00433e-08 -5.19624e-23  1.09053e-07  1.43011e-22 -2.04879e-07 -3.17014e-22  3.29316e-07    5.585e-22 -4.47181e-07 -7.30323e-22  5.02197e-07  5.16425e-22 -4.48707e-07  5.08963e-22  2.93051e-07 -2.61315e-21 -1.04751e-07  5.54483e-21 -2.71069e-08 -8.39762e-21  6.13949e-08  9.97775e-21 -2.99913e-08   -9.552e-21 -5.30537e-09  7.40267e-21  1.27723e-08 -4.66763e-21 -3.20622e-09  2.57279e-21 -2.98646e-09  -1.7265e-21  1.68148e-09  1.99474e-21  5.37004e-10 -2.83845e-21 -5.15506e-10  3.66929e-21  -9.8501e-11 -4.03481e-21  1.24789e-10   3.7366e-21  2.43845e-11 -2.90389e-21 -2.46368e-11   1.8961e-21 -7.04684e-12 -1.05051e-21  3.58755e-12  4.99823e-22  1.72467e-12 -1.98301e-22 -2.53391e-13  5.16198e-23 -2.94169e-13  7.78503e-24 -2.92775e-14 -2.08687e-23  2.80852e-14  1.57019e-23   9.6976e-15 -8.37793e-24 -3.43515e-16  3.76678e-24 -9.10106e-16 -1.45295e-24 -1.98201e-16  4.11436e-25  1.17015e-17 -4.73856e-26  1.42089e-17 -1.77742e-26  2.74459e-18  7.99088e-27  2.00717e-20 -2.26588e-28 -9.25871e-20  -5.6278e-28 -1.92469e-20  1.66472e-28 -1.41169e-21 -4.04106e-29  1.19435e-22   1.2479e-29  3.87838e-23 -1.55936e-30  3.94996e-24  -1.9589e-31  1.57988e-25  3.83285e-32 -5.27213e-27 -3.24898e-33 -8.77146e-28  6.93174e-34 -3.63301e-29 -2.16387e-35 -5.02703e-31 -1.84925e-37
-1.17997e-35     -8.7e-20   1.4066e-33  4.40588e-18 -3.30693e-32 -1.18307e-16  4.52487e-31  2.11898e-15  -5.1342e-30 -2.79729e-14  5.26147e-29  2.87785e-13 -4.58064e-28  -2.3901e-12  3.20477e-27  1.64111e-11 -1.75825e-26 -9.47383e-11  7.37887e-26  4.65383e-10 -2.19467e-25 -1.96212e-09  3.09384e-25  7.14231e-09  1.12545e-24 -2.25287e-08  -1.0618e-23  6.16766e-08   4.8199e-23 -1.46487e-07 -1.58854e-22  3.01023e-07    4.126e-22 -5.32264e-07 -8.60133e-22  8.02225e-07  1.41187e-21 -1.01478e-06 -1.67057e-21  1.04901e-06   8.7316e-22 -8.41876e-07  1.83132e-21  4.61835e-07 -6.71627e-21 -8.89168e-08  1.28134e-20 -1.11811e-07 -1.79531e-20  1.14932e-07  1.98606e-20 -2.95865e-08 -1.76849e-20 -2.53125e-08  1.26821e-20  2.11561e-08 -7.36383e-21  5.93937e-10  3.83553e-21  -6.7037e-09 -2.75158e-21  1.30683e-09  3.50431e-21  1.65646e-09  -5.0152e-21  -5.1671e-10  6.29261e-21 -3.83757e-10 -6.65178e-21  1.23448e-10  5.88597e-21  8.83577e-11 -4.34608e-21   -1.889e-11  2.68698e-21 -1.88554e-11 -1.41275e-21  7.87127e-13  6.44118e-22  3.21151e-12  -2.4672e-22  4.71582e-13  5.97242e-23 -3.47161e-13  1.31796e-23 -1.34788e-13 -2.68141e-23  8.53769e-15  1.88173e-23  1.58423e-14 -9.56322e-24  3.08391e-15  4.15787e-24 -5.28407e-16 -1.54458e-24   -3.515e-16  4.02895e-25 -5.26279e-17 -2.85244e-26  6.48614e-18 -2.52326e-26  3.93722e-18  9.11079e-27  6.16854e-19 -2.09256e-28   7.9933e-22 -5.21413e-28 -1.63024e-20  1.24259e-28 -2.95741e-21 -2.83556e-29 -2.10575e-22  1.06276e-29  6.97825e-24 -1.39902e-30  2.83191e-24 -1.48119e-31  2.54812e-25  1.91317e-32  9.94567e-27 -1.02019e-33  3.11827e-29  3.83318e-34 -9.23803e-30 -1.11779e-35 -1.60355e-31
