 2.79108e-07 -2.05364e-22 -4.25941e-06 -1.43708e-22  2.09874e-05  3.11241e-21  -4.7659e-05  4.93474e-20  4.88284e-05  -2.8954e-19 -1.28377e-05  6.18813e-19 -7.93379e-06 -6.36476e-19  1.34023e-06  3.14419e-19  8.10294e-07 -6.07969e-20  6.30584e-08  4.35936e-22 -2.62544e-09
-2.05364e-22  6.41069e-06   2.3162e-21 -5.19363e-05 -6.51124e-20  0.000177234  2.72149e-19 -0.000287906 -2.57176e-19  0.000188566 -6.10784e-19  7.58013e-06  1.65763e-18 -3.41848e-05  -1.4885e-18 -4.42922e-06  5.68747e-19  1.34169e-06 -7.51163e-20  2.44754e-07 -1.50193e-21
-4.25941e-06   2.3162e-21  6.82414e-05  4.71218e-20 -0.000357635 -6.08226e-19  0.000879917  1.90227e-18  -0.00100985  -2.0745e-18  0.000346939 -5.20246e-19  0.000162626  2.86362e-18 -4.81622e-05 -2.13024e-18 -2.11886e-05  6.01493e-19  -1.0741e-06 -5.55995e-20  1.27435e-07
-1.43708e-22 -5.19363e-05  4.71218e-20  0.000447483    3.418e-19   -0.0016526 -2.96075e-18   0.00298426   7.1588e-18  -0.00231261 -6.64648e-18     0.000114 -6.30794e-21  0.000466541  3.78752e-18  2.92964e-05 -2.06704e-18 -2.68968e-05   4.1292e-19 -3.89392e-06 -3.05373e-20
 2.09874e-05 -6.51124e-20 -0.000357635    3.418e-19   0.00202769  1.49537e-18  -0.00552828 -9.54428e-18   0.00733035  1.80338e-17  -0.00340286 -1.30598e-17  -0.00104436 -2.04607e-19   0.00060899  4.04615e-18  0.000191666 -1.29539e-18  1.74347e-07  1.80711e-19 -2.12573e-06
 3.11241e-21  0.000177234 -6.08226e-19   -0.0016526  1.49537e-18   0.00675709  4.57067e-18   -0.0139793   -2.248e-17    0.0133454  3.31679e-17  -0.00241245 -1.71979e-17   -0.0029205 -2.19416e-18  0.000145566   3.4201e-18  0.000255511 -3.69513e-19  2.82079e-05  4.00647e-20
 -4.7659e-05  2.72149e-19  0.000879917 -2.96075e-18  -0.00552828  4.57067e-18    0.0172293  1.05262e-17   -0.0274879 -4.10189e-17    0.0178865  4.66408e-17   0.00216298 -1.47436e-17  -0.00403003 -4.93209e-18 -0.000802449  2.20633e-18  9.77103e-05  1.36535e-19  1.87996e-05
 4.93474e-20 -0.000287906  1.90227e-18   0.00298426 -9.54428e-18   -0.0139793  1.05262e-17     0.034603  1.92428e-17   -0.0429065 -6.06127e-17    0.0164637  5.13128e-17   0.00923779 -5.80333e-18  -0.00272599 -5.61682e-18  -0.00135739  1.24454e-18 -9.43381e-05   1.7269e-19
 4.88284e-05 -2.57176e-19  -0.00100985   7.1588e-18   0.00733035   -2.248e-17   -0.0274879  1.92428e-17    0.0561242  2.92099e-17   -0.0540608 -7.54606e-17   0.00676171  4.36318e-17    0.0148174  4.35238e-18  0.000731436 -2.88875e-18 -0.000908731  9.64868e-19  -9.6931e-05
 -2.8954e-19  0.000188566  -2.0745e-18  -0.00231261  1.80338e-17    0.0133454 -4.10189e-17   -0.0429065  2.92099e-17    0.0754761  3.85885e-17   -0.0557508 -8.21629e-17  -0.00894267  2.50243e-17    0.0147009  9.44497e-18   0.00376157  1.05018e-18 -4.48301e-05  7.78478e-19
-1.28377e-05 -6.10784e-19  0.000346939 -6.64648e-18  -0.00340286  3.31679e-17    0.0178865 -6.06127e-17   -0.0540608  3.85885e-17    0.0870003  4.69025e-17   -0.0473257 -8.06732e-17   -0.0249727  5.15936e-19   0.00801897   7.1207e-18   0.00392304   2.7267e-18  0.000262544
 6.18813e-19  7.58013e-06 -5.20246e-19     0.000114 -1.30598e-17  -0.00241245  4.66408e-17    0.0164637 -7.54606e-17   -0.0557508  4.69025e-17    0.0899931  5.58998e-17   -0.0318945 -7.19342e-17   -0.0352224 -2.18579e-17   -0.0013689  7.91529e-19   0.00174209  1.60938e-18
-7.93379e-06  1.65763e-18  0.000162626 -6.30794e-21  -0.00104436 -1.71979e-17   0.00216298  5.13128e-17   0.00676171 -8.21629e-17   -0.0473257  5.58998e-17    0.0887834  6.87966e-17   -0.0124582 -5.50724e-17   -0.0351828  -3.2428e-17  -0.00723052 -3.35334e-18 -2.18486e-05
-6.36476e-19 -3.41848e-05  2.86362e-18  0.000466541 -2.04607e-19   -0.0029205 -1.47436e-17   0.00923779  4.36318e-17  -0.00894267 -8.06732e-17   -0.0318945  6.87966e-17     0.089175  8.80172e-17    0.0099529 -2.84644e-17   -0.0239668 -2.64768e-17     -0.00644 -2.65695e-18
 1.34023e-06  -1.4885e-18 -4.81622e-05  3.78752e-18   0.00060899 -2.19416e-18  -0.00403003 -5.80333e-18    0.0148174  2.50243e-17   -0.0249727 -7.19342e-17   -0.0124582  8.80172e-17    0.0944657   1.1155e-16    0.0330895   3.5981e-18  -0.00726226   -1.129e-17  -0.00230914
 3.14419e-19 -4.42922e-06 -2.13024e-18  2.92964e-05  4.04615e-18  0.000145566 -4.93209e-18  -0.00272599  4.35238e-18    0.0147009  5.15936e-19   -0.0352224 -5.50724e-17    0.0099529   1.1155e-16     0.101977  1.28948e-16    0.0490027  2.68917e-17    0.0043289  -6.6329e-19
 8.10294e-07  5.68747e-19 -2.11886e-05 -2.06704e-18  0.000191666   3.4201e-18 -0.000802449 -5.61682e-18  0.000731436  9.44497e-18   0.00801897 -2.18579e-17   -0.0351828 -2.84644e-17    0.0330895  1.28948e-16     0.101672  1.23717e-16    0.0477563   2.8579e-17   0.00523362
-6.07969e-20  1.34169e-06  6.01493e-19 -2.68968e-05 -1.29539e-18  0.000255511  2.20633e-18  -0.00135739 -2.88875e-18   0.00376157   7.1207e-18   -0.0013689  -3.2428e-17   -0.0239668   3.5981e-18    0.0490027  1.23717e-16    0.0831253  8.92226e-17    0.0300812  1.41553e-17
 6.30584e-08 -7.51163e-20  -1.0741e-06   4.1292e-19  1.74347e-07 -3.69513e-19  9.77103e-05  1.24454e-18 -0.000908731  1.05018e-18   0.00392304  7.91529e-19  -0.00723052 -2.64768e-17  -0.00726226  2.68917e-17    0.0477563  8.92226e-17     0.049444   4.2863e-17    0.0104241
 4.35936e-22  2.44754e-07 -5.55995e-20 -3.89392e-06  1.80711e-19  2.82079e-05  1.36535e-19 -9.43381e-05  9.64868e-19 -4.48301e-05   2.7267e-18   0.00174209 -3.35334e-18     -0.00644   -1.129e-17    0.0043289   2.8579e-17    0.0300812   4.2863e-17    0.0184393  1.10197e-17
-2.62544e-09 -1.50193e-21  1.27435e-07 -3.05373e-20 -2.12573e-06  4.00647e-20  1.87996e-05   1.7269e-19  -9.6931e-05  7.78478e-19  0.000262544  1.60938e-18 -2.18486e-05 -2.65695e-18  -0.00230914  -6.6329e-19   0.00523362  1.41553e-17    0.0104241  1.10197e-17   0.00318511
