    0.019289 -9.12235e-18   -0.0322247  2.04495e-17  -0.00334829  1.62646e-17   0.00330591 -2.19277e-17   0.00193404  2.04585e-18  0.000591365  2.82363e-18  0.000121827 -3.94187e-19  1.77161e-05  -3.5834e-19   1.7769e-06 -6.87561e-20  1.10113e-07 -5.09544e-21   2.7837e-09
-9.12235e-18    0.0673287 -3.38357e-17   -0.0500947  4.97708e-17    -0.020819  1.72677e-18  -0.00149496 -1.91095e-17   0.00160292  3.68852e-18  0.000790604   1.2109e-18  0.000201066 -9.18561e-19  3.22309e-05 -3.87775e-19  3.17802e-06 -5.43979e-20  1.58171e-07 -2.30216e-21
  -0.0322247 -3.38357e-17     0.111148 -4.27136e-17   -0.0377559  4.64957e-17   -0.0347188 -1.33331e-17   -0.0109371 -9.45646e-18  -0.00163204  1.80872e-18  2.48035e-05 -9.66457e-19  6.24598e-05 -1.06925e-18  1.25319e-05 -2.65858e-19  1.13033e-06  -2.4005e-20  3.47256e-08
 2.04495e-17   -0.0500947 -4.27136e-17     0.122669 -1.75546e-17  -0.00794827  2.22334e-17    -0.033274  -1.4017e-17   -0.0163288 -4.02909e-18  -0.00458738 -1.33597e-18 -0.000857897 -1.97744e-18 -0.000109378 -7.92911e-19 -9.08878e-06 -1.23263e-19 -4.09213e-07 -5.81269e-21
 -0.00334829  4.97708e-17   -0.0377559 -1.75546e-17     0.112626  1.59644e-17    0.0210086  1.07736e-17   -0.0187775 -5.41781e-18   -0.0135495 -2.46859e-18  -0.00459688 -2.83299e-18 -0.000974183 -1.66199e-18 -0.000131832 -3.99088e-19 -1.02802e-05 -3.76225e-20  -3.0477e-07
 1.62646e-17    -0.020819  4.64957e-17  -0.00794827  1.59644e-17     0.102296  3.78517e-17    0.0431825  1.76285e-17   0.00041656  3.89073e-18  -0.00551793 -1.29107e-18  -0.00232482 -2.21684e-18 -0.000500738 -8.63015e-19 -6.06885e-05 -1.35695e-19 -3.51218e-06 -6.59769e-21
  0.00330591  1.72677e-18   -0.0347188  2.22334e-17    0.0210086  3.78517e-17    0.0986237  5.12076e-17    0.0578767  2.91632e-17    0.0160986  9.63442e-18   0.00203939  3.48602e-19 -6.94897e-05 -9.32473e-19  -6.1103e-05 -2.85094e-19 -7.65584e-06 -2.91009e-20 -2.78066e-07
-2.19277e-17  -0.00149496 -1.33331e-17    -0.033274  1.07736e-17    0.0431825  5.12076e-17    0.0968843   5.9205e-17    0.0628539  3.41654e-17    0.0230324  1.09571e-17   0.00548669  1.39305e-18  0.000874746 -1.33692e-19  8.90606e-05  -5.2054e-20  4.76121e-06 -3.16562e-21
  0.00193404 -1.91095e-17   -0.0109371  -1.4017e-17   -0.0187775  1.76285e-17    0.0578767   5.9205e-17    0.0898852  5.82166e-17    0.0565647  3.02396e-17    0.0210323  8.88089e-18   0.00504487  1.36694e-18  0.000771881  8.35476e-20  6.73918e-05 -1.03036e-21  2.21074e-06
 2.04585e-18   0.00160292 -9.45646e-18   -0.0163288 -5.41781e-18   0.00041656  2.91632e-17    0.0628539  5.82166e-17    0.0740807    4.719e-17    0.0419123   2.1079e-17    0.0142298  5.47722e-18   0.00302941  8.09071e-19  0.000384832  6.10356e-20  2.38625e-05  1.54705e-21
 0.000591365  3.68852e-18  -0.00163204 -4.02909e-18   -0.0135495  3.89073e-18    0.0160986  3.41654e-17    0.0565647    4.719e-17    0.0521144  3.11872e-17    0.0253289  1.17325e-17   0.00740872  2.60026e-18   0.00131075  3.26119e-19  0.000126692  1.92541e-20  4.43933e-06
 2.82363e-18  0.000790604  1.80872e-18  -0.00458738 -2.46859e-18  -0.00551793  9.63442e-18    0.0230324  3.02396e-17    0.0419123  3.11872e-17    0.0305179  1.67406e-17    0.0123709  5.21121e-18   0.00299414  9.46367e-19  0.000416983  9.15202e-20  2.75615e-05  3.16102e-21
 0.000121827   1.2109e-18  2.48035e-05 -1.33597e-18  -0.00459688 -1.29107e-18   0.00203939  1.09571e-17    0.0210323   2.1079e-17    0.0253289  1.67406e-17    0.0146264   7.2592e-18   0.00483536  1.83144e-18   0.00093452  2.60261e-19  9.62208e-05  1.73177e-20  3.52336e-06
-3.94187e-19  0.000201066 -9.66457e-19 -0.000857897 -2.83299e-18  -0.00232482  3.48602e-19   0.00548669  8.88089e-18    0.0142298  1.17325e-17    0.0123709   7.2592e-18   0.00565905  2.51915e-18   0.00149403  5.01741e-19  0.000221588  5.25384e-20  1.53221e-05  1.94074e-21
 1.77161e-05 -9.18561e-19  6.24598e-05 -1.97744e-18 -0.000974183 -2.21684e-18 -6.94897e-05  1.39305e-18   0.00504487  5.47722e-18   0.00740872  5.21121e-18   0.00483536  2.51915e-18   0.00174296  6.89811e-19  0.000358708  1.04699e-19  3.86605e-05  7.34398e-21  1.46283e-06
 -3.5834e-19  3.22309e-05 -1.06925e-18 -0.000109378 -1.66199e-18 -0.000500738 -9.32473e-19  0.000874746  1.36694e-18   0.00302941  2.60026e-18   0.00299414  1.83144e-18   0.00149403  6.89811e-19  0.000420009  1.46034e-19  6.52263e-05    1.603e-20  4.66398e-06  6.13916e-22
  1.7769e-06 -3.87775e-19  1.25319e-05 -7.92911e-19 -0.000131832 -8.63015e-19  -6.1103e-05 -1.33692e-19  0.000771881  8.09071e-19   0.00131075  9.46367e-19   0.00093452  5.01741e-19  0.000358708  1.46034e-19  7.73063e-05  2.31877e-20  8.61935e-06  1.68266e-21  3.34306e-07
-6.87561e-20  3.17802e-06 -2.65858e-19 -9.08878e-06 -3.99088e-19 -6.06885e-05 -2.85094e-19  8.90606e-05  8.35476e-20  0.000384832  3.26119e-19  0.000416983  2.60261e-19  0.000221588  1.04699e-19  6.52263e-05  2.31877e-20  1.04803e-05  2.63119e-21  7.68451e-07  1.03278e-22
 1.10113e-07 -5.43979e-20  1.13033e-06 -1.23263e-19 -1.02802e-05 -1.35695e-19 -7.65584e-06  -5.2054e-20  6.73918e-05  6.10356e-20  0.000126692  9.15202e-20  9.62208e-05  5.25384e-20  3.86605e-05    1.603e-20  8.61935e-06  2.63119e-21  9.85585e-07  1.95645e-22  3.89447e-08
-5.09544e-21  1.58171e-07  -2.4005e-20 -4.09213e-07 -3.76225e-20 -3.51218e-06 -2.91009e-20  4.76121e-06 -1.03036e-21  2.38625e-05  1.92541e-20  2.75615e-05  1.73177e-20  1.53221e-05  7.34398e-21  4.66398e-06  1.68266e-21  7.68451e-07  1.95645e-22  5.74102e-08  7.81756e-24
  2.7837e-09 -2.30216e-21  3.47256e-08 -5.81269e-21  -3.0477e-07 -6.59769e-21 -2.78066e-07 -3.16562e-21  2.21074e-06  1.54705e-21  4.43933e-06  3.16102e-21  3.52336e-06  1.94074e-21  1.46283e-06  6.13916e-22  3.34306e-07  1.03278e-22  3.89447e-08  7.81756e-24  1.56037e-09
