 0.000493842  -4.1766e-18   0.00295465 -1.13363e-17   0.00675713 -1.64423e-17   0.00901001 -1.58562e-17   0.00795532  -1.0813e-17   0.00489387 -5.27965e-18    0.0021258 -1.82638e-18  0.000641612 -4.31696e-19  0.000127526 -6.40802e-20  1.46541e-05 -4.80595e-21  6.36218e-07
 -4.1766e-18   0.00424878 -1.98154e-17    0.0142806 -3.71496e-17    0.0244279 -4.32287e-17    0.0263423 -3.50015e-17    0.0194069 -2.02902e-17    0.0100652 -8.41073e-18   0.00366996 -2.43763e-18  0.000910501 -4.67089e-19  0.000141429  -5.1908e-20  1.10705e-05  -2.1855e-21
  0.00295465 -1.98154e-17    0.0178137 -5.25665e-17    0.0410351 -7.55859e-17    0.0550939  -7.3143e-17    0.0489649 -5.03969e-17    0.0303118 -2.49416e-17    0.0132468 -8.75907e-18   0.00402163 -2.10379e-18  0.000803878 -3.17522e-19  9.28847e-05 -2.42222e-20  4.05437e-06
-1.13363e-17    0.0142806 -5.25665e-17    0.0483467 -9.77095e-17    0.0832689 -1.14303e-16    0.0903824 -9.38267e-17    0.0670041 -5.53265e-17    0.0349602 -2.33524e-17    0.0128213 -6.89322e-18   0.00319881  -1.3452e-18   0.00049959 -1.52213e-19  3.93139e-05 -6.52278e-21
  0.00675713 -3.71496e-17    0.0410351 -9.77095e-17    0.0951763 -1.41313e-16     0.128618 -1.38855e-16     0.115023 -9.74877e-17    0.0716315 -4.91825e-17    0.0314849 -1.75991e-17    0.0096119 -4.30431e-18   0.00193171 -6.61046e-19  0.000224376 -5.12738e-20  9.84416e-06
-1.64423e-17    0.0244279 -7.55859e-17    0.0832689 -1.41313e-16     0.144352 -1.67948e-16     0.157658 -1.40541e-16     0.117575 -8.44595e-17    0.0616982 -3.62903e-17    0.0227525 -1.08929e-17   0.00570705 -2.15937e-18  0.000895978 -2.47963e-19  7.08651e-05 -1.07737e-20
  0.00901001 -4.32287e-17    0.0550939 -1.14303e-16     0.128618 -1.67948e-16     0.174891 -1.68227e-16     0.157334 -1.20271e-16    0.0985411 -6.16709e-17    0.0435514 -2.23955e-17    0.0133666 -5.55215e-18    0.0027002 -8.63449e-19   0.00031522 -6.77572e-20  1.38979e-05
-1.58562e-17    0.0263423  -7.3143e-17    0.0903824 -1.38855e-16     0.157658 -1.68227e-16     0.173214 -1.43258e-16     0.129912 -8.73703e-17    0.0685464 -3.80238e-17    0.0254121 -1.15451e-17   0.00640696 -2.31287e-18    0.0010109 -2.68183e-19  8.03446e-05 -1.17579e-20
  0.00795532 -3.50015e-17    0.0489649 -9.38267e-17     0.115023 -1.40541e-16     0.157334 -1.43258e-16     0.142347 -1.03847e-16    0.0896423 -5.38527e-17     0.039828 -1.97493e-17    0.0122864 -4.93989e-18   0.00249435 -7.74568e-19  0.000292601 -6.12492e-20  1.29617e-05
 -1.0813e-17    0.0194069 -5.03969e-17    0.0670041 -9.74877e-17     0.117575 -1.20271e-16     0.129912 -1.03847e-16     0.097969 -6.40008e-17    0.0519648 -2.80962e-17    0.0193632 -8.59711e-18   0.00490608 -1.73463e-18  0.000777819 -2.02482e-19  6.21109e-05 -8.93352e-21
  0.00489387 -2.02902e-17    0.0303118 -5.53265e-17    0.0716315 -8.44595e-17    0.0985411 -8.73703e-17    0.0896423 -6.40008e-17    0.0567497   -3.346e-17    0.0253423 -1.23572e-17   0.00785638 -3.11085e-18   0.00160264 -4.90733e-19  0.000188878 -3.90281e-20  8.40526e-06
-5.27965e-18    0.0100652 -2.49416e-17    0.0349602 -4.91825e-17    0.0616982 -6.16709e-17    0.0685464 -5.38527e-17    0.0519648   -3.346e-17    0.0277035 -1.47873e-17    0.0103738 -4.55207e-18   0.00264102 -9.23667e-19  0.000420664 -1.08401e-19   3.3744e-05 -4.80745e-21
   0.0021258 -8.41073e-18    0.0132468 -2.33524e-17    0.0314849 -3.62903e-17    0.0435514 -3.80238e-17     0.039828 -2.80962e-17    0.0253423 -1.47873e-17    0.0113727 -5.49307e-18   0.00354251 -1.39038e-18  0.000726001 -2.20468e-19  8.59508e-05 -1.76214e-20  3.84186e-06
-1.82638e-18   0.00366996 -8.75907e-18    0.0128213 -1.75991e-17    0.0227525 -2.23955e-17    0.0254121 -1.97493e-17    0.0193632 -1.23572e-17    0.0103738 -5.49307e-18   0.00390313 -1.70001e-18  0.000998288   -3.467e-19  0.000159728  -4.0887e-20  1.28693e-05 -1.82185e-21
 0.000641612 -2.43763e-18   0.00402163 -6.89322e-18    0.0096119 -1.08929e-17    0.0133666 -1.15451e-17    0.0122864 -8.59711e-18   0.00785638 -4.55207e-18   0.00354251 -1.70001e-18   0.00110858 -4.32457e-19  0.000228219 -6.89035e-20  2.71378e-05 -5.53291e-21  1.21824e-06
-4.31696e-19  0.000910501 -2.10379e-18   0.00319881 -4.30431e-18   0.00570705 -5.55215e-18   0.00640696 -4.93989e-18   0.00490608 -3.11085e-18   0.00264102 -1.39038e-18  0.000998288 -4.32457e-19  0.000256481 -8.86176e-20  4.12179e-05 -1.04992e-20  3.33524e-06 -4.69923e-22
 0.000127526 -4.67089e-19  0.000803878  -1.3452e-18   0.00193171 -2.15937e-18    0.0027002 -2.31287e-18   0.00249435 -1.73463e-18   0.00160264 -9.23667e-19  0.000726001   -3.467e-19  0.000228219 -8.86176e-20   4.7189e-05 -1.41845e-20   5.6354e-06 -1.14409e-21  2.54043e-07
-6.40802e-20  0.000141429 -3.17522e-19   0.00049959 -6.61046e-19  0.000895978 -8.63449e-19    0.0010109 -7.74568e-19  0.000777819 -4.90733e-19  0.000420664 -2.20468e-19  0.000159728 -6.89035e-20  4.12179e-05 -1.41845e-20  6.65238e-06 -1.68802e-21  5.40552e-07 -7.58804e-23
 1.46541e-05  -5.1908e-20  9.28847e-05 -1.52213e-19  0.000224376 -2.47963e-19   0.00031522 -2.68183e-19  0.000292601 -2.02482e-19  0.000188878 -1.08401e-19  8.59508e-05  -4.0887e-20  2.71378e-05 -1.04992e-20   5.6354e-06 -1.68802e-21  6.75815e-07 -1.36742e-22  3.05908e-08
-4.80595e-21  1.10705e-05 -2.42222e-20  3.93139e-05 -5.12738e-20  7.08651e-05 -6.77572e-20  8.03446e-05 -6.12492e-20  6.21109e-05 -3.90281e-20   3.3744e-05 -1.76214e-20  1.28693e-05 -5.53291e-21  3.33524e-06 -1.14409e-21  5.40552e-07 -1.36742e-22  4.41041e-08 -6.17275e-24
 6.36218e-07  -2.1855e-21  4.05437e-06 -6.52278e-21  9.84416e-06 -1.07737e-20  1.38979e-05 -1.17579e-20  1.29617e-05 -8.93352e-21  8.40526e-06 -4.80745e-21  3.84186e-06 -1.82185e-21  1.21824e-06 -4.69923e-22  2.54043e-07 -7.58804e-23  3.05908e-08 -6.17275e-24  1.39027e-09
