  0.00033111    1.853e-11   0.00176733  5.67288e-11   0.00374062  8.92717e-11   0.00449983  8.17855e-11   0.00299872  3.39899e-11  0.000311379 -1.62223e-11  -0.00146352 -3.32956e-11  -0.00137638 -1.73834e-11 -0.000255901  5.04467e-12  0.000554798  1.30419e-11  0.000541872  6.86506e-12  0.000107899 -1.62397e-12 -0.000190812 -4.50517e-12 -0.000188458 -2.47574e-12 -4.80711e-05  2.37402e-13  4.80077e-05  1.23603e-12  5.52671e-05  8.12593e-13  2.18618e-05  1.29498e-13  -4.1928e-06 -1.93938e-13 -1.06921e-05 -1.89368e-13 -6.77889e-06 -8.55451e-14 -2.11585e-06 -1.45483e-14  6.95724e-08  8.18637e-15  4.61442e-07  7.96487e-15  2.81309e-07  3.67318e-15  1.04856e-07  1.13894e-15  2.73773e-08  2.51056e-16  5.07222e-09   3.8662e-17  6.37041e-10  3.84213e-18  4.76855e-11   1.9832e-19  1.38915e-12
   1.853e-11   0.00249926  9.90501e-11   0.00765844  2.09744e-10    0.0120512  2.52116e-10    0.0110177  1.67187e-10   0.00451616  1.54343e-11  -0.00230888 -8.46597e-11  -0.00461601 -7.92075e-11  -0.00241314 -1.48898e-11  0.000693733  3.20173e-11   0.00182509  3.18051e-11  0.000988555  6.94216e-12 -0.000198319 -1.07305e-11 -0.000627562 -1.11762e-11 -0.000366884 -3.28162e-12  1.15157e-05  2.47596e-12  0.000165594  3.21727e-12  0.000119659  1.45485e-12   2.7774e-05 -7.23718e-14 -2.10081e-05 -5.48056e-13 -2.51301e-05  -3.9938e-13 -1.32101e-05  -1.5649e-13 -3.68211e-06 -2.48189e-14  5.01757e-08  1.09724e-14  6.02639e-07  9.94225e-15  3.33454e-07  4.11666e-15   1.1064e-07    1.126e-15  2.52105e-08  2.13714e-16   3.9518e-09  2.71909e-17  3.96367e-10  2.04823e-18  2.05391e-11  5.97793e-20
  0.00176733  9.90501e-11   0.00945585   3.0382e-10    0.0200464  4.78738e-10    0.0241363  4.38589e-10    0.0160474  1.80402e-10   0.00149174 -9.25305e-11  -0.00820482 -1.86809e-10  -0.00778316 -1.00117e-10  -0.00159492   2.5519e-11   0.00304916  7.39188e-11   0.00317198  4.24549e-11  0.000810672  -5.6777e-12 -0.000973199 -2.49915e-11  -0.00111701 -1.60885e-11 -0.000394022 -9.46781e-13  0.000189817   6.1372e-12  0.000308846  5.10887e-12  0.000165146  1.66359e-12  1.69842e-05 -4.75826e-13 -4.17381e-05 -9.04128e-13 -3.80316e-05 -5.76302e-13 -1.86921e-05 -2.24794e-13 -5.73857e-06 -5.14595e-14 -8.20505e-07 -1.21493e-15  1.91857e-07  4.35487e-15  1.59205e-07    1.994e-15  5.25336e-08  5.12905e-16  1.08316e-08  8.52221e-17  1.43637e-09  8.80089e-18  1.10372e-10  4.61803e-19   3.2424e-12
 5.67288e-11   0.00765844   3.0382e-10    0.0235256  6.45509e-10    0.0371879  7.80795e-10    0.0343041  5.24941e-10    0.0144344  5.62233e-11  -0.00691345 -2.63274e-10   -0.0146776 -2.58746e-10  -0.00827708 -6.18349e-11   0.00157883  9.39919e-11   0.00574585  1.06348e-10   0.00361876     3.34e-11  -0.00013474 -2.73497e-11  -0.00187338 -3.70849e-11  -0.00138474 -1.62215e-11 -0.000239401   3.5123e-12  0.000401453  9.50694e-12  0.000416473  6.25894e-12  0.000184908  1.62771e-12  5.51572e-06 -7.56924e-13 -5.42586e-05 -1.11054e-12 -4.58841e-05 -7.00217e-13 -2.34655e-05 -3.01629e-13 -8.67745e-06 -9.66565e-14 -2.41798e-06 -2.33999e-14 -5.06198e-07 -4.19942e-15 -7.68201e-08 -5.27893e-16 -7.74605e-09 -4.04501e-17 -4.05356e-10 -1.06865e-18  2.30123e-12  7.45269e-20  1.13024e-12  3.80279e-21
  0.00374062  2.09744e-10    0.0200464  6.45509e-10     0.042736   1.0259e-09    0.0521207  9.58522e-10    0.0358007  4.21794e-10   0.00491261 -1.71302e-10   -0.0169765 -4.05895e-10   -0.0177739 -2.48115e-10  -0.00521517   2.3576e-11    0.0056022  1.54544e-10   0.00730129   1.1109e-10   0.00291174  9.63696e-12  -0.00133668 -4.68973e-11  -0.00247308 -4.22471e-11  -0.00138008 -1.31274e-11 -3.63888e-05   7.3948e-12  0.000549157  1.15362e-11  0.000476358   6.9305e-12  0.000202197  1.81466e-12  1.05536e-05 -7.05522e-13 -5.37205e-05 -1.13399e-12 -4.83042e-05 -7.64027e-13 -2.67419e-05 -3.62357e-13 -1.11068e-05  -1.3342e-13 -3.64936e-06 -3.92282e-14 -9.59976e-07 -9.20647e-15 -1.99925e-07 -1.68742e-15 -3.18721e-08  -2.3018e-16 -3.63549e-09 -2.12323e-17 -2.57471e-10 -1.05451e-18 -7.32486e-12
 8.92717e-11    0.0120512  4.78738e-10    0.0371879   1.0259e-09    0.0596047  1.26771e-09    0.0568412  9.01011e-10    0.0268105  1.67732e-10  -0.00789471 -3.83663e-10   -0.0233481 -4.45481e-10   -0.0160313  -1.6638e-10 -0.000506159  1.07652e-10   0.00839078  1.80206e-10   0.00726987  9.36416e-11   0.00172578  -1.3363e-11  -0.00218673 -5.72402e-11  -0.00268297 -4.24031e-11   -0.0012838 -1.05518e-11  7.86144e-05  9.21282e-12  0.000614501  1.25457e-11  0.000517578  7.68587e-12  0.000236049  2.42119e-12  3.50157e-05 -3.27418e-13 -4.08168e-05 -9.67069e-13 -4.35881e-05 -7.14256e-13 -2.56167e-05 -3.53002e-13 -1.09337e-05 -1.31904e-13 -3.59999e-06 -3.83415e-14 -9.22386e-07  -8.6196e-15 -1.80554e-07 -1.45269e-15 -2.57863e-08 -1.71906e-16 -2.44659e-09 -1.24233e-17 -1.23088e-10 -3.55643e-19
  0.00449983  2.52116e-10    0.0241363  7.80795e-10    0.0521207  1.26771e-09     0.065715  1.24718e-09    0.0491427  6.48629e-10    0.0126991 -9.41081e-11   -0.0172248 -4.81021e-10   -0.0237798 -3.89027e-10    -0.011624 -7.35608e-11   0.00313495  1.53106e-10   0.00922123  1.75573e-10    0.0064518  7.35709e-11  0.000861474 -2.58449e-11  -0.00253986   -6.042e-11  -0.00272333 -4.22406e-11  -0.00126749 -1.03442e-11  8.43475e-05  9.39464e-12  0.000633081  1.31665e-11  0.000558008  8.62497e-12  0.000282993  3.31599e-12  7.34453e-05  3.23095e-13 -1.53962e-05 -5.68751e-13  -2.9025e-05  -4.9977e-13 -1.82502e-05 -2.51555e-13 -7.69923e-06  -9.0905e-14 -2.40777e-06 -2.46865e-14 -5.67027e-07 -5.01418e-15 -9.83801e-08 -7.32316e-16 -1.18371e-08 -7.02941e-17 -8.61656e-10 -3.54835e-18 -2.46635e-11
 8.17855e-11    0.0110177  4.38589e-10    0.0343041  9.58522e-10    0.0568412  1.24718e-09    0.0586513  1.00496e-09     0.034796  3.62869e-10   0.00139015 -2.39955e-10   -0.0199699 -4.62208e-10   -0.0205353 -3.05361e-10  -0.00784603 -1.75824e-11   0.00464471  1.62107e-10   0.00895422  1.63449e-10   0.00582066  6.32682e-11    0.0005273 -2.97381e-11  -0.00264456 -6.18601e-11  -0.00279198  -4.3811e-11  -0.00134854 -1.18617e-11  2.64984e-05  8.67721e-12  0.000621932  1.33839e-11  0.000586086  9.44424e-12  0.000330044   4.3183e-12  0.000120902  1.19735e-12  2.11916e-05  3.32928e-14 -6.41143e-06 -1.65194e-13 -6.94965e-06 -1.01378e-13 -3.15276e-06  -3.6915e-14 -9.53214e-07 -9.39812e-15 -2.05017e-07 -1.70034e-15 -3.08543e-08 -2.08815e-16 -2.99919e-09 -1.52901e-17 -1.51403e-10 -4.35399e-19
  0.00299872  1.67187e-10    0.0160474  5.24941e-10    0.0358007  9.01011e-10    0.0491427  1.00496e-09    0.0443713  7.12325e-10    0.0225511    1.865e-10  -0.00317077 -2.58427e-10   -0.0182813 -4.00994e-10   -0.0173422 -2.51789e-10   -0.0061063  2.03203e-13   0.00487418  1.59367e-10    0.0086897  1.58343e-10   0.00564106  6.10149e-11  0.000457537 -3.09441e-11  -0.00271342 -6.36297e-11  -0.00289612 -4.61715e-11  -0.00146828 -1.42102e-11 -7.59444e-05  6.99951e-12  0.000565062  1.27922e-11   0.00058384  9.85857e-12  0.000366545  5.24404e-12  0.000168501  2.10423e-12  5.92476e-05  6.47915e-13  1.58979e-05   1.5004e-13  3.12493e-06  2.43373e-14  3.97073e-07  2.15733e-15  1.63304e-08 -7.55704e-17 -4.63875e-09 -5.09223e-17 -9.91601e-10 -6.39786e-18 -7.94092e-11 -3.11839e-19 -1.94154e-12
 3.39899e-11   0.00451616  1.80402e-10    0.0144344  4.21794e-10    0.0268105  6.48629e-10     0.034796  7.12325e-10    0.0318726   5.2258e-10    0.0169178  1.40375e-10  -0.00293504 -2.24507e-10   -0.0161509 -3.61454e-10   -0.0159033 -2.33355e-10  -0.00561569  5.03938e-12   0.00498624  1.60574e-10   0.00872336  1.58621e-10   0.00563704  6.07032e-11  0.000438682 -3.13377e-11  -0.00273808 -6.44699e-11  -0.00296594 -4.83119e-11  -0.00160586 -1.74356e-11 -0.000237276  4.02184e-12  0.000448414  1.11662e-11  0.000541027  9.62457e-12  0.000377529  5.73236e-12  0.000197276  2.67014e-12  8.27035e-05  1.01323e-12  2.84911e-05  3.17143e-13  8.09365e-06  8.15305e-14   1.8739e-06  1.68823e-14   3.4373e-07  2.70822e-15  4.73955e-08  3.13423e-16   4.4492e-09   2.2645e-17  2.25868e-10  6.59512e-19
 0.000311379  1.54343e-11   0.00149174  5.62233e-11   0.00491261  1.67732e-10    0.0126991  3.62869e-10    0.0225511   5.2258e-10     0.025904  4.62294e-10    0.0161654   1.5057e-10  -0.00198131 -2.05944e-10   -0.0154646 -3.51456e-10   -0.0154995 -2.25213e-10  -0.00520693  1.26696e-11   0.00526803  1.63766e-10   0.00876654  1.58166e-10   0.00560884  6.09211e-11   0.00050208 -2.93372e-11  -0.00264299 -6.34192e-11  -0.00298596  -5.0337e-11  -0.00177251  -2.1685e-11 -0.000457855 -1.85631e-13  0.000273783  8.41668e-12  0.000445367  8.35494e-12  0.000340353  5.32031e-12  0.000187323  2.58012e-12  8.08976e-05  9.97743e-13  2.80725e-05  3.10573e-13  7.81866e-06  7.70452e-14  1.71605e-06  1.48235e-14  2.85858e-07  2.10232e-15  3.37249e-08  1.99537e-16  2.44522e-09  1.00972e-17   7.0563e-11
-1.62223e-11  -0.00230888 -9.25305e-11  -0.00691345 -1.71302e-10  -0.00789471 -9.41081e-11   0.00139015    1.865e-10    0.0169178  4.62294e-10    0.0248008  4.58818e-10    0.0162018  1.48136e-10  -0.00227922 -2.11949e-10   -0.0155483  -3.4672e-10    -0.014994 -2.12462e-10  -0.00464348  2.01851e-11   0.00540304  1.62809e-10    0.0086428  1.56301e-10   0.00562195  6.36734e-11  0.000726493 -2.42036e-11  -0.00242952 -6.08648e-11  -0.00297205 -5.22613e-11  -0.00195291 -2.64669e-11 -0.000714659 -5.33239e-12  4.36049e-05  4.38281e-12  0.000282931  5.74324e-12  0.000242723  3.85375e-12  0.000135998  1.85933e-12  5.74078e-05  6.92301e-13  1.89182e-05  2.01922e-13  4.87031e-06  4.56375e-14  9.58536e-07  7.73144e-15  1.37546e-07  9.18716e-16   1.3096e-08  6.65803e-17  6.60239e-10  1.90863e-18
 -0.00146352 -8.46597e-11  -0.00820482 -2.63274e-10   -0.0169765 -3.83663e-10   -0.0172248 -2.39955e-10  -0.00317077  1.40375e-10    0.0161654  4.58818e-10    0.0244925  4.43141e-10    0.0150537  1.23772e-10  -0.00315056 -2.18368e-10   -0.0152926 -3.33505e-10   -0.0142255 -1.99516e-10  -0.00429206  2.11656e-11   0.00523575   1.5788e-10   0.00846172  1.55643e-10    0.0057632  6.94536e-11   0.00108695 -1.68231e-11  -0.00213034 -5.69237e-11  -0.00290248  -5.3295e-11  -0.00210505 -3.10767e-11 -0.000984974 -1.11672e-11 -0.000235256 -7.96198e-13  6.42809e-05  2.10614e-12  0.000104184  1.76716e-12  6.39477e-05   8.7593e-13  2.66826e-05  3.13826e-13  8.28415e-06  8.46705e-14  1.93886e-06  1.70921e-14  3.34269e-07  2.47963e-15  3.99311e-08  2.36164e-16  2.88191e-09  1.18093e-17  8.16339e-11
-3.32956e-11  -0.00461601 -1.86809e-10   -0.0146776 -4.05895e-10   -0.0233481 -4.81021e-10   -0.0199699 -2.58427e-10  -0.00293504   1.5057e-10    0.0162018  4.43141e-10    0.0230043  4.06289e-10    0.0134208   1.0201e-10  -0.00349464 -2.12348e-10   -0.0146102 -3.17912e-10   -0.0136274 -1.93447e-10  -0.00430161  1.64989e-11   0.00492018   1.5233e-10   0.00832667  1.56592e-10   0.00598795  7.68569e-11   0.00152785   -7.631e-12  -0.00173115 -5.08199e-11  -0.00273123 -5.25774e-11  -0.00219476 -3.49312e-11  -0.00123992 -1.69858e-11 -0.000520013 -6.10079e-12  -0.00015695 -1.48569e-12 -2.80433e-05 -1.41767e-13  1.21028e-06  6.60128e-14   2.8845e-06  3.96409e-14  1.11801e-06  1.15962e-14   2.6009e-07   2.1831e-15  3.96123e-08  2.65392e-16  3.73912e-09  1.85317e-17  1.76719e-10  4.84308e-19
 -0.00137638 -7.92075e-11  -0.00778316 -2.58746e-10   -0.0177739 -4.45481e-10   -0.0237798 -4.62208e-10   -0.0182813 -2.24507e-10  -0.00198131  1.48136e-10    0.0150537  4.06289e-10    0.0210535  3.73218e-10    0.0124151  9.53261e-11  -0.00327317 -2.01371e-10   -0.0139991  -3.0786e-10   -0.0133583 -1.92996e-10  -0.00448554  1.01768e-11   0.00457913  1.46639e-10    0.0081843  1.57432e-10   0.00622417  8.51423e-11   0.00204989  3.87434e-12  -0.00119973  -4.1958e-11  -0.00243347 -4.95737e-11  -0.00218599 -3.69725e-11  -0.00141064 -2.11237e-11 -0.000723707 -9.82116e-12 -0.000306806 -3.81161e-12 -0.000109263 -1.24676e-12 -3.28107e-05 -3.43059e-13 -8.24395e-06 -7.82926e-14 -1.69621e-06 -1.43771e-14 -2.74274e-07 -2.01052e-15 -3.23655e-08 -1.93329e-16 -2.40452e-09 -1.01232e-17 -7.24062e-11
-1.73834e-11  -0.00241314 -1.00117e-10  -0.00827708 -2.48115e-10   -0.0160313 -3.89027e-10   -0.0205353 -4.00994e-10   -0.0161509 -2.05944e-10  -0.00227922  1.23772e-10    0.0134208  3.73218e-10    0.0197567  3.56356e-10    0.0120515  9.54102e-11  -0.00303042 -1.94102e-10   -0.0136345 -3.02029e-10   -0.0132162 -1.93818e-10  -0.00470912  2.76681e-12   0.00415836   1.3904e-10   0.00796067  1.57374e-10   0.00646655  9.45464e-11   0.00266402  1.77261e-11 -0.000540645 -3.03242e-11  -0.00199032 -4.33577e-11   -0.0020063 -3.53168e-11  -0.00139628 -2.16025e-11 -0.000762695 -1.06358e-11 -0.000340247  -4.3102e-12 -0.000125321 -1.44118e-12 -3.79374e-05 -3.93332e-13 -9.28061e-06  -8.5585e-14 -1.77827e-06 -1.42539e-14 -2.53009e-07 -1.69203e-15 -2.42246e-08 -1.24041e-16 -1.24193e-09 -3.63298e-18
-0.000255901 -1.48898e-11  -0.00159492 -6.18349e-11  -0.00521517  -1.6638e-10    -0.011624 -3.05361e-10   -0.0173422 -3.61454e-10   -0.0154646 -2.11949e-10  -0.00315056   1.0201e-10    0.0124151  3.56356e-10    0.0191244  3.47059e-10    0.0117627    9.316e-11   -0.0029543 -1.89267e-10   -0.0133114 -2.96016e-10   -0.0130675 -1.95427e-10  -0.00502929 -7.43778e-12   0.00359339  1.29007e-10   0.00766036  1.56664e-10    0.0067132  1.04576e-10   0.00333097  3.31699e-11  0.000229833 -1.55919e-11  -0.00135268 -3.24409e-11   -0.0015734 -2.84056e-11  -0.00113736 -1.76642e-11 -0.000621634 -8.58726e-12 -0.000270557  -3.3565e-12 -9.50329e-05 -1.05803e-12 -2.67987e-05 -2.65592e-13 -5.94687e-06 -5.16155e-14 -9.99592e-07 -7.37891e-15 -1.18755e-07 -7.04577e-16 -8.65451e-09 -3.58073e-17 -2.50636e-10
 5.04467e-12  0.000693733   2.5519e-11   0.00157883   2.3576e-11 -0.000506159 -7.35608e-11  -0.00784603 -2.51789e-10   -0.0159033 -3.51456e-10   -0.0155483 -2.18368e-10  -0.00349464  9.53261e-11    0.0120515  3.47059e-10    0.0185827  3.36061e-10    0.0113561  8.98368e-11  -0.00283953  -1.8255e-10   -0.0129065 -2.89616e-10   -0.0129802 -1.99565e-10  -0.00550025 -2.05661e-11   0.00291071  1.17112e-10   0.00728558  1.54605e-10   0.00690258   1.1386e-10   0.00400031  4.98047e-11   0.00112334  2.88781e-12 -0.000485679 -1.63862e-11 -0.000889975  -1.6843e-11 -0.000686219 -1.06621e-11 -0.000371157 -5.02879e-12 -0.000154317 -1.85304e-12 -5.04845e-05 -5.37662e-13 -1.29471e-05 -1.21168e-13  -2.5423e-06 -2.04874e-14 -3.64174e-07  -2.4304e-15 -3.46139e-08 -1.75807e-16 -1.74148e-09 -5.02804e-18
 0.000554798  3.20173e-11   0.00304916  9.39919e-11    0.0056022  1.07652e-10   0.00313495 -1.75824e-11   -0.0061063 -2.33355e-10   -0.0154995  -3.4672e-10   -0.0152926 -2.12348e-10  -0.00327317  9.54102e-11    0.0117627  3.36061e-10    0.0179383  3.24654e-10    0.0110383  8.96881e-11   -0.0025742 -1.74098e-10   -0.0125049 -2.84768e-10   -0.0130056 -2.06054e-10  -0.00607324 -3.55864e-11   0.00212898  1.02807e-10   0.00677284  1.49639e-10   0.00696962  1.21582e-10   0.00465518  6.74598e-11   0.00211973  2.41081e-11  0.000523359  2.29403e-12 -0.000104492 -3.85374e-12 -0.000195383 -3.34252e-12 -0.000121313 -1.66225e-12 -5.05749e-05 -5.93508e-13 -1.56192e-05 -1.59038e-13 -3.62551e-06 -3.17953e-14  -6.1813e-07 -4.55437e-15 -7.27801e-08 -4.26707e-16 -5.15594e-09 -2.08922e-17 -1.42594e-10
 1.30419e-11   0.00182509  7.39188e-11   0.00574585  1.54544e-10   0.00839078  1.53106e-10   0.00464471  2.03203e-13  -0.00561569 -2.25213e-10    -0.014994 -3.33505e-10   -0.0146102 -2.01371e-10  -0.00303042    9.316e-11    0.0113561  3.24654e-10    0.0173989  3.17065e-10    0.0109143  9.22886e-11  -0.00225993 -1.66124e-10    -0.012163 -2.81186e-10   -0.0130814 -2.13513e-10   -0.0067128  -5.2758e-11   0.00119673  8.47549e-11   0.00606702  1.41081e-10   0.00689543  1.27232e-10   0.00523918  8.39494e-11   0.00305431  4.37023e-11   0.00142949  1.84708e-11  0.000547249  6.41908e-12  0.000172977  1.84929e-12  4.55466e-05  4.46799e-13  1.01516e-05  9.24814e-14  1.96502e-06  1.68267e-14  3.36081e-07  2.68237e-15  4.89637e-08  3.45859e-16   5.3356e-09  2.98393e-17  3.28927e-10  1.06339e-18
 0.000541872  3.18051e-11   0.00317198  1.06348e-10   0.00730129  1.80206e-10   0.00922123  1.62107e-10   0.00487418  5.03938e-12  -0.00520693 -2.12462e-10   -0.0142255 -3.17912e-10   -0.0139991 -1.94102e-10   -0.0029543  8.98368e-11    0.0110383  3.17065e-10    0.0170674  3.12734e-10    0.0108719  9.52014e-11  -0.00196059 -1.58375e-10   -0.0118148 -2.77349e-10   -0.0131642 -2.22008e-10  -0.00745761 -7.30392e-11  8.34916e-05  6.28432e-11   0.00517446  1.28722e-10   0.00662108  1.28153e-10     0.005545  9.37533e-11   0.00361971  5.53252e-11     0.001947   2.7267e-11  0.000881922  1.13672e-11  0.000338365  4.00852e-12  0.000109395   1.1837e-12  2.93552e-05  2.86739e-13  6.36552e-06  5.50682e-14    1.068e-06   7.9286e-15  1.28804e-07  7.73946e-16  9.65585e-09  4.06815e-17  2.90619e-10
 6.86506e-12  0.000988555  4.24549e-11   0.00361876   1.1109e-10   0.00726987  1.75573e-10   0.00895422  1.59367e-10   0.00498624  1.26696e-11  -0.00464348 -1.99516e-10   -0.0136274  -3.0786e-10   -0.0136345 -1.89267e-10  -0.00283953  8.96881e-11    0.0109143  3.12734e-10    0.0168283  3.09108e-10    0.0108418  9.86114e-11  -0.00161171 -1.49352e-10   -0.0114182 -2.73333e-10   -0.0132885 -2.32236e-10  -0.00831437 -9.58621e-11  -0.00116629  3.75858e-11   0.00406243  1.10175e-10    0.0059403  1.18695e-10   0.00525889  9.05444e-11   0.00354359  5.46649e-11   0.00193309  2.70768e-11  0.000871561  1.11199e-11   0.00032578  3.77539e-12  0.000100136  1.04575e-12  2.48441e-05  2.30583e-13  4.81958e-06  3.88444e-14   6.9299e-07  4.65616e-15  6.69506e-08  3.44199e-16  3.45925e-09  1.01555e-17
 0.000107899  6.94216e-12  0.000810672     3.34e-11   0.00291174  9.36416e-11    0.0064518  1.63449e-10    0.0086897  1.60574e-10   0.00526803  2.01851e-11  -0.00429206 -1.93447e-10   -0.0133583 -3.02029e-10   -0.0133114  -1.8255e-10   -0.0025742  9.22886e-11    0.0108719  3.09108e-10    0.0166105  3.06334e-10    0.0108866  1.03946e-10  -0.00117713 -1.39279e-10   -0.0110129 -2.69792e-10   -0.0134481 -2.43131e-10  -0.00920541 -1.19959e-10  -0.00254948  7.26039e-12   0.00255598  8.05102e-11   0.00458589  9.38332e-11   0.00419267  7.21127e-11   0.00279991    4.261e-11   0.00147911  2.02438e-11  0.000633873  7.83234e-12  0.000221228  2.46008e-12  6.22947e-05  6.17659e-13  1.38442e-05  1.20338e-13  2.33485e-06  1.72735e-14  2.78686e-07  1.65797e-15  2.04254e-08  8.47756e-17  5.95384e-10
-1.62397e-12 -0.000198319  -5.6777e-12  -0.00013474  9.63696e-12   0.00172578  7.35709e-11   0.00582066  1.58343e-10   0.00872336  1.63766e-10   0.00540304  2.11656e-11  -0.00430161 -1.92996e-10   -0.0132162 -2.96016e-10   -0.0129065 -1.74098e-10  -0.00225993  9.52014e-11    0.0108418  3.06334e-10    0.0164757  3.05792e-10    0.0110372   1.1082e-10 -0.000704955 -1.28917e-10   -0.0105907 -2.65442e-10   -0.0135466 -2.52941e-10    -0.010101 -1.46448e-10  -0.00420417 -3.20146e-11  0.000461967  3.68041e-11   0.00250356  5.46371e-11   0.00249945  4.31244e-11   0.00165904  2.48035e-11  0.000840295  1.11623e-11  0.000337548  4.00901e-12  0.000108326  1.14662e-12   2.7488e-05  2.56444e-13  5.36952e-06  4.32206e-14  7.67952e-07  5.12626e-15  7.30643e-08   3.7156e-16  3.68654e-09   1.0665e-17
-0.000190812 -1.07305e-11 -0.000973199 -2.73497e-11  -0.00133668  -1.3363e-11  0.000861474  6.32682e-11   0.00564106  1.58621e-10   0.00876654  1.62809e-10   0.00523575  1.64989e-11  -0.00448554 -1.93818e-10   -0.0130675 -2.89616e-10   -0.0125049 -1.66124e-10  -0.00196059  9.86114e-11    0.0108866  3.05792e-10    0.0164531  3.07002e-10    0.0112387  1.18333e-10 -0.000191063  -1.1697e-10   -0.0100504 -2.58377e-10   -0.0135452 -2.62521e-10   -0.0111169 -1.78373e-10  -0.00625364 -8.10004e-11  -0.00212922 -1.62327e-11  4.84339e-05  1.00695e-11  0.000653894  1.29848e-11  0.000532157  8.15284e-12  0.000276537  3.62034e-12  0.000106623  1.22132e-12  3.15511e-05  3.16633e-13  7.13518e-06  6.19915e-14  1.19592e-06  8.75474e-15   1.3913e-07  8.11737e-16  9.76442e-09   3.9397e-17  2.67732e-10
-4.50517e-12 -0.000627562 -2.49915e-11  -0.00187338 -4.68973e-11  -0.00218673 -2.58449e-11    0.0005273  6.10149e-11   0.00563704  1.58166e-10    0.0086428   1.5788e-10   0.00492018  1.01768e-11  -0.00470912 -1.95427e-10   -0.0129802 -2.84768e-10    -0.012163 -1.58375e-10  -0.00161171  1.03946e-10    0.0110372  3.07002e-10    0.0164852   3.0898e-10    0.0114912  1.27724e-10  0.000463735 -1.01587e-10  -0.00935764  -2.4954e-10   -0.0135575 -2.74549e-10   -0.0123314 -2.14857e-10  -0.00848853 -1.31856e-10  -0.00468495 -6.58382e-11  -0.00212544 -2.72297e-11 -0.000803761 -9.44442e-12 -0.000256623 -2.78858e-12 -7.04799e-05 -7.17301e-13 -1.71024e-05 -1.65174e-13 -3.74599e-06 -3.42874e-14  -7.2864e-07 -6.12865e-15 -1.16467e-07 -8.46006e-16 -1.32798e-08  -7.4951e-17 -8.29086e-10 -2.67987e-18
-0.000188458 -1.11762e-11  -0.00111701 -3.70849e-11  -0.00247308 -5.72402e-11  -0.00253986 -2.97381e-11  0.000457537  6.07032e-11   0.00560884  1.56301e-10   0.00846172   1.5233e-10   0.00457913  2.76681e-12  -0.00502929 -1.99565e-10   -0.0130056 -2.81186e-10   -0.0118148 -1.49352e-10  -0.00117713   1.1082e-10    0.0112387   3.0898e-10    0.0165705  3.12921e-10    0.0118907  1.40728e-10   0.00128412 -8.39798e-11  -0.00863801 -2.41659e-10   -0.0136449  -2.8724e-10   -0.0134598 -2.45966e-10   -0.0102563 -1.69319e-10  -0.00644054 -9.76133e-11  -0.00342277 -4.79352e-11  -0.00155473 -2.01371e-11  -0.00060329 -7.20134e-12 -0.000198179  -2.1635e-12 -5.41485e-05 -5.33868e-13 -1.19629e-05 -1.04457e-13 -2.04456e-06 -1.53166e-14 -2.51061e-07 -1.52194e-15 -1.91546e-08 -8.14045e-17 -5.86592e-10
-2.47574e-12 -0.000366884 -1.60885e-11  -0.00138474 -4.22471e-11  -0.00268297   -6.042e-11  -0.00264456 -3.09441e-11  0.000438682  6.09211e-11   0.00562195  1.55643e-10   0.00832667  1.46639e-10   0.00415836 -7.43778e-12  -0.00550025 -2.06054e-10   -0.0130814 -2.77349e-10   -0.0114182 -1.39279e-10 -0.000704955  1.18333e-10    0.0114912  3.12921e-10     0.016804  3.20486e-10    0.0124541  1.55873e-10   0.00212907 -6.71244e-11  -0.00795438 -2.32625e-10   -0.0134876  -2.8963e-10   -0.0137941 -2.55486e-10   -0.0107684 -1.79171e-10  -0.00684654 -1.03861e-10  -0.00363026 -5.04526e-11  -0.00161601 -2.05631e-11 -0.000601913  -6.9794e-12 -0.000185441 -1.94194e-12 -4.62999e-05 -4.31565e-13 -9.06489e-06 -7.34614e-14 -1.31842e-06 -8.91569e-15 -1.29083e-07 -6.68485e-16 -6.77024e-09 -2.00368e-17
-4.80711e-05 -3.28162e-12 -0.000394022 -1.62215e-11  -0.00138008 -4.24031e-11  -0.00272333 -6.18601e-11  -0.00271342 -3.13377e-11   0.00050208  6.36734e-11    0.0057632  1.56592e-10    0.0081843   1.3904e-10   0.00359339 -2.05661e-11  -0.00607324 -2.13513e-10   -0.0131642 -2.73333e-10   -0.0110129 -1.28917e-10 -0.000191063  1.27724e-10    0.0118907  3.20486e-10    0.0171995  3.30053e-10     0.013029  1.69937e-10   0.00292798 -4.88937e-11  -0.00697654 -2.11186e-10   -0.0123701 -2.65796e-10   -0.0125949 -2.31112e-10  -0.00961541 -1.57387e-10  -0.00589698 -8.74275e-11  -0.00297679 -4.01657e-11  -0.00124475 -1.52696e-11 -0.000429259 -4.76067e-12 -0.000120438 -1.19481e-12 -2.68294e-05 -2.33902e-13 -4.55631e-06 -3.38733e-14 -5.49637e-07 -3.29123e-15 -4.08403e-08 -1.70853e-16 -1.21024e-09
 2.37402e-13  1.15157e-05 -9.46781e-13 -0.000239401 -1.31274e-11   -0.0012838 -4.22406e-11  -0.00279198 -6.36297e-11  -0.00273808 -2.93372e-11  0.000726493  6.94536e-11   0.00598795  1.57432e-10   0.00796067  1.29007e-10   0.00291071 -3.55864e-11   -0.0067128 -2.22008e-10   -0.0132885 -2.69792e-10   -0.0105907  -1.1697e-10  0.000463735  1.40728e-10    0.0124541  3.30053e-10    0.0176008  3.38264e-10    0.0135385  1.84986e-10   0.00401124 -1.80848e-11  -0.00500578 -1.62351e-10  -0.00964313 -2.06356e-10  -0.00965189 -1.73839e-10  -0.00706958 -1.12722e-10  -0.00410154  -5.8883e-11  -0.00193588 -2.51488e-11 -0.000748098 -8.78033e-12  -0.00023532 -2.47813e-12 -5.92561e-05 -5.52616e-13 -1.15888e-05 -9.35855e-14 -1.67083e-06 -1.12225e-14 -1.61159e-07 -8.26749e-16 -8.28465e-09 -2.42338e-17
 4.80077e-05  2.47596e-12  0.000189817   3.5123e-12 -3.63888e-05 -1.05518e-11  -0.00126749  -4.3811e-11  -0.00289612 -6.44699e-11  -0.00264299 -2.42036e-11   0.00108695  7.68569e-11   0.00622417  1.57374e-10   0.00766036  1.17112e-10   0.00212898  -5.2758e-11  -0.00745761 -2.32236e-10   -0.0134481 -2.65442e-10   -0.0100504 -1.01587e-10   0.00128412  1.55873e-10     0.013029  3.38264e-10    0.0179286  3.47144e-10    0.0143115  2.12111e-10   0.00605739  3.92816e-11  -0.00148726 -7.98098e-11  -0.00530574 -1.17635e-10  -0.00553458 -9.87711e-11  -0.00394371 -6.13445e-11  -0.00216686 -3.00733e-11  -0.00095221 -1.18699e-11 -0.000337565 -3.77289e-12 -9.58785e-05 -9.52734e-13  -2.1375e-05 -1.85766e-13 -3.59991e-06  -2.6574e-14 -4.27393e-07 -2.53241e-15 -3.10451e-08 -1.28108e-16  -8.9373e-10
 1.23603e-12  0.000165594   6.1372e-12  0.000401453   7.3948e-12  7.86144e-05 -1.03442e-11  -0.00134854 -4.61715e-11  -0.00296594 -6.34192e-11  -0.00242952 -1.68231e-11   0.00152785  8.51423e-11   0.00646655  1.56664e-10   0.00728558  1.02807e-10   0.00119673 -7.30392e-11  -0.00831437 -2.43131e-10   -0.0135466 -2.58377e-10  -0.00935764 -8.39798e-11   0.00212907  1.69937e-10    0.0135385  3.47144e-10    0.0185114  3.67719e-10    0.0160129  2.64532e-10   0.00954553  1.26942e-10   0.00339847  2.53964e-11 -0.000194332 -2.04687e-11  -0.00132845  -2.7055e-11  -0.00114614 -1.82249e-11 -0.000643478 -8.79174e-12 -0.000270926  -3.2563e-12 -8.85526e-05 -9.39033e-13 -2.24626e-05 -2.08349e-13 -4.32243e-06 -3.43574e-14 -6.00797e-07 -3.93299e-15 -5.47654e-08 -2.70961e-16 -2.60338e-09 -7.25434e-18
 5.52671e-05  3.21727e-12  0.000308846  9.50694e-12  0.000549157  9.21282e-12  8.43475e-05 -1.18617e-11  -0.00146828 -4.83119e-11  -0.00298596 -6.08648e-11  -0.00213034   -7.631e-12   0.00204989  9.45464e-11    0.0067132  1.54605e-10   0.00677284  8.47549e-11  8.34916e-05 -9.58621e-11  -0.00920541 -2.52941e-10   -0.0135452  -2.4954e-10  -0.00863801 -6.71244e-11   0.00292798  1.84986e-10    0.0143115  3.67719e-10    0.0200093  4.12822e-10    0.0190753  3.44234e-10    0.0141636  2.30305e-10   0.00861049  1.28043e-10   0.00440119  6.04526e-11   0.00192777  2.46717e-11  0.000736196  8.85237e-12  0.000249059  2.83041e-12  7.53028e-05  8.07636e-13  2.01761e-05  2.01493e-13  4.63234e-06  4.19386e-14  8.58079e-07  6.75936e-15  1.16965e-07  7.50261e-16  1.00023e-08  4.50324e-17  3.43577e-10
 8.12593e-13  0.000119659  5.10887e-12  0.000416473  1.15362e-11  0.000614501  9.39464e-12  2.64984e-05 -1.42102e-11  -0.00160586  -5.0337e-11  -0.00297205 -5.69237e-11  -0.00173115  3.87434e-12   0.00266402  1.04576e-10   0.00690258  1.49639e-10   0.00606702  6.28432e-11  -0.00116629 -1.19959e-10    -0.010101 -2.62521e-10   -0.0135575 -2.41659e-10  -0.00795438 -4.88937e-11   0.00401124  2.12111e-10    0.0160129  4.12822e-10    0.0228397  4.83578e-10    0.0231099   4.3437e-10    0.0187361  3.21278e-10    0.0127333  2.01577e-10   0.00739787  1.08627e-10   0.00369975  5.03965e-11   0.00159031  2.00283e-11  0.000582623  6.73856e-12  0.000179174  1.88319e-12  4.51811e-05  4.24758e-13  9.01694e-06  7.39838e-14  1.34648e-06  9.24628e-15  1.36108e-07  7.17418e-16  7.40235e-09  2.23381e-17
 2.18618e-05  1.45485e-12  0.000165146  6.25894e-12  0.000476358  1.25457e-11  0.000633081  8.67721e-12 -7.59444e-05 -1.74356e-11  -0.00177251 -5.22613e-11  -0.00290248 -5.08199e-11  -0.00119973  1.77261e-11   0.00333097   1.1386e-10   0.00696962  1.41081e-10   0.00517446  3.75858e-11  -0.00254948 -1.46448e-10   -0.0111169 -2.74549e-10   -0.0136449 -2.32625e-10  -0.00697654 -1.80848e-11   0.00605739  2.64532e-10    0.0190753  4.83578e-10    0.0265888  5.62068e-10    0.0268683  5.05272e-10    0.0217867  3.72819e-10    0.0147106  2.31174e-10   0.00839357  1.21478e-10   0.00406169  5.40815e-11   0.00166072  2.02577e-11  0.000567995  6.29939e-12  0.000159737  1.59163e-12  3.59627e-05     3.16e-13  6.21332e-06  4.66888e-14  7.66684e-07  4.65137e-15  5.85411e-08  2.48644e-16  1.78988e-09
 1.29498e-13   2.7774e-05  1.66359e-12  0.000184908   6.9305e-12  0.000517578  1.31665e-11  0.000621932  6.99951e-12 -0.000237276  -2.1685e-11  -0.00195291  -5.3295e-11  -0.00273123  -4.1958e-11 -0.000540645  3.31699e-11   0.00400031  1.21582e-10   0.00689543  1.28722e-10   0.00406243  7.26039e-12  -0.00420417 -1.78373e-10   -0.0123314  -2.8724e-10   -0.0134876 -2.11186e-10  -0.00500578  3.92816e-11   0.00954553  3.44234e-10    0.0231099  5.62068e-10    0.0299857  6.17968e-10    0.0288528  5.30132e-10     0.022321  3.72559e-10    0.0143166  2.18716e-10   0.00770446  1.07941e-10   0.00348537   4.4701e-11   0.00131846  1.53998e-11  0.000412027  4.34349e-12  0.000104219   9.7739e-13  2.06518e-05  1.68334e-13  3.03841e-06   2.0664e-14   3.0089e-07  1.56726e-15  1.59669e-08  4.75433e-17
 -4.1928e-06 -7.23718e-14  1.69842e-05  1.62771e-12  0.000202197  7.68587e-12  0.000558008  1.33839e-11  0.000565062  4.02184e-12 -0.000457855 -2.64669e-11  -0.00210505 -5.25774e-11  -0.00243347 -3.03242e-11  0.000229833  4.98047e-11   0.00465518  1.27232e-10   0.00662108  1.10175e-10   0.00255598 -3.20146e-11  -0.00625364 -2.14857e-10   -0.0134598  -2.8963e-10   -0.0123701 -1.62351e-10  -0.00148726  1.26942e-10    0.0141636   4.3437e-10    0.0268683  6.17968e-10    0.0315281  6.24781e-10    0.0281261  4.98888e-10    0.0202854  3.26898e-10    0.0121206  1.78487e-10   0.00605295  8.15174e-11   0.00252563  3.10163e-11  0.000873842  9.72156e-12  0.000246908  2.46087e-12  5.55525e-05  4.87186e-13  9.55197e-06  7.15151e-14  1.16927e-06  7.05875e-15  8.83541e-08  3.73046e-16  2.66842e-09
-1.93938e-13 -2.10081e-05 -4.75826e-13  5.51572e-06  1.81466e-12  0.000236049  8.62497e-12  0.000586086  1.27922e-11  0.000448414 -1.85631e-13 -0.000714659 -3.10767e-11  -0.00219476 -4.95737e-11  -0.00199032 -1.55919e-11   0.00112334  6.74598e-11   0.00523918  1.28153e-10    0.0059403  8.05102e-11  0.000461967 -8.10004e-11  -0.00848853 -2.45966e-10   -0.0137941 -2.65796e-10  -0.00964313 -7.98098e-11   0.00339847  2.30305e-10    0.0187361  5.05272e-10    0.0288528  6.24781e-10    0.0303017  5.73818e-10    0.0247575  4.21552e-10    0.0164667  2.54963e-10   0.00908032  1.28352e-10   0.00417386  5.38281e-11   0.00159432  1.86781e-11  0.000500727  5.28422e-12  0.000126826   1.1889e-12  2.50948e-05  2.04223e-13  3.67858e-06  2.49553e-14  3.62334e-07  1.88126e-15  1.90989e-08  5.66556e-17
-1.06921e-05 -5.48056e-13 -4.17381e-05 -7.56924e-13  1.05536e-05  2.42119e-12  0.000282993  9.44424e-12   0.00058384  1.11662e-11  0.000273783 -5.33239e-12 -0.000984974 -3.49312e-11  -0.00218599 -4.33577e-11  -0.00135268  2.88781e-12   0.00211973  8.39494e-11     0.005545  1.18695e-10   0.00458589  3.68041e-11  -0.00212922 -1.31856e-10   -0.0102563 -2.55486e-10   -0.0125949 -2.06356e-10  -0.00530574  2.53964e-11   0.00861049  3.21278e-10    0.0217867  5.30132e-10    0.0281261  5.73818e-10    0.0264202  4.77074e-10    0.0196791  3.20842e-10    0.0120092  1.78208e-10   0.00608092  8.22976e-11   0.00255961  3.15251e-11  0.000890047  9.91577e-12  0.000252041  2.51267e-12  5.67096e-05  4.97018e-13  9.73499e-06  7.27885e-14  1.18816e-06  7.15934e-15  8.94244e-08  3.76693e-16   2.6878e-09
-1.89368e-13 -2.51301e-05 -9.04128e-13 -5.42586e-05 -7.05522e-13  3.50157e-05  3.31599e-12  0.000330044  9.85857e-12  0.000541027  8.41668e-12  4.36049e-05 -1.11672e-11  -0.00123992 -3.69725e-11   -0.0020063 -3.24409e-11 -0.000485679  2.41081e-11   0.00305431  9.37533e-11   0.00525889  9.38332e-11   0.00250356 -1.62327e-11  -0.00468495 -1.69319e-10   -0.0107684 -2.31112e-10  -0.00965189 -1.17635e-10 -0.000194332  1.28043e-10    0.0127333  3.72819e-10     0.022321  4.98888e-10    0.0247575  4.77074e-10     0.020866  3.59165e-10    0.0141526  2.20681e-10    0.0079042  1.12238e-10    0.0036631   4.7375e-11   0.00140621  1.65001e-11  0.000442807  4.67587e-12   0.00011225  1.05215e-12  2.21991e-05  1.80535e-13  3.24893e-06  2.20157e-14  3.19233e-07  1.65502e-15  1.67747e-08  4.96732e-17
-6.77889e-06  -3.9938e-13 -3.80316e-05 -1.11054e-12 -5.37205e-05 -3.27418e-13  7.34453e-05   4.3183e-12  0.000366545  9.62457e-12  0.000445367  4.38281e-12 -0.000235256 -1.69858e-11  -0.00141064 -3.53168e-11   -0.0015734 -1.63862e-11  0.000523359  4.37023e-11   0.00361971  9.05444e-11   0.00419267  5.46371e-11  4.84339e-05 -6.58382e-11  -0.00644054 -1.79171e-10  -0.00961541 -1.73839e-10  -0.00553458 -2.04687e-11   0.00440119  2.01577e-10    0.0147106  3.72559e-10    0.0202854  4.21552e-10    0.0196791  3.59165e-10    0.0149409  2.45239e-10   0.00922921  1.37553e-10   0.00471009   6.3922e-11    0.0019924  2.45797e-11  0.000694796  7.74692e-12   0.00019701  1.96444e-12  4.43339e-05  3.88445e-13  7.60471e-06  5.68229e-14  9.26789e-07  5.57907e-15  6.96102e-08  2.92876e-16  2.08701e-09
-8.55451e-14 -1.32101e-05 -5.76302e-13 -4.58841e-05 -1.13399e-12 -4.08168e-05  3.23095e-13  0.000120902  5.24404e-12  0.000377529  8.35494e-12  0.000282931 -7.96198e-13 -0.000520013 -2.11237e-11  -0.00139628 -2.84056e-11 -0.000889975  2.29403e-12   0.00142949  5.53252e-11   0.00354359  7.21127e-11   0.00249945  1.00695e-11  -0.00212544 -9.76133e-11  -0.00684654 -1.57387e-10  -0.00706958 -9.87711e-11  -0.00132845  6.04526e-11   0.00739787  2.31174e-10    0.0143166  3.26898e-10    0.0164667  3.20842e-10    0.0141526  2.45239e-10   0.00971491   1.5213e-10   0.00546752    7.785e-11    0.0025463  3.29873e-11  0.000980416  1.15149e-11  0.000309224  3.26659e-12  7.84325e-05   7.3515e-13  1.55077e-05  1.26073e-13  2.26771e-06  1.53573e-14  2.22524e-07   1.1527e-15  1.16728e-08  3.45313e-17
-2.11585e-06  -1.5649e-13 -1.86921e-05 -7.00217e-13 -4.83042e-05 -9.67069e-13 -1.53962e-05  1.19735e-12  0.000168501  5.73236e-12  0.000340353  5.74324e-12  6.42809e-05 -6.10079e-12 -0.000723707 -2.16025e-11  -0.00113736  -1.6843e-11 -0.000104492  1.84708e-11     0.001947  5.46649e-11   0.00279991  4.31244e-11  0.000653894 -2.72297e-11  -0.00342277 -1.03861e-10  -0.00589698 -1.12722e-10  -0.00394371  -2.7055e-11   0.00192777  1.08627e-10   0.00839357  2.18716e-10    0.0121206  2.54963e-10    0.0120092  2.20681e-10   0.00922921   1.5213e-10   0.00574458  8.58503e-11   0.00294607  4.00508e-11   0.00125004  1.54373e-11  0.000436699  4.87174e-12  0.000123932  1.23595e-12   2.7893e-05  2.44359e-13  4.78265e-06  3.57231e-14  5.82379e-07  3.50387e-15  4.36904e-08  1.83694e-16    1.308e-09
-1.45483e-14 -3.68211e-06 -2.24794e-13 -2.34655e-05 -7.64027e-13 -4.35881e-05 -5.68751e-13  2.11916e-05  2.10423e-12  0.000197276  5.32031e-12  0.000242723  2.10614e-12  -0.00015695 -9.82116e-12 -0.000762695 -1.76642e-11 -0.000686219 -3.85374e-12  0.000547249   2.7267e-11   0.00193309    4.261e-11   0.00165904  1.29848e-11 -0.000803761 -4.79352e-11  -0.00363026 -8.74275e-11  -0.00410154 -6.13445e-11  -0.00114614  2.46717e-11   0.00369975  1.21478e-10   0.00770446  1.78487e-10   0.00908032  1.78208e-10    0.0079042  1.37553e-10   0.00546752  8.58503e-11   0.00309214  4.41041e-11   0.00144454  1.87341e-11  0.000557259  6.54896e-12  0.000175943  1.85913e-12  4.46445e-05  4.18457e-13  8.82634e-06  7.17414e-14  1.29007e-06  8.73346e-15  1.26492e-07  6.54931e-16  6.62853e-09  1.95975e-17
 6.95724e-08 -2.48189e-14 -5.73857e-06 -3.01629e-13 -2.67419e-05 -7.14256e-13  -2.9025e-05  3.32928e-14  5.92476e-05  2.67014e-12  0.000187323  3.85375e-12  0.000104184 -1.48569e-12 -0.000306806 -1.06358e-11 -0.000621634 -1.06621e-11 -0.000195383  6.41908e-12  0.000881922  2.70768e-11   0.00147911  2.48035e-11  0.000532157 -9.44442e-12  -0.00155473 -5.04526e-11  -0.00297679  -5.8883e-11  -0.00216686 -1.82249e-11  0.000736196  5.03965e-11   0.00406169  1.07941e-10   0.00605295  1.28352e-10   0.00608092  1.12238e-10   0.00471009    7.785e-11   0.00294607  4.41041e-11   0.00151559  2.06267e-11  0.000644344  7.96259e-12  0.000225362  2.51498e-12  6.39927e-05  6.38257e-13  1.44045e-05  1.26183e-13  2.46932e-06  1.84402e-14   3.0054e-07   1.8076e-15  2.25309e-08  9.46904e-17  6.73938e-10
 8.18637e-15  5.01757e-08 -5.14595e-14 -8.67745e-06 -3.62357e-13 -2.56167e-05  -4.9977e-13 -6.41143e-06  6.47915e-13  8.27035e-05  2.58012e-12  0.000135998  1.76716e-12 -2.80433e-05 -3.81161e-12 -0.000340247 -8.58726e-12 -0.000371157 -3.34252e-12  0.000172977  1.13672e-11  0.000871561  2.02438e-11  0.000840295  8.15284e-12 -0.000256623 -2.01371e-11  -0.00161601 -4.01657e-11  -0.00193588 -3.00733e-11 -0.000643478  8.85237e-12   0.00159031  5.40815e-11   0.00348537  8.15174e-11   0.00417386  8.22976e-11    0.0036631   6.3922e-11    0.0025463  4.00508e-11   0.00144454  2.06267e-11   0.00067618  8.77542e-12   0.00026117  3.07052e-12  8.25154e-05  8.72072e-13  2.09436e-05   1.9631e-13  4.14049e-06  3.36507e-14  6.05017e-07  4.09498e-15  5.92954e-08  3.06921e-16  3.10534e-09  9.17784e-18
 4.61442e-07  1.09724e-14 -8.20505e-07 -9.66565e-14 -1.11068e-05 -3.53002e-13 -1.82502e-05 -1.65194e-13  1.58979e-05  1.01323e-12  8.08976e-05  1.85933e-12  6.39477e-05 -1.41767e-13 -0.000109263  -4.3102e-12 -0.000270557 -5.02879e-12 -0.000121313  1.84929e-12  0.000338365  1.11199e-11  0.000633873  1.11623e-11  0.000276537 -2.78858e-12  -0.00060329 -2.05631e-11  -0.00124475 -2.51488e-11  -0.00095221 -8.79174e-12  0.000249059  2.00283e-11   0.00166072   4.4701e-11   0.00252563  5.38281e-11   0.00255961   4.7375e-11    0.0019924  3.29873e-11   0.00125004  1.87341e-11  0.000644344  8.77542e-12   0.00027428  3.39091e-12  9.60023e-05   1.0716e-12  2.72707e-05  2.72017e-13  6.13915e-06   5.3777e-14   1.0523e-06  7.85737e-15   1.2804e-07  7.69957e-16  9.59507e-09  4.03153e-17  2.86858e-10
 7.96487e-15  6.02639e-07 -1.21493e-15 -2.41798e-06  -1.3342e-13 -1.09337e-05 -2.51555e-13 -6.94965e-06   1.5004e-13  2.84911e-05  9.97743e-13  5.74078e-05   8.7593e-13  1.21028e-06 -1.24676e-12 -0.000125321  -3.3565e-12 -0.000154317 -1.66225e-12  4.55466e-05  4.00852e-12   0.00032578  7.83234e-12  0.000337548  3.62034e-12 -7.04799e-05 -7.20134e-12 -0.000601913 -1.52696e-11 -0.000748098 -1.18699e-11 -0.000270926  2.83041e-12  0.000582623  2.02577e-11   0.00131846  3.10163e-11   0.00159432  3.15251e-11   0.00140621  2.45797e-11  0.000980416  1.54373e-11  0.000557259  7.96259e-12   0.00026117  3.39091e-12  0.000100952  1.18718e-12  3.19093e-05  3.37278e-13  8.10062e-06  7.59311e-14  1.60148e-06  1.30149e-14   2.3398e-07  1.58348e-15  2.29257e-08  1.18648e-16  1.20023e-09  3.54658e-18
 2.81309e-07  9.94225e-15  1.91857e-07 -2.33999e-14 -3.64936e-06 -1.31904e-13 -7.69923e-06 -1.01378e-13  3.12493e-06  3.17143e-13  2.80725e-05  6.92301e-13  2.66826e-05  6.60128e-14 -3.28107e-05 -1.44118e-12 -9.50329e-05 -1.85304e-12 -5.05749e-05  4.46799e-13  0.000109395  3.77539e-12  0.000221228  4.00901e-12  0.000106623 -7.17301e-13 -0.000198179  -6.9794e-12 -0.000429259 -8.78033e-12 -0.000337565  -3.2563e-12  7.53028e-05  6.73856e-12  0.000567995  1.53998e-11  0.000873842  1.86781e-11  0.000890047  1.65001e-11  0.000694796  1.15149e-11  0.000436699  6.54896e-12  0.000225362  3.07052e-12  9.60023e-05  1.18718e-12  3.36176e-05  3.75302e-13  9.55182e-06  9.52824e-14  2.15048e-06  1.88374e-14  3.68596e-07   2.7521e-15  4.48437e-08  2.69637e-16   3.3598e-09   1.4115e-17  1.00419e-10
 3.67318e-15  3.33454e-07  4.35487e-15 -5.06198e-07 -3.92282e-14 -3.59999e-06  -9.0905e-14 -3.15276e-06  2.43373e-14  8.09365e-06  3.10573e-13  1.89182e-05  3.13826e-13   2.8845e-06 -3.43059e-13 -3.79374e-05 -1.05803e-12 -5.04845e-05 -5.93508e-13  1.01516e-05   1.1837e-12  0.000100136  2.46008e-12  0.000108326  1.22132e-12 -1.71024e-05  -2.1635e-12 -0.000185441 -4.76067e-12  -0.00023532 -3.77289e-12 -8.85526e-05  8.07636e-13  0.000179174  6.29939e-12  0.000412027  9.72156e-12  0.000500727  9.91577e-12  0.000442807  7.74692e-12  0.000309224  4.87174e-12  0.000175943  2.51498e-12  8.25154e-05   1.0716e-12  3.19093e-05  3.75302e-13  1.00886e-05  1.06644e-13  2.56146e-06  2.40105e-14  5.06413e-07  4.11546e-15  7.39846e-08  5.00676e-16  7.24838e-09  3.75101e-17  3.79418e-10  1.12105e-18
