    0.160262 -7.35404e-17   -0.0424158  8.49109e-17   -0.0341072 -3.69387e-17  -0.00430217  9.32416e-18   0.00419548  1.22996e-18   0.00220491 -2.45141e-18  0.000283859 -7.34898e-20 -0.000109257  3.15171e-19 -4.97731e-05  7.80659e-20 -7.41187e-06  2.22539e-21 -3.18721e-07
-7.35404e-17     0.145375 -3.20747e-17  -0.00503297  6.91802e-18   -0.0342045 -1.93376e-17   -0.0100671  1.22721e-17   0.00351349 -3.11268e-18    0.0032087 -4.40667e-18  0.000785256 -2.80857e-19 -1.77056e-05  4.34648e-19 -4.58085e-05  1.05942e-19  -7.4617e-06  2.56675e-21
  -0.0424158 -3.20747e-17    0.0879305  2.59283e-17    0.0074175 -2.80633e-17   -0.0289266  2.06052e-18    -0.013079   1.2311e-17   0.00186067  -7.8284e-18    0.0034542 -6.51446e-18   0.00120816 -8.62474e-19  0.000142947  3.33705e-19 -1.12448e-05  6.46814e-20  -2.5859e-06
 8.49109e-17  -0.00503297  2.59283e-17    0.0616949  3.14618e-17    0.0101388 -1.73686e-17   -0.0247499  2.61181e-17   -0.0148592  1.40814e-17 -0.000165618 -1.00911e-17   0.00302374  -7.9827e-18   0.00136019 -1.45499e-18  0.000253019  8.63591e-20  1.61243e-05  2.90928e-21
  -0.0341072  6.91802e-18    0.0074175  3.14618e-17    0.0503899 -1.49911e-20      0.01143  2.22575e-18   -0.0214649  4.62457e-17   -0.0160604  1.87377e-17  -0.00240909 -8.96717e-18   0.00198287  -7.8497e-18   0.00113919 -1.57896e-18  0.000235313 -1.20297e-19  1.53551e-05
-3.69387e-17   -0.0342045 -2.80633e-17    0.0101388 -1.49911e-20    0.0440248 -3.74095e-17    0.0125219  1.43363e-17   -0.0185917  5.82282e-17   -0.0168083  2.46429e-17   -0.0046705 -5.21287e-18  0.000537617 -5.76593e-18   0.00062934  -1.1681e-18  0.000124049 -1.55423e-19
 -0.00430217 -1.93376e-17   -0.0289266 -1.73686e-17      0.01143 -3.74095e-17     0.040222 -6.50373e-17    0.0137894   1.7271e-17    -0.015716  6.24084e-17   -0.0168975  2.93115e-17  -0.00650715 -8.14059e-20 -0.000845316 -2.52549e-18  0.000113681 -5.96864e-19  2.67619e-05
 9.32416e-18   -0.0100671  2.06052e-18   -0.0247499  2.22575e-18    0.0125219 -6.50373e-17    0.0381212 -8.08587e-17    0.0155333  1.40414e-17   -0.0123175  6.02597e-17   -0.0157863  3.09832e-17  -0.00721667  5.05207e-18  -0.00157893  2.29416e-19 -0.000135244   -2.248e-19
  0.00419548  1.22721e-17    -0.013079  2.61181e-17   -0.0214649  1.43363e-17    0.0137894 -8.08587e-17    0.0373935 -8.81408e-17    0.0181438  8.07008e-18  -0.00771761  5.28792e-17   -0.0127948  2.97227e-17  -0.00624358  8.54023e-18  -0.00141317  1.24722e-18 -0.000109402
 1.22996e-18   0.00351349   1.2311e-17   -0.0148592  4.62457e-17   -0.0185917   1.7271e-17    0.0155333 -8.81408e-17    0.0380766 -8.91731e-17    0.0221174  1.99804e-18  -0.00137908  4.25497e-17  -0.00779611  2.68315e-17   -0.0038736  8.93567e-18 -0.000732494   7.6427e-19
  0.00220491 -3.11268e-18   0.00186067  1.40814e-17   -0.0160604  5.82282e-17    -0.015716  1.40414e-17    0.0181438 -8.91731e-17    0.0404228 -8.34394e-17    0.0276585 -1.71946e-18   0.00624811  3.32378e-17  -0.00201511   2.2868e-17  -0.00136022  6.25721e-18 -0.000178166
-2.45141e-18    0.0032087  -7.8284e-18 -0.000165618  1.87377e-17   -0.0168083  6.24084e-17   -0.0123175  8.07008e-18    0.0221174 -8.34394e-17    0.0444031  -6.9766e-17    0.0337458 -6.02573e-19    0.0130044  2.73924e-17   0.00227569   1.7108e-17  6.76797e-05  2.55613e-18
 0.000283859 -4.40667e-18    0.0034542 -1.00911e-17  -0.00240909  2.46429e-17   -0.0168975  6.02597e-17  -0.00771761  1.99804e-18    0.0276585  -6.9766e-17    0.0487222 -4.89139e-17    0.0375309  5.72952e-18    0.0159012  2.31076e-17   0.00355323  9.79264e-18  0.000286818
-7.34898e-20  0.000785256 -6.51446e-18   0.00302374 -8.96717e-18   -0.0046705  2.93115e-17   -0.0157863  5.28792e-17  -0.00137908 -1.71946e-18    0.0337458 -4.89139e-17    0.0502616 -2.44694e-17    0.0356904  1.32954e-17    0.0136951  1.69175e-17   0.00245615  3.44962e-18
-0.000109257 -2.80857e-19   0.00120816  -7.9827e-18   0.00198287 -5.21287e-18  -0.00650715  3.09832e-17   -0.0127948  4.25497e-17   0.00624811 -6.02573e-19    0.0375309 -2.44694e-17    0.0456056 -2.56257e-18     0.027529  1.61042e-17   0.00840539  8.99371e-18  0.000897436
 3.15171e-19 -1.77056e-05 -8.62474e-19   0.00136019  -7.8497e-18  0.000537617 -8.14059e-20  -0.00721667  2.97227e-17  -0.00779611  3.32378e-17    0.0130044  5.72952e-18    0.0356904 -2.56257e-18    0.0343234  1.03245e-17    0.0164281  1.22622e-17   0.00350242  2.81154e-18
-4.97731e-05  4.34648e-19  0.000142947 -1.45499e-18   0.00113919 -5.76593e-18 -0.000845316  5.05207e-18  -0.00624358  2.68315e-17  -0.00201511  2.73924e-17    0.0159012  1.32954e-17     0.027529  1.03245e-17    0.0203598  1.21018e-17   0.00718858  5.82555e-18  0.000855835
 7.80659e-20 -4.58085e-05  3.33705e-19  0.000253019 -1.57896e-18   0.00062934 -2.52549e-18  -0.00157893  8.54023e-18   -0.0038736   2.2868e-17   0.00227569  2.31076e-17    0.0136951  1.61042e-17    0.0164281  1.21018e-17   0.00903163  7.33147e-18   0.00212648  1.50012e-18
-7.41187e-06  1.05942e-19 -1.12448e-05  8.63591e-20  0.000235313  -1.1681e-18  0.000113681  2.29416e-19  -0.00141317  8.93567e-18  -0.00136022   1.7108e-17   0.00355323  1.69175e-17   0.00840539  1.22622e-17   0.00718858  7.33147e-18   0.00279565  2.54832e-18  0.000356901
 2.22539e-21  -7.4617e-06  6.46814e-20  1.61243e-05 -1.20297e-19  0.000124049 -5.96864e-19 -0.000135244  1.24722e-18 -0.000732494  6.25721e-18  6.76797e-05  9.79264e-18   0.00245615  8.99371e-18   0.00350242  5.82555e-18   0.00212648  2.54832e-18  0.000536316  4.34588e-19
-3.18721e-07  2.56675e-21  -2.5859e-06  2.90928e-21  1.53551e-05 -1.55423e-19  2.67619e-05   -2.248e-19 -0.000109402   7.6427e-19 -0.000178166  2.55613e-18  0.000286818  3.44962e-18  0.000897436  2.81154e-18  0.000855835  1.50012e-18  0.000356901  4.34588e-19  4.78877e-05
