 0.000621495  -6.0562e-19  -0.00265771  3.94763e-18   0.00327248 -7.29008e-18  -0.00108981  7.53999e-18 -0.000659003 -5.09827e-18  0.000388324  1.87202e-18  0.000114887  4.73279e-21 -6.72702e-05 -1.96777e-19 -1.40249e-05  1.06233e-20  4.35229e-06  8.60575e-21  4.04137e-07
 -6.0562e-19   0.00410153 -2.33676e-18  -0.00922872  9.96059e-18   0.00727327 -1.45303e-17 -0.000392613  1.38801e-17  -0.00211532  -9.2651e-18  0.000420554  2.83396e-18  0.000409026  4.82449e-19 -7.95969e-05 -3.85104e-19 -4.19884e-05 -1.07325e-20  3.75721e-06  9.34183e-21
 -0.00265771 -2.33676e-18    0.0125989  -4.6262e-18   -0.0181945  1.35066e-17   0.00894722  -1.6415e-17   0.00256776  1.72148e-17  -0.00342858 -1.23457e-17 -0.000121952  2.86558e-18   0.00070741  1.23651e-18 -1.49294e-05 -4.76197e-19 -6.20231e-05 -3.47708e-20  3.99155e-07
 3.94763e-18  -0.00922872  -4.6262e-18    0.0241577 -5.13753e-18   -0.0245007  8.19724e-18   0.00638888 -9.90414e-18   0.00635492  1.81158e-17  -0.00369487 -1.45188e-17  -0.00101401  2.14306e-18  0.000837036  1.87901e-18  8.90898e-05 -3.99887e-19 -5.94713e-05 -3.75014e-20
  0.00327248  9.96059e-18   -0.0181945 -5.13753e-18    0.0330148  -1.0784e-18    -0.024915 -8.48837e-18   0.00119118  1.88143e-18    0.0091266  1.89506e-17  -0.00292161 -1.58851e-17  -0.00185237  1.01411e-18  0.000771731  2.07517e-18  0.000173727 -1.96773e-19 -3.69696e-05
-7.29008e-18   0.00727327  1.35066e-17   -0.0245007  -1.0784e-18    0.0353508  8.59078e-18   -0.0208873 -3.21022e-17  -0.00385043  1.25311e-17    0.0103005  2.08792e-17  -0.00166892 -1.60494e-17  -0.00241281 -2.06723e-19  0.000584316  1.76024e-18   0.00020128 -1.02114e-20
 -0.00108981 -1.45303e-17   0.00894722  8.19724e-18    -0.024915  8.59078e-18    0.0325011  2.16576e-17   -0.0158816 -5.38916e-17  -0.00734091  1.77115e-17     0.010353  2.31353e-17 -0.000409227 -1.45632e-17  -0.00267324 -1.28884e-18  0.000357799   1.1513e-18  0.000158332
 7.53999e-18 -0.000392613  -1.6415e-17   0.00638888 -8.48837e-18   -0.0208873  2.16576e-17    0.0281643  3.37725e-17   -0.0120116 -6.73585e-17   -0.0094217  1.73726e-17   0.00991659  2.42688e-17  0.000662653 -1.14039e-17  -0.00268816 -2.03731e-18  0.000151324  5.54798e-19
-0.000659003  1.38801e-17   0.00256776 -9.90414e-18   0.00119118 -3.21022e-17   -0.0158816  3.37725e-17    0.0247455  4.16458e-17  -0.00955415 -7.17666e-17   -0.0107109  1.36934e-17   0.00936107  2.32924e-17   0.00151895 -7.26002e-18  -0.00250369 -2.28678e-18  6.15444e-06
-5.09827e-18  -0.00211532  1.72148e-17   0.00635492  1.88143e-18  -0.00385043 -5.38916e-17   -0.0120116  4.16458e-17    0.0227191  4.48934e-17  -0.00805996 -6.95162e-17   -0.0116745  8.52022e-18   0.00882956  2.03128e-17   0.00217874 -3.47116e-18  -0.00212848  -1.9535e-18
 0.000388324  -9.2651e-18  -0.00342858  1.81158e-17    0.0091266  1.25311e-17  -0.00734091 -6.73585e-17  -0.00955415  4.48934e-17    0.0217467  4.46742e-17  -0.00712429 -6.21551e-17    -0.012567  2.87583e-18   0.00835753  1.69649e-17   0.00264995 -1.29419e-18  -0.00151114
 1.87202e-18  0.000420554 -1.23457e-17  -0.00369487  1.89506e-17    0.0103005  1.77115e-17   -0.0094217 -7.17666e-17  -0.00805996  4.46742e-17    0.0214981  4.15075e-17  -0.00653013 -5.06451e-17   -0.0135368 -2.43746e-18   0.00793453  1.57885e-17   0.00289193 -6.85939e-19
 0.000114887  2.83396e-18 -0.000121952 -1.45188e-17  -0.00292161  2.08792e-17     0.010353  1.73726e-17   -0.0107109 -6.95162e-17  -0.00712429  4.15075e-17    0.0218326  3.56282e-17  -0.00617767 -3.89182e-17   -0.0147039 -6.72128e-18   0.00751248  1.77784e-17   0.00276895
 4.73279e-21  0.000409026  2.86558e-18  -0.00101401 -1.58851e-17  -0.00166892  2.31353e-17   0.00991659  1.36934e-17   -0.0116745 -6.21551e-17  -0.00653013  3.56282e-17    0.0227554  2.95358e-17  -0.00602538  -3.4714e-17   -0.0162068 -9.91162e-18   0.00699346  1.95389e-17
-6.72702e-05  4.82449e-19   0.00070741  2.14306e-18  -0.00185237 -1.60494e-17 -0.000409227  2.42688e-17   0.00936107  8.52022e-18    -0.012567 -5.06451e-17  -0.00617767  2.95358e-17    0.0243923  2.88012e-17   -0.0060703 -4.42996e-17   -0.0182684 -1.28482e-17   0.00584358
-1.96777e-19 -7.95969e-05  1.23651e-18  0.000837036  1.01411e-18  -0.00241281 -1.45632e-17  0.000662653  2.32924e-17   0.00882956  2.87583e-18   -0.0135368 -3.89182e-17  -0.00602538  2.88012e-17    0.0270349   3.8541e-17  -0.00632677  -6.5668e-17   -0.0210868 -1.89895e-17
-1.40249e-05 -3.85104e-19 -1.49294e-05  1.87901e-18  0.000771731 -2.06723e-19  -0.00267324 -1.14039e-17   0.00151895  2.03128e-17   0.00835753 -2.43746e-18   -0.0147039  -3.4714e-17   -0.0060703   3.8541e-17    0.0312867  5.89774e-17  -0.00681079  -9.2201e-17   -0.0277234
 1.06233e-20 -4.19884e-05 -4.76197e-19  8.90898e-05  2.07517e-18  0.000584316 -1.28884e-18  -0.00268816 -7.26002e-18   0.00217874  1.69649e-17   0.00793453 -6.72128e-18   -0.0162068 -4.42996e-17  -0.00632677  5.89774e-17    0.0385726  8.71864e-17  -0.00950894 -1.17629e-16
 4.35229e-06 -1.07325e-20 -6.20231e-05 -3.99887e-19  0.000173727  1.76024e-18  0.000357799 -2.03731e-18  -0.00250369 -3.47116e-18   0.00264995  1.57885e-17   0.00751248 -9.91162e-18   -0.0182684  -6.5668e-17  -0.00681079  8.71864e-17    0.0531543  1.27359e-16   0.00725929
 8.60575e-21  3.75721e-06 -3.47708e-20 -5.94713e-05 -1.96773e-19   0.00020128   1.1513e-18  0.000151324 -2.28678e-18  -0.00212848 -1.29419e-18   0.00289193  1.77784e-17   0.00699346 -1.28482e-17   -0.0210868  -9.2201e-17  -0.00950894  1.27359e-16     0.077458  3.58638e-16
 4.04137e-07  9.34183e-21  3.99155e-07 -3.75014e-20 -3.69696e-05 -1.02114e-20  0.000158332  5.54798e-19  6.15444e-06  -1.9535e-18  -0.00151114 -6.85939e-19   0.00276895  1.95389e-17   0.00584358 -1.89895e-17   -0.0277234 -1.17629e-16   0.00725929  3.58638e-16     0.442293
