 4.14015e-05  1.27322e-19 -0.000257864 -1.56913e-18    0.0004679  5.00528e-18 -0.000282881 -7.02681e-18 -5.20831e-05  2.81115e-18  6.65236e-05  5.26232e-18   3.0596e-05 -8.71974e-18 -4.71522e-06  5.66344e-18 -9.78479e-06 -1.87266e-18 -4.21291e-06  5.37076e-20 -2.27413e-07  7.03555e-19  8.05809e-07 -5.36136e-19  5.80067e-07 -2.45276e-20  2.25182e-07  1.48365e-19  3.98786e-08 -3.31793e-20 -1.49064e-08  5.06193e-21 -1.75901e-08 -7.41658e-21 -9.71836e-09 -1.78743e-21 -3.89481e-09  2.19532e-21  -1.1932e-09  5.25301e-22 -2.50895e-10 -1.91125e-22 -7.62861e-12 -1.25543e-22  2.59372e-11  4.54849e-23  1.71064e-11 -9.42611e-24  7.65547e-12 -2.28983e-23  2.83618e-12 -1.09045e-24  9.24453e-13  4.29657e-24  2.72433e-13  1.58304e-24  7.36553e-14  1.85955e-25  1.84278e-14  -1.0611e-25  4.28968e-15 -1.22005e-25  9.32348e-16 -5.32116e-26  1.89653e-16  4.01217e-29  3.61684e-17  1.11131e-26  6.47749e-18  5.35557e-27  1.09178e-18  1.06893e-27    1.738e-19 -3.41711e-30  2.62879e-20 -6.67592e-29  3.81485e-21 -3.67579e-29  5.38657e-22 -1.94472e-29  7.52523e-23  -7.6465e-30  1.05495e-23 -1.65729e-30  1.49053e-24  4.56637e-32  2.10385e-25  1.71506e-31  2.91294e-26  6.40716e-32   3.8761e-27  1.17283e-32  4.86994e-28  1.48508e-34  5.70001e-29 -5.74947e-34  6.15386e-30 -1.83439e-34  6.08149e-31  -3.4245e-35  5.46496e-32 -6.56081e-36  4.43663e-33 -2.22884e-36  3.23108e-34 -8.22842e-37  2.09446e-35 -2.32552e-37  1.19895e-36 -4.92295e-38  6.03277e-38  -8.0532e-39  2.69194e-39 -1.05156e-39  1.11223e-40 -1.12942e-40  4.57882e-42 -1.01566e-41   1.8428e-43 -7.49421e-43  5.65763e-45 -4.16902e-44   6.8589e-47 -1.46561e-45 -1.35961e-48 -2.04461e-47
 1.27322e-19   0.00040752  9.95553e-19  -0.00139426 -8.36855e-18   0.00175265  2.10742e-17  -0.00058908 -2.44206e-17 -0.000380495  6.40066e-18  0.000103704  1.83075e-17  0.000130572 -2.39213e-17  2.73784e-05  1.27612e-17 -1.93773e-05 -3.90162e-18 -1.76438e-05  2.68402e-19  -6.1254e-06  1.86246e-18  1.15114e-07 -1.34492e-18  1.43115e-06 -1.67228e-19  9.58975e-07  3.22965e-19  3.80951e-07 -1.65833e-20  8.43957e-08  8.65807e-21 -9.62975e-09 -2.32545e-20   -2.121e-08 -6.06205e-21 -1.31966e-08   5.2581e-21 -5.84639e-09  1.91588e-21  -2.0753e-09 -3.59617e-22 -5.99145e-10 -1.67108e-22 -1.31698e-10  1.08075e-22  -1.4556e-11  -6.5793e-23  4.92613e-12 -7.56921e-23  4.28039e-12 -7.20003e-24  1.98087e-12  1.12149e-23  7.29707e-13  5.63466e-24  2.34196e-13  1.25717e-24  6.79063e-14 -2.82868e-25  1.81237e-14 -4.81719e-25  4.50183e-15 -2.10716e-25  1.04822e-15 -6.07684e-27   2.2992e-16  3.60541e-26  4.76729e-17  1.85244e-26  9.36698e-18  4.71044e-27  1.74692e-18  6.20979e-28  3.09529e-19 -6.53175e-29  5.21202e-20  -1.2246e-28  8.33757e-21 -7.79101e-29  1.26586e-21 -3.02032e-29  1.82126e-22 -6.50642e-30  2.47786e-23 -3.43457e-32  3.17949e-24  5.15007e-31  3.83574e-25   1.9308e-31  4.33506e-26  3.38725e-32  4.57135e-27 -2.17993e-35  4.47769e-28 -1.75753e-33  4.05388e-29  -5.5262e-34  3.37365e-30  -1.1796e-34  2.56477e-31 -2.96302e-35  1.76856e-32 -1.00232e-35  1.09702e-33  -3.1602e-36  6.06291e-35 -7.81324e-37  2.95654e-36 -1.49352e-37  1.26606e-37 -2.24925e-38  4.84838e-39 -2.72899e-39  1.79174e-40 -2.71623e-40  7.07382e-42 -2.21707e-41  2.73903e-43 -1.42123e-42  7.36707e-45 -6.38663e-44   6.3143e-47 -1.55816e-45 -9.55741e-49
-0.000257864  9.95553e-19   0.00193956  4.31954e-18  -0.00444775 -2.71391e-17   0.00395748  5.62874e-17 -0.000364017 -5.55825e-17  -0.00106258  8.71057e-18 -9.04312e-05  4.05183e-17   0.00025963 -4.24267e-17  0.000138211  1.81902e-17  3.95168e-06 -6.11765e-18 -3.27277e-05  1.19165e-18 -2.13846e-05  3.50158e-18 -6.35282e-06 -2.31513e-18  4.92489e-07  -5.0872e-19  1.71012e-06  4.60572e-19  1.10924e-06  7.63002e-20  4.58339e-07  1.96275e-20  1.23234e-07  -4.8981e-20  8.25606e-09  -1.4838e-20 -1.41203e-08    8.538e-21 -1.09656e-08  4.05747e-21 -5.41457e-09 -1.06295e-22 -2.13668e-09  1.57986e-22 -7.15988e-10  2.28152e-22 -2.07141e-10 -2.01562e-22 -5.11609e-11 -1.82253e-22 -1.01845e-11 -2.77529e-23 -1.27585e-12  2.03091e-23  1.18773e-13  1.40028e-23  1.53145e-13  4.02908e-24  6.77756e-14 -6.55039e-25  2.28382e-14 -1.33665e-24  6.61713e-15 -5.84258e-25   1.7215e-15 -3.80805e-26  4.10447e-16  7.91777e-26  9.06891e-17  4.51519e-26  1.86904e-17  1.40687e-26  3.60671e-18  3.02938e-27  6.53086e-19  2.39227e-28  1.11075e-19 -2.72665e-28  1.77452e-20 -2.06516e-28   2.6613e-21 -7.98645e-29  3.74209e-22 -1.71935e-29  4.92455e-23 -5.01429e-31  6.05135e-24  1.05169e-30  6.92392e-25  3.92171e-31  7.35221e-26  6.34216e-32  7.21703e-27 -2.14409e-33  6.51933e-28 -4.01099e-33  5.39085e-29  -1.2521e-33  4.05538e-30 -3.09478e-34    2.755e-31 -8.98499e-35  1.67503e-32 -2.87379e-35   9.0136e-34 -7.98998e-36  4.23621e-35 -1.76358e-36  1.71962e-36 -3.06529e-37  6.12989e-38 -4.24628e-38  2.19012e-39 -4.75385e-39  1.01741e-40 -4.32678e-40  5.64579e-42 -3.14235e-41  2.46993e-43   -1.701e-42  5.88069e-45 -5.85495e-44  3.18156e-47 -8.11036e-46
-1.56913e-18  -0.00139426  4.31954e-18   0.00595754  1.26672e-17  -0.00998293 -6.27641e-17   0.00616393   1.1138e-16   0.00109494 -9.72123e-17  -0.00175841   7.6025e-18 -0.000701835  6.72759e-17  0.000246631 -5.56936e-17  0.000309044   1.8048e-17  0.000100052 -9.05159e-18 -2.09523e-05  3.22128e-18 -3.85275e-05  5.50108e-18  -2.0817e-05 -3.13238e-18 -5.58397e-06  -1.0715e-18  5.97027e-07  4.82892e-19  1.58681e-06  2.40387e-19  1.02629e-06   4.6362e-20  4.44952e-07 -8.09849e-20  1.39643e-07 -2.92301e-20   2.6275e-08  9.77669e-21 -2.88436e-09  6.09762e-21 -5.62709e-09  1.13656e-21  -3.3344e-09  1.28359e-21  -1.4615e-09  5.09625e-22 -5.38974e-10 -4.14356e-22    -1.75e-10 -3.57619e-22 -5.10626e-11 -7.31007e-23  -1.3516e-11  3.06457e-23 -3.25367e-12  2.86034e-23 -7.09683e-13  9.14195e-24 -1.38532e-13  -1.5582e-24 -2.34953e-14 -3.04368e-24 -3.19987e-15 -1.33114e-24 -2.49294e-16 -1.42526e-25  3.38395e-17   1.3397e-25  2.18319e-17  8.94598e-26  6.57807e-18  3.31312e-26  1.54566e-18  8.90137e-27  3.12306e-19  1.22599e-27  5.61986e-20 -4.74393e-28  9.14505e-21 -4.28082e-28  1.35468e-21 -1.65508e-28     1.83e-22 -3.55722e-29  2.25047e-23 -1.68666e-30   2.5067e-24  1.66558e-30  2.50531e-25  6.10009e-31  2.20994e-26  8.45217e-32  1.66726e-27 -9.49217e-33  9.99941e-29  -7.9556e-33  3.64216e-30  -2.4916e-33 -1.09493e-31 -6.92649e-34 -3.62309e-32 -2.10872e-34 -4.15718e-33 -6.24014e-35 -3.43104e-34 -1.55344e-35 -2.25725e-35 -3.09347e-36 -1.19931e-36 -4.90367e-37 -4.86178e-38 -6.23089e-38 -1.11534e-39 -6.38305e-39  2.67506e-41 -5.23485e-40  4.10599e-42 -3.30714e-41  1.86321e-43  -1.4563e-42   3.5109e-45 -3.50414e-44  9.55409e-48
   0.0004679 -8.36855e-18  -0.00444775  1.26672e-17    0.0133133   2.7241e-17   -0.0170746 -1.10425e-16   0.00671254  1.74954e-16   0.00387484 -1.41073e-16  -0.00177881  2.83003e-18  -0.00163079  9.06947e-17 -0.000106789 -5.58381e-17  0.000418819   1.1083e-17  0.000264398 -1.35164e-17  4.99609e-05  6.09978e-18 -3.54503e-05  7.70223e-18 -3.66605e-05  -3.4989e-18 -1.76183e-05 -1.78265e-18 -4.54102e-06  3.69014e-19  4.00601e-07  4.37934e-19  1.19154e-06  9.04126e-20  7.90583e-07 -1.13008e-19  3.61027e-07 -4.96858e-20  1.27455e-07  5.33274e-21  3.41211e-08  6.52048e-21  5.36424e-09  3.73627e-21 -8.50504e-10   3.5953e-21 -1.17761e-09  1.11773e-21 -6.34788e-10 -6.46012e-22 -2.60851e-10 -5.94266e-22 -9.17314e-11 -1.43921e-22  -2.8829e-11  4.55597e-23 -8.27394e-12  5.21396e-23 -2.19616e-12  1.68925e-23 -5.43598e-13 -3.56422e-24 -1.26217e-13 -6.03469e-24 -2.76146e-14 -2.65688e-24 -5.71396e-15 -4.00295e-25  -1.1217e-15  1.80105e-25 -2.09481e-16  1.52775e-25 -3.73043e-17  6.56091e-26 -6.34653e-18  1.98716e-26 -1.03279e-18  3.26083e-27 -1.60824e-19 -6.96699e-28 -2.39493e-20 -7.47036e-28 -3.40476e-21 -2.87899e-28 -4.60811e-22 -6.16322e-29 -5.91533e-23 -3.88758e-30 -7.16984e-24   2.1031e-30 -8.16451e-25  7.43839e-31 -8.68728e-26  7.16574e-32 -8.58774e-27 -2.65222e-32 -7.83942e-28 -1.44728e-32 -6.56585e-29 -4.56456e-33 -5.01018e-30  -1.3542e-33 -3.45616e-31 -4.06245e-34 -2.13629e-32 -1.10226e-34 -1.17053e-33 -2.47684e-35 -5.59961e-35 -4.47346e-36 -2.27222e-36 -6.46886e-37 -7.23465e-38 -7.50511e-38 -1.29342e-39 -6.96486e-39  3.09951e-41 -5.05995e-40  3.53043e-42 -2.70447e-41  1.22909e-43 -9.17214e-43  1.55086e-45  -1.2596e-44
 5.00528e-18   0.00175265 -2.71391e-17  -0.00998293   2.7241e-17    0.0231718  4.44638e-17   -0.0233377 -1.51862e-16   0.00436752  2.27793e-16   0.00709598 -1.78767e-16 -0.000583533 -5.00155e-18  -0.00243695  1.04916e-16 -0.000838452 -4.04802e-17  0.000303404 -7.11176e-19  0.000419587 -1.96311e-17  0.000182326  8.95151e-18  1.16306e-05   9.8702e-18 -3.79006e-05 -3.29896e-18 -3.01637e-05 -2.49551e-18 -1.35544e-05  1.69677e-19  -3.5858e-06  6.28969e-19  6.26463e-08  1.48049e-19  7.16251e-07 -1.38263e-19  5.07549e-07  -7.6936e-20  2.45084e-07 -9.26736e-21  9.44727e-08   3.3305e-21  3.01491e-08  7.45129e-21  7.81851e-09  7.17303e-21  1.45813e-09  2.18948e-21  6.02376e-11 -8.04919e-22 -1.06704e-10 -8.54274e-22 -6.59529e-11 -2.19776e-22 -2.72631e-11  7.77214e-23 -9.35194e-12  8.92429e-23 -2.83666e-12   2.7556e-23 -7.82483e-13 -7.25213e-24 -1.99266e-13  -1.0715e-23 -4.72709e-14 -4.78791e-24 -1.05061e-14 -9.17286e-25 -2.19584e-15   1.8623e-25 -4.32604e-16   2.3238e-25 -8.04461e-17  1.13247e-25 -1.41281e-17  3.66775e-26 -2.34304e-18  6.45738e-27 -3.66671e-19 -9.22975e-28 -5.40795e-20  -1.1469e-27 -7.50386e-21 -4.37827e-28 -9.77389e-22 -9.32883e-29 -1.19184e-22 -7.37428e-30 -1.35639e-23  2.00813e-30 -1.43552e-24  6.66278e-31 -1.40709e-25 -2.03053e-33  -1.2715e-26 -5.75823e-32 -1.05368e-27 -2.45242e-32 -7.95913e-29 -7.73522e-33  -5.4417e-30 -2.32686e-33 -3.33979e-31 -6.63957e-34 -1.82165e-32 -1.64587e-34 -8.71478e-34 -3.35263e-35 -3.57885e-35 -5.50338e-36 -1.19771e-36  -7.2463e-37 -2.67418e-38 -7.62733e-38  1.50732e-40 -6.33444e-39  5.32464e-41 -3.99314e-40  2.73504e-42 -1.73985e-41  6.39839e-44 -4.14255e-43  4.31339e-46
-0.000282881  2.10742e-17   0.00395748 -6.27641e-17   -0.0170746  4.44638e-17    0.0329196   5.4761e-17   -0.0263411 -1.62572e-16 -0.000681443  2.54622e-16   0.00939602 -2.05388e-16   0.00176378 -1.65035e-17  -0.00259221  1.09255e-16  -0.00173955 -1.36852e-17 -0.000124841 -1.36766e-17  0.000447222 -2.64183e-17  0.000329844  1.08536e-17  0.000106938  1.16901e-17 -8.33229e-06 -2.66109e-18 -3.23048e-05  -3.0567e-18  -2.2227e-05  -2.1222e-20 -9.70481e-06  7.98748e-19 -2.77326e-06  2.20248e-19 -2.30363e-07 -1.49489e-19  3.15518e-07 -1.12156e-19   2.6253e-07 -3.80382e-20   1.3602e-07 -5.61901e-21  5.62087e-08  1.11966e-20  1.98043e-08  1.15685e-20  6.09181e-09  3.68228e-21  1.64079e-09 -8.33386e-22  3.80182e-10 -1.07987e-21  7.12642e-11 -2.55849e-22  8.39434e-12  1.50857e-22 -7.65804e-13  1.47089e-22 -9.14622e-13  4.19726e-23 -3.81546e-13  -1.2834e-23 -1.21152e-13 -1.73186e-23 -3.30108e-14 -7.91115e-24  -8.0528e-15 -1.79361e-24 -1.79383e-15  1.20032e-25 -3.68729e-16  3.21497e-25 -7.03506e-17  1.74179e-25 -1.24985e-17  5.83389e-26 -2.07081e-18  1.04526e-26 -3.20079e-19 -1.19227e-27  -4.6127e-20 -1.59877e-27 -6.18948e-21 -5.99405e-28 -7.71753e-22  -1.2748e-28 -8.91794e-23 -1.24898e-29 -9.51822e-24  1.00991e-30 -9.34476e-25  2.70966e-31 -8.39719e-26 -1.53878e-31 -6.86443e-27 -1.05147e-31 -5.06633e-28 -3.86543e-32 -3.34357e-29 -1.20245e-32 -1.94799e-30 -3.53061e-33 -9.83816e-32 -9.40336e-34  -4.1829e-33 -2.12658e-34 -1.40732e-34 -3.93449e-35 -2.95742e-36 -5.86894e-36  5.00608e-38 -7.01029e-37   1.1478e-38 -6.63864e-38   9.1996e-40 -4.86004e-39   4.8801e-41 -2.58881e-40  1.58684e-42 -8.70538e-42  2.37812e-44 -1.18692e-43
-7.02681e-18  -0.00058908  5.62874e-17   0.00616393 -1.10425e-16   -0.0233377   5.4761e-17     0.039646   4.6357e-17   -0.0251735 -1.26874e-16  -0.00694356  2.53437e-16   0.00979584 -2.19708e-16   0.00460881 -3.32421e-17  -0.00181366  1.07023e-16  -0.00245389  1.67287e-17 -0.000801307 -2.45915e-17  0.000258703 -3.23001e-17  0.000413922  1.13907e-17    0.0002236  1.28395e-17  5.56137e-05 -1.88811e-18 -1.38128e-05 -3.37497e-18 -2.35132e-05   -1.135e-19 -1.48986e-05  9.65793e-19 -6.49999e-06  3.21971e-19 -2.04988e-06 -1.37363e-19 -3.71711e-07 -1.55225e-19  6.26435e-08 -8.26477e-20  9.85836e-08 -2.20119e-20  5.82323e-08  1.31919e-20  2.58859e-08  1.57396e-20  9.74192e-09  5.23635e-21  3.24239e-09 -7.87763e-22  9.74744e-10 -1.22087e-21  2.67741e-10 -1.93451e-22  6.76281e-11  2.94815e-22   1.5759e-11  2.34166e-22  3.39059e-12  6.17311e-23  6.72614e-13 -1.99435e-23  1.22559e-13 -2.58069e-23   2.0368e-14 -1.21023e-23  3.04973e-15 -3.08248e-24  4.02506e-16 -3.94547e-26  4.48004e-17  4.09758e-25  3.74772e-18  2.41889e-25  1.26693e-19  8.17452e-26 -2.84949e-20  1.43222e-26 -7.10449e-21 -1.62288e-27 -8.16092e-22 -2.07589e-27 -1.20431e-23 -7.56934e-28  1.84788e-23 -1.61881e-28  5.29425e-24 -1.96845e-29  9.91546e-25  -1.1483e-30  1.48326e-25 -4.81563e-31  1.88123e-26 -3.83123e-31  2.07312e-27 -1.68097e-31  2.00646e-28 -5.63294e-32  1.71201e-29 -1.70168e-32  1.28717e-30   -4.758e-33  8.49722e-32 -1.17107e-33  4.89885e-33 -2.41419e-34  2.45712e-34 -4.05792e-35    1.082e-35 -5.48971e-36  4.39388e-37  -5.9156e-37  1.81727e-38  -4.9859e-38  7.83037e-40 -3.15639e-39  2.89848e-41 -1.37006e-40  6.70884e-43 -3.24065e-42  5.49741e-45
-5.20831e-05 -2.44206e-17 -0.000364017   1.1138e-16   0.00671254 -1.51862e-16   -0.0263411   4.6357e-17    0.0419257  1.24765e-17   -0.0207792 -4.91117e-17   -0.0126463   2.3478e-16   0.00818017 -2.22536e-16   0.00711477 -5.49625e-17  -0.00020288  1.02255e-16  -0.00266823  4.29695e-17  -0.00153327 -3.18812e-17 -0.000149894 -3.59475e-17  0.000363794  1.07609e-17  0.000311864  1.30772e-17  0.000138116 -1.32298e-18  2.73243e-05 -3.45724e-18 -1.15299e-05 -5.89316e-20 -1.49329e-05  1.17125e-18 -9.07886e-06   4.8241e-19 -4.02494e-06 -8.95118e-20 -1.39243e-06 -2.01901e-19  -3.5908e-07 -1.40543e-19  -4.7144e-08 -4.61709e-20  1.61242e-08    1.152e-20  1.62432e-08   1.8208e-20  8.38947e-09  6.14132e-21  3.40916e-09 -8.81861e-22  1.19746e-09 -1.26514e-21   3.7757e-10   1.7968e-23  1.08983e-10  5.34233e-22  2.91374e-11  3.56661e-22  7.27203e-12  8.83248e-23  1.70362e-12 -2.78814e-23  3.76173e-13 -3.59039e-23  7.85346e-14 -1.72845e-23  1.55393e-14 -4.76198e-24   2.9191e-15 -2.95435e-25   5.2119e-16  4.83134e-25  8.84846e-17  3.05185e-25   1.4281e-17  1.01916e-25  2.18905e-18  1.67159e-26  3.18149e-19 -2.39578e-27  4.37387e-20 -2.56514e-27  5.67112e-21 -9.01106e-28  6.91048e-22 -1.95931e-28   7.8821e-23 -2.93193e-29  8.37788e-24 -4.47703e-30  8.25772e-25 -1.53746e-30  7.50749e-26 -6.67983e-31  6.25864e-27 -2.40658e-31   4.7531e-28 -7.55038e-32  3.26434e-29 -2.18474e-32  2.01055e-30 -5.72962e-33  1.10013e-31 -1.29602e-33  5.29511e-33 -2.43322e-34  2.22724e-34 -3.71131e-35   8.2817e-36 -4.53707e-36  2.90355e-37 -4.37722e-37  1.07728e-38 -3.23823e-38  4.14681e-40 -1.72826e-39  1.26565e-41  -5.7903e-41  2.03941e-43 -7.85635e-43
 2.81115e-18 -0.000380495 -5.55825e-17   0.00109494  1.74954e-16   0.00436752 -1.62572e-16   -0.0251735  1.24765e-17    0.0403596 -4.34306e-17   -0.0150192  4.80977e-17   -0.0166722  2.12673e-16    0.0051367  -2.1562e-16   0.00867954   -7.751e-17    0.0018602  9.75226e-17  -0.00224789  5.99947e-17  -0.00209173 -3.55944e-17 -0.000692754 -3.68049e-17  0.000152658  9.47257e-18  0.000321484  1.22781e-17  0.000208313 -1.24565e-18  8.12439e-05 -3.40801e-18  1.42185e-05  1.32118e-19 -6.86802e-06   1.4582e-18 -8.22362e-06  7.34497e-19 -4.94894e-06   7.9694e-21 -2.24617e-06 -2.42047e-19 -8.35131e-07 -2.04017e-19 -2.58128e-07 -7.62108e-20 -6.39071e-08  4.86961e-21 -1.05351e-08  1.74023e-20  3.81385e-10  5.45421e-21  1.26208e-09 -1.45881e-21  6.84629e-10 -1.25535e-21  2.70741e-10  3.96538e-22  9.06607e-11  8.74925e-22  2.70379e-11  5.13392e-22  7.35272e-12  1.21281e-22  1.84702e-12 -3.63335e-23  4.31954e-13 -4.72814e-23  9.45103e-14 -2.32475e-23  1.94062e-14 -6.73865e-24  3.74645e-15 -6.37932e-25  6.80618e-16  5.23202e-25  1.16373e-16  3.49491e-25  1.87175e-17  1.12995e-25  2.82905e-18  1.62088e-26  4.01196e-19 -3.69344e-27  5.32744e-20 -3.06717e-27  6.60775e-21 -1.03053e-27  7.63297e-22 -2.30308e-28  8.18396e-23 -4.12605e-29   8.1128e-24  -8.6638e-30  7.40244e-25 -2.75434e-30  6.18515e-26 -9.69172e-31  4.70473e-27  -3.1265e-31  3.23567e-28 -9.28242e-32  1.99618e-29 -2.54421e-32  1.09465e-30 -6.20011e-33  5.28232e-32  -1.2844e-33  2.22408e-33  -2.1929e-34  8.20676e-35 -3.02755e-35   2.8031e-36 -3.32678e-36  1.02762e-37 -2.84483e-37  4.37477e-39 -1.81394e-38  1.71526e-40 -7.87732e-40  4.32203e-42 -1.85722e-41  4.01862e-44
 6.65236e-05  6.40066e-18  -0.00106258 -9.72123e-17   0.00387484  2.27793e-16 -0.000681443 -1.26874e-16   -0.0207792 -4.34306e-17    0.0367089 -1.08555e-16  -0.00949861  1.36544e-16   -0.0188028  1.95252e-16   0.00147823 -2.01454e-16   0.00909671 -9.39785e-17   0.00392688  9.37687e-17  -0.00125445  6.64562e-17  -0.00230212 -3.65881e-17  -0.00123184 -3.50514e-17 -0.000189716  7.97248e-18  0.000224386  1.04171e-17  0.000232975 -1.84243e-18   0.00012887 -3.40479e-18  4.71429e-05  3.94279e-19  8.74929e-06  1.84937e-18 -2.81317e-06  1.09838e-18 -3.78884e-06  1.66146e-19 -2.33367e-06 -2.60692e-19 -1.08884e-06 -2.60972e-19 -4.25629e-07 -1.07794e-19   -1.445e-07 -6.92155e-21 -4.31313e-08  1.20549e-20 -1.12774e-08  2.24132e-21  -2.5187e-09 -2.89382e-21 -4.43432e-10 -1.28251e-21 -4.19799e-11  9.12316e-22  9.52941e-12  1.29391e-21  7.22532e-12  6.91358e-22  2.77572e-12  1.56081e-22   8.4228e-13 -4.62005e-23  2.21512e-13 -5.97963e-23  5.23057e-14 -2.97195e-23   1.1279e-14 -8.88296e-24  2.24128e-15 -1.05654e-24  4.12456e-16  5.07354e-25  7.04758e-17  3.59615e-25  1.11923e-17  1.09791e-25  1.65178e-18  1.17713e-26    2.263e-19 -5.61195e-27  2.87289e-20 -3.58377e-27  3.37071e-21  -1.1476e-27   3.6427e-22 -2.65144e-28  3.61051e-23 -5.45193e-29  3.26471e-24 -1.31044e-29  2.67513e-25 -3.93611e-30  1.96949e-26 -1.23865e-30  1.28819e-27 -3.71487e-31  7.37023e-29 -1.04575e-31  3.60539e-30 -2.69168e-32  1.45395e-31 -6.05817e-33   4.5356e-33 -1.14624e-33  9.94081e-35 -1.77575e-34  2.16638e-36 -2.21054e-35   2.1542e-37 -2.16743e-36  2.37595e-38 -1.62123e-37  1.58905e-39 -8.69361e-39   6.1877e-41  -2.9116e-40  1.14546e-42 -3.94004e-42
 5.26232e-18  0.000103704  8.71057e-18  -0.00175841 -1.41073e-16   0.00709598  2.54622e-16  -0.00694356 -4.91117e-17   -0.0150192 -1.08555e-16    0.0326636 -1.66748e-16   -0.0050128  1.95942e-16   -0.0194042  1.81452e-16   -0.0021374 -1.83115e-16   0.00847639 -9.82964e-17    0.0056409  9.10833e-17  0.000120477  6.41521e-17  -0.00209018 -3.55966e-17  -0.00162766 -3.11987e-17 -0.000588958  6.48763e-18  2.65597e-05  7.54854e-18  0.000190454 -3.22106e-18  0.000149398 -3.65858e-18  7.55198e-05  6.24274e-19   2.7378e-05  2.33013e-18  6.14644e-06  1.56664e-18  -3.8217e-07  3.87595e-19 -1.32663e-06 -2.41997e-19  -8.9556e-07 -2.97461e-19 -4.35325e-07 -1.34873e-19 -1.76549e-07 -2.28196e-20 -6.28692e-08  1.50608e-21 -2.01402e-08 -4.14115e-21  -5.8825e-09 -5.46494e-21 -1.57906e-09  -1.4585e-21 -3.91444e-10  1.48739e-21 -8.98664e-11  1.73774e-21 -1.91329e-11  8.64288e-22 -3.77903e-12  1.83163e-22 -6.92268e-13  -5.9977e-23 -1.17565e-13 -7.36104e-23 -1.85167e-14 -3.64455e-23  -2.7132e-15 -1.10752e-23 -3.73412e-16 -1.55162e-24 -4.93493e-17  4.12235e-25 -6.51656e-18  3.23742e-25 -9.02751e-19  8.94614e-26 -1.34534e-19  3.19632e-27 -2.10649e-20  -8.0826e-27 -3.29078e-21 -4.09938e-27 -4.90129e-22 -1.25156e-27 -6.76867e-23 -2.98288e-28 -8.54118e-24 -6.72405e-29 -9.77219e-25 -1.70507e-29 -1.00877e-25 -4.88509e-30  -9.3555e-27 -1.43114e-30 -7.75816e-28 -4.05605e-31 -5.71828e-29 -1.08001e-31 -3.71643e-30 -2.59286e-32 -2.10607e-31 -5.36597e-33 -1.02245e-32 -9.24794e-34 -4.10914e-34 -1.29592e-34 -1.24836e-35 -1.44673e-35 -1.87916e-37 -1.25352e-36  6.98916e-39 -8.05875e-38  6.21426e-40 -3.50996e-39  1.96363e-41 -8.26898e-41   2.0651e-43
  3.0596e-05  1.83075e-17 -9.04312e-05   7.6025e-18  -0.00177881 -1.78767e-16   0.00939602  2.53437e-16   -0.0126463  4.80977e-17  -0.00949861 -1.66748e-16    0.0291828 -2.05105e-16  -0.00166072  2.19868e-16   -0.0190043  1.64231e-16  -0.00533518 -1.63713e-16   0.00707996 -8.84577e-17   0.00679779  8.92205e-17   0.00164102  5.66479e-17  -0.00148068 -3.27044e-17  -0.00177857 -2.56758e-17 -0.000951557  5.11028e-18  -0.00023378  3.81587e-18  7.95863e-05 -5.42144e-18  0.000128813 -4.36147e-18  8.71224e-05  7.06241e-19  4.20491e-05  2.84329e-18  1.56459e-05  2.09865e-18  4.28716e-06  6.62349e-19  5.73806e-07 -1.74341e-19 -2.37873e-07 -3.01219e-19 -2.42649e-07 -1.51313e-19 -1.30969e-07 -4.10507e-20 -5.57401e-08  -1.4159e-20 -2.04887e-08 -1.38218e-20 -6.75067e-09 -9.24067e-21 -2.03286e-09 -1.87825e-21 -5.66114e-10  2.01216e-21 -1.46939e-10   2.1306e-21 -3.57452e-11  9.95732e-22 -8.18357e-12  1.89055e-22 -1.76875e-12 -8.12626e-23 -3.61749e-13 -8.90732e-23 -7.01282e-14 -4.32192e-23 -1.28994e-14 -1.32328e-23 -2.25217e-15 -2.13387e-24 -3.73136e-16  2.21289e-25 -5.86066e-17  2.37678e-25 -8.71235e-18   5.2754e-26 -1.22307e-18 -8.68881e-27 -1.61684e-19  -1.0842e-26 -2.00595e-20 -4.56869e-27 -2.32676e-21  -1.3338e-27 -2.51253e-22 -3.24955e-28 -2.51392e-23 -7.71577e-29 -2.31858e-24 -1.98233e-29 -1.95985e-25 -5.45271e-30 -1.50846e-26 -1.51532e-30 -1.04937e-27 -4.08128e-31 -6.53999e-29 -1.02348e-31  -3.6122e-30 -2.27929e-32  -1.7428e-31 -4.32129e-33  -7.1845e-33 -6.76302e-34 -2.42215e-34 -8.53591e-35 -5.88906e-36 -8.48382e-36 -4.47672e-38 -6.41289e-37  4.44114e-39 -3.45941e-38  2.43216e-40 -1.16058e-39  5.01484e-42 -1.56915e-41
-8.71974e-18  0.000130572  4.05183e-17 -0.000701835  2.83003e-18 -0.000583533 -2.05388e-16   0.00979584   2.3478e-16   -0.0166722  1.36544e-16   -0.0050128 -2.05105e-16    0.0265255 -2.17286e-16  0.000789632   2.1322e-16   -0.0180399  1.36503e-16  -0.00797456 -1.45784e-16   0.00518826 -6.73978e-17   0.00732917  8.75844e-17    0.0030901   4.7756e-17 -0.000569391 -2.73913e-17  -0.00163919 -1.86306e-17  -0.00119127   3.9731e-18 -0.000498252 -5.23086e-19 -7.91879e-05 -8.39654e-18  6.57502e-05 -5.62753e-18  7.43187e-05  5.41471e-19  4.62596e-05  3.30003e-18  2.18806e-05  2.62769e-18  8.43853e-06  9.68309e-19   2.6695e-06 -5.39406e-20  6.53204e-07 -2.64829e-19  8.97767e-08 -1.52727e-19 -1.99804e-08 -5.97638e-20 -2.22385e-08 -3.41155e-20  -1.1308e-08 -2.63031e-20 -4.46811e-09 -1.40206e-20 -1.52123e-09 -2.58451e-21 -4.64305e-10  2.37221e-21  -1.2957e-10  2.39022e-21  -3.3435e-11  1.04659e-21  -8.0338e-12  1.59788e-22 -1.80552e-12 -1.13418e-22 -3.80611e-13 -1.06375e-22 -7.53857e-14 -4.98451e-23 -1.40404e-14 -1.53032e-23 -2.45922e-15 -2.80986e-24 -4.04881e-16 -6.57884e-26 -6.25924e-17  1.07762e-25 -9.07245e-18  4.28804e-27  -1.2305e-18  -2.2136e-26 -1.55795e-19  -1.3474e-26 -1.83612e-20 -4.92032e-27 -2.00767e-21 -1.37866e-27 -2.02898e-22 -3.39187e-28 -1.88699e-23 -8.23318e-29  -1.6069e-24 -2.10017e-29 -1.24574e-25 -5.57259e-30 -8.73242e-27 -1.48148e-30 -5.49026e-28  -3.7916e-31 -3.06524e-29 -8.91011e-32 -1.49996e-30   -1.832e-32 -6.31162e-32  -3.1706e-33 -2.20511e-33 -4.48922e-34 -5.83167e-35 -5.07461e-35 -7.28599e-37 -4.44747e-36  3.19847e-38 -2.88285e-37  2.55293e-39 -1.26093e-38  7.95131e-41 -2.97323e-40  8.57995e-43
-4.71522e-06 -2.39213e-17   0.00025963  6.72759e-17  -0.00163079 -5.00155e-18   0.00176378 -2.19708e-16   0.00818017  2.12673e-16   -0.0188028  1.95942e-16  -0.00166072 -2.17286e-16    0.0245809 -2.03139e-16   0.00261969  1.85979e-16   -0.0167925  9.56672e-17   -0.0100508 -1.31016e-16    0.0030368 -4.15006e-17   0.00725871  8.50979e-17   0.00430028  4.03981e-17  0.000510983 -1.89812e-17  -0.00122071 -9.98919e-18  -0.00124859  3.34466e-18 -0.000704673 -5.09202e-18 -0.000249785 -1.19776e-17 -2.73538e-05 -7.44403e-18  3.74208e-05  7.73737e-20  3.68126e-05  3.60553e-18  2.19428e-05   3.0796e-18  1.03008e-05  1.27724e-18   4.0853e-06   1.1478e-19  1.40415e-06 -1.87322e-19  4.20093e-07 -1.37707e-19  1.07653e-07 -7.74983e-20  2.22957e-08 -5.68691e-20  2.95081e-09 -4.04817e-20 -2.34432e-10 -1.93431e-20 -3.46571e-10 -3.54656e-21 -1.57943e-10  2.47647e-21 -5.41019e-11  2.44683e-21 -1.58057e-11   9.8522e-22 -4.11579e-12  8.55872e-23 -9.75017e-13 -1.57865e-22 -2.12427e-13 -1.25129e-22  -4.2826e-14 -5.60588e-23 -8.01673e-15 -1.72284e-23 -1.39581e-15 -3.56085e-24 -2.26164e-16 -4.26347e-25 -3.40893e-17 -4.91294e-26 -4.77435e-18 -4.83773e-26 -6.20187e-19 -3.49044e-26 -7.45375e-20 -1.55167e-26 -8.26254e-21 -5.07747e-27 -8.41518e-22 -1.36976e-27 -7.83758e-23 -3.36336e-28 -6.63702e-24 -8.18086e-29 -5.07406e-25 -2.05184e-29 -3.47089e-26 -5.26777e-30 -2.09957e-27 -1.34306e-30 -1.10486e-28 -3.25614e-31 -4.93059e-30 -7.13367e-32 -1.77752e-31 -1.34832e-32 -4.51481e-33 -2.12209e-33 -2.25638e-35 -2.70554e-34  6.36032e-36 -2.71897e-35  5.35497e-37  -2.0748e-36  2.86722e-38 -1.12633e-37  1.02507e-39 -3.78962e-39  1.92274e-41 -5.12578e-41
 5.66344e-18  2.73784e-05 -4.24267e-17  0.000246631  9.06947e-17  -0.00243695 -1.65035e-17   0.00460881 -2.22536e-16    0.0051367  1.95252e-16   -0.0194042  2.19868e-16  0.000789632 -2.03139e-16    0.0231483 -1.66647e-16   0.00404493  1.48167e-16   -0.0154192    4.482e-17   -0.0116172 -1.20284e-16  0.000800233 -1.80264e-17   0.00666033  8.03527e-17   0.00516048  3.60953e-17   0.00161907 -7.15365e-18 -0.000580373  3.35154e-19  -0.00110087  3.57955e-18 -0.000802517 -9.43696e-18 -0.000390738 -1.58573e-17 -0.000127855 -9.65323e-18 -1.50043e-05 -6.71766e-19  1.53225e-05  3.69126e-18  1.51589e-05  3.39683e-18  8.94803e-06  1.56461e-18  4.19735e-06  3.22057e-19  1.68957e-06 -7.37362e-20  6.03058e-07 -1.07909e-19  1.94118e-07 -9.32163e-20  5.68788e-08 -8.03483e-20  1.52451e-08 -5.47871e-20  3.74378e-09 -2.45576e-20  8.41182e-10 -4.66077e-21  1.72076e-10  2.27792e-21  3.17176e-11  2.26001e-21  5.16047e-12  7.97035e-22  7.08284e-13 -3.48938e-23  7.18901e-14 -2.12789e-22  2.00053e-15 -1.44112e-22 -1.37762e-15 -6.14614e-23 -4.60497e-16 -1.89067e-23 -9.81509e-17 -4.32842e-24 -1.65799e-17 -8.15361e-25 -2.32092e-18 -2.09039e-25 -2.66198e-19   -9.665e-26 -2.29755e-20 -4.48614e-26  -9.2082e-22 -1.65952e-26  1.50497e-22 -4.98638e-27  4.61701e-23 -1.29799e-27  7.69558e-24  -3.1513e-28    9.909e-25 -7.58848e-29  1.06614e-25 -1.86321e-29  9.85396e-27 -4.63377e-30   7.9039e-28 -1.13161e-30  5.51271e-29 -2.58683e-31  3.33474e-30 -5.25695e-32  1.74149e-31 -9.09489e-33  7.83264e-33  -1.2961e-33  3.06669e-34 -1.47913e-34  1.09075e-35 -1.30887e-35  3.76035e-37 -8.54954e-37  1.22077e-38 -3.75723e-38  2.93824e-40 -8.87656e-40  2.97782e-42
-9.78479e-06  1.27612e-17  0.000138211 -5.56936e-17 -0.000106789  1.04916e-16  -0.00259221 -3.32421e-17   0.00711477  -2.1562e-16   0.00147823  1.81452e-16   -0.0190043   2.1322e-16   0.00261969 -1.66647e-16    0.0220634 -1.14135e-16   0.00520454  1.07764e-16   -0.0140009 -8.91944e-18   -0.0127421   -1.138e-16  -0.00140015 -2.81689e-18   0.00562909  7.20747e-17   0.00561048  3.50489e-17    0.0026241  7.76274e-18  0.000193592   1.2226e-17 -0.000763711  4.97129e-18 -0.000764134 -1.31039e-17 -0.000466413 -1.96162e-17 -0.000209727 -1.19763e-17 -6.88651e-05 -1.61945e-18 -1.22393e-05    3.542e-18  3.44258e-06  3.55874e-18  4.73438e-06  1.81921e-18  2.93233e-06  5.57061e-19  1.39443e-06  6.68735e-20  5.65778e-07 -6.70619e-20  2.04157e-07 -1.05978e-19  6.69305e-08 -1.02051e-19  2.01932e-08 -6.74222e-20  5.65499e-09 -2.89463e-20  1.47906e-09 -5.77515e-21  3.63007e-10  1.78108e-21  8.39165e-11   1.8286e-21   1.8328e-11  4.90355e-22  3.79138e-12 -1.92544e-22  7.44294e-13 -2.72867e-22  1.38851e-13 -1.61319e-22  2.46327e-14 -6.55242e-23  4.15543e-15 -2.01807e-23  6.66024e-16 -5.01753e-24  1.01253e-16 -1.17472e-24  1.45649e-17 -3.46938e-25  1.97618e-18 -1.33141e-25  2.51972e-19 -5.05402e-26  3.00652e-20 -1.65294e-26  3.34167e-21 -4.63859e-27  3.44256e-22 -1.16678e-27  3.26944e-23 -2.78298e-28  2.84566e-24 -6.59068e-29  2.25518e-25 -1.58109e-29  1.61546e-26 -3.80625e-30   1.0373e-27 -8.87139e-31  5.91372e-29 -1.90197e-31  2.96126e-30 -3.56749e-32  1.28794e-31 -5.62425e-33  4.82826e-33 -7.21994e-34   1.5731e-34 -7.31959e-35  4.67032e-36  -5.6315e-36  1.35314e-37 -3.07589e-37  3.57676e-39 -1.03852e-38  6.05201e-41 -1.40646e-40
-1.87266e-18 -1.93773e-05  1.81902e-17  0.000309044 -5.58381e-17 -0.000838452  1.09255e-16  -0.00181366 -5.49625e-17   0.00867954 -2.01454e-16   -0.0021374  1.64231e-16   -0.0180399  1.85979e-16   0.00404493 -1.14135e-16    0.0212198 -5.31794e-17   0.00618469  7.06148e-17   -0.0125772 -5.74223e-17   -0.0134903 -1.11301e-16  -0.00348289  9.73038e-19    0.0042646  5.96446e-17   0.00563119  3.65829e-17   0.00341724  2.48061e-17  0.000997478  2.52426e-17 -0.000285907  7.60482e-18 -0.000590147  -1.5726e-17 -0.000456195 -2.27947e-17 -0.000251296 -1.40739e-17 -0.000109204 -2.62039e-18 -3.77127e-05  3.20699e-18 -9.47186e-06  3.59061e-18 -8.73981e-07  2.04775e-18  7.85032e-07  8.11071e-19   6.5905e-07  2.23851e-19   3.3905e-07 -1.95071e-20  1.41202e-07 -1.14579e-19  5.12896e-08  -1.1932e-19  1.67775e-08 -7.66784e-20  5.02734e-09 -3.18751e-20  1.39421e-09 -6.73168e-21  3.60237e-10  1.03607e-21  8.71092e-11  1.19186e-21  1.97727e-11  9.64956e-23   4.2213e-12 -3.68901e-22  8.48584e-13 -3.30238e-22  1.60696e-13 -1.74362e-22  2.86624e-14 -6.76811e-23  4.81189e-15 -2.08629e-23  7.59466e-16  -5.5186e-24  1.12508e-16 -1.44835e-24  1.56115e-17 -4.43159e-25  2.02406e-18 -1.53435e-25   2.4449e-19 -5.14609e-26  2.74231e-20  -1.5376e-26  2.84543e-21 -4.07661e-27  2.71946e-22 -9.91918e-28  2.38225e-23 -2.31559e-28  1.90201e-24 -5.37582e-29  1.37508e-25 -1.25842e-29  8.93357e-27 -2.92494e-30  5.16931e-28 -6.47367e-31  2.63653e-29 -1.29437e-31  1.17164e-30 -2.22965e-32  4.48795e-32 -3.18737e-33  1.47929e-33 -3.66262e-34  4.32393e-35 -3.26662e-35  1.22004e-36 -2.14848e-36  3.46655e-38  -9.4871e-38   7.9926e-40 -2.24699e-39  8.16324e-42
-4.21291e-06 -3.90162e-18  3.95168e-06   1.8048e-17  0.000418819 -4.04802e-17  -0.00173955  1.07023e-16  -0.00020288   -7.751e-17   0.00909671 -1.83115e-16  -0.00533518  1.36503e-16   -0.0167925  1.48167e-16   0.00520454 -5.31794e-17    0.0205541  8.31589e-18   0.00704068  4.07803e-17   -0.0111657 -9.43487e-17   -0.0139165 -1.12285e-16  -0.00539375 -6.97078e-18   0.00266304  4.33805e-17    0.0052355  3.96705e-17   0.00391767  4.26164e-17   0.00172637  3.86211e-17  0.000260214  1.12828e-17 -0.000308774 -1.70926e-17 -0.000359543 -2.49907e-17 -0.000241474 -1.56254e-17 -0.000125051 -3.50028e-18 -5.36945e-05  2.79068e-18 -1.95249e-05  3.55714e-18 -5.95488e-06  2.27168e-18 -1.43443e-06  1.07785e-18 -2.07022e-07  3.86709e-19  3.14863e-08  3.09874e-20  4.05988e-08 -1.17492e-19  2.07186e-08  -1.2977e-19  8.08966e-09 -8.12746e-20  2.70571e-09  -3.2939e-20   8.0807e-10 -7.41232e-21  2.19849e-10  1.23974e-22  5.50959e-11  4.21763e-22  1.28026e-11 -3.36101e-22   2.7695e-12 -5.40116e-22  5.59056e-13 -3.76382e-22  1.05435e-13 -1.81072e-22  1.85843e-14 -6.74784e-23   3.0605e-15 -2.07915e-23   4.7047e-16 -5.73994e-24  6.74131e-17 -1.59733e-24  8.98668e-18 -4.87922e-25  1.11188e-18 -1.56828e-25   1.2731e-19 -4.81265e-26  1.34441e-20  -1.3393e-26  1.30411e-21 -3.38106e-27  1.15653e-22 -7.96605e-28  9.32488e-24   -1.817e-28  6.79064e-25  -4.1295e-29  4.43137e-26 -9.41621e-30   2.5669e-27  -2.1043e-30  1.30493e-28 -4.39668e-31  5.74606e-30  -8.1516e-32  2.16404e-31 -1.28289e-32  6.96364e-33 -1.65354e-33  2.01271e-34 -1.68754e-34  6.13341e-36 -1.30736e-35  2.20309e-37  -7.1812e-37  7.26412e-39 -2.43352e-38  1.39721e-40 -3.30158e-40
 5.37076e-20 -1.76438e-05 -6.11765e-18  0.000100052   1.1083e-17  0.000303404 -1.36852e-17  -0.00245389  1.02255e-16    0.0018602 -9.39785e-17   0.00847639 -1.63713e-16  -0.00797456  9.56672e-17   -0.0154192  1.07764e-16   0.00618469  8.31589e-18    0.0200279  6.33594e-17   0.00781058  2.06228e-17  -0.00977185 -1.16782e-16   -0.0140642 -1.16277e-16  -0.00709582 -2.47603e-17  0.000914592  2.44614e-17   0.00446107   4.3332e-17   0.00407557  5.97246e-17   0.00228663  5.13686e-17  0.000791166  1.55443e-17  3.03486e-05  -1.7189e-17 -0.000195894 -2.59519e-17 -0.000182718 -1.64016e-17 -0.000112779 -4.09393e-18 -5.60677e-05  2.42573e-18 -2.38665e-05  3.54219e-18 -8.93119e-06  2.51704e-18 -2.97263e-06  1.35123e-18 -8.82003e-07  5.45772e-19 -2.31585e-07  8.16641e-20 -5.25652e-08 -1.13232e-19  -9.6674e-09 -1.31816e-19 -1.11824e-09 -8.06425e-20  9.76237e-11 -3.20606e-20   1.1465e-10 -7.77049e-21  4.62849e-11 -8.60183e-22  1.41178e-11  -3.9069e-22  3.66664e-12 -7.51958e-22  8.45353e-13 -6.82472e-22  1.76315e-13 -4.04249e-22  3.35878e-14 -1.80087e-22  5.87267e-15 -6.47231e-23  9.44437e-16 -1.98901e-23  1.39732e-16 -5.63659e-24  1.89958e-17 -1.60921e-24  2.36661e-18 -4.82539e-25   2.6911e-19  -1.4591e-25  2.77655e-20  -4.1741e-26  2.57733e-21 -1.09501e-26  2.12533e-22 -2.64644e-27  1.52546e-23   -6.045e-28  9.17611e-25 -1.34683e-28  4.22905e-26 -2.99414e-29  1.02662e-27 -6.63182e-30 -4.98836e-29 -1.41724e-30  -8.6253e-30 -2.77783e-31 -6.71979e-31 -4.74805e-32 -3.66438e-32 -6.78894e-33 -1.45401e-33 -7.83688e-34 -3.72073e-35 -7.03315e-35 -1.73284e-37  -4.6534e-36  3.30487e-38  -2.0642e-37   1.3926e-39 -4.90254e-39  1.73374e-41
-2.27413e-07  2.68402e-19 -3.27277e-05 -9.05159e-18  0.000264398 -7.11176e-19 -0.000124841  1.67287e-17  -0.00266823  9.75226e-17   0.00392688 -9.82964e-17   0.00707996 -1.45784e-16   -0.0100508    4.482e-17   -0.0140009  7.06148e-17   0.00704068  6.33594e-17    0.0196173  1.07213e-16   0.00852264  1.07612e-17  -0.00839371 -1.25442e-16   -0.0139662  -1.2299e-16  -0.00856201 -4.92719e-17 -0.000896077  4.57362e-18   0.00336568  4.68191e-17   0.00387375  7.47697e-17   0.00260655   6.2401e-17   0.00122595  1.97502e-17  0.000366506 -1.62037e-17  4.00566e-07 -2.56368e-17 -8.99277e-05 -1.63119e-17 -7.68732e-05 -4.28146e-18 -4.51711e-05  2.23708e-18  -2.1784e-05  3.62169e-18 -9.14109e-06   2.8011e-18 -3.43133e-06  1.62151e-18 -1.17047e-06  6.91963e-19 -3.66469e-07  1.30477e-19 -1.06045e-07  -1.0101e-19 -2.85059e-08 -1.25107e-19  -7.1475e-09 -7.50683e-20 -1.67767e-09 -2.95071e-20 -3.69931e-10 -7.83522e-21  -7.6919e-11 -1.82136e-21 -1.51467e-11 -1.15187e-21 -2.83872e-12 -1.09996e-21 -5.09117e-13 -7.77675e-22 -8.78479e-14 -4.09912e-22 -1.46463e-14 -1.71214e-22 -2.36427e-15 -5.95694e-23 -3.69121e-16 -1.82055e-23 -5.54994e-17 -5.22369e-24 -7.98211e-18 -1.49862e-24 -1.08929e-18 -4.37301e-25  -1.3987e-19 -1.25312e-25 -1.67637e-20 -3.37909e-26 -1.86141e-21 -8.42243e-27 -1.90153e-22 -1.95653e-27 -1.77505e-23 -4.33947e-28 -1.50374e-24 -9.44855e-29 -1.14754e-25 -2.05239e-29  -7.8227e-27 -4.39766e-30 -4.71629e-28 -8.93031e-31 -2.48339e-29 -1.63134e-31 -1.12275e-30 -2.55541e-32 -4.24632e-32 -3.29901e-33 -1.28087e-33 -3.38292e-34 -2.74475e-35 -2.63566e-35 -2.49847e-37 -1.45505e-36   6.8918e-39 -4.94859e-38  2.45712e-40 -6.72763e-40
 7.03555e-19  -6.1254e-06  1.19165e-18 -2.09523e-05 -1.35164e-17  0.000419587 -1.36766e-17 -0.000801307  4.29695e-17  -0.00224789  9.37687e-17    0.0056409 -8.84577e-17   0.00518826 -1.31016e-16   -0.0116172 -8.91944e-18   -0.0125772  4.07803e-17   0.00781058  1.07213e-16     0.019307  1.38252e-16   0.00919947  1.02297e-17  -0.00702432 -1.23759e-16   -0.0136446 -1.32285e-16  -0.00976957 -7.70377e-17  -0.00268785 -1.45256e-17   0.00202454  4.96127e-17   0.00332838  8.66071e-17   0.00264492  7.06855e-17    0.0014993  2.31926e-17  0.000640422 -1.45039e-17   0.00018875 -2.42239e-17  1.42085e-05 -1.54144e-17 -2.80201e-05 -4.01281e-18  -2.5279e-05  2.30836e-18 -1.47061e-05  3.83868e-18 -6.95733e-06  3.12158e-18 -2.86551e-06  1.87316e-18 -1.05957e-06  8.16457e-19 -3.57803e-07  1.75463e-19 -1.11536e-07 -8.13187e-20 -3.23324e-08 -1.10711e-19 -8.76225e-09 -6.56312e-20 -2.22877e-09 -2.58137e-20 -5.33676e-10 -7.68709e-21  -1.2056e-10 -2.67385e-21 -2.57337e-11 -1.78106e-21 -5.19473e-12 -1.34302e-21 -9.92012e-13 -8.16388e-22  -1.7916e-13 -3.93287e-22 -3.05746e-14 -1.55464e-22 -4.92349e-15 -5.25093e-23 -7.46698e-16 -1.59069e-23   -1.064e-16 -4.57033e-24 -1.42047e-17 -1.29991e-24 -1.77098e-18  -3.6732e-25 -2.05447e-19 -1.00204e-25 -2.20864e-20 -2.56499e-26 -2.19041e-21 -6.10761e-27 -1.99387e-22 -1.36814e-27 -1.65637e-23 -2.95183e-28 -1.24755e-24 -6.28478e-29 -8.45446e-26 -1.33113e-29 -5.10856e-27 -2.74443e-30 -2.72181e-28 -5.25937e-31 -1.26052e-29 -8.89518e-32 -4.97483e-31 -1.26897e-32 -1.62189e-32 -1.46857e-33 -4.11302e-34 -1.32418e-34 -6.90571e-36 -8.80541e-36 -2.48137e-38 -3.92231e-37  2.02477e-39 -9.34182e-39  3.25774e-41
 8.05809e-07  1.86246e-18 -2.13846e-05  3.22128e-18  4.99609e-05 -1.96311e-17  0.000447222 -2.45915e-17  -0.00153327  5.99947e-17  -0.00125445  9.10833e-17   0.00679779 -6.73978e-17    0.0030368 -1.20284e-16   -0.0127421 -5.74223e-17   -0.0111657  2.06228e-17   0.00852264  1.38252e-16    0.0190879    1.579e-16   0.00986064  1.69377e-17  -0.00565259 -1.16377e-16   -0.0131122  -1.4393e-16   -0.0106959 -1.04841e-16   -0.0043807 -3.13585e-17  0.000528549  5.13268e-17   0.00248875  9.43428e-17   0.00239689  7.53627e-17   0.00157276  2.52008e-17  0.000806445  -1.2582e-17  0.000332316 -2.20673e-17  0.000105861 -1.38899e-17  2.06457e-05  -3.3146e-18 -2.75932e-06  2.66047e-18 -5.40207e-06  4.18905e-18 -3.47476e-06  3.45295e-18   -1.673e-06  2.08524e-18  -6.8338e-07  9.10881e-19 -2.47872e-07  2.14284e-19 -8.16353e-08 -5.61372e-20 -2.47262e-08 -9.09229e-20 -6.94285e-09 -5.39421e-20 -1.81679e-09 -2.16366e-20 -4.44616e-10 -7.41825e-21 -1.01997e-10 -3.34734e-21 -2.19642e-11 -2.22237e-21 -4.44298e-12 -1.46365e-21 -8.44305e-13 -7.99211e-22 -1.50663e-13 -3.57798e-22 -2.52235e-14  -1.3478e-22 -3.95666e-15 -4.42728e-23 -5.80535e-16 -1.32481e-23  -7.9504e-17 -3.77812e-24 -1.01374e-17  -1.0557e-24 -1.19998e-18 -2.88053e-25 -1.31424e-19 -7.50349e-26 -1.32667e-20 -1.83207e-26 -1.22891e-21 -4.18436e-27 -1.03926e-22 -9.06467e-28 -7.97643e-24 -1.90626e-28 -5.51755e-25 -3.96908e-29 -3.41137e-26 -8.16919e-30  -1.8662e-27  -1.6102e-30  -8.9184e-29 -2.89113e-31 -3.66026e-30 -4.49679e-32   -1.258e-31 -5.80248e-33 -3.46236e-33 -5.96854e-34 -6.86188e-35   -4.671e-35 -6.21657e-37 -2.58995e-36  1.30774e-38 -8.83829e-38  4.78835e-40 -1.20416e-39
-5.36136e-19  1.15114e-07  3.50158e-18 -3.85275e-05  6.09978e-18  0.000182326 -2.64183e-17  0.000258703 -3.18812e-17  -0.00209173  6.64562e-17  0.000120477  8.92205e-17   0.00732917 -4.15006e-17  0.000800233   -1.138e-16   -0.0134903 -9.43487e-17  -0.00977185  1.07612e-17   0.00919947    1.579e-16    0.0189557  1.69642e-16    0.0105246  2.82577e-17  -0.00426347 -1.07695e-16    -0.012372 -1.57311e-16   -0.0113156 -1.29997e-16  -0.00589381  -4.4922e-17  -0.00101751  5.16068e-17   0.00143499   9.7344e-17   0.00189587  7.58426e-17   0.00144141  2.52294e-17  0.000841728  -1.0971e-17  0.000406663 -1.96101e-17  0.000166564  -1.1988e-17  5.76858e-05 -2.27914e-18  1.62463e-05   3.2478e-18  3.18467e-06  4.62217e-18  2.41386e-08  3.75129e-18 -3.68083e-07   2.2351e-18 -2.33473e-07  9.68259e-19 -1.03422e-07  2.44247e-19  -3.8207e-08 -2.86301e-20 -1.24472e-08 -6.87492e-20  -3.6668e-09 -4.17595e-20 -9.89939e-10 -1.75849e-20 -2.46853e-10 -7.09548e-21 -5.71286e-11 -3.79209e-21 -1.23058e-11 -2.45114e-21 -2.47123e-12 -1.46479e-21 -4.62988e-13  -7.3522e-22 -8.09229e-14 -3.09253e-22 -1.31872e-14 -1.11568e-22 -2.00133e-15 -3.56748e-23 -2.82404e-16 -1.05087e-23 -3.69742e-17 -2.95393e-24 -4.48009e-18 -8.05835e-25 -5.00833e-19 -2.11951e-25 -5.14667e-20 -5.28358e-26  -4.8407e-21 -1.23483e-26 -4.14585e-22 -2.71407e-27 -3.21365e-23 -5.70191e-28 -2.23812e-24 -1.17083e-28 -1.38799e-25 -2.38178e-29 -7.57988e-27 -4.74072e-30 -3.59273e-28 -8.86902e-31 -1.44866e-29 -1.48102e-31  -4.8153e-31 -2.10362e-32 -1.23882e-32 -2.43644e-33 -2.01657e-34 -2.20429e-34  6.65086e-37 -1.47184e-35  1.79296e-37 -6.58055e-37  5.96074e-39 -1.57155e-38  6.80715e-41
