  1.2448e-05 -3.19407e-22 -0.000111992  6.40021e-21  0.000355575 -2.74176e-20 -0.000569957  6.43528e-20  0.000431119 -8.85543e-20  9.23244e-06  5.05851e-20 -0.000245206 -1.64592e-20  6.86555e-05  7.42881e-20  0.000120544 -1.52073e-19 -4.52361e-05  1.37989e-19 -6.17324e-05 -2.98292e-20   1.8164e-05 -3.91978e-20   3.1621e-05  1.43583e-20 -2.97414e-06  8.95411e-21  -1.4468e-05 -5.06687e-21 -2.30164e-06  1.33653e-20  5.09152e-06 -1.88521e-20  2.41137e-06  8.14659e-21  -9.8667e-07   1.7863e-22 -1.13239e-06 -8.16881e-23 -1.25202e-07 -6.67667e-22  2.59982e-07  1.93585e-22  1.34563e-07  1.80677e-23 -6.98443e-10 -6.83199e-23 -2.47758e-08  3.13851e-23 -9.82077e-09  1.83879e-23 -8.79824e-10 -4.36079e-24  4.98925e-10 -1.64775e-24  1.84265e-10 -1.15238e-25  2.39786e-11  1.77066e-26  8.90552e-13
-3.19407e-22  0.000163668 -4.40145e-21 -0.000801717   4.6399e-20   0.00180669  -1.5497e-19  -0.00209846  3.10344e-19  0.000889746 -3.19419e-19  0.000644539  1.15684e-19 -0.000751855 -1.03677e-19   -0.0001659  3.76916e-19  0.000425741  -5.5574e-19  6.51776e-05   3.4832e-19 -0.000213721  3.74773e-20 -4.90543e-05 -1.25534e-19  9.40335e-05  1.10275e-21  3.85651e-05  1.85159e-20 -3.23438e-05 -1.31086e-20 -2.38306e-05  5.56641e-20  5.96964e-06 -5.06301e-20  1.05539e-05  1.02795e-20  1.43259e-06  2.97663e-21 -2.85068e-06  1.53611e-21 -1.47446e-06 -1.48816e-21  1.81915e-07  1.42569e-22  4.18163e-07 -1.65057e-23  1.32421e-07 -2.21981e-22 -1.78202e-08  6.63402e-23 -2.50716e-08  5.14395e-23 -7.36088e-09 -4.59062e-25 -6.42363e-10 -3.91179e-24   1.1951e-10 -2.06107e-25  2.67662e-11 -1.40095e-26
-0.000111992 -4.40145e-21   0.00102119  -2.4416e-20  -0.00330728  1.79368e-19   0.00547165 -5.29246e-19   -0.0044224  8.80125e-19  0.000271997 -6.27197e-19   0.00234887  1.72949e-19 -0.000943744 -4.73992e-19  -0.00108186  1.14259e-18  0.000620864 -1.23763e-18   0.00053927   4.3229e-19 -0.000292006  2.90961e-19 -0.000286394 -1.71661e-19  9.65753e-05 -4.86616e-20  0.000144805 -1.25706e-20 -1.00524e-05 -4.16762e-20 -6.11398e-05  1.37986e-19 -1.30966e-05  -7.6267e-20  1.80565e-05 -2.55015e-21  1.03446e-05  4.60196e-21 -1.98869e-06   5.6078e-21  -3.6773e-06 -1.31583e-21 -9.11574e-07  1.03375e-22  4.66413e-07 -1.42452e-22  3.64379e-07 -5.04684e-22  7.16453e-08  5.36942e-23 -1.75321e-08  8.50627e-23 -1.24146e-08  1.02556e-23 -2.64506e-09 -4.19579e-24 -2.12439e-10 -1.51181e-25 -9.92027e-13
 6.40021e-21 -0.000801717  -2.4416e-20   0.00400519 -7.95642e-20  -0.00929816  4.97726e-19    0.0113696 -1.33164e-18  -0.00563207  1.67776e-18  -0.00278417 -7.15973e-19   0.00439313  3.23873e-19   0.00025597 -1.39884e-18  -0.00242393  2.43593e-18  8.44242e-05 -1.88625e-18   0.00123993  7.68157e-20  1.05177e-05  6.16489e-19 -0.000592437 -4.19487e-20 -8.70314e-05 -4.68289e-20  0.000246058 -1.20265e-19  8.93959e-05 -1.18026e-19 -7.66056e-05  2.35859e-19 -5.50438e-05 -6.66165e-20  1.05649e-05 -2.83623e-20  2.17207e-05 -3.86499e-22  4.39761e-06  9.80289e-21  -4.4065e-06  3.00055e-22 -2.79979e-06  7.45578e-22 -1.61524e-07 -1.37381e-22  4.47302e-07 -8.16847e-22   2.0122e-07 -4.80758e-23  2.59716e-08   9.6389e-23 -6.27671e-09  1.74064e-23  -2.6526e-09 -2.29682e-24  -3.0343e-10  -2.5617e-26
 0.000355575   4.6399e-20  -0.00330728 -7.95642e-20    0.0110282 -1.97469e-19   -0.0190998  1.18174e-18     0.016909 -2.63114e-18  -0.00297849  2.17374e-18  -0.00790879 -3.34381e-19   0.00475404  7.72258e-19    0.0031264 -2.92442e-18  -0.00305862  3.94833e-18  -0.00140331 -1.93816e-18   0.00157429 -7.71642e-19  0.000764828  6.76837e-19 -0.000677327  2.49146e-19 -0.000444404  1.47952e-19  0.000218898 -2.77266e-19  0.000233105 -2.42651e-19 -3.00811e-05  3.00496e-19 -9.60844e-05 -1.40198e-20 -1.85613e-05 -5.23998e-20  2.54009e-05 -1.21505e-20  1.45678e-05  1.02621e-20 -1.46971e-06  1.78855e-21 -4.09234e-06  2.24788e-21 -1.33941e-06  3.06107e-22  1.63768e-07 -9.34155e-22   2.4434e-07  -1.9302e-22  7.24127e-08  7.99907e-23   7.4054e-09  1.43072e-23 -4.73277e-10 -2.89947e-25 -9.67729e-11
-2.74176e-20   0.00180669  1.79368e-19  -0.00929816 -1.97469e-19     0.022562 -4.59303e-19   -0.0296959  2.50728e-18    0.0178088 -4.06794e-18   0.00420919  1.67292e-18   -0.0122709  4.65732e-19     0.001978  1.47582e-18   0.00629675 -4.73192e-18  -0.00198837  5.08865e-18  -0.00316489 -1.03444e-18   0.00104049  -1.7026e-18   0.00161193  2.29013e-19 -0.000344933  4.79407e-19 -0.000787561   5.6998e-19  1.32605e-05 -4.06839e-19  0.000333794 -3.76655e-19  7.66832e-05  3.01251e-19 -0.000104339  5.95952e-20 -5.89572e-05 -6.02136e-20  1.43165e-05 -2.37335e-20  2.26869e-05  5.53576e-21  4.80337e-06  7.64768e-22 -3.40862e-06  3.68497e-21 -2.34266e-06  1.17204e-21 -4.03108e-07 -7.27234e-22  1.26124e-07 -2.71536e-22  7.54544e-08  5.21642e-23  1.44447e-08  5.91811e-24  1.00998e-09  4.53732e-25
-0.000569957  -1.5497e-19   0.00547165  4.97726e-19   -0.0190998 -4.59303e-19    0.0354542 -1.03326e-18   -0.0356213  4.53562e-18    0.0119193 -4.78543e-18    0.0128612 -2.38297e-20   -0.0128572  1.58158e-18  -0.00301107    1.984e-18   0.00782743 -6.34619e-18  0.000530867  5.36548e-18  -0.00418306  5.81395e-19 -0.000237006 -2.13066e-18   0.00207593 -6.07433e-19  0.000306899  4.28829e-19 -0.000920464  1.08056e-18 -0.000298711 -4.46966e-19  0.000325912 -4.77959e-19  0.000200949  2.45518e-19 -6.64121e-05   1.2185e-19 -9.14918e-05 -4.80251e-20 -9.71741e-06 -2.58245e-20  2.33609e-05 -1.70452e-21  1.16549e-05 -3.61079e-21 -5.55449e-07  3.66605e-21  -2.4233e-06  2.02278e-21 -9.02571e-07 -3.24454e-22 -8.56739e-08 -2.22235e-22   3.0861e-08  2.99166e-23  9.38433e-09  2.82146e-25  6.58806e-10
 6.43528e-20  -0.00209846 -5.29246e-19    0.0113696  1.18174e-18   -0.0296959 -1.03326e-18    0.0437974 -2.05019e-18   -0.0334187  6.69328e-18   0.00191411 -4.13678e-18    0.0185616 -2.37715e-18  -0.00940879  3.17895e-18  -0.00768235  1.87635e-18   0.00704018 -7.45359e-18   0.00326979  4.70829e-18   -0.0040306    2.227e-18  -0.00167999   -1.762e-18   0.00197158 -1.47824e-18   0.00100968  9.42513e-20 -0.000788122  1.47834e-18 -0.000597443 -3.80455e-19  0.000206479 -5.30534e-19  0.000294907  1.59263e-19  7.40923e-06  1.48473e-19 -0.000101505 -2.32007e-20 -3.82695e-05 -1.27085e-20  1.49373e-05 -6.34717e-21  1.57898e-05 -9.65003e-21  3.34348e-06  1.60745e-21 -1.37157e-06  2.31606e-21 -9.94252e-07 -4.93986e-24 -2.36282e-07 -9.61056e-23 -1.81654e-08  1.50698e-23   1.2619e-09 -8.60262e-25
 0.000431119  3.10344e-19   -0.0044224 -1.33164e-18     0.016909  2.50728e-18   -0.0356213 -2.05019e-18    0.0436137  -3.3419e-18   -0.0251363  7.96166e-18  -0.00694999  -2.4792e-18    0.0195432 -4.64403e-18  -0.00434088  5.39533e-18   -0.0103118  1.29679e-18   0.00481337 -8.00912e-18   0.00523711   3.3933e-18   -0.0030266  3.31796e-18  -0.00281132 -7.18555e-19   0.00143277 -2.11002e-18   0.00155477  -3.4765e-19 -0.000458722  1.64045e-18 -0.000799699 -2.22632e-19  1.47107e-05 -5.31292e-19  0.000330979  6.50051e-20   9.5156e-05  1.27649e-19 -8.43989e-05  3.25152e-22 -6.16062e-05  1.40313e-20 -2.96892e-07 -4.03275e-21  1.51232e-05  -1.4268e-20  6.54492e-06 -1.59033e-21  3.41043e-07  1.82527e-21 -6.13809e-07   6.1621e-23 -2.26916e-07  6.03979e-24 -3.23047e-08  3.51074e-24 -1.35646e-09
-8.85543e-20  0.000889746  8.80125e-19  -0.00563207 -2.63114e-18    0.0178088  4.53562e-18   -0.0334187  -3.3419e-18    0.0366576 -4.35674e-18    -0.016329   7.7686e-18   -0.0116198  -9.2355e-19    0.0175071 -6.41557e-18 -4.19916e-05  7.83611e-18   -0.0110162  8.80377e-19   0.00233722 -8.08144e-18   0.00625937  1.70179e-18  -0.00168868  3.66606e-18  -0.00349203  6.76098e-19  0.000679499 -2.42622e-18   0.00186841 -7.34674e-19 -3.08417e-05  1.55984e-18 -0.000875692 -9.08474e-21 -0.000201981 -4.69152e-19  0.000303289 -1.85014e-20  0.000174805  5.96578e-20 -4.42032e-05  8.04547e-21 -7.24094e-05  4.52546e-20 -1.76324e-05  6.14806e-21  9.56086e-06  -1.5035e-20  7.58874e-06 -4.08176e-21  1.84338e-06  8.38557e-22 -2.61212e-08 -4.53825e-23 -1.02449e-07  3.91308e-23 -1.70709e-08 -2.28575e-24
 9.23244e-06 -3.19419e-19  0.000271997  1.67776e-18  -0.00297849 -4.06794e-18    0.0119193  6.69328e-18   -0.0251363 -4.35674e-18    0.0285284 -4.55799e-18   -0.0108148  6.62827e-18   -0.0129216 -4.16352e-19    0.0149489 -7.61794e-18   0.00286017  9.68347e-18   -0.0107364   1.2047e-18   0.00016578 -7.64155e-18    0.0066048 -2.60688e-19 -0.000325998  3.37469e-18  -0.00377644  2.09799e-18 -0.000132306 -2.43912e-18   0.00195595 -1.02635e-18  0.000416608  1.29582e-18 -0.000828559  2.08201e-19 -0.000404013 -3.30368e-19  0.000220068 -6.90101e-20  0.000229545 -4.15187e-20  9.76665e-06 -8.59699e-21 -6.73363e-05  6.83454e-20  -3.1763e-05  2.08243e-20  9.12017e-07 -1.14742e-20  5.99246e-06 -4.38043e-21  2.38233e-06 -2.88167e-23  3.80817e-07 -1.15952e-22  9.23247e-09  3.07095e-23  -2.3117e-09
 5.05851e-20  0.000644539 -6.27197e-19  -0.00278417  2.17374e-18   0.00420919 -4.78543e-18   0.00191411  7.96166e-18    -0.016329 -4.55799e-18    0.0232832 -3.98757e-18  -0.00840396  5.79333e-18   -0.0131023 -1.18795e-18    0.0129123 -8.38293e-18    0.0048633   1.0273e-17   -0.0100832  2.41955e-18  -0.00166282 -6.52861e-18   0.00651404 -2.44377e-18  0.000944584  2.64474e-18  -0.00374579  3.28116e-18  -0.00091229 -2.15266e-18   0.00184794 -1.25309e-18  0.000828167  9.16668e-19 -0.000677083  3.71177e-19 -0.000562579 -1.18322e-19  9.73549e-05 -6.44626e-20  0.000249303 -1.49451e-19  6.58919e-05 -4.81824e-20 -4.72692e-05  7.39653e-20 -3.83883e-05  3.39305e-20 -7.80601e-06 -4.92978e-21  2.51382e-06 -2.38021e-21  1.80167e-06  -3.1708e-22  4.13158e-07 -5.24162e-23  3.73456e-08  1.53839e-23
-0.000245206  1.15684e-19   0.00234887 -7.15973e-19  -0.00790879  1.67292e-18    0.0128612 -4.13678e-18  -0.00694999   7.7686e-18   -0.0108148 -3.98757e-18    0.0209547   -3.295e-18  -0.00713451  6.32063e-18   -0.0132935  -2.6803e-18    0.0112364 -9.03275e-18   0.00640086  9.39124e-18  -0.00922446  4.30133e-18  -0.00319878 -4.61932e-18   0.00611507 -4.66949e-18   0.00207021  1.68611e-18  -0.00346892  4.04236e-18  -0.00160436 -1.58863e-18   0.00158278 -1.42361e-18   0.00116634  4.74557e-19  -0.00044754  4.32693e-19 -0.000659328  1.38843e-19 -4.51519e-05  4.71109e-21  0.000230849 -2.33727e-19  0.000112658 -1.00717e-19 -1.67899e-05  6.06644e-20 -3.54301e-05  3.98292e-20  -1.3462e-05   2.3067e-21 -1.15723e-06   6.0397e-22  6.55223e-07 -9.55456e-23  2.06547e-07  4.77231e-23  1.60681e-08
-1.64592e-20 -0.000751855  1.72949e-19   0.00439313 -3.34381e-19   -0.0122709 -2.38297e-20    0.0185616  -2.4792e-18   -0.0116198  6.62827e-18  -0.00840396   -3.295e-18     0.019696 -3.20752e-18  -0.00593245  8.35946e-18   -0.0134638 -3.78582e-18   0.00967965 -9.89975e-18   0.00757918  7.12963e-18  -0.00822436  6.46263e-18  -0.00445505 -2.03573e-18   0.00549941 -6.60462e-18   0.00302081  6.78518e-19  -0.00300879  4.32703e-18  -0.00217499  -8.4283e-19   0.00120116 -1.50242e-18   0.00140821  5.28191e-21 -0.000168972  3.69568e-19 -0.000685321  3.99087e-19 -0.000187023  1.28619e-19  0.000177227 -2.72135e-19  0.000140578   -1.527e-19  1.68895e-05   3.4073e-20 -2.37371e-05  3.60628e-20 -1.40728e-05     7.79e-21 -3.28281e-06  2.74754e-21  -2.3153e-07  1.84614e-22  2.63814e-08  6.14447e-23
 6.86555e-05 -1.03677e-19 -0.000943744  3.23873e-19   0.00475404  4.65732e-19   -0.0128572 -2.37715e-18    0.0195432  -9.2355e-19   -0.0129216  5.79333e-18  -0.00713451 -3.20752e-18    0.0184714  -4.0393e-18  -0.00482767  1.11038e-17    -0.013456    -3.47e-18   0.00824983 -1.10047e-17   0.00844081  3.72576e-18  -0.00716331  8.49227e-18  -0.00545297  7.82895e-19   0.00474421  -7.8967e-18   0.00378844 -2.62246e-19  -0.00242024  4.22187e-18  -0.00260773 -5.99291e-20  0.000741711 -1.45091e-18   0.00154221 -4.68101e-19  0.000129752  1.85677e-19 -0.000639635  6.22398e-19 -0.000309143  2.82852e-19  9.68448e-05 -2.59036e-19  0.000143723  -1.9126e-19  4.54474e-05  2.71276e-21 -7.11042e-06  2.43442e-20 -9.85691e-06  9.76187e-21 -3.17636e-06  3.01704e-21 -4.49653e-07  2.18641e-22 -1.97079e-08
 7.42881e-20   -0.0001659 -4.73992e-19   0.00025597  7.72258e-19     0.001978  1.58158e-18  -0.00940879 -4.64403e-18    0.0175071 -4.16352e-19   -0.0131023  6.32063e-18  -0.00593245  -4.0393e-18    0.0173256 -5.58719e-18  -0.00397819  1.34045e-17   -0.0133372  -1.4366e-18   0.00698329 -1.20196e-17   0.00906539 -3.89579e-19  -0.00609547  1.00633e-17  -0.00622914  3.23082e-18     0.003904 -8.36699e-18   0.00437827 -1.08426e-18  -0.00174727  3.89752e-18  -0.00289673  6.56475e-19  0.000239184 -1.26124e-18   0.00156502 -9.33342e-19  0.000421397 -9.33322e-20 -0.000528117  7.78492e-19 -0.000395216  4.38936e-19  2.37614e-06 -2.04764e-19  0.000120917 -2.05686e-19  6.13845e-05  -2.5128e-20  8.60628e-06  9.72922e-21 -3.41267e-06  8.18918e-21 -1.66339e-06  1.87336e-21 -2.41981e-07  9.73156e-23
 0.000120544  3.76916e-19  -0.00108186 -1.39884e-18    0.0031264  1.47582e-18  -0.00301107  3.17895e-18  -0.00434088 -6.41557e-18    0.0149489 -1.18795e-18   -0.0132935  8.35946e-18  -0.00482767 -5.58719e-18    0.0164288 -7.35833e-18  -0.00331724  1.45529e-17   -0.0131935  1.79172e-18   0.00585432 -1.26106e-17    0.0095187 -4.55143e-18  -0.00504261  1.10367e-17  -0.00681649  4.84704e-18   0.00301509 -8.12405e-18   0.00479977 -1.77444e-18  -0.00102493  3.51691e-18  -0.00304236  1.29922e-18 -0.000275428 -9.49701e-19   0.00147959 -1.37987e-18   0.00068108 -4.28522e-19 -0.000362447   8.4619e-19 -0.000433067  5.70178e-19  -9.0621e-05 -1.27269e-19  7.65111e-05 -1.89077e-19  6.02853e-05 -4.24033e-20  1.76476e-05 -1.66679e-21  1.66129e-06  4.93556e-21  -2.5609e-07  6.25716e-22 -4.44757e-08
-1.52073e-19  0.000425741  1.14259e-18  -0.00242393 -2.92442e-18   0.00629675    1.984e-18  -0.00768235  5.39533e-18 -4.19916e-05 -7.61794e-18    0.0129123  -2.6803e-18   -0.0134638  1.11038e-17  -0.00397819 -7.35833e-18    0.0157234 -8.92142e-18  -0.00275351  1.45998e-17   -0.0130401  5.39774e-18    0.0048321 -1.27632e-17   0.00983885 -8.01684e-18  -0.00401553  1.14716e-17  -0.00724099  5.55478e-18   0.00210322 -7.50694e-18   0.00506363 -2.35163e-18 -0.000281704  3.16669e-18  -0.00304878  1.92753e-18   -0.0007744 -5.32332e-19    0.0012939 -1.77894e-18  0.000886749 -7.75949e-19 -0.000159431  8.13215e-19 -0.000415957  6.51025e-19 -0.000165534 -4.34582e-20  2.04881e-05 -1.42544e-19  4.30895e-05 -4.49681e-20   1.7366e-05 -6.01368e-21  3.25545e-06  2.21687e-21  2.45164e-07  7.96612e-23
-4.52361e-05  -5.5574e-19  0.000620864  2.43593e-18  -0.00305862 -4.73192e-18   0.00782743  1.87635e-18   -0.0103118  7.83611e-18   0.00286017 -8.38293e-18    0.0112364 -3.78582e-18    -0.013456  1.34045e-17  -0.00331724 -8.92142e-18    0.0151238 -1.01334e-17  -0.00226482  1.40792e-17   -0.0128782  8.78243e-18   0.00390095 -1.27739e-17    0.0100539 -1.02326e-17  -0.00302045   1.1533e-17   -0.0075244  5.62881e-18   0.00118668 -6.88967e-18   0.00518046 -2.87742e-18  0.000458844  2.83405e-18  -0.00292255  2.58952e-18  -0.00123262 -1.42757e-20   0.00102035 -2.06776e-18   0.00101969 -1.09264e-18  5.96209e-05  6.81618e-19 -0.000343988  6.58132e-19 -0.000207219  3.28545e-20  -3.2626e-05 -7.92378e-20  1.72494e-05 -3.46083e-20  1.02927e-05  -4.2147e-21  2.14831e-06  8.32719e-22  1.45257e-07
 1.37989e-19  6.51776e-05 -1.23763e-18  8.44242e-05  3.94833e-18  -0.00198837 -6.34619e-18   0.00704018  1.29679e-18   -0.0110162  9.68347e-18    0.0048633 -9.03275e-18   0.00967965    -3.47e-18   -0.0133372  1.45529e-17  -0.00275351 -1.01334e-17    0.0146117 -1.11215e-17  -0.00184316  1.35627e-17   -0.0127175  1.16335e-17   0.00304702 -1.29991e-17    0.0101864 -1.10359e-17  -0.00205878  1.13995e-17  -0.00768425  5.45714e-18  0.000278409 -6.47546e-18   0.00515975 -3.44264e-18    0.0011765  2.41895e-18  -0.00267192   3.2604e-18  -0.00162698  5.97145e-19  0.000675628 -2.16184e-18   0.00106533  -1.3373e-18  0.000269683  4.74694e-19 -0.000225553  5.80258e-19 -0.000205412  8.84614e-20 -6.70516e-05 -2.13815e-20 -5.49117e-06 -1.92007e-20  2.48799e-06 -6.62558e-22   6.2588e-07  2.61426e-22
-6.17324e-05   3.4832e-19   0.00053927 -1.88625e-18  -0.00140331  5.08865e-18  0.000530867 -7.45359e-18   0.00481337  8.80377e-19   -0.0107364   1.0273e-17   0.00640086 -9.89975e-18   0.00824983  -1.4366e-18   -0.0131935  1.45998e-17  -0.00226482 -1.11215e-17    0.0141814  -1.2112e-17  -0.00147233  1.34385e-17   -0.0125647  1.37217e-17   0.00225595 -1.36051e-17    0.0102527 -1.06885e-17  -0.00112912  1.12096e-17  -0.00773386  5.33604e-18 -0.000611983 -6.20034e-18   0.00500947  -4.1133e-18   0.00185301  1.77904e-18  -0.00230667  3.82974e-18  -0.00193589  1.26601e-18  0.000281016 -2.00282e-18   0.00101446 -1.46794e-18  0.000443337  2.36588e-19 -7.84491e-05  4.31788e-19 -0.000159179  1.12446e-19 -7.23027e-05  1.20855e-20 -1.57539e-05 -7.24666e-21 -1.42519e-06  9.67057e-22 -9.35894e-09
-2.98292e-20 -0.000213721   4.3229e-19   0.00123993 -1.93816e-18  -0.00316489  5.36548e-18   0.00326979 -8.00912e-18   0.00233722   1.2047e-18   -0.0100832  9.39124e-18   0.00757918 -1.10047e-17   0.00698329  1.79172e-18   -0.0130401  1.40792e-17  -0.00184316  -1.2112e-17     0.013819 -1.32573e-17  -0.00113969  1.39019e-17   -0.0124219  1.48177e-17   0.00151567 -1.44561e-17    0.0102642 -9.73079e-18 -0.000228858  1.09952e-17  -0.00768291  5.41887e-18   -0.0014768 -5.78991e-18   0.00473611 -4.87194e-18   0.00247088  8.13202e-19  -0.00183844  4.14045e-18  -0.00213919  1.90987e-18 -0.000137152 -1.61097e-18   0.00086512 -1.44715e-18  0.000553178  2.07881e-20  6.98964e-05  2.55806e-19 -8.17339e-05  1.04047e-19 -5.08933e-05  1.80611e-20 -1.31975e-05 -1.81653e-21 -1.49728e-06  4.50748e-22
  1.8164e-05  3.74773e-20 -0.000292006  7.68157e-20   0.00157429 -1.03444e-18  -0.00418306  4.70829e-18   0.00523711 -8.08144e-18   0.00016578  2.41955e-18  -0.00922446  7.12963e-18   0.00844081 -1.20196e-17   0.00585432  5.39774e-18   -0.0128782  1.35627e-17  -0.00147233 -1.32573e-17    0.0135133 -1.45394e-17 -0.000837392  1.49412e-17   -0.0122909  1.48389e-17  0.000815854 -1.51688e-17    0.0102292 -8.72125e-18  0.000645317  1.06211e-17  -0.00753791  5.74684e-18  -0.00230916 -4.93343e-18   0.00434485 -5.60162e-18   0.00301244 -4.46398e-19  -0.00128146  4.06393e-18  -0.00221845  2.41014e-18 -0.000546963 -1.09175e-18  0.000625316 -1.26079e-18  0.000575797 -1.26913e-19  0.000184606  1.08024e-19 -1.16668e-06  7.63895e-20 -1.94229e-05  8.98989e-21 -5.63595e-06 -5.41789e-22 -4.70897e-07
-3.91978e-20 -4.90543e-05  2.90961e-19  1.05177e-05 -7.71642e-19   0.00104049  5.81395e-19   -0.0040306   3.3933e-18   0.00625937 -7.64155e-18  -0.00166282  4.30133e-18  -0.00822436  3.72576e-18   0.00906539 -1.26106e-17    0.0048321  8.78243e-18   -0.0127175  1.34385e-17  -0.00113969 -1.45394e-17     0.013258 -1.57608e-17 -0.000558755  1.62559e-17   -0.0121727  1.39984e-17  0.000147177 -1.53038e-17     0.010153 -8.00777e-18   0.00149691  9.83342e-18  -0.00730255  6.26915e-18  -0.00310205 -3.47768e-18   0.00383998  -6.1245e-18   0.00345899 -1.80727e-18 -0.000653654  3.57511e-18  -0.00215794  2.65146e-18 -0.000910678 -5.80398e-19  0.000316139 -9.37551e-19   0.00049815 -1.83239e-19  0.000232167  2.74609e-20  5.04266e-05   4.7559e-20  2.75075e-06   1.3354e-22 -6.42062e-07 -2.82616e-22
  3.1621e-05 -1.25534e-19 -0.000286394  6.16489e-19  0.000764828  -1.7026e-18 -0.000237006    2.227e-18   -0.0030266  1.70179e-18    0.0066048 -6.52861e-18  -0.00319878  6.46263e-18  -0.00716331 -3.89579e-19    0.0095187 -1.27632e-17   0.00390095  1.16335e-17   -0.0125647  1.39019e-17 -0.000837392 -1.57608e-17    0.0130477 -1.66155e-17 -0.000297984  1.72649e-17   -0.0120677  1.27242e-17 -0.000498747  -1.4585e-17    0.0100388  -7.6541e-18   0.00232927  8.42854e-18  -0.00697794  6.85957e-18  -0.00384748 -1.52399e-18   0.00322546 -6.26971e-18   0.00379015 -2.99773e-18  2.18031e-05   2.7791e-18  -0.00194648  2.56924e-18  -0.00118557 -1.70636e-19 -2.49508e-05 -5.52364e-19  0.000328425 -1.57023e-19  0.000199274  1.37425e-20  5.79973e-05  2.75362e-20  8.47331e-06 -1.65793e-21  4.23557e-07
 1.43583e-20  9.40335e-05 -1.71661e-19 -0.000592437  6.76837e-19   0.00161193 -2.13066e-18  -0.00167999  3.31796e-18  -0.00168868 -2.60688e-19   0.00651404 -4.61932e-18  -0.00445505  8.49227e-18  -0.00609547 -4.55143e-18   0.00983885 -1.27739e-17   0.00304702  1.37217e-17   -0.0124219  1.49412e-17 -0.000558755 -1.66155e-17    0.0128781 -1.68104e-17 -5.03285e-05  1.73481e-17   -0.0119759  1.13918e-17  -0.00112957 -1.30133e-17   0.00988759 -7.53431e-18   0.00314527  6.40426e-18  -0.00656289  7.36795e-18  -0.00453569  6.27619e-19   0.00250574 -5.93827e-18   0.00398354 -3.79994e-18  0.000714645  1.86438e-18  -0.00158089  2.17983e-18  -0.00132679  1.08188e-19 -0.000340721 -2.08134e-19  0.000109482 -8.82208e-20  0.000110749   3.2329e-20  3.52614e-05  1.58984e-20  4.76485e-06  8.14801e-22
-2.97414e-06  1.10275e-21  9.65753e-05 -4.19487e-20 -0.000677327  2.29013e-19   0.00207593   -1.762e-18  -0.00281132  3.66606e-18 -0.000325998 -2.44377e-18   0.00611507 -2.03573e-18  -0.00545297  1.00633e-17  -0.00504261 -8.01684e-18    0.0100539 -1.29991e-17   0.00225595  1.48177e-17   -0.0122909  1.62559e-17 -0.000297984 -1.68104e-17    0.0127461 -1.61799e-17  0.000188339  1.62068e-17   -0.0118971   1.0142e-17  -0.00175242 -1.08207e-17   0.00969867 -7.50572e-18   0.00394706   3.9583e-18  -0.00605405  7.68187e-18  -0.00515423  2.63412e-18   0.00168701 -5.14876e-18   0.00401477 -4.12791e-18   0.00138506  1.00798e-18  -0.00107123    1.575e-18  -0.00129233  2.55778e-19 -0.000555457  2.19075e-21 -8.23779e-05 -2.66606e-20  2.10892e-05  4.54276e-20  1.01688e-05  9.07399e-21  1.01674e-06
 8.95411e-21  3.85651e-05 -4.86616e-20 -8.70314e-05  2.49146e-19 -0.000344933 -6.07433e-19   0.00197158 -7.18555e-19  -0.00349203  3.37469e-18  0.000944584 -4.66949e-18   0.00549941  7.82895e-19  -0.00622914  1.10367e-17  -0.00401553 -1.02326e-17    0.0101864 -1.36051e-17   0.00151567  1.48389e-17   -0.0121727  1.72649e-17 -5.03285e-05 -1.61799e-17    0.0126492 -1.47484e-17  0.000421753  1.40405e-17   -0.0118308  8.95453e-18  -0.00237407 -8.31861e-18   0.00946954 -7.53998e-18   0.00473576  1.36681e-18  -0.00544614  7.74457e-18  -0.00568705  4.25016e-18  0.000778871 -4.04829e-18   0.00385808 -4.01333e-18   0.00198113  2.94368e-19 -0.000447023   8.8321e-19  -0.00105466  2.66215e-19 -0.000598097  4.46483e-20 -0.000174656  5.82046e-22 -2.53674e-05  3.75342e-20 -1.12767e-06  4.84958e-21
 -1.4468e-05  1.85159e-20  0.000144805 -4.68289e-20 -0.000444404  4.79407e-19  0.000306899 -1.47824e-18   0.00143277  6.76098e-19  -0.00377644  2.64474e-18   0.00207021 -6.60462e-18   0.00474421  3.23082e-18  -0.00681649  1.14716e-17  -0.00302045 -1.10359e-17    0.0102527 -1.44561e-17  0.000815854  1.39984e-17   -0.0120677  1.73481e-17  0.000188339 -1.47484e-17    0.0125858 -1.27272e-17  0.000653378  1.13795e-17   -0.0117761   7.8608e-18  -0.00300112 -5.76288e-18   0.00919591 -7.73456e-18   0.00551102 -1.12245e-18  -0.00473217  7.53642e-18  -0.00611326  5.37623e-18  -0.00020346 -2.86298e-18   0.00348799  -3.5572e-18    0.0024383 -2.93219e-19  0.000233409  2.30899e-19 -0.000630907  1.47577e-19 -0.000455272 -2.96611e-20 -0.000153746  1.79902e-23  -2.6725e-05  1.56402e-20 -1.67713e-06
-5.06687e-21 -3.23438e-05 -1.25706e-20  0.000246058  1.47952e-19 -0.000787561  4.28829e-19   0.00100968 -2.11002e-18  0.000679499  2.09799e-18  -0.00374579  1.68611e-18   0.00302081  -7.8967e-18     0.003904  4.84704e-18  -0.00724099   1.1533e-17  -0.00205878 -1.06885e-17    0.0102642 -1.51688e-17  0.000147177  1.27242e-17   -0.0119759  1.62068e-17  0.000421753 -1.27272e-17     0.012555 -1.04575e-17  0.000886561  8.74934e-18   -0.0117323  7.05189e-18  -0.00364004 -3.31933e-18   0.00887147  -8.2148e-18   0.00627054 -3.31949e-18  -0.00390372  7.07765e-18  -0.00640615  6.02305e-18  -0.00123595 -1.78404e-18   0.00288459 -2.89316e-18   0.00267988 -7.87777e-19  0.000864083  -2.6373e-19 -0.000124068 -3.55727e-20 -0.000210753 -1.20143e-19 -7.64612e-05 -1.04665e-20 -1.13663e-05 -2.77343e-21
-2.30164e-06 -1.31086e-20 -1.00524e-05 -1.20265e-19  0.000218898   5.6998e-19 -0.000920464  9.42513e-20   0.00155477 -2.42622e-18 -0.000132306  3.28116e-18  -0.00346892  6.78518e-19   0.00378844 -8.36699e-18   0.00301509  5.55478e-18   -0.0075244  1.13995e-17  -0.00112912 -9.73079e-18    0.0102292 -1.53038e-17 -0.000498747  1.13918e-17   -0.0118971  1.40405e-17  0.000653378 -1.04575e-17    0.0125562 -8.32079e-18   0.00112466  6.46882e-18    -0.011698  6.80599e-18  -0.00429742 -1.11535e-18   0.00848772 -9.01475e-18   0.00700936 -5.09633e-18  -0.00295173   6.4578e-18  -0.00653201  6.25864e-18  -0.00227973 -8.45399e-19   0.00204103 -2.13181e-18   0.00261497 -1.11879e-18   0.00128102 -4.92559e-19  0.000284164  -1.7826e-19 -3.20932e-06 -1.51761e-19 -1.42479e-05 -2.07369e-20 -1.72797e-06
 1.33653e-20 -2.38306e-05 -4.16762e-20  8.93959e-05 -2.77266e-19  1.32605e-05  1.08056e-18 -0.000788122  -3.4765e-19   0.00186841 -2.43912e-18  -0.00091229  4.04236e-18  -0.00300879 -2.62246e-19   0.00437827 -8.12405e-18   0.00210322  5.62881e-18  -0.00768425  1.12096e-17 -0.000228858 -8.72125e-18     0.010153  -1.4585e-17  -0.00112957   1.0142e-17   -0.0118308  1.13795e-17  0.000886561 -8.32079e-18    0.0125896 -6.65397e-18   0.00137117   4.6817e-18   -0.0116717  7.34927e-18  -0.00497995   7.1374e-19   0.00803357 -1.00376e-17   0.00771865 -6.41423e-18  -0.00186773  5.81566e-18  -0.00644743  6.19773e-18  -0.00327476  1.14976e-19     0.000969 -1.28419e-18   0.00215479  -1.1031e-18   0.00132082 -4.13113e-19   0.00043983 -2.13295e-19  8.11183e-05  -1.1515e-19  6.75504e-06 -2.35856e-20
 5.09152e-06  5.56641e-20 -6.11398e-05 -1.18026e-19  0.000233105 -4.06839e-19 -0.000298711  1.47834e-18 -0.000458722 -7.34674e-19   0.00195595 -2.15266e-18  -0.00160436  4.32703e-18  -0.00242024 -1.08426e-18   0.00479977 -7.50694e-18   0.00118668  5.45714e-18  -0.00773386  1.09952e-17  0.000645317 -8.00777e-18    0.0100388 -1.30133e-17  -0.00175242  8.95453e-18   -0.0117761  8.74934e-18   0.00112466 -6.65397e-18    0.0126559 -5.70524e-18   0.00162987  3.48676e-18   -0.0116514  8.76922e-18  -0.00569448  2.05356e-18   0.00749469 -1.11302e-17   0.00838404 -7.34436e-18 -0.000644264  5.22574e-18  -0.00609887  6.01881e-18  -0.00413889  1.32921e-18 -0.000278458 -2.88297e-19   0.00129636   -6.321e-19  0.000961801 -1.23179e-19  0.000345215 -1.52473e-19  6.47899e-05 -4.83548e-20   4.4423e-06
-1.88521e-20  5.96964e-06  1.37986e-19 -7.66056e-05 -2.42651e-19  0.000333794 -4.46966e-19 -0.000597443  1.64045e-18 -3.08417e-05 -1.02635e-18   0.00184794 -1.58863e-18  -0.00217499  4.22187e-18  -0.00174727 -1.77444e-18   0.00506363 -6.88967e-18  0.000278409  5.33604e-18  -0.00768291  1.06211e-17   0.00149691  -7.6541e-18   0.00988759 -1.08207e-17  -0.00237407   7.8608e-18   -0.0117323  6.46882e-18   0.00137117 -5.70524e-18    0.0127565 -5.63984e-18   0.00190495  2.99858e-18   -0.0116343  1.09936e-17  -0.00644829  2.89458e-18   0.00685258 -1.21974e-17   0.00898491 -8.04089e-18  0.000721554   4.5797e-18  -0.00543056   5.9005e-18  -0.00475554  2.80446e-18  -0.00153313   7.9111e-19  0.000244969  1.16204e-19  0.000410181  1.70802e-19  0.000153738 -4.46446e-20  2.37043e-05 -1.96606e-21
 2.41137e-06 -5.06301e-20 -1.30966e-05  2.35859e-19 -3.00811e-05 -3.76655e-19  0.000325912 -3.80455e-19 -0.000799699  1.55984e-18  0.000416608 -1.25309e-18   0.00158278  -8.4283e-19  -0.00260773  3.89752e-18  -0.00102493 -2.35163e-18   0.00518046 -6.47546e-18 -0.000611983  5.41887e-18  -0.00753791  9.83342e-18   0.00232927 -7.53431e-18   0.00969867 -8.31861e-18  -0.00300112  7.05189e-18    -0.011698   4.6817e-18   0.00162987 -5.63984e-18    0.0128932 -6.56363e-18   0.00220134  3.29841e-18   -0.0116171  1.38073e-17  -0.00724913  3.37683e-18   0.00608519 -1.32125e-17   0.00949083 -8.67897e-18   0.00221538  3.59166e-18  -0.00438487   5.8083e-18  -0.00492775  4.07021e-18  -0.00244868  1.62164e-18 -0.000601067  7.41847e-19 -2.57777e-05  3.08881e-19  2.01713e-05  5.70213e-20  2.79639e-06
 8.14659e-21  1.05539e-05  -7.6267e-20 -5.50438e-05  3.00496e-19  7.66832e-05 -4.77959e-19  0.000206479 -2.22632e-19 -0.000875692  1.29582e-18  0.000828167 -1.42361e-18   0.00120116 -5.99291e-20  -0.00289673  3.51691e-18 -0.000281704 -2.87742e-18   0.00515975 -6.20034e-18   -0.0014768  5.74684e-18  -0.00730255  8.42854e-18   0.00314527 -7.50572e-18   0.00946954 -5.76288e-18  -0.00364004  6.80599e-18   -0.0116717  3.48676e-18   0.00190495 -6.56363e-18    0.0130691 -8.50969e-18   0.00252468  4.33337e-18   -0.0115954  1.68957e-17   -0.0081037  3.72177e-18   0.00516519  -1.4075e-17   0.00984996 -9.40387e-18   0.00380101  1.94433e-18  -0.00287855  5.33273e-18  -0.00437837  4.36196e-18  -0.00263117  1.82535e-18 -0.000911712  9.51657e-19 -0.000183023  2.86471e-19 -1.77192e-05  9.43444e-20
 -9.8667e-07  1.02795e-20  1.80565e-05 -6.66165e-20 -9.60844e-05  3.01251e-19  0.000200949 -5.30534e-19  1.47107e-05 -9.08474e-21 -0.000828559  9.16668e-19   0.00116634 -1.50242e-18  0.000741711  6.56475e-19  -0.00304236  3.16669e-18  0.000458844 -3.44264e-18   0.00500947 -5.78991e-18  -0.00230916  6.26915e-18  -0.00697794  6.40426e-18   0.00394706 -7.53998e-18   0.00919591 -3.31933e-18  -0.00429742  7.34927e-18   -0.0116514  2.99858e-18   0.00220134 -8.50969e-18    0.0132876 -1.13575e-17   0.00288156  5.84686e-18   -0.0115618   1.9888e-17  -0.00901787  4.09978e-18    0.0040516 -1.44791e-17   0.00998827 -1.03041e-17   0.00543846 -4.71669e-19 -0.000839708  3.95658e-18  -0.00295783  3.30174e-18  -0.00198396  1.38821e-18 -0.000707013  7.55801e-19 -0.000135431   1.9356e-19 -9.59521e-06
  1.7863e-22  1.43259e-06 -2.55015e-21  1.05649e-05 -1.40198e-20 -0.000104339  2.45518e-19  0.000294907 -5.31292e-19 -0.000201981  2.08201e-19 -0.000677083  4.74557e-19   0.00140821 -1.45091e-18  0.000239184  1.29922e-18  -0.00304878  2.83405e-18    0.0011765  -4.1133e-18   0.00473611 -4.93343e-18  -0.00310205  6.85957e-18  -0.00656289   3.9583e-18   0.00473576 -7.73456e-18   0.00887147 -1.11535e-18  -0.00497995  8.76922e-18   -0.0116343  3.29841e-18   0.00252468 -1.13575e-17    0.0135535 -1.47389e-17   0.00328142   7.4169e-18    -0.011506  2.23667e-17   -0.0100031  4.57501e-18   0.00269458 -1.40122e-17   0.00983317  -1.1314e-17   0.00704067 -3.26238e-18   0.00156703  1.70198e-18 -0.000979602  1.40659e-18 -0.000909793   6.9936e-19 -0.000315716  3.49781e-19 -4.77865e-05  1.17103e-19
-1.13239e-06  2.97663e-21  1.03446e-05 -2.83623e-20 -1.85613e-05  5.95952e-20 -6.64121e-05  1.59263e-19  0.000330979 -4.69152e-19 -0.000404013  3.71177e-19  -0.00044754  5.28191e-21   0.00154221 -1.26124e-18 -0.000275428  1.92753e-18  -0.00292255  2.41895e-18   0.00185301 -4.87194e-18   0.00434485 -3.47768e-18  -0.00384748  7.36795e-18  -0.00605405  1.36681e-18   0.00551102  -8.2148e-18   0.00848772   7.1374e-19  -0.00569448  1.09936e-17   -0.0116171  4.33337e-18   0.00288156 -1.47389e-17    0.0138741 -1.80589e-17    0.0037365  8.62269e-18   -0.0114206  2.38782e-17   -0.0110683   5.1977e-18    0.0010659 -1.23959e-17   0.00927937 -1.19631e-17   0.00827458 -5.41383e-18   0.00369505 -5.96588e-19  0.000765058 -2.79918e-19 -3.35005e-05  1.13877e-19  -4.7559e-05 -2.44509e-20 -5.65007e-06
-8.16881e-23 -2.85068e-06  4.60196e-21  2.17207e-05 -5.23998e-20 -5.89572e-05   1.2185e-19  7.40923e-06  6.50051e-20  0.000303289 -3.30368e-19 -0.000562579  4.32693e-19 -0.000168972 -4.68101e-19   0.00156502 -9.49701e-19   -0.0007744  2.58952e-18  -0.00267192  1.77904e-18   0.00247088 -5.60162e-18   0.00383998 -1.52399e-18  -0.00453569  7.68187e-18  -0.00544614 -1.12245e-18   0.00627054 -9.01475e-18   0.00803357  2.05356e-18  -0.00644829  1.38073e-17   -0.0115954  5.84686e-18   0.00328142 -1.80589e-17    0.0142592 -2.06877e-17    0.0042557  9.21196e-18   -0.0112921  2.40336e-17   -0.0121866  6.14028e-18 -0.000866669 -9.56495e-18   0.00802749 -1.12962e-17   0.00843556 -5.80409e-18     0.004631 -1.95045e-18   0.00155379 -1.09325e-18  0.000310238 -3.21282e-19  3.04902e-05 -1.43122e-19
-1.25202e-07  1.53611e-21 -1.98869e-06 -3.86499e-22  2.54009e-05 -6.02136e-20 -9.14918e-05  1.48473e-19   9.5156e-05 -1.85014e-20  0.000220068 -1.18322e-19 -0.000659328  3.69568e-19  0.000129752 -9.33342e-19   0.00147959 -5.32332e-19  -0.00123262   3.2604e-18  -0.00230667  8.13202e-19   0.00301244  -6.1245e-18   0.00322546  6.27619e-19  -0.00515423  7.74457e-18  -0.00473217 -3.31949e-18   0.00700936 -1.00376e-17   0.00749469  2.89458e-18  -0.00724913  1.68957e-17   -0.0115618   7.4169e-18    0.0037365 -2.06877e-17     0.014715 -2.21821e-17    0.0048532  9.08921e-18   -0.0110679  2.27175e-17   -0.0133186  7.64445e-18  -0.00327439 -5.66332e-18     0.005559 -8.54111e-18   0.00685625 -4.23736e-18   0.00394511 -2.13486e-18   0.00133337 -1.14259e-18  0.000250942 -5.74165e-19  1.77731e-05
-6.67667e-22 -1.47446e-06   5.6078e-21  4.39761e-06 -1.21505e-20  1.43165e-05 -4.80251e-20 -0.000101505  1.27649e-19  0.000174805 -6.90101e-20  9.73549e-05  1.38843e-19 -0.000685321  1.85677e-19  0.000421397 -1.37987e-18    0.0012939 -1.42757e-20  -0.00162698  3.82974e-18  -0.00183844 -4.46398e-19   0.00345899 -6.26971e-18   0.00250574  2.63412e-18  -0.00568705  7.53642e-18  -0.00390372 -5.09633e-18   0.00771865 -1.11302e-17   0.00685258  3.37683e-18   -0.0081037   1.9888e-17    -0.011506  8.62269e-18    0.0042557 -2.21821e-17    0.0152521 -2.23353e-17   0.00558054   8.1988e-18    -0.010682  2.02519e-17   -0.0145365  9.60023e-18  -0.00643181 -1.30643e-18   0.00165756 -4.19768e-18   0.00372741  -1.8667e-18   0.00220628 -1.66824e-18  0.000674112 -8.83231e-19  9.66765e-05 -5.38392e-19
 2.59982e-07 -1.48816e-21  -3.6773e-06  9.80289e-21  1.45678e-05 -2.37335e-20 -9.71741e-06 -2.32007e-20 -8.43989e-05  5.96578e-20  0.000229545 -6.44626e-20 -4.51519e-05  3.99087e-19 -0.000639635 -9.33322e-20   0.00068108 -1.77894e-18   0.00102035  5.97145e-19  -0.00193589  4.14045e-18  -0.00128146 -1.80727e-18   0.00379015 -5.93827e-18   0.00168701  4.25016e-18  -0.00611326  7.07765e-18  -0.00295173 -6.41423e-18   0.00838404 -1.21974e-17   0.00608519  3.72177e-18  -0.00901787  2.23667e-17   -0.0114206  9.21196e-18    0.0048532 -2.23353e-17    0.0159176 -2.10678e-17   0.00649843  6.56256e-18   -0.0101758  1.72077e-17   -0.0159604  1.10425e-17   -0.0101599  2.22289e-18  -0.00283153 -9.16385e-20  0.000353787 -1.92158e-19    0.0005474 -9.41377e-19  0.000164636 -5.85291e-19  1.51488e-05
 1.93585e-22  1.81915e-07 -1.31583e-21  -4.4065e-06  1.02621e-20  2.26869e-05 -2.58245e-20 -3.82695e-05  3.25152e-22 -4.42032e-05 -4.15187e-20  0.000249303  4.71109e-21 -0.000187023  6.22398e-19 -0.000528117 -4.28522e-19  0.000886749 -2.06776e-18  0.000675628  1.26601e-18  -0.00213919  4.06393e-18 -0.000653654 -2.99773e-18   0.00398354 -5.14876e-18  0.000778871  5.37623e-18  -0.00640615   6.4578e-18  -0.00186773 -7.34436e-18   0.00898491 -1.32125e-17   0.00516519  4.09978e-18   -0.0100031  2.38782e-17   -0.0112921  9.08921e-18   0.00558054 -2.10678e-17    0.0167654 -1.84524e-17   0.00755564  4.35374e-18  -0.00962543  1.37835e-17   -0.0172103   1.0395e-17   -0.0132044  3.65668e-18  -0.00610311  2.14836e-18  -0.00175445  4.24927e-19 -0.000290043 -5.78637e-21  -2.1398e-05 -5.23393e-19
 1.34563e-07  1.42569e-22 -9.11574e-07  3.00055e-22 -1.46971e-06  5.53576e-21  2.33609e-05 -1.27085e-20 -6.16062e-05  8.04547e-21  9.76665e-06 -1.49451e-19  0.000230849  1.28619e-19 -0.000309143  7.78492e-19 -0.000362447 -7.75949e-19   0.00101969 -2.16184e-18  0.000281016  1.90987e-18  -0.00221845  3.57511e-18  2.18031e-05 -3.79994e-18   0.00401477 -4.04829e-18  -0.00020346  6.02305e-18  -0.00653201  5.81566e-18 -0.000644264 -8.04089e-18   0.00949083  -1.4075e-17    0.0040516  4.57501e-18   -0.0110683  2.40336e-17   -0.0110679   8.1988e-18   0.00649843 -1.84524e-17    0.0177354 -1.51268e-17   0.00866565  1.60709e-18  -0.00861305  9.38936e-18   -0.0169315  6.79302e-18   -0.0136904  2.97408e-18  -0.00673422  2.49221e-18  -0.00209305  1.00172e-18 -0.000374715  7.05792e-19 -2.57773e-05
 1.80677e-23  4.18163e-07  1.03375e-22 -2.79979e-06  1.78855e-21  4.80337e-06 -1.70452e-21  1.49373e-05  1.40313e-20 -7.24094e-05 -8.59699e-21  6.58919e-05 -2.33727e-19  0.000177227  2.82852e-19 -0.000395216   8.4619e-19 -0.000159431 -1.09264e-18   0.00106533 -2.00282e-18 -0.000137152  2.41014e-18  -0.00215794   2.7791e-18  0.000714645 -4.12791e-18   0.00385808 -2.86298e-18  -0.00123595  6.25864e-18  -0.00644743  5.22574e-18  0.000721554 -8.67897e-18   0.00984996 -1.44791e-17   0.00269458   5.1977e-18   -0.0121866  2.27175e-17    -0.010682  6.56256e-18   0.00755564 -1.51268e-17    0.0187307 -1.26984e-17    0.0102199 -2.11782e-18  -0.00586714  3.30863e-18   -0.0135247  1.36592e-18   -0.0107628  1.63365e-18  -0.00495634   2.2748e-18  -0.00135018  2.20355e-18 -0.000182167  2.21329e-19
-6.98443e-10 -1.65057e-23  4.66413e-07  7.45578e-22 -4.09234e-06  7.64768e-22  1.16549e-05 -6.34717e-21 -2.96892e-07  4.52546e-20 -6.73363e-05 -4.81824e-20  0.000112658 -2.72135e-19  9.68448e-05  4.38936e-19 -0.000433067  8.13215e-19  5.96209e-05  -1.3373e-18   0.00101446 -1.61097e-18 -0.000546963  2.65146e-18  -0.00194648  1.86438e-18   0.00138506 -4.01333e-18   0.00348799 -1.78404e-18  -0.00227973  6.19773e-18  -0.00609887   4.5797e-18   0.00221538 -9.40387e-18   0.00998827 -1.40122e-17    0.0010659  6.14028e-18   -0.0133186  2.02519e-17   -0.0101758  4.35374e-18   0.00866565 -1.26984e-17    0.0201263 -1.30555e-17    0.0133808 -7.18813e-18 -0.000167043 -3.84352e-18  -0.00692653 -3.08865e-18  -0.00570712   1.1967e-18  -0.00237897   2.9407e-18 -0.000522354  2.83991e-18 -4.16932e-05
-6.83199e-23  1.32421e-07 -1.42452e-22 -1.61524e-07  2.24788e-21 -3.40862e-06 -3.61079e-21  1.57898e-05 -4.03275e-21 -1.76324e-05  6.83454e-20 -4.72692e-05 -1.00717e-19  0.000140578 -2.59036e-19  2.37614e-06  5.70178e-19 -0.000415957  6.81618e-19  0.000269683 -1.46794e-18   0.00086512 -1.09175e-18 -0.000910678  2.56924e-18  -0.00158089  1.00798e-18   0.00198113  -3.5572e-18   0.00288459 -8.45399e-19  -0.00327476  6.01881e-18  -0.00543056  3.59166e-18   0.00380101 -1.03041e-17   0.00983317 -1.23959e-17 -0.000866669  7.64445e-18   -0.0145365  1.72077e-17  -0.00962543  1.60709e-18    0.0102199 -1.30555e-17    0.0230399 -1.64148e-17     0.019088 -1.26963e-17   0.00785059 -9.56506e-18  0.000559855 -4.17952e-18  -0.00106243   2.0693e-18 -0.000521281  4.34575e-18  -9.2135e-05   1.2977e-18
-2.47758e-08 -2.21981e-22  3.64379e-07 -1.37381e-22 -1.33941e-06  3.68497e-21 -5.55449e-07 -9.65003e-21  1.51232e-05  6.14806e-21  -3.1763e-05  7.39653e-20 -1.67899e-05   -1.527e-19  0.000143723 -2.04764e-19  -9.0621e-05  6.51025e-19 -0.000343988  4.74694e-19  0.000443337 -1.44715e-18  0.000625316 -5.80398e-19  -0.00118557  2.17983e-18  -0.00107123  2.94368e-19    0.0024383 -2.89316e-18   0.00204103  1.14976e-19  -0.00413889   5.9005e-18  -0.00438487  1.94433e-18   0.00543846  -1.1314e-17   0.00927937 -9.56495e-18  -0.00327439  9.60023e-18   -0.0159604  1.37835e-17  -0.00861305 -2.11782e-18    0.0133808 -1.64148e-17    0.0283123 -2.02756e-17     0.026272 -1.63458e-17    0.0151732 -1.10892e-17   0.00577345 -2.00274e-18   0.00140949  3.78805e-18  0.000197082  4.42594e-18  1.05334e-05
 3.13851e-23 -1.78202e-08 -5.04684e-22  4.47302e-07  3.06107e-22 -2.34266e-06  3.66605e-21  3.34348e-06  -1.4268e-20  9.56086e-06  2.08243e-20 -3.83883e-05  6.06644e-20  1.68895e-05  -1.9126e-19  0.000120917 -1.27269e-19 -0.000165534  6.58132e-19 -0.000225553  2.36588e-19  0.000553178 -1.26079e-18  0.000316139 -1.70636e-19  -0.00132679    1.575e-18 -0.000447023 -2.93219e-19   0.00267988 -2.13181e-18     0.000969  1.32921e-18  -0.00475554   5.8083e-18  -0.00287855 -4.71669e-19   0.00704067 -1.19631e-17   0.00802749 -5.66332e-18  -0.00643181  1.10425e-17   -0.0172103  9.38936e-18  -0.00586714 -7.18813e-18     0.019088 -2.02756e-17    0.0347343 -2.13493e-17    0.0315655 -1.61397e-17    0.0184279 -8.00182e-18   0.00715469  1.22356e-18   0.00174866  5.12896e-18  0.000219814  1.93117e-18
