 9.66641e-05  1.91924e-21 -0.000676407 -3.01263e-20   0.00126843  1.41494e-19 -0.000659424 -3.43523e-19 -0.000192293  4.92025e-19  7.91234e-05 -4.30147e-19  4.27654e-05  2.18283e-19  6.02986e-06 -6.20763e-20  -2.9133e-07  8.55777e-21 -1.51266e-07  9.12684e-22 -9.13442e-09
 1.91924e-21   0.00107658  1.51279e-20  -0.00392748 -1.54373e-19   0.00469138  5.50302e-19 -0.000919356 -1.08513e-18 -0.000961549  1.32228e-18 -5.90126e-05 -9.86521e-19  8.14927e-05  4.02989e-19  2.53956e-05  -9.3556e-20  2.88237e-06  1.39421e-20  8.79453e-08  8.33244e-22
-0.000676407  1.51279e-20     0.005536  6.03785e-20   -0.0127915 -4.30884e-19   0.00960876  1.19077e-18   0.00100656 -1.95782e-18  -0.00178137  2.10794e-18 -0.000583626 -1.37019e-18 -1.17387e-05  4.31572e-19   2.4451e-05  -8.0221e-20  4.42594e-06  1.53764e-20  2.06672e-07
-3.01263e-20  -0.00392748  6.03785e-20    0.0175339  1.44432e-19   -0.0278144 -7.40116e-19    0.0117617  1.55284e-18   0.00584577 -2.23282e-18   -0.0011845  2.24883e-18  -0.00105589 -1.33615e-18 -0.000213168  2.83231e-19 -1.07894e-05  -3.7492e-20  1.11111e-06  1.01522e-20
  0.00126843 -1.54373e-19   -0.0127915  1.44432e-19    0.0386075  2.22369e-19   -0.0436553 -7.93762e-19   0.00631962  9.81729e-19     0.010961 -1.58514e-18   0.00144735  1.55177e-18 -0.000747919 -1.03892e-18  -0.00028201  6.66229e-20 -3.45359e-05 -5.73516e-21 -1.16987e-06
 1.41494e-19   0.00469138 -4.30884e-19   -0.0278144  2.22369e-19    0.0635555  2.72453e-19   -0.0517344 -5.45734e-19  -0.00688383 -6.17692e-19    0.0119495 -8.19849e-19   0.00447742  2.56031e-19  0.000287391 -8.92754e-19 -0.000117746 -1.24182e-19 -2.01954e-05 -6.10236e-21
-0.000659424  5.50302e-19   0.00960876 -7.40116e-19   -0.0436553  2.72453e-19    0.0828469  5.31888e-19    -0.047452 -4.35409e-19   -0.0224429 -2.76385e-18    0.0067616 -1.34555e-18   0.00533785 -1.43441e-18   0.00109141 -1.15235e-18  7.00692e-05 -2.53344e-19 -9.04255e-07
-3.43523e-19 -0.000919356  1.19077e-18    0.0117617 -7.93762e-19   -0.0517344  5.31888e-19     0.090637  1.61593e-18   -0.0333104 -7.97641e-19   -0.0336233 -5.13197e-18  -0.00228623 -3.84113e-18   0.00322279 -3.42244e-18   0.00098465 -1.61885e-18   9.6275e-05 -2.52979e-19
-0.000192293 -1.08513e-18   0.00100656  1.55284e-18   0.00631962 -5.45734e-19    -0.047452  1.61593e-18    0.0890758  4.21772e-18   -0.0148764  -1.2215e-18    -0.036281 -7.79109e-18   -0.0101885 -7.57381e-18 -4.22294e-05 -5.24534e-18   0.00034552 -1.74945e-18  3.19038e-05
 4.92025e-19 -0.000961549 -1.95782e-18   0.00584577  9.81729e-19  -0.00688383 -4.35409e-19   -0.0333104  4.21772e-18      0.08483  8.50228e-18    0.0042989  -1.1187e-18   -0.0296099 -1.06372e-17   -0.0127423 -1.08958e-17  -0.00194445 -5.94989e-18 -7.38976e-05 -1.17744e-18
 7.91234e-05  1.32228e-18  -0.00178137 -2.23282e-18     0.010961 -6.17692e-19   -0.0224429 -7.97641e-19   -0.0148764  8.50228e-18    0.0833336   1.3507e-17    0.0231944 -8.60942e-19   -0.0158778 -1.30587e-17  -0.00946392 -1.21871e-17  -0.00175933  -4.8566e-18   -9.541e-05
-4.30147e-19 -5.90126e-05  2.10794e-18   -0.0011845 -1.58514e-18    0.0119495 -2.76385e-18   -0.0336233  -1.2215e-18    0.0042989   1.3507e-17    0.0859515  1.69719e-17     0.040175  -1.6544e-18 -0.000437959 -1.41626e-17  -0.00376725 -1.06369e-17 -0.000714717 -2.48356e-18
 4.27654e-05 -9.86521e-19 -0.000583626  2.24883e-18   0.00144735 -8.19849e-19    0.0067616 -5.13197e-18    -0.036281  -1.1187e-18    0.0231944  1.69719e-17    0.0896569  1.63682e-17    0.0508382 -3.96371e-18    0.0101263 -1.31111e-17  0.000228537 -6.85678e-18 -8.09972e-05
 2.18283e-19  8.14927e-05 -1.37019e-18  -0.00105589  1.55177e-18   0.00447742 -1.34555e-18  -0.00228623 -7.79109e-18   -0.0296099 -8.60942e-19     0.040175  1.63682e-17     0.088252  1.11037e-17     0.050385 -6.43257e-18    0.0123722 -9.74941e-18   0.00119705 -2.79398e-18
 6.02986e-06  4.02989e-19 -1.17387e-05 -1.33615e-18 -0.000747919  2.56031e-19   0.00533785 -3.84113e-18   -0.0101885 -1.06372e-17   -0.0158778  -1.6544e-18    0.0508382  1.11037e-17    0.0763395  3.77727e-18    0.0388401 -6.99572e-18    0.0085416 -5.30812e-18  0.000599271
-6.20763e-20  2.53956e-05  4.31572e-19 -0.000213168 -1.03892e-18  0.000287391 -1.43441e-18   0.00322279 -7.57381e-18   -0.0127423 -1.30587e-17 -0.000437959 -3.96371e-18     0.050385  3.77727e-18    0.0546373 -1.63688e-18    0.0226357 -5.15293e-18   0.00369334 -1.77921e-18
 -2.9133e-07  -9.3556e-20   2.4451e-05  2.83231e-19  -0.00028201 -8.92754e-19   0.00109141 -3.42244e-18 -4.22294e-05 -1.08958e-17  -0.00946392 -1.41626e-17    0.0101263 -6.43257e-18    0.0388401 -1.63688e-18    0.0307169 -3.20702e-18   0.00952921 -2.47203e-18  0.000899309
 8.55777e-21  2.88237e-06  -8.0221e-20 -1.07894e-05  6.66229e-20 -0.000117746 -1.15235e-18   0.00098465 -5.24534e-18  -0.00194445 -1.21871e-17  -0.00376725 -1.31111e-17    0.0123722 -6.99572e-18    0.0226357 -3.20702e-18    0.0128582 -2.17315e-18   0.00268054 -6.69251e-19
-1.51266e-07  1.39421e-20  4.42594e-06  -3.7492e-20 -3.45359e-05 -1.24182e-19  7.00692e-05 -1.61885e-18   0.00034552 -5.94989e-18  -0.00175933 -1.06369e-17  0.000228537 -9.74941e-18    0.0085416 -5.15293e-18   0.00952921 -2.17315e-18    0.0037352 -8.05589e-19  0.000423369
 9.12684e-22  8.79453e-08  1.53764e-20  1.11111e-06 -5.73516e-21 -2.01954e-05 -2.53344e-19   9.6275e-05 -1.74945e-18 -7.38976e-05  -4.8566e-18 -0.000714717 -6.85678e-18   0.00119705 -5.30812e-18   0.00369334 -2.47203e-18   0.00268054 -8.05589e-19  0.000667973  -1.4786e-19
-9.13442e-09  8.33244e-22  2.06672e-07  1.01522e-20 -1.16987e-06 -6.10236e-21 -9.04255e-07 -2.52979e-19  3.19038e-05 -1.17744e-18   -9.541e-05 -2.48356e-18 -8.09972e-05 -2.79398e-18  0.000599271 -1.77921e-18  0.000899309 -6.69251e-19  0.000423369  -1.4786e-19  5.51649e-05
