 0.000513362  4.60401e-19   -0.0028679  5.76801e-19   0.00503286 -1.95804e-18  -0.00310418  4.29976e-19 -0.000981308   1.6928e-18   0.00163245 -1.15285e-18   0.00027612 -7.44593e-19 -0.000543407  1.43102e-18 -0.000135645 -5.69867e-19  7.26003e-05  4.38231e-20   1.9141e-05
 4.60401e-19   0.00426594 -1.77453e-18   -0.0124154  1.25829e-17    0.0138376 -1.68551e-17  -0.00312969  1.01068e-17  -0.00549784 -1.41836e-18   0.00232348 -3.10044e-19    0.0019875 -2.04107e-18 -0.000627285  2.35189e-18 -0.000529855 -4.68357e-19  5.17184e-06  8.93259e-21
  -0.0028679 -1.77453e-18    0.0162586  -8.4638e-18   -0.0294628  2.70016e-17    0.0199204 -3.00305e-17   0.00411418  1.66167e-17   -0.0105579 -4.23563e-18 -0.000206322  1.30184e-18   0.00379322 -3.90732e-18  0.000237852  2.22426e-18 -0.000724031  4.35555e-20 -0.000108201
 5.76801e-19   -0.0124154  -8.4638e-18    0.0373058 -1.26623e-17   -0.0447488  3.08204e-17    0.0148033 -3.06634e-17    0.0155429  1.42805e-17   -0.0109241 -2.30649e-18  -0.00479977  1.57989e-18   0.00393185 -4.58351e-18   0.00142407  1.11977e-18 -0.000491978     2.59e-19
  0.00503286  1.25829e-17   -0.0294628 -1.26623e-17    0.0572251 -1.18647e-17   -0.0463185  2.96232e-17  0.000530693 -2.29869e-17    0.0228526  5.94597e-18  -0.00633913  4.88902e-18  -0.00826285  9.46851e-20   0.00254058 -3.27151e-18   0.00213362  7.29636e-20 -5.08397e-05
-1.95804e-18    0.0138376  2.70016e-17   -0.0447488 -1.18647e-17    0.0626551 -1.25237e-17   -0.0347066  2.70006e-17   -0.0122445 -1.28509e-17    0.0233023 -4.16292e-18 -0.000818618  1.17939e-17  -0.00956594 -1.63244e-18  0.000707669 -1.52693e-18   0.00215547 -5.01146e-19
 -0.00310418 -1.68551e-17    0.0199204  3.08204e-17   -0.0463185 -1.25237e-17    0.0534218 -1.35764e-17   -0.0218146  1.72719e-17   -0.0181269 -4.80207e-18    0.0207409  -1.0495e-17   0.00335496    1.247e-17  -0.00953452 -8.79135e-19 -0.000993029 -5.08331e-19   0.00140371
 4.29976e-19  -0.00312969 -3.00305e-17    0.0148033  2.96232e-17   -0.0347066 -1.35764e-17    0.0417828 -8.60179e-18   -0.0149849  4.30516e-18   -0.0200945    -2.87e-18    0.0182824 -1.01432e-17   0.00646439  7.18218e-18  -0.00877975  3.69773e-18  -0.00246485  8.94849e-19
-0.000981308  1.01068e-17   0.00411418 -3.06634e-17  0.000530693  2.70006e-17   -0.0218146 -8.60179e-18     0.035789  3.25258e-19   -0.0122087  1.52657e-18   -0.0215111  -5.9093e-18    0.0162087 -8.73179e-18   0.00906155  1.38599e-19  -0.00746657  8.38063e-18   -0.0031307
  1.6928e-18  -0.00549784  1.66167e-17    0.0155429 -2.29869e-17   -0.0122445  1.72719e-17   -0.0149849  3.25258e-19    0.0338564  2.74279e-18    -0.010319  1.43131e-17   -0.0230053 -6.01754e-18    0.0142516 -1.34502e-17    0.0113321 -5.79255e-18   -0.0052089  7.07545e-18
  0.00163245 -1.41836e-18   -0.0105579  1.42805e-17    0.0228526 -1.28509e-17   -0.0181269  4.30516e-18   -0.0122087  2.74279e-18    0.0329861 -6.98002e-18  -0.00874195  3.07045e-17   -0.0245921  3.68675e-18    0.0121743 -2.09652e-17    0.0134321 -8.72655e-18 -0.000920543
-1.15285e-18   0.00232348 -4.23563e-18   -0.0109241  5.94597e-18    0.0233023 -4.80207e-18   -0.0200945  1.52657e-18    -0.010319 -6.98002e-18    0.0327276 -2.11293e-17  -0.00748675  3.41054e-17   -0.0264937  1.76315e-17   0.00996386 -2.34273e-17    0.0160453 -8.68377e-18
  0.00027612 -3.10044e-19 -0.000206322 -2.30649e-18  -0.00633913 -4.16292e-18    0.0207409    -2.87e-18   -0.0215111  1.43131e-17  -0.00874195 -2.11293e-17    0.0332698 -2.72289e-17  -0.00648792  2.53318e-17   -0.0290468  2.20605e-17   0.00727624 -2.15576e-17    0.0137374
-7.44593e-19    0.0019875  1.30184e-18  -0.00479977  4.88902e-18 -0.000818618  -1.0495e-17    0.0182824  -5.9093e-18   -0.0230053  3.07045e-17  -0.00748675 -2.72289e-17    0.0346475 -2.36155e-17  -0.00545233  2.22814e-17   -0.0319743  2.07241e-17 -4.45488e-05 -9.02607e-18
-0.000543407 -2.04107e-18   0.00379322  1.57989e-18  -0.00826285  1.17939e-17   0.00335496 -1.01432e-17    0.0162087 -6.01754e-18   -0.0245921  3.41054e-17  -0.00648792 -2.36155e-17      0.03703 -2.32189e-17  -0.00340852  3.60045e-17   -0.0378976  3.88839e-17   -0.0137472
 1.43102e-18 -0.000627285 -3.90732e-18   0.00393185  9.46851e-20  -0.00956594    1.247e-17   0.00646439 -8.73179e-18    0.0142516  3.68675e-18   -0.0264937  2.53318e-17  -0.00545233 -2.32189e-17    0.0410037 -3.56989e-17  -0.00407407  5.72493e-17   -0.0489358  5.36754e-17
-0.000135645  2.35189e-18  0.000237852 -4.58351e-18   0.00254058 -1.63244e-18  -0.00953452  7.18218e-18   0.00906155 -1.34502e-17    0.0121743  1.76315e-17   -0.0290468  2.22814e-17  -0.00340852 -3.56989e-17    0.0473127 -5.10633e-17   0.00130117  4.81864e-17   -0.0293835
-5.69867e-19 -0.000529855  2.22426e-18   0.00142407 -3.27151e-18  0.000707669 -8.79135e-19  -0.00877975  1.38599e-19    0.0113321 -2.09652e-17   0.00996386  2.20605e-17   -0.0319743  3.60045e-17  -0.00407407 -5.10633e-17    0.0515878 -8.00608e-17    0.0252985 -1.57581e-17
 7.26003e-05 -4.68357e-19 -0.000724031  1.11977e-18   0.00213362 -1.52693e-18 -0.000993029  3.69773e-18  -0.00746657 -5.79255e-18    0.0134321 -2.34273e-17   0.00727624  2.07241e-17   -0.0378976  5.72493e-17   0.00130117 -8.00608e-17    0.0986469 -1.54207e-16    0.0798332
 4.38231e-20  5.17184e-06  4.35555e-20 -0.000491978  7.29636e-20   0.00215547 -5.08331e-19  -0.00246485  8.38063e-18   -0.0052089 -8.72655e-18    0.0160453 -2.15576e-17 -4.45488e-05  3.88839e-17   -0.0489358  4.81864e-17    0.0252985 -1.54207e-16     0.138979 -1.74772e-16
  1.9141e-05  8.93259e-21 -0.000108201     2.59e-19 -5.08397e-05 -5.01146e-19   0.00140371  8.94849e-19   -0.0031307  7.07545e-18 -0.000920543 -8.68377e-18    0.0137374 -9.02607e-18   -0.0137472  5.36754e-17   -0.0293835 -1.57581e-17    0.0798332 -1.74772e-16     0.108735
