 2.70266e-35 -2.13482e-51  -3.6225e-35 -6.02718e-51 -3.67456e-36  5.44052e-51  9.35083e-36 -1.27372e-49  1.83425e-36  1.59513e-48 -1.59651e-36 -6.55242e-48  -2.1201e-36  5.16015e-47 -1.32516e-36 -3.40871e-47  4.69655e-37  5.78799e-46  1.02765e-36  5.21665e-46 -6.66293e-37  1.33632e-45  4.55331e-38  4.32559e-45  7.27958e-38  1.52958e-44 -1.14825e-39  9.78135e-46 -1.09185e-38 -4.88378e-44  7.16045e-39  1.11774e-43   4.3933e-38 -3.38906e-43 -1.64722e-37  5.71149e-44  7.49608e-37 -2.08945e-43 -3.22507e-36  1.43903e-44  1.26664e-35 -5.11137e-43 -4.53453e-35 -2.93558e-44  1.47892e-34 -1.75321e-43 -4.39076e-34  1.35104e-42  1.18505e-33 -5.39563e-42 -2.90204e-33  1.79581e-41  6.43122e-33 -5.36021e-41 -1.28526e-32  1.50217e-40  2.30574e-32 -3.93813e-40 -3.69089e-32  9.64927e-40  5.22952e-32  -2.2087e-39 -6.48621e-32  4.72159e-39  6.93034e-32 -9.42355e-39 -6.22076e-32  1.75508e-38  4.48533e-32 -3.04831e-38 -2.34743e-32  4.93345e-38    5.941e-33 -7.43282e-38  3.02306e-33   1.0413e-37 -4.18597e-33 -1.35474e-37  1.85776e-33  1.63436e-37   1.0771e-34 -1.82531e-37 -5.48012e-34  1.88381e-37  2.19108e-34 -1.79307e-37   3.2924e-35  1.57078e-37 -4.63288e-35 -1.26372e-37 -1.31317e-36  9.31643e-38    1.287e-35 -6.27988e-38 -4.98258e-36   3.8617e-38  8.19845e-37 -2.16108e-38 -5.82327e-37  1.09733e-38  4.87061e-37 -5.03447e-39 -1.93723e-37  2.07376e-39  5.34871e-38 -7.59405e-40 -1.72772e-38  2.43623e-40  5.45102e-39 -6.70422e-41 -1.18708e-39  1.53658e-41  2.06421e-40 -2.81238e-42 -3.70619e-41  3.84916e-43  5.61102e-42 -3.46645e-44 -6.54093e-43  1.31602e-45  6.87279e-44  8.55224e-47 -5.20881e-45 -1.10898e-47  1.90187e-46   2.6517e-49
-2.13482e-51  7.86848e-35 -9.54346e-51   -5.249e-35 -5.13537e-50 -1.88447e-35  2.28922e-49  1.11973e-35 -3.59835e-48  7.39285e-36  2.59021e-47 -9.03225e-37 -7.27846e-47 -3.91832e-36   6.1249e-46 -4.27853e-36 -3.53111e-46  1.02238e-36  6.02045e-45  2.58164e-36  5.27683e-45 -2.23717e-36  1.68102e-44  6.65231e-37  2.97937e-44  7.09289e-38  1.44389e-43  1.47137e-40 -3.04356e-44  7.07995e-39 -2.69173e-43 -1.92216e-37  6.45062e-43  1.20024e-36 -1.99683e-42 -5.73915e-36  6.28472e-45  2.58903e-35 -7.70794e-43 -1.06616e-34  3.33808e-44  4.00089e-34 -3.31986e-42 -1.36804e-33  1.23714e-42  4.26011e-33 -6.27941e-42  -1.2069e-32  2.60415e-41  3.10567e-32 -9.01431e-41 -7.24246e-32  2.82889e-40  1.52596e-31 -8.19208e-40 -2.89325e-31  2.21907e-39  4.91057e-31 -5.61751e-39 -7.40901e-31  1.32853e-38  9.84416e-31 -2.93459e-38 -1.13664e-30  6.05251e-38  1.11801e-30 -1.16509e-37 -9.06345e-31  2.09206e-37    5.673e-31 -3.50152e-37 -2.28327e-31  5.45782e-37  3.54859e-33 -7.91397e-37  7.35457e-32   1.0662e-36 -5.31759e-32 -1.33265e-36  1.14748e-32  1.54281e-36  8.35397e-33 -1.65128e-36 -6.87831e-33  1.63062e-36  8.69391e-34 -1.48233e-36  1.10266e-33   1.2376e-36 -4.05133e-34 -9.46715e-37 -1.57094e-34  6.61971e-37  1.27074e-34 -4.22168e-37 -1.65218e-35  2.45076e-37 -1.29571e-36  -1.2927e-37  -5.0778e-36  6.18308e-38  3.48465e-36 -2.67362e-38 -9.04915e-37  1.03944e-38  2.17072e-37 -3.59798e-39 -8.90565e-38   1.0913e-39   2.4795e-38 -2.83223e-40 -3.94477e-39  6.08267e-41  6.38333e-40 -1.03128e-41 -1.15507e-40  1.28363e-42  1.30749e-41 -1.01864e-43 -1.25192e-42  3.08563e-45  1.34907e-43  2.08746e-46 -8.20299e-45 -1.75646e-47  1.77816e-46
 -3.6225e-35 -9.54346e-51  1.15125e-34 -1.44977e-50 -4.22285e-35  -3.8064e-49 -3.13902e-35  2.93892e-48  5.45152e-36 -5.35505e-47  1.52215e-35  2.73166e-46  6.42247e-37  -5.9592e-46 -4.64662e-36   5.1004e-45 -7.93766e-36 -2.86355e-45   1.5518e-36  4.33048e-44  4.90428e-36  3.72454e-44 -5.24058e-36  1.29963e-43  2.16116e-36  1.33915e-43 -1.71631e-37  9.07439e-43 -4.16383e-38 -3.80664e-43  9.52551e-37 -8.47065e-43 -5.77165e-36   2.4337e-42  3.02322e-35 -8.06399e-42 -1.42859e-34 -1.49493e-42  6.16789e-34 -1.29576e-42 -2.42619e-33  8.03715e-43  8.69646e-33 -1.80377e-41 -2.83978e-32  2.25321e-41  8.44151e-32 -8.86551e-41  -2.2813e-31   3.1891e-40  5.59416e-31 -1.03579e-39 -1.24146e-30  3.11626e-39  2.48457e-30 -8.72362e-39 -4.46374e-30  2.28178e-38  7.15566e-30  -5.5754e-38 -1.01529e-29  1.27244e-37  1.26091e-29 -2.71179e-37 -1.34869e-29  5.39483e-37   1.2113e-29 -1.00137e-36 -8.72919e-30  1.73311e-36  4.55098e-30 -2.79459e-36 -1.12275e-30  4.19414e-36 -6.23658e-31 -5.85176e-36  8.36882e-31  7.57961e-36 -3.66954e-31 -9.09965e-36 -2.45509e-32  1.01068e-35   1.0974e-31 -1.03636e-35 -4.19807e-32  9.78788e-36 -8.78384e-33  -8.4926e-36  1.08294e-32  6.75122e-36 -6.57141e-34 -4.90347e-36 -1.97336e-33  3.24521e-36  5.71722e-34 -1.95245e-36  9.64989e-35  1.06597e-36 -1.42021e-35 -5.27565e-37 -3.95075e-35  2.36541e-37  1.47316e-35 -9.59672e-38 -1.82913e-36  3.50972e-38  7.06078e-37 -1.14632e-38 -3.63332e-37  3.28538e-39  6.78573e-38  -8.0381e-40 -7.18861e-39  1.61505e-40  1.60136e-39 -2.52628e-41 -2.42721e-40  2.83789e-42   1.3672e-41  -1.9582e-43 -1.49132e-42  4.57218e-45  1.72727e-43  3.06173e-46 -6.82027e-45 -1.39748e-47
-6.02718e-51   -5.249e-35 -1.44977e-50    1.162e-34  1.64962e-50 -2.14001e-35 -2.99137e-48 -4.20237e-35  3.52322e-47  1.21264e-36 -5.59999e-46  2.36469e-35  2.18996e-45 -1.37244e-37 -4.11672e-45 -2.88801e-36  3.38493e-44 -1.14947e-35 -1.91653e-44  1.83846e-36  2.44912e-43  8.17741e-36  2.11376e-43 -9.79373e-36  7.52314e-43   4.5898e-36  4.34675e-43 -4.57963e-37  4.42297e-42 -3.30292e-36 -2.56647e-42  2.28291e-35 -1.10879e-42 -1.25712e-34  6.72545e-42  6.25598e-34 -2.58706e-41 -2.83146e-33 -1.00729e-41  1.16753e-32  1.51552e-43 -4.38667e-32  1.35784e-41  1.50182e-31 -1.06699e-40 -4.68274e-31  2.51189e-40  1.32843e-30 -9.09729e-40 -3.42321e-30  3.06569e-39   7.9947e-30 -9.53443e-39 -1.68701e-29  2.76272e-38  3.20359e-29 -7.46699e-38 -5.44587e-29    1.885e-37  8.22959e-29 -4.44443e-37 -1.09511e-28  9.78576e-37   1.2662e-28 -2.01155e-36 -1.24681e-28  3.85879e-36  1.01119e-28 -6.90427e-36 -6.32119e-29  1.15139e-35    2.524e-29 -1.78806e-35 -6.87739e-32  2.58307e-35 -8.48102e-30 -3.46681e-35  6.05668e-30  4.31628e-35  -1.2726e-30  -4.9763e-35 -9.78653e-31  5.30184e-35  7.86638e-31 -5.20767e-35 -8.63025e-32  4.70312e-35 -1.38578e-31 -3.89362e-35  5.29844e-32  2.94533e-35  1.47623e-32 -2.02891e-35 -1.22132e-32  1.26861e-35  1.36318e-34 -7.17994e-36  1.13393e-33  3.67167e-36  1.43986e-34 -1.69597e-36 -2.15243e-34  7.08493e-37  2.88616e-35 -2.68149e-37  7.35755e-37  9.18735e-38  3.13838e-36 -2.82652e-38 -1.14062e-36  7.65551e-39  8.93848e-38 -1.76606e-39 -1.04411e-38  3.31417e-40   4.2385e-39 -4.75881e-41  -2.7803e-40   4.7792e-42 -3.61667e-42 -2.82374e-43  -1.9194e-42  4.94022e-45  1.37482e-43  2.89629e-46 -2.73551e-45
-3.67456e-36 -5.13537e-50 -4.22285e-35  1.64962e-50  1.03127e-34 -2.57814e-49 -7.50419e-36 -2.66128e-47 -5.91569e-35  3.58922e-46  5.85563e-36 -4.55691e-45  3.05075e-35  1.43268e-44 -5.27622e-36 -2.49634e-44  2.34296e-36  1.88061e-43 -1.45037e-35  -1.0685e-43  1.54642e-36  1.14615e-42  1.24348e-35  1.01665e-42 -1.53729e-35  3.54527e-42  6.40426e-36  9.59115e-43  9.30093e-36  1.78263e-41 -7.53082e-35 -1.25578e-41  4.40747e-34  4.80936e-42 -2.30353e-33  1.34635e-41  1.09384e-32 -7.07088e-41  -4.7284e-32 -3.97189e-41  1.86222e-31 -6.09686e-42 -6.68344e-31  1.47094e-40  2.18535e-30 -7.25692e-40 -6.50527e-30  2.24481e-39  1.76061e-29 -7.74852e-39 -4.32395e-29  2.49612e-38  9.61102e-29 -7.47445e-38 -1.92666e-28  2.08847e-37  3.46726e-28 -5.44699e-37 -5.56776e-28  1.32668e-36  7.91339e-28 -3.01741e-36  -9.8439e-28   6.4074e-36  1.05446e-27 -1.26991e-35 -9.48073e-28  2.34807e-35  6.83317e-28 -4.04794e-35 -3.55271e-28  6.50154e-35  8.56974e-29 -9.71973e-35  5.13483e-29  1.35101e-34 -6.72005e-29 -1.74361e-34  2.91458e-29  2.08604e-34  2.25629e-30 -2.30916e-34 -8.93429e-30  2.35973e-34  3.33925e-30 -2.22021e-34  7.89885e-31  1.91739e-34 -9.24368e-31 -1.51454e-34   7.1253e-32  1.08994e-34  1.50389e-31 -7.11627e-35 -3.73546e-32  4.19779e-35 -1.41898e-32 -2.22909e-35  4.16156e-33  1.06312e-35  2.00373e-33 -4.55493e-36 -6.81766e-34  1.75942e-36 -5.49267e-35  -6.1652e-37  4.25505e-36  1.96863e-37  1.43868e-35 -5.69671e-38 -2.06825e-36  1.45991e-38 -7.27631e-38 -3.17877e-39 -3.91831e-38  5.55985e-40  8.93562e-39 -7.27862e-41  2.10883e-40  6.45429e-42 -1.58724e-41 -3.20443e-43 -2.84732e-42  4.14452e-45  1.90754e-44  1.59772e-46
 5.44052e-51 -1.88447e-35  -3.8064e-49 -2.14001e-35 -2.57814e-49  1.04732e-34 -6.25883e-48 -6.62745e-36 -2.34341e-46 -8.70863e-35   2.9544e-45  2.12622e-35 -3.04179e-44  3.18579e-35  7.95116e-44 -1.38713e-35 -1.34484e-43  1.04342e-35  8.99391e-43 -1.64067e-35 -5.03736e-43  1.22486e-37  4.56888e-42  1.70058e-35  4.24677e-42 -1.74898e-35  1.42497e-41  -2.0846e-35  6.75728e-43  2.16557e-34  6.15448e-41 -1.34111e-33 -4.92057e-41  7.36906e-33  4.18386e-41 -3.67153e-32  1.61889e-41  1.66425e-31 -1.76527e-40 -6.87079e-31 -9.10636e-41  2.58486e-30 -1.93419e-40 -8.86166e-30  1.26891e-39   2.7671e-29 -5.18004e-39 -7.86179e-29  1.73717e-38  2.02912e-28 -5.76588e-38 -4.74675e-28  1.78636e-37  1.00337e-27 -5.15755e-37 -1.90879e-27  1.38996e-36  3.25077e-27  -3.4971e-36 -4.92158e-27  8.21526e-36  6.56123e-27 -1.80176e-35 -7.59973e-27  3.68837e-35  7.49489e-27 -7.04488e-35 -6.08467e-27  1.25487e-34  3.80206e-27  -2.0832e-34 -1.50866e-27  3.22056e-34 -1.30191e-29  -4.6322e-34  5.26315e-28  6.19151e-34 -3.72257e-28 -7.67998e-34  7.62957e-29  8.82579e-34  6.20115e-29 -9.37781e-34  -4.9002e-29  9.19066e-34   4.9561e-30 -8.28354e-34  9.00048e-30  6.84208e-34 -3.44246e-30  -5.1579e-34 -8.95674e-31  3.53191e-34   7.3674e-31 -2.18531e-34  2.45522e-32  1.21506e-34 -9.05661e-32 -6.04015e-35 -1.75148e-33  2.67512e-35  1.06931e-32 -1.05561e-35 -4.97693e-34  3.73369e-36 -5.24556e-34 -1.19892e-36 -7.55891e-35  3.54343e-37  4.38002e-35  -9.6373e-38  6.55393e-37  2.34463e-38 -3.32103e-37 -4.82881e-39 -1.66697e-37  7.84779e-40  7.09794e-39  -9.2742e-41  1.29804e-39  7.13687e-42  3.73307e-41 -2.90307e-43 -1.77172e-42  2.76789e-45 -5.61134e-44
 9.35083e-36  2.28922e-49 -3.13902e-35 -2.99137e-48 -7.50419e-36 -6.25883e-48  1.34301e-34 -6.41157e-47 -1.90471e-35 -1.80901e-45 -1.22686e-34  1.99029e-44  4.46728e-35 -1.72011e-43   2.3429e-35  3.83466e-43 -2.26287e-35 -6.46959e-43  1.87922e-35   3.7751e-42 -1.62119e-35 -2.04493e-42 -2.42498e-36  1.58189e-41   1.2761e-35  1.56077e-41  5.26393e-35  5.03346e-41 -5.52959e-34 -6.11323e-42  3.61795e-33  1.86017e-40 -2.08928e-32 -1.61827e-40  1.09265e-31  1.87646e-40  -5.1947e-31 -3.57086e-43  2.24842e-30 -4.60787e-40 -8.86686e-30  1.09111e-40  3.18676e-29 -2.06259e-39 -1.04355e-28  9.52855e-39  3.11126e-28 -3.57381e-38 -8.43428e-28  1.20265e-37  2.07498e-27 -3.84715e-37 -4.62044e-27   1.1485e-36  9.27969e-27 -3.19809e-36 -1.67324e-26  8.31267e-36  2.69227e-26   -2.017e-35 -3.83422e-26  4.56859e-35  4.77915e-26 -9.65816e-35 -5.12907e-26  1.90508e-34  4.61897e-26 -3.50474e-34 -3.33191e-26  6.01017e-34   1.7296e-26 -9.60107e-34 -4.09365e-27   1.4276e-33 -2.61617e-27 -1.97394e-33  3.35899e-27  2.53518e-33 -1.44479e-27 -3.02019e-33 -1.25638e-28  3.33183e-33   4.5426e-28 -3.39672e-33 -1.67504e-28  3.19193e-33 -4.22558e-29 -2.75602e-33  4.80604e-29  2.17792e-33 -3.78645e-30 -1.56768e-33 -7.67073e-30  1.02201e-33  1.79751e-30 -5.99474e-34     8.37e-31  3.14092e-34 -2.59944e-31  -1.4593e-34 -8.90435e-32  5.97704e-35  2.85597e-32 -2.15487e-35  5.99034e-33  6.89198e-36 -1.15743e-33  -1.9986e-36 -5.40601e-34  5.41547e-37  5.71923e-35 -1.38573e-37   1.4195e-35  3.22335e-38  8.59937e-37 -6.30246e-39 -3.74563e-37  9.46806e-40  -2.0253e-38 -9.94786e-41    1.249e-39  6.47718e-42  1.28854e-40  -2.0769e-43  2.25819e-42   1.3574e-45
-1.27372e-49  1.11973e-35  2.93892e-48 -4.20237e-35 -2.66128e-47 -6.62745e-36 -6.41157e-47  1.94049e-34 -4.80602e-46 -4.39096e-35  -1.1816e-44 -1.56688e-34  1.12492e-43  7.01499e-35 -8.42145e-43  3.82672e-36   1.6335e-42 -2.79676e-35 -2.79206e-42   2.4083e-35  1.41193e-41 -1.43851e-35 -7.27683e-42  1.06208e-35  4.82598e-41 -1.47863e-34  5.08547e-41  1.27886e-33  1.59537e-40 -8.77069e-33 -4.01635e-41  5.32316e-32  4.98954e-40 -2.92314e-31 -4.57279e-40  1.45805e-30  6.29192e-40 -6.61756e-30  1.11468e-41  2.73575e-29  -1.5764e-39  -1.0307e-28  3.01756e-39  3.53889e-28 -1.61177e-38 -1.10681e-27  6.46608e-38  3.14995e-27 -2.30587e-37 -8.14444e-27  7.58067e-37   1.9088e-26 -2.33845e-36 -4.04273e-26    6.731e-36  7.70644e-26 -1.80771e-35 -1.31522e-25  4.53126e-35  1.99552e-25 -1.06009e-34 -2.66618e-25  2.31446e-34  3.09488e-25 -4.71437e-34 -3.05839e-25  8.95581e-34  2.48699e-25 -1.58592e-33 -1.55478e-25  2.61639e-33  6.14233e-26 -4.01853e-33   1.1252e-27  5.74155e-33 -2.21456e-26  -7.6241e-33  1.55601e-26  9.39891e-33  -3.1269e-27 -1.07431e-32 -2.66441e-27  1.13672e-32  2.08231e-27 -1.11114e-32 -2.00182e-28  1.00079e-32  -3.9243e-28 -8.27786e-33  1.49452e-28  6.26059e-33   3.8909e-29 -4.30588e-33   -3.174e-29  2.67496e-33 -1.52611e-30  -1.4888e-33  4.22015e-30  7.35379e-34 -3.36643e-33 -3.19049e-34 -4.42432e-31  1.20404e-34  5.89025e-33  -3.9308e-35  2.95629e-32  1.11811e-35   1.8647e-33 -2.86438e-36 -1.61486e-33  7.01427e-37    -1.17e-34 -1.69785e-37  2.89891e-35  3.83112e-38  6.37325e-36 -7.15134e-39 -2.24903e-37  9.83759e-40 -6.46091e-38 -8.97097e-41 -2.10668e-39  4.75238e-42    9.295e-41 -1.12003e-43  3.49583e-42
 1.83425e-36 -3.59835e-48  5.45152e-36  3.52322e-47 -5.91569e-35 -2.34341e-46 -1.90471e-35 -4.80602e-46  2.80768e-34 -3.00161e-45 -7.93234e-35 -6.55572e-44 -1.76727e-34  5.45378e-43  9.05594e-35 -3.62592e-42 -2.33192e-35  6.21915e-42  -2.8475e-35 -1.08677e-41  2.70675e-35  4.76534e-41 -4.29472e-35 -2.30831e-41  3.26844e-34  1.31207e-40 -2.70475e-33  1.47614e-40    1.929e-32  4.60496e-40 -1.23092e-31 -1.61946e-40  7.10069e-31  1.19565e-39 -3.71729e-30 -1.11215e-39  1.76956e-29  1.65697e-39 -7.66977e-29  7.97166e-40  3.02907e-28 -7.66625e-39 -1.09034e-27  2.53821e-38  3.57634e-27  -1.0806e-37 -1.06811e-26  4.03422e-37  2.90081e-26 -1.38197e-36 -7.15025e-26  4.39978e-36   1.5954e-25   -1.309e-35 -3.21099e-25  3.63368e-35  5.80259e-25 -9.41186e-35 -9.35786e-25  2.27494e-34  1.33585e-24 -5.13074e-34 -1.66904e-24  1.07945e-33  1.79545e-24 -2.11779e-33  -1.6204e-24  3.87272e-33  1.17076e-24 -6.59717e-33 -6.07554e-25  1.04623e-32  1.41684e-25  -1.5435e-32  9.54701e-26  2.11672e-32 -1.20939e-25 -2.69597e-32  5.17548e-26  3.18596e-32  4.89576e-27 -3.48935e-32 -1.66501e-26  3.53678e-32   6.0975e-27 -3.31149e-32  1.59929e-27  2.85692e-32 -1.79214e-27 -2.26326e-32  1.39875e-28  1.63875e-32  2.87679e-28 -1.07783e-32 -6.62423e-29  6.38851e-33 -3.28888e-29 -3.37855e-33  1.03458e-29    1.575e-33  3.27668e-30 -6.38079e-34 -1.03302e-30  2.21207e-34 -2.64789e-31   -6.476e-35  5.50064e-32  1.60177e-35  1.89168e-32 -3.49573e-36 -1.67202e-33  7.54809e-37 -6.88299e-34 -1.75854e-37 -1.90221e-35  3.96426e-38  1.37636e-35 -7.11632e-39  9.17022e-37  8.80921e-40 -4.90326e-38 -6.70261e-41 -5.98693e-39  2.70738e-42 -7.58927e-41 -3.96122e-44
 1.59513e-48  7.39285e-36 -5.35505e-47  1.21264e-36  3.58922e-46 -8.70863e-35 -1.80901e-45 -4.39096e-35 -3.00161e-45  3.84732e-34 -1.63727e-44 -1.22385e-34 -3.13121e-43 -1.72246e-34  2.30792e-42  9.99055e-35 -1.38927e-41 -4.96734e-35  2.13542e-41 -3.06198e-35 -3.83749e-41  8.33231e-35  1.46752e-40 -6.17715e-34 -6.63472e-41  5.17773e-33  3.20921e-40 -3.87778e-32  3.82783e-40  2.60241e-31  1.22285e-39 -1.57798e-30  -5.1892e-40  8.67405e-30  2.54789e-39  -4.3322e-29 -2.21427e-39  1.96898e-28  2.93888e-39 -8.15206e-28  8.00819e-39  3.07615e-27 -4.42618e-38 -1.05797e-26  1.68708e-37  3.31472e-26  -6.5654e-37 -9.45129e-26  2.33588e-36  2.44854e-25 -7.70867e-36 -5.75059e-25  2.37006e-35  1.22061e-24 -6.80119e-35 -2.33213e-24  1.82096e-34  3.98968e-24 -4.54901e-34 -6.06845e-24  1.06024e-33  8.12875e-24 -2.30497e-33 -9.46028e-24  4.67238e-33  9.37254e-24 -8.82692e-33 -7.63902e-24  1.55318e-32  4.78265e-24 -2.54377e-32 -1.88507e-24  3.87488e-32 -4.91735e-26 -5.48563e-32  6.99089e-25  7.21172e-32 -4.89531e-25 -8.79729e-32  9.71219e-26  9.94953e-32  8.57792e-26 -1.04234e-31  -6.6687e-26  1.01039e-31  6.23472e-27 -9.04856e-32  1.28085e-26  7.46981e-32 -4.87538e-27 -5.66529e-32 -1.28241e-27  3.92818e-32  1.04485e-27 -2.47306e-32  5.50556e-29  1.40068e-32 -1.43248e-28 -7.05164e-33   8.1354e-31  3.10805e-33  1.47234e-29 -1.17679e-33 -6.76549e-32  3.73973e-34 -1.06774e-30 -9.71518e-35 -5.02077e-32  2.02359e-35  5.27939e-32 -3.51105e-36  4.93732e-33  6.33363e-37 -1.17083e-33 -1.50156e-37 -2.10603e-34  3.59834e-38  6.67291e-36 -6.25631e-39  2.39609e-36  6.74859e-40  8.18563e-38 -4.00247e-41 -3.97684e-39  1.09231e-42 -1.17254e-40
-1.59651e-36  2.59021e-47  1.52215e-35 -5.59999e-46  5.85563e-36   2.9544e-45 -1.22686e-34  -1.1816e-44 -7.93234e-35 -1.63727e-44  4.90319e-34 -7.94028e-44 -1.70437e-34 -1.30474e-42 -1.39189e-34   8.6403e-42  9.45583e-35 -4.78088e-41 -5.85216e-35  6.66026e-41  -1.2428e-34  -1.2366e-40   1.0414e-33   4.1656e-40 -9.08615e-33  -1.7568e-40  7.15651e-32   7.1218e-40 -5.05956e-31  8.87757e-40  3.22686e-30  3.00458e-39 -1.86346e-29 -1.40071e-39  9.76828e-29  4.64173e-39 -4.65666e-28 -2.54332e-39  2.02138e-27 -1.91737e-39 -7.99602e-27  5.71003e-38  2.88315e-26 -2.59432e-37 -9.47392e-26  1.00147e-36  2.83489e-25 -3.69536e-36 -7.71473e-25  1.26289e-35  1.90568e-24 -4.01784e-35 -4.26165e-24  1.19189e-34   8.5976e-24 -3.29917e-34 -1.55755e-23  8.52059e-34  2.51842e-23 -2.05307e-33 -3.60483e-23   4.6144e-33  4.51654e-23  -9.6703e-33 -4.87238e-23  1.88865e-32  4.40948e-23 -3.43529e-32 -3.19364e-23  5.81494e-32  1.65908e-23 -9.15228e-32 -3.83082e-24  1.33823e-31 -2.68881e-24 -1.81622e-31  3.37935e-24  2.28602e-31 -1.44396e-24 -2.66651e-31 -1.44161e-25   2.8806e-31   4.7367e-25 -2.88044e-31 -1.73312e-25  2.66441e-31 -4.64566e-26 -2.27773e-31  5.18793e-26  1.79652e-31 -4.05096e-27 -1.30343e-31 -8.41972e-27  8.65586e-32  1.94187e-27 -5.22179e-32  9.83202e-28  2.83123e-32  -3.1288e-28 -1.36005e-32 -9.72025e-29  5.68111e-33  3.08626e-29 -2.01362e-33  8.27988e-30  5.85899e-34 -1.77157e-30 -1.33546e-34 -5.65313e-31  2.23059e-35  4.78097e-32 -2.59285e-36  2.26451e-32  3.18574e-37  4.36503e-34 -9.87219e-38 -4.23551e-34  2.90266e-38 -3.06504e-35 -4.88998e-39  1.63062e-36  4.33349e-40  1.99835e-37 -1.75735e-41   2.1533e-39  2.42584e-43
-6.55242e-48 -9.03225e-37  2.73166e-46  2.36469e-35 -4.55691e-45  2.12622e-35  1.99029e-44 -1.56688e-34 -6.55572e-44 -1.22385e-34 -7.94028e-44  5.82063e-34 -3.44615e-43  -2.2219e-34 -4.79508e-42  -8.0839e-35  2.89156e-41  6.44626e-35 -1.48873e-40  7.96494e-35  1.89816e-40 -1.59362e-33 -3.65739e-40  1.46721e-32  1.10024e-39 -1.21904e-31 -4.35877e-40  9.08565e-31  1.44559e-39 -6.10005e-30    1.842e-39    3.703e-29  6.82741e-39 -2.03824e-28 -3.11727e-39  1.01945e-27  5.76786e-39 -4.64053e-27  7.75449e-39  1.92443e-26 -5.78545e-38 -7.27436e-26  3.50897e-37  2.50644e-25 -1.45995e-36  -7.8683e-25   5.5027e-36  2.24814e-24 -1.94636e-35 -5.83699e-24  6.40424e-35  1.37404e-23 -1.96434e-34 -2.92364e-23  5.62055e-34  5.60035e-23 -1.50069e-33 -9.60669e-23  3.73884e-33  1.46536e-22 -8.69033e-33 -1.96866e-22  1.88379e-32  2.29813e-22 -3.80621e-32 -2.28386e-22  7.16314e-32  1.86705e-22 -1.25456e-31 -1.17187e-22   2.0428e-31  4.61872e-23 -3.08918e-31  1.46226e-24  4.33371e-31 -1.75318e-23 -5.63394e-31   1.2276e-23  6.78089e-31 -2.42396e-24 -7.55024e-31 -2.19022e-24  7.77387e-31  1.70373e-24 -7.40037e-31 -1.58404e-25  6.51386e-31 -3.32063e-25 -5.30128e-31  1.27124e-25  3.98632e-31  3.35448e-26 -2.76339e-31 -2.75722e-26  1.75757e-31 -1.46001e-27 -1.01722e-31  3.84841e-27  5.29156e-32 -3.25656e-29 -2.43228e-32 -3.97761e-28  9.65719e-33  1.65692e-30 -3.21179e-33  2.97507e-29  8.55391e-34  1.25195e-30 -1.68966e-34 -1.45536e-30   2.0798e-35 -1.43251e-31 -6.45775e-37  3.45971e-32 -1.38188e-37  5.85534e-33  -3.8141e-38 -1.83032e-34  2.13053e-38 -7.07294e-35 -3.40409e-39 -2.35094e-36  2.22144e-40  1.20691e-37 -4.40436e-42  3.36039e-39
 -2.1201e-36 -7.27846e-47  6.42247e-37  2.18996e-45  3.05075e-35 -3.04179e-44  4.46728e-35  1.12492e-43 -1.76727e-34 -3.13121e-43 -1.70437e-34 -3.44615e-43   6.5173e-34 -1.34198e-42 -2.78209e-34 -1.56712e-41   5.9189e-36  8.72115e-41 -1.49348e-34 -4.22049e-40  2.15575e-33  4.96826e-40 -2.18911e-32 -9.98202e-40  1.92267e-31  2.72828e-39 -1.51256e-30 -1.02983e-39  1.06993e-29  2.70382e-39 -6.83207e-29  3.43708e-39  3.95078e-28  1.41461e-38 -2.07402e-27 -4.49241e-39  9.90249e-27 -6.61292e-39 -4.30563e-26  8.83641e-38  1.70619e-25 -4.26208e-37 -6.16357e-25  1.97627e-36  2.02935e-24  -7.7895e-36 -6.08523e-24  2.83666e-35  1.65971e-23 -9.64696e-35 -4.10949e-23  3.05726e-34  9.21301e-23 -9.03841e-34 -1.86358e-22   2.4937e-33  3.38552e-22 -6.42181e-33 -5.49017e-22  1.54343e-32  7.88282e-22 -3.46096e-32 -9.90835e-22   7.2371e-32  1.07247e-21 -1.41018e-31 -9.73884e-22   2.5581e-31  7.07677e-22 -4.31527e-31 -3.68575e-22  6.76074e-31  8.47315e-23 -9.82367e-31   6.1157e-23  1.32198e-30 -7.66851e-23 -1.64533e-30  3.28431e-23  1.89163e-30  3.36149e-24 -2.00723e-30 -1.09419e-23  1.96511e-30  4.02425e-24 -1.77553e-30  1.08557e-24  1.48195e-30 -1.22161e-24  -1.1441e-30  9.75606e-26  8.17717e-31  2.00414e-25 -5.40617e-31 -4.69049e-26   3.2925e-31 -2.37097e-26 -1.83088e-31  7.69389e-27  9.16284e-32  2.35784e-27 -4.04384e-32 -7.65857e-28  1.53146e-32 -2.05584e-28 -4.79303e-33  4.54106e-29  1.16886e-33  1.40918e-29 -1.97274e-34 -1.22162e-30   1.4906e-35 -5.86999e-31  2.12322e-36 -9.24245e-33 -6.31917e-37  1.09677e-32  1.33491e-38  8.08038e-34  1.46553e-38 -4.48292e-35 -2.08016e-39 -5.31449e-36  7.94625e-41 -5.58438e-38  1.93965e-43
 5.16015e-47 -3.91832e-36  -5.9592e-46 -1.37244e-37  1.43268e-44  3.18579e-35 -1.72011e-43  7.01499e-35  5.45378e-43 -1.72246e-34 -1.30474e-42  -2.2219e-34 -1.34198e-42  7.01515e-34 -4.69553e-42 -3.52449e-34 -4.58074e-41  3.06536e-34  2.38613e-40  -2.8594e-33  -1.0949e-39  3.01796e-32  1.19961e-39 -2.81566e-31  -2.5266e-39  2.34101e-30  6.40382e-39 -1.74637e-29 -2.34489e-39  1.17393e-28  4.66903e-39 -7.13611e-28  5.99924e-39  3.93371e-27  2.51441e-38  -1.9706e-26  7.06267e-39  8.98515e-26 -1.05685e-37 -3.73279e-25  5.70439e-37  1.41368e-24 -2.50418e-36 -4.88078e-24  1.04456e-35  1.53547e-23 -3.93945e-35 -4.39714e-23  1.38114e-34  1.14442e-22 -4.51742e-34 -2.70086e-22  1.37824e-33  5.76239e-22 -3.92504e-33 -1.10698e-21  1.04371e-32  1.90463e-21 -2.59156e-32 -2.91452e-21  6.00775e-32  3.92875e-21 -1.29971e-31 -4.60246e-21  2.62224e-31  4.59072e-21 -4.92924e-31 -3.76703e-21  8.62288e-31  2.37305e-21 -1.40175e-30 -9.37569e-22  2.11411e-30 -3.26033e-23 -2.95287e-30  3.62357e-22  3.81252e-30 -2.54612e-22 -4.54189e-30  5.04829e-23  4.98441e-30  4.60042e-23 -5.03305e-30 -3.60244e-23  4.67413e-30  3.40852e-24 -3.99484e-30  7.09812e-24  3.14826e-30 -2.75279e-24 -2.29488e-30 -7.19785e-25  1.55244e-30  6.03661e-25 -9.76218e-31   3.0379e-26  5.69064e-31  -8.5426e-26 -3.04612e-31  1.05008e-27  1.47182e-31  8.93413e-27 -6.26299e-32  -6.4212e-29  2.27164e-32 -6.81651e-28 -6.71258e-33 -2.61801e-29  1.50003e-33  3.37905e-29 -2.12546e-34  3.29817e-30  4.78482e-36 -8.32956e-31  5.26084e-36 -1.36981e-31 -1.05124e-36  4.54473e-33  4.57869e-38  1.71858e-33  9.43911e-39  5.53175e-35 -1.04947e-39  -2.9954e-36  9.47659e-42  -8.2788e-38
-1.32516e-36   6.1249e-46 -4.64662e-36 -4.11672e-45 -5.27622e-36  7.95116e-44   2.3429e-35 -8.42145e-43  9.05594e-35  2.30792e-42 -1.39189e-34 -4.79508e-42 -2.78209e-34 -4.69553e-42  7.54273e-34 -1.47736e-41 -6.63768e-34 -1.20161e-40  3.59511e-33  5.95468e-40 -3.87859e-32 -2.61068e-39   3.8359e-31   2.6828e-39 -3.37612e-30 -5.95784e-39  2.65898e-29  1.43271e-38 -1.88325e-28 -5.15338e-39  1.20423e-27  7.22331e-39 -6.97404e-27  1.17354e-38  3.66694e-26  2.71546e-38 -1.75376e-25  1.13049e-37  7.63918e-25 -6.93087e-37 -3.03298e-24  3.20129e-36   1.0979e-23  -1.3364e-35 -3.62269e-23  5.23914e-35  1.08881e-22 -1.89445e-34 -2.97696e-22  6.38147e-34  7.39027e-22 -2.00573e-33  -1.6614e-21  5.88497e-33  3.37049e-21 -1.61284e-32  -6.1421e-21  4.12995e-32  9.99321e-21 -9.88155e-32 -1.43983e-20  2.20867e-31  1.81647e-20 -4.60928e-31 -1.97377e-20  8.97359e-31  1.79964e-20  -1.6279e-30 -1.31324e-20  2.74773e-30  6.86806e-21 -4.30752e-30 -1.58166e-21  6.25884e-30 -1.15797e-21 -8.40964e-30  1.45692e-21  1.04237e-29 -6.27997e-22 -1.18896e-29 -6.39713e-23  1.24516e-29  2.11574e-22 -1.19518e-29  -7.8706e-23  1.05058e-29 -2.10365e-23 -8.46302e-30  2.41326e-23  6.26573e-30 -2.02149e-24 -4.28641e-30 -3.99492e-24  2.72848e-30  9.59883e-25 -1.62545e-30  4.76886e-25  9.06252e-31 -1.59471e-25 -4.68184e-31 -4.78137e-26  2.19444e-31  1.61057e-26 -9.05156e-32  4.24135e-27  3.15938e-32 -9.78937e-28 -8.84638e-33 -2.95898e-28  1.81285e-33  2.72054e-29 -2.10472e-34  1.26735e-29 -8.48206e-36  1.59686e-31   8.2415e-36 -2.41788e-31 -1.32912e-36 -1.75808e-32  6.13247e-38  1.03889e-33  5.06761e-39  1.19047e-34 -3.52095e-40  1.22115e-36 -8.14844e-42
-3.40871e-47 -4.27853e-36   5.1004e-45 -2.88801e-36 -2.49634e-44 -1.38713e-35  3.83466e-43  3.82672e-36 -3.62592e-42  9.99055e-35   8.6403e-42  -8.0839e-35 -1.56712e-41 -3.52449e-34 -1.47736e-41  1.04843e-33 -4.17844e-41 -4.31494e-33 -2.83109e-40  4.64705e-32  1.36199e-39 -4.87186e-31 -5.74322e-39  4.54498e-30  5.57775e-39 -3.78381e-29 -1.31391e-38  2.82636e-28  3.06961e-38 -1.90258e-27 -1.06926e-38  1.15828e-26  7.86956e-39 -6.39512e-26  3.70213e-38  3.20912e-25 -7.22606e-38  -1.4659e-24  7.80106e-37  6.10178e-24 -3.89608e-36 -2.31564e-23  1.68466e-35  8.01246e-23 -6.73101e-35 -2.52659e-22  2.51131e-34  7.25346e-22 -8.70054e-34 -1.89281e-21  2.81058e-33  4.47968e-21 -8.47531e-33 -9.58617e-21  2.38754e-32  1.84739e-20 -6.28722e-32 -3.18929e-20  1.54826e-31  4.89783e-20 -3.56575e-31 -6.62736e-20  7.67846e-31  7.79521e-20 -1.54511e-30 -7.80872e-20  2.90254e-30   6.4369e-20 -5.08304e-30 -4.07462e-20  8.28343e-30  1.61806e-20 -1.25336e-29  5.69293e-22  1.75632e-29 -6.33205e-21 -2.27265e-29   4.4813e-21  2.70709e-29 -9.00704e-22 -2.95873e-29 -8.15302e-22  2.95788e-29  6.46794e-22 -2.69747e-29 -6.37297e-23  2.24031e-29  -1.2835e-22 -1.69493e-29  5.08168e-23  1.17213e-29   1.2975e-23 -7.46759e-30 -1.12425e-23  4.43623e-30 -5.07065e-25 -2.48883e-30  1.60986e-24  1.32563e-30 -2.90418e-26 -6.63494e-31 -1.70615e-25  3.03692e-31   2.1432e-27 -1.22263e-31  1.32574e-26  4.12982e-32  4.46287e-28 -1.09991e-32 -6.70855e-28  2.06736e-33 -6.32331e-29 -1.89185e-34   1.7071e-29 -2.33008e-35  2.72844e-30  1.06715e-35 -1.00292e-31 -1.46526e-36 -3.54527e-32  6.92907e-38 -1.09936e-33  1.18764e-39  6.41216e-35  1.10447e-41  1.74174e-36
 4.69655e-37 -3.53111e-46 -7.93766e-36  3.38493e-44  2.34296e-36 -1.34484e-43 -2.26287e-35   1.6335e-42 -2.33192e-35 -1.38927e-41  9.45583e-35  2.89156e-41   5.9189e-36 -4.58074e-41 -6.63768e-34 -4.17844e-41  4.81231e-33 -1.05975e-40 -5.19482e-32 -5.97775e-40  5.77557e-31  2.86893e-39 -5.71958e-30 -1.16966e-38  5.04014e-29   1.0816e-38 -3.97482e-28  -2.7169e-38  2.81918e-27   6.2974e-38 -1.80542e-26 -1.90652e-38  1.04726e-25 -1.17105e-38 -5.51601e-25  1.86709e-37  2.64296e-24 -8.16791e-37  -1.1535e-23   4.5449e-36  4.58933e-23 -2.06563e-35 -1.66498e-22  8.50539e-35  5.50689e-22 -3.25074e-34  -1.6593e-21  1.15745e-33  4.54894e-21 -3.83562e-33  -1.1325e-20  1.18563e-32   2.5537e-20 -3.42263e-32 -5.19748e-20  9.23618e-32  9.50409e-20 -2.33187e-31 -1.55199e-19  5.51115e-31  2.24485e-19 -1.21961e-30 -2.84388e-19  2.52688e-30  3.10392e-19 -4.89867e-30 -2.84364e-19  8.87625e-30  2.08588e-19 -1.50081e-29 -1.09727e-19  2.36276e-29  2.54815e-20 -3.45405e-29  1.86499e-20  4.67374e-29  -2.3685e-20 -5.83248e-29  1.03194e-20  6.68606e-29  1.01304e-21 -7.01118e-29 -3.49957e-21  6.69686e-29  1.32537e-21 -5.80348e-29  3.45227e-22  4.54897e-29 -4.08818e-22  -3.2219e-29  3.68031e-23  2.06828e-29  6.81216e-23 -1.21532e-29 -1.69957e-23  6.65977e-30 -8.17962e-24 -3.48614e-30   2.8512e-24  1.77045e-30  8.26228e-25 -8.63693e-31 -2.92617e-25  3.89836e-31  -7.4509e-26 -1.54583e-31  1.82371e-26  5.08643e-32  5.31943e-27 -1.29338e-32 -5.30737e-28  2.22637e-33 -2.34375e-28 -1.48929e-34 -2.01322e-30 -3.82185e-35  4.60686e-30  1.24143e-35  3.24869e-31 -1.50645e-36 -2.08825e-32  7.66548e-38 -2.29813e-33 -1.68715e-39 -2.23188e-35  9.28013e-41
 5.78799e-46  1.02238e-36 -2.86355e-45 -1.14947e-35  1.88061e-43  1.04342e-35 -6.46959e-43 -2.79676e-35  6.21915e-42 -4.96734e-35 -4.78088e-41  6.44626e-35  8.72115e-41  3.06536e-34 -1.20161e-40 -4.31494e-33 -1.05975e-40  5.41373e-32 -2.39448e-40 -6.39603e-31 -1.12349e-39  6.73554e-30  5.59599e-39 -6.29183e-29 -2.21214e-38  5.24508e-28  1.95958e-38 -3.92344e-27 -5.25891e-38   2.6451e-26  1.22114e-37 -1.61294e-25 -1.55879e-38   8.9209e-25 -1.67823e-37 -4.48488e-24  1.08081e-36  2.05272e-23 -5.21924e-36 -8.56244e-23  2.47714e-35  3.25679e-22 -1.05837e-34  -1.1296e-21  4.16035e-34  3.57111e-21 -1.51879e-33   -1.028e-20   5.1595e-33  2.69038e-20 -1.63213e-32 -6.38693e-20  4.81594e-32  1.37125e-19 -1.32732e-31 -2.65185e-19  3.42128e-31   4.5952e-19 -8.25692e-31 -7.08507e-19  1.86754e-30  9.62788e-19 -3.96102e-30 -1.13764e-18  7.87949e-30  1.14525e-18 -1.46945e-29 -9.49165e-19   2.5662e-29   6.0451e-19 -4.18887e-29 -2.41959e-19   6.3743e-29 -7.90562e-21 -9.01267e-29  9.53132e-20  1.17934e-28 -6.82059e-20 -1.42177e-28  1.40328e-20  1.57135e-28  1.24178e-20 -1.58367e-28  -1.0048e-20  1.44741e-28  1.05358e-21 -1.19299e-28  2.00011e-21  8.82309e-29 -8.15011e-22 -5.83592e-29 -1.99878e-22  3.45575e-29  1.81444e-22  -1.8507e-29  6.76364e-24  9.19836e-30 -2.62516e-23 -4.42467e-30  6.83729e-25  2.13533e-30  2.82018e-24  -1.0257e-30 -5.68843e-26   4.6344e-31 -2.23286e-25 -1.83242e-31 -6.07908e-27  5.91814e-32  1.15739e-26 -1.44114e-32  1.03186e-27  2.25868e-33 -3.04778e-28 -9.04105e-35 -4.69394e-29 -5.25047e-35  1.96611e-30  1.35644e-35  6.34475e-31 -1.49898e-36  1.86676e-32  8.18399e-38 -1.20526e-33 -2.73187e-39 -3.17109e-35
 1.02765e-36  6.02045e-45   1.5518e-36 -1.91653e-44 -1.45037e-35  8.99391e-43  1.87922e-35 -2.79206e-42  -2.8475e-35  2.13542e-41 -5.85216e-35 -1.48873e-40 -1.49348e-34  2.38613e-40  3.59511e-33 -2.83109e-40 -5.19482e-32 -2.39448e-40  6.61935e-31 -4.74836e-40 -7.42791e-30  -1.8518e-39  7.36749e-29  1.01797e-38 -6.50099e-28 -3.89509e-38  5.13421e-27  3.29991e-38 -3.64706e-26   -9.358e-38  2.33942e-25  2.11101e-37 -1.35939e-24  1.18131e-37  7.17338e-24 -1.15798e-36 -3.44394e-23  6.23446e-36  1.50628e-22 -2.94911e-35 -6.00654e-22   1.3014e-34  2.18441e-21   -5.283e-34 -7.24357e-21  1.98258e-33   2.1886e-20 -6.90598e-33 -6.01761e-20  2.23636e-32  1.50282e-19  -6.7407e-32 -3.40006e-19  1.89412e-31  6.94467e-19 -4.96962e-31 -1.27472e-18  1.21942e-30  2.09004e-18 -2.80287e-30 -3.03627e-18  6.04406e-30  3.86447e-18 -1.22424e-29  -4.2392e-18  2.33096e-29  3.90527e-18 -4.17183e-29  -2.8825e-18  7.01166e-29  1.52793e-18 -1.10441e-28 -3.60284e-19  1.62515e-28 -2.59585e-19   -2.225e-28  3.34889e-19  2.82029e-28 -1.48148e-19 -3.29121e-28 -1.34953e-20  3.51443e-28  5.03256e-20 -3.41143e-28 -1.95342e-20  2.98922e-28 -4.86928e-21   -2.347e-28  6.03665e-21   1.6389e-28 -5.96547e-22 -1.01101e-28 -1.00965e-21  5.49082e-29  2.64511e-22 -2.64269e-29  1.21548e-22  1.16189e-29 -4.47039e-23 -4.99821e-30 -1.23462e-23  2.27687e-30    4.665e-24 -1.09769e-30  1.13243e-24  5.08874e-31 -2.98652e-25 -2.04034e-31 -8.30618e-26  6.52144e-32  9.16805e-27 -1.52191e-32  3.77808e-27  2.13596e-33  1.24805e-29 -1.25387e-35 -7.69594e-29 -6.62812e-35 -5.18603e-30  1.42751e-35   3.7096e-31 -1.44744e-36  3.87862e-32  7.71844e-38  3.44931e-34 -1.91197e-39
 5.21665e-46  2.58164e-36  4.33048e-44  1.83846e-36  -1.0685e-43 -1.64067e-35   3.7751e-42   2.4083e-35 -1.08677e-41 -3.06198e-35  6.66026e-41  7.96494e-35 -4.22049e-40  -2.8594e-33  5.95468e-40  4.64705e-32 -5.97775e-40 -6.39603e-31 -4.74836e-40  7.67409e-30 -7.97761e-40 -8.09731e-29 -2.59065e-39  7.57421e-28  1.74348e-38 -6.32316e-27 -6.38436e-38  4.73713e-26  4.96592e-38 -3.19892e-25 -1.39106e-37  1.95408e-24  2.34697e-37  -1.0828e-23  1.13968e-36   5.4546e-23 -7.01133e-36 -2.50191e-22  3.49771e-35    1.046e-21 -1.58708e-34 -3.98828e-21  6.65274e-34  1.38692e-20 -2.57635e-33  -4.3968e-20  9.23221e-33  1.26945e-19  -3.0678e-32 -3.33278e-19  9.46536e-32  7.93869e-19 -2.71509e-31 -1.71055e-18  7.25142e-31  3.32076e-18  -1.8063e-30 -5.77803e-18  4.20459e-30  8.94819e-18 -9.16597e-30 -1.22175e-17  1.87569e-29  1.45107e-17 -3.61108e-29 -1.46902e-17  6.55207e-29  1.22518e-17  -1.1214e-28  -7.8613e-18  1.80962e-28  3.18084e-18 -2.74763e-28  8.61095e-20  3.91079e-28 -1.25342e-18 -5.19124e-28  9.10676e-19  6.38656e-28  -1.9366e-19 -7.23119e-28 -1.64797e-19  7.47875e-28  1.37008e-19 -7.00896e-28 -1.55819e-20  5.90165e-28 -2.72381e-20 -4.42338e-28  1.15199e-20  2.92106e-28  2.66335e-21  -1.6807e-28 -2.57372e-21  8.33628e-29 -6.88695e-23 -3.54999e-29  3.75709e-22  1.32912e-29 -1.37286e-23  -4.8397e-30 -4.09096e-23  2.04799e-30  1.23344e-24 -1.03389e-30  3.30348e-24  5.14017e-31  6.22461e-26 -2.13891e-31 -1.75873e-25  6.81729e-32  -1.4497e-26 -1.51686e-32   4.8113e-27  1.82452e-33  7.06184e-28  8.84785e-35 -3.44405e-29 -7.99056e-35 -9.99693e-30  1.45363e-35 -2.72987e-31 -1.31249e-36  2.01221e-32  5.79559e-38  5.07227e-34
-6.66293e-37  5.27683e-45  4.90428e-36  2.44912e-43  1.54642e-36 -5.03736e-43 -1.62119e-35  1.41193e-41  2.70675e-35 -3.83749e-41  -1.2428e-34  1.89816e-40  2.15575e-33  -1.0949e-39 -3.87859e-32  1.36199e-39  5.77557e-31 -1.12349e-39 -7.42791e-30 -7.97761e-40  8.35601e-29 -1.02552e-39 -8.29966e-28 -2.81745e-39  7.33405e-27  2.83791e-38 -5.80104e-26 -9.59691e-38  4.12753e-25  5.10654e-38  -2.6523e-24 -6.67458e-38  1.54411e-23  -5.6833e-37  -8.1646e-23  7.53118e-36  3.92828e-22 -4.02233e-35 -1.72209e-21  1.90456e-34  6.88401e-21 -8.27331e-34 -2.51011e-20  3.31502e-33  8.34694e-20 -1.22745e-32 -2.52953e-19  4.20391e-32  6.97724e-19 -1.33348e-31 -1.74843e-18  3.92129e-31  3.97014e-18 -1.07013e-30 -8.14069e-18  2.71374e-30  1.50049e-17 -6.40522e-30 -2.47123e-17   1.4101e-29  3.60735e-17 -2.90324e-29 -4.61531e-17   5.6085e-29  5.09173e-17 -1.02025e-28 -4.72042e-17  1.75372e-28  3.50976e-17 -2.85567e-28 -1.87816e-17   4.4084e-28  4.52845e-18 -6.44079e-28  3.16016e-18  8.86758e-28 -4.17034e-18 -1.14295e-27  1.88191e-18    1.368e-27  1.51558e-19 -1.50701e-27 -6.37058e-19  1.51382e-27  2.55186e-19 -1.37343e-27  5.96303e-20   1.1141e-27 -7.86734e-20 -7.99079e-28  8.68132e-21  5.00185e-28  1.31651e-20 -2.68864e-28 -3.66226e-21  1.21571e-28 -1.58308e-21 -4.51068e-29  6.22298e-22  1.35474e-29  1.61257e-22 -3.63656e-30 -6.60501e-23  1.35288e-30 -1.50562e-23 -8.13541e-31  4.35169e-24  4.75061e-31  1.13932e-24 -2.11696e-31 -1.41576e-25  6.75283e-32 -5.37465e-26 -1.40614e-32   1.8788e-28  1.28058e-33  1.14065e-27  2.16274e-34  7.22743e-29  -9.2738e-35  -5.8921e-30  1.40699e-35 -5.79006e-31 -1.05429e-36  -4.5225e-33  2.94021e-38
 1.33632e-45 -2.23717e-36  3.72454e-44  8.17741e-36  1.14615e-42  1.22486e-37 -2.04493e-42 -1.43851e-35  4.76534e-41  8.33231e-35  -1.2366e-40 -1.59362e-33  4.96826e-40  3.01796e-32 -2.61068e-39 -4.87186e-31  2.86893e-39  6.73554e-30  -1.8518e-39 -8.09731e-29 -1.02552e-39   8.5563e-28 -5.68802e-40  -8.0151e-27 -1.52229e-39  6.70154e-26  4.34509e-38 -5.02891e-25 -1.19293e-37  3.40198e-24 -9.07622e-38 -2.08206e-23  9.41016e-37  1.15606e-22 -6.93635e-36 -5.83629e-22  4.45731e-35   2.6832e-21  -2.2198e-34 -1.12458e-20  1.00512e-33  4.29924e-20 -4.18574e-33 -1.49929e-19  1.60752e-32  4.76737e-19 -5.70194e-32 -1.38087e-18  1.86927e-31  3.63781e-18 -5.66784e-31 -8.69719e-18  1.59039e-30  1.88136e-17 -4.13245e-30 -3.66778e-17  9.95178e-30  6.41074e-17 -2.22402e-29 -9.97645e-17  4.62136e-29  1.36934e-16  -8.9546e-29 -1.63572e-16   1.6245e-28  1.66649e-16 -2.77358e-28 -1.39997e-16  4.48269e-28  9.06249e-17 -6.89532e-28  -3.7181e-17  1.01275e-27 -6.78828e-19 -1.41968e-27  1.45588e-17  1.89025e-27 -1.07869e-17 -2.37011e-27   2.3932e-18  2.76834e-27  1.92562e-18 -2.97724e-27 -1.65806e-18  2.91427e-27  2.07758e-19 -2.56704e-27  3.27643e-19  2.01136e-27 -1.45095e-19 -1.38404e-27 -3.09415e-20   8.2347e-28  3.24395e-20 -4.14785e-28  4.35747e-22  1.71248e-28 -4.77077e-21 -5.47224e-29  2.37405e-22  1.19691e-29  5.26374e-22 -1.29173e-30 -2.24948e-23   2.0909e-31 -4.33969e-23 -4.57893e-31 -3.60814e-25  3.99549e-31  2.37903e-24 -1.98322e-31  1.76189e-25  6.28297e-32  -6.7885e-26 -1.16498e-32  -9.3799e-27  4.62292e-34  5.42195e-28  3.66999e-34  1.40181e-28 -1.02094e-34  3.45015e-30  1.24835e-35 -3.01331e-31 -6.90535e-37 -7.20841e-33
 4.55331e-38  1.68102e-44 -5.24058e-36  2.11376e-43  1.24348e-35  4.56888e-42 -2.42498e-36 -7.27683e-42 -4.29472e-35  1.46752e-40   1.0414e-33 -3.65739e-40 -2.18911e-32  1.19961e-39   3.8359e-31 -5.74322e-39 -5.71958e-30  5.59599e-39  7.36749e-29 -2.59065e-39 -8.29966e-28 -5.68802e-40  8.25563e-27  1.92969e-39 -7.30642e-26  3.41575e-39  5.78876e-25  5.40741e-38 -4.12611e-24 -2.22956e-38  2.65644e-23 -1.17207e-36 -1.54968e-22  7.77516e-36   8.2119e-22 -4.59373e-35 -3.96026e-21  2.48886e-34  1.74044e-20 -1.18026e-33  -6.9759e-20  5.12765e-33  2.55086e-19  -2.0507e-32 -8.50826e-19  7.56286e-32   2.5868e-18 -2.57457e-31 -7.15999e-18  8.09345e-31  1.80088e-17 -2.35008e-30 -4.10551e-17  6.30367e-30  8.45411e-17 -1.56209e-29 -1.56539e-16  3.57701e-29   2.5908e-16 -7.57372e-29 -3.80202e-16  1.48475e-28  4.89255e-16 -2.70175e-28 -5.43205e-16  4.58282e-28  5.07212e-16 -7.29331e-28 -3.80329e-16  1.09845e-27  2.05862e-16 -1.58089e-27 -5.11059e-17   2.1915e-27 -3.39549e-17 -2.93414e-27   4.6193e-17  3.77615e-27 -2.13655e-17 -4.61799e-27 -1.41957e-18  5.28573e-27  7.16805e-18 -5.57412e-27 -2.98397e-18  5.33738e-27 -6.37976e-19 -4.57899e-27  9.13826e-19  3.47445e-27  -1.1405e-19 -2.29929e-27 -1.52437e-19   1.3041e-27  4.55254e-20 -6.18108e-28  1.82254e-20  2.34323e-28 -7.76429e-21 -6.43878e-29 -1.85469e-21  8.74581e-30  8.38341e-22  1.91354e-30  1.76433e-22 -1.20376e-30 -5.69369e-23 -3.87302e-32 -1.38426e-23  3.05851e-31  1.96898e-24  -1.7559e-31  6.80998e-25  5.33836e-32 -8.20978e-27 -7.65411e-33 -1.51397e-26  -6.3244e-34  -8.8475e-28  5.21015e-34  8.43686e-29 -1.03584e-34  7.71642e-30  9.64983e-36  4.96523e-32 -3.14229e-37
 4.32559e-45  6.65231e-37  1.29963e-43 -9.79373e-36  1.01665e-42  1.70058e-35  1.58189e-41  1.06208e-35 -2.30831e-41 -6.17715e-34   4.1656e-40  1.46721e-32 -9.98202e-40 -2.81566e-31   2.6828e-39  4.54498e-30 -1.16966e-38 -6.29183e-29  1.01797e-38  7.57421e-28 -2.81745e-39  -8.0151e-27  1.92969e-39  7.51973e-26  8.84926e-39  -6.2978e-25  2.05943e-38  4.73435e-24 -1.83554e-38 -3.20883e-23  8.91633e-37  1.96787e-22 -7.88181e-36 -1.09505e-21  4.80375e-35  5.54124e-21 -2.63949e-34 -2.55394e-20  1.32733e-33  1.07327e-19 -6.03626e-33 -4.11485e-19  2.52134e-32  1.43938e-18 -9.69926e-32 -4.59185e-18   3.4405e-31  1.33469e-17   -1.126e-30  -3.5293e-17  3.40036e-30  8.47156e-17 -9.47359e-30 -1.84042e-16  2.43411e-29   3.6045e-16 -5.76483e-29 -6.33139e-16  1.25788e-28  9.90577e-16 -2.52799e-28 -1.36756e-15  4.68089e-28  1.64403e-15 -7.99705e-28 -1.68692e-15  1.26504e-27  1.42881e-15 -1.86544e-27 -9.34492e-16  2.59279e-27  3.89957e-16  -3.4487e-27  2.40564e-18  4.46015e-27 -1.50655e-16 -5.66316e-27  1.14366e-16  7.03857e-27 -2.67032e-17 -8.42895e-27 -1.99679e-17  9.51156e-27  1.79665e-17 -9.89354e-27 -2.51038e-18  9.31046e-27  -3.5099e-18 -7.80566e-27  1.64255e-18  5.74955e-27  3.14638e-19  -3.6669e-27 -3.66446e-19  1.98795e-27  1.04064e-21  -8.9089e-28  5.42029e-20  3.13144e-28 -3.57707e-21 -7.52389e-29 -6.05698e-21  4.99916e-30  3.52793e-22     5.21e-30  5.10389e-22 -2.52728e-30 -2.34718e-24  3.26778e-31 -2.88853e-23   2.1793e-31 -1.84776e-24 -1.44216e-31  8.63083e-25  3.80227e-32  1.10747e-25  -1.8997e-33  -7.7076e-27 -1.91247e-33 -1.76379e-27  6.41137e-34 -3.75364e-29 -9.34345e-35  4.07943e-30  6.03556e-36  9.17533e-32
