  2.8666e-06  1.24882e-21 -3.28068e-05 -1.67229e-20  0.000133432  6.09223e-20 -0.000287327 -1.05694e-19  0.000353722  9.89703e-20 -0.000227459 -5.54256e-20  2.79047e-05  3.03998e-20  5.81377e-05 -2.70574e-20 -3.22888e-05  1.83327e-20  2.45315e-06 -5.40074e-21  1.01371e-06
 1.24882e-21    4.791e-05  9.68291e-21 -0.000297425 -8.41387e-20  0.000866888  2.08789e-19  -0.00142217 -2.20672e-19   0.00131705  7.96694e-20 -0.000533932  8.83989e-21 -0.000137625  4.12661e-20  0.000229369 -8.36618e-20 -6.79173e-05  4.87953e-20 -2.16128e-06 -8.23168e-21
-3.28068e-05  9.68291e-21  0.000377577   4.0478e-20  -0.00154954  -2.2604e-19   0.00338457  2.95523e-19  -0.00426569  6.05191e-20   0.00287025 -4.34011e-19 -0.000457364  2.92766e-19  -0.00071882  8.09568e-20   0.00047817 -1.86716e-19 -7.54656e-05  7.43881e-20 -6.91411e-06
-1.67229e-20 -0.000297425   4.0478e-20   0.00186323   9.8615e-20  -0.00550963 -2.48082e-19    0.0092518 -3.88952e-19  -0.00892509  1.59972e-18   0.00400341 -1.82084e-18  0.000682645  7.48899e-19  -0.00168023   1.9611e-19  0.000662517 -2.84301e-19 -5.22797e-05  6.30253e-20
 0.000133432 -8.41387e-20  -0.00154954   9.8615e-20   0.00645203  9.93665e-20   -0.0144226  5.64582e-19    0.0188889 -3.09229e-18    -0.013695  5.13667e-18   0.00313344 -4.00696e-18    0.0030163  1.19559e-18   -0.0026271  3.35027e-19   0.00068739 -2.86709e-19 -2.87305e-05
 6.09223e-20  0.000866888  -2.2604e-19  -0.00550963  9.93665e-20    0.0166725 -2.88307e-19    -0.029056  3.47584e-18    0.0298972 -8.84226e-18   -0.0156113  1.04814e-17 -0.000430984 -6.40405e-18   0.00575957  1.49592e-18  -0.00313853  3.55382e-19  0.000576669  -1.6826e-19
-0.000287327  2.08789e-19   0.00338457 -2.48082e-19   -0.0144226 -2.88307e-19    0.0334466  -1.5486e-18   -0.0465142  9.25431e-18    0.0377171 -1.71197e-17   -0.0128681  1.62893e-17  -0.00555917 -8.32697e-18   0.00778553  1.67079e-18  -0.00305598  2.00282e-19  0.000364637
-1.05694e-19  -0.00142217  2.95523e-19    0.0092518  5.64582e-19    -0.029056  -1.5486e-18    0.0537007 -4.08349e-18   -0.0609365  1.73325e-17    0.0390396 -2.58989e-17   -0.0066246  2.09988e-17   -0.0100749 -9.38598e-18     0.008353  1.78153e-18  -0.00239096  2.54028e-21
 0.000353722 -2.20672e-19  -0.00426569 -3.88952e-19    0.0188889  3.47584e-18   -0.0465142 -4.08349e-18     0.071071   -7.408e-18   -0.0676712  2.56845e-17    0.0346321 -3.30341e-17 -0.000157081  2.37999e-17   -0.0121533 -9.52963e-18   0.00720898  1.67629e-18  -0.00127444
 9.89703e-20   0.00131705  6.05191e-20  -0.00892509 -3.09229e-18    0.0298972  9.25431e-18   -0.0609365   -7.408e-18    0.0803633 -1.09459e-17   -0.0669339  3.25763e-17    0.0285729  -3.7567e-17   0.00333253  2.44551e-17   -0.0108905 -8.62525e-18   0.00460682  1.11726e-18
-0.000227459  7.96694e-20   0.00287025  1.59972e-18    -0.013695 -8.84226e-18    0.0377171  1.73325e-17   -0.0676712 -1.09459e-17    0.0815343 -1.38056e-17   -0.0631885  3.70799e-17    0.0253146 -3.91068e-17   0.00200781  2.26686e-17  -0.00658353 -6.39455e-18   0.00170159
-5.54256e-20 -0.000533932 -4.34011e-19   0.00400341  5.13667e-18   -0.0156113 -1.71197e-17    0.0390396  2.56845e-17   -0.0669339 -1.38056e-17    0.0791432 -1.57496e-17   -0.0616866  3.89565e-17    0.0275814 -3.70744e-17  -0.00383133  1.80665e-17   -0.0014228 -3.22994e-18
 2.79047e-05  8.83989e-21 -0.000457364 -1.82084e-18   0.00313344  1.04814e-17   -0.0128681 -2.58989e-17    0.0346321  3.25763e-17   -0.0631885 -1.57496e-17    0.0787036 -1.65944e-17   -0.0657204  3.74997e-17    0.0349801 -3.09083e-17   -0.0106281  1.13014e-17   0.00129014
 3.03998e-20 -0.000137625  2.92766e-19  0.000682645 -4.00696e-18 -0.000430984  1.62893e-17   -0.0066246 -3.30341e-17    0.0285729  3.70799e-17   -0.0616866 -1.65944e-17    0.0836908 -1.60782e-17   -0.0747083  3.20649e-17     0.042394 -2.13228e-17   -0.0127844  4.67185e-18
 5.81377e-05  4.12661e-20  -0.00071882  7.48899e-19    0.0030163 -6.40405e-18  -0.00555917  2.09988e-17 -0.000157081  -3.7567e-17    0.0253146  3.89565e-17   -0.0657204 -1.60782e-17    0.0934207 -1.40013e-17   -0.0821945  2.33682e-17    0.0416564 -1.11975e-17  -0.00813873
-2.70574e-20  0.000229369  8.09568e-20  -0.00168023  1.19559e-18   0.00575957 -8.32697e-18   -0.0100749  2.37999e-17   0.00333253 -3.91068e-17    0.0275814  3.74997e-17   -0.0747083 -1.40013e-17     0.100896 -1.03414e-17   -0.0778848  1.34954e-17    0.0293596 -3.76953e-18
-3.22888e-05 -8.36618e-20   0.00047817   1.9611e-19   -0.0026271  1.49592e-18   0.00778553 -9.38598e-18   -0.0121533  2.44551e-17   0.00200781 -3.70744e-17    0.0349801  3.20649e-17   -0.0821945 -1.03414e-17    0.0949824 -6.27865e-18   -0.0572949  5.72999e-18    0.0124604
 1.83327e-20 -6.79173e-05 -1.86716e-19  0.000662517  3.35027e-19  -0.00313853  1.67079e-18     0.008353 -9.52963e-18   -0.0108905  2.26686e-17  -0.00383133 -3.09083e-17     0.042394  2.33682e-17   -0.0778848 -6.27865e-18    0.0707613 -2.86606e-18   -0.0293758  1.52236e-18
 2.45315e-06  4.88052e-20 -7.54656e-05 -2.84399e-19   0.00068739  3.54811e-19  -0.00305598   1.7815e-18   0.00720898 -8.62363e-18  -0.00658353  1.80671e-17   -0.0106281 -2.13289e-17    0.0416564  1.34714e-17   -0.0572949 -2.85492e-18    0.0379507 -9.01237e-19  -0.00870705
-5.39973e-21 -2.16128e-06  7.43984e-20 -5.22797e-05 -2.86736e-19  0.000576669  2.00093e-19  -0.00239096  1.67607e-18   0.00460682  -6.3955e-18   -0.0014228  1.13013e-17   -0.0127844 -1.11973e-17    0.0293596  5.72544e-18   -0.0293758 -9.01237e-19    0.0128604  -1.8353e-19
 1.01371e-06 -8.23171e-21 -6.91411e-06  6.30271e-20 -2.87305e-05 -1.68254e-19  0.000364637  2.54426e-21  -0.00127444  1.11712e-18   0.00170159 -3.22995e-18   0.00129014  4.67211e-18  -0.00813873 -3.76909e-18    0.0124604  1.52278e-18  -0.00870705 -1.83445e-19   0.00205867
