 1.87012e-06 -3.62161e-20 -1.66453e-05  5.03604e-19  4.81497e-05  -2.0223e-18 -6.31424e-05  4.26562e-18  3.15959e-05 -4.67573e-18  7.16898e-06  2.20921e-19 -8.53932e-06  7.48524e-18 -3.07676e-06 -1.17434e-17  1.36407e-06  8.77026e-18  1.27185e-06 -2.62686e-18  2.24175e-07 -8.01862e-19 -1.90794e-07  7.30516e-19 -1.54365e-07  7.74751e-20 -4.64099e-08 -1.46786e-19  4.91802e-09 -3.39802e-20  1.24797e-08   2.9817e-20  6.94964e-09  1.36587e-20  2.15789e-09 -4.16591e-21  1.76856e-10 -3.39949e-21 -2.44065e-10 -3.01591e-22 -1.85568e-10  3.04247e-22 -8.29797e-11  2.22488e-22 -2.68581e-11  9.58914e-23  -5.9828e-12   2.0588e-23 -4.04915e-13 -1.58676e-23  4.34048e-13 -1.75274e-23  2.96455e-13 -6.88074e-24  1.26429e-13 -3.67671e-25  4.31296e-14  1.10463e-24  1.25634e-14   6.5941e-25   3.1952e-15  1.49313e-25  7.10496e-16 -2.74046e-26    1.354e-16 -3.24612e-26  2.06791e-17 -1.12869e-26  1.90124e-18 -9.79962e-28 -1.96857e-19  1.05266e-27 -1.61531e-19  6.83043e-28 -5.38228e-20  2.42628e-28 -1.37831e-20  5.76825e-29 -3.02819e-21  8.25776e-30 -5.93963e-22   3.8751e-32 -1.05963e-22  -3.6193e-31  -1.7363e-23 -1.27223e-31 -2.62714e-24 -3.10723e-32 -3.68055e-25 -6.38837e-33 -4.77908e-26 -1.13739e-33 -5.74982e-27 -1.85135e-34 -6.40122e-28 -3.15056e-35 -6.57933e-29 -5.68962e-36 -6.22334e-30 -9.58898e-37 -5.39497e-31 -1.41566e-37 -4.26407e-32 -1.83678e-38 -3.05323e-33 -2.08334e-39 -1.96518e-34 -2.02746e-40 -1.12609e-35 -1.67465e-41 -5.67626e-37  -1.1668e-42 -2.47908e-38 -6.77632e-44 -9.19885e-40 -3.21861e-45 -2.82383e-41  -1.2163e-46 -6.90396e-43 -3.50098e-48 -1.26785e-44 -7.13548e-50 -1.57886e-46 -8.92353e-52 -1.05753e-48 -4.43153e-54
-3.62161e-20   2.5494e-05 -2.96564e-19 -0.000126201  2.80614e-18  0.000265158 -9.30469e-18 -0.000258013  1.79923e-17   6.9612e-05 -2.02514e-17  5.53715e-05  7.39059e-18 -1.77341e-05   1.4279e-17   -1.799e-05 -2.56507e-17 -6.91584e-07  1.84546e-17   4.3421e-06 -4.48032e-18   2.1515e-06 -2.43811e-18  5.02291e-08  1.55956e-18 -4.72466e-07   3.7384e-19 -2.87293e-07 -3.59924e-19 -7.37218e-08  -1.1108e-19  1.26204e-08   6.6838e-20  2.24884e-08  3.94861e-20   1.2241e-08 -6.20277e-21  4.02778e-09  -9.0446e-21  5.92107e-10 -2.39896e-21 -2.46969e-10  3.13897e-22 -2.46296e-10  8.02523e-22 -1.22416e-10  4.68763e-22 -4.47126e-11  1.08378e-22 -1.26588e-11 -5.51596e-23 -2.57518e-12 -6.12126e-23  -1.8896e-13 -2.41603e-23  1.39766e-13 -2.21464e-24  9.33776e-14  2.90711e-24  3.81618e-14  1.78036e-24  1.25559e-14  3.79805e-25  3.57611e-15 -8.15836e-26  9.08339e-16 -8.47776e-26   2.0872e-16 -2.65127e-26  4.36773e-17 -6.69218e-28  8.33823e-18  3.43653e-27  1.44828e-18  1.97899e-27  2.26984e-19  6.87802e-28  3.15303e-20  1.68237e-28  3.72932e-21  2.81013e-29  3.35285e-22  2.36369e-30  1.14731e-23   -3.002e-31 -3.78451e-24 -1.86453e-31 -1.19843e-24 -5.48533e-32 -2.31981e-25 -1.27272e-32 -3.60827e-26 -2.45165e-33 -4.82969e-27 -4.17427e-34   -5.709e-28 -6.98752e-35 -6.02424e-29 -1.16087e-35 -5.69546e-30 -1.76444e-36 -4.82166e-31 -2.35927e-37 -3.64209e-32  -2.7845e-38 -2.43943e-33 -2.88278e-39 -1.43586e-34 -2.57015e-40 -7.33635e-36 -1.94668e-41 -3.19982e-37 -1.23951e-42 -1.16426e-38 -6.53236e-44 -3.41899e-40 -2.78441e-45 -7.69649e-42 -9.27263e-47 -1.21147e-43  -2.2808e-48 -1.07832e-45 -3.74963e-50 -1.49093e-48 -3.27903e-52  3.39666e-50
-1.66453e-05 -2.96564e-19  0.000168833 -1.27969e-18 -0.000568314   9.0126e-18  0.000905929 -2.57043e-17 -0.000642332  4.64402e-17  2.16573e-05  -5.2013e-17   0.00017709  2.55336e-17  5.78205e-06  1.69476e-17 -4.73825e-05 -3.83328e-17 -1.68411e-05  2.70232e-17  5.53689e-06 -5.34495e-18  6.88593e-06  -4.5643e-18  2.25128e-06  2.38636e-18  -3.5422e-07  8.28774e-19 -7.20558e-07  -5.9623e-19  -3.6913e-07 -2.33176e-19 -8.57879e-08  1.03677e-19  1.70507e-08  7.99976e-20  2.71822e-08 -2.68363e-21  1.48717e-08 -1.76842e-20  5.24515e-09  -7.9402e-21  1.09631e-09 -4.34212e-22 -6.18659e-11   1.9485e-21 -1.89936e-10  1.33704e-21 -1.10837e-10  3.36131e-22 -4.52016e-11 -1.17778e-22 -1.47414e-11 -1.42282e-22 -3.94221e-12 -5.82405e-23 -8.31412e-13 -8.01751e-24 -1.11343e-13  4.44041e-24  7.57227e-15  2.92486e-24  1.19435e-14  5.25811e-25  5.31064e-15 -2.00719e-25  1.75602e-15 -1.56778e-25  4.92493e-16  -4.1257e-26  1.22688e-16   3.0955e-27   2.7748e-17   7.8571e-27  5.76699e-18  4.09063e-27  1.10959e-18  1.39423e-27  1.98581e-19  3.49502e-28  3.31638e-20  6.49818e-29   5.1794e-21  8.52556e-30  7.57566e-22   5.6972e-31  1.03871e-22 -9.50907e-32  1.33571e-23 -5.46421e-32  1.61105e-24 -1.56392e-32  1.82182e-25 -3.29437e-33  1.92959e-26 -5.82549e-34  1.91084e-27 -9.65904e-35  1.76444e-28 -1.51738e-35  1.51334e-29 -2.13613e-36  1.19932e-30  -2.6325e-37  8.72256e-32 -2.85498e-38  5.77201e-33  -2.7109e-39  3.43836e-34 -2.21583e-40  1.81977e-35 -1.53557e-41  8.41845e-37 -8.89553e-43  3.33394e-38 -4.22585e-44  1.09956e-39 -1.60078e-45  2.90584e-41 -4.62869e-47  5.80286e-43 -9.48718e-49  7.90388e-45 -1.19255e-50  5.82214e-47 -5.94967e-53
 5.03604e-19 -0.000126201 -1.27969e-18  0.000724315 -3.51151e-18  -0.00181251  1.93177e-17    0.0022403 -4.94721e-17  -0.00108839   8.6192e-17 -0.000288957 -9.56949e-17  0.000338058  5.18615e-17  0.000119523  1.37384e-17 -6.62564e-05 -4.52958e-17 -5.58428e-05  3.20955e-17 -6.11205e-06 -5.58315e-18  1.14453e-05  -6.4469e-18  7.68427e-06   3.0839e-18   1.6912e-06  1.30406e-18 -7.37476e-07 -8.06506e-19 -8.34508e-07 -3.80142e-19 -3.84365e-07  1.35823e-19 -8.66553e-08  1.36032e-19  1.47722e-08  8.96202e-21  2.51446e-08 -3.02732e-20  1.41732e-08 -1.85269e-20  5.37273e-09 -2.47586e-21  1.41111e-09  3.74092e-21  1.67319e-10  2.85194e-21 -7.44245e-11  7.76428e-22 -6.51697e-11 -1.80712e-22 -3.06765e-11 -2.56519e-22 -1.11798e-11 -1.11564e-22 -3.42078e-12 -2.15713e-23 -9.00762e-13  2.87816e-24 -2.03579e-13  2.69404e-24 -3.80894e-14  1.23883e-25 -5.15281e-15 -4.78706e-25 -1.34572e-16  -2.5325e-25  2.15343e-16 -5.20525e-26  9.69422e-17  1.12346e-26  2.94192e-17  1.42249e-26  7.39612e-18  6.88253e-27  1.63654e-18  2.30928e-27  3.27147e-19  5.89384e-28  5.98798e-20  1.17535e-28  1.01111e-20  1.86829e-29  1.58176e-21  2.36505e-30  2.29765e-22  1.84569e-31  3.10162e-23 -1.94891e-32  3.88992e-24 -1.23171e-32  4.52719e-25 -3.08128e-33  4.87943e-26 -5.78886e-34  4.85638e-27 -9.67023e-35  4.44663e-28 -1.46807e-35  3.72801e-29 -1.95233e-36  2.84531e-30 -2.24919e-37  1.96293e-31 -2.26284e-38  1.21348e-32 -1.98165e-39  6.65051e-34 -1.48788e-40  3.18825e-35 -9.42289e-42  1.31422e-36 -4.94725e-43  4.55351e-38 -2.10423e-44  1.28512e-39  -7.0069e-46  2.82073e-41 -1.72743e-47  4.46526e-43 -2.84965e-49  4.40223e-45 -2.49935e-51  1.74317e-47
 4.81497e-05  2.80614e-18 -0.000568314 -3.51151e-18   0.00226564 -6.44018e-18  -0.00443194  2.82961e-17   0.00427193 -6.96363e-17  -0.00119356  1.23506e-16 -0.000990836 -1.37013e-16  0.000384052  7.61091e-17   0.00034964  6.68402e-18 -1.64517e-05 -4.43199e-17 -0.000104756  3.30522e-17 -4.22047e-05 -6.01535e-18  6.29038e-06 -7.55533e-18  1.41927e-05  3.61762e-18  6.84411e-06  1.66023e-18  9.30148e-07 -9.83809e-19  -9.2304e-07 -5.25708e-19 -8.00136e-07  1.75078e-19 -3.46991e-07  2.11952e-19 -8.11783e-08  2.88824e-20  7.26563e-09  -4.8382e-20  1.83657e-08 -3.52385e-20  1.09835e-08 -6.26258e-21  4.47295e-09  6.03207e-21  1.37084e-09  4.99301e-21  2.95172e-10  1.46585e-21  2.06278e-11 -2.01024e-22 -1.94453e-11 -3.82738e-22 -1.32204e-11 -1.82149e-22 -5.58833e-12 -4.78778e-23 -1.89966e-12  -6.2566e-24 -5.56682e-13  -1.1282e-24 -1.44625e-13 -1.57593e-24 -3.37186e-14 -1.10142e-24 -7.07778e-15 -4.11538e-25 -1.33163e-15 -6.78958e-26  -2.2116e-16  2.02505e-26 -3.12135e-17  2.10581e-26 -3.34812e-18  9.80783e-27 -1.37236e-19  3.26204e-27  5.38252e-20  8.42755e-28  2.04906e-20  1.75537e-28  4.78753e-21  3.07384e-29  9.04251e-22  4.67823e-30  1.48086e-22   5.8265e-31  2.16137e-23   4.1323e-32  2.84704e-24 -3.68534e-33    3.404e-25 -1.89192e-33   3.7013e-26 -4.15982e-34  3.65803e-27 -7.30198e-35  3.27803e-28 -1.10159e-35  2.65271e-29 -1.41162e-36  1.92758e-30 -1.54128e-37   1.2484e-31 -1.45231e-38   7.1379e-33 -1.18032e-39  3.55944e-34   -8.164e-41  1.52396e-35 -4.72339e-42  5.48722e-37 -2.23981e-43  1.61527e-38 -8.46893e-45  3.73287e-40 -2.44762e-46   6.3614e-42 -5.02502e-48  7.16618e-44 -6.33247e-50  4.17856e-46 -3.16491e-52
 -2.0223e-18  0.000265158   9.0126e-18  -0.00181251 -6.44018e-18   0.00551648 -7.27507e-18   -0.0087057  2.49087e-17   0.00647236 -7.11739e-17 -0.000423721  1.43011e-16  -0.00197309 -1.60072e-16  9.25048e-05  8.65912e-17  0.000622204 -8.03301e-19  0.000158182 -3.56654e-17 -0.000118391  3.07938e-17 -9.94048e-05 -7.07066e-18 -2.00828e-05 -7.77168e-18  1.43043e-05  3.96348e-18  1.36131e-05   1.7793e-18  5.21306e-06 -1.17368e-18  3.36729e-07 -6.48356e-19 -8.85537e-07  2.48173e-19 -6.63256e-07    3.166e-19 -2.80591e-07  5.63908e-20 -7.14672e-08  -7.2835e-20 -1.20613e-09 -5.80662e-20   1.0309e-08 -1.20685e-20  6.90162e-09  8.38076e-21  3.03107e-09  7.50593e-21  1.03654e-09  2.37147e-21  2.82999e-10 -1.35201e-22  5.76787e-11 -4.93254e-22  5.52886e-12 -2.67197e-22 -2.07354e-12 -9.31809e-23 -1.55201e-12 -2.83074e-23 -6.39854e-13 -1.11148e-23  -2.0918e-13 -5.48556e-24   -5.906e-14 -2.34295e-24 -1.49056e-14 -7.13197e-25 -3.42182e-15 -1.15578e-25 -7.21689e-16   2.0917e-26 -1.40701e-16  2.52921e-26 -2.54568e-17  1.19099e-26 -4.28545e-18  3.97691e-27 -6.72387e-19  1.03782e-27 -9.84455e-20  2.21998e-28 -1.34625e-20  4.09302e-29 -1.72102e-21  6.72971e-30 -2.05868e-22  9.53827e-31 -2.30703e-23  1.03351e-31 -2.42546e-24   6.3134e-33 -2.39587e-25 -3.49776e-34 -2.22616e-26 -1.89907e-34 -1.94581e-27  -4.0369e-35 -1.59686e-28 -6.40971e-36 -1.22462e-29 -8.15357e-37 -8.70579e-31 -8.58733e-38 -5.67171e-32 -7.66674e-39 -3.33716e-33  -5.8267e-40 -1.74228e-34 -3.72752e-41 -7.90204e-36   -1.971e-42 -3.03338e-37 -8.41382e-44 -9.52705e-39 -2.80564e-45 -2.33332e-40 -6.92773e-47 -4.12778e-42 -1.14632e-48 -4.55186e-44 -1.00871e-50 -2.01793e-46
-6.31424e-05 -9.30469e-18  0.000905929  1.93177e-17  -0.00443194 -7.27507e-18    0.0109077 -1.53183e-18   -0.0141764 -9.63474e-19   0.00784479  -4.7161e-17    0.0015229  1.40047e-16   -0.0028188 -1.57215e-16 -0.000668459  7.72081e-17  0.000756045 -6.79886e-18  0.000452184 -2.16517e-17 -3.79538e-05  2.69827e-17 -0.000148369 -8.35499e-18 -6.98374e-05 -7.17827e-18 -1.67826e-06  4.07161e-18  1.65569e-05  1.53623e-18  1.10702e-05 -1.46963e-18  3.57297e-06 -7.40977e-19  3.27545e-08  3.83102e-19 -7.00961e-07   4.5949e-19 -4.85212e-07  9.23475e-20 -2.05622e-07 -1.01611e-19 -5.81447e-08 -8.51842e-20 -6.90086e-09 -1.97689e-20  3.83891e-09  1.01524e-20  3.37558e-09  9.94504e-21  1.63593e-09  3.37824e-21   6.1099e-10  2.86101e-23  1.89395e-10 -5.75301e-22  4.95051e-11 -3.70212e-22  1.06536e-11 -1.65194e-22  1.68879e-12 -6.83871e-23  8.57021e-14 -2.95439e-23 -6.90036e-14 -1.24485e-23 -3.70099e-14 -4.50223e-24  -1.2647e-14 -1.26635e-24 -3.53241e-15 -2.33511e-25 -8.63525e-16  6.00212e-28  -1.9019e-16  2.30894e-26 -3.83099e-17  1.20898e-26 -7.11823e-18  4.15868e-27 -1.22635e-18  1.10142e-27 -1.96507e-19  2.40028e-28 -2.93362e-20   4.5556e-29 -4.08289e-21  7.76499e-30 -5.29632e-22  1.15818e-30 -6.39718e-23  1.42061e-31 -7.18203e-24  1.34724e-32 -7.47569e-25  8.63413e-34 -7.19023e-26 -3.03291e-36  -6.3631e-27 -1.31613e-35 -5.15384e-28 -2.70716e-36 -3.79583e-29 -3.66395e-37 -2.52202e-30 -3.84492e-38 -1.49702e-31 -3.31319e-39 -7.84343e-33 -2.38175e-40 -3.57248e-34 -1.41815e-41 -1.38691e-35 -6.86468e-43 -4.46893e-37 -2.62973e-44 -1.15091e-38  -7.6608e-46  -2.2352e-40   -1.583e-47 -2.95597e-42 -2.00865e-49 -2.11153e-44 -1.01003e-51
 4.26562e-18 -0.000258013 -2.57043e-17    0.0022403  2.82961e-17   -0.0087057 -1.53183e-18    0.0180602  1.42719e-17    -0.019588 -5.02169e-17   0.00740483 -6.61425e-18   0.00440476  1.24471e-16  -0.00297846 -1.31697e-16  -0.00179347  5.02077e-17  0.000550544 -1.17993e-17  0.000766161 -6.14122e-18  0.000166634  2.31607e-17  -0.00014171 -8.80855e-18 -0.000126477  -5.7125e-18 -3.79712e-05  3.93337e-18  8.34797e-06  7.99482e-19  1.47324e-05 -1.99016e-18  8.02443e-06 -8.21742e-19  2.30681e-06  5.88398e-19 -4.16025e-08  6.42919e-19 -4.68858e-07  1.39726e-19 -3.14665e-07 -1.28647e-19  -1.3604e-07 -1.12453e-19  -4.2551e-08 -2.84751e-20   -8.514e-09  1.08418e-20  1.46085e-10  1.18417e-20  1.12236e-09  4.31084e-21  6.62322e-10  2.42623e-22  2.72984e-10 -6.51304e-22  9.23502e-11 -5.06982e-22  2.69724e-11 -2.72875e-22  6.93256e-12 -1.30276e-22  1.57345e-12 -5.77527e-23  3.11875e-13 -2.29571e-23  5.20377e-14 -7.78719e-24  6.50085e-15  -2.1593e-24  2.70837e-16 -4.54501e-25 -1.63906e-16 -5.10774e-26 -7.08165e-17  1.15288e-26 -1.93991e-17   9.5857e-27 -4.33429e-18  3.62385e-27 -8.44913e-19  9.92799e-28  -1.4771e-19   2.2092e-28 -2.34695e-20  4.28011e-29 -3.41235e-21  7.43482e-30 -4.55484e-22  1.13337e-30 -5.58736e-23  1.46086e-31 -6.29504e-24    1.571e-32 -6.50179e-25  1.40384e-33 -6.13753e-26  9.46288e-35 -5.27311e-27  2.20533e-36 -4.10124e-28 -5.78463e-37 -2.86812e-29  -1.1437e-37 -1.78835e-30 -1.31085e-38 -9.83813e-32 -1.13645e-39 -4.71195e-33 -7.90493e-41  -1.9314e-34 -4.43529e-42 -6.62268e-36 -1.97464e-43 -1.84062e-37 -6.77204e-45 -3.95725e-39 -1.70387e-46 -6.09908e-41 -2.86189e-48  -5.8129e-43 -2.55318e-50 -2.20617e-45
 3.15959e-05  1.79923e-17 -0.000642332 -4.94721e-17   0.00427193  2.49087e-17   -0.0141764  1.42719e-17    0.0256608  4.00172e-17   -0.0233974 -1.12645e-16   0.00476583  3.01828e-17   0.00746186  1.12422e-16  -0.00208139 -9.26502e-17  -0.00293809  1.42357e-17 -8.66956e-05 -1.77052e-17  0.000938293  6.22747e-18  0.000461911  1.99959e-17 -4.04006e-05 -7.25754e-18  -0.00015714 -3.02223e-18 -8.63909e-05  3.68282e-18 -1.52027e-05 -4.96188e-19  1.10965e-05 -2.83056e-18  1.11704e-05 -9.37901e-19  5.35457e-06  8.36159e-19  1.45939e-06  8.53349e-19 -4.88861e-09  2.00984e-19  -2.6319e-07 -1.45004e-19  -1.7909e-07  -1.3378e-19 -7.99888e-08 -3.62467e-20 -2.72516e-08  1.04974e-20 -7.04723e-09  1.29343e-20 -1.12901e-09   4.9876e-21  9.07141e-11  3.96431e-22  1.65525e-10 -7.83149e-22  8.44218e-11 -7.04868e-22  3.17094e-11 -4.24646e-22  1.00102e-11 -2.15304e-22  2.78197e-12 -9.55876e-23  6.95505e-13 -3.68814e-23  1.58214e-13 -1.21846e-23  3.29497e-14 -3.40469e-24  6.30029e-15 -7.85469e-25  1.10645e-15 -1.35963e-25  1.78125e-16 -9.66194e-27  2.61643e-17  4.41693e-27  3.47667e-18   2.4053e-27  4.11506e-19  7.25949e-28  4.20955e-20   1.6859e-28  3.46412e-21    3.356e-29   1.7543e-22  5.92965e-30 -7.46493e-24  9.14637e-31 -3.54356e-24   1.2044e-31  -5.9522e-25  1.35924e-32 -7.35295e-26  1.33328e-33 -7.45103e-27  1.10904e-34 -6.39481e-28   7.0519e-36 -4.68039e-29  2.42656e-37 -2.90047e-30 -1.12124e-38 -1.49006e-31 -2.77534e-39 -6.06459e-33 -2.81685e-40 -1.74453e-34 -2.01924e-41 -2.01618e-36 -1.10104e-42  1.12363e-37 -4.56957e-44  8.04019e-39 -1.40399e-45  2.66796e-40 -3.00942e-47  5.12955e-42  -3.9305e-49  4.90777e-44 -2.02636e-51
-4.67573e-18   6.9612e-05  4.64402e-17  -0.00108839 -6.96363e-17   0.00647236 -9.63474e-19    -0.019588  4.00172e-17     0.031972  7.21155e-17   -0.0245517 -1.73449e-16  0.000380308   4.4601e-17    0.0097803  1.14254e-16 -0.000152839 -4.83397e-17  -0.00367394 -1.96706e-17  -0.00106705 -2.61396e-17   0.00082348   1.1159e-17   0.00075206  1.69703e-17  0.000158501 -3.04388e-18 -0.000127649  1.35284e-18 -0.000126235  3.62579e-18 -5.04281e-05 -2.24846e-18 -3.09666e-06 -4.00103e-18  9.69118e-06 -1.15177e-18  7.54145e-06  1.06054e-18  3.35397e-06  1.05728e-18  9.22896e-07  2.73367e-19  4.84799e-08 -1.42443e-19  -1.1839e-07  -1.4262e-19 -8.70826e-08 -4.02218e-20 -4.07107e-08  9.96425e-21 -1.48623e-08  1.33265e-20 -4.43082e-09  5.28216e-21 -1.05969e-09  3.47074e-22 -1.78575e-10 -1.05353e-21  -4.8946e-12 -9.93013e-22  1.18062e-11 -6.24529e-22  6.37741e-12 -3.21127e-22    2.327e-12 -1.40993e-22  7.01272e-13 -5.32866e-23  1.85457e-13 -1.73715e-23  4.42132e-14  -4.9025e-24  9.63961e-15 -1.19517e-24   1.9386e-15 -2.44089e-25  3.61577e-16  -3.7379e-26  6.27685e-17 -2.49131e-27  1.01653e-17  7.62139e-28  1.53804e-18  3.66408e-28  2.17569e-19  9.77543e-29  2.87785e-20  2.08464e-29  3.55775e-21  3.82287e-30  4.10617e-22  6.00485e-31  4.41637e-23  8.01639e-32  4.41492e-24    9.236e-33  4.08753e-25   9.3585e-34  3.48868e-26  8.24853e-35  2.72876e-27  6.05193e-36  1.94169e-28  3.46826e-37  1.24556e-29  1.35844e-38  7.12282e-31   1.2869e-40  3.58083e-32 -3.29341e-41  1.55477e-33 -3.39473e-42  5.69683e-35 -2.00232e-43  1.70639e-36 -8.08337e-45  3.98813e-38 -2.25114e-46  6.74306e-40 -4.04887e-48   7.1218e-42 -3.80701e-50  3.03096e-44
 7.16898e-06 -2.02514e-17  2.16573e-05   8.6192e-17  -0.00119356 -7.11739e-17   0.00784479 -5.02169e-17   -0.0233974  7.21155e-17    0.0356726  1.06143e-16   -0.0229691 -2.21739e-16  -0.00472383  2.94924e-17    0.0107237  1.28685e-16   0.00240731 -2.90391e-18  -0.00368818  -4.1689e-17  -0.00215097  -3.7259e-17  0.000367193  5.90377e-18  0.000917053  1.26892e-17  0.000411722  3.56407e-18 -2.15298e-05  7.60558e-18 -0.000132354  4.14838e-18 -8.49986e-05 -4.14312e-18 -2.62503e-05 -5.38385e-18  1.43243e-06 -1.51012e-18  6.84958e-06  1.17624e-18   4.6236e-06  1.20581e-18  1.98428e-06  3.45309e-19  5.76977e-07 -1.17734e-19  7.44108e-08 -1.34221e-19 -3.64363e-08 -3.73578e-20 -3.42051e-08   1.0695e-20 -1.72197e-08  1.34532e-20 -6.68325e-09   5.1565e-21 -2.16962e-09 -3.05885e-23  -6.0434e-10 -1.53115e-21 -1.44238e-10 -1.38664e-21 -2.85341e-11 -8.67193e-22 -4.13667e-12 -4.40654e-22 -1.62608e-13  -1.8987e-22  1.63472e-13 -7.04274e-23  7.94271e-14 -2.27188e-23  2.51956e-14 -6.44424e-24  6.56149e-15 -1.61762e-24  1.49636e-15 -3.55575e-25  3.07117e-16 -6.59531e-26  5.75234e-17  -9.6044e-27  9.90816e-18 -9.16617e-28  1.57621e-18  4.01188e-30  2.32089e-19  2.71961e-29  3.16544e-20  8.28494e-30  3.99736e-21  1.76193e-30  4.66742e-22  2.95986e-31  5.02765e-23  4.08068e-32   4.9805e-24  4.79841e-33  4.51893e-25  4.94434e-34  3.73629e-26   4.4394e-35  2.79746e-27  3.37738e-36  1.88217e-28  2.11927e-37  1.12721e-29  1.06863e-38  5.93848e-31  4.06275e-40  2.71121e-32  8.95551e-42  1.05195e-33 -1.25239e-43  3.37847e-35 -2.15663e-44  8.64976e-37 -1.00306e-45  1.66584e-38 -2.65231e-47  2.17921e-40 -3.94209e-49  1.53598e-42 -2.23189e-51
 2.20921e-19  5.53715e-05  -5.2013e-17 -0.000288957  1.23506e-16 -0.000423721  -4.7161e-17   0.00740483 -1.12645e-16   -0.0245517  1.06143e-16     0.036433  1.39275e-16   -0.0194297 -2.54038e-16   -0.0094713 -1.05658e-17    0.0101491  1.45775e-16   0.00503309  4.29198e-17  -0.00290023 -4.54551e-17  -0.00305072 -4.95266e-17 -0.000369159 -9.89093e-18  0.000863447  5.65148e-18  0.000643266  1.13585e-17  0.000148396  1.53547e-17 -8.71397e-05  5.54801e-18  -0.00010215 -5.71723e-18 -5.11683e-05 -6.74065e-18 -1.27893e-05 -2.01283e-18  2.05942e-06  1.10984e-18  4.13858e-06  1.24776e-18  2.58339e-06  3.96951e-19  1.09979e-06 -7.52149e-20  3.44082e-07 -1.07613e-19   6.9283e-08 -2.56144e-20 -1.24587e-09  1.41144e-20 -9.38433e-09  1.38376e-20 -5.62021e-09  4.64292e-21 -2.35834e-09 -7.98588e-22 -8.15358e-10 -2.23652e-21 -2.44734e-10 -1.87299e-21 -6.52188e-11 -1.13449e-21 -1.55785e-11 -5.61881e-22 -3.34026e-12 -2.36423e-22 -6.38706e-13 -8.59925e-23 -1.06868e-13 -2.74095e-23 -1.49142e-14 -7.76276e-24 -1.48729e-15 -1.97106e-24 -1.48102e-17  -4.4709e-25  4.08967e-17 -8.91459e-26  1.34235e-17 -1.53485e-26  3.02881e-18 -2.26172e-27  5.64768e-19 -2.82461e-28   9.1911e-20  -2.7778e-29  1.33526e-20 -1.37184e-30  1.74982e-21  2.02637e-31  2.07793e-22  6.97461e-32  2.23865e-23  1.19427e-32  2.18556e-24  1.55315e-33  1.92784e-25   1.6948e-34  1.52933e-26  1.57061e-35   1.0842e-27  1.21417e-36  6.81259e-29  7.72879e-38  3.75424e-30  4.02533e-39  1.78993e-31  1.67509e-40  7.25351e-33  5.11899e-42  2.43966e-34  8.57318e-44  6.58811e-36 -8.56781e-46  1.35975e-37 -9.45625e-47  1.97951e-39 -2.50831e-48  1.74098e-41 -2.89054e-50  5.87955e-44
-8.53932e-06  7.39059e-18   0.00017709 -9.56949e-17 -0.000990836  1.43011e-16    0.0015229 -6.61425e-18   0.00476583 -1.73449e-16   -0.0229691  1.39275e-16    0.0348759  1.70675e-16   -0.0150538 -2.72076e-16   -0.0131575 -6.58631e-17   0.00833653  1.54058e-16   0.00722654  8.94286e-17  -0.00145169 -2.89712e-17  -0.00353655 -6.03067e-17  -0.00123627 -3.40061e-17  0.000559938 -4.93491e-18   0.00077259  1.85697e-17  0.000341835  2.36107e-17  1.00805e-05  7.88373e-18 -8.79076e-05 -6.50746e-18 -6.73297e-05 -7.77485e-18 -2.87328e-05 -2.59955e-18  -6.2486e-06  8.29163e-19  1.33612e-06  1.14649e-18  2.15727e-06  4.05636e-19  1.30163e-06 -2.60199e-20  5.59126e-07 -6.64195e-20  1.87381e-07 -5.08066e-21  4.80831e-08  2.08186e-20  7.65009e-09  1.47585e-20 -6.47705e-10  3.78656e-21 -1.14665e-09 -1.93594e-21 -5.85933e-10 -3.12494e-21 -2.21236e-10 -2.40656e-21 -7.03575e-11  -1.3961e-21 -1.97409e-11 -6.69361e-22 -4.99613e-12 -2.74144e-22 -1.15465e-12 -9.75909e-23 -2.45494e-13 -3.06449e-23 -4.82451e-14 -8.61029e-24  -8.7906e-15 -2.18437e-24 -1.48801e-15 -4.99849e-25 -2.34312e-16 -1.02338e-25 -3.43553e-17 -1.86595e-26 -4.69399e-18 -3.04841e-27 -5.98147e-19 -4.50481e-28 -7.11658e-20 -5.98964e-29 -7.91758e-21 -6.98497e-30 -8.25316e-22 -6.95455e-31 -8.07787e-23 -5.85291e-32 -7.43708e-24 -4.11904e-33 -6.44354e-25 -2.20107e-34 -5.24245e-26 -4.91317e-36 -3.98243e-27  5.67722e-37 -2.79724e-28  8.22308e-38 -1.79217e-29  5.89195e-39 -1.02975e-30  2.80154e-40 -5.20034e-32  8.17859e-42 -2.25341e-33 -1.03088e-44 -8.13123e-35 -1.64093e-44 -2.34714e-36 -9.25329e-46 -5.10577e-38 -2.68961e-47 -7.55136e-40 -4.19557e-49 -6.02131e-42 -2.45463e-51
 7.48524e-18 -1.77341e-05  2.55336e-17  0.000338058 -1.37013e-16  -0.00197309  1.40047e-16   0.00440476  3.01828e-17  0.000380308 -2.21739e-16   -0.0194297  1.70675e-16    0.0320739  2.00576e-16   -0.0107822 -2.79068e-16   -0.0155629 -1.28208e-16   0.00576311  1.46155e-16   0.00869121  1.36057e-16  0.000387269   5.5185e-18   -0.0034958 -6.68387e-17  -0.00205285 -6.22287e-17  4.45419e-05 -1.87001e-17  0.000742539   2.3454e-17  0.000504227  3.10401e-17  0.000140726  1.09271e-17 -3.76754e-05 -6.20939e-18 -6.51764e-05 -8.22337e-18 -4.00602e-05 -3.16323e-18 -1.55227e-05  3.56924e-19 -3.28676e-06  8.93389e-19  5.32594e-07  3.54282e-19  9.49514e-07  1.57896e-20  5.76768e-07 -1.80729e-20  2.52701e-07  2.15249e-20  8.94183e-08  3.00341e-20   2.6221e-08  1.60125e-20  6.22868e-09  2.59056e-21  1.05843e-09 -3.34743e-21  3.94167e-11 -4.09355e-21 -6.31778e-11 -2.91698e-21 -3.48197e-11 -1.61528e-21 -1.27303e-11  -7.4738e-22 -3.82777e-12 -2.97286e-22 -1.00808e-12 -1.03354e-22 -2.39022e-13  -3.1868e-23 -5.17707e-14 -8.83363e-24 -1.03308e-14 -2.21953e-24 -1.90927e-15 -5.05483e-25 -3.27873e-16 -1.03891e-25 -5.24182e-17 -1.92611e-26 -7.80897e-18 -3.24293e-27 -1.08412e-18 -4.99279e-28 -1.40169e-19 -7.01221e-29 -1.68544e-20 -8.90047e-30 -1.88084e-21 -1.01726e-30 -1.94225e-22 -1.05419e-31 -1.84904e-23 -9.96832e-33  -1.6152e-24 -8.55336e-34 -1.28709e-25 -6.59217e-35 -9.28953e-27 -4.56076e-36 -6.01969e-28 -2.85267e-37 -3.46468e-29  -1.6097e-38 -1.74744e-30 -8.04388e-40 -7.59117e-32 -3.47875e-41 -2.77658e-33 -1.27645e-42 -8.28673e-35 -3.85001e-44 -1.92689e-36 -8.92844e-46 -3.23754e-38 -1.41415e-47 -3.39475e-40 -1.20504e-49 -1.43327e-42
-3.07676e-06   1.4279e-17  5.78205e-06  5.18615e-17  0.000384052 -1.60072e-16   -0.0028188  1.24471e-16   0.00746186   4.4601e-17  -0.00472383 -2.54038e-16   -0.0150538  2.00576e-16    0.0290035  2.29698e-16  -0.00713276 -2.77824e-16   -0.0168232 -1.93415e-16   0.00289055  1.20529e-16   0.00934291   1.8065e-16   0.00232381  5.24144e-17  -0.00293601 -6.71415e-17  -0.00265864  -8.9492e-17 -0.000592418 -3.41919e-17  0.000535972  2.48371e-17  0.000584394  3.63868e-17  0.000272187   1.4232e-17  4.07965e-05  -4.7743e-18 -4.03806e-05 -7.93772e-18 -4.08896e-05 -3.58405e-18 -2.20949e-05   -2.361e-19 -8.19275e-06  5.12671e-19  -1.8805e-06  2.38779e-19  5.33769e-08  3.82614e-20  3.30189e-07  2.82108e-20  2.15016e-07  4.92964e-20  9.74147e-08   3.9652e-20  3.59364e-08  1.69178e-20  1.13335e-08  1.00701e-21  3.10561e-09 -4.88936e-21  7.37192e-10 -5.00791e-21  1.47475e-10 -3.32679e-21  2.26815e-11 -1.75805e-21  1.63305e-12  -7.8392e-22  -5.1929e-13 -3.02353e-22 -3.01616e-13 -1.02443e-22 -9.86317e-14 -3.09186e-23  -2.5725e-14 -8.41602e-24 -5.80678e-15 -2.08089e-24 -1.17149e-15 -4.67523e-25 -2.14559e-16 -9.52221e-26 -3.59717e-17 -1.75987e-26 -5.54501e-18 -2.96733e-27 -7.87523e-19 -4.58297e-28 -1.03094e-19 -6.46864e-29 -1.24298e-20 -8.29772e-30 -1.37767e-21 -9.65636e-31 -1.39972e-22 -1.02197e-31 -1.29862e-23 -9.83624e-33 -1.09481e-24 -8.55708e-34 -8.33607e-26  -6.6749e-35 -5.68935e-27 -4.64358e-36 -3.44809e-28 -2.86594e-37 -1.83412e-29 -1.55191e-38 -8.43607e-31 -7.23829e-40 -3.29059e-32 -2.84232e-41  -1.0602e-33 -9.13996e-43 -2.71732e-35 -2.30639e-44 -5.22751e-37 -4.23007e-46 -6.81523e-39 -4.84844e-48 -4.77516e-41 -2.23689e-50
-1.17434e-17   -1.799e-05  1.69476e-17  0.000119523  7.61091e-17  9.25048e-05 -1.57215e-16  -0.00297846  1.12422e-16    0.0097803  2.94924e-17   -0.0094713 -2.72076e-16   -0.0107822  2.29698e-16    0.0262594  2.59374e-16  -0.00423667 -2.70746e-16   -0.0172252 -2.59846e-16  5.41992e-05  8.03455e-17   0.00924714  2.19712e-16   0.00411415  1.04175e-16  -0.00195251 -6.05584e-17  -0.00294678 -1.11199e-16   -0.0012366  -4.9377e-17  0.000177936  2.24126e-17  0.000549581   3.8846e-17  0.000367803  1.72774e-17  0.000129114 -2.41152e-18  3.80214e-06 -6.92435e-18 -2.83976e-05 -3.76826e-18    -2.27e-05 -8.53449e-19 -1.13819e-05  5.59979e-20 -4.19562e-06  7.09179e-20 -1.09307e-06  3.53965e-20 -1.17806e-07  6.38629e-20  7.26393e-08  7.24146e-20  6.17858e-08  4.68642e-20  3.01266e-08   1.6574e-20  1.15977e-08 -1.01346e-21   3.8183e-09 -6.39758e-21  1.11055e-09 -5.73612e-21  2.89832e-10 -3.57201e-21  6.83757e-11 -1.80232e-21  1.46108e-11 -7.73898e-22  2.81969e-12 -2.89036e-22  4.86905e-13 -9.52524e-23  7.36762e-14 -2.80607e-23  9.29877e-15 -7.47163e-24  8.37988e-16 -1.80912e-24  7.75476e-18 -3.98544e-25 -1.85589e-17 -7.97829e-26  -5.4509e-18 -1.45338e-26 -1.09404e-18 -2.41869e-27 -1.80311e-19 -3.68478e-28 -2.57478e-20 -5.12649e-29 -3.25457e-21 -6.48672e-30 -3.67492e-22 -7.45106e-31 -3.71813e-23 -7.76734e-32  -3.3685e-24 -7.32887e-33 -2.72346e-25 -6.21916e-34 -1.95379e-26 -4.70971e-35 -1.23349e-27 -3.15937e-36 -6.77784e-29 -1.86043e-37 -3.19403e-30 -9.48407e-39 -1.26555e-31 -4.10317e-40 -4.10222e-33 -1.46823e-41 -1.04561e-34 -4.19526e-43 -1.97071e-36 -9.05269e-45 -2.46799e-38 -1.33199e-46  -1.6357e-40 -1.05851e-48 -2.60765e-43
 1.36407e-06 -2.56507e-17 -4.73825e-05  1.37384e-17   0.00034964  8.65912e-17 -0.000668459 -1.31697e-16  -0.00208139  1.14254e-16    0.0107237 -1.05658e-17   -0.0131575 -2.79068e-16  -0.00713276  2.59374e-16    0.0240552   2.9146e-16  -0.00200285 -2.60098e-16   -0.0170546 -3.25613e-16  -0.00255221  3.13376e-17   0.00854267  2.49284e-16   0.00559155  1.52984e-16 -0.000686226 -4.78565e-17  -0.00287333 -1.24296e-16   -0.0017771 -6.22899e-17 -0.000273513  1.67253e-17  0.000393653  3.82451e-17  0.000397629  1.96133e-17  0.000203664  4.87393e-19  5.70202e-05 -5.33602e-18 -4.30901e-06 -3.67637e-18 -1.59536e-05 -1.40064e-18 -1.12658e-05 -4.10868e-19 -5.42569e-06 -1.24585e-19 -2.02794e-06  8.26881e-21 -5.92418e-07  8.29325e-20 -1.20661e-07  8.57791e-20 -4.87254e-09  4.91295e-20  1.03337e-08  1.42554e-20  6.56733e-09 -3.44229e-21  2.76591e-09 -7.71006e-21  9.53651e-10 -6.17849e-21  2.86694e-10 -3.61795e-21  7.72826e-11 -1.74344e-21  1.89633e-11 -7.20391e-22  4.27407e-12 -2.60203e-22  8.90001e-13 -8.32527e-23  1.71896e-13 -2.38786e-23  3.08782e-14 -6.19961e-24  5.16882e-15 -1.46447e-24  8.07425e-16  -3.1492e-25  1.17826e-16 -6.16143e-26  1.60748e-17 -1.09833e-26  2.05139e-18  -1.7886e-27  2.44935e-19  -2.6628e-28   2.7357e-20 -3.61511e-29  2.85584e-21 -4.46002e-30  2.78141e-22 -4.98872e-31  2.51956e-23 -5.04915e-32  2.11287e-24 -4.60527e-33  1.62949e-25 -3.75985e-34  1.14575e-26 -2.72558e-35  7.26461e-28 -1.73876e-36  4.09726e-29 -9.65048e-38  2.02115e-30  -4.5851e-39  8.53632e-32  -1.8236e-40  3.00178e-33 -5.89033e-42  8.45379e-35 -1.47842e-43  1.79757e-36 -2.67873e-45  2.60457e-38 -3.02692e-47  2.03937e-40 -1.37557e-49
 8.77026e-18 -6.91584e-07 -3.83328e-17 -6.62564e-05  6.68402e-18  0.000622204  7.72081e-17  -0.00179347 -9.26502e-17 -0.000152839  1.28685e-16    0.0101491 -6.58631e-17   -0.0155629 -2.77824e-16  -0.00423667   2.9146e-16    0.0223688  3.27325e-16 -0.000269817 -2.47682e-16   -0.0165297 -3.86785e-16  -0.00484265 -2.00338e-17   0.00738489  2.66077e-16   0.00666376  1.92319e-16  0.000711394 -3.09399e-17  -0.00245079   -1.278e-16  -0.00212621 -7.15524e-17 -0.000742315  8.90678e-18  0.000137628  3.49954e-17  0.000346642  2.09526e-17  0.000242646  3.45886e-18  0.000104885 -3.42652e-18   2.5357e-05 -3.33223e-18 -3.10841e-06 -1.80842e-18 -7.41546e-06 -8.24749e-19 -4.94107e-06 -3.17698e-19 -2.33717e-06 -3.66304e-20 -8.89583e-07  8.30586e-20 -2.81334e-07  8.63965e-20 -7.30424e-08  4.50552e-20  -1.4312e-08  9.74717e-21 -1.28499e-09 -6.11507e-21  5.24675e-10 -8.68521e-21  3.75967e-10 -6.28532e-21  1.51885e-10 -3.46541e-21  4.88672e-11 -1.59446e-21  1.35997e-11 -6.33453e-22  3.38516e-12 -2.20993e-22   7.6653e-13 -6.85281e-23  1.59434e-13 -1.90935e-23  3.06393e-14 -4.82063e-24  5.45991e-15 -1.10754e-24  9.04085e-16 -2.31681e-25  1.39244e-16 -4.41182e-26  1.99492e-17 -7.65706e-27  2.65682e-18 -1.21323e-27  3.28445e-19 -1.75459e-28   3.7609e-20 -2.31006e-29  3.97715e-21 -2.75957e-30  3.86963e-22 -2.98273e-31  3.44777e-23 -2.90783e-32  2.79683e-24 -2.54397e-33  2.05109e-25  -1.9829e-34  1.34816e-26 -1.36503e-35  7.85781e-28 -8.21343e-37  4.00751e-29 -4.26154e-38  1.75809e-30 -1.87127e-39  6.48637e-32 -6.77657e-41  1.95072e-33 -1.95137e-42  4.56676e-35 -4.22355e-44   7.7193e-37   -6.214e-46  8.13773e-39 -4.93271e-48   3.4523e-41
 1.27185e-06  1.84546e-17 -1.68411e-05 -4.52958e-17 -1.64517e-05 -8.03301e-19  0.000756045  5.02077e-17  -0.00293809 -4.83397e-17   0.00240731  1.45775e-16   0.00833653 -1.28208e-16   -0.0168232 -2.70746e-16  -0.00200285  3.27325e-16    0.0210898  3.66378e-16   0.00111037 -2.34309e-16   -0.0157946 -4.37533e-16  -0.00679624 -6.78203e-17   0.00591548  2.68497e-16   0.00729651  2.18068e-16   0.00210091 -1.23233e-17  -0.00173406 -1.22669e-16  -0.00222998 -7.66049e-17  -0.00115024  3.05396e-19 -0.000176018  2.98831e-17  0.000218536  2.11922e-17  0.000232419  6.06896e-18  0.000133431 -1.48922e-18  5.21744e-05  -2.8135e-18  1.22533e-05 -2.04585e-18 -8.24328e-07 -1.13997e-18 -2.77759e-06 -4.82157e-19 -1.85554e-06 -9.06151e-20 -8.77533e-07  6.53866e-20 -3.39228e-07  7.40695e-20 -1.12286e-07  3.48425e-20 -3.23497e-08  3.47303e-21 -8.10312e-09 -8.73552e-21 -1.72657e-09 -9.21953e-21 -2.91532e-10 -6.06091e-21 -2.85853e-11 -3.14688e-21  3.94551e-12 -1.38145e-21  3.23809e-12 -5.27122e-22  1.15995e-12 -1.77383e-22  3.19993e-13 -5.32201e-23  7.54599e-14  -1.4375e-23  1.58051e-14 -3.52101e-24  2.99349e-15 -7.84796e-25  5.17523e-16 -1.59254e-25  8.20769e-17 -2.94215e-26  1.19698e-17 -4.95299e-27  1.60624e-18 -7.60434e-28  1.98198e-19  -1.0638e-28  2.24485e-20 -1.35227e-29  2.32742e-21 -1.55671e-30  2.20051e-22  -1.6175e-31  1.88812e-23 -1.51078e-32   1.4614e-24 -1.26101e-33  1.01269e-25 -9.33198e-35  6.22473e-27 -6.06431e-36  3.35455e-28 -3.41945e-37  1.56161e-29 -1.64681e-38  6.15899e-31 -6.62814e-40  2.00455e-32 -2.16248e-41  5.18518e-34 -5.46773e-43   1.0058e-35 -9.95266e-45  1.32093e-37 -1.12788e-46    9.314e-40  -5.1372e-49
-2.62686e-18   4.3421e-06  2.70232e-17 -5.58428e-05 -4.43199e-17  0.000158182 -6.79886e-18  0.000550544  1.42357e-17  -0.00367394 -2.90391e-18   0.00503309  1.54058e-16   0.00576311 -1.93415e-16   -0.0172252 -2.60098e-16 -0.000269817  3.66378e-16    0.0201054  4.05241e-16   0.00224644 -2.19706e-16   -0.0149372 -4.71754e-16  -0.00842487 -1.07332e-16   0.00425152  2.57173e-16   0.00749517  2.28938e-16   0.00336601  5.45949e-18 -0.000805011   -1.112e-16  -0.00207107 -7.76463e-17  -0.00143038 -7.84986e-18 -0.000492827  2.38076e-17  3.47304e-05  2.03775e-17   0.00017139  7.98251e-18  0.000133455  2.01441e-19  6.81029e-05 -2.22966e-18  2.54642e-05 -2.12207e-18  6.43933e-06 -1.33734e-18  3.58796e-07 -6.02466e-19 -7.47043e-07  -1.4593e-19 -5.60546e-07  3.37358e-20 -2.72715e-07    5.124e-20 -1.07198e-07  2.01675e-20 -3.63172e-08 -3.62881e-21 -1.09045e-08 -1.09456e-20 -2.94249e-09 -9.26417e-21 -7.18427e-10   -5.556e-21 -1.59028e-10 -2.71551e-21 -3.18394e-11 -1.13617e-21 -5.72029e-12 -4.15861e-22 -9.06229e-13 -1.34794e-22 -1.21699e-13 -3.90655e-23 -1.23894e-14 -1.02097e-23 -4.89325e-16 -2.42107e-24  1.71479e-16 -5.22369e-25  6.10171e-17 -1.02588e-25  1.31301e-17 -1.83387e-26  2.25898e-18 -2.98561e-27  3.33125e-19 -4.42737e-28  4.32327e-20 -5.97151e-29  4.99305e-21 -7.30406e-30  5.15227e-22 -8.07305e-31  4.74934e-23  -8.0318e-32  3.89852e-24 -7.15746e-33  2.83344e-25 -5.67508e-34  1.80827e-26 -3.96901e-35  1.00187e-27 -2.42218e-36  4.74591e-29 -1.27232e-37  1.88261e-30 -5.64768e-39  6.07374e-32 -2.06512e-40  1.52633e-33 -5.99604e-42  2.78668e-35 -1.30609e-43  3.24619e-37 -1.93038e-45  1.73989e-39 -1.53766e-47 -3.47602e-43
 2.24175e-07 -4.48032e-18  5.53689e-06  3.20955e-17 -0.000104756 -3.56654e-17  0.000452184 -1.17993e-17 -8.66956e-05 -1.96706e-17  -0.00368818  4.29198e-17   0.00722654  1.46155e-16   0.00289055 -2.59846e-16   -0.0170546 -2.47682e-16   0.00111037  4.05241e-16    0.0193313  4.38304e-16    0.0032114 -2.03046e-16   -0.0140092 -4.85082e-16  -0.00975373 -1.35539e-16   0.00248497  2.34827e-16   0.00728951  2.26148e-16   0.00441704  2.03539e-17  0.000240928 -9.62081e-17  -0.00166619 -7.53831e-17   -0.0015367 -1.46664e-17 -0.000757183  1.75623e-17 -0.000170626  1.86448e-17  7.05569e-05  8.99529e-18  0.000103344  1.43387e-18  6.81563e-05 -1.69607e-18  3.24414e-05  -2.0784e-18  1.20299e-05 -1.42509e-18  3.38811e-06 -6.76405e-19  5.73406e-07 -1.97523e-19 -7.21107e-08 -6.54473e-21 -1.16459e-07  2.21512e-20 -6.39802e-08  3.60663e-21  -2.6219e-08 -1.04081e-20 -9.06205e-09 -1.24298e-20 -2.76272e-09 -8.83514e-21 -7.59317e-10 -4.85245e-21 -1.90491e-10 -2.23136e-21 -4.39591e-11 -8.88717e-22 -9.37932e-12 -3.11607e-22 -1.85684e-12 -9.71431e-23 -3.41937e-13  -2.7151e-23 -5.86782e-14 -6.85356e-24  -9.3962e-15 -1.57041e-24 -1.40543e-15  -3.2735e-25 -1.96505e-16 -6.20899e-26 -2.56951e-17 -1.07155e-26 -3.14269e-18 -1.68286e-27 -3.59406e-19 -2.40397e-28 -3.83932e-20 -3.11763e-29 -3.82328e-21 -3.65884e-30 -3.53748e-22 -3.87084e-31  -3.0263e-23 -3.67506e-32 -2.37781e-24 -3.11348e-33 -1.70101e-25 -2.33604e-34 -1.09584e-26 -1.53736e-35 -6.27228e-28 -8.76707e-37 -3.13673e-29 -4.26442e-38 -1.34191e-30 -1.73169e-39 -4.77653e-32 -5.69514e-41 -1.36093e-33  -1.4499e-42 -2.92654e-35 -2.65352e-44 -4.28715e-37 -3.01945e-46 -3.39324e-39 -1.37988e-48
-8.01862e-19   2.1515e-06 -5.34495e-18 -6.11205e-06  3.30522e-17 -0.000118391 -2.16517e-17  0.000766161 -1.77052e-17  -0.00106705  -4.1689e-17  -0.00290023  8.94286e-17   0.00869121  1.20529e-16  5.41992e-05 -3.25613e-16   -0.0165297 -2.34309e-16   0.00224644  4.38304e-16    0.0187115  4.59443e-16   0.00405361 -1.83718e-16   -0.0130406 -4.76255e-16   -0.0108113 -1.51177e-16  0.000686449  2.05527e-16   0.00672295  2.12615e-16   0.00519019  3.10856e-17    0.0013053 -8.02894e-17   -0.0010605 -7.07336e-17  -0.00144956 -1.96698e-17  -0.00092248  1.17055e-17 -0.000358227  1.61668e-17 -4.92522e-05  9.03673e-18  4.95923e-05  2.08336e-18  5.20137e-05 -1.31095e-18   3.1117e-05 -1.97422e-18  1.42176e-05 -1.43222e-18  5.30501e-06 -7.12709e-19  1.62999e-06 -2.43098e-19  3.94123e-07 -4.96712e-20  6.00342e-08  -8.3168e-21 -4.91547e-09 -1.21281e-20 -8.47311e-09 -1.58445e-20 -4.23611e-09  -1.3007e-20  -1.5705e-09 -8.01096e-21 -4.91789e-10 -4.04468e-21 -1.36186e-10  -1.7492e-21 -3.40862e-11 -6.62367e-22 -7.80498e-12 -2.22158e-22 -1.64694e-12 -6.65114e-23 -3.21717e-13 -1.78987e-23 -5.83431e-14 -4.35621e-24 -9.83828e-15 -9.62794e-25 -1.54367e-15 -1.93544e-25  -2.2534e-16  -3.5389e-26 -3.05779e-17 -5.88432e-27 -3.85117e-18 -8.89513e-28  -4.4918e-19 -1.22122e-28 -4.83714e-20 -1.51916e-29 -4.79117e-21 -1.70631e-30 -4.34432e-22 -1.72309e-31 -3.58517e-23 -1.55645e-32 -2.67382e-24 -1.24942e-33 -1.78664e-25 -8.83812e-35 -1.05828e-26 -5.44995e-36  -5.4833e-28  -2.8894e-37 -2.44317e-29 -1.29319e-38 -9.15279e-31 -4.76398e-40 -2.79448e-32 -1.39252e-41 -6.64062e-34 -3.05076e-43  -1.1393e-35 -4.52973e-45 -1.21902e-37 -3.62116e-47  -5.2492e-40
-1.90794e-07 -2.43811e-18  6.88593e-06 -5.58315e-18 -4.22047e-05  3.07938e-17 -3.79538e-05 -6.14122e-18  0.000938293 -2.61396e-17  -0.00215097 -4.54551e-17  -0.00145169  1.36057e-16   0.00934291  8.03455e-17  -0.00255221 -3.86785e-16   -0.0157946 -2.19706e-16    0.0032114  4.59443e-16    0.0182106  4.63991e-16   0.00480617 -1.61882e-16   -0.0120484 -4.47352e-16   -0.0116246 -1.54596e-16  -0.00109016  1.73661e-16   0.00584581  1.91961e-16   0.00564503  3.72259e-17   0.00229436 -6.53629e-17 -0.000320451 -6.46017e-17  -0.00117716  -2.2784e-17 -0.000959152  6.52427e-18 -0.000492022  1.31167e-17 -0.000162588  8.15275e-18 -1.50795e-05  2.11666e-18  2.40513e-05 -1.13952e-18  2.20895e-05 -1.87062e-18  1.24987e-05 -1.39692e-18  5.56883e-06 -7.25512e-19  2.08832e-06 -2.81984e-19   6.7481e-07 -9.02908e-20  1.88355e-07 -3.57553e-20  4.45379e-08 -2.48606e-20  8.33532e-09 -1.92988e-20  9.16713e-10 -1.26719e-20 -1.26897e-10 -6.91578e-21 -1.19029e-10 -3.22227e-21 -4.69454e-11 -1.31038e-21 -1.41914e-11 -4.71209e-22 -3.66097e-12 -1.50967e-22 -8.38274e-13   -4.334e-23 -1.73565e-13 -1.12117e-23 -3.28182e-14 -2.62655e-24 -5.69779e-15 -5.58983e-25 -9.10909e-16 -1.08181e-25 -1.34249e-16 -1.90352e-26 -1.82368e-17 -3.04375e-27 -2.28077e-18 -4.41987e-28 -2.62055e-19 -5.81959e-29  -2.7579e-20 -6.92872e-30 -2.64812e-21  -7.4304e-31 -2.30845e-22 -7.14359e-32 -1.81582e-23 -6.12141e-33 -1.27916e-24 -4.64097e-34 -7.99531e-26 -3.08361e-35 -4.38284e-27 -1.77381e-36 -2.07616e-28 -8.69528e-38 -8.33596e-30 -3.55561e-39  -2.7635e-31 -1.17677e-40 -7.28625e-33   -3.013e-42 -1.44187e-34  -5.5411e-44 -1.93401e-36 -6.32993e-46 -1.39477e-38 -2.90179e-48
 7.30516e-19  5.02291e-08  -4.5643e-18  1.14453e-05 -6.01535e-18 -9.94048e-05  2.69827e-17  0.000166634  6.22747e-18   0.00082348  -3.7259e-17  -0.00305072 -2.89712e-17  0.000387269   1.8065e-16   0.00924714  3.13376e-17  -0.00484265 -4.37533e-16   -0.0149372 -2.03046e-16   0.00405361  4.63991e-16    0.0178059  4.50078e-16     0.005493 -1.38554e-16   -0.0110418 -4.03007e-16   -0.0122172 -1.47423e-16  -0.00280328  1.42963e-16   0.00471133  1.67638e-16   0.00576161  3.90518e-17   0.00312464 -5.25465e-17  0.000474151 -5.77742e-17 -0.000753586 -2.42584e-17  -0.00085955  2.06213e-18 -0.000546752   9.6494e-18  -0.00024565  6.47654e-18 -7.53699e-05  1.58046e-18 -8.15504e-06  -1.2068e-18  8.29191e-06 -1.81566e-18  7.69229e-06 -1.35434e-18   4.2685e-06 -7.28161e-19  1.87435e-06 -3.13727e-19  7.01781e-07 -1.24084e-19  2.31097e-07  -5.7006e-20   6.7936e-08 -3.33434e-20  1.79466e-08 -2.06057e-20  4.26299e-09 -1.15784e-20  9.05396e-10 -5.69255e-21  1.69298e-10 -2.45682e-21  2.68651e-11 -9.39561e-22  3.25807e-12 -3.20524e-22  1.67176e-13 -9.79583e-23 -5.64877e-14 -2.69261e-23 -2.46623e-14  -6.6853e-24 -6.34292e-15 -1.50505e-24 -1.30283e-15 -3.07915e-25 -2.30152e-16 -5.72761e-26 -3.59825e-17 -9.68194e-27 -5.04341e-18 -1.48614e-27 -6.37419e-19 -2.06907e-28 -7.27764e-20  -2.6075e-29 -7.50064e-21 -2.96491e-30 -6.95928e-22 -3.02882e-31 -5.78686e-23 -2.76516e-32 -4.28564e-24 -2.24134e-33 -2.80349e-25  -1.5996e-34 -1.60271e-26 -9.94418e-36 -7.89736e-28 -5.31095e-37 -3.29375e-29 -2.39267e-38  -1.1346e-30 -8.86678e-40 -3.11875e-32 -2.60588e-41 -6.49817e-34 -5.73688e-43  -9.4334e-36 -8.55346e-45 -8.10571e-38 -6.86072e-47 -2.56948e-40
