 4.35478e-05  7.52057e-22 -0.000356238 -5.68999e-21   0.00101815  2.03923e-20  -0.00142149 -7.40792e-20  0.000820903  1.18175e-19  0.000254683 -6.99902e-20  -0.00051672 -6.73331e-21  1.54279e-05  2.52726e-20  0.000179779   2.4127e-21 -5.59653e-06 -7.81443e-21 -2.09324e-05
 7.52057e-22  0.000519809   3.0793e-21  -0.00229334 -1.44828e-20   0.00455661  1.07145e-19  -0.00436978 -3.25399e-19  0.000913272  3.39884e-19   0.00185014 -9.66961e-20  -0.00106408 -7.97205e-20 -0.000529727  3.70248e-20  0.000369521   3.6209e-20  0.000100498 -9.74708e-21
-0.000356238   3.0793e-21   0.00292002   2.3662e-21  -0.00838445 -5.63404e-20    0.0118283   4.5331e-19  -0.00704881 -8.40875e-19  -0.00191259  5.07657e-19    0.0044695  6.54093e-20 -0.000447766 -2.00108e-19  -0.00152917  -2.9795e-20  0.000226301  8.34167e-20  0.000194263
-5.68999e-21  -0.00229334   2.3662e-21    0.0101691  6.47935e-21    -0.020442 -3.57155e-19    0.0201838  1.33147e-18  -0.00510204 -1.41693e-18  -0.00804199  3.20789e-19   0.00565579  4.77694e-19   0.00179973 -2.48685e-19  -0.00208219 -1.72032e-19 -0.000207034  9.25415e-20
  0.00101815 -1.44828e-20  -0.00838445  6.47935e-21    0.0243655  1.25094e-19   -0.0353484 -1.34686e-18    0.0229572  2.65675e-18   0.00345289 -1.62415e-18   -0.0137818  -3.4631e-19   0.00354164     9.61e-19   0.00425015 -1.59146e-19  -0.00171907  -2.8017e-19 -0.000495988
 2.03923e-20   0.00455661 -5.63404e-20    -0.020442  1.25094e-19    0.0422428   5.8447e-19   -0.0446286 -3.09233e-18    0.0159721  3.80676e-18    0.0142482 -1.26712e-18   -0.0151303 -1.24737e-18 -0.000473278  1.25368e-18   0.00545571 -8.57447e-21 -0.000909016  -2.8963e-19
 -0.00142149  1.07145e-19    0.0118283 -3.57155e-19   -0.0353484   5.8447e-19    0.0546442  1.44365e-18   -0.0421783 -4.84206e-18   0.00351022  4.23988e-18    0.0210117 -5.63771e-19   -0.0126011 -1.94398e-18  -0.00390251  1.28245e-18   0.00544529  1.00209e-19 -0.000342827
-7.40792e-20  -0.00436978   4.5331e-19    0.0201838 -1.34686e-18   -0.0446286  1.44365e-18     0.054699  2.32907e-18   -0.0318135 -5.66994e-18  -0.00637299  3.99784e-18    0.0227504  1.55771e-19   -0.0092945 -2.21727e-18  -0.00599603  1.13209e-18   0.00491602  2.07265e-19
 0.000820903 -3.25399e-19  -0.00704881  1.33147e-18    0.0229572 -3.09233e-18   -0.0421783  2.32907e-18    0.0459756  2.72789e-18   -0.0226259 -5.45451e-18    -0.011105  3.40731e-18    0.0225925  6.82143e-19  -0.00671576 -2.21398e-18  -0.00716126  9.54494e-19   0.00444354
 1.18175e-19  0.000913272 -8.40875e-19  -0.00510204  2.65675e-18    0.0159721 -4.84206e-18   -0.0318135  2.72789e-18     0.037892  2.55674e-18   -0.0183411 -4.86573e-18   -0.0134329  2.75267e-18    0.0225292  1.00391e-18  -0.00492359 -2.38559e-18   -0.0080993  1.06219e-18
 0.000254683  3.39884e-19  -0.00191259 -1.41693e-18   0.00345289  3.80676e-18   0.00351022 -5.66994e-18   -0.0226259  2.55674e-18    0.0345934  2.25426e-18   -0.0166799 -4.59333e-18   -0.0154419  2.46156e-18    0.0229512  1.13389e-18  -0.00309583 -2.33306e-18   -0.0074119
-6.99902e-20   0.00185014  5.07657e-19  -0.00804199 -1.62415e-18    0.0142482  4.23988e-18  -0.00637299 -5.45451e-18   -0.0183411  2.25426e-18    0.0340064  2.27397e-18   -0.0156975 -4.79129e-18   -0.0176912  2.70375e-18    0.0233481  1.61496e-18  -0.00248649 -3.69247e-18
 -0.00051672 -9.66961e-20    0.0044695  3.20789e-19   -0.0137818 -1.26712e-18    0.0210117  3.99784e-18    -0.011105 -4.86573e-18   -0.0166799  2.27397e-18     0.034301  2.59199e-18   -0.0150043 -5.31472e-18   -0.0195678  3.30746e-18    0.0240836  7.68861e-19   -0.0067805
-6.73331e-21  -0.00106408  6.54093e-20   0.00565579  -3.4631e-19   -0.0151303 -5.63771e-19    0.0227504  3.40731e-18   -0.0134329 -4.59333e-18   -0.0156975  2.59199e-18    0.0351858  2.73939e-18   -0.0154088 -5.91131e-18    -0.021137   3.3931e-18    0.0305371  3.61539e-18
 1.54279e-05 -7.97205e-20 -0.000447766  4.77694e-19   0.00354164 -1.24737e-18   -0.0126011  1.55771e-19    0.0225925  2.75267e-18   -0.0154419 -4.79129e-18   -0.0150043  2.73939e-18    0.0376174  2.51329e-18   -0.0173182 -5.61041e-18   -0.0283065  2.24374e-18    0.0355666
 2.52726e-20 -0.000529727 -2.00108e-19   0.00179973     9.61e-19 -0.000473278 -1.94398e-18   -0.0092945  6.82143e-19    0.0225292  2.46156e-18   -0.0176912 -5.31472e-18   -0.0154088  2.51329e-18    0.0428587  4.81687e-18   -0.0172708 -1.18756e-17    -0.032369  1.27116e-17
 0.000179779  3.70248e-20  -0.00152917 -2.48685e-19   0.00425015  1.25368e-18  -0.00390251 -2.21727e-18  -0.00671576  1.00391e-18    0.0229512  2.70375e-18   -0.0195678 -5.91131e-18   -0.0173182  4.81687e-18    0.0448725  -6.2674e-19   -0.0149698  3.14149e-18   -0.0154317
  2.4127e-21  0.000369521  -2.9795e-20  -0.00208219 -1.59146e-19   0.00545571  1.28245e-18  -0.00599603 -2.21398e-18  -0.00492359  1.13389e-18    0.0233481  3.30746e-18    -0.021137 -5.61041e-18   -0.0172708  -6.2674e-19    0.0560412   2.0486e-17   -0.0604424 -5.90379e-17
-5.59653e-06   3.6209e-20  0.000226301 -1.72032e-19  -0.00171907 -8.57447e-21   0.00544529  1.13209e-18  -0.00716126 -2.38559e-18  -0.00309583  1.61496e-18    0.0240836   3.3931e-18   -0.0283065 -1.18756e-17   -0.0149698   2.0486e-17    0.0885956 -3.36355e-17   -0.0944364
-7.81443e-21  0.000100498  8.34167e-20 -0.000207034  -2.8017e-19 -0.000909016  1.00209e-19   0.00491602  9.54494e-19   -0.0080993 -2.33306e-18  -0.00248649  7.68861e-19    0.0305371  2.24374e-18    -0.032369  3.14149e-18   -0.0604424 -3.36355e-17     0.186385  1.21053e-16
-2.09324e-05 -9.74708e-21  0.000194263  9.25415e-20 -0.000495988  -2.8963e-19 -0.000342827  2.07265e-19   0.00444354  1.06219e-18   -0.0074119 -3.69247e-18   -0.0067805  3.61539e-18    0.0355666  1.27116e-17   -0.0154317 -5.90379e-17   -0.0944364  1.21053e-16     0.132071
