 6.03025e-12  2.88414e-27 -1.81324e-10 -1.06666e-25  2.13249e-09     8.84e-25 -1.49898e-08 -4.37938e-24   7.1463e-08  1.61663e-23 -2.41477e-07 -4.49983e-23  5.73211e-07  8.84987e-23 -8.75386e-07 -1.15563e-22  5.81909e-07   8.6169e-23    3.793e-07 -1.10113e-23  4.36556e-09
 2.88414e-27  2.59081e-10  6.93022e-26 -4.41429e-09 -1.13361e-24  3.92195e-08  5.77403e-24  -2.2522e-07 -2.01407e-23  9.02838e-07  5.91352e-23  -2.5692e-06 -1.30909e-22  4.97393e-06  2.15525e-22 -5.45074e-06 -2.79014e-22   5.7165e-07  3.54683e-22  2.04271e-06  2.32945e-23
-1.81324e-10  6.93022e-26  5.46463e-09  4.82433e-25 -6.44118e-08 -2.34975e-24  4.53752e-07 -5.37852e-24 -2.16759e-06  5.51634e-23  7.33607e-06 -1.80554e-22 -1.74234e-05  3.94654e-22  2.65302e-05  -4.5586e-22  -1.7201e-05 -1.96627e-22 -1.25554e-05  1.12346e-21 -4.93826e-07
-1.06666e-25 -4.41429e-09  4.82433e-25  7.53835e-08 -5.59672e-26  -6.7126e-07  3.05881e-23  3.86296e-06 -2.35393e-22  -1.5514e-05  8.47387e-22  4.41967e-05 -2.09378e-21 -8.54731e-05  3.49634e-21  9.27201e-05 -3.24715e-21 -6.38012e-06 -1.19142e-21 -3.52432e-05  1.02633e-21
 2.13249e-09 -1.13361e-24 -6.44118e-08 -5.59672e-26  7.60909e-07 -1.79897e-23 -5.37177e-06  2.81834e-22  2.57118e-05 -1.36607e-21 -8.71562e-05  3.86067e-21  0.000207099 -7.95222e-21 -0.000314396  1.11139e-20  0.000198601  -6.9089e-21  0.000161526 -6.33021e-21  1.03725e-05
    8.84e-25  3.92195e-08 -2.34975e-24  -6.7126e-07 -1.79897e-23  5.99045e-06 -1.22992e-22 -3.45457e-05  1.27155e-21  0.000138988 -4.44699e-21  -0.00039637   1.0898e-20  0.000765681 -1.92451e-20 -0.000821954  2.28712e-20   2.5895e-05  4.43569e-22  0.000315703 -4.15744e-21
-1.49898e-08  5.77403e-24  4.53752e-07  3.05881e-23 -5.37177e-06 -1.22992e-22  3.80016e-05 -5.19756e-22  -0.00018224  3.60771e-21   0.00061867 -9.94012e-21  -0.00147073  2.21088e-20   0.00222601 -3.90139e-20  -0.00136937  3.64511e-20  -0.00123282  3.40226e-20 -0.000106085
-4.37938e-24  -2.2522e-07 -5.37852e-24  3.86296e-06  2.81834e-22 -3.45457e-05 -5.19756e-22  0.000199611 -1.43056e-21 -0.000804455  5.63037e-21   0.00229641 -1.57904e-20  -0.00443107   3.7968e-20   0.00470828 -7.57903e-20  2.46447e-05   4.4913e-21  -0.00182308   1.9759e-20
  7.1463e-08 -2.01407e-23 -2.16759e-06 -2.35393e-22  2.57118e-05  1.27155e-21  -0.00018224 -1.43056e-21  0.000875471 -1.44843e-21  -0.00297611  3.08672e-21   0.00707771 -1.83581e-20   -0.0106825  7.84932e-20   0.00640761 -1.14749e-19   0.00631336 -1.19966e-19  0.000656708
 1.61663e-23  9.02838e-07  5.51634e-23  -1.5514e-05 -1.36607e-21  0.000138988  3.60771e-21 -0.000804455 -1.44843e-21   0.00324674   1.5576e-21  -0.00927606  7.61029e-21    0.0178825 -5.76922e-20   -0.0188391  1.88798e-19  -0.00068664  8.59909e-20   0.00737057 -1.52245e-20
-2.41477e-07  5.91352e-23  7.33607e-06  8.47387e-22 -8.71562e-05 -4.44699e-21   0.00061867  5.63037e-21  -0.00297611   1.5576e-21    0.0101279 -2.99367e-21   -0.0240938  5.07404e-20     0.036289 -2.51416e-19   -0.0213436  3.45687e-19    -0.022475  5.76668e-19  -0.00259786
-4.49983e-23  -2.5692e-06 -1.80554e-22  4.41967e-05  3.86067e-21  -0.00039637 -9.94012e-21   0.00229641  3.08672e-21  -0.00927606 -2.99367e-21    0.0265175 -2.95796e-20    -0.051116  1.91809e-19    0.0536959 -6.25379e-19   0.00258819 -1.28877e-19   -0.0215822  1.79998e-19
 5.73211e-07 -1.30909e-22 -1.74234e-05 -2.09378e-21  0.000207099   1.0898e-20  -0.00147073 -1.57904e-20   0.00707771  7.61029e-21   -0.0240938 -2.95796e-20    0.0573303 -5.32974e-20    -0.086346  5.47042e-19    0.0507062 -9.19516e-19    0.0537161 -1.17883e-18   0.00603099
 8.84987e-23  4.97393e-06  3.94654e-22 -8.54731e-05 -7.95222e-21  0.000765681  2.21088e-20  -0.00443107 -1.83581e-20    0.0178825  5.07404e-20    -0.051116 -5.32974e-20    0.0988018 -1.74009e-19    -0.105453  1.05684e-18  0.000405633  4.12596e-20    0.0462891 -3.85767e-19
-8.75386e-07  2.15525e-22  2.65302e-05  3.49634e-21 -0.000314396 -1.92451e-20   0.00222601   3.7968e-20   -0.0106825 -5.76922e-20     0.036289  1.91809e-19    -0.086346 -1.74009e-19     0.130991 -6.06663e-19   -0.0816778  1.76185e-18   -0.0703109  1.87158e-18  -0.00334584
-1.15563e-22 -5.45074e-06  -4.5586e-22  9.27201e-05  1.11139e-20 -0.000821954 -3.90139e-20   0.00470828  7.84932e-20   -0.0188391 -2.51416e-19    0.0536959  5.47042e-19    -0.105453 -6.06663e-19     0.123864 -9.37905e-19   -0.0381972  2.20149e-18   -0.0727066  1.65851e-18
 5.81909e-07 -2.79014e-22  -1.7201e-05 -3.24715e-21  0.000198601  2.28712e-20  -0.00136937 -7.57903e-20   0.00640761  1.88798e-19   -0.0213436 -6.25379e-19    0.0507062  1.05684e-18   -0.0816778 -9.37905e-19    0.0750418 -1.23645e-18   -0.0131461  1.02949e-18   -0.0260346
  8.6169e-23   5.7165e-07 -1.96627e-22 -6.38012e-06  -6.9089e-21   2.5895e-05  3.64511e-20  2.46447e-05 -1.14749e-19  -0.00068664  3.45687e-19   0.00258819 -9.19516e-19  0.000405633  1.76185e-18   -0.0381972 -1.23645e-18     0.127049 -4.39039e-18    0.0701661 -2.43832e-18
   3.793e-07  3.54683e-22 -1.25554e-05 -1.19142e-21  0.000161526  4.43569e-22  -0.00123282   4.4913e-21   0.00631336  8.59909e-20    -0.022475 -1.28877e-19    0.0537161  4.12596e-20   -0.0703109  2.20149e-18   -0.0131461 -4.39039e-18     0.172663 -6.97774e-18    0.0671366
-1.10113e-23  2.04271e-06  1.12346e-21 -3.52432e-05 -6.33021e-21  0.000315703  3.40226e-20  -0.00182308 -1.19966e-19   0.00737057  5.76668e-19   -0.0215822 -1.17883e-18    0.0462891  1.87158e-18   -0.0727066  1.02949e-18    0.0701661 -6.97774e-18     0.135055 -4.83698e-18
 4.36556e-09  2.32945e-23 -4.93826e-07  1.02633e-21  1.03725e-05 -4.15744e-21 -0.000106085   1.9759e-20  0.000656708 -1.52245e-20  -0.00259786  1.79998e-19   0.00603099 -3.85767e-19  -0.00334584  1.65851e-18   -0.0260346 -2.43832e-18    0.0671366 -4.83698e-18    0.0381921
