 3.98623e-09 -1.04801e-24 -9.15714e-08  4.31337e-23  7.86835e-07 -3.16266e-22 -3.78534e-06  1.16193e-21  1.11306e-05 -2.72135e-21  -1.9133e-05  3.77492e-21  1.38599e-05 -1.49861e-21  6.31119e-06 -2.02385e-21  -5.1679e-06  1.49447e-21 -3.15221e-06  1.10491e-21 -4.09534e-07
-1.04801e-24  1.31958e-07 -3.13084e-23 -1.68127e-06  5.33046e-22  1.05856e-05 -2.63931e-21 -3.97014e-05  7.63701e-21  9.05076e-05  -1.5216e-20 -0.000109307  1.70998e-20  2.23856e-05 -5.26515e-21  6.24614e-05 -2.97244e-21  1.67875e-05  5.17956e-21 -1.20217e-07  1.21996e-21
-9.15714e-08 -3.13084e-23  2.10462e-06 -2.67569e-22 -1.80888e-05  2.59398e-21  8.70082e-05 -8.87074e-21 -0.000255577  2.13034e-20  0.000437845 -3.65674e-20 -0.000312383  3.07932e-20  -0.00015298 -1.74153e-20  0.000116001 -2.81382e-21  7.38361e-05  6.68472e-21  9.82175e-06
 4.31337e-23 -1.68127e-06 -2.67569e-22  2.14278e-05  -9.9291e-22 -0.000134925   5.2448e-21  0.000505862 -1.02079e-20  -0.00115167   2.5986e-20   0.00138426 -3.87083e-20   -0.0002656   2.4502e-20 -0.000808623 -5.83074e-20 -0.000228546 -2.27123e-20 -1.76761e-06  4.58516e-21
 7.86835e-07  5.33046e-22 -1.80888e-05  -9.9291e-22  0.000155494 -1.46228e-21 -0.000747932 -4.08157e-21   0.00219621  1.72602e-20  -0.00375772 -3.19853e-21    0.0026641  9.82656e-21   0.00134901   1.0279e-19  -0.00100515 -3.58379e-20 -0.000653037 -2.71112e-20 -8.80372e-05
-3.16266e-22  1.05856e-05  2.59398e-21 -0.000134925 -1.46228e-21  0.000849676  4.48142e-21   -0.0031862 -5.42992e-20   0.00725624  8.67009e-20  -0.00872686 -9.69761e-20   0.00166912  7.45381e-20   0.00516023  4.36973e-19   0.00145574  1.81474e-19  5.30757e-06 -1.06353e-20
-3.78534e-06 -2.63931e-21  8.70082e-05   5.2448e-21 -0.000747932  4.48142e-21   0.00359867  3.21647e-20   -0.0105775 -1.35804e-19    0.0181476  1.77798e-19   -0.0130043 -3.62029e-19  -0.00635878 -2.50412e-19   0.00518785   4.9615e-19    0.0033065  2.52201e-19  0.000444475
 1.16193e-21 -3.97014e-05 -8.87074e-21  0.000505862 -4.08157e-21   -0.0031862  3.21647e-20    0.0119627  6.67707e-20    -0.027343 -1.08259e-19    0.0332489  2.90461e-19  -0.00712978 -7.03218e-19   -0.0195568 -1.21125e-18  -0.00495665 -1.87107e-19  0.000209074  1.21871e-19
 1.11306e-05  7.63701e-21 -0.000255577 -1.02079e-20   0.00219621 -5.42992e-20   -0.0105775  6.67707e-20    0.0312076  1.70892e-20   -0.0541372  8.79083e-20    0.0405533  6.10152e-19    0.0164919  1.19986e-19   -0.0182722 -1.06744e-18   -0.0107021    -4.16e-19  -0.00139265
-2.72135e-21  9.05076e-05  2.13034e-20  -0.00115167  1.72602e-20   0.00725624 -1.35804e-19    -0.027343  1.70892e-20    0.0631932 -1.46008e-19   -0.0794693  9.83342e-20    0.0228892  1.13524e-18    0.0446219   2.5254e-18   0.00697974  7.10064e-19  -0.00215883   -8.454e-20
 -1.9133e-05  -1.5216e-20  0.000437845   2.5986e-20  -0.00375772  8.67009e-20    0.0181476 -1.08259e-19   -0.0541372 -1.46008e-19     0.096953 -1.99604e-19   -0.0816598 -4.01174e-19   -0.0161927  4.30739e-19    0.0452507  2.90964e-18    0.0219995  1.13961e-18    0.0025881
 3.77492e-21 -0.000109307 -3.65674e-20   0.00138426 -3.19853e-21  -0.00872686  1.77798e-19    0.0332489  8.79083e-20   -0.0794693 -1.99604e-19     0.109963  7.51928e-20   -0.0542224 -1.88755e-18   -0.0501938 -2.95307e-18    0.0110219  9.02441e-21   0.00965052  4.93484e-21
 1.38599e-05  1.70998e-20 -0.000312383 -3.87083e-20    0.0026641 -9.69761e-20   -0.0130043  2.90461e-19    0.0405533  9.83342e-20   -0.0816598  7.51928e-20    0.0952415  2.77594e-19    -0.027414 -4.37212e-18   -0.0690636 -6.00248e-18   -0.0218797 -1.66059e-18  -0.00157581
-1.49861e-21  2.23856e-05  3.07932e-20   -0.0002656  9.82656e-21   0.00166912 -3.62029e-19  -0.00712978  6.10152e-19    0.0228892 -4.01174e-19   -0.0542224  2.77594e-19    0.0771215  1.53133e-18   -0.0151717  -3.1781e-18   -0.0610798 -4.01124e-18   -0.0214797 -3.27447e-19
 6.31119e-06 -5.26515e-21  -0.00015298   2.4502e-20   0.00134901  7.45381e-20  -0.00635878 -7.03218e-19    0.0164919  1.13524e-18   -0.0161927 -1.88755e-18    -0.027414  1.53133e-18       0.0749  8.75735e-18    0.0156787  4.93386e-18   -0.0201632  4.25741e-19  -0.00526404
-2.02385e-21  6.24614e-05 -1.74153e-20 -0.000808623   1.0279e-19   0.00516023 -2.50412e-19   -0.0195568  1.19986e-19    0.0446219  4.30739e-19   -0.0501938 -4.37212e-18   -0.0151717  8.75735e-18    0.0974567  2.13678e-17    0.0638526  1.14863e-17    0.0122822   2.5176e-18
 -5.1679e-06 -2.97244e-21  0.000116001 -5.83074e-20  -0.00100515  4.36973e-19   0.00518785 -1.21125e-18   -0.0182722   2.5254e-18    0.0452507 -2.95307e-18   -0.0690636  -3.1781e-18    0.0156787  2.13678e-17     0.129577  2.70548e-17    0.0766361   9.1363e-18    0.0116171
 1.49447e-21  1.67875e-05 -2.81382e-21 -0.000228546 -3.58379e-20   0.00145574   4.9615e-19  -0.00495665 -1.06744e-18   0.00697974  2.90964e-18    0.0110219 -6.00248e-18   -0.0610798  4.93386e-18    0.0638526  2.70548e-17     0.119905  1.91801e-17     0.044647  3.89992e-18
-3.15221e-06  5.17956e-21  7.38361e-05 -2.27123e-20 -0.000653037  1.81474e-19    0.0033065 -1.87107e-19   -0.0107021  7.10064e-19    0.0219995  9.02441e-21   -0.0218797 -4.01124e-18   -0.0201632  1.14863e-17    0.0766361  1.91801e-17    0.0659683  7.45343e-18    0.0121239
 1.10491e-21 -1.20217e-07  6.68472e-21 -1.76761e-06 -2.71112e-20  5.30757e-06  2.52201e-19  0.000209074    -4.16e-19  -0.00215883  1.13961e-18   0.00965052 -1.66059e-18   -0.0214797  4.25741e-19    0.0122822   9.1363e-18     0.044647  7.45343e-18    0.0195151  1.54268e-18
-4.09534e-07  1.21996e-21  9.82175e-06  4.58516e-21 -8.80372e-05 -1.06353e-20  0.000444475  1.21871e-19  -0.00139265   -8.454e-20    0.0025881  4.93484e-21  -0.00157581 -3.27447e-19  -0.00526404   2.5176e-18    0.0116171  3.89992e-18    0.0121239  1.54268e-18   0.00240838
