 9.89577e-12  1.51327e-28 -3.58309e-10   5.2938e-27   4.6497e-09 -1.38878e-25 -3.25082e-08  1.08272e-24  1.35712e-07 -4.34448e-24  -3.4108e-07  9.59983e-24  4.81365e-07  -9.4527e-24 -3.04749e-07 -3.34409e-24  1.52993e-08  1.64638e-23   2.9489e-08 -1.18311e-23  1.39506e-10
 1.51327e-28  5.22079e-10 -5.71039e-27 -1.02683e-08  3.18045e-25   9.5828e-08 -3.61508e-24 -5.15892e-07  1.97508e-23  1.68168e-06 -6.27545e-23 -3.22569e-06  1.17442e-22  3.20264e-06  -1.1634e-22 -1.02853e-06  3.40596e-23 -2.88945e-07  3.31809e-23  6.69382e-08  -1.9253e-23
-3.58309e-10 -5.71039e-27  1.29965e-08 -1.81757e-25 -1.69126e-07  4.85283e-24  1.18743e-06  -3.8552e-23 -4.98703e-06  1.63283e-22  1.26345e-05 -4.12705e-22 -1.79937e-05  6.12788e-22  1.14143e-05 -4.84036e-22 -3.47526e-07  1.35591e-22  -1.2338e-06  4.35671e-23 -1.62557e-08
  5.2938e-27 -1.02683e-08 -1.81757e-25  2.02542e-07  -2.3197e-24  -1.8988e-06  4.12367e-23  1.02915e-05 -2.49048e-22 -3.38718e-05  8.30875e-22    6.581e-05 -1.62519e-21 -6.62841e-05   1.7813e-21  2.11268e-05 -9.59879e-22  6.91652e-06  1.57233e-22 -1.51014e-06  4.13481e-23
  4.6497e-09  3.18045e-25 -1.69126e-07  -2.3197e-24  2.21113e-06  -1.7945e-23  -1.5636e-05  2.34414e-22  6.63676e-05 -1.10845e-21 -0.000170689  2.85634e-21  0.000248042 -4.00365e-21 -0.000160848  2.63508e-21  3.17318e-06 -3.85542e-22  1.95329e-05 -1.08206e-22  3.66876e-07
-1.38878e-25   9.5828e-08  4.85283e-24  -1.8988e-06  -1.7945e-23  1.79315e-05  -9.6382e-23 -9.82755e-05  9.74084e-22  0.000328773 -3.60344e-21  -0.00065381  6.69255e-21  0.000679665 -5.22077e-21 -0.000224256 -7.37613e-22  -8.0161e-05  2.92824e-21  1.80201e-05 -3.92794e-22
-3.25082e-08 -3.61508e-24  1.18743e-06  4.12367e-23  -1.5636e-05  -9.6382e-23  0.000111825 -3.89335e-22 -0.000482787  3.13488e-21   0.00127304 -8.73226e-21  -0.00191755  9.64839e-21   0.00130867   1.8875e-21 -3.21478e-05 -1.33757e-20 -0.000180324  8.43836e-21 -3.60889e-06
 1.08272e-24 -5.15892e-07  -3.8552e-23  1.02915e-05  2.34414e-22 -9.82755e-05 -3.89335e-22  0.000547965 -1.25923e-21  -0.00188109  8.09136e-21   0.00388572 -1.53748e-20  -0.00427266  3.69794e-21   0.00155163  2.41477e-20  0.000553803 -3.39224e-20 -0.000144766  1.09129e-20
 1.35712e-07  1.97508e-23 -4.98703e-06 -2.49048e-22  6.63676e-05  9.74084e-22 -0.000482787 -1.25923e-21    0.0021394 -3.39338e-21  -0.00586571  1.65878e-20    0.0093652 -1.70139e-20    -0.007008 -1.72639e-20  0.000387742  5.33679e-20   0.00111057  -4.8789e-20  1.56134e-05
-4.34448e-24  1.68168e-06  1.63283e-22 -3.38718e-05 -1.10845e-21  0.000328773  3.13488e-21  -0.00188109 -3.39338e-21   0.00671642 -7.47323e-21   -0.0147189  2.39814e-20    0.0177257 -2.51474e-21  -0.00767699 -3.72225e-20  -0.00239054  6.29457e-20  0.000866224 -3.98774e-20
 -3.4108e-07 -6.27545e-23  1.26345e-05  8.30875e-22 -0.000170689 -3.60344e-21   0.00127304  8.09136e-21  -0.00586571 -7.47323e-21     0.017066 -1.16122e-20   -0.0298275  1.09143e-20    0.0259004  3.07117e-20   -0.0033581 -1.08504e-20  -0.00478775  4.04529e-20  2.36471e-05
 9.59983e-24 -3.22569e-06 -4.12705e-22    6.581e-05  2.85634e-21  -0.00065381 -8.73226e-21   0.00388572  1.65878e-20   -0.0147189 -1.16122e-20     0.035305 -4.75784e-21   -0.0489671 -5.83331e-20    0.0278753  6.06688e-20   0.00579083  9.45265e-20  -0.00400145  1.78162e-20
 4.81365e-07  1.17442e-22 -1.79937e-05 -1.62519e-21  0.000248042  6.69255e-21  -0.00191755 -1.53748e-20    0.0093652  2.39814e-20   -0.0298275 -4.75784e-21    0.0599289   3.7434e-20   -0.0654013 -2.06918e-19    0.0185699  6.65691e-20    0.0141388  2.34995e-19 -0.000761311
 -9.4527e-24  3.20264e-06  6.12788e-22 -6.62841e-05 -4.00365e-21  0.000679665  9.64839e-21  -0.00427266 -1.70139e-20    0.0177257  1.09143e-20   -0.0489671   3.7434e-20     0.084619  1.34625e-19   -0.0714942 -3.98643e-19  -0.00131904  9.32059e-20    0.0140224  2.61202e-19
-3.04749e-07  -1.1634e-22  1.14143e-05   1.7813e-21 -0.000160848 -5.22077e-21   0.00130867  3.69794e-21    -0.007008 -2.51474e-21    0.0259004 -5.83331e-20   -0.0654013  1.34625e-19     0.102033  2.57244e-19   -0.0638872 -5.32787e-19   -0.0235417  1.76402e-19   0.00527748
-3.34409e-24 -1.02853e-06 -4.84036e-22  2.11268e-05  2.63508e-21 -0.000224256   1.8875e-21   0.00155163 -1.72639e-20  -0.00767699  3.07117e-20    0.0278753 -2.06918e-19   -0.0714942  2.57244e-19      0.11043  3.14427e-19   -0.0431519 -5.12528e-19   -0.0336875  9.02172e-20
 1.52993e-08  3.40596e-23 -3.47526e-07 -9.59879e-22  3.17318e-06 -7.37613e-22 -3.21478e-05  2.41477e-20  0.000387742 -3.72225e-20   -0.0033581  6.06688e-20    0.0185699 -3.98643e-19   -0.0638872  3.14427e-19     0.116698  2.45856e-19  -0.00893528 -4.19588e-19   -0.0211849
 1.64638e-23 -2.88945e-07  1.35591e-22  6.91652e-06 -3.85542e-22  -8.0161e-05 -1.33757e-20  0.000553803  5.33679e-20  -0.00239054 -1.08504e-20   0.00579083  6.65691e-20  -0.00131904 -5.32787e-19   -0.0431519  2.45856e-19     0.130999  7.75365e-20     0.032023 -5.40255e-19
  2.9489e-08  3.31809e-23  -1.2338e-06  1.57233e-22  1.95329e-05  2.92824e-21 -0.000180324 -3.39224e-20   0.00111057  6.29457e-20  -0.00478775  9.45265e-20    0.0141388  9.32059e-20   -0.0235417 -5.12528e-19  -0.00893528  7.75365e-20     0.147793 -2.34602e-19    0.0465183
-1.18311e-23  6.69382e-08  4.35671e-23 -1.51014e-06 -1.08206e-22  1.80201e-05  8.43836e-21 -0.000144766  -4.8789e-20  0.000866224  4.04529e-20  -0.00400145  2.34995e-19    0.0140224  1.76402e-19   -0.0336875 -4.19588e-19     0.032023 -2.34602e-19     0.129051  -5.5405e-19
 1.39506e-10  -1.9253e-23 -1.62557e-08  4.13481e-23  3.66876e-07 -3.92794e-22 -3.60889e-06  1.09129e-20  1.56134e-05 -3.98774e-20  2.36471e-05  1.78162e-20 -0.000761311  2.61202e-19   0.00527748  9.02172e-20   -0.0211849 -5.40255e-19    0.0465183  -5.5405e-19    0.0565416
