 1.58627e-34  1.69958e-49 -1.64247e-34 -6.82931e-49 -1.45409e-36 -2.36887e-47  2.39173e-35  2.70463e-46 -2.12113e-35 -2.83911e-45  3.09423e-35  1.45204e-44 -2.35321e-35 -8.61837e-45  3.41973e-37  9.47637e-44  4.84001e-35  2.71096e-44 -3.78533e-34  3.22947e-43  2.79499e-33 -5.98465e-43 -1.82265e-32  7.41714e-43  1.04712e-31  1.73419e-43 -5.32139e-31  4.55214e-43  2.40142e-30  1.13149e-41 -9.65095e-30 -5.35602e-41  3.46059e-29  2.37258e-40 -1.10822e-28 -9.75208e-40  3.16977e-28  3.65432e-39 -8.09048e-28 -1.25639e-38  1.83924e-27  3.96778e-38 -3.71249e-27 -1.15095e-37  6.62282e-27  3.06874e-37 -1.03723e-26 -7.52212e-37  1.41246e-26  1.69501e-36 -1.64867e-26 -3.50966e-36  1.61255e-26  6.67187e-36 -1.26975e-26 -1.16283e-35  7.37784e-27  1.85411e-35 -2.33422e-27 -2.69555e-35 -6.51628e-28  3.55382e-35  1.29237e-27  -4.2094e-35 -6.48171e-28  4.40122e-35  -2.1551e-29 -3.91018e-35  1.98932e-28  2.65421e-35 -7.91205e-29 -7.53535e-36 -2.25508e-29 -1.46823e-35  2.56208e-29   3.5593e-35 -9.89571e-31 -5.07314e-35 -5.23571e-30  5.71554e-35  9.70837e-31 -5.44515e-35  8.11174e-31  4.47753e-35 -1.87995e-31 -3.18471e-35 -1.26204e-31  1.93948e-35  2.78668e-32 -9.85692e-36  1.55784e-32  3.93718e-36 -1.94959e-33 -1.02008e-36 -1.69536e-33 -3.02418e-38 -1.48237e-35  2.17031e-37   1.3587e-34 -1.43916e-37  1.77883e-35  5.95792e-38 -7.04759e-36  -1.6882e-38 -1.01643e-36  2.91605e-39 -7.98909e-38 -7.39824e-41  6.83643e-38 -1.17227e-40  6.54501e-39  3.47875e-41 -1.14729e-39 -4.66441e-42   6.3756e-42  2.00472e-43 -2.27285e-41  2.31472e-44  7.25294e-43  -2.7037e-45  1.41992e-43  7.78036e-48 -4.01179e-45  6.62967e-48  2.43769e-47 -1.67786e-49
 1.69958e-49  3.70625e-34  4.33868e-48 -2.57272e-34 -1.48838e-47  2.41347e-35 -3.27238e-46  1.69679e-35  3.14767e-45 -1.52463e-35 -3.03459e-44  3.10968e-35   1.3664e-43 -1.05858e-35 -8.80284e-44 -1.94179e-34  8.63621e-43  1.82907e-33 -1.19866e-43 -1.46027e-32  2.85035e-42  1.02014e-31 -4.24521e-42 -6.25426e-31  3.94905e-42  3.38366e-30  8.97022e-42 -1.62275e-29 -3.53566e-41  6.92238e-29  2.36249e-40 -2.63284e-28 -1.09469e-39  8.94091e-28  4.67588e-39  -2.7124e-27 -1.84173e-38  7.34806e-27  6.63781e-38 -1.77521e-26 -2.19541e-37  3.81514e-26  6.67004e-37 -7.26618e-26 -1.86252e-36  1.21963e-25   4.7824e-36 -1.78989e-25 -1.12937e-35  2.27017e-25  2.45258e-35 -2.44478e-25 -4.89598e-35  2.17089e-25  8.97802e-35 -1.50236e-25 -1.51074e-34  7.00553e-26  2.32921e-34 -8.40826e-27 -3.28303e-34   -1.791e-26  4.21605e-34  1.56131e-26 -4.90513e-34  -4.0654e-27  5.11797e-34 -2.48807e-27 -4.69294e-34  2.31196e-27  3.60813e-34 -2.50766e-28 -2.00891e-34 -4.94758e-28  1.81266e-35  1.91388e-28  1.52088e-34  6.74728e-29 -2.77376e-34 -5.04029e-29  3.37904e-34 -6.29421e-30 -3.32257e-34  8.96504e-30  2.76714e-34  7.56804e-31 -1.97637e-34 -1.35357e-30  1.20552e-34 -1.09779e-31 -6.16094e-35  1.48871e-31  2.51969e-35  2.29652e-32 -7.23685e-36 -1.17855e-32  5.97552e-37 -3.30105e-33  8.26281e-37  5.28478e-34 -6.24014e-37  2.68538e-34  2.62174e-37  8.50576e-37 -7.30528e-38 -8.86428e-36  1.22004e-38 -2.11162e-36 -3.08017e-40  1.73281e-37 -4.27179e-40  5.48852e-38  1.14841e-40  1.79054e-39 -1.30706e-41  8.20543e-41  3.06446e-43 -1.03189e-40  6.97079e-44 -2.17167e-42 -3.47397e-45  2.66191e-43 -3.31577e-46 -3.37855e-45  2.32287e-47  9.14973e-47
-1.64247e-34  4.33868e-48  4.86816e-34  6.31417e-47 -2.94616e-34 -1.86587e-46  4.65534e-35 -2.92411e-45  3.94329e-36  2.48287e-44  1.39942e-35 -2.15488e-43 -3.13782e-35  8.67368e-43  5.70814e-34 -5.81461e-43 -5.98229e-33  5.22175e-42  5.17282e-32 -2.20257e-42 -3.87714e-31  1.60439e-41  2.54043e-30 -1.86175e-41 -1.46481e-29  1.50341e-42  7.47173e-29   1.3864e-40 -3.38501e-28 -6.65075e-40    1.366e-27  3.41631e-39 -4.91949e-27 -1.53472e-38  1.58268e-26  6.31822e-38 -4.54891e-26 -2.38877e-37  1.16706e-25    8.278e-37 -2.66772e-25 -2.63379e-36  5.41635e-25  7.70071e-36 -9.72315e-25 -2.07023e-35  1.53311e-24  5.11898e-35 -2.10319e-24 -1.16425e-34  2.47506e-24   2.4351e-34 -2.44351e-24  -4.6817e-34  1.94588e-24  8.26827e-34 -1.14851e-24 -1.34019e-33  3.76478e-25  1.99145e-33  9.19554e-26 -2.70888e-33 -2.00735e-25  3.36632e-33  1.04781e-25 -3.80976e-33  1.01168e-27  3.90486e-33 -3.12999e-26 -3.58526e-33  1.32671e-26  2.87913e-33  3.29811e-27  -1.9032e-33 -4.22211e-27  8.31026e-34  2.75346e-28  1.50119e-34  8.45044e-28 -8.82945e-34 -1.77592e-28  1.27806e-33 -1.33704e-28 -1.33615e-33  3.64473e-29   1.1414e-33  2.00512e-29 -8.23281e-34 -5.13719e-30  5.03823e-34 -2.61314e-30 -2.58409e-34  4.02708e-31   1.0723e-34  2.97376e-31 -3.27167e-35 -6.04104e-33  4.71499e-36  -2.4733e-32  1.96577e-36 -2.30036e-33 -1.83982e-36  1.12432e-33  7.91229e-37  2.46749e-34  -2.1668e-37 -5.66063e-36  3.46849e-38 -1.15333e-35 -7.42061e-40 -8.28253e-37 -1.09098e-39  1.04091e-37  2.59832e-40  2.24138e-38  -2.4219e-41  2.13823e-39  5.14599e-44 -1.65161e-40  1.26716e-43 -1.17587e-41  1.10954e-45 -5.37648e-44 -1.01946e-45 -7.86516e-45  3.39971e-47
-6.82931e-49 -2.57272e-34  6.31417e-47  5.18146e-34  6.41566e-46 -3.26543e-34 -1.63064e-45  6.96138e-35 -1.98973e-44 -3.28091e-35  1.53411e-43  1.57296e-34 -1.17513e-42 -1.39279e-33  4.29388e-42  1.53031e-32  -2.9148e-42 -1.43239e-31  2.43193e-41   1.1543e-30 -1.47052e-41 -8.09664e-30  6.54938e-41  4.98194e-29 -3.92549e-41 -2.70536e-28 -2.04502e-40  1.30254e-27   1.6621e-39  -5.5794e-27 -8.28773e-39  2.13133e-26  3.94702e-38 -7.27121e-26 -1.70745e-37  2.21663e-25  6.76158e-37 -6.03608e-25 -2.45629e-36  1.46626e-24  8.18724e-36 -3.16964e-24 -2.50697e-35  6.07461e-24  7.05723e-35  -1.0265e-23 -1.82716e-34  1.51748e-23  4.35148e-34 -1.94015e-23 -9.53152e-34  2.10829e-23  1.91952e-33 -1.89193e-23 -3.55203e-33  1.32705e-23  6.03515e-33  -6.3251e-24 -9.40691e-33   8.6537e-25  1.34382e-32  1.55058e-24 -1.75773e-32 -1.41337e-24  2.10296e-32  3.94683e-25  -2.2984e-32  2.13412e-25  2.28964e-32 -2.14062e-25 -2.06879e-32  2.81809e-26  1.67548e-32  4.47867e-26 -1.18098e-32 -1.89613e-26  6.66912e-33 -5.76527e-27  -2.0841e-33  4.88154e-27   -1.372e-33  4.87568e-28  3.39728e-33 -8.86377e-28 -4.02684e-33 -4.48356e-29  3.60786e-33  1.32278e-28 -2.65275e-33  7.92921e-30  1.63471e-33 -1.52163e-29 -8.41502e-34  -1.9723e-30   3.5264e-34  1.28415e-30 -1.11836e-34  3.03504e-31  2.03242e-35 -6.22957e-32  3.03668e-36 -2.61609e-32 -4.26005e-36 -1.02039e-34  1.89661e-36  1.15431e-33 -5.10305e-37  1.72261e-34  7.76175e-38  -1.8465e-35 -1.12527e-39  -5.4951e-36 -2.25277e-39 -3.60137e-37  4.65781e-40  3.65727e-38 -3.42155e-41  8.39245e-39 -6.66754e-43  1.57939e-40   1.4704e-43 -1.00199e-41  1.23102e-44 -5.03765e-43 -1.62833e-45 -1.43065e-44
-1.45409e-36 -1.48838e-47 -2.94616e-34  6.41566e-46  5.55956e-34   4.9618e-45 -3.73366e-34 -1.07764e-44  1.23558e-34 -1.11118e-43 -2.72637e-34  7.86728e-43  2.78723e-33 -5.22708e-42 -3.23852e-32  1.76047e-41   3.2839e-31 -1.18808e-41 -2.85198e-30  9.25949e-41  2.14561e-29 -6.32549e-41 -1.41091e-28  1.78402e-40   8.1657e-28   2.4966e-40 -4.18155e-27 -2.89523e-39  1.90228e-26  1.71818e-38 -7.71012e-26 -8.44694e-38  2.78954e-25  3.84116e-37 -9.01828e-25 -1.59674e-36  2.60544e-24  6.07934e-36 -6.72123e-24 -2.12373e-35  1.54535e-23  6.81298e-35 -3.15718e-23 -2.00895e-34  5.70559e-23    5.448e-34 -9.06159e-23 -1.35907e-33  1.25295e-22  3.11857e-33 -1.48747e-22 -6.58015e-33  1.48332e-22  1.27594e-32 -1.19571e-22 -2.27192e-32  7.17822e-23  3.71124e-32  -2.4438e-23 -5.55606e-32 -5.06085e-24   7.6159e-32  1.24803e-23  -9.5512e-32 -6.80644e-24  1.09554e-31  1.08594e-25 -1.14948e-31   1.9697e-24  1.10381e-31 -8.95035e-25 -9.69878e-32 -1.87537e-25  7.76872e-32  2.78459e-25 -5.59492e-32 -2.59286e-26  3.48193e-32 -5.47874e-26  -1.6584e-32  1.32564e-26  2.80048e-33  8.67346e-27  5.76757e-33 -2.75522e-27 -9.35423e-33 -1.28217e-27  9.17888e-33   3.8666e-28 -6.98629e-33  1.73929e-28  4.36147e-33 -3.34111e-29 -2.25767e-33 -2.05677e-29  9.53928e-34  1.05742e-30 -3.10914e-34  1.76387e-30   6.4225e-35  1.30699e-31  1.79185e-36 -8.58241e-32 -8.22523e-36 -1.80626e-32  3.84531e-36   1.1818e-33   -1.016e-36  8.03276e-34  1.45478e-37  5.90962e-35 -7.35378e-40 -8.78314e-36 -3.98065e-39 -2.03344e-36  7.04015e-40 -9.26472e-38   -3.977e-41  1.04072e-38 -1.39556e-42  8.51358e-40  7.43305e-44  2.43212e-41  2.57901e-44 -7.48629e-44 -1.49229e-45
-2.36887e-47  2.41347e-35 -1.86587e-46 -3.26543e-34   4.9618e-45  6.25741e-34  3.06281e-44  -4.5712e-34 -5.62497e-44   4.8004e-34 -5.33032e-43 -4.58542e-33  3.45338e-42  5.83425e-32  -1.9618e-41 -6.42675e-31  6.18005e-41  6.03174e-30 -4.06511e-41 -4.87767e-29  2.93738e-40  3.43356e-28   -1.622e-40  -2.1206e-27 -3.66314e-41  1.15609e-26  4.43691e-39 -5.58932e-26 -2.92287e-38  2.40466e-25  1.56248e-37 -9.22831e-25 -7.43271e-37  3.16373e-24  3.24271e-36 -9.69463e-24 -1.29517e-35  2.65444e-23  4.74254e-35 -6.48574e-23 -1.59447e-34  1.41077e-22  4.92653e-34 -2.72177e-22 -1.39989e-33  4.63238e-22  3.65955e-33 -6.90158e-22 -8.80141e-33  8.89991e-22   1.9469e-32 -9.76508e-22 -3.95873e-32  8.86293e-22  7.39303e-32 -6.30768e-22 -1.26672e-31   3.0782e-22  1.98882e-31  -4.7776e-23 -2.85764e-31 -7.17552e-23  3.75325e-31  6.88269e-23 -4.50254e-31 -2.06683e-23  4.93356e-31 -9.71775e-24  -4.9439e-31  1.06639e-23  4.54396e-31 -1.68083e-24 -3.84628e-31  -2.1664e-24  3.00762e-31  1.01002e-24 -2.16491e-31  2.59836e-25  1.40495e-31 -2.55484e-25 -7.73773e-32 -1.77545e-26  2.97838e-32   4.6744e-26  1.01119e-33  8.56459e-28 -1.60366e-32 -6.99989e-27  1.90752e-32 -2.33939e-28 -1.54327e-32  8.35774e-28  9.85202e-33  8.44158e-29 -5.14787e-33 -7.40835e-29  2.19548e-33 -1.48437e-29 -7.31787e-34  3.86642e-30  1.64035e-34  1.41948e-30 -6.39718e-36 -2.50089e-32 -1.37249e-35 -6.96689e-32  6.84833e-36 -8.22421e-33 -1.77391e-36   1.1564e-33  2.36569e-37  3.30219e-34  1.55683e-39  1.76286e-35 -6.20051e-39  -2.9657e-36  9.32713e-40 -4.30452e-37 -4.19244e-41  -1.1043e-38 -1.20375e-42  6.66937e-40 -1.04879e-43  5.10864e-41  3.26383e-44  5.40229e-43
 2.39173e-35 -3.27238e-46  4.65534e-35 -1.63064e-45 -3.73366e-34  3.06281e-44  7.42803e-34  1.55351e-43 -9.12654e-34  -2.3703e-43  6.57385e-33  -2.2655e-42 -9.09176e-32  1.32302e-41  1.09376e-30 -6.35016e-41 -1.11283e-29  1.89411e-40  9.69726e-29 -1.14604e-40 -7.32143e-28  7.38979e-40  4.83245e-27  2.36376e-40 -2.80782e-26 -5.45009e-39  1.44383e-25  4.38732e-38 -6.59712e-25 -2.50342e-37  2.68627e-24  1.26291e-36 -9.76662e-24 -5.77845e-36  3.17381e-23  2.42097e-35 -9.21975e-23 -9.29561e-35  2.39229e-22  3.27565e-34 -5.53457e-22 -1.06071e-33  1.13823e-21   3.1589e-33 -2.07168e-21 -8.65618e-33  3.31567e-21   2.1829e-32 -4.62338e-21 -5.06491e-32  5.54047e-21  1.08073e-31  -5.5848e-21 -2.11887e-31  4.56127e-21  3.81277e-31  -2.7888e-21 -6.28806e-31  9.88201e-22   9.4893e-31   1.6613e-22 -1.30814e-30 -4.80677e-22  1.64469e-30  2.75005e-22 -1.88387e-30 -1.19796e-23  1.96586e-30 -7.66791e-23 -1.87263e-30  3.75713e-23  1.63653e-30  6.33857e-24 -1.32326e-30 -1.13859e-23  9.99941e-31  1.40698e-24  -7.0984e-31  2.19877e-24  4.68361e-31 -6.16302e-25 -2.75945e-31 -3.44372e-25  1.31585e-31  1.27879e-25 -3.56367e-32  5.05603e-26 -1.53271e-32 -1.81912e-26  3.19112e-32 -7.08385e-27 -2.88711e-32  1.70028e-27  1.91197e-32  8.71601e-28 -1.01475e-32 -7.40795e-29  4.38541e-33 -7.84652e-29 -1.49464e-33 -4.11828e-30   3.5512e-34  4.17004e-30 -2.81404e-35  7.64784e-31 -2.03943e-35 -7.76333e-32  1.10175e-35 -3.68107e-32 -2.78498e-36 -2.39393e-33  3.41211e-37  5.03079e-34  6.94405e-39  9.59911e-35 -8.67238e-39  3.06712e-36  1.11618e-39 -5.02002e-37 -4.62552e-41 -4.58433e-38  5.96066e-43 -1.08193e-39 -3.17311e-43  2.05714e-41  2.52526e-44
 2.70463e-46  1.69679e-35 -2.92411e-45  6.96138e-35 -1.07764e-44  -4.5712e-34  1.55351e-43  1.26785e-33  6.59306e-43 -8.37901e-33 -8.07434e-43  1.24091e-31 -8.71541e-42  -1.6379e-30  4.48403e-41  1.81346e-29 -1.79728e-40 -1.70769e-28   5.0874e-40  1.38586e-27 -2.09507e-40 -9.79211e-27  9.26574e-40  6.07159e-26  7.24264e-39 -3.32384e-25 -5.72675e-38  1.61403e-24  3.57167e-37 -6.97617e-24 -1.90202e-36  2.69035e-23   9.1606e-36 -9.27114e-23 -4.02529e-35  2.85657e-22  1.62042e-34 -7.86705e-22 -5.98507e-34  1.93412e-21  2.03103e-33 -4.23493e-21 -6.33913e-33  8.22839e-21  1.82094e-32 -1.41117e-20 -4.81553e-32  2.11997e-20  1.17232e-31 -2.75895e-20 -2.62614e-31  3.05861e-20  5.40913e-31 -2.81002e-20 -1.02326e-30  2.03133e-20  1.77525e-30 -1.01663e-20 -2.81948e-30  1.78051e-21  4.09089e-30  2.23173e-21 -5.41044e-30 -2.26949e-21  6.50814e-30  7.34608e-22 -7.10796e-30  2.94496e-22  7.04535e-30 -3.59653e-22 -6.35159e-30  6.70589e-23  5.24362e-30  7.04216e-23 -4.01645e-30 -3.64466e-23  2.90667e-30 -7.67506e-24 -2.01664e-30  9.06455e-24  1.33564e-30  3.23302e-25 -8.15324e-31 -1.66155e-24  4.26569e-31  2.56062e-26 -1.63369e-31  2.51115e-25  1.69739e-32  6.04848e-28  3.99412e-32 -3.09678e-26 -4.54959e-32 -2.17148e-27  3.19881e-32  2.87377e-27 -1.74131e-32  4.81731e-28  7.68547e-33 -1.63149e-28 -2.69035e-33 -5.16648e-29  6.69237e-34  2.39153e-30 -6.94473e-35  2.76287e-30 -2.79902e-35  2.69258e-31  1.63948e-35 -5.26414e-32  -4.0034e-36 -1.31045e-32  4.41733e-37  -5.0044e-34  1.63312e-38  1.35427e-34 -1.10377e-38   1.6752e-35   1.2349e-39  3.91326e-37 -5.76849e-41 -3.74476e-38  3.56542e-42 -2.17336e-39 -4.22988e-43  -1.5527e-41
-2.12113e-35  3.14767e-45  3.94329e-36 -1.98973e-44  1.23558e-34 -5.62497e-44 -9.12654e-34  6.59306e-43  9.29827e-33  2.36443e-42 -1.49425e-31 -2.14857e-42   2.1751e-30 -3.07511e-41 -2.63219e-29  1.35549e-40  2.68738e-28 -4.44754e-40  -2.3501e-27  1.14785e-39  1.78098e-26  4.52141e-40 -1.18017e-25 -5.86712e-39  6.88579e-25  6.99545e-38 -3.55637e-24 -4.54973e-37  1.63252e-23  2.57608e-36 -6.68004e-23 -1.30427e-35   2.4413e-22  6.01562e-35 -7.97696e-22 -2.53813e-34  2.33077e-21  9.82226e-34  -6.0852e-21 -3.49188e-33   1.4171e-20  1.14183e-32 -2.93499e-20  -3.4373e-32  5.38251e-20  9.53047e-32 -8.68546e-20 -2.43408e-31  1.22203e-19  5.72476e-31 -1.47918e-19 -1.23908e-30  1.50828e-19  2.46554e-30 -1.24927e-19 -4.50379e-30   7.7891e-20  7.53889e-30 -2.87812e-20 -1.15382e-29  -3.6761e-21  1.61043e-29  1.32562e-20 -2.04392e-29  -7.9903e-21   2.3518e-29  5.84373e-22 -2.44676e-29  2.13314e-21  2.29846e-29 -1.13409e-21 -1.95291e-29 -1.43442e-22  1.51282e-29  3.33667e-22 -1.08791e-29  -5.2491e-23  7.47215e-30 -6.29795e-23   -5.034e-30  2.05345e-23  3.32741e-30  9.66998e-24 -2.07387e-30 -4.23815e-24  1.13601e-30 -1.40944e-24 -4.92206e-31   6.1472e-25  1.26799e-31  2.03367e-25  2.59805e-32 -6.12822e-26 -5.86128e-32 -2.62149e-26  4.56283e-32  3.26617e-27 -2.58962e-32    2.505e-27  1.18442e-32   6.6388e-29 -4.30239e-33 -1.44781e-28   1.1135e-33 -2.25519e-29 -1.30308e-34  3.29838e-30 -3.74345e-35  1.22928e-30  2.30414e-35  6.13993e-32 -5.33314e-36 -1.98493e-32  5.12872e-37   -3.197e-33  3.02731e-38 -6.98784e-35 -1.29108e-38   1.9719e-35   1.2762e-39  1.65055e-36 -7.38009e-41  2.78485e-38  6.03592e-42 -9.17703e-40 -3.20781e-43
-2.83911e-45 -1.52463e-35  2.48287e-44 -3.28091e-35 -1.11118e-43   4.8004e-34  -2.3703e-43 -8.37901e-33  2.36443e-42  1.59196e-31  7.17668e-42 -2.57422e-30 -3.83475e-42  3.42238e-29 -9.99903e-41 -3.80275e-28  3.64163e-40  3.59372e-27 -9.12875e-40  -2.9274e-26  1.59481e-39   2.0766e-25  9.06308e-39 -1.29297e-24 -7.28716e-38  7.10943e-24  5.30878e-37 -3.46833e-23 -3.15964e-36  1.50644e-22  1.68524e-35 -5.83975e-22 -8.15205e-35  2.02347e-21  3.60384e-34 -6.27091e-21 -1.46019e-33   1.7377e-20  5.43409e-33 -4.30028e-20 -1.86026e-32  9.48202e-20  5.86444e-32 -1.85624e-19 -1.70369e-31  3.20939e-19  4.56239e-31 -4.86419e-19 -1.12613e-30  6.39244e-19   2.5607e-30 -7.16542e-19 -5.35941e-30  6.66923e-19  1.03108e-29  -4.9023e-19 -1.82025e-29  2.52009e-19  2.94225e-29 -4.95309e-20 -4.34281e-29  -5.1503e-20  5.83484e-29  5.60261e-20 -7.11002e-29 -1.95888e-20  7.82646e-29 -6.52703e-21 -7.75182e-29  9.07653e-21  6.88848e-29 -1.98239e-21 -5.49382e-29 -1.69776e-21  3.96452e-29   9.8509e-22  -2.6491e-29  1.61065e-22  1.70947e-29 -2.40664e-22 -1.11325e-29  2.76013e-25  7.34218e-30  4.40496e-23 -4.64519e-30 -2.30048e-24   2.6008e-30 -6.72873e-24 -1.18091e-30  2.21715e-25  3.75626e-31  8.55112e-25 -3.41597e-32  3.14645e-26 -5.58244e-32 -8.31579e-26   5.3144e-32  -1.1223e-26 -3.25144e-32  5.13949e-27  1.58823e-32  1.38504e-27 -6.10877e-33 -1.12843e-28  1.64058e-33 -8.14652e-29 -1.96742e-34 -6.28674e-30  -5.2133e-35  1.80241e-30  3.10914e-35  3.81669e-31 -6.61639e-36  8.70996e-33  5.22103e-37  -4.5712e-33  4.90003e-38 -4.97016e-34  -1.3937e-38  -7.7764e-36  1.21805e-39  1.40004e-36 -8.40124e-41  6.55768e-38  6.24326e-42  4.02239e-40
 3.09423e-35 -3.03459e-44  1.39942e-35  1.53411e-43 -2.72637e-34 -5.33032e-43  6.57385e-33 -8.07434e-43 -1.49425e-31  7.17668e-42  2.72249e-30  1.82526e-41 -4.00073e-29 -2.77617e-43  4.85938e-28 -2.97445e-40 -4.97901e-27   8.3056e-40  4.37048e-26 -1.00765e-39 -3.32521e-25 -4.62942e-39  2.21266e-24  7.88523e-38 -1.29668e-23 -5.60863e-37  6.72826e-23  3.55807e-36 -3.10371e-22 -1.99302e-35  1.27659e-21  1.01126e-34 -4.69109e-21 -4.67904e-34  1.54174e-20  1.98283e-33 -4.53257e-20 -7.71481e-33  1.19114e-19  2.76127e-32 -2.79332e-19 -9.10423e-32  5.82868e-19  2.76787e-31 -1.07756e-18 -7.76327e-31  1.75403e-18  2.00904e-30  -2.4916e-18 -4.79557e-30  3.04828e-18  1.05507e-29  -3.1467e-18 -2.13703e-29  2.64569e-18  3.97859e-29 -1.68433e-18 -6.79411e-29  6.50046e-19  1.06143e-28   5.6087e-20 -1.51228e-28  -2.8172e-19   1.9575e-28  1.79738e-19 -2.29166e-28 -1.88125e-20  2.41409e-28 -4.56033e-20 -2.27568e-28  2.64919e-20  1.90994e-28  2.19808e-21 -1.42406e-28 -7.54068e-21  9.49542e-29  1.47056e-21 -5.82006e-29  1.38255e-21  3.48429e-29 -5.27117e-22 -2.18799e-29 -2.05922e-22  1.44865e-29  1.08165e-22  -9.3038e-30  2.96213e-23  5.24018e-30 -1.60151e-23 -2.38811e-30 -4.40435e-24  8.06146e-31  1.68804e-24 -1.57559e-31  6.00678e-25 -2.14131e-32 -1.04442e-25  4.27171e-32  -6.1444e-26 -3.14061e-32  2.39237e-28  1.77908e-32   3.8604e-27 -7.57648e-33  4.96307e-28   2.1131e-33 -1.04261e-28 -2.32225e-34 -3.15989e-29 -7.87719e-35 -9.97208e-31  4.06269e-35  5.92293e-31 -7.61139e-36  8.18873e-32  4.33249e-37  7.74376e-34  7.17818e-38 -6.05149e-34 -1.37835e-38 -4.40645e-35  1.03415e-39 -5.05209e-37 -7.75571e-41  2.95189e-38  3.90624e-42
 1.45204e-44  3.10968e-35 -2.15488e-43  1.57296e-34  7.86728e-43 -4.58542e-33  -2.2655e-42  1.24091e-31 -2.14857e-42 -2.57422e-30  1.82526e-41  4.21357e-29  3.76449e-41  -5.6235e-28  3.18385e-41  6.27094e-27 -7.81143e-40 -5.94851e-26  1.20604e-39  4.86479e-25  5.08893e-39 -3.46535e-24 -6.65771e-38  2.16717e-23  5.62084e-37 -1.19717e-22 -3.70136e-36  5.86911e-22  2.18216e-35 -2.56245e-21 -1.15977e-34  9.98792e-21    5.611e-34 -3.48094e-20 -2.48275e-33  1.08543e-19  1.00808e-32 -3.02748e-19 -3.76486e-32  7.54438e-19  1.29562e-31 -1.67593e-18 -4.11383e-31  3.30715e-18  1.20621e-30 -5.76748e-18 -3.26709e-30  8.82382e-18   8.1739e-30 -1.17173e-17 -1.88795e-29  1.32896e-17  4.02177e-29 -1.25421e-17 -7.89002e-29  9.38481e-18  1.42277e-28 -4.96274e-18 -2.35246e-28  1.08864e-18   3.5557e-28  9.31125e-19 -4.89482e-28 -1.09562e-18  6.10963e-28  4.14579e-19  -6.8773e-28  1.10813e-19  6.93678e-28 -1.81294e-19 -6.22305e-28  4.60262e-20  4.92615e-28  3.20273e-20 -3.41943e-28  -2.1095e-20  2.08636e-28 -2.44113e-21 -1.15264e-28  5.05347e-21  6.28678e-29 -2.08039e-22 -3.81005e-29 -9.20938e-22  2.57228e-29  8.59784e-23 -1.68539e-29  1.42116e-22  9.41157e-30 -1.04176e-23 -4.14643e-30 -1.85995e-23  1.36652e-30 -1.54006e-27 -3.25553e-31  1.89869e-24  5.81872e-32  1.91815e-25 -2.84982e-33 -1.27424e-25 -1.32709e-32 -2.88055e-26  1.42537e-32  3.64825e-27 -7.75274e-33  1.89161e-27  2.26842e-33   1.0405e-28 -1.72672e-34 -4.83268e-29 -1.26397e-34 -8.68119e-30  5.12731e-35 -4.45995e-32 -7.98272e-36  1.21869e-31    2.195e-37  1.15151e-32  9.53002e-38  6.57286e-35 -1.21684e-38  -3.9458e-35  7.31519e-40 -1.59158e-36 -5.38553e-41 -8.00613e-39
-2.35321e-35   1.3664e-43 -3.13782e-35 -1.17513e-42  2.78723e-33  3.45338e-42 -9.09176e-32 -8.71541e-42   2.1751e-30 -3.83475e-42 -4.00073e-29  3.76449e-41    5.903e-28   5.7245e-41 -7.19577e-27  1.48373e-40  7.40066e-26 -1.55995e-39 -6.52192e-25 -2.91967e-39  4.98285e-24  5.98393e-38 -3.33032e-23 -5.07831e-37  1.96076e-22  3.61717e-36 -1.02241e-21 -2.23658e-35  4.74081e-21  1.24487e-34 -1.96066e-20 -6.28891e-34  7.24671e-20  2.90027e-33 -2.39632e-19 -1.22593e-32  7.09105e-19   4.7641e-32 -1.87647e-18  -1.7061e-31  4.43315e-18  5.64051e-31 -9.32403e-18 -1.72373e-30  1.73852e-17  4.87282e-30 -2.85627e-17 -1.27452e-29  4.09882e-17  3.08351e-29 -5.07189e-17 -6.89494e-29  5.30464e-17  1.42313e-28 -4.53184e-17  -2.7065e-28  2.94964e-17  4.73177e-28 -1.19062e-17 -7.58309e-28 -5.24865e-19  1.11008e-27  4.82163e-18 -1.47809e-27  -3.2729e-18  1.78085e-27  4.52265e-19 -1.92919e-27   7.8217e-19  1.86437e-27 -5.00599e-19 -1.59184e-27 -1.90961e-20  1.18698e-27  1.37291e-19 -7.63527e-28 -3.26093e-20  4.21023e-28 -2.42444e-20 -2.04142e-28  1.08951e-20  9.83173e-29  3.45061e-21  -5.7939e-29 -2.22324e-21  4.12388e-29 -4.83913e-22 -2.78445e-29   3.3586e-22  1.51389e-29  7.44186e-23 -6.14229e-30 -3.72223e-23  1.79541e-30 -1.08934e-23 -4.48319e-31  2.59479e-24  1.90601e-31  1.20549e-24 -1.07807e-31 -4.79988e-26  3.55698e-32 -8.26439e-26  3.26118e-34 -8.33052e-27 -5.15464e-33   2.5981e-27  1.69749e-33  6.49323e-28   6.8549e-35  6.39482e-30 -2.02717e-34 -1.41208e-29  6.16042e-35 -1.67095e-30 -7.35312e-36   1.0747e-32  -1.1255e-37  1.48246e-32  1.12428e-37  9.33841e-34 -9.08095e-39  5.32981e-36  3.84806e-40 -7.79339e-37 -2.43649e-41
-8.61837e-45 -1.05858e-35  8.67368e-43 -1.39279e-33 -5.22708e-42  5.83425e-32  1.32302e-41  -1.6379e-30 -3.07511e-41  3.42238e-29 -2.77617e-43  -5.6235e-28   5.7245e-41  7.53238e-27  4.33074e-41 -8.43121e-26  3.15447e-40  8.02944e-25 -4.34219e-41 -6.59409e-24 -4.53004e-38  4.71793e-23  4.43066e-37 -2.96427e-22 -3.31696e-36  1.64555e-21  2.17216e-35  -8.1092e-21 -1.26754e-34  3.55992e-20    6.683e-34 -1.39565e-19 -3.20706e-33  4.89399e-19  1.40764e-32 -1.53601e-18 -5.67305e-32  4.31397e-18  2.10592e-31 -1.08298e-17 -7.21843e-31   2.4248e-17  2.28904e-30 -4.82557e-17 -6.72425e-30  8.49288e-17  1.83115e-29 -1.31239e-16 -4.62314e-29  1.76211e-16  1.08159e-28 -2.02373e-16 -2.34221e-28  1.93831e-16  4.68719e-28 -1.47804e-16 -8.64904e-28  8.05146e-17  1.46756e-27  -1.9608e-17 -2.28217e-27 -1.36268e-17  3.23944e-27  1.75926e-17 -4.17687e-27  -7.2185e-18  4.86302e-27 -1.46655e-18 -5.07486e-27  2.96955e-18  4.70239e-27 -8.71346e-19 -3.82186e-27 -4.87916e-19  2.68088e-27   3.7086e-19 -1.58937e-27  2.48161e-20   7.7847e-28 -8.68999e-20 -3.16088e-28  7.38878e-21  1.25249e-28  1.57153e-20 -7.36492e-29 -2.20421e-21  5.95239e-29 -2.44606e-21 -4.21073e-29  2.93781e-22  2.16716e-29  3.29728e-22 -7.41053e-30 -1.36535e-23  1.50024e-30 -3.54022e-23 -3.47978e-31 -2.29722e-24  3.86531e-31  2.57464e-24 -3.09531e-31  4.77399e-25  1.35047e-31 -9.00319e-26 -3.10183e-32 -3.57491e-26  2.31698e-33 -1.07045e-27 -1.37071e-34  1.05109e-27  5.78819e-34  1.59318e-28 -3.07717e-34 -2.69178e-30  6.87343e-35 -2.64805e-30 -5.45611e-36 -2.14404e-31 -5.00112e-37  1.45469e-33  1.14096e-37  9.01147e-34 -5.11347e-39  3.16474e-35  1.11825e-40  1.07377e-37
 3.41973e-37 -8.80284e-44  5.70814e-34  4.29388e-42 -3.23852e-32  -1.9618e-41  1.09376e-30  4.48403e-41 -2.63219e-29 -9.99903e-41  4.85938e-28  3.18385e-41 -7.19577e-27  4.33074e-41  8.80469e-26 -3.14045e-41 -9.09133e-25 -1.00971e-39  8.04538e-24  2.70952e-38 -6.17395e-23 -3.53048e-37  4.14564e-22  2.89959e-36 -2.45279e-21 -2.01578e-35  1.28562e-20  1.23924e-34 -5.99405e-20  -6.8351e-34  2.49336e-19  3.41283e-33 -9.27228e-19 -1.55299e-32  3.08612e-18  6.47164e-32 -9.19552e-18 -2.47983e-31   2.4513e-17  8.76755e-31 -5.83677e-17 -2.86822e-30  1.23798e-16  8.70142e-30 -2.32928e-16 -2.45179e-29  3.86465e-16  6.42152e-29 -5.60609e-16  -1.5634e-28  7.02128e-16  3.53557e-28  -7.4464e-16 -7.41612e-28  6.47037e-16  1.43981e-27 -4.31093e-16 -2.58024e-27  1.82202e-16  4.25408e-27   2.5094e-19 -6.42741e-27 -6.84066e-17  8.85807e-27  4.96949e-17 -1.10741e-26 -8.63567e-18  1.24742e-26 -1.10623e-17 -1.25534e-26  7.87978e-18  1.11618e-26 -6.42317e-20 -8.63689e-27 -2.07184e-18  5.69057e-27   5.9258e-19 -3.08787e-27  3.48239e-19  1.30825e-27 -1.86742e-19 -4.01515e-28 -4.62317e-20  1.00646e-28  3.78956e-20 -6.65622e-29  6.16948e-21  7.58077e-29 -5.83491e-21  -5.7845e-29 -9.89469e-22  2.67808e-29  6.77379e-22  -5.9902e-30  1.59334e-22 -4.95697e-31 -5.21979e-23   1.9464e-31 -1.93905e-23  6.97451e-31  1.62333e-24 -6.72422e-31  1.46112e-24  3.14559e-31  1.04353e-25  -8.9402e-32 -5.28579e-26  1.73496e-32 -1.09264e-26 -3.80985e-33  1.82915e-28  1.40562e-33  2.77513e-28 -4.26874e-34  2.76859e-29  6.86704e-35  -7.6072e-31 -2.36109e-36 -2.99035e-31 -8.27464e-37 -1.61635e-32  9.51548e-38  2.70316e-35 -1.47682e-39  1.70598e-35 -1.07355e-41
 9.47637e-44 -1.94179e-34 -5.81461e-43  1.53031e-32  1.76047e-41 -6.42675e-31 -6.35016e-41  1.81346e-29  1.35549e-40 -3.80275e-28 -2.97445e-40  6.27094e-27  1.48373e-40 -8.43121e-26 -3.14045e-41  9.47475e-25  3.14823e-40 -9.06105e-24 -1.77744e-38  7.47416e-23  2.45554e-37 -5.37254e-22 -2.37405e-36  3.39217e-21  1.79188e-35 -1.89289e-20 -1.17236e-34  9.37927e-20  6.80414e-34 -4.14138e-19   -3.548e-33  1.63359e-18  1.67574e-32 -5.76565e-18 -7.21476e-32  1.82209e-17  2.84598e-31 -5.15506e-17 -1.03315e-30  1.30427e-16  3.46521e-30 -2.94475e-16 -1.07752e-29  5.91312e-16   3.1152e-29 -1.05084e-15 -8.39089e-29  1.64114e-15  2.10806e-28 -2.22953e-15 -4.94029e-28  2.59481e-15  1.07898e-27 -2.52455e-15   -2.192e-27  1.96397e-15  4.13096e-27 -1.10356e-15 -7.19704e-27  2.96862e-16  1.15449e-26  1.64641e-16  -1.6972e-26 -2.37725e-16  2.27438e-26  1.05989e-16 -2.76086e-26  1.49124e-17  3.01279e-26 -4.08582e-17 -2.92713e-26   1.3805e-17  2.49952e-26  6.10984e-18 -1.84162e-26 -5.48373e-18  1.13753e-26 -9.11982e-20 -5.59673e-27  1.25267e-18  1.95938e-27 -1.67557e-19 -3.23641e-28 -2.23818e-19 -6.86301e-29  4.36476e-20  1.68781e-30  3.50468e-20  7.83876e-29 -6.16362e-21 -6.94406e-29 -4.86883e-21  2.55932e-29  4.36975e-22  1.35468e-30  5.51269e-22 -5.41335e-30  1.39783e-23  1.27196e-30 -4.34242e-23  1.29563e-30 -6.34986e-24 -1.31031e-30  1.78861e-24  6.16762e-31   5.6121e-25 -1.87189e-31  2.92506e-28   4.2916e-32 -1.90213e-26 -9.74425e-33 -2.39633e-27  2.50614e-33   1.1068e-28 -5.28562e-34  4.79766e-29  5.78229e-35  3.25775e-30   1.3619e-36 -7.75845e-32   -9.727e-37 -1.71707e-32  6.03765e-38 -5.20089e-34  6.29472e-40 -6.42806e-37
 4.84001e-35  8.63621e-43 -5.98229e-33  -2.9148e-42   3.2839e-31  6.18005e-41 -1.11283e-29 -1.79728e-40  2.68738e-28  3.64163e-40 -4.97901e-27 -7.81143e-40  7.40066e-26  3.15447e-40 -9.09133e-25  3.14823e-40  9.42661e-24  5.88883e-39 -8.37895e-23 -1.51336e-37  6.45992e-22   1.7462e-36 -4.35901e-21 -1.50479e-35  2.59245e-20  1.06885e-34 -1.36628e-19 -6.61259e-34   6.4071e-19  3.63045e-33 -2.68155e-18 -1.79005e-32   1.0037e-17  7.98951e-32 -3.36369e-17 -3.24823e-31   1.0096e-16  1.20928e-30 -2.71236e-16 -4.14258e-30  6.51222e-16  1.31186e-29 -1.39359e-15 -3.85718e-29  2.64735e-15  1.05705e-28 -4.43842e-15 -2.70831e-28   6.5126e-15  6.49988e-28 -8.26186e-15 -1.46193e-27  8.89242e-15  3.07839e-27 -7.86693e-15 -6.05405e-27  5.37188e-15  1.10801e-26 -2.37953e-15 -1.87887e-26  9.91034e-17  2.93697e-26  8.20636e-16 -4.20833e-26 -6.42472e-16  5.49308e-26  1.35939e-16 -6.48506e-26  1.31309e-16  6.86578e-26 -1.05469e-16 -6.44791e-26  5.92925e-18  5.29235e-26  2.64177e-17  -3.7131e-26 -9.04222e-18  2.14473e-26 -4.15406e-18 -9.43844e-27  2.70974e-18  2.48763e-27  4.92417e-19  2.19525e-28 -5.46604e-19 -5.64832e-28  -5.9096e-20  2.07134e-28  8.56686e-20  3.91599e-29  1.00924e-20 -6.23732e-29 -1.03894e-20  8.72945e-30 -1.88261e-21  1.91333e-29   8.7387e-22 -1.42176e-29  2.59217e-22  2.51187e-30 -3.63303e-23  2.59551e-30 -2.17256e-23 -2.41128e-30 -8.50128e-25  1.09929e-30  8.99234e-25  -3.3844e-31  1.52472e-25  8.15268e-32 -7.81529e-27 -1.79435e-32 -4.58733e-27  3.71065e-33 -3.74669e-28 -5.70546e-34   2.1604e-29  3.53377e-35  5.07558e-30   4.7204e-36  2.30254e-31 -8.80839e-37  -2.7508e-33  2.39748e-38 -3.12996e-34  9.09497e-40
 2.71096e-44  1.82907e-33  5.22175e-42 -1.43239e-31 -1.18808e-41  6.03174e-30  1.89411e-40 -1.70769e-28 -4.44754e-40  3.59372e-27   8.3056e-40 -5.94851e-26 -1.55995e-39  8.02944e-25 -1.00971e-39 -9.06105e-24  5.88883e-39   8.7037e-23  5.17069e-38 -7.21288e-22  -1.0837e-36  5.21027e-21  1.14438e-35 -3.30681e-20 -9.21614e-35  1.85539e-19  6.20664e-34 -9.24684e-19 -3.64054e-33  4.10798e-18  1.89374e-32 -1.63094e-17 -8.83616e-32  5.79596e-17  3.72668e-31 -1.84506e-16 -1.42924e-30  5.26067e-16  5.01071e-30 -1.34203e-15 -1.61412e-29  3.05691e-15  4.80296e-29 -6.19697e-15 -1.32734e-28  1.11267e-14  3.42507e-28 -1.75733e-14 -8.29147e-28  2.41727e-14  1.88958e-27 -2.85326e-14 -4.06013e-27  2.82247e-14  8.21934e-27 -2.24261e-14 -1.56307e-26  1.30148e-14  2.77922e-26 -3.84884e-15 -4.59322e-26 -1.65793e-15     7.01e-26  2.75121e-15 -9.81091e-26 -1.33604e-15  1.24993e-25 -1.06411e-16 -1.43785e-25  4.80254e-16  1.47924e-25 -1.86531e-16  -1.3446e-25  -6.3255e-17  1.06173e-25  6.93788e-17 -7.09247e-26  -2.4823e-18  3.81766e-26 -1.53804e-17 -1.47142e-26  2.90639e-18  2.25506e-27  2.69849e-18  1.82375e-27 -7.04185e-19 -1.72969e-27 -4.23412e-19  7.02407e-28  1.03695e-19 -1.08174e-28  6.06814e-20 -3.16781e-30 -8.99974e-21 -4.01797e-29 -7.27429e-21  5.24217e-29  1.41129e-22 -2.65802e-29  6.21608e-22   2.5702e-30  6.65106e-23  5.38577e-30 -2.95234e-23 -4.24977e-30 -7.40228e-24  1.83006e-30  2.65154e-25 -5.55799e-31  2.91485e-25  1.34007e-31  2.95869e-26 -2.77267e-32 -2.62504e-27  4.73095e-33 -7.36698e-28 -5.16797e-34 -4.03051e-29  4.94103e-36  2.00271e-30  6.69623e-36  2.77372e-31 -6.09607e-37  7.10332e-33  5.42032e-40 -1.18437e-35
-3.78533e-34 -1.19866e-43  5.17282e-32  2.43193e-41 -2.85198e-30 -4.06511e-41  9.69726e-29   5.0874e-40  -2.3501e-27 -9.12875e-40  4.37048e-26  1.20604e-39 -6.52192e-25 -4.34219e-41  8.04538e-24 -1.77744e-38 -8.37895e-23  5.17069e-38  7.48248e-22  3.72895e-37 -5.79717e-21 -7.21892e-36  3.93214e-20  7.18726e-35 -2.35142e-19 -5.48821e-34  1.24644e-18  3.51527e-33 -5.88101e-18  -1.9593e-32  2.47735e-17  9.67512e-32 -9.33646e-17 -4.27895e-31  3.15176e-16  1.70713e-30 -9.53329e-16 -6.17805e-30  2.58234e-15  2.03819e-29 -6.25478e-15 -6.16098e-29  1.35117e-14  1.71595e-28   -2.593e-14 -4.43174e-28   4.3956e-14  1.06882e-27 -6.52858e-14 -2.42426e-27  8.39541e-14  5.20311e-27 -9.17863e-14 -1.06077e-26  8.27579e-14  2.05518e-26 -5.79873e-14 -3.77185e-26  2.69407e-14  6.51679e-26 -2.28618e-15 -1.05148e-25 -8.43973e-15  1.57059e-25  7.18137e-15 -2.15269e-25 -1.80875e-15  2.68354e-25 -1.32162e-15 -3.01441e-25  1.21843e-15  3.01896e-25 -1.29779e-16 -2.65969e-25 -2.88318e-16  2.02209e-25  1.17934e-16  -1.2856e-25   4.1289e-17  6.41649e-26 -3.37902e-17 -2.09013e-26  -3.9757e-18 -1.02108e-28  6.76776e-18  5.59473e-27  3.53785e-19 -4.19679e-27   -1.078e-18  1.79643e-27 -6.98569e-20 -5.10472e-28  1.36298e-19  1.76718e-28  1.75212e-20 -1.46566e-28 -1.24099e-20  1.04763e-28 -2.88912e-21 -3.92153e-29  6.30332e-22 -1.44429e-30   2.7473e-22  1.09021e-29  5.49694e-25 -7.16391e-30 -1.30074e-23  2.87211e-30 -1.76623e-24 -8.45049e-31  1.76506e-25  1.98066e-31  6.46486e-26  -3.7617e-32  4.08476e-27  5.23513e-33 -4.36927e-28  -3.5865e-34 -7.34764e-29 -2.53805e-35  -2.6777e-30  6.78444e-36  7.45137e-32 -2.99672e-37  4.88988e-33 -5.46631e-39
 3.22947e-43 -1.46027e-32 -2.20257e-42   1.1543e-30  9.25949e-41 -4.87767e-29 -1.14604e-40  1.38586e-27  1.14785e-39  -2.9274e-26 -1.00765e-39  4.86479e-25 -2.91967e-39 -6.59409e-24  2.70952e-38  7.47416e-23 -1.51336e-37 -7.21288e-22  3.72895e-37  6.00686e-21  2.49138e-36 -4.36165e-20 -4.60394e-35  2.78342e-19  4.36452e-34 -1.57079e-18 -3.17515e-33  7.87647e-18  1.93811e-32 -3.52189e-17  -1.0287e-31  1.40786e-16  4.83281e-31 -5.03965e-16  -2.0303e-30  1.61671e-15  7.67764e-30 -4.64754e-15 -2.62624e-29  1.19603e-14  8.16143e-29 -2.74997e-14 -2.31469e-28  5.63113e-14  6.02329e-28 -1.02215e-13 -1.44773e-27  1.63369e-13  3.24087e-27 -2.27702e-13 -6.82337e-27  2.72813e-13  1.36479e-26 -2.74651e-13 -2.61453e-26  2.23133e-13  4.81419e-26 -1.33902e-13 -8.49853e-26  4.33408e-14  1.42679e-25   1.3893e-14 -2.25253e-25 -2.76213e-14  3.30373e-25  1.46531e-14 -4.44959e-25  2.88233e-16  5.44399e-25 -4.88002e-15 -5.98641e-25  2.18008e-15  5.84772e-25  5.36301e-16  -5.0001e-25  -7.6039e-16  3.66263e-25  6.93699e-17 -2.21422e-25  1.62564e-16  1.01692e-25 -4.11527e-17 -2.61387e-26 -2.77561e-17 -7.22286e-27  9.54201e-18  1.35238e-26  4.33668e-18 -9.13763e-27 -1.45306e-18  4.10039e-27 -6.42198e-19 -1.46367e-27  1.43261e-19  6.00555e-28  8.20317e-20 -3.43925e-28 -5.93699e-21   1.7387e-28 -7.63691e-21 -4.37631e-29 -5.04098e-22 -1.43604e-29  4.13279e-22  2.07403e-29  8.22609e-23 -1.14795e-29 -6.90715e-24  4.25759e-30 -3.82731e-24 -1.19843e-30 -2.94119e-25  2.67267e-31  4.69868e-26 -4.55378e-32  9.68842e-27  4.97755e-33  3.93821e-28 -1.27927e-34 -3.79027e-29 -4.65328e-35 -3.84173e-30  5.30057e-36 -8.01013e-32 -8.17504e-38  4.83502e-34
 2.79499e-33  2.85035e-42 -3.87714e-31 -1.47052e-41  2.14561e-29  2.93738e-40 -7.32143e-28 -2.09507e-40  1.78098e-26  1.59481e-39 -3.32521e-25  5.08893e-39  4.98285e-24 -4.53004e-38 -6.17395e-23  2.45554e-37  6.45992e-22  -1.0837e-36 -5.79717e-21  2.49138e-36  4.51481e-20  1.59436e-35 -3.07915e-19 -2.82912e-34  1.85201e-18  2.56118e-33 -9.87739e-18 -1.77856e-32  4.69061e-17  1.03628e-31 -1.98947e-16 -5.24831e-31   7.5523e-16  2.35076e-30 -2.56915e-15  -9.4023e-30  7.83483e-15  3.37819e-29 -2.14082e-14 -1.09493e-28  5.23383e-14  3.21273e-28 -1.14197e-13 -8.56495e-28  2.21523e-13  2.08375e-27 -3.79941e-13 -4.65411e-27  5.71614e-13  9.62474e-27 -7.45715e-13 -1.86462e-26  8.28885e-13  3.43378e-26 -7.62474e-13 -6.10096e-26  5.48866e-13  1.05653e-25 -2.67618e-13 -1.78431e-25  3.43022e-14  2.91011e-25  7.50944e-14 -4.50948e-25 -7.02016e-14  6.52359e-25  2.07076e-14 -8.67227e-25  1.13161e-14  1.04525e-24 -1.22838e-14 -1.12838e-24   1.9618e-15  1.07725e-24  2.71477e-15 -8.95101e-25 -1.33224e-15  6.31942e-25  -3.3817e-16 -3.62586e-25   3.6607e-16   1.5133e-25  1.96908e-17 -2.59887e-26 -7.26514e-17 -2.39558e-26  4.63838e-19    2.915e-26  1.17379e-17 -1.86925e-26  1.01985e-19  8.76073e-27  -1.5451e-18 -3.50222e-27 -1.16105e-19  1.46041e-27  1.51502e-19 -6.65472e-28  2.65485e-20  2.44786e-28 -8.98856e-21 -2.49013e-29 -2.96903e-21 -4.27564e-29  1.28346e-22  3.65203e-29  1.61803e-22 -1.73808e-29  1.67103e-23    5.957e-30 -2.97262e-24 -1.58929e-30 -7.83154e-25  3.31188e-31 -3.38229e-26 -4.93688e-32  7.05213e-27  3.93047e-33  9.14477e-28  1.09736e-34  2.44514e-29  -5.2876e-35 -1.40406e-30  3.17956e-36 -6.57938e-32  3.48256e-39
-5.98465e-43  1.02014e-31  1.60439e-41 -8.09664e-30 -6.32549e-41  3.43356e-28  7.38979e-40 -9.79211e-27  4.52141e-40   2.0766e-25 -4.62942e-39 -3.46535e-24  5.98393e-38  4.71793e-23 -3.53048e-37 -5.37254e-22   1.7462e-36  5.21027e-21 -7.21892e-36 -4.36165e-20  1.59436e-35  3.18444e-19  9.83142e-35 -2.04397e-18 -1.67353e-33  1.16056e-17    1.448e-32 -5.85716e-17 -9.60979e-32  2.63694e-16  5.35228e-31 -1.06177e-15 -2.59072e-30  3.83004e-15   1.1083e-29 -1.23873e-14 -4.22869e-29  3.59198e-14  1.44682e-28 -9.32979e-14 -4.45489e-28   2.1665e-13  1.23782e-27 -4.48388e-13 -3.11148e-27  8.23345e-13  7.09685e-27 -1.33263e-12 -1.47517e-26  1.88351e-12  2.81435e-26 -2.29258e-12 -4.98613e-26  2.35122e-12  8.35227e-26 -1.95533e-12 -1.35405e-25  1.21471e-12  2.17183e-25 -4.28583e-13 -3.47872e-25 -9.49671e-14  5.50837e-25  2.42832e-13 -8.41799e-25 -1.41261e-13  1.20894e-24   5.6031e-15 -1.59569e-24  4.32129e-14  1.90322e-24 -2.22781e-14  -2.0233e-24 -3.57333e-15  1.89146e-24  7.28353e-15 -1.52868e-24 -1.10002e-15  1.03984e-24 -1.48819e-15 -5.64174e-25  4.91689e-16  2.09285e-25  2.43822e-16 -1.12752e-26 -1.10726e-16 -5.89834e-26  -3.7528e-17  5.86973e-26  1.73478e-17 -3.66566e-26  5.75867e-18  1.77744e-26 -1.87669e-18 -7.48325e-27 -7.92483e-19  3.00869e-27  1.10058e-19 -1.12417e-27  8.10545e-20  2.81632e-28  1.69842e-21  4.00085e-29 -4.97332e-21  -9.3778e-29 -7.63373e-22  5.92872e-29  1.18003e-22 -2.47598e-29  4.33607e-23  7.85609e-30  2.18978e-24 -1.97146e-30 -6.85888e-25  3.77315e-31 -1.09681e-25 -4.77307e-32 -2.70629e-27  2.34061e-33   5.7943e-28  2.82471e-34  4.59214e-29 -4.52128e-35  7.21083e-31  1.38231e-36 -9.98799e-33
-1.82265e-32 -4.24521e-42  2.54043e-30  6.54938e-41 -1.41091e-28   -1.622e-40  4.83245e-27  9.26574e-40 -1.18017e-25  9.06308e-39  2.21266e-24 -6.65771e-38 -3.33032e-23  4.43066e-37  4.14564e-22 -2.37405e-36 -4.35901e-21  1.14438e-35  3.93214e-20 -4.60394e-35 -3.07915e-19  9.83142e-35   2.1122e-18  5.83117e-34 -1.27821e-17 -9.50625e-33  6.86131e-17   7.8652e-32 -3.28066e-16  -4.9936e-31  1.40156e-15  2.66168e-30 -5.36145e-15 -1.23283e-29  1.83876e-14  5.04364e-29 -5.65613e-14 -1.83841e-28  1.55981e-13  6.00028e-28  -3.8511e-13 -1.75902e-27  8.49191e-13  4.64102e-27 -1.66617e-12 -1.10368e-26  2.89331e-12  2.36904e-26 -4.41259e-12  -4.5998e-26  5.84482e-12  8.11351e-26 -6.61125e-12 -1.31195e-25  6.21117e-12  1.97994e-25 -4.59876e-12 -2.87531e-25  2.35435e-12  4.18013e-25 -4.03922e-13 -6.26207e-25 -5.81031e-13  9.61767e-25  6.05374e-13  -1.4607e-24 -2.06691e-13  2.10266e-24 -8.19386e-14 -2.77736e-24  1.08946e-13  3.29563e-24 -2.36153e-14 -3.46107e-24 -2.21241e-14  3.17309e-24  1.31647e-14 -2.49493e-24  2.18862e-15  1.63255e-24 -3.47223e-15 -8.31759e-25  4.06621e-17  2.62533e-25  6.80587e-16  3.57134e-26 -4.77444e-17 -1.27609e-25 -1.11242e-16  1.12904e-25  5.91426e-18 -6.94432e-26  1.52322e-17  3.43251e-26  2.81072e-19 -1.46112e-26 -1.60437e-18  5.50594e-27  -1.9293e-19 -1.68045e-27  1.08491e-19  2.21504e-28  2.73557e-20  1.78046e-28 -2.81113e-21 -1.72787e-28 -1.74279e-21  8.87843e-29 -1.21928e-22 -3.31089e-29  4.07331e-23  9.75475e-30  8.17935e-24 -2.28563e-30  1.63969e-25  3.94508e-31 -9.50751e-26 -4.06643e-32 -9.81071e-27  6.56743e-34 -1.51267e-28  3.46734e-34  2.10922e-29 -2.99271e-35   7.6709e-31  3.68366e-37
 7.41714e-43 -6.25426e-31 -1.86175e-41  4.98194e-29  1.78402e-40  -2.1206e-27  2.36376e-40  6.07159e-26 -5.86712e-39 -1.29297e-24  7.88523e-38  2.16717e-23 -5.07831e-37 -2.96427e-22  2.89959e-36  3.39217e-21 -1.50479e-35 -3.30681e-20  7.18726e-35  2.78342e-19 -2.82912e-34 -2.04397e-18  5.83117e-34  1.31998e-17  3.31755e-33  -7.5434e-17 -5.17542e-32  3.83314e-16  4.09729e-31 -1.73823e-15  -2.4909e-30  7.05279e-15  1.27173e-29 -2.56484e-14 -5.64083e-29  8.36717e-14  2.20858e-28 -2.44861e-13 -7.69738e-28   6.4226e-13  2.39931e-27 -1.50713e-12 -6.70702e-27  3.15459e-12  1.68391e-26  -5.8637e-12 -3.79937e-26  9.61813e-12  7.70392e-26 -1.37962e-11 -1.40366e-25  1.70751e-11  2.29985e-25 -1.78575e-11 -3.40263e-25   1.5219e-11  4.60511e-25 -9.79784e-12 -5.88499e-25  3.75435e-12  7.53119e-25  4.95045e-13 -1.03133e-24 -1.88189e-12  1.53445e-24  1.20646e-12 -2.34719e-24 -1.19309e-13  3.43647e-24 -3.35005e-13  -4.5893e-24  2.00695e-13  5.44923e-24  1.60364e-14 -5.66842e-24 -6.13368e-14  5.09951e-24   1.3316e-14 -3.89668e-24  1.18177e-14  2.44369e-24 -5.05629e-15 -1.15381e-24 -1.81423e-15  2.80207e-25  1.11472e-15  1.47728e-25  2.69425e-16 -2.56282e-25 -1.79036e-16   2.0968e-25 -4.30887e-17 -1.27212e-25   2.0856e-17  6.29969e-26  6.52326e-18 -2.63264e-26 -1.49706e-18  9.11051e-27 -7.44548e-19  -2.2052e-27   2.3631e-20 -2.34703e-29  5.18904e-20  4.13378e-28   5.7278e-21 -2.80223e-28 -1.58385e-21  1.22885e-28 -4.24726e-22  -4.1524e-29 -8.62489e-24  1.13957e-29   8.4527e-24 -2.47253e-30  1.06783e-24  3.76978e-31  5.37398e-27 -2.98175e-32 -7.44963e-27  -6.5529e-34  -4.7434e-28  3.07183e-34 -4.59741e-30 -1.48279e-35  1.54562e-31
