      0.33535  -3.64297e-15      0.221669   1.77304e-15     0.0952179   1.00412e-15     0.0346835   5.81431e-17     0.0114109   -3.8464e-17    0.00348007  -9.56391e-18   0.000997251   1.10134e-17   0.000270701   1.39462e-17   6.99757e-05   1.07163e-17   1.72893e-05   6.81959e-18   4.09397e-06   3.65633e-18   9.30926e-07   1.63495e-18   2.03588e-07   6.10971e-19   4.28715e-08   1.92435e-19   8.70082e-09   5.18099e-20   1.70307e-09   1.24505e-20   3.21675e-10    3.0857e-21   5.86529e-11   1.00809e-21   1.03269e-11   4.35187e-22   1.75604e-12   1.95525e-22   2.88418e-13   8.00983e-23   4.57547e-14   2.92678e-23   7.01043e-15   9.72598e-24   1.03726e-15   3.05195e-24   1.48176e-16   9.46969e-25   2.04312e-17   3.00865e-25   2.71829e-18   9.79155e-26   3.48827e-19   3.15926e-26   4.31557e-20   9.69672e-27   5.14462e-21   2.74022e-27    5.9061e-22   6.97193e-28   6.52523e-23   1.56936e-28   6.93302e-24   3.06304e-29   7.07835e-25   5.00576e-30   6.93809e-26    6.2867e-31   6.52264e-27   4.19579e-32   5.87517e-28   -5.4871e-33   5.06434e-29  -2.59652e-33   4.17227e-30  -5.21647e-34   3.28063e-31  -5.74026e-35   2.45814e-32   2.30524e-36   1.75217e-33   3.00679e-36   1.18592e-34   9.16958e-37   7.60554e-36    1.9875e-37   4.61107e-37   3.51553e-38   2.63602e-38   5.31643e-39   1.41682e-39   7.01378e-40   7.13655e-41   8.14586e-41   3.35634e-42   8.35607e-42   1.46765e-43    7.5694e-43   5.93818e-45   6.03978e-44   2.21065e-46   4.22648e-45    7.5224e-48   2.57674e-46   2.32141e-49   1.35455e-47   6.43548e-51   6.03257e-49   1.58405e-52   2.20379e-50   3.41114e-54   6.18031e-52   6.30435e-56   1.10907e-53   9.74332e-58   1.40716e-56   1.21332e-59   -6.3556e-57   1.14936e-61  -2.05322e-58   7.48357e-64   -3.0133e-60   2.65794e-66  -1.55118e-62
 -3.64297e-15      0.300533   2.66101e-15      0.157051   2.40708e-15     0.0652172   4.61491e-16     0.0237711  -1.10136e-17    0.00789442  -1.88336e-17    0.00243468   1.95128e-17   0.000705213   3.03652e-17   0.000193261   2.57605e-17   5.03641e-05   1.77058e-17    1.2527e-05   1.01933e-17   2.98208e-06   4.87379e-18   6.80837e-07   1.93933e-18   1.49323e-07   6.47818e-19   3.15005e-08   1.84023e-19    6.3981e-09   4.60535e-20   1.25217e-09   1.14864e-20   2.36274e-10   3.65524e-21   4.30033e-11   1.57891e-21   7.55205e-12    7.3425e-22   1.27996e-12   3.14241e-22   2.09386e-13   1.19735e-22   3.30624e-14   4.12506e-23   5.03888e-15    1.3312e-23   7.41125e-16    4.2131e-24   1.05178e-16   1.35996e-24   1.43985e-17   4.51106e-25   1.90075e-18   1.49441e-25   2.41869e-19   4.74192e-26   2.96538e-20   1.39196e-26   3.50102e-21   3.69076e-27   3.97799e-22   8.68344e-28   4.34708e-23   1.77889e-28   4.56531e-24   3.07719e-29   4.60387e-25   4.18782e-30   4.45411e-26   3.45119e-31   4.12997e-27  -2.09777e-32   3.66609e-28  -1.55044e-32   3.11172e-29  -3.53619e-33   2.52209e-30  -4.61864e-34   1.94916e-31  -4.33085e-36   1.43403e-32   1.74058e-35   1.00258e-33   6.09215e-36   6.64779e-35   1.42266e-36   4.17136e-36   2.66813e-37   2.47096e-37   4.25325e-38   1.37803e-38   5.90207e-39   7.21322e-40   7.20761e-40   3.53163e-41   7.78004e-41   1.61098e-42   7.42709e-42   6.81585e-44   6.25862e-43   2.66075e-45   4.63813e-44   9.52584e-47   3.00565e-45   3.10526e-48   1.68811e-46   9.13797e-50   8.09445e-48   2.40212e-51   3.22386e-49   5.56733e-53    1.0093e-50   1.11874e-54   2.15977e-52   1.90635e-56   1.39094e-54   2.67111e-58  -1.03244e-55   2.94034e-60  -4.55438e-57   2.35942e-62  -9.07385e-59   1.19255e-64  -8.33908e-61   2.44883e-67
     0.221669   2.66101e-15      0.176746   3.59323e-15     0.0879281   1.06454e-15     0.0361077   4.72723e-17       0.01314  -4.59945e-17    0.00437043   1.34055e-17     0.0013511   4.32357e-17   0.000392274   4.28626e-17   0.000107708   3.22776e-17   2.81053e-05   2.00794e-17   6.99495e-06   1.03164e-17   1.66501e-06   4.39038e-18   3.79839e-07   1.56187e-18   8.31852e-08   4.70145e-19   1.75113e-08   1.23192e-19   3.54696e-09   3.10738e-20   6.91846e-10   9.55398e-21   1.30031e-10   4.06403e-21   2.35597e-11   1.94444e-21   4.11649e-12   8.69559e-22   6.93774e-13   3.46149e-22   1.12797e-13   1.23893e-22   1.76922e-14    4.1189e-23     2.677e-15   1.33047e-23   3.90705e-16   4.35803e-24   5.49914e-17   1.46969e-24   7.46226e-18   4.98725e-25   9.75957e-19   1.63379e-25    1.2297e-19    4.9793e-26     1.492e-20   1.37594e-26   1.74223e-21   3.38452e-27   1.95678e-22   7.27887e-28   2.11239e-23   1.33221e-28   2.19013e-24   1.95747e-29     2.179e-25   1.90925e-30   2.07838e-26  -2.33548e-32   1.89854e-27  -6.27998e-32   1.65901e-28   -1.6534e-32   1.38503e-29  -2.50956e-33   1.10318e-30  -1.18838e-34   8.37048e-32   6.62839e-35   6.03997e-33   2.78602e-35   4.13704e-34   7.06978e-36   2.68422e-35    1.4101e-36   1.64595e-36   2.37244e-37   9.51429e-38   3.46432e-38   5.16943e-39   4.44827e-39   2.63154e-40   5.05065e-40   1.25049e-41   5.07791e-41   5.52367e-43   4.51499e-42   2.25714e-44   3.53924e-43   8.48469e-46   2.43396e-44   2.91471e-47   1.45733e-45   9.07883e-49   7.50031e-47   2.53992e-50   3.24169e-48   6.30797e-52   1.12385e-49   1.37035e-53   2.80261e-51   2.55452e-55   3.15661e-53   3.98158e-57  -1.00871e-54   5.00016e-59  -6.41499e-56   4.77768e-61  -1.66447e-57   3.13726e-63   -2.2384e-59   1.12323e-65  -1.09478e-61
  1.77304e-15      0.157051   3.59323e-15     0.0970439   1.51149e-15     0.0454341   9.94713e-17     0.0182167  -1.01002e-16    0.00655222  -1.75452e-17    0.00216476   4.38606e-17   0.000666226    5.6454e-17   0.000192748   4.74711e-17    5.2754e-05   3.21095e-17   1.37217e-05   1.78031e-17   3.40359e-06   8.13468e-18   8.07198e-07    3.0931e-18    1.8341e-07   9.90365e-19   3.99912e-08   2.73172e-19   8.37833e-09   7.02405e-20   1.68826e-09   2.08358e-20   3.27457e-10   8.58445e-21   6.11746e-11   4.18865e-21   1.10126e-11   1.95568e-21   1.91098e-12   8.14665e-22   3.19721e-13   3.03588e-22   5.15804e-14   1.04198e-22   8.02439e-15   3.43952e-23   1.20373e-15   1.14262e-23   1.74094e-16   3.90867e-24   2.42707e-17   1.35518e-24   3.26066e-18   4.57551e-25   4.21988e-19    1.4467e-25   5.25879e-20   4.16558e-26   6.30736e-21   1.07133e-26   7.27681e-22   2.41876e-27   8.07027e-23   4.68054e-28    8.5976e-24   7.39788e-29   8.79144e-25   8.29514e-30   8.62088e-26   2.00163e-31   8.09889e-27  -1.96049e-31   7.28133e-28   -6.1395e-32   6.25733e-29  -1.07083e-32    5.1332e-30  -8.42932e-34   4.01401e-31   1.82756e-34   2.98721e-32   1.00714e-34   2.11194e-33   2.81082e-35   1.41571e-34   5.98559e-36   8.97844e-36   1.06457e-36   5.37413e-37   1.63683e-37   3.02774e-38   2.21002e-38   1.60069e-39   2.63872e-39   7.91373e-41   2.79248e-40   3.64446e-42   2.61773e-41   1.55637e-43   2.16819e-42    6.1315e-45    1.5801e-43   2.21491e-46    1.0066e-44   7.28389e-48    5.5449e-46   2.16199e-49   2.58984e-47    5.7315e-51   9.87217e-49   1.33944e-52   2.81803e-50   2.71357e-54   4.46693e-52   4.66112e-56  -6.13398e-54    6.5831e-58  -6.66954e-55   7.30667e-60  -2.21273e-56   5.91943e-62  -3.99445e-58   3.01965e-64  -3.47669e-60   6.24532e-67
    0.0952179   2.40708e-15     0.0879281   1.51149e-15     0.0488111   1.24901e-16     0.0218878  -1.71621e-16    0.00857476  -7.00369e-17    0.00303928   2.83376e-17   0.000993668   6.17543e-17   0.000303293   5.95359e-17   8.71272e-05    4.4052e-17   2.36927e-05   2.64515e-17   6.12472e-06   1.30199e-17   1.50997e-06   5.30831e-18    3.5591e-07   1.81399e-18   8.03625e-08   5.29348e-19   1.74092e-08   1.40065e-19   3.62286e-09   4.02985e-20   7.24927e-10   1.58371e-20   1.39586e-10     7.784e-21   2.58795e-11   3.78525e-21   4.62198e-12    1.6521e-21    7.9543e-13   6.42418e-22   1.31937e-13   2.28172e-22   2.10947e-14   7.71131e-23   3.25109e-15   2.59857e-23   4.82954e-16   8.99945e-24   6.91417e-17   3.17933e-24   9.53756e-18   1.10404e-24   1.26727e-18   3.61756e-25   1.62134e-19   1.08494e-25   1.99648e-20   2.91717e-26   2.36492e-21   6.91284e-27   2.69324e-22   1.41316e-27   2.94678e-23   2.39432e-28   3.09537e-24   3.02302e-29   3.11894e-25   1.60328e-30   3.01182e-26  -4.84825e-31   2.78442e-27  -1.91246e-31   2.46169e-28  -3.82028e-32   2.07867e-29  -4.06136e-33   1.67413e-30   3.35492e-34   1.28408e-31   3.02766e-34   9.36401e-33   9.45976e-35    6.4803e-34   2.16175e-35   4.24714e-35   4.07265e-36   2.63011e-36   6.59899e-37   1.53502e-37   9.37075e-38   8.41924e-39   1.17634e-38   4.32558e-40   1.30973e-39   2.07413e-41    1.2935e-40   9.24332e-43   1.13093e-41      3.81e-44   8.72252e-43   1.44442e-45   5.90163e-44   5.00351e-47   3.47086e-45   1.57131e-48   1.74532e-46   4.43141e-50   7.26937e-48   1.10927e-51   2.34151e-49   2.42853e-53   4.74807e-51   4.56174e-55  -1.17742e-53   7.16392e-57   -5.4203e-54   9.06581e-59   -2.3007e-55   8.74315e-61  -5.32299e-57   5.82648e-63  -6.74987e-59   2.11416e-65  -3.17445e-61
  1.00412e-15     0.0652172   1.06454e-15     0.0454341   1.24901e-16     0.0232412   -2.2244e-16     0.0100127  -1.25764e-16    0.00382794   7.34621e-19    0.00133384   5.72455e-17   0.000430399   6.56845e-17   0.000129946   5.34514e-17   3.69743e-05   3.48398e-17   9.96665e-06   1.85213e-17    2.5551e-06   8.11933e-18   6.24858e-07   2.97007e-18   1.46112e-07   9.21028e-19   3.27285e-08   2.53193e-19   7.03306e-09    7.1443e-20   1.45161e-09   2.64831e-20   2.88037e-10   1.29018e-20   5.49869e-11   6.50382e-21   1.01049e-11   2.97597e-21   1.78834e-12   1.21005e-21   3.04891e-13   4.45893e-22   5.00843e-14    1.5465e-22   7.92792e-15   5.29136e-23   1.20926e-15   1.85268e-23   1.77724e-16    6.6507e-24   2.51634e-17   2.36954e-24    3.4315e-18   8.03471e-25   4.50561e-19   2.50828e-25   5.69391e-20   7.04892e-26   6.92233e-21   1.75273e-26   8.09182e-22   3.78174e-27   9.08918e-23   6.84694e-28   9.80359e-24   9.58728e-29   1.01459e-24   7.39517e-30   1.00661e-25  -9.07976e-31   9.56479e-27   -5.1292e-31   8.69511e-28  -1.17875e-31   7.55345e-29  -1.55621e-32   6.26211e-30     1.149e-34    4.9474e-31   7.71283e-34   3.71898e-32   2.77433e-34    2.6552e-33   6.85051e-35   1.79702e-34   1.37068e-35   1.15041e-35   2.34304e-36    6.9493e-37   3.50056e-37   3.95048e-38   4.61976e-38   2.10696e-39   5.40943e-39   1.05067e-40   5.62483e-40   4.87961e-42   5.18675e-41   2.10115e-43   4.22878e-42   8.34515e-45   3.03399e-43   3.03864e-46   1.90078e-44   1.00712e-47   1.02559e-45   3.01234e-49   4.64183e-47   8.04623e-51   1.66768e-48   1.89438e-52   4.10115e-50    3.8659e-54   2.38805e-52   6.68856e-56  -3.50872e-53   9.51599e-58  -1.95179e-54   1.06453e-59  -5.64015e-56   8.74779e-62  -9.54337e-58   4.62224e-64  -7.97214e-60    9.8395e-67
    0.0346835   4.61491e-16     0.0361077   9.94713e-17     0.0218878   -2.2244e-16     0.0105319  -1.61475e-16    0.00437794   -2.8383e-17    0.00163353   4.55168e-17   0.000558901    6.5305e-17   0.000177698   5.86038e-17   5.29757e-05   4.14661e-17    1.4904e-05   2.38403e-17   3.97569e-06   1.12611e-17   1.00918e-06   4.42065e-18   2.44446e-07   1.46233e-18   5.66249e-08    4.2133e-19   1.25661e-08   1.18337e-19   2.67528e-09   4.12047e-20   5.47011e-10   1.95169e-20   1.07514e-10   1.01185e-20   2.03274e-11    4.8519e-21   3.69893e-12   2.06678e-21   6.48069e-13   7.92228e-22   1.09355e-13   2.82763e-22   1.77747e-14   9.83978e-23   2.78319e-15   3.48066e-23   4.19808e-16   1.26625e-23   6.09933e-17   4.61598e-24   8.53407e-18   1.61681e-24   1.14964e-18   5.24913e-25   1.49055e-19   1.54112e-25   1.85925e-20   4.01934e-26   2.23008e-21   9.14499e-27   2.57069e-22   1.76438e-27   2.84606e-23   2.70881e-28   3.02404e-24   2.65525e-29   3.08125e-25  -9.60154e-31   3.00791e-26  -1.19656e-30   2.81039e-27  -3.21007e-31   2.51042e-28  -5.05095e-32   2.14125e-29   -2.1912e-33   1.74157e-30   1.65759e-33   1.34868e-31   7.20457e-34   9.92773e-33    1.9407e-34   6.93368e-34   4.13793e-35   4.58521e-35   7.47289e-36   2.86449e-36   1.17528e-36   1.68623e-37   1.63065e-37   9.32676e-39   2.00745e-38   4.83151e-40   2.19652e-39   2.33552e-41    2.1345e-40    1.0491e-42   1.83771e-41   4.35805e-44   1.39614e-42   1.66485e-45   9.29889e-44   5.81043e-47    5.3676e-45   1.83819e-48   2.62722e-46   5.22171e-50   1.04277e-47   1.31645e-51   3.00611e-49   2.90245e-53   3.79259e-51   5.48968e-55  -1.77542e-52   8.68209e-57   -1.3851e-53   1.10741e-58  -4.93923e-55   1.07756e-60  -1.06239e-56   7.41339e-63   -1.2896e-58   2.99011e-65  -5.87352e-61
  5.81431e-17     0.0237711   4.72723e-17     0.0182167  -1.71621e-16     0.0100127  -1.61475e-16    0.00457558  -4.68879e-17    0.00183975   3.22014e-17   0.000670072   6.01861e-17   0.000224938   5.92437e-17   7.03887e-05   4.53017e-17   2.06947e-05   2.81391e-17   5.74932e-06   1.43358e-17    1.5158e-06   6.05053e-18   3.80512e-07   2.14157e-18   9.11841e-08    6.5152e-19   2.09018e-08   1.85116e-19   4.59064e-09     6.083e-20    9.6729e-10   2.74506e-20   1.95744e-10   1.44604e-20   3.80745e-11    7.2515e-21   7.12317e-12   3.24083e-21   1.28241e-12    1.2956e-21   2.22254e-13   4.77318e-22   3.70896e-14   1.69336e-22   5.96068e-15   6.05215e-23   9.22573e-16   2.22602e-23   1.37514e-16   8.27776e-24   1.97371e-17   2.98843e-24   2.72719e-18   1.00778e-24   3.62676e-19   3.08924e-25   4.64022e-20   8.44671e-26    5.7093e-21    2.0248e-26   6.75191e-22   4.15275e-27   7.67029e-23   6.92987e-28   8.36458e-24   8.08807e-29   8.74968e-25   1.38256e-30   8.77171e-26  -2.41792e-30   8.41991e-27  -7.81074e-31   7.73045e-28  -1.43532e-31    6.7806e-29  -1.17912e-32   5.67463e-30   2.88316e-33   4.52473e-31   1.66937e-33   3.43201e-32   4.97357e-34   2.47198e-33   1.13512e-34   1.68749e-34   2.16976e-35   1.08943e-35   3.59488e-36   6.63549e-37   5.24461e-37   3.80271e-38   6.78674e-38   2.04429e-39   7.81051e-39   1.02737e-40    7.9931e-40   4.80789e-42   7.26015e-41   2.08581e-43   5.83317e-42   8.34525e-45   4.12304e-43   3.06065e-46   2.53939e-44   1.02161e-47   1.33847e-45   3.07702e-49   5.82251e-47   8.27577e-51   1.92208e-48   1.96177e-52   3.56423e-50   4.03062e-54  -6.27326e-52   7.01915e-56  -8.33145e-53   1.00618e-57  -3.66719e-54   1.13833e-59  -9.74023e-56   9.44818e-62  -1.57209e-57   5.44029e-64   -1.2704e-59   1.56977e-66
    0.0114109  -1.10136e-17       0.01314  -1.01002e-16    0.00857476  -1.25764e-16    0.00437794  -4.68879e-17    0.00191327   2.35227e-17   0.000745686   5.37011e-17   0.000265197   5.66158e-17   8.73102e-05     4.619e-17   2.68702e-05   3.08301e-17   7.78392e-06   1.69205e-17   2.13342e-06   7.68371e-18   5.55391e-07   2.91616e-18   1.37748e-07   9.42219e-19   3.26267e-08   2.75006e-19   7.39422e-09   8.64173e-20   1.60585e-09   3.65093e-20   3.34616e-10   1.92094e-20    6.6964e-11   1.00295e-20   1.28804e-11   4.70632e-21   2.38272e-12   1.96706e-21   4.24105e-13     7.504e-22   7.26567e-14   2.72199e-22   1.19832e-14   9.83919e-23   1.90289e-15   3.65207e-23   2.90942e-16   1.38099e-23   4.28276e-17   5.12532e-24    6.0687e-18   1.79254e-24   8.27604e-19    5.7324e-25   1.08585e-19   1.64225e-25   1.37013e-20   4.14403e-26    1.6619e-21    9.0157e-27   1.93667e-22   1.62424e-27   2.16691e-23   2.17461e-28   2.32624e-24   1.18991e-29   2.39412e-25  -4.11767e-30   2.36008e-26  -1.70888e-30   2.22621e-27  -3.64191e-31   2.00717e-28  -4.17688e-32   1.72762e-29   3.42702e-33   1.41767e-30   3.45227e-33   1.10741e-31    1.1617e-33   8.22116e-33   2.85504e-34   5.78963e-34   5.79001e-35   3.85989e-35   1.01161e-35   2.43062e-36   1.55236e-36   1.44203e-37   2.11135e-37   8.03723e-39   2.55469e-38   4.19482e-40   2.75158e-39   2.04271e-41   2.63451e-40   9.24219e-43   2.23601e-41   3.86656e-44   1.67461e-42    1.4874e-45   1.09793e-43   5.22666e-47   6.20886e-45   1.66462e-48   2.94045e-46   4.75999e-50   1.09268e-47   1.20806e-51   2.61534e-49   2.68155e-53   -5.6777e-52   5.10588e-55   -4.2552e-52   8.12222e-57  -2.34819e-53   1.04647e-58  -7.57169e-55   1.04341e-60  -1.54614e-56   7.17848e-63  -1.81266e-58   3.60536e-65  -8.03087e-61
  -3.8464e-17    0.00789442  -4.59945e-17    0.00655222  -7.00369e-17    0.00382794   -2.8383e-17    0.00183975   2.35227e-17   0.000772507   4.93605e-17   0.000292324   5.29167e-17   0.000101552   4.48999e-17   3.27826e-05   3.17959e-17   9.91732e-06   1.87043e-17   2.82884e-06    9.1271e-18   7.64351e-07   3.71729e-18   1.96331e-07   1.28077e-18    4.8074e-08   3.89029e-19   1.12464e-08   1.19166e-19   2.51809e-09   4.66616e-20   5.40384e-10   2.39888e-20   1.11276e-10    1.2936e-20   2.20074e-11   6.37099e-21   4.18329e-12   2.78991e-21   7.64702e-13   1.10555e-21   1.34485e-13   4.11419e-22   2.27612e-14   1.50688e-22   3.70792e-15   5.63811e-23   5.81458e-16   2.16118e-23   8.77719e-17   8.22103e-24   1.27526e-17   2.97621e-24   1.78308e-18   9.91869e-25   2.39858e-19   2.97526e-25   3.10317e-20   7.89642e-26   3.85959e-21   1.81898e-26   4.61259e-22   3.51903e-27   5.29377e-23   5.27894e-28    5.8306e-24    4.4268e-29   6.15837e-25  -5.38217e-30   6.23241e-26  -3.36398e-30   6.03777e-27  -8.35253e-31   5.59339e-28  -1.20498e-31   4.94935e-29  -2.74719e-34   4.17773e-30   6.31182e-33   3.35919e-31   2.48295e-33   2.56892e-32   6.62527e-34   1.86522e-33   1.42995e-34   1.28333e-34   2.63812e-35   8.34903e-36   4.26032e-36   5.12371e-37   6.09035e-37   2.95811e-38   7.74553e-38   1.60181e-39   8.77543e-39   8.10746e-41   8.85012e-40    3.8207e-42   7.92688e-41   1.66893e-43    6.2815e-42   6.72238e-45   4.37507e-43   2.48179e-46   2.64592e-44   8.33775e-48   1.35649e-45   2.52721e-49   5.60098e-47   6.84015e-51   1.62304e-48   1.63251e-52   1.33979e-50    3.3787e-54  -1.81734e-51   5.92347e-56  -1.31088e-52   8.51601e-58   -5.0915e-54   9.80925e-60  -1.27557e-55   8.72016e-62  -1.98406e-57   4.61786e-64  -1.55874e-59   2.09191e-66
   0.00348007  -1.88336e-17    0.00437043  -1.75452e-17    0.00303928   7.34621e-19    0.00163353   3.22014e-17   0.000745686   4.93605e-17   0.000301901   5.03773e-17   0.000111072   4.28036e-17   3.77065e-05   3.14349e-17   1.19341e-05   1.95977e-17   3.54762e-06   1.02283e-17   9.95935e-07   4.46513e-18   2.65144e-07   1.64393e-18   6.71577e-08   5.24805e-19   1.62251e-08   1.60079e-19   3.74666e-09   5.81589e-20   8.28285e-10    2.8501e-20   1.75537e-10   1.56692e-20   3.57005e-11   8.08155e-21   6.97374e-12   3.71373e-21   1.30928e-12    1.5333e-21   2.36374e-13   5.87518e-22   4.10517e-14   2.18623e-22   6.86021e-15     8.244e-23   1.10328e-15   3.19418e-23   1.70765e-16   1.24125e-23   2.54366e-17   4.64057e-24   3.64594e-18   1.60955e-24   5.02761e-19   5.05112e-25   6.66788e-20   1.40879e-25   8.50212e-21   3.43055e-26    1.0418e-21   7.09666e-27   1.22611e-22   1.17403e-27   1.38515e-23   1.26742e-28   1.50101e-24  -3.18101e-30     1.559e-25  -5.91711e-30    1.5506e-26  -1.74412e-30   1.47543e-27   -3.0207e-31   1.34161e-28  -1.73082e-32   1.16439e-29   9.91753e-33   9.63275e-31   4.85949e-33   7.58463e-32    1.4244e-33    5.6746e-33   3.28528e-34   4.02679e-34   6.41131e-35   2.70471e-35   1.09037e-35   1.71568e-36    1.6386e-36   1.02519e-37   2.18992e-37   5.75425e-39    2.6087e-38   3.02406e-40   2.76936e-39    1.4826e-41    2.6153e-40   6.75267e-43   2.19012e-41   2.84353e-44   1.61759e-42   1.10088e-45   1.04327e-43   3.89277e-47   5.76205e-45    1.2474e-48   2.61681e-46   3.58809e-50   8.84103e-48   9.16275e-52   1.44303e-49   2.05031e-53  -6.13598e-51   3.94104e-55  -6.41261e-52   6.30465e-57  -3.00357e-53   8.02868e-59  -9.05421e-55   8.28849e-61  -1.77646e-56   6.94183e-63  -2.02287e-58   2.10455e-65  -8.74287e-61
 -9.56391e-18    0.00243468   1.34055e-17    0.00216476   2.83376e-17    0.00133384   4.55168e-17   0.000670072   5.37011e-17   0.000292324   5.03773e-17    0.00011442   4.13141e-17   4.09757e-05   3.04981e-17   1.35987e-05   1.97633e-17   4.21978e-06   1.09246e-17   1.23235e-06   5.09019e-18    3.4037e-07   2.00194e-18   8.92444e-08   6.76019e-19   2.22797e-08   2.09445e-19   5.30834e-09   7.15134e-20   1.20934e-09    3.2651e-20   2.63841e-10   1.79568e-20   5.51914e-11   9.64974e-21   1.10807e-11    4.6565e-21   2.13681e-12   2.00866e-21    3.9604e-13   7.95422e-22   7.05811e-14   3.01722e-22   1.20993e-14    1.1476e-22   1.99549e-15   4.48387e-23    3.1667e-16   1.77374e-23   4.83551e-17   6.82927e-24   7.10433e-18   2.46108e-24   1.00411e-18   8.07225e-25   1.36494e-19   2.36389e-25   1.78393e-20   6.07637e-26    2.2408e-21   1.33949e-26   2.70383e-22   2.41655e-27   3.13227e-23   3.11448e-28   3.48148e-24   9.80457e-30   3.70998e-25  -9.10753e-30   3.78724e-26   -3.3267e-30   3.70011e-27  -6.77475e-31   3.45619e-28  -6.69485e-32   3.08301e-29   1.23279e-32   2.62296e-30   8.67931e-33   2.12538e-31   2.84405e-33   1.63769e-32   7.04816e-34   1.19791e-33   1.45825e-34   8.30186e-35   2.61436e-35   5.43947e-36   4.13143e-36   3.36146e-37   5.80176e-37   1.95399e-38   7.26399e-38   1.06519e-39   8.11246e-39   5.42697e-41   8.07124e-40   2.57406e-42   7.13509e-41   1.13153e-43   5.57946e-42   4.58618e-45   3.82818e-43   1.70346e-46   2.26845e-44   5.75683e-48    1.1239e-45   1.75483e-49    4.3194e-47   4.77464e-51   9.97859e-49   1.14686e-52  -1.29647e-50   2.40445e-54  -2.74396e-51   4.28089e-56  -1.56956e-52   6.13008e-58  -5.62768e-54   6.48649e-60  -1.34928e-55   5.98898e-62  -2.03562e-57   5.33685e-64  -1.55985e-59  -9.83224e-68
  0.000997251   1.95128e-17     0.0013511   4.38606e-17   0.000993668   5.72455e-17   0.000558901   6.01861e-17   0.000265197   5.29167e-17   0.000111072   4.13141e-17   4.21217e-05   2.97786e-17   1.46974e-05   1.95442e-17   4.77022e-06   1.12592e-17   1.45135e-06   5.55258e-18   4.16342e-07   2.32524e-18   1.13104e-07   8.32956e-19   2.91971e-08   2.66305e-19   7.18152e-09   8.73017e-20   1.68673e-09   3.65994e-20   3.78955e-10   1.96377e-20   8.15552e-11   1.08944e-20   1.68319e-11   5.51635e-21   3.33446e-12   2.49183e-21   6.34522e-13   1.02351e-21   1.16048e-13   3.97282e-22   2.04071e-14   1.52697e-22    3.4515e-15   6.00692e-23   5.61557e-16   2.41042e-23   8.78975e-17   9.52709e-24   1.32357e-17   3.55995e-24   1.91719e-18   1.21892e-24   2.67082e-19    3.7444e-25   3.57741e-20   1.01471e-25   4.60558e-21   2.37698e-26   5.69645e-22   4.63821e-27   6.76555e-23    6.8528e-28   7.71118e-24    4.8383e-29   8.42869e-25  -1.15868e-29   8.82841e-26  -5.79028e-30   8.85339e-27   -1.3804e-30   8.49216e-28  -1.84664e-31   7.78281e-29   8.18751e-33   6.80679e-30   1.40079e-32   5.67354e-31   5.27682e-33   4.50018e-32   1.41567e-33   3.39123e-33   3.11449e-34   2.42349e-34   5.89372e-35    1.6391e-35   9.79883e-36    1.0468e-36   1.44595e-36   6.29678e-38   1.90225e-37   3.55741e-39   2.23382e-38   1.88154e-40   2.33977e-39   9.28273e-42   2.18136e-40   4.25407e-43   1.80349e-41   1.80225e-44   1.31362e-42   7.01883e-46   8.32213e-44   2.49612e-47   4.46833e-45   8.04186e-49   1.91998e-46   2.32433e-50    5.5891e-48   5.95807e-52   1.65921e-50   1.34377e-53  -1.01366e-50   2.65883e-55  -7.30855e-52   4.37314e-57  -3.10188e-53   5.25324e-59  -8.90021e-55   3.22143e-61   -1.6905e-56   2.02883e-63  -1.87667e-58   3.17244e-65  -7.92652e-61
  1.10134e-17   0.000705213   4.32357e-17   0.000666226   6.17543e-17   0.000430399    6.5305e-17   0.000224938   5.66158e-17   0.000101552   4.28036e-17   4.09757e-05   2.97786e-17   1.50815e-05   1.93144e-17   5.13175e-06   1.13556e-17   1.62949e-06   5.85044e-18   4.86143e-07   2.59124e-18   1.36973e-07    9.8406e-19   3.65919e-08   3.28156e-19   9.29749e-09   1.05846e-19   2.25245e-09   4.07078e-20   5.21336e-10   2.07144e-20   1.15466e-10   1.16875e-20   2.45034e-11   6.19132e-21   4.98763e-12   2.93319e-21   9.74588e-13   1.25393e-21   1.82934e-13   5.00108e-22   3.30017e-14   1.94791e-22   5.72409e-15   7.71093e-23   9.54811e-16   3.12831e-23    1.5319e-16   1.26478e-23   2.36411e-17   4.88832e-24   3.50917e-18   1.74469e-24   5.00939e-19   5.61645e-25   6.87561e-20   1.60268e-25   9.07093e-21   3.98023e-26   1.14985e-21   8.34884e-27   1.39982e-22   1.37972e-27   1.63572e-23   1.38848e-28   1.83347e-24  -9.87409e-30   1.96993e-25  -9.13314e-30   2.02715e-26  -2.57647e-30    1.9961e-27  -4.27811e-31   1.87884e-28  -1.38805e-32   1.68856e-29    1.9969e-32   1.44715e-30   9.08371e-33   1.18106e-31    2.6663e-33   9.16463e-33   6.26163e-34   6.74982e-34   1.25285e-34   4.70946e-35   2.19302e-35   3.10614e-36   3.40103e-36     1.932e-37   4.70052e-37   1.13022e-38    5.8016e-38    6.1998e-40   6.39353e-39    3.1781e-41   6.28086e-40   1.51648e-42   5.48376e-41   6.70568e-44   4.23244e-42   2.73356e-45   2.85812e-43   1.02101e-46   1.65396e-44    3.4683e-48   7.84494e-46   1.06181e-49   2.71642e-47   2.89595e-51   3.76018e-49   6.95398e-53  -3.10907e-50   1.47787e-54  -3.03849e-51   2.83985e-56  -1.52992e-52   4.23133e-58  -5.18268e-54   3.12831e-60   -1.1998e-55  -3.92259e-62   -1.7632e-57  -6.06327e-64  -1.32062e-59  -7.70661e-68
  0.000270701   3.03652e-17   0.000392274    5.6454e-17   0.000303293   6.56845e-17   0.000177698   5.92437e-17   8.73102e-05   4.48999e-17   3.77065e-05   3.04981e-17   1.46974e-05   1.93144e-17    5.2578e-06   1.13568e-17   1.74597e-06   6.01289e-18   5.42578e-07   2.78828e-18   1.58745e-07     1.118e-18   4.39283e-08   3.91034e-19   1.15386e-08   1.26888e-19   2.88509e-09   4.53863e-20   6.88255e-10   2.13498e-20   1.56935e-10   1.19884e-20   3.42543e-11   6.60213e-21   7.16568e-12   3.28172e-21   1.43803e-12   1.46452e-21   2.77064e-13   6.02678e-22   5.12809e-14   2.38748e-22   9.12209e-15   9.51592e-23   1.56005e-15   3.89226e-23   2.56554e-16   1.60357e-23   4.05754e-17   6.39183e-24   6.17156e-18   2.37377e-24   9.02688e-19   7.99869e-25   1.26946e-19   2.40068e-25   1.71604e-20   6.30847e-26   2.22904e-21   1.41572e-26   2.78103e-22   2.57511e-27   3.33101e-23   3.22969e-28   3.82799e-24   3.04706e-30   4.21792e-25  -1.28241e-29   4.45271e-26  -4.42053e-30   4.49963e-27  -8.77505e-31   4.34844e-28  -7.43139e-32   4.01446e-29   2.37477e-32   3.53622e-30   1.44413e-32   2.96819e-31   4.71096e-33   2.37052e-32   1.18713e-33    1.7984e-33   2.51697e-34   1.29369e-34    4.6431e-35   8.80634e-36   7.57017e-36   5.65983e-37   1.09908e-36   3.42574e-38   1.42529e-37   1.94722e-39   1.65169e-38   1.03608e-40   1.70847e-39   5.14161e-42   1.57355e-40   2.36987e-43   1.28488e-41   1.00963e-44   9.22488e-43   3.95334e-46   5.72741e-44   1.41309e-47    2.9696e-45   4.57033e-49   1.18235e-46   1.32263e-50   2.63377e-48   3.37096e-52  -6.96055e-50   7.50658e-54  -1.12419e-50   1.53513e-55  -6.79403e-52   3.07236e-57  -2.69592e-53   3.66412e-59  -7.44288e-55  -2.01037e-61  -1.37538e-56  -1.94334e-62  -1.49223e-58  -1.99109e-64  -6.16551e-61
  1.39462e-17   0.000193261   4.28626e-17   0.000192748   5.95359e-17   0.000129946   5.86038e-17   7.03887e-05     4.619e-17   3.27826e-05   3.14349e-17   1.35987e-05   1.95442e-17   5.13175e-06   1.13568e-17   1.78649e-06   6.08015e-18   5.79338e-07   2.91512e-18   1.76255e-07   1.22544e-18   5.05771e-08       4.5e-19   1.37456e-08   1.49398e-19   3.54964e-09   5.08944e-20   8.73254e-10   2.18066e-20   2.05087e-10   1.18532e-20   4.60583e-11   6.71117e-21   9.90482e-12   3.49534e-21    2.0419e-12   1.63219e-21   4.03885e-13   6.95853e-22   7.67047e-14   2.81541e-22   1.39947e-14    1.1319e-22   2.45393e-15   4.65855e-23   4.13653e-16    1.9482e-23   6.70446e-17   7.98172e-24   1.04489e-17   3.07768e-24   1.56585e-18   1.08408e-24   2.25605e-19   3.41835e-25   3.12448e-20   9.48859e-26   4.15826e-21   2.26974e-26   5.31605e-22    4.4938e-27   6.52551e-23   6.60497e-28   7.68692e-24   3.92726e-29   8.68423e-25  -1.53337e-29   9.40245e-26  -6.96568e-30   9.74832e-27  -1.63125e-30   9.66946e-28  -2.05052e-31    9.1668e-29   1.92716e-32   8.29629e-30   2.09965e-32   7.15905e-31   7.80187e-33     5.882e-32   2.12464e-33    4.5943e-33   4.78728e-34   3.40559e-34   9.31889e-35   2.39118e-35   1.59813e-35   1.58691e-36    2.4375e-36   9.93058e-38   3.32035e-37   5.84412e-39   4.04425e-38   3.22457e-40   4.40177e-39   1.66244e-41   4.27282e-40   7.97719e-43   3.68617e-41   3.54675e-44   2.80758e-42    1.4534e-45   1.86306e-43   5.45495e-47   1.04788e-44   1.86061e-48   4.69242e-46   5.69795e-50   1.37776e-47   1.54005e-51  -3.84868e-50   3.56574e-53  -3.65658e-50   7.18871e-55  -2.72569e-51   1.52459e-56  -1.26364e-52   3.50759e-58  -4.09931e-54    1.5085e-60  -9.21676e-56  -1.41738e-61  -1.32324e-57  -4.80171e-63  -9.70005e-60  -3.12791e-65
  6.99757e-05   2.57605e-17   0.000107708   4.74711e-17   8.71272e-05   5.34514e-17   5.29757e-05   4.53017e-17   2.68702e-05   3.17959e-17   1.19341e-05   1.97633e-17   4.77022e-06   1.13556e-17   1.74597e-06   6.08015e-18   5.92103e-07   2.97634e-18   1.87621e-07   1.29999e-18   5.58993e-08   4.99877e-19   1.57343e-08   1.71594e-19   4.19976e-09   5.71721e-20   1.06616e-09   2.23485e-20   2.58027e-10   1.14158e-20    5.9647e-11   6.53142e-21   1.31907e-11   3.55016e-21   2.79413e-12   1.73713e-21   5.67504e-13   7.70107e-22   1.10609e-13   3.19671e-22   2.07006e-14   1.30014e-22   3.72193e-15   5.37954e-23   6.43125e-16   2.27524e-23   1.06824e-16   9.54496e-24   1.70588e-17   3.81143e-24   2.61906e-18   1.40119e-24   3.86572e-19   4.63633e-25   5.48453e-20   1.35739e-25   7.47771e-21   3.45071e-26   9.79438e-22    7.3772e-27   1.23194e-22   1.22824e-27   1.48727e-23   1.17209e-28   1.72239e-24  -1.35665e-29   1.91216e-25  -1.00152e-29   2.03347e-26  -2.77993e-30   2.06968e-27  -4.49581e-31   2.01421e-28  -4.15883e-33    1.8723e-29   2.73588e-32   1.66036e-30   1.20799e-32   1.40283e-31   3.59081e-33   1.12759e-32   8.63122e-34    8.6086e-34   1.77595e-34   6.23103e-35   3.20586e-35   4.26735e-36   5.13767e-36   2.75898e-37   7.35026e-37   1.67972e-38   9.40628e-38   9.60253e-40   1.07663e-38   5.13796e-41   1.10057e-39   2.56368e-42   1.00195e-40   1.18796e-43   8.08072e-42   5.08712e-45   5.71285e-43   2.00113e-46   3.46427e-44   7.17813e-48   1.71803e-45   2.32562e-49   6.12167e-47   6.65516e-51   6.99616e-49   1.61607e-52  -1.01253e-49   3.02674e-54  -9.88137e-51    5.0455e-56  -5.37027e-52    1.4472e-57  -2.02746e-53   3.81715e-59  -5.42353e-55   -5.9278e-61  -9.78371e-57  -3.92532e-62  -1.03915e-58  -8.46852e-64  -4.20147e-61
  1.07163e-17   5.03641e-05   3.22776e-17    5.2754e-05    4.4052e-17   3.69743e-05   4.14661e-17   2.06947e-05   3.08301e-17   9.91732e-06   1.95977e-17   4.21978e-06   1.12592e-17   1.62949e-06   6.01289e-18   5.79338e-07   2.97634e-18   1.91561e-07   1.33801e-18   5.93436e-08   5.36028e-19   1.73196e-08   1.91204e-19   4.78257e-09   6.37712e-20   1.25375e-09   2.31411e-20   3.12864e-10    1.0845e-20   7.44795e-11   6.12206e-21   1.69441e-11   3.44598e-21   3.68912e-12   1.76691e-21   7.69576e-13   8.17113e-22    1.5396e-13   3.49578e-22   2.95611e-14   1.44382e-22   5.45049e-15   6.00841e-23   9.65484e-16   2.56195e-23   1.64355e-16   1.09605e-23   2.68927e-17   4.51855e-24   4.22999e-18   1.73041e-24   6.39576e-19   6.00052e-25   9.29502e-20   1.85042e-25   1.29817e-20   4.98709e-26   1.74189e-21   1.14445e-26    2.2447e-22   2.11369e-27   2.77685e-23   2.61828e-28    3.2959e-24   -2.3268e-30   3.75109e-25  -1.29252e-29   4.09068e-26  -4.36411e-30   4.27109e-27  -8.58211e-31   4.26577e-28  -6.27239e-32    4.0713e-29    3.0491e-32   3.70901e-30   1.73953e-32   3.22126e-31   5.72795e-33   2.66339e-32   1.47626e-33   2.09322e-33   3.21784e-34   1.56106e-34   6.12033e-35   1.10261e-35   1.03095e-35   7.36026e-37   1.54899e-36   4.63236e-38   2.08206e-37    2.7415e-39   2.50487e-38   1.52101e-40    2.6946e-39    7.8834e-42    2.5861e-40   3.80216e-43   2.20499e-41   1.69891e-44   1.65635e-42    6.9946e-46   1.07751e-43   2.63382e-47   5.85114e-45   8.98133e-49   2.42116e-46   2.73788e-50   5.24673e-48    7.0212e-52  -2.17128e-49   1.28253e-53  -3.22343e-50   3.89338e-56  -2.07769e-51  -1.41157e-57  -9.08092e-53    1.1026e-58  -2.84535e-54   1.57304e-60  -6.23812e-56  -2.65573e-61  -8.76683e-58  -7.96682e-63  -6.29425e-60  -9.82052e-65
  1.72893e-05   1.77058e-17   2.81053e-05   3.21095e-17   2.36927e-05   3.48398e-17    1.4904e-05   2.81391e-17   7.78392e-06   1.87043e-17   3.54762e-06   1.09246e-17   1.45135e-06   5.85044e-18   5.42578e-07   2.91512e-18   1.87621e-07   1.33801e-18   6.05357e-08   5.55015e-19   1.83426e-08   2.05902e-19   5.24539e-09   6.99209e-20   1.42114e-09   2.41892e-20   3.65906e-10   1.02954e-20   8.97517e-11   5.57261e-21   2.10145e-11   3.20641e-21   4.70436e-12   1.71927e-21   1.00822e-12   8.31342e-22   2.07086e-13   3.68164e-22   4.07994e-14   1.55108e-22   7.71539e-15   6.50314e-23   1.40117e-15   2.78912e-23   2.44466e-16   1.21181e-23   4.09878e-17   5.13936e-24   6.60491e-18   2.04554e-24     1.023e-18   7.42289e-25   1.52286e-19   2.40785e-25   2.17853e-20   6.86588e-26   2.99424e-21   1.68362e-26   3.95272e-22   3.40207e-27   5.00979e-23   5.03202e-28   6.09325e-24   2.59703e-29   7.10786e-25  -1.43929e-29   7.94702e-26  -6.30936e-30   8.50982e-27  -1.47631e-30   8.72005e-28  -1.77598e-31   8.54255e-29    2.5165e-32   7.99217e-30   2.30695e-32   7.13242e-31    8.6101e-33   6.06361e-32   2.39592e-33   4.90359e-33   5.54844e-34   3.76598e-34    1.1134e-34   2.74183e-35   1.97234e-35   1.88853e-36   3.11246e-36   1.22788e-37   4.39319e-37    7.5169e-39   5.55302e-38   4.32058e-40   6.28245e-39   2.32403e-41   6.35071e-40   1.16533e-42   5.71682e-41   5.42434e-44   4.55264e-42   2.33328e-45   3.16422e-43   9.21611e-47   1.86525e-44   3.30495e-48   8.72503e-46   1.05757e-49   2.60627e-47   2.95837e-51  -2.17351e-49   5.66981e-53  -9.34846e-50  -3.14571e-55  -7.33092e-51  -8.60055e-56  -3.70632e-52  -1.86549e-57   -1.3457e-53  -5.93256e-60  -3.50458e-55  -1.11262e-60  -6.18626e-57  -7.10166e-62  -6.43874e-59   -1.2154e-63  -2.54701e-61
  6.81959e-18    1.2527e-05   2.00794e-17   1.37217e-05   2.64515e-17   9.96665e-06   2.38403e-17   5.74932e-06   1.69205e-17   2.82884e-06   1.02283e-17   1.23235e-06   5.55258e-18   4.86143e-07   2.78828e-18   1.76255e-07   1.29999e-18   5.93436e-08   5.55015e-19   1.86963e-08   2.13785e-19   5.54333e-09    7.4712e-20   1.55362e-09   2.53364e-20   4.13039e-10   9.86832e-21   1.04453e-10   4.98082e-21   2.51828e-11   2.87354e-21   5.79881e-12   1.60288e-21   1.27722e-12     8.113e-22   2.69408e-13   3.73346e-22   5.44748e-14   1.61212e-22   1.05672e-14   6.82984e-23   1.96773e-15   2.94305e-23     3.519e-16   1.29341e-23   6.04592e-17   5.62061e-24   9.98139e-18   2.31868e-24   1.58362e-18   8.78995e-25   2.41463e-19   2.99525e-25   3.53792e-20   9.02044e-26   4.98048e-21   2.35528e-26   6.73451e-22   5.15731e-27   8.74385e-23   8.72789e-28   1.08962e-23   8.10821e-29   1.30255e-24  -1.22955e-29   1.49279e-25  -8.34859e-30   1.63903e-26  -2.32444e-30   1.72273e-27  -3.72211e-31   1.73179e-28   3.75383e-33   1.66337e-29   2.76401e-32    1.5248e-30   1.21574e-32   1.33237e-31    3.6885e-33   1.10822e-32   9.10961e-34   8.76082e-34   1.93195e-34   6.57113e-35   3.60186e-35    4.6675e-36   5.97105e-36   3.13295e-37   8.84926e-37   1.98252e-38    1.1748e-37   1.17955e-39   1.39708e-38   6.57863e-41   1.48636e-39   3.42691e-42     1.411e-40   1.65969e-43   1.18899e-41   7.44082e-45   8.79939e-43   3.07534e-46   5.59301e-44   1.16228e-47   2.90477e-45   3.92105e-49   1.07174e-46    1.1313e-50   1.01359e-48   2.66079e-52  -2.34051e-49  -8.42092e-55  -2.35675e-50  -5.93429e-55  -1.38449e-51  -3.65669e-56   -5.7852e-53  -6.23505e-58  -1.76089e-54  -7.36561e-60  -3.77505e-56  -5.13757e-61  -5.20015e-58  -1.41682e-62   -3.6573e-60  -1.23493e-64
  4.09397e-06   1.01933e-17   6.99495e-06   1.78031e-17   6.12472e-06   1.85213e-17   3.97569e-06   1.43358e-17   2.13342e-06    9.1271e-18   9.95935e-07   5.09019e-18   4.16342e-07   2.59124e-18   1.58745e-07   1.22544e-18   5.58993e-08   5.36028e-19   1.83426e-08   2.13785e-19    5.6462e-09   7.73419e-20   1.63871e-09    2.6326e-20   4.50227e-10   9.59682e-21   1.17466e-10   4.43226e-21   2.91776e-11   2.49906e-21   6.91409e-12   1.43587e-21   1.56565e-12   7.60053e-22   3.39251e-13   3.64525e-22   7.04195e-14    1.6208e-22   1.40152e-14   6.96557e-23   2.67636e-15   3.01632e-23   4.90648e-16   1.33622e-23   8.63878e-17   5.92399e-24   1.46122e-17   2.52475e-24   2.37484e-18   9.97843e-25   3.70884e-19   3.56679e-25   5.56562e-20    1.1327e-25   8.02432e-21   3.14028e-26    1.1113e-21   7.39972e-27   1.47792e-22   1.39741e-27    1.8867e-23    1.7399e-28   2.31091e-24  -3.66524e-30   2.71425e-25  -9.94995e-30   3.05507e-26  -3.37175e-30   3.29288e-27  -6.66596e-31   3.39586e-28  -4.33008e-32    3.3476e-29   2.86767e-32   3.15114e-30   1.60339e-32   2.82905e-31   5.38055e-33   2.41926e-32   1.42442e-33   1.96772e-33   3.19984e-34   1.51977e-34   6.28498e-35   1.11261e-35   1.09495e-35   7.70524e-37   1.70382e-36   5.03654e-38   2.37501e-37    3.0995e-39   2.96745e-38   1.79075e-40   3.32057e-39    9.6816e-42   3.32093e-40   4.87745e-43   2.95638e-41   2.27581e-44   2.32326e-42   9.79583e-46   1.58375e-43   3.88303e-47   9.01659e-45   1.40027e-48   3.89411e-46   4.28494e-50   8.37199e-48   9.47977e-52  -4.66272e-49   9.63971e-54  -6.86827e-50  -2.32417e-54  -4.74563e-51  -2.40289e-55   -2.2748e-52  -1.17976e-56  -7.99968e-54  -1.66641e-58  -2.03502e-55  -2.87568e-60  -3.52084e-57  -1.42218e-61  -3.59286e-59  -2.10421e-63  -1.38949e-61
  3.65633e-18   2.98208e-06   1.03164e-17   3.40359e-06   1.30199e-17    2.5551e-06   1.12611e-17    1.5158e-06   7.68371e-18   7.64351e-07   4.46513e-18    3.4037e-07   2.32524e-18   1.36973e-07     1.118e-18   5.05771e-08   4.99877e-19   1.73196e-08   2.05902e-19   5.54333e-09   7.73419e-20   1.66806e-09   2.69006e-20   4.74065e-10   9.45837e-21   1.27705e-10   3.98766e-21   3.27017e-11   2.13467e-21   7.97867e-12   1.24255e-21   1.85826e-12   6.84908e-22   4.13773e-13   3.42831e-22   8.81948e-14   1.57604e-22   1.80131e-14   6.90107e-23   3.52816e-15   3.00774e-23   6.63138e-16   1.33955e-23   1.19665e-16   6.03165e-24   2.07392e-17   2.64575e-24   3.45289e-18    1.0875e-24   5.52323e-19   4.07115e-25    8.4886e-20   1.36127e-25   1.25338e-20    3.9979e-26    1.7777e-21   1.00855e-26   2.42137e-22   2.09163e-27   3.16623e-23    3.1513e-28   3.97302e-24   1.51103e-29   4.78161e-25   -1.0278e-29   5.51625e-26  -4.50765e-30    6.0958e-27  -1.06888e-30   6.44753e-28  -1.26045e-31   6.52148e-29   2.27824e-32   6.30169e-30   1.95529e-32   5.81089e-31   7.42138e-33   5.10699e-32   2.12069e-33   4.27193e-33   5.06104e-34    3.3959e-34    1.0487e-34   2.56105e-35   1.92111e-35   1.82888e-36   3.13908e-36   1.23405e-37   4.59362e-37   7.84941e-39   6.02786e-38   4.69402e-40   7.09038e-39   2.63126e-41   7.46444e-40   1.37757e-42   7.01084e-41   6.69923e-44   5.83674e-42   2.99693e-45   4.24892e-43   1.23106e-46   2.62674e-44   4.68055e-48   1.28714e-45   1.61032e-49   3.96011e-47   3.91442e-51  -5.08758e-49    6.3737e-55  -1.79205e-49  -4.64437e-54  -1.49363e-50  -9.35269e-55  -8.21865e-52  -7.84662e-56  -3.31289e-53   -3.3766e-57  -9.83498e-55  -3.96145e-59  -2.06585e-56  -8.28504e-61  -2.79159e-58  -2.88811e-62  -1.92271e-60  -2.05822e-64
