   0.0484611  5.35099e-17   -0.0497987 -9.47471e-17    -0.008508  2.65405e-17   0.00858097  1.14376e-17   0.00405856  4.54286e-19 -0.000207323  -1.3408e-18 -0.000632284  -7.2723e-19 -0.000174095  -2.2753e-19 -4.67826e-06 -4.08755e-21  5.04308e-06  8.65964e-21  5.20874e-07
 5.35099e-17    0.0997028  6.50487e-17   -0.0463978 -8.74048e-17   -0.0252189   3.3295e-18   0.00642635  1.86288e-17   0.00729408  7.45109e-18   0.00106685 -7.56923e-20 -0.000718342 -1.38739e-18 -0.000333638 -5.52214e-19 -4.47564e-05 -3.76946e-20  4.17718e-07  4.94678e-21
  -0.0497987  6.50487e-17     0.101874  5.84528e-17   -0.0238838 -7.19384e-17   -0.0322886 -2.29256e-17  0.000772056   1.7542e-17   0.00833497  1.48264e-17   0.00259064  2.80097e-18 -0.000356163  -1.4363e-18 -0.000358209 -6.87307e-19 -6.85498e-05 -5.56811e-20 -3.15688e-06
-9.47471e-17   -0.0463978  5.84528e-17    0.0787064  5.89521e-17  -0.00794428 -6.54096e-17   -0.0321912 -4.63061e-17  -0.00439598  1.05676e-17   0.00769728  1.91994e-17   0.00375123  5.46203e-18  0.000248106 -9.18112e-19 -0.000226925 -5.42164e-19 -5.15545e-05 -3.72987e-20
   -0.008508 -8.74048e-17   -0.0238838  5.89521e-17    0.0600969  7.08754e-17 -0.000384281 -6.20459e-17   -0.0300613 -6.35307e-17  -0.00843498  1.54722e-18   0.00603192  1.96266e-17   0.00427597  6.68291e-18   0.00081919 -1.92869e-19 -3.22248e-05  -2.6734e-19 -1.64461e-05
 2.65405e-17   -0.0252189 -7.19384e-17  -0.00794428  7.08754e-17    0.0501787  8.58735e-17   0.00350538 -5.64582e-17   -0.0277701 -7.21037e-17   -0.0116865 -6.19431e-18   0.00364326   1.6659e-17   0.00400463  6.27132e-18   0.00108357  3.12036e-19  8.78787e-05 -6.54089e-20
  0.00858097   3.3295e-18   -0.0322886 -6.54096e-17 -0.000384281  8.58735e-17    0.0448897  9.65725e-17   0.00618105 -4.81128e-17   -0.0255715 -7.18051e-17   -0.0144026 -1.16124e-17  0.000708632  1.14587e-17   0.00290696  4.58431e-18   0.00090723  3.69833e-19  7.60706e-05
 1.14376e-17   0.00642635 -2.29256e-17   -0.0321912 -6.20459e-17   0.00350538  9.65725e-17     0.041875  9.93733e-17    0.0085278 -3.83728e-17    -0.023299  -6.5098e-17   -0.0165457 -1.52467e-17  -0.00241985  5.40921e-18   0.00128029   2.3244e-18  0.000451885  1.53378e-19
  0.00405856  1.86288e-17  0.000772056 -4.63061e-17   -0.0300613 -5.64582e-17   0.00618105  9.93733e-17    0.0403245  9.44891e-17    0.0110258   -2.816e-17   -0.0205499 -5.49593e-17   -0.0176497 -1.72329e-17  -0.00495855  2.12194e-19 -0.000170291  5.12597e-19  8.27526e-05
 4.54286e-19   0.00729408   1.7542e-17  -0.00439598 -6.35307e-17   -0.0277701 -4.81128e-17    0.0085278  9.44891e-17    0.0399965  8.57206e-17    0.0141673     -1.7e-17   -0.0165929 -4.24596e-17   -0.0167696 -1.64571e-17  -0.00583998 -2.43734e-18 -0.000755143 -1.68084e-19
-0.000207323  7.45109e-18   0.00833497  1.05676e-17  -0.00843498 -7.21037e-17   -0.0255715 -3.83728e-17    0.0110258  8.57206e-17    0.0409796  7.83304e-17    0.0186365 -2.99439e-18   -0.0104538 -2.68733e-17   -0.0130201 -1.18893e-17  -0.00459134 -2.19489e-18 -0.000489221
 -1.3408e-18   0.00106685  1.48264e-17   0.00769728  1.54722e-18   -0.0116865 -7.18051e-17    -0.023299   -2.816e-17    0.0141673  7.83304e-17     0.043678  7.70069e-17    0.0251491  1.57096e-17  -0.00174466 -8.58168e-18   -0.0068824 -4.94793e-18  -0.00219566 -7.45642e-19
-0.000632284 -7.56923e-20   0.00259064  1.91994e-17   0.00603192 -6.19431e-18   -0.0144026  -6.5098e-17   -0.0205499     -1.7e-17    0.0186365  7.70069e-17    0.0485366  8.42925e-17    0.0334582  3.74338e-17   0.00783191  7.98924e-18 -0.000916938  4.58319e-19 -0.000417285
 -7.2723e-19 -0.000718342  2.80097e-18   0.00375123  1.96266e-17   0.00364326 -1.16124e-17   -0.0165457 -5.49593e-17   -0.0165929 -2.99439e-18    0.0251491  8.42925e-17     0.054956  9.74411e-17    0.0408217  5.43014e-17    0.0142424   1.6124e-17   0.00200676  1.71879e-18
-0.000174095 -1.38739e-18 -0.000356163  5.46203e-18   0.00427597   1.6659e-17  0.000708632 -1.52467e-17   -0.0176497 -4.24596e-17   -0.0104538  1.57096e-17    0.0334582  9.74411e-17    0.0597533  1.06033e-16    0.0422668  5.63352e-17    0.0141776  1.36064e-17   0.00162415
 -2.2753e-19 -0.000333638  -1.4363e-18  0.000248106  6.68291e-18   0.00400463  1.14587e-17  -0.00241985 -1.72329e-17   -0.0167696 -2.68733e-17  -0.00174466  3.74338e-17    0.0408217  1.06033e-16    0.0576308  9.75053e-17    0.0346569  4.17384e-17   0.00887508  6.01836e-18
-4.67826e-06 -5.52214e-19 -0.000358209 -9.18112e-19   0.00081919  6.27132e-18   0.00290696  5.40921e-18  -0.00495855 -1.64571e-17   -0.0130201 -8.58168e-18   0.00783191  5.43014e-17    0.0422668  9.75053e-17     0.045617  6.98432e-17    0.0210328  2.08307e-17   0.00314817
-4.08755e-21 -4.47564e-05 -6.87307e-19 -0.000226925 -1.92869e-19   0.00108357  4.58431e-18   0.00128029  2.12194e-19  -0.00583998 -1.18893e-17   -0.0068824  7.98924e-18    0.0142424  5.63352e-17    0.0346569  6.98432e-17    0.0275599  3.61947e-17   0.00864252  5.98951e-18
 5.04308e-06 -3.76946e-20 -6.85498e-05 -5.42164e-19 -3.22248e-05  3.12036e-19   0.00090723   2.3244e-18 -0.000170291 -2.43734e-18  -0.00459134 -4.94793e-18 -0.000916938   1.6124e-17    0.0141776  4.17384e-17    0.0210328  3.61947e-17    0.0117146  1.22917e-17   0.00200982
 8.65964e-21  4.17718e-07 -5.56811e-20 -5.15545e-05  -2.6734e-19  8.78787e-05  3.69833e-19  0.000451885  5.12597e-19 -0.000755143 -2.19489e-18  -0.00219566  4.58319e-19   0.00200676  1.36064e-17   0.00887508  2.08307e-17   0.00864252  1.22917e-17   0.00309051  2.23028e-18
 5.20874e-07  4.94678e-21 -3.15688e-06 -3.72987e-20 -1.64461e-05 -6.54089e-20  7.60706e-05  1.53378e-19  8.27526e-05 -1.68084e-19 -0.000489221 -7.45642e-19 -0.000417285  1.71879e-18   0.00162415  6.01836e-18   0.00314817  5.98951e-18   0.00200982  2.23028e-18  0.000378663
