 1.61027e-05 -7.90809e-20 -0.000113239  1.05478e-18  0.000242261 -3.58014e-18 -0.000199032  5.56287e-18  1.21169e-05 -4.20729e-18  4.98556e-05  9.83097e-19  5.54654e-06  6.22893e-19 -1.08826e-05 -4.86846e-19 -5.92006e-06  4.34239e-19 -2.63189e-07 -6.63359e-19  1.25748e-06  5.71482e-19  8.04212e-07 -3.03481e-19  2.23638e-07  1.26147e-19  -2.6023e-08 -3.01681e-20 -6.27587e-08  4.91604e-21 -3.73035e-08 -6.22343e-21  -1.3806e-08 -2.54167e-21  -2.8878e-09  2.91165e-21  3.21703e-10  1.05716e-21  6.67954e-10 -5.47781e-22  3.98231e-10  -1.8604e-22  1.69517e-10  1.31177e-22  5.79426e-11  -1.3168e-23  1.61635e-11 -3.62706e-23  3.46732e-12  9.94037e-24  4.01158e-13  6.27579e-24 -9.80758e-14 -3.03164e-24 -8.97981e-14 -1.41496e-24 -4.03968e-14  4.57903e-25 -1.42839e-14  4.59928e-25 -4.37591e-15  8.78522e-26 -1.20655e-15 -4.67601e-26 -3.05232e-16 -3.29728e-26 -7.16477e-17 -8.04181e-27 -1.57182e-17 -2.76142e-28 -3.23884e-18  6.31313e-28 -6.29072e-19   4.7011e-28 -1.15469e-19  2.27429e-28 -2.00675e-20  6.54862e-29 -3.30625e-21  6.64682e-30 -5.16763e-22 -2.23638e-30 -7.66311e-23 -7.71067e-31 -1.07757e-23  3.53752e-32 -1.43515e-24  2.59732e-32 -1.80687e-25 -4.01989e-32 -2.14489e-26 -3.39136e-32 -2.39268e-27 -1.31113e-32 -2.49819e-28 -2.90874e-33 -2.42993e-29 -2.78119e-34 -2.19004e-30  4.59978e-35  -1.8177e-31  2.33549e-35 -1.37965e-32  4.85662e-36 -9.50494e-34  6.69897e-37 -5.90528e-35  5.50893e-38 -3.29797e-36 -6.12143e-39  -1.6509e-37 -4.28766e-39  -7.1764e-39 -1.10844e-39  -2.2875e-40 -1.82321e-40 -8.51533e-43 -2.06958e-41  4.74781e-43 -1.64773e-42  3.00219e-44 -8.99131e-44  7.75438e-46 -3.04134e-45  5.39606e-48  -4.2456e-47
-7.90809e-20  0.000176857 -6.85004e-19 -0.000686496  6.22172e-18   0.00103858 -1.63839e-17 -0.000557868  2.04084e-17  -0.00013189 -1.18505e-17  0.000143338  9.17837e-19  6.55793e-05  2.14195e-18 -1.48898e-05  -7.6391e-19 -2.33201e-05  8.85112e-19 -8.16912e-06 -1.65648e-18  1.03906e-06  1.27258e-18  2.53601e-06 -6.25154e-19  1.37604e-06  2.61673e-19  3.57656e-07 -3.08429e-20 -4.27748e-08  8.32186e-21 -9.93385e-08 -2.54801e-20 -6.03194e-08 -1.06374e-20 -2.39971e-08  8.25059e-21 -6.41024e-09  3.93376e-21 -5.99278e-10 -1.09841e-21  5.37773e-10 -3.86037e-22  4.35504e-10  2.58699e-22  2.11668e-10 -1.00155e-22  8.13064e-11 -8.33308e-23  2.64286e-11  3.73149e-23  7.41379e-12  1.47814e-23  1.78046e-12 -1.05158e-23  3.48439e-13 -4.72898e-24  4.54836e-14  1.45472e-24 -1.79835e-15  1.62108e-24 -3.87128e-15  3.78404e-25 -1.71273e-15 -1.20072e-25 -5.59404e-16 -1.08707e-25  -1.5556e-16 -3.55449e-26  -3.8647e-17 -5.99834e-27 -8.77027e-18  9.62047e-28 -1.83978e-18  1.62686e-27 -3.59236e-19  8.82501e-28 -6.55603e-20  2.72734e-28 -1.12088e-20  4.35828e-29 -1.79726e-21  1.18876e-30 -2.70313e-22   3.5847e-31 -3.81121e-23  7.13559e-31 -5.03094e-24  4.85711e-32 -6.20605e-25 -2.14102e-31 -7.13674e-26 -1.44796e-31 -7.62766e-27 -5.11971e-32 -7.54952e-28 -1.10797e-32 -6.89013e-29 -1.25386e-33 -5.76934e-30  5.29298e-35 -4.40566e-31  5.31613e-35 -3.04655e-32  1.20975e-35 -1.89306e-33    1.718e-36 -1.05053e-34  1.04112e-37 -5.20349e-36 -3.43631e-38 -2.30201e-37 -1.50565e-38 -8.62362e-39 -3.26545e-39 -1.85017e-40 -4.66996e-40  7.76464e-42 -4.63945e-41  1.03632e-42  -3.1911e-42  4.76922e-44 -1.43575e-43  9.56827e-46 -3.47865e-45  4.76597e-48
-0.000113239 -6.85004e-19  0.000940751 -3.32671e-18  -0.00246157   2.2513e-17   0.00272101  -4.7465e-17 -0.000807858  4.78227e-17 -0.000616722 -2.05132e-17  0.000171286  -2.1638e-18  0.000211943  4.06013e-18  3.23026e-05 -5.92604e-21 -4.09665e-05   1.1858e-18 -2.98468e-05 -2.80159e-18 -7.12187e-06  1.80562e-18  2.71857e-06   -8.887e-19  3.38678e-06   3.9411e-19  1.66588e-06   4.4198e-20  4.29489e-07  2.00945e-20  -3.3583e-08  -6.8443e-20 -1.03933e-07 -3.10695e-20 -6.61541e-08  1.50097e-20 -2.82842e-08  9.20229e-21 -8.94337e-09 -9.28557e-22 -1.87088e-09 -3.01705e-22 -1.38538e-11  2.87886e-22  2.27847e-10 -3.28365e-22  1.44435e-10 -1.26148e-22  6.32305e-11   9.3722e-23  2.28539e-11  2.26021e-23  7.21183e-12 -2.74181e-23  2.03509e-12 -1.15065e-23  5.19078e-13  3.50791e-24   1.2002e-13  4.11681e-24  2.50536e-14  1.12504e-24  4.65679e-15 -1.84503e-25  7.45039e-16 -2.53041e-25  9.32806e-17 -1.06368e-25  5.61139e-18 -2.73263e-26 -1.42536e-18 -1.16704e-27 -7.00817e-19  3.61781e-27 -1.93656e-19  2.27307e-27 -4.28271e-20   7.6628e-28 -8.21925e-21  1.64828e-28 -1.41188e-21  3.07541e-29 -2.20177e-22  1.04865e-29 -3.13824e-23  3.67026e-30 -4.09951e-24  7.62382e-32 -4.90896e-25 -6.98887e-31 -5.37909e-26 -4.17085e-31 -5.37532e-27 -1.38315e-31 -4.87318e-28 -2.95682e-32 -3.97835e-29 -3.82091e-33 -2.89342e-30 -1.24797e-34  -1.8442e-31  6.78704e-35 -1.00274e-32  1.86797e-35 -4.43981e-34  2.55202e-36 -1.48039e-35  -9.5416e-40 -3.37396e-37 -1.12608e-37 -4.79671e-39 -3.50475e-38   6.1605e-40 -6.40899e-39  1.80649e-40 -7.94495e-40  2.17067e-41 -6.83203e-41  1.39995e-42 -3.96057e-42  4.76194e-44 -1.38904e-43  6.82027e-46  -1.9584e-45
 1.05478e-18 -0.000686496 -3.32671e-18    0.0032334 -1.10909e-17  -0.00622559  5.88742e-17    0.0050424 -1.01502e-16  -0.00032403   8.2916e-17  -0.00142723  -2.4075e-17 -9.11318e-05 -9.19735e-18  0.000380574  4.81309e-18    0.0001759  2.44323e-18 -1.87914e-05  1.34655e-18 -5.64476e-05 -3.68511e-18 -2.87559e-05  1.75095e-18 -4.40517e-06 -1.09563e-18  3.80066e-06  5.11982e-19  3.55954e-06  2.52724e-19  1.65928e-06  6.41287e-20  4.47174e-07 -1.38282e-19 -1.57304e-10 -7.03536e-20  -7.9742e-08  1.87673e-20 -5.53197e-08  1.58936e-20 -2.54416e-08  9.71135e-22 -9.07387e-09   5.1094e-22 -2.53752e-09  1.07304e-22 -4.93474e-10 -7.21731e-22 -1.43736e-11 -1.26705e-22  4.40283e-11  1.86187e-22  2.72294e-11   2.0205e-23  1.14337e-11 -6.09919e-23   3.9791e-12 -2.35196e-23  1.21987e-12  7.22653e-24  3.38613e-13  8.70935e-24  8.63931e-14  2.72599e-24  2.04485e-14 -1.28508e-25  4.51808e-15 -4.80683e-25  9.36084e-16 -2.52797e-25  1.82499e-16 -8.08573e-26  3.35773e-17 -1.05638e-26  5.84495e-18   5.7371e-27  9.64899e-19  4.50416e-27  1.51385e-19  1.69105e-27  2.26153e-20  4.59551e-28  3.22148e-21  1.28347e-28  4.37858e-22  4.38621e-29  5.67654e-23  1.18132e-29  7.00804e-24  1.15114e-31  8.21418e-25 -1.73062e-30  9.10128e-26 -9.47495e-31  9.48051e-27 -2.99272e-31   9.2253e-28 -6.36517e-32  8.32713e-29 -9.07806e-33  6.92041e-30 -7.08102e-34    5.254e-31  2.76125e-35  3.61254e-32  1.75758e-35  2.22398e-33  1.83212e-36  1.20332e-34 -4.81161e-37  5.55929e-36 -2.59081e-37  2.15423e-37 -6.21316e-38  7.93932e-39 -9.63779e-39  4.11568e-40 -1.02991e-39  2.68394e-41 -7.54444e-41  1.28387e-42 -3.55873e-42   3.2838e-44 -8.85507e-44   2.7867e-46
 0.000242261  6.22172e-18  -0.00246157 -1.10909e-17   0.00808893 -2.77977e-17   -0.0120258  1.19655e-16   0.00691992 -1.71218e-16   0.00143106  1.12998e-16  -0.00215047  -1.7446e-17 -0.000797003 -1.85863e-17  0.000387256  2.90903e-18  0.000392832  6.28913e-18  8.84428e-05  1.76702e-18 -5.63685e-05  -3.9191e-18 -5.73862e-05  8.79567e-19 -2.30422e-05 -1.42865e-18 -1.85449e-06  6.03471e-19  3.92852e-06  6.34178e-19  3.15734e-06  1.74212e-19  1.44134e-06 -2.22335e-19  4.20503e-07 -1.29582e-19  3.89944e-08  1.32335e-20 -4.31151e-08  2.15124e-20 -3.57614e-08  5.17634e-21 -1.78932e-08  2.29389e-21 -6.99862e-09 -3.36448e-22 -2.27351e-09 -1.20559e-21 -6.16487e-10 -2.46823e-23 -1.32809e-10  3.14401e-22 -1.78826e-11 -9.54927e-24  1.69179e-12 -1.21147e-22   2.3534e-12  -4.2932e-23   1.0928e-12  1.31907e-23   3.8395e-13  1.62853e-23  1.15501e-13  5.74378e-24  3.10988e-14  2.40704e-25  7.65596e-15 -7.91012e-25  1.74392e-15 -5.10986e-25  3.70238e-16 -1.88011e-25  7.35987e-17 -3.50002e-26  1.37396e-17  5.89024e-27  2.41299e-18  7.22988e-27  3.99016e-19   3.1308e-27  6.21334e-20  1.04384e-27  9.10589e-21  3.55064e-28  1.25453e-21  1.20031e-28  1.62199e-22  2.85214e-29  1.96351e-23  5.49875e-32  2.21918e-24 -3.56049e-30  2.33369e-25 -1.81693e-30  2.27427e-26 -5.51539e-31   2.0444e-27 -1.16993e-31  1.68617e-28 -1.78741e-32  1.26833e-29 -1.88272e-33  8.64211e-31  -1.0489e-34  5.29191e-32  1.20309e-36  2.88039e-33 -1.79747e-36  1.36848e-34 -1.46195e-36  5.52145e-36 -4.58012e-37   1.8884e-37 -8.87658e-38  6.73284e-39 -1.17197e-38  3.69863e-40 -1.06987e-39   2.2308e-41 -6.52627e-41  8.73754e-43 -2.37457e-42  1.58744e-44  -3.4145e-44
-3.58014e-18   0.00103858   2.2513e-17  -0.00622559 -2.77977e-17    0.0157473 -5.51856e-17   -0.0186002  1.97123e-16   0.00691874 -2.36768e-16   0.00433736  1.25104e-16  -0.00213638 -9.79204e-19  -0.00181551  -2.7233e-17  3.67968e-05 -1.87652e-18  0.000560389  1.03425e-17  0.000282472  3.08204e-18  8.59105e-06 -3.24927e-18 -6.99552e-05 -7.48701e-19 -4.85052e-05 -2.16558e-18 -1.63558e-05   6.2202e-19 -3.58764e-07  1.17934e-18  3.29662e-06  3.77989e-19  2.44031e-06 -2.91153e-19  1.11742e-06 -2.00392e-19  3.57573e-07 -6.19295e-21  6.44137e-08  2.33399e-20 -1.11102e-08  1.13615e-20 -1.68077e-08  4.79665e-21 -9.61132e-09 -1.01175e-21  -4.1002e-09 -1.58475e-21 -1.46295e-09  2.63591e-22  -4.5399e-10  4.69647e-22 -1.24201e-10 -9.08204e-23 -2.98823e-11 -2.19711e-22 -6.18295e-12 -7.24053e-23 -1.02553e-12  2.17453e-23 -1.00723e-13  2.77856e-23  1.30538e-14  1.08607e-23  1.10924e-14   1.1726e-24  4.05245e-15 -1.16725e-24   1.1473e-15 -9.13979e-25  2.79903e-16 -3.71893e-25   6.1172e-17 -8.49232e-26  1.21962e-17  2.90234e-28   2.2397e-18  9.48478e-27  3.80828e-19   5.0536e-27  6.01193e-20  2.03634e-27  8.82063e-21  7.76202e-28  1.20261e-21  2.56871e-28    1.522e-22  5.56879e-29  1.78463e-23 -5.56444e-31  1.93363e-24 -6.40084e-30  1.92937e-25 -3.05831e-30  1.76545e-26 -8.96068e-31  1.47401e-27 -1.89267e-31  1.11625e-28 -3.02022e-32  7.61496e-30 -3.67047e-33  4.64434e-31 -3.41438e-34  2.50998e-32 -3.40078e-35  1.18563e-33 -8.69012e-36   4.7607e-35 -2.81643e-36  1.56291e-36  -6.5464e-37  4.79783e-38 -1.05336e-37  2.84426e-39 -1.18293e-38  2.51332e-40 -9.09808e-40  1.49306e-41 -4.47075e-41  4.61554e-43  -1.1446e-42  4.87639e-45
-0.000199032 -1.63839e-17   0.00272101  5.88742e-17   -0.0120258 -5.51856e-17    0.0249474 -8.97511e-17   -0.0237922  2.70574e-16   0.00422852 -2.75574e-16   0.00749213  1.15126e-16 -0.000939866  1.95336e-17  -0.00272195 -3.29026e-17 -0.000712902 -8.51717e-18  0.000511833  1.32667e-17  0.000493205  5.84248e-18  0.000150838 -1.54047e-18 -3.75408e-05 -2.84824e-18 -6.48277e-05 -3.51683e-18  -3.6237e-05   4.7802e-19 -1.08412e-05  1.81035e-18  1.08548e-07  6.77348e-19  2.31742e-06 -3.09159e-19  1.65959e-06 -2.66188e-19  7.74833e-07 -3.87698e-20  2.70704e-07  2.03249e-20  6.77866e-08  1.83752e-20  7.18929e-09  7.28166e-21 -4.19994e-09 -1.77716e-21 -3.55867e-09 -1.55609e-21 -1.73518e-09  8.39139e-22  -6.7386e-10  6.36277e-22 -2.26028e-10 -2.51021e-22 -6.77089e-11 -3.68683e-22 -1.84247e-11 -1.14949e-22 -4.59784e-12  3.29448e-23 -1.05791e-12   4.4112e-23 -2.25056e-13   1.8756e-23 -4.43022e-14   2.9098e-24 -8.06227e-15 -1.58568e-24 -1.35281e-15 -1.48664e-24 -2.08308e-16 -6.54151e-25 -2.92134e-17 -1.72598e-25 -3.68712e-18 -1.63416e-26 -4.10724e-19  9.74708e-27 -3.90034e-20  7.30103e-27 -2.93787e-21  3.51995e-27 -1.42944e-22  1.43383e-27 -1.89542e-25  4.59855e-28  3.34942e-25  9.13103e-29 -1.26202e-25 -2.71243e-30 -5.12616e-26 -1.03727e-29 -1.06306e-26 -4.63365e-30 -1.62747e-27 -1.31126e-30 -2.02552e-28 -2.74507e-31 -2.12769e-29 -4.48033e-32 -1.91457e-30 -5.85774e-33 -1.48051e-31 -6.54642e-34 -9.81112e-33 -8.41259e-35 -5.55517e-34 -1.75806e-35 -2.68182e-35 -4.16287e-36 -1.05616e-36 -7.80148e-37 -2.28175e-38 -1.05665e-37   1.2404e-39 -1.00372e-38  1.70419e-40 -6.37033e-40  8.55926e-42 -2.39482e-41  1.84654e-43 -3.52041e-43
 5.56287e-18 -0.000557868  -4.7465e-17    0.0050424  1.19655e-16   -0.0186002 -8.97511e-17    0.0332884 -1.22323e-16   -0.0257955  3.15276e-16 -0.000730797 -2.75716e-16   0.00970411  9.04194e-17   0.00134522  3.71269e-17   -0.0030266 -3.55179e-17  -0.00167981 -1.58178e-17  0.000142747  1.42844e-17  0.000602929  1.02633e-17  0.000335349  1.27364e-18  5.41042e-05 -5.02908e-18  -5.1741e-05 -5.49645e-18 -5.08068e-05  7.00245e-20 -2.48749e-05  2.38882e-18 -7.03093e-06  1.03652e-18 -8.42718e-09 -2.52805e-19  1.35787e-06 -3.09064e-19  9.84807e-07 -7.74375e-20  4.74233e-07   1.4058e-20  1.78417e-07  2.47063e-20  5.37472e-08  8.84662e-21  1.21506e-08 -2.33482e-21   1.3285e-09 -7.43734e-22 -5.09039e-10  1.80555e-21 -4.33953e-10   7.9477e-22 -2.00855e-10 -5.14869e-22 -7.38494e-11 -5.77694e-22 -2.35528e-11 -1.73143e-22 -6.75264e-12  4.68053e-23 -1.77278e-12  6.60201e-23 -4.30876e-13  2.99225e-23 -9.76478e-14  5.59862e-24 -2.07362e-14 -2.03569e-24  -4.1408e-15 -2.24628e-24 -7.79556e-16 -1.05349e-24 -1.38614e-16 -3.10844e-25 -2.33068e-17 -4.99345e-26 -3.70786e-18  6.28827e-27  -5.5811e-19  9.62739e-27 -7.94293e-20  5.49565e-27  -1.0674e-20  2.31521e-27 -1.35166e-21  7.12183e-28 -1.60851e-22  1.28046e-28 -1.79268e-23  -7.8974e-30 -1.86345e-24 -1.54485e-29 -1.79801e-25 -6.42518e-30 -1.60155e-26  -1.7524e-30 -1.30862e-27   -3.612e-31 -9.73594e-29 -5.92816e-32 -6.53568e-30 -8.03424e-33 -3.91364e-31 -9.82233e-34 -2.06108e-32 -1.37847e-34 -9.38919e-34 -2.59375e-35 -3.61426e-35 -5.04635e-36  -1.0854e-36 -7.90135e-37 -1.35519e-38 -9.04865e-38  1.28298e-39 -7.18805e-39  1.13458e-40 -3.64788e-40  4.05854e-42 -9.58555e-42  4.86964e-44
 1.21169e-05  2.04084e-17 -0.000807858 -1.01502e-16   0.00691992  1.97123e-16   -0.0237922 -1.22323e-16    0.0385599 -1.41758e-16   -0.0241903  3.15564e-16  -0.00659167 -2.42114e-16    0.0101737  6.41085e-17   0.00413472  4.80268e-17   -0.0024505 -3.65076e-17  -0.00253872 -2.33444e-17 -0.000515983   1.3347e-17  0.000507922  1.61549e-17  0.000488062  5.18859e-18  0.000189546 -6.89073e-18  2.68794e-06 -7.88875e-18  -4.6693e-05 -6.63664e-19 -3.54714e-05  2.75582e-18 -1.60822e-05  1.38584e-18 -4.58823e-06 -1.26218e-19 -2.68896e-07 -3.18698e-19   6.3017e-07 -1.11661e-19  4.95364e-07  7.82749e-21  2.49333e-07  2.88694e-20  9.96156e-08  8.83398e-21  3.34248e-08 -2.19633e-21  9.52183e-09  1.24505e-21  2.24494e-09  3.24498e-21  3.92018e-10    9.238e-22  2.24183e-11 -8.98788e-22 -1.93164e-11  -8.5113e-22  -1.1573e-11 -2.47617e-22 -4.42041e-12  6.38411e-23 -1.38485e-12  9.40096e-23 -3.81259e-13  4.44707e-23 -9.49781e-14   9.1985e-24 -2.17363e-14 -2.54735e-24 -4.60983e-15 -3.20997e-24 -9.10745e-16 -1.58611e-24 -1.68146e-16 -5.11278e-25 -2.90607e-17 -1.05613e-25 -4.70498e-18 -2.26971e-27 -7.13487e-19   1.1762e-26 -1.01259e-19  7.84052e-27   -1.343e-20  3.33115e-27 -1.66124e-21  9.71727e-28 -1.91154e-22  1.54072e-28 -2.03962e-23 -1.76362e-29 -2.01046e-24 -2.13844e-29 -1.82262e-25 -8.24153e-30 -1.51177e-26 -2.15778e-30 -1.14016e-27 -4.34614e-31 -7.75917e-29 -7.07722e-32 -4.71755e-30 -9.72947e-33  -2.5281e-31 -1.24811e-33 -1.17189e-32 -1.80697e-34 -4.57155e-34 -3.11496e-35 -1.41368e-35 -5.18113e-36 -2.51233e-37 -6.88031e-37   9.0712e-39 -6.64242e-38  1.24716e-39 -4.32941e-39  6.38047e-41  -1.6708e-40  1.46328e-42 -2.50742e-42
-4.20729e-18  -0.00013189  4.78227e-17  -0.00032403 -1.71218e-16   0.00691874  2.70574e-16   -0.0257955 -1.41758e-16    0.0399458 -1.40554e-16   -0.0199637  2.72445e-16   -0.0118776 -1.91514e-16   0.00882303  4.67199e-17   0.00669215  5.27486e-17  -0.00104452 -3.73815e-17  -0.00298052 -3.14345e-17  -0.00130687  1.08721e-17  0.000173503  2.30146e-17  0.000528946  1.00786e-17  0.000325296 -8.07298e-18   9.2301e-05 -1.03062e-17  -1.5488e-05 -1.70152e-18 -3.42923e-05  2.78841e-18 -2.26039e-05  1.64115e-18 -9.89174e-06  3.54055e-20   -2.994e-06 -2.97813e-19 -4.22269e-07 -1.32615e-19  1.91392e-07  4.14851e-21  1.97746e-07  2.94129e-20  1.07502e-07  7.06642e-21  4.54117e-08 -7.25727e-22   1.6287e-08   4.7372e-21   5.1302e-09  5.18592e-21  1.43933e-09  9.98276e-22  3.60711e-10 -1.40798e-21  8.01182e-11 -1.18545e-21  1.53769e-11 -3.35127e-22  2.37427e-12  8.56369e-23  2.18929e-13  1.28199e-22 -2.50939e-14   6.1974e-23 -2.02492e-14  1.34147e-23 -6.87017e-15 -3.21971e-24 -1.79723e-15 -4.40569e-24 -4.03403e-16 -2.26653e-24 -8.07379e-17  -7.8173e-25 -1.46651e-17 -1.85874e-25 -2.43917e-18  -1.6387e-26 -3.73177e-19  1.34558e-26 -5.26173e-20  1.02882e-26 -6.83836e-21  4.31839e-27 -8.18239e-22  1.17864e-27  -8.9934e-23  1.56566e-28 -9.04972e-24 -3.27204e-29 -8.30018e-25 -2.76638e-29 -6.89931e-26 -9.84104e-30 -5.15943e-27 -2.46128e-30 -3.43725e-28 -4.80828e-31  -2.0109e-29 -7.68894e-32 -1.00829e-30 -1.05788e-32 -4.12473e-32  -1.3901e-33 -1.20416e-33  -2.0117e-34 -9.49276e-36 -3.17849e-35  1.84134e-36   -4.585e-36  1.97225e-37 -5.18273e-37  1.49428e-38 -4.17554e-38  8.33814e-40 -2.16641e-39  2.77781e-41  -5.8154e-41  3.43751e-43
 4.98556e-05 -1.18505e-17 -0.000616722   8.2916e-17   0.00143106 -2.36768e-16   0.00422852  3.15276e-16   -0.0241903 -1.40554e-16    0.0381827  -1.1844e-16   -0.0146936  2.01101e-16   -0.0156857 -1.41723e-16   0.00614473  4.16432e-17   0.00846424  5.41527e-17  0.000886374 -3.89749e-17   -0.0028359 -4.05928e-17  -0.00201694  7.40634e-18  -0.00034947  3.01829e-17  0.000408064  1.56642e-17  0.000406759 -8.28727e-18  0.000192252 -1.22962e-17  4.02375e-05 -2.92149e-18 -1.62145e-05  2.44837e-18 -2.17378e-05  1.73157e-18 -1.32307e-05  1.78122e-19 -5.75046e-06 -2.60801e-19 -1.88257e-06 -1.37653e-19  -4.1354e-07  2.35092e-21 -7.17199e-09  2.47302e-20  5.16409e-08  3.83798e-21  3.45839e-08  2.72111e-21  1.58716e-08  9.89228e-21  6.01668e-09  7.56891e-21  1.99853e-09  9.83035e-22  5.97582e-10 -2.03651e-21  1.63247e-10 -1.56706e-21  4.11134e-11 -4.27012e-22  9.60289e-12  1.15065e-22  2.08887e-12  1.68147e-22  4.24487e-13  8.13782e-23  8.07948e-14  1.76665e-23  1.44386e-14 -4.24103e-24   2.4291e-15 -5.88024e-24   3.8595e-16 -3.10571e-24  5.81473e-17  -1.1227e-24  8.34777e-18  -2.8889e-25  1.14823e-18 -3.52644e-26  1.52104e-19  1.44894e-26  1.94717e-20  1.24513e-26  2.40954e-21  5.07274e-27  2.87156e-22  1.27271e-27  3.27144e-23   1.2669e-28  3.52781e-24 -5.24527e-29  3.56178e-25 -3.35061e-29  3.33018e-26 -1.09749e-29  2.85353e-27  -2.6089e-30  2.21939e-28  -4.9101e-31  1.55364e-29 -7.65176e-32  9.72409e-31 -1.04412e-32  5.41911e-32 -1.38151e-33   2.6864e-33 -1.95385e-34  1.19467e-34 -2.81428e-35  4.99093e-36 -3.53072e-36  2.18587e-37 -3.38256e-37  1.02753e-38 -2.23271e-38  4.04763e-40 -8.77721e-40  8.88101e-42  -1.3403e-41
 9.83097e-19  0.000143338 -2.05132e-17  -0.00142723  1.12998e-16   0.00433736 -2.75574e-16 -0.000730797  3.15564e-16   -0.0199637  -1.1844e-16    0.0347829 -8.18729e-17  -0.00967833  1.21808e-16   -0.0178358 -1.03353e-16   0.00282519  4.62195e-17   0.00922099  5.48848e-17   0.00294949 -4.16424e-17  -0.00210775 -5.09952e-17   -0.0024585  3.41022e-18 -0.000947244  3.69719e-17   0.00012563   2.1538e-17  0.000390216 -7.34976e-18  0.000267644 -1.34507e-17  0.000106074 -4.11427e-18  1.71836e-05   1.8028e-18 -1.08649e-05  1.62578e-18 -1.20443e-05  2.52467e-19 -7.04663e-06 -2.26034e-19 -3.09069e-06 -1.31464e-19 -1.08698e-06   -2.095e-21 -3.02722e-07  1.31527e-20 -5.80883e-08 -2.02922e-22 -7.85986e-10  8.61803e-21  5.92656e-09   1.6614e-20   3.6148e-09  1.02221e-20  1.52723e-09  8.26049e-22  5.37265e-10  -2.7687e-21  1.66781e-10  -1.9714e-21  4.69144e-11 -5.09024e-22  1.21344e-11   1.5576e-22  2.91202e-12  2.12567e-22  6.52254e-13  1.00969e-22  1.36916e-13   2.1094e-23  2.70102e-14 -5.89008e-24  5.01709e-15 -7.69565e-24   8.7844e-16 -4.10436e-24  1.45045e-16 -1.52337e-24  2.25812e-17 -4.07575e-25   3.3121e-18 -5.68921e-26  4.57053e-19  1.46593e-26  5.92208e-20  1.38958e-26   7.1862e-21  5.40584e-27  8.14057e-22  1.21426e-27  8.57612e-23  6.38622e-29  8.36526e-24  -7.4355e-29   7.5162e-25 -3.79892e-29  6.18446e-26 -1.14456e-29  4.62912e-27  -2.5743e-30  3.12888e-28 -4.64143e-31  1.89512e-29 -7.00988e-32  1.02142e-30 -9.42286e-33  4.87701e-32 -1.23735e-33  2.06694e-33 -1.67866e-34  7.93853e-35  -2.1863e-35  2.96577e-36 -2.37598e-36  1.19953e-37 -1.90733e-37  4.93944e-39 -1.00098e-38   1.4949e-40 -2.72903e-40  1.84561e-42
 5.54654e-06  9.17837e-19  0.000171286  -2.4075e-17  -0.00215047  1.25104e-16   0.00749213 -2.75716e-16  -0.00659167  2.72445e-16   -0.0146936 -8.18729e-17    0.0311156 -4.05208e-17  -0.00555935   5.1189e-17   -0.0186199  -7.8032e-17 -0.000558307  5.57417e-17   0.00900759  5.60736e-17   0.00480455 -4.57458e-17 -0.000929447 -6.24342e-17  -0.00252009 -8.52234e-19  -0.00148455  4.27201e-17 -0.000269503  2.72237e-17  0.000259163 -5.22186e-18  0.000286574 -1.34897e-17  0.000160425 -5.02384e-18  5.71612e-05  1.00925e-18  8.56197e-06  1.34743e-18 -5.35048e-06  2.36894e-19 -5.73992e-06 -2.06003e-19 -3.33112e-06 -1.23447e-19 -1.48484e-06  -1.5904e-20 -5.50625e-07 -6.39406e-21 -1.73853e-07 -4.11753e-21 -4.63759e-08  1.71324e-20 -9.90068e-09  2.45082e-20 -1.33619e-09  1.28574e-20  1.14281e-10  4.56398e-22  1.66576e-10 -3.58021e-21  7.69487e-11  -2.3641e-21   2.6742e-11 -5.63426e-22  7.92796e-12  2.10666e-22  2.09602e-12  2.58913e-22  5.04658e-13  1.18381e-22  1.11924e-13  2.26064e-23  2.30185e-14 -8.50551e-24  4.40746e-15 -9.90779e-24  7.87477e-16 -5.24146e-24  1.31426e-16 -1.95872e-24  2.04916e-17 -5.29962e-25  2.98297e-18 -7.84948e-26  4.04902e-19  1.37774e-26   5.1152e-20  1.42546e-26  5.99962e-21  5.20623e-27  6.51351e-22  9.99846e-28  6.52154e-23 -2.28036e-29  5.99582e-24 -9.46225e-29  5.03613e-25  -4.0282e-29  3.84151e-26 -1.11643e-29  2.64284e-27 -2.36694e-30  1.62746e-28  -4.0704e-31  8.90489e-30 -5.93405e-32   4.3097e-31 -7.81158e-33  1.85193e-32 -1.00426e-33  7.23776e-34 -1.28528e-34  2.74867e-35 -1.49827e-35  1.12752e-36 -1.39729e-36  5.00998e-38 -9.21697e-38  1.90523e-39 -3.66126e-39  4.16877e-41 -5.66442e-41
 6.22893e-19  6.55793e-05  -2.1638e-18 -9.11318e-05  -1.7446e-17  -0.00213638  1.15126e-16   0.00970411 -2.42114e-16   -0.0118776  2.01101e-16  -0.00967833 -4.05208e-17    0.0279508 -3.42874e-18  -0.00242407 -1.88145e-18   -0.0184734  -6.1444e-17  -0.00365153  6.68538e-17   0.00801843  5.75065e-17   0.00622793 -5.18064e-17  0.000503083 -7.45324e-17  -0.00217859  -5.3783e-18  -0.00184312  4.67873e-17 -0.000696979  3.22195e-17  2.96193e-05 -2.05183e-18   0.00023168 -1.23141e-17  0.000182314 -5.40931e-18  9.06293e-05  2.70952e-19  3.10348e-05  9.73724e-19  5.46102e-06  1.50025e-19 -1.72977e-06 -2.00734e-19 -2.23639e-06 -1.23161e-19  -1.3387e-06 -4.48425e-20 -6.10359e-07  -3.3433e-20 -2.34483e-07 -6.69392e-21 -7.88479e-08  2.80541e-20 -2.36002e-08  3.28926e-20 -6.32467e-09   1.5087e-20 -1.51322e-09 -2.11194e-22  -3.1859e-10  -4.4395e-21 -5.67884e-11 -2.70575e-21  -7.6191e-12 -5.73628e-22 -3.47646e-13  2.79827e-22  2.19876e-13  3.02932e-22  1.03035e-13  1.30677e-22  3.05607e-14  2.09936e-23   7.3969e-15 -1.24124e-23  1.56293e-15 -1.25279e-23  2.96282e-16 -6.46212e-24  5.10556e-17 -2.38953e-24   8.0504e-18 -6.41099e-25  1.16507e-18 -9.72114e-26  1.54881e-19  1.17163e-26  1.88979e-20  1.33456e-26  2.11192e-21  4.48015e-27   2.1545e-22  6.65674e-28  1.99714e-23 -1.16796e-28  1.67189e-24 -1.09231e-28  1.25388e-25 -3.99057e-29   8.3365e-27 -1.01825e-29  4.84686e-28  -2.0291e-30  2.42453e-29 -3.31755e-31  1.03121e-30 -4.65457e-32  3.83177e-32 -5.96442e-33   1.4739e-33 -7.40558e-34  7.89789e-35  -8.8003e-35  5.52357e-36  -9.0702e-36  3.67281e-37 -7.15137e-37  1.88819e-38 -3.75842e-38  6.12312e-40 -1.03439e-39  7.79258e-42
-1.08826e-05  2.14195e-18  0.000211943 -9.19735e-18 -0.000797003 -9.79204e-19 -0.000939866  9.04194e-17    0.0101737 -1.91514e-16   -0.0156857  1.21808e-16  -0.00555935 -3.42874e-18    0.0255029  2.32347e-17 -8.81423e-05 -3.57739e-17   -0.0177712 -4.74732e-17  -0.00629773  7.87328e-17   0.00648675  5.85017e-17   0.00711349  -6.0219e-17   0.00198902 -8.69118e-17  -0.00148433 -1.04315e-17   -0.0019459  4.85457e-17  -0.00106778  3.60048e-17 -0.000255121  1.79858e-18  0.000106162 -1.00313e-17  0.000158999 -5.11661e-18  0.000104939 -2.23406e-19  4.88966e-05  6.15276e-19  1.69577e-05  4.48753e-20  3.83823e-06 -1.98522e-19 -3.73008e-08 -1.36777e-19 -6.19794e-07 -9.09807e-20 -4.22688e-07 -6.53814e-20 -2.01786e-07 -6.60678e-21 -7.98614e-08  4.07319e-20  -2.7706e-08  4.08282e-20 -8.64829e-09  1.64514e-20 -2.46455e-09  -1.2681e-21 -6.47052e-10 -5.31191e-21 -1.57468e-10 -2.96075e-21 -3.56779e-11 -5.30518e-22 -7.55147e-12  3.58126e-22 -1.49737e-12  3.38448e-22 -2.78909e-13  1.34583e-22 -4.89383e-14  1.51286e-23 -8.11451e-15 -1.78069e-23 -1.27608e-15 -1.54777e-23 -1.91093e-16 -7.67125e-24 -2.73592e-17 -2.76684e-24 -3.75745e-18 -7.26072e-25 -4.95822e-19 -1.10762e-25 -6.28084e-20  8.49273e-27 -7.60905e-21  1.12456e-26 -8.75974e-22  3.35439e-27 -9.50441e-23  2.76914e-28 -9.63023e-24 -1.99387e-28  -9.0258e-25 -1.15243e-28  -7.7498e-26 -3.69064e-29 -6.03565e-27 -8.68031e-30 -4.21643e-28 -1.62258e-30  -2.6049e-29 -2.51658e-31 -1.39354e-30 -3.38914e-32 -6.22222e-32 -4.19876e-33 -2.13699e-33 -4.96474e-34 -4.14304e-35 -5.39195e-35  9.66503e-37 -4.84057e-36   1.3756e-37 -3.15633e-37  6.72098e-39 -1.25732e-38  1.56843e-40 -1.96184e-40
-4.86846e-19 -1.48898e-05  4.06013e-18  0.000380574 -1.85863e-17  -0.00181551  1.95336e-17   0.00134522  6.41085e-17   0.00882303 -1.41723e-16   -0.0178358   5.1189e-17  -0.00242407  2.32347e-17     0.023686  3.65448e-17   0.00168297 -5.33858e-17   -0.0167669 -3.09808e-17  -0.00846418  9.24395e-17   0.00462275  5.87015e-17   0.00744346 -7.07977e-17   0.00335685 -9.91708e-17 -0.000535429 -1.64353e-17  -0.00176555  4.74236e-17  -0.00130482  3.80408e-17 -0.000536511  5.76494e-18 -6.68855e-05 -6.95719e-18  9.06213e-05 -4.14106e-18   9.2627e-05 -3.57076e-19  5.52842e-05  3.81399e-19   2.4988e-05 -1.38995e-20  8.99224e-06 -1.84371e-19  2.49489e-06 -1.66658e-19  4.23657e-07 -1.51967e-19 -4.93977e-08 -9.80515e-20 -8.43252e-08 -2.90872e-21 -4.73779e-08  5.39514e-20 -1.99489e-08   4.7146e-20 -7.13396e-09  1.64498e-20  -2.2677e-09 -2.80297e-21 -6.55186e-10 -6.16744e-21 -1.74273e-10 -3.10834e-21 -4.30239e-11  -4.3836e-22  -9.9123e-12   4.3405e-22 -2.13931e-12  3.57751e-22 -4.33661e-13  1.26978e-22 -8.27122e-14  4.26861e-24 -1.48587e-14 -2.46224e-23 -2.51508e-15 -1.85567e-23 -4.01036e-16 -8.73954e-24   -6.019e-17 -3.04069e-24 -8.49111e-18 -7.73335e-25 -1.12368e-18 -1.17884e-25 -1.39136e-19  4.34221e-27 -1.60691e-20  8.28641e-27 -1.72453e-21  2.03939e-27 -1.71233e-22 -9.25647e-29 -1.56516e-23 -2.55483e-28  -1.3094e-24 -1.11741e-28  -9.9592e-26 -3.18517e-29 -6.83206e-27 -6.91423e-30 -4.18523e-28 -1.21081e-30 -2.25824e-29 -1.77865e-31 -1.05047e-30  -2.2929e-32 -4.04907e-32 -2.72433e-33 -1.17565e-33 -3.02285e-34 -1.68095e-35 -2.95095e-35   6.4135e-37 -2.26442e-36  5.89264e-38 -1.18186e-37  2.10526e-39 -3.26469e-39  2.73922e-41
-5.92006e-06  -7.6391e-19  3.23026e-05  4.81309e-18  0.000387256  -2.7233e-17  -0.00272195  3.71269e-17   0.00413472  4.67199e-17   0.00614473 -1.03353e-16   -0.0186199 -1.88145e-18 -8.81423e-05  3.65448e-17     0.022333   3.6022e-17   0.00307626 -5.93741e-17   -0.0156099 -8.83672e-18   -0.0101783   1.0958e-16   0.00259223  5.84486e-17   0.00725498 -8.24724e-17   0.00447781 -1.10729e-16  0.000547165 -2.37473e-17  -0.00132152  4.30215e-17  -0.00135725  3.78116e-17 -0.000755066  9.14791e-18 -0.000250718 -3.58649e-18 -9.41255e-06 -2.65629e-18  5.43014e-05  -1.2233e-19  4.68377e-05  3.41331e-19  2.63849e-05  1.92609e-20  1.17754e-05 -1.52389e-19  4.38991e-06 -2.14074e-19  1.38018e-06 -2.22738e-19   3.5595e-07 -1.27269e-19  6.67441e-08  4.18917e-21  3.29962e-09  6.57787e-20 -4.43815e-09  5.04828e-20 -2.76441e-09  1.45821e-20 -1.12769e-09 -4.89081e-21 -3.78426e-10 -6.98932e-21 -1.11498e-10  -3.1516e-21 -2.96675e-11 -3.17437e-22 -7.23465e-12  4.90572e-22 -1.63073e-12  3.52873e-22 -3.41525e-13  1.05675e-22  -6.6665e-14 -1.15965e-23 -1.21496e-14 -3.24276e-23 -2.06888e-15 -2.14448e-23 -3.29142e-16 -9.52439e-24 -4.88857e-17 -3.17113e-24 -6.76933e-18 -7.77305e-25 -8.72263e-19 -1.18427e-25 -1.04333e-19 -2.68948e-28 -1.15493e-20  4.96901e-27 -1.17893e-21  7.67093e-28 -1.10501e-22 -3.81744e-28 -9.46285e-24 -2.77767e-28 -7.36037e-25 -9.99885e-29 -5.16367e-26 -2.56494e-29 -3.23933e-27 -5.14545e-30 -1.79655e-28 -8.43518e-31 -8.65927e-30 -1.17215e-31 -3.51774e-31 -1.44138e-32 -1.12304e-32 -1.62673e-33 -2.19481e-34 -1.66732e-34  2.59907e-36 -1.43638e-35  4.75265e-37 -9.18995e-37  2.27105e-38 -3.64759e-38  5.17541e-40 -5.71504e-40
 4.34239e-19 -2.33201e-05 -5.92604e-21    0.0001759  2.90903e-18  3.67968e-05 -3.29026e-17   -0.0030266  4.80268e-17   0.00669215  4.16432e-17   0.00282519  -7.8032e-17   -0.0184734 -3.57739e-17   0.00168297   3.6022e-17    0.0213011  2.25339e-17   0.00421691 -5.83192e-17   -0.0143822  2.00549e-17   -0.0114887  1.31158e-16  0.000517228   5.8753e-17   0.00661406  -9.3306e-17   0.00526653  -1.2068e-16   0.00163913 -3.23865e-17 -0.000670679   3.5274e-17  -0.00120756   3.4933e-17 -0.000863396    1.124e-17 -0.000404435 -5.19238e-19 -0.000118146 -9.89785e-19 -1.29746e-06  3.75337e-19  2.50714e-05  4.95637e-19  2.02741e-05  1.45455e-19  1.10923e-05 -1.15731e-19  4.92123e-06 -2.82851e-19  1.87408e-06 -2.98581e-19  6.27233e-07 -1.50932e-19  1.86102e-07  1.25965e-20  4.88339e-08  7.35209e-20  1.11449e-08   4.9388e-20  2.10829e-09  1.04203e-20  2.80344e-10 -7.57361e-21  4.53081e-13 -7.77716e-21 -1.60458e-11 -3.11947e-21 -7.06289e-12 -2.01275e-22 -2.18823e-12  5.08592e-22 -5.66552e-13  3.17661e-22 -1.29287e-13  7.03078e-23 -2.66128e-14 -3.14739e-23 -4.99923e-15  -4.0414e-23 -8.62321e-16 -2.37501e-23 -1.37004e-16 -9.90176e-24 -2.00721e-17 -3.13816e-24 -2.71116e-18 -7.39409e-25 -3.37166e-19 -1.13169e-25 -3.85192e-20 -4.72305e-27 -4.02966e-21  1.82653e-27 -3.84428e-22 -2.71935e-28 -3.32694e-23 -5.57203e-28 -2.59492e-24 -2.67704e-28 -1.80922e-25 -8.28378e-29 -1.11566e-26 -1.92749e-29 -5.99425e-28 -3.57754e-30 -2.73644e-29 -5.48808e-31 -1.00318e-30 -7.20458e-32 -2.41833e-32 -8.41136e-33  1.62438e-34 -8.91475e-34  6.45096e-35 -8.29664e-35  4.76996e-36 -6.17266e-36  2.28327e-37 -3.18029e-37  6.87324e-39 -8.77367e-39  8.43502e-41
-2.63189e-07  8.85112e-19 -4.09665e-05  2.44323e-18  0.000392832 -1.87652e-18 -0.000712902 -3.55179e-17   -0.0024505  5.27486e-17   0.00846424  4.62195e-17 -0.000558307  -6.1444e-17   -0.0177712 -5.33858e-17   0.00307626  2.25339e-17    0.0204943 -2.52419e-18   0.00518428 -5.38854e-17   -0.0131269  5.50036e-17   -0.0124465  1.56976e-16  -0.00151552  6.09856e-17   0.00559866 -1.00833e-16   0.00567574 -1.27767e-16    0.0026259  -4.1828e-17  0.000104622  2.45973e-17 -0.000872261  2.93069e-17 -0.000835639  1.14902e-17  -0.00049307  1.65805e-18 -0.000209516  4.57866e-19 -5.99843e-05  9.49203e-19 -4.09903e-06  7.70441e-19  8.42657e-06  3.13294e-19   7.1592e-06 -1.08107e-19  3.92132e-06 -3.81023e-19  1.73836e-06  -3.7768e-19  6.67019e-07 -1.70421e-19  2.28261e-07  1.81753e-20  7.08035e-08  7.39954e-20  2.01019e-08  4.25626e-20  5.25618e-09  3.72201e-21  1.27092e-09 -1.08291e-20  2.84934e-10  -8.5401e-21  5.93366e-11 -3.05906e-21  1.14923e-11 -1.28334e-22  2.07251e-12  4.72281e-22  3.48553e-13   2.5011e-22  5.48134e-14  2.30301e-23  8.09916e-15 -5.33245e-23   1.1337e-15 -4.75115e-23  1.52239e-16 -2.50968e-23  1.99315e-17 -9.79915e-24  2.58392e-18 -2.94705e-24  3.34236e-19 -6.67326e-25  4.28955e-20 -1.03458e-25  5.36904e-21 -8.40107e-27  6.41307e-22 -7.12283e-28  7.16396e-23 -9.70209e-28  7.36368e-24 -6.16791e-28  6.87654e-25 -2.33529e-28  5.77339e-26 -6.36985e-29  4.31738e-27 -1.35205e-29  2.85116e-28 -2.32425e-30  1.65176e-29  -3.3355e-31  8.38589e-31 -4.12908e-32  3.77719e-32 -4.54785e-33  1.56268e-33  -4.4661e-34  6.22793e-35 -3.70177e-35   2.3881e-36 -2.31496e-36  7.72406e-38 -9.11095e-38  1.53354e-39 -1.42793e-39
-6.63359e-19 -8.16912e-06   1.1858e-18 -1.87914e-05  6.28913e-18  0.000560389 -8.51717e-18  -0.00167981 -3.65076e-17  -0.00104452  5.41527e-17   0.00922099  5.57417e-17  -0.00365153 -4.74732e-17   -0.0167669 -5.93741e-17   0.00421691 -2.52419e-18    0.0198534 -3.75449e-17   0.00602985  -4.8676e-17   -0.0118658  9.37822e-17   -0.0130977  1.85548e-16  -0.00344505  6.64495e-17    0.0042893 -1.02599e-16   0.00568962  -1.3052e-16    0.0034109 -5.09624e-17  0.000908797  1.19577e-17 -0.000397565  2.12623e-17 -0.000672108   9.6648e-18 -0.000495869  2.51863e-18 -0.000261543  1.33075e-18 -0.000106552  1.39125e-18 -3.24304e-05   1.0393e-18 -5.45891e-06  4.33223e-19  1.36909e-06 -1.74495e-19  1.82221e-06 -5.18618e-19  1.07365e-06 -4.61615e-19  4.85326e-07 -1.90532e-19  1.87185e-07   1.5453e-20  6.41919e-08  6.41927e-20  1.99881e-08  2.92261e-20   5.7219e-09 -5.43246e-21  1.51811e-09 -1.45344e-20  3.75418e-10 -9.28088e-21  8.68866e-11 -3.02022e-21  1.88773e-11 -1.30555e-22  3.85878e-12   3.7461e-22  7.43324e-13  1.54057e-22   1.3507e-13 -3.13816e-23  2.31621e-14 -7.43467e-23   3.7477e-15   -5.262e-23  5.71718e-16  -2.5225e-23  8.21145e-17 -9.21748e-24  1.10813e-17 -2.62706e-24   1.4013e-18 -5.72772e-25    1.655e-19 -9.08459e-26  1.81839e-20 -1.08448e-26  1.85016e-21 -2.41213e-27  1.73419e-22 -1.31302e-27   1.4885e-23 -5.83053e-28  1.16196e-24 -1.86543e-28  8.18467e-26  -4.5551e-29  5.15526e-27 -8.85585e-30   2.8747e-28  -1.4112e-30  1.40526e-29 -1.89376e-31  5.98569e-31 -2.20441e-32  2.23667e-32 -2.27131e-33  7.59014e-34 -2.03443e-34  2.48272e-35 -1.46803e-35  7.82003e-37 -7.43978e-37  1.95498e-38 -2.04187e-38  2.23632e-40
 1.25748e-06 -1.65648e-18 -2.98468e-05  1.34655e-18  8.84428e-05  1.03425e-17  0.000511833 -1.58178e-17  -0.00253872 -3.73815e-17  0.000886374  5.48848e-17   0.00900759  6.68538e-17  -0.00629773 -3.09808e-17   -0.0156099 -5.83192e-17   0.00518428 -3.75449e-17    0.0193422 -8.05908e-17   0.00678903 -4.44359e-17   -0.0106084  1.32958e-16   -0.0134807  2.14412e-16  -0.00522808  7.59697e-17   0.00276468  -9.6723e-17   0.00531774 -1.27521e-16    0.0039205 -5.82441e-17   0.00164465 -1.18119e-18   0.00014871  1.16168e-17 -0.000398816  5.95775e-18 -0.000410993  1.93048e-18 -0.000262203  1.43506e-18 -0.000129403  1.54148e-18 -5.21794e-05  1.16652e-18 -1.71873e-05  4.09553e-19 -4.32619e-06 -3.53915e-19  -5.7425e-07 -7.02111e-19  1.75508e-07 -5.53545e-19  1.80838e-07 -2.17788e-19  9.29068e-08 -8.59726e-22  3.73635e-08  4.22061e-20  1.29413e-08  9.50918e-21  4.00816e-09 -1.65313e-20  1.13128e-09 -1.84428e-20   2.9417e-10 -9.97867e-21  7.09544e-11 -3.03807e-21  1.59446e-11 -2.22866e-22  3.34746e-12  2.20959e-22   6.5768e-13  3.93928e-23  1.21022e-13 -8.62119e-23  2.08601e-14  -9.1558e-23   3.3663e-15 -5.48882e-23  5.08063e-16 -2.40671e-23  7.16029e-17 -8.23341e-24  9.40357e-18 -2.22406e-24  1.14785e-18 -4.68639e-25  1.29827e-19 -7.68103e-26  1.35564e-20 -1.18665e-26  1.30126e-21    -3.25e-27  1.14248e-22 -1.35936e-27  9.12128e-24 -4.90996e-28  6.57649e-25  -1.3742e-28  4.24743e-26 -3.03389e-29  2.43398e-27 -5.41834e-30  1.22457e-28 -8.00861e-31  5.35699e-30 -1.00405e-31  2.03211e-31 -1.09427e-32  6.81447e-33 -1.04332e-33   2.1453e-34 -8.36627e-35  6.75802e-36 -5.10939e-36  1.96095e-37 -1.98762e-37  3.72672e-39 -3.10646e-39
 5.71482e-19  1.03906e-06 -2.80159e-18 -5.64476e-05  1.76702e-18  0.000282472  1.32667e-17  0.000142747 -2.33444e-17  -0.00298052 -3.89749e-17   0.00294949  5.60736e-17   0.00801843  7.87328e-17  -0.00846418 -8.83672e-18   -0.0143822 -5.38854e-17   0.00602985 -8.05908e-17    0.0189377 -1.29111e-16   0.00748793 -4.23269e-17  -0.00935707   1.6844e-16   -0.0136256  2.40643e-16  -0.00683254  8.96234e-17   0.00110043 -8.23145e-17   0.00459068 -1.17714e-16   0.00410719 -6.19828e-17   0.00222411 -1.30387e-17  0.000687794  1.62049e-18 -6.21952e-05   1.0138e-18 -0.000255676   1.3352e-19 -0.000212388  8.14701e-19 -0.000123855   1.3436e-18 -5.86003e-05  1.05627e-18 -2.35831e-05  1.77698e-19 -8.20438e-06 -6.61337e-19 -2.45937e-06 -9.28286e-19  -6.1677e-07 -6.55182e-19 -1.16837e-07 -2.57849e-19 -8.93419e-09 -3.40451e-20  5.26666e-09  8.10359e-21  3.54767e-09 -1.52944e-20  1.44024e-09 -2.86149e-20  4.72649e-10 -2.21934e-20  1.35126e-10 -1.05805e-20  3.47009e-11 -3.12073e-21  8.12891e-12 -3.97613e-22  1.75199e-12  2.92252e-23  3.49131e-13 -7.95537e-23  6.45068e-14 -1.34189e-22  1.10652e-14 -1.02506e-22  1.76267e-15 -5.39415e-23  2.60615e-16 -2.17713e-23  3.57194e-17 -6.98069e-24   4.5296e-18 -1.78963e-24  5.30124e-19 -3.66393e-25  5.70805e-20 -6.25954e-26  5.63281e-21 -1.15682e-26  5.07094e-22 -3.37076e-27  4.14172e-23 -1.20711e-27  3.04876e-24  -3.7576e-28  2.00653e-25  -9.3791e-29  1.16946e-26  -1.8843e-29  5.96908e-28  -3.0977e-30  2.63904e-29 -4.24782e-31   1.0068e-30 -4.96669e-32  3.39875e-32 -5.03617e-33  1.11333e-33 -4.38258e-34  3.98919e-35   -3.076e-35  1.46057e-36 -1.53107e-36   4.0444e-38 -4.16895e-38  4.84009e-40
 8.04212e-07  1.27258e-18 -7.12187e-06 -3.68511e-18 -5.63685e-05  3.08204e-18  0.000493205  1.42844e-17 -0.000515983 -3.14345e-17   -0.0028359 -4.16424e-17   0.00480455  5.75065e-17   0.00648675  9.24395e-17   -0.0101783  2.00549e-17   -0.0131269  -4.8676e-17   0.00678903 -1.29111e-16    0.0186252 -1.79811e-16   0.00814711 -4.31244e-17   -0.0081089   1.9622e-16   -0.0135544  2.61452e-16  -0.00823253  1.06688e-16 -0.000630238 -5.96386e-17   0.00355721 -1.00658e-16   0.00395184 -6.06843e-17   0.00257785 -2.17877e-17   0.00114207 -7.21819e-18  0.000280032 -4.15206e-18 -6.18879e-05 -2.27626e-18  -0.00012519 -2.43986e-19 -9.31244e-05  8.67453e-19 -5.12284e-05  6.88852e-19 -2.34808e-05 -2.68429e-19 -9.37559e-06 -1.07678e-18 -3.33151e-06 -1.18094e-18 -1.06521e-06 -7.64245e-19 -3.07983e-07 -3.13091e-19 -8.05329e-08 -8.39439e-20  -1.8944e-08 -3.56271e-20 -3.95399e-09 -4.27682e-20 -7.09325e-10 -4.03919e-20 -1.00406e-10 -2.53648e-20 -7.57751e-12 -1.10074e-20  1.41911e-12 -3.24675e-21  8.47554e-13  -6.2598e-22  2.56462e-13 -1.73867e-22  6.07242e-14 -1.87109e-22  1.23108e-14 -1.69154e-22  2.20887e-15 -1.05866e-22  3.55938e-16 -4.99758e-23  5.18466e-17 -1.86624e-23   6.8402e-18  -5.6177e-24  8.16444e-19 -1.37022e-24  8.78254e-20 -2.74382e-25   8.4559e-21 -4.91531e-26  7.20634e-22 -1.02741e-26  5.33717e-23 -3.00806e-27  3.32167e-24 -9.57863e-28   1.6103e-25 -2.64212e-28  4.62724e-27 -5.94925e-29 -1.06586e-28 -1.09232e-29 -2.58903e-29 -1.65517e-30 -2.04776e-30 -2.10509e-31 -1.03958e-31 -2.28845e-32 -3.21594e-33    -2.14e-33 -1.03502e-35 -1.67073e-34  5.10061e-36 -9.97555e-36  2.89811e-37 -3.82926e-37  6.91724e-39 -5.95431e-39
-3.03481e-19  2.53601e-06  1.80562e-18 -2.87559e-05  -3.9191e-18  8.59105e-06  5.84248e-18  0.000602929   1.3347e-17  -0.00130687 -4.05928e-17  -0.00210775 -4.57458e-17   0.00622793  5.85017e-17   0.00462275   1.0958e-16   -0.0114887  5.50036e-17   -0.0118658 -4.44359e-17   0.00748793 -1.79811e-16    0.0183952 -2.28895e-16   0.00878398  -4.7304e-17  -0.00685726  2.13146e-16   -0.0132816  2.74698e-16  -0.00940444  1.25805e-16  -0.00235486 -3.00227e-17   0.00228287 -7.66616e-17   0.00346541 -5.33482e-17   0.00266355 -2.58564e-17   0.00144723 -1.33806e-17  0.000570189 -8.32836e-18  0.000131433 -4.46425e-18 -2.18568e-05 -1.28386e-18 -4.67921e-05  2.89944e-19 -3.35916e-05  1.30156e-19 -1.78622e-05 -8.69847e-19 -7.97339e-06 -1.54676e-18 -3.13012e-06 -1.43261e-18 -1.10611e-06 -8.73769e-19   -3.567e-07 -3.81336e-19 -1.05915e-07 -1.46477e-19 -2.91407e-08 -8.43012e-20  -7.4642e-09 -6.97507e-20 -1.78667e-09 -5.04745e-20 -4.00925e-10 -2.75596e-20 -8.45803e-11 -1.11752e-20 -1.68191e-11 -3.37293e-21 -3.16038e-12 -8.65777e-22 -5.62427e-13 -3.59097e-22  -9.4979e-14 -2.69841e-22 -1.52412e-14 -1.87458e-22 -2.32526e-15 -1.01716e-22 -3.37072e-16 -4.36851e-23 -4.63398e-17 -1.51575e-23 -6.02244e-18  -4.2925e-24 -7.36661e-19 -9.99616e-25 -8.43529e-20 -1.97275e-25 -8.98674e-21 -3.71428e-26 -8.84814e-22   -8.412e-27 -7.99277e-23 -2.40433e-27 -6.57253e-24 -6.92472e-28 -4.87764e-25  -1.7181e-28 -3.23493e-26 -3.51471e-29 -1.89483e-27   -5.914e-30 -9.65178e-29 -8.26587e-31   -4.178e-30 -9.73926e-32 -1.47575e-31 -9.79583e-33 -3.88509e-33 -8.34826e-34 -5.52166e-35 -5.72181e-35  7.53711e-37 -2.79745e-36  5.84832e-38 -7.54448e-38  8.64244e-40
