 3.08059e-34 -3.64385e-38 -2.41677e-34 -3.55818e-38  1.48769e-35  8.69431e-37  1.01149e-34 -9.41795e-38 -1.39326e-34  1.86563e-36  3.53058e-35 -7.18357e-37  9.06028e-36 -4.07873e-39  3.80231e-35 -6.57236e-37 -2.82807e-35 -1.86966e-37   6.7653e-37   2.9108e-37 -3.69188e-37   2.1232e-38 -3.30132e-36  8.70176e-38  3.75355e-36  1.07759e-37 -1.82059e-36  9.25424e-38 -1.86049e-37 -4.58864e-39 -5.66807e-37 -7.27392e-39  1.54905e-37 -1.34217e-39 -1.00254e-37 -7.04415e-39  5.36216e-38  1.19457e-39  6.52378e-41 -5.85254e-41 -9.23574e-39 -7.27996e-40 -4.87206e-39  4.12889e-40  4.99731e-39 -9.39831e-41 -8.91587e-40  8.33177e-42  9.46967e-40  4.77106e-42 -9.90324e-40 -1.11048e-41  2.97724e-40  6.25415e-42 -8.87594e-42 -3.86515e-42 -9.38254e-42 -2.50857e-42  7.71735e-42 -3.85492e-43  8.95656e-42  1.99777e-43  8.79027e-42  2.95711e-43 -2.32944e-42  4.92459e-45  4.92942e-43 -4.95187e-45  -7.6927e-44 -3.52854e-44   -2.033e-44  1.46756e-44 -1.31262e-43 -6.25339e-46  4.53493e-44  5.41432e-47 -8.43781e-45 -6.82741e-47  3.24716e-45 -1.21653e-47 -1.89842e-45 -8.26347e-47 -1.95424e-45   3.2104e-46  4.40245e-45 -8.15435e-46  -7.2113e-45  1.73772e-45  1.06894e-44 -3.29153e-45 -1.41345e-44  5.65866e-45  1.64708e-44 -8.85854e-45 -1.65998e-44  1.26224e-44  1.40781e-44 -1.63389e-44 -9.56142e-45   1.9152e-44  4.60352e-45  -2.0239e-44 -7.97427e-46  1.91707e-44 -1.11608e-45  -1.6158e-44  1.45731e-45  1.20073e-44 -1.05919e-45 -7.77646e-45  5.83304e-46  4.32488e-45 -2.73061e-46 -2.02601e-45  1.14089e-46   7.7895e-46 -4.12138e-47 -2.36995e-46  1.18581e-47  5.40273e-47 -2.49473e-48 -8.43395e-48  3.48249e-49  7.56482e-49 -2.60375e-50 -2.34653e-50
-3.64385e-38   6.5226e-34 -1.67544e-37 -2.88346e-34 -3.18991e-37  3.37288e-35  3.38286e-36  1.87438e-34 -1.28037e-36 -2.32494e-34   6.0639e-36  7.00117e-35  -2.1502e-36  3.30186e-35  7.91298e-38  1.07294e-34 -1.52739e-36  -8.0876e-35 -8.35504e-37  2.89765e-36  7.35551e-37  2.77704e-37  1.10299e-37 -5.48293e-36   2.3736e-37  7.52762e-36  2.72099e-37 -4.36565e-36  3.43349e-37 -2.91179e-37 -3.98039e-38 -1.53606e-36 -6.73504e-39  4.27675e-37 -6.47948e-39 -2.68227e-37 -1.59433e-38  1.71334e-37  1.56473e-39 -1.16833e-38  1.22369e-40 -2.12283e-38 -2.14278e-39 -2.09581e-38  1.36406e-39  1.79167e-38 -3.37658e-40 -5.11494e-39 -3.22498e-42  2.25965e-39  3.50898e-41 -2.85321e-39 -7.10156e-41  1.01999e-39  3.33744e-41 -3.53406e-42 -1.27369e-41 -8.15806e-41 -7.96883e-42  3.71667e-41 -2.00227e-42  2.85218e-41  5.65608e-43  3.08695e-41  1.09167e-42 -7.42317e-42   4.6599e-44  8.26959e-43 -9.89666e-45 -2.15478e-44 -1.11612e-43 -9.58584e-44  4.79013e-44 -4.85281e-43  1.83794e-46  1.71482e-43  3.05758e-47 -2.57073e-44 -9.52895e-46 -3.82529e-45  2.14364e-45  2.52157e-44 -5.48765e-45 -6.82218e-44  1.22267e-44  1.21241e-43 -2.47871e-44 -1.90115e-43  4.61113e-44  2.67338e-43 -7.88938e-44 -3.33471e-43   1.2421e-43  3.63983e-43 -1.79572e-43 -3.40891e-43  2.37669e-43  2.65779e-43 -2.86893e-43 -1.63157e-43  3.14393e-43  6.83759e-44 -3.11024e-43 -7.19606e-45  2.75885e-43 -1.67541e-44 -2.17606e-43  1.71883e-44  1.51076e-43 -1.03286e-44 -9.11539e-44  4.81622e-45  4.70301e-44 -2.01601e-45 -2.03145e-44  7.88933e-46  7.13843e-45 -2.62901e-46 -1.95875e-45  6.60389e-47  3.94041e-46 -1.14233e-47 -5.20663e-47  1.20997e-48  3.53654e-48 -5.18916e-50
-2.41677e-34 -1.67544e-37  8.92076e-34 -3.42078e-37 -3.42078e-34 -1.15302e-36  6.50543e-35  8.91273e-36  2.62128e-34 -4.01966e-36 -2.71335e-34  1.32471e-35   1.2558e-34 -3.71141e-36  6.62527e-35  1.42678e-37  1.88801e-34 -1.93357e-36 -1.43989e-34 -2.18053e-36 -8.73268e-37  1.35496e-36  1.86817e-36  2.07028e-37 -6.83778e-36  4.98025e-37  1.07841e-35  4.47297e-37 -7.83012e-36  8.43367e-37  1.27751e-37 -1.18218e-37 -3.09907e-36  6.60477e-39  9.18987e-37 -1.05036e-38  -5.2082e-37 -2.25621e-38  3.70283e-37 -4.01521e-40 -5.07986e-38  1.33452e-39 -3.71063e-38 -4.35877e-39  -5.6497e-38  3.14516e-39  4.51192e-38 -9.12144e-40 -1.65372e-38   -6.108e-41  2.95955e-39  1.19147e-40 -5.74214e-39 -2.39974e-40  2.44211e-39  9.93488e-41  1.19734e-40 -2.70524e-41 -3.43539e-40 -1.73877e-41  1.17591e-40 -6.48043e-42  6.57902e-41  9.85791e-43  7.17508e-41  2.78066e-42 -1.49875e-41  1.78492e-43 -7.05994e-43 -5.09642e-45  8.34033e-43 -2.54888e-43 -2.97867e-43  1.15012e-43 -1.28516e-42  5.18667e-45  3.90964e-43  5.53257e-45  8.13408e-44 -1.88998e-44 -3.48806e-43  4.36408e-44  7.36977e-43 -9.63685e-44 -1.39308e-42  1.95675e-43  2.30746e-42 -3.68169e-43 -3.43129e-42  6.41344e-43  4.55282e-42  -1.0326e-42 -5.32757e-42  1.53329e-42  5.41316e-42 -2.09332e-42 -4.67036e-42   2.6179e-42  3.30198e-42 -2.98582e-42 -1.78583e-42  3.08952e-42  6.06551e-43 -2.88216e-42  1.62196e-44  2.40591e-42 -1.82548e-43 -1.78079e-42  1.37259e-43  1.15568e-42 -6.47574e-44 -6.48409e-43   2.4977e-44  3.08889e-43 -9.67845e-45 -1.21988e-43  3.68114e-45  3.86393e-44 -1.11773e-45 -9.34958e-45  2.35494e-46  1.59697e-45 -3.19853e-47 -1.65376e-46  2.36435e-48  6.63915e-48
-3.55818e-38 -2.88346e-34 -3.42078e-37  1.27498e-33 -1.25635e-37  -6.2721e-34 -2.56568e-36  1.56506e-34  1.84157e-35  2.53776e-34 -7.85509e-36 -2.44611e-34  2.24144e-35  2.20216e-34 -4.14643e-36  1.04976e-34  2.41819e-38  2.48892e-34 -6.63638e-37 -1.98364e-34 -4.10049e-36  -1.5254e-35  2.18989e-36  4.57616e-36  1.77771e-37 -8.75948e-36  9.14988e-37  1.36554e-35   5.5629e-37 -1.25381e-35  1.62639e-36  1.71254e-36 -2.23945e-37 -5.39094e-36  3.04378e-38     1.79e-36 -2.42594e-39 -8.34619e-37 -1.93963e-38  6.14134e-37 -6.44843e-39 -1.25965e-37  4.70455e-39  -6.4123e-38 -6.94522e-39  -1.1521e-37   5.8332e-39  9.42163e-38  -2.0196e-39 -3.91221e-38 -1.84893e-40  -1.8046e-40  2.71196e-40 -9.01458e-39  -5.8779e-40  4.63191e-39  2.15076e-40  6.32653e-40 -4.10379e-41  -1.0313e-39 -2.95555e-41  2.86531e-40 -1.61787e-41   1.3171e-40  1.07828e-42   1.2369e-40  5.66878e-42 -1.96014e-41  4.36828e-43 -8.34794e-42  3.96097e-44   4.1181e-42 -4.99875e-43 -8.59378e-43  2.48333e-43 -2.40766e-42 -6.87498e-45 -4.20505e-43  9.61941e-44  2.98599e-42 -2.44041e-43 -6.62412e-42  5.36804e-43  1.27083e-41 -1.11068e-42 -2.21515e-41  2.13411e-42  3.47391e-41 -3.81012e-42 -4.88248e-41  6.30734e-42  6.08992e-41 -9.65766e-42 -6.65258e-41  1.36382e-41  6.25098e-41 -1.77003e-41 -4.91976e-41  2.10257e-41  3.10208e-41 -2.27489e-41 -1.42615e-41  2.22902e-41  3.39654e-42 -1.96445e-41  1.04959e-42  1.54442e-41 -1.53101e-42 -1.07232e-41  8.15483e-43  6.49423e-42 -2.83586e-43 -3.37716e-42  9.01996e-44  1.47752e-42 -3.59678e-44 -5.29066e-43  1.37346e-44  1.49102e-43  -3.6243e-45 -3.11414e-44  6.03721e-46  4.34015e-45 -6.10356e-47 -3.18805e-46  2.62893e-48
 1.48769e-35 -3.18991e-37 -3.42078e-34 -1.25635e-37  2.03296e-33  1.32691e-36 -1.12128e-33 -4.13011e-36    3.299e-34  3.15426e-35  1.19901e-34 -1.18879e-35   -1.934e-34  3.08881e-35  3.61508e-34 -2.39464e-36   1.4763e-34 -2.65475e-37  2.64123e-34  3.09799e-36 -2.31829e-34  -6.0204e-36  -4.0314e-35  3.35271e-36  9.09312e-36 -6.40602e-38 -1.40024e-35  1.47803e-36  1.78978e-35  5.59775e-37 -1.92038e-35  2.63545e-36  4.94676e-36 -3.04097e-37  -8.5376e-36   4.7694e-38  3.27957e-36  3.03278e-38 -1.16046e-36  1.85226e-39  8.14442e-37 -1.85073e-38 -2.29165e-37  1.13598e-38 -1.23861e-37 -8.91324e-39 -1.92921e-37  9.21096e-39   1.7514e-37 -3.82835e-39 -7.42372e-38 -3.43541e-40 -1.36314e-38  4.58305e-40 -1.08072e-38 -1.17155e-39  7.19453e-39  3.72439e-40  2.02698e-39 -4.12842e-41 -2.48505e-39  -4.0141e-41  5.74116e-40 -3.38148e-41  2.50664e-40  2.06891e-43  1.55532e-40   9.8556e-42  -7.8797e-42  7.51076e-43 -2.98536e-41  1.96156e-43  1.36547e-41 -9.50022e-43 -4.90032e-42  6.08801e-43  3.62178e-42 -3.38738e-43  -2.0905e-41  1.03497e-42  4.89147e-41 -2.37771e-42 -9.83216e-41   5.0081e-42  1.78919e-40  -9.8739e-42 -2.95238e-40   1.8118e-41  4.38293e-40 -3.08988e-41 -5.80447e-40   4.8857e-41  6.77918e-40 -7.14259e-41 -6.87664e-40  9.62305e-41  5.93001e-40 -1.19024e-40 -4.20616e-40  1.34547e-40  2.31197e-40 -1.38274e-40 -8.50058e-41  1.28385e-40  8.08091e-42 -1.06894e-40  1.33394e-41  7.90912e-41 -9.87778e-42 -5.14315e-41  3.55089e-42  2.89898e-41 -8.03451e-43 -1.39151e-41  2.32291e-43   5.5564e-42 -1.19174e-43 -1.78709e-42  4.39358e-44  4.41488e-43 -9.18715e-45 -7.75562e-44   1.1296e-45  8.34636e-45  -8.0143e-47 -3.53704e-46
 8.69431e-37  3.37288e-35 -1.15302e-36  -6.2721e-34  1.32691e-36  3.10457e-33   4.8073e-36 -1.61523e-33 -5.47903e-36  5.40388e-34  4.59497e-35 -9.90712e-35 -1.59675e-35 -1.78703e-34  3.52635e-35  5.29744e-34   1.6448e-36  1.92658e-34 -5.42393e-37   2.3084e-34  8.97515e-36 -2.40253e-34 -7.11722e-36 -7.49051e-35  4.94859e-36   1.6611e-35 -4.06892e-37 -2.58594e-35  2.01869e-36  2.64318e-35  4.91133e-37 -2.86014e-35  3.71933e-36  9.90352e-36 -2.79637e-37 -1.26389e-35  2.75459e-38  5.67224e-36  9.45121e-38 -1.44904e-36  4.97819e-38  8.70986e-37 -3.97354e-38 -3.43878e-37  2.21952e-38 -2.54672e-37 -8.92605e-39 -2.76483e-37  1.27601e-38  2.99122e-37 -6.45678e-39 -1.17248e-37 -3.88367e-40 -4.73595e-38  5.88167e-40  -7.5788e-39 -2.02601e-39  9.00766e-39  5.37862e-40  4.97513e-39 -9.59337e-42 -5.08063e-39 -4.13217e-41   9.7757e-40 -6.15781e-41  4.72053e-40 -2.51576e-42  1.07457e-40  1.51967e-41  4.39637e-41  8.09909e-43 -8.13696e-41   6.9156e-43   5.0712e-41 -2.12017e-42  -5.8737e-41   2.3172e-42  1.29341e-40 -3.55282e-42 -3.14913e-40  8.70774e-42  6.60587e-40  -1.8936e-41 -1.25897e-39  3.82888e-41  2.17996e-39 -7.23145e-41 -3.41064e-39  1.27145e-40   4.7818e-39 -2.07686e-40 -5.94717e-39  3.14344e-40  6.47498e-39 -4.39516e-40 -6.06128e-39  5.65689e-40  4.75222e-39 -6.67448e-40 -2.98922e-39  7.18433e-40  1.38261e-39 -7.01448e-40 -3.54674e-40  6.17002e-40 -5.96552e-41 -4.84957e-40  1.05933e-40  3.37224e-40 -4.79467e-41  -2.0492e-40  9.93243e-42  1.07139e-40 -7.90544e-43 -4.72333e-41  4.99814e-43   1.7088e-41  -3.9721e-43 -4.88124e-42  1.19901e-43  1.03762e-42 -1.75624e-44 -1.47998e-43  1.51236e-45  1.12127e-44 -6.74682e-47
 1.01149e-34  3.38286e-36  6.50543e-35 -2.56568e-36 -1.12128e-33   4.8073e-36  4.23519e-33  1.03837e-35 -1.89013e-33 -7.03698e-36  6.90043e-34  5.75936e-35 -3.15673e-34 -2.12138e-35 -2.19692e-34  3.31056e-35  6.78816e-34  6.96636e-36  2.38487e-34 -7.68536e-37  1.59585e-34  1.53869e-35 -2.21871e-34 -6.64799e-36 -1.20263e-34  6.91907e-36  2.86599e-35 -4.69916e-37 -4.71932e-35  2.14558e-36     4.25e-35  4.46836e-37 -4.12121e-35   4.6797e-36  1.62992e-35 -7.02071e-38 -1.77998e-35 -6.26465e-38  9.24527e-36  1.83915e-37 -1.68348e-36  1.33613e-37  7.44925e-37 -7.55126e-38 -4.70791e-37  3.78635e-38 -5.06575e-37 -5.84215e-39 -3.44482e-37  1.57764e-38  4.74087e-37 -1.00385e-38 -1.55079e-37  1.52062e-41 -1.13393e-37  5.47459e-40  5.93855e-39 -3.18404e-39  8.12896e-39  6.55892e-40  1.01675e-38  6.90669e-41 -9.09992e-39 -2.24537e-41  1.43672e-39 -9.99611e-41  8.80811e-40  -8.3154e-42 -1.09918e-40  2.15464e-41  1.93022e-40 -2.98486e-43 -2.61236e-40  2.75424e-42  3.61289e-40 -7.21349e-42 -7.74628e-40  1.30272e-41  1.80432e-39 -2.72634e-41 -3.95312e-39  6.15618e-41  7.87401e-39 -1.28211e-40 -1.42948e-38  2.49136e-40  2.35218e-38 -4.51684e-40 -3.48291e-38  7.62077e-40  4.59834e-38 -1.19374e-39 -5.35034e-38  1.73117e-39  5.40218e-38 -2.31672e-39 -4.63178e-38  2.85008e-39  3.26183e-38 -3.20885e-39 -1.77745e-38  3.28906e-39  6.48603e-39 -3.05012e-39 -6.67943e-40  2.54007e-39 -8.83461e-40 -1.88255e-39  6.01937e-40  1.22805e-39 -1.61887e-40 -6.95447e-40  5.18816e-42  3.35922e-40  4.59275e-42 -1.35222e-40  1.73272e-42  4.39326e-41 -1.30212e-42 -1.09906e-41  2.58591e-43  1.96149e-42 -2.30481e-44 -2.15403e-43  1.44218e-45  9.37406e-45
-9.41795e-38  1.87438e-34  8.91273e-36  1.56506e-34 -4.13011e-36 -1.61523e-33  1.03837e-35  5.13907e-33  1.70741e-35 -1.85688e-33 -1.00203e-35  7.02533e-34  6.22147e-35 -4.73311e-34 -2.92226e-35 -2.74136e-34   2.4276e-35  7.57464e-34  1.19745e-35  2.84132e-34 -1.29514e-36  6.23925e-35   2.0319e-35 -1.72431e-34  -4.1397e-36 -1.80007e-34  8.88142e-36  4.69876e-35  3.28656e-37 -7.97101e-35  1.29888e-36   6.8924e-35  5.38948e-37  -5.7114e-35  5.35231e-36   2.3826e-35  3.77246e-37 -2.42089e-35 -2.36837e-37  1.42045e-35  2.75358e-37 -1.89345e-36  2.62253e-37  5.27609e-37 -1.33302e-37 -6.52774e-37  5.88613e-38 -9.29049e-37   5.6804e-40 -3.69554e-37  1.75651e-38  6.97467e-37 -1.48245e-38 -1.66812e-37  1.40616e-39 -2.22578e-37  2.91806e-40  3.61193e-38 -4.72706e-39  1.99077e-39   6.6239e-40   1.8062e-38  1.96696e-40 -1.45794e-38  2.83561e-41  1.81808e-39 -1.46934e-40   1.6309e-39 -1.90749e-41 -7.09221e-40  2.98532e-41  8.68623e-40 -6.11986e-42 -1.71924e-39  1.41166e-41  3.95701e-39   -3.593e-41 -9.45681e-39  7.93823e-41   2.1365e-38 -1.75419e-40  -4.4458e-38  3.76811e-40   8.4491e-38  -7.5408e-40 -1.45993e-37  1.40889e-39  2.27829e-37 -2.45412e-39 -3.18466e-37  3.97589e-39  3.94617e-37 -5.97566e-39  -4.2765e-37  8.30707e-39  3.97947e-37  -1.0644e-38  -3.0954e-37  1.25191e-38  1.92551e-37 -1.34514e-38  -8.7521e-38  1.31281e-38  2.16008e-38 -1.15591e-38  4.04448e-39  9.10692e-39 -6.30359e-39 -6.35624e-39  2.47486e-39   3.8819e-39 -2.57602e-40 -2.04238e-39  -1.1206e-40  9.07212e-40  2.23514e-41 -3.31123e-40  9.44467e-42  9.55654e-41 -3.60353e-42 -2.05625e-41  3.76379e-43  2.97611e-42 -1.71703e-44 -2.29632e-43   1.0462e-45
-1.39326e-34 -1.28037e-36  2.62128e-34  1.84157e-35    3.299e-34 -5.47903e-36 -1.89013e-33  1.70741e-35  5.63005e-33  2.30952e-35 -1.58607e-33 -1.56193e-35  5.80102e-34   5.7342e-35 -5.77506e-34 -4.06603e-35 -2.75053e-34  1.10212e-35  7.33907e-34  1.52587e-35  3.28145e-34 -2.66646e-36 -5.73577e-35  2.22222e-35 -8.47283e-35  6.33629e-37 -2.57336e-34  1.00676e-35  7.33437e-35  2.57586e-36 -1.23701e-34   -1.053e-36  1.07515e-34  8.31732e-37 -7.60749e-35  5.68049e-36  3.25272e-35  1.06788e-36  -3.2211e-35 -4.71381e-37  2.06188e-35  3.30676e-37  -2.1393e-36  4.40919e-37  4.61713e-37 -2.21068e-37 -9.75725e-37  8.54298e-38 -1.55426e-36  9.07975e-39 -3.23863e-37  1.76526e-38   9.5048e-37 -2.12137e-38 -1.28336e-37  4.44002e-39  -3.8052e-37 -4.86219e-41  8.92317e-38 -6.84497e-39 -1.21279e-38    5.028e-40  2.86266e-38  3.56777e-40 -2.11647e-38  1.22152e-40  1.80211e-39 -1.97902e-40  3.38997e-39  -3.8829e-41 -3.43569e-39  4.70799e-41  7.05532e-39 -3.46583e-41 -1.79942e-38  7.95752e-41  4.50133e-38 -1.97571e-40 -1.05659e-37  4.51111e-40  2.29051e-37 -9.82549e-40 -4.55202e-37  2.02462e-39   8.2469e-37  -3.8967e-39  -1.3539e-36  7.00096e-39  1.99911e-36 -1.17199e-38 -2.63022e-36   1.8237e-38  3.04707e-36 -2.63073e-38  -3.0594e-36  3.50678e-38  2.60357e-36 -4.30356e-38 -1.81422e-36  4.84086e-38  9.72275e-37 -4.96504e-38 -3.42943e-37  4.61445e-38   2.7302e-38 -3.85706e-38  5.05329e-38  2.87327e-38 -3.10056e-38 -1.88636e-38  6.60697e-39  1.07632e-38  8.89316e-40 -5.24326e-39 -6.46444e-40  2.13034e-39   1.3703e-41 -6.99107e-40  4.12261e-41    1.768e-40 -7.02898e-42 -3.19316e-41  2.15272e-43  3.55489e-42 -5.65749e-45   -1.573e-43
 1.86563e-36 -2.32494e-34 -4.01966e-36  2.53776e-34  3.15426e-35  5.40388e-34 -7.03698e-36 -1.85688e-33  2.30952e-35  5.69447e-33    2.647e-35 -1.22792e-33 -2.42486e-35  3.95886e-34  4.36859e-35 -6.64505e-34 -5.45597e-35 -1.79526e-34 -3.03533e-36  6.05859e-34   1.6118e-35  3.67309e-34 -5.11585e-36  -2.0736e-34  2.04081e-35  4.89528e-35  7.75162e-36 -3.52282e-34   9.4492e-36   1.0889e-34  6.61191e-36 -1.78112e-34 -5.14549e-36  1.58444e-34  1.28951e-36  -9.7641e-35  5.74062e-36  4.29765e-35  1.95567e-36 -4.23019e-35 -7.00187e-37  2.83605e-35  3.06632e-37  -2.4775e-36  6.66704e-37  8.90141e-37 -3.44805e-37 -1.53537e-36  1.17074e-37 -2.37798e-36  1.70157e-38 -1.88747e-37  1.59548e-38  1.19815e-36  -2.9614e-38 -1.97728e-38   9.6791e-39 -5.84586e-37 -1.02794e-40  1.70073e-37 -9.87535e-39 -3.64522e-38  1.49647e-40  4.10459e-38  5.19896e-40  -2.7599e-38  2.66373e-40 -7.70205e-40 -2.44772e-40  1.28401e-38 -8.18933e-41 -2.82265e-38  1.09726e-40   7.5098e-38   -1.781e-40 -1.96687e-37  4.27326e-40  4.80948e-37 -1.02518e-39 -1.08632e-36  2.29553e-39  2.25443e-36 -4.84095e-39 -4.27673e-36  9.58681e-39  7.37406e-36 -1.77434e-38  -1.1478e-35  3.06484e-38  1.59934e-35 -4.93081e-38 -1.97391e-35  7.37073e-38  2.12828e-35 -1.02083e-37 -1.96717e-35  1.30553e-37  1.51588e-35  -1.5356e-37 -9.29629e-36  1.65333e-37  4.11715e-36 -1.62011e-37 -9.36451e-37  1.43496e-37 -2.46631e-37 -1.13925e-37  3.09074e-37  8.02471e-38 -1.08285e-37 -4.95198e-38  4.06147e-39  2.63479e-38  8.48076e-39 -1.18415e-38 -1.81126e-39  4.37363e-39 -2.75654e-40 -1.27724e-39  1.19234e-40  2.78035e-40 -6.70853e-42 -4.07167e-41 -3.41187e-43  3.18144e-42 -7.86385e-45
 3.53058e-35   6.0639e-36 -2.71335e-34 -7.85509e-36  1.19901e-34  4.59497e-35  6.90043e-34 -1.00203e-35 -1.58607e-33    2.647e-35  5.45867e-33  2.56192e-35 -9.08619e-34 -3.55602e-35  2.44972e-34  2.50939e-35  -7.5859e-34 -6.89886e-35  1.28967e-35 -1.41424e-35  3.92937e-34  1.45603e-35  3.97705e-34 -8.23221e-36 -4.01561e-34  1.48782e-35  2.33991e-34  1.71567e-35 -4.60658e-34  6.04966e-36   1.5317e-34  1.23254e-35 -2.40559e-34 -1.07132e-35  2.19546e-34  1.76039e-36 -1.21102e-34  5.70759e-36   5.6181e-35  2.95907e-36 -5.49841e-35 -8.30332e-37    3.706e-35  1.71799e-37 -2.93325e-36  9.26156e-37  2.14248e-36 -5.06022e-37 -2.38417e-36  1.51785e-37 -3.34003e-36  2.09489e-38  3.43061e-38  1.28561e-38  1.39621e-36 -4.01223e-38  1.67763e-37  1.73207e-38 -8.23709e-37  7.25446e-40  2.80924e-37  -1.4298e-38 -7.16741e-38 -3.85556e-40  5.20346e-38   6.6453e-40 -2.59022e-38  4.58632e-40 -2.96052e-38 -2.64533e-40  1.04456e-37 -2.11877e-40 -2.92925e-37  3.87477e-40  7.97465e-37 -8.58457e-40 -2.02872e-36   2.0615e-39  4.77278e-36 -4.75759e-39  -1.0334e-35  1.02892e-38  2.05011e-35 -2.08861e-38 -3.70701e-35  3.97312e-38  6.07153e-35 -7.06534e-38 -8.93909e-35  1.17265e-37  1.17189e-34 -1.81287e-37 -1.35142e-34  2.60417e-37  1.34881e-34 -3.46582e-37 -1.13853e-34  4.25834e-37  7.83945e-35 -4.80958e-37 -4.11829e-35  4.96745e-37  1.38743e-35 -4.66176e-37 -5.91299e-37  3.94439e-37  -2.3656e-36  -2.9805e-37  1.31276e-36  1.98791e-37 -2.29558e-37 -1.15339e-37  -6.4142e-38  5.71505e-38  3.37061e-38 -2.36097e-38 -1.44338e-39  7.87028e-39  -1.4937e-39 -2.01895e-39  2.02536e-40  3.69294e-40  6.26767e-42 -4.15823e-41 -6.61445e-43  1.86026e-42
-7.18357e-37  7.00117e-35  1.32471e-35 -2.44611e-34 -1.18879e-35 -9.90712e-35  5.75936e-35  7.02533e-34 -1.56193e-35 -1.22792e-33  2.56192e-35  5.09081e-33  1.97115e-35 -6.84194e-34 -4.89975e-35   2.0004e-34  7.06885e-36   -8.611e-34 -8.25534e-35  2.76918e-34 -1.92535e-35  1.21809e-34  1.08905e-35  4.18156e-34 -1.11178e-35 -6.51706e-34  6.00477e-36  4.70723e-34  2.85318e-35 -5.74604e-34 -6.70315e-37  2.03102e-34  1.90904e-35 -3.07136e-34 -1.69687e-35  2.85899e-34  2.00791e-36 -1.45409e-34  5.78239e-36  7.32764e-35  3.98839e-36 -7.04626e-35 -7.73403e-37  4.60842e-35 -7.50119e-38 -3.50377e-36  1.19725e-36  4.40123e-36 -6.99785e-37 -3.49058e-36  1.85331e-37 -4.30801e-36  1.79065e-38  3.18434e-37  9.15563e-39  1.50144e-36 -5.21418e-38  4.29847e-37  2.69874e-38 -1.08136e-36  3.15188e-39  4.20032e-37 -2.06768e-38 -1.11299e-37 -1.04904e-39   3.6817e-38  8.14037e-40  6.46554e-38  6.65092e-40  -3.4407e-37 -1.63232e-40  1.06565e-36 -6.94137e-40 -3.01817e-36  1.55993e-39  7.97871e-36 -3.69813e-39 -1.95316e-35  8.63594e-39  4.40833e-35 -1.90898e-38 -9.13543e-35  3.95891e-38  1.72994e-34 -7.70073e-38 -2.97645e-34  1.40351e-37  4.62084e-34  -2.3931e-37 -6.41777e-34  3.81206e-37  7.88846e-34 -5.66281e-37 -8.46054e-34   7.8267e-37  7.76496e-34 -1.00352e-36 -5.92393e-34  1.18917e-36  3.57628e-34 -1.29615e-36 -1.53647e-34  1.29169e-36  3.12521e-35 -1.16819e-36  1.19841e-35  9.50056e-37  -1.2396e-35 -6.87053e-37  3.92427e-36  4.35777e-37  5.71556e-38  -2.3832e-37 -3.88774e-37  1.09971e-37  7.53157e-38  -4.1616e-38  1.05319e-38  1.24151e-38 -4.05423e-39 -2.75097e-39  8.50961e-41  4.08496e-40  2.87702e-41 -3.22509e-41 -7.03605e-44
 9.06028e-36  -2.1502e-36   1.2558e-34  2.24144e-35   -1.934e-34 -1.59675e-35 -3.15673e-34  6.22147e-35  5.80102e-34 -2.42486e-35 -9.08619e-34  1.97115e-35  4.72458e-33  8.78357e-36  -5.5953e-34 -6.41877e-35  2.94529e-34   -5.408e-36 -9.68628e-34 -9.54892e-35  5.90662e-34 -1.64296e-35  -1.8462e-34  5.28796e-36  4.33086e-34 -1.29387e-35 -9.58824e-34 -5.52628e-36  7.51292e-34  4.11586e-35 -6.83991e-34 -1.05308e-35  2.52852e-34  2.58884e-35 -3.72347e-34 -2.27994e-35  3.50151e-34  1.78155e-36   -1.692e-34  6.12046e-36  9.51125e-35  4.97136e-36 -8.82271e-35 -4.78647e-37   5.4569e-35 -3.93481e-37 -4.19935e-36  1.45556e-36  7.60282e-36 -9.13706e-37 -4.74053e-36  2.11076e-37 -5.07314e-36  6.60079e-39  6.19152e-37  5.82648e-39  1.48008e-36 -6.41422e-38  7.51944e-37  3.77025e-38 -1.33751e-36  7.84532e-39  5.66866e-37  -2.9558e-38  -8.3274e-38 -1.75326e-39 -2.58821e-37   1.0925e-39  1.09431e-36  7.52087e-40 -3.61361e-36  3.98852e-40  1.07029e-35 -2.40809e-39 -2.93854e-35  5.70949e-39  7.47943e-35 -1.32803e-38 -1.75809e-34  2.95526e-38  3.80183e-34  -6.1909e-38 -7.53022e-34  1.21732e-37  1.35897e-33 -2.24665e-37 -2.22051e-33  3.89154e-37  3.25969e-33 -6.32474e-37 -4.25772e-33  9.64152e-37  4.88706e-33 -1.37737e-36 -4.84765e-33  1.84082e-36  4.05726e-33  -2.2949e-36 -2.75847e-33  2.65696e-36  1.41769e-33  -2.8392e-36 -4.52327e-34  2.77787e-36 -1.85439e-36 -2.46394e-36   9.0788e-35  1.95791e-36 -4.59061e-35 -1.37439e-36   6.5425e-36  8.38184e-37  2.89589e-36 -4.35199e-37 -1.26289e-36  1.87533e-37  3.75645e-38 -6.48336e-38  5.32486e-38  1.71344e-38 -5.66545e-39 -3.20546e-39 -4.67368e-40  3.66402e-40  3.18384e-41 -1.65255e-41
-4.07873e-39  3.30186e-35 -3.71141e-36  2.20216e-34  3.08881e-35 -1.78703e-34 -2.12138e-35 -4.73311e-34   5.7342e-35  3.95886e-34 -3.55602e-35 -6.84194e-34  8.78357e-36  4.44613e-33 -6.26256e-36 -5.29774e-34 -8.07837e-35  5.27796e-34 -9.76581e-36 -1.09343e-33 -1.09412e-34   9.5437e-34 -5.14853e-36 -5.09998e-34 -2.23748e-36  4.51525e-34 -1.35068e-35 -1.30705e-33 -1.84918e-35  1.05646e-33  5.39185e-35  -7.7818e-34 -2.25944e-35  2.95251e-34  3.15781e-35 -4.29764e-34  -2.7105e-35  4.03809e-34  8.97276e-37 -1.90974e-34  6.79209e-36  1.21777e-34  5.86588e-36 -1.06669e-34  4.78034e-38  6.15393e-35 -7.05421e-37 -5.10708e-36   1.6821e-36  1.14143e-35 -1.12832e-36 -5.98717e-36   2.2066e-37 -5.37043e-36 -1.17832e-38  8.96184e-37   3.5438e-39  1.31171e-36 -7.37608e-38  1.10828e-36  4.80917e-38 -1.53255e-36  1.52468e-38   5.1633e-37 -4.13406e-38  7.67147e-37 -2.39935e-39 -3.45587e-36  1.78888e-39  1.15872e-35  3.97735e-40 -3.56678e-35  2.12685e-39  1.01728e-34  -6.7945e-39 -2.69033e-34  1.52985e-38  6.58058e-34 -3.27295e-38  -1.4835e-33  6.59858e-38  3.06984e-33 -1.24296e-37 -5.80299e-33  2.18927e-37  9.96289e-33 -3.61903e-37 -1.54262e-32  5.65079e-37  2.13548e-32 -8.40742e-37 -2.61395e-32  1.20376e-36  2.78842e-32 -1.67093e-36  -2.5406e-32   2.2501e-36   1.9181e-32 -2.91527e-36 -1.13876e-32   3.5775e-36  4.73001e-33 -4.07951e-36 -8.31823e-34  4.24071e-36 -4.67358e-34 -3.94761e-36   4.1323e-34  3.23619e-36 -1.18354e-34 -2.29745e-36  -7.7649e-36  1.38667e-36  1.37913e-35 -6.96096e-37  -2.3249e-36  2.82513e-37 -4.03463e-37 -8.91387e-38  1.26056e-37  2.06064e-38  4.96831e-40 -3.14959e-39   -1.142e-39  2.52604e-40  2.22995e-42
 3.80231e-35  7.91298e-38  6.62527e-35 -4.14643e-36  3.61508e-34  3.52635e-35 -2.19692e-34 -2.92226e-35 -5.77506e-34  4.36859e-35  2.44972e-34 -4.89975e-35  -5.5953e-34 -6.26256e-36  4.32066e-33 -2.37728e-35 -6.05724e-34 -9.79473e-35  8.76511e-34 -6.71181e-36 -1.26745e-33 -1.25826e-34  1.38996e-33  1.33368e-35 -8.41918e-34 -1.14327e-35  4.81648e-34 -1.35777e-35 -1.66143e-33  -3.0957e-35  1.35428e-33  6.55095e-35 -8.47801e-34 -3.53932e-35  3.24418e-34  3.52181e-35 -4.73555e-34 -2.91324e-35   4.3914e-34  -7.0661e-37 -2.09305e-34  7.78228e-36  1.52104e-34  6.65607e-36 -1.22952e-34  7.46852e-37  6.61313e-35 -9.15562e-37 -6.44406e-36  1.86928e-36  1.52914e-35 -1.31939e-36 -7.12296e-36  2.05591e-37 -4.93068e-36 -3.34313e-38  1.13735e-36  2.00483e-39  1.00951e-36 -7.83383e-38  1.36102e-36  5.67338e-38  -1.1198e-36  2.54196e-38 -1.85064e-36 -5.61594e-38   1.0075e-35 -2.83076e-39 -3.52595e-35  3.09467e-39  1.12233e-34  1.02746e-40 -3.32047e-34  2.61174e-39  9.11941e-34 -5.04794e-39 -2.31943e-33  2.74796e-39  5.44618e-33  1.45277e-38 -1.17617e-32 -7.36349e-38  2.32589e-32  2.29064e-37 -4.18934e-32 -5.70568e-37  6.82894e-32  1.21609e-36 -9.99525e-32 -2.27182e-36  1.30072e-31   3.7515e-36  -1.4859e-31 -5.47619e-36  1.46467e-31  7.01931e-36 -1.21517e-31 -7.78272e-36  8.15299e-32  7.24173e-36 -4.09258e-32 -5.27175e-36  1.22619e-32  2.34405e-36  7.48532e-34   6.0954e-37 -2.91191e-33 -2.65211e-36  1.34869e-33  3.33443e-36  -1.4981e-34 -2.86994e-36 -1.02003e-34  1.88131e-36  3.81473e-35 -9.57795e-37 -2.53227e-37  3.73978e-37 -1.68702e-36 -1.07936e-37  1.39789e-37  2.14601e-38  1.85874e-38 -2.54585e-39 -9.78684e-40  1.16585e-40
-6.57236e-37  1.07294e-34  1.42678e-37  1.04976e-34 -2.39464e-36  5.29744e-34  3.31056e-35 -2.74136e-34 -4.06603e-35 -6.64505e-34  2.50939e-35   2.0004e-34 -6.41877e-35 -5.29774e-34 -2.37728e-35  4.41673e-33 -4.16434e-35 -8.14203e-34 -1.13934e-34  1.30221e-33  1.69517e-37 -1.53018e-33 -1.44387e-34  1.92572e-33  3.58324e-35 -1.16834e-33 -2.12435e-35   5.2349e-34 -1.47449e-35 -1.97119e-33 -4.04952e-35  1.60281e-33  7.48022e-35 -8.86046e-34 -4.73207e-35   3.3823e-34  3.63236e-35 -5.00256e-34 -2.86701e-35  4.50945e-34 -2.96203e-36 -2.22916e-34  9.01641e-36  1.83308e-34  7.33697e-36 -1.33345e-34   1.5318e-36  6.78817e-35 -9.43963e-37 -8.56485e-36  2.02253e-36  1.85898e-35 -1.46254e-36 -8.13219e-36  1.59466e-37 -3.54991e-36 -5.22104e-38  1.32037e-36 -7.90185e-40  8.87045e-37 -7.58095e-38  1.05595e-37   6.2483e-38  5.53123e-36  3.80205e-38 -2.75974e-35 -7.40719e-38  1.01252e-34 -1.73618e-39 -3.34287e-34  1.23025e-39  1.02498e-33  1.33949e-38 -2.92126e-33 -3.96234e-38  7.72049e-33  1.20163e-37 -1.88661e-32  -3.3864e-37  4.24803e-32  8.69862e-37 -8.77777e-32 -2.04631e-36  1.65636e-31  4.41926e-36 -2.83759e-31 -8.76089e-36  4.38199e-31  1.59229e-35   -6.046e-31 -2.64702e-35  7.36958e-31  4.01108e-35 -7.81846e-31 -5.51478e-35  7.07073e-31  6.83771e-35 -5.28088e-31 -7.58416e-35  3.08045e-31  7.44341e-35 -1.23289e-31 -6.36413e-35  1.78541e-32  4.62736e-35  1.50481e-32 -2.74068e-35 -1.16764e-32  1.19719e-35  3.00989e-33 -2.52637e-36  3.69583e-34 -1.33582e-36 -4.05154e-34  1.80287e-36  5.77549e-35 -1.09132e-36  1.34742e-35  4.31824e-37 -3.41536e-36 -1.14923e-37 -8.62904e-38  1.91672e-38  3.46075e-38  -1.6115e-39  5.03709e-41
-2.82807e-35 -1.52739e-36  1.88801e-34  2.41819e-38   1.4763e-34   1.6448e-36  6.78816e-34   2.4276e-35 -2.75053e-34 -5.45597e-35  -7.5859e-34  7.06885e-36  2.94529e-34 -8.07837e-35 -6.05724e-34 -4.16434e-35  4.80686e-33 -5.78116e-35 -1.18365e-33 -1.26116e-34  1.75455e-33  5.85468e-36 -1.91043e-33 -1.62123e-34  2.57609e-33  5.75985e-35 -1.47567e-33 -2.95945e-35  5.64194e-34 -1.89875e-35 -2.17895e-33 -4.48429e-35   1.7571e-33  8.11476e-35 -8.88868e-34 -5.70172e-35  3.38907e-34  3.49735e-35 -5.09627e-34 -2.60393e-35  4.37487e-34 -5.71342e-36 -2.30599e-34    1.039e-35  2.10978e-34  7.89776e-36 -1.34055e-34  2.32379e-36  6.69885e-35 -7.58799e-37 -1.19047e-35  2.15663e-36   2.0687e-35 -1.53954e-36  -9.1113e-36  8.02968e-38 -1.04106e-36 -6.01239e-38  7.67421e-37 -8.97596e-39   4.3881e-36 -6.56705e-38 -1.69369e-35  6.44526e-38  7.35857e-35  5.30344e-38 -2.75716e-34 -9.78429e-38  9.43852e-34  1.30456e-38 -2.99924e-33 -4.24297e-38  8.86547e-33  1.57772e-37 -2.43303e-32 -4.55405e-37  6.18276e-32  1.23652e-36 -1.45018e-31 -3.12642e-36  3.12772e-31  7.33659e-36 -6.17522e-31 -1.59633e-35   1.1101e-30  3.21594e-35 -1.80522e-30 -5.98608e-35   2.6344e-30  1.02679e-34 -3.41546e-30 -1.61774e-34  3.88299e-30  2.33191e-34 -3.80305e-30 -3.06054e-34  3.12697e-30  3.63599e-34 -2.06925e-30 -3.88189e-34  1.01286e-30  3.69066e-34 -2.82133e-31  -3.0881e-34 -3.69512e-32  2.23813e-34  7.96103e-32 -1.37303e-34 -3.38733e-32   6.8692e-35   2.6548e-33  -2.6054e-35  2.98368e-33   6.0469e-36 -9.69335e-34  2.46235e-37 -2.09634e-35 -9.32015e-37  4.62946e-35   4.3132e-37 -2.89097e-36 -1.07609e-37 -5.74256e-37  1.44304e-38  2.35936e-38 -7.00489e-40
-1.86966e-37  -8.0876e-35 -1.93357e-36  2.48892e-34 -2.65475e-37  1.92658e-34  6.96636e-36  7.57464e-34  1.10212e-35 -1.79526e-34 -6.89886e-35   -8.611e-34   -5.408e-36  5.27796e-34 -9.79473e-35 -8.14203e-34 -5.78116e-35  5.54841e-33 -7.07503e-35 -1.72769e-33 -1.31477e-34  2.17512e-33  5.77544e-36 -2.41136e-33 -1.74202e-34  3.32583e-33  7.34263e-35 -1.74873e-33 -3.38134e-35  5.79147e-34 -2.80203e-35 -2.23454e-33 -4.26922e-35  1.77893e-33  8.44617e-35 -8.53831e-34 -6.36029e-35  3.30924e-34  3.17463e-35 -5.03851e-34 -2.19149e-35  4.00289e-34 -8.79025e-36 -2.31148e-34  1.17883e-35  2.29651e-34  8.31212e-36 -1.22389e-34  3.08221e-36  6.44208e-35 -3.97312e-37  -1.6877e-35  2.28776e-36  2.11286e-35 -1.54486e-36 -1.05027e-35 -2.77235e-38  4.15785e-36 -4.77421e-38 -8.46993e-36  -2.8669e-38  4.59824e-35 -4.93637e-38 -1.87323e-34  6.03604e-38  7.16053e-34  7.67943e-38 -2.53247e-33 -1.53549e-37  8.33618e-33  1.30634e-37 -2.55447e-32 -3.99824e-37  7.27541e-32  1.21066e-36 -1.92124e-31 -3.31996e-36  4.69021e-31  8.51427e-36 -1.05482e-30 -2.03657e-35  2.17643e-30  4.53512e-35 -4.09967e-30 -9.38569e-35  7.00822e-30  1.80147e-34 -1.07937e-29 -3.19869e-34  1.48431e-29  5.23844e-34 -1.80159e-29 -7.88453e-34  1.90072e-29  1.08611e-33 -1.70592e-29 -1.36251e-33  1.25997e-29  1.54735e-33 -7.21472e-30 -1.57943e-33  2.77199e-30   1.4363e-33 -3.04192e-31 -1.15086e-33 -4.10232e-31  8.00971e-34  2.84521e-31 -4.74932e-34 -6.53413e-32    2.333e-34 -1.25303e-32 -9.07399e-35  1.01638e-32    2.554e-35 -1.18384e-33 -3.91905e-36 -3.83657e-34 -3.65944e-37  7.99977e-35  3.70668e-37  3.74275e-36  -8.8812e-38 -8.73278e-37   8.8038e-39 -5.02577e-39
  6.7653e-37 -8.35504e-37 -1.43989e-34 -6.63638e-37  2.64123e-34 -5.42393e-37  2.38487e-34  1.19745e-35  7.33907e-34 -3.03533e-36  1.28967e-35 -8.25534e-35 -9.68628e-34 -9.76581e-36  8.76511e-34 -1.13934e-34 -1.18365e-33 -7.07503e-35   6.6591e-33 -7.97273e-35 -2.43471e-33 -1.27396e-34  2.50567e-33 -2.54888e-36 -3.00307e-33 -1.75921e-34  4.12393e-33  7.91036e-35 -1.97151e-33 -3.15995e-35  5.39353e-34 -4.26448e-35 -2.10982e-33 -3.41999e-35  1.64594e-33  8.50364e-35 -7.78114e-34 -6.66942e-35  3.17045e-34  2.75305e-35 -4.85354e-34 -1.70747e-35  3.43112e-34 -1.20788e-35 -2.23567e-34  1.30937e-35  2.33994e-34  8.53796e-36 -9.78594e-35  3.81828e-36  6.18023e-35  3.32229e-38 -2.38585e-35  2.42358e-36  2.03034e-35 -1.49017e-36 -1.61316e-35 -1.53623e-37  2.95964e-35  -4.6803e-39 -1.05569e-34 -6.75375e-38  4.52568e-34 -2.75557e-38  -1.7713e-33  3.52244e-38  6.47205e-33  1.61069e-37 -2.20508e-32 -4.18145e-37  7.00159e-32  9.07524e-37 -2.06838e-31 -2.69568e-36   5.6723e-31  7.61083e-36 -1.44015e-30 -1.99712e-35  3.37425e-30  4.89934e-35 -7.26797e-30 -1.12169e-34  1.43266e-29  2.39244e-34 -2.57044e-29 -4.74425e-34  4.16999e-29  8.72627e-34 -6.06729e-29 -1.48466e-33  7.83665e-29  2.32896e-33 -8.86617e-29 -3.35582e-33  8.62729e-29  4.42201e-33 -7.02854e-29 -5.30114e-33  4.58487e-29  5.74602e-33 -2.18447e-29 -5.58983e-33  5.58583e-30  4.83671e-33  1.22256e-30 -3.68104e-33 -1.88638e-30  2.42933e-33  7.37968e-31 -1.36447e-33 -3.18148e-32  6.35498e-34 -7.46455e-32  -2.3602e-34  2.11763e-32  6.53253e-35  1.15266e-33 -1.15402e-35 -1.10301e-33  5.58138e-37  4.79989e-35  2.76699e-37  1.48653e-35 -6.45216e-38  -4.6564e-37  3.84875e-39
  2.9108e-37  2.89765e-36 -2.18053e-36 -1.98364e-34  3.09799e-36   2.3084e-34 -7.68536e-37  2.84132e-34  1.52587e-35  6.05859e-34 -1.41424e-35  2.76918e-34 -9.54892e-35 -1.09343e-33 -6.71181e-36  1.30221e-33 -1.26116e-34 -1.72769e-33 -7.97273e-35  8.10062e-33 -8.47493e-35 -3.26692e-33 -1.12414e-34  2.70034e-33 -1.87227e-35 -3.62333e-33 -1.64871e-34  4.88906e-33  7.26981e-35 -2.12787e-33 -2.20809e-35  4.22074e-34 -6.23169e-35 -1.80948e-33 -2.09592e-35  1.35727e-33  8.31832e-35 -6.56917e-34 -6.62472e-35  2.94709e-34  2.32896e-35 -4.54563e-34 -1.21866e-35  2.70783e-34 -1.55641e-35 -2.07673e-34  1.41927e-35  2.20331e-34  8.52327e-36 -6.28396e-35  4.58777e-36  6.12409e-35  3.75737e-37 -3.43315e-35  2.55421e-36  2.58945e-35 -1.40509e-36 -6.41234e-35 -2.80751e-37  2.48736e-34  8.03151e-38  -1.0319e-33 -1.37748e-37  4.17857e-33    1.924e-38 -1.57733e-32 -1.06289e-37  5.56082e-32  6.29189e-37 -1.82869e-31 -1.92808e-36  5.60053e-31  5.44971e-36 -1.59405e-30 -1.56377e-35  4.20608e-30  4.22074e-35  -1.0258e-29 -1.06466e-34  2.30428e-29  2.51055e-34  -4.7476e-29 -5.52499e-34  8.92716e-29   1.1326e-33 -1.52278e-28 -2.15799e-33  2.33907e-28  3.81196e-33 -3.20585e-28 -6.22429e-33  3.87453e-28  9.36235e-33  -4.0648e-28 -1.29212e-32  3.62004e-28  1.62861e-32 -2.64318e-28 -1.86448e-32  1.48428e-28  1.92621e-32 -5.45096e-29 -1.78189e-32  3.80271e-30  1.46215e-32  9.65651e-30  -1.0519e-32 -6.06328e-30  6.53745e-33  1.22126e-30 -3.44282e-33  3.41621e-31  1.49633e-33 -2.21755e-31 -5.16381e-34  2.00157e-32  1.32827e-34  9.39915e-33 -2.24021e-35 -1.62626e-33  1.57347e-36 -1.15086e-34  1.88617e-37  1.89216e-35 -4.01113e-38  2.01113e-37
-3.69188e-37  7.35551e-37 -8.73268e-37 -4.10049e-36 -2.31829e-34  8.97515e-36  1.59585e-34 -1.29514e-36  3.28145e-34   1.6118e-35  3.92937e-34 -1.92535e-35  5.90662e-34 -1.09412e-34 -1.26745e-33  1.69517e-37  1.75455e-33 -1.31477e-34 -2.43471e-33 -8.47493e-35  9.77804e-33 -8.63214e-35 -4.16793e-33 -8.66969e-35  2.73709e-33 -3.97407e-35 -4.18617e-33 -1.42197e-34  5.52455e-33  5.51184e-35 -2.20265e-33 -6.41894e-36   2.2002e-34 -8.51064e-35 -1.37344e-33 -5.48683e-36  9.34267e-34  7.89094e-35 -4.83637e-34 -6.23469e-35  2.55109e-34  1.98597e-35 -4.09118e-34 -7.70249e-36  1.88527e-34 -1.93255e-35  -1.8497e-34  1.49914e-35  1.88082e-34  8.21185e-36 -2.28268e-35  5.46751e-36  6.71408e-35  4.59287e-37 -6.34582e-35  2.64747e-36  1.15687e-34 -1.33337e-36 -5.19555e-34 -3.90817e-37  2.26825e-33   2.2472e-37 -9.40622e-33 -2.83351e-37  3.67126e-32  2.40562e-37 -1.33887e-31 -9.12611e-37  4.55832e-31  3.27534e-36 -1.44658e-30 -1.01963e-35  4.27089e-30  2.96378e-35  -1.1704e-29 -8.20798e-35  2.96892e-29  2.13229e-34 -6.94866e-29 -5.18262e-34  1.49476e-28  1.17727e-33 -2.94179e-28 -2.49495e-33  5.26784e-28  4.92289e-33 -8.52554e-28 -9.02263e-33  1.23677e-27  1.53186e-32 -1.59142e-27 -2.40171e-32  1.79168e-27  3.46459e-32 -1.73193e-27 -4.57915e-32  1.39773e-27  5.51794e-32 -8.98282e-28 -6.02715e-32  4.15777e-28  5.92662e-32 -9.59716e-29 -5.20338e-32 -3.19781e-29  4.03828e-32  3.92645e-29 -2.73622e-32 -1.41093e-29   1.5934e-32  5.81749e-32 -7.81247e-33  1.62686e-30  3.13588e-33 -4.03058e-31 -9.89305e-34 -3.73713e-32  2.29733e-34  2.30206e-32 -3.45796e-35 -5.77606e-34  2.28047e-36 -3.32138e-34  1.29348e-37  7.51379e-36  -1.8731e-38
  2.1232e-38  2.77704e-37  1.35496e-36  -1.5254e-35  -6.0204e-36 -2.40253e-34  1.53869e-35  6.23925e-35 -2.66646e-36  3.67309e-34  1.45603e-35  1.21809e-34 -1.64296e-35   9.5437e-34 -1.25826e-34 -1.53018e-33  5.85468e-36  2.17512e-33 -1.27396e-34 -3.26692e-33 -8.63214e-35  1.15561e-32 -8.52226e-35 -5.07502e-33 -5.20469e-35  2.62256e-33 -6.10897e-35  -4.5978e-33 -1.12359e-34  5.93947e-33  2.97161e-35 -2.18386e-33   1.2371e-35 -5.50578e-35 -1.08102e-34 -8.69313e-34  9.48153e-36  4.16726e-34  7.17986e-35 -2.52469e-34 -5.50708e-35  1.86012e-34   1.7816e-35 -3.45239e-34 -3.86877e-36  1.02058e-34 -2.34864e-35 -1.59486e-34  1.54444e-35   1.4124e-34  7.54606e-36  1.01671e-35  6.52567e-36  1.09359e-34  1.40711e-37 -2.61917e-34   2.6507e-36  1.02382e-33 -1.32359e-36 -4.71687e-33 -4.78058e-37  2.02757e-32  4.93033e-37  -8.1706e-32 -7.42528e-37  3.08182e-31  1.49501e-36 -1.08589e-30 -5.29122e-36  3.56933e-30  1.72707e-35 -1.09255e-29 -5.23727e-35  3.10767e-29  1.48845e-34 -8.19339e-29 -3.98037e-34  1.99631e-28  9.97562e-34 -4.47906e-28 -2.33907e-33  9.21519e-28  5.12367e-33 -1.72975e-27 -1.04649e-32  2.94425e-27  1.98867e-32 -4.51052e-27 -3.50734e-32  6.16132e-27  5.72442e-32 -7.41453e-27 -8.61738e-32  7.73451e-27  1.19189e-31 -6.83408e-27 -1.50791e-31  4.93121e-27  1.73586e-31 -2.71285e-27 -1.80712e-31  9.47411e-28  1.68893e-31 -2.24078e-29 -1.40467e-31 -1.99274e-28  1.02852e-31  1.14288e-28 -6.54233e-32 -1.97233e-29  3.55431e-32 -7.86293e-30 -1.61281e-32  4.26222e-30  5.92806e-33 -2.70706e-31 -1.68772e-33 -2.00816e-31  3.46262e-34  2.88433e-32  -4.4542e-35  2.86552e-33  2.36877e-36 -3.57488e-34  9.12077e-38 -5.77291e-36
-3.30132e-36  1.10299e-37  1.86817e-36  2.18989e-36  -4.0314e-35 -7.11722e-36 -2.21871e-34   2.0319e-35 -5.73577e-35 -5.11585e-36  3.97705e-34  1.08905e-35  -1.8462e-34 -5.14853e-36  1.38996e-33 -1.44387e-34 -1.91043e-33  5.77544e-36  2.50567e-33 -1.12414e-34 -4.16793e-33 -8.52226e-35  1.32866e-32 -8.23843e-35  -5.9305e-33 -1.14687e-35  2.38759e-33 -7.81848e-35 -4.77816e-33 -8.15966e-35  6.07062e-33  1.11044e-36 -2.06628e-33  3.03407e-35 -3.75934e-34  -1.2814e-34 -3.76769e-34  2.15616e-35 -1.43818e-34  6.11602e-35  3.71474e-35 -4.44961e-35   7.7414e-35  1.74078e-35 -2.60767e-34 -8.13481e-37   1.8367e-35 -2.81384e-35 -1.39146e-34  1.55859e-35  9.56916e-35  6.46885e-36 -2.36438e-35  7.79726e-36  4.69298e-34 -6.58717e-37 -2.04136e-33  2.49797e-36  9.37939e-33  -1.4064e-36 -4.17905e-32 -6.13769e-37  1.74125e-31  1.22771e-36 -6.79003e-31 -2.79064e-36  2.47531e-30  8.21237e-36 -8.42408e-30 -2.76137e-35  2.67211e-29  8.63618e-35 -7.88455e-29 -2.53412e-34  2.15914e-28  6.97684e-34 -5.47225e-28 -1.80253e-33   1.2794e-27  4.36219e-33 -2.74862e-27 -9.87298e-33  5.40098e-27  2.08629e-32 -9.65283e-27 -4.10785e-32  1.55851e-26  7.51912e-32 -2.25416e-26 -1.27608e-31   2.8896e-26  2.00182e-31 -3.23721e-26 -2.89248e-31  3.10838e-26  3.83392e-31 -2.48448e-26 -4.63961e-31  1.57214e-26  5.09766e-31 -7.05359e-27 -5.05201e-31  1.43591e-27  4.48091e-31  7.02221e-28 -3.52354e-31 -7.25794e-28  2.42817e-31   2.3889e-28 -1.44538e-31  9.54498e-30  7.29505e-32  -3.1299e-29 -3.04602e-32  6.74133e-30   1.0169e-32  9.34033e-31 -2.58071e-33 -4.24721e-31   4.5836e-34    2.752e-33 -4.84191e-35  6.51305e-33  1.83676e-36 -9.47911e-35  5.28359e-38
 8.70176e-38 -5.48293e-36  2.07028e-37  4.57616e-36  3.35271e-36 -7.49051e-35 -6.64799e-36 -1.72431e-34  2.22222e-35  -2.0736e-34 -8.23221e-36  4.18156e-34  5.28796e-36 -5.09998e-34  1.33368e-35  1.92572e-33 -1.62123e-34 -2.41136e-33 -2.54888e-36  2.70034e-33 -8.66969e-35 -5.07502e-33 -8.23843e-35  1.48386e-32 -7.88033e-35 -6.68837e-33  3.15035e-35  2.07564e-33 -8.76178e-35 -4.68355e-33 -5.58656e-35  5.89969e-33 -2.62683e-35 -1.85568e-33  4.39069e-35 -7.08947e-34 -1.42603e-34  3.11741e-35  2.89785e-35 -6.91904e-34  4.63772e-35  3.76005e-34 -3.08414e-35 -7.24682e-35  1.85403e-35 -1.58653e-34  1.35302e-36 -5.17071e-35 -3.32666e-35 -1.47597e-34  1.55461e-35  1.51801e-34  4.93198e-36 -6.34148e-34  9.27187e-36  3.75222e-33 -1.92842e-36 -1.80368e-32  2.10885e-36  8.25523e-32 -1.50708e-36 -3.55602e-31 -1.26516e-36  1.43357e-30  4.21543e-36 -5.40533e-30 -1.28063e-35  1.90394e-29  4.16909e-35 -6.25566e-29 -1.34543e-34  1.91383e-28  4.06473e-34 -5.44022e-28 -1.15349e-33  1.43319e-27  3.07178e-33 -3.48861e-27 -7.66984e-33  7.81817e-27  1.79294e-32 -1.60622e-26 -3.91766e-32  3.00976e-26  7.98685e-32 -5.11207e-26 -1.51596e-31  7.81084e-26  2.67241e-31 -1.06339e-25 -4.36312e-31  1.27418e-25  6.57607e-31 -1.32156e-25 -9.11564e-31  1.15838e-25  1.15712e-30 -8.25711e-26 -1.33828e-30  4.44523e-26  1.40194e-30 -1.46716e-26 -1.32092e-30 -4.44945e-28  1.11007e-30  3.64847e-27 -8.23636e-31 -1.92292e-27  5.32827e-31  2.74321e-28 -2.95829e-31  1.56917e-28  1.38107e-31 -7.28694e-29 -5.27472e-32  2.60231e-30  1.58573e-32  3.78743e-30 -3.54015e-33 -4.47669e-31  5.32175e-34 -6.06697e-32 -4.40739e-35  5.94239e-33  1.01581e-36  1.34115e-34
