 0.000511413 -3.79737e-22  -0.00242381  2.07142e-21   0.00342539 -2.20155e-21  -0.00158041 -1.14825e-20 -0.000491834  2.80894e-20  0.000536702 -2.25727e-20  5.17222e-05 -2.84712e-21 -9.67219e-05  1.11332e-20 -4.62988e-06 -2.34722e-21  6.99925e-06 -3.53848e-22  1.55623e-07
-3.79737e-22   0.00371011 -9.38139e-22  -0.00928357  1.17371e-20   0.00860307 -8.53109e-21   -0.0016016 -4.50812e-20   -0.0022097  1.02518e-19  0.000865848  -7.3314e-20  0.000381169  -1.1516e-20 -0.000165519  2.25296e-20 -3.62073e-05 -5.72653e-22  9.27509e-06 -7.56162e-22
 -0.00242381 -9.38139e-22     0.012528 -9.66831e-21   -0.0201879  5.99981e-20    0.0122575 -5.26073e-20   0.00128062 -8.87477e-20  -0.00431096  2.37763e-19   0.00051264 -1.32881e-19  0.000839898 -4.36334e-20 -0.000141078   2.9754e-20 -7.08677e-05  4.01768e-21  5.59142e-06
 2.07142e-21  -0.00928357 -9.66831e-21    0.0263507  -4.1998e-20   -0.0299045  1.79566e-19    0.0109822 -1.75604e-19   0.00613052 -1.60139e-19  -0.00544041  4.47062e-19 -0.000488405 -1.49513e-19   0.00117022 -1.07348e-19 -3.37978e-05   2.8593e-20 -8.15176e-05  6.35276e-21
  0.00342539  1.17371e-20   -0.0201879  -4.1998e-20    0.0392569  -1.0879e-19   -0.0331872  4.17716e-19   0.00529725 -4.11692e-19    0.0105449 -3.44607e-19  -0.00512194  7.19613e-19  -0.00166082 -7.51315e-20   0.00124865 -1.84746e-19  8.69157e-05  2.18421e-20 -5.98484e-05
-2.20155e-21   0.00860307  5.99981e-20   -0.0299045  -1.0879e-19    0.0452106 -2.31106e-19    -0.029858  8.92083e-19  -0.00149843 -7.38209e-19     0.013092 -7.61924e-19  -0.00385385  1.00185e-18  -0.00259809  8.16945e-20   0.00111626 -2.40998e-19  0.000158165  1.45833e-20
 -0.00158041 -8.53109e-21    0.0122575  1.79566e-19   -0.0331872 -2.31106e-19    0.0436861 -4.84704e-19   -0.0237231  1.76584e-18  -0.00685017 -1.03553e-18    0.0139236 -1.45183e-18  -0.00232419  1.22451e-18  -0.00316238  2.45499e-19   0.00087151 -2.47282e-19   0.00014746
-1.14825e-20   -0.0016016 -5.26073e-20    0.0109822  4.17716e-19    -0.029858 -4.84704e-19     0.038638 -9.96017e-19   -0.0182298  3.09642e-18   -0.0102699 -1.14833e-18    0.0138226 -2.29759e-18 -0.000930625  1.36433e-18  -0.00337844  3.27843e-19   0.00059491 -1.84267e-19
-0.000491834 -4.50812e-20   0.00128062 -1.75604e-19   0.00529725  8.92083e-19   -0.0237231 -9.96017e-19     0.033854 -1.84558e-18   -0.0145144  4.72182e-18   -0.0123815 -1.01917e-18    0.0134015 -3.08516e-18  0.000201359   1.4636e-18  -0.00329775  2.99771e-19  0.000332091
 2.80894e-20   -0.0022097 -8.87477e-20   0.00613052 -4.11692e-19  -0.00149843  1.76584e-18   -0.0182298 -1.84558e-18     0.030751 -2.96987e-18   -0.0122645  6.34086e-18   -0.0138612 -7.67305e-19     0.012959 -3.64588e-18   0.00105915   1.5443e-18  -0.00293044  1.94083e-19
 0.000536702  1.02518e-19  -0.00431096 -1.60139e-19    0.0105449 -7.38209e-19  -0.00685017  3.09642e-18   -0.0145144 -2.96987e-18    0.0291846 -4.17742e-18   -0.0109302  7.72334e-18    -0.015123 -6.29992e-19      0.01261 -3.96052e-18   0.00163902  1.47098e-18  -0.00219279
-2.25727e-20  0.000865848  2.37763e-19  -0.00544041 -3.44607e-19     0.013092 -1.03553e-18   -0.0102699  4.72182e-18   -0.0122645 -4.17742e-18    0.0287107 -5.26757e-18   -0.0101703  8.86844e-18   -0.0163976 -7.66986e-19    0.0123948 -4.09412e-18   0.00189017  9.96604e-19
 5.17222e-05  -7.3314e-20   0.00051264  4.47062e-19  -0.00512194 -7.61924e-19    0.0139236 -1.14833e-18   -0.0123815  6.34086e-18   -0.0109302 -5.26757e-18    0.0290835 -6.15474e-18  -0.00983773  1.00175e-17   -0.0178433 -1.03183e-18    0.0123184 -3.85896e-18   0.00156216
-2.84712e-21  0.000381169 -1.32881e-19 -0.000488405  7.19613e-19  -0.00385385 -1.45183e-18    0.0138226 -1.01917e-18   -0.0138612  7.72334e-18   -0.0101703 -6.15474e-18    0.0302779  -6.9504e-18  -0.00990578  1.15465e-17   -0.0196036 -9.74355e-19    0.0123921 -2.48378e-18
-9.67219e-05  -1.1516e-20  0.000839898 -1.49513e-19  -0.00166082  1.00185e-18  -0.00232419 -2.29759e-18    0.0134015 -7.67305e-19    -0.015123  8.86844e-18  -0.00983773  -6.9504e-18    0.0324535 -8.02378e-18   -0.0104587  1.35615e-17   -0.0218792 -3.70823e-19    0.0125474
 1.11332e-20 -0.000165519 -4.36334e-20   0.00117022 -7.51315e-20  -0.00259809  1.22451e-18 -0.000930625 -3.08516e-18     0.012959 -6.29992e-19   -0.0163976  1.00175e-17  -0.00990578 -8.02378e-18    0.0360145 -9.81802e-18   -0.0117507  1.39107e-17   -0.0250052    1.426e-18
-4.62988e-06  2.25296e-20 -0.000141078 -1.07348e-19   0.00124865  8.16945e-20  -0.00316238  1.36433e-18  0.000201359 -3.64588e-18      0.01261 -7.66986e-19   -0.0178433  1.15465e-17   -0.0104587 -9.81802e-18    0.0417975 -1.13641e-17   -0.0141524  5.11255e-18    -0.025328
-2.34722e-21 -3.62073e-05   2.9754e-20 -3.37978e-05 -1.84746e-19   0.00111626  2.45499e-19  -0.00337844   1.4636e-18   0.00105915 -3.96052e-18    0.0123948 -1.03183e-18   -0.0196036  1.35615e-17   -0.0117507 -1.13641e-17    0.0516027 -4.86619e-18   -0.0235779 -2.87212e-17
 6.99925e-06 -5.72653e-22 -7.08677e-05   2.8593e-20  8.69157e-05 -2.40998e-19   0.00087151  3.27843e-19  -0.00329775   1.5443e-18   0.00163902 -4.09412e-18    0.0123184 -9.74355e-19   -0.0218792  1.39107e-17   -0.0141524 -4.86619e-18    0.0729461  1.40758e-17    -0.061957
-3.53848e-22  9.27509e-06  4.01768e-21 -8.15176e-05  2.18421e-20  0.000158165 -2.47282e-19   0.00059491  2.99771e-19  -0.00293044  1.47098e-18   0.00189017 -3.85896e-18    0.0123921 -3.70823e-19   -0.0250052  5.11255e-18   -0.0235779  1.40758e-17     0.144287   7.2547e-17
 1.55623e-07 -7.56162e-22  5.59142e-06  6.35276e-21 -5.98484e-05  1.45833e-20   0.00014746 -1.84267e-19  0.000332091  1.94083e-19  -0.00219279  9.96604e-19   0.00156216 -2.48378e-18    0.0125474    1.426e-18    -0.025328 -2.87212e-17    -0.061957   7.2547e-17     0.229145
