 7.25833e-06 -1.33262e-20 -6.59199e-05  1.85762e-19  0.000199839 -7.34198e-19 -0.000288005  1.48765e-18  0.000183752 -1.78178e-18  7.03127e-07  1.34196e-18 -5.46627e-05 -6.90499e-19  1.01347e-05  2.71823e-19  7.82712e-06  -6.9953e-20 -1.14622e-06   3.7026e-21 -2.52391e-07
-1.33262e-20  9.80132e-05 -1.10792e-19 -0.000476036  1.08078e-18   0.00100743  -3.3574e-18  -0.00103818  5.49233e-18    0.0003756 -5.31607e-18  0.000182103  3.26997e-18 -0.000155877 -1.49204e-18 -1.26031e-05  5.70034e-19  2.19729e-05 -1.20897e-19  4.07811e-07  7.83801e-22
-6.59199e-05 -1.10792e-19  0.000617508 -5.34075e-19  -0.00195505  3.94325e-18   0.00300501 -9.76292e-18  -0.00215573  1.27987e-17  0.000183124 -9.81857e-18  0.000635706  4.92962e-18 -0.000205626 -2.16263e-18 -8.74469e-05  8.35034e-19  2.79069e-05 -1.32795e-19  2.99713e-06
 1.85762e-19 -0.000476036 -5.34075e-19   0.00241387  -1.8066e-18  -0.00543263  1.04023e-17   0.00616774 -2.05051e-17  -0.00282173  2.10884e-17 -0.000808656 -1.23092e-17   0.00117639  5.07546e-18 -7.38509e-05 -2.47109e-18 -0.000177463  9.67039e-19  1.52875e-05 -9.45819e-20
 0.000199839  1.08078e-18  -0.00195505  -1.8066e-18   0.00657697 -4.58525e-18   -0.0110489  2.08078e-17   0.00925055 -3.22688e-17  -0.00199195  2.48354e-17  -0.00246804 -9.79333e-18   0.00141686  3.32799e-18  0.000237313 -2.38572e-18 -0.000215106  9.00608e-19 -3.58623e-06
-7.34198e-19   0.00100743  3.94325e-18  -0.00543263 -4.58525e-18    0.0133339  -8.9908e-18   -0.0172698  3.22468e-17    0.0104003 -3.83287e-17   0.00057545  1.94577e-17  -0.00408088 -2.17099e-18   0.00112929  4.20935e-19  0.000573617 -2.03361e-18 -0.000172609  6.19896e-19
-0.000288005  -3.3574e-18   0.00300501  1.04023e-17   -0.0110489  -8.9908e-18    0.0210553 -1.38831e-17   -0.0215693  3.94142e-17   0.00871342 -3.42057e-17   0.00399493  6.28162e-18  -0.00495188  7.66611e-18  0.000435111 -2.47897e-18  0.000766587 -1.62089e-18 -8.34658e-05
 1.48765e-18  -0.00103818 -9.76292e-18   0.00616774  2.08078e-17   -0.0172698 -1.38831e-17    0.0269577 -1.73061e-17    -0.022407   3.9588e-17   0.00497352 -2.34769e-17    0.0070455 -8.22436e-18   -0.0049072  1.65809e-17  -0.00035428 -4.26461e-18  0.000744078 -1.19979e-18
 0.000183752  5.49233e-18  -0.00215573 -2.05051e-17   0.00925055  3.22468e-17   -0.0215693 -1.73061e-17     0.029241 -1.84609e-17   -0.0203414  3.72196e-17  0.000777699 -1.59752e-17   0.00907536 -1.86629e-17  -0.00422107  2.28651e-17 -0.000974918 -4.10651e-18  0.000521795
-1.78178e-18    0.0003756  1.27987e-17  -0.00282173 -3.22688e-17    0.0104003  3.94142e-17    -0.022407 -1.84609e-17    0.0283549 -1.94282e-17   -0.0171638  4.20482e-17  -0.00275072 -1.89652e-17    0.0101399  -2.4712e-17  -0.00325886  2.53844e-17  -0.00128433 -2.13625e-18
 7.03127e-07 -5.31607e-18  0.000183124  2.10884e-17  -0.00199195 -3.83287e-17   0.00871342   3.9588e-17   -0.0203414 -1.94282e-17    0.0261506 -2.43853e-17   -0.0143535  6.12583e-17  -0.00537477 -3.06748e-17    0.0105948  -2.8822e-17  -0.00226174  2.29639e-17  -0.00119098
 1.34196e-18  0.000182103 -9.81857e-18 -0.000808656  2.48354e-17   0.00057545 -3.42057e-17   0.00497352  3.72196e-17   -0.0171638 -2.43853e-17    0.0242485 -3.65022e-17   -0.0124466  9.29549e-17  -0.00736934 -4.23143e-17    0.0107435 -3.20013e-17  -0.00133988  1.57089e-17
-5.46627e-05  3.26997e-18  0.000635706 -1.23092e-17  -0.00246804  1.94577e-17   0.00399493 -2.34769e-17  0.000777699  4.20482e-17   -0.0143535 -3.65022e-17     0.023329 -5.51501e-17   -0.0113653  1.26368e-16  -0.00909156 -4.51823e-17    0.0107346 -3.28481e-17 -0.000540875
-6.90499e-19 -0.000155877  4.92962e-18   0.00117639 -9.79333e-18  -0.00408088  6.28162e-18    0.0070455 -1.59752e-17  -0.00275072  6.12583e-17   -0.0124466 -5.51501e-17    0.0234458 -7.55168e-17   -0.0109057  1.48044e-16    -0.010831 -3.70427e-17    0.0105098 -2.99771e-17
 1.01347e-05 -1.49204e-18 -0.000205626  5.07546e-18   0.00141686 -2.17099e-18  -0.00495188 -8.22436e-18   0.00907536 -1.89652e-17  -0.00537477  9.29549e-17   -0.0113653 -7.55168e-17    0.0245496  -9.0918e-17   -0.0109642  1.51734e-16    -0.012829 -2.49569e-17    0.0100832
 2.71823e-19 -1.26031e-05 -2.16263e-18 -7.38509e-05  3.32799e-18   0.00112929  7.66611e-18   -0.0049072 -1.86629e-17    0.0101399 -3.06748e-17  -0.00736934  1.26368e-16   -0.0109057  -9.0918e-17    0.0267791 -9.78199e-17   -0.0116187  1.48693e-16   -0.0153211 -1.75389e-17
 7.82712e-06  5.70034e-19 -8.74469e-05 -2.47109e-18  0.000237313  4.20935e-19  0.000435111  1.65809e-17  -0.00422107  -2.4712e-17    0.0105948 -4.23143e-17  -0.00909156  1.48044e-16   -0.0109642 -9.78199e-17    0.0306648  -1.0232e-16   -0.0132909  1.65653e-16   -0.0210114
 -6.9953e-20  2.19729e-05  8.35034e-19 -0.000177463 -2.38572e-18  0.000573617 -2.47897e-18  -0.00035428  2.28651e-17  -0.00325886  -2.8822e-17    0.0107435 -4.51823e-17    -0.010831  1.51734e-16   -0.0116187  -1.0232e-16    0.0375939  -1.2645e-16   -0.0145076  2.68144e-16
-1.14622e-06 -1.20897e-19  2.79069e-05  9.67039e-19 -0.000215106 -2.03361e-18  0.000766587 -4.26461e-18 -0.000974918  2.53844e-17  -0.00226174 -3.20013e-17    0.0107346 -3.70427e-17    -0.012829  1.48693e-16   -0.0132909  -1.2645e-16    0.0506578 -1.64412e-16   -0.0401314
  3.7026e-21  4.07811e-07 -1.32795e-19  1.52875e-05  9.00608e-19 -0.000172609 -1.62089e-18  0.000744078 -4.10651e-18  -0.00128433  2.29639e-17  -0.00133988 -3.28481e-17    0.0105098 -2.49569e-17   -0.0153211  1.65653e-16   -0.0145076 -1.64412e-16    0.0722503 -7.14122e-16
-2.52391e-07  7.83801e-22  2.99713e-06 -9.45819e-20 -3.58623e-06  6.19896e-19 -8.34658e-05 -1.19979e-18  0.000521795 -2.13625e-18  -0.00119098  1.57089e-17 -0.000540875 -2.99771e-17    0.0100832 -1.75389e-17   -0.0210114  2.68144e-16   -0.0401314 -7.14122e-16     0.531674
