 8.82696e-15 -2.95617e-28 -4.62726e-13   1.6125e-26  9.07872e-12 -2.21483e-25 -1.01401e-10  1.74801e-24  7.27304e-10  -9.1393e-24 -3.47826e-09  3.22064e-23  1.09574e-08 -7.59772e-23 -2.12596e-08  1.14877e-22  2.14581e-08 -9.82638e-23 -6.93079e-09  3.25218e-23 -4.83913e-10
-2.95617e-28  6.67834e-13 -9.35196e-27 -1.94086e-11  2.45712e-25  2.80793e-10 -2.29477e-24 -2.49327e-09  1.37414e-23   1.4582e-08 -5.46236e-23 -5.68052e-08  1.40717e-22  1.41899e-07 -2.21629e-22 -2.03576e-07  1.68317e-22  1.26465e-07  2.47043e-23  -8.5805e-09  -8.5421e-23
-4.62726e-13 -9.35196e-27  2.43024e-11 -9.82102e-26 -4.77576e-10  1.49449e-24  5.34033e-09 -1.08009e-23 -3.83221e-08  5.37108e-23  1.83143e-07 -1.66624e-22 -5.75245e-07  3.02158e-22   1.1073e-06 -2.46418e-22  -1.0933e-06 -1.40419e-22  3.20884e-07  4.36582e-22  3.54206e-08
  1.6125e-26 -1.94086e-11 -9.82102e-26  5.64975e-10 -4.36676e-25 -8.18459e-09  5.08333e-24  7.27357e-08 -4.47869e-23  -4.2542e-07  2.32224e-22  1.65497e-06 -6.97721e-22 -4.11621e-06  1.33715e-21  5.83543e-06 -1.63372e-21 -3.48025e-06  9.90121e-22  1.14631e-07 -4.48083e-23
 9.07872e-12  2.45712e-25 -4.77576e-10 -4.36676e-25  9.39796e-09 -1.24946e-24   -1.052e-07  3.71154e-23  7.55327e-07  -3.7263e-22 -3.60858e-06   1.7094e-21  1.13117e-05 -4.77689e-21 -2.16432e-05  9.13308e-21  2.09652e-05 -1.14585e-20 -5.54411e-06  7.10298e-21 -8.94995e-07
-2.21483e-25  2.80793e-10  1.49449e-24 -8.18459e-09 -1.24946e-24    1.187e-07 -1.61802e-23 -1.05575e-06  4.15608e-22  6.17714e-06 -2.76718e-21 -2.40185e-05  9.59102e-21  5.95934e-05 -2.19237e-20 -8.37844e-05  3.52441e-20  4.81895e-05 -3.50409e-20  2.09393e-07  1.18205e-20
-1.01401e-10 -2.29477e-24  5.34033e-09  5.08333e-24   -1.052e-07 -1.61802e-23  1.17868e-06 -1.89035e-22 -8.46911e-06  2.72636e-21  4.04799e-05 -1.21953e-20 -0.000126867  3.11486e-20  0.000242174 -5.66001e-20 -0.000231704  7.61287e-20  5.51336e-05 -5.66281e-20  1.24658e-05
 1.74801e-24 -2.49327e-09 -1.08009e-23  7.27357e-08  3.71154e-23 -1.05575e-06 -1.89035e-22  9.39822e-06 -1.14519e-21 -5.50429e-05  1.00114e-20  0.000214275 -2.83553e-20 -0.000532251   4.6942e-20  0.000747342 -7.00658e-20 -0.000419643  9.81597e-20 -1.78362e-05 -5.81365e-20
 7.27304e-10  1.37414e-23 -3.83221e-08 -4.47869e-23  7.55327e-07  4.15608e-22 -8.46911e-06 -1.14519e-21  6.09229e-05 -3.80649e-21 -0.000291753  1.65153e-20  0.000917256 -4.37703e-21  -0.00175875 -4.56835e-20   0.00168435  2.16074e-20 -0.000367375  8.61165e-20 -0.000111947
 -9.1393e-24   1.4582e-08  5.37108e-23  -4.2542e-07  -3.7263e-22  6.17714e-06  2.72636e-21 -5.50429e-05 -3.80649e-21  0.000323066 -4.79727e-21  -0.00126295  -3.0071e-20   0.00316088  2.21499e-19  -0.00448985 -4.29032e-19   0.00252685  2.45707e-19  0.000195907  3.59932e-20
-3.47826e-09 -5.46236e-23  1.83143e-07  2.32224e-22 -3.60858e-06 -2.76718e-21  4.04799e-05  1.00114e-20 -0.000291753 -4.79727e-21   0.00140351  1.89802e-20  -0.00445285 -2.88183e-19   0.00868062  9.24926e-19  -0.00852881 -1.18834e-18   0.00181656  4.76618e-19  0.000700088
 3.22064e-23 -5.68052e-08 -1.66624e-22  1.65497e-06   1.7094e-21 -2.40185e-05 -1.21953e-20  0.000214275  1.65153e-20  -0.00126295  1.89802e-20    0.0049846  1.34388e-19   -0.0127131 -1.02191e-18    0.0186892  2.26693e-18    -0.011086 -1.97772e-18  -0.00111103  4.15051e-19
 1.09574e-08  1.40717e-22 -5.75245e-07 -6.97721e-22  1.13117e-05  9.59102e-21 -0.000126867 -2.83553e-20  0.000917256  -3.0071e-20  -0.00445285  1.34388e-19    0.0144063  4.51277e-19   -0.0291678 -2.40574e-18    0.0307087  3.84876e-18  -0.00735193 -1.92762e-18  -0.00317591
-7.59772e-23  1.41899e-07  3.02158e-22 -4.11621e-06 -4.77689e-21  5.95934e-05  3.11486e-20 -0.000532251 -4.37703e-21   0.00316088 -2.88183e-19   -0.0127131  4.51277e-19    0.0337074  1.04679e-18   -0.0533652 -4.23426e-18    0.0364572  4.64864e-18   0.00333833 -7.79879e-19
-2.12596e-08 -2.21629e-22   1.1073e-06  1.33715e-21 -2.16432e-05 -2.19237e-20  0.000242174   4.6942e-20  -0.00175875  2.21499e-19   0.00868062 -1.02191e-18   -0.0291678  1.04679e-18     0.063674  1.88641e-18   -0.0774645 -6.00367e-18    0.0261265  3.97416e-18    0.0105558
 1.14877e-22 -2.03576e-07 -2.46418e-22  5.83543e-06  9.13308e-21 -8.37844e-05 -5.66001e-20  0.000747342 -4.56835e-20  -0.00448985  9.24926e-19    0.0186892 -2.40574e-18   -0.0533652  1.88641e-18    0.0976436  2.89846e-18   -0.0891116 -7.15543e-18  -0.00102861  2.17085e-18
 2.14581e-08  1.68317e-22  -1.0933e-06 -1.63372e-21  2.09652e-05  3.52441e-20 -0.000231704 -7.00658e-20   0.00168435 -4.29032e-19  -0.00852881  2.26693e-18    0.0307087 -4.23426e-18   -0.0774645  2.89846e-18      0.12468  3.90857e-18   -0.0791982 -6.75092e-18   -0.0242299
-9.82638e-23  1.26465e-07 -1.40419e-22 -3.48025e-06 -1.14585e-20  4.81895e-05  7.61287e-20 -0.000419643  2.16074e-20   0.00252685 -1.18834e-18    -0.011086  3.84876e-18    0.0364572 -6.00367e-18   -0.0891116  3.90857e-18     0.142569  4.24237e-18   -0.0398853 -4.11105e-18
-6.93079e-09  2.47043e-23  3.20884e-07  9.90121e-22 -5.54411e-06 -3.50409e-20  5.51336e-05  9.81597e-20 -0.000367375  2.45707e-19   0.00181656 -1.97772e-18  -0.00735193  4.64864e-18    0.0261265 -7.15543e-18   -0.0791982  4.24237e-18     0.167773  3.19076e-18    0.0227797
 3.25218e-23  -8.5805e-09  4.36582e-22  1.14631e-07  7.10298e-21  2.09393e-07 -5.66281e-20 -1.78362e-05  8.61165e-20  0.000195907  4.76618e-19  -0.00111103 -1.92762e-18   0.00333833  3.97416e-18  -0.00102861 -6.75092e-18   -0.0398853  3.19076e-18     0.200642  1.32503e-18
-4.83913e-10  -8.5421e-23  3.54206e-08 -4.48083e-23 -8.94995e-07  1.18205e-20  1.24658e-05 -5.81365e-20 -0.000111947  3.59932e-20  0.000700088  4.15051e-19  -0.00317591 -7.79879e-19    0.0105558  2.17085e-18   -0.0242299 -4.11105e-18    0.0227797  1.32503e-18     0.148122
