  0.00157774 -3.35552e-20  -0.00617635  1.44867e-19   0.00632922 -1.50452e-19 -0.000833384  2.05048e-19  -0.00161139 -2.16771e-19  0.000171726  5.18509e-20   0.00032362  2.89333e-20  2.10159e-05 -2.09375e-20 -2.83009e-05  6.93444e-21 -5.05727e-06 -3.03881e-22  6.59689e-08
-3.35552e-20    0.0097592 -8.65593e-20    -0.019906  8.28919e-20    0.0122133 -2.67967e-20   0.00229688  5.32613e-19  -0.00359959 -5.70952e-19 -0.000629355  1.35154e-19  0.000602497  1.85793e-20   0.00016851  -3.0877e-20 -2.56871e-05  9.09746e-21 -9.35746e-06 -5.66026e-23
 -0.00617635 -8.65593e-20    0.0280441  1.42917e-20   -0.0362761  -7.1833e-19     0.011853  4.51954e-19   0.00865645  9.93816e-19  -0.00402408 -8.92043e-19  -0.00214683  2.55018e-19  0.000502883 -3.71685e-20  0.000335076 -3.77526e-20  1.22579e-05  5.21099e-21  -5.9588e-06
 1.44867e-19    -0.019906  1.42917e-20    0.0503417  5.76909e-19   -0.0450091 -2.46417e-18   0.00375137  1.05945e-18    0.0144771  1.23827e-18  -0.00207671 -9.02037e-19  -0.00347692  4.22632e-19 -1.76676e-05 -8.14205e-20  0.000379704 -4.07446e-20  4.82194e-05 -9.08511e-22
  0.00632922  8.28919e-20   -0.0362761  5.76909e-19    0.0647553  1.69283e-18   -0.0420858 -4.46361e-18  -0.00731493  1.48265e-18    0.0169406  7.65464e-19   0.00126013 -5.86505e-19  -0.00394477  6.22451e-19 -0.000689919 -3.81804e-20  0.000261813 -2.68732e-20  4.37335e-05
-1.50452e-19    0.0122133  -7.1833e-19   -0.0450091  1.69283e-18      0.06609  2.91775e-18   -0.0323923 -5.38348e-18   -0.0163406  1.62269e-18    0.0161153 -5.66123e-19   0.00463212 -3.02992e-19  -0.00346146  7.59272e-19    -0.001191  8.60958e-20  6.58736e-05 -9.43318e-22
-0.000833384 -2.67967e-20     0.011853 -2.46417e-18   -0.0420858  2.91775e-18    0.0591277  3.39741e-18    -0.022501 -4.14379e-18   -0.0218853  1.69023e-18    0.0134269 -2.31269e-18   0.00728523 -4.84344e-19    -0.002271  6.84147e-19  -0.00130043  1.73938e-19 -5.99457e-05
 2.05048e-19   0.00229688  4.51954e-19   0.00375137 -4.46361e-18   -0.0323923  3.39741e-18    0.0510153  2.40314e-18   -0.0152851 -7.39834e-19   -0.0249278  2.13366e-18   0.00998523 -3.72178e-18   0.00899124 -1.23032e-18 -0.000705765  3.19982e-19 -0.000963259  1.16492e-19
 -0.00161139  5.32613e-19   0.00865645  1.05945e-18  -0.00731493 -5.38348e-18    -0.022501  2.40314e-18     0.045259  -1.5915e-19   -0.0104981  3.67424e-18   -0.0267272  3.39415e-18   0.00621513 -4.17222e-18   0.00965546 -2.16969e-18  0.000818177 -1.86484e-19 -0.000382715
-2.16771e-19  -0.00359959  9.93816e-19    0.0144771  1.48265e-18   -0.0163406 -4.14379e-18   -0.0152851  -1.5915e-19      0.04205 -3.70443e-18  -0.00709172  7.55924e-18    -0.028025  5.61398e-18   0.00211724 -3.36494e-18   0.00906349  -2.6456e-18   0.00170685 -4.35322e-19
 0.000171726 -5.70952e-19  -0.00402408  1.23827e-18    0.0169406  1.62269e-18   -0.0218853 -7.39834e-19   -0.0104981 -3.70443e-18    0.0406345 -7.43329e-18  -0.00427286  9.95113e-18   -0.0291191    8.604e-18  -0.00245785   -1.247e-18   0.00689844 -2.07264e-18   0.00140925
 5.18509e-20 -0.000629355 -8.92043e-19  -0.00207671  7.65464e-19    0.0161153  1.69023e-18   -0.0249278  3.67424e-18  -0.00709172 -7.43329e-18    0.0404973 -1.09049e-17  -0.00151519  1.07596e-17   -0.0299849  1.20292e-17  -0.00745605  1.89387e-18   0.00333474 -6.18197e-19
  0.00032362  1.35154e-19  -0.00214683 -9.02037e-19   0.00126013 -5.66123e-19    0.0134269  2.13366e-18   -0.0267272  7.55924e-18  -0.00427286 -1.09049e-17    0.0415005 -1.43168e-17   0.00170429  1.02578e-17   -0.0300565   1.5145e-17    -0.011786  4.79493e-18  8.55881e-05
 2.89333e-20  0.000602497  2.55018e-19  -0.00347692 -5.86505e-19   0.00463212 -2.31269e-18   0.00998523  3.39415e-18    -0.028025  9.95113e-18  -0.00151519 -1.43168e-17    0.0438343 -1.85024e-17   0.00631008  8.06945e-18   -0.0275174  1.58217e-17   -0.0125753  4.94597e-18
 2.10159e-05  1.85793e-20  0.000502883  4.22632e-19  -0.00394477 -3.02992e-19   0.00728523 -3.72178e-18   0.00621513  5.61398e-18   -0.0291191  1.07596e-17   0.00170429 -1.85024e-17    0.0482058     -2.5e-17    0.0142322  2.00127e-18   -0.0192751  1.12054e-17  -0.00760299
-2.09375e-20   0.00016851 -3.71685e-20 -1.76676e-05  6.22451e-19  -0.00346146 -4.84344e-19   0.00899124 -4.17222e-18   0.00211724    8.604e-18   -0.0299849  1.02578e-17   0.00631008     -2.5e-17    0.0562634 -3.63599e-17    0.0277785 -1.05767e-17  -0.00516066  2.91362e-18
-2.83009e-05  -3.0877e-20  0.000335076 -8.14205e-20 -0.000689919  7.59272e-19    -0.002271 -1.23032e-18   0.00965546 -3.36494e-18  -0.00245785  1.20292e-17   -0.0300565  8.06945e-18    0.0142322 -3.63599e-17    0.0696529 -5.44273e-17    0.0442387 -2.47075e-17   0.00569954
 6.93444e-21 -2.56871e-05 -3.77526e-20  0.000379704 -3.81804e-20    -0.001191  6.84147e-19 -0.000705765 -2.16969e-18   0.00906349   -1.247e-18  -0.00745605   1.5145e-17   -0.0275174  2.00127e-18    0.0277785 -5.44273e-17    0.0841874 -7.19643e-17    0.0497144 -2.43969e-17
-5.05727e-06  9.09746e-21  1.22579e-05 -4.07446e-20  0.000261813  8.60958e-20  -0.00130043  3.19982e-19  0.000818177  -2.6456e-18   0.00689844  1.89387e-18    -0.011786  1.58217e-17   -0.0192751 -1.05767e-17    0.0442387 -7.19643e-17    0.0839102 -6.80215e-17    0.0316492
-3.03881e-22 -9.35746e-06  5.21099e-21  4.82194e-05 -2.68732e-20  6.58736e-05  1.73938e-19 -0.000963259 -1.86484e-19   0.00170685 -2.07264e-18   0.00333474  4.79493e-18   -0.0125753  1.12054e-17  -0.00516066 -2.47075e-17    0.0497144 -6.80215e-17     0.055752 -3.47349e-17
 6.59689e-08 -5.66026e-23  -5.9588e-06 -9.08511e-22  4.37335e-05 -9.43318e-22 -5.99457e-05  1.16492e-19 -0.000382715 -4.35322e-19   0.00140925 -6.18197e-19  8.55881e-05  4.94597e-18  -0.00760299  2.91362e-18   0.00569954 -2.43969e-17    0.0316492 -3.47349e-17    0.0175417
