 1.45864e-27 -7.69034e-43 -9.31569e-26  8.43377e-41  2.32747e-24 -2.55166e-39 -3.51608e-23   4.1368e-38  3.70725e-22 -4.35676e-37  -2.9316e-21  3.21732e-36  1.81403e-20 -1.67732e-35 -9.02483e-20  5.47849e-35  3.67487e-19 -1.71327e-35 -1.23906e-18 -1.16406e-33   3.4831e-18  9.38068e-33 -8.18565e-18 -4.80592e-32  1.60609e-17  1.89251e-31 -2.61478e-17 -6.05933e-31  3.48678e-17  1.60887e-30 -3.71638e-17 -3.54285e-30  3.01526e-17  6.32397e-30 -1.65033e-17 -8.46146e-30  3.39156e-18  5.82602e-30  3.16298e-18  8.83971e-30 -3.00441e-18 -4.42228e-29  4.98139e-19  1.05884e-28  7.03514e-19 -1.90452e-28 -3.68091e-19  2.82527e-28 -1.04355e-19 -3.58113e-28  1.15404e-19   3.9451e-28  1.29229e-20 -3.81385e-28 -2.83935e-20  3.25798e-28 -2.61773e-21 -2.47737e-28  6.03429e-21  1.69483e-28  9.70968e-22 -1.06043e-28 -1.05753e-21  6.19492e-29 -3.22952e-22 -3.42758e-29  1.26502e-22   1.7769e-29  7.56463e-23 -8.21432e-30  -2.9116e-24  3.07471e-30   -1.118e-23 -7.57542e-31 -2.34441e-24  2.56637e-32  7.36794e-25  5.19517e-32   4.5304e-25  4.83665e-33  4.84294e-26 -2.81127e-32 -2.85322e-26  1.94794e-32 -1.20068e-26 -7.52544e-33  -1.1645e-27   1.9767e-33  5.02733e-28 -5.63541e-34  2.08587e-28  3.16926e-34  2.81688e-29 -2.05807e-34 -2.76967e-30  1.03675e-34 -1.88888e-30 -3.56138e-35 -3.52924e-31  6.74081e-36 -2.11016e-32 -1.45877e-37  4.93833e-33  -1.5571e-37  1.47991e-33  2.83206e-39  1.85782e-34  7.88457e-39  9.54383e-36  -4.1901e-39 -7.51387e-37  1.91522e-39 -1.94207e-37 -4.06917e-40 -1.83197e-38  3.28145e-41 -8.95714e-40 -1.03703e-42 -1.27621e-41  7.54506e-44   9.2303e-43  1.50956e-45  6.48163e-44 -3.22392e-46  5.94741e-46  1.67504e-48
-7.69034e-43  1.33508e-25 -5.22373e-41 -4.84937e-24  3.87548e-39  9.23699e-23 -9.33389e-38 -1.15963e-21  1.29539e-36  1.05912e-20  -1.2226e-35 -7.43158e-20  8.41307e-35  4.14356e-19 -4.29861e-34 -1.87664e-18  1.55641e-33  7.00511e-18 -2.95531e-33 -2.17499e-17 -7.67639e-33  5.64442e-17  1.02973e-31 -1.22542e-16 -5.70942e-31  2.21813e-16  2.27924e-30 -3.31806e-16 -7.26402e-30  4.03214e-16  1.91463e-29 -3.85297e-16 -4.21763e-29  2.70053e-16  7.70827e-29   -1.128e-16  -1.1291e-28 -4.68709e-18  1.17965e-28  4.09742e-17  -3.8471e-29 -2.12895e-17 -1.85009e-28 -2.96944e-18   5.8217e-28  7.42298e-18 -1.11513e-27 -1.29257e-18  1.66755e-27 -1.74176e-18 -2.08098e-27  5.99264e-19  2.22679e-27  3.75735e-19 -2.07098e-27 -1.56285e-19  1.68811e-27 -8.51045e-20   -1.216e-27  2.89134e-20  7.84331e-28  1.95606e-20 -4.63919e-28  -3.0988e-21   2.6072e-28 -3.94201e-21  -1.4359e-28 -1.79557e-22  7.70219e-29  5.79292e-22  -3.8037e-29  1.52901e-22  1.58573e-29 -4.24715e-23 -5.03136e-30  -2.9763e-23  1.09555e-30 -2.80535e-24 -2.52484e-31  2.42393e-24  2.14723e-31  9.38063e-25 -1.80592e-31  4.39176e-26  9.47085e-32 -6.37452e-26 -3.31695e-32 -2.09275e-26   9.5239e-33 -1.56896e-27 -3.70031e-33  8.03373e-28  2.10039e-33  2.93957e-28 -1.16399e-33   3.8567e-29  5.28201e-34 -2.22366e-30 -1.69954e-34 -1.85786e-30  2.86898e-35 -3.50372e-31  8.75487e-37 -2.74096e-32 -1.09409e-36  1.91552e-33  6.20894e-38  8.14171e-34  3.00705e-38  1.08039e-34 -1.63098e-38  7.25011e-36  6.96519e-39  5.65188e-38 -1.32111e-39 -3.73747e-38  8.45818e-41 -3.70048e-39  -1.3478e-42 -1.70274e-40  1.21115e-43 -3.76103e-42  3.18171e-45 -7.45477e-45 -2.69198e-46  5.91326e-47
-9.31569e-26 -5.22373e-41  6.02077e-24 -1.93135e-39 -1.52307e-22  1.07043e-37  2.33097e-21 -2.12967e-36 -2.49136e-20  2.57371e-35   1.9984e-19 -2.19085e-34 -1.25526e-18  1.40015e-33  6.34433e-18 -6.86834e-33 -2.62689e-17  2.53526e-32  9.01562e-17 -6.21903e-32 -2.58284e-16  2.75776e-32  6.19508e-16  6.76532e-31 -1.24284e-15 -4.42889e-30   2.0738e-15  1.82302e-29 -2.84382e-15 -5.80023e-29  3.13351e-15  1.51224e-28 -2.65427e-15  -3.2985e-28  1.55633e-15  6.03251e-28 -4.09371e-16 -9.10086e-28 -2.33937e-16  1.07294e-27  2.81271e-16 -8.06127e-28 -7.02615e-17 -1.78127e-28 -5.66582e-17   1.9812e-27  3.96327e-17  -4.3536e-27  5.68059e-18  6.69735e-27 -1.17231e-17  -8.2947e-27  3.74763e-20  8.65486e-27  2.85743e-18 -7.75872e-27 -6.84951e-20  6.03801e-27 -6.30042e-19 -4.11582e-27 -2.66375e-20    2.496e-27   1.2114e-19 -1.39258e-27  2.10725e-20  7.57523e-28 -1.76735e-20 -4.24456e-28 -6.73044e-21  2.42768e-28  1.29447e-21 -1.31074e-28  1.24835e-21  6.12514e-29  1.30768e-22 -2.34985e-29 -1.19113e-22  7.64716e-30 -4.61347e-23 -2.73587e-30 -1.99781e-25  1.40422e-30  4.30349e-24 -7.61316e-31  1.21582e-24  3.19029e-31  3.99348e-27 -9.99551e-32  -8.4188e-26  3.19457e-32 -2.32984e-26 -1.59509e-32 -1.54718e-27  9.08316e-33  7.46202e-28 -4.49797e-33  2.55484e-28   1.8572e-33  3.39116e-29 -5.56679e-34 -4.27599e-31  8.15713e-35 -1.02592e-30  7.98576e-36 -1.99918e-31 -4.55321e-36 -1.83269e-32  3.05588e-37 -8.84584e-35  8.11043e-38  2.12142e-34 -4.29786e-38  3.05685e-35  1.70878e-38   2.2044e-36 -2.86377e-39  7.12311e-38  1.37565e-40 -1.35292e-39   6.4408e-44 -2.29202e-40  1.13052e-43  -9.1281e-42    3.357e-45 -1.25748e-43 -3.43826e-47
 8.43377e-41 -4.84937e-24 -1.93135e-39  1.78345e-22 -4.81514e-38 -3.44146e-21  2.11123e-36  4.37954e-20 -3.56002e-35 -4.05722e-19  3.79555e-34  2.88967e-18 -2.93105e-33 -1.63667e-17  1.73896e-32  7.53646e-17 -8.11109e-32 -2.86303e-16  2.95046e-31  9.05702e-16 -7.83162e-31 -2.39799e-15  1.07377e-30  5.32017e-15  2.67617e-30 -9.86148e-15  -2.5869e-29  1.51487e-14  1.12654e-28 -1.89826e-14 -3.59685e-28  1.88338e-14  9.26617e-28 -1.39064e-14 -1.99057e-27  6.43014e-15  3.60112e-27 -3.24952e-16 -5.45273e-27 -1.97195e-15  6.71264e-27  1.24548e-15  -6.1328e-27  2.94113e-17  2.58679e-27 -3.88646e-16  4.13966e-27  1.09617e-16 -1.28142e-26  8.25963e-17  2.09986e-26  -4.2621e-17 -2.61107e-26 -1.64037e-17  2.67076e-26  1.10764e-17 -2.31505e-26  3.71571e-18  1.72366e-26 -2.24275e-18 -1.11312e-26 -9.38685e-19  6.34943e-27  3.25088e-19 -3.35273e-27  2.17537e-19   1.7957e-27 -1.79281e-20  -1.0592e-27 -3.81876e-20  6.64609e-28   -5.577e-21 -3.94792e-28  3.98527e-21  2.03377e-28  1.70094e-21 -8.84166e-29 -3.23469e-23  3.39552e-29 -1.94181e-22 -1.32356e-29   -4.993e-23  5.79188e-30  3.84316e-24 -2.48298e-30  5.20794e-24  8.51223e-31  1.16499e-24 -2.31499e-31  -2.7847e-26  8.49546e-32 -7.74308e-26 -5.32579e-32 -1.91046e-26  3.03676e-32 -1.30719e-27 -1.37462e-32  4.54791e-28  5.18748e-33  1.54308e-28  -1.4414e-33   2.1102e-29  1.77727e-34  5.46818e-31  3.34501e-35 -3.40253e-31 -1.38587e-35 -7.16527e-32  9.46109e-37 -7.15491e-33  1.77065e-37 -2.81266e-34 -8.83045e-38  2.28143e-35  3.26448e-38  4.28555e-36 -4.76775e-39  3.05415e-37  1.55498e-40  1.12853e-38  3.12431e-42  1.54103e-40  6.14989e-44 -2.37109e-42  1.68486e-45 -5.32183e-44
 2.32747e-24  3.87548e-39 -1.52307e-22 -4.81514e-38  3.90323e-21 -8.92862e-37 -6.05523e-20  3.21433e-35   6.5644e-19 -4.68041e-34 -5.34448e-18  4.44745e-33  3.40992e-17 -3.13163e-32 -1.75207e-16  1.72622e-31  7.38187e-16 -7.61958e-31 -2.58075e-15  2.68636e-30  7.54075e-15 -7.25645e-30 -1.84748e-14  1.26322e-29  3.79287e-14   1.9422e-30 -6.49215e-14 -1.20239e-28  9.16329e-14  5.75008e-28 -1.04462e-13 -1.85332e-27  9.24152e-14  4.71608e-27 -5.79204e-14 -9.94413e-27  1.84719e-14  1.76744e-26  6.22139e-15 -2.65012e-26 -1.02531e-14  3.29892e-26   3.4724e-15 -3.24339e-26  1.67642e-15  2.11169e-26 -1.63075e-15  9.50238e-28 -3.32152e-17 -2.87472e-26  4.53553e-16  5.38663e-26 -5.49289e-17 -6.84821e-26 -1.08364e-16  6.92037e-26  1.63888e-17 -5.82969e-26  2.45788e-17  4.17226e-26  -2.0863e-18 -2.56673e-26 -5.13084e-18  1.38836e-26 -2.58006e-19 -7.05802e-27  8.71933e-19  3.85893e-27  2.01826e-19 -2.48967e-27 -9.45752e-20  1.72475e-27 -5.04318e-20 -1.10489e-27  6.72819e-22  6.06992e-28  6.46273e-21 -2.83117e-28  1.62231e-21  1.16695e-28 -2.43561e-22 -4.61404e-29 -2.23996e-22  1.83538e-29 -4.10923e-23 -6.69358e-30  6.34133e-24  1.87833e-30   4.7137e-24 -4.14141e-31  8.89554e-25  1.87119e-31 -2.92352e-26 -1.47767e-31 -5.25854e-26  8.42839e-32  -1.2085e-26 -3.52816e-32 -9.32692e-28  1.21808e-32  1.82068e-28  -3.1242e-33  6.62674e-29  3.12005e-34  9.37243e-30  9.86198e-35  5.01017e-31 -3.36798e-35 -6.03873e-32  2.21393e-36 -1.58674e-32  3.28827e-37  -1.6512e-33 -1.49659e-37 -8.77488e-35  5.14921e-38 -6.20092e-37 -6.43573e-39  2.47498e-37  1.14331e-40  1.76488e-38  6.13172e-42  5.31593e-40  4.28699e-45  6.14619e-42 -4.28621e-47
-2.55166e-39  9.23699e-23  1.07043e-37 -3.44146e-21 -8.92862e-37  6.73151e-20 -1.30342e-35 -8.68873e-19  3.95367e-34   8.1697e-18 -5.04153e-33 -5.91008e-17  4.30434e-32   3.4027e-16 -2.77572e-31 -1.59418e-15  1.42343e-30    6.168e-15 -5.93187e-30 -1.98958e-14  2.00858e-29  5.37872e-14 -5.36513e-29  -1.2205e-13  1.01276e-28  2.31877e-13 -6.37723e-29 -3.66118e-13 -4.57994e-28  4.73486e-13   2.5306e-27 -4.88105e-13 -8.27049e-27  3.79569e-13  2.07659e-26 -1.92753e-13 -4.28512e-26  2.55946e-14  7.44683e-26  4.87754e-14 -1.09667e-25 -3.78265e-14  1.35772e-25  3.09344e-15 -1.37172e-25  1.04329e-14  1.03424e-25  -4.2653e-15 -3.72578e-26 -1.90452e-15 -4.36523e-26  1.49313e-15  1.13949e-25  3.15918e-16 -1.53051e-25 -3.85997e-16  1.54705e-25 -6.87714e-17 -1.27716e-25   8.3054e-17  8.86725e-26  2.03481e-17 -5.26643e-26 -1.41783e-17  2.76381e-26 -5.75101e-18 -1.40986e-26  1.50701e-18  8.29113e-27  1.22641e-18 -5.93249e-27  3.15872e-20  4.40186e-27 -1.66328e-19 -2.92619e-27 -4.49817e-20   1.6538e-27  8.58364e-21 -7.94892e-28  7.31093e-21    3.352e-28   1.1232e-21 -1.30647e-28 -3.69843e-22  4.82076e-29 -1.98741e-22 -1.54214e-29 -2.73344e-23  3.44834e-30  6.06587e-24 -5.06126e-31  3.33548e-24  3.45197e-31  5.62487e-25 -3.54042e-31 -1.34062e-26  2.01827e-31 -2.68283e-26 -7.85928e-32 -5.94705e-27  2.47923e-32 -5.25853e-28 -5.85012e-33   4.2304e-29  4.50542e-34  1.98612e-29  2.29934e-34  2.90562e-30 -6.85425e-35  2.03781e-31  4.21975e-36 -1.84212e-33  5.32306e-37 -1.97655e-33 -2.15454e-37 -2.13725e-34  6.92244e-38 -1.18058e-35 -7.23225e-39 -3.04608e-37  2.61622e-41  1.61828e-39  7.15772e-42   2.7748e-40 -2.99335e-44  3.77207e-42
-3.51608e-23 -9.33389e-38  2.33097e-21  2.11123e-36 -6.05523e-20 -1.30342e-35  9.52781e-19  -1.5544e-34 -1.04833e-17  4.04777e-33   8.6688e-17 -4.56868e-32 -5.62198e-16  3.52721e-31  2.93874e-15 -2.09078e-30 -1.26086e-14  9.98928e-30  4.49378e-14 -3.92571e-29 -1.34031e-13  1.26972e-28  3.35707e-13 -3.30064e-28 -7.05924e-13  6.35404e-28  1.24064e-12 -6.06121e-28 -1.80401e-12 -1.47221e-27  2.12956e-12  9.95749e-27 -1.96847e-12 -3.29712e-26  1.31628e-12  8.14214e-26 -4.92041e-13 -1.63849e-25 -8.19797e-14  2.77254e-25  2.24377e-13  -3.9871e-25 -9.80485e-14  4.86094e-25 -2.63989e-14 -4.93455e-25  3.97446e-14   3.9623e-25 -3.84994e-15 -2.10757e-25  -1.0271e-14 -7.80949e-27  2.60985e-15  1.91254e-25  2.36274e-15 -2.91863e-25 -7.31073e-16  3.01756e-25 -5.45975e-16 -2.47701e-25  1.32511e-16  1.69657e-25   1.2353e-16  -9.9829e-26 -1.07199e-17  5.31104e-26 -2.40838e-17 -2.89524e-26 -2.44943e-18  1.89762e-26  3.34701e-18  -1.4582e-26  1.10212e-18  1.10189e-26 -2.00238e-19 -7.31891e-27 -1.91038e-19   4.1358e-27  -2.6495e-20 -1.99389e-27  1.34963e-20  8.37313e-28   6.3487e-21 -3.16695e-28   5.6043e-22  1.09069e-28 -3.60191e-22 -3.09093e-29 -1.41881e-22  5.09594e-30 -1.55654e-23 -8.20747e-32  4.06798e-24  5.24015e-31  1.88058e-24 -7.49894e-31  2.97893e-25  4.26926e-31 -5.21476e-28 -1.55121e-31 -1.01822e-26  4.45895e-32 -2.24491e-27 -9.66084e-33 -2.21673e-28  5.38468e-34  1.91027e-30  4.47278e-34  3.91611e-30 -1.20357e-34  6.01828e-31  6.81038e-36  4.68682e-32  7.62266e-37  1.36664e-33 -2.67862e-37 -1.02816e-34  8.08826e-38 -1.36432e-35 -6.85627e-39 -6.82775e-37  -6.5067e-41 -1.58781e-38  5.77085e-42 -1.18443e-40 -3.17237e-44
  4.1368e-38 -1.15963e-21 -2.12967e-36  4.37954e-20  3.21433e-35 -8.68873e-19  -1.5544e-34  1.13825e-17 -1.55352e-33   -1.087e-16   3.5213e-32   7.9926e-16 -3.54664e-31 -4.68117e-15  2.48835e-30   2.2331e-14 -1.35983e-29 -8.80663e-14  6.06127e-29  2.89898e-13 -2.24513e-28 -8.00931e-13   6.9112e-28   1.8605e-12 -1.73048e-27 -3.62623e-12  3.28869e-27  5.89064e-12  -3.5397e-27 -7.86969e-12  -4.2854e-27  8.43535e-12  3.63333e-26 -6.90743e-12 -1.20544e-25  3.82848e-12  2.90815e-25 -7.97061e-13 -5.67975e-25 -7.67602e-13  9.31862e-25  7.50937e-13  -1.3025e-24 -1.37483e-13  1.55343e-24 -1.78332e-13 -1.56459e-24  1.02046e-13  1.29051e-24  2.47498e-14 -7.98389e-25 -3.29698e-14  2.43077e-25 -2.20502e-15  2.09727e-25  8.43023e-15 -4.61779e-25  3.28047e-16  5.12181e-25 -1.89642e-15 -4.29574e-25  -1.9079e-16  2.98941e-25  3.63187e-16 -1.81752e-25  8.45853e-17  1.03962e-25 -5.10149e-17 -6.36665e-26 -2.36745e-17  4.58506e-26  2.99079e-18 -3.58861e-26  4.11318e-18  2.65185e-26  6.00118e-19  -1.7159e-26 -3.56926e-19  9.51809e-27 -1.63629e-19 -4.52589e-27 -7.38778e-21  1.86246e-27  1.35782e-20 -6.76519e-28  4.45426e-21  2.17378e-28  1.87952e-22 -5.43234e-29 -2.60911e-22  5.25007e-30 -8.35756e-23  1.76301e-30 -7.98573e-24  6.03714e-31  2.00082e-24 -1.42558e-30  8.45872e-25  8.10227e-31  1.30588e-25 -2.75139e-31  3.29358e-27  7.18027e-32 -2.76588e-27 -1.42887e-32  -6.3026e-28  5.34716e-34 -6.68929e-29  7.48429e-34 -2.13628e-30 -1.86145e-34  4.39308e-31  9.51278e-36  7.73204e-32  9.75372e-37  6.11744e-33 -2.90008e-37  2.47519e-34   8.3159e-38  1.62642e-36 -5.51296e-39 -3.06543e-37 -1.14967e-40 -1.20726e-38  3.22456e-42 -1.19281e-40
 3.70725e-22  1.29539e-36 -2.49136e-20 -3.56002e-35   6.5644e-19  3.95367e-34 -1.04833e-17 -1.55352e-33   1.1715e-16 -1.32511e-32 -9.84607e-16  2.64095e-31  6.49541e-15 -2.38774e-30 -3.45686e-14  1.52793e-29  1.51156e-13 -7.71491e-29 -5.49673e-13  3.21162e-28  1.67496e-12 -1.12082e-27 -4.29284e-12  3.27446e-27  9.25474e-12 -7.83496e-27 -1.67165e-11  1.43744e-26  2.50662e-11 -1.55549e-26 -3.06668e-11 -1.34687e-26  2.96328e-11  1.27513e-25 -2.11098e-11 -4.13476e-25  9.04123e-12  9.64103e-25  3.00229e-13 -1.81591e-24 -3.38737e-12  2.87534e-24  1.86915e-12 -3.88993e-24   2.0155e-13  4.51648e-24 -6.61688e-13 -4.47822e-24  1.44378e-13   3.7244e-24  1.55034e-13 -2.48044e-24 -6.55555e-14  1.14139e-24 -3.31719e-14 -7.38489e-26  1.80054e-14 -5.42159e-25  7.68971e-15  7.38739e-25 -3.70256e-15 -6.69833e-25 -1.90557e-15  4.97741e-25  5.16306e-16 -3.30171e-25  4.29692e-16  2.12752e-25 -1.59352e-17 -1.46529e-25 -7.32752e-17  1.10884e-25 -1.35099e-17 -8.50886e-26  7.18199e-18  6.02343e-26  3.55966e-18 -3.74843e-26  6.31113e-20  2.02035e-26 -3.77416e-19 -9.38321e-27 -1.10707e-19  3.74697e-27  3.78525e-21 -1.29696e-27  1.03114e-20  3.87073e-28  2.61227e-21 -8.36311e-29   3.2319e-23  5.64435e-31 -1.47557e-22  6.56721e-30 -4.10467e-23  3.40154e-31 -3.76656e-24 -2.45687e-30  7.14942e-25  1.39435e-30  2.99362e-25 -4.43054e-31  4.60381e-26  1.04512e-31  2.29068e-27 -1.91786e-32 -4.90195e-28  4.60469e-34 -1.25267e-28  1.09874e-33 -1.38113e-29 -2.57433e-34 -7.18269e-31  1.16316e-35  1.41915e-32  1.12241e-36  5.36242e-33 -2.73813e-37  4.13136e-34  7.57631e-38  1.57555e-35 -3.76017e-39  2.56656e-37 -1.09571e-40 -5.78524e-41  1.11001e-42
-4.35676e-37  1.05912e-20  2.57371e-35 -4.05722e-19 -4.68041e-34   8.1697e-18  4.04777e-33   -1.087e-16 -1.32511e-32  1.05506e-15 -9.77198e-32 -7.89109e-15  1.72443e-30  4.70523e-14 -1.40486e-29 -2.28733e-13   8.2166e-29  9.20234e-13  -3.8381e-28 -3.09413e-12  1.49301e-27   8.7443e-12 -4.90632e-27 -2.08139e-11  1.35648e-26  4.16599e-11 -3.07767e-26 -6.96956e-11  5.33771e-26  9.62791e-11  -5.3106e-26 -1.07389e-10 -5.51904e-26   9.2597e-11  4.42877e-25 -5.57399e-11 -1.35486e-24  1.55464e-11  3.01152e-24  8.22342e-12 -5.42939e-24 -1.07574e-11  8.25564e-24  3.07546e-12 -1.07679e-23   2.0914e-12  1.21255e-23 -1.69969e-12 -1.17762e-23 -1.41121e-13  9.77143e-24  5.09405e-13 -6.76456e-24 -3.60566e-14  3.67817e-24 -1.27482e-13 -1.25667e-24  1.32511e-14 -2.07004e-25  2.96241e-14  8.37058e-25 -1.27891e-15 -9.42948e-25 -6.23411e-15   8.0849e-25 -5.40164e-16 -6.14263e-25  1.05356e-15  4.48939e-25  2.84941e-16 -3.35229e-25 -1.09567e-16  2.56425e-25 -6.69969e-17 -1.89664e-25  -1.0921e-18  1.27751e-25  8.24929e-18 -7.60762e-26  2.31897e-18  3.96501e-26 -2.51461e-19 -1.78951e-26 -2.97237e-19  6.89452e-27 -6.13554e-20 -2.26007e-27  6.55373e-21  6.21634e-28  6.26161e-21 -1.11249e-28  1.31152e-21 -1.44982e-29 -1.32846e-24  1.64748e-29 -6.60843e-23 -6.42309e-31 -1.67551e-23 -3.86377e-30 -1.58794e-24  2.19223e-30  1.72992e-25 -6.52608e-31  8.09661e-26  1.38472e-31  1.25411e-26  -2.3659e-32  8.49836e-28  4.26547e-34 -4.15374e-29    1.435e-33 -1.62832e-29 -3.22035e-34 -1.83218e-30   1.2487e-35 -1.07614e-31  1.16374e-36 -2.21341e-33 -2.23971e-37  1.38805e-34  6.12596e-38  1.14457e-35  -2.1675e-39    3.076e-37 -6.94118e-41  2.37749e-39
 -2.9316e-21  -1.2226e-35   1.9984e-19  3.79555e-34 -5.34448e-18 -5.04153e-33   8.6688e-17   3.5213e-32 -9.84607e-16 -9.77198e-32  8.41747e-15 -6.28424e-31 -5.65311e-14  9.85745e-30  3.06569e-13 -7.24584e-29 -1.36738e-12  3.87401e-28  5.07802e-12 -1.67382e-27 -1.58238e-11  6.08194e-27  4.15396e-11 -1.87951e-26 -9.19056e-11   4.8984e-26  1.70791e-10 -1.04312e-25 -2.64367e-10  1.66195e-25  3.35526e-10 -1.31587e-25 -3.39112e-10 -2.71825e-25  2.57064e-10  1.53757e-24 -1.24136e-10 -4.28846e-24  9.64309e-12  8.95962e-24  3.76031e-11 -1.53425e-23 -2.61616e-11  2.22919e-23  7.11734e-13 -2.79328e-23  8.04388e-12  3.04175e-23 -2.86001e-12 -2.88398e-23 -1.62601e-12  2.37236e-23  1.09823e-12 -1.67514e-23   2.9738e-13   9.9091e-24 -2.97791e-13 -4.59618e-24 -6.65043e-14  1.23252e-24  6.58523e-14  5.12081e-25  1.89012e-14 -1.20903e-24 -1.13502e-14   1.3268e-24 -5.18109e-15  -1.1733e-24  1.16373e-15  9.43422e-25    1.091e-15 -7.32864e-25  5.20348e-17  5.54285e-25 -1.46031e-16 -3.93296e-25 -4.31652e-17  2.51916e-25  6.84232e-18  -1.4337e-25  6.75095e-18  7.21317e-26  1.15565e-18 -3.15747e-26 -3.13971e-19  1.17026e-26 -1.87725e-19 -3.61546e-27 -2.87843e-20   9.0648e-28  4.90381e-21 -1.22702e-28  3.11524e-21 -4.73876e-29  5.71051e-22  3.38853e-29   8.6813e-25  -2.7923e-30  -2.3289e-23 -5.56651e-30 -5.59265e-24  3.16511e-30 -5.63997e-25 -8.84203e-31  2.13946e-26  1.67865e-31  1.59326e-26  -2.7182e-32  2.51097e-27  6.05668e-34  1.96372e-28  1.68504e-33  2.57033e-30 -3.67572e-34 -1.18612e-30  1.16962e-35 -1.41102e-31  1.08174e-36 -7.97688e-33 -1.55835e-37 -2.21266e-34  4.37224e-38 -1.11404e-36  -1.0481e-39  6.53507e-38 -2.72252e-41
 3.21732e-36 -7.43158e-20 -2.19085e-34  2.88967e-18  4.44745e-33 -5.91008e-17 -4.56868e-32   7.9926e-16  2.64095e-31 -7.89109e-15 -6.28424e-31  6.00833e-14 -3.53996e-30 -3.65045e-13   4.9367e-29  1.80999e-12  -3.2668e-28 -7.43555e-12  1.59176e-27  2.55609e-11 -6.34396e-27 -7.39656e-11  2.14826e-26  1.80592e-10 -6.22338e-26  -3.7159e-10  1.51811e-25  6.40913e-10 -2.97923e-25  -9.1645e-10  4.11316e-25   1.0646e-09 -1.40992e-25 -9.66715e-10 -1.32243e-24  6.29557e-10  5.28385e-24 -2.18171e-10 -1.31527e-23 -5.84551e-11  2.55437e-23  1.17227e-10 -4.12724e-23 -4.64766e-11  5.70524e-23 -1.67795e-11 -6.84765e-23  2.10398e-11  7.19566e-23 -1.23295e-12 -6.64672e-23 -5.79767e-12  5.39882e-23  1.27341e-12 -3.84309e-23  1.39304e-12  2.37652e-23 -3.84017e-13 -1.24545e-23 -3.30257e-13  5.01799e-24  7.12053e-14 -7.15939e-25  7.58822e-14 -1.45334e-24 -5.13404e-15  2.25602e-24 -1.49781e-14 -2.25842e-24 -1.76363e-15  1.91378e-24  2.09675e-15 -1.50161e-24  7.34532e-16  1.11178e-24 -1.20533e-16 -7.56915e-25 -1.26503e-16  4.61623e-25 -1.90148e-17 -2.51095e-25  8.73944e-18  1.21954e-25  4.35089e-18 -5.17896e-26  4.31744e-19  1.84537e-26 -2.36048e-19 -5.35581e-27 -9.85038e-20  1.20687e-27 -1.18683e-20  -9.7747e-29  2.51549e-21 -1.06157e-28  1.27808e-21  6.07169e-29   2.1526e-22 -6.48886e-30  3.49238e-24  -7.3592e-30 -6.29622e-24  4.21027e-30  -1.4831e-24 -1.10629e-30 -1.58433e-25  1.86872e-31 -1.85977e-27 -2.94947e-32  2.09151e-27  1.14672e-33  3.46177e-28  1.79404e-33  2.83117e-29 -3.85167e-34  1.03665e-30  9.36481e-36 -2.80045e-32  8.87882e-37 -5.20665e-33 -8.85398e-38 -2.50979e-34  2.71132e-38 -5.18976e-36  -4.1673e-40 -2.93444e-38
 1.81403e-20  8.41307e-35 -1.25526e-18 -2.93105e-33  3.40992e-17  4.30434e-32 -5.62198e-16 -3.54664e-31  6.49541e-15  1.72443e-30 -5.65311e-14 -3.53996e-30  3.86845e-13 -1.74571e-29 -2.13963e-12  2.15247e-28   9.7437e-12 -1.27104e-27 -3.69899e-11  5.58915e-27  1.17993e-10 -2.03716e-26 -3.17598e-10  6.38367e-26  7.21923e-10 -1.71924e-25 -1.38178e-09  3.85956e-25  2.21034e-09 -6.66345e-25 -2.91311e-09  6.49865e-25  3.08157e-09  7.68731e-25  -2.4836e-09  -5.8133e-24  1.33647e-09  1.76269e-23 -2.32845e-10 -3.89578e-23 -3.15321e-10  6.99085e-23  2.82245e-10 -1.06105e-22 -4.23659e-11  1.39105e-22 -7.35781e-11 -1.59588e-22  3.89385e-11  1.61621e-22  1.14106e-11 -1.45289e-22 -1.34246e-11  1.16224e-22 -1.25112e-12 -8.27246e-23  3.58086e-12  5.22271e-23  2.04986e-13 -2.88533e-23 -8.31747e-13  1.31147e-23 -9.54513e-14 -3.48826e-24   1.6369e-13 -1.77065e-24  4.02766e-14  3.97863e-24  -2.3544e-14 -4.26994e-24   -1.134e-14  3.67726e-24  1.38336e-15  -2.8648e-24  2.00518e-15  2.06899e-24  3.02498e-16 -1.35364e-24 -1.76417e-16  7.86991e-25 -8.27905e-17 -4.09259e-25 -4.08012e-18  1.92097e-25  6.89038e-18 -7.92937e-26  2.31404e-18  2.72015e-26   1.1126e-19 -7.41042e-27 -1.32561e-19  1.47597e-27 -4.37285e-20 -1.47531e-29 -4.47158e-21 -1.97159e-28  9.53035e-22  9.73967e-29  4.29346e-22 -1.18335e-29  6.89563e-23  -8.9227e-30  2.51923e-24  5.16804e-30 -1.23931e-24 -1.28142e-30 -2.99632e-25  1.91496e-31 -3.31819e-26  -3.0636e-32 -1.36886e-27  2.07244e-33  1.49403e-28  1.74398e-33   2.9829e-29 -3.71848e-34  2.39069e-30  6.07965e-36  9.93739e-32  6.23395e-37  1.31163e-33 -3.70788e-38 -5.49804e-35  1.41328e-38 -1.99621e-36 -1.24234e-40
-1.67732e-35  4.14356e-19  1.40015e-33 -1.63667e-17 -3.13163e-32   3.4027e-16  3.52721e-31 -4.68117e-15 -2.38774e-30  4.70523e-14  9.85745e-30 -3.65045e-13 -1.74571e-29    2.262e-12 -7.47366e-29 -1.14505e-11  8.01138e-28  4.80801e-11 -4.11929e-27 -1.69162e-10  1.58844e-26  5.01758e-10 -5.15118e-26 -1.25803e-09  1.45806e-25   2.6641e-09 -3.54696e-25 -4.74279e-09  6.89046e-25  7.02766e-09 -8.38065e-25 -8.51036e-09 -4.81965e-25  8.14033e-09  6.46618e-24 -5.71764e-09 -2.27269e-23  2.35782e-09  5.60669e-23  2.01502e-10 -1.10719e-22 -1.00058e-09   1.8341e-22  5.24011e-10 -2.60994e-22  7.82111e-11  3.23967e-22 -2.00718e-10 -3.54883e-22  4.00586e-11  3.46244e-22  4.95497e-11 -3.02817e-22 -2.01257e-11  2.38134e-22 -1.09889e-11 -1.68401e-22     5.82e-12  1.06805e-22   2.6057e-12 -6.00209e-23 -1.24797e-12   2.8273e-23 -6.59671e-13 -8.49124e-24  1.81643e-13 -2.48812e-24  1.52937e-13  7.11845e-24 -6.32151e-15  -7.7632e-24 -2.69652e-14   6.6321e-24 -4.91204e-15 -5.08589e-24  2.75105e-15  3.58108e-24  1.35243e-15 -2.25502e-24  1.73418e-17  1.25043e-24 -1.48328e-16 -6.21711e-25 -4.32609e-17  2.82534e-25  1.64009e-18 -1.13738e-25  4.12676e-18  3.76946e-26  1.04619e-18 -9.66787e-27  1.39625e-20  1.67392e-27  -5.8903e-20  1.42338e-28 -1.65166e-20   -3.223e-28 -1.56975e-21  1.41893e-28  2.65385e-22 -1.84425e-29  1.15765e-22 -9.88785e-30  1.81525e-23  5.85201e-30  1.01478e-24 -1.37555e-30 -1.58501e-25  1.80926e-31 -4.34536e-26 -3.07697e-32  -4.8696e-27   3.2254e-33 -2.69466e-28  1.55638e-33  9.00585e-31 -3.31032e-34  1.34578e-30  2.68891e-36  1.02859e-31  3.50124e-37  3.65989e-33 -7.31598e-39  5.51133e-35  5.78958e-39  1.13988e-37
-9.02483e-20 -4.29861e-34  6.34433e-18  1.73896e-32 -1.75207e-16 -2.77572e-31  2.93874e-15  2.48835e-30 -3.45686e-14 -1.40486e-29  3.06569e-13   4.9367e-29 -2.13963e-12 -7.47366e-29  1.20819e-11 -2.71098e-28 -5.62337e-11  2.41039e-27  2.18461e-10  -9.9652e-27 -7.14142e-10  2.99474e-26  1.97321e-09 -7.45047e-26 -4.61351e-09  1.60418e-25  9.10588e-09 -2.65905e-25 -1.50709e-08  8.34521e-26  2.06487e-08  1.76032e-24  -2.2879e-08 -9.26944e-24  1.95934e-08  3.08851e-23 -1.16471e-08 -7.95149e-23  3.04571e-09  1.68043e-22  1.98499e-09 -2.99922e-22 -2.41771e-09   4.5992e-22     6.55e-10 -6.13817e-22  5.06052e-10  7.21219e-22 -3.97707e-10 -7.54346e-22  -3.8804e-11  7.09325e-22  1.24981e-10 -6.03718e-22 -8.51701e-12  4.66066e-22 -3.24148e-11 -3.25686e-22  3.51027e-12  2.05019e-22  7.78522e-12 -1.14686e-22 -4.03423e-13  5.38668e-23 -1.69959e-12 -1.62394e-23  -1.3057e-13 -4.28408e-24  3.00313e-13  1.25447e-23  7.79611e-14 -1.33878e-23 -3.33172e-14  1.11878e-23 -1.94809e-14 -8.41534e-24 -3.30469e-17  5.78252e-24   2.5357e-15 -3.50862e-24  6.85325e-16  1.85484e-24 -8.84104e-17 -8.81383e-25 -9.33378e-17  3.88765e-25 -1.86088e-17  -1.5333e-25  2.28112e-18  4.93691e-26  1.99992e-18  -1.2024e-26  4.10728e-19  1.79199e-27 -1.97727e-21  3.76848e-28 -2.10241e-20 -4.76855e-28 -5.27373e-21  1.89237e-28 -5.02334e-22 -2.53396e-29  5.06017e-23 -9.93898e-30  2.42098e-23  6.09626e-30  3.75363e-24 -1.36777e-30  2.63273e-25  1.57883e-31 -8.68428e-27 -2.99793e-32 -4.12585e-27   4.3069e-33 -4.62468e-28  1.27955e-33 -2.69702e-29 -2.71267e-34 -6.38747e-31 -2.97384e-38  1.87115e-32  1.29747e-37  1.65404e-33  3.93028e-39  3.48952e-35   1.5825e-39
 5.47849e-35 -1.87664e-18 -6.86834e-33  7.53646e-17  1.72622e-31 -1.59418e-15 -2.09078e-30   2.2331e-14  1.52793e-29 -2.28733e-13 -7.24584e-29  1.80999e-12  2.15247e-28 -1.14505e-11 -2.71098e-28  5.92412e-11  -7.7771e-28 -2.54536e-10  4.80241e-27   9.1761e-10 -8.93576e-27 -2.79318e-09 -1.49439e-26  7.20024e-09  1.62738e-25 -1.57125e-08 -6.74707e-25   2.8908e-08  2.15166e-24 -4.44415e-08 -6.29734e-24  5.61609e-08   1.7862e-23 -5.66093e-08 -4.79805e-23  4.27837e-08  1.16956e-22 -2.04269e-08 -2.51534e-22  1.13442e-09  4.71805e-22  6.77411e-09 -7.70414e-22 -4.62949e-09   1.0988e-21  7.22405e-11 -1.37798e-21  1.50127e-09  1.53399e-21  -5.3676e-10 -1.53328e-21  -3.1291e-10  1.39108e-21  2.16829e-10 -1.15303e-21  5.76156e-11  8.72766e-22 -6.13038e-11  -5.9977e-22 -1.29195e-11  3.71217e-22  1.41746e-11 -2.03753e-22  3.81048e-12  9.34181e-23 -2.58614e-12 -2.68098e-23 -1.10706e-12 -8.21929e-24  2.94113e-13  2.12565e-23  2.48133e-13 -2.17308e-23  6.08429e-15  1.76369e-23 -3.56287e-14 -1.30065e-23 -9.75968e-15  8.73675e-24  1.95737e-15 -5.11093e-24  1.67048e-15  2.57223e-24  2.59953e-16 -1.16705e-24 -8.70525e-17  5.01226e-25 -4.75177e-17 -1.94798e-25 -6.76952e-18  6.14144e-26  1.39443e-18 -1.44345e-26   8.0391e-19  1.87049e-27  1.41791e-19  6.75269e-28 -8.61935e-22  -6.4887e-28 -5.98587e-21  2.31929e-28 -1.39669e-21 -3.10424e-29 -1.38413e-22 -8.92493e-30  4.99089e-24  5.80509e-30  3.72079e-24 -1.25696e-30  5.76385e-25  1.27791e-31  4.47886e-26  -2.8174e-32  7.89272e-28   4.9978e-33  -2.1432e-28  9.69473e-34 -2.51513e-29 -2.03786e-34 -1.34017e-30 -1.64473e-36 -3.47186e-32 -1.44244e-39 -2.34216e-34  4.59242e-39  3.34879e-36
 3.67487e-19  1.55641e-33 -2.62689e-17 -8.11109e-32  7.38187e-16  1.42343e-30 -1.26086e-14 -1.35983e-29  1.51156e-13   8.2166e-29 -1.36738e-12  -3.2668e-28   9.7437e-12  8.01138e-28 -5.62337e-11  -7.7771e-28  2.67812e-10 -1.32251e-27 -1.06596e-09 -2.56852e-27  3.57536e-09  8.02626e-26 -1.01536e-08 -4.92389e-25  2.44502e-08  1.93137e-24 -4.98293e-08 -5.87591e-24  8.54397e-08  1.52831e-23 -1.21841e-07 -3.64551e-23  1.41531e-07   8.3312e-23 -1.28754e-07 -1.83623e-22  8.39932e-08  3.81638e-22 -2.88014e-08 -7.26323e-22 -8.72787e-09  1.23853e-21  1.67272e-08 -1.87059e-21 -6.67994e-09  2.49449e-21 -2.47793e-09 -2.94742e-21  3.17308e-09  3.11378e-21 -2.18102e-10 -2.97877e-21 -9.01025e-10  2.61175e-21  2.18147e-10 -2.11023e-21  2.21685e-10  1.56433e-21  -6.9048e-11 -1.05258e-21 -5.41451e-11  6.35695e-22  1.39412e-11 -3.38973e-22  1.30133e-11  1.49804e-22 -1.36535e-12  -3.9648e-23 -2.72882e-12 -1.55786e-23 -2.36481e-13  3.41039e-23  4.14254e-13  -3.3066e-23  1.29892e-13  2.59861e-23  -2.8978e-14 -1.88178e-23 -2.48921e-14  1.23838e-23 -3.09821e-15 -6.98432e-24  1.95152e-15   3.3378e-24  8.70247e-16 -1.44359e-24  6.76705e-17  6.06105e-25  -5.3373e-17 -2.33729e-25 -2.02875e-17  7.28836e-26 -2.16016e-18 -1.69405e-26  5.94516e-19  1.99812e-27  2.69673e-19  1.00882e-27  4.29975e-20 -8.20759e-28  2.86465e-22  2.61366e-28 -1.32494e-21 -3.38778e-29 -2.97232e-22 -6.93289e-30  -3.0682e-23   4.9869e-30 -3.32363e-25 -1.06279e-30  3.83542e-25  9.70617e-32  6.10982e-26 -2.51786e-32  4.81714e-27   5.0979e-33   1.7532e-28  6.74174e-34 -2.98805e-30 -1.39537e-34 -6.21392e-31 -2.15792e-36 -2.61672e-32 -4.63197e-38 -4.08599e-34  2.06793e-39
-1.71327e-35  7.00511e-18  2.53526e-32 -2.86303e-16 -7.61958e-31    6.168e-15  9.98928e-30 -8.80663e-14 -7.71491e-29  9.20234e-13  3.87401e-28 -7.43555e-12 -1.27104e-27  4.80801e-11  2.41039e-27 -2.54536e-10 -1.32251e-27  1.12045e-09  2.55371e-27 -4.14404e-09 -8.83041e-26  1.29623e-08  6.66156e-25 -3.44004e-08  -3.0275e-24  7.74621e-08  1.02251e-23 -1.47486e-07 -2.81637e-23  2.35554e-07   6.7276e-23 -3.10991e-07 -1.46468e-22  3.30532e-07  3.01358e-22 -2.68326e-07 -5.94176e-22  1.45612e-07  1.11166e-21 -2.51486e-08  -1.9298e-21 -3.61851e-08  3.04103e-21  3.29398e-08 -4.28646e-21 -5.28473e-09  5.37139e-21 -8.78995e-09 -5.99713e-21  4.93899e-09  6.02457e-21  1.31925e-09 -5.52677e-21 -1.75409e-09   4.6923e-21 -1.10584e-10 -3.69962e-21  4.83664e-10  2.68275e-21  1.02428e-11 -1.76035e-21 -1.17347e-10    1.031e-21 -8.80262e-12 -5.30377e-22  2.45555e-11  2.24287e-22  4.96858e-12 -5.36042e-23 -3.88187e-12 -2.74566e-23 -1.61388e-12  5.13618e-23  3.02125e-13 -4.70614e-23   3.1822e-13  3.57985e-23  3.61577e-14 -2.55354e-23 -3.21491e-14  1.65058e-23 -1.31062e-14 -8.96882e-24 -1.61452e-16  4.05381e-24  1.25422e-15 -1.66679e-24   3.7521e-16  6.87617e-25  7.07292e-18 -2.65228e-25 -2.48501e-17   8.2804e-26 -7.40103e-18  -1.9644e-26 -6.36054e-19  2.28692e-27  1.90829e-19    1.341e-27  7.49093e-20 -9.72862e-28  1.12403e-20  2.69999e-28  3.01195e-22 -3.24697e-29 -2.16864e-22 -4.28849e-30  -4.8581e-23  3.75865e-30 -5.11826e-24 -8.20613e-31   -1.985e-25  7.11313e-32  2.15832e-26 -2.09519e-32  4.01689e-27  4.60706e-33   3.0019e-28   4.2606e-34  1.15417e-29 -8.65109e-35  1.50814e-31 -1.89134e-36 -3.60039e-33 -3.81924e-38 -8.57956e-35
-1.23906e-18 -2.95531e-33  9.01562e-17  2.95046e-31 -2.58075e-15 -5.93187e-30  4.49378e-14  6.06127e-29 -5.49673e-13  -3.8381e-28  5.07802e-12  1.59176e-27 -3.69899e-11 -4.11929e-27  2.18461e-10  4.80241e-27 -1.06596e-09  2.55371e-27  4.35265e-09  3.76622e-26 -1.50001e-08  -5.7194e-25  4.38445e-08  3.39751e-24 -1.08893e-07 -1.35425e-23  2.29478e-07  4.18143e-23  -4.0822e-07 -1.07339e-22  6.06725e-07  2.40577e-22 -7.39628e-07 -4.90137e-22  7.14736e-07  9.36559e-22 -5.09176e-07  -1.7049e-21  2.14289e-07  2.94595e-21  1.74521e-08 -4.74862e-21 -9.40753e-08   6.9947e-21  5.16141e-08 -9.26692e-21  6.48857e-09  1.09596e-20 -2.01319e-08 -1.15941e-20  4.70715e-09  1.10987e-20  4.98522e-09  -9.7851e-21 -2.34462e-09  8.06221e-21  -1.0978e-09 -6.20958e-21  7.04354e-10  4.39901e-21  2.64342e-10 -2.80448e-21 -1.61491e-10  1.58467e-21 -7.11106e-11 -7.82649e-22  2.67101e-11  3.15636e-22  1.80051e-11 -6.73064e-23 -1.90485e-12 -4.41223e-23 -3.51881e-12  7.22607e-23 -4.66348e-13 -6.25538e-23  4.16899e-13  4.61206e-23  1.70953e-13 -3.25568e-23 -7.28847e-15  2.07312e-23 -2.19034e-14 -1.08376e-23 -5.44325e-15  4.60539e-24  5.31977e-16 -1.79231e-24  6.22475e-16   7.3125e-25  1.37918e-16 -2.84751e-25  -3.4519e-18  9.02624e-26 -9.27677e-18 -2.26344e-26 -2.32226e-18  2.82881e-27  -1.8022e-19  1.63875e-27  4.62228e-20 -1.08788e-27  1.68764e-20  2.53566e-28  2.44363e-21 -2.62453e-29   1.1455e-22 -1.47345e-30 -2.37553e-23  2.31821e-30  -5.7262e-24 -5.71877e-31 -5.98793e-25  5.29514e-32  -3.0836e-26 -1.57812e-32  1.32759e-28  3.70781e-33  1.34995e-28  2.40653e-34  9.12604e-30 -4.82534e-35  2.74137e-31 -1.27449e-36  3.08537e-33 -1.57889e-38
-1.16406e-33 -2.17499e-17 -6.21903e-32  9.05702e-16  2.68636e-30 -1.98958e-14 -3.92571e-29  2.89898e-13  3.21162e-28 -3.09413e-12 -1.67382e-27  2.55609e-11  5.58915e-27 -1.69162e-10  -9.9652e-27   9.1761e-10 -2.56852e-27 -4.14404e-09  3.76622e-26   1.5747e-08  2.25061e-25  -5.0688e-08 -2.69296e-24  1.38699e-07  1.40214e-23 -3.22765e-07 -5.09961e-23  6.36934e-07   1.4663e-22 -1.05839e-06 -3.54425e-22  1.46179e-06  7.51385e-22 -1.63946e-06 -1.44672e-21  1.42787e-06  2.60152e-21 -8.69433e-07 -4.43944e-21   2.3967e-07  7.18643e-21  1.46756e-07 -1.08789e-20 -1.91553e-07  1.51017e-20   5.7811e-08 -1.89091e-20  3.89846e-08  2.11808e-20 -3.46258e-08 -2.12816e-20 -1.72645e-09  1.94526e-20  1.10073e-08  -1.6521e-20 -1.36016e-09   1.3241e-20 -2.91205e-09 -9.97229e-21  5.11675e-10  6.89214e-21  7.27435e-10 -4.25404e-21 -8.92617e-11  2.30886e-21 -1.69732e-10 -1.09114e-21 -1.87941e-12  4.19654e-22  3.30603e-11 -7.98292e-23  6.37976e-12 -6.43435e-23  -4.3285e-12  9.46629e-23 -2.00223e-12 -7.75246e-23  1.40658e-13  5.55639e-23  3.06897e-13 -3.90636e-23  6.62941e-14  2.45881e-23 -1.59662e-14 -1.23387e-23 -1.13557e-14  4.88594e-24 -1.81163e-15 -1.78627e-24  4.15558e-16  7.27068e-25  2.52885e-16 -2.88946e-25  4.42933e-17  9.44665e-26 -2.28135e-18 -2.58976e-26 -2.81682e-18  3.65048e-27  -6.2311e-19  1.88278e-27 -4.85762e-20  -1.1546e-27  8.07717e-21   2.1259e-28  2.97785e-21 -1.57677e-29  4.20513e-22  1.01192e-30  2.59716e-23  8.93799e-31 -1.29919e-24 -3.53207e-31 -4.42884e-25  4.24936e-32 -4.49312e-26 -1.03118e-32 -2.37897e-27  2.66811e-33 -4.97051e-29  1.18633e-34  1.32597e-30 -2.40702e-35  9.08665e-32 -6.59375e-37  1.13379e-33
  3.4831e-18 -7.67639e-33 -2.58284e-16 -7.83162e-31  7.54075e-15  2.00858e-29 -1.34031e-13 -2.24513e-28  1.67496e-12  1.49301e-27 -1.58238e-11 -6.34396e-27  1.17993e-10  1.58844e-26 -7.14142e-10 -8.93576e-27  3.57536e-09 -8.83041e-26 -1.50001e-08  2.25061e-25  5.31944e-08  1.02619e-24 -1.60284e-07 -1.06629e-23  4.11238e-07   5.0377e-23 -8.97583e-07 -1.69907e-22  1.65921e-06  4.58877e-22 -2.57405e-06 -1.04985e-21  3.29708e-06  2.11418e-21  -3.3854e-06 -3.86657e-21  2.62418e-06  6.58918e-21 -1.30479e-06 -1.06318e-20  1.06238e-07  1.62664e-20  4.27357e-07 -2.33052e-20 -3.17818e-07  3.06707e-20  1.90573e-08 -3.64475e-20  1.01569e-07   3.8776e-20  -4.3257e-08 -3.70755e-20 -1.99609e-08  3.24211e-20   1.7377e-08 -2.65902e-20  3.20944e-09  2.07805e-20 -5.06226e-09  -1.5317e-20 -6.65527e-10  1.03118e-20  1.24082e-09 -6.14126e-21  2.28602e-10  3.18885e-21 -2.50001e-10 -1.43873e-21 -8.06946e-11  5.29277e-22  3.49065e-11 -9.14093e-23  2.12685e-11 -8.49607e-23 -1.23445e-12  1.15093e-22 -3.58967e-12  -8.9376e-23 -7.33911e-13  6.25627e-23   2.7534e-13 -4.41801e-23  1.64454e-13  2.76013e-23  1.67504e-14 -1.32544e-23 -1.14002e-14  4.82527e-24 -4.80141e-15  -1.6343e-24 -4.85759e-16  6.72121e-25  1.99391e-16 -2.76311e-25  8.61296e-17  9.48139e-26  1.26722e-17 -2.92584e-26  -7.1674e-19  4.68731e-27 -6.91151e-19  2.07285e-27 -1.40215e-19 -1.16959e-27 -1.16082e-20  1.52528e-28  8.88982e-22  -2.7348e-30  3.90239e-22  2.78882e-30  5.38756e-23 -3.12045e-31  3.73803e-24 -1.87941e-31  3.49625e-26  3.73881e-32 -1.89159e-26 -5.36556e-33  -1.8856e-27  1.72518e-33 -8.67394e-29  4.95713e-35 -1.84909e-30 -1.06419e-35 -8.84742e-33 -2.32885e-37
 9.38068e-33  5.64442e-17  2.75776e-32 -2.39799e-15 -7.25645e-30  5.37872e-14  1.26972e-28 -8.00931e-13 -1.12082e-27   8.7443e-12  6.08194e-27 -7.39656e-11 -2.03716e-26  5.01758e-10  2.99474e-26 -2.79318e-09  8.02626e-26  1.29623e-08  -5.7194e-25  -5.0688e-08  1.02619e-24  1.68186e-07  3.99059e-24 -4.75312e-07 -3.73134e-23  1.14506e-06  1.62563e-22 -2.34601e-06 -5.12831e-22  4.06275e-06  1.30752e-21 -5.87887e-06 -2.84073e-21  6.96462e-06  5.44844e-21 -6.50332e-06 -9.49409e-21  4.40257e-06  1.53979e-20 -1.62985e-06 -2.36202e-20 -3.88565e-07  3.43609e-20  9.14564e-07 -4.68514e-20 -4.16265e-07   5.8717e-20 -1.14997e-07 -6.64334e-20  1.91679e-07  6.72663e-20 -2.65155e-08 -6.12961e-20 -5.35587e-08  5.13704e-20  1.81532e-08 -4.07912e-20  1.30506e-08  3.11634e-20  -5.8379e-09 -2.24957e-20  -3.2736e-09  1.47274e-20  1.32202e-09 -8.43484e-21  8.51377e-10  4.17423e-21 -1.90312e-10  -1.7948e-21 -2.00657e-10  6.35176e-22  6.09441e-13 -1.03821e-22  3.55566e-11 -1.01002e-22  7.92305e-12  1.29252e-22  -3.4459e-12 -9.55094e-23 -2.00089e-12  6.57567e-23 -1.05339e-13  -4.7174e-23  2.03256e-13  2.94069e-23  6.96234e-14 -1.34635e-23  9.08082e-16  4.41144e-24 -5.68025e-15 -1.34582e-24 -1.71407e-15  5.71287e-25 -1.06707e-16 -2.47565e-25  7.14562e-17  9.09914e-26  2.47511e-17 -3.23987e-26  3.24971e-18  5.79001e-27 -1.31938e-19  2.22576e-27 -1.33838e-19 -1.13635e-27 -2.55877e-20  8.24652e-29 -2.25233e-21  1.03995e-29  2.85675e-23  3.68935e-30  3.49211e-23  -1.1662e-30  4.75162e-24 -8.26321e-32  3.31507e-25  3.43415e-32  1.00038e-26 -1.63701e-33 -2.59611e-28  1.01124e-33 -3.40952e-29  1.71666e-35 -1.08822e-30 -4.04848e-36  -9.8426e-33
-8.18565e-18  1.02973e-31  6.19508e-16  1.07377e-30 -1.84748e-14 -5.36513e-29  3.35707e-13   6.9112e-28 -4.29284e-12 -4.90632e-27  4.15396e-11  2.14826e-26 -3.17598e-10 -5.15118e-26  1.97321e-09 -1.49439e-26 -1.01536e-08  6.66156e-25  4.38445e-08 -2.69296e-24 -1.60284e-07  3.99059e-24  4.98772e-07   1.3798e-23 -1.32441e-06 -1.18149e-22  2.99947e-06  4.79036e-22 -5.77213e-06 -1.42116e-21  9.36306e-06  3.43241e-21 -1.26198e-05 -7.09814e-21  1.37767e-05  1.29908e-20 -1.15899e-05 -2.16129e-20  6.64722e-06  3.34539e-20 -1.41931e-06 -4.89727e-20 -1.52184e-06  6.80332e-20  1.59437e-06 -8.86546e-20 -3.57653e-07  1.06167e-19 -3.97206e-07 -1.14631e-19  2.77924e-07  1.10622e-19  4.39832e-08 -9.61732e-20 -9.73459e-08  7.73763e-20  3.21245e-09 -5.96531e-20  2.72939e-08  4.46649e-20 -2.22588e-09   -3.159e-20 -6.96687e-09  2.00742e-20  2.07077e-10 -1.10198e-20  1.59972e-09  5.17696e-21  1.57236e-10 -2.11723e-21 -2.94235e-10  7.26511e-22 -8.45129e-11 -1.20084e-22  3.29341e-11 -1.06463e-22  2.12589e-11  1.32989e-22  4.90838e-13 -9.40741e-23 -2.75451e-12  6.43712e-23 -8.25652e-13 -4.76275e-23  7.48526e-14   2.9847e-23  1.05982e-13 -1.29843e-23  2.41626e-14  3.69832e-24 -1.62584e-15 -9.52229e-25 -2.22744e-15  4.36407e-25 -5.27567e-16 -2.05599e-25 -2.09057e-17  8.30939e-26  1.99929e-17 -3.49552e-26  5.95746e-18   6.7631e-27  7.34593e-19  2.36657e-27 -8.67846e-21 -1.06254e-27 -1.95884e-20  1.28012e-29 -3.60985e-21  2.10848e-29 -3.27492e-22  3.76665e-30 -7.94737e-24 -1.62469e-30  1.81701e-24 -2.91818e-32  2.57813e-25    3.065e-32  1.64624e-26  5.65626e-34  5.27684e-28   5.4557e-34  4.71538e-30  5.13104e-36  -1.2619e-31 -1.17554e-36
-4.80592e-32 -1.22542e-16  6.76532e-31  5.32017e-15  1.26322e-29  -1.2205e-13 -3.30064e-28   1.8605e-12  3.27446e-27 -2.08139e-11 -1.87951e-26  1.80592e-10  6.38367e-26 -1.25803e-09 -7.45047e-26  7.20024e-09 -4.92389e-25 -3.44004e-08  3.39751e-24  1.38699e-07 -1.06629e-23 -4.75312e-07   1.3798e-23   1.3901e-06  4.33043e-23 -3.47368e-06 -3.43058e-22  7.40361e-06  1.30214e-21 -1.33877e-05 -3.64673e-21  2.03319e-05   8.3651e-21 -2.54762e-05 -1.64962e-20  2.55007e-05  2.88507e-20 -1.90686e-05 -4.58958e-20  8.77546e-06  6.79372e-20  6.63212e-08 -9.51744e-20 -3.55883e-06  1.26691e-19   2.2903e-06 -1.58305e-19  6.62496e-08  1.81622e-19 -8.43281e-07 -1.87449e-19  2.84364e-07  1.72545e-19  1.93496e-07 -1.43214e-19 -1.29436e-07  1.10802e-19 -3.83143e-08 -8.31902e-20  3.97124e-08  6.12033e-20  8.96543e-09 -4.24184e-20  -9.8568e-09  2.61119e-20 -2.75247e-09 -1.36938e-20  1.92272e-09   6.0798e-21  8.44773e-10 -2.35735e-21 -2.33037e-10  7.91478e-22 -2.00571e-10 -1.43479e-22 -5.07698e-12 -9.56164e-23  3.01927e-11  1.23482e-22  8.55708e-12 -8.46473e-23 -1.65636e-12  5.84438e-23 -1.49793e-12 -4.55085e-23 -2.52421e-13  2.90121e-23  7.34737e-14 -1.19818e-23  4.38743e-14  2.79512e-24  7.05699e-15 -4.99795e-25 -1.01248e-15  2.84028e-25  -7.1487e-16 -1.54972e-25 -1.41509e-16  7.17143e-26 -4.51979e-18 -3.66585e-26  4.36595e-18  7.41982e-27  1.17622e-18  2.51657e-27  1.40478e-19 -9.56819e-28  2.54349e-21 -4.72407e-29 -2.01033e-21  2.73946e-29   -3.689e-22  3.23404e-30 -3.29895e-23 -1.72608e-30 -1.35025e-24 -1.10336e-32   3.1145e-26  2.51429e-32  7.08662e-27  1.39289e-33  3.73798e-28  2.75953e-34  8.42311e-30  1.63779e-36  5.27714e-32
