  1.4806e-34  4.28544e-38 -1.98235e-34 -4.89277e-38  1.02977e-34  4.57046e-37 -1.47796e-34 -7.20271e-37  1.04635e-34  1.10178e-36 -1.78296e-35 -1.07141e-36 -2.52067e-35 -1.02803e-36  9.18816e-37   7.6367e-38  9.66153e-36   -3.259e-37 -1.03354e-35  1.99507e-37  6.83103e-36 -2.43824e-37 -4.21274e-36  1.50521e-37    1.155e-36  4.53811e-38 -6.22966e-37  1.45214e-38  -2.2612e-40   1.4571e-38 -3.21193e-39  6.56622e-39 -7.52043e-38  -1.1928e-38  3.22679e-38  1.93831e-39   3.5506e-38 -5.40866e-40 -1.33084e-38  1.12223e-39   3.3732e-39   -4.695e-41  -1.4486e-39  -1.2607e-40  7.70092e-40 -1.43294e-40  5.07615e-40  6.59256e-41 -4.92969e-40  5.32824e-41 -1.58889e-40 -2.10904e-41  9.78848e-41 -1.65576e-43 -3.94753e-41  8.67487e-43 -1.32657e-41 -1.02427e-43  3.99304e-42   2.1009e-43  3.74298e-42 -5.19926e-44 -1.62893e-42 -2.10852e-43  7.08252e-43  5.89132e-44 -4.38375e-43 -2.08576e-44  1.42304e-43 -2.11402e-45   4.7823e-44 -5.92881e-45 -7.38358e-45  2.11597e-46  3.13231e-45  5.13917e-46 -2.85913e-45 -2.83411e-46  5.04549e-46 -2.05845e-46 -4.29616e-46  7.24338e-48  1.06047e-47 -1.26551e-47  2.02908e-47   3.3251e-48 -1.40511e-47  -1.9764e-48  3.35558e-48  -9.4328e-49 -7.18477e-49  1.77472e-48 -5.62482e-49 -3.12203e-48  5.25588e-49  5.23502e-48 -3.20216e-49 -8.16695e-48  3.83567e-49  1.17122e-47 -4.78053e-49 -1.53981e-47  5.75846e-49  1.84467e-47 -6.35146e-49 -1.99968e-47   6.3263e-49  1.94457e-47 -5.63176e-49 -1.67841e-47  4.42956e-49  1.26887e-47 -3.03269e-49 -8.26026e-48  1.77191e-49  4.52731e-48 -8.60036e-50  -2.0248e-48  3.33827e-50  7.05581e-49 -9.77842e-51 -1.77643e-49  1.95387e-51  2.78984e-50  -2.1169e-52 -1.76218e-51
 4.28544e-38  4.95198e-34  2.77049e-37 -5.80301e-34 -1.05953e-37  3.03636e-34  1.50447e-36  -2.8842e-34 -2.03302e-36  1.64222e-34  3.00886e-36 -3.67431e-35 -2.63871e-36 -3.41444e-35 -2.43756e-36 -7.55643e-36   4.4586e-38  9.51729e-36 -5.00562e-37 -1.50644e-35  2.33238e-37   1.2054e-35 -4.08002e-37 -7.82818e-36  3.36309e-37  2.47059e-36  1.02415e-37 -1.18799e-36  4.82229e-38 -1.60668e-37  2.87015e-38  1.73234e-37  1.92462e-38 -3.03931e-37 -3.63927e-38  9.03586e-38  5.31081e-39  1.07715e-37 -1.11962e-39 -3.79033e-38  3.27569e-39  1.36845e-38  -1.2623e-41 -4.66209e-39 -2.80438e-40 -5.27585e-41 -4.89694e-40  1.46422e-39  2.53547e-40  -1.6252e-39  1.66664e-40 -3.52614e-40 -7.24809e-41  2.56321e-40 -6.57211e-42 -1.76692e-40  4.61478e-42 -4.08902e-41  5.58288e-43  8.23649e-42   6.8353e-43  1.48574e-41 -4.01284e-43 -5.25209e-42 -6.28683e-43  2.28632e-42   2.0278e-43 -1.58635e-42  -5.1486e-44  4.03654e-43 -2.36596e-44  2.31112e-43  -1.9589e-44 -5.69981e-44  1.51822e-45  1.39051e-44  1.72874e-45 -5.72594e-45 -1.19125e-45 -1.07254e-47 -7.86934e-46 -1.18903e-45 -1.16346e-47 -1.45817e-46 -4.35609e-47   1.1351e-46  6.25173e-48 -4.90962e-47 -7.75967e-49    1.105e-47 -1.54589e-47 -3.39099e-49  2.91494e-47 -3.67574e-48 -5.07656e-47  3.68391e-48  8.23611e-47 -3.58491e-48 -1.23482e-46  4.56399e-48  1.70032e-46 -5.64842e-48 -2.14004e-46  6.49457e-48  2.44585e-46 -6.78852e-48  -2.5186e-46  6.38851e-48  2.31452e-46 -5.35631e-48 -1.87589e-46  3.94783e-48  1.32103e-46 -2.51246e-48 -7.92743e-47  1.34767e-48  3.94856e-47 -5.89424e-49 -1.57222e-47  2.00452e-49  4.72209e-48 -4.91716e-50 -9.65933e-49  7.53187e-51  1.06719e-49 -4.66673e-52
-1.98235e-34  2.77049e-37  1.20867e-33  1.02137e-36 -1.12935e-33 -4.26534e-39  5.33752e-34  3.35214e-36 -3.37882e-34  -4.1364e-36  1.61538e-34  6.07174e-36 -4.27114e-35 -4.72398e-36 -2.62128e-35 -3.71611e-36 -1.22583e-35  7.59915e-38 -3.66939e-36 -4.13133e-37 -1.32147e-35  1.01356e-37  1.56062e-35 -4.93989e-37 -1.17381e-35  5.81585e-37   4.5969e-36  2.07316e-37  -2.0066e-36   9.2549e-38 -3.76032e-37  3.88701e-38  6.81633e-37  3.47956e-38 -7.83849e-37 -7.78946e-38  1.71147e-37  1.06811e-38  2.19245e-37 -1.40022e-39 -7.11157e-38  7.19094e-39   3.9619e-38   -3.526e-41 -1.25847e-38 -4.25934e-40  -4.6895e-39 -1.13698e-39  2.28834e-39  6.79287e-40 -3.53797e-39  3.74916e-40 -4.30499e-40  -1.7101e-40  4.48945e-40 -3.03383e-41 -5.06447e-40  1.63402e-41 -9.23711e-41  3.39877e-42     4.38e-42  1.49096e-42  4.25478e-41 -1.43082e-42 -1.26603e-41 -1.22807e-42  5.48996e-42  4.72243e-43 -4.04293e-42 -5.88103e-44  7.59834e-43 -9.81178e-44  7.30291e-43 -4.55946e-44 -2.22894e-43   4.6369e-45  4.29375e-44  3.96297e-45 -3.62389e-45 -3.38433e-45 -4.31689e-45  -2.1274e-45 -2.15189e-45 -1.32484e-46  -8.6464e-46 -9.07779e-47  3.88374e-46 -3.01012e-47 -1.21402e-46   7.5866e-47  2.18077e-47 -1.87145e-46  9.85944e-48  3.41409e-46 -2.05047e-47 -5.76114e-46  2.38259e-47  9.00344e-46  -2.8505e-47 -1.29631e-45  3.59838e-47  1.71025e-45 -4.26982e-47 -2.05562e-45  4.65664e-47   2.2349e-45 -4.61546e-47 -2.17904e-45  4.12092e-47  1.88527e-45 -3.27465e-47 -1.42842e-45  2.27681e-47  9.31875e-46 -1.35303e-47 -5.11846e-46   6.6601e-48  2.29445e-46 -2.60344e-48 -8.01621e-47  7.60955e-49  2.02439e-47 -1.50474e-49 -3.19108e-48  1.60716e-50  2.02491e-49
-4.89277e-38 -5.80301e-34  1.02137e-36  2.19131e-33  2.63442e-36 -1.60996e-33  5.29815e-37  6.79499e-34  6.16706e-36 -3.04838e-34 -7.43315e-36  1.38311e-34  1.04912e-35 -3.86537e-35 -7.10883e-36  2.43509e-36 -4.22072e-36 -5.19491e-36  4.30725e-37 -2.60818e-35 -7.02794e-38 -7.12801e-36 -3.42923e-38  1.72748e-35 -5.12867e-37 -1.61842e-35   8.5292e-37  7.78635e-36  4.05674e-37 -3.58005e-36  1.29462e-37 -3.88263e-37  4.49726e-38  1.70394e-36  4.06996e-38 -1.57676e-36  -1.3671e-37  2.34091e-37  1.82216e-38  3.56683e-37 -7.79476e-40 -1.03146e-37  1.36258e-38  9.33443e-38 -6.45582e-40 -2.86117e-38 -5.38201e-40 -1.57351e-38 -2.15144e-39  1.30252e-39  1.47885e-39  -6.0832e-39   7.0461e-40 -5.91619e-41 -3.19718e-40  6.21449e-40  -8.6267e-41  -1.1247e-39  4.56959e-41 -1.76834e-40  1.05338e-41 -2.83507e-41   2.3862e-42  1.01266e-40 -3.48641e-42 -2.64686e-41  -1.6977e-42  1.15907e-41  8.42453e-43 -8.51185e-42  5.29371e-44  1.09848e-42  -2.6698e-43  1.77309e-42 -8.50336e-44 -6.17622e-43  9.07511e-45  1.02066e-43  7.11682e-45  1.38499e-44  -7.6723e-45 -1.67427e-44 -4.69512e-45 -2.72676e-45 -5.29227e-46 -2.82378e-45 -7.97479e-50    1.014e-45 -4.72218e-46 -2.40652e-46  9.33956e-46  1.27842e-47 -1.83221e-45  7.05122e-47  3.22098e-45 -1.03974e-46 -5.24026e-45  1.29136e-46  7.87165e-45  -1.5847e-46 -1.08643e-44  1.89692e-46  1.37004e-44 -2.12149e-46 -1.56837e-44  2.19741e-46  1.61718e-44 -2.09513e-46  -1.4878e-44  1.81944e-46    1.207e-44 -1.41191e-46 -8.50758e-45  9.52148e-47  5.11021e-45 -5.38444e-47 -2.54821e-45  2.44543e-47  1.01611e-45 -8.45266e-48 -3.05776e-46  2.06131e-48  6.27138e-47 -3.08981e-49 -6.95365e-48  1.86711e-50
 1.02977e-34 -1.05953e-37 -1.12935e-33  2.63442e-36  3.02766e-33  5.19968e-36 -1.75313e-33  1.60576e-36  6.98843e-34  1.02988e-35 -2.61084e-34 -1.26341e-35  1.39906e-34  1.60406e-35 -3.64798e-35 -9.36481e-36  4.66628e-35 -3.78969e-36  1.37327e-35  1.16147e-36 -4.92682e-35  4.27905e-37  -9.2367e-37  1.16206e-37  1.63618e-35 -5.16288e-37 -2.01932e-35  1.08341e-36  1.15343e-35  7.28878e-37 -6.54483e-36  1.42031e-37  2.49432e-37  5.94772e-38  3.42513e-36  1.54333e-38 -2.71456e-36 -2.09436e-37  2.06329e-37  2.67729e-38  5.08682e-37  1.69011e-39 -1.25042e-37  2.33705e-38  1.86179e-37 -2.84486e-39 -5.37845e-38 -7.51433e-40 -3.51632e-38 -3.62834e-39 -3.99941e-39  2.79534e-39 -9.02163e-39  1.17951e-39  1.21707e-39 -4.99244e-40  7.64744e-40 -1.84726e-40 -2.09851e-39    1.088e-40 -3.00095e-40   2.4579e-41  -1.2575e-40  2.80769e-42  2.10663e-40 -6.45327e-42 -5.07178e-41 -1.36055e-42  2.30743e-41  1.16952e-42 -1.58432e-41  4.53173e-43  1.32166e-42 -5.48712e-43  3.53053e-42 -1.32197e-43 -1.35997e-42  1.19246e-44   1.9364e-43  1.05813e-44  6.04999e-44 -1.50475e-44 -4.12064e-44 -8.79102e-45 -1.83001e-45  -1.9096e-45 -6.87208e-45  1.65918e-45  2.22634e-45 -4.32153e-45 -3.91225e-46  8.30765e-45 -9.20122e-47 -1.52375e-44  2.74176e-46  2.57904e-44 -3.32218e-46 -4.03527e-44  3.55287e-46  5.81433e-44 -3.58204e-46 -7.67576e-44  3.52024e-46  9.22857e-44  -3.5136e-46 -1.00338e-43  3.74738e-46  9.78121e-44 -4.15247e-46 -8.45994e-44  4.34652e-46  6.40759e-44 -3.92943e-46   -4.179e-44  2.88858e-46  2.29515e-44  -1.6516e-46 -1.02909e-44  7.02957e-47  3.59808e-45 -2.10633e-47 -9.09981e-46  4.06722e-48  1.43789e-46  -4.1341e-49 -9.15761e-48
 4.57046e-37  3.03636e-34 -4.26534e-39 -1.60996e-33  5.19968e-36  3.32569e-33  8.21848e-36 -1.53635e-33  2.85575e-36  6.48133e-34  1.60563e-35 -2.46949e-34 -2.00577e-35  1.70107e-34  2.16784e-35 -4.47367e-35 -1.08589e-35  9.64264e-35 -2.76735e-36   3.7165e-35  1.89119e-36 -6.48793e-35  1.04796e-36  3.22738e-36  8.18685e-37  1.14763e-35 -6.11979e-37 -2.13045e-35  1.21335e-36  1.43574e-35  1.16897e-36 -1.14163e-35  1.22978e-37  2.08597e-36  1.08072e-37  6.05538e-36 -6.69314e-38  -4.2201e-36 -2.89086e-37  6.83492e-39  3.23543e-38  6.78756e-37  7.42919e-39 -1.33447e-37  3.72005e-38  3.19883e-37 -7.89486e-39  -8.3189e-38 -1.53445e-39 -6.37992e-38 -5.74908e-39 -1.62317e-38  4.75881e-39 -1.22197e-38  1.82041e-39  3.84707e-39 -6.61962e-40   9.6233e-40 -3.19428e-40 -3.44342e-39  2.30163e-40 -4.53234e-40  4.88248e-41 -3.38666e-40  2.50804e-42  3.92665e-40 -9.27419e-42  -9.1042e-41   8.5686e-43  4.42398e-41  1.16281e-42 -2.69735e-41   1.3644e-42   1.4902e-42 -8.94397e-43  5.95084e-42 -1.72341e-43 -2.51497e-42  7.29473e-45  2.95694e-43  1.36098e-44  1.48089e-43 -2.74392e-44 -7.77226e-44 -1.27173e-44  2.07836e-45 -9.30632e-45 -1.38578e-44  1.58853e-44  4.47212e-45 -3.35824e-44 -8.22343e-46  6.29793e-44  2.57836e-46  -1.1072e-43 -6.42957e-46   1.8019e-43  1.72394e-45 -2.70561e-43 -3.26875e-45  3.73135e-43  4.95115e-45 -4.70062e-43 -6.18562e-45  5.37422e-43  6.35526e-45 -5.53333e-43 -5.20601e-45  5.08251e-43  3.14932e-45 -4.11655e-43 -1.08557e-45  2.89703e-43 -2.04739e-46 -1.73776e-43  5.68122e-46  8.65641e-44 -4.02246e-46 -3.44997e-44  1.64177e-46   1.0384e-44 -4.05472e-47 -2.13218e-45  5.57889e-48   2.3698e-46 -2.99379e-49
-1.47796e-34  1.50447e-36  5.33752e-34  5.29815e-37 -1.75313e-33  8.21848e-36  3.06992e-33  1.05788e-35 -1.17892e-33  3.37495e-36  5.98664e-34  2.30893e-35 -2.46659e-34 -2.87113e-35  1.98946e-34  2.58017e-35 -6.48084e-35 -1.09728e-35  1.43928e-34 -1.58699e-36  5.34479e-35  1.90007e-36 -6.69183e-35   1.9028e-36  6.10688e-36  2.21078e-36  1.77115e-36 -9.78591e-37 -1.65039e-35  1.22353e-36  1.40278e-35  1.67724e-36  -1.8361e-35  7.78033e-38  5.53454e-36  2.20394e-37  9.85641e-36 -2.27688e-37 -6.11207e-36 -3.66297e-37 -4.16395e-37  2.79772e-38  8.79418e-37  1.79104e-38 -1.26964e-37  5.61444e-38  4.78651e-37 -1.68902e-38 -1.03937e-37 -3.82132e-39 -1.01415e-37 -8.77971e-39  -3.7386e-38  7.45502e-39 -1.56108e-38  2.63685e-39  8.05577e-39 -7.32689e-40  1.37815e-39 -4.56228e-40 -5.12275e-39  4.44488e-40 -5.94129e-40  8.78443e-41 -7.30052e-40  3.14018e-42  6.66953e-40 -9.80991e-42 -1.54232e-40  6.39346e-42  8.12158e-41  4.37668e-43   -4.269e-41   2.9954e-42   1.9401e-42 -1.15384e-42  8.60031e-42 -1.83676e-43  -4.0279e-42 -1.41599e-44   3.5369e-43  1.77485e-44  2.77371e-43 -5.31678e-44 -1.18321e-43 -2.87789e-46  1.12108e-44 -5.88358e-44 -2.57107e-44  1.17934e-43   1.1574e-44 -2.32887e-43 -8.83912e-45  4.22943e-43  1.56021e-44 -7.14681e-43 -2.89282e-44  1.11642e-42  4.83353e-44 -1.60536e-42 -7.10202e-44  2.11434e-42  9.11333e-44 -2.53551e-42 -1.00918e-43  2.74907e-42  9.47076e-44  -2.6721e-42 -7.32782e-44  2.30434e-42  4.47216e-44 -1.74029e-42 -1.97822e-44  1.13194e-42  4.97167e-45 -6.20199e-43  3.57147e-46  2.77561e-43 -8.53887e-46  -9.6931e-44  3.26301e-46  2.45089e-44 -5.76672e-47 -3.87659e-45  4.34327e-48  2.47524e-46
-7.20271e-37  -2.8842e-34  3.35214e-36  6.79499e-34  1.60576e-36 -1.53635e-33  1.05788e-35  2.57952e-33  1.09001e-35 -9.07748e-34  2.09606e-36  5.65024e-34  3.00438e-35 -2.21346e-34 -3.61695e-35  1.90722e-34  2.70985e-35 -9.16868e-35 -9.34579e-36  1.85265e-34 -3.33629e-37  4.93399e-35  4.68142e-37  -5.2742e-35  3.20916e-36  1.05381e-35  4.30625e-36 -1.18268e-35 -1.83412e-36 -3.65633e-36  1.12413e-36  8.24249e-36  2.18643e-36 -2.71041e-35  2.14812e-38  1.05942e-35   4.1433e-37  1.50973e-35 -4.73544e-37 -8.37812e-36  -4.3235e-37 -1.05367e-36  5.88754e-39  1.10689e-36  3.33725e-38 -9.56397e-38  8.20726e-38  6.28016e-37 -3.02968e-38 -9.61496e-38 -8.95734e-39 -1.47349e-37 -1.29677e-38 -6.86169e-38  1.08792e-38  -1.8837e-38  3.60746e-39  1.35834e-38 -6.15078e-40  2.18386e-39 -5.30339e-40  -7.0695e-39  7.97973e-40 -6.26701e-40  1.47871e-40  -1.3702e-39  1.05548e-41  1.04763e-39 -5.51104e-42 -2.47106e-40  1.69616e-41  1.40964e-40 -1.32277e-42 -6.32208e-41  5.43335e-42  3.29447e-42 -1.08453e-42  1.06014e-41  -1.4208e-43 -5.68376e-42 -7.09179e-44  2.90887e-43  4.18835e-44  4.28689e-43 -1.42387e-43 -1.46928e-43   1.3855e-43  3.64496e-44 -3.83663e-43 -6.62652e-44  7.71534e-43  7.67344e-44 -1.45787e-42 -1.30751e-43  2.55171e-42  2.41276e-43  -4.1398e-42 -4.08537e-43  6.19544e-42  6.20274e-43  -8.5131e-42 -8.34976e-43  1.06825e-41  9.84965e-43 -1.21631e-41 -1.00257e-42  1.24699e-41   8.6242e-43 -1.14046e-41 -6.08897e-43   9.1976e-42  3.37587e-43 -6.44615e-42 -1.36058e-43  3.85189e-42  3.31758e-44 -1.91233e-42 -1.19078e-45  7.60104e-43 -2.03385e-45 -2.28379e-43  5.74211e-46   4.6868e-44 -4.74521e-47 -5.21439e-45  5.72803e-50
 1.04635e-34 -2.03302e-36 -3.37882e-34  6.16706e-36  6.98843e-34  2.85575e-36 -1.17892e-33  1.09001e-35  2.18666e-33  8.10907e-36 -7.93747e-34 -1.52921e-36  5.07684e-34  3.49733e-35 -1.43372e-34  -3.9632e-35  1.25001e-34  2.53009e-35 -1.14108e-34 -5.93794e-36  2.18179e-34  1.33966e-36  1.20315e-35 -2.73987e-36 -2.44306e-35  5.17525e-36  2.04045e-35  7.07235e-36 -2.65249e-35 -3.35584e-36  1.74241e-35  9.08132e-37 -4.49331e-36  2.64247e-36  -3.7004e-35  -2.9602e-38    1.672e-35  6.82178e-37  2.19124e-35 -7.90524e-37  -1.0933e-35 -4.83809e-37 -1.82052e-36 -3.83964e-38  1.31382e-36  5.10193e-38 -1.25259e-38  1.18207e-37  7.23278e-37 -4.76459e-38 -3.68845e-38 -1.83666e-38 -2.01135e-37  -1.8339e-38 -1.10599e-37  1.48883e-38 -2.08131e-38  4.65572e-39  1.94891e-38 -2.00894e-40  3.46395e-39 -4.57933e-40 -9.21885e-39  1.34875e-39 -3.85933e-40  2.35615e-40 -2.33139e-39  3.68231e-41   1.5437e-39  4.91947e-42 -3.74881e-40  3.43474e-41  2.29269e-40 -4.12193e-42 -8.78114e-41   8.5259e-42  6.36242e-42 -4.30737e-43   1.0731e-41 -1.23957e-44 -7.11523e-42 -2.30064e-43  3.76651e-44  2.15077e-43  5.71367e-43 -6.00572e-43 -1.85916e-43  1.06858e-42  2.12074e-43 -2.34096e-42 -4.42507e-43  4.56263e-42  8.41238e-43  -8.2807e-42 -1.58504e-42  1.39272e-41  2.78025e-42 -2.16538e-41 -4.40745e-42  3.09817e-41  6.24708e-42 -4.05891e-41 -7.82882e-42  4.84059e-41  8.55571e-42 -5.21847e-41  -8.0094e-42  5.04301e-41  6.27106e-42 -4.32377e-41 -3.97044e-42  3.24684e-41  1.93025e-42 -2.10038e-41 -6.56421e-43  1.14504e-41  1.22757e-43 -5.10195e-42  2.54481e-45  1.77548e-42  -6.2176e-45 -4.47889e-43  8.23688e-46  7.07895e-44  2.09879e-47 -4.52555e-45
 1.10178e-36  1.64222e-34  -4.1364e-36 -3.04838e-34  1.02988e-35  6.48133e-34  3.37495e-36 -9.07748e-34  8.10907e-36  2.02003e-33  1.95464e-36 -7.76992e-34  -7.0084e-36  3.80919e-34  3.62165e-35  -8.9195e-36 -3.74446e-35  2.08233e-36  2.12742e-35 -1.14361e-34  -9.4365e-37  2.40731e-34    3.901e-36 -6.79142e-35 -7.44935e-36  1.00097e-35  7.89219e-36   4.0138e-35  1.04938e-35 -3.87365e-35  -5.5912e-36  4.47858e-35  5.12722e-37 -2.41693e-35   3.0291e-36 -4.72397e-35 -6.73421e-38  2.29576e-35  9.86479e-37  3.01234e-35 -1.14502e-36 -1.35949e-35 -5.27201e-37 -2.56766e-36   -1.024e-37  1.40295e-36  6.36124e-38   1.6347e-37  1.68916e-37  7.24505e-37 -6.74955e-38  9.41273e-38  -3.2989e-38 -2.62629e-37 -2.44487e-38 -1.63879e-37   1.9184e-38 -1.96541e-38  5.63774e-39   2.4162e-38  6.19489e-40  5.14215e-39 -1.63089e-40   -1.153e-38  2.16615e-39  3.62459e-40  3.54327e-40  -3.6818e-39  1.00548e-40  2.16325e-39  1.93236e-41 -5.39162e-40  6.00226e-41  3.48087e-40 -7.40531e-42 -1.14536e-40  1.18125e-41  1.20047e-41  9.05379e-43  7.66776e-42  3.46458e-43  -7.8428e-42 -8.35898e-43 -4.98151e-43  1.30743e-42  8.87862e-43  -3.1641e-42 -8.69251e-43  6.44307e-42   2.1185e-42  -1.3099e-41 -4.57548e-42  2.45717e-41  9.07325e-42   -4.281e-41 -1.65651e-41  6.90279e-41  2.75061e-41  -1.0264e-40  -4.1071e-41  1.40087e-40  5.45829e-41  -1.7455e-40 -6.37626e-41    1.973e-40  6.44446e-41 -2.00775e-40 -5.51983e-41  1.82244e-40  3.89514e-41 -1.45878e-40 -2.17339e-41  1.01492e-40  8.96898e-42 -6.02243e-41  -2.3899e-42  2.97077e-41   2.4847e-43 -1.17423e-41  5.79671e-44  3.51245e-42 -1.81673e-44 -7.18764e-43   4.9478e-46  7.99003e-44   1.1671e-46
-1.78296e-35  3.00886e-36  1.61538e-34 -7.43315e-36 -2.61084e-34  1.60563e-35  5.98664e-34  2.09606e-36 -7.93747e-34  1.95464e-36  2.03181e-33  -6.7938e-36 -7.75599e-34 -1.29376e-35   1.7235e-34    3.306e-35  1.66677e-34 -2.99428e-35  -1.6391e-34  1.64767e-35 -7.11257e-35  5.28684e-36  2.52405e-34  7.48706e-36 -1.92582e-34  -1.2801e-35  3.74293e-35   1.1283e-35  7.40444e-35  1.45583e-35 -4.55508e-35 -8.40295e-36  7.50112e-35 -1.73969e-37 -4.91454e-35  3.37645e-36 -5.70155e-35 -9.95221e-38  2.83009e-35  1.26887e-36  3.91362e-35   -1.492e-36 -1.61022e-35 -5.81036e-37 -3.10682e-36 -1.75471e-37  1.25367e-36  5.93737e-38  4.71511e-37  2.38333e-37   6.1165e-37 -8.76945e-38   3.0844e-37 -5.26941e-38 -3.31648e-37  -3.0177e-38 -2.28416e-37  2.33574e-38 -1.32932e-38    6.357e-39  2.56405e-38  1.94314e-39  6.94369e-39  3.85315e-40 -1.39767e-38  3.32832e-39  1.90073e-39  4.97122e-40 -5.47586e-39  2.24304e-40    2.917e-39  3.04638e-41 -7.35045e-40  9.45442e-41  4.92738e-40 -9.93794e-42 -1.40538e-40  1.46111e-41  2.11144e-41  2.50236e-42  2.22784e-43  1.70998e-42 -7.04439e-42 -3.73413e-42  -2.3617e-42  7.50375e-42  4.33751e-42 -1.68935e-41 -9.60154e-42  3.45721e-41  2.24322e-41  -6.7082e-41 -4.68213e-41  1.20824e-40  8.94398e-41 -2.01752e-40 -1.55604e-40  3.11175e-40  2.44614e-40 -4.41495e-40 -3.44135e-40  5.73349e-40  4.28394e-40 -6.77572e-40 -4.65225e-40  7.23651e-40   4.3277e-40  -6.9266e-40 -3.36548e-40  5.88162e-40  2.11418e-40 -4.37441e-40 -1.01784e-40  2.80333e-40  3.41498e-41 -1.51464e-40 -6.23602e-42  6.69361e-41 -1.60123e-43 -2.31287e-41  3.08972e-43  5.80221e-42 -3.68733e-44 -9.13875e-43 -1.54042e-45  5.83805e-44
-1.07141e-36 -3.67431e-35  6.07174e-36  1.38311e-34 -1.26341e-35 -2.46949e-34  2.30893e-35  5.65024e-34 -1.52921e-36 -7.76992e-34  -6.7938e-36  2.13137e-33 -1.65594e-35 -7.55576e-34 -1.78004e-35 -9.10906e-35   2.5836e-35  3.60169e-34  -1.9084e-35 -3.54693e-34  1.22107e-35  3.32096e-35  1.22443e-35  2.55838e-34  1.16199e-35 -3.53945e-34 -1.75979e-35  4.31942e-35  1.51282e-35  1.24938e-34  1.91689e-35  -4.5712e-35 -1.14697e-35  1.04311e-34 -1.25967e-36 -7.67039e-35  3.75541e-36 -6.57198e-35 -1.51548e-37  3.20999e-35  1.46983e-36  4.79932e-35 -1.78726e-36 -1.81663e-35 -6.72966e-37 -3.24362e-36 -2.40545e-37  7.73464e-37  2.35422e-38  9.26486e-37  3.27983e-37  3.93868e-37 -1.05918e-37  6.04134e-37 -7.59541e-38 -4.07672e-37 -3.36905e-38 -3.02014e-37  2.69921e-38 -7.40088e-40  6.60555e-39  2.22136e-38  3.83159e-39   8.3739e-39  1.13733e-39 -1.64972e-38   4.9171e-39  4.51332e-39   6.3939e-40 -7.73598e-39  4.29143e-40   3.8135e-39  2.63366e-41 -9.46003e-40   1.3688e-40  6.49317e-40 -9.97143e-42 -1.62841e-40  1.65603e-41  3.51441e-41  2.24206e-42 -1.36743e-41  8.12899e-42  2.46178e-43 -1.83289e-41  -1.8162e-41  3.96073e-41  4.32052e-41 -8.49969e-41 -1.01734e-40  1.69046e-40  2.22746e-40 -3.14393e-40 -4.44824e-40  5.42635e-40  8.10873e-40 -8.66542e-40  -1.3404e-39  1.27529e-39  1.99245e-39 -1.72184e-39 -2.63589e-39  2.12137e-39  3.06411e-39 -2.36992e-39 -3.07943e-39  2.38267e-39  2.61925e-39 -2.13614e-39 -1.83124e-39  1.68856e-39  1.00811e-39 -1.16015e-39 -4.06768e-40  6.80014e-40  1.03154e-40  -3.3153e-40 -8.13166e-42  1.29639e-40 -3.53203e-42 -3.84219e-41  9.52502e-43   7.8068e-42  -3.2847e-44 -8.64231e-43 -4.37604e-45
-2.52067e-35 -2.63871e-36 -4.27114e-35  1.04912e-35  1.39906e-34 -2.00577e-35 -2.46659e-34  3.00438e-35  5.07684e-34  -7.0084e-36 -7.75599e-34 -1.65594e-35  2.27357e-33 -2.54768e-35 -7.34037e-34 -2.08638e-35 -3.62392e-34  1.56346e-35  5.49531e-34 -7.28207e-36 -5.51787e-34  9.06017e-36  2.03673e-34  1.92549e-35  2.56917e-34  1.52582e-35 -5.34859e-34 -2.06709e-35  1.64997e-35  1.91467e-35  1.92408e-34  2.40475e-35 -3.96432e-35 -1.43382e-35  1.29508e-34 -2.78335e-36 -1.04014e-34  4.26372e-36 -7.30214e-35 -2.59775e-37   3.4321e-35  1.55246e-36  5.55796e-35 -1.99897e-36 -1.95316e-35 -8.31987e-37 -2.81525e-36 -2.77617e-37 -4.74422e-38 -5.88472e-38  1.50103e-36  4.34369e-37  1.10372e-37  -1.2035e-37  9.63933e-37 -9.99911e-38 -4.90282e-37 -3.26634e-38 -3.78233e-37  2.97795e-38  1.64603e-38  6.20945e-39  1.31352e-38  6.27488e-39  8.68427e-39  1.93928e-39 -1.89169e-38  7.00832e-39  8.41886e-39  7.33536e-40 -1.04201e-38  7.27627e-40  4.83861e-39 -6.75885e-42  -1.1353e-39  1.84096e-40   7.9314e-40 -6.19053e-42 -1.80947e-40  1.99075e-41  6.12341e-41 -8.85852e-42 -5.15816e-41  3.92418e-41  6.44337e-41 -8.89671e-41 -1.79219e-40  1.92052e-40  4.35621e-40 -3.95078e-40  -9.8724e-40  7.56113e-40  2.05918e-39 -1.34659e-39 -3.92842e-39  2.22181e-39  6.81932e-39 -3.38404e-39 -1.06895e-38  4.73775e-39  1.49905e-38 -6.06697e-39 -1.85909e-38  7.06496e-39  2.00959e-38 -7.43005e-39 -1.85823e-38  6.99883e-39  1.43331e-38 -5.84548e-39 -8.89768e-39   4.2747e-39  4.20243e-39  -2.6932e-39 -1.35825e-39  1.43089e-39   2.2015e-40 -6.22238e-40  2.02923e-41  2.11847e-40   -1.541e-41 -5.24775e-41   1.7735e-42  8.18773e-42  4.47926e-44  -5.2044e-43
-1.02803e-36 -3.41444e-35 -4.72398e-36 -3.86537e-35  1.60406e-35  1.70107e-34 -2.87113e-35 -2.21346e-34  3.49733e-35  3.80919e-34 -1.29376e-35 -7.55576e-34 -2.54768e-35  2.46845e-33 -3.19808e-35 -7.49259e-34 -2.24894e-35 -5.98682e-34  3.97622e-36  7.16776e-34  3.69609e-36 -7.33864e-34  6.69493e-36   4.2767e-34  2.55926e-35  2.62573e-34  1.71422e-35 -7.14024e-34 -2.12349e-35 -4.53313e-35  2.30818e-35  2.71622e-34  2.87114e-35 -2.86634e-35  -1.6511e-35  1.48586e-34 -4.68313e-36 -1.29016e-34  5.00764e-36  -7.8907e-35 -4.57432e-37  3.55387e-35  1.52072e-36  6.09073e-35  -2.1141e-36 -2.00107e-35 -1.07841e-36  -1.7355e-36 -2.66902e-37 -1.10151e-36 -1.99958e-37  2.11909e-36  5.47945e-37 -1.76426e-37 -1.30241e-37  1.35747e-36 -1.21424e-37 -5.80485e-37 -2.47902e-38  -4.4497e-37  3.15739e-38  3.31777e-38  5.04519e-39 -8.02036e-40   9.1472e-39  6.82502e-39  2.53666e-39 -2.08811e-38  9.65662e-39  1.36863e-38  7.09519e-40 -1.33724e-38  1.11815e-39  5.91644e-39 -7.90143e-41 -1.23556e-39  2.32555e-40  8.93452e-40 -1.65091e-42 -2.15172e-40   3.9285e-41   1.6502e-40 -6.95981e-41 -2.98413e-40   1.8294e-40  6.88404e-40 -4.06921e-40 -1.74737e-39  8.54233e-40  4.11041e-39 -1.68396e-39 -8.92811e-39    3.087e-39   1.7804e-38  -5.2508e-39 -3.24052e-38   8.2555e-39  5.34659e-38 -1.19498e-38 -7.92881e-38  1.58512e-38  1.04585e-37 -1.91648e-38 -1.21118e-37   2.0986e-38  1.21118e-37 -2.06562e-38 -1.02318e-37  1.81094e-38  7.08403e-38 -1.39836e-38 -3.84148e-38  9.37695e-39  1.50932e-38 -5.36131e-39 -3.59104e-39  2.54959e-39  1.61172e-40 -9.73206e-40  1.70169e-40  2.82084e-40 -4.01429e-41 -5.62429e-41  1.39977e-42  6.14212e-42  1.49497e-43
 9.18816e-37 -2.43756e-36 -2.62128e-35 -7.10883e-36 -3.64798e-35  2.16784e-35  1.98946e-34 -3.61695e-35 -1.43372e-34  3.62165e-35   1.7235e-34 -1.78004e-35 -7.34037e-34 -3.19808e-35  2.75089e-33  -3.5228e-35 -8.31548e-34 -2.36545e-35 -7.76852e-34 -7.40402e-36  8.45572e-34  1.31869e-35 -8.73212e-34   4.0412e-36  6.77446e-34  3.07352e-35  2.77425e-34  1.62465e-35  -8.7235e-34 -1.91257e-35   -1.359e-34  2.67463e-35  3.53456e-34  3.25616e-35  -1.3968e-35 -1.75471e-35  1.60747e-34 -6.81902e-36  -1.5081e-34   6.0786e-36 -8.36506e-35 -7.58781e-37  3.66714e-35  1.42325e-36  6.33709e-35 -2.13763e-36 -1.94781e-35 -1.41615e-36 -4.53378e-38 -1.90512e-37   -2.162e-36 -4.06989e-37  2.66183e-36   6.5452e-37 -3.93106e-37 -1.36002e-37  1.74783e-36  -1.3721e-37 -6.82338e-37 -8.51004e-39 -4.84827e-37  3.23438e-38  4.05411e-38  3.00604e-39 -1.70488e-38  1.21707e-38  1.43295e-39  2.60983e-39 -2.18438e-38  1.28767e-38  2.01445e-38  4.83132e-40 -1.62608e-38  1.58391e-39  6.86211e-39 -1.92828e-40 -1.15391e-39   2.8458e-40  9.71601e-40 -2.02473e-41 -4.85023e-40  1.42229e-40  9.97417e-40 -3.41962e-40 -2.56826e-39  7.98285e-40  6.59534e-39 -1.71871e-39 -1.61123e-38  3.47004e-39  3.64281e-38 -6.53742e-39 -7.58176e-38  1.14316e-38  1.44476e-37 -1.84963e-38 -2.50443e-37  2.75825e-38  3.91868e-37  -3.7743e-38 -5.48233e-37  4.71482e-38  6.77783e-37 -5.34464e-38 -7.29599e-37  5.45915e-38   6.7081e-37 -4.98218e-38  -5.1328e-37  4.02126e-38  3.14849e-37 -2.83445e-38 -1.45821e-37  1.71707e-38  4.53135e-38 -8.75371e-39 -6.37513e-39  3.64829e-39 -1.13246e-39 -1.19075e-39  6.01238e-40  2.83523e-40 -6.32995e-41 -4.27799e-41 -1.74432e-42  2.65781e-42
  7.6367e-38 -7.55643e-36 -3.71611e-36  2.43509e-36 -9.36481e-36 -4.47367e-35  2.58017e-35  1.90722e-34  -3.9632e-35  -8.9195e-36    3.306e-35 -9.10906e-35 -2.08638e-35 -7.49259e-34  -3.5228e-35  3.14871e-33 -3.52442e-35 -9.88126e-34 -2.50862e-35 -8.97783e-34 -1.67493e-35  9.18144e-34  2.14128e-35 -9.37366e-34 -2.74283e-37  9.19053e-34  3.46425e-35  3.01253e-34  1.21319e-35 -9.97277e-34 -1.48552e-35 -2.42563e-34  3.00134e-35  4.26073e-34  3.50589e-35  4.02591e-36 -1.71504e-35  1.66129e-34 -9.03721e-36 -1.69405e-34   7.5254e-36 -8.76951e-35 -1.14963e-36  3.85841e-35   1.3384e-36  6.28859e-35 -2.08495e-36 -1.78336e-35 -1.83167e-36  2.04391e-36 -3.29336e-38 -2.91301e-36 -6.81482e-37   2.9823e-36  7.39029e-37 -4.70267e-37 -1.38561e-37  2.10079e-36  -1.4551e-37 -8.03778e-37  1.62303e-38 -4.77595e-37  3.20432e-38  2.68529e-38 -7.06781e-41  -3.1528e-38  1.49132e-38   -9.058e-39  1.84079e-39 -2.11548e-38  1.66276e-38  2.73004e-38 -2.90046e-41 -1.85267e-38  2.10009e-39  7.38374e-39 -3.47638e-40 -9.40579e-40  3.75348e-40  1.67195e-39 -1.71874e-40 -3.14333e-39   6.0283e-40  8.76711e-39 -1.44836e-39 -2.35913e-38  3.20309e-39  5.96728e-38 -6.61759e-39 -1.40305e-37  1.27604e-38  3.04445e-37 -2.28658e-38 -6.06495e-37  3.79203e-38  1.10268e-36 -5.79821e-38 -1.81666e-36   8.1383e-38  2.68874e-36 -1.04322e-37 -3.53724e-36  1.21405e-37  4.08188e-36  -1.2737e-37 -4.06222e-36  1.19467e-37  3.40875e-36 -9.91794e-38 -2.33726e-36  7.19921e-38  1.24847e-36 -4.50036e-38 -4.77481e-37  2.37646e-38   1.0617e-37 -1.03351e-38 -9.11109e-40  3.57401e-39  -6.4091e-39   -9.322e-40  1.34317e-39  1.67249e-40 -3.62953e-41 -1.66507e-41 -5.13088e-42
 9.66153e-36   4.4586e-38 -1.22583e-35 -4.22072e-36  4.66628e-35 -1.08589e-35 -6.48084e-35  2.70985e-35  1.25001e-34 -3.74446e-35  1.66677e-34   2.5836e-35 -3.62392e-34 -2.24894e-35 -8.31548e-34 -3.52442e-35  3.66436e-33 -3.28313e-35 -1.20101e-33 -2.66319e-35 -9.82237e-34 -2.25732e-35  9.15486e-34  2.89276e-35 -8.97108e-34 -7.35879e-36  1.12296e-33  3.78737e-35   3.2876e-34  5.06806e-36 -1.08326e-33 -9.48149e-36 -3.51346e-34  3.27788e-35  4.77376e-34  3.59063e-35  2.56629e-35 -1.52239e-35  1.65382e-34 -1.12372e-35 -1.85083e-34  9.32693e-36 -9.14369e-35  -1.5899e-36   4.1728e-35  1.34406e-36  5.98697e-35 -1.97018e-36 -1.49603e-35 -2.30095e-36  4.13596e-36  2.18382e-37 -3.00191e-36 -1.01991e-36  2.92604e-36  7.90269e-37 -3.58144e-37 -1.38058e-37  2.39344e-36 -1.46093e-37 -9.55595e-37  4.73985e-38 -4.04269e-37  3.05015e-38 -2.05663e-38 -4.46982e-39 -3.92678e-38  1.68427e-38 -2.61002e-38 -2.97291e-42 -1.82546e-38  2.08108e-38  3.43144e-38 -8.93701e-40 -1.94818e-38  2.65671e-39  7.56986e-39 -5.77031e-40 -2.50912e-39  6.71057e-40  9.69006e-39   -8.829e-40 -2.83496e-38  2.41198e-39  7.97169e-38 -5.51408e-39 -2.09431e-37  1.16259e-38  5.11598e-37 -2.28594e-38 -1.15605e-36  4.17589e-38  2.40445e-36 -7.05716e-38 -4.57775e-36  1.09851e-37  7.92569e-36 -1.56747e-37 -1.23806e-35  2.03864e-37  1.72816e-35 -2.40035e-37 -2.13001e-35  2.53747e-37  2.28337e-35  -2.3837e-37 -2.08747e-35  1.96403e-37  1.58442e-35 -1.39508e-37 -9.60247e-36  8.34131e-38   4.3596e-36 -4.05086e-38  -1.3003e-36  1.50388e-38  1.54145e-37 -3.74183e-39  4.52296e-38  3.57351e-40 -1.92902e-38  1.19703e-40  1.78855e-39 -4.61697e-41  7.33978e-41  4.19959e-42
  -3.259e-37  9.51729e-36  7.59915e-38 -5.19491e-36 -3.78969e-36  9.64264e-35 -1.09728e-35 -9.16868e-35  2.53009e-35  2.08233e-36 -2.99428e-35  3.60169e-34  1.56346e-35 -5.98682e-34 -2.36545e-35 -9.88126e-34 -3.28313e-35  4.27086e-33 -2.93381e-35  -1.4331e-33 -2.72334e-35 -1.06226e-33 -2.40442e-35  8.21905e-34  3.60955e-35 -7.37055e-34 -1.75497e-35  1.27098e-33  4.14158e-35  3.51832e-34 -4.07073e-36  -1.1293e-33  -4.3504e-36 -4.51256e-34   3.4936e-35  4.97523e-34  3.51506e-35   5.1456e-35 -1.18727e-35  1.59309e-34 -1.34005e-35 -1.97786e-34  1.13759e-35 -9.49518e-35 -2.02747e-36  4.59527e-35  1.48329e-36  5.50778e-35 -1.79445e-36 -1.07024e-35 -2.80207e-36  5.68196e-36  5.71093e-37 -2.10271e-36 -1.41463e-36  2.35669e-36  8.04452e-37 -4.02073e-38 -1.32391e-37  2.61861e-36 -1.40031e-37 -1.14817e-36  8.06787e-38 -2.51424e-37  2.74583e-38 -1.12951e-37 -1.06003e-38 -3.53158e-38   1.7447e-38 -5.04777e-38 -2.99356e-39 -1.30192e-38  2.52936e-38  4.03685e-38 -2.15993e-39 -1.97257e-38  3.32021e-39  1.28497e-38 -1.08386e-39 -2.57938e-38  1.78259e-39  8.72391e-38 -3.58332e-39 -2.55917e-37  8.65983e-39  6.97889e-37 -1.86757e-38 -1.77032e-36  3.72188e-38  4.16167e-36 -6.87762e-38 -9.02588e-36  1.17267e-37   1.7968e-35 -1.83459e-37 -3.26345e-35  2.61606e-37  5.36885e-35 -3.37166e-37 -7.93059e-35  3.88311e-37  1.04057e-34 -3.93113e-37 -1.19649e-34  3.40757e-37  1.18491e-34 -2.40685e-37 -9.87539e-35  1.22056e-37  6.70444e-35 -2.08964e-38 -3.52611e-35 -3.82131e-38  1.31105e-35  5.32511e-38 -2.70302e-36 -4.07922e-38 -8.97527e-38   2.1544e-38  2.01344e-37 -7.93249e-39 -3.76252e-38  1.89072e-39  5.67503e-40  -2.3441e-40  1.61659e-40
-1.03354e-35 -5.00562e-37 -3.66939e-36  4.30725e-37  1.37327e-35 -2.76735e-36  1.43928e-34 -9.34579e-36 -1.14108e-34  2.12742e-35  -1.6391e-34  -1.9084e-35  5.49531e-34  3.97622e-36 -7.76852e-34 -2.50862e-35 -1.20101e-33 -2.93381e-35  4.91853e-33 -2.63658e-35 -1.63875e-33 -2.54359e-35 -1.17078e-33 -2.13251e-35  6.31983e-34  4.28235e-35 -4.63362e-34  -3.0144e-35  1.35702e-33  4.62486e-35  3.63058e-34  -1.4036e-35 -1.13605e-33 -7.96362e-37 -5.36049e-34  3.63918e-35   4.8077e-34  3.31539e-35  8.12929e-35 -7.36327e-36  1.48717e-34 -1.55621e-35 -2.06925e-34   1.3484e-35 -9.77453e-35 -2.41637e-36  5.05421e-35  1.73998e-36  4.93476e-35  -1.5381e-36 -4.87469e-36  -3.3271e-36    6.065e-36  1.02448e-36  1.85891e-38  -1.8538e-36  1.18648e-36  7.85905e-37  4.58667e-37 -1.16425e-37  2.78245e-36 -1.28698e-37 -1.38656e-36  1.09762e-37 -1.47367e-38  2.28243e-38 -2.57519e-37  -1.8895e-38   -1.584e-38  1.64035e-38 -8.14186e-38 -7.01012e-39 -6.97421e-39  2.99701e-38  4.84991e-38 -3.90731e-39 -3.47722e-38  4.39924e-39  7.98909e-38 -2.61883e-39 -2.53918e-37  5.55376e-39  7.82062e-37 -1.21944e-38 -2.21336e-36   2.6929e-38  5.82595e-36 -5.40108e-38 -1.42346e-35  9.94886e-38  3.21554e-35 -1.67696e-37 -6.68415e-35  2.56085e-37  1.27148e-34 -3.49123e-37 -2.19868e-34  4.14721e-37   3.4287e-34 -4.09028e-37 -4.77495e-34  2.93605e-37  5.86693e-34 -6.12096e-38 -6.26276e-34 -2.44431e-37  5.69208e-34  5.33907e-37 -4.28463e-34 -7.09773e-37  2.56447e-34  7.18688e-37 -1.14015e-34 -5.81893e-37  3.25175e-35   3.7872e-37 -3.06029e-36 -1.94845e-37 -1.46875e-36  7.63138e-38  5.29915e-37 -2.12152e-38 -4.19045e-38  3.62716e-39 -2.64439e-39 -2.46426e-40
 1.99507e-37 -1.50644e-35 -4.13133e-37 -2.60818e-35  1.16147e-36   3.7165e-35 -1.58699e-36  1.85265e-34 -5.93794e-36 -1.14361e-34  1.64767e-35 -3.54693e-34 -7.28207e-36  7.16776e-34 -7.40402e-36 -8.97783e-34 -2.66319e-35  -1.4331e-33 -2.63658e-35  5.54828e-33 -2.54255e-35 -1.77607e-33 -2.00701e-35 -1.33145e-33 -1.56968e-35  3.56597e-34   4.8591e-35 -1.04793e-34 -4.34604e-35  1.38308e-33   5.2825e-35   3.5868e-34  -2.3441e-35 -1.10453e-33  1.17242e-37  -6.0326e-34  3.71188e-35  4.26352e-34  3.04541e-35  1.13872e-34 -2.05556e-36   1.3454e-34 -1.77323e-35 -2.11735e-34  1.54133e-35 -9.86335e-35 -2.73036e-36  5.44401e-35  2.03638e-36   4.3326e-35 -1.16011e-36  2.69908e-36 -3.88627e-36  4.72518e-36  1.56527e-36  3.44386e-36 -2.31964e-36 -5.91968e-37  7.44645e-37    1.073e-36 -8.25667e-38  2.89553e-36 -1.12394e-37 -1.66561e-36  1.27109e-37  2.99278e-37  1.71515e-38 -4.55111e-37 -2.96179e-38  2.02409e-38  1.37612e-38 -1.13632e-37 -1.17818e-38 -1.30045e-38  3.48747e-38  1.01394e-37 -6.40531e-39 -2.19514e-37  6.80036e-39  7.23593e-37 -7.15659e-39 -2.27967e-36  1.60152e-38  6.69276e-36 -3.36662e-38 -1.82692e-35  6.66883e-38  4.63524e-35 -1.18355e-37 -1.08945e-34  1.86094e-37  2.36176e-34 -2.50112e-37 -4.69826e-34  2.61546e-37   8.5243e-34 -1.38092e-37 -1.40031e-33 -2.20107e-37  2.06431e-33  8.84965e-37 -2.70118e-33  -1.8343e-36   3.0945e-33  2.90182e-36 -3.04914e-33 -3.79469e-36  2.52337e-33  4.20426e-36 -1.69555e-33 -3.96708e-36  8.77312e-34  3.17168e-36 -3.16408e-34 -2.12039e-36  5.96842e-35  1.15959e-36  5.08681e-36 -5.01242e-37 -5.46042e-36  1.62008e-37   9.0898e-37 -3.54281e-38  -4.5481e-40  4.16405e-39 -4.48224e-39
 6.83103e-36  2.33238e-37 -1.32147e-35 -7.02794e-38 -4.92682e-35  1.89119e-36  5.34479e-35 -3.33629e-37  2.18179e-34  -9.4365e-37 -7.11257e-35  1.22107e-35 -5.51787e-34  3.69609e-36  8.45572e-34 -1.67493e-35 -9.82237e-34 -2.72334e-35 -1.63875e-33 -2.54255e-35  6.10729e-33 -2.75713e-35 -1.81814e-33  -1.0743e-35 -1.55068e-33 -9.35359e-36  2.48158e-35  5.26977e-35  2.93334e-34 -5.52204e-35  1.35423e-33  6.07046e-35  3.39536e-34 -3.09304e-35 -1.03695e-33 -2.23383e-36 -6.51864e-34  3.72071e-35  3.38409e-34  2.75825e-35  1.46642e-34  3.66146e-36  1.18148e-34 -1.98096e-35  -2.1198e-34  1.69293e-35 -9.58378e-35 -2.96623e-36  5.65715e-35  2.25593e-36  3.72616e-35 -6.06516e-37  1.21251e-35  -4.4998e-36  1.30075e-36  2.16435e-36  8.05559e-36 -2.78534e-36 -2.88113e-36  6.92216e-37  1.70847e-36 -2.29191e-38   2.9603e-36 -8.90836e-38 -1.96702e-36  1.25039e-37  6.73488e-37  1.21766e-38 -6.97393e-37 -4.26377e-38  6.45891e-38  1.00897e-38 -1.13755e-37 -1.70248e-38 -1.44986e-37   4.0341e-38  6.04605e-37 -1.03203e-38 -1.95975e-36  1.21302e-38  6.37249e-36 -1.70674e-38 -1.93317e-35  3.46276e-38   5.4682e-35 -6.10003e-38 -1.43956e-34  9.02378e-38  3.51691e-34 -8.98299e-38  -7.9419e-34 -1.81085e-38  1.64992e-33  3.83275e-37 -3.13575e-33 -1.23342e-36  5.41555e-33  2.82961e-36  -8.4304e-33 -5.34554e-36  1.17126e-32  8.68798e-36 -1.43448e-32 -1.23476e-35  1.52458e-32  1.54215e-35 -1.37729e-32 -1.69043e-35  1.02781e-32    1.617e-35 -6.07144e-33 -1.33667e-35  2.63948e-33  9.41272e-36 -7.15847e-34 -5.53301e-36  4.72441e-35  2.63666e-36  4.06512e-35 -9.74434e-37 -1.27337e-35  2.59486e-37  8.25177e-37  -4.3072e-38  7.96944e-38  2.87901e-39
-2.43824e-37   1.2054e-35  1.01356e-37 -7.12801e-36  4.27905e-37 -6.48793e-35  1.90007e-36  4.93399e-35  1.33966e-36  2.40731e-34  5.28684e-36  3.32096e-35  9.06017e-36 -7.33864e-34  1.31869e-35  9.18144e-34 -2.25732e-35 -1.06226e-33 -2.54359e-35 -1.77607e-33 -2.75713e-35  6.56192e-33 -3.30831e-35 -1.75978e-33  2.03273e-36 -1.81399e-33 -4.86482e-36 -3.19974e-34  5.45768e-35  6.79988e-34 -6.31158e-35  1.27579e-33  6.85215e-35  3.09747e-34 -3.52799e-35 -9.38309e-34 -7.97035e-36 -6.80444e-34  3.68755e-35  2.25166e-34  2.49249e-35  1.76266e-34  9.41571e-36  1.01637e-34 -2.15248e-35 -2.08623e-34  1.78621e-35 -8.73173e-35 -3.13786e-36  5.61549e-35  2.28563e-36  3.09268e-35  1.72715e-37  2.33646e-35 -5.17826e-36 -4.24477e-36  2.77604e-36  1.35128e-35 -3.21252e-36 -5.47205e-36  6.37962e-37  2.26332e-36  6.75101e-38  2.96017e-36  -5.3831e-38 -2.25987e-36  9.68976e-38  1.07983e-36  1.12284e-38 -9.53354e-37 -5.72511e-38  4.39633e-38  6.53418e-39   1.9578e-37 -2.25753e-38 -1.42175e-36  4.68198e-38   5.1317e-36 -1.55913e-38 -1.70456e-35  1.79885e-38  5.34436e-35 -1.93216e-38 -1.56476e-34  1.38572e-38  4.27089e-34  4.86694e-38 -1.08357e-33 -2.76728e-37  2.54616e-33  9.06368e-37 -5.51711e-33 -2.35582e-36   1.0967e-32  5.24582e-36 -1.98764e-32  -1.0297e-35  3.26019e-32  1.80328e-35  -4.7961e-32 -2.83034e-35  6.25814e-32  3.98257e-35 -7.14211e-32 -5.01079e-35  7.00075e-32  5.60894e-35  -5.7512e-32 -5.54459e-35  3.82292e-32   4.7917e-35 -1.94404e-32 -3.57189e-35  6.78093e-33  2.25557e-35 -1.14727e-33 -1.17693e-35 -1.76817e-34  4.89494e-36  1.30185e-34 -1.53398e-36 -1.92154e-35  3.27755e-37 -3.23519e-37 -3.79568e-38  1.09026e-37
-4.21274e-36 -4.08002e-37  1.56062e-35 -3.42923e-38  -9.2367e-37  1.04796e-36 -6.69183e-35  4.68142e-37  1.20315e-35    3.901e-36  2.52405e-34  1.22443e-35  2.03673e-34  6.69493e-36 -8.73212e-34  2.14128e-35  9.15486e-34 -2.40442e-35 -1.17078e-33 -2.00701e-35 -1.81814e-33 -3.30831e-35  6.90311e-33 -4.13225e-35 -1.61759e-33  1.70253e-35 -2.08768e-33 -4.41919e-36  -6.2916e-34  5.40122e-35  1.01029e-33 -6.53677e-35  1.15367e-33  7.43154e-35  2.74073e-34 -3.54564e-35 -8.17165e-34 -1.67313e-35 -6.86954e-34  3.64166e-35  9.75817e-35  2.26771e-35  1.99383e-34  1.48775e-35  8.78748e-35 -2.24542e-35 -2.04075e-34  1.81578e-35  -7.1289e-35 -3.26638e-36  5.29315e-35  2.06387e-36  2.36965e-35  1.20118e-36  3.61537e-35 -5.89827e-36  -1.1539e-35  3.34105e-36  1.92605e-35 -3.55185e-36 -8.06375e-36  5.87494e-37  2.65436e-36  1.87663e-37   2.8544e-36   7.2809e-40 -2.49996e-36  3.80448e-38  1.45468e-36  1.92806e-38 -1.04649e-36 -7.20769e-38 -6.82182e-37  4.53026e-39  3.25792e-36 -2.76431e-38 -1.26826e-35  5.14646e-38  4.37781e-35 -9.95861e-39 -1.41543e-34 -1.73494e-38  4.28719e-34  1.13151e-37 -1.21223e-33 -3.95064e-37  3.19124e-33  1.16574e-36 -7.79516e-33 -3.01862e-36  1.75967e-32  7.01027e-36 -3.65345e-32 -1.47284e-35  6.93711e-32   2.8108e-35 -1.19649e-31 -4.87747e-35   1.8592e-31  7.68747e-35 -2.57669e-31  -1.0975e-34  3.14528e-31  1.41323e-34 -3.32771e-31 -1.63191e-34  2.98739e-31  1.67721e-34 -2.20929e-31 -1.51954e-34  1.28709e-31  1.19873e-34 -5.46161e-32 -8.10323e-35  1.39837e-32  4.59447e-35 -4.58072e-34 -2.12083e-35 -9.81654e-34  7.62448e-36  2.70966e-34 -1.98441e-36 -1.34826e-35  3.23834e-37 -2.05239e-36 -2.14435e-38
 1.50521e-37 -7.82818e-36 -4.93989e-37  1.72748e-35  1.16206e-37  3.22738e-36   1.9028e-36  -5.2742e-35 -2.73987e-36 -6.79142e-35  7.48706e-36  2.55838e-34  1.92549e-35   4.2767e-34   4.0412e-36 -9.37366e-34  2.89276e-35  8.21905e-34 -2.13251e-35 -1.33145e-33  -1.0743e-35 -1.75978e-33 -4.13225e-35  7.14213e-33 -5.08566e-35  -1.4233e-33  3.26247e-35 -2.32584e-33 -9.08027e-36 -8.60442e-34  5.11537e-35  1.25459e-33  -6.1096e-35  9.96663e-34  7.60903e-35  2.35345e-34 -3.06677e-35 -6.84764e-34 -2.77497e-35 -6.69948e-34   3.6086e-35 -3.23366e-35  2.09007e-35  2.13364e-34  1.97765e-35  8.01602e-35 -2.21076e-35 -2.01828e-34  1.79033e-35 -4.68229e-35 -3.37272e-36  4.72774e-35  1.61719e-36  1.47608e-35  2.45338e-36  4.99343e-35 -6.58422e-36 -1.97853e-35  3.79381e-36  2.45797e-35 -3.74875e-36 -1.03087e-35  5.43653e-37  2.84169e-36   3.2863e-37  2.57188e-36   8.2834e-38 -2.57886e-36 -5.35679e-38  1.43553e-36  4.24195e-38  4.63067e-37 -8.46452e-38 -7.73607e-36  3.67815e-39  3.00585e-35 -2.41106e-38 -1.07668e-34  2.60162e-38  3.59684e-34  9.68789e-38 -1.12605e-33 -3.56664e-37  3.29627e-33  1.08458e-36 -8.99681e-33 -2.93224e-36  2.28239e-32  7.25529e-36 -5.36171e-32  -1.6462e-35  1.16122e-31  3.43084e-35 -2.30651e-31 -6.56515e-35  4.17555e-31  1.15179e-34 -6.83807e-31 -1.84793e-34   1.0038e-30  2.70172e-34 -1.30599e-30 -3.58281e-34   1.4846e-30  4.28456e-34 -1.44735e-30 -4.58707e-34  1.17995e-30  4.35708e-34 -7.75479e-31 -3.63066e-34  3.87113e-31  2.61624e-34 -1.30125e-31 -1.60015e-34  1.91744e-32   8.1001e-35  4.82312e-33 -3.27388e-35 -2.76034e-33  9.99354e-36  3.57906e-34 -2.08752e-36   1.3595e-35  2.37748e-37 -2.34367e-36
