 3.05221e-15 -2.80063e-29 -8.76499e-14  1.27566e-27   9.5147e-13 -1.74587e-26 -5.99831e-12  1.35617e-25  2.51471e-11 -7.20781e-25 -7.45083e-11  2.87316e-24  1.60167e-10 -9.07343e-24 -2.50176e-10  2.34667e-23  2.76138e-10 -5.04255e-23 -1.96908e-10  8.92911e-23  6.27673e-11 -1.24406e-22  2.53578e-11  1.15962e-22 -2.93046e-11 -7.09005e-24  6.47375e-13 -2.38447e-22  8.19668e-12  5.82015e-22 -7.31324e-13 -8.92733e-22 -2.17455e-12  1.01411e-21  3.65427e-15 -8.81872e-22  5.32052e-13  5.82933e-22  1.03486e-13 -2.85199e-22 -9.46213e-14   1.0444e-22 -4.87022e-14 -4.13961e-23   4.1726e-15  3.12746e-23  1.09423e-14 -2.40232e-23   3.2203e-15  1.09569e-23 -6.89402e-16 -1.25497e-24 -8.14718e-16 -1.48983e-24 -2.29161e-16  7.93937e-25  2.38141e-17 -4.43074e-26  4.23587e-17 -8.54853e-26  1.53947e-17  2.49063e-26  1.56707e-18  -1.8985e-28 -1.07478e-18  1.27217e-28  -6.3819e-19  3.35673e-29 -1.71087e-19 -4.52391e-28 -1.50614e-20  1.50768e-28  8.07188e-21    4.241e-29  4.51125e-21 -2.67966e-29  1.25217e-21 -5.19746e-30  2.00934e-22  4.45971e-30   3.0592e-24  1.69884e-30 -9.56706e-24 -7.74387e-31 -3.54598e-24  -4.1948e-31 -7.97537e-25   9.6273e-32 -1.23917e-25  3.22453e-32 -1.13266e-26  8.54698e-33  3.80989e-28 -2.00295e-33  4.02603e-28 -1.50184e-33  9.62568e-29 -9.50029e-35  1.55464e-29  4.64981e-35  1.90691e-30  1.50731e-35  1.78735e-31  2.49088e-36  1.17678e-32 -2.28405e-37  3.19525e-34  -1.3667e-37 -4.17819e-35 -1.15176e-38 -7.76216e-36  1.57285e-39 -7.43403e-37  4.67781e-40 -5.03852e-38  6.41791e-41 -2.56833e-39  7.14113e-42 -9.50783e-41  5.51887e-43 -2.37138e-42  2.80266e-44 -4.33804e-44   9.8426e-46 -6.43904e-46  1.31252e-47
-2.80063e-29  1.27354e-13 -7.29901e-28 -2.07104e-12   2.3161e-26  1.70333e-11 -2.53579e-25 -8.84533e-11  1.66285e-24  3.17254e-10 -7.67805e-24 -8.19462e-10  2.71091e-23  1.54673e-09 -7.71124e-23  -2.1132e-09  1.82946e-22  1.99628e-09   -3.687e-22 -1.12822e-09  6.30183e-22  1.41053e-10 -8.86405e-22  2.78448e-10  9.37758e-22  -1.4263e-10 -5.07539e-22 -4.79059e-11  -5.6849e-22  4.64915e-11  2.08791e-21  1.12688e-11 -3.42847e-21 -1.17987e-11  3.89545e-21 -4.09012e-12 -3.26391e-21  2.20551e-12  1.98761e-21  1.42119e-12 -8.13469e-22 -1.30319e-13   1.8606e-22 -3.41176e-13 -3.78638e-23 -8.37969e-14  6.46368e-23  3.67226e-14 -6.81733e-23  2.91164e-14  3.20142e-23   5.0067e-15 -2.22299e-24 -2.76458e-15 -5.12414e-24  -1.9396e-15  2.22281e-24 -4.26401e-16  4.39344e-26   8.1478e-17 -2.58023e-25  9.08179e-17   4.3604e-26  3.02377e-17  2.72588e-27  3.12302e-18  5.32833e-27   -1.787e-18 -1.27334e-27 -1.07731e-18 -1.60053e-27 -3.01565e-19  6.78453e-28 -3.83141e-20  5.92608e-29  6.94604e-21 -1.02826e-28  5.42423e-21 -3.64974e-30  1.68007e-21  1.78795e-29  3.26319e-22  5.63292e-30  3.27563e-23 -3.46777e-30  -3.5546e-24 -1.53324e-30 -2.53935e-24  3.39253e-31 -6.81919e-25  1.40677e-31 -1.25042e-25  3.37214e-32 -1.65702e-26 -7.90549e-33 -1.38827e-27 -5.35336e-33  2.79883e-30 -3.64091e-34  2.61302e-29  1.44446e-34  5.67097e-30  4.70028e-35  7.99565e-31  7.63476e-36  8.55214e-32 -5.22491e-37  7.16304e-33 -3.45258e-37   4.6229e-34 -2.49329e-38  2.13049e-35  5.03779e-39   5.1021e-37  1.27362e-39 -1.54439e-38  1.68213e-40 -2.36525e-39  1.75329e-41 -1.24871e-40  1.20154e-42 -3.80126e-42  5.01867e-44 -7.23544e-44  1.18396e-45 -6.30478e-46
-8.76499e-14 -7.29901e-28  2.60893e-12 -1.08736e-26 -2.94178e-11  2.63216e-25  1.93131e-10 -2.38327e-24 -8.45831e-10  1.34087e-23  2.62863e-09 -5.42302e-23 -5.95985e-09  1.70088e-22  9.90079e-09 -4.35292e-22 -1.17932e-08  9.43358e-22  9.38141e-09 -1.77173e-21 -3.87101e-09  2.89503e-21 -5.92574e-10 -4.02692e-21  1.47071e-09  4.48086e-21  -2.8365e-10  -3.3181e-21 -3.73277e-10  1.99657e-25  1.16333e-10  4.77142e-21  1.00194e-10 -8.94735e-21 -2.43488e-11  1.03532e-20 -2.82944e-11  -8.4291e-21   8.1305e-13  4.73073e-21  6.74548e-12 -1.54231e-21  1.62656e-12  4.50813e-23 -9.35394e-13  1.29958e-22 -6.40054e-13  7.63589e-23 -5.02798e-14 -1.39716e-22  9.74428e-14  6.58963e-23  4.74965e-14 -6.66286e-25  3.72686e-15 -1.22859e-23 -5.71684e-15  4.18146e-24 -3.01089e-15  5.26758e-25 -5.44515e-16  -5.3723e-25  1.41404e-16   2.3634e-26  1.26953e-16  8.83888e-27  4.04383e-17   2.1291e-26  4.75167e-18 -4.63275e-27 -1.75895e-18 -3.59542e-27 -1.16313e-18  1.79819e-27 -3.45868e-19 -1.25469e-28 -5.62983e-20 -2.68228e-28  6.55563e-22  3.19928e-29  3.66062e-21  5.38106e-29  1.32959e-21   1.2848e-29  2.97247e-22 -1.09131e-29  4.37542e-23 -4.02092e-30  2.71884e-24  8.56987e-31 -6.72783e-25  4.19083e-31 -2.83444e-25   9.2204e-32 -6.14385e-26 -2.13995e-32  -9.5773e-27 -1.31284e-32 -1.12422e-27 -9.36349e-34   -9.314e-29  2.98287e-34 -3.42731e-30  9.78103e-35  4.57076e-31  1.59846e-35   1.1408e-31 -6.97708e-37  1.43763e-32  -5.6948e-37  1.29927e-33  -2.8626e-38  9.00228e-35  1.15339e-38  4.82874e-36   2.4441e-39  1.94981e-37  3.00272e-40  5.45892e-39  2.80418e-41  9.37635e-41  1.63611e-42  7.37197e-43  5.30057e-44  -8.5198e-45  6.96976e-46
 1.27566e-27 -2.07104e-12 -1.08736e-26   3.4981e-11 -1.13477e-25 -2.99521e-10  2.20738e-24  1.62388e-09 -1.69196e-23  -6.1023e-09  8.27173e-23  1.65914e-08 -2.95052e-22 -3.31823e-08  8.24126e-22  4.85399e-08 -1.89494e-21 -5.00779e-08  3.73436e-21   3.2628e-08 -6.49529e-21 -7.92306e-09  1.00753e-20  -6.0049e-09 -1.37105e-20  4.88192e-09  1.55608e-20  4.77374e-10 -1.30744e-20 -1.50028e-09  4.77213e-21 -3.25384e-11  7.47477e-21  4.06822e-10 -1.82536e-20  4.22767e-11  2.20114e-20 -9.60752e-11 -1.75772e-20 -2.90004e-11   9.1046e-21  1.51591e-11 -2.18508e-21  1.06427e-11 -6.58037e-22   1.5637e-13  6.22326e-22 -2.07663e-12  3.60096e-23 -7.92778e-13 -2.39293e-22  6.69147e-14  1.08968e-22  1.62294e-13  7.68143e-24  5.70837e-14 -2.38517e-23 -1.39212e-16  6.02159e-24 -8.18557e-15  1.73761e-24 -3.58948e-15 -8.91171e-25 -5.71331e-16 -7.18858e-26  1.63144e-16  9.17046e-27  1.33562e-16  5.14131e-26  4.21506e-17 -8.68353e-27  5.90162e-18  -5.4509e-27 -1.06493e-18  3.40178e-27 -9.00809e-19 -9.67877e-28 -2.89796e-19 -5.61301e-28 -5.61288e-20  1.63803e-28 -4.49254e-21  1.37341e-28  1.30355e-21  2.26852e-29  6.74059e-22 -2.75229e-29  1.73422e-22 -8.69763e-30  3.07673e-23  1.77168e-30  3.69934e-24  9.84491e-31  1.79341e-25  2.01947e-31 -4.47521e-26 -4.55541e-32 -1.53978e-26 -2.55532e-32 -2.83532e-27  -1.8918e-33 -3.81538e-28  4.65281e-34 -3.97154e-29  1.55788e-34 -3.15531e-30  2.63661e-35 -1.72368e-31  -4.4738e-37   -3.228e-33 -6.79909e-37  5.33718e-34 -5.29706e-39   7.4718e-35  2.12075e-38  5.62552e-36  3.75428e-39   2.8822e-37  4.14925e-40  1.02482e-38  3.34181e-41  2.43611e-40  1.58761e-42  3.52356e-42  3.62754e-44  1.57833e-44
  9.5147e-13   2.3161e-26 -2.94178e-11 -1.13477e-25  3.45304e-10  -9.0856e-25 -2.36595e-09  1.46877e-23  1.08483e-08 -9.69792e-23 -3.54384e-08  4.16295e-22  8.49184e-08 -1.31777e-21 -1.50287e-07  3.28622e-21  1.93277e-07 -6.77967e-21 -1.70774e-07  1.20883e-20  8.66065e-08 -1.93358e-20 -2.41608e-09  2.82876e-20 -2.65164e-08 -3.74255e-20  1.02167e-08  4.27421e-20  5.59069e-09 -3.83396e-20 -3.70098e-09  2.05781e-20 -1.42179e-09   6.4892e-21  9.49972e-10 -3.06945e-20   4.6865e-10  3.97547e-20 -1.61997e-10 -3.14411e-20  -1.4661e-10  1.50536e-20  -2.2233e-13 -2.27806e-21  3.20464e-11 -2.27692e-21  1.04542e-11  1.55917e-21 -2.67957e-12 -7.00175e-23 -2.97646e-12 -3.61513e-22  -6.9724e-13  1.51341e-22  2.15577e-13  2.77985e-23  2.02054e-13 -3.98591e-23  5.51852e-14  6.84773e-24 -4.08518e-15  3.90261e-24 -9.04575e-15 -1.23489e-24 -3.52384e-15 -2.51843e-25 -5.36311e-16 -2.27222e-26  1.34829e-16  9.12695e-26  1.11153e-16 -7.69209e-27  3.57343e-17 -4.03817e-27  5.93368e-18  4.72144e-27 -2.43363e-19 -3.32828e-27 -5.05466e-19 -1.01355e-27 -1.82096e-19  4.97431e-28 -4.02243e-20  3.07533e-28 -5.38666e-21  3.16964e-29 -5.27192e-23 -5.86222e-29  2.00134e-22 -1.63885e-29  6.53658e-23  3.13996e-30  1.33476e-23  1.93631e-30  1.98665e-24  3.75744e-31  2.10374e-25 -8.06778e-32  1.15215e-26 -4.18412e-32 -1.02166e-27 -3.21334e-33 -3.88002e-28  5.62535e-34 -6.32437e-29   1.9904e-34 -7.30924e-30  3.63623e-35  -6.5197e-31  4.63481e-37 -4.55043e-32 -5.57212e-37 -2.42924e-33   5.4116e-38 -9.17693e-35  3.24452e-38 -1.83141e-36  4.80551e-39  2.57257e-38  4.63583e-40  3.09193e-39  3.10452e-41  9.92684e-41  1.13216e-42  1.44834e-42  1.48553e-44
-1.74587e-26  1.70333e-11  2.63216e-25 -2.99521e-10  -9.0856e-25   2.6763e-09 -5.87727e-24 -1.51846e-08  8.08317e-23  5.99256e-08 -4.66011e-22 -1.71896e-07  1.77205e-21  3.65024e-07 -5.00689e-21 -5.72547e-07  1.11796e-20  6.44697e-07 -2.06754e-20 -4.78785e-07  3.31739e-20  1.69434e-07 -4.83849e-20  5.40022e-08  6.62585e-20 -7.86986e-08 -8.48787e-20  7.95599e-09  9.70558e-20  2.21168e-08 -9.07391e-20 -4.52142e-09  5.75844e-20 -6.14113e-09 -4.81641e-21  8.59184e-10 -4.35144e-20  1.70066e-09  6.30888e-20  8.91301e-11  -4.9868e-20 -3.85732e-10  2.20695e-20 -1.23762e-10 -1.30016e-21    4.633e-11 -5.02754e-21  4.11753e-11  2.94914e-21  5.75322e-12 -2.30248e-22 -5.48274e-12 -4.92229e-22 -3.21888e-12  1.79352e-22 -4.26697e-13  6.29044e-23  3.22515e-13 -5.92769e-23  2.03671e-13  5.90924e-24  4.55727e-14  6.98223e-24 -5.94927e-15 -1.41903e-24 -8.12383e-15  -4.8195e-25 -2.95015e-15    -1.38e-25 -4.64009e-16  1.25375e-25  7.83992e-17  1.03864e-26  7.41986e-17  6.62991e-27  2.48904e-17  4.06417e-27  4.77971e-18 -8.50178e-27  2.50663e-19 -1.64605e-27  -1.9092e-19  1.17654e-27 -8.47468e-20   6.1188e-28  -2.1065e-20  3.35241e-29 -3.54352e-21 -1.08592e-28 -3.46693e-22 -2.76843e-29   1.2923e-23  4.86483e-30  1.41526e-23  3.29665e-30  3.57994e-24  6.12789e-31  6.09876e-25   -1.228e-31  7.83811e-26 -5.95255e-32  7.57814e-27 -4.77561e-33  4.87243e-28  4.99839e-34  5.85751e-30   2.0611e-34 -3.47364e-30  4.34898e-35 -5.68137e-31  2.05369e-36 -5.59794e-32  -1.6924e-37 -4.02589e-33  1.39971e-37 -2.18988e-34  4.19336e-38  -8.9023e-36  5.20085e-39 -2.60922e-37  4.25782e-40 -5.13495e-39  2.27518e-41 -5.68824e-41  5.79194e-43 -1.97543e-43
-5.99831e-12 -2.53579e-25  1.93131e-10  2.20738e-24 -2.36595e-09 -5.87727e-24  1.69625e-08 -3.17503e-23 -8.16378e-08  3.77944e-22  2.81041e-07 -1.92331e-21 -7.13448e-07  6.52844e-21   1.3479e-06  -1.6556e-20 -1.87349e-06  3.32105e-20  1.83335e-06 -5.50551e-20 -1.10807e-06   7.9064e-20  1.95313e-07 -1.04041e-19  2.57988e-07  1.32009e-19 -1.66992e-07 -1.63138e-19 -3.43528e-08  1.86863e-19  5.59953e-08 -1.80704e-19  5.98352e-09  1.26517e-19 -1.56395e-08 -3.46519e-20 -2.86759e-09 -5.21893e-20  3.64631e-09  8.99717e-20  1.42169e-09 -7.15942e-20 -5.24324e-10  2.91662e-20  -4.6999e-10  1.19024e-21 -3.47729e-11 -8.86889e-21  8.47435e-11  4.66141e-21  3.81566e-11 -4.17799e-22   -7.566e-13 -6.07742e-22 -6.97939e-12  1.81435e-22 -2.82161e-12  1.11917e-22 -1.39834e-13 -8.02232e-23  3.48252e-13  2.89654e-24  1.74028e-13  1.06514e-23  3.37749e-14 -1.20748e-24 -5.37559e-15 -7.01822e-25 -6.07794e-15 -4.17525e-25 -2.13793e-15  1.28756e-25 -3.65498e-16   6.4901e-26  2.59717e-17  3.51719e-26  3.92937e-17  -1.2017e-27  1.41472e-17 -1.80448e-26  3.06095e-18 -2.46692e-27  3.47447e-19  2.35193e-27 -3.19768e-20  1.09038e-27 -2.75093e-20  2.06882e-29 -7.94923e-21 -1.78404e-28 -1.54014e-21 -4.27028e-29 -2.11461e-22  6.63114e-30 -1.71817e-23  4.96187e-30  5.49771e-25  8.92204e-31  5.00304e-25 -1.64431e-31  1.07089e-25 -7.51978e-32  1.55347e-26 -6.39339e-33  1.72186e-27  2.26682e-34   1.4869e-28  1.68655e-34  9.67607e-30  4.65186e-35  4.12136e-31  4.08762e-36  3.00784e-33   3.9553e-37  -1.2124e-33  2.25186e-37 -1.16317e-34  4.61651e-38 -6.21548e-36  4.77918e-39 -2.16368e-37  3.22337e-40  -4.7783e-39  1.29969e-41 -5.37981e-41  1.88154e-43
 1.35617e-25 -8.84533e-11 -2.38327e-24  1.62388e-09  1.46877e-23 -1.51846e-08 -3.17503e-23  9.04155e-08  -1.4654e-22 -3.75785e-07  1.52974e-21  1.14033e-06 -6.93273e-21 -2.57755e-06  2.11461e-20  4.34338e-06 -4.83855e-20 -5.33861e-06  8.75367e-20   4.4843e-06 -1.30237e-19 -2.07598e-06  1.66608e-19 -1.30533e-07 -1.95221e-19  7.54817e-07  2.26035e-19 -2.30273e-07 -2.68167e-19 -1.80333e-07  3.09346e-19   9.3738e-08 -3.10286e-19  4.82198e-08  2.33513e-19 -2.46824e-08 -8.96844e-20 -1.54604e-08 -5.19636e-20  3.92112e-09  1.17325e-19  4.65214e-09 -9.43186e-20  2.56386e-10   3.4941e-20 -9.75747e-10  5.44263e-21 -3.73561e-10 -1.34567e-20  6.69615e-11  6.45064e-21   9.7751e-11 -6.10627e-22  2.66841e-11 -6.79044e-22 -5.84151e-12  1.54894e-22 -6.84272e-12  1.68583e-22   -2.099e-12 -1.00708e-22  4.74467e-14 -2.05851e-24  3.01695e-13  1.44866e-23  1.29666e-13 -2.53631e-25  2.33283e-14 -8.74159e-25 -3.45386e-15 -9.72728e-25 -3.81722e-15  7.35878e-26 -1.34217e-15  1.81645e-25 -2.54201e-16  9.12727e-26  -4.0845e-18 -1.42105e-26  1.57964e-17 -3.33413e-26  6.42896e-18 -3.46523e-27  1.54215e-18  4.12431e-27  2.37016e-19  1.75252e-27  1.33503e-20 -1.20867e-29 -4.98266e-21 -2.63804e-28 -2.03504e-21 -6.09886e-29 -4.52674e-22  7.91044e-30 -7.24586e-23  6.69268e-30 -8.57421e-24  1.17156e-30 -6.66106e-25 -1.97806e-31 -7.48941e-27 -8.58843e-32  7.74547e-27 -7.90523e-33  1.55334e-27 -2.35068e-34   1.9322e-28  9.73271e-35  1.79395e-29  4.59519e-35   1.2944e-30   6.1407e-36  7.23393e-32  9.62517e-37  3.02213e-33  2.79024e-37  8.65382e-35  4.34846e-38   1.2835e-36  3.72256e-39 -9.43676e-39  1.99398e-40 -7.75758e-40  5.53242e-42 -8.15151e-42
 2.51471e-11  1.66285e-24 -8.45831e-10 -1.69196e-23  1.08483e-08  8.08317e-23 -8.16378e-08  -1.4654e-22  4.13703e-07 -5.87458e-22 -1.50542e-06   5.4339e-21  4.06046e-06 -2.20931e-20 -8.21012e-06   6.0902e-20  1.23532e-05 -1.26352e-19 -1.33674e-05  2.07066e-19   9.4435e-06 -2.77245e-19 -2.91867e-06  3.14949e-19 -1.43931e-06 -3.23456e-19  1.62852e-06  3.33558e-19 -5.77603e-08 -3.76484e-19 -4.96913e-07  4.42484e-19    7.011e-08 -4.66228e-19  1.43156e-07  3.74796e-19 -1.18337e-08 -1.71322e-19 -3.99213e-08 -4.01263e-20  -3.9726e-09  1.42106e-19  8.96126e-09 -1.15069e-19  3.33911e-09  3.77415e-20 -9.95888e-10  1.14243e-20 -1.04974e-09 -1.81699e-20 -1.80068e-10  8.01932e-21  1.32127e-10 -8.08575e-22  8.63265e-11 -6.81141e-22  1.37352e-11  1.10004e-22 -7.94138e-12  2.23054e-22 -5.57818e-12 -1.19744e-22 -1.37617e-12 -8.63787e-24  1.12947e-13  1.83248e-23  2.18945e-13  1.89702e-24  8.55931e-14 -1.04583e-24  1.52621e-14 -1.93868e-24 -1.51489e-15 -6.17176e-26 -1.99871e-15  3.88843e-25  -7.2283e-16  1.82874e-25 -1.51381e-16  -3.7605e-26 -1.25613e-17 -5.49608e-26  4.20958e-18 -4.59378e-27  2.24405e-18   6.4769e-27  5.99605e-19  2.55705e-27  1.08822e-19 -6.47281e-29  1.26961e-20 -3.55465e-28  2.93575e-22 -8.16556e-29 -2.83122e-22  8.04667e-30 -8.46218e-23  8.15132e-30 -1.54425e-23  1.39156e-30  -2.0968e-24 -2.19024e-31 -2.18455e-25 -9.03343e-32 -1.66593e-26 -9.23782e-33 -7.18703e-28 -7.93696e-34  2.41387e-29  1.64924e-35  8.28393e-30  4.33269e-35  9.22607e-31  7.72691e-36  6.84006e-32  1.35396e-36  3.69601e-33  2.83938e-37  1.46156e-34  3.50832e-38  4.06645e-36  2.44036e-39  7.16875e-38  9.84526e-41  6.14393e-40  1.53509e-42
-7.20781e-25  3.17254e-10  1.34087e-23  -6.1023e-09 -9.69792e-23  5.99256e-08  3.77944e-22 -3.75785e-07 -5.87458e-22   1.6505e-06 -2.07133e-21 -5.31607e-06  1.71192e-20  1.28299e-05 -6.28243e-20 -2.32848e-05  1.57271e-19  3.12719e-05 -2.97154e-19 -2.95623e-05  4.43175e-19  1.69595e-05 -5.36344e-19 -2.11709e-06  5.40825e-19 -4.64992e-06 -4.78209e-19  2.62385e-06  4.21602e-19  7.61199e-07 -4.43515e-19 -9.53872e-07  5.43474e-19 -1.54833e-07 -6.18022e-19  2.77166e-07  5.34452e-19  6.42065e-08 -2.73347e-19 -6.56461e-08  -1.8055e-20 -2.91588e-08  1.62511e-19  9.17123e-09 -1.30734e-19  9.43041e-09  3.59417e-20  9.35122e-10  1.87385e-20 -1.68055e-09  -2.2196e-20 -8.16035e-10  9.09372e-21 -1.98118e-12 -1.03747e-21  1.45996e-10 -6.03167e-22  6.27033e-11  6.92389e-23  4.26922e-12  2.64917e-22  -7.4216e-12 -1.38496e-22 -3.93706e-12 -1.65938e-23 -8.24478e-13  2.26684e-23  9.84445e-14  5.75277e-24  1.35581e-13 -1.38797e-24  5.03115e-14 -3.45475e-24  9.36019e-15 -2.85505e-25 -2.86547e-16  7.08855e-25 -8.51653e-16  3.12757e-25 -3.27761e-16  -7.2142e-26 -7.52008e-17 -8.19897e-26 -9.83103e-18 -5.73298e-27  2.74823e-19  9.22985e-27  5.49734e-19  3.40662e-27  1.73273e-19 -1.30969e-28  3.54343e-20 -4.41596e-28  5.21549e-21 -1.03749e-28   5.0779e-22  6.38724e-30  1.15279e-23  8.97078e-30 -7.40968e-24  1.48601e-30 -1.89142e-24 -2.30661e-31 -2.91481e-25 -8.94919e-32 -3.35183e-26 -1.04056e-32 -3.00651e-27   -1.324e-33 -2.08861e-28 -4.86159e-35 -1.05984e-29  3.99675e-35 -3.14367e-31  8.45245e-36  3.04368e-33  1.47051e-36  9.49105e-34  2.43694e-37  5.65152e-35  2.41779e-38  1.87215e-36  1.32711e-39  3.41059e-38   3.6836e-41   2.2959e-40
-7.45083e-11 -7.67805e-24  2.62863e-09  8.27173e-23 -3.54384e-08 -4.66011e-22  2.81041e-07  1.52974e-21 -1.50542e-06 -2.07133e-21  5.81259e-06 -6.48717e-21 -1.67179e-05  4.82349e-20  3.62954e-05 -1.60572e-19 -5.92582e-05  3.66487e-19   7.0889e-05  -6.3306e-19 -5.78151e-05  8.63273e-19   2.5196e-05 -9.49925e-19  3.39504e-06    8.532e-19 -1.04693e-05 -6.38164e-19  2.74831e-06  4.46843e-19  2.71713e-06 -4.13982e-19 -1.25475e-06  5.57758e-19 -7.56034e-07  -7.2416e-19  3.46037e-07   6.8771e-19  2.44679e-07 -3.82432e-19 -5.49109e-08  7.91141e-21 -7.43481e-08  1.78772e-19 -5.39876e-09 -1.38568e-19  1.58256e-08  2.82998e-20  6.39749e-09  2.65646e-20 -1.05844e-09 -2.46695e-20 -1.68581e-09  9.49333e-21 -4.79471e-10 -1.33912e-21  9.90375e-11 -4.52511e-22  1.23182e-10  6.22151e-23  3.90377e-11  2.85497e-22 -4.97917e-13 -1.61186e-22  -5.5574e-12 -2.57611e-23 -2.46542e-12  2.89571e-23 -4.66187e-13  1.17749e-23  5.71963e-14 -2.18047e-24    7.188e-14 -5.63002e-24  2.62087e-14 -5.92331e-25  5.22983e-15  1.14597e-24  1.96915e-16  4.75478e-25 -2.79041e-16 -1.15434e-25 -1.21552e-16 -1.11616e-25 -3.03979e-17  -6.6376e-27 -4.98281e-18  1.20505e-26 -3.85136e-19  4.16501e-27  6.71707e-20 -2.00773e-28  3.41355e-20 -5.12097e-28  8.04514e-21 -1.26669e-28  1.34135e-21  2.40611e-30  1.67651e-22  8.83106e-30  1.48535e-23  1.39546e-30  6.21041e-25 -2.41091e-31 -7.00903e-26 -8.58914e-32 -1.95365e-26 -1.14456e-32 -2.60872e-27 -1.71608e-33 -2.47764e-28 -8.37413e-35 -1.79801e-29  3.62194e-35 -1.00604e-30  8.15575e-36 -4.24721e-32  1.32527e-36 -1.28141e-33  1.78355e-37 -2.44588e-35  1.41239e-38 -2.01299e-37  5.82675e-40   9.2287e-40  9.09571e-42
 2.87316e-24 -8.19462e-10 -5.42302e-23  1.65914e-08  4.16295e-22 -1.71896e-07 -1.92331e-21  1.14033e-06   5.4339e-21 -5.31607e-06 -6.48717e-21  1.82509e-05 -1.81918e-20 -4.72158e-05  1.22378e-19  9.26048e-05 -3.71045e-19 -0.000136162  7.74539e-19   0.00014448  -1.2271e-18 -9.96085e-05  1.53699e-18  2.82228e-05 -1.54868e-18    1.798e-05  1.24932e-18 -1.82678e-05 -7.80999e-19  2.89257e-08  3.75197e-19  5.95461e-06 -2.43347e-19 -7.01783e-07  4.37003e-19 -1.78726e-06 -7.45589e-19   1.1982e-07  8.09407e-19  5.14664e-07 -4.81609e-19  5.66685e-08  2.71905e-20 -1.19527e-07  1.93095e-19 -4.59174e-08 -1.36481e-19  1.38345e-08  1.43362e-20  1.48822e-08   3.3679e-20  2.56352e-09 -2.48637e-20 -1.95576e-09  9.17434e-21 -1.28477e-09   -1.753e-21 -2.03272e-10 -2.47393e-22  1.23449e-10  1.19236e-22  8.67747e-11  2.77797e-22  2.15382e-11 -1.95501e-22 -1.82063e-12 -3.58336e-23 -3.51385e-12  3.95168e-23 -1.38875e-12  2.02693e-23 -2.53335e-13 -3.71808e-24  2.24944e-14  -8.4955e-24  3.23119e-14 -9.70331e-25  1.19375e-14  1.67323e-24  2.57428e-15  6.55576e-25  2.42212e-16 -1.61611e-25  -5.9605e-17 -1.39247e-25 -3.51354e-17 -6.89134e-27 -9.70321e-18  1.45321e-26 -1.82227e-18  4.69395e-27 -2.29025e-19 -2.65027e-28 -1.08473e-20 -5.62321e-28    3.334e-21 -1.50404e-28  1.15956e-21 -4.20697e-30  2.21038e-22  7.52546e-30  3.08394e-23  1.08266e-30  3.31965e-24 -2.60543e-31  2.70836e-25 -8.23243e-32   1.4859e-26 -1.23347e-32  2.09651e-28 -1.91065e-33 -6.11495e-29 -8.95088e-35 -8.23507e-30  3.16706e-35 -6.26803e-31  6.97262e-36 -3.30254e-32  1.01765e-36 -1.22773e-33  1.11514e-37 -3.06541e-35  6.88942e-39  -4.4801e-37  1.95606e-40 -2.50066e-39
 1.60167e-10  2.71091e-23 -5.95985e-09 -2.95052e-22  8.49184e-08  1.77205e-21 -7.13448e-07 -6.93273e-21  4.06046e-06  1.71192e-20 -1.67179e-05 -1.81918e-20  5.15155e-05 -4.59834e-20 -0.000120604  2.81167e-19  0.000214395 -7.78876e-19 -0.000283867  1.49056e-18  0.000265275  -2.1716e-18 -0.000149327   2.5089e-18  1.45849e-05 -2.33276e-18     4.55e-05  1.71294e-18 -2.45882e-05 -8.98623e-19 -8.09615e-06  2.06071e-19  9.57321e-06    7.883e-20  1.69939e-06  1.58041e-19 -2.92378e-06 -6.61102e-19 -6.96909e-07  8.84449e-19   7.2791e-07 -5.55121e-19  3.25041e-07  2.70082e-20 -1.09249e-07  2.08615e-19 -1.10291e-07 -1.23104e-19 -9.72629e-09 -5.33971e-21  2.09498e-08  3.86257e-20  9.94635e-09 -2.24115e-20 -1.54984e-10  8.22489e-21 -1.91477e-09 -2.29849e-21  -8.0312e-10  2.40856e-24 -4.38809e-11  2.66866e-22  1.02861e-10  2.34429e-22  5.32941e-11 -2.52274e-22  1.09002e-11 -4.62077e-23 -1.51009e-12  5.70431e-23 -1.91579e-12  3.13186e-23 -7.06545e-13 -6.14503e-24 -1.31549e-13 -1.19516e-23  3.96451e-15 -1.41299e-24  1.20047e-14  2.22383e-24  4.65266e-15  8.27586e-25  1.08157e-15 -2.02531e-25  1.47245e-16 -1.59307e-25 -1.27979e-18 -5.92158e-27 -7.14246e-18  1.63151e-26 -2.33429e-18  4.89522e-27 -4.87122e-19 -3.20214e-28 -7.37156e-20 -5.94593e-28 -7.70964e-21 -1.75393e-28 -3.36574e-22 -1.34737e-29  6.74704e-23  5.01329e-30   2.0542e-23  5.47421e-31  3.28904e-24 -2.95708e-31  3.83287e-25 -8.05044e-32  3.46639e-26 -1.29503e-32   2.4467e-27 -1.90686e-33  1.30491e-28 -7.67345e-35  4.74486e-30  2.59677e-35  7.24296e-32  5.27782e-36 -3.44676e-33  6.71973e-37 -2.74767e-34  5.92235e-38 -8.55052e-36  2.72926e-39 -1.19465e-37  4.36498e-41
-9.07343e-24  1.54673e-09  1.70088e-22 -3.31823e-08 -1.31777e-21  3.65024e-07  6.52844e-21 -2.57755e-06 -2.20931e-20  1.28299e-05  4.82349e-20 -4.72158e-05 -4.59834e-20  0.000131629 -1.05354e-19 -0.000280291  5.87726e-19  0.000452708 -1.49105e-18 -0.000538943  2.62066e-18  0.000438556 -3.51864e-18 -0.000188833  3.76348e-18 -3.16638e-05 -3.25296e-18  8.56819e-05   2.2133e-18 -2.22164e-05  -1.0097e-18 -2.33474e-05  -1.1322e-20  1.10154e-05  5.16996e-19  6.70221e-06 -2.67399e-19  -3.2522e-06 -4.78042e-19 -2.25322e-06   9.1575e-19  5.74117e-07 -5.92224e-19  7.23749e-07 -4.85979e-21  3.61794e-08  2.27575e-19 -1.66111e-07 -9.77633e-20 -6.33651e-08 -2.88258e-20  1.36196e-08  4.00738e-20  1.84539e-08 -1.74884e-20  4.87925e-09  6.79602e-21 -1.32121e-09 -2.96691e-21 -1.42523e-09  3.19392e-22 -4.28235e-10  5.27399e-22  1.90083e-11   1.4592e-22  6.87334e-11 -3.44033e-22   2.9283e-11 -5.62676e-23  5.24666e-12  8.36177e-23 -8.32693e-13  4.47715e-23   -9.047e-13 -9.26695e-24 -3.22928e-13 -1.57267e-23 -6.35337e-14 -1.92752e-24 -2.14357e-15  2.69312e-24  3.48779e-15  9.58019e-25  1.50393e-15 -2.30548e-25  3.76289e-16 -1.66657e-25  6.24254e-17 -3.13331e-27  5.20808e-18  1.71934e-26 -6.77651e-19  4.73808e-27 -3.83587e-19 -3.71136e-28  -9.2048e-20 -6.16776e-28 -1.55088e-20 -2.02024e-28 -1.97204e-21 -2.50426e-29 -1.83396e-22  1.45779e-30 -9.86885e-24 -1.63359e-31  3.32846e-25  -3.4554e-31  1.57823e-25 -8.03936e-32  2.22717e-26 -1.31039e-32  2.11981e-27 -1.74624e-33   1.5116e-28 -5.80354e-35  8.21936e-30  1.94247e-35  3.34812e-31  3.52274e-36   9.7241e-33  3.81458e-37   1.8216e-34  2.63341e-38  1.75581e-36  8.30994e-40  3.81293e-39
-2.50176e-10 -7.71124e-23  9.90079e-09  8.24126e-22 -1.50287e-07 -5.00689e-21   1.3479e-06  2.11461e-20 -8.21012e-06 -6.28243e-20  3.62954e-05  1.22378e-19 -0.000120604 -1.05354e-19  0.000306274 -2.19804e-19 -0.000595777  1.12194e-18  0.000875657 -2.61121e-18   -0.0009343  4.22117e-18  0.000650121 -5.23378e-18  -0.00018446  5.19739e-18 -0.000125699 -4.19913e-18  0.000129636  2.70221e-18 -1.17319e-06 -1.16146e-18 -4.42838e-05 -1.80423e-19  6.19092e-06   9.9884e-19  1.38845e-05 -7.97961e-19 -1.36491e-06 -2.34251e-19 -4.23241e-06  9.25935e-19 -3.28974e-07  -5.8802e-19  1.06579e-06 -7.72655e-20   3.7012e-07    2.493e-19 -1.45814e-07 -6.06464e-20 -1.35666e-07 -5.29267e-20 -1.86093e-08  3.73181e-20  2.06537e-08 -1.08679e-20  1.22514e-08  4.97881e-21  1.54488e-09 -3.73069e-21 -1.40562e-09  7.73069e-22 -8.87302e-10  9.21181e-22 -2.00738e-10  2.28377e-24  2.90393e-11 -4.82096e-22  3.90437e-11 -6.61944e-23  1.46147e-11  1.19484e-22  2.46799e-12   6.0265e-23 -3.30313e-13 -1.24242e-23 -3.66951e-13 -1.93659e-23 -1.30725e-13 -2.53208e-24 -2.75291e-14  2.95464e-24 -2.44905e-15  1.00918e-24  6.81884e-16 -2.42001e-25  3.83882e-16 -1.58283e-25  1.04761e-16   1.8162e-27  1.96151e-17  1.71437e-26  2.49518e-18  4.25649e-27  1.35452e-19 -4.31216e-28 -2.96454e-20 -6.38788e-28 -1.10145e-20 -2.29989e-28 -2.11604e-21 -3.81044e-29 -2.95178e-22 -2.76296e-30 -3.18363e-23 -9.56553e-31 -2.64013e-24 -4.00436e-31 -1.55973e-25 -8.04511e-32  -4.4755e-27 -1.26297e-32  2.67069e-28 -1.48755e-33  4.78455e-29 -4.16162e-35   3.6896e-30  1.29637e-35  1.85121e-31   2.0591e-36  6.26632e-33  1.84711e-37  1.33921e-34  9.53463e-39  1.45848e-36  1.68935e-40
 2.34667e-23  -2.1132e-09 -4.35292e-22  4.85399e-08  3.28622e-21 -5.72547e-07  -1.6556e-20  4.34338e-06   6.0902e-20 -2.32848e-05 -1.60572e-19  9.26048e-05  2.81167e-19 -0.000280291 -2.19804e-19  0.000652343 -4.19125e-19  -0.00116351  1.96132e-18   0.00155728 -4.19271e-18  -0.00148105  6.24451e-18  0.000855151 -7.16813e-18 -9.05456e-05  6.61849e-18 -0.000272376 -5.00133e-18  0.000157053  3.10912e-18   4.7406e-05 -1.41963e-18 -6.41309e-05 -1.80531e-19 -9.08702e-06  1.44522e-18  2.07458e-05 -1.38022e-18  4.03398e-06  8.31829e-21 -5.61424e-06  9.51481e-19 -2.18281e-06 -5.40944e-19  9.93745e-07 -1.93104e-19  8.40658e-07  2.68751e-19  2.83268e-08   -1.336e-20  -1.8394e-07 -7.34543e-20 -7.67115e-08  3.07873e-20  6.57618e-09  -3.7776e-21  1.76243e-08  2.67863e-21  6.59369e-09 -4.57005e-21  6.21567e-12  1.47147e-21 -1.03625e-09  1.46813e-21 -4.83553e-10 -2.01066e-22 -8.56785e-11 -6.72355e-22  2.04537e-11 -7.79075e-23  1.92996e-11  1.62057e-22  6.66172e-12  7.72439e-23  1.13621e-12 -1.45107e-23 -8.26555e-14 -2.22688e-23 -1.24985e-13 -3.23939e-24 -4.58387e-14  2.88792e-24 -1.03271e-14  9.44556e-25 -1.35009e-15 -2.40019e-25   2.7382e-17 -1.34754e-25  7.00903e-17  8.65995e-27  2.22206e-17   1.6252e-26  4.56806e-18  3.51502e-27   6.8631e-19 -5.21013e-28  7.23985e-20 -6.68814e-28  3.59272e-21 -2.57838e-28 -4.82814e-22 -5.13768e-29 -1.60536e-22 -7.09439e-30 -2.57457e-23 -1.70882e-30 -2.96258e-24 -4.45379e-31 -2.63365e-25 -7.85762e-32 -1.82855e-26 -1.14758e-32 -9.69224e-28 -1.18666e-33 -3.65998e-29 -2.99106e-35 -7.89038e-31  7.57307e-36  3.08467e-33  1.04326e-36  8.17781e-34  7.50495e-38  2.33643e-35  2.65877e-39  2.05126e-37
 2.76138e-10  1.82946e-22 -1.17932e-08 -1.89494e-21  1.93277e-07  1.11796e-20 -1.87349e-06 -4.83855e-20  1.23532e-05  1.57271e-19 -5.92582e-05 -3.71045e-19  0.000214395  5.87726e-19 -0.000595777 -4.19125e-19   0.00127777 -7.32242e-19   -0.0020962  3.14435e-18   0.00255428 -6.17997e-18  -0.00214663  8.50584e-18  0.000974322 -9.07835e-18  0.000137726  7.78316e-18 -0.000455323 -5.44432e-18  0.000138224  3.33886e-18  0.000125022 -1.85437e-18 -7.04528e-05   9.7182e-20 -3.64016e-05  1.80957e-18  2.25719e-05 -1.96839e-18  1.30823e-05   1.7456e-19 -4.78745e-06  1.03057e-18 -4.67653e-06 -4.48349e-19  1.06687e-07 -3.47095e-19  1.23124e-06  2.76435e-19   3.8634e-07  4.01989e-20 -1.41517e-07 -8.59067e-20 -1.39696e-07  2.23463e-20 -2.93197e-08   2.4427e-21  1.40244e-08 -4.36503e-22  1.15562e-08 -5.50673e-21  2.96381e-09  2.52368e-21 -4.14807e-10   2.1841e-21 -6.21822e-10 -4.55259e-22 -2.37268e-10 -9.10879e-22 -3.49339e-11 -9.54369e-23  1.04513e-11  2.05726e-22  8.35314e-12  9.49714e-23  2.76078e-12 -1.41706e-23  4.97922e-13 -2.37768e-23  1.30593e-16 -4.03258e-24 -3.41505e-14   2.4106e-24 -1.34961e-14  7.35112e-25 -3.24313e-15 -2.35297e-25 -5.18882e-16 -1.00907e-25 -3.99827e-17  1.62241e-26  6.38319e-18  1.45731e-26  3.25953e-18  2.56054e-27  7.58776e-19 -6.65204e-28  1.25294e-19 -7.10764e-28  1.57103e-20 -2.82984e-28  1.45806e-21 -6.32375e-29  8.29342e-23  -1.0906e-29 -1.11466e-24 -2.29624e-30 -9.59553e-25 -4.65709e-31 -1.36786e-25 -7.32077e-32 -1.26814e-26 -9.74967e-33 -8.66948e-28 -8.87197e-34 -4.45987e-29 -2.18192e-35 -1.69247e-30   3.7947e-36 -4.48312e-32  4.51304e-37 -7.39982e-34  2.48317e-38  -5.8067e-36  4.95652e-40
-5.04255e-23  1.99628e-09  9.43358e-22 -5.00779e-08 -6.77967e-21  6.44697e-07  3.32105e-20 -5.33861e-06 -1.26352e-19  3.12719e-05  3.66487e-19 -0.000136162 -7.78876e-19  0.000452708  1.12194e-18  -0.00116351 -7.32242e-19   0.00231129 -1.17309e-18  -0.00349692  4.62043e-18   0.00387409 -8.36058e-18   -0.0028384  1.07036e-17  0.000903976 -1.07094e-17  0.000523691  8.46289e-18 -0.000630324 -5.28995e-18  4.26834e-05  3.28126e-18   0.00021969 -2.53351e-18 -4.81005e-05  7.13289e-19 -7.17939e-05   2.1102e-18  1.36916e-05 -2.53459e-18  2.37416e-05  1.87763e-19 -1.80247e-07  1.18797e-18 -6.78329e-06  -3.0291e-19 -1.77694e-06 -5.24221e-19  1.18686e-06  2.60156e-19  8.44935e-07  9.30942e-20   4.8015e-08 -8.65011e-20 -1.63191e-07  1.51798e-20  -7.9359e-08  6.78151e-21 -4.16859e-09 -4.85209e-21  1.21853e-08 -6.62356e-21  6.36179e-09  3.98309e-21  1.12992e-09  3.07024e-21 -3.66452e-10 -7.32671e-22 -3.20856e-10 -1.18131e-21 -1.06754e-10 -1.24193e-22 -1.43272e-11  2.42802e-22  4.14003e-12  1.12581e-22  3.14569e-12 -1.01212e-23  1.02558e-12 -2.32952e-23  1.99059e-13 -4.84462e-24  1.29092e-14  1.50404e-24 -6.72252e-15  3.65718e-25 -3.18711e-15 -2.44244e-25 -8.22689e-16 -6.53879e-26 -1.48154e-16  2.23722e-26 -1.80617e-17  1.20028e-26 -8.62306e-19  1.38723e-27  2.34965e-19 -8.87289e-28  8.05655e-20 -7.63462e-28  1.49343e-20 -3.02191e-28  2.02503e-21 -7.20291e-29  2.13044e-22 -1.36376e-29  1.73302e-23 -2.62821e-30  1.02372e-24 -4.52838e-31  3.34721e-26 -6.40379e-32 -8.66562e-28 -7.69376e-33 -2.07915e-28 -6.19174e-34 -1.56084e-29  -1.5599e-35 -7.20406e-31  1.58586e-36 -2.13212e-32  1.62905e-37 -3.64548e-34  6.31389e-39 -2.36751e-36
-1.96908e-10   -3.687e-22  9.38141e-09  3.73436e-21 -1.70774e-07 -2.06754e-20  1.83335e-06  8.75367e-20 -1.33674e-05 -2.97154e-19   7.0889e-05  7.74539e-19 -0.000283867 -1.49105e-18  0.000875657  1.96132e-18   -0.0020962 -1.17309e-18   0.00387572 -1.72028e-18  -0.00542024  6.19881e-18   0.00544446 -1.03567e-17   -0.0034038  1.25117e-17  0.000542537 -1.19217e-17    0.0010477  8.50941e-18 -0.000728856 -4.30025e-18 -0.000146993  2.84116e-18  0.000303653 -3.52864e-18  1.45735e-05  1.65311e-18 -0.000104328  2.44099e-18 -9.88689e-06 -3.06324e-18  3.15241e-05 -1.99436e-20  8.71673e-06  1.42146e-18 -6.91686e-06   -9.246e-20  -4.3316e-06 -6.99495e-19  3.62934e-07  2.08489e-19  1.18243e-06  1.35391e-19   3.7963e-07 -7.33551e-20 -9.64347e-08  1.31473e-20 -1.18639e-07  8.92612e-21 -3.54417e-08 -1.09878e-20  4.40627e-09 -8.04821e-21  7.85924e-09  5.79568e-21  3.07522e-09  4.09833e-21  3.72531e-10 -9.89303e-22 -2.16675e-10 -1.45615e-21 -1.45716e-10 -1.69212e-22 -4.44213e-11  2.65517e-22 -6.03194e-12  1.29233e-22  1.23522e-12 -1.47768e-24  1.01177e-12 -2.04091e-23  3.33874e-13 -5.55117e-24  6.96046e-14  2.24586e-25  7.87863e-15 -1.59679e-25 -5.94287e-16 -2.84883e-25 -5.55407e-16 -3.90105e-26 -1.60775e-16  2.43247e-26 -3.14697e-17  8.25388e-27 -4.54115e-18 -6.03203e-29 -4.58099e-19 -1.20121e-27 -2.04457e-20 -8.21144e-28  3.29363e-21 -3.12336e-28  9.96247e-22 -7.64563e-29  1.52551e-22 -1.49426e-29  1.68456e-23 -2.67234e-30  1.43655e-24 -4.07308e-31  9.55273e-26  -5.2071e-32  4.84879e-27  -5.6077e-33  1.76917e-28 -4.00353e-34  3.94262e-30 -1.03864e-35  1.76759e-32  5.26177e-37 -1.70762e-33  4.72649e-38 -4.05661e-35  1.06792e-39
 8.92911e-23 -1.12822e-09 -1.77173e-21   3.2628e-08  1.20883e-20 -4.78785e-07 -5.50551e-20   4.4843e-06  2.07066e-19 -2.95623e-05  -6.3306e-19   0.00014448  1.49056e-18 -0.000538943 -2.61121e-18   0.00155728  3.14435e-18  -0.00349692 -1.72028e-18   0.00604681 -2.29415e-18  -0.00783147  7.51484e-18   0.00709981 -1.16755e-17  -0.00365458  1.37279e-17 -0.000172625 -1.28091e-17   0.00163506  7.87908e-18 -0.000674255 -2.25872e-18 -0.000421343  1.98904e-18  0.000337879 -4.92685e-18  0.000118275  2.81317e-18 -0.000117719  2.95392e-18 -4.73915e-05 -3.53245e-18  3.05207e-05 -4.97521e-19  2.03984e-05  1.69438e-18 -3.54093e-06  1.95548e-19  -6.6016e-06  -8.4005e-19 -1.34022e-06  1.15065e-19  1.09777e-06  1.55524e-19   7.4863e-07 -4.74339e-20  8.46649e-08  1.96992e-20 -1.12197e-07  9.39362e-21 -6.74638e-08 -1.89221e-20 -1.22699e-08 -9.89329e-21  5.00099e-09  7.78229e-21  4.22653e-09  5.19972e-21  1.34637e-09 -1.17646e-21  1.12632e-10  -1.7028e-21 -1.01156e-10 -2.33144e-22 -5.86627e-11  2.68408e-22 -1.70468e-11  1.44383e-22 -2.51978e-12  1.20522e-23  2.30278e-13 -1.49527e-23   2.6833e-13 -5.98028e-24  9.23912e-14 -1.30245e-24  2.05087e-14 -8.15232e-25  2.99293e-15 -3.71654e-25  1.65457e-16 -3.22184e-26 -5.58991e-17  1.93548e-26 -2.22358e-17  2.97806e-27 -4.80187e-18 -1.84084e-27 -7.54543e-19  -1.6011e-27 -9.06035e-20 -8.74561e-28 -8.04159e-21  -3.1117e-28  -4.3051e-22 -7.59303e-29  7.59212e-24 -1.47716e-29   4.9196e-24 -2.45971e-30   6.5754e-25 -3.38038e-31    5.729e-26 -3.91092e-32  3.65415e-27 -3.75518e-33  1.73124e-28 -2.37501e-34  5.92611e-30 -6.17914e-36  1.36609e-31  1.23552e-37   1.8198e-33  1.02896e-38  8.81999e-36
 6.27673e-11  6.30183e-22 -3.87101e-09 -6.49529e-21  8.66065e-08  3.31739e-20 -1.10807e-06 -1.30237e-19   9.4435e-06  4.43175e-19 -5.78151e-05  -1.2271e-18  0.000265275  2.62066e-18   -0.0009343 -4.19271e-18   0.00255428  4.62043e-18  -0.00542024 -2.29415e-18   0.00880869 -2.73749e-18   -0.0105812    8.031e-18   0.00859656 -1.18186e-17  -0.00341267   1.4426e-17  -0.00123109 -1.37405e-17   0.00216216  6.59467e-18 -0.000406952  1.00449e-18 -0.000736935  8.19069e-19  0.000283461  -6.8319e-18  0.000247561  4.00182e-18 -9.53441e-05  3.81658e-18 -9.13137e-05 -3.89309e-18  1.56914e-05 -1.26421e-18  3.10765e-05  1.93794e-18  3.94008e-06  5.66023e-19 -7.20483e-06 -9.10184e-19 -3.57402e-06 -1.77621e-20  3.55932e-07  1.43014e-19  9.60508e-07 -1.28264e-20  3.44836e-07  3.66665e-20 -3.38901e-08  9.33704e-21  -7.9679e-08 -2.81908e-20 -3.22411e-08 -1.21697e-20  -2.9278e-09  9.67241e-21  3.29361e-09  6.26628e-21  1.98496e-09 -1.25833e-21  5.46833e-10 -1.89302e-21  3.62609e-11 -3.15001e-22 -3.87295e-11  2.50199e-22 -2.08363e-11  1.58076e-22  -5.9469e-12  3.01773e-23 -9.80443e-13 -7.00756e-24 -7.32777e-15 -5.93484e-24  5.47422e-14 -2.90251e-24  2.08511e-14 -1.55353e-24  4.91109e-15 -5.10586e-25   8.1964e-16 -5.22602e-26  8.95318e-17  5.69653e-27  2.12608e-18 -4.00113e-27 -1.69111e-18 -3.94638e-27 -4.78522e-19 -2.05342e-27 -8.21888e-20 -9.12451e-28  -1.0543e-20 -2.97842e-28  -1.0549e-21 -7.07205e-29 -8.16035e-23 -1.33628e-29 -4.56916e-24 -2.06932e-30  -1.4074e-25 -2.58495e-31  3.41721e-27 -2.70101e-32  7.55071e-28 -2.29772e-33   5.1303e-29 -1.27802e-34  2.07814e-30 -3.18875e-36  5.09689e-32  1.22976e-38  6.26589e-34  1.42682e-39
-1.24406e-22  1.41053e-10  2.89503e-21 -7.92306e-09 -1.93358e-20  1.69434e-07   7.9064e-20 -2.07598e-06 -2.77245e-19  1.69595e-05  8.63273e-19 -9.96085e-05  -2.1716e-18  0.000438556  4.22117e-18  -0.00148105 -6.17997e-18   0.00387409  6.19881e-18  -0.00783147 -2.73749e-18    0.0120238 -2.80689e-18   -0.0134111  7.08233e-18   0.00965985 -1.04214e-17   -0.0025643  1.50431e-17  -0.00253332 -1.52806e-17   0.00248252  4.65791e-18  9.01708e-05  5.57491e-18  -0.00102106 -4.10313e-19  0.000116468 -9.34081e-18  0.000371071  4.95569e-18 -2.71619e-05  5.15653e-18 -0.000127955 -4.05893e-18 -1.43752e-05  -2.2988e-18  3.55085e-05  2.06456e-18  1.44204e-05  1.00785e-18 -4.87657e-06 -8.79062e-19 -5.51294e-06 -1.77407e-19 -1.03758e-06  9.18525e-20  8.04676e-07  2.39294e-20  5.80776e-07  6.33632e-20  1.11362e-07  1.00779e-20 -5.32544e-08 -3.77736e-20 -4.46635e-08 -1.47106e-20 -1.34847e-08   1.1184e-20  -1.7578e-10  7.16797e-21   1.6879e-09 -1.22827e-21  8.32183e-10 -2.01264e-21  2.09163e-10 -4.10308e-22  1.45336e-11  2.14395e-22 -1.20773e-11   1.7113e-22 -6.42817e-12  5.22077e-23 -1.84138e-12  3.16129e-24 -3.35385e-13 -5.22042e-24 -2.59527e-14  -4.3786e-24  7.07605e-15 -2.30935e-24  3.59384e-15 -6.96099e-25  9.15196e-16 -1.00838e-25  1.65458e-16 -1.66375e-26  2.21415e-17  -1.2449e-26  2.00058e-18 -6.24605e-27  5.19825e-20   -2.497e-27 -2.15104e-20  -9.2354e-28 -5.14801e-21 -2.73098e-28 -7.19525e-22 -6.18592e-29 -7.41478e-23  -1.1147e-29 -5.92386e-24 -1.59949e-30 -3.68016e-25  -1.8191e-31 -1.73296e-26 -1.70858e-32 -5.80593e-28 -1.27669e-33 -1.17826e-29 -6.15698e-35 -5.89215e-32 -1.39112e-36  2.95932e-33 -4.13792e-39   4.2961e-35
 2.53578e-11 -8.86405e-22 -5.92574e-10  1.00753e-20 -2.41608e-09 -4.83849e-20  1.95313e-07  1.66608e-19 -2.91867e-06 -5.36344e-19   2.5196e-05  1.53699e-18 -0.000149327 -3.51864e-18  0.000650121  6.24451e-18  -0.00214663 -8.36058e-18   0.00544446  7.51484e-18   -0.0105812 -2.80689e-18    0.0154347 -2.18069e-18   -0.0159974  3.96464e-18    0.0100498 -7.38109e-18   -0.0011023  1.63469e-17  -0.00390208 -1.79997e-17   0.00246563  1.96019e-18  0.000776861  1.14017e-17  -0.00118844 -1.28063e-18 -0.000159576 -1.24953e-17  0.000448316  5.37497e-18  8.42059e-05  7.00934e-18 -0.000140913 -3.91663e-18 -5.54876e-05 -3.53264e-18  2.88342e-05  1.98971e-18   2.4924e-05  1.48909e-18  8.35734e-07 -7.29375e-19 -6.08397e-06 -3.42621e-19 -2.73043e-06    3.338e-21  1.70183e-07  5.54037e-20  6.52454e-07  9.63892e-20  2.76237e-07  1.25426e-20  1.57405e-08 -4.63024e-20 -3.84462e-08 -1.71472e-20 -2.13855e-08  1.21202e-20 -5.11015e-09  7.78337e-21  2.57488e-10 -1.11595e-21  7.22506e-10 -2.06707e-21  3.13885e-10 -5.12476e-22  7.54135e-11  1.68419e-22  6.70655e-12  1.85066e-22 -2.91571e-12  7.73072e-23 -1.67517e-12   1.5194e-23 -4.90567e-13 -3.67385e-24 -9.65798e-14 -5.53919e-24 -1.17476e-14 -3.00653e-24 -3.65926e-17 -9.10332e-25  4.07617e-16 -1.72968e-25  1.23875e-16 -4.54582e-26   2.4059e-17 -2.16031e-26  3.50271e-18  -8.4787e-27  3.90738e-19 -2.85453e-27  3.15795e-20 -8.99149e-28  1.36285e-21 -2.39176e-28 -7.39138e-23 -5.08458e-29 -2.22181e-23 -8.61105e-30 -2.59138e-24 -1.13891e-30 -2.04606e-25 -1.17627e-31 -1.18391e-26 -9.85837e-33 -5.02293e-28 -6.39325e-34 -1.49825e-29  -2.6135e-35 -2.85053e-31 -4.96675e-37 -2.73027e-33 -1.99112e-39
 1.15962e-22  2.78448e-10 -4.02692e-21  -6.0049e-09  2.82876e-20  5.40022e-08 -1.04041e-19 -1.30533e-07  3.14949e-19 -2.11709e-06 -9.49925e-19  2.82228e-05   2.5089e-18 -0.000188833 -5.23378e-18  0.000855151  8.50584e-18   -0.0028384 -1.03567e-17   0.00709981    8.031e-18   -0.0134111 -2.18069e-18    0.0187056 -4.87176e-19   -0.0180213  -1.9475e-18   0.00962459 -2.92939e-18  0.000860893  1.92738e-17  -0.00512003 -2.22365e-17   0.00203482 -1.75199e-18   0.00155795  1.82453e-17  -0.00116477 -1.27789e-18 -0.000508972 -1.62254e-17  0.000441259  4.97791e-18  0.000221042  9.28721e-18 -0.000116558 -3.35587e-18 -9.77776e-05 -4.85098e-18  8.78602e-06   1.6567e-18  3.12828e-05  1.95879e-18  9.05361e-06 -4.64233e-19 -4.40902e-06 -4.88003e-19 -4.07128e-06 -1.12875e-19 -8.52824e-07  7.52615e-20  4.48854e-07  1.30278e-19   3.8218e-07  1.68307e-20   1.0788e-07 -5.24235e-20 -9.33018e-09 -1.89562e-20 -2.09504e-08  1.24443e-20 -9.09408e-09    8.033e-21 -1.82132e-09 -9.81407e-22  1.60416e-10 -2.08014e-21  2.63627e-10 -6.14446e-22  1.06113e-10  1.21713e-22  2.52322e-11  2.01801e-22  2.93255e-12  1.04693e-22 -4.59069e-13  2.87024e-23 -3.51888e-13 -1.19105e-24 -1.08209e-13 -6.22361e-24 -2.25912e-14 -3.56759e-24 -3.33622e-15 -1.12538e-24 -2.86788e-16 -2.57547e-25  1.21368e-17 -7.66498e-26  1.03231e-17 -3.02635e-26  2.34215e-18 -1.03079e-26  3.62293e-19 -3.05339e-27   4.2921e-20 -8.35908e-28  3.98334e-21 -1.99432e-28  2.83554e-22 -3.92688e-29  1.41859e-23 -6.17354e-30   3.3062e-25 -7.47749e-31 -1.77386e-26 -6.97348e-32 -2.40933e-27 -5.16232e-33 -1.36616e-28 -2.85741e-34 -4.59591e-30  -9.5674e-36 -8.69031e-32 -1.37108e-37 -6.18032e-34
