 9.12836e-14 -3.91161e-27 -2.54129e-12  8.82208e-26  2.79461e-11 -7.59952e-25 -1.86995e-10  4.16711e-24  8.75052e-10 -1.68623e-23 -3.05988e-09  5.37043e-23  8.27587e-09 -1.38317e-22 -1.75794e-08  2.92997e-22  2.92941e-08 -5.16481e-22 -3.74287e-08   7.6164e-22  3.42024e-08  -9.3824e-22 -1.72742e-08  9.56649e-22 -4.67825e-09 -7.90878e-22  1.67634e-08  5.08208e-22 -1.17679e-08 -2.30344e-22 -1.73049e-09  5.25956e-23  8.64843e-09  9.61337e-24 -4.22635e-09 -5.50384e-24 -2.78645e-09 -8.00886e-24   3.6437e-09  7.15062e-24  1.58578e-11  1.16466e-24 -1.81171e-09 -5.10682e-24  4.96866e-10  3.17244e-24  6.60178e-10 -1.62927e-25 -3.01768e-10 -9.35481e-25  -1.9068e-10  5.45165e-25  1.00041e-10 -4.33762e-26  4.40557e-11 -6.27399e-26 -1.63259e-11  1.34295e-26 -5.93198e-12  1.32616e-27  2.96033e-13
-3.91161e-27  3.62144e-12 -3.61223e-26  -5.7295e-11  5.98154e-25  4.79077e-10 -4.11263e-24 -2.65077e-09  1.88195e-23  1.06601e-08 -6.67766e-23 -3.26839e-08   1.9132e-22  7.82589e-08 -4.47573e-22 -1.47388e-07  8.65766e-22  2.15997e-07 -1.39704e-21 -2.36466e-07  1.88151e-21  1.70471e-07 -2.09599e-21 -3.68624e-08   1.8875e-21 -8.11707e-08 -1.30413e-21  1.02539e-07  5.97966e-22 -3.18052e-08 -6.73755e-23 -4.26879e-08 -1.40085e-22  4.77123e-08  9.41805e-23 -1.87764e-09  2.26819e-23  -2.6318e-08 -7.48306e-23  1.24393e-08  4.83301e-23  8.88251e-09 -2.87538e-24 -8.73236e-09 -1.66906e-23 -1.73504e-09  1.13018e-23  3.89099e-09 -9.20728e-25  6.74358e-11 -2.90653e-24 -1.24115e-09  1.50942e-24  3.48274e-11 -6.49686e-27  2.58745e-10  -1.4119e-25  6.57848e-12  1.99548e-27 -1.91727e-11  2.75033e-28
-2.54129e-12 -3.61223e-26  7.07529e-11 -2.12221e-25 -7.78087e-10  2.76151e-24  5.20647e-09 -1.47282e-23 -2.43636e-08  5.64826e-23  8.51897e-08 -1.79847e-22 -2.30379e-07  4.72353e-22   4.8925e-07 -1.02106e-21 -8.14917e-07  1.84199e-21  1.04027e-06 -2.79246e-21 -9.48546e-07  3.53951e-21  4.75045e-07  -3.6821e-21  1.37326e-07  3.00962e-21 -4.72484e-07 -1.71653e-21  3.29447e-07  3.52815e-22  5.08121e-08   5.1591e-22 -2.45153e-07 -6.75134e-22  1.19885e-07  3.48557e-22  7.89272e-08  3.69097e-23 -1.04077e-07 -1.94481e-22   4.2454e-10  1.33765e-22  5.16252e-08 -2.14408e-23 -1.49608e-08 -3.08519e-23 -1.85604e-08  2.25423e-23   9.0437e-09 -4.47067e-25  5.21463e-09 -6.16987e-24 -3.02391e-09   2.0562e-24 -1.16569e-09  3.64289e-25  5.13004e-10 -1.00264e-25  1.56211e-10  -3.8787e-26 -1.26421e-11
 8.82208e-26  -5.7295e-11 -2.12221e-25  9.06513e-10 -9.77517e-25 -7.58027e-09  8.72023e-24  4.19444e-08 -3.22217e-23 -1.68689e-07  1.02945e-22  5.17221e-07 -3.07449e-22 -1.23848e-06  7.69979e-22   2.3324e-06 -1.61174e-21  -3.4176e-06  2.88586e-21  3.73941e-06 -4.42756e-21 -2.69023e-06  5.74027e-21  5.68917e-07 -6.12682e-21  1.30413e-06  5.11671e-21 -1.63966e-06 -2.92171e-21  5.07912e-07  4.60043e-22  6.85711e-07  1.19564e-21 -7.69943e-07 -1.52355e-21  3.51837e-08  8.60017e-22  4.23682e-07 -4.51348e-23 -2.06009e-07 -3.24014e-22 -1.39911e-07  2.55647e-22  1.43763e-07 -6.27008e-23  2.45803e-08 -3.66982e-23 -6.35723e-08  2.56746e-23  9.35687e-10   6.7471e-24   2.0074e-08 -8.85958e-24 -1.35348e-09  1.06438e-25  -4.1656e-09  8.87924e-25  6.67606e-11  2.46952e-25  3.20799e-10 -3.34221e-26
 2.79461e-11  5.98154e-25 -7.78087e-10 -9.77517e-25  8.55734e-09 -2.76171e-24 -5.72655e-08  7.85642e-24  2.68006e-07  1.38182e-23 -9.37264e-07 -6.30537e-23  2.53519e-06  9.20686e-23 -5.38539e-06  -1.3897e-23  8.97311e-06 -4.42904e-22 -1.14586e-05    1.734e-21  1.04507e-05  -4.0764e-21 -5.22798e-06  6.91285e-21 -1.53921e-06 -8.86441e-21  5.25544e-06  8.54013e-21 -3.67932e-06 -5.69606e-21 -5.48121e-07  1.64432e-21  2.73745e-06   1.5495e-21 -1.36725e-06 -2.52026e-21 -8.61479e-07  1.60748e-21  1.17747e-06 -2.83597e-22  -3.0031e-08 -3.91905e-22 -5.76163e-07  3.79113e-22  1.84217e-07 -1.24268e-22  2.01407e-07 -1.29323e-23 -1.08851e-07 -4.17448e-24 -5.38618e-08  2.47539e-23  3.64306e-08 -4.33012e-24  1.13569e-08 -5.44802e-24 -6.40143e-09  3.93064e-25 -1.50153e-09  6.97146e-25  2.00647e-10
-7.59952e-25  4.79077e-10  2.76151e-24 -7.58027e-09 -2.76171e-24  6.33927e-08  8.85323e-25 -3.50833e-07 -8.44667e-23   1.4113e-06  4.34208e-22 -4.32875e-06 -1.21788e-21  1.03701e-05  2.66469e-21 -1.95429e-05 -4.75421e-21   2.8662e-05     6.52e-21 -3.14022e-05  -6.1987e-21  2.26395e-05  2.52044e-21 -4.82556e-06  3.79691e-21  -1.0988e-05 -9.83591e-21  1.39157e-05  1.22478e-20 -4.42017e-06 -9.68919e-21 -5.74171e-06  3.91141e-21  6.60138e-06   1.3504e-21 -4.24934e-07 -3.32291e-21 -3.57522e-06  2.37172e-21  1.84011e-06 -6.70388e-22  1.12698e-06 -3.28544e-22  -1.2572e-06  4.49642e-22 -1.57939e-07  -1.9926e-22  5.45722e-07  8.50177e-23 -3.46856e-08 -9.50749e-23 -1.68733e-07  4.12889e-23  2.11569e-08  1.61644e-23  3.45043e-08 -1.09268e-23 -2.59489e-09 -2.04104e-24 -2.74866e-09  6.12605e-25
-1.86995e-10 -4.11263e-24  5.20647e-09  8.72023e-24 -5.72655e-08  8.85323e-25  3.83289e-07  4.72639e-23 -1.79434e-06  -5.1443e-22  6.27789e-06  1.83923e-21 -1.69917e-05 -4.58684e-21  3.61272e-05  9.56523e-21 -6.02722e-05  -1.6413e-20  7.71144e-05  2.23875e-20 -7.05548e-05 -2.34909e-20  3.55727e-05  1.72883e-20  1.00955e-05 -5.34233e-21 -3.55402e-05 -7.08661e-21  2.53088e-05  1.41669e-20  3.26007e-06  -1.3105e-20 -1.85398e-05  6.20194e-21  9.68599e-06  6.53284e-22  5.53523e-06 -3.44022e-21  -8.1302e-06  2.81255e-21   5.0782e-07 -1.12557e-21  3.86752e-06 -1.14816e-22 -1.42529e-06  4.22288e-22 -1.28624e-06 -3.22389e-22  8.08794e-07  3.31419e-22  3.14897e-07 -2.38887e-22 -2.68164e-07  2.02073e-23 -5.91064e-08  5.06803e-23  4.83577e-08 -8.75452e-24  7.50729e-09 -4.80601e-24 -1.82047e-09
 4.16711e-24 -2.65077e-09 -1.47282e-23  4.19444e-08  7.85642e-24 -3.50833e-07  4.72639e-23  1.94221e-06  2.25488e-22 -7.81681e-06 -1.55157e-21  2.39933e-05  4.46109e-21 -5.75402e-05 -1.02312e-20  0.000108602  2.02006e-20 -0.000159638 -3.26568e-20  0.000175534  4.24108e-20 -0.000127469 -4.37956e-20  2.83828e-05  3.45112e-20  6.06874e-05 -1.75062e-20 -7.85677e-05 -4.80747e-22  2.63682e-05  1.20627e-20    3.125e-05 -1.31182e-20 -3.76897e-05  6.73454e-21  3.68621e-06 -3.57952e-22  1.97418e-05 -2.48943e-21 -1.11135e-05  2.72544e-21 -5.71707e-06 -1.52351e-21  7.30525e-06  2.13532e-22  4.39852e-07  3.17912e-22 -3.06736e-06 -6.39794e-22  4.10355e-07  7.78541e-22  9.12921e-07 -3.47266e-22 -1.91678e-07   -7.068e-23 -1.80496e-07  7.71153e-23  2.93184e-08  3.79743e-24  1.46554e-08 -4.61055e-24
 8.75052e-10  1.88195e-23 -2.43636e-08 -3.22217e-23  2.68006e-07 -8.44667e-23 -1.79434e-06  2.25488e-22  8.40438e-06  5.89078e-22 -2.94277e-05 -2.78985e-21  7.97417e-05  6.67148e-21  -0.00016983 -1.46463e-20  0.000284036  2.77132e-20 -0.000364801 -4.19976e-20  0.000336043   5.1327e-20 -0.000172607 -5.14504e-20 -4.38935e-05  4.21242e-20  0.000167913 -2.61043e-20 -0.000123549  8.19799e-21 -1.12783e-05  4.40371e-21  8.74173e-05 -7.08846e-21 -4.91046e-05  4.23139e-21 -2.36544e-05 -1.67581e-21  3.93555e-05 -5.72635e-22 -4.65084e-06  2.20292e-21 -1.78359e-05 -1.75096e-21   7.9175e-06  6.33331e-22  5.44224e-06  3.29305e-22  -4.2429e-06 -1.39284e-21 -1.11817e-06  1.33369e-21  1.37396e-06 -2.77676e-22  1.53284e-07 -2.09627e-22 -2.50132e-07   6.8393e-23 -1.63236e-08  1.81527e-23   1.0741e-08
-1.68623e-23  1.06601e-08  5.64826e-23 -1.68689e-07  1.38182e-23   1.4113e-06  -5.1443e-22 -7.81681e-06  5.89078e-22  3.14857e-05  8.75436e-22 -9.67617e-05 -2.42101e-21  0.000232467  4.79963e-21 -0.000439913 -1.16308e-20  0.000649201  2.17136e-20  -0.00071849 -2.97025e-20  0.000528815   3.2673e-20 -0.000127794  -3.2299e-20 -0.000240525   3.0597e-20  0.000324495 -2.56594e-20  -0.00011879  1.66835e-20 -0.000120449 -9.42649e-21  0.000157484  5.81216e-21 -2.34654e-05 -6.32966e-22 -7.78901e-05 -3.49225e-21  4.98347e-05  1.59502e-21  1.93306e-05   1.4775e-21  -3.0888e-05 -1.86178e-21  8.81742e-07  1.13287e-21  1.22808e-05  9.09905e-22 -2.87083e-06 -2.70076e-21 -3.41451e-06  1.69515e-21  1.15839e-06  4.06328e-23  6.26494e-07 -3.15564e-22 -1.92037e-07  2.21826e-23  -4.9842e-08  2.07401e-23
-3.05988e-09 -6.67766e-23  8.51897e-08  1.02945e-22 -9.37264e-07  4.34208e-22  6.27789e-06 -1.55157e-21 -2.94277e-05  8.75436e-22  0.000103168  3.42972e-22 -0.000280077  1.58979e-21  0.000598109 -2.88208e-21  -0.00100434  8.21472e-22   0.00129805 -1.34262e-21   -0.0012093  8.55918e-21  0.000640853  -1.6304e-20  0.000130355  1.35934e-20 -0.000591706  7.80626e-22  0.000458595 -1.56404e-20  1.55907e-05  2.47089e-20 -0.000305711 -2.96794e-20  0.000190622  2.31886e-20  6.90534e-05 -5.01936e-21 -0.000142385 -5.65953e-21  2.80981e-05  3.14105e-21  5.96264e-05  7.18443e-22  -3.3468e-05 -2.27863e-21 -1.55237e-05  1.48908e-21  1.66459e-05  2.61365e-21  1.97662e-06   -4.267e-21 -5.15432e-06  1.51674e-21  9.87601e-08  4.98735e-22  9.20929e-07  -3.1549e-22 -4.00276e-08 -3.18853e-23 -4.27356e-08
 5.37043e-23 -3.26839e-08 -1.79847e-22  5.17221e-07 -6.30537e-23 -4.32875e-06  1.83923e-21  2.39933e-05 -2.78985e-21 -9.67617e-05  3.42972e-22  0.000297923 -1.54012e-21 -0.000717724  7.58409e-21    0.0013637 -1.02236e-20  -0.00202488   1.4063e-20   0.00226384 -3.16107e-20  -0.00170169  6.08984e-20  0.000462935 -8.06913e-20  0.000712788  7.10105e-20  -0.00102953 -3.70626e-20  0.000424552 -1.22898e-21  0.000339123  3.62101e-20 -0.000505086 -5.57334e-20   0.00011218  3.90604e-20  0.000227555    -5.87e-21 -0.000173661 -7.27056e-21 -4.10639e-05  3.86612e-21  9.90067e-05  3.16475e-22 -1.45221e-05 -3.70213e-21 -3.59964e-05   1.0346e-21  1.37696e-05  5.59863e-21  8.77669e-06 -5.38455e-21 -4.98187e-06   7.1747e-22  -1.3277e-06  8.70399e-22  8.39756e-07 -2.10089e-22  8.87774e-08  -5.4083e-23
 8.27587e-09   1.9132e-22 -2.30379e-07 -3.07449e-22  2.53519e-06 -1.21788e-21 -1.69917e-05  4.46109e-21  7.97417e-05 -2.42101e-21 -0.000280077 -1.54012e-21  0.000762446 -3.55675e-21  -0.00163485   7.5677e-21   0.00276189  -4.3269e-21  -0.00360357  1.46527e-20   0.00341471 -5.54138e-20  -0.00189447  1.10481e-19 -0.000244976 -1.39695e-19    0.0016063  1.20879e-19  -0.00134382 -7.05444e-20    6.119e-05  7.67747e-21  0.000815516  5.81059e-20 -0.000586753  -8.3338e-20 -0.000126553  4.60466e-20  0.000396302  -2.7942e-21 -0.000122149 -7.47778e-21 -0.000145412  4.44187e-21  0.000110338  1.53956e-21  2.63736e-05 -6.48069e-21 -4.98017e-05 -1.11345e-21  2.49013e-06  9.21707e-21  1.42161e-05 -5.39029e-21 -2.68252e-06 -4.03795e-22 -2.35519e-06  9.95966e-22  4.70371e-07 -6.59797e-23  1.08602e-07
-1.38317e-22  7.82589e-08  4.72353e-22 -1.23848e-06  9.20686e-23  1.03701e-05 -4.58684e-21 -5.75402e-05  6.67148e-21  0.000232467  1.58979e-21 -0.000717724 -3.55675e-21   0.00173612  -2.2308e-21  -0.00331853 -7.82704e-21   0.00497244  2.13701e-20  -0.00564294  1.98096e-21   0.00437311 -7.29389e-20  -0.00138243  1.50558e-19  -0.00159488 -1.80078e-19   0.00257258  1.51779e-19  -0.00123395 -9.05324e-20 -0.000686164 -1.26769e-21   0.00127129  9.37321e-20 -0.000411765 -1.02959e-19 -0.000490443  4.03922e-20  0.000479579   1.2196e-21  2.95128e-05 -7.17232e-21 -0.000242783  5.09817e-21  7.49105e-05   6.5126e-21  7.52887e-05 -9.87624e-21 -4.79691e-05 -5.37394e-21 -1.32545e-05  1.22404e-20  1.55861e-05 -4.16427e-21    6.485e-07 -1.40148e-21  -2.5305e-06   8.8105e-22  7.87853e-08  3.47334e-23
-1.75794e-08 -4.47573e-22   4.8925e-07  7.69979e-22 -5.38539e-06  2.66469e-21  3.61272e-05 -1.02312e-20  -0.00016983  4.79963e-21  0.000598109  7.58409e-21  -0.00163485  -2.2308e-21    0.0035265  5.58445e-21  -0.00601071 -3.78681e-20   0.00795166  5.28662e-20  -0.00772125 -1.71002e-21   0.00456054 -1.01001e-19  0.000140924   1.8425e-19  -0.00339344 -1.98731e-19   0.00316793  1.63275e-19 -0.000476831 -9.10005e-20  -0.00166035 -3.71721e-20   0.00145339  1.35263e-19  6.31121e-05 -1.04207e-19  -0.00085037  2.62194e-20  0.000398835  2.99811e-21  0.000243053 -9.10162e-21 -0.000284413  3.65416e-21 -2.34313e-06  1.68034e-20  0.000112027 -1.20288e-20 -2.96391e-05 -1.12409e-20 -2.71662e-05     1.36e-20  1.25422e-05 -2.18244e-21  3.50652e-06 -2.00105e-21 -1.95385e-06  6.27848e-22 -1.14887e-07
 2.92997e-22 -1.47388e-07 -1.02106e-21   2.3324e-06  -1.3897e-23 -1.95429e-05  9.56523e-21  0.000108602 -1.46463e-20 -0.000439913 -2.88208e-21    0.0013637   7.5677e-21  -0.00331853  5.58445e-21   0.00639937  1.83845e-20  -0.00971674 -6.52928e-20    0.0112667  5.79729e-20   -0.0091102  3.47211e-20   0.00343372 -1.53663e-19   0.00261844  2.11445e-19  -0.00509974 -1.98725e-19   0.00294299  1.62179e-19  0.000881846 -6.71912e-20  -0.00251449 -9.69537e-20   0.00117727  1.64104e-19  0.000725576 -8.48873e-20  -0.00104833   1.3703e-20  0.000149676   3.6353e-21   0.00044238  -1.4832e-20  -0.00024646 -4.64324e-21  -9.5548e-05  3.15162e-20  0.000122997 -1.08272e-20 -1.75704e-06 -1.74501e-20 -3.46568e-05  1.29692e-20  6.81527e-06 -1.44256e-22  4.92566e-06  -2.1793e-21 -1.07038e-06  3.24999e-22
 2.92941e-08  8.65766e-22 -8.14917e-07 -1.61174e-21  8.97311e-06 -4.75421e-21 -6.02722e-05  2.02006e-20  0.000284036 -1.16308e-20  -0.00100434 -1.02236e-20   0.00276189 -7.82704e-21  -0.00601071  1.83845e-20    0.0103799  2.86439e-20   -0.0140107 -6.43461e-20    0.0140836  7.70465e-21   -0.0090309  1.23144e-19  0.000836984 -2.21351e-19    0.0054989   2.2223e-19  -0.00603048 -1.88226e-19   0.00172979  1.55639e-19   0.00247746 -1.78918e-20  -0.00288947 -1.60466e-19  0.000458674  1.62684e-19   0.00135735 -5.57636e-20 -0.000993897  1.06491e-20 -0.000193133  9.14244e-21  0.000560145 -2.09749e-20  -0.00014184 -2.40903e-20 -0.000175298  4.67193e-20  0.000107305 -5.16321e-21  2.63549e-05 -2.24731e-20 -3.46583e-05   1.0813e-20  7.62127e-07  1.45134e-21  4.77537e-06 -1.98024e-21 -3.37493e-07
-5.16481e-22  2.15997e-07  1.84199e-21  -3.4176e-06 -4.42904e-22   2.8662e-05  -1.6413e-20 -0.000159638  2.77132e-20  0.000649201  8.21472e-22  -0.00202488  -4.3269e-21   0.00497244 -3.78681e-20  -0.00971674  2.86439e-20    0.0150473  2.68898e-20   -0.0180002 -1.76489e-20    0.0154309 -1.01263e-19  -0.00708239  2.40546e-19  -0.00276452 -2.71521e-19   0.00791641  2.06692e-19  -0.00573642 -1.80953e-19 -0.000202647  1.44957e-19   0.00380193  4.85025e-20    -0.002628 -1.98574e-19 -0.000488807  1.28859e-19   0.00176303 -3.44881e-20 -0.000710709   1.4133e-20 -0.000526808  2.55464e-20  0.000571944 -1.94618e-20 -5.26755e-06  -5.4285e-20 -0.000223803  5.70724e-20  7.32141e-05  4.13224e-21  4.77957e-05 -2.50644e-20 -2.88365e-05  8.00907e-21 -3.80071e-06   2.4519e-21  3.52466e-06  -1.3751e-21
-3.74287e-08 -1.39704e-21  1.04027e-06  2.88586e-21 -1.14586e-05     6.52e-21  7.71144e-05 -3.26568e-20 -0.000364801  2.17136e-20   0.00129805   1.4063e-20  -0.00360357  2.13701e-20   0.00795166 -6.52928e-20   -0.0140107  2.68898e-20    0.0194914  7.77581e-21   -0.0205918  7.28489e-20    0.0146859 -2.41707e-19  -0.00357651  3.39976e-19  -0.00641141 -2.70581e-19    0.0091352  1.71063e-19  -0.00428311 -1.90961e-19  -0.00228233  1.25083e-19   0.00449254  1.12376e-19  -0.00184954  -1.9158e-19  -0.00139325  7.98827e-20   0.00186977 -3.27304e-20 -0.000299087  1.01814e-20 -0.000778336  5.27012e-20  0.000493949  -3.1682e-21  0.000129481 -8.86318e-20  -0.00023754  5.86682e-20  3.14717e-05  1.44072e-20  5.95118e-05 -2.48368e-20 -1.99891e-05   5.3023e-21 -6.00696e-06  2.82477e-21  1.87417e-06
  7.6164e-22 -2.36466e-07 -2.79246e-21  3.73941e-06    1.734e-21 -3.14022e-05  2.23875e-20  0.000175534 -4.19976e-20  -0.00071849 -1.34262e-21   0.00226384  1.46527e-20  -0.00564294  5.28662e-20    0.0112667 -6.43461e-20   -0.0180002  7.77581e-21    0.0225772 -2.72465e-20   -0.0210107  1.87652e-19    0.0119934  -3.6988e-19  0.000521868  3.76674e-19  -0.00913534 -2.08924e-19   0.00895727  1.43164e-19  -0.00219497 -2.22263e-19  -0.00397361  9.09128e-20   0.00450306  1.51413e-19 -0.000830872 -1.42484e-19  -0.00207621   4.2438e-20   0.00172385 -4.68218e-20  0.000137271 -1.72141e-20 -0.000923237  8.28372e-20   0.00035891  2.81527e-20  0.000240909 -1.17425e-19 -0.000221892  5.09887e-20 -8.84779e-06  2.26755e-20  6.15599e-05 -2.25616e-20 -1.08538e-05  3.03343e-21 -5.86966e-06  2.40136e-21
 3.42024e-08  1.88151e-21 -9.48546e-07 -4.42756e-21  1.04507e-05  -6.1987e-21 -7.05548e-05  4.24108e-20  0.000336043 -2.97025e-20   -0.0012093 -3.16107e-20   0.00341471  1.98096e-21  -0.00772125  5.79729e-20    0.0140836 -1.76489e-20   -0.0205918 -2.72465e-20    0.0234766 -7.15361e-20   -0.0192764  2.98623e-19   0.00827066 -4.45207e-19   0.00409461  3.28776e-19   -0.0104786 -1.12591e-19   0.00776803  1.58189e-19 -9.86244e-05 -2.62203e-19  -0.00504611  4.37952e-20   0.00403439  1.52241e-19  0.000182936 -7.36591e-20  -0.00249687  3.67764e-20   0.00141688 -5.82655e-20  0.000533385 -7.46715e-20 -0.000968868  1.04811e-19  0.000197657  6.78278e-20  0.000319203 -1.33019e-19 -0.000185778  3.66878e-20 -4.16247e-05  2.74973e-20  5.58918e-05 -1.97886e-20 -3.49201e-06  1.20705e-21  -3.9859e-06
 -9.3824e-22  1.70471e-07  3.53951e-21 -2.69023e-06  -4.0764e-21  2.26395e-05 -2.34909e-20 -0.000127469   5.1327e-20  0.000528815  8.55918e-21  -0.00170169 -5.54138e-20   0.00437311 -1.71002e-21   -0.0091102  7.70465e-21    0.0154309  7.28489e-20   -0.0210107 -7.15361e-20    0.0221627  -1.1579e-19   -0.0162529  3.77979e-19   0.00470997 -4.42559e-19   0.00647671  2.04105e-19   -0.0106472  -3.4358e-20   0.00619411  2.31435e-19   0.00162992 -2.84841e-19  -0.00557612 -8.34753e-21   0.00333152  1.14013e-19   0.00107287 -1.27908e-20  -0.00269386  6.47012e-20   0.00102584 -4.26189e-20  0.000859884 -1.54261e-19 -0.000933898  1.09251e-19  3.38084e-05  1.07668e-19  0.000362438 -1.33113e-19 -0.000138624  2.00539e-20 -6.36393e-05   2.9766e-20  4.53515e-05 -1.76382e-20  1.00864e-06 -5.51983e-23
-1.72742e-08 -2.09599e-21  4.75045e-07  5.74027e-21 -5.22798e-06  2.52044e-21  3.55727e-05 -4.37956e-20 -0.000172607   3.2673e-20  0.000640853  6.08984e-20  -0.00189447 -7.29389e-20   0.00456054  3.47211e-20   -0.0090309 -1.01263e-19    0.0146859  1.87652e-19   -0.0192764  -1.1579e-19    0.0194772 -1.49977e-19   -0.0131584  4.05768e-19   0.00211305 -3.54461e-19   0.00770673  3.83479e-20   -0.0102054 -2.63921e-20   0.00468962  3.38902e-19   0.00294384 -2.62022e-19  -0.00575218  -5.5411e-20   0.00254694  4.52024e-20     0.001814  1.81285e-20  -0.00271749  1.06456e-19  0.000601741  1.86912e-20   0.00110614 -2.37627e-19 -0.000839369  9.10339e-20 -0.000115962  1.42265e-19  0.000373653 -1.21013e-19  -8.8843e-05  5.41598e-21 -7.41381e-05  3.16262e-20  3.27954e-05 -1.52723e-20  2.29998e-06
 9.56649e-22 -3.68624e-08  -3.6821e-21  5.68917e-07  6.91285e-21 -4.82556e-06  1.72883e-20  2.83828e-05 -5.14504e-20 -0.000127794  -1.6304e-20  0.000462935  1.10481e-19  -0.00138243 -1.01001e-19   0.00343372  1.23144e-19  -0.00708239 -2.41707e-19    0.0119934  2.98623e-19   -0.0162529 -1.49977e-19    0.0166435 -1.66385e-19   -0.0108672  3.73933e-19  0.000565707 -1.89869e-19   0.00826606  -1.1166e-19  -0.00962469 -1.09534e-19   0.00338613  4.25965e-19    0.0039559 -1.76423e-19  -0.00571016 -8.84886e-20   0.00174396 -3.53347e-20   0.00240954  5.64306e-21  -0.00260816  1.28944e-19  0.000180008  1.28995e-19    0.0012717  -3.0561e-19 -0.000705923  5.08237e-20 -0.000241145  1.68715e-19  0.000358766 -1.04011e-19  -4.2999e-05 -4.51767e-21 -7.41104e-05  3.35901e-20  2.05827e-05 -1.10943e-20
-4.67825e-09   1.8875e-21  1.37326e-07 -6.12682e-21 -1.53921e-06  3.79691e-21  1.00955e-05  3.45112e-20 -4.38935e-05  -3.2299e-20  0.000130355 -8.06913e-20 -0.000244976  1.50558e-19  0.000140924 -1.53663e-19  0.000836984  2.40546e-19  -0.00357651  -3.6988e-19   0.00827066  3.77979e-19   -0.0131584 -1.66385e-19    0.0145579  -1.6259e-19  -0.00953765  2.81783e-19 -0.000342327  2.54574e-20   0.00860939 -1.84296e-19  -0.00907535 -2.62803e-19   0.00223075   4.4209e-19   0.00475854 -3.29825e-20  -0.00551186 -1.01958e-19  0.000955417 -9.19616e-20   0.00286506 -5.59187e-20  -0.00240144  1.04379e-19 -0.000214335  2.73995e-19   0.00136309 -3.46987e-19 -0.000551962 -3.11829e-21 -0.000336434  1.85099e-19  0.000324872 -9.03028e-20 -5.50849e-06   -9.669e-21 -6.53692e-05  3.31811e-20  1.06889e-05
-7.90878e-22 -8.11707e-08  3.00962e-21  1.30413e-06 -8.86441e-21  -1.0988e-05 -5.34233e-21  6.06874e-05  4.21242e-20 -0.000240525  1.35934e-20  0.000712788 -1.39695e-19  -0.00159488   1.8425e-19   0.00261844 -2.21351e-19  -0.00276452  3.39976e-19  0.000521868 -4.45207e-19   0.00470997  4.05768e-19   -0.0108672  -1.6259e-19    0.0134023 -1.38488e-19  -0.00880402  1.24163e-19  -0.00104115  2.51573e-19   0.00891412 -1.39531e-19  -0.00853425  -4.4265e-19   0.00117137  3.74641e-19   0.00538473  1.34388e-19  -0.00519617 -9.70465e-20  0.000209296 -7.45534e-20   0.00319192 -1.64841e-19  -0.00212966   2.8777e-20 -0.000565842  4.28408e-19   0.00139079 -3.61267e-19 -0.000392541 -5.64583e-20 -0.000400476  1.91343e-19  0.000278836 -8.58834e-20  2.07524e-05 -1.13782e-20 -5.06153e-05  2.67684e-20
 1.67634e-08 -1.30413e-21 -4.72484e-07  5.11671e-21  5.25544e-06 -9.83591e-21 -3.55402e-05 -1.75062e-20  0.000167913   3.0597e-20 -0.000591706  7.10105e-20    0.0016063 -1.80078e-19  -0.00339344  2.11445e-19    0.0054989 -2.71521e-19  -0.00641141  3.76674e-19   0.00409461 -4.42559e-19   0.00211305  3.73933e-19  -0.00953765 -1.38488e-19    0.0128256 -8.67073e-20  -0.00825407 -1.13556e-19  -0.00170201  4.46932e-19   0.00916252  1.94769e-20  -0.00797041 -6.11368e-19  0.000207403  2.54998e-19   0.00585404  2.66692e-19  -0.00480315 -8.56101e-20 -0.000476479   6.0485e-20   0.00340732 -3.12145e-19  -0.00181926 -7.65049e-20 -0.000866575  5.67254e-19   0.00136669 -3.54986e-19 -0.000239084 -9.49579e-20 -0.000434173  1.92004e-19  0.000227177  -9.2014e-20  3.46904e-05 -1.29511e-20 -3.20545e-05
 5.08208e-22  1.02539e-07 -1.71653e-21 -1.63966e-06  8.54013e-21  1.39157e-05 -7.08661e-21 -7.85677e-05 -2.61043e-20  0.000324495  7.80626e-22  -0.00102953  1.20879e-19   0.00257258 -1.98731e-19  -0.00509974   2.2223e-19   0.00791641 -2.70581e-19  -0.00913534  3.28776e-19   0.00647671 -3.54461e-19  0.000565707  2.81783e-19  -0.00880402 -8.67073e-20    0.0124218  1.19449e-20  -0.00772355 -4.40253e-19  -0.00230134  5.85773e-19   0.00932636  2.46877e-19  -0.00740317 -7.44593e-19 -0.000654048    1.366e-19   0.00619621  2.99158e-19  -0.00436555 -8.92216e-20  -0.00109532  3.21804e-19   0.00352927 -4.81694e-19  -0.00149068 -1.83227e-19  -0.00111367  6.73613e-19   0.00130228 -3.37448e-19 -0.000100363 -1.11086e-19 -0.000440163  1.97649e-19  0.000175706 -1.02129e-19  3.72312e-05 -1.10828e-20
-1.17679e-08  5.97966e-22  3.29447e-07 -2.92171e-21 -3.67932e-06  1.22478e-20  2.53088e-05 -4.80747e-22 -0.000123549 -2.56594e-20  0.000458595 -3.70626e-20  -0.00134382  1.51779e-19   0.00316793 -1.98725e-19  -0.00603048  2.06692e-19    0.0091352 -2.08924e-19   -0.0104786  2.04105e-19   0.00770673 -1.89869e-19 -0.000342327  1.24163e-19  -0.00825407  1.19449e-20    0.0120293  1.75205e-19  -0.00724282 -8.31449e-19  -0.00280434  6.63838e-19   0.00943017  4.75825e-19  -0.00685879 -8.16487e-19  -0.00142309  6.91897e-20   0.00643997  1.90207e-19  -0.00390479 -1.30229e-19  -0.00164632  6.71941e-19   0.00357439 -6.51373e-19  -0.00115933 -2.75118e-19  -0.00130704  7.40824e-19   0.00120856 -3.21022e-19    1.716e-05 -1.07848e-19 -0.000422837   2.1562e-19  0.000127388 -1.00409e-19  2.66583e-05
-2.30344e-22 -3.18052e-08  3.52815e-22  5.07912e-07 -5.69606e-21 -4.42017e-06  1.41669e-20  2.63682e-05  8.19799e-21  -0.00011879 -1.56404e-20  0.000424552 -7.05444e-20  -0.00123395  1.63275e-19   0.00294299 -1.88226e-19  -0.00573642  1.71063e-19   0.00895727 -1.12591e-19   -0.0106472  3.83479e-20   0.00826606  2.54574e-20  -0.00104115 -1.13556e-19  -0.00772355  1.75205e-19    0.0116813  3.94438e-19  -0.00685399 -1.21704e-18  -0.00323184  6.85492e-19   0.00950754  6.42639e-19   -0.0063431 -7.92906e-19  -0.00211442  9.12268e-20   0.00660608 -5.86893e-20  -0.00343578 -2.16922e-19  -0.00213127  1.04678e-18   0.00355737 -7.99127e-19 -0.000837321  -3.4855e-19  -0.00144873   7.7295e-19   0.00109606  -3.2186e-19  0.000110481 -9.43337e-20 -0.000384891  2.33416e-19  8.60954e-05 -8.39579e-20
-1.73049e-09 -6.73755e-23  5.08121e-08  4.60043e-22 -5.48121e-07 -9.68919e-21  3.26007e-06  1.20627e-20 -1.12783e-05  1.66835e-20  1.55907e-05 -1.22898e-21    6.119e-05 -9.05324e-20 -0.000476831  1.62179e-19   0.00172979 -1.80953e-19  -0.00428311  1.43164e-19   0.00776803  -3.4358e-20   -0.0102054  -1.1166e-19   0.00860939  2.51573e-19  -0.00170201 -4.40253e-19  -0.00724282  3.94438e-19    0.0114229  6.23515e-19  -0.00654172 -1.50331e-18  -0.00361638  6.48589e-19   0.00957133  6.97218e-19  -0.00585444 -6.54014e-19  -0.00273836  2.37758e-19   0.00671108 -4.09938e-19  -0.00296954 -3.33541e-19  -0.00255335  1.39171e-18    0.0034917  -9.1258e-19 -0.000533903  -3.9995e-19  -0.00154306   7.8139e-19  0.000972113 -3.55432e-19  0.000176502 -7.67237e-20 -0.000328925  2.31909e-19  5.69724e-05
 5.25956e-23 -4.26879e-08   5.1591e-22  6.85711e-07  1.64432e-21 -5.74171e-06  -1.3105e-20    3.125e-05  4.40371e-21 -0.000120449  2.47089e-20  0.000339123  7.67747e-21 -0.000686164 -9.10005e-20  0.000881846  1.55639e-19 -0.000202647 -1.90961e-19  -0.00219497  1.58189e-19   0.00619411 -2.63921e-20  -0.00962469 -1.84296e-19   0.00891412  4.46932e-19  -0.00230134 -8.31449e-19  -0.00685399  6.23515e-19     0.011241  7.98634e-19  -0.00627729 -1.61537e-18  -0.00397032   5.4955e-19   0.00962617  6.00915e-19  -0.00539364 -4.27595e-19  -0.00330382  5.40957e-19   0.00676904 -8.18402e-19  -0.00251439 -4.47886e-19  -0.00291719   1.6815e-18   0.00338954 -9.93266e-19 -0.000254392 -4.15468e-19  -0.00159269  7.82105e-19  0.000843458 -4.37501e-19  0.000210472 -4.98728e-20 -0.000263741  1.84999e-19
 8.64843e-09 -1.40085e-22 -2.45153e-07  1.19564e-21  2.73745e-06  3.91141e-21 -1.85398e-05 -1.31182e-20  8.74173e-05 -9.42649e-21 -0.000305711  3.62101e-20  0.000815516 -1.26769e-21  -0.00166035 -6.71912e-20   0.00247746  1.44957e-19  -0.00228233 -2.22263e-19 -9.86244e-05  2.31435e-19   0.00468962 -1.09534e-19  -0.00907535 -1.39531e-19   0.00916252  5.85773e-19  -0.00280434 -1.21704e-18  -0.00654172  7.98634e-19    0.0111088  8.73684e-19  -0.00605169 -1.52505e-18  -0.00429803  4.07335e-19   0.00967906  3.25884e-19  -0.00496136  -1.9192e-19  -0.00381948  1.00795e-18   0.00679222 -1.25307e-18  -0.00207588 -5.31056e-19  -0.00322859   1.9061e-18   0.00325926 -1.05521e-18 -4.47835e-06 -3.70191e-19  -0.00159936  7.98397e-19  0.000720734  -5.5336e-19  0.000217645 -4.51306e-20 -0.000180578
 9.61337e-24  4.77123e-08 -6.75134e-22 -7.69943e-07   1.5495e-21  6.60138e-06  6.20194e-21 -3.76897e-05 -7.08846e-21  0.000157484 -2.96794e-20 -0.000505086  5.81059e-20   0.00127129 -3.71721e-20  -0.00251449 -1.78918e-20   0.00380193  1.25083e-19  -0.00397361 -2.62203e-19   0.00162992  3.38902e-19   0.00338613 -2.62803e-19  -0.00853425  1.94769e-20   0.00932636  6.63838e-19  -0.00323184 -1.50331e-18  -0.00627729  8.73684e-19    0.0110192  8.37132e-19  -0.00586382  -1.2449e-18  -0.00460666  2.79051e-19   0.00973659 -1.34115e-19  -0.00455716 -2.96811e-20  -0.00429388  1.59074e-18   0.00679057  -1.6924e-18  -0.00165665 -5.64866e-19  -0.00349069  2.04598e-18   0.00310926 -1.12267e-18  0.000208475 -2.50283e-19  -0.00157166  8.58421e-19   0.00060469  -6.4292e-19  0.000197345 -5.52615e-21
-4.22635e-09  9.41805e-23  1.19885e-07 -1.52355e-21 -1.36725e-06   1.3504e-21  9.68599e-06  6.73454e-21 -4.91046e-05  5.81216e-21  0.000190622 -5.57334e-20 -0.000586753  9.37321e-20   0.00145339 -9.69537e-20  -0.00288947  4.85025e-20   0.00449254  9.09128e-20  -0.00504611 -2.84841e-19   0.00294384  4.25965e-19   0.00223075  -4.4265e-19  -0.00797041  2.46877e-19   0.00943017  6.85492e-19  -0.00361638 -1.61537e-18  -0.00605169  8.37132e-19    0.0109727  6.96923e-19  -0.00570951  -8.0442e-19  -0.00490317  2.44752e-19    0.0098039 -7.48586e-19  -0.00417953  3.72483e-20  -0.00473461  2.18399e-18   0.00677086 -2.10662e-18  -0.00126112 -5.32695e-19  -0.00370696  2.07346e-18   0.00295127 -1.21847e-18  0.000386355 -8.09881e-20  -0.00151097  9.34438e-19  0.000488951 -6.07955e-19  0.000113264
-5.50384e-24 -1.87764e-09  3.48557e-22  3.51837e-08 -2.52026e-21 -4.24934e-07  6.53284e-22  3.68621e-06  4.23139e-21 -2.34654e-05  2.31886e-20   0.00011218  -8.3338e-20 -0.000411765  1.35263e-19   0.00117727 -1.60466e-19    -0.002628  1.12376e-19   0.00450306  4.37952e-20  -0.00557612 -2.62022e-19    0.0039559   4.4209e-19   0.00117137 -6.11368e-19  -0.00740317  4.75825e-19   0.00950754  6.48589e-19  -0.00397032 -1.52505e-18  -0.00586382  6.96923e-19    0.0109669  4.55967e-19  -0.00558473 -2.40234e-19  -0.00519313  3.67772e-19   0.00988489 -1.44895e-18  -0.00382702  6.98494e-20  -0.00514658  2.66641e-18   0.00674163  -2.4473e-18 -0.000893214 -4.19793e-19  -0.00388668  1.97203e-18   0.00278669 -1.35616e-18  0.000528659  1.13778e-19  -0.00140051  9.25781e-19  0.000406784 -5.25692e-19
-2.78645e-09  2.26819e-23  7.89272e-08  8.60017e-22 -8.61479e-07 -3.32291e-21  5.53523e-06 -3.57952e-22 -2.36544e-05 -6.32966e-22  6.90534e-05  3.90604e-20 -0.000126553 -1.02959e-19  6.31121e-05  1.64104e-19  0.000458674 -1.98574e-19  -0.00184954  1.51413e-19   0.00403439 -8.34753e-21  -0.00575218 -1.76423e-19   0.00475854  3.74641e-19  0.000207403 -7.44593e-19  -0.00685879  6.42639e-19   0.00957133   5.4955e-19  -0.00429803  -1.2449e-18  -0.00570951  4.55967e-19    0.0109995  1.09845e-19  -0.00548696  3.87486e-19  -0.00548084  6.55933e-19   0.00998316  -2.1443e-18  -0.00350055  1.53619e-19  -0.00553707  2.94922e-18   0.00671174 -2.64654e-18 -0.000548651 -2.22707e-19  -0.00402898  1.74063e-18   0.00261249 -1.54013e-18  0.000609591  2.77544e-19  -0.00126211  9.01436e-19  0.000356023
-8.00886e-24  -2.6318e-08  3.69097e-23  4.23682e-07  1.60748e-21 -3.57522e-06 -3.44022e-21  1.97418e-05 -1.67581e-21 -7.78901e-05 -5.01936e-21  0.000227555  4.60466e-20 -0.000490443 -1.04207e-19  0.000725576  1.62684e-19 -0.000488807  -1.9158e-19 -0.000830872  1.52241e-19   0.00333152  -5.5411e-20  -0.00571016 -3.29825e-20   0.00538473  2.54998e-19 -0.000654048 -8.16487e-19   -0.0063431  6.97218e-19   0.00962617  4.07335e-19  -0.00460666  -8.0442e-19  -0.00558473  1.09845e-19    0.0110699 -3.26911e-19   -0.0054152  9.75679e-19  -0.00577011  1.04486e-18    0.0101049 -2.73394e-18  -0.00319834  3.07366e-19  -0.00591504  2.98535e-18   0.00667997 -2.64046e-18  -0.00023145  5.50155e-20  -0.00412275  1.47537e-18   0.00245742 -1.89243e-18  0.000631399  4.72817e-19  -0.00112048  6.61096e-19
  3.6437e-09 -7.48306e-23 -1.04077e-07 -4.51348e-23  1.17747e-06  2.37172e-21  -8.1302e-06 -2.48943e-21  3.93555e-05 -3.49225e-21 -0.000142385    -5.87e-21  0.000396302  4.03922e-20  -0.00085037 -8.48873e-20   0.00135735  1.28859e-19  -0.00139325 -1.42484e-19  0.000182936  1.14013e-19   0.00254694 -8.84886e-20  -0.00551186  1.34388e-19   0.00585404    1.366e-19  -0.00142309 -7.92906e-19  -0.00585444  6.00915e-19   0.00967906  2.79051e-19  -0.00490317 -2.40234e-19  -0.00548696 -3.26911e-19    0.0111792 -7.90311e-19  -0.00536935  1.39535e-18  -0.00606742  1.41473e-18    0.0102538 -3.11356e-18  -0.00291588   4.6557e-19  -0.00627839  2.75821e-18   0.00665151 -2.45276e-18   3.8197e-05  4.49979e-19  -0.00419018  1.33402e-18   0.00232919 -2.27258e-18  0.000648219  3.12251e-19 -0.000805088
 7.15062e-24  1.24393e-08 -1.94481e-22 -2.06009e-07 -2.83597e-22  1.84011e-06  2.81255e-21 -1.11135e-05 -5.72635e-22  4.98347e-05 -5.65953e-21 -0.000173661  -2.7942e-21  0.000479579  2.62194e-20  -0.00104833 -5.57636e-20   0.00176303  7.98827e-20  -0.00207621 -7.36591e-20   0.00107287  4.52024e-20   0.00174396 -1.01958e-19  -0.00519617  2.66692e-19   0.00619621  6.91897e-20  -0.00211442 -6.54014e-19  -0.00539364  3.25884e-19   0.00973659  2.44752e-19  -0.00519313  3.87486e-19   -0.0054152 -7.90311e-19    0.0113295  -1.1687e-18  -0.00534708  1.55851e-18  -0.00637652  1.64246e-18    0.0104301  -3.2094e-18  -0.00266063  5.73384e-19   -0.0066293  2.29057e-18   0.00665223 -2.23761e-18  0.000275904  9.61395e-19  -0.00424892  1.50718e-18   0.00215615 -2.63001e-18  0.000529143  6.97165e-19
 1.58578e-11  4.83301e-23   4.2454e-10 -3.24014e-22  -3.0031e-08 -6.70388e-22   5.0782e-07  2.72544e-21 -4.65084e-06  1.59502e-21  2.80981e-05 -7.27056e-21 -0.000122149   1.2196e-21  0.000398835   1.3703e-20 -0.000993897 -3.44881e-20   0.00186977   4.2438e-20  -0.00249687 -1.27908e-20     0.001814 -3.53347e-20  0.000955417 -9.70465e-20  -0.00480315  2.99158e-19   0.00643997  9.12268e-20  -0.00273836 -4.27595e-19  -0.00496136 -1.34115e-19    0.0098039  3.67772e-19  -0.00548084  9.75679e-19  -0.00536935  -1.1687e-18    0.0115211 -1.35751e-18  -0.00534943  1.49175e-18  -0.00669688  1.66504e-18    0.0106468 -3.03771e-18  -0.00243794  6.75664e-19  -0.00699516   1.6725e-18   0.00667223 -2.23684e-18  0.000509133  1.56685e-18   -0.0042084  1.81203e-18    0.0019965 -2.61318e-18  7.28257e-05
 1.16466e-24  8.88251e-09  1.33765e-22 -1.39911e-07 -3.91905e-22  1.12698e-06 -1.12557e-21 -5.71707e-06  2.20292e-21  1.93306e-05  3.14105e-21 -4.10639e-05 -7.47778e-21  2.95128e-05  2.99811e-21  0.000149676  1.06491e-20 -0.000710709 -3.27304e-20   0.00172385  3.67764e-20  -0.00269386  1.81285e-20   0.00240954 -9.19616e-20  0.000209296 -8.56101e-20  -0.00436555  1.90207e-19   0.00660608  2.37758e-19  -0.00330382  -1.9192e-19  -0.00455716 -7.48586e-19   0.00988489  6.55933e-19  -0.00577011  1.39535e-18  -0.00534708 -1.35751e-18    0.0117582 -1.33989e-18  -0.00538303  1.34061e-18  -0.00704083  1.50322e-18    0.0109172 -2.72576e-18  -0.00222492  9.16959e-19  -0.00736867  1.01388e-18   0.00667263 -2.78711e-18  0.000639374  2.54274e-18  -0.00405499  1.76535e-18    0.0020912 -2.71629e-18
-1.81171e-09 -2.87538e-24  5.16252e-08  2.55647e-22 -5.76163e-07 -3.28544e-22  3.86752e-06 -1.52351e-21 -1.78359e-05   1.4775e-21  5.96264e-05  3.86612e-21 -0.000145412 -7.17232e-21  0.000243053   3.6353e-21 -0.000193133   1.4133e-20 -0.000299087 -4.68218e-20   0.00141688  6.47012e-20  -0.00271749  5.64306e-21   0.00286506 -7.45534e-20 -0.000476479 -8.92216e-20  -0.00390479 -5.86893e-20   0.00671108  5.40957e-19  -0.00381948 -2.96811e-20  -0.00417953 -1.44895e-18   0.00998316  1.04486e-18  -0.00606742  1.55851e-18  -0.00534943 -1.33989e-18    0.0120509 -1.21741e-18  -0.00544271  1.28409e-18   -0.0074216  1.19874e-18    0.0112239 -2.42333e-18  -0.00203178  1.47151e-18  -0.00769509  3.20401e-19   0.00673892 -3.82452e-18  0.000613436  3.01454e-18  -0.00406475  2.78693e-18   0.00203093
-5.10682e-24 -8.73236e-09 -2.14408e-23  1.43763e-07  3.79113e-22  -1.2572e-06 -1.14816e-22  7.30525e-06 -1.75096e-21  -3.0888e-05  7.18443e-22  9.90067e-05  4.44187e-21 -0.000242783 -9.10162e-21   0.00044238  9.14244e-21 -0.000526808  1.01814e-20  0.000137271 -5.82655e-20   0.00102584  1.06456e-19  -0.00260816 -5.59187e-20   0.00319192   6.0485e-20  -0.00109532 -1.30229e-19  -0.00343578 -4.09938e-19   0.00676904  1.00795e-18  -0.00429388  3.72483e-20  -0.00382702  -2.1443e-18    0.0101049  1.41473e-18  -0.00637652  1.49175e-18  -0.00538303 -1.21741e-18    0.0123986 -1.13553e-18  -0.00552309  1.41804e-18  -0.00781902  7.54043e-19    0.0115803 -2.22628e-18  -0.00192897  2.36095e-18    -0.008052  2.10831e-19   0.00698178 -6.21446e-18  0.000675286  4.36746e-18  -0.00392916  1.03358e-18
 4.96866e-10 -1.66906e-23 -1.49608e-08 -6.27008e-23  1.84217e-07  4.49642e-22 -1.42529e-06  2.13532e-22   7.9175e-06 -1.86178e-21  -3.3468e-05  3.16475e-22  0.000110338  5.09817e-21 -0.000284413  -1.4832e-20  0.000560145  2.55464e-20 -0.000778336 -1.72141e-20  0.000533385 -4.26189e-20  0.000601741  1.28944e-19  -0.00240144 -1.64841e-19   0.00340732  3.21804e-19  -0.00164632 -2.16922e-19  -0.00296954 -8.18402e-19   0.00679222  1.59074e-18  -0.00473461  6.98494e-20  -0.00350055 -2.73394e-18    0.0102538  1.64246e-18  -0.00669688  1.34061e-18  -0.00544271 -1.13553e-18    0.0128008 -1.17264e-18  -0.00565569   1.7306e-18  -0.00824051  1.61075e-19    0.0120733 -2.29477e-18  -0.00186589  3.81933e-18  -0.00855849  2.96634e-19   0.00709975 -7.13816e-18  0.000797867  2.20905e-18  -0.00251497
 3.17244e-24 -1.73504e-09 -3.08519e-23  2.45803e-08 -1.24268e-22 -1.57939e-07  4.22288e-22  4.39852e-07  6.33331e-22  8.81742e-07 -2.27863e-21 -1.45221e-05  1.53956e-21  7.49105e-05  3.65416e-21  -0.00024646 -2.09749e-20  0.000571944  5.27012e-20 -0.000923237 -7.46715e-20  0.000859884  1.86912e-20  0.000180008  1.04379e-19  -0.00212966 -3.12145e-19   0.00352927  6.71941e-19  -0.00213127 -3.33541e-19  -0.00251439 -1.25307e-18   0.00679057  2.18399e-18  -0.00514658  1.53619e-19  -0.00319834 -3.11356e-18    0.0104301  1.66504e-18  -0.00704083  1.28409e-18  -0.00552309 -1.17264e-18    0.0132959 -1.29369e-18  -0.00584931  2.18653e-18  -0.00877081 -6.22761e-19    0.0126671 -2.57882e-18  -0.00169661  5.39504e-18  -0.00894308  1.39219e-18   0.00702351 -9.33932e-18 -0.000293528  7.15748e-18
 6.60178e-10  1.13018e-23 -1.85604e-08 -3.66982e-23  2.01407e-07  -1.9926e-22 -1.28624e-06  3.17912e-22  5.44224e-06  1.13287e-21 -1.55237e-05 -3.70213e-21  2.63736e-05   6.5126e-21 -2.34313e-06 -4.64324e-21  -0.00014184 -1.94618e-20  0.000493949  8.28372e-20 -0.000968868 -1.54261e-19   0.00110614  1.28995e-19 -0.000214335   2.8777e-20  -0.00181926 -4.81694e-19   0.00357439  1.04678e-18  -0.00255335 -4.47886e-19  -0.00207588  -1.6924e-18   0.00677086  2.66641e-18  -0.00553707  3.07366e-19  -0.00291588  -3.2094e-18    0.0106468  1.50322e-18   -0.0074216  1.41804e-18  -0.00565569 -1.29369e-18    0.0139011 -1.39491e-18  -0.00603295   2.6978e-18  -0.00937882 -1.40288e-18    0.0132124 -3.57835e-18  -0.00170558   7.4838e-18  -0.00894112  2.42752e-18   0.00780594  -1.0469e-17    -0.002358
-1.62927e-25  3.89099e-09  2.25423e-23 -6.35723e-08 -1.29323e-23  5.45722e-07 -3.22389e-22 -3.06736e-06  3.29305e-22  1.22808e-05  1.48908e-21 -3.59964e-05 -6.48069e-21  7.52887e-05  1.68034e-20  -9.5548e-05 -2.40903e-20 -5.26755e-06  -3.1682e-21   0.00035891  1.04811e-19 -0.000933898 -2.37627e-19    0.0012717  2.73995e-19 -0.000565842 -7.65049e-20  -0.00149068 -6.51373e-19   0.00355737  1.39171e-18  -0.00291719 -5.31056e-19  -0.00165665 -2.10662e-18   0.00674163  2.94922e-18  -0.00591504   4.6557e-19  -0.00266063 -3.03771e-18    0.0109172  1.19874e-18  -0.00781902   1.7306e-18  -0.00584931 -1.39491e-18    0.0145571 -1.56778e-18  -0.00626101  3.57308e-18  -0.00988358 -2.18526e-18     0.013989 -6.97733e-18  -0.00231538  1.28999e-17   -0.0094442   6.1164e-19   0.00959004  -1.1494e-17
-3.01768e-10 -9.20728e-25   9.0437e-09  2.56746e-23 -1.08851e-07  8.50177e-23  8.08794e-07 -6.39794e-22  -4.2429e-06  9.09905e-22  1.66459e-05   1.0346e-21 -4.98017e-05 -9.87624e-21  0.000112027  3.15162e-20 -0.000175298  -5.4285e-20  0.000129481  2.81527e-20  0.000197657  1.09251e-19 -0.000839369  -3.0561e-19   0.00136309  4.28408e-19 -0.000866575 -1.83227e-19  -0.00115933 -7.99127e-19    0.0034917   1.6815e-18  -0.00322859 -5.64866e-19  -0.00126112  -2.4473e-18   0.00671174  2.98535e-18  -0.00627839  5.73384e-19  -0.00243794 -2.72576e-18    0.0112239  7.54043e-19  -0.00824051  2.18653e-18  -0.00603295 -1.56778e-18    0.0153251  -1.7461e-18  -0.00674871  5.04166e-18   -0.0105193 -3.54399e-18    0.0154364 -9.24654e-18  -0.00254844  9.60884e-18   -0.0111883  1.24746e-17   0.00864967
-9.35481e-25  6.74358e-11 -4.47067e-25  9.35687e-10 -4.17448e-24 -3.46856e-08  3.31419e-22  4.10355e-07 -1.39284e-21 -2.87083e-06  2.61365e-21  1.37696e-05 -1.11345e-21 -4.79691e-05 -1.20288e-20  0.000122997  4.67193e-20 -0.000223803 -8.86318e-20  0.000240909  6.78278e-20  3.38084e-05  9.10339e-20 -0.000705923 -3.46987e-19   0.00139079  5.67254e-19  -0.00111367 -2.75118e-19 -0.000837321  -9.1258e-19   0.00338954   1.9061e-18  -0.00349069 -5.32695e-19 -0.000893214 -2.64654e-18   0.00667997  2.75821e-18   -0.0066293  6.75664e-19  -0.00222492 -2.42333e-18    0.0115803  1.61075e-19  -0.00877081   2.6978e-18  -0.00626101  -1.7461e-18    0.0164491  -2.3368e-18   -0.0073111  6.84743e-18   -0.0118288  -5.3665e-19    0.0169341 -2.26081e-17  -0.00204455   2.6096e-17  -0.00976077 -1.27704e-17
