   0.0200642 -5.34272e-17   -0.0254276  1.98285e-16  -0.00650347 -1.92692e-16   0.00170853 -6.12723e-17   0.00256472  1.68235e-16   0.00154257 -1.52203e-17  0.000656414  -4.2262e-17   0.00020293  3.18971e-18  3.11573e-05  2.32921e-18  -1.4366e-05 -2.12812e-18 -1.73936e-05 -2.31254e-19  -1.1285e-05  3.17637e-19  -5.8934e-06  1.42782e-19 -2.71471e-06  1.05235e-19 -1.14359e-06  9.60499e-20 -4.48322e-07  3.84283e-20 -1.65039e-07 -2.61417e-21 -5.72996e-08 -9.89958e-21 -1.87921e-08 -3.71655e-21 -5.82057e-09  1.03446e-21 -1.70026e-09  2.01986e-21 -4.67331e-10  1.40717e-21 -1.20488e-10  7.02986e-22 -2.90203e-11  2.84477e-22 -6.49398e-12   9.6802e-23  -1.3394e-12  2.92432e-23 -2.51416e-13   9.2716e-24 -4.19776e-14  3.77901e-24 -5.93217e-15  1.80227e-24 -6.10287e-16  7.93099e-25 -8.99631e-18  2.77435e-25  1.69249e-17  6.26328e-26  5.89895e-18 -2.26586e-27  1.41025e-18 -1.13235e-26  2.80404e-19 -7.11975e-27  4.90873e-20 -3.03799e-27   7.7512e-21  -1.0242e-27  1.11749e-21 -2.87499e-28  1.48049e-22 -6.89523e-29  1.80848e-23 -1.41981e-29  2.03979e-24 -2.37737e-30  2.12432e-25 -2.20615e-31  2.04036e-26  5.57508e-32   1.8031e-27  4.36524e-32  1.46072e-28  1.74945e-32  1.07897e-29  5.39813e-33  7.20993e-31   1.3879e-33  4.30628e-32  3.05959e-34  2.25362e-33  5.86661e-35  9.95004e-35  9.87279e-36  3.37836e-36  1.46724e-36  5.85023e-38  1.93254e-37  -2.6221e-39  2.25625e-38 -3.31629e-40  2.32474e-39 -2.05319e-41  2.09388e-40 -9.38383e-43  1.62502e-41 -3.41732e-44  1.06667e-42 -1.00821e-45  5.79054e-44  -2.3898e-47   2.5286e-45 -4.42569e-49   8.5449e-47 -6.06978e-51  2.09248e-48 -5.57293e-53  3.22261e-50 -2.71383e-55   1.9797e-52
-5.34272e-17    0.0563686 -1.01194e-16   -0.0310371  2.85176e-16     -0.01937 -3.52444e-16  -0.00351888 -4.77562e-17   0.00233473  2.34311e-16   0.00271043 -1.88396e-17   0.00167727 -5.09758e-17  0.000790511 -2.87942e-18  0.000303435 -4.16996e-18   9.2997e-05 -5.11879e-18  1.90255e-05 -1.18886e-18 -9.07986e-07  4.16368e-20 -3.64288e-06  1.90449e-19 -2.50843e-06  3.04603e-19 -1.26702e-06  2.34452e-19  -5.4319e-07  7.18353e-20 -2.07057e-07 -1.62957e-20 -7.15023e-08 -2.25882e-20 -2.25211e-08 -4.62034e-21 -6.46678e-09  5.81079e-21 -1.68039e-09   6.8441e-21 -3.88185e-10  4.48974e-21 -7.65254e-11  2.25326e-21  -1.1435e-11  9.42006e-22 -5.94378e-13  3.44401e-22   4.0645e-13  1.18552e-22  2.14944e-13  4.29712e-23  7.18784e-14  1.73743e-23  1.96583e-14  7.24894e-24  4.70863e-15  2.74437e-24  1.01607e-15  8.29491e-25   2.0036e-16  1.48425e-25  3.63912e-17 -2.46267e-26  6.11623e-18 -3.71063e-26  9.53695e-19 -2.02307e-26  1.38142e-19 -7.93623e-27  1.85926e-20 -2.51266e-27  2.32361e-21 -6.70853e-28  2.69223e-22 -1.53923e-28  2.88438e-23 -2.99653e-29  2.84616e-24 -4.39748e-30  2.57127e-25  -1.3029e-31  2.10731e-26  2.42351e-31  1.54326e-27  1.27874e-31   9.8206e-29     4.48e-32  5.09896e-30  1.26154e-32    1.746e-31  3.00529e-33 -1.92201e-33  6.18659e-34 -9.94488e-34  1.11329e-34 -1.07936e-34  1.76435e-35 -8.35481e-36  2.47414e-36 -5.27266e-37  3.07529e-37 -2.82345e-38  3.38088e-38 -1.29991e-39  3.26475e-39 -5.15362e-41  2.73662e-40 -1.74984e-42  1.95913e-41 -5.03055e-44  1.17395e-42 -1.20236e-45  5.74516e-44 -2.32306e-47  2.22348e-45 -3.47072e-49  6.47649e-47 -3.71884e-51  1.29205e-48  -2.4633e-53  1.39435e-50 -6.48254e-56
  -0.0254276 -1.01194e-16    0.0769963 -3.90426e-17   -0.0175674  1.86166e-16   -0.0263171 -4.56042e-16   -0.0112958  2.62729e-17  -0.00104449   2.3196e-16    0.0022633 -1.45375e-17   0.00223618 -4.17415e-17   0.00140239 -1.40154e-17  0.000710213 -1.53511e-17  0.000312002 -1.02476e-17  0.000122798  -3.7753e-18  4.41234e-05 -1.09403e-18  1.46984e-05  7.00432e-20  4.62607e-06  5.09627e-19  1.41631e-06  3.49867e-19  4.39865e-07  6.88957e-20  1.44552e-07 -4.78569e-20  5.09882e-08 -3.47016e-20  1.88136e-08  1.85225e-21  6.95234e-09  1.76908e-20  2.48264e-09  1.65072e-20  8.38852e-10  1.02943e-20  2.65502e-10  5.12695e-21  7.84054e-11  2.18076e-21  2.15815e-11  8.35567e-22  5.53849e-12  3.08789e-22  1.32611e-12   1.1756e-22  2.96457e-13  4.64401e-23  6.19147e-14  1.78489e-23  1.20841e-14  6.07531e-24  2.20403e-15  1.60569e-24  3.75528e-16  2.05733e-25  5.97201e-17  -8.7516e-26  8.85201e-18 -8.17801e-26  1.22031e-18 -3.93546e-26  1.55964e-19 -1.42681e-26  1.83927e-20 -4.25326e-27   1.9869e-21 -1.07966e-27   1.9431e-22  -2.3527e-28  1.68441e-23 -4.21919e-29  1.23837e-24 -4.81532e-30  6.81853e-26  5.23448e-31   1.2068e-27  5.88282e-31 -3.42719e-28   2.4703e-31 -6.40201e-29  7.73219e-32 -7.54537e-30  2.00124e-32 -7.15997e-31  4.43317e-33 -5.82935e-32    8.541e-34 -4.17142e-33   1.4445e-34 -2.64949e-34   2.1573e-35 -1.49806e-35  2.85383e-36 -7.53116e-37  3.34303e-37 -3.35208e-38  3.45199e-38  -1.3118e-39  3.11296e-39 -4.46967e-41  2.41784e-40 -1.30865e-42  1.58872e-41 -3.23441e-44  8.63981e-43 -6.58317e-46  3.78252e-44 -1.06392e-47  1.28189e-45 -1.28837e-49  3.14499e-47 -1.05383e-51   4.8367e-49 -4.59825e-54  2.94398e-51
 1.98285e-16   -0.0310371 -3.90426e-17    0.0727581  1.53138e-16 -0.000666083 -1.78038e-17   -0.0248896 -4.45111e-16   -0.0169304  1.18581e-16  -0.00572439  2.06958e-16   0.00016764   8.0661e-18   0.00179791 -2.36981e-17   0.00159849 -2.42975e-17   0.00100505 -2.61469e-17  0.000530888 -1.65749e-17  0.000250574 -7.73497e-18  0.000109118 -2.81249e-18  4.47351e-05 -1.81352e-19  1.75064e-05  6.16366e-19  6.59965e-06  3.52987e-19   2.4086e-06 -3.72981e-21  8.51911e-07 -9.72946e-20  2.91423e-07 -3.86615e-20  9.60296e-08  2.14547e-20  3.03344e-08  3.97811e-20  9.14213e-09  3.23677e-20  2.61778e-09  1.93057e-20  7.09759e-10  9.48568e-21  1.81723e-10  4.06945e-21  4.38431e-11  1.60616e-21  9.94997e-12  6.16028e-22  2.12074e-12  2.37673e-22  4.23854e-13  9.10057e-23  7.92944e-14  3.26764e-23  1.38554e-14  1.01151e-23  2.25473e-15  2.30724e-24  3.40332e-16  1.46887e-25  4.73617e-17 -2.02062e-25  6.01902e-18 -1.40604e-25   6.8713e-19 -6.05598e-26  6.82059e-20  -2.0385e-26  5.42905e-21 -5.73014e-27  2.46713e-22 -1.37906e-27 -1.92809e-23 -2.81689e-28 -7.19042e-24   -4.442e-29  -1.2416e-24 -2.61285e-30 -1.66028e-25  1.76205e-30 -1.89577e-26  1.02546e-30 -1.91446e-27   3.6708e-31 -1.73672e-28  1.04162e-31  -1.4256e-29  2.49194e-32 -1.06199e-30  5.14878e-33 -7.18162e-32  9.30151e-34 -4.40133e-33  1.48014e-34 -2.43667e-34  2.08373e-35  -1.2128e-35  2.59855e-36 -5.39245e-37  2.86347e-37 -2.12432e-38  2.76897e-38 -7.33759e-40  2.32281e-39 -2.19288e-41  1.66402e-40 -5.57388e-43   9.9823e-42 -1.17777e-44  4.89433e-43 -2.00371e-46  1.89889e-44  -2.6156e-48  5.54381e-46 -2.41808e-50  1.10649e-47 -1.35276e-52  1.18853e-49 -2.88668e-55
 -0.00650347  2.85176e-16   -0.0175674  1.53138e-16     0.059316  3.43959e-16    0.0102341 -1.82011e-16   -0.0194629 -3.09185e-16   -0.0191833  2.05793e-16   -0.0098621  2.06916e-16  -0.00275762  5.59585e-17  0.000418898  2.35812e-18   0.00117003 -2.59615e-17  0.000977217 -3.15949e-17  0.000609161 -2.17395e-17  0.000324818 -1.15019e-17   0.00015591 -4.29479e-18  6.90908e-05 -4.01248e-19  2.86661e-05   5.5188e-19  1.12235e-05  1.81382e-19  4.16324e-06 -1.57399e-19  1.46526e-06 -1.55666e-19  4.89231e-07 -2.58537e-20  1.54792e-07  5.86001e-20  4.63366e-08  7.34856e-20  1.30993e-08  5.44122e-20  3.49054e-09  3.11729e-20  8.75008e-10  1.50724e-20  2.05923e-10  6.48356e-21  4.53894e-11  2.60147e-21  9.34377e-12  1.01321e-21  1.78967e-12  3.88478e-22  3.17242e-13  1.43263e-22  5.16198e-14  4.81435e-23  7.60476e-15  1.35109e-23  9.88323e-16  2.55301e-24  1.06726e-16 -8.52639e-26  7.81422e-18  -3.5581e-25 -1.51745e-19  -2.0058e-25 -2.02076e-19 -7.82109e-26 -5.01587e-20 -2.45358e-26 -9.10687e-21 -6.50377e-27  -1.3953e-21  -1.4746e-27 -1.89014e-22 -2.75944e-28 -2.31069e-23 -3.46481e-29 -2.57546e-24  1.88797e-30 -2.63098e-25  3.25669e-30 -2.46947e-26  1.41757e-30 -2.13108e-27  4.48125e-31 -1.68979e-28  1.16451e-31 -1.22903e-29  2.58676e-32 -8.17775e-31  4.99785e-33 -4.95975e-32  8.47948e-34 -2.72896e-33  1.27055e-34 -1.35413e-34  1.68586e-35 -6.01462e-36  1.97954e-36 -2.36893e-37  2.04721e-37 -8.17506e-39  1.84768e-38 -2.43385e-40   1.4358e-39  -6.1235e-42  9.44064e-41 -1.26516e-43  5.14035e-42 -2.05629e-45  2.25479e-43 -2.44528e-47  7.65873e-45 -1.82439e-49  1.88176e-46 -4.67436e-52  2.88904e-48  3.14204e-54  1.74026e-50
-1.92692e-16     -0.01937  1.86166e-16 -0.000666083  3.43959e-16    0.0487336  3.74545e-16    0.0156987 -2.46385e-16   -0.0135625 -1.12499e-16   -0.0189387  2.85895e-16   -0.0126875  2.50928e-16  -0.00569268  1.25736e-16  -0.00151474  3.96713e-17  0.000180649 -1.38978e-17   0.00056122 -2.88393e-17   0.00046483 -2.33346e-17  0.000285584 -1.32798e-17  0.000149367 -4.81355e-18  6.98312e-05 -5.25111e-19   2.9855e-05  2.35775e-19  1.18123e-05 -1.95345e-19  4.35283e-06   -3.815e-19  1.49875e-06 -2.08454e-19  4.82787e-07  1.07933e-20  1.45489e-07  1.14496e-19  4.09724e-08  1.17353e-19  1.07615e-08  8.07853e-20  2.62795e-09  4.45954e-20  5.93818e-10  2.11933e-20   1.2323e-10   9.0966e-21  2.31892e-11  3.67081e-21  3.86326e-12  1.42986e-21   5.3976e-13  5.37869e-22   5.3113e-14  1.89817e-22 -1.86232e-16  5.94419e-23 -1.83348e-15  1.49083e-23 -6.08532e-16  2.11386e-24 -1.43883e-16 -4.67367e-25 -2.85817e-17 -5.12786e-25  -5.0235e-18 -2.45711e-25 -7.99138e-19 -8.75479e-26 -1.16411e-19 -2.56662e-26 -1.56287e-20 -6.40145e-27 -1.94075e-21 -1.35115e-27 -2.23322e-22 -2.22027e-28 -2.38281e-23 -1.62142e-29 -2.35682e-24  7.19818e-30 -2.15872e-25  4.50946e-30 -1.82788e-26  1.63693e-30 -1.42732e-27  4.66454e-31 -1.02454e-28  1.11816e-31 -6.73289e-30  2.31453e-32 -4.02981e-31  4.19053e-33 -2.18227e-32  6.68534e-34 -1.06007e-33  9.43594e-35 -4.56598e-35  1.17936e-35 -1.71541e-36  1.30169e-36 -5.48053e-38  1.25988e-37 -1.42368e-39  1.05734e-38 -2.71464e-41  7.57728e-40 -2.46968e-43  4.54881e-41  5.68547e-45  2.23331e-42  3.19071e-46  8.68142e-44  7.76048e-48  2.53924e-45  1.14857e-49  5.06867e-47   9.7899e-52  5.41501e-49  3.21791e-54
  0.00170853 -3.52444e-16   -0.0263171 -1.78038e-17    0.0102341  3.74545e-16    0.0425322  1.99729e-16    0.0185359 -2.50696e-16  -0.00831992  5.51042e-17   -0.0172343  3.55504e-16   -0.0141265  3.24927e-16  -0.00810549    2.047e-16  -0.00355096  8.69436e-17  -0.00112954  1.03615e-17 -0.000155676 -1.86555e-17  0.000113408  -2.0605e-17  0.000126073 -1.24541e-17  8.06943e-05 -4.41479e-18     4.13e-05 -7.98292e-19  1.83018e-05 -4.56855e-19  7.24333e-06 -7.82358e-19  2.59599e-06  -6.4935e-19  8.47179e-07 -2.38996e-19  2.51714e-07   7.4893e-20  6.77088e-08  1.86055e-19  1.62615e-08  1.66837e-19   3.3802e-09  1.08015e-19  5.60247e-10  5.75826e-20  5.15534e-11  2.68699e-20 -9.74224e-12  1.14552e-20 -7.26597e-12  4.60683e-21 -2.64387e-12  1.77411e-21 -7.55196e-13  6.48371e-22 -1.86369e-13  2.17403e-22 -4.12039e-14  6.28613e-23 -8.30592e-15  1.36867e-23  -1.5415e-15  1.06097e-24 -2.64923e-16 -8.97327e-25 -4.23107e-17 -6.29235e-25 -6.29298e-18 -2.64229e-25 -8.72643e-19 -8.66643e-26 -1.12866e-19 -2.37694e-26 -1.36128e-20  -5.5466e-27 -1.52989e-21 -1.06659e-27 -1.60007e-22  -1.4041e-28 -1.55445e-23   4.4193e-30 -1.39921e-24  1.15364e-29 -1.16315e-25  5.13017e-30 -8.89148e-27  1.62959e-30 -6.21482e-28  4.24038e-31 -3.94125e-29  9.42734e-32 -2.24265e-30  1.82367e-32 -1.12544e-31  3.09939e-33 -4.83269e-33  4.65338e-34 -1.66385e-34  6.18652e-35 -3.71903e-36  7.27556e-36  2.23042e-38  7.53161e-37  7.84303e-39  6.80054e-38  5.00933e-40  5.28562e-39  2.16105e-41  3.47654e-40  7.12557e-43  1.89451e-41  1.83495e-44  8.32238e-43  3.63468e-46  2.83194e-44  5.29267e-48  6.96574e-46  5.16003e-50  1.06703e-47  2.68919e-52  6.34801e-50
-6.12723e-17  -0.00351888 -4.56042e-16   -0.0248896 -1.82011e-16    0.0156987  1.99729e-16    0.0388601 -1.02356e-16    0.0203225  -2.6279e-16  -0.00378166  1.39284e-16   -0.0146962  4.02487e-16    -0.014322  3.97653e-16  -0.00969839  2.75227e-16   -0.0052882  1.34712e-16  -0.00244698  3.84272e-17  -0.00098196 -5.54149e-18 -0.000343899 -1.53424e-17 -0.000104714 -1.02395e-17 -2.74904e-05 -4.06848e-18 -6.29353e-06 -1.72454e-18 -1.44774e-06 -1.64312e-18 -4.99762e-07 -1.54416e-18 -2.71079e-07  -9.1715e-19  -1.5393e-07 -2.29746e-19 -7.72985e-08  1.65547e-19 -3.38616e-08  2.65946e-19 -1.31356e-08  2.15134e-19 -4.58132e-09  1.31855e-19 -1.45329e-09  6.79786e-20 -4.22859e-10   3.1107e-20 -1.13551e-10  1.31118e-20 -2.82684e-11  5.21351e-21 -6.54604e-12  1.96648e-21 -1.41351e-12  6.92239e-22 -2.85135e-13  2.18659e-22 -5.37998e-14  5.75054e-23  -9.5027e-15  1.02527e-23 -1.57191e-15 -2.73708e-25 -2.43525e-16 -1.24597e-24 -3.53225e-17 -6.74258e-25 -4.79339e-18 -2.53285e-25   -6.079e-19 -7.68809e-26 -7.19317e-20 -1.97014e-26 -7.92414e-21 -4.25304e-27  -8.1029e-22 -7.15072e-28 -7.66022e-23 -5.66372e-29 -6.65783e-24  2.10688e-29 -5.27736e-25  1.37206e-29 -3.76789e-26  5.00879e-30 -2.37238e-27  1.42831e-30 -1.26277e-28   3.4235e-31 -5.07975e-30  7.08798e-32 -8.19995e-32  1.28435e-32  9.95788e-33  2.05168e-33   1.3584e-33  2.90023e-34  1.08137e-34  3.62991e-35  6.68715e-36  4.01031e-36  3.43052e-37  3.88335e-37  1.48935e-38  3.25943e-38  5.48527e-40    2.336e-39  1.70051e-41   1.4029e-40  4.36453e-43  6.89446e-42  9.02673e-45  2.68414e-43   1.4412e-46  7.86249e-45  1.65201e-48  1.56895e-46  1.17726e-50  1.66505e-48  3.37348e-53
  0.00256472 -4.77562e-17   -0.0112958 -4.45111e-16   -0.0194629 -2.46385e-16    0.0185359 -1.02356e-16     0.036482 -4.20207e-16    0.0216835 -3.20458e-16  0.000241539  1.35376e-16   -0.0116261  4.12219e-16   -0.0134245  4.39288e-16   -0.0103114  3.19197e-16  -0.00641237  1.68009e-16  -0.00346621  5.84954e-17  -0.00169224  3.91401e-18 -0.000765762  -1.1271e-17 -0.000327621 -9.09892e-18 -0.000134574 -5.12858e-18 -5.36208e-05 -3.73968e-18 -2.08163e-05 -3.30665e-18 -7.86357e-06 -2.37558e-18 -2.87539e-06 -1.12256e-18 -1.01068e-06 -1.65051e-19 -3.39192e-07  2.76385e-19 -1.08094e-07  3.43697e-19 -3.25789e-08  2.54768e-19 -9.26164e-09  1.48401e-19 -2.47928e-09   7.4046e-20 -6.24342e-10  3.31718e-20 -1.47822e-10  1.37611e-20 -3.28956e-11  5.37151e-21 -6.87884e-12  1.96819e-21 -1.35134e-12  6.61724e-22 -2.49303e-13  1.94772e-22 -4.31693e-14  4.54527e-23 -7.01083e-15  5.75892e-24 -1.06667e-15  -1.4789e-24 -1.51805e-16 -1.41993e-24  -2.0166e-17 -6.42042e-25 -2.49325e-18 -2.18838e-25 -2.85719e-19 -6.16546e-26 -3.01685e-20 -1.46886e-26 -2.90839e-21 -2.87178e-27 -2.52174e-22 -3.85368e-28   -1.912e-23   9.4399e-30  -1.1887e-24  3.02963e-29 -4.84736e-26   1.3554e-29  8.35133e-28  4.30457e-30  4.48455e-28  1.11881e-30  6.03368e-29  2.48533e-31  5.91722e-30  4.80709e-32  4.81713e-31  8.17419e-33   3.3919e-32  1.22846e-33  2.09869e-33  1.63497e-34  1.14704e-34  1.92448e-35  5.53456e-36  1.99318e-36  2.34657e-37  1.79988e-37  8.66982e-39  1.39881e-38  2.75709e-40  9.20098e-40  7.41638e-42   5.0166e-41  1.64636e-43  2.20621e-42  2.90922e-45  7.51836e-44   3.8669e-47  1.85062e-45   3.4966e-49   2.8262e-47  1.70911e-51  1.65573e-49
 1.68235e-16   0.00233473  2.62729e-17   -0.0169304 -3.09185e-16   -0.0135625 -2.50696e-16    0.0203225 -4.20207e-16    0.0349115  -6.8696e-16    0.0229071 -4.23999e-16   0.00395358  6.45261e-17  -0.00814541  3.73963e-16   -0.0115499  4.30622e-16  -0.00987673  3.21656e-16  -0.00672027  1.72364e-16  -0.00395752  6.02231e-17  -0.00209987  3.70215e-18  -0.00102754 -1.22326e-17 -0.000470448 -1.13385e-17 -0.000203295 -8.47209e-18 -8.33084e-05  -6.8476e-18 -3.24323e-05 -5.20674e-18 -1.19935e-05 -3.10099e-18 -4.20797e-06 -1.19756e-18 -1.39847e-06 -3.83468e-20 -4.39511e-07  3.94846e-19 -1.30432e-07  4.07647e-19 -3.65071e-08  2.79417e-19 -9.62798e-09  1.55086e-19  -2.3907e-09  7.49064e-20 -5.58545e-10  3.27859e-20 -1.22704e-10  1.33252e-20 -2.53287e-11  5.07237e-21 -4.90842e-12  1.79143e-21 -8.91954e-13  5.69962e-22 -1.51753e-13   1.5401e-22 -2.41204e-14  3.05017e-23 -3.57072e-15   1.5019e-24 -4.90138e-16  -2.2551e-24 -6.19642e-17 -1.39637e-24 -7.13671e-18 -5.50195e-25 -7.34549e-19 -1.71783e-25 -6.49367e-20 -4.49195e-26 -4.43107e-21 -9.84087e-27 -1.29267e-22 -1.67113e-27  2.47633e-23 -1.33736e-28  6.20882e-24  4.89788e-29  9.20063e-25   3.1952e-29  1.09251e-25   1.1639e-29  1.11891e-26  3.31071e-30  1.01654e-27  7.91987e-31  8.29543e-29  1.63786e-31  6.11334e-30  2.96688e-32  4.07461e-31  4.74096e-33  2.45348e-32  6.70627e-34  1.33051e-33  8.39933e-35  6.46613e-35  9.28366e-36  2.79686e-36  8.99058e-37  1.06692e-37  7.54482e-38  3.54663e-39  5.40633e-39  1.01117e-40  3.24723e-40  2.41995e-42  1.59693e-41  4.71652e-44   6.2248e-43  7.15565e-46   1.8255e-44  7.84556e-48  3.63953e-46  5.37512e-50  3.83024e-48  1.48649e-52
  0.00154257  2.34311e-16  -0.00104449  1.18581e-16   -0.0191833 -1.12499e-16  -0.00831992  -2.6279e-16    0.0216835  -6.8696e-16    0.0339589 -8.93197e-16     0.024174  -5.5703e-16   0.00753614 -5.19687e-17  -0.00429485  2.83198e-16  -0.00880518  3.63843e-16   -0.0084221  2.74219e-16  -0.00614851  1.39739e-16  -0.00381983  3.87485e-17  -0.00211322   -9.097e-18  -0.00106607 -2.02224e-17 -0.000497177 -1.77808e-17 -0.000216089 -1.38985e-17   -8.794e-05 -1.04914e-17 -3.35954e-05 -6.91706e-18  -1.2063e-05 -3.52633e-18 -4.07296e-06 -1.09657e-18 -1.29318e-06  1.39767e-19 -3.86018e-07  5.03225e-19 -1.08292e-07  4.47533e-19  -2.8538e-08  2.85445e-19 -7.06015e-09  1.51254e-19 -1.63837e-09  7.07094e-20 -3.56227e-10  3.01682e-20 -7.24553e-11  1.19577e-20 -1.37548e-11  4.41033e-21 -2.42901e-12  1.48935e-21 -3.97011e-13  4.43493e-22 -5.95778e-14  1.07566e-22 -8.09682e-15  1.64231e-23 -9.70727e-16 -1.60843e-24 -9.66178e-17 -2.50843e-24 -6.48149e-18 -1.21685e-24  1.34187e-19  -4.2827e-25  1.48122e-19 -1.23163e-25  3.38235e-20 -2.97638e-26   5.6735e-21 -5.86762e-27  8.03932e-22 -7.86455e-28  1.00741e-22  2.23897e-29  1.13895e-23  6.34244e-29  1.17331e-24  2.81557e-29  1.10681e-25  8.90062e-30  9.58077e-27  2.30568e-30  7.61249e-28  5.11041e-31  5.54614e-29  9.87226e-32  3.69693e-30  1.67803e-32  2.24737e-31  2.52221e-33  1.24055e-32  3.35816e-34  6.18389e-34   3.9541e-35  2.76445e-35  4.09553e-36  1.09868e-36  3.69756e-37  3.83931e-38  2.87268e-38  1.16303e-39  1.88924e-39   2.9974e-41  1.03035e-40  6.40609e-43  4.53526e-42   1.0943e-44  1.54739e-43  1.41101e-46  3.81002e-45  1.24131e-48   5.7945e-47  5.91689e-51  3.32966e-49
-1.52203e-17   0.00271043   2.3196e-16  -0.00572439  2.05793e-16   -0.0189387  5.51042e-17  -0.00378166 -3.20458e-16    0.0229071 -8.93197e-16    0.0335473 -1.05838e-15    0.0256144 -7.04847e-16    0.0111273 -2.01581e-16 -0.000114038   1.4205e-16  -0.00534338   2.4119e-16  -0.00609811  1.78153e-16  -0.00479565  7.19983e-17  -0.00310508  -3.5814e-18  -0.00175799 -3.30714e-17 -0.000895427 -3.43523e-17 -0.000416771 -2.72834e-17 -0.000178905 -2.01507e-17 -7.12276e-05 -1.37538e-17 -2.63923e-05 -7.98901e-18 -9.12037e-06 -3.52104e-18 -2.94278e-06 -8.22804e-19 -8.86989e-07  3.39793e-19  -2.4972e-07   5.8262e-19 -6.56252e-08  4.57123e-19  -1.6076e-08  2.72708e-19 -3.66253e-09  1.38186e-19 -7.73151e-10  6.25002e-20 -1.50317e-10  2.59269e-20 -2.66418e-11    9.975e-21 -4.22419e-12  3.54109e-21  -5.7566e-13  1.13327e-21 -6.03343e-14  3.11292e-22 -2.51635e-15  6.52236e-23  9.07764e-16  5.67946e-24  3.48165e-16 -3.26491e-24  8.18124e-17 -2.32725e-24  1.56438e-17 -9.55129e-25  2.61626e-18 -3.04824e-25  3.93974e-19 -8.08587e-26   5.4187e-20 -1.78627e-26  6.85971e-21 -3.03195e-27  8.02689e-22 -2.32217e-28  8.70128e-23  9.50419e-29  8.74568e-24   6.0219e-29  8.14955e-25  2.17448e-29  7.03425e-26  6.15314e-30  5.61518e-27  1.46679e-30  4.13621e-28  3.02657e-31  2.80336e-29  5.47572e-32  1.74189e-30  8.74591e-33  9.87883e-32  1.23713e-33  5.08612e-33  1.54966e-34   2.3616e-34  1.71282e-35  9.80976e-36  1.65836e-36  3.60901e-37  1.39109e-37  1.16116e-38  9.96412e-39  3.21399e-40  5.98437e-40  7.48747e-42  2.94442e-41  1.42392e-43  1.14889e-42  2.11232e-45  3.37214e-44  2.26873e-47  6.71234e-46  1.52504e-49  6.98888e-48  4.14354e-52
 0.000656414 -1.88396e-17    0.0022633  2.06958e-16   -0.0098621  2.85895e-16   -0.0172343  1.39284e-16  0.000241539 -4.23999e-16     0.024174 -1.05838e-15    0.0336518 -1.20268e-15    0.0273093 -8.59485e-16     0.014786 -3.76582e-16   0.00428712  -4.0215e-17  -0.00141528  7.45235e-17  -0.00319429  4.57061e-17  -0.00291392 -1.92817e-17  -0.00199992  -5.8179e-17  -0.00115777 -6.30049e-17 -0.000590558 -5.12209e-17 -0.000271188 -3.72857e-17 -0.000113458 -2.54929e-17 -4.35505e-05 -1.57546e-17 -1.53982e-05 -8.14268e-18 -5.02448e-06 -3.07862e-18  -1.5133e-06 -4.33293e-19 -4.19999e-07  5.21508e-19 -1.06977e-07  6.18707e-19 -2.48104e-08  4.35931e-19 -5.16079e-09  2.44388e-19 -9.32808e-10  1.18596e-19 -1.35026e-10  5.18618e-20 -1.09709e-11  2.08582e-20  1.74852e-12  7.75029e-21  1.16233e-12  2.62909e-21  3.73208e-13  7.88906e-22  9.41245e-14    1.957e-22  2.05403e-14  3.27706e-23   4.0224e-15 -9.50682e-25  7.19385e-16 -3.66487e-24  1.18639e-16 -1.89131e-24  1.81446e-17 -6.82574e-25  2.58238e-18  -1.9922e-25  3.42709e-19 -4.85659e-26  4.24549e-20 -9.58671e-27  4.91115e-21 -1.26112e-27  5.30398e-22  5.29746e-29   5.3442e-23  1.10328e-28    5.018e-24  4.80794e-29  4.38395e-25  1.50747e-29  3.55642e-26  3.88514e-30  2.67238e-27  8.58205e-31  1.85447e-28  1.65435e-31  1.18418e-29   2.8087e-32  6.92844e-31  4.21957e-33  3.69531e-32  5.61717e-34  1.78567e-33  6.61319e-35  7.75999e-35  6.84781e-36  3.00523e-36  6.17946e-37  1.02547e-37  4.79829e-38  3.03898e-39  3.15452e-39  7.67479e-41  1.72058e-40  1.60972e-42  7.57867e-42  2.70229e-44   2.5883e-43  3.42851e-46  6.37194e-45  2.97113e-48  9.63708e-47  1.39642e-50  5.40245e-49
 -4.2262e-17   0.00167727 -1.45375e-17   0.00016764  2.06916e-16   -0.0126875  3.55504e-16   -0.0146962  1.35376e-16   0.00395358  -5.5703e-16    0.0256144 -1.20268e-15    0.0342537 -1.33632e-15    0.0292604 -1.01612e-15     0.018448  -5.6736e-16   0.00867753 -2.46796e-16   0.00261059 -1.15289e-16 -0.000115165 -1.01874e-16  -0.00085627 -1.16421e-16 -0.000765764 -1.13287e-16 -0.000482622 -9.18522e-17  -0.00025045 -6.63721e-17 -0.000112533  -4.4969e-17  -4.4704e-05 -2.84665e-17 -1.58205e-05 -1.60103e-17 -4.97847e-06 -7.37481e-18 -1.37456e-06 -2.31898e-18  -3.2101e-07  -1.7908e-20 -5.67447e-08   6.4831e-19 -3.77056e-09  6.06486e-19  2.52156e-09  3.89197e-19  1.57957e-09  2.05931e-19  6.12473e-10  9.58271e-20  1.93392e-10  4.04758e-20  5.34373e-11  1.57313e-20  1.33151e-11  5.61386e-21  3.03854e-12  1.80462e-21  6.40816e-13  5.00625e-22  1.25609e-13  1.08271e-22  2.29692e-14  1.16648e-23  3.92826e-15 -3.99547e-24  6.29359e-16 -3.25558e-24  9.45562e-17 -1.37955e-24  1.33295e-17 -4.47284e-25  1.76334e-18 -1.19735e-25  2.18864e-19 -2.65253e-26  2.54745e-20 -4.45847e-27  2.77833e-21 -3.08626e-28  2.83613e-22  1.57793e-28  2.70595e-23  9.51065e-29  2.40887e-24  3.38743e-29  1.99665e-25  9.51512e-30  1.53711e-26  2.25747e-30  1.09587e-27  4.64348e-31  7.21048e-29   8.3847e-32  4.36078e-30  1.33777e-32  2.41257e-31  1.89128e-33  1.21407e-32  2.36829e-34  5.51939e-34  2.61671e-35  2.24817e-35  2.53219e-36  8.12145e-37  2.12274e-37  2.56886e-38  1.51962e-38  6.99806e-40  9.12461e-40  1.60619e-41  4.49095e-41  3.01225e-43   1.7538e-42   4.4106e-45  5.15042e-44   4.6796e-47  1.02266e-45  3.10959e-49  1.05024e-47  8.35736e-52
  0.00020293 -5.09758e-17   0.00223618   8.0661e-18  -0.00275762  2.50928e-16   -0.0141265  4.02487e-16   -0.0116261  6.45261e-17   0.00753614 -7.04847e-16    0.0273093 -1.33632e-15    0.0352859 -1.46061e-15    0.0313483 -1.16805e-15    0.0218965 -7.58808e-16    0.0126994 -4.54334e-16   0.00628404 -3.01348e-16   0.00269352 -2.39665e-16    0.0010126 -2.01144e-16  0.000342071 -1.57811e-16  0.000111048 -1.13205e-16  3.98501e-05 -7.60251e-17  1.77897e-05 -4.83689e-17  9.22127e-06  -2.8422e-17  4.79925e-06 -1.45768e-17  2.31897e-06 -5.93566e-18  1.01752e-06 -1.43485e-18    4.052e-07  3.35199e-19   1.4723e-07  6.99828e-19  4.91099e-08  5.51536e-19  1.51202e-08  3.26107e-19  4.31652e-09  1.63505e-19  1.14683e-09  7.30278e-20  2.84411e-10  2.97504e-20   6.5994e-11  1.11307e-20  1.43548e-11  3.79027e-21  2.93135e-12  1.14276e-21  5.62612e-13   2.8713e-22  1.01575e-13  5.05018e-23  1.72603e-14  2.85352e-25  2.76141e-15 -4.60158e-24  4.15991e-16 -2.49297e-24  5.90001e-17 -9.15895e-25  7.87584e-18 -2.69868e-25  9.88971e-19 -6.60422e-26  1.16731e-19 -1.29713e-26  1.29384e-20 -1.64561e-27  1.34508e-21  1.08355e-28  1.30963e-22  1.63681e-28  1.19215e-23  6.95104e-29  1.01253e-24  2.15582e-29  8.00455e-26  5.52009e-30  5.87367e-27  1.21413e-30   3.9876e-28  2.33386e-31  2.49512e-29  3.95541e-32  1.43255e-30  5.93627e-33   7.5073e-32   7.8977e-34  3.56854e-33  9.29356e-35  1.52706e-34  9.61779e-36  5.82886e-36  8.67302e-37  1.96207e-37  6.72969e-38  5.74039e-39  4.42207e-39  1.43226e-40  2.41189e-40  2.96997e-42  1.06296e-41  4.93245e-44  3.63305e-43   6.1949e-46  8.93747e-45  5.31723e-48  1.34176e-46  2.47625e-50  7.28509e-49
 3.18971e-18  0.000790511 -4.17415e-17   0.00179791  5.59585e-17  -0.00569268  3.24927e-16    -0.014322  4.12219e-16  -0.00814541 -5.19687e-17    0.0111273 -8.59485e-16    0.0292604 -1.46061e-15    0.0365784 -1.57092e-15    0.0333053 -1.30398e-15    0.0247772 -9.30731e-16    0.0159252 -6.36315e-16   0.00916372  -4.5649e-16   0.00484869 -3.45867e-16   0.00241036 -2.59766e-16   0.00114443 -1.84415e-16  0.000524286 -1.23193e-16  0.000232502 -7.82702e-17  9.95509e-05 -4.69468e-17  4.09132e-05 -2.56264e-17  1.60331e-05 -1.19496e-17  5.95738e-06 -4.20655e-18  2.09038e-06 -6.16452e-19  6.90939e-07  5.68776e-19  2.14852e-07  6.76675e-19  6.28252e-08  4.67365e-19  1.72767e-08  2.57051e-19  4.46987e-09  1.22548e-19  1.08861e-09  5.25607e-20  2.49715e-10   2.0609e-20  5.39831e-11  7.38769e-21  1.10033e-11  2.38183e-21  2.11547e-12  6.64303e-22  3.83732e-13  1.46146e-22   6.5682e-14  1.73882e-23  1.06087e-14 -4.33009e-24  1.61664e-15 -3.93475e-24  2.32364e-16 -1.70442e-24  3.14869e-17  -5.5813e-25  4.01999e-18 -1.50075e-25  4.83175e-19 -3.31744e-26   5.4618e-20 -5.47176e-27  5.79959e-21 -3.15994e-28  5.77655e-22  2.27231e-28  5.38791e-23   1.2888e-28   4.6968e-24  4.51228e-29  3.81792e-25  1.25618e-29  2.88635e-26  2.96337e-30   2.0232e-27  6.07225e-31  1.31025e-28  1.09372e-31  7.80702e-30  1.74227e-32  4.25913e-31  2.46077e-33  2.11522e-32  3.07931e-34  9.49721e-34  3.40009e-35  3.82319e-35   3.2878e-36  1.36582e-36  2.75392e-37  4.27479e-38  1.97007e-38  1.15294e-39  1.18253e-39  2.62123e-41  5.82152e-41  4.87187e-43    2.275e-42  7.07306e-45  6.68229e-44  7.44405e-47  1.32204e-45  4.90822e-49  1.33379e-47  1.30887e-51
 3.11573e-05 -2.87942e-18   0.00140239 -2.36981e-17  0.000418898  1.25736e-16  -0.00810549  3.97653e-16   -0.0134245  3.73963e-16  -0.00429485 -2.01581e-16     0.014786 -1.01612e-15    0.0313483 -1.57092e-15    0.0378255  -1.6582e-15    0.0347374 -1.40852e-15    0.0266759 -1.06134e-15    0.0179674 -7.68646e-16    0.0109301 -5.60052e-16   0.00612318 -4.07333e-16   0.00319996 -2.86191e-16   0.00157245  -1.9088e-16  0.000729595 -1.21188e-16  0.000320121 -7.33493e-17  0.000132808 -4.15003e-17  5.20515e-05 -2.09986e-17  1.92532e-05 -8.81786e-18  6.71533e-06 -2.55356e-18  2.20747e-06   7.1054e-21  6.83747e-07  6.67931e-19  1.99567e-07  5.96478e-19   5.4901e-08   3.7052e-19  1.42406e-08  1.91047e-19  3.48426e-09  8.68464e-20   8.0448e-10  3.57611e-20  1.75353e-10  1.34566e-20  3.60952e-11  4.59501e-21  7.01836e-12  1.38868e-21  1.28926e-12  3.51096e-22  2.23763e-13  6.32905e-23    3.669e-14   1.4557e-24  5.68245e-15 -5.10116e-24  8.31017e-16 -2.85288e-24    1.147e-16 -1.05928e-24  1.49325e-17 -3.13578e-25  1.83217e-18 -7.66991e-26  2.11666e-19 -1.48992e-26  2.29978e-20 -1.78692e-27  2.34682e-21  1.83743e-28  2.24563e-22  2.10832e-28   2.0112e-23  8.68778e-29   1.6823e-24  2.66036e-29    1.311e-25  6.76101e-30  9.49083e-27  1.47969e-30  6.36163e-28  2.83481e-31  3.93293e-29  4.79383e-32  2.23247e-30   7.1844e-33  1.15736e-31  9.54914e-34  5.44537e-33  1.12281e-34  2.30763e-34  1.16104e-35  8.72725e-36  1.04606e-36  2.91195e-37  8.10982e-38  8.44837e-39  5.32572e-39  2.09117e-40  2.90443e-40  4.30347e-42  1.28063e-41  7.09568e-44  4.37942e-43  8.85094e-46  1.07583e-44   7.5467e-48  1.59944e-46  3.49078e-50  8.32789e-49
 2.32921e-18  0.000303435 -1.40154e-17   0.00159849  2.35812e-18  -0.00151474    2.047e-16  -0.00969839  4.39288e-16   -0.0115499  2.83198e-16 -0.000114038 -3.76582e-16     0.018448 -1.16805e-15    0.0333053  -1.6582e-15    0.0386058 -1.71008e-15     0.035209 -1.46537e-15    0.0272428 -1.13245e-15    0.0185993 -8.35622e-16     0.011472 -6.02805e-16   0.00648952 -4.21803e-16   0.00339949 -2.82047e-16    0.0016592 -1.79618e-16  0.000757353 -1.09318e-16   0.00032404 -6.31335e-17  0.000130136  -3.3625e-17  4.91008e-05 -1.56798e-17  1.74172e-05  -5.8136e-18  5.81215e-06 -1.22459e-18   1.8257e-06  3.89241e-19  5.40171e-07  6.53404e-19   1.5063e-07  4.84902e-19  3.96129e-08  2.75829e-19  9.83019e-09  1.34167e-19  2.30311e-09  5.82674e-20  5.09679e-10  2.30106e-20  1.06579e-10  8.27674e-21  2.10651e-11  2.67235e-21  3.93596e-12  7.46761e-22  6.95289e-13  1.65486e-22  1.16115e-13   2.0565e-23  1.83293e-14 -4.31295e-24  2.73407e-15  -4.1924e-24  3.85202e-16 -1.83743e-24  5.12307e-17 -6.04402e-25  6.42708e-18 -1.62563e-25  7.59884e-19  -3.5691e-26  8.45782e-20 -5.72139e-27  8.85098e-21 -2.37615e-28  8.69548e-22  2.86564e-28  8.00588e-23   1.5243e-28  6.89385e-24  5.23517e-29  5.53912e-25  1.44287e-29  4.14172e-26   3.3821e-30  2.87299e-27  6.90036e-31  1.84221e-28  1.23924e-31  1.08736e-29  1.97027e-32   5.8791e-31  2.77918e-33  2.89489e-32  3.47439e-34  1.28924e-33  3.83291e-35  5.14976e-35  3.70283e-36  1.82613e-36  3.09858e-37  5.67512e-38  2.21482e-38  1.52029e-39  1.32889e-39  3.43413e-41  6.54304e-41  6.34346e-43  2.55842e-42  9.15552e-45  7.51307e-44  9.58227e-47  1.47892e-45  6.28054e-49   1.4581e-47  1.66255e-51
 -1.4366e-05 -4.16996e-18  0.000710213 -2.42975e-17   0.00117003  3.96713e-17  -0.00355096  2.75227e-16   -0.0103114  4.30622e-16  -0.00880518   1.4205e-16   0.00428712  -5.6736e-16    0.0218965 -1.30398e-15    0.0347374 -1.71008e-15    0.0384666 -1.71356e-15    0.0343729  -1.4619e-15    0.0263186 -1.13455e-15    0.0178347 -8.33823e-16    0.0109083 -5.88093e-16    0.0060986 -3.96489e-16   0.00314303 -2.54511e-16   0.00150176 -1.55961e-16  0.000667917 -9.12559e-17  0.000277315 -5.02143e-17  0.000107721 -2.50605e-17  3.92158e-05 -1.06539e-17  1.33995e-05   -3.353e-18  4.30259e-06 -3.17143e-19  1.29979e-06  5.52766e-19  3.69789e-07  5.64777e-19  9.91661e-08   3.6659e-19   2.5087e-08  1.93456e-19  5.99115e-09   8.9198e-20  1.35147e-09  3.70438e-20  2.88101e-10  1.40004e-20  5.80615e-11  4.78822e-21  1.10649e-11  1.44753e-21  1.99424e-12  3.66453e-22   3.3993e-13  6.66164e-23  5.47938e-14  1.98166e-24  8.35025e-15 -5.08384e-24  1.20262e-15 -2.88242e-24  1.63603e-16 -1.07436e-24  2.10086e-17 -3.18157e-25  2.54437e-18 -7.74694e-26   2.9034e-19  -1.4794e-26  3.11785e-20 -1.63534e-27  3.14643e-21  2.60149e-28   2.9791e-22  2.38904e-28  2.64141e-23  9.53453e-29  2.18841e-24  2.87945e-29  1.68993e-25  7.25798e-30  1.21283e-26   1.5798e-30  8.06244e-28  3.01529e-31  4.94518e-29  5.08608e-32  2.78596e-30  7.60932e-33  1.43393e-31  1.01015e-33  6.70025e-33  1.18655e-34  2.82077e-34  1.22573e-35  1.06008e-35   1.1032e-36  3.51579e-37  8.54448e-38  1.01414e-38  5.60733e-39  2.49638e-40   3.0575e-40  5.11025e-42  1.34866e-41  8.38317e-44  4.61349e-43  1.04065e-45  1.13075e-44  8.83384e-48  1.65972e-46  4.05551e-50  8.17267e-49
-2.12812e-18   9.2997e-05 -1.53511e-17   0.00100505 -2.59615e-17  0.000180649  8.69436e-17   -0.0052882  3.19197e-16  -0.00987673  3.63843e-16  -0.00534338  -4.0215e-17   0.00867753 -7.58808e-16    0.0247772 -1.40852e-15     0.035209 -1.71356e-15    0.0370552 -1.65921e-15    0.0320958 -1.39359e-15    0.0240057 -1.06974e-15    0.0159282 -7.72241e-16   0.00953544  -5.2908e-16   0.00520852 -3.44211e-16   0.00261627 -2.13163e-16   0.00121534 -1.26117e-16  0.000524315 -7.09179e-17  0.000210758 -3.70413e-17   7.9143e-05 -1.71926e-17  2.78238e-05 -6.53786e-18  9.17466e-06 -1.59896e-18  2.84194e-06  1.94947e-19  8.28107e-07  5.58998e-19  2.27257e-07  4.43389e-19  5.87971e-08  2.59383e-19  1.43544e-08  1.28203e-19  3.30923e-09  5.62235e-20  7.20853e-10  2.23243e-20   1.4844e-10  8.04741e-21  2.89064e-11  2.59834e-21  5.32439e-12  7.25425e-22  9.27721e-13  1.60752e-22  1.52904e-13  2.01463e-23  2.38342e-14 -4.03836e-24  3.51259e-15 -3.99358e-24  4.89217e-16 -1.75391e-24  6.43522e-17 -5.76746e-25  7.98882e-18  -1.5459e-25  9.35098e-19   -3.356e-26  1.03088e-19 -5.17176e-27  1.06897e-20 -1.00008e-28  1.04105e-21  3.19109e-28  9.50514e-23  1.59406e-28  8.11978e-24  5.36506e-29  6.47455e-25  1.46291e-29  4.80596e-26  3.40565e-30  3.31055e-27  6.91595e-31  2.10864e-28  1.23803e-31  1.23669e-29  1.96399e-32  6.64562e-31  2.76605e-33  3.25318e-32  3.45383e-34  1.44068e-33   3.8061e-35  5.72369e-35  3.67289e-36  2.01917e-36  3.07021e-37  6.24398e-38  2.19259e-38  1.66474e-39  1.31493e-39  3.74331e-41  6.47509e-41  6.88442e-43  2.53297e-42  9.89375e-45  7.43282e-44  1.03139e-46  1.45312e-45  6.74089e-49  1.39032e-47  1.74998e-51
-1.73936e-05 -5.11879e-18  0.000312002 -2.61469e-17  0.000977217 -1.38978e-17  -0.00112954  1.34712e-16  -0.00641237  3.21656e-16   -0.0084221   2.4119e-16  -0.00141528 -2.46796e-16    0.0126994 -9.30731e-16    0.0266759 -1.46537e-15    0.0343729 -1.65921e-15    0.0342423 -1.54504e-15    0.0285221 -1.26619e-15    0.0206513 -9.51083e-16    0.0132984 -6.68721e-16   0.00772993 -4.43688e-16   0.00409757 -2.78999e-16   0.00199557 -1.67152e-16  0.000897865 -9.55438e-17  0.000374832  -5.1493e-17  0.000145694 -2.53785e-17  5.28762e-05 -1.08269e-17  1.79605e-05 -3.55605e-18  5.72119e-06 -5.13689e-19  1.71204e-06  4.07129e-19  4.81991e-07  4.76877e-19  1.27824e-07  3.21186e-19  3.19669e-08  1.72632e-19  7.54573e-09  8.04707e-20  1.68243e-09  3.36339e-20  3.54544e-10  1.27496e-20  7.06476e-11   4.3619e-21  1.33154e-11  1.31666e-21  2.37422e-12  3.32433e-22  4.00509e-13  6.02035e-23  6.39127e-14  1.73699e-24  9.64594e-15 -4.60582e-24  1.37632e-15 -2.60302e-24   1.8556e-16 -9.68152e-25  2.36235e-17 -2.85727e-25  2.83748e-18 -6.90049e-26  3.21224e-19 -1.28719e-26  3.42332e-20 -1.26509e-27  3.42953e-21  3.13197e-28  3.22446e-22  2.40645e-28  2.83981e-23  9.29975e-29  2.33766e-24  2.76827e-29  1.79406e-25  6.91775e-30  1.27995e-26  1.49705e-30  8.46036e-28   2.8459e-31    5.161e-29  4.78698e-32  2.89236e-30  7.14794e-33  1.48123e-31  9.47546e-34  6.88796e-33  1.11167e-34  2.88639e-34  1.14704e-35  1.07993e-35  1.03118e-36  3.56634e-37  7.97828e-38  1.02451e-38  5.23194e-39  2.51199e-40  2.85228e-40  5.12282e-42  1.25855e-41  8.37344e-44  4.30535e-43  1.03533e-45  1.05167e-44  8.76293e-48  1.51808e-46  4.02953e-50  6.92738e-49
-2.31254e-19  1.90255e-05 -1.02476e-17  0.000530888 -3.15949e-17   0.00056122  1.03615e-17  -0.00244698  1.68009e-16  -0.00672027  2.74219e-16  -0.00609811  7.45235e-17   0.00261059 -4.54334e-16    0.0159252 -1.06134e-15    0.0272428  -1.4619e-15    0.0320958 -1.54504e-15    0.0301825 -1.37852e-15    0.0240441 -1.09489e-15     0.016751 -7.98909e-16    0.0104086 -5.44438e-16   0.00584525 -3.49454e-16   0.00299482 -2.12708e-16   0.00140977 -1.23427e-16  0.000613045 -6.80597e-17  0.000247331 -3.49929e-17  9.29038e-05 -1.61351e-17  3.25851e-05 -6.20837e-18  1.06979e-05 -1.63615e-18   3.2944e-06  5.15116e-20  9.53271e-07  4.31782e-19  2.59584e-07  3.62684e-19  6.66065e-08  2.16887e-19  1.61214e-08  1.08506e-19  3.68405e-09  4.79306e-20  7.95433e-10  1.91034e-20  1.62361e-10  6.89287e-21  3.13431e-11  2.22254e-21  5.72405e-12  6.18434e-22  9.89052e-13  1.36222e-22   1.6169e-13  1.67572e-23  2.50052e-14 -3.57572e-24  3.65703e-15 -3.43461e-24  5.05574e-16 -1.49901e-24  6.60295e-17 -4.90724e-25  8.14066e-18 -1.30642e-25  9.46556e-19 -2.79184e-26  1.03685e-19 -4.08139e-27  1.06855e-20  4.47483e-29  1.03449e-21  3.16222e-28   9.3916e-23  1.48922e-28  7.97894e-24  4.91063e-29  6.32882e-25  1.32426e-29  4.67406e-26  3.06097e-30  3.20407e-27  6.18548e-31  2.03129e-28  1.10346e-31  1.18598e-29   1.7463e-32  6.34569e-31  2.45518e-33  3.09349e-32  3.06147e-34   1.3645e-33  3.36953e-35  5.40031e-35  3.24762e-36  1.89808e-36  2.71154e-37  5.84875e-38  1.93462e-38  1.55407e-39  1.15966e-39  3.48307e-41  5.71103e-41  6.38581e-43  2.23474e-42  9.14984e-45  6.54859e-44  9.48984e-47  1.26857e-45  6.20243e-49  1.16681e-47  1.64217e-51
 -1.1285e-05 -1.18886e-18  0.000122798 -1.65749e-17  0.000609161 -2.88393e-17 -0.000155676  3.84272e-17  -0.00346621  1.72364e-16  -0.00614851  1.78153e-16  -0.00319429 -1.15289e-16   0.00628404 -6.36315e-16    0.0179674 -1.13245e-15    0.0263186 -1.39359e-15    0.0285221 -1.37852e-15    0.0252803 -1.17544e-15    0.0191927 -9.00514e-16    0.0128156 -6.35353e-16   0.00765616  -4.1862e-16    0.0041411 -2.59967e-16    0.0020457 -1.53334e-16  0.000929135 -8.61419e-17  0.000390039 -4.56726e-17  0.000151973 -2.22536e-17  5.51524e-05 -9.48155e-18  1.86967e-05  -3.1835e-18  5.93517e-06 -5.47689e-19  1.76794e-06  2.73689e-19  4.95037e-07  3.64059e-19  1.30494e-07  2.52373e-19  3.24249e-08  1.37506e-19  7.60253e-09  6.46074e-20  1.68347e-09  2.71239e-20  3.52304e-10  1.02986e-20  6.97148e-11  3.52037e-21  1.30493e-11  1.05926e-21    2.311e-12  2.65813e-22  3.87253e-13  4.74635e-23  6.13959e-14  1.02262e-24  9.20742e-15 -3.81704e-24  1.30567e-15 -2.12053e-24  1.74983e-16 -7.83103e-25  2.21482e-17  -2.2957e-25   2.6454e-18 -5.47975e-26  2.97863e-19 -9.91378e-27   3.1578e-20 -8.17996e-28  3.14762e-21  3.26442e-28  2.94507e-22  2.17334e-28  2.58164e-23  8.14005e-29  2.11558e-24  2.38794e-29  1.61659e-25  5.91476e-30  1.14853e-26  1.27236e-30  7.56128e-28  2.40863e-31  4.59474e-29  4.03952e-32  2.56545e-30  6.01912e-33  1.30912e-31  7.96637e-34  6.06673e-33  9.33359e-35  2.53385e-34  9.61815e-36  9.45012e-36  8.63578e-37  3.11125e-37   6.6741e-38  8.91151e-39   4.3734e-39  2.17885e-40  2.38377e-40  4.43152e-42  1.05211e-41  7.22488e-44  3.59793e-43   8.9126e-46  8.74691e-45   7.4492e-48  1.23542e-46  3.47538e-50  5.06316e-49
 3.17637e-19 -9.07986e-07  -3.7753e-18  0.000250574 -2.17395e-17   0.00046483 -1.86555e-17  -0.00098196  5.84954e-17  -0.00395752  1.39739e-16  -0.00479565  4.57061e-17 -0.000115165 -3.01348e-16   0.00916372 -7.68646e-16    0.0185993 -1.13455e-15    0.0240057 -1.26619e-15    0.0240441 -1.17544e-15    0.0200756 -9.56404e-16    0.0144954 -7.04588e-16   0.00925503 -4.79438e-16   0.00530424 -3.05164e-16   0.00275823 -1.83467e-16   0.00131192 -1.04892e-16  0.000574361 -5.69424e-17  0.000232617  -2.8883e-17  8.75096e-05 -1.32153e-17  3.06834e-05  -5.1048e-18  1.00558e-05 -1.39904e-18  3.08776e-06 -2.22777e-20  8.90146e-07  3.05454e-19  2.41335e-07  2.68358e-19  6.16246e-08   1.6306e-19  1.48385e-08  8.22786e-20  3.37263e-09  3.65258e-20  7.24174e-10  1.45906e-20  1.46991e-10  5.26339e-21  2.82174e-11  1.69261e-21  5.12458e-12  4.68368e-22   8.8061e-13  1.02006e-22  1.43185e-13  1.20103e-23  2.20264e-14 -2.97636e-24  3.20475e-15 -2.68561e-24   4.4082e-16 -1.15707e-24  5.72913e-17 -3.75787e-25  7.02988e-18 -9.90644e-26  8.13647e-19 -2.07434e-26  8.87302e-20 -2.82748e-27  9.10511e-21  1.50171e-28  8.77834e-22  2.80906e-28   7.9375e-23  1.25339e-28  6.71755e-24  4.05049e-29  5.30848e-25  1.08019e-29  3.90645e-26  2.47871e-30  2.66863e-27   4.9836e-31  1.68621e-28  8.85875e-32  9.81354e-30  1.39838e-32  5.23463e-31  1.96235e-33  2.54428e-32  2.44325e-34  1.11905e-33  2.68543e-35  4.41673e-35  2.58484e-36  1.54827e-36   2.1555e-37  4.75874e-38  1.53639e-38  1.26136e-39  9.20507e-40  2.82053e-41  4.53366e-41  5.16004e-43  1.77423e-42  7.37823e-45  5.18769e-44   7.6468e-47  9.92846e-46  4.75369e-49  8.66469e-48  1.37692e-51
