    0.140449  1.71313e-16   -0.0472107  -1.6267e-16   -0.0321751   -5.942e-17  -0.00230295  1.58387e-17   0.00471068  1.50041e-17   0.00207658    4.489e-18  0.000157267  1.10438e-19 -0.000143764  -4.9723e-19  -5.2283e-05 -1.70305e-19 -6.83328e-06 -1.96041e-20 -2.37972e-07
 1.71313e-16     0.143373  2.22804e-16   -0.0109258 -1.34197e-16   -0.0350334 -8.31755e-17  -0.00849363  2.15285e-18    0.0043773  2.03805e-17   0.00323353  1.08865e-17  0.000649316     1.92e-18 -7.48735e-05 -4.12965e-19 -5.54095e-05 -2.05795e-19  -7.9447e-06 -1.95641e-20
  -0.0472107  2.22804e-16    0.0913686  1.84754e-16   0.00470272 -9.38759e-17   -0.0303338 -1.00879e-16   -0.0121004 -1.92843e-17      0.00281  2.06656e-17   0.00364714  1.60655e-17   0.00112338  4.04601e-18  8.74223e-05  2.30096e-20 -2.28343e-05 -1.25748e-19 -3.33216e-06
 -1.6267e-16   -0.0109258  1.84754e-16    0.0634371    1.569e-16   0.00871657 -6.99245e-17   -0.0261247 -1.20694e-16   -0.0142763 -4.19616e-17  0.000769664  1.62281e-17   0.00336353  1.79319e-17   0.00136103  5.23286e-18  0.000222496  3.92817e-19  9.33106e-06 -3.42796e-20
  -0.0321751 -1.34197e-16   0.00470272    1.569e-16     0.051445  1.60996e-16    0.0104528 -5.40701e-17    -0.022785 -1.37556e-16   -0.0157756 -6.19193e-17  -0.00154729  8.02334e-18   0.00242456  1.56773e-17   0.00122506  4.73701e-18  0.000235309  4.04554e-19  1.41096e-05
  -5.942e-17   -0.0350334 -9.38759e-17   0.00871657  1.60996e-16    0.0448835    1.807e-16     0.011781  -4.0413e-17   -0.0198879  -1.4652e-16   -0.0167953 -7.61293e-17  -0.00395723 -2.28579e-18  0.000995725  1.00009e-17  0.000755716  2.88807e-18  0.000138334  1.75014e-19
 -0.00230295 -8.31755e-17   -0.0303338 -6.99245e-17    0.0104528    1.807e-16    0.0409622  2.02334e-16    0.0131753 -2.64203e-17   -0.0170364  -1.4452e-16   -0.0171861 -8.23452e-17   -0.0060521 -1.22132e-17 -0.000490006  3.32656e-18  0.000215291  9.57317e-19  3.60838e-05
 1.58387e-17  -0.00849363 -1.00879e-16   -0.0261247 -5.40701e-17     0.011781  2.02334e-16    0.0387683  2.18804e-16     0.014968 -1.04353e-17   -0.0137306  -1.2966e-16   -0.0164423 -7.89333e-17  -0.00712737  -1.8276e-17  -0.00141608 -1.20585e-18 -9.22341e-05    1.288e-20
  0.00471068  2.15285e-18   -0.0121004 -1.20694e-16    -0.022785  -4.0413e-17    0.0131753  2.18804e-16    0.0379468  2.27488e-16    0.0175549  1.02668e-17  -0.00928866 -1.00962e-16   -0.0138402 -6.48266e-17  -0.00651982 -1.75983e-17  -0.00142427 -2.17493e-18 -0.000105495
 1.50041e-17    0.0043773 -1.92843e-17   -0.0142763 -1.37556e-16   -0.0198879 -2.64203e-17     0.014968  2.27488e-16    0.0385121  2.31153e-16    0.0214578  3.97226e-17   -0.0030753 -5.95148e-17  -0.00907476 -4.15215e-17  -0.00433171 -1.11184e-17 -0.000804921 -1.04381e-18
  0.00207658  2.03805e-17      0.00281 -4.19616e-17   -0.0157756  -1.4652e-16   -0.0170364 -1.04353e-17    0.0175549  2.31153e-16     0.040729  2.37455e-16     0.027005  7.94485e-17   0.00468925 -1.18615e-17  -0.00315747 -1.59402e-17  -0.00173517 -3.86857e-18 -0.000219308
   4.489e-18   0.00323353  2.06656e-17  0.000769664 -6.19193e-17   -0.0167953  -1.4452e-16   -0.0137306  1.02668e-17    0.0214578  2.37455e-16    0.0446889   2.5222e-16    0.0334198  1.21744e-16    0.0120432  2.81615e-17   0.00162739  1.86146e-18 -9.54632e-05 -1.93003e-19
 0.000157267  1.08865e-17   0.00364714  1.62281e-17  -0.00154729 -7.61293e-17   -0.0171861  -1.2966e-16  -0.00928866  3.97226e-17     0.027005   2.5222e-16    0.0493363  2.69287e-16    0.0380111  1.48253e-16    0.0158497  4.61192e-17   0.00343399  7.01464e-18   0.00026465
 1.10438e-19  0.000649316  1.60655e-17   0.00336353  8.02334e-18  -0.00395723 -8.23452e-17   -0.0164423 -1.00962e-16   -0.0030753  7.94485e-17    0.0334198  2.69287e-16    0.0516863  2.68626e-16    0.0371867  1.41761e-16     0.014354  3.95968e-17   0.00258306  4.02223e-18
-0.000143764     1.92e-18   0.00112338  1.79319e-17   0.00242456 -2.28579e-18   -0.0060521 -7.89333e-17   -0.0138402 -5.95148e-17   0.00468925  1.21744e-16    0.0380111  2.68626e-16     0.048005  2.31608e-16    0.0296085  1.03634e-16   0.00919282  2.13313e-17  0.000996737
 -4.9723e-19 -7.48735e-05  4.04601e-18   0.00136103  1.56773e-17  0.000995725 -1.22132e-17  -0.00712737 -6.48266e-17  -0.00907476 -1.18615e-17    0.0120432  1.48253e-16    0.0371867  2.31608e-16    0.0371727  1.61996e-16    0.0182687  5.55926e-17   0.00398311  6.57617e-18
 -5.2283e-05 -4.12965e-19  8.74223e-05  5.23286e-18   0.00122506  1.00009e-17 -0.000490006  -1.8276e-17  -0.00651982 -4.15215e-17  -0.00315747  2.81615e-17    0.0158497  1.41761e-16    0.0296085  1.61996e-16    0.0227508  8.70186e-17   0.00826997  2.03931e-17   0.00100999
-1.70305e-19 -5.54095e-05  2.30096e-20  0.000222496  4.73701e-18  0.000755716  3.32656e-18  -0.00141608 -1.75983e-17  -0.00433171 -1.59402e-17   0.00162739  4.61192e-17     0.014354  1.03634e-16    0.0182687  8.70186e-17    0.0104269  3.37558e-17   0.00253076  4.35507e-18
-6.83328e-06 -2.05795e-19 -2.28343e-05  3.92817e-19  0.000235309  2.88807e-18  0.000215291 -1.20585e-18  -0.00142427 -1.11184e-17  -0.00173517  1.86146e-18   0.00343399  3.95968e-17   0.00919282  5.55926e-17   0.00826997  3.37558e-17   0.00333597  8.60821e-18  0.000439258
-1.96041e-20  -7.9447e-06 -1.25748e-19  9.33106e-06  4.04554e-19  0.000138334  9.57317e-19 -9.22341e-05 -2.17493e-18 -0.000804921 -3.86857e-18 -9.54632e-05  7.01464e-18   0.00258306  2.13313e-17   0.00398311  2.03931e-17   0.00253076  8.60821e-18  0.000661434  1.17871e-18
-2.37972e-07 -1.95641e-20 -3.33216e-06 -3.42796e-20  1.41096e-05  1.75014e-19  3.60838e-05    1.288e-20 -0.000105495 -1.04381e-18 -0.000219308 -1.93003e-19   0.00026465  4.02223e-18  0.000996737  6.57617e-18   0.00100999  4.35507e-18  0.000439258  1.17871e-18    6.102e-05
