 1.26566e-33  3.22207e-36 -6.93493e-35  5.40499e-36  3.20459e-33  1.53207e-35 -5.79781e-32 -2.42972e-36  9.57124e-31 -1.29505e-35 -1.20283e-29 -1.15396e-35  1.20042e-28 -3.96288e-36 -9.79718e-28  7.82863e-36  6.67213e-27  6.31472e-37 -3.84704e-26 -6.72466e-37  1.89793e-25 -3.60766e-36 -8.07335e-25   1.2876e-35  2.97698e-24 -6.85975e-35 -9.54858e-24  3.21411e-34  2.66854e-23 -1.35227e-33 -6.49779e-23  5.13873e-33  1.37594e-22 -1.76957e-32 -2.52352e-22  5.53466e-32  3.98088e-22 -1.57499e-31 -5.34185e-22   4.0828e-31  5.98868e-22 -9.64827e-31 -5.43712e-22    2.079e-30  3.75565e-22 -4.08371e-30 -1.66172e-22  7.30602e-30  8.03824e-24  -1.1887e-29  5.15522e-23  1.75466e-29 -3.63766e-23 -2.34158e-29  4.09251e-24  2.81018e-29  9.03067e-24 -3.00879e-29 -4.78154e-24  2.83687e-29 -8.92374e-25 -2.30111e-29  1.47141e-24   1.5277e-29 -8.31523e-26 -7.15747e-30 -3.26728e-25  5.44378e-31   5.1329e-26   3.4955e-30  6.35816e-26 -4.95568e-30 -1.08814e-26  4.59475e-30 -1.15067e-26  -3.3932e-30  1.21183e-27  2.11303e-30  1.85861e-27  -1.1358e-30  2.30917e-29   5.3266e-31 -2.38534e-28 -2.19062e-31 -3.72869e-29  7.92942e-32  1.98453e-29 -2.53901e-32  7.08041e-30   7.2043e-33 -4.59986e-31 -1.75152e-33 -6.46173e-31  2.99588e-34 -9.27707e-32  9.58417e-36  2.17923e-32 -3.46456e-35  9.25194e-33  1.59805e-35   7.6025e-34 -4.43652e-36 -2.26818e-34  7.86835e-37 -6.64307e-35 -6.18357e-38 -5.03814e-36 -1.18929e-38  7.04919e-37  4.64542e-39  1.96009e-37 -4.00468e-40  1.64693e-38 -8.82634e-41 -1.21103e-40  2.12126e-41 -1.35678e-40 -7.63181e-43 -1.07975e-41 -1.16803e-43 -3.31993e-43  5.25462e-45  5.50871e-45  2.57269e-46  1.66213e-46 -5.05847e-48
 3.22207e-36  2.42606e-33   1.9264e-35 -4.17877e-33  1.61964e-35  1.49735e-31  4.15314e-35 -2.90164e-30 -1.19036e-35  4.16504e-29 -2.39701e-35 -4.65845e-28  -1.4868e-35  4.20592e-27  -6.0165e-36 -3.14007e-26  1.66178e-35  1.97193e-25  7.86717e-37 -1.05463e-24  3.09763e-36  4.84722e-24 -4.05533e-35 -1.92698e-23  2.14258e-34  6.65521e-23  -1.0709e-33 -2.00199e-22  4.78947e-33  5.24998e-22 -1.93197e-32 -1.19912e-21  7.05238e-32  2.37871e-21   -2.336e-31 -4.07661e-21  7.03547e-31  5.98381e-21 -1.92957e-30 -7.41954e-21  4.82419e-30  7.59544e-21 -1.10012e-29 -6.15628e-21  2.28854e-29  3.59605e-21 -4.34124e-29 -1.06618e-21  7.50256e-29 -4.12497e-22 -1.17941e-28  6.57027e-22  1.68249e-28 -2.67829e-22 -2.17055e-28 -6.44159e-23  2.51964e-28  1.07955e-22 -2.61218e-28 -2.15464e-23  2.39017e-28 -2.24295e-23 -1.89111e-28   1.0788e-23  1.24124e-28  3.41729e-24 -6.04652e-29 -2.87376e-24  1.15651e-29 -4.88578e-25  1.67487e-29  5.90132e-25 -2.65281e-29   9.0084e-26  2.44075e-29  -9.9032e-26 -1.74299e-29  -2.0803e-26   1.0383e-29  1.28061e-26 -5.30463e-30  4.31384e-27  2.35214e-30  -1.0235e-27 -9.10171e-31 -6.49692e-28  3.09327e-31 -1.64787e-30 -9.38392e-32  6.07088e-29  2.60823e-32  1.14327e-29 -6.60705e-33 -2.36969e-30  1.31041e-33 -1.22182e-30 -6.44333e-35 -1.00876e-31 -9.07071e-35  4.23604e-32  4.61738e-35  1.24573e-32 -1.27772e-35  7.27518e-34  2.27498e-36 -2.57706e-34 -1.93303e-37  -6.1533e-35 -3.60081e-38 -4.24151e-36   1.5523e-38   3.9393e-37 -1.40828e-39  1.03184e-37 -2.71043e-40  7.88212e-39  6.10108e-41  8.86376e-41 -1.85732e-42 -2.38555e-41 -2.47253e-43  -1.6863e-42  6.99431e-45 -2.73259e-44    3.608e-46 -1.88555e-46
-6.93493e-35   1.9264e-35  9.42202e-33  6.24554e-35 -2.40681e-31  2.87075e-35  5.70336e-30  6.95992e-35 -9.48119e-29 -2.72569e-35  1.19871e-27 -3.42637e-35 -1.20431e-26 -8.92822e-36  9.89759e-26  -1.2241e-35 -6.78995e-25  2.55428e-35  3.94513e-24 -8.09995e-36 -1.96209e-23  6.80836e-35   8.4175e-23 -4.46463e-34 -3.13185e-22  2.36538e-33  1.01411e-21 -1.12799e-32 -2.86282e-21   4.8386e-32  7.04616e-21 -1.87554e-31 -1.50935e-20  6.58844e-31  2.80294e-20 -2.10241e-30 -4.48243e-20  6.10544e-30  6.10708e-20 -1.61568e-29 -6.96721e-20  3.89958e-29  6.46077e-20 -8.58801e-29 -4.59245e-20  1.72575e-28  2.14141e-20  -3.1628e-28 -2.01427e-21  5.28123e-28 -5.98117e-21 -8.02169e-28   4.6647e-21  1.10567e-27 -7.51784e-22 -1.37823e-27 -1.06231e-21  1.54606e-27   6.5406e-22  -1.5496e-27  7.32095e-23  1.37242e-27 -1.91603e-22 -1.05421e-27  2.25353e-23  6.77319e-28  4.13215e-23 -3.32498e-28 -9.43678e-24  8.28915e-29 -7.95637e-24  5.37923e-29  2.00466e-24 -9.86355e-29  1.46704e-24  8.98487e-29 -2.67544e-25  -6.1851e-29 -2.48964e-25  3.51521e-29  1.30675e-26 -1.70265e-29  3.45318e-26  7.11258e-30   3.3649e-27 -2.57203e-30 -3.26848e-27  8.11401e-31  -8.9766e-28 -2.30659e-31  1.30299e-28  6.31181e-32  9.67963e-29 -1.70069e-32  9.45203e-30  3.82869e-33 -4.23771e-30 -3.71641e-34 -1.34769e-30 -1.58945e-34 -5.85751e-32  9.07502e-35  4.37113e-32 -2.48978e-35  9.92192e-33  4.73447e-36  4.66129e-34 -5.31298e-37 -1.54843e-34 -5.98654e-38 -3.17327e-35  3.52944e-38  -2.0798e-36  -3.2178e-39   9.2419e-38 -6.13642e-40  2.54089e-38  1.21792e-40  1.71182e-39 -3.13989e-42  3.56324e-41 -3.17687e-43 -1.43056e-42  4.65305e-45  -4.4229e-44   2.2054e-46
 5.40499e-36 -4.17877e-33  6.24554e-35   2.8655e-31  1.34672e-34 -8.30458e-30  3.50288e-35  1.62821e-28  7.95899e-35 -2.35209e-27 -4.26825e-35  2.64823e-26 -4.80405e-35 -2.40768e-25  2.25507e-36   1.8107e-24 -2.65169e-35 -1.14584e-23  4.25177e-35  6.17776e-23 -1.04208e-34 -2.86353e-22  6.86265e-34  1.14859e-21 -3.97542e-33 -4.00449e-21  2.02508e-32  1.21673e-20 -9.26646e-32 -3.22484e-20  3.82338e-31     7.45e-20 -1.42747e-30 -1.49609e-19  4.83523e-30  2.59837e-19 -1.48905e-29 -3.87047e-19  4.17579e-29   4.8794e-19  -1.0676e-28 -5.09318e-19  2.49018e-28  4.23073e-19 -5.30086e-28  -2.5637e-19  1.02968e-27  8.36991e-20  -1.8241e-27  2.32048e-20  2.94388e-27 -4.57885e-20 -4.32096e-27   2.0942e-20  5.75397e-27  3.26271e-21 -6.92762e-27 -7.78525e-21  7.50438e-27  2.00749e-21 -7.26282e-27  1.49541e-21  6.21332e-27  -8.8441e-22 -4.61691e-27 -1.96982e-22  2.88316e-27   2.2944e-22 -1.39936e-27  2.22134e-23  3.88051e-28 -4.73335e-23  1.34104e-28 -3.91905e-24 -2.95242e-28   8.2097e-24  2.64878e-28  1.13697e-24 -1.75065e-28  -1.1398e-24  9.46803e-29 -2.86261e-25 -4.33972e-29  1.07379e-25  1.70239e-29  4.95558e-26 -5.70371e-30 -3.17214e-27  1.64063e-30 -5.29943e-27 -4.29022e-31 -7.12191e-28  1.17289e-31  2.68886e-28 -3.49061e-32  1.00717e-28  8.77102e-33  3.79079e-30 -1.06519e-33 -4.46135e-30 -2.19052e-34 -1.02091e-30  1.34957e-34 -2.09583e-32  -3.5978e-35  2.85014e-32  8.20239e-36  5.32607e-33 -1.34562e-36  2.34296e-34 -4.87074e-38 -5.43304e-35  6.40777e-38  -9.9466e-36 -5.47051e-39 -6.13908e-37 -1.16326e-39  5.34301e-39  1.91778e-40  2.93372e-39 -4.25893e-42  1.59837e-40 -2.58823e-43  2.29604e-42  7.48383e-46  1.27937e-45
 3.20459e-33  1.61964e-35 -2.40681e-31  1.34672e-34  9.38352e-30  2.11843e-34  -2.2199e-28   3.1092e-35  3.71436e-27  5.54357e-35 -4.72736e-26 -5.43916e-35  4.78258e-25 -7.11107e-35 -3.95933e-24  1.27499e-35  2.73704e-23 -5.84246e-35 -1.60311e-22  1.50004e-34  8.04066e-22 -8.60469e-34 -3.48032e-21  5.30194e-33  1.30712e-20 -2.90937e-32  -4.2748e-20  1.42569e-31  1.21958e-19 -6.28533e-31 -3.03567e-19  2.50222e-30  6.58168e-19 -9.02271e-30 -1.23831e-18  2.95392e-29  2.00879e-18 -8.79687e-29 -2.78076e-18  2.38641e-28  3.23078e-18 -5.90316e-28 -3.06255e-18  1.33231e-27  2.24203e-18 -2.74409e-27 -1.10124e-18  5.15666e-27  1.52881e-19 -8.83551e-27  2.73063e-19  1.37875e-26 -2.37894e-19 -1.95599e-26   5.0287e-20  2.51641e-26  4.88699e-20 -2.92559e-26 -3.54167e-20  3.05864e-26 -1.42994e-21 -2.85551e-26  9.84541e-21  2.35571e-26 -1.81217e-21 -1.68843e-26 -2.04421e-21  1.01923e-26  6.40892e-22 -4.82717e-27  3.85934e-22  1.38801e-27 -1.36862e-22  2.79682e-28 -7.23116e-23 -7.57343e-28  2.02713e-23  6.63332e-28  1.29447e-23 -4.18883e-28 -1.68185e-24  2.15118e-28 -1.94718e-24 -9.32557e-29 -6.83831e-26  3.42748e-29  2.07629e-25 -1.05178e-29  4.24763e-26  2.67399e-30 -1.12899e-26 -6.20371e-31 -5.61196e-27  1.76434e-31 -2.67396e-28 -6.17274e-32  3.07151e-28  1.68479e-32  7.52058e-29 -2.08743e-33 -3.00763e-31 -2.75594e-34  -3.1674e-30  1.45019e-34 -5.66375e-31 -3.54198e-35 -6.41865e-33  1.26763e-35  1.23377e-32 -3.03383e-36  1.97565e-33  3.93596e-38  8.94097e-35  9.89663e-38  -1.0844e-35 -7.04192e-39 -1.82608e-36 -1.90803e-39 -1.01494e-37  2.48079e-40 -9.78202e-40 -4.89309e-42  1.30161e-40 -1.04033e-43  3.63056e-42 -1.10701e-45
 1.53207e-35  1.49735e-31  2.87075e-35 -8.30458e-30  2.11843e-34  2.45644e-28  2.56576e-34  -4.8455e-27  2.04724e-35   7.0464e-26 -4.43989e-36 -7.98892e-25 -6.54004e-35  7.31636e-24 -1.07455e-34 -5.54448e-23  2.52419e-35   3.5369e-22 -1.75634e-34 -1.92304e-21  8.75182e-34  8.99315e-21 -5.72611e-33 -3.64114e-20  3.39054e-32  1.28207e-19 -1.79212e-31 -3.93647e-19  8.49093e-31  1.05503e-18 -3.62312e-30 -2.46653e-18  1.39709e-29   5.0172e-18 -4.88183e-29 -8.83613e-18  1.54919e-28   1.3366e-17 -4.47238e-28 -1.71447e-17   1.1761e-27  1.82622e-17 -2.81976e-27 -1.55601e-17  6.16676e-27  9.78714e-18 -1.23036e-26 -3.49599e-18  2.23882e-26  -6.3346e-19 -3.71279e-26  1.69663e-18  5.60465e-26 -8.70567e-19 -7.68729e-26 -6.75907e-20  9.55551e-26  2.97647e-19 -1.07259e-25 -9.59759e-20   1.0818e-25 -5.15899e-20 -9.73442e-26  3.82486e-20  7.73301e-26  5.23514e-21 -5.33299e-26 -9.66152e-21  3.09781e-26  -2.3219e-22 -1.41729e-26   1.9966e-21  4.05643e-27  2.28551e-23   5.2758e-28 -3.56779e-22  -1.7243e-27 -2.40524e-23    1.456e-27  5.28208e-23 -8.73566e-28   9.2056e-24  4.25526e-28 -5.66019e-24 -1.74803e-28 -1.93769e-24  6.01665e-29  2.92078e-25 -1.66328e-29  2.40256e-25  3.51448e-30  1.90169e-26 -6.61366e-31 -1.50843e-26  2.21697e-31 -4.26216e-27 -9.99535e-32  7.44466e-29  2.81071e-32  2.38794e-28 -2.85975e-33  4.24819e-29 -3.96621e-34 -1.25926e-30  6.52805e-35 -1.59096e-30 -7.88525e-36 -2.35281e-31  1.84747e-35  -3.0265e-33 -5.99967e-36  3.51865e-33  2.24147e-37  4.94649e-34  1.33552e-37  2.28471e-35 -6.30838e-39 -1.03602e-36 -2.71998e-39 -1.76036e-37  2.67165e-40 -7.75603e-39 -4.85488e-42 -9.05585e-41  2.92523e-44  6.03968e-43
-5.79781e-32  4.15314e-35  5.70336e-30  3.50288e-35  -2.2199e-28  2.56576e-34  5.28782e-27  2.47417e-34 -8.90645e-26  1.02295e-35  1.14145e-24 -8.84869e-35 -1.16323e-23  -8.2547e-35  9.70371e-23  -1.5971e-34   -6.762e-22  8.16113e-35  3.99404e-21 -7.40152e-34 -2.02107e-20  4.87538e-33   8.8299e-20  -3.1672e-32 -3.34907e-19  1.82574e-31  1.10674e-18 -9.39469e-31 -3.19256e-18  4.33543e-30  8.04087e-18 -1.80169e-29 -1.76553e-17   6.7646e-29  3.36748e-17  -2.3007e-28 -5.54499e-17  7.10315e-28  7.80463e-17 -1.99404e-27 -9.24179e-17  5.09623e-27  8.96295e-17 -1.18676e-26 -6.76324e-17  2.51929e-26  3.49774e-17 -4.87569e-26 -6.39503e-18  8.60011e-26 -7.55444e-18 -1.38152e-25  7.46202e-18  2.01859e-25 -1.96861e-18 -2.67776e-25 -1.34947e-18  3.21647e-25  1.17434e-18 -3.48561e-25 -3.50228e-20  3.39034e-25 -3.08053e-19 -2.93841e-25  7.96744e-20  2.24496e-25  6.07688e-20  -1.4864e-25 -2.55763e-20  8.27465e-26 -1.10818e-20 -3.62563e-26  5.49448e-21  1.00299e-26  2.10123e-21  1.00233e-27 -8.74508e-22 -3.56077e-27 -3.99976e-22  2.85204e-27  9.18472e-23 -1.61579e-27  6.58181e-23   7.4725e-28 -2.33506e-24 -2.92673e-28 -7.88875e-24  9.45879e-29 -1.10084e-24 -2.29559e-29  5.36511e-25  3.47055e-30  1.93222e-25 -3.56302e-31 -2.26363e-27  2.44701e-31 -1.30679e-26 -1.56823e-31 -2.44239e-27  4.14961e-32  1.69635e-28 -2.02423e-33  1.35182e-28 -7.21168e-34   1.8732e-29 -1.78583e-34 -7.23323e-31  6.15982e-35 -5.69494e-31  2.66921e-35 -7.23786e-32  -1.0429e-35 -1.47419e-33  4.77361e-37  6.28725e-34  1.58551e-37  7.77399e-35 -2.08724e-39    3.416e-36 -3.35404e-39 -2.21007e-38  2.39753e-40 -6.90373e-39 -4.12281e-42 -1.64662e-40  5.85242e-44
-2.42972e-36 -2.90164e-30  6.95992e-35  1.62821e-28   3.1092e-35  -4.8455e-27  2.47417e-34  9.62196e-26  1.91261e-34   -1.409e-24  4.96615e-36  1.60913e-23 -1.80977e-34 -1.48494e-22 -1.09645e-34  1.13436e-21 -2.33689e-34 -7.29724e-21  3.33064e-34  4.00274e-20 -3.07841e-33 -1.88936e-19  2.21521e-32  7.72493e-19   -1.437e-31 -2.74831e-18  8.21853e-31  8.53152e-18 -4.17988e-30 -2.31341e-17  1.90119e-29  5.47643e-17 -7.76865e-29 -1.12903e-16  2.86205e-28  2.01766e-16 -9.53398e-28 -3.10149e-16  2.87832e-27  4.05094e-16  -7.8896e-27 -4.40693e-16  1.96614e-26  3.85478e-16 -4.45891e-26  -2.5181e-16  9.20732e-26  9.78788e-17 -1.73138e-25  9.36296e-18   2.9641e-25 -4.19912e-17 -4.61661e-25  2.42201e-17   6.5335e-25   9.9117e-20 -8.38594e-25  -7.5729e-18  9.73593e-25  2.99859e-18 -1.01857e-24  1.13848e-18  9.55209e-25 -1.09837e-18 -7.96923e-25 -6.08596e-20  5.84901e-25  2.69541e-19 -3.71038e-25 -1.38398e-20  1.97185e-25 -5.55736e-20 -8.20642e-26  3.61498e-21  2.13803e-26  1.02013e-20   2.1092e-27 -7.42648e-23 -6.75698e-27 -1.60424e-21  5.03445e-27 -1.60873e-22 -2.67559e-27  1.91818e-22  1.18036e-27  4.77756e-23 -4.46614e-28  -1.3296e-23   1.3649e-28 -7.07937e-24 -2.78337e-29 -1.24974e-25  1.61009e-30  5.38871e-25  4.86135e-31   1.1435e-25   2.7471e-31 -1.06994e-26 -2.48784e-31 -8.23506e-27  5.46052e-32 -1.09529e-27  2.52936e-33  1.17369e-28 -1.40149e-33  5.69942e-29 -6.65893e-34  6.51962e-30  1.79104e-34 -2.07841e-31  3.92962e-35 -1.41883e-31  -1.6047e-35 -1.57972e-32  7.20605e-37  -4.4259e-34   1.6469e-37  6.22217e-35  5.22797e-39  6.75901e-36 -3.54764e-39  2.42583e-37  1.77918e-40  1.50586e-39 -2.85084e-42 -4.42561e-41
 9.57124e-31 -1.19036e-35 -9.48119e-29  7.95899e-35  3.71436e-27  2.04724e-35 -8.90645e-26  1.91261e-34  1.51061e-24  1.08028e-34 -1.95013e-23  5.37356e-36  2.00254e-22  -2.6797e-34 -1.68394e-21 -1.53815e-34  1.18333e-20 -2.76182e-34 -7.05127e-20  7.48022e-34  3.60131e-19 -8.71942e-33 -1.58882e-18  7.21411e-32   6.0886e-18 -4.99846e-31 -2.03411e-17  2.96847e-30  5.93603e-17 -1.54059e-29 -1.51364e-16  7.06731e-29  3.36778e-16 -2.88821e-28 -6.51608e-16  1.05751e-27  1.08987e-15 -3.48405e-27 -1.56088e-15  1.03626e-26  1.88532e-15 -2.78951e-26 -1.87229e-15  6.80892e-26  1.45736e-15 -1.50903e-25 -7.93249e-16  3.03911e-25  1.79483e-16 -5.56401e-25   1.4528e-16  9.25929e-25 -1.66267e-16 -1.39979e-24  5.30925e-17  1.92021e-24  2.54949e-17 -2.38587e-24 -2.75402e-17  2.67794e-24  2.76699e-18 -2.70488e-24  6.75614e-18  2.44521e-24  -2.3356e-18 -1.96276e-24 -1.23958e-18  1.38247e-24  7.02594e-19 -8.38559e-25  2.12396e-19  4.23739e-25 -1.51745e-19 -1.66039e-25 -4.04376e-20  3.96016e-26  2.55201e-20  4.87917e-27   8.3268e-21 -1.18611e-26 -3.10218e-21  8.03417e-27 -1.52667e-21 -3.97787e-27  1.86806e-22  1.69399e-27  2.06896e-22 -6.34206e-28  1.52763e-23  1.85513e-28  -1.6925e-23 -2.93054e-29 -4.49468e-24 -3.17075e-30  4.06649e-25  1.98139e-30  3.79696e-25  4.04883e-31  5.13077e-26 -4.03687e-31 -9.08279e-27  6.37709e-32 -3.94029e-27  1.31603e-32 -3.96788e-28 -2.48487e-33  4.89613e-29  -1.4543e-33  1.78196e-29  3.33655e-34  1.76145e-30  5.83979e-35 -2.63591e-32 -2.20036e-35 -2.32831e-32  8.55152e-37  -2.2525e-33  1.47445e-37 -7.11769e-35  1.33185e-38  2.62448e-36  -3.1791e-39   2.5011e-37  1.07184e-40  4.97855e-39 -1.38596e-42
-1.29505e-35  4.16504e-29 -2.72569e-35 -2.35209e-27  5.54357e-35   7.0464e-26  1.02295e-35   -1.409e-24  1.08028e-34  2.07833e-23  1.02948e-35  -2.3917e-22  9.17462e-36  2.22482e-21 -3.23285e-34 -1.71385e-20 -3.56925e-34  1.11225e-19  7.09042e-34 -6.15765e-19 -4.07563e-33  2.93494e-18   6.7213e-33 -1.21237e-17  7.25819e-32  4.36031e-17 -9.70578e-31 -1.36921e-16  7.37476e-30  3.75844e-16 -4.33412e-29 -9.01424e-16   2.1293e-28  1.88472e-15 -9.03639e-28 -3.41996e-15  3.37111e-27   5.3462e-15  -1.1174e-26 -7.11589e-15  3.31411e-26   7.9129e-15 -8.83815e-26 -7.11179e-15  2.12656e-25  4.82739e-15 -4.62752e-25 -2.03245e-15  9.12123e-25  -3.7183e-17 -1.62998e-24  7.65527e-16  2.64155e-24  -4.9856e-16 -3.88114e-24  3.31628e-17  5.16514e-24  1.41223e-16 -6.21598e-24 -6.81397e-17  6.74713e-24 -1.71293e-17 -6.58022e-24  2.31369e-17  5.73348e-24 -5.78372e-19 -4.42611e-24 -5.49042e-18  2.98902e-24  7.30714e-19 -1.73012e-24  1.12282e-18  8.27702e-25 -1.70497e-19 -3.02222e-25 -2.11085e-19  6.35302e-26  1.92124e-20   1.1395e-26  3.52098e-20  -1.9289e-26  8.31717e-22  1.15475e-26 -4.65251e-21 -5.28714e-27 -7.80807e-22  2.22951e-27  3.95458e-22 -8.58637e-28  1.48226e-22   2.4401e-28  -8.5988e-24 -2.51344e-29 -1.36749e-23 -1.21182e-29 -2.06551e-24  4.10778e-30  4.52647e-25  8.01792e-31  2.02292e-25 -6.57437e-31  1.79193e-26  6.47214e-32 -4.70794e-27  3.15179e-32 -1.45052e-27 -3.79666e-33 -1.18656e-28 -2.54471e-33  1.32649e-29  4.95101e-34  4.01457e-30  8.47239e-35  3.51235e-31 -2.70161e-35  1.21061e-33  8.09896e-37 -2.26394e-33  1.10695e-37 -1.83702e-34  1.89883e-38 -5.15827e-36 -2.36685e-39  1.34716e-38  5.02744e-41  1.68185e-39
-1.20283e-29 -2.39701e-35  1.19871e-27 -4.26825e-35 -4.72736e-26 -4.43989e-36  1.14145e-24  4.96615e-36 -1.95013e-23  1.02948e-35   2.5368e-22 -9.93683e-35 -2.62585e-21  4.29285e-38  2.22664e-20 -1.74838e-34  -1.5785e-19 -2.03067e-33  9.49327e-19  1.15502e-32 -4.89581e-18 -6.57464e-32  2.18213e-17  3.07811e-31 -8.45303e-17 -1.14676e-30  2.85648e-16  2.79984e-30 -8.43764e-16  1.07675e-30  2.17953e-15 -6.16744e-29 -4.91706e-15  4.42502e-28  9.65722e-15 -2.20777e-27 -1.64188e-14  8.93657e-27  2.39453e-14 -3.08946e-26 -2.95261e-14  9.34291e-26  3.00514e-14  -2.5044e-25 -2.41488e-14  5.99833e-25  1.38287e-14 -1.29027e-24 -3.72408e-15  2.50083e-24 -2.06328e-15  -4.3765e-24   2.8295e-15  6.92274e-24 -1.07252e-15 -9.90049e-24 -3.45262e-16  1.27951e-23  4.91055e-16 -1.49231e-23  -8.5248e-17  1.56698e-23 -1.11083e-16 -1.47574e-23  5.02812e-17   1.2393e-23  1.82597e-17 -9.19811e-24 -1.43973e-17  5.95057e-24 -2.76488e-18 -3.28012e-24  3.12089e-18  1.47832e-24  5.18469e-19 -4.96314e-25 -5.48998e-19  8.63891e-26 -1.20719e-19  2.50816e-26  7.42507e-20 -2.89745e-26  2.56909e-20  1.47362e-26 -6.21334e-21 -6.18518e-27 -4.00856e-21  2.72303e-27 -4.07839e-24 -1.13945e-27  3.88473e-22  3.18031e-28  7.35861e-23 -1.24332e-29 -1.56815e-23 -2.65963e-29  -8.1045e-24   6.6721e-30   -6.743e-25  1.68405e-30  2.83946e-25 -1.04377e-30  8.41025e-26  5.38675e-32   5.0872e-27  5.74565e-32 -1.68464e-27 -4.91729e-33 -4.07451e-28 -3.85231e-33 -2.90422e-29    6.218e-34  2.24978e-30  1.16073e-34  6.15916e-31 -2.97777e-35  4.72233e-32  5.79961e-37  7.65075e-34  6.58895e-38 -1.07372e-34  2.00533e-38 -6.56841e-36 -1.41566e-39 -1.07316e-37  1.62467e-41
-1.15396e-35 -4.65845e-28 -3.42637e-35  2.64823e-26 -5.43916e-35 -7.98892e-25 -8.84869e-35  1.60913e-23  5.37356e-36  -2.3917e-22 -9.93683e-35  2.77437e-21 -2.12064e-34 -2.60247e-20 -1.43685e-34  2.02244e-19  1.33534e-33 -1.32467e-18  -1.3778e-32  7.40509e-18  8.86058e-32 -3.56569e-17 -5.15432e-31  1.48885e-16  2.62655e-30 -5.41587e-16 -1.15475e-29  1.72128e-15  4.26518e-29 -4.78579e-15 -1.25478e-28  1.16365e-14  2.47505e-28 -2.46908e-14  1.67133e-29  4.55251e-14 -2.99791e-27 -7.24276e-14  1.75055e-26  9.83201e-14 -7.00642e-26 -1.11854e-13  2.27111e-25  1.03384e-13 -6.28914e-25 -7.29581e-14  1.52412e-24  3.31408e-14 -3.27421e-24 -1.74628e-15  6.28203e-24 -1.08372e-14 -1.08133e-23   8.0316e-15  1.67427e-23 -1.09008e-15 -2.33493e-23 -2.03086e-15  2.93366e-23  1.19608e-15 -3.31806e-23  1.68846e-16  3.37149e-23 -3.77595e-16 -3.06662e-23  4.06986e-17  2.48212e-23  8.59519e-17 -1.77087e-23 -1.94864e-17  1.09671e-23 -1.72779e-17 -5.74502e-24  4.44942e-18   2.4248e-24  3.31446e-18 -7.34549e-25 -6.38313e-19  9.28669e-26 -5.87268e-19  5.05527e-26  3.67475e-20 -3.98911e-26  8.55431e-20  1.60904e-26  7.66999e-21 -6.11099e-27 -8.56439e-21  3.14468e-27 -2.28241e-21 -1.52079e-27  3.75083e-22  4.15951e-28  2.61027e-22  1.28598e-29  2.37875e-23 -4.79299e-29 -1.20701e-23  9.30963e-30 -3.71874e-24  3.26568e-30 -1.44694e-25  -1.5797e-30  1.24309e-25  3.00688e-32  2.75654e-26  8.83816e-32  1.25926e-27  -5.3115e-33 -4.22018e-28  -5.2031e-33 -8.47248e-29  6.76391e-34 -5.49905e-30  1.46917e-34  2.05581e-31 -2.94694e-35  5.82686e-32  2.32836e-37  3.71569e-33  2.64423e-38  7.26489e-35  1.66442e-38 -1.51393e-36 -6.37707e-40  -4.5326e-38
 1.20042e-28  -1.4868e-35 -1.20431e-26 -4.80405e-35  4.78258e-25 -6.54004e-35 -1.16323e-23 -1.80977e-34  2.00254e-22  9.17462e-36 -2.62585e-21 -2.12064e-34  2.74087e-20 -2.71066e-34 -2.34465e-19 -1.15317e-33  1.67754e-18  1.04175e-32  -1.0187e-17 -7.91729e-32  5.30729e-17  5.12369e-31 -2.39103e-16 -3.00809e-30  9.36765e-16  1.56995e-29 -3.20369e-15 -7.17414e-29  9.58429e-15  2.83711e-28 -2.50949e-14 -9.57634e-28  5.74426e-14  2.68453e-27 -1.14601e-13 -5.81667e-27  1.98201e-13  7.22292e-27 -2.94587e-13  1.09063e-26  3.71146e-13 -1.09503e-25 -3.87491e-13  4.48325e-25  3.21715e-13 -1.36718e-24 -1.93757e-13  3.45797e-24  6.04788e-14 -7.54575e-24  2.20638e-14  1.44742e-23 -3.83858e-14 -2.46539e-23  1.70673e-14  3.75033e-23  3.28821e-15 -5.11149e-23 -6.94552e-15  6.25132e-23  1.74863e-15 -6.86093e-23  1.41652e-15  6.74817e-23 -8.40587e-16 -5.92897e-23 -1.93279e-16  4.62578e-23  2.30738e-16 -3.17243e-23  2.12741e-17  1.87987e-23 -5.00567e-17 -9.33795e-24 -3.61141e-18  3.66376e-24  9.14692e-18  -9.7277e-25  1.13969e-18  5.77225e-26 -1.34878e-18  9.27837e-26 -3.15863e-19 -4.95887e-26  1.37751e-19  1.34522e-26   5.9249e-20 -4.47452e-27 -5.27754e-21  3.54031e-27 -6.82136e-21  -2.0702e-27 -8.15656e-22  5.44535e-28  3.79271e-22  5.59699e-29  1.31799e-22 -7.69811e-29  3.19217e-24  1.15255e-29 -6.28605e-24  5.67554e-30 -1.35669e-24 -2.25266e-30 -1.56135e-26 -3.75318e-33  3.97882e-26  1.19521e-31  7.06434e-27 -4.57573e-33  2.84697e-28 -6.36787e-33 -7.14897e-29  6.42127e-34 -1.23153e-29  1.69856e-34 -7.24875e-31  -2.6122e-35  4.94912e-33 -1.21414e-37  2.85283e-33  1.08566e-39  1.31124e-34  1.09057e-38  1.68144e-36 -1.84613e-40
-3.96288e-36  4.20592e-27 -8.92822e-36 -2.40768e-25 -7.11107e-35  7.31636e-24  -8.2547e-35 -1.48494e-22  -2.6797e-34  2.22482e-21  4.29285e-38 -2.60247e-20 -2.71066e-34  2.46274e-19 -1.12624e-35 -1.93155e-18 -6.38878e-33  1.27742e-17  5.16603e-32 -7.21385e-17 -3.61101e-31  3.51095e-16  2.35072e-30 -1.48261e-15 -1.40984e-29  5.45784e-15  7.52115e-29 -1.75666e-14 -3.50691e-28  4.95018e-14  1.42054e-27 -1.22101e-13 -4.98131e-27  2.63106e-13  1.50104e-26 -4.93296e-13 -3.81578e-26  7.99347e-13  7.80406e-26 -1.10763e-12 -1.09763e-25  1.29032e-12  1.10004e-26 -1.22755e-12  5.72941e-25  9.01103e-13 -2.41702e-24 -4.40133e-13  6.85801e-24  5.22517e-14 -1.56852e-23   1.2282e-13  3.05607e-23 -1.04904e-13 -5.19571e-23  2.15111e-14  7.80299e-23  2.31376e-14 -1.04216e-22 -1.68446e-14  1.24235e-22 -7.00616e-16 -1.32391e-22  4.93375e-15  1.26074e-22 -9.72652e-16 -1.07011e-22 -1.06296e-15  8.04957e-23  3.63078e-16 -5.30803e-23  2.06855e-16  3.00896e-23 -8.25065e-17 -1.41424e-23 -4.02778e-17  5.10891e-24  1.32651e-17 -1.13111e-24  7.62551e-18 -5.26329e-26 -1.29369e-18  1.55673e-25 -1.23084e-18 -5.39896e-26  -7.8352e-21  4.28122e-27  1.42747e-19 -8.24092e-28  2.55018e-20  4.05214e-27 -8.86648e-21 -2.86263e-27 -3.85902e-21   7.0387e-28 -9.49764e-23  1.22045e-28  2.34807e-22 -1.13486e-28  5.20997e-23  1.27875e-29 -1.32291e-24  8.87977e-30 -2.42445e-24 -3.01602e-30 -3.98188e-25 -4.01499e-32  4.16142e-28  1.45208e-31  9.28151e-27 -2.67678e-33  1.37377e-27 -7.12668e-33  5.49876e-29  5.30619e-34 -7.52604e-30   1.7846e-34 -1.13566e-30 -2.06257e-35 -5.69103e-32 -3.78767e-37 -4.73343e-34 -9.21282e-39   4.8704e-35  5.44148e-39  9.21743e-37
-9.79718e-28  -6.0165e-36  9.89759e-26  2.25507e-36 -3.95933e-24 -1.07455e-34  9.70371e-23 -1.09645e-34 -1.68394e-21 -3.23285e-34  2.22664e-20 -1.43685e-34 -2.34465e-19 -1.12624e-35  2.02426e-18  1.59618e-33 -1.46236e-17 -2.54369e-32  8.97082e-17  1.73449e-31 -4.72384e-16 -1.16814e-30  2.15223e-15  8.15725e-30 -8.53276e-15 -5.28647e-29  2.95503e-14  2.97236e-28 -8.95898e-14 -1.42999e-27  2.37931e-13  5.91017e-27 -5.52974e-13 -2.11033e-26  1.12147e-12  6.52281e-26 -1.97456e-12 -1.73754e-25  2.99345e-12  3.92798e-25 -3.85685e-12 -7.23954e-25  4.13435e-12  9.61071e-25 -3.54931e-12 -3.69776e-25  2.24757e-12 -2.73781e-24 -7.97812e-13  1.12655e-23 -1.72717e-13 -2.89487e-23  4.26611e-13  5.89008e-23 -2.21168e-13 -1.01268e-22 -1.81046e-14  1.51143e-22  8.00142e-14 -1.98471e-22 -2.70862e-14  2.30965e-22 -1.41605e-14 -2.39101e-22  1.13034e-14  2.20467e-22  1.30317e-15   -1.808e-22 -2.97892e-15  1.31168e-22  1.42427e-17 -8.32171e-23   6.4386e-16   4.5142e-23 -1.48535e-17 -2.00339e-23  -1.2156e-16  6.57851e-24 -3.75105e-18 -1.09935e-24  1.93322e-17 -2.75019e-25   2.6448e-18  2.40439e-25 -2.28814e-18 -4.77055e-26 -6.70843e-19 -1.38285e-26  1.46433e-19   4.9845e-27  9.41275e-20  4.89567e-27  4.40147e-21 -3.95043e-27 -6.73301e-21  8.83664e-28 -1.64929e-21   2.1359e-28  8.85805e-23  -1.5542e-28  1.06025e-22  1.26688e-29  1.65317e-23  1.26407e-29 -9.89738e-25 -3.79588e-30 -7.07668e-25 -6.86535e-32 -9.36423e-26  1.60708e-31  8.53843e-29 -3.55197e-35  1.52295e-27 -7.33765e-33  1.91313e-28  3.76385e-34  7.70277e-30  1.70049e-34 -4.10915e-31 -1.43729e-35 -5.61317e-32 -4.83146e-37 -2.03022e-33 -9.32563e-39 -1.78548e-35  1.82289e-39
 7.82863e-36 -3.14007e-26  -1.2241e-35   1.8107e-24  1.27499e-35 -5.54448e-23  -1.5971e-34  1.13436e-21 -1.53815e-34 -1.71385e-20 -1.74838e-34  2.02244e-19 -1.15317e-33 -1.93155e-18  1.59618e-33  1.52963e-17  6.58156e-33 -1.02192e-16 -4.58549e-32  5.83283e-16  1.18188e-31 -2.87083e-15 -1.06243e-30  1.22673e-14  1.55134e-29 -4.57266e-14 -1.43372e-28  1.49138e-13  9.46166e-28  -4.2622e-13 -4.90824e-27  1.06724e-12  2.10531e-26 -2.33715e-12 -7.67042e-26  4.45928e-12  2.40642e-25  -7.3659e-12 -6.53175e-25  1.04277e-11  1.52843e-24 -1.24504e-11 -3.03648e-24  1.22028e-11  4.91824e-24 -9.32273e-12 -5.73172e-24  4.88237e-12  1.90522e-24 -8.83317e-13  1.27141e-23 -1.13229e-12 -4.57234e-23  1.13764e-12   1.0272e-22 -3.14191e-13 -1.82398e-22 -2.10773e-13  2.73055e-22  1.95189e-13 -3.53983e-22  -1.0302e-14  4.02764e-22 -5.26332e-14  -4.0517e-22  1.57442e-14  3.61678e-22  1.04878e-14 -2.86555e-22 -5.20423e-15  2.00615e-22 -1.91922e-15 -1.22596e-22  1.18228e-15  6.37081e-23  3.75671e-16 -2.66499e-23 -2.04476e-16  7.81403e-24 -7.71858e-17 -7.54865e-25  2.48475e-17 -6.41721e-25  1.40495e-17  3.44525e-25 -1.31229e-18 -2.50104e-26 -1.88701e-18 -4.24638e-26 -1.82223e-19   1.2683e-26  1.49864e-19  6.28515e-27   4.4496e-20 -5.32737e-27 -2.71797e-21  1.06332e-27 -3.53519e-21  3.27443e-28 -5.47035e-22 -1.98806e-28  6.97702e-23  1.10107e-29  3.67168e-23  1.65365e-29  4.28996e-24 -4.50652e-30 -3.26107e-25 -7.91675e-32 -1.54786e-25  1.63741e-31 -1.71767e-26  2.61114e-33 -1.24929e-28 -6.97936e-33  1.63614e-28  2.21415e-34  1.73083e-29  1.46807e-34  6.43574e-31 -8.71425e-36 -6.69799e-33 -4.42352e-37 -1.03317e-33 -5.51372e-39 -1.46441e-35
 6.67213e-27  1.66178e-35 -6.78995e-25 -2.65169e-35  2.73704e-23  2.52419e-35   -6.762e-22 -2.33689e-34  1.18333e-20 -3.56925e-34  -1.5785e-19  1.33534e-33  1.67754e-18 -6.38878e-33 -1.46236e-17  6.58156e-33  1.06719e-16  2.19794e-33 -6.61678e-16  3.48293e-31   3.5235e-15 -3.88065e-30  -1.6244e-14  2.02813e-29  6.52079e-14 -4.96554e-29  -2.2882e-13 -1.26089e-28  7.03494e-13  2.12289e-27 -1.89635e-12 -1.37465e-26   4.4781e-12  6.42793e-26  -9.2393e-12 -2.43418e-25  1.65748e-11   7.7832e-25 -2.56522e-11 -2.13883e-24   3.3831e-11  5.07925e-24 -3.72695e-11 -1.03787e-23  3.31109e-11  1.79269e-23 -2.20413e-11 -2.49652e-23  8.77231e-12  2.40213e-23  8.32544e-13   -2.235e-24 -3.95288e-12 -5.55749e-23  2.38818e-12  1.59105e-22 -4.13415e-14 -3.02804e-22 -7.62928e-13  4.60802e-22  3.35218e-13 -5.92791e-22  1.08967e-13  6.60493e-22 -1.25102e-13 -6.45605e-22 -1.16313e-15  5.57587e-22  3.15458e-14 -4.26713e-22 -3.34709e-15   2.8851e-22  -6.7447e-15 -1.70158e-22  8.64268e-16  8.48949e-23  1.30921e-15 -3.34362e-23  -9.2818e-17  8.53286e-24 -2.23453e-16   1.0173e-26 -9.22559e-18 -1.17217e-24   2.9953e-17  4.61572e-25  5.59318e-18  1.86293e-26 -2.53076e-18 -8.17056e-26 -1.02934e-18  2.15991e-26  4.19253e-20   8.3239e-27     9.31e-20 -6.90059e-27   1.5476e-20   1.2166e-27 -2.81047e-21  4.52878e-28 -1.40927e-21 -2.38255e-28  -1.4363e-22  8.03764e-30  2.85133e-23  2.00427e-29  9.86616e-24 -5.06754e-30  9.18401e-25 -6.59153e-32 -6.50242e-26  1.54994e-31 -2.44713e-26  4.50764e-33 -2.31787e-27 -6.14943e-33 -3.93422e-29  9.85483e-35  1.01014e-29  1.14685e-34  8.60731e-31  -4.5015e-36  2.42321e-32 -3.13537e-37  7.81569e-35 -2.00408e-39
 6.31472e-37  1.97193e-25  2.55428e-35 -1.14584e-23 -5.84246e-35   3.5369e-22  8.16113e-35 -7.29724e-21 -2.76182e-34  1.11225e-19 -2.03067e-33 -1.32467e-18  1.04175e-32  1.27742e-17 -2.54369e-32 -1.02192e-16  2.19794e-33  6.90037e-16  -2.0177e-31 -3.98285e-15  4.81873e-30  1.98353e-14  -3.9903e-29 -8.58168e-14  2.06667e-28  3.24108e-13   -7.392e-28 -1.07187e-12   1.5994e-27  3.10887e-12  7.41947e-28 -7.90815e-12 -2.74551e-26  1.76137e-11  1.63351e-25 -3.42283e-11  -6.7371e-25  5.76844e-11  2.23325e-24 -8.35075e-11 -6.23907e-24  1.02289e-10  1.49634e-23  -1.0338e-10 -3.09475e-23  8.22456e-11    5.482e-23  -4.6071e-11 -8.12545e-23  1.10679e-11  9.45941e-23  8.51406e-12 -6.81746e-23 -1.04117e-11 -2.78786e-23  3.65565e-12  2.09633e-22  1.51581e-12 -4.60875e-22 -1.89295e-12   7.2747e-22  2.77584e-13 -9.34642e-22  4.62682e-13  1.02118e-21 -1.96175e-13 -9.69139e-22 -8.16369e-14  8.08793e-22  6.00319e-14 -5.97535e-22  1.31181e-14  3.90635e-22  -1.3634e-14 -2.23046e-22 -2.51818e-15  1.07254e-22  2.48908e-15  -3.9776e-23    5.878e-16  8.50184e-24  -3.4669e-16  1.26007e-24  -1.2643e-16  -1.8664e-24  2.93895e-17  5.82525e-25   2.0047e-17  8.48331e-26  1.66626e-19 -1.29643e-25 -1.96257e-18  3.07891e-26 -3.90552e-19  1.08991e-26  7.69271e-20 -8.48559e-27  4.23032e-20  1.31947e-27  3.88442e-21  5.72343e-28 -1.40497e-21 -2.68213e-28 -4.41077e-22  4.35051e-30 -3.07776e-23  2.26496e-29    7.805e-24 -5.41623e-30  2.03226e-24 -2.99608e-32  1.59571e-25  1.37467e-31 -7.69712e-27  5.18282e-33 -2.61352e-27 -5.02441e-33 -2.08056e-28  2.19742e-35 -4.65591e-30  8.08315e-35  2.75089e-31  -1.9219e-36  1.65196e-32 -1.68901e-37  1.83868e-34
-3.84704e-26  7.86717e-37  3.94513e-24  4.25177e-35 -1.60311e-22 -1.75634e-34  3.99404e-21  3.33064e-34 -7.05127e-20  7.09042e-34  9.49327e-19  -1.3778e-32  -1.0187e-17  5.16603e-32  8.97082e-17 -4.58549e-32 -6.61678e-16  -2.0177e-31  4.14866e-15 -2.09336e-30 -2.23535e-14  3.68284e-29  1.04339e-13 -2.70222e-28 -4.24359e-13  1.34572e-27  1.50985e-12 -5.04554e-27 -4.71054e-12  1.41948e-26  1.28977e-11 -2.52705e-26 -3.09704e-11 -9.51616e-27  6.50593e-11  3.09713e-25  -1.1902e-10 -1.58973e-24  1.88221e-10  5.68129e-24 -2.54335e-10 -1.63638e-23  2.88226e-10  3.97619e-23 -2.65214e-10 -8.28535e-23  1.85568e-10  1.48303e-22  -8.1916e-11  -2.2539e-22  6.94781e-13  2.81135e-22  3.08533e-11 -2.60768e-22 -2.18425e-11  1.06611e-22  2.39615e-12  2.06198e-22  6.06664e-12 -6.36655e-22 -3.42116e-12  1.07623e-21 -5.89496e-13 -1.39192e-21   1.1564e-12  1.49255e-21 -1.10798e-13 -1.37279e-21 -2.76434e-13  1.10444e-21  6.10928e-14 -7.86891e-22  5.77706e-14  4.98269e-22 -1.48208e-14 -2.76765e-22 -1.14645e-14  1.29063e-22  2.23335e-15 -4.51585e-23  2.10073e-15  7.60579e-24 -1.36121e-16  2.99448e-24 -3.16617e-16 -2.70163e-24 -2.83286e-17  6.97398e-25  3.27279e-17  1.70914e-25  8.78668e-18 -1.82262e-25 -1.46816e-18  3.92541e-26 -1.02869e-18  1.36301e-26 -9.58364e-20  -9.8326e-27  4.76205e-20  1.35785e-27  1.49247e-20  6.65336e-28  6.49471e-22 -2.84452e-28 -4.80045e-22  7.65782e-31 -1.09321e-22  2.39754e-29 -5.65802e-24 -5.51356e-30  1.47861e-24  2.11078e-32  3.09589e-25  1.15099e-31  2.12159e-26  4.61048e-33 -4.30614e-28 -3.80295e-33 -1.67697e-28 -1.21842e-35 -1.04805e-29  5.10634e-35 -2.10596e-31 -6.49806e-37  1.49235e-33 -6.10769e-38
-6.72466e-37 -1.05463e-24 -8.09995e-36  6.17776e-23  1.50004e-34 -1.92304e-21 -7.40152e-34  4.00274e-20  7.48022e-34 -6.15765e-19  1.15502e-32  7.40509e-18 -7.91729e-32 -7.21385e-17  1.73449e-31  5.83283e-16  3.48293e-31 -3.98285e-15 -2.09336e-30  2.32608e-14 -1.47235e-29 -1.17286e-13  2.21687e-28  5.14097e-13 -1.49284e-27 -1.96856e-12   7.1101e-27  6.60599e-12 -2.65344e-26 -1.94595e-11  7.92603e-26  5.03253e-11 -1.81711e-25 -1.14096e-10  2.54367e-25  2.26015e-10  2.07594e-25 -3.88973e-10  -2.9686e-24  5.76379e-10  1.26251e-23 -7.25021e-10 -3.86219e-23  7.56328e-10  9.60849e-23  -6.2695e-10 -2.02081e-22  3.74881e-10  3.63631e-22  -1.1151e-10 -5.58041e-22 -5.13502e-11   7.1588e-22  8.13081e-11 -7.26389e-22 -3.51682e-11  4.81201e-22 -8.09207e-12  5.36899e-23  1.55332e-11 -7.82702e-22 -3.80434e-12  1.49597e-21 -3.34493e-12 -1.96618e-21  1.98072e-12  2.06871e-21  4.73803e-13 -1.83753e-21 -5.71127e-13  1.41939e-21 -5.19504e-14 -9.73455e-22  1.29295e-13  5.98618e-22    8.565e-15 -3.25839e-22 -2.46456e-14  1.48723e-22 -2.87955e-15 -4.93235e-23  3.80286e-15  5.88296e-24  8.58076e-16  5.14099e-24 -4.09519e-16 -3.63215e-24  -1.7047e-16  7.96921e-25  1.75852e-17  2.69324e-25  2.05655e-17 -2.33808e-25  2.33669e-18  4.61736e-26 -1.19194e-18  1.59086e-26 -4.04507e-19 -1.06822e-26 -8.48722e-21  1.33174e-27  1.96139e-20  7.14383e-28  4.19826e-21 -2.85175e-28  5.41965e-23 -1.95405e-30 -1.19366e-22  2.38391e-29 -2.12208e-23 -5.34642e-30 -9.24703e-25  7.61311e-32  1.87248e-25  9.14622e-32  3.26473e-26  3.16761e-33  1.93232e-27 -2.65595e-33  1.96559e-30  -1.8219e-35  -5.1846e-30  2.85197e-35 -2.08499e-31 -1.64947e-37 -1.79037e-33
 1.89793e-25  3.09763e-36 -1.96209e-23 -1.04208e-34  8.04066e-22  8.75182e-34 -2.02107e-20 -3.07841e-33  3.60131e-19 -4.07563e-33 -4.89581e-18  8.86058e-32  5.30729e-17 -3.61101e-31 -4.72384e-16  1.18188e-31   3.5235e-15  4.81873e-30 -2.23535e-14 -1.47235e-29  1.21943e-13 -8.49454e-29 -5.76656e-13  1.14497e-27  2.37779e-12 -7.17613e-27 -8.58393e-12   3.2649e-26  2.71968e-11   -1.192e-25 -7.56975e-11  3.59353e-25  1.84983e-10 -8.84659e-25 -3.95996e-10   1.6558e-24   7.3944e-10 -1.66017e-24 -1.19603e-09 -3.12084e-24  1.65755e-09  2.34457e-23 -1.93428e-09 -8.13665e-23  1.84504e-09  2.11646e-22 -1.35687e-09 -4.52521e-22  6.58771e-10  8.18789e-22 -6.53368e-11 -1.26083e-21 -2.03593e-10  1.63416e-21  1.71189e-10 -1.72013e-21  -3.4101e-11  1.32237e-21 -4.01619e-11 -4.05603e-22   2.9359e-11 -8.20166e-22  1.26258e-12  1.96284e-21 -8.99816e-12 -2.64934e-21   1.8723e-12  2.72927e-21  2.00213e-12 -2.32693e-21 -7.31212e-13  1.71424e-21 -3.99991e-13 -1.12806e-21   1.7459e-13  6.76438e-22  8.04675e-14 -3.64828e-22 -2.98228e-14  1.65115e-22 -1.59584e-14 -5.23086e-23  3.21417e-15  3.51119e-24  2.72337e-15  7.56223e-24 -3.90599e-17 -4.59171e-24  -3.3548e-16   8.7348e-25 -5.46165e-17  3.68258e-25  2.25166e-17 -2.77613e-25  9.12178e-18  5.10778e-26  1.04711e-19   1.7036e-26 -5.87082e-19 -1.08347e-26 -1.24296e-19  1.25349e-27  4.26995e-21  7.10846e-28  5.97411e-21 -2.71252e-28  9.51778e-22 -3.36282e-30 -2.22713e-24   2.2279e-29   -2.157e-23 -4.92964e-30 -3.11772e-24  1.24271e-31 -1.27305e-25  6.90541e-32  1.44215e-26  1.43656e-33  2.12851e-27 -1.69772e-33  1.00622e-28 -1.17922e-35   1.0022e-30  1.37025e-35 -4.42589e-32 -2.98865e-38
-3.60766e-36  4.84722e-24  6.80836e-35 -2.86353e-22 -8.60469e-34  8.99315e-21  4.87538e-33 -1.88936e-19 -8.71942e-33  2.93494e-18 -6.57464e-32 -3.56569e-17  5.12369e-31  3.51095e-16 -1.16814e-30 -2.87083e-15 -3.88065e-30  1.98353e-14  3.68284e-29 -1.17286e-13 -8.49454e-29  5.99131e-13 -4.26986e-28 -2.66246e-12  5.25908e-27  1.03438e-11 -3.09131e-26  -3.5248e-11  1.34361e-25  1.05536e-10 -4.76266e-25 -2.77717e-10  1.42002e-24  6.41462e-10 -3.56169e-24  -1.2965e-09  7.28526e-24  2.28079e-09 -1.08972e-23 -3.46288e-09  5.91208e-24  4.47788e-09   3.1355e-23  -4.8263e-09 -1.49461e-22   4.1712e-09  4.23617e-22  -2.6579e-09 -9.33723e-22  9.38928e-10  1.70621e-21   2.3313e-10 -2.63238e-21 -5.45416e-10  3.41843e-21  2.86005e-10 -3.64596e-21  2.40494e-11  2.97482e-21  -1.0846e-10 -1.39791e-21   3.8395e-11 -6.46622e-22  1.94888e-11  2.45183e-21 -1.66328e-11 -3.43199e-21 -1.59369e-12  3.44358e-21  4.53962e-12 -2.79008e-21 -1.37068e-13  1.93888e-21 -1.01811e-12 -1.21747e-21  5.39365e-14  7.16645e-22  2.01047e-13 -3.89425e-22  7.64215e-17  1.77784e-22 -3.38387e-14 -5.43698e-23 -3.65323e-15  7.49362e-25   4.3075e-15  1.00738e-23  1.12175e-15 -5.49805e-24 -3.12742e-16  9.21235e-25 -1.73885e-16  4.53429e-25 -4.08587e-18 -3.07257e-25  1.35356e-17  5.39104e-26  3.02696e-18  1.64277e-26 -2.37538e-19  -1.0212e-26 -2.11191e-19  1.14088e-27 -3.05489e-20  6.58059e-28  2.31391e-21 -2.45537e-28  1.37798e-21 -3.45734e-30  1.73042e-22  1.95259e-29  -7.0753e-25 -4.30803e-30 -2.72452e-24  1.57847e-31 -3.24709e-25  4.92769e-32 -1.26251e-26 -3.99338e-35  5.48892e-28 -9.79395e-34  6.96787e-29 -3.93271e-36  2.09852e-30  5.35242e-36  1.23753e-32
-8.07335e-25 -4.05533e-35   8.4175e-23  6.86265e-34 -3.48032e-21 -5.72611e-33   8.8299e-20  2.21521e-32 -1.58882e-18   6.7213e-33  2.18213e-17 -5.15432e-31 -2.39103e-16  2.35072e-30  2.15223e-15 -1.06243e-30  -1.6244e-14  -3.9903e-29  1.04339e-13  2.21687e-28 -5.76656e-13 -4.26986e-28  2.76462e-12 -1.92326e-27 -1.15659e-11  2.19014e-26  4.23967e-11  -1.2134e-25 -1.36522e-10  5.04107e-25  3.86592e-10 -1.72816e-24  -9.6228e-10  5.04472e-24  2.10117e-09 -1.26042e-23 -4.00865e-09  2.65488e-23  6.63853e-09 -4.48289e-23 -9.44589e-09  5.07294e-23  1.13628e-08  5.19873e-24 -1.12458e-08 -2.24624e-22   8.6931e-09  7.62199e-22 -4.61132e-09 -1.77568e-21  8.34299e-10   3.3054e-21  1.13035e-09 -5.11868e-21 -1.15888e-09  6.63653e-21  3.35406e-10 -7.08694e-21  2.17723e-10  5.91059e-21 -2.14413e-10 -3.20486e-21  1.62028e-11 -1.60894e-22  5.89914e-11     2.96e-21 -1.99817e-11 -4.31845e-21 -1.17849e-11  4.17953e-21  6.76009e-12 -3.16881e-21  2.14217e-12  2.03964e-21  -1.6044e-12 -1.21007e-21 -4.28979e-13  7.07357e-22  2.95393e-13 -3.97301e-22  9.46406e-14  1.86847e-22 -3.95876e-14 -5.57998e-23 -1.88676e-14 -2.14205e-24  2.76586e-15  1.24678e-23  2.78057e-15 -6.25987e-24  1.75653e-16  9.35826e-25 -2.45605e-16  5.10681e-25 -6.35162e-17 -3.17839e-25  6.51277e-18  5.49686e-26  5.66891e-18  1.38182e-26  7.63865e-19 -8.88761e-27 -1.33778e-19  1.00818e-27 -5.84082e-20  5.70251e-28 -6.12201e-21 -2.11706e-28  6.04337e-22 -2.60457e-30  2.37986e-22  1.59523e-29  2.45099e-23 -3.55413e-30  7.93996e-26  1.73212e-31  -2.2207e-25  3.27892e-32 -2.14173e-26 -9.41511e-34 -7.22365e-28 -4.98345e-34  5.25385e-30  5.74352e-37  6.85304e-31  1.47216e-36
  1.2876e-35 -1.92698e-23 -4.46463e-34  1.14859e-21  5.30194e-33 -3.64114e-20  -3.1672e-32  7.72493e-19  7.21411e-32 -1.21237e-17  3.07811e-31  1.48885e-16 -3.00809e-30 -1.48261e-15  8.15725e-30  1.22673e-14  2.02813e-29 -8.58168e-14 -2.70222e-28  5.14097e-13  1.14497e-27 -2.66246e-12 -1.92326e-27   1.2004e-11 -7.88884e-27 -4.73537e-11  8.37072e-26  1.63992e-10 -4.38725e-25 -4.99498e-10  1.74338e-24  1.33864e-09 -5.76719e-24 -3.15302e-09  1.63865e-23  6.50862e-09 -4.03037e-23 -1.17161e-08  8.51945e-23  1.82459e-08  -1.5059e-22 -2.42812e-08  2.05502e-22  2.70676e-08 -1.51221e-22 -2.44072e-08 -2.16151e-22  1.65512e-08  1.20122e-21 -6.75716e-09 -3.10141e-21 -6.00294e-10  5.96722e-21  3.15017e-09  -9.3189e-21 -1.99421e-09  1.20559e-20  8.06779e-11 -1.28083e-20  6.44335e-10  1.07089e-20 -3.11888e-10 -6.12413e-21 -8.56143e-11  6.94703e-22  1.17756e-10  3.53731e-21 -4.04083e-12 -5.34394e-21  -3.0262e-11  4.91394e-21  4.81058e-12 -3.40734e-21  6.64737e-12  1.96867e-21 -1.26154e-12 -1.08239e-21 -1.35001e-12  6.42607e-22  1.77716e-13 -3.88448e-22  2.46582e-13  1.92696e-22 -2.68474e-15 -5.67242e-23 -3.61535e-14 -4.97042e-24 -5.03319e-15  1.45384e-23  3.48114e-15 -6.78696e-24  1.16803e-15  9.14205e-25 -1.10191e-16  5.28837e-25 -1.20805e-16  -3.0705e-25 -1.62817e-17  5.47553e-26   4.4799e-18  9.39556e-27  1.80843e-18 -7.07535e-27   1.4698e-19  8.59672e-28 -4.30445e-20  4.67526e-28   -1.256e-20 -1.73224e-28 -1.01454e-21 -1.31451e-30  9.79954e-23  1.20113e-29  2.95618e-23 -2.75762e-30  2.53477e-24  1.70208e-31  3.23417e-26  1.98467e-32  -1.0074e-26 -1.22777e-33 -7.28667e-28 -2.15411e-34 -1.64592e-29  1.58837e-36 -3.60156e-32
