 1.56037e-09 -1.11324e-23 -3.89447e-08  3.14658e-22  3.34306e-07  -2.6383e-21 -1.46283e-06   1.2082e-20  3.52336e-06 -3.48897e-20 -4.43933e-06   6.5844e-20  2.21074e-06 -8.00092e-20  2.78066e-07  5.92962e-20  -3.0477e-07 -2.41232e-20 -3.47256e-08   4.3601e-21   2.7837e-09
-1.11324e-23  5.74102e-08 -1.71749e-22 -7.68451e-07  3.20816e-21  4.66398e-06 -2.05006e-20 -1.53221e-05  7.53296e-20  2.75615e-05 -1.77671e-19 -2.38625e-05  2.72193e-19  4.76121e-06  -2.6067e-19  3.51218e-06  1.43159e-19 -4.09213e-07 -3.80437e-20 -1.58171e-07  3.19241e-21
-3.89447e-08 -1.71749e-22  9.85585e-07 -1.42483e-21 -8.61935e-06  1.92886e-20  3.86605e-05 -9.71353e-20 -9.62208e-05   2.9123e-19  0.000126692 -5.63935e-19 -6.73918e-05  6.95321e-19 -7.65584e-06 -5.10237e-19  1.02802e-05  1.93953e-19  1.13033e-06 -2.71833e-20 -1.10113e-07
 3.14658e-22 -7.68451e-07 -1.42483e-21  1.04803e-05 -7.81833e-21 -6.52263e-05  8.08029e-20  0.000221588 -3.29016e-19 -0.000416983  8.16659e-19  0.000384832 -1.29946e-18 -8.90606e-05  1.26921e-18 -6.06885e-05 -6.87015e-19  9.08878e-06  1.64617e-19  3.17802e-06 -7.36539e-21
 3.34306e-07  3.20816e-21 -8.61935e-06 -7.81833e-21  7.73063e-05 -3.10719e-20 -0.000358708  2.54004e-19   0.00093452 -8.56698e-19  -0.00131075  1.77931e-18  0.000771881 -2.30372e-18   6.1103e-05  1.72894e-18 -0.000131832 -6.52893e-19 -1.25319e-05  8.82444e-20   1.7769e-06
 -2.6383e-21  4.66398e-06  1.92886e-20 -6.52263e-05 -3.10719e-20  0.000420009  -9.4163e-20  -0.00149403  6.29978e-19   0.00299414 -1.80522e-18  -0.00302941  3.13375e-18  0.000874746 -3.19417e-18  0.000500738  1.73349e-18 -0.000109378 -4.06068e-19 -3.22309e-05  2.67829e-20
-1.46283e-06 -2.05006e-20  3.86605e-05  8.08029e-20 -0.000358708  -9.4163e-20   0.00174296 -2.27523e-19  -0.00483536  1.30485e-18   0.00740872 -3.24351e-18  -0.00504487   4.5748e-18 -6.94897e-05 -3.41182e-18  0.000974183  1.18279e-18  6.24598e-05 -1.00886e-19 -1.77161e-05
  1.2082e-20 -1.53221e-05 -9.71353e-20  0.000221588  2.54004e-19  -0.00149403 -2.27523e-19   0.00565905  -4.6855e-19   -0.0123709  2.44402e-18    0.0142298  -5.2423e-18  -0.00548669  5.59554e-18  -0.00232482  -2.6771e-18  0.000857897  4.49601e-19  0.000201066  6.80278e-20
 3.52336e-06  7.53296e-20 -9.62208e-05 -3.29016e-19   0.00093452  6.29978e-19  -0.00483536  -4.6855e-19    0.0146264 -9.09798e-19   -0.0253289  4.46074e-18    0.0210323 -7.83056e-18  -0.00203939  5.63228e-18  -0.00459688 -1.40491e-18 -2.48035e-05  6.28329e-20  0.000121827
-3.48897e-20  2.75615e-05   2.9123e-19 -0.000416983 -8.56698e-19   0.00299414  1.30485e-18   -0.0123709 -9.09798e-19    0.0305179 -1.80117e-18   -0.0419123  7.97061e-18    0.0230324 -1.05248e-17   0.00551793  4.29689e-18  -0.00458738 -4.23047e-19 -0.000790604  5.91133e-20
-4.43933e-06 -1.77671e-19  0.000126692  8.16659e-19  -0.00131075 -1.80522e-18   0.00740872  2.44402e-18   -0.0253289 -1.80117e-18    0.0521144 -3.54493e-18   -0.0565647  1.30871e-17    0.0160986 -1.19221e-17    0.0135495  1.84442e-18  -0.00163204 -1.13762e-19 -0.000591365
  6.5844e-20 -2.38625e-05 -5.63935e-19  0.000384832  1.77931e-18  -0.00302941 -3.24351e-18    0.0142298  4.46074e-18   -0.0419123 -3.54493e-18    0.0740807 -6.37595e-18   -0.0628539  1.84903e-17   0.00041656 -1.05709e-17    0.0163288  -5.2393e-19   0.00160292 -1.21127e-19
 2.21074e-06  2.72193e-19 -6.73918e-05 -1.29946e-18  0.000771881  3.13375e-18  -0.00504487  -5.2423e-18    0.0210323  7.97061e-18   -0.0565647 -6.37595e-18    0.0898852 -9.83898e-18   -0.0578767  2.15717e-17   -0.0187775 -6.76541e-18    0.0109371 -1.47299e-18   0.00193404
-8.00092e-20  4.76121e-06  6.95321e-19 -8.90606e-05 -2.30372e-18  0.000874746   4.5748e-18  -0.00548669 -7.83056e-18    0.0230324  1.30871e-17   -0.0628539 -9.83898e-18    0.0968843 -1.25638e-17   -0.0431825  2.01946e-17    -0.033274 -2.74156e-18   0.00149496 -9.53272e-19
 2.78066e-07  -2.6067e-19 -7.65584e-06  1.26921e-18   6.1103e-05 -3.19417e-18 -6.94897e-05  5.59554e-18  -0.00203939 -1.05248e-17    0.0160986  1.84903e-17   -0.0578767 -1.25638e-17    0.0986237 -1.28509e-17   -0.0210086  1.47247e-17   -0.0347188 -4.52445e-19  -0.00330591
 5.92962e-20  3.51218e-06 -5.10237e-19 -6.06885e-05  1.72894e-18  0.000500738 -3.41182e-18  -0.00232482  5.63228e-18   0.00551793 -1.19221e-17   0.00041656  2.15717e-17   -0.0431825 -1.28509e-17     0.102296  -1.0001e-17   0.00794827  8.09459e-18    -0.020819  1.21225e-19
 -3.0477e-07  1.43159e-19  1.02802e-05 -6.87015e-19 -0.000131832  1.73349e-18  0.000974183  -2.6771e-18  -0.00459688  4.29689e-18    0.0135495 -1.05709e-17   -0.0187775  2.01946e-17   -0.0210086  -1.0001e-17     0.112626  -5.2679e-18    0.0377559  3.30004e-18  -0.00334829
-2.41232e-20 -4.09213e-07  1.93953e-19  9.08878e-06 -6.52893e-19 -0.000109378  1.18279e-18  0.000857897 -1.40491e-18  -0.00458738  1.84442e-18    0.0163288 -6.76541e-18    -0.033274  1.47247e-17   0.00794827  -5.2679e-18     0.122669 -1.13651e-18    0.0500947   9.9537e-19
-3.47256e-08 -3.80437e-20  1.13033e-06  1.64617e-19 -1.25319e-05 -4.06068e-19  6.24598e-05  4.49601e-19 -2.48035e-05 -4.23047e-19  -0.00163204  -5.2393e-19    0.0109371 -2.74156e-18   -0.0347188  8.09459e-18    0.0377559 -1.13651e-18     0.111148   6.7988e-19    0.0322247
  4.3601e-21 -1.58171e-07 -2.71833e-20  3.17802e-06  8.82444e-20 -3.22309e-05 -1.00886e-19  0.000201066  6.28329e-20 -0.000790604 -1.13762e-19   0.00160292 -1.47299e-18   0.00149496 -4.52445e-19    -0.020819  3.30004e-18    0.0500947   6.7988e-19    0.0673287  5.49471e-19
  2.7837e-09  3.19241e-21 -1.10113e-07 -7.36539e-21   1.7769e-06  2.67829e-20 -1.77161e-05  6.80278e-20  0.000121827  5.91133e-20 -0.000591365 -1.21127e-19   0.00193404 -9.53272e-19  -0.00330591  1.21225e-19  -0.00334829   9.9537e-19    0.0322247  5.49471e-19     0.019289
