 1.56034e-34  5.74478e-50 -1.63829e-34  7.41324e-47  4.53764e-34 -4.18645e-46 -1.29138e-32  2.34386e-45  2.20196e-31 -2.41856e-44 -2.84872e-30  2.35795e-44  2.93015e-29 -9.41017e-43 -2.46672e-28  1.24029e-41  1.73439e-27 -8.81936e-41 -1.03352e-26  6.00407e-40  5.27568e-26 -3.51338e-39 -2.32498e-25  1.75304e-38  8.89506e-25 -7.59902e-38 -2.96523e-24  2.82296e-37   8.6299e-24  -8.7675e-37 -2.19353e-23  2.13303e-36  4.86281e-23 -3.13517e-36 -9.37124e-23 -3.68756e-36  1.56082e-22  5.00513e-35 -2.22596e-22 -2.36049e-34  2.67842e-22  8.20092e-34 -2.65311e-22 -2.36197e-33  2.06676e-22  5.88091e-33 -1.13801e-22 -1.29069e-32  2.82355e-23  2.52236e-32  1.75502e-23 -4.41276e-32 -2.18197e-23  6.92688e-32  7.49549e-24 -9.75647e-32  2.85433e-24  1.23028e-31  -3.4414e-24 -1.38195e-31  4.52866e-25  1.37001e-31  7.74528e-25  -1.1782e-31 -2.94397e-25  8.48491e-32 -1.30005e-25 -4.67323e-32  8.17949e-26  1.29873e-32    2.046e-26  9.79574e-33 -1.67347e-26 -1.99407e-32 -3.70045e-27  2.01023e-32  2.70644e-27 -1.49519e-32  7.51369e-28  8.73771e-33 -3.24564e-28 -3.92815e-33 -1.36536e-28   1.1706e-33  2.14652e-29 -2.29106e-35  1.83194e-29 -2.46258e-34   8.3939e-31  1.93145e-34  -1.5153e-30 -9.47237e-35 -3.42867e-31  3.34384e-35  4.50341e-32 -8.17696e-36  3.01902e-32  9.77335e-37  3.29206e-33  1.95241e-37 -8.46849e-34  -1.3471e-37 -2.85543e-34  3.40253e-38 -2.21559e-35 -4.22733e-39  4.45685e-36  1.92417e-40  1.25574e-36 -1.04871e-40  9.59025e-38  7.64376e-41 -4.95457e-39 -2.40268e-41 -1.66019e-39  4.32631e-42 -1.29779e-40 -4.73273e-43 -2.04521e-42  2.89726e-44  2.30764e-43 -7.51855e-46    1.199e-44  2.22599e-47  5.01814e-46 -1.50726e-48
 5.74478e-50  4.85498e-34  1.98377e-48 -1.46103e-33  1.37134e-45   3.3181e-32 -7.43566e-45 -6.66175e-31  4.46853e-44  9.84295e-30 -4.48616e-43 -1.13393e-28  2.53989e-42  1.05534e-27 -3.42777e-41 -8.12899e-27   3.2835e-40  5.27196e-26 -2.35395e-39 -2.91494e-25  1.50776e-38  1.38672e-24 -8.40047e-38 -5.71395e-24  4.07568e-37  2.04861e-23 -1.73384e-36 -6.40898e-23  6.44101e-36  1.75164e-22 -2.06967e-35 -4.18055e-22  5.62457e-35  8.69341e-22 -1.22006e-34 -1.56821e-21  1.71687e-34  2.43627e-21  7.52449e-35 -3.22226e-21 -1.58676e-33  3.56169e-21  6.91183e-33   -3.186e-21 -2.15164e-32  2.16109e-21  5.50678e-32 -9.24938e-22 -1.21401e-31  1.53979e-23  2.35372e-31  3.10515e-22 -4.05515e-31 -2.08864e-22  6.24009e-31  1.91773e-23 -8.59159e-31  5.40224e-23  1.05746e-30 -2.72993e-23 -1.15918e-30  -5.6771e-24  1.12316e-30  8.58418e-24 -9.48299e-31 -4.07584e-25  6.78058e-31  -1.9143e-24 -3.83486e-31  2.91763e-25  1.33579e-31  3.70695e-25  3.04197e-32 -6.34454e-26 -1.03997e-31  -6.6455e-26   1.1041e-31  7.30435e-27 -8.27681e-32  1.06513e-26  4.84319e-32  4.52336e-29 -2.21034e-32 -1.36255e-27  7.16765e-33 -1.96625e-28 -8.99494e-34  1.14391e-28 -7.48144e-34  3.82388e-29  6.96112e-34 -3.09965e-30 -3.47583e-34  -3.5179e-30  1.20153e-34 -4.52639e-31 -2.77126e-35  1.24266e-31  2.56208e-36  4.72615e-32  9.90482e-37  3.19413e-33 -5.30889e-37 -1.20213e-33  1.24284e-37 -3.13607e-34 -1.60754e-38 -2.01317e-35  2.05308e-39  3.62623e-36 -1.03625e-39  8.35777e-37  4.51243e-40  6.04333e-38 -1.14552e-40 -1.19721e-39  1.78048e-41 -4.81653e-40 -1.66557e-42 -3.29895e-41  7.83347e-44 -7.96623e-43 -6.90441e-46  1.71975e-45  1.20831e-47  6.50343e-46
-1.63829e-34  1.98377e-48    2.233e-33  3.52864e-47 -5.46619e-32  1.61308e-44  1.30782e-30 -9.20107e-44 -2.23678e-29  7.03797e-43   2.9112e-28 -7.76062e-42 -3.01314e-27  6.84492e-41  2.55323e-26 -7.12096e-40 -1.80758e-25  5.94365e-39  1.08493e-24 -4.10056e-38 -5.58022e-24  2.48658e-37  2.47888e-23 -1.32136e-36   -9.564e-23  6.17621e-36   3.2167e-22 -2.54942e-35 -9.45046e-22  9.28702e-35  2.42633e-21 -2.97327e-34 -5.43698e-21  8.27977e-34  1.05997e-20 -1.95915e-33  -1.7878e-20   3.7165e-33  2.58541e-20 -4.60435e-33 -3.16031e-20 -1.63811e-33  3.18911e-20  3.22289e-32 -2.54394e-20 -1.23977e-31  1.45312e-20  3.40199e-31 -4.03926e-21 -7.67009e-31 -1.90837e-21  1.48839e-30  2.74356e-21 -2.53696e-30 -1.06232e-21  3.83577e-30 -2.97668e-22 -5.16704e-30  4.48713e-22  6.20641e-30 -8.27242e-23 -6.63229e-30 -9.50737e-23  6.26788e-30  4.39649e-23 -5.17718e-30  1.46026e-23  3.65091e-30 -1.18503e-23 -2.08375e-30 -2.06407e-24  8.12484e-31   2.4368e-24 -4.22269e-33   3.6825e-25 -3.57997e-31 -4.08126e-25  4.08858e-31 -8.31445e-26 -3.09286e-31  5.28543e-26  1.80501e-31  1.70895e-26 -8.27353e-32 -4.31156e-27  2.80778e-32 -2.56592e-27 -5.17931e-33  2.45427e-29 -1.23995e-33  2.40746e-28  1.63589e-33  4.16376e-29 -8.40845e-34 -9.83657e-30  2.82092e-34 -4.55895e-30 -5.89001e-35 -3.14109e-31  2.30342e-36   1.6333e-31   3.5734e-36  4.31342e-32 -1.50717e-36  1.98592e-33  3.29745e-37 -9.29801e-34 -4.94038e-38 -1.96202e-34  1.16738e-38 -1.12192e-35 -5.14333e-39  1.37682e-36  1.72197e-39  2.89224e-37 -3.65215e-40  1.85869e-38   4.8216e-41  1.30122e-40 -3.70928e-42 -5.57658e-41  1.21888e-43 -2.80366e-42  1.04097e-45 -4.94773e-44 -8.06792e-48
 7.41324e-47 -1.46103e-33  3.52864e-47  6.42882e-32  3.19441e-46 -1.90447e-30  1.48413e-43  3.83658e-29 -1.04479e-42 -5.70227e-28  1.06651e-41  6.61025e-27 -1.23663e-40 -6.19249e-26  1.19845e-39  4.80271e-25 -1.09361e-38 -3.13724e-24  8.36927e-38  1.74779e-23 -5.48119e-37 -8.38118e-23  3.15143e-36   3.4825e-22 -1.59669e-35 -1.25968e-21  7.16027e-35  3.97794e-21 -2.85151e-34 -1.09808e-20  1.00915e-33  2.64874e-20 -3.16821e-33 -5.57117e-20  8.77546e-33  1.01747e-19 -2.11874e-32  -1.6022e-19  4.34403e-32  2.15132e-19 -7.08633e-32  -2.4196e-19  7.21416e-32  2.21056e-19  4.54813e-32 -1.54332e-19 -4.80938e-31  6.97404e-20  1.56705e-30  -4.5221e-21  -3.7321e-30 -2.11505e-20  7.34807e-30  1.56699e-20  -1.2472e-29 -2.20589e-21  1.85866e-29 -3.73068e-21 -2.45275e-29  2.18572e-21  2.87533e-29  2.87519e-22 -2.99266e-29  -6.5365e-22  2.75347e-29  7.03147e-23 -2.21812e-29  1.41575e-22  1.53442e-29 -3.14041e-23 -8.73161e-30 -2.71018e-23  3.61162e-30  6.77934e-24 -4.66978e-31  4.94228e-24 -9.30289e-31 -9.19034e-25  1.18118e-30 -8.30339e-25 -9.04101e-31  4.96962e-26  5.25139e-31  1.14478e-25 -2.40323e-31  9.98378e-27   8.3816e-32  -1.0868e-26 -1.87473e-32 -2.80146e-27 -2.69309e-34  4.59392e-28  2.65188e-33  3.04603e-28 -1.44495e-33   2.5678e-29   4.5684e-34 -1.36741e-29 -7.37475e-35 -3.96217e-30 -9.73575e-36 -1.18794e-31  1.05295e-35  1.31619e-31 -3.52892e-36  2.69674e-32  7.30063e-37  9.43744e-34 -1.38764e-37 -4.35938e-34   4.6273e-38 -7.77332e-35 -1.79949e-38 -4.27185e-36  4.99645e-39  2.58071e-37 -8.93912e-40  5.20465e-38  9.80051e-41  3.07694e-39 -5.90745e-42  4.24208e-41  1.12852e-43   -1.722e-42   3.3484e-45 -4.83833e-44
 4.53764e-34  1.37134e-45 -5.46619e-32  3.19441e-46  2.15049e-30 -9.26329e-46 -5.22714e-29  1.25961e-42  8.99358e-28 -1.24476e-41 -1.17785e-26  1.51495e-40  1.22709e-25  -1.7209e-39 -1.04694e-24  1.63247e-38  7.46541e-24 -1.36142e-37 -4.51475e-23  9.71315e-37  2.34062e-22 -6.01738e-36 -1.04849e-21  3.28193e-35   4.0811e-21 -1.58457e-34 -1.38547e-20  6.80312e-34  4.11084e-20 -2.60543e-33 -1.06659e-19  8.91251e-33  2.41709e-19 -2.72163e-32 -4.76976e-19  7.39624e-32  8.15183e-19 -1.77598e-31 -1.19618e-18  3.71337e-31  1.48646e-18 -6.55264e-31 -1.52936e-18  8.99845e-31  1.25033e-18 -6.77014e-31  -7.4135e-19 -9.36849e-31  2.28713e-19   5.4413e-30  7.93383e-20 -1.46509e-29 -1.37101e-19  2.99312e-29  5.96678e-20 -5.10677e-29  1.13519e-20  7.53342e-29 -2.31988e-20 -9.75616e-29   5.5981e-21  1.11654e-28  4.55963e-21 -1.13097e-28   -2.582e-21  1.01134e-28 -6.10722e-22 -7.92376e-29   6.7661e-22  5.35283e-29  6.87096e-23 -3.00986e-29 -1.39583e-22  1.28091e-29 -1.15067e-23 -2.57824e-30  2.41195e-23 -1.90029e-30  3.22573e-24  2.83018e-30  -3.3413e-24 -2.20102e-30 -8.05646e-25  1.27169e-30   3.1738e-25 -5.79747e-31  1.39096e-25  2.06562e-31 -1.06255e-26 -5.29204e-32 -1.48832e-26  6.38791e-33 -1.80571e-27  1.96564e-33  7.72106e-28 -1.39217e-33  2.65799e-28  3.43997e-34   6.4442e-30  2.65231e-35 -1.19828e-29 -5.91023e-35   -2.497e-30  2.64753e-35 -1.86551e-32 -7.07376e-36  7.13167e-32  1.41398e-36  1.19226e-32 -3.62368e-37  3.94993e-34  1.43376e-37  -1.2556e-34 -4.95796e-38 -1.95509e-35  1.17408e-38 -1.02527e-36 -1.76741e-39  1.59799e-38  1.56236e-40  4.71804e-39 -6.89198e-42  1.85291e-40  4.10531e-44  2.14175e-42  3.51517e-45
-4.18645e-46   3.3181e-32  1.61308e-44 -1.90447e-30 -9.26329e-46   5.7826e-29 -9.51685e-44 -1.17236e-27  1.15432e-41  1.75338e-26 -1.52732e-40  -2.0459e-25  1.93202e-39  1.92977e-24  -2.0716e-38 -1.50746e-23  1.85721e-37  9.92158e-23 -1.43783e-36 -5.57138e-22  9.62413e-36    2.694e-21 -5.63701e-35 -1.12927e-20   2.9173e-34  4.12283e-20 -1.34171e-33  -1.3148e-19  5.50796e-33  3.66748e-19 -2.02447e-32 -8.94552e-19  6.67306e-32  1.90416e-18 -1.97277e-31 -3.52287e-18  5.22114e-31  5.62655e-18 -1.23132e-30 -7.67525e-18  2.56364e-30  8.79043e-18 -4.62624e-30 -8.20933e-18  6.95017e-30  5.90405e-18 -7.75935e-30 -2.81525e-18  3.21386e-30  3.14804e-19  1.27041e-29  7.61837e-19 -4.67868e-29 -6.27455e-19  1.03288e-28  1.19867e-19 -1.79664e-28  1.35447e-19  2.63891e-28  -9.2957e-20 -3.36171e-28 -5.46897e-21  3.75776e-28  2.63679e-20 -3.70178e-28 -4.55127e-21  3.21188e-28 -5.50055e-21 -2.44108e-28  1.67371e-21  1.60398e-28  1.03168e-21 -8.84969e-29 -3.61236e-22  3.80012e-29 -1.90784e-22 -9.28368e-30  5.39128e-23 -3.03458e-30  3.37283e-23  5.83153e-30 -4.60855e-24 -4.63354e-30 -5.03131e-24  2.66635e-30 -1.31005e-25  -1.2132e-30  5.35631e-25  4.43724e-31  1.02461e-25 -1.29136e-31 -2.98716e-26  2.94243e-32 -1.37038e-26 -5.69343e-33 -4.79401e-28  1.61527e-33  7.59551e-28 -8.89619e-34  1.70915e-28   4.8198e-34 -3.10877e-30 -1.96332e-34 -7.31585e-30   5.7364e-35 -1.18556e-30 -1.20689e-35  1.51149e-33  2.44354e-36  2.62575e-32 -8.75033e-37  3.72818e-33  3.67857e-37  1.33335e-34 -1.13137e-37 -2.09624e-35  2.30455e-38  -2.9127e-36 -2.88857e-39 -1.36888e-37    1.978e-40 -4.23617e-40 -5.69803e-42  1.27548e-40 -3.76845e-44  2.27903e-42
-1.29138e-32 -7.43566e-45  1.30782e-30  1.48413e-43 -5.22714e-29 -9.51685e-44  1.27906e-27 -2.11779e-42  -2.2145e-26  1.19388e-40  2.91925e-25 -1.79058e-39 -3.06217e-24  2.18081e-38  2.63144e-23 -2.17988e-37 -1.89058e-22  1.83036e-36  1.15241e-21 -1.32453e-35 -6.02446e-21  8.34196e-35  2.72242e-20 -4.62086e-34 -1.06949e-19  2.26951e-33  3.66639e-19 -9.93901e-33 -1.09919e-18   3.8977e-32  2.88354e-18 -1.37292e-31 -6.61221e-18  4.35143e-31  1.32151e-17  -1.2416e-30 -2.28999e-17  3.18578e-30  3.41197e-17 -7.32714e-30 -4.31364e-17  1.50078e-29  4.52866e-17 -2.70414e-29 -3.79791e-17  4.18298e-29  2.33879e-17 -5.25022e-29 -7.94597e-18  4.43686e-29 -1.89815e-18  4.60688e-30   4.2089e-18 -1.17387e-28 -2.05679e-18  3.05168e-28 -2.22398e-19 -5.53352e-28  7.34741e-19  8.15759e-28 -2.23374e-19 -1.02531e-27 -1.31035e-19  1.12021e-27  9.23874e-20 -1.07246e-27  1.38323e-20  9.01341e-28  -2.3541e-20 -6.62779e-28 -6.94453e-22  4.22035e-28  4.85898e-21 -2.27151e-28  5.93904e-23  9.70931e-29 -8.63559e-22 -2.61628e-29 -5.52607e-23 -3.52008e-30  1.27204e-22  1.06357e-29  2.11894e-23 -8.69177e-30 -1.36467e-23  5.00101e-30  -4.4607e-24 -2.28882e-30  7.33451e-25  8.73716e-31  5.52507e-25 -2.92892e-31  3.72776e-26  9.48446e-32 -3.50204e-26 -3.34393e-32  -9.1798e-27  1.30736e-32  2.90318e-28 -5.08537e-33  5.20093e-28  1.75958e-33  8.44014e-29 -4.98487e-34 -3.77987e-30  1.06012e-34 -3.21326e-30 -1.66707e-35 -4.27053e-31  3.82266e-36 -7.42151e-34 -1.94127e-36  6.43828e-33  8.06485e-37  7.90947e-34 -2.19551e-37   3.0157e-35  3.84155e-38 -1.74971e-36 -3.94019e-39 -2.22837e-37  1.97209e-40 -7.28278e-39 -2.89218e-42 -5.86937e-41 -5.55686e-44
 2.34386e-45 -6.66175e-31 -9.20107e-44  3.83658e-29  1.25961e-42 -1.17236e-27 -2.11779e-42  2.39179e-26 -3.28558e-41 -3.60059e-25  1.28221e-39  4.23013e-24 -1.91909e-38 -4.01874e-23  2.18777e-37  3.16299e-22 -2.03498e-36 -2.09827e-21  1.59885e-35  1.18809e-20  -1.0853e-34 -5.79531e-20  6.44185e-34  2.45174e-19 -3.37588e-33 -9.03841e-19  1.57347e-32  2.91223e-18 -6.55843e-32 -8.21266e-18  2.45481e-31   2.0267e-17 -8.27619e-31 -4.36843e-17  2.51806e-30  8.19225e-17 -6.91902e-30 -1.32798e-16  1.71594e-29   1.8417e-16 -3.83185e-29 -2.14961e-16  7.66748e-29  2.05386e-16  -1.3625e-28 -1.52285e-16  2.11449e-28  7.65802e-17 -2.76893e-28 -1.20831e-17  2.80022e-28 -1.81883e-17  -1.4616e-28  1.68659e-17 -1.95646e-28  -4.1021e-18  7.68984e-28 -3.23071e-18 -1.50943e-27  2.64196e-18  2.25841e-27 -3.17077e-20 -2.81129e-27 -7.07279e-19  3.00455e-27   1.7338e-19 -2.79335e-27  1.40329e-19  2.26977e-27 -5.71767e-20 -1.61036e-27 -2.54121e-20  9.90127e-28  1.23689e-20  -5.1722e-28  4.74238e-21  2.17825e-28 -1.97434e-21 -6.15466e-29 -8.88835e-22  -2.0426e-30  2.09627e-22  1.77486e-29  1.44722e-22 -1.50063e-29 -6.34599e-24  8.70017e-30 -1.72587e-23 -4.06886e-30 -2.21909e-24  1.66503e-30  1.18506e-24 -6.50994e-31   3.9943e-25  2.63489e-31 -9.82822e-27 -1.10564e-31 -2.71813e-26  4.44203e-32  -4.6681e-27  -1.5703e-32   4.0472e-28  4.60137e-33  2.62367e-28 -1.04528e-33  3.28193e-29   1.6126e-34 -1.76693e-30 -1.55241e-35 -1.01146e-30  5.53335e-36   -1.147e-31 -3.93711e-36 -1.27454e-33  1.53809e-36  9.87284e-34 -3.67676e-37  1.04173e-34  5.48445e-38   3.7572e-36 -4.48901e-39 -4.56055e-38   1.4969e-40 -5.75454e-39  -3.1197e-43 -8.04782e-41
 2.20196e-31  4.46853e-44 -2.23678e-29 -1.04479e-42  8.99358e-28  1.15432e-41  -2.2145e-26 -3.28558e-41  3.85922e-25   -4.135e-40 -5.12231e-24   1.3149e-38  5.41174e-23 -1.85969e-37 -4.68561e-22  1.97147e-36  3.39307e-21 -1.70967e-35 -2.08548e-20  1.25865e-34  1.09976e-19 -8.03131e-34 -5.01558e-19  4.49704e-33  1.98952e-18 -2.22992e-32 -6.89056e-18  9.86038e-32  2.08834e-17   -3.909e-31 -5.54212e-17  1.39509e-30  1.28666e-16 -4.49614e-30 -2.60599e-16  1.31116e-29   4.5817e-16  -3.4631e-29 -6.93639e-16  8.28217e-29  8.92873e-16 -1.79025e-28  -9.5731e-16  3.48413e-28  8.24258e-16 -6.06222e-28 -5.27467e-16  9.31272e-28  1.96071e-16 -1.23329e-27  2.82711e-17  1.33517e-27 -9.16164e-17 -1.00117e-27  5.03188e-17  3.02013e-29  1.59083e-18  1.60836e-27 -1.64401e-17 -3.67152e-27  6.16174e-18  5.66362e-27  2.56821e-18   -7.015e-27 -2.32887e-18  7.34026e-27 -1.57997e-19 -6.62049e-27  5.75943e-19  5.18972e-27 -2.58398e-20 -3.54171e-27 -1.18478e-19  2.09471e-27  7.46176e-21 -1.05693e-27   2.1594e-20  4.34866e-28 -2.04428e-22  -1.2457e-28 -3.37048e-21  2.08834e-30 -3.17662e-22  2.84784e-29   4.0158e-22 -2.48934e-29  9.55293e-23  1.47093e-29 -2.82464e-23 -7.18707e-30 -1.41486e-23  3.23087e-30  -9.3143e-26 -1.45381e-30  1.07943e-24  6.68576e-31  2.12683e-25 -2.96441e-31 -2.35518e-26   1.1675e-31 -1.54842e-26 -3.83111e-32 -1.86108e-27  9.93104e-33  2.39261e-28 -1.85056e-33  9.90488e-29  1.81107e-34  1.01307e-29  1.59498e-36 -4.59454e-31  7.68821e-36   -2.215e-31 -7.26946e-36 -2.17467e-32  2.57778e-36 -4.44728e-34 -5.35551e-37   8.3276e-35  6.72519e-38  7.22546e-36 -4.23949e-39   1.9838e-37  7.93494e-41  6.93127e-40  6.26088e-43
-2.41856e-44  9.84295e-30  7.03797e-43 -5.70227e-28 -1.24476e-41  1.75338e-26  1.19388e-40 -3.60059e-25   -4.135e-40  5.45753e-24 -4.47437e-39 -6.45786e-23  1.24308e-37  6.18142e-22 -1.63639e-36 -4.90364e-21   1.6151e-35  3.28002e-20 -1.30962e-34 -1.87344e-19  9.05045e-34  9.22238e-19 -5.43635e-33  -3.9394e-18  2.87305e-32  1.46714e-17 -1.34778e-31  -4.7785e-17  5.65044e-31   1.3631e-16 -2.12842e-30  -3.4052e-16  7.23378e-30  7.43667e-16 -2.22532e-29 -1.41456e-15  6.20999e-29   2.3289e-15 -1.57387e-28 -3.28611e-15  3.62263e-28  3.91204e-15 -7.56226e-28 -3.82742e-15  1.42709e-27  2.92811e-15 -2.42036e-27 -1.55206e-15  3.65204e-27  3.14962e-16 -4.81421e-27   3.1619e-16  5.34476e-27 -3.36182e-16 -4.54948e-27  1.00218e-16  1.90748e-27  5.53137e-17  2.54433e-27 -5.54358e-17 -7.98754e-27  4.58805e-18  1.29931e-26  1.38923e-17 -1.61005e-26 -4.57212e-18   1.6506e-26  -2.5697e-18 -1.44227e-26  1.40307e-18  1.08771e-26  4.37426e-19 -7.11425e-27 -3.04333e-19  4.03041e-27 -8.16306e-20 -1.95476e-27  5.11659e-20  7.79445e-28  1.64778e-20 -2.19715e-28 -6.23488e-21  5.66918e-30 -2.98212e-21  4.72083e-29  3.89076e-22 -4.19223e-29   4.0107e-22  2.54971e-29   2.5812e-23  -1.3239e-29 -3.28371e-23  6.54612e-30  -8.1979e-24 -3.24641e-30   8.6235e-25  1.57696e-30  6.95507e-25 -6.99727e-31  8.53381e-26  2.64409e-31 -1.73946e-26 -8.04139e-32 -6.72314e-27  1.84949e-32 -6.00099e-28 -2.74743e-33  8.87117e-29  7.68164e-35  2.77191e-29  4.91519e-35  2.43343e-30  1.07384e-35 -6.20608e-32 -1.21756e-35 -3.15963e-32  3.81724e-36 -2.63973e-33 -6.80696e-37 -6.54865e-35  7.06859e-38  2.89841e-36 -3.26016e-39  1.84822e-37  2.21574e-41  2.11185e-39
-2.84872e-30 -4.48616e-43   2.9112e-28  1.06651e-41 -1.17785e-26 -1.52732e-40  2.91925e-25  1.28221e-39 -5.12231e-24 -4.47437e-39  6.84769e-23 -4.29524e-38 -7.28916e-22  1.07756e-36  6.36103e-21 -1.31979e-35 -4.64456e-20  1.21704e-34  2.87958e-19 -9.25391e-34 -1.53246e-18  6.01347e-33  7.05646e-18 -3.40341e-32 -2.82762e-17  1.69784e-31  9.89892e-17 -7.53115e-31 -3.03443e-16  2.99059e-30  8.15102e-16 -1.06892e-29 -1.91703e-15  3.45403e-29  3.93727e-15 -1.01245e-28 -7.02806e-15  2.69872e-28  1.08193e-14 -6.55088e-28 -1.41911e-14  1.44853e-27  1.55521e-14 -2.91457e-27   -1.376e-14  5.32143e-27  9.15504e-15 -8.77102e-27 -3.70308e-15  1.29376e-26 -2.21116e-16 -1.68245e-26   1.5188e-15  1.87567e-26 -9.40627e-16 -1.68294e-26  3.87027e-17    9.823e-27  2.78814e-16  1.80564e-27 -1.27487e-16 -1.55382e-26 -3.58399e-17  2.75392e-26  4.44941e-17 -3.43401e-26 -5.53709e-19  3.44984e-26 -1.06343e-17 -2.91411e-26  1.33059e-18  2.10691e-26  2.16783e-18 -1.31473e-26 -3.20999e-19  7.09866e-27 -4.03942e-19 -3.29129e-27  3.71078e-20  1.25994e-27  6.67224e-20  -3.3631e-28  1.26123e-21 -5.53928e-30 -8.75474e-21  8.65134e-29 -1.39431e-21 -7.52625e-29  7.46122e-22   4.7037e-29  2.65894e-22 -2.58615e-29 -1.84557e-23   1.3682e-29 -2.44943e-23 -7.10037e-30  -3.4026e-24  3.47113e-30  8.36327e-25 -1.49811e-30    3.398e-25  5.35887e-31  2.63057e-26 -1.49893e-31 -8.11582e-27  3.01936e-32 -2.24635e-27 -3.26751e-33 -1.60472e-28  -2.8773e-34  2.16303e-29  1.41822e-34  5.55792e-30  1.55253e-35  4.28008e-31 -1.84398e-35 -1.78096e-33  5.00545e-36 -2.60814e-33 -7.54566e-37 -1.73968e-34  6.32083e-38 -3.73584e-36 -1.97189e-39  1.50883e-38 -2.25236e-42
 2.35795e-44 -1.13393e-28 -7.76062e-42  6.61025e-27  1.51495e-40  -2.0459e-25 -1.79058e-39  4.23013e-24   1.3149e-38 -6.45786e-23 -4.29524e-38  7.69915e-22 -3.73387e-37 -7.42783e-21  8.61537e-36  5.94128e-20 -9.85839e-35 -4.00871e-19  8.52624e-34  2.31061e-18 -6.09498e-33 -1.14841e-17  3.72951e-32  4.95538e-17  -1.9899e-31 -1.86534e-16  9.36861e-31  6.14453e-16 -3.92625e-30 -1.77395e-15   1.4748e-29  4.48874e-15 -4.99336e-29 -9.93875e-15  1.53099e-28   1.9188e-14 -4.26681e-28 -3.21084e-14  1.08397e-27  4.61307e-14 -2.51486e-27 -5.60604e-14  5.33183e-27  5.62129e-14 -1.03223e-26 -4.44079e-14  1.82025e-26  2.47989e-14 -2.90985e-26  -6.1371e-15   4.1834e-26 -4.19094e-15 -5.33804e-26  5.25169e-15  5.90649e-26 -1.87357e-15 -5.40305e-26 -7.03757e-16  3.57501e-26  9.07491e-16 -6.36213e-27 -1.41045e-16 -2.69578e-26 -2.10163e-16  5.45654e-26  9.06065e-17 -6.88146e-26  3.50119e-17  6.76749e-26 -2.63475e-17 -5.50839e-26 -5.28684e-18  3.79981e-26  5.72405e-18  -2.2488e-26  9.64797e-19   1.1498e-26 -1.00415e-18 -5.06065e-27  -2.1836e-19  1.83343e-27  1.35486e-19  -4.3044e-28  4.57315e-20 -7.06981e-29 -1.14493e-20  1.76914e-28 -7.06777e-21 -1.45586e-28  5.37843e-23  9.20309e-29  6.81927e-22 -5.23681e-29  1.20989e-22  2.85537e-29 -2.82801e-23 -1.49017e-29 -1.34328e-23  7.13091e-30 -9.71585e-25 -2.94738e-30  4.77121e-25  9.88323e-31  1.29551e-25 -2.51611e-31  6.49757e-27   4.3276e-32 -2.63365e-27 -2.60297e-33 -5.70846e-28 -1.06622e-33 -3.53138e-29  2.87263e-34  3.33009e-30  2.29377e-35  7.47324e-31 -2.51786e-35  4.96335e-32  5.80943e-36  5.14922e-34 -7.26392e-37 -9.88717e-35  4.73721e-38 -4.39366e-36 -8.75289e-40  -4.0076e-38
 2.93015e-29  2.53989e-42 -3.01314e-27 -1.23663e-40  1.22709e-25  1.93202e-39 -3.06217e-24 -1.91909e-38  5.41174e-23  1.24308e-37 -7.28916e-22 -3.73387e-37  7.82042e-21  -2.9847e-36 -6.88123e-20  6.41065e-35  5.06812e-19 -6.88734e-34 -3.17092e-18  5.60602e-33  1.70374e-17 -3.77553e-32 -7.92468e-17  2.17774e-31   3.2095e-16 -1.09573e-30 -1.13629e-15  4.86675e-30  3.52502e-15 -1.92507e-29 -9.58984e-15  6.82952e-29  2.28626e-14 -2.18595e-28 -4.76475e-14  6.34433e-28  8.64123e-14 -1.67676e-27 -1.35371e-13   4.0493e-27  1.81079e-13 -8.95699e-27 -2.03017e-13   1.8169e-26   1.8474e-13 -3.37853e-26 -1.27861e-13  5.74607e-26  5.60159e-14 -8.89705e-26 -9.44978e-16  1.24447e-25 -1.99853e-14 -1.55305e-25  1.40451e-14  1.69364e-25 -1.57026e-15 -1.55127e-25 -3.72839e-15  1.08183e-25  2.07779e-15 -3.62136e-26  3.45431e-16 -4.16789e-26 -6.72573e-16  1.02685e-25   6.3554e-17 -1.31203e-25  1.54188e-16  1.25908e-25 -3.33716e-17 -9.82642e-26 -3.08732e-17  6.42536e-26  7.75386e-18 -3.57795e-26  5.85856e-18  1.71726e-26 -1.12292e-18     -7.1e-27 -1.02541e-18  2.36735e-27  6.77935e-20 -3.93663e-28  1.47891e-19 -2.79043e-28  1.22524e-20  3.83136e-28 -1.47462e-20 -2.93837e-28 -3.74643e-21  1.84237e-28  6.66305e-22  -1.0577e-28  4.27543e-22  5.77492e-29  3.45342e-23 -2.96079e-29 -1.99287e-23  1.36692e-29 -5.69914e-24 -5.36314e-30 -1.62002e-25  1.67256e-30  1.91454e-25  -3.8268e-31  3.88569e-26  5.38435e-32  1.40682e-27  2.46723e-34 -5.97719e-28 -2.36615e-33   -1.065e-28  4.78401e-34  -5.9857e-30  3.31696e-35  2.82554e-31 -3.09007e-35  6.01692e-32     5.95e-36  3.19295e-33 -6.01863e-37  4.57119e-35  2.89401e-38 -9.46781e-37 -2.40122e-40
-9.41017e-43  1.05534e-27  6.84492e-41 -6.19249e-26  -1.7209e-39  1.92977e-24  2.18081e-38 -4.01874e-23 -1.85969e-37  6.18142e-22  1.07756e-36 -7.42783e-21  -2.9847e-36  7.22548e-20 -2.22092e-35  -5.8297e-19  4.47924e-34  3.96938e-18 -4.53826e-33 -2.30992e-17  3.48618e-32  1.15968e-16 -2.21561e-31 -5.05735e-16  1.20567e-30  1.92517e-15 -5.72159e-30 -6.41729e-15   2.3964e-29  1.87619e-14 -8.93768e-29 -4.81165e-14   2.9899e-28  1.08083e-13 -9.02717e-28 -2.11943e-13  2.47345e-27  3.60738e-13 -6.18073e-27 -5.28151e-13  1.41448e-26  6.55763e-13 -2.97445e-26 -6.74523e-13  5.75868e-26  5.50696e-13 -1.02668e-25 -3.23852e-13  1.68213e-25  9.44431e-14 -2.52075e-25  4.30857e-14  3.42734e-25 -6.65514e-14 -4.17539e-25  2.79924e-14  4.46779e-25  6.57804e-15 -4.05192e-25 -1.19918e-14  2.87235e-25  2.78669e-15  -1.1673e-25  2.51437e-15  -5.8506e-26 -1.41642e-15  1.87627e-25  -3.5229e-16 -2.41503e-25  3.93665e-16  2.24671e-25  3.96158e-17 -1.66925e-25 -8.54511e-17  1.02558e-25 -6.44122e-18 -5.31529e-26  1.55402e-17  2.36462e-26  1.91947e-18  -9.0167e-27 -2.27848e-18  2.58362e-27 -5.20858e-19  2.31979e-30  2.32602e-19 -8.11846e-28  9.66653e-20  8.27454e-28 -9.42789e-21 -5.91753e-28 -1.10451e-20  3.62931e-28 -1.21355e-21  -2.0661e-28  6.17527e-22   1.1112e-28  2.01136e-22 -5.53093e-29  2.79904e-24   2.4457e-29 -9.59851e-24 -9.05978e-30 -1.91787e-24  2.60939e-30 -2.37949e-27 -5.28297e-31  5.61403e-26   5.6251e-32     9.07e-27  6.10566e-33  2.88619e-28 -4.17009e-33 -9.11034e-29  6.89667e-34 -1.36548e-29  4.49808e-35 -6.90661e-31 -3.39562e-35  8.49258e-33  5.34545e-36  2.34461e-33 -4.22493e-37  8.01878e-35  1.36345e-38  5.61784e-37
-2.46672e-28 -3.42777e-41  2.55323e-26  1.19845e-39 -1.04694e-24  -2.0716e-38  2.63144e-23  2.18777e-37 -4.68561e-22 -1.63639e-36  6.36103e-21  8.61537e-36 -6.88123e-20 -2.22092e-35   6.1075e-19 -1.55362e-34 -4.53933e-18  2.96104e-33  2.86734e-17 -2.83878e-32 -1.55618e-16  2.06217e-31  7.31531e-16 -1.23826e-30 -2.99596e-15  6.36117e-30  1.07329e-14 -2.84775e-29 -3.37148e-14   1.1244e-28  9.29509e-14 -3.95075e-28 -2.24776e-13   1.2444e-27  4.75682e-13 -3.53647e-27 -8.77145e-13  9.12252e-27  1.39945e-12 -2.14816e-26 -1.91069e-12   4.6423e-26  2.19351e-12 -9.24898e-26 -2.05475e-12  1.70428e-25   1.4801e-12 -2.90767e-25 -6.99573e-13  4.58506e-25  6.11009e-14 -6.64833e-25  2.14007e-13  8.78564e-25 -1.72472e-13 -1.04391e-24  3.13782e-14  1.09271e-24  4.01764e-14 -9.73467e-25 -2.75432e-14  6.85687e-25 -1.75776e-15 -2.96129e-25  8.26199e-15 -8.20997e-26 -1.50607e-15  3.42244e-25 -1.79406e-15 -4.35936e-25  5.87403e-16  3.88952e-25  3.47649e-16 -2.72451e-25 -1.34844e-16  1.55485e-25 -6.67981e-17 -7.38874e-26  2.17446e-17  2.98772e-26  1.24546e-17 -1.01145e-26 -2.14086e-18  1.96605e-27 -1.98507e-18  1.20036e-27 -1.60231e-21 -2.00423e-27  2.28282e-19  1.71652e-27  3.86895e-20 -1.15028e-27  -1.4266e-20  6.85279e-28 -5.86736e-21 -3.83556e-28 -8.84444e-23  2.01626e-28  3.56136e-22 -9.68805e-29   7.3804e-23  4.08756e-29 -2.69641e-24 -1.42445e-29 -3.42563e-24  3.76387e-30 -5.17395e-25 -6.61113e-31  5.56227e-27  4.47479e-32  1.19311e-26  1.51297e-32  1.59175e-27 -6.28168e-33  5.17695e-29  8.80789e-34 -8.51142e-30  5.55919e-35 -1.07553e-30 -3.32376e-35  -4.4868e-32  4.17015e-36 -1.98859e-34  -2.4435e-37  2.60092e-35  4.29946e-39
 1.24029e-41 -8.12899e-27 -7.12096e-40  4.80271e-25  1.63247e-38 -1.50746e-23 -2.17988e-37  3.16299e-22  1.97147e-36 -4.90364e-21 -1.31979e-35  5.94128e-20  6.41065e-35  -5.8297e-19 -1.55362e-34  4.74651e-18 -1.02943e-33 -3.26283e-17  1.86203e-32   1.9179e-16 -1.69289e-31  -9.7309e-16  1.16446e-30  4.29114e-15 -6.61204e-30 -1.65282e-14  3.20855e-29  5.57842e-14 -1.35547e-28 -1.65263e-13  5.04516e-28  4.29845e-13  -1.6692e-27 -9.80249e-13  4.94486e-27   1.9538e-12 -1.32028e-26 -3.38517e-12  3.19768e-26  5.05484e-12 -7.07135e-26 -6.41813e-12  1.43737e-25  6.77847e-12 -2.70268e-25 -5.72383e-12   4.7248e-25  3.54343e-12  -7.6988e-25 -1.18917e-12  1.16772e-24 -3.38529e-13 -1.63898e-24  6.99819e-13  2.10636e-24  -3.4416e-13 -2.44047e-24 -4.01823e-14  2.49307e-24  1.30742e-13 -2.16695e-24 -4.14333e-14   1.4895e-24 -2.39828e-14 -6.34008e-25   1.8017e-14 -1.45896e-25  2.37186e-15  6.40072e-25 -4.79805e-15 -7.82593e-25 -1.97367e-17  6.60012e-25  1.03624e-15 -4.30718e-25 -1.93696e-17  2.25075e-25 -1.94351e-16 -9.60712e-26 -6.03594e-18  3.41695e-26  3.06518e-17 -9.30595e-27  4.07928e-18  -3.9917e-28 -3.60635e-18  4.00426e-27 -1.02467e-18 -4.41982e-27  2.33375e-19  3.35991e-27  1.42485e-19 -2.11819e-27  5.47047e-21  1.22321e-27 -1.01475e-20 -6.71349e-28 -2.34319e-21   3.4386e-28  1.52033e-22 -1.59035e-28  1.50041e-22  6.38829e-29  2.16303e-23 -2.08883e-29 -1.56204e-24  5.03043e-30 -9.21883e-25 -7.46577e-31 -1.11274e-25   1.6044e-32  1.05062e-27  2.64289e-32  1.76334e-27 -8.33721e-33  1.96556e-28  1.00829e-33  6.57706e-30  6.15848e-35 -4.05252e-31 -2.87632e-35  -4.2328e-32  2.77871e-36 -1.14825e-33 -1.10252e-37 -5.27245e-36
 1.73439e-27   3.2835e-40 -1.80758e-25 -1.09361e-38  7.46541e-24  1.85721e-37 -1.89058e-22 -2.03498e-36  3.39307e-21   1.6151e-35 -4.64456e-20 -9.85839e-35  5.06812e-19  4.47924e-34 -4.53933e-18 -1.02943e-33  3.40616e-17 -6.49368e-33 -2.17323e-16  1.11742e-31  1.19197e-15 -9.64525e-31 -5.66583e-15  6.28687e-30  2.34777e-14 -3.37795e-29 -8.51557e-14  1.54932e-28  2.71033e-13 -6.17962e-28 -7.57742e-13  2.16894e-27  1.85995e-12 -6.75665e-27  -3.9998e-12  1.88136e-26  7.50504e-12 -4.71279e-26  -1.2205e-11  1.06915e-25  1.70236e-11 -2.21285e-25 -2.00305e-11  4.21316e-25  1.93328e-11 -7.44415e-25 -1.45014e-11  1.23026e-24  7.37011e-12 -1.91083e-24  -1.1284e-12  2.78748e-24 -1.89037e-12 -3.79176e-24  1.77714e-12  4.74555e-24 -4.49975e-13 -5.36225e-24 -3.51545e-13  5.33297e-24  3.03505e-13 -4.49005e-24 -9.73391e-15   2.9569e-24 -8.38256e-14 -1.15647e-24   2.3591e-14 -3.71552e-25  1.68737e-14  1.24402e-24 -8.01145e-15 -1.40896e-24 -3.07722e-15  1.10529e-24  1.83078e-15 -6.63326e-25  5.92328e-16  3.12112e-25 -3.16403e-16 -1.16311e-25 -1.19302e-16  3.41829e-26  3.84397e-17 -4.98399e-27  2.13763e-17 -6.07986e-27 -2.09437e-18  9.77014e-27 -2.83786e-18 -8.91078e-27 -2.53671e-19  6.15789e-27  2.24335e-19 -3.66029e-27  6.34368e-20  2.05116e-27 -4.50321e-21 -1.10492e-27 -5.00649e-21  5.50854e-28 -7.20273e-22  -2.4476e-28  1.02883e-22  9.34661e-29  4.83612e-23  -2.8623e-29  5.15828e-24  6.24167e-30 -4.58741e-25 -7.54103e-31   -1.845e-25 -2.82895e-32 -1.85019e-26   3.8066e-32  -5.3615e-30 -9.89723e-33  1.67173e-28  1.04052e-33  1.52487e-29  6.04953e-35  4.65547e-31 -2.17602e-35 -5.99281e-33  1.53749e-36 -5.00559e-34 -3.37669e-38
-8.81936e-41  5.27196e-26  5.94365e-39 -3.13724e-24 -1.36142e-37  9.92158e-23  1.83036e-36 -2.09827e-21 -1.70967e-35  3.28002e-20  1.21704e-34 -4.00871e-19 -6.88734e-34  3.96938e-18  2.96104e-33 -3.26283e-17 -6.49368e-33  2.26553e-16 -3.91019e-32 -1.34579e-15  6.40706e-31  6.90429e-15 -5.25247e-30 -3.08046e-14   3.2455e-29  1.20123e-13   -1.651e-28 -4.10758e-13  7.16212e-28  1.23388e-12 -2.69904e-27 -3.25709e-12  8.93845e-27  7.54628e-12 -2.62276e-26 -1.53002e-11  6.86363e-26  2.70077e-11 -1.61174e-25 -4.11679e-11  3.41853e-25  5.35027e-11  -6.6015e-25 -5.80745e-11  1.17231e-24  5.07619e-11 -1.93728e-24 -3.30713e-11  3.01503e-24  1.25544e-11 -4.45607e-24  1.85621e-12   6.2568e-24 -6.19798e-12 -8.26744e-24  3.55434e-12  1.00971e-23  4.50519e-14 -1.11284e-23 -1.19205e-12   1.0739e-23   4.9343e-13 -8.67727e-24  1.79567e-13  5.34653e-24 -1.90326e-13 -1.72635e-24  -4.6888e-15 -1.09747e-24  4.84406e-14  2.49449e-24  -4.6473e-15 -2.54358e-24 -1.03381e-14  1.82962e-24   1.2607e-15 -9.97215e-25  1.98981e-15  4.14755e-25 -1.37588e-16 -1.29641e-25 -3.35973e-16  2.71188e-26 -1.31189e-17   5.1753e-27  4.46031e-17 -1.76566e-26  8.05391e-18  2.05944e-26 -3.75848e-18 -1.66081e-26 -1.47075e-18  1.05277e-26  7.14622e-20 -5.90548e-27  1.31792e-19  3.22283e-27  2.05624e-20 -1.70946e-27  -4.0634e-21  8.29336e-28 -1.87191e-21 -3.53392e-28 -1.73238e-22  1.28156e-28  3.84015e-23 -3.67214e-29  1.20325e-23  7.20592e-30  1.01041e-24 -6.70155e-31 -8.32961e-26  -8.1002e-32 -2.63395e-26  4.75465e-32 -2.22471e-27 -1.05905e-32 -2.51436e-29  9.69527e-34  8.77227e-30  5.21742e-35  6.05168e-31 -1.41414e-35  1.27563e-32  6.69064e-37  1.45298e-35
-1.03352e-26 -2.35395e-39  1.08493e-24  8.36927e-38 -4.51475e-23 -1.43783e-36  1.15241e-21  1.59885e-35 -2.08548e-20 -1.30962e-34  2.87958e-19  8.52624e-34 -3.17092e-18 -4.53826e-33  2.86734e-17  1.86203e-32 -2.17323e-16 -3.91019e-32  1.40127e-15 -2.24931e-31 -7.77129e-15  3.50905e-30  3.73729e-14 -2.73194e-29 -1.56781e-13  1.60061e-28  5.76106e-13 -7.71298e-28 -1.85908e-12  3.16696e-27  5.27431e-12 -1.12855e-26 -1.31506e-11   3.5295e-26  2.87603e-11  -9.7618e-26 -5.49574e-11  2.40181e-25  9.11781e-11 -5.28563e-25 -1.30043e-10  1.04679e-24  1.56977e-10 -1.88098e-24 -1.56255e-10  3.10255e-24  1.22114e-10 -4.77176e-24 -6.65476e-11  6.96583e-24  1.43274e-11 -9.78561e-24  1.38157e-11  1.32539e-23 -1.55827e-11 -1.70751e-23  5.10394e-12  2.04033e-23  2.47343e-12  -2.1921e-23  -2.8218e-12  2.04156e-23  3.56354e-13 -1.56183e-23   7.0776e-13  8.67607e-24 -2.83913e-13 -1.74777e-24 -1.26889e-13 -3.11991e-24  8.85286e-14  5.04828e-24  2.04267e-14  -4.5677e-24  -2.0168e-14  2.98176e-24 -3.83385e-15 -1.46015e-24  3.66965e-15  5.26469e-25  8.68709e-16 -1.30048e-25 -5.08623e-16  1.01932e-26 -1.83065e-16  2.45071e-26  4.32283e-17 -3.91336e-26  2.86144e-17  3.93917e-26  6.95269e-20 -2.87658e-26 -2.77248e-18  1.67434e-26 -5.24904e-19 -8.86397e-27  1.10289e-19  4.73999e-27  5.65491e-20 -2.48803e-27  4.69787e-21  1.17436e-27 -1.87947e-21 -4.78926e-28 -5.47283e-22  1.64841e-28 -3.35881e-23 -4.42004e-29  9.66229e-24  7.76323e-30  2.27536e-24  -5.0681e-31   1.5968e-25 -1.30813e-31 -9.06225e-27  5.26501e-32 -2.48294e-27 -1.02487e-32 -1.72021e-28    8.142e-34  -2.9736e-30   3.9008e-35   1.8703e-31 -7.66704e-36  7.44974e-33  1.99411e-37
 6.00407e-40 -2.91494e-25 -4.10056e-38  1.74779e-23  9.71315e-37 -5.57138e-22 -1.32453e-35  1.18809e-20  1.25865e-34 -1.87344e-19 -9.25391e-34  2.31061e-18  5.60602e-33 -2.30992e-17 -2.83878e-32   1.9179e-16  1.11742e-31 -1.34579e-15 -2.24931e-31  8.08342e-15 -1.23538e-30 -4.19564e-14  1.83374e-29  1.89509e-13 -1.35548e-28 -7.48638e-13  7.53172e-28  2.59533e-12 -3.43986e-27 -7.91051e-12  1.33789e-26   2.1208e-11 -4.51239e-26 -4.99597e-11  1.33398e-25  1.03125e-10 -3.48082e-25 -1.85619e-10  8.05749e-25  2.89094e-10 -1.66205e-24 -3.84943e-10  3.07107e-24  4.29853e-10 -5.12348e-24 -3.89255e-10  7.81838e-24   2.6683e-10 -1.11355e-23 -1.13111e-10    1.519e-23  -3.8461e-12 -2.02871e-23  4.66464e-11  2.66226e-23 -3.12927e-11 -3.36219e-23  2.59306e-12  3.94117e-23  9.14727e-12 -4.11824e-23 -4.86441e-12  3.66849e-23 -9.82908e-13 -2.60056e-23  1.69164e-12   1.2137e-23 -1.35781e-13  4.10358e-25 -4.08061e-13  -8.0891e-24  8.49947e-14  1.00636e-23  8.50677e-14 -8.05973e-24 -2.10218e-14  4.74576e-24  -1.6705e-14 -2.06976e-24  3.18501e-15  6.34298e-25  3.02004e-15  -1.1243e-25 -1.97805e-16 -1.85314e-26 -4.49435e-16  5.77811e-26 -3.82822e-17 -7.62674e-26  4.60297e-17  6.97013e-26  1.19281e-17 -4.63914e-26 -2.09666e-18  2.46908e-26 -1.38128e-18 -1.23301e-26 -1.17574e-19  6.52215e-27  6.36883e-20 -3.41026e-27  1.87675e-20  1.56509e-27  6.65164e-22 -6.09348e-28 -5.97158e-22  1.99063e-28 -1.25947e-22 -5.00333e-29 -5.56492e-24  7.83686e-30  1.67388e-24 -3.00294e-31  3.13808e-25 -1.66148e-31  1.90366e-26  5.22381e-32 -4.87165e-28 -8.96948e-33 -1.34811e-28  6.13029e-34 -6.94104e-30  2.47954e-35 -1.02517e-31 -3.28065e-36  5.76879e-34
 5.27568e-26  1.50776e-38 -5.58022e-24 -5.48119e-37  2.34062e-22  9.62413e-36 -6.02446e-21  -1.0853e-34  1.09976e-19  9.05045e-34 -1.53246e-18 -6.09498e-33  1.70374e-17  3.48618e-32 -1.55618e-16 -1.69289e-31  1.19197e-15  6.40706e-31 -7.77129e-15 -1.23538e-30  4.36038e-14 -6.47023e-30 -2.12284e-13  9.13101e-29  9.02139e-13 -6.40717e-28 -3.36063e-12  3.37729e-27   1.1003e-11 -1.46275e-26 -3.17004e-11  5.39318e-26  8.03502e-11 -1.72318e-25 -1.78855e-10  4.82003e-25  3.48362e-10 -1.18771e-24 -5.90169e-10  2.58875e-24  8.61545e-10 -5.00726e-24 -1.06801e-09  8.62877e-24  1.09745e-09 -1.33406e-23 -8.94099e-10  1.87636e-23  5.21233e-10 -2.46256e-23 -1.43259e-10  3.12935e-23 -8.25742e-11 -3.98411e-23  1.17393e-10  5.10519e-23 -4.78295e-11 -6.36533e-23 -1.33665e-11  7.33175e-23  2.23501e-11 -7.41061e-23  -4.9993e-12   6.2215e-23 -4.96231e-12  -3.9388e-23  2.77528e-12  1.28982e-23  7.26164e-13  8.40292e-24 -8.11666e-13 -1.90716e-23 -8.27858e-14  1.93918e-23  1.83946e-13 -1.37977e-23  1.32463e-14  7.30374e-24 -3.48725e-14 -2.81659e-24 -4.12855e-15  7.20428e-25  5.33819e-15 -7.69847e-26  1.19095e-15 -5.91508e-26 -5.71396e-16  1.11804e-25 -2.32581e-16 -1.36584e-25  2.51703e-17  1.15059e-25  2.76759e-17 -6.96609e-26  2.94511e-18  3.35954e-26   -1.595e-18 -1.58083e-26 -5.14222e-19  8.39117e-27 -6.84882e-21  -4.4069e-27  2.46191e-20  1.96369e-27  4.93991e-21 -7.27678e-28  2.62482e-23  2.25849e-28 -1.37514e-22 -5.34044e-29 -2.24997e-23  7.45507e-30 -8.28143e-25 -9.87982e-32  1.91375e-25  -1.7934e-31  2.92583e-26  4.66496e-32  1.50411e-27 -7.07704e-33 -3.78164e-30  4.09936e-34 -3.20785e-30   1.2969e-35 -8.87002e-32 -9.63403e-37
-3.51338e-39  1.38672e-24  2.48658e-37 -8.38118e-23 -6.01738e-36    2.694e-21  8.34196e-35 -5.79531e-20 -8.03131e-34  9.22238e-19  6.01347e-33 -1.14841e-17 -3.77553e-32  1.15968e-16  2.06217e-31  -9.7309e-16 -9.64525e-31  6.90429e-15  3.50905e-30 -4.19564e-14 -6.47023e-30  2.20459e-13 -3.22712e-29 -1.00872e-12   4.3271e-28  4.03959e-12 -2.88215e-27 -1.42077e-11  1.44169e-26   4.3973e-11 -5.92502e-26 -1.19829e-10  2.07244e-25  2.87248e-10 -6.27817e-25 -6.04174e-10   1.6631e-24  1.10992e-09 -3.87344e-24 -1.76798e-09  7.95569e-24  2.41443e-09 -1.44363e-23  -2.7765e-09  2.31948e-23  2.60707e-09 -3.31779e-23 -1.88014e-09  4.28536e-23  8.81237e-10 -5.15756e-23 -5.65122e-11   6.0964e-23 -2.99298e-10 -7.45136e-23  2.37355e-10  9.43864e-23  -4.1337e-11 -1.17112e-22 -5.89858e-11  1.32409e-22  4.04852e-11 -1.28127e-22  2.74547e-12  9.89838e-23 -1.27389e-11 -5.21006e-23  2.43194e-12  3.95866e-24  2.86349e-12  2.93941e-23 -9.94891e-13 -4.12086e-23 -5.70765e-13  3.56816e-23  2.39889e-13 -2.26685e-23  1.13326e-13  1.07612e-23 -4.09884e-14 -3.64797e-24 -2.20928e-14   7.7201e-25   4.4164e-15 -3.64385e-26  3.71109e-15 -1.09507e-25 -6.35258e-17  1.96242e-25 -4.51109e-16 -2.28789e-25 -7.05964e-17  1.77863e-25   3.0116e-17 -9.72386e-26  1.16993e-17  4.18361e-26  5.41188e-20 -1.85126e-26 -7.42862e-19  1.00847e-26 -1.48721e-19 -5.37414e-27   6.2959e-21  2.31904e-27  7.01823e-21 -8.14921e-28  1.04105e-21  2.40866e-28 -9.64984e-24 -5.39083e-29 -2.27916e-23  6.73191e-30 -2.99987e-24  5.51827e-32 -1.04147e-25 -1.69271e-31  1.30122e-26  3.75085e-32   1.6143e-27 -5.00102e-33   6.3115e-29  2.39711e-34  4.14888e-31  5.24631e-36 -1.41472e-32
-2.32498e-25 -8.40047e-38  2.47888e-23  3.15143e-36 -1.04849e-21 -5.63701e-35  2.72242e-20  6.44185e-34 -5.01558e-19 -5.43635e-33  7.05646e-18  3.72951e-32 -7.92468e-17 -2.21561e-31  7.31531e-16  1.16446e-30 -5.66583e-15 -5.25247e-30  3.73729e-14  1.83374e-29 -2.12284e-13 -3.22712e-29  1.04693e-12 -1.53103e-28 -4.51015e-12  1.94974e-27  1.70446e-11 -1.23288e-26 -5.66624e-11  5.85485e-26  1.65914e-10 -2.28461e-25 -4.27867e-10  7.58625e-25  9.70223e-10 -2.18057e-24 -1.92798e-09  5.47466e-24  3.33853e-09 -1.20609e-23 -4.99353e-09  2.33582e-23  6.36371e-09 -3.97765e-23 -6.75723e-09  5.95643e-23  5.74255e-09 -7.86881e-23 -3.57426e-09  9.29782e-23  1.18862e-09 -1.02149e-22  3.86537e-10   1.1249e-22 -7.64272e-10 -1.33894e-22  3.79398e-10  1.70574e-22  4.62471e-11 -2.11972e-22 -1.51557e-10  2.33868e-22  5.00533e-11 -2.13036e-22  2.83828e-11  1.45622e-22 -2.26402e-11 -5.33199e-23  -2.5884e-12 -2.92601e-23  6.25111e-12  7.59608e-23 -1.18373e-13 -8.22568e-23 -1.40142e-12  6.22417e-23  6.44163e-14 -3.54331e-23  2.74711e-13  1.50415e-23  8.93313e-16 -4.46843e-24 -4.57547e-14  8.04597e-25 -4.89532e-15 -2.46513e-26  5.76378e-15  -1.6681e-25  1.47081e-15  3.24593e-25 -4.17216e-16 -3.61322e-25 -2.24439e-16  2.57886e-25 -4.00026e-18 -1.25775e-25  1.72301e-17  4.69983e-26  3.67549e-18 -1.94818e-26 -3.17549e-19  1.13042e-26 -2.52237e-19 -6.18916e-27 -3.41557e-20   2.5754e-27  2.88282e-21 -8.54428e-28  1.50485e-21  2.41557e-28  1.74428e-22 -5.16174e-29 -1.74294e-24  5.81766e-30  -2.5971e-24  1.39398e-31 -2.76861e-25 -1.41244e-31 -9.15192e-27   2.7062e-32  4.21388e-28 -3.13005e-33   4.0543e-29  1.19364e-34  8.48758e-31  1.41016e-36
 1.75304e-38 -5.71395e-24 -1.32136e-36   3.4825e-22  3.28193e-35 -1.12927e-20 -4.62086e-34  2.45174e-19  4.49704e-33  -3.9394e-18 -3.40341e-32  4.95538e-17  2.17774e-31 -5.05735e-16 -1.23826e-30  4.29114e-15  6.28687e-30 -3.08046e-14 -2.73194e-29  1.89509e-13  9.13101e-29 -1.00872e-12 -1.53103e-28   4.6787e-12 -6.90353e-28 -1.90078e-11   8.3487e-27  6.78761e-11 -5.01314e-26 -2.13489e-10  2.26131e-25  5.91831e-10 -8.38284e-25 -1.44496e-09  2.64428e-24  3.09974e-09 -7.21651e-24  -5.8177e-09  1.71826e-23  9.48762e-09  -3.5826e-23 -1.33028e-08  6.54498e-23  1.57706e-08 -1.04598e-22 -1.53689e-08   1.4588e-22  1.16604e-08 -1.77587e-22 -5.99662e-09  1.91113e-22  9.07263e-10 -1.90863e-22  1.63114e-09  1.97271e-22 -1.56228e-09  -2.3445e-22  4.13972e-10  3.06475e-22  3.15241e-10 -3.81852e-22 -2.87878e-10  4.06103e-22  1.52954e-11 -3.39712e-22  8.13296e-11  1.91741e-22 -2.58433e-11 -1.84046e-23 -1.64781e-11 -1.13617e-22  8.97315e-12  1.68011e-22  2.99724e-12 -1.52622e-22 -2.14043e-12  1.02476e-22 -5.90111e-13 -5.23254e-23  3.92959e-13  1.97843e-23  1.27093e-13 -5.17931e-24 -5.23665e-14  9.00993e-25 -2.48293e-14 -1.02029e-25  3.66661e-15 -2.33032e-25  3.59906e-15  5.14938e-25  2.11595e-16 -5.39979e-25 -3.13701e-16  3.50887e-25 -7.81667e-17 -1.49933e-25  8.54283e-18  4.62764e-26  6.86054e-18 -1.78152e-26   8.6909e-19  1.17906e-26 -1.62311e-19 -6.73404e-27 -6.55125e-20  2.68448e-27 -6.34619e-21 -8.36433e-28  6.83219e-22  2.27842e-28  2.38942e-22 -4.70039e-29  2.24702e-23  4.84567e-30 -3.38698e-26  1.56504e-31 -1.85636e-25 -1.04362e-31 -1.54803e-26  1.73881e-32 -4.28419e-28 -1.70408e-33  3.38509e-30   4.8064e-35  2.03282e-31
