 6.51332e-28 -3.59652e-43  -4.2337e-26  3.71779e-41  1.07711e-24 -1.13808e-39 -1.65784e-23  1.97086e-38  1.78204e-22 -2.33602e-37 -1.43767e-21  2.07238e-36   9.0831e-21 -1.44617e-35 -4.61812e-20  8.17688e-35  1.92387e-19 -3.81231e-34 -6.64501e-19  1.47853e-33  1.91653e-18 -4.77203e-33 -4.63021e-18  1.26819e-32  9.36296e-18 -2.68797e-32  -1.5764e-17  4.14082e-32  2.18478e-17 -2.93843e-32 -2.43967e-17 -6.65499e-32  2.10555e-17  3.06966e-31 -1.27556e-17 -6.42296e-31  3.75877e-18  6.97537e-31  1.55864e-18  4.46233e-31 -2.21768e-18 -4.23292e-30   6.6368e-19  1.21298e-29  3.91005e-19 -2.46756e-29 -3.26852e-19  4.05707e-29 -2.25526e-20 -5.65391e-29  9.14726e-20  6.83591e-29 -6.44684e-21 -7.26592e-29 -2.16281e-20   6.8456e-29  2.05621e-21 -5.75061e-29  4.75293e-21  4.33145e-29 -1.42056e-22 -2.94768e-29 -9.39418e-22  1.83355e-29 -9.39471e-23 -1.05767e-29  1.47324e-22  5.70403e-30   4.1849e-23  -2.8284e-30 -1.37763e-23  1.21194e-30 -8.93237e-24 -3.88743e-31   -3.103e-25  5.47534e-32  1.00324e-24  2.42746e-32  2.94346e-25 -1.50342e-32 -2.44089e-26 -1.42379e-34  -3.4206e-26  3.30161e-33 -7.29285e-27 -1.02566e-33  6.40158e-28 -6.72594e-34  6.82842e-28   8.7048e-34  1.44415e-28 -5.01676e-34  3.30475e-31  1.92952e-34 -7.00124e-30  -5.3775e-35 -1.76149e-30   1.1143e-35 -1.60605e-31 -1.70596e-36  1.99693e-32  1.80975e-37  8.71349e-33 -2.20972e-38  1.30569e-33  1.17748e-38  7.93313e-35 -5.33466e-39 -6.47382e-36  1.78812e-39 -1.98734e-36 -5.54368e-40 -2.13114e-37   1.1486e-40 -1.18086e-38 -9.68939e-42  -1.2753e-40 -2.41554e-43  2.95193e-41  1.22177e-43  2.20893e-42 -1.62315e-44  6.14589e-44  7.69209e-46  9.02661e-46 -2.57462e-48
-3.59652e-43  6.06631e-26 -2.17301e-41 -2.24277e-24  1.56051e-39  4.35048e-23 -3.84274e-38 -5.56526e-22  5.68991e-37  5.18264e-21 -5.96429e-36 -3.71065e-20  4.78097e-35  2.11287e-19 -3.06008e-34  -9.7822e-19  1.60495e-33  3.73705e-18 -7.00497e-33 -1.18914e-17  2.56418e-32  3.16809e-17 -7.87604e-32 -7.07633e-17  2.01161e-31  1.32157e-16 -4.15914e-31 -2.04784e-16  6.46142e-31  2.59335e-16 -5.54196e-31 -2.60907e-16 -5.78416e-31  1.96766e-16  3.61125e-30  -9.5166e-17 -8.54574e-30  9.19799e-18   1.2776e-29  2.58374e-17 -9.60811e-30 -1.80747e-17 -1.10202e-29  6.24476e-19  5.82165e-29  5.18487e-18 -1.33396e-28 -1.78475e-18  2.25357e-28  -1.0052e-18  -3.1176e-28  6.39374e-19  3.67777e-28  1.81275e-19 -3.77378e-28 -1.62431e-19  3.40429e-28 -3.97117e-20 -2.71622e-28  3.33791e-20  1.92589e-28  1.05286e-20 -1.22268e-28 -5.22773e-21  7.06641e-29 -2.62348e-21 -3.83043e-29  4.44376e-22  2.01107e-29  4.98878e-22 -1.02096e-29  3.95943e-23  4.69511e-30 -5.93759e-23 -1.72971e-30 -1.94111e-23  4.20059e-31   2.0493e-24  -4.7797e-32  2.63659e-24   2.2227e-32  5.06289e-25 -3.42019e-32 -1.00129e-25   1.9199e-32 -6.91074e-26 -6.01683e-34 -1.15544e-26 -6.55381e-33  1.45923e-27  5.56686e-33  1.07927e-27  -2.7978e-33   2.0611e-28  9.93039e-34  2.35381e-30 -2.58839e-34 -7.78224e-30  4.95453e-35 -1.91273e-30 -6.48476e-36 -1.93403e-31   3.5857e-37  7.90034e-33  4.30849e-39  5.64243e-33  4.04813e-38  8.83282e-34 -2.19655e-38   6.6961e-35   6.7548e-39  2.43565e-37 -2.00849e-39 -5.24528e-37  4.06859e-40  -6.0167e-38  -3.1595e-41 -3.44111e-39 -7.67127e-43  -9.3593e-41  3.17581e-43  1.91326e-43 -3.48546e-44   7.3317e-44  1.11228e-45  1.11495e-45
 -4.2337e-26 -2.17301e-41  2.78394e-24 -7.42879e-40  -7.1687e-23  4.06295e-38  1.11739e-21 -8.33461e-37 -1.21706e-20   1.0747e-35  9.95552e-20 -1.00737e-34 -6.38197e-19  7.34936e-34  3.29486e-18 -4.33581e-33   -1.395e-17  2.11665e-32  4.90175e-17 -8.66953e-32 -1.43989e-16  3.00057e-31  3.54785e-16  -8.7828e-31 -7.32939e-16  2.15849e-30  1.26347e-15 -4.35999e-30 -1.79834e-15  6.84402e-30  2.07193e-15 -6.87721e-30 -1.86032e-15 -1.18459e-30  1.19581e-15  2.41542e-29 -4.11459e-16 -6.35967e-29 -9.95911e-17  1.05845e-28  2.02648e-16 -1.15476e-28 -7.75881e-17  4.26237e-29 -2.82372e-17  1.51709e-28  3.31215e-17 -4.63591e-28  -1.2325e-18  8.30766e-28 -8.73246e-18 -1.15106e-27  1.58767e-18  1.32791e-27  2.01357e-18 -1.31504e-27 -4.45265e-19  1.13341e-27 -4.52145e-19 -8.54365e-28   7.0325e-20  5.63383e-28  9.61245e-20 -3.25509e-28 -1.44276e-21  1.67598e-28  -1.7139e-20 -8.14609e-29 -2.79436e-21  4.13555e-29  2.08671e-21 -2.28639e-29  8.57117e-22  1.23979e-29 -7.77007e-23 -5.75267e-30 -1.25149e-22  2.20584e-30  -2.3439e-23 -8.52664e-31  6.86679e-24  4.44897e-31  4.10765e-24 -2.35688e-31  5.29151e-25  7.04328e-32 -1.78574e-25   1.7248e-32 -8.66326e-26 -3.51854e-32 -1.21155e-26  2.38673e-32   1.6873e-27  -1.0725e-32  1.04503e-27   3.5057e-33  1.88414e-28 -8.44584e-34  5.59801e-30  1.47036e-34 -4.89951e-30 -1.58519e-35 -1.22308e-30 -2.09956e-37  -1.3469e-31  3.00113e-37 -1.77743e-33  8.80464e-38  1.81203e-33 -6.03539e-38  3.07254e-34  1.68589e-38  2.53626e-35 -4.90267e-39  8.83045e-37  9.81049e-40 -3.96309e-38 -6.98168e-41 -6.41246e-39 -1.45844e-42 -3.32334e-40  5.23747e-43 -7.90907e-42 -4.57204e-44 -6.93614e-44  7.97418e-46
 3.71779e-41 -2.24277e-24 -7.42879e-40  8.39237e-23 -1.76161e-38 -1.64858e-21  7.74009e-37   2.1369e-20 -1.35592e-35 -2.01765e-19  1.54427e-34  1.46567e-18 -1.30606e-33 -8.47371e-18  8.72405e-33  3.98671e-17 -4.76335e-32 -1.54915e-16  2.17051e-31  5.01939e-16 -8.35858e-31  -1.3634e-15   2.7386e-30  3.10961e-15 -7.64342e-30 -5.94159e-15  1.80738e-29  9.44368e-15 -3.56181e-29 -1.23124e-14  5.61488e-29  1.28294e-14 -6.26694e-29 -1.01401e-14   2.1681e-29  5.32233e-15  1.05755e-28 -8.88139e-16 -3.30362e-28 -1.19644e-15  5.89518e-28  1.01795e-15 -7.27908e-28 -1.28854e-16  5.45668e-28 -2.58777e-16  8.60192e-29   1.2203e-16 -1.10972e-27  4.19759e-17  2.26219e-27 -4.03527e-17 -3.18597e-27 -5.79352e-18  3.60379e-27  1.01877e-17 -3.43907e-27  1.15938e-18  2.81879e-27 -2.19536e-18 -1.98517e-27 -3.86918e-19  1.18408e-27  3.88421e-19 -5.81124e-28  1.23189e-19  2.26985e-28 -4.69506e-20  -7.4916e-29 -2.86292e-20  3.49271e-29  1.12628e-21  -3.0621e-29  4.26456e-21  2.60382e-29  8.78971e-22 -1.70642e-29 -2.89915e-22   9.2337e-30 -1.73066e-22 -4.75836e-30  -1.7174e-23  2.41592e-30  1.12995e-23 -9.93548e-31  4.55532e-24   1.8623e-31  3.98615e-25  1.15177e-31 -2.01278e-25 -1.37018e-31 -7.85161e-26  7.98332e-32 -9.86119e-27 -3.25299e-32  1.19903e-27  9.76717e-33  7.05173e-28 -2.15173e-33  1.24065e-28  3.35198e-34  6.29458e-30 -2.79368e-35 -1.88071e-30 -3.44759e-36 -5.07599e-31  1.37982e-36  -5.9293e-32   1.2417e-37 -2.63971e-33 -1.27098e-37   2.6714e-34  3.16261e-38    5.752e-35 -9.27526e-39  4.85791e-36  1.85437e-39  2.10948e-37 -1.19724e-40   2.3503e-39  -1.8806e-42 -1.90675e-40  6.21518e-43 -8.33801e-42 -3.98242e-44 -9.04224e-44
 1.07711e-24  1.56051e-39  -7.1687e-23 -1.76161e-38  1.86936e-21 -3.17733e-37 -2.95241e-20  1.16171e-35  3.26038e-19 -1.77047e-34 -2.70578e-18  1.80121e-33  1.76105e-17 -1.38465e-32 -9.23826e-17  8.51038e-32  3.97791e-16 -4.31523e-31 -1.42299e-15  1.83967e-30  4.26053e-15 -6.67125e-30 -1.07151e-14  2.07104e-29  2.26334e-14 -5.51338e-29  -3.9982e-14  1.25382e-28  5.84946e-14 -2.40591e-28 -6.95922e-14  3.78205e-28   6.5041e-14  -4.5067e-28 -4.43127e-14  2.95277e-28   1.7424e-14  2.65525e-28  1.86337e-15 -1.27496e-27 -7.20185e-15  2.47448e-27  3.43584e-15 -3.27737e-27  6.78652e-16  3.01005e-27  -1.2935e-15 -1.34271e-27  1.85307e-16 -1.39633e-27   3.1662e-16  4.31458e-27  -9.9046e-17 -6.43054e-27 -6.97777e-17  7.17318e-27  2.69537e-17 -6.56163e-27  1.58555e-17  5.04063e-27 -5.10134e-18 -3.19787e-27 -3.63546e-18  1.54919e-27  5.54743e-19 -4.16443e-28  7.34798e-19 -1.26853e-28  3.32605e-20  2.25166e-28 -1.09314e-19 -1.19482e-28 -2.84402e-20  3.22502e-30  8.31338e-21  4.82809e-29  5.63855e-21 -4.86696e-29  4.81124e-22  3.27551e-29 -4.75742e-22 -1.86062e-29 -1.76237e-22  9.04455e-30 -6.06059e-24 -3.18852e-30   1.2554e-23   3.5207e-31  3.89798e-24  4.70752e-31  2.44376e-25 -4.28176e-31 -1.60524e-25  2.21806e-31 -5.44366e-26 -8.26151e-32 -6.56307e-27  2.27176e-32  5.26961e-28 -4.52882e-33  3.42397e-28  6.18852e-34   6.0103e-29 -3.50473e-35  4.16715e-30 -1.23464e-35 -3.93934e-31   4.0875e-36 -1.35937e-31  6.13745e-38 -1.65257e-32 -2.15923e-37 -9.90056e-34  4.59303e-38 -3.31653e-37 -1.43617e-38  5.19598e-36  2.90263e-39  4.42557e-37 -1.67015e-40  1.76638e-38 -1.63583e-42  3.17681e-40  5.46894e-43  8.25433e-43 -2.10898e-44
-1.13808e-39  4.35048e-23  4.06295e-38 -1.64858e-21 -3.17733e-37  3.28137e-20 -4.59929e-36 -4.31227e-19  1.43491e-34  4.13073e-18 -1.93013e-33 -3.04637e-17  1.77023e-32  1.78947e-16 -1.24451e-31  -8.5614e-16  7.06785e-31  3.38628e-15 -3.33781e-30 -1.11806e-14  1.33396e-29  3.09878e-14 -4.56113e-29 -7.22285e-14  1.34269e-28  1.41318e-13 -3.41032e-28 -2.30597e-13  7.45592e-28  3.09798e-13 -1.39068e-27 -3.34585e-13  2.16735e-27  2.77183e-13 -2.68604e-27 -1.57226e-13  2.27028e-27  3.65998e-14 -2.36895e-28  2.79968e-14 -3.53662e-27 -2.99227e-14  8.09734e-27  6.51828e-15 -1.15159e-26  6.54499e-15  1.18629e-26 -4.19134e-15 -8.53357e-27 -7.55916e-16  2.82911e-27  1.29384e-15  2.82918e-27  2.26162e-17 -6.43739e-27 -3.22509e-16  7.38723e-27  3.56804e-18 -6.26083e-27  7.20582e-17  4.02857e-27  3.50814e-18 -1.53439e-27 -1.40227e-17 -5.61376e-28 -2.45862e-18  1.78377e-27  2.08333e-18 -1.99318e-27  7.85498e-19  1.46922e-27 -1.60277e-19 -7.22937e-28 -1.48261e-19  1.62871e-28 -1.40711e-20  9.14717e-29  1.46671e-20 -1.35871e-28  5.42264e-21  1.01615e-28 -6.24459e-23 -5.89729e-29 -5.29739e-22  2.72164e-29 -1.40954e-22 -8.43681e-30  2.10755e-24  3.65404e-31  1.04002e-23  1.48577e-30  2.68798e-24 -1.12913e-30  1.39965e-25    5.297e-31 -9.43291e-26 -1.81119e-31 -2.94274e-26  4.54653e-32 -3.56906e-27 -8.11368e-33  1.12221e-28  9.45365e-34   1.1841e-28 -2.48006e-35  2.11265e-29 -2.95758e-35  1.74777e-30  9.43104e-36 -1.34395e-32  -2.4652e-37  -2.1903e-32 -3.02225e-37 -2.79001e-33  4.97598e-38 -1.80272e-34 -1.87048e-38  -4.9346e-36  3.86339e-39  1.32049e-37 -1.92702e-40  1.50706e-38 -7.98697e-43  4.46744e-40  3.49499e-43  3.77463e-42
-1.65784e-23 -3.84274e-38  1.11739e-21  7.74009e-37 -2.95241e-20 -4.59929e-36  4.72753e-19 -5.53631e-35 -5.29638e-18  1.50192e-33  4.46226e-17 -1.80383e-32 -2.95062e-16   1.5028e-31  1.57388e-15 -9.71194e-31 -6.89735e-15   5.1147e-30   2.5138e-14 -2.25517e-29 -7.67761e-14  8.46318e-29  1.97252e-13  -2.7316e-28 -4.26385e-13  7.63039e-28  7.72552e-13 -1.84972e-27 -1.16285e-12  3.88729e-27  1.42983e-12 -7.03992e-27  -1.3918e-12  1.08323e-26  1.00417e-12 -1.37282e-26 -4.44266e-13  1.32469e-26  2.05422e-15 -7.07792e-27  1.53153e-13 -5.04791e-27 -9.01542e-14  2.00536e-26 -5.62743e-15 -3.24163e-26  3.00189e-14  3.74412e-26 -7.70599e-15 -3.45825e-26 -6.63918e-15  2.76784e-26  3.22028e-15 -2.15955e-26  1.34398e-15  1.84963e-26 -8.64528e-16 -1.72941e-26 -3.03617e-16  1.61163e-26  1.79262e-16 -1.44566e-26  7.62694e-17  1.29087e-26 -2.67274e-17 -1.17132e-26 -1.77772e-17  1.02845e-26  1.62489e-18 -8.02349e-27  3.17786e-18  5.11845e-27  4.30879e-19 -2.40382e-27  -3.4466e-19  5.95993e-28 -1.39949e-19  2.05736e-28   5.2542e-21 -3.65786e-28  1.67219e-20  2.80851e-28  4.01309e-21 -1.60566e-28 -4.19866e-22  6.99372e-29  -4.4788e-22 -1.91446e-29 -9.25887e-23 -4.39064e-31  4.49494e-24  3.91092e-30  6.70068e-24 -2.58776e-30  1.52583e-24  1.11085e-30  8.10822e-26 -3.49283e-31 -4.09684e-26  7.97791e-32 -1.23586e-26 -1.26015e-32 -1.54031e-27  1.19387e-33 -1.73296e-29  1.27683e-35  2.77951e-29   -5.471e-35   5.1962e-30   1.8161e-35  4.69132e-31 -9.51051e-37  1.44981e-32 -3.49535e-37 -1.71966e-33    3.185e-38 -2.58943e-34 -2.08135e-38 -1.60464e-35  4.42637e-39 -4.95491e-37 -1.83864e-40 -4.76758e-39  7.45143e-44  9.08924e-41  1.44864e-43
 1.97086e-38 -5.56526e-22 -8.33461e-37   2.1369e-20  1.16171e-35 -4.31227e-19 -5.53631e-35  5.74919e-18 -5.68453e-34 -5.59075e-17  1.36089e-32  4.18879e-16 -1.47322e-31 -2.50174e-15  1.12202e-30  1.21804e-14 -6.69482e-30 -4.90771e-14  3.27936e-29  1.65256e-13  -1.3528e-28 -4.67735e-13  4.77404e-28  1.11516e-12 -1.45595e-27 -2.23621e-12   3.8619e-27  3.74971e-12 -8.93926e-27 -5.19573e-12  1.80621e-26  5.82086e-12 -3.17459e-26 -5.05542e-12   4.8102e-26  3.08837e-12 -6.16663e-26 -9.13247e-13  6.42209e-26 -4.02447e-13   -4.863e-26  5.76638e-13   1.4248e-26 -1.80198e-13  3.03939e-26 -1.02785e-13 -7.15819e-26  9.20656e-14  9.95971e-26  3.95781e-15 -1.15145e-25 -2.65153e-14  1.25972e-25  2.88095e-15 -1.36645e-25  6.45372e-15  1.42892e-25 -9.41932e-16 -1.36985e-25 -1.48048e-15  1.17299e-25  1.28407e-16 -9.07158e-26   3.1304e-16  6.62114e-26  1.35694e-17 -4.79987e-26  -5.4348e-17  3.48278e-26 -1.19634e-17 -2.38832e-26  6.16193e-18  1.40964e-26  3.11089e-18 -6.31415e-27 -1.02356e-19  1.50372e-27 -4.16613e-19   5.4268e-28 -9.66957e-20 -9.29603e-28  1.82307e-20  7.00082e-28  1.43525e-20 -3.86983e-28  2.37102e-21  1.58373e-28 -4.81607e-22 -3.81004e-29  -3.0207e-22  -3.5545e-30 -5.16738e-23  8.91247e-30  3.24418e-24 -5.25364e-30  3.40901e-24  2.07566e-30  7.15096e-25 -5.99909e-31  4.43706e-26  1.24342e-31 -1.27489e-26 -1.71865e-32  -3.9467e-27  1.20092e-33 -5.06433e-28  7.43732e-35 -2.11953e-29 -8.11644e-35  3.91548e-30  3.02108e-35  8.41008e-31     -2.1e-36  7.80892e-32 -3.28676e-37  3.58124e-33 -1.35927e-38 -4.72768e-36 -2.00048e-38 -1.05833e-35  4.37789e-39 -5.87045e-37 -1.43095e-40 -1.32424e-38  4.55333e-43 -8.30858e-41
 1.78204e-22  5.68991e-37 -1.21706e-20 -1.35592e-35  3.26038e-19  1.43491e-34 -5.29638e-18 -5.68453e-34   6.0237e-17  -5.0753e-33 -5.15574e-16  1.08507e-31   3.4661e-15 -1.06714e-30 -1.88134e-14  7.47002e-30  8.39774e-14 -4.13054e-29 -3.12083e-13  1.88671e-28  9.73123e-13 -7.29463e-28 -2.55629e-12  2.42368e-27  5.66008e-12 -6.99021e-27 -1.05287e-11  1.76185e-26  1.63204e-11  -3.8966e-26  -2.0759e-11  7.57404e-26  2.10593e-11 -1.29225e-25 -1.60796e-11  1.92565e-25  7.91259e-12 -2.47989e-25  -7.9753e-13  2.70346e-25 -2.23185e-12 -2.38666e-25  1.62885e-12  1.50117e-25 -9.11453e-14 -2.44684e-26 -4.75053e-13 -1.08764e-25  1.84335e-13  2.31733e-25  9.00028e-14 -3.46065e-25 -6.75982e-14  4.55929e-25  -1.5132e-14 -5.45419e-25  1.79369e-14  5.81052e-25  3.23003e-15 -5.41501e-25 -3.94584e-15  4.41215e-25 -9.45316e-16 -3.20917e-25  6.93086e-16  2.17369e-25  2.71013e-16  -1.4412e-25 -7.82252e-17  9.54034e-26 -5.94173e-17 -6.05672e-26 -3.88698e-19  3.37213e-26  8.40842e-18 -1.43487e-26  2.09199e-18  3.07586e-27 -4.93497e-19   1.4676e-27 -3.65284e-19 -2.19817e-27 -4.85214e-20  1.58792e-27   2.0741e-20 -8.40505e-28  9.87014e-21  3.22095e-28  1.15969e-21 -6.74229e-29 -3.54394e-22 -1.15783e-29 -1.66419e-22  1.79726e-29 -2.50392e-23 -9.57612e-30  1.39267e-24  3.49137e-30  1.36531e-24 -9.25245e-31  2.73035e-25  1.73856e-31  2.02404e-26 -2.08243e-32 -2.58938e-27  8.11132e-34 -9.21341e-28  1.36084e-34 -1.20942e-28 -9.49658e-35 -7.27235e-30  4.42989e-35  1.97037e-31 -3.52707e-36  8.03644e-32 -2.38641e-37   7.4632e-33 -8.09187e-38  3.53114e-34 -1.68117e-38  6.99664e-36  3.71849e-39 -8.15886e-38 -8.81403e-41 -5.12024e-39  3.18748e-43
-2.33602e-37  5.18264e-21   1.0747e-35 -2.01765e-19 -1.77047e-34  4.13073e-18  1.50192e-33 -5.59075e-17  -5.0753e-33  5.52309e-16 -4.00029e-32 -4.20708e-15  7.71285e-31  2.55669e-14 -6.93728e-30 -1.26778e-13  4.48381e-29  5.20783e-13 -2.30491e-28 -1.78998e-12  9.83882e-28  5.17845e-12 -3.57054e-27 -1.26404e-11  1.11808e-26  2.60045e-11 -3.05195e-26  -4.4853e-11  7.31467e-26  6.41636e-11 -1.54699e-25 -7.46297e-11  2.89552e-25  6.79701e-11  -4.7997e-25 -4.45965e-11  7.03216e-25  1.59067e-11 -9.05681e-25  3.59444e-12  1.01458e-24 -8.02439e-12 -9.68899e-25  3.33588e-12  7.52935e-25  1.04132e-12 -4.03093e-25 -1.43535e-12 -2.44411e-26  1.21186e-13   4.9441e-25  3.81364e-13 -9.89613e-25 -9.51183e-14  1.46019e-24 -8.88762e-14 -1.79485e-24    2.788e-14  1.87655e-24  2.06911e-14 -1.68077e-24 -5.30142e-15  1.30701e-24 -4.74239e-15 -9.06486e-25  4.95026e-16  5.84832e-25  9.47444e-16 -3.67436e-25  7.85589e-17  2.29318e-25 -1.37462e-16 -1.37574e-25 -4.16559e-17  7.28395e-26   9.3983e-18 -2.93284e-26  7.70078e-18  5.35108e-27  8.85341e-19  3.71414e-27 -5.99678e-19 -4.80574e-27 -2.52205e-19  3.29994e-27 -1.59759e-20 -1.66457e-27  1.60706e-20  5.95798e-28  5.62596e-21 -1.07021e-28  4.94339e-22 -2.80914e-29 -1.92271e-22  3.25362e-29 -7.54716e-23   -1.583e-29 -1.05649e-23  5.32593e-30  3.29531e-25 -1.28775e-30  4.22067e-25  2.20048e-31  8.26398e-26 -2.27604e-32  7.05053e-27 -8.55647e-35 -2.37212e-28  1.56982e-34 -1.47224e-28 -7.74505e-35 -1.97712e-29  5.80303e-35 -1.34732e-30 -4.83199e-36 -2.67713e-32 -1.12705e-37  3.53871e-33 -1.52511e-37  3.50601e-34 -1.26088e-38  1.40609e-35  2.67416e-39  2.43537e-37 -4.04665e-41  9.08771e-40
-1.43767e-21 -5.96429e-36  9.95552e-20  1.54427e-34 -2.70578e-18 -1.93013e-33  4.46226e-17  1.36089e-32 -5.15574e-16 -4.00029e-32  4.48637e-15 -2.81784e-31 -3.06884e-14  4.94013e-30  1.69637e-13 -4.08679e-29 -7.71908e-13  2.44851e-28   2.9276e-12 -1.17328e-27 -9.32848e-12  4.68894e-27  2.50792e-11 -1.59917e-26 -5.69359e-11  4.72356e-26  1.08844e-10 -1.22117e-25 -1.73928e-10  2.78531e-25  2.29073e-10 -5.63898e-25  -2.4236e-10  1.01774e-24  1.95746e-10 -1.64141e-24 -1.06205e-10  2.36561e-24  1.98246e-11 -3.03803e-24  2.36015e-11  3.45452e-24 -2.18529e-11 -3.43556e-24  3.64675e-12  2.90643e-24  5.44206e-12   -1.914e-24 -3.02614e-12  5.62702e-25 -7.79247e-13  1.04542e-24  1.01032e-12 -2.76361e-24  6.77411e-14   4.2952e-24 -2.63699e-13 -5.22602e-24 -8.16016e-15  5.26987e-24  6.04915e-14 -4.50747e-24  5.22024e-15  3.34471e-24 -1.19055e-14 -2.22404e-24 -2.52818e-15  1.38277e-24  1.75567e-15 -8.36697e-25   7.4937e-16  4.99989e-25 -1.22877e-16 -2.86408e-25 -1.37478e-16  1.44893e-25   -1.642e-17 -5.50792e-26   1.3049e-17  8.01942e-27    5.334e-18  8.53786e-27  7.48955e-20 -9.70353e-27 -4.90267e-19  6.31845e-27 -1.43189e-19 -3.03103e-27 -1.62785e-21  1.01149e-27  9.56643e-21 -1.53206e-28  2.70963e-21 -5.68483e-29  1.96688e-22  5.34251e-29 -7.95196e-23 -2.39223e-29 -2.80155e-23  7.40631e-30 -3.80761e-24 -1.62025e-30 -2.93942e-27  2.54732e-31  9.67692e-26 -2.30246e-32  1.90496e-26 -1.56255e-33  1.77296e-27  9.55388e-35  3.01678e-29 -1.23764e-35 -1.42181e-29  6.86104e-35 -2.03424e-30 -5.51217e-36 -1.38989e-31 -1.73158e-39 -4.58501e-33 -2.05541e-37  5.79121e-36  -8.7348e-39   5.6516e-36  1.58381e-39   1.4293e-37 -1.19559e-41
 2.07238e-36 -3.71065e-20 -1.00737e-34  1.46567e-18  1.80121e-33 -3.04637e-17 -1.80383e-32  4.18879e-16  1.08507e-31 -4.20708e-15 -2.81784e-31  3.26065e-14 -1.79207e-30 -2.01792e-13   2.8768e-29  1.01998e-12 -2.19952e-28 -4.27551e-12  1.22565e-27  1.50139e-11 -5.48726e-27 -4.44402e-11  2.05628e-26  1.11173e-10 -6.59737e-26  -2.3488e-10   1.8395e-25  4.17163e-10 -4.50709e-25 -6.16742e-10  9.79163e-25  7.45425e-10 -1.90015e-24 -7.12219e-10  3.31288e-24  5.00782e-10 -5.20844e-24 -2.08614e-10  7.39105e-24 -1.40315e-11 -9.44512e-24  8.47852e-11  1.08049e-23 -4.53739e-11 -1.09394e-23 -5.80782e-12  9.55976e-24  1.67778e-11 -6.68949e-24 -3.59702e-12  2.56735e-24 -4.00621e-12  2.41412e-24  1.71682e-12  -7.5619e-24  8.59218e-13  1.17642e-23 -4.86664e-13  -1.3846e-23 -1.98979e-13   1.3327e-23  1.03846e-13  -1.0837e-23  4.99933e-14  7.66899e-24 -1.55158e-14 -4.90649e-24 -1.16277e-14   2.9622e-24   7.9527e-16 -1.74236e-24  2.07801e-15   1.0051e-24  3.22043e-16 -5.53099e-25 -2.22395e-16  2.68492e-25 -9.74525e-17 -9.63817e-26  1.83686e-18  1.02504e-26  1.13605e-17  1.77809e-26  2.92999e-18 -1.81243e-26 -2.34521e-19  1.11982e-26 -3.10136e-19 -5.10641e-27 -6.89114e-20  1.58709e-27  1.73007e-21 -1.98386e-28  4.55204e-21 -1.00255e-28  1.11075e-21  8.01983e-29  7.64655e-23 -3.32693e-29  -2.4888e-23  9.41946e-30 -8.35725e-24 -1.83921e-30 -1.12931e-24  2.73697e-31 -3.44652e-26 -2.25178e-32  1.52582e-26 -3.69766e-33  3.16541e-27 -6.82592e-35  3.05541e-28  1.04827e-34  1.26036e-29  7.38793e-35 -5.70354e-31  -5.2076e-36 -1.14401e-31  5.55375e-38 -7.20456e-33 -2.22807e-37 -2.19868e-34 -5.80471e-39 -2.47019e-36  7.31047e-40  5.99249e-39
  9.0831e-21  4.78097e-35 -6.38197e-19 -1.30606e-33  1.76105e-17  1.77023e-32 -2.95062e-16 -1.47322e-31   3.4661e-15  7.71285e-31 -3.06884e-14 -1.79207e-30  2.13772e-13 -1.03786e-29 -1.20447e-12  1.53467e-28   5.5923e-12 -1.08896e-27 -2.16665e-11  5.65997e-27  7.06182e-11 -2.37215e-26 -1.94502e-10  8.34607e-26  4.53227e-10  -2.5212e-25 -8.91401e-10   6.6398e-25     1.47e-09 -1.54286e-24 -2.00679e-09  3.19583e-24  2.21604e-09 -5.95419e-24 -1.89271e-09  1.00503e-23  1.12468e-09 -1.54383e-23 -2.98763e-10  2.15959e-23 -1.83275e-10  -2.7412e-23   2.2742e-10  3.13262e-23 -6.31472e-11  -3.1803e-23 -4.58878e-11  2.79196e-23  3.69001e-11 -1.96461e-23  3.08077e-12  7.73275e-24 -1.13131e-11  6.33295e-24  9.12299e-13 -2.00615e-23  2.87141e-12   3.0133e-23  -3.5228e-13 -3.38216e-23   -6.779e-13  3.08654e-23  4.63158e-14 -2.37837e-23  1.46459e-13   1.6046e-23  8.53275e-15  -9.9107e-24 -2.58825e-14  5.84527e-24 -6.09859e-15 -3.36118e-24  2.95913e-15  1.87941e-24  1.57414e-15 -9.97645e-25 -3.65443e-17  4.67056e-25 -2.11575e-16 -1.58871e-25 -5.14092e-17  1.06887e-26  8.89759e-18  3.37342e-26  7.51828e-18 -3.13968e-26  1.31108e-18  1.84408e-26 -2.35443e-19 -7.99895e-27 -1.59661e-19  2.31471e-27 -2.88023e-20 -2.32519e-28   1.2598e-21 -1.57583e-28  1.74937e-21  1.10755e-28  3.85449e-22 -4.28292e-29    2.816e-23  1.09709e-29 -5.63946e-24 -1.86894e-30 -1.94065e-24  2.79241e-31 -2.62675e-25 -2.25439e-32 -1.37774e-26 -6.58496e-33  1.38061e-27 -3.16909e-34  3.50045e-28  2.60371e-34  3.36951e-29  7.30918e-35  1.65926e-30 -3.91969e-36  1.85925e-32  5.37099e-38 -2.56464e-33 -2.01115e-37 -1.43133e-34 -3.70276e-39 -2.57106e-36  2.28545e-40
-1.44617e-35  2.11287e-19  7.34936e-34 -8.47371e-18 -1.38465e-32  1.78947e-16   1.5028e-31 -2.50174e-15 -1.06714e-30  2.55669e-14  4.94013e-30 -2.01792e-13 -1.03786e-29  1.27291e-12 -5.51358e-29 -6.56461e-12  7.54829e-28   2.8107e-11  -4.9885e-27 -1.00943e-10  2.42441e-26  3.06014e-10 -9.52781e-26  -7.8541e-10  3.15078e-25  1.70603e-09 -8.96775e-25  -3.1236e-09  2.23194e-24  4.77789e-09 -4.92177e-24 -6.00679e-09   9.7316e-24  6.02379e-09 -1.74409e-23 -4.53117e-09  2.85754e-23   2.1575e-09 -4.29941e-23 -1.28584e-10  5.93489e-23 -6.97634e-10 -7.46858e-23  4.77478e-10  8.47535e-23 -9.98672e-12 -8.53391e-23  -1.5129e-10  7.39829e-23  5.46376e-11 -5.08588e-23  3.06966e-11  1.86044e-23 -2.15754e-11  1.78033e-23 -5.46175e-12 -5.09022e-23  5.98978e-12  7.22592e-23  1.18728e-12 -7.66976e-23 -1.36519e-12  6.60719e-23 -3.45865e-13 -4.81281e-23  2.47463e-13  3.09626e-23  1.00111e-13 -1.85324e-23 -2.87452e-14  1.07345e-23 -2.24254e-14  -6.0529e-24 -1.71674e-16  3.28524e-24  3.25314e-15 -1.68822e-24  8.20683e-16  7.67383e-25 -1.94903e-16 -2.49065e-25 -1.46159e-16  7.74819e-27 -1.97687e-17   5.8712e-26  8.35395e-18 -5.05793e-26   4.0407e-18  2.83054e-26  4.90274e-19 -1.16994e-26 -1.41216e-19  3.15368e-27  -6.8336e-20  -2.4604e-28 -1.06256e-20 -2.23794e-28   4.5067e-22  1.41441e-28   5.3883e-22  -5.1311e-29  1.11123e-22  1.16927e-29  8.99878e-24  -1.6683e-30 -8.18736e-25  2.79568e-31  -3.3412e-25 -2.40378e-32 -4.52737e-26 -1.02586e-32 -2.94753e-27 -5.94914e-34  1.90179e-29  4.22776e-34  2.24769e-29  6.69966e-35  2.13315e-30 -2.05169e-36  9.94429e-32  1.81449e-38  2.08436e-33 -1.51984e-37 -1.14275e-36 -2.09413e-39 -4.29307e-37
-4.61812e-20 -3.06008e-34  3.29486e-18  8.72405e-33 -9.23826e-17 -1.24451e-31  1.57388e-15  1.12202e-30 -1.88134e-14 -6.93728e-30  1.69637e-13   2.8768e-29 -1.20447e-12 -5.51358e-29  6.92404e-12 -2.70364e-28 -3.28349e-11  3.44188e-27  1.30087e-10 -2.12502e-26 -4.34169e-10  9.67708e-26  1.22646e-09 -3.57114e-25 -2.93671e-09  1.11101e-24  5.94929e-09  -2.9811e-24 -1.01367e-08  7.01513e-24  1.43598e-08 -1.46911e-23 -1.65647e-08  2.77664e-23  1.49601e-08 -4.79778e-23 -9.68541e-09  7.65222e-23  3.29432e-09 -1.13054e-22  9.92083e-10  1.54109e-22 -1.88406e-09 -1.91853e-22  7.45979e-10  2.15041e-22  2.74501e-10 -2.12969e-22  -3.4857e-10  1.80222e-22  2.39511e-11 -1.18798e-22   9.7215e-11  3.73834e-23  -2.3484e-11  4.94445e-23 -2.34529e-11  -1.2223e-22  7.32351e-12  1.62285e-22  5.61317e-12 -1.62129e-22 -1.46567e-12  1.31443e-22  -1.3243e-12 -9.03454e-23  1.47637e-13  5.54737e-23  2.73784e-13 -3.23251e-23  2.11022e-14  1.84748e-23 -4.13621e-14 -1.02237e-23 -1.23106e-14  5.38393e-24  3.01085e-15 -2.68903e-24   2.3823e-15   1.1975e-24  2.60475e-16 -3.74633e-25 -1.93728e-16  1.99232e-28 -8.00604e-17   9.4344e-26  -4.7566e-18 -7.59469e-26  5.25503e-18   4.0599e-26  1.82301e-18 -1.60387e-26  1.59664e-19  4.03271e-27 -6.22047e-20 -2.32804e-28 -2.44429e-20 -2.89837e-28 -3.46392e-21  1.67709e-28  8.25881e-23 -5.74997e-29  1.29888e-22  1.13659e-29  2.57812e-23 -1.24876e-30  2.28691e-24  2.84903e-31  -4.2035e-26 -2.70021e-32  -3.9501e-26 -1.45415e-32 -5.39054e-27 -8.25372e-34 -3.73439e-28  5.52506e-34 -9.55536e-30  5.72541e-35  5.95593e-31 -2.23086e-37  6.33899e-32 -1.72291e-38  2.29365e-33 -9.46698e-38  3.14253e-35 -8.64323e-40
 8.17688e-35  -9.7822e-19 -4.33581e-33  3.98671e-17  8.51038e-32  -8.5614e-16 -9.71194e-31  1.21804e-14  7.47002e-30 -1.26778e-13 -4.08679e-29  1.01998e-12  1.53467e-28 -6.56461e-12 -2.70364e-28  3.45775e-11 -1.23023e-27 -1.51381e-10  1.46177e-26  5.56626e-10 -8.45302e-26 -1.73026e-09  3.61343e-25  4.56151e-09 -1.25369e-24 -1.01993e-08  3.67222e-24  1.92742e-08 -9.29392e-24 -3.05396e-08  2.06878e-23    3.998e-08 -4.11774e-23 -4.21072e-08  7.45128e-23  3.38409e-08  -1.2446e-22 -1.81411e-08  1.93844e-22  3.03286e-09 -2.81854e-22  4.49385e-09  3.79451e-22 -4.01016e-09 -4.66138e-22  6.17636e-10  5.13567e-22  1.06083e-09 -4.97002e-22 -5.82308e-10  4.07139e-22 -1.58721e-10 -2.53747e-22  2.04094e-10  6.22935e-23  1.36798e-11   1.2937e-22 -5.53299e-11 -2.76104e-22 -1.32438e-12  3.41542e-22  1.31721e-11 -3.20334e-22  9.92893e-13   2.4386e-22 -2.70479e-12 -1.57935e-22 -5.38891e-13  9.27187e-23  4.21334e-13 -5.28948e-23  1.71443e-13  2.99472e-23  -3.3097e-14 -1.62418e-23 -3.33821e-14  8.28447e-24  -3.5016e-15 -4.04329e-24  3.39002e-15  1.78454e-24  1.31843e-15 -5.44707e-25  -1.8524e-18 -1.22029e-26 -1.29145e-16  1.40727e-25 -3.62777e-17 -1.06449e-25 -2.00507e-20  5.45232e-26  2.55285e-18 -2.06883e-26  7.03141e-19  4.86226e-27  4.84796e-20 -1.91035e-28 -2.10477e-20 -3.44714e-28 -7.24922e-21  1.85108e-28 -9.78563e-22 -6.05753e-29 -3.55661e-24  1.00116e-29  2.34514e-23 -6.74838e-31  4.60254e-24  3.02228e-31  4.30796e-25 -3.05415e-32  9.81839e-27 -1.89219e-32 -2.77359e-27  -9.3709e-34 -4.01724e-28  6.16924e-34 -2.67222e-29  4.56789e-35 -8.77435e-31   1.0354e-36 -4.36075e-33 -3.24184e-38  5.38557e-34 -4.63851e-38  9.08667e-36
 1.92387e-19  1.60495e-33   -1.395e-17 -4.76335e-32  3.97791e-16  7.06785e-31 -6.89735e-15 -6.69482e-30  8.39774e-14  4.48381e-29 -7.71908e-13 -2.19952e-28   5.5923e-12  7.54829e-28 -3.28349e-11 -1.23023e-27  1.59211e-10 -5.21796e-27 -6.45757e-10  5.80486e-26  2.20953e-09 -3.15098e-25 -6.40929e-09  1.26635e-24  1.57898e-08 -4.13518e-24 -3.29898e-08  1.14119e-23  5.81506e-08 -2.72537e-23 -8.55848e-08  5.74104e-23  1.03234e-07 -1.08707e-22 -9.85965e-08  1.88694e-22  6.92713e-08 -3.05582e-22 -2.85352e-08  4.66228e-22 -2.70364e-09  -6.6841e-22  1.25924e-08  8.88234e-22 -6.70253e-09 -1.07364e-21 -9.34716e-10  1.15765e-21  2.60705e-09 -1.08911e-21 -5.74648e-10  8.58365e-22 -6.41134e-10 -4.99774e-22  2.88037e-10  7.96966e-23  1.39717e-10  3.13472e-22 -8.53688e-11 -5.85297e-22 -3.29647e-11  6.74208e-22  1.91948e-11 -5.92749e-22  8.61026e-12  4.22866e-22 -3.10207e-12 -2.57756e-22 -2.11629e-12   1.4509e-22  2.14091e-13 -8.15814e-23   4.0345e-13  4.58848e-23  5.28546e-14 -2.42996e-23 -4.70619e-14  1.19746e-23 -1.89318e-14 -5.75579e-24   9.1636e-16  2.55326e-24   2.4108e-15 -7.69456e-25  5.74974e-16 -2.85194e-26 -6.47864e-17  1.95688e-25 -6.70546e-17 -1.39325e-25 -1.40017e-17  6.86642e-26  6.15893e-19 -2.52179e-26  1.00023e-18  5.55356e-27  2.33453e-19 -1.21097e-28  1.46462e-20 -3.78692e-28  -5.4527e-21  1.90219e-28 -1.74639e-21 -6.03062e-29 -2.30461e-22  7.90812e-30 -7.02533e-24 -4.56438e-32  2.92879e-24  3.31512e-31  5.94993e-25 -3.34394e-32  5.62553e-26 -2.25839e-32  2.37368e-27 -8.91198e-34  -7.1509e-29  6.03148e-34 -1.58637e-29  3.37993e-35 -9.28807e-31  1.51558e-36 -2.49716e-32 -2.79443e-38 -2.32411e-34 -1.56282e-38
-3.81231e-34  3.73705e-18  2.11665e-32 -1.54915e-16 -4.31523e-31  3.38628e-15   5.1147e-30 -4.90771e-14 -4.13054e-29  5.20783e-13  2.44851e-28 -4.27551e-12 -1.08896e-27   2.8107e-11  3.44188e-27 -1.51381e-10 -5.21796e-27  6.78472e-10 -2.07072e-26 -2.55735e-09  2.16246e-25  8.16141e-09  -1.1039e-24 -2.21293e-08  4.17654e-24  5.10002e-08  -1.2848e-23 -9.96094e-08  3.34259e-23  1.63706e-07  -7.5356e-23 -2.23427e-07  1.50289e-22  2.47323e-07 -2.71003e-22 -2.12183e-07  4.52231e-22  1.26672e-07 -7.12381e-22 -3.32863e-08  1.06798e-21 -2.21435e-08  -1.5115e-21  2.73832e-08  1.98018e-21 -7.78001e-09  -2.3479e-21 -5.67418e-09  2.46815e-21  4.74649e-09 -2.24846e-21  3.26665e-10   1.6971e-21 -1.50018e-09 -9.12695e-22  1.57507e-10  5.04775e-23  3.91578e-10  7.01648e-22 -6.11988e-11 -1.16417e-21 -9.57645e-11   1.2498e-21  1.01473e-11 -1.02877e-21  2.17421e-11  6.86376e-22  4.87975e-13 -3.93377e-22 -4.11033e-12  2.13206e-22 -8.20604e-13 -1.19083e-22  5.21999e-13  6.66157e-23  2.44299e-13 -3.42359e-23 -1.60614e-14  1.62502e-23 -3.64234e-14 -7.78203e-24 -7.77387e-15  3.52493e-24  1.88999e-15 -1.05775e-24  1.31125e-15 -4.73224e-26  2.00453e-16  2.54433e-25 -4.97904e-17 -1.70075e-25 -2.85655e-17   8.1187e-26 -4.72158e-18 -2.92019e-26  3.33796e-19  6.03691e-27   3.1961e-19 -2.09605e-29  6.63458e-20 -3.86258e-28  4.34666e-21  1.81222e-28 -1.04049e-21 -5.70588e-29 -3.30269e-22  5.51918e-30 -4.29577e-23  5.35591e-31 -2.16985e-24   3.6552e-31  2.10421e-25 -3.48251e-32  5.10346e-26 -2.46392e-32   4.6843e-27 -6.96471e-34  2.20682e-28  5.22038e-34  2.88423e-30  2.28199e-35 -2.25593e-31  1.35993e-36 -1.08245e-32 -1.55296e-38 -1.20015e-34
-6.64501e-19 -7.00497e-33  4.90175e-17  2.17051e-31 -1.42299e-15 -3.33781e-30   2.5138e-14  3.27936e-29 -3.12083e-13 -2.30491e-28   2.9276e-12  1.22565e-27 -2.16665e-11  -4.9885e-27  1.30087e-10  1.46177e-26 -6.45757e-10 -2.07072e-26  2.68483e-09 -7.71262e-26 -9.43026e-09  7.57722e-25  2.81277e-08 -3.64338e-24 -7.13938e-08  1.29921e-23  1.54054e-07 -3.76818e-23 -2.81317e-07  9.24682e-23  4.30736e-07 -1.96849e-22 -5.43882e-07  3.71867e-22  5.49519e-07 -6.39347e-22 -4.17707e-07  1.02827e-21  2.01534e-07  -1.5811e-21 -1.20359e-08  2.33555e-21 -6.79755e-08 -3.26471e-21  4.79708e-08  4.20873e-21 -1.70973e-09  -4.8801e-21  -1.5531e-08   4.9854e-21  6.11288e-09 -4.38521e-21  3.12013e-09  3.15936e-21 -2.46986e-09 -1.55131e-21 -5.24364e-10 -1.09277e-22  7.10363e-10  1.45501e-21  1.09859e-10 -2.17494e-21 -1.70161e-10   2.1784e-21 -3.48446e-11 -1.67668e-21  3.32137e-11  1.04371e-21  1.13809e-11 -5.61961e-22 -4.43383e-12  2.95027e-22 -2.84168e-12  -1.6512e-22  1.24627e-13  9.17674e-23  4.60182e-13 -4.53569e-23  9.66848e-14  2.06712e-23 -3.39434e-14 -1.00304e-23 -2.05883e-14  4.71494e-24 -2.10286e-15 -1.41197e-24  1.40006e-15 -6.83594e-26  5.82197e-16  3.09765e-25  5.61356e-17 -1.92937e-25 -2.45898e-17  9.02262e-26  -1.0206e-17 -3.23404e-26 -1.42038e-18  6.27215e-27   1.0577e-19  1.17576e-28  8.26623e-20 -3.67522e-28   1.5825e-20  1.58041e-28  1.15254e-21 -5.16419e-29  -1.3235e-22  3.35247e-30 -4.65899e-23  9.91192e-31  -5.9554e-24  3.93213e-31 -3.66974e-25 -3.44585e-32  2.46046e-27 -2.44718e-32  2.50549e-27 -4.06889e-34  2.18694e-28  4.01633e-34  9.18483e-30  1.36959e-35  1.69048e-31  9.00215e-37  1.97736e-34 -5.34297e-39
 1.47853e-33 -1.18914e-17 -8.66953e-32  5.01939e-16  1.83967e-30 -1.11806e-14 -2.25517e-29  1.65256e-13  1.88671e-28 -1.78998e-12 -1.17328e-27  1.50139e-11  5.65997e-27 -1.00943e-10 -2.12502e-26  5.56626e-10  5.80486e-26 -2.55735e-09 -7.71262e-26  9.89482e-09 -2.70302e-25 -3.24655e-08  2.50278e-24  9.06688e-08 -1.13506e-23 -2.15697e-07  3.81876e-23  4.36051e-07 -1.04503e-22 -7.44406e-07  2.41986e-22   1.0606e-06 -4.86577e-22 -1.23509e-06  8.71059e-22  1.13055e-06 -1.42989e-21 -7.45662e-07  2.22284e-21  2.61721e-07 -3.34833e-21  7.55207e-08  4.88477e-21 -1.53388e-07 -6.74194e-21  6.49222e-08  8.53298e-21   2.1214e-08 -9.64739e-21 -3.06332e-08  9.55361e-21  3.26564e-09  -8.0994e-21  8.61554e-09  5.55793e-21   -2.567e-09 -2.46048e-21 -2.09478e-09 -5.50368e-22  8.24401e-10  2.80789e-21  5.15136e-10 -3.82267e-21 -1.80921e-10  3.57453e-21 -1.28942e-10 -2.56808e-21  2.40983e-11  1.48719e-21  2.90229e-11  -7.5182e-22  5.46468e-13  3.85557e-22 -4.90234e-12 -2.18231e-22 -1.16858e-12  1.19995e-22  4.46789e-13 -5.63203e-23  2.73061e-13  2.45726e-23  1.69254e-14 -1.23804e-23 -2.64763e-14    6.127e-24 -9.21031e-15 -1.82014e-24 -1.51919e-16 -9.45731e-26  7.28537e-16  3.52873e-25  2.18179e-16 -2.01895e-25  1.28553e-17  9.43812e-26 -9.15597e-18 -3.45421e-26 -3.07558e-18  6.24806e-27 -3.83857e-19  3.08312e-28  2.12811e-20 -3.27498e-28  1.69025e-20   1.2225e-28  3.06232e-21 -4.50635e-29   2.4592e-22  1.79909e-30 -7.80208e-24  1.28609e-30  -4.5345e-24  4.04734e-31 -5.68422e-25 -3.25308e-32 -3.64973e-26 -2.20159e-32   -8.512e-28 -1.01959e-34  4.90619e-29  2.74416e-34  4.49387e-30  7.04503e-36  1.29803e-31  4.43746e-37  1.07218e-33
 1.91653e-18  2.56418e-32 -1.43989e-16 -8.35858e-31  4.26053e-15  1.33396e-29 -7.67761e-14  -1.3528e-28  9.73123e-13  9.83882e-28 -9.32848e-12 -5.48726e-27  7.06182e-11  2.42441e-26 -4.34169e-10 -8.45302e-26  2.20953e-09  2.16246e-25 -9.43026e-09 -2.70302e-25  3.40526e-08 -8.93228e-25 -1.04597e-07  7.80651e-24  2.73953e-07 -3.34316e-23  -6.1147e-07  1.06215e-22  1.15859e-06 -2.74418e-22 -1.84827e-06  5.99827e-22  2.44615e-06  -1.1394e-21 -2.61605e-06  1.93377e-21  2.14675e-06 -3.03562e-21 -1.18708e-06  4.57606e-21  2.20572e-07 -6.77754e-21  2.91342e-07  9.78195e-21 -2.79852e-07 -1.33172e-20  5.30352e-08  1.65053e-20  7.26744e-08 -1.81481e-20 -4.56141e-08  1.73909e-20  -9.4196e-09    -1.42e-20  1.61174e-08  9.27153e-21  9.95146e-11 -3.64791e-21 -4.47805e-09 -1.50875e-21  1.91723e-10  5.06583e-21  1.11572e-09 -6.33197e-21  6.51102e-12  5.52775e-21 -2.46659e-10 -3.69812e-21 -3.17016e-11  1.98512e-21  4.31375e-11 -9.42041e-22  1.36764e-11   4.7746e-22  -4.4488e-12  -2.7578e-22 -3.15998e-12  1.48829e-22 -1.35584e-13 -6.51593e-23  3.84124e-13  2.71538e-23  1.20727e-13 -1.47127e-23 -8.69278e-15  7.74223e-24  -1.4538e-14 -2.24769e-24 -3.38502e-15 -1.33226e-25  2.00215e-16  3.74544e-25  2.98486e-16 -1.92068e-25   7.0419e-17   9.3156e-26  2.63799e-18 -3.59261e-26 -2.66892e-18  5.97408e-27 -7.75745e-19  5.64035e-28 -9.15795e-20 -2.73917e-28  2.08442e-21  7.69372e-29  2.62026e-21 -3.82835e-29  4.58239e-22  1.01764e-30   3.8862e-23  1.42698e-30  5.63227e-25  3.95267e-31 -2.65027e-25 -2.92836e-32 -3.35171e-26 -1.78126e-32 -1.99584e-27  1.42264e-34 -5.74143e-29  1.65508e-34 -2.34482e-31  2.95065e-36  2.12564e-32  1.46131e-37
-4.77203e-33  3.16809e-17  3.00057e-31  -1.3634e-15 -6.67125e-30  3.09878e-14  8.46318e-29 -4.67735e-13 -7.29463e-28  5.17845e-12  4.68894e-27 -4.44402e-11 -2.37215e-26  3.06014e-10  9.67708e-26 -1.73026e-09 -3.15098e-25  8.16141e-09  7.57722e-25 -3.24655e-08 -8.93228e-25  1.09691e-07 -2.78789e-24 -3.16045e-07  2.30273e-23  7.77388e-07 -9.32165e-23 -1.62937e-06  2.79889e-22  2.89407e-06 -6.83062e-22 -4.31099e-06  1.40964e-21  5.28736e-06 -2.52963e-21 -5.16319e-06  4.07177e-21  3.74045e-06 -6.12327e-21 -1.62706e-06  8.98319e-21 -9.12299e-08 -1.31293e-20   7.0409e-07   1.8767e-20 -4.14255e-07 -2.51609e-20 -3.31236e-08  3.04567e-20  1.58242e-07 -3.24977e-20 -4.52698e-08  3.01092e-20 -3.76719e-08 -2.36876e-20  2.15252e-08   1.4718e-20  7.80408e-09 -5.06051e-21  -6.5593e-09 -3.31069e-21 -1.82998e-09  8.58042e-21  1.58073e-09 -9.90164e-21  5.22026e-10  8.06283e-21 -2.92396e-10 -5.00673e-21 -1.46566e-10  2.47969e-21  3.15131e-11 -1.10534e-21  3.22334e-11  5.62648e-22  1.78431e-12 -3.34175e-22 -4.50802e-12  1.74738e-22 -1.39259e-12 -6.95024e-23  2.11187e-13  2.76459e-23  2.22232e-13  -1.6943e-23  4.02839e-14  9.50448e-24 -9.87299e-15 -2.63287e-24  -6.3241e-15 -1.94757e-25 -1.05014e-15  3.66584e-25  1.34466e-16  -1.6117e-25  9.99644e-17  8.71681e-26  1.97732e-17 -3.67319e-26  6.06505e-19  5.47207e-27 -6.07649e-19   8.8593e-28 -1.60362e-19  -2.1482e-28 -1.84795e-20  2.65741e-29 -1.96858e-22 -3.20309e-29   2.8691e-22  9.10075e-31  4.97122e-23  1.44716e-30  4.21689e-24  3.66062e-31  1.50209e-25 -2.48431e-32 -6.33048e-27 -1.28145e-32  -1.0178e-27  2.79223e-34 -4.96815e-29  8.69509e-35 -1.04256e-30  9.27743e-37 -5.70903e-33
-4.63021e-18 -7.87604e-32  3.54785e-16   2.7386e-30 -1.07151e-14 -4.56113e-29  1.97252e-13  4.77404e-28 -2.55629e-12 -3.57054e-27  2.50792e-11  2.05628e-26 -1.94502e-10 -9.52781e-26  1.22646e-09  3.61343e-25 -6.40929e-09  -1.1039e-24  2.81277e-08  2.50278e-24 -1.04597e-07 -2.78789e-24  3.31438e-07 -8.22982e-24 -8.97333e-07  6.43144e-23  2.07546e-06 -2.46319e-22 -4.08755e-06  6.99443e-22   6.8055e-06 -1.61301e-21 -9.45466e-06  3.14292e-21  1.07118e-05 -5.32713e-21 -9.47572e-06  8.13456e-21  5.91755e-06 -1.17425e-20 -1.74936e-06  1.68327e-20 -9.33292e-07 -2.43614e-20  1.34398e-06  3.45008e-20 -4.59418e-07 -4.54563e-20 -2.52258e-07  5.36011e-20  2.62095e-07 -5.54126e-20 -2.97957e-09  4.96421e-20 -8.18407e-08 -3.76913e-20  1.60019e-08  2.23166e-20  2.14522e-08 -6.56931e-21 -5.73207e-09 -6.35583e-21 -5.44252e-09  1.36958e-20   1.2063e-09 -1.46399e-20  1.33779e-09  1.10981e-20 -1.06177e-10 -6.36901e-21 -2.85025e-10  2.89318e-21 -3.07682e-11 -1.21421e-21  4.35232e-11  6.34448e-22  1.48135e-11 -3.89262e-22 -2.87627e-12   1.9348e-22 -2.77864e-12 -6.69952e-23 -3.93753e-13  2.55264e-23  2.06648e-13 -1.90455e-23  9.97037e-14  1.13061e-23  9.58552e-15 -2.89015e-24 -5.50816e-15 -2.88752e-25 -2.28162e-15  3.23243e-25 -2.83614e-16 -1.10651e-25  5.17915e-17   7.8017e-26  2.76306e-17 -3.71704e-26  4.81652e-18  4.77497e-27    1.716e-19  1.25433e-27  -1.0492e-19 -1.57013e-28 -2.62294e-20 -2.33002e-29 -2.97131e-21 -2.67156e-29 -1.06666e-22  1.19674e-30  1.93176e-23  1.38687e-30  3.57052e-24  3.22693e-31  2.86257e-25 -1.93848e-32  1.15986e-26 -8.03927e-33  9.71928e-29  3.04094e-34  -1.0551e-29  3.87591e-35 -3.36384e-31  1.84821e-37
 1.26819e-32 -7.07633e-17  -8.7828e-31  3.10961e-15  2.07104e-29 -7.22285e-14  -2.7316e-28  1.11516e-12  2.42368e-27 -1.26404e-11 -1.59917e-26  1.11173e-10  8.34607e-26  -7.8541e-10 -3.57114e-25  4.56151e-09  1.26635e-24 -2.21293e-08 -3.64338e-24  9.06688e-08  7.80651e-24 -3.16045e-07 -8.22982e-24  9.41209e-07 -2.30047e-23 -2.39831e-06  1.70258e-22  5.22158e-06  -6.1743e-22 -9.66771e-06  1.65901e-21  1.50826e-05 -3.61609e-21 -1.95098e-05  6.65097e-21  2.03304e-05 -1.06424e-20 -1.61099e-05  1.54183e-20  8.33095e-06 -2.14129e-20 -9.40962e-07  3.01269e-20 -2.60633e-06  -4.3318e-20  2.12057e-06   6.0765e-20 -2.33803e-07 -7.84864e-20  -6.4765e-07  8.99394e-20  3.28365e-07 -8.99975e-20  1.12651e-07  7.80504e-20 -1.28574e-07 -5.73631e-20 -1.26422e-08   3.2451e-20  3.77071e-08  -7.9702e-21  1.65863e-09 -1.10741e-20 -9.57712e-09  2.06695e-20 -8.76643e-10  -2.0492e-20  2.08122e-09  1.44166e-20  4.51413e-10 -7.60234e-21 -3.39482e-10  3.14315e-21 -1.47317e-10 -1.24903e-21  2.66445e-11  6.89647e-22  2.95535e-11 -4.36832e-22  3.56271e-12  2.00748e-22 -2.99737e-12 -5.58583e-23 -1.26237e-12  2.07286e-23 -2.75472e-14 -2.10558e-23  1.17785e-13  1.29815e-23  3.66257e-14 -2.92412e-24  1.21465e-15 -4.17816e-25 -2.22962e-15  2.42497e-25 -6.97559e-16   -4.608e-26  -6.9348e-17   6.7822e-26  1.41742e-17 -3.72866e-26  6.25491e-18  3.93324e-27  9.98206e-19  1.62668e-27  4.69573e-20 -1.05604e-28  -1.2878e-20 -6.67915e-29 -3.22338e-21 -2.24352e-29 -3.54871e-22  1.55191e-30 -1.77653e-23  1.27866e-30  4.99241e-25  2.72075e-31  1.46672e-25 -1.33941e-32  1.05074e-26 -4.24091e-33  3.61791e-28  2.47974e-34  4.92445e-30  1.38812e-35 -1.17568e-33
