 6.56138e-05 -1.30698e-18 -0.000383181   1.2247e-17  0.000635064 -2.88484e-17 -0.000315873  2.78769e-17 -0.000106198     -2.9e-18  6.43875e-05 -1.71904e-17  4.62735e-05   1.1658e-17  3.69014e-06  2.67747e-18 -9.41403e-06  -5.1017e-18 -6.26527e-06 -2.81503e-20   -1.693e-06  1.25967e-18  2.97455e-07  1.56575e-19  5.64723e-07 -2.63115e-19  3.29196e-07   -4.519e-20  1.19853e-07  3.97021e-20  2.30431e-08   7.3635e-21 -4.98411e-09 -1.12721e-20 -7.36442e-09 -6.60096e-21 -4.33575e-09  7.67329e-22 -1.88135e-09  2.75173e-21 -6.65234e-10  1.41869e-21 -1.94765e-10  1.42319e-22 -4.50684e-11 -2.41081e-22 -6.42545e-12 -1.84052e-22  7.51436e-13 -6.62129e-23  1.04719e-12 -7.43598e-24  5.24018e-13  4.72416e-24   2.0022e-13  2.27163e-24  6.58744e-14 -2.09446e-25  1.94996e-14 -7.56625e-25  5.30549e-15 -5.25842e-25  1.34309e-15 -2.50912e-25  3.18766e-16 -9.59965e-26  7.12854e-17 -3.09115e-26   1.5071e-17 -8.52128e-27  3.01882e-18 -2.02791e-27  5.73637e-19 -4.20274e-28  1.03459e-19 -7.56277e-29  1.77079e-20  -1.1216e-29  2.87428e-21 -1.12664e-30  4.41886e-22  8.69237e-33  6.42326e-23  3.84701e-32  8.80888e-24  1.19255e-32  1.13679e-24  2.62334e-33  1.37638e-25  4.75288e-34  1.55825e-26  7.41086e-35  1.64342e-27   1.0209e-35  1.60788e-28  1.26046e-36  1.45256e-29  1.39542e-37  1.20538e-30  1.37982e-38  9.13373e-32  1.21918e-39  6.27709e-33  9.63878e-41  3.88167e-34  6.78649e-42  2.13972e-35  4.21261e-43  1.03956e-36  2.28175e-44  4.38945e-38  1.06804e-45  1.58226e-39  4.26159e-47  4.75598e-41  1.41789e-48  1.15403e-42  3.80985e-50  2.15582e-44  7.90256e-52  2.87428e-46  1.17681e-53  2.38054e-48  1.08881e-55  8.79776e-51  4.04001e-58
-1.30698e-18  0.000609705 -7.94766e-18  -0.00195033  5.04515e-17   0.00220883 -9.46786e-17 -0.000515818   7.7713e-17 -0.000535782  -6.1734e-18  3.67934e-05 -3.99483e-17  0.000152106  2.50152e-17  5.89021e-05  6.68651e-18 -7.12831e-06 -1.11336e-17 -1.86155e-05 -4.00819e-19 -1.00633e-05  2.44373e-18 -2.42303e-06  4.21701e-19   5.4325e-07 -3.57101e-19  8.88448e-07 -4.35212e-20  5.22484e-07  5.96702e-20  2.04716e-07 -1.04295e-20  5.23995e-08 -3.89493e-20   2.5729e-09 -1.78923e-20 -6.49339e-09  4.26066e-21 -4.84779e-09  8.82484e-21 -2.37083e-09  4.21949e-21 -9.37716e-10  4.11097e-22 -3.18317e-10 -6.74958e-22  -9.4615e-11 -5.07295e-22 -2.46018e-11 -1.89244e-22 -5.45513e-12 -3.41662e-23 -9.45466e-13  7.99182e-25 -8.13679e-14 -9.57111e-25  2.54212e-14 -3.82082e-24  1.77561e-14 -3.29358e-24  6.84185e-15 -1.84377e-24  2.11807e-15 -8.08903e-25  5.73772e-16 -2.97612e-25   1.4065e-16 -9.43377e-26   3.1716e-17 -2.60651e-26  6.63822e-18 -6.34244e-27  1.29619e-18 -1.37733e-27   2.3678e-19 -2.68694e-28  4.05172e-20 -4.64987e-29    6.496e-21 -6.92713e-30  9.75202e-22  -8.4913e-31  1.36902e-22 -7.58096e-32   1.7937e-23 -1.68943e-33  2.18774e-24  1.18593e-33  2.47608e-25   3.4004e-34  2.59036e-26  6.25301e-35  2.49297e-27  9.27535e-36  2.19435e-28  1.18195e-36  1.75372e-29  1.31472e-37  1.26063e-30  1.28202e-38    8.047e-32  1.10306e-39  4.47691e-33  8.41315e-41  2.10523e-34  5.66539e-42  7.87291e-36   3.3331e-43  1.96498e-37  1.69497e-44  1.77784e-40  7.37426e-46 -2.99446e-40  2.70293e-47 -1.87486e-41  8.13369e-49 -7.10479e-43  1.93351e-50 -1.85495e-44  3.42998e-52  -3.2685e-46  4.11308e-54 -3.44002e-48  2.65089e-56 -1.41367e-50
-0.000383181 -7.94766e-18   0.00273711 -2.61999e-17  -0.00584816  1.23706e-16   0.00458359 -1.91852e-16  8.97602e-05  1.36204e-16  -0.00124473 -9.46956e-18 -0.000305485 -5.96104e-17  0.000225306  3.79367e-17  0.000187996  1.00289e-17  4.44555e-05 -1.66537e-17 -2.05373e-05 -1.43285e-18 -2.40802e-05   2.9716e-18 -1.14866e-05  7.75764e-19 -2.62986e-06 -1.13365e-19  5.76585e-07  1.08521e-19  9.46945e-07  7.44166e-20  5.72912e-07 -7.71153e-20  2.41179e-07 -9.96059e-20   7.4834e-08 -3.61505e-20  1.43585e-08  1.26828e-20  -1.1599e-09  1.96008e-20 -2.75828e-09  8.85621e-21 -1.66676e-09  9.47277e-22 -7.40057e-10 -1.25215e-21  -2.7698e-10  -9.6954e-22   -9.169e-11 -3.93751e-22 -2.74604e-11 -1.07896e-22 -7.53114e-12 -3.15892e-23  -1.9041e-12 -2.04945e-23 -4.45293e-13 -1.56737e-23 -9.64058e-14 -9.46797e-24 -1.92962e-14 -4.58127e-24 -3.55719e-15 -1.86378e-24 -5.99768e-16 -6.56628e-25 -9.13961e-17 -2.03085e-25 -1.23275e-17 -5.55513e-26 -1.41328e-18 -1.35699e-26 -1.24897e-19 -2.99728e-27 -5.64818e-21 -6.02787e-28   5.6987e-22  -1.0998e-28  1.53112e-22  -1.8074e-29  8.57411e-24 -2.66822e-30 -3.76865e-24 -3.52802e-31 -1.50155e-24 -4.11594e-32 -3.47902e-25 -4.10655e-33 -6.28168e-26  -3.3074e-34 -9.56156e-27 -1.76907e-35  -1.2671e-27  2.59706e-37 -1.48436e-28  2.32244e-37 -1.54818e-29  3.81971e-38 -1.44128e-30  4.36542e-39 -1.19689e-31  4.02783e-40  -8.8393e-33  3.15401e-41   -5.775e-34  2.11782e-42 -3.31256e-35  1.21185e-43 -1.65118e-36  5.86686e-45 -7.05484e-38  2.38669e-46 -2.53654e-39  8.03656e-48 -7.48166e-41  2.17235e-49 -1.74486e-42  4.49241e-51 -3.03808e-44  6.59995e-53  -3.5681e-46  5.97362e-55 -2.24304e-48  2.15491e-57
  1.2247e-17  -0.00195033 -2.61999e-17   0.00792549 -5.73034e-17   -0.0123206   2.1285e-16   0.00642118 -2.78514e-16   0.00210632  1.72516e-16  -0.00170347 -1.59026e-17  -0.00105696 -6.44347e-17  6.25613e-05  4.88712e-17  0.000324132  1.17265e-17  0.000167272 -2.01185e-17  1.97359e-05 -3.65903e-18 -2.87613e-05  2.12367e-18 -2.45875e-05   1.0709e-18 -1.09037e-05  5.92482e-19 -2.55028e-06  5.26041e-19  3.78844e-07  1.08604e-19  7.70194e-07 -2.04852e-19  4.90274e-07 -1.98721e-19  2.20945e-07 -5.97068e-20  7.82914e-08  2.70253e-20  2.15941e-08  3.48773e-20  3.88086e-09   1.5322e-20 -1.79838e-10  2.02393e-21 -5.66908e-10  -1.7456e-21 -3.30029e-10 -1.49616e-21 -1.40408e-10  -6.9803e-22 -5.06115e-11 -2.68348e-22 -1.62639e-11 -1.21212e-22 -4.77411e-12 -7.06462e-23 -1.29808e-12 -4.13057e-23 -3.29861e-13 -2.10183e-23 -7.88254e-14 -9.17842e-24 -1.77943e-14 -3.49759e-24 -3.80766e-15 -1.17905e-24 -7.74336e-16 -3.53877e-25 -1.49938e-16   -9.501e-26 -2.76779e-17 -2.30065e-26 -4.87334e-18  -5.0757e-27 -8.18316e-19 -1.02595e-27 -1.30929e-19 -1.89823e-28 -1.99291e-20 -3.20955e-29 -2.87947e-21 -4.96723e-30 -3.93824e-22 -7.04823e-31 -5.08196e-23 -9.15476e-32 -6.16455e-24  -1.0866e-32 -7.00099e-25 -1.17979e-33 -7.41154e-26 -1.17073e-34 -7.27957e-27 -1.05411e-35 -6.59989e-28 -8.54703e-37  -5.4926e-29 -6.24365e-38 -4.17003e-30 -4.12497e-39 -2.86799e-31 -2.45114e-40 -1.77252e-32 -1.29189e-41 -9.75127e-34 -6.00593e-43 -4.72099e-35 -2.48736e-44 -1.98334e-36 -9.23651e-46 -7.10229e-38 -3.02225e-47 -2.11747e-39 -8.45803e-49 -5.08812e-41  -1.9742e-50 -9.39422e-43 -3.68061e-52 -1.23307e-44 -4.90874e-54 -9.90209e-47 -3.63004e-56 -3.12097e-49
 0.000635064  5.04515e-17  -0.00584816 -5.73034e-17    0.0166954   -9.144e-17   -0.0197528  2.77828e-16    0.0059138 -3.04998e-16    0.0052337  1.63197e-16  -0.00118176 -3.21058e-17  -0.00194472 -5.18515e-17 -0.000478669  5.92888e-17  0.000312865  1.40322e-17  0.000317949  -2.0826e-17   0.00011974 -7.52332e-18 -4.91245e-07 -5.73613e-19 -2.97316e-05   1.0756e-18 -2.14235e-05  1.72228e-18 -9.18725e-06  1.23261e-18 -2.33515e-06  1.77364e-19  7.22314e-08 -3.79271e-19  4.80504e-07 -3.21406e-19  3.35177e-07 -8.16013e-20  1.61743e-07  4.74141e-20  6.29907e-08   5.3679e-20  2.06122e-08  2.36301e-20  5.64157e-09  4.10059e-21  1.21174e-09 -1.83789e-21  1.47869e-10 -1.99843e-21 -2.95409e-11 -1.12601e-21  -2.9723e-11 -5.57147e-22 -1.37698e-11 -2.94145e-22 -4.99049e-12   -1.623e-22 -1.56796e-12 -8.39437e-23 -4.44088e-13 -3.85125e-23 -1.15586e-13  -1.5583e-23 -2.79488e-14 -5.61204e-24 -6.31977e-15 -1.81213e-24 -1.34184e-15 -5.26232e-25 -2.68191e-16 -1.37871e-25 -5.05257e-17 -3.28073e-26 -8.97672e-18 -7.14576e-27 -1.50371e-18 -1.43053e-27 -2.37304e-19 -2.63229e-28 -3.52346e-20 -4.45149e-29 -4.91339e-21 -6.92883e-30 -6.42066e-22 -9.93582e-31 -7.84189e-23 -1.31183e-31 -8.92425e-24 -1.59452e-32 -9.42986e-25 -1.78544e-33 -9.21459e-26 -1.83895e-34 -8.28872e-27 -1.73451e-35 -6.82723e-28 -1.49252e-36 -5.11781e-29 -1.17014e-37 -3.46637e-30 -8.33858e-39  -2.1032e-31 -5.36348e-40 -1.13121e-32 -3.08387e-41 -5.32319e-34 -1.57099e-42 -2.15485e-35 -7.02271e-44 -7.33438e-37 -2.71256e-45 -2.03141e-38  -8.8386e-47 -4.34815e-40 -2.35231e-48 -6.53404e-42 -4.89026e-50 -5.33418e-44 -7.38175e-52  7.21822e-47 -6.99106e-54  4.88084e-48 -2.67771e-56
-2.88484e-17   0.00220883  1.23706e-16   -0.0123206   -9.144e-17    0.0274164 -1.14399e-16   -0.0252769  2.92453e-16    0.0022227 -2.49994e-16   0.00821654  1.08816e-16  0.000642062 -6.38813e-17  -0.00242386 -3.14654e-17  -0.00130597  7.11035e-17  1.81794e-05  2.10197e-17  0.000389687 -1.82958e-17  0.000252743 -1.28674e-17  7.31267e-05 -5.10816e-18   -1.073e-05  6.01218e-19 -2.53485e-05  3.04494e-18 -1.65532e-05  2.09272e-18  -7.0759e-06  2.59575e-19 -2.02073e-06 -5.65402e-19 -1.92028e-07  -4.3551e-19  2.05957e-07 -9.00641e-20  1.77347e-07  7.49246e-20   9.3246e-08  7.58436e-20  3.91436e-08  3.43575e-20  1.40928e-08   7.8091e-21  4.47463e-09 -1.22169e-21  1.26556e-09   -2.412e-21  3.18089e-10 -1.69774e-21  6.97812e-11 -9.96842e-22   1.2674e-11 -5.58607e-22  1.57636e-12 -2.95393e-22 -3.60578e-14 -1.41591e-22 -1.06735e-13 -6.04417e-23 -4.50882e-14  -2.3029e-23 -1.38856e-14 -7.89291e-24 -3.62347e-15 -2.44548e-24 -8.41282e-16 -6.86131e-25 -1.77576e-16 -1.74758e-25 -3.44498e-17 -4.06231e-26  -6.1778e-18  -8.6685e-27  -1.0269e-18 -1.70312e-27  -1.5836e-19 -3.08195e-28 -2.26437e-20 -5.13786e-29 -2.99703e-21 -7.89679e-30 -3.66129e-22 -1.11907e-30 -4.11143e-23 -1.46116e-31 -4.21991e-24 -1.75723e-32 -3.92766e-25 -1.94551e-33 -3.27727e-26  -1.9781e-34 -2.40805e-27 -1.83921e-35 -1.50945e-28  -1.5577e-36 -7.52818e-30 -1.19786e-37 -2.35397e-31 -8.32402e-39  3.69957e-33 -5.18638e-40  1.25841e-33  -2.8691e-41  1.15025e-34 -1.39429e-42  7.26664e-36 -5.87511e-44    3.549e-37 -2.10683e-45  1.37004e-38 -6.26021e-47  4.13779e-40 -1.48446e-48  9.44613e-42 -2.65386e-50  1.52277e-43 -3.23516e-52  1.50442e-45 -2.13512e-54  5.89697e-48
-0.000315873 -9.46786e-17   0.00458359   2.1285e-16   -0.0197528 -1.14399e-16    0.0368379 -1.23342e-16   -0.0266823  2.68721e-16  -0.00379068 -1.29915e-16   0.00966611  3.17556e-17   0.00336974 -1.11997e-16  -0.00203824 -1.84797e-17   -0.0020992  8.37564e-17 -0.000561479  3.52251e-17  0.000274743 -1.21425e-17  0.000349147 -1.86749e-17  0.000175729 -1.07441e-17  4.01464e-05 -3.54815e-19 -1.24052e-05  4.18752e-18 -1.86085e-05  2.83102e-18 -1.15235e-05  2.90212e-19 -5.01171e-06 -7.29742e-19 -1.61052e-06 -5.07042e-19 -3.22322e-07 -7.21112e-20  2.36324e-08  1.13028e-19  6.33135e-08  1.03248e-19  3.96108e-08  4.88798e-20  1.81256e-08  1.38386e-20  6.98577e-09   3.1846e-22   2.3831e-09 -2.69877e-21  7.37014e-10 -2.40102e-21   2.0948e-10 -1.56673e-21  5.51966e-11 -8.92607e-22  1.35645e-11 -4.54464e-22  3.12322e-12 -2.05962e-22  6.76381e-13 -8.31561e-23  1.38285e-13  -3.0135e-23  2.67968e-14 -9.87958e-24  4.94421e-15 -2.94238e-24  8.73255e-16 -7.97192e-25  1.48525e-16 -1.96916e-25  2.44696e-17 -4.45367e-26  3.92324e-18 -9.26309e-27  6.13396e-19 -1.77556e-27  9.33813e-20 -3.13782e-28  1.37726e-20 -5.11334e-29  1.95306e-21 -7.68436e-30  2.63974e-22 -1.06436e-30  3.37092e-23  -1.3575e-31  4.03418e-24 -1.59306e-32  4.49163e-25 -1.71784e-33  4.62178e-26   -1.697e-34  4.36763e-27 -1.52924e-35  3.76709e-28 -1.25175e-36  2.94614e-29 -9.26636e-38  2.07428e-30 -6.16656e-39  1.30398e-31 -3.65787e-40  7.24826e-33 -1.91399e-41  3.52046e-34 -8.72734e-43  1.47193e-35  -3.4141e-44  5.19614e-37 -1.12112e-45  1.50871e-38 -2.99571e-47  3.47055e-40 -6.22246e-49  5.96911e-42 -9.32849e-51  6.93212e-44 -8.72863e-53  4.31169e-46 -3.29178e-55
 2.78769e-17 -0.000515818 -1.91852e-16   0.00642118  2.77828e-16   -0.0252769 -1.23342e-16    0.0421611 -1.33126e-16   -0.0238187  2.43023e-16   -0.0102173  2.08598e-17   0.00893775 -3.86949e-17   0.00614092 -1.71005e-16 -0.000709194  -2.3999e-17   -0.0024909  9.39082e-17  -0.00127015  5.53435e-17 -6.36157e-05 -2.68708e-18  0.000332016 -2.33232e-17  0.000263356 -1.60748e-17  0.000112417 -1.55518e-18   2.1451e-05   4.7723e-18 -9.40748e-06   3.1361e-18 -1.18954e-05  1.78064e-19 -7.21424e-06  -8.6179e-19 -3.22584e-06 -5.16902e-19 -1.14409e-06 -1.83779e-20  -3.1463e-07  1.67058e-19 -5.44483e-08  1.39435e-19  4.75176e-09  6.89024e-20  9.63416e-09  2.26864e-20  5.50255e-09  2.86168e-21  2.34236e-09  -2.8156e-21  8.48971e-10 -3.16051e-21  2.74743e-10 -2.18996e-21  8.12459e-11 -1.24246e-21  2.22482e-11 -6.10623e-22  5.68969e-12 -2.64316e-22  1.36673e-12 -1.01873e-22  3.09625e-13 -3.53365e-23  6.63414e-14 -1.11217e-23  1.34699e-14  -3.1889e-24  2.59461e-15 -8.34251e-25  4.74361e-16 -1.99551e-25  8.22986e-17 -4.37956e-26  1.35388e-17 -8.84796e-27  2.10902e-18 -1.64811e-27  3.10516e-19 -2.83147e-28  4.31096e-20 -4.48641e-29  5.62792e-21 -6.55332e-30  6.88703e-22 -8.81575e-31  7.87212e-23 -1.09087e-31  8.37197e-24 -1.24017e-32  8.24831e-25  -1.2928e-33  7.49249e-26  -1.2315e-34  6.24159e-27 -1.06727e-35  4.73976e-28 -8.37587e-37   3.2585e-29 -5.92132e-38  2.01187e-30 -3.74462e-39  1.10506e-31 -2.09881e-40  5.33821e-33 -1.03078e-41    2.236e-34 -4.37464e-43  7.97572e-36 -1.57527e-44  2.36561e-37 -4.69116e-46  5.64545e-39 -1.11318e-47   1.0327e-40 -1.98739e-49  1.33826e-42 -2.41334e-51   1.0553e-44 -1.58317e-53   3.2374e-47
-0.000106198   7.7713e-17  8.97602e-05 -2.78514e-16    0.0059138  2.92453e-16   -0.0266823 -1.33126e-16    0.0427151 -1.64613e-16   -0.0183134  2.42777e-16   -0.0153585  1.72869e-16    0.0063353 -8.08831e-17   0.00814972 -2.30938e-16   0.00126067 -4.94299e-17  -0.00225833  9.75367e-17  -0.00187204  7.65226e-17 -0.000563858  8.61761e-18  0.000159987 -2.51946e-17  0.000284467 -1.94831e-17  0.000178537 -2.60179e-18  6.89467e-05  4.57192e-18  1.25079e-05  2.78922e-18 -5.19425e-06 -1.57969e-19 -6.52761e-06 -9.78431e-19 -3.98639e-06  -4.6751e-19 -1.83911e-06  7.36913e-20 -7.01187e-07  2.41713e-19  -2.2625e-07  1.87593e-19 -6.09674e-08  9.54035e-20 -1.26933e-08  3.43426e-20 -1.33977e-09  6.33433e-21  4.36762e-10 -2.68513e-21  3.65666e-10  -3.8319e-21  1.63447e-10 -2.74488e-21  5.81989e-11 -1.53594e-21  1.80487e-11  -7.3014e-22   5.0501e-12 -3.03651e-22  1.29759e-12 -1.12352e-22  3.09237e-13 -3.74562e-23  6.87635e-14 -1.13468e-23  1.43192e-14 -3.13623e-24  2.79822e-15 -7.92348e-25  5.13677e-16 -1.83363e-25  8.85976e-17 -3.89818e-26  1.43505e-17 -7.63213e-27  2.18059e-18 -1.37782e-27  3.10362e-19 -2.29408e-28  4.12932e-20 -3.52188e-29  5.12312e-21 -4.98108e-30  5.90973e-22 -6.48153e-31  6.31681e-23 -7.74826e-32   6.2317e-24 -8.49571e-33  5.64808e-25 -8.52287e-34  4.67795e-26 -7.79343e-35  3.51831e-27 -6.46561e-36   2.3849e-28 -4.84173e-37  1.44374e-29 -3.25286e-38  7.71695e-31 -1.94525e-39  3.58898e-32 -1.02494e-40  1.42399e-33 -4.69822e-42  4.68574e-35 -1.84394e-43  1.22268e-36 -6.06492e-45  2.32381e-38 -1.62162e-46  2.53827e-40 -3.36762e-48 -5.26299e-43 -5.04165e-50 -6.47933e-44  -4.7043e-52 -7.87998e-46 -1.76705e-54
    -2.9e-18 -0.000535782  1.36204e-16   0.00210632 -3.04998e-16    0.0022227  2.68721e-16   -0.0238187 -1.64613e-16    0.0398606 -2.27624e-16   -0.0122182   2.6874e-16   -0.0184758  3.09151e-16   0.00269234 -8.74214e-17   0.00898411 -2.80534e-16   0.00339364 -8.72633e-17  -0.00139859  9.21828e-17  -0.00215962  9.26567e-17  -0.00109375  1.95847e-17 -0.000150288 -2.32879e-17  0.000205175 -1.97691e-17  0.000205436  -3.0999e-18  0.000112751  3.59344e-18  4.17521e-05  1.74926e-18  8.47694e-06 -7.49849e-19 -1.78701e-06  -1.1074e-18 -2.92728e-06 -3.75896e-19 -1.87041e-06  1.99919e-19 -8.93849e-07  3.38067e-19 -3.58195e-07  2.48097e-19 -1.25467e-07    1.276e-19 -3.91068e-08  4.80736e-20 -1.09094e-08  1.05114e-20 -2.71257e-09 -2.20333e-21 -5.90366e-10 -4.23721e-21 -1.06996e-10 -3.10148e-21 -1.36177e-11   -1.706e-21  4.41458e-14  -7.8611e-22  7.69252e-13 -3.15332e-22  3.28728e-13 -1.12422e-22   9.9911e-14 -3.61237e-23  2.55049e-14 -1.05526e-23  5.75945e-15 -2.81455e-24  1.17648e-15 -6.86866e-25  2.19785e-16   -1.537e-25  3.77563e-17 -3.16145e-26  5.97793e-18 -5.98912e-27  8.72452e-19 -1.04596e-27  1.17185e-19 -1.68418e-28  1.44388e-20 -2.49902e-29  1.62358e-21 -3.41314e-30  1.65316e-22 -4.28402e-31  1.50598e-23 -4.93306e-32  1.20308e-24 -5.20081e-33  8.11217e-26 -5.00541e-34   4.2021e-27 -4.37968e-35  1.09308e-28 -3.46676e-36 -8.03194e-30 -2.46844e-37 -1.53188e-30 -1.57018e-38 -1.45851e-31 -8.84412e-40 -1.03048e-32 -4.36131e-41   -5.826e-34 -1.85629e-42 -2.68244e-35 -6.69468e-44 -1.00054e-36 -1.99474e-45 -2.95983e-38 -4.73308e-47 -6.67388e-40 -8.44501e-49 -1.06853e-41 -1.02409e-50 -1.05255e-43 -6.70273e-53 -4.12546e-46
 6.43875e-05  -6.1734e-18  -0.00124473  1.72516e-16    0.0052337 -2.49994e-16  -0.00379068  2.43023e-16   -0.0183134 -2.27624e-16    0.0356473 -3.14758e-16  -0.00690803   3.0296e-16    -0.019714  4.20631e-16  -0.00115962 -6.38018e-17   0.00864514 -3.10577e-16   0.00525619 -1.26041e-16 -8.26827e-05  7.77463e-17  -0.00202432  9.90327e-17   -0.0015049  2.82162e-17 -0.000530511 -1.75419e-17  2.53129e-05 -1.65926e-17  0.000169418 -2.81681e-18  0.000132459  2.05229e-18  6.74631e-05  1.60398e-19  2.51172e-05 -1.55543e-18  6.20128e-06 -1.26083e-18  1.42721e-07 -2.59269e-19 -9.30985e-07  3.52005e-19 -6.90419e-07  4.51797e-19 -3.49181e-07  3.17123e-19 -1.45722e-07  1.62605e-19 -5.33057e-08  6.24613e-20 -1.75768e-08  1.50363e-20 -5.30682e-09 -1.28919e-21 -1.48174e-09 -4.23029e-21 -3.85265e-10 -3.16785e-21 -9.37749e-11 -1.71446e-21 -2.14615e-11 -7.67754e-22 -4.63689e-12 -2.97954e-22 -9.49538e-13 -1.02632e-22 -1.85061e-13 -3.18508e-23 -3.44745e-14  -8.9852e-24 -6.16453e-15 -2.31456e-24 -1.06198e-15 -5.45768e-25  -1.7669e-16 -1.18055e-25 -2.84066e-17 -2.34761e-26 -4.40553e-18 -4.29865e-27 -6.56539e-19 -7.25308e-28 -9.34988e-20  -1.1277e-28 -1.26422e-20 -1.61445e-29 -1.61201e-21 -2.12524e-30 -1.92552e-22 -2.56778e-31 -2.14082e-23 -2.84192e-32 -2.20189e-24 -2.87423e-33 -2.08237e-25 -2.64746e-34 -1.79961e-26 -2.21106e-35 -1.41188e-27 -1.66536e-36 -9.98282e-29 -1.12415e-37 -6.30857e-30 -6.74824e-39 -3.52825e-31 -3.56687e-40 -1.72564e-32  -1.6391e-41 -7.27102e-34 -6.44326e-43 -2.58864e-35 -2.12059e-44 -7.58567e-37 -5.66961e-46 -1.76243e-38 -1.17687e-47   -3.064e-40 -1.76038e-49 -3.59989e-42 -1.64027e-51 -2.26748e-44 -6.14856e-54
-1.71904e-17  3.67934e-05 -9.46956e-18  -0.00170347  1.63197e-16   0.00821654 -1.29915e-16   -0.0102173  2.42777e-16   -0.0122182 -3.14758e-16    0.0316045 -4.07854e-16  -0.00283953  3.26247e-16   -0.0196216  5.00663e-16  -0.00467483 -2.24907e-17   0.00737962 -3.16231e-16   0.00657234 -1.55864e-16    0.0014407  5.59561e-17  -0.00146991  9.39562e-17  -0.00168145  3.34442e-17 -0.000886236 -8.79705e-18 -0.000220612 -1.05366e-17  6.67955e-05 -1.76742e-18  0.000113484  2.65891e-19  7.77411e-05 -1.70494e-18  3.81695e-05 -2.45806e-18  1.46669e-05 -1.41634e-18  4.32976e-06 -1.23326e-19  7.95965e-07  5.20401e-19  -7.7909e-08  5.73434e-19 -1.61438e-07  3.87124e-19 -9.69827e-08  1.96023e-19 -4.33768e-08   7.5714e-20 -1.64827e-08  1.94621e-20 -5.57989e-09  5.15588e-23 -1.72241e-09 -3.75995e-21 -4.91343e-10 -2.92442e-21 -1.30647e-10  -1.5645e-21 -3.25693e-11 -6.83173e-22 -7.64354e-12 -2.57242e-22 -1.69359e-12 -8.58061e-23 -3.54973e-13 -2.57625e-23 -7.04628e-14 -7.02685e-24 -1.32529e-14 -1.74956e-24 -2.36146e-15 -3.98735e-25 -3.98338e-16 -8.33631e-26 -6.35287e-17  -1.6019e-26 -9.56244e-18 -2.83302e-27 -1.35545e-18 -4.61398e-28 -1.80456e-19 -6.91906e-29  -2.2497e-20 -9.54458e-30  -2.6174e-21 -1.20921e-30 -2.83124e-22 -1.40413e-31 -2.83549e-23 -1.49105e-32 -2.61705e-24  -1.4439e-33 -2.21446e-25  -1.2703e-34  -1.7078e-26  -1.0104e-35  -1.1923e-27 -7.22388e-37 -7.47647e-29 -4.61012e-38 -4.17169e-30 -2.60339e-39   -2.048e-31  -1.2865e-40 -8.72321e-33 -5.48403e-42 -3.16677e-34 -1.97937e-43 -9.57078e-36 -5.89804e-45 -2.33115e-37 -1.39885e-46 -4.36226e-39 -2.49403e-48 -5.80219e-41  -3.0212e-50 -4.71978e-43 -1.97446e-52 -1.50576e-45
 4.62735e-05 -3.99483e-17 -0.000305485 -1.59026e-17  -0.00118176  1.08816e-16   0.00966611  2.08598e-17   -0.0153585   2.6874e-16  -0.00690803 -4.07854e-16    0.0283808 -4.87927e-16  0.000115141  3.28624e-16   -0.0187468  5.44318e-16  -0.00760996  2.36219e-17   0.00550323 -2.97795e-16   0.00723073 -1.71727e-16   0.00292813  2.94761e-17 -0.000586626  7.89034e-17  -0.00156615  3.52899e-17  -0.00112646  1.50586e-18  -0.00047494 -2.84665e-18 -8.37265e-05 -2.07735e-19  5.36072e-05 -1.46661e-18  6.48996e-05 -3.53067e-18  4.13545e-05 -3.29173e-18  2.00069e-05 -1.51778e-18  7.96303e-06  3.94147e-20   2.6555e-06  6.95547e-19  7.24335e-07  6.90334e-19   1.4339e-07  4.48858e-19  7.30529e-09  2.23177e-19  -1.0839e-08  8.61109e-20 -7.15047e-09  2.33109e-20 -3.10628e-09  1.68899e-21 -1.11416e-09 -2.89728e-21 -3.52147e-10 -2.42966e-21 -1.00891e-10 -1.29689e-21 -2.65956e-11  -5.5489e-22 -6.50681e-12 -2.03374e-22 -1.48543e-12 -6.58419e-23 -3.17457e-13 -1.91564e-23 -6.36357e-14 -5.05775e-24 -1.19756e-14 -1.21812e-24 -2.11612e-15 -2.68425e-25 -3.50933e-16 -5.42414e-26 -5.45643e-17 -1.00689e-26 -7.94238e-18 -1.71904e-27 -1.08022e-18 -2.70055e-28 -1.36952e-19 -3.90254e-29 -1.61402e-20 -5.18184e-30 -1.76242e-21 -6.31066e-31 -1.77637e-22 -7.03329e-32 -1.64544e-23 -7.15528e-33 -1.39363e-24 -6.62357e-34 -1.07288e-25  -5.5556e-35 -7.45466e-27 -4.19998e-36 -4.63561e-28 -2.84365e-37 -2.55319e-29 -1.71101e-38 -1.22942e-30 -9.06007e-40 -5.08896e-32 -4.16918e-41 -1.76985e-33 -1.64034e-42 -5.00398e-35 -5.40002e-44 -1.09158e-36 -1.44325e-45 -1.66513e-38 -2.99359e-47 -1.35604e-40 -4.47344e-49   2.7571e-43 -4.16301e-51  1.41348e-44 -1.55798e-53
  1.1658e-17  0.000152106 -5.96104e-17  -0.00105696 -3.21058e-17  0.000642062  3.17556e-17   0.00893775  1.72869e-16   -0.0184758   3.0296e-16  -0.00283953 -4.87927e-16    0.0260088  -5.4139e-16   0.00226842  3.09748e-16   -0.0174736  5.50808e-16  -0.00991997  6.56058e-17   0.00329681 -2.59962e-16   0.00723934 -1.73821e-16   0.00418692  1.30295e-18  0.000487692  5.75535e-17    -0.001164  3.45337e-17  -0.00118658  1.17299e-17 -0.000674254  4.97652e-18 -0.000246656  1.44862e-18 -3.53538e-05   -2.941e-18   2.9075e-05  -5.0333e-18  3.15705e-05 -3.88366e-18  1.94608e-05 -1.49599e-18  9.37678e-06  2.41169e-19  3.82732e-06  8.67251e-19  1.36563e-06  7.89391e-19  4.31197e-07  4.93919e-19  1.20452e-07  2.40371e-19  2.93263e-08  9.23929e-20   5.9473e-09  2.61438e-20  8.60981e-10  3.38443e-21  1.07092e-11 -1.81323e-21 -5.18622e-11 -1.79601e-21 -2.50891e-11 -9.73226e-22 -8.44114e-12 -4.11012e-22 -2.37196e-12 -1.47247e-22 -5.88501e-13 -4.63941e-23 -1.32048e-13 -1.31046e-23 -2.71199e-14 -3.35352e-24 -5.13087e-15 -7.81949e-25 -8.97109e-16  -1.6669e-25 -1.45139e-16 -3.25611e-26 -2.17224e-17 -5.83833e-27 -3.00333e-18 -9.61929e-28 -3.82618e-19 -1.45689e-28 -4.47465e-20 -2.02745e-29 -4.77858e-21 -2.58907e-30 -4.62589e-22 -3.02793e-31  -4.0165e-23  -3.2352e-32 -3.07722e-24 -3.14898e-33 -2.02236e-25 -2.78219e-34 -1.07455e-26 -2.22093e-35 -3.85194e-28 -1.59259e-36  5.17456e-31 -1.01872e-37   1.5181e-30 -5.76278e-39  1.54148e-31 -2.85139e-40  1.02949e-32 -1.21657e-41  5.24495e-34 -4.39283e-43  2.10069e-35 -1.30876e-44  6.56557e-37 -3.10194e-46   1.5491e-38 -5.52493e-48  2.57962e-40 -6.68452e-50  2.63255e-42  -4.3621e-52  1.06629e-44
 3.69014e-06  2.50152e-17  0.000225306 -6.44347e-17  -0.00194472 -6.38813e-17   0.00336974 -3.86949e-17    0.0063353  3.09151e-16    -0.019714  3.26247e-16  0.000115141  -5.4139e-16    0.0242867 -5.62041e-16   0.00389729  2.74701e-16   -0.0160236  5.25201e-16   -0.0116533  9.96008e-17  0.000972221 -2.10117e-16    0.0066737 -1.65656e-16   0.00508828 -2.55032e-17   0.00160196  3.43975e-17 -0.000531608    3.223e-17  -0.00104065   2.0416e-17  -0.00076632  1.15696e-17  -0.00038035  2.76342e-18 -0.000131018 -4.05805e-18 -2.13011e-05  -6.0099e-18  1.04715e-05 -4.09984e-18    1.246e-05 -1.29845e-18  7.73655e-06  4.86598e-19  3.74405e-06  1.02361e-18  1.54889e-06   8.5956e-19  5.68921e-07  5.16707e-19  1.89255e-07  2.45687e-19  5.76989e-08  9.39729e-20  1.62481e-08  2.76327e-20  4.24962e-09  4.85569e-21  1.03671e-09 -7.19294e-22  2.36764e-10 -1.14967e-21  5.08025e-11 -6.54771e-22  1.02834e-11 -2.76337e-22  1.97357e-12 -9.73786e-23  3.61399e-13 -2.99728e-23   6.3629e-14 -8.23952e-24    1.086e-14 -2.04715e-24  1.80974e-15 -4.62671e-25  2.95592e-16  -9.5479e-26  4.72691e-17 -1.80357e-26  7.35533e-18 -3.12383e-27  1.10307e-18 -4.96617e-28  1.57719e-19 -7.24885e-29    2.128e-20 -9.70922e-30  2.68501e-21 -1.19159e-30  3.14396e-22 -1.33707e-31  3.39372e-23  -1.3681e-32  3.35667e-24 -1.27242e-33  3.02411e-25  -1.0714e-34  2.46633e-26 -8.12548e-36   1.8084e-27 -5.51536e-37  1.18277e-28 -3.32478e-38  6.83545e-30 -1.76285e-39  3.45044e-31 -8.11951e-41  1.49924e-32 -3.19625e-42  5.50143e-34 -1.05226e-43   1.6613e-35 -2.81095e-45  3.97814e-37 -5.82483e-47  7.13167e-39 -8.69305e-49  8.64793e-41 -8.07756e-51  5.62949e-43 -3.01764e-53
 2.67747e-18  5.89021e-05  3.79367e-17  6.25613e-05 -5.18515e-17  -0.00242386 -1.11997e-16   0.00614092 -8.08831e-17   0.00269234  4.20631e-16   -0.0196216  3.28624e-16   0.00226842 -5.62041e-16    0.0230078 -5.50933e-16   0.00518883  2.30145e-16   -0.0145109  4.77412e-16   -0.0128872  1.25331e-16  -0.00132421 -1.56315e-16   0.00563853 -1.51536e-16    0.0055626 -4.79992e-17   0.00261553  1.35352e-17  0.000239745  2.93522e-17 -0.000703522  2.65635e-17 -0.000722456  1.60038e-17 -0.000448883  3.42439e-18 -0.000207464 -4.78016e-18 -7.22442e-05 -6.35377e-18 -1.59717e-05 -3.87751e-18  9.79414e-07 -9.12349e-19   3.4636e-06  7.64565e-19  2.38023e-06  1.15122e-18   1.1862e-06  8.93677e-19  4.96756e-07  5.15318e-19   1.8405e-07   2.3915e-19   6.1858e-08   9.0953e-20  1.91345e-08  2.76224e-20  5.49882e-09  5.86326e-21  1.47771e-09  1.99913e-22  3.73115e-10 -5.92896e-22  8.88308e-11 -3.86183e-22  1.99936e-11 -1.66767e-22  4.26215e-12 -5.84248e-23  8.61549e-13 -1.76719e-23  1.65218e-13 -4.74554e-24  3.00539e-14 -1.14757e-24  5.18177e-15 -2.51816e-25  8.45676e-16  -5.0362e-26  1.30396e-16 -9.20544e-27  1.89511e-17 -1.54063e-27  2.58885e-18 -2.36336e-28  3.31369e-19   -3.324e-29  3.96026e-20 -4.28344e-30  4.40218e-21 -5.04918e-31  4.53217e-22 -5.43159e-32  4.30148e-23  -5.3169e-33  3.74416e-24 -4.71932e-34  2.97159e-25 -3.78135e-35  2.13618e-26 -2.71962e-36  1.38023e-27 -1.74355e-37  7.94274e-29 -9.87865e-39  4.02638e-30 -4.89295e-40  1.77366e-31  -2.0889e-41  6.67287e-33 -7.54423e-43  2.09563e-34 -2.24698e-44  5.32297e-36 -5.32114e-46  1.04373e-37 -9.46518e-48  1.46424e-39  -1.1433e-49  1.26799e-41 -7.44675e-52  4.36592e-44
-9.41403e-06  6.68651e-18  0.000187996  4.88712e-17 -0.000478669 -3.14654e-17  -0.00203824 -1.71005e-16   0.00814972 -8.74214e-17  -0.00115962  5.00663e-16   -0.0187468  3.09748e-16   0.00389729 -5.50933e-16    0.0220287 -5.15054e-16   0.00625804  1.82301e-16   -0.0129907  4.18983e-16   -0.0136988   1.4376e-16  -0.00349619 -1.05457e-16   0.00424523 -1.34645e-16   0.00558807 -6.35885e-17   0.00341201 -2.01757e-18   0.00104172  2.66828e-17 -0.000225333  2.98116e-17 -0.000543452  1.79677e-17 -0.000431782  3.37438e-18 -0.000243263 -5.06871e-18 -0.000108998 -6.04451e-18 -3.96889e-05 -3.23421e-18 -1.12544e-05 -3.70477e-19 -1.95137e-06   1.0486e-18   2.5699e-07  1.23739e-18  4.35831e-07  8.89409e-19   2.5528e-07  4.91401e-19  1.12841e-07  2.22409e-19  4.25422e-08  8.40071e-20  1.43045e-08   2.6167e-20  4.38415e-09  6.27923e-21  1.24001e-09  8.33939e-22  3.26151e-10 -1.82526e-22  8.01703e-11 -1.88715e-22   1.8476e-11 -8.81042e-23  4.00014e-12 -3.13351e-23  8.14508e-13 -9.41381e-24  1.56041e-13 -2.48504e-24    2.812e-14 -5.87282e-25   4.7634e-15 -1.25465e-25  7.57589e-16 -2.43627e-26  1.12948e-16 -4.31419e-27  1.57542e-17 -6.98169e-28  2.05098e-18 -1.03381e-28  2.48534e-19 -1.40112e-29   2.7945e-20 -1.73671e-30  2.90504e-21 -1.96535e-31  2.78066e-22 -2.02543e-32  2.43921e-23 -1.89496e-33  1.95029e-24  -1.6032e-34   1.4124e-25 -1.22048e-35   9.1958e-27 -8.30849e-37  5.33509e-28 -5.01908e-38   2.7285e-29 -2.66486e-39  1.21373e-30 -1.22839e-40  4.61677e-32 -4.83721e-42  1.46844e-33 -1.59227e-43  3.78778e-35 -4.25054e-45  7.58047e-37 -8.79667e-47  1.09815e-38  -1.3105e-48  1.01794e-40 -1.21512e-50  4.56764e-43 -4.52847e-53
 -5.1017e-18 -7.12831e-06  1.00289e-17  0.000324132  5.92888e-17  -0.00130597 -1.84797e-17 -0.000709194 -2.30938e-16   0.00898411 -6.38018e-17  -0.00467483  5.44318e-16   -0.0174736  2.74701e-16   0.00518883 -5.15054e-16    0.0212631 -4.64681e-16   0.00717628  1.36188e-16   -0.0114871  3.59601e-16   -0.0141539  1.55496e-16  -0.00548167 -6.20174e-17   0.00260105 -1.16233e-16   0.00517924 -7.02611e-17   0.00390608 -1.04777e-17   0.00176491  2.49094e-17  0.000319059  3.05262e-17 -0.000258769  1.78304e-17 -0.000329284  2.87498e-18 -0.000227921 -4.83931e-18 -0.000121004 -5.12442e-18 -5.35127e-05  -2.2527e-18 -2.02891e-05  2.60954e-19 -6.62217e-06  1.30517e-18 -1.82193e-06  1.27344e-18 -3.90482e-07  8.49344e-19 -4.39782e-08  4.49321e-19  1.28198e-08  1.98165e-19  1.14136e-08  7.41974e-20  5.22307e-09  2.35225e-20  1.88756e-09  6.11265e-21  5.90584e-10   1.1597e-21  1.65789e-10  7.15876e-23  4.24927e-11 -6.25746e-23  1.00405e-11 -3.82283e-23  2.19947e-12 -1.45302e-23  4.48151e-13 -4.43452e-24  8.50797e-14   -1.165e-24  1.50594e-14 -2.71108e-25   2.4848e-15 -5.66683e-26  3.81867e-16 -1.07195e-26  5.45804e-17  -1.8431e-27  7.24083e-18 -2.88839e-28  8.89279e-19 -4.13219e-29  1.00783e-19   -5.399e-30  1.04986e-20  -6.4376e-31  1.00042e-21 -6.99217e-32   8.6693e-23  -6.8995e-33  6.78163e-24 -6.16403e-34  4.74362e-25 -4.96463e-35   2.9294e-26 -3.58511e-36  1.56824e-27 -2.30533e-37   7.0707e-29 -1.30882e-38  2.54372e-30 -6.49047e-40  6.35855e-32 -2.77245e-41  4.47357e-34 -1.00129e-42 -5.18085e-35  -2.9805e-44 -3.14355e-36 -7.04939e-46 -1.01406e-37 -1.25153e-47 -2.05324e-39 -1.50797e-49 -2.40898e-41  -9.7933e-52 -1.08708e-43
-6.26527e-06 -1.11336e-17  4.44555e-05  1.17265e-17  0.000312865  7.11035e-17   -0.0020992  -2.3999e-17   0.00126067 -2.80534e-16   0.00864514 -2.24907e-17  -0.00760996  5.50808e-16   -0.0160236  2.30145e-16   0.00625804 -4.64681e-16    0.0206601 -4.09938e-16    0.0079908  9.53272e-17   -0.0100083  3.05046e-16    -0.014305  1.60559e-16   -0.0072403 -2.74938e-17  0.000805365 -9.57603e-17   0.00437805 -6.67502e-17   0.00404657 -1.10717e-17   0.00231252  2.47996e-17  0.000843546  2.97708e-17  8.01778e-05  1.65636e-17 -0.000162073  2.46879e-18 -0.000164802 -3.96059e-18 -0.000105263 -3.67488e-18  -5.3712e-05  -1.0519e-18 -2.34819e-05  9.04372e-19 -9.06963e-06  1.50465e-18 -3.14393e-06  1.25748e-18 -9.86045e-07  7.80213e-19 -2.80646e-07  3.95008e-19 -7.23673e-08  1.69561e-19 -1.67799e-08  6.27667e-20 -3.43756e-09  2.00915e-20 -5.97189e-10  5.48695e-21 -7.80382e-11  1.22409e-21 -3.43765e-12  1.93599e-22  2.13677e-12  5.44107e-24  9.64394e-13 -1.07009e-23  2.73987e-13 -5.31165e-24  6.29583e-14 -1.75407e-24  1.24791e-14 -4.72326e-25  2.18382e-15 -1.10042e-25  3.39806e-16 -2.27378e-26  4.68686e-17 -4.21831e-27   5.6488e-18 -7.07433e-28  5.74339e-19  -1.0769e-28  4.46943e-20 -1.49154e-29  1.62343e-21  -1.8812e-30 -2.48323e-22 -2.15929e-31 -7.00035e-23 -2.25144e-32 -1.07888e-23 -2.12658e-33 -1.28657e-24 -1.81296e-34 -1.28197e-25 -1.38847e-35 -1.09587e-26 -9.49515e-37 -8.10782e-28 -5.75441e-38 -5.19249e-29 -3.06143e-39 -2.86252e-30  -1.4126e-40 -1.34402e-31 -5.56363e-42  -5.2879e-33 -1.83039e-43 -1.70226e-34 -4.87972e-45 -4.32721e-36 -1.00768e-46 -8.21079e-38 -1.49669e-48 -1.05181e-39 -1.38257e-50 -7.22572e-42 -5.13021e-53
-2.81503e-20 -1.86155e-05 -1.66537e-17  0.000167272  1.40322e-17  1.81794e-05  8.37564e-17   -0.0024909 -4.94299e-17   0.00339364 -3.10577e-16   0.00737962  2.36219e-17  -0.00991997  5.25201e-16   -0.0145109  1.82301e-16   0.00717628 -4.09938e-16    0.0201889 -3.58004e-16   0.00873549  6.15361e-17  -0.00855294  2.57123e-16   -0.0141916  1.59077e-16  -0.00874416 -6.45282e-19  -0.00105001 -7.16119e-17   0.00324775 -5.25851e-17   0.00381751 -3.68648e-18   0.00261161  2.73008e-17   0.00126535  2.91218e-17  0.000411096  1.55103e-17  3.42233e-05  2.83324e-18 -6.97948e-05 -2.30119e-18 -6.69702e-05 -1.80323e-18 -4.10815e-05  2.42113e-19 -2.03825e-05  1.49144e-18 -8.76703e-06  1.62938e-18 -3.37377e-06  1.19495e-18 -1.18227e-06  6.91381e-19 -3.81554e-07  3.34784e-19 -1.14308e-07  1.39646e-19 -3.19806e-08  5.09341e-20 -8.39621e-09  1.63322e-20 -2.07708e-09  4.58646e-21 -4.85919e-10  1.11071e-21 -1.07847e-10  2.23413e-22 -2.27716e-11  3.34874e-23  -4.5844e-12  1.93158e-24 -8.81304e-13  -9.6152e-25 -1.61872e-13 -4.90209e-25  -2.8393e-14 -1.50414e-25 -4.74865e-15 -3.68318e-26 -7.55336e-16 -7.72862e-27 -1.13883e-16 -1.42958e-27 -1.62111e-17 -2.36361e-28 -2.16926e-18 -3.52029e-29 -2.71623e-19 -4.74375e-30 -3.16749e-20   -5.795e-31 -3.42313e-21  -6.4172e-32 -3.41086e-22 -6.43146e-33 -3.11648e-23 -5.81776e-34 -2.59561e-24 -4.73177e-35 -1.95751e-25 -3.44265e-36 -1.32663e-26 -2.22584e-37 -8.00753e-28 -1.26825e-38 -4.25874e-29 -6.30166e-40 -1.96938e-30  -2.6934e-41 -7.78559e-32 -9.72204e-43 -2.57311e-33 -2.88921e-44  -6.8925e-35 -6.81449e-46 -1.42933e-36 -1.20498e-47 -2.12885e-38 -1.44434e-49 -1.96731e-40 -9.32136e-52  -7.2789e-43
  -1.693e-06 -4.00819e-19 -2.05373e-05 -2.01185e-17  0.000317949  2.10197e-17 -0.000561479  9.39082e-17  -0.00225833 -8.72633e-17   0.00525619 -3.16231e-16   0.00550323  6.56058e-17   -0.0116533  4.77412e-16   -0.0129907  1.36188e-16    0.0079908 -3.58004e-16    0.0198298 -3.12259e-16   0.00943664  3.48035e-17  -0.00711396  2.14931e-16   -0.0138414  1.52027e-16  -0.00997103  2.15992e-17  -0.00287862 -4.20272e-17   0.00186939 -2.80988e-17   0.00323836  1.13825e-17   0.00262188  3.34482e-17   0.00151894  3.03056e-17  0.000674027  1.60222e-17  0.000218246  4.56074e-18  3.37065e-05  1.92578e-19 -1.73683e-05  3.56798e-19 -2.02815e-05  1.51433e-18 -1.26548e-05  1.97429e-18 -6.21508e-06  1.67576e-18 -2.62919e-06   1.0968e-18 -9.94336e-07  5.92923e-19 -3.42844e-07  2.74344e-19 -1.09064e-07  1.10957e-19 -3.22625e-08  3.97209e-20 -8.92337e-09  1.26631e-20  -2.3167e-09  3.59747e-21 -5.66145e-10  9.07018e-22 -1.30475e-10  2.01045e-22 -2.83906e-11  3.84177e-23 -5.83587e-12  6.03616e-24  -1.1332e-12   6.6701e-25 -2.07747e-13  5.63524e-27  -3.5921e-14 -2.27155e-26 -5.84945e-15 -7.98111e-27 -8.95429e-16 -1.91294e-27 -1.28569e-16 -3.74378e-28 -1.72707e-17 -6.31649e-29  -2.1642e-18 -9.40679e-30 -2.52161e-19 -1.25128e-30 -2.72188e-20 -1.49524e-31  -2.7108e-21  -1.6083e-32 -2.47951e-22 -1.55635e-33 -2.07209e-23   -1.352e-34  -1.5726e-24  -1.0504e-35 -1.07639e-25 -7.25976e-37 -6.58996e-27 -4.43175e-38  -3.5732e-28 -2.36787e-39 -1.69518e-29 -1.09443e-40 -6.92982e-31 -4.30837e-42 -2.39316e-32 -1.41401e-43 -6.79746e-34 -3.75353e-45 -1.52863e-35 -7.70231e-47 -2.56635e-37 -1.13437e-48 -2.90155e-39 -1.03687e-50 -1.74968e-41 -3.79945e-53
 1.25967e-18 -1.00633e-05 -1.43285e-18  1.97359e-05  -2.0826e-17  0.000389687  3.52251e-17  -0.00127015  9.75367e-17  -0.00139859 -1.26041e-16   0.00657234 -2.97795e-16   0.00329681  9.96008e-17   -0.0128872  4.18983e-16   -0.0114871  9.53272e-17   0.00873549 -3.12259e-16    0.0195711 -2.73455e-16    0.0101164  1.33323e-17  -0.00567956  1.76439e-16   -0.0132706  1.41356e-16   -0.0108995  4.28195e-17  -0.00459659 -5.97415e-18  0.000339658  5.54618e-18   0.00236306  3.34701e-17   0.00234138  4.40589e-17   0.00156737  3.47127e-17  0.000823979  1.90531e-17  0.000353313  7.93641e-18  0.000121771  3.42264e-18  3.02164e-05  2.63829e-18  2.14153e-06  2.66667e-18 -3.19566e-06  2.32635e-18 -2.58527e-06  1.65106e-18 -1.34819e-06  9.76248e-19 -5.75118e-07  4.93812e-19 -2.14765e-07  2.18044e-19 -7.23153e-08  8.52801e-20 -2.23059e-08  2.98368e-20 -6.36257e-09  9.39105e-21 -1.68837e-09  2.66538e-21 -4.18427e-10  6.82409e-22 -9.70889e-11   1.5749e-22 -2.11235e-11  3.26962e-23 -4.31248e-12  6.07448e-24 -8.26222e-13  9.97601e-25 -1.48491e-13  1.40876e-25 -2.50129e-14  1.59697e-26 -3.94403e-15  1.12668e-27 -5.81183e-16 -5.63953e-29 -7.98742e-17 -3.95213e-29 -1.02137e-17 -9.12537e-30 -1.21179e-18 -1.55356e-30 -1.32966e-19 -2.19822e-31 -1.34436e-20 -2.69119e-32 -1.24706e-21 -2.89793e-33  -1.0561e-22 -2.76292e-34 -8.11808e-24 -2.33585e-35 -5.62565e-25 -1.74789e-36   -3.486e-26  -1.1523e-37 -1.91265e-27 -6.64539e-39 -9.17936e-29  -3.3207e-40  -3.7947e-30 -1.41955e-41 -1.32449e-31 -5.10056e-43 -3.79934e-33 -1.50217e-44  -8.6205e-35 -3.49489e-46  -1.4596e-36 -6.06491e-48 -1.67134e-38 -7.09511e-50 -1.06039e-40 -4.44317e-52 -2.02899e-43
 2.97455e-07  2.44373e-18 -2.40802e-05 -3.65903e-18   0.00011974 -1.82958e-17  0.000274743  5.53435e-17  -0.00187204  9.21828e-17 -8.26827e-05 -1.55864e-16   0.00723073 -2.59962e-16  0.000972221  1.25331e-16   -0.0136988  3.59601e-16   -0.0100083  6.15361e-17   0.00943664 -2.73455e-16    0.0194064 -2.41836e-16     0.010795 -6.14188e-18  -0.00423375  1.39577e-16   -0.0124851  1.29406e-16   -0.0115055  6.57638e-17  -0.00612033  3.62176e-17  -0.00123136  4.63042e-17   0.00127721  6.13828e-17   0.00180788  5.93031e-17   0.00140886  4.29245e-17  0.000840152  2.48363e-17  0.000416199  1.27961e-17  0.000176558  7.10524e-18  6.46218e-05  4.84064e-18  2.01422e-05   3.6171e-18  5.07252e-06  2.53711e-18  8.37546e-07  1.56795e-18 -5.09805e-08   8.4557e-19 -1.20351e-07  4.00707e-19 -6.62018e-08  1.68596e-19 -2.68458e-08  6.35808e-20 -9.21557e-09  2.16465e-20 -2.80729e-09  6.68383e-21 -7.75602e-10  1.87668e-21 -1.96635e-10   4.8005e-22 -4.60569e-11  1.12078e-22 -1.00064e-11  2.39291e-23 -2.02112e-12  4.67796e-24 -3.79931e-13  8.37198e-25 -6.64804e-14  1.36873e-25 -1.08225e-14   2.0361e-26 -1.63721e-15  2.74086e-27 -2.29761e-16  3.31553e-28 -2.98427e-17  3.56954e-29 -3.57702e-18  3.36553e-30 -3.94229e-19  2.68975e-31 -3.97716e-20  1.67987e-32 -3.65243e-21  5.88502e-34 -3.03199e-22 -3.13188e-35  -2.2545e-23 -8.47114e-36 -1.48315e-24 -9.89024e-37 -8.47909e-26 -8.46811e-38 -4.09284e-27 -5.82308e-39  -1.5786e-28 -3.29875e-40 -4.20231e-30 -1.54559e-41 -2.53693e-32 -5.94107e-43  4.68836e-33 -1.83607e-44  3.09219e-34 -4.39827e-46  1.14289e-35 -7.67384e-48  2.78302e-37 -8.71953e-50  4.29461e-39  -5.0451e-52   3.4242e-41 -5.65464e-55
 1.56575e-19 -2.42303e-06   2.9716e-18 -2.87613e-05 -7.52332e-18  0.000252743 -1.21425e-17 -6.36157e-05  7.65226e-17  -0.00215962  7.77463e-17    0.0014407 -1.71727e-16   0.00723934 -2.10117e-16  -0.00132421   1.4376e-16   -0.0141539  3.05046e-16  -0.00855294  3.48035e-17    0.0101164 -2.41836e-16    0.0193346 -2.18841e-16    0.0114929 -2.77238e-17  -0.00275639   1.0267e-16    -0.011481  1.17998e-16   -0.0117612  9.13905e-17  -0.00736612  8.25959e-17  -0.00272408  9.12267e-17  9.19087e-05  9.31775e-17    0.0010949  7.83404e-17   0.00107706  5.44258e-17  0.000729507  3.27648e-17  0.000401872  1.85233e-17  0.000190552  1.08003e-17  7.98699e-05  6.74629e-18  3.00193e-05  4.30019e-18  1.01945e-05  2.60659e-18  3.13741e-06  1.44013e-18  8.73865e-07   7.1423e-19  2.18809e-07   3.1758e-19  4.84771e-08  1.27158e-19  9.16317e-09  4.61061e-20  1.33499e-09  1.52117e-20  8.66215e-11  4.58183e-21 -3.09438e-11  1.26279e-21  -1.6651e-11  3.19109e-22 -5.17225e-12  7.41096e-23 -1.27799e-12  1.58564e-23 -2.70674e-13  3.13193e-24 -5.04629e-14  5.71697e-25 -8.35359e-15  9.64505e-26 -1.22549e-15   1.5032e-26 -1.57272e-16  2.16331e-27 -1.70898e-17  2.87494e-28 -1.43872e-18  3.52959e-29 -6.19399e-20  4.00393e-30  7.42637e-21  4.19442e-31  2.43418e-21  4.05199e-32  4.06734e-22   3.6023e-33  5.21207e-23  2.93931e-34  5.57401e-24  2.19359e-35   5.1212e-25  1.49055e-36  4.08423e-26  9.16881e-38  2.83155e-27  5.06657e-39  1.69952e-28  2.48803e-40  8.75408e-30  1.06943e-41   3.8171e-31  3.94182e-43  1.38116e-32  1.21238e-44   4.0282e-34  2.99554e-46  9.05937e-36  5.60986e-48  1.45947e-37  7.18859e-50  1.45671e-39  4.99674e-52  5.81915e-42
