  2.1021e-15  3.34587e-30 -7.55541e-14 -1.67008e-28   1.0882e-12     2.14e-27 -9.67939e-12 -1.87917e-26  6.11409e-11  1.23042e-25 -2.93118e-10 -5.30548e-25  1.10355e-09  1.77151e-24 -3.30585e-09 -4.56708e-24  7.80892e-09  8.96014e-24 -1.37887e-08  -1.2632e-23  1.39883e-08
 3.34587e-30  1.07591e-13  9.95536e-29 -2.21896e-12 -2.94075e-27   2.4554e-11  2.92873e-26 -1.82654e-10 -2.69335e-25  1.00404e-09  1.42124e-24 -4.28135e-09 -5.48415e-24   1.4513e-08   1.6175e-23 -3.93567e-08 -3.67456e-23  8.39677e-08  6.18552e-23 -1.30604e-07 -6.05678e-23
-7.55541e-14  9.95536e-29  2.72531e-12  1.41506e-27 -3.94004e-11  -2.6153e-26  3.51869e-10  3.18224e-25  -2.2322e-09 -2.52081e-24  1.07516e-08  1.13782e-23 -4.06884e-08 -3.93919e-23  1.22598e-07  1.04274e-22 -2.91537e-07 -2.09365e-22  5.18878e-07  3.07417e-22 -5.31561e-07
-1.67008e-28 -2.21896e-12  1.41506e-27  4.59466e-11  1.09835e-26 -5.10601e-10 -1.78869e-25  3.81602e-09  3.04531e-24 -2.10852e-08 -1.76239e-23  9.04391e-08  7.16165e-23 -3.08689e-07   -2.162e-22  8.44189e-07  4.97015e-22 -1.82102e-06 -8.44502e-22  2.87813e-06   8.3761e-22
  1.0882e-12 -2.94075e-27 -3.94004e-11  1.09835e-26   5.7188e-10  3.08947e-26 -5.12871e-09 -2.31593e-24  3.26826e-08  2.44291e-23 -1.58191e-07  -1.1783e-22  6.01884e-07  4.29935e-22  -1.8245e-06 -1.19538e-21  4.36867e-06  2.55338e-21 -7.83874e-06 -4.20358e-21  8.11048e-06
    2.14e-27   2.4554e-11  -2.6153e-26 -5.10601e-10  3.08947e-26   5.7004e-09  7.99076e-25 -4.28162e-08 -2.80625e-23  2.37898e-07  1.71811e-22 -1.02688e-06 -7.36695e-22  3.53107e-06  2.32658e-21 -9.74478e-06 -5.63754e-21  2.12713e-05  1.02625e-20 -3.41998e-05  -1.1091e-20
-9.67939e-12  2.92873e-26  3.51869e-10 -1.78869e-25 -5.12871e-09  7.99076e-25  4.62001e-08  1.40027e-23 -2.95812e-07 -1.74682e-22  1.43918e-06  8.50133e-22 -5.50681e-06 -3.04631e-21  1.67983e-05  8.04707e-21  -4.0512e-05 -1.53106e-20  7.33026e-05  2.03592e-20 -7.66173e-05
-1.87917e-26 -1.82654e-10  3.18224e-25  3.81602e-09 -2.31593e-24 -4.28162e-08  1.40027e-23  3.23359e-07  7.49951e-23 -1.80763e-06 -5.48903e-22  7.85676e-06  2.45555e-21 -2.72371e-05 -7.13767e-21   7.5918e-05   1.4636e-20 -0.000167874  -2.0863e-20  0.000274944  1.61157e-20
 6.11409e-11 -2.69335e-25  -2.2322e-09  3.04531e-24  3.26826e-08 -2.80625e-23 -2.95812e-07  7.49951e-23  1.90367e-06  1.55373e-22 -9.31253e-06 -1.31892e-21  3.58466e-05  5.59939e-21 -0.000110077 -1.53196e-20   0.00026747  2.81624e-20 -0.000488193  -4.9619e-20  0.000515624
 1.23042e-25  1.00404e-09 -2.52081e-24 -2.10852e-08  2.44291e-23  2.37898e-07 -1.74682e-22 -1.80763e-06  1.55373e-22  1.01736e-05  3.82929e-22 -4.45613e-05 -4.70782e-21  0.000155886  1.68629e-20 -0.000439333 -4.00241e-20  0.000985481  7.49992e-20  -0.00164702 -9.28124e-20
-2.93118e-10  1.42124e-24  1.07516e-08 -1.76239e-23 -1.58191e-07  1.71811e-22  1.43918e-06 -5.48903e-22 -9.31253e-06  3.82929e-22  4.58244e-05  2.20166e-21 -0.000177523 -1.42402e-20  0.000548991   4.3081e-20  -0.00134459 -7.01771e-20   0.00247667  1.19127e-19   -0.0026443
-5.30548e-25 -4.28135e-09  1.13782e-23  9.04391e-08  -1.1783e-22 -1.02688e-06  8.50133e-22  7.85676e-06 -1.31892e-21 -4.45613e-05  2.20166e-21  0.000196906  5.01199e-21 -0.000695954 -2.21173e-20   0.00198618  3.62618e-20  -0.00452768 -5.00189e-20   0.00773896  6.50322e-20
 1.10355e-09 -5.48415e-24 -4.06884e-08  7.16165e-23  6.01884e-07 -7.36695e-22 -5.50681e-06  2.45555e-21  3.58466e-05 -4.70782e-21 -0.000177523  5.01199e-21  0.000692492  6.42286e-21  -0.00215785 -3.80365e-20   0.00532993  1.07918e-20  -0.00991266 -1.50775e-19    0.0107039
 1.77151e-24   1.4513e-08 -3.93919e-23 -3.08689e-07  4.29935e-22  3.53107e-06 -3.04631e-21 -2.72371e-05  5.59939e-21  0.000155886 -1.42402e-20 -0.000695954  6.42286e-21   0.00248962   1.0366e-20  -0.00720956  1.67736e-20    0.0167429  1.28189e-20   -0.0293534 -1.63518e-19
-3.30585e-09   1.6175e-23  1.22598e-07   -2.162e-22  -1.8245e-06  2.32658e-21  1.67983e-05 -7.13767e-21 -0.000110077  1.68629e-20  0.000548991 -2.21173e-20  -0.00215785   1.0366e-20   0.00677979  4.45643e-20   -0.0168999  1.38612e-19    0.0317563  2.21739e-19   -0.0347028
-4.56708e-24 -3.93567e-08  1.04274e-22  8.44189e-07 -1.19538e-21 -9.74478e-06  8.04707e-21   7.5918e-05 -1.53196e-20 -0.000439333   4.3081e-20   0.00198618 -3.80365e-20  -0.00720956  4.45643e-20    0.0212468 -2.89193e-19    -0.050438  3.43277e-19    0.0910559 -1.94182e-21
 7.80892e-09 -3.67456e-23 -2.91537e-07  4.97015e-22  4.36867e-06 -5.63754e-21  -4.0512e-05   1.4636e-20   0.00026747 -4.00241e-20  -0.00134459  3.62618e-20   0.00532993  1.67736e-20   -0.0168999 -2.89193e-19    0.0425501  1.69394e-19   -0.0808524 -1.99149e-18    0.0894872
 8.96014e-24  8.39677e-08 -2.09365e-22 -1.82102e-06  2.55338e-21  2.12713e-05 -1.53106e-20 -0.000167874  2.81624e-20  0.000985481 -7.01771e-20  -0.00452768  1.07918e-20    0.0167429  1.38612e-19    -0.050438  1.69394e-19     0.123006  5.74789e-19    -0.229921 -1.56376e-18
-1.37887e-08  6.18552e-23  5.18878e-07 -8.44502e-22 -7.83874e-06  1.02625e-20  7.33026e-05  -2.0863e-20 -0.000488193  7.49992e-20   0.00247667 -5.00189e-20  -0.00991266  1.28189e-20    0.0317563  3.43277e-19   -0.0808524  5.74789e-19     0.155531  1.63782e-18    -0.174535
 -1.2632e-23 -1.30604e-07  3.07417e-22  2.87813e-06 -4.20358e-21 -3.41998e-05  2.03592e-20  0.000274944  -4.9619e-20  -0.00164702  1.19127e-19   0.00773896 -1.50775e-19   -0.0293534  2.21739e-19    0.0910559 -1.99149e-18    -0.229921  1.63782e-18     0.448579 -7.90344e-19
 1.39883e-08 -6.05678e-23 -5.31561e-07   8.3761e-22  8.11048e-06  -1.1091e-20 -7.66173e-05  1.61157e-20  0.000515624 -9.28124e-20   -0.0026443  6.50322e-20    0.0107039 -1.63518e-19   -0.0347028 -1.94182e-21    0.0894872 -1.56376e-18    -0.174535 -7.90344e-19     0.198869
