    0.435635 -4.16401e-16   -0.0356111  1.92787e-16   -0.0740625  1.01394e-16   -0.0136038 -9.74844e-17    0.0162954 -9.39443e-17    0.0106228 -2.29896e-17  -0.00101709  1.70068e-17  -0.00415148  1.95665e-17  -0.00150757  7.38912e-18  0.000812014 -1.31276e-18  0.000932294 -2.63566e-18  0.000155021 -4.48234e-19 -0.000255796    7.903e-19 -0.000182056   4.9218e-19 -6.64073e-06 -1.03482e-19  5.59737e-05 -2.43166e-19  3.20153e-05 -1.00996e-19  7.97986e-07  1.56315e-20 -8.57417e-06  4.10752e-20 -5.07601e-06  1.84895e-20 -8.37907e-07 -1.09522e-21  6.30974e-07 -5.09741e-21  5.26256e-07 -2.63294e-21  1.91726e-07 -6.40769e-22  3.16012e-08 -3.78519e-23 -4.36566e-09  2.39631e-23 -4.18723e-09  9.79183e-24 -1.24929e-09   1.8211e-24  -2.1167e-10  1.03209e-25 -1.99201e-11 -3.90916e-27  -7.0679e-13
-4.16401e-16    0.0204531 -1.08043e-17    0.0167002  1.25564e-16   -0.0128102  1.28326e-16   -0.0131126  2.91537e-17   0.00328564 -4.35415e-17   0.00808833 -3.97273e-17   0.00146333  2.24577e-19  -0.00326985  2.12164e-17  -0.00209138  1.42916e-17  0.000498772  5.22323e-19   0.00113026 -3.62689e-18  0.000348113 -6.58678e-19 -0.000274422  1.60788e-18 -0.000277521  1.10159e-18 -4.81487e-05 -8.84588e-20  7.15123e-05 -4.29396e-19  5.68489e-05 -2.14661e-19  1.02913e-05  1.45242e-20 -1.08425e-05  7.67699e-20 -9.37408e-06  3.97129e-20 -2.97879e-06  2.39486e-21  2.89801e-07 -8.02769e-21  7.54122e-07 -5.47399e-21  3.90614e-07 -2.10811e-21  1.15361e-07 -6.09562e-22  1.92317e-08 -1.44145e-22  6.26806e-10 -2.46557e-23   -4.977e-10 -3.08469e-24 -1.15126e-10 -2.97693e-25  -9.8079e-12  -1.1074e-26
  -0.0356111 -1.08043e-17    0.0389809 -8.88149e-17    0.0117029  8.65529e-17   -0.0200004  1.44465e-16    -0.012826  4.58564e-17   0.00538341  -5.0163e-17   0.00866936 -5.56641e-17   0.00125789 -8.51359e-18  -0.00355547   2.0128e-17  -0.00233254   1.3344e-17  0.000449916 -2.21209e-18   0.00128025 -5.61737e-18  0.000490946 -7.78851e-19 -0.000270023  2.39828e-18 -0.000351985  1.58252e-18 -9.79344e-05 -4.87574e-20   7.3047e-05 -5.65747e-19  7.86106e-05 -3.22168e-19  2.42727e-05 -9.20137e-23 -8.96116e-06  1.06882e-19 -1.25385e-05  6.70811e-20 -5.72801e-06  1.33737e-20 -8.35263e-07 -7.71155e-21  5.66973e-07  -8.0821e-21  4.59712e-07 -4.08203e-21  1.79418e-07 -1.48799e-21  4.53462e-08 -3.97534e-22  7.66604e-09 -7.26436e-23  8.21683e-10 -8.76388e-24  4.76083e-11   -5.685e-25  8.93931e-13
 1.92787e-16    0.0167002 -8.88149e-17    0.0387209 -1.10598e-16   0.00476878  6.45424e-17   -0.0178819  1.33123e-16   -0.0105169  4.92751e-17   0.00451442   -5.197e-17   0.00785812 -6.30474e-17    0.0015936 -1.46143e-17  -0.00327484  1.68188e-17  -0.00254352  1.02091e-17  0.000248254 -4.87412e-18   0.00135441 -6.93191e-18  0.000649004 -8.07977e-19  -0.00022616  2.84066e-18 -0.000409475  1.88365e-18 -0.000156484  4.35166e-20  6.03033e-05 -6.63855e-19  9.49324e-05 -4.39017e-19  4.10284e-05 -3.42481e-20 -2.67402e-06  1.34657e-19 -1.34198e-05  1.02513e-19 -8.23632e-06  3.15363e-20 -2.46701e-06 -4.18379e-21 -7.33845e-08 -9.58281e-21  2.99348e-07 -5.63229e-21  1.59406e-07 -2.13003e-21  4.73135e-08 -5.41609e-22  9.07119e-09 -8.93635e-23  1.08742e-09 -8.78843e-24   6.6973e-11 -3.30265e-25
  -0.0740625  1.25564e-16    0.0117029 -1.10598e-16    0.0250506 -1.46766e-16    0.0048408  2.60426e-17   -0.0130613  1.25314e-16  -0.00964377  5.32857e-17   0.00324302 -4.89034e-17   0.00745601 -6.03883e-17   0.00200002 -1.31632e-17   -0.0030861  1.58881e-17  -0.00274858  8.03699e-18  5.77092e-05 -6.49261e-18   0.00139702 -7.83418e-18  0.000794606  -1.0324e-18 -0.000159036  2.96437e-18 -0.000446178  2.15555e-18 -0.000217512  1.78706e-19  3.40019e-05  -7.6935e-19   0.00010293 -5.79301e-19  5.80644e-05 -7.87829e-20  7.54445e-06  1.62303e-19 -1.11691e-05  1.39248e-19 -9.51142e-06  5.02148e-20 -4.01647e-06  6.04815e-22 -9.45768e-07 -9.34977e-21 -4.16747e-08 -5.88091e-21  5.79354e-08 -2.12471e-21  2.35856e-08 -4.82335e-22  4.73552e-09 -6.68723e-23   5.0748e-10 -4.76037e-24  2.00683e-11
 1.01394e-16   -0.0128102  8.65529e-17   0.00476878 -1.46766e-16    0.0188333 -1.65738e-16   0.00533098  2.39905e-17   -0.0117089  1.22463e-16  -0.00942031  5.18902e-17   0.00283694 -3.91441e-17   0.00727405 -4.76823e-17   0.00222065 -6.27769e-18  -0.00291852   1.6944e-17  -0.00288364  7.37458e-18 -0.000138915 -7.31319e-18   0.00139168 -8.62762e-18   0.00092775 -1.37386e-18 -6.73119e-05  3.05588e-18  -0.00046003  2.48236e-18 -0.000277437  2.75465e-19 -4.57812e-06 -9.17103e-19   0.00010048  -7.2545e-19  7.25167e-05 -1.18971e-19  2.03325e-05  1.80959e-19 -5.57047e-06  1.61199e-19 -8.71735e-06   5.9971e-20 -4.75093e-06   4.2196e-21 -1.62221e-06 -7.44063e-21 -3.68011e-07 -4.73328e-21 -5.11527e-08 -1.55532e-21 -2.72082e-09 -3.01388e-22  3.24863e-10 -3.28795e-23  5.28581e-11 -1.37517e-24
  -0.0136038  1.28326e-16   -0.0200004  6.45424e-17    0.0048408 -1.65738e-16    0.0189541 -1.41629e-16   0.00481531  3.44736e-17   -0.0110017  1.11913e-16    -0.008829  5.10323e-17   0.00247148 -2.49299e-17   0.00693191 -3.39441e-17   0.00242534  4.32361e-19  -0.00268064  1.89715e-17  -0.00298477  7.76218e-18  -0.00035788 -7.95398e-18   0.00134818 -9.27912e-18   0.00104908  -1.5172e-18  4.39317e-05  3.30695e-18 -0.000450058  2.76532e-18 -0.000331255  2.55932e-19 -5.28776e-05 -1.08164e-18  8.60873e-05 -8.30538e-19  8.12798e-05 -1.47324e-19  3.34594e-05  1.74237e-19  2.70109e-06  1.53473e-19 -5.55263e-06   5.5281e-20 -4.13157e-06  5.23511e-21 -1.70551e-06 -4.76856e-21 -4.80517e-07 -2.95103e-21 -9.52356e-08 -8.49341e-22 -1.28074e-08 -1.34388e-22 -1.03631e-09   -1.061e-23 -3.32362e-11
-9.74844e-17   -0.0131126  1.44465e-16   -0.0178819  2.60426e-17   0.00533098 -1.41629e-16    0.0161574 -1.08722e-16   0.00404443  3.06644e-17  -0.00973811  9.71251e-17  -0.00827918   5.0226e-17   0.00199245 -1.68366e-17   0.00662677 -2.62373e-17   0.00265629  5.46359e-18  -0.00243655  2.15208e-17  -0.00306843  8.09452e-18 -0.000582407 -8.74459e-18   0.00127202  -9.4708e-18   0.00115242 -1.24216e-18  0.000170094    3.633e-18 -0.000414471  2.84111e-18 -0.000373787  1.32297e-19 -0.000107373 -1.17435e-18  5.93757e-05 -8.46214e-19  8.14736e-05 -1.64199e-19  4.39953e-05  1.33317e-19   1.1931e-05  1.15055e-19 -6.13805e-07  3.84314e-20 -2.21921e-06  3.74264e-21 -1.14008e-06 -2.53038e-21 -3.48716e-07 -1.44127e-21 -7.02303e-08 -3.47469e-22 -8.90894e-09 -4.23618e-23 -5.81362e-10 -2.06332e-24
   0.0162954  2.91537e-17    -0.012826  1.33123e-16   -0.0130613  2.39905e-17   0.00481531 -1.08722e-16    0.0141055 -9.57934e-17   0.00395539  1.96221e-17  -0.00885309  8.26576e-17  -0.00801658  4.19716e-17   0.00160886 -1.93066e-17   0.00639338 -2.33558e-17   0.00286152   9.8426e-18  -0.00218918  2.35344e-17  -0.00312121  7.31417e-18 -0.000810305 -9.47551e-18   0.00116092 -8.91854e-18   0.00123392 -6.14973e-19  0.000307358  3.77229e-18  -0.00035259  2.64477e-18 -0.000399886   1.8258e-20 -0.000163195 -1.09595e-18  2.15219e-05  -7.5004e-19  7.09894e-05 -1.67669e-19  4.87607e-05  7.01818e-20  1.95123e-05  6.18785e-20  4.50149e-06  1.78166e-20   1.6382e-07  1.09635e-21 -3.01709e-07 -1.27258e-21 -1.22926e-07 -5.74188e-22 -2.50539e-08 -1.05993e-22 -2.73047e-09 -9.11263e-24 -1.09678e-10
-9.39443e-17   0.00328564  4.58564e-17   -0.0105169  1.25314e-16   -0.0117089  3.44736e-17   0.00404443 -9.57934e-17    0.0131188 -9.38737e-17   0.00386364  1.07617e-17  -0.00825938   6.6038e-17  -0.00774788  2.52035e-17   0.00129234 -2.70273e-17   0.00614846 -2.10649e-17   0.00304952  1.37213e-17  -0.00192065  2.35667e-17  -0.00314604  5.22371e-18  -0.00104263 -9.57273e-18   0.00101666 -7.59291e-18   0.00128992  3.69757e-20  0.000450176  3.50411e-18 -0.000264803  2.26379e-18 -0.000404354  4.95672e-20 -0.000214196 -8.10007e-19 -2.43591e-05 -5.52631e-19  4.92593e-05 -1.44878e-19  4.51427e-05  1.49617e-20  2.26203e-05  1.73098e-20  7.72583e-06  2.53473e-21  1.85716e-06 -8.79716e-22  3.02712e-07  -7.0186e-22  2.94421e-08 -1.97796e-22  1.03155e-09  -2.2398e-23 -5.67239e-11  -1.2013e-24
   0.0106228 -4.35415e-17   0.00538341  4.92751e-17  -0.00964377  1.22463e-16   -0.0110017  3.06644e-17   0.00395539 -9.38737e-17    0.0121891 -8.81768e-17   0.00361603  6.60046e-18  -0.00769282  4.83543e-17   -0.0074864  6.51876e-18  0.000970773  -3.2987e-17   0.00590826 -1.73211e-17    0.0032393  1.59541e-17  -0.00163739  2.08764e-17  -0.00314606  2.67667e-18   -0.0012746 -8.53947e-18  0.000840654 -5.80815e-18   0.00131521  3.20995e-19  0.000592082  2.80738e-18 -0.000152705  1.84976e-18 -0.000382573  2.68416e-19 -0.000253165 -3.74416e-19 -7.28685e-05 -2.85052e-19   1.8116e-05 -7.79671e-20  3.23269e-05 -3.65791e-21  1.95828e-05 -2.52246e-21   7.7403e-06 -2.93168e-21  2.19523e-06 -1.16743e-21  4.49743e-07 -3.48889e-22  6.36286e-08 -5.19994e-23  5.47971e-09 -1.37663e-24  1.88078e-10
-2.29896e-17   0.00808833  -5.0163e-17   0.00451442  5.32857e-17  -0.00942031  1.11913e-16  -0.00973811  1.96221e-17   0.00386364 -8.81768e-17    0.0112903 -7.35036e-17   0.00348748  8.17361e-18  -0.00717819  3.31894e-17  -0.00730027 -7.75505e-18  0.000660278 -3.37276e-17   0.00568514 -1.27441e-17   0.00342314  1.53745e-17  -0.00134146  1.61131e-17  -0.00311702  9.37482e-19  -0.00150234  -6.4074e-18  0.000633245 -4.09782e-18   0.00130472  3.49707e-20  0.000725507  1.82722e-18 -1.99053e-05  1.47241e-18 -0.000331171   5.7792e-19 -0.000272326  9.47319e-20 -0.000116319  1.25079e-20 -1.74221e-05  3.50646e-20  1.27211e-05  2.01339e-20   1.1392e-05   2.0382e-21  5.02731e-06   -6.137e-22  1.46673e-06 -2.57303e-22  2.91347e-07 -7.32926e-23  3.69845e-08  1.38614e-24  2.43164e-09  1.13335e-24
 -0.00101709 -3.97273e-17   0.00866936   -5.197e-17   0.00324302  5.18902e-17    -0.008829  9.71251e-17  -0.00885309  1.07617e-17   0.00361603 -7.35036e-17    0.0106244 -5.00638e-17   0.00342075  1.37695e-17  -0.00676093  2.17824e-17   -0.0071493  -1.4692e-17  0.000370038 -2.94485e-17   0.00546398 -9.01102e-18   0.00359924  1.19674e-17  -0.00102877  1.09211e-17  -0.00305649  7.03219e-19  -0.00172227 -3.75339e-18   0.00039603 -2.89284e-18   0.00125334 -7.48416e-19  0.000841282  7.09059e-19   0.00012746   1.0695e-18 -0.000248982  8.10898e-19   -0.0002644  4.81331e-19 -0.000145284  2.87582e-19  -4.8976e-05  1.63503e-19 -7.60164e-06  6.42441e-20  1.82399e-06  1.69088e-20  1.57032e-06  3.75709e-21  5.10276e-07  6.23456e-22  9.63113e-08  6.39037e-23  1.01271e-08  1.13131e-23  3.99231e-10
 1.70068e-17   0.00146333 -5.56641e-17   0.00785812 -4.89034e-17   0.00283694  5.10323e-17  -0.00827918  8.26576e-17  -0.00825938  6.60046e-18   0.00348748 -5.00638e-17    0.0100944 -2.39416e-17   0.00333793  1.79734e-17  -0.00639443  1.41018e-17   -0.0070165 -1.41738e-17  8.28748e-05 -2.25016e-17   0.00524075 -7.21759e-18   0.00377102  6.96005e-18 -0.000698862  6.77044e-18  -0.00296208  1.74003e-18  -0.00192886 -1.24457e-18  0.000131569 -2.29823e-18   0.00115598 -1.81464e-18  0.000928783 -4.82824e-19  0.000280094  5.38052e-19 -0.000138415   8.3651e-19 -0.000224252  6.98929e-19 -0.000150243  4.73562e-19 -6.66644e-05   2.5368e-19 -2.11448e-05  9.54589e-20  -4.7763e-06  2.65048e-20 -7.21948e-07   5.7181e-21 -6.03701e-08  8.05109e-22 -5.93454e-10  7.00919e-23  2.73131e-10  5.46496e-24
 -0.00415148  2.24577e-19   0.00125789 -6.30474e-17   0.00745601 -3.91441e-17   0.00247148   5.0226e-17  -0.00801658   6.6038e-17  -0.00769282  8.17361e-18   0.00342075 -2.39416e-17   0.00961866 -4.75596e-18     0.003277  1.73642e-17  -0.00605793  1.06713e-17  -0.00691261  -8.4184e-18 -0.000204677 -1.55456e-17   0.00501591 -7.25564e-18    0.0039366  1.87479e-18 -0.000351678  4.17782e-18  -0.00282951  3.37024e-18  -0.00211546  7.78413e-19 -0.000156326 -2.13527e-18   0.00100835 -2.93773e-18  0.000976092 -1.68577e-18  0.000424916 -1.46738e-19 -6.90336e-06  6.12408e-19  -0.00015141  6.98754e-19 -0.000125498  5.13641e-19 -6.40258e-05  2.64888e-19   -2.355e-05  9.43804e-20 -6.46338e-06  2.47518e-20 -1.30888e-06   4.6568e-21 -1.85545e-07   4.9913e-22   -1.616e-08  3.21575e-23 -5.64353e-10
 1.95665e-17  -0.00326985 -8.51359e-18    0.0015936 -6.03883e-17   0.00727405 -2.49299e-17   0.00199245  4.19716e-17  -0.00774788  4.83543e-17  -0.00717819  1.37695e-17   0.00333793 -4.75596e-18   0.00921725  2.45867e-18   0.00324456  1.34232e-17  -0.00575861  1.13363e-17  -0.00683286 -8.51891e-19 -0.000491636  -1.0104e-17   0.00478444 -8.36564e-18   0.00409362 -2.35164e-18  1.39092e-05  2.89905e-18  -0.00265426  5.08725e-18  -0.00227414  2.34135e-18  -0.00046161 -2.09783e-18  0.000807697 -3.87899e-18   0.00097051 -2.74795e-18  0.000545006 -9.00691e-19  0.000131526  1.80634e-19 -5.40632e-05  4.89039e-19 -7.50124e-05  4.03592e-19 -4.34193e-05  2.00928e-19 -1.66954e-05  6.67675e-20  -4.5704e-06  1.58824e-20 -8.78759e-07  2.45365e-21  -1.0976e-07  1.74191e-22  -7.1699e-09  7.71025e-24
 -0.00150757  2.12164e-17  -0.00355547 -1.46143e-17   0.00200002 -4.76823e-17   0.00693191 -1.68366e-17   0.00160886  2.52035e-17   -0.0074864  3.31894e-17  -0.00676093  1.79734e-17     0.003277  2.45867e-18   0.00888736  2.53092e-19   0.00322298  9.24866e-18   -0.0054882  1.43345e-17  -0.00677045  5.79631e-18 -0.000782722 -6.42136e-18   0.00454185 -9.88475e-18   0.00424039 -5.44185e-18  0.000398028  2.52327e-18  -0.00243147  6.71052e-18  -0.00239499  3.64893e-18 -0.000775388 -1.86697e-18   0.00055392 -4.37066e-18  0.000900009 -3.45898e-18  0.000620146 -1.57653e-18   0.00025443  -3.4301e-19  4.72645e-05  1.57299e-19 -1.52281e-05  2.09607e-19 -1.61473e-05  1.05955e-19 -6.91734e-06  3.31174e-20 -1.85599e-06  7.07842e-21 -3.20763e-07  8.11012e-22  -3.2168e-08  2.66997e-23 -1.23502e-09
 7.38912e-18  -0.00209138   2.0128e-17  -0.00327484 -1.31632e-17   0.00222065 -3.39441e-17   0.00662677 -1.93066e-17   0.00129234  6.51876e-18  -0.00730027  2.17824e-17  -0.00639443  1.73642e-17   0.00324456  2.53092e-19   0.00860397 -5.96137e-18   0.00321385  6.26154e-18  -0.00523723  1.74804e-17  -0.00672524  1.04552e-17  -0.00108117 -4.17345e-18   0.00428478 -1.14052e-17   0.00437354 -7.40605e-18  0.000799955  2.76357e-18  -0.00215579  8.19884e-18  -0.00246617  4.90543e-18  -0.00108504 -1.19877e-18  0.000251587 -4.19733e-18  0.000755415 -3.65059e-18  0.000627867 -2.01162e-18  0.000331667 -7.84817e-19  0.000122899 -1.51794e-19  3.13918e-05  3.07377e-20   4.7259e-06  2.88594e-20  5.19668e-08  9.85754e-21   -1.518e-07  2.01681e-21 -3.28659e-08  1.16447e-22 -2.74439e-09 -1.49115e-24
 0.000812014  1.42916e-17  -0.00233254  1.68188e-17   -0.0030861 -6.27769e-18   0.00242534 -2.62373e-17   0.00639338 -2.70273e-17  0.000970773 -7.75505e-18   -0.0071493  1.41018e-17  -0.00605793  1.34232e-17   0.00322298 -5.96137e-18   0.00836251 -1.25256e-17   0.00322048  4.30747e-18  -0.00500368  1.95053e-17  -0.00669565  1.32288e-17   -0.0013887 -2.99022e-18   0.00400851 -1.26047e-17   0.00448858 -8.33836e-18   0.00121817   3.3709e-18  -0.00182196  9.47106e-18  -0.00247383  6.19823e-18  -0.00137283 -1.36103e-20 -8.78425e-05 -3.30136e-18  0.000532903  -3.2553e-18  0.000548096 -2.06493e-18  0.000335383 -9.77454e-19  0.000148478 -3.14945e-19  4.99916e-05  -6.6015e-20  1.28917e-05 -8.61117e-21  2.49475e-06  2.74358e-22  3.42692e-07   2.4705e-22  2.93133e-08 -2.64476e-23  1.01909e-09
-1.31276e-18  0.000498772   1.3344e-17  -0.00254352  1.58881e-17  -0.00291852  4.32361e-19   0.00265629 -2.33558e-17   0.00614846  -3.2987e-17  0.000660278  -1.4692e-17   -0.0070165  1.06713e-17  -0.00575861  9.24866e-18   0.00321385 -1.25256e-17   0.00816168 -1.78866e-17    0.0032399  2.99103e-18  -0.00478401   2.0162e-17  -0.00667899  1.45304e-17  -0.00170799 -2.54752e-18   0.00370786  -1.3269e-17   0.00457996 -8.49494e-18   0.00164948  3.98007e-18  -0.00142534  1.03519e-17  -0.00240174  7.44181e-18  -0.00161504  1.57207e-18 -0.000444393 -1.80282e-18   0.00023981  -2.3199e-18  0.000377213 -1.68483e-18  0.000259727 -8.61728e-19  0.000122062 -3.04638e-19  4.23656e-05 -7.87093e-20  1.09378e-05 -1.45145e-20  2.03119e-06 -1.12708e-21  2.48774e-07 -4.78201e-23  1.61049e-08 -1.51079e-23
 0.000932294  5.22323e-19  0.000449916  1.02091e-17  -0.00274858   1.6944e-17  -0.00268064  5.46359e-18   0.00286152 -2.10649e-17   0.00590826 -3.37276e-17  0.000370038 -1.41738e-17  -0.00691261  1.13363e-17   -0.0054882  6.26154e-18   0.00322048 -1.78866e-17   0.00799459 -2.12555e-17   0.00327172  2.13514e-18   -0.0045738  1.96856e-17   -0.0066738  1.46928e-17  -0.00204155 -2.58249e-18   0.00337735 -1.34903e-17   0.00464032 -8.39144e-18   0.00208842   4.1092e-18 -0.000962304  1.05986e-17  -0.00223209  8.41268e-18  -0.00178267  3.29754e-18 -0.000785593  3.27523e-20 -9.18986e-05 -1.03424e-18  0.000146785 -9.86622e-19    0.0001343 -5.35094e-19  6.69762e-05 -1.90155e-19  2.28534e-05 -4.88514e-20  5.49389e-06 -7.90339e-21  8.93264e-07 -3.10908e-22  8.65095e-08 -2.60779e-23  3.26012e-09
-2.63566e-18   0.00113026 -2.21209e-18  0.000248254  8.03699e-18  -0.00288364  1.89715e-17  -0.00243655   9.8426e-18   0.00304952 -1.73211e-17   0.00568514 -2.94485e-17  8.28748e-05  -8.4184e-18  -0.00683286  1.43345e-17  -0.00523723  4.30747e-18    0.0032399 -2.12555e-17   0.00785773  -2.2232e-17   0.00331704  1.60187e-18  -0.00437012  1.84523e-17  -0.00667843  1.40121e-17  -0.00239151 -2.98034e-18   0.00301055 -1.36902e-17   0.00466019 -8.68349e-18   0.00252691  3.32487e-18 -0.000431901  9.98187e-18  -0.00194838  8.84583e-18  -0.00184055  4.81447e-18   -0.0010571  1.80425e-18 -0.000394154  2.56395e-19 -7.49994e-05 -2.38501e-19  1.24546e-05 -1.84197e-19  1.52848e-05 -6.93299e-20  5.99674e-06 -1.76054e-20  1.39376e-06 -1.79664e-21  1.95044e-07   1.3855e-22  1.36418e-08 -8.00884e-24
 0.000155021 -3.62689e-18   0.00128025 -4.87412e-18  5.77092e-05  7.37458e-18  -0.00298477  2.15208e-17  -0.00218918  1.37213e-17    0.0032393 -1.27441e-17   0.00546398 -2.25016e-17 -0.000204677 -8.51891e-19  -0.00677045  1.74804e-17  -0.00500368  2.99103e-18   0.00327172  -2.2232e-17   0.00774958 -2.11452e-17   0.00337593  1.24235e-18   -0.0041699  1.69104e-17  -0.00669081  1.28372e-17  -0.00276012  -3.7539e-18   0.00260018 -1.43186e-17   0.00462804 -9.82947e-18   0.00295261   1.4567e-18  0.000160325  8.38556e-18  -0.00153663   8.4984e-18  -0.00174244     5.71e-18  -0.00118133  3.02675e-18 -0.000578455  1.15806e-18 -0.000214966  2.83976e-19 -6.12414e-05  4.35166e-20 -1.32407e-05  3.99052e-22 -2.11512e-06 -1.71187e-21 -2.37559e-07  5.00223e-22 -1.68703e-08  1.10322e-22 -5.17161e-10
-4.48234e-19  0.000348113 -5.61737e-18   0.00135441 -6.49261e-18 -0.000138915  7.76218e-18  -0.00306843  2.35344e-17  -0.00192065  1.59541e-17   0.00342314 -9.01102e-18   0.00524075 -1.55456e-17 -0.000491636  5.79631e-18  -0.00672524  1.95053e-17  -0.00478401  2.13514e-18   0.00331704 -2.11452e-17   0.00766799 -1.89823e-17   0.00344901  1.01312e-18  -0.00396972  1.55192e-17  -0.00670887  1.15533e-17  -0.00314948 -4.81765e-18   0.00213856 -1.54438e-17   0.00452923 -1.17677e-17   0.00334542  -1.2977e-18  0.000801041  5.85065e-18 -0.000982733  7.18306e-18  -0.00143814  5.60618e-18  -0.00108923  3.33217e-18 -0.000585881  1.44117e-18   -0.0002404  4.64018e-19  -7.6457e-05  1.15473e-19 -1.86063e-05  1.82072e-20 -3.32261e-06  1.89525e-21 -3.97556e-07  5.72845e-22 -2.54777e-08  1.93087e-23
-0.000255796 -6.58678e-19  0.000490946 -6.93191e-18   0.00139702 -7.31319e-18  -0.00035788  8.09452e-18  -0.00312121  2.35667e-17  -0.00163739  1.53745e-17   0.00359924 -7.21759e-18   0.00501591  -1.0104e-17 -0.000782722  1.04552e-17  -0.00669565   2.0162e-17   -0.0045738  1.60187e-18   0.00337593 -1.89823e-17    0.0076117 -1.67728e-17   0.00353755   9.9339e-19  -0.00376627  1.46398e-17  -0.00673017  1.05576e-17  -0.00356085 -5.75225e-18   0.00161703 -1.65629e-17   0.00434329 -1.38815e-17    0.0036776 -4.45152e-18   0.00147227  2.58477e-18 -0.000283811  4.89591e-18 -0.000915098  4.40904e-18 -0.000779767  2.72358e-18 -0.000434258  1.18167e-18   -0.0001775  3.81962e-19 -5.44095e-05  8.95437e-20 -1.22734e-05  1.12974e-20 -1.92093e-06  1.13544e-21 -1.82156e-07    2.115e-22 -6.80537e-09
   7.903e-19 -0.000274422 -7.78851e-19  0.000649004 -7.83418e-18   0.00139168 -7.95398e-18 -0.000582407  7.31417e-18  -0.00314604  2.08764e-17  -0.00134146  1.19674e-17   0.00377102 -7.25564e-18   0.00478444 -6.42136e-18  -0.00108117  1.32288e-17  -0.00667899  1.96856e-17  -0.00437012  1.24235e-18   0.00344901 -1.67728e-17   0.00758031 -1.50542e-17    0.0036429  1.29709e-18  -0.00355592  1.44804e-17  -0.00675106  1.02711e-17  -0.00399498 -5.82993e-18    0.0010238 -1.67841e-17   0.00404582 -1.52816e-17   0.00391922 -7.36669e-18   0.00213998 -9.44328e-19  0.000508129  2.03598e-18 -0.000255073  2.51738e-18 -0.000352833  1.62078e-18 -0.000213478  6.84835e-19 -8.61154e-05  2.09074e-19 -2.46618e-05   4.0163e-20 -4.93371e-06  2.49393e-21 -6.36902e-07  3.10779e-22 -4.26895e-08  3.40972e-23
-0.000182056  1.60788e-18 -0.000270023 -8.07977e-19  0.000794606 -8.62762e-18   0.00134818 -8.74459e-18 -0.000810305  5.22371e-18  -0.00314606  1.61131e-17  -0.00102877  6.96005e-18    0.0039366 -8.36564e-18   0.00454185 -4.17345e-18   -0.0013887  1.45304e-17   -0.0066738  1.84523e-17   -0.0041699  1.01312e-18   0.00353755 -1.50542e-17   0.00757368 -1.38128e-17   0.00376682  1.99707e-18  -0.00333394   1.5089e-17   -0.0067671   1.1068e-17  -0.00445408 -4.32663e-18  0.000347305 -1.52234e-17   0.00361634 -1.51195e-17   0.00402837 -9.27271e-18   0.00271355 -3.89201e-18   0.00124255 -5.57195e-19  0.000361514  6.95258e-19  3.31251e-05  5.95389e-19 -2.70329e-05  2.59151e-19 -1.65144e-05  7.44084e-20 -4.99051e-06  8.06928e-21 -9.12414e-07 -8.22727e-22 -9.40041e-08  8.15076e-23 -3.63846e-09
  4.9218e-19 -0.000277521  2.39828e-18  -0.00022616  -1.0324e-18   0.00092775 -9.27912e-18   0.00127202 -9.47551e-18  -0.00104263  2.67667e-18  -0.00311702  1.09211e-17 -0.000698862  1.87479e-18   0.00409362 -9.88475e-18   0.00428478 -2.99022e-18  -0.00170799  1.46928e-17  -0.00667843  1.69104e-17  -0.00396972   9.9339e-19    0.0036429 -1.38128e-17   0.00759221 -1.27873e-17   0.00391223   3.0195e-18  -0.00309496  1.62806e-17  -0.00677499  1.30725e-17  -0.00493778 -8.45124e-19 -0.000414607 -1.12754e-17    0.0030298 -1.26862e-17   0.00391542 -9.26616e-18    0.0030198   -5.215e-18   0.00170153  -1.9834e-18   0.00074189 -3.87623e-19  0.000255098  1.32361e-20  6.92275e-05  4.23266e-20  1.46202e-05  1.32931e-20  2.31935e-06 -2.45101e-21  2.54907e-07 -6.54298e-22  1.56485e-08   4.3095e-23
-6.64073e-06  1.10159e-18 -0.000351985  2.84066e-18 -0.000159036 -1.37386e-18   0.00104908  -9.4708e-18   0.00116092 -9.57273e-18   -0.0012746  9.37482e-19  -0.00305649  6.77044e-18 -0.000351678 -2.35164e-18   0.00424039 -1.14052e-17   0.00400851 -2.54752e-18  -0.00204155  1.40121e-17  -0.00669081  1.55192e-17  -0.00376627  1.29709e-18   0.00376682 -1.27873e-17   0.00763755 -1.18668e-17   0.00408263  3.95061e-18  -0.00283507  1.75387e-17  -0.00676828  1.60412e-17  -0.00543337  4.66411e-18  -0.00126301 -4.61594e-18   0.00222429 -7.46917e-18   0.00343348 -6.63219e-18   0.00286754 -4.27902e-18   0.00172468 -1.87185e-18  0.000800374 -5.64414e-19  0.000291697 -1.15403e-19  8.28272e-05 -3.25909e-21  1.77626e-05  3.77697e-22  2.69577e-06 -2.25414e-21  2.51872e-07 -2.44095e-23  9.39509e-09
-1.03482e-19 -4.81487e-05  1.58252e-18 -0.000409475  2.96437e-18 -6.73119e-05  -1.5172e-18   0.00115242 -8.91854e-18   0.00101666 -8.53947e-18  -0.00150234  7.03219e-19  -0.00296208  4.17782e-18  1.39092e-05 -5.44185e-18   0.00437354 -1.26047e-17   0.00370786 -2.58249e-18  -0.00239151  1.28372e-17  -0.00670887  1.46398e-17  -0.00355592  1.99707e-18   0.00391223 -1.18668e-17   0.00771195 -1.14147e-17   0.00427986  3.94227e-18  -0.00254743  1.81382e-17  -0.00672762  1.96008e-17  -0.00592513  1.21324e-17  -0.00222895    4.751e-18   0.00110362  4.63206e-19   0.00246793 -1.51323e-18   0.00219649 -1.45809e-18   0.00133331 -6.52563e-19  0.000606366 -1.74293e-19  0.000210817  -8.7049e-21  5.53292e-05  1.85191e-20  1.05055e-05   2.5087e-21  1.31713e-06 -3.37975e-22  8.71815e-08  1.09996e-22
 5.59737e-05 -8.84588e-20 -9.79344e-05  1.88365e-18 -0.000446178  3.05588e-18  4.39317e-05 -1.24216e-18   0.00123392 -7.59291e-18  0.000840654  -6.4074e-18  -0.00172227  1.74003e-18  -0.00282951  2.89905e-18  0.000398028 -7.40605e-18   0.00448858  -1.3269e-17   0.00337735 -2.98034e-18  -0.00276012  1.15533e-17  -0.00673017  1.44804e-17  -0.00333394   3.0195e-18   0.00408263 -1.14147e-17   0.00781597 -1.23388e-17   0.00450849  2.02412e-18  -0.00221267  1.76253e-17   -0.0066314  2.36524e-17  -0.00642561  2.13502e-17   -0.0033633   1.6034e-17 -0.000358154  9.86739e-18     0.001092  4.67751e-18   0.00118182   1.9168e-18  0.000733435  7.66241e-19  0.000321638  2.86142e-19  0.000103733  1.11764e-19  2.42941e-05  3.52835e-20  3.90684e-06  3.78569e-21  3.77366e-07  3.58379e-22   1.4254e-08
-2.43166e-19  7.15123e-05 -4.87574e-20 -0.000156484  2.15555e-18  -0.00046003  3.30695e-18  0.000170094 -6.14973e-19   0.00128992 -5.80815e-18  0.000633245 -3.75339e-18  -0.00192886  3.37024e-18  -0.00265426  2.52327e-18  0.000799955 -8.33836e-18   0.00457996 -1.34903e-17   0.00301055  -3.7539e-18  -0.00314948  1.05576e-17  -0.00675106   1.5089e-17  -0.00309496  3.95061e-18   0.00427986 -1.23388e-17   0.00795289 -1.56847e-17   0.00478531 -2.18574e-18  -0.00181066  1.62781e-17  -0.00648773  2.82846e-17  -0.00696106  3.13434e-17  -0.00462507  2.70907e-17  -0.00196867  1.82621e-17 -0.000368362  9.74512e-18  0.000170763  4.34333e-18  0.000186279  1.62342e-18   8.9896e-05   5.1069e-19  2.80735e-05  1.48335e-19  5.88913e-06  3.03025e-20  7.79704e-07  2.52635e-21  5.27896e-08   2.2265e-22
 3.20153e-05 -4.29396e-19   7.3047e-05  4.35166e-20 -0.000217512  2.48236e-18 -0.000450058    3.633e-18  0.000307358  3.69757e-20   0.00131521 -4.09782e-18   0.00039603 -1.24457e-18  -0.00211546  5.08725e-18  -0.00243147  2.76357e-18   0.00121817 -8.49494e-18   0.00464032 -1.36902e-17   0.00260018 -4.81765e-18  -0.00356085  1.02711e-17   -0.0067671  1.62806e-17  -0.00283507  3.94227e-18   0.00450849 -1.56847e-17   0.00813808 -2.17985e-17   0.00512683 -7.95936e-18  -0.00135317  1.48299e-17  -0.00631725  3.29027e-17  -0.00745712   3.9707e-17  -0.00574867  3.46905e-17  -0.00330227   2.2929e-17   -0.0014734  1.19364e-17 -0.000517072  5.03348e-18 -0.000142554  1.70229e-18 -3.05827e-05  4.75719e-19 -5.02198e-06  1.14359e-19 -6.11374e-07   1.6082e-20 -5.01976e-08  9.69305e-22 -1.85669e-09
-1.00996e-19  5.68489e-05 -5.65747e-19  6.03033e-05  1.78706e-19 -0.000277437  2.76532e-18 -0.000414471  3.77229e-18  0.000450176  3.20995e-19   0.00130472 -2.89284e-18  0.000131569  7.78413e-19  -0.00227414  6.71052e-18  -0.00215579   3.3709e-18   0.00164948 -8.39144e-18   0.00466019 -1.43186e-17   0.00213856 -5.75225e-18  -0.00399498   1.1068e-17  -0.00677499  1.75387e-17  -0.00254743  2.02412e-18   0.00478531 -2.17985e-17   0.00838637  -2.9717e-17   0.00551625 -1.39143e-17 -0.000864772  1.33061e-17  -0.00603789  3.53961e-17    -0.007623  4.30402e-17  -0.00627859  3.60165e-17  -0.00390974  2.24617e-17  -0.00192744  1.09368e-17 -0.000762123  4.20526e-18 -0.000240262  1.26288e-18 -5.89699e-05  3.13374e-19 -1.07359e-05   6.0426e-20 -1.31811e-06  5.21176e-21 -8.69847e-08  1.93545e-22
 7.97986e-07 -2.14661e-19  7.86106e-05 -6.63855e-19  3.40019e-05  2.75465e-19 -0.000331255  2.84111e-18  -0.00035259  3.50411e-18  0.000592082  3.49707e-20   0.00125334 -2.29823e-18 -0.000156326  2.34135e-18  -0.00239499  8.19884e-18  -0.00182196  3.98007e-18   0.00208842 -8.68349e-18   0.00462804 -1.54438e-17   0.00161703 -5.82993e-18  -0.00445408  1.30725e-17  -0.00676828  1.81382e-17  -0.00221267 -2.18574e-18   0.00512683  -2.9717e-17    0.0086788 -3.76791e-17   0.00592369 -1.94632e-17 -0.000267345  1.00392e-17  -0.00536371  3.26681e-17  -0.00702843  3.88132e-17  -0.00583561  3.04753e-17  -0.00361169  1.76283e-17  -0.00174367  7.85365e-18 -0.000662496  2.68393e-18 -0.000195641  7.03911e-19 -4.34197e-05  1.52862e-19 -6.77729e-06  2.09188e-20 -6.46952e-07  6.62811e-22 -2.44998e-08
 1.56315e-20  1.02913e-05 -3.22168e-19  9.49324e-05  -7.6935e-19 -4.57812e-06  2.55932e-19 -0.000373787  2.64477e-18 -0.000264803  2.80738e-18  0.000725507 -7.48416e-19   0.00115598 -2.13527e-18  -0.00046161  3.64893e-18  -0.00246617  9.47106e-18  -0.00142534   4.1092e-18   0.00252691 -9.82947e-18   0.00452923 -1.65629e-17    0.0010238 -4.32663e-18  -0.00493778  1.60412e-17  -0.00672762  1.76253e-17  -0.00181066 -7.95936e-18   0.00551625 -3.76791e-17   0.00898327 -4.47663e-17   0.00642189 -2.59685e-17   0.00071053  2.29857e-18  -0.00391363   2.2724e-17  -0.00540859  2.73655e-17  -0.00442026  2.02782e-17  -0.00262452  1.08246e-17  -0.00119156  4.33084e-18 -0.000416821  1.27141e-18  -0.00011038  2.85389e-19 -2.11592e-05  5.10339e-20 -2.67719e-06  2.92252e-21 -1.78687e-07 -1.80678e-22
-8.57417e-06  1.45242e-20  2.42727e-05 -4.39017e-19   0.00010293 -9.17103e-19 -5.28776e-05  1.32297e-19 -0.000399886  2.26379e-18 -0.000152705  1.82722e-18  0.000841282 -1.81464e-18   0.00100835 -2.09783e-18 -0.000775388  4.90543e-18  -0.00247383  1.03519e-17 -0.000962304  3.32487e-18   0.00295261 -1.17677e-17   0.00434329 -1.67841e-17  0.000347305 -8.45124e-19  -0.00543337  1.96008e-17   -0.0066314  1.62781e-17  -0.00135317 -1.39143e-17   0.00592369 -4.47663e-17   0.00937036 -5.22106e-17   0.00727061 -3.60258e-17   0.00240355 -1.14151e-17  -0.00153935  6.73786e-18  -0.00295723  1.22205e-17  -0.00247604   9.2223e-18  -0.00141493  4.60985e-18 -0.000598504  1.59551e-18 -0.000189736  3.66362e-19 -4.40883e-05  6.57784e-20 -7.07122e-06  6.00822e-21 -6.83376e-07 -1.34242e-21 -2.58813e-08
 4.10752e-20 -1.08425e-05 -9.20137e-23  4.10284e-05 -5.79301e-19   0.00010048 -1.08164e-18 -0.000107373   1.8258e-20 -0.000404354  1.84976e-18 -1.99053e-05  7.09059e-19  0.000928783 -2.93773e-18  0.000807697 -1.86697e-18  -0.00108504  6.19823e-18  -0.00240174  1.05986e-17 -0.000431901   1.4567e-18   0.00334542 -1.38815e-17   0.00404582 -1.52234e-17 -0.000414607  4.66411e-18  -0.00592513  2.36524e-17  -0.00648773  1.48299e-17 -0.000864772 -1.94632e-17   0.00642189 -5.22106e-17    0.0100956 -6.26406e-17   0.00877452 -5.09189e-17   0.00487001 -2.92648e-17   0.00140287 -1.08706e-17 -0.000316574  -1.7351e-18 -0.000642671  6.29809e-19 -0.000418197  4.79908e-19 -0.000174915  6.31712e-20  -5.1204e-05  -3.4435e-20 -1.03785e-05 -1.26109e-20 -1.34789e-06 -5.52791e-21 -9.03056e-08  -8.4638e-22
-5.07601e-06  7.67699e-20 -8.96116e-06 -3.42481e-20  5.80644e-05  -7.2545e-19  8.60873e-05 -1.17435e-18 -0.000163195  4.95672e-20 -0.000382573  1.47241e-18   0.00012746 -4.82824e-19  0.000976092 -3.87899e-18   0.00055392 -1.19877e-18  -0.00137283  7.44181e-18  -0.00223209  9.98187e-18  0.000160325  -1.2977e-18    0.0036776 -1.52816e-17   0.00361634 -1.12754e-17  -0.00126301  1.21324e-17  -0.00642561  2.82846e-17  -0.00631725  1.33061e-17 -0.000267345 -2.59685e-17   0.00727061 -6.26406e-17    0.0114537 -7.73402e-17    0.0109385 -6.83783e-17   0.00764256 -4.62402e-17   0.00413248   -2.468e-17   0.00176416 -1.08196e-17  0.000597238 -4.05423e-18  0.000159818 -1.40813e-18  3.36119e-05 -4.80885e-19  5.52913e-06 -1.25789e-19  7.01227e-07 -2.41826e-20  6.27476e-08 -4.33191e-21  2.58201e-09
 1.84895e-20 -9.37408e-06  1.06882e-19 -2.67402e-06 -7.87829e-20  7.25167e-05 -8.30538e-19  5.93757e-05 -1.09595e-18 -0.000214196  2.68416e-19 -0.000331171   1.0695e-18  0.000280094 -1.68577e-18   0.00097051 -4.37066e-18  0.000251587 -1.36103e-20  -0.00161504  8.41268e-18  -0.00194838  8.38556e-18  0.000801041 -4.45152e-18   0.00391922 -1.51195e-17    0.0030298 -4.61594e-18  -0.00222895  2.13502e-17  -0.00696106  3.29027e-17  -0.00603789  1.00392e-17   0.00071053 -3.60258e-17   0.00877452 -7.73402e-17    0.0134321 -9.38491e-17    0.0132347 -8.29264e-17   0.00986456 -5.67666e-17   0.00586305 -3.11611e-17   0.00283289 -1.40382e-17   0.00111496 -5.28404e-18   0.00035327 -1.73025e-18  8.76824e-05 -4.80958e-19  1.62045e-05 -9.69743e-20  2.02412e-06 -1.56793e-20  1.36068e-07 -1.46939e-21
-8.37907e-07  3.97129e-20 -1.25385e-05  1.34657e-19  7.54445e-06 -1.18971e-19  8.12798e-05 -8.46214e-19  2.15219e-05 -8.10007e-19 -0.000253165   5.7792e-19 -0.000248982  5.38052e-19  0.000424916 -2.74795e-18  0.000900009 -4.19733e-18 -8.78425e-05  1.57207e-18  -0.00178267  8.84583e-18  -0.00153663  5.85065e-18   0.00147227 -7.36669e-18   0.00402837 -1.26862e-17   0.00222429    4.751e-18   -0.0033633  3.13434e-17  -0.00745712  3.53961e-17  -0.00536371  2.29857e-18   0.00240355 -5.09189e-17    0.0109385 -9.38491e-17    0.0154844 -1.06385e-16    0.0147747 -8.88808e-17     0.010763 -5.78184e-17   0.00623503 -3.01437e-17   0.00290634 -1.27744e-17   0.00108497 -4.47459e-18  0.000318258 -1.32368e-18  7.06757e-05 -3.07517e-19  1.10962e-05 -5.15793e-20   1.0697e-06 -6.59814e-21  4.10436e-08
-1.09522e-21 -2.97879e-06  6.70811e-20 -1.34198e-05  1.62303e-19  2.03325e-05 -1.47324e-19  8.14736e-05  -7.5004e-19 -2.43591e-05 -3.74416e-19 -0.000272326  8.10898e-19 -0.000138415 -1.46738e-19  0.000545006 -3.45898e-18  0.000755415 -3.30136e-18 -0.000444393  3.29754e-18  -0.00184055   8.4984e-18 -0.000982733  2.58477e-18   0.00213998 -9.27271e-18   0.00391542 -7.46917e-18   0.00110362   1.6034e-17  -0.00462507   3.9707e-17    -0.007623  3.26681e-17  -0.00391363 -1.14151e-17   0.00487001 -6.83783e-17    0.0132347 -1.06385e-16    0.0167141 -1.09135e-16    0.0148135 -8.37321e-17    0.0100923 -5.02858e-17   0.00544693 -2.41551e-17   0.00234225 -9.37946e-18  0.000794418 -2.99732e-18  0.000207049 -7.82823e-19  3.94737e-05 -1.51544e-19  5.00627e-06 -2.15004e-20  3.37039e-07 -1.71305e-21
 6.30974e-07  2.39486e-21 -5.72801e-06  1.02513e-19 -1.11691e-05  1.80959e-19  3.34594e-05 -1.64199e-19  7.09894e-05 -5.52631e-19 -7.28685e-05  9.47319e-20   -0.0002644   8.3651e-19 -6.90336e-06 -9.00691e-19  0.000620146 -3.65059e-18  0.000532903 -1.80282e-18 -0.000785593  4.81447e-18  -0.00174244  7.18306e-18 -0.000283811 -9.44328e-19   0.00271355 -9.26616e-18   0.00343348  4.63206e-19 -0.000358154  2.70907e-17  -0.00574867  4.30402e-17  -0.00702843   2.2724e-17  -0.00153935 -2.92648e-17   0.00764256 -8.29264e-17    0.0147747 -1.09135e-16    0.0163896 -9.98748e-17    0.0131959 -6.93939e-17   0.00822294 -3.79224e-17   0.00404745 -1.65473e-17   0.00157299 -5.82699e-18  0.000474839 -1.67807e-18  0.000107479 -3.77952e-19  1.70617e-05 -6.10583e-20  1.65188e-06 -6.94593e-21   6.3299e-08
-5.09741e-21  2.89801e-07  1.33737e-20 -8.23632e-06  1.39248e-19 -5.57047e-06  1.74237e-19  4.39953e-05 -1.67669e-19  4.92593e-05 -2.85052e-19 -0.000116319  4.81331e-19 -0.000224252  6.12408e-19  0.000131526 -1.57653e-18  0.000627867  -3.2553e-18   0.00023981  3.27523e-20   -0.0010571     5.71e-18  -0.00143814  4.89591e-18  0.000508129 -3.89201e-18    0.0030198 -6.63219e-18   0.00246793  9.86739e-18  -0.00196867  3.46905e-17  -0.00627859  3.88132e-17  -0.00540859  6.73786e-18   0.00140287 -4.62402e-17   0.00986456 -8.88808e-17    0.0148135 -9.98748e-17    0.0143895 -8.11559e-17    0.0104129 -5.07274e-17   0.00586473 -2.50239e-17   0.00260051 -9.84739e-18  0.000901488 -3.12869e-18  0.000238493 -7.99434e-19  4.58986e-05 -1.52058e-19  5.84976e-06  -2.0494e-20    3.943e-07 -1.50389e-21
 5.26256e-07 -8.02769e-21 -8.35263e-07  3.15363e-20 -9.51142e-06  1.61199e-19  2.70109e-06  1.33317e-19  4.87607e-05 -1.44878e-19   1.8116e-05  1.25079e-20 -0.000145284  6.98929e-19  -0.00015141  1.80634e-19   0.00025443 -2.01162e-18  0.000548096  -2.3199e-18 -9.18986e-05  1.80425e-18  -0.00118133  5.60618e-18 -0.000915098  2.03598e-18   0.00124255   -5.215e-18   0.00286754 -1.51323e-18     0.001092  1.82621e-17  -0.00330227  3.60165e-17  -0.00583561  2.73655e-17  -0.00295723 -1.08706e-17   0.00413248 -5.67666e-17     0.010763 -8.37321e-17    0.0131959 -8.11559e-17    0.0112478 -5.85247e-17   0.00727879 -3.27949e-17   0.00367852 -1.45319e-17   0.00145651 -5.13943e-18  0.000445411 -1.46484e-18  0.000101685  -3.2509e-19  1.62241e-05  -5.1596e-20  1.57434e-06 -5.53893e-21  6.03246e-08
-2.63294e-21  7.54122e-07 -7.71155e-21 -2.46701e-06  5.02148e-20 -8.71735e-06  1.53473e-19   1.1931e-05  7.01818e-20  4.51427e-05 -7.79671e-20 -1.74221e-05  2.87582e-19 -0.000150243  6.98754e-19 -5.40632e-05  -3.4301e-19  0.000331667 -2.06493e-18  0.000377213 -1.03424e-18 -0.000394154  3.02675e-18  -0.00108923  4.40904e-18 -0.000255073 -5.57195e-19   0.00170153 -4.27902e-18   0.00219649  4.67751e-18 -0.000368362   2.2929e-17  -0.00390974  3.04753e-17  -0.00442026  1.22205e-17 -0.000316574   -2.468e-17   0.00586305 -5.78184e-17    0.0100923 -6.93939e-17    0.0104129 -5.85247e-17   0.00781457 -3.74871e-17   0.00451002 -1.87892e-17   0.00203406 -7.45649e-18  0.000713525 -2.36569e-18  0.000190292 -5.98159e-19  3.68102e-05 -1.12685e-19   4.7046e-06 -1.47991e-20  3.17401e-07  -1.0353e-21
 1.91726e-07 -5.47399e-21  5.66973e-07 -4.18379e-21 -4.01647e-06   5.9971e-20 -5.55263e-06  1.15055e-19  1.95123e-05  1.49617e-20  3.23269e-05  3.50646e-20  -4.8976e-05  4.73562e-19 -0.000125498  4.89039e-19  4.72645e-05 -7.84817e-19  0.000335383 -1.68483e-18  0.000146785  2.56395e-19 -0.000578455  3.33217e-18 -0.000779767  2.51738e-18  0.000361514  -1.9834e-18   0.00172468 -1.45809e-18   0.00118182  9.74512e-18   -0.0014734  2.24617e-17  -0.00361169  2.02782e-17  -0.00247604  -1.7351e-18   0.00176416 -3.11611e-17   0.00623503 -5.02858e-17   0.00822294 -5.07274e-17   0.00727879 -3.74871e-17   0.00482383  -2.1347e-17   0.00247754 -9.55363e-18  0.000992048 -3.39081e-18  0.000305728 -9.61918e-19  7.01546e-05 -2.11765e-19  1.12281e-05 -3.32904e-20  1.09116e-06 -3.46031e-21  4.18178e-08
-6.40769e-22  3.90614e-07  -8.0821e-21 -7.33845e-08  6.04815e-22 -4.75093e-06   5.5281e-20 -6.13805e-07  6.18785e-20  2.26203e-05 -3.65791e-21  1.27211e-05  1.63503e-19 -6.66644e-05  5.13641e-19 -7.50124e-05  1.57299e-19  0.000122899 -9.77454e-19  0.000259727 -9.86622e-19 -7.49994e-05  1.15806e-18 -0.000585881  2.72358e-18 -0.000352833  6.95258e-19   0.00074189 -1.87185e-18   0.00133331   1.9168e-18  0.000170763  1.19364e-17  -0.00192744  1.76283e-17  -0.00262452   9.2223e-18 -0.000642671 -1.08196e-17   0.00283289 -3.01437e-17   0.00544693 -3.79224e-17   0.00586473 -3.27949e-17   0.00451002  -2.1347e-17   0.00264458 -1.08118e-17   0.00120578  -4.3154e-18  0.000426172 -1.36908e-18   0.00011424 -3.44229e-19  2.21712e-05 -6.44891e-20  2.83887e-06 -8.34984e-21  1.91661e-07 -5.67338e-22
 3.16012e-08 -2.10811e-21  4.59712e-07 -9.58281e-21 -9.45768e-07   4.2196e-21 -4.13157e-06  3.84314e-20  4.50149e-06  1.73098e-20  1.95828e-05  2.01339e-20 -7.60164e-06   2.5368e-19 -6.40258e-05  4.03592e-19 -1.52281e-05 -1.51794e-19  0.000148478 -8.61728e-19    0.0001343 -2.38501e-19 -0.000214966  1.44117e-18 -0.000434258  1.62078e-18  3.31251e-05 -3.87623e-19  0.000800374 -6.52563e-19  0.000733435  4.34333e-18 -0.000517072  1.09368e-17  -0.00174367  1.08246e-17  -0.00141493  6.29809e-19  0.000597238 -1.40382e-17   0.00290634 -2.41551e-17   0.00404745 -2.50239e-17   0.00367852 -1.87892e-17   0.00247754 -1.08118e-17   0.00128627 -4.87033e-18   0.00051888 -1.73309e-18  0.000160725 -4.90467e-19  3.70065e-05  -1.0746e-19  5.93516e-06 -1.68014e-20  5.77393e-07  -1.7136e-21  2.21326e-08
-3.78519e-23  1.15361e-07 -4.08203e-21  2.99348e-07 -9.34977e-21 -1.62221e-06  5.23511e-21 -2.21921e-06  1.78166e-20  7.72583e-06 -2.52246e-21   1.1392e-05  6.42441e-20 -2.11448e-05  2.64888e-19 -4.34193e-05  2.09607e-19  3.13918e-05 -3.14945e-19  0.000122062 -5.35094e-19  1.24546e-05  2.83976e-19   -0.0002404  1.18167e-18 -0.000213478  5.95389e-19  0.000255098 -5.64414e-19  0.000606366  7.66241e-19  0.000186279  5.03348e-18 -0.000762123  7.85365e-18  -0.00119156  4.60985e-18 -0.000418197 -4.05423e-18   0.00111496 -1.27744e-17   0.00234225 -1.65473e-17   0.00260051 -1.45319e-17   0.00203406 -9.55363e-18   0.00120578 -4.87033e-18  0.000553846 -1.95103e-18   0.00019675 -6.19046e-19  5.29237e-05 -1.55102e-19  1.02942e-05 -2.89518e-20   1.3198e-06 -3.71709e-21  8.91511e-08 -2.47879e-22
