 5.96266e-21  1.65244e-34 -4.48653e-19 -7.49754e-32  1.32066e-17  1.89807e-30 -2.34023e-16 -1.97559e-29  2.86343e-15  1.16204e-28  -2.5757e-14 -3.25207e-28  1.75185e-13 -9.40172e-28 -9.04018e-13  1.38436e-26  3.44938e-12 -6.05111e-26 -8.93301e-12  1.14656e-25  1.11942e-11
 1.65244e-34  6.42365e-19  5.29599e-32 -2.74755e-17 -2.89057e-30  6.15111e-16  3.26224e-29 -9.01196e-15 -1.00521e-28  9.46602e-14 -9.47205e-28 -7.44328e-13  1.42624e-26  4.45067e-12 -9.61664e-26 -2.00506e-11  3.85199e-25  6.48729e-11 -8.61865e-25 -1.29074e-10  7.08636e-25
-4.48653e-19  5.29599e-32  3.40945e-17   1.4177e-30 -1.01434e-15 -2.66924e-29   1.8182e-14 -1.42707e-28 -2.25279e-13  5.27353e-27   2.0547e-12 -5.35333e-26 -1.41938e-11   3.3162e-25  7.45608e-11 -1.36207e-24 -2.90542e-10  3.48509e-24  7.72359e-10 -4.41492e-24 -1.00333e-09
-7.49754e-32 -2.74755e-17   1.4177e-30  1.18774e-15  9.35811e-30 -2.68965e-14  3.56653e-28  3.98988e-13 -1.06876e-26  -4.2485e-12  1.13546e-25   3.3918e-11 -7.31033e-25 -2.06333e-10  3.19173e-24  9.48338e-10 -9.15172e-24 -3.14356e-09  1.48082e-23  6.45536e-09 -8.05086e-24
 1.32066e-17 -2.89057e-30 -1.01434e-15  9.35811e-30   3.0524e-14 -1.98375e-28 -5.53948e-13  1.17324e-26  6.95683e-12  -1.5772e-25 -6.44056e-11  1.13142e-24  4.52437e-10  -5.3352e-24 -2.42284e-09  1.68213e-23  9.65872e-09 -3.17546e-23 -2.64166e-08  2.54979e-23  3.56928e-08
 1.89807e-30  6.15111e-16 -2.66924e-29 -2.68965e-14 -1.98375e-28  6.16636e-13 -5.18649e-27 -9.27087e-12  1.42279e-25  1.00185e-10 -1.26984e-24 -8.13089e-10   6.5928e-24  5.03945e-09  -2.2316e-23 -2.36714e-08  4.53916e-23  8.05664e-08 -3.80727e-23 -1.71281e-07 -1.07294e-23
-2.34023e-16  3.26224e-29   1.8182e-14  3.56653e-28 -5.53948e-13 -5.18649e-27  1.01885e-11 -5.75689e-26 -1.29842e-10  9.94328e-25  1.22171e-09 -6.09147e-24 -8.74031e-09  2.13975e-23  4.77972e-08 -4.06852e-23  -1.9535e-07  8.21133e-24  5.51199e-07  1.02794e-22 -7.77733e-07
-1.97559e-29 -9.01196e-15 -1.42707e-28  3.98988e-13  1.17324e-26 -9.27087e-12 -5.75689e-26  1.41435e-10 -3.74047e-25  -1.5532e-09   4.0655e-24   1.2834e-08 -1.44093e-23  -8.1185e-08  1.37529e-23  3.90554e-07  8.99223e-23 -1.36849e-06 -3.70166e-22  3.02336e-06  3.93715e-22
 2.86343e-15 -1.00521e-28 -2.25279e-13 -1.06876e-26  6.95683e-12  1.42279e-25 -1.29842e-10 -3.74047e-25  1.68145e-09 -1.38861e-24 -1.61052e-08  6.35921e-24  1.17552e-07  1.85336e-23 -6.57865e-07 -2.23954e-22  2.76369e-06  8.17057e-22 -8.07215e-06 -1.22751e-21  1.19523e-05
 1.16204e-28  9.46602e-14  5.27353e-27  -4.2485e-12  -1.5772e-25  1.00185e-10  9.94328e-25  -1.5532e-09 -1.38861e-24  1.73619e-08  -1.4353e-24 -1.46334e-07 -3.12558e-23  9.46844e-07  3.08506e-22 -4.67721e-06 -1.26694e-21  1.69288e-05   2.4968e-21 -3.90512e-05 -1.40128e-21
 -2.5757e-14 -9.47205e-28   2.0547e-12  1.13546e-25 -6.44056e-11 -1.26984e-24  1.22171e-09   4.0655e-24 -1.61052e-08  -1.4353e-24  1.57336e-07  1.49437e-23 -1.17431e-06 -2.70108e-22  6.74342e-06  1.43973e-21 -2.92143e-05  -3.7477e-21  8.87034e-05   2.9383e-21 -0.000138666
-3.25207e-28 -7.44328e-13 -5.35333e-26   3.3918e-11  1.13142e-24 -8.13089e-10 -6.09147e-24   1.2834e-08  6.35921e-24 -1.46334e-07  1.49437e-23  1.26109e-06  1.07171e-22 -8.36969e-06 -1.14993e-21  4.25975e-05  4.24444e-21 -0.000159946 -4.39516e-21   0.00038765 -7.42593e-21
 1.75185e-13  1.42624e-26 -1.41938e-11 -7.31033e-25  4.52437e-10   6.5928e-24 -8.74031e-09 -1.44093e-23  1.17552e-07 -3.12558e-23 -1.17431e-06  1.07171e-22  8.98878e-06  4.39437e-22 -5.31494e-05 -3.40919e-21  0.000238464  5.20269e-21 -0.000756824  2.12252e-20   0.00125877
-9.40172e-28  4.45067e-12   3.3162e-25 -2.06333e-10  -5.3352e-24  5.03945e-09  2.13975e-23  -8.1185e-08  1.85336e-23  9.46844e-07 -2.70108e-22 -8.36969e-06  4.39437e-22  5.71898e-05  1.30614e-21 -0.000301244 -4.49736e-21   0.00118027 -3.27209e-20  -0.00303112  1.17429e-19
-9.04018e-13 -9.61664e-26  7.45608e-11  3.19173e-24 -2.42284e-09  -2.2316e-23  4.77972e-08  1.37529e-23 -6.57865e-07  3.08506e-22  6.74342e-06 -1.14993e-21 -5.31494e-05  1.30614e-21   0.00032512  1.83582e-21  -0.00151942  2.98067e-20   0.00507795 -2.35887e-19  -0.00907712
 1.38436e-26 -2.00506e-11 -1.36207e-24  9.48338e-10  1.68213e-23 -2.36714e-08 -4.06852e-23  3.90554e-07 -2.23954e-22 -4.67721e-06  1.43973e-21  4.25975e-05 -3.40919e-21 -0.000301244  1.83582e-21   0.00165285 -1.19862e-20  -0.00681405  2.65084e-19    0.0187766 -6.17683e-19
 3.44938e-12  3.85199e-25 -2.90542e-10 -9.15172e-24  9.65872e-09  4.53916e-23  -1.9535e-07  8.99223e-23  2.76369e-06 -1.26694e-21 -2.92143e-05  4.24444e-21  0.000238464 -4.49736e-21  -0.00151942 -1.19862e-20   0.00745813 -1.18839e-19   -0.0265235  8.19864e-19    0.0516614
-6.05111e-26  6.48729e-11  3.48509e-24 -3.14356e-09 -3.17546e-23  8.05664e-08  8.21133e-24 -1.36849e-06  8.17057e-22  1.69288e-05  -3.7477e-21 -0.000159946  5.20269e-21   0.00118027  2.98067e-20  -0.00681405 -1.18839e-19    0.0299594 -3.87245e-19   -0.0904164  5.79576e-20
-8.93301e-12 -8.61865e-25  7.72359e-10  1.48082e-23 -2.64166e-08 -3.80727e-23  5.51199e-07 -3.70166e-22 -8.07215e-06   2.4968e-21  8.87034e-05 -4.39516e-21 -0.000756824 -3.27209e-20   0.00507795  2.65084e-19   -0.0265235 -3.87245e-19     0.101994 -1.11101e-19    -0.220761
 1.14656e-25 -1.29074e-10 -4.41492e-24  6.45536e-09  2.54979e-23 -1.71281e-07  1.02794e-22  3.02336e-06 -1.22751e-21 -3.90512e-05   2.9383e-21   0.00038765  2.12252e-20  -0.00303112 -2.35887e-19    0.0187766  8.19864e-19   -0.0904164 -1.11101e-19     0.311332  2.04316e-18
 1.11942e-11  7.08636e-25 -1.00333e-09 -8.05086e-24  3.56928e-08 -1.07294e-23 -7.77733e-07  3.93715e-22  1.19523e-05 -1.40128e-21 -0.000138666 -7.42593e-21   0.00125877  1.17429e-19  -0.00907712 -6.17683e-19    0.0516614  5.79576e-20    -0.220761  2.04316e-18     0.547211
