    0.017903  5.99973e-16   -0.0241939 -1.52408e-15  -0.00522041  9.96091e-16   0.00223604 -1.35332e-16   0.00260654 -1.31829e-16   0.00142563  4.85801e-17  0.000539882  5.73332e-17  0.000127815  2.22902e-17 -8.15976e-06  4.84872e-18 -3.22633e-05  1.05253e-18 -2.46995e-05 -7.80529e-20 -1.40066e-05 -8.64808e-19 -6.83166e-06 -1.03634e-18 -3.01949e-06 -7.66176e-19 -1.23976e-06 -4.31534e-19 -4.79269e-07 -2.03434e-19 -1.75746e-07 -8.49976e-20 -6.13581e-08 -3.28105e-20 -2.04211e-08 -1.20586e-20 -6.47621e-09 -4.28227e-21 -1.95408e-09 -1.46894e-21 -5.59756e-10 -4.82801e-22 -1.51837e-10 -1.50686e-22 -3.88919e-11 -4.43575e-23 -9.37821e-12 -1.22673e-23 -2.12167e-12 -3.18245e-24 -4.48513e-13 -7.74355e-25 -8.81356e-14  -1.7681e-25 -1.59819e-14 -3.79217e-26 -2.64401e-15 -7.64956e-27 -3.91202e-16   -1.453e-27 -4.96718e-17 -2.60118e-28 -4.83002e-18 -4.39176e-29 -1.80778e-19 -6.99665e-30    6.479e-20 -1.05212e-30  2.27114e-20 -1.49346e-31  4.90507e-21 -2.00088e-32   8.6005e-22 -2.52923e-33  1.31372e-22 -3.01478e-34  1.79812e-23 -3.38594e-35  2.23531e-24 -3.57953e-36  2.54131e-25 -3.55769e-37  2.65122e-26 -3.31954e-38  2.54105e-27 -2.90277e-39  2.23663e-28 -2.37416e-40   1.8049e-29 -1.81205e-41  1.33143e-30 -1.28716e-42  8.93941e-32 -8.48296e-44  5.43007e-33 -5.16826e-45  2.95896e-34 -2.89864e-46  1.42891e-35 -1.48923e-47  6.00069e-37 -6.96833e-49  2.12049e-38 -2.94906e-50  5.87601e-40  -1.1194e-51  1.01152e-41 -3.77191e-53 -7.29752e-44 -1.11381e-54 -1.40737e-44  -2.8349e-56  -6.4211e-46 -6.08368e-58 -1.91483e-47 -1.06751e-59 -4.10711e-49 -1.46343e-61 -6.26046e-51 -1.45447e-63 -6.25866e-53 -9.05645e-66 -3.29523e-55 -2.28048e-68
 5.99973e-16    0.0524297    7.091e-16   -0.0315051 -1.25294e-15   -0.0177841   4.6511e-16  -0.00216969 -2.01287e-16    0.0029251 -1.14812e-16   0.00280459  8.74923e-17    0.0015851  9.85739e-17  0.000677284  5.65083e-17  0.000222089  2.75193e-17  4.58973e-05  1.18335e-17 -4.95625e-06   2.7197e-18 -1.20872e-05 -1.52077e-18 -8.52882e-06 -2.37473e-18 -4.54241e-06 -1.78709e-18 -2.08194e-06 -1.02047e-18 -8.59227e-07 -4.95513e-19 -3.25858e-07  -2.1562e-19 -1.14696e-07 -8.65902e-20 -3.76433e-08 -3.26118e-20 -1.15368e-08 -1.15915e-20 -3.29928e-09  -3.8898e-21 -8.78088e-10 -1.23025e-21 -2.16447e-10 -3.66087e-22 -4.90233e-11 -1.02386e-22  -1.0064e-11 -2.69064e-23 -1.82484e-12 -6.64637e-24 -2.75398e-13 -1.54411e-24 -2.82918e-14 -3.37623e-25  7.17401e-16 -6.95344e-26  1.41423e-15 -1.35005e-26  4.94182e-16 -2.47277e-27  1.26348e-16 -4.27484e-28   2.7318e-17 -6.97741e-29  5.23768e-18 -1.07545e-29  9.09581e-19 -1.56535e-30  1.44646e-19 -2.15126e-31  2.11909e-20  -2.7905e-32  2.86941e-21 -3.41471e-33  3.59668e-22 -3.93905e-34  4.17438e-23 -4.27952e-35  4.48256e-24 -4.37395e-36  4.44568e-25 -4.19994e-37  4.06058e-26 -3.78281e-38  3.40136e-27 -3.18993e-39  2.59713e-28 -2.51312e-40  1.79145e-29 -1.84515e-41  1.10063e-30 -1.25888e-42  5.87641e-32 -7.95447e-44  2.59088e-33 -4.63678e-45  8.14054e-35 -2.48208e-46  4.71785e-37 -1.21363e-47 -1.71056e-37 -5.38596e-49 -1.62065e-38 -2.15294e-50 -9.84016e-40 -7.67989e-52 -4.64742e-41  -2.4167e-53  -1.7892e-42 -6.61142e-55 -5.66705e-44 -1.54272e-56  -1.4642e-45 -2.99202e-58 -3.01658e-47 -4.64747e-60 -4.75885e-49  -5.4584e-62 -5.35283e-51 -4.37961e-64  -3.7186e-53 -1.90524e-66 -1.03163e-55
  -0.0241939    7.091e-16    0.0744566  5.37628e-16    -0.019898 -6.42433e-16   -0.0257641 -2.54273e-16  -0.00977982 -4.40067e-16  8.19914e-05 -1.63877e-16   0.00277342   7.6349e-17   0.00235296  1.28605e-16   0.00135926  1.03534e-16  0.000636023  6.39706e-17  0.000253402  3.00353e-17  8.67092e-05  8.43964e-18  2.48128e-05 -1.18603e-18  5.32579e-06 -3.42935e-18  4.10408e-07 -2.77369e-18 -3.61025e-07 -1.64344e-18  -2.6658e-07 -8.22134e-19 -1.20777e-07 -3.66147e-19 -4.31797e-08 -1.48947e-19 -1.27262e-08 -5.60775e-20 -2.99526e-09 -1.96648e-20 -4.64034e-10 -6.44197e-21  2.15572e-11 -1.97462e-21  5.40015e-11 -5.67046e-22  2.75633e-11 -1.52734e-22  1.02956e-11 -3.86344e-23  3.24534e-12 -9.18846e-24  9.05802e-13 -2.05674e-24  2.28874e-13 -4.33686e-25  5.29858e-14 -8.62174e-26   1.1319e-14 -1.61717e-26  2.24107e-15 -2.86347e-27  4.12376e-16 -4.78804e-28  7.06358e-17 -7.56189e-29  1.12714e-17 -1.12805e-29  1.67559e-18 -1.58928e-30  2.31915e-19 -2.11407e-31  2.98456e-20 -2.65389e-32  3.56362e-21 -3.14207e-33  3.93524e-22 -3.50552e-34  4.00019e-23 -3.68163e-35  3.71676e-24 -3.63527e-36  3.12188e-25 -3.36975e-37  2.32584e-26 -2.92732e-38  1.48003e-27 -2.37837e-39  7.30192e-29 -1.80307e-40  1.74791e-30 -1.27204e-41 -1.54934e-31 -8.32486e-43 -2.88056e-32 -5.03567e-44 -2.88135e-33 -2.80344e-45 -2.23278e-34 -1.42927e-46 -1.45011e-35  -6.6339e-48 -8.10706e-37 -2.78363e-49 -3.93595e-38 -1.04704e-50 -1.65949e-39 -3.49381e-52 -6.04145e-41 -1.02088e-53 -1.87863e-42 -2.56877e-55 -4.90798e-44   -5.444e-57 -1.05159e-45 -9.42218e-59 -1.78271e-47 -1.27217e-60 -2.25931e-49 -1.24317e-62 -1.93489e-51  -7.5951e-65 -8.88854e-54  -1.8717e-67
-1.52408e-15   -0.0315051  5.37628e-16    0.0724706  6.47338e-16  -0.00324844 -2.87862e-16   -0.0255076 -7.56704e-16   -0.0158968 -7.48593e-16  -0.00443079    -3.43e-16   0.00104164 -8.18081e-18   0.00221195  1.35257e-16   0.00172912   1.4686e-16   0.00101233  1.00747e-16  0.000503717  4.92532e-17  0.000224165  1.53826e-17  9.18314e-05  1.78503e-19  3.53532e-05 -3.83836e-18  1.30145e-05 -3.42697e-18  4.65184e-06 -2.10966e-18  1.63402e-06 -1.07643e-18  5.67807e-07 -4.83159e-19  1.95149e-07 -1.96027e-19  6.59261e-08 -7.29236e-20  2.16841e-08 -2.50758e-20  6.87568e-09 -8.01034e-21  2.08402e-09 -2.38542e-21  5.99957e-10 -6.63989e-22  1.63313e-10 -1.73144e-22  4.19083e-11 -4.23776e-23  1.01179e-11  -9.7505e-24  2.29514e-12 -2.11167e-24  4.88663e-13 -4.30911e-25  9.75678e-14  -8.2927e-26  1.82512e-14  -1.5061e-26  3.19506e-15 -2.58271e-27  5.22673e-16 -4.18293e-28   7.9742e-17 -6.39917e-29  1.13151e-17 -9.24666e-30  1.48746e-18 -1.26175e-30  1.80115e-19 -1.62525e-31  1.99101e-20 -1.97509e-32   1.9791e-21 -2.26279e-33  1.71895e-22 -2.44164e-34  1.21989e-23 -2.47852e-35  5.55253e-25  -2.3636e-36 -1.52602e-26 -2.11406e-37 -7.67797e-27 -1.77006e-38 -1.18327e-27 -1.38431e-39 -1.35212e-28 -1.00864e-40 -1.29497e-29  -6.8268e-42 -1.08236e-30 -4.27738e-43 -8.02776e-32 -2.47102e-44 -5.31992e-33 -1.31001e-45 -3.15538e-34 -6.33842e-47 -1.67244e-35 -2.78076e-48 -7.88884e-37 -1.09755e-49 -3.29013e-38 -3.86037e-51 -1.20231e-39 -1.19582e-52 -3.80312e-41 -3.21413e-54 -1.02455e-42 -7.35188e-56 -2.29932e-44 -1.39397e-57 -4.16703e-46 -2.11016e-59 -5.82174e-48 -2.40616e-61  -5.8104e-50 -1.86571e-63 -3.57208e-52   -7.798e-66 -8.70191e-55
 -0.00522041 -1.25294e-15    -0.019898  6.47338e-16    0.0598299  1.06822e-15   0.00826461 -7.55842e-17   -0.0207005 -9.90973e-16   -0.0188004 -1.03757e-15  -0.00873723 -5.88984e-16  -0.00171448 -1.34896e-16   0.00109042   1.1483e-16   0.00151159  1.68876e-16   0.00111885  1.23574e-16   0.00065566  6.20252e-17  0.000334958  2.04887e-17  0.000155556  1.55047e-18  6.71987e-05 -3.81192e-18  2.73832e-05 -3.69108e-18  1.06155e-05 -2.32235e-18  3.93284e-06 -1.19004e-18  1.39474e-06 -5.31038e-19  4.73242e-07 -2.12597e-19  1.53352e-07 -7.75889e-20  4.73394e-08 -2.60622e-20  1.38841e-08 -8.10822e-21  3.85879e-09 -2.34692e-21  1.01394e-09 -6.34191e-22  2.51356e-10 -1.60432e-22  5.86764e-11 -3.80781e-23  1.28747e-11 -8.49463e-24  2.65026e-12 -1.78362e-24  5.10713e-13 -3.52887e-25  9.18852e-14 -6.58479e-26  1.53799e-14 -1.15961e-26  2.38296e-15 -1.92812e-27  3.39175e-16 -3.02774e-28  4.37962e-17  -4.4904e-29  5.01379e-18 -6.28901e-30  4.83914e-19 -8.31531e-31  3.37718e-20 -1.03745e-31  2.92728e-22 -1.22054e-32 -4.41894e-22 -1.35287e-33 -1.03063e-22 -1.41126e-34 -1.64794e-23 -1.38367e-35 -2.18054e-24 -1.27307e-36 -2.52348e-25 -1.09716e-37 -2.61342e-26 -8.83817e-39  -2.4485e-27 -6.63827e-40 -2.08587e-28 -4.63567e-41 -1.61877e-29 -2.99986e-42 -1.14419e-30 -1.79204e-43 -7.35248e-32 -9.83784e-45 -4.28168e-33 -4.93708e-46 -2.24946e-34 -2.25092e-47 -1.05985e-35 -9.25442e-49  -4.4444e-37 -3.40054e-50 -1.64282e-38 -1.10455e-51 -5.28721e-40 -3.12816e-53  -1.4581e-41 -7.58936e-55 -3.37341e-43 -1.54091e-56 -6.35943e-45 -2.53461e-58 -9.36531e-47 -3.21938e-60  -1.0088e-48 -2.91998e-62 -7.07747e-51 -1.62549e-64 -2.49344e-53 -3.55353e-67
 9.96091e-16   -0.0177841 -6.42433e-16  -0.00324844  1.06822e-15    0.0490177  1.52719e-15    0.0142591  1.59163e-16   -0.0150028 -1.03378e-15   -0.0191045 -1.24759e-15   -0.0119034 -8.02622e-16   -0.0046817 -2.55328e-16 -0.000703573  7.32839e-17  0.000695306  1.61615e-16  0.000841451   1.2457e-16  0.000601621  6.32534e-17  0.000347309   2.0965e-17  0.000175789  1.63377e-18  8.08039e-05 -3.82956e-18  3.43495e-05 -3.69537e-18  1.36398e-05 -2.30106e-18  5.08716e-06  -1.1615e-18  1.78694e-06 -5.08542e-19  5.91763e-07 -1.99105e-19  1.84733e-07 -7.08789e-20  5.43199e-08 -2.31788e-20  1.50264e-08 -7.01129e-21  3.90419e-09 -1.97149e-21  9.50879e-10 -5.17273e-22  2.16545e-10  -1.2702e-22  4.59581e-11 -2.92596e-23  9.04814e-12 -6.33447e-24  1.64109e-12 -1.29069e-24  2.71151e-13   -2.478e-25  3.99955e-14 -4.48669e-26  5.04586e-15 -7.66599e-27  4.82311e-16 -1.23649e-27  1.55684e-17 -1.88308e-28 -7.25754e-18 -2.70758e-29 -2.44744e-18 -3.67477e-30 -5.24673e-19 -4.70579e-31 -9.19627e-20 -5.68226e-32 -1.40914e-20 -6.46455e-33 -1.93978e-21 -6.92195e-34 -2.43093e-22 -6.96683e-35  -2.7928e-23 -6.58098e-36 -2.95207e-24 -5.82381e-37 -2.87549e-25 -4.81796e-38 -2.58151e-26 -3.71697e-39 -2.13415e-27 -2.66653e-40 -1.62174e-28 -1.77297e-41 -1.12977e-29 -1.08837e-42 -7.18975e-31 -6.14048e-44 -4.16089e-32 -3.16715e-45 -2.17745e-33 -1.48397e-46 -1.02311e-34 -6.26872e-48 -4.27803e-36 -2.36551e-49 -1.57387e-37 -7.88333e-51 -5.01899e-39   -2.287e-52 -1.35949e-40 -5.66824e-54 -3.03772e-42 -1.17019e-55 -5.34663e-44 -1.94109e-57 -6.80422e-46 -2.44816e-59  -4.9986e-48 -2.13438e-61   2.1581e-51 -1.04913e-63  3.97463e-52 -1.32849e-66  2.14065e-54
  0.00223604   4.6511e-16   -0.0257641 -2.87862e-16   0.00826461  1.52719e-15    0.0424846  1.89671e-15    0.0173657   4.2096e-16   -0.0098069 -9.69659e-16   -0.0178171 -1.33728e-15   -0.0137452 -9.17842e-16  -0.00728594 -3.38131e-16  -0.00274665   2.0356e-17 -0.000535372  1.27619e-16  0.000215885  1.03766e-16  0.000320627  5.20243e-17  0.000232201  1.58905e-17  0.000131508 -1.52588e-19  6.42855e-05 -4.18789e-18   2.8176e-05 -3.58726e-18   1.1277e-05 -2.12465e-18  4.16103e-06 -1.03439e-18   1.4225e-06 -4.38628e-19  4.51517e-07 -1.66537e-19  1.33083e-07  -5.7511e-20  3.63655e-08 -1.82455e-20   9.1795e-09 -5.35425e-21  2.12679e-09 -1.46064e-21  4.47195e-10 -3.71834e-22  8.35276e-11 -8.85944e-23  1.32179e-11 -1.98026e-23  1.53629e-12 -4.15988e-24  3.45344e-14 -8.22408e-25 -4.90164e-14 -1.53182e-25 -1.94101e-14 -2.69023e-26 -5.20104e-15 -4.45711e-27  -1.1568e-15  -6.9681e-28 -2.26645e-16 -1.02798e-28 -4.01206e-17 -1.43083e-29 -6.50025e-18 -1.87823e-30 -9.70873e-19 -2.32381e-31 -1.34235e-19  -2.7076e-32 -1.72205e-20 -2.96781e-33 -2.05196e-21 -3.05618e-34 -2.27153e-22 -2.95198e-35 -2.33485e-23 -2.66934e-36 -2.22574e-24 -2.25456e-37 -1.96418e-25 -1.77387e-38 -1.60071e-26 -1.29604e-39 -1.20085e-27 -8.76056e-41 -8.25958e-29 -5.45432e-42   -5.182e-30 -3.11113e-43 -2.94621e-31 -1.61514e-44 -1.50498e-32 -7.56911e-46 -6.82692e-34 -3.16811e-47 -2.70403e-35 -1.16745e-48  -9.1038e-37 -3.70987e-50 -2.47792e-38 -9.83356e-52 -4.80775e-40  -2.0398e-53 -3.23562e-42 -2.78029e-55  2.01229e-43  -2.9416e-58  1.02525e-44  1.03891e-58  2.74977e-46   3.0622e-60  4.81433e-48  4.82879e-62  5.33892e-50  4.22865e-64  3.06608e-52  1.40434e-66
-1.35332e-16  -0.00216969 -2.54273e-16   -0.0255076 -7.55842e-17    0.0142591  1.89671e-15    0.0386257  2.17047e-15    0.0192729  6.45502e-16  -0.00528384 -8.47207e-16   -0.0156078  -1.2949e-15   -0.0143619 -9.21129e-16  -0.00918932 -3.75432e-16  -0.00463746 -3.42986e-17  -0.00189616  7.64019e-17 -0.000603044  6.76917e-17 -0.000116788  3.18166e-17  1.79044e-05  6.80677e-18  3.32366e-05 -3.25902e-18   2.1577e-05 -4.77839e-18  1.04717e-05 -3.41271e-18  4.26312e-06 -1.86262e-18  1.50881e-06 -8.58762e-19  4.68047e-07 -3.48591e-19  1.25792e-07 -1.27347e-19   2.8029e-08 -4.24311e-20    4.439e-09 -1.30093e-20  5.90119e-11 -3.69327e-21 -3.17434e-10 -9.75392e-22 -1.66228e-10 -2.40497e-22 -6.03954e-11 -5.55149e-23   -1.829e-11  -1.2023e-23 -4.88435e-12 -2.44699e-24 -1.17929e-12 -4.68609e-25  -2.6086e-13 -8.45177e-26 -5.32784e-14 -1.43651e-26 -1.00964e-14 -2.30164e-27 -1.78079e-15 -3.47659e-28 -2.92914e-16 -4.94958e-29 -4.49833e-17 -6.63872e-30 -6.45316e-18 -8.38291e-31  -8.6477e-19  -9.9558e-32   -1.082e-19 -1.11066e-32 -1.26283e-20 -1.16202e-33 -1.37291e-21 -1.13793e-34 -1.38762e-22 -1.04046e-35 -1.30054e-23 -8.85607e-37 -1.12655e-24 -6.99103e-38 -8.97958e-26 -5.09435e-39 -6.54806e-27 -3.40609e-40 -4.33345e-28 -2.07263e-41 -2.57231e-29  -1.1347e-42 -1.34424e-30 -5.49047e-44 -5.97761e-32 -2.27584e-45 -2.09238e-33 -7.55228e-47 -4.30231e-35 -1.60201e-48   9.2408e-37   1.3071e-50  1.56827e-37  3.49854e-51  1.00346e-38  2.15271e-52  4.57496e-40  9.06042e-54  1.63284e-41  2.92962e-55  4.64563e-43  7.42465e-57  1.04166e-44  1.45173e-58  1.77776e-46  2.09205e-60  2.15749e-48  2.02232e-62  1.61624e-50  1.04604e-64  4.84007e-53
  0.00260654 -2.01287e-16  -0.00977982 -7.56704e-16   -0.0207005  1.59163e-16    0.0173657  2.17047e-15    0.0361374  2.32496e-15    0.0206792  7.84932e-16  -0.00128715 -6.86396e-16   -0.0128215 -1.14059e-15   -0.0138932 -8.33762e-16   -0.0102005 -3.72192e-16  -0.00604349 -8.11801e-17  -0.00308213  2.12857e-17  -0.00140067  2.69759e-17  -0.00058123  9.13037e-18 -0.000225237 -3.02607e-18 -8.35437e-05 -6.35591e-18 -3.04689e-05 -5.19918e-18  -1.1185e-05 -3.11811e-18 -4.17575e-06 -1.54846e-18  -1.5738e-06 -6.68685e-19 -5.87407e-07 -2.57667e-19 -2.12656e-07 -8.99946e-20 -7.34838e-08  -2.8787e-20 -2.39927e-08 -8.49488e-21 -7.36093e-09 -2.32493e-21 -2.11653e-09 -5.92528e-22 -5.69845e-10 -1.41064e-22 -1.43651e-10 -3.14468e-23 -3.39184e-11 -6.57636e-24 -7.50488e-12  -1.2919e-24 -1.55678e-12 -2.38631e-25 -3.02852e-13 -4.14709e-26 -5.52612e-14  -6.7826e-27 -9.45746e-15  -1.0439e-27 -1.51763e-15 -1.51134e-28 -2.28216e-16 -2.05676e-29 -3.21314e-17 -2.62808e-30 -4.23026e-18 -3.14817e-31 -5.19887e-19 -3.52814e-32 -5.95049e-20 -3.68909e-33 -6.32344e-21 -3.58588e-34 -6.21278e-22 -3.22419e-35 -5.61044e-23 -2.66285e-36 -4.61683e-24 -1.99897e-37 -3.41532e-25 -1.34076e-38 -2.21768e-26  -7.7817e-40 -1.20233e-27 -3.62644e-41  -4.7043e-29  -1.0224e-42 -3.48659e-31  2.86281e-44  1.59116e-31  7.16856e-45  1.96813e-32  6.80028e-46  1.59181e-33  4.77236e-47   1.0265e-34  2.75332e-48   5.5611e-36  1.34848e-49  2.57361e-37  5.65708e-51  1.01962e-38   2.0283e-52  3.43586e-40  6.15315e-54  9.71242e-42   1.5516e-55  2.25241e-43  3.16337e-57  4.14033e-45  4.99329e-59  5.70685e-47  5.67275e-61  5.33803e-49  4.01426e-63  2.69302e-51  1.14365e-65
-1.31829e-16    0.0029251 -4.40067e-16   -0.0158968 -9.90973e-16   -0.0150028   4.2096e-16    0.0192729  2.32496e-15    0.0344719   2.3243e-15    0.0218942  8.38894e-16   0.00236866 -4.94002e-16  -0.00960899 -9.08811e-16   -0.0124501  -6.8523e-16   -0.0102186 -3.34489e-16   -0.0067235 -1.10109e-16  -0.00383387 -2.34582e-17  -0.00197103 -6.94545e-18 -0.000936393 -9.09546e-18 -0.000418056 -1.02169e-17 -0.000177413 -8.10997e-18 -7.20607e-05 -5.05417e-18 -2.80953e-05 -2.63769e-18 -1.05117e-05 -1.19636e-18 -3.76525e-06 -4.82572e-19 -1.28694e-06 -1.75773e-19 -4.18285e-07 -5.84316e-20 -1.28892e-07 -1.78633e-20 -3.75638e-08 -5.05058e-21 -1.03351e-08  -1.3263e-21 -2.68104e-09 -3.24552e-22 -6.55133e-10 -7.41917e-23 -1.50697e-10  -1.5873e-23 -3.26126e-11 -3.18239e-24 -6.63668e-12   -5.984e-25 -1.26925e-12 -1.05566e-25 -2.27961e-13 -1.74703e-26 -3.84137e-14 -2.71055e-27  -6.0657e-15 -3.93796e-28  -8.9602e-16 -5.34701e-29 -1.23541e-16 -6.76596e-30 -1.58489e-17 -7.94499e-31 -1.88351e-18 -8.60304e-32  -2.0602e-19 -8.50489e-33 -2.05328e-20 -7.54611e-34   -1.833e-21 -5.81156e-35  -1.4178e-22 -3.57676e-36 -8.75674e-24 -1.24159e-37 -3.07334e-25  7.84054e-39  1.83708e-26  2.19891e-39  5.22281e-27  2.88614e-40  6.80972e-28  2.91878e-41  6.80652e-29  2.50066e-42  5.74145e-30  1.87595e-43  4.22487e-31  1.24887e-44  2.74815e-32  7.41324e-46  1.58712e-33  3.92325e-47  8.13318e-35  1.84466e-48  3.68279e-36  7.65667e-50  1.46275e-37  2.77925e-51  5.04162e-39  8.70809e-53  1.48555e-40  2.31354e-54  3.66521e-42  5.08366e-56  7.35066e-44  8.91003e-58  1.14593e-45   1.1769e-59  1.28965e-47  1.05931e-61  9.06071e-50  5.16073e-64  2.56693e-52
  0.00142563 -1.14812e-16  8.19914e-05 -7.48593e-16   -0.0188004 -1.03378e-15   -0.0098069  6.45502e-16    0.0206792   2.3243e-15    0.0334144  2.18122e-15    0.0231033  8.48485e-16   0.00585767 -2.69355e-16  -0.00602223 -6.29272e-16   -0.0101239 -4.97414e-16  -0.00922532 -2.64675e-16  -0.00655441 -1.11651e-16  -0.00399418 -4.63476e-17  -0.00217867 -2.55979e-17  -0.00108903  -1.8176e-17 -0.000505942 -1.27421e-17 -0.000220336 -7.85846e-18 -9.03893e-05 -4.20644e-18 -3.50144e-05 -1.97733e-18 -1.28187e-05 -8.27997e-19 -4.43465e-06  -3.1263e-19 -1.44892e-06 -1.07453e-19 -4.46747e-07 -3.38654e-20 -1.29888e-07 -9.84125e-21 -3.55834e-08 -2.64795e-21  -9.1791e-09 -6.61743e-22 -2.22813e-09 -1.53947e-22 -5.08597e-10 -3.33893e-23 -1.09083e-10 -6.75641e-24 -2.19618e-11 -1.27552e-24 -4.14531e-12 -2.24459e-25  -7.3229e-13 -3.67467e-26 -1.20787e-13 -5.57747e-27 -1.85399e-14 -7.80348e-28 -2.63518e-15 -9.96603e-29 -3.44214e-16 -1.14143e-29 -4.08054e-17 -1.13047e-30  -4.2902e-18 -8.79771e-32 -3.80425e-19 -3.35543e-33 -2.44134e-20  4.95143e-34 -2.01995e-22  1.52651e-34  2.67415e-22  2.60127e-35  5.72928e-23  3.52636e-36  8.39669e-24  4.12754e-37  1.01671e-24  4.30258e-38  1.07474e-25  4.05099e-39  1.01443e-26  3.46807e-40  8.63865e-28  2.70707e-41  6.66707e-29  1.92719e-42  4.66871e-30  1.24949e-43  2.96317e-31  7.35613e-45  1.69968e-32  3.91566e-46  8.77136e-34  1.87366e-47  4.04725e-35  7.99945e-49  1.65614e-36  3.01829e-50  5.94663e-38  9.94142e-52  1.84786e-39  2.81277e-53  4.87855e-41  6.68996e-55  1.06695e-42  1.29762e-56  1.86361e-44  1.96188e-58  2.45567e-46  2.14637e-60  2.20674e-48  1.46898e-62  1.07394e-50   4.0618e-65
 4.85801e-17   0.00280459 -1.63877e-16  -0.00443079 -1.03757e-15   -0.0191045 -9.69659e-16  -0.00528384  7.84932e-16    0.0218942  2.18122e-15    0.0328752  1.96779e-15    0.0244406  8.71493e-16   0.00932472 -7.73772e-18  -0.00208724 -3.20655e-16  -0.00702917 -2.82918e-16  -0.00730653  -1.6376e-16  -0.00555913 -8.10408e-17  -0.00354547 -4.25228e-17  -0.00199585 -2.62236e-17  -0.00101768  -1.7194e-17  -0.00047698 -1.05905e-17 -0.000207306 -5.82424e-18 -8.39969e-05 -2.83732e-18 -3.18304e-05 -1.23183e-18  -1.1302e-05 -4.80837e-19 -3.76391e-06 -1.70141e-19 -1.17623e-06 -5.49416e-20 -3.44948e-07 -1.62739e-20  -9.4916e-08 -4.43769e-21 -2.44933e-08 -1.11656e-21 -5.92308e-09 -2.59469e-22 -1.34071e-09 -5.56584e-23 -2.83578e-10 -1.09939e-23 -5.59073e-11 -1.98897e-24  -1.0235e-11 -3.26203e-25 -1.72982e-12 -4.75245e-26 -2.67352e-13 -5.87749e-27 -3.71561e-14 -5.38578e-28 -4.48808e-15 -1.17043e-29 -4.31825e-16  9.68708e-30 -2.23188e-17  3.04657e-30  2.90082e-18  6.38642e-31  1.20464e-18  1.10705e-31  2.55646e-19  1.68691e-32  4.27855e-20  2.31818e-33  6.18158e-21  2.90971e-34  7.97538e-22  3.35852e-35  9.33466e-23  3.57775e-36  9.99148e-24   3.5234e-37  9.81993e-25  3.20888e-38  8.87723e-26  2.70082e-39  7.38239e-27  2.09765e-40   5.6417e-28  1.49997e-41  3.95388e-29  9.84513e-43  2.53357e-30  5.90852e-44  1.47847e-31  3.22685e-45  7.81751e-33  1.59432e-46   3.7219e-34  7.07511e-48  1.58303e-35  2.79496e-49  5.95616e-37   9.7194e-51  1.95778e-38  2.93295e-52  5.53131e-40  7.53712e-54  1.31438e-41  1.60771e-55  2.54824e-43   2.7436e-57  3.85236e-45  3.53747e-59   4.2156e-47  3.11473e-61   2.8865e-49  1.48709e-63  7.98583e-52
 0.000539882  8.74923e-17   0.00277342    -3.43e-16  -0.00873723 -1.24759e-15   -0.0178171 -8.47207e-16  -0.00128715  8.38894e-16    0.0231033  1.96779e-15    0.0328244  1.77833e-15    0.0260008  9.56176e-16    0.0128577  2.92501e-16   0.00212824  4.12608e-18  -0.00335636 -5.15918e-17  -0.00467763 -3.69894e-17  -0.00391532 -2.18541e-17  -0.00261235 -1.54961e-17  -0.00150247 -1.21443e-17 -0.000770753 -8.72103e-18 -0.000359095 -5.38413e-18 -0.000153556 -2.85593e-18 -6.06589e-05 -1.31917e-18 -2.22245e-05 -5.37773e-19 -7.57071e-06 -1.95517e-19 -2.40091e-06 -6.38507e-20 -7.09134e-07 -1.88011e-20 -1.94991e-07 -4.99133e-21 -4.98481e-08 -1.18845e-21 -1.18172e-08 -2.50234e-22 -2.58648e-09 -4.50379e-23 -5.18794e-10  -6.2941e-24 -9.41092e-11 -4.12598e-25 -1.50442e-11  1.23506e-25 -1.99402e-12  6.63525e-26 -1.77166e-13  2.02591e-26  5.52204e-15  4.96359e-27  7.47425e-15  1.05861e-27  2.28108e-15  2.03014e-28  5.15047e-16  3.55781e-29  9.87582e-17  5.74959e-30  1.68391e-17  8.61452e-31  2.60676e-18  1.20057e-31  3.70359e-19  1.55932e-32   4.8586e-20  1.88931e-33  5.90532e-21  2.13601e-34  6.66168e-22   2.2527e-35  6.97929e-23  2.21442e-36  6.78954e-24  2.02639e-37  6.12754e-25  1.72325e-38  5.12266e-26  1.35889e-39  3.95877e-27  9.90972e-41   2.8204e-28  6.66145e-42  1.84626e-29  4.11163e-43  1.10593e-30   2.3194e-44  6.03206e-32  1.18913e-45  2.97781e-33  5.50366e-47  1.32082e-34  2.28079e-48  5.21663e-36  8.37778e-50  1.81406e-37  2.69307e-51  5.47507e-39  7.45244e-53  1.40744e-40  1.73685e-54  3.00356e-42  3.30649e-56  5.12878e-44  4.91355e-58  6.61778e-46  5.29024e-60  5.83195e-48  3.56706e-62  2.78695e-50  9.72616e-65
 5.73332e-17    0.0015851   7.6349e-17   0.00104164 -5.88984e-16   -0.0119034 -1.33728e-15   -0.0156078 -6.86396e-16   0.00236866  8.48485e-16    0.0244406  1.77833e-15    0.0332521  1.68687e-15    0.0278203  1.12378e-15    0.0164473  6.21939e-16   0.00645778  3.29478e-16  0.000593188  1.82332e-16  -0.00168084   1.0246e-16  -0.00192598  5.36383e-17  -0.00142235  2.44839e-17 -0.000849449   9.3433e-18 -0.000438565  2.84435e-18  -0.00020155  6.20232e-19 -8.37056e-05  5.80092e-20 -3.16765e-05 -1.90071e-20 -1.09688e-05 -7.43781e-21 -3.47972e-06  2.24531e-21 -1.00964e-06  3.72723e-21   -2.665e-07  2.42223e-21  -6.3267e-08  1.15084e-21 -1.31878e-08  4.52809e-22 -2.27806e-09  1.55132e-22 -2.67007e-10  4.75012e-23  7.77775e-12  1.32039e-23  1.73485e-11    3.366e-24  6.90366e-12  7.92469e-25  2.01293e-12   1.7317e-25  4.97371e-13  3.52503e-26  1.09289e-13  6.70207e-27  2.18298e-14  1.19249e-27   4.0106e-15   1.9884e-28  6.82407e-16  3.10994e-29  1.07992e-16  4.56493e-30  1.59363e-17  6.28969e-31  2.19641e-18  8.13355e-32   2.8295e-19  9.86742e-33  3.40775e-20  1.12226e-33  3.83592e-21  1.19542e-34  4.03283e-22  1.19105e-35   3.9556e-23  1.10825e-36  3.61437e-24  9.61197e-38   3.0708e-25  7.75281e-39  2.42026e-26  5.79973e-40  1.76463e-27  4.01122e-41  1.18626e-28  2.55531e-42  7.32359e-30  1.49278e-43  4.13278e-31  7.95556e-45   2.1198e-32  3.84382e-46  9.81625e-34  1.67116e-47  4.07028e-35  6.47816e-49  1.49598e-36   2.2137e-50  4.81183e-38  6.57251e-52  1.33241e-39  1.66365e-53  3.10735e-41  3.49889e-55  5.91979e-43  5.89251e-57  8.80381e-45  7.50388e-59  9.48669e-47  6.53044e-61  6.40227e-49  3.08368e-63  1.74721e-51
 0.000127815  9.85739e-17   0.00235296 -8.18081e-18  -0.00171448 -8.02622e-16   -0.0137452  -1.2949e-15   -0.0128215 -4.94002e-16   0.00585767  8.71493e-16    0.0260008  1.68687e-15    0.0341237  1.72347e-15    0.0298387  1.36298e-15    0.0199496  9.56359e-16    0.0106099  6.32372e-16   0.00441636  3.97753e-16   0.00126308    2.347e-16  5.07921e-05  1.28248e-16 -0.000235566  6.46864e-17  -0.00020252  3.02764e-17 -0.000115261  1.32849e-17 -5.25204e-05  5.52819e-18 -2.00959e-05  2.20266e-18 -6.47502e-06  8.44757e-19 -1.68631e-06  3.11909e-19 -2.98029e-07  1.10473e-19  5.72833e-09  3.73344e-20   3.5208e-08  1.19772e-20  2.01724e-08  3.63295e-21  8.26684e-09   1.0391e-21  2.84117e-09  2.79824e-22  8.62788e-10  7.08987e-23  2.37149e-10  1.68989e-23  5.97867e-11  3.78984e-24  1.39372e-11  7.99961e-25  3.02026e-12  1.58986e-25  6.10643e-13  2.97599e-26  1.15479e-13  5.24791e-27  2.04623e-14  8.71917e-28   3.4014e-15  1.36487e-28  5.30808e-16  2.01259e-29  7.77948e-17  2.79464e-30  1.07083e-17  3.65234e-31  1.38402e-18  4.48936e-32  1.67876e-19  5.18525e-33  1.90952e-20  5.62129e-34  2.03467e-21  5.71204e-35  2.02823e-22  5.43168e-36  1.88837e-23  4.82433e-37  1.63892e-24  3.99332e-38  1.32289e-25  3.07253e-39  9.90388e-27  2.19084e-40  6.85508e-28  1.44261e-41  4.37037e-29  8.73606e-43  2.55509e-30  4.84182e-44  1.36272e-31  2.44193e-45  6.58891e-33  1.11303e-46  2.86662e-34  4.54698e-48  1.11197e-35  1.64792e-49  3.80219e-37  5.23086e-51  1.12956e-38  1.43041e-52  2.86089e-40  3.29651e-54  6.02051e-42  6.20955e-56  1.01456e-43  9.13557e-58  1.29288e-45  9.74294e-60  1.12597e-47  6.51036e-62  5.32081e-50  1.75994e-64
 2.22902e-17  0.000677284  1.28605e-16   0.00221195 -1.34896e-16   -0.0046817 -9.17842e-16   -0.0143619 -1.14059e-15  -0.00960899 -2.69355e-16   0.00932472  9.56176e-16    0.0278203  1.72347e-15     0.035327  1.87157e-15    0.0318638  1.63514e-15    0.0230783  1.25961e-15    0.0141942  8.84039e-16   0.00767186  5.70272e-16   0.00374328  3.38811e-16    0.0016929  1.85864e-16  0.000730498  9.45627e-17  0.000309747  4.48666e-17  0.000131876  1.99593e-17  5.66309e-05  8.36173e-18  2.42187e-05  3.30872e-18  1.01058e-05  1.23846e-18  4.03896e-06  4.38629e-19  1.52672e-06  1.46933e-19  5.41972e-07  4.65203e-20   1.8011e-07  1.39112e-20  5.59816e-08  3.92706e-21  1.62792e-08   1.0462e-21  4.43288e-09  2.63001e-22  1.13157e-09  6.23887e-23  2.71086e-10  1.39672e-23  6.10114e-11  2.95141e-24  1.29117e-11  5.88748e-25  2.57124e-12  1.10878e-25  4.82096e-13  1.97147e-26  8.51378e-14  3.30922e-27  1.41645e-14  5.24295e-28  2.22013e-15  7.83807e-29  3.27786e-16  1.10518e-29  4.55715e-17   1.4689e-30  5.96296e-18  1.83889e-31  7.33816e-19  2.16631e-32  8.48538e-20  2.39882e-33  9.20923e-21  2.49349e-34  9.36805e-22  2.42924e-35  8.91754e-23  2.21407e-36  7.92832e-24  1.88386e-37  6.56885e-25  1.49271e-38  5.05872e-26  1.09834e-39  3.61012e-27  7.47985e-41  2.37905e-28  4.69651e-42  1.44176e-29  2.70663e-43  7.99626e-31  1.42415e-44  4.03545e-32  6.79855e-46  1.84046e-33  2.92233e-47  7.52282e-35   1.1207e-48  2.72781e-36  3.79075e-50  8.66279e-38  1.11464e-51  2.36997e-39  2.79556e-53  5.46423e-41  5.82826e-55  1.02975e-42  9.73406e-57  1.51573e-44   1.2298e-58  1.61736e-46   1.0622e-60  1.08136e-48  4.97956e-63  2.92493e-51
-8.15976e-06  5.65083e-17   0.00135926  1.35257e-16   0.00109042 -2.55328e-16  -0.00728594 -9.21129e-16   -0.0138932 -9.08811e-16  -0.00602223 -7.73772e-18    0.0128577  1.12378e-15    0.0298387  1.87157e-15    0.0366306  2.08004e-15    0.0335675  1.88671e-15    0.0254495  1.49208e-15    0.0168048  1.05703e-15   0.00998195  6.79571e-16   0.00545716  3.99766e-16    0.0027922  2.16599e-16   0.00135254  1.08712e-16  0.000624383  5.07913e-17  0.000275339  2.21777e-17  0.000115891  9.07751e-18  4.64398e-05  3.49045e-18  1.76625e-05  1.26268e-18  6.35807e-06  4.30141e-19  2.16166e-06  1.38073e-19  6.93154e-07  4.17815e-20  2.09466e-07  1.19236e-20  5.96356e-08  3.21024e-21  1.59963e-08  8.15701e-22  4.04345e-09  1.95674e-22  9.63486e-10  4.43285e-23  2.16499e-10  9.48623e-24  4.58915e-11  1.91804e-24  9.17899e-12  3.66462e-25  1.73273e-12  6.61643e-26  3.08733e-13  1.12879e-26  5.19211e-14  1.81938e-27  8.24043e-15  2.76963e-28   1.2339e-15  3.98037e-29  1.74241e-16  5.39736e-30  2.31904e-17  6.90048e-31   2.9069e-18  8.31059e-32  3.42858e-19  9.41831e-33  3.80079e-20  1.00312e-33  3.95488e-21  1.00259e-34  3.85668e-22  9.38724e-36   3.5182e-23  8.21723e-37  2.99596e-24  6.70936e-38   2.3757e-25  5.09619e-39  1.74925e-26  3.58985e-40  1.19202e-27  2.33678e-41  7.48894e-29  1.39976e-42  4.31823e-30  7.67821e-44  2.27321e-31  3.83463e-45  1.08566e-32   1.7316e-46   4.6685e-34  7.01137e-48  1.79099e-35  2.51964e-49  6.05996e-37  7.93352e-51  1.78241e-38   2.1528e-52  4.47167e-40   4.9249e-54   9.3254e-42   9.2118e-56  1.55798e-43  1.34615e-57  1.96906e-45  1.42643e-59  1.70141e-47  9.47289e-62  7.97968e-50  2.54565e-64
 4.84872e-18  0.000222089  1.03534e-16   0.00172912   1.1483e-16 -0.000703573 -3.38131e-16  -0.00918932 -8.33762e-16   -0.0124501 -6.29272e-16  -0.00208724  2.92501e-16    0.0164473  1.36298e-15    0.0318638  2.08004e-15    0.0376771  2.28199e-15    0.0345384  2.06448e-15    0.0266817  1.62161e-15    0.0181346  1.13396e-15    0.0111321  7.16375e-16   0.00627867  4.12973e-16   0.00329049  2.18878e-16   0.00161375  1.07282e-16  0.000743659  4.88528e-17  0.000322682  2.07426e-17  0.000131946  8.23512e-18  5.08517e-05  3.06384e-18  1.84701e-05  1.07002e-18  6.32184e-06  3.51267e-19  2.03905e-06  1.08513e-19  6.19842e-07  3.15737e-20  1.77626e-07  8.66004e-21  4.80011e-08  2.24061e-21   1.2237e-08  5.47176e-22  2.94408e-09  1.26189e-22  6.68697e-10   2.7494e-23  1.43434e-10  5.66126e-24   2.9062e-11   1.1019e-24  5.56316e-12  2.02757e-25  1.00616e-12  3.52705e-26  1.71928e-13  5.79959e-27  2.77517e-14  9.01211e-28  4.23032e-15  1.32292e-28  6.08714e-16  1.83357e-29  8.26354e-17  2.39787e-30   1.0576e-17   2.9564e-31  1.27494e-18    3.433e-32  1.44616e-19  3.75009e-33  1.54151e-20  3.84825e-34  1.54184e-21  3.70369e-35  1.44459e-22  3.33687e-36  1.26532e-23  2.80826e-37   1.0337e-24  2.20212e-38  7.85558e-26  1.60435e-39   5.5361e-27  1.08233e-40  3.60512e-28  6.73505e-42  2.16029e-29  3.84834e-43  1.18538e-30  2.00838e-44  5.92167e-32  9.51287e-46   2.6747e-33  4.05861e-47  1.08325e-34  1.54536e-48  3.89354e-36  5.19146e-50  1.22616e-37  1.51651e-51  3.32779e-39  3.77961e-53  7.61412e-41  7.83241e-55  1.42445e-42  1.30058e-56  2.08206e-44  1.63406e-58  2.20681e-46  1.40386e-60    1.466e-48  6.54762e-63  3.94096e-51
-3.22633e-05  2.75193e-17  0.000636023   1.4686e-16   0.00151159  7.32839e-17  -0.00274665 -3.75432e-16   -0.0102005  -6.8523e-16   -0.0101239 -3.20655e-16   0.00212824  6.21939e-16    0.0199496  1.63514e-15    0.0335675  2.28199e-15    0.0380353  2.41415e-15    0.0343876  2.12951e-15    0.0265195  1.63294e-15    0.0180753  1.11368e-15    0.0111252  6.85414e-16   0.00626965  3.84552e-16   0.00326474  1.98165e-16   0.00158028  9.43322e-17  0.000713879  4.16679e-17  0.000301765  1.71395e-17  0.000119581    6.584e-18  4.44817e-05   2.3675e-18  1.55484e-05  7.98409e-19  5.11173e-06  2.52923e-19  1.58189e-06   7.5363e-20  4.61142e-07  2.11463e-20   1.2672e-07  5.59293e-21  3.28461e-08  1.39552e-21  8.03527e-09  3.28721e-22  1.85614e-09  7.31414e-23  4.05036e-10  1.53794e-23  8.35201e-11  3.05701e-24   1.6278e-11  5.74547e-25  2.99896e-12  1.02108e-25   5.2228e-13  1.71586e-26  8.59707e-14   2.7259e-27  1.33723e-14  4.09275e-28  1.96475e-15  5.80497e-29  2.72541e-16  7.77333e-30   3.5669e-17  9.81995e-31  4.40077e-18  1.16925e-31  5.11342e-19  1.31077e-32  5.58891e-20  1.38166e-33  5.73815e-21  1.36734e-34  5.52513e-22   1.2682e-35  4.97997e-23  1.10016e-36   4.1926e-24  8.90564e-38  3.28873e-25  6.70886e-39  2.39668e-26   4.6887e-40  1.61725e-27   3.0291e-41  1.00659e-28  1.80139e-42  5.75258e-30  9.81303e-44  3.00263e-31  4.86833e-45  1.42241e-32   2.1844e-46  6.06928e-34  8.79084e-48  2.31114e-35   3.1406e-49  7.76459e-37  9.83304e-51   2.2683e-38  2.65381e-52  5.65369e-40  6.03944e-54   1.1717e-41    1.124e-55  1.94584e-43  1.63465e-57  2.44516e-45  1.72413e-59  2.10114e-47   1.1399e-61  9.80232e-50  3.05013e-64
 1.05253e-18  4.58973e-05  6.39706e-17   0.00101233  1.68876e-16  0.000695306   2.0356e-17  -0.00463746 -3.72192e-16   -0.0102186 -4.97414e-16  -0.00702917  4.12608e-18   0.00645778  9.56359e-16    0.0230783  1.88671e-15    0.0345384  2.41415e-15    0.0373063  2.43223e-15    0.0328751  2.06647e-15    0.0249313  1.53216e-15    0.0167576  1.01179e-15    0.0101664  6.03238e-16   0.00563387  3.27872e-16   0.00287524  1.63635e-16   0.00135911  7.54096e-17  0.000597506  3.22305e-17  0.000245064  1.28216e-17  9.39943e-05  4.76121e-18  3.37788e-05   1.6544e-18   1.1392e-05  5.39007e-19  3.61045e-06  1.64937e-19  1.07657e-06  4.74724e-20  3.02339e-07  1.28678e-20  8.00405e-08   3.2882e-21  1.99908e-08  7.92848e-22  4.71354e-09  1.80515e-22  1.04978e-09  3.88311e-23  2.20939e-10  7.89556e-24  4.39551e-11  1.51794e-24  8.26791e-12  2.75976e-25   1.4705e-12  4.74512e-26  2.47285e-13  7.71507e-27  3.93111e-14   1.1859e-27   5.9059e-15  1.72271e-28  8.38136e-16  2.36376e-29   1.1229e-16  3.06148e-30   1.4192e-17  3.73967e-31  1.69053e-18  4.30397e-32  1.89583e-19  4.66144e-33  1.99901e-20  4.74432e-34  1.97885e-21  4.53024e-35  1.83583e-22  4.05079e-36  1.59292e-23  3.38442e-37  1.28968e-24  2.63548e-38  9.71701e-26  1.90726e-39   6.7919e-27  1.27844e-40  4.38829e-28  7.90634e-42   2.6099e-29  4.49085e-43  1.42182e-30  2.33035e-44  7.05406e-32  1.09775e-45  3.16521e-33  4.65881e-47  1.27381e-34   1.7649e-48   4.5508e-36  5.90004e-50  1.42482e-37   1.7154e-51  3.84539e-39  4.25598e-53  8.75131e-41  8.78119e-55  1.62877e-42  1.45202e-56  2.36893e-44  1.81696e-58  2.49893e-46  1.55494e-60  1.65247e-48  7.22508e-63  4.42267e-51
-2.46995e-05  1.18335e-17  0.000253402  1.00747e-16   0.00111885  1.61615e-16 -0.000535372 -3.42986e-17  -0.00604349 -3.34489e-16  -0.00922532 -2.82918e-16  -0.00335636  3.29478e-16    0.0106099  1.25961e-15    0.0254495  2.06448e-15    0.0343876  2.43223e-15    0.0352504  2.31988e-15    0.0300039  1.88594e-15    0.0221372  1.34445e-15    0.0145132  8.55743e-16    0.0085894  4.92406e-16   0.00463853  2.58477e-16   0.00230314  1.24631e-16   0.00105734  5.54974e-17  0.000450718  2.29211e-17  0.000178997  8.81143e-18  6.64048e-05   3.1621e-18  2.30639e-05  1.06191e-18  7.51373e-06  3.34412e-19  2.29964e-06  9.89276e-20  6.62124e-07  2.75323e-20  1.79558e-07  7.21781e-21  4.59082e-08   1.7843e-21  1.10756e-08  4.16307e-22  2.52313e-09  9.17388e-23  5.43069e-10  1.91043e-23  1.10484e-10  3.76119e-24  2.12519e-11  7.00251e-25  3.86571e-12  1.23302e-25  6.64973e-13  2.05338e-26  1.08164e-13  3.23358e-27  1.66326e-14  4.81377e-28    2.417e-15   6.7715e-29  3.31746e-16  8.99547e-30  4.29789e-17  1.12765e-30  5.25127e-18  1.33273e-31  6.04496e-19  1.48335e-32  6.54822e-20  1.55279e-33  6.66567e-21  1.52647e-34   6.3657e-22  1.40673e-35  5.69259e-23  1.21281e-36   4.7565e-24  9.75923e-38  3.70415e-25  7.30983e-39  2.68075e-26  5.08056e-40  1.79694e-27  3.26483e-41   1.1113e-28  1.93166e-42   6.3122e-30  1.04708e-43   3.2754e-31  5.17002e-45  1.54288e-32  2.30917e-46  6.54769e-34    9.252e-48  2.48035e-35  3.29131e-49  8.29139e-37  1.02627e-50  2.41056e-38  2.75884e-52  5.98048e-40  6.25461e-54  1.23391e-41  1.15978e-55  2.04039e-43  1.68073e-57   2.5534e-45   1.7667e-59  2.18546e-47  1.16422e-61  1.01567e-49  3.10534e-64
-7.80529e-20 -4.95625e-06  3.00353e-17  0.000503717  1.23574e-16  0.000841451  1.27619e-16  -0.00189616 -8.11801e-17   -0.0067235 -2.64675e-16  -0.00730653 -5.15918e-17  0.000593188  6.32372e-16    0.0141942  1.49208e-15    0.0266817  2.12951e-15    0.0328751  2.31988e-15    0.0318784  2.08955e-15    0.0260377  1.61956e-15    0.0185527  1.10634e-15    0.0117786  6.76761e-16   0.00675655  3.74924e-16    0.0035364  1.89704e-16   0.00170107  8.82386e-17  0.000756104  3.79259e-17  0.000311886  1.51262e-17    0.0001198   5.6175e-18  4.29732e-05   1.9482e-18   1.4429e-05  6.32494e-19  4.54402e-06  1.92623e-19  1.34445e-06   5.5125e-20  3.74266e-07  1.48464e-20  9.81471e-08  3.76761e-21  2.42711e-08  9.01863e-22  5.66486e-09  2.03805e-22  1.24878e-09  4.35098e-23  2.60144e-10  8.77976e-24  5.12334e-11  1.67519e-24  9.54147e-12   3.0229e-25  1.68057e-12  5.15938e-26  2.79942e-13  8.32823e-27  4.40944e-14  1.27115e-27  6.56564e-15   1.8339e-28  9.23753e-16  2.49956e-29  1.22733e-16  3.21643e-30  1.53876e-17  3.90432e-31   1.8188e-18  4.46619e-32  2.02452e-19  4.80873e-33  2.11942e-20  4.86645e-34   2.0836e-21  4.62137e-35   1.9202e-22  4.11039e-36  1.65551e-23  3.41665e-37  1.33215e-24  2.64745e-38  9.97784e-26  1.90679e-39  6.93469e-27  1.27224e-40  4.45613e-28  7.83316e-42  2.63636e-29  4.43025e-43    1.429e-30  2.28941e-44  7.05529e-32  1.07417e-45    3.151e-33  4.54123e-47   1.2624e-34  1.71398e-48  4.49054e-36  5.70934e-50  1.40011e-37  1.65423e-51  3.76357e-39  4.09055e-53  8.53208e-41  8.41279e-55  1.58207e-42   1.3868e-56  2.29278e-44  1.73018e-58  2.41027e-46  1.47641e-60  1.58855e-48   6.8412e-63    4.238e-51
-1.40066e-05   2.7197e-18  8.67092e-05  4.92532e-17   0.00065566   1.2457e-16  0.000215885  7.64019e-17  -0.00308213 -1.10109e-16  -0.00655441  -1.6376e-16  -0.00467763  1.82332e-16   0.00441636  8.84039e-16    0.0168048  1.62161e-15    0.0265195  2.06647e-15    0.0300039  2.08955e-15    0.0274653  1.77589e-15    0.0214322  1.30988e-15    0.0146755  8.55737e-16   0.00898031  5.02176e-16   0.00497264  2.67451e-16    0.0025142  1.30287e-16   0.00116864   5.8411e-17  0.000502023  2.42196e-17  0.000200156  9.32556e-18  7.43204e-05  3.34565e-18  2.57743e-05  1.12152e-18  8.36847e-06  3.52123e-19  2.54898e-06  1.03756e-19  7.29619e-07  2.87416e-20  1.96549e-07   7.4957e-21  4.98915e-08  1.84265e-21  1.19457e-08  4.27408e-22  2.70019e-09  9.36182e-23  5.76594e-10  1.93765e-23  1.16376e-10  3.79134e-24  2.22091e-11  7.01537e-25  4.00839e-12  1.22778e-25  6.84245e-13   2.0324e-26  1.10465e-13   3.1817e-27  1.68625e-14  4.70924e-28  2.43299e-15  6.58715e-29  3.31637e-16  8.70256e-30  4.26775e-17  1.08511e-30  5.18068e-18   1.2758e-31  5.92637e-19  1.41283e-32  6.38094e-20  1.47176e-33  6.45747e-21  1.43998e-34  6.13214e-22  1.32095e-35  5.45394e-23  1.13382e-36  4.53323e-24  9.08458e-38  3.51247e-25  6.77637e-39  2.52966e-26  4.69098e-40  1.68772e-27  3.00285e-41  1.03905e-28  1.77003e-42  5.87615e-30  9.56016e-44  3.03637e-31  4.70398e-45  1.42452e-32  2.09396e-46   6.0219e-34  8.36257e-48  2.27264e-35   2.9656e-49  7.56966e-37  9.21923e-51  2.19308e-38  2.47111e-52  5.42273e-40  5.58655e-54  1.11523e-41   1.0331e-55   1.8384e-43  1.49323e-57  2.29374e-45  1.56566e-59  1.95755e-47  1.02923e-61  9.07222e-50  2.73886e-64
-8.64808e-19 -1.20872e-05  8.43964e-18  0.000224165  6.20252e-17  0.000601621  1.03766e-16 -0.000603044  2.12857e-17  -0.00383387 -1.11651e-16  -0.00555913 -3.69894e-17  -0.00168084  3.97753e-16   0.00767186  1.05703e-15    0.0181346  1.63294e-15    0.0249313  1.88594e-15    0.0260377  1.77589e-15    0.0224774  1.42433e-15    0.0167111  9.98919e-16     0.010962  6.23445e-16   0.00644655  3.50634e-16   0.00343711  1.79376e-16   0.00167536  8.40783e-17  0.000751384  3.63175e-17  0.000311642  1.45245e-17  0.000120027  5.39909e-18  4.30723e-05  1.87147e-18  1.44426e-05  6.06555e-19  4.53577e-06   1.8424e-19  1.33687e-06  5.25498e-20  3.70427e-07  1.40977e-20  9.66303e-08  3.56222e-21  2.37601e-08  8.48765e-22   5.5124e-09  1.90881e-22  1.20766e-09  4.05484e-23  2.49997e-10  8.14097e-24  4.89235e-11  1.54543e-24  9.05379e-12  2.77464e-25   1.5847e-12  4.71185e-26  2.62344e-13   7.5681e-27  4.10725e-14  1.14949e-27  6.07944e-15  1.65044e-28  8.50404e-16  2.23898e-29  1.12352e-16  2.86794e-30  1.40091e-17  3.46579e-31  1.64707e-18  3.94738e-32  1.82394e-19  4.23224e-33  1.89994e-20  4.26554e-34  1.85884e-21  4.03467e-35   1.7051e-22  3.57479e-36  1.46346e-23   2.9604e-37   1.1725e-24  2.28567e-38  8.74529e-26   1.6405e-39  6.05351e-27  1.09089e-40  3.87474e-28  6.69471e-42  2.28378e-29  3.77447e-43   1.2334e-30  1.94461e-44  6.06833e-32  9.09718e-46  2.70108e-33   3.8351e-47  1.07864e-34  1.44351e-48  3.82486e-36   4.7957e-50  1.18896e-37  1.38597e-51  3.18671e-39  3.41878e-53  7.20408e-41  7.01454e-55  1.33222e-42  1.15366e-56  1.92566e-44  1.43615e-58  2.01926e-46   1.2229e-60  1.32763e-48  5.65494e-63  3.53365e-51
