 4.78567e-35   3.8109e-51 -6.58301e-35 -3.64232e-50  2.63887e-35  2.85795e-50 -3.05836e-36  2.86007e-49  1.48066e-36  1.45338e-48  -9.5659e-36 -9.24627e-48   5.3587e-36  4.48015e-47 -2.80974e-37   7.2612e-47 -1.08724e-36  3.89118e-46  9.01153e-37  1.60191e-45  1.84534e-37    2.156e-45 -5.59087e-37  2.21669e-44   2.6888e-37 -1.41806e-44  7.93177e-38   7.1362e-45 -6.38456e-38  3.91186e-44 -2.33869e-39 -1.31775e-43 -1.56108e-38  1.93772e-43 -1.16512e-39 -3.03426e-43  6.38912e-39  3.55114e-43 -2.32274e-40 -2.35899e-43  1.51165e-38 -4.94936e-43 -6.84622e-38  2.02017e-43  2.59928e-37 -1.12079e-42 -9.04977e-37  2.39763e-44    2.883e-36 -3.45941e-43  -8.3941e-36 -1.68867e-43  2.23047e-35 -7.49616e-43 -5.39758e-35  1.73685e-42  1.18622e-34 -4.76983e-42 -2.35904e-34  1.17351e-41  4.22573e-34 -2.69592e-41  -6.7777e-34  5.63759e-41  9.65799e-34 -1.07467e-40 -1.20985e-33  1.84224e-40  1.31257e-33 -2.78785e-40 -1.20547e-33  3.58122e-40   9.0127e-34 -3.52207e-40 -5.05126e-34  1.54235e-40   1.6147e-34   3.5401e-40  3.22723e-35 -1.24712e-39 -7.62258e-35  2.48731e-39  4.24662e-35 -3.88055e-39 -4.87418e-36  5.10151e-39 -7.56435e-36 -5.80156e-39  3.85868e-36   5.7598e-39   6.3887e-37 -4.99354e-39 -1.27618e-36  3.75586e-39  4.26709e-37 -2.41524e-39 -4.20309e-39  1.29019e-39 -1.06618e-38 -5.36953e-40 -7.71592e-39  1.41396e-40 -3.32731e-39  8.65114e-42  7.92028e-39 -3.62537e-41 -4.80738e-39  2.45558e-41  1.99019e-39  -1.0721e-41 -7.16648e-40  3.38464e-42  2.15953e-40 -7.72917e-43 -4.99437e-41  1.19189e-43  8.75677e-42 -9.68586e-45 -1.14522e-42 -2.50682e-46  1.01098e-43  1.45042e-46 -4.99564e-45 -1.23118e-47   9.0937e-47   2.7426e-49
  3.8109e-51  1.21681e-34  2.13106e-50 -1.05653e-34  -5.6535e-50  6.77292e-36  1.40102e-49  3.16658e-35  1.27821e-48  -6.5654e-36  2.72519e-47 -1.65199e-35 -1.44617e-46  8.81511e-36  5.92649e-46 -6.85115e-37  6.88694e-46 -2.79084e-36   3.9331e-45  2.01192e-36  1.62282e-44 -6.36983e-38  8.86581e-45 -8.61905e-37  1.97328e-43  5.92308e-37 -1.13542e-43  2.63551e-37   5.1328e-45 -1.79284e-37  2.88518e-43 -3.03205e-39 -1.04301e-42 -5.84256e-38  1.13282e-42  1.42316e-38 -2.37576e-42  2.69328e-38  2.04324e-42 -1.18217e-37 -1.80572e-42  5.80166e-37 -2.94013e-42 -2.32247e-36   6.6017e-43  8.44738e-36  -5.8882e-42 -2.81365e-35  8.81586e-44  8.57175e-35 -2.49659e-42 -2.38532e-34   2.6706e-42  6.05201e-34 -1.44043e-41 -1.39657e-33  3.92097e-41  2.92178e-33  -1.0321e-40 -5.51929e-33  2.50474e-40  9.36456e-33 -5.63166e-40 -1.41742e-32  1.16428e-39   1.8966e-32 -2.20629e-39  -2.2155e-32  3.80379e-39  2.21821e-32 -5.90393e-39 -1.84809e-32  8.09982e-39  1.21203e-32 -9.47521e-39   -5.438e-33  8.63122e-39  7.02034e-34 -4.05149e-39  1.22297e-33 -5.17809e-39  -1.1015e-33  1.85497e-38  3.54492e-34 -3.37144e-38  8.80284e-35   4.6936e-38 -1.20725e-34 -5.44527e-38  2.30246e-35  5.41471e-38  2.14819e-35  -4.6555e-38 -1.36821e-35  3.45555e-38  1.76329e-36 -2.19171e-38   4.7898e-37  1.16184e-38  2.43074e-37  -4.9106e-39 -2.43424e-37  1.45563e-39  8.24113e-39 -1.32015e-40   4.1319e-38 -1.63716e-40 -2.08608e-38  1.27558e-40  8.17778e-39 -5.54801e-41 -3.07982e-39  1.67686e-41   8.8677e-40 -3.58645e-42 -1.84469e-40  5.09262e-43  2.93569e-41 -3.79015e-44 -3.43153e-42 -5.76011e-46   2.5084e-43  3.53723e-46 -9.17982e-45 -2.08714e-47  8.73747e-47
-6.58301e-35  2.13106e-50  1.89744e-34  6.98614e-50  -1.2937e-34  7.24324e-49 -3.30199e-35   3.0743e-48  6.95199e-35  -8.7729e-48 -7.88733e-36  3.18281e-46 -1.98274e-35 -1.47856e-45  1.01899e-35  5.25823e-45 -7.85084e-37  4.08924e-45 -4.36846e-36  2.71234e-44  2.26868e-36  1.10982e-43 -7.89107e-37 -1.28989e-44 -7.60597e-37  1.20262e-42  9.98514e-37 -6.58131e-43  5.88781e-37 -2.64161e-43 -3.33975e-37  1.44637e-42 -6.06611e-39 -5.59771e-42 -1.24036e-37  4.55001e-42  -4.5378e-38 -1.25555e-41  7.07708e-37   8.4962e-42 -3.38625e-36  -8.7974e-42  1.42637e-35 -1.24352e-41 -5.42855e-35  1.43962e-42   1.8903e-34  -2.2826e-41 -6.02383e-34  4.30204e-42  1.75475e-33 -2.49368e-41 -4.66517e-33  6.39833e-41  1.12953e-32 -2.11058e-40 -2.48363e-32  5.78619e-40  4.94149e-32 -1.48186e-39 -8.85513e-32  3.51726e-39  1.42069e-31 -7.73145e-39 -2.02464e-31  1.56834e-38  2.53581e-31 -2.92632e-38 -2.74933e-31  4.99659e-38  2.52127e-31 -7.75105e-38 -1.87911e-31  1.08019e-37  1.04542e-31 -1.32682e-37 -3.25148e-32  1.38355e-37 -7.70194e-33 -1.11321e-37  1.63376e-32   4.3893e-38 -8.80579e-33  5.88714e-38  7.58344e-34 -1.76745e-37  1.79555e-33  2.79498e-37 -9.13412e-34 -3.38734e-37  -8.7422e-35  3.40499e-37  2.37026e-34 -2.91212e-37 -6.77653e-35  2.13189e-37 -8.72538e-36 -1.32878e-37  2.79247e-36  6.93308e-38  4.24482e-36 -2.91907e-38 -1.82963e-36  9.05991e-39 -1.87186e-38 -1.41833e-39  1.43652e-37 -4.34077e-40 -4.68251e-38  4.41393e-40   2.1967e-38 -1.92614e-40 -9.31175e-39  5.55155e-41  2.40512e-39 -1.10224e-41 -4.43432e-40   1.4181e-42  6.57158e-41 -9.27897e-44 -6.71684e-42 -1.17074e-45  3.85206e-43  5.51868e-46 -9.74027e-45 -1.82296e-47
-3.64232e-50 -1.05653e-34  6.98614e-50  2.50609e-34  2.97644e-49 -1.50861e-34  8.82756e-48 -6.89679e-35   4.7566e-47  8.31812e-35  -2.1852e-46 -2.06984e-37  2.79296e-45 -1.70877e-35 -1.15235e-44  1.11627e-35  3.60976e-44 -4.21458e-37  1.61017e-44 -5.17285e-36  1.47576e-43  1.16402e-36  5.91175e-43 -1.99165e-36 -4.11018e-43 -1.68214e-37    5.795e-42  1.49736e-36   -3.152e-42  1.00736e-36  -2.4931e-42 -4.26717e-37  5.72273e-42 -1.20094e-37 -2.35971e-41  3.39105e-37  1.45395e-41  -3.0546e-36 -5.19794e-41  1.58895e-35  2.96112e-41 -6.96417e-35 -3.22599e-41  2.77287e-34 -4.34249e-41  -1.0095e-33  5.73758e-42  3.36422e-33 -8.53939e-41 -1.02549e-32  7.38788e-41  2.85539e-32 -2.80347e-40 -7.24901e-32  8.33999e-40  1.67378e-31 -2.46227e-39 -3.50374e-31  6.59965e-39  6.62206e-31 -1.64493e-38 -1.12406e-30  3.80552e-38  1.70191e-30 -8.15967e-38  -2.2775e-30  1.61756e-37  2.65979e-30 -2.95607e-37  -2.6608e-30  4.95993e-37  2.21247e-30  -7.5987e-37 -1.44449e-30   1.0544e-36  6.39927e-31 -1.30876e-36 -7.28183e-32  1.42226e-36 -1.53578e-31 -1.29581e-36  1.33733e-31  8.80343e-37  -4.0891e-32 -2.19606e-37 -1.27024e-32 -5.42601e-37  1.57328e-32  1.20713e-36 -3.22427e-33 -1.60098e-36 -2.35664e-33  1.65209e-36   1.4319e-33 -1.41298e-36  -5.3412e-35  1.02099e-36 -1.27681e-34 -6.23942e-37 -1.46639e-35  3.18636e-37  3.24338e-35 -1.32035e-37 -6.41202e-36  4.14185e-38  -8.5066e-37 -7.77421e-39  2.10384e-37 -6.16771e-40 -1.61293e-38  1.17401e-39  5.23908e-38 -5.18663e-40 -2.27023e-38  1.41937e-40  4.71149e-39 -2.59263e-41 -8.08161e-40  2.97587e-42   1.1486e-40  -1.6535e-43 -9.58098e-42 -2.16507e-45  4.07442e-43  5.91183e-46 -6.18433e-45
 2.63887e-35  -5.6535e-50  -1.2937e-34  2.97644e-49   3.1703e-34  2.81166e-48 -1.73507e-34  7.00709e-47 -8.51181e-35  4.94696e-46  6.74315e-35 -2.30174e-45  7.89557e-36   1.9784e-44 -9.04681e-36 -7.31026e-44  1.34591e-35  2.03483e-43  1.18767e-36   3.0557e-44 -5.49908e-36   6.7314e-43 -9.55078e-37  2.59918e-42 -3.39516e-36 -3.20216e-42  8.33942e-37   2.3416e-41   2.1514e-36 -1.30394e-41  1.31278e-36   -1.443e-41  2.23108e-38  1.90376e-41 -2.37509e-36 -8.30386e-41  1.22109e-35  3.92615e-41  -6.2578e-35 -1.79308e-40  2.87057e-34  9.10129e-41 -1.19426e-33 -9.40276e-41  4.54531e-33 -1.38538e-40 -1.58381e-32  6.09449e-41  5.05032e-32 -4.11104e-40 -1.47212e-31  8.50316e-40   3.9164e-31 -2.83856e-39 -9.48878e-31  8.47012e-39  2.08778e-30 -2.38472e-38 -4.15654e-30  6.21444e-38  7.45286e-30 -1.50597e-37  -1.1963e-29  3.39006e-37  1.70544e-29  -7.0781e-37 -2.13619e-29  1.36788e-36  2.31526e-29 -2.44041e-36 -2.12082e-29  4.00557e-36  1.57634e-29  -6.0208e-36 -8.70907e-30  8.23501e-36  2.63433e-30 -1.01546e-35  7.28666e-31   1.1125e-35 -1.41263e-30  -1.0552e-35  7.40977e-31  8.19841e-36 -4.79106e-32  -4.4026e-36 -1.64042e-31  5.53391e-38  8.18926e-32  3.71555e-36  6.24121e-33 -6.01493e-36 -1.90063e-32  6.54312e-36  4.47362e-33  -5.6435e-36  1.57115e-33  4.03301e-36  -5.5799e-34  -2.4134e-36 -2.79567e-34  1.20143e-36  1.42243e-34 -4.85914e-37 -3.25323e-36  1.50942e-37 -4.20588e-36 -3.04348e-38 -1.07301e-36  4.31499e-40  2.00556e-37  2.54019e-39   1.4481e-37 -1.14895e-39 -4.23305e-38     2.97e-40  6.55095e-39 -4.94214e-41 -1.26629e-39  4.97901e-42  1.63205e-40 -2.26957e-43 -9.91215e-42 -3.14147e-45  3.07623e-43  3.93392e-46
 2.85795e-50  6.77292e-36  7.24324e-49 -1.50861e-34  2.81166e-48  3.82617e-34  2.81361e-47 -1.87274e-34  4.75561e-46  -8.1491e-35  3.92262e-45  3.61728e-35 -1.71934e-44  8.28677e-36  1.17595e-43  1.32363e-36 -3.91587e-43  1.69705e-35  9.73784e-43  5.21183e-36 -1.19985e-43 -6.41815e-36  2.66448e-42 -3.34616e-36     9.73e-42 -4.43634e-36 -1.71407e-41  2.01928e-36  8.19299e-41  3.24726e-36 -4.74873e-41  2.44662e-37 -6.43322e-41  7.38958e-36   5.5187e-41 -4.19508e-35 -2.52258e-40  2.16524e-34  9.22167e-41 -1.03013e-33 -5.32579e-40  4.47955e-33  2.48159e-40 -1.78202e-32 -2.08225e-40  6.49158e-32 -4.77076e-40 -2.16485e-31  6.33123e-40  6.60359e-31 -2.73036e-39 -1.84005e-30  7.91088e-39  4.67484e-30 -2.49743e-38 -1.08022e-29  7.27367e-38  2.26289e-29 -1.97923e-37 -4.27989e-29  5.00855e-37   7.2696e-29  -1.1792e-36 -1.10127e-28  2.58025e-36  1.47424e-28 -5.23962e-36 -1.72179e-28  9.85531e-36  1.72157e-28 -1.71286e-35 -1.42926e-28  2.74225e-35  9.29423e-29 -4.02782e-35 -4.06773e-29  5.39842e-35  4.00422e-30 -6.55286e-35   1.0396e-29  7.12406e-35 -8.79289e-30 -6.81261e-35  2.57725e-30  5.54074e-35  9.30725e-31 -3.54018e-35 -1.07489e-30  1.30145e-35  2.18699e-31  6.13782e-36  1.52896e-31 -1.80429e-35 -8.78515e-32   2.1744e-35 -2.79407e-33 -1.91603e-35  1.16366e-32  1.35872e-35 -9.99071e-35 -7.95712e-36 -1.80803e-33  3.84939e-36  3.09453e-34 -1.51018e-36  7.21773e-35  4.58372e-37 -1.43312e-36 -9.43971e-38 -8.22038e-36  5.66348e-39  1.84348e-37   4.5992e-39  3.87755e-37 -2.15987e-39 -4.41958e-38  5.24035e-40  6.83982e-39 -7.85417e-41 -1.91579e-39  6.81554e-42  1.76381e-40  -2.4505e-43 -7.22513e-42 -3.19873e-45    1.629e-43
-3.05836e-36  1.40102e-49 -3.30199e-35  8.82756e-48 -1.73507e-34  2.81361e-47  4.23226e-34  2.31631e-46  -1.8227e-34  2.91937e-45 -6.97093e-35  2.53881e-44  5.95763e-36 -1.02204e-43 -2.84223e-37  6.01228e-43  1.14047e-35 -1.81307e-42  2.04551e-35  4.04246e-42  1.25891e-35 -1.55602e-42 -9.01209e-36  9.37044e-42 -5.41168e-36  3.16033e-41 -4.39797e-36 -7.32793e-41  2.69217e-36  2.53287e-40  7.68399e-36 -1.53797e-40 -1.96406e-35  -2.3872e-40  1.22871e-34  1.42717e-40 -6.62909e-34 -6.75664e-40   3.2878e-33  1.88837e-40 -1.49315e-32  -1.3843e-39  6.20866e-32  5.69908e-40 -2.36423e-31 -1.76089e-40  8.24405e-31 -2.17868e-39 -2.63078e-30  5.53349e-39   7.6745e-30 -2.02591e-38 -2.04335e-29  6.34479e-38  4.95478e-29 -1.92945e-37 -1.09109e-28  5.45689e-37  2.17401e-28 -1.43938e-36 -3.90115e-28  3.53567e-36  6.26641e-28 -8.08342e-36 -8.93863e-28   1.7182e-35  1.12005e-27 -3.39058e-35 -1.21391e-27  6.20011e-35  1.11114e-27 -1.04821e-34 -8.24024e-28  1.63366e-34  4.52399e-28 -2.33846e-34 -1.33135e-28  3.05965e-34 -4.23093e-29  -3.6356e-34  7.61465e-29  3.88749e-34  -3.9029e-29 -3.68897e-34  1.83914e-30  3.03385e-34  9.15716e-30 -2.06119e-34 -4.45561e-30  1.01256e-34 -3.54693e-31 -1.36079e-35  1.00932e-30 -4.12008e-35 -2.06291e-31  6.13764e-35 -1.08907e-31 -5.63917e-35  3.94026e-32  3.98771e-35  1.22223e-32 -2.28538e-35 -6.45954e-33  1.07163e-35 -3.14603e-34 -4.05781e-36  3.13376e-34  1.19189e-36  7.38992e-35 -2.43669e-37 -2.43578e-35  2.03773e-38 -2.57536e-36  7.06451e-39  6.25965e-37 -3.50806e-39  2.44773e-38  7.92501e-40  1.02023e-38 -1.05523e-40 -2.60959e-39  7.70225e-42  1.18334e-40 -2.07334e-43  -4.1029e-42 -1.97306e-45
 2.86007e-49  3.16658e-35   3.0743e-48 -6.89679e-35  7.00709e-47 -1.87274e-34  2.31631e-46  4.23861e-34  1.59741e-45 -1.58122e-34  1.64303e-44 -6.09969e-35  1.39483e-43 -1.54027e-35 -5.07654e-43 -1.40249e-35   2.6905e-42  2.08578e-35 -7.37294e-42  2.27034e-35  1.47803e-41  2.39514e-35 -9.52715e-42 -1.35595e-35  2.98248e-41 -6.96767e-36  9.01401e-41  -1.8905e-36 -2.65256e-40 -3.85446e-36  7.01571e-40  5.82953e-35 -4.45926e-40 -3.20825e-34 -7.66075e-40  1.82211e-33  3.34869e-40  -9.4483e-33  -1.6176e-39  4.48535e-32  3.17381e-40 -1.94938e-31 -3.13193e-39   7.7593e-31  8.03997e-40 -2.82868e-30   1.9484e-39  9.44077e-30 -1.30269e-38 -2.88219e-29  4.21865e-38  8.03802e-29 -1.44383e-37 -2.04396e-28  4.50902e-37  4.72729e-28 -1.32727e-36 -9.91205e-28  3.64181e-36   1.8764e-27 -9.31821e-36 -3.18992e-27  2.22146e-35  4.83617e-27 -4.93043e-35 -6.47819e-27  1.01761e-34  7.56872e-27 -1.95026e-34  -7.5668e-27  3.46443e-34  6.27505e-27 -5.69143e-34 -4.06671e-27  8.62286e-34  1.75982e-27 -1.20062e-33 -1.46841e-28  1.52954e-33 -4.77152e-28 -1.77251e-33  3.93599e-28  1.85374e-33 -1.11178e-28 -1.72955e-33 -4.51337e-29  1.41347e-33  4.93596e-29 -9.78492e-34 -9.68189e-30  5.31121e-34 -7.07027e-30 -1.68776e-34  3.87601e-30 -5.62103e-35  2.74967e-31  1.47061e-34  -6.0039e-31 -1.45698e-34  2.44113e-32  1.03446e-34   7.5252e-32 -5.80385e-35 -9.97997e-33   2.6318e-35 -4.78577e-33 -9.57707e-36  2.78943e-34  2.70181e-36  3.88379e-34 -5.38349e-37 -2.08836e-35  5.13307e-38 -1.14498e-35  9.23336e-39  -2.1935e-37 -4.97347e-39  1.44501e-37  1.03566e-39  2.67329e-38 -1.20385e-40 -2.30346e-39  7.15317e-42  2.55851e-41 -1.32401e-43 -2.35383e-42
 1.48066e-36  1.27821e-48  6.95199e-35   4.7566e-47 -8.51181e-35  4.75561e-46  -1.8227e-34  1.59741e-45  3.92333e-34  9.53615e-45 -1.23825e-34  8.49197e-44 -5.80387e-35  6.66938e-43 -2.92925e-35 -2.16128e-42 -2.90178e-35  1.06771e-41  3.19232e-35 -2.66368e-41  2.28032e-35  4.81453e-41  3.98494e-35 -4.38858e-41 -1.89623e-35   8.7325e-41 -9.56477e-36  2.27504e-40  1.68238e-35 -8.38373e-40 -1.13913e-34  1.75912e-39  7.74738e-34  -1.1631e-39 -4.55066e-33 -2.17436e-39  2.47047e-32  7.20956e-40 -1.22644e-31 -3.48116e-39  5.57236e-31   2.6783e-40 -2.31847e-30 -5.73313e-39   8.8355e-30 -2.17591e-39 -3.08351e-29  2.00108e-38  9.84855e-29  -8.4356e-38 -2.87566e-28  2.87557e-37  7.66382e-28 -9.44852e-37 -1.86017e-27  2.88119e-36  4.10039e-27 -8.22092e-36 -8.17836e-27  2.18825e-35  1.46903e-26 -5.43242e-35 -2.36196e-26  1.25687e-34  3.37206e-26 -2.70769e-34 -4.22818e-26  5.42504e-34  4.58407e-26 -1.00939e-33 -4.19469e-26   1.7409e-33  3.10549e-26 -2.77699e-33 -1.69554e-26  4.08577e-33  4.85951e-27   -5.526e-33  1.74695e-27  6.84154e-33 -2.95775e-27 -7.71187e-33  1.48607e-27  7.85811e-33 -4.72387e-29 -7.16595e-33  -3.6548e-28  5.76027e-33  1.73262e-28 -3.97783e-33  1.57846e-29  2.23895e-33 -3.97528e-29 -8.82824e-34  7.41337e-30  5.59812e-35  4.76714e-30  2.93523e-34 -1.69604e-30 -3.33108e-34 -4.51274e-31  2.39699e-34   2.3422e-31 -1.31737e-34  2.48203e-32  5.76394e-35 -1.56659e-32 -2.00765e-35  -2.5958e-33  5.40529e-36  9.34317e-34 -1.03599e-36  1.04709e-34  1.03695e-37 -1.76653e-35  1.01745e-38 -3.70941e-36 -6.18497e-39  4.68186e-38   1.1721e-39  4.94188e-38 -1.16181e-40 -1.22769e-40  5.34449e-42 -2.39381e-42 -5.61778e-44
 1.45338e-48  -6.5654e-36  -8.7729e-48  8.31812e-35  4.94696e-46  -8.1491e-35  2.91937e-45 -1.58122e-34  9.53615e-45  3.51214e-34  5.04031e-44 -9.21277e-35  4.02937e-43 -5.54957e-35  2.82353e-42 -4.07532e-35 -7.99488e-42 -4.42685e-35  3.79666e-41  4.81459e-35 -8.62114e-41  1.98829e-35  1.41022e-40  6.03851e-35 -1.68541e-40 -2.01423e-35  2.38834e-40 -3.92884e-35  5.10436e-40  2.49568e-34 -2.35817e-39 -1.66964e-33  4.02582e-39  1.04319e-32 -2.73821e-39 -5.92313e-32 -5.53635e-39  3.07617e-31  1.41982e-39 -1.46143e-30 -6.64087e-39  6.35632e-30 -1.36173e-39 -2.53213e-29 -4.69943e-39  9.23903e-29 -3.04759e-38 -3.08639e-28  1.40696e-37  9.43162e-28  -5.2573e-37 -2.63301e-27  1.77516e-36  6.70243e-27 -5.64035e-36 -1.55182e-26  1.67088e-35  3.25743e-26   -4.624e-35 -6.17336e-26  1.19422e-34  1.05064e-25 -2.87701e-34 -1.59452e-25  6.46044e-34  2.13789e-25  -1.3509e-33 -2.49954e-25  2.62718e-33  2.49959e-25 -4.74451e-33 -2.07163e-25  7.94185e-33  1.33892e-25 -1.22942e-32 -5.73501e-26  1.75526e-32  3.96255e-27 -2.30358e-32  1.64241e-26  2.76766e-32  -1.3263e-26 -3.02857e-32  3.62457e-27  2.99831e-32  1.62319e-27  -2.6613e-32 -1.69859e-27  2.09012e-32  3.18604e-28 -1.42207e-32  2.49924e-28  8.05634e-33 -1.32022e-28 -3.44907e-33 -1.23525e-29  7.15217e-34  2.19134e-29  4.58368e-34 -9.96319e-31 -6.76937e-34 -2.56601e-30  5.00041e-34  2.79896e-31 -2.69413e-34  1.96476e-31  1.13468e-34 -1.44622e-32 -3.76804e-35 -1.31501e-32  9.62619e-36  5.17136e-34 -1.75653e-36  4.31608e-34  1.76546e-37  1.76201e-35  9.16651e-39 -7.81827e-36 -6.75218e-39 -5.93896e-37  1.14532e-39   3.7192e-38 -9.36106e-41  2.07408e-39  3.05101e-42  2.71861e-41
 -9.5659e-36  2.72519e-47 -7.88733e-36  -2.1852e-46  6.74315e-35  3.92262e-45 -6.97093e-35  1.64303e-44 -1.23825e-34  5.04031e-44  3.22834e-34  2.39406e-43 -7.44883e-35  1.75681e-42 -4.53183e-35  1.07184e-41 -5.33711e-35 -2.58317e-41 -6.15768e-35  1.22008e-40  7.23638e-35 -2.51479e-40  1.35417e-35   3.7451e-40   7.9856e-35 -5.63466e-40  3.29536e-35  6.18933e-40  -4.7211e-34  1.02076e-39  3.37751e-33 -5.98091e-39 -2.20022e-32  8.46918e-39  1.31023e-31 -5.82967e-39 -7.12035e-31  -1.2748e-38  3.53785e-30  2.40218e-39 -1.60873e-29  -1.0212e-38   6.6991e-29 -1.28512e-38  -2.5553e-28  3.23493e-38  8.92633e-28 -2.16326e-37 -2.85391e-27  8.56251e-37  8.34192e-27 -3.03834e-36 -2.22565e-26  9.99927e-36  5.40838e-26 -3.07907e-35  -1.1936e-25  8.85244e-35  2.38357e-25  -2.3771e-34 -4.28673e-25  5.95842e-34  6.90067e-25 -1.39336e-33 -9.86306e-25  3.03732e-33  1.23795e-24 -6.16535e-33 -1.34312e-24  1.16385e-32  1.22922e-24 -2.03991e-32 -9.09044e-25  3.31335e-32  4.94019e-25 -4.97584e-32 -1.38113e-25  6.88983e-32 -5.53603e-26 -8.76704e-32  8.91689e-26  1.02105e-31 -4.40449e-26 -1.08297e-31  7.95924e-28  1.03944e-31   1.1286e-26 -8.95217e-32 -5.22651e-27   6.8366e-32  -5.4621e-28 -4.54583e-32  1.22922e-27  2.54876e-32 -2.15163e-28 -1.12333e-32 -1.55272e-28  3.05979e-33  5.38406e-29  4.30966e-34  1.41278e-29 -1.22439e-33  -7.0865e-30   9.4493e-34 -9.68271e-31 -4.99446e-34  5.38639e-31  2.01939e-34   7.8048e-32 -6.36746e-35 -2.80944e-32  1.53511e-35 -3.92523e-33 -2.64385e-36  5.91857e-34  2.59452e-37   1.3114e-34  6.17112e-39 -3.13243e-36 -6.45385e-39 -1.34252e-36  9.58091e-40 -2.98059e-38 -6.12807e-41  1.43999e-39  1.15708e-42
-9.24627e-48 -1.65199e-35  3.18281e-46 -2.06984e-37 -2.30174e-45  3.61728e-35  2.53881e-44 -6.09969e-35  8.49197e-44 -9.21277e-35  2.39406e-43  3.21861e-34  1.03259e-42 -7.98004e-35  7.05716e-42  -2.1213e-35  3.68436e-41 -6.73954e-35 -7.26346e-41 -8.34392e-35  3.56959e-40  1.04383e-34 -6.63797e-40  1.19608e-35  9.09268e-40   1.6403e-35  -1.6793e-39   8.0629e-34  1.53808e-39 -6.27348e-33  1.82405e-39  4.30616e-32 -1.38118e-38  -2.6859e-31  1.64932e-38  1.52826e-30 -1.12407e-38 -7.94372e-30 -2.65351e-38  3.77707e-29  2.16917e-39 -1.64425e-28 -5.00694e-39  6.55625e-28 -8.01482e-38 -2.39458e-27  2.90042e-37  8.00775e-27 -1.27104e-36 -2.44979e-26  4.71848e-36  6.84702e-26 -1.61597e-35 -1.74507e-25  5.16447e-35  4.04551e-25 -1.54271e-34 -8.50306e-25  4.30525e-34  1.61363e-24  -1.1223e-33 -2.74992e-24  2.73146e-33  4.17899e-24 -6.20256e-33 -5.61007e-24  1.31294e-32  6.56611e-24 -2.58779e-32 -6.57092e-24  4.74257e-32  5.44557e-24 -8.06814e-32 -3.51264e-24  1.27156e-31  1.49118e-24 -1.85213e-31 -8.29983e-26  2.48629e-31 -4.48962e-25 -3.06564e-31  3.56204e-25  3.45795e-31 -9.45408e-26 -3.55059e-31 -4.60639e-26  3.29817e-31  4.65234e-26 -2.74941e-31 -8.35256e-27  2.03426e-31 -7.05969e-27 -1.31424e-31  3.62327e-27  7.21424e-32  3.93554e-28 -3.18431e-32 -6.24937e-28  9.64132e-33  2.64884e-29  -3.4546e-34   7.2463e-29 -1.96687e-33 -7.00701e-30  1.62551e-33 -5.95651e-30 -8.43191e-34  4.49563e-31  3.26258e-34  3.73597e-31 -9.72572e-35 -1.03317e-32  2.20082e-35 -1.33944e-32 -3.54968e-36 -5.32167e-34  3.33313e-37  2.35764e-34  2.02158e-39  1.72834e-35  -5.3706e-39 -8.85864e-37   6.7552e-40 -8.12044e-38  -3.0832e-41 -4.59562e-40
  5.3587e-36 -1.44617e-46 -1.98274e-35  2.79296e-45  7.89557e-36 -1.71934e-44  5.95763e-36  1.39483e-43 -5.80387e-35  4.02937e-43 -7.44883e-35  1.03259e-42  3.57835e-34  4.07656e-42 -1.15283e-34  2.62208e-41  1.98286e-35  1.15609e-40 -8.04867e-35 -1.74509e-40 -1.09769e-34  9.57182e-40  1.29177e-34 -1.58865e-39  1.40792e-34  2.03789e-39 -1.22214e-33 -4.52987e-39  1.08561e-32  3.69443e-39 -7.82953e-32  2.93388e-39   5.1237e-31 -2.92702e-38 -3.05331e-30   2.9982e-38  1.66087e-29 -1.97617e-38 -8.25941e-29  -4.8874e-38  3.75914e-28 -9.96999e-39  -1.5669e-27  6.30316e-38  5.98292e-27 -4.40711e-37 -2.09227e-26  1.70713e-36  6.69709e-26 -6.68121e-36 -1.95993e-25  2.38236e-35  5.23586e-25 -7.90792e-35 -1.27403e-24  2.45338e-34  2.81562e-24 -7.11497e-34  -5.6308e-24  1.92842e-33  1.01416e-23 -4.88326e-33 -1.63499e-23  1.15467e-32  2.34026e-23 -2.54751e-32 -2.94133e-23  5.23906e-32  3.19482e-23 -1.00308e-31 -2.92582e-23  1.78533e-31  2.16278e-23 -2.94867e-31  -1.1711e-23  4.50969e-31  3.20066e-24 -6.37095e-31  1.41107e-24  8.28962e-31 -2.18327e-24  -9.9002e-31  1.06336e-24  1.08081e-30 -6.28885e-27 -1.07326e-30 -2.82623e-25   9.6347e-31   1.2836e-25 -7.75811e-31  1.50602e-26  5.54497e-31 -3.10171e-26 -3.46506e-31  5.18022e-27  1.84795e-31  4.04963e-27 -8.03337e-32 -1.37096e-27  2.53055e-32 -3.70291e-28 -2.96716e-33  1.80066e-28 -2.78718e-33  2.74728e-29  2.55604e-33 -1.44127e-29 -1.30086e-33  -2.0551e-30  4.79849e-34  7.21319e-31 -1.34593e-34   1.1286e-31  2.84306e-35 -1.63054e-32 -4.26271e-36 -3.56428e-33  3.76706e-37  7.57994e-35 -1.87505e-39  3.65293e-35  -3.8603e-39  9.96801e-37  3.90774e-40 -4.59608e-38 -1.03435e-41
 4.48015e-47  8.81511e-36 -1.47856e-45 -1.70877e-35   1.9784e-44  8.28677e-36 -1.02204e-43 -1.54027e-35  6.66938e-43 -5.54957e-35  1.75681e-42 -7.98004e-35  4.07656e-42  4.40141e-34  1.48294e-41 -1.86184e-34  9.05137e-41  7.77476e-35  3.33473e-40 -9.05178e-35 -3.39131e-40   -1.212e-34  2.36744e-39 -3.87504e-35  -3.4456e-39  2.06555e-33  4.26973e-39 -1.73883e-32 -1.11773e-38  1.32877e-31  8.60053e-39 -9.12157e-31  4.35773e-39  5.69654e-30 -5.73256e-38 -3.24399e-29  5.15363e-38  1.68769e-28 -3.28276e-38 -8.03208e-28 -7.21123e-38  3.50003e-27 -9.29137e-38 -1.39708e-26  4.65492e-37  5.10836e-26 -2.22361e-36 -1.71034e-25  8.62286e-36    5.239e-25 -3.20433e-35 -1.46622e-24  1.10567e-34  3.74212e-24 -3.56285e-34 -8.68793e-24  1.07372e-33  1.82886e-23 -3.02579e-33 -3.47612e-23  7.97162e-33  5.93351e-23 -1.96257e-32 -9.03165e-23  4.51221e-32  1.21437e-22 -9.67977e-32  -1.4234e-22  1.93542e-31  1.42612e-22 -3.60195e-31 -1.18251e-22  6.22951e-31  7.61912e-23 -9.99311e-31 -3.21052e-23  1.48358e-30  1.39348e-24 -2.03309e-30  1.01133e-23  2.56403e-30  -7.9115e-24 -2.96526e-30  2.04805e-24  3.13152e-30  1.07232e-24 -3.00481e-30  -1.0535e-24  2.60362e-30  1.82007e-25 -2.02154e-30  1.64634e-25  1.39222e-30 -8.26996e-26 -8.38411e-31 -9.90052e-27  4.31837e-31  1.46574e-26 -1.82785e-31 -5.55096e-28  5.78683e-32 -1.71546e-27 -9.13975e-33  1.54158e-28  -3.4337e-33  1.45683e-28  3.68717e-33 -1.07177e-29 -1.83846e-33 -9.03352e-30  6.43471e-34  1.94119e-31 -1.68941e-34  3.36807e-31  3.31241e-35  1.34468e-32 -4.58286e-36 -5.80194e-33  3.75239e-37 -4.50359e-34 -4.21795e-39  2.15076e-35 -2.37501e-39  2.14574e-36  1.76203e-40  1.10368e-38
-2.80974e-37  5.92649e-46  1.01899e-35 -1.15235e-44 -9.04681e-36  1.17595e-43 -2.84223e-37 -5.07654e-43 -2.92925e-35  2.82353e-42 -4.53183e-35  7.05716e-42 -1.15283e-34  1.48294e-41  5.78201e-34  5.00042e-41 -2.93201e-34  2.91599e-40  1.51097e-34  8.89895e-40 -1.16245e-34 -4.33012e-40  1.31168e-34  5.43565e-39 -2.77656e-33 -6.74427e-39  2.64433e-32  8.50541e-39 -2.10662e-31 -2.54239e-38  1.51969e-30   1.9362e-38 -9.95059e-30  6.43719e-39    5.935e-29 -1.04564e-37 -3.23128e-28  8.59545e-38  1.60843e-27 -5.88363e-38 -7.32794e-27 -3.89855e-38  3.05779e-26 -5.27816e-37 -1.16891e-25  2.42559e-36  4.09279e-25 -1.03206e-35 -1.31176e-24  3.92606e-35  3.84422e-24 -1.40821e-34 -1.02846e-23  4.71627e-34  2.50636e-23 -1.47718e-33 -5.54799e-23  4.32916e-33  1.11137e-22 -1.18689e-32 -2.00514e-22  3.04305e-32  3.23833e-22 -7.29227e-32 -4.64346e-22  1.63207e-31  5.84616e-22 -3.40804e-31 -6.35998e-22   6.6318e-31  5.83147e-22 -1.20082e-30 -4.31187e-22   2.0197e-30  2.32896e-22 -3.14901e-30 -6.24009e-23  4.54055e-30 -2.98592e-23 -6.03809e-30  4.47635e-23  7.38188e-30 -2.15646e-23 -8.26616e-30  -9.7594e-26  8.44164e-30  5.92112e-24  -7.8217e-30 -2.64961e-24  6.53465e-30 -3.40385e-25 -4.88459e-30  6.57057e-25  3.23418e-30 -1.06017e-25 -1.87087e-30  -8.7978e-26  9.26081e-31  2.92559e-26 -3.78377e-31  8.17956e-27  1.17845e-31 -3.89121e-27 -2.09217e-32 -6.29581e-28 -3.56628e-33  3.19887e-28  4.89549e-33  4.64679e-29 -2.38358e-33  -1.5949e-29  7.87027e-34 -2.63479e-30 -1.92297e-34  3.71187e-31  3.47921e-35  8.20212e-32  -4.4078e-36 -1.53577e-33  3.28633e-37 -8.57351e-34 -4.48334e-39 -2.43871e-35 -1.23889e-39  1.08706e-36  5.43112e-41
  7.2612e-47 -6.85115e-37  5.25823e-45  1.11627e-35 -7.31026e-44  1.32363e-36  6.01228e-43 -1.40249e-35 -2.16128e-42 -4.07532e-35  1.07184e-41  -2.1213e-35  2.62208e-41 -1.86184e-34  5.00042e-41  7.76221e-34  1.57161e-40 -4.31011e-34  8.80347e-40   2.6003e-34  2.21037e-39 -4.62692e-34  1.94149e-40  3.81658e-33  1.16641e-38 -3.71487e-32 -1.17859e-38  3.13401e-31  1.64556e-38 -2.37384e-30 -5.36146e-38  1.63095e-29  4.19194e-38 -1.01937e-28  1.08963e-38  5.81027e-28 -1.79685e-37 -3.02573e-27   1.4707e-37  1.44151e-26 -1.44762e-37 -6.28844e-26  3.17033e-37  2.51307e-25 -2.50081e-36 -9.20055e-25  1.08833e-35  3.08458e-24 -4.38252e-35 -9.46196e-24  1.62575e-34  2.65208e-23 -5.65983e-34 -6.77948e-23  1.84365e-33   1.5766e-22 -5.62167e-33 -3.32468e-22   1.6048e-32  6.33081e-22 -4.28754e-32 -1.08268e-21  1.07159e-31  1.65119e-21  -2.5037e-31 -2.22445e-21  5.46352e-31  2.61225e-21 -1.11226e-30 -2.62165e-21  2.10953e-30  2.17637e-21 -3.72135e-30 -1.40198e-21   6.0943e-30  5.87414e-22 -9.24482e-30 -1.91528e-23  1.29575e-29  -1.9263e-22 -1.67313e-29  1.49117e-22  1.98364e-29 -3.78386e-23 -2.15101e-29 -2.10283e-23  2.12379e-29  2.02467e-23 -1.89917e-29 -3.39316e-24  1.52838e-29 -3.24806e-24 -1.09827e-29   1.6083e-24  6.97671e-30  2.05804e-25 -3.86519e-30 -2.91489e-25  1.83071e-30  9.94756e-27 -7.16898e-31  3.46197e-26  2.16355e-31 -2.98015e-27 -3.99882e-32 -3.00137e-27 -2.89529e-33   2.1495e-28  6.00108e-33  1.87365e-28 -2.83601e-33 -3.45669e-30  8.77092e-34 -7.13218e-30 -1.98158e-34 -2.93155e-31  3.28839e-35  1.22863e-31 -3.78237e-36  9.91145e-33  2.51045e-37 -4.58892e-34 -3.15246e-39 -4.71447e-35 -5.38471e-40 -2.53148e-37
-1.08724e-36  6.88694e-46 -7.85084e-37  3.60976e-44  1.34591e-35 -3.91587e-43  1.14047e-35   2.6905e-42 -2.90178e-35 -7.99488e-42 -5.33711e-35  3.68436e-41  1.98286e-35  9.05137e-41 -2.93201e-34  1.57161e-40  1.02863e-33  4.62773e-40 -6.13174e-34  2.49955e-39  7.58659e-34  5.14063e-39  -5.0804e-33  3.64714e-39   4.9293e-32  2.35669e-38 -4.37039e-31 -1.79334e-38  3.48358e-30  3.16165e-38  -2.5128e-29 -1.05247e-37  1.64676e-28  8.66691e-38 -9.83101e-28  2.33784e-38  5.35773e-27 -2.97205e-37 -2.66972e-26  2.83587e-37  1.21769e-25 -4.96749e-37 -5.08731e-25  2.02337e-36  1.94725e-24 -1.03922e-35 -6.82745e-24  4.34204e-35  2.19143e-23 -1.68578e-34 -6.43215e-23  6.09427e-34  1.72365e-22 -2.06586e-33 -4.20787e-22  6.56088e-33  9.33145e-22  -1.9522e-32 -1.87286e-21  5.44167e-32  3.38582e-21 -1.42034e-31 -5.47949e-21  3.46916e-31  7.87377e-21 -7.92235e-31 -9.93425e-21  1.68969e-30  1.08295e-20 -3.36127e-30 -9.94727e-21  6.22679e-30  7.36297e-21 -1.07225e-29 -3.97201e-21  1.71274e-29    1.047e-21 -2.53168e-29  5.36581e-22   3.4535e-29 -7.85594e-22 -4.33409e-29  3.75594e-22  4.98636e-29  4.88575e-24 -5.23782e-29 -1.06111e-22  4.99983e-29  4.70219e-23 -4.31326e-29  6.45668e-24   3.3408e-29 -1.19371e-23 -2.30469e-29  1.88352e-24   1.4018e-29  1.63205e-24 -7.41672e-30 -5.37351e-25  3.34751e-30 -1.54455e-25 -1.24844e-30  7.26573e-26  3.60763e-31  1.21584e-26 -6.64916e-32 -6.08928e-27 -1.37445e-33 -9.02278e-28   6.8117e-33   3.0646e-28 -3.09348e-33   5.2061e-29  8.88117e-34 -7.25303e-30 -1.84192e-34  -1.6292e-30  2.78585e-35  2.84122e-32 -2.87903e-36  1.73023e-32  1.64409e-37  5.03319e-34  -1.3377e-39 -2.19578e-35 -1.78601e-40
 3.89118e-46 -2.79084e-36  4.08924e-45 -4.21458e-37  2.03483e-43  1.69705e-35 -1.81307e-42  2.08578e-35  1.06771e-41 -4.42685e-35 -2.58317e-41 -6.73954e-35  1.15609e-40  7.77476e-35  2.91599e-40 -4.31011e-34  4.62773e-40  1.34451e-33  1.28252e-39 -1.21969e-33  6.69358e-39  6.26828e-33  1.12598e-38 -6.15064e-32  1.54956e-38  5.73089e-31  4.52027e-38 -4.80812e-30 -2.22511e-38  3.64473e-29  6.12803e-38 -2.50608e-28 -1.92795e-37   1.5678e-27  1.69883e-37  -8.9452e-27  5.89395e-38  4.66326e-26 -4.91779e-37 -2.22422e-25  6.56714e-37  9.71489e-25 -1.83276e-36 -3.88751e-24  8.38128e-36  1.42525e-23  -3.7812e-35 -4.78547e-23  1.52885e-34  1.47029e-22 -5.76846e-34 -4.12803e-22  2.03655e-33  1.05714e-21 -6.74714e-33  -2.4631e-21  2.09698e-32   5.2045e-21 -6.11259e-32 -9.93117e-21  1.67049e-31  1.70213e-20 -4.27711e-31 -2.60182e-20  1.02509e-30   3.5133e-20 -2.29712e-30 -4.13539e-20  4.80657e-30  4.15949e-20 -9.37628e-30 -3.45946e-20   1.7021e-29  2.23027e-20 -2.86948e-29  -9.3101e-21  4.48212e-29  2.19337e-22 -6.46982e-29  3.16179e-21  8.60509e-29 -2.43084e-21 -1.05109e-28   6.0814e-22  1.17466e-28  3.54151e-22 -1.19599e-28 -3.36636e-22  1.10393e-28  5.52835e-23 -9.18485e-29  5.52282e-23  6.84169e-29 -2.71523e-23 -4.52515e-29 -3.62578e-24  2.63017e-29  5.01734e-24  -1.3252e-29 -1.60347e-25  5.67675e-30 -6.05268e-25 -2.00418e-30   5.1189e-26  5.48794e-31  5.33719e-26 -9.79525e-32 -3.78377e-27  6.58499e-34 -3.37475e-27  7.17678e-33  5.84964e-29 -3.08407e-33  1.30639e-28  8.12434e-34  5.48343e-30 -1.53355e-34 -2.27506e-30  2.09925e-35 -1.87291e-31 -1.92069e-36  8.58683e-33  8.89955e-38  8.98068e-34 -6.30604e-41  5.00507e-36
 9.01153e-37   3.9331e-45 -4.36846e-36  1.61017e-44  1.18767e-36  9.73784e-43  2.04551e-35 -7.37294e-42  3.19232e-35  3.79666e-41 -6.15768e-35 -7.26346e-41 -8.04867e-35  3.33473e-40  1.51097e-34  8.80347e-40 -6.13174e-34  1.28252e-39  2.10775e-33  3.35827e-39 -7.32365e-33  1.69433e-38  7.21649e-32  2.33594e-38 -7.06935e-31  4.85481e-38   6.2499e-30  8.30396e-38 -4.98293e-29 -1.74369e-38  3.59747e-28  1.20086e-37 -2.35979e-27 -3.29893e-37  1.41021e-26  3.13748e-37 -7.69375e-26  1.51468e-37  3.83823e-25 -8.48551e-37 -1.75286e-24  1.68079e-36  7.33297e-24 -5.97241e-36 -2.81084e-23  2.72774e-35  9.87046e-23 -1.16174e-34 -3.17333e-22  4.57674e-34  9.33035e-22 -1.68966e-33 -2.50491e-21  5.85852e-33   6.1271e-21 -1.90983e-32 -1.36157e-20  5.85096e-32  2.73872e-20 -1.68349e-31 -4.96254e-20  4.54538e-31  8.05052e-20 -1.15033e-30 -1.15971e-19  2.72518e-30  1.46693e-19 -6.03425e-30  -1.6032e-19   1.2467e-29  1.47614e-19 -2.39877e-29 -1.09473e-19  4.28934e-29  5.90643e-20 -7.11162e-29 -1.53814e-20  1.09049e-28 -8.32859e-21 -1.54217e-28  1.19974e-20  2.00515e-28 -5.71315e-21 -2.38868e-28 -1.10041e-22  2.59695e-28  1.65373e-21 -2.56523e-28 -7.29694e-22  2.29048e-28  -1.0466e-22 -1.83771e-28  1.89057e-22  1.31556e-28 -2.95544e-23 -8.33154e-29 -2.63048e-23  4.61824e-29  8.65248e-24 -2.20948e-29  2.52862e-24  8.94585e-30 -1.18974e-24 -2.97173e-30 -2.02313e-25  7.63437e-31  1.01449e-25 -1.28889e-31  1.51897e-26  2.51515e-33 -5.18073e-27  7.02681e-33 -8.91021e-28 -2.79176e-33  1.24709e-28  6.63897e-34  2.82797e-29 -1.12745e-34 -4.87524e-31  1.38403e-35 -3.05365e-31 -1.09352e-36 -8.99588e-33  3.65582e-38  3.91331e-34  3.01956e-40
 1.60191e-45  2.01192e-36  2.71234e-44 -5.17285e-36   3.0557e-44  5.21183e-36  4.04246e-42  2.27034e-35 -2.66368e-41  4.81459e-35  1.22008e-40 -8.34392e-35 -1.74509e-40 -9.05178e-35  8.89895e-40   2.6003e-34  2.49955e-39 -1.21969e-33  3.35827e-39   8.5444e-33  8.33296e-39 -7.96021e-32  4.06049e-38  8.21143e-31   4.6137e-38 -7.65728e-30  1.29078e-37  6.42768e-29   1.4742e-37 -4.87646e-28  1.07354e-38  3.35619e-27  2.35337e-37 -2.10178e-26  -5.2739e-37  1.20051e-25  5.45978e-37 -6.26585e-25  3.50766e-37   2.9924e-24 -1.46239e-36  -1.3088e-23  3.76702e-36  5.24492e-23 -1.44728e-35 -1.92591e-22  6.47439e-35  6.47728e-22 -2.67732e-34 -1.99361e-21  1.04035e-33  5.60793e-21  -3.8135e-33 -1.43902e-20  1.32004e-32  3.36003e-20 -4.31229e-32 -7.11576e-20  1.32736e-31  1.36107e-19 -3.84256e-31 -2.33865e-19  1.04411e-30   3.5842e-19 -2.65744e-30 -4.85308e-19   6.3222e-30  5.72843e-19 -1.40294e-29 -5.77793e-19  2.89764e-29  4.81805e-19 -5.55814e-29 -3.11195e-19  9.87869e-29  1.29714e-19 -1.62294e-28 -2.14907e-21  2.45812e-28 -4.53712e-20 -3.42266e-28  3.47749e-20  4.36735e-28 -8.63399e-21 -5.08902e-28 -5.19774e-21  5.39362e-28  4.91355e-21 -5.17583e-28  -8.0011e-22  4.47355e-28 -8.21014e-22 -3.46121e-28  4.03795e-22  2.37976e-28  5.50382e-23 -1.44118e-28 -7.58853e-23  7.60258e-29  2.40812e-24 -3.44322e-29  9.29351e-24  1.31194e-29 -7.91665e-25 -4.07447e-30 -8.32499e-25  9.71926e-31  5.98305e-26 -1.51799e-31   5.3453e-26   3.4124e-33 -9.52589e-28  6.38167e-33 -2.10571e-27 -2.26298e-33 -8.83988e-29  4.72857e-34   3.7293e-29 -7.07871e-35  3.09174e-30  7.66376e-36 -1.43322e-31  -4.9697e-37 -1.50797e-32  8.67724e-39 -8.52667e-35
 1.84534e-37  1.62282e-44  2.26868e-36  1.47576e-43 -5.49908e-36 -1.19985e-43  1.25891e-35  1.47803e-41  2.28032e-35 -8.62114e-41  7.23638e-35  3.56959e-40 -1.09769e-34 -3.39131e-40 -1.16245e-34  2.21037e-39  7.58659e-34  6.69358e-39 -7.32365e-33  8.33296e-39  8.31997e-32  1.96314e-38 -8.98321e-31  9.22329e-38    8.849e-30  8.71325e-38 -7.82912e-29  3.05735e-37   6.2474e-28  2.54972e-37 -4.51467e-27  8.57127e-38   2.9645e-26  4.53944e-37 -1.77355e-25 -7.90756e-37   9.6877e-25  9.20637e-37 -4.83919e-24  5.72804e-37  2.21304e-23 -1.62927e-36 -9.27182e-23  3.30242e-36  3.55967e-22 -1.03177e-35 -1.25212e-21  4.82343e-35  4.03284e-21 -2.10059e-34 -1.18805e-20  8.99966e-34  3.19611e-20 -3.72092e-33 -7.83494e-20  1.46289e-32  1.74515e-19 -5.39939e-32 -3.51893e-19  1.85536e-31  6.39293e-19 -5.90751e-31 -1.03996e-18  1.73855e-30  1.50243e-18 -4.72265e-30 -1.90616e-18  1.18314e-29  2.08967e-18 -2.73182e-29 -1.92998e-18  5.80918e-29  1.43533e-18 -1.13667e-28 -7.75693e-19   2.0441e-28  2.00555e-19 -3.37351e-28  1.13116e-19  5.10014e-28 -1.61485e-19 -7.04755e-28  7.68904e-20  8.87757e-28  1.76889e-21 -1.01619e-27 -2.27023e-20  1.05306e-27  1.00326e-20  -9.8359e-28  1.46931e-21  8.23727e-28 -2.64385e-21 -6.14689e-28  4.15296e-22  4.05668e-28  3.73179e-22 -2.34602e-28 -1.23824e-22  1.17518e-28 -3.63176e-23 -5.02199e-29  1.72987e-23  1.79224e-29  2.94166e-24 -5.16735e-30 -1.50026e-24  1.13143e-30  -2.2405e-25  -1.5954e-31  7.79708e-26  2.86201e-33  1.34012e-26   5.3275e-33 -1.91681e-27 -1.58991e-33 -4.33855e-28  2.74913e-34  7.82972e-30 -3.43277e-35  4.78088e-30  3.13159e-36  1.40869e-31 -1.44204e-37 -6.24582e-33 -6.47115e-40
   2.156e-45 -6.36983e-38  1.10982e-43  1.16402e-36   6.7314e-43 -6.41815e-36 -1.55602e-42  2.39514e-35  4.81453e-41  1.98829e-35 -2.51479e-40  1.04383e-34  9.57182e-40   -1.212e-34 -4.33012e-40 -4.62692e-34  5.14063e-39  6.26828e-33  1.69433e-38 -7.96021e-32  1.96314e-38  9.26661e-31   4.3951e-38 -9.64967e-30  1.98728e-37  9.00993e-29  1.57832e-37 -7.56976e-28  6.60224e-37  5.74844e-27  4.32265e-37 -3.96045e-26  2.40507e-37  2.48299e-25  8.51945e-37 -1.41996e-24  -1.1394e-36  7.42091e-24  1.67564e-36 -3.54898e-23 -3.43344e-37  1.55456e-22  5.01945e-36 -6.23986e-22 -3.06021e-35   2.2952e-21  1.44405e-34 -7.73351e-21 -5.88637e-34  2.38495e-20  2.19857e-33 -6.72287e-20 -7.42027e-33  1.72898e-19  2.24869e-32 -4.04672e-19 -6.02959e-32  8.59179e-19  1.38888e-31 -1.64783e-18 -2.55223e-31  2.83946e-18  2.78274e-31 -4.36488e-18  3.57525e-31  5.92891e-18 -3.34849e-30 -7.02151e-18  1.27972e-29  7.10637e-18  -3.7027e-29 -5.94595e-18  9.02768e-29  3.85214e-18  -1.9267e-28 -1.60722e-18   3.6618e-28  1.91816e-20 -6.25034e-28  5.75666e-19  9.62102e-28  -4.4159e-19 -1.33752e-27  1.09609e-19  1.67895e-27  6.72333e-20 -1.90004e-27  -6.3685e-20  1.93336e-27  1.04191e-20 -1.76224e-27   1.0791e-20  1.43192e-27 -5.35132e-21 -1.03092e-27 -7.28073e-22  6.52669e-28  1.02028e-21  -3.5991e-28 -3.43672e-23  1.70784e-28 -1.26719e-22 -6.86191e-29  1.11499e-23  2.28181e-29  1.15255e-23 -6.05925e-30 -8.61996e-25  1.20133e-30 -7.52635e-25 -1.48298e-31  1.49881e-26  9.97097e-34  3.02335e-26   3.9758e-33  1.23679e-27 -8.78165e-34 -5.47059e-28  9.93364e-35 -4.51381e-29 -7.11486e-36   2.1634e-30   3.5577e-37  2.25727e-31  9.02586e-39  1.26327e-33
-5.59087e-37  8.86581e-45 -7.89107e-37  5.91175e-43 -9.55078e-37  2.66448e-42 -9.01209e-36 -9.52715e-42  3.98494e-35  1.41022e-40  1.35417e-35 -6.63797e-40  1.29177e-34  2.36744e-39  1.31168e-34  1.94149e-40  -5.0804e-33  1.12598e-38  7.21649e-32  4.06049e-38 -8.98321e-31   4.3951e-38  9.93322e-30  9.35129e-38 -9.80068e-29  4.06384e-37  8.67925e-28  2.74642e-37 -6.93247e-27  1.31681e-36  5.01499e-26  7.20727e-37 -3.29676e-25  5.13242e-37  1.97474e-24  1.55021e-36 -1.08008e-23 -1.70062e-36  5.40287e-23  3.84628e-36 -2.47457e-22 -8.25243e-36  1.03845e-21  4.94785e-35 -3.99381e-21  -2.4727e-34  1.40746e-20  1.10993e-33 -4.54225e-20 -4.52895e-33  1.34098e-19   1.6992e-32 -3.61579e-19 -5.84816e-32  8.88536e-19  1.84495e-31 -1.98427e-18 -5.32237e-31  4.01217e-18   1.3984e-30  -7.3105e-18 -3.32367e-30  1.19294e-17  7.06366e-30 -1.72915e-17 -1.31378e-29  2.20147e-17   2.0413e-29 -2.42227e-17 -2.31225e-29  2.24564e-17  6.28469e-30 -1.67643e-17  5.88961e-29  9.08977e-18 -2.15638e-28 -2.34635e-18  5.12627e-28 -1.35797e-18 -9.82144e-28  1.93524e-18  1.60981e-27  -9.2516e-19 -2.31145e-27  -2.2178e-20  2.93806e-27  2.77309e-19 -3.32002e-27 -1.23497e-19  3.33742e-27 -1.80395e-20 -2.97923e-27  3.29794e-20  2.35296e-27 -5.28365e-21 -1.63513e-27 -4.70708e-21  9.92433e-28  1.59172e-21 -5.21001e-28  4.61963e-22  2.33572e-28 -2.25628e-22 -8.78898e-29 -3.77428e-23  2.70755e-29  1.99046e-23 -6.56181e-30  2.92113e-24  1.15835e-30 -1.05527e-24 -1.19805e-31 -1.78937e-25 -1.34928e-33  2.66308e-26  2.42198e-33  5.94005e-27 -2.14247e-34 -1.18248e-28 -3.70875e-35 -6.71227e-29  9.96797e-36 -1.94913e-30 -9.00785e-37  9.02142e-32  3.44444e-38
 2.21669e-44 -8.61905e-37 -1.28989e-44 -1.99165e-36  2.59918e-42 -3.34616e-36  9.37044e-42 -1.35595e-35 -4.38858e-41  6.03851e-35   3.7451e-40  1.19608e-35 -1.58865e-39 -3.87504e-35  5.43565e-39  3.81658e-33  3.64714e-39 -6.15064e-32  2.33594e-38  8.21143e-31  9.22329e-38 -9.64967e-30  9.35129e-38  1.00792e-28   1.8897e-37 -9.42017e-28   7.8906e-37  7.92216e-27  4.59049e-37  -6.0224e-26   2.4454e-36  4.15393e-25  1.18083e-36 -2.60749e-24  9.44265e-37  1.49314e-23  2.68664e-36 -7.81449e-23 -2.69385e-36  3.74295e-22  9.75936e-36 -1.64223e-21 -3.92872e-35  6.60342e-21  2.26472e-34 -2.43354e-20  -1.1353e-33   8.2163e-20  5.14105e-33 -2.53936e-19 -2.11804e-32  7.17477e-19  7.98942e-32 -1.84979e-18 -2.76275e-31  4.34098e-18   8.7668e-31 -9.24267e-18 -2.55236e-30  1.77802e-17  6.80971e-30 -3.07366e-17 -1.66092e-29  4.74109e-17  3.68836e-29 -6.46337e-17 -7.40836e-29  7.68401e-17  1.33134e-28 -7.80854e-17 -2.09944e-28  6.56125e-17   2.7916e-28 -4.26907e-17 -2.81245e-28  1.78766e-17  1.19279e-28 -1.77892e-19  3.20696e-28 -6.51639e-18 -1.11874e-27  5.02346e-18  2.25274e-27  -1.2565e-18 -3.55097e-27 -7.73284e-19   4.7111e-27  7.39729e-19  -5.4028e-27 -1.23312e-19  5.41388e-27 -1.26517e-19 -4.75603e-27   6.3789e-20  3.65937e-27  8.45747e-21 -2.45596e-27  -1.2307e-20    1.428e-27  4.67738e-22 -7.12354e-28  1.54818e-21  3.00825e-28 -1.44209e-22 -1.05551e-28 -1.42924e-22  2.99305e-29  1.14164e-23 -6.55109e-30  9.50462e-24  1.00803e-30 -2.25503e-25 -8.15871e-32  -3.9029e-25 -2.86232e-33 -1.50807e-26  7.19747e-34  7.24723e-27  3.51004e-34   5.8804e-28 -1.28921e-34 -2.98247e-29   1.7757e-35 -3.03926e-30 -1.05419e-36 -1.63856e-32
