 8.69937e-15 -7.38153e-30 -2.40011e-13  2.85037e-28  2.49673e-12  -5.8884e-27 -1.50354e-11  7.31265e-26  5.99651e-11 -6.00899e-25 -1.68087e-10  3.63515e-24  3.39131e-10 -1.71547e-23 -4.90944e-10  6.47651e-23  4.90576e-10 -1.98039e-22 -2.98126e-10  4.95078e-22  5.33544e-11 -1.02114e-21  6.41986e-11  1.75342e-21 -3.86152e-11 -2.52723e-21 -9.81214e-12  3.07767e-21  1.19545e-11 -3.17835e-21  2.32556e-12  2.77946e-21 -2.99517e-12 -2.03884e-21 -9.34916e-13  1.22867e-21  5.58194e-13 -5.88279e-22    3.413e-13  2.16809e-22 -3.25323e-14 -6.66942e-23 -8.21014e-14  2.69021e-23  -2.0887e-14 -1.52658e-23  8.25439e-15   6.2722e-24  6.98121e-15 -1.60554e-24  1.37143e-15  1.20027e-24 -5.74938e-16 -1.12176e-24 -4.58782e-16   2.2958e-25  -1.1648e-16  3.07179e-25  1.13884e-17 -1.91622e-25  2.00842e-17 -2.88529e-27  7.62786e-18  2.77755e-26  1.15659e-18  7.43128e-28 -2.82415e-19 -5.52691e-27  -2.3628e-19  4.82843e-28 -7.72375e-20  7.18935e-28 -1.34293e-20 -1.10268e-28  2.48709e-22 -7.65371e-29  1.03203e-21  9.05581e-30  3.92327e-22  1.18909e-29   9.1012e-23 -2.41412e-31  1.32783e-23 -1.85927e-30  4.68223e-25 -2.13898e-31 -3.96226e-25  2.17072e-31 -1.46311e-25  4.16168e-32 -3.21485e-26 -5.74846e-33 -5.15575e-27 -3.59457e-33  -6.0499e-28 -7.91634e-34 -4.27737e-29 -2.79662e-35  1.17056e-30  2.02031e-35  9.57904e-31  2.67254e-36  1.82525e-31  1.73124e-36  2.37081e-32  4.49969e-37  2.37497e-33  8.11375e-38  1.88755e-34  1.03573e-38  1.18007e-35 -1.16314e-39  5.53619e-37 -5.13145e-40  1.69578e-38 -6.82658e-41  1.32814e-40 -6.85358e-42 -1.87024e-41 -5.70952e-43 -1.16342e-42 -2.92154e-44 -3.06117e-44 -8.59133e-46 -2.95935e-46 -1.15517e-47
-7.38153e-30  3.49082e-13 -3.28347e-29 -5.45222e-12   1.2682e-27  4.29496e-11 -3.84935e-26 -2.12883e-10  4.80119e-25  7.25478e-10 -3.72219e-24 -1.76933e-09  2.16478e-23  3.12401e-09 -1.00157e-22  -3.9309e-09  3.71885e-22  3.31222e-09 -1.11033e-21 -1.50479e-09  2.68306e-21 -1.03916e-10 -5.29982e-21  5.08019e-10  8.65131e-21 -1.25181e-10 -1.17924e-20 -1.23067e-10  1.35405e-20  4.55244e-11 -1.31688e-20  3.31464e-11   1.0836e-20 -9.36609e-12 -7.44911e-21  -9.5626e-12  4.14671e-21  4.09635e-13  -1.7627e-21  2.29625e-12  5.24652e-22  5.52194e-13 -1.19056e-22 -3.08852e-13  5.98544e-23 -2.16957e-13 -4.38196e-23 -2.12661e-14  1.34449e-23  3.09729e-14  6.27134e-25  1.62781e-14  2.80409e-24   1.8407e-15 -4.83507e-24 -1.69454e-15  1.48326e-24 -1.01136e-15  9.11422e-25 -2.21715e-16   -6.414e-25   2.8554e-17  -1.5211e-26  3.90284e-17  8.55463e-26  1.43273e-17   9.4057e-27  2.37576e-18 -1.89459e-26 -3.12344e-19  1.08979e-27 -3.42354e-19  2.44835e-27 -1.20034e-19 -4.25583e-28 -2.45293e-20 -2.39797e-28 -1.82867e-21  4.79193e-29   7.8346e-22  3.85536e-29  3.97715e-22 -2.62053e-30  1.05878e-22 -6.74164e-30  1.92272e-23 -6.50825e-31  2.19612e-24  7.70038e-31  1.62352e-26  1.57744e-31 -6.41381e-26 -1.38746e-32 -1.88011e-26 -1.16655e-32 -3.51872e-27 -3.22637e-33 -4.95825e-28 -3.63218e-34 -5.36502e-29  5.63001e-36 -4.15763e-30  1.13133e-35  -1.5018e-31   7.7446e-36  1.62104e-32  1.79675e-36  3.94427e-33  2.92714e-37  4.69207e-34  3.05608e-38  3.98714e-35  -3.5433e-39  2.59251e-36 -1.36606e-39  1.30123e-37 -1.72221e-40  4.96446e-39 -1.60597e-41  1.36289e-40 -1.16086e-42  2.44902e-42 -4.89146e-44  2.42482e-44 -1.02316e-45  1.25186e-46
-2.40011e-13 -3.28347e-29  6.87568e-12  5.90408e-28  -7.4438e-11 -1.72236e-27  4.67818e-10 -1.62581e-25 -1.95387e-09  1.85575e-24  5.76134e-09 -1.27497e-23 -1.23054e-08  7.32764e-23  1.90449e-08 -3.53936e-22 -2.07199e-08  1.36078e-21  1.43723e-08 -4.09587e-21 -4.14563e-09  9.73868e-21 -2.21571e-09  -1.8591e-20  2.15386e-09  2.89643e-20  8.97731e-11 -3.73761e-20 -6.34253e-10  4.04577e-20  1.06834e-11 -3.70639e-20  1.70661e-10  2.87531e-20  1.35579e-11  -1.8586e-20 -4.03288e-11  9.55982e-21 -1.16366e-11 -3.53246e-21  6.27297e-12   7.3689e-22   4.3765e-12 -6.66927e-23  1.14999e-13  1.11134e-22 -8.29209e-13 -1.09675e-22 -3.34846e-13  2.00795e-23  1.55193e-14  1.56301e-23  6.32338e-14  3.40814e-24  2.44985e-14 -1.36254e-23  1.15046e-15  4.76281e-24  -2.9657e-15  2.08078e-24  -1.4821e-15 -1.52625e-24 -2.98378e-16 -5.94478e-26  3.75993e-17  1.83691e-25   4.9004e-17  3.57957e-26  1.79811e-17 -4.35883e-26   3.3455e-18  1.84304e-27 -8.99438e-20  5.43584e-27 -2.99072e-19 -1.21565e-27 -1.16514e-19 -4.85533e-28 -2.71039e-20  1.66153e-28 -3.61292e-21  8.80977e-29  9.62382e-23 -1.16286e-29  2.08051e-22 -1.76126e-29  6.75264e-23 -1.41914e-30  1.42396e-23  1.95952e-30  2.16291e-24   4.3649e-31  2.15444e-25 -1.51983e-32  3.70126e-27 -2.69844e-32 -3.91062e-27 -9.16849e-33 -1.02887e-27 -1.56872e-33 -1.68669e-28 -1.39627e-34 -2.09125e-29   2.7101e-35  -2.0426e-30  2.10602e-35 -1.55442e-31  4.62342e-36 -8.56135e-33  7.06167e-37 -2.42778e-34  6.35928e-38  1.05885e-35 -7.10309e-39  1.94541e-36 -2.45312e-39  1.42851e-37 -2.89049e-40   6.8536e-39 -2.44182e-41  2.20443e-40 -1.48865e-42  4.45845e-42 -4.87846e-44  4.71693e-44 -5.91316e-46
 2.85037e-28 -5.45222e-12  5.90408e-28  8.86177e-11  6.05272e-27 -7.28287e-10  4.67557e-26   3.7776e-09 -1.17637e-24 -1.35245e-08  6.01043e-24  3.48339e-08 -2.04717e-23 -6.54496e-08  1.18081e-22  8.87437e-08 -7.65725e-22  -8.2678e-08   3.5111e-21  4.52047e-08 -1.13483e-20 -3.96593e-09  2.72956e-20 -1.22997e-08 -5.09568e-20  5.52814e-09  7.60795e-20  2.41603e-09 -9.29475e-20 -1.87889e-09  9.47121e-20 -6.18427e-10 -8.17033e-20  4.73156e-10  5.99312e-20  2.14473e-10 -3.66454e-20 -7.99485e-11  1.74581e-20 -6.88549e-11 -5.40899e-21 -1.92743e-13  4.29691e-22  1.49038e-11  2.25054e-22  5.04417e-12  2.30223e-22 -1.10896e-12 -2.65755e-22 -1.37216e-12   2.7659e-23 -3.58035e-13  5.63153e-23  7.99947e-14  7.49348e-25  9.11934e-14 -3.02767e-23  2.82653e-14  1.09465e-23 -1.19064e-16  4.12557e-24 -3.75238e-15 -2.92439e-24 -1.68021e-15  -1.7105e-25 -3.30504e-16  3.04026e-25  2.93915e-17  9.04995e-26  4.52964e-17 -7.61663e-26  1.71132e-17  3.05502e-27   3.5754e-18  8.86366e-27  1.98344e-19  -2.8985e-27 -1.66667e-19 -7.00792e-28 -7.84384e-20  4.45007e-28 -2.05209e-20  1.65298e-28 -3.53822e-21 -3.54104e-29 -3.06867e-22 -3.82643e-29  4.16837e-23 -2.59484e-30  2.46664e-23  4.13869e-30  6.20933e-24  1.01551e-30  1.09894e-24  1.54683e-32  1.46126e-25 -5.12253e-32  1.38327e-26 -2.09864e-32   6.1672e-28 -4.49144e-33   -7.842e-29 -5.66566e-34 -2.37963e-29  4.27779e-35 -3.53539e-30  4.20586e-35 -3.79997e-31  8.96725e-36 -3.18299e-32  1.30662e-36 -2.10601e-33  1.04591e-37 -1.08315e-34 -1.09947e-38  -4.1272e-36 -3.41251e-39 -1.02424e-37 -3.69358e-40 -8.97197e-40 -2.75228e-41  3.77161e-41 -1.36394e-42  1.31949e-42 -3.16446e-44  1.39099e-44
 2.49673e-12   1.2682e-27  -7.4438e-11  6.05272e-27  8.40666e-10 -2.62082e-26 -5.52665e-09  1.76172e-24  2.42286e-08 -1.35196e-23 -7.53246e-08  3.21376e-23   1.7067e-07   3.2762e-23 -2.82837e-07 -2.52696e-22  3.34964e-07 -3.57156e-22 -2.62892e-07  5.95848e-21  1.03651e-07 -2.44737e-20  2.18232e-08   6.2504e-20 -4.25645e-08 -1.15956e-19  6.34937e-09  1.66583e-19  1.14709e-08 -1.92407e-19 -2.83962e-09  1.83953e-19 -3.17879e-09 -1.49238e-19  5.31799e-10  1.04001e-19  8.89797e-10  -6.0808e-20  3.84613e-11  2.70233e-20 -2.01353e-10 -6.58177e-21 -6.50615e-11 -9.52495e-22  2.29725e-11  8.96088e-22  2.13332e-11   5.1438e-22  3.43277e-12 -5.96736e-22 -2.60986e-12  4.45766e-23 -1.67562e-12  1.35092e-22 -2.79516e-13 -6.76626e-24  1.39959e-13 -5.71048e-23  1.03249e-13  2.02103e-23  2.71631e-14  7.30064e-24 -9.95454e-16 -4.68354e-24 -3.70899e-15 -3.88828e-25 -1.56248e-15  3.81485e-25 -3.16028e-16  1.79928e-25  9.41731e-18 -1.02861e-25  3.18466e-17   5.7145e-27  1.28013e-17  1.03933e-26  2.97486e-18 -6.00554e-27  3.43816e-19  -6.4432e-28 -4.63122e-20  9.88164e-28 -3.63986e-20  2.70947e-28 -1.09498e-20 -8.58141e-29 -2.20757e-21 -7.31386e-29  -3.0374e-22 -4.22526e-30 -1.92267e-23  7.72242e-30  3.54445e-24  2.09358e-30  1.51582e-24  1.20585e-31   3.1945e-25 -8.41056e-32  4.87645e-26 -4.09293e-32  5.76323e-27  -9.9953e-33  5.21336e-28 -1.42515e-33   3.2313e-29  4.00547e-35   5.8759e-31  6.63683e-35 -1.61486e-31   1.3958e-35  -2.6278e-32  1.95535e-36  -2.4481e-33  1.40635e-37 -1.63972e-34 -1.40949e-38 -8.21918e-36 -3.87978e-39 -3.03726e-37 -3.77659e-40 -7.83994e-39 -2.40577e-41 -1.28265e-40 -9.17914e-43 -1.01506e-42 -1.22863e-44
 -5.8884e-27  4.29496e-11 -1.72236e-27 -7.28287e-10 -2.62082e-26  6.26014e-09 -1.02115e-24 -3.40668e-08  2.20449e-23  1.28455e-07 -1.22289e-22 -3.50243e-07  2.45158e-22  7.01751e-07  2.95571e-22 -1.02657e-06 -2.67768e-21  1.05529e-06  5.25161e-21 -6.78401e-07   2.5382e-21  1.51283e-07 -4.01598e-20  1.37518e-07  1.20306e-19 -1.02734e-07 -2.26866e-19 -1.49361e-08  3.14774e-19  3.29067e-08 -3.42444e-19  2.33275e-09   3.0523e-19 -9.07708e-09 -2.32259e-19 -1.46564e-09  1.55034e-19  2.10355e-09 -8.83429e-20  7.96077e-10  3.72095e-20  -2.9443e-10 -6.30259e-21 -2.65358e-10 -3.96461e-21 -2.34037e-11  2.08838e-21  4.59154e-11  1.07686e-21  2.19969e-11 -1.19804e-21  3.66197e-13  8.44857e-23 -3.67273e-12  2.58927e-22 -1.64176e-12 -1.86977e-23 -1.56854e-13 -9.47526e-23  1.67499e-13  3.15008e-23  9.70429e-14  1.15982e-23  2.29082e-14 -6.29657e-24 -1.02228e-15 -7.42994e-25 -2.96334e-15  2.96596e-25 -1.22134e-15  3.02882e-25 -2.62298e-16   -9.857e-26 -9.01872e-18  1.13876e-26  1.67253e-17  6.21727e-27  7.54231e-18 -1.10179e-26  1.93448e-18  3.15452e-29  3.06322e-19  1.89325e-27  1.19996e-20  3.97899e-28 -1.02297e-20 -1.77885e-28 -4.01443e-21 -1.26591e-28 -9.26963e-22 -6.19487e-30 -1.54286e-22  1.32005e-29 -1.82604e-23  3.91879e-30 -1.12983e-24  3.54499e-31  1.07234e-25 -1.21901e-31  4.68116e-26   -6.994e-32  8.68988e-27  -1.8502e-32  1.15143e-27 -2.78036e-33   1.1889e-28   -5.134e-36  9.71362e-30  8.53939e-35   6.1325e-31   1.7971e-35  2.73966e-32  2.42844e-36  5.79485e-34  1.56226e-37 -2.65352e-35 -1.55639e-38 -3.29936e-36 -3.70162e-39  -1.6879e-37 -3.15719e-40 -5.13739e-39 -1.65128e-41 -8.77249e-41 -4.42214e-43 -5.55448e-43
-1.50354e-11 -3.84935e-26  4.67818e-10  4.67557e-26 -5.52665e-09 -1.02115e-24  3.81124e-08 -1.15702e-23 -1.75866e-07  1.75512e-22  5.78016e-07 -8.16762e-22 -1.39282e-06  1.58861e-21  2.47651e-06   7.3007e-22  -3.1942e-06 -1.17273e-20  2.81957e-06  2.89019e-20 -1.41002e-06 -2.58961e-20  5.09487e-09 -4.25298e-20  4.59286e-07  1.97465e-19 -1.63921e-07 -3.91117e-19 -1.03952e-07  5.25576e-19  6.16975e-08 -5.34654e-19  2.78768e-08  4.39268e-19 -1.58422e-08 -3.11878e-19 -9.22277e-09  2.02339e-19  2.47394e-09 -1.16043e-19  2.81351e-09  4.76971e-20  1.69069e-10 -4.29933e-21 -5.79045e-10 -9.04307e-21 -2.31354e-10  3.96044e-21  3.31073e-11  1.99252e-21  5.74185e-11  -2.1395e-21   1.7383e-11   1.5955e-22 -2.52086e-12  4.25945e-22  -3.9175e-12 -3.20851e-23 -1.35972e-12 -1.41085e-22 -5.45779e-14  4.23411e-23  1.56537e-13  1.66064e-23  7.81825e-14 -6.90943e-24  1.74939e-14  -1.2522e-24 -4.59329e-16 -1.04444e-25 -1.93177e-15  4.51397e-25 -8.06898e-16 -3.17397e-26 -1.86624e-16  2.13965e-26 -1.70991e-17 -8.11377e-27  5.92363e-18 -1.80835e-26  3.42102e-18  1.71157e-27  9.74031e-19  3.20839e-27  1.84603e-19  5.21902e-28  2.08335e-20 -3.29596e-28 -4.51354e-22  -2.0182e-28 -8.90126e-22 -7.93489e-30  -2.5573e-22  2.11531e-29 -4.86485e-23  6.74573e-30 -6.95758e-24  7.71911e-31 -7.45906e-25 -1.55926e-31 -5.20385e-26 -1.06313e-31  -2.0257e-28 -2.95274e-32  5.94637e-28 -4.53611e-33  1.07685e-28 -1.09463e-34  1.24058e-29  9.01213e-35  1.07451e-30  1.93822e-35  7.26487e-32  2.53245e-36  3.82983e-33  1.42966e-37  1.53412e-34 -1.51338e-38  4.40578e-36  -3.0032e-39   8.0838e-38 -2.17214e-40  6.73134e-40 -8.80209e-42 -1.99051e-42 -1.34909e-43
 7.31265e-26 -2.12883e-10 -1.62581e-25   3.7776e-09  1.76172e-24 -3.40668e-08 -1.15702e-23  1.95093e-07 -8.59369e-23 -7.77107e-07   1.0439e-21  2.24952e-06 -4.25996e-21 -4.81873e-06  8.05344e-21  7.61855e-06 -4.57506e-22 -8.63342e-06 -3.72916e-20  6.42744e-06  9.98827e-20 -2.23819e-06 -1.22257e-19 -7.95642e-07  5.50742e-21  1.09438e-06  2.77649e-19 -8.80089e-08 -6.06409e-19  -3.2076e-07  7.89748e-19  5.64904e-08 -7.41923e-19  9.18875e-08  5.50734e-19 -9.48575e-09  -3.6117e-19 -2.57294e-08  2.34023e-19 -2.42393e-09  -1.4214e-19  5.72117e-09  5.95061e-20  2.16735e-09  -9.4796e-22 -5.90757e-10 -1.64215e-20 -6.65564e-10  6.67589e-21 -1.29955e-10  3.25597e-21  7.56489e-11  -3.4301e-21  5.48647e-11  2.71633e-22   1.0685e-11  6.24994e-22  -4.0796e-12 -4.21411e-23 -3.43932e-12 -1.90916e-22 -9.89998e-13   4.9229e-23 -1.53575e-15  2.15772e-23  1.20129e-13 -5.53295e-24  5.49092e-14 -1.93518e-24  1.22242e-14 -9.60645e-25  1.52871e-16  6.16506e-25 -1.01497e-15  1.25882e-25 -4.47094e-16  3.54502e-26 -1.11757e-16 -3.61806e-26 -1.53521e-17 -2.66814e-26  7.49007e-19  4.72012e-27  1.12033e-18  4.88233e-27  3.70024e-19  5.86669e-28  7.96528e-20 -5.62246e-28  1.20514e-20  -2.9977e-28  1.06963e-21 -8.12061e-30 -4.23034e-23  3.22013e-29 -3.95265e-23  1.07618e-29 -9.36072e-24  1.41399e-30 -1.51512e-24 -1.71898e-31 -1.88413e-25 -1.44905e-31 -1.83064e-26 -4.14842e-32 -1.33138e-27 -6.41373e-33 -5.95054e-29 -2.68006e-34  6.22022e-31  7.61781e-35    4.176e-31   1.7483e-35  4.55472e-32  2.21964e-36  3.16142e-33  1.05671e-37  1.56679e-34 -1.30813e-38  5.56779e-36 -2.08143e-39  1.34414e-37  -1.2228e-40  1.93049e-39 -3.48729e-42  1.04891e-41
 5.99651e-11  4.80119e-25 -1.95387e-09 -1.17637e-24  2.42286e-08  2.20449e-23 -1.75866e-07 -8.59369e-23  8.57058e-07 -4.86704e-22 -2.98774e-06    4.984e-21  7.68013e-06 -1.81774e-20 -1.46893e-05  3.29808e-20  2.06595e-05 -1.16259e-20 -2.04338e-05 -9.66211e-20  1.24425e-05  2.73235e-19 -2.14213e-06  -3.6316e-19 -3.02842e-06  1.66245e-19  1.93407e-06  3.32574e-19  4.38353e-07  -8.6199e-19 -6.69884e-07  1.08459e-18 -8.63032e-08  -9.2243e-19  1.91579e-07  5.96594e-19  4.07707e-08 -3.53678e-19 -4.48632e-08  2.41658e-19  -1.9584e-08  -1.6731e-19  6.02076e-09  7.46903e-20  6.32638e-09  2.90078e-21  7.36396e-10 -2.60604e-20 -1.07238e-09  1.03375e-20 -5.58547e-10  4.77686e-21 -2.26219e-11 -4.99933e-21  9.04363e-11  4.06363e-22  4.32048e-11  8.38249e-22  4.94953e-12 -4.39755e-23 -4.16415e-12 -2.37036e-22 -2.59201e-12  4.86876e-23 -6.54099e-13  2.57241e-23  1.02721e-14 -1.42502e-24  7.72133e-14 -2.83098e-24  3.37888e-14 -2.33423e-24  7.75295e-15  7.95882e-25  4.67322e-16   3.8785e-25 -4.10926e-16  5.05272e-26 -2.03668e-16 -7.88408e-26 -5.51641e-17 -3.53358e-26 -9.49154e-18  9.22223e-27 -6.47163e-19  6.71777e-27  2.13443e-19  4.87406e-28  9.97856e-20   -9.009e-28  2.45133e-20 -4.18493e-28  4.30156e-21 -4.67403e-30   5.5343e-22  4.68143e-29  4.51467e-23  1.59963e-29  -1.7499e-25  2.29517e-30 -8.46532e-25 -1.51657e-31 -1.80637e-25 -1.77639e-31 -2.52171e-26 -5.19537e-32 -2.68548e-27 -8.01282e-33 -2.26024e-28 -4.49022e-34 -1.49661e-29  4.67874e-35 -7.49441e-31  1.29129e-35 -2.52173e-32  1.61608e-36 -3.00819e-34  5.95099e-38  2.20584e-35 -1.00435e-38  1.51884e-36 -1.22842e-39  4.50561e-38 -5.51431e-41  6.11252e-40 -8.99387e-43
-6.00899e-25  7.25478e-10  1.85575e-24 -1.35245e-08 -1.35196e-23  1.28455e-07  1.75512e-22 -7.77107e-07 -4.86704e-22  3.28217e-06 -2.24188e-21 -1.01231e-05  1.98939e-20  2.32593e-05 -6.55344e-20 -3.98428e-05  1.12978e-19  4.97823e-05 -5.80364e-20 -4.25026e-05  -2.1428e-19  1.99964e-05  6.36195e-19  1.26917e-06 -8.60626e-19 -7.47821e-06  5.19454e-19  2.29578e-06  3.32394e-19  1.85238e-06 -1.14512e-18 -9.58166e-07  1.37973e-18 -5.15657e-07 -1.03074e-18  2.56391e-07  5.40552e-19  1.70636e-07 -2.73821e-19 -3.95525e-08  2.23609e-19 -5.21977e-08 -1.93912e-19 -4.24053e-09  9.51589e-20  1.08332e-08  6.31001e-21  4.61008e-09 -3.75793e-20 -5.79347e-10  1.48889e-20 -1.14457e-09  6.40878e-21 -3.62948e-10 -6.70331e-21  4.74119e-11  5.34962e-22  8.14525e-11  1.04557e-21  2.93037e-11 -3.49996e-23  1.48378e-12 -2.72254e-22 -3.31302e-12  3.87046e-23 -1.71765e-12   2.8607e-23 -4.01098e-13  5.50356e-24  3.37919e-15 -4.01188e-24  4.16116e-14 -4.16381e-24  1.81269e-14  9.97489e-25   4.3745e-15  7.44214e-25  4.66235e-16  6.11436e-26 -1.11457e-16  -1.3247e-25 -7.34749e-17 -4.14773e-26 -2.18756e-17  1.51472e-26 -4.34451e-18   8.3395e-27 -5.46575e-19   6.2063e-29 -1.04159e-20 -1.37333e-27  1.58295e-20 -5.53424e-28  5.07148e-21  4.62952e-30  1.00979e-21   6.4956e-29  1.50152e-22  2.22365e-29  1.70667e-23  3.39123e-30  1.38396e-24 -7.83478e-32  5.18213e-26 -1.95625e-31 -5.98814e-27 -5.84112e-32 -1.50729e-27 -8.94154e-33 -1.86319e-28 -6.03585e-34 -1.64353e-29  1.14635e-35 -1.10822e-30  7.30209e-36  -5.7613e-32  9.43521e-37  -2.2616e-33  2.05681e-38 -6.37743e-35 -6.78912e-39 -1.16701e-36 -6.09811e-40 -1.11063e-38 -1.89439e-41 -2.69269e-41
-1.68087e-10 -3.72219e-24  5.76134e-09  6.01043e-24 -7.53246e-08 -1.22289e-22  5.78016e-07   1.0439e-21 -2.98774e-06 -2.24188e-21   1.1093e-05 -8.70924e-21 -3.05378e-05  6.81492e-20   6.3043e-05 -2.04199e-19 -9.68937e-05  3.32285e-19  0.000107187 -1.97996e-19 -7.75756e-05 -4.18792e-19  2.48767e-05  1.30581e-18  1.18473e-05 -1.74725e-18 -1.40354e-05  1.13884e-18  6.07164e-07  2.62939e-19  4.40026e-06 -1.44765e-18 -6.48172e-07  1.64357e-18 -1.31063e-06 -1.03156e-18  1.08221e-07  3.68115e-19  3.77477e-07 -1.24647e-19  4.10505e-08  1.85291e-19 -8.64269e-08 -2.23859e-19 -3.41348e-08  1.21318e-19  9.18298e-09  8.61555e-21  1.07313e-08 -5.02198e-20  2.13503e-09  2.00445e-20 -1.26528e-09  7.98792e-21 -9.29767e-10 -8.35417e-21 -1.82434e-10  6.25966e-22  7.18034e-11  1.22866e-21  6.08787e-11 -1.73964e-23  1.77063e-11 -2.91529e-22  3.66831e-14  2.00208e-23  -2.1881e-12  3.03771e-23 -1.01321e-12  1.44547e-23 -2.30184e-13 -5.57383e-24 -4.70487e-15 -6.25947e-24  1.84845e-14  1.23349e-24  8.35846e-15  1.15859e-24  2.14154e-15  6.18323e-26  3.11903e-16 -1.87721e-25 -6.63976e-18  -4.1507e-26 -1.93973e-17  2.21548e-26 -6.70843e-18  9.19638e-27 -1.48782e-18 -8.97975e-28  -2.3492e-19 -2.00587e-27 -2.36169e-20 -6.98663e-28 -1.13441e-22  2.09531e-29  5.61171e-22  8.56785e-29  1.46318e-22  2.89813e-29   2.4524e-23  4.62878e-30  3.12211e-24  5.56388e-32  3.12374e-25 -1.92325e-31  2.41347e-26 -5.91342e-32  1.31263e-27  -8.9624e-33  3.03387e-29 -6.86392e-34  -2.8124e-30 -1.87665e-35 -4.17561e-31  2.39184e-36  -3.0167e-32  3.97418e-37   -1.447e-33 -2.54714e-39 -4.72249e-35 -3.97853e-39 -9.76619e-37 -2.48009e-40 -1.03111e-38 -4.32336e-42
 3.63515e-24 -1.76933e-09 -1.27497e-23  3.48339e-08  3.21376e-23 -3.50243e-07 -8.16762e-22  2.24952e-06    4.984e-21 -1.01231e-05 -8.70924e-21  3.34203e-05 -2.92143e-20 -8.27138e-05  2.04065e-19  0.000154048 -5.59072e-19 -0.000212543  8.55135e-19  0.000206887 -5.39409e-19 -0.000123097 -7.37062e-19  1.76953e-05  2.41232e-18  3.36863e-05 -3.14032e-18 -2.02829e-05   2.0559e-18 -5.43526e-06   1.4145e-19  7.52416e-06 -1.76565e-18  1.11521e-06  1.84553e-18 -2.25801e-06 -9.10461e-19 -5.05885e-07  9.59443e-20  5.53911e-07  7.07216e-20  2.46305e-07  1.36419e-19 -7.92262e-08 -2.56512e-19 -8.29782e-08  1.51371e-19 -9.04689e-09   9.5756e-21   1.4934e-08 -6.28821e-20  7.66565e-09  2.53047e-20  2.07273e-10  9.35616e-21 -1.33001e-09 -9.76321e-21 -6.23668e-10   6.6353e-22 -6.53363e-11  1.37319e-21  6.50143e-11  3.44872e-25   3.9478e-11 -2.93093e-22  9.81946e-12 -3.32739e-24 -2.58214e-13  3.17247e-23 -1.22732e-12  2.38232e-23 -5.33312e-13 -7.60298e-24 -1.22612e-13 -8.35223e-24 -7.54998e-15  1.50228e-24  6.46111e-15  1.57227e-24  3.23314e-15  5.16801e-26   8.8527e-16 -2.29182e-25  1.55967e-16 -3.10864e-26  1.21385e-17  2.96636e-26 -2.88876e-18  8.62272e-27 -1.47868e-18 -2.60902e-27 -3.72288e-19 -2.81551e-27 -6.66537e-20 -8.48782e-28 -8.87044e-21  4.30546e-29 -8.00637e-22  1.06879e-28 -2.05786e-23  3.54628e-29  8.88608e-24  5.88055e-30   2.1668e-24  2.41222e-31  3.12206e-25 -1.66432e-31  3.35384e-26 -5.38802e-32   2.8286e-27 -8.08418e-33  1.88259e-28 -6.76083e-34  9.65948e-30 -3.65109e-35  3.58507e-31 -7.62237e-37  7.98638e-33  6.61526e-38  7.45943e-36  -1.0561e-38 -5.94046e-36  -1.9761e-39 -1.74366e-37 -7.82348e-41  -1.5007e-39
 3.39131e-10  2.16478e-23 -1.23054e-08 -2.04717e-23   1.7067e-07  2.45158e-22 -1.39282e-06 -4.25996e-21  7.68013e-06  1.98939e-20 -3.05378e-05 -2.92143e-20  9.04967e-05   -8.604e-20  -0.00020258   5.4145e-19  0.000341417 -1.36194e-18 -0.000422491  1.95288e-18  0.000358215 -1.24355e-18 -0.000165634 -1.19048e-18  -1.6118e-05  4.06682e-18  6.80248e-05 -5.08906e-18 -2.02993e-05  3.22271e-18 -1.77619e-05  2.07832e-20  9.21129e-06  -2.0888e-18  5.09691e-06  1.95317e-18 -2.63332e-06  -6.7775e-19 -1.74586e-06 -2.28867e-19  4.47857e-07  2.74932e-19  5.62533e-07  8.68573e-20  3.52324e-08 -2.88014e-19 -1.25519e-07  1.81679e-19 -5.09817e-08  9.29351e-21  8.47048e-09 -7.42522e-20  1.38992e-08  3.00644e-20  4.15941e-09  1.03601e-20 -7.41263e-10 -1.07828e-20 -1.04868e-09  6.63293e-22 -3.60753e-10  1.46808e-21 -9.81163e-12  3.97119e-24  4.58802e-11 -2.78003e-22  2.27676e-11 -2.45456e-23    5.122e-12  3.35669e-23 -1.46583e-13  3.16059e-23 -5.86179e-13  -1.0137e-23 -2.48816e-13 -1.01904e-23 -5.93449e-14  1.76221e-24  -6.1937e-15  1.91432e-24  1.55749e-15  3.94875e-26  1.00794e-15  -2.3633e-25  2.99612e-16 -5.66064e-27  5.98593e-17  3.69589e-26  7.73847e-18   5.9782e-27  2.42643e-19 -5.22879e-27 -1.88373e-19 -3.79899e-27 -6.32032e-20 -1.00008e-27 -1.27477e-20  6.66041e-29 -1.91404e-21  1.25453e-28 -2.21617e-22  4.07542e-29 -1.89722e-23  6.97467e-30 -9.48285e-25  4.50319e-31  2.85386e-26 -1.22939e-31   1.2847e-26 -4.39921e-32  1.68484e-27 -6.55378e-33   1.4854e-28 -5.83306e-34  9.77541e-30 -4.04983e-35  4.88046e-31 -2.05246e-36  1.81172e-32 -7.04536e-38   4.7423e-34 -9.54844e-39  7.86361e-36 -8.04003e-40   6.4568e-38 -1.66234e-41
-1.71547e-23  3.12401e-09  7.32764e-23 -6.54496e-08   3.2762e-23  7.01751e-07  1.58861e-21 -4.81873e-06 -1.81774e-20  2.32593e-05  6.81492e-20 -8.27138e-05   -8.604e-20  0.000221793 -2.25286e-19 -0.000451343  1.28652e-18  0.000689809 -2.98125e-18 -0.000763626  4.00038e-18   0.00055484 -2.49878e-18  -0.00017647  -1.7972e-18 -9.24419e-05   6.3181e-18  0.000108807 -7.52003e-18 -4.99862e-06  4.49006e-18 -3.58286e-05 -2.28357e-20  5.89658e-06 -2.38468e-18  1.11451e-05   1.9285e-18 -1.21916e-06 -3.65419e-19 -3.39311e-06  -5.4006e-19 -2.73567e-07  4.47551e-19  8.40818e-07  4.31975e-20  3.04605e-07 -3.12516e-19 -1.06223e-07  2.07912e-19 -1.07518e-07  8.01749e-21 -1.80004e-08 -8.29874e-20  1.47792e-08  3.37757e-20  9.79025e-09  1.08394e-20  1.64259e-09 -1.13324e-20 -9.22302e-10  6.74876e-22 -6.88807e-10  1.50213e-21    -1.86e-10 -2.34277e-23  7.23224e-12 -2.48379e-22  2.71048e-11 -3.55656e-23  1.18297e-11  3.67128e-23  2.54453e-12  3.60195e-23 -1.18766e-14 -1.31514e-23 -2.35034e-13  -1.1657e-23 -1.01324e-13  1.90615e-24 -2.53822e-14  2.11496e-24 -3.59714e-15  4.70908e-26    1.081e-16 -1.86126e-25  2.34248e-16   3.8783e-26  7.96231e-17  4.33795e-26   1.7545e-17  8.55329e-28  2.77594e-18 -8.77721e-27  2.87055e-19 -4.92113e-27  5.07628e-21  -1.1502e-27 -5.57621e-21  8.48516e-29 -1.50925e-21   1.3793e-28  -2.5395e-22  4.39611e-29 -3.22534e-23  7.72543e-30 -3.22518e-24  6.41747e-31 -2.52109e-25 -7.16483e-32 -1.45202e-26  -3.1874e-32 -4.86856e-28 -4.75337e-33  7.61734e-30 -4.42777e-34  2.35819e-30 -3.45162e-35  1.77259e-31 -2.03781e-36  8.06224e-33  -8.7892e-38  2.34489e-34 -5.69813e-39    3.951e-36  -2.5235e-40  2.55451e-38
-4.90944e-10 -1.00157e-22  1.90449e-08  1.18081e-22 -2.82837e-07  2.95571e-22  2.47651e-06  8.05344e-21 -1.46893e-05 -6.55344e-20   6.3043e-05  2.04065e-19  -0.00020258 -2.25286e-19   0.00049495 -5.29612e-19 -0.000919556   2.7607e-18     0.001276 -5.91055e-18  -0.00125763  7.41286e-18  0.000762281 -4.45422e-18 -0.000112642 -2.58148e-18 -0.000219881  9.11098e-18  0.000139077 -1.02037e-17  3.47783e-05  5.61488e-18 -5.43249e-05  8.54713e-20 -6.44123e-06 -2.58948e-18  1.72787e-05  1.73053e-18  3.21085e-06 -1.94202e-20 -4.60419e-06 -7.70577e-19    -1.81e-06  5.57348e-19   7.7814e-07  7.55105e-21  6.89009e-07 -3.24536e-19  4.08575e-08  2.26293e-19 -1.42975e-07  5.93835e-21  -6.5049e-08 -8.79141e-20  2.15244e-09  3.60977e-20  1.34433e-08  1.06324e-20  5.65816e-09 -1.13985e-20   3.3989e-10  7.65092e-22  -7.3062e-10  1.45955e-21 -3.95032e-10 -9.66727e-23 -8.83101e-11 -2.05386e-22  7.66447e-12 -2.88927e-23   1.3757e-11  4.18131e-23  5.55488e-12    3.612e-23  1.19711e-12  -1.6594e-23  4.41594e-14 -1.28726e-23 -7.62043e-14  1.74862e-24 -3.51396e-14  2.11885e-24 -9.30709e-15  1.08212e-25 -1.59237e-15 -5.73772e-26 -1.14459e-16  1.04758e-25   3.1999e-17  4.85408e-26  1.54325e-17 -6.70143e-27   3.8094e-18 -1.30714e-26  6.74186e-19 -6.10684e-27  8.93861e-20  -1.2958e-27  8.22036e-21  9.07272e-29  2.83367e-22  1.41457e-28 -6.92417e-23  4.44525e-29 -1.80049e-23  7.98199e-30 -2.59005e-24  7.74195e-31 -2.73832e-25 -2.36855e-32 -2.25926e-26 -2.00985e-32 -1.46765e-27 -3.05684e-33 -7.37315e-29 -2.95593e-34 -2.72974e-30 -2.42657e-35 -6.64793e-32 -1.44781e-36 -7.01208e-34 -5.97757e-38   1.0959e-35 -2.49592e-39  3.77012e-37 -5.28914e-41
 6.47651e-23  -3.9309e-09 -3.53936e-22  8.87437e-08 -2.52696e-22 -1.02657e-06   7.3007e-22  7.61855e-06  3.29808e-20 -3.98428e-05 -2.04199e-19  0.000154048   5.4145e-19 -0.000451343 -5.29612e-19   0.00101101 -1.12673e-18  -0.00172111  5.38756e-18   0.00216882 -1.06831e-17  -0.00188837  1.25112e-17  0.000910463  -7.1247e-18  7.28382e-05 -3.58426e-18 -0.000388522  1.22637e-17  0.000131462 -1.27646e-17  0.000102452  6.30192e-18 -6.23081e-05  3.92936e-19 -2.98516e-05 -2.61546e-18  1.93767e-05  1.32753e-18  1.09464e-05  3.09651e-19 -3.95987e-06 -8.71976e-19 -3.92245e-06  5.91104e-19  2.02209e-08 -2.12474e-20  1.00429e-06 -3.21086e-19  3.41881e-07  2.34365e-19 -1.00683e-07   3.0523e-21 -1.14436e-07 -8.82123e-20 -2.82501e-08  3.69725e-20  9.31496e-09  9.62087e-21  9.30478e-09 -1.10093e-20  2.79071e-09  9.86504e-22 -1.23276e-10  1.31602e-21 -4.60534e-10 -2.24416e-22 -2.03181e-10 -1.48261e-22 -3.98993e-11   9.3239e-25  4.15104e-12  4.97682e-23  6.03009e-12  3.22242e-23  2.34254e-12 -2.04631e-23   5.2153e-13 -1.42447e-23  4.33822e-14  1.03669e-24 -1.81957e-14  1.89475e-24 -9.99221e-15  2.61255e-25 -2.83053e-15   1.6353e-25 -5.46997e-16  1.92236e-25 -6.79318e-17  5.25038e-26 -1.57818e-18 -1.60565e-26  1.77646e-18 -1.77058e-26  5.67824e-19 -7.24159e-27  1.11722e-19 -1.42943e-27  1.64672e-20  7.96325e-29  1.88207e-21  1.34766e-28  1.61144e-22  4.20569e-29  8.59312e-24  7.67864e-30 -7.80025e-26  8.20739e-31 -8.02004e-26  1.23211e-32 -1.06789e-26 -1.05749e-32 -9.14464e-28 -1.71483e-33 -5.72997e-29 -1.72697e-34 -2.67529e-30  -1.4416e-35 -9.07563e-32  -8.1572e-37 -2.09326e-33 -2.94337e-38 -2.83508e-35 -7.93797e-40 -1.43671e-37
 4.90576e-10  3.71885e-22 -2.07199e-08 -7.65725e-22  3.34964e-07 -2.67768e-21  -3.1942e-06 -4.57506e-22  2.06595e-05  1.12978e-19 -9.68937e-05 -5.59072e-19  0.000341417  1.28652e-18 -0.000919556 -1.12673e-18   0.00189915  -2.1837e-18  -0.00297163  9.61801e-18   0.00339742 -1.77015e-17  -0.00258131  1.93421e-17  0.000899141 -1.03057e-17   0.00041148 -4.86509e-18 -0.000561307  1.54809e-17   5.5234e-05 -1.47464e-17  0.000189247  6.27151e-18 -4.53953e-05  9.02353e-19 -6.14706e-05 -2.37658e-18  1.21554e-05  7.15791e-19  2.03279e-05   5.7545e-19 -8.31573e-10 -8.28451e-19 -5.72199e-06  5.55772e-19  -1.6042e-06 -4.50262e-20   9.3972e-07 -3.02407e-19  7.23719e-07  2.31113e-19  6.71262e-08  -8.9607e-22 -1.27744e-07 -8.35921e-20 -6.91517e-08  3.65983e-20 -7.04171e-09  7.81158e-21  8.96912e-09 -1.01946e-20  5.40212e-09  1.34612e-21  1.20987e-09  1.03762e-21 -1.84494e-10 -4.08259e-22 -2.46594e-10 -7.52017e-23 -9.51641e-11  5.67999e-23 -1.75667e-11  6.24713e-23   1.4512e-12   2.5992e-23   2.2602e-12 -2.48922e-23  8.73798e-13 -1.64342e-23  2.03871e-13 -5.10188e-25  2.53589e-14  1.43891e-24 -2.17925e-15  5.36676e-25 -2.17864e-15   4.7668e-25 -6.84958e-16  2.97741e-25 -1.44705e-16  5.57801e-26  -2.2088e-17 -2.60125e-26 -2.17871e-18    -2.21e-26 -2.15628e-20 -8.18472e-27  4.50771e-20 -1.53765e-27  1.15664e-20  5.16351e-29  1.88321e-21  1.18702e-28  2.32451e-22  3.71419e-29  2.26401e-23  6.86304e-30  1.73108e-24  7.77895e-31  9.89691e-26  3.26418e-32  3.56438e-27  -4.1277e-33  2.96551e-30 -8.12921e-34 -9.75782e-30 -8.73741e-35 -7.32715e-31  -7.2826e-36 -3.03666e-32 -3.74313e-37 -7.48113e-34 -1.09667e-38  -9.1939e-36 -1.62395e-40
-1.98039e-22  3.31222e-09  1.36078e-21  -8.2678e-08 -3.57156e-22  1.05529e-06 -1.17273e-20 -8.63342e-06 -1.16259e-20  4.97823e-05  3.32285e-19 -0.000212543 -1.36194e-18  0.000689809   2.7607e-18  -0.00172111  -2.1837e-18   0.00329479 -3.87706e-18  -0.00475091  1.57864e-17   0.00491669 -2.70182e-17  -0.00319678  2.75247e-17  0.000620659 -1.35505e-17  0.000896238 -6.48823e-18 -0.000674517  1.84095e-17 -0.000110562 -1.57198e-17  0.000270756  5.33483e-18  8.58738e-06  1.56983e-18 -9.17372e-05 -1.82266e-18 -8.43333e-06 -6.42296e-20  2.73581e-05  7.43447e-19  7.82491e-06 -6.60904e-19 -5.78196e-06  4.73463e-19 -3.81304e-06 -6.38513e-20  1.89567e-07 -2.71082e-19  9.89464e-07  2.16758e-19  3.53356e-07 -6.38685e-21 -6.15769e-08 -7.44657e-20 -9.83283e-08  3.53095e-20 -3.36553e-08     5.42e-21  1.36726e-09 -8.94578e-21   6.1352e-09  1.79173e-21  2.75553e-09  5.83923e-22  4.77731e-10 -6.46113e-22 -1.23334e-10  1.40569e-23 -1.15026e-10  1.39491e-22 -4.07976e-11  8.34705e-23 -7.54085e-12  2.01304e-23   2.3006e-13 -3.01878e-23   7.0511e-13 -2.02261e-23  2.81505e-13 -3.13508e-24  6.91256e-14    7.715e-25  1.08102e-14  9.42253e-25  5.07296e-16  8.64249e-25 -3.06796e-16  4.13878e-25 -1.23367e-16  5.91132e-26 -2.86183e-17 -3.50415e-26 -4.85564e-18 -2.56121e-26 -6.19612e-19 -8.79571e-27 -5.44548e-20 -1.60236e-27 -1.62184e-21  1.19245e-29  4.78549e-22   9.6062e-29  1.15754e-22   3.0531e-29  1.59107e-23  5.68628e-30  1.61074e-24  6.65049e-31   1.2698e-25  3.85543e-32  7.85152e-27 -5.74019e-34  3.73821e-28 -3.02064e-34  1.30912e-29 -3.75389e-35  3.05975e-31 -3.11459e-36  3.65046e-33 -1.39662e-37 -6.59943e-36 -3.00697e-39 -4.29936e-37
-2.98126e-10 -1.11033e-21  1.43723e-08   3.5111e-21 -2.62892e-07  5.25161e-21  2.81957e-06 -3.72916e-20 -2.04338e-05 -5.80364e-20  0.000107187  8.55135e-19 -0.000422491 -2.98125e-18     0.001276  5.38756e-18  -0.00297163 -3.87706e-18   0.00530009 -6.33635e-18  -0.00705812  2.39267e-17   0.00658508 -3.81484e-17  -0.00354743  3.62133e-17 -3.39777e-06 -1.62487e-17   0.00146528 -8.49518e-18 -0.000651297  2.07264e-17 -0.000362418 -1.54021e-17  0.000309989  3.45306e-18  0.000102168  2.31444e-18 -0.000105473   -9.663e-19 -4.21677e-05 -9.23903e-19  2.65447e-05  7.96775e-19  1.82222e-05 -4.19976e-19 -2.68592e-06  3.71622e-19 -5.74337e-06 -7.51595e-20 -1.33113e-06 -2.30208e-19  8.71152e-07  1.92622e-19  6.61347e-07 -1.40004e-20  1.02558e-07 -6.20703e-20 -8.53518e-08  3.34089e-20 -5.90483e-08  2.90498e-21  -1.3438e-08 -7.19445e-21  2.98355e-09  2.22575e-21  3.45061e-09  -8.4383e-23  1.27133e-09 -9.38319e-22  1.81017e-10  1.15323e-22  -5.9743e-11  2.48718e-22 -4.70412e-11  1.18016e-22 -1.59268e-11  1.77744e-23 -3.07527e-12 -3.67784e-23 -9.85222e-14  -2.6323e-23  1.72741e-13 -6.96733e-24  7.56767e-14 -7.23399e-26  1.96344e-14  1.45157e-24  3.52165e-15  1.28964e-24  3.85952e-16  5.29625e-25 -4.83279e-18  6.30795e-26 -1.40713e-17 -4.16678e-26 -3.95262e-18 -2.76918e-26 -7.31895e-19 -8.96797e-27 -1.03062e-19 -1.60572e-27  -1.1296e-20 -3.08062e-29 -9.25905e-22  7.07704e-29 -4.67083e-23  2.32799e-29  5.43343e-25  4.35695e-30  4.19335e-25  5.15228e-31  5.22926e-26  3.45625e-32  4.18751e-27  8.65528e-34  2.42828e-28 -6.62118e-35  1.03111e-29 -1.31817e-35  3.09091e-31 -1.11196e-36  5.96399e-33  -4.1404e-38   5.8829e-35 -5.33548e-40
 4.95078e-22 -1.50479e-09 -4.09587e-21  4.52047e-08  5.95848e-21 -6.78401e-07  2.89019e-20  6.42744e-06 -9.66211e-20 -4.25026e-05 -1.97996e-19  0.000206887  1.95288e-18 -0.000763626 -5.91055e-18   0.00216882  9.61801e-18  -0.00475091 -6.33635e-18   0.00793549 -9.57211e-18   -0.0097769  3.36151e-17   0.00817019   -5.002e-17  -0.00344097  4.42366e-17 -0.000983925 -1.77972e-17   0.00200297 -1.08766e-17 -0.000426197  2.22299e-17 -0.000663128 -1.37429e-17  0.000267778  7.61442e-19  0.000222391  3.03315e-18 -8.64261e-05    1.096e-19 -8.24047e-05 -1.73927e-18  1.30288e-05  7.39747e-19  2.77216e-05 -1.70657e-19  4.13072e-06  2.72498e-19 -6.13044e-06 -7.49341e-20 -3.29481e-06 -1.81712e-19  1.63978e-07   1.6125e-19  8.14638e-07 -2.41945e-20  3.28857e-07 -4.84528e-20  -8.9477e-09  3.10177e-20 -6.49355e-08   9.1494e-22  -2.9949e-08 -4.82017e-21 -4.37242e-09  2.54161e-21  2.23168e-09 -9.95233e-22  1.68066e-09 -1.29293e-21  5.40878e-10  2.18576e-22  6.98934e-11  3.84094e-22  -2.2463e-11  1.72135e-22 -1.67509e-11  2.16878e-23 -5.57717e-12 -4.50683e-23 -1.14437e-12 -3.51091e-23 -1.00446e-13 -1.19572e-23  2.83645e-14 -1.05315e-24  1.60849e-14  2.00109e-24  4.48981e-15  1.70145e-24  8.79732e-16  6.31574e-25  1.24256e-16  6.76768e-26  1.05862e-17 -4.48716e-26 -2.83347e-19 -2.80219e-26 -3.11689e-19 -8.65919e-27 -7.01351e-20 -1.53687e-27 -1.06686e-20 -6.73472e-29 -1.24782e-21  4.67414e-29 -1.15552e-22  1.63961e-29 -8.39335e-24  3.07918e-30 -4.54538e-25  3.62433e-31  -1.5483e-26  2.59508e-32 -2.61275e-29   1.0973e-33  3.47048e-29  1.40382e-35  2.34546e-30 -3.45384e-36  8.34465e-32 -3.22646e-37  1.61644e-33 -9.22824e-39  1.16307e-35
 5.33544e-11  2.68306e-21 -4.14563e-09 -1.13483e-20  1.03651e-07   2.5382e-21 -1.41002e-06  9.98827e-20  1.24425e-05  -2.1428e-19 -7.75756e-05 -5.39409e-19  0.000358215  4.00038e-18  -0.00125763 -1.06831e-17   0.00339742  1.57864e-17  -0.00705812 -9.57211e-18       0.0111 -1.34137e-17   -0.0126696  4.39195e-17   0.00938913  -6.1125e-17  -0.00273702  5.03997e-17  -0.00224101 -1.78072e-17   0.00236237 -1.35587e-17  2.76594e-05  2.28965e-17 -0.000944028  -1.0942e-17  0.000117641 -2.44929e-18   0.00034009  3.61555e-18 -2.40685e-05    1.267e-18 -0.000116317 -2.37798e-18 -1.47106e-05  5.98151e-19  3.14102e-05  2.63136e-20  1.36364e-05  1.85975e-19 -3.81721e-06 -6.03053e-20 -4.93287e-06  -1.2572e-19 -1.11119e-06  1.26599e-19  6.26492e-07 -3.70315e-20  5.20556e-07 -3.62316e-20   1.2295e-07  2.80066e-20 -3.55798e-08  1.46657e-22 -3.82914e-08 -1.68828e-21  -1.3394e-08   2.6648e-21 -1.12725e-09 -2.15569e-21  1.21064e-09 -1.72631e-21  7.24883e-10  3.09584e-22  2.14139e-10  5.45444e-22  2.81968e-11  2.50808e-22 -6.36992e-12  3.34889e-23 -5.09161e-12 -5.52382e-23 -1.71077e-12  -4.6456e-23 -3.72827e-13 -1.78446e-23 -4.83276e-14 -2.13487e-24  7.75886e-16  2.49905e-24  2.42007e-15   2.0422e-24  7.81047e-16  7.06076e-25  1.64877e-16  7.21137e-26  2.60449e-17 -4.43644e-26  3.08011e-18 -2.66004e-26  2.38706e-19 -7.90661e-27   1.9333e-21 -1.39717e-27 -3.03689e-21 -9.09737e-29 -6.08873e-22  2.68763e-29  -7.6656e-23  1.06075e-29 -7.23219e-24    2.001e-30 -5.32353e-25  2.31528e-31 -3.05952e-26  1.68884e-32 -1.34122e-27  8.35479e-34 -4.26082e-29   2.5801e-35 -8.83725e-31 -4.66396e-37 -9.15729e-33 -7.24523e-38  3.14148e-37 -1.33802e-39
-1.02114e-21 -1.03916e-10  9.73868e-21 -3.96593e-09 -2.44737e-20  1.51283e-07 -2.58961e-20 -2.23819e-06  2.73235e-19  1.99964e-05 -4.18792e-19 -0.000123097 -1.24355e-18   0.00055484  7.41286e-18  -0.00188837 -1.77015e-17   0.00491669  2.39267e-17   -0.0097769 -1.34137e-17    0.0145607 -1.74869e-17   -0.0154114  5.35077e-17   0.00997502  -6.9857e-17   -0.0013974  5.38461e-17  -0.00360833 -1.62561e-17   0.00240385 -1.64128e-17  0.000680068  2.28746e-17  -0.00112016 -7.39041e-18 -0.000140669 -5.78787e-18  0.000415889   3.9573e-18  8.00633e-05  2.34343e-18 -0.000128108 -2.73172e-18 -5.28218e-05  4.15547e-19  2.46839e-05  1.30362e-19  2.30189e-05  1.08089e-19   1.5817e-06 -3.21755e-20  -5.2545e-06 -6.11697e-20 -2.61055e-06  9.39094e-20   8.2652e-09 -5.19618e-20  5.50834e-07 -2.81262e-20  2.63871e-07  2.40451e-20  3.02286e-08  1.16277e-21 -2.90302e-08  2.29152e-21 -1.91629e-08  2.57664e-21 -5.45828e-09 -3.54717e-21 -2.24871e-10 -2.25735e-21  5.32524e-10  3.74517e-22  2.78676e-10  7.32195e-22  7.86398e-11  3.55758e-22  1.14161e-11  5.31184e-23 -1.12949e-12 -6.70644e-23 -1.27236e-12 -5.96417e-23 -4.45179e-13 -2.41764e-23 -1.02375e-13 -3.28653e-24 -1.61599e-14  2.84502e-24 -1.30295e-15  2.26005e-24  1.65665e-16  7.41925e-25  9.22214e-17  7.49521e-26  2.19651e-17 -4.06298e-26  3.72214e-18 -2.37328e-26  4.88097e-19 -6.82002e-27  4.97703e-20 -1.20149e-27  3.71591e-21 -9.92027e-29  1.52135e-22  1.25486e-29 -6.52349e-24  6.25495e-30 -1.93611e-24  1.19114e-30 -2.08653e-25  1.34126e-31 -1.50219e-26    9.659e-33 -7.82345e-28  4.95772e-34 -2.93083e-29  1.73444e-35 -7.46204e-31  1.12462e-37 -1.12468e-32 -1.14025e-38 -6.48947e-35
 6.41986e-11 -5.29982e-21 -2.21571e-09  2.72956e-20  2.18232e-08 -4.01598e-20  5.09487e-09 -1.22257e-19 -2.14213e-06  6.36195e-19  2.48767e-05 -7.37062e-19 -0.000165634 -2.49878e-18  0.000762281  1.25112e-17  -0.00258131 -2.70182e-17   0.00658508  3.36151e-17   -0.0126696 -1.74869e-17    0.0179839 -2.12518e-17   -0.0176595  6.09038e-17   0.00974798  -7.4926e-17  0.000490683  5.43353e-17  -0.00486693 -1.35142e-17   0.00203632 -1.92833e-17   0.00144254  2.24144e-17  -0.00111395 -3.55747e-18 -0.000474927 -8.83686e-18  0.000411552  3.97412e-18  0.000209458  3.18651e-18 -0.000104379 -2.74339e-18  -9.1884e-05   2.4553e-19  5.41246e-06  1.29763e-19  2.83292e-05  2.50557e-20  9.18174e-06   3.5907e-21 -3.47094e-06  1.27568e-20 -3.71836e-06  6.89936e-20 -9.37657e-07 -6.77871e-20  3.25389e-07 -2.63524e-20  3.40898e-07  1.87637e-20  1.12123e-07  4.23926e-21  3.42958e-10  7.10336e-21 -1.67913e-08  2.30749e-21 -8.47532e-09 -5.12753e-21 -2.08547e-09 -2.89664e-21  -4.5037e-11  4.05767e-22  1.95208e-10  9.41966e-22  9.49775e-11   4.8367e-22  2.63654e-11  7.87166e-23  4.31311e-12  -7.9836e-23  3.44251e-14 -7.34255e-23 -2.42382e-13 -3.03741e-23 -9.40352e-14  -4.4773e-24 -2.28085e-14  2.95528e-24 -4.00886e-15  2.32047e-24  -4.9337e-16  7.32921e-25 -2.83167e-17  7.45906e-26  4.64857e-18 -3.47231e-26  1.80669e-18 -1.99385e-26  3.44604e-19 -5.55412e-27  4.76974e-20 -9.74616e-28  5.16684e-21  -9.3767e-29  4.44166e-22  3.66625e-30  2.97298e-23  3.32231e-30  1.45056e-24  6.46301e-31  4.08381e-26  7.02539e-32 -4.27895e-28  4.87723e-33 -1.13823e-28  2.43948e-34 -6.10836e-30  8.25828e-36 -1.72977e-31  9.77405e-38 -2.34815e-33 -9.66066e-40
 1.75342e-21  5.08019e-10  -1.8591e-20 -1.22997e-08   6.2504e-20  1.37518e-07 -4.25298e-20 -7.95642e-07  -3.6316e-19  1.26917e-06  1.30581e-18  1.76953e-05 -1.19048e-18  -0.00017647 -4.45422e-18  0.000910463  1.93421e-17  -0.00319678 -3.81484e-17   0.00817019  4.39195e-17   -0.0154114 -2.12518e-17    0.0210047 -2.40973e-17   -0.0191354  6.48171e-17   0.00866417 -7.56998e-17   0.00272901  5.23177e-17  -0.00579735 -1.02275e-17    0.0012458 -2.20195e-17     0.002186  2.17601e-17 -0.000878944  1.29734e-19 -0.000824697 -1.12264e-17  0.000302736  3.61747e-18  0.000334884  3.68196e-18 -3.96977e-05 -2.42074e-18 -0.000119012  1.41113e-19  -2.4418e-05    4.116e-20  2.58445e-05 -7.94383e-20  1.68016e-05  3.71853e-20  5.46394e-07  9.52098e-20 -3.76332e-06  5.69759e-20 -1.90129e-06 -8.28688e-20 -1.51994e-07 -3.20611e-20    2.876e-07  1.19809e-20  1.72567e-07  9.30281e-21  4.12814e-08  1.25798e-20 -4.64592e-09  1.90192e-21 -7.94625e-09 -6.83906e-21 -3.38164e-09  -3.6352e-21 -7.62099e-10  4.06143e-22 -2.16242e-11  1.16879e-21  5.91839e-11  6.25548e-22  2.82304e-11  1.06946e-22  7.86356e-12 -9.24216e-23  1.42811e-12 -8.62711e-23  1.15392e-13 -3.58339e-23 -2.81486e-14 -5.66791e-24  -1.4999e-14   2.7858e-24 -3.93363e-15  2.21436e-24 -7.39031e-16  6.79554e-25 -1.05348e-16  6.98977e-26 -1.09351e-17  -2.7919e-26   -6.239e-19 -1.58078e-26  3.88142e-20 -4.27037e-27  1.65139e-20 -7.44496e-28  2.65434e-21 -7.91563e-29  2.97382e-22 -8.49292e-31  2.55486e-23  1.55775e-30  1.71795e-24  3.17473e-31  8.96024e-26  3.31137e-32   3.5101e-27  2.17205e-33  9.68564e-29  1.01361e-34  1.65034e-30  3.05291e-36  1.20987e-32  3.38752e-38 -1.52299e-35
