 0.000155938  6.18413e-21 -0.000969334  2.46099e-19   0.00185966 -8.12875e-19  -0.00138668  5.92726e-19  4.53897e-05  5.15435e-19  0.000388353 -9.35724e-19 -4.59356e-05  4.93518e-19 -6.95381e-05 -1.45482e-19  2.10755e-06  3.96778e-20  4.98504e-06 -6.14573e-21  2.02561e-07
 6.18413e-21   0.00147342 -2.65206e-19  -0.00484857  2.46449e-18   0.00625776 -4.95271e-18  -0.00273965  3.28978e-18  -0.00101218  4.76892e-19  0.000960185 -1.35832e-18  0.000157667  5.00173e-19 -0.000156171 -1.19901e-19 -2.46096e-05   3.7435e-20  6.24063e-06 -3.66234e-21
-0.000969334 -2.65206e-19   0.00647043 -1.50387e-18   -0.0137387  8.46034e-18    0.0121836 -1.25145e-17  -0.00204366  6.04479e-18  -0.00333056  1.05288e-18   0.00110273  -1.4376e-18  0.000637174  2.51689e-19 -0.000155145 -5.35832e-20 -6.22619e-05  1.78559e-20  1.54299e-06
 2.46099e-19  -0.00484857 -1.50387e-18    0.0176133 -4.46757e-18   -0.0263256  1.85008e-17    0.0156966 -2.06893e-17   0.00204648  6.67587e-18  -0.00571795  1.83345e-18  0.000303469 -9.44412e-19   0.00111929 -1.30541e-20 -2.02039e-05 -5.52452e-21 -7.18193e-05  3.51333e-22
  0.00185966  2.46449e-18   -0.0137387 -4.46757e-18    0.0335634 -9.38799e-18   -0.0371319  3.01059e-17    0.0134982 -2.54292e-17   0.00822256  5.14285e-18  -0.00662993  1.67069e-18  -0.00122341 -1.74203e-19   0.00127911  -8.1249e-20  0.000166242  1.79074e-20 -4.10474e-05
-8.12875e-19   0.00625776  8.46034e-18   -0.0263256 -9.38799e-18    0.0482445 -1.52304e-17   -0.0409376   3.7962e-17    0.0062229 -2.38276e-17    0.0137441  2.87586e-18  -0.00557849  5.66702e-19  -0.00279227  1.55667e-19   0.00102364  4.05509e-20  0.000272511  2.06201e-20
 -0.00138668 -4.95271e-18    0.0121836  1.85008e-17   -0.0371319 -1.52304e-17    0.0556385 -1.93217e-17   -0.0373755  3.67553e-17  -0.00262631 -1.63634e-17    0.0168791  1.31141e-18  -0.00319439 -4.63767e-19  -0.00383679  -1.8548e-19  0.000497453   1.7192e-19  0.000220374
 5.92726e-19  -0.00273965 -1.25145e-17    0.0156966  3.01059e-17   -0.0409376 -1.93217e-17    0.0549103 -1.88387e-17   -0.0302004  2.60644e-17   -0.0100882 -7.22444e-18    0.0176417  1.32795e-18 -0.000371804 -8.82294e-19  -0.00413764 -6.79193e-19  -5.1049e-05  1.59784e-19
 4.53897e-05  3.28978e-18  -0.00204366 -2.06893e-17    0.0134982   3.7962e-17   -0.0373755 -1.88387e-17    0.0498501 -1.34721e-17   -0.0232376  1.14515e-17   -0.0153455 -1.21497e-18    0.0168667  2.99642e-18   0.00230939 -1.04561e-18  -0.00369784 -7.59013e-19 -0.000344918
 5.15435e-19  -0.00101218  6.04479e-18   0.00204648 -2.54292e-17    0.0062229  3.67553e-17   -0.0302004 -1.34721e-17    0.0446081 -5.89572e-18   -0.0180734 -6.48759e-19   -0.0189789  1.67034e-19    0.0152595  5.28759e-18    0.0045884 -1.22875e-18  -0.00259651 -4.39433e-19
 0.000388353  4.76892e-19  -0.00333056  6.67587e-18   0.00822256 -2.38276e-17  -0.00262631  2.60644e-17   -0.0232376 -5.89572e-18    0.0411216  9.16453e-19   -0.0145611 -8.23358e-18    -0.021812 -7.63853e-19    0.0131047   6.3779e-18   0.00627563 -1.14202e-18  -0.00107228
-9.35724e-19  0.000960185  1.05288e-18  -0.00571795  5.14285e-18    0.0137441 -1.63634e-17   -0.0100882  1.14515e-17   -0.0180734  9.16453e-19    0.0395241  6.07965e-18   -0.0120604 -1.29569e-17   -0.0244347 -1.03242e-18    0.0103167  5.08781e-18    0.0069077  -7.1043e-19
-4.59356e-05 -1.35832e-18   0.00110273  1.83345e-18  -0.00662993  2.87586e-18    0.0168791 -7.22444e-18   -0.0153455 -6.48759e-19   -0.0145611  6.07965e-18    0.0394281  9.96738e-18   -0.0100346 -1.53171e-17   -0.0272168   2.3487e-19   0.00645805  2.37197e-18   0.00537258
 4.93518e-19  0.000157667  -1.4376e-18  0.000303469  1.67069e-18  -0.00557849  1.31141e-18    0.0176417 -1.21497e-18   -0.0189789 -8.23358e-18   -0.0120604  9.96738e-18    0.0406146  1.17887e-17  -0.00806772 -1.31751e-17   -0.0303852  2.10072e-18  0.000929175  3.47617e-19
-6.95381e-05  5.00173e-19  0.000637174 -9.44412e-19  -0.00122341  5.66702e-19  -0.00319439  1.32795e-18    0.0168667  1.67034e-19    -0.021812 -1.29569e-17   -0.0100346  1.17887e-17    0.0431849  9.40169e-18  -0.00565803 -6.21597e-18    -0.033607  3.26029e-18  -0.00473259
-1.45482e-19 -0.000156171  2.51689e-19   0.00111929 -1.74203e-19  -0.00279227 -4.63767e-19 -0.000371804  2.99642e-18    0.0152595 -7.63853e-19   -0.0244347 -1.53171e-17  -0.00806772  9.40169e-18    0.0476323  2.71991e-18  -0.00154849  1.52595e-18   -0.0333823  3.13153e-18
 2.10755e-06 -1.19901e-19 -0.000155145 -1.30541e-20   0.00127911  1.55667e-19  -0.00383679 -8.82294e-19   0.00230939  5.28759e-18    0.0131047 -1.03242e-18   -0.0272168 -1.31751e-17  -0.00565803  2.71991e-18    0.0554033 -2.19968e-18   0.00869902  8.55674e-18   -0.0208703
 3.96778e-20 -2.46096e-05 -5.35832e-20 -2.02039e-05  -8.1249e-20   0.00102364  -1.8548e-19  -0.00413764 -1.04561e-18    0.0045884   6.3779e-18    0.0103167   2.3487e-19   -0.0303852 -6.21597e-18  -0.00154849 -2.19968e-18    0.0710693  6.16948e-18    0.0324239  1.59221e-17
 4.98504e-06   3.7435e-20 -6.22619e-05 -5.52452e-21  0.000166242  4.05509e-20  0.000497453 -6.79193e-19  -0.00369784 -1.22875e-18   0.00627563  5.08781e-18   0.00645805  2.10072e-18    -0.033607  1.52595e-18   0.00869902  6.16948e-18     0.100929   3.1225e-17    0.0544997
-6.14573e-21  6.24063e-06  1.78559e-20 -7.18193e-05  1.79074e-20  0.000272511   1.7192e-19  -5.1049e-05 -7.59013e-19  -0.00259651 -1.14202e-18    0.0069077  2.37197e-18  0.000929175  3.26029e-18   -0.0333823  8.55674e-18    0.0324239   3.1225e-17     0.125474  4.28384e-17
 2.02561e-07 -3.66234e-21  1.54299e-06  3.51333e-22 -4.10474e-05  2.06201e-20  0.000220374  1.59784e-19 -0.000344918 -4.39433e-19  -0.00107228  -7.1043e-19   0.00537258  3.47617e-19  -0.00473259  3.13153e-18   -0.0208703  1.59221e-17    0.0544997  4.28384e-17     0.083091
