    0.183399  3.54329e-17   -0.0408677 -2.95637e-17   -0.0324644  1.32045e-18 -0.000978992  1.62751e-18   0.00515068 -2.70496e-18   0.00136182 -6.74757e-19 -0.000367829  1.25985e-19 -0.000232728 -9.19608e-20 -2.31127e-05 -3.89418e-20  5.68404e-06  1.29321e-21  8.05464e-07
 3.54329e-17     0.134921  2.63906e-17  -0.00515678 -1.06656e-17   -0.0313261  1.17563e-17  -0.00472795  2.47059e-18   0.00579471 -2.95644e-18    0.0023243  3.41918e-19 -0.000304637  1.48475e-19 -0.000344979  -2.7628e-19 -5.62658e-05 -6.71488e-20  1.94288e-06  1.20812e-21
  -0.0408677  2.63906e-17    0.0756109  7.70281e-18   0.00291151  5.65001e-18   -0.0270438  2.04491e-17  -0.00669402  1.27874e-18   0.00559261 -1.29255e-19   0.00302675  2.40459e-18 -7.38269e-05  1.81847e-19 -0.000365115 -3.78038e-19 -7.67675e-05   -6.381e-20  -2.3213e-06
-2.95637e-17  -0.00515678  7.70281e-18    0.0530227 -2.14053e-17   0.00451558  1.08129e-17   -0.0240603  1.29784e-17  -0.00800367 -2.75049e-18   0.00502532  3.74166e-18   0.00350695  4.13258e-18  0.000255395   2.0605e-19 -0.000289244 -3.47199e-19  -6.7594e-05 -3.46868e-20
  -0.0324644 -1.06656e-17   0.00291151 -2.14053e-17    0.0431027 -3.21649e-17   0.00528869  7.01582e-18   -0.0218945 -5.15683e-18  -0.00908399 -7.34894e-18   0.00419518  6.38201e-18   0.00375417  4.63425e-18  0.000609783  1.54082e-19 -0.000143968 -2.30598e-19 -3.33495e-05
 1.32045e-18   -0.0313261  5.65001e-18   0.00451558 -3.21649e-17    0.0372237 -1.73029e-17   0.00585013 -3.15235e-19   -0.0202534 -2.29235e-17   -0.0101067 -1.02531e-17   0.00310322  6.98008e-18   0.00370832  3.93613e-18  0.000880556  6.86173e-20 -5.81079e-08 -9.53592e-20
-0.000978992  1.17563e-17   -0.0270438  1.08129e-17   0.00528869 -1.73029e-17    0.0335646  8.99955e-18    0.0064035 -6.83855e-18   -0.0189503 -3.30179e-17   -0.0111586 -1.02252e-17   0.00170483  6.16166e-18   0.00326706  2.77993e-18  0.000929326  7.25669e-20   5.7273e-05
 1.62751e-18  -0.00472795  2.04491e-17   -0.0240603  7.01582e-18   0.00585013  8.99955e-18     0.031279   3.2231e-17   0.00706791 -1.03605e-17   -0.0178328 -3.32326e-17   -0.0122659 -7.21064e-18 -3.73013e-05  5.16507e-18   0.00235391  1.97646e-18  0.000683169    1.348e-19
  0.00515068  2.47059e-18  -0.00669402  1.29784e-17   -0.0218945 -3.15235e-19    0.0064035   3.2231e-17    0.0299573  4.44257e-17    0.0079402  -1.0705e-17   -0.0167356 -2.55875e-17   -0.0133521 -2.31587e-18  -0.00202307  4.87029e-18   0.00109953  1.64228e-18  0.000280799
-2.70496e-18   0.00579471  1.27874e-18  -0.00800367 -5.15683e-18   -0.0202534 -6.83855e-18   0.00706791  4.44257e-17    0.0294129  4.34416e-17   0.00915128 -9.16551e-18   -0.0153987 -1.46483e-17   -0.0140929  2.76409e-18  -0.00378664  5.05427e-18 -4.34563e-06  1.17458e-18
  0.00136182 -2.95644e-18   0.00559261 -2.75049e-18  -0.00908399 -2.29235e-17   -0.0189503 -1.03605e-17    0.0079402  4.34416e-17    0.0296066  3.17034e-17    0.0109395 -7.58202e-18   -0.0133103  -4.9131e-18   -0.0137197  6.44464e-18  -0.00445353  4.55745e-18  -0.00038943
-6.74757e-19    0.0023243 -1.29255e-19   0.00502532 -7.34894e-18   -0.0101067 -3.30179e-17   -0.0178328  -1.0705e-17   0.00915128  3.17034e-17    0.0306619  1.46391e-17    0.0137809  -7.0871e-18  -0.00957913   1.3671e-18   -0.0112036  7.57845e-18   -0.0034235  2.70425e-18
-0.000367829  3.41918e-19   0.00302675  3.74166e-18   0.00419518 -1.02531e-17   -0.0111586 -3.32326e-17   -0.0167356 -9.16551e-18    0.0109395  1.46391e-17    0.0329564 -1.71922e-18    0.0184352 -7.16519e-18  -0.00336943  4.20906e-18  -0.00640727  5.93132e-18  -0.00142151
 1.25985e-19 -0.000304637  2.40459e-18   0.00350695  6.38201e-18   0.00310322 -1.02252e-17   -0.0122659 -2.55875e-17   -0.0153987 -7.58202e-18    0.0137809 -1.71922e-18    0.0371223 -1.26473e-17    0.0253174   -6.312e-18   0.00456048  4.39442e-18   -0.0013543  2.80886e-18
-0.000232728  1.48475e-19 -7.38269e-05  4.13258e-18   0.00375417  6.98008e-18   0.00170483 -7.21064e-18   -0.0133521 -1.46483e-17   -0.0133103  -7.0871e-18    0.0184352 -1.26473e-17    0.0433406 -1.58994e-17    0.0327319 -4.15664e-18    0.0106233  2.85185e-18   0.00101789
-9.19608e-20 -0.000344979  1.81847e-19  0.000255395  4.63425e-18   0.00370832  6.16166e-18 -3.73013e-05 -2.31587e-18   -0.0140929  -4.9131e-18  -0.00957913 -7.16519e-18    0.0253174 -1.58994e-17    0.0495034 -1.28364e-17     0.035816 -2.05613e-18    0.0108118  1.01509e-18
-2.31127e-05  -2.7628e-19 -0.000365115   2.0605e-19  0.000609783  3.93613e-18   0.00326706  5.16507e-18  -0.00202307  2.76409e-18   -0.0137197   1.3671e-18  -0.00336943   -6.312e-18    0.0327319 -1.28364e-17    0.0502533 -7.67864e-18    0.0299888 -9.80913e-19   0.00575395
-3.89418e-20 -5.62658e-05 -3.78038e-19 -0.000289244  1.54082e-19  0.000880556  2.77993e-18   0.00235391  4.87029e-18  -0.00378664  6.44464e-18   -0.0112036  4.20906e-18   0.00456048 -4.15664e-18     0.035816 -7.67864e-18    0.0408533 -3.82347e-18    0.0172325 -4.59325e-19
 5.68404e-06 -6.71488e-20 -7.67675e-05 -3.47199e-19 -0.000143968  6.86173e-20  0.000929326  1.97646e-18   0.00109953  5.05427e-18  -0.00445353  7.57845e-18  -0.00640727  4.39442e-18    0.0106233 -2.05613e-18    0.0299888 -3.82347e-18    0.0239259 -1.66455e-18   0.00562469
 1.29321e-21  1.94288e-06   -6.381e-20  -6.7594e-05 -2.30598e-19 -5.81079e-08  7.25669e-20  0.000683169  1.64228e-18 -4.34563e-06  4.55745e-18   -0.0034235  5.93132e-18   -0.0013543  2.85185e-18    0.0108118 -9.80913e-19    0.0172325 -1.66455e-18   0.00878149 -4.82477e-19
 8.05464e-07  1.20812e-21  -2.3213e-06 -3.46868e-20 -3.33495e-05 -9.53592e-20   5.7273e-05    1.348e-19  0.000280799  1.17458e-18  -0.00038943  2.70425e-18  -0.00142151  2.80886e-18   0.00101789  1.01509e-18   0.00575395 -4.59325e-19   0.00562469 -4.82477e-19   0.00150095
