    0.442293 -1.15076e-16  -0.00725929  1.08867e-17   -0.0277234  -3.5605e-19  -0.00584358  3.34378e-19   0.00276895  1.65929e-18   0.00151114  8.01501e-19  6.15444e-06 -5.76901e-20 -0.000158332 -2.51261e-19 -3.69696e-05 -8.04077e-20 -3.99155e-07  -2.7955e-21  4.04137e-07
-1.15076e-16     0.077458 -5.64047e-17   0.00950894  -5.0544e-18   -0.0210868 -7.04733e-18  -0.00699346  1.06473e-18   0.00289193  4.09118e-18   0.00212848  3.05703e-18  0.000151324  3.63819e-19  -0.00020128 -4.10273e-19 -5.94713e-05 -1.20229e-19 -3.75721e-06 -2.73383e-21
 -0.00725929 -5.64047e-17    0.0531543  1.59925e-17   0.00681079 -5.97634e-18   -0.0182684 -9.35507e-18  -0.00751248 -2.46503e-18   0.00264995   6.6745e-18   0.00250369   5.8515e-18  0.000357799  8.53825e-19 -0.000173727 -4.41173e-19 -6.20231e-05 -1.01173e-19 -4.35229e-06
 1.08867e-17   0.00950894  1.59925e-17    0.0385726  1.38341e-17   0.00632677 -8.14332e-18   -0.0162068 -2.13237e-17  -0.00793453 -1.03322e-17   0.00217874  8.33006e-18   0.00268816  7.46238e-18  0.000584316  9.52465e-19 -8.90898e-05 -3.76069e-19 -4.19884e-05   -5.299e-20
  -0.0277234  -5.0544e-18   0.00681079  1.38341e-17    0.0312867  1.35171e-17    0.0060703 -1.06908e-17   -0.0147039 -3.88704e-17  -0.00835753 -1.81672e-17   0.00151895  8.46115e-18   0.00267324  7.04422e-18  0.000771731  6.14002e-19  1.49294e-05 -2.66437e-19 -1.40249e-05
 -3.5605e-19   -0.0210868 -5.97634e-18   0.00632677  1.35171e-17    0.0270349  3.10334e-17   0.00602538 -1.31901e-17   -0.0135368 -5.23961e-17  -0.00882956 -2.13246e-17  0.000662653  7.61874e-18   0.00241281   5.3052e-18  0.000837036  2.28607e-19  7.95969e-05 -1.29624e-19
 -0.00584358 -7.04733e-18   -0.0182684 -8.14332e-18    0.0060703  3.10334e-17    0.0243923  5.58162e-17   0.00617767 -1.40519e-17    -0.012567 -5.46855e-17  -0.00936107  -1.7584e-17 -0.000409227  7.19493e-18   0.00185237  3.79478e-18   0.00070741  1.49587e-19  6.72702e-05
 3.34378e-19  -0.00699346 -9.35507e-18   -0.0162068 -1.06908e-17   0.00602538  5.58162e-17    0.0227554  7.37779e-17   0.00653013 -1.29565e-17   -0.0116745 -4.46526e-17  -0.00991659 -7.92139e-18  -0.00166892  8.45176e-18   0.00101401   3.3777e-18  0.000409026  2.38174e-19
  0.00276895  1.06473e-18  -0.00751248 -2.13237e-17   -0.0147039 -1.31901e-17   0.00617767  7.37779e-17    0.0218326  7.53507e-17   0.00712429 -1.11119e-17   -0.0107109 -2.68909e-17    -0.010353  4.59452e-18  -0.00292161  1.10841e-17  0.000121952  3.31644e-18  0.000114887
 1.65929e-18   0.00289193 -2.46503e-18  -0.00793453 -3.88704e-17   -0.0135368 -1.40519e-17   0.00653013  7.53507e-17    0.0214981  5.87425e-17   0.00805996 -1.07156e-17   -0.0094217 -8.38775e-18   -0.0103005  1.58875e-17  -0.00369487  1.25863e-17 -0.000420554  2.29053e-18
  0.00151114  4.09118e-18   0.00264995 -1.03322e-17  -0.00835753 -5.23961e-17    -0.012567 -1.29565e-17   0.00712429  5.87425e-17    0.0217467  2.85008e-17   0.00955415 -1.41361e-17  -0.00734091  4.78177e-18   -0.0091266  2.15344e-17  -0.00342858  1.03441e-17 -0.000388324
 8.01501e-19   0.00212848   6.6745e-18   0.00217874 -1.81672e-17  -0.00882956 -5.46855e-17   -0.0116745 -1.11119e-17   0.00805996  2.85008e-17    0.0227191 -8.69767e-18    0.0120116 -2.24694e-17  -0.00385043  9.22938e-18  -0.00635492  1.89623e-17  -0.00211532   5.0798e-18
 6.15444e-06  3.05703e-18   0.00250369  8.33006e-18   0.00151895 -2.13246e-17  -0.00936107 -4.46526e-17   -0.0107109 -1.07156e-17   0.00955415 -8.69767e-18    0.0247455 -4.64034e-17    0.0158816 -3.40048e-17   0.00119118  5.34596e-18  -0.00256776  1.06228e-17 -0.000659003
-5.76901e-20  0.000151324   5.8515e-18   0.00268816  8.46115e-18  0.000662653  -1.7584e-17  -0.00991659 -2.68909e-17   -0.0094217 -1.41361e-17    0.0120116 -4.64034e-17    0.0281643 -7.77542e-17    0.0208873 -4.39779e-17   0.00638888 -2.02514e-18  0.000392613  2.97742e-18
-0.000158332  3.63819e-19  0.000357799  7.46238e-18   0.00267324  7.61874e-18 -0.000409227 -7.92139e-18    -0.010353 -8.38775e-18  -0.00734091 -2.24694e-17    0.0158816 -7.77542e-17    0.0325011 -9.51789e-17     0.024915 -4.63367e-17   0.00894722  -6.1272e-18   0.00108981
-2.51261e-19  -0.00020128  8.53825e-19  0.000584316  7.04422e-18   0.00241281  7.19493e-18  -0.00166892  4.59452e-18   -0.0103005  4.78177e-18  -0.00385043 -3.40048e-17    0.0208873 -9.51789e-17    0.0353508 -9.29629e-17    0.0245007 -3.77385e-17   0.00727327 -4.40587e-18
-3.69696e-05 -4.10273e-19 -0.000173727  9.52465e-19  0.000771731   5.3052e-18   0.00185237  8.45176e-18  -0.00292161  1.58875e-17   -0.0091266  9.22938e-18   0.00119118 -4.39779e-17     0.024915 -9.29629e-17    0.0330148 -7.18334e-17    0.0181945 -2.18057e-17   0.00327248
-8.04077e-20 -5.94713e-05 -4.41173e-19 -8.90898e-05  6.14002e-19  0.000837036  3.79478e-18   0.00101401  1.10841e-17  -0.00369487  2.15344e-17  -0.00635492  5.34596e-18   0.00638888 -4.63367e-17    0.0245007 -7.18334e-17    0.0241577 -4.16213e-17   0.00922872 -7.49276e-18
-3.99155e-07 -1.20229e-19 -6.20231e-05 -3.76069e-19  1.49294e-05  2.28607e-19   0.00070741   3.3777e-18  0.000121952  1.25863e-17  -0.00342858  1.89623e-17  -0.00256776 -2.02514e-18   0.00894722 -3.77385e-17    0.0181945 -4.16213e-17    0.0125989 -1.63505e-17   0.00265771
 -2.7955e-21 -3.75721e-06 -1.01173e-19 -4.19884e-05 -2.66437e-19  7.95969e-05  1.49587e-19  0.000409026  3.31644e-18 -0.000420554  1.03441e-17  -0.00211532  1.06228e-17  0.000392613  -6.1272e-18   0.00727327 -2.18057e-17   0.00922872 -1.63505e-17   0.00410153 -3.52085e-18
 4.04137e-07 -2.73383e-21 -4.35229e-06   -5.299e-20 -1.40249e-05 -1.29624e-19  6.72702e-05  2.38174e-19  0.000114887  2.29053e-18 -0.000388324   5.0798e-18 -0.000659003  2.97742e-18   0.00108981 -4.40587e-18   0.00327248 -7.49276e-18   0.00265771 -3.52085e-18  0.000621495
