 4.72402e-17 -5.21769e-27 -1.65725e-15  1.53801e-25  2.32537e-14 -1.63552e-24 -2.01554e-13  1.12313e-23  1.24456e-12 -5.74129e-23 -5.87671e-12  2.31692e-22  2.21083e-11 -7.63987e-22 -6.79533e-11  2.10563e-21  1.73251e-10  -4.9254e-21 -3.69164e-10  9.87894e-21  6.57679e-10 -1.70982e-20 -9.71533e-10  2.56141e-20  1.16365e-09 -3.32055e-20 -1.07089e-09  3.71055e-20  6.43863e-10 -3.54237e-20 -4.41885e-11  2.84063e-20 -4.15211e-10  -1.8515e-20  4.92487e-10  9.10473e-21 -2.21818e-10 -2.61522e-21 -1.13761e-10 -4.23526e-22  2.40791e-10  1.02938e-21 -1.28308e-10  -6.3677e-22 -4.09428e-11  1.97609e-22  9.86719e-11 -2.24959e-25 -4.41534e-11 -2.99814e-23  -1.9204e-11  1.38977e-23  2.96313e-11 -2.83035e-24 -8.37286e-12  1.31518e-25 -5.35074e-12  3.33742e-26  4.46329e-12 -1.85272e-27 -8.34205e-13
-5.21769e-27  2.35523e-15 -6.96889e-26 -4.72465e-14  1.42606e-24  5.07813e-13 -1.21374e-23 -3.67239e-12  7.12616e-23   1.9704e-11 -3.21673e-22 -8.27267e-11  1.16812e-21  2.80627e-10 -3.51016e-21 -7.84423e-10  8.89375e-21  1.82701e-09 -1.92425e-20 -3.55976e-09   3.5849e-20  5.78075e-09 -5.77906e-20 -7.71166e-09  8.07555e-20  8.16099e-09 -9.76781e-20 -6.25886e-09  1.01723e-19  2.38041e-09 -9.02269e-20   1.6442e-09  6.67964e-20 -3.62024e-09 -3.96492e-20  2.72374e-09  1.71098e-20 -2.53149e-10 -3.50653e-21 -1.53662e-09  -1.7897e-21  1.46656e-09  2.22677e-21 -2.49161e-10  -1.1579e-21 -6.40989e-10  3.15486e-22  5.70642e-10 -2.55035e-24 -4.91812e-11 -3.38452e-23 -2.26878e-10  1.27986e-23  1.44294e-10  -1.9811e-24  5.71987e-12  1.23847e-25 -4.38981e-11 -2.36586e-26  1.72468e-11 -7.71724e-27
-1.65725e-15 -6.96889e-26  5.81695e-14  -5.2629e-25 -8.16581e-13  7.98543e-24  7.08059e-12  -5.6074e-23 -4.37351e-11  2.86075e-22  2.06556e-10 -1.14951e-21 -7.77136e-10   3.7739e-21  2.38848e-09 -1.03648e-20 -6.08781e-09  2.41862e-20  1.29643e-08 -4.84566e-20 -2.30725e-08  8.39139e-20  3.40228e-08 -1.26064e-19 -4.06233e-08  1.64412e-19  3.71523e-08 -1.85699e-19 -2.19493e-08  1.80486e-19  8.23779e-10 -1.49132e-19  1.51289e-08  1.02462e-19  -1.7451e-08 -5.60242e-20  7.54735e-09  2.18604e-20  4.40226e-09 -3.61059e-21 -8.72288e-09  -2.4076e-21   4.4934e-09  2.42883e-21  1.62248e-09   -1.094e-21 -3.61689e-09  2.58446e-22   1.5686e-09 -9.79082e-24  7.38576e-10 -8.75723e-24 -1.09305e-09 -9.41022e-25  3.02015e-10  1.62809e-24  2.00283e-10 -4.00922e-25 -1.64914e-10   1.0147e-25   3.0724e-11
 1.53801e-25 -4.72465e-14  -5.2629e-25  9.48218e-13 -2.60921e-24 -1.01957e-11  3.03363e-23  7.37578e-11 -1.80443e-22 -3.95842e-10  8.09569e-22  1.66217e-09 -2.91281e-21 -5.63851e-09  8.67948e-21  1.57585e-08 -2.18452e-20 -3.66888e-08  4.70308e-20  7.14317e-08 -8.73403e-20 -1.15852e-07  1.40639e-19  1.54209e-07 -1.96842e-19 -1.62527e-07  2.39387e-19  1.23488e-07  -2.5208e-19 -4.50397e-08  2.28115e-19 -3.55672e-08 -1.75016e-19  7.40901e-08  1.11161e-19 -5.44647e-08 -5.58364e-20  3.69798e-09   1.9895e-20  3.22631e-08 -3.13295e-21 -2.99453e-08 -1.41724e-21  4.54508e-09  1.15036e-21  1.35945e-08 -2.86355e-22 -1.17969e-08 -3.62339e-23  8.64414e-10  3.09174e-23  4.80713e-09  8.39452e-24  -3.0132e-09 -1.23706e-23  -1.3283e-10  5.24297e-24  9.22568e-10 -1.54615e-24 -3.61099e-10  4.54988e-25
 2.32537e-14  1.42606e-24 -8.16581e-13 -2.60921e-24  1.14678e-11 -8.76793e-24 -9.94723e-11  8.14315e-23  6.14583e-10 -4.21573e-22 -2.90316e-09  1.67808e-21  1.09235e-08 -5.43586e-21 -3.35707e-08  1.47752e-20  8.55446e-08  -3.4224e-20 -1.82079e-07  6.81976e-20  3.23751e-07 -1.17617e-19 -4.76663e-07  1.76176e-19  5.67564e-07  -2.2942e-19 -5.16174e-07   2.5923e-19  3.00089e-07 -2.52751e-19 -2.53437e-09  2.10426e-19 -2.19336e-07 -1.46901e-19  2.47137e-07  8.32977e-20 -1.03089e-07 -3.61045e-20 -6.68703e-08  1.04131e-20   1.2592e-07 -1.25177e-21 -6.30965e-08  1.19746e-22 -2.49998e-08 -7.73688e-22    5.272e-08  8.81979e-22 -2.23615e-08 -5.08078e-22 -1.10906e-08   1.6566e-22  1.60008e-08 -1.89133e-23 -4.38799e-09 -1.07773e-23  -2.9228e-09  8.27325e-24   2.3992e-09 -3.34256e-24 -4.46459e-10
-1.63552e-24  5.07813e-13  7.98543e-24 -1.01957e-11 -8.76793e-24  1.09668e-10 -2.08639e-23  -7.9359e-10  1.66319e-22  4.25994e-09 -7.66527e-22 -1.78901e-08   2.7129e-21  6.06886e-08 -7.95915e-21  -1.6959e-07  1.99044e-20  3.94706e-07 -4.28119e-20 -7.67996e-07   7.9567e-20  1.24422e-06 -1.28135e-19 -1.65304e-06  1.79065e-19  1.73604e-06 -2.16911e-19 -1.30823e-06  2.26571e-19  4.58906e-07 -2.01793e-19  4.06552e-07  1.50025e-19 -8.10504e-07 -8.92875e-20  5.84388e-07  3.86043e-20 -2.72472e-08 -8.46428e-21 -3.60334e-07 -2.29327e-21  3.27351e-07  2.03324e-21 -4.52052e-08  8.68808e-22 -1.52843e-07 -2.26393e-21   1.3039e-07  1.92615e-21 -8.59626e-09 -1.04193e-21  -5.3863e-08  3.90575e-22  3.36008e-08 -8.86799e-23  1.39136e-09  -4.2204e-24 -1.01793e-08  1.40549e-23  3.98677e-09 -5.36881e-24
-2.01554e-13 -1.21374e-23  7.08059e-12  3.03363e-23 -9.94723e-11 -2.08639e-23  8.63079e-10 -4.03906e-23 -5.33372e-09  3.04439e-22  2.51994e-08 -1.22858e-21 -9.48227e-08  3.81992e-21  2.91401e-07 -1.02359e-20 -7.42399e-07  2.39747e-20  1.57952e-06 -4.88611e-20 -2.80642e-06  8.62854e-20  4.12662e-06 -1.31973e-19 -4.90225e-06  1.74955e-19  4.43732e-06 -2.00447e-19  -2.5439e-06  1.96562e-19 -4.43274e-08 -1.61598e-19  1.95427e-06  1.06517e-19 -2.16122e-06 -5.01216e-20  8.75225e-07  9.35171e-21  6.16347e-07  9.16961e-21 -1.11876e-06 -1.03054e-20  5.49766e-07   4.1894e-21  2.31464e-07  1.21471e-21 -4.71767e-07 -3.21211e-21  1.98037e-07   2.7966e-21  1.00135e-07 -1.64994e-21  -1.4341e-07  6.93362e-22  3.97936e-08 -1.66424e-22  2.55123e-08 -1.33736e-23 -2.11431e-08  2.48423e-23  3.94025e-09
 1.12313e-23 -3.67239e-12  -5.6074e-23  7.37578e-11  8.14315e-23  -7.9359e-10 -4.03906e-23  5.74401e-09 -8.23575e-23  -3.0839e-08  5.55463e-22  1.29526e-07 -1.75776e-21 -4.39401e-07  4.60747e-21  1.22776e-06  -1.1423e-20 -2.85677e-06  2.60498e-20  5.55585e-06 -5.24009e-20 -8.99328e-06  9.11917e-20  1.19304e-05 -1.37491e-19 -1.24936e-05  1.80439e-19  9.35141e-06 -2.05747e-19 -3.17115e-06  2.01849e-19 -3.08625e-06  -1.6682e-19  5.95248e-06  1.11284e-19 -4.22951e-06 -5.45005e-20  1.29241e-07   1.3983e-20  2.68728e-06  4.19169e-21  -2.4074e-06 -5.84949e-21  3.13399e-07  1.07059e-21  1.14261e-06  3.10109e-21 -9.68034e-07 -4.59504e-21  6.37024e-08  4.05902e-21  3.99822e-07 -2.56517e-21 -2.51269e-07  1.07705e-21 -7.42482e-09 -2.03847e-22  7.36231e-08 -4.92274e-23 -2.90231e-08  3.19498e-23
 1.24456e-12  7.12616e-23 -4.37351e-11 -1.80443e-22  6.14583e-10  1.66319e-22 -5.33372e-09 -8.23575e-23  3.29679e-08 -1.67722e-22 -1.55779e-07  6.79391e-22  5.86218e-07 -9.06933e-22 -1.80148e-06  9.36475e-22    4.589e-06 -2.74741e-21 -9.76062e-06  1.06731e-20   1.7333e-05 -2.93005e-20 -2.54627e-05     6.08e-20  3.01963e-05 -1.03786e-19 -2.72337e-05  1.51087e-19  1.54411e-05 -1.89123e-19  5.94457e-07  2.03037e-19 -1.23399e-05 -1.85157e-19  1.34661e-05  1.41964e-19 -5.34366e-06 -9.18093e-20 -3.97342e-06  5.17834e-20  7.05491e-06 -2.74273e-20 -3.43616e-06   1.5124e-20 -1.48167e-06 -9.72877e-21  2.98688e-06  7.98971e-21 -1.25999e-06 -7.67113e-21 -6.23232e-07  6.55868e-21  9.06066e-07  -4.0251e-21 -2.60603e-07  1.47149e-21 -1.51847e-07 -1.46243e-22  1.29393e-07 -1.05349e-22 -2.42375e-08
-5.74129e-23   1.9704e-11  2.86075e-22 -3.95842e-10 -4.21573e-22  4.25994e-09  3.04439e-22  -3.0839e-08 -1.67722e-22  1.65595e-07 -1.49295e-22 -6.95573e-07 -9.82054e-22  2.35972e-06  6.79176e-21 -6.59316e-06 -1.93045e-20  1.53388e-05  3.68936e-20 -2.98217e-05 -5.38191e-20  4.82459e-05  6.32005e-20 -6.39382e-05 -5.67772e-20  6.68255e-05   2.6725e-20 -4.97781e-05  2.60935e-20  1.64517e-05 -8.83585e-20  1.71557e-05  1.39826e-19 -3.23646e-05 -1.65195e-19  2.27979e-05  1.64598e-19 -4.90663e-07 -1.48007e-19  -1.4744e-05  1.21463e-19  1.31432e-05 -8.70499e-20 -1.70557e-06  5.18834e-20 -6.24958e-06 -2.66072e-20  5.32473e-06  1.57233e-20 -3.99446e-07 -1.33711e-20 -2.15956e-06  1.07944e-20  1.38901e-06 -5.86789e-21  8.36315e-09  1.65408e-21   -3.813e-07  2.13719e-23  1.52607e-07  -1.1517e-22
-5.87671e-12 -3.21673e-22  2.06556e-10  8.09569e-22 -2.90316e-09 -7.66527e-22  2.51994e-08  5.55463e-22 -1.55779e-07 -1.49295e-22  7.36155e-07  6.78684e-22 -2.77043e-06 -8.43877e-21  8.51381e-06  3.04557e-20 -2.16866e-05 -6.93833e-20  4.61203e-05  1.19593e-19 -8.18781e-05 -1.71681e-19   0.00012022  2.15784e-19 -0.000142429 -2.37296e-19  0.000128176  2.22925e-19 -7.21608e-05 -1.70778e-19 -3.80591e-06  8.97592e-20  5.92484e-05  5.53249e-21  -6.4206e-05 -1.02844e-19  2.52852e-05  1.91076e-19  1.91899e-05 -2.46567e-19 -3.38845e-05  2.41943e-19   1.6584e-05 -1.79935e-19  6.99551e-06  1.00473e-19 -1.43443e-05 -4.56357e-20  6.19993e-06  2.59669e-20  2.83796e-06 -2.23295e-20 -4.31984e-06  1.64179e-20  1.32594e-06 -7.40126e-21  6.47368e-07  1.38088e-21 -5.84654e-07  2.55488e-22  1.10683e-07
 2.31692e-22 -8.27267e-11 -1.14951e-21  1.66217e-09  1.67808e-21 -1.78901e-08 -1.22858e-21  1.29526e-07  6.79391e-22 -6.95573e-07  6.78684e-22  2.92193e-06  3.69585e-21 -9.91311e-06 -2.60193e-20  2.76982e-05  7.26989e-20  -6.4438e-05  -1.3592e-19  0.000125271    1.975e-19 -0.000202631  -2.4862e-19  0.000268441  2.89049e-19 -0.000280336 -3.18376e-19  0.000208351  3.37384e-19 -6.79188e-05 -3.36707e-19 -7.35657e-05  2.88269e-19  0.000137401 -1.60255e-19 -9.66795e-05 -5.45922e-20  2.10858e-06  2.99328e-19   6.2674e-05 -4.58412e-19 -5.62251e-05  4.50756e-19  7.81845e-06 -3.11965e-19  2.62837e-05  1.55176e-19   -2.289e-05 -6.47555e-20  2.20212e-06  4.02397e-20  8.89367e-06 -3.46821e-20  -5.9803e-06  2.20187e-20  1.92099e-07 -7.67942e-21  1.46716e-06  6.41529e-22 -6.04708e-07  2.33933e-22
 2.21083e-11  1.16812e-21 -7.77136e-10 -2.91281e-21  1.09235e-08   2.7129e-21 -9.48227e-08 -1.75776e-21  5.86218e-07 -9.82054e-22 -2.77043e-06  3.69585e-21  1.04268e-05  9.98857e-21 -3.20446e-05 -5.13891e-20  8.16304e-05  1.08222e-19 -0.000173613 -1.40067e-19  0.000308238  1.18916e-19 -0.000452603 -6.57131e-20  0.000536206  3.37564e-20 -0.000482409 -8.41598e-20  0.000271113  2.41149e-19  1.56206e-05 -4.33023e-19 -0.000225182  5.07799e-19  0.000244223 -3.24861e-19 -9.70622e-05 -1.18513e-19 -7.20007e-05  6.13515e-19  0.000129065 -8.70076e-19 -6.45967e-05  7.74985e-19 -2.50505e-05 -4.76316e-19  5.43256e-05  2.08863e-19 -2.46479e-05 -8.63816e-20 -9.63089e-06  6.13587e-20  1.61188e-05 -4.92408e-20 -5.46324e-06  2.56845e-20 -1.96514e-06 -6.41519e-21  1.99828e-06 -1.36458e-22 -3.85909e-07
-7.63987e-22  2.80627e-10   3.7739e-21 -5.63851e-09 -5.43586e-21  6.06886e-08  3.81992e-21 -4.39401e-07 -9.06933e-22  2.35972e-06 -8.43877e-21 -9.91311e-06  9.98857e-21  3.36343e-05  1.80971e-20 -9.39882e-05 -6.33462e-20  0.000218692  5.62593e-20 -0.000425249  9.03571e-20  0.000688081 -3.72472e-19 -0.000911987  6.68345e-19  0.000953063 -7.89827e-19 -0.000709122  5.69286e-19  0.000231791 -1.91687e-20  0.000250602 -5.84609e-19 -0.000470198  8.31401e-19  0.000333714 -4.44276e-19 -1.14163e-05 -4.37671e-19 -0.000212566  1.26643e-18  0.000194752 -1.53038e-18 -3.13222e-05  1.19599e-18 -8.72234e-05 -6.43855e-19  7.93763e-05  2.54739e-19 -1.05338e-05 -1.15769e-19 -2.85046e-05  8.98655e-20   2.0656e-05 -6.23886e-20 -1.82645e-06  2.52872e-20 -4.19221e-06  -3.7347e-21  1.82882e-06 -4.92176e-23
-6.79533e-11 -3.51016e-21  2.38848e-09  8.67948e-21 -3.35707e-08 -7.95915e-21  2.91401e-07  4.60747e-21 -1.80148e-06  6.79176e-21  8.51381e-06 -2.60193e-20 -3.20446e-05  1.80971e-20   9.8495e-05  2.00892e-20 -0.000250959 -2.29545e-21  0.000533925 -2.46538e-19  -0.00094844  8.25649e-19   0.00139375 -1.59971e-18  -0.00165327  2.23088e-18   0.00149066 -2.29841e-18 -0.000842194  1.55187e-18 -4.21583e-05 -2.21061e-19  0.000693674 -9.91601e-19 -0.000760544  1.28911e-18  0.000311585 -3.61663e-19  0.000213265 -1.21409e-18 -0.000399313  2.35206e-18  0.000208922 -2.40541e-18  6.78188e-05  1.63592e-18 -0.000165767 -7.70717e-19  8.13392e-05  2.90204e-19  2.37025e-05 -1.56324e-19  -4.7881e-05  1.21608e-19  1.86471e-05 -7.02242e-20  3.79395e-06  2.17918e-20 -5.12459e-06 -2.17502e-21  1.02842e-06
 2.10563e-21 -7.84423e-10 -1.03648e-20  1.57585e-08  1.47752e-20  -1.6959e-07 -1.02359e-20  1.22776e-06  9.36475e-22 -6.59316e-06  3.04557e-20  2.76982e-05 -5.13891e-20 -9.39882e-05  2.00892e-20  0.000262703 -6.08372e-21 -0.000611503   2.5368e-19   0.00118983  -1.0535e-18  -0.00192715  2.39978e-18   0.00255831 -3.87827e-18  -0.00268074  4.78973e-18   0.00200568 -4.42368e-18 -0.000671596  2.61139e-18 -0.000688007 -9.81767e-20   0.00132212 -1.73626e-18 -0.000958521   1.6885e-18  5.94661e-05  2.52883e-19  0.000583922 -2.66437e-18  -0.00055739  3.86351e-18  0.000110732 -3.35962e-18  0.000230306   1.9772e-18 -0.000226143 -8.20579e-19  4.27162e-05   3.1857e-19  7.08924e-05   -2.049e-19  -5.8067e-05  1.47336e-19  9.72677e-06 -6.79422e-20  8.37336e-06  1.41886e-20 -4.13702e-06 -1.35446e-21
 1.73251e-10  8.89375e-21 -6.08781e-09 -2.18452e-20  8.55446e-08  1.99044e-20 -7.42399e-07  -1.1423e-20    4.589e-06 -1.93045e-20 -2.16866e-05  7.26989e-20  8.16304e-05 -6.33462e-20 -0.000250959 -6.08372e-21  0.000639698 -1.06308e-19  -0.00136194  8.89667e-19   0.00242202 -2.65369e-18  -0.00356558  5.10401e-18   0.00424201 -7.37852e-18  -0.00384582  8.27518e-18   0.00220444 -6.86451e-18  5.84598e-05  3.38704e-18  -0.00175356  5.36949e-19   0.00197016 -2.65299e-18 -0.000853789  1.57844e-18 -0.000496916  1.80934e-18   0.00101634 -4.88808e-18 -0.000571341  5.63013e-18 -0.000130924 -4.17037e-18  0.000410866   2.1057e-18 -0.000226282 -7.82459e-19 -3.62102e-05  3.42783e-19  0.000113164  -2.4994e-19 -5.31615e-05  1.59168e-19 -1.50795e-06 -6.05244e-20   9.2177e-06  1.30373e-20 -2.01678e-06
 -4.9254e-21  1.82701e-09  2.41862e-20 -3.66888e-08  -3.4224e-20  3.94706e-07  2.39747e-20 -2.85677e-06 -2.74741e-21  1.53388e-05 -6.93833e-20  -6.4438e-05  1.08222e-19  0.000218692 -2.29545e-21 -0.000611503 -1.06308e-19   0.00142445  -3.4873e-19  -0.00277496  2.09428e-18   0.00450317 -5.24383e-18  -0.00599654  9.02828e-18   0.00631746 -1.19641e-17  -0.00478076  1.22746e-17   0.00168324 -9.07974e-18   0.00152339  3.46376e-18  -0.00308541  1.71798e-18   0.00232332 -3.32041e-18 -0.000253652  3.91955e-19  -0.00130224  4.56875e-18   0.00133299 -7.71524e-18 -0.000342982  7.29991e-18 -0.000478021 -4.58666e-18  0.000533333  1.96255e-18  -0.00014455 -6.77047e-19 -0.000131237  3.65179e-19  0.000132812 -2.80784e-19 -3.67664e-05  1.52336e-19 -8.51942e-06 -4.26155e-20  6.36289e-06  4.08294e-21
-3.69164e-10 -1.92425e-20  1.29643e-08  4.70308e-20 -1.82079e-07 -4.28119e-20  1.57952e-06  2.60498e-20 -9.76062e-06  3.68936e-20  4.61203e-05  -1.3592e-19 -0.000173613  5.62593e-20  0.000533925   2.5368e-19  -0.00136194  -3.4873e-19   0.00290317 -7.97338e-19  -0.00517313  3.95878e-18   0.00763986 -8.81451e-18   -0.0091375  1.39726e-17   0.00836676   -1.715e-17  -0.00492331  1.60871e-17  8.32411e-05 -1.04004e-17    0.0036462  2.48832e-18  -0.00428064  3.25502e-18    0.0020225 -3.15869e-18  0.000878289 -2.28743e-18  -0.00213364  8.39974e-18   0.00133413 -1.06431e-17  0.000133622  8.40887e-18 -0.000821718 -4.41988e-18  0.000533382  1.56305e-18 -7.39865e-07 -5.25759e-19 -0.000207021   3.6404e-19   0.00012581 -2.75487e-19 -1.99113e-05   1.3028e-19 -8.30391e-06 -4.18015e-20  2.49019e-06
 9.87894e-21 -3.55976e-09 -4.84566e-20  7.14317e-08  6.81976e-20 -7.67996e-07 -4.88611e-20  5.55585e-06  1.06731e-20 -2.98217e-05  1.19593e-19  0.000125271 -1.40067e-19 -0.000425249 -2.46538e-19   0.00118983  8.89667e-19  -0.00277496 -7.97338e-19   0.00541671 -1.47485e-18  -0.00881849  6.43053e-18    0.0118046 -1.31753e-17   -0.0125502  1.95279e-17   0.00968161 -2.22583e-17  -0.00369282  1.89442e-17  -0.00267019 -1.02305e-17   0.00598491   3.3504e-19  -0.00478781  4.71031e-18  0.000862826  -1.6458e-18   0.00232412 -6.42652e-18  -0.00267075  1.26654e-17  0.000918058 -1.29364e-17  0.000739324   8.5491e-18  -0.00103634 -3.65265e-18  0.000404131  1.02063e-18  0.000152343 -3.92385e-19 -0.000241625  3.76214e-19  0.000104674  -2.7395e-19 -1.16355e-05  1.06292e-19 -3.77137e-06 -3.52036e-21
 6.57679e-10   3.5849e-20 -2.30725e-08 -8.73403e-20  3.23751e-07   7.9567e-20 -2.80642e-06 -5.24009e-20   1.7333e-05 -5.38191e-20 -8.18781e-05    1.975e-19  0.000308238  9.03571e-20  -0.00094844  -1.0535e-18   0.00242202  2.09428e-18  -0.00517313 -1.47485e-18   0.00924777 -2.35428e-18   -0.0137286  9.38921e-18    0.0165624 -1.81049e-17   -0.0154114  2.52465e-17   0.00945072 -2.66413e-17 -0.000796987  2.02136e-17  -0.00617186 -8.21145e-18   0.00780724 -2.79244e-18  -0.00416398  5.53565e-18  -0.00102418  1.35395e-18    0.0036566 -1.13459e-17   -0.0026635  1.63333e-17  0.000166524 -1.38586e-17   0.00128333  7.52972e-18  -0.00105802 -2.41246e-18  0.000203416  4.04147e-19  0.000265108 -2.09445e-19 -0.000240541  2.83124e-19  8.59953e-05 -1.79998e-19 -1.13839e-05  7.08351e-20 -1.91602e-07
-1.70982e-20  5.78075e-09  8.39139e-20 -1.15852e-07 -1.17617e-19  1.24422e-06  8.62854e-20 -8.99328e-06 -2.93005e-20  4.82459e-05 -1.71681e-19 -0.000202631  1.18916e-19  0.000688081  8.25649e-19  -0.00192715 -2.65369e-18   0.00450317  3.95878e-18  -0.00881849 -2.35428e-18    0.0144312 -3.39713e-18   -0.0194809  1.27772e-17     0.021014 -2.34522e-17   -0.0167023  3.07314e-17   0.00712702 -2.97832e-17    0.0034784   1.9456e-17  -0.00956019 -4.29543e-18   0.00839339 -6.42918e-18  -0.00235926  5.39333e-18   -0.0031593  5.30171e-18   0.00444539 -1.58081e-17  -0.00209063  1.83209e-17 -0.000687337 -1.29861e-17   0.00161769  5.53782e-18 -0.000922792 -1.04425e-18  1.02899e-05 -3.34592e-20  0.000323412 -2.26808e-19 -0.000224991  3.86475e-19  7.47451e-05 -2.41393e-19 -1.16126e-05  2.64424e-21
-9.71533e-10 -5.77906e-20  3.40228e-08  1.40639e-19 -4.76663e-07 -1.28135e-19  4.12662e-06  9.11917e-20 -2.54627e-05  6.32005e-20   0.00012022  -2.4862e-19 -0.000452603 -3.72472e-19   0.00139375  2.39978e-18  -0.00356558 -5.24383e-18   0.00763986  6.43053e-18   -0.0137286 -3.39713e-18    0.0205509 -4.60313e-18   -0.0251356  1.66282e-17    0.0239812  -2.9061e-17   -0.0156246  3.55914e-17   0.00281274 -3.12461e-17    0.0082203  1.64055e-17    -0.011845  1.26837e-18   0.00743039  -1.0101e-17  0.000183418  4.49104e-18  -0.00493943  9.00341e-18   0.00450222 -1.84628e-17  -0.00117609  1.79278e-17  -0.00140297 -1.03828e-17   0.00172174  2.95794e-18 -0.000726564  3.32871e-19 -0.000130734 -5.61238e-19  0.000344639  1.04123e-19 -0.000206618  1.10655e-20  6.27244e-05  3.96617e-20 -7.38666e-06
 2.56141e-20 -7.71166e-09 -1.26064e-19  1.54209e-07  1.76176e-19 -1.65304e-06 -1.31973e-19  1.19304e-05     6.08e-20 -6.39382e-05  2.15784e-19  0.000268441 -6.57131e-20 -0.000911987 -1.59971e-18   0.00255831  5.10401e-18  -0.00599654 -8.81451e-18    0.0118046  9.38921e-18   -0.0194809 -4.60313e-18    0.0266545 -6.01215e-18   -0.0294163  2.09257e-17     0.024457  -3.4605e-17   -0.0120707  3.93508e-17  -0.00260703 -3.05856e-17    0.0122175  1.09751e-17   -0.0124068  8.06871e-18   0.00522702 -1.36459e-17    0.0027396  3.65876e-18    -0.005971  1.10737e-17   0.00397382 -1.84461e-17 -0.000232231  1.51461e-17  -0.00187436 -6.64976e-18   0.00168149  4.34032e-19 -0.000544977   1.2087e-18 -0.000222481 -4.61298e-19  0.000343846 -3.67198e-19   -0.0001778   5.1935e-19  4.24579e-05 -1.00501e-19
 1.16365e-09  8.07555e-20 -4.06233e-08 -1.96842e-19  5.67564e-07  1.79065e-19 -4.90225e-06 -1.37491e-19  3.01963e-05 -5.67772e-20 -0.000142429  2.89049e-19  0.000536206  6.68345e-19  -0.00165327 -3.87827e-18   0.00424201  9.02828e-18   -0.0091375 -1.31753e-17    0.0165624  1.27772e-17   -0.0251356 -6.01215e-18     0.031433 -7.63436e-18   -0.0311799  2.54108e-17    0.0221438 -3.95254e-17  -0.00684201  4.14169e-17  -0.00777394 -2.73602e-17    0.0145495  3.25702e-18   -0.0113418  1.57666e-17   0.00254748 -1.73476e-17   0.00471399  3.94156e-18  -0.00626197  1.07512e-17   0.00319654 -1.59546e-17  0.000542539  1.09247e-17   -0.0021467 -2.90638e-18   0.00159017 -1.48711e-18 -0.000395416  1.89275e-18 -0.000276693 -1.03128e-18  0.000312345  6.46361e-19  -0.00012888 -6.37807e-19  1.85416e-05
-3.32055e-20  8.16099e-09  1.64412e-19 -1.62527e-07  -2.2942e-19  1.73604e-06  1.74955e-19 -1.24936e-05 -1.03786e-19  6.68255e-05 -2.37296e-19 -0.000280336  3.37564e-20  0.000953063  2.23088e-18  -0.00268074 -7.37852e-18   0.00631746  1.39726e-17   -0.0125502 -1.81049e-17     0.021014  1.66282e-17   -0.0294163 -7.63436e-18    0.0336962 -9.36558e-18   -0.0299976  2.95643e-17    0.0177417 -4.31607e-17  -0.00137087  4.11631e-17    -0.011513 -2.12608e-17    0.0150626 -6.52676e-18  -0.00936898  2.42328e-17  0.000144751 -2.17366e-17   0.00594322  6.03009e-18   -0.0061147  8.08909e-18   0.00244034 -1.15528e-17   0.00113306   5.7911e-18  -0.00230775  9.06717e-19   0.00147948  -3.3332e-18 -0.000274185  2.28569e-18 -0.000278494 -3.77631e-19  0.000236627 -7.96167e-19 -6.90543e-05  6.42274e-19
-1.07089e-09 -9.76781e-20  3.71523e-08  2.39387e-19 -5.16174e-07 -2.16911e-19  4.43732e-06  1.80439e-19 -2.72337e-05   2.6725e-20  0.000128176 -3.18376e-19 -0.000482409 -7.89827e-19   0.00149066  4.78973e-18  -0.00384582 -1.19641e-17   0.00836676  1.95279e-17   -0.0154114 -2.34522e-17    0.0239812  2.09257e-17   -0.0311799 -9.36558e-18    0.0329685 -1.09856e-17   -0.0264901  3.28383e-17    0.0127047 -4.49813e-17   0.00298156   3.8149e-17   -0.0134287 -1.23286e-17    0.0143674 -1.79515e-17  -0.00733241  3.32238e-17  -0.00165255 -2.67745e-17   0.00665031  9.10642e-18  -0.00583034  5.13636e-18   0.00177743 -8.24571e-18     0.001602  3.57856e-18  -0.00238668  6.85409e-19   0.00134962 -1.50243e-18 -0.000207361  8.16791e-19 -0.000205144 -8.87273e-19  0.000132028  1.69566e-18 -2.19969e-05
 3.71055e-20 -6.25886e-09 -1.85699e-19  1.23488e-07   2.5923e-19 -1.30823e-06 -2.00447e-19  9.35141e-06  1.51087e-19 -4.97781e-05  2.22925e-19  0.000208351 -8.41598e-20 -0.000709122 -2.29841e-18   0.00200568  8.27518e-18  -0.00478076   -1.715e-17   0.00968161  2.52465e-17   -0.0167023  -2.9061e-17     0.024457  2.54108e-17   -0.0299976 -1.09856e-17    0.0298408 -1.22789e-17   -0.0221089  3.49585e-17   0.00851144 -4.47928e-17   0.00561973  3.24218e-17   -0.0139967 -1.18969e-18    0.0133353 -3.01605e-17  -0.00568918  4.21408e-17   -0.0029715 -3.21151e-17     0.007127  1.28775e-17  -0.00551342  8.93673e-19   0.00117313 -2.45955e-18   0.00195808 -2.88583e-18   -0.0023726  7.11468e-18   0.00123646 -7.44751e-18 -0.000234386   4.7689e-18 -7.61607e-05 -9.44122e-19   4.2298e-05 -1.78518e-18
 6.43863e-10  1.01723e-19 -2.19493e-08  -2.5208e-19  3.00089e-07  2.26571e-19  -2.5439e-06 -2.05747e-19  1.54411e-05  2.60935e-20 -7.21608e-05  3.37384e-19  0.000271113  5.69286e-19 -0.000842194 -4.42368e-18   0.00220444  1.22746e-17  -0.00492331 -2.22583e-17   0.00945072  3.07314e-17   -0.0156246  -3.4605e-17    0.0221438  2.95643e-17   -0.0264901 -1.22789e-17    0.0257611 -1.31762e-17    -0.018394  3.60355e-17   0.00589929  -4.2864e-17   0.00689241  2.48299e-17   -0.0140723  1.05668e-17    0.0125035 -4.11359e-17   -0.0043954  4.87863e-17  -0.00407155 -3.45582e-17   0.00747792  1.20521e-17  -0.00513993  4.05696e-18  0.000645155 -8.88102e-18   0.00216023   8.6713e-18  -0.00229968 -8.74883e-18   0.00120059  8.69162e-18  -0.00033759 -5.90438e-18  3.89666e-05  3.12485e-19  8.89358e-08
-3.54237e-20  2.38041e-09  1.80486e-19 -4.50397e-08 -2.52751e-19  4.58906e-07  1.96562e-19 -3.17115e-06 -1.89123e-19  1.64517e-05 -1.70778e-19 -6.79188e-05  2.41149e-19  0.000231791  1.55187e-18 -0.000671596 -6.86451e-18   0.00168324  1.60871e-17  -0.00369282 -2.66413e-17   0.00712702  3.55914e-17   -0.0120707 -3.95254e-17    0.0177417  3.28383e-17   -0.0221089 -1.31762e-17    0.0222879 -1.37818e-17   -0.0161646  3.64479e-17    0.0046166 -3.99936e-17   0.00762131  1.70902e-17   -0.0142321  2.05641e-17    0.0118821 -4.88202e-17  -0.00322261  5.28321e-17  -0.00503553 -3.67561e-17   0.00766194  1.56079e-17  -0.00474152 -5.09438e-18  0.000275714  8.12111e-18    0.0022233 -1.69099e-17  -0.00224659  2.36052e-17   0.00123332  -2.3089e-17 -0.000420429  1.38609e-17  7.94549e-05  3.86795e-19
-4.41885e-11 -9.02269e-20  8.23779e-10  2.28115e-19 -2.53437e-09 -2.01793e-19 -4.43274e-08  2.01849e-19  5.94457e-07 -8.83585e-20 -3.80591e-06 -3.36707e-19  1.56206e-05 -1.91687e-20 -4.21583e-05  2.61139e-18  5.84598e-05 -9.07974e-18  8.32411e-05  1.89442e-17 -0.000796987 -2.97832e-17   0.00281274  3.93508e-17  -0.00684201 -4.31607e-17    0.0127047  3.49585e-17    -0.018394 -1.37818e-17    0.0202668 -1.42843e-17   -0.0152277  3.67589e-17   0.00387319 -3.76875e-17   0.00839775  1.20042e-17   -0.0145109  2.50451e-17    0.0112558 -4.91914e-17   -0.0021121  4.87304e-17   -0.0057831 -2.75399e-17   0.00769963 -1.61119e-19  -0.00443604  2.10411e-17  8.26493e-05 -3.42965e-17   0.00223479  4.32918e-17  -0.00221771 -4.67351e-17    0.0012137  3.95484e-17 -0.000388252 -1.96835e-17   5.0491e-05
 2.84063e-20   1.6442e-09 -1.49132e-19 -3.55672e-08  2.10426e-19  4.06552e-07 -1.61598e-19 -3.08625e-06  2.03037e-19  1.71557e-05  8.97592e-20 -7.35657e-05 -4.33023e-19  0.000250602 -2.21061e-19 -0.000688007  3.38704e-18   0.00152339 -1.04004e-17  -0.00267019  2.02136e-17    0.0034784 -3.12461e-17  -0.00260703  4.14169e-17  -0.00137087 -4.49813e-17   0.00851144  3.60355e-17   -0.0161646 -1.42843e-17    0.0195242 -1.48549e-17   -0.0148133  3.77317e-17    0.0030731 -3.78816e-17    0.0092629  1.21683e-17   -0.0146871  2.25692e-17    0.0105766 -4.50486e-17  -0.00118843  4.64949e-17  -0.00630077  -3.1532e-17   0.00772542  1.78694e-17  -0.00427439 -2.01407e-17 -2.23499e-05  3.84422e-17   0.00221242 -6.24417e-17  -0.00207142  7.50863e-17    0.0010124 -6.07427e-17 -0.000246336  1.75802e-17
-4.15211e-10  6.67964e-20  1.51289e-08 -1.75016e-19 -2.19336e-07  1.50025e-19  1.95427e-06  -1.6682e-19 -1.23399e-05  1.39826e-19  5.92484e-05  2.88269e-19 -0.000225182 -5.84609e-19  0.000693674 -9.81767e-20  -0.00175356  3.46376e-18    0.0036462 -1.02305e-17  -0.00617186   1.9456e-17    0.0082203 -3.05856e-17  -0.00777394  4.11631e-17   0.00298156 -4.47928e-17   0.00589929  3.64479e-17   -0.0152277 -1.48549e-17    0.0192968 -1.57589e-17   -0.0143235  4.06682e-17    0.0021757 -4.30424e-17   0.00997719  2.02965e-17   -0.0147051   1.1563e-17    0.0100017 -3.41402e-17 -0.000507895  3.47351e-17  -0.00671911 -1.19873e-17   0.00781114 -2.23543e-17  -0.00416652  5.98331e-17 -7.13353e-05 -9.64787e-17   0.00199703  1.23713e-16  -0.00164603 -1.25046e-16  0.000643071  8.45802e-17  -9.1832e-05
 -1.8515e-20 -3.62024e-09  1.02462e-19  7.40901e-08 -1.46901e-19 -8.10504e-07  1.06517e-19  5.95248e-06 -1.85157e-19 -3.23646e-05  5.53249e-21  0.000137401  5.07799e-19 -0.000470198 -9.91601e-19   0.00132212  5.36949e-19  -0.00308541  2.48832e-18   0.00598491 -8.21145e-18  -0.00956019  1.64055e-17    0.0122175 -2.73602e-17    -0.011513   3.8149e-17   0.00561973  -4.2864e-17    0.0046166  3.67589e-17   -0.0148133 -1.57589e-17     0.018986 -1.73086e-17   -0.0137189   4.6939e-17   0.00143903 -5.48888e-17    0.0104671  3.73532e-17   -0.0147375 -7.29683e-18   0.00962306 -1.73568e-17  4.65774e-05  1.99923e-17  -0.00711628 -5.49038e-18   0.00785493 -4.90572e-19  -0.00405915 -2.46708e-17   0.00010825  8.30496e-17   0.00139713 -1.44276e-16 -0.000975721  1.55587e-16  0.000270838 -7.93541e-17
 4.92487e-10 -3.96492e-20  -1.7451e-08  1.11161e-19  2.47137e-07 -8.92875e-20 -2.16122e-06  1.11284e-19  1.34661e-05 -1.65195e-19  -6.4206e-05 -1.60255e-19  0.000244223  8.31401e-19 -0.000760544 -1.73626e-18   0.00197016  1.71798e-18  -0.00428064   3.3504e-19   0.00780724 -4.29543e-18    -0.011845  1.09751e-17    0.0145495 -2.12608e-17   -0.0134287  3.24218e-17   0.00689241 -3.99936e-17   0.00387319  3.77317e-17   -0.0143235 -1.73086e-17    0.0185527 -1.99539e-17   -0.0132698   5.6482e-17   0.00095547 -6.87158e-17    0.0109069   4.6407e-17   -0.0148971  4.61449e-18   0.00933332 -6.20677e-17   0.00055328  9.70888e-17  -0.00736783 -9.85452e-17   0.00776987  6.45674e-17  -0.00413008   7.2044e-18  0.000735623 -1.07077e-16   0.00047839  1.92964e-16 -0.000324103 -1.91804e-16    5.255e-05
 9.10473e-21  2.72374e-09 -5.60242e-20 -5.44647e-08  8.32977e-20  5.84388e-07 -5.01216e-20 -4.22951e-06  1.41964e-19  2.27979e-05 -1.02844e-19 -9.66795e-05 -3.24861e-19  0.000333714  1.28911e-18 -0.000958521 -2.65299e-18   0.00232332  3.25502e-18  -0.00478781 -2.79244e-18   0.00839339  1.26837e-18   -0.0124068  3.25702e-18    0.0150626 -1.23286e-17   -0.0139967  2.48299e-17   0.00762131 -3.76875e-17    0.0030731  4.06682e-17   -0.0137189 -1.99539e-17    0.0182713 -2.52609e-17   -0.0130813  7.50636e-17  0.000554467 -1.04036e-16    0.0114173   1.0522e-16   -0.0150756 -9.76019e-17   0.00904894  1.25291e-16  0.000863205 -2.12025e-16  -0.00734255  3.18783e-16    0.0077278 -3.62324e-16  -0.00462417  2.71474e-16   0.00170856 -5.88771e-17 -0.000369978 -1.48151e-16  4.37979e-05  1.76178e-16
-2.21818e-10  1.71098e-20  7.54735e-09 -5.58364e-20 -1.03089e-07  3.86043e-20  8.75225e-07 -5.45005e-20 -5.34366e-06  1.64598e-19  2.52852e-05 -5.45922e-20 -9.70622e-05 -4.44276e-19  0.000311585   1.6885e-18 -0.000853789 -3.32041e-18    0.0020225  4.71031e-18  -0.00416398 -6.42918e-18   0.00743039  8.06871e-18   -0.0113418 -6.52676e-18    0.0143674 -1.18969e-18   -0.0140723  1.70902e-17   0.00839775 -3.78816e-17    0.0021757   4.6939e-17   -0.0132698 -2.52609e-17    0.0182514 -2.48399e-17   -0.0129863  6.78973e-17  0.000113091 -5.48202e-17    0.0118816 -5.26447e-17   -0.0151744  2.58369e-16    0.0089344 -5.21335e-16  0.000800399  7.84573e-16  -0.00719847  -9.7352e-16   0.00799817  9.85791e-16  -0.00540552 -7.43048e-16   0.00249746  2.98629e-16 -0.000746331  9.89482e-17  9.80488e-05
-2.61522e-21 -2.53149e-10  2.18604e-20  3.69798e-09 -3.61045e-20 -2.72472e-08  9.35171e-21  1.29241e-07 -9.18093e-20 -4.90663e-07  1.91076e-19  2.10858e-06 -1.18513e-19 -1.14163e-05 -3.61663e-19  5.94661e-05  1.57844e-18 -0.000253652 -3.15869e-18  0.000862826  5.53565e-18  -0.00235926  -1.0101e-17   0.00522702  1.57666e-17  -0.00936898 -1.79515e-17    0.0133353  1.05668e-17   -0.0142321  1.20042e-17    0.0092629 -4.30424e-17   0.00143903   5.6482e-17   -0.0130813 -2.48399e-17    0.0183269 -5.42113e-17   -0.0128611  1.57846e-16 -0.000242091 -2.76784e-16    0.0121806  4.46982e-16   -0.0153603 -7.59043e-16   0.00919967  1.27982e-15  0.000510558  -1.9242e-15  -0.00723322  2.42297e-15   0.00842319 -2.43804e-15  -0.00580709   1.8075e-15   0.00255306 -7.74163e-16 -0.000605182 -6.13315e-17
-1.13761e-10 -3.50653e-21  4.40226e-09   1.9895e-20 -6.68703e-08 -8.46428e-21  6.16347e-07   1.3983e-20 -3.97342e-06 -1.48007e-19  1.91899e-05  2.99328e-19 -7.20007e-05 -4.37671e-19  0.000213265  2.52883e-19 -0.000496916  3.91955e-19  0.000878289  -1.6458e-18  -0.00102418  5.39333e-18  0.000183418 -1.36459e-17   0.00254748  2.42328e-17  -0.00733241 -3.01605e-17    0.0125035  2.05641e-17   -0.0145109  1.21683e-17   0.00997719 -5.48888e-17   0.00095547  7.50636e-17   -0.0129863 -5.42113e-17    0.0183738  3.11687e-17   -0.0128385 -1.07085e-16 -0.000373445  4.16199e-16    0.0124744 -1.07518e-15   -0.0158625  2.10842e-15   0.00970127 -3.40302e-15   0.00033021  4.64921e-15  -0.00728805 -5.32556e-15   0.00821949  4.90712e-15   -0.0051446 -3.30446e-15   0.00183889  1.21718e-15 -0.000257856
-4.23526e-22 -1.53662e-09 -3.61059e-21  3.22631e-08  1.04131e-20 -3.60334e-07  9.16961e-21  2.68728e-06  5.17834e-20  -1.4744e-05 -2.46567e-19   6.2674e-05  6.13515e-19 -0.000212566 -1.21409e-18  0.000583922  1.80934e-18  -0.00130224 -2.28743e-18   0.00232412  1.35395e-18   -0.0031593  4.49104e-18    0.0027396 -1.73476e-17  0.000144751  3.32238e-17  -0.00568918 -4.11359e-17    0.0118821  2.50451e-17   -0.0146871  2.02965e-17    0.0104671 -6.87158e-17  0.000554467  6.78973e-17   -0.0128611  3.11687e-17    0.0185269  -2.6272e-16   -0.0130675  6.95305e-16  -0.00043399 -1.48144e-15    0.0130018  2.85326e-15   -0.0165291 -4.96003e-15      0.01005  7.55421e-15  0.000126757 -9.80606e-15  -0.00649869  1.05192e-14   0.00660192 -8.84145e-15  -0.00343851  5.14092e-15  0.000872359 -1.20777e-15
 2.40791e-10  -1.7897e-21 -8.72288e-09 -3.13295e-21   1.2592e-07 -2.29327e-21 -1.11876e-06  4.19169e-21  7.05491e-06  1.21463e-19 -3.38845e-05 -4.58412e-19  0.000129065  1.26643e-18 -0.000399313 -2.66437e-18   0.00101634  4.56875e-18  -0.00213364 -6.42652e-18    0.0036566  5.30171e-18  -0.00493943  3.65876e-18   0.00471399 -2.17366e-17  -0.00165255  4.21408e-17   -0.0043954 -4.88202e-17    0.0112558  2.25692e-17   -0.0147051  3.73532e-17    0.0109069 -1.04036e-16  0.000113091  1.57846e-16   -0.0128385  -2.6272e-16    0.0189388  6.23775e-16   -0.0133991 -1.58894e-15 -0.000668187  3.57924e-15    0.0135986 -6.87653e-15   -0.0169108  1.13176e-14    0.0103274 -1.59678e-14  -0.00100357  1.90467e-14  -0.00402531 -1.85785e-14   0.00370961   1.3811e-14  -0.00150297 -6.49052e-15   0.00021486
 1.02938e-21  1.46656e-09  -2.4076e-21 -2.99453e-08 -1.25177e-21  3.27351e-07 -1.03054e-20  -2.4074e-06 -2.74273e-20  1.31432e-05  2.41943e-19 -5.62251e-05 -8.70076e-19  0.000194752  2.35206e-18  -0.00055739 -4.88808e-18   0.00133299  8.39974e-18  -0.00267075 -1.13459e-17   0.00444539  9.00341e-18    -0.005971  3.94156e-18   0.00594322 -2.67745e-17   -0.0029715  4.87863e-17  -0.00322261 -4.91914e-17    0.0105766   1.1563e-17   -0.0147375   4.6407e-17    0.0114173 -5.48202e-17 -0.000242091 -1.07085e-16   -0.0130675  6.23775e-16    0.0194616 -1.82596e-15   -0.0135836  4.25459e-15 -0.000904612 -8.56814e-15    0.0137619  1.51248e-14   -0.0170264 -2.32241e-14    0.0114421  3.05426e-14  -0.00391126 -3.35633e-14 -0.000183521  2.94509e-14  0.000742946 -1.86446e-14 -0.000231541  5.89305e-15
-1.28308e-10  2.22677e-21   4.4934e-09 -1.41724e-21 -6.30965e-08  2.03324e-21  5.49766e-07 -5.84949e-21 -3.43616e-06 -8.70499e-20   1.6584e-05  4.50756e-19 -6.45967e-05 -1.53038e-18  0.000208922  3.86351e-18 -0.000571341 -7.71524e-18   0.00133413  1.26654e-17   -0.0026635 -1.58081e-17   0.00450222  1.10737e-17  -0.00626197  6.03009e-18   0.00665031 -3.21151e-17  -0.00407155  5.28321e-17   -0.0021121 -4.50486e-17    0.0100017 -7.29683e-18   -0.0148971   1.0522e-16    0.0118816 -2.76784e-16 -0.000373445  6.95305e-16   -0.0133991 -1.82596e-15    0.0198433  4.50889e-15   -0.0137942 -9.87276e-15 -0.000602926  1.88407e-14    0.0134542 -3.11916e-14   -0.0177725  4.45115e-14    0.0142275  -5.3918e-14  -0.00806959  5.37675e-14   0.00337839 -4.14661e-14 -0.000998998  2.10416e-14  0.000142908
 -6.3677e-22 -2.49161e-10  2.42883e-21  4.54508e-09  1.19746e-22 -4.52052e-08   4.1894e-21  3.13399e-07   1.5124e-20 -1.70557e-06 -1.79935e-19  7.81845e-06  7.74985e-19 -3.13222e-05 -2.40541e-18  0.000110732  5.63013e-18 -0.000342982 -1.06431e-17  0.000918058  1.63333e-17  -0.00209063 -1.84628e-17   0.00397382  1.07512e-17   -0.0061147  9.10642e-18     0.007127 -3.45582e-17  -0.00503553  4.87304e-17  -0.00118843 -3.41402e-17   0.00962306  4.61449e-18   -0.0150756 -5.26447e-17    0.0121806  4.16199e-16  -0.00043399 -1.58894e-15   -0.0135836  4.50889e-15    0.0202566 -1.06551e-14   -0.0145896  2.17225e-14  0.000310109 -3.85614e-14    0.0135643  5.94092e-14   -0.0199637 -7.85125e-14     0.017949  8.70614e-14   -0.0113719 -7.76776e-14   0.00492948  5.08353e-14  -0.00120135 -1.78117e-14
-4.09428e-11  -1.1579e-21  1.62248e-09  1.15036e-21 -2.49998e-08  8.68808e-22  2.31464e-07  1.07059e-21 -1.48167e-06  5.18834e-20  6.99551e-06 -3.11965e-19 -2.50505e-05  1.19599e-18  6.78188e-05 -3.35962e-18 -0.000130924  7.29991e-18  0.000133622 -1.29364e-17  0.000166524  1.83209e-17  -0.00117609 -1.84461e-17   0.00319654  8.08909e-18  -0.00583034  1.28775e-17   0.00747792 -3.67561e-17   -0.0057831  4.64949e-17 -0.000507895 -1.73568e-17   0.00933332 -9.76019e-17   -0.0151744  4.46982e-16    0.0124744 -1.48144e-15 -0.000668187  4.25459e-15   -0.0137942 -1.06551e-14    0.0212656  2.32668e-14   -0.0160592 -4.43005e-14  0.000940392  7.33677e-14    0.0149064 -1.04925e-13   -0.0226993  1.27598e-13    0.0200906 -1.28128e-13   -0.0116937  1.00134e-13   0.00413622  -5.2331e-14 -0.000594702
 1.97609e-22 -6.40989e-10   -1.094e-21  1.35945e-08 -7.73688e-22 -1.52843e-07  1.21471e-21  1.14261e-06 -9.72877e-21 -6.24958e-06  1.00473e-19  2.62837e-05 -4.76316e-19 -8.72234e-05  1.63592e-18  0.000230306 -4.17037e-18 -0.000478021  8.40887e-18  0.000739324 -1.38586e-17 -0.000687337  1.79278e-17 -0.000232231 -1.59546e-17   0.00244034  5.13636e-18  -0.00551342  1.20521e-17   0.00766194 -2.75399e-17  -0.00630077  3.47351e-17  4.65774e-05 -6.20677e-17   0.00904894  2.58369e-16   -0.0153603 -1.07518e-15    0.0130018  3.57924e-15 -0.000904612 -9.87276e-15   -0.0145896  2.32668e-14    0.0229633 -4.74927e-14   -0.0172956  8.43258e-14  0.000450663 -1.29831e-13    0.0164807  1.71503e-13   -0.0231529 -1.90346e-13    0.0182349  1.70486e-13  -0.00880164 -1.12801e-13   0.00221064  4.11852e-14
 9.86719e-11  3.15486e-22 -3.61689e-09 -2.86355e-22    5.272e-08 -2.26393e-21 -4.71767e-07  3.10109e-21  2.98688e-06 -2.66072e-20 -1.43443e-05  1.55176e-19  5.43256e-05 -6.43855e-19 -0.000165767   1.9772e-18  0.000410866 -4.58666e-18 -0.000821718   8.5491e-18   0.00128333 -1.29861e-17  -0.00140297  1.51461e-17  0.000542539 -1.15528e-17   0.00177743  8.93673e-19  -0.00513993  1.56079e-17   0.00769963  -3.1532e-17  -0.00671911  1.99923e-17   0.00055328  1.25291e-16    0.0089344 -7.59043e-16   -0.0158625  2.85326e-15    0.0135986 -8.56814e-15 -0.000602926  2.17225e-14   -0.0160592 -4.74927e-14    0.0244357  9.02592e-14   -0.0174322   -1.491e-13  -0.00012327  2.12657e-13    0.0152706 -2.57974e-13   -0.0187502  2.58646e-13    0.0123972 -2.02305e-13  -0.00458157  1.06515e-13  0.000652139
-2.24959e-25  5.70642e-10  2.58446e-22 -1.17969e-08  8.81979e-22   1.3039e-07 -3.21211e-21 -9.68034e-07  7.98971e-21  5.32473e-06 -4.56357e-20   -2.289e-05  2.08863e-19  7.93763e-05 -7.70717e-19 -0.000226143   2.1057e-18  0.000533333 -4.41988e-18  -0.00103634  7.52972e-18   0.00161769 -1.03828e-17  -0.00187436  1.09247e-17   0.00113306 -8.24571e-18   0.00117313  4.05696e-18  -0.00474152 -1.61119e-19   0.00772542 -1.19873e-17  -0.00711628  9.70888e-17  0.000863205 -5.21335e-16   0.00919967  2.10842e-15   -0.0165291 -6.87653e-15    0.0137619  1.88407e-14  0.000310109 -4.43005e-14   -0.0172956  9.02592e-14    0.0248024  -1.5981e-13   -0.0175031  2.45116e-13   0.00231847 -3.22365e-13   0.00867681  3.56147e-13  -0.00989209 -3.17704e-13   0.00531393  2.09843e-13  -0.00134029 -7.74304e-14
-4.41534e-11 -2.55035e-24   1.5686e-09 -3.62339e-23 -2.23615e-08  1.92615e-21  1.98037e-07 -4.59504e-21 -1.25999e-06  1.57233e-20  6.19993e-06 -6.47555e-20 -2.46479e-05  2.54739e-19  8.13392e-05 -8.20579e-19 -0.000226282  1.96255e-18  0.000533382 -3.65265e-18  -0.00105802  5.53782e-18   0.00172174 -6.64976e-18   -0.0021467   5.7911e-18     0.001602 -2.45955e-18  0.000645155 -5.09438e-18  -0.00443604  1.78694e-17   0.00781114 -5.49038e-18  -0.00736783 -2.12025e-16  0.000800399  1.27982e-15   0.00970127 -4.96003e-15   -0.0169108  1.51248e-14    0.0134542 -3.85614e-14  0.000940392  8.43258e-14   -0.0174322  -1.5981e-13    0.0250927  2.62782e-13   -0.0206288  -3.7263e-13    0.0103156  4.49035e-13  -0.00244044 -4.46986e-13 -0.000265953  3.47118e-13  0.000237542 -1.81705e-13  -5.0585e-06
-2.99814e-23 -4.91812e-11 -9.79082e-24  8.64414e-10 -5.08078e-22 -8.59626e-09   2.7966e-21  6.37024e-08 -7.67113e-21 -3.99446e-07  2.59669e-20  2.20212e-06 -8.63816e-20 -1.05338e-05  2.90204e-19  4.27162e-05 -7.82459e-19  -0.00014455  1.56305e-18  0.000404131 -2.41246e-18 -0.000922792  2.95794e-18   0.00168149 -2.90638e-18  -0.00230775  3.57856e-18   0.00195808 -8.88102e-18  0.000275714  2.10411e-17  -0.00427439 -2.23543e-17   0.00785493 -9.85452e-17  -0.00734255  7.84573e-16  0.000510558 -3.40302e-15      0.01005  1.13176e-14   -0.0170264 -3.11916e-14    0.0135643  7.33677e-14  0.000450663   -1.491e-13   -0.0175031  2.62782e-13    0.0284268 -4.00556e-13   -0.0292701   5.2282e-13    0.0225665 -5.72579e-13   -0.0134557  5.05811e-13   0.00589073 -3.30626e-13  -0.00153554  1.20974e-13
