 2.54076e-12  1.14611e-25 -6.24305e-11 -2.21574e-24  6.01324e-10  1.61702e-23  -3.4904e-09 -7.90058e-23   1.3994e-08   2.8753e-22 -4.12363e-08 -8.16411e-22  9.18282e-08  1.86187e-21 -1.55058e-07 -3.47362e-21  1.93392e-07    5.351e-21 -1.62409e-07 -6.80857e-21  5.93608e-08  7.08349e-21  5.09578e-08  -5.8655e-21 -8.57031e-08  3.61447e-21  3.27424e-08 -1.31693e-21  3.26405e-08 -1.66744e-22 -3.86987e-08  6.14656e-22 -4.05165e-10 -4.09883e-22  2.20188e-08  8.84612e-23 -7.29071e-09   6.2956e-23 -9.22189e-09 -5.77953e-23   5.5019e-09  1.40187e-23  3.25551e-09  5.43273e-24  -2.6264e-09 -3.82315e-24 -1.08035e-09 -6.06928e-25  8.92926e-10  1.33232e-24  3.49703e-10 -4.15905e-25 -1.91622e-10 -6.90645e-26 -8.92467e-11  8.01902e-26  1.43445e-11 -1.68631e-26  9.11474e-12   1.0242e-28  4.04611e-13
 1.14611e-25  8.91182e-11  9.03364e-25 -1.23999e-09 -1.05595e-23  9.04102e-09   5.8941e-23 -4.31502e-08 -2.43127e-22  1.47571e-07  7.80648e-22  -3.7739e-07 -2.00405e-21   7.3283e-07  4.21035e-21 -1.07012e-06 -7.35786e-21  1.11715e-06  1.07673e-20 -6.95865e-07 -1.31553e-20 -4.97207e-09  1.32498e-20  4.82678e-07 -1.06912e-20 -3.99273e-07  6.45212e-21 -2.50075e-08 -2.31193e-21  2.65273e-07 -2.72919e-22 -1.25824e-07  1.00259e-21 -9.66444e-08 -6.23293e-22  1.06191e-07  9.51439e-23  1.76096e-08  1.20507e-22 -5.71468e-08 -9.01917e-23  2.82358e-09  1.72772e-23  2.43155e-08  9.08779e-24 -3.22519e-09 -2.16714e-24 -8.57848e-09   -5.637e-24  9.42738e-10  4.37375e-24  2.36544e-09  -8.1302e-25  4.50977e-12 -4.62617e-25 -3.93843e-10  2.74415e-25 -5.30824e-11 -2.91782e-26  1.47092e-11  -1.2293e-28
-6.24305e-11  9.03364e-25  1.53419e-09  2.72539e-24 -1.47798e-08 -1.59585e-23  8.58129e-08   5.8161e-23 -3.44177e-07 -2.00111e-22  1.01471e-06   5.9579e-22 -2.26117e-06 -1.49105e-21  3.82163e-06  3.20622e-21 -4.77229e-06 -5.96601e-21  4.01482e-06     9.45e-21 -1.47241e-06 -1.24703e-20 -1.26286e-06   1.3446e-20  2.13766e-06 -1.14926e-20 -8.31217e-07  7.25018e-21 -8.05333e-07  -2.6703e-21  9.77124e-07  -3.0316e-22 -6.40659e-09  1.09188e-21 -5.51133e-07 -5.88974e-22  1.96204e-07 -3.82266e-24  2.26079e-07  1.95067e-22 -1.45792e-07 -1.23615e-22 -7.67762e-08  2.29472e-23   6.9603e-08  8.07698e-24   2.4273e-08  9.35002e-24 -2.40025e-08 -1.90572e-23 -7.69722e-09  9.71145e-24  5.41709e-09 -4.24205e-25  2.03141e-09 -1.56572e-24 -5.06775e-10  5.29211e-25 -2.29546e-10 -8.12517e-27 -4.87602e-12
-2.21574e-24 -1.23999e-09  2.72539e-24  1.72565e-08 -5.05896e-25 -1.25861e-07  5.15405e-23  6.00982e-07  -2.8347e-22 -2.05668e-06  9.19104e-22  5.26446e-06 -2.23614e-21 -1.02357e-05  4.21507e-21   1.4974e-05 -5.91927e-21 -1.56757e-05  5.62114e-21  9.81888e-06 -2.29466e-21  9.46651e-09 -3.03161e-21 -6.78602e-06  7.65088e-21  5.70038e-06 -8.96114e-21  2.65907e-07  6.51697e-21 -3.74678e-06 -2.48514e-21  1.86042e-06 -3.27757e-22  1.31789e-06  9.28192e-22 -1.54348e-06 -3.50996e-22 -1.96517e-07 -1.79323e-22  8.19641e-07  3.23032e-22 -7.58637e-08 -2.11133e-22 -3.43617e-07  5.39105e-23  6.44252e-08 -1.21468e-23  1.19868e-07  4.46266e-23 -2.11214e-08 -4.40339e-23 -3.32463e-08  1.46295e-23  2.22582e-09  2.62002e-24  5.82317e-09 -3.42737e-24  4.50667e-10  5.81382e-25 -2.68657e-10  2.44988e-26
 6.01324e-10 -1.05595e-23 -1.47798e-08 -5.05896e-25  1.42431e-07 -3.43643e-23   -8.274e-07  3.63507e-22  3.32106e-06 -1.47277e-21 -9.80179e-06  4.19235e-21  2.18755e-05 -9.43403e-21 -3.70524e-05  1.68067e-20  4.64223e-05  -2.3243e-20 -3.92839e-05  2.45171e-20  1.46975e-05 -1.89097e-20  1.20743e-05  8.68798e-21  -2.0992e-05  1.22533e-21  8.51693e-06 -6.24565e-21  7.64322e-06  5.51256e-21 -9.74596e-06 -2.20948e-21  3.76481e-07 -1.48552e-23  5.37565e-06  3.73857e-22 -2.14305e-06 -3.01606e-23  -2.1195e-06 -3.51154e-22  1.54149e-06  5.66249e-22  6.70718e-07  -4.0457e-22 -7.29856e-07  1.35253e-22 -1.93024e-07 -8.96226e-23  2.54071e-07  1.22379e-22  5.85389e-08 -7.57975e-23 -6.01437e-08  1.30157e-23 -1.63469e-08  9.50649e-24   6.7645e-09 -5.08474e-24  2.12921e-09  2.55598e-25 -3.03541e-11
 1.61702e-23  9.04102e-09 -1.59585e-23 -1.25861e-07 -3.43643e-23   9.1847e-07 -1.50959e-22 -4.38926e-06  1.13569e-21  1.50388e-05 -3.89107e-21 -3.85596e-05  1.00694e-20  7.51525e-05 -2.09041e-20 -0.000110335  3.39643e-20  0.000116186 -4.26447e-20 -7.37383e-05  4.17231e-20  1.25672e-06 -3.15542e-20  4.98472e-05  1.65636e-20 -4.32063e-05  -3.1057e-21 -6.72108e-07 -3.87742e-21  2.76329e-05  4.50637e-21 -1.47934e-05 -2.86892e-21 -9.08987e-06  1.77197e-21  1.18568e-05 -8.72106e-22  8.19371e-07   1.9232e-22 -6.13467e-06 -5.41365e-22  9.61076e-07  1.02369e-21  2.50083e-06 -7.06421e-22 -6.73518e-07  3.08229e-22   -8.517e-07  -2.7911e-22  2.34871e-07  2.40003e-22   2.3581e-07 -9.74987e-23 -3.96606e-08  5.05962e-26 -4.35333e-08  1.80498e-23  1.01107e-12 -4.90415e-24  2.45704e-09 -1.43756e-25
 -3.4904e-09   5.8941e-23  8.58129e-08  5.15405e-23   -8.274e-07 -1.50959e-22  4.81051e-06 -4.05331e-22 -1.93328e-05  2.41543e-21  5.71613e-05 -7.39165e-21 -0.000127899  1.80619e-20  0.000217444 -3.46378e-20 -0.000274022   5.0032e-20  0.000234405 -5.52582e-20 -9.11587e-05  4.93606e-20 -6.80969e-05 -3.67226e-20  0.000124871  2.15535e-20 -5.43148e-05 -8.51466e-21 -4.25538e-05  5.63513e-22  5.90782e-05  3.66965e-21 -5.22041e-06 -6.44685e-21 -3.12997e-05  6.29093e-21  1.45616e-05 -2.65859e-21  1.15174e-05  2.17518e-22 -9.97522e-06  -1.0404e-21 -3.18536e-06  1.74475e-21   4.6335e-06  -1.0881e-21  7.32327e-07  6.68176e-22 -1.61435e-06 -5.97934e-22 -1.93049e-07  3.49063e-22  3.97705e-07 -8.97307e-23  6.19744e-08 -2.18858e-23  -5.1949e-08  2.27077e-23 -1.04229e-08 -2.36547e-24  8.31132e-10
-7.90058e-23 -4.31502e-08   5.8161e-23  6.00982e-07  3.63507e-22 -4.38926e-06 -4.05331e-22  2.10024e-05 -7.78271e-22 -7.20935e-05  3.89206e-21   0.00018534 -1.16843e-20 -0.000362614  2.79603e-20  0.000535449 -4.80379e-20 -0.000569311  5.80806e-20  0.000369371 -5.39243e-20  -1.7993e-05  4.53263e-20 -0.000238624 -3.74993e-20  0.000217664  2.91371e-20 -7.15148e-06  -1.9716e-20  -0.00013259  8.55319e-21  7.90996e-05   5.0824e-21  3.87068e-05 -1.53601e-20 -6.00697e-05  1.34028e-20  7.01002e-07 -4.08601e-21  2.97561e-05  3.52314e-22 -7.40238e-06 -2.18692e-21 -1.15459e-05  2.57109e-21  4.53905e-06 -1.62276e-21   3.7462e-06  1.33371e-21 -1.62832e-06 -9.58058e-22 -1.01659e-06  3.79533e-22  3.37358e-07 -4.80315e-23  1.97623e-07 -4.31256e-23 -2.28964e-08  1.90744e-23 -1.36601e-08  5.25858e-25
  1.3994e-08 -2.43127e-22 -3.44177e-07  -2.8347e-22  3.32106e-06  1.13569e-21 -1.93328e-05 -7.78271e-22  7.78413e-05 -1.12005e-21 -0.000230778   5.5742e-21  0.000518381 -1.88221e-20 -0.000886365  4.27361e-20   0.00112707 -5.98089e-20 -0.000980467  5.32948e-20  0.000404447 -3.79497e-20   0.00025669  3.42558e-20 -0.000516026  -3.9681e-20  0.000247633  4.34985e-20  0.000156609 -3.78949e-20 -0.000249468  1.72708e-20  3.97323e-05  1.34215e-20  0.000123751  -3.0708e-20 -7.01905e-05  2.07526e-20 -4.02822e-05 -4.37835e-21  4.50638e-05  1.29712e-21  8.13998e-06 -3.69699e-21 -2.02289e-05  3.17774e-21 -5.29867e-07 -2.56329e-21  6.95062e-06  2.28712e-21 -1.26453e-07 -1.19213e-21 -1.75644e-06  3.07183e-22 -3.39279e-08  1.17501e-23  2.58661e-07 -5.36431e-23  2.38686e-08  8.69876e-24 -6.82325e-09
  2.8753e-22  1.47571e-07 -2.00111e-22 -2.05668e-06 -1.47277e-21  1.50388e-05  2.41543e-21 -7.20935e-05 -1.12005e-21  0.000248146 -1.49633e-21 -0.000640447  1.04935e-20   0.00126016 -3.73444e-20  -0.00187682   7.0257e-20    0.0020244 -7.10806e-20  -0.00135684  3.83886e-20  0.000130131 -1.73889e-20  0.000812243  2.62999e-20 -0.000799767 -4.84133e-20  8.08867e-05  6.51841e-20  0.000450574 -5.95238e-20 -0.000311284  1.93948e-20 -0.000105079  3.35808e-20  0.000218988 -4.99658e-20 -2.62268e-05  2.51248e-20 -0.000101119 -4.30919e-21  3.87682e-05  3.29312e-21  3.58705e-05 -4.27985e-21 -2.14275e-05   3.4069e-21  -1.0469e-05 -4.10646e-21  7.71511e-06  3.25023e-21  2.63915e-06 -1.20213e-21 -1.77758e-06  1.84128e-22 -5.37295e-07  6.69412e-23  1.84387e-07 -4.99944e-23  4.72931e-08 -1.16147e-24
-4.12363e-08  7.80648e-22  1.01471e-06  9.19104e-22 -9.80179e-06 -3.89107e-21  5.71613e-05  3.89206e-21 -0.000230778 -1.49633e-21  0.000686891 -3.36719e-21  -0.00155167  2.81477e-20   0.00267533 -8.21678e-20  -0.00344655  1.17635e-19    0.0030717 -8.43719e-20  -0.00137268  2.71684e-20  -0.00067036 -1.08477e-20   0.00157643  3.19492e-20  -0.00086038  -6.5662e-20 -0.000389147  9.16584e-20  0.000779726 -7.76257e-20 -0.000200381  6.46332e-21 -0.000347692  6.51158e-20  0.000253821 -6.62367e-20  8.83619e-05  2.55553e-20  -0.00014992 -6.21454e-21 -2.44544e-06   4.9929e-21  6.35146e-05 -2.36737e-21 -9.06759e-06  3.48839e-21 -2.09344e-05 -5.97907e-21  4.27897e-06  3.83166e-21  5.27984e-06 -1.06678e-21 -8.71587e-07  8.38891e-23 -8.53274e-07  1.04929e-22  3.10645e-08 -3.52442e-23  3.17378e-08
-8.16411e-22  -3.7739e-07   5.9579e-22  5.26446e-06  4.19235e-21 -3.85596e-05 -7.39165e-21   0.00018534   5.5742e-21 -0.000640447 -3.36719e-21   0.00166232  -1.0863e-20  -0.00329771  7.28149e-20   0.00497224 -1.62324e-19    -0.005474  1.78731e-19    0.0038374 -1.03187e-19 -0.000616339  4.09578e-20  -0.00203628    -3.43e-20   0.00224274  5.36894e-20 -0.000432502 -8.77042e-20  -0.00111733   1.1727e-19   0.00093997 -8.29191e-20  0.000152773 -2.49374e-20 -0.000594813  9.73883e-20  0.000157888 -7.13804e-20  0.000244059  2.52063e-20 -0.000145976 -1.15877e-20  -7.1728e-05  3.55691e-21  7.33904e-05  2.41483e-21  1.52003e-05  3.76546e-21  -2.5867e-05 -7.40829e-21 -2.54481e-06  3.85775e-21  6.27065e-06  -9.4868e-22  5.25381e-07  2.58197e-23 -7.97787e-07  1.26283e-22 -8.31743e-08 -1.46786e-23
 9.18282e-08 -2.00405e-21 -2.26117e-06 -2.23614e-21  2.18755e-05  1.00694e-20 -0.000127899 -1.16843e-20  0.000518381  1.04935e-20  -0.00155167  -1.0863e-20   0.00353385  -2.9791e-20  -0.00616595  1.51375e-19   0.00809191 -2.60981e-19  -0.00745834  2.31146e-19   0.00368934 -1.36865e-19   0.00115895  9.87173e-20  -0.00365596  -8.9625e-20   0.00234819  8.21557e-20  0.000588314 -1.05668e-19  -0.00184634  1.32387e-19  0.000725144  -6.5663e-20  0.000684419 -6.71757e-20 -0.000703037  1.11826e-19 -8.03594e-05 -6.19391e-20  0.000371474  2.91174e-20 -6.96721e-05 -1.82197e-20 -0.000141891 -3.42826e-21  5.49615e-05  8.53842e-21  4.20085e-05  4.22991e-21 -2.18381e-05 -7.69068e-21 -9.83922e-06  3.50315e-21  5.06787e-06 -9.08131e-22  1.68548e-06 -2.99403e-23 -4.55317e-07  1.30093e-22 -8.82869e-08
 1.86187e-21   7.3283e-07 -1.49105e-21 -1.02357e-05 -9.43403e-21  7.51525e-05  1.80619e-20 -0.000362614 -1.88221e-20   0.00126016  2.81477e-20  -0.00329771  -2.9791e-20   0.00661961 -6.26705e-20   -0.0101579   2.4535e-19    0.0115081 -3.30107e-19  -0.00856538  2.55858e-19   0.00210128 -2.03665e-19   0.00374842  2.05935e-19  -0.00489057 -1.63203e-19   0.00153737  1.03536e-19   0.00198722 -1.11653e-19   -0.0022084  1.24725e-19  8.26065e-05 -2.06718e-20   0.00119952 -1.01273e-19 -0.000570872  9.31002e-20 -0.000390774  -4.2912e-20  0.000403616  3.91638e-20  6.06842e-05 -2.02668e-20 -0.000182264 -1.56998e-20   1.2194e-05   1.3505e-20  6.04458e-05  4.45065e-21 -1.01083e-05 -6.77688e-21 -1.46065e-05  3.07148e-21  2.33476e-06 -8.64245e-22  2.10371e-06 -1.20787e-22 -7.89716e-08  9.78761e-23
-1.55058e-07  4.21035e-21  3.82163e-06  4.21507e-21 -3.70524e-05 -2.09041e-20  0.000217444  2.79603e-20 -0.000886365 -3.73444e-20   0.00267533  7.28149e-20  -0.00616595 -6.26705e-20    0.0109461 -1.01565e-19   -0.0147494   3.0369e-19    0.0142373 -3.17077e-19   -0.0079722  2.59589e-19 -0.000940111 -3.16756e-19    0.0064259    3.464e-19  -0.00508045 -2.35039e-19 -0.000153083  1.14331e-19   0.00328132 -1.06325e-19  -0.00195077  8.48905e-20  -0.00081858  4.56785e-20   0.00148226 -1.05511e-19 -0.000210778  4.16153e-20 -0.000661633 -2.56534e-20  0.000318228  5.12775e-20  0.000201113 -1.21649e-20 -0.000177126 -2.98229e-20 -4.03119e-05     1.56e-20  6.43365e-05  3.91062e-21   4.8583e-06 -5.23585e-21 -1.53857e-05  2.72874e-21 -6.59245e-07 -7.24634e-22  1.74429e-06 -2.24362e-22  1.05163e-07
-3.47362e-21 -1.07012e-06  3.20622e-21   1.4974e-05  1.68067e-20 -0.000110335 -3.46378e-20  0.000535449  4.27361e-20  -0.00187682 -8.21678e-20   0.00497224  1.51375e-19   -0.0101579 -1.01565e-19    0.0159937 -1.24348e-19   -0.0188719  2.63274e-19    0.0152039 -2.06001e-19  -0.00538397  2.64871e-19   -0.0047441 -4.57864e-19   0.00825382  4.81725e-19  -0.00396325 -2.91002e-19  -0.00224483  1.29813e-19   0.00399061 -9.94759e-20  -0.00110508  1.35961e-20  -0.00168329  1.12698e-19   0.00142678 -6.82964e-20  0.000264047 -2.35629e-20 -0.000807286 -2.15025e-20  0.000143883  5.80322e-20  0.000309591  6.59343e-21 -0.000130528 -4.09173e-20 -8.68219e-05  1.49924e-20  5.39209e-05  2.35128e-21  1.82299e-05 -3.75525e-21 -1.25207e-05  2.48877e-21 -2.78012e-06 -4.81842e-22  9.58118e-07 -2.45973e-22
 1.93392e-07 -7.35786e-21 -4.77229e-06 -5.91927e-21  4.64223e-05  3.39643e-20 -0.000274022 -4.80379e-20   0.00112707   7.0257e-20  -0.00344655 -1.62324e-19   0.00809191   2.4535e-19   -0.0147494 -1.24348e-19    0.0206674 -1.02002e-19   -0.0212849  9.46641e-20    0.0138422  -3.2098e-20  -0.00135316  2.73383e-19  -0.00819009 -5.69756e-19   0.00861936   5.6432e-19  -0.00186449 -3.30329e-19  -0.00408994  1.74957e-19   0.00391999 -9.98093e-20  5.04723e-05 -7.56325e-20  -0.00227013  1.52334e-19   0.00107693  4.23814e-21  0.000718841  -7.4043e-20 -0.000804341 -3.58024e-20 -6.72913e-05  5.42219e-20  0.000364073  2.99356e-20 -5.83795e-05 -4.53282e-20 -0.000117035  1.34676e-20  3.37333e-05 -2.32037e-23  2.67163e-05 -2.78781e-21 -7.52425e-06  2.34592e-21 -3.46527e-06 -1.77594e-22  2.38109e-07
   5.351e-21  1.11715e-06 -5.96601e-21 -1.56757e-05  -2.3243e-20  0.000116186   5.0032e-20 -0.000569311 -5.98089e-20    0.0020244  1.17635e-19    -0.005474 -2.60981e-19    0.0115081   3.0369e-19   -0.0188719 -1.02002e-19      0.02367 -1.94366e-20   -0.0212312 -1.61564e-19    0.0105268  1.48081e-19   0.00293215  2.51622e-19   -0.0103495 -5.86918e-19   0.00758362  5.61963e-19   0.00052491 -3.64682e-19  -0.00525205  2.61885e-19   0.00321738 -1.01671e-19   0.00119085 -1.61853e-19  -0.00249923  1.43242e-19  0.000559835   9.0562e-20   0.00106544 -8.62294e-20 -0.000678654 -6.54298e-20 -0.000269001  4.05402e-20   0.00036255  4.83615e-20  2.14252e-05 -4.25698e-20 -0.000127297  1.30623e-20  9.75319e-06 -2.49014e-21   2.9105e-05 -2.55013e-21  -2.2602e-06   2.2698e-21 -2.80775e-06  1.10683e-22
-1.62409e-07  1.07673e-20  4.01482e-06  5.62114e-21 -3.92839e-05 -4.26447e-20  0.000234405  5.80806e-20 -0.000980467 -7.10806e-20    0.0030717  1.78731e-19  -0.00745834 -3.30107e-19    0.0142373  2.63274e-19   -0.0212849 -1.94366e-20    0.0241757  1.04104e-19   -0.0189424 -4.11287e-19   0.00642923  2.98365e-19   0.00631947   1.6306e-19    -0.010986  -4.8181e-19   0.00574988  4.79044e-19   0.00259542 -4.10113e-19  -0.00568006  3.71945e-19   0.00219273 -8.29114e-20   0.00211675 -2.26144e-19  -0.00242358    8.234e-20 -3.28072e-06  1.62425e-19    0.0012744 -5.15436e-20 -0.000473324 -1.00329e-19 -0.000432219  2.29489e-20   0.00031469  5.43212e-20  9.43611e-05 -3.53853e-20  -0.00011902  1.45834e-20 -1.25491e-05  -4.0971e-21  2.59785e-05 -3.08363e-21  1.69443e-06  2.05052e-21 -1.40578e-06
-6.80857e-21 -6.95865e-07     9.45e-21  9.81888e-06  2.45171e-20 -7.37383e-05 -5.52582e-20  0.000369371  5.32948e-20  -0.00135684 -8.43719e-20    0.0038374  2.31146e-19  -0.00856538 -3.17077e-19    0.0152039  9.46641e-20   -0.0212312  1.04104e-19     0.022362  2.20139e-19   -0.0155463 -5.73279e-19   0.00282603  4.14367e-19   0.00831685  9.02264e-21   -0.0105355    -2.84e-19    0.0037921  3.56328e-19   0.00410511 -4.75655e-19  -0.00558028  4.58967e-19   0.00110059 -1.98675e-20   0.00277858 -2.57225e-19  -0.00213774 -1.39267e-20 -0.000535972  1.94935e-19   0.00135141  2.03598e-20 -0.000228519 -1.28051e-19 -0.000543112   9.3099e-21  0.000234777  4.58364e-20  0.000150756 -2.78552e-20 -9.66749e-05  1.72659e-20 -2.92084e-05 -4.27417e-21  1.91188e-05 -4.13142e-21  3.42793e-06   1.3231e-21
 5.93608e-08 -1.31553e-20 -1.47241e-06 -2.29466e-21  1.46975e-05  4.17231e-20 -9.11587e-05 -5.39243e-20  0.000404447  3.83886e-20  -0.00137268 -1.03187e-19   0.00368934  2.55858e-19   -0.0079722 -2.06001e-19    0.0138422 -1.61564e-19   -0.0189424  2.20139e-19     0.019336  2.86064e-19   -0.0123717  -6.3298e-19  0.000385655  5.02924e-19   0.00918148 -1.69477e-19   -0.0096439 -5.52546e-20   0.00207661  2.46344e-19   0.00512472 -5.53664e-19  -0.00518169   4.7408e-19  6.35227e-05  9.16973e-20   0.00320118 -2.50305e-19  -0.00172048 -1.18335e-19 -0.000998139  1.76361e-19   0.00131553  1.04851e-19  2.36967e-05 -1.39277e-19 -0.000598352  6.34559e-21  0.000137803   2.6415e-20   0.00018565  -2.2996e-20 -6.61098e-05  1.98817e-20 -3.81033e-05 -3.21811e-21  1.08702e-05 -4.96135e-21  2.81233e-06
 7.08349e-21 -4.97207e-09 -1.24703e-20  9.46651e-09 -1.89097e-20  1.25672e-06  4.93606e-20  -1.7993e-05 -3.79497e-20  0.000130131  2.71684e-20 -0.000616339 -1.36865e-19   0.00210128  2.59589e-19  -0.00538397  -3.2098e-20    0.0105268 -4.11287e-19   -0.0155463  2.86064e-19    0.0164393  2.96866e-19   -0.0101832 -6.30016e-19  -0.00100849  5.60587e-19   0.00948725 -3.27065e-19  -0.00872484  1.54279e-19  0.000641637  1.83207e-19    0.0058096 -6.19856e-19  -0.00461819  3.95301e-19  -0.00087841  2.28009e-19   0.00342025 -2.03446e-19  -0.00122861 -2.05251e-19  -0.00136958  1.15232e-19   0.00119037   1.7112e-19  0.000259395 -1.31801e-19 -0.000601628  1.79855e-20   3.7315e-05  2.49035e-21  0.000198027 -2.17054e-20 -3.33069e-05  2.20166e-20  -3.8894e-05 -1.53326e-21  3.57151e-06 -4.32038e-21
 5.09578e-08  1.32498e-20 -1.26286e-06 -3.03161e-21  1.20743e-05 -3.15542e-20 -6.80969e-05  4.53263e-20   0.00025669 -1.73889e-20  -0.00067036  4.09578e-20   0.00115895 -2.03665e-19 -0.000940111  2.64871e-19  -0.00135316  1.48081e-19   0.00642923 -5.73279e-19   -0.0123717  2.96866e-19    0.0144659  2.78756e-19   -0.0089481 -6.00356e-19  -0.00185899  5.71607e-19   0.00964385 -4.47546e-19  -0.00787381  3.28977e-19 -0.000595551  1.70923e-19   0.00625659 -6.47837e-19  -0.00395252  2.40657e-19  -0.00170774   3.4731e-19   0.00346789  -1.1714e-19 -0.000705861 -2.59385e-19  -0.00164273  3.88101e-20    0.0010006  1.93942e-19  0.000462306 -1.11092e-19 -0.000560884  4.37673e-20 -5.56776e-05 -1.93617e-20  0.000189831 -2.33886e-20 -3.55835e-06  2.39106e-20  -3.2751e-05  4.90846e-22 -8.01434e-07
 -5.8655e-21  4.82678e-07   1.3446e-20 -6.78602e-06  8.68798e-21  4.98472e-05 -3.67226e-20 -0.000238624  3.42558e-20  0.000812243 -1.08477e-20  -0.00203628  9.87173e-20   0.00374842 -3.16756e-19   -0.0047441  2.73383e-19   0.00293215  2.98365e-19   0.00282603  -6.3298e-19   -0.0101832  2.78756e-19    0.0134105  2.54471e-19  -0.00821071   -5.379e-19  -0.00255362   5.2119e-19    0.0097616 -5.48206e-19  -0.00705042  4.74734e-19  -0.00168354  1.95741e-19   0.00650876 -6.28581e-19  -0.00322858  5.69341e-20  -0.00241387  4.08194e-19   0.00337651  1.28348e-21 -0.000185539  -2.7689e-19  -0.00181926 -1.96982e-20  0.000769263  1.63106e-19  0.000622739 -8.68282e-20 -0.000486164  7.72671e-20  -0.00013303  -3.4412e-20  0.000165023 -2.70538e-20  1.90051e-05  2.49895e-20 -2.19924e-05  2.49471e-21
-8.57031e-08 -1.06912e-20  2.13766e-06  7.65088e-21  -2.0992e-05  1.65636e-20  0.000124871 -3.74993e-20 -0.000516026  2.62999e-20   0.00157643    -3.43e-20  -0.00365596  2.05935e-19    0.0064259 -4.57864e-19  -0.00819009  2.51622e-19   0.00631947  4.14367e-19  0.000385655 -6.30016e-19   -0.0089481  2.54471e-19    0.0128332  2.20352e-19  -0.00760174 -4.05651e-19  -0.00319727  4.10627e-19   0.00981181 -6.57349e-19  -0.00623773  5.91539e-19  -0.00262952  2.44772e-19   0.00660132 -5.75411e-19  -0.00248453 -1.04564e-19  -0.00299654  3.84317e-19   0.00317743  1.32031e-19   0.00030922 -2.60321e-19  -0.00190637 -3.74297e-20  0.000516295  8.61537e-20  0.000736094  -6.7024e-20 -0.000388168  1.07659e-19 -0.000189372  -4.1122e-20   0.00012878 -3.18154e-20  3.16399e-05  2.30521e-20 -9.71079e-06
 3.61447e-21 -3.99273e-07 -1.14926e-20  5.70038e-06  1.22533e-21 -4.32063e-05  2.15535e-20  0.000217664  -3.9681e-20 -0.000799767  3.19492e-20   0.00224274  -8.9625e-20  -0.00489057    3.464e-19   0.00825382 -5.69756e-19   -0.0103495   1.6306e-19   0.00831685  5.02924e-19  -0.00100849 -6.00356e-19  -0.00821071  2.20352e-19    0.0123715   1.5373e-19  -0.00702484 -1.71617e-19  -0.00375634  2.62213e-19   0.00978698 -7.85302e-19  -0.00545595  6.63642e-19  -0.00344246  3.10092e-19   0.00657209 -5.06985e-19  -0.00174641 -2.08153e-19  -0.00346331  2.73524e-19   0.00289748  2.43126e-19  0.000763287 -2.13819e-19  -0.00191397 -9.50765e-21  0.000258289 -1.55809e-20  0.000801521 -5.39985e-20 -0.000277356  1.26149e-19 -0.000221785 -4.16728e-20  8.69495e-05 -3.68656e-20  3.31657e-05  1.48345e-20
 3.27424e-08  6.45212e-21 -8.31217e-07 -8.96114e-21  8.51693e-06  -3.1057e-21 -5.43148e-05  2.91371e-20  0.000247633 -4.84133e-20  -0.00086038  5.36894e-20   0.00234819 -1.63203e-19  -0.00508045  4.81725e-19   0.00861936 -5.86918e-19    -0.010986  9.02264e-21   0.00918148  5.60587e-19  -0.00185899   -5.379e-19  -0.00760174   1.5373e-19    0.0119325  3.34588e-20  -0.00652158  1.66263e-19  -0.00421914  1.08276e-19   0.00971822  -9.1154e-19  -0.00471946   6.7466e-19  -0.00414255  3.77077e-19   0.00645151 -4.23642e-19  -0.00102915 -2.43199e-19  -0.00382422  1.02363e-19   0.00255868  3.01321e-19   0.00116714  -1.4387e-19  -0.00185303   5.4493e-20  8.67191e-06  -1.1532e-19  0.000820803 -4.56441e-20 -0.000163516  1.33255e-19 -0.000229516 -3.96664e-20  4.56546e-05 -4.05549e-20  2.33592e-05
-1.31693e-21 -2.50075e-08  7.25018e-21  2.65907e-07 -6.24565e-21 -6.72108e-07 -8.51466e-21 -7.15148e-06  4.34985e-20  8.08867e-05  -6.5662e-20 -0.000432502  8.21557e-20   0.00153737 -2.35039e-19  -0.00396325   5.6432e-19   0.00758362  -4.8181e-19   -0.0105355 -1.69477e-19   0.00948725  5.71607e-19  -0.00255362 -4.05651e-19  -0.00702484  3.34588e-20    0.0115611 -1.47151e-19  -0.00611095  5.75619e-19  -0.00461558 -2.65888e-20   0.00963125 -9.97828e-19  -0.00402643  6.24935e-19  -0.00474892    4.143e-19     0.006261 -2.99965e-19 -0.000341644 -2.24929e-19  -0.00408972 -8.00654e-20     0.002179  2.87737e-19   0.00151529 -6.27901e-20  -0.00173459  1.36797e-19 -0.000221851 -1.91573e-19   0.00079755 -4.02845e-20 -5.55878e-05   1.3908e-19 -0.000213657 -3.50886e-20  1.08495e-05 -3.57697e-20
 3.26405e-08 -2.31193e-21 -8.05333e-07  6.51697e-21  7.64322e-06 -3.87742e-21 -4.25538e-05  -1.9716e-20  0.000156609  6.51841e-20 -0.000389147 -8.77042e-20  0.000588314  1.03536e-19 -0.000153083 -2.91002e-19  -0.00186449  5.61963e-19   0.00574988    -2.84e-19   -0.0096439 -3.27065e-19   0.00964385   5.2119e-19  -0.00319727 -1.71617e-19  -0.00652158 -1.47151e-19    0.0112797  -3.7614e-19  -0.00576818  9.94849e-19  -0.00497227  -1.3117e-19   0.00953448 -1.01352e-18  -0.00337211  5.28125e-19  -0.00527582  3.80131e-19   0.00601689 -1.02759e-19  0.000310873 -1.85318e-19  -0.00427009 -2.23432e-19   0.00177284  2.03813e-19   0.00180495  1.40997e-20  -0.00156922  2.15613e-19 -0.000424765 -2.36993e-19  0.000736703 -3.97857e-20  3.85506e-05   1.5225e-19 -0.000176971 -2.25341e-20 -1.05995e-05
-1.66744e-22  2.65273e-07  -2.6703e-21 -3.74678e-06  5.51256e-21  2.76329e-05  5.63513e-22  -0.00013259 -3.78949e-20  0.000450574  9.16584e-20  -0.00111733 -1.05668e-19   0.00198722  1.14331e-19  -0.00224483 -3.30329e-19   0.00052491  4.79044e-19    0.0037921 -5.52546e-20  -0.00872484 -4.47546e-19    0.0097616  4.10627e-19  -0.00375634  1.66263e-19  -0.00611095  -3.7614e-19    0.0110661 -6.20227e-19  -0.00547036   1.3413e-18  -0.00529905 -1.95867e-19   0.00943226 -9.46406e-19  -0.00275363  3.92176e-19  -0.00573559  2.43783e-19   0.00573201  1.76528e-19  0.000926112 -1.51117e-19  -0.00437487  -2.9972e-19   0.00135161  6.28381e-20   0.00203507   7.8824e-20  -0.00136686  2.71813e-19  -0.00059343 -2.59499e-19  0.000643934 -4.76821e-20  0.000111461   1.6828e-19 -0.000123947  1.13075e-21
-3.86987e-08 -2.72919e-22  9.77124e-07 -2.48514e-21 -9.74596e-06  4.50637e-21  5.90782e-05  8.55319e-21 -0.000249468 -5.95238e-20  0.000779726   1.1727e-19  -0.00184634 -1.11653e-19   0.00328132  1.29813e-19  -0.00408994 -3.64682e-19   0.00259542  3.56328e-19   0.00207661  1.54279e-19  -0.00787381 -5.48206e-19   0.00981181  2.62213e-19  -0.00421914  5.75619e-19  -0.00576818 -6.20227e-19    0.0108994 -8.26274e-19   -0.0052107  1.52768e-18  -0.00560205  -2.0312e-19   0.00933009 -7.88759e-19  -0.00216758  2.10047e-19  -0.00613939  5.93715e-21   0.00541583  4.99149e-19   0.00150369 -1.20024e-19  -0.00441237 -3.07396e-19  0.000924363 -1.18586e-19   0.00220571  1.35552e-19   -0.0011365  2.98981e-19 -0.000722196 -2.76612e-19  0.000525857 -6.64451e-20  0.000156443  1.69146e-19 -5.89323e-05
 6.14656e-22 -1.25824e-07  -3.0316e-22  1.86042e-06 -2.20948e-21 -1.47934e-05  3.66965e-21  7.90996e-05  1.72708e-20 -0.000311284 -7.76257e-20   0.00093997  1.32387e-19   -0.0022084 -1.06325e-19   0.00399061  1.74957e-19  -0.00525205 -4.10113e-19   0.00410511  2.46344e-19  0.000641637  3.28977e-19  -0.00705042 -6.57349e-19   0.00978698  1.08276e-19  -0.00461558  9.94849e-19  -0.00547036 -8.26274e-19    0.0107748  -9.3583e-19  -0.00498581  1.49015e-18  -0.00588897 -1.41815e-19   0.00923221 -5.17714e-19  -0.00160954 -2.67192e-20  -0.00649671 -2.95128e-19   0.00507515  7.87511e-19   0.00204436 -5.96172e-20  -0.00438973 -2.57384e-19  0.000498148 -3.16488e-19   0.00231712  1.91004e-19 -0.000886601  3.09355e-19 -0.000806083 -3.05467e-19  0.000390033 -9.67775e-20  0.000167968  1.22372e-19
-4.05165e-10  1.00259e-21 -6.40659e-09 -3.27757e-22  3.76481e-07 -2.86892e-21 -5.22041e-06   5.0824e-21  3.97323e-05  1.93948e-20 -0.000200381 -8.29191e-20  0.000725144  1.24725e-19  -0.00195077 -9.94759e-20   0.00391999  2.61885e-19  -0.00568006 -4.75655e-19   0.00512472  1.83207e-19 -0.000595551  4.74734e-19  -0.00623773 -7.85302e-19   0.00971822 -2.65888e-20  -0.00497227   1.3413e-18   -0.0052107  -9.3583e-19    0.0106908 -9.10273e-19  -0.00479038  1.21606e-18  -0.00616649 -3.70814e-20    0.0091412 -9.81734e-20  -0.00107505 -3.06538e-19  -0.00681563 -5.97807e-19   0.00471471  9.61483e-19   0.00254968  6.17281e-20  -0.00431246 -1.66971e-19  7.88087e-05 -4.93602e-19   0.00236938  2.42832e-19 -0.000625724  3.28761e-19 -0.000841462   -3.438e-19  0.000245352 -1.35988e-19  0.000131127
-4.09883e-22 -9.66444e-08  1.09188e-21  1.31789e-06 -1.48552e-23 -9.08987e-06 -6.44685e-21  3.87068e-05  1.34215e-20 -0.000105079  6.46332e-21  0.000152773  -6.5663e-20  8.26065e-05  8.48905e-20  -0.00110508 -9.98093e-20   0.00321738  3.71945e-19  -0.00558028 -5.53664e-19    0.0058096  1.70923e-19  -0.00168354  5.91539e-19  -0.00545595  -9.1154e-19   0.00963125  -1.3117e-19  -0.00529905  1.52768e-18  -0.00498581 -9.10273e-19    0.0106438 -7.47842e-19  -0.00461998  7.49306e-19  -0.00643978  4.20586e-20   0.00905906  4.83236e-19 -0.000559601 -5.92594e-19  -0.00710309 -8.45329e-19   0.00433734  9.73987e-19   0.00302129  2.39085e-19  -0.00418477 -6.99674e-20 -0.000328374 -6.09235e-19   0.00236299  2.84012e-19 -0.000361306  3.78549e-19 -0.000821736 -3.66737e-19  0.000101533 -1.54643e-19
 2.20188e-08 -6.23293e-22 -5.51133e-07  9.28192e-22  5.37565e-06  1.77197e-21 -3.12997e-05 -1.53601e-20  0.000123751  3.35808e-20 -0.000347692 -2.49374e-20  0.000684419 -2.06718e-20  -0.00081858  1.35961e-20  5.04723e-05 -1.01671e-19   0.00219273  4.58967e-19  -0.00518169 -6.19856e-19   0.00625659  1.95741e-19  -0.00262952  6.63642e-19  -0.00471946 -9.97828e-19   0.00953448 -1.95867e-19  -0.00560205  1.49015e-18  -0.00479038 -7.47842e-19    0.0106312 -4.76268e-19   -0.0044717  1.62801e-19  -0.00671359  2.28256e-20   0.00898741  1.17685e-18 -5.84718e-05 -8.40029e-19  -0.00736485 -1.00638e-18   0.00394457  8.26609e-19   0.00346079  4.27914e-19  -0.00400992   -1.647e-20 -0.000719574 -6.46387e-19   0.00229589  3.20911e-19 -0.000102341   4.6388e-19 -0.000743387 -3.20546e-19 -2.49838e-05
 8.84612e-23  1.06191e-07 -5.88974e-22 -1.54348e-06  3.73857e-22  1.18568e-05  6.29093e-21 -6.00697e-05  -3.0708e-20  0.000218988  6.51158e-20 -0.000594813 -6.71757e-20   0.00119952  4.56785e-20  -0.00168329 -7.56325e-20   0.00119085 -8.29114e-20   0.00110059   4.7408e-19  -0.00461819 -6.47837e-19   0.00650876  2.44772e-19  -0.00344246   6.7466e-19  -0.00402643 -1.01352e-18   0.00943226  -2.0312e-19  -0.00588897  1.21606e-18  -0.00461998 -4.76268e-19    0.0106521 -1.26741e-19  -0.00434311 -4.86214e-19  -0.00699249 -1.05654e-19   0.00892739   1.8649e-18  0.000433009 -1.01896e-18  -0.00760593 -1.07063e-18   0.00353668  5.74022e-19   0.00387029  5.77564e-19  -0.00378825 -4.25279e-20  -0.00108977 -6.48788e-19   0.00216563  3.60534e-19  0.000138268  5.93394e-19 -0.000600696 -1.27168e-19
-7.29071e-09  9.51439e-23  1.96204e-07 -3.50996e-22 -2.14305e-06 -8.72106e-22  1.45616e-05  1.34028e-20 -7.01905e-05 -4.99658e-20  0.000253821  9.73883e-20 -0.000703037 -1.01273e-19   0.00148226  1.12698e-19  -0.00227013 -1.61853e-19   0.00211675 -1.98675e-20  6.35227e-05  3.95301e-19  -0.00395252 -6.28581e-19   0.00660132  3.10092e-19  -0.00414255  6.24935e-19  -0.00337211 -9.46406e-19   0.00933009 -1.41815e-19  -0.00616649  7.49306e-19   -0.0044717 -1.26741e-19    0.0107062  2.87908e-19  -0.00423217 -1.18397e-18  -0.00728081 -2.60518e-19    0.0088801  2.41515e-18  0.000919915 -1.12074e-18  -0.00783078 -1.03698e-18    0.0031117  3.12788e-19   0.00424999   6.7086e-19  -0.00351935 -1.20502e-19  -0.00143101 -7.38421e-19   0.00197219  3.50213e-19  0.000348666  7.39587e-19  -0.00034524
  6.2956e-23  1.76096e-08 -3.82266e-24 -1.96517e-07 -3.01606e-23  8.19371e-07 -2.65859e-21  7.01002e-07  2.07526e-20 -2.62268e-05 -6.62367e-20  0.000157888  1.11826e-19 -0.000570872 -1.05511e-19   0.00142678  1.52334e-19  -0.00249923 -2.26144e-19   0.00277858  9.16973e-20  -0.00087841  2.40657e-19  -0.00322858 -5.75411e-19   0.00657209  3.77077e-19  -0.00474892  5.28125e-19  -0.00275363 -7.88759e-19   0.00923221 -3.70814e-20  -0.00643978  1.62801e-19  -0.00434311  2.87908e-19    0.0107937   7.7189e-19  -0.00413735 -1.94417e-18  -0.00758318  -3.1337e-19   0.00884634  2.74955e-18   0.00140802 -1.13663e-18  -0.00804191 -9.27643e-19   0.00266777  1.21575e-19   0.00459894   7.4032e-19   -0.0032038  -1.3892e-19  -0.00174093 -1.02407e-18   0.00169894  2.24296e-19  0.000515214  6.65015e-19
-9.22189e-09  1.20507e-22  2.26079e-07 -1.79323e-22  -2.1195e-06   1.9232e-22  1.15174e-05 -4.08601e-21 -4.02822e-05  2.51248e-20  8.83619e-05 -7.13804e-20 -8.03594e-05  9.31002e-20 -0.000210778 -6.82964e-20   0.00107693  1.43242e-19  -0.00242358 -2.57225e-19   0.00320118  2.28009e-19  -0.00170774  5.69341e-20  -0.00248453 -5.06985e-19   0.00645151    4.143e-19  -0.00527582  3.92176e-19  -0.00216758 -5.17714e-19    0.0091412  4.20586e-20  -0.00671359 -4.86214e-19  -0.00423217   7.7189e-19    0.0109158  1.31974e-18  -0.00405723 -2.75236e-18  -0.00790437 -2.00338e-19    0.0088263  2.84759e-18   0.00190233 -1.02581e-18  -0.00824218 -8.09189e-19   0.00220228 -1.44886e-20    0.0049199  8.51215e-19  -0.00283154   1.4757e-20  -0.00200698 -1.44716e-18   0.00135366 -7.80619e-20  0.000546917
-5.77953e-23 -5.71468e-08  1.95067e-22  8.19641e-07 -3.51154e-22 -6.13467e-06  2.17518e-22  2.97561e-05 -4.37835e-21 -0.000101119  2.55553e-20  0.000244059 -6.19391e-20 -0.000390774  4.16153e-20  0.000264047  4.23814e-21  0.000559835    8.234e-20  -0.00213774 -2.50305e-19   0.00342025   3.4731e-19  -0.00241387 -1.04564e-19  -0.00174641 -4.23642e-19     0.006261  3.80131e-19  -0.00573559  2.10047e-19  -0.00160954 -9.81734e-20   0.00905906  2.28256e-20  -0.00699249 -1.18397e-18  -0.00413735  1.31974e-18    0.0110742  1.88194e-18  -0.00399075 -3.51027e-18  -0.00824908 -1.17263e-21   0.00882136  2.68677e-18    0.0024097 -7.22301e-19  -0.00843541 -7.59947e-19   0.00170521  -1.8903e-19   0.00520579  1.07991e-18  -0.00239742  3.52303e-19   -0.0021939 -1.86027e-18   0.00090211 -4.88376e-19
  5.5019e-09 -9.01917e-23 -1.45792e-07  3.23032e-22  1.54149e-06 -5.41365e-22 -9.97522e-06  3.52314e-22  4.50638e-05 -4.30919e-21  -0.00014992  2.52063e-20  0.000371474  -4.2912e-20 -0.000661633 -2.35629e-20  0.000718841   9.0562e-20 -3.28072e-06 -1.39267e-20  -0.00172048 -2.03446e-19   0.00346789  4.08194e-19  -0.00299654 -2.08153e-19  -0.00102915 -2.99965e-19   0.00601689  2.43783e-19  -0.00613939 -2.67192e-20  -0.00107505  4.83236e-19   0.00898741 -1.05654e-19  -0.00728081 -1.94417e-18  -0.00405723  1.88194e-18    0.0112714  2.35885e-18  -0.00393764 -4.03165e-18  -0.00862412  1.09926e-19   0.00883203  2.23527e-18   0.00294024 -2.07093e-19  -0.00861724 -7.94548e-19   0.00117221 -5.01012e-19   0.00544063  1.49494e-18  -0.00190293  8.79601e-19  -0.00231291 -1.87318e-18   0.00022635
 1.40187e-23  2.82358e-09 -1.23615e-22 -7.58637e-08  5.66249e-22  9.61076e-07  -1.0404e-21 -7.40238e-06  1.29712e-21  3.87682e-05 -6.21454e-21 -0.000145976  2.91174e-20  0.000403616 -2.56534e-20 -0.000807286  -7.4043e-20   0.00106544  1.62425e-19 -0.000535972 -1.18335e-19  -0.00122861  -1.1714e-19   0.00337651  3.84317e-19  -0.00346331 -2.43199e-19 -0.000341644 -1.02759e-19   0.00573201  5.93715e-21  -0.00649671 -3.06538e-19 -0.000559601  1.17685e-18   0.00892739 -2.60518e-19  -0.00758318 -2.75236e-18  -0.00399075  2.35885e-18    0.0115114  2.64459e-18  -0.00389637 -4.10791e-18  -0.00903654  1.98088e-20   0.00885535  1.53585e-18   0.00349829  4.24836e-19  -0.00878667 -8.18193e-19   0.00060075  -1.0682e-18   0.00564416  1.95445e-18  -0.00129562  1.67523e-18  -0.00230424 -8.61759e-19
 3.25551e-09  1.72772e-23 -7.67762e-08 -2.11133e-22  6.70718e-07  1.02369e-21 -3.18536e-06 -2.18692e-21  8.13998e-06  3.29312e-21 -2.44544e-06 -1.15877e-20 -6.96721e-05  3.91638e-20  0.000318228 -2.15025e-20 -0.000804341 -8.62294e-20    0.0012744  1.94935e-19 -0.000998139 -2.05251e-19 -0.000705861  1.28348e-21   0.00317743  2.73524e-19  -0.00382422 -2.24929e-19  0.000310873  1.76528e-19   0.00541583 -2.95128e-19  -0.00681563 -5.92594e-19 -5.84718e-05   1.8649e-18    0.0088801  -3.1337e-19  -0.00790437 -3.51027e-18  -0.00393764  2.64459e-18    0.0117981  2.67664e-18   -0.0038661 -3.60015e-18  -0.00949145 -2.19724e-19   0.00889585  7.11357e-19   0.00409463  1.01788e-18  -0.00895747 -6.34734e-19 -4.44683e-05 -2.06976e-18   0.00576806  2.09457e-18 -0.000627633  2.79968e-18  -0.00174228
 5.43273e-24  2.43155e-08  2.29472e-23 -3.43617e-07  -4.0457e-22  2.50083e-06  1.74475e-21 -1.15459e-05 -3.69699e-21  3.58705e-05   4.9929e-21  -7.1728e-05 -1.82197e-20  6.06842e-05  5.12775e-20  0.000143883 -3.58024e-20 -0.000678654 -5.15436e-20   0.00135141  1.76361e-19  -0.00136958 -2.59385e-19 -0.000185539  1.32031e-19   0.00289748  1.02363e-19  -0.00408972 -1.85318e-19  0.000926112  4.99149e-19   0.00507515 -5.97807e-19  -0.00710309 -8.40029e-19  0.000433009  2.41515e-18   0.00884634 -2.00338e-19  -0.00824908 -4.03165e-18  -0.00389637  2.67664e-18    0.0121371  2.41448e-18  -0.00384997  -2.4863e-18   -0.0100035 -4.60733e-19   0.00895629  -1.9646e-19   0.00475818  1.54297e-18  -0.00909352 -1.65962e-19 -0.000772349 -3.53342e-18   0.00569697  2.08319e-18  0.000295996  3.11262e-18
 -2.6264e-09  9.08779e-24   6.9603e-08  5.39105e-23 -7.29856e-07 -7.06421e-22   4.6335e-06  2.57109e-21 -2.02289e-05 -4.27985e-21  6.35146e-05  3.55691e-21 -0.000141891 -2.02668e-20  0.000201113  5.80322e-20 -6.72913e-05 -6.54298e-20 -0.000473324  2.03598e-20   0.00131553  1.15232e-19  -0.00164273  -2.7689e-19   0.00030922  2.43126e-19   0.00255868 -8.00654e-20  -0.00427009 -1.51117e-19   0.00150369  7.87511e-19   0.00471471 -8.45329e-19  -0.00736485 -1.01896e-18  0.000919915  2.74955e-18    0.0088263 -1.17263e-21  -0.00862412 -4.10791e-18   -0.0038661  2.41448e-18    0.0125397  1.78406e-18  -0.00384327 -8.58957e-19   -0.0105885 -6.14575e-19   0.00901314 -1.26132e-18   0.00548684  2.22408e-18  -0.00916665  2.84034e-19  -0.00156849 -5.26297e-18   0.00565112   1.2093e-18   0.00149353
-3.82315e-24 -3.22519e-09  8.07698e-24  6.44252e-08  1.35253e-22 -6.73518e-07  -1.0881e-21  4.53905e-06  3.17774e-21 -2.14275e-05 -2.36737e-21  7.33904e-05 -3.42826e-21 -0.000182264 -1.21649e-20  0.000309591  5.42219e-20 -0.000269001 -1.00329e-19 -0.000228519  1.04851e-19   0.00119037  3.88101e-20  -0.00181926 -2.60321e-19  0.000763287  3.01321e-19     0.002179 -2.23432e-19  -0.00437487 -1.20024e-19   0.00204436  9.61483e-19   0.00433734 -1.00638e-18  -0.00760593 -1.12074e-18   0.00140802  2.84759e-18   0.00882136  1.09926e-19  -0.00903654 -3.60015e-18  -0.00384997  1.78406e-18    0.0130113  7.34612e-19  -0.00384015  1.05962e-18   -0.0112447 -6.72562e-19   0.00908558 -2.49007e-18   0.00628919   3.4312e-18  -0.00929733   6.4963e-19  -0.00256687 -7.16275e-18   0.00512093 -1.26139e-18
-1.08035e-09 -2.16714e-24   2.4273e-08 -1.21468e-23 -1.93024e-07  3.08229e-22  7.32327e-07 -1.62276e-21 -5.29867e-07   3.4069e-21 -9.06759e-06  2.41483e-21  5.49615e-05 -1.56998e-20 -0.000177126  6.59343e-21  0.000364073  4.05402e-20 -0.000432219 -1.28051e-19  2.36967e-05   1.7112e-19    0.0010006 -1.96982e-20  -0.00190637 -2.13819e-19   0.00116714  2.87737e-19   0.00177284  -2.9972e-19  -0.00441237 -5.96172e-20   0.00254968  9.73987e-19   0.00394457 -1.07063e-18  -0.00783078 -1.13663e-18   0.00190233  2.68677e-18   0.00883203  1.98088e-20  -0.00949145  -2.4863e-18  -0.00384327  7.34612e-19    0.0135608 -5.97426e-19  -0.00386353  2.92914e-18   -0.0120078 -6.46955e-19   0.00920957 -3.78615e-18   0.00726785  5.42894e-18   -0.0092113  1.20332e-18  -0.00366556 -8.63934e-18   0.00278397
-6.06928e-25 -8.57848e-09  9.35002e-24  1.19868e-07 -8.96226e-23   -8.517e-07  6.68176e-22   3.7462e-06 -2.56329e-21  -1.0469e-05  3.48839e-21  1.52003e-05  8.53842e-21   1.2194e-05 -2.98229e-20 -0.000130528  2.99356e-20   0.00036255  2.29489e-20 -0.000543112 -1.39277e-19  0.000259395  1.93942e-19  0.000769263 -3.74297e-20  -0.00191397  -1.4387e-19   0.00151529  2.03813e-19   0.00135161 -3.07396e-19  -0.00438973  6.17281e-20   0.00302129  8.26609e-19   0.00353668 -1.03698e-18  -0.00804191 -1.02581e-18    0.0024097  2.23527e-18   0.00885535 -2.19724e-19   -0.0100035 -8.58957e-19  -0.00384015 -5.97426e-19    0.0142244 -1.84658e-18  -0.00389549   4.3686e-18   -0.0129433 -6.44289e-19   0.00922041 -4.78435e-18   0.00845788  7.59249e-18  -0.00869883   1.2861e-18  -0.00553777 -6.35086e-18
 8.92926e-10   -5.637e-24 -2.40025e-08  4.46266e-23  2.54071e-07  -2.7911e-22 -1.61435e-06  1.33371e-21  6.95062e-06 -4.10646e-21 -2.09344e-05  3.76546e-21  4.20085e-05   1.3505e-20 -4.03119e-05 -4.09173e-20 -5.83795e-05  4.83615e-20   0.00031469   9.3099e-21 -0.000598352 -1.31801e-19  0.000462306  1.63106e-19  0.000516295 -9.50765e-21  -0.00185303 -6.27901e-20   0.00180495  6.28381e-20  0.000924363 -2.57384e-19  -0.00431246  2.39085e-19   0.00346079  5.74022e-19    0.0031117 -9.27643e-19  -0.00824218 -7.22301e-19   0.00294024  1.53585e-18   0.00889585 -4.60733e-19   -0.0105885  1.05962e-18  -0.00386353 -1.84658e-18    0.0150119 -2.70095e-18  -0.00387725   5.1272e-18   -0.0140056 -9.93029e-19   0.00920115 -5.32092e-18   0.00968755  9.97681e-18  -0.00892221  5.01802e-18  -0.00687916
 1.33232e-24  9.42738e-10 -1.90572e-23 -2.11214e-08  1.22379e-22  2.34871e-07 -5.97934e-22 -1.62832e-06  2.28712e-21  7.71511e-06 -5.97907e-21  -2.5867e-05  4.22991e-21  6.04458e-05     1.56e-20 -8.68219e-05 -4.53282e-20  2.14252e-05  5.43212e-20  0.000234777  6.34559e-21 -0.000601628 -1.11092e-19  0.000622739  8.61537e-20  0.000258289   5.4493e-20  -0.00173459  1.40997e-20   0.00203507 -1.18586e-19  0.000498148 -1.66971e-19  -0.00418477  4.27914e-19   0.00387029  3.12788e-19   0.00266777 -8.09189e-19  -0.00843541 -2.07093e-19   0.00349829  7.11357e-19   0.00895629 -6.14575e-19   -0.0112447  2.92914e-18  -0.00389549 -2.70095e-18    0.0159134 -3.21701e-18  -0.00395791   5.6324e-18   -0.0152297  -2.6474e-18    0.0095111 -6.61796e-18    0.0114364  1.43322e-17  -0.00662533  1.01424e-17
