 6.88984e-10 -9.25813e-23 -1.31185e-08  2.14528e-21  9.61517e-08 -1.41472e-20 -4.14542e-07  5.38274e-20  1.19358e-06 -1.44144e-19  -2.4026e-06  2.88308e-19  3.36384e-06 -4.34453e-19 -3.01586e-06  4.80501e-19  1.11182e-06  -3.5369e-19  9.70244e-07   1.0378e-19 -1.43787e-06  1.10548e-19  2.72845e-07 -1.60888e-19  7.34657e-07  6.86644e-20 -4.53307e-07   3.5528e-20 -2.71263e-07 -5.89204e-20  3.10314e-07   2.0786e-20  8.65688e-08  1.16012e-20 -1.62388e-07 -1.18934e-20 -3.09925e-08  2.31877e-22  7.12146e-08  3.68358e-21  1.55015e-08 -1.09116e-21  -2.5479e-08 -6.40608e-22   -8.446e-09  3.28414e-22  6.46508e-09  8.48771e-23  3.49933e-09 -6.62577e-23 -7.13711e-10 -9.09957e-25 -8.13624e-10  3.76348e-24 -9.61524e-11  6.73734e-25  5.45835e-11 -2.83649e-25  1.49756e-11  3.09439e-26  6.18772e-13
-9.25813e-23   1.8804e-08 -1.23416e-21 -2.01141e-07  1.81967e-20  1.10441e-06 -9.10511e-20 -3.85946e-06   2.8935e-19  9.28362e-06  -6.7829e-19 -1.56851e-05  1.21505e-18  1.79745e-05 -1.65819e-18 -1.17499e-05  1.66399e-18 -7.59375e-08 -1.09153e-18   7.7195e-06  2.24821e-19 -5.20914e-06  4.05207e-19 -1.85367e-06 -4.85958e-19  3.94644e-06  1.81384e-19  -3.6218e-07  1.02232e-19 -2.08178e-06 -1.45084e-19  6.34092e-07  4.19249e-20  9.58154e-07  2.93241e-20  -3.9195e-07 -2.29485e-20 -4.18336e-07 -2.65088e-21  1.62074e-07  7.59344e-21  1.73236e-07 -1.17033e-21  -4.1891e-08 -1.38781e-21 -6.20593e-08  3.28822e-22  1.73379e-09  2.53475e-22  1.58475e-08 -9.28615e-23  3.11521e-09 -9.13563e-24 -1.87517e-09  1.98158e-24 -8.05001e-10  2.14558e-24 -3.07892e-11 -3.94066e-25  2.12363e-11  3.97553e-26
-1.31185e-08 -1.23416e-21  2.50049e-07 -8.39035e-21 -1.83562e-06   8.3337e-20  7.93148e-06 -3.27664e-19 -2.29076e-05   8.8949e-19  4.63143e-05 -1.86038e-18 -6.52764e-05  3.04239e-18  5.92241e-05    -3.84e-18  -2.2758e-05  3.59283e-18 -1.81471e-05 -2.20614e-18  2.84258e-05  4.14287e-19 -6.33044e-06  7.45717e-19 -1.40476e-05 -8.15619e-19   9.5145e-06  2.37321e-19  4.82125e-06  2.21894e-19  -6.3902e-06  -2.4259e-19 -1.30307e-06  5.50972e-20  3.32198e-06  4.67024e-20  3.66309e-07 -2.66451e-20 -1.46777e-06 -8.38689e-21 -1.84445e-07  9.38883e-21   5.4305e-07  1.40875e-22  1.20969e-07 -1.68436e-21 -1.50896e-07 -1.41515e-22 -5.90152e-08  4.51938e-22  2.30694e-08 -8.35037e-23  1.61912e-08   -1.792e-23  3.93313e-10  -1.5886e-24 -1.49044e-09  3.42287e-24 -2.91858e-10 -3.69008e-25 -4.43082e-12
 2.14528e-21 -2.01141e-07 -8.39035e-21  2.15499e-06 -3.24598e-20 -1.18595e-05  2.26143e-19  4.15777e-05 -7.05838e-19 -0.000100466  1.66563e-18  0.000170871 -3.19517e-18 -0.000197933  4.92093e-18  0.000132501 -5.92139e-18 -3.41057e-06  5.31612e-18 -8.38043e-05 -3.12957e-18  6.03682e-05  5.20348e-19  1.73359e-05   1.0447e-18 -4.42273e-05 -1.02787e-18  6.66875e-06   1.8773e-19  2.25675e-05  3.74993e-19 -8.70552e-06 -3.25279e-19 -1.00078e-05  6.04507e-20  5.28422e-06  5.16129e-20  4.24763e-06 -1.83225e-20 -2.28914e-06 -1.41507e-20 -1.76047e-06  7.33515e-21  6.97829e-07  2.04807e-21   6.5875e-07 -1.09309e-21 -1.06806e-07 -8.97925e-22 -1.86167e-07  6.22508e-22 -1.49607e-08 -6.37523e-23  2.81036e-08 -3.04954e-23  8.05919e-09 -2.80477e-24 -5.17127e-10   3.8239e-24 -3.48108e-10 -1.68925e-25
 9.61517e-08  1.81967e-20 -1.83562e-06 -3.24598e-20  1.35065e-05 -7.49002e-20 -5.85518e-05  3.40373e-19   0.00016989 -7.87516e-19 -0.000345763  1.66596e-18  0.000492282 -3.23955e-18 -0.000454908  5.21509e-18  0.000186191 -6.54084e-18  0.000127186  6.07891e-18  -0.00021873 -3.67258e-18  5.96944e-05  6.37731e-19  0.000101912  1.15059e-18 -7.89193e-05 -1.00748e-18 -3.05233e-05 -1.04348e-20  5.12816e-05  5.53182e-19  5.31242e-06 -3.84622e-19 -2.62013e-05  6.21558e-20 -5.53255e-08  4.16713e-20  1.15738e-05 -3.02071e-21  4.90583e-08 -1.60174e-20 -4.41102e-06  3.04365e-21 -3.87206e-07  2.76886e-21  1.33554e-06  1.02552e-22  3.10546e-07 -1.55764e-21 -2.59092e-07  7.67409e-22 -1.12573e-07 -3.77754e-23  1.42821e-08 -5.60591e-23  1.44753e-08 -1.26057e-24  1.78291e-09  2.75298e-24 -7.25475e-11
-1.41472e-20  1.10441e-06   8.3337e-20 -1.18595e-05 -7.49002e-20  6.54824e-05 -8.05795e-20 -0.000230642  2.96695e-20     0.000561  3.63651e-19 -0.000963462 -4.68931e-19   0.00113387 -6.38515e-19 -0.000785892  3.05063e-18   5.7987e-05 -5.50686e-18  0.000465625  6.11195e-18 -0.000368586 -4.04354e-18 -7.13734e-05  8.02156e-19   0.00025584  1.05485e-18  -6.0143e-05 -7.04904e-19 -0.000123314 -3.85901e-19  6.28556e-05  7.65519e-19  5.10371e-05 -4.33939e-19 -3.71141e-05  6.67215e-20 -2.03643e-05   2.5515e-20  1.65775e-05  6.64222e-21  8.31174e-06 -1.20852e-20 -5.65553e-06  6.07459e-22 -3.28089e-06  1.50977e-21  1.27481e-06  9.91972e-22  1.04941e-06  -1.9419e-21 -8.70167e-08  9.05434e-22 -2.00692e-07  2.24518e-23 -3.08675e-08 -8.75854e-23  1.01759e-08  1.17389e-24  2.59166e-09  7.74494e-25
-4.14542e-07 -9.10511e-20  7.93148e-06  2.26143e-19 -5.85518e-05 -8.05795e-20  0.000255015  1.03317e-19 -0.000744825 -1.30562e-18    0.0015303  3.57571e-18  -0.00221056 -5.20053e-18   0.00209676  4.23746e-18 -0.000934213 -4.10186e-19 -0.000499884 -4.19232e-18   0.00100193  6.25915e-18 -0.000345417 -4.36477e-18 -0.000423067  8.60069e-19  0.000394904  8.05607e-19  9.52138e-05 -1.27294e-19 -0.000243929 -8.95345e-19  6.41846e-06  9.97621e-19  0.000120428  -4.8686e-19 -1.72974e-05  7.78406e-20 -5.23981e-05  1.74359e-20    8.463e-06  3.86923e-23  2.03748e-05 -5.90106e-21 -1.82055e-06  3.18415e-21 -6.67528e-06 -2.46948e-22  -3.3989e-07  8.28444e-22  1.56816e-06 -2.15252e-21  3.55375e-07  9.81375e-22 -1.72658e-07  1.23694e-22 -7.31202e-08 -9.83285e-23 -2.48001e-09  2.86211e-24  1.08971e-09
 5.38274e-20 -3.85946e-06 -3.27664e-19  4.15777e-05  3.40373e-19 -0.000230642  1.03317e-19  0.000817736  6.71085e-19  -0.00200767 -3.99808e-18   0.00349559  8.57301e-18  -0.00420625 -1.10973e-17   0.00305712  9.04426e-18 -0.000426138 -2.71843e-18  -0.00163287 -4.22701e-18   0.00147383  6.98955e-18  0.000110138 -4.51381e-18 -0.000942957   8.0272e-19  0.000334125  3.10364e-19   0.00041194  6.43766e-19 -0.000293062 -1.40767e-18 -0.000148048  1.20334e-18  0.000166484 -5.39802e-19  5.01904e-05  8.87948e-20 -7.52943e-05  3.16247e-20 -1.89481e-05 -2.25627e-20  2.76923e-05  -4.7788e-21  8.15559e-06  9.74152e-21 -7.66321e-06 -1.30903e-22 -3.18342e-06 -1.98756e-22  1.22858e-06 -2.33181e-21  8.08155e-07  8.83402e-22 -7.56208e-09  2.18161e-22 -7.15212e-08 -7.06485e-23 -1.00698e-08  2.88963e-24
 1.19358e-06   2.8935e-19 -2.29076e-05 -7.05838e-19   0.00016989  2.96695e-20 -0.000744825  6.71085e-19   0.00219573  1.69761e-18   -0.0045718 -7.61387e-18   0.00673901  1.36943e-17  -0.00662477 -1.56037e-17   0.00328326  1.13106e-17   0.00118302 -2.32645e-18  -0.00310259 -5.89606e-18   0.00138372  7.89307e-18   0.00110474 -4.34186e-18  -0.00135088  9.13808e-19   -9.352e-05 -5.20751e-19  0.000773031  1.40817e-18 -0.000152962 -1.77904e-18 -0.000357484  1.33381e-18  0.000126892  -5.7547e-19  0.000148345  8.53124e-20 -6.20759e-05  7.40845e-20 -5.75367e-05 -4.97384e-20   2.0967e-05 -1.25616e-20  2.02525e-05  1.53272e-20 -4.09816e-06  2.62068e-21 -5.67484e-06 -1.05447e-21 -5.91921e-08 -2.51644e-21  9.24417e-07  5.74531e-22  1.85588e-07  2.41866e-22 -2.78705e-08 -2.14523e-23 -6.43919e-09
-1.44144e-19  9.28362e-06   8.8949e-19 -0.000100466 -7.87516e-19     0.000561 -1.30562e-18  -0.00200767  1.69761e-18    0.0049946  2.99892e-18  -0.00886519 -1.09231e-17    0.0109995  1.68184e-17  -0.00851077 -1.69036e-17   0.00191399  1.02648e-17   0.00385621    3.658e-19  -0.00418893 -8.08404e-18  0.000302693   8.1606e-18    0.0023677 -3.91613e-18  -0.00125725  1.45839e-18 -0.000856482 -1.49555e-18  0.000947547  1.91563e-18   0.00020625 -1.92709e-18 -0.000508662  1.35586e-18 -2.31285e-05 -5.82297e-19  0.000227266  5.84817e-20 -2.48248e-06  1.35819e-19 -8.72708e-05 -6.70168e-20 -1.66351e-06 -2.51826e-20  2.75833e-05  1.49865e-20    3.327e-06  6.60737e-21 -6.13552e-06 -6.81703e-22 -1.66729e-06 -2.67851e-21  5.84723e-07  1.69328e-22  2.66326e-07  1.81242e-22  1.38935e-08  1.07266e-23
 -2.4026e-06  -6.7829e-19  4.63143e-05  1.66563e-18 -0.000345763  3.63651e-19    0.0015303 -3.99808e-18   -0.0045718  2.99892e-18   0.00970115  4.12435e-18   -0.0147108  -1.2476e-17    0.0151795   1.6737e-17  -0.00855481 -1.49459e-17  -0.00140924   6.7955e-18   0.00678735  3.88247e-18  -0.00402689 -9.42184e-18  -0.00171251  7.32154e-18   0.00329668 -3.47702e-18 -0.000455386  2.30703e-18  -0.00166791 -2.18163e-18   0.00074713  2.01978e-18  0.000671278 -1.82972e-18 -0.000492307  1.26346e-18 -0.000240815 -5.66986e-19  0.000237177  9.96596e-21  8.59389e-05  1.95558e-19 -8.99194e-05 -6.51621e-20 -3.23729e-05 -3.47949e-20  2.52889e-05  7.41698e-21  1.14178e-05  9.85665e-21 -4.04493e-06  1.19254e-21  -2.7168e-06 -2.75478e-21 -7.22378e-10 -1.51063e-22  1.93886e-07  8.99652e-23  1.97412e-08
 2.88308e-19 -1.56851e-05 -1.86038e-18  0.000170871  1.66596e-18 -0.000963462  3.57571e-18   0.00349559 -7.61387e-18  -0.00886519  4.12435e-18    0.0161764  4.54138e-18   -0.0209491  -1.1551e-17    0.0175908  1.39198e-17  -0.00588308 -1.10046e-17  -0.00601159  2.32475e-18    0.0086932  6.85202e-18  -0.00223273  -9.1001e-18  -0.00399924  5.47181e-18   0.00333301 -3.15515e-18  0.000871909  2.94247e-18  -0.00215212 -2.26027e-18  0.000174907  1.74759e-18   0.00105043   -1.508e-18 -0.000281929  1.09844e-18  -0.00044177 -5.43179e-19  0.000162252 -5.54318e-20  0.000169429   2.3121e-19 -6.07396e-05 -4.27988e-20 -5.89791e-05 -3.72368e-20   1.3452e-05 -4.81754e-21  1.66222e-05  1.13211e-20 -3.01971e-07   3.7569e-21 -2.68739e-06 -2.64682e-21 -4.68323e-07 -2.86671e-22  5.74161e-08  2.87113e-23
 3.36384e-06  1.21505e-18 -6.52764e-05 -3.19517e-18  0.000492282 -4.68931e-19  -0.00221056  8.57301e-18   0.00673901 -1.09231e-17   -0.0147108  4.54138e-18    0.0232467  4.00926e-18   -0.0256505 -8.83784e-18    0.0168594  1.01375e-17 -0.000843998  -6.6325e-18   -0.0103503 -1.94571e-18    0.0086186  8.39385e-18  0.000726646 -6.95542e-18  -0.00567173  3.05148e-18   0.00235866 -2.76542e-18   0.00225488  2.85464e-18  -0.00209575 -1.77212e-18  -0.00057967  1.22618e-18   0.00119924 -1.04747e-18  5.66471e-05  9.48014e-19 -0.000554292 -5.11354e-19   2.5221e-05 -1.34568e-19  0.000218882  2.30764e-19 -8.91128e-06 -5.21869e-21 -7.19572e-05 -3.42993e-20 -3.69834e-06 -1.75058e-20  1.69433e-05  1.11779e-20  3.44606e-06  5.53555e-21  -1.6952e-06 -2.28631e-21 -5.73783e-07 -2.61392e-22  -1.9794e-08
-4.34453e-19  1.79745e-05  3.04239e-18 -0.000197933 -3.23955e-18   0.00113387 -5.20053e-18  -0.00420625  1.36943e-17    0.0109995  -1.2476e-17   -0.0209491  4.00926e-18    0.0289012   2.8672e-18   -0.0270869 -6.11528e-18    0.0129332  7.23296e-18   0.00497684 -2.93054e-18    -0.012932 -5.21424e-18   0.00659671  8.09228e-18   0.00382294 -3.40363e-18  -0.00619992  5.68637e-19  0.000740118 -1.95542e-18   0.00325638   1.9658e-18   -0.0015503 -1.01327e-18   -0.0012819  5.77834e-19   0.00108916 -6.02821e-19  0.000420562  8.94838e-19 -0.000551501  -4.5772e-19 -0.000133079  -2.1904e-19  0.000221654  1.96775e-19    4.987e-05  3.71406e-20 -6.78531e-05 -2.99169e-20 -2.04567e-05 -2.67667e-20  1.25448e-05  1.04592e-20  5.71336e-06  5.44449e-21 -3.54752e-07 -1.71282e-21 -3.57423e-07  -1.5244e-22
-3.01586e-06 -1.65819e-18  5.92241e-05  4.92093e-18 -0.000454908 -6.38515e-19   0.00209676 -1.10973e-17  -0.00662477  1.68184e-17    0.0151795  -1.1551e-17   -0.0256505   2.8672e-18    0.0312851  1.88492e-18   -0.0248864 -5.05871e-18   0.00728166  6.12034e-18   0.00971171 -3.96418e-19   -0.0132528 -7.09274e-18   0.00354433  6.04362e-18   0.00616856  6.12376e-19  -0.00565699 -1.56034e-18 -0.000990021 -6.22954e-19   0.00370149  7.16307e-19 -0.000726901 -2.56334e-19  -0.00178103 -1.13272e-19  0.000780926 -3.28271e-19  0.000726898  9.56808e-19 -0.000446147 -3.73839e-19 -0.000275182 -2.87775e-19  0.000180652  1.44984e-19  0.000100722  7.10365e-20 -4.88503e-05 -2.62034e-20 -3.20006e-05 -3.00739e-20  5.28799e-06  1.02039e-20  5.81198e-06  3.68548e-21  6.09564e-07 -1.06723e-21 -8.79864e-08
 4.80501e-19 -1.17499e-05    -3.84e-18  0.000132501  5.21509e-18 -0.000785892  4.23746e-18   0.00305712 -1.56037e-17  -0.00851077   1.6737e-17    0.0175908 -8.83784e-18   -0.0270869  1.88492e-18     0.029906   1.7583e-18   -0.0203705 -6.25044e-18   0.00195616  6.71425e-18     0.012376  1.00123e-18   -0.0119276 -7.60387e-18  0.000521009  2.90758e-18   0.00747812  3.93089e-18  -0.00447996 -3.06415e-18  -0.00246814  8.29329e-19   0.00365514 -2.55129e-19  0.000166901  4.04943e-19  -0.00203421 -7.72095e-19  0.000361485 -2.80218e-19  0.000931734  1.07033e-18 -0.000269856 -2.74157e-19 -0.000376334  -3.1403e-19  0.000108044  9.74079e-20  0.000133337  8.51881e-20  -2.0686e-05 -2.32927e-20 -3.56655e-05 -2.69235e-20 -2.19243e-06  1.03774e-20  4.05941e-06  1.55187e-21  7.99472e-07 -4.91792e-22
 1.11182e-06  1.66399e-18  -2.2758e-05 -5.92139e-18  0.000186191  3.05063e-18 -0.000934213  9.04426e-18   0.00328326 -1.69036e-17  -0.00855481  1.39198e-17    0.0168594 -6.11528e-18   -0.0248864   1.7583e-18    0.0260208   2.6819e-18   -0.0156451  -9.1206e-18  -0.00172837  8.28802e-18     0.013231  1.82452e-18  -0.00998846 -7.12981e-18  -0.00191141 -2.43123e-19   0.00796314  5.70201e-18  -0.00308066 -3.81405e-18  -0.00358059    1.723e-18   0.00326596 -5.55164e-19   0.00100228  9.91566e-19  -0.00206121 -1.30724e-18 -9.43959e-05  -3.8094e-19   0.00102182  1.12845e-18 -5.77272e-05 -1.93276e-19  -0.00042473 -2.83867e-19  1.96199e-05  6.98642e-20  0.000142929  7.56878e-20  9.52989e-06 -2.12957e-20 -3.12849e-05 -1.88462e-20 -7.45529e-06  9.96238e-21  1.58279e-06  2.96219e-22  4.10377e-07
 -3.5369e-19 -7.59375e-08  3.59283e-18 -3.41057e-06 -6.54084e-18   5.7987e-05 -4.10186e-19 -0.000426138  1.13106e-17   0.00191399 -1.49459e-17  -0.00588308  1.01375e-17    0.0129332 -5.05871e-18   -0.0203705   2.6819e-18    0.0217421  4.30645e-18   -0.0121988 -1.25446e-17  -0.00374468  9.65933e-18    0.0131656  2.96625e-18  -0.00812297 -6.27447e-18   -0.0037349 -2.29743e-18   0.00794603  5.74961e-18  -0.00167315 -3.83302e-18   -0.0043488   1.6361e-18   0.00266002 -2.43147e-19   0.00171531  1.48789e-18   -0.0019023 -1.62701e-18 -0.000531676 -4.71232e-19   0.00100236  1.04516e-18  0.000158563 -1.62518e-19  -0.00041892 -2.06274e-19 -6.89213e-05   6.1327e-20  0.000129785  4.79954e-20   3.5079e-05 -2.12405e-20 -2.09026e-05 -8.55663e-21 -9.05441e-06  8.41162e-21 -2.38294e-07  9.15991e-23
 9.70244e-07 -1.09153e-18 -1.81471e-05  5.31612e-18  0.000127186 -5.50686e-18 -0.000499884 -2.71843e-18   0.00118302  1.02648e-17  -0.00140924 -1.10046e-17 -0.000843998  7.23296e-18   0.00728166 -6.25044e-18   -0.0156451  4.30645e-18    0.0186096  6.06398e-18   -0.0102315 -1.54222e-17  -0.00482637  9.50027e-18     0.012872  4.98533e-18  -0.00649376 -5.62417e-18  -0.00513199 -2.54905e-18   0.00762741  4.52402e-18 -0.000334124  -3.3236e-18  -0.00481841   7.3924e-19   0.00192613  3.16179e-19   0.00227584  1.78145e-18  -0.00160183 -1.68066e-18 -0.000912234 -4.11567e-19  0.000889223  8.04259e-19  0.000353451 -1.82123e-19 -0.000364957 -1.02136e-19 -0.000144211  5.74229e-20  9.82158e-05  1.35216e-20  5.09001e-05 -2.41627e-20 -8.08762e-06  7.45121e-22 -7.08026e-06  6.12513e-21 -6.39032e-07
  1.0378e-19   7.7195e-06 -2.20614e-18 -8.38043e-05  6.07891e-18  0.000465625 -4.19232e-18  -0.00163287 -2.32645e-18   0.00385621   6.7955e-18  -0.00601159  -6.6325e-18   0.00497684  6.12034e-18   0.00195616  -9.1206e-18   -0.0121988  6.06398e-18    0.0168794  7.54244e-18  -0.00911549 -1.69229e-17  -0.00561853  7.13367e-18    0.0125633   7.4346e-18   -0.0050238 -5.47931e-18  -0.00622611 -9.85173e-19   0.00709912  2.76901e-18  0.000899906 -2.62348e-18  -0.00503012 -3.56083e-19   0.00113143  7.57047e-19   0.00267314  1.74695e-18  -0.00120342 -1.47758e-18   -0.0012121 -1.68053e-19  0.000703771  4.59374e-19  0.000508358 -2.16618e-19  -0.00027378  1.43003e-20 -0.000196421  4.78615e-20  5.53018e-05 -1.68288e-20  5.44134e-05 -2.91477e-20  3.01079e-06  5.97283e-21 -3.31172e-06  3.41424e-21
-1.43787e-06  2.24821e-19  2.84258e-05 -3.12957e-18  -0.00021873  6.11195e-18   0.00100193 -4.22701e-18  -0.00310259    3.658e-19   0.00678735  2.32475e-18   -0.0103503 -2.93054e-18   0.00971171  6.71425e-18  -0.00172837 -1.25446e-17   -0.0102315  7.54244e-18    0.0159593   8.5611e-18   -0.0082492 -1.65635e-17  -0.00633101  3.28356e-18    0.0122066  8.92227e-18  -0.00366084  -5.7299e-18  -0.00706369  1.72765e-18   0.00642323  1.15711e-18   0.00200293 -2.02794e-18  -0.00502536 -1.05854e-18  0.000327467  8.89932e-19   0.00291024  1.36679e-18 -0.000746562  -1.0632e-18  -0.00141873  1.73011e-19  0.000469309   8.5694e-20   0.00061145 -2.26169e-19 -0.000159086  1.35736e-19 -0.000219786  3.83904e-20  9.63266e-06 -3.72441e-20  4.59839e-05 -3.23116e-20  8.85787e-06    5.927e-21 -4.31705e-07
 1.10548e-19 -5.20914e-06  4.14287e-19  6.03682e-05 -3.67258e-18 -0.000368586  6.25915e-18   0.00147383 -5.89606e-18  -0.00418893  3.88247e-18    0.0086932 -1.94571e-18    -0.012932 -3.96418e-19     0.012376  8.28802e-18  -0.00374468 -1.54222e-17  -0.00911549   8.5611e-18    0.0152643  8.97202e-18  -0.00743915 -1.43454e-17  -0.00693261  -9.8575e-20    0.0117825  8.03286e-18  -0.00241139 -5.98178e-18  -0.00768004  4.53193e-18   0.00565576  4.49945e-20   0.00296406 -1.58192e-18  -0.00484535 -1.14281e-18 -0.000449114  6.69809e-19   0.00299837  7.46922e-19 -0.000264884 -4.87009e-19  -0.00152802   4.7617e-19  0.000208862 -2.70483e-19  0.000656884 -2.03996e-19  -3.5737e-05  2.43304e-19 -0.000212765  4.12896e-20 -2.99345e-05  -4.6791e-20  2.90751e-05 -2.93401e-20  8.19369e-06  2.78981e-21
 2.72845e-07  4.05207e-19 -6.33044e-06  5.20348e-19  5.96944e-05 -4.04354e-18 -0.000345417  6.98955e-18   0.00138372 -8.08404e-18  -0.00402689  6.85202e-18    0.0086186 -5.21424e-18   -0.0132528  1.00123e-18     0.013231  9.65933e-18  -0.00482637 -1.69229e-17   -0.0082492  8.97202e-18    0.0146082  8.53872e-18  -0.00672791 -1.08528e-17  -0.00740515 -1.05365e-18    0.0113261  4.43271e-18  -0.00128051 -5.81257e-18  -0.00811809   6.3804e-18   0.00483769 -6.04893e-19   0.00378503 -1.04231e-18  -0.00452602 -7.28589e-19  -0.00117348   1.0837e-19   0.00295251  2.23297e-20  0.000213765  1.92202e-19  -0.00154183  6.56759e-19 -5.59378e-05 -5.93123e-19  0.000644003 -1.73897e-19  8.14133e-05  3.01329e-19 -0.000178034  5.61738e-20 -5.55836e-05 -4.64608e-20  1.00979e-05 -2.01228e-20  3.64045e-06
-1.60888e-19 -1.85367e-06  7.45717e-19  1.73359e-05  6.37731e-19 -7.13734e-05 -4.36477e-18  0.000110138  7.89307e-18  0.000302693 -9.42184e-18  -0.00223273  8.39385e-18   0.00659671 -7.09274e-18   -0.0119276  1.82452e-18    0.0131656  9.50027e-18  -0.00561853 -1.65635e-17  -0.00743915  8.53872e-18    0.0140395  7.08152e-18   -0.0061437 -7.03753e-18  -0.00778786   9.7332e-19    0.0108684 -7.19876e-19 -0.000254525 -4.92468e-18  -0.00841456  6.59946e-18   0.00399446 -1.12893e-18   0.00447257  -9.5821e-20  -0.00409697 -1.44399e-20  -0.00182888 -7.19743e-19   0.00278902 -7.15055e-19  0.000666587  8.77936e-19  -0.00146627  7.21418e-19 -0.000305362 -8.54661e-19  0.000576668 -1.51332e-19  0.000178453  2.85351e-19 -0.000122439  6.70864e-20 -6.20237e-05 -3.78779e-20 -2.94371e-06 -9.24598e-21
 7.34657e-07 -4.85958e-19 -1.40476e-05   1.0447e-18  0.000101912  8.02156e-19 -0.000423067 -4.51381e-18   0.00110474   8.1606e-18  -0.00171251  -9.1001e-18  0.000726646  8.09228e-18   0.00354433 -7.60387e-18  -0.00998846  2.96625e-18     0.012872  7.13367e-18  -0.00633101 -1.43454e-17  -0.00672791  7.08152e-18    0.0135915  4.70261e-18  -0.00565424 -3.68599e-18  -0.00811803  4.63109e-18    0.0104174 -5.41652e-18  0.000682766 -3.14047e-18  -0.00859563  5.12369e-18   0.00314273 -1.92548e-18   0.00503487  1.32013e-18  -0.00358251  9.09368e-19  -0.00240412 -1.61835e-18    0.0025244 -1.38032e-18   0.00107493  1.44103e-18   -0.0013105  7.19813e-19 -0.000521756 -9.92711e-19  0.000462841  -1.2361e-19  0.000243298  2.13006e-19  -5.6825e-05  6.00644e-20 -4.87879e-05 -2.42793e-20 -5.27404e-06
 6.86644e-20  3.94644e-06 -8.15619e-19 -4.42273e-05  1.15059e-18   0.00025584  8.60069e-19 -0.000942957 -4.34186e-18    0.0023677  7.32154e-18  -0.00399924 -6.95542e-18   0.00382294  6.04362e-18  0.000521009 -7.12981e-18  -0.00812297  4.98533e-18    0.0125633  3.28356e-18  -0.00693261 -1.08528e-17   -0.0061437  4.70261e-18    0.0132362  1.81854e-18  -0.00522647 -9.72534e-19  -0.00841052   7.4992e-18   0.00997456 -8.02789e-18   0.00154332 -4.16302e-19  -0.00868149  2.51014e-18   0.00229378 -3.17711e-18   0.00548062  2.86699e-18   -0.0030024  1.99104e-18  -0.00289172 -2.30429e-18    0.0021746 -1.83866e-18   0.00142339  1.77323e-18  -0.00108607  6.69064e-19 -0.000689585 -9.47029e-19  0.000314432 -7.58716e-20  0.000266872  1.32893e-19  4.21209e-06  3.83517e-20  -2.3968e-05 -1.05481e-20
-4.53307e-07  1.81384e-19   9.5145e-06 -1.02787e-18 -7.89193e-05  1.05485e-18  0.000394904   8.0272e-19  -0.00135088 -3.91613e-18   0.00329668  5.47181e-18  -0.00567173 -3.40363e-18   0.00616856  2.90758e-18  -0.00191141 -6.27447e-18  -0.00649376   7.4346e-18    0.0122066  -9.8575e-20  -0.00740515 -7.03753e-18  -0.00565424  1.81854e-18    0.0129437 -1.03246e-18  -0.00484847  1.46963e-18  -0.00867362  7.65233e-18    0.0095427 -8.18286e-18   0.00233782  3.00304e-18  -0.00868834 -3.28535e-19   0.00145453 -4.68464e-18   0.00581803  3.97042e-18  -0.00237256  3.02899e-18  -0.00328649 -2.56617e-18   0.00175489 -1.95661e-18   0.00169895  1.83867e-18 -0.000806742  5.34074e-19 -0.000795559 -7.25333e-19  0.000147466 -2.05219e-20  0.000244698  7.98546e-20  4.32069e-05  1.68948e-20 -3.84034e-06
  3.5528e-20  -3.6218e-07  2.37321e-19  6.66875e-06 -1.00748e-18  -6.0143e-05  8.05607e-19  0.000334125  9.13808e-19  -0.00125725 -3.47702e-18   0.00333301  3.05148e-18  -0.00619992  6.12376e-19   0.00747812 -2.43123e-19   -0.0037349 -5.62417e-18   -0.0050238  8.92227e-18    0.0117825 -1.05365e-18  -0.00778786 -3.68599e-18  -0.00522647 -1.03246e-18    0.0127049 -3.40577e-18  -0.00451412  3.99255e-18  -0.00891674  4.79462e-18   0.00912322 -6.67173e-18   0.00307674  6.45478e-18   -0.0086285 -2.55899e-18  0.000628785 -5.94026e-18   0.00605416  4.18422e-18  -0.00170583  3.64692e-18  -0.00358434 -2.40502e-18   0.00128003  -1.7234e-18   0.00189032  1.67521e-18 -0.000488656  2.84166e-19 -0.000828979 -4.26914e-19 -1.76865e-05  1.33472e-20  0.000179394  5.11564e-20  4.70303e-05  4.96349e-21
-2.71263e-07  1.02232e-19  4.82125e-06   1.8773e-19 -3.05233e-05 -7.04904e-19  9.52138e-05  3.10364e-19   -9.352e-05  1.45839e-18 -0.000455386 -3.15515e-18   0.00235866  5.68637e-19  -0.00565699  3.93089e-18   0.00796314 -2.29743e-18  -0.00513199 -5.47931e-18  -0.00366084  8.03286e-18    0.0113261   9.7332e-19  -0.00811803 -9.72534e-19  -0.00484847 -3.40577e-18    0.0125161 -5.00788e-18  -0.00421555  6.41746e-18  -0.00914792  2.21265e-19   0.00871557  -4.6086e-18   0.00376949  9.02164e-18  -0.00851092 -3.74606e-18 -0.000181698 -6.41779e-18   0.00619446  3.48008e-18  -0.00101281  3.52934e-18  -0.00378147 -2.01117e-18  0.000764744 -1.27263e-18   0.00198742  1.35814e-18 -0.000150899 -3.25195e-20 -0.000782749 -1.87906e-19 -0.000156404  1.12068e-20  8.75252e-05   2.7851e-20  2.34126e-05
-5.89204e-20 -2.08178e-06  2.21894e-19  2.25675e-05 -1.04348e-20 -0.000123314 -1.27294e-19   0.00041194 -5.20751e-19 -0.000856482  2.30703e-18  0.000871909 -2.76542e-18  0.000740118 -1.56034e-18  -0.00447996  5.70201e-18   0.00794603 -2.54905e-18  -0.00622611  -5.7299e-18  -0.00241139  4.43271e-18    0.0108684  4.63109e-18  -0.00841052  1.46963e-18  -0.00451412 -5.00788e-18    0.0123716 -5.63997e-18  -0.00394594  8.05861e-18  -0.00937304 -4.17503e-18   0.00831838 -2.67493e-18   0.00442449   9.9788e-18  -0.00834184 -3.86485e-18 -0.000976499 -5.87395e-18   0.00624263  2.26519e-18 -0.000302598  2.70715e-18   -0.0038737 -1.60858e-18   0.00022442 -7.53061e-19   0.00198134  9.73786e-19  0.000183488 -2.84749e-19 -0.000655649 -8.76085e-20 -0.000238939 -1.54225e-20  7.22336e-06  6.66153e-21
 3.10314e-07 -1.45084e-19  -6.3902e-06  3.74993e-19  5.12816e-05 -3.85901e-19 -0.000243929  6.43766e-19  0.000773031 -1.49555e-18  -0.00166791  2.94247e-18   0.00225488 -1.95542e-18 -0.000990021 -3.06415e-18  -0.00308066  5.74961e-18   0.00762741 -9.85173e-19  -0.00706369 -5.98178e-18  -0.00128051 -7.19876e-19    0.0104174   7.4992e-18  -0.00867362  3.99255e-18  -0.00421555 -5.63997e-18    0.0122668 -5.20732e-18  -0.00370035  8.25274e-18  -0.00959707 -7.00148e-18    0.0079297 -1.01109e-18   0.00504935  9.18127e-18   -0.0081251 -3.12437e-18  -0.00175601 -4.44763e-18   0.00620033  1.13459e-18  0.000416416  1.59064e-18  -0.00385605  -1.3289e-18 -0.000323833 -2.10387e-19    0.0018645  6.17959e-19  0.000485923 -3.56367e-19 -0.000454888 -9.96598e-20 -0.000234996 -3.90617e-20  -2.1557e-05
  2.0786e-20  6.34092e-07  -2.4259e-19 -8.70552e-06  5.53182e-19  6.28556e-05 -8.95345e-19 -0.000293062  1.40817e-18  0.000947547 -2.18163e-18  -0.00215212  2.85464e-18   0.00325638 -6.22954e-19  -0.00246814 -3.81405e-18  -0.00167315  4.52402e-18   0.00709912  1.72765e-18  -0.00768004 -5.81257e-18 -0.000254525 -5.41652e-18   0.00997456  7.65233e-18  -0.00891674  6.41746e-18  -0.00394594 -5.20732e-18     0.012199  -3.8374e-18  -0.00347465  6.88305e-18  -0.00982448 -7.86357e-18   0.00754702  4.05604e-19   0.00565097  7.07625e-18  -0.00786235 -1.86508e-18  -0.00252099 -2.55279e-18   0.00606708  5.31158e-19    0.0011357   6.7523e-19  -0.00372236 -1.19932e-18 -0.000859799  3.59092e-19   0.00163154  3.79894e-19  0.000721917 -2.58453e-19 -0.000203824 -1.32494e-19  -0.00014587 -3.54261e-20
 8.65688e-08  4.19249e-20 -1.30307e-06 -3.25279e-19  5.31242e-06  7.65519e-19  6.41846e-06 -1.40767e-18 -0.000152962  1.91563e-18   0.00074713 -2.26027e-18  -0.00209575   1.9658e-18   0.00370149  8.29329e-19  -0.00358059 -3.83302e-18 -0.000334124  2.76901e-18   0.00642323  4.53193e-18  -0.00811809 -4.92468e-18  0.000682766 -8.02789e-18    0.0095427  4.79462e-18  -0.00914792  8.05861e-18  -0.00370035  -3.8374e-18    0.0121663 -1.93518e-18  -0.00326516  4.45089e-18   -0.0100593  -7.1707e-18   0.00716724  1.44128e-18   0.00623561  4.37477e-18  -0.00755316 -5.78299e-19  -0.00327207 -7.15596e-19   0.00583998  5.32564e-19    0.0018456  1.62208e-19  -0.00346527 -1.17431e-18  -0.00135859  8.62821e-19   0.00128263    2.934e-19  0.000849721 -1.11777e-19   3.3411e-05 -1.15621e-19 -4.02306e-05
 1.16012e-20  9.58154e-07  5.50972e-20 -1.00078e-05 -3.84622e-19  5.10371e-05  9.97621e-19 -0.000148048 -1.77904e-18   0.00020625  2.01978e-18  0.000174907 -1.77212e-18   -0.0015503  7.16307e-19   0.00365514    1.723e-18   -0.0043488  -3.3236e-18  0.000899906  1.15711e-18   0.00565576   6.3804e-18  -0.00841456 -3.14047e-18   0.00154332 -8.18286e-18   0.00912322  2.21265e-19  -0.00937304  8.25274e-18  -0.00347465 -1.93518e-18    0.0121675 -2.90759e-20  -0.00306866  1.72573e-18   -0.0103052  -5.6169e-18   0.00678671  1.85389e-18   0.00680896  1.69173e-18  -0.00719503  1.77893e-19   -0.0040094  5.74124e-19   0.00551356  8.93609e-19   0.00253406  -1.6963e-19  -0.00307677 -1.14797e-18  -0.00178718   1.1239e-18   0.00082823  3.26805e-19  0.000813448 -3.83242e-21  0.000151616 -5.27365e-20
-1.62388e-07  2.93241e-20  3.32198e-06  6.04507e-20 -2.62013e-05 -4.33939e-19  0.000120428  1.20334e-18 -0.000357484 -1.92709e-18  0.000671278  1.74759e-18  -0.00057967 -1.01327e-18 -0.000726901 -2.55129e-19   0.00326596   1.6361e-18  -0.00481841 -2.62348e-18   0.00200293  4.49945e-20   0.00483769  6.59946e-18  -0.00859563 -4.16302e-19   0.00233782 -6.67173e-18   0.00871557 -4.17503e-18  -0.00959707  6.88305e-18  -0.00326516 -2.90759e-20    0.0122021  1.48942e-18  -0.00288221 -6.43571e-19   -0.0105658 -3.74586e-18   0.00640109  1.57938e-18   0.00737619 -5.81911e-19  -0.00678323  1.08813e-19  -0.00473198  1.04774e-18   0.00507955  1.26985e-18   0.00318454 -7.19465e-19  -0.00254842 -9.93758e-19  -0.00210131  1.11186e-18  0.000291464  4.44072e-19  0.000573934   7.0146e-20  0.000108042
-1.18934e-20  -3.9195e-07  4.67024e-20  5.28422e-06  6.21558e-20 -3.71141e-05  -4.8686e-19  0.000166484  1.33381e-18 -0.000508662 -1.82972e-18   0.00105043  1.22618e-18   -0.0012819 -2.56334e-19  0.000166901 -5.55164e-19   0.00266002   7.3924e-19  -0.00503012 -2.02794e-18   0.00296406 -6.04893e-19   0.00399446  5.12369e-18  -0.00868149  3.00304e-18   0.00307674  -4.6086e-18   0.00831838 -7.00148e-18  -0.00982448  4.45089e-18  -0.00306866  1.48942e-18    0.0122703   2.4846e-18  -0.00270305 -2.25661e-18   -0.0108449 -1.79368e-18   0.00600527  9.08225e-19    0.0079419 -2.18771e-18  -0.00631054 -4.91606e-19  -0.00543693  8.61695e-19   0.00452627  1.39844e-18    0.0037744 -1.64938e-18  -0.00187368 -6.43383e-19  -0.00224809  1.07341e-18 -0.000257387  6.02658e-19  0.000221236  9.84003e-20
-3.09925e-08 -2.29485e-20  3.66309e-07  5.16129e-20 -5.53255e-08  6.67215e-20 -1.72974e-05 -5.39802e-19  0.000126892  1.35586e-18 -0.000492307   -1.508e-18   0.00119924  5.77834e-19  -0.00178103  4.04943e-19   0.00100228 -2.43147e-19   0.00192613 -3.56083e-19  -0.00502536 -1.58192e-18   0.00378503 -1.12893e-18   0.00314273  2.51014e-18  -0.00868834  6.45478e-18   0.00376949 -2.67493e-18    0.0079297 -7.86357e-18   -0.0100593  1.72573e-18  -0.00288221   2.4846e-18    0.0123727  2.94675e-18  -0.00252845 -2.87013e-18   -0.0111461  2.12608e-19   0.00559304  3.00912e-19   0.00851008 -2.92888e-18  -0.00576687 -8.51647e-19  -0.00611868  6.32348e-19   0.00383942   1.1031e-18   0.00427153 -2.65553e-18   -0.0010588 -9.54959e-20  -0.00214983  1.25998e-18 -0.000627196  6.62475e-19 -1.20381e-05
 2.31877e-22 -4.18336e-07 -2.66451e-20  4.24763e-06  4.16713e-20 -2.03643e-05  7.78406e-20  5.01904e-05  -5.7547e-19 -2.31285e-05  1.26346e-18 -0.000281929 -1.04747e-18   0.00108916 -1.13272e-19  -0.00203421  9.91566e-19   0.00171531  3.16179e-19   0.00113143 -1.05854e-18  -0.00484535 -1.04231e-18   0.00447257 -1.92548e-18   0.00229378 -3.28535e-19   -0.0086285  9.02164e-18   0.00442449 -1.01109e-18   0.00754702  -7.1707e-18   -0.0103052 -6.43571e-19  -0.00270305  2.94675e-18    0.0125109  2.76793e-18  -0.00235561  -2.3476e-18   -0.0114737  2.22234e-18    0.0051569 -7.48993e-20   0.00908395 -2.76364e-18  -0.00513894 -3.19321e-19  -0.00676674  1.06109e-18   0.00300223  2.51095e-19   0.00462332 -3.12756e-18 -0.000122354  6.42328e-19  -0.00168267  1.53327e-18 -0.000599061  4.65174e-19
 7.12146e-08 -2.65088e-21 -1.46777e-06 -1.83225e-20  1.15738e-05   2.5515e-20 -5.23981e-05  8.87948e-20  0.000148345 -5.82297e-19 -0.000240815  1.09844e-18  5.66471e-05 -6.02821e-19  0.000780926 -7.72095e-19  -0.00206121  1.48789e-18   0.00227584  7.57047e-19  0.000327467 -1.14281e-18  -0.00452602  -9.5821e-20   0.00503487 -3.17711e-18   0.00145453 -2.55899e-18  -0.00851092   9.9788e-18   0.00504935  4.05604e-19   0.00716724  -5.6169e-18   -0.0105658 -2.25661e-18  -0.00252845  2.76793e-18     0.012687  1.69253e-18  -0.00218156 -7.92451e-19   -0.0118321  3.93504e-18   0.00468763 -6.21208e-19   0.00966536 -1.89357e-18  -0.00440873  1.05077e-18  -0.00736256  2.19781e-18   0.00199183 -1.09606e-18   0.00476014 -2.57494e-18  0.000902505  1.47915e-18  -0.00083668  1.45921e-18 -0.000262275
 3.68358e-21  1.62074e-07 -8.38689e-21 -2.28914e-06 -3.02071e-21  1.65775e-05  1.74359e-20 -7.52943e-05  8.53124e-20  0.000227266 -5.66986e-19  -0.00044177  9.48014e-19  0.000420562 -3.28271e-19  0.000361485 -1.30724e-18   -0.0019023  1.78145e-18   0.00267314  8.89932e-19 -0.000449114 -7.28589e-19  -0.00409697  1.32013e-18   0.00548062 -4.68464e-18  0.000628785 -3.74606e-18  -0.00834184  9.18127e-18   0.00565097  1.44128e-18   0.00678671 -3.74586e-18   -0.0108449 -2.87013e-18  -0.00235561  1.69253e-18    0.0129038  -4.0773e-19  -0.00200295  1.31173e-18   -0.0122261  4.73777e-18   0.00417327 -1.92009e-18    0.0102546 -6.79382e-19  -0.00355247  2.44985e-18  -0.00788127  3.04736e-18  0.000791332 -2.38853e-18   0.00460128  -1.0202e-18   0.00181361  2.07105e-18 -5.97374e-06  8.72538e-19
 1.55015e-08  7.59344e-21 -1.84445e-07 -1.41507e-20  4.90583e-08  6.64222e-21    8.463e-06  3.16247e-20 -6.20759e-05  5.84817e-20  0.000237177 -5.43179e-19 -0.000554292  8.94838e-19  0.000726898 -2.80218e-19 -9.43959e-05 -1.62701e-18  -0.00160183  1.74695e-18   0.00291024  6.69809e-19  -0.00117348 -1.44399e-20  -0.00358251  2.86699e-18   0.00581803 -5.94026e-18 -0.000181698 -3.86485e-18   -0.0081251  7.07625e-18   0.00623561  1.85389e-18   0.00640109 -1.79368e-18   -0.0111461  -2.3476e-18  -0.00218156  -4.0773e-19    0.0131653 -3.07896e-18  -0.00181581  3.23671e-18   -0.0126615  3.96081e-18   0.00359918 -3.83448e-18    0.0108503  4.25735e-19    -0.002544  2.85705e-18  -0.00827572  2.39292e-18 -0.000585915 -2.67343e-18   0.00395431  8.85152e-19   0.00209144  1.97033e-18  0.000268818
-1.09116e-21  1.73236e-07  9.38883e-21 -1.76047e-06 -1.60174e-20  8.31174e-06  3.86923e-23 -1.89481e-05  7.40845e-20 -2.48248e-06  9.96596e-21  0.000162252 -5.11354e-19 -0.000551501  9.56808e-19  0.000931734  -3.8094e-19 -0.000531676 -1.68066e-18  -0.00120342  1.36679e-18   0.00299837   1.0837e-19  -0.00182888  9.09368e-19   -0.0030024  3.97042e-18   0.00605416 -6.41779e-18 -0.000976499 -3.12437e-18  -0.00786235  4.37477e-18   0.00680896  1.57938e-18   0.00600527  2.12608e-19   -0.0114737 -7.92451e-19  -0.00200295 -3.07896e-18    0.0134764 -5.12684e-18  -0.00161571  4.38337e-18   -0.0131447  1.45895e-18   0.00294685 -5.06759e-18    0.0114419  8.29838e-19  -0.00134514  1.79086e-18  -0.00845122  3.18264e-19    -0.002156 -1.46004e-18   0.00250816  2.14133e-18   0.00141047  1.14067e-18
 -2.5479e-08 -1.17033e-21   5.4305e-07  7.33515e-21 -4.41102e-06 -1.20852e-20  2.03748e-05 -2.25627e-20 -5.75367e-05  1.35819e-19  8.59389e-05 -5.54318e-20   2.5221e-05  -4.5772e-19 -0.000446147  1.07033e-18   0.00102182 -4.71232e-19 -0.000912234 -1.47758e-18 -0.000746562  7.46922e-19   0.00295251 -7.19743e-19  -0.00240412  1.99104e-18  -0.00237256  4.18422e-18   0.00619446 -5.87395e-18  -0.00175601 -1.86508e-18  -0.00755316  1.69173e-18   0.00737619  9.08225e-19   0.00559304  2.22234e-18   -0.0118321  1.31173e-18  -0.00181581 -5.12684e-18    0.0138434 -5.23854e-18  -0.00139649  4.53145e-18   -0.0136819 -1.80195e-18   0.00218732 -4.02608e-18    0.0120144   9.3509e-20  0.000107324 -3.14384e-19  -0.00832354 -1.67279e-18   -0.0039091    3.621e-19  0.000459247  2.07212e-18  0.000397158
-6.40608e-22  -4.1891e-08  1.40875e-22  6.97829e-07  3.04365e-21 -5.65553e-06 -5.90106e-21  2.76923e-05 -4.97384e-20 -8.72708e-05  1.95558e-19  0.000169429 -1.34568e-19 -0.000133079 -3.73839e-19 -0.000269856  1.12845e-18   0.00100236 -4.11567e-19   -0.0012121  -1.0632e-18 -0.000264884  2.23297e-20   0.00278902 -1.61835e-18  -0.00289172  3.02899e-18  -0.00170583  3.48008e-18   0.00624263 -4.44763e-18  -0.00252099 -5.78299e-19  -0.00719503 -5.81911e-19    0.0079419  3.00912e-19    0.0051569  3.93504e-18   -0.0122261  3.23671e-18  -0.00161571 -5.23854e-18    0.0142747 -3.13872e-18  -0.00114963   3.7503e-18   -0.0142842 -3.78174e-18   0.00128754 -4.18492e-19    0.0125588  -1.3587e-18   0.00183767 -2.50105e-18  -0.00776705 -2.46703e-18  -0.00523302  1.18983e-18  -0.00098709  1.02929e-18
  -8.446e-09 -1.38781e-21  1.20969e-07  2.04807e-21 -3.87206e-07  6.07459e-22 -1.82055e-06  -4.7788e-21   2.0967e-05 -6.70168e-20 -8.99194e-05   2.3121e-19  0.000218882  -2.1904e-19 -0.000275182 -2.74157e-19 -5.77272e-05  1.04516e-18  0.000889223 -1.68053e-19  -0.00141873 -4.87009e-19  0.000213765 -7.15055e-19    0.0025244 -2.30429e-18  -0.00328649  3.64692e-18  -0.00101281  2.26519e-18   0.00620033 -2.55279e-18  -0.00327207  1.77893e-19  -0.00678323 -2.18771e-18   0.00851008 -7.48993e-20   0.00468763  4.73777e-18   -0.0126615  4.38337e-18  -0.00139649 -3.13872e-18    0.0147818 -9.81396e-20 -0.000868439  2.11361e-18   -0.0149616 -2.55982e-18  0.000215461  4.13333e-18    0.0129899 -2.19538e-18   0.00383321 -3.94002e-18  -0.00619737 -2.33437e-18  -0.00483209  7.05294e-19   -0.0009042
 3.28414e-22 -6.20593e-08 -1.68436e-21   6.5875e-07  2.76886e-21 -3.28089e-06  3.18415e-21  8.15559e-06 -1.25616e-20 -1.66351e-06 -6.51621e-20 -6.07396e-05  2.30764e-19  0.000221654 -2.87775e-19 -0.000376334 -1.93276e-19  0.000158563  8.04259e-19  0.000703771  1.73011e-19  -0.00152802  1.92202e-19  0.000666587 -1.38032e-18    0.0021746 -2.56617e-18  -0.00358434  3.52934e-18 -0.000302598  1.13459e-18   0.00606708 -7.15596e-19   -0.0040094  1.08813e-19  -0.00631054 -2.92888e-18   0.00908395 -6.21208e-19   0.00417327  3.96081e-18   -0.0131447  4.53145e-18  -0.00114963 -9.81396e-20    0.0153759  2.00444e-18  -0.00053777 -4.23627e-19   -0.0157048  1.73764e-18  -0.00112007  7.15908e-18    0.0131596 -1.73666e-18   0.00637086 -4.36756e-18   -0.0028261  -1.9722e-18  -0.00250727  4.60887e-20
 6.46508e-09  3.28822e-22 -1.50896e-07 -1.09309e-21  1.33554e-06  1.50977e-21 -6.67528e-06  9.74152e-21  2.02525e-05 -2.51826e-20 -3.23729e-05 -4.27988e-20 -8.91128e-06  1.96775e-19  0.000180652  -3.1403e-19  -0.00042473 -1.62518e-19  0.000353451  4.59374e-19  0.000469309   4.7617e-19  -0.00154183  8.77936e-19   0.00107493 -1.83866e-18   0.00175489 -2.40502e-18  -0.00378147  2.70715e-18  0.000416416  5.31158e-19   0.00583998  5.74124e-19  -0.00473198 -4.91606e-19  -0.00576687 -2.76364e-18   0.00966536 -1.92009e-18   0.00359918  1.45895e-18   -0.0136819   3.7503e-18 -0.000868439  2.00444e-18    0.0160743  2.09222e-18 -0.000123509 -3.49055e-18   -0.0165538  6.23266e-18   -0.0028675  6.69513e-18    0.0131156 -1.78102e-18   0.00956496 -4.55265e-18   0.00138856 -1.71454e-18 -0.000307648
 8.48771e-23  1.73379e-09 -1.41515e-22 -1.06806e-07  1.02552e-22  1.27481e-06 -2.46948e-22 -7.66321e-06  1.53272e-20  2.75833e-05 -3.47949e-20 -5.89791e-05 -5.21869e-21    4.987e-05  1.44984e-19  0.000108044 -2.83867e-19  -0.00041892 -1.82123e-19  0.000508358   8.5694e-20  0.000208862  6.56759e-19  -0.00146627  1.44103e-18   0.00142339 -1.95661e-18   0.00128003 -2.01117e-18   -0.0038737  1.59064e-18    0.0011357  5.32564e-19   0.00551356  1.04774e-18  -0.00543693 -8.51647e-19  -0.00513894 -1.89357e-18    0.0102546 -3.83448e-18   0.00294685 -1.80195e-18   -0.0142842  2.11361e-18  -0.00053777  2.09222e-18    0.0169201  2.31491e-19  0.000376021 -5.30807e-18   -0.0175692  7.58348e-18  -0.00495722  2.11621e-18    0.0126533 -4.89434e-18    0.0116236 -5.16717e-18   0.00341794 -1.24955e-18
 3.49933e-09  2.53475e-22 -5.90152e-08 -8.97925e-22  3.10546e-07  9.91972e-22  -3.3989e-07 -1.30903e-22 -4.09816e-06  1.49865e-20  2.52889e-05 -3.72368e-20 -7.19572e-05  3.71406e-20  0.000100722  9.74079e-20  1.96199e-05 -2.06274e-19 -0.000364957 -2.16618e-19   0.00061145 -2.70483e-19 -5.59378e-05  7.21418e-19   -0.0013105  1.77323e-18   0.00169895  -1.7234e-18  0.000764744 -1.60858e-18  -0.00385605   6.7523e-19    0.0018456  8.93609e-19   0.00507955  8.61695e-19  -0.00611868 -3.19321e-19  -0.00440873 -6.79382e-19    0.0108503 -5.06759e-18   0.00218732 -3.78174e-18   -0.0149616 -4.23627e-19 -0.000123509  2.31491e-19    0.0179193 -2.79459e-18  0.000957719 -3.25119e-18   -0.0185344  5.44493e-18  -0.00746412  -4.6491e-18   0.00995427 -9.39424e-18   0.00954705 -4.87113e-18   0.00211716
-6.62577e-23  1.58475e-08  4.51938e-22 -1.86167e-07 -1.55764e-21  1.04941e-06  8.28444e-22 -3.18342e-06  2.62068e-21    3.327e-06  7.41698e-21   1.3452e-05 -3.42993e-20 -6.78531e-05  7.10365e-20  0.000133337  6.98642e-20 -6.89213e-05 -1.02136e-19  -0.00027378 -2.26169e-19  0.000656884 -5.93123e-19 -0.000305362  7.19813e-19  -0.00108607  1.83867e-18   0.00189032 -1.27263e-18   0.00022442  -1.3289e-18  -0.00372236  1.62208e-19   0.00253406  1.26985e-18   0.00452627  6.32348e-19  -0.00676674  1.05077e-18  -0.00355247  4.25735e-19    0.0114419 -4.02608e-18   0.00128754 -2.55982e-18   -0.0157048 -3.49055e-18  0.000376021 -2.79459e-18    0.0190629 -5.37023e-18    0.0018606   2.7513e-18   -0.0193851  2.23274e-18    -0.011803 -9.72184e-18   0.00300019 -1.03483e-17   0.00391844 -2.68983e-18
