 6.12393e-06 -1.13064e-20 -6.46468e-05  1.84625e-19  0.000205908 -7.37461e-19  -0.00026316  1.24947e-18  9.26203e-05 -9.50295e-19  4.31712e-05  3.10872e-19 -1.01355e-05 -8.14806e-20 -6.28811e-06  2.62204e-20 -7.19788e-07  5.61107e-21  4.25445e-08 -1.38301e-21   7.3409e-09
-1.13064e-20  9.94469e-05 -1.18291e-19 -0.000553385  1.27232e-18   0.00119071 -3.70572e-18 -0.000990917  4.48254e-18  5.09664e-05 -2.10633e-18  0.000192033  3.31147e-19   2.1858e-05 -2.16769e-19  -1.1255e-05  9.57177e-20 -3.06491e-06  6.77263e-21 -2.06636e-07 -1.04946e-21
-6.46468e-05 -1.18291e-19  0.000746669 -6.82124e-19  -0.00266718  5.27426e-18   0.00399407 -1.13784e-17   -0.0019508  9.36223e-18 -0.000572469 -1.85418e-18  0.000310994 -1.28516e-19  0.000125192 -4.41252e-19  6.30675e-06  1.65669e-19 -2.50229e-06  7.03229e-21 -2.31279e-07
 1.84625e-19 -0.000553385 -6.82124e-19   0.00344942 -2.66695e-18  -0.00860783  1.55412e-17   0.00895638 -2.48217e-17  -0.00173693  1.24085e-17  -0.00191229    1.268e-18  3.01882e-05 -5.19448e-19  0.000191926  -5.7206e-19  3.71133e-05  1.90984e-19  1.54027e-06  6.91976e-21
 0.000205908  1.27232e-18  -0.00266718 -2.66695e-18    0.0110198 -7.76681e-18   -0.0200908  3.50777e-17    0.0139484 -4.07678e-17   0.00143402  8.80863e-18  -0.00297546  5.78194e-18 -0.000734943 -1.43852e-19  6.82757e-05 -3.31511e-19  3.64449e-05  1.79148e-19  2.40739e-06
-7.37461e-19   0.00119071  5.27426e-18  -0.00860783 -7.76681e-18    0.0259869 -1.78101e-17   -0.0354692  6.34192e-17    0.0144967 -5.13559e-17   0.00741384 -2.80474e-18  -0.00215633  7.58248e-18  -0.00134497  6.28595e-19 -0.000162752  1.60696e-19  4.12091e-06  1.26144e-19
 -0.00026316 -3.70572e-18   0.00399407  1.55412e-17   -0.0200908 -1.78101e-17     0.047299 -3.34565e-17   -0.0488233  9.48315e-17     0.007163 -4.84016e-17    0.0129701 -1.74232e-17  0.000863562   4.1924e-18  -0.00104817  7.50611e-19 -0.000235748  4.21714e-19 -1.10591e-05
 1.24947e-18 -0.000990917 -1.13784e-17   0.00895638  3.50777e-17   -0.0354692 -3.34565e-17     0.068965 -5.32579e-17   -0.0535717  1.20334e-16  -0.00694954 -2.92639e-17    0.0138855 -2.64275e-17   0.00413791 -1.92406e-18 -4.26998e-05  1.04971e-19 -0.000105888  2.79496e-19
 9.26203e-05  4.48254e-18   -0.0019508 -2.48217e-17    0.0139484  6.34192e-17   -0.0488233 -5.32579e-17    0.0837151 -7.42474e-17   -0.0474579  1.32114e-16   -0.0225726  5.28211e-19   0.00850158 -2.41048e-17   0.00506827 -5.62714e-18  0.000660994 -3.77842e-19  8.37567e-06
-9.50295e-19  5.09664e-05  9.36223e-18  -0.00173693 -4.07678e-17    0.0144967  9.48315e-17   -0.0535717 -7.42474e-17    0.0886744 -9.37931e-17   -0.0333423  1.26136e-16    -0.033715  2.94744e-17  -0.00064699 -1.24603e-17   0.00309278 -4.69552e-18  0.000553941 -2.56646e-19
 4.31712e-05 -2.10633e-18 -0.000572469  1.24085e-17   0.00143402 -5.13559e-17     0.007163  1.20334e-16   -0.0474579 -9.37931e-17    0.0870215 -1.11491e-16   -0.0154229  1.01385e-16   -0.0362909   4.5207e-17  -0.00831196 -3.30613e-20  0.000307203 -1.73235e-18  0.000145933
 3.10872e-19  0.000192033 -1.85418e-18  -0.00191229  8.80863e-18   0.00741384 -4.84016e-17  -0.00694954  1.32114e-16   -0.0333423 -1.11491e-16     0.084628 -1.30161e-16   0.00415814  5.89737e-17   -0.0289849  4.08508e-17   -0.0102355  5.36226e-18 -0.000957416 -6.71554e-20
-1.01355e-05  3.31147e-19  0.000310994    1.268e-18  -0.00297546 -2.80474e-18    0.0129701 -2.92639e-17   -0.0225726  1.26136e-16   -0.0154229 -1.30161e-16    0.0858331 -1.54028e-16    0.0245462  5.16585e-18   -0.0143213  2.08413e-17  -0.00666409  3.60826e-18 -0.000605781
-8.14806e-20   2.1858e-05 -1.28516e-19  3.01882e-05  5.78194e-18  -0.00215633 -1.74232e-17    0.0138855  5.28211e-19    -0.033715  1.01385e-16   0.00415814 -1.54028e-16    0.0909516 -1.81571e-16     0.042501 -4.41452e-17  0.000778291  -2.8181e-20  -0.00195175  5.61151e-19
-6.28811e-06 -2.16769e-19  0.000125192 -5.19448e-19 -0.000734943  7.58248e-18  0.000863562 -2.64275e-17   0.00850158  2.94744e-17   -0.0362909  5.89737e-17    0.0245462 -1.81571e-16    0.0951315 -1.98101e-16      0.05115 -6.82644e-17   0.00872367 -8.71127e-18   0.00022171
 2.62204e-20  -1.1255e-05 -4.41252e-19  0.000191926 -1.43852e-19  -0.00134497   4.1924e-18   0.00413791 -2.41048e-17  -0.00064699   4.5207e-17   -0.0289849  5.16585e-18     0.042501 -1.98101e-16    0.0900204 -1.82718e-16    0.0453366 -5.92029e-17   0.00782892 -5.73459e-18
-7.19788e-07  9.57177e-20  6.30675e-06  -5.7206e-19  6.82757e-05  6.28595e-19  -0.00104817 -1.92406e-18   0.00506827 -1.24603e-17  -0.00831196  4.08508e-17   -0.0143213 -4.41452e-17      0.05115 -1.82718e-16    0.0706703 -1.31449e-16    0.0287532 -3.20302e-17   0.00325167
 5.61107e-21 -3.06491e-06  1.65669e-19  3.71133e-05 -3.31511e-19 -0.000162752  7.50611e-19 -4.26998e-05 -5.62714e-18   0.00309278 -3.30613e-20   -0.0102355  2.08413e-17  0.000778291 -6.82644e-17    0.0453366 -1.31449e-16    0.0425186 -6.82941e-17    0.0121083 -9.62269e-18
 4.25445e-08  6.77263e-21 -2.50229e-06  1.90984e-19  3.64449e-05  1.60696e-19 -0.000235748  1.04971e-19  0.000660994 -4.69552e-18  0.000307203  5.36226e-18  -0.00666409  -2.8181e-20   0.00872367 -5.92029e-17    0.0287532 -6.82941e-17    0.0179883 -2.31435e-17   0.00284581
-1.38301e-21 -2.06636e-07  7.03229e-21  1.54027e-06  1.79148e-19  4.12091e-06  4.21714e-19 -0.000105888 -3.77842e-19  0.000553941 -1.73235e-18 -0.000957416  3.60826e-18  -0.00195175 -8.71127e-18   0.00782892 -3.20302e-17    0.0121083 -2.31435e-17   0.00470627 -4.16171e-18
  7.3409e-09 -1.04946e-21 -2.31279e-07  6.91976e-21  2.40739e-06  1.26144e-19 -1.10591e-05  2.79496e-19  8.37567e-06 -2.56646e-19  0.000145933 -6.71554e-20 -0.000605781  5.61151e-19   0.00022171 -5.73459e-18   0.00325167 -9.62269e-18   0.00284581 -4.16171e-18   0.00056852
