 0.000578615  6.49155e-19  -0.00282605 -5.44094e-18   0.00396236  1.08592e-17  -0.00160409 -8.38182e-18   -0.0007334  1.49041e-18  0.000477278  1.07753e-18  0.000162017 -1.97028e-19 -6.23425e-05 -1.54363e-19 -2.45474e-05  1.54023e-20  9.95122e-07     2.81e-21  5.24215e-07
 6.49155e-19   0.00437505  3.57157e-18   -0.0112277 -1.99541e-17    0.0101364  2.93238e-17  -0.00118706 -1.56647e-17  -0.00276944 -6.38954e-19  0.000481125  2.74213e-18  0.000567325    6.005e-20 -2.30855e-05 -2.60695e-19 -5.50876e-05 -1.27299e-20 -4.23674e-06  2.90489e-22
 -0.00282605  3.57157e-18    0.0153612  1.09754e-17   -0.0252355 -4.45456e-17     0.014438  4.94301e-17   0.00292027 -1.69275e-17  -0.00487556 -5.61949e-18 -0.000471076  3.32341e-18  0.000919075  7.38121e-19  0.000140622 -1.74775e-19 -5.50071e-05  -4.4745e-20 -7.13588e-06
-5.44094e-18   -0.0112277  1.09754e-17    0.0335144  2.29943e-17   -0.0384444 -7.13616e-17    0.0122612  6.06942e-17   0.00938413  -1.0103e-17  -0.00527564   -1.043e-17  -0.00208031  1.83328e-18  0.000885036  1.37109e-18  0.000324194  5.14991e-20 -1.87367e-05  -4.0241e-20
  0.00396236 -1.99541e-17   -0.0252355  2.29943e-17    0.0516355  3.59779e-17   -0.0435154 -8.91189e-17   0.00397234  5.80215e-17    0.0148844  2.08228e-18  -0.00350454 -1.25708e-17  -0.00352801 -9.65143e-19  0.000431445  1.53013e-18   0.00039239  2.05626e-19  1.51646e-05
 1.08592e-17    0.0101364 -4.45456e-17   -0.0384444  3.59779e-17    0.0612242  4.49673e-17   -0.0393477 -9.33096e-17   -0.0060599  4.46108e-17    0.0173961  1.51418e-17 -0.000456003 -1.17046e-17  -0.00422533 -3.46652e-18 -0.000212336  1.17235e-18  0.000297628  1.55779e-19
 -0.00160409  2.93238e-17     0.014438 -7.13616e-17   -0.0435154  4.49673e-17    0.0604793  4.84979e-17   -0.0306584 -8.91033e-17   -0.0141468  2.74706e-17    0.0171258  2.51475e-17   0.00276358 -8.89711e-18  -0.00404521 -4.52466e-18 -0.000749518  5.41691e-19  0.000114211
-8.38182e-18  -0.00118706  4.94301e-17    0.0122612 -8.91189e-17   -0.0393477  4.84979e-17    0.0541581  4.96053e-17   -0.0223371 -8.39048e-17   -0.0194217  1.22777e-17    0.0152042  2.97052e-17    0.0055152 -5.27342e-18  -0.00312677 -3.90512e-18 -0.000933406  3.62626e-21
  -0.0007334 -1.56647e-17   0.00292027  6.06942e-17   0.00397234 -9.33096e-17   -0.0306584  4.96053e-17    0.0476009  5.15356e-17   -0.0162721 -7.96958e-17   -0.0227183  1.51782e-18     0.012487  2.86496e-17   0.00755184 -1.33819e-18  -0.00170594 -2.11745e-18 -0.000650349
 1.49041e-18  -0.00276944 -1.69275e-17   0.00938413  5.80215e-17   -0.0060599 -8.91033e-17   -0.0223371  5.15356e-17    0.0431606   5.3753e-17   -0.0121552 -7.35666e-17   -0.0250381  -5.3856e-18   0.00929036   2.3775e-17   0.00870056  2.64192e-18 -0.000171911 -2.87998e-19
 0.000477278 -6.38954e-19  -0.00487556  -1.0103e-17    0.0148844  4.46108e-17   -0.0141468 -8.39048e-17   -0.0162721   5.3753e-17    0.0408681   5.3168e-17  -0.00915157 -6.36686e-17   -0.0270039 -1.12331e-17   0.00555292  1.71404e-17   0.00859503  5.45672e-18  0.000744694
 1.07753e-18  0.000481125 -5.61949e-18  -0.00527564  2.08228e-18    0.0173961  2.74706e-17   -0.0194217 -7.96958e-17   -0.0121552   5.3168e-17    0.0401566  4.88648e-17  -0.00661418 -5.24693e-17   -0.0289096 -1.90053e-17   0.00100989  9.60313e-18   0.00664688   4.8566e-18
 0.000162017  2.74213e-18 -0.000471076   -1.043e-17  -0.00350454  1.51418e-17    0.0171258  1.22777e-17   -0.0227183 -7.35666e-17  -0.00915157  4.88648e-17    0.0406804  4.44714e-17  -0.00406645 -4.38642e-17   -0.0307744 -2.91389e-17  -0.00441719  1.41994e-18   0.00296088
-1.97028e-19  0.000567325  3.32341e-18  -0.00208031 -1.25708e-17 -0.000456003  2.51475e-17    0.0152042  1.51782e-18   -0.0250381 -6.36686e-17  -0.00661418  4.44714e-17    0.0424244  4.50687e-17 -0.000953843 -3.83812e-17   -0.0319481 -3.80151e-17  -0.00925206 -4.58091e-18
-6.23425e-05    6.005e-20  0.000919075  1.83328e-18  -0.00352801 -1.17046e-17   0.00276358  2.97052e-17     0.012487  -5.3856e-18   -0.0270039 -5.24693e-17  -0.00406645  4.50687e-17    0.0457253  5.28489e-17   0.00390729 -3.12122e-17   -0.0298044 -3.77887e-17  -0.00915521
-1.54363e-19 -2.30855e-05  7.38121e-19  0.000885036 -9.65143e-19  -0.00422533 -8.89711e-18    0.0055152  2.86496e-17   0.00929036 -1.12331e-17   -0.0289096 -4.38642e-17 -0.000953843  5.28489e-17    0.0516442   6.9248e-17    0.0134183 -1.25673e-17   -0.0196781 -2.14789e-17
-2.45474e-05 -2.60695e-19  0.000140622  1.37109e-18  0.000431445 -3.46652e-18  -0.00404521 -5.27342e-18   0.00755184   2.3775e-17   0.00555292 -1.90053e-17   -0.0307744 -3.83812e-17   0.00390729   6.9248e-17    0.0628204   1.0141e-16    0.0310063  2.25007e-17  -0.00323181
 1.54023e-20 -5.50876e-05 -1.74775e-19  0.000324194  1.53013e-18 -0.000212336 -4.52466e-18  -0.00312677 -1.33819e-18   0.00870056  1.71404e-17   0.00100989 -2.91389e-17   -0.0319481 -3.12122e-17    0.0134183   1.0141e-16    0.0816978  1.50668e-16    0.0499227  4.67434e-17
 9.95122e-07 -1.27299e-20 -5.50071e-05  5.14991e-20   0.00039239  1.17235e-18 -0.000749518 -3.90512e-18  -0.00170594  2.64192e-18   0.00859503  9.60313e-18  -0.00441719 -3.80151e-17   -0.0298044 -1.25673e-17    0.0310063  1.50668e-16    0.0989654  1.75441e-16     0.045164
    2.81e-21 -4.23674e-06  -4.4745e-20 -1.87367e-05  2.05626e-19  0.000297628  5.41691e-19 -0.000933406 -2.11745e-18 -0.000171911  5.45672e-18   0.00664688  1.41994e-18  -0.00925206 -3.77887e-17   -0.0196781  2.25007e-17    0.0499227  1.75441e-16    0.0862931  1.14576e-16
 5.24215e-07  2.90489e-22 -7.13588e-06  -4.0241e-20  1.51646e-05  1.55779e-19  0.000114211  3.62626e-21 -0.000650349 -2.87998e-19  0.000744694   4.8566e-18   0.00296088 -4.58091e-18  -0.00915521 -2.14789e-17  -0.00323181  4.67434e-17     0.045164  1.14576e-16    0.0366366
