 8.67641e-12  1.67329e-25 -2.03031e-10 -3.49915e-24  1.85642e-09  2.54524e-23 -1.01872e-08  -1.2047e-22  3.84024e-08  4.20307e-22 -1.05594e-07 -1.13023e-21   2.1696e-07  2.40552e-21 -3.31782e-07 -4.11984e-21  3.61102e-07  5.70994e-21 -2.37369e-07 -6.35569e-21  1.21857e-08  5.52281e-21  1.49679e-07  -3.4633e-21 -1.28962e-07  1.15142e-21 -6.95285e-09  3.94623e-22  8.40177e-08 -8.14885e-22 -3.76096e-08  4.94918e-22 -3.25646e-08 -6.17762e-23  3.18249e-08 -1.30311e-22  8.22089e-09  1.00288e-22 -1.74993e-08 -1.71338e-23 -1.07048e-09 -1.83051e-23  7.67666e-09  1.15695e-23  2.63252e-11  5.81646e-25 -2.77044e-09 -3.72641e-24 -1.21862e-10  1.92128e-24  7.58664e-10  -2.6032e-25  1.18079e-10 -1.57585e-25 -1.19279e-10  7.48213e-26 -3.42423e-11 -8.47246e-27  3.46234e-12 -9.47576e-28  1.10168e-12
 1.67329e-25  2.90032e-10  1.65141e-24 -3.83758e-09 -2.19282e-23  2.65129e-08  1.25799e-22  -1.1934e-07 -5.12072e-22  3.82478e-07    1.584e-21  -9.0834e-07 -3.82195e-21  1.61499e-06  7.36302e-21 -2.10528e-06 -1.15163e-20     1.85e-06  1.46995e-20 -7.48191e-07  -1.5183e-20 -5.07738e-07  1.23177e-20  9.48047e-07 -7.23223e-21 -3.79703e-07  2.21832e-21 -3.55962e-07  8.31581e-22  4.25597e-07 -1.55477e-21  1.33577e-08  9.02077e-22 -2.44621e-07  -8.1155e-23  6.95609e-08 -2.71387e-22  1.07275e-07   1.9913e-22 -5.38575e-08 -2.84756e-23 -4.09304e-08 -4.12263e-23  2.58085e-08  2.29037e-23  1.46931e-08  6.83827e-24 -8.64136e-09 -1.43615e-23 -4.88819e-09  7.01251e-24  1.74446e-09 -3.66843e-25  1.23115e-09 -9.00124e-25 -8.48993e-11  2.72016e-25 -1.36636e-10  1.71539e-27 -1.32354e-11 -3.84404e-27
-2.03031e-10  1.65141e-24  4.75197e-09  7.55042e-24 -4.34639e-08 -6.85758e-23  2.38625e-07  3.29769e-22 -9.00138e-07 -1.21084e-21  2.47736e-06  3.38978e-21 -5.09662e-06 -7.35057e-21  7.80783e-06  1.27526e-20 -8.52069e-06 -1.81292e-20  5.62957e-06   2.1309e-20 -3.18949e-07 -2.05864e-20 -3.54015e-06  1.58988e-20  3.09608e-06 -9.11257e-21   1.2048e-07  2.94037e-21 -1.99903e-06  7.61413e-22  9.38105e-07 -1.77425e-21  7.52716e-07  1.08424e-21 -7.82246e-07 -3.76583e-23 -1.70537e-07 -4.52509e-22  4.26334e-07  3.24314e-22    7.648e-09 -3.70271e-23 -1.85731e-07 -8.19297e-23  8.99648e-09  3.83735e-23  6.70746e-08  3.11372e-23 -1.10505e-09 -4.36786e-23 -1.87721e-08  1.66954e-23 -1.68935e-09  1.64006e-24  3.18962e-09 -2.71473e-24   6.9207e-10  4.52521e-25 -1.38334e-10  5.17569e-26 -2.85834e-11
-3.49915e-24 -3.83758e-09  7.55042e-24  5.07945e-08   1.7606e-23 -3.51114e-07 -1.14134e-22  1.58166e-06    5.447e-22 -5.07467e-06 -1.98917e-21  1.20701e-05  5.07263e-21 -2.15064e-05 -9.52445e-21   2.8126e-05  1.41094e-20 -2.48534e-05 -1.72846e-20  1.02238e-05  1.80372e-20  6.65505e-06 -1.62403e-20 -1.27887e-05  1.25153e-20   5.3346e-06 -8.00683e-21   4.6505e-06   3.7399e-21 -5.84245e-06 -3.92031e-22  3.26727e-09 -1.30546e-21  3.29617e-06  1.07362e-21 -1.07185e-06   8.6462e-23  -1.4036e-06 -7.47455e-22  8.00973e-07  5.40004e-22  5.13466e-07 -5.83704e-23 -3.83886e-07 -1.55202e-22 -1.77138e-07  4.78453e-23  1.32222e-07  1.03348e-22  5.85642e-08 -1.01497e-22 -2.93932e-08  2.48213e-23 -1.54524e-08  8.64061e-24  2.52261e-09 -4.97068e-24  1.94367e-09  3.05759e-25  1.08359e-10  8.73454e-26
 1.85642e-09 -2.19282e-23 -4.34639e-08   1.7606e-23  3.97762e-07  1.60834e-23 -2.18561e-06  -1.3049e-22  8.25446e-06  1.03433e-21 -2.27564e-05 -3.82723e-21  4.69288e-05  8.15081e-21 -7.21467e-05 -1.15983e-20  7.91819e-05  1.17234e-20 -5.29526e-05  -8.3555e-21  3.85168e-06  4.04182e-21  3.26025e-05 -1.75109e-21 -2.94225e-05  2.68873e-21 -2.65465e-07 -5.31059e-21  1.85315e-05  6.02841e-21 -9.40486e-06 -3.27026e-21 -6.59653e-06 -1.62955e-22  7.59827e-06  1.04984e-21  1.19205e-06  1.82618e-22 -4.06008e-06 -1.17234e-21  1.85611e-07  9.22313e-22  1.73985e-06 -1.06684e-22 -2.15156e-07 -2.59902e-22  -6.2425e-07 -9.25795e-24  6.39619e-08  2.66622e-22  1.78152e-07 -1.75914e-22   2.1881e-10  1.66253e-23 -3.27844e-08  2.02804e-23 -4.40261e-09  -5.7939e-24  1.93166e-09 -2.06495e-25  2.70607e-10
 2.54524e-23  2.65129e-08 -6.85758e-23 -3.51114e-07  1.60834e-23  2.42914e-06   1.0454e-23 -1.09563e-05 -6.70861e-22  3.52164e-05  4.42388e-21 -8.39768e-05 -1.26117e-20  0.000150184  2.13086e-20  -0.00019753 -2.34356e-20  0.000176348  1.47913e-20  -7.5004e-05  1.45428e-21 -4.44078e-05 -1.63068e-20  9.05196e-05  2.09155e-20  -4.0396e-05  -1.1939e-20 -3.09014e-05 -3.53479e-21  4.22723e-05  1.22775e-20  -2.1316e-06 -9.29062e-21 -2.30351e-05   2.0399e-21  8.95024e-06  1.23254e-21  9.31386e-06 -5.56558e-23  -6.3537e-06  -1.6884e-21 -3.15511e-06  1.50271e-21  3.01764e-06 -1.25467e-22  1.00387e-06 -3.38491e-22 -1.06173e-06 -2.63162e-22 -3.24467e-07  5.33638e-22   2.5624e-07 -2.20546e-22  9.16563e-08 -1.80517e-23 -3.02397e-08  3.03596e-23 -1.35439e-08 -3.92942e-24  4.17908e-11  -5.9039e-25
-1.01872e-08  1.25799e-22  2.38625e-07 -1.14134e-22 -2.18561e-06   1.0454e-23  1.20249e-05  2.77532e-22 -4.54995e-05 -4.46769e-21   0.00012577  1.87841e-20 -0.000260356 -4.18518e-20  0.000402538  6.07906e-20 -0.000445926 -6.04986e-20  0.000304351  3.51585e-20 -3.08217e-05  5.90103e-21 -0.000179273 -4.30736e-20  0.000170359  5.45534e-20  -6.4588e-06 -3.17092e-20 -0.000102571 -5.50387e-21  5.82447e-05  2.57544e-20  3.30487e-05 -2.03845e-20 -4.47646e-05  5.71977e-21 -3.26206e-06  2.04798e-21   2.3111e-05 -8.38939e-22 -3.12048e-06 -2.42327e-21 -9.59697e-06   2.1413e-21   2.2243e-06  4.14345e-23  3.37483e-06 -2.10899e-22 -7.67623e-07  -8.4366e-22  -9.7487e-07  8.27232e-22  1.20635e-07 -1.81693e-22  1.94225e-07 -6.84223e-23  6.11113e-09  3.17797e-23  -1.4769e-08 -4.30261e-25 -1.32079e-09
 -1.2047e-22  -1.1934e-07  3.29769e-22  1.58166e-06  -1.3049e-22 -1.09563e-05  2.77532e-22  4.95108e-05   1.9669e-21 -0.000159573 -1.84087e-20  0.000381994  5.80372e-20 -0.000687026 -1.08299e-19  0.000911553  1.41319e-19 -0.000826904 -1.32886e-19  0.000370192  7.76401e-20   0.00018564  7.31556e-21 -0.000419677 -8.44529e-20  0.000206163   1.0514e-19  0.000128206 -5.56477e-20 -0.000201176 -1.54458e-20  2.44324e-05  4.93268e-20  0.000103529 -3.70192e-20 -5.01187e-05  9.86755e-21 -3.82491e-05  4.18286e-21  3.33524e-05 -1.67147e-21  1.10946e-05 -3.66083e-21 -1.55083e-05  2.33747e-21 -2.85923e-06  4.97782e-22  5.50928e-06  4.11425e-22  8.43126e-07 -1.72153e-21 -1.41793e-06  9.96186e-22 -2.75876e-07 -5.51053e-23  2.06527e-07 -1.07557e-22   5.3297e-08  2.39482e-23  -5.7517e-09   2.0079e-24
 3.84024e-08 -5.12072e-22 -9.00138e-07    5.447e-22  8.25446e-06 -6.70861e-22 -4.54995e-05   1.9669e-21  0.000172632  7.78216e-21 -0.000479063 -5.26221e-20  0.000997299  1.33932e-19  -0.00155493 -2.17689e-19   0.00174655  2.61453e-19  -0.00122847 -2.36358e-19  0.000176948  1.36568e-19  0.000671252  1.64988e-20 -0.000689485 -1.50491e-19  7.19871e-05  1.71813e-19  0.000385991 -7.49588e-20 -0.000254904 -3.99036e-20 -0.000103653  8.34996e-20  0.000182582 -5.58939e-20 -6.84408e-06   1.1279e-20  -8.9144e-05  7.76959e-21  2.32124e-05 -1.10329e-21  3.49334e-05 -5.23229e-21 -1.37996e-05   1.2873e-21 -1.16997e-05  1.05567e-21  5.00764e-06  1.70073e-21  3.35545e-06 -2.62249e-21 -1.08973e-06  9.36847e-22  -7.2309e-07    9.632e-23  8.44846e-08 -1.17448e-22  6.98146e-08  1.23311e-23  2.71258e-09
 4.20307e-22  3.82478e-07 -1.21084e-21 -5.07467e-06  1.03433e-21  3.52164e-05 -4.46769e-21 -0.000159573  7.78216e-21  0.000516323   2.1377e-20  -0.00124296 -1.12175e-19   0.00225386  2.39449e-19   -0.0030286  -3.4887e-19   0.00281119  3.96385e-19  -0.00135017 -3.52844e-19  -0.00051423  1.95091e-19   0.00139267  5.18885e-20 -0.000776273 -2.45224e-19 -0.000349134  2.39229e-19  0.000687367 -7.20084e-20 -0.000150384 -8.50606e-20 -0.000322585  1.23968e-19  0.000204002 -6.94051e-20  0.000100462  6.22365e-21 -0.000125542    1.109e-20 -1.89115e-05  2.32548e-21  5.61478e-05 -5.88314e-21  6.18027e-07 -1.54575e-21 -1.97569e-05  1.24617e-21  5.12551e-07  3.42996e-21  5.30314e-06 -3.17947e-21  9.40143e-08  6.94358e-22 -8.99592e-07   1.9851e-22 -9.47458e-08 -1.02946e-22  4.37098e-08  2.46057e-24
-1.05594e-07    1.584e-21  2.47736e-06 -1.98917e-21 -2.27564e-05  4.42388e-21   0.00012577 -1.84087e-20 -0.000479063   2.1377e-20    0.0013369  4.37614e-20  -0.00280565 -1.83981e-19   0.00442727  3.38502e-19  -0.00507152  -4.5672e-19    0.0037188  5.12012e-19 -0.000755104 -4.58477e-19   -0.0018025  2.21984e-19    0.0020764  1.37658e-19  -0.00040283 -3.60263e-19  -0.00103638  2.79416e-19  0.000835948 -2.89769e-20  0.000187254 -1.50229e-19 -0.000543859  1.60237e-19  9.90339e-05 -6.84174e-20   0.00024215 -6.13612e-21 -0.000108347  1.07592e-20 -8.45853e-05  8.19493e-21  5.76701e-05 -3.65691e-21  2.49341e-05 -5.76831e-21 -2.11548e-05   6.8918e-22 -6.65422e-06  5.00975e-21  5.24922e-06  -3.2148e-21  1.56006e-06  4.13721e-22 -6.64786e-07  2.30934e-22 -2.01458e-07 -7.77292e-23  7.08799e-09
-1.13023e-21  -9.0834e-07  3.38978e-21  1.20701e-05 -3.82723e-21 -8.39768e-05  1.87841e-20  0.000381994 -5.26221e-20  -0.00124296  4.37614e-20   0.00301633  6.84531e-20  -0.00553366 -2.34673e-19   0.00757025  3.83444e-19  -0.00725423 -5.06164e-19   0.00381326  5.94317e-19  0.000890718 -5.28771e-19  -0.00343684   1.7409e-19    0.0022496   2.8924e-19  0.000574632 -4.69298e-19  -0.00174762  2.63978e-19  0.000616276  5.82123e-20  0.000701326 -2.23007e-19  -0.00062352  1.78614e-19 -0.000143204 -4.79296e-20  0.000347853  -2.1642e-20 -2.02443e-05  4.38095e-21  -0.00014506  1.32253e-20  3.05088e-05  2.69143e-21  4.87117e-05 -1.00873e-20 -1.32037e-05 -5.50918e-22 -1.31616e-05  5.89984e-21  2.94058e-06 -2.84642e-21  2.51279e-06  2.04104e-22  -1.7792e-07  2.24038e-22 -1.75416e-07 -4.51378e-23
  2.1696e-07 -3.82195e-21 -5.09662e-06  5.07263e-21  4.69288e-05 -1.26117e-20 -0.000260356  5.80372e-20  0.000997299 -1.12175e-19  -0.00280565  6.84531e-20   0.00595642  8.21256e-20  -0.00956088 -2.32393e-19     0.011257  3.56629e-19    -0.008727 -5.11981e-19    0.0024515  6.59392e-19   0.00348543 -5.34047e-19  -0.00478114  1.65572e-20   0.00149682  4.89427e-19   0.00197441 -5.33055e-19  -0.00210118  1.83561e-19 -4.04059e-05  1.70801e-19   0.00119366 -2.82621e-19 -0.000456344  1.69874e-19 -0.000448377 -1.19118e-20  0.000349818 -3.27724e-20  0.000116275 -6.60827e-21 -0.000169111  1.28733e-20 -1.87209e-05  1.25188e-20  6.07177e-05 -1.31025e-20  1.62665e-06 -1.99768e-21 -1.59788e-05  5.96188e-21 -5.69967e-07 -2.32852e-21  2.51231e-06  7.64159e-23  2.49949e-07   2.0333e-22 -7.24693e-08
 2.40552e-21  1.61499e-06 -7.35057e-21 -2.15064e-05  8.15081e-21  0.000150184 -4.18518e-20 -0.000687026  1.33932e-19   0.00225386 -1.83981e-19  -0.00553366  8.21256e-20    0.0103239  7.43443e-20    -0.014487 -1.77067e-19    0.0145027  2.96387e-19  -0.00852443 -5.35801e-19 -0.000536982  7.22162e-19   0.00633636 -4.39799e-19  -0.00509631 -2.43207e-19 -0.000211795  6.80577e-19   0.00330289  -5.2263e-19  -0.00181046  6.25817e-20 -0.000966151  2.72432e-19   0.00143469 -3.10901e-19 -5.70332e-05  1.35515e-19  -0.00069698  2.72787e-20   0.00022887 -3.30008e-20  0.000252006 -1.72726e-20 -0.000142982  4.61824e-21 -7.25178e-05  2.33958e-20  5.57595e-05 -1.41308e-20  1.77048e-05 -3.08735e-21  -1.4109e-05  5.42539e-21 -3.73269e-06   -1.853e-21  1.69491e-06 -1.19763e-23  3.93994e-07  1.49956e-22
-3.31782e-07  7.36302e-21  7.80783e-06 -9.52445e-21 -7.21467e-05  2.13086e-20  0.000402538 -1.08299e-19  -0.00155493  2.39449e-19   0.00442727 -2.34673e-19  -0.00956088  7.43443e-20    0.0157322  4.79537e-20    -0.019256  -1.0573e-19    0.0160724  2.75007e-19  -0.00613738 -6.29798e-19  -0.00454569  7.58808e-19    0.0084199 -2.31906e-19  -0.00400758 -5.36332e-19  -0.00240894   7.9199e-19   0.00402615 -4.45644e-19 -0.000887212 -4.80538e-20  -0.00184334  3.28941e-19   0.00130864 -3.02166e-19  0.000448237  8.64406e-20 -0.000798335  5.50641e-20  2.19136e-05 -2.02973e-20  0.000341832 -2.28178e-20 -7.52924e-05 -9.93155e-21 -0.000113531  3.23295e-20  3.61458e-05 -1.34794e-20  2.96718e-05 -3.47791e-21 -8.65916e-06  4.63556e-21 -5.39225e-06 -1.49497e-21  5.90352e-07  -9.1159e-23  2.53789e-07
-4.11984e-21 -2.10528e-06  1.27526e-20   2.8126e-05 -1.15983e-20  -0.00019753  6.07906e-20  0.000911553 -2.17689e-19   -0.0030286  3.38502e-19   0.00757025 -2.32393e-19    -0.014487  4.79537e-20    0.0211042  1.76071e-20   -0.0224601  -6.5538e-20    0.0151373  3.45699e-19    -0.001971 -7.79826e-19  -0.00838282  7.16016e-19   0.00896436  5.13537e-20  -0.00178463 -7.59118e-19  -0.00438431  7.86832e-19   0.00389643 -3.47118e-19  0.000372235 -1.01946e-19  -0.00240108  3.29266e-19  0.000866811 -2.63781e-19  0.000907781   3.6004e-20 -0.000732834  6.13685e-20 -0.000208894  2.81508e-21  0.000365219  -2.2083e-20  1.27842e-05 -2.59193e-20 -0.000132006  3.72905e-20  8.65923e-06 -1.21015e-20  3.45657e-05 -3.19262e-21 -1.85315e-06  3.88253e-21  -5.2164e-06  -1.2376e-21   -2.239e-07 -1.37186e-22
 3.61102e-07 -1.15163e-20 -8.52069e-06  1.41094e-20  7.91819e-05 -2.34356e-20 -0.000445926  1.41319e-19   0.00174655  -3.4887e-19  -0.00507152  3.83444e-19     0.011257 -1.77067e-19    -0.019256  1.76071e-20    0.0249737 -2.23116e-21   -0.0230474 -8.57837e-20    0.0118642  5.06256e-19   0.00275019  -9.0901e-19   -0.0109283  5.62369e-19   0.00791446  3.25497e-19  0.000834714 -8.36666e-19  -0.00561403  6.87853e-19   0.00305505 -2.79157e-19    0.0015987 -8.82357e-20  -0.00254762  2.89813e-19  0.000258843 -2.08225e-19   0.00122409 -5.26267e-21 -0.000537985  4.33501e-20  -0.00041076  3.19307e-20  0.000325613 -1.78018e-20  9.96572e-05 -3.82098e-20 -0.000126595  3.81323e-20 -1.91489e-05 -1.08655e-20  3.21319e-05 -2.55519e-21  4.05138e-06  3.35071e-21 -3.65536e-06 -9.68798e-22 -4.20309e-07
 5.70994e-21     1.85e-06 -1.81292e-20 -2.48534e-05  1.17234e-20  0.000176348 -6.04986e-20 -0.000826904  2.61453e-19   0.00281119  -4.5672e-19  -0.00725423  3.56629e-19    0.0145027  -1.0573e-19   -0.0224601 -2.23116e-21    0.0262094 -4.01739e-21   -0.0209982  -1.7617e-19   0.00741818  7.08569e-19   0.00667086 -9.40904e-19   -0.0117692  3.23778e-19    0.0058802  5.10087e-19    0.0031332 -7.68707e-19  -0.00600093  5.57272e-19    0.0018527 -2.65725e-19   0.00255632 -3.56768e-20  -0.00234911  2.38387e-19 -0.000371242 -1.45133e-19   0.00137061 -3.05149e-20 -0.000270014  4.35241e-21 -0.000553913  6.32254e-20  0.000239372 -1.39641e-20   0.00016961 -4.40692e-20 -0.000101703  3.62164e-20 -4.12606e-05 -9.99788e-21  2.41394e-05 -1.94424e-21  7.48959e-06  3.06329e-21 -1.63385e-06 -5.36901e-22
-2.37369e-07  1.46995e-20  5.62957e-06 -1.72846e-20 -5.29526e-05  1.47913e-20  0.000304351 -1.32886e-19  -0.00122847  3.96385e-19    0.0037188 -5.06164e-19    -0.008727  2.96387e-19    0.0160724  -6.5538e-20   -0.0230474 -4.01739e-21    0.0247218  1.92089e-20   -0.0174001 -3.39477e-19   0.00327305  8.99506e-19    0.0090767 -8.57979e-19   -0.0112949  6.72154e-20    0.0036395  5.73451e-19   0.00478447 -6.14547e-19  -0.00576826  4.50427e-19  0.000595489 -2.92351e-19   0.00318697  1.16193e-20  -0.00192528  1.92868e-19 -0.000935123 -7.92694e-20   0.00136368 -3.68916e-20  2.15711e-05  -4.8176e-20 -0.000628085  9.37373e-20  0.000126452 -1.31248e-20  0.000213909 -4.38578e-20 -6.45856e-05  3.30822e-20 -5.41062e-05  -9.2622e-21   1.3433e-05 -1.55966e-21   7.9176e-06  2.78339e-21 -1.60709e-07
-6.35569e-21 -7.48191e-07   2.1309e-20  1.02238e-05  -8.3555e-21  -7.5004e-05  3.51585e-20  0.000370192 -2.36358e-19  -0.00135017  5.12012e-19   0.00381326 -5.11981e-19  -0.00852443  2.75007e-19    0.0151373 -8.57837e-20   -0.0209982  1.92089e-20     0.021565  7.95383e-20   -0.0137677 -5.71667e-19   0.00034601  1.05079e-18    0.0101281 -7.00232e-19   -0.0102317 -1.42637e-19   0.00166603  5.30065e-19   0.00584269 -4.38178e-19  -0.00519297  3.86761e-19 -0.000564336  -3.2384e-19   0.00352856  2.32361e-20  -0.00137603  1.52584e-19  -0.00139186 -1.20521e-20   0.00123414 -2.77458e-20  0.000300191 -1.04493e-19 -0.000635391  1.20518e-19  5.66886e-06 -1.57357e-20   0.00022987 -3.98327e-20 -2.31802e-05  2.95157e-20 -5.66411e-05 -8.63067e-21   3.0584e-06 -1.42876e-21  5.82491e-06  1.99451e-21
 1.21857e-08  -1.5183e-20 -3.18949e-07  1.80372e-20  3.85168e-06  1.45428e-21 -3.08217e-05  7.76401e-20  0.000176948 -3.52844e-19 -0.000755104  5.94317e-19    0.0024515 -5.35801e-19  -0.00613738  3.45699e-19    0.0118642  -1.7617e-19   -0.0174001  7.95383e-20    0.0182611  1.85064e-19   -0.0111258 -8.48566e-19  -0.00134614  1.15226e-18    0.0104482 -5.19285e-19  -0.00910437 -2.68274e-19  4.30511e-05   4.0605e-19   0.00649325 -2.72777e-19  -0.00444728  3.58218e-19  -0.00158196 -3.28523e-19    0.0036345 -5.31416e-21 -0.000770115  1.04942e-19  -0.00172587  5.85336e-20   0.00101529 -1.33969e-20   0.00054094 -1.54598e-19 -0.000585263  1.40976e-19 -0.000107444  -2.0799e-20    0.0002194 -3.43486e-20  1.53304e-05  2.57908e-20 -4.99793e-05 -8.50738e-21 -4.42891e-06 -1.59373e-21  2.57893e-06
 5.52281e-21 -5.07738e-07 -2.05864e-20  6.65505e-06  4.04182e-21 -4.44078e-05  5.90103e-21   0.00018564  1.36568e-19  -0.00051423 -4.58477e-19  0.000890718  6.59392e-19 -0.000536982 -6.29798e-19    -0.001971  5.06256e-19   0.00741818 -3.39477e-19   -0.0137677  1.85064e-19     0.015867  3.25456e-19  -0.00959539 -1.11988e-18  -0.00232851  1.18815e-18    0.0105499 -3.46016e-19  -0.00806907 -2.93615e-19  -0.00132184  2.18211e-19   0.00686617 -1.31653e-19  -0.00361013  3.53634e-19  -0.00244566 -2.89388e-19   0.00355032 -5.88991e-20 -0.000156867  3.65749e-20  -0.00193572  1.38882e-19  0.000739096 -6.50721e-21  0.000728829 -1.90775e-19 -0.000490946  1.54106e-19 -0.000201463 -2.62537e-20  0.000187505 -2.86031e-20  4.53527e-05  2.24556e-20 -3.68399e-05 -8.93722e-21 -7.43615e-06 -1.79482e-21
 1.49679e-07  1.23177e-20 -3.54015e-06 -1.62403e-20  3.26025e-05 -1.63068e-20 -0.000179273  7.31556e-21  0.000671252  1.95091e-19   -0.0018025 -5.28771e-19   0.00348543  7.22162e-19  -0.00454569 -7.79826e-19   0.00275019  7.08569e-19   0.00327305 -5.71667e-19   -0.0111258  3.25456e-19    0.0145375  4.71073e-19  -0.00871503 -1.32062e-18  -0.00308079  1.13267e-18    0.0106079 -1.96289e-19  -0.00708948 -2.12174e-19   -0.0024993 -1.50461e-20   0.00702119 -3.66777e-20  -0.00272979  3.67769e-19  -0.00315074 -2.01639e-19    0.0033179 -1.16685e-19  0.000427919 -5.97242e-20  -0.00202949   2.3611e-19  0.000433767 -1.44548e-20  0.000856883 -2.09692e-19 -0.000366958   1.5996e-19 -0.000269075 -2.95974e-20  0.000140982 -2.23878e-20  6.32757e-05  2.04876e-20 -2.09519e-05 -8.53208e-21 -5.66189e-06
 -3.4633e-21  9.48047e-07  1.58988e-20 -1.27887e-05 -1.75109e-21  9.05196e-05 -4.30736e-20 -0.000419677  1.64988e-20   0.00139267  2.21984e-19  -0.00343684 -5.34047e-19   0.00633636  7.58808e-19  -0.00838282  -9.0901e-19   0.00667086  8.99506e-19   0.00034601 -8.48566e-19  -0.00959539  4.71073e-19    0.0138326  5.85782e-19  -0.00803162 -1.39154e-18   -0.0037708  9.69348e-19    0.0106033 -8.70328e-20  -0.00613542 -2.95817e-20  -0.00350721 -2.54121e-19   0.00700013 -2.32702e-20  -0.00184689  3.91134e-19  -0.00370189 -6.70094e-20   0.00297597 -1.64719e-19  0.000960691 -1.82571e-19  -0.00202064  3.49373e-19  0.000122585 -3.56215e-20  0.000924012 -2.12515e-19 -0.000227496  1.57565e-19 -0.000306642 -2.99083e-20  8.74267e-05  -1.4875e-20  6.76109e-05  2.03212e-20  -6.4892e-06 -5.18933e-21
-1.28962e-07 -7.23223e-21  3.09608e-06  1.25153e-20 -2.94225e-05  2.09155e-20  0.000170359 -8.44529e-20 -0.000689485  5.18885e-20    0.0020764   1.7409e-19  -0.00478114 -4.39799e-19    0.0084199  7.16016e-19   -0.0109283 -9.40904e-19    0.0090767  1.05079e-18  -0.00134614 -1.11988e-18  -0.00871503  5.85782e-19    0.0133085  6.39471e-19  -0.00738822 -1.29614e-18   -0.0043754  7.06516e-19    0.0105192 -3.50935e-20  -0.00522234  2.28877e-19  -0.00435738 -4.39394e-19   0.00684625 -1.16897e-19 -0.000989431  4.00489e-19  -0.00411185  1.10898e-19   0.00255704 -2.02777e-19   0.00142743 -3.21696e-19  -0.00192468  4.64534e-19 -0.000176031 -6.25493e-20  0.000933194 -2.02708e-19 -8.55796e-05  1.45093e-19 -0.000313641 -2.98725e-20  3.45103e-05 -6.30547e-21  5.90372e-05  2.03266e-20   2.1156e-06
 1.15142e-21 -3.79703e-07 -9.11257e-21   5.3346e-06  2.68873e-21  -4.0396e-05  5.45534e-20  0.000206163 -1.50491e-19 -0.000776273  1.37658e-19    0.0022496  1.65572e-20  -0.00509631 -2.31906e-19   0.00896436  5.62369e-19   -0.0117692 -8.57979e-19    0.0101281  1.15226e-18  -0.00232851 -1.32062e-18  -0.00803162  6.39471e-19    0.0128128  6.13347e-19  -0.00681678 -1.02749e-18  -0.00487356  3.72203e-19    0.0103846 -4.83934e-20  -0.00436642  5.23801e-19  -0.00507336 -5.13764e-19   0.00659531 -3.08794e-19 -0.000172484  3.62906e-19  -0.00439558  3.31806e-19   0.00208699  -2.4156e-19   0.00182052 -4.59408e-19  -0.00175735  5.59813e-19 -0.000447907 -8.72333e-20  0.000890116 -1.83237e-19   4.7321e-05  1.23398e-19 -0.000292172  -3.4808e-20 -1.05197e-05   2.0407e-22  4.02741e-05  1.56448e-20
-6.95285e-09  2.21832e-21   1.2048e-07 -8.00683e-21 -2.65465e-07  -1.1939e-20  -6.4588e-06   1.0514e-19  7.19871e-05 -2.45224e-19  -0.00040283   2.8924e-19   0.00149682 -2.43207e-19  -0.00400758  5.13537e-20   0.00791446  3.23778e-19   -0.0112949 -7.00232e-19    0.0104482  1.18815e-18  -0.00308079 -1.39154e-18  -0.00738822  6.13347e-19    0.0123815   5.0085e-19   -0.0063466 -6.05148e-19   -0.0052933  1.87164e-21    0.0102298 -1.30765e-19  -0.00356604  8.15887e-19  -0.00567879 -4.43919e-19   0.00627209 -5.54663e-19  0.000596031  2.48262e-19  -0.00456762  5.99729e-19   0.00158635 -2.90644e-19   0.00213666 -5.73903e-19  -0.00153376  6.18231e-19  -0.00068239 -1.03669e-19  0.000802246 -1.55584e-19  0.000161412  9.87957e-20 -0.000246524 -4.74587e-20  -4.1304e-05 -6.71331e-22  1.69624e-05
 3.94623e-22 -3.55962e-07  2.94037e-21   4.6505e-06 -5.31059e-21 -3.09014e-05 -3.17092e-20  0.000128206  1.71813e-19 -0.000349134 -3.60263e-19  0.000574632  4.89427e-19 -0.000211795 -5.36332e-19  -0.00178463  3.25497e-19    0.0058802  6.72154e-20   -0.0102317 -5.19285e-19    0.0105499  1.13267e-18   -0.0037708 -1.29614e-18  -0.00681678   5.0085e-19    0.0120474   3.0767e-19   -0.0059557 -6.93932e-20  -0.00566629  -3.6146e-19    0.0100658 -2.95286e-19   -0.0028143  1.06964e-18  -0.00619133 -2.25763e-19   0.00589473 -7.96233e-19   0.00131212  4.25895e-20  -0.00464149  9.11652e-19   0.00107122 -3.48782e-19   0.00237534 -6.44188e-19  -0.00126791   6.3509e-19  -0.00087162 -1.09437e-19  0.000678212 -1.20538e-19  0.000248544  8.09201e-20  -0.00018309 -6.24486e-20 -5.24279e-05 -7.95895e-21
 8.40177e-08  8.31581e-22 -1.99903e-06   3.7399e-21  1.85315e-05 -3.53479e-21 -0.000102571 -5.56477e-20  0.000385991  2.39229e-19  -0.00103638 -4.69298e-19   0.00197441  6.80577e-19  -0.00240894 -7.59118e-19  0.000834714  5.10087e-19    0.0036395 -1.42637e-19  -0.00910437 -3.46016e-19    0.0106079  9.69348e-19   -0.0043754 -1.02749e-18   -0.0063466   3.0767e-19    0.0117918  5.15669e-20   -0.0056165  5.22212e-19  -0.00600582 -6.59107e-19   0.00989673  -5.6137e-19  -0.00210645  1.24507e-18  -0.00662549   1.2102e-19   0.00547707 -9.91864e-19    0.0019747 -2.39415e-19  -0.00462926  1.24064e-18  0.000554164 -4.09845e-19   0.00253772 -6.56915e-19 -0.000972638  6.15851e-19  -0.00100988 -1.08679e-19  0.000527509 -7.75506e-20  0.000302022  7.70147e-20 -0.000110356 -6.49003e-20 -3.89984e-05
-8.14885e-22  4.25597e-07  7.61413e-22 -5.84245e-06  6.02841e-21  4.22723e-05 -5.50387e-21 -0.000201176 -7.49588e-20  0.000687367  2.79416e-19  -0.00174762 -5.33055e-19   0.00330289   7.9199e-19  -0.00438431 -8.36666e-19    0.0031332  5.73451e-19   0.00166603 -2.68274e-19  -0.00806907 -1.96289e-19    0.0106033  7.06516e-19  -0.00487356 -6.05148e-19   -0.0059557  5.15669e-20    0.0115894 -2.39695e-19  -0.00531899  1.10104e-18   -0.0063186 -8.23078e-19    0.0097277 -9.29494e-19   -0.0014378  1.29848e-18  -0.00699406  5.61625e-19    0.0050291 -1.14055e-18   0.00258454 -5.48002e-19  -0.00454125  1.53492e-18  4.49696e-05 -4.77533e-19   0.00262575 -6.12465e-19 -0.000659683  5.70314e-19   -0.0010929 -1.14005e-19  0.000360575 -2.44584e-20  0.000316766  8.86314e-20 -3.88895e-05 -3.85598e-20
-3.76096e-08 -1.55477e-21  9.38105e-07 -3.92031e-22 -9.40486e-06  1.22775e-20  5.82447e-05 -1.54458e-20 -0.000254904 -7.20084e-20  0.000835948  2.63978e-19  -0.00210118  -5.2263e-19   0.00402615  7.86832e-19  -0.00561403 -7.68707e-19   0.00478447  5.30065e-19  4.30511e-05 -2.93615e-19  -0.00708948 -8.70328e-20    0.0105192  3.72203e-19   -0.0052933 -6.93932e-20   -0.0056165 -2.39695e-19    0.0114323 -5.35148e-19  -0.00505923  1.60418e-18  -0.00661275 -8.04857e-19   0.00956293 -1.35941e-18 -0.000802732  1.20441e-18  -0.00730778  1.05714e-18    0.0045577 -1.28211e-18   0.00314339 -8.07622e-19  -0.00438591  1.74146e-18  -0.00044857 -5.64601e-19   0.00264154 -5.23051e-19 -0.000340173  5.08854e-19  -0.00111771 -1.44643e-19   0.00018882  3.39933e-20  0.000289729  1.08148e-19  1.12196e-05
 4.94918e-22  1.33577e-08 -1.77425e-21  3.26727e-09 -3.27026e-21  -2.1316e-06  2.57544e-20  2.44324e-05 -3.99036e-20 -0.000150384 -2.89769e-20  0.000616276  1.83561e-19  -0.00181046 -4.45644e-19   0.00389643  6.87853e-19  -0.00600093 -6.14547e-19   0.00584269   4.0605e-19  -0.00132184 -2.12174e-19  -0.00613542 -3.50935e-20    0.0103846  1.87164e-21  -0.00566629  5.22212e-19  -0.00531899 -5.35148e-19    0.0113187 -8.11741e-19  -0.00483149  1.99614e-18  -0.00689572 -6.05798e-19   0.00940468    -1.78e-18 -0.000195535  9.82823e-19  -0.00757543  1.57199e-18   0.00406729 -1.46484e-18   0.00365338 -9.40423e-19  -0.00416985   1.8329e-18 -0.000919874 -6.72459e-19   0.00258713 -4.01882e-19 -2.49012e-05  4.40098e-19  -0.00108215  -2.1561e-19  2.60912e-05  7.50565e-20  0.000217642  9.88627e-20
-3.25646e-08  9.02077e-22  7.52716e-07 -1.30546e-21 -6.59653e-06 -9.29062e-21  3.30487e-05  4.93268e-20 -0.000103653 -8.50606e-20  0.000187254  5.82123e-20 -4.04059e-05  6.25817e-20 -0.000887212 -3.47118e-19   0.00305505  5.57272e-19  -0.00576826 -4.38178e-19   0.00649325  2.18211e-19   -0.0024993 -2.95817e-20  -0.00522234 -4.83934e-20    0.0102298  -3.6146e-19  -0.00600582  1.10104e-18  -0.00505923 -8.11741e-19    0.0112447 -1.06271e-18  -0.00463047  2.27681e-18   -0.0071732 -2.81637e-19   0.00925441 -2.12853e-18   0.00038938  7.05675e-19  -0.00780423  2.06639e-18   0.00356034 -1.70308e-18   0.00411652 -8.91599e-19  -0.00389803   1.8113e-18  -0.00136309 -7.80527e-19   0.00246407 -2.53988e-19  0.000274946  3.67882e-19 -0.000984197 -3.19192e-19 -0.000112019  5.72211e-20  0.000103942
-6.17762e-23 -2.44621e-07  1.08424e-21  3.29617e-06 -1.62955e-22 -2.30351e-05 -2.03845e-20  0.000103529  8.34996e-20 -0.000322585 -1.50229e-19  0.000701326  1.70801e-19 -0.000966151 -4.80538e-20  0.000372235 -2.79157e-19    0.0018527  4.50427e-19  -0.00519297 -2.72777e-19   0.00686617 -1.50461e-20  -0.00350721  2.28877e-19  -0.00436642 -1.30765e-19    0.0100658 -6.59107e-19   -0.0063186  1.60418e-18  -0.00483149 -1.06271e-18    0.0112071 -1.29391e-18  -0.00445257  2.46496e-18  -0.00745019  8.52517e-20   0.00911306 -2.38979e-18  0.000957642  4.73619e-19  -0.00799995  2.47851e-18   0.00303768 -1.96769e-18   0.00453455 -6.50458e-19  -0.00357366  1.69127e-18  -0.00177245 -8.64221e-19   0.00227281 -7.17552e-20  0.000546588  2.96731e-19 -0.000824798  -4.1822e-19 -0.000203084 -2.08207e-20
 3.18249e-08  -8.1155e-23 -7.82246e-07  1.07362e-21  7.59827e-06   2.0399e-21 -4.47646e-05 -3.70192e-20  0.000182582  1.23968e-19 -0.000543859 -2.23007e-19   0.00119366  2.72432e-19  -0.00184334 -1.01946e-19    0.0015987 -2.65725e-19  0.000595489  3.86761e-19  -0.00444728 -1.31653e-19   0.00702119 -2.54121e-19  -0.00435738  5.23801e-19  -0.00356604 -2.95286e-19   0.00989673 -8.23078e-19  -0.00661275  1.99614e-18  -0.00463047 -1.29391e-18    0.0112042 -1.50725e-18  -0.00429483  2.57079e-18  -0.00773145  4.27108e-19   0.00898106 -2.60425e-18   0.00151491   3.7421e-19  -0.00816716  2.72243e-18   0.00249862  -2.2181e-18   0.00490843 -2.61634e-19  -0.00319809  1.48924e-18  -0.00214089 -9.21965e-19   0.00201449  1.63384e-19   0.00077498  2.46422e-19 -0.000605783 -4.41747e-19 -0.000188615
-1.30311e-22  6.95609e-08 -3.76583e-23 -1.07185e-06  1.04984e-21  8.95024e-06  5.71977e-21 -5.01187e-05 -5.58939e-20  0.000204002  1.60237e-19  -0.00062352 -2.82621e-19   0.00143469  3.28941e-19  -0.00240108 -8.82357e-20   0.00255632 -2.92351e-19 -0.000564336  3.58218e-19  -0.00361013 -3.66777e-20   0.00700013 -4.39394e-19  -0.00507336  8.15887e-19   -0.0028143  -5.6137e-19    0.0097277 -8.04857e-19  -0.00689572  2.27681e-18  -0.00445257 -1.50725e-18    0.0112353 -1.68486e-18  -0.00415473  2.58524e-18   -0.0080215  7.15764e-19   0.00885848 -2.83377e-18    0.0020671  4.50212e-19   -0.0083091  2.71786e-18   0.00194105 -2.43346e-18   0.00523762  1.91969e-19  -0.00277197  1.23563e-18  -0.00246034 -9.78887e-19   0.00168827  4.41691e-19  0.000938177  2.45573e-19 -0.000322769  -2.8773e-19
 8.22089e-09 -2.71387e-22 -1.70537e-07   8.6462e-23  1.19205e-06  1.23254e-21 -3.26206e-06  9.86755e-21 -6.84408e-06 -6.94051e-20  9.90339e-05  1.78614e-19 -0.000456344 -3.10901e-19   0.00130864  3.29266e-19  -0.00254762 -3.56768e-20   0.00318697  -3.2384e-19  -0.00158196  3.53634e-19  -0.00272979 -2.32702e-20   0.00684625 -5.13764e-19  -0.00567879  1.06964e-18  -0.00210645 -9.29494e-19   0.00956293 -6.05798e-19   -0.0071732  2.46496e-18  -0.00429483 -1.68486e-18    0.0113002 -1.79265e-18  -0.00403014  2.50401e-18  -0.00832488  9.49643e-19   0.00874495  -3.1055e-18   0.00262028  7.11591e-19  -0.00842761  2.43999e-18   0.00136213  -2.6143e-18   0.00552072  6.27012e-19  -0.00229336  9.83971e-19  -0.00271993 -1.05018e-18    0.0012917  6.97192e-19   0.00101435  3.32165e-19 -3.35966e-05
 1.00288e-22  1.07275e-07 -4.52509e-22  -1.4036e-06  1.82618e-22  9.31386e-06  2.04798e-21 -3.82491e-05   1.1279e-20  0.000100462 -6.84174e-20 -0.000143204  1.69874e-19 -5.70332e-05 -3.02166e-19  0.000866811  2.89813e-19  -0.00234911  1.16193e-20   0.00352856 -3.28523e-19  -0.00244566  3.67769e-19  -0.00184689 -1.16897e-19   0.00659531 -4.43919e-19  -0.00619133  1.24507e-18   -0.0014378 -1.35941e-18   0.00940468 -2.81637e-19  -0.00745019  2.57079e-18  -0.00415473 -1.79265e-18    0.0113995 -1.80923e-18  -0.00391921  2.37578e-18   -0.0086462  1.11178e-18   0.00863978 -3.38899e-18   0.00318078   1.1804e-18  -0.00852381  1.96239e-18  0.000756676 -2.77266e-18   0.00575393  9.74322e-19  -0.00175803   7.5438e-19  -0.00290206 -1.11335e-18   0.00083697  8.53442e-19  0.000938572  3.86233e-19
-1.74993e-08   1.9913e-22  4.26334e-07 -7.47455e-22 -4.06008e-06 -5.56558e-23   2.3111e-05  4.18286e-21  -8.9144e-05  6.22365e-21   0.00024215 -4.79296e-20 -0.000448377  1.35515e-19  0.000448237 -2.63781e-19  0.000258843  2.38387e-19  -0.00192528  2.32361e-20    0.0036345 -2.89388e-19  -0.00315074  3.91134e-19 -0.000989431 -3.08794e-19   0.00627209 -2.25763e-19  -0.00662549  1.29848e-18 -0.000802732    -1.78e-18   0.00925441  8.52517e-20  -0.00773145  2.58524e-18  -0.00403014 -1.80923e-18    0.0115345 -1.76345e-18  -0.00382039  2.33277e-18  -0.00899049  1.14215e-18   0.00854212  -3.6474e-18   0.00375629  1.88759e-18  -0.00859651  1.45133e-18  0.000118316 -2.91656e-18    0.0059279  1.19533e-18  -0.00116742  4.60666e-19  -0.00298186 -1.17748e-18  0.000315238  7.38499e-19  0.000564405
-1.71338e-23 -5.38575e-08  3.24314e-22  8.00973e-07 -1.17234e-21  -6.3537e-06 -8.38939e-22  3.33524e-05  7.76959e-21 -0.000125542 -6.13612e-21  0.000347853 -1.19118e-20  -0.00069698  8.64406e-20  0.000907781 -2.08225e-19 -0.000371242  1.92868e-19  -0.00137603 -5.31416e-21   0.00355032 -2.01639e-19  -0.00370189  4.00489e-19 -0.000172484 -5.54663e-19   0.00589473   1.2102e-19  -0.00699406  1.20441e-18 -0.000195535 -2.12853e-18   0.00911306  4.27108e-19   -0.0080215  2.50401e-18  -0.00391921 -1.76345e-18    0.0117072  -1.7497e-18  -0.00373227  2.55421e-18  -0.00936362  9.57709e-19   0.00844986 -3.90924e-18   0.00435448  2.78287e-18  -0.00864173  1.07131e-18 -0.000557673 -3.02288e-18   0.00603287  1.36872e-18  -0.00050794  3.18672e-20  -0.00292272  -1.3587e-18 -0.000273136  1.97332e-19
-1.07048e-09 -2.84756e-23    7.648e-09  5.40004e-22  1.85611e-07  -1.6884e-21 -3.12048e-06 -1.67147e-21  2.32124e-05    1.109e-20 -0.000108347  -2.1642e-20  0.000349818  2.72787e-20 -0.000798335   3.6004e-20   0.00122409 -1.45133e-19 -0.000935123  1.52584e-19 -0.000770115 -5.88991e-20    0.0033179 -6.70094e-20  -0.00411185  3.62906e-19  0.000596031 -7.96233e-19   0.00547707  5.61625e-19  -0.00730778  9.82823e-19   0.00038938 -2.38979e-18   0.00898106  7.15764e-19  -0.00832488  2.37578e-18  -0.00382039  -1.7497e-18    0.0119205 -1.89388e-18  -0.00365318  3.16112e-18  -0.00977147   5.0033e-19   0.00836074 -4.24369e-18   0.00498341  3.67761e-18  -0.00865678  8.54932e-19  -0.00128564 -3.00623e-18   0.00605251  1.69528e-18  0.000222788 -5.32514e-19  -0.00268458 -1.78174e-18 -0.000610816
-1.83051e-23 -4.09304e-08 -3.70271e-23  5.13466e-07  9.22313e-22 -3.15511e-06 -2.42327e-21  1.10946e-05 -1.10329e-21 -1.89115e-05  1.07592e-20 -2.02443e-05 -3.27724e-20   0.00022887  5.50641e-20 -0.000732834 -5.26267e-21   0.00137061 -7.92694e-20  -0.00139186  1.04942e-19 -0.000156867 -1.16685e-19   0.00297597  1.10898e-19  -0.00439558  2.48262e-19   0.00131212 -9.91864e-19    0.0050291  1.05714e-18  -0.00757543  7.05675e-19  0.000957642 -2.60425e-18   0.00885848  9.49643e-19   -0.0086462  2.33277e-18  -0.00373227 -1.89388e-18     0.012178 -2.26913e-18  -0.00358225  4.12216e-18   -0.0102217 -2.18572e-19   0.00827313 -4.62982e-18   0.00565752  4.32117e-18  -0.00863116  6.76625e-19  -0.00207569 -2.63194e-18   0.00594257  2.25583e-18  0.000978409 -1.17771e-18  -0.00202688 -1.68989e-18
 7.67666e-09 -4.12263e-23 -1.85731e-07 -5.83704e-23  1.73985e-06  1.50271e-21 -9.59697e-06 -3.66083e-21  3.49334e-05  2.32548e-21 -8.45853e-05  4.38095e-21  0.000116275 -3.30008e-20  2.19136e-05  6.13685e-20 -0.000537985 -3.05149e-20   0.00136368 -1.20521e-20  -0.00172587  3.65749e-20  0.000427919 -1.64719e-19   0.00255704  3.31806e-19  -0.00456762  4.25895e-20    0.0019747 -1.14055e-18    0.0045577  1.57199e-18  -0.00780423  4.73619e-19   0.00151491 -2.83377e-18   0.00874495  1.11178e-18  -0.00899049  2.55421e-18  -0.00365318 -2.26913e-18    0.0124852  -2.8122e-18  -0.00351813  5.25373e-18   -0.0107251 -1.05965e-18   0.00817915 -4.88278e-18   0.00638648  4.48103e-18  -0.00854088  3.14466e-19  -0.00292258 -1.57328e-18   0.00565864  3.03409e-18   0.00187018 -1.02789e-18 -0.000745348
 1.15695e-23  2.58085e-08 -8.19297e-23 -3.83886e-07 -1.06684e-22  3.01764e-06   2.1413e-21 -1.55083e-05 -5.23229e-21  5.61478e-05  8.19493e-21  -0.00014506 -6.60827e-21  0.000252006 -2.02973e-20 -0.000208894  4.33501e-20 -0.000270014 -3.68916e-20   0.00123414  5.85336e-20  -0.00193572 -5.97242e-20  0.000960691 -2.02777e-19   0.00208699  5.99729e-19  -0.00464149 -2.39415e-19   0.00258454 -1.28211e-18   0.00406729  2.06639e-18  -0.00799995   3.7421e-19    0.0020671  -3.1055e-18   0.00863978  1.14215e-18  -0.00936362  3.16112e-18  -0.00358225  -2.8122e-18    0.0128484 -3.33626e-18  -0.00345717  6.29301e-18    -0.011289 -1.71598e-18   0.00807114 -4.76607e-18   0.00718095  3.99137e-18  -0.00838146 -5.82768e-19  -0.00389328  2.42072e-22   0.00515438  4.14344e-18   0.00272602  3.51962e-19
 2.63252e-11  2.29037e-23  8.99648e-09 -1.55202e-22 -2.15156e-07 -1.25467e-22   2.2243e-06  2.33747e-21 -1.37996e-05 -5.88314e-21  5.76701e-05  1.32253e-20 -0.000169111 -1.72726e-20  0.000341832  2.81508e-21  -0.00041076  4.35241e-21  2.15711e-05 -2.77458e-20   0.00101529  1.38882e-19  -0.00202949 -1.82571e-19   0.00142743  -2.4156e-19   0.00158635  9.11652e-19  -0.00462926 -5.48002e-19   0.00314339 -1.46484e-18   0.00356034  2.47851e-18  -0.00816716  4.50212e-19   0.00262028 -3.38899e-18   0.00854212  9.57709e-19  -0.00977147  4.12216e-18  -0.00351813 -3.33626e-18    0.0132742 -3.67688e-18  -0.00340038  6.96384e-18   -0.0119289  -1.8558e-18   0.00795181 -4.16657e-18   0.00808304  2.89636e-18  -0.00811746 -2.30563e-18  -0.00492831  1.47893e-18   0.00426033  5.20347e-18   0.00236984
 5.81646e-25  1.46931e-08  3.83735e-23 -1.77138e-07 -2.59902e-22  1.00387e-06  4.14345e-23 -2.85923e-06   1.2873e-21  6.18027e-07 -3.65691e-21  3.05088e-05  1.28733e-20 -0.000142982 -2.28178e-20  0.000365219  3.19307e-20 -0.000553913  -4.8176e-20  0.000300191 -1.33969e-20  0.000739096   2.3611e-19  -0.00202064 -3.21696e-19   0.00182052 -2.90644e-19   0.00107122  1.24064e-18  -0.00454125 -8.07622e-19   0.00365338 -1.70308e-18   0.00303768  2.72243e-18   -0.0083091  7.11591e-19   0.00318078  -3.6474e-18   0.00844986   5.0033e-19   -0.0102217  5.25373e-18  -0.00345717 -3.67688e-18    0.0137767 -3.83182e-18  -0.00334704  7.03384e-18   -0.0126721 -1.42263e-18   0.00778643 -3.09676e-18   0.00908608  1.48312e-18  -0.00760123 -4.57361e-18   -0.0059505  1.74888e-18   0.00219629  3.46916e-18
-2.77044e-09  6.83827e-24  6.70746e-08  4.78453e-23  -6.2425e-07 -3.38491e-22  3.37483e-06  4.97782e-22 -1.16997e-05 -1.54575e-21  2.49341e-05  2.69143e-21 -1.87209e-05  4.61824e-21 -7.52924e-05  -2.2083e-20  0.000325613  6.32254e-20 -0.000628085 -1.04493e-19   0.00054094 -6.50721e-21  0.000433767  3.49373e-19  -0.00192468 -4.59408e-19   0.00213666 -3.48782e-19  0.000554164  1.53492e-18  -0.00438591 -9.40423e-19   0.00411652 -1.96769e-18   0.00249862  2.71786e-18  -0.00842761   1.1804e-18   0.00375629 -3.90924e-18   0.00836074 -2.18572e-19   -0.0107251  6.29301e-18  -0.00340038 -3.83182e-18     0.014369 -3.89361e-18  -0.00327842  6.40752e-18   -0.0135181 -7.53896e-19   0.00753123 -1.29658e-18    0.0102063  2.38677e-19  -0.00685946  -7.7529e-18  -0.00751283 -1.89831e-18 -0.000651538
-3.72641e-24 -8.64136e-09  3.11372e-23  1.32222e-07 -9.25795e-24 -1.06173e-06 -2.10899e-22  5.50928e-06  1.05567e-21 -1.97569e-05 -5.76831e-21  4.87117e-05  1.25188e-20 -7.25178e-05 -9.93155e-21  1.27842e-05 -1.78018e-20  0.000239372  9.37373e-20 -0.000635391 -1.54598e-19  0.000728829 -1.44548e-20  0.000122585  4.64534e-19  -0.00175735 -5.73903e-19   0.00237534 -4.09845e-19  4.49696e-05  1.74146e-18  -0.00416985 -8.91599e-19   0.00453455  -2.2181e-18   0.00194105  2.43999e-18  -0.00852381  1.88759e-18   0.00435448 -4.24369e-18   0.00827313 -1.05965e-18    -0.011289  6.96384e-18  -0.00334704 -3.89361e-18    0.0150588  -3.7897e-18  -0.00320651   5.1163e-18   -0.0145162 -4.26866e-19   0.00725898  2.25726e-18    0.0116649 -9.94387e-20  -0.00580802 -1.22011e-17  -0.00824275 -5.83314e-18
-1.21862e-10 -1.43615e-23 -1.10505e-09  1.03348e-22  6.39619e-08 -2.63162e-22 -7.67623e-07  4.11425e-22  5.00764e-06  1.24617e-21 -2.11548e-05 -1.00873e-20  6.07177e-05  2.33958e-20 -0.000113531 -2.59193e-20  9.96572e-05 -1.39641e-20  0.000126452  1.20518e-19 -0.000585263 -1.90775e-19  0.000856883 -3.56215e-20 -0.000176031  5.59813e-19  -0.00153376 -6.44188e-19   0.00253772 -4.77533e-19  -0.00044857   1.8329e-18  -0.00389803 -6.50458e-19   0.00490843 -2.43346e-18   0.00136213  1.96239e-18  -0.00859651  2.78287e-18   0.00498341 -4.62982e-18   0.00817915 -1.71598e-18   -0.0119289  7.03384e-18  -0.00327842  -3.7897e-18    0.0158927 -3.21539e-18  -0.00315249   3.1178e-18   -0.0157457 -8.01418e-19   0.00679324  7.85062e-18    0.0130267  3.08628e-19  -0.00358471 -1.38926e-17  -0.00511835
 1.92128e-24 -4.88819e-09 -4.36786e-23  5.85642e-08  2.66622e-22 -3.24467e-07  -8.4366e-22  8.43126e-07  1.70073e-21  5.12551e-07   6.8918e-22 -1.32037e-05 -1.31025e-20  5.57595e-05  3.23295e-20 -0.000132006 -3.82098e-20   0.00016961 -1.31248e-20  5.66886e-06  1.40976e-19 -0.000490946 -2.09692e-19  0.000924012 -6.25493e-20 -0.000447907  6.18231e-19  -0.00126791 -6.56915e-19   0.00262575 -5.64601e-19 -0.000919874   1.8113e-18  -0.00357366 -2.61634e-19   0.00523762  -2.6143e-18  0.000756676  1.45133e-18  -0.00864173  3.67761e-18   0.00565752 -4.88278e-18   0.00807114  -1.8558e-18   -0.0126721  6.40752e-18  -0.00320651 -3.21539e-18    0.0168935 -2.00297e-18  -0.00298116  3.00743e-19   -0.0171192 -1.89233e-18   0.00573215  1.36043e-17    0.0146734  4.19518e-18   0.00170618 -4.97599e-18
