 1.80371e-13 -3.12261e-27 -4.39933e-12  1.25575e-25  4.01118e-11 -1.42669e-24 -2.09422e-10  8.66576e-24  7.13769e-10 -3.35525e-23 -1.67578e-09  8.81803e-23  2.74704e-09 -1.54385e-22 -3.06559e-09  1.38086e-22  2.10202e-09  1.41082e-22 -5.35621e-10 -8.68768e-22 -3.68203e-10  2.06187e-21   2.8104e-10 -3.38517e-21  4.96291e-11  4.14335e-21 -8.23422e-11 -3.65592e-21 -1.39802e-11  1.90988e-21   2.0141e-11  1.62534e-22  6.61475e-12 -1.34927e-21 -3.43943e-12  1.24158e-21 -2.42737e-12 -4.88691e-22  2.49392e-14 -4.95688e-23  5.22668e-13  1.24599e-22  1.87984e-13 -1.11429e-23 -2.65894e-14 -4.19321e-23 -4.55358e-14  2.38085e-23  -1.5084e-14 -3.43216e-24  7.74114e-16 -1.24984e-25  2.70534e-15  -6.5335e-25  1.14319e-15  1.86905e-25  1.62602e-16  1.80543e-25 -7.16247e-17 -5.59543e-26 -5.35631e-17 -4.88516e-26 -1.70592e-17  3.08957e-26 -2.29966e-18  -5.1829e-28   6.1244e-19 -4.41529e-27  4.86319e-19  6.84708e-28  1.65063e-19  3.81038e-28  3.43401e-20  -2.5646e-29  2.90177e-21  -3.4981e-29 -1.01945e-21 -5.84553e-30  -5.7626e-22  2.05834e-30 -1.67257e-22  1.82644e-30 -3.41573e-23 -3.32436e-31 -4.88534e-24 -3.52816e-31 -3.35171e-25  3.00279e-32  5.98128e-26  4.26778e-32  2.84628e-26  9.06819e-33   6.6156e-27  5.93169e-34  1.13113e-27 -8.92324e-34  1.53516e-28 -4.69578e-34  1.66504e-29 -1.24243e-34  1.37488e-30 -1.81351e-35  6.94763e-32  -1.8103e-36 -1.48229e-33  -1.6736e-37  -8.4091e-34  7.96943e-39  -1.1609e-34    1.552e-39 -1.08986e-35 -6.55463e-40 -7.84098e-37 -1.34237e-40 -4.44167e-38 -1.26339e-41 -1.96295e-39 -9.14758e-43 -6.64009e-41 -1.93127e-44 -1.71978e-42  3.48163e-45 -3.03592e-44  2.56181e-46 -1.32097e-46  4.62959e-48
-3.12261e-27  6.41989e-12 -7.62924e-26 -8.85519e-11  2.12253e-24  6.10335e-10  -1.9293e-23 -2.61537e-09  9.95218e-23   7.5822e-09 -3.38885e-22 -1.53714e-08  8.06633e-22  2.17498e-08 -1.33646e-21 -2.04845e-08  1.33225e-21  1.08079e-08  1.27208e-22 -4.13373e-10 -3.78864e-21 -3.09923e-09  9.51798e-21  1.00743e-09 -1.56647e-20  7.28214e-10   1.9083e-20 -3.19014e-10 -1.67862e-20 -2.06643e-10  8.89911e-21  5.98559e-11  1.99728e-22  6.19784e-11 -5.16611e-21 -1.53062e-13  4.55868e-21 -1.43021e-11 -1.49362e-21 -4.48442e-12 -4.49691e-22  1.44375e-12  5.37912e-22  1.44815e-12 -4.05236e-23   3.0697e-13  -1.3479e-22 -1.33655e-13   5.6522e-23 -1.11606e-13  1.97049e-24 -2.85831e-14 -1.57047e-24  4.01528e-15 -3.53285e-24  6.02618e-15  1.07484e-24  2.29626e-15   5.1893e-25  3.17427e-16 -1.84533e-25 -1.24075e-16 -1.34864e-25 -9.36742e-17  9.61502e-26 -3.07886e-17 -5.79046e-27 -5.16464e-18 -1.34533e-26  3.94833e-19  2.53531e-27  5.95957e-19  1.03246e-27  2.27743e-19 -6.43161e-29  5.48379e-20 -6.50401e-29  8.11593e-21 -2.37494e-29  8.58769e-23  1.79867e-30 -3.83587e-22   5.8672e-30 -1.43648e-22 -1.45124e-30 -3.41785e-23 -1.30103e-30 -6.05347e-24  1.61082e-31 -7.91552e-25  1.84598e-31 -6.16133e-26  4.00231e-32  2.69138e-27  1.17514e-33  2.06927e-27 -3.83559e-33  4.59626e-28 -1.92758e-33  7.17182e-29 -5.16982e-34  8.85006e-30 -8.54847e-35  8.91118e-31 -1.12741e-35  7.31482e-32 -1.33337e-36  4.75606e-33 -8.45276e-38   2.2438e-34 -7.90915e-39  5.19426e-36 -2.62321e-39 -2.56926e-37 -3.71534e-40 -3.73897e-38 -2.91023e-41 -2.31645e-39 -1.66052e-42 -9.32751e-41  -2.0047e-44 -2.65492e-42  5.00318e-45 -4.33662e-44  2.42513e-46 -1.83142e-46
-4.39933e-12 -7.62924e-26  1.12073e-10 -1.05055e-24 -1.07037e-09  2.21621e-23  5.87463e-09 -1.66625e-22 -2.11455e-08  7.41248e-22  5.27669e-08 -2.23342e-21 -9.28394e-08  4.80626e-21  1.13156e-07 -7.42153e-21 -8.83719e-08  7.54977e-21  3.22241e-08 -2.23893e-21  9.63477e-09 -1.01601e-20 -1.35097e-08  2.86246e-20  4.08869e-10 -4.81152e-20  3.82753e-09  5.91281e-20 -2.04698e-10 -5.22997e-20 -1.03926e-09  2.80729e-20 -8.38486e-11 -4.83607e-22  2.42522e-10 -1.39762e-20  7.94476e-11  1.17943e-20 -3.25809e-11 -3.13799e-21 -2.81102e-11  -1.6934e-21 -3.30238e-12  1.42798e-21   4.3342e-12 -1.01086e-23  2.40734e-12 -3.34991e-22  2.52049e-13  8.74627e-23 -2.99274e-13  2.91123e-23 -1.77276e-13 -3.86998e-24 -3.68717e-14 -1.04676e-23  8.02553e-15  2.89871e-24  8.75893e-15  9.73047e-25  3.15107e-15 -3.68427e-25  4.64651e-16 -2.50714e-25 -1.25569e-16  2.12353e-25 -1.05457e-16 -2.20694e-26 -3.65297e-17 -3.01158e-26 -7.30525e-18  6.28589e-27 -3.09165e-19  1.98659e-27  3.99264e-19 -9.10969e-29   1.8673e-19 -1.83645e-29  5.11225e-20 -5.47253e-29  9.65777e-21 -7.87415e-30  1.08726e-21  1.06027e-29  -3.8622e-23 -5.07375e-30 -5.63401e-23 -3.29717e-30 -1.70022e-23  6.00589e-31 -3.49796e-24  5.58867e-31 -5.55025e-25  1.20174e-31 -6.86517e-26  6.13079e-34 -6.13119e-27 -1.16905e-32 -2.43865e-28 -5.60063e-33   3.8987e-29 -1.50232e-33  1.10755e-29 -2.68168e-34  1.65131e-30 -3.97483e-35  1.82598e-31 -5.08597e-36  1.61027e-32 -4.68332e-37  1.15416e-33 -4.76358e-38  6.70287e-35 -7.16159e-39  3.08996e-36 -7.46439e-40  1.09241e-37 -4.82511e-41  2.77696e-39 -2.16384e-42  4.33259e-41 -1.63549e-44    2.509e-44  4.15685e-45 -7.95228e-45   1.1161e-46
 1.25575e-25 -8.85519e-11 -1.05055e-24  1.27925e-09  -1.0008e-23 -9.26405e-09  1.68786e-22  4.18779e-08 -1.07436e-21  -1.2876e-07  4.16995e-21  2.78964e-07 -1.11711e-20 -4.27041e-07  2.17023e-20  4.45697e-07 -3.08891e-20 -2.79662e-07  3.06772e-20   5.0623e-08 -1.48927e-20  6.26921e-08 -1.75975e-20 -3.63961e-08  6.34776e-20 -1.12858e-08 -1.12496e-19  1.14729e-08  1.42399e-19  3.18357e-09   -1.283e-19 -2.81056e-09   6.9912e-20 -1.24924e-09 -3.08257e-21  4.35845e-10 -3.07611e-20  4.11211e-10  2.47189e-20  2.49558e-11 -5.07517e-21 -8.13473e-11 -4.45406e-21 -3.53316e-11  2.84657e-21  2.13738e-12   2.7297e-22  7.55891e-12 -6.97803e-22  2.91349e-12  8.64489e-23  3.22157e-14  8.89865e-23 -4.50591e-13 -3.44514e-24  -2.1607e-13 -2.16851e-23 -3.87002e-14  5.13315e-24  1.01725e-14  1.21047e-24  9.63069e-15  -5.3184e-25  3.39374e-15 -3.40661e-25  5.63956e-16  3.93707e-25 -7.48459e-17 -5.65647e-26 -8.57978e-17 -5.74225e-26 -3.20638e-17  1.19329e-26 -7.36944e-18  2.94409e-27 -8.65612e-19 -9.88826e-30   1.1769e-19  2.92879e-28  9.74714e-20 -7.56902e-29   3.1204e-20  -4.1514e-29  6.87033e-21   7.5454e-30  1.09507e-21 -1.47862e-29  1.07627e-22 -6.66424e-30 -2.44765e-24  1.74652e-30 -3.93075e-24  1.36004e-30 -1.05639e-24  2.84688e-31 -1.93645e-25 -4.66314e-33 -2.77559e-26 -2.90632e-32 -3.20872e-27 -1.32123e-32 -2.95364e-28 -3.50637e-33 -2.01104e-29 -6.52817e-34 -7.14494e-31 -1.01662e-34  4.40976e-32 -1.33388e-35  1.08437e-32 -1.35991e-36  1.15413e-33  -1.3534e-37  8.58517e-35 -1.48119e-38  4.82144e-36 -1.22108e-39  2.05957e-37 -6.60331e-41  6.57657e-39 -2.37966e-42  1.43706e-40 -1.72052e-44  1.75821e-42  2.14244e-45  8.24727e-45
 4.01118e-11  2.12253e-24 -1.07037e-09  -1.0008e-23  1.07391e-08 -7.23651e-23 -6.21382e-08  1.00992e-21  2.36876e-07 -5.53637e-21 -6.29921e-07  1.89212e-20  1.19206e-06 -4.52423e-20 -1.58765e-06  7.92216e-20  1.40292e-06 -1.02944e-19 -6.65628e-07  9.69829e-20 -3.98259e-08 -5.60493e-20  2.27274e-07 -1.29336e-20 -5.33583e-08  1.05045e-19 -5.88488e-08 -2.09435e-19  1.88199e-08  2.82651e-19  1.69353e-08 -2.64115e-19 -3.25336e-09  1.46891e-19  -4.9284e-09 -9.28673e-21 -3.09894e-10 -5.83808e-20  1.08733e-09   4.4425e-20  4.13577e-10 -6.34387e-21  -9.1563e-11 -9.41304e-21 -1.20568e-10   4.6013e-21  -3.0773e-11  1.07944e-21  9.48039e-12 -1.23317e-21  9.65278e-12  8.63788e-24  2.80834e-12  1.77497e-22 -2.18116e-13  6.98841e-24 -5.20326e-13 -3.37639e-23 -2.17543e-13  6.44379e-24 -3.61764e-14  5.39186e-25   9.1858e-15 -6.44659e-25  8.45024e-15 -3.07798e-25  3.00432e-15  6.64545e-25  5.71033e-16 -1.12354e-25 -9.00193e-18 -9.80699e-26 -5.08991e-17  1.78125e-26 -2.13958e-17  2.94802e-27 -5.52416e-18  4.15779e-28 -9.20228e-19  1.23164e-27 -5.06272e-20 -2.15594e-29  2.76377e-20 -1.23562e-28  1.23436e-20 -2.26363e-29  3.15253e-21  -3.6443e-29  5.92873e-22 -1.14013e-29  8.45043e-23  4.19054e-30  8.28514e-24  2.80631e-30  2.27236e-25   5.6188e-31  -1.1704e-25 -2.34111e-32 -3.24857e-26  -6.2277e-32 -5.46572e-27 -2.67017e-32 -7.03026e-28 -6.94544e-33 -7.31291e-29 -1.31451e-33 -6.23154e-30 -2.07338e-34 -4.30712e-31  -2.7113e-35 -2.32981e-32 -2.82684e-36 -8.96296e-34 -2.68563e-37 -1.62494e-35 -2.43182e-38  6.48785e-37 -1.66882e-39  6.82356e-38 -7.67593e-41  2.96221e-39 -2.27646e-42  7.17744e-41 -1.87877e-44  7.31736e-43   6.0985e-46
-1.42669e-24  6.10335e-10  2.21621e-23 -9.26405e-09 -7.23651e-23  7.07132e-08 -4.19055e-22 -3.38271e-07  4.95787e-21  1.10638e-06 -2.37183e-20  -2.5686e-06  7.19128e-20   4.2619e-06 -1.53967e-19 -4.92406e-06  2.42561e-19  3.61141e-06 -2.84974e-19 -1.12686e-06  2.48631e-19 -5.46421e-07 -1.53613e-19  5.68592e-07  3.47724e-20  2.76805e-08  1.15516e-19 -1.73137e-07 -3.11307e-19  -2.7833e-09   4.7699e-19  4.80606e-08 -4.73607e-19  6.84668e-09  2.70581e-19 -1.11087e-08  -2.0874e-20  -4.3898e-09 -9.87474e-20  1.37111e-09  7.06917e-20  1.44583e-09 -5.43076e-21  2.25266e-10 -1.69882e-20 -2.10546e-10  6.21404e-21 -1.31206e-10  2.65027e-21 -1.76559e-11 -1.85186e-21   1.5157e-11 -1.94011e-22  9.91579e-12  2.65667e-22  2.29004e-12  3.59469e-23 -3.65325e-13 -3.88579e-23 -4.89725e-13    5.487e-24  -1.8812e-13 -1.96442e-24 -3.14485e-14  -8.8165e-25  5.95111e-15  -5.5204e-26  6.02186e-15  1.06357e-24  2.21529e-15 -1.81701e-25  4.77373e-16  -1.5233e-25  3.39311e-17  1.97498e-26 -2.02648e-17  5.68674e-29 -1.07158e-17  1.68368e-27 -3.10323e-18  3.37819e-27 -6.23326e-19  2.20456e-28 -8.08186e-20 -2.90394e-28  -1.5617e-21 -1.10943e-28  2.62144e-21 -7.74211e-29   9.0189e-22 -1.69913e-29  1.96201e-22  8.58614e-30  3.25457e-23   5.0408e-30  4.26059e-24   9.4449e-31  4.26144e-25 -7.31987e-32  2.72339e-26 -1.18368e-31 -2.56339e-28 -4.75454e-32  -3.7961e-28 -1.20169e-32 -6.59831e-29 -2.26633e-33 -7.66985e-30 -3.53683e-34 -6.88133e-31 -4.52249e-35 -4.94293e-32 -4.64478e-36 -2.85488e-33 -4.15508e-37  -1.3091e-34 -3.26236e-38 -4.63718e-36 -1.91469e-39 -1.19981e-37 -7.53028e-41 -2.00404e-39 -1.83564e-42 -1.82524e-41 -1.47257e-44 -8.17993e-44
-2.09422e-10  -1.9293e-23  5.87463e-09  1.68786e-22 -6.21382e-08 -4.19055e-22  3.80381e-07 -2.01261e-21 -1.54096e-06  2.05492e-20  4.38103e-06  -8.6696e-20 -8.94147e-06  2.34688e-19  1.30301e-05 -4.51208e-19  -1.2973e-05  6.38172e-19  7.62283e-06 -6.70376e-19 -9.27843e-07  5.27809e-19 -2.03093e-06 -3.30096e-19  9.87803e-07   1.7374e-19  4.21101e-07  1.68411e-20 -3.36625e-07 -3.49326e-19 -1.20686e-07  6.96724e-19  8.45281e-08 -7.59093e-19  4.48171e-08  4.48183e-19 -1.25624e-08 -3.90298e-20 -1.43304e-08 -1.52143e-19 -1.34857e-09  1.01727e-19  2.78602e-09 -6.34383e-22  1.32684e-09 -2.70586e-20 -4.27204e-11  6.97462e-21 -2.76613e-10  5.07457e-21 -1.13832e-10 -2.34387e-21   -3.524e-12 -5.53057e-22  1.70675e-11  2.99796e-22  8.63531e-12  8.78794e-23   1.6653e-12 -2.63444e-23 -3.67665e-13  2.23539e-24 -3.87328e-13 -7.04959e-24 -1.42401e-13 -1.70354e-24 -2.54365e-14  4.46952e-25  2.40859e-15  1.62952e-24  3.46366e-15 -2.43379e-25  1.35506e-15 -2.16271e-25  3.25799e-16  1.07892e-26  4.30087e-17 -8.48015e-27 -3.19403e-18  4.73509e-27 -3.77858e-18  7.51078e-27 -1.28234e-18  7.93836e-28 -2.93864e-19 -5.88618e-28 -4.93798e-20 -2.94728e-28 -5.54896e-21  -1.4432e-28 -1.32565e-22 -2.23375e-29  1.20648e-22  1.53511e-29  3.72594e-23  7.98945e-30  7.17296e-24  1.35647e-30     1.06e-24 -1.82031e-31  1.26305e-25 -2.02908e-31  1.21723e-26 -7.58557e-32  9.16238e-28 -1.84761e-32  4.74442e-29 -3.41703e-33  6.42243e-31 -5.18828e-34 -1.84943e-31 -6.39352e-35 -2.49365e-32 -6.32236e-36 -1.94527e-33 -5.26627e-37 -1.08249e-34 -3.64381e-38 -4.42392e-36 -1.84397e-39 -1.28636e-37 -6.13479e-41 -2.40522e-39 -1.18332e-42 -2.36566e-41 -6.76596e-45
 8.66576e-24 -2.61537e-09 -1.66625e-22  4.18779e-08  1.00992e-21 -3.38271e-07 -2.01261e-21   1.7191e-06 -8.21509e-21 -6.00355e-06  7.33818e-20  1.49868e-05 -2.75399e-19  -2.7023e-05  6.69384e-19  3.45685e-05 -1.15879e-18 -2.93061e-05  1.46793e-18  1.28782e-05 -1.35987e-18  1.83334e-06  9.32853e-19 -5.06203e-06 -5.68404e-19  9.23898e-07  4.54977e-19  1.41051e-06 -3.04418e-19 -3.73363e-07 -2.17754e-19 -4.17231e-07  8.89238e-19  6.29051e-08 -1.10889e-18  1.22599e-07  6.79456e-19  1.11108e-08 -6.36405e-20    -2.73e-08 -2.16893e-19  -1.1225e-08  1.34436e-19  2.22162e-09  9.42712e-21  3.26266e-09 -3.88457e-20  8.77389e-10  6.07938e-21 -2.55194e-10  8.21952e-21 -2.74852e-10 -2.41164e-21 -8.25131e-11 -1.06232e-21  5.85583e-12  2.14201e-22  1.54018e-11  1.57432e-22  6.59206e-12  1.31678e-23  1.13443e-12 -1.05192e-24 -2.70933e-13 -1.47409e-23  -2.6072e-13 -3.72477e-24 -9.47959e-14  1.12151e-24 -1.86527e-14  2.37039e-24  1.89728e-17  -2.7076e-25  1.55282e-15 -2.83853e-25  6.75762e-16 -1.83917e-26  1.79198e-16 -2.52149e-26  3.12273e-17  1.11574e-26  2.23959e-18  1.45016e-26 -7.28676e-19  1.83643e-27 -3.64844e-19 -1.06453e-27 -9.66179e-20  -6.0502e-28 -1.86873e-20 -2.39372e-28 -2.76918e-21 -2.59451e-29 -2.97251e-22   2.4262e-29 -1.56045e-23  1.12325e-29  2.09631e-24  1.63611e-30  7.70061e-25 -3.83859e-31  1.37608e-25 -3.16872e-31  1.81043e-26  -1.0961e-31   1.9032e-27 -2.55249e-32  1.63486e-28 -4.56834e-33  1.14562e-29 -6.66062e-34  6.41682e-31 -7.81495e-35  2.73778e-32   -7.318e-36  7.85083e-34 -5.61394e-37  7.84114e-36 -3.42762e-38 -5.00305e-37 -1.48675e-39 -2.70543e-38 -4.06811e-41 -5.70021e-40 -5.68427e-43 -4.28461e-42
 7.13769e-10  9.95218e-23 -2.11455e-08 -1.07436e-21  2.36876e-07  4.95787e-21 -1.54096e-06 -8.21509e-21  6.66276e-06 -2.90131e-20 -2.03346e-05  2.29184e-19  4.49201e-05 -7.70743e-19 -7.17877e-05  1.69082e-18  8.03651e-05 -2.64287e-18 -5.68373e-05  2.99108e-18  1.58422e-05 -2.39989e-18  1.03767e-05  1.35314e-18 -9.40334e-06 -7.69964e-19 -9.02514e-07  9.05815e-19  3.06038e-06 -9.68459e-19  1.48829e-07  1.97454e-19 -8.83536e-07  9.93438e-19 -1.47773e-07 -1.49895e-18  2.10728e-07  9.54798e-19  8.85741e-08 -9.29823e-20 -2.67135e-08 -2.89524e-19 -2.96806e-08  1.65149e-19 -4.74527e-09  2.54347e-20  4.49875e-09 -5.10628e-20  2.84137e-09  2.81031e-21  3.76729e-10  1.17444e-20  -3.4584e-10 -1.74938e-21 -2.25942e-10 -1.66378e-21 -5.18437e-11 -4.71722e-23  9.10253e-12  2.26576e-22  1.17301e-11  8.28852e-23    4.505e-12 -1.16418e-25  7.49137e-13 -2.39618e-23 -1.49776e-13 -7.34881e-24  -1.4921e-13  1.83607e-24 -5.51411e-14  3.23876e-24 -1.20134e-14 -2.51885e-25 -9.06473e-16 -3.55334e-25  4.89108e-16 -7.87095e-26  2.65349e-16 -5.09023e-26   7.7917e-17  2.32594e-26  1.59474e-17   2.5135e-26  2.16626e-18  3.44434e-27  8.14368e-20  -1.7402e-27 -5.55385e-20 -1.04848e-27 -2.05821e-20  -3.5676e-28 -4.58638e-21 -2.64052e-29 -7.73532e-22  3.41145e-29 -1.03465e-22  1.39764e-29 -1.08156e-23  1.55904e-30 -7.96047e-25 -7.05617e-31 -1.99112e-26  -4.5354e-31  5.20757e-27 -1.44466e-31  1.09319e-27 -3.19222e-32  1.32006e-28 -5.46697e-33  1.18513e-29 -7.57025e-34  8.36854e-31 -8.36611e-35  4.69355e-32 -7.31595e-36  2.06451e-33 -5.10832e-37  6.89164e-35 -2.73086e-38  1.64118e-36 -9.97155e-40  2.51257e-38  -2.1331e-41  2.02391e-40 -1.75871e-43
-3.35525e-23   7.5822e-09  7.41248e-22  -1.2876e-07 -5.53637e-21  1.10638e-06  2.05492e-20 -6.00355e-06 -2.90131e-20  2.24949e-05 -8.98598e-20 -6.06495e-05  6.33209e-19  0.000119279 -1.92038e-18 -0.000169204  3.82108e-18  0.000164707 -5.40907e-18 -9.37405e-05  5.45572e-18  8.03956e-06 -3.69842e-18  2.80992e-05  1.51819e-18 -1.26986e-05 -7.35754e-19 -6.27323e-06  1.50488e-18  4.67685e-06 -2.05441e-18   1.8344e-06    9.716e-19 -1.24017e-06  9.62357e-19 -6.89019e-07  -1.8964e-18  1.95749e-07  1.25519e-18   2.2806e-07 -1.24207e-19  2.01799e-08 -3.65473e-19 -4.69642e-08  1.90627e-19 -2.20936e-08  4.73151e-20   1.1418e-09 -6.22894e-20  4.95883e-09 -3.30924e-21  1.98978e-09  1.51796e-20  2.14476e-11 -1.35379e-22 -3.27808e-10 -2.24673e-21 -1.61019e-10 -5.07805e-22 -2.93864e-11  2.66928e-22   8.0418e-12  1.76037e-22   7.7256e-12  9.41903e-24  2.78453e-12 -3.26739e-23  4.80913e-13 -1.23115e-23 -5.68291e-14  2.56808e-24 -7.15217e-14  4.14184e-24 -2.76028e-14 -2.12567e-25 -6.60818e-15 -4.49507e-25 -8.72132e-16 -1.81789e-25  6.36662e-17 -8.31685e-26  7.60758e-17  4.37949e-26  2.58762e-17  3.98833e-26  5.95677e-18   5.6606e-27  1.01287e-18 -2.57789e-27  1.18389e-19 -1.58991e-27  4.59071e-21 -4.80714e-28  -1.9705e-21 -2.30822e-29  -6.5838e-22  4.26841e-29  -1.2896e-22  1.51994e-29 -1.91679e-23  9.10397e-31 -2.29393e-24 -1.14875e-30 -2.23343e-25 -5.97095e-31 -1.73317e-26 -1.74483e-31 -9.96144e-28 -3.63253e-32 -3.12297e-29 -5.89438e-33  1.12481e-30 -7.67668e-34  2.49147e-31 -7.90944e-35  2.04777e-32 -6.37582e-36  1.10647e-33 -3.99797e-37  4.17628e-35 -1.84327e-38  1.06141e-36 -5.49034e-40  1.61672e-38 -8.37985e-42  9.83696e-41
-1.67578e-09 -3.38885e-22  5.27669e-08  4.16995e-21 -6.29921e-07 -2.37183e-20  4.38103e-06  7.33818e-20 -2.03346e-05 -8.98598e-20  6.69832e-05 -2.46633e-19 -0.000160935  1.56149e-18  0.000283073 -4.29492e-18 -0.000356335  7.78832e-18  0.000298261 -1.00188e-17 -0.000127421  8.98555e-18 -2.41013e-05 -4.96467e-18  5.54703e-05  1.01454e-18 -9.42311e-06 -2.04239e-19 -1.63247e-05  2.17596e-18  4.31172e-06 -3.55032e-18  5.01854e-06  2.09511e-18 -8.12029e-07  7.80627e-19 -1.54439e-06 -2.26242e-18 -1.18024e-07  1.55483e-18  3.68077e-07 -1.54681e-19  1.44969e-07 -4.40343e-19  -3.5697e-08  2.08987e-19 -4.62623e-08   7.4525e-20 -1.14728e-08 -7.13733e-20  4.33272e-09 -1.24351e-20  4.14587e-09  1.80185e-20  1.16172e-09   2.4967e-21 -1.42157e-10 -2.66131e-21 -2.52106e-10 -1.14164e-21 -1.02536e-10   2.4752e-22 -1.58013e-11  2.75048e-22  5.30626e-12  2.90673e-23  4.44034e-12 -3.86772e-23  1.55639e-12  -1.7374e-23  2.91895e-13  3.62189e-24  -7.3306e-15  4.99662e-24 -2.77069e-14 -2.26364e-25 -1.16098e-14 -6.11637e-25  -3.0285e-15 -3.38522e-25  -5.2075e-16 -1.16377e-25 -3.61357e-17  7.52034e-26  1.24075e-17  5.86972e-26  6.09171e-18  8.50101e-27  1.60145e-18 -3.44512e-27  3.08776e-19 -2.14415e-27   4.5905e-20 -5.87113e-28  5.03654e-21 -1.67006e-29  3.04817e-22  4.71671e-29 -2.25546e-23  1.39724e-29 -1.03254e-23 -4.13601e-31 -1.88801e-24 -1.67417e-30 -2.47826e-25  -7.2453e-31 -2.57651e-26 -1.93689e-31 -2.18041e-27 -3.77409e-32 -1.50461e-28 -5.75122e-33 -8.33945e-30  -6.9808e-34 -3.58529e-31 -6.63757e-35 -1.10965e-32 -4.86756e-36 -2.01353e-34 -2.69751e-37  1.63988e-38 -1.04812e-38  9.77237e-38 -2.41869e-40  1.93382e-39 -2.14778e-42
 8.81803e-23 -1.53714e-08 -2.23342e-21  2.78964e-07  1.89212e-20  -2.5686e-06  -8.6696e-20  1.49868e-05  2.29184e-19 -6.06495e-05 -2.46633e-19   0.00017769 -6.04799e-19 -0.000383163  3.46114e-18   0.00060473  -8.6785e-18 -0.000673914   1.4411e-17  0.000476058 -1.69116e-17  -0.00012943  1.34632e-17  -9.5188e-05 -5.73192e-18  8.55484e-05 -5.94225e-19  8.47572e-06  1.04493e-18 -2.95009e-05  2.80899e-18 -1.07636e-06 -5.32276e-18  9.00447e-06  3.45166e-18  1.31793e-06  4.66453e-19 -2.31527e-06 -2.55422e-18  -9.0248e-07  1.82684e-18   3.4334e-07 -1.83624e-19  3.36094e-07 -5.11475e-19  4.16984e-08  2.20182e-19 -5.87385e-08  1.06493e-19 -3.36437e-08 -7.76245e-20 -3.14566e-09 -2.44055e-20  4.91107e-09  1.97769e-20   2.8876e-09  6.02404e-21  5.78434e-10 -2.74347e-21 -1.66476e-10 -1.86669e-21 -1.66143e-10  1.46255e-22  -5.9546e-11  3.54395e-22 -8.48296e-12  5.45566e-23  2.74858e-12 -4.08614e-23  2.22159e-12 -2.03861e-23  7.79078e-13  5.76487e-24  1.60967e-13  5.80664e-24  8.96683e-15 -3.98152e-25 -7.96552e-15  -9.0742e-25  -3.9534e-15 -5.56012e-25 -1.12589e-15  -1.4295e-25 -2.25648e-16  1.18541e-25 -2.99416e-17  8.08931e-26 -9.95024e-19  1.20063e-26  7.93762e-19 -4.10214e-27  2.85699e-19 -2.58516e-27  6.26959e-20  -6.4907e-28  1.04551e-20 -9.44113e-30   1.3884e-21  4.50688e-29  1.45409e-22  9.85346e-30  1.10662e-23 -2.32143e-30  3.90927e-25 -2.20134e-30 -4.49071e-26  -8.1122e-31 -1.09207e-26 -1.97972e-31 -1.32695e-27 -3.58813e-32 -1.16456e-28 -5.09272e-33 -7.91657e-30 -5.70982e-34 -4.21719e-31 -4.95712e-35  -1.7345e-32 -3.25989e-36 -5.30367e-34 -1.56519e-37 -1.12576e-35 -4.95301e-39 -1.43589e-37  -8.0845e-41 -6.94812e-40
 2.74704e-09  8.06633e-22 -9.28394e-08 -1.11711e-20  1.19206e-06  7.19128e-20 -8.94147e-06 -2.75399e-19  4.49201e-05  6.33209e-19 -0.000160935 -6.04799e-19  0.000423455 -1.33375e-18 -0.000824373  6.93479e-18   0.00116979 -1.59271e-17  -0.00114831  2.43361e-17  0.000662998 -2.61705e-17  -5.6393e-05   1.8473e-17  -0.00021156  -5.4906e-18  0.000100623 -3.56754e-18  4.80202e-05  3.05688e-18 -3.95998e-05  3.29877e-18 -1.42323e-05 -7.12164e-18  1.14085e-05  4.83493e-18  5.71887e-06  5.67195e-20 -2.12471e-06 -2.72822e-18 -2.09191e-06  2.05112e-18 -7.52302e-08 -2.13013e-19  4.92717e-07 -5.79252e-19  2.03534e-07  2.25682e-19 -2.72705e-08  1.42956e-19 -5.48256e-08 -8.06931e-20 -1.93608e-08 -3.87847e-20   1.2278e-09  2.00068e-20   4.0038e-09  1.01351e-20  1.75648e-09 -2.34712e-21  2.52119e-10 -2.55075e-21 -1.26419e-10 -3.81071e-23 -9.62154e-11  3.86543e-22 -3.18867e-11  7.43681e-23 -4.64317e-12 -4.03835e-23  1.08951e-12 -1.88001e-23  9.54126e-13  1.01423e-23  3.43101e-13  6.71004e-24  7.77286e-14 -8.21811e-25  9.06211e-15 -1.39895e-24 -1.23111e-15 -8.32277e-25 -1.01788e-15 -1.55409e-25 -3.27117e-16  1.72631e-25 -7.30046e-17  1.05227e-25 -1.21015e-17  1.62902e-26 -1.37299e-18  -4.2316e-27 -4.71813e-20 -2.77486e-27  2.37133e-20 -6.45065e-28  7.59322e-21 -4.30184e-30  1.45149e-21  3.52398e-29  2.11258e-22  3.17667e-30  2.47974e-23 -4.51026e-30  2.37414e-24 -2.62693e-30  1.82442e-25 -8.38548e-31  1.06319e-26  -1.8649e-31  3.85459e-28  -3.1255e-32 -2.32175e-30 -4.09907e-33 -1.57972e-30  -4.2064e-34 -1.32757e-31 -3.29585e-35 -6.76251e-33 -1.91164e-36 -2.29531e-34 -7.74864e-38  -4.9478e-36 -1.89412e-39 -5.52489e-38 -1.78468e-41
-1.54385e-22  2.17498e-08  4.80626e-21 -4.27041e-07 -4.52423e-20   4.2619e-06  2.34688e-19  -2.7023e-05 -7.70743e-19  0.000119279  1.56149e-18 -0.000383163 -1.33375e-18  0.000913025 -2.65893e-18  -0.00161261  1.26166e-17   0.00205896 -2.66616e-17  -0.00176498  3.76755e-17  0.000784761 -3.73192e-17  0.000138381  2.33514e-17 -0.000359231 -3.89097e-18  7.36853e-05  -7.7964e-18  0.000109056  5.60518e-18 -3.56997e-05  3.58029e-18 -3.50822e-05 -8.62251e-18  8.32988e-06  6.00066e-18  1.17272e-05 -4.16077e-19  1.25422e-07 -2.74683e-18 -3.17142e-06   2.2215e-18 -1.03133e-06  -2.4681e-19  4.20654e-07 -6.47468e-19  4.06745e-07  2.27397e-19  7.62202e-08   1.8397e-19  -5.2049e-08 -8.02232e-20 -3.91406e-08 -5.48873e-20 -8.92565e-09  1.82924e-20  2.49342e-09  1.43534e-20  2.69122e-09 -1.37853e-21   9.6335e-10 -3.02888e-21  1.01587e-10 -2.77312e-22 -7.53041e-11  3.49296e-22 -4.94516e-11  7.08199e-23 -1.57547e-11 -4.11358e-23 -2.51825e-12 -1.05306e-23  2.82724e-13  1.79122e-23  3.41671e-13  7.95073e-24   1.2963e-13  -1.5298e-24  3.18594e-14 -2.10946e-24  5.07193e-15 -1.14981e-24  2.31899e-16  -1.4781e-25 -1.64135e-16  2.34068e-25 -6.93389e-17  1.30201e-25 -1.73177e-17    2.155e-26  -3.2282e-18 -3.51489e-27 -4.66122e-19 -2.60445e-27 -4.95843e-20 -5.66474e-28  -2.8477e-21 -3.86236e-30  2.33652e-22  1.85904e-29  9.83051e-23 -4.92888e-30   1.7333e-23 -6.54124e-30  2.20102e-24 -2.85768e-30  2.21167e-25 -8.00378e-31  1.80505e-26  -1.6195e-31  1.19806e-27 -2.49547e-32  6.37223e-29 -3.00022e-33  2.62973e-30 -2.79052e-34  7.91217e-32 -1.94731e-35  1.51086e-33 -9.76225e-37  1.03663e-35 -3.22293e-38  -2.1051e-37 -5.55266e-40 -3.32494e-39
-3.06559e-09 -1.33646e-21  1.13156e-07  2.17023e-20 -1.58765e-06 -1.53967e-19  1.30301e-05  6.69384e-19 -7.17877e-05 -1.92038e-18  0.000283073  3.46114e-18 -0.000824373 -2.65893e-18   0.00179213  -4.8119e-18  -0.00288357  2.09169e-17   0.00331054 -4.08508e-17  -0.00244321  5.36777e-17  0.000734042 -4.92678e-17  0.000482544    2.734e-17 -0.000495506  -9.1335e-19 -2.27494e-05 -1.27305e-17  0.000178223  8.19437e-18  -5.4834e-06  3.64193e-18 -5.82376e-05 -9.49454e-18 -4.12363e-06  6.73495e-18  1.67944e-05 -9.41799e-19  5.07278e-06 -2.58844e-18 -3.16767e-06  2.34874e-18 -2.37062e-06 -2.88453e-19 -8.68223e-08  -7.2227e-19  5.23531e-07   2.2623e-19  2.44061e-07  2.29559e-19  3.12388e-10 -7.55172e-20 -4.80712e-08 -7.17628e-20 -2.33136e-08  1.42664e-20 -3.18115e-09  1.80809e-20  2.17525e-09  1.73051e-22  1.57187e-09 -3.13059e-21  4.88098e-10 -5.12121e-22  4.22189e-11  2.32404e-22 -3.68286e-11  2.39894e-23 -2.25293e-11 -4.90939e-23 -7.11047e-12  5.11249e-24 -1.28025e-12   2.9678e-23  2.75822e-15  9.75825e-24  9.61852e-14 -2.46227e-24  4.05728e-14 -2.99331e-24  1.07609e-14 -1.47111e-24  2.02589e-15 -1.15684e-25  2.42032e-16  2.98347e-25  3.79281e-19   1.5453e-25 -8.82969e-18  2.80149e-26 -2.80054e-18 -1.73602e-27 -5.82098e-19 -2.03347e-27 -9.33903e-20 -4.21197e-28 -1.19891e-20 -8.99343e-30 -1.21477e-21 -1.92054e-30 -8.92363e-23 -1.28431e-29 -2.99787e-24 -7.98165e-30  3.46444e-25 -2.84333e-30  7.98642e-26 -7.05312e-31  9.24393e-27 -1.29615e-31  7.68792e-28 -1.82567e-32  4.91028e-29 -1.99557e-33  2.42751e-30 -1.66414e-34  9.10074e-32 -1.01812e-35  2.46486e-33 -4.29793e-37   4.3752e-35 -1.09504e-38  4.02193e-37 -1.08498e-40
 1.38086e-22 -2.04845e-08 -7.42153e-21  4.45697e-07  7.92216e-20 -4.92406e-06 -4.51208e-19  3.45685e-05  1.69082e-18 -0.000169204 -4.29492e-18   0.00060473  6.93479e-18  -0.00161261  -4.8119e-18   0.00321994 -7.93052e-18  -0.00473598  3.16875e-17   0.00487766 -5.74525e-17  -0.00302756  7.06292e-17  0.000397793 -6.04803e-17  0.000958948  2.97778e-17 -0.000551871  3.09767e-18 -0.000201828  -1.7485e-17  0.000227275  1.01749e-17   5.8224e-05  3.51302e-18 -7.24014e-05 -9.47438e-18 -2.71961e-05  6.91274e-18  1.67536e-05 -1.53567e-18  1.20393e-05 -2.25732e-18 -1.00246e-06  2.45713e-18 -3.50281e-06 -3.37711e-19 -1.08943e-06 -8.09866e-19  3.73957e-07  2.21021e-19  4.06907e-07  2.79163e-19  1.09655e-07 -6.54406e-20 -2.74592e-08 -8.81748e-20 -3.36585e-08  7.66715e-21 -1.21184e-08  2.06624e-20 -7.47536e-10   2.2163e-21  1.41568e-09 -2.71282e-21  8.18475e-10 -6.60458e-22   2.3222e-10  4.15028e-23  2.02431e-11 -8.23086e-23 -1.47692e-11 -7.06031e-23 -8.99414e-12  2.67434e-23 -2.87617e-12   4.4925e-23  -5.7946e-13  1.21719e-23 -4.57753e-14 -3.47806e-24  1.81782e-14 -3.92921e-24   9.9495e-15 -1.74014e-24  2.88991e-15 -5.47392e-26  6.04604e-16  3.61704e-25  9.38831e-17  1.77553e-25   9.5179e-18  3.58321e-26  5.96466e-20  1.12408e-27 -2.34948e-19 -1.11028e-27 -6.45855e-20 -2.31676e-28 -1.15647e-20 -1.82144e-29 -1.60525e-21 -2.21149e-29 -1.80667e-22 -1.89717e-29 -1.66034e-23 -8.55132e-30 -1.22386e-24 -2.59375e-30 -6.83718e-26 -5.73594e-31 -2.39547e-27 -9.55287e-32  7.51366e-30 -1.22253e-32  7.96539e-30 -1.20411e-33  6.22155e-31 -8.89053e-35  2.84478e-32 -4.67639e-36   8.2994e-34  -1.6037e-37  1.40516e-35  -2.8754e-39  9.09168e-38
 2.10202e-09  1.33225e-21 -8.83719e-08 -3.08891e-20  1.40292e-06  2.42561e-19  -1.2973e-05 -1.15879e-18  8.03651e-05  3.82108e-18 -0.000356335  -8.6785e-18   0.00116979  1.26166e-17  -0.00288357 -7.93052e-18   0.00532213 -1.19303e-17  -0.00717582  4.39452e-17    0.0066001 -7.43343e-17  -0.00330937  8.61268e-17 -0.000299235 -6.93459e-17   0.00148953  3.02468e-17 -0.000451969  7.56842e-18 -0.000447625 -2.10949e-17  0.000219075   1.0927e-17  0.000150277   3.2374e-18 -6.31291e-05 -8.42557e-18 -5.69411e-05   6.5266e-18  7.35922e-06 -2.22509e-18  1.85385e-05 -1.78792e-18  3.83299e-06  2.57544e-18 -3.49959e-06  -3.8872e-19 -2.34106e-06  -9.1384e-19 -1.74345e-07  2.08454e-19  4.40709e-07  3.31192e-19  2.44288e-07 -4.86451e-20  3.29898e-08 -1.02643e-19 -2.81172e-08 -1.57392e-21 -1.98411e-08  2.14766e-20 -5.68745e-09  4.55809e-21 -8.95923e-12 -1.69286e-21  7.61195e-10 -6.34988e-22  3.84268e-10 -2.01793e-22  1.04228e-10 -2.54283e-22  1.08918e-11 -1.10202e-22 -4.64818e-12  5.07344e-23 -3.07533e-12  6.17035e-23 -1.01595e-12  1.48812e-23 -2.24642e-13  -4.4114e-24 -2.99293e-14 -4.74608e-24   5.8035e-16 -1.89197e-24    1.692e-15  4.02561e-26   5.8281e-16  4.22625e-25  1.33602e-16  1.99336e-25  2.33884e-17  4.49161e-26  3.16933e-18   4.8411e-27   3.0751e-19  3.55225e-29  1.28028e-20 -2.82329e-29 -2.45318e-21 -2.81418e-29 -7.36652e-22 -3.79351e-29 -1.18136e-22 -2.22546e-29 -1.40693e-23 -8.20721e-30 -1.33556e-24 -2.17274e-30 -1.02981e-25  -4.3018e-31 -6.43401e-27 -6.47522e-32 -3.20046e-28  -7.4793e-33 -1.22394e-29 -6.57119e-34   -3.373e-31 -4.23151e-35 -5.83987e-33 -1.86545e-36 -3.97655e-35 -4.92443e-38  3.28409e-37  -5.0684e-40
 1.41082e-22  1.08079e-08  7.54977e-21 -2.79662e-07 -1.02944e-19  3.61141e-06  6.38172e-19 -2.93061e-05 -2.64287e-18  0.000164707  7.78832e-18 -0.000673914 -1.59271e-17   0.00205896  2.09169e-17  -0.00473598 -1.19303e-17   0.00813047 -1.64014e-17   -0.0100718  5.58328e-17   0.00821127 -8.86332e-17  -0.00307945  9.77077e-17  -0.00135083 -7.46302e-17   0.00194108  2.86147e-17 -0.000140657  1.19337e-17 -0.000708811 -2.28058e-17  0.000120924  1.00384e-17  0.000249421   2.8503e-18 -1.87555e-05 -6.36947e-18 -8.34586e-05   5.6788e-18 -1.32862e-05  -3.0275e-18  2.06765e-05 -1.24037e-18  1.05907e-05  2.72583e-18 -1.48985e-06 -4.30636e-19  -3.2544e-06 -1.03327e-18 -1.07828e-06  1.84064e-19  2.21293e-07   3.8297e-19  3.30478e-07 -2.40096e-20  1.21011e-07 -1.13594e-19  1.46846e-09 -1.32501e-20 -1.95899e-08  2.00457e-20  -1.0317e-08  6.92746e-21 -2.49029e-09 -7.37997e-23  9.28193e-11 -3.66297e-22  3.48917e-10  -4.6373e-22  1.62726e-10 -4.83967e-22  4.37185e-11 -1.68901e-22  5.75259e-12  7.16426e-23 -9.84095e-13  7.67305e-23 -8.65323e-13  1.71583e-23 -3.03236e-13 -5.15488e-24 -7.22993e-14  -5.2757e-24 -1.21302e-14  -1.8696e-24  -1.1093e-15  1.74711e-25  1.11407e-16  4.82001e-25  7.73181e-17  2.20302e-25  2.06851e-17  5.48109e-26  3.95198e-18  8.97076e-27   5.9485e-19  1.22595e-27  7.18574e-20  1.59245e-28  6.78253e-21 -3.48958e-29   4.4466e-22 -4.67223e-29  8.46828e-24 -2.24491e-29  -2.6345e-24 -7.13277e-30 -4.69791e-25 -1.67279e-30 -4.88867e-26 -2.97199e-31 -3.72884e-27 -4.02914e-32 -2.18195e-28   -4.169e-33  -9.7747e-30 -3.22894e-34 -3.25005e-31 -1.77943e-35 -7.49939e-33  -6.3462e-37 -1.04092e-34 -1.17606e-38 -5.61711e-37
-5.35621e-10  1.27208e-22  3.22241e-08  3.06772e-20 -6.65628e-07 -2.84974e-19  7.62283e-06  1.46793e-18 -5.68373e-05 -5.40907e-18  0.000298261   1.4411e-17  -0.00114831 -2.66616e-17   0.00331054  3.16875e-17  -0.00717582 -1.64014e-17    0.0115319 -2.05979e-17   -0.0131477  6.49312e-17   0.00938908 -9.75131e-17  -0.00219675  1.03628e-16  -0.00264658 -7.58314e-17   0.00215627  2.49826e-17   0.00038729  1.58486e-17 -0.000906552 -2.22791e-17 -7.95247e-05  7.41238e-18  0.000321141  2.36988e-18  6.27358e-05 -3.48274e-18  -9.3054e-05  4.54394e-18 -4.25393e-05 -3.93059e-18  1.45829e-05 -6.86982e-19  1.70133e-05  2.91554e-18  2.77491e-06 -4.51081e-19 -3.07687e-06 -1.16263e-18 -2.04313e-06  1.43881e-19 -2.89726e-07  4.31156e-19  2.79642e-07  8.90828e-21  1.97002e-07 -1.19605e-19  5.10273e-08 -2.68337e-20 -6.29104e-09  1.61451e-20 -1.11038e-08  9.02153e-21 -4.85727e-09  2.04478e-21 -1.04887e-09  1.75175e-22  4.68983e-11 -7.05246e-22  1.36794e-10 -7.49015e-22  6.15603e-11 -2.43758e-22  1.67706e-11  8.30955e-23  2.69327e-12  8.59163e-23 -2.68229e-14   1.7923e-23 -1.85006e-13 -5.73449e-24 -7.31116e-14 -5.41308e-24 -1.87025e-14 -1.64302e-24 -3.54753e-15  3.50872e-25 -4.88571e-16  5.41537e-25 -3.70494e-17  2.40503e-25  3.24787e-18  6.46336e-26   1.8755e-18   1.2938e-26    4.254e-19  2.28014e-27  6.93071e-20  3.08003e-28  8.96726e-21  -3.5776e-29  9.46947e-22 -4.79011e-29  8.15236e-23 -2.00902e-29  5.57715e-24 -5.64769e-30  2.81924e-25 -1.18392e-30  8.03422e-27 -1.88861e-31 -1.65203e-28 -2.29575e-32 -3.57684e-29 -2.10921e-33 -2.30366e-30 -1.41951e-34 -8.89909e-32    -6.53e-36 -2.09914e-33 -1.78614e-37 -2.50402e-35 -1.89575e-39
-8.68768e-22 -4.13373e-10 -2.23893e-21   5.0623e-08  9.69829e-20 -1.12686e-06 -6.70376e-19  1.28782e-05  2.99108e-18 -9.37405e-05 -1.00188e-17  0.000476058  2.43361e-17  -0.00176498 -4.08508e-17   0.00487766  4.39452e-17   -0.0100718 -2.05979e-17    0.0152548 -2.35608e-17   -0.0160261  6.88743e-17   0.00983892 -9.90587e-17 -0.000645584  1.03464e-16  -0.00398441 -7.32967e-17   0.00200074  1.95973e-17   0.00107233  1.92648e-17 -0.000956007 -1.96423e-17 -0.000362973  3.28052e-18  0.000327445  1.80455e-18  0.000169232 -6.54166e-20 -7.30567e-05   3.3171e-18 -7.25711e-05 -4.88401e-18  -1.5939e-06 -1.93749e-19  1.98395e-05   3.1349e-18  8.47476e-06 -4.40935e-19 -1.25225e-06 -1.29352e-18 -2.57411e-06  8.59111e-20 -9.74768e-07  4.72464e-19  3.98418e-08  4.95782e-20   2.0691e-07 -1.19669e-19   1.0064e-07 -4.14817e-20  1.87707e-08   9.8883e-21  -5.3935e-09  1.05656e-20  -5.4162e-09  4.47667e-21 -2.09931e-09  9.66327e-22 -4.32554e-10 -8.90081e-22  7.66117e-12 -1.01724e-21   4.5073e-11  -3.2911e-22  2.04067e-11  7.88437e-23  5.71408e-12  8.51599e-23  1.06319e-12  1.59306e-23  8.82613e-14 -6.34289e-24 -2.34756e-14 -5.16045e-24 -1.31773e-14 -1.22407e-24 -3.71786e-15   5.6294e-25  -7.6426e-16  6.01128e-25 -1.21985e-16  2.58905e-25 -1.48163e-17  7.31537e-26 -1.16826e-18  1.61652e-26  3.06103e-21   3.0563e-27  2.07832e-20  4.05629e-28  4.44156e-21 -3.03502e-29   6.2635e-22 -4.28432e-29  6.82786e-23 -1.61885e-29  5.99927e-24 -4.08784e-30  4.28508e-25 -7.69936e-31  2.46686e-26 -1.10167e-31  1.11828e-27 -1.19389e-32  3.82431e-29 -9.63567e-34  9.11382e-31 -5.53298e-35  1.27054e-32 -2.05193e-36  5.15229e-35 -3.92756e-38 -5.02368e-37
-3.68203e-10 -3.78864e-21  9.63477e-09 -1.48927e-20 -3.98259e-08  2.48631e-19 -9.27843e-07 -1.35987e-18  1.58422e-05  5.45572e-18 -0.000127421 -1.69116e-17  0.000662998  3.76755e-17  -0.00244321 -5.74525e-17    0.0066001  5.58328e-17   -0.0131477 -2.35608e-17    0.0189095 -2.43529e-17   -0.0183162  6.60488e-17   0.00937876 -9.29245e-17   0.00144405  9.82571e-17  -0.00511751 -6.80607e-17   0.00140806  1.27927e-17    0.0017974  2.23472e-17 -0.000793894 -1.53954e-17 -0.000677707 -1.86455e-18  0.000240327  1.16902e-18  0.000275072  3.51104e-18 -1.75334e-05  2.16405e-18 -9.20225e-05 -5.80635e-18 -2.60398e-05   1.9704e-19  1.60242e-05  3.36243e-18  1.36997e-05 -3.98228e-19  2.18671e-06 -1.41761e-18 -2.17157e-06  1.08005e-20 -1.55937e-06  5.04293e-19 -3.54443e-07  9.64065e-20  1.10853e-07   -1.134e-19  1.20693e-07   -5.609e-20   4.5937e-08  1.76231e-21  6.27283e-09  1.13762e-20 -2.98676e-09  6.98149e-21 -2.32147e-09  1.93361e-21 -8.35099e-10 -9.92054e-22 -1.73434e-10 -1.25483e-21 -5.58688e-12 -4.19074e-22  1.19155e-11  5.36812e-23  5.75069e-12  7.11658e-23  1.67212e-12  1.00299e-23  3.44385e-13  -7.3124e-24  4.66157e-14 -4.63723e-24  1.31697e-15 -6.70827e-25 -1.43559e-15  7.93207e-25 -5.21465e-16  6.56655e-25  -1.1757e-16  2.73125e-25 -2.02447e-17  7.90242e-26 -2.79096e-18  1.82012e-26 -3.07094e-19  3.47793e-27 -2.54992e-20  4.49877e-28 -1.25361e-21 -2.04431e-29  3.76475e-23 -3.40811e-29  1.69983e-23 -1.18337e-29  2.26046e-24 -2.70891e-30  2.04061e-25  -4.5956e-31  1.39018e-26 -5.88318e-32  7.27983e-28 -5.64262e-33  2.88289e-29 -3.94721e-34  8.24185e-31 -1.88743e-35  1.54624e-32 -5.35253e-37  1.51584e-34 -5.85164e-39
 2.06187e-21 -3.09923e-09 -1.01601e-20  6.26921e-08 -5.60493e-20 -5.46421e-07  5.27809e-19  1.83334e-06 -2.39989e-18  8.03956e-06  8.98555e-18  -0.00012943 -2.61705e-17  0.000784761  5.36777e-17  -0.00302756 -7.43343e-17   0.00821127  6.49312e-17   -0.0160261 -2.43529e-17    0.0220757 -2.23215e-17   -0.0197143  5.60897e-17   0.00799266 -8.04494e-17   0.00382333  9.01331e-17  -0.00581843 -6.14842e-17  0.000404558  4.98576e-18   0.00241571  2.52927e-17 -0.000401297  -1.0241e-17 -0.000950716 -7.38008e-18  5.35774e-05  5.00238e-19  0.000347215  6.86371e-18   6.8579e-05  1.18537e-18 -8.96488e-05 -6.60474e-18 -5.28885e-05  4.77244e-19  4.22246e-06  3.57453e-18  1.59867e-05 -3.29089e-19  6.41182e-06 -1.52914e-18 -5.99386e-07 -7.84891e-20 -1.70505e-06  5.24961e-19 -7.67768e-07  1.46774e-19 -8.64826e-08 -1.01139e-19  8.69959e-08 -6.93945e-20  6.02971e-08 -7.40063e-21  1.93047e-08  1.14154e-20  2.07259e-09  9.31631e-21 -1.28197e-09  2.97159e-21 -8.76835e-10 -9.99578e-22 -3.03132e-10  -1.4357e-21  -6.5558e-11 -5.10332e-22 -5.66545e-12  4.06368e-24  2.23419e-12  4.20683e-23  1.31315e-12 -5.75459e-25  4.04136e-13 -9.03095e-24  8.93782e-14 -4.05115e-24  1.46932e-14 -7.87947e-26  1.59714e-15  1.01199e-24   2.2819e-17  6.99654e-25 -3.93004e-17  2.79885e-25 -1.16056e-17  8.11144e-26 -2.19287e-18  1.88152e-26  -3.2003e-19  3.53984e-27 -3.78695e-20  4.46466e-28  -3.6693e-21 -9.13673e-30 -2.87323e-22 -2.43003e-29 -1.74034e-23  -7.8747e-30 -7.16172e-25 -1.64377e-30   -8.442e-27  -2.5129e-31  1.44476e-27 -2.86626e-32  1.37759e-28 -2.41017e-33  6.86118e-30 -1.43614e-34  2.12129e-31 -5.52603e-36  3.76735e-33 -1.09394e-37  2.55633e-35
  2.8104e-10  9.51798e-21 -1.35097e-08 -1.75975e-20  2.27274e-07 -1.53613e-19 -2.03093e-06  9.32853e-19  1.03767e-05 -3.69842e-18 -2.41013e-05  1.34632e-17  -5.6393e-05 -3.73192e-17  0.000734042  7.06292e-17  -0.00330937 -8.86332e-17   0.00938908  6.88743e-17   -0.0183162 -2.23215e-17    0.0244088 -1.72847e-17   -0.0200798  3.99712e-17   0.00583175 -6.41872e-17   0.00618788  8.15446e-17  -0.00593627  -5.4844e-17 -0.000895074 -3.29625e-18   0.00278855  2.81576e-17  0.000187021 -4.91121e-18  -0.00110691 -1.25912e-17 -0.000211855 -1.32599e-19  0.000354995  9.65534e-18  0.000168883  4.00523e-19 -5.86417e-05 -7.20007e-18 -7.35085e-05  6.72718e-19 -1.41336e-05  3.75548e-18  1.32725e-05 -2.45091e-19  9.93926e-06 -1.62576e-18   1.9057e-06 -1.77603e-19 -1.16818e-06  5.33426e-19  -1.0043e-06  1.97109e-19 -3.22995e-07 -8.39663e-20 -2.58828e-09 -8.01242e-20  4.93566e-08 -1.65204e-20  2.67536e-08  1.08237e-20  7.63169e-09  1.12961e-20   7.6014e-10  3.97316e-21 -4.38638e-10 -9.16142e-22 -2.88718e-10 -1.54858e-21 -9.85241e-11 -6.03912e-22 -2.24151e-11  -7.1536e-23 -2.95397e-12 -2.23327e-24  1.49871e-13 -1.61166e-23   2.2129e-13 -1.18237e-23  7.64752e-14 -3.63986e-24  1.80086e-14   4.3999e-25  3.25323e-15  1.18282e-24  4.54411e-16  7.19388e-25  4.50412e-17  2.76083e-25  1.75737e-18  7.88373e-26 -4.37631e-19  1.80327e-26 -1.29518e-19   3.2968e-27 -2.12902e-20  4.06263e-28 -2.61663e-21  6.03803e-31 -2.57001e-22 -1.55462e-29 -2.05385e-23 -4.77431e-30 -1.33243e-24 -9.12385e-31 -6.90164e-26  -1.2554e-31 -2.76236e-27 -1.26823e-32 -8.05515e-29 -9.23558e-34 -1.52301e-30 -4.57876e-35 -1.35547e-32 -1.34554e-36  2.94774e-35 -1.51838e-38
-3.38517e-21  1.00743e-09  2.86246e-20 -3.63961e-08 -1.29336e-20  5.68592e-07 -3.30096e-19 -5.06203e-06  1.35314e-18  2.80992e-05 -4.96467e-18  -9.5188e-05   1.8473e-17  0.000138381 -4.92678e-17  0.000397793  8.61268e-17  -0.00307945 -9.75131e-17   0.00983892  6.60488e-17   -0.0197143 -1.72847e-17    0.0257227 -9.57201e-18   -0.0194584  1.96902e-17   0.00316555 -4.70772e-17    0.0082523  7.44716e-17  -0.00542717 -4.90206e-17  -0.00231761 -1.14109e-17   0.00281943  3.07725e-17  0.000889546 -4.24992e-20  -0.00108944 -1.68912e-17 -0.000511016 -6.25986e-19  0.000279959  1.16403e-17  0.000258988 -2.47561e-19  7.41034e-08 -7.54985e-18 -7.91441e-05   8.3232e-19 -3.47258e-05  3.90344e-18  4.88385e-06 -1.58012e-19  1.11201e-05 -1.70717e-18  4.60993e-06 -2.81637e-19  4.82464e-08  5.28725e-19 -8.93853e-07  2.42975e-19  -4.9656e-07 -6.36623e-20 -1.20412e-07  -8.7211e-20  1.12761e-08 -2.44277e-20  2.30239e-08  9.91971e-21  1.07155e-08  1.28466e-20  2.86395e-09  4.86186e-21    3.179e-10 -7.56793e-22 -1.14856e-10 -1.59936e-21 -8.08482e-11 -7.05004e-22 -2.78901e-11 -1.72354e-22 -6.65372e-12 -5.99983e-23 -1.09229e-12 -3.61274e-23 -8.06405e-14 -1.58334e-23  2.01118e-14 -3.60144e-24   1.0254e-14  7.84529e-25  2.66946e-15  1.27192e-24  5.13106e-16  7.06616e-25  7.83524e-17  2.60024e-25  9.59827e-18  7.23497e-26  9.09855e-19  1.61082e-26  5.74403e-20   2.8415e-27  3.47204e-22  3.42588e-28 -5.06769e-22  6.97297e-30  -8.3964e-23 -8.88184e-30 -8.73156e-24 -2.63394e-30 -6.76334e-25 -4.62236e-31 -4.04358e-26 -5.70898e-32 -1.85627e-27 -5.06649e-33 -6.33501e-29 -3.14347e-34  -1.5025e-30 -1.25398e-35 -2.14843e-32 -2.57048e-37 -1.19687e-34
