   0.0123084 -2.54676e-17   -0.0291203  4.38755e-17    0.0117178 -9.81521e-18    0.0106102 -1.03936e-17    -0.003961  1.13774e-18    -0.005625  2.08326e-18  0.000280769 -1.61496e-19   0.00257937  1.97461e-18  0.000772976  8.45743e-19 -0.000804905 -9.74981e-19 -0.000639178 -1.06673e-18  5.69398e-05  4.19532e-19  0.000273047  3.12963e-19  0.000101174   8.3837e-20 -5.15304e-05 -1.54328e-19 -5.94063e-05 -7.27596e-20 -1.21055e-05  1.14452e-20  1.23985e-05  1.73855e-20  9.85967e-06  4.81311e-21  1.75301e-06   1.4135e-22 -1.54129e-06 -1.07984e-21 -1.21389e-06 -9.81313e-22 -3.32468e-07   1.4752e-22  3.75654e-08 -2.94515e-24  6.70328e-08 -1.78841e-23  2.74005e-08  9.69598e-24  6.00142e-09  5.68204e-24  6.18196e-10  2.70863e-24 -2.18082e-11  6.18554e-25 -1.24175e-11  6.03463e-26 -7.99806e-13
-2.54676e-17      0.04611  -2.9197e-17   -0.0509868 -3.99303e-18  -0.00157611  1.27266e-17    0.0223889  1.28645e-17   0.00308929 -1.37223e-17  -0.00956589 -8.10077e-18  -0.00388063  2.54247e-18   0.00314493  6.31929e-18   0.00276705  2.59478e-18  -0.00036849 -1.38836e-18  -0.00131093  -1.8238e-18 -0.000377936  2.60479e-19  0.000361854  6.80918e-19  0.000304716  3.67759e-19  5.87671e-06 -1.49065e-19 -0.000104886 -1.54551e-19 -5.32775e-05  -3.0044e-20  6.50582e-06  1.85618e-20  1.92218e-05   1.2545e-20  8.34304e-06  7.21983e-21 -3.83814e-07 -1.32954e-21 -2.10194e-06 -1.66551e-21 -1.05672e-06 -3.24267e-22 -2.02984e-07 -3.35562e-22  4.24214e-08 -9.37662e-23   4.0863e-08  6.52087e-24  1.34008e-08  1.26051e-23  2.50445e-09  5.25636e-24  2.66074e-10  8.60433e-25  1.29062e-11  4.84319e-26
  -0.0291203  -2.9197e-17    0.0769207  3.42547e-17   -0.0440457 -6.89518e-17   -0.0223082  2.47307e-17    0.0200437  3.47434e-17    0.0128621 -1.35672e-17  -0.00724861 -1.75302e-17  -0.00780481 -3.29969e-18   0.00121156  6.10664e-18   0.00396649  5.52742e-18  0.000826076  -3.7808e-19  -0.00143313 -2.43106e-18 -0.000922064 -6.60957e-19  0.000205075  8.27877e-19   0.00045808  7.54578e-19  0.000132837  2.49599e-20 -0.000103592 -1.84202e-19 -9.76715e-05 -8.77616e-20 -1.64593e-05 -8.06151e-21  2.10319e-05  1.79676e-20  1.60289e-05  1.80164e-20  3.47982e-06  1.55513e-21 -1.69868e-06 -1.40106e-21 -1.61777e-06 -1.43667e-21 -5.90629e-07 -1.08304e-21 -9.11508e-08  -3.3332e-22   1.3517e-08 -4.85879e-23  1.05406e-08  5.51018e-24  2.51754e-09  3.90445e-24  2.95789e-10  4.88961e-25  1.24532e-11
 4.38755e-17   -0.0509868  3.42547e-17    0.0727899  3.75261e-17   -0.0182545 -6.63171e-17   -0.0308536  5.12654e-18    0.0102599  3.77027e-17    0.0163482  1.27756e-18  -0.00254076 -1.82345e-17  -0.00880742 -1.21864e-17  -0.00112417  1.80321e-18   0.00394802  7.06219e-18   0.00189867  9.95778e-19  -0.00111432 -2.79615e-18  -0.00130083 -1.88851e-18 -7.57909e-05  5.14242e-19  0.000506423  9.70649e-19  0.000270567  2.77406e-19 -5.73592e-05 -1.31454e-19 -0.000126204 -1.37058e-19 -4.80939e-05 -6.02475e-20  1.27631e-05  1.84856e-20  2.08277e-05  2.97028e-20   8.6227e-06  8.22308e-21  2.73108e-07 -2.48581e-23 -1.47966e-06 -2.85653e-21 -8.39396e-07 -2.07029e-21 -2.44942e-07 -7.19489e-22 -3.83572e-08 -1.57639e-22 -1.31603e-09 -1.67199e-23  6.02906e-10 -1.19059e-25  8.81465e-11  5.72518e-26
   0.0117178 -3.99303e-18   -0.0440457  3.75261e-17     0.049328  3.48945e-17  -0.00457544 -5.62158e-17   -0.0262524 -1.07809e-17   0.00336489  3.26987e-17    0.0154069  1.60637e-17  0.000703212 -1.16995e-17  -0.00832842 -1.65997e-17  -0.00273668 -2.23717e-18    0.0034398  7.06883e-18   0.00262083  2.54977e-18 -0.000643655 -2.67498e-18  -0.00149981 -2.91038e-18 -0.000381331 -1.38947e-19  0.000466312  9.71981e-19  0.000387302  5.22709e-19  1.88195e-05 -2.26373e-20 -0.000131476 -1.85823e-19 -7.94278e-05 -1.22077e-19 -4.12219e-06  1.63314e-20  2.01984e-05  4.11663e-20  1.29594e-05  1.76858e-20  3.21541e-06  2.15522e-21 -4.94431e-07 -3.96402e-21 -7.14917e-07 -2.92344e-21 -2.90878e-07 -1.08109e-21 -6.83846e-08 -2.54748e-22 -9.71389e-09 -3.39352e-23 -7.42405e-10 -2.25494e-24 -1.93458e-11
-9.81521e-18  -0.00157611 -6.89518e-17   -0.0182545  3.48945e-17    0.0317322  3.52442e-17  -0.00175274 -4.38994e-17   -0.0224752 -1.89584e-17  0.000725879  2.69698e-17    0.0142781  2.56156e-17   0.00257393 -2.96698e-18  -0.00764842 -1.65135e-17  -0.00385427 -4.38988e-18     0.002804  6.86071e-18   0.00310324  4.64008e-18 -0.000126114 -1.93621e-18  -0.00156077  -3.5298e-18 -0.000674073 -8.52375e-19  0.000358234  8.86043e-19  0.000468824  7.32459e-19  0.000110951  9.66137e-20 -0.000111925 -2.45938e-19 -0.000103008   -1.754e-19 -2.60412e-05  1.42657e-20  1.33344e-05  5.17459e-20  1.45578e-05  2.76172e-20  5.95454e-06   4.4304e-21  9.83303e-07 -4.36551e-21 -2.25764e-07 -3.29484e-21 -1.83526e-07 -1.21249e-21 -5.30748e-08 -2.68047e-22 -8.32676e-09 -3.18253e-23  -6.2964e-10 -1.48958e-24
   0.0106102  1.27266e-17   -0.0223082 -6.63171e-17  -0.00457544  3.52442e-17    0.0285539  3.56477e-17  -0.00197788  -3.6768e-17   -0.0206798 -2.44192e-17  -0.00109861  1.95663e-17    0.0133462  2.95825e-17    0.0040622  4.25602e-18  -0.00687041 -1.48849e-17  -0.00470735 -5.70955e-18   0.00209245   6.9923e-18   0.00339949  6.91627e-18   0.00040146 -9.05095e-19  -0.00150558 -3.83637e-18 -0.000932019 -1.39315e-18  0.000199059  8.25238e-19  0.000506922  9.08407e-19  0.000205902  1.83213e-19 -6.95904e-05 -3.12171e-19 -0.000113126 -2.08117e-19 -4.81719e-05  1.24568e-20  1.22378e-06   5.8925e-20  1.22693e-05  3.39113e-20  7.21585e-06  5.36791e-21  2.24002e-06 -4.26362e-21  3.50276e-07 -3.09519e-21 -7.89254e-09 -1.05393e-21 -1.52222e-08 -1.98016e-22 -2.73864e-09 -1.77168e-23  -1.4838e-10
-1.03936e-17    0.0223889  2.47307e-17   -0.0308536 -5.62158e-17  -0.00175274  3.56477e-17    0.0258812  3.13858e-17  -0.00019263 -3.15006e-17   -0.0191608  -3.1496e-17  -0.00276234  9.90609e-18    0.0123287  2.99289e-17   0.00520476  8.10828e-18  -0.00601043 -1.43263e-17  -0.00531146 -7.49763e-18   0.00135362  7.24323e-18   0.00353254  8.65321e-18    0.0009083   -6.725e-20  -0.00135415 -3.96266e-18  -0.00113974 -1.65217e-18  5.67476e-06  8.12795e-19  0.000498056  1.04462e-18  0.000291424  2.10475e-19 -9.51691e-06 -3.64005e-19 -0.000106306 -2.15062e-19 -6.52786e-05  8.98391e-21 -1.34873e-05  5.76464e-20  6.22363e-06  3.17445e-20  6.21463e-06  3.36143e-21  2.59602e-06  -4.1935e-21  6.61351e-07 -2.53235e-21  1.04771e-07 -7.31132e-22  9.21102e-09 -1.05559e-22  3.04233e-10 -5.63524e-24
   -0.003961  1.28645e-17    0.0200437  5.12654e-18   -0.0262524 -4.38994e-17  -0.00197788  3.13858e-17     0.023093  2.90915e-17  0.000753755 -2.69808e-17   -0.0175889 -3.84071e-17  -0.00382588  1.17517e-18    0.0112993  2.86615e-17   0.00602592  8.24574e-18  -0.00514568 -1.57983e-17  -0.00572153 -9.76735e-18  0.000624021  7.33261e-18   0.00353391  9.42665e-18   0.00137616  3.12106e-19  -0.00112567 -3.94225e-18  -0.00128779  -1.6583e-18  -0.00020587  8.09128e-19  0.000442418  1.10882e-18  0.000356644  1.78436e-19  6.08444e-05 -3.73888e-19 -8.17551e-05  -1.9384e-19 -7.26493e-05  2.52291e-21 -2.69614e-05  4.34385e-20 -1.96448e-06  1.91863e-20  3.17577e-06 -1.71829e-21  1.87733e-06 -4.37322e-21   5.6944e-07 -1.89065e-21  1.04807e-07  -4.1638e-22  1.09288e-08 -4.05314e-23  4.33502e-10
 1.13774e-18   0.00308929  3.47434e-17    0.0102599 -1.07809e-17   -0.0224752  -3.6768e-17  -0.00019263  2.90915e-17    0.0207579  3.08086e-17   0.00114677 -2.29594e-17   -0.0163046 -4.26531e-17   -0.0046164 -3.08306e-18    0.0103707  2.73681e-17   0.00665877  6.14702e-18  -0.00430636 -1.82725e-17  -0.00598667 -1.15093e-17 -8.24936e-05  7.13845e-18   0.00342541  9.21392e-18   0.00179408  2.69227e-19 -0.000835943 -3.71096e-18  -0.00136993 -1.52164e-18 -0.000420259  7.56183e-19  0.000343298  1.05689e-18  0.000392404  1.18261e-19  0.000132172 -3.15383e-19 -4.17328e-05 -1.42764e-19 -6.71427e-05 -5.09182e-21 -3.50461e-05  1.81561e-20  -9.4944e-06  4.51315e-22 -5.63919e-07 -7.56472e-21  5.97685e-07 -4.42357e-21  2.50782e-07 -1.30549e-21  4.76315e-08 -1.96894e-22  4.15156e-09 -1.02871e-23
   -0.005625 -1.37223e-17    0.0128621  3.77027e-17   0.00336489 -1.89584e-17   -0.0206798 -3.15006e-17  0.000753755  3.08086e-17    0.0192526  3.59624e-17   0.00155806 -1.99201e-17   -0.0152764 -4.28758e-17  -0.00525337 -1.76195e-18   0.00951134  2.69408e-17   0.00714652   4.1002e-18  -0.00349058 -1.99023e-17  -0.00613121 -1.19355e-17 -0.000759023  6.57081e-18   0.00322249   8.2172e-18   0.00215369  7.35739e-20 -0.000499317 -3.18328e-18  -0.00138216 -1.35686e-18  -0.00062247  5.99132e-19  0.000207024   8.7236e-19  0.000391806  8.34268e-20  0.000193941 -1.77084e-19  8.25058e-06 -6.36515e-20 -4.82892e-05 -7.52226e-21 -3.45934e-05  -7.4509e-21 -1.34014e-05 -1.54285e-20 -3.20133e-06 -1.08119e-20  -4.2236e-07 -3.82792e-21  -1.0099e-08 -7.90229e-22  4.82366e-09 -7.36937e-23   4.0293e-10
 2.08326e-18  -0.00956589 -1.35672e-17    0.0163482  3.26987e-17  0.000725879 -2.44192e-17   -0.0191608 -2.69808e-17   0.00114677  3.59624e-17    0.0179758    4.024e-17   0.00187211 -1.80248e-17   -0.0143554 -3.89757e-17   -0.0057545  3.37818e-18   0.00870484  2.73466e-17   0.00752202  3.41448e-18  -0.00270127 -1.95124e-17  -0.00617574 -1.10974e-17  -0.00140026    5.522e-18    0.0029377  6.73522e-18   0.00244797   1.0457e-19 -0.000129479 -2.35709e-18   -0.0013224    -1.25e-18 -0.000797688   3.0581e-19  4.30596e-05   5.9228e-19  0.000350989  1.18264e-19  0.000235407   2.2095e-20  5.96204e-05  3.52241e-20 -1.92289e-05  4.21846e-21  -2.5063e-05  -1.9495e-20 -1.21692e-05 -2.07952e-20 -3.66171e-06 -9.82228e-21 -7.22858e-07 -2.59205e-21 -8.88566e-08 -3.78486e-22 -5.56279e-09 -1.82469e-23
 0.000280769 -8.10077e-18  -0.00724861  1.27756e-18    0.0154069  2.69698e-17  -0.00109861  -3.1496e-17   -0.0175889 -2.29594e-17   0.00155806    4.024e-17    0.0168664  4.03125e-17   0.00210057 -1.71815e-17   -0.0135573 -3.25524e-17  -0.00616738  8.83473e-18   0.00795513  2.75958e-17   0.00781359  4.07499e-18  -0.00193808 -1.70017e-17  -0.00613428 -9.65678e-18  -0.00200303  3.91993e-18    0.0025805  5.13964e-18   0.00267053  6.56709e-19  0.000259931 -1.37661e-18  -0.00119055 -1.25602e-18 -0.000931374  -1.1163e-19  -0.00013583   2.8514e-19  0.000270137  2.19121e-19  0.000247078  2.33043e-19  0.000101608  1.39098e-19  1.29675e-05  3.44693e-20 -9.69589e-06 -1.20561e-20 -6.96655e-06 -1.51931e-20 -2.36322e-06 -5.99375e-21 -4.80352e-07 -1.27605e-21 -5.51417e-08 -1.25716e-22 -2.40158e-09
-1.61496e-19  -0.00388063 -1.75302e-17  -0.00254076  1.60637e-17    0.0142781  1.95663e-17  -0.00276234 -3.84071e-17   -0.0163046 -1.99201e-17   0.00187211  4.03125e-17     0.015979  3.58246e-17   0.00229491 -1.72578e-17   -0.0128675 -2.64017e-17  -0.00651893  1.12147e-17   0.00725034  2.65711e-17   0.00803814  5.68524e-18  -0.00119687 -1.30597e-17  -0.00601579  -8.4252e-18  -0.00256451  1.83349e-18   0.00215862  3.85268e-18   0.00281491  1.74175e-18  0.000654535  -4.8469e-19 -0.000988884 -1.38775e-18  -0.00100962 -6.00808e-19  -0.00031352 -1.27226e-21  0.000154647  3.26207e-19  0.000222757  3.96299e-19  0.000123182  2.27091e-19  3.84991e-05  7.44201e-20  5.14829e-06    7.066e-21 -1.10273e-06 -5.05956e-21 -7.01342e-07  -2.1698e-21 -1.50731e-07 -4.07281e-22 -1.41288e-08 -2.30153e-23
  0.00257937  2.54247e-18  -0.00780481 -1.82345e-17  0.000703212  2.56156e-17    0.0133462  9.90609e-18  -0.00382588 -4.26531e-17   -0.0152764 -1.80248e-17   0.00210057  3.58246e-17    0.0152326  2.85833e-17    0.0024596 -1.77182e-17   -0.0122562 -2.29928e-17  -0.00682609  9.11778e-18   0.00658082  2.41147e-17   0.00820826  7.99375e-18  -0.00047428  -8.8402e-18  -0.00582606 -7.97241e-18  -0.00308121 -4.49974e-19   0.00167889  3.20554e-18   0.00287447  3.05637e-18   0.00103861  1.21273e-19 -0.000722739 -1.60242e-18  -0.00101994  -1.0973e-18 -0.000470776 -2.65078e-19   1.6243e-05  3.60922e-19  0.000162141  4.66078e-19  0.000116547  2.74329e-19  4.85502e-05  1.03471e-19  1.33135e-05  2.29826e-20  2.36601e-06  2.35827e-21  2.40858e-07 -9.44997e-23  8.87697e-09 -5.87035e-23 -2.15879e-10
 1.97461e-18   0.00314493 -3.29969e-18  -0.00880742 -1.16995e-17   0.00257393  2.95825e-17    0.0123287  1.17517e-18   -0.0046164 -4.28758e-17   -0.0143554 -1.71815e-17   0.00229491  2.85833e-17    0.0145929  2.14577e-17   0.00260464 -1.75447e-17   -0.0117135 -2.31185e-17  -0.00710307  3.68278e-18   0.00593966  2.11629e-17    0.0083324  1.06237e-17  0.000233029  -5.5123e-18  -0.00556801  -8.3952e-18  -0.00354871 -2.50335e-18   0.00114792  3.24674e-18   0.00284237  4.17809e-18   0.00139455  4.14811e-19 -0.000401471 -1.81331e-18 -0.000952556 -1.53969e-18 -0.000586196 -5.22951e-19 -0.000126392  2.78278e-19  7.37894e-05  4.25599e-19  8.20688e-05   2.6263e-19  4.06522e-05  1.04266e-19  1.29248e-05  2.64114e-20  2.75537e-06  4.43654e-21  3.72929e-07  3.83051e-22  2.61763e-08  6.73982e-24
 0.000772976  6.31929e-18   0.00121156 -1.21864e-17  -0.00832842 -2.96698e-18    0.0040622  2.99289e-17    0.0112993 -3.08306e-18  -0.00525337 -3.89757e-17   -0.0135573 -1.72578e-17    0.0024596  2.14577e-17     0.014053   1.7409e-17   0.00273766 -1.60613e-17   -0.0112289 -2.58427e-17  -0.00735932 -2.51733e-18   0.00531891  1.88732e-17   0.00841578  1.28914e-17  0.000928195 -3.67405e-18  -0.00524245 -9.36323e-18  -0.00396114 -3.96464e-18  0.000572978  3.71666e-18    0.0027119  4.83312e-18   0.00170244  5.37471e-19 -3.96644e-05 -1.92217e-18 -0.000802466 -1.86007e-18 -0.000638255 -7.65293e-19 -0.000248013   9.4758e-20 -2.27284e-05  2.94731e-19  3.18168e-05  1.96639e-19  2.14406e-05  7.77808e-20  7.34923e-06  1.93655e-20  1.53297e-06  3.13238e-21  1.81481e-07  2.23675e-22  8.15586e-09
 8.45743e-19   0.00276705  6.10664e-18  -0.00112417 -1.65997e-17  -0.00764842  4.25602e-18   0.00520476  2.86615e-17    0.0103707 -1.76195e-18   -0.0057545 -3.25524e-17   -0.0128675 -1.77182e-17   0.00260464   1.7409e-17     0.013593   1.8018e-17   0.00286307 -1.37654e-17    -0.010792 -2.93682e-17  -0.00760235 -7.15697e-18   0.00471134  1.77202e-17   0.00846135   1.4165e-17   0.00161355 -3.10782e-18  -0.00484853 -1.03821e-17  -0.00431083 -4.67155e-18  -3.7186e-05  4.24261e-18   0.00247707  5.01623e-18   0.00193998  6.79952e-19  0.000341481 -1.84692e-18 -0.000572315 -1.98144e-18  -0.00060878 -9.40949e-19 -0.000319688 -1.20112e-19 -9.93514e-05  1.27927e-19 -1.37037e-05  1.07365e-19  2.67843e-06  4.16841e-20  1.79733e-06   9.7774e-21  3.94348e-07  1.33705e-21  3.75527e-08  5.71688e-23
-0.000804905  2.59478e-18   0.00396649  1.80321e-18  -0.00273668 -1.65135e-17  -0.00687041  8.10828e-18   0.00602592  2.73681e-17   0.00951134  3.37818e-18  -0.00616738 -2.64017e-17   -0.0122562 -1.75447e-17   0.00273766   1.8018e-17    0.0132003   2.2311e-17   0.00298528 -1.18326e-17   -0.0103954 -3.19582e-17  -0.00783787 -9.22201e-18   0.00411029  1.73305e-17   0.00846992  1.42962e-17   0.00229058 -3.14321e-18  -0.00438409 -1.10309e-17  -0.00458798 -4.64661e-18 -0.000671363  4.55488e-18   0.00213358  4.90281e-18   0.00208266  9.57903e-19  0.000712802 -1.53897e-18 -0.000275813 -1.84416e-18 -0.000488724 -9.82252e-19 -0.000317563 -2.78598e-19 -0.000130962 -8.31966e-21 -3.70783e-05  3.31378e-20 -7.13165e-06  1.41469e-20 -8.66657e-07  3.29836e-21 -5.55756e-08   3.5075e-22 -1.06143e-09
-9.74981e-19  -0.00036849  5.52742e-18   0.00394802 -2.23717e-18  -0.00385427 -1.48849e-17  -0.00601043  8.24574e-18   0.00665877  2.69408e-17   0.00870484  8.83473e-18  -0.00651893 -2.29928e-17   -0.0117135 -1.60613e-17   0.00286307   2.2311e-17    0.0128674  2.74517e-17   0.00310726 -1.08762e-17   -0.0100326 -3.25509e-17  -0.00807018 -9.01272e-18   0.00350918  1.69608e-17   0.00844048   1.3612e-17   0.00295966 -3.23197e-18  -0.00384604 -1.10563e-17  -0.00478034 -4.05086e-18  -0.00131472  4.54224e-18   0.00168031   4.6725e-18   0.00210483  1.36627e-18   0.00103669 -1.00307e-18  5.82725e-05 -1.44609e-18 -0.000288175  -8.5138e-19 -0.000238501 -3.21543e-19 -0.000111716  -7.2888e-20 -3.53439e-05 -5.72512e-21 -7.66616e-06  1.24018e-21 -1.06908e-06  6.29792e-22  -7.7886e-08  4.87726e-23
-0.000639178 -1.38836e-18  0.000826076  7.06219e-18    0.0034398 -4.38988e-18  -0.00470735 -1.43263e-17  -0.00514568  6.14702e-18   0.00714652  2.73466e-17   0.00795513  1.12147e-17  -0.00682609 -2.31185e-17   -0.0112289 -1.37654e-17   0.00298528  2.74517e-17    0.0125866  3.07742e-17   0.00323162  -1.0558e-17  -0.00969768 -3.09644e-17  -0.00830276 -7.48678e-18   0.00290159  1.60577e-17   0.00837026   1.2546e-17   0.00361974 -3.21097e-18  -0.00323078 -1.04043e-17  -0.00487292  -3.1824e-18   -0.0019475  4.18276e-18   0.00112151  4.39081e-18   0.00198228  1.80485e-18   0.00126778 -3.20522e-19  0.000380912 -8.68866e-19 -4.79247e-05 -5.79447e-19  -0.00011234 -2.52922e-19   -6.152e-05 -7.13544e-20 -1.99329e-05 -1.42159e-20 -4.08328e-06 -1.61928e-21 -4.82052e-07  1.51823e-23 -2.17577e-08
-1.06673e-18  -0.00131093  -3.7808e-19   0.00189867  7.06883e-18     0.002804 -5.70955e-18  -0.00531146 -1.57983e-17  -0.00430636   4.1002e-18   0.00752202  2.75958e-17   0.00725034  9.11778e-18  -0.00710307 -2.58427e-17    -0.010792 -1.18326e-17   0.00310726  3.07742e-17    0.0123523  3.11387e-17   0.00336078 -1.02353e-17  -0.00938565 -2.76859e-17  -0.00853827 -5.62718e-18   0.00228115  1.45016e-17   0.00825472   1.1318e-17   0.00426797 -3.18208e-18  -0.00253469 -9.24438e-18  -0.00484793 -2.43394e-18  -0.00254357  3.48341e-18  0.000470327  3.99838e-18   0.00169648  2.12195e-18   0.00135444  3.46138e-19  0.000621532 -2.70499e-19  0.000162054  -2.6589e-19  7.05594e-06 -1.33359e-19 -1.25337e-05 -4.02925e-20 -5.31918e-06 -9.22957e-21 -1.05478e-06 -1.00529e-21 -9.63956e-08 -1.85846e-23
 5.69398e-05  -1.8238e-18  -0.00143313  9.95778e-19   0.00262083  6.86071e-18   0.00209245 -7.49763e-18  -0.00572153 -1.82725e-17  -0.00349058  3.41448e-18   0.00781359  2.65711e-17   0.00658082  3.68278e-18  -0.00735932 -2.93682e-17   -0.0103954 -1.08762e-17   0.00323162  3.11387e-17    0.0121604  2.88314e-17   0.00349688 -9.57693e-18  -0.00909182 -2.34801e-17  -0.00877879 -4.13657e-18   0.00164134   1.2519e-17   0.00808744  9.89478e-18   0.00489921 -3.27061e-18  -0.00175498 -7.91563e-18  -0.00468484 -2.14234e-18  -0.00306821   2.4681e-18 -0.000246855  3.36782e-18   0.00123959   2.1514e-18   0.00124699  7.95245e-19  0.000706167  1.69673e-19   0.00027233 -2.49461e-20  7.37882e-05 -3.30873e-20  1.36766e-05 -1.30315e-20  1.59516e-06 -3.51021e-21  9.60848e-08 -2.95049e-22  1.57057e-09
 4.19532e-19 -0.000377936 -2.43106e-18  -0.00111432  2.54977e-18   0.00310324   6.9923e-18   0.00135362 -9.76735e-18  -0.00598667 -1.99023e-17  -0.00270127  4.07499e-18   0.00803814  2.41147e-17   0.00593966 -2.51733e-18  -0.00760235 -3.19582e-17   -0.0100326  -1.0558e-17   0.00336078  2.88314e-17    0.0120076  2.48107e-17   0.00364205 -8.56751e-18  -0.00881178 -1.91059e-17  -0.00902586 -3.32658e-18  0.000975517  1.04607e-17   0.00785994  8.18825e-18    0.0055052 -3.45942e-18 -0.000890795 -6.75876e-18  -0.00436041 -2.42941e-18  -0.00347661  1.17305e-18 -0.000987206  2.38106e-18  0.000625286  1.76764e-18  0.000925708  8.79612e-19  0.000602006  3.42014e-19  0.000258958  8.43507e-20   7.8887e-05  1.44528e-20  1.68497e-05 -8.44434e-22  2.34462e-06 -8.35775e-22  1.71907e-07 -4.91602e-23
 0.000273047  2.60479e-19 -0.000922064 -2.79615e-18 -0.000643655  4.64008e-18   0.00339949  7.24323e-18  0.000624021 -1.15093e-17  -0.00613121 -1.95124e-17  -0.00193808  5.68524e-18   0.00820826  2.11629e-17   0.00531891 -7.15697e-18  -0.00783787 -3.25509e-17  -0.00969768 -1.02353e-17   0.00349688  2.48107e-17    0.0118915  2.01231e-17   0.00379849  -7.2651e-18  -0.00854126 -1.51864e-17  -0.00928049 -3.07235e-18  0.000276789  8.64279e-18    0.0075613  6.31426e-18    0.0060736 -3.54021e-18  5.57685e-05 -5.93263e-18  -0.00385009 -3.17091e-18  -0.00371527 -3.46238e-19  -0.00168475  1.02201e-18 -8.46227e-05  9.78314e-19  0.000444954  6.04926e-19  0.000357926  2.72039e-19  0.000162091  8.36794e-20  4.86026e-05  1.95732e-20   9.5856e-06  1.19693e-21  1.11048e-06  -1.4796e-22    4.972e-08
 3.12963e-19  0.000361854 -6.60957e-19  -0.00130083 -2.67498e-18 -0.000126114  6.91627e-18   0.00353254  7.33261e-18 -8.24936e-05 -1.19355e-17  -0.00617574 -1.70017e-17  -0.00119687  7.99375e-18    0.0083324  1.88732e-17   0.00471134 -9.22201e-18  -0.00807018 -3.09644e-17  -0.00938565 -9.57693e-18   0.00364205  2.01231e-17    0.0118105  1.56259e-17   0.00396851 -5.75162e-18  -0.00827586 -1.21113e-17   -0.0095431 -2.91182e-18 -0.000462107  7.30659e-18   0.00717771  4.70404e-18   0.00658734 -3.19387e-18   0.00107706 -5.35099e-18  -0.00313321 -4.08236e-18  -0.00372172 -1.94951e-18  -0.00223311 -5.28085e-19 -0.000751601 -6.41027e-21 -5.15923e-05  1.47751e-19  9.08768e-05  9.43768e-20  5.45571e-05  3.84295e-20   1.6581e-05  9.37374e-21  2.90501e-06  4.01695e-22  2.49784e-07 -3.81673e-23
 0.000101174  6.80918e-19  0.000205075 -1.88851e-18  -0.00149981 -1.93621e-18   0.00040146  8.65321e-18   0.00353391  7.13845e-18 -0.000759023 -1.10974e-17  -0.00613428 -1.30597e-17  -0.00047428  1.06237e-17   0.00841578  1.77202e-17   0.00411029 -9.01272e-18  -0.00830276 -2.76859e-17  -0.00909182 -8.56751e-18   0.00379849  1.56259e-17    0.0117637  1.18984e-17   0.00415471 -4.23416e-18  -0.00801096 -9.95405e-18  -0.00981355 -2.35096e-18  -0.00124883   6.6079e-18   0.00669273  3.92143e-18   0.00702258  -2.1881e-18    0.0021536 -4.76802e-18  -0.00219675 -4.81006e-18  -0.00341694 -3.33394e-18  -0.00247831 -1.88248e-18  -0.00118245 -8.39045e-19 -0.000391321  -2.4857e-19 -8.68991e-05 -5.03321e-20 -1.11254e-05  1.63327e-21 -2.94414e-07  1.55905e-21  1.15177e-07 -6.19954e-23  9.61041e-09
  8.3837e-20  0.000304716  8.27877e-19 -7.57909e-05 -2.91038e-18  -0.00156077 -9.05095e-19    0.0009083  9.42665e-18   0.00342541  6.57081e-18  -0.00140026 -9.65678e-18  -0.00601579  -8.8402e-18  0.000233029  1.28914e-17   0.00846135  1.73305e-17   0.00350918 -7.48678e-18  -0.00853827 -2.34801e-17  -0.00881178  -7.2651e-18   0.00396851  1.18984e-17    0.0117507  9.25512e-18   0.00436007 -3.04006e-18  -0.00774152 -8.49798e-18   -0.0100909 -1.20723e-18  -0.00209069  6.55273e-18   0.00608633  4.26045e-18   0.00734363 -5.74086e-19   0.00325061 -3.93856e-18  -0.00103187 -5.00637e-18  -0.00271449 -4.09766e-18  -0.00227442 -2.62381e-18  -0.00123284  -1.2408e-18 -0.000480936 -4.28145e-19 -0.000137563 -1.02197e-19 -2.81329e-05 -1.10214e-20 -3.80106e-06 -7.05469e-22 -2.73877e-07  -6.1865e-23
-5.15304e-05  3.67759e-19   0.00045808  5.14242e-19 -0.000381331  -3.5298e-18  -0.00150558   -6.725e-20   0.00137616  9.21392e-18   0.00322249    5.522e-18  -0.00200303  -8.4252e-18  -0.00582606  -5.5123e-18  0.000928195   1.4165e-17   0.00846992  1.69608e-17   0.00290159 -5.62718e-18  -0.00877879 -1.91059e-17  -0.00854126 -5.75162e-18   0.00415471  9.25512e-18    0.0117721  7.73931e-18   0.00458798 -2.45082e-18  -0.00746194 -7.38944e-18   -0.0103726  2.75984e-19  -0.00299487  6.93003e-18   0.00533139  5.44485e-18   0.00750223  1.27403e-18    0.0043231 -2.77385e-18  0.000350664 -4.47054e-18  -0.00159432 -3.99318e-18  -0.00160863 -2.58368e-18   -0.0009241 -1.17983e-18 -0.000365131 -3.96448e-19 -0.000101835 -8.43805e-20 -1.92603e-05 -8.80571e-21 -2.17839e-06 -4.83292e-22 -9.63664e-08
-1.54328e-19  5.87671e-06  7.54578e-19  0.000506423 -1.38947e-19 -0.000674073 -3.83637e-18  -0.00135415  3.12106e-19   0.00179408   8.2172e-18    0.0029377  3.91993e-18  -0.00256451 -7.97241e-18  -0.00556801 -3.67405e-18   0.00161355  1.42962e-17   0.00844048  1.60577e-17   0.00228115 -4.13657e-18  -0.00902586 -1.51864e-17  -0.00827586 -4.23416e-18   0.00436007  7.73931e-18    0.0118289  7.02251e-18   0.00484242 -2.53734e-18  -0.00716497 -6.32016e-18   -0.0106543  1.63323e-18  -0.00397108  7.34879e-18   0.00439579  6.70358e-18   0.00744698   2.7957e-18    0.0053023 -1.44594e-18   0.00184557  -3.3324e-18 -0.000220923 -3.15988e-18 -0.000688541 -1.97346e-18 -0.000450947 -8.51717e-19 -0.000177302 -2.63982e-19 -4.56761e-05 -4.66399e-20 -7.35101e-06 -3.81761e-21 -6.02862e-07 -9.85614e-23
-5.94063e-05 -1.49065e-19  0.000132837  9.70649e-19  0.000466312 -8.52375e-19 -0.000932019 -3.96266e-18  -0.00112567  2.69227e-19   0.00215369  6.73522e-18    0.0025805  1.83349e-18  -0.00308121  -8.3952e-18  -0.00524245 -3.10782e-18   0.00229058   1.3612e-17   0.00837026  1.45016e-17   0.00164134 -3.32658e-18  -0.00928049 -1.21113e-17  -0.00801096 -3.04006e-18   0.00458798  7.02251e-18     0.011923  6.37324e-18   0.00512885 -3.12738e-18  -0.00684177 -5.13137e-18   -0.0109324  2.50235e-18  -0.00502787  7.35877e-18   0.00325548  7.13956e-18   0.00711426  3.42868e-18   0.00602963 -3.78927e-19   0.00316273 -2.07057e-18   0.00103009 -2.06771e-18  0.000135519 -1.21716e-18 -5.13924e-05 -4.98266e-19 -3.43902e-05 -1.37153e-19 -9.24839e-06 -1.90938e-20  -1.2688e-06 -1.00855e-21 -6.27675e-08
-7.27596e-20 -0.000104886  2.49599e-20  0.000270567  9.71981e-19  0.000358234 -1.39315e-18  -0.00113974 -3.94225e-18 -0.000835943  7.35739e-20   0.00244797  5.13964e-18   0.00215862 -4.49974e-19  -0.00354871 -9.36323e-18  -0.00484853 -3.14321e-18   0.00295966   1.2546e-17   0.00825472   1.2519e-17  0.000975517 -3.07235e-18   -0.0095431 -9.95405e-18  -0.00774152 -2.45082e-18   0.00484242  6.37324e-18    0.0120577  4.94957e-18   0.00545408 -3.87362e-18  -0.00648459 -3.82151e-18      -0.0112  2.74822e-18  -0.00615793  6.51291e-18    0.0018883  6.07008e-18   0.00637218   2.7618e-18   0.00620055 -5.56907e-20   0.00387284 -1.22741e-18   0.00174666 -1.19124e-18  0.000585813 -6.46078e-19  0.000145373 -2.52581e-19  2.58335e-05 -5.92569e-20  3.04538e-06 -6.16227e-21  1.94577e-07 -1.40892e-22
-1.21055e-05 -1.54551e-19 -0.000103592  2.77406e-19  0.000387302  8.86043e-19  0.000199059 -1.65217e-18  -0.00128779 -3.71096e-18 -0.000499317   1.0457e-19   0.00267053  3.85268e-18   0.00167889 -2.50335e-18  -0.00396114 -1.03821e-17  -0.00438409 -3.23197e-18   0.00361974   1.1318e-17   0.00808744  1.04607e-17  0.000276789 -2.91182e-18  -0.00981355 -8.49798e-18  -0.00746194 -2.53734e-18   0.00512885  4.94957e-18    0.0122377  2.38863e-18   0.00582336  -4.3468e-18   -0.0060825 -2.53497e-18   -0.0114317  2.26103e-18  -0.00734393  4.35492e-18  0.000223833  3.19944e-18   0.00499283  7.09911e-19   0.00547305 -6.82887e-19   0.00366203 -1.02043e-18    0.0017536  -7.2054e-19  0.000622395 -3.41318e-19  0.000161851 -1.22385e-19  2.92226e-05 -2.32672e-20  3.21045e-06 -1.68094e-21  1.39896e-07
 1.14452e-20 -5.32775e-05 -1.84202e-19 -5.73592e-05  5.22709e-19  0.000468824  8.25238e-19  5.67476e-06  -1.6583e-18  -0.00136993 -3.18328e-18 -0.000129479  6.56709e-19   0.00281491  3.20554e-18   0.00114792 -3.96464e-18  -0.00431083 -1.10309e-17  -0.00384604 -3.21097e-18   0.00426797  9.89478e-18   0.00785994  8.64279e-18 -0.000462107 -2.35096e-18   -0.0100909 -7.38944e-18  -0.00716497 -3.12738e-18   0.00545408  2.38863e-18    0.0124662 -7.40743e-19   0.00624456  -4.1725e-18  -0.00560666 -1.58963e-18    -0.011591  7.19703e-19  -0.00860725  5.59443e-19  -0.00186627 -1.22342e-18   0.00280271 -2.28836e-18   0.00376637 -1.94893e-18   0.00261218 -1.22053e-18   0.00123289 -5.47726e-19  0.000415426 -2.09633e-19  9.80783e-05 -6.14584e-20  1.49847e-05 -8.94478e-21  1.19262e-06 -3.72597e-22
 1.23985e-05  -3.0044e-20 -9.76715e-05 -1.31454e-19  1.88195e-05  7.32459e-19  0.000506922  8.12795e-19  -0.00020587 -1.52164e-18  -0.00138216 -2.35709e-18  0.000259931  1.74175e-18   0.00287447  3.24674e-18  0.000572978 -4.67155e-18  -0.00458798 -1.10563e-17  -0.00323078 -3.18208e-18   0.00489921  8.18825e-18    0.0075613  7.30659e-18  -0.00124883 -1.20723e-18   -0.0103726 -6.32016e-18  -0.00684177 -3.87362e-18   0.00582336 -7.40743e-19    0.0127485 -3.12264e-18   0.00674259 -3.23199e-18  -0.00501918  -1.4257e-18   -0.0116797 -2.20274e-18   -0.0100083 -4.61323e-18  -0.00439683 -6.21437e-18 -1.22072e-05  -5.2571e-18    0.0014936 -3.13685e-18   0.00121403  -1.4037e-18  0.000571767 -4.66578e-19  0.000178953 -1.40471e-19  3.67508e-05 -3.08385e-20  4.41139e-06 -3.18085e-21  2.03394e-07
 1.73855e-20  6.50582e-06 -8.77616e-20 -0.000126204 -2.26373e-20  0.000110951  9.08407e-19  0.000498056  8.09128e-19 -0.000420259 -1.35686e-18   -0.0013224 -1.37661e-18  0.000654535  3.05637e-18   0.00284237  3.71666e-18  -3.7186e-05 -4.64661e-18  -0.00478034 -1.04043e-17  -0.00253469 -3.27061e-18    0.0055052  6.31426e-18   0.00717771   6.6079e-18  -0.00209069  2.75984e-19   -0.0106543 -5.13137e-18  -0.00648459  -4.3468e-18   0.00624456 -3.12264e-18     0.013107 -3.53259e-18   0.00734952 -1.75449e-18  -0.00432366 -2.25195e-18   -0.0117338 -6.14033e-18   -0.0114678 -9.87512e-18  -0.00698363 -1.01674e-17  -0.00275985 -7.06216e-18 -0.000575144  -3.5793e-18  5.75334e-05 -1.30287e-18  8.93783e-05 -3.56446e-19  3.22901e-05 -8.48611e-20  6.09515e-06 -1.36207e-20  5.44545e-07 -8.31254e-22
 9.85967e-06  1.85618e-20 -1.64593e-05 -1.37058e-19 -0.000131476  9.66137e-20  0.000205902  1.04462e-18  0.000442418  7.56183e-19  -0.00062247    -1.25e-18  -0.00119055  -4.8469e-19   0.00103861  4.17809e-18    0.0027119  4.24261e-18 -0.000671363 -4.05086e-18  -0.00487292 -9.24438e-18  -0.00175498 -3.45942e-18    0.0060736  4.70404e-18   0.00669273  6.55273e-18  -0.00299487  1.63323e-18   -0.0109324 -3.82151e-18   -0.0060825  -4.1725e-18   0.00674259 -3.53259e-18    0.0135705 -1.65153e-18   0.00805315 -1.86535e-20  -0.00355899 -3.44856e-18   -0.0116435 -9.52603e-18   -0.0125109 -1.31507e-17  -0.00879585 -1.15692e-17  -0.00453839 -7.04149e-18  -0.00177735 -3.09667e-18 -0.000529767 -9.42882e-19 -0.000117811 -2.17366e-19 -1.85669e-05 -4.08015e-20 -1.83259e-06 -4.66512e-21 -7.45892e-08
 4.81311e-21  1.92218e-05 -8.06151e-21 -4.80939e-05 -1.85823e-19 -0.000111925  1.83213e-19  0.000291424  1.10882e-18  0.000343298  5.99132e-19 -0.000797688 -1.25602e-18 -0.000988884  1.21273e-19   0.00139455  4.83312e-18   0.00247707  4.55488e-18  -0.00131472  -3.1824e-18  -0.00484793 -7.91563e-18 -0.000890795 -3.54021e-18   0.00658734  3.92143e-18   0.00608633  6.93003e-18  -0.00397108  2.50235e-18      -0.0112 -2.53497e-18  -0.00560666 -3.23199e-18   0.00734952 -1.65153e-18    0.0141226  1.98708e-18   0.00880472  2.29109e-18  -0.00261927 -3.31484e-18   -0.0109261 -1.01007e-17   -0.0123103  -1.2719e-17  -0.00899054 -9.95257e-18  -0.00481729 -5.40994e-18  -0.00195371  -2.0447e-18 -0.000595948 -5.17429e-19 -0.000131593 -9.86961e-20 -1.92551e-05 -1.44805e-20 -1.49564e-06  -1.0638e-21
 1.75301e-06   1.2545e-20  2.10319e-05 -6.02475e-20 -7.94278e-05 -2.45938e-19 -6.95904e-05  2.10475e-19  0.000356644  1.05689e-18  0.000207024   3.0581e-19 -0.000931374 -1.38775e-18 -0.000722739  4.14811e-19   0.00170244  5.01623e-18   0.00213358  4.54224e-18   -0.0019475 -2.43394e-18  -0.00468484 -6.75876e-18  5.57685e-05 -3.19387e-18   0.00702258  4.26045e-18   0.00533139  7.34879e-18  -0.00502787  2.74822e-18   -0.0114317 -1.58963e-18  -0.00501918 -1.75449e-18   0.00805315  1.98708e-18    0.0147099  6.97498e-18    0.0096986  6.43596e-18  -0.00104812  1.87566e-19  -0.00883771 -6.39346e-18   -0.0102202 -8.49717e-18  -0.00735244 -6.25658e-18  -0.00379341 -3.08031e-18  -0.00144592 -9.73901e-19 -0.000401213 -1.95812e-19 -7.66235e-05 -2.94138e-20 -8.81323e-06 -3.50019e-21  -3.9767e-07
  1.4135e-22  8.34304e-06  1.79676e-20  1.27631e-05 -1.22077e-19 -0.000103008 -3.12171e-19 -9.51691e-06  1.78436e-19  0.000392404   8.7236e-19  4.30596e-05  -1.1163e-19  -0.00100962 -1.60242e-18 -0.000401471  5.37471e-19   0.00193998  4.90281e-18   0.00168031  4.18276e-18  -0.00254357 -2.14234e-18  -0.00436041 -5.93263e-18   0.00107706  -2.1881e-18   0.00734363  5.44485e-18   0.00439579  7.35877e-18  -0.00615793  2.26103e-18    -0.011591  -1.4257e-18  -0.00432366 -1.86535e-20   0.00880472  6.97498e-18    0.0154217  1.38875e-17    0.0111657  1.39469e-17   0.00180351  7.88035e-18  -0.00496968  9.56733e-19  -0.00642107 -2.30194e-18  -0.00454331 -2.21257e-18  -0.00220634 -1.04707e-18  -0.00076491 -2.49303e-19 -0.000185285   -2.959e-20 -2.89324e-05 -3.02913e-21 -2.34357e-06 -5.15372e-22
-1.54129e-06  7.21983e-21  1.60289e-05  1.84856e-20 -4.12219e-06   -1.754e-19 -0.000113126 -3.64005e-19  6.08444e-05  1.18261e-19  0.000391806   5.9228e-19  -0.00013583 -6.00808e-19  -0.00101994 -1.81331e-18 -3.96644e-05  6.79952e-19   0.00208266   4.6725e-18   0.00112151  3.48341e-18  -0.00306821 -2.42941e-18  -0.00385009 -5.35099e-18    0.0021536 -5.74086e-19   0.00750223  6.70358e-18   0.00325548  6.51291e-18  -0.00734393  7.19703e-19   -0.0116797 -2.25195e-18  -0.00355899  2.29109e-18    0.0096986  1.38875e-17    0.0166793  2.38415e-17      0.01379  2.50632e-17   0.00614886  1.82158e-17  0.000138555  9.25258e-18  -0.00202153   3.2585e-18  -0.00169706  7.20551e-19 -0.000815833  1.56671e-19 -0.000259442  7.45353e-20 -5.39515e-05  2.13309e-20 -6.53764e-06  1.70333e-21 -3.03416e-07
-1.07984e-21 -3.83814e-07  1.80164e-20  2.08277e-05  1.63314e-20 -2.60412e-05 -2.08117e-19 -0.000106306 -3.73888e-19  0.000132172  8.34268e-20  0.000350989   2.8514e-19  -0.00031352  -1.0973e-18 -0.000952556 -1.92217e-18  0.000341481  9.57903e-19   0.00210483  4.39081e-18  0.000470327   2.4681e-18  -0.00347661 -3.17091e-18  -0.00313321 -4.76802e-18   0.00325061  1.27403e-18   0.00744698  7.13956e-18    0.0018883  4.35492e-18  -0.00860725 -2.20274e-18   -0.0117338 -3.44856e-18  -0.00261927  6.43596e-18    0.0111657  2.38415e-17    0.0190444  3.68373e-17    0.0176658  3.75833e-17    0.0111944  2.77067e-17   0.00504846  1.52734e-17   0.00156513  6.35613e-18  0.000279969  2.02424e-18 -3.52564e-07  5.62777e-19 -1.47713e-05  1.35183e-19 -3.72053e-06  2.00605e-20 -3.65327e-07  7.60244e-22
-1.21389e-06 -1.32954e-21  3.47982e-06  2.97028e-20  2.01984e-05  1.42657e-20 -4.81719e-05 -2.15062e-19 -8.17551e-05 -3.15383e-19  0.000193941  1.18264e-19  0.000270137 -1.27226e-21 -0.000470776 -1.53969e-18 -0.000802466 -1.84692e-18  0.000712802  1.36627e-18   0.00198228  3.99838e-18 -0.000246855  1.17305e-18  -0.00371527 -4.08236e-18  -0.00219675 -3.93856e-18    0.0043231   2.7957e-18   0.00711426  6.07008e-18  0.000223833  5.59443e-19   -0.0100083 -6.14033e-18   -0.0116435 -3.31484e-18  -0.00104812  1.39469e-17      0.01379  3.68373e-17    0.0225727  5.04328e-17    0.0218606  4.74562e-17    0.0153151  3.28311e-17   0.00823134  1.71403e-17   0.00345474  6.73715e-18   0.00112679  2.04234e-18   0.00027802  5.04448e-19  4.88385e-05  9.26525e-20  5.33292e-06  8.67295e-21    2.353e-07
-9.81313e-22 -2.10194e-06  1.55513e-21   8.6227e-06  4.11663e-20  1.33344e-05  1.24568e-20 -6.52786e-05  -1.9384e-19 -4.17328e-05 -1.77084e-19  0.000235407  2.19121e-19  0.000154647 -2.65078e-19 -0.000586196 -1.86007e-18 -0.000572315 -1.53897e-18   0.00103669  1.80485e-18   0.00169648  3.36782e-18 -0.000987206 -3.46238e-19  -0.00372172 -4.81006e-18  -0.00103187 -2.77385e-18    0.0053023  3.42868e-18   0.00637218  3.19944e-18  -0.00186627 -4.61323e-18   -0.0114678 -9.52603e-18   -0.0109261  1.87566e-19   0.00180351  2.50632e-17    0.0176658  5.04328e-17    0.0262887  6.03123e-17    0.0246712  5.09881e-17    0.0169964  3.20233e-17   0.00898149  1.51289e-17    0.0036661  5.35458e-18   0.00113654  1.45768e-18  0.000256115  3.06018e-19  3.82777e-05  4.21008e-20  3.03377e-06  2.01421e-21
-3.32468e-07 -1.66551e-21 -1.69868e-06  8.22308e-21  1.29594e-05  5.17459e-20  1.22378e-06  8.98391e-21 -7.26493e-05 -1.42764e-19  8.25058e-06   2.2095e-20  0.000247078  3.26207e-19   1.6243e-05 -5.22951e-19 -0.000638255 -1.98144e-18 -0.000275813 -1.00307e-18   0.00126778  2.12195e-18   0.00123959  2.38106e-18  -0.00168475 -1.94951e-18  -0.00341694 -5.00637e-18  0.000350664 -1.44594e-18   0.00602963   2.7618e-18   0.00499283 -1.22342e-18  -0.00439683 -9.87512e-18   -0.0125109 -1.01007e-17  -0.00883771  7.88035e-18   0.00614886  3.75833e-17    0.0218606  6.03123e-17    0.0284706  6.26655e-17    0.0246434  4.70144e-17    0.0157813  2.63337e-17   0.00770177  1.10197e-17   0.00285732  3.44647e-18  0.000783763  8.19563e-19  0.000149343  1.40883e-19  1.72403e-05  1.31667e-20  7.84004e-07
  1.4752e-22 -1.05672e-06 -1.40106e-21  2.73108e-07  1.76858e-20  1.45578e-05   5.8925e-20 -1.34873e-05  2.52291e-21 -6.71427e-05 -6.36515e-20  5.96204e-05  2.33043e-19  0.000222757  3.60922e-19 -0.000126392 -7.65293e-19  -0.00060878 -1.84416e-18  5.82725e-05 -3.20522e-19   0.00135444   2.1514e-18  0.000625286  1.02201e-18  -0.00223311 -3.33394e-18  -0.00271449 -4.47054e-18   0.00184557 -3.78927e-19   0.00620055  7.09911e-19   0.00280271 -6.21437e-18  -0.00698363 -1.31507e-17   -0.0123103 -6.39346e-18  -0.00496968  1.82158e-17    0.0111944  4.74562e-17    0.0246712  6.26655e-17    0.0276943  5.65546e-17    0.0215273  3.74122e-17    0.0124549  1.84668e-17    0.0054523  6.76474e-18   0.00178331  1.84747e-18  0.000418119  3.74349e-19  6.42345e-05  4.97813e-20  5.17784e-06  2.49366e-21
 3.75654e-08 -3.24267e-22 -1.61777e-06 -2.48581e-23  3.21541e-06  2.76172e-20  1.22693e-05  5.76464e-20 -2.69614e-05 -5.09182e-21 -4.82892e-05  3.52241e-20  0.000101608  3.96299e-19  0.000162141  2.78278e-19 -0.000248013 -9.40949e-19 -0.000488724 -1.44609e-18  0.000380912  3.46138e-19   0.00124699  1.76764e-18 -8.46227e-05 -5.28085e-19  -0.00247831 -4.09766e-18  -0.00159432  -3.3324e-18   0.00316273 -5.56907e-20   0.00547305 -2.28836e-18 -1.22072e-05 -1.01674e-17  -0.00879585  -1.2719e-17   -0.0102202  9.56733e-19  0.000138555  2.77067e-17    0.0153151  5.09881e-17    0.0246434  5.65546e-17    0.0237891  4.43923e-17     0.016383  2.57642e-17   0.00842686  1.11054e-17    0.0032501  3.53454e-18  0.000917221  8.32654e-19  0.000178323  1.39101e-19  2.08601e-05  1.28723e-20  9.55713e-07
-2.94515e-24 -2.02984e-07 -1.43667e-21 -1.47966e-06  2.15522e-21  5.95454e-06  3.39113e-20  6.22363e-06  4.34385e-20 -3.50461e-05 -7.52226e-21 -1.92289e-05  1.39098e-19  0.000123182  4.66078e-19  7.37894e-05   9.4758e-20 -0.000319688 -9.82252e-19 -0.000288175 -8.68866e-19  0.000621532  7.95245e-19  0.000925708  9.78314e-19 -0.000751601 -1.88248e-18  -0.00227442 -3.99318e-18 -0.000220923 -2.07057e-18   0.00387284 -6.82887e-19   0.00376637  -5.2571e-18  -0.00275985 -1.15692e-17  -0.00899054 -8.49717e-18  -0.00642107  9.25258e-18   0.00504846  3.28311e-17    0.0169964  4.70144e-17    0.0215273  4.43923e-17    0.0179145  3.03339e-17    0.0108505  1.53623e-17   0.00490765  5.74152e-18   0.00164356  1.57735e-18  0.000391909  3.15054e-19  6.09073e-05   4.1082e-20  4.94522e-06  2.08748e-21
 6.70328e-08 -3.35562e-22 -5.90629e-07 -2.85653e-21 -4.94431e-07   4.4304e-21  7.21585e-06  3.17445e-20 -1.96448e-06  1.81561e-20 -3.45934e-05  4.21846e-21  1.29675e-05  2.27091e-19  0.000116547  4.25599e-19 -2.27284e-05 -1.20112e-19 -0.000317563  -8.5138e-19 -4.79247e-05 -2.70499e-19  0.000706167  8.79612e-19  0.000444954 -6.41027e-21  -0.00118245 -2.62381e-18  -0.00160863 -3.15988e-18   0.00103009 -1.22741e-18   0.00366203 -1.94893e-18    0.0014936 -7.06216e-18  -0.00453839 -9.95257e-18  -0.00735244 -2.30194e-18  -0.00202153  1.52734e-17   0.00823134  3.20233e-17    0.0157813  3.74122e-17     0.016383  3.03339e-17    0.0117895  1.80306e-17   0.00624823   7.9216e-18   0.00246157  2.55254e-18  0.000705309  6.00202e-19  0.000138587  9.88051e-20  1.63262e-05  9.06633e-21  7.51085e-07
-1.78841e-23  4.24214e-08 -1.08304e-21 -8.39396e-07 -3.96402e-21  9.83303e-07  5.36791e-21  6.21463e-06  1.91863e-20  -9.4944e-06  -7.4509e-21  -2.5063e-05  3.44693e-20  3.84991e-05  2.74329e-19  8.20688e-05  2.94731e-19 -9.93514e-05 -2.78598e-19 -0.000238501 -5.79447e-19  0.000162054  1.69673e-19  0.000602006  6.04926e-19 -5.15923e-05 -8.39045e-19  -0.00123284 -2.58368e-18 -0.000688541 -2.06771e-18   0.00174666 -1.02043e-18   0.00261218 -3.13685e-18 -0.000575144 -7.04149e-18  -0.00481729 -6.25658e-18  -0.00454331   3.2585e-18   0.00156513  1.71403e-17   0.00898149  2.63337e-17    0.0124549  2.57642e-17    0.0108505  1.80306e-17   0.00676601  9.29789e-18   0.00312231  3.52354e-18   0.00106064  9.73634e-19  0.000255469  1.93242e-19  3.99773e-05  2.49093e-20  3.26012e-06  1.27263e-21
