 9.90917e-20  -1.8676e-33 -4.01029e-18  1.24768e-31  6.24694e-17 -2.40808e-30 -5.77578e-16  2.54467e-29  3.64812e-15 -1.77625e-28 -1.68533e-14  8.93858e-28  5.91261e-14  -3.4005e-27 -1.60787e-13  1.00473e-26  3.41801e-13 -2.34344e-26 -5.66493e-13  4.38484e-26  7.19893e-13 -6.84789e-26 -6.72773e-13  9.98011e-26  4.14956e-13 -1.61937e-25 -1.05014e-13  2.98467e-25  -6.7618e-14 -5.16645e-25  6.61711e-14  7.01663e-25 -4.38491e-15 -6.18371e-25 -1.80691e-14  9.52515e-26  4.50736e-15   7.2925e-25  4.40812e-15 -1.39809e-24 -1.31365e-15  1.48421e-24 -1.12984e-15 -9.82996e-25   2.2014e-16  3.11222e-25  2.84594e-16  9.52678e-26  7.57287e-19 -1.35821e-25 -5.84652e-17  9.74193e-27 -1.40772e-17  6.76626e-26  7.10908e-18  -4.5442e-26  4.53092e-18 -8.78637e-27  2.24519e-19   3.3789e-26 -6.34464e-19  -2.5866e-26 -2.49013e-19  9.81377e-27 -2.46379e-22 -1.24502e-27  3.19397e-20 -3.12121e-28  1.17167e-20 -3.34783e-29   7.7126e-22  8.98584e-29  -9.2317e-22  1.39156e-29 -4.15512e-22 -2.60807e-29 -7.19966e-23  1.88683e-30  7.19009e-24  4.00209e-30  7.85587e-24 -1.08551e-30  2.27619e-24 -1.56271e-31  3.04661e-25  1.08252e-31 -2.24696e-26  -1.5721e-32 -2.20334e-26  -7.1326e-34 -5.82961e-27  4.20603e-34  -8.7867e-28  2.84905e-34  -5.1085e-29 -1.76009e-34  1.21736e-29  3.40769e-35  4.35707e-30 -5.41044e-36  7.60909e-31  1.63311e-36  8.63508e-32  3.68158e-37  5.73156e-33 -1.48582e-37 -3.60658e-35 -4.45131e-38  -6.4737e-35  4.56033e-39 -9.35809e-36  1.27234e-39 -8.22192e-37  1.30922e-40  -4.9483e-38 -1.03431e-41 -1.98232e-39 -3.28077e-42 -4.17304e-41 -7.01387e-44  1.11554e-43  1.97837e-44  3.20479e-44  1.27104e-45  1.24995e-45   1.5241e-47
 -1.8676e-33  5.78528e-18 -7.46716e-32 -1.32881e-16  3.47386e-30  1.57359e-15 -5.37245e-29 -1.20448e-14  4.82302e-28  6.55689e-14 -2.95181e-27 -2.66988e-13  1.32718e-26  8.36475e-13 -4.56026e-26 -2.04578e-12  1.22197e-25  3.91949e-12 -2.57462e-25 -5.83533e-12  4.28187e-25  6.58417e-12 -5.75458e-25 -5.30105e-12  7.06855e-25  2.55107e-12 -1.05851e-24 -9.96346e-14   2.0535e-24 -7.61949e-13 -3.79604e-24  3.71723e-13  5.40261e-24  1.04003e-13 -5.12961e-24 -1.32129e-13  1.83223e-24 -8.90126e-15  3.39339e-24  3.60142e-14 -7.46963e-24  1.90403e-15  7.85343e-24 -8.76148e-15 -4.84447e-24 -1.31464e-15  1.12235e-24  1.77684e-15  8.89936e-25  6.07901e-16 -8.71503e-25 -2.28565e-16  6.16778e-26 -1.74325e-16  4.00498e-25 -6.16114e-18 -3.11412e-25  2.83195e-17  4.42763e-26  9.97714e-18  9.37955e-26 -1.02828e-18 -8.10326e-26 -1.79277e-18  2.73449e-26 -4.98879e-19 -4.96271e-28  4.45348e-20 -1.65656e-27  7.48506e-20  -7.1498e-28  2.29287e-20  6.75882e-28  9.97145e-22 -2.05211e-29  -1.7551e-21 -8.54575e-29 -7.29357e-22  3.48364e-30 -1.27713e-22  1.28769e-29  6.24383e-24 -2.37988e-30  1.03807e-23 -6.79715e-31  3.15291e-24  2.70648e-31   4.9371e-25 -3.43108e-32   9.5767e-27 -1.30244e-33 -1.74691e-26  5.45112e-34 -5.41517e-27  1.24405e-33 -9.36015e-28 -5.86044e-34 -9.40337e-29  7.79744e-35 -7.40303e-31 -1.06301e-35  1.73493e-30  8.07834e-36  3.79407e-31  1.04234e-36  4.91641e-32  -7.3235e-37  4.30719e-33 -1.41828e-37  2.30331e-34  1.84195e-38  1.39848e-36  3.88591e-39 -1.08513e-36  2.69205e-40 -1.19234e-37 -2.63527e-41 -7.31228e-39 -5.91101e-42 -2.83986e-40 -1.57461e-44 -7.00748e-42  3.73932e-44 -9.33018e-44  1.65093e-45  3.63855e-46
-4.01029e-18 -7.46716e-32   1.6612e-16  -1.6979e-30 -2.65168e-15  6.00679e-29   2.5156e-14 -7.70455e-28 -1.63276e-13  5.98544e-27  7.76457e-13 -3.24981e-26 -2.80993e-12  1.31643e-25  7.90271e-12 -4.11212e-25 -1.74329e-11   1.0047e-24  3.01232e-11 -1.92006e-24 -4.01993e-11  2.83757e-24  3.99695e-11 -3.22034e-24 -2.70796e-11  3.11644e-24  8.97941e-12 -4.17035e-24  2.94063e-12  9.12265e-24 -4.41885e-12 -1.86348e-23  8.77481e-13  2.78023e-23  1.05578e-12 -2.75978e-23 -4.68443e-13  1.28422e-23 -2.33722e-13  1.04282e-23  1.36436e-13 -2.78373e-23   6.0965e-14  2.90152e-23 -2.91576e-14 -1.66408e-23  -1.7566e-14  2.43444e-24  3.67925e-15  4.44989e-24  4.43892e-15  -3.7026e-24  2.83208e-16   4.1968e-25 -7.72516e-16  1.36004e-24 -2.70668e-16 -1.13547e-24  4.88713e-17  2.73559e-25  5.92439e-17  1.93292e-25  1.26744e-17 -1.88783e-25 -3.93549e-18  5.31383e-26 -3.08911e-18  8.51919e-27 -6.45922e-19 -5.60706e-27   1.1441e-19 -3.22663e-27   1.1106e-19  2.44192e-27  3.01283e-20 -1.52822e-28  1.15088e-21 -1.91664e-28  -2.0639e-21 -9.11782e-30 -8.30829e-22  2.95415e-29 -1.52438e-22 -2.02023e-30 -1.15122e-24   -1.955e-30  8.10534e-24  4.41691e-31  2.68191e-24 -4.53295e-32  4.75853e-25 -7.40016e-33  3.66881e-26  4.89999e-34 -5.97899e-27  3.65446e-33 -2.71328e-27 -1.43988e-33 -5.33409e-28   1.1368e-34 -6.64676e-29  8.41443e-37 -4.65579e-30  2.50806e-35  9.52637e-32  1.65623e-36  7.79519e-32 -2.22612e-36   1.2141e-32 -3.19318e-37  1.18314e-33  4.60762e-38  7.93806e-35  7.82896e-39  3.46009e-36  3.36812e-40  6.31308e-38 -4.11597e-41  -2.8228e-39 -5.83362e-42 -2.50199e-40  1.94628e-43 -8.49043e-42  4.45909e-44 -1.14718e-43  1.09352e-45
 1.24768e-31 -1.32881e-16  -1.6979e-30  3.12752e-15 -2.68035e-29 -3.79988e-14  7.59726e-28  2.98834e-13 -8.28184e-27 -1.67412e-12  5.64814e-26  7.02862e-12 -2.74679e-25 -2.27577e-11  1.00956e-24  5.76909e-11 -2.88316e-24 -1.15015e-10  6.45465e-24  1.79194e-10 -1.12348e-23 -2.13545e-10  1.47594e-23   1.8495e-10 -1.38027e-23  -1.0125e-10  9.06523e-24  1.50563e-11  -9.7326e-24  2.40657e-11   2.9481e-23 -1.63342e-11  -7.0827e-23 -1.44918e-12  1.11365e-22  5.22088e-12 -1.13694e-22 -4.99274e-13  5.97741e-23  -1.3832e-12  2.38409e-23  1.71247e-13 -8.35761e-23  3.54273e-13  8.63037e-23 -1.12521e-14 -4.60238e-23 -8.31142e-14  3.06486e-24 -1.19352e-14  1.55762e-23  1.48656e-14 -1.18083e-23  5.95826e-15  1.78021e-24 -1.19163e-15  3.42741e-24 -1.40812e-15 -3.02081e-24 -2.40949e-16  8.54989e-25  1.42697e-16  3.51651e-25  8.47295e-17 -3.82578e-25  1.02647e-17  8.43306e-26  -7.2398e-18  3.68919e-26 -3.90483e-18 -1.39509e-26 -6.43591e-19 -9.75888e-27  1.63276e-19  6.26254e-27  1.22048e-19 -3.69677e-28  3.08185e-20 -3.28524e-28  1.48957e-21 -7.22685e-29  -1.7086e-21  5.33452e-29 -6.97524e-22  4.23966e-30 -1.36519e-22 -4.21226e-30  -7.9252e-24  5.32411e-31  3.97877e-24 -2.52424e-32  1.55493e-24 -3.54116e-32  3.07026e-25 -2.36835e-34  3.47322e-26   7.9212e-33  4.45631e-28   -2.914e-33 -7.34977e-28  1.44988e-34 -1.78638e-28  6.40613e-35 -2.53437e-29   5.9384e-35 -2.39097e-30  1.27039e-36 -1.27986e-31 -5.09444e-36  1.99436e-33 -5.98065e-37  1.22467e-33  8.38207e-38  1.40571e-34  1.19089e-38  9.85047e-36  2.51097e-40  4.60981e-37 -4.32021e-41  1.39353e-38 -2.13128e-42  2.32172e-40   4.5034e-43  6.35893e-43  3.63867e-44 -2.04478e-44
 6.24694e-17  3.47386e-30 -2.65168e-15 -2.68035e-29  4.34262e-14 -3.21559e-28 -4.23236e-13  7.55743e-27  2.82643e-12  -7.1308e-26 -1.38541e-11  4.31836e-25  5.17867e-11 -1.89608e-24 -1.50832e-10  6.36121e-24  3.45734e-10 -1.66913e-23 -6.23638e-10  3.43913e-23  8.74838e-10 -5.47413e-23 -9.25501e-10  6.39862e-23  6.85777e-10 -4.76949e-23 -2.79979e-10  1.24242e-23 -3.36675e-11 -1.01705e-24  1.10635e-10  6.91076e-23  -3.7584e-11 -2.21668e-22 -2.15452e-11   3.7055e-22  1.60364e-11 -3.85117e-22  3.75908e-12  2.15241e-22 -4.63771e-12  4.05851e-23   -9.503e-13 -2.14069e-22  1.11128e-12  2.18309e-22  3.40697e-13 -1.08162e-22 -2.03342e-13 -6.09157e-25 -1.12041e-13  4.26093e-23  1.71485e-14 -3.02168e-23   2.6277e-14  5.37057e-24  4.13743e-15   7.0786e-24 -3.35727e-15 -6.59006e-24 -1.75757e-15   2.0291e-24 -6.96985e-17  5.98384e-25  2.31241e-16 -7.14613e-25  9.24296e-17  1.17433e-25  4.54356e-18  9.93387e-26  -9.1942e-18 -2.71925e-26 -3.92905e-18  -2.3832e-26 -5.43633e-19  1.28635e-26  1.61274e-19 -4.85508e-28  1.05527e-19 -4.17138e-28  2.58557e-20 -2.46923e-28    1.796e-21  7.45618e-29 -1.01826e-21  2.20749e-29  -4.4678e-22 -7.13538e-30 -9.39193e-23  5.29995e-31 -9.20623e-24   8.4827e-32  1.00597e-24 -1.09368e-31  6.14084e-25 -6.53175e-33  1.36126e-25  1.24405e-32  1.85754e-26 -5.02337e-33  1.36396e-27  2.72717e-34 -5.27985e-29  2.24893e-34 -3.27718e-29  1.16508e-34 -5.47008e-30 -1.07221e-36 -5.81374e-31  -9.5352e-36   -4.223e-32 -1.00234e-36 -1.86933e-33  1.16419e-37 -1.12318e-35  1.42195e-38  5.33822e-36  9.83179e-42  4.40292e-37  -2.7299e-41  1.88731e-38  3.22857e-42  4.63811e-40  5.62119e-43  5.00612e-42  1.85316e-44
-2.40808e-30  1.57359e-15  6.00679e-29 -3.79988e-14 -3.21559e-28  4.74283e-13 -3.08913e-27 -3.83727e-12   6.1682e-26  2.21526e-11 -5.10935e-25 -9.60281e-11  2.77334e-24  3.21786e-10 -1.10678e-23 -8.46712e-10  3.40685e-23  1.75897e-09 -8.24849e-23 -2.87143e-09  1.57034e-22  3.61682e-09 -2.29461e-22 -3.36638e-09  2.38971e-22   2.0719e-09  -1.3524e-22 -5.12638e-10 -3.98233e-23 -3.64025e-10  1.15877e-22  3.54636e-10  9.69652e-23 -2.54777e-11 -5.91438e-22 -1.00402e-10  1.06283e-21  2.75271e-11 -1.11613e-21  2.49828e-11  6.41602e-22 -8.65496e-12  4.39095e-23 -6.59653e-12 -4.81824e-22  1.68703e-12  4.82269e-22  1.76269e-12 -2.21014e-22 -9.56074e-14 -1.60983e-23 -3.97978e-13  9.64745e-23 -7.33602e-14 -6.47241e-23  5.77379e-14  1.28373e-23  3.00192e-14  1.25428e-23 -6.90994e-16 -1.25217e-23 -5.10112e-15  4.14609e-24 -1.63774e-15  9.54263e-25  1.48906e-16 -1.25683e-24  2.72126e-16   1.4791e-25  8.19638e-17  2.12873e-25  -7.1542e-19 -4.23804e-26 -8.98082e-18 -5.03856e-26 -3.29092e-18  2.22563e-26 -4.16289e-19 -6.96656e-29  1.17436e-19   -2.665e-28  7.35761e-20 -6.04235e-28  1.80653e-20  6.77752e-29  1.72735e-21  5.56914e-29 -4.13679e-22 -9.75177e-30 -2.17895e-22  6.43352e-31 -4.95108e-23  4.46317e-31 -6.31744e-24 -2.38773e-31 -1.21357e-25 -3.33611e-32  1.50873e-25  1.14387e-32  4.06768e-26 -7.52341e-33  6.27639e-27  7.28154e-34  6.29546e-28  5.19304e-34  3.20922e-29  1.98101e-34 -1.79271e-30 -5.47241e-36 -5.99062e-31 -1.52695e-35 -7.25568e-32 -1.55536e-36 -5.66657e-33  1.21941e-37 -3.02511e-34  1.31779e-38 -1.03447e-35 -2.99248e-40 -1.63251e-37 -6.97719e-43  2.58323e-39  6.92564e-42  1.65858e-40  4.49286e-43  1.65405e-42
-5.77578e-16 -5.37245e-29   2.5156e-14  7.59726e-28 -4.23236e-13 -3.08913e-27  4.24348e-12 -2.45919e-26 -2.91989e-11  4.24821e-25  1.47733e-10 -3.12439e-24 -5.71244e-10  1.53186e-23   1.7256e-09 -5.58796e-23 -4.11611e-09  1.58511e-22  7.76152e-09 -3.55427e-22 -1.14583e-08  6.27386e-22  1.29015e-08 -8.44586e-22 -1.04213e-08  7.84985e-22  5.04993e-09 -3.11517e-22 -1.79311e-10 -3.71816e-22 -1.58929e-09  6.79465e-22  8.06229e-10 -5.90771e-23  2.10601e-10 -1.37685e-21 -2.98241e-10  2.69267e-21 -1.03307e-11  -2.8387e-21  8.44235e-11  1.64336e-21  5.70337e-13  -6.4644e-24 -2.16912e-11 -9.69449e-22 -2.03432e-12  9.43165e-22  4.81774e-12 -3.95444e-22   1.3027e-12 -5.59047e-23 -7.47416e-13  1.86797e-22 -4.45519e-13 -1.19306e-22  2.14469e-14  2.60804e-23  8.67202e-14  1.94004e-23  2.37951e-14 -2.15007e-23 -5.92254e-15  7.74986e-24 -5.61973e-15  1.40633e-24 -1.18299e-15 -2.09747e-24  3.00032e-16  1.64117e-25  2.54916e-16  3.96407e-25  6.18693e-17 -5.09536e-26 -3.16283e-18 -9.52101e-26 -7.07653e-18  3.30009e-26 -2.35058e-18   1.5086e-27 -2.97445e-19  4.80183e-28  6.29708e-20 -1.19067e-27   4.1524e-20 -1.05544e-29  1.04665e-20  1.03266e-28  1.27248e-21 -1.11498e-29 -8.47452e-23   1.3672e-30 -7.83383e-23  1.41964e-30 -1.96551e-23 -3.77929e-31 -2.93288e-24 -1.07803e-31 -2.24601e-25 -5.92905e-33  1.37921e-26 -9.96954e-33  7.53039e-27  1.79597e-33  1.33995e-27  9.44793e-34  1.53098e-28  2.99363e-34  1.17159e-29 -1.07727e-35  4.79768e-31 -2.15331e-35 -1.29199e-32 -2.25397e-36   -3.868e-33  8.44442e-38 -3.31902e-34  8.58874e-39 -1.71305e-35 -5.53288e-40 -5.59965e-37  2.18903e-41 -1.04809e-38  7.11974e-42 -8.07978e-41  2.15177e-43
 2.54467e-29 -1.20448e-14 -7.70455e-28  2.98834e-13  7.55743e-27 -3.83727e-12 -2.45919e-26  3.19872e-11 -1.66211e-25 -1.90582e-10  2.51931e-24  8.54315e-10 -1.66034e-23 -2.96743e-09  7.40089e-23  8.11747e-09 -2.47959e-22  -1.7599e-08   6.5062e-22  3.01442e-08 -1.35537e-21 -4.01709e-08  2.22486e-21  4.01575e-08 -2.76825e-21 -2.75499e-08  2.30011e-21  9.36308e-09 -5.46912e-22  3.02681e-09 -1.68583e-21 -4.80994e-09  2.63883e-21  1.08552e-09 -9.33303e-22  1.15356e-09 -2.84746e-21 -5.88641e-10  6.13272e-21 -2.49451e-10 -6.44801e-21  1.81149e-10  3.70165e-21  6.56548e-11 -1.76998e-22 -4.27501e-11 -1.76193e-21  -2.0468e-11  1.64262e-21  6.88203e-12 -6.16166e-22  5.83524e-12 -1.37277e-22 -1.36915e-13  3.14848e-22  -1.1981e-12 -1.92641e-22  -3.1171e-13  4.73802e-23    1.182e-13   2.6053e-23  9.04332e-14 -3.42156e-23  1.21336e-14   1.3653e-23 -9.02578e-15  1.91205e-24 -4.93548e-15 -3.33749e-24  -6.7058e-16   1.3479e-25  3.33862e-16  6.71026e-25  1.99092e-16  -3.7247e-26   4.1259e-17 -1.63373e-25 -2.98289e-18  4.14782e-26 -4.59412e-18  4.85066e-27 -1.44463e-18   2.3762e-27   -1.953e-19 -1.97764e-27    2.286e-20 -2.14625e-28  1.87219e-20  1.52417e-28  4.94881e-21 -1.21778e-29  7.14131e-22  3.32008e-30  1.93843e-23   3.6194e-30 -1.89715e-23 -3.85645e-31 -5.67094e-24 -2.61113e-31 -9.46409e-25 -5.30237e-32 -9.97455e-26 -1.18679e-32 -4.49948e-27  3.63606e-33  6.04764e-28  1.43802e-33  1.65434e-28  4.06877e-34  2.11264e-29 -1.52812e-35  1.79547e-30 -2.73048e-35  1.04125e-31 -3.03385e-36  3.60615e-33  6.38386e-39   1.6314e-35  1.94474e-39 -5.58123e-36 -6.65886e-40 -3.01432e-37  2.99113e-41 -6.94568e-39  4.68104e-42 -5.12236e-41
 3.64812e-15  4.82302e-28 -1.63276e-13 -8.28184e-27  2.82643e-12   6.1682e-26 -2.91989e-11 -1.66211e-25  2.07344e-10 -9.71183e-25 -1.08463e-09  1.30623e-23   4.3456e-09 -7.77354e-23 -1.36375e-08  3.16755e-22  3.39078e-08 -9.78716e-22 -6.69447e-08    2.383e-21  1.04147e-07 -4.62433e-21  -1.2488e-07  7.07721e-21  1.09705e-07 -8.16191e-21 -6.16329e-08  6.07227e-21  1.01125e-08 -5.33422e-22  1.47801e-08 -5.77521e-21 -1.08882e-08  8.19403e-21 -5.12242e-10 -3.77505e-21  3.53519e-09 -5.31808e-21 -5.45412e-10  1.27275e-20 -9.53868e-10 -1.32508e-20  1.95667e-10  7.44751e-21  2.55689e-10 -5.43625e-22 -3.13567e-11 -2.91056e-21 -6.56197e-11  2.54641e-21 -3.53888e-12  -8.1668e-22  1.36661e-11 -2.79149e-22  3.96333e-12  4.64725e-22 -1.63938e-12 -2.75204e-22 -1.21419e-12  8.00699e-23 -9.19128e-14  2.92623e-23  1.69721e-13 -5.14266e-23  7.28285e-14  2.29273e-23  1.51298e-15   2.4624e-24 -9.24582e-15 -5.08756e-24  -3.6334e-15 -6.69045e-27 -2.97122e-16  1.05864e-24  2.75745e-16  2.19475e-26   1.3307e-16 -2.56673e-25  2.49802e-17  4.15013e-26 -1.68266e-18  1.01157e-26   -2.468e-18  6.13866e-27 -7.61298e-19 -2.81026e-27 -1.13209e-19 -5.89431e-28  3.37118e-21  1.78272e-28    6.518e-21 -1.75004e-29   1.8626e-21  6.78832e-30  3.03858e-22   7.8274e-30  2.41898e-23 -1.85188e-32 -2.14733e-24 -5.09869e-31 -1.10361e-24 -1.39002e-31 -2.08339e-25 -1.26681e-32 -2.52573e-26  6.12646e-33 -1.97635e-27  1.87693e-33 -6.18862e-29  4.98245e-34  7.80024e-30 -1.82601e-35   1.4828e-30 -3.16447e-35  1.34933e-31 -3.75585e-36  7.99729e-33 -8.90934e-38  3.15256e-34 -4.31843e-39  7.55819e-36 -6.24038e-40  7.91377e-38  2.40152e-41  -2.1323e-40  1.86174e-42
-1.77625e-28  6.55689e-14  5.98544e-27 -1.67412e-12  -7.1308e-26  2.21526e-11  4.24821e-25 -1.90582e-10 -9.71183e-25  1.17393e-09 -4.97544e-24 -5.45133e-09  5.99312e-23   1.9662e-08  -3.2414e-22  -5.6016e-08  1.21307e-21  1.26963e-07 -3.46866e-21  -2.2854e-07  7.85798e-21  3.22598e-07 -1.42362e-20 -3.46316e-07  2.03564e-20  2.63191e-07 -2.18134e-20 -1.12961e-07  1.45496e-20 -9.90499e-09  7.90213e-22  4.48043e-08 -1.65152e-20 -1.76003e-08  2.16742e-20  -8.1625e-09 -1.09505e-20  7.54865e-09 -9.12794e-21  1.15131e-09  2.43314e-20 -2.27008e-09 -2.48829e-20 -2.59003e-10  1.35318e-20  5.88195e-10 -1.14675e-21  1.17263e-10 -4.38323e-21 -1.25145e-10  3.48306e-21 -4.90643e-11 -8.58364e-22  1.66081e-11 -4.95174e-22  1.42015e-11  5.95955e-22  6.80043e-13 -3.48666e-22 -2.40374e-12  1.29623e-22 -8.87025e-13  2.40731e-23  9.07943e-14 -7.40881e-23  1.66557e-13    3.675e-23  4.74182e-14  3.19724e-24 -4.41517e-15 -7.45914e-24 -7.45422e-15 -3.74165e-25 -2.32019e-15  1.57613e-24 -1.03163e-16  1.56481e-25  1.82507e-16 -3.70735e-25  7.71229e-17  2.46466e-26  1.38854e-17  1.65307e-26 -5.33989e-19  1.25202e-26 -1.08598e-18 -3.37706e-27 -3.39321e-19 -1.14263e-27 -5.55838e-20  1.46519e-28 -2.04475e-21 -3.67302e-29  1.62123e-21  1.10768e-29  5.37823e-22  1.47049e-29  9.66444e-23  1.01372e-30  1.05813e-23 -8.34637e-31  3.70179e-25 -2.60313e-31 -1.15854e-25 -1.14269e-32 -2.91656e-26  8.87638e-33 -3.90923e-27  2.11812e-33  -3.5344e-28  5.46094e-34 -2.11699e-29 -2.08503e-35 -6.06386e-31 -3.39434e-35  2.54076e-32 -4.23795e-36  4.07379e-33 -1.68973e-37   2.3863e-34 -8.13014e-39  7.86803e-36 -4.76637e-40  1.38023e-37  1.27635e-41  8.71566e-40
-1.68533e-14 -2.95181e-27  7.76457e-13  5.64814e-26 -1.38541e-11 -5.10935e-25  1.47733e-10  2.51931e-24 -1.08463e-09 -4.97544e-24  5.87715e-09 -2.26025e-23 -2.44443e-08  2.45709e-22  7.98469e-08  -1.2144e-21 -2.07328e-07  4.19075e-21  4.29351e-07  -1.1122e-20 -7.04983e-07  2.34949e-20  9.01014e-07 -3.98108e-20  -8.5949e-07  5.32806e-20  5.51063e-07 -5.31606e-20 -1.53024e-07  3.18166e-20 -9.04569e-08  6.06065e-21  1.02286e-07 -4.11109e-20 -1.36689e-08  5.03865e-20  -2.8402e-08 -2.61682e-20  1.06617e-08 -1.46942e-20  6.90156e-09  4.32316e-20 -3.52189e-09  -4.3042e-20 -1.87005e-09   2.2383e-20  8.20236e-10 -1.92258e-21   5.5328e-10 -6.01822e-21  -1.1157e-10  4.10164e-21 -1.46603e-10 -5.28465e-22 -9.32364e-12 -7.83744e-22  2.74203e-11  6.41706e-22  9.60896e-12  -3.8864e-22 -2.00666e-12  2.04565e-22 -2.29345e-12  4.35749e-24 -4.67745e-13 -1.03442e-22  1.75388e-13  5.61071e-23   1.2927e-13  4.52008e-24  2.56306e-14 -1.05403e-23 -5.76274e-15  -1.1278e-24 -5.01382e-15  2.22415e-24 -1.31888e-15  4.00262e-25 -3.23559e-17 -4.92881e-25  9.93793e-17 -1.84696e-26  3.88531e-17  2.20244e-26  7.02498e-18  2.20903e-26  2.93509e-20 -3.22284e-27 -3.80606e-19 -1.81874e-27 -1.25046e-19  2.23855e-29 -2.23247e-20 -8.33802e-29 -1.84531e-21  1.39457e-29  2.22873e-22  2.43599e-29  1.11917e-22   2.9306e-30   2.2311e-23 -1.17085e-30  2.83337e-24 -3.95411e-31  2.18407e-25 -6.35898e-33  2.38539e-27  1.14398e-32 -2.07151e-27  2.05981e-33 -3.46344e-28  5.27638e-34 -3.33998e-29  -2.5323e-35 -2.18511e-30  -3.3974e-35 -9.57474e-32 -4.32682e-36 -2.38938e-33 -2.07494e-37 -5.50764e-36 -8.78131e-39   1.5716e-36 -2.96382e-40  3.72407e-38  4.09074e-42
 8.93858e-28 -2.66988e-13 -3.24981e-26  7.02862e-12  4.31836e-25 -9.60281e-11 -3.12439e-24  8.54315e-10  1.30623e-23 -5.45133e-09 -2.26025e-23  2.62765e-08 -9.18991e-23 -9.86149e-08  9.07509e-22  2.93195e-07 -4.11809e-21  -6.9612e-07  1.31485e-20   1.3193e-06 -3.24669e-20 -1.97548e-06  6.40678e-20  2.27806e-06 -1.01679e-19 -1.90934e-06  1.27549e-19  9.88777e-07 -1.18707e-19 -8.33066e-08  6.37733e-20 -2.97705e-07  2.05843e-20  1.79509e-07 -9.11419e-20  2.85238e-08  1.04898e-19 -6.56148e-08 -5.42046e-20  4.25546e-09  -2.2705e-20  1.88974e-08  7.19237e-20 -2.10766e-09  -6.9047e-20 -5.16754e-09  3.39084e-20  1.77425e-10 -2.63471e-21  1.30247e-09 -7.50857e-21  1.73841e-10  3.88411e-21 -2.56597e-10  4.31384e-22 -9.82564e-11   -1.119e-21  2.52305e-11  5.15893e-22   2.6083e-11 -3.70321e-22  3.74229e-12  3.16446e-22 -3.12251e-12 -3.60611e-23 -1.67957e-12 -1.40953e-22 -1.49886e-13  8.14296e-23  1.73355e-13  7.13742e-24  8.42308e-14 -1.43553e-23  1.17844e-14 -2.45362e-24 -4.55836e-15  2.97384e-24 -2.89303e-15  7.86717e-25 -6.79336e-16 -6.02009e-25 -1.55272e-17 -9.61183e-26  4.46405e-17  2.32154e-26  1.68897e-17  3.49828e-26  3.15671e-18 -1.81769e-27  1.52546e-19 -2.48834e-27 -9.98773e-20 -2.15951e-28 -3.68661e-20 -1.71278e-28 -7.10781e-21  1.14886e-29 -7.99256e-22  3.59524e-29 -1.54415e-23  5.74023e-30  1.45015e-23 -1.42314e-30  3.52862e-24   -5.075e-31  4.92863e-25  5.13618e-33   4.6274e-26  1.35825e-32   2.6717e-27  1.69773e-33  2.51975e-29  4.36548e-34 -1.29256e-29 -3.30088e-35  -1.5284e-30 -3.18119e-35 -9.89457e-32 -3.97117e-36 -4.07654e-33 -1.98305e-37 -1.03172e-34 -7.01871e-39 -1.35042e-36 -1.43655e-40 -5.14291e-39
 5.91261e-14  1.32718e-26 -2.80993e-12 -2.74679e-25  5.17867e-11  2.77334e-24 -5.71244e-10 -1.66034e-23   4.3456e-09  5.99312e-23 -2.44443e-08 -9.18991e-23  1.05777e-07 -3.37047e-22 -3.60435e-07  3.04047e-21  9.79513e-07 -1.27188e-20 -2.13213e-06   3.7681e-20  3.70193e-06 -8.67389e-20 -5.04921e-06  1.60108e-19  5.22583e-06 -2.38247e-19 -3.78253e-06  2.80441e-19  1.45031e-06 -2.43839e-19   3.1476e-07   1.1759e-19 -7.01329e-07  5.33101e-20  2.19946e-07 -1.82591e-19  1.53636e-07  1.98095e-19 -1.09853e-07 -9.98887e-20 -2.82406e-08  -3.4434e-20  3.50366e-08  1.12729e-19  7.05269e-09 -1.03328e-19 -9.22544e-09  4.72592e-20  -2.6407e-09 -2.84371e-21  1.90893e-09 -8.44627e-21  9.61377e-10  2.23739e-21 -2.15497e-10  2.26654e-21 -2.56347e-10 -1.44906e-21 -2.86072e-11  1.29368e-22  3.93844e-11 -2.74974e-22  1.78141e-11  4.78316e-22 -4.20137e-13  -1.0205e-22 -2.89942e-12 -1.88002e-22 -1.00222e-12  1.12297e-22  1.19327e-14  1.19651e-23  1.28386e-13 -1.88215e-23  4.77066e-14 -4.52305e-24   4.8011e-15  3.75815e-24 -2.74299e-15  1.34256e-24 -1.45004e-15 -6.71332e-25  -3.1914e-16 -2.13159e-25 -1.19086e-17  1.58967e-26  1.62712e-17   5.0705e-26  6.23104e-18  1.32353e-27  1.22015e-18 -2.95989e-27  1.04818e-19 -5.63428e-28 -1.64627e-20 -3.09396e-28 -8.26419e-21 -1.28263e-30 -1.73189e-21  4.75687e-29 -2.27339e-22  9.14257e-30 -1.63649e-23 -1.50146e-30  4.90245e-25 -5.56301e-31  3.33307e-25  2.54853e-32  5.35023e-26  1.53814e-32  5.41556e-27  1.13759e-33  3.76171e-28  2.89906e-34    1.671e-29  -4.2621e-35  2.80758e-31 -2.77675e-35  -1.8582e-32 -3.25308e-36 -1.56755e-33 -1.54629e-37 -5.21608e-35 -4.32707e-39 -7.63491e-37 -4.73025e-41
 -3.4005e-27  8.36475e-13  1.31643e-25 -2.27577e-11 -1.89608e-24  3.21786e-10  1.53186e-23 -2.96743e-09 -7.77354e-23   1.9662e-08  2.45709e-22 -9.86149e-08 -3.37047e-22  3.86024e-07 -1.12254e-21 -1.20059e-06  9.29564e-21  2.99297e-06 -3.59719e-20 -5.98532e-06  9.91224e-20  9.52436e-06 -2.13035e-19 -1.18073e-05  3.68176e-19  1.08819e-05  -5.1404e-19 -6.61483e-06  5.68282e-19  1.48994e-06 -4.62317e-19  1.39738e-06  2.00123e-19 -1.29859e-06  1.16905e-19  8.04461e-08 -3.33947e-19  4.02906e-07  3.42631e-19  -1.1825e-07 -1.66422e-19   -1.059e-07  -5.2006e-20   4.2341e-08  1.67273e-19  2.95283e-08 -1.45021e-19 -9.81836e-09  6.08089e-20 -8.61422e-09  -1.9474e-21  1.08982e-09 -8.44107e-21  2.21204e-09  -1.3396e-21  2.67737e-10  5.13741e-21 -3.91113e-10 -1.70654e-21   -1.656e-10  -5.8876e-22     2.07e-11 -9.45175e-23   3.5649e-11  7.01785e-22  9.05032e-12 -1.96034e-22 -2.13932e-12 -2.45336e-22 -2.07113e-12  1.47341e-22 -5.03316e-13   1.9896e-23  5.77616e-14 -2.37263e-23  7.81215e-14 -7.44109e-24  2.40486e-14  4.47564e-24  1.87756e-15  2.08109e-24 -1.32795e-15 -6.73889e-25 -6.32189e-16  -3.6931e-25  -1.3574e-16  -4.0275e-27 -8.41531e-18  6.80926e-26  4.60612e-18  6.50001e-27  1.90013e-18 -3.01294e-27  3.92013e-19 -9.78917e-28  4.47427e-20 -4.97012e-28 -1.62731e-22 -2.91293e-29 -1.27635e-21  5.65243e-29 -3.07294e-22  1.25387e-29 -4.43107e-23  -1.3627e-30 -4.19544e-24 -5.14505e-31 -2.05432e-25   5.5178e-32  9.38974e-27  1.70589e-32  3.08938e-27   5.5022e-34  3.44622e-28  1.24096e-34  2.43143e-29 -5.05394e-35  1.15372e-30 -2.23922e-35  3.48663e-32 -2.35653e-36  5.40213e-34 -9.91317e-38  2.23214e-37 -2.00133e-39 -6.69748e-38
-1.60787e-13 -4.56026e-26  7.90271e-12  1.00956e-24 -1.50832e-10 -1.10678e-23   1.7256e-09  7.40089e-23 -1.36375e-08  -3.2414e-22  7.98469e-08  9.07509e-22 -3.60435e-07 -1.12254e-21  1.28457e-06 -3.41496e-21 -3.66315e-06  2.60703e-20  8.40218e-06 -9.36082e-20  -1.5461e-05  2.40377e-19  2.25426e-05 -4.82867e-19 -2.53121e-05  7.81728e-19   2.0531e-05  -1.0244e-18  -9.9765e-06  1.06437e-18  1.44226e-07 -8.11496e-19  3.56538e-06  3.15473e-19 -1.87467e-06  2.25971e-19 -4.78526e-07 -5.61942e-19  7.58951e-07  5.47038e-19 -1.97732e-09 -2.53576e-19 -2.31256e-07 -7.83091e-20  1.22058e-08  2.35862e-19  6.49286e-08 -1.91857e-19  1.33547e-09  7.24446e-20 -1.64037e-08  7.01479e-22 -3.05951e-09 -7.29992e-21  3.14921e-09 -7.05774e-21  1.42886e-09  9.06203e-21 -2.60953e-10  -1.8311e-21 -3.55714e-10 -1.67162e-21  -6.6428e-11  1.67761e-22   3.8374e-11  9.93243e-22  2.42448e-11  -3.1742e-22  3.17057e-12 -3.12428e-22 -2.16429e-12  1.84422e-22 -1.23165e-12  3.14814e-23  -2.1853e-13 -2.87474e-23   4.9203e-14 -1.11989e-23  4.05293e-14   5.0107e-24  1.09545e-14  2.99693e-24   7.8128e-16 -5.89663e-25 -5.21979e-16  -5.5865e-25 -2.37726e-16 -3.94075e-26 -5.12396e-17  8.54469e-26 -4.58976e-18  1.37065e-26  9.03172e-19 -2.44213e-27    4.602e-19 -1.38541e-27  1.00925e-19 -7.21135e-28  1.34934e-20 -7.48382e-29  8.28182e-22  6.00746e-29 -9.76561e-23  1.51694e-29 -3.62518e-23 -1.03557e-30 -5.76247e-24 -3.80984e-31 -6.02669e-25  9.12276e-32 -4.23764e-26  1.86764e-32 -1.61218e-27  9.33791e-35  3.17254e-29 -1.97152e-35  9.35102e-30  -5.2984e-35  6.86572e-31 -1.64684e-35  2.85621e-32 -1.48993e-36  6.84333e-34 -5.13744e-38  7.69553e-36 -6.11093e-40
 1.00473e-26 -2.04578e-12 -4.11212e-25  5.76909e-11  6.36121e-24 -8.46712e-10 -5.58796e-23  8.11747e-09  3.16755e-22  -5.6016e-08  -1.2144e-21  2.93195e-07  3.04047e-21 -1.20059e-06 -3.41496e-21  3.91746e-06 -9.53862e-21 -1.02828e-05  6.73869e-20  2.17559e-05 -2.25084e-19 -3.68759e-05  5.39441e-19  4.92121e-05 -1.01343e-18 -4.97889e-05  1.53696e-18  3.49089e-05 -1.89032e-18 -1.22429e-05  1.84699e-18 -4.13229e-06 -1.32237e-18  6.97383e-06  4.62714e-19 -1.84071e-06  3.92784e-19 -1.71852e-06 -8.75516e-19  1.06123e-06   8.1166e-19  3.57072e-07 -3.56613e-19 -3.58276e-07 -1.16262e-19 -9.36391e-08  3.16847e-19  9.68752e-08  -2.4044e-19  3.34731e-08  8.01568e-20  -1.9979e-08   5.6304e-21 -1.16889e-08 -5.21605e-21  2.00322e-09 -1.46814e-20   3.0368e-09  1.38988e-20  4.49329e-10  -1.7964e-21 -4.45313e-10 -3.10345e-21 -2.27631e-10  5.00367e-22 -3.78525e-12   1.3502e-21  3.44716e-11 -4.62639e-22  1.33746e-11 -3.86899e-22  4.03737e-13   2.2106e-22 -1.51943e-12  4.66205e-23  -6.3445e-13 -3.35241e-23 -8.50126e-14 -1.56481e-23  2.84173e-14  5.26754e-24  1.82055e-14  4.06426e-24  4.53243e-15 -4.12279e-25  3.54085e-16 -7.70557e-25 -1.63126e-16 -9.09005e-26 -7.57087e-17  1.00816e-25 -1.66832e-17  2.25817e-26 -1.90872e-18 -1.09851e-27  6.93453e-20  -1.6815e-27  8.26991e-20 -9.57247e-28  1.99221e-20  -1.3756e-28  2.93074e-21  5.63194e-29  2.68672e-22  1.63465e-29  7.60462e-24 -6.13412e-31 -2.18223e-24 -1.83659e-31 -4.55377e-25   1.2708e-31 -5.07173e-26  1.99437e-32 -3.80455e-27 -1.53686e-34 -1.93404e-28 -1.12529e-34 -5.82442e-30 -4.84019e-35 -3.30626e-32  -1.0873e-35  4.88262e-33 -8.06245e-37  1.79921e-34 -2.04795e-38  1.80751e-36
 3.41801e-13  1.22197e-25 -1.74329e-11 -2.88316e-24  3.45734e-10  3.40685e-23 -4.11611e-09 -2.47959e-22  3.39078e-08  1.21307e-21 -2.07328e-07 -4.11809e-21  9.79513e-07  9.29564e-21 -3.66315e-06 -9.53862e-21  1.09963e-05  -2.4577e-20 -2.66591e-05  1.61219e-19  5.21369e-05  -5.0203e-19 -8.14438e-05   1.1241e-18  9.92877e-05 -1.97522e-18 -8.98155e-05  2.80483e-18  5.28733e-05 -3.23628e-18 -9.95531e-06  2.97536e-18 -1.31505e-05 -2.00608e-18  1.10245e-05   6.3547e-19 -1.71106e-07   6.2106e-19 -3.71687e-06 -1.26988e-18  9.36584e-07  1.12601e-18  1.03444e-06 -4.66653e-19 -3.63668e-07  -1.6738e-19 -2.97569e-07  4.06074e-19  8.58531e-08 -2.86895e-19  8.78897e-08  8.27684e-20 -8.24256e-09  1.30927e-20  -2.2662e-08 -2.88934e-21 -3.39239e-09 -2.34874e-20  3.96113e-09  1.93771e-20  1.84622e-09 -1.62916e-21 -1.66863e-10 -4.81945e-21  -3.8485e-10  8.88697e-22 -1.08453e-10   1.7585e-21  1.97739e-11  -6.2571e-22  2.30334e-11 -4.64138e-22  6.21097e-12  2.55008e-22 -4.11529e-13  6.43617e-23 -8.57636e-13 -3.77659e-23 -2.90171e-13 -2.05088e-23 -3.13103e-14  5.20826e-24  1.27093e-14  5.23927e-24   7.0964e-15  -1.5308e-25  1.69201e-15 -9.91746e-25  1.58928e-16 -1.56558e-25 -3.79173e-17  1.12338e-25 -1.98246e-17   3.2449e-26 -4.52913e-18  1.08213e-27 -6.06176e-19 -1.76231e-27 -2.59386e-20 -1.17313e-27  9.38134e-21  -2.1184e-28  2.82378e-21  4.49722e-29  4.48555e-22  1.56939e-29  4.73768e-23 -2.16978e-31   3.1275e-24  3.00182e-32  5.05575e-26  1.54493e-31 -1.59359e-26  2.03158e-32 -2.23188e-27 -2.07004e-34  -1.6746e-28 -1.47167e-34 -8.12012e-30 -3.82981e-35 -2.50972e-31 -6.32499e-36 -4.34772e-33 -3.61789e-37 -2.79637e-35 -5.47018e-39
-2.34344e-26  3.91949e-12   1.0047e-24 -1.15015e-10 -1.66913e-23  1.75897e-09  1.58511e-22  -1.7599e-08 -9.78716e-22  1.26963e-07  4.19075e-21  -6.9612e-07 -1.27188e-20  2.99297e-06  2.60703e-20 -1.02828e-05  -2.4577e-20    2.852e-05 -5.86637e-20  -6.4053e-05  3.58403e-19  0.000115985 -1.04234e-18 -0.000166973  2.18178e-18  0.000185366 -3.58408e-18  -0.00014823  4.76005e-18  6.95758e-05 -5.14794e-18  2.35848e-06  4.45673e-18 -2.80571e-05 -2.84174e-18  1.37886e-05  8.24783e-19  4.37829e-06  8.99777e-19  -6.0474e-06 -1.72327e-18 -1.69967e-07  1.46879e-18   1.9352e-06 -5.72558e-19 -5.49026e-08 -2.29953e-19 -5.62058e-07  4.96622e-19 -2.36178e-08 -3.27706e-19  1.45487e-07  8.05464e-20  3.03145e-08  2.29826e-20 -2.82995e-08 -1.49887e-21 -1.37503e-08 -3.23769e-20  2.21655e-09  2.51598e-20  3.42146e-09 -1.40986e-21  7.00007e-10 -6.71398e-21 -3.58885e-10  1.31948e-21  -2.4406e-10   2.1909e-21 -3.63882e-11 -7.99174e-22  2.05049e-11 -5.37201e-22  1.26752e-11  2.84803e-22  2.49585e-12  8.28968e-23 -4.12559e-13 -4.13659e-23 -4.09192e-13 -2.54103e-23 -1.19628e-13  4.88077e-24  -1.1622e-14  6.46612e-24   4.5146e-15   1.5899e-25  2.37983e-15 -1.20872e-24  5.59604e-16 -2.32106e-25  6.33098e-17  1.18546e-25 -5.20709e-18  4.24411e-26 -4.07076e-18  4.06722e-27 -9.85502e-19 -1.54438e-27 -1.45663e-19  -1.3346e-27 -1.20977e-20 -2.87834e-28  2.10502e-22  2.76785e-29  2.51138e-22  1.32986e-29  4.55368e-23  5.47894e-32  5.11678e-24  2.10627e-31  3.93904e-25  1.66662e-31   1.9408e-26  1.93214e-32  3.49848e-28 -1.44585e-34 -3.00374e-29 -1.36231e-34 -2.92333e-30 -2.61108e-35  -1.2147e-31 -3.16568e-36 -2.55239e-33 -1.26998e-37 -1.87339e-35
-5.66493e-13 -2.57462e-25  3.01232e-11  6.45465e-24 -6.23638e-10 -8.24849e-23  7.76152e-09   6.5062e-22 -6.69447e-08 -3.46866e-21  4.29351e-07  1.31485e-20 -2.13213e-06 -3.59719e-20  8.40218e-06  6.73869e-20 -2.66591e-05 -5.86637e-20  6.85807e-05 -1.30235e-19 -0.000143061  7.43075e-19  0.000240161 -2.02121e-18 -0.000318411  3.95533e-18  0.000320394 -6.06758e-18   -0.0002226  7.52286e-18   7.4784e-05 -7.61521e-18  3.12589e-05  6.21542e-18 -4.77875e-05 -3.77241e-18  1.17281e-05  1.02508e-18  1.26294e-05  1.20039e-18 -7.48788e-06 -2.19836e-18 -2.77653e-06  1.81065e-18  2.66111e-06 -6.63638e-19  7.50123e-07 -2.97523e-19 -7.48248e-07  5.79027e-19 -2.71914e-07 -3.60507e-19  1.59341e-07  7.54292e-20  9.69198e-08  3.48494e-20 -1.61492e-08 -2.48343e-21 -2.58015e-08  -4.0118e-20 -4.01066e-09  3.09051e-20  3.84787e-09 -1.25276e-21  2.03236e-09 -8.65095e-21  5.15669e-11  1.78289e-21 -3.08468e-10   2.6074e-21 -1.24432e-10 -9.75305e-22 -5.43954e-12 -5.97079e-22  1.37003e-11  3.10121e-22  6.01406e-12  9.97824e-23  8.96937e-13 -4.44734e-23 -2.34128e-13 -2.99533e-23 -1.68324e-13  4.42419e-24 -4.46914e-14  7.68413e-24  -4.4371e-15  4.81891e-25  1.24505e-15  -1.4099e-24  6.73511e-16  -3.1182e-25  1.59545e-16  1.18577e-25  2.09209e-17  5.16731e-26  2.53219e-19  7.72871e-27 -5.99205e-19 -9.87569e-28 -1.63323e-19 -1.41171e-27 -2.58581e-20 -3.52891e-28 -2.66374e-21  7.71701e-30 -1.39721e-22  9.70336e-30  7.70385e-24  1.61555e-31  2.64717e-24  3.24047e-31  3.23492e-25  1.60981e-31  2.52943e-26  1.68834e-32  1.34479e-27 -5.25912e-35  4.60177e-29 -1.01692e-34  7.92219e-31 -1.52092e-35 -3.06849e-33 -1.31725e-36 -3.13857e-34  -3.0217e-38
 4.38484e-26 -5.83533e-12 -1.92006e-24  1.79194e-10  3.43913e-23 -2.87143e-09 -3.55427e-22  3.01442e-08    2.383e-21  -2.2854e-07  -1.1122e-20   1.3193e-06   3.7681e-20 -5.98532e-06 -9.36082e-20  2.17559e-05  1.61219e-19  -6.4053e-05 -1.30235e-19  0.000153367 -2.69916e-19 -0.000297843  1.44182e-18  0.000463956 -3.67192e-18 -0.000565696  6.71484e-18  0.000512417 -9.60071e-18 -0.000300855  1.10811e-17  5.25437e-05 -1.04784e-17   8.1871e-05  8.07953e-18 -6.73469e-05 -4.71462e-18  2.12587e-07  1.24047e-18  2.39747e-05  1.48057e-18 -6.00898e-06 -2.64862e-18 -6.94352e-06   2.1184e-18  2.47922e-06 -7.31999e-19  2.06697e-06 -3.58415e-19 -6.16836e-07  6.42207e-19 -6.33115e-07 -3.84602e-19  6.45934e-08  7.06997e-20  1.69909e-07  4.79961e-20  2.48152e-08  -7.1517e-21 -3.09817e-08 -4.56412e-20 -1.44123e-08  3.62949e-20   1.4065e-09 -1.27386e-21  3.12049e-09 -1.04719e-20  8.85458e-10  2.27231e-21 -1.63408e-10  2.95758e-21 -1.92607e-10 -1.14742e-21 -5.30828e-11 -6.33458e-22  3.02719e-12  3.31816e-22  7.23188e-12  1.12355e-22  2.52754e-12 -4.74855e-23  3.02584e-13 -3.37699e-23 -9.87657e-14  4.04671e-24 -5.99293e-14  8.83373e-24 -1.50372e-14   7.6811e-25 -1.65687e-15 -1.58691e-24  2.42715e-16 -3.89674e-25  1.55747e-16  1.12274e-25  3.78901e-17  5.94079e-26  5.51192e-18   1.1853e-26   3.6207e-19  -1.0779e-28 -4.81888e-20 -1.38425e-27 -1.89981e-20 -3.94288e-28  -3.2443e-21 -1.08634e-29 -3.63973e-22  5.73673e-30 -2.71448e-23  1.29092e-31 -1.01462e-24  3.60734e-31  4.29509e-26  1.39942e-31  9.80031e-27  1.34103e-32  7.83334e-28  1.41166e-35  3.75123e-29 -6.35757e-35  1.09883e-30 -7.45471e-36  1.72558e-32  -4.2919e-37  8.94866e-35
 7.19893e-13  4.28187e-25 -4.01993e-11 -1.12348e-23  8.74838e-10  1.57034e-22 -1.14583e-08 -1.35537e-21  1.04147e-07  7.85798e-21 -7.04983e-07 -3.24669e-20  3.70193e-06  9.91224e-20  -1.5461e-05 -2.25084e-19  5.21369e-05  3.58403e-19 -0.000143061 -2.69916e-19  0.000319856 -5.24112e-19 -0.000579471  2.62698e-18  0.000837992 -6.26823e-18 -0.000937438  1.07004e-17  0.000756807 -1.42184e-17 -0.000357776  1.52148e-17 -1.64466e-05 -1.34034e-17  0.000153901  9.80015e-18 -7.68675e-05 -5.58118e-18 -2.48137e-05  1.48644e-18  3.53786e-05  1.69544e-18  6.95802e-07 -3.02727e-18 -1.17849e-05   2.3589e-18   5.0834e-07 -7.73617e-19  3.56789e-06 -3.96889e-19  9.03678e-08  6.75169e-19 -9.68966e-07 -4.01031e-19 -1.86896e-07  7.01149e-20  1.99893e-07  6.16058e-20    9.328e-08  -1.6218e-20 -1.77378e-08 -4.82817e-20 -2.47466e-08   4.1022e-20 -4.80081e-09 -1.56132e-21  2.77771e-09 -1.20011e-20  1.82896e-09  2.78311e-21  2.62614e-10  3.18559e-21 -1.61073e-10 -1.31086e-21 -9.83018e-11 -6.36085e-22 -1.94626e-11  3.51543e-22  3.17141e-12  1.18241e-22  3.20701e-12 -5.09387e-23  9.56388e-13 -3.65636e-23  1.01388e-13  3.98114e-24 -3.25046e-14  9.85943e-24 -1.83167e-14  9.73157e-25 -4.47726e-15 -1.73499e-24  -5.5893e-16 -4.60385e-25  2.13107e-17   1.0017e-25  2.78771e-17  6.51689e-26  7.18718e-18  1.61571e-26  1.12089e-18  1.02284e-27  1.06028e-19 -1.24578e-27  2.05364e-21 -4.02467e-28 -1.27512e-21 -2.43985e-29 -2.64518e-22  2.24353e-30 -3.11035e-23   2.6776e-32 -2.49001e-24  3.33985e-31 -1.34157e-25    1.098e-31 -3.99827e-27   9.6114e-33  2.25977e-29  4.08903e-35  7.96213e-30 -3.35947e-35  3.33598e-31 -2.99063e-36  5.58154e-33 -9.48078e-38
-6.84789e-26  6.58417e-12  2.83757e-24 -2.13545e-10 -5.47413e-23  3.61682e-09  6.27386e-22 -4.01709e-08 -4.62433e-21  3.22598e-07  2.34949e-20 -1.97548e-06 -8.67389e-20  9.52436e-06  2.40377e-19 -3.68759e-05  -5.0203e-19  0.000115985  7.43075e-19 -0.000297843 -5.24112e-19  0.000623701  -9.5678e-19    -0.001056  4.50899e-18   0.00141777 -1.00835e-17  -0.00144996  1.60406e-17   0.00102781 -1.97272e-17 -0.000354786   1.9458e-17 -0.000148957 -1.59118e-17  0.000237347  1.11072e-17 -6.25972e-05 -6.30958e-18 -6.41633e-05   1.7828e-18   4.1043e-05  1.81351e-18  1.40708e-05 -3.29549e-18 -1.51996e-05  2.50151e-18 -3.83615e-06 -7.88045e-19  4.50021e-06 -3.95995e-19  1.48526e-06  6.69342e-19 -1.02921e-06 -4.12129e-19 -5.75165e-07  7.67017e-20  1.23362e-07  7.48297e-20   1.6559e-07  -2.9413e-20  2.15893e-08 -4.78856e-20 -2.69636e-08  4.47509e-20 -1.33545e-08 -2.16057e-21 -1.27042e-11 -1.30535e-20  2.20439e-09  3.31116e-21  8.53351e-10  3.23787e-21  2.50705e-11 -1.46318e-21  -1.0053e-10 -5.96688e-22 -4.31236e-11  3.71016e-22 -6.32772e-12  1.15823e-22   1.7185e-12 -5.53204e-23  1.22323e-12 -3.81145e-23  3.27839e-13  4.43212e-24  3.45767e-14  1.07102e-23 -8.18636e-15  1.06274e-24  -4.7118e-15 -1.85251e-24 -1.14793e-15 -5.20068e-25 -1.59537e-16  8.34167e-26 -5.36336e-18  6.87721e-26   3.4534e-18   2.0311e-26  1.02872e-18  2.28773e-27  1.69346e-19 -1.00585e-27  1.84294e-20 -3.73831e-28   1.1787e-21 -3.06595e-29 -4.39765e-24 -1.75936e-31 -1.13127e-23 -7.03147e-32 -1.51626e-24  2.69906e-31 -1.20376e-25  7.78683e-32 -6.37721e-27   6.1803e-33  -2.1991e-28  3.89662e-35  -4.2948e-30 -1.48973e-35 -2.72506e-32 -9.29384e-37  2.12083e-34
-6.72773e-13 -5.75458e-25  3.99695e-11  1.47594e-23 -9.25501e-10 -2.29461e-22  1.29015e-08  2.22486e-21  -1.2488e-07 -1.42362e-20  9.01014e-07  6.40678e-20 -5.04921e-06 -2.13035e-19  2.25426e-05  5.39441e-19 -8.14438e-05 -1.04234e-18  0.000240161  1.44182e-18 -0.000579471  -9.5678e-19   0.00113981 -1.64762e-18  -0.00180643  7.31405e-18   0.00225058 -1.53289e-17  -0.00209334  2.26658e-17   0.00127293 -2.56519e-17 -0.000245415   2.3128e-17 -0.000350521 -1.74741e-17   0.00030999  1.17896e-17 -1.05587e-05  -6.8828e-18  -0.00011261  2.13741e-18  3.33906e-05  1.83116e-18  3.32436e-05 -3.42658e-18 -1.41519e-05  2.51962e-18 -1.02569e-05 -7.77433e-19  3.82606e-06 -3.41667e-19  3.34356e-06  6.21038e-19 -5.32261e-07 -4.20623e-19 -9.71472e-07  9.15873e-20 -1.02376e-07   8.6796e-20   1.9561e-07 -4.53227e-20  8.17177e-08 -4.47524e-20 -1.26119e-08  4.70926e-20 -1.98706e-08 -3.07679e-21  -5.1143e-09 -1.34512e-20  1.27915e-09  3.85127e-21  1.26994e-09  3.07315e-21  3.29211e-10 -1.60298e-21 -2.84908e-11 -5.11119e-22 -4.94275e-11  3.91056e-22 -1.67419e-11  1.04524e-22 -1.91788e-12 -6.08542e-23  6.83193e-13 -3.82551e-23   4.0347e-13  5.53142e-24  1.01246e-13   1.1339e-23  1.15455e-14  1.01736e-24 -1.41903e-15 -1.93995e-24  -9.8618e-16  -5.6637e-25 -2.44687e-16  6.36342e-26 -3.67563e-17  7.02853e-26 -2.80476e-18  2.39688e-26  1.92987e-19  3.54594e-27  1.00859e-19 -6.89832e-28  1.79657e-20 -3.12144e-28  2.06583e-21 -2.94249e-29  1.61653e-22 -1.31772e-30  7.48512e-24 -1.14144e-31  1.47986e-27  1.95231e-31 -3.09333e-26  4.99405e-32 -2.65677e-27  3.54595e-33 -1.21792e-28  2.58331e-35  -3.1785e-30 -5.41092e-36 -3.90269e-32 -1.94367e-37
 9.98011e-26 -5.30105e-12 -3.22034e-24   1.8495e-10  6.39862e-23 -3.36638e-09 -8.44586e-22  4.01575e-08  7.07721e-21 -3.46316e-07 -3.98108e-20  2.27806e-06  1.60108e-19 -1.18073e-05 -4.82867e-19  4.92121e-05   1.1241e-18 -0.000166973 -2.02121e-18  0.000463956  2.62698e-18    -0.001056 -1.64762e-18    0.0019566 -2.68529e-18  -0.00290669  1.12473e-17   0.00335691 -2.20815e-17  -0.00281853  3.02435e-17   0.00141426 -3.12491e-17  1.28467e-05  2.54396e-17 -0.000606459 -1.76505e-17  0.000338946  1.17725e-17   8.7489e-05 -7.33088e-18 -0.000157414  2.52641e-18  5.59263e-06  1.77838e-18  5.39208e-05 -3.40559e-18 -5.66911e-06  2.39287e-18 -1.71312e-05 -7.45778e-19  6.32264e-07 -2.27123e-19  5.00362e-06  5.33308e-19   6.7794e-07 -4.28487e-19  -1.1451e-06  1.13286e-19 -4.54992e-07  9.65575e-20  1.31188e-07 -6.15531e-20  1.39028e-07 -3.94598e-20  2.10921e-08  4.76255e-20 -1.83229e-08 -4.28659e-21 -1.05574e-08 -1.30511e-20 -1.17543e-09  4.39439e-21  1.08871e-09  2.67289e-21   5.9738e-10 -1.72763e-21  1.07283e-10 -3.81168e-22 -2.37895e-11  4.10697e-22 -2.04189e-11  8.48186e-23 -5.85771e-12 -6.73383e-23 -5.79503e-13 -3.68348e-23  2.11587e-13  7.31318e-24  1.14205e-13  1.17038e-23  2.76798e-14  8.34276e-25   3.5066e-15 -1.99855e-24  -9.1864e-17 -5.98163e-25 -1.58478e-16  4.27365e-26 -4.14903e-17  6.99413e-26 -6.56687e-18  2.68084e-26 -6.52819e-19  4.65555e-27 -2.29298e-20 -3.35793e-28  5.18317e-21 -2.27919e-28    1.207e-21 -2.23733e-29  1.44418e-22 -1.36735e-30  1.15967e-23 -9.66059e-32   6.3589e-25  1.28746e-31  2.14091e-26  2.89652e-32  2.28876e-28  1.80397e-33 -1.38313e-29  1.33044e-35  -6.0857e-31 -1.52446e-36 -6.63273e-33
