   0.0093684  -3.3745e-20   -0.0211436  2.72432e-20   0.00901984 -4.71773e-20   0.00412743 -2.02627e-19   -0.0021867  3.81656e-19  -0.00100709 -1.35557e-19  0.000279658  3.92642e-21  0.000167676 -9.42607e-21 -7.00888e-06  4.23824e-23 -9.87445e-06  8.94796e-22 -4.56633e-07
 -3.3745e-20    0.0349843  2.42504e-20   -0.0403141  8.34188e-20   0.00567237 -3.14311e-19    0.0105958 -3.78254e-19  -0.00162104  5.23037e-19  -0.00237103 -3.25144e-20  9.42563e-05 -2.31522e-21  0.000322526 -3.14938e-20  2.54181e-05 -1.59615e-21 -1.12456e-05   1.0806e-21
  -0.0211436  2.42504e-20    0.0614173  9.09931e-21   -0.0439999  7.90745e-19  -0.00511347 -7.85496e-19    0.0142845 -6.31441e-19  0.000856671  3.95493e-19   -0.0032297  2.02126e-19 -0.000375104  2.00025e-20  0.000378778 -5.20219e-20   6.4813e-05  -4.1811e-21 -5.35216e-06
 2.72432e-20   -0.0403141  9.09931e-21    0.0699786 -4.16772e-19   -0.0342331  2.04068e-18   -0.0148065 -8.81557e-19    0.0141664 -1.06838e-18    0.0036292  5.87419e-20  -0.00334353    4.423e-19 -0.000883831   6.1982e-20  0.000319491 -5.86964e-20  8.05213e-05 -5.04139e-21
  0.00901984  8.34188e-20   -0.0439999 -4.16772e-19     0.062275 -1.18465e-18   -0.0223158  3.08111e-18   -0.0200133 -2.53808e-19    0.0121013 -1.65009e-18   0.00580468 -3.34483e-19  -0.00291978  5.98138e-19  -0.00126861  9.99625e-20  0.000182983 -4.88733e-20  5.85884e-05
-4.71773e-20   0.00567237  7.90745e-19   -0.0342331 -1.18465e-18     0.050734 -1.96251e-18   -0.0141452  3.65809e-18   -0.0220519  8.48154e-19    0.0096396 -2.21802e-18   0.00729138 -6.42204e-19  -0.00219254  6.41941e-19  -0.00145452  1.25937e-19  2.96897e-05 -2.63711e-20
  0.00412743 -3.14311e-19  -0.00511347  2.04068e-18   -0.0223158 -1.96251e-18    0.0423759 -2.70354e-18  -0.00948651  4.13126e-18   -0.0227742  1.94071e-18    0.0073212 -2.59757e-18    0.0082425 -8.13241e-19  -0.00130256  5.90056e-19  -0.00140353  1.39729e-19  -6.5358e-05
-2.02627e-19    0.0105958 -7.85496e-19   -0.0148065  3.08111e-18   -0.0141452 -2.70354e-18    0.0375593 -3.57864e-18  -0.00670755   4.7244e-18   -0.0231281  2.67881e-18   0.00518172 -2.69145e-18     0.008779 -9.09807e-19 -0.000331867   4.6944e-19  -0.00109365   1.2024e-19
  -0.0021867 -3.78254e-19    0.0142845 -8.81557e-19   -0.0200133  3.65809e-18  -0.00948651 -3.57864e-18    0.0348865 -4.54407e-18  -0.00480326  5.22933e-18   -0.0234693  2.98286e-18   0.00311334 -2.53859e-18   0.00892944  -1.0572e-18  0.000628891  2.83012e-19 -0.000565583
 3.81656e-19  -0.00162104 -6.31441e-19    0.0141664 -2.53808e-19   -0.0220519  4.13126e-18  -0.00670755 -4.54407e-18    0.0334566 -5.27587e-18  -0.00331472  5.35679e-18   -0.0239365  3.05858e-18  0.000965869 -2.28332e-18    0.0086048 -1.33133e-18   0.00137014  4.25939e-20
 -0.00100709  5.23037e-19  0.000856671 -1.06838e-18    0.0121013  8.48154e-19   -0.0227742   4.7244e-18  -0.00480326 -5.27587e-18    0.0328972 -5.51451e-18  -0.00199875  5.12689e-18   -0.0245945  3.34089e-18  -0.00144987 -2.02611e-18   0.00753885 -1.59822e-18   0.00142761
-1.35557e-19  -0.00237103  3.95493e-19    0.0036292 -1.65009e-18    0.0096396  1.94071e-18   -0.0231281  5.22933e-18  -0.00331472 -5.51451e-18    0.0330851 -5.39803e-18  -0.00067064  4.92762e-18   -0.0254661  4.31091e-18  -0.00437049 -1.60926e-18   0.00530113 -1.37758e-18
 0.000279658 -3.25144e-20   -0.0032297  5.87419e-20   0.00580468 -2.21802e-18    0.0073212  2.67881e-18   -0.0234693  5.35679e-18  -0.00199875 -5.39803e-18    0.0340325 -5.50821e-18  0.000876792   5.2566e-18   -0.0264899  6.22386e-18  -0.00789764 -5.65304e-19   0.00200533
 3.92642e-21  9.42563e-05  2.02126e-19  -0.00334353 -3.34483e-19   0.00729138 -2.59757e-18   0.00518172  2.98286e-18   -0.0239365  5.12689e-18  -0.00067064 -5.50821e-18    0.0358795 -6.60729e-18   0.00297947  6.29835e-18   -0.0272142  8.81289e-18   -0.0109614  1.02007e-18
 0.000167676 -2.31522e-21 -0.000375104    4.423e-19  -0.00291978 -6.42204e-19    0.0082425 -2.69145e-18   0.00311334  3.05858e-18   -0.0245945  4.92762e-18  0.000876792 -6.60729e-18    0.0389653 -9.19935e-18   0.00645221  7.42059e-18   -0.0256585  1.06105e-17  -0.00984135
-9.42607e-21  0.000322526  2.00025e-20 -0.000883831  5.98138e-19  -0.00219254 -8.13241e-19     0.008779 -2.53859e-18  0.000965869  3.34089e-18   -0.0254661   5.2566e-18   0.00297947 -9.19935e-18    0.0441509 -1.34995e-17    0.0136265  6.34922e-18   -0.0174789  8.37743e-18
-7.00888e-06 -3.14938e-20  0.000378778   6.1982e-20  -0.00126861  6.41941e-19  -0.00130256 -9.09807e-19   0.00892944 -2.28332e-18  -0.00144987  4.31091e-18   -0.0264899  6.29835e-18   0.00645221 -1.34995e-17    0.0537603 -2.08564e-17    0.0283884 -3.47037e-19  -0.00263903
 4.23824e-23  2.54181e-05 -5.20219e-20  0.000319491  9.99625e-20  -0.00145452  5.90056e-19 -0.000331867  -1.0572e-18    0.0086048 -2.02611e-18  -0.00437049  6.22386e-18   -0.0272142  7.42059e-18    0.0136265 -2.08564e-17    0.0712364 -3.41184e-17    0.0472826 -9.15773e-18
-9.87445e-06 -1.59615e-21   6.4813e-05 -5.86964e-20  0.000182983  1.25937e-19  -0.00140353   4.6944e-19  0.000628891 -1.33133e-18   0.00753885 -1.60926e-18  -0.00789764  8.81289e-18   -0.0256585  6.34922e-18    0.0283884 -3.41184e-17    0.0913507 -4.72717e-17    0.0464332
 8.94796e-22 -1.12456e-05  -4.1811e-21  8.05213e-05 -4.88733e-20  2.96897e-05  1.39729e-19  -0.00109365  2.83012e-19   0.00137014 -1.59822e-18   0.00530113 -5.65304e-19   -0.0109614  1.06105e-17   -0.0174789 -3.47037e-19    0.0472826 -4.72717e-17     0.086863 -3.74439e-17
-4.56633e-07   1.0806e-21 -5.35216e-06 -5.04139e-21  5.85884e-05 -2.63711e-20  -6.5358e-05   1.2024e-19 -0.000565583  4.25939e-20   0.00142761 -1.37758e-18   0.00200533  1.02007e-18  -0.00984135  8.37743e-18  -0.00263903 -9.15773e-18    0.0464332 -3.74439e-17    0.0407432
