     0.100547   4.41695e-17    -0.0164068  -6.16795e-16    -0.0225804   6.38773e-16    -0.0143526   4.03638e-16   -0.00747596   2.15841e-16   -0.00354643   1.09372e-16    -0.0016036   3.94848e-17  -0.000709374   5.02034e-18  -0.000310638  -5.93977e-18  -0.000134351  -6.04464e-18  -5.66603e-05  -3.59399e-18  -2.29194e-05  -1.67113e-18  -8.76434e-06   -6.6135e-19  -3.13644e-06  -2.31738e-19   -1.0442e-06  -7.35731e-20  -3.22469e-07  -2.14824e-20  -9.22626e-08  -5.83064e-21  -2.44437e-08  -1.48299e-21  -5.99268e-09  -3.55719e-22  -1.35739e-09  -8.08737e-23  -2.83102e-10  -1.74973e-23      -5.4e-11  -3.61382e-24  -9.29554e-12  -7.14256e-25  -1.40403e-12  -1.35334e-25  -1.73333e-13  -2.46116e-26  -1.32126e-14  -4.29877e-27    1.0465e-15  -7.21308e-28   7.47672e-16  -1.16256e-28    2.1161e-16  -1.79909e-29   4.63267e-17  -2.67155e-30   8.77708e-18  -3.80372e-31   1.49867e-18  -5.18803e-32     2.351e-19  -6.77211e-33   3.42423e-20   -8.4514e-34    4.6597e-21  -1.00728e-34   5.94731e-22  -1.14523e-35   7.13672e-23  -1.24065e-36   8.06337e-24  -1.27899e-37   8.58408e-25  -1.25306e-38   8.61226e-26  -1.16503e-39   8.14112e-27  -1.02632e-40   7.24648e-28  -8.55209e-42   6.06773e-29  -6.72801e-43    4.7733e-30  -4.98682e-44   3.52203e-31  -3.47438e-45   2.43269e-32  -2.26944e-46   1.56918e-33  -1.38571e-47   9.42615e-35  -7.88314e-49   5.25597e-36  -4.16242e-50   2.70995e-37  -2.03102e-51   1.28619e-38   -9.1117e-53   5.58948e-40  -3.73608e-54   2.21012e-41  -1.39027e-55   7.89112e-43  -4.65543e-57   2.52067e-44  -1.38831e-58   7.12134e-46  -3.63946e-60   1.75368e-47  -8.24869e-62   3.69336e-49    -1.581e-63   6.48285e-51  -2.48505e-65   9.13943e-53  -3.06064e-67   9.77156e-55  -2.74111e-69   7.16016e-57  -1.54281e-71   2.85464e-59  -3.52315e-74
  4.41695e-17      0.125497  -1.36381e-15      0.019181  -3.64607e-16    -0.0133776   4.94376e-16    -0.0159296   5.25415e-16     -0.011111   3.73933e-16   -0.00643538   1.84868e-16    -0.0033717   5.76031e-17   -0.00164944    2.4814e-18  -0.000761124  -1.08253e-17  -0.000331132  -8.95638e-18   -0.00013514  -4.85322e-18  -5.14357e-05  -2.12461e-18  -1.81693e-05  -8.05386e-19  -5.93597e-06  -2.73596e-19  -1.78907e-06  -8.50102e-20  -4.96237e-07  -2.44895e-20  -1.26244e-07  -6.60463e-21  -2.92829e-08  -1.67961e-21  -6.12323e-09  -4.04937e-22  -1.12741e-09  -9.29164e-23  -1.72629e-10  -2.03488e-23   -1.8024e-11  -4.26148e-24   4.58205e-13  -8.54429e-25    9.3594e-13  -1.64121e-25   3.36925e-13  -3.02076e-26   8.93847e-14  -5.32715e-27   2.02315e-14  -8.99847e-28   4.10227e-15  -1.45529e-28   7.62074e-16  -2.25219e-29   1.31295e-16  -3.33334e-30   2.11326e-17  -4.71517e-31   3.19259e-18  -6.37031e-32   4.54097e-19  -8.21401e-33   6.09324e-20  -1.01006e-33   7.72336e-21  -1.18351e-34   9.25441e-22  -1.32021e-35   1.04862e-22  -1.40063e-36   1.12359e-23  -1.41169e-37   1.13808e-24  -1.35011e-38   1.08906e-25  -1.22356e-39     9.837e-27   -1.0492e-40   8.37753e-28  -8.49834e-42   6.71743e-29  -6.48993e-43   5.06284e-30  -4.66289e-44   3.57956e-31  -3.14443e-45   2.36866e-32  -1.98484e-46     1.463e-33  -1.16915e-47    8.4081e-35  -6.40399e-49   4.48012e-36   -3.2487e-50   2.20385e-37   -1.5192e-51   9.95928e-39  -6.51312e-53   4.11042e-40  -2.54349e-54   1.53863e-41  -8.97815e-56   5.17981e-43  -2.83787e-57   1.55219e-44  -7.94003e-59   4.08711e-46  -1.93784e-60   9.30072e-48  -4.04751e-62   1.78924e-49  -7.05015e-64   2.82194e-51  -9.86873e-66   3.48644e-53  -1.04819e-67    3.1315e-55  -7.63373e-70   1.76727e-57  -3.02615e-72   4.04576e-60
   -0.0164068  -1.36381e-15     0.0929944  -1.88955e-15     0.0358071  -7.00817e-16   7.03674e-05   2.58924e-16    -0.0107716     5.308e-16    -0.0103811   3.86657e-16   -0.00708596   1.69924e-16   -0.00408711   3.92175e-17   -0.00209864  -8.26142e-18  -0.000977329  -1.49181e-17  -0.000415269  -9.98216e-18  -0.000161141  -4.95035e-18  -5.70353e-05   -2.0628e-18   -1.8365e-05  -7.59833e-19  -5.35382e-06  -2.54223e-19  -1.40011e-06   -7.8555e-20  -3.22266e-07  -2.26663e-20  -6.24247e-08  -6.15368e-21  -8.84678e-09  -1.58028e-21  -2.45643e-10  -3.85252e-22   4.15096e-10  -8.93753e-23   2.00409e-10  -1.97622e-23   6.56518e-11  -4.16897e-24   1.79436e-11  -8.39552e-25   4.34979e-12  -1.61445e-25   9.60745e-13  -2.96488e-26   1.96146e-13  -5.19985e-27   3.73372e-14  -8.70828e-28   6.66388e-15  -1.39238e-28    1.1194e-15  -2.12504e-29   1.77447e-16   -3.0948e-30   2.65936e-17  -4.29928e-31   3.77284e-18  -5.69467e-32   5.07113e-19  -7.18839e-33   6.46091e-20  -8.64221e-34   7.80396e-21  -9.88889e-35   8.93586e-22   -1.0761e-35   9.69663e-23  -1.11261e-36    9.9664e-24  -1.09184e-37   9.69536e-25  -1.01575e-38   8.91826e-26  -8.94623e-40   7.74773e-27  -7.44819e-41   6.34797e-28  -5.85151e-42   4.89711e-29  -4.32953e-43   3.55021e-30  -3.01026e-44   2.41328e-31  -1.96186e-45   1.53421e-32  -1.19505e-46   9.09497e-34  -6.78165e-48   5.01039e-35  -3.57182e-49   2.55491e-36  -1.73845e-50   1.20037e-37   -7.7797e-52   5.16815e-39  -3.18211e-53   2.02609e-40   -1.1813e-54   7.17721e-42  -3.94652e-56   2.27602e-43  -1.17428e-57   6.38717e-45  -3.07184e-59   1.56318e-46  -6.94804e-61   3.27339e-48  -1.32914e-62   5.71542e-50  -2.08536e-64   8.01829e-52  -2.56396e-66   8.53431e-54  -2.29258e-68   6.22756e-56  -1.28842e-70   2.47328e-58  -2.93808e-73
 -6.16795e-16      0.019181  -1.88955e-15     0.0707789  -2.19432e-15     0.0399335  -9.43957e-16     0.0101307   1.21689e-16   -0.00359944   4.01127e-16    -0.0066313   2.57671e-16   -0.00535863   8.23926e-17   -0.00329195  -4.10003e-18   -0.00170101  -2.44483e-17  -0.000764326  -1.93441e-17  -0.000301985  -1.06829e-17  -0.000104855  -4.86168e-18  -3.16033e-05  -1.93727e-18   -7.9807e-06  -6.97061e-19  -1.51306e-06   -2.3061e-19  -1.06734e-07  -7.09552e-20   7.64598e-08  -2.04593e-20   5.06554e-08  -5.55714e-21   2.07727e-08  -1.42696e-21   6.94079e-09  -3.47257e-22   2.03303e-09  -8.02286e-23   5.38574e-10  -1.76197e-23   1.31192e-10  -3.68184e-24    2.9682e-11  -7.32548e-25   6.27873e-12  -1.38847e-25   1.24751e-12  -2.50806e-26   2.33589e-13  -4.31873e-27   4.13203e-14  -7.09026e-28   6.91784e-15  -1.10991e-28   1.09763e-15   -1.6566e-29    1.6521e-16   -2.3572e-30   2.36048e-17  -3.19688e-31   3.20271e-18  -4.13106e-32   4.12721e-19  -5.08408e-33   5.05123e-20  -5.95579e-34   5.86995e-21  -6.63667e-35   6.47415e-22  -7.02909e-36   6.77294e-23  -7.06936e-37   6.71542e-24  -6.74409e-38   6.30443e-25  -6.09524e-39    5.5974e-26  -5.21155e-40   4.69347e-27  -4.20874e-41   3.71083e-28  -3.20443e-42    2.7613e-29  -2.29543e-43   1.92974e-30  -1.54336e-44   1.26347e-31  -9.71397e-46   7.72848e-33  -5.70592e-47   4.40245e-34  -3.11698e-48   2.32677e-35  -1.57715e-49   1.13607e-36  -7.35711e-51   5.09889e-38  -3.14679e-52   2.09122e-39  -1.22617e-53   7.78272e-41   -4.3192e-55   2.60615e-42  -1.36258e-56   7.77146e-44  -3.80541e-58   2.03711e-45  -9.27173e-60   4.61653e-47  -1.93353e-61    8.8473e-49  -3.36303e-63   1.39049e-50  -4.70127e-65    1.7124e-52  -4.98729e-67   1.53354e-54  -3.62811e-69   8.63115e-57  -1.43681e-71   1.97103e-59
   -0.0225804  -3.64607e-16     0.0358071  -2.19432e-15     0.0616361  -2.18186e-15     0.0418508  -8.70734e-16     0.0180269  -5.21502e-18    0.00411679   1.57727e-16   -0.00109257   5.30133e-17   -0.00189041  -3.40594e-17   -0.00128921  -5.48698e-17  -0.000622275  -4.20503e-17  -0.000225576  -2.41386e-17  -5.46498e-05  -1.15951e-17  -1.03975e-06  -4.89305e-18   8.17157e-06  -1.86312e-18   5.94111e-06  -6.50688e-19    2.9473e-06  -2.10668e-19   1.20393e-06  -6.36878e-20   4.30134e-07  -1.80701e-20    1.3828e-07  -4.82967e-21   4.06549e-08  -1.21934e-21   1.10458e-08  -2.91405e-22   2.79353e-09  -6.60314e-23   6.61118e-10  -1.42056e-23   1.46997e-10  -2.90464e-24   3.08022e-11  -5.64958e-25   6.09744e-12    -1.046e-25   1.14243e-12  -1.84448e-26   2.02898e-13   -3.0989e-27   3.41968e-14  -4.96195e-28   5.47436e-15    -7.573e-29   8.32894e-16   -1.1017e-29   1.20484e-16  -1.52755e-30   1.65747e-17  -2.01824e-31   2.16843e-18  -2.54006e-32   2.69757e-19   -3.0438e-33      3.19e-20  -3.47083e-34   3.58424e-21  -3.76348e-35   3.82401e-22  -3.87717e-36   3.87092e-23   -3.7912e-37   3.71418e-24  -3.51462e-38   3.37421e-25  -3.08491e-39   2.89842e-26  -2.55986e-40   2.35051e-27  -2.00473e-41   1.79643e-28  -1.47881e-42   1.29128e-29  -1.02524e-43   8.70955e-31   -6.6636e-45   5.49775e-32  -4.04869e-46   3.23799e-33  -2.29204e-47   1.77321e-34  -1.20449e-48   8.99287e-36  -5.85019e-50   4.20405e-37  -2.61294e-51   1.80179e-38  -1.06685e-52   7.03415e-40  -3.95399e-54   2.48225e-41  -1.31897e-55   7.84414e-43   -3.9192e-57   2.19426e-44  -1.02396e-58   5.35452e-46  -2.31345e-60   1.11829e-47  -4.42111e-62   1.94784e-49  -6.93037e-64   2.72668e-51  -8.51425e-66   2.89638e-53  -7.60791e-68   2.10972e-55  -4.27311e-70   8.36528e-58  -9.73958e-73
  6.38773e-16    -0.0133776  -7.00817e-16     0.0399335  -2.18186e-15     0.0573579  -1.75539e-15      0.043949   -7.3269e-16     0.0250289  -2.22948e-16     0.0118626  -1.41914e-16    0.00512623  -1.57993e-16    0.00227999  -1.41126e-16    0.00115699  -9.77658e-17   0.000653929  -5.58807e-17   0.000370665  -2.75571e-17   0.000195773  -1.20684e-17   9.37926e-05  -4.78416e-18   4.06203e-05  -1.73933e-18   1.59797e-05  -5.85269e-19   5.74933e-06  -1.83484e-19   1.90461e-06  -5.38577e-20   5.84425e-07  -1.48576e-20   1.66955e-07   -3.8636e-21   4.45946e-08  -9.49307e-22   1.11774e-08  -2.20818e-22   2.63682e-09  -4.87038e-23   5.86932e-10  -1.01992e-23   1.23528e-10  -2.03007e-24   2.46237e-11  -3.84397e-25   4.65549e-12  -6.92911e-26   8.35775e-13   -1.1897e-26   1.42597e-13   -1.9464e-27   2.31378e-14  -3.03508e-28   3.57216e-15  -4.51128e-29   5.24891e-16  -6.39175e-30   7.34167e-17  -8.63116e-31   9.77462e-18  -1.11054e-31   1.23853e-18  -1.36098e-32   1.49307e-19   -1.5878e-33   1.71163e-20  -1.76233e-34   1.86482e-21  -1.85948e-35   1.92939e-22  -1.86341e-36   1.89392e-23  -1.77162e-37   1.76191e-24  -1.59603e-38   1.55145e-25  -1.36052e-39   1.29117e-26  -1.09563e-40   1.01389e-27     -8.32e-42   7.49778e-29  -5.94535e-43   5.21019e-30  -3.98842e-44    3.3937e-31  -2.50512e-45   2.06614e-32  -1.46869e-46   1.17192e-33  -8.00909e-48   6.16963e-35  -4.04607e-49    3.0017e-36  -1.88472e-50   1.34287e-37  -8.05095e-52   5.49142e-39   -3.1335e-53   2.03828e-40  -1.10266e-54   6.80906e-42  -3.47546e-56   2.02605e-43  -9.69871e-58    5.3005e-45  -2.36148e-59   1.19911e-46   -4.9219e-61   2.29445e-48   -8.5569e-63   3.60111e-50  -1.19576e-64   4.42941e-52  -1.26818e-66   3.96252e-54  -9.22395e-69   2.22816e-56  -3.65252e-71   5.08425e-59
   -0.0143526   4.94376e-16   7.03674e-05  -9.43957e-16     0.0418508  -1.75539e-15     0.0556696   -1.3178e-15     0.0466096  -7.62812e-16     0.0313949  -5.18686e-16     0.0188899  -4.19852e-16     0.0107729  -3.21811e-16    0.00597388  -2.13383e-16    0.00321114  -1.22304e-16    0.00164465  -6.16844e-17   0.000789263   -2.7853e-17   0.000351313  -1.14155e-17   0.000144482  -4.29146e-18    5.4913e-05  -1.49165e-18    1.9333e-05  -4.82331e-19   6.32552e-06   -1.4579e-19   1.93007e-06   -4.1351e-20    5.5103e-07  -1.10402e-20    1.4765e-07  -2.78174e-21   3.72327e-08  -6.62872e-22   8.85695e-09  -1.49654e-22   1.99158e-09   -3.2058e-23    4.2406e-10  -6.52394e-24   8.56263e-11  -1.26255e-24   1.64161e-11  -2.32544e-25   2.99121e-12  -4.07905e-26   5.18419e-13  -6.81744e-27   8.55137e-14  -1.08601e-27   1.34306e-14  -1.64925e-28   2.00901e-15  -2.38779e-29   2.86247e-16  -3.29561e-30   3.88474e-17   -4.3353e-31   5.02077e-18  -5.43381e-32   6.17779e-19  -6.48626e-33   7.23361e-20  -7.36951e-34   8.05529e-21  -7.96392e-35     8.525e-22  -8.17877e-36   8.56665e-23  -7.97421e-37   8.16547e-24  -7.37265e-38   7.37359e-25  -6.45532e-39   6.29944e-26  -5.34456e-40   5.08343e-27  -4.17692e-41   3.86774e-28   -3.0754e-42    2.7689e-29  -2.12855e-43   1.86074e-30  -1.38136e-44   1.17067e-31  -8.38152e-46   6.87419e-33  -4.73926e-47   3.75434e-34   -2.4879e-48    1.8994e-35  -1.20726e-49   8.86017e-37  -5.38789e-51   3.78996e-38   -2.1984e-52   1.47704e-39   -8.1433e-54   5.20431e-41  -2.71527e-55    1.6424e-42  -8.06548e-57   4.58898e-44  -2.10676e-58   1.11869e-45  -4.75918e-60   2.33437e-47  -9.09455e-62   4.06308e-49  -1.42567e-63   5.68431e-51   -1.7517e-65   6.03525e-53  -1.56552e-67   4.39449e-55  -8.79525e-70   1.74202e-57  -2.00532e-72
  4.03638e-16    -0.0159296   2.58924e-16     0.0101307  -8.70734e-16      0.043949   -1.3178e-15     0.0558293  -1.16123e-15      0.049528   -9.5961e-16      0.036557  -7.96836e-16     0.0241177  -6.09921e-16      0.014659  -4.09696e-16    0.00827852  -2.40772e-16    0.00433815  -1.25282e-16    0.00210239  -5.84975e-17   0.000940537  -2.47961e-17   0.000388537  -9.63167e-18   0.000148502  -3.45423e-18   5.26659e-05  -1.15065e-18   1.73877e-05  -3.57759e-19   5.36169e-06  -1.04237e-19   1.54904e-06  -2.85541e-20   4.20494e-07  -7.37442e-21   1.07523e-07   -1.7997e-21   2.59573e-08   -4.1584e-22   5.92754e-09  -9.11193e-23   1.28253e-09  -1.89602e-23   2.63301e-10  -3.75067e-24   5.13499e-11  -7.06003e-25   9.52242e-12  -1.26547e-25    1.6804e-12  -2.16116e-26   2.82352e-13  -3.51794e-27    4.5193e-14  -5.45966e-28   6.89242e-15  -8.07925e-29   1.00173e-15  -1.13998e-29   1.38738e-16  -1.53351e-30   1.83085e-17  -1.96614e-31    2.3014e-18  -2.40168e-32   2.75446e-19  -2.79357e-33   3.13724e-20  -3.09218e-34   3.39804e-21  -3.25452e-35   3.49716e-22  -3.25402e-36   3.41653e-23  -3.08742e-37   3.16476e-24  -2.77632e-38   2.77595e-25  -2.36278e-39   2.30221e-26  -1.89999e-40   1.80217e-27  -1.44096e-41   1.32898e-28  -1.02854e-42   9.21195e-30  -6.89329e-44   5.98693e-31  -4.32613e-45   3.63773e-32  -2.53458e-46   2.05972e-33   -1.3814e-47    1.0827e-34  -6.97559e-49   5.26062e-36   -3.2483e-50   2.35073e-37  -1.38728e-51   9.60348e-39  -5.39884e-53   3.56164e-40  -1.89979e-54     1.189e-41  -5.98836e-56   3.53597e-43  -1.67139e-57    9.2469e-45  -4.07054e-59   2.09127e-46  -8.48662e-61   4.00082e-48  -1.47599e-62   6.27871e-50  -2.06351e-64   7.72299e-52  -2.18959e-66   6.90964e-54  -1.59348e-68   3.88606e-56  -6.31382e-71   8.86962e-59
  -0.00747596   5.25415e-16    -0.0107716   1.21689e-16     0.0180269   -7.3269e-16     0.0466096  -1.16123e-15     0.0569482  -1.25989e-15      0.051723  -1.18221e-15     0.0394597   -9.6667e-16     0.0265604  -6.82893e-16     0.0161041  -4.19916e-16    0.00887246  -2.27942e-16    0.00446134   -1.1075e-16    0.00205452  -4.87286e-17   0.000869686  -1.96003e-17   0.000339727  -7.26295e-18    0.00012296  -2.49487e-18    4.1396e-05  -7.98529e-19    1.3011e-05  -2.39154e-19   3.83059e-06  -6.72577e-20   1.05954e-06  -1.78144e-20   2.76065e-07  -4.45498e-21   6.79105e-08  -1.05409e-21   1.58036e-08  -2.36391e-22   3.48499e-09  -5.03208e-23    7.2929e-10  -1.01803e-23   1.45002e-10  -1.95933e-24   2.74188e-11  -3.59039e-25   4.93486e-12   -6.2681e-26   8.45902e-13  -1.04302e-26    1.3816e-13  -1.65484e-27   2.15077e-14   -2.5038e-28   3.19169e-15  -3.61277e-29   4.51518e-16  -4.97097e-30   6.08845e-17  -6.52093e-31   7.82365e-18  -8.15261e-32   9.57682e-19  -9.70957e-33   1.11615e-19  -1.10093e-33   1.23777e-20  -1.18758e-34   1.30506e-21  -1.21767e-35   1.30707e-22  -1.18556e-36   1.24216e-23  -1.09479e-37   1.11874e-24  -9.57574e-39    9.5353e-26  -7.92109e-40   7.67881e-27  -6.18606e-41   5.83188e-28  -4.55204e-42   4.16845e-29  -3.14915e-43   2.79745e-30  -2.04303e-44   1.75794e-31  -1.23938e-45   1.03126e-32  -7.00726e-47   5.62766e-34  -3.67852e-48    2.8453e-35   -1.7852e-49   1.32658e-36  -7.96871e-51   5.67234e-38  -3.25234e-52    2.2101e-39  -1.20516e-53   7.78617e-41  -4.02017e-55   2.45713e-42  -1.19476e-56   6.86588e-44  -3.12256e-58   1.67403e-45  -7.05832e-60   3.49408e-47  -1.34974e-61   6.08365e-49  -2.11743e-63    8.5146e-51   -2.6037e-65   9.04463e-53  -2.32893e-67   6.58934e-55  -1.30957e-69   2.61367e-57  -2.98859e-72
  2.15841e-16     -0.011111     5.308e-16   -0.00359944  -5.21502e-18     0.0250289  -7.62812e-16      0.049528  -1.25989e-15     0.0577232  -1.42818e-15     0.0518731  -1.30132e-15     0.0392054  -9.92574e-16      0.025878  -6.49197e-16      0.015203  -3.71513e-16     0.0080395  -1.89124e-16    0.00385788  -8.67774e-17    0.00169122  -3.62649e-17   0.000681325  -1.39192e-17   0.000253586  -4.94009e-18   8.76165e-05  -1.63028e-18   2.82211e-05  -5.02559e-19   8.50566e-06   -1.4527e-19   2.40661e-06  -3.95027e-20   6.41051e-07  -1.01323e-20    1.6115e-07  -2.45706e-21   3.83116e-08  -5.64382e-22   8.62912e-09  -1.22994e-22   1.84415e-09  -2.54639e-23   3.74431e-10  -5.01394e-24   7.23014e-11  -9.39799e-25   1.32889e-11  -1.67803e-25   2.32642e-12  -2.85567e-26   3.88118e-13  -4.63368e-27   6.17252e-14  -7.17062e-28   9.35996e-15  -1.05839e-28    1.3534e-15  -1.48995e-29   1.86588e-16  -2.00021e-30   2.45225e-17  -2.55991e-31   3.07133e-18  -3.12207e-32   3.66413e-19  -3.62659e-33   4.16142e-20  -4.00958e-34   4.49602e-21  -4.21596e-35   4.61697e-22  -4.21193e-36   4.50184e-23  -3.99371e-37   4.16315e-24  -3.58952e-38   3.64646e-25  -3.05377e-39   3.02049e-26  -2.45509e-40   2.36205e-27  -1.86176e-41   1.74041e-28  -1.32891e-42   1.20559e-29  -8.90745e-44   7.83128e-31  -5.59138e-45   4.75668e-32  -3.27687e-46   2.69268e-33  -1.78666e-47   1.41527e-34  -9.02629e-49   6.87663e-36  -4.20555e-50   3.07323e-37  -1.79722e-51   1.25578e-38  -6.99893e-53   4.65876e-40  -2.46467e-54   1.55587e-41  -7.77518e-56   4.62922e-43  -2.17196e-57   1.21125e-44  -5.29442e-59   2.74103e-46  -1.10488e-60   5.24745e-48  -1.92352e-62   8.24122e-50  -2.69197e-64    1.0145e-51  -2.85951e-66   9.08426e-54  -2.08333e-68   5.11366e-56  -8.26418e-71   1.16825e-58
  -0.00354643   3.73933e-16    -0.0103811   4.01127e-16    0.00411679  -2.22948e-16     0.0313949   -9.5961e-16      0.051723  -1.42818e-15     0.0566559  -1.50546e-15     0.0489854  -1.26739e-15     0.0356761  -8.94352e-16     0.0226002  -5.44804e-16     0.0126908  -2.92558e-16    0.00639925   -1.4068e-16    0.00292632  -6.13085e-17    0.00122338  -2.44443e-17   0.000470735  -8.98445e-18   0.000167676  -3.06291e-18   5.55627e-05  -9.73428e-19   1.72008e-05  -2.89619e-19    4.9928e-06  -8.09522e-20   1.36306e-06  -2.13201e-20   3.50923e-07  -5.30377e-21   8.53925e-08  -1.24888e-21   1.96776e-08  -2.78842e-22   4.30103e-09  -5.91194e-23   8.92922e-10  -1.19168e-23   1.76272e-10  -2.28602e-24   3.31193e-11   -4.1767e-25   5.92684e-12  -7.27249e-26   1.01077e-12  -1.20733e-26   1.64339e-13  -1.91159e-27   2.54799e-14  -2.88707e-28   3.76768e-15  -4.15932e-29   5.31323e-16   -5.7154e-30   7.14473e-17  -7.48908e-31   9.15874e-18  -9.35437e-32   1.11875e-18  -1.11326e-32    1.3015e-19  -1.26156e-33   1.44108e-20  -1.36028e-34   1.51743e-21  -1.39438e-35   1.51812e-22  -1.35742e-36   1.44145e-23  -1.25348e-37   1.29732e-24   -1.0965e-38   1.10516e-25  -9.07226e-40   8.89661e-27  -7.08735e-41   6.75528e-28  -5.21742e-42   4.82804e-29  -3.61127e-43   3.24022e-30   -2.3442e-44   2.03649e-31  -1.42301e-45   1.19497e-32  -8.05139e-47   6.52334e-34  -4.23001e-48   3.29961e-35  -2.05459e-49    1.5392e-36  -9.17961e-51   6.58552e-38  -3.75018e-52   2.56763e-39  -1.39105e-53   9.05251e-41  -4.64517e-55   2.85907e-42  -1.38203e-56   7.99591e-44  -3.61613e-58   1.95134e-45  -8.18364e-60   4.07683e-47  -1.56683e-61   7.10549e-49  -2.46107e-63   9.95528e-51  -3.03013e-65   1.05866e-52  -2.71389e-67   7.72146e-55  -1.52807e-69   3.06631e-57  -3.49196e-72
  1.09372e-16   -0.00643538   3.86657e-16    -0.0066313   1.57727e-16     0.0118626  -5.18686e-16      0.036557  -1.18221e-15     0.0518731  -1.50546e-15      0.052676  -1.42996e-15     0.0429959  -1.10372e-15     0.0296969  -7.22429e-16     0.0178616  -4.12001e-16    0.00953121  -2.08669e-16    0.00457346  -9.51983e-17      0.001994  -3.95495e-17   0.000796568  -1.50911e-17   0.000293576  -5.32565e-18   0.000100394  -1.74799e-18   3.20087e-05  -5.36094e-19   9.55365e-06  -1.54225e-19   2.67856e-06  -4.17525e-20   7.07501e-07   -1.0666e-20   1.76489e-07   -2.5769e-21   4.16657e-08   -5.8993e-22   9.32555e-09  -1.28175e-22   1.98173e-09  -2.64655e-23    4.0033e-10  -5.19879e-24   7.69543e-11  -9.72417e-25   1.40876e-11  -1.73313e-25   2.45754e-12  -2.94486e-26    4.0872e-13  -4.77212e-27   6.48254e-14  -7.37679e-28    9.8069e-15  -1.08785e-28   1.41514e-15  -1.53037e-29   1.94762e-16  -2.05341e-30   2.55594e-17  -2.62708e-31   3.19732e-18  -3.20337e-32   3.81067e-19  -3.72082e-33   4.32449e-20  -4.11408e-34   4.66947e-21  -4.32671e-35   4.79311e-22  -4.32393e-36   4.67243e-23  -4.10162e-37   4.32046e-24   -3.6884e-38   3.78438e-25  -3.13979e-39   3.13524e-26  -2.52598e-40   2.45246e-27  -1.91699e-41   1.80771e-28  -1.36948e-42   1.25281e-29  -9.18763e-44   8.14265e-31  -5.77282e-45   4.94903e-32  -3.38665e-46   2.80362e-33   -1.8485e-47   1.47476e-34  -9.34921e-49   7.17188e-36  -4.36109e-50   3.20815e-37  -1.86594e-51   1.31221e-38  -7.27565e-53   4.87313e-40  -2.56541e-54   1.62922e-41  -8.10365e-56   4.85294e-43  -2.26677e-57   1.27127e-44  -5.53316e-59   2.88034e-46  -1.15632e-60     5.521e-48  -2.01596e-62   8.68191e-50  -2.82543e-64   1.07014e-51   -3.0057e-66   9.59531e-54   -2.1931e-68   5.40869e-56  -8.71277e-71   1.23736e-58
   -0.0016036   1.84868e-16   -0.00708596   2.57671e-16   -0.00109257  -1.41914e-16     0.0188899  -7.96836e-16     0.0394597  -1.30132e-15     0.0489854  -1.42996e-15     0.0457134   -1.2249e-15     0.0348574  -8.69873e-16     0.0226564  -5.30525e-16     0.0128813  -2.84485e-16    0.00652111  -1.36411e-16     0.0029784  -5.92369e-17    0.00123988  -2.35265e-17   0.000474293  -8.61269e-18   0.000167831  -2.92468e-18   5.52373e-05   -9.2602e-19   1.69867e-05  -2.74546e-19   4.89957e-06  -7.64903e-20   1.32976e-06  -2.00854e-20   3.40506e-07  -4.98331e-21   8.24528e-08  -1.17064e-21   1.89167e-08  -2.60827e-22    4.1185e-09  -5.51997e-23   8.52057e-10  -1.11095e-23   1.67691e-10  -2.12836e-24   3.14229e-11  -3.88445e-25    5.6103e-12  -6.75782e-26   9.54894e-13  -1.12115e-26   1.54995e-13  -1.77431e-27   2.39977e-14  -2.67894e-28   3.54447e-15  -3.85895e-29   4.99393e-16  -5.30272e-30   6.71075e-17   -6.9494e-31    8.5982e-18   -8.6827e-32   1.04995e-18  -1.03373e-32   1.22129e-19  -1.17204e-33   1.35227e-20  -1.26452e-34   1.42412e-21  -1.29712e-35   1.42515e-22  -1.26374e-36   1.35371e-23  -1.16799e-37   1.21895e-24  -1.02267e-38   1.03902e-25  -8.46991e-40   8.36992e-27  -6.62386e-41   6.36025e-28  -4.88171e-42   4.54956e-29  -3.38289e-43   3.05612e-30  -2.19865e-44   1.92267e-31  -1.33636e-45   1.12936e-32  -7.57103e-47   6.17196e-34  -3.98302e-48   3.12546e-35  -1.93731e-49   1.45971e-36  -8.66791e-51   6.25315e-38  -3.54627e-52   2.44117e-39  -1.31735e-53   8.61796e-41   -4.4057e-55    2.7255e-42  -1.31278e-56   7.63288e-44  -3.44026e-58   1.86537e-45  -7.79784e-60   3.90282e-47  -1.49533e-61   6.81215e-49  -2.35253e-63   9.55843e-51  -2.90117e-65   1.01799e-52  -2.60262e-67   7.43611e-55  -1.46783e-69   2.95754e-57  -3.35984e-72
  3.94848e-17    -0.0033717   1.69924e-16   -0.00535863   5.30133e-17    0.00512623  -4.19852e-16     0.0241177   -9.6667e-16     0.0392054  -1.26739e-15     0.0429959   -1.2249e-15     0.0367487   -9.5383e-16     0.0260696  -6.26757e-16     0.0159055  -3.57796e-16     0.0085417  -1.81082e-16    0.00410461  -8.24683e-17    0.00178691  -3.41819e-17   0.000711571  -1.30096e-17   0.000261192  -4.57903e-18   8.89279e-05   -1.4991e-18   2.82279e-05  -4.58653e-19   8.38933e-06  -1.31654e-19   2.34274e-06  -3.55712e-20   6.16538e-07    -9.071e-21   1.53291e-07  -2.18823e-21   3.60827e-08  -5.00312e-22   8.05512e-09  -1.08589e-22   1.70792e-09  -2.24027e-23   3.44356e-10  -4.39795e-24   6.60875e-11  -8.22266e-25   1.20821e-11  -1.46515e-25   2.10542e-12   -2.4893e-26   3.49864e-13  -4.03418e-27   5.54563e-14  -6.23743e-28   8.38606e-15  -9.20152e-29   1.20983e-15  -1.29507e-29   1.66497e-16  -1.73871e-30   2.18522e-17    -2.226e-31   2.73422e-18  -2.71645e-32   3.25995e-19  -3.15802e-33   3.70133e-20  -3.49515e-34     3.999e-21   -3.6796e-35   4.10778e-22   -3.6813e-36   4.00753e-23  -3.49611e-37   3.70891e-24  -3.14775e-38   3.25183e-25  -2.68299e-39    2.6968e-26  -2.16135e-40   2.11181e-27  -1.64252e-41   1.55842e-28  -1.17507e-42   1.08134e-29  -7.89483e-44   7.03706e-31  -4.96791e-45   4.28265e-32  -2.91889e-46   2.42938e-33  -1.59566e-47   1.27967e-34  -8.08312e-49   6.23201e-36  -3.77654e-50   2.79178e-37  -1.61846e-51    1.1436e-38  -6.32104e-53   4.25338e-40  -2.23252e-54   1.42421e-41  -7.06394e-56   4.24889e-43  -1.97929e-57   1.11479e-44  -4.83966e-59   2.52984e-46  -1.01313e-60     4.857e-48  -1.76937e-62   7.65021e-50  -2.48415e-64   9.44527e-52  -2.64726e-66   8.48303e-54  -1.93496e-68    4.7897e-56  -7.70078e-71    1.0976e-58
 -0.000709374   5.76031e-17   -0.00408711   8.23926e-17   -0.00189041  -1.57993e-16     0.0107729  -6.09921e-16     0.0265604  -9.92574e-16     0.0356761  -1.10372e-15     0.0348574   -9.5383e-16     0.0273077  -6.80853e-16     0.0180219  -4.16267e-16     0.0103267  -2.23372e-16    0.00524441  -1.07063e-16    0.00239612  -4.64423e-17   0.000996169  -1.84188e-17   0.000380223  -6.73234e-18   0.000134188  -2.28259e-18   4.40421e-05  -7.21656e-19   1.35071e-05  -2.13671e-19   3.88596e-06  -5.94612e-20   1.05221e-06  -1.55986e-20   2.68878e-07  -3.86711e-21    6.4991e-08  -9.07903e-22   1.48877e-08  -2.02208e-22   3.23724e-09  -4.27848e-23   6.69058e-10  -8.61048e-24   1.31573e-10   -1.6498e-24   2.46414e-11  -3.01185e-25   4.39797e-12   -5.2419e-26   7.48433e-13  -8.70124e-27   1.21485e-13  -1.37794e-27   1.88127e-14  -2.08208e-28   2.77954e-15   -3.0018e-29   3.91801e-16  -4.12887e-30   5.26801e-17  -5.41669e-31   6.75439e-18  -6.77534e-32   8.25458e-19  -8.07618e-33   9.61022e-20  -9.16827e-34   1.06513e-20  -9.90486e-35   1.12292e-21  -1.01742e-35   1.12501e-22  -9.92654e-37   1.06989e-23  -9.18796e-38   9.64605e-25  -8.05704e-39   8.23297e-26  -6.68336e-40    6.6412e-27    -5.235e-41   5.05373e-28   -3.8644e-42   3.62024e-29  -2.68234e-43   2.43549e-30  -1.74626e-44   1.53456e-31   -1.0632e-45    9.0279e-33  -6.03383e-47   4.94157e-34  -3.17984e-48   2.50643e-35  -1.54937e-49   1.17252e-36  -6.94448e-51   5.03118e-38  -2.84624e-52   1.96742e-39  -1.05921e-53   6.95726e-41  -3.54879e-55   2.20405e-42  -1.05937e-56   6.18318e-44  -2.78124e-58   1.51371e-45  -6.31564e-60   3.17258e-47  -1.21333e-61   5.54729e-49  -1.91239e-63    7.7974e-51  -2.36275e-65   8.31906e-53  -2.12354e-67   6.08766e-55  -1.19985e-69   2.42555e-57  -2.75155e-72
  5.02034e-18   -0.00164944   3.92175e-17   -0.00329195  -3.40594e-17    0.00227999  -3.21811e-16      0.014659  -6.82893e-16      0.025878  -8.94352e-16     0.0296969  -8.69873e-16     0.0260696  -6.80853e-16     0.0187833  -4.48795e-16     0.0115587   -2.5661e-16    0.00623364  -1.29939e-16    0.00300022  -5.91677e-17    0.00130611  -2.45111e-17   0.000519643  -9.32233e-18   0.000190483  -3.27878e-18   6.47536e-05  -1.07267e-18   2.05225e-05  -3.27991e-19   6.09045e-06  -9.41055e-20   1.69857e-06  -2.54182e-20    4.4652e-07  -6.48094e-21   1.10919e-07  -1.56344e-21   2.60912e-08  -3.57523e-22   5.82182e-09  -7.76226e-23   1.23405e-09  -1.60215e-23   2.48789e-10   -3.1471e-24   4.77507e-11  -5.88824e-25   8.73192e-12  -1.05007e-25   1.52223e-12  -1.78575e-26   2.53089e-13  -2.89701e-27   4.01433e-14  -4.48426e-28   6.07519e-15  -6.62326e-29   8.77232e-16  -9.33392e-30   1.20844e-16  -1.25483e-30   1.58774e-17  -1.60879e-31   1.98894e-18  -1.96615e-32   2.37429e-19  -2.28925e-33   2.69927e-20  -2.53762e-34   2.92032e-21  -2.67586e-35   3.00401e-22  -2.68153e-36   2.93501e-23  -2.55094e-37   2.72042e-24  -2.30072e-38   2.38887e-25  -1.96445e-39    1.9843e-26  -1.58533e-40   1.55639e-27  -1.20694e-41   1.15045e-28   -8.6502e-43   7.99613e-30  -5.82241e-44   5.21256e-31  -3.67061e-45   3.17779e-32  -2.16069e-46    1.8058e-33   -1.1834e-47    9.5289e-35  -6.00607e-49   4.64889e-36  -2.81145e-50   2.08634e-37  -1.20716e-51   8.56178e-39  -4.72372e-53   3.19021e-40  -1.67157e-54   1.07018e-41  -5.29921e-56   3.19858e-43  -1.48768e-57   8.40775e-45  -3.64464e-59   1.91155e-46  -7.64445e-61    3.6768e-48  -1.33764e-62    5.8021e-50  -1.88165e-64   7.17692e-52  -2.00908e-66   6.45784e-54  -1.47134e-68   3.65307e-56  -5.86696e-71   8.38699e-59
 -0.000310638    2.4814e-18   -0.00209864  -4.10003e-18   -0.00128921  -1.41126e-16    0.00597388  -4.09696e-16     0.0161041  -6.49197e-16     0.0226002  -7.22429e-16     0.0226564  -6.26757e-16     0.0180219  -4.48795e-16     0.0119989  -2.74942e-16    0.00690864  -1.47699e-16    0.00351686  -7.08285e-17    0.00160825  -3.07287e-17   0.000668648  -1.21865e-17   0.000255109  -4.45393e-18   8.99782e-05  -1.51001e-18   2.95128e-05  -4.77407e-19   9.04581e-06  -1.41371e-19   2.60122e-06  -3.93511e-20   7.04101e-07  -1.03271e-20   1.79893e-07  -2.56155e-21    4.3482e-08   -6.0178e-22   9.96217e-09  -1.34132e-22   2.16689e-09  -2.84061e-23   4.48051e-10  -5.72249e-24   8.81647e-11  -1.09766e-24   1.65239e-11  -2.00628e-25    2.9517e-12  -3.49628e-26   5.02798e-13  -5.81155e-27    8.1701e-14  -9.21651e-28   1.26667e-14  -1.39472e-28   1.87381e-15  -2.01396e-29   2.64481e-16  -2.77461e-30   3.56108e-17  -3.64612e-31    4.5725e-18  -4.56848e-32   5.59656e-19  -5.45516e-33    6.5259e-20  -6.20391e-34   7.24456e-21  -6.71455e-35   7.65029e-22  -6.90992e-36    7.6775e-23  -6.75434e-37     7.314e-24  -6.26366e-38   6.60586e-25  -5.50321e-39   5.64823e-26  -4.57379e-40   4.56446e-27  -3.58959e-41   3.47977e-28  -2.65498e-42   2.49736e-29  -1.84651e-43   1.68323e-30  -1.20451e-44   1.06257e-31  -7.34816e-46   6.26304e-33  -4.17856e-47   3.43473e-34  -2.20653e-48   1.74549e-35  -1.07729e-49   8.18119e-37  -4.83826e-51   3.51728e-38  -1.98699e-52   1.37808e-39   -7.4094e-54   4.88272e-41  -2.48746e-55   1.54985e-42  -7.44042e-57    4.3564e-44  -1.95733e-58   1.06857e-45  -4.45367e-60   2.24401e-47  -8.57341e-62   3.93134e-49  -1.35402e-63   5.53678e-51  -1.67624e-65   5.91874e-53  -1.50955e-67   4.33962e-55  -8.54641e-70   1.73244e-57   -1.9638e-72
 -5.93977e-18  -0.000761124  -8.26142e-18   -0.00170101  -5.48698e-17    0.00115699  -2.13383e-16    0.00827852  -4.19916e-16      0.015203  -5.44804e-16     0.0178616  -5.30525e-16     0.0159055  -4.16267e-16     0.0115587  -2.74942e-16     0.0071485  -1.57424e-16    0.00386604  -7.97879e-17    0.00186346  -3.63541e-17   0.000811813  -1.50674e-17   0.000323078  -5.73305e-18   0.000118441  -2.01729e-18   4.02654e-05  -6.60308e-19   1.27625e-05  -2.02027e-19   3.78815e-06  -5.80061e-20   1.05678e-06  -1.56807e-20    2.7792e-07  -4.00192e-21   6.90753e-08  -9.66431e-22   1.62593e-08  -2.21257e-22   3.63092e-09  -4.80981e-23   7.70357e-10  -9.94097e-24   1.55469e-10  -1.95551e-24   2.98736e-11  -3.66431e-25   5.46962e-12  -6.54502e-26   9.54781e-13  -1.11489e-26   1.58968e-13  -1.81176e-27    2.5252e-14  -2.80935e-28    3.8275e-15   -4.1569e-29   5.53565e-16    -5.869e-30   7.63836e-17  -7.90504e-31   1.00531e-17  -1.01543e-31   1.26155e-18  -1.24341e-32   1.50868e-19   -1.4506e-33   1.71832e-20   -1.6112e-34    1.8625e-21   -1.7024e-35   1.91949e-22  -1.70948e-36   1.87899e-23  -1.62956e-37   1.74498e-24  -1.47275e-38   1.53531e-25  -1.26011e-39    1.2778e-26  -1.01903e-40   1.00424e-27  -7.77431e-42   7.43794e-29  -5.58357e-43   5.18007e-30  -3.76617e-44   3.38361e-31  -2.37929e-45   2.06696e-32  -1.40351e-46   1.17695e-33  -7.70312e-48   6.22316e-35  -3.91778e-49   3.04229e-36  -1.83778e-50   1.36811e-37  -7.90755e-52   5.62579e-39  -3.10078e-53    2.1005e-40  -1.09957e-54   7.06062e-42  -3.49315e-56    2.1146e-43  -9.82705e-58   5.56972e-45  -2.41252e-59   1.26888e-46  -5.07068e-61    2.4456e-48  -8.89116e-63   3.86704e-50   -1.2533e-64   4.79301e-52  -1.34094e-66   4.32148e-54  -9.84047e-69   2.44949e-56  -3.93193e-71     5.635e-59
 -0.000134351  -1.08253e-17  -0.000977329  -2.44483e-17  -0.000622275  -9.77658e-17    0.00321114  -2.40772e-16    0.00887246  -3.71513e-16     0.0126908  -4.12001e-16     0.0128813  -3.57796e-16     0.0103267   -2.5661e-16    0.00690864  -1.57424e-16    0.00398954  -8.46637e-17    0.00203457   -4.0638e-17   0.000931475  -1.76455e-17   0.000387579  -7.00362e-18   0.000147966  -2.56188e-18   5.22187e-05  -8.69351e-19   1.71382e-05  -2.75133e-19   5.25652e-06  -8.15631e-20   1.51274e-06  -2.27308e-20   4.09833e-07  -5.97311e-21   1.04814e-07  -1.48366e-21   2.53626e-08  -3.49072e-22   5.81784e-09  -7.79278e-23    1.2671e-09  -1.65305e-23   2.62368e-10  -3.33585e-24   5.17039e-11   -6.4101e-25   9.70552e-12  -1.17378e-25   1.73655e-12  -2.04937e-26   2.96309e-13  -3.41309e-27   4.82326e-14  -5.42352e-28   7.49134e-15  -8.22385e-29   1.11027e-15  -1.18994e-29   1.57006e-16  -1.64277e-30   2.11807e-17   -2.1633e-31   2.72499e-18  -2.71629e-32   3.34192e-19  -3.25041e-33   3.90471e-20   -3.7045e-34   4.34354e-21  -4.01809e-35   4.59622e-22  -4.14399e-36   4.62212e-23  -4.05953e-37   4.41246e-24  -3.77286e-38    3.9936e-25  -3.32208e-39   3.42184e-26  -2.76709e-40   2.77111e-27  -2.17644e-41   2.11706e-28  -1.61331e-42    1.5226e-29   -1.1245e-43   1.02841e-30  -7.35143e-45   6.50587e-32  -4.49462e-46   3.84287e-33  -2.56148e-47   2.11196e-34  -1.35558e-48   1.07556e-35  -6.63275e-50   5.05189e-37  -2.98536e-51   2.17653e-38   -1.2287e-52   8.54578e-40  -4.59168e-54   3.03427e-41  -1.54483e-55   9.65159e-43  -4.63081e-57   2.71862e-44  -1.22083e-58   6.68244e-46  -2.78378e-60   1.40625e-47  -5.37025e-62   2.46878e-49  -8.49934e-64   3.48419e-51  -1.05442e-65   3.73226e-53  -9.51565e-68   2.74214e-55  -5.39863e-70   1.09695e-57  -1.24309e-72
 -6.04464e-18  -0.000331132  -1.49181e-17  -0.000764326  -4.20503e-17   0.000653929  -1.22304e-16    0.00433815  -2.27942e-16     0.0080395  -2.92558e-16    0.00953121  -2.84485e-16     0.0085417  -2.23372e-16    0.00623364  -1.47699e-16    0.00386604  -8.46637e-17    0.00209485  -4.29571e-17    0.00101115  -1.95938e-17   0.000441004  -8.12984e-18   0.000175684  -3.09694e-18   6.44699e-05  -1.09107e-18   2.19396e-05   -3.5761e-19   6.96155e-06  -1.09569e-19   2.06875e-06  -3.15073e-20   5.77851e-07  -8.53101e-21   1.52175e-07  -2.18091e-21   3.78772e-08  -5.27603e-22   8.92953e-09  -1.21013e-22   1.99733e-09  -2.63565e-23   4.24485e-10   -5.4581e-24   8.58189e-11  -1.07584e-24   1.65205e-11   -2.0201e-25   3.03049e-12  -3.61579e-26    5.3003e-13  -6.17234e-27   8.84236e-14  -1.00522e-27   1.40744e-14  -1.56213e-28   2.13768e-15  -2.31655e-29   3.09815e-16  -3.27798e-30   4.28401e-17  -4.42509e-31   5.65038e-18  -5.69708e-32   7.10587e-19  -6.99201e-33    8.5163e-20  -8.17571e-34   9.72088e-21  -9.10166e-35   1.05597e-21   -9.6389e-36   1.09068e-22  -9.70121e-37   1.07003e-23  -9.26894e-38   9.95918e-25  -8.39624e-39   8.78194e-26  -7.20043e-40   7.32527e-27  -5.83625e-41   5.76979e-28  -4.46273e-42   4.28291e-29  -3.21249e-43   2.98941e-30  -2.17179e-44   1.95701e-31  -1.37516e-45   1.19813e-32  -8.13022e-47   6.83732e-34  -4.47233e-48   3.62324e-35  -2.27973e-49   1.77517e-36  -1.07179e-50   8.00036e-38  -4.62197e-52   3.29702e-39  -1.81644e-53   1.23369e-40  -6.45555e-55   4.15592e-42  -2.05535e-56   1.24736e-43  -5.79488e-58   3.29253e-45  -1.42575e-59   7.51706e-47  -3.00317e-61   1.45191e-48  -5.27731e-63   2.30068e-50  -7.45494e-65   2.85762e-52  -7.99335e-67   2.58192e-54  -5.87843e-69   1.46655e-56  -2.35382e-71   3.38082e-59
 -5.66603e-05  -8.95638e-18  -0.000415269  -1.93441e-17  -0.000225576  -5.58807e-17    0.00164465  -1.25282e-16    0.00446134  -1.89124e-16    0.00639925  -2.08669e-16    0.00652111  -1.81082e-16    0.00524441  -1.29939e-16    0.00351686  -7.97879e-17    0.00203457  -4.29571e-17    0.00103912  -2.06437e-17   0.000476367  -8.97526e-18   0.000198464  -3.56727e-18   7.58646e-05  -1.30682e-18   2.68092e-05   -4.4416e-19   8.81118e-06  -1.40804e-19   2.70654e-06  -4.18154e-20   7.80133e-07  -1.16752e-20   2.11706e-07  -3.07389e-21   5.42378e-08  -7.65053e-22   1.31483e-08  -1.80372e-22   3.02175e-09  -4.03522e-23   6.59414e-10  -8.57834e-24   1.36814e-10  -1.73494e-24    2.7017e-11  -3.34131e-25   5.08215e-12  -6.13237e-26    9.1127e-13  -1.07316e-26    1.5583e-13  -1.79144e-27   2.54217e-14  -2.85334e-28   3.95723e-15  -4.33684e-29    5.8781e-16  -6.29007e-30   8.33127e-17  -8.70445e-31   1.12649e-17  -1.14899e-31   1.45261e-18  -1.44616e-32   1.78558e-19  -1.73468e-33    2.0911e-20  -1.98176e-34    2.3315e-21  -2.15467e-35   2.47286e-22  -2.22751e-36   2.49256e-23  -2.18732e-37   2.38502e-24  -2.03771e-38   2.16362e-25  -1.79852e-39   1.85816e-26  -1.50161e-40   1.50827e-27  -1.18388e-41   1.15494e-28  -8.79634e-43   8.32546e-30  -6.14561e-44    5.6362e-31  -4.02709e-45   3.57368e-32  -2.46788e-46   2.11571e-33   -1.4097e-47   1.16539e-34  -7.47759e-49   5.94838e-36  -3.66715e-50   2.80025e-37  -1.65433e-51   1.20915e-38  -6.82432e-53   4.75813e-40  -2.55604e-54   1.69318e-41  -8.61896e-56   5.39769e-43  -2.58942e-57   1.52375e-44  -6.84173e-59   3.75362e-46  -1.56354e-60   7.91632e-48   -3.0229e-62   1.39279e-49  -4.79475e-64   1.96988e-51  -5.96129e-66   2.11466e-53  -5.39144e-68   1.55699e-55  -3.06539e-70   6.24173e-58  -7.07349e-73
 -3.59399e-18   -0.00013514  -9.98216e-18  -0.000301985  -2.41386e-17   0.000370665  -6.16844e-17    0.00210239   -1.1075e-16    0.00385788   -1.4068e-16    0.00457346  -1.36411e-16    0.00410461  -1.07063e-16    0.00300022  -7.08285e-17    0.00186346   -4.0638e-17    0.00101115  -2.06437e-17   0.000488746  -9.42904e-18   0.000213464  -3.91827e-18   8.51648e-05  -1.49508e-18   3.13014e-05  -5.27665e-19   1.06697e-05  -1.73273e-19   3.39146e-06   -5.3195e-20   1.00968e-06  -1.53281e-20   2.82568e-07  -4.15916e-21    7.4561e-08  -1.06561e-21   1.85968e-08  -2.58374e-22   4.39347e-09  -5.93982e-23   9.84848e-10  -1.29673e-23   2.09771e-10  -2.69176e-24   4.25054e-11  -5.31849e-25   8.20123e-12  -1.00108e-25   1.50791e-12  -1.79625e-26   2.64351e-13  -3.07387e-27   4.42054e-14  -5.01849e-28   7.05297e-15  -7.81825e-29    1.0738e-15   -1.1623e-29   1.56001e-16   -1.6488e-30   2.16234e-17  -2.23136e-31    2.8589e-18  -2.87994e-32   3.60404e-19  -3.54338e-33   4.32986e-20  -4.15358e-34   4.95426e-21   -4.6355e-35   5.39478e-22   -4.9213e-36   5.58559e-23  -4.96537e-37   5.49303e-24  -4.75581e-38   5.12487e-25  -4.31861e-39   4.52991e-26   -3.7126e-40   3.78755e-27  -3.01654e-41   2.99039e-28  -2.31221e-42   2.22503e-29  -1.66845e-43    1.5567e-30  -1.13066e-44   1.02148e-31  -7.17628e-46   6.26842e-33  -4.25283e-47   3.58551e-34  -2.34495e-48   1.90444e-35  -1.19812e-49   9.35209e-37  -5.64599e-51   4.22448e-38  -2.44041e-52   1.74492e-39  -9.61297e-54   6.54399e-41  -3.42423e-55   2.20945e-42  -1.09271e-56   6.64629e-44  -3.08777e-58   1.75827e-45   -7.6141e-60   4.02315e-47  -1.60741e-61   7.78779e-49   -2.8309e-63   1.23675e-50  -4.00788e-65   1.53949e-52  -4.30677e-67   1.39397e-54  -3.17418e-69   7.93494e-57  -1.27375e-71   1.83315e-59
