 2.43369e-14 -3.92898e-28 -6.44765e-13  1.61635e-26  6.42333e-12 -2.05476e-25 -3.69188e-11  1.52206e-24   1.3991e-10 -7.84992e-24 -3.70401e-10   3.0517e-23  6.99549e-10  -9.3254e-23 -9.34181e-10  2.29232e-22  8.36266e-10   -4.585e-22 -4.16772e-10  7.48397e-22  2.64491e-12 -9.92941e-22  1.24829e-10  1.06137e-21 -3.83246e-11 -9.09876e-22 -2.87514e-11  6.53801e-22  1.27278e-11 -4.91953e-22  7.81484e-12  5.24519e-22 -2.59333e-12 -6.53408e-22 -2.32137e-12  6.85219e-22  1.40924e-13 -5.26659e-22  5.64342e-13  2.59878e-22  1.33871e-13 -3.82089e-23 -7.40014e-14 -5.72968e-23 -5.29097e-14   5.4109e-23 -6.08876e-15 -2.13389e-23  7.07947e-15  1.01045e-24  3.99179e-15  3.14236e-24  5.76452e-16 -1.46572e-24 -3.53863e-16  1.76025e-25 -2.41351e-16  8.32622e-26 -6.16995e-17 -4.51311e-26  2.36439e-18  4.80947e-27  8.36069e-18  9.51092e-27  3.53647e-18 -5.15006e-27  7.37868e-19   -5.725e-28 -6.80576e-21  6.95633e-28 -6.75795e-20  2.10583e-28 -2.84747e-20  -1.3364e-28 -6.94997e-21 -3.72045e-29 -9.13659e-22  2.99272e-29  6.60866e-23  9.28865e-31  7.64823e-23 -4.17189e-30  2.49459e-23  -5.7797e-31  5.38336e-24  5.15965e-31  8.14548e-25  1.90774e-31  6.88258e-26 -8.50503e-33 -4.97913e-27 -1.97729e-32  -3.4006e-27 -5.57409e-33 -8.11155e-28 -1.88214e-34 -1.35952e-28  3.00442e-34 -1.76842e-29  8.70897e-35 -1.80082e-30  6.01454e-36 -1.35115e-31 -1.10933e-36  -5.4826e-33 -5.97636e-37  2.91293e-34   -1.412e-37  8.48053e-35 -2.08999e-38   9.8549e-36 -3.86239e-39  7.94956e-37 -7.24563e-40  4.84096e-38 -9.44298e-41  2.24687e-39 -8.99948e-42  7.82766e-41 -5.57168e-43  1.91304e-42 -1.51967e-44  2.68766e-44  4.75367e-47  1.69573e-46  6.74901e-48
-3.92898e-28  9.38759e-13 -8.98257e-27 -1.40751e-11  2.56739e-25  1.06126e-10 -2.61897e-24 -5.01617e-10  1.65059e-23  1.62212e-09 -7.47812e-23 -3.72813e-09  2.60654e-22  6.13803e-09 -7.24407e-22 -7.06988e-09  1.63595e-21  5.23058e-09 -3.02566e-21 -1.75089e-09  4.57768e-21 -6.45081e-10 -5.60963e-21  7.84146e-10  5.45584e-21  -1.1581e-11 -4.07974e-21  -2.2166e-10  2.30322e-21  1.30808e-11 -1.23141e-21    5.941e-11  1.30917e-21  3.08825e-12  -1.9765e-21 -1.41113e-11  2.29276e-21 -3.84692e-12 -1.82977e-21  2.17661e-12  9.18011e-22  1.49554e-12 -1.53161e-22  5.28509e-14 -1.70345e-22 -2.75826e-13  1.60746e-22 -1.16896e-13 -5.93425e-23   1.5306e-15  8.75323e-25  2.03702e-14  8.78766e-24  8.62572e-15 -3.53923e-24  7.74764e-16   4.4069e-25 -8.69894e-16  7.38189e-26 -4.99022e-16 -8.48827e-26 -1.20147e-16  3.33741e-26  2.95099e-18  2.50344e-26  1.42947e-17 -1.96194e-26  6.13328e-18   -1.191e-27  1.39769e-18   2.3487e-27  8.58126e-20  6.13225e-28 -7.30227e-20 -4.01897e-28  -3.6581e-20 -8.11938e-29 -1.00262e-20  9.54885e-29 -1.75377e-21  -6.1691e-30 -1.23416e-22 -1.62119e-29  4.03357e-23 -1.32335e-30  1.94972e-23  2.15797e-30  4.94299e-24  7.33443e-31  8.97284e-25 -2.21747e-32  1.19514e-25 -7.31554e-32  9.96988e-27 -2.20946e-32 -1.23423e-28  -1.5178e-33 -2.32215e-28  9.00733e-34 -5.19664e-29  2.75583e-34 -7.79157e-30  2.25509e-35 -9.03395e-31 -2.83756e-36 -8.37811e-32 -1.87446e-36 -6.17992e-33 -4.73092e-37 -3.46464e-34 -8.10721e-38 -1.26613e-35 -1.45378e-38 -6.13947e-38 -2.26705e-39  2.95374e-38 -2.51348e-40  2.39553e-39 -2.03302e-41  1.07633e-40 -1.04951e-42  2.90163e-42 -2.40573e-44  4.50659e-44 -1.79076e-47  2.62492e-46
-6.44765e-13 -8.98257e-27  1.77699e-11 -1.16399e-25 -1.84615e-10  2.53203e-24  1.10989e-09 -2.14421e-23 -4.41626e-09  1.16976e-22  1.23378e-08 -4.70314e-22 -2.47683e-08  1.47985e-21  3.55737e-08 -3.76009e-21 -3.50598e-08  7.83679e-21  2.06601e-08 -1.34615e-20 -2.99193e-09  1.89675e-20  -4.9458e-09 -2.15906e-20  2.61038e-09  1.92418e-20  8.90032e-10 -1.25995e-20 -8.38991e-10   5.2641e-21 -2.31029e-10 -1.15836e-21  2.08232e-10  1.40039e-21   8.5841e-11  -3.7738e-21 -3.50868e-11   5.1793e-21 -2.85006e-11 -4.33509e-21 -3.88121e-14  2.20017e-21  6.13051e-12 -3.87142e-22  2.13439e-12 -3.60858e-22 -4.03426e-13  3.33843e-22 -5.56654e-13 -1.13364e-22 -1.59196e-13 -2.90455e-24   2.4673e-14  1.67369e-23  3.59369e-14 -5.51849e-24  1.24612e-14  9.30218e-25  6.54403e-16 -3.47703e-25 -1.32741e-15 -8.86817e-26 -6.88427e-16  1.42519e-25 -1.63866e-16  4.44162e-26 -1.67679e-18 -5.27626e-26  1.52795e-17 -1.30878e-27  6.90608e-18  4.98643e-27    1.725e-18  1.17934e-27  2.04717e-19 -6.85213e-28 -3.57019e-20 -4.18779e-29 -2.73176e-20   2.0271e-28 -8.54368e-21 -4.50425e-29 -1.77508e-21   -4.556e-29 -2.38319e-22 -1.52745e-30 -7.68808e-24  6.41983e-30   6.3583e-24  2.06693e-30  2.23555e-24 -2.24086e-32  4.74766e-25 -1.89259e-31  7.51978e-26 -6.12515e-32  9.14328e-27 -6.01437e-33  7.98733e-28  1.68243e-33  3.26008e-29  5.66291e-34 -4.08267e-30  4.94838e-35 -1.14469e-30 -6.32349e-36 -1.59503e-31   -4.351e-36 -1.61459e-32  -1.1273e-36 -1.27812e-33 -2.05301e-37 -8.03566e-35 -3.44815e-38 -3.97525e-36 -4.62118e-39 -1.50056e-37 -4.41347e-40 -4.08422e-39  -3.0254e-41 -7.08947e-41 -1.28466e-42  -5.9988e-43 -2.36947e-44  1.01541e-45 -5.00967e-47
 1.61635e-26 -1.40751e-11 -1.16399e-25  2.20053e-10 -1.04758e-24 -1.73483e-09  1.82813e-23  8.60252e-09 -1.31597e-22 -2.93107e-08   6.2945e-22  7.13984e-08 -2.26339e-21 -1.25696e-07  6.46327e-21  1.57197e-07 -1.50771e-20 -1.30706e-07  2.91115e-20  5.70317e-08 -4.66194e-20  6.71455e-09   6.1429e-20 -2.07903e-08 -6.52848e-20  4.18425e-09  5.36956e-20  5.36634e-09 -3.10166e-20 -1.60237e-09  8.81054e-21 -1.49006e-09  2.57862e-21  2.98442e-10 -1.61509e-21  4.23776e-10 -4.92214e-21  1.32109e-11  9.12478e-21 -9.60523e-11 -8.10697e-21 -3.09902e-11  4.14686e-21  1.04539e-11 -7.32963e-22  1.00585e-11 -6.33587e-22  1.81049e-12  5.62735e-22 -1.12544e-12 -1.71941e-22 -7.89178e-13 -1.36168e-23 -1.56714e-13  2.50245e-23  5.31419e-14 -5.77992e-24  4.69651e-14  1.89807e-24  1.41729e-14 -1.73991e-24  4.80968e-16 -2.72813e-26 -1.47718e-15  4.30185e-25 -7.29552e-16  6.37826e-26 -1.78179e-16 -1.11777e-25 -1.00327e-17 -1.31185e-27  1.12846e-17  6.52356e-27  5.68023e-18  1.68806e-27  1.55554e-18 -3.99756e-28  2.53139e-19  3.30228e-28  4.95461e-21  3.22684e-28 -1.21676e-20 -1.67067e-28 -4.73791e-21 -1.06961e-28  -1.1303e-21  4.64029e-31 -1.92359e-22  1.55877e-29 -2.17182e-23  4.87206e-30 -5.91862e-25  6.30444e-32  4.26861e-25 -3.90657e-31  1.29736e-25 -1.36257e-31  2.40223e-26 -1.69948e-32  3.36162e-27  1.97039e-33  3.71797e-28  8.28803e-34  3.21327e-29  6.63496e-35  1.99727e-30 -1.55025e-35  5.75168e-32 -8.71846e-36  -4.9842e-33 -2.19191e-36  -9.4569e-34 -3.97331e-37  -8.6117e-35 -6.11093e-38 -5.44792e-36 -7.12374e-39 -2.53422e-37 -5.87295e-40 -8.55734e-39 -3.38187e-41 -2.00463e-40 -1.15109e-42 -2.86126e-42 -1.56507e-44 -1.68432e-44
 6.42333e-12  2.56739e-25 -1.84615e-10 -1.04758e-24  2.00519e-09 -7.17798e-24 -1.26411e-08  1.04013e-22  5.29429e-08 -6.47509e-22 -1.56456e-07  2.74174e-21  3.34573e-07 -8.86877e-21 -5.17534e-07  2.30762e-20  5.60794e-07 -4.95865e-20 -3.83951e-07  8.89806e-20  1.03509e-07 -1.33281e-19  6.61939e-08  1.64827e-19 -5.83985e-08 -1.64286e-19 -5.05962e-09  1.25548e-19  1.79149e-08 -6.46395e-20  5.83626e-10  1.09191e-20 -4.89623e-09   1.4151e-20  -6.7148e-10 -1.09788e-20  1.13213e-09 -3.65728e-21  4.12204e-10  1.32812e-20   -1.552e-10 -1.27138e-20 -1.39242e-10  6.54236e-21  -1.3949e-11 -1.11879e-21  2.31432e-11 -9.82307e-22  1.17207e-11  8.23796e-22  5.76672e-13 -2.21078e-22 -1.78126e-12 -3.44704e-23 -8.76471e-13  3.13606e-23 -1.19638e-13 -2.22892e-24  7.20036e-14   3.6211e-24  4.92742e-14 -4.79795e-24  1.36353e-14  7.74111e-26   4.8354e-16   1.0161e-24 -1.26842e-15  9.35414e-26  -6.2356e-16 -1.92583e-25     -1.6e-16 -5.73134e-27 -1.65807e-17  7.48677e-28  5.49014e-18  1.74581e-27    3.487e-18  1.76116e-27  1.05557e-18    1.502e-27  2.07546e-19  3.82386e-28  2.20363e-20 -4.57957e-28 -1.97387e-21 -2.21326e-28 -1.63568e-21  7.06032e-30 -4.67517e-22  3.26071e-29 -9.20519e-23   1.0087e-29 -1.35427e-23  4.02898e-31 -1.41181e-24 -6.73915e-31 -6.66295e-26 -2.56667e-31  1.09898e-26 -3.84785e-32  3.60408e-27  4.93137e-34  6.04054e-28  7.79039e-34  7.43607e-29  2.41469e-35  7.23134e-30 -3.81696e-35  5.63801e-31 -1.57533e-35  3.47327e-32 -3.64979e-36  1.60661e-33 -6.27249e-37  4.78539e-35 -8.68446e-38  2.42001e-37 -8.81771e-39 -6.16774e-38 -6.23865e-40 -3.53799e-39 -2.96477e-41 -9.71526e-41 -7.72343e-43 -1.33912e-42 -6.31555e-45
-2.05476e-25  1.06126e-10  2.53203e-24 -1.73483e-09 -7.17798e-24  1.43396e-08 -3.95043e-23 -7.48006e-08  4.87014e-22  2.69249e-07 -2.65593e-21 -6.96884e-07  1.00271e-20  1.31459e-06 -2.93011e-20 -1.78647e-06  6.96713e-20  1.66189e-06 -1.38259e-19 -8.96652e-07  2.31188e-19   5.8828e-08 -3.24828e-19  2.60407e-07   3.7822e-19 -1.08672e-07 -3.54937e-19 -5.54026e-08  2.53586e-19  3.82286e-08  -1.1784e-19  1.49733e-08  9.08836e-21  -9.6172e-09  3.69034e-20 -5.16167e-09 -2.89288e-20   1.4875e-09  1.55621e-21  1.60428e-09  1.64034e-20  1.00625e-10 -1.72781e-20 -3.24778e-10  8.95793e-21 -1.34397e-10 -1.44024e-21  1.50058e-11 -1.38829e-21   3.1692e-11  1.09667e-21  1.05025e-11 -2.54508e-22 -8.85321e-13  -6.8916e-23 -2.08851e-12  3.51401e-23 -8.11735e-13   7.5125e-24  -7.5241e-14  6.18575e-24  7.32802e-14 -1.02218e-23  4.32588e-14  8.09805e-26  1.14985e-14  2.00155e-24  6.33988e-16  1.86609e-25 -8.50629e-16 -2.68582e-25 -4.36355e-16 -2.72073e-26 -1.19197e-16 -2.43276e-26 -1.73811e-17  8.34102e-28  1.11128e-18  7.91645e-27   1.5474e-18   4.1523e-27  5.36934e-19  2.64305e-28  1.20792e-19 -1.03357e-27  1.84635e-20 -4.13492e-28  1.34301e-21  2.10095e-29  -2.3714e-22  6.05527e-29 -1.16499e-22  1.88181e-29 -2.72662e-23  1.29427e-30  -4.6082e-24 -9.87268e-31 -6.02507e-25 -4.20828e-31  -5.9991e-26 -7.36246e-32 -3.96276e-27 -4.28706e-33 -3.06131e-29  4.26619e-35  3.63733e-29 -1.44201e-34  6.30706e-30 -8.31624e-35  6.85656e-31 -2.57262e-35   5.5844e-32 -5.30977e-36  3.54481e-33 -8.35808e-37  1.75402e-34 -1.02686e-37  6.59654e-36 -9.03217e-39  1.78922e-37 -5.41258e-40  3.20915e-39 -2.06021e-41  3.01766e-41 -3.76623e-43   4.8566e-44
-3.69188e-11 -2.61897e-24  1.10989e-09  1.82813e-23 -1.26411e-08 -3.95043e-23  8.38166e-08 -1.80937e-22 -3.70589e-07  1.93216e-21  1.16177e-06 -9.32114e-21 -2.65331e-06  3.15415e-20  4.42865e-06 -8.34995e-20 -5.27415e-06  1.81773e-19  4.14661e-06 -3.33742e-19 -1.61117e-06   5.2117e-19 -3.89459e-07 -6.88659e-19  6.96222e-07  7.57141e-19 -8.90267e-08 -6.71314e-19 -1.95967e-07  4.50887e-19   4.2415e-08 -1.91799e-19  5.59879e-08  2.35397e-21 -7.15478e-09  7.01621e-20 -1.58006e-08 -5.45177e-20 -1.36519e-09  1.10643e-20  3.49086e-09  1.72664e-20  1.33423e-09 -2.07452e-20 -3.35395e-10  1.09191e-20 -4.01365e-10  -1.6327e-21 -8.71372e-11 -1.81205e-21  4.08149e-11  1.38154e-21  3.29589e-11 -2.83191e-22  7.52621e-12 -1.22344e-22  -1.8786e-12  3.91471e-23 -1.98606e-12  2.63128e-23 -6.53971e-13  9.44717e-24 -4.35002e-14  -1.8655e-23  5.95661e-14 -3.92662e-25  3.24421e-14  3.42715e-24  8.60424e-15  4.71917e-25  7.47987e-16 -2.83429e-25 -4.32901e-16 -8.88137e-26 -2.48724e-16 -8.62523e-26  -7.3035e-17 -1.55091e-27 -1.31963e-17  2.07322e-26 -7.75994e-19  9.03406e-27  4.31085e-19 -1.90254e-28  1.97253e-19  -2.0212e-27  5.04486e-20 -7.06146e-28  9.19281e-21   4.5006e-29  1.17926e-21  1.01908e-28  7.50164e-23  3.21684e-29 -1.01394e-23  3.15275e-30 -4.43769e-24 -1.21996e-30 -9.01828e-25 -6.09757e-31 -1.32868e-25 -1.22577e-31 -1.53845e-26 -1.34673e-32 -1.41644e-27 -1.68035e-33 -1.00423e-28 -4.89784e-34 -4.83453e-30 -1.53821e-34 -6.12339e-32 -3.76392e-35   1.5251e-32 -6.80771e-36  1.81073e-33 -9.58572e-37  1.20426e-34 -1.03133e-37  5.47305e-36  -7.7746e-39  1.71073e-37 -3.86247e-40  3.42418e-39 -1.12049e-41  3.47426e-41 -1.17675e-43
 1.52206e-24 -5.01617e-10 -2.14421e-23  8.60252e-09  1.04013e-22 -7.48006e-08 -1.80937e-22  4.11824e-07 -7.07477e-22 -1.57114e-06  6.63461e-21  4.33403e-06 -2.85237e-20 -8.78338e-06  8.68256e-20  1.29893e-05 -2.08555e-19 -1.34824e-05  4.16021e-19   8.7222e-06 -7.07509e-19  -1.9083e-06  1.03368e-18 -1.85756e-06 -1.28764e-18  1.36221e-06  1.34048e-18  2.25901e-07 -1.12653e-18 -4.50799e-07  7.14829e-19 -4.21466e-08 -2.82667e-19  1.27231e-07 -6.45195e-21  2.43851e-08  1.06927e-19 -2.95519e-08 -8.26795e-20 -1.25793e-08   2.3732e-20  3.83041e-09  1.50298e-20  4.07241e-09 -2.22434e-20  5.35866e-10  1.20942e-20 -6.56235e-10 -1.74221e-21 -3.64686e-10 -2.17781e-21 -2.72989e-11  1.70849e-21  5.31644e-11 -3.39439e-22  2.81837e-11 -2.04792e-22  4.40878e-12  4.95977e-23 -2.13527e-12  5.82375e-23 -1.60214e-12  1.34165e-23  -4.7211e-13 -3.07637e-23 -2.78818e-14 -2.07742e-24  3.95011e-14  5.24766e-24  2.09179e-14  1.17318e-24   5.6895e-15 -1.53744e-25  7.00883e-16 -2.21723e-25 -1.48035e-16 -2.04624e-25 -1.12664e-16  -5.5101e-27 -3.61704e-17  4.27516e-26  -7.5633e-18  1.66724e-26 -9.39368e-19 -1.18996e-27  1.91166e-20  -3.5315e-27  4.64655e-20 -1.11119e-27  1.46118e-20  8.16329e-29  3.03066e-21   1.5797e-28  4.70881e-22  5.10165e-29  5.41979e-23   6.4395e-30  3.81662e-24 -1.21511e-30 -8.67116e-26 -7.86574e-31 -7.92692e-26 -1.80749e-31 -1.50614e-26 -2.69184e-32 -1.94379e-27 -4.41428e-33 -1.93838e-28  -1.0051e-33   -1.542e-29 -2.41822e-34  -9.7732e-31 -4.89869e-35 -4.81207e-32 -7.72107e-36 -1.72879e-33 -9.56772e-37 -3.80877e-35 -8.89643e-38 -1.08809e-37 -5.65551e-39  2.32267e-38  -2.2541e-40  6.90818e-40 -4.55787e-42   5.8814e-42
  1.3991e-10  1.65059e-23 -4.41626e-09 -1.31597e-22  5.29429e-08  4.87014e-22 -3.70589e-07 -7.07477e-22  1.73613e-06  -2.4075e-21 -5.79411e-06  2.00407e-20  1.41785e-05 -7.72125e-20 -2.56017e-05  2.11911e-19    3.353e-05 -4.62033e-19 -3.00429e-05  8.44399e-19  1.52335e-05 -1.33063e-18 -3.27238e-08  1.82144e-18 -5.11647e-06 -2.14413e-18  1.82933e-06  2.11988e-18  1.20387e-06 -1.69397e-18 -7.06682e-07  1.02003e-18  -3.3643e-07  -3.8129e-19  1.84291e-07 -9.69063e-21  1.14568e-07  1.34401e-19 -2.78568e-08 -1.05661e-19 -3.54035e-08   3.7617e-20 -3.10562e-09  9.45717e-21  7.17419e-09   -2.137e-20  3.19116e-09  1.23721e-20 -2.89244e-10 -1.95213e-21  -7.4711e-10 -2.35484e-21 -2.60827e-10  2.13605e-21  1.77485e-11 -4.73171e-22  5.12834e-11 -3.34093e-22  2.07502e-11  7.38705e-23  2.15879e-12  1.09567e-22 -1.81521e-12  1.90447e-23 -1.12358e-12 -4.74047e-23 -3.10824e-13 -6.13602e-24 -2.16369e-14  7.32926e-24  2.12678e-14  2.58673e-24  1.15372e-14  2.14375e-25  3.27672e-15 -4.56348e-25  5.17036e-16 -3.93717e-25 -1.36829e-17 -9.89152e-27 -3.82021e-17  7.54863e-26 -1.40624e-17  2.69541e-26 -3.29603e-18  -3.0233e-27 -5.35696e-19 -5.63297e-27 -4.88493e-20 -1.62244e-27  3.38042e-21  1.33568e-28  2.56961e-21  2.28587e-28  6.47419e-22   7.5775e-29  1.13765e-22  1.15275e-29  1.54386e-23   -8.097e-31  1.63059e-24 -9.03978e-31  1.25382e-25 -2.38747e-31  4.89676e-27 -4.28681e-32 -3.69496e-28 -7.78566e-33  -9.7976e-29 -1.60213e-33 -1.15537e-29 -3.26879e-34  -9.5726e-31 -5.65359e-35 -6.01758e-32  -7.7577e-36 -2.89801e-33  -8.3573e-37 -1.04585e-34  -6.6194e-38 -2.68783e-36 -3.46774e-39 -4.44325e-38 -1.05282e-40 -3.63998e-40 -1.21281e-42
-7.84992e-24  1.62212e-09  1.16976e-22 -2.93107e-08 -6.47509e-22  2.69249e-07  1.93216e-21 -1.57114e-06  -2.4075e-21  6.37875e-06  -7.2384e-21 -1.88259e-05  5.39377e-20  4.11289e-05 -1.87004e-19 -6.63446e-05  4.63304e-19  7.67541e-05 -9.16327e-19 -5.84244e-05   1.5323e-18  2.09689e-05 -2.23599e-18  7.24874e-06  2.87037e-18  -1.0423e-05 -3.20158e-18  9.04936e-07  3.01723e-18   3.1428e-06 -2.30052e-18 -5.68543e-07  1.31965e-18 -9.31007e-07 -4.75087e-19  9.43868e-08   3.8902e-21  2.68936e-07  1.37838e-19  2.82622e-08 -1.16498e-19 -6.08342e-08  5.11295e-20 -2.45236e-08  1.09628e-21  5.91796e-09 -1.82803e-20  7.49389e-09  1.17584e-20  1.67815e-09 -2.55321e-21 -7.83237e-10 -2.14548e-21 -6.47335e-10  2.74319e-21  -1.5033e-10 -7.40596e-22  3.79311e-11 -5.38797e-22  4.07039e-11  1.16588e-22  1.35963e-11  1.89571e-22  9.39637e-13  2.89988e-23 -1.25098e-12 -6.96999e-23 -6.92994e-13 -1.40726e-23 -1.87433e-13  9.45836e-24   -1.759e-14   4.9997e-24   8.9539e-15   8.9527e-25  5.35501e-15 -8.07864e-25  1.61019e-15 -6.52254e-25  3.02167e-16 -1.09009e-26  2.21399e-17  1.18646e-25 -8.08578e-18  3.87713e-26 -4.06114e-18 -6.09363e-27  -1.0737e-18 -8.34016e-27 -2.01853e-19 -2.21377e-27 -2.73839e-20  2.03519e-28 -2.17317e-21  3.12133e-28   9.8274e-23  1.06132e-28  7.42242e-23  1.85349e-29  1.62303e-23  1.06819e-31  2.46214e-24 -9.18638e-31  2.90696e-25 -2.84491e-31  2.74055e-26 -5.81846e-32  2.03678e-27 -1.10794e-32  1.12214e-28 -2.13328e-33   3.6219e-30 -3.84315e-34 -5.31859e-32 -5.78247e-35 -1.61968e-32 -6.90519e-36 -1.18201e-33 -6.39739e-37 -5.23426e-35 -4.24176e-38   -1.492e-36 -1.77106e-39 -2.46408e-38 -3.74051e-41 -1.53669e-40
-3.70401e-10 -7.47812e-23  1.23378e-08   6.2945e-22 -1.56456e-07 -2.65593e-21  1.16177e-06  6.63461e-21 -5.79411e-06  -7.2384e-21  2.06791e-05 -1.94605e-20 -5.44472e-05  1.30675e-19  0.000106733 -4.08933e-19 -0.000154001  9.14938e-19  0.000156563 -1.63889e-18 -9.85509e-05  2.50099e-18  1.86256e-05 -3.37237e-18  2.39691e-05  4.06079e-18 -1.62582e-05 -4.30623e-18  -3.3988e-06  3.88857e-18  5.76019e-06 -2.84061e-18  6.74301e-07  1.55646e-18 -1.70206e-06 -5.51465e-19 -3.52986e-07  4.61951e-20  4.12394e-07  1.06203e-19  1.81289e-07 -1.12905e-19  -5.6389e-08  6.37802e-20 -6.07827e-08 -8.45421e-21 -7.77441e-09 -1.35308e-20  1.03466e-08   1.0133e-20  5.71458e-09 -3.88316e-21  3.74168e-10 -1.29312e-21  -8.8866e-10  3.62261e-21  -4.6475e-10 -1.18841e-21 -6.95644e-11 -8.59587e-22  3.81268e-11  1.75894e-22  2.78388e-11  3.10238e-22  8.13401e-12  4.78562e-23  4.32103e-13 -9.88008e-23 -7.16829e-13 -2.74126e-23 -3.76375e-13  1.13418e-23 -1.02652e-13  8.55233e-24 -1.28221e-14  1.90555e-24  2.60576e-15 -1.26034e-24  2.02708e-15 -9.53326e-25  6.57868e-16 -4.48228e-28  1.39869e-16  1.69952e-25  1.82277e-17  4.99459e-26   1.9178e-20 -1.09131e-26 -7.54741e-19 -1.16147e-26 -2.48146e-19 -2.84407e-27 -5.25162e-20  2.93337e-28 -8.33256e-21  4.05413e-28 -9.98213e-22  1.40789e-28 -8.01917e-23  2.71754e-29 -1.21157e-24  1.53506e-30  9.32759e-25 -8.07487e-31  2.00233e-25 -3.07001e-31  2.65907e-26 -6.93477e-32  2.66375e-27 -1.34799e-32  2.10914e-28  -2.4505e-33  1.32779e-29 -3.96575e-34  6.53472e-31 -5.24302e-35  2.41146e-32 -5.43816e-36  6.09701e-34 -4.28207e-37  8.15678e-36 -2.32323e-38 -2.34655e-38 -7.34183e-40 -2.05603e-39 -8.80897e-42
  3.0517e-23 -3.72813e-09 -4.70314e-22  7.13984e-08  2.74174e-21 -6.96884e-07 -9.32114e-21  4.33403e-06  2.00407e-20 -1.88259e-05 -1.94605e-20  5.97467e-05 -4.72343e-20 -0.000141354   2.8729e-19  0.000249592  -8.1332e-19 -0.000322059  1.64329e-18  0.000285168 -2.65977e-18 -0.000141406  3.68768e-18 -4.57709e-06 -4.57332e-18  5.24898e-05  5.15992e-18 -1.79761e-05 -5.22905e-18 -1.30836e-05  4.56262e-18  7.54359e-06 -3.20884e-18  3.76237e-06   1.6789e-18 -2.09532e-06 -6.01411e-19 -1.31944e-06  1.26765e-19  3.45316e-07  3.71397e-20  4.27523e-07 -9.96995e-20  3.13272e-08  7.58815e-20 -9.27833e-08 -1.62683e-20 -3.98379e-08 -7.70992e-21  4.91324e-09  7.01963e-21  1.01775e-08 -6.27444e-21  3.39454e-09  4.78952e-22  -3.5264e-10  4.87796e-21 -7.43102e-10 -1.83888e-21 -2.89306e-10 -1.34691e-21 -2.49547e-11  2.42043e-22  2.85681e-11   4.8422e-22  1.68071e-11  8.13626e-23  4.51995e-12 -1.35233e-22  2.57312e-13 -4.71733e-23 -3.40907e-13  1.25829e-23 -1.78535e-13  1.30778e-23 -5.01456e-14   3.1687e-24 -7.83873e-15 -1.75586e-24  2.29798e-16  -1.2388e-24  5.87851e-16  3.50602e-26  2.15751e-16  2.25792e-25  5.07162e-17  5.76145e-26  8.35082e-18 -1.79971e-26  8.09238e-19 -1.53648e-26 -3.28626e-20 -3.46543e-27 -3.47459e-20  4.02437e-28 -9.00946e-21  5.03359e-28 -1.59903e-21  1.77274e-28 -2.18897e-22  3.66861e-29 -2.35405e-23  3.33406e-30 -1.90882e-24 -5.78901e-31 -9.62339e-26 -3.00302e-31  1.04201e-27 -7.37089e-32   8.6336e-28 -1.43887e-32  1.10309e-28 -2.47021e-33  9.14538e-30 -3.61464e-34   5.5773e-31 -4.21453e-35   2.5472e-32 -3.77876e-36  8.50257e-34 -2.49126e-37  1.94001e-35 -1.07078e-38  2.61615e-37 -2.34049e-40  1.34621e-39
 6.99549e-10  2.60654e-22 -2.47683e-08 -2.26339e-21  3.34573e-07  1.00271e-20 -2.65331e-06 -2.85237e-20  1.41785e-05  5.39377e-20 -5.44472e-05 -4.72343e-20  0.000155125 -1.04276e-19 -0.000331764  5.76711e-19  0.000529129 -1.47967e-18 -0.000609421  2.70012e-18    0.0004632  -3.9388e-18 -0.000163619  4.92702e-18 -6.44535e-05 -5.56547e-18  8.93191e-05  5.86195e-18 -7.56595e-06 -5.73025e-18 -2.83427e-05  4.90341e-18  5.47152e-06 -3.33625e-18  8.76123e-06  1.65339e-18 -1.08137e-06 -6.22176e-19 -2.66944e-06  2.51583e-19 -2.17319e-07  -6.0743e-20  6.51756e-07 -8.86601e-20  2.44488e-07    8.729e-20 -7.56858e-08 -1.81128e-20 -8.32813e-08 -9.90226e-22  -1.6314e-08  1.53599e-21  1.02247e-08 -1.00252e-20  7.59356e-09  3.40017e-21  1.57126e-09  6.61855e-21 -5.62885e-10  -2.6822e-21 -5.14393e-10 -2.05268e-21 -1.61371e-10  2.99374e-22  -6.3395e-12  7.20937e-22  1.75389e-11   1.3493e-22  9.05908e-12 -1.77917e-22   2.3456e-12  -7.3273e-23  1.81874e-13  1.26313e-23 -1.30719e-13  1.79768e-23 -7.26562e-14  4.49623e-24 -2.13298e-14 -2.19481e-24 -3.92666e-15 -1.42239e-24 -2.71332e-16  1.14527e-25  1.09885e-16  2.82637e-25   5.3569e-17  5.90924e-26  1.40303e-17 -2.76295e-26  2.63039e-18 -1.94263e-26  3.59717e-19 -4.02817e-27  3.01784e-20  5.26553e-28 -6.45579e-22  5.98769e-28  -8.1374e-22  2.11988e-28 -1.82718e-22  4.58885e-29 -2.77499e-23  5.23526e-30 -3.26014e-24  -2.7311e-31 -3.05995e-25  -2.6568e-31 -2.28335e-26 -7.04529e-32 -1.30138e-27 -1.36554e-32 -4.99366e-29 -2.20652e-33 -5.72915e-31 -2.92155e-34  7.91569e-32 -3.00055e-35   6.7058e-33 -2.30567e-36  2.83486e-34  -1.2464e-37  6.97066e-36 -4.03602e-39  8.45241e-38 -4.98782e-41
 -9.3254e-23  6.13803e-09  1.47985e-21 -1.25696e-07 -8.86877e-21  1.31459e-06  3.15415e-20 -8.78338e-06 -7.72125e-20  4.11289e-05  1.30675e-19 -0.000141354 -1.04276e-19  0.000364488 -2.10516e-19 -0.000708213  1.06161e-18   0.00102205 -2.47289e-18  -0.00104648  4.08052e-18  0.000666588 -5.35435e-18 -0.000126118  5.97659e-18 -0.000172555 -6.02516e-18  0.000120933  5.86803e-18  2.40875e-05 -5.64615e-18 -4.52485e-05  4.87022e-18 -4.22556e-06 -3.21001e-18  1.41694e-05  1.46602e-18  2.47875e-06 -6.19292e-19 -3.72334e-06  4.24278e-19 -1.46974e-06 -1.68675e-19  6.01282e-07 -9.58225e-20  5.54095e-07  9.59333e-20  4.58977e-08 -9.09509e-21 -1.08818e-07  7.18214e-21 -5.36993e-08 -7.38623e-21 -7.26544e-10 -1.53683e-20  9.94904e-09  7.57919e-21  4.68582e-09  8.94037e-21   5.2295e-10 -3.68045e-21 -4.86277e-10 -3.01619e-21 -3.09528e-10  3.30785e-22 -8.29434e-11  1.02175e-21 -9.93125e-13  2.12085e-22  9.09224e-12 -2.23173e-22  4.36484e-12 -1.04117e-22  1.12748e-12  1.07283e-23  1.21771e-13  2.21898e-23  -3.7095e-14  5.59772e-24 -2.46027e-14 -2.45056e-24 -7.67603e-15  -1.4032e-24 -1.59003e-15  2.59795e-25 -2.00302e-16  3.38676e-25  1.52768e-18  5.30026e-26  8.75969e-18 -3.95417e-26  2.79828e-18 -2.35202e-26  5.83356e-19 -4.47875e-27  9.17049e-20  6.58069e-28  1.09788e-20  6.82637e-28  9.07858e-22  2.40647e-28  2.39015e-23  5.34043e-29 -7.75336e-24  6.90549e-30 -1.77105e-24  4.92802e-32 -2.34497e-25 -2.11225e-31 -2.30455e-26 -6.08081e-32 -1.77551e-27 -1.16048e-32 -1.08151e-28 -1.75604e-33 -5.13163e-30 -2.09762e-34 -1.82756e-31 -1.88733e-35 -4.54306e-33 -1.22611e-36 -6.74065e-35 -5.26871e-38 -3.58036e-37 -1.17629e-39  1.67337e-39
-9.34181e-10 -7.24407e-22  3.55737e-08  6.46327e-21 -5.17534e-07 -2.93011e-20  4.42865e-06  8.68256e-20 -2.56017e-05 -1.87004e-19  0.000106733   2.8729e-19 -0.000331764 -2.10516e-19  0.000779723 -3.89954e-19  -0.00138228  1.79592e-18   0.00180632 -3.80678e-18  -0.00163291  5.70242e-18  0.000836006 -6.73469e-18  1.86058e-05  6.59015e-18 -0.000325067 -5.66463e-18  0.000122796  4.97627e-18  8.20013e-05 -4.96405e-18 -5.44211e-05  4.54556e-18 -2.39528e-05 -2.86386e-18  1.64588e-05  1.11443e-18   8.9992e-06 -6.08869e-19  -3.2494e-06  6.48268e-19 -3.23853e-06 -2.60842e-19  -3.4054e-08 -1.36994e-19  8.06262e-07  9.71043e-20  2.95026e-07  1.49951e-20 -6.88395e-08  1.80178e-20 -9.17086e-08 -2.05789e-20 -2.59396e-08 -2.23941e-20  5.70024e-09  1.29605e-20  7.26652e-09  1.18897e-20  2.49923e-09 -4.78254e-21  7.52493e-11 -4.24839e-21 -3.23053e-10  3.22005e-22 -1.66142e-10  1.37593e-21 -4.01768e-11  3.13734e-22 -3.46474e-13 -2.64123e-22  3.99317e-12 -1.36578e-22  1.86498e-12  5.88534e-24  4.92263e-13  2.43077e-23  6.91611e-14  6.12465e-24 -5.41617e-15 -2.39662e-24  -6.5615e-15 -1.08809e-24 -2.25405e-15  4.91017e-25 -5.11668e-16  3.94988e-25 -8.16945e-17  4.02684e-26 -7.52503e-18  -5.2629e-26  4.01688e-19 -2.72122e-26  3.44783e-19 -4.75302e-27  8.64547e-20  7.88249e-28  1.50078e-20  7.45482e-28  2.01801e-21  2.59124e-28  2.14221e-22  5.79871e-29  1.73655e-23  8.04058e-30  9.26911e-25  3.26283e-31  5.30098e-27 -1.48892e-31 -5.41829e-27 -4.74467e-32 -7.17971e-28 -8.86198e-33 -5.78222e-29 -1.24827e-33 -3.33555e-30  -1.3374e-34 -1.40682e-31 -1.04397e-35 -4.19832e-33 -5.61707e-37 -8.10838e-35 -1.82609e-38 -8.11769e-37 -2.30085e-40
 2.29232e-22 -7.06988e-09 -3.76009e-21  1.57197e-07  2.30762e-20 -1.78647e-06 -8.34995e-20  1.29893e-05  2.11911e-19 -6.63446e-05 -4.08933e-19  0.000249592  5.76711e-19 -0.000708213 -3.89954e-19   0.00152673  -6.6337e-19  -0.00247826  2.79093e-18   0.00293121  -5.4031e-18  -0.00231372  7.41699e-18  0.000877302 -7.93698e-18  0.000308915  6.61279e-18 -0.000492525 -4.30771e-18  6.46521e-05   3.1454e-18  0.000160501 -3.85557e-18 -4.24445e-05  4.11547e-18 -5.18749e-05 -2.34288e-18  1.07718e-05  5.97759e-19  1.71799e-05 -6.20155e-19  9.55393e-08  9.26967e-19 -4.76698e-06 -3.08844e-19 -1.41624e-06 -2.22571e-19  7.31925e-07  8.42731e-20  6.08868e-07  5.60243e-20  7.68954e-08  3.27977e-20  -9.7511e-08 -3.82206e-20 -5.87291e-08 -3.09161e-20 -8.62109e-09  1.93412e-20  6.28784e-09  1.54223e-20  4.43672e-09 -5.94284e-21  1.19114e-09  -5.7215e-21 -4.84273e-11  2.62652e-22 -1.79313e-10  1.75927e-21 -8.05899e-11  4.38772e-22 -1.85436e-11   -2.909e-22 -5.35214e-13 -1.66482e-22  1.45956e-12 -3.05638e-24  6.94641e-13   2.2826e-23  1.90088e-13  5.74256e-24  3.22239e-14 -1.93934e-24  1.39137e-15 -4.17093e-25 -1.21016e-15  8.20688e-25 -5.11366e-16  4.55642e-25 -1.27217e-16  2.45211e-26 -2.30156e-17 -6.48761e-26 -3.04098e-18 -2.99142e-26 -2.41867e-19 -4.77392e-27  7.46651e-21  9.10162e-28  6.87085e-21  7.79461e-28  1.47748e-21  2.64493e-28  2.17328e-22  5.88633e-29  2.47863e-23   8.4543e-30  2.26044e-24  5.13148e-31   1.6425e-25 -9.04682e-32  9.19552e-27 -3.34213e-32  3.60299e-28 -6.08696e-33  6.48844e-30 -7.92731e-34 -2.65008e-31  -7.5533e-35 -2.61795e-32  -5.0403e-36 -1.00963e-33 -2.17678e-37 -2.01141e-35 -4.90184e-39 -1.47024e-37
 8.36266e-10  1.63595e-21 -3.50598e-08 -1.50771e-20  5.60794e-07  6.96713e-20 -5.27415e-06 -2.08555e-19    3.353e-05  4.63304e-19 -0.000154001  -8.1332e-19  0.000529129  1.06161e-18  -0.00138228  -6.6337e-19   0.00274927 -1.03392e-18  -0.00409866  3.96756e-18   0.00437987 -7.06142e-18  -0.00296579  9.06168e-18  0.000679572 -8.95157e-18   0.00075018  6.04943e-18 -0.000617179 -1.91614e-18 -7.74039e-05  5.11353e-19  0.000238746 -2.65702e-18  3.16265e-06  3.80742e-18 -7.98295e-05 -1.66147e-18 -6.94716e-06 -8.48979e-20  2.35139e-05 -6.95903e-19  6.90107e-06  1.25976e-18  -4.7842e-06 -2.87202e-19 -3.30694e-06  -3.5296e-19  6.10958e-08  5.15788e-20  8.14613e-07   1.1226e-19  3.20307e-07  5.18821e-20 -3.43433e-08 -5.96656e-20  -7.9555e-08 -4.03359e-20 -3.07953e-08  2.64478e-20 -8.49516e-10  1.93836e-20  4.59122e-09 -7.13253e-21   2.3757e-09  -7.3699e-21  5.24671e-10  1.42867e-22 -4.90745e-11  2.13655e-21 -8.55723e-11  5.85745e-22 -3.54224e-11 -2.91887e-22 -8.10685e-12 -1.89514e-22 -5.26104e-13 -1.72484e-23  4.22668e-13  1.64934e-23  2.19391e-13  4.21589e-24  6.29568e-14 -1.04603e-24  1.21455e-14  6.15864e-25   1.3354e-15  1.24811e-24 -7.57075e-17  5.26541e-25 -7.99076e-17  1.16165e-26 -2.31808e-17 -7.36198e-26 -4.59976e-18 -3.09684e-26 -6.95972e-19  -4.4632e-27 -8.03265e-20  1.02022e-27 -6.35577e-21  7.80429e-28 -1.42386e-22  2.55867e-28  5.52668e-23  5.59538e-29  1.18481e-23  8.12709e-30  1.49795e-24  5.93192e-31  1.40544e-25 -4.42092e-32  1.02961e-26 -2.11648e-32  5.92551e-28 -3.75617e-33  2.63312e-29 -4.48931e-34  8.68084e-31  -3.7602e-35  1.96989e-32 -2.09924e-36  2.64635e-34 -6.92232e-38  1.40459e-36 -8.83967e-40
  -4.585e-22  5.23058e-09  7.83679e-21 -1.30706e-07 -4.95865e-20  1.66189e-06  1.81773e-19 -1.34824e-05 -4.62033e-19  7.67541e-05  9.14938e-19 -0.000322059 -1.47967e-18   0.00102205  1.79592e-18  -0.00247826 -1.03392e-18   0.00457304 -1.46538e-18  -0.00627715   5.1044e-18   0.00603902  -8.4581e-18  -0.00340733  1.05495e-17  0.000150221 -9.98458e-18   0.00129468  5.06037e-18 -0.000623381  1.44499e-18 -0.000305741 -2.63845e-18  0.000282229 -1.80514e-18  8.66499e-05  3.80859e-18  -9.3841e-05   -7.791e-19 -3.70054e-05 -9.22376e-19  2.29382e-05 -8.86379e-19  1.60826e-05  1.63411e-18 -1.98951e-06 -1.80065e-19  -4.9358e-06 -5.16105e-19 -1.28005e-06  -2.6142e-21  6.75586e-07   1.7827e-19  5.73494e-07  7.37232e-20  1.11702e-07 -8.36447e-20 -6.22386e-08 -4.96145e-20 -5.03385e-08  3.40368e-20 -1.36784e-08  2.35318e-20  1.35774e-09 -8.33557e-21  2.70207e-09  -9.1039e-21  1.14671e-09 -5.24901e-23  2.21333e-10  2.46778e-21  -2.5226e-11  7.54631e-22 -3.53073e-11 -2.55963e-22 -1.40096e-11 -2.02294e-22 -3.28405e-12 -3.75452e-23 -3.46051e-13   4.6732e-24  8.42525e-14  1.48376e-24  5.61924e-14  2.41589e-25  1.72554e-14  1.95419e-24  3.64741e-15  1.75628e-24  5.37571e-16  6.13305e-25  4.03277e-17  8.25291e-27  -5.2366e-18 -7.61605e-26 -2.72123e-18 -2.98142e-26 -6.23194e-19 -3.76908e-27 -1.02566e-19    1.117e-27 -1.32056e-20   7.4901e-28 -1.34552e-21  2.34676e-28 -1.04558e-22  4.98811e-29 -5.31868e-24  7.19681e-30 -2.42146e-26  5.77557e-31   2.8866e-26 -1.33606e-32  3.57917e-27  -1.1956e-32  2.68049e-28  -2.0757e-33  1.41722e-29 -2.25793e-34  5.35157e-31 -1.63675e-35  1.37343e-32 -7.40421e-37  2.09805e-34 -1.70584e-38  1.23926e-36
-4.16772e-10 -3.02566e-21  2.06601e-08  2.91115e-20 -3.83951e-07 -1.38259e-19  4.14661e-06  4.16021e-19 -3.00429e-05 -9.16327e-19  0.000156563  1.64329e-18 -0.000609421 -2.47289e-18   0.00180632  2.79093e-18  -0.00409866 -1.46538e-18   0.00705525 -1.85602e-18  -0.00893501  5.79843e-18   0.00769381 -9.18761e-18  -0.00343552  1.19664e-17 -0.000743543 -1.14665e-17   0.00183706  3.86951e-18 -0.000440715  5.67673e-18 -0.000589889 -5.91068e-18  0.000251939 -1.74594e-18  0.000197637  4.19284e-18 -7.81337e-05  3.88998e-19 -7.36501e-05 -1.87011e-18  1.07834e-05 -1.23409e-18  2.44955e-05   2.0177e-18  4.15821e-06  1.13343e-20 -5.15308e-06 -6.88568e-19 -2.98861e-06 -7.24561e-20  1.40634e-08  2.46299e-19  6.77925e-07  9.44546e-20  3.05362e-07 -1.08753e-19  1.02389e-08 -5.74395e-20 -5.12061e-08  4.19608e-20 -2.69433e-08   2.7602e-20 -5.27093e-09  -9.5314e-21   1.3159e-09 -1.08315e-20  1.36204e-09 -3.47489e-22    5.069e-10  2.71686e-21  9.18651e-11  9.47517e-22 -8.42398e-12 -1.75355e-22  -1.2462e-11 -2.03311e-22 -4.90545e-12 -6.41567e-23  -1.1948e-12 -1.23863e-23 -1.69063e-13 -2.29437e-24  4.17131e-15  1.81435e-24  1.06997e-14  3.48572e-24   3.7297e-15   2.3127e-24  8.51581e-16  7.18862e-25  1.43868e-16  2.00306e-26  1.74952e-17 -7.05654e-26    1.134e-18 -2.61921e-26 -1.02435e-19 -2.70037e-27 -4.78144e-20  1.19787e-27 -9.23931e-21  6.90187e-28 -1.27465e-21  2.04258e-28 -1.37779e-22  4.17647e-29 -1.19327e-23  5.90026e-30  -8.2214e-25  4.95881e-31 -4.34948e-26  3.27416e-33 -1.60683e-27 -5.94197e-33 -2.81136e-29 -1.02146e-33  8.67217e-31 -1.00193e-34  7.99165e-32 -6.15225e-36  2.57799e-33 -2.14463e-37   3.7017e-35 -2.82471e-39
 7.48397e-22 -1.75089e-09 -1.34615e-20  5.70317e-08  8.89806e-20 -8.96652e-07 -3.33742e-19   8.7222e-06  8.44399e-19 -5.84244e-05 -1.63889e-18  0.000285168  2.70012e-18  -0.00104648 -3.80678e-18   0.00293121  3.96756e-18  -0.00627715 -1.85602e-18    0.0101361 -2.01531e-18   -0.0118626  5.46036e-18   0.00905925 -8.84693e-18  -0.00288438  1.36337e-17  -0.00194415  -1.3958e-17    0.0022322  2.61777e-18 -3.25097e-05   1.0702e-17 -0.000866078 -8.85104e-18  0.000119018 -2.83457e-18  0.000309378  4.87991e-18 -2.17286e-05  1.92562e-18 -0.000104979 -2.83194e-18 -1.45939e-05 -1.75105e-18   2.7562e-05  2.35631e-18  1.27134e-05   2.6247e-19 -2.90307e-06 -8.40819e-19 -4.35525e-06 -1.43376e-19   -1.138e-06  3.08742e-19  4.69306e-07  1.08494e-19   4.5713e-07 -1.33954e-19  1.27766e-07 -6.25678e-20 -2.04888e-08  5.01611e-20 -3.17973e-08  3.13829e-20 -1.27527e-08 -1.06769e-20   -1.823e-09 -1.24798e-20  7.75244e-10 -7.72057e-22  6.02142e-10  2.86035e-21  2.06295e-10  1.16742e-21  3.75552e-11 -4.84404e-23 -1.32765e-12 -1.93409e-22 -3.65552e-12 -9.63458e-23 -1.48266e-12 -3.34567e-23 -3.77211e-13 -6.73784e-24 -6.39285e-14  3.52186e-24 -4.85648e-15  5.06411e-24  1.14565e-15  2.87391e-24  5.83507e-16  8.41477e-25  1.47914e-16  4.95523e-26  2.71396e-17 -5.63896e-26  3.84016e-18 -2.03015e-26  4.10585e-19 -1.34891e-27  2.83789e-20  1.25595e-27 -7.08832e-24  6.11717e-28 -3.56104e-22  1.68931e-28 -6.40107e-23  3.28925e-29 -7.40529e-24  4.49423e-30 -6.45475e-25  3.83342e-31 -4.39468e-26  9.49049e-33  -2.3353e-27 -2.53142e-33 -9.46261e-29 -4.43694e-34 -2.78631e-30 -3.88312e-35 -5.44974e-32 -1.95851e-36 -5.85949e-34 -4.81483e-38 -1.93604e-36
 2.64491e-12  4.57768e-21 -2.99193e-09 -4.66194e-20  1.03509e-07  2.31188e-19 -1.61117e-06 -7.07509e-19  1.52335e-05   1.5323e-18 -9.85509e-05 -2.65977e-18    0.0004632  4.08052e-18  -0.00163291  -5.4031e-18   0.00437987   5.1044e-18  -0.00893501 -2.01531e-18    0.0136149 -1.65378e-18    -0.014742  3.36259e-18    0.0098447 -7.14649e-18  -0.00168252  1.60979e-17   -0.0032999 -1.79665e-17    0.0023326  1.23007e-18  0.000582057  1.64655e-17  -0.00105044  -1.0983e-17 -0.000120735 -5.24105e-18  0.000383841  5.63891e-18  7.49863e-05  3.84634e-18 -0.000115844   -3.659e-18 -4.97169e-05 -2.39621e-18  2.09271e-05  2.58198e-18  2.10393e-05  5.23986e-19  2.14381e-06 -9.45733e-19 -4.47035e-06 -1.94215e-19 -2.44966e-06  3.60658e-19 -1.21508e-07  1.10134e-19  4.53307e-07 -1.58796e-19  2.45532e-07 -6.42036e-20   4.0792e-08  5.85954e-20   -2.038e-08  3.47663e-20 -1.65974e-08 -1.17034e-20 -5.50198e-09 -1.40073e-20 -6.06276e-10 -1.35073e-21  3.50547e-10  2.89366e-21   2.3478e-10  1.41537e-21  7.68488e-11  1.18381e-22  1.46867e-11 -1.75664e-22  4.65593e-13 -1.32282e-22 -8.36813e-13 -5.64532e-23 -3.72873e-13 -1.12923e-23 -9.96703e-14  5.20972e-24 -1.88838e-14  6.53835e-24 -2.38223e-15  3.39266e-24 -8.47779e-17  9.73831e-25  5.11067e-17  9.52186e-26  1.73659e-17 -3.50248e-26  3.51217e-18 -1.28311e-26  5.34079e-19  1.15469e-28  6.42516e-20  1.27993e-27  6.10256e-21   5.2217e-28  4.33914e-22  1.32946e-28  1.85757e-23  2.44017e-29 -2.90181e-25  3.18847e-30  -1.3956e-25  2.69719e-31 -1.45481e-26  9.65485e-33 -9.67195e-28 -8.73201e-34 -4.53123e-29  -1.6782e-34 -1.48034e-30 -1.29478e-35 -3.11423e-32 -5.11396e-37 -3.38549e-34 -7.26052e-39
-9.92941e-22 -6.45081e-10  1.89675e-20  6.71455e-09 -1.33281e-19   5.8828e-08   5.2117e-19  -1.9083e-06 -1.33063e-18  2.09689e-05  2.50099e-18 -0.000141406  -3.9388e-18  0.000666588  5.70242e-18  -0.00231372 -7.06142e-18   0.00603902  5.79843e-18   -0.0118626 -1.65378e-18    0.0171688 -3.96664e-19   -0.0172114 -1.25373e-18   0.00983109 -4.01758e-18  0.000112725  2.00307e-17  -0.00459339 -2.37336e-17   0.00203244 -6.34171e-19   0.00132261  2.28691e-17  -0.00106245 -1.18497e-17 -0.000438989 -8.87754e-18  0.000382705  6.13581e-18  0.000196839  6.04227e-18 -9.30754e-05 -4.17334e-18  -8.5655e-05 -3.06428e-18  2.57388e-06  2.63146e-18   2.5412e-05  7.28101e-19  9.11157e-06 -9.87529e-19 -2.62879e-06 -2.02847e-19 -3.34362e-06  4.01078e-19 -9.83653e-07  9.55354e-20  2.15101e-07 -1.83206e-19  2.96701e-07 -6.22123e-20  1.11916e-07  6.71569e-20  8.30288e-09  3.77468e-20 -1.26994e-08 -1.25347e-20 -7.60544e-09 -1.54023e-20 -2.21179e-09  -2.0863e-21 -2.15692e-10  2.83273e-21  1.26982e-10  1.68686e-21  8.01385e-11  3.10466e-22  2.57795e-11 -1.54666e-22   5.2541e-12 -1.69132e-22  4.73509e-13 -7.87575e-23  -1.2505e-13 -1.53172e-23 -7.35678e-14   6.7551e-24 -2.11258e-14    7.781e-24  -4.3111e-15  3.82525e-24 -6.54798e-16  1.10347e-24 -6.77258e-17  1.51188e-25 -2.06782e-18 -9.50355e-27  9.67624e-19 -4.83112e-27  2.74606e-19  1.48141e-27  4.61148e-20  1.25761e-27  5.81929e-21   4.2939e-28  5.83295e-22  9.96787e-29  4.69102e-23  1.70731e-29  2.98215e-24  2.11048e-30  1.43223e-25  1.73726e-31  4.60265e-27  7.30034e-33  5.32915e-29 -2.04122e-34 -3.34065e-30   -5.408e-35  -2.0515e-31 -3.62924e-36 -4.90184e-33 -1.03198e-37 -3.99557e-35
 1.24829e-10 -5.60963e-21  -4.9458e-09   6.1429e-20  6.61939e-08 -3.24828e-19 -3.89459e-07  1.03368e-18 -3.27238e-08 -2.23599e-18  1.86256e-05  3.68768e-18 -0.000163619 -5.35435e-18  0.000836006  7.41699e-18  -0.00296579  -8.4581e-18   0.00769381  5.46036e-18    -0.014742 -3.96664e-19    0.0204159  2.17206e-18   -0.0189517  -9.0252e-18   0.00893239  3.18308e-19   0.00231997  2.60607e-17  -0.00559364  -3.1071e-17   0.00130165 -3.51235e-18   0.00206255  2.96726e-17 -0.000850137 -1.10682e-17 -0.000777699 -1.33658e-17   0.00028043  6.01344e-18   0.00031564  8.25708e-18 -3.11218e-05 -4.21337e-18 -0.000110002  -3.5956e-18 -2.55341e-05  2.46934e-18  2.23419e-05  8.03903e-19  1.58975e-05 -9.67398e-19  1.23401e-06 -1.53693e-19 -3.20705e-06  4.32308e-19 -1.81592e-06  6.41719e-20 -2.41204e-07 -2.07003e-19  2.24149e-07 -5.70465e-20  1.57654e-07  7.56441e-20  4.50213e-08  4.03741e-20 -2.67039e-10 -1.31179e-20 -6.26047e-09 -1.66667e-20 -3.12063e-09 -2.94462e-21 -8.37929e-10  2.71033e-21 -8.68031e-11  1.96917e-21  3.60679e-11  5.06756e-22   2.3472e-11  -1.3538e-22  7.59357e-12  -2.0339e-22  1.64482e-12 -9.76689e-23  2.18339e-13 -1.81967e-23 -7.79233e-16  8.08816e-24 -1.00243e-14  8.70695e-24 -3.37312e-15  4.13715e-24 -7.37873e-16  1.21464e-24 -1.22217e-16  2.08594e-25 -1.56458e-17  1.62103e-26 -1.45858e-18   2.5421e-27 -7.04866e-20  2.55197e-27  5.84919e-21  1.18156e-27  1.95574e-21  3.39735e-28  2.84153e-22  7.12423e-29  2.92146e-23  1.12749e-29   2.3114e-24  1.30447e-30  1.43125e-25  1.02714e-31  6.86174e-27  4.59857e-33  2.46475e-28  1.27999e-36  6.23129e-30 -1.42942e-35  9.83201e-32 -8.23365e-37  7.30251e-34 -1.39115e-38
 1.06137e-21  7.84146e-10 -2.15906e-20 -2.07903e-08  1.64827e-19  2.60407e-07 -6.88659e-19 -1.85756e-06  1.82144e-18  7.24874e-06 -3.37237e-18 -4.57709e-06  4.92702e-18 -0.000126118 -6.73469e-18  0.000877302  9.06168e-18  -0.00340733 -9.18761e-18   0.00905925  3.36259e-18   -0.0172114  2.17206e-18    0.0230052  6.43741e-18   -0.0197655 -2.02982e-17   0.00721775  5.34372e-18   0.00467634  3.45859e-17  -0.00611278 -3.93113e-17  0.000197313 -7.97201e-18   0.00265921  3.64133e-17 -0.000407776 -8.39649e-18  -0.00106219 -1.80618e-17  7.44843e-05  4.98497e-18   0.00039702  1.01137e-17  6.42409e-05 -3.68751e-18 -0.000110689 -3.80963e-18 -5.71365e-05  2.10663e-18  1.01319e-05  6.98591e-19  1.97337e-05 -9.02797e-19  6.29921e-06 -4.42232e-20  -1.6874e-06  4.57419e-19 -2.21937e-06  1.89447e-20 -7.79766e-07 -2.29457e-19  1.68965e-08 -4.94349e-20  1.44438e-07  8.38007e-20   7.2629e-08  4.26909e-20  1.65866e-08 -1.34432e-20 -1.16132e-09 -1.77885e-20  -2.5927e-09 -3.84711e-21 -1.15282e-09  2.56831e-21 -2.98121e-10  2.24122e-21 -3.66371e-11  6.83468e-22  7.18099e-12 -1.21872e-22  5.68853e-12 -2.31386e-22   1.8998e-12 -1.10872e-22  4.33166e-13 -1.94495e-23  6.95304e-14  9.19232e-24  6.17162e-15  9.27847e-24 -5.09308e-16  4.30592e-24 -3.53976e-16   1.2911e-24 -8.86803e-17  2.57687e-25 -1.56508e-17   3.8216e-26 -2.15452e-18   8.3172e-27 -2.36021e-19  3.19803e-27 -2.01134e-20   1.0539e-27 -1.21002e-21  2.57926e-28  -2.9934e-23  4.85209e-29  3.53134e-24  7.02871e-30  5.84405e-25  7.52866e-31   4.8862e-26   5.5771e-32  2.78375e-27  2.50401e-33  1.11882e-28   3.3963e-35  3.04101e-30 -2.86559e-36  4.90862e-32 -1.41007e-37   3.0639e-34
