 1.54853e-07  4.66542e-23 -2.08729e-06 -7.16063e-22  1.04896e-05  3.15158e-21 -2.95463e-05 -8.15723e-21   5.1293e-05  1.45693e-20 -5.29879e-05  -1.8177e-20  2.25717e-05  1.40249e-20  1.50601e-05 -2.13412e-21 -2.22791e-05 -9.07378e-21  7.94827e-07  9.66182e-21  1.24596e-05 -1.31514e-21 -3.15421e-06 -3.11281e-21 -6.22179e-06 -9.86907e-22  2.03805e-06  4.20718e-21  3.05388e-06 -1.55586e-21 -8.16516e-07 -1.09499e-21 -1.44477e-06  3.95363e-22  1.47786e-07  5.37622e-22   6.0138e-07 -2.44664e-22  7.16634e-08  1.49351e-23 -1.89291e-07  -5.7581e-23 -7.35442e-08  -1.4733e-23  3.19482e-08  4.30806e-23  2.83955e-08  3.81268e-24  2.41084e-09 -9.58042e-24 -4.28188e-09  4.86612e-25 -1.75268e-09 -1.88645e-25 -1.01609e-10 -7.63304e-26  8.87197e-11   4.7682e-26  2.10016e-11  9.48295e-27  1.12357e-12
 4.66542e-23  3.01396e-06   4.1095e-22 -2.25395e-05  -3.7897e-21  8.32838e-05  1.25539e-20  -0.00018446 -2.72052e-20  0.000252566  4.30914e-20 -0.000188413 -4.83449e-20  1.30032e-05  3.02778e-20  0.000105779  6.41397e-21 -6.18423e-05 -3.11369e-20 -3.78384e-05  1.93138e-20  4.52143e-05  5.65835e-21  1.22099e-05   -3.324e-21 -2.51212e-05 -1.51619e-20  -5.0012e-06  1.38925e-20  1.21014e-05   1.2497e-21  3.03834e-06  -4.5872e-21  -4.9784e-06 -1.09088e-21 -1.98218e-06  2.07997e-21  1.56674e-06 -2.02236e-22  1.05254e-06  1.31748e-22 -2.60953e-07 -2.13172e-22 -3.88564e-07 -1.73358e-22 -4.42685e-08   1.0736e-22  7.79205e-08  4.62177e-23  3.42249e-08 -1.73942e-23 -1.50714e-09 -3.36195e-25 -4.76984e-09 -1.04177e-24 -1.26387e-09 -5.95727e-25 -6.09333e-11  2.97773e-26  1.67628e-11  1.11538e-26
-2.08729e-06   4.1095e-22  2.82678e-05  1.61415e-21 -0.000143008 -9.54765e-21  0.000406656   2.3948e-20  -0.00071608 -4.45894e-20  0.000758326  6.56565e-20 -0.000348754 -6.52968e-20 -0.000190341  1.85452e-20  0.000324864  5.08882e-20 -3.53514e-05 -6.61359e-20 -0.000174335  7.58395e-21  6.15229e-05  2.48012e-20  8.38131e-05  2.20155e-20 -3.93427e-05 -5.54348e-20 -4.04407e-05  1.96279e-20   1.7713e-05  1.56908e-20  1.95338e-05 -6.50768e-21  -5.3575e-06 -7.18188e-21 -8.69143e-06  3.27531e-21  3.86993e-07   3.4345e-22  3.12119e-06  8.53296e-22  6.52069e-07 -2.06903e-22 -7.24922e-07 -5.99919e-22 -3.81976e-07  7.35697e-23  4.20269e-08  1.20561e-22  8.46853e-08 -5.91075e-24  2.10696e-08  3.14566e-24 -2.75088e-09 -1.27593e-24  -2.2261e-09 -1.30391e-24  -3.5088e-10  -5.2907e-26 -1.13733e-11
-7.16063e-22 -2.25395e-05  1.61415e-21  0.000169689  3.16209e-21 -0.000632961 -1.01833e-20   0.00142128  1.54091e-20  -0.00198882 -2.77905e-20   0.00155171  4.76084e-20 -0.000198276 -2.87079e-20 -0.000808277 -6.77473e-20  0.000552499  1.52348e-19  0.000246787 -8.29715e-20  -0.00038678 -5.59181e-20 -5.33215e-05   2.7116e-20  0.000211872  1.12181e-19  1.17577e-05 -1.12241e-19 -0.000103529 -3.60741e-21 -9.01402e-06  3.99089e-20  4.51245e-05  3.23223e-21  9.19057e-06 -1.63241e-20 -1.63084e-05  1.32563e-21 -6.49072e-06  1.24162e-22  4.08358e-06  2.35334e-21  3.02976e-06  6.23331e-22 -3.01073e-07 -1.10333e-21 -8.30048e-07 -1.86164e-22 -1.95501e-07  1.44252e-22  8.01283e-08  1.89314e-23  5.11242e-08  1.44263e-23  7.53878e-09  1.26976e-24  -9.4302e-10 -1.24075e-24 -3.13143e-10 -5.53027e-26
 1.04896e-05  -3.7897e-21 -0.000143008  3.16209e-21  0.000730352  1.55937e-21  -0.00210497   1.1407e-20   0.00378209 -3.89431e-20    -0.004147  4.09254e-20    0.0021087 -2.45737e-20  0.000827937  9.72648e-20  -0.00179986 -2.67551e-19  0.000380414  2.83814e-19  0.000897702 -6.37843e-21 -0.000454828 -1.66494e-19 -0.000399345 -6.42736e-20  0.000284785  2.81693e-19  0.000183162 -1.34331e-19 -0.000137704 -7.30902e-20 -8.95476e-05  5.22122e-20   5.2225e-05  2.98475e-20  4.32042e-05 -1.95691e-20 -1.31634e-05 -3.89054e-21 -1.79985e-05 -3.33095e-21  3.02212e-07  3.46046e-21  5.45695e-06  2.63739e-21  1.42635e-06 -1.14086e-21 -8.45702e-07 -5.67896e-22 -5.42015e-07  4.42777e-23 -3.83397e-08  1.69313e-23  5.13355e-08  2.26932e-23  1.69228e-08  4.79104e-24  1.51887e-09 -3.76961e-25 -3.01873e-11
 3.15158e-21  8.32838e-05 -9.54765e-21 -0.000632961  1.55937e-21   0.00239282 -9.30253e-21  -0.00547801  7.00836e-20   0.00790179  -1.4027e-19  -0.00654981  1.41411e-19   0.00135877 -1.54264e-19   0.00301322  3.57889e-19  -0.00253817 -5.81216e-19 -0.000648023  3.33285e-19   0.00166263  2.35856e-19 -5.11442e-05 -2.34544e-19 -0.000878538 -3.23653e-19  0.000119848  4.67059e-19  0.000427942  -5.6108e-20 -5.62663e-05 -1.65118e-19 -0.000195371  2.43438e-20  6.80923e-06    6.065e-20  7.95277e-05 -7.59341e-21   1.0317e-05 -6.91163e-21 -2.57838e-05 -1.07278e-20 -9.12018e-06  2.08618e-21   5.1524e-06  5.05006e-21  3.76846e-06 -3.46436e-22 -1.45496e-08 -7.24898e-22 -6.91802e-07  -1.1631e-22 -2.13726e-07 -3.55472e-23  5.98816e-09  1.25894e-23  1.40231e-08  4.45257e-24   2.1066e-09  1.41029e-25
-2.95463e-05  1.25539e-20  0.000406656 -1.01833e-20  -0.00210497 -9.30253e-21   0.00618391 -3.43854e-20   -0.0114303  1.62332e-19    0.0131455  -2.5356e-19  -0.00757251  2.42833e-19  -0.00161378 -3.76745e-19   0.00569624  7.94893e-19   -0.0020243  -9.1447e-19  -0.00248483  1.33215e-19   0.00191107  6.10638e-19   0.00092186 -1.10239e-19  -0.00115516 -7.28116e-19  -0.00035609  5.38225e-19   0.00057964  1.36226e-19  0.000169181 -2.17702e-19 -0.000249527 -4.74977e-20 -9.37541e-05  6.95349e-20  8.69948e-05  1.77998e-20  4.89582e-05  -3.6782e-22   -2.017e-05 -1.87609e-20  -1.9906e-05 -2.73287e-21  5.60213e-07  6.16698e-21  5.05502e-06  9.34248e-22  1.40218e-06 -3.85944e-22 -4.15063e-07 -1.63148e-22 -3.03854e-07 -1.00211e-22 -5.06152e-08 -1.17854e-23  1.92142e-09  2.46395e-25  7.71086e-10
-8.15723e-21  -0.00018446   2.3948e-20   0.00142128   1.1407e-20  -0.00547801 -3.43854e-20    0.0128939 -7.18741e-20   -0.0194077  2.57715e-19    0.0174324 -3.23293e-19  -0.00545021  3.42919e-19  -0.00646679  -7.4478e-19   0.00730931  1.37186e-18  0.000261168 -1.05741e-18  -0.00431395 -4.16066e-19     0.001113  9.42917e-19   0.00210044  2.92653e-19 -0.000899646 -1.12642e-18 -0.000977672  3.95339e-19  0.000475772  3.71293e-19   0.00045662 -1.79051e-19  -0.00018687 -1.29748e-19  -0.00020778  3.86416e-20  4.64279e-05  4.17011e-20  8.36822e-05  1.78768e-20  1.09117e-06 -2.17456e-20 -2.53437e-05 -9.36609e-21 -6.91776e-06  4.66719e-21  3.99551e-06  1.77598e-21  2.57604e-06  3.42984e-22  1.91098e-07  1.26927e-23 -2.22198e-07 -1.09463e-22 -6.91174e-08 -2.70968e-23 -5.75779e-09 -2.18964e-24
  5.1293e-05 -2.72052e-20  -0.00071608  1.54091e-20   0.00378209  7.00836e-20   -0.0114303 -7.18741e-20    0.0220149 -1.09954e-19   -0.0270566  3.04814e-19     0.018153 -3.04184e-19  0.000152575  4.65852e-19   -0.0112943 -1.26626e-18   0.00647621  1.93544e-18   0.00367373 -7.90266e-19  -0.00506094 -1.22875e-18 -0.000632355  1.03122e-18   0.00287371  8.96374e-19 -8.92339e-05 -1.33268e-18  -0.00144152  5.72689e-20  9.92544e-05  5.37526e-19  0.000668057  -5.1229e-20 -8.86407e-06  -1.7379e-19 -0.000278742 -2.58872e-20 -3.35493e-05  4.64045e-20  9.52657e-05  4.18427e-20  3.07333e-05 -1.56362e-20 -2.11891e-05 -1.43104e-20 -1.38105e-05  7.02436e-22  7.06143e-07  1.36591e-21  2.74283e-06   1.0111e-21  7.60341e-07  3.19634e-22 -2.76536e-08 -4.63299e-23 -4.09204e-08 -2.07872e-23 -3.98371e-09
 1.45693e-20  0.000252566 -4.45894e-20  -0.00198882 -3.89431e-20   0.00790179  1.62332e-19   -0.0194077 -1.09954e-19    0.0311067 -1.28647e-19   -0.0311618  2.43604e-19    0.0141416 -1.71045e-19   0.00737599   6.1457e-19   -0.0138376 -1.88351e-18    0.0032219  2.28897e-18    0.0067636 -5.32025e-20  -0.00425427 -2.07007e-18  -0.00263054  8.02322e-19   0.00285838  1.50753e-18  0.000973248 -1.25508e-18  -0.00153589 -3.53161e-19 -0.000416774  5.57756e-19  0.000709402  1.15237e-19  0.000223332 -1.48412e-19 -0.000273274  -9.8951e-20 -0.000124801  2.29802e-20  7.61006e-05   6.0973e-20   5.7228e-05 -8.05124e-22 -8.04125e-06 -1.43501e-20 -1.68323e-05 -4.06031e-21 -3.40431e-06 -3.74863e-22     1.74e-06  1.14851e-21  9.43313e-07  5.23133e-22  1.29996e-07  2.90285e-23 -3.98568e-09 -6.45835e-24
-5.29879e-05  4.30914e-20  0.000758326 -2.77905e-20    -0.004147  -1.4027e-19    0.0131455  2.57715e-19   -0.0270566 -1.28647e-19     0.036737 -9.94155e-20   -0.0298869  1.24577e-20   0.00690754  1.13598e-19    0.0133322  7.52129e-19   -0.0132163 -2.52654e-18  -0.00103717  2.31306e-18   0.00839758  1.00447e-18  -0.00231954 -2.71809e-18  -0.00415658  3.26559e-19   0.00212494  1.95527e-18   0.00191793 -9.28161e-19  -0.00125396 -6.98631e-19 -0.000902482  4.19393e-19  0.000573254  2.59383e-19  0.000436428  -5.2596e-20 -0.000192746 -1.52958e-19 -0.000198106 -2.48482e-20  3.14126e-05  6.58988e-20  7.10927e-05  1.79977e-20  9.67961e-06 -8.39214e-21 -1.45414e-05 -7.32192e-21 -6.51229e-06 -2.66784e-21  8.60398e-08  6.27838e-22  6.67559e-07  4.59356e-22   1.5167e-07  5.05154e-23  7.90055e-09
 -1.8177e-20 -0.000188413  6.56565e-20   0.00155171  4.09254e-20  -0.00654981  -2.5356e-19    0.0174324  3.04814e-19   -0.0311618 -9.94155e-20     0.036814  1.25629e-20   -0.0243483 -4.41799e-19 -0.000385578   6.0715e-19    0.0162568  8.83231e-19   -0.0104001 -3.17173e-18  -0.00471787  2.01461e-18   0.00845715  2.14906e-18 -7.12297e-05 -3.06006e-18  -0.00491438 -2.91962e-19   0.00100932  2.16429e-18   0.00253647 -4.44851e-19 -0.000722902 -8.93238e-19  -0.00124734  1.55357e-19  0.000310111  3.38735e-19   0.00058031  9.19129e-20 -6.09456e-05 -1.69659e-19 -0.000234646 -8.36157e-20 -2.61708e-05  5.23508e-20  6.80248e-05  3.37832e-20  2.61721e-05  2.02395e-21 -7.73049e-06 -7.33844e-21 -7.31569e-06 -4.27898e-21  -1.3549e-06 -2.00279e-22  1.80324e-07  2.03824e-22  7.48505e-08   2.4636e-23
 2.25717e-05 -4.83449e-20 -0.000348754  4.76084e-20    0.0021087  1.41411e-19  -0.00757251 -3.23293e-19     0.018153  2.43604e-19   -0.0298869  1.25629e-20    0.0322866   2.3051e-19   -0.0177461 -1.14785e-18   -0.0053434  1.30231e-18    0.0164803   1.1449e-18  -0.00705477 -3.82751e-18  -0.00714425  1.47067e-18   0.00753102  3.20675e-18   0.00192264 -3.05473e-18  -0.00500606 -9.86824e-19 -0.000181933  2.12674e-18   0.00279961  1.10732e-19 -8.46439e-05 -9.08155e-19  -0.00141342 -1.81181e-19 -1.56898e-05   3.3531e-19  0.000633886  2.52457e-19  9.15801e-05 -1.42796e-19 -0.000227912 -1.35478e-19 -8.23482e-05  2.22344e-20  4.90566e-05  4.01711e-20  3.64322e-05  1.34319e-20  1.12772e-06 -3.84906e-21 -5.60749e-06 -4.24504e-21 -1.89256e-06 -7.51403e-22 -1.61921e-07 -8.76934e-24   8.3081e-09
 1.40249e-20  1.30032e-05 -6.52968e-20 -0.000198276 -2.45737e-20   0.00135877  2.42833e-19  -0.00545021 -3.04184e-19    0.0141416  1.24577e-20   -0.0243483   2.3051e-19    0.0263381  5.53734e-19    -0.012802 -2.09812e-18  -0.00772718  2.02983e-18     0.015464  1.74621e-18   -0.0041986 -4.47532e-18  -0.00852197  7.48654e-19   0.00621315  4.09152e-18   0.00349844 -2.68711e-18  -0.00464899 -1.70345e-18  -0.00128297  1.85727e-18   0.00276009   6.7397e-19  0.000557657 -7.52459e-19  -0.00140612 -5.28919e-19 -0.000348282   2.4998e-19   0.00059707  3.93739e-19  0.000236529 -7.61174e-20 -0.000181278 -1.63812e-19 -0.000124856 -1.74244e-20  1.92813e-05  3.37954e-20  3.76451e-05  2.17419e-20   8.9038e-06  1.63215e-21 -2.34218e-06 -2.56389e-21 -1.43778e-06 -7.12155e-22 -2.01182e-07 -5.13052e-23
 1.50601e-05  3.02778e-20 -0.000190341 -2.87079e-20  0.000827937 -1.54264e-19  -0.00161378  3.42919e-19  0.000152575 -1.71045e-19   0.00690754 -4.41799e-19   -0.0177461  5.53734e-19    0.0217846  9.75643e-19   -0.0101093 -3.24201e-18   -0.0087073  2.50625e-18    0.0143132  2.78745e-18  -0.00194777  -5.0555e-18  -0.00927512 -1.13281e-19   0.00478872  4.76018e-18   0.00468839 -1.99415e-18  -0.00400641 -2.36304e-18  -0.00222291   1.3831e-18   0.00248413   1.1844e-18   0.00113733 -4.58106e-19  -0.00125034 -8.27406e-19 -0.000645095  9.54886e-20  0.000482733  4.83888e-19  0.000351615  1.88959e-20 -0.000104861 -1.58136e-19 -0.000145459 -5.67066e-20 -1.38933e-05  1.56226e-20  2.97974e-05  2.37036e-20  1.29631e-05  6.41069e-21  8.20967e-07 -3.28569e-22  -5.4722e-07 -3.22897e-22 -7.93315e-08
-2.13412e-21  0.000105779  1.85452e-20 -0.000808277  9.72648e-20   0.00301322 -3.76745e-19  -0.00646679  4.65852e-19   0.00737599  1.13598e-19 -0.000385578 -1.14785e-18    -0.012802  9.75643e-19    0.0193343  1.50951e-18  -0.00871414 -4.49337e-18  -0.00932879  2.53777e-18    0.0133014  4.15859e-18 -8.03415e-05 -5.50583e-18   -0.0096414 -1.07805e-18   0.00334844  5.18881e-18   0.00554169 -1.08313e-18  -0.00318414 -2.87591e-18   -0.0029702  7.46101e-19   0.00203472   1.5829e-18   0.00161272 -6.73844e-20 -0.000979493  -1.0276e-18 -0.000876625 -1.08213e-19  0.000311104  5.00344e-19   0.00042191  1.24786e-19 -1.26201e-05 -1.17138e-19 -0.000140795 -8.54014e-20 -4.25608e-05 -9.05034e-21  1.55958e-05  1.83388e-20   1.2187e-05  8.08465e-21  2.41088e-06  1.05505e-21  5.93003e-08 -4.05437e-23
-2.22791e-05  6.41397e-21  0.000324864 -6.77473e-20  -0.00179986  3.57889e-19   0.00569624  -7.4478e-19   -0.0112943   6.1457e-19    0.0133322   6.0715e-19   -0.0053434 -2.09812e-18   -0.0101093  1.50951e-18      0.01811    2.183e-18  -0.00765356  -5.7641e-18  -0.00989181  2.18316e-18    0.0123265  5.61532e-18   0.00152776 -5.78103e-18  -0.00970989 -2.09296e-18   0.00194476  5.37049e-18   0.00609609 -7.86018e-20  -0.00226245 -3.17185e-18  -0.00351483 -4.26254e-21   0.00146957  1.82197e-18   0.00196094  3.77997e-19 -0.000629633 -1.09843e-18  -0.00102514 -3.34875e-19  0.000105752  4.35212e-19  0.000439947  2.20553e-19  8.00923e-05 -4.88617e-20 -0.000112472 -9.55137e-20 -6.00356e-05 -3.20303e-20 -2.51324e-07  7.89989e-21   7.5774e-06  6.22373e-21  2.09812e-06  1.08127e-21   1.4486e-07
-9.07378e-21 -6.18423e-05  5.08882e-20  0.000552499 -2.67551e-19  -0.00253817  7.94893e-19   0.00730931 -1.26626e-18   -0.0138376  7.52129e-19    0.0162568  1.30231e-18  -0.00772718 -3.24201e-18  -0.00871414    2.183e-18     0.017182  2.99846e-18  -0.00664946 -6.99858e-18   -0.0103242  1.69469e-18    0.0113446  6.92974e-18   0.00289537  -5.8317e-18  -0.00954877 -3.10036e-18  0.000621859  5.29915e-18   0.00639385  9.44132e-19  -0.00130293 -3.21206e-18  -0.00386254 -8.16251e-19  0.000838287  1.87533e-18   0.00217301  8.38333e-19 -0.000235629 -1.02839e-18  -0.00108268 -5.51368e-19 -0.000109149  2.98062e-19  0.000405197  2.85778e-19  0.000158547  3.17655e-20 -6.66198e-05  -8.3464e-20 -6.23925e-05 -4.49995e-20  -1.2389e-05 -2.59668e-21  1.98151e-06  2.80894e-21  8.93712e-07  4.55447e-22
 7.94827e-07 -3.11369e-20 -3.53514e-05  1.52348e-19  0.000380414 -5.81216e-19   -0.0020243  1.37186e-18   0.00647621 -1.88351e-18   -0.0132163  8.83231e-19    0.0164803  2.02983e-18   -0.0087073 -4.49337e-18  -0.00765356  2.99846e-18    0.0162856  3.89902e-18  -0.00578565  -8.1712e-18   -0.0106034  1.29364e-18    0.0103976  7.97879e-18   0.00404533 -5.59538e-18  -0.00922673 -4.05428e-18 -0.000598476  4.95424e-18   0.00647843  1.96364e-18 -0.000348414 -2.99136e-18  -0.00402733 -1.63205e-18   0.00018144  1.74151e-18   0.00224925  1.26927e-18  0.000170564 -8.26003e-19  -0.00104917 -7.21001e-19 -0.000310563  1.13519e-19  0.000323362  3.05503e-19  0.000210347  1.06809e-19 -1.30069e-05 -5.16963e-20 -4.97245e-05 -4.30662e-20 -1.68348e-05 -8.04311e-21   -1.524e-06  4.42243e-22  8.48909e-08
 9.66182e-21 -3.78384e-05 -6.61359e-20  0.000246787  2.83814e-19 -0.000648023  -9.1447e-19  0.000261168  1.93544e-18    0.0032219 -2.52654e-18   -0.0104001   1.1449e-18     0.015464  2.50625e-18  -0.00932879  -5.7641e-18  -0.00664946  3.89902e-18    0.0155137  4.78348e-18  -0.00509494 -9.25016e-18   -0.0107916  1.00051e-18   0.00951042  8.74078e-18   0.00501943 -5.02808e-18  -0.00879262 -4.92698e-18   -0.0017114  4.31654e-18   0.00638662   2.9641e-18  0.000572048 -2.54161e-18  -0.00402612 -2.38452e-18 -0.000468101  1.44152e-18   0.00219603  1.61943e-18  0.000560414 -5.19137e-19 -0.000930805 -8.12446e-19 -0.000477768 -8.66587e-20   0.00020563  2.73651e-19  0.000227011  1.59295e-19   3.6399e-05 -9.21158e-21 -2.68804e-05 -2.79621e-20 -1.32795e-05 -7.03407e-21 -1.91138e-06 -1.22475e-22
 1.24596e-05  1.93138e-20 -0.000174335 -8.29715e-20  0.000897702  3.33285e-19  -0.00248483 -1.05741e-18   0.00367373  2.28897e-18  -0.00103717 -3.17173e-18  -0.00705477  1.74621e-18    0.0143132  2.53777e-18  -0.00989181 -6.99858e-18  -0.00578565  4.78348e-18    0.0149071  5.56283e-18  -0.00452086 -1.01666e-17   -0.0109345  6.60944e-19   0.00867782  9.24625e-18   0.00585215  -4.1403e-18  -0.00827691 -5.70107e-18  -0.00271795    3.406e-18   0.00614819  3.89571e-18   0.00143822  -1.9274e-18  -0.00387651 -3.00365e-18  -0.00108357   1.0111e-18   0.00202378  1.83992e-18  0.000908801 -1.49631e-19 -0.000739133 -8.09111e-19 -0.000593299  -2.7268e-19  6.79125e-05  1.93999e-19  0.000205549  1.76765e-19  6.95966e-05   2.9738e-20 -2.94212e-06 -8.56661e-21 -5.90076e-06 -3.01023e-21  -7.6566e-07
-1.31514e-21  4.52143e-05  7.58395e-21  -0.00038678 -6.37843e-21   0.00166263  1.33215e-19  -0.00431395 -7.90266e-19    0.0067636  2.31306e-18  -0.00471787 -3.82751e-18   -0.0041986  2.78745e-18    0.0133014  2.18316e-18   -0.0103242  -8.1712e-18  -0.00509494  5.56283e-18    0.0144154  6.20195e-18  -0.00401985 -1.08216e-17   -0.0110448    1.133e-19   0.00789224  9.53053e-18   0.00656728 -3.00071e-18  -0.00770109  -6.3538e-18   -0.0036217   2.3043e-18   0.00578741  4.68075e-18   0.00223586 -1.22531e-18  -0.00359561 -3.43066e-18  -0.00164287   4.9065e-19   0.00174586  1.90057e-18   0.00119383  2.37178e-19 -0.000490385 -7.12415e-19 -0.000643945 -4.21308e-19 -7.01154e-05  7.98394e-20  0.000149984   1.5454e-19  7.78573e-05  5.03566e-20  1.21415e-05  4.17563e-21 -4.25006e-07 -3.59016e-22
-3.15421e-06  5.65835e-21  6.15229e-05 -5.59181e-20 -0.000454828  2.35856e-19   0.00191107 -4.16066e-19  -0.00506094 -5.32025e-20   0.00839758  2.01461e-18  -0.00714425 -4.47532e-18  -0.00194777  4.15859e-18    0.0123265  1.69469e-18   -0.0106034 -9.25016e-18  -0.00452086  6.20195e-18    0.0139992  6.70751e-18  -0.00357944 -1.11306e-17   -0.0111308 -6.67223e-19   0.00715004  9.61408e-18   0.00718459 -1.71135e-18  -0.00708057 -6.85283e-18  -0.00442787  1.13614e-18   0.00532364  5.25097e-18   0.00295467 -4.96189e-19  -0.00319954 -3.63169e-18  -0.00212725 -8.14109e-20   0.00137804  1.80135e-18   0.00139668  6.03069e-19 -0.000205239 -5.37693e-19 -0.000622021 -5.14491e-19 -0.000186507 -4.64623e-20  7.26471e-05   9.9239e-20  6.05242e-05  4.61673e-20  1.39184e-05  6.05509e-21  8.72907e-07
-3.11281e-21  1.22099e-05  2.48012e-20 -5.33215e-05 -1.66494e-19 -5.11442e-05  6.10638e-19     0.001113 -1.22875e-18  -0.00425427  1.00447e-18   0.00845715  1.47067e-18  -0.00852197  -5.0555e-18 -8.03415e-05  5.61532e-18    0.0113446  1.29364e-18   -0.0107916 -1.01666e-17  -0.00401985  6.70751e-18    0.0136493  7.08527e-18  -0.00319092 -1.10745e-17   -0.0112028 -1.56522e-18   0.00644631  9.51214e-18   0.00772089 -3.76951e-19  -0.00642536  -7.1735e-18  -0.00514195  1.93831e-20   0.00477197   5.5785e-18   0.00358657  2.30111e-19  -0.00270341 -3.60502e-18  -0.00252023 -6.69112e-19  0.000938438   1.5707e-18   0.00150173  9.20924e-19  9.12717e-05 -3.06845e-19  -0.00052715 -5.36257e-19 -0.000259522 -1.54501e-19 -5.45654e-06  3.15335e-20  2.88969e-05  2.59709e-20  7.33381e-06  2.42989e-21
-6.22179e-06   -3.324e-21  8.38131e-05   2.7116e-20 -0.000399345 -2.34544e-19   0.00092186  9.42917e-19 -0.000632355 -2.07007e-18  -0.00231954  2.14906e-18   0.00753102  7.48654e-19  -0.00927512 -5.50583e-18   0.00152776  6.92974e-18    0.0103976  1.00051e-18   -0.0109345 -1.08216e-17  -0.00357944  7.08527e-18    0.0133598  7.31861e-18  -0.00284307 -1.07144e-17   -0.0112681 -2.43888e-18   0.00577491  9.25444e-18   0.00818957  9.15492e-19  -0.00574154 -7.32269e-18  -0.00576881 -9.78112e-19   0.00414409  5.67841e-18   0.00412437  9.47868e-19  -0.00212167 -3.38019e-18  -0.00280676 -1.23758e-18  0.000448045  1.24991e-18   0.00149712  1.16953e-18  0.000369876 -4.30746e-20 -0.000368572 -4.73746e-19 -0.000271734 -2.10834e-19 -5.85439e-05 -1.88752e-20  2.05653e-06  7.47714e-21    1.439e-06
-9.86907e-22 -2.51212e-05  2.20155e-20  0.000211872 -6.42736e-20 -0.000878538 -1.10239e-19   0.00210044  1.03122e-18  -0.00263054 -2.71809e-18 -7.12297e-05  3.20675e-18   0.00621315 -1.13281e-19   -0.0096414 -5.78103e-18   0.00289537  7.97879e-18   0.00951042  6.60944e-19   -0.0110448 -1.11306e-17  -0.00319092  7.31861e-18    0.0131218  7.38916e-18  -0.00252725 -1.01616e-17   -0.0113314 -3.22728e-18   0.00512987  8.89694e-18   0.00860119  2.10198e-18  -0.00503237 -7.34552e-18  -0.00631222  -1.8452e-18   0.00344902  5.58917e-18   0.00456091  1.65536e-18  -0.00146872 -3.00832e-18  -0.00297273 -1.75589e-18 -6.85677e-05  8.71119e-19    0.0013759  1.32396e-18  0.000597718  2.28177e-19 -0.000167718 -3.26814e-19 -0.000217908 -1.94544e-19 -6.91759e-05  -3.2571e-20  -7.6301e-06  2.71072e-22
 2.03805e-06 -1.51619e-20 -3.93427e-05  1.12181e-19  0.000284785 -3.23653e-19  -0.00115516  2.92653e-19   0.00287371  8.02322e-19  -0.00415658 -3.06006e-18   0.00192264  4.09152e-18   0.00478872 -1.07805e-18  -0.00970989  -5.8317e-18   0.00404533  8.74078e-18   0.00867782    1.133e-19   -0.0111308 -1.10745e-17  -0.00284307  7.38916e-18     0.012929  7.31455e-18  -0.00223728 -9.53214e-18   -0.0113966 -3.95782e-18   0.00450531  8.52245e-18   0.00896412  3.13812e-18  -0.00429891 -7.30662e-18  -0.00677445 -2.60493e-18   0.00269381  5.34897e-18   0.00488815  2.34162e-18  -0.00075973 -2.54211e-18  -0.00300476 -2.20186e-18 -0.000582216  4.43387e-19   0.00113827  1.35054e-18  0.000740399  4.70159e-19  3.86672e-05  -1.2647e-19 -0.000117155 -1.20319e-19   -4.457e-05 -1.86285e-20 -4.50079e-06
 4.20718e-21  -5.0012e-06 -5.54348e-20  1.17577e-05  2.81693e-19  0.000119848 -7.28116e-19 -0.000899646  8.96374e-19   0.00285838  3.26559e-19  -0.00491438 -3.05473e-18   0.00349844  4.76018e-18   0.00334844 -2.09296e-18  -0.00954877 -5.59538e-18   0.00501943  9.24625e-18   0.00789224 -6.67223e-19   -0.0112028 -1.07144e-17  -0.00252725  7.31455e-18     0.012777  7.16416e-18  -0.00196785  -8.9258e-18   -0.0114667 -4.67338e-18   0.00389529  8.22889e-18   0.00928472  3.99964e-18  -0.00354049 -7.25526e-18  -0.00715597 -3.29192e-18   0.00188419  4.98056e-18   0.00509665  2.99172e-18 -1.18207e-05 -2.01095e-18  -0.00289059 -2.55843e-18   -0.0010579 -4.04125e-20  0.000795208  1.21208e-18  0.000765699  6.23706e-19  0.000197573  5.50359e-20 -1.62788e-05 -3.97147e-20 -1.37423e-05 -3.49766e-21
 3.05388e-06  1.38925e-20 -4.04407e-05 -1.12241e-19  0.000183162  4.67059e-19  -0.00035609 -1.12642e-18 -8.92339e-05  1.50753e-18   0.00212494 -2.91962e-19  -0.00500606 -2.68711e-18   0.00468839  5.18881e-18   0.00194476 -3.10036e-18  -0.00922673 -5.02808e-18   0.00585215  9.53053e-18   0.00715004 -1.56522e-18   -0.0112681 -1.01616e-17  -0.00223728  7.16416e-18    0.0126628  7.03623e-18  -0.00171431 -8.43127e-18   -0.0115441 -5.36993e-18   0.00329381   8.1005e-18   0.00956759  4.69309e-18  -0.00275506   -7.193e-18  -0.00745514  -3.9454e-18   0.00102535  4.48896e-18   0.00517504  3.60139e-18  0.000754472 -1.40588e-18  -0.00262012 -2.79668e-18  -0.00145361 -5.77034e-19  0.000372967   8.8519e-19  0.000651719  6.19412e-19  0.000255322  1.38039e-19  3.67156e-05  1.47526e-21  5.53983e-07
-1.55586e-21  1.21014e-05  1.96279e-20 -0.000103529 -1.34331e-19  0.000427942  5.38225e-19 -0.000977672 -1.33268e-18  0.000973248  1.95527e-18   0.00100932 -9.86824e-19  -0.00464899 -1.99415e-18   0.00554169  5.37049e-18  0.000621859 -4.05428e-18  -0.00879262  -4.1403e-18   0.00656728  9.61408e-18   0.00644631 -2.43888e-18   -0.0113314 -9.53214e-18  -0.00196785  7.03623e-18    0.0125838  7.01346e-18  -0.00147262 -8.13039e-18   -0.0116308 -6.00427e-18   0.00269476   8.1683e-18   0.00981566  5.26933e-18   -0.0019395 -7.06389e-18  -0.00766784 -4.60889e-18  0.000122759  3.86738e-18   0.00510963  4.17838e-18   0.00151332 -6.88006e-19   -0.0021874 -2.85859e-18  -0.00172071 -1.12144e-18 -8.08384e-05  3.96392e-19  0.000409506  4.38485e-19   0.00019952  1.07556e-19  3.43958e-05  4.71534e-21
-8.16516e-07   1.2497e-21   1.7713e-05 -3.60741e-21 -0.000137704  -5.6108e-20   0.00057964  3.95339e-19  -0.00144152 -1.25508e-18   0.00191793  2.16429e-18 -0.000181933 -1.70345e-18  -0.00400641 -1.08313e-18   0.00609609  5.29915e-18 -0.000598476 -4.92698e-18  -0.00827691 -3.00071e-18   0.00718459  9.51214e-18   0.00577491 -3.22728e-18   -0.0113966  -8.9258e-18  -0.00171431  7.01346e-18    0.0125385  7.13225e-18  -0.00123917 -8.08175e-18   -0.0117285 -6.55098e-18   0.00209176  8.38331e-18    0.0100302  5.82154e-18  -0.00108981 -6.77803e-18    -0.007787 -5.32296e-18 -0.000816785  3.10175e-18   0.00488431  4.71944e-18   0.00223138  1.80111e-19  -0.00159518 -2.66101e-18  -0.00180647 -1.56254e-18 -0.000484903 -1.28489e-19   0.00011528  1.75445e-19    8.845e-05  3.49909e-20    1.189e-05
-1.09499e-21  3.03834e-06  1.56908e-20 -9.01402e-06 -7.30902e-20 -5.62663e-05  1.36226e-19  0.000475772  5.72689e-20  -0.00153589 -9.28161e-19   0.00253647  2.12674e-18  -0.00128297 -2.36304e-18  -0.00318414 -7.86018e-20   0.00639385  4.95424e-18   -0.0017114 -5.70107e-18  -0.00770109 -1.71135e-18   0.00772089  9.25444e-18   0.00512987 -3.95782e-18   -0.0114667 -8.43127e-18  -0.00147262  7.13225e-18    0.0125257  7.38709e-18  -0.00101055  -8.2934e-18   -0.0118386 -7.04504e-18   0.00147809  8.62341e-18    0.0102107  6.45575e-18 -0.000201348 -6.25752e-18  -0.00780214 -6.11153e-18  -0.00178374  2.17018e-18   0.00448115  5.17572e-18    0.0028643  1.19462e-18 -0.000862071 -2.12328e-18  -0.00165638 -1.72423e-18 -0.000720204 -4.74564e-19 -0.000101856 -1.13982e-20  7.82796e-06  -2.4314e-21
-1.44477e-06  -4.5872e-21  1.95338e-05  3.99089e-20 -8.95476e-05 -1.65118e-19  0.000169181  3.71293e-19  9.92544e-05 -3.53161e-19  -0.00125396 -4.44851e-19   0.00279961  1.85727e-18  -0.00222291 -2.87591e-18  -0.00226245  9.44132e-19   0.00647843  4.31654e-18  -0.00271795  -6.3538e-18  -0.00708057 -3.76951e-19   0.00818957  8.89694e-18   0.00450531 -4.67338e-18   -0.0115441 -8.13039e-18  -0.00123917  7.38709e-18    0.0125452  7.75873e-18 -0.000783452 -8.70959e-18   -0.0119623 -7.57197e-18  0.000846457  8.73216e-18    0.0103549  7.24504e-18  0.000730869 -5.47503e-18  -0.00769858 -6.97001e-18  -0.00276364  1.04467e-18   0.00388081  5.43475e-18   0.00335289  2.28527e-18 -2.88739e-05 -1.21296e-18   -0.0012319 -1.45202e-18 -0.000686804 -4.89015e-19 -0.000156359  -5.2294e-20  -1.1152e-05
 3.95363e-22  -4.9784e-06 -6.50768e-21  4.51245e-05  5.22122e-20 -0.000195371 -2.17702e-19   0.00045662  5.37526e-19 -0.000416774 -6.98631e-19 -0.000722902  1.10732e-19   0.00276009   1.3831e-18   -0.0029702 -3.17185e-18  -0.00130293  1.96364e-18   0.00638662    3.406e-18   -0.0036217 -6.85283e-18  -0.00642536  9.15492e-19   0.00860119  8.52245e-18   0.00389529 -5.36993e-18   -0.0116308 -8.08175e-18  -0.00101055  7.75873e-18     0.012597  8.23506e-18 -0.000554566 -9.22287e-18   -0.0121007 -8.22002e-18  0.000188848  8.57251e-18    0.0104579  8.19928e-18   0.00171181 -4.45736e-18  -0.00745648 -7.85886e-18  -0.00373489 -2.97124e-19    0.0030648  5.34538e-18   0.00362441   3.3094e-18  0.000824085 -3.62924e-20 -0.000581686 -8.00457e-19 -0.000420265 -2.56175e-19 -9.15993e-05 -1.78796e-20
 1.47786e-07 -1.09088e-21  -5.3575e-06  3.23223e-21   5.2225e-05  2.43438e-20 -0.000249527 -1.79051e-19  0.000668057  5.57756e-19 -0.000902482 -8.93238e-19 -8.46439e-05   6.7397e-19   0.00248413  7.46101e-19  -0.00351483 -3.21206e-18 -0.000348414   2.9641e-18   0.00614819   2.3043e-18  -0.00442787  -7.1735e-18  -0.00574154  2.10198e-18   0.00896412  8.22889e-18   0.00329381 -6.00427e-18   -0.0117285  -8.2934e-18 -0.000783452  8.23506e-18    0.0126819  8.80754e-18  -0.00032041 -9.70174e-18   -0.0122546 -9.03319e-18  -0.00050375  8.07811e-18    0.0105122  9.27491e-18   0.00274601 -3.25815e-18  -0.00705041 -8.70176e-18  -0.00466512 -1.84599e-18   0.00202497  4.77395e-18   0.00359016  4.02598e-18   0.00152712   1.0561e-18  7.81154e-05  -1.1499e-19 -0.000117005 -3.24306e-20 -2.14569e-05
 5.37622e-22 -1.98218e-06 -7.18188e-21  9.19057e-06  2.98475e-20  6.80923e-06 -4.74977e-20  -0.00018687  -5.1229e-20  0.000709402  4.19393e-19  -0.00124734 -9.08155e-19  0.000557657   1.1844e-18   0.00203472 -4.26254e-21  -0.00386254 -2.99136e-18  0.000572048  3.89571e-18   0.00578741  1.13614e-18  -0.00514195 -7.32269e-18  -0.00503237  3.13812e-18   0.00928472   8.1005e-18   0.00269476 -6.55098e-18   -0.0118386 -8.70959e-18 -0.000554566  8.80754e-18    0.0128012  9.45477e-18 -7.71946e-05 -1.00216e-17   -0.0124247 -9.99027e-18   -0.0012416  7.28621e-18    0.0105069  1.04134e-17   0.00383603 -1.92754e-18  -0.00644875  -9.3815e-18  -0.00550125 -3.53518e-18   0.00077176  3.62727e-18   0.00312764  4.07895e-18   0.00181066    1.567e-18  0.000448501  2.29188e-19  3.70568e-05  3.10459e-20
  6.0138e-07  2.07997e-21 -8.69143e-06 -1.63241e-20  4.32042e-05    6.065e-20 -9.37541e-05 -1.29748e-19 -8.86407e-06  1.15237e-19  0.000573254  1.55357e-19  -0.00141342 -7.52459e-19   0.00113733   1.5829e-18   0.00146957 -8.16251e-19  -0.00402733 -2.54161e-18   0.00143822  4.68075e-18   0.00532364  1.93831e-20  -0.00576881 -7.34552e-18  -0.00429891  3.99964e-18   0.00956759   8.1683e-18   0.00209176 -7.04504e-18   -0.0119623 -9.22287e-18  -0.00032041  9.45477e-18     0.012957  1.01341e-17  0.000179308 -1.00978e-17   -0.0126113 -1.10157e-17  -0.00203634  6.32924e-18    0.0104258  1.15704e-17   0.00498038 -4.89129e-19   -0.0056089  -9.7372e-18  -0.00616366 -5.24916e-18 -0.000668576  1.86376e-18   0.00212562  3.19478e-18   0.00149011  1.27688e-18  0.000418848  1.97193e-19  3.90308e-05
-2.44664e-22  1.56674e-06  3.27531e-21 -1.63084e-05 -1.95691e-20  7.95277e-05  6.95349e-20  -0.00020778  -1.7379e-19  0.000223332  2.59383e-19  0.000310111 -1.81181e-19  -0.00140612 -4.58106e-19   0.00161272  1.82197e-18  0.000838287 -1.63205e-18  -0.00402612  -1.9274e-18   0.00223586  5.25097e-18   0.00477197 -9.78112e-19  -0.00631222 -7.30662e-18  -0.00354049  4.69309e-18   0.00981566  8.38331e-18   0.00147809 -7.57197e-18   -0.0121007 -9.70174e-18 -7.71946e-05  1.01341e-17     0.013152  1.07871e-17  0.000454015 -9.92106e-18   -0.0128141 -1.20205e-17    -0.002902  5.37095e-18    0.0102455  1.27152e-17   0.00617481  1.08355e-18  -0.00448008 -9.58521e-18   -0.0065555 -6.81279e-18  -0.00219637  -3.2037e-19  0.000701939  1.61047e-18  0.000749468  5.58736e-19  0.000189859  4.93319e-20
 7.16634e-08 -2.02236e-22  3.86993e-07  1.32563e-21 -1.31634e-05 -7.59341e-21  8.69948e-05  3.86416e-20 -0.000278742 -1.48412e-19  0.000436428  3.38735e-19 -1.56898e-05 -5.28919e-19  -0.00125034 -6.73844e-20   0.00196094  1.87533e-18   0.00018144 -2.38452e-18  -0.00387651 -1.22531e-18   0.00295467   5.5785e-18   0.00414409  -1.8452e-18  -0.00677445 -7.25526e-18  -0.00275506  5.26933e-18    0.0100302  8.62341e-18  0.000846457 -8.22002e-18   -0.0122546 -1.00216e-17  0.000179308  1.07871e-17    0.0133899  1.13528e-17  0.000753034 -9.57707e-18   -0.0130326 -1.29623e-17  -0.00385574  4.51114e-18    0.0099371   1.3805e-17   0.00740463  2.87352e-18  -0.00302532 -8.71485e-18  -0.00652442 -7.81354e-18  -0.00346015 -2.20829e-18 -0.000613399  1.53002e-19  8.80754e-05  3.64895e-20   2.9089e-05
 1.49351e-23  1.05254e-06   3.4345e-22 -6.49072e-06 -3.89054e-21   1.0317e-05  1.77998e-20  4.64279e-05 -2.58872e-20 -0.000273274  -5.2596e-20   0.00058031   3.3531e-19 -0.000348282 -8.27406e-19 -0.000979493  3.77997e-19   0.00217301  1.74151e-18 -0.000468101 -3.00365e-18  -0.00359561 -4.96189e-19   0.00358657  5.67841e-18   0.00344902 -2.60493e-18  -0.00715597   -7.193e-18   -0.0019395  5.82154e-18    0.0102107  8.73216e-18  0.000188848 -9.03319e-18   -0.0124247 -1.00978e-17  0.000454015  1.13528e-17    0.0136757  1.17891e-17   0.00108342  -9.2186e-18   -0.0132655 -1.38916e-17  -0.00491449  3.70193e-18   0.00945944  1.47455e-17   0.00861819  5.02517e-18  -0.00120391 -6.77297e-18  -0.00575148 -7.46883e-18  -0.00383598 -2.82052e-18   -0.0011847  -4.5824e-19 -0.000156497 -7.18458e-20
-1.89291e-07  1.31748e-22  3.12119e-06  1.24162e-22 -1.79985e-05 -6.91163e-21  4.89582e-05  4.17011e-20 -3.35493e-05  -9.8951e-20 -0.000192746  9.19129e-20  0.000633886   2.4998e-19 -0.000645095  -1.0276e-18 -0.000629633  8.38333e-19   0.00224925  1.44152e-18  -0.00108357 -3.43066e-18  -0.00319954  2.30111e-19   0.00412437  5.58917e-18   0.00269381 -3.29192e-18  -0.00745514 -7.06389e-18  -0.00108981  6.45575e-18    0.0103549  8.57251e-18  -0.00050375 -9.99027e-18   -0.0126113 -9.92106e-18  0.000753034  1.17891e-17    0.0140154  1.21154e-17    0.0014534 -8.98775e-18    -0.013507 -1.49622e-17  -0.00609845   2.7066e-18   0.00873648  1.54074e-17   0.00973987  7.77276e-18   0.00109309 -3.32816e-18  -0.00386915 -5.19339e-18  -0.00295053   -1.903e-18 -0.000915533 -3.19285e-19 -9.54171e-05
 -5.7581e-23 -2.60953e-07  8.53296e-22  4.08358e-06 -3.33095e-21 -2.57838e-05  -3.6782e-22  8.36822e-05  4.64045e-20 -0.000124801 -1.52958e-19 -6.09456e-05  2.52457e-19   0.00059707  9.54886e-20 -0.000876625 -1.09843e-18 -0.000235629  1.26927e-18   0.00219603   1.0111e-18  -0.00164287 -3.63169e-18  -0.00270341  9.47868e-19   0.00456091  5.34897e-18   0.00188419  -3.9454e-18  -0.00766784 -6.77803e-18 -0.000201348  7.24504e-18    0.0104579  8.07811e-18   -0.0012416 -1.10157e-17   -0.0128141 -9.57707e-18   0.00108342  1.21154e-17    0.0144161  1.24643e-17   0.00187709 -8.95276e-18   -0.0137479 -1.64038e-17  -0.00744882  1.17466e-18   0.00767782  1.57186e-17    0.0107233   1.1188e-17   0.00386132  1.36141e-18   -0.0010707 -1.67896e-18  -0.00131112 -4.41496e-19 -0.000354292 -2.19856e-20
-7.35442e-08 -2.13172e-22  6.52069e-07  2.35334e-21  3.02212e-07 -1.07278e-20   -2.017e-05  1.78768e-20  9.52657e-05  2.29802e-20 -0.000198106 -1.69659e-19  9.15801e-05  3.93739e-19  0.000482733 -1.08213e-19  -0.00102514 -1.02839e-18  0.000170564  1.61943e-18   0.00202378   4.9065e-19  -0.00212725 -3.60502e-18  -0.00212167  1.65536e-18   0.00488815  4.98056e-18   0.00102535 -4.60889e-18    -0.007787 -6.25752e-18  0.000730869  8.19928e-18    0.0105122  7.28621e-18  -0.00203634 -1.20205e-17   -0.0130326  -9.2186e-18    0.0014534  1.24643e-17    0.0148907  1.30781e-17    0.0023724  -9.1189e-18   -0.0139917 -1.84067e-17  -0.00899923 -1.15328e-18   0.00623966  1.54796e-17    0.0113713  1.43273e-17   0.00642452  5.50059e-18   0.00148117  1.14038e-18 -7.45871e-06  3.32567e-19 -3.49682e-05
 -1.4733e-23 -3.88564e-07 -2.06903e-22  3.02976e-06  3.46046e-21 -9.12018e-06 -1.87609e-20  1.09117e-06  4.18427e-20  7.61006e-05 -2.48482e-20 -0.000234646 -1.42796e-19  0.000236529  4.83888e-19  0.000311104 -3.34875e-19  -0.00108268 -8.26003e-19  0.000560414  1.83992e-18   0.00174586 -8.14109e-20  -0.00252023 -3.38019e-18  -0.00146872  2.34162e-18   0.00509665  4.48896e-18  0.000122759 -5.32296e-18  -0.00780214 -5.47503e-18   0.00171181  9.27491e-18    0.0105069  6.32924e-18    -0.002902 -1.29623e-17   -0.0132655 -8.98775e-18   0.00187709  1.30781e-17    0.0154555  1.41978e-17   0.00294594 -9.41045e-18   -0.0142223 -2.09177e-17   -0.0107073 -4.48849e-18    0.0042697  1.36643e-17     0.010897  1.48257e-17   0.00736144  6.66968e-18   0.00247286  1.87032e-18  0.000378823  3.14984e-19
 3.19482e-08 -1.73358e-22 -7.24922e-07  6.23331e-22  5.45695e-06  2.08618e-21  -1.9906e-05 -2.17456e-20  3.07333e-05   6.0973e-20  3.14126e-05 -8.36157e-20 -0.000227912 -7.61174e-20  0.000351615  5.00344e-19  0.000105752 -5.51368e-19  -0.00104917 -5.19137e-19  0.000908801  1.90057e-18   0.00137804 -6.69112e-19  -0.00280676 -3.00832e-18  -0.00075973  2.99172e-18   0.00517504  3.86738e-18 -0.000816785 -6.11153e-18  -0.00769858 -4.45736e-18   0.00274601  1.04134e-17    0.0104258  5.37095e-18  -0.00385574 -1.38916e-17    -0.013507 -8.95276e-18    0.0023724  1.41978e-17    0.0161148  1.59731e-17   0.00362454  -9.5354e-18   -0.0143354 -2.37289e-17   -0.0125936 -9.48768e-18   0.00117738  8.43969e-18   0.00816258  1.07211e-17   0.00577639  4.40744e-18   0.00181854  1.03584e-18  0.000197058
 4.30806e-23 -4.42685e-08 -5.99919e-22 -3.01073e-07  2.63739e-21   5.1524e-06 -2.73287e-21 -2.53437e-05 -1.56362e-20   5.7228e-05  6.58988e-20 -2.61708e-05 -1.35478e-19 -0.000181278  1.88959e-20   0.00042191  4.35212e-19 -0.000109149 -7.21001e-19 -0.000930805 -1.49631e-19   0.00119383  1.80135e-18  0.000938438 -1.23758e-18  -0.00297273 -2.54211e-18 -1.18207e-05  3.60139e-18   0.00510963  3.10175e-18  -0.00178374 -6.97001e-18  -0.00745648 -3.25815e-18   0.00383603  1.15704e-17    0.0102455  4.51114e-18  -0.00491449 -1.49622e-17   -0.0137479  -9.1189e-18   0.00294594  1.59731e-17    0.0168918  1.85302e-17   0.00452157 -9.11492e-18   -0.0142743 -2.70174e-17   -0.0150061 -1.69433e-17  -0.00362416 -5.78463e-19   0.00319384  3.35638e-18   0.00265687  1.09595e-18  0.000682367  1.43413e-19
 2.83955e-08   1.0736e-22 -3.81976e-07 -1.10333e-21  1.42635e-06  5.05006e-21  5.60213e-07 -9.36609e-21 -2.11891e-05 -8.05124e-22  7.10927e-05  5.23508e-20 -8.23482e-05 -1.63812e-19 -0.000104861  1.24786e-19  0.000439947  2.98062e-19 -0.000310563 -8.12446e-19 -0.000739133  2.37178e-19   0.00139668   1.5707e-18  0.000448045 -1.75589e-18  -0.00300476 -2.01095e-18  0.000754472  4.17838e-18   0.00488431  2.17018e-18  -0.00276364 -7.85886e-18  -0.00705041 -1.92754e-18   0.00498038  1.27152e-17    0.0099371  3.70193e-18  -0.00609845 -1.64038e-17   -0.0139917 -9.41045e-18   0.00362454  1.85302e-17     0.017894  2.18902e-17   0.00569785 -8.26335e-18   -0.0142684 -3.10271e-17   -0.0180897 -2.55201e-17  -0.00918452 -9.89534e-18  -0.00181267 -2.84169e-18  0.000143397 -6.39748e-19  6.75786e-05
 3.81268e-24  7.79205e-08  7.35697e-23 -8.30048e-07 -1.14086e-21  3.76846e-06  6.16698e-21 -6.91776e-06 -1.43104e-20 -8.04125e-06  1.79977e-20  6.80248e-05  2.22344e-20 -0.000124856 -1.58136e-19 -1.26201e-05  2.20553e-19  0.000405197  1.13519e-19 -0.000477768 -8.09111e-19 -0.000490385  6.03069e-19   0.00150173  1.24991e-18 -6.85677e-05 -2.20186e-18  -0.00289059 -1.40588e-18   0.00151332  4.71944e-18   0.00448115  1.04467e-18  -0.00373489 -8.70176e-18  -0.00644875 -4.89129e-19   0.00617481   1.3805e-17   0.00945944   2.7066e-18  -0.00744882 -1.84067e-17   -0.0142223  -9.5354e-18   0.00452157  2.18902e-17     0.019172  2.55735e-17   0.00693149 -7.26121e-18   -0.0142792 -3.38552e-17   -0.0203663 -3.02222e-17   -0.0125506 -1.40433e-17  -0.00415599 -4.54984e-18 -0.000651361 -8.35508e-19
 2.41084e-09  4.62177e-23  4.20269e-08 -1.86164e-22 -8.45702e-07 -3.46436e-22  5.05502e-06  4.66719e-21 -1.38105e-05 -1.43501e-20  9.67961e-06  3.37832e-20  4.90566e-05 -1.74244e-20 -0.000145459 -1.17138e-19  8.00923e-05  2.85778e-19  0.000323362 -8.66587e-20 -0.000593299 -7.12415e-19 -0.000205239  9.20924e-19   0.00149712  8.71119e-19 -0.000582216 -2.55843e-18  -0.00262012 -6.88006e-19   0.00223138  5.17572e-18   0.00388081 -2.97124e-19  -0.00466512  -9.3815e-18   -0.0056089  1.08355e-18   0.00740463  1.47455e-17   0.00873648  1.17466e-18  -0.00899923 -2.09177e-17   -0.0143354 -9.11492e-18   0.00569785  2.55735e-17    0.0204909  2.91239e-17   0.00827137 -4.39919e-18   -0.0127215 -3.04482e-17   -0.0188119 -2.58478e-17      -0.0113 -1.11333e-17  -0.00338984 -2.67946e-18 -0.000363888
-9.58042e-24  3.42249e-08  1.20561e-22 -1.95501e-07 -5.67896e-22 -1.45496e-08  9.34248e-22  3.99551e-06  7.02436e-22 -1.68323e-05 -8.39214e-21  2.61721e-05  4.01711e-20  1.92813e-05 -5.67066e-20 -0.000140795 -4.88617e-20  0.000158547  3.05503e-19   0.00020563  -2.7268e-19 -0.000643945 -5.37693e-19  9.12717e-05  1.16953e-18    0.0013759  4.43387e-19   -0.0010579 -2.79668e-18   -0.0021874  1.80111e-19    0.0028643  5.43475e-18    0.0030648 -1.84599e-18  -0.00550125  -9.7372e-18  -0.00448008  2.87352e-18   0.00861819  1.54074e-17   0.00767782 -1.15328e-18   -0.0107073 -2.37289e-17   -0.0142743 -8.26335e-18   0.00693149  2.91239e-17    0.0218826  3.42205e-17    0.0112199  4.63702e-18  -0.00694368 -1.69833e-17   -0.0119988  -1.3291e-17  -0.00648761 -4.85193e-18  -0.00146786 -1.15441e-18
