 6.76407e-18 -5.70542e-32 -2.40311e-16   3.0816e-30  3.26612e-15 -5.43384e-29 -2.61575e-14  5.72685e-28  1.41868e-13 -4.29071e-27 -5.56735e-13  2.49745e-26   1.6366e-12  -1.1906e-25 -3.66207e-12  4.78678e-25  6.24443e-12 -1.64426e-24 -7.98433e-12  4.84396e-24  7.30955e-12 -1.22391e-23 -4.20681e-12  2.65011e-23  7.38986e-13 -4.91377e-23  9.04823e-13  7.79619e-23 -6.18737e-13 -1.05734e-22 -7.38779e-14  1.22387e-22  1.92458e-13  -1.2068e-22 -2.95299e-15  1.01261e-22 -5.09267e-14 -7.24909e-23 -4.71247e-16  4.48411e-23  1.24154e-14 -2.47314e-23  1.78363e-15  1.27255e-23 -2.45977e-15 -6.15572e-24 -9.20783e-16  2.47159e-24  2.67504e-16 -4.62363e-25  2.54101e-16 -3.45513e-25  2.92619e-17  4.03555e-25 -3.45703e-17 -1.98016e-25 -1.68596e-17  3.04617e-26 -7.63565e-19  2.98178e-26  2.17336e-18 -2.70472e-26  9.40104e-19  1.07571e-26   8.9211e-20 -1.58947e-27 -7.71341e-20  -3.7265e-28 -4.05681e-20  1.08481e-28 -8.15175e-21  2.67347e-29   6.5077e-22  1.43149e-30  9.71775e-22  8.16505e-30   3.2243e-22 -1.64078e-29  5.03413e-23  5.45913e-30 -3.06589e-24  9.77594e-31 -4.18278e-24 -5.08973e-31 -1.29436e-24 -1.64583e-31 -2.29912e-25   6.2677e-32 -1.73131e-26  1.57455e-32  3.67798e-27 -6.94287e-33  1.69487e-27 -1.03523e-34  3.64865e-28  5.92239e-35  5.18894e-29  9.93528e-35  4.56828e-30  7.17213e-36  4.47224e-32 -8.00193e-36 -6.62258e-32 -1.79504e-36 -1.37725e-32  1.58912e-37  -1.7387e-33  8.38076e-38 -1.57171e-34  9.97016e-39 -1.02352e-35  3.06328e-40 -4.25148e-37  -2.9578e-40 -3.94278e-39 -4.24859e-41  8.67121e-40 -1.25023e-42  7.51673e-41 -4.89448e-44  3.15978e-42  6.53962e-45  7.18831e-44  7.89926e-46   6.4548e-46  1.03751e-47
-5.70542e-32  3.47525e-16 -1.60528e-30 -7.00201e-15  6.15731e-29  7.22662e-14 -8.71828e-28 -4.78377e-13  7.68929e-27  2.23109e-12 -4.93545e-26 -7.69238e-12  2.51424e-25  2.00997e-11 -1.07358e-24 -4.01656e-11  3.95516e-24  6.10368e-11  -1.2682e-23 -6.87243e-11  3.53038e-23  5.35364e-11 -8.48342e-23 -2.31078e-11  1.75102e-22 -1.77576e-12 -3.09396e-22  8.20275e-12  4.66861e-22 -2.64172e-12 -6.00175e-22 -1.69155e-12  6.55402e-22  1.05131e-12 -6.05754e-22  3.66097e-13  4.72248e-22 -2.83979e-13   -3.107e-22 -1.05595e-13  1.74986e-22  5.81379e-14 -8.83647e-23  3.33194e-14  4.33481e-23 -6.42077e-15 -2.12525e-23 -8.54139e-15  8.95773e-24 -9.68292e-16 -1.88305e-24  1.35106e-15 -1.08107e-24  6.04301e-16  1.35262e-24 -2.79033e-17 -6.86923e-25 -1.07843e-16  1.40195e-25 -3.54974e-17  6.60124e-26  1.98894e-18 -7.16677e-26  5.54152e-18  2.80706e-26  1.93169e-18  -2.6635e-27  1.18516e-19 -1.37526e-27 -1.62815e-19 -2.10427e-28 -7.66373e-20  3.60367e-28 -1.51118e-20  3.67921e-30  6.57069e-22  1.02496e-29  1.43665e-21 -6.06446e-29  4.93723e-22  2.09336e-29  8.79222e-23  3.90043e-30  2.32408e-24 -1.80155e-30 -3.86085e-24 -6.48307e-31 -1.39705e-24  2.26972e-31 -2.83202e-25  5.25706e-32  -3.4092e-26  -2.5142e-32 -5.48828e-28  6.34079e-36  8.33933e-28  5.21898e-34  2.29797e-28  3.19555e-34  3.77895e-29   1.2571e-35  4.32103e-30 -2.91502e-35  3.19396e-31 -6.16543e-36   5.9138e-33  4.94261e-37  -2.2921e-33  2.57721e-37 -4.04866e-34  3.38096e-38 -4.07851e-35  1.36941e-39  -2.8803e-36  -7.9599e-40 -1.46376e-37 -1.08463e-40 -5.12201e-39 -4.05262e-42 -1.04527e-40 -1.77696e-43 -3.00445e-43  1.11164e-44  1.95497e-44  9.80337e-46  1.07282e-46
-2.40311e-16 -1.60528e-30  8.77625e-15 -2.67927e-29 -1.22792e-13  8.01079e-28  1.01407e-12 -9.38641e-27 -5.68244e-12  6.99575e-26  2.30944e-11 -3.84327e-25 -7.05153e-11  1.70198e-24  1.64525e-10 -6.46272e-24 -2.94124e-10  2.17504e-23  3.97665e-10 -6.52307e-23 -3.91144e-10  1.72454e-22  2.52221e-10 -3.96385e-22 -6.81106e-11  7.83889e-22 -3.98011e-11  -1.3252e-21  4.00914e-11  1.90719e-21 -1.77029e-12 -2.32814e-21  -1.1341e-11   2.4001e-21  2.16086e-12 -2.07756e-21  2.94712e-12  1.49999e-21 -5.52769e-13       -9e-22 -7.77021e-13  4.54881e-22  3.99622e-14 -2.06997e-22  1.85588e-13   9.7455e-23  2.98762e-14 -5.00055e-23 -3.15793e-14  2.25913e-23 -1.46537e-14 -5.34874e-24  1.54072e-15 -2.14581e-24  3.12641e-15  2.95818e-24  8.16938e-16  -1.5365e-24 -2.04413e-16  3.66408e-25 -1.99064e-16  1.01147e-25 -4.75833e-17 -1.41764e-25  7.63669e-18  5.47382e-26  8.87869e-18 -2.08678e-28  2.66462e-18 -4.41954e-27  1.20376e-19   -1.732e-27 -2.13764e-19  1.56089e-27 -9.50963e-20 -4.12034e-30 -1.92124e-20 -1.10524e-29  -1.1391e-22 -1.60231e-28  1.28689e-21  5.36519e-29  4.75617e-22  1.16471e-29  9.50508e-23   -4.338e-30  8.21698e-24 -1.79386e-30 -1.62787e-24  5.81581e-31 -8.44104e-25  1.14848e-31 -1.94938e-25 -6.59022e-32  -2.9026e-26  1.44002e-33 -2.48361e-27  2.31261e-33  5.61944e-29  7.48304e-34  6.31165e-29 -9.07814e-36  1.28094e-29 -7.64631e-35  1.67513e-30 -1.48329e-35   1.5714e-31  1.03059e-36  1.01747e-32  5.41007e-37  3.28121e-34  7.65895e-38 -1.59081e-35  3.38124e-39 -3.16054e-36 -1.45319e-39 -2.44595e-37 -1.84317e-40 -1.20582e-38 -7.84418e-42 -3.87278e-40 -3.23971e-43 -7.39661e-42  1.17919e-44  -7.4919e-44  6.08458e-46
  3.0816e-30 -7.00201e-15 -2.67927e-29  1.45227e-13 -3.27628e-28 -1.54537e-12  8.03959e-27  1.05665e-11 -7.95298e-26 -5.10129e-11  5.04658e-25  1.82544e-10 -2.36837e-24 -4.96702e-10  9.02573e-24  1.03829e-09 -3.00857e-23 -1.66141e-09  9.17767e-23  1.99152e-09 -2.57553e-22 -1.68975e-09  6.50383e-22   8.5822e-10 -1.43994e-21 -5.56755e-11   2.7449e-21 -2.46206e-10 -4.45974e-21  1.21714e-10  6.13997e-21  3.72167e-11 -7.12942e-21 -4.31949e-11  6.94174e-21 -5.40878e-12 -5.62094e-21  1.19199e-11  3.74258e-21  1.72252e-12 -2.02605e-21 -2.82743e-12  8.97952e-22 -7.98382e-13 -3.57478e-22  5.00183e-13   1.6385e-22  2.84698e-13 -9.25473e-23 -3.08467e-14  4.54741e-23 -6.49171e-14 -1.18206e-23 -1.44528e-14 -3.06084e-24  6.66245e-15  4.81899e-24  4.75424e-15 -2.57784e-24  6.94803e-16  7.25877e-25 -4.39277e-16  1.14576e-25 -2.66401e-16 -2.52139e-25 -4.81682e-17  9.79115e-26  1.29244e-17  1.21161e-26  1.05598e-17 -1.31544e-26  2.87904e-18 -5.48664e-27  1.33286e-19  4.55034e-27   -2.009e-19 -4.41436e-29 -8.85033e-20 -7.80699e-29 -1.88163e-20 -3.47683e-28 -1.05779e-21  1.05272e-28  7.56967e-22  2.88776e-29  3.21841e-22 -7.99948e-30  7.13739e-23 -3.95951e-30  9.06619e-24  1.20361e-30  5.09173e-26  1.80635e-31 -2.92237e-25 -1.43645e-31 -8.27598e-26  6.68101e-33 -1.41706e-26  7.15119e-33 -1.65024e-27  1.51131e-33  -1.1098e-28 -1.08315e-34  2.56952e-30 -1.65442e-34  1.93907e-30 -2.90319e-35  3.11714e-31  1.59828e-36  3.24414e-32   8.8454e-37  2.43827e-33  1.32587e-37  1.31456e-34  5.68112e-39  4.59604e-36 -2.07902e-39  5.80166e-38 -2.39923e-40 -3.57913e-39 -1.08235e-41 -2.24754e-40 -3.83834e-43 -4.91781e-42  8.53018e-45 -3.89777e-44
 3.26612e-15  6.15731e-29 -1.22792e-13 -3.27628e-28  1.77129e-12 -3.21979e-27 -1.51071e-11  6.68264e-26  8.76012e-11 -5.66508e-25 -3.69299e-10  3.08635e-24   1.1731e-09   -1.238e-23 -2.85846e-09  4.01723e-23  5.36526e-09 -1.15336e-22 -7.67846e-09  3.14162e-22  8.11189e-09 -8.23305e-22 -5.81821e-09   2.0002e-21  2.09534e-09 -4.30501e-21  5.52876e-10  7.97047e-21 -9.57226e-10 -1.25109e-20  1.91773e-10  1.65304e-20  2.36906e-10 -1.82873e-20 -9.69456e-11  1.68202e-20 -5.76361e-11 -1.27184e-20  2.70853e-11   7.7654e-21  1.61841e-11  -3.7335e-21 -5.03483e-12  1.39201e-21 -4.60716e-12 -4.52943e-22  2.35139e-13  2.09904e-22  1.04921e-12 -1.42828e-22  2.32051e-13  7.68866e-23  -1.3586e-13 -2.11569e-23 -8.63229e-14 -2.97407e-24 -5.70448e-15  5.85232e-24  1.21626e-14 -3.39231e-24  5.40627e-15   1.2714e-24  3.03796e-16  6.09931e-26 -6.15825e-16 -4.42211e-25 -2.82858e-16  1.78598e-25 -4.04994e-17  4.44788e-26  1.47035e-17 -3.49038e-26   9.9731e-18 -1.24103e-26  2.58656e-18  1.05021e-26   1.6073e-19 -1.23349e-28 -1.40258e-19 -1.97121e-28 -6.43203e-20 -6.55558e-28 -1.45861e-20  1.63428e-28 -1.45653e-21  6.15716e-29  2.60792e-22 -1.14128e-29  1.54543e-22 -7.31823e-30  3.82823e-23  2.11189e-30  5.93934e-24  1.88825e-31  4.78904e-25 -2.74026e-31 -3.58158e-26  1.95653e-32 -2.06543e-26  1.74095e-32 -4.17422e-27   2.8253e-33 -5.61071e-28 -3.43541e-34 -5.32446e-29 -3.09567e-34 -3.15951e-30 -4.92378e-35 -1.51967e-32  1.78509e-36  2.17142e-32  1.17305e-36  2.91548e-33  1.83408e-37  2.32187e-34   6.7644e-39  1.28191e-35 -2.47842e-39  4.92279e-37  -2.5273e-40  1.24557e-38 -1.13699e-41  1.77636e-40 -3.17985e-43  1.12427e-42  3.85242e-45
-5.43384e-29  7.22662e-14  8.01079e-28 -1.54537e-12 -3.21979e-27  1.69822e-11 -2.66343e-26 -1.20136e-10  4.76137e-25  6.01381e-10 -3.50297e-24 -2.23727e-09  1.65586e-23  6.35004e-09 -5.70824e-23 -1.39078e-08  1.56601e-22  2.34666e-08 -3.78029e-22 -2.99679e-08  8.95798e-22  2.76418e-08 -2.17837e-21 -1.61947e-08  5.14421e-21  3.00919e-09 -1.09063e-20  3.56216e-09  1.98076e-20 -2.61456e-09 -3.02241e-20 -2.17856e-10  3.84569e-20  8.36991e-10 -4.05919e-20 -5.75851e-11  3.52596e-20 -2.29654e-10  -2.4833e-20  1.41309e-11  1.37947e-20  5.99688e-11 -5.74428e-21  3.78436e-12  1.64694e-21 -1.34711e-11  -3.4395e-22  -3.6796e-12  1.88434e-22  1.97341e-12 -1.89507e-22  1.29613e-12  1.11624e-22  1.51903e-14 -3.12006e-23 -2.31386e-13 -6.79637e-25 -8.31185e-14   4.2398e-24  7.26186e-15 -3.42356e-24  1.54016e-14  2.20032e-24  4.92621e-15 -1.53065e-25 -1.10876e-16 -7.87918e-25 -6.56366e-16  3.37689e-25 -2.50812e-16  1.11334e-25 -3.06427e-17 -8.12083e-26  1.24709e-17 -2.31094e-26  7.71483e-18  2.05381e-26  1.97607e-18 -1.69224e-28  1.72699e-19   -3.198e-28 -7.13044e-20 -1.11009e-27 -3.67027e-20  1.93109e-28 -8.94989e-21  1.15373e-28 -1.20347e-21 -1.13874e-29  6.63456e-24  -1.1625e-29  4.96383e-23  3.20755e-30  1.45089e-23  4.18382e-32  2.57183e-24 -4.67724e-31  2.99346e-25  4.46171e-32  1.61603e-26  3.55028e-32 -2.00888e-27  5.01021e-33 -6.86819e-28 -7.43455e-34 -1.07016e-28 -5.11288e-34 -1.14597e-29 -7.48553e-35 -8.88932e-31  1.02136e-36  -4.7182e-32   1.2627e-36 -1.20522e-33  2.04448e-37   5.0478e-35  5.16411e-39  7.38517e-36 -2.55168e-39  4.12651e-37 -2.21436e-40  1.32138e-38 -9.31853e-42   2.3336e-40 -1.83557e-43  1.56401e-42
-2.61575e-14 -8.71828e-28  1.01407e-12  8.03959e-27 -1.51071e-11 -2.66343e-26  1.33298e-10 -1.89764e-25 -8.01285e-10  2.95731e-24  3.51021e-09 -1.90984e-23 -1.16213e-08  7.92833e-23  2.96256e-08 -2.37383e-22 -5.84791e-08  5.50633e-22  8.87022e-08 -1.08886e-21 -1.00656e-07  2.14822e-21  7.98767e-08 -4.77412e-21 -3.58302e-08  1.11492e-20 -1.95068e-09 -2.37774e-20   1.2961e-08   4.2953e-20 -4.79847e-09 -6.41988e-20 -2.56665e-09  7.89468e-20  1.95966e-09 -7.95924e-20  5.12494e-10  6.52344e-20 -5.64392e-10 -4.26348e-20 -1.51817e-10  2.13015e-20  1.31136e-10 -7.34667e-21  5.51853e-11  1.22039e-21 -2.05037e-11  1.41641e-22 -1.68633e-11   5.5759e-23 -8.97683e-15 -2.19551e-22  3.38909e-12  1.39967e-22  1.06678e-12 -3.78377e-23 -2.51669e-13  5.47725e-24 -2.70512e-13 -2.42302e-24 -5.98725e-14 -2.17758e-24  1.76801e-14  3.94106e-24  1.53136e-14 -6.79627e-25  3.77514e-15 -1.40278e-24 -3.48093e-16  6.34364e-25 -5.66286e-16   2.3138e-25 -1.91546e-16 -1.66565e-25 -2.21693e-17 -3.79737e-26  8.11853e-18  3.52471e-26  4.94013e-18  6.31185e-29  1.28542e-18 -2.85515e-28  1.49018e-19  -1.7293e-27 -2.33069e-20  1.33382e-28 -1.61329e-20  1.93377e-28 -4.29017e-21 -3.03396e-30 -6.90653e-22 -1.61638e-29 -5.03117e-23  4.22776e-30  8.11457e-24 -3.66524e-31   3.6668e-24 -7.20348e-31  7.44459e-25  8.61605e-32  1.01732e-25  6.30207e-32  9.42681e-27   8.4324e-33  4.23671e-28 -1.26501e-33 -3.55757e-29 -7.52968e-34 -1.01461e-29 -1.03947e-34 -1.24597e-30 -1.14787e-36 -1.03455e-31  1.05225e-36 -6.18728e-33  1.78822e-37 -2.61301e-34  6.76058e-40 -6.96668e-36 -2.32022e-39 -7.25946e-38 -1.63571e-40   1.5826e-39 -5.94241e-42  5.27497e-41  -6.6231e-44
 5.72685e-28 -4.78377e-13 -9.38641e-27  1.05665e-11  6.68264e-26 -1.20136e-10 -1.89764e-25  8.80955e-10 -1.17836e-24 -4.58132e-09  1.61561e-23  1.77532e-08 -9.25367e-23  -5.2662e-08  3.41509e-22  1.21071e-07 -9.00367e-22 -2.15761e-07  1.78106e-21  2.93843e-07 -2.82107e-21 -2.94292e-07  4.30089e-21  1.96198e-07 -8.41222e-21  -5.7951e-08  2.01401e-20 -2.93363e-08 -4.48752e-20  3.39926e-08   8.2315e-20 -3.44651e-09 -1.21658e-19 -9.59878e-09  1.45123e-19  2.69434e-09  -1.3982e-19  2.51644e-09  1.07931e-19 -7.87338e-10 -6.51019e-20 -7.04483e-10  2.87403e-20  1.26742e-10 -7.46596e-21  1.90587e-10 -3.63924e-22  8.28182e-12  1.13717e-21 -4.01251e-11 -2.10136e-22 -1.25465e-11 -2.23045e-22  4.24552e-12  1.50464e-22  3.73554e-12 -3.64296e-23  5.29987e-13  1.75814e-23 -4.34305e-13 -1.66513e-23 -2.46569e-13   5.8396e-25 -3.13112e-14  7.12061e-24  2.16023e-14 -1.70504e-24  1.26692e-14 -2.42293e-24  2.53816e-15  1.13496e-24 -3.71187e-16  4.26506e-25 -4.07638e-16 -3.05032e-25 -1.28028e-16 -5.77542e-26 -1.55328e-17  5.41137e-26  3.98458e-18  1.08185e-27  2.60689e-18   2.3869e-28  7.03832e-19 -2.52663e-27  1.00678e-19 -9.51396e-29 -1.67591e-21  2.94497e-28 -5.17432e-21  1.90253e-29 -1.56539e-21 -2.00678e-29 -2.85485e-22  4.72525e-30 -3.24215e-23 -1.10463e-30 -9.85487e-25 -1.00184e-30  5.02147e-25  1.47895e-31  1.36257e-25   1.0005e-31  2.10339e-26  1.33907e-32  2.28617e-27 -1.77241e-33  1.75117e-28 -9.94019e-34   7.8141e-30 -1.33038e-34 -1.00639e-31 -4.71222e-36 -5.30475e-32  5.50045e-37 -5.15579e-33  1.09685e-37 -3.04313e-34  -5.1487e-39 -1.19117e-35 -1.88249e-39 -2.97157e-37 -1.02047e-40 -4.17668e-39 -2.84049e-42 -2.01998e-41
 1.41868e-13  7.68929e-27 -5.68244e-12 -7.95298e-26  8.76012e-11  4.76137e-25 -8.01285e-10 -1.17836e-24  5.00347e-09 -6.42444e-24 -2.28241e-08  7.81073e-23  7.89178e-08 -4.00423e-22 -2.10905e-07  1.32843e-21  4.38654e-07 -3.12832e-21 -7.06283e-07  5.35882e-21  8.61291e-07 -6.71566e-21 -7.53369e-07  6.91082e-21  4.04887e-07 -1.05678e-20  -4.2627e-08  2.88742e-20 -1.12853e-07  -7.3016e-20   6.6026e-08  1.40593e-19  1.36526e-08 -2.07962e-19 -2.36222e-08    2.415e-19  -6.3591e-10  -2.2227e-19  6.80863e-09  1.61078e-19  2.07996e-10   -8.894e-20 -1.78263e-09  3.36778e-20 -2.68572e-10 -4.95096e-21  3.84717e-10  -3.4521e-21  1.43096e-10  2.69231e-21 -4.87277e-11 -6.03722e-22 -4.34139e-11 -1.98292e-22 -3.76875e-12  1.35762e-22  6.83691e-12 -2.41262e-23  3.06524e-12  3.75089e-23 -1.90702e-15 -4.01573e-23 -4.75862e-13  4.74842e-24 -1.85888e-13   1.2362e-23 -9.71275e-15 -3.39174e-24  1.94646e-14 -3.97691e-24  9.02117e-15  1.89618e-24  1.55847e-15  7.19312e-25 -2.66556e-16 -5.05318e-25 -2.47921e-16 -8.44682e-26 -7.51355e-17  7.50082e-26 -1.01584e-17  3.69565e-27  1.33143e-18  1.78569e-27   1.1119e-18 -3.51333e-27   3.1804e-19 -5.69088e-28  5.29463e-20  4.13526e-28  3.27212e-21  5.84069e-29 -1.03065e-21 -2.30361e-29 -4.13714e-22  4.07436e-30 -8.45827e-23 -2.16094e-30  -1.1576e-23 -1.25224e-30 -9.89091e-25  2.33132e-31 -1.20667e-26  1.45061e-31  1.24969e-26  1.99975e-32  2.50817e-27 -2.05734e-33   3.0145e-28 -1.17877e-33  2.58321e-29  -1.5726e-34  1.59992e-30 -8.99849e-36  6.61813e-32 -1.09389e-37  1.20365e-33  2.10159e-38 -4.81575e-35 -9.83147e-39 -4.36851e-36 -1.35775e-39 -1.42815e-37  -5.2988e-41 -2.08657e-39  -8.9619e-43
-4.29071e-27  2.23109e-12  6.99575e-26 -5.10129e-11 -5.66508e-25  6.01381e-10  2.95731e-24 -4.58132e-09 -6.42444e-24   2.4806e-08 -3.09403e-23 -1.00353e-07  3.35954e-22  3.11801e-07  -1.5538e-21 -7.54073e-07   4.6778e-21  1.42208e-06 -9.96745e-21 -2.06818e-06  1.50597e-20  2.24792e-06 -1.49706e-20 -1.68927e-06  7.65782e-21  6.74482e-07 -3.43933e-21  1.21244e-07   2.6968e-20 -2.97254e-07 -1.00333e-19  8.44208e-08    2.152e-19  6.92706e-08 -3.23564e-19 -4.02685e-08  3.66908e-19 -1.58037e-08    -3.22e-19  1.21591e-08  2.17924e-19  4.64403e-09 -1.08778e-19 -2.79742e-09  3.34065e-20 -1.55183e-09  1.00926e-21  3.85258e-10 -8.13557e-21  4.41025e-10  4.77603e-21  3.10161e-11 -1.10162e-21 -8.18458e-11  -1.5716e-22 -3.20224e-11  1.00098e-22   4.1865e-12 -1.98947e-24  7.05512e-12  6.53741e-23  1.95742e-12 -7.25853e-23 -3.20479e-13  9.91881e-24 -4.05749e-13  1.99569e-23 -1.20507e-13  -5.8196e-24  1.12106e-15  -6.1479e-24  1.41939e-14  2.95078e-24  5.64247e-15  1.12952e-24  9.01666e-16 -7.65858e-25 -1.40074e-16  -1.2222e-25 -1.27334e-16  9.39037e-26 -3.84159e-17  8.92876e-27 -5.88372e-18  5.04047e-27   1.5894e-19 -4.68719e-27  3.67683e-19 -1.32925e-27  1.15357e-19  5.43372e-28  2.15001e-20  1.14365e-28  2.30447e-21 -2.61988e-29 -2.43976e-23   1.5048e-30 -7.03085e-23 -3.43402e-30 -1.72361e-23 -1.39092e-30 -2.64746e-24  3.44927e-31 -2.85325e-25  1.95318e-31  -1.9923e-26  2.80963e-32 -3.63323e-28 -1.90349e-33  1.21226e-28 -1.25408e-33  1.98847e-29  -1.7122e-34  1.82426e-30  -1.2826e-35  1.15463e-31 -7.19071e-37  5.15582e-33  -5.5064e-38  1.54909e-34  -1.1537e-38  2.74129e-36 -8.53801e-40  1.82005e-38 -2.18518e-41 -8.29104e-41
-5.56735e-13 -4.93545e-26  2.30944e-11  5.04658e-25 -3.69299e-10 -3.50297e-24  3.51021e-09  1.61561e-23 -2.28241e-08 -3.09403e-23  1.08679e-07   -1.324e-22 -3.93407e-07  1.29236e-21   1.1048e-06 -5.42906e-21 -2.42658e-06  1.49466e-20  4.15531e-06 -2.91261e-20  -5.4507e-06  3.95117e-20  5.24222e-06 -3.17129e-20 -3.29515e-06  5.09576e-22  7.91817e-07  2.99215e-20  6.48019e-07 -7.14171e-21 -5.98342e-07 -1.09367e-19   1.3436e-08   2.9618e-19   1.8742e-07 -4.61846e-19 -3.72491e-08  5.12323e-19 -5.20669e-08 -4.26987e-19  1.16143e-08  2.67606e-19  1.47481e-08 -1.18338e-19 -1.51687e-09  2.59036e-20   -3.918e-09  1.05109e-20 -4.15457e-10 -1.42322e-20  7.90029e-10   7.3256e-21  3.04041e-10 -1.67974e-21  -6.9718e-11 -1.29566e-22 -8.14367e-11  6.55431e-23 -1.56448e-11  2.39077e-23  8.21858e-12  9.74397e-23  5.63581e-12 -1.10305e-22   9.7099e-13  1.56714e-23 -4.01373e-13   2.9554e-23 -2.88956e-13 -8.97909e-24 -6.94073e-14 -8.94219e-24  3.86107e-15  4.30332e-24  8.68322e-15  1.67057e-24  3.13053e-15  -1.0715e-24   4.9598e-16 -1.77362e-25 -5.14047e-17  1.04956e-25 -5.45248e-17  1.77489e-26 -1.68284e-17  1.06924e-26  -2.8899e-18 -5.99834e-27 -1.36123e-19 -2.34351e-27  8.55102e-20  6.79006e-28  3.22298e-20  1.80008e-28  6.62322e-21 -3.26487e-29  8.88953e-22 -3.81872e-30  6.25057e-23 -4.76806e-30 -4.29413e-24 -1.34057e-30 -2.14439e-24   4.8487e-31 -3.82467e-25  2.47396e-31 -4.56783e-26  3.72155e-32 -3.93518e-27 -1.17682e-33 -2.33313e-28 -1.18984e-33 -6.89518e-30 -1.70679e-34  2.78865e-31 -1.50012e-35  4.94476e-32  -1.0974e-36  3.23729e-33 -9.58047e-38  1.26386e-34 -1.01303e-38   2.9467e-36 -4.50911e-40  3.35131e-38 -6.23172e-42
 2.49745e-26 -7.69238e-12 -3.84327e-25  1.82544e-10  3.08635e-24 -2.23727e-09 -1.90984e-23  1.77532e-08  7.81073e-23 -1.00353e-07   -1.324e-22  4.24961e-07 -5.06356e-22 -1.38664e-06  4.46955e-21  3.53668e-06 -1.71526e-20 -7.07452e-06  4.34516e-20  1.10068e-05 -7.80844e-20 -1.29854e-05  9.65516e-20  1.09285e-05 -6.43459e-20 -5.48063e-06 -2.63729e-20  1.86086e-07  1.19024e-19  1.82482e-06 -1.08136e-19 -9.10248e-07 -7.33783e-20 -2.89666e-07  3.67208e-19   3.6023e-07 -6.09366e-19  3.52479e-08  6.60853e-19  -1.0896e-07 -5.19119e-19 -1.02285e-08  2.97182e-19  2.89896e-08 -1.12345e-19  6.14727e-09  1.07851e-20 -6.16647e-09  2.27694e-20 -2.76442e-09 -2.13726e-20  6.97951e-10  1.03052e-20  7.88043e-10 -2.32638e-21  1.04037e-10 -1.63114e-22 -1.15596e-10  7.36812e-23 -5.98308e-11  4.24538e-23 -2.75964e-12  1.24496e-22  8.40096e-12 -1.45896e-22  3.73523e-12  2.19887e-23  3.51102e-13  4.00377e-23 -3.33557e-13 -1.28518e-23 -1.78119e-13 -1.22789e-23 -3.66061e-14  5.93703e-24  2.91167e-15  2.34792e-24  4.51379e-15 -1.39278e-24  1.54039e-15 -2.57509e-25  2.54648e-16   1.0099e-25 -9.10874e-18  3.05922e-26 -1.89148e-17  1.92062e-26 -6.16356e-18 -7.29671e-27 -1.16535e-18 -3.47872e-27 -1.12101e-19  8.21815e-28  9.44797e-21  2.42519e-28  6.43404e-21 -4.71434e-29  1.49535e-21 -1.26365e-29  2.27079e-22 -6.01829e-30  2.33215e-23 -1.05841e-30  1.21126e-24  6.50067e-31 -8.86807e-26  2.97352e-31 -3.02215e-26  4.65399e-32 -4.12246e-27  9.51901e-35 -3.78377e-28 -9.92839e-34 -2.50895e-29 -1.54461e-34  -1.1795e-30 -1.48866e-35 -3.51687e-32 -1.17105e-36 -3.77554e-34 -9.79613e-38  1.54709e-35  -6.9583e-39  6.62441e-37 -1.87172e-40  6.76972e-39
  1.6366e-12  2.51424e-25 -7.05153e-11 -2.36837e-24   1.1731e-09  1.65586e-23 -1.16213e-08 -9.25367e-23  7.89178e-08  3.35954e-22 -3.93407e-07 -5.06356e-22  1.49528e-06 -1.74053e-21 -4.42519e-06  1.39676e-20   1.0292e-05 -4.92089e-20 -1.87883e-05  1.15276e-19  2.65503e-05 -1.92251e-19   -2.804e-05  2.19209e-19  2.02958e-05 -1.25112e-19 -7.36992e-06 -9.22016e-20 -2.20345e-06  3.06598e-19  3.83372e-06  -3.2068e-19 -8.74957e-07  3.78127e-20 -9.96197e-07  4.10855e-19  4.89719e-07  -7.4907e-19  2.45542e-07  7.90271e-19 -1.55881e-07 -5.77423e-19 -7.30675e-08  2.94918e-19  3.62093e-08 -8.85355e-20  2.38983e-08 -1.01482e-20 -4.55709e-09  3.62324e-20 -6.65542e-09 -2.91259e-20 -7.25091e-10  1.37292e-20  1.19759e-09 -3.04602e-21  5.29617e-10 -3.12624e-22 -4.40553e-11  1.80838e-22 -1.10114e-10  3.79782e-23 -3.43984e-11  1.31741e-22  3.69476e-12 -1.68863e-22  6.47784e-12  2.97869e-23  2.13742e-12  4.97185e-23  6.73523e-14 -1.75599e-23 -2.18998e-13 -1.60093e-23 -9.69527e-14  7.82432e-24 -1.81067e-14  3.15965e-24   1.3474e-15 -1.68772e-24  1.98991e-15 -3.69329e-25  6.65795e-16  7.43339e-26  1.17778e-16  4.67688e-26  3.34784e-18  3.05789e-26 -5.01069e-18  -8.2846e-27  -1.8248e-18 -4.49563e-27  -3.7496e-19  9.82702e-28 -4.78376e-20  2.85975e-28 -1.98933e-21 -7.47529e-29  7.44074e-22 -2.53328e-29  2.30454e-22 -7.10667e-30  3.89157e-23 -5.59641e-31  4.58126e-24  8.29592e-31  3.76992e-25  3.40558e-31  1.75083e-26  5.49245e-32 -4.06378e-28  1.69696e-33 -1.66235e-28 -7.06769e-34 -1.74706e-29  -1.2552e-34 -1.14974e-30 -1.26925e-35 -5.16091e-32 -9.93286e-37 -1.54057e-33 -7.48539e-38 -2.74819e-35 -3.72918e-39 -2.16512e-37 -5.25281e-41
 -1.1906e-25  2.00997e-11  1.70198e-24 -4.96702e-10   -1.238e-23  6.35004e-09  7.92833e-23  -5.2662e-08 -4.00423e-22  3.11801e-07  1.29236e-21 -1.38664e-06 -1.74053e-21  4.76697e-06 -5.40613e-21 -1.28623e-05  3.96309e-20   2.7369e-05 -1.28717e-19 -4.56607e-05  2.79972e-19  5.85265e-05 -4.35423e-19 -5.49346e-05  4.61688e-19  3.32455e-05 -2.31916e-19 -6.65401e-06 -2.23639e-19  -7.8042e-06  6.44129e-19  6.36982e-06 -6.89306e-19  2.00905e-07  2.46252e-19 -2.16562e-06  4.17039e-19   3.3334e-07 -8.65424e-19  6.31972e-07  8.77471e-19 -1.13457e-07 -5.82815e-19 -1.83445e-07  2.53828e-19   1.2167e-08 -4.89648e-20  4.92443e-08 -3.30462e-20  6.78676e-09  4.89215e-20 -9.90628e-09 -3.70821e-20  -4.2215e-09  1.76261e-20   7.9736e-10 -3.85794e-21   1.1014e-09 -6.17441e-22  2.39249e-10  4.47744e-22 -1.04608e-10 -9.20198e-24 -7.96431e-11  1.00543e-22 -1.55529e-11 -1.67736e-22   5.0728e-12   4.1368e-23  4.14174e-12  5.68267e-23  1.08916e-12 -2.35049e-23  -1.7329e-14 -1.99621e-23 -1.19841e-13  9.92867e-24 -4.70292e-14  4.09854e-24  -8.4718e-15 -1.90515e-24  3.56362e-16  -5.1568e-25  7.32409e-16  1.78433e-26  2.48227e-16  6.39543e-26  4.72191e-17  4.41801e-26  3.73855e-18 -8.50815e-27 -8.64998e-19 -5.07681e-27 -4.14779e-19   1.1824e-27 -9.31371e-20  2.96309e-28 -1.37555e-20 -1.18713e-28 -1.24716e-21 -4.16086e-29 -1.01616e-23 -8.02863e-30  1.98098e-23  8.04981e-32  4.18461e-24  1.00307e-30  5.37481e-25  3.71714e-31   4.9336e-26  6.10245e-32  3.25676e-27  3.27616e-33  1.39322e-28 -3.97437e-34  1.87854e-30 -9.02563e-35 -2.19785e-31 -9.31528e-36 -1.85749e-32 -6.93838e-37 -7.20382e-34 -4.49029e-38 -1.45145e-35 -1.49459e-39 -1.04497e-37
-3.66207e-12 -1.07358e-24  1.64525e-10  9.02573e-24 -2.85846e-09 -5.70824e-23  2.96256e-08  3.41509e-22 -2.10905e-07  -1.5538e-21   1.1048e-06  4.46955e-21 -4.42519e-06 -5.40613e-21  1.38502e-05 -1.52483e-20 -3.42248e-05  1.02545e-19  6.68079e-05 -3.08169e-19  -0.00010193  6.24492e-19  0.000118197 -9.09093e-19 -9.75284e-05  9.01651e-19  4.69324e-05 -4.06732e-19  8.40394e-07 -4.52687e-19 -1.77661e-05  1.18124e-18   8.1295e-06 -1.24227e-18   3.2241e-06  5.51726e-19 -3.50079e-06  3.91168e-19 -4.79653e-07  -9.4913e-19  1.11088e-06  9.03448e-19  1.38144e-07 -5.23007e-19 -3.05004e-07  1.74252e-19 -7.33272e-08 -3.42815e-23  6.61428e-08 -5.28368e-20  3.20464e-08   5.8874e-20 -7.32619e-09 -4.48493e-20 -9.16101e-09  2.19574e-20 -1.35761e-09 -4.79655e-21  1.33949e-09 -1.07155e-21    7.343e-10   9.2715e-22  4.54148e-11 -1.21839e-22 -1.01193e-10  1.15615e-23 -4.75375e-11 -1.33153e-22  -5.2586e-12  6.05497e-23  3.99885e-12  6.01462e-23  2.29005e-12 -3.13817e-23  5.08216e-13 -2.39932e-23 -2.20374e-14  1.21901e-23 -5.56593e-14  5.15405e-24 -2.03193e-14 -1.98897e-24  -3.7027e-15 -6.93253e-25 -2.06216e-17 -7.41012e-26  2.17468e-16  7.80343e-26  7.77373e-17   5.8754e-26  1.58355e-17 -7.41618e-27  1.82523e-18  -4.8879e-27 -2.48692e-20  1.44813e-27 -6.53649e-20  2.66912e-28 -1.70003e-20 -1.78224e-28 -2.76348e-21  -6.0205e-29 -3.11672e-22 -8.80126e-30 -2.17883e-23  7.49478e-31 -9.31697e-26  1.14364e-30  2.17772e-25  3.85584e-31  3.49049e-26   6.3593e-32  3.37789e-27   4.4618e-33  2.30394e-28 -1.29486e-34  1.12144e-29 -5.61767e-35  3.69213e-31  -5.8493e-36   6.9421e-33 -4.01526e-37  2.67936e-35 -2.10893e-38 -1.20098e-36 -3.91876e-40
 4.78678e-25 -4.01656e-11 -6.46272e-24  1.03829e-09  4.01723e-23 -1.39078e-08 -2.37383e-22  1.21071e-07  1.32843e-21 -7.54073e-07 -5.42906e-21  3.53668e-06  1.39676e-20 -1.28623e-05 -1.52483e-20  3.68596e-05 -3.92313e-20 -8.37379e-05  2.42947e-19  0.000150275  -6.7772e-19 -0.000209665  1.28329e-18  0.000219017 -1.75389e-18 -0.000156207   1.6337e-18  5.38524e-05 -6.69907e-19  2.07266e-05 -8.12299e-19 -3.16718e-05  1.95045e-18  6.46292e-06 -1.97401e-18  8.83156e-06  9.21083e-19 -4.10179e-06  3.57381e-19 -2.28259e-06 -9.99108e-19  1.37991e-06  8.57392e-19  6.96351e-07  -3.9618e-19 -3.33247e-07  6.44803e-20 -2.32414e-07  4.88934e-20  4.27513e-08 -6.44915e-20  6.63883e-08  6.45603e-20  7.66234e-09 -5.19901e-20 -1.22646e-08  2.65273e-20 -5.57381e-09 -5.91676e-21  4.41728e-10 -1.59823e-21  1.18179e-09  1.65395e-21  3.79534e-10 -3.23307e-22 -3.77697e-11 -1.51771e-22 -7.17491e-11 -6.10643e-23 -2.44437e-11  9.22099e-23 -1.05079e-12  5.95232e-23  2.42489e-12 -4.19953e-23  1.11962e-12 -2.80141e-23  2.22191e-13  1.44994e-23 -1.00233e-14  6.31399e-24 -2.19323e-14  -1.8836e-24 -7.74301e-15 -8.92027e-25 -1.46816e-15 -2.04784e-25 -7.95044e-17  8.35221e-26  4.83568e-17  7.26068e-26  1.96968e-17 -4.49097e-27  4.29112e-18 -3.66034e-27  5.98029e-19  1.80667e-27  3.94778e-20  2.02715e-28 -4.95694e-21 -2.47173e-28 -2.06928e-21 -7.88411e-29 -3.76644e-22 -9.38615e-30 -4.66951e-23  1.33516e-30 -4.14622e-24  1.22513e-30 -2.41949e-25  3.78521e-31 -4.57184e-27  6.18883e-32  7.86123e-28  4.99886e-33  1.04324e-28  5.48092e-35  7.10401e-30 -2.91123e-35  3.10575e-31 -3.09641e-36  8.63714e-33 -1.90332e-37  1.34115e-34 -7.42271e-39  7.43292e-37
 6.24443e-12  3.95516e-24 -2.94124e-10 -3.00857e-23  5.36526e-09  1.56601e-22 -5.84791e-08 -9.00367e-22  4.38654e-07   4.6778e-21 -2.42658e-06 -1.71526e-20   1.0292e-05  3.96309e-20 -3.42248e-05 -3.92313e-20  9.02502e-05 -9.24429e-20 -0.000189129   5.2891e-19  0.000312541 -1.37352e-18 -0.000398393  2.43668e-18  0.000372477 -3.13474e-18 -0.000223444  2.74999e-18  4.07543e-05 -1.03011e-18  5.81167e-05 -1.33034e-18 -4.58834e-05  2.95146e-18 -2.32932e-06 -2.83327e-18  1.65458e-05  1.28735e-18 -2.43957e-06  3.53717e-19 -5.03556e-06 -1.02086e-18  9.05206e-07  7.39071e-19  1.51635e-06 -2.12281e-19 -1.06408e-07 -6.09008e-20  -4.2336e-07  8.78362e-20 -5.69884e-08 -6.43172e-20  8.91097e-08  6.52047e-20  3.77934e-08 -5.79594e-20 -7.72431e-09  3.09235e-20 -1.03409e-08 -7.30113e-21 -2.21542e-09 -2.04306e-21  1.03325e-09    2.641e-21  7.79141e-10 -6.32477e-22  1.51901e-10 -4.00164e-22 -5.12367e-11  4.49737e-23 -4.18872e-11  1.41093e-22 -1.11751e-11  5.59783e-23  1.13376e-13 -5.59037e-23  1.21708e-12  -3.1979e-23  4.89024e-13  1.66816e-23  9.19526e-14  7.56753e-24 -1.97117e-15 -1.54091e-24   -7.217e-15 -1.09722e-24 -2.55421e-15 -3.74586e-25 -5.09392e-16  7.45919e-26  -4.8204e-17  8.39268e-26  6.38309e-18  5.76928e-28  3.80473e-18 -1.27404e-27  9.02649e-19  2.27517e-27  1.40278e-19  1.20836e-28  1.42218e-20 -3.14559e-28  5.37371e-22 -9.45091e-29 -1.21286e-22 -9.64489e-30 -3.13541e-23  1.76011e-30 -4.25218e-24  1.23067e-30  -4.0247e-25  3.50092e-31 -2.76612e-26  5.60063e-32 -1.31994e-27  4.83498e-33 -3.53933e-29  1.45391e-34  2.07278e-31 -1.14893e-35  6.19502e-32 -1.34373e-36  2.43998e-33 -7.17309e-38  3.89735e-35 -1.70961e-39
-1.64426e-24  6.10368e-11  2.17504e-23 -1.66141e-09 -1.15336e-22  2.34666e-08  5.50633e-22 -2.15761e-07 -3.12832e-21  1.42208e-06  1.49466e-20 -7.07452e-06 -4.92089e-20   2.7369e-05  1.02545e-19 -8.37379e-05 -9.24429e-20  0.000204101 -2.00211e-19 -0.000395694  1.06147e-18  0.000602793 -2.57284e-18  -0.00070065  4.28703e-18  0.000580631 -5.20414e-18 -0.000279294  4.30862e-18 -1.00683e-05 -1.47239e-18  0.000113999 -2.02293e-18 -5.23779e-05  4.14055e-18 -2.16302e-05 -3.72326e-18   2.3876e-05  1.56195e-18   3.2017e-06  4.19606e-19 -7.93204e-06 -1.02234e-18  -9.0791e-07  5.59299e-19  2.28452e-06  8.58888e-21  5.19204e-07 -1.84525e-19 -5.25355e-07  1.08649e-19 -2.44609e-07 -5.08844e-20  6.48906e-08  6.09965e-20  7.47504e-08 -6.20943e-20  9.88066e-09  3.45157e-20 -1.17829e-08 -9.06399e-21 -6.21194e-09 -2.19512e-21 -2.86818e-10  3.88058e-21  9.20262e-10  -1.0557e-21  4.21002e-10  -7.3578e-22  4.32363e-11  1.73375e-22 -3.76004e-11   2.0999e-22 -2.11225e-11  5.12714e-23 -4.67554e-12 -7.30374e-23   2.0685e-13 -3.58362e-23  5.17989e-13  1.85119e-23  1.90855e-13  8.91211e-24  3.56879e-14 -9.29061e-25  6.55136e-16 -1.29327e-24 -1.91243e-15 -5.80555e-25 -7.09489e-16   4.6541e-26 -1.49066e-16  9.11378e-26 -1.85288e-17  7.72532e-27 -2.76877e-19  2.18528e-27  4.93491e-19  2.85189e-27  1.38967e-19  4.69092e-29  2.34257e-20 -3.66852e-28  2.76154e-21 -1.04138e-28  2.16973e-22  -9.3707e-30  6.63504e-24  1.99722e-30 -1.02701e-24  1.15857e-30 -2.04685e-25   3.0385e-31 -2.05992e-26  4.69401e-32 -1.40555e-27   4.1185e-33 -6.75358e-29  1.60028e-34 -2.20467e-30 -2.41276e-36 -4.36778e-32 -4.52609e-37 -3.81784e-34 -2.01935e-38  1.40249e-37
-7.98433e-12  -1.2682e-23  3.97665e-10  9.17767e-23 -7.67846e-09 -3.78029e-22  8.87022e-08  1.78106e-21 -7.06283e-07 -9.96745e-21  4.15531e-06  4.34516e-20 -1.87883e-05 -1.28717e-19  6.68079e-05  2.42947e-19 -0.000189129 -2.00211e-19  0.000427822 -3.99776e-19 -0.000769285  1.96917e-18   0.00108093 -4.46587e-18  -0.00114198    7.007e-18  0.000826524 -8.04659e-18 -0.000289397  6.29799e-18  -0.00011582 -1.94959e-18  0.000180819 -2.88858e-18  -3.9287e-05  5.42963e-18 -5.20944e-05 -4.51628e-18  2.59815e-05  1.65792e-18  1.37295e-05  5.79975e-19 -9.20909e-06 -1.01002e-18 -4.33134e-06  3.38606e-19  2.38688e-06    2.406e-19  1.53471e-06 -2.90514e-19  -3.5704e-07   1.0669e-19 -4.71607e-07 -2.53707e-20 -4.01856e-08  5.31842e-20     9.52e-08 -6.36607e-20   4.0109e-08   3.6523e-20 -4.92652e-09 -1.13485e-20 -9.42632e-09 -1.83774e-21 -2.83159e-09  5.34768e-21   4.0006e-10 -1.57761e-21  5.97363e-10 -1.14933e-21  1.94952e-10  3.06589e-22  5.05753e-12  2.97767e-22 -2.10812e-11  4.69758e-23 -9.43179e-12 -9.25104e-23 -1.83686e-12 -3.94765e-23  9.59468e-14  1.97757e-23  1.87345e-13  1.03637e-23  6.59251e-14 -4.15213e-26  1.26433e-14 -1.46804e-24  7.74981e-16 -8.15894e-25 -3.76396e-16 -2.69445e-27 -1.59514e-16  9.31888e-26 -3.54346e-17  1.64339e-26 -5.11343e-18  6.41492e-27  -3.9407e-19   3.5098e-27  2.39059e-20   7.8248e-30   1.3895e-20  -3.9168e-28  2.64891e-21 -1.05465e-28  3.35596e-22 -8.39155e-30  3.06672e-23  2.06262e-30  1.94384e-24  1.02269e-30  6.48406e-26  2.46651e-31 -1.94621e-27  3.62981e-32  -4.2629e-28  3.11611e-33 -2.99739e-29   1.3028e-34 -1.23872e-30  8.73377e-37  -3.0326e-32  -1.0385e-37 -3.61571e-34 -3.63448e-39
 4.84396e-24 -6.87243e-11 -6.52307e-23  1.99152e-09  3.14162e-22 -2.99679e-08 -1.08886e-21  2.93843e-07  5.35882e-21 -2.06818e-06 -2.91261e-20  1.10068e-05  1.15276e-19 -4.56607e-05 -3.08169e-19  0.000150275   5.2891e-19 -0.000395694 -3.99776e-19  0.000833845 -7.37916e-19  -0.00139375  3.38465e-18   0.00180628  -7.1993e-18  -0.00172593  1.06656e-17    0.0010659 -1.16195e-17 -0.000208526   8.6116e-18  -0.00028467 -2.38252e-18  0.000239323 -3.90436e-18   5.8955e-06  6.69617e-18  -8.8971e-05 -5.07987e-18  1.65647e-05  1.51736e-18  2.79655e-05  8.32511e-19 -6.46437e-06 -9.87558e-19 -8.83761e-06   1.0423e-19  1.07614e-06  4.58536e-19  2.64544e-06 -3.68073e-19  2.39829e-07  8.11487e-20 -6.12301e-07  8.66326e-21 -2.29483e-07   4.4017e-20   6.6547e-08 -6.19173e-20  7.16022e-08  3.61512e-20  1.28718e-08 -1.43131e-20 -8.42278e-09  -8.2014e-22 -5.61198e-09  6.99911e-21  -9.4808e-10 -2.15438e-21  4.42711e-10 -1.61652e-21   3.1914e-10  4.25676e-22  7.99134e-11  3.98034e-22 -3.11023e-12  4.33575e-23 -9.79005e-12 -1.12796e-22  -3.7742e-12 -4.27248e-23 -6.87409e-13  2.03557e-23  2.21394e-14  1.19641e-23  5.67642e-14  1.09588e-24  1.97791e-14  -1.6153e-24  3.94339e-15 -1.06932e-24  3.86699e-16  -7.1408e-26 -4.20493e-17  8.97264e-26 -2.72401e-17  2.57639e-26 -6.54805e-18  1.09387e-26 -1.03207e-18  4.19575e-27 -1.09096e-19  2.31156e-29  -5.4984e-21 -3.81657e-28  5.56905e-22 -9.77981e-29  1.77029e-22 -6.68936e-30  2.47097e-23   1.9947e-30  2.34527e-24   8.4736e-31  1.61226e-25  1.86755e-31   7.8596e-27  2.57997e-32  2.42479e-28  2.09938e-33  2.62471e-30  8.63536e-35 -1.19789e-31  1.27062e-36  -5.1752e-33 -9.00548e-39 -5.42872e-35
 7.30955e-12  3.53038e-23 -3.91144e-10 -2.57553e-22  8.11189e-09  8.95798e-22 -1.00656e-07 -2.82107e-21  8.61291e-07  1.50597e-20  -5.4507e-06 -7.80844e-20  2.65503e-05  2.79972e-19  -0.00010193  -6.7772e-19  0.000312541  1.06147e-18 -0.000769285 -7.37916e-19    0.0015156 -1.26179e-18  -0.00235939  5.40011e-18   0.00281825  -1.0799e-17  -0.00241772  1.51536e-17   0.00122516 -1.57162e-17  8.52853e-06  1.10478e-17 -0.000505921 -2.67124e-18  0.000259269 -5.02542e-18   9.0575e-05  7.80126e-18  -0.00012062 -5.30664e-18 -9.73954e-06  1.13374e-18  4.17337e-05  1.14393e-18  2.38122e-06 -9.58323e-19 -1.28019e-05 -1.14497e-19 -2.14104e-06  6.44494e-19  3.24138e-06 -4.13141e-19  1.26855e-06  3.40762e-20 -4.92935e-07  4.58669e-20 -4.47923e-07  3.64584e-20 -3.50697e-08 -5.61606e-20  8.22747e-08  3.27933e-20  3.78073e-08 -1.81013e-20 -3.25301e-10  8.68182e-22  -6.6302e-09  8.76349e-21 -2.71981e-09 -2.71441e-21 -1.79762e-10 -2.09462e-21  2.91533e-10  5.16684e-22  1.47514e-10  4.99307e-22  2.99382e-11  3.85224e-23 -2.57549e-12 -1.32269e-22 -3.86842e-12  -4.5403e-23 -1.35519e-12  2.03031e-23  -2.4348e-13  1.37747e-23 -1.77422e-15  2.42219e-24  1.39248e-14 -1.73402e-24  5.01162e-15 -1.32451e-24  1.04202e-15 -1.53748e-25  1.30421e-16  8.11504e-26  2.92156e-18   3.4534e-26 -3.07322e-18  1.51979e-26  -8.8209e-19  4.83669e-27  -1.4909e-19  9.80413e-29 -1.77103e-20 -3.36905e-28 -1.44664e-21  -8.2359e-29 -5.95063e-23 -4.46175e-30  3.47976e-24  1.83344e-30   9.0847e-25  6.59792e-31  9.29438e-26  1.31574e-31  6.17374e-27  1.67863e-32  2.82336e-28  1.25726e-33  8.60241e-30  4.78074e-35  1.55975e-31  7.75193e-37  1.24783e-33    2.897e-39
-1.22391e-23  5.35364e-11  1.72454e-22 -1.68975e-09 -8.23305e-22  2.76418e-08  2.14822e-21 -2.94292e-07 -6.71566e-21  2.24792e-06  3.95117e-20 -1.29854e-05 -1.92251e-19  5.85265e-05  6.24492e-19 -0.000209665 -1.37352e-18  0.000602793  1.96917e-18  -0.00139375 -1.26179e-18   0.00257607 -2.00195e-18  -0.00374125  8.00792e-18   0.00411254 -1.50952e-17  -0.00313317  2.01422e-17   0.00121011 -1.99743e-17  0.000389975  1.33412e-17 -0.000743135 -2.71422e-18  0.000205772 -6.18807e-18    0.0002105  8.61016e-18 -0.000129748 -5.13948e-18 -5.40198e-05  5.61875e-19  4.80922e-05  1.45787e-18  1.76948e-05 -9.30559e-19 -1.36914e-05 -2.92027e-19 -7.02162e-06  7.92915e-19  2.55943e-06 -4.27536e-19  2.46247e-06 -3.12049e-20   2.4036e-08  7.98206e-20 -5.78123e-07  3.36103e-20 -2.00749e-07 -4.57544e-20  4.82023e-08  2.62667e-20  5.78912e-08 -2.27852e-20  1.44635e-08    3.045e-21 -3.81285e-09  1.05223e-20 -3.88505e-09 -3.17018e-21 -1.11864e-09 -2.52123e-21   3.2129e-11  5.77175e-22   1.4969e-10  5.87112e-22  6.05872e-11   2.8305e-23  1.05934e-11 -1.49916e-22 -1.09596e-12 -4.74496e-23 -1.30566e-12  1.98471e-23 -4.32704e-13  1.58477e-23 -7.94169e-14  3.84334e-24 -4.11827e-15 -1.82524e-24  2.56802e-15 -1.56037e-24  1.03045e-15  -2.4031e-25  2.24215e-16  6.85702e-26  3.20874e-17  4.15892e-26  2.53973e-18  1.86658e-26 -1.10138e-19  5.35224e-27 -7.58886e-20  2.21033e-28 -1.45046e-20 -2.65259e-28 -1.82189e-21 -6.20033e-29 -1.65509e-22 -2.08266e-30 -1.06595e-23  1.60999e-30 -4.10889e-25  4.83109e-31  6.00225e-28  8.60339e-32  1.29487e-27  9.94891e-33  9.26822e-29  6.65533e-34  3.48458e-30  2.20871e-35  7.00879e-32  3.08125e-37  5.11534e-34
-4.20681e-12 -8.48342e-23  2.52221e-10  6.50383e-22 -5.81821e-09 -2.17837e-21  7.98767e-08  4.30089e-21 -7.53369e-07 -1.49706e-20  5.24222e-06  9.65516e-20   -2.804e-05 -4.35423e-19  0.000118197  1.28329e-18 -0.000398393 -2.57284e-18   0.00108093  3.38465e-18  -0.00235939 -2.00195e-18   0.00410527 -2.94994e-18  -0.00557019  1.10442e-17   0.00562037 -1.96841e-17  -0.00374034   2.5105e-17  0.000926681 -2.39419e-17   0.00092886  1.52174e-17 -0.000934831 -2.42729e-18  5.07658e-05 -7.31532e-18   0.00034535  9.00914e-18 -9.80169e-05 -4.58581e-18 -0.000110153 -8.78457e-20  3.91608e-05  1.71256e-18  3.69156e-05 -9.22539e-19 -8.88841e-06 -4.12818e-19 -1.22637e-05   9.1207e-19  3.95638e-08  -4.1597e-19  3.27571e-06 -1.11389e-19  9.27838e-07  1.03743e-19 -4.77873e-07  3.78756e-20 -3.73447e-07 -3.01974e-20  -4.0486e-08  1.70317e-20  5.64697e-08 -2.82823e-20  3.04646e-08  5.32952e-21  3.41913e-09  1.20896e-20 -3.22807e-09 -3.44139e-21 -1.88694e-09 -2.81826e-21 -4.02619e-10  6.20623e-22  4.89241e-11  6.47783e-22  6.43486e-11  7.17422e-24    2.242e-11 -1.65851e-22  3.62489e-12 -4.90366e-23 -3.03277e-13  1.93169e-23 -3.71861e-13  1.81757e-23 -1.20557e-13  5.23827e-24 -2.29423e-14 -1.88868e-24 -2.07306e-15 -1.75282e-24  2.84028e-16 -3.19675e-25  1.61477e-16  5.36672e-26  3.75268e-17  4.60774e-26  5.79648e-18   2.0955e-26  6.08259e-19  5.67065e-27  3.25437e-20  3.66632e-28 -2.30605e-21 -1.80036e-28 -8.13497e-22 -4.04104e-29 -1.12409e-22  2.33524e-32 -1.03934e-23  1.34764e-30  -6.9224e-25  3.32489e-31 -3.27944e-26  5.20468e-32 -1.01621e-27  5.33749e-33 -1.53068e-29  3.08215e-34   1.1464e-31  8.33942e-36  6.99151e-33  7.63036e-38
 2.65011e-23 -2.31078e-11 -3.96385e-22   8.5822e-10   2.0002e-21 -1.61947e-08 -4.77412e-21  1.96198e-07  6.91082e-21 -1.68927e-06 -3.17129e-20  1.09285e-05  2.19209e-19 -5.49346e-05 -9.09093e-19  0.000219017  2.43668e-18  -0.00070065 -4.46587e-18   0.00180628  5.40011e-18  -0.00374125 -2.94994e-18    0.0061497 -4.03723e-18  -0.00780503  1.41614e-17   0.00720066 -2.39571e-17  -0.00407831  2.94172e-17  0.000309557 -2.71849e-17   0.00157112  1.64509e-17  -0.00100529 -1.75462e-18 -0.000213712  -8.3219e-18  0.000459408  8.91507e-18 -1.31335e-05 -3.71954e-18 -0.000163954 -6.68956e-19  9.26723e-06  1.86276e-18  5.42631e-05  -9.6435e-19  3.02767e-06 -4.76378e-19 -1.56143e-05  1.02103e-18 -4.25017e-06 -3.82236e-19   3.0397e-06 -2.03423e-19  1.98005e-06  1.11198e-19 -5.48725e-08  5.00325e-20 -4.56991e-07 -9.28703e-21  -1.6477e-07  6.30988e-21  2.11372e-08 -3.42597e-20  3.81755e-08  7.19853e-21   1.2891e-08  1.32032e-20 -1.70803e-10 -3.48412e-21 -1.86641e-09  -2.9029e-21 -7.96823e-10  6.76378e-22 -1.31459e-10    6.728e-22   2.6874e-11 -2.99493e-23  2.37427e-11 -1.81328e-22  7.49518e-12 -5.06013e-23  1.19719e-12  1.89982e-23 -4.22676e-14  2.06367e-23 -8.67644e-14  6.46802e-24 -2.84924e-14  -1.9215e-24 -5.63157e-15 -1.87853e-24 -6.66601e-16 -3.80645e-25 -8.34559e-18  3.84444e-26  1.68982e-17  4.76371e-26   4.5764e-18  2.18848e-26  7.48547e-19  5.74375e-27   8.6766e-20  5.02972e-28  7.00566e-21 -9.61674e-29  3.06699e-22 -2.10393e-29 -1.03518e-23  1.52928e-30 -3.30089e-24  1.06784e-30 -3.29576e-25  2.14618e-31 -2.06426e-26   2.9003e-32 -8.67337e-28  2.56975e-33 -2.34386e-29  1.22745e-34 -3.52071e-31  2.44418e-36 -1.83024e-33
