    0.163878  1.63063e-13     0.077234  1.74766e-14   -0.0159975 -2.40969e-14   -0.0150179 -6.73215e-15 -0.000120769  2.47211e-15   0.00226829   1.5554e-15   0.00057989  1.00157e-16 -9.10769e-05 -1.15329e-16 -6.51869e-05 -3.18051e-17 -9.19361e-06 -2.09296e-18 -1.54953e-07
 1.63063e-13     0.149387  1.08302e-13    0.0384054 -4.64897e-15   -0.0231287  -2.6184e-14   -0.0154104 -6.60858e-15  0.000400021  3.34211e-15   0.00306164  2.20352e-15  0.000907366   2.4099e-16 -6.94678e-05 -1.30571e-16 -8.04152e-05 -4.07451e-17 -1.19718e-05 -2.68784e-18
    0.077234  1.08302e-13    0.0874804  6.26216e-14     0.020439 -8.73837e-15   -0.0217921  -2.4478e-14   -0.0149258 -6.76057e-15  0.000261377  3.48056e-15   0.00338996  2.60717e-15    0.0011952  4.39134e-16  2.52489e-05 -8.12641e-17 -5.99062e-05 -3.01234e-17 -7.48927e-06
 1.74766e-14    0.0384054  6.26216e-14    0.0581224  4.54372e-14       0.0154 -8.19011e-15   -0.0197936 -2.30074e-14   -0.0147196 -7.27885e-15 -0.000294405  3.14346e-15   0.00337283  2.78366e-15   0.00140322  6.35841e-16  0.000149129  5.43094e-19 -2.08328e-05 -1.05589e-17
  -0.0159975 -4.64897e-15     0.020439  4.54372e-14    0.0462065  3.78445e-14    0.0133078 -7.21714e-15   -0.0181189 -2.18831e-14    -0.014736 -8.07184e-15  -0.00118384  2.38703e-15   0.00300612  2.67037e-15   0.00144637  7.34748e-16  0.000229641  5.81816e-17  5.26582e-06
-2.40969e-14   -0.0231287 -8.73837e-15       0.0154  3.78445e-14    0.0397186  3.34466e-14     0.012317 -6.11953e-15   -0.0166553 -2.09939e-14   -0.0149253 -9.10252e-15  -0.00238206  1.21024e-15   0.00225108  2.18673e-15   0.00123687  6.46336e-16  0.000206613  5.25165e-17
  -0.0150179  -2.6184e-14   -0.0217921 -8.19011e-15    0.0133078  3.34466e-14    0.0357334   3.0848e-14    0.0120326   -4.893e-15   -0.0152859 -2.02182e-14   -0.0152078 -1.02993e-14  -0.00383356 -3.41164e-16   0.00113185  1.34461e-15  0.000782663   3.8569e-16  0.000100822
-6.73215e-15   -0.0154104  -2.4478e-14   -0.0197936 -7.21714e-15     0.012317   3.0848e-14    0.0333226  2.94611e-14     0.012298 -3.45294e-15   -0.0138454 -1.93552e-14   -0.0154026 -1.14463e-14  -0.00532095 -2.00847e-15  -0.00011413  3.90573e-16  0.000276223  1.16393e-16
-0.000120769 -6.60858e-15   -0.0149258 -2.30074e-14   -0.0181189 -6.11953e-15    0.0120326  2.94611e-14    0.0320288  2.90279e-14    0.0131205 -1.60044e-15   -0.0120535 -1.80199e-14   -0.0150977 -1.20152e-14  -0.00631536  -3.1972e-15 -0.000994055 -2.38491e-16 -1.20586e-05
 2.47211e-15  0.000400021 -6.76057e-15   -0.0147196 -2.18831e-14   -0.0166553   -4.893e-15     0.012298  2.90279e-14    0.0316788  2.95281e-14    0.0146774  1.05865e-15  -0.00940167 -1.55111e-14   -0.0135628 -1.11545e-14  -0.00608324 -3.23726e-15  -0.00108912 -3.00304e-16
  0.00226829  3.34211e-15  0.000261377 -7.27885e-15    -0.014736 -2.09939e-14   -0.0152859 -3.45294e-15    0.0131205  2.95281e-14    0.0323277   3.1193e-14    0.0173791  5.18875e-15  -0.00515051   -1.096e-14   -0.0100748 -8.26602e-15  -0.00433767 -2.10067e-15 -0.000561793
  1.5554e-15   0.00306164  3.48056e-15 -0.000294405 -8.07184e-15   -0.0149253 -2.02182e-14   -0.0138454 -1.60044e-15    0.0146774   3.1193e-14    0.0342841  3.45183e-14    0.0217876  1.14268e-14    0.0011324 -4.22398e-15  -0.00489685 -4.04512e-15  -0.00192148 -7.13049e-16
  0.00057989  2.20352e-15   0.00338996  3.14346e-15  -0.00118384 -9.10252e-15   -0.0152078 -1.93552e-14   -0.0120535  1.05865e-15    0.0173791  3.45183e-14    0.0379875  3.98654e-14    0.0279274   1.9254e-14    0.0083619  2.88157e-15  2.76253e-05 -5.54678e-16 -0.000286178
 1.00157e-16  0.000907366  2.60717e-15   0.00337283  2.38703e-15  -0.00238206 -1.02993e-14   -0.0154026 -1.80199e-14  -0.00940167  5.18875e-15    0.0217876  3.98654e-14    0.0432619  4.62102e-14    0.0339582  2.57266e-14    0.0134134  7.02013e-15   0.00233214   6.4512e-16
-9.10769e-05   2.4099e-16    0.0011952  2.78366e-15   0.00300612  1.21024e-15  -0.00383356 -1.14463e-14   -0.0150977 -1.55111e-14  -0.00515051  1.14268e-14    0.0279274  4.62102e-14    0.0479558  4.99001e-14    0.0358822  2.65256e-14    0.0132792  6.39767e-15   0.00172899
-1.15329e-16 -6.94678e-05  4.39134e-16   0.00140322  2.67037e-15   0.00225108 -3.41164e-16  -0.00532095 -1.20152e-14   -0.0135628   -1.096e-14    0.0011324   1.9254e-14    0.0339582  4.99001e-14    0.0477528  4.61231e-14     0.030447  2.01314e-14   0.00851817   3.0056e-15
-6.51869e-05 -1.30571e-16  2.52489e-05  6.35841e-16   0.00144637  2.18673e-15   0.00113185 -2.00847e-15  -0.00631536 -1.11545e-14   -0.0100748 -4.22398e-15    0.0083619  2.57266e-14    0.0358822  4.61231e-14    0.0393651  3.37488e-14    0.0192715   1.0435e-14   0.00313489
-3.18051e-17 -8.04152e-05 -8.12641e-17  0.000149129  7.34748e-16   0.00123687  1.34461e-15  -0.00011413  -3.1972e-15  -0.00608324 -8.26602e-15  -0.00489685  2.88157e-15    0.0134134  2.65256e-14     0.030447  3.37488e-14    0.0249004  1.80893e-14   0.00829776  3.13791e-15
-9.19361e-06 -4.07451e-17 -5.99062e-05  5.43094e-19  0.000229641  6.46336e-16  0.000782663  3.90573e-16 -0.000994055 -3.23726e-15  -0.00433767 -4.04512e-15  2.76253e-05  7.02013e-15    0.0132792  2.01314e-14    0.0192715  1.80893e-14    0.0111192  6.40697e-15   0.00202875
-2.09296e-18 -1.19718e-05 -3.01234e-17 -2.08328e-05  5.81816e-17  0.000206613   3.8569e-16  0.000276223 -2.38491e-16  -0.00108912 -2.10067e-15  -0.00192148 -5.54678e-16   0.00233214  6.39767e-15   0.00851817   1.0435e-14   0.00829776  6.40697e-15   0.00308968  1.21904e-15
-1.54953e-07 -2.68784e-18 -7.48927e-06 -1.05589e-17  5.26582e-06  5.25165e-17  0.000100822  1.16393e-16 -1.20586e-05 -3.00304e-16 -0.000561793 -7.13049e-16 -0.000286178   6.4512e-16   0.00172899   3.0056e-15   0.00313489  3.13791e-15   0.00202875  1.21904e-15  0.000399678
