 0.000307778  6.96214e-21   -0.0018755 -1.07587e-19   0.00369242  3.40123e-19  -0.00284897 -4.23999e-19 -0.000241802  2.42411e-19   0.00141797  9.23161e-22 -8.71211e-05 -1.05495e-19 -0.000504041   2.1591e-21 -1.49139e-05  2.82594e-20  9.16061e-05  2.54351e-21  1.26711e-05
 6.96214e-21   0.00277608  7.01405e-20  -0.00888568 -5.95003e-19    0.0114021  1.27291e-18  -0.00433094 -1.15602e-18  -0.00374851  4.48552e-19   0.00286224  2.63294e-19   0.00121257 -2.39637e-19 -0.000926053 -9.12238e-20 -0.000369423  4.53164e-20  8.56229e-05  6.13642e-21
  -0.0018755  7.01405e-20    0.0115494  3.19062e-19   -0.0232663 -1.78207e-18    0.0190583  2.74958e-18  0.000200308 -1.94638e-18  -0.00933078  2.77518e-19   0.00175918  8.18222e-19    0.0033353 -1.95304e-19 -0.000491677 -2.21775e-19  -0.00072716  2.62612e-20 -3.04473e-05
-1.07587e-19  -0.00888568  3.19062e-19    0.0291074  8.85992e-19   -0.0393551 -3.53699e-18    0.0182063  4.17963e-18    0.0106642 -2.38637e-18   -0.0120245 -5.25667e-19  -0.00224747  1.25244e-18   0.00441061  3.64337e-20  0.000620611 -2.35148e-19 -0.000708195   1.7146e-20
  0.00369242 -5.95003e-19   -0.0232663  8.85992e-19    0.0492921  1.71379e-18   -0.0457152 -5.05686e-18   0.00686564  5.02548e-18    0.0199971 -2.15157e-18  -0.00942181 -1.49936e-18  -0.00637479  1.15322e-18   0.00378945  1.96369e-19   0.00158738 -7.50228e-20 -0.000336273
 3.40123e-19    0.0114021 -1.78207e-18   -0.0393551  1.71379e-18    0.0594891  2.38748e-18   -0.0382189 -5.41876e-18  -0.00669127  5.06893e-18    0.0230098 -1.26345e-18  -0.00436586 -1.80326e-18  -0.00865803  6.33238e-19   0.00230867  1.65485e-19   0.00199235  1.15675e-19
 -0.00284897  1.27291e-18    0.0190583 -3.53699e-18   -0.0457152  2.38748e-18    0.0546548  2.33874e-18   -0.0254858 -4.52876e-18   -0.0146802   4.2312e-18    0.0216353  -1.6995e-19  2.16058e-05 -1.29404e-18  -0.00940489  4.17895e-20  0.000704284 -1.63857e-20   0.00167814
-4.23999e-19  -0.00433094  2.74958e-18    0.0182063 -5.05686e-18   -0.0382189  2.33874e-18    0.0434248   1.5515e-18     -0.01703   -3.279e-18   -0.0176426  2.68528e-18     0.019572  7.27104e-19   0.00330893 -5.74858e-19  -0.00930901  -5.1193e-19  -0.00081033 -4.83803e-19
-0.000241802 -1.15602e-18  0.000200308  4.17963e-18   0.00686564 -5.41876e-18   -0.0254858   1.5515e-18    0.0359084  8.16876e-19    -0.013525 -2.61763e-18   -0.0192551  9.75724e-19    0.0178746  1.35491e-18   0.00601875 -1.23092e-19  -0.00865537 -1.01647e-18  -0.00217255
 2.42411e-19  -0.00374851 -1.94638e-18    0.0106642  5.02548e-18  -0.00669127 -4.52876e-18     -0.01703  8.16876e-19    0.0332617  8.91231e-19   -0.0116413 -2.69662e-18   -0.0208797 -2.55414e-19    0.0163514  1.75953e-18   0.00843648  2.36091e-19  -0.00738675 -3.44649e-19
  0.00141797  4.48552e-19  -0.00933078 -2.38637e-18    0.0199971  5.06893e-18   -0.0146802   -3.279e-18    -0.013525  8.91231e-19    0.0323614  1.65098e-18   -0.0101018 -2.98692e-18   -0.0225589  -7.1539e-19     0.014911  1.87509e-18    0.0106842  1.64735e-18  -0.00397898
 9.23161e-22   0.00286224  2.77518e-19   -0.0120245 -2.15157e-18    0.0230098   4.2312e-18   -0.0176426 -2.61763e-18   -0.0116413  1.65098e-18    0.0320449   2.3695e-18  -0.00893457 -3.01718e-18   -0.0245278 -7.11932e-19    0.0131242   2.5462e-18    0.0134118   3.7982e-18
-8.71211e-05  2.63294e-19   0.00175918 -5.25667e-19  -0.00942181 -1.26345e-18    0.0216353  2.68528e-18   -0.0192551 -2.69662e-18   -0.0101018   2.3695e-18     0.032494  2.47866e-18  -0.00797829 -2.84448e-18   -0.0269395 -6.13532e-19     0.011999  1.42374e-18    0.0154774
-1.05495e-19   0.00121257  8.18222e-19  -0.00224747 -1.49936e-18  -0.00436586  -1.6995e-19     0.019572  9.75724e-19   -0.0208797 -2.98692e-18  -0.00893457  2.47866e-18    0.0337452  1.87413e-18   -0.0074743 -2.12634e-18   -0.0302696 -3.28946e-18   0.00793934 -7.24191e-18
-0.000504041 -2.39637e-19    0.0033353  1.25244e-18  -0.00637479 -1.80326e-18  2.16058e-05  7.27104e-19    0.0178746 -2.55414e-19   -0.0225589 -3.01718e-18  -0.00797829  1.87413e-18    0.0360346  1.88585e-18  -0.00622994 -1.62249e-18   -0.0350682 -1.20671e-17  -0.00557259
  2.1591e-21 -0.000926053 -1.95304e-19   0.00441061  1.15322e-18  -0.00865803 -1.29404e-18   0.00330893  1.35491e-18    0.0163514  -7.1539e-19   -0.0245278 -2.84448e-18   -0.0074743  1.88585e-18    0.0399794  2.19053e-18  -0.00421029 -7.21234e-18   -0.0464677 -1.48697e-17
-1.49139e-05 -9.12238e-20 -0.000491677  3.64337e-20   0.00378945  6.33238e-19  -0.00940489 -5.74858e-19   0.00601875  1.75953e-18     0.014911 -7.11932e-19   -0.0269395 -2.12634e-18  -0.00622994  2.19053e-18    0.0447572  2.11271e-18   -0.0109808  8.01898e-18    -0.049859
 2.82594e-20 -0.000369423 -2.21775e-19  0.000620611  1.96369e-19   0.00230867  4.17895e-20  -0.00930901 -1.23092e-19   0.00843648  1.87509e-18    0.0131242 -6.13532e-19   -0.0302696 -1.62249e-18  -0.00421029  2.11271e-18    0.0557637  1.90795e-17     0.018132  3.97476e-17
 9.16061e-05  4.53164e-20  -0.00072716 -2.35148e-19   0.00158738  1.65485e-19  0.000704284  -5.1193e-19  -0.00865537  2.36091e-19    0.0106842   2.5462e-18     0.011999 -3.28946e-18   -0.0350682 -7.21234e-18   -0.0109808  1.90795e-17    0.0698636   6.1914e-17    0.0572194
 2.54351e-21  8.56229e-05  2.62612e-20 -0.000708195 -7.50228e-20   0.00199235 -1.63857e-20  -0.00081033 -1.01647e-18  -0.00738675  1.64735e-18    0.0134118  1.42374e-18   0.00793934 -1.20671e-17   -0.0464677  8.01898e-18     0.018132   6.1914e-17     0.170408  5.55233e-17
 1.26711e-05  6.13642e-21 -3.04473e-05   1.7146e-20 -0.000336273  1.15675e-19   0.00167814 -4.83803e-19  -0.00217255 -3.44649e-19  -0.00397898   3.7982e-18    0.0154774 -7.24191e-18  -0.00557259 -1.48697e-17    -0.049859  3.97476e-17    0.0572194  5.55233e-17     0.132777
