 2.33857e-33 -7.31226e-36   -2.004e-33  1.24734e-35  1.77215e-32  4.48164e-35 -4.10748e-31     3.21e-35  6.50452e-30 -8.10624e-35 -7.85751e-29  2.38308e-35   7.5328e-28 -2.86086e-36 -5.89871e-27  1.90082e-36  3.84947e-26 -2.34904e-36 -2.12387e-25  1.16111e-36  1.00105e-24  3.14101e-36 -4.06086e-24 -1.20507e-35  1.42505e-23  6.88733e-35 -4.33949e-23 -3.23215e-34  1.14811e-22  1.32949e-33  -2.6375e-22 -4.80976e-33  5.24684e-22  1.53129e-32 -8.99111e-22 -4.27844e-32  1.31561e-21  1.04015e-31 -1.62059e-21 -2.15758e-31    1.641e-21  3.64256e-31 -1.30691e-21 -4.31154e-31  7.39404e-22  6.88939e-32  -1.9748e-22  1.43443e-30 -1.02941e-22 -5.18608e-30  1.38126e-22  1.24527e-29  -4.9084e-23 -2.40638e-29 -1.77012e-23  3.96005e-29  2.19818e-23 -5.68178e-29 -2.80165e-24  7.18569e-29 -5.03694e-24 -8.04778e-29  1.83024e-24  7.98679e-29  8.91304e-25 -7.00342e-29 -5.13856e-25  5.38877e-29 -1.52125e-25 -3.59138e-29  1.05892e-25   2.0229e-29  2.92118e-26 -9.14184e-30  -1.6994e-26   2.8606e-30 -5.94245e-27 -1.87069e-31  1.92764e-27 -4.67125e-31  1.05263e-27   3.4727e-31 -9.16596e-29 -1.19656e-31 -1.35912e-28 -3.94514e-33 -1.40447e-29  3.23153e-32  1.02958e-29 -2.23669e-32  3.18761e-30  9.32915e-33 -1.52525e-31 -2.59664e-33 -2.46795e-31  4.42856e-34 -4.08608e-32 -2.41239e-35  4.65967e-33 -7.24322e-36  2.75696e-33  1.38442e-36   3.4798e-34  8.85369e-38 -2.56512e-35 -6.05569e-38 -1.38359e-35  1.11199e-38  -1.6854e-36 -1.76749e-39 -9.98354e-39  1.34571e-40  2.14894e-38  4.83536e-41  2.69436e-39 -1.38149e-41  1.17909e-40  7.91745e-43 -2.69098e-42  1.02035e-43 -5.65992e-43 -1.13489e-44 -2.43011e-44  2.25417e-46 -1.05179e-46 -1.05399e-48
-7.31226e-36  6.98878e-33 -3.64025e-35 -3.80794e-32  3.85157e-35  1.05063e-30  1.11513e-34 -1.97601e-29  6.48331e-35  2.72912e-28 -1.59068e-34 -2.93442e-27  5.50034e-35  2.54422e-26 -9.86518e-36  -1.8219e-25  1.28243e-36  1.09596e-24 -3.21859e-36 -5.60631e-24 -1.85457e-36  2.46045e-23  3.02544e-35 -9.32218e-23 -1.90255e-34  3.06171e-22  1.05098e-33  -8.7359e-22 -4.93149e-33  2.16626e-21  2.01365e-32 -4.66114e-21 -7.21502e-32  8.66965e-21  2.27805e-31 -1.38457e-20 -6.34291e-31  1.87793e-20  1.55236e-30 -2.12488e-20  -3.3086e-30  1.94439e-20  6.01452e-30 -1.35186e-20 -8.87098e-30   6.0129e-21  9.03812e-30  -2.9424e-22 -5.18712e-31 -1.87035e-21 -2.58599e-29  1.31411e-21   8.0038e-29 -1.36854e-22 -1.67472e-28 -3.34228e-22  2.82812e-28  1.71216e-22 -4.06522e-28  3.65075e-23  5.08423e-28 -5.40125e-23 -5.58638e-28  1.73083e-24  5.41016e-28  1.23225e-23 -4.61182e-28 -1.55733e-24  3.43941e-28 -2.45899e-24 -2.21563e-28  3.27378e-25  1.20192e-28  4.51585e-25 -5.18908e-29 -2.90021e-26  1.50122e-29 -7.28387e-26 -1.75853e-31 -3.91884e-27 -3.04965e-30  9.13644e-27  2.13282e-30  1.86005e-27 -7.84409e-31 -7.02838e-28  7.22393e-32 -3.13386e-28  1.10423e-31  4.58238e-30 -8.40782e-32  2.64487e-29   3.4064e-32  4.97407e-30 -8.65242e-33 -6.91481e-31  1.18468e-33  -4.2011e-31  1.40413e-35  -4.9982e-32 -3.44066e-35  7.93374e-33   3.7357e-36  3.27782e-33  4.55502e-37  3.50582e-34 -1.39756e-37 -2.14081e-35  2.25748e-38 -1.03096e-35 -6.03312e-39 -1.14133e-36  8.10315e-40 -2.43255e-38  1.02897e-40  7.34106e-39 -3.94695e-41  8.44767e-40  2.34525e-42   3.6132e-41  2.28868e-43  1.68592e-44 -2.20449e-44 -4.12379e-44  4.26022e-46  -3.2989e-46
  -2.004e-33 -3.64025e-35  5.69458e-32 -1.00326e-34 -1.71402e-30  8.11541e-35  3.88878e-29  1.66064e-34 -6.22697e-28  9.58906e-35  7.57436e-27  -2.1286e-34 -7.31384e-26  8.69667e-35  5.77066e-25 -2.10087e-35 -3.79586e-24   5.2226e-37  2.11179e-23 -6.05288e-36 -1.00411e-22 -1.62804e-35  4.11102e-22  2.32895e-34 -1.45678e-21 -1.75586e-33  4.48218e-21  1.01561e-32 -1.19896e-20 -4.85735e-32  2.78689e-20  1.98879e-31 -5.61465e-20 -7.08852e-31  9.75487e-20  2.21926e-30 -1.44926e-19  -6.1288e-30   1.8162e-19  1.49339e-29 -1.87672e-19 -3.19741e-29   1.5337e-19   5.9504e-29 -9.02619e-20 -9.39618e-29  2.70182e-20  1.18655e-28  1.02904e-20 -9.73225e-29 -1.65406e-20 -2.43111e-29  6.69897e-21  3.01676e-28  1.69945e-21 -7.59233e-28 -2.74279e-21  1.35672e-27  5.12335e-22  -1.9778e-27   5.8868e-22  2.45973e-27 -2.67398e-22 -2.65841e-27 -9.54214e-23  2.51531e-27  7.26631e-23 -2.08537e-27  1.49399e-23  1.50783e-27 -1.51125e-23 -9.39431e-28 -2.89066e-24  4.91629e-28    2.538e-24 -2.03685e-28  6.50445e-25  5.52412e-29   -3.202e-25  1.44209e-30 -1.29529e-25 -1.25132e-29  2.26946e-26  8.38049e-30  1.87891e-26 -3.13303e-30  8.29822e-28  4.46132e-31 -1.66194e-27  2.67146e-31 -3.92734e-28 -2.24692e-31  5.11301e-29  8.73629e-32  3.74391e-29 -1.98011e-32  4.49089e-30  1.93888e-33  -1.0818e-30  2.40302e-34 -4.20002e-31 -8.83699e-35 -3.83235e-32  3.88156e-36   6.8082e-33  1.38249e-36  2.24171e-33 -1.36283e-37  2.14673e-34  1.92087e-38 -7.58945e-36 -1.37957e-38 -3.99944e-36  2.33342e-39 -4.06828e-37  1.58804e-40 -1.23388e-38 -7.83921e-41  9.55344e-40  4.28526e-42  1.04133e-40  3.77826e-43  3.28454e-42 -2.68451e-44  1.17791e-44  3.75322e-46
 1.24734e-35 -3.80794e-32 -1.00326e-34  2.01535e-30 -1.88618e-34 -5.67032e-29  1.39845e-34  1.07113e-27   1.6377e-34 -1.48982e-26  1.28297e-34  1.61347e-25 -2.31637e-34 -1.40952e-24  1.07745e-34  1.01736e-23 -3.58241e-35 -6.17094e-23  2.06997e-35  3.18438e-22 -9.73807e-35 -1.41044e-21   1.9865e-34  5.39595e-21  6.08469e-34 -1.79048e-20 -9.94327e-33  5.16469e-20  6.87745e-32 -1.29566e-19 -3.51439e-31  2.82285e-19  1.47445e-30 -5.32174e-19 -5.28348e-30  8.62546e-19  1.64765e-29 -1.18933e-18 -4.51416e-29  1.37145e-18  1.09087e-28 -1.28411e-18 -2.32403e-28  9.21053e-19  4.34084e-28 -4.33763e-19 -7.01296e-28  4.29421e-20  9.50779e-28  1.20143e-19 -9.99601e-28 -9.42722e-20  5.82519e-28  1.49064e-20  5.53556e-28  2.18362e-20 -2.49191e-27 -1.32131e-20  5.00442e-27 -1.69317e-21 -7.53817e-27  3.94852e-21  9.39106e-27 -3.93027e-22 -1.00137e-26 -8.74395e-22  9.26683e-27  1.77072e-22 -7.47382e-27  1.73064e-22  5.23874e-27 -3.75604e-23 -3.15725e-27  -3.2516e-23  1.59578e-27   4.6756e-24 -6.36855e-28  5.54135e-24  1.64053e-28  -8.4764e-26  8.07832e-30 -7.59055e-25 -3.87438e-29 -1.03159e-25  2.51006e-29  6.86392e-26   -9.352e-30  2.28388e-26  1.53381e-30  -2.0428e-27  5.41004e-31 -2.29735e-27 -4.94935e-31 -3.10219e-28  1.81635e-31  8.73731e-29 -3.55538e-32  3.55308e-29  1.79003e-33   2.7632e-30  7.95463e-34 -9.81655e-31 -1.47414e-34 -2.86128e-31 -6.07994e-36 -2.17424e-32  2.96941e-36  3.46952e-33  1.20109e-37  9.87532e-34 -1.73627e-38  8.73781e-35 -2.34482e-38 -6.71142e-37  4.46204e-39 -8.60739e-37  2.31345e-40 -7.75236e-38 -1.25834e-40 -2.50804e-39  5.50375e-42  3.53981e-41  5.22503e-43  3.76972e-42 -2.23042e-44  4.03628e-44
 1.77215e-32  3.85157e-35 -1.71402e-30 -1.88618e-34  6.40641e-29  -2.6755e-34 -1.46185e-27  2.08595e-34  2.35673e-26  9.45994e-35 -2.88741e-25  1.64675e-34  2.80919e-24 -2.27966e-34 -2.23404e-23  1.19244e-34  1.48175e-22 -1.04288e-34 -8.31567e-22  3.65493e-34  3.99028e-21 -1.66407e-33 -1.64955e-20  5.70595e-33   5.9053e-20 -1.19904e-32 -1.83667e-19 -1.40595e-32  4.96982e-19  3.03436e-31 -1.16949e-18 -1.90493e-30  2.38754e-18  8.58916e-30  -4.2083e-18 -3.15964e-29  6.35236e-18  9.91221e-29 -8.10498e-18 -2.70526e-28   8.5534e-18  6.48423e-28 -7.17865e-18  -1.3695e-27  4.39655e-18  2.54437e-27 -1.46028e-18 -4.12625e-27 -3.83782e-19  5.73715e-27  7.85127e-19 -6.56113e-27 -3.61073e-19  5.46744e-27 -5.74995e-20  -1.4607e-27  1.35263e-19 -5.66323e-27 -3.39299e-20   1.4831e-26  -2.6733e-20 -2.38021e-26  1.52488e-20  2.99993e-26   3.7726e-21 -3.16724e-26 -4.02443e-21  2.86966e-26  -4.9058e-22 -2.25119e-26  8.42639e-22  1.52895e-26  9.40385e-23 -8.91099e-27 -1.47216e-22  4.35325e-27 -2.54313e-23 -1.67915e-27  2.02559e-23   4.1604e-28  6.01466e-24  2.46785e-29 -1.80451e-24 -9.77845e-29 -1.00203e-24  6.17905e-29  2.38342e-26 -2.27402e-29  1.02994e-25  3.90249e-30  1.77265e-26  9.99894e-31 -4.63456e-27 -9.55393e-31 -2.18482e-27  3.24105e-31 -1.57576e-28 -5.20671e-32  8.62733e-29 -6.74704e-34  2.45136e-29  1.70731e-33  1.29095e-30 -1.46276e-34 -5.85562e-31 -3.60949e-35 -1.39149e-31  4.98922e-36 -9.59725e-33  6.89302e-37  1.06926e-33 -9.31848e-38  2.82212e-34 -2.85838e-38  2.31208e-35  6.25237e-39  2.77049e-37  3.65929e-40 -9.21296e-38 -1.74429e-40 -7.09444e-39  5.01772e-42 -1.87586e-40  5.98719e-43 -6.37409e-43 -1.15388e-44
 4.48164e-35  1.05063e-30  8.11541e-35 -5.67032e-29  -2.6755e-34  1.61813e-27 -3.05897e-34 -3.07761e-26  2.73162e-34   4.3115e-25  -1.0376e-35 -4.70465e-24  1.99023e-34   4.1425e-23 -2.32758e-34 -3.01483e-22  2.24114e-34  1.84464e-21 -8.66931e-34 -9.60616e-21  4.51996e-33  4.29591e-20 -2.06616e-32 -1.66026e-19  7.77707e-32  5.56856e-19 -2.28638e-31 -1.62468e-18  4.23954e-31  4.12567e-18  2.98289e-31 -9.10655e-18 -7.07848e-30  1.74119e-17  3.92634e-29 -2.86602e-17  -1.5491e-28   4.0204e-17   4.9803e-28 -4.72838e-17 -1.36555e-27  4.53393e-17  3.25708e-27 -3.35747e-17 -6.81744e-27  1.67251e-17  1.25493e-26 -2.46777e-18 -2.02419e-26 -4.05932e-18  2.82914e-26  3.60047e-18 -3.34007e-26 -7.68575e-19  3.12641e-26 -7.45425e-19  -1.8445e-26  5.39461e-19 -5.25265e-27  2.60177e-20  3.54201e-26 -1.52298e-19  -6.4039e-26  2.62394e-20  8.27927e-26  3.24409e-20 -8.69103e-26 -9.50213e-21  7.71629e-26 -6.31109e-21  -5.8848e-26  2.03611e-21  3.86882e-26  1.21016e-21 -2.17895e-26 -2.94474e-22  1.02938e-26 -2.18657e-22 -3.85061e-27   2.0916e-23  9.29436e-28  3.27497e-23  5.37327e-29   2.2049e-24 -2.09807e-28 -3.40685e-24  1.30462e-28 -8.35886e-25 -4.72549e-29   1.6407e-25  8.09109e-30  1.02912e-25  1.77867e-30  8.30937e-27 -1.66999e-30  -5.1752e-27  5.10869e-31  -1.5395e-27 -6.15755e-32 -4.67621e-29 -6.86724e-33   5.8043e-29  2.75474e-33  1.27701e-29  1.20971e-35  5.18076e-31 -9.15881e-35 -2.37275e-31  7.27371e-36 -4.84283e-32  1.29544e-36 -3.19879e-33 -2.03523e-37  1.82077e-34 -1.79225e-38  4.98604e-35  6.61914e-39  3.62348e-36  6.03553e-40  7.90679e-38 -2.15178e-40 -3.77639e-39  2.88281e-42 -2.19955e-40  5.25635e-43 -2.40298e-42
-4.10748e-31  1.11513e-34  3.88878e-29  1.39845e-34 -1.46185e-27 -3.05897e-34  3.35969e-26 -2.96028e-34 -5.45542e-25  3.16333e-34  6.73434e-24 -1.08343e-34 -6.60377e-23  2.34758e-34  5.29532e-22 -4.01235e-34 -3.54277e-21  1.46754e-33  2.00642e-20 -8.64458e-33 -9.72055e-20  4.53574e-32  4.05921e-19 -2.03956e-31 -1.46877e-18  7.79179e-31  4.62014e-18  -2.4765e-30  -1.2653e-17  6.16442e-30  3.01604e-17 -9.53668e-30 -6.24322e-17 -7.78368e-30  1.11713e-16  1.30625e-28 -1.71454e-16 -6.19527e-28  2.22891e-16  2.11701e-27 -2.40431e-16 -5.92066e-27  2.07404e-16  1.41468e-26  -1.3224e-16   -2.941e-26  4.83422e-17  5.35825e-26   7.7903e-18 -8.55757e-26 -2.28228e-17  1.19018e-25   1.1906e-17 -1.41732e-25  8.76416e-19  1.38927e-25 -4.07106e-18 -1.00151e-25  1.30997e-18  2.68273e-26  7.21507e-19  6.48216e-26 -5.26555e-19 -1.48934e-25 -7.92175e-20   2.0148e-25  1.35052e-19 -2.11322e-25  5.48753e-21  1.83959e-25 -2.83764e-20 -1.36245e-25 -9.17626e-22  8.65627e-26  5.13427e-21 -4.70544e-26  4.76553e-22  2.15039e-26 -7.61613e-22 -7.83149e-27 -1.57184e-22  1.86736e-27  7.97224e-23  8.55293e-29  3.15365e-23  -3.9275e-28  -3.4482e-24  2.42972e-28 -3.79521e-24 -8.65765e-29 -4.18249e-25  1.43383e-29  2.23401e-25  3.11655e-30  7.52837e-26 -2.69418e-30  1.25324e-27   7.2204e-31  -3.8968e-27  -5.3495e-32 -8.38005e-28 -1.73359e-32 -4.14145e-30  3.40161e-33  2.79821e-29  4.12127e-34  5.07656e-30 -1.66882e-34  1.92984e-31  1.06985e-35 -6.44126e-32   1.2714e-36 -1.16944e-32 -3.57565e-37 -7.43233e-34   1.9903e-38  1.16355e-35   5.2551e-39  4.82136e-36  9.30571e-40  2.92638e-37 -2.36275e-40  6.10145e-39  3.15282e-43 -1.66076e-41  3.00689e-43
    3.21e-35 -1.97601e-29  1.66064e-34  1.07113e-27  2.08595e-34 -3.07761e-26 -2.96028e-34  5.89578e-25 -2.50085e-34 -8.32195e-24  3.27885e-34  9.15262e-23 -1.87019e-34 -8.12582e-22  4.32106e-34  5.96524e-21 -2.10059e-33  -3.6832e-20  1.30901e-32  1.93649e-19 -7.66189e-32 -8.74769e-19  3.87018e-31  3.41687e-18 -1.69051e-30 -1.15898e-17  6.37778e-30  3.42202e-17 -2.05804e-29 -8.80103e-17  5.53363e-29  1.96933e-16 -1.15434e-28 -3.82135e-16  1.39128e-28   6.3923e-16    1.946e-28 -9.12939e-16  -1.9202e-27  1.09598e-15  7.59155e-27 -1.07713e-15 -2.22641e-26  8.24104e-16  5.39022e-26 -4.33853e-16 -1.11823e-25  8.45512e-17  2.01855e-25  9.02174e-17 -3.18601e-25 -9.20587e-17  4.38533e-25  2.49532e-17 -5.20438e-25  1.65641e-17  5.18311e-25 -1.46611e-17 -4.04372e-25  4.27402e-19  1.90104e-25   3.8877e-18  7.02934e-26 -9.86397e-19 -3.00794e-25 -7.85378e-19  4.38679e-25  3.19686e-19 -4.62303e-25  1.47927e-19  3.94632e-25 -6.91616e-20 -2.83318e-25 -2.88474e-20  1.73533e-25  1.09639e-20 -9.08714e-26  5.57038e-21  4.01864e-26 -1.09902e-21 -1.43207e-26 -9.18936e-22  3.42832e-27  7.27787e-24  8.23376e-29  1.09028e-22 -6.52597e-28  1.84918e-23  4.07488e-28 -7.02088e-24 -1.43044e-28 -2.97126e-24  2.23247e-29 -5.74615e-26   5.3694e-30  1.90497e-25 -4.05696e-30  4.23322e-26  9.20014e-31 -1.32028e-27 -1.74662e-32   -2.147e-27 -3.08047e-32 -3.60723e-28  2.86525e-33  1.99935e-30  1.06658e-33  9.73415e-30 -2.44244e-34  1.51831e-30  1.81089e-35  6.17338e-32 -1.64445e-37 -1.10207e-32 -6.02028e-37 -1.83549e-33  8.77645e-38    -1.07e-34  3.01874e-39 -8.19437e-37    1.255e-39  2.04485e-37 -2.25391e-40  8.52363e-39  -1.2141e-42  7.72911e-41
 6.50452e-30  6.48331e-35 -6.22697e-28   1.6377e-34  2.35673e-26  2.73162e-34 -5.45542e-25 -2.50085e-34  8.92536e-24 -1.84743e-34 -1.11049e-22  3.19373e-34  1.09798e-21 -3.99414e-34 -8.88078e-21  2.29027e-33  5.99575e-20 -1.66462e-32 -3.42819e-19  1.06933e-31  1.67762e-18  -5.9599e-31 -7.08006e-18  2.88066e-30  2.59061e-17 -1.21428e-29 -8.24608e-17  4.46782e-29  2.28695e-16 -1.42797e-28  -5.5252e-16  3.91035e-28  1.16042e-15 -8.87628e-28 -2.10935e-15  1.52289e-27  3.29399e-15 -1.24459e-27 -4.36659e-15  -3.6387e-27  4.81853e-15  2.23213e-26 -4.27591e-15 -7.26518e-26  2.83932e-15  1.81694e-25 -1.13478e-15 -3.79097e-25 -8.13904e-17  6.79952e-25  4.68602e-16  -1.0605e-24 -2.77781e-16  1.44051e-24   1.6757e-18 -1.69207e-24  8.61695e-17  1.68546e-24 -3.47149e-17 -1.35759e-24 -1.30961e-17  7.63094e-25  1.27389e-17 -6.74501e-26   7.6732e-19 -5.24485e-25 -3.16888e-18  8.64423e-25  1.34112e-19 -9.20977e-25   6.6524e-19   7.7043e-25 -3.41122e-20  -5.3464e-25 -1.24189e-19   3.1456e-25 -1.34713e-21 -1.58236e-25  1.97317e-20  6.77455e-26  2.42497e-21  -2.3789e-26 -2.34954e-21  5.83027e-27 -6.62376e-22 -3.99032e-29  1.53332e-22 -9.74164e-28  9.57352e-23  6.25811e-28  4.23803e-24 -2.16934e-28 -7.04816e-24  3.10358e-29  -1.7411e-24  8.97749e-30  9.79606e-26 -5.73792e-30  1.17937e-25  1.05224e-30   1.8907e-26  5.22992e-32  -1.2049e-27 -4.35634e-32 -8.88198e-28  3.29333e-34  -1.2347e-28  1.87714e-33  3.85673e-31 -3.01174e-34  2.38896e-30  3.41131e-35  3.28005e-31 -3.39649e-36  1.44211e-32 -1.00542e-36 -1.03451e-33  1.73434e-37 -1.66529e-34  1.30559e-39  -8.1454e-36  1.43835e-39 -1.14619e-37 -1.78947e-40  1.99327e-39 -1.15845e-42
-8.10624e-35  2.72912e-28  9.58906e-35 -1.48982e-26  9.45994e-35   4.3115e-25  3.16333e-34 -8.32195e-24 -1.84743e-34  1.18394e-22 -1.17402e-34  -1.3129e-21  4.13778e-34  1.17573e-20 -2.10727e-33 -8.70976e-20  1.76146e-32  5.42922e-19 -1.27224e-31  -2.8832e-18  7.78938e-31  1.31623e-17 -4.12095e-30 -5.19872e-17  1.90274e-29  1.78424e-16 -7.71304e-29 -5.33439e-16  2.74975e-28  1.39033e-15 -8.60068e-28 -3.15576e-15   2.3411e-27  6.21872e-15 -5.44356e-27 -1.05794e-14  1.03481e-26   1.5395e-14 -1.40735e-26 -1.88806e-14  4.59085e-27  1.90355e-14  4.85375e-26 -1.50581e-14 -2.03217e-25  8.37116e-15  5.43587e-25 -2.01992e-15 -1.15489e-24   -1.443e-15  2.06813e-24  1.74016e-15 -3.19132e-24  -5.7779e-16  4.27251e-24 -2.60137e-16 -4.94722e-24  2.92974e-16  4.88398e-24 -3.12018e-17 -3.96748e-24 -7.22476e-17  2.40334e-24  2.52301e-17 -6.54746e-25  1.35218e-17 -7.71048e-25 -7.62598e-18  1.55741e-24  -2.3965e-18 -1.68814e-24  1.66324e-18  1.38154e-24  4.72299e-19 -9.22791e-25  -2.8162e-19  5.18811e-25 -9.92436e-20 -2.49664e-25  3.39058e-20  1.03555e-25  1.83573e-20  -3.6202e-26 -1.81048e-21  9.29796e-27 -2.49023e-21 -4.24238e-28 -2.40414e-22  -1.3178e-27  1.99611e-22  8.93089e-28  6.02256e-23 -3.06345e-28 -3.55569e-24  3.87885e-29 -4.91083e-24  1.43851e-29 -7.89709e-25 -7.64433e-30    9.955e-26  1.05872e-30  5.57017e-26  1.52943e-31  6.87732e-27 -4.96864e-32 -5.32903e-28 -4.75661e-33 -2.75179e-28  2.64385e-33 -3.30327e-29 -3.22456e-34 -2.45033e-31  6.31355e-35  3.91764e-31 -8.00967e-36  4.76536e-32 -1.59416e-36   2.1004e-33   2.5142e-37 -3.43698e-35  9.35945e-40 -7.08255e-36  1.37427e-39 -2.29095e-37 -1.10485e-40 -1.61447e-39
-7.85751e-29 -1.59068e-34  7.57436e-27  1.28297e-34 -2.88741e-25  -1.0376e-35  6.73434e-24  3.27885e-34 -1.11049e-22 -1.17402e-34   1.3931e-21 -1.01293e-34 -1.38936e-20  1.56854e-33  1.13398e-19 -1.56253e-32 -7.72908e-19  1.29562e-31  4.46361e-18 -8.81562e-31 -2.20739e-17  5.10048e-30  9.41963e-17 -2.56188e-29 -3.48725e-16  1.12928e-28  1.12386e-15 -4.39389e-28 -3.15826e-15  1.51225e-27  7.73858e-15 -4.59861e-27  -1.6501e-14  1.22915e-26  3.04925e-14 -2.85392e-26 -4.84876e-14  5.61159e-26  6.55964e-14 -8.77675e-26 -7.41144e-14  8.70508e-26  6.77127e-14  4.00295e-26 -4.68448e-14 -4.68202e-25  2.03556e-14  1.43939e-24 -1.72024e-16 -3.17669e-24 -7.29176e-15  5.72103e-24  4.93703e-15 -8.75586e-24 -4.04736e-16   1.1552e-23 -1.37433e-15 -1.31545e-23   6.8633e-16  1.27977e-23  1.64361e-16 -1.03456e-23 -2.32332e-16  6.45867e-24  6.47881e-18  -2.3285e-24  5.57726e-17 -8.90059e-25 -7.35148e-18  2.59212e-24 -1.16233e-17 -2.87446e-24  1.69234e-18  2.29389e-24  2.23098e-18 -1.46591e-24 -1.78248e-19  7.81582e-25 -3.78636e-19 -3.57524e-25 -1.46517e-20   1.4385e-25  5.04834e-20  -5.0841e-26  9.52072e-21  1.40606e-26 -4.22581e-21 -1.26917e-27 -1.76097e-21 -1.62592e-27  6.05748e-23  1.20023e-27  1.60253e-22 -4.07555e-28  2.80563e-23  4.33964e-29 -4.78967e-24  2.19258e-29 -2.59242e-24 -9.59689e-30 -2.85149e-25  8.83047e-31  5.38987e-26  2.71165e-31  2.03818e-26 -4.23412e-32  2.06427e-27 -1.23994e-32 -1.44671e-28  3.12735e-33 -6.22175e-29 -3.09059e-34 -6.60368e-30  1.06349e-34 -1.29305e-31 -1.28281e-35  3.88396e-32 -2.28484e-36  4.14284e-33  2.94336e-37  1.60301e-34  1.59485e-39  7.42694e-37  1.06485e-39 -8.07607e-38 -4.57395e-41
 2.38308e-35 -2.93442e-27  -2.1286e-34  1.61347e-25  1.64675e-34 -4.70465e-24 -1.08343e-34  9.15262e-23  3.19373e-34  -1.3129e-21 -1.01293e-34  1.46854e-20 -4.87162e-34 -1.32707e-19  1.08096e-32  9.92469e-19 -1.11484e-31 -6.24855e-18  8.66518e-31  3.35328e-17 -5.53743e-30 -1.54782e-16  3.02781e-29  6.18509e-16 -1.44483e-28 -2.14909e-15  6.07972e-28   6.5098e-15 -2.26836e-27  -1.7205e-14  7.52101e-27  3.96394e-14 -2.21501e-26 -7.93837e-14  5.77382e-26  1.37448e-13 -1.32131e-25 -2.03957e-13  2.61079e-25  2.55756e-13 -4.29486e-25 -2.64751e-13  5.32529e-25  2.16697e-13 -2.95809e-25 -1.27122e-13 -7.76061e-25  3.64913e-14   3.3318e-24  1.72473e-14 -7.90478e-24 -2.56897e-14  1.44707e-23  1.02224e-14  -2.2048e-23  2.94361e-15   2.8687e-23 -4.54736e-15 -3.20819e-23   8.4817e-16  3.06448e-23  1.02595e-15 -2.44466e-23 -4.80313e-16  1.53608e-23 -1.70433e-16 -6.20867e-24  1.37929e-16 -5.93187e-25   2.6605e-17  4.03184e-24 -3.02551e-17 -4.58907e-24 -5.21732e-18  3.55275e-24  5.39502e-18 -2.15412e-24  1.25247e-18  1.07707e-24 -7.35573e-19 -4.63612e-25 -2.70997e-19  1.81351e-25  6.02325e-20  -6.6344e-26  4.27456e-20  2.03544e-26  7.64336e-22 -2.80133e-27 -4.14596e-21 -1.83871e-27 -8.78514e-22  1.53759e-27  1.55734e-22 -5.15497e-28  9.42526e-23  4.24356e-29  9.69057e-24  3.17006e-29  -3.1185e-24 -1.13356e-29 -1.07358e-24  4.85179e-31 -8.50034e-26  3.85248e-31  1.96425e-26 -1.60038e-32  5.74128e-27 -2.19255e-32  5.05381e-28  3.13831e-33 -2.33898e-29 -2.77329e-34 -9.74621e-30  1.59227e-34 -9.13577e-31 -1.64245e-35 -2.52156e-32  -2.8798e-36  1.90622e-33   2.8733e-37   1.7473e-34  2.28502e-39  4.52736e-36  6.33349e-40  2.23069e-38
  7.5328e-28  5.50034e-35 -7.31384e-26 -2.31637e-34  2.80919e-24  1.99023e-34 -6.60377e-23 -1.87019e-34  1.09798e-21  4.13778e-34 -1.38936e-20 -4.87162e-34  1.39823e-19 -3.76849e-33 -1.15211e-18  7.52147e-32  7.93122e-18 -7.26558e-31 -4.62854e-17   5.2761e-30  2.31429e-16 -3.17166e-29 -9.99112e-16  1.64096e-28  3.74445e-15 -7.44519e-28 -1.22253e-14  2.99137e-27  3.48331e-14 -1.06981e-26 -8.66188e-14    3.413e-26  1.87651e-13  -9.7121e-26 -3.52781e-13   2.4587e-25  5.71679e-13 -5.50433e-25 -7.89949e-13  1.07685e-24  9.14657e-13 -1.79734e-24 -8.61094e-13  2.41926e-24  6.20896e-13 -2.17699e-24  -2.9198e-13 -2.59175e-25  2.38232e-14  6.52051e-24  8.94714e-14 -1.77688e-23 -6.98661e-14  3.35958e-23  1.09172e-14 -5.12245e-23  1.71436e-14  6.58206e-23 -1.06392e-14 -7.22487e-23  -1.3036e-15  6.75902e-23  3.33329e-15 -5.29126e-23 -3.94889e-16  3.29899e-23 -7.65159e-16 -1.39841e-23  1.79675e-16  5.34377e-25  1.56721e-16  5.94109e-24 -4.09225e-17 -6.93269e-24 -3.08085e-17  5.16889e-24  5.85321e-18 -2.94055e-24  5.59197e-18  1.35586e-24 -3.06779e-19 -5.39709e-25 -8.30527e-19  2.06081e-25 -8.45958e-20  -8.0996e-26  8.38388e-20  2.84124e-26   2.4146e-20 -5.22603e-27 -3.45259e-21 -1.91298e-27 -2.76287e-21  1.89768e-27 -2.98874e-22 -6.24095e-28  1.24334e-22  3.36065e-29  4.31065e-23   4.3482e-29  2.43349e-24 -1.25547e-29 -1.38649e-24 -1.47116e-31  -3.5281e-25  4.71062e-31 -2.18779e-26  3.11118e-32  4.98919e-27 -3.20626e-32  1.21188e-27  2.61248e-33  9.61815e-29 -2.48574e-34 -1.70114e-30  2.11547e-34 -9.67827e-31 -1.77862e-35 -7.74905e-32 -3.15273e-36 -2.19409e-33  2.35929e-37  2.63686e-35  2.25762e-39  2.12389e-36   2.5091e-40
-2.86086e-36  2.54422e-26  8.69667e-35 -1.40952e-24 -2.27966e-34   4.1425e-23  2.34758e-34 -8.12582e-22 -3.99414e-34  1.17573e-20  1.56854e-33 -1.32707e-19 -3.76849e-33  1.21066e-18 -2.64542e-32 -9.14469e-18  4.81524e-31  5.81796e-17 -4.32475e-30 -3.15671e-16   2.9403e-29  1.47404e-15 -1.66581e-28 -5.96263e-15  8.16604e-28  2.09873e-14 -3.52594e-27 -6.44493e-14  1.35328e-26  1.72841e-13 -4.63885e-26 -4.04491e-13  1.42309e-25  8.23836e-13 -3.90713e-25 -1.45291e-12    9.581e-25  2.20033e-12 -2.08858e-24 -2.82364e-12  4.01115e-24  3.00382e-12 -6.67058e-24 -2.54579e-12  9.25979e-24    1.575e-12 -9.72252e-24 -5.23598e-13  4.66487e-24 -1.53534e-13  9.76863e-24  3.06373e-13 -3.58519e-23  -1.4427e-13  7.17678e-23 -2.25439e-14 -1.10276e-22  5.66829e-14  1.40224e-22 -1.54501e-14 -1.51054e-22 -1.13854e-14  1.38166e-22  7.16307e-15 -1.05728e-22  1.52905e-15  6.48055e-23 -1.96956e-15 -2.78284e-23 -1.66405e-16  2.94117e-24  4.32962e-16  8.42274e-24  3.01454e-17 -9.99787e-24 -8.05895e-17   7.1132e-24 -1.02511e-17 -3.74259e-24   1.2107e-17  1.55032e-24  2.94061e-18 -5.52106e-25 -1.24915e-18  2.07409e-25 -5.64346e-19 -9.31729e-26  4.41567e-20  3.84197e-26  6.60733e-20 -8.66941e-27  8.81925e-21 -1.83542e-27  -3.6435e-21  2.27533e-27 -1.38802e-21 -7.26613e-28  -5.4658e-23  1.52136e-29  6.55052e-23  5.66751e-29  1.57683e-23 -1.29678e-29  4.35353e-25 -9.90878e-31 -4.49956e-25   5.1037e-31 -9.14029e-26  9.54057e-32 -4.96007e-27 -4.12362e-32  8.58841e-28  1.63688e-33  1.82102e-28 -2.36166e-34  1.30449e-29  2.50433e-34  6.12433e-32 -1.67246e-35 -5.20598e-32 -2.97625e-36 -3.26814e-33  1.62007e-37 -6.66992e-35  1.53016e-39  -1.2412e-37
-5.89871e-27 -9.86518e-36  5.77066e-25  1.07745e-34 -2.23404e-23 -2.32758e-34  5.29532e-22  4.32106e-34 -8.88078e-21 -2.10727e-33  1.13398e-19  1.08096e-32 -1.15211e-18 -2.64542e-32    9.588e-18 -1.68257e-31 -6.66978e-17  2.82317e-30  3.93532e-16 -2.36206e-29 -1.99053e-15  1.50706e-28  8.69861e-15 -8.06123e-28 -3.30221e-14  3.74923e-27  1.09292e-13 -1.54208e-26  -3.1594e-13  5.65724e-26  7.97873e-13  -1.8591e-25 -1.75745e-12  5.48268e-25  3.36395e-12 -1.45107e-24 -5.55991e-12  3.44077e-24  7.85409e-12 -7.28148e-24 -9.32803e-12  1.36542e-23  9.05703e-12 -2.23903e-23 -6.80944e-12  3.12755e-23  3.45204e-12 -3.49828e-23 -5.15711e-13  2.52674e-23 -8.84975e-13  6.42199e-24  8.10298e-13 -6.39386e-23  -1.8706e-13  1.41228e-22 -1.70217e-13 -2.20758e-22  1.33538e-13  2.78518e-22  2.29502e-15 -2.94508e-22  -3.8605e-14  2.63065e-22  8.37742e-15 -1.96218e-22  8.34045e-15  1.17486e-22 -3.03163e-15 -5.00598e-23 -1.64978e-15  6.93448e-24  6.91442e-16  1.16644e-23    3.304e-16 -1.38705e-23 -1.12585e-16   9.3215e-24 -6.45965e-17 -4.45609e-24  1.10833e-17  1.58856e-24  1.07408e-17 -4.69565e-25  1.15843e-19  1.76769e-25 -1.27593e-18 -1.01746e-25 -2.41238e-19  5.04333e-26  7.95772e-20 -1.31345e-26   3.7026e-20  -1.6235e-27  1.33332e-21  2.66562e-27 -2.27238e-21 -8.16374e-28  -5.4922e-22 -1.32592e-29  5.91201e-24  7.03546e-29  2.55071e-23 -1.23889e-29  4.67042e-24 -1.98715e-30  6.24276e-26  4.98274e-31 -1.07057e-25  1.67892e-31 -1.81792e-26 -4.79782e-32  -9.4073e-28  4.17601e-34  9.20125e-29 -2.38947e-34  1.78888e-29  2.65209e-34  1.10665e-30  -1.3831e-35  1.73483e-32 -2.40141e-36 -1.08992e-33  9.10896e-38 -4.13647e-35  6.44018e-40
 1.90082e-36  -1.8219e-25 -2.10087e-35  1.01736e-23  1.19244e-34 -3.01483e-22 -4.01235e-34  5.96524e-21  2.29027e-33 -8.70976e-20 -1.56253e-32  9.92469e-19  7.52147e-32 -9.14469e-18 -1.68257e-31  6.97991e-17 -9.79248e-31 -4.48965e-16   1.5214e-29  2.46424e-15 -1.18889e-28 -1.16474e-14  7.13371e-28  4.77219e-14 -3.60863e-27 -1.70261e-13  1.59445e-26  5.30414e-13 -6.25357e-26 -1.44439e-12  2.19445e-25  3.43605e-12 -6.91623e-25 -7.12293e-12  1.96078e-24  1.28058e-11 -5.00011e-24 -1.98101e-11  1.14515e-23  2.60401e-11 -2.34775e-23 -2.84946e-11  4.28324e-23  2.50249e-11 -6.88054e-23 -1.63196e-11  9.53915e-23   6.1642e-12 -1.09312e-22  9.36895e-13  9.15493e-23 -3.01619e-12 -2.44041e-23  1.67172e-12 -9.71794e-23  7.24597e-14  2.55916e-22  -5.7926e-13 -4.12151e-22     2.14e-13  5.17568e-22  9.86448e-14 -5.37438e-22 -8.63912e-14  4.68391e-22 -7.97958e-15 -3.39833e-22   2.2768e-14  1.97874e-22  -4.7265e-16 -8.25449e-23  -4.9888e-15  1.24801e-23  1.72006e-16  1.59531e-23  9.63078e-16 -1.86173e-23   2.3816e-17  1.17059e-23 -1.57255e-16 -4.98015e-24 -2.14163e-17  1.41421e-24  1.91024e-17 -2.72548e-25  5.70827e-18  1.10144e-25  -1.2393e-18 -1.06265e-25 -8.27929e-19  6.42902e-26 -4.44217e-20 -1.84908e-26   6.0553e-20 -1.31396e-27  1.57597e-20  3.06107e-27 -6.77243e-22 -8.88018e-28 -1.03066e-21 -5.06011e-29 -1.75642e-22  8.33732e-29  7.98666e-24 -1.08059e-29  7.55363e-24 -3.04744e-30  1.11677e-24   4.4639e-31  1.25635e-26  2.36147e-31 -1.81239e-26 -5.12963e-32 -2.63711e-27 -7.92742e-34 -1.32383e-28 -2.44734e-34  4.99011e-30  2.51687e-34  9.94506e-31 -1.00947e-35  4.74533e-32 -1.63063e-36   6.9492e-34  3.99529e-38 -2.73635e-36
 3.84947e-26  1.28243e-36 -3.79586e-24 -3.58241e-35  1.48175e-22  2.24114e-34 -3.54277e-21 -2.10059e-33  5.99575e-20  1.76146e-32 -7.72908e-19 -1.11484e-31  7.93122e-18  4.81524e-31 -6.66978e-17 -9.79248e-31  4.69088e-16 -5.24179e-30 -2.79979e-15  7.56503e-29  1.43342e-14 -5.53472e-28 -6.34453e-14  3.12913e-27  2.44124e-13 -1.49928e-26 -8.19582e-13  6.30168e-26  2.40545e-12 -2.35942e-25 -6.17385e-12  7.92643e-25  1.38373e-11 -2.39725e-24 -2.69893e-11  6.53474e-24  4.55368e-11  -1.6052e-23  -6.5822e-11   3.5481e-23  8.02623e-11 -7.03686e-23 -8.04456e-11  1.24589e-22  6.30924e-11 -1.95202e-22  -3.4369e-11  2.66336e-22  7.32687e-12 -3.06333e-22  7.11402e-12  2.73734e-22 -7.85453e-12 -1.34727e-22  2.41867e-12 -1.13292e-22  1.34338e-12  4.26036e-22 -1.38655e-12 -7.19422e-22  1.15305e-13  9.02556e-22  3.66115e-13 -9.20806e-22 -1.21416e-13  7.82453e-22  -7.2339e-14 -5.51339e-22  3.93054e-14  3.11212e-22   1.3337e-14 -1.25976e-22 -8.99583e-15  1.90885e-23 -2.69471e-15  2.16061e-23  1.58657e-15 -2.42419e-23  5.79283e-16  1.41646e-23 -1.98133e-16 -5.24478e-24 -1.10114e-16  1.00583e-24   1.0885e-17  3.92987e-26  1.53636e-17  9.39971e-27   1.5172e-18 -1.06863e-25  -1.2591e-18    7.955e-26 -3.86519e-19 -2.45015e-26   2.1771e-20 -9.45286e-28  3.17375e-20  3.45005e-27  5.24414e-21 -9.38855e-28 -6.09959e-22 -9.35668e-29 -3.59925e-22  9.45162e-29 -4.62419e-23 -8.41928e-30  2.89348e-24 -4.06614e-30  1.69192e-24   3.7962e-31  2.10543e-25  2.87683e-31  3.56646e-27 -5.08691e-32 -2.04586e-27  -1.7737e-33 -2.56337e-28 -2.40175e-34 -1.17984e-29  2.13743e-34  4.72554e-32 -6.46502e-36  2.35617e-32 -9.05396e-37  6.23919e-34  1.19826e-38
-2.34904e-36  1.09596e-24   5.2226e-37 -6.17094e-23 -1.04288e-34  1.84464e-21  1.46754e-33  -3.6832e-20 -1.66462e-32  5.42922e-19  1.29562e-31 -6.24855e-18 -7.26558e-31  5.81796e-17  2.82317e-30 -4.48965e-16 -5.24179e-30  2.92129e-15 -2.59051e-29 -1.62293e-14   3.4823e-28  7.76927e-14 -2.39016e-27  -3.2263e-13   1.2754e-26  1.16754e-12 -5.79679e-26 -3.69245e-12  2.32091e-25  1.02176e-11 -8.30566e-25 -2.47271e-11    2.674e-24  5.22155e-11  -7.7661e-24 -9.57808e-11  2.03625e-23  1.51491e-10 -4.81797e-23 -2.04171e-10   1.0273e-22  2.30032e-10 -1.96882e-22 -2.09508e-10  3.37669e-22  1.43963e-10 -5.14403e-22 -6.09174e-11  6.86853e-22 -2.16344e-12 -7.83341e-22  2.48393e-11   7.1902e-22 -1.62274e-11  -4.3539e-22  9.45837e-13 -5.49848e-23  4.90844e-12  6.48132e-22 -2.37998e-12 -1.17662e-21 -6.40537e-13  1.48085e-21  8.59847e-13 -1.48502e-21 -1.74922e-14  1.22958e-21  -2.1613e-13 -8.40453e-22  2.85568e-14  4.58978e-22  4.67998e-14 -1.79284e-22 -7.07165e-15  2.59087e-23 -9.31803e-15   2.8788e-23  8.16745e-16 -3.06055e-23  1.64441e-15  1.65824e-23   5.2246e-17 -5.23178e-24 -2.28727e-16  3.89463e-25 -4.18903e-17  4.44089e-25  2.00855e-17 -1.17984e-25  8.19327e-18 -1.03945e-25 -3.46102e-19  9.55062e-26 -7.74387e-19 -3.08724e-26 -1.33424e-19 -5.44284e-28  2.38838e-20  3.81641e-27  1.26727e-20 -9.69438e-28  1.39279e-21 -1.37007e-28 -2.59145e-22   1.0267e-28 -9.82502e-23 -5.62674e-30 -1.01088e-23 -4.93634e-30   6.0423e-25  3.27051e-31   2.7789e-25  3.13585e-31  2.97293e-26 -4.70238e-32  7.30502e-28 -2.39055e-33 -1.36604e-28 -2.19206e-34 -1.45098e-29  1.61539e-34 -5.32436e-31 -3.56946e-36 -3.79872e-33  -3.8806e-37    9.763e-35
-2.12387e-25 -3.21859e-36  2.11179e-23  2.06997e-35 -8.31567e-22 -8.66931e-34  2.00642e-20  1.30901e-32 -3.42819e-19 -1.27224e-31  4.46361e-18  8.66518e-31 -4.62854e-17 -4.32475e-30  3.93532e-16   1.5214e-29 -2.79979e-15 -2.59051e-29  1.69141e-14 -1.18565e-28 -8.77052e-14   1.4878e-27  3.93435e-13  -9.5967e-27 -1.53543e-12  4.84044e-26  5.23263e-12 -2.09003e-25 -1.56039e-11  7.98302e-25  4.07347e-11 -2.73437e-24 -9.29757e-11  8.44663e-24  1.84952e-10 -2.35788e-23 -3.18848e-10  5.94964e-23  4.72055e-10 -1.35613e-22 -5.91576e-10  2.78838e-22   6.1263e-10 -5.15984e-22 -5.01456e-10  8.56039e-22  2.92739e-10 -1.26508e-21 -8.02197e-11  1.64656e-21 -4.60759e-11  -1.8475e-21  6.44872e-11  1.70622e-21 -2.51616e-11 -1.13432e-21 -8.15098e-12   1.9304e-22   1.2079e-11  8.91654e-22 -2.22599e-12 -1.80655e-21 -2.85361e-12   2.2913e-21  1.36109e-12  -2.2591e-21    4.865e-13  1.82134e-21 -4.10066e-13 -1.20664e-21 -7.61021e-14  6.36917e-22  9.40251e-14 -2.39472e-22  1.50874e-14  3.20818e-23 -1.75775e-14  3.72422e-23   -3.818e-15 -3.73294e-23  2.53489e-15  1.88197e-23  8.82086e-16 -4.98056e-24 -2.26299e-16 -3.60557e-25 -1.47979e-16  9.00212e-25 -2.20534e-19 -2.60581e-25  1.52265e-17 -9.78823e-26  3.03971e-18  1.11272e-25 -6.26272e-19 -3.72924e-26 -3.49587e-19 -1.24062e-28  -3.3409e-20  4.13925e-27  1.21259e-20 -9.82625e-28   3.9974e-21 -1.74514e-28   3.0415e-22  1.06981e-28 -7.31949e-23 -2.95134e-30 -2.07814e-23 -5.56625e-30 -1.80988e-24   3.1031e-31  7.34748e-26  3.11006e-31   3.1527e-26 -4.05564e-32  2.88168e-27 -2.60886e-33  8.29832e-29 -1.84749e-34 -4.21816e-30  1.07448e-34 -3.65408e-31 -1.63967e-36 -7.39688e-33 -1.10994e-37
 1.16111e-36 -5.60631e-24 -6.05288e-36  3.18438e-22  3.65493e-34 -9.60616e-21 -8.64458e-33  1.93649e-19  1.06933e-31  -2.8832e-18 -8.81562e-31  3.35328e-17   5.2761e-30 -3.15671e-16 -2.36206e-29  2.46424e-15  7.56503e-29 -1.62293e-14 -1.18565e-28  9.13166e-14 -5.03787e-28 -4.43042e-13  5.91107e-27  1.86595e-12 -3.58798e-26 -6.85406e-12  1.71297e-25  2.20221e-11  -7.0374e-25 -6.19726e-11  2.56861e-24  1.52699e-10 -8.43504e-24 -3.28754e-10  2.50375e-23   6.1586e-10 -6.72527e-23 -9.96873e-10  1.63423e-22  1.37891e-09 -3.58922e-22 -1.60117e-09  7.11495e-22   1.5136e-09 -1.27041e-21 -1.09562e-09  2.03647e-21  5.13845e-10 -2.91436e-21  -3.3026e-11  3.68678e-21 -1.72168e-10 -4.04803e-21  1.33842e-10  3.71432e-21 -2.06088e-11 -2.57884e-21  -3.4569e-11  8.26388e-22  2.18912e-11  1.08609e-21  2.59429e-12 -2.60869e-21 -7.14731e-12  3.35013e-21   9.5867e-13 -3.24707e-21  1.69237e-12   2.5469e-21 -4.43553e-13 -1.63454e-21 -3.56784e-13  8.34047e-22  1.06602e-13 -3.02066e-22  7.28151e-14  3.72725e-23 -1.66723e-14  4.60353e-23  -1.3911e-14 -4.37208e-23  1.20274e-15  2.06948e-23  2.19924e-15 -4.57623e-24   1.7032e-16 -1.13339e-24 -2.39522e-16  1.35369e-24 -6.25402e-17 -4.05412e-25  1.15687e-17 -8.88652e-26  7.84874e-18  1.25898e-25  7.21137e-19 -4.34376e-26 -3.85908e-19  3.06218e-28 -1.23181e-19  4.39116e-27 -5.58436e-21 -9.81241e-28  4.21145e-21 -1.99492e-28  1.00702e-21  1.06988e-28  5.72325e-23 -9.25285e-31 -1.44111e-23 -5.89394e-30 -3.30209e-24  3.34413e-31 -2.52232e-25  2.83561e-31  3.90896e-27 -3.25063e-32  2.23008e-27 -2.47722e-33  1.66359e-28 -1.44359e-34  4.37182e-30   6.1699e-35 -2.67588e-32 -5.84918e-37 -1.77549e-33
 1.00105e-24 -1.85457e-36 -1.00411e-22 -9.73807e-35  3.99028e-21  4.51996e-33 -9.72055e-20 -7.66189e-32  1.67762e-18  7.78938e-31 -2.20739e-17 -5.53743e-30  2.31429e-16   2.9403e-29 -1.99053e-15 -1.18889e-28  1.43342e-14   3.4823e-28 -8.77052e-14 -5.03787e-28  4.60907e-13 -1.99064e-27 -2.09693e-12  2.18631e-26   8.3062e-12 -1.25003e-25  -2.8756e-11  5.65593e-25  8.71967e-11  -2.2146e-24 -2.31722e-10   7.7398e-24  5.39092e-10 -2.44183e-23 -1.09473e-09  6.97729e-23  1.93023e-09 -1.80587e-22 -2.92995e-09  4.22954e-22  3.77751e-09 -8.95343e-22 -4.04588e-09  1.71085e-21  3.45812e-09 -2.94591e-21 -2.15866e-09  4.55845e-21  7.18464e-10 -6.30814e-21  2.30393e-10  7.73922e-21 -4.52224e-10 -8.28362e-21  2.17666e-10  7.48937e-21  3.32011e-11 -5.28669e-21 -8.90103e-11  2.13082e-21  2.60424e-11  1.11589e-21  1.80881e-11 -3.54947e-21 -1.23904e-11  4.63678e-21  -2.2889e-12 -4.41476e-21  3.52367e-12  3.36529e-21  1.85958e-13 -2.09174e-21 -8.05807e-13  1.03332e-21 -2.78432e-14 -3.62126e-22  1.57754e-13  4.21549e-23  1.43342e-14  5.34545e-23 -2.53382e-14 -4.87707e-23 -5.16665e-15  2.19705e-23  2.88539e-15 -4.12406e-24  1.12868e-15 -1.80277e-24 -1.41191e-16  1.74818e-24 -1.46044e-16 -5.40207e-25 -1.55672e-17 -7.70199e-26  9.08942e-18  1.38485e-25  3.04854e-18 -4.89337e-26  5.13995e-20  7.26583e-28   -1.594e-19  4.53532e-27 -3.48402e-20 -9.65518e-28 -4.50829e-22 -2.06421e-28   1.0733e-21  1.02731e-28  2.01013e-22  4.45619e-32  9.61629e-24 -5.89825e-30 -1.92654e-24  3.85464e-31 -3.71965e-25  2.39542e-31 -2.48674e-26 -2.39688e-32 -1.12094e-28 -2.09581e-33  8.17141e-29 -1.04813e-34  4.38511e-30  2.95893e-35  6.77198e-32 -1.37689e-37
 3.14101e-36  2.46045e-23 -1.62804e-35 -1.41044e-21 -1.66407e-33  4.29591e-20  4.53574e-32 -8.74769e-19  -5.9599e-31  1.31623e-17  5.10048e-30 -1.54782e-16 -3.17166e-29  1.47404e-15  1.50706e-28 -1.16474e-14 -5.53472e-28  7.76927e-14   1.4878e-27 -4.43042e-13 -1.99064e-27  2.18001e-12 -7.32085e-27 -9.31889e-12  7.52887e-26  3.47718e-11 -4.05683e-25 -1.13594e-10  1.74168e-24  3.25367e-10 -6.51273e-24 -8.16979e-10  2.18507e-23  1.79498e-09 -6.64058e-23  -3.4374e-09  1.83087e-22  5.70014e-09 -4.57384e-22 -8.10089e-09  1.03356e-21  9.70501e-09 -2.10964e-21 -9.53018e-09  3.88524e-21  7.26597e-09 -6.44794e-21 -3.74599e-09  9.62277e-21  5.71483e-10 -1.28614e-20  1.00246e-09   1.5277e-20 -9.47194e-10 -1.58953e-20  2.35048e-10  1.40798e-20  2.00345e-10 -9.94191e-21 -1.69474e-10  4.46447e-21  2.02047e-12  8.31699e-22  4.98459e-11 -4.56006e-21 -1.29357e-11  6.08382e-21 -1.08437e-11 -5.68129e-21   4.7054e-12  4.20291e-21  2.16054e-12 -2.53074e-21 -1.12491e-12  1.21418e-21 -4.47688e-13 -4.15504e-22  1.98574e-13  4.85645e-23  9.38359e-14  5.71768e-23 -2.31134e-14 -5.12524e-23 -1.70588e-14  2.23576e-23  6.53667e-16 -3.71933e-24  2.24387e-15 -2.25158e-24  3.33707e-16  2.03507e-24 -1.63259e-16 -6.54937e-25 -6.31603e-17 -6.27407e-26 -3.25849e-20   1.4823e-25  4.42414e-18 -5.33014e-26  9.28953e-19  1.09644e-27 -3.95122e-20  4.52428e-27 -4.91199e-20    -9.32e-28   -8.013e-21 -1.92036e-28  3.04856e-23   9.4808e-29  2.01421e-22 -2.05993e-31  3.08767e-23 -5.60275e-30  1.38288e-24  4.36668e-31  -1.6075e-25  1.88823e-31 -2.69475e-26 -1.59585e-32 -1.49019e-27 -1.58576e-33 -2.01885e-29 -6.98443e-35  1.02224e-30  1.11407e-35  2.32769e-32
-4.06086e-24  3.02544e-35  4.11102e-22   1.9865e-34 -1.64955e-20 -2.06616e-32  4.05921e-19  3.87018e-31 -7.08006e-18 -4.12095e-30  9.41963e-17  3.02781e-29 -9.99112e-16 -1.66581e-28  8.69861e-15  7.13371e-28 -6.34453e-14 -2.39016e-27  3.93435e-13  5.91107e-27 -2.09693e-12 -7.32085e-27  9.68278e-12 -2.50521e-26 -3.89602e-11  2.41097e-25  1.37133e-10 -1.22423e-24 -4.23197e-10  4.99303e-24  1.14588e-09 -1.78768e-23  -2.7198e-09  5.77795e-23  5.64378e-09 -1.69757e-22 -1.01882e-08  4.52975e-22  1.58731e-08 -1.09461e-21  -2.1077e-08  2.38944e-21  2.33711e-08 -4.70468e-21 -2.08718e-08  8.34919e-21  1.39067e-08  -1.3347e-20 -5.42825e-09  1.91946e-20  -7.5313e-10 -2.47528e-20  2.71926e-09  2.84286e-20 -1.59669e-09 -2.86943e-20 -2.09709e-11  2.47999e-20  5.56129e-10 -1.73305e-20 -2.31932e-10  8.19979e-21 -8.95805e-11  8.30877e-23  9.37827e-11 -5.54508e-21  3.78831e-12  7.57532e-21 -2.51998e-11 -6.91951e-21  1.95123e-12  4.95925e-21  5.69959e-12 -2.89579e-21 -5.50843e-13  1.35668e-21  -1.1586e-12 -4.59854e-22  4.22712e-14  5.91109e-23   2.0415e-13  5.47339e-23  1.61254e-14 -4.99206e-23 -2.76212e-14  2.15424e-23 -6.47561e-15 -3.42328e-24  2.20721e-15 -2.39376e-24  1.11768e-15  2.18151e-24  6.63358e-18 -7.42434e-25 -9.51315e-17  -4.7089e-26 -2.04224e-17  1.54449e-25   2.0083e-18   -5.593e-26  1.58936e-18  1.35699e-27  2.27417e-19  4.30459e-27 -2.03228e-20 -8.75061e-28 -1.15916e-20 -1.56183e-28 -1.49661e-21  8.43267e-29  9.49285e-24 -1.53621e-30  2.69422e-23 -5.06991e-30  3.44707e-24  4.60084e-31  1.48507e-25  1.39834e-31 -6.92891e-27 -9.28627e-33 -1.05867e-27 -1.06371e-33 -4.14335e-29 -4.11596e-35  -4.3763e-31  2.83665e-36
-1.20507e-35 -9.32218e-23  2.32895e-34  5.39595e-21  5.70595e-33 -1.66026e-19 -2.03956e-31  3.41687e-18  2.88066e-30 -5.19872e-17 -2.56188e-29  6.18509e-16  1.64096e-28 -5.96263e-15 -8.06123e-28  4.77219e-14  3.12913e-27  -3.2263e-13  -9.5967e-27  1.86595e-12  2.18631e-26 -9.31889e-12 -2.50521e-26  4.04639e-11 -7.96294e-26   -1.535e-10  7.15659e-25  5.10315e-10  -3.4212e-24 -1.48912e-09  1.32731e-23  3.81403e-09 -4.56698e-23 -8.56021e-09  1.42916e-22  1.67753e-08 -4.07967e-22   -2.853e-08  1.05785e-21   4.1705e-08  -2.4794e-21 -5.16053e-08  5.23593e-21  5.26907e-08 -9.94894e-21 -4.23125e-08  1.70088e-20  2.38261e-08 -2.61726e-20 -5.54834e-09   3.6239e-20 -4.83184e-09 -4.50493e-20  5.78691e-09   4.9977e-20 -1.99757e-09 -4.88636e-20 -9.22587e-10  4.10854e-20   1.1153e-09 -2.82011e-20 -1.50758e-10  1.36242e-20 -2.90459e-10 -1.22964e-21  1.19943e-10 -6.40144e-21  5.50597e-11  8.95528e-21 -3.89339e-11 -7.96787e-21 -9.60954e-12  5.52159e-21  9.29376e-12 -3.13416e-21  1.97448e-12  1.44621e-21 -1.76787e-12 -4.94966e-22 -4.76879e-13  7.62536e-23  2.51972e-13  4.41737e-23  1.04697e-13 -4.37665e-23  -2.0411e-14  1.92415e-23 -1.68237e-14 -3.25276e-24  -6.6496e-16 -2.18935e-24   1.6266e-15  2.17546e-24  3.90407e-16 -7.98361e-25 -5.25464e-17 -3.20742e-26 -3.92169e-17  1.56593e-25 -4.98223e-18 -5.61228e-26  1.06915e-18  1.44639e-27  4.43414e-19  3.82966e-27  4.57126e-20 -7.90718e-28 -5.40498e-21 -1.02161e-28 -2.07891e-21  7.27291e-29 -2.21773e-22 -3.52325e-30 -2.79212e-25 -4.38542e-30  2.39665e-24  4.38653e-31  2.53854e-25  9.78113e-32  9.82352e-27 -4.43412e-33 -8.12492e-29 -6.20238e-34 -1.56411e-29  -1.9941e-35 -2.36861e-31
