  0.00998731  4.37311e-18   -0.0178685  1.00136e-17 -0.000305094 -1.31154e-16   0.00345296  1.82505e-16   0.00205988 -9.12532e-17  0.000616695 -2.41632e-18 -1.17793e-05  7.99467e-18 -0.000148055  1.38594e-17  -0.00011665  3.43804e-18 -6.39736e-05 -1.63029e-18 -2.88381e-05 -2.61066e-18 -1.12327e-05 -1.73027e-18 -3.83267e-06 -3.07757e-19   -1.133e-06  1.18976e-19 -2.75613e-07  7.71643e-20 -4.50852e-08   3.3236e-20  2.20259e-09  1.86997e-20  6.05268e-09     7.79e-21  3.36659e-09  1.06339e-21   1.3709e-09  -6.5682e-22  4.68086e-10 -3.35092e-22   1.3911e-10 -3.91846e-23  3.61325e-11 -1.31727e-23  8.01312e-12 -3.98166e-23  1.39757e-12 -3.96217e-23  1.28188e-13 -2.37446e-23 -3.17555e-14 -9.25983e-24 -2.32214e-14 -1.52361e-24 -8.81072e-15  9.92173e-25  -2.6434e-15  1.12553e-24 -6.86167e-16  6.65881e-25 -1.59511e-16  2.84673e-25  -3.3766e-17  8.93349e-26 -6.56802e-18  1.73179e-26  -1.1801e-18 -4.97508e-28  -1.9644e-19 -1.95678e-27 -3.03416e-20 -8.40302e-28 -4.35073e-21 -1.79911e-28 -5.78967e-22  6.73906e-30 -7.14209e-23  2.39801e-29 -8.15152e-24  1.20997e-29 -8.58303e-25  4.10983e-30 -8.30312e-26  1.09623e-30 -7.33627e-27  2.42993e-31 -5.86873e-28  4.68392e-32 -4.19226e-29  8.44565e-33  -2.6101e-30  1.59213e-33 -1.34633e-31  3.36496e-34 -4.96352e-33  7.52292e-35 -3.26968e-35  1.59713e-35  1.48117e-35   3.0038e-36  1.67582e-36  4.84206e-37  1.22863e-37  6.55113e-38  7.09054e-39  7.24626e-39  3.38807e-40   6.2306e-40   1.3617e-41  3.64654e-41  4.61294e-43  6.30082e-43  1.30911e-44 -1.41213e-43  3.06621e-46 -1.86772e-44  5.75859e-48 -1.25349e-45  8.21277e-50  -5.0367e-47  7.99879e-52 -1.09757e-48   4.1599e-54 -8.22371e-51
 4.37311e-18    0.0354438  3.32655e-17   -0.0304887 -3.42037e-17  -0.00965052 -1.79477e-16   0.00294431   2.4528e-16   0.00420586 -1.19345e-16   0.00226202 -2.97981e-17  0.000709796  1.90341e-17   3.1327e-05  3.29441e-17  -0.00013743  1.34934e-17 -0.000121243 -1.23707e-18 -7.21216e-05 -6.24491e-18 -3.55497e-05 -4.16752e-18  -1.5509e-05 -1.12053e-18 -6.18245e-06 -3.99103e-20 -2.29686e-06  8.67031e-20 -8.07067e-07  7.43267e-20 -2.71637e-07  4.77304e-20 -8.85844e-08  1.79198e-20 -2.82673e-08  1.52008e-21 -8.88665e-09 -1.87565e-21  -2.7592e-09 -1.04191e-21 -8.44115e-10 -4.24188e-22 -2.52898e-10 -3.17324e-22 -7.36128e-11 -2.80614e-22 -2.06504e-11 -1.94158e-22 -5.54402e-12 -1.00426e-22  -1.4165e-12 -3.67959e-23 -3.42977e-13 -6.64929e-24 -7.84508e-14  2.65977e-24 -1.69112e-14  3.32128e-24 -3.42904e-15  1.92825e-24 -6.52942e-16  7.84814e-25 -1.16573e-16  2.26676e-25 -1.94818e-17  3.62951e-26 -3.04184e-18 -4.57521e-27 -4.42711e-19 -5.42458e-27  -5.9882e-20 -1.88416e-27 -7.49812e-21 -2.57801e-28 -8.64367e-22  9.55296e-29 -9.09921e-23  8.15521e-29 -8.63459e-24  3.41588e-29 -7.21762e-25  1.05355e-29 -5.06089e-26  2.63006e-30 -2.57899e-27  5.57398e-31 -2.62791e-29  1.05651e-31  1.47907e-29   1.9455e-32  2.44175e-30  3.82371e-33  2.65752e-31  8.17251e-34  2.33628e-32  1.75765e-34  1.75412e-33  3.48685e-35  1.14829e-34  6.06047e-36  6.60154e-36  8.97452e-37  3.33424e-37   1.1059e-37  1.47359e-38  1.09487e-38  5.65786e-40  8.08332e-40  1.86869e-41  3.47739e-41  5.24356e-43 -7.00811e-43  1.23042e-44 -2.69935e-43  2.36155e-46 -2.46267e-44  3.57537e-48 -1.29018e-45  3.98682e-50 -3.93073e-47  2.81991e-52 -5.60648e-49  8.00959e-55
  -0.0178685  3.32655e-17    0.0605163  9.75435e-17   -0.0280876 -1.26009e-16   -0.0204428 -1.20251e-16  -0.00234268  2.06694e-16   0.00417578 -1.35114e-16   0.00377515 -6.43284e-17   0.00192546   3.1074e-17  0.000645652  5.80151e-17  8.24156e-05  3.03288e-17 -7.69549e-05  1.58367e-18 -8.24311e-05 -9.44978e-18 -5.30363e-05 -6.80884e-18 -2.77676e-05 -2.41225e-18 -1.28335e-05 -5.26468e-19 -5.42736e-06 -1.59135e-20 -2.14215e-06  9.40823e-20 -7.98677e-07  7.07685e-20 -2.83433e-07  2.22281e-20 -9.61702e-08 -2.08013e-21 -3.12665e-08 -5.48921e-21 -9.74388e-09 -3.42737e-21   -2.908e-09 -2.07539e-21 -8.29636e-10  -1.4958e-21 -2.25748e-10 -1.04748e-21 -5.84412e-11 -6.17806e-22 -1.43576e-11 -2.90562e-22 -3.33919e-12   -1.016e-22 -7.33416e-13 -1.96713e-23 -1.51763e-13  4.58123e-24 -2.95116e-14   6.6937e-24 -5.37809e-15   3.7961e-24 -9.15463e-16  1.45384e-24 -1.44951e-16  3.77416e-25  -2.1228e-17  4.38006e-26 -2.85157e-18  -1.4622e-26 -3.46682e-19 -9.99811e-27 -3.72284e-20 -2.64623e-27 -3.34764e-21 -3.37061e-29 -2.13414e-22   3.1718e-28 -4.62156e-25  1.79494e-28  2.70722e-24  6.54236e-29  5.67853e-25  1.85347e-29  8.28788e-26  4.35635e-30  1.00013e-26  8.89166e-31  1.05083e-27  1.67387e-31  9.81936e-29  3.16326e-32  8.23823e-30  6.40024e-33  6.22937e-31  1.35648e-33  4.24729e-32  2.77926e-34  2.60617e-33  5.14093e-35  1.43352e-34  8.24956e-36  7.02655e-36  1.11893e-36  3.04445e-37  1.24718e-37  1.15386e-38  1.08839e-38  3.77551e-40  6.60263e-40  1.04968e-41  1.49765e-41   2.4336e-43 -2.05146e-42   4.6042e-45 -2.95647e-43  6.92677e-47 -2.02988e-44  7.98224e-49 -8.24155e-46  6.51615e-51 -1.80554e-47  3.00884e-53 -1.35505e-49
 1.00136e-17   -0.0304887  9.75435e-17    0.0685935  1.59528e-16   -0.0150326 -1.86121e-16   -0.0256089  3.43191e-19  -0.00931966  1.18214e-16   0.00148407  -1.6967e-16   0.00400405 -9.72724e-17   0.00295021  4.32802e-17   0.00147415  8.69201e-17  0.000541815  5.10328e-17   0.00012417  7.07493e-18 -1.15292e-05 -1.05987e-17 -3.43838e-05 -8.78103e-18 -2.56787e-05 -3.85777e-18 -1.42877e-05 -1.23994e-18 -6.80884e-06 -2.32176e-19 -2.91891e-06   6.0025e-20 -1.15202e-06  6.01696e-20 -4.23816e-07  5.91444e-21 -1.46349e-07  -1.6971e-20 -4.76129e-08 -1.57927e-20 -1.46193e-08 -1.03236e-20   -4.238e-09 -6.76146e-21 -1.15925e-09 -4.53677e-21 -2.98824e-10 -2.81841e-21 -7.24534e-11 -1.50515e-21 -1.64822e-11 -6.59489e-22 -3.50631e-12 -2.21383e-22  -6.9443e-13 -4.45079e-23 -1.27232e-13  5.71055e-24 -2.13573e-14  1.06125e-23 -3.23115e-15  5.83578e-24 -4.26763e-16  2.07195e-24 -4.55102e-17  4.65242e-25 -2.85057e-18  2.45894e-26  2.58804e-19 -2.99391e-26   1.3756e-19 -1.37983e-26  3.22595e-20 -2.34704e-27  5.84601e-21  6.58805e-28  9.06823e-22  6.71976e-28  1.24921e-22  3.02158e-28  1.55408e-23  9.84432e-29  1.76064e-24  2.58539e-29  1.82394e-25  5.76017e-30  1.73057e-26  1.14236e-30   1.5037e-27  2.15662e-31  1.19486e-28  4.18285e-32  8.66049e-30  8.58038e-33  5.70452e-31  1.77459e-33   3.3976e-32  3.43806e-34  1.81774e-33  5.91399e-35  8.65962e-35  8.73995e-36  3.63037e-36  1.08048e-36  1.31746e-37  1.07833e-37  4.04017e-39  8.09725e-39  1.00768e-40  3.68092e-40  1.90459e-42 -3.92726e-42  2.27198e-44 -2.41099e-42  2.34801e-47 -2.27529e-43 -5.19488e-48 -1.20662e-44 -1.04076e-49 -3.69642e-46 -9.19092e-52 -5.28013e-48 -2.81749e-54
-0.000305094 -3.42037e-17   -0.0280876  1.59528e-16    0.0617717   1.5882e-16   -0.0018208 -1.52112e-16   -0.0246958  1.10853e-16   -0.0147868  1.98237e-17  -0.00260585  -2.2772e-16   0.00271862 -1.27081e-16   0.00322293  5.54544e-17   0.00213103  1.15526e-16    0.0010707  7.14283e-17  0.000436278  1.47259e-17    0.0001425  -9.1038e-18  3.25586e-05 -9.57657e-18  6.71987e-07 -5.08072e-18 -4.70499e-06  -1.9931e-18 -3.52998e-06 -5.31246e-19 -1.84146e-06 -5.78007e-20 -8.03845e-07 -1.43865e-20 -3.10598e-07   -4.926e-20  -1.0878e-07 -5.40627e-20 -3.49184e-08 -3.97831e-20 -1.03218e-08 -2.60487e-20 -2.81104e-09 -1.68914e-20 -7.03033e-10 -1.06104e-20  -1.6019e-10 -6.06718e-21 -3.27284e-11 -3.00807e-21 -5.79689e-12 -1.24235e-21 -8.14986e-13 -4.00619e-22 -6.05521e-14 -8.15102e-23  1.22545e-14  5.07452e-24   7.3002e-15  1.39749e-23  2.26128e-15  7.37545e-24  5.54168e-16  2.37586e-24  1.17491e-16  4.27934e-25  2.22957e-17 -2.35624e-26  3.84903e-18 -4.53685e-26  6.09783e-19  -1.4425e-26  8.90853e-20 -4.90861e-28  1.20333e-20  1.78464e-27  1.50462e-21  1.08901e-27  1.74177e-22  4.17624e-28  1.86537e-23  1.23723e-28  1.84547e-24  3.03682e-29   1.6828e-25  6.46408e-30  1.40994e-26  1.25809e-30  1.08096e-27  2.40002e-31  7.54196e-29  4.75319e-32  4.75357e-30  9.72883e-33  2.67871e-31  1.93833e-33  1.32889e-32  3.52941e-34   5.6567e-34   5.6275e-35  1.96417e-35  7.62909e-36  4.85117e-37   8.5346e-37  3.19064e-39  7.51174e-38 -4.67434e-40  4.65346e-39 -3.20978e-41  1.20087e-40 -1.29222e-42 -1.23847e-41 -3.72961e-44 -1.90758e-42 -7.89447e-46 -1.33008e-43  -1.1829e-47 -5.43277e-45 -1.14403e-49 -1.19209e-46 -5.69907e-52 -8.91947e-49
-1.31154e-16  -0.00965052 -1.26009e-16   -0.0150326   1.5882e-16    0.0511662   8.5463e-17      0.00682 -4.35928e-17   -0.0207344  1.67551e-16   -0.0177463 -8.40244e-17  -0.00669978  -3.0092e-16  0.000382197 -1.55061e-16   0.00258531  6.54315e-17   0.00231666  1.37836e-16   0.00144529  8.73778e-17  0.000738933   2.2957e-17  0.000327666 -5.73963e-18  0.000129427 -9.33302e-18  4.62098e-05  -5.9142e-18  1.50559e-05 -2.67082e-18  4.51878e-06 -9.08794e-19  1.26885e-06  -2.9412e-19  3.43965e-07 -1.82078e-19  9.52124e-08 -1.62416e-19  2.87575e-08 -1.26187e-19   9.7088e-09 -8.56662e-20  3.50699e-09 -5.52347e-20  1.26898e-09 -3.46776e-20  4.39503e-10  -2.0547e-20  1.42574e-10  -1.0994e-20  4.29818e-11 -5.12188e-21  1.20224e-11 -2.00482e-21  3.12242e-12 -6.19945e-22  7.54091e-13 -1.25303e-22  1.69603e-13  2.36539e-24  3.55683e-14  1.56542e-23   6.9616e-15  7.81961e-24  1.27238e-15   2.2048e-24  2.17212e-16  2.59856e-25  3.46299e-17 -8.49586e-26  5.15358e-18 -5.33989e-26  7.15291e-19  -1.0337e-26  9.24735e-20  2.76056e-27   1.1116e-20  3.08511e-27   1.2395e-21  1.45419e-27  1.27809e-22  4.92957e-28  1.21359e-23  1.34435e-28  1.05513e-24  3.10866e-29  8.33134e-26  6.37904e-30  5.90101e-27  1.23074e-30  3.67221e-28  2.38172e-31  1.92795e-29  4.77105e-32  7.69362e-31  9.59751e-33  1.36797e-32   1.8231e-33 -1.20266e-33  3.10333e-34 -1.65972e-34  4.56836e-35 -1.26363e-35  5.64967e-36 -7.33558e-37  5.66002e-37 -3.47928e-38  4.28967e-38 -1.37347e-39    2.009e-39  -4.5049e-41 -1.14341e-41 -1.20951e-42 -1.18703e-41 -2.58449e-44 -1.14509e-42 -4.19718e-46 -6.11401e-44 -4.79418e-48 -1.87627e-45 -3.31548e-50 -2.67394e-47 -8.93213e-53
  0.00345296 -1.79477e-16   -0.0204428 -1.86121e-16   -0.0018208   8.5463e-17    0.0431227 -7.41292e-19    0.0116046  7.90764e-17   -0.0161126  1.58051e-16    -0.018627 -2.02537e-16   -0.0100345 -3.82235e-16  -0.00238941 -1.83572e-16   0.00119148  6.80338e-17    0.0019194  1.47595e-16   0.00149758  9.53218e-17  0.000901726  2.92322e-17  0.000465577 -2.27695e-18  0.000215706 -8.73504e-18  9.20294e-05 -6.48858e-18  3.67909e-05  -3.3094e-18  1.39587e-05 -1.41121e-18  5.07391e-06 -6.85903e-19  1.77831e-06 -4.65567e-19  6.02946e-07 -3.48953e-19  1.97844e-07 -2.44046e-19   6.2703e-08 -1.59748e-19  1.91277e-08 -1.00735e-19  5.59311e-09  -6.0893e-20   1.5613e-09 -3.42171e-20  4.14546e-10  -1.7277e-20  1.04372e-10 -7.60989e-21   2.4856e-11  -2.8291e-21  5.58783e-12 -8.36814e-22  1.18383e-12 -1.65948e-22  2.36017e-13  -1.9336e-24  4.42191e-14   1.4987e-23  7.77481e-15  6.94523e-24  1.28094e-15  1.59205e-24  1.97406e-16  1.89844e-26  2.83961e-17 -1.33744e-25  3.80226e-18 -4.84727e-26  4.72237e-19 -1.90316e-27  5.41366e-20  6.59005e-27  5.68833e-21   4.1929e-27  5.41944e-22  1.66488e-27  4.59706e-23  5.09615e-28  3.35042e-24    1.292e-28  1.91924e-25  2.83846e-29  5.80518e-27  5.67135e-30 -4.39496e-28  1.09422e-30 -1.02989e-28  2.14613e-31 -1.20994e-29  4.29536e-32   -1.094e-30  8.37859e-33 -8.30287e-32  1.50468e-33 -5.44923e-33   2.3823e-34 -3.12691e-34  3.22179e-35 -1.57242e-35  3.60674e-36 -6.90818e-37   3.1865e-37 -2.63189e-38  1.99461e-38 -8.59069e-40  5.46346e-40 -2.35957e-41 -4.84922e-41 -5.31189e-43 -7.77778e-42 -9.42395e-45 -5.46633e-43 -1.23893e-46 -2.23683e-44 -1.08395e-48 -4.89902e-46 -4.97036e-51 -3.63835e-48
 1.82505e-16   0.00294431 -1.20251e-16   -0.0256089 -1.52112e-16      0.00682 -7.41292e-19    0.0381482 -2.29837e-17    0.0143458  1.78696e-16   -0.0117674  9.17987e-17   -0.0181208 -3.36462e-16   -0.0123722 -4.65818e-16  -0.00510484 -2.14742e-16 -0.000665353  5.75237e-17  0.000998386   1.4076e-16    0.0011675  9.29118e-17  0.000840843  3.09843e-17   0.00049032 -5.77925e-19  0.000250378 -8.59022e-18  0.000116017 -7.09261e-18  4.97536e-05   -4.039e-18   1.9985e-05 -2.09929e-18  7.57485e-06 -1.25321e-18  2.72101e-06 -8.71535e-19  9.28401e-07 -6.13768e-19  3.01089e-07 -4.10892e-19  9.27828e-08 -2.62774e-19  2.71418e-08 -1.61463e-19  7.52724e-09  -9.3834e-20  1.97615e-09 -5.01709e-20  4.90365e-10  -2.4013e-20  1.14832e-10 -1.00293e-20  2.53375e-11 -3.54271e-21  5.25896e-12 -9.99924e-22   1.0249e-12 -1.93155e-22   1.8715e-13 -6.89489e-24  3.19379e-14  1.20499e-23   5.0768e-15  5.00518e-24  7.48309e-16   7.4573e-25  1.01614e-16 -2.04961e-25  1.25843e-17 -1.48554e-25  1.39717e-18  -3.0385e-26  1.34456e-19  8.63322e-27  1.03127e-20  9.90363e-27  4.39546e-22  4.80521e-27 -3.73222e-23  1.67504e-27 -1.27528e-23  4.69683e-28 -2.09186e-24  1.11693e-28 -2.65851e-25  2.35295e-29 -2.87513e-26  4.62456e-30 -2.73641e-27  8.97433e-31 -2.32549e-28  1.77388e-31 -1.77573e-29  3.50026e-32 -1.22061e-30  6.54485e-33 -7.54581e-32  1.10327e-33 -4.18243e-33  1.61616e-34 -2.06822e-34  1.99534e-35  -9.0619e-36  2.00026e-36 -3.48581e-37  1.52113e-37 -1.16292e-38  7.21179e-39 -3.30974e-40 -2.59437e-41 -7.85382e-42 -4.06165e-41 -1.50334e-43 -3.95575e-42 -2.20776e-45  -2.1156e-43 -2.29076e-47 -6.48111e-45 -1.43366e-49 -9.18232e-47 -3.42725e-52
  0.00205988   2.4528e-16  -0.00234268  3.43191e-19   -0.0246958 -4.35928e-17    0.0116046 -2.29837e-17    0.0350385  5.83526e-17    0.0161452  2.54915e-16    -0.007874 -6.79363e-18   -0.0167345 -4.71587e-16   -0.0137171 -5.41986e-16  -0.00743332 -2.47986e-16  -0.00266377  3.20501e-17  -0.00027095  1.17696e-16  0.000507419  8.00868e-17  0.000548172  2.70175e-17  0.000377805 -1.57378e-18  0.000212761 -9.31504e-18  0.000105159 -7.92179e-18  4.70823e-05 -4.94986e-18  1.94172e-05 -2.98631e-18  7.44763e-06 -1.97746e-18  2.67188e-06 -1.38204e-18  8.99501e-07 -9.45444e-19  2.84648e-07 -6.18346e-19  8.47265e-08 -3.87445e-19  2.37187e-08 -2.31326e-19  6.24073e-09 -1.29145e-19  1.54155e-09 -6.58187e-20  3.56896e-10 -2.99279e-20  7.72703e-11 -1.18661e-20  1.55965e-11 -3.98063e-21  2.92202e-12 -1.07009e-21  5.04834e-13 -2.00873e-22  7.95991e-14 -1.16013e-23  1.12471e-14  7.61121e-24  1.37222e-15  2.59523e-24   1.3111e-16  -6.0047e-26   6.0053e-18 -3.37453e-25 -1.16613e-18 -1.23691e-25 -4.34615e-19 -4.45627e-27 -9.07969e-20  1.82328e-26 -1.51247e-20  1.18327e-26 -2.17784e-21  4.80694e-27  -2.7961e-22  1.50632e-27 -3.24749e-23  3.91214e-28 -3.43685e-24  8.80467e-29 -3.32577e-25  1.79643e-29 -2.94611e-26  3.50541e-30 -2.38811e-27   6.8524e-31 -1.76845e-28  1.35223e-31 -1.19312e-29  2.59669e-32 -7.30621e-31  4.60918e-33 -4.04116e-32  7.24623e-34 -2.00669e-33  9.76373e-35 -8.87844e-35  1.09138e-35 -3.46732e-36  9.64278e-37 -1.18111e-37  6.04958e-38 -3.45556e-39  1.68337e-39 -8.50398e-41 -1.42878e-40 -1.70923e-42 -2.31845e-41 -2.68489e-44 -1.63074e-42  -3.0708e-46 -6.65959e-44 -2.25048e-48 -1.45116e-45 -7.90449e-51 -1.06518e-47
-9.12532e-17   0.00420586  2.06694e-16  -0.00931966  1.10853e-16   -0.0207344  7.90764e-17    0.0143458  5.83526e-17    0.0329451  2.35141e-16    0.0174971  3.22711e-16  -0.00437433  -1.0652e-16   -0.0147661 -5.83553e-16    -0.014142 -5.96452e-16  -0.00915911 -2.77853e-16  -0.00450187 -3.42559e-18  -0.00164975   8.3953e-17 -0.000341876  5.99063e-17  9.08169e-05  1.84934e-17  0.000154725 -4.69856e-18  0.000111817 -1.06541e-17   6.2033e-05 -8.90823e-18  2.94635e-05 -5.99843e-18  1.24796e-05 -4.00588e-18   4.8065e-06 -2.79613e-18   1.7008e-06 -1.95358e-18  5.55999e-07 -1.31501e-18   1.6835e-07 -8.45611e-19  4.72328e-08 -5.18549e-19  1.22598e-08 -3.00041e-19  2.93262e-09 -1.60775e-19  6.41827e-10 -7.81533e-20  1.26833e-10 -3.37875e-20  2.20482e-11  -1.2718e-20  3.17039e-12 -4.04842e-21  3.04032e-13 -1.03564e-21 -1.08921e-14 -1.89437e-22 -1.52378e-14 -1.53846e-23  -4.9982e-15  2.81346e-24 -1.21257e-15  3.80698e-25 -2.49355e-16 -6.10772e-25 -4.54951e-17 -3.51197e-25 -7.51733e-18 -7.02698e-26 -1.13697e-18  2.13449e-26  -1.5834e-19  2.44474e-26 -2.03706e-20  1.20611e-26 -2.42491e-21  4.28529e-27 -2.67226e-22  1.22621e-27 -2.72515e-23  2.97825e-28 -2.56897e-24  6.40378e-29 -2.23474e-25  1.27849e-29 -1.78961e-26  2.49367e-30 -1.31529e-27  4.89467e-31  -8.8381e-29    9.532e-32 -5.40434e-30  1.76045e-32 -2.99015e-31   2.9418e-33 -1.48656e-32  4.28623e-34 -6.58389e-34  5.27518e-35 -2.57003e-35  5.27816e-36 -8.72164e-37  4.00859e-37 -2.52681e-38  1.89795e-38 -6.09242e-40 -6.93498e-41 -1.17589e-41 -1.06789e-40 -1.69808e-43 -1.03775e-41  -1.5796e-45  -5.5333e-43  -4.8753e-48  -1.6868e-44  6.63164e-50 -2.36779e-46  5.11057e-52
 0.000616695 -1.19345e-16   0.00417578  1.18214e-16   -0.0147868  1.67551e-16   -0.0161126  1.78696e-16    0.0161452  2.35141e-16    0.0314873   4.7051e-16    0.0186395   3.9308e-16  -0.00115983 -1.78668e-16   -0.0123701 -6.47203e-16   -0.0137164 -6.14151e-16   -0.0101375 -2.94331e-16  -0.00591752 -3.78942e-17  -0.00288268  4.90078e-17  -0.00119193  3.81987e-17 -0.000413864  8.74871e-18 -0.000113838 -8.14043e-18 -1.92369e-05 -1.18209e-17  2.56338e-06 -9.75612e-18   4.1542e-06 -7.02371e-18   2.3286e-06  -5.0336e-18  9.60778e-07 -3.61908e-18  3.23779e-07 -2.52531e-18    9.021e-08 -1.68029e-18  1.96647e-08 -1.06282e-18   2.5036e-09 -6.36069e-19 -4.02945e-10 -3.55726e-19 -4.35805e-10 -1.82746e-19 -1.98789e-10 -8.47174e-20 -6.96319e-11 -3.48201e-20 -2.08662e-11 -1.24365e-20 -5.56802e-12 -3.75363e-21 -1.34898e-12 -9.14258e-22 -2.99964e-13  -1.6435e-22 -6.16236e-14 -1.78235e-23 -1.17451e-14 -1.25136e-24 -2.08241e-15 -1.16193e-24 -3.44037e-16  -8.2519e-25 -5.30137e-17 -2.68462e-25  -7.6222e-18 -8.46926e-27 -1.02244e-18  4.01946e-26 -1.27891e-19  2.63029e-26 -1.49033e-20  1.08392e-26 -1.61581e-21  3.45285e-27 -1.62708e-22  9.12906e-28 -1.51838e-23  2.09297e-28 -1.30952e-24  4.34288e-29 -1.04028e-25  8.56486e-30 -7.58046e-27  1.67471e-30 -5.04108e-28  3.27652e-31 -3.03975e-29  6.22055e-32 -1.64832e-30  1.09355e-32  -7.9494e-32  1.70759e-33 -3.35722e-33   2.2905e-34 -1.21253e-34  2.55203e-35  -3.5933e-36  2.24806e-36 -7.96618e-38  1.40407e-37 -9.21236e-40  3.83527e-39  1.75958e-41 -3.40409e-40  1.33104e-42 -5.43941e-41  4.05595e-44 -3.80466e-42  7.78215e-46 -1.54526e-43  9.39087e-48 -3.34016e-45  5.87646e-50 -2.41281e-47
-2.41632e-18   0.00226202 -1.35114e-16   0.00148407  1.98237e-17   -0.0177463  1.58051e-16   -0.0117674  2.54915e-16    0.0174971   4.7051e-16    0.0304994  7.19898e-16    0.0197171  4.67877e-16   0.00188584 -2.03665e-16  -0.00961184 -6.45301e-16   -0.0124906 -5.84057e-16   -0.0102752 -2.85914e-16  -0.00670679 -5.82288e-17  -0.00374384  2.33359e-17  -0.00185646  2.17891e-17 -0.000838004   1.9191e-18 -0.000350955 -9.78153e-18  -0.00013868 -1.19695e-17 -5.25201e-05 -1.01446e-17 -1.93233e-05 -7.84731e-18 -6.97188e-06 -5.94079e-18 -2.47471e-06 -4.35448e-18 -8.61484e-07  -3.0318e-18 -2.91928e-07 -1.99407e-18  -9.5436e-08 -1.23758e-18 -2.98523e-08 -7.20301e-19 -8.87684e-09 -3.88325e-19 -2.49784e-09 -1.90996e-19 -6.63108e-10 -8.43836e-20 -1.65768e-10 -3.29529e-20 -3.89778e-11 -1.11591e-20 -8.61467e-12 -3.19248e-21 -1.78884e-12 -7.42317e-22 -3.48873e-13 -1.33075e-22 -6.38813e-14 -1.86801e-23 -1.09777e-14 -3.88658e-24 -1.76947e-15 -1.87146e-24 -2.67339e-16 -7.52697e-25 -3.78245e-17 -1.39663e-25  -5.0058e-18  4.28739e-26 -6.18777e-19  4.88884e-26 -7.13135e-20  2.43335e-26 -7.64573e-21  8.75394e-27 -7.60449e-22  2.54142e-27  -6.9922e-23  6.27147e-28 -5.91728e-24  1.37032e-28 -4.58215e-25  2.77229e-29 -3.22119e-26  5.44036e-30 -2.03237e-27  1.06465e-30 -1.13046e-28  2.05521e-31 -5.36876e-30  3.75965e-32 -2.02755e-31  6.23445e-33 -4.75189e-33  9.03289e-34  6.62085e-35  1.10697e-34  1.56813e-35   1.1032e-35  1.09219e-36  8.33382e-37  5.30541e-38  3.89467e-38  2.00336e-39 -2.16679e-40  6.01144e-41 -2.27991e-40  1.42003e-42 -2.18827e-41  2.55493e-44  -1.1585e-42  3.27689e-46  -3.5042e-44  2.60519e-48 -4.85757e-46  8.32387e-51
-1.17793e-05 -2.97981e-17   0.00377515  -1.6967e-16  -0.00260585 -8.40244e-17    -0.018627  9.17987e-17    -0.007874  3.22711e-16    0.0186395  7.19898e-16    0.0299055  9.43831e-16    0.0208377  5.43051e-16    0.0048752 -1.73649e-16  -0.00650879 -5.73143e-16   -0.0105089 -5.02287e-16  -0.00953636 -2.43957e-16   -0.0067493 -5.40788e-17  -0.00408112  1.49662e-17  -0.00220003  1.60109e-17  -0.00108408  1.09218e-18 -0.000496422  -8.2816e-18 -0.000213681 -1.06903e-17 -8.71286e-05 -9.94068e-18 -3.38145e-05 -8.37163e-18 -1.25196e-05 -6.63866e-18 -4.42382e-06 -4.92848e-18 -1.49052e-06 -3.41465e-18 -4.78088e-07  -2.2136e-18 -1.45706e-07 -1.34271e-18 -4.21142e-08 -7.57181e-19 -1.15248e-08  -3.9249e-19 -2.98171e-09 -1.84543e-19 -7.28466e-10 -7.76248e-20 -1.67893e-10 -2.87754e-20 -3.64724e-11 -9.23235e-21 -7.46209e-12 -2.50481e-21 -1.43676e-12 -5.59063e-22 -2.60122e-13 -1.01977e-22 -4.42422e-14 -1.79124e-23 -7.06134e-15 -4.93105e-24 -1.05623e-15  -1.8722e-24 -1.47822e-16 -5.16546e-25 -1.93178e-17 -1.55361e-26 -2.35122e-18  7.32816e-26 -2.65643e-19  4.80906e-26 -2.77362e-20  1.99805e-26 -2.65994e-21  6.43545e-27  -2.3221e-22  1.72372e-27 -1.81939e-23  4.00839e-28 -1.24773e-24  8.43188e-29 -7.10018e-26  1.67918e-29 -2.85252e-27  3.29113e-30  -9.3093e-30   6.4078e-31  1.25963e-29   1.2066e-31   1.5815e-30  2.10437e-32  1.33569e-31  3.26507e-33  9.04823e-33   4.3574e-34  5.15838e-34  4.83239e-35  2.51288e-35  4.23292e-36  1.04758e-36  2.61626e-37  3.71207e-38  6.78993e-39  1.10262e-39 -6.81698e-40  2.68557e-41  -1.0498e-40  5.18468e-43  -7.2628e-42  7.51211e-45  -2.9248e-43  7.40124e-47 -6.25385e-45  3.94575e-49 -4.42613e-47
 7.99467e-18  0.000709796 -6.43284e-17   0.00400405  -2.2772e-16  -0.00669978 -2.02537e-16   -0.0181208 -6.79363e-18  -0.00437433   3.9308e-16    0.0197171  9.43831e-16    0.0296777  1.11458e-15    0.0220892    6.136e-16   0.00790483 -9.14841e-17  -0.00307147 -4.38136e-16  -0.00784067 -3.72893e-16  -0.00796498 -1.66255e-16  -0.00603533 -2.15331e-17   -0.0038502  2.68603e-17  -0.00217226  2.26843e-17  -0.00111259  6.96794e-18 -0.000525505 -3.70835e-18 -0.000231193 -8.23397e-18 -9.53451e-05 -9.27608e-18 -3.70049e-05 -8.60836e-18 -1.35469e-05 -7.08834e-18 -4.68306e-06 -5.29171e-18 -1.52928e-06  -3.6307e-18  -4.7171e-07 -2.30913e-18 -1.37385e-07 -1.36278e-18 -3.77632e-08 -7.41916e-19 -9.79073e-09 -3.68865e-19 -2.39284e-09 -1.65532e-19 -5.50904e-10 -6.62119e-20 -1.19395e-10 -2.32762e-20 -2.43374e-11  -7.0727e-21 -4.66132e-12 -1.82313e-21  -8.3783e-13 -3.94158e-22 -1.41105e-13 -7.48238e-23 -2.22232e-14  -1.5735e-23 -3.26445e-15 -4.67884e-24 -4.45666e-16 -1.44405e-24 -5.62651e-17 -2.45433e-25 -6.52079e-18  7.18139e-26 -6.85697e-19  8.19052e-26 -6.41019e-20  4.09142e-26 -5.10898e-21  1.48285e-26 -3.09714e-22  4.34809e-27 -7.23782e-24  1.08573e-27  1.54873e-24  2.40256e-28  3.28894e-25  4.91576e-29  4.23235e-26   9.7094e-30  4.35014e-27  1.89929e-30  3.82423e-28  3.64572e-31  2.94959e-29   6.6204e-32  2.01648e-30  1.09043e-32  1.22555e-31  1.57091e-33  6.61257e-33   1.9152e-34  3.15271e-34  1.89769e-35  1.31806e-35   1.4208e-36  4.77924e-37  6.48096e-38  1.48047e-38 -6.02904e-40  3.83738e-40 -4.08958e-40  8.08112e-42 -3.84566e-41  1.32278e-43 -2.01448e-42  1.56413e-45 -6.03029e-44  1.15646e-47 -8.22827e-46  3.45684e-50
-0.000148055  1.90341e-17   0.00192546 -9.72724e-17   0.00271862  -3.0092e-16   -0.0100345 -3.36462e-16   -0.0167345  -1.0652e-16  -0.00115983  4.67877e-16    0.0208377  1.11458e-15    0.0298159   1.2197e-15    0.0235385  6.77199e-16    0.0110337   3.2651e-17  0.000653499 -2.55994e-16  -0.00461844 -2.06944e-16   -0.0057086 -5.84827e-17  -0.00468046  3.56404e-17  -0.00312537  5.60646e-17  -0.00181607  3.95003e-17 -0.000947415  1.76655e-17 -0.000451551  2.57119e-18 -0.000198729 -5.36041e-18 -8.13108e-05 -8.45447e-18 -3.10648e-05 -8.63321e-18 -1.11133e-05 -7.28302e-18 -3.72936e-06 -5.41755e-18 -1.17517e-06 -3.65746e-18 -3.47913e-07 -2.26994e-18  -9.6788e-08 -1.29762e-18 -2.52983e-08 -6.79734e-19  -6.2102e-09 -3.23405e-19 -1.43074e-09 -1.38296e-19 -3.09038e-10 -5.25374e-20 -6.24923e-11 -1.74993e-20 -1.18064e-11 -5.03719e-21 -2.07795e-12 -1.23835e-21 -3.39282e-13 -2.62734e-22 -5.10697e-14 -5.29235e-23 -7.01577e-15 -1.26199e-23 -8.64297e-16 -3.66056e-24 -9.21696e-17 -8.77793e-25 -7.77051e-18 -2.73672e-26 -3.39737e-19  1.13529e-25  4.37207e-20  7.44568e-26  1.52032e-20  3.10458e-26  2.77825e-21  1.00679e-26  3.99898e-22  2.72154e-27  4.94365e-23  6.39779e-28  5.42035e-24  1.36095e-28  5.34772e-25   2.7345e-29  4.77979e-26  5.37894e-30  3.88071e-27  1.04488e-30  2.86243e-28  1.95615e-31  1.91485e-29  3.38932e-32  1.15794e-30  5.22708e-33  6.29945e-32  6.93722e-34  3.06335e-33  7.64839e-35  1.32052e-34  6.64617e-36  4.99201e-36  4.04201e-37  1.63202e-37  9.60188e-39  4.52972e-39 -1.17324e-39  1.04074e-40 -1.71598e-40  1.90876e-42 -1.16913e-41  2.64073e-44 -4.65609e-43  2.49289e-46 -9.82217e-45  1.27623e-48 -6.77843e-47
 1.38594e-17   3.1327e-05   3.1074e-17   0.00295021 -1.27081e-16  0.000382197 -3.82235e-16   -0.0123722 -4.71587e-16   -0.0147661 -1.78668e-16   0.00188584  5.43051e-16    0.0220892   1.2197e-15    0.0303262   1.2627e-15    0.0252126  7.35565e-16    0.0142524  1.85362e-16   0.00454283 -4.63169e-17  -0.00106627  -2.0679e-17  -0.00302363  6.67628e-17  -0.00291298   1.0724e-16  -0.00207901  9.48479e-17  -0.00124696  6.10274e-17 -0.000658973  2.96583e-17 -0.000314122  8.58988e-18  -0.00013689 -2.94515e-18   -5.499e-05 -7.77233e-18 -2.04704e-05 -8.51491e-18  -7.0857e-06 -7.22572e-18 -2.28547e-06 -5.30006e-18 -6.87723e-07 -3.49645e-18  -1.9314e-07 -2.10631e-18 -5.06064e-08 -1.16153e-18 -1.23576e-08 -5.83716e-19 -2.80641e-09 -2.65211e-19 -5.90691e-10   -1.079e-19 -1.14585e-10 -3.88837e-20 -2.02953e-11 -1.22649e-20 -3.22764e-12 -3.34883e-21 -4.45408e-13 -7.90228e-22 -4.88388e-14 -1.67223e-22 -2.84426e-15 -3.60778e-23   4.3974e-16 -9.18168e-24   2.0526e-16 -2.40838e-24  4.95202e-17 -3.79388e-25  9.43535e-18    1.031e-25  1.55278e-18  1.17761e-25  2.28298e-19  5.87953e-26  3.04671e-20  2.13835e-26  3.72111e-21  6.31041e-27  4.17733e-22  1.58937e-27  4.31907e-23  3.55248e-28  4.11492e-24  7.33936e-29  3.61029e-25  1.45919e-29  2.91244e-26  2.85804e-30  2.15509e-27  5.46738e-31  1.45801e-28  9.87237e-32  8.98129e-30  1.61632e-32  5.01131e-31  2.31514e-33  2.51659e-32  2.80582e-34  1.12842e-33   2.7597e-35  4.47306e-35  2.04076e-36  1.54793e-36  8.98042e-38  4.60075e-38 -1.35468e-39  1.14919e-39 -6.30501e-40  2.34031e-41 -5.77476e-41  3.71461e-43 -2.98459e-42  4.26739e-45 -8.82105e-44  3.06916e-47 -1.18083e-45  8.93103e-50
 -0.00011665  3.29441e-17  0.000645652  4.32802e-17   0.00322293 -1.55061e-16  -0.00238941 -4.65818e-16   -0.0137171 -5.83553e-16   -0.0123701 -2.03665e-16    0.0048752    6.136e-16    0.0235385   1.2627e-15    0.0311918  1.26005e-15    0.0270693  7.93491e-16    0.0174527  3.52925e-16   0.00837371  1.70516e-16   0.00250061  1.66756e-16 -0.000247867  1.92755e-16  -0.00102871  1.79648e-16 -0.000933118  1.33294e-16 -0.000611855  8.07957e-17 -0.000334562  3.92694e-17 -0.000160311  1.26426e-17 -6.89007e-05 -1.58772e-18 -2.68962e-05 -7.37347e-18  -9.6028e-06 -8.27126e-18 -3.14695e-06 -6.92129e-18 -9.47489e-07 -4.95522e-18 -2.61669e-07 -3.17346e-18  -6.5966e-08 -1.84672e-18 -1.50286e-08 -9.78896e-19 -3.03181e-09 -4.70718e-19 -5.17101e-10 -2.03847e-19 -6.47684e-11 -7.87881e-20 -1.64063e-12 -2.69065e-20  2.34332e-12 -8.03737e-21  9.97919e-13 -2.08763e-21   2.8658e-13 -4.77331e-22  6.82482e-14 -1.02461e-22  1.43122e-14 -2.35271e-23  2.71169e-15 -5.99536e-24  4.70325e-16 -1.29962e-24  7.52309e-17 -4.21912e-26  1.11461e-17  1.52688e-25  1.53344e-18  9.97002e-26  1.96158e-19  4.15648e-26  2.33419e-20  1.35258e-26  2.58326e-21  3.67889e-27  2.65682e-22  8.71987e-28  2.53604e-23  1.87214e-28  2.24271e-24  3.79238e-29  1.83322e-25  7.49264e-30  1.38115e-26  1.45475e-30  9.55754e-28  2.71252e-31  6.04951e-29  4.67414e-32   3.4848e-30  7.16721e-33  1.81588e-31  9.45565e-34  8.49657e-33  1.03526e-34  3.53762e-34  8.90421e-36  1.29591e-35  5.29773e-37  4.11699e-37  1.09518e-38   1.1131e-38 -1.75983e-39  2.49634e-40 -2.42472e-40  4.47661e-42 -1.62159e-41  6.06347e-44 -6.37214e-43  5.60886e-46 -1.32279e-44  2.81507e-48  -8.8539e-47
 3.43804e-18  -0.00013743  5.80151e-17   0.00147415  5.54544e-17   0.00258531 -1.83572e-16  -0.00510484 -5.41986e-16    -0.014142 -6.47203e-16  -0.00961184 -1.73649e-16   0.00790483  6.77199e-16    0.0252126  1.26005e-15    0.0323365  1.23484e-15    0.0289679  8.56014e-16    0.0204155  5.22036e-16    0.0118351  3.74866e-16   0.00571486  3.35868e-16   0.00226037  3.02352e-16  0.000676715  2.39536e-16   0.00010106  1.62343e-16 -4.39098e-05   9.3504e-17 -4.91874e-05  4.39905e-17 -2.82045e-05  1.38866e-17 -1.22929e-05  -1.4154e-18 -4.37172e-06 -7.21096e-18 -1.26236e-06 -7.87329e-18 -2.68987e-07 -6.38412e-18 -2.13013e-08 -4.42261e-18  1.64165e-08  -2.7343e-18  1.19217e-08 -1.53081e-18  5.30882e-09 -7.77632e-19  1.91247e-09 -3.57004e-19  5.99668e-10 -1.47101e-19  1.68785e-10 -5.39422e-20  4.33348e-11 -1.74459e-20  1.02456e-11 -4.94005e-21  2.24411e-12 -1.22668e-21  4.57195e-13 -2.75139e-22   8.6873e-14 -6.06805e-23  1.54237e-14 -1.44786e-23  2.56169e-15 -3.44434e-24  3.98284e-16 -5.10309e-25   5.7983e-17  1.30183e-25  7.90336e-18  1.47973e-25  1.00819e-18  7.35654e-26  1.20276e-19  2.67623e-26  1.34053e-20  7.92585e-27  1.39395e-21  2.00847e-27   1.3501e-22  4.52513e-28  1.21551e-23   9.4281e-29  1.01477e-24  1.88675e-29  7.83344e-26  3.70449e-30  5.57235e-27  7.07388e-31  3.63821e-28  1.27172e-31  2.16992e-29  2.07082e-32  1.17557e-30  2.94884e-33   5.7459e-32  3.55014e-34  2.51297e-33  3.46076e-35   9.7345e-35  2.51904e-36  3.29748e-36  1.05521e-37  9.60807e-38 -2.46973e-39   2.3559e-39 -8.49087e-40  4.71517e-41 -7.54522e-41  7.36212e-43 -3.83876e-42  8.32565e-45 -1.11776e-43  5.89661e-47 -1.46284e-45  1.69006e-49
-6.39736e-05  1.34934e-17  8.24156e-05  8.69201e-17   0.00213103  6.54315e-17   0.00119148 -2.14742e-16  -0.00743332 -5.96452e-16   -0.0137164 -6.45301e-16  -0.00650879 -9.14841e-17    0.0110337  7.35565e-16    0.0270693  1.23484e-15    0.0335933  1.20903e-15     0.030661  9.24824e-16    0.0228345   6.7913e-16    0.0145804  5.48749e-16   0.00822922  4.69609e-16    0.0041994  3.81668e-16   0.00197613  2.77143e-16  0.000874017  1.76203e-16   0.00037014  9.64802e-17  0.000152513  4.31134e-17  6.17572e-05  1.24732e-17  2.46152e-05 -2.13126e-18  9.59956e-06 -7.11164e-18  3.62641e-06 -7.28269e-18   1.3135e-06 -5.65042e-18  4.52398e-07 -3.76268e-18  1.47325e-07 -2.23581e-18  4.52049e-08 -1.20028e-18  1.30447e-08  -5.8285e-19   3.5372e-09 -2.54963e-19  9.01105e-10 -9.98037e-20  2.15693e-10 -3.46857e-20  4.85242e-11 -1.06229e-20  1.02631e-11 -2.85801e-21  2.04128e-12 -6.83546e-22  3.81862e-13 -1.52473e-22  6.71907e-14 -3.46541e-23  1.11191e-14 -8.24833e-24  1.73015e-15 -1.66602e-24  2.53026e-16 -5.34388e-26  3.47586e-17  1.81339e-25  4.48158e-18  1.17318e-25   5.4181e-19  4.87448e-26  6.13455e-20  1.58739e-26  6.49543e-21  4.33385e-27   6.4206e-22   1.0336e-27  5.91299e-23  2.23638e-28  5.06143e-24  4.56448e-29  4.01583e-25  9.06214e-30  2.94382e-26  1.76082e-30   1.9863e-27   3.2742e-31  1.22815e-28  5.61568e-32  6.92237e-30   8.5632e-33  3.53465e-31  1.12259e-33  1.62278e-32  1.21925e-34  6.63753e-34  1.03567e-35  2.39126e-35   5.9906e-37  7.47864e-37  9.93552e-39  1.99236e-38 -2.32401e-39  4.40647e-40 -3.00703e-40  7.79822e-42 -1.96931e-41  1.04297e-43 -7.62082e-43  9.53006e-46 -1.55281e-44  4.72467e-48  -1.0018e-46
-1.63029e-18 -0.000121243  3.03288e-17  0.000541815  1.15526e-16   0.00231666  6.80338e-17 -0.000665353 -2.47986e-16  -0.00915911 -6.14151e-16   -0.0124906 -5.73143e-16  -0.00307147   3.2651e-17    0.0142524  7.93491e-16    0.0289679  1.20903e-15    0.0346941   1.1966e-15    0.0318223  9.95525e-16    0.0243801  8.09959e-16    0.0163103  6.77206e-16   0.00979811  5.56094e-16   0.00539038  4.22803e-16   0.00275563  2.88236e-16   0.00132314  1.73422e-16  0.000601159  8.99897e-17  0.000259586  3.75768e-17  0.000106731  9.27247e-18  4.17837e-05 -3.22308e-18  1.55565e-05 -6.88464e-18  5.49881e-06 -6.49127e-18  1.84212e-06 -4.78256e-18  5.83981e-07 -3.04745e-18  1.74984e-07 -1.73456e-18  4.95163e-08 -8.90556e-19  1.32254e-08 -4.12508e-19  3.33295e-09 -1.71643e-19  7.92366e-10 -6.37441e-20  1.77685e-10 -2.09811e-20  3.75812e-11 -6.08947e-21  7.49622e-12 -1.56301e-21  1.40996e-12 -3.63663e-22  2.50017e-13   -8.163e-23  4.17831e-14 -1.88963e-23   6.5784e-15 -4.22917e-24  9.75198e-16 -5.94546e-25  1.36026e-16  1.47665e-25  1.78376e-17  1.64812e-25  2.19685e-18  8.12899e-26  2.53796e-19   2.9501e-26  2.74642e-20  8.74789e-27  2.77923e-21  2.22592e-27  2.62488e-22  5.04711e-28  2.30858e-23  1.05946e-28  1.88578e-24  2.13392e-29  1.42637e-25  4.20332e-30  9.95479e-27  8.02122e-31   6.3841e-28  1.43703e-31  3.74395e-29  2.32833e-32  1.99632e-30  3.29576e-33  9.61203e-32  3.93877e-34  4.14452e-33  3.79973e-35  1.58402e-34  2.71264e-36  5.29782e-36  1.06401e-37  1.52513e-37 -3.74444e-39  3.69699e-39 -1.01098e-39  7.31896e-41 -8.69689e-41  1.13088e-42 -4.34778e-42  1.26603e-44 -1.24471e-43  8.87834e-47 -1.58649e-45  2.51734e-49
-2.88381e-05 -1.23707e-18 -7.69549e-05  5.10328e-17    0.0010707  1.37836e-16    0.0019194  5.75237e-17  -0.00266377 -2.77853e-16   -0.0101375 -5.84057e-16   -0.0105089 -4.38136e-16  0.000653499  1.85362e-16    0.0174527  8.56014e-16     0.030661   1.1966e-15     0.035298  1.19984e-15    0.0321163  1.05728e-15    0.0247905  9.00751e-16    0.0168571  7.50349e-16    0.0103372  5.90616e-16   0.00580774  4.25004e-16   0.00302229  2.74339e-16   0.00146777  1.56482e-16  0.000668566  7.65267e-17  0.000286525  2.92874e-17  0.000115745  5.41187e-18   4.4114e-05 -4.19835e-18  1.58692e-05 -6.41006e-18  5.38878e-06 -5.53897e-18  1.72735e-06 -3.86102e-18  5.22649e-07  -2.3473e-18   1.4927e-07 -1.27659e-18  4.02413e-08 -6.25492e-19  1.02407e-08 -2.75869e-19  2.46013e-09 -1.09023e-19  5.57929e-10 -3.83717e-20  1.19451e-10 -1.19597e-20  2.41418e-11 -3.29594e-21  4.60543e-12 -8.12179e-22  8.29095e-13 -1.85946e-22  1.40813e-13  -4.2211e-23  2.25535e-14 -9.66112e-24  3.40476e-15 -1.85294e-24  4.84141e-16 -5.37779e-26  6.47918e-17  1.92716e-25  8.15279e-18  1.22828e-25  9.63449e-19  5.07178e-26  1.06782e-19  1.64917e-26  1.10822e-20  4.51088e-27  1.07501e-21  1.08077e-27    9.726e-23   2.3539e-28  8.18701e-24  4.83838e-29  6.39365e-25  9.65599e-30  4.61713e-26  1.87928e-30  3.07135e-27  3.48811e-31  1.87357e-28  5.95807e-32  1.04256e-29  9.03572e-33  5.25879e-31  1.17655e-33  2.38642e-32  1.26633e-34  9.65333e-34  1.05989e-35  3.44118e-35  5.91811e-37  1.06544e-36  6.67826e-39  2.81124e-38 -2.72436e-39  6.16075e-40 -3.31133e-40  1.08073e-41 -2.12017e-41  1.43319e-43 -8.06622e-43   1.2988e-45   -1.609e-44   6.3866e-48 -9.93037e-47
-2.61066e-18 -7.21216e-05  1.58367e-18   0.00012417  7.14283e-17   0.00144529  1.47595e-16  0.000998386  3.20501e-17  -0.00450187 -2.94331e-16   -0.0102752 -5.02287e-16  -0.00784067 -2.55994e-16   0.00454283  3.52925e-16    0.0204155  9.24824e-16    0.0318223  1.19984e-15    0.0350621  1.20969e-15    0.0312918  1.09539e-15    0.0239562  9.40975e-16     0.016237  7.65349e-16   0.00993726  5.76254e-16   0.00556457  3.94004e-16   0.00287705  2.41409e-16   0.00138219  1.30335e-16   0.00061975  5.95885e-17  0.000260158  2.03123e-17  0.000102465   1.8636e-18   3.7923e-05 -4.74129e-18  1.32042e-05 -5.67359e-18  4.32884e-06  -4.5055e-18  1.33714e-06  -2.9679e-18  3.89376e-07 -1.71841e-18  1.06941e-07 -8.91309e-19  2.77121e-08 -4.16034e-19  6.77761e-09 -1.74438e-19  1.56484e-09  -6.5391e-20   3.4113e-10 -2.17967e-20  7.02193e-11 -6.43719e-21  1.36481e-11 -1.69052e-21   2.5045e-12  -4.0333e-22  4.33812e-13 -9.18074e-23  7.09039e-14  -2.0925e-23  1.09301e-14 -4.49555e-24   1.5882e-15 -6.00904e-25  2.17364e-16  1.52691e-25  2.79952e-17  1.64508e-25  3.38939e-18  8.02184e-26  3.85259e-19  2.89765e-26  4.10517e-20  8.58729e-27  4.09364e-21  2.19063e-27  3.81262e-22  4.99273e-28  3.30881e-23  1.05514e-28  2.66871e-24  2.13886e-29  1.99423e-25  4.22896e-30  1.37577e-26  8.07141e-31  8.72584e-28  1.44194e-31  5.06337e-29  2.32525e-32  2.67262e-30  3.27116e-33  1.27441e-31  3.87803e-34  5.44416e-33  3.69657e-35  2.06229e-34  2.57817e-36  6.83884e-36  9.26484e-38  1.95274e-37 -4.83282e-39  4.69662e-39 -1.07449e-39  9.22831e-41 -8.93913e-41   1.4156e-42 -4.38497e-42  1.57366e-44 -1.23186e-43  1.09609e-46 -1.52258e-45   3.0866e-49
-1.12327e-05 -6.24491e-18 -8.24311e-05  7.07493e-18  0.000436278  8.73778e-17   0.00149758   1.4076e-16  -0.00027095 -3.42559e-18  -0.00591752 -2.85914e-16  -0.00953636 -3.72893e-16  -0.00461844 -4.63169e-17   0.00837371  5.22036e-16    0.0228345  9.95525e-16    0.0321163  1.20969e-15    0.0337343  1.20993e-15    0.0292655  1.09602e-15    0.0219662  9.26427e-16    0.0146487  7.27245e-16   0.00882755  5.22733e-16    0.0048625  3.39897e-16   0.00246808  1.97613e-16   0.00116108    1.006e-16  0.000508422  4.24924e-17  0.000207887  1.22698e-17  7.95664e-05 -7.83324e-19  2.85596e-05 -4.75654e-18  9.62824e-06 -4.74929e-18  3.05243e-06 -3.48545e-18  9.10925e-07 -2.17009e-18  2.56104e-07 -1.19533e-18  6.78806e-08 -5.90428e-19  1.69711e-08 -2.62148e-19   4.0041e-09  -1.0435e-19  8.91799e-10  -3.7068e-20   1.8754e-10 -1.16998e-20  3.72416e-11 -3.27983e-21   6.9834e-12 -8.25346e-22  1.23639e-12 -1.92537e-22  2.06625e-13 -4.37901e-23  3.25825e-14  -9.7792e-24  4.84547e-15 -1.79955e-24  6.79125e-16 -4.09936e-26  8.96337e-17    1.851e-25  1.11293e-17  1.15541e-25  1.29848e-18  4.72968e-26  1.42159e-19  1.53285e-26  1.45809e-20  4.19412e-27  1.39849e-21  1.00825e-27  1.25161e-22  2.20858e-28  1.04264e-23  4.57024e-29  8.06148e-25  9.17038e-30  5.76587e-26  1.78877e-30  3.80025e-27  3.31621e-31  2.29773e-28  5.64337e-32  1.26772e-29  8.51172e-33  6.34228e-31  1.10036e-33  2.85547e-32  1.17239e-34  1.14634e-33  9.64516e-36   4.0567e-35  5.15501e-37  1.24723e-36  2.28655e-39   3.2688e-38 -2.85548e-39  7.11717e-40 -3.26806e-40  1.24073e-41 -2.04359e-41  1.63544e-43  -7.6322e-43  1.47326e-45 -1.48624e-44   7.2067e-48 -8.69227e-47
-1.73027e-18 -3.55497e-05 -9.44978e-18 -1.15292e-05  1.47259e-17  0.000738933  9.53218e-17    0.0011675  1.17696e-16  -0.00164975 -3.78942e-17  -0.00670679 -2.43957e-16  -0.00796498 -2.06944e-16  -0.00106627  1.70516e-16    0.0118351   6.7913e-16    0.0243801  1.05728e-15    0.0312918  1.20993e-15    0.0312372  1.18362e-15    0.0261619  1.05107e-15    0.0190931  8.61002e-16    0.0124189  6.47888e-16   0.00730629  4.43827e-16   0.00392794  2.74305e-16     0.001944  1.51026e-16  0.000890576  7.20612e-17  0.000379234  2.76086e-17  0.000150596  6.05979e-18  5.59127e-05 -2.35066e-18   1.9449e-05 -4.32367e-18   6.3491e-06 -3.75466e-18  1.94789e-06  -2.5618e-18  5.62288e-07 -1.50868e-18  1.52868e-07 -7.89982e-19  3.91722e-08 -3.71147e-19  9.46726e-09 -1.56543e-19  2.15909e-09 -5.90904e-20  4.64807e-10 -1.98778e-20  9.44787e-11 -5.94456e-21  1.81342e-11 -1.58698e-21  3.28666e-12 -3.85531e-22  5.62388e-13 -8.87333e-23  9.08273e-14 -2.00497e-23  1.38392e-14 -4.18007e-24  1.98824e-15 -5.29211e-25  2.69137e-16  1.45108e-25  3.42955e-17  1.48429e-25  4.10953e-18  7.13285e-26  4.62473e-19  2.55974e-26  4.88061e-20  7.57024e-27  4.82176e-21  1.93376e-27  4.45053e-22  4.42598e-28  3.82903e-23  9.41209e-29  3.06252e-24  1.92004e-29  2.27008e-25  3.81206e-30   1.5539e-26  7.28086e-31  9.78168e-28   1.2976e-31  5.63494e-29  2.08287e-32  2.95354e-30  2.91143e-33  1.39886e-31  3.42137e-34  5.93691e-33   3.2172e-35  2.23483e-34  2.18243e-36  7.36615e-36  6.96424e-38  2.09104e-37 -5.41164e-39  5.00097e-39 -1.02735e-39  9.77303e-41 -8.26483e-41  1.49131e-42 -3.97359e-42  1.64933e-44 -1.09325e-43   1.1427e-46 -1.30374e-45  3.21298e-49
