 2.60576e-35 -9.03563e-52 -4.57313e-35 -1.29137e-52  4.64796e-35  4.49319e-50 -4.20744e-35 -1.91958e-49  1.48869e-35 -1.05503e-49  9.59456e-36  7.65713e-48 -6.99356e-36 -5.47807e-47  4.53221e-36   1.9903e-46 -5.60071e-36 -1.56274e-46  2.21966e-36 -9.15294e-46 -2.45263e-37  3.87651e-45  2.31679e-37 -1.71153e-44 -1.47018e-37 -1.08412e-44  2.67181e-38 -4.23891e-44  7.48595e-38  7.95487e-44 -6.97874e-38  5.06679e-45  2.68524e-38  1.52769e-43 -3.73493e-39  6.01863e-43 -2.82588e-39 -9.00743e-44  9.74924e-40 -5.17297e-44  1.24675e-39  5.30657e-43 -8.53289e-40   1.2296e-43  1.70205e-40 -3.87833e-43 -3.14952e-40  -7.1917e-43  8.06616e-40  2.99951e-43 -2.61249e-39 -7.49855e-44  8.63855e-39 -3.93198e-44 -2.61306e-38 -8.45111e-45  7.20774e-38 -1.08039e-43 -1.81884e-37  1.98971e-43   4.1919e-37 -7.54164e-43 -8.79557e-37  1.97221e-42  1.67339e-36 -4.84762e-42 -2.87206e-36  1.11504e-41  4.41812e-36 -2.39522e-41  -6.0405e-36  4.80074e-41  7.25756e-36 -8.96874e-41 -7.54141e-36  1.55963e-40  6.61382e-36 -2.52074e-40 -4.69243e-36  3.77997e-40  2.45651e-36 -5.24844e-40  -6.7898e-37  6.73218e-40 -2.26714e-37 -7.95661e-40  3.78696e-37  8.63871e-40 -1.97973e-37 -8.58679e-40  3.48101e-38  7.78329e-40  8.82599e-39 -6.40416e-40  7.81758e-39  4.75775e-40 -2.04719e-38 -3.17115e-40  1.71413e-38  1.88171e-40  -9.7645e-39 -9.84549e-41  5.02593e-39  4.48628e-41 -2.55606e-39 -1.75068e-41  1.15709e-39  5.70922e-42  -4.2769e-40 -1.49498e-42  1.29766e-40  2.90171e-43 -3.33965e-41 -3.25932e-44  7.21759e-42 -1.48062e-45 -1.26285e-42  1.49533e-45  1.78905e-43 -3.17696e-46 -2.06876e-44  3.59046e-47  1.76675e-45 -2.09546e-48 -8.37506e-47  4.18936e-50
-9.03563e-52  8.88744e-35 -8.70782e-51 -1.37274e-34 -7.69715e-50  1.14501e-34  1.19426e-48 -8.99412e-35 -2.67199e-48  2.83064e-35 -4.95883e-48   2.0777e-35  8.39416e-47 -1.23193e-35 -6.22533e-46  7.43402e-36  1.98148e-45 -9.73174e-36 -2.73343e-45  3.88454e-36 -7.53111e-45 -4.14081e-37  3.83996e-44   3.2308e-38 -1.63319e-43 -1.17595e-37 -5.32763e-44  1.40033e-37 -3.01178e-43  1.47955e-37  5.53968e-43 -1.66834e-37 -5.48329e-44  6.04934e-38   7.8132e-43  3.34931e-39  4.08389e-42 -1.91428e-38 -7.88886e-43  6.97532e-39  -1.1126e-43  6.62114e-39  3.31428e-42 -5.40029e-39  1.02985e-42  1.97505e-39   -1.909e-42 -7.21628e-39 -3.44755e-42  2.59727e-38  1.58631e-42 -8.80311e-38  -2.5678e-43  2.76354e-37 -2.85233e-43  -7.9554e-37  3.53837e-43   2.0981e-36 -1.77665e-42 -5.06052e-36  4.63878e-42   1.1131e-35 -1.33852e-41 -2.22464e-35  3.40625e-41  4.02148e-35 -8.10764e-41 -6.53742e-35  1.80298e-40  9.48651e-35 -3.74343e-40 -1.21686e-34  7.24886e-40  1.36137e-34 -1.30762e-39 -1.30242e-34  2.19424e-39  1.03209e-34 -3.41966e-39 -6.37335e-35  4.94048e-39  2.60805e-35 -6.60266e-39 -1.77544e-36  8.14301e-39  -6.7256e-36 -9.24213e-39  5.25256e-36  9.62324e-39 -1.54628e-36 -9.15966e-39 -2.85905e-37  7.93709e-39  2.92882e-37 -6.23165e-39  1.04887e-37  4.40848e-39 -2.18034e-37 -2.79156e-39   1.4046e-37  1.56964e-39  -6.6675e-38 -7.75922e-40  3.37473e-38  3.32899e-40 -1.74678e-38 -1.21817e-40  7.39348e-39  3.70664e-41 -2.43156e-39 -8.99862e-42   6.6241e-40  1.60564e-42 -1.54707e-40 -1.63771e-43  2.91944e-41  -6.7561e-45 -4.24836e-42   5.9068e-45  5.02247e-43 -1.05707e-45 -4.95133e-44  9.45236e-47  3.39531e-45 -3.78737e-48 -9.72872e-47
-4.57313e-35 -8.70782e-51  2.11877e-34 -6.75802e-50 -2.51801e-34 -1.16811e-48  1.61587e-34  1.36296e-47  -1.2076e-34 -2.20012e-47  3.24957e-35 -7.49985e-47  3.22755e-35  6.64718e-46 -1.53532e-35 -5.04208e-45  7.93705e-36  1.33777e-44 -1.18776e-35 -2.87743e-44  5.62651e-36  -4.0444e-44 -9.38352e-37  2.52333e-43  -8.4875e-37  -1.0639e-42  2.37591e-37 -8.47733e-44  3.55435e-37 -1.49571e-42  1.84065e-37  2.64661e-42 -2.46045e-37 -7.45524e-43  8.01903e-38  2.62157e-42  3.32462e-38  1.91376e-41  -6.2774e-38 -4.69969e-42  2.49569e-38  4.90127e-43  2.32917e-38  1.42041e-41  -2.6584e-38  5.02317e-42  4.47471e-38 -6.14507e-42 -1.73936e-37 -1.14649e-41  6.17028e-37  5.68391e-42  -2.0155e-36 -8.01811e-44   6.0526e-36 -2.59191e-42  -1.6674e-35  6.75435e-42  4.20607e-35 -2.26155e-41 -9.69033e-35  6.19901e-41  2.03238e-34 -1.65171e-40 -3.86446e-34  4.06794e-40  6.62761e-34 -9.36425e-40  -1.0185e-33  2.01321e-39  1.39059e-33 -4.03917e-39 -1.66759e-33  7.55436e-39   1.7281e-33 -1.31536e-38 -1.50936e-33  2.12903e-38  1.06373e-33 -3.19786e-38 -5.49597e-34  4.44858e-38  1.45182e-34 -5.71866e-38  5.63216e-35  6.77597e-38 -8.51313e-35 -7.37898e-38  4.01693e-35  7.36111e-38  -2.0048e-36  -6.7017e-38  -7.2435e-36  5.54447e-38  2.38075e-36 -4.14777e-38  1.44958e-36  2.78956e-38 -1.56002e-36 -1.67509e-38  6.98503e-37  8.90653e-39 -2.84588e-37 -4.14993e-39  1.62284e-37  1.67189e-39  -8.5224e-38 -5.71861e-40   3.2009e-38  1.61707e-40  -9.2015e-39 -3.61987e-41  2.30489e-39  5.88646e-42  -4.8995e-40 -5.34204e-43  7.71147e-41 -2.23957e-44 -8.85844e-42  1.53421e-44  8.62914e-43 -2.22507e-45 -7.11726e-44  1.47086e-46  3.62255e-45 -3.23999e-48
-1.29137e-52 -1.37274e-34 -6.75802e-50  3.64942e-34 -3.49923e-49 -3.25122e-34 -1.23254e-47  1.57321e-34  1.14004e-46 -1.26053e-34 -1.52553e-46  2.96299e-35 -7.26774e-46  4.10333e-35  4.31819e-45 -1.72669e-35 -3.31017e-44  6.75342e-36  7.04468e-44 -1.19771e-35 -2.20414e-43  7.98361e-36 -1.61492e-43 -2.11941e-36  1.26636e-42 -2.58692e-36 -5.47261e-42  1.05668e-36  6.24667e-43  6.22936e-37 -5.99428e-42   1.3947e-37  9.95013e-42 -2.09056e-37 -5.03511e-42  4.19642e-38   6.7033e-42  9.92936e-38  7.14094e-41 -1.46412e-37  -2.1488e-41   5.4298e-38  5.14235e-42  1.04009e-37  4.84202e-41 -2.67523e-37  1.80212e-41  9.26233e-37 -1.48671e-41 -3.43679e-36 -3.01775e-41  1.17045e-35  1.48255e-41 -3.66575e-35  6.55871e-42  1.05437e-34 -2.63342e-41 -2.77995e-34  7.88829e-41  6.70345e-34 -2.35737e-40   -1.474e-33  6.37463e-40  2.94463e-33 -1.62745e-39 -5.31984e-33  3.87649e-39  8.64107e-33 -8.62792e-39 -1.25252e-32  1.79289e-38  1.60416e-32 -3.47517e-38 -1.79071e-32  6.27555e-38  1.70758e-32 -1.05434e-37 -1.34611e-32  1.64536e-37  8.23386e-33 -2.38066e-37 -3.28987e-33  3.18699e-37  1.41542e-34 -3.93804e-37  9.14101e-34  4.47944e-37 -6.73564e-34 -4.67616e-37   1.6766e-34  4.46456e-37  7.11786e-35 -3.88315e-37 -6.39791e-35  3.06306e-37  5.47553e-36 -2.17996e-37  1.36911e-35  1.39137e-37 -7.67642e-36 -7.90737e-38  2.07947e-36  3.96695e-38  -9.1128e-37 -1.73788e-38  6.88941e-37  6.55578e-39 -3.35001e-37 -2.08897e-39  1.04551e-37  5.46641e-40 -2.68008e-38 -1.12169e-40  6.48748e-39  1.64623e-41 -1.21691e-39 -1.29657e-42   1.4734e-40 -6.10263e-44 -1.27373e-41  3.00478e-44  1.02483e-42 -3.35233e-45 -6.57229e-44  1.45912e-46  2.11592e-45
 4.64796e-35 -7.69715e-50 -2.51801e-34 -3.49923e-49  4.76807e-34  6.05296e-50  -3.2238e-34 -1.03867e-46  1.12629e-34  7.94563e-46 -1.16868e-34 -1.01585e-45  2.69629e-35 -5.39138e-45  4.68431e-35   2.3853e-44 -2.17682e-35 -1.84356e-43  6.41834e-36  3.05206e-43 -1.08407e-35 -1.33939e-42  1.11645e-35 -4.91932e-43 -4.08561e-36  5.12107e-42  -5.0853e-36 -2.36154e-41  2.40635e-36  6.20995e-42  7.93478e-37 -2.05631e-41  6.92028e-39  3.09618e-41  6.47272e-38 -2.49719e-41 -1.06578e-37  1.43919e-41  2.02552e-37  2.24761e-40 -2.37813e-37 -7.98389e-41 -8.65718e-38  2.53471e-41  1.10537e-36  1.39744e-40 -4.26233e-36  5.24046e-41  1.61628e-35 -2.87416e-41 -5.74012e-35 -6.35541e-41  1.87481e-34  1.88752e-41 -5.62772e-34  7.58388e-41  1.55008e-33 -2.46926e-40 -3.90951e-33  7.38832e-40  9.00507e-33 -2.09422e-39 -1.88805e-32  5.50648e-39  3.58843e-32 -1.35732e-38 -6.15034e-32  3.12651e-38  9.44328e-32 -6.72726e-38 -1.28774e-31   1.3509e-37  1.54155e-31 -2.52902e-37 -1.59336e-31  4.40824e-37   1.3861e-31 -7.14351e-37 -9.70143e-32  1.07435e-36  4.93985e-32 -1.49665e-36  -1.2303e-32  1.92691e-36 -5.80339e-33 -2.28706e-36  7.97728e-33  2.49535e-36 -3.55225e-33 -2.49473e-36 -2.06605e-35  2.27705e-36  8.18358e-34 -1.88967e-36 -3.16013e-34  1.41913e-36 -6.11715e-35 -9.59236e-37  8.49169e-35  5.79922e-37  -2.2526e-35 -3.11259e-37  1.85336e-36  1.46983e-37 -3.00871e-36 -6.03818e-38  2.74611e-36  2.12636e-38 -1.05541e-36 -6.28974e-39  2.62626e-37  1.51631e-39 -6.66119e-38 -2.83385e-40  1.60219e-38  3.71131e-41 -2.40449e-39 -2.45314e-42  2.01603e-40 -1.40583e-43 -1.33615e-41  4.66876e-44  8.31374e-43 -3.72214e-45 -3.25516e-44  8.36166e-47
 4.49319e-50  1.14501e-34 -1.16811e-48 -3.25122e-34  6.05296e-50  5.06127e-34  2.41907e-47  -2.6359e-34 -7.27855e-46  5.96393e-35  4.85921e-45 -1.05496e-34 -6.59674e-45  2.82008e-35 -3.31361e-44  5.26263e-35  1.13123e-43 -3.28326e-35   -8.916e-43  9.63788e-36  1.11476e-42 -9.27536e-36 -6.78242e-42  1.48505e-35 -1.08168e-42  -6.9863e-36  1.70558e-41 -7.93797e-36  -8.8421e-41   4.3206e-36  3.30633e-41  5.95254e-37 -6.23896e-41 -1.63307e-37  8.13959e-41  6.79527e-37 -1.01301e-40 -3.87395e-37  2.99987e-41  2.06084e-37  6.15662e-40  3.50822e-37 -2.50003e-40 -3.56026e-36  9.20681e-41  1.67083e-35  3.53631e-40 -6.64926e-35  1.31422e-40  2.45566e-34 -5.13582e-41 -8.36294e-34 -8.19264e-41  2.61901e-33 -1.12896e-40 -7.53233e-33  6.62696e-40  1.98582e-32 -2.05314e-39 -4.78787e-32  5.97356e-39  1.05256e-31 -1.63008e-38 -2.10206e-31   4.1523e-38  3.79588e-31 -9.89685e-38 -6.16158e-31  2.20437e-37  8.92269e-31 -4.58469e-37 -1.14121e-30   8.8949e-37  1.27135e-30 -1.60792e-36 -1.20859e-30  2.70443e-36  9.47917e-31 -4.22551e-36 -5.74249e-31  6.12174e-36   2.2355e-31 -8.20641e-36 -3.04265e-33  1.01551e-35 -6.78904e-32 -1.15692e-35  4.78022e-32  1.20975e-35 -1.07443e-32 -1.15713e-35 -6.03118e-33  1.00852e-35  5.04365e-33 -7.97478e-36 -6.59052e-34  5.69288e-36 -7.35914e-34 -3.64808e-36  3.34905e-34  2.08482e-36 -4.34141e-36 -1.05434e-36 -1.18876e-35  4.67443e-37 -1.39569e-35 -1.79558e-37  9.57095e-36  5.88409e-38 -2.48168e-36 -1.60973e-38  5.24519e-37  3.55832e-39  -1.5975e-37 -6.01456e-40  3.46785e-38  6.93515e-41 -3.53026e-39 -3.66209e-42  1.93692e-40 -2.73538e-43 -1.21194e-41  5.86971e-44  2.54856e-43 -2.98431e-45 -4.58936e-46
-4.20744e-35  1.19426e-48  1.61587e-34 -1.23254e-47  -3.2238e-34  2.41907e-47  4.68602e-34  3.07199e-46 -1.92981e-34  -4.3508e-45  1.93935e-35  2.67256e-44 -9.57868e-35    -4.02e-44  3.19497e-35  -1.7616e-43  6.23213e-35  4.60763e-43 -5.26181e-35  -3.8043e-42  1.79108e-35  3.46244e-42 -7.34814e-36 -2.95331e-41  1.83313e-35 -1.19143e-42 -1.11531e-35  4.67186e-41  -1.0544e-35 -2.93573e-40  6.86761e-36  1.33168e-40 -3.46674e-37 -1.71051e-40 -2.63784e-37  1.81102e-40  1.62525e-36 -3.52589e-40 -4.21169e-37  7.27191e-41 -2.05986e-36  1.49654e-39  1.21613e-35 -6.76868e-40 -5.76501e-35  2.76396e-40  2.42965e-34  8.00645e-40 -9.35696e-34   3.0665e-40  3.32095e-33 -1.49114e-40 -1.08471e-32  2.14883e-40  3.25608e-32 -1.42004e-39 -8.96837e-32   5.0818e-39  2.26182e-31 -1.52543e-38 -5.20924e-31  4.29691e-38  1.09198e-30 -1.13309e-37 -2.07476e-30  2.79338e-37   3.5543e-30 -6.43912e-37 -5.45342e-30  1.38667e-36   7.4288e-30 -2.78725e-36 -8.87916e-30  5.22347e-36   9.1559e-30 -9.11514e-36 -7.93476e-30   1.4789e-35  5.51644e-30 -2.22707e-35 -2.76764e-30  3.10667e-35  6.45273e-31 -4.00543e-35  3.70226e-31  4.76099e-35 -4.69225e-31 -5.20231e-35  1.99972e-31   5.2089e-35  7.98164e-33  -4.7618e-35 -5.06766e-32   3.9582e-35  1.91756e-32 -2.97799e-35  3.03547e-33  2.01736e-35 -4.16195e-33 -1.22319e-35  6.01004e-34  6.59304e-36  3.24212e-34 -3.13373e-36 -3.40107e-35  1.30077e-36   -6.824e-35 -4.65783e-37  2.53611e-35  1.41562e-37 -3.70018e-36 -3.56808e-38  1.01666e-36  7.19675e-39 -3.87239e-37 -1.09185e-39  5.96026e-38  1.09077e-40  -3.2788e-39 -4.24672e-42  1.82746e-40  -4.4448e-43 -1.06934e-41  5.94953e-44 -5.02031e-43 -1.54487e-45
-1.91958e-49 -8.99412e-35  1.36296e-47  1.57321e-34 -1.03867e-46  -2.6359e-34  3.07199e-46  4.07067e-34  2.56232e-45 -1.40636e-34 -2.26091e-44  -6.4058e-36  1.33711e-43 -8.67289e-35 -2.22312e-43  3.43071e-35  -8.3092e-43  7.88076e-35  1.60139e-42 -8.06029e-35  -1.4505e-41  3.07599e-35  9.09534e-42 -3.93022e-36 -1.12983e-40  2.06872e-35  2.82597e-42 -1.69857e-35  1.01359e-40 -1.23081e-35 -8.77626e-40  1.01635e-35  4.45806e-40 -2.43154e-36 -4.30561e-40 -4.57172e-39  3.33849e-40  1.77144e-36 -1.08071e-39  5.97261e-36  2.08669e-40 -3.81557e-35  3.27129e-39  1.83099e-34 -1.61549e-39 -8.00798e-34  7.26672e-40  3.21882e-33  1.62468e-39 -1.19075e-32  7.80863e-40  4.05524e-32  -9.1297e-40 -1.27008e-31   3.0113e-39  3.65298e-31 -1.10649e-38 -9.63094e-31  3.52507e-38    2.322e-30 -1.02555e-37 -5.10421e-30  2.79541e-37  1.01917e-29 -7.13005e-37 -1.83981e-29  1.70057e-36  2.98493e-29 -3.79103e-36  -4.3192e-29  7.89236e-36  5.51776e-29 -1.53289e-35 -6.13597e-29  2.77427e-35  5.81651e-29 -4.67217e-35 -4.54007e-29  7.31003e-35  2.72453e-29 -1.06058e-34  -1.0326e-29   1.4239e-34 -1.84443e-31 -1.76473e-34  3.42621e-30  2.01358e-34  -2.3185e-30 -2.10872e-34  4.77905e-31  2.01992e-34  3.22067e-31 -1.76292e-34 -2.51723e-31  1.39579e-34  3.06928e-32 -9.97633e-35  3.52988e-32  6.40158e-35 -1.37994e-32 -3.66483e-35 -1.92665e-33  1.85851e-35  1.68933e-33 -8.27939e-36  1.90611e-34  3.20772e-36 -2.52658e-34 -1.06723e-36   3.9152e-35  2.99767e-37 -1.89698e-36 -6.93413e-38  2.69689e-36  1.26984e-38 -8.35052e-37 -1.71526e-39  6.50264e-38  1.45634e-40 -1.56797e-39 -3.58926e-42  3.40045e-40 -5.92364e-43 -1.98194e-42  4.67815e-44  -7.4328e-43
 1.48869e-35 -2.67199e-48  -1.2076e-34  1.14004e-46  1.12629e-34 -7.27855e-46 -1.92981e-34  2.56232e-45  3.55177e-34  1.68288e-44 -1.13647e-34 -1.03604e-43 -2.29845e-35  6.11482e-43 -7.82058e-35 -1.10071e-42  3.15542e-35 -3.53155e-42   1.0247e-34  4.65866e-42 -1.13296e-34 -4.99683e-41  4.53351e-35  1.96563e-41  3.25393e-36 -3.85668e-40  2.09115e-35  2.14548e-41 -2.46361e-35  1.48561e-40 -1.28082e-35 -2.38938e-39  1.43262e-35  1.29599e-39  -6.2966e-36 -1.00813e-39  3.50154e-36  4.72108e-40 -1.52617e-35 -2.96434e-39  1.05263e-34   6.1062e-40  -5.3057e-34  6.49322e-39  2.41315e-33 -3.45788e-39 -1.01014e-32  1.76117e-39  3.89485e-32  2.79928e-39 -1.38277e-31  2.75198e-39  4.51707e-31 -6.49625e-39  -1.3561e-30  2.25043e-38  3.73551e-30  -7.3918e-38  -9.4215e-30   2.2374e-37   2.1699e-29  -6.3034e-37 -4.54831e-29  1.66256e-36  8.64028e-29 -4.10249e-36  -1.4797e-28  9.46495e-36  2.26911e-28 -2.04031e-35 -3.08842e-28  4.10567e-35  3.68647e-28 -7.70383e-35 -3.79333e-28  1.34619e-34   3.2759e-28 -2.18739e-34 -2.26293e-28  3.29925e-34  1.11881e-28 -4.61008e-34 -2.42785e-29  5.95418e-34 -1.68297e-29 -7.08988e-34  1.99053e-29  7.76062e-34 -8.14977e-30 -7.78339e-34 -5.69541e-31  7.12607e-34  2.20558e-30  -5.9311e-34 -7.91356e-31  4.46681e-34 -1.45769e-31 -3.02805e-34  1.73114e-31  1.83689e-34 -1.64995e-32 -9.90586e-35 -1.92576e-32  4.71349e-35  3.77792e-33 -1.96198e-35   1.8423e-33  7.07107e-36 -5.89391e-34 -2.17811e-36 -1.52878e-35  5.63349e-37  -1.6957e-37  -1.1913e-37   8.2332e-36  1.97118e-38 -1.26733e-36 -2.35084e-39  1.22057e-38  1.65831e-40  -3.0038e-39 -1.71779e-42  5.80681e-40 -6.28891e-43  1.61952e-41  2.50226e-44
-1.05503e-49  2.83064e-35 -2.20012e-47 -1.26053e-34  7.94563e-46  5.96393e-35  -4.3508e-45 -1.40636e-34  1.68288e-44  3.27673e-34  9.29805e-44 -1.09566e-34 -4.23267e-43 -3.09281e-35  2.56195e-42 -7.26673e-35 -4.87689e-42  2.19586e-35 -1.36541e-41    1.301e-34  1.07434e-41 -1.44118e-34 -1.57045e-40  5.66116e-35  3.20233e-41  1.68765e-35 -1.18832e-39  1.80264e-35  7.44159e-41 -3.37464e-35  -1.2597e-42 -1.19618e-35 -5.97733e-39  2.01619e-35  3.35783e-39 -1.83177e-35 -2.22156e-39  4.97193e-35  3.51721e-40 -2.68015e-34 -7.35695e-39  1.40886e-33  1.63247e-39 -6.68549e-33  1.18018e-38  2.91567e-32 -6.78972e-39 -1.17138e-31  4.27409e-39   4.3346e-31  2.70159e-39 -1.47649e-30  1.36967e-38  4.62509e-30  -4.2841e-38 -1.33048e-29  1.43494e-37  3.50821e-29 -4.48771e-37 -8.45901e-29  1.30911e-36  1.85953e-28 -3.56992e-36 -3.71279e-28  9.11094e-36  6.70129e-28 -2.17494e-35 -1.08687e-27  4.85322e-35  1.57178e-27 -1.01149e-34 -2.00603e-27  1.96705e-34  2.22734e-27 -3.56512e-34 -2.10599e-27  6.01355e-34  1.63646e-27 -9.42508e-34 -9.73143e-28  1.37002e-33  3.58947e-28   -1.843e-33  1.82473e-29  2.28892e-33   -1.297e-28  -2.6172e-33   8.4644e-29  2.74657e-33 -1.59698e-29 -2.63605e-33 -1.27186e-29   2.3046e-33  9.32904e-30 -1.82713e-33 -9.56891e-31  1.30704e-33 -1.37575e-30 -8.38909e-34  4.90289e-31  4.80081e-34  9.88908e-32 -2.43248e-34 -7.39333e-32  1.08274e-34 -3.16254e-33 -4.19654e-35  7.24893e-33  1.40164e-35 -4.20805e-34 -3.98179e-36 -2.46048e-34  9.44733e-37 -3.37379e-35 -1.81957e-37  1.91514e-35  2.70798e-38 -7.17651e-37  -2.8277e-39 -6.20368e-38  1.61496e-40 -1.28568e-38  4.85146e-43  3.88268e-40 -5.03306e-43  2.09719e-41
 9.59456e-36 -4.95883e-48  3.24957e-35 -1.52553e-46 -1.16868e-34  4.85921e-45  1.93935e-35 -2.26091e-44 -1.13647e-34  9.29805e-44  3.29826e-34  4.47528e-43   -1.293e-34 -1.55525e-42 -2.50572e-35  9.85308e-42  -7.3943e-35 -1.94337e-41  6.77478e-36  -4.8316e-41  1.54524e-34  1.59851e-41   -1.641e-34 -4.54127e-40  5.86461e-35  2.54126e-41  3.87564e-35 -3.33443e-39  1.12244e-35  1.76252e-40 -4.32367e-35 -9.77038e-40 -1.17779e-35 -1.38393e-38  4.11753e-35  7.89418e-39 -1.26382e-34 -4.65882e-39  6.49223e-34 -5.94935e-40 -3.46477e-33 -1.66526e-38  1.71307e-32  3.83358e-39 -7.78608e-32  1.98696e-38  3.25939e-31 -1.28626e-38 -1.25694e-30  1.20283e-38  4.46352e-30 -1.04788e-38 -1.45841e-29  7.78351e-38  4.37934e-29 -2.58837e-37 -1.20658e-28  8.35143e-37  3.04369e-28 -2.51832e-36 -7.01096e-28  7.10247e-36  1.46967e-27 -1.87436e-35 -2.79183e-27  4.62834e-35  4.78046e-27 -1.06877e-34 -7.32828e-27  2.30628e-34  9.96793e-27 -4.64654e-34 -1.18852e-26  8.73104e-34  1.22072e-26 -1.52814e-33 -1.05086e-26  2.48756e-33  7.21543e-27 -3.75959e-33  -3.5165e-27  5.26496e-33  7.06038e-28 -6.81622e-33  5.88052e-28  8.13674e-33 -6.55378e-28 -8.92947e-33  2.58109e-28  8.97851e-33  2.58863e-29 -8.24001e-33 -7.42543e-29   6.8726e-33  2.51323e-29 -5.18409e-33  5.61366e-30  3.51732e-33  -5.8288e-30 -2.13348e-33  4.26119e-31  1.14912e-33  7.01872e-31 -5.45495e-34 -1.38313e-31  2.26364e-34 -5.55995e-32 -8.13735e-35  1.48355e-32    2.508e-35  2.55385e-33 -6.54289e-36 -4.84487e-34  1.41859e-36 -1.81996e-34 -2.47993e-37  2.49762e-35  3.30623e-38  1.67324e-36 -2.99854e-39  2.46671e-38  1.34884e-40 -2.30517e-38   1.8446e-42 -2.81043e-40 -2.63953e-43
 7.65713e-48   2.0777e-35 -7.49985e-47  2.96299e-35 -1.01585e-45 -1.05496e-34  2.67256e-44  -6.4058e-36 -1.03604e-43 -1.09566e-34  4.47528e-43  3.67571e-34  1.91832e-42 -1.79394e-34 -5.17816e-42  5.05023e-37  3.48718e-41 -8.57025e-35 -7.01021e-41 -9.76469e-36 -1.57126e-40  1.65884e-34 -7.95493e-42 -1.64172e-34  -1.2169e-39  4.67973e-35 -6.27038e-41  6.87907e-35 -8.58014e-39 -3.58692e-37   2.6412e-40 -4.81735e-35 -4.39585e-39 -4.05281e-35 -2.98376e-38  2.60994e-34  1.70746e-38 -1.44017e-33 -9.39531e-39  7.94155e-33 -3.38943e-39 -4.08188e-32 -3.45721e-38  1.93317e-31  7.74516e-39 -8.43246e-31  3.19422e-38  3.38863e-30 -2.68038e-38 -1.25427e-29  4.46754e-38  4.27356e-29 -1.06442e-37 -1.33905e-28  4.39301e-37  3.85297e-28 -1.44861e-36 -1.01621e-27  4.51346e-36  2.45082e-27 -1.31585e-35 -5.38853e-27  3.59034e-35    1.076e-26 -9.16796e-35 -1.94212e-26  2.19007e-34  3.14942e-26 -4.89126e-34 -4.55289e-26  1.02052e-33  5.80659e-26 -1.98717e-33 -6.43895e-26  3.60709e-33  6.07449e-26 -6.09525e-33 -4.70076e-26  9.57279e-33  2.77116e-26 -1.39473e-32 -9.94605e-27  1.88113e-32 -8.47198e-28 -2.34291e-32  3.90029e-27  2.68708e-32 -2.46177e-27 -2.82883e-32  4.22311e-28  2.72362e-32  3.97724e-28 -2.38838e-32 -2.75331e-28  1.89862e-32  2.26634e-29 -1.36096e-32  4.31146e-29  8.74449e-33  -1.4345e-29 -5.00273e-33 -3.37069e-30  2.52966e-33  2.28917e-30 -1.12151e-33   1.0203e-31  4.32194e-34 -2.06588e-31 -1.43448e-34  1.79979e-33  4.05988e-35  1.07733e-32 -9.68063e-36  4.07078e-34   1.9105e-36 -4.50685e-34  -3.0224e-37 -2.77283e-36  3.59711e-38   3.8652e-36 -2.81102e-39  3.78308e-37  9.69579e-41 -1.50581e-38  1.83342e-42 -5.05008e-40
-6.99356e-36  8.39416e-47  3.22755e-35 -7.26774e-46  2.69629e-35 -6.59674e-45 -9.57868e-35  1.33711e-43 -2.29845e-35 -4.23267e-43   -1.293e-34  1.91832e-42  4.50372e-34  7.43651e-42 -2.67154e-34 -1.57302e-41  4.76521e-35  1.13941e-40 -1.10424e-34 -2.30374e-40 -2.16793e-35 -4.71056e-40  1.54834e-34  -1.7106e-40 -1.38734e-34 -3.03906e-39  1.98946e-35 -3.62003e-40  1.05398e-34  -2.0358e-38 -2.35012e-35 -1.32664e-41  4.80134e-36 -1.37301e-38 -4.57841e-34 -6.02285e-38  2.93412e-33   3.4372e-38 -1.69599e-32 -1.83858e-38  9.08091e-32 -9.51923e-39 -4.48099e-31 -6.59891e-38  2.03668e-30  1.25547e-38 -8.52833e-30  5.41926e-38  3.28984e-29 -7.60677e-38 -1.16862e-28  2.07707e-37  3.81957e-28 -6.60078e-37 -1.14731e-27   2.3583e-36  3.16201e-27 -7.57026e-36 -7.97881e-27   2.2806e-35  1.83836e-26 -6.43178e-35 -3.85451e-26  1.69789e-34  7.32322e-26 -4.19432e-34   -1.254e-25  9.69116e-34  1.92207e-25 -2.09292e-33 -2.61334e-25  4.22105e-33  3.11341e-25 -7.94187e-33 -3.19288e-25  1.39225e-32  2.74082e-25 -2.27073e-32 -1.87137e-25  3.43971e-32  8.99388e-26 -4.82975e-32 -1.65999e-26  6.27161e-32 -1.65586e-26 -7.51179e-32  1.75281e-26  8.27383e-32 -6.64673e-27 -8.35157e-32 -8.76316e-28  7.69508e-32  2.03151e-27 -6.44294e-32  -6.4969e-28  4.87697e-32 -1.71999e-28 -3.31805e-32  1.60387e-28  2.01569e-32 -9.16993e-30 -1.08537e-32 -1.99469e-29  5.13824e-33  3.64746e-30 -2.11996e-33  1.58043e-30  7.55317e-34 -3.69084e-31 -2.30246e-34 -9.16335e-32  5.94973e-35  1.73203e-32 -1.28982e-35  4.35818e-33  2.30797e-36 -4.93399e-34 -3.29601e-37 -7.60936e-35  3.49035e-38  4.74333e-37 -2.32826e-39  6.56071e-37  5.99736e-41  6.72173e-39  9.50741e-43
-5.47807e-47 -1.23193e-35  6.64718e-46  4.10333e-35 -5.39138e-45  2.82008e-35    -4.02e-44 -8.67289e-35  6.11482e-43 -3.09281e-35 -1.55525e-42 -1.79394e-34  7.43651e-42  5.88444e-34   2.6367e-41 -3.94812e-34 -4.39063e-41   1.1256e-34  3.45038e-40 -1.48633e-34 -6.93626e-40 -2.33887e-35 -1.30507e-39  1.16621e-34 -8.02584e-40 -8.89024e-35 -7.10383e-39 -1.99543e-35 -1.05113e-39   1.5629e-34 -4.47321e-38 -1.48739e-34 -1.76802e-39  7.70971e-34 -3.53633e-38 -5.55503e-33 -1.14393e-37  3.38565e-32  6.50541e-38  -1.8916e-31 -3.51169e-38  9.72905e-31 -2.08416e-38 -4.60803e-30 -1.15107e-37  2.01059e-29  9.65289e-39 -8.08236e-29  1.22529e-37  2.99265e-28 -3.07402e-37 -1.02003e-27   1.0455e-36  3.19728e-27 -3.55426e-36  -9.2033e-27  1.19389e-35  2.42823e-26 -3.71318e-35  -5.8583e-26  1.08199e-34  1.28846e-25 -2.95182e-34 -2.57355e-25  7.53769e-34  4.64596e-25 -1.80095e-33 -7.53453e-25  4.02372e-33  1.08906e-24 -8.40028e-33  -1.3883e-24  1.63718e-32  1.53798e-24 -2.97542e-32 -1.44817e-24  5.03586e-32  1.11652e-24 -7.92485e-32 -6.52822e-25  1.15747e-31  2.27995e-25 -1.56572e-31  2.75415e-26  1.95678e-31 -9.67171e-26 -2.25304e-31  5.91995e-26  2.38226e-31 -9.16307e-27 -2.30451e-31 -1.02362e-26  2.03085e-31  6.72857e-27 -1.62237e-31 -4.24869e-28  1.16826e-31 -1.11246e-27 -7.53457e-32  3.48347e-28  4.32045e-32  9.20148e-29 -2.18468e-32 -5.74072e-29   9.6538e-33 -3.46388e-30 -3.69184e-33  5.24682e-30  1.20983e-33  6.97396e-32 -3.36597e-34 -3.02235e-31  7.88759e-35 -7.83198e-33 -1.54519e-35  1.05218e-32  2.49728e-36  3.71913e-34 -3.21295e-37 -1.23806e-34  3.01413e-38 -9.52233e-36 -1.69005e-39  3.73332e-37  3.11458e-41  1.26696e-38
 4.53221e-36 -6.22533e-46 -1.53532e-35  4.31819e-45  4.68431e-35 -3.31361e-44  3.19497e-35 -2.22312e-43 -7.82058e-35  2.56195e-42 -2.50572e-35 -5.17816e-42 -2.67154e-34   2.6367e-41  7.87808e-34  8.62367e-41 -5.55872e-34 -1.13501e-40  1.86234e-34  9.72545e-40 -1.98121e-34  -1.9228e-39 -1.18898e-35 -3.34842e-39   5.3999e-35 -2.73126e-39 -2.20836e-35 -1.55863e-38 -8.39755e-35 -2.18978e-39  3.66822e-34 -9.13272e-38 -1.49388e-33 -7.73985e-39  9.91524e-33 -7.93578e-38 -6.34209e-32 -2.05419e-37  3.69977e-31  1.16794e-37 -1.98409e-30 -6.54378e-38  9.79412e-30 -4.03142e-38 -4.45303e-29 -1.76888e-37  1.86532e-28 -4.96056e-38 -7.19833e-28  4.29952e-37  2.55803e-27  -1.4648e-36 -8.36429e-27  5.21939e-36  2.51351e-26 -1.76886e-35  -6.9303e-26  5.70243e-35   1.7495e-25 -1.71608e-34 -4.03262e-25  4.83636e-34  8.45844e-25 -1.27607e-33 -1.60755e-24  3.15114e-33  2.75334e-24 -7.27933e-33 -4.22052e-24  1.57207e-32  5.73752e-24 -3.17146e-32  -6.8317e-24  5.97068e-32  6.99766e-24 -1.04773e-31 -5.99231e-24   1.7113e-31  4.07048e-24  -2.5974e-31  -1.9302e-24  3.65636e-31  3.25193e-25 -4.76304e-31  3.87995e-25  5.72686e-31  -3.9275e-25 -6.33633e-31  1.43582e-25  6.42885e-31  2.35885e-26 -5.95732e-31 -4.65829e-26  5.01837e-31  1.41195e-26 -3.82232e-31  4.32361e-27  2.61603e-31 -3.69538e-27 -1.59735e-31  1.56495e-28  8.63079e-32   4.7267e-28 -4.08858e-32 -7.89529e-29  1.68078e-32 -3.88486e-29 -5.93076e-33  8.24266e-30  1.77682e-33   2.3752e-30 -4.47783e-34 -4.21483e-31  9.43685e-35 -1.02425e-31 -1.65886e-35  9.70012e-33  2.41238e-36  2.15349e-33 -2.79052e-37 -1.96892e-35  2.29995e-38 -1.55578e-35 -1.05029e-39 -1.97149e-37  1.20153e-41
  1.9903e-46  7.43402e-36 -5.04208e-45 -1.72669e-35   2.3853e-44  5.26263e-35  -1.7616e-43  3.43071e-35 -1.10071e-42 -7.26673e-35  9.85308e-42  5.05023e-37 -1.57302e-41 -3.94812e-34  8.62367e-41   1.0454e-33  2.61871e-40 -7.34312e-34 -2.74369e-40  2.56089e-34  2.56335e-39 -2.53256e-34 -4.92823e-39  1.22704e-35 -7.97009e-39 -2.46977e-35 -7.77088e-39  7.25961e-35 -3.21479e-38 -3.93964e-34 -3.23047e-39  2.53407e-33 -1.73671e-37 -1.69412e-32 -2.36271e-38   1.1184e-31 -1.59022e-37 -6.81127e-31 -3.50393e-37  3.80958e-30  2.00254e-37 -1.96028e-29 -1.17423e-37  9.28811e-29 -7.92679e-38  -4.0542e-28 -1.96927e-37  1.63043e-27 -4.12982e-37 -6.03964e-27  1.94199e-36  2.05954e-26 -7.11756e-36 -6.45869e-26  2.50484e-35  1.86004e-25 -8.28255e-35 -4.91002e-25  2.57639e-34  1.18517e-24 -7.49788e-34  -2.6079e-24  2.04315e-33  5.21129e-24  -5.2118e-33 -9.41139e-24  1.24405e-32   1.5267e-23 -2.77729e-32 -2.20694e-23  5.79486e-32  2.81283e-23 -1.12909e-31 -3.11403e-23  2.05225e-31  2.92774e-23 -3.47538e-31 -2.24993e-23  5.47531e-31  1.30551e-23  -8.0112e-31 -4.43774e-24   1.0864e-30 -6.99041e-25 -1.36227e-30  2.03005e-24  1.57512e-30 -1.20825e-24 -1.67397e-30  1.67416e-25  1.62906e-30  2.22533e-25 -1.44539e-30 -1.39716e-25  1.16326e-30  6.32235e-27 -8.44196e-31  2.42419e-26  5.48638e-31 -7.17361e-27 -3.16762e-31 -2.11328e-27  1.60983e-31  1.22172e-27 -7.12605e-32   9.4886e-29  2.71532e-32 -1.15015e-28 -8.79454e-33 -3.04427e-30  2.39154e-33  6.81281e-30 -5.40884e-34  2.07177e-31   1.0146e-34 -2.27151e-31 -1.58703e-35 -1.16332e-32  2.06917e-36    2.954e-33 -2.14509e-37   2.1661e-34  1.52622e-38 -7.56014e-36 -5.28705e-40 -2.99453e-37
-5.60071e-36  1.98148e-45  7.93705e-36 -3.31017e-44 -2.17682e-35  1.13123e-43  6.23213e-35  -8.3092e-43  3.15542e-35 -4.87689e-42  -7.3943e-35  3.48718e-41  4.76521e-35 -4.39063e-41 -5.55872e-34  2.61871e-40  1.34601e-33  7.42008e-40 -9.06822e-34 -6.27672e-40  3.08015e-34  6.34755e-39 -3.05207e-34 -1.17214e-38  4.85643e-35 -1.76269e-38 -1.39407e-34 -1.94262e-38  5.09622e-34 -6.23585e-38  -3.6721e-33 -2.04265e-39  2.70772e-32 -3.08071e-37  -1.8623e-31 -5.97859e-38  1.18269e-30 -2.88094e-37 -6.90081e-30 -5.70161e-37  3.70229e-29  3.28396e-37 -1.82831e-28 -1.93801e-37  8.31617e-28 -2.00029e-37 -3.48511e-27  1.19706e-37  1.34555e-26 -2.28361e-36 -4.78401e-26  9.22398e-36  1.56511e-25 -3.35278e-35  -4.7058e-25   1.1468e-34  1.29822e-24 -3.67548e-34 -3.27912e-24  1.10451e-33  7.56274e-24 -3.10702e-33 -1.58717e-23  8.18256e-33  3.01801e-23  -2.0169e-32  -5.1714e-23  4.65099e-32  7.92962e-23 -1.00282e-31  -1.0781e-22  2.02025e-31   1.2834e-22 -3.79928e-31 -1.31348e-22  6.66257e-31  1.12253e-22  -1.0881e-30 -7.59031e-23  1.65241e-30   3.5537e-23 -2.32923e-30 -5.42413e-24  3.04112e-30  -7.7417e-24 -3.66866e-30  7.53858e-24  4.07724e-30 -2.66139e-24 -4.16027e-30 -5.24788e-25   3.8817e-30  9.15022e-25 -3.29617e-30 -2.63741e-25  2.53318e-30  -9.1681e-26 -1.75045e-30  7.29085e-26  1.07927e-30 -2.04196e-27 -5.88447e-31   -9.606e-27  2.80758e-31  1.46701e-27  -1.1581e-31  8.18583e-28   4.0736e-32 -1.60597e-28 -1.20381e-32 -5.10789e-29  2.94582e-33  8.39541e-30 -5.90982e-34  2.17744e-30  9.73701e-35 -1.79188e-31 -1.34153e-35 -4.81405e-32   1.5626e-36  3.45897e-34 -1.44182e-37  3.24555e-34  8.53558e-39  5.04686e-36 -1.86336e-40
-1.56274e-46 -9.73174e-36  1.33777e-44  6.75342e-36 -1.84356e-43 -3.28326e-35  4.60763e-43  7.88076e-35 -3.53155e-42  2.19586e-35 -1.94337e-41 -8.57025e-35  1.13941e-40   1.1256e-34 -1.13501e-40 -7.34312e-34  7.42008e-40   1.6629e-33  1.96928e-39 -1.04801e-33 -1.37845e-39  3.29147e-34  1.48362e-38 -3.47081e-34 -2.59528e-38  1.38952e-34  -3.6271e-38 -7.25294e-34 -4.37091e-38  5.17559e-33 -1.13703e-37 -4.04788e-32  6.53697e-39  2.92592e-31 -5.09988e-37 -1.94034e-30 -1.32941e-37  1.18135e-29 -4.74728e-37 -6.60979e-29  -8.8732e-37   3.4026e-28  5.07606e-37 -1.61292e-27 -2.45019e-37  7.04363e-27 -7.30981e-37 -2.83409e-26  2.20304e-36   1.0504e-25 -1.12634e-35 -3.58394e-25  4.28448e-35  1.12459e-24 -1.51351e-34 -3.24071e-24  5.00982e-34  8.56013e-24 -1.55278e-33 -2.06758e-23  4.50781e-33  4.55253e-23 -1.22505e-32 -9.10296e-23   3.1162e-32  1.64493e-22 -7.41715e-32 -2.66973e-22  1.65116e-31  3.86066e-22 -3.43574e-31 -4.92113e-22   6.6773e-31  5.44637e-22 -1.21096e-30 -5.11489e-22  2.04707e-30  3.91999e-22 -3.22132e-30 -2.25879e-22  4.71152e-30  7.47745e-23 -6.39317e-30  1.45855e-23  8.03068e-30 -3.67671e-23 -9.31425e-30  2.13377e-23  9.94421e-30 -2.62622e-24 -9.73722e-30 -4.16573e-24  8.70682e-30  2.51214e-24 -7.07304e-30 -7.18061e-26  5.18825e-30 -4.55342e-25  -3.4116e-30  1.27849e-25  1.99387e-30  4.17134e-26 -1.02526e-30  -2.2568e-26  4.58325e-31 -2.11742e-27 -1.75639e-31  2.18638e-27  5.67711e-32   8.1324e-29 -1.52009e-32 -1.31432e-28  3.31232e-33 -5.04453e-30 -5.80684e-34  4.37448e-30  8.25605e-35  2.65618e-31 -9.89284e-36 -5.84081e-32  1.02563e-36 -4.43286e-33 -8.29286e-38  1.35164e-34  3.77985e-39  6.23007e-36
 2.21966e-36 -2.73343e-45 -1.18776e-35  7.04468e-44  6.41834e-36   -8.916e-43 -5.26181e-35  1.60139e-42   1.0247e-34 -1.36541e-41  6.77478e-36 -7.01021e-41 -1.10424e-34  3.45038e-40  1.86234e-34 -2.74369e-40 -9.06822e-34  1.96928e-39  1.96308e-33  4.90969e-39 -1.13764e-33 -2.95018e-39  3.14973e-34  3.28733e-38 -4.26349e-34 -5.36462e-38  8.61784e-34 -6.95272e-38  -7.0377e-33 -8.97519e-38  5.73096e-32 -1.94677e-37 -4.34325e-31  3.21683e-38  3.01136e-30 -7.87174e-37 -1.91404e-29 -2.67152e-37  1.11719e-28 -7.13579e-37 -5.99634e-28 -1.31553e-36  2.96257e-27  6.86706e-37 -1.34821e-26  6.81768e-38  5.65306e-26 -3.28327e-36 -2.18381e-25  1.26674e-35   7.7691e-25 -5.23997e-35 -2.54331e-24  1.91569e-34  7.65212e-24 -6.54565e-34 -2.11252e-23  2.09377e-33   5.3398e-23 -6.26954e-33 -1.23244e-22  1.75753e-32   2.5884e-22  -4.6113e-32 -4.92539e-22  1.13213e-31  8.44539e-22 -2.59995e-31 -1.29573e-21   5.5823e-31  1.76237e-21 -1.11987e-30 -2.09818e-21  2.09743e-30  2.14639e-21 -3.66418e-30 -1.83159e-21  5.96421e-30  1.23359e-21 -9.03332e-30 -5.70727e-22  1.27112e-29  7.83076e-23 -1.65868e-29  1.33834e-22  2.00271e-29 -1.26043e-22 -2.23147e-29  4.30619e-23  2.28713e-29  9.90597e-24   -2.148e-29 -1.56538e-23  1.83989e-29  4.30624e-24 -1.42932e-29  1.67422e-24  1.00027e-29 -1.25384e-24 -6.25553e-30  1.81185e-26  3.46247e-30  1.70259e-25 -1.67685e-30 -2.39033e-26  7.00857e-31 -1.49669e-26 -2.48698e-31    2.742e-27  7.34844e-32  9.49874e-28 -1.76821e-32 -1.44854e-28  3.38652e-33 -4.08475e-29 -5.08623e-34  2.99661e-30  6.08879e-35  9.15407e-31 -6.24293e-36 -3.45179e-33  5.73379e-37 -6.02481e-33 -3.92553e-38 -1.07616e-34  1.13794e-39
-9.15294e-46  3.88454e-36 -2.87743e-44 -1.19771e-35  3.05206e-43  9.63788e-36  -3.8043e-42 -8.06029e-35  4.65866e-42    1.301e-34  -4.8316e-41 -9.76469e-36 -2.30374e-40 -1.48633e-34  9.72545e-40  2.56089e-34 -6.27672e-40 -1.04801e-33  4.90969e-39  2.21637e-33  1.15251e-38 -1.17167e-33 -6.23031e-39  3.28788e-34  6.93144e-38  -1.2455e-33 -1.03783e-37  8.94615e-33 -1.24318e-37 -7.69844e-32 -1.69669e-37  6.10368e-31 -3.12538e-37 -4.42641e-30  8.93973e-38  2.93872e-29 -1.12991e-36 -1.79003e-28   -4.922e-37  1.00199e-27 -9.84619e-37 -5.16055e-27 -1.80536e-36  2.44751e-26  5.02827e-37 -1.06943e-25   2.4967e-36  4.30557e-25 -1.53628e-35 -1.59681e-24  6.10043e-35  5.45196e-24  -2.3353e-34 -1.71198e-23  8.23901e-34  4.93711e-23 -2.71944e-33 -1.30513e-22  8.40016e-33  3.15494e-22 -2.42834e-32 -6.95253e-22  6.56946e-32  1.39135e-21 -1.66285e-31 -2.51625e-21   3.9369e-31  4.08698e-21 -8.71471e-31 -5.91395e-21  1.80269e-30  7.54173e-21 -3.48236e-30 -8.34719e-21  6.27736e-30  7.83405e-21 -1.05495e-29 -5.99096e-21   1.6511e-29   3.4309e-21 -2.40353e-29 -1.10712e-21  3.24939e-29 -2.57946e-22 -4.07234e-29  5.83116e-22  4.72081e-29 -3.30921e-22 -5.04827e-29  3.59164e-23  4.96338e-29   6.8152e-23 -4.46827e-29 -3.96905e-23  3.66475e-29  5.23145e-25 -2.72158e-29  7.48847e-24  1.81649e-29 -2.00468e-24 -1.07985e-29 -7.17841e-25  5.65592e-30  3.67213e-25 -2.57615e-30  3.98087e-26  1.00437e-30  -3.6508e-26  -3.2879e-31 -1.71096e-27  8.82801e-32  2.22611e-27 -1.89033e-32  1.03262e-28  3.12999e-33 -7.47325e-29  -3.9191e-34 -5.06363e-30  3.80963e-35  1.00324e-30 -3.27187e-36  8.07704e-32   2.6402e-37 -2.17429e-33  -1.4167e-38 -1.13453e-34
-2.45263e-37 -7.53111e-45  5.62651e-36 -2.20414e-43 -1.08407e-35  1.11476e-42  1.79108e-35  -1.4505e-41 -1.13296e-34  1.07434e-41  1.54524e-34 -1.57126e-40 -2.16793e-35 -6.93626e-40 -1.98121e-34  2.56335e-39  3.08015e-34 -1.37845e-39 -1.13764e-33  1.15251e-38  2.40932e-33   2.5521e-38 -1.22716e-33   -1.306e-38  1.18838e-33  1.39499e-37 -1.09424e-32 -1.88312e-37  9.78606e-32 -2.07717e-37 -8.13104e-31  -2.9697e-37  6.16893e-30 -4.69783e-37 -4.28016e-29  1.95502e-37  2.72186e-28 -1.50109e-36 -1.58945e-27  -8.3234e-37  8.53536e-27 -1.29702e-36 -4.21929e-26    -1.98e-36  1.92125e-25 -1.91953e-36 -8.06086e-25  1.53069e-35  3.11606e-24 -7.05971e-35 -1.10936e-23  2.74368e-34  3.63441e-23 -1.00316e-33 -1.09437e-22   3.4172e-33   3.0238e-22 -1.08896e-32 -7.65001e-22   3.2466e-32  1.76726e-21 -9.05538e-32 -3.71512e-21  2.36261e-31  7.07604e-21  -5.7646e-31 -1.21442e-20  1.31488e-30   1.8648e-20 -2.80246e-30  -2.5382e-20  5.57806e-30  3.02325e-20 -1.03617e-29 -3.09266e-20  1.79493e-29  2.63647e-20 -2.89703e-29 -1.76993e-20  4.35219e-29  8.10037e-21 -6.07851e-29 -9.91467e-22  7.88156e-29 -2.03161e-21 -9.47128e-29  1.85976e-21   1.0526e-28 -6.16491e-22 -1.07897e-28 -1.61685e-22  1.01664e-28  2.36284e-22 -8.76719e-29 -6.22968e-23  6.88218e-29 -2.67376e-23 -4.88456e-29  1.90568e-23  3.10846e-29 -3.89388e-26 -1.75581e-29 -2.66497e-24  8.69515e-30  3.46478e-25  -3.7192e-30  2.40739e-25   1.3491e-30 -4.15389e-26 -4.05692e-31 -1.55527e-26  9.82886e-32  2.21819e-27 -1.85055e-32  6.77274e-28  2.59256e-33 -4.50074e-29 -2.60167e-34 -1.52782e-29  1.93834e-35  4.14545e-33 -1.35682e-36  9.98985e-32  9.41305e-38  1.96483e-33    -3.23e-39
 3.87651e-45 -4.14081e-37  -4.0444e-44  7.98361e-36 -1.33939e-42 -9.27536e-36  3.46244e-42  3.07599e-35 -4.99683e-41 -1.44118e-34  1.59851e-41  1.65884e-34 -4.71056e-40 -2.33887e-35  -1.9228e-39 -2.53256e-34  6.34755e-39  3.29147e-34 -2.95018e-39 -1.17167e-33   2.5521e-38  2.61488e-33  5.33971e-38 -2.20509e-33 -2.71043e-38  1.22169e-32   2.6852e-37 -1.17866e-31 -3.21005e-37  1.02717e-30 -3.25269e-37 -8.15889e-30 -4.82871e-37  5.91904e-29 -6.60559e-37 -3.93153e-28  3.65326e-37  2.39592e-27  -1.8356e-36 -1.34184e-26 -1.25192e-36  6.91478e-26  -1.9502e-36 -3.28148e-25   1.1462e-37  1.43477e-24 -1.54579e-35 -5.78048e-24  7.57852e-35  2.14542e-23 -3.14746e-34 -7.33096e-23  1.18404e-33  2.30397e-22 -4.16835e-33 -6.65033e-22  1.37084e-32   1.7597e-21 -4.21622e-32 -4.25799e-21  1.21275e-31  9.39297e-21 -3.26199e-31 -1.88171e-20  8.20269e-31  3.40665e-20 -1.92773e-30 -5.53889e-20  4.23217e-30  8.02252e-20 -8.67509e-30 -1.02387e-19  1.65926e-29  1.13376e-19 -2.95927e-29 -1.06389e-19  4.91766e-29  8.12356e-20 -7.60808e-29 -4.62779e-20  1.09481e-28  1.45776e-20 -1.46386e-28  3.94644e-21  1.81648e-28  -8.1927e-21 -2.08872e-28  4.56019e-21   2.2213e-28 -4.33851e-22 -2.17923e-28  -9.8601e-22  1.96554e-28  5.57545e-22 -1.62249e-28   4.5037e-25  1.21854e-28 -1.09147e-22 -8.26408e-29  2.80214e-23  5.01384e-29  1.08954e-23 -2.69007e-29 -5.32392e-24  1.25855e-29 -6.46113e-25 -5.04701e-30  5.42099e-25   1.6983e-30  3.00955e-26 -4.66784e-31 -3.35713e-26  1.01177e-31 -1.79656e-27 -1.64971e-32  1.13968e-27  1.89885e-33  8.39231e-29 -1.43642e-34 -1.53296e-29  7.40884e-36 -1.30996e-30 -4.12551e-37  3.16315e-32  2.26091e-38  1.83123e-33
 2.31679e-37  3.83996e-44 -9.38352e-37 -1.61492e-43  1.11645e-35 -6.78242e-42 -7.34814e-36  9.09534e-42  4.53351e-35 -1.57045e-40   -1.641e-34 -7.95493e-42  1.54834e-34 -1.30507e-39 -1.18898e-35 -4.92823e-39 -3.05207e-34  1.48362e-38  3.14973e-34 -6.23031e-39 -1.22716e-33  5.33971e-38  3.75814e-33  1.05724e-37 -1.42249e-32  -5.5179e-38  1.34165e-31  4.94825e-37 -1.23097e-30 -5.14536e-37   1.0247e-29 -4.79975e-37 -7.77789e-29 -7.30135e-37  5.39882e-28  -8.7022e-37 -3.43493e-27   6.0848e-37  2.00691e-26 -2.08486e-36 -1.07834e-25 -1.39515e-36  5.33389e-25 -4.80043e-36 -2.43042e-24  1.37505e-35  1.02046e-23 -8.03439e-35 -3.94784e-23  3.46538e-34  1.40666e-22 -1.36057e-33 -4.61254e-22  4.94404e-33  1.39022e-21 -1.67939e-32 -3.84512e-21  5.33154e-32   9.7382e-21 -1.58238e-31 -2.25216e-20  4.39011e-31  4.73991e-20 -1.13829e-30 -9.03854e-20  2.75736e-30  1.55306e-19  -6.2374e-30 -2.38753e-19  1.31687e-29  3.25313e-19 -2.59325e-29 -3.87812e-19  4.75997e-29  3.96895e-19 -8.13778e-29 -3.38215e-19  1.29485e-28  2.26495e-19 -1.91605e-28 -1.02671e-19  2.63468e-28  1.11339e-20  -3.3638e-28  2.73709e-20  3.98392e-28  -2.4469e-20 -4.37193e-28  7.89538e-21  4.43854e-28  2.31465e-21  -4.1594e-28  -3.1799e-21  3.58604e-28  8.07548e-22 -2.83113e-28  3.77854e-22  2.03364e-28 -2.58795e-22 -1.31793e-28 -2.30549e-24  7.62371e-29  3.72158e-23  -3.8846e-29 -4.52204e-24  1.71559e-29  -3.4458e-24 -6.43812e-30  5.65305e-25  2.00268e-30  2.26744e-25 -5.00051e-31  -3.0576e-26  9.59369e-32 -1.00083e-26 -1.32771e-32  6.11025e-28  1.20288e-33  2.27444e-28 -6.17028e-35  6.37311e-31  1.82214e-36  -1.4882e-30 -8.87186e-38 -3.14751e-32  2.17434e-39
-1.71153e-44   3.2308e-38  2.52333e-43 -2.11941e-36 -4.91932e-43  1.48505e-35 -2.95331e-41 -3.93022e-36  1.96563e-41  5.66116e-35 -4.54127e-40 -1.64172e-34  -1.7106e-40  1.16621e-34 -3.34842e-39  1.22704e-35 -1.17214e-38 -3.47081e-34  3.28733e-38  3.28788e-34   -1.306e-38 -2.20509e-33  1.05724e-37  1.62396e-32  1.98398e-37 -1.46287e-31 -1.08857e-37  1.40003e-30  8.72884e-37 -1.22268e-29 -7.75178e-37  9.71758e-29 -6.74303e-37 -7.05298e-28 -1.02417e-36  4.68703e-27 -1.08593e-36 -2.85789e-26  9.59725e-37  1.60151e-25 -2.46447e-36  -8.2582e-25  6.48552e-37  3.92174e-24 -1.90983e-35   -1.716e-23  8.11012e-35  6.91913e-23 -3.72896e-34 -2.57026e-22  1.51495e-33  8.79085e-22 -5.70715e-33 -2.76553e-21  2.00295e-32  7.99107e-21 -6.56887e-32 -2.11684e-20  2.01322e-31  5.12822e-20 -5.76586e-31 -1.13267e-19   1.5428e-30  2.27199e-19 -3.85544e-30 -4.11863e-19   8.9939e-30  6.70532e-19 -1.95738e-29  -9.7244e-19  3.97151e-29  1.24252e-18 -7.50685e-29 -1.37713e-18  1.32077e-28  1.29277e-18 -2.16124e-28 -9.86305e-19  3.28652e-28  5.59509e-19 -4.64089e-28 -1.72383e-19  6.08156e-28 -5.30065e-20 -7.39159e-28  1.02927e-19  8.32823e-28 -5.63708e-20 -8.69369e-28  4.68573e-21   8.4002e-28  1.27361e-20 -7.50034e-28  -7.0306e-21  6.17024e-28 -9.24791e-23 -4.65467e-28  1.42363e-21  3.19732e-28 -3.52934e-22 -1.98064e-28 -1.47272e-22  1.09281e-28  6.94355e-23  -5.2884e-29  9.20328e-24  2.20294e-29 -7.23172e-24 -7.71967e-30 -4.55065e-25  2.21049e-30  4.55303e-25 -4.97592e-31  2.70947e-26  8.33182e-32 -1.56503e-26 -9.51141e-33 -1.23055e-27  6.32666e-34  2.11288e-28 -1.77655e-35  1.90213e-29  3.41636e-37 -4.19018e-31 -2.77294e-38 -2.65305e-32
