 1.68669e-08 -1.27951e-23 -3.57033e-07 -1.54721e-20  2.78284e-06  1.04048e-19 -1.18478e-05 -3.58883e-19  2.94904e-05  6.99045e-19 -3.86178e-05 -5.92221e-19  1.12201e-05 -4.07072e-19  2.11835e-05  1.25255e-18  3.59215e-06 -5.32901e-19 -1.39948e-06  -2.7831e-19 -3.17489e-07
-1.27951e-23  5.16107e-07  1.77678e-20 -6.01577e-06 -2.26845e-19  3.39844e-05  1.04342e-18 -0.000110718 -2.85008e-18  0.000205415  4.83777e-18 -0.000164006 -4.56614e-18 -5.63495e-05  1.18567e-18  7.38268e-05  1.36285e-18  4.59564e-05 -7.01532e-19  8.66918e-06 -2.22799e-19
-3.57033e-07  1.77678e-20  7.55902e-06  9.67428e-20 -5.89189e-05 -7.96831e-19  0.000250772  2.82514e-18 -0.000623575 -6.06728e-18  0.000813868  8.17882e-18 -0.000228906 -5.94924e-18 -0.000455292  1.06486e-18 -8.22588e-05  5.05728e-19  2.86404e-05 -5.57198e-19  6.75255e-06
-1.54721e-20 -6.01577e-06  9.67428e-20  7.01267e-05  2.47016e-19 -0.000396174  -1.6011e-18   0.00129059  4.20702e-18  -0.00239339 -6.82822e-18   0.00190611   6.8497e-18  0.000671185 -2.85848e-18 -0.000874541 -8.98033e-19 -0.000551904  -9.6328e-19 -0.000105359 -3.09316e-19
 2.78284e-06 -2.26845e-19 -5.89189e-05  2.47016e-19   0.00045931  5.07305e-19  -0.00195566  -2.3712e-18   0.00486723  4.12012e-18  -0.00636614 -5.31452e-18   0.00181074  4.83754e-18   0.00358468 -2.73953e-19  0.000617508 -2.98714e-18 -0.000246574 -1.43139e-18 -5.65277e-05
 1.04048e-19  3.39844e-05 -7.96831e-19 -0.000396174  5.07305e-19   0.00223928  8.05945e-19  -0.00730536 -1.32481e-18    0.0135989  4.27423e-19   -0.0109725 -3.04537e-18  -0.00363782  6.74114e-18   0.00523806  4.32031e-19   0.00323875 -2.91109e-18  0.000611309 -6.93725e-19
-1.18478e-05  1.04342e-18  0.000250772  -1.6011e-18  -0.00195566  8.05945e-19   0.00834052 -5.80479e-20   -0.0208489  5.26013e-18    0.0276059 -8.63229e-18   -0.0085712 -1.64699e-18   -0.0152856  1.03843e-17  -0.00193014   2.6673e-18    0.0014143 -7.47944e-19  0.000289161
-3.58883e-19 -0.000110718  2.82514e-18   0.00129059  -2.3712e-18  -0.00730536 -5.80479e-20    0.0239414 -3.50988e-18   -0.0451081  1.66518e-17    0.0379646 -1.70455e-17   0.00980647 -4.83949e-18   -0.0194803   9.6205e-18    -0.011125  4.03676e-18   -0.0019819  3.26321e-19
 2.94904e-05 -2.85008e-18 -0.000623575  4.20702e-18   0.00486723 -1.32481e-18   -0.0208489 -3.50988e-18    0.0527397  -8.4332e-18    -0.072181  2.60848e-17    0.0276274 -1.69135e-17    0.0372418 -1.21668e-17 -0.000412369  2.03532e-18  -0.00595669  1.62329e-18  -0.00102387
 6.99045e-19  0.000205415 -6.06728e-18  -0.00239339  4.12012e-18    0.0135989  5.26013e-18   -0.0451081  -8.4332e-18    0.0877096 -1.24222e-17   -0.0817621  2.93906e-17  -0.00698888 -9.33255e-18    0.0468563 -1.62144e-17     0.021954   -4.474e-18   0.00319071 -2.94624e-19
-3.86178e-05  4.83777e-18  0.000813868 -6.82822e-18  -0.00636614  4.27423e-19    0.0276059  1.66518e-17    -0.072181 -1.24222e-17     0.107736 -1.46738e-17   -0.0613262  2.79196e-17   -0.0424581  1.76649e-18    0.0225963 -1.00921e-17    0.0173787   -3.393e-18   0.00248183
-5.92221e-19 -0.000164006  8.17882e-18   0.00190611 -5.31452e-18   -0.0109725 -8.63229e-18    0.0379646  2.60848e-17   -0.0817621 -1.46738e-17     0.099256  -1.6068e-17   -0.0309638  2.55324e-17   -0.0633192  1.41558e-17   -0.0147877  7.30876e-19   0.00082117 -3.23234e-19
 1.12201e-05 -4.56614e-18 -0.000228906   6.8497e-18   0.00181074 -3.04537e-18   -0.0085712 -1.70455e-17    0.0276274  2.93906e-17   -0.0613262  -1.6068e-17    0.0799621  -1.6725e-17   -0.0159079  2.27044e-17   -0.0666167  1.89913e-17   -0.0284108  4.39746e-18  -0.00328174
-4.07072e-19 -5.63495e-05 -5.94924e-18  0.000671185  4.83754e-18  -0.00363782 -1.64699e-18   0.00980647 -1.69135e-17  -0.00698888  2.79196e-17   -0.0309638  -1.6725e-17    0.0716022 -1.83455e-17   0.00183411   1.1873e-17   -0.0384264    1.068e-17   -0.0142344  1.70438e-18
 2.11835e-05  1.18567e-18 -0.000455292 -2.85848e-18   0.00358468  6.74114e-18   -0.0152856 -4.83949e-18    0.0372418 -9.33255e-18   -0.0424581  2.55324e-17   -0.0159079 -1.83455e-17    0.0815284 -2.75782e-17     0.043524 -6.41766e-18   0.00275353  4.72013e-19 -0.000943413
 1.25255e-18  7.38268e-05  1.06486e-18 -0.000874541 -2.73953e-19   0.00523806  1.03843e-17   -0.0194803 -1.21668e-17    0.0468563  1.76649e-18   -0.0633192  2.27044e-17   0.00183411 -2.75782e-17     0.111267 -4.03873e-17    0.0765627 -1.60355e-17    0.0177353 -1.87404e-18
 3.59215e-06  1.36285e-18 -8.22588e-05 -8.98033e-19  0.000617508  4.32031e-19  -0.00193014   9.6205e-18 -0.000412369 -1.62144e-17    0.0225963  1.41558e-17   -0.0666167   1.1873e-17     0.043524 -4.03873e-17     0.126208 -3.94841e-17    0.0648238 -1.12593e-17   0.00899412
-5.32901e-19  4.59564e-05  5.05728e-19 -0.000551904 -2.98714e-18   0.00323875   2.6673e-18    -0.011125  2.03532e-18     0.021954 -1.00921e-17   -0.0147877  1.89913e-17   -0.0384264 -6.41766e-18    0.0765627 -3.94841e-17    0.0937049 -2.32568e-17    0.0294571  -3.4721e-18
-1.39948e-06 -7.01532e-19  2.86404e-05  -9.6328e-19 -0.000246574 -2.91109e-18    0.0014143  4.03676e-18  -0.00595669   -4.474e-18    0.0173787  7.30876e-19   -0.0284108    1.068e-17   0.00275353 -1.60355e-17    0.0648238 -2.32568e-17    0.0418654 -7.77632e-18   0.00653524
 -2.7831e-19  8.66918e-06 -5.57198e-19 -0.000105359 -1.43139e-18  0.000611309 -7.47944e-19   -0.0019819  1.62329e-18   0.00319071   -3.393e-18   0.00082117  4.39746e-18   -0.0142344  4.72013e-19    0.0177353 -1.12593e-17    0.0294571 -7.77632e-18    0.0102865  -1.2517e-18
-3.17489e-07 -2.22799e-19  6.75255e-06 -3.09316e-19 -5.65277e-05 -6.93725e-19  0.000289161  3.26321e-19  -0.00102387 -2.94624e-19   0.00248183 -3.23234e-19  -0.00328174  1.70438e-18 -0.000943413 -1.87404e-18   0.00899412  -3.4721e-18   0.00653524  -1.2517e-18   0.00107559
