  0.00781625 -1.90846e-05    0.0228042 -2.85197e-05    0.0204064 -1.52289e-05   0.00518661  7.04606e-07  -0.00345026  4.47868e-06  -0.00283608  1.80163e-06  -0.00053765 -2.28339e-09  0.000181739 -2.03193e-07  0.000108696  -6.0969e-08  1.94666e-05 -6.43136e-09  1.02113e-06
-1.90846e-05    0.0344292 -5.75137e-05    0.0537367 -5.46793e-05    0.0314929 -1.68521e-05   0.00074682  8.06988e-06  -0.00892061  8.69479e-06  -0.00466077  2.55387e-06 -0.000597379 -1.48812e-07  0.000305619 -2.88241e-07  0.000138619 -7.00381e-08  1.94763e-05 -4.97535e-09
   0.0228042 -5.75137e-05    0.0717429 -9.50709e-05    0.0738043 -6.26532e-05    0.0283123 -7.38597e-06   -0.0078632  1.59155e-05   -0.0130965   1.1191e-05  -0.00554294  2.89841e-06 -0.000690675 -8.41649e-08  0.000249592 -2.27861e-07  0.000100898 -4.42321e-08  9.27001e-06
-2.85197e-05    0.0537367 -9.50709e-05    0.0958611 -0.000108292    0.0729583  -5.2693e-05    0.0173935  3.83028e-06   -0.0145122  2.04023e-05   -0.0149874  1.22127e-05  -0.00601433  3.31872e-06  -0.00101127  2.31654e-07  5.25427e-05 -8.43143e-08  3.71711e-05 -1.28531e-08
   0.0204064 -5.46793e-05    0.0738043 -0.000108292    0.0960985 -9.82971e-05    0.0603389 -3.83487e-05   0.00816692  1.03923e-05   -0.0172255  2.15887e-05   -0.0153066  1.24585e-05  -0.00631759  3.76124e-06  -0.00137483   5.6101e-07 -0.000125852  2.39454e-08 -4.48902e-07
-1.52289e-05    0.0314929 -6.26532e-05    0.0729583 -9.82971e-05    0.0827333 -8.15769e-05    0.0483755 -2.89019e-05   0.00400308  1.18605e-05    -0.016848  2.04893e-05   -0.0144554  1.18518e-05  -0.00611675  3.75231e-06  -0.00143841  6.33207e-07 -0.000161228  3.89491e-08
  0.00518661 -1.68521e-05    0.0283123  -5.2693e-05    0.0603389 -8.15769e-05    0.0694387 -6.94289e-05     0.041828 -2.55969e-05   0.00412408  9.54773e-06   -0.0140743  1.72363e-05   -0.0121348  9.85542e-06   -0.0049911  2.96018e-06  -0.00106872   4.2029e-07 -8.32506e-05
 7.04606e-07   0.00074682 -7.38597e-06    0.0173935 -3.83487e-05    0.0483755 -6.94289e-05     0.061575 -6.37634e-05    0.0401478 -2.69953e-05   0.00753869  3.98617e-06  -0.00891698  1.16122e-05  -0.00818279  6.44871e-06  -0.00307991  1.65948e-06  -0.00051104  1.47865e-07
 -0.00345026  8.06988e-06   -0.0078632  3.83028e-06   0.00816692 -2.89019e-05     0.041828 -6.37634e-05     0.058724 -6.31531e-05      0.04217 -3.21785e-05    0.0137857 -4.39918e-06  -0.00185303  4.42621e-06  -0.00346784  2.70332e-06  -0.00119073  5.46875e-07 -0.000122752
 4.47868e-06  -0.00892061  1.59155e-05   -0.0145122  1.03923e-05   0.00400308 -2.55969e-05    0.0401478 -6.31531e-05    0.0596724 -6.64647e-05    0.0470708 -4.00518e-05    0.0215974 -1.36486e-05     0.005156 -1.98473e-06  0.000268313  1.26546e-07 -0.000103245  4.43555e-08
 -0.00283608  8.69479e-06   -0.0130965  2.04023e-05   -0.0172255  1.18605e-05   0.00412408 -2.69953e-05      0.04217 -6.64647e-05    0.0634621 -7.21966e-05    0.0529631 -4.76026e-05    0.0279023 -2.00463e-05   0.00930554 -5.18322e-06   0.00179145 -6.86101e-07  0.000134569
 1.80163e-06  -0.00466077   1.1191e-05   -0.0149874  2.15887e-05    -0.016848  9.54773e-06   0.00753869 -3.21785e-05    0.0470708 -7.21966e-05    0.0679775 -7.67311e-05    0.0559967 -5.00468e-05    0.0290534  -2.0484e-05   0.00917104 -4.77389e-06   0.00145061 -4.20692e-07
 -0.00053765  2.55387e-06  -0.00554294  1.22127e-05   -0.0153066  2.04893e-05   -0.0140743  3.98617e-06    0.0137857 -4.00518e-05    0.0529631 -7.67311e-05    0.0690953 -7.47396e-05    0.0520698 -4.40443e-05    0.0238607  -1.5362e-05   0.00606717 -2.61852e-06  0.000569232
-2.28339e-09 -0.000597379  2.89841e-06  -0.00601433  1.24585e-05   -0.0144554  1.72363e-05  -0.00891698 -4.39918e-06    0.0215974 -4.76026e-05    0.0559967 -7.47396e-05    0.0625854 -6.29053e-05    0.0404375 -3.11585e-05    0.0150666 -8.37756e-06   0.00269106 -8.16936e-07
 0.000181739 -1.48812e-07 -0.000690675  3.31872e-06  -0.00631759  1.18518e-05   -0.0121348  1.16122e-05  -0.00185303 -1.36486e-05    0.0279023 -5.00468e-05    0.0520698 -6.29053e-05    0.0479251 -4.36649e-05     0.025178 -1.70837e-05   0.00705037 -3.15589e-06  0.000706829
-2.03193e-07  0.000305619 -8.41649e-08  -0.00101127  3.76124e-06  -0.00611675  9.85542e-06  -0.00818279  4.42621e-06     0.005156 -2.00463e-05    0.0290534 -4.40443e-05    0.0404375 -4.36649e-05    0.0297424 -2.40349e-05    0.0120893 -6.94525e-06    0.0022919 -7.11262e-07
 0.000108696 -2.88241e-07  0.000249592  2.31654e-07  -0.00137483  3.75231e-06   -0.0049911  6.44871e-06  -0.00346784 -1.98473e-06   0.00930554  -2.0484e-05    0.0238607 -3.11585e-05     0.025178 -2.40349e-05     0.014393 -1.00735e-05   0.00426478 -1.94953e-06  0.000444207
 -6.0969e-08  0.000138619 -2.27861e-07  5.25427e-05   5.6101e-07  -0.00143841  2.96018e-06  -0.00307991  2.70332e-06  0.000268313 -5.18322e-06   0.00917104  -1.5362e-05    0.0150666 -1.70837e-05    0.0120893 -1.00735e-05   0.00519501 -3.04632e-06   0.00102234 -3.21675e-07
 1.94666e-05 -7.00381e-08  0.000100898 -8.43143e-08 -0.000125852  6.33207e-07  -0.00106872  1.65948e-06  -0.00119073  1.26546e-07   0.00179145 -4.77389e-06   0.00606717 -8.37756e-06   0.00705037 -6.94525e-06   0.00426478 -3.04632e-06   0.00131142 -6.07745e-07  0.000140041
-6.43136e-09  1.94763e-05 -4.42321e-08  3.71711e-05  2.39454e-08 -0.000161228   4.2029e-07  -0.00051104  5.46875e-07 -0.000103245 -6.86101e-07   0.00145061 -2.61852e-06   0.00269106 -3.15589e-06    0.0022919 -1.94953e-06   0.00102234 -6.07745e-07  0.000206261 -6.54999e-08
 1.02113e-06 -4.97535e-09  9.27001e-06 -1.28531e-08 -4.48902e-07  3.89491e-08 -8.32506e-05  1.47865e-07 -0.000122752  4.43555e-08  0.000134569 -4.20692e-07  0.000569232 -8.16936e-07  0.000706829 -7.11262e-07  0.000444207 -3.21675e-07  0.000140041 -6.54999e-08  1.52078e-05
