 1.79274e-33  4.40058e-36 -6.35851e-32  1.27476e-35  2.14125e-30 -2.22118e-35 -4.39673e-29 -1.87076e-35  6.35728e-28  3.80508e-36 -6.96366e-27  2.05529e-36  6.03651e-26  1.20391e-36  -4.2612e-25 -3.51987e-36  2.49826e-24  3.53368e-36 -1.23356e-23 -4.30223e-35   5.1808e-23  2.39019e-34 -1.86339e-22 -1.07476e-33  5.76427e-22  4.27341e-33 -1.53677e-21 -1.50161e-32  3.53041e-21  4.66851e-32  -6.9707e-21 -1.28311e-31   1.1764e-20  3.10505e-31 -1.68063e-20 -6.55403e-31  1.99996e-20  1.18219e-30  -1.9276e-20 -1.73494e-30  1.42413e-20  1.76674e-30 -6.99949e-21 -1.09574e-31  9.51633e-22 -5.09995e-30  1.70695e-21  1.61205e-29  -1.4198e-21 -3.48095e-29  2.39556e-22  6.14692e-29  3.19987e-22 -9.37928e-29 -1.92138e-22  1.26553e-28  -2.8427e-23  -1.5256e-28  5.73339e-23  1.64928e-28 -3.56132e-24 -1.59911e-28 -1.30277e-23  1.38879e-28  1.85253e-24 -1.08059e-28  2.66063e-24  7.57988e-29 -3.54942e-25 -4.88632e-29 -5.05019e-25  3.00449e-29  2.47355e-26 -1.84008e-29  8.36144e-26  1.13566e-29  6.84635e-27  -6.7603e-30 -1.05245e-26  3.60169e-30 -2.62329e-27  -1.5883e-30  7.50261e-28  5.26919e-31   4.2591e-28 -1.04267e-31  1.45945e-29 -5.26938e-33 -3.42232e-29  1.27612e-32 -8.58266e-30 -4.97443e-33  5.22323e-31  1.02112e-33  6.50223e-31 -6.72066e-35  1.12963e-31 -3.23933e-35 -6.97566e-33  1.45028e-35 -6.11668e-33   -2.694e-36 -9.76302e-34 -1.21357e-37 -4.18969e-36  1.75245e-37   2.3315e-35 -2.35581e-38  3.96126e-36 -4.91558e-39  2.34196e-37  1.75882e-39 -1.73288e-38 -1.15122e-40 -4.25052e-39 -2.03767e-41  -3.3127e-40  3.00868e-42 -7.74145e-42   4.7756e-44  2.58705e-43 -2.03759e-44  2.85628e-44  3.03283e-46  3.75111e-46  6.69501e-48
 4.40058e-36  9.38212e-32  2.38893e-35  -4.4204e-30  4.39144e-35  1.13665e-28 -5.79489e-35 -1.94256e-27 -4.94393e-35  2.43795e-26  1.12101e-35  -2.3754e-25  5.94354e-36  1.86093e-24 -6.63086e-37 -1.20026e-23 -2.56217e-35  6.47986e-23  1.59263e-34 -2.96293e-22 -9.17205e-34  1.15702e-21  4.49619e-33 -3.87994e-21 -1.92431e-32  1.12089e-20  7.28085e-32 -2.79247e-20 -2.44247e-31  5.99188e-20  7.27604e-31 -1.10309e-19 -1.92437e-30   1.7298e-19  4.50704e-30 -2.28257e-19 -9.28911e-30  2.48296e-19  1.66281e-29 -2.14507e-19 -2.51278e-29  1.35797e-19  2.97857e-29  -4.8402e-20  -2.0463e-29  -8.7495e-21 -1.77824e-29  2.27103e-20  1.01101e-28 -1.08694e-20 -2.39999e-28 -1.53695e-21  4.31352e-28  3.90694e-21 -6.52999e-28 -9.38297e-22  8.64583e-28 -7.93786e-22 -1.01665e-27  4.15642e-22   1.0669e-27  1.26443e-22 -9.98238e-28 -1.09721e-22  8.29365e-28 -2.07307e-23 -6.09424e-28  2.28718e-23  3.96704e-28  4.43479e-24  -2.3306e-28 -3.87637e-24  1.30186e-28 -1.07438e-24 -7.49289e-29  4.85101e-25  4.60447e-29  2.21552e-25 -2.81853e-29 -3.02054e-26  1.53543e-29  -3.2505e-26 -6.76151e-30 -2.71918e-27  2.17059e-30  2.79326e-27 -3.89809e-31  8.36339e-28 -3.59096e-32 -5.45649e-29  5.04978e-32 -7.48384e-29  -1.7185e-32 -1.28327e-29  3.09751e-33  1.60898e-30  -1.6869e-34  1.01298e-30 -1.01901e-34  1.41901e-31  4.93634e-35  -1.0059e-32 -1.03566e-35  -6.6124e-33 -2.95011e-37    -9.52e-34  6.34496e-37  -1.6482e-35 -8.83519e-38  1.45964e-35 -1.46103e-38  2.37086e-36  5.34964e-39   1.4738e-37 -3.75032e-40 -2.06812e-39 -4.69503e-41 -1.03796e-39  7.30096e-42 -6.75407e-41  7.69628e-44 -1.97607e-42 -3.80514e-44  1.55738e-45  4.20425e-46  1.83761e-46
-6.35851e-32  2.38893e-35  5.47728e-30  7.22199e-35 -1.85626e-28  8.94029e-35  3.84021e-27   -1.009e-34 -5.59696e-26 -8.12112e-35  6.18204e-25  1.90576e-35 -5.40584e-24  1.68724e-36  3.85102e-23  4.60673e-35 -2.27953e-22 -3.89201e-34  1.13697e-21   2.3834e-33 -4.82612e-21 -1.25093e-32  1.75542e-20  5.75815e-32  -5.4953e-20  -2.3382e-31  1.48375e-19  8.41822e-31 -3.45521e-19 -2.69503e-30    6.923e-19   7.6839e-30 -1.18722e-18 -1.95118e-29  1.72657e-18  4.40478e-29 -2.09688e-18 -8.80008e-29    2.071e-18  1.54169e-28  -1.5804e-18  -2.3247e-28  8.20726e-19  2.89216e-28 -1.49791e-19 -2.61549e-28 -1.73211e-19  6.59139e-29  1.65103e-19  3.75265e-28 -3.73437e-20 -1.09529e-27 -3.31197e-20  2.04953e-27  2.40856e-20 -3.10341e-27  1.52046e-21  4.05136e-27 -6.80435e-21 -4.66684e-27  9.38678e-22  4.77586e-27  1.49789e-21 -4.33252e-27 -3.45197e-22  3.45789e-27 -3.04236e-22 -2.40403e-27  6.97871e-23   1.4456e-27  5.95562e-23 -7.59654e-28 -8.20776e-24  3.71854e-28 -1.05373e-23 -1.96303e-28 -4.88432e-26   1.2271e-28  1.47372e-24  -8.0007e-29  2.48872e-25   4.5419e-29 -1.30225e-25 -2.00449e-29 -5.22914e-26  6.17954e-30  2.17195e-27 -9.72566e-31  5.13029e-27 -1.47198e-31  9.40542e-28  1.36039e-31  -1.6085e-28 -3.92608e-32 -9.52571e-29  6.18087e-33 -1.18294e-29  -4.0409e-34  2.10589e-30 -1.80947e-34  9.37742e-31  1.20677e-34  1.12843e-31 -2.99943e-35 -6.75921e-33  1.77301e-38  -4.0527e-33  1.49496e-36 -5.41326e-34 -2.06716e-37 -1.73299e-35 -3.06702e-38  4.45698e-36  1.09803e-38  7.05179e-37 -8.16686e-40   4.4015e-38 -7.18559e-41  4.89197e-40  1.24059e-41 -8.12557e-41  4.65158e-44 -4.87082e-42 -4.57696e-44 -6.95761e-44  3.22433e-46
 1.27476e-35  -4.4204e-30  7.22199e-35  2.16676e-28  1.49413e-34 -5.61343e-27  1.26164e-34  9.67001e-26 -1.42264e-34 -1.22374e-24 -9.55413e-35  1.20276e-23   2.1423e-35 -9.50889e-23  -9.0901e-35  6.19195e-22  7.16868e-34 -3.37662e-21 -4.74117e-33  1.56039e-20  2.68944e-32 -6.16166e-20 -1.32886e-31   2.0908e-19  5.78504e-31 -6.11644e-19 -2.23029e-30  1.54434e-18  7.64471e-30  -3.3618e-18 -2.33581e-29   6.2865e-18  6.37081e-29 -1.00291e-17 -1.55122e-28  1.34923e-17  3.36701e-28 -1.50111e-17 -6.49171e-28  1.33369e-17  1.10407e-27 -8.79038e-18 -1.63442e-27  3.42713e-18  2.04842e-27  3.13564e-19 -2.02653e-27 -1.41496e-18  1.19704e-27  7.72558e-19  7.16734e-28  4.32052e-20 -3.74039e-27 -2.53642e-19  7.56502e-27  7.98081e-20 -1.15771e-26  4.64711e-20  1.49825e-26 -3.15369e-20 -1.69911e-26 -6.15006e-21  1.70496e-26  8.12334e-21 -1.50854e-26  8.00978e-22  1.16326e-26 -1.71398e-21 -7.68209e-27 -1.80802e-22  4.25605e-27  3.05186e-22 -1.95452e-27  5.55963e-23  7.84853e-28 -4.25241e-23 -3.58202e-28  -1.3862e-23  2.40445e-28  3.65731e-24 -1.78549e-28  2.36713e-24  1.08275e-28  2.29328e-26 -4.79463e-29 -2.43128e-25  1.40126e-29 -5.28387e-26 -1.81515e-30  9.44072e-27 -4.48299e-31  6.11966e-27  2.84517e-31  7.06971e-28 -6.59571e-32  -2.1322e-28  9.18334e-33 -8.36795e-29  -1.2159e-33  -8.0159e-30 -1.42571e-34   1.6419e-30  2.47421e-34  5.90912e-31 -7.16394e-35  6.46052e-32  1.90045e-36 -2.25281e-33  2.63096e-36 -1.55665e-33 -3.43054e-37 -1.95903e-34 -5.24663e-38 -8.32727e-36  1.74818e-38  6.31658e-37 -1.38954e-39  1.08396e-37 -8.32814e-41  5.91686e-39  1.70415e-41  1.22581e-40 -5.47555e-44  -1.5733e-42  -3.8303e-44 -4.30718e-44
 2.14125e-30  4.39144e-35 -1.85626e-28  1.49413e-34  6.34554e-27   2.3351e-34 -1.32321e-25  1.34937e-34  1.94462e-24 -1.82807e-34 -2.16665e-23 -9.04706e-35  1.91194e-22  1.04062e-34 -1.37509e-21   -1.102e-33  8.22151e-21  7.75012e-33  -4.1441e-20 -4.73034e-32   1.7787e-19  2.51511e-31 -6.54605e-19 -1.17367e-30  2.07487e-18  4.84171e-30 -5.67689e-18 -1.77405e-29  1.34086e-17   5.7935e-29 -2.72804e-17 -1.69008e-28  4.75712e-17  4.40924e-28 -7.04776e-17 -1.02876e-27  8.74225e-17  2.14376e-27  -8.8551e-17 -3.97761e-27  6.98445e-17  6.53393e-27 -3.82918e-17 -9.40503e-27   8.7347e-18  1.16289e-26  6.79576e-18 -1.18098e-26 -7.59551e-18  8.58397e-27  2.17405e-18 -1.26228e-27  1.31458e-18  -9.7159e-27 -1.18662e-18  2.28006e-26  2.15702e-20 -3.57541e-26  3.15718e-19  4.61595e-26 -6.99773e-20  -5.1841e-26  -6.6533e-20  5.13521e-26  2.25288e-20 -4.46413e-26  1.32988e-20  3.35027e-26 -4.70475e-21 -2.11456e-26 -2.68139e-21  1.07971e-26  6.71686e-22  -4.2141e-27  5.09354e-22  1.20466e-27 -4.30164e-23 -3.81017e-28 -7.90894e-23  3.38941e-28 -7.17001e-24 -3.32957e-28  8.30107e-24  2.22358e-28  2.39514e-24 -9.84787e-29 -3.47885e-25  2.67304e-29 -2.91817e-25 -2.49539e-30 -3.49652e-26 -1.10494e-30  1.36288e-26  4.79125e-31   5.2803e-27 -7.83292e-32  3.81546e-28  1.05028e-32  -1.8029e-28  -3.6895e-33 -5.42283e-29  2.25462e-34 -4.36315e-30  4.55796e-34  8.31702e-31 -1.44381e-34  2.62739e-31  6.50792e-36  2.70512e-32  3.53084e-36 -1.67958e-34 -3.98195e-37 -3.71275e-34 -7.67877e-38 -4.39594e-35  2.27003e-38 -2.09805e-36 -1.96472e-39  2.40193e-38  -7.6263e-41  7.38385e-39  1.97269e-41  3.17927e-40 -1.65092e-43  3.83884e-42 -2.02446e-44
-2.22118e-35  1.13665e-28  8.94029e-35 -5.61343e-27   2.3351e-34  1.46593e-25  2.95296e-34 -2.54635e-24  1.24931e-34  3.25051e-23 -2.23432e-34 -3.22396e-22 -1.77552e-34  2.57323e-21  1.27514e-33 -1.69246e-20 -1.06886e-32  9.32682e-20  7.04919e-32 -4.35797e-19 -4.03351e-31  1.74106e-18  2.01975e-30 -5.98121e-18 -8.91616e-30  1.77283e-17  3.49044e-29 -4.53931e-17 -1.21685e-28  1.00311e-16  3.78917e-28 -1.90664e-16 -1.05591e-27  3.09675e-16  2.63553e-27 -4.25074e-16 -5.89087e-27   4.8409e-16   1.1775e-26  -4.4267e-16  -2.0987e-26  3.03866e-16  3.31863e-26 -1.28848e-16 -4.61591e-26 -1.50023e-18   5.5609e-26  4.64984e-17 -5.62197e-26 -2.90448e-17  4.39064e-26  6.91437e-19 -1.80754e-26  8.65046e-18 -1.77046e-26 -3.46013e-18  5.71613e-26 -1.36935e-18 -9.36544e-26  1.24943e-18  1.21532e-25  1.20731e-19 -1.36179e-25 -3.13673e-19  1.34318e-25  -3.1514e-21 -1.15769e-25     6.67e-20  8.53091e-26  1.16314e-21 -5.18798e-26 -1.24023e-20  2.45117e-26 -1.14986e-21 -7.87747e-27  1.89101e-21  1.02023e-27  4.18744e-22  2.20034e-28  -1.9921e-22  2.51204e-28  -8.7435e-23 -5.39511e-28  7.08968e-24  4.10164e-28  1.07372e-23  -1.7991e-28  1.54609e-24  4.39469e-29 -6.04867e-25 -1.94191e-30 -2.53608e-25 -2.30312e-30 -1.40209e-26  6.40293e-31  1.24972e-26 -4.19467e-32  3.48384e-27  9.59556e-33  1.60246e-28 -9.54153e-33 -1.06585e-28  1.08594e-33 -2.65923e-29  7.79942e-34 -1.97087e-30 -2.48586e-34  2.74451e-31  1.44266e-35  8.17399e-32  3.30057e-36  8.02626e-33 -2.38729e-37  1.35492e-34 -9.77117e-38 -5.05394e-35  2.44587e-38 -5.68161e-36    -2.37e-39  -2.5148e-37 -5.56625e-41 -2.69364e-39  1.91874e-41   1.5209e-40 -1.96445e-43  2.81278e-42
-4.39673e-29 -5.79489e-35  3.84021e-27  1.26164e-34 -1.32321e-25  2.95296e-34  2.78226e-24  3.22381e-34 -4.12452e-23  1.24283e-34  4.63738e-22 -1.70679e-34 -4.13132e-21 -1.41934e-33  3.00108e-20  1.23497e-32 -1.81321e-19 -9.05259e-32  9.24078e-19  5.59522e-31 -4.01256e-18 -3.01028e-30  1.49494e-17  1.42309e-29 -4.80042e-17 -5.95239e-29   1.3317e-16  2.21424e-28 -3.19235e-16 -7.35263e-28  6.59958e-16  2.18504e-27 -1.17105e-15 -5.82023e-27  1.76877e-15  1.39036e-26 -2.24273e-15 -2.97729e-26  2.33169e-15  5.70606e-26  -1.9022e-15 -9.75855e-26  1.10014e-15  1.48205e-25 -3.00366e-16 -1.98342e-25 -1.57141e-16  2.30898e-25  2.13644e-16 -2.28227e-25 -7.48212e-17  1.81116e-25 -3.03064e-17 -9.49812e-26  3.55295e-17 -1.21253e-26 -3.51557e-18  1.18875e-25 -8.81885e-18 -2.09705e-25  2.81048e-18  2.76187e-25  1.74452e-18 -3.11955e-25 -8.41653e-19  3.10012e-25 -3.36819e-19 -2.67995e-25  1.79893e-19  1.95934e-25  6.98828e-20 -1.15915e-25 -2.87153e-20  5.10661e-26  -1.4424e-20 -1.30694e-26  2.85726e-21 -1.12005e-27  2.50632e-21   2.3792e-27  1.66671e-23 -3.21662e-28  -3.0694e-22 -7.88284e-28 -6.07189e-23  7.00629e-28   1.9211e-23 -2.98988e-28  9.70714e-24  6.26126e-29  5.06176e-25  1.70727e-30 -6.12552e-25 -4.16005e-30 -1.69329e-25  6.06152e-31 -1.65841e-27  8.50682e-32  8.23351e-27  9.25965e-33  1.81087e-27 -2.05003e-32  6.08257e-29  2.32487e-33 -4.51784e-29  1.25091e-33 -9.85245e-30  -3.6921e-34 -7.17297e-31  2.54808e-35  5.46459e-32  9.52168e-37  1.70786e-32  2.28208e-37  1.57999e-33 -1.08623e-37  4.84412e-35  2.17196e-38 -3.23595e-36 -2.45582e-39 -3.55205e-37  -3.1733e-41 -1.21969e-38  1.52025e-41 -1.20294e-40 -1.25865e-43
-1.87076e-35 -1.94256e-27   -1.009e-34  9.67001e-26  1.34937e-34 -2.54635e-24  3.22381e-34  4.46163e-23  3.27876e-34 -5.74736e-22  9.43593e-35  5.75487e-21  8.98803e-34 -4.63928e-20 -1.25722e-32  3.08338e-19  1.00774e-31 -1.71795e-18 -6.79532e-31  8.12047e-18  3.93999e-30 -3.28403e-17 -1.99726e-29  1.14284e-16  8.93062e-29  -3.4341e-16  -3.5446e-28  8.92244e-16  1.25451e-27 -2.00291e-15 -3.97206e-27   3.8723e-15  1.12752e-26 -6.40796e-15 -2.87281e-26  8.98172e-15  6.57146e-26  -1.0479e-14  -1.3485e-25  9.87041e-15  2.47777e-25 -7.05887e-15 -4.06344e-25  3.23994e-15  5.91815e-25 -1.97779e-16 -7.59738e-25 -1.01012e-15  8.49584e-25  7.26945e-16 -8.11035e-25 -7.28425e-17  6.34132e-25 -1.94031e-16 -3.60551e-25  9.74481e-17  6.23551e-26  2.44375e-17  1.98726e-25 -3.25417e-17 -3.98174e-25 -9.24804e-20  5.39665e-25  7.92999e-18 -6.24483e-25 -6.52354e-19  6.36458e-25 -1.68996e-18 -5.60377e-25  1.29877e-19   4.1142e-25  3.26698e-19  -2.3925e-25  2.95722e-22  9.93215e-26 -5.40185e-20 -1.96071e-26 -6.88629e-21 -7.53228e-27  6.63171e-21  7.53949e-27  2.01337e-21 -1.78013e-27 -4.21685e-22 -1.08879e-27 -3.02503e-22  1.13356e-27 -2.10644e-23 -4.58764e-28  2.24296e-23  7.61122e-29   6.6072e-24  1.09352e-29 -1.28232e-25 -6.59206e-30 -4.43215e-25  1.45644e-31 -9.01627e-26  3.32437e-31  1.77679e-27   1.7325e-32  4.06117e-27 -3.71292e-32  7.49243e-28  3.38391e-33  2.41007e-29  1.86973e-33 -1.35842e-29  -4.7682e-34 -2.68973e-30  3.91274e-35 -1.96069e-31  -4.0415e-36  4.86796e-33   9.7907e-37  2.21311e-33 -1.06107e-37  1.87264e-34  1.52285e-38  6.26063e-36 -2.17481e-39 -3.41257e-38 -1.30835e-41 -7.47835e-39  9.21893e-42 -1.05219e-40
 6.35728e-28 -4.94393e-35 -5.59696e-26 -1.42264e-34  1.94462e-24  1.24931e-34 -4.12452e-23  3.27876e-34  6.17009e-22  3.55341e-34 -7.00352e-21   -5.812e-34  6.30164e-20  1.03671e-32 -4.62566e-19 -9.80777e-32  2.82553e-18  7.26589e-31 -1.45668e-17 -4.56866e-30  6.40245e-17  2.48992e-29  -2.4161e-16 -1.19153e-28  7.86451e-16  5.04756e-28 -2.21349e-15 -1.90364e-27  5.38891e-15  6.41763e-27 -1.13279e-14 -1.93944e-26  2.04692e-14  5.26324e-26 -3.15446e-14 -1.28369e-25  4.09194e-14  2.81346e-25 -4.37034e-14 -5.53483e-25  3.69017e-14  9.75155e-25 -2.24995e-14 -1.53312e-24  7.14418e-15  2.13928e-24  2.40314e-15 -2.62859e-24 -4.23938e-15  2.81088e-24  1.78052e-15 -2.56761e-24  4.47813e-16   1.9367e-24 -7.46165e-16 -1.11196e-24  1.36025e-16  3.36271e-25  1.70054e-16  2.39844e-25 -7.45754e-17 -6.18284e-25 -3.04832e-17  8.83693e-25  2.12782e-17 -1.08051e-24  5.46543e-18   1.1639e-24 -4.62743e-18 -1.06667e-24 -1.16662e-18  7.97539e-25   7.9849e-19 -4.60671e-25  2.69525e-19  1.82361e-25 -9.83306e-20 -2.70415e-26 -5.36194e-20 -2.15253e-26  5.06164e-21   1.7553e-26  7.65756e-21 -4.52391e-27  8.73858e-22    -1.51e-27 -6.26769e-22  1.76282e-27 -2.15327e-22 -6.56192e-28  6.63686e-24  7.42912e-29   1.7878e-23  2.82383e-29  3.52817e-24 -9.18239e-30  -2.8203e-25 -9.83175e-31 -2.44283e-25  6.92149e-31 -3.92606e-26  4.60779e-32  1.27851e-27 -5.76496e-32   1.5109e-27  3.34491e-33   2.4443e-28  2.57616e-33  9.18995e-30 -5.39347e-34 -2.77025e-30  5.48183e-35 -5.15492e-31 -1.11918e-35 -3.67342e-32  1.85495e-36 -2.55792e-34 -9.25895e-38  1.53787e-34  7.21128e-39  1.12374e-35 -1.62433e-39  3.07648e-37 -2.87359e-42  1.75002e-39  3.69153e-42
 3.80508e-36  2.43795e-26 -8.12112e-35 -1.22374e-24 -1.82807e-34  3.25051e-23  1.24283e-34 -5.74736e-22  3.55341e-34  7.47428e-21  6.32476e-34 -7.55883e-20 -6.80698e-33  6.15737e-19   8.1031e-32 -4.13732e-18 -6.83515e-31  2.33181e-17  4.71211e-30 -1.11561e-16  -2.7758e-29  4.56959e-16   1.4249e-28 -1.61181e-15 -6.44811e-28  4.91317e-15  2.59158e-27 -1.29618e-14 -9.29864e-27  2.95778e-14  2.98923e-26 -5.82082e-14 -8.63039e-26  9.82172e-14    2.241e-25 -1.40692e-13 -5.23596e-25  1.68308e-13  1.10023e-24 -1.63432e-13 -2.07609e-24  1.21812e-13  3.50849e-24 -6.02796e-14 -5.28818e-24  7.73272e-15  7.06602e-24   1.5937e-14 -8.29741e-24 -1.33852e-14  8.45477e-24  2.34809e-15 -7.33327e-24  3.13838e-15  5.24487e-24 -1.98387e-15 -2.90378e-24 -2.56513e-16  1.02031e-24  6.15133e-16  1.10899e-25 -5.64795e-17 -6.91934e-25 -1.44354e-16   1.1131e-24  2.67558e-17 -1.55696e-24  3.05836e-17  1.88346e-24 -5.70794e-18 -1.85759e-24 -6.12549e-18  1.43796e-24  6.28554e-19 -8.33143e-25  1.09506e-18  3.18104e-25  3.62757e-20 -3.48042e-26 -1.53219e-19 -4.71496e-26 -3.02524e-20  3.43937e-26  1.31798e-20 -8.79646e-27  5.95153e-21 -2.21608e-27 -9.98099e-23  2.65299e-27  -5.6322e-22 -8.79921e-28 -1.15656e-22  4.48893e-29  1.51744e-23  5.51399e-29   1.0795e-23 -1.11173e-29  1.52659e-24  -2.9383e-30  -1.9629e-25  1.09952e-30 -1.04955e-25  1.08417e-31  -1.4145e-26 -7.75967e-32  4.09418e-28  1.34211e-33  4.17396e-28  3.23851e-33  6.09723e-29 -5.39617e-34  2.74184e-30  7.16072e-35 -3.47509e-31 -1.88589e-35 -6.40971e-32  2.62138e-36 -4.22577e-33 -7.46668e-38 -8.69841e-35   2.9102e-40  4.08233e-36 -1.00233e-39  2.40769e-37  4.81246e-43  2.67009e-39
-6.96366e-27  1.12101e-35  6.18204e-25 -9.55413e-35 -2.16665e-23 -2.23432e-34  4.63738e-22  9.43593e-35 -7.00352e-21  6.32476e-34  8.02895e-20  2.85911e-33 -7.29993e-19 -5.29875e-32  5.41726e-18  5.53395e-31 -3.34722e-17 -4.30875e-30  1.74655e-16  2.77474e-29 -7.77462e-16 -1.53546e-28  2.97354e-15  7.43772e-28 -9.81748e-15 -3.18765e-27  2.80524e-14  1.21707e-26 -6.94086e-14 -4.15909e-26  1.48465e-13  1.27616e-25 -2.73404e-13 -3.52312e-25  4.30248e-13  8.76028e-25 -5.71474e-13 -1.96216e-24  6.27556e-13  3.95563e-24 -5.48826e-13 -7.16368e-24  3.52583e-13  1.16177e-23 -1.27588e-13 -1.67921e-23  -2.4339e-14  2.14824e-23  6.37162e-14 -2.40841e-23 -3.17473e-14  2.33194e-23 -3.98065e-15 -1.90751e-23  1.17986e-14  1.27256e-23 -3.20971e-15 -6.51351e-24 -2.40353e-15  2.26271e-24  1.44166e-15 -3.56233e-25  3.62508e-16  -1.9578e-25 -3.95753e-16  6.90797e-25 -5.38539e-17 -1.65113e-24  8.71211e-17  2.64197e-24  1.18577e-17 -2.96806e-24 -1.59717e-17  2.42605e-24 -3.36671e-18 -1.42212e-24  2.26257e-18  5.28732e-25  8.14262e-19  -4.2332e-26 -1.91525e-19  -8.8651e-26 -1.38273e-19   5.9722e-26 -3.54695e-21 -1.45309e-26  1.41137e-20  -3.4725e-27  3.31981e-21  3.86588e-27 -5.08578e-22 -1.10916e-27 -3.71305e-22 -2.36515e-29 -4.77247e-23  9.11295e-29  1.19521e-23 -1.12574e-29  5.14526e-24 -5.69444e-30  5.53075e-25  1.43475e-30 -8.65047e-26   2.1138e-31 -3.51761e-26 -9.08896e-32 -4.18163e-27 -2.85181e-33   5.5014e-29  3.68637e-33  8.23606e-29 -4.87439e-34   1.1028e-29  8.71654e-35   5.5061e-31 -2.47961e-35 -2.08079e-32  3.07145e-36 -4.54078e-33  -5.8201e-38 -2.51467e-34 -3.74993e-39 -5.17792e-36 -4.95191e-40  6.66335e-39  4.99947e-43
 2.05529e-36  -2.3754e-25  1.90576e-35  1.20276e-23 -9.04706e-35 -3.22396e-22 -1.70679e-34  5.75487e-21   -5.812e-34 -7.55883e-20  2.85911e-33  7.72433e-19  1.89232e-32 -6.36121e-18 -3.57506e-31  4.32349e-17  3.41904e-30  -2.4662e-16 -2.47628e-29  1.19494e-15  1.49377e-28 -4.96027e-15 -7.78137e-28  1.77448e-14   3.5625e-27 -5.49067e-14 -1.44791e-26  1.47186e-13  5.25748e-26 -3.41669e-13 -1.71281e-25   6.8497e-13  5.02064e-25 -1.17947e-12 -1.32638e-24  1.72817e-12  3.16051e-24 -2.12168e-12 -6.79108e-24  2.12566e-12  1.31433e-23 -1.65186e-12  -2.2859e-23  8.78378e-13   3.5596e-23 -1.68123e-13 -4.93596e-23 -1.91261e-13  6.04676e-23  1.91655e-13 -6.46871e-23 -4.82238e-14  5.93876e-23 -3.81884e-14  -4.5527e-23   3.0987e-14  2.78347e-23  6.39877e-16 -1.24976e-23  -8.8972e-15  3.63432e-24  1.72094e-15 -1.14319e-24  1.98291e-15  1.62238e-24 -6.15657e-16 -1.47973e-24 -4.12203e-16 -4.90494e-25  1.35496e-16  3.03587e-24  8.52791e-17 -4.35453e-24   -1.991e-17  3.84971e-24 -1.65398e-17 -2.29908e-24  1.21576e-18  8.38124e-25  2.62071e-18 -4.90597e-26  2.62892e-19 -1.49664e-25 -2.79487e-19  9.43981e-26 -8.43902e-20 -2.12671e-26  1.14527e-20 -5.60469e-27  1.03114e-20  5.43857e-27  1.31333e-21 -1.31459e-27 -4.72784e-22 -1.38748e-28 -1.91753e-22  1.32997e-28 -1.53141e-23 -8.37121e-30   6.2247e-24 -8.98188e-30  1.96717e-24  1.55162e-30  1.72919e-25  3.49512e-31 -2.62742e-26  -9.2157e-32 -9.03504e-27 -8.40668e-33 -9.80559e-28   3.7823e-33 -6.71866e-30 -4.16374e-34  1.08307e-29  9.73779e-35  1.33407e-30 -2.71748e-35  6.63794e-32   3.1086e-36  6.89259e-35 -4.48162e-38 -1.43042e-34 -4.66174e-39 -5.49964e-36 -1.85257e-40 -4.87991e-38
 6.03651e-26  5.94354e-36 -5.40584e-24   2.1423e-35  1.91194e-22 -1.77552e-34 -4.13132e-21  8.98803e-34  6.30164e-20 -6.80698e-33 -7.29993e-19  1.89232e-32  6.70988e-18  1.23838e-31 -5.03666e-17 -2.18083e-30  3.14963e-16  1.93058e-29 -1.66433e-15 -1.30545e-28  7.50775e-15  7.39368e-28 -2.91206e-14 -3.63204e-27  9.75853e-14  1.57378e-26 -2.83284e-13 -6.07255e-26  7.12858e-13  2.09899e-25 -1.55279e-12 -6.52449e-25  2.91661e-12  1.82836e-24 -4.69092e-12 -4.62549e-24  6.38557e-12  1.05689e-23 -7.21631e-12 -2.18001e-23  6.54128e-12  4.05312e-23 -4.42591e-12 -6.77415e-23  1.79824e-12  1.01353e-22   1.2884e-13 -1.34911e-22 -7.55437e-13  1.58323e-22  4.45102e-13 -1.61596e-22  7.08368e-15  1.40447e-22 -1.46195e-13 -1.00308e-22  5.46198e-14  5.50412e-23  2.53583e-14 -1.98822e-23 -2.14606e-14   2.9368e-24  -2.6007e-15 -1.47645e-24  5.67946e-15  5.81222e-24  1.35557e-16 -7.24142e-24 -1.25837e-15  3.43735e-24 -3.26106e-17  2.32203e-24  2.42577e-16 -5.85677e-24   2.3881e-17  5.77101e-24 -3.82976e-17 -3.52907e-24  -8.6836e-18  1.26694e-24  4.17844e-18  -5.4352e-26  1.86163e-18 -2.32205e-25 -1.54965e-19  1.38072e-25 -2.35255e-19 -2.81929e-26 -3.41217e-20 -8.91351e-27  1.35639e-20  7.36102e-27  5.73046e-21  -1.4619e-27  3.24525e-22 -3.00866e-28 -2.83662e-22  1.74953e-28 -8.00506e-23 -1.48924e-30 -3.95569e-24 -1.22962e-29  2.36881e-24  1.32702e-30  6.02604e-25  5.01483e-31  4.70176e-26 -7.93476e-32 -5.42051e-27 -1.35126e-32 -1.71339e-27  3.49721e-33 -1.71788e-28 -3.64948e-34 -4.02602e-30  9.76091e-35  8.37579e-31 -2.54842e-35  9.52877e-32  2.76794e-36  4.10339e-33 -3.29143e-38  5.05457e-35 -3.51625e-39 -1.04016e-36 -4.57354e-41
 1.20391e-36  1.86093e-24  1.68724e-36 -9.50889e-23  1.04062e-34  2.57323e-21 -1.41934e-33 -4.63928e-20  1.03671e-32  6.15737e-19 -5.29875e-32 -6.36121e-18  1.23838e-31  5.29886e-17   7.4785e-31  -3.6449e-16 -1.21745e-29  2.10548e-15  1.00245e-28 -1.03377e-14 -6.34627e-28  4.35166e-14  3.38133e-27 -1.57993e-13 -1.56869e-26  4.96594e-13  6.44055e-26 -1.35362e-12 -2.36153e-25  3.19899e-12  7.77631e-25 -6.53858e-12 -2.30788e-24  1.14996e-11  6.18669e-24 -1.72502e-11 -1.49967e-23  2.17546e-11  3.28775e-23 -2.25071e-11 -6.51369e-23  1.82435e-11   1.1641e-22 -1.03953e-11  -1.8709e-22  2.61417e-12  2.69133e-22  1.77749e-12 -3.44124e-22 -2.20848e-12  3.87093e-22  7.31488e-13 -3.77049e-22  3.52777e-13  3.09914e-22 -3.85229e-13 -2.05058e-22  3.18247e-14  9.83285e-23  1.01398e-13 -2.35025e-23 -3.14916e-14 -5.90232e-24 -2.09318e-14  1.19655e-24  1.00519e-14  1.34724e-23  4.16391e-15 -1.92206e-23 -2.25876e-15   1.2332e-23 -8.87199e-16 -5.96277e-25  3.79001e-16 -7.18417e-24  1.89383e-16  8.20356e-24 -4.02579e-17  -5.1525e-24 -3.42787e-17  1.82595e-24  9.37513e-20 -5.77023e-26   4.3931e-18 -3.35574e-25  8.39705e-19   1.8898e-25  -2.9156e-19 -3.43141e-26 -1.42453e-19 -1.35769e-26 -6.47996e-21  9.56416e-27  9.37609e-21 -1.51699e-27    2.538e-21 -5.02518e-28  1.39881e-23  2.09614e-28 -1.26287e-22  9.72692e-30 -2.74272e-23 -1.49851e-29 -9.18346e-25  7.13267e-31  6.70551e-25  6.32645e-31  1.45268e-25 -5.52844e-32  1.07229e-26 -1.60405e-32 -6.91344e-28   2.9413e-33 -2.25534e-28 -3.53533e-34  -2.0621e-29  8.53498e-35 -6.64131e-31 -2.07116e-35  2.87761e-32  2.18032e-36  3.21817e-33 -2.12975e-38  9.34219e-35 -1.81556e-39  6.28705e-37
 -4.2612e-25 -6.63086e-37  3.85102e-23  -9.0901e-35 -1.37509e-21  1.27514e-33  3.00108e-20 -1.25722e-32 -4.62566e-19   8.1031e-32  5.41726e-18 -3.57506e-31 -5.03666e-17   7.4785e-31  3.82628e-16    4.149e-30 -2.42303e-15 -6.26012e-29  1.29742e-14  4.81106e-28 -5.93477e-14 -2.85818e-27  2.33605e-13  1.43501e-26 -7.95111e-13   -6.295e-26  2.34667e-12  2.45122e-25 -6.01048e-12 -8.54714e-25  1.33436e-11  2.68295e-24 -2.55859e-11  -7.6065e-24  4.20957e-11  1.95152e-23 -5.87831e-11 -4.53476e-23  6.84276e-11  9.54319e-23 -6.43386e-11 -1.81695e-22  4.58337e-11  3.12306e-22 -2.06746e-11 -4.82958e-22  6.13591e-13   6.6844e-22  7.23575e-12 -8.21638e-22 -5.06378e-12  8.86581e-22  4.24749e-13 -8.24594e-22   1.4514e-12   6.4069e-22  -7.1981e-13 -3.90667e-22 -1.93624e-13  1.57825e-22  2.54446e-13 -9.83099e-24  6.84383e-16 -3.57359e-23 -6.46577e-14  1.25947e-23  5.87129e-15  2.52366e-23  1.43075e-14 -4.05818e-23 -1.30134e-15  2.88872e-23 -2.88013e-15 -7.04832e-24  4.34902e-17  -7.9444e-24  4.99555e-16  1.10908e-23  5.58979e-17 -7.16316e-24 -6.50883e-17  2.50921e-24 -1.85507e-17 -5.96292e-26  4.58928e-18 -4.55358e-25  2.99814e-18  2.44049e-25  1.63101e-19 -3.87104e-26 -2.38383e-19   -1.958e-26 -6.63324e-20  1.19256e-26  2.34376e-21 -1.45112e-27  4.74569e-21 -7.29437e-28  9.21294e-22  2.29519e-28 -2.75628e-23  2.47291e-29 -4.33384e-23 -1.63896e-29  -7.7213e-24 -2.28932e-31 -2.26511e-25  7.03983e-31  1.38606e-25 -2.71936e-32  2.65587e-26 -1.45193e-32  1.89712e-27   2.3226e-33 -3.86293e-29 -3.72391e-34 -1.86489e-29  6.24492e-35 -1.49551e-30 -1.47071e-35 -4.76459e-32   1.5118e-36  4.97653e-35 -1.10432e-38  2.98164e-35 -5.84894e-40
-3.51987e-36 -1.20026e-23  4.60673e-35  6.19195e-22   -1.102e-33 -1.69246e-20  1.23497e-32  3.08338e-19 -9.80777e-32 -4.13732e-18  5.53395e-31  4.32349e-17 -2.18083e-30  -3.6449e-16    4.149e-30  2.53893e-15  2.12305e-29 -1.48612e-14 -2.98003e-28  7.39884e-14  2.14378e-27 -3.16052e-13 -1.19755e-26  1.16538e-12  5.67368e-26 -3.72359e-12 -2.35577e-25  1.03289e-11  8.70647e-25 -2.48715e-11 -2.88867e-24  5.18743e-11  8.64767e-24 -9.32674e-11   -2.343e-23  1.43372e-10  5.75507e-23  -1.8591e-10 -1.28239e-22  1.98801e-10  2.59152e-22  -1.6816e-10 -4.74358e-22   1.0244e-10  7.84581e-22  -3.1693e-11 -1.16814e-21  -1.2634e-11  1.55665e-21  2.09397e-11  -1.8409e-21 -8.73905e-12  1.90719e-21 -2.38242e-12 -1.69521e-21  3.90187e-12   1.2452e-21 -7.29206e-13 -6.96371e-22 -9.22209e-13  2.24469e-22  4.22748e-13  4.80265e-23  1.67723e-13 -1.09129e-22  -1.2619e-13  4.29161e-23 -3.00577e-14  4.05738e-23  2.87697e-14 -7.44174e-23  6.56945e-15    5.578e-23 -5.25516e-15 -1.83099e-23 -1.61357e-15  -7.7184e-24  7.02178e-16  1.42881e-23  3.45485e-16 -9.48669e-24 -4.55605e-17  3.28983e-24 -5.32259e-17 -6.34697e-26 -4.79781e-18 -5.82913e-25  4.77728e-18  2.99369e-25  1.49037e-18  -4.0788e-26  -8.9279e-20 -2.67089e-26 -1.36023e-19  1.42913e-26 -2.45023e-20 -1.24377e-27  2.70249e-21 -9.63243e-28  1.87317e-21  2.28628e-28  2.79672e-22  4.20396e-29 -1.35041e-23 -1.60028e-29 -1.14944e-23 -1.33253e-30 -1.75792e-24   6.8503e-31 -5.80707e-26 -4.19208e-33  1.98853e-26 -8.92563e-33  3.46816e-27  1.84899e-33  2.34565e-28 -3.89363e-34  1.73427e-30  3.50234e-35 -8.12407e-31 -9.20367e-36   -5.294e-32  9.08018e-37 -1.18938e-33 -4.06436e-39 -4.80586e-36
 2.49826e-24 -2.56217e-35 -2.27953e-22  7.16868e-34  8.22151e-21 -1.06886e-32 -1.81321e-19  1.00774e-31  2.82553e-18 -6.83515e-31 -3.34722e-17  3.41904e-30  3.14963e-16 -1.21745e-29 -2.42303e-15  2.12305e-29  1.55481e-14  1.00667e-28 -8.44165e-14 -1.31917e-27  3.91829e-13  8.90544e-27 -1.56629e-12 -4.68576e-26  5.41884e-12  2.09731e-25 -1.62727e-11 -8.24911e-25  4.24574e-11  2.89527e-24 -9.61504e-11  -9.1441e-24   1.8838e-10  2.61145e-23 -3.17355e-10 -6.76317e-23   4.5505e-10  1.59075e-22 -5.46165e-10 -3.39971e-22   5.3309e-10  6.59894e-22 -3.99761e-10 -1.16163e-21  1.98466e-10  1.84962e-21 -2.35675e-11 -2.65283e-21 -5.66427e-11  3.40604e-21  4.77564e-11 -3.87861e-21 -8.55496e-12  3.86188e-21 -1.16407e-11 -3.28403e-21  7.63737e-12  2.28201e-21  8.88855e-13 -1.16566e-21 -2.45231e-12  2.73808e-22  2.82356e-13  1.94252e-22  5.91788e-13 -2.59763e-22 -1.30651e-13  1.07279e-22 -1.29201e-13  5.71487e-23  2.98946e-14 -1.22813e-22  2.70158e-14  9.48607e-23 -3.97531e-15 -3.51822e-23  -5.1299e-15 -6.16624e-24    2.498e-17  1.75492e-23  7.76025e-16 -1.19659e-23  1.25768e-16  4.12052e-24 -7.50339e-17 -7.77077e-26 -2.93472e-17 -7.05758e-25  1.66808e-18  3.50987e-25  3.11037e-18 -4.04397e-26  5.53723e-19 -3.46127e-26 -1.05749e-19  1.65019e-26 -5.99338e-20 -8.82421e-28 -7.35024e-21 -1.18427e-27  1.33417e-21   2.0335e-28  5.88321e-22  5.94514e-29  7.17811e-23 -1.36047e-29 -3.43717e-24 -2.36397e-30 -2.30846e-24  5.66046e-31 -3.11954e-25  6.24546e-33  -1.2314e-26 -8.26029e-34  1.79206e-27  1.62761e-33  2.94819e-28 -3.71886e-34  1.77227e-29  1.07154e-35  3.30321e-31 -5.13925e-36 -1.25581e-32  4.58058e-37 -5.47566e-34 -8.26908e-40
 3.53368e-36  6.47986e-23 -3.89201e-34 -3.37662e-21  7.75012e-33  9.32682e-20 -9.05259e-32 -1.71795e-18  7.26589e-31  2.33181e-17 -4.30875e-30  -2.4662e-16  1.93058e-29  2.10548e-15 -6.26012e-29 -1.48612e-14  1.00667e-28  8.82031e-14  4.44247e-28 -4.45584e-13  -5.4523e-27  1.93287e-12  3.46165e-26 -7.24381e-12 -1.71811e-25  2.35472e-11  7.27216e-25 -6.65255e-11 -2.71123e-24  1.63363e-10  9.04078e-24 -3.48001e-10 -2.71876e-23  6.40261e-10  7.40821e-23  -1.0096e-09 -1.83401e-22  1.34744e-09  4.13076e-22 -1.49066e-09 -8.46746e-22  1.31651e-09   1.5788e-21 -8.55794e-10 -2.67335e-21  3.13104e-10  4.09926e-21  6.33293e-11 -5.66667e-21 -1.65647e-10  7.01468e-21  8.52282e-11 -7.69825e-21  9.63101e-12  7.37455e-21 -3.26531e-11 -6.00733e-21  9.77207e-12   3.9537e-21  6.65895e-12 -1.83877e-21 -4.46213e-12  2.61581e-22 -9.41306e-13   4.9015e-22  1.26551e-12 -5.30307e-22  1.19355e-13  2.24366e-22 -2.90897e-13  7.06051e-23 -2.64385e-14  -1.8579e-22  5.66192e-14  1.46205e-22  9.16807e-15 -5.75335e-23 -8.75131e-15 -3.13116e-24 -2.61181e-15  2.05213e-23  8.74752e-16 -1.43593e-23  5.02755e-16  4.94036e-24 -1.10818e-17 -1.17851e-25 -5.80344e-17 -8.09217e-25 -1.12917e-17  3.95865e-25  2.71303e-18 -3.80446e-26  1.51116e-18 -4.29083e-26    1.507e-19  1.84111e-26 -5.93103e-20 -3.60469e-28 -2.11959e-20 -1.37346e-27 -1.84776e-21  1.52985e-28  4.40129e-22  7.44262e-29  1.46726e-22 -9.34297e-30  1.54614e-23 -3.08903e-30 -4.89915e-25  3.64235e-31 -3.36169e-25  1.25338e-33 -4.05771e-26  7.25327e-33 -1.78035e-27  1.62098e-33  8.08556e-29 -3.07972e-34  1.40125e-29 -4.99158e-36   6.6229e-31 -2.59737e-36  1.07898e-32  1.83087e-37 -6.68148e-36
-1.23356e-23  1.59263e-34  1.13697e-21 -4.74117e-33  -4.1441e-20  7.04919e-32  9.24078e-19 -6.79532e-31 -1.45668e-17  4.71211e-30  1.74655e-16 -2.47628e-29 -1.66433e-15  1.00245e-28  1.29742e-14 -2.98003e-28 -8.44165e-14  4.44247e-28  4.65064e-13  1.83194e-27 -2.19204e-12 -2.11175e-26  8.90546e-12  1.26335e-25 -3.13422e-11 -5.92208e-25  9.58472e-11  2.37229e-24 -2.54973e-10 -8.38797e-24  5.89561e-10  2.65824e-23 -1.18139e-09 -7.61264e-23  2.03993e-09  1.97915e-22 -3.00664e-09 -4.68311e-22  3.72456e-09  1.00986e-21 -3.77704e-09 -1.98517e-21   2.9813e-09  3.55535e-21 -1.61801e-09 -5.79145e-21  3.22428e-10  8.55449e-21  3.62061e-10 -1.14029e-20 -3.78818e-10  1.36183e-20  1.03915e-10 -1.44158e-20  7.47848e-11   1.3301e-20 -6.67756e-11 -1.03944e-20  1.05871e-12  6.49043e-21  1.94066e-11   -2.743e-21 -4.73152e-12   1.2479e-22 -4.34863e-12  1.00686e-21  1.68743e-12 -9.65249e-22  9.15681e-13  4.12691e-22 -3.93799e-13   7.5115e-23 -1.97911e-13 -2.60465e-22  6.53653e-14  2.07305e-22  4.14929e-14 -8.39498e-23 -6.07793e-15   1.2954e-24 -7.27077e-15  2.27521e-23 -3.28493e-16  -1.6359e-23  8.83721e-16  5.68714e-24  2.12865e-16  -2.0656e-25 -4.99565e-17 -8.79279e-25  -3.1312e-17   4.3273e-25 -2.70725e-18 -3.42987e-26  1.76857e-18 -5.12764e-26  5.81762e-19  1.98883e-26  2.74655e-20  3.23677e-28 -2.31926e-20 -1.51315e-27  -6.1068e-21  7.97999e-29 -4.07635e-22  8.45991e-29  1.03594e-22  -3.7357e-30  2.84603e-23 -3.34257e-30  2.69575e-24  1.20566e-31 -2.29363e-26 -1.63837e-32 -3.29743e-26  1.29194e-32 -3.52541e-27  1.68489e-33 -1.51731e-28 -2.12181e-34  4.56149e-31 -1.09802e-35  2.76441e-31 -1.18916e-36  7.42392e-33  5.03225e-38
-4.30223e-35 -2.96293e-22   2.3834e-33  1.56039e-20 -4.73034e-32 -4.35797e-19  5.59522e-31  8.12047e-18 -4.56866e-30 -1.11561e-16  2.77474e-29  1.19494e-15 -1.30545e-28 -1.03377e-14  4.81106e-28  7.39884e-14 -1.31917e-27 -4.45584e-13  1.83194e-27   2.2858e-12  7.08462e-27  -1.0077e-11 -7.68976e-26  3.84155e-11  4.34194e-25 -1.27154e-10 -1.92433e-24  3.66207e-10  7.30064e-24 -9.17942e-10 -2.44929e-23  1.99917e-09  7.37889e-23 -3.76763e-09  -2.0125e-22  6.10068e-09  4.99134e-22 -8.38925e-09 -1.12851e-21  9.61128e-09  2.32895e-21 -8.86807e-09  -4.3888e-21  6.14204e-09  7.54801e-21 -2.58933e-09 -1.18275e-20   -1.365e-10  1.68323e-20  1.10102e-09 -2.16447e-20 -6.93772e-10  2.49556e-20  1.37999e-11  -2.5503e-20  2.27099e-10  2.26899e-20 -9.76486e-11 -1.70373e-20 -3.67403e-11  1.01152e-20  3.82674e-11 -3.88347e-21  2.28258e-12 -2.08571e-22 -1.03296e-11  1.80968e-21  4.26402e-13 -1.59883e-21  2.37419e-12   6.8476e-22 -1.04064e-13  6.48421e-23 -4.86546e-13 -3.40823e-22 -1.39954e-14  2.72725e-22  8.42727e-14 -1.11636e-22  1.30594e-14  6.77287e-24  -1.0663e-14  2.37156e-23 -3.63166e-15 -1.76281e-23  6.51607e-16  6.31214e-24  5.45718e-16 -3.71015e-25  4.95044e-17 -9.06092e-25 -3.93027e-17  4.62483e-25 -1.29185e-17 -2.99314e-26 -9.38785e-20 -5.95074e-26  7.96578e-19  2.08103e-26  1.82835e-19  1.16371e-27  2.24874e-21 -1.58781e-27 -6.81204e-21 -1.10288e-29 -1.43105e-21   8.8273e-29 -8.18983e-23  2.41262e-30  1.71908e-23 -3.07827e-30  4.12017e-24 -1.12463e-31  3.55364e-25 -3.95641e-32  4.18471e-27  1.48942e-32 -1.92002e-27  1.66149e-33 -1.76762e-28  -1.1427e-34 -6.25139e-30 -9.98948e-36 -5.27091e-32 -4.70807e-37   8.7954e-34
  5.1808e-23 -9.17205e-34 -4.82612e-21  2.68944e-32   1.7787e-19 -4.03351e-31 -4.01256e-18  3.93999e-30  6.40245e-17  -2.7758e-29 -7.77462e-16  1.49377e-28  7.50775e-15 -6.34627e-28 -5.93477e-14  2.14378e-27  3.91829e-13  -5.4523e-27 -2.19204e-12  7.08462e-27  1.05002e-11  2.57774e-26 -4.33913e-11 -2.64019e-25  1.55487e-10  1.40897e-24  -4.8466e-10 -5.90949e-24   1.3158e-09  2.12479e-23 -3.10952e-09 -6.76702e-23  6.37952e-09  1.93857e-22  -1.1303e-08 -5.03546e-22  1.71432e-08  1.19109e-21 -2.19424e-08 -2.57186e-21  2.31393e-08  5.07629e-21 -1.92257e-08 -9.16438e-21  1.13457e-08  1.51283e-20 -3.10736e-09 -2.27993e-20 -1.85053e-09  3.12657e-20  2.55085e-09  -3.8801e-20 -9.54287e-10  4.32161e-20  -3.6903e-10 -4.26725e-20  4.87715e-10  3.66512e-20 -6.89874e-11 -2.64872e-20 -1.26021e-10  1.49915e-20  5.05005e-11 -5.23745e-21  2.50111e-11 -8.00734e-22 -1.61605e-11  2.93636e-21 -4.81269e-12 -2.44073e-21  3.82429e-12  1.04052e-21  1.06811e-12  3.61479e-23 -7.09207e-13 -4.18395e-22 -2.56244e-13  3.34448e-22    9.303e-14 -1.36649e-22   5.3486e-14  1.27773e-23 -4.95062e-15  2.28624e-23 -8.01863e-15 -1.78543e-23 -9.68661e-16  6.79322e-24  6.78111e-16 -6.37403e-25  2.43039e-16 -8.87088e-25   -5.348e-18   4.8797e-25 -2.01953e-17 -2.54129e-26 -4.23448e-18 -6.74749e-26  2.51389e-19  2.10558e-26  2.73953e-19  2.13843e-27  4.77105e-20 -1.58561e-27 -3.16807e-22 -1.11578e-28 -1.51956e-21  8.47907e-29 -2.67593e-22  8.17487e-30 -1.45971e-23 -2.38036e-30  1.88589e-24  -2.8766e-31  4.16161e-25 -5.98966e-32  3.20138e-26  1.33895e-32  7.42073e-28   1.4678e-33 -5.15387e-29  -4.0461e-35 -3.88727e-30  -6.1779e-36 -7.68971e-32 -1.37132e-37
 2.39019e-34  1.15702e-21 -1.25093e-32 -6.16166e-20  2.51511e-31  1.74106e-18 -3.01028e-30 -3.28403e-17  2.48992e-29  4.56959e-16 -1.53546e-28 -4.96027e-15  7.39368e-28  4.35166e-14 -2.85818e-27 -3.16052e-13  8.90544e-27  1.93287e-12 -2.11175e-26  -1.0077e-11  2.57774e-26  4.51869e-11  8.84886e-26 -1.75384e-10 -8.56772e-25  5.91654e-10  4.32654e-24 -1.73874e-09 -1.71877e-23  4.45337e-09  5.86116e-23 -9.92634e-09 -1.77307e-22  1.91836e-08  4.83179e-22 -3.19337e-08 -1.19535e-21  4.52976e-08  2.69568e-21 -5.37998e-08 -5.55481e-21  5.18948e-08  1.04762e-20 -3.82506e-08  -1.8102e-20  1.82495e-08  2.86615e-20 -1.25529e-09 -4.15291e-20 -6.14749e-09  5.48808e-20   4.7814e-09  -6.5756e-20 -6.65398e-10  7.07958e-20 -1.30772e-09 -6.76022e-20   7.8162e-10  5.61174e-20  1.33249e-10 -3.91012e-20  -2.7093e-10  2.11619e-20  2.19958e-11 -6.75488e-21  6.89575e-11 -1.68051e-21 -1.29828e-11  4.37601e-21 -1.56367e-11 -3.46454e-21  3.11651e-12  1.46232e-21  3.34696e-12 -9.96174e-24  -3.9727e-13 -4.83859e-22  -6.4296e-13  3.82972e-22 -1.28656e-14 -1.54447e-22  9.72044e-14  1.87122e-23  1.82948e-14  1.96922e-23 -9.10951e-15 -1.68085e-23 -3.97931e-15  7.14159e-24    1.139e-16 -1.02353e-24  4.01641e-16 -8.28605e-25  8.12824e-17  5.13063e-25 -1.12764e-17 -2.07711e-26 -7.85593e-18  -7.5057e-26 -1.13023e-18  2.05168e-26  1.31783e-19  3.20365e-27  7.40365e-20  -1.5012e-27  1.03936e-20 -2.11715e-28 -1.06358e-22  7.46935e-29 -2.52237e-22  1.27086e-29 -3.83537e-23 -1.43331e-30 -2.08259e-24 -3.77739e-31  1.17092e-25 -7.09785e-32   2.6327e-26  9.75218e-33  1.69713e-27  1.12785e-33   4.0783e-29 -7.54961e-37 -2.74327e-31 -2.70115e-36 -1.60828e-32
-1.86339e-22  4.49619e-33  1.75542e-20 -1.32886e-31 -6.54605e-19  2.01975e-30  1.49494e-17 -1.99726e-29  -2.4161e-16   1.4249e-28  2.97354e-15 -7.78137e-28 -2.91206e-14  3.38133e-27  2.33605e-13 -1.19755e-26 -1.56629e-12  3.46165e-26  8.90546e-12 -7.68976e-26 -4.33913e-11  8.84886e-26  1.82558e-10  2.87248e-25 -6.66691e-10 -2.63292e-24  2.12028e-09  1.25937e-23 -5.88074e-09 -4.74288e-23  1.42192e-08  1.53528e-22 -2.99013e-08 -4.41516e-22   5.4423e-08  1.14518e-21 -8.50405e-08 -2.69864e-21  1.12595e-07  5.79959e-21 -1.23595e-07 -1.13942e-20  1.08117e-07  2.05068e-20 -6.90878e-08   -3.387e-20  2.38009e-08   5.1385e-20  7.03061e-09 -7.15467e-20 -1.46465e-08  9.11148e-20  7.09823e-09 -1.05446e-19  1.19037e-09  1.09816e-19 -2.99409e-09 -1.01493e-19  8.14623e-10  8.15196e-20  6.60151e-10 -5.48646e-20 -4.11198e-10  2.84909e-20 -1.02689e-10 -8.36528e-21  1.22789e-10 -2.82339e-21  1.46372e-11  6.05784e-21 -2.92753e-11 -4.60445e-21 -3.26636e-12  1.91358e-21  5.85135e-12 -6.58662e-23  1.06606e-12 -5.29274e-22 -9.18527e-13  4.08938e-22 -2.96921e-13 -1.60639e-22  9.07578e-14  2.40303e-23  5.68117e-14   1.3842e-23  -2.8061e-16 -1.43967e-23 -6.46743e-15  7.39947e-24 -1.37794e-15 -1.53155e-24  2.76729e-16 -7.45179e-25  1.73783e-16  5.41308e-25  2.03059e-17 -1.56013e-26 -6.06057e-18 -8.20468e-26 -2.42821e-18  1.91302e-26 -2.52161e-19  4.28803e-27  3.97515e-20 -1.33876e-27  1.57123e-20 -3.00316e-28  1.86693e-21  5.96157e-29 -3.34265e-24  1.54484e-29 -2.96783e-23 -4.61139e-31  -3.9418e-24 -3.81752e-31 -2.06869e-25 -7.04685e-32  2.26957e-27  5.66916e-33  8.63927e-28  7.38553e-34  4.04747e-29  1.11355e-35  5.94396e-31 -7.47155e-37
-1.07476e-33 -3.87994e-21  5.75815e-32   2.0908e-19 -1.17367e-30 -5.98121e-18  1.42309e-29  1.14284e-16 -1.19153e-28 -1.61181e-15  7.43772e-28  1.77448e-14 -3.63204e-27 -1.57993e-13  1.43501e-26  1.16538e-12 -4.68576e-26 -7.24381e-12  1.26335e-25  3.84155e-11 -2.64019e-25 -1.75384e-10  2.87248e-25   6.9373e-10  8.83313e-25 -2.38764e-09 -7.67283e-24  7.16753e-09  3.47919e-23 -1.87788e-08 -1.24335e-22  4.28879e-08  3.82486e-22 -8.50972e-08 -1.04688e-21  1.45806e-07  2.58673e-21 -2.13606e-07 -5.80811e-21  2.63307e-07  1.18895e-20 -2.65728e-07 -2.22436e-20  2.08264e-07  3.81386e-20 -1.11005e-07 -6.01066e-20  1.91646e-08  8.72576e-20   2.8517e-08 -1.16672e-19 -2.81425e-08   1.4319e-19  7.14259e-09 -1.60142e-19  6.11149e-09   1.6144e-19 -5.16831e-09 -1.44528e-19 -3.30518e-11  1.12446e-19  1.59006e-09 -7.32389e-20 -3.66253e-10  3.66349e-20 -3.72269e-10 -9.98925e-21  1.39882e-10 -4.14532e-21  8.11193e-11  7.85769e-21 -3.40164e-11 -5.76399e-21   -1.801e-11  2.34255e-21  5.81125e-12 -1.16578e-22  3.86525e-12 -5.50324e-22 -5.41872e-13  4.04916e-22 -6.91159e-13  -1.5177e-22  -3.6424e-14  2.83298e-23  8.49593e-14   5.1747e-24  2.14397e-14 -1.06908e-23 -4.66803e-15  7.62812e-24 -3.12038e-15  -2.1431e-24 -3.04245e-16 -6.56392e-25   1.6862e-16  5.74559e-25  5.90435e-17 -9.27773e-27   3.6092e-18 -8.81004e-26 -2.13295e-18  1.69183e-26 -6.06513e-19  5.29739e-27 -4.85441e-20  -1.1135e-27  8.13799e-21  -3.6717e-28  2.56048e-21  4.19295e-29   2.6602e-22  1.62208e-29  3.16705e-24  3.40515e-31 -2.26958e-24 -3.21316e-31 -2.61697e-25 -6.02129e-32 -1.21025e-26  2.41176e-33 -1.02919e-28  4.02619e-34  9.69848e-30  8.77971e-36  1.91186e-31
