 7.11937e-16  1.02934e-27 -4.11207e-14 -4.44984e-26  8.99575e-13  6.28799e-25  -1.1373e-11 -5.20537e-24  9.41663e-11  2.89545e-23 -5.33868e-10 -1.13147e-22  2.07081e-09  3.11719e-22 -5.24532e-09 -5.86764e-22  7.67143e-09  6.93475e-22 -4.73044e-09 -4.12425e-22  3.39059e-10
 1.02934e-27  5.92142e-14  2.23032e-26 -1.90841e-12 -6.64958e-25   3.1032e-11  7.41041e-24 -3.15075e-10 -5.07448e-23  2.15574e-09   2.3823e-22 -1.01405e-08 -7.88986e-22  3.20556e-08  1.82207e-21 -6.28736e-08 -2.77987e-21  6.27439e-08  2.45047e-21  -1.7662e-08 -8.10141e-22
-4.11207e-14  2.23032e-26  2.38353e-12  2.74484e-25 -5.23201e-11 -6.17794e-24   6.6351e-10  5.58758e-23 -5.50777e-09 -3.19871e-22  3.12751e-08  1.26962e-21 -1.21277e-07 -3.54558e-21    3.059e-07  6.76279e-21 -4.41228e-07 -8.07738e-21  2.59666e-07  4.83584e-21 -1.17986e-08
-4.44984e-26 -1.90841e-12  2.74484e-25  6.17159e-11    2.352e-24 -1.00675e-09 -4.17425e-23  1.02503e-08  3.10607e-22 -7.02779e-08  -1.4911e-21  3.30833e-07  4.99295e-21 -1.04385e-06 -1.16614e-20  2.03138e-06  1.79715e-20 -1.97695e-06 -1.59136e-20  4.96251e-07  5.31608e-21
 8.99575e-13 -6.64958e-25 -5.23201e-11    2.352e-24  1.15216e-09  1.51961e-23 -1.46542e-08 -2.16821e-22  1.21937e-07  1.33341e-21 -6.93418e-07 -5.36996e-21  2.68805e-06  1.51596e-20 -6.75244e-06 -2.93253e-20  9.60638e-06  3.52193e-20 -5.37677e-06 -2.09716e-20  8.41789e-08
 6.28799e-25   3.1032e-11 -6.17794e-24 -1.00675e-09  1.51961e-23  1.64714e-08  7.64955e-23  -1.6814e-07 -8.82861e-22  1.15503e-06  4.48978e-21 -5.44124e-06 -1.52678e-20  1.71396e-05  3.65751e-20 -3.31121e-05 -5.73463e-20  3.14377e-05  4.92863e-20 -6.88248e-06 -1.56943e-20
 -1.1373e-11  7.41041e-24   6.6351e-10 -4.17425e-23 -1.46542e-08  7.64955e-23  1.86879e-07  3.03073e-22 -1.55842e-06 -2.82047e-21  8.87461e-06  1.19702e-20 -3.43986e-05 -3.55021e-20  8.61202e-05  7.27768e-20 -0.000121034 -8.49568e-20  6.43861e-05  3.96818e-20    1.171e-06
-5.20537e-24 -3.15075e-10  5.58758e-23  1.02503e-08 -2.16821e-22  -1.6814e-07  3.03073e-22  1.72027e-06  9.38119e-22 -1.18382e-05 -7.04996e-21  5.58165e-05  2.68138e-20 -0.000175653 -7.54414e-20  0.000337537  1.26712e-19 -0.000313769  -7.9564e-20  5.85198e-05 -3.65074e-21
 9.41663e-11 -5.07448e-23 -5.50777e-09  3.10607e-22  1.21937e-07 -8.82861e-22 -1.55842e-06  9.38119e-22  1.30204e-05  2.23806e-21 -7.42495e-05 -1.52076e-20  0.000287947  6.55913e-20 -0.000719887 -1.81262e-19   0.00100406  2.05508e-19 -0.000510851  3.95894e-21 -2.87476e-05
 2.89545e-23  2.15574e-09 -3.19871e-22 -7.02779e-08  1.33341e-21  1.15503e-06 -2.82047e-21 -1.18382e-05  2.23806e-21  8.15926e-05  4.69635e-21 -0.000385208 -4.53124e-20   0.00121328  2.31856e-19  -0.00232978 -5.09676e-19    0.0021422  3.03592e-19 -0.000335667  1.37454e-19
-5.33868e-10   2.3823e-22  3.12751e-08  -1.4911e-21 -6.93418e-07  4.48978e-21  8.87461e-06 -7.04996e-21 -7.42495e-05  4.69635e-21   0.00042407  1.63668e-20  -0.00164794 -2.17033e-19   0.00413212   8.8551e-19  -0.00577968 -1.31182e-18   0.00287376  3.51627e-19  0.000279972
-1.13147e-22 -1.01405e-08  1.26962e-21  3.30833e-07 -5.36996e-21 -5.44124e-06  1.19702e-20  5.58165e-05 -1.52076e-20 -0.000385208  1.63668e-20   0.00182299  9.15371e-20  -0.00576923  -9.4724e-19    0.0111805  2.65917e-18   -0.0104069  -2.5473e-18   0.00141517   2.6622e-19
 2.07081e-09 -7.88986e-22 -1.21277e-07  4.99295e-21  2.68805e-06 -1.52678e-20 -3.43986e-05  2.68138e-20  0.000287947 -4.53124e-20  -0.00164794  9.15371e-20     0.006438  4.19007e-19   -0.0163389  -2.9865e-18    0.0234237  5.70287e-18   -0.0119956  -3.3676e-18  -0.00163692
 3.11719e-22  3.20556e-08 -3.54558e-21 -1.04385e-06  1.51596e-20  1.71396e-05 -3.55021e-20 -0.000175653  6.55913e-20   0.00121328 -2.17033e-19  -0.00576923  4.19007e-19    0.0184949  1.34043e-18   -0.0369122 -6.59821e-18    0.0364782  8.40536e-18  -0.00508618 -2.60769e-18
-5.24532e-09  1.82207e-21    3.059e-07 -1.16614e-20 -6.75244e-06  3.65751e-20  8.61202e-05 -7.54414e-20 -0.000719887  2.31856e-19   0.00413212  -9.4724e-19   -0.0163389  1.34043e-18    0.0427583  2.98626e-18   -0.0656172 -1.00925e-17    0.0386017  7.99317e-18   0.00615233
-5.86764e-22 -6.28736e-08  6.76279e-21  2.03138e-06 -2.93253e-20 -3.31121e-05  7.27768e-20  0.000337537 -1.81262e-19  -0.00232978   8.8551e-19    0.0111805  -2.9865e-18   -0.0369122  2.98626e-18    0.0790065  4.62127e-18    -0.090956 -1.03605e-17    0.0187758  4.13286e-18
 7.67143e-09 -2.77987e-21 -4.41228e-07  1.79715e-20  9.60638e-06 -5.73463e-20 -0.000121034  1.26712e-19   0.00100406 -5.09676e-19  -0.00577968  2.65917e-18    0.0234237 -6.59821e-18   -0.0656172  4.62127e-18     0.117411  4.87744e-18   -0.0973922  -6.6894e-18   -0.0133886
 6.93475e-22  6.27439e-08 -8.07738e-21 -1.97695e-06  3.52193e-20  3.14377e-05 -8.49568e-20 -0.000313769  2.05508e-19    0.0021422 -1.31182e-18   -0.0104069  5.70287e-18    0.0364782 -1.00925e-17    -0.090956  4.87744e-18     0.146346   3.4083e-18   -0.0707838 -2.35945e-18
-4.73044e-09  2.45047e-21  2.59666e-07 -1.59136e-20 -5.37677e-06  4.92863e-20  6.43861e-05  -7.9564e-20 -0.000510851  3.03592e-19   0.00287376  -2.5473e-18   -0.0119956  8.40536e-18    0.0386017 -1.03605e-17   -0.0973922   3.4083e-18     0.174074  1.53719e-18  -0.00134384
-4.12425e-22  -1.7662e-08  4.83584e-21  4.96251e-07 -2.09716e-20 -6.88248e-06  3.96818e-20  5.85198e-05  3.95894e-21 -0.000335667  3.51627e-19   0.00141517  -3.3676e-18  -0.00508618  7.99317e-18    0.0187758  -6.6894e-18   -0.0707838  1.53719e-18     0.220147  4.31942e-19
 3.39059e-10 -8.10141e-22 -1.17986e-08  5.31608e-21  8.41789e-08 -1.56943e-20    1.171e-06 -3.65074e-21 -2.87476e-05  1.37454e-19  0.000279972   2.6622e-19  -0.00163692 -2.60769e-18   0.00615233  4.13286e-18   -0.0133886 -2.35945e-18  -0.00134384  4.31942e-19      0.19298
