  0.00790351  -4.9506e-18   -0.0194858  1.90882e-17   0.00880487 -1.80221e-17   0.00403497  5.79046e-18  -0.00174242  2.22132e-19  -0.00110851 -3.07253e-19  5.19301e-05 -7.86065e-20  0.000149076  4.29679e-20  2.82489e-05  2.43526e-21  -1.5475e-06 -6.62972e-22 -4.93469e-07
 -4.9506e-18    0.0325913 -1.19275e-17   -0.0408094  3.14428e-17   0.00604613  -2.1169e-17     0.010803  3.27389e-18 -0.000561253  1.50104e-18  -0.00233174 -4.32652e-19 -0.000395375 -1.45604e-19  0.000185872  6.10347e-20  6.68422e-05  1.94251e-22  4.07534e-06  1.06771e-21
  -0.0194858 -1.19275e-17    0.0628722 -1.68582e-17   -0.0483755  3.38309e-17  -0.00585205 -1.61569e-17    0.0146918  1.97455e-19   0.00280678  1.97928e-18    -0.002677 -6.11013e-19  -0.00102809   -1.311e-19  6.16409e-05  8.76442e-21  7.12275e-05 -1.93006e-21   6.1244e-06
 1.90882e-17   -0.0408094 -1.68582e-17    0.0778414 -1.81842e-17   -0.0397832  2.82451e-17   -0.0180033 -1.02684e-17    0.0138304 -7.81568e-20    0.0063569  1.54361e-18  -0.00192585 -5.83236e-19  -0.00145116 -1.88218e-19 -0.000142437 -9.06957e-20  3.52065e-05 -3.63587e-21
  0.00880487  3.14428e-17   -0.0483755 -1.81842e-17    0.0736054 -1.53401e-17   -0.0259138  1.80791e-17   -0.0252157 -6.08748e-18    0.0101301  1.18132e-18   0.00880172  1.35736e-18 -0.000487603 -1.29992e-19  -0.00144959 -3.30895e-19 -0.000282385 -1.52032e-19   -1.758e-06
-1.80221e-17   0.00604613  3.38309e-17   -0.0397832 -1.53401e-17    0.0617074 -9.25839e-18   -0.0150292  7.71667e-18   -0.0281275  -3.8906e-18   0.00564905  2.02859e-18   0.00990436  2.28577e-18   0.00114501   6.2744e-19   -0.0010248 -3.95406e-19 -0.000263319 -1.15788e-19
  0.00403497  -2.1169e-17  -0.00585205  2.82451e-17   -0.0259138 -9.25839e-18    0.0517091 -3.03469e-18  -0.00827407  2.90433e-19   -0.0289223 -4.45086e-18   0.00123679  1.77658e-18   0.00979253   3.9708e-18   0.00254798  1.30517e-18 -0.000369136 -2.82015e-19  -0.00012263
 5.79046e-18     0.010803 -1.61569e-17   -0.0180033  1.80791e-17   -0.0150292 -3.03469e-18    0.0456786  1.59209e-18  -0.00399573 -4.24131e-18   -0.0289334 -8.25906e-18  -0.00300678  6.37299e-19   0.00853533  5.14831e-18   0.00330444  1.52246e-18  0.000169342 -1.01413e-19
 -0.00174242  3.27389e-18    0.0146918 -1.02684e-17   -0.0252157  7.71667e-18  -0.00827407  1.59209e-18     0.042438  5.99409e-18 -0.000812034 -7.39301e-18   -0.0286401 -1.40034e-17  -0.00717884 -1.17972e-18   0.00611396  4.70516e-18   0.00305617  1.12254e-18  0.000286676
 2.22132e-19 -0.000561253  1.97455e-19    0.0138304 -6.08748e-18   -0.0281275  2.90433e-19  -0.00399573  5.99409e-18    0.0408785  1.19695e-17   0.00202588 -9.84812e-18   -0.0280761 -1.92765e-17   -0.0112476 -3.80329e-18   0.00270371  2.55667e-18   0.00185826  3.95052e-19
 -0.00110851  1.50104e-18   0.00280678 -7.81568e-20    0.0101301  -3.8906e-18   -0.0289223 -4.24131e-18 -0.000812034  1.19695e-17    0.0405213  1.91794e-17   0.00501897 -1.10312e-17   -0.0269127 -2.24493e-17   -0.0146711 -7.00128e-18  -0.00080465 -2.73061e-20  0.000510562
-3.07253e-19  -0.00233174  1.97928e-18    0.0063569  1.18132e-18   0.00564905 -4.45086e-18   -0.0289334 -7.39301e-18   0.00202588  1.91794e-17    0.0412918  2.60699e-17   0.00876029 -9.88055e-18   -0.0242283 -2.29503e-17   -0.0159957 -9.19135e-18  -0.00274317 -1.15579e-18
 5.19301e-05 -4.32652e-19    -0.002677  1.54361e-18   0.00880172  2.02859e-18   0.00123679 -8.25906e-18   -0.0286401 -9.84812e-18   0.00501897  2.60699e-17    0.0434534  3.23493e-17     0.014248 -5.50789e-18   -0.0183797 -2.00612e-17   -0.0134117 -8.19835e-18  -0.00211772
-7.86065e-20 -0.000395375 -6.11013e-19  -0.00192585  1.35736e-18   0.00990436  1.77658e-18  -0.00300678 -1.40034e-17   -0.0280761 -1.10312e-17   0.00876029  3.23493e-17     0.047739  3.94131e-17    0.0228424   2.2936e-18  -0.00821043 -1.32715e-17  -0.00719115 -4.17337e-18
 0.000149076 -1.45604e-19  -0.00102809 -5.83236e-19 -0.000487603  2.28577e-18   0.00979253  6.37299e-19  -0.00717884 -1.92765e-17   -0.0269127 -9.88055e-18     0.014248  3.94131e-17     0.055163  4.79241e-17    0.0346361  1.18048e-17   0.00384618 -4.87006e-18  -0.00133904
 4.29679e-20  0.000185872   -1.311e-19  -0.00145116 -1.29992e-19   0.00114501   3.9708e-18   0.00853533 -1.17972e-18   -0.0112476 -2.24493e-17   -0.0242283 -5.50789e-18    0.0228424  4.79241e-17     0.065215  5.49644e-17    0.0451111   1.8241e-17    0.0109069  2.94129e-19
 2.82489e-05  6.10347e-20  6.16409e-05 -1.88218e-19  -0.00144959   6.2744e-19   0.00254798  5.14831e-18   0.00611396 -3.80329e-18   -0.0146711 -2.29503e-17   -0.0183797   2.2936e-18    0.0346361  5.49644e-17    0.0724675  5.42277e-17    0.0453225  1.66304e-17   0.00842954
 2.43526e-21  6.68422e-05  8.76442e-21 -0.000142437 -3.30895e-19   -0.0010248  1.30517e-18   0.00330444  4.70516e-18   0.00270371 -7.00128e-18   -0.0159957 -2.00612e-17  -0.00821043  1.18048e-17    0.0451111  5.42277e-17    0.0672292  4.15266e-17    0.0312596  8.33718e-18
 -1.5475e-06  1.94251e-22  7.12275e-05 -9.06957e-20 -0.000282385 -3.95406e-19 -0.000369136  1.52246e-18   0.00305617  2.55667e-18  -0.00080465 -9.19135e-18   -0.0134117 -1.32715e-17   0.00384618   1.8241e-17    0.0453225  4.15266e-17    0.0459142  2.17459e-17    0.0121936
-6.62972e-22  4.07534e-06 -1.93006e-21  3.52065e-05 -1.52032e-19 -0.000263319 -2.82015e-19  0.000169342  1.12254e-18   0.00185826 -2.73061e-20  -0.00274317 -8.19835e-18  -0.00719115 -4.87006e-18    0.0109069  1.66304e-17    0.0312596  2.17459e-17    0.0198028  6.21562e-18
-4.93469e-07  1.06771e-21   6.1244e-06 -3.63587e-21   -1.758e-06 -1.15788e-19  -0.00012263 -1.01413e-19  0.000286676  3.95052e-19  0.000510562 -1.15579e-18  -0.00211772 -4.17337e-18  -0.00133904  2.94129e-19   0.00842954  8.33718e-18    0.0121936  6.21562e-18   0.00397746
