 2.14841e-10 -3.13136e-27 -6.27484e-09  3.19415e-26  6.41413e-08  4.88787e-26 -3.42385e-07 -1.67977e-24  1.04415e-06  8.09112e-24 -1.78568e-06 -1.17549e-23  1.47957e-06 -8.80719e-24 -2.81527e-07  4.42484e-23 -1.87185e-07 -6.58453e-23  1.89606e-08  4.70951e-23  4.37124e-09
-3.13136e-27  9.20163e-09  5.01299e-27 -1.44792e-07 -8.23563e-25   1.0533e-06  1.00016e-23 -4.26622e-06 -5.84506e-23  9.92092e-06  1.71493e-22  -1.2339e-05 -2.41136e-22  6.12861e-06  1.66798e-22  7.15089e-07 -5.29222e-23 -7.68548e-07 -9.15066e-23  -6.6507e-08  7.74702e-23
-6.27484e-09  5.01299e-27  1.84598e-07  5.38995e-25 -1.90628e-06  -1.3334e-23  1.03194e-05  1.12532e-22 -3.20722e-05 -4.79791e-22  5.62421e-05  9.69893e-22 -4.81243e-05 -8.75215e-22  9.48546e-06  5.01755e-22  6.69594e-06 -3.42658e-22 -7.07383e-07 -1.10758e-22 -1.72882e-07
 3.19415e-26 -1.44792e-07  5.38995e-25  2.30194e-06  6.03731e-24 -1.69887e-05 -1.12188e-22  7.01864e-05   7.6964e-22 -0.000167664 -2.34939e-21  0.000216231  2.74083e-21 -0.000112972 -3.75849e-22 -1.31063e-05 -3.18697e-22   1.5755e-05 -3.03891e-22  1.39862e-06 -2.18298e-22
 6.41413e-08 -8.23563e-25 -1.90628e-06  6.03731e-24  1.99736e-05  4.64362e-23 -0.000110339 -7.78229e-22   0.00035264  4.15659e-21 -0.000642565 -8.42929e-21  0.000580352  3.23301e-21 -0.000127752  6.85681e-21 -8.81554e-05 -4.68661e-21  1.10564e-05   8.2821e-22  2.62183e-06
 4.88787e-26   1.0533e-06  -1.3334e-23 -1.69887e-05  4.64362e-23  0.000127966  3.38078e-22 -0.000543936 -4.74307e-21   0.00135166  1.85516e-20  -0.00184268 -2.40241e-20   0.00105107 -5.15202e-21  9.87166e-05   2.6928e-20  -0.00016535 -1.25868e-20 -1.37291e-05  2.49022e-21
-3.42385e-07  1.00016e-23  1.03194e-05 -1.12188e-22 -0.000110339  3.38078e-22  0.000627243  2.19958e-21  -0.00208648 -2.34343e-20   0.00402166  6.64472e-20  -0.00394704 -5.56581e-20   0.00105759 -3.03256e-20  0.000644672  5.32983e-20 -0.000111016 -1.91132e-20 -2.33961e-05
-1.67977e-24 -4.26622e-06  1.12532e-22  7.01864e-05 -7.78229e-22 -0.000543936  2.19958e-21   0.00240686  1.12527e-20  -0.00632881 -8.90617e-20   0.00935957  1.85879e-19    -0.006111 -1.05452e-19  -0.00024779 -6.26848e-20    0.0011011  6.00471e-20  7.19955e-05 -1.78564e-20
 1.04415e-06 -5.84506e-23 -3.20722e-05   7.6964e-22   0.00035264 -4.74307e-21  -0.00208648  1.12527e-20   0.00734486  4.33883e-20    -0.015347 -2.57451e-19    0.0170131  4.01878e-19  -0.00604499  -1.6772e-19  -0.00286758 -6.70286e-20  0.000797051  2.51683e-20  0.000139026
 8.09112e-24  9.92092e-06 -4.79791e-22 -0.000167664  4.15659e-21   0.00135166 -2.34343e-20  -0.00632881  4.33883e-20    0.0180365  1.26234e-19   -0.0299911 -5.66246e-19    0.0237871  6.70589e-19  -0.00141973 -2.39439e-19  -0.00496914 -2.32534e-20 -0.000138818 -3.01569e-20
-1.78568e-06  1.71493e-22  5.62421e-05 -2.34939e-21 -0.000642565  1.85516e-20   0.00402166 -8.90617e-20    -0.015347  1.26234e-19    0.0360117  2.78238e-19   -0.0475563 -9.37546e-19    0.0243252  8.65953e-19   0.00717769 -3.30386e-19  -0.00416444  1.85776e-20 -0.000562708
-1.17549e-23  -1.2339e-05  9.69893e-22  0.000216231 -8.42929e-21  -0.00184268  6.64472e-20   0.00935957 -2.57451e-19   -0.0299911  2.78238e-19    0.0591407  4.55793e-19   -0.0616325 -1.10767e-18    0.0147975  8.71569e-19     0.014837 -4.30093e-19 -0.000795797 -1.08134e-20
 1.47957e-06 -2.41136e-22 -4.81243e-05  2.74083e-21  0.000580352 -2.40241e-20  -0.00394704  1.85879e-19    0.0170131 -5.66246e-19   -0.0475563  4.55793e-19    0.0812274   5.0399e-19   -0.0658111 -7.33016e-19  -0.00343254  6.90899e-19    0.0153311 -4.30831e-19   0.00139754
-8.80719e-24  6.12861e-06 -8.75215e-22 -0.000112972  3.23301e-21   0.00105107 -5.56581e-20    -0.006111  4.01878e-19    0.0237871 -9.37546e-19   -0.0616325   5.0399e-19    0.0959035  2.20063e-19   -0.0579981  3.03663e-19   -0.0234933  4.75638e-19   0.00756486 -1.95654e-19
-2.81527e-07  1.66798e-22  9.48546e-06 -3.75849e-22 -0.000127752 -5.15202e-21   0.00105759 -1.05452e-19  -0.00604499  6.70589e-19    0.0243252 -1.10767e-18   -0.0658111  2.20063e-19      0.10198 -3.10235e-19   -0.0399374  1.71916e-18   -0.0350753  5.73679e-19 -0.000682437
 4.42484e-23  7.15089e-07  5.01755e-22 -1.31063e-05  6.85681e-21  9.87166e-05 -3.03256e-20  -0.00024779  -1.6772e-19  -0.00141973  8.65953e-19    0.0147975 -7.33016e-19   -0.0579981 -3.10235e-19     0.104999  -1.8081e-19    -0.012676  3.20369e-18   -0.0292109  1.06463e-18
-1.87185e-07 -5.29222e-23  6.69594e-06 -3.18697e-22 -8.81554e-05   2.6928e-20  0.000644672 -6.26848e-20  -0.00286758 -2.39439e-19   0.00717769  8.71569e-19  -0.00343254  3.03663e-19   -0.0399374  -1.8081e-19     0.113215  2.08859e-18    0.0217842  4.59362e-18   -0.0102894
-6.58453e-23 -7.68548e-07 -3.42658e-22   1.5755e-05 -4.68661e-21  -0.00016535  5.32983e-20    0.0011011 -6.70286e-20  -0.00496914 -3.30386e-19     0.014837  6.90899e-19   -0.0234933  1.71916e-18    -0.012676  2.08859e-18     0.127573  6.29688e-18    0.0476748  4.52803e-18
 1.89606e-08 -9.15066e-23 -7.07383e-07 -3.03891e-22  1.10564e-05 -1.25868e-20 -0.000111016  6.00471e-20  0.000797051 -2.32534e-20  -0.00416444 -4.30093e-19    0.0153311  4.75638e-19   -0.0350753  3.20369e-18    0.0217842  6.29688e-18     0.128989  8.62379e-18    0.0398964
 4.70951e-23  -6.6507e-08 -1.10758e-22  1.39862e-06   8.2821e-22 -1.37291e-05 -1.91132e-20  7.19955e-05  2.51683e-20 -0.000138818  1.85776e-20 -0.000795797 -4.30831e-19   0.00756486  5.73679e-19   -0.0292109  4.59362e-18    0.0476748  8.62379e-18    0.0913052  5.60607e-18
 4.37124e-09  7.74702e-23 -1.72882e-07 -2.18298e-22  2.62183e-06  2.49022e-21 -2.33961e-05 -1.78564e-20  0.000139026 -3.01569e-20 -0.000562708 -1.08134e-20   0.00139754 -1.95654e-19 -0.000682437  1.06463e-18   -0.0102894  4.52803e-18    0.0398964  5.60607e-18    0.0310888
