  0.00514161  4.53158e-18   -0.0210064 -7.27452e-18    0.0121664 -1.39232e-20    0.0108954 -6.39889e-19   0.00292407 -5.54888e-18 -0.000333555   -4.362e-18 -0.000489199 -1.73758e-18  -0.00016488 -4.18665e-19 -2.89997e-05 -6.03647e-20 -2.62449e-06 -4.32964e-21 -8.15091e-08
 4.53158e-18    0.0348147   6.4503e-20   -0.0615449  2.94627e-17  -0.00200272  -6.7263e-18    0.0226473 -2.24295e-17    0.0172669 -1.75279e-17   0.00793285 -7.90602e-18    0.0025501 -2.28269e-18  0.000566297  -4.1921e-19  7.98864e-05 -4.40248e-20  5.75319e-06 -1.75027e-21
  -0.0210064   6.4503e-20    0.0961349 -3.39269e-17   -0.0782252  8.90104e-17   -0.0470241  1.67634e-17   0.00191596 -1.92544e-17    0.0134872 -1.59156e-17   0.00754334 -6.15494e-18   0.00226779 -1.42561e-18   0.00040842 -1.95892e-19  4.07803e-05 -1.32498e-20   1.5095e-06
-7.27452e-18   -0.0615449 -3.39269e-17     0.139378  -6.3218e-17    -0.038057  9.85677e-17   -0.0727532  7.12642e-17   -0.0392431  2.75294e-17   -0.0142851  8.18754e-18  -0.00406354  2.00242e-18 -0.000882018  3.69703e-19   -0.0001293  4.25299e-20 -9.95156e-06  1.91121e-21
   0.0121664  2.94627e-17   -0.0782252  -6.3218e-17     0.121154 -8.60349e-17    0.0100526  7.13272e-17   -0.0589682  9.28912e-17   -0.0512139  5.25874e-17   -0.0234217  1.85796e-17  -0.00675967  4.27256e-18  -0.00123747  6.05717e-19 -0.000129437  4.32419e-20 -5.12411e-06
-1.39232e-20  -0.00200272  8.90104e-17    -0.038057 -8.60349e-17    0.0846536 -9.91786e-17    0.0271028  1.96989e-17   -0.0253972  4.90487e-17   -0.0239609  2.66584e-17  -0.00967857  8.03528e-18  -0.00228974  1.46413e-18 -0.000319079  1.48756e-19 -2.18533e-05  5.63279e-21
   0.0108954  -6.7263e-18   -0.0470241  9.85677e-17    0.0100526 -9.91786e-17    0.0760976 -1.20606e-16    0.0476527 -5.46093e-17     0.017556 -1.72658e-17   0.00509233 -4.63072e-18   0.00127361 -1.04532e-18  0.000249173 -1.67842e-19   3.0592e-05  -1.4277e-20  1.45909e-06
-6.39889e-19    0.0226473  1.67634e-17   -0.0727532  7.13272e-17    0.0271028 -1.20606e-16     0.091527 -1.66891e-16    0.0804911 -1.10676e-16    0.0422727 -4.71953e-17     0.014778 -1.35316e-17   0.00344996 -2.53157e-18  0.000503204 -2.74684e-19  3.72584e-05 -1.13803e-20
  0.00292407 -2.24295e-17   0.00191596  7.12642e-17   -0.0589682  1.96989e-17    0.0476527 -1.66891e-16      0.11156 -1.90863e-16    0.0857946 -1.09624e-16    0.0385922  -3.9492e-17     0.011224 -9.25416e-18     0.002092 -1.33812e-18  0.000224197 -9.76404e-20  9.13712e-06
-5.54888e-18    0.0172669 -1.92544e-17   -0.0392431  9.28912e-17   -0.0253972 -5.46093e-17    0.0804911 -1.90863e-16     0.104976 -1.57158e-16    0.0626879 -7.22618e-17    0.0228692 -2.11434e-17   0.00536915 -3.93717e-18  0.000774022 -4.20141e-19  5.61722e-05 -1.70213e-20
-0.000333555 -1.75279e-17    0.0134872  2.75294e-17   -0.0512139  4.90487e-17     0.017556 -1.10676e-16    0.0857946 -1.57158e-16    0.0730867 -9.56745e-17    0.0339637 -3.50992e-17   0.00996568 -8.24659e-18   0.00185478  -1.1871e-18  0.000197507  -8.5929e-20  7.97809e-06
  -4.362e-18   0.00793285 -1.59156e-17   -0.0142851  5.25874e-17   -0.0239609 -1.72658e-17    0.0422727 -1.09624e-16    0.0626879 -9.56745e-17    0.0385725 -4.47555e-17    0.0141998 -1.31556e-17    0.0033382 -2.44809e-18  0.000480187 -2.60404e-19  3.47111e-05 -1.05024e-20
-0.000489199 -7.90602e-18   0.00754334  8.18754e-18   -0.0234217  2.66584e-17   0.00509233 -4.71953e-17    0.0385922 -7.22618e-17    0.0339637 -4.47555e-17    0.0159365  -1.6505e-17   0.00468865 -3.88119e-18  0.000872419 -5.58081e-19  9.27464e-05 -4.03133e-20  3.73755e-06
-1.73758e-18    0.0025501 -6.15494e-18  -0.00406354  1.85796e-17  -0.00967857 -4.63072e-18     0.014778  -3.9492e-17    0.0228692 -3.50992e-17    0.0141998  -1.6505e-17   0.00524171 -4.85857e-18   0.00123283 -9.04026e-19  0.000177241  -9.6081e-20  1.27987e-05  -3.8704e-21
 -0.00016488 -2.28269e-18   0.00226779  2.00242e-18  -0.00675967  8.03528e-18   0.00127361 -1.35316e-17     0.011224 -2.11434e-17   0.00996568 -1.31556e-17   0.00468865 -4.85857e-18   0.00138056 -1.14286e-18   0.00025689 -1.64302e-19   2.7301e-05 -1.18634e-20  1.09965e-06
-4.18665e-19  0.000566297 -1.42561e-18 -0.000882018  4.27256e-18  -0.00228974 -1.04532e-18   0.00344996 -9.25416e-18   0.00536915 -8.24659e-18    0.0033382 -3.88119e-18   0.00123283 -1.14286e-18  0.000290005  -2.1267e-19  4.16946e-05 -2.26029e-20  3.01075e-06  -9.1048e-22
-2.89997e-05  -4.1921e-19   0.00040842  3.69703e-19  -0.00123747  1.46413e-18  0.000249173 -2.53157e-18     0.002092 -3.93717e-18   0.00185478 -2.44809e-18  0.000872419 -9.04026e-19   0.00025689  -2.1267e-19  4.78089e-05 -3.05804e-20  5.08209e-06 -2.20863e-21  2.04758e-07
-6.03647e-20  7.98864e-05 -1.95892e-19   -0.0001293  6.05717e-19 -0.000319079 -1.67842e-19  0.000503204 -1.33812e-18  0.000774022  -1.1871e-18  0.000480187 -5.58081e-19  0.000177241 -1.64302e-19  4.16946e-05 -3.05804e-20  5.99637e-06 -3.25143e-21  4.33196e-07  -1.3104e-22
-2.62449e-06 -4.40248e-20  4.07803e-05  4.25299e-20 -0.000129437  1.48756e-19   3.0592e-05 -2.74684e-19  0.000224197 -4.20141e-19  0.000197507 -2.60404e-19  9.27464e-05  -9.6081e-20   2.7301e-05 -2.26029e-20  5.08209e-06 -3.25143e-21  5.40506e-07 -2.34973e-22  2.17919e-08
-4.32964e-21  5.75319e-06 -1.32498e-20 -9.95156e-06  4.32419e-20 -2.18533e-05  -1.4277e-20  3.72584e-05 -9.76404e-20  5.61722e-05  -8.5929e-20  3.47111e-05 -4.03133e-20  1.27987e-05 -1.18634e-20  3.01075e-06 -2.20863e-21  4.33196e-07 -2.34973e-22   3.1318e-08 -9.47762e-24
-8.15091e-08 -1.75027e-21   1.5095e-06  1.91121e-21 -5.12411e-06  5.63279e-21  1.45909e-06 -1.13803e-20  9.13712e-06 -1.70213e-20  7.97809e-06 -1.05024e-20  3.73755e-06  -3.8704e-21  1.09965e-06  -9.1048e-22  2.04758e-07  -1.3104e-22  2.17919e-08 -9.47762e-24  8.79392e-10
