 1.01063e-11  9.90946e-27 -2.05033e-10 -3.58086e-25  1.53156e-09  3.56132e-24 -6.42119e-09 -1.83052e-23  1.70902e-08  5.76401e-23 -3.00353e-08 -1.18231e-22  3.42505e-08  1.59483e-22 -2.25553e-08 -1.40871e-22  4.13875e-09  1.02373e-22  4.89899e-09 -1.40096e-22 -2.41311e-09  2.40439e-22 -1.10142e-09  -2.3261e-22  6.56857e-10  1.88412e-23  3.50527e-10  2.42048e-22 -1.08179e-10 -3.18082e-22  -1.1131e-10  1.90547e-22 -6.37055e-12 -3.24067e-23  2.31732e-11  -2.5876e-23  9.98431e-12 -1.13861e-24 -8.08842e-13  3.81711e-23 -2.33667e-12 -4.56463e-23 -9.01687e-13  3.18036e-23  -9.7711e-16 -1.64512e-23  1.54182e-13  7.15064e-24  7.62682e-14 -2.34362e-24  1.45366e-14      8.4e-26 -3.69252e-15   5.1367e-25 -3.85329e-15 -3.56747e-25  -1.4822e-15  1.28802e-25 -2.87106e-16 -1.93807e-26  2.18606e-17 -7.76798e-27  4.06229e-17  3.14521e-27  1.76282e-17  2.89187e-27  4.77288e-18 -2.07602e-27  7.70785e-19 -1.53709e-28 -1.19215e-20  4.47681e-28 -5.88519e-20 -2.39771e-29  -2.4391e-20 -8.73826e-29 -6.66003e-21  2.13353e-29 -1.36567e-21  8.84596e-30 -2.04832e-22 -4.06258e-30 -1.64169e-23  -2.7697e-31  2.13296e-24  3.76535e-31  1.27007e-24  1.03121e-32  3.34851e-25 -3.09903e-32  6.54756e-26 -2.91792e-33   1.0438e-26  1.81447e-33   1.3942e-27  3.69287e-34   1.5594e-28  -7.8091e-35  1.42058e-29 -3.91545e-35  9.62552e-31 -4.29979e-36  3.06751e-32  -1.8866e-37 -3.33699e-33 -2.66055e-37 -7.59442e-34 -1.07077e-37 -8.83435e-35 -1.29434e-38 -7.56581e-36  4.64057e-40 -5.12563e-37  1.01681e-40 -2.79789e-38 -1.90935e-41 -1.21012e-39  -2.1622e-42 -3.91988e-41  1.45551e-43  -9.5589e-43  2.04962e-44 -2.03065e-44   1.7133e-46 -2.27067e-46 -1.67435e-47
 9.90946e-27  3.00931e-10  2.21902e-25  -3.4463e-09 -5.54515e-24  1.93965e-08  4.38544e-23 -6.63713e-08 -1.88982e-22  1.48801e-07  5.10456e-22  -2.2175e-07 -9.02197e-22  2.09753e-07  1.03357e-21 -1.02407e-07 -7.54778e-22 -6.38572e-09  5.32226e-22  3.26473e-08 -9.37321e-22 -4.74379e-09  1.56861e-21 -8.82723e-09 -1.27649e-21  1.02752e-09 -1.73213e-22   2.4503e-09  1.53122e-21  2.02682e-10 -1.64257e-21 -5.51171e-10  7.86306e-22 -2.14438e-10  -5.8787e-24  5.09304e-11 -1.80759e-22  6.60723e-11 -4.52859e-24  1.66823e-11  1.77554e-22 -5.79782e-12 -1.94094e-22 -5.81132e-12  1.23072e-22 -1.72201e-12 -5.83106e-23   1.4829e-13  2.47203e-23  3.51141e-13 -8.51699e-24  1.54565e-13  3.03562e-25   2.8276e-14  2.05069e-24 -6.37896e-15 -1.34657e-24 -6.80253e-15  3.91483e-25 -2.68338e-15 -1.48951e-26 -5.94567e-16  -3.7924e-26 -1.93952e-17  9.88298e-27  4.67739e-17  1.09223e-26  2.38691e-17 -7.59087e-27  7.28718e-18 -6.51144e-28  1.52025e-18  1.82206e-27  1.71976e-19 -1.61596e-28 -2.10087e-20 -3.38471e-28  -1.8205e-20  8.86982e-29 -6.07348e-21  3.51088e-29 -1.45036e-21 -1.44748e-29 -2.71551e-22 -1.90405e-30 -3.96714e-23  1.31614e-30 -4.01854e-24  1.34168e-31   -8.806e-26 -9.82198e-32  7.68986e-26 -1.56856e-32  2.29429e-26  4.95146e-33  4.36573e-27  1.23364e-33  6.54513e-28  -2.8867e-34  8.18426e-29  -1.4394e-34  8.70322e-30 -1.57828e-35  7.89808e-31  -3.4056e-37  6.07137e-32  -8.3496e-37  3.87599e-33 -3.43177e-37  1.96981e-34  -3.8687e-38  7.17258e-36   1.1821e-39  1.11762e-37  1.94379e-40  -6.8959e-39  -5.2307e-41 -6.43628e-40 -4.15991e-42 -2.61042e-41  4.28642e-43  -7.8422e-43  4.21691e-44 -1.93556e-44  2.58807e-46 -1.51147e-46
-2.05033e-10  2.21902e-25  4.38928e-09  2.81457e-24 -3.47381e-08 -5.32704e-23  1.55127e-07  3.46559e-22 -4.43035e-07 -1.27327e-21  8.45118e-07  2.97435e-21 -1.06822e-06 -4.53212e-21  8.22545e-07  4.35453e-21 -2.57548e-07 -2.54613e-21 -1.25919e-07  1.96012e-21  1.15192e-07 -4.46496e-21  1.83041e-08  6.92875e-21 -3.32548e-08 -4.58097e-21 -6.94971e-09 -1.82904e-21  7.82124e-09  6.38308e-21  3.41095e-09 -5.64826e-21 -1.01009e-09  2.06086e-21 -1.12544e-09  4.45397e-22 -1.74086e-10 -7.26616e-22  1.75679e-10 -2.66033e-23  1.10218e-10  5.61862e-22  1.44779e-11 -5.61441e-22 -1.39663e-11  3.22474e-22 -9.30575e-12  -1.3873e-22 -2.23182e-12  5.87749e-23  3.64918e-13    -2.25e-23  5.21035e-13  1.16934e-24  2.14387e-13  5.71789e-24   4.0402e-14 -3.56752e-24 -6.04469e-15  7.80926e-25 -7.73077e-15  9.36574e-26 -3.20684e-15 -1.12088e-25 -8.03157e-16  2.23633e-26 -9.07765e-17  2.84736e-26  2.56767e-17   -2.032e-26  1.89207e-17 -1.59001e-27  6.60835e-18  5.17788e-27  1.61878e-18 -6.38434e-28  2.82087e-19 -9.18647e-28  2.58893e-20  2.55277e-28 -3.79774e-21  9.97002e-29 -2.54599e-21 -3.63441e-29 -7.49444e-22 -7.01834e-30 -1.62225e-22  3.15744e-30 -2.82783e-23  5.60875e-31 -4.04078e-24  -2.0582e-31 -4.61148e-25 -4.84241e-32 -3.73488e-26  8.71473e-33 -8.54792e-28   2.5415e-33  3.86968e-28 -8.20668e-34  9.36309e-29  -3.7373e-34   1.3955e-29 -3.77601e-35  1.61488e-30  3.72347e-37  1.53895e-31 -1.75814e-36  1.23101e-32  -7.3765e-37  8.29077e-34 -7.71902e-38  4.67174e-35  1.78503e-39  2.16874e-36  1.30833e-40   8.0559e-38 -1.03864e-40  2.35481e-39 -4.99869e-42  5.33069e-41  8.17527e-43  6.72693e-43  5.53736e-44 -1.53374e-45  2.04999e-46
-3.58086e-25  -3.4463e-09  2.81457e-24  4.18052e-08  2.47679e-23 -2.50369e-07 -3.74179e-22  9.17215e-07  2.05052e-21 -2.22115e-06 -6.50366e-21  3.62741e-06  1.32107e-20 -3.87159e-06 -1.73012e-20  2.34166e-06  1.36182e-20 -2.65517e-07 -5.97699e-21 -6.08636e-07  6.22082e-21  2.35191e-07 -1.71899e-20  1.49722e-07  2.38355e-20 -6.79324e-08 -1.22293e-20  -4.6849e-08 -9.24126e-21  1.04115e-08   2.0366e-20  1.43508e-08 -1.49038e-20  1.50598e-09  3.76317e-21 -2.89195e-09  2.26251e-21 -1.41096e-09 -2.11165e-21  5.67827e-11 -1.18502e-22  3.15942e-10  1.39521e-21  1.32315e-10 -1.27715e-21  3.48596e-12  6.58991e-22 -2.17506e-11 -2.53055e-22 -1.14227e-11  1.11414e-22 -2.34002e-12 -5.02776e-23  5.05391e-13  4.00325e-24  5.86334e-13  1.29779e-23  2.34313e-13 -7.64866e-24   4.7756e-14  1.12973e-24 -2.56608e-15  4.21705e-25 -6.32942e-15 -2.46941e-25 -2.84988e-15  4.84194e-26 -7.95809e-16  5.91835e-26 -1.35882e-16 -4.62056e-26 -1.23131e-18 -2.45143e-27  8.94675e-18  1.18834e-26  3.91178e-18 -1.87864e-27  1.09921e-18 -2.02618e-27  2.32129e-19  5.93446e-28  3.65956e-20   2.3316e-28  3.49932e-21 -7.38599e-29 -1.70132e-22 -1.87671e-29 -1.73708e-22   5.9933e-30 -4.90835e-23  1.54872e-30 -9.88085e-24 -3.22643e-31 -1.60509e-24 -1.07344e-31 -2.18276e-25  1.11952e-32 -2.50259e-26  3.53625e-33 -2.38582e-27 -2.01724e-33 -1.80431e-28 -7.92689e-34 -9.25421e-30 -6.87518e-35 -4.34061e-32  3.62909e-36  5.70749e-32 -2.80128e-36  8.01642e-33  -1.2153e-36  7.16513e-34 -1.17215e-37  4.82852e-35  1.47291e-39  2.53758e-36 -2.97208e-40  1.03418e-37 -1.70903e-40  3.22929e-39 -4.07998e-42  7.36399e-41  1.12529e-42   8.9927e-43  4.96129e-44  1.23817e-45
 1.53156e-09 -5.54515e-24 -3.47381e-08  2.47679e-23  2.92456e-07  1.65669e-22 -1.39648e-06  -2.0675e-21  4.29512e-06  9.71177e-21 -8.91893e-06 -2.68419e-20  1.25045e-05   4.7553e-20 -1.11495e-05 -5.31166e-20  4.92664e-06  3.27457e-20  7.85232e-07 -9.12446e-21  -1.8172e-06  1.87422e-20  1.45825e-07 -5.58803e-20  5.22008e-07  6.75587e-20 -3.05797e-08 -2.49751e-20  -1.4721e-07 -3.30068e-20 -1.88005e-08  5.29719e-20   3.3099e-08 -3.18952e-20  1.45163e-08  4.32309e-21 -2.83063e-09  7.05893e-21 -4.36361e-09 -4.87183e-21  -1.1933e-09 -3.73755e-22  3.73567e-10  2.88569e-21  4.06401e-10 -2.42772e-21  1.25389e-10  1.10885e-21 -9.73554e-12 -3.66844e-22 -2.57552e-11  1.79666e-22 -1.16097e-11   -1.008e-22 -2.17245e-12  1.09761e-23  4.84168e-13  2.55932e-23  5.29294e-13   -1.399e-23  2.11856e-13  1.11194e-24  4.77105e-14  1.02649e-24  1.74996e-15 -4.46062e-25 -3.72135e-15  1.14953e-25 -1.93273e-15  1.04108e-25 -5.98332e-16 -9.40978e-26 -1.27268e-16 -1.48417e-27 -1.52473e-17   2.3378e-26  1.39078e-18 -4.54311e-27   1.4203e-18 -3.86763e-27  4.86412e-19  1.18983e-27     1.18e-19  4.75763e-28  2.24726e-20 -1.27803e-28  3.37823e-21 -4.05213e-29  3.68811e-22  9.49745e-30  1.68076e-23  3.31103e-30 -4.32587e-24 -3.83045e-31 -1.52517e-24 -1.84724e-31  -3.0162e-25  1.14191e-32 -4.58086e-26  2.82535e-33 -5.74894e-27 -4.36909e-33 -6.11281e-28 -1.45512e-33 -5.54501e-29  -1.0261e-34 -4.27605e-30  1.11804e-35 -2.76762e-31 -3.44297e-36  -1.4656e-32 -1.59809e-36 -6.03526e-34 -1.40271e-37 -1.70414e-35 -5.85666e-40 -1.77707e-37 -1.19701e-39  1.06495e-38 -2.41205e-40  7.08886e-40 -2.03167e-42  2.06562e-41  1.14216e-42  1.75292e-43  2.74258e-44
 3.56132e-24  1.93965e-08 -5.32704e-23 -2.50369e-07  1.65669e-22  1.60269e-06  8.88009e-22  -6.3129e-06 -9.37889e-21  1.65758e-05  3.82683e-20 -2.97447e-05 -9.28143e-20  3.57732e-05  1.43492e-19 -2.61088e-05 -1.34734e-19  7.03324e-06   5.9025e-20  4.90322e-06 -3.81226e-21 -3.75042e-06  5.48792e-20 -8.54635e-07 -1.56753e-19  1.15355e-06  1.62659e-19  3.00494e-07 -3.72462e-20 -2.79736e-07 -9.32696e-20 -1.36871e-07  1.16331e-19  3.59249e-08  -5.6829e-20  4.50223e-08  2.97206e-22  7.56342e-09  1.67361e-20 -7.20551e-09 -9.39579e-21 -4.68474e-09 -8.92533e-22 -6.23315e-10  5.14732e-21   6.2164e-10 -3.99424e-21  4.17562e-10  1.57239e-21  9.95301e-11 -4.12216e-22 -1.83529e-11  2.57065e-22 -2.48858e-11 -1.85997e-22 -1.01898e-11  2.41067e-23 -1.87713e-12  4.53843e-23  3.29934e-13 -2.22858e-23  3.90922e-13  3.54316e-25   1.6095e-13  1.76311e-24  4.01179e-14  -7.0429e-25  4.41386e-15  2.82046e-25 -1.36488e-15  1.59453e-25 -9.80921e-16 -1.74875e-25 -3.41879e-16   4.8881e-27 -8.39663e-17   4.0735e-26 -1.47626e-17 -9.52309e-27 -1.41344e-18 -6.62485e-27  1.72032e-19  2.13313e-27  1.25122e-19  8.74952e-28  3.72839e-20 -1.91834e-28  8.11416e-21  -7.4308e-29    1.422e-21  1.28358e-29  2.05207e-22  5.83882e-30  2.39806e-23 -3.11722e-31  2.09016e-24 -2.51189e-31  8.83683e-26  1.25989e-32 -1.13199e-26 -9.37611e-34  -3.4602e-27 -8.34309e-33 -5.36556e-28 -2.38037e-33 -6.22745e-29 -1.33468e-34 -5.86129e-30  2.32858e-35  -4.5855e-31 -3.06032e-36 -2.99541e-32 -1.66943e-36 -1.62208e-33 -1.30156e-37 -7.16595e-35 -4.79368e-39 -2.51881e-36 -2.43776e-39 -6.71894e-38 -2.92916e-40 -1.19662e-39  -1.4275e-43 -1.19042e-41  8.30053e-43 -8.12301e-44
-6.42119e-09  4.38544e-23  1.55127e-07 -3.74179e-22 -1.39648e-06  8.88009e-22  7.16599e-06   3.9491e-21 -2.38471e-05 -3.59406e-20  5.41195e-05  1.28707e-19 -8.43322e-05 -2.75327e-19  8.65737e-05    3.707e-19 -4.97941e-05 -2.85107e-19  3.26862e-06  6.65768e-20  1.47264e-05  2.74756e-20  -5.0074e-06  1.52311e-19 -3.85558e-06 -3.84921e-19  1.57272e-06  3.39068e-19  1.22713e-06 -2.96335e-20 -2.49206e-07 -2.19892e-19 -3.84018e-07  2.20539e-19 -4.28558e-08 -8.51139e-20  8.08735e-08 -1.30861e-20   4.0006e-08  3.25388e-20 -2.10716e-09 -1.56788e-20 -9.53441e-09 -1.69855e-21 -3.93322e-09  8.11935e-21 -2.37327e-11 -5.83164e-21  7.12308e-10  1.88183e-21  3.63488e-10 -2.98221e-22  6.97488e-11  3.38706e-22  -1.9789e-11 -3.19045e-22 -2.03357e-11  4.29832e-23 -7.89608e-12  7.36508e-23 -1.52646e-12 -3.09525e-23  1.39742e-13 -1.32542e-24  2.35179e-13  2.16425e-24  1.02504e-13 -1.02337e-24  2.80864e-14  6.43529e-25   4.6407e-15  2.13223e-25 -3.19261e-17 -2.98209e-25 -3.40218e-16   2.2507e-26 -1.44262e-16  6.42243e-26 -4.00775e-17 -1.78755e-26 -8.41314e-18 -1.04324e-26 -1.32446e-18  3.49573e-27  -1.2845e-19  1.48086e-27   5.0296e-21 -2.48675e-28  5.88215e-21 -1.18734e-28   1.6692e-21  1.47725e-29  3.34862e-22  8.72566e-30  5.41109e-23 -7.10618e-32  7.32253e-24 -2.56628e-31  8.37749e-25  2.45492e-32  8.03074e-26 -7.96097e-33  6.23879e-27 -1.40711e-32  3.56382e-28 -3.52814e-33  9.17125e-30 -1.62851e-34 -9.15829e-31  3.74573e-35 -1.64655e-31 -1.24384e-36 -1.51093e-32 -1.28492e-36 -9.92423e-34 -8.39951e-38 -4.94448e-35  -1.0806e-38  -1.8685e-36  -3.6478e-39 -5.10101e-38 -3.03756e-40 -8.75678e-40  6.87146e-43 -7.66212e-42   3.8003e-43
-1.83052e-23 -6.63713e-08  3.46559e-22  9.17215e-07  -2.0675e-21  -6.3129e-06   3.9491e-21  2.68867e-05  1.49348e-20 -7.69381e-05 -1.18766e-19  0.000152308  3.76362e-19 -0.000206537 -7.12571e-19  0.000179073  8.31191e-19 -7.51854e-05 -4.99129e-19  -1.6912e-05 -1.85739e-20   3.1157e-05  1.08013e-19 -1.71278e-06  3.88284e-19 -9.48747e-06   -8.368e-19   4.4464e-07  6.19725e-19  2.79601e-06  3.73253e-20  3.62462e-07 -4.46071e-19 -6.66095e-07  3.66313e-19 -2.89952e-07 -1.06473e-19  6.59569e-08 -3.98238e-20  9.38837e-08  5.39529e-20  2.40873e-08 -2.32605e-20 -9.52689e-09 -2.65388e-21 -9.36973e-09  1.15714e-20 -2.69938e-09 -7.71942e-21  3.67506e-10  1.84132e-21  6.53538e-10  6.78803e-23  2.78449e-10  4.28554e-22  4.56824e-11 -5.10314e-22  -1.5778e-11  6.18007e-23 -1.42898e-11    1.101e-22 -5.44355e-12 -3.67531e-23 -1.14673e-12 -3.63866e-24 -8.46305e-16  1.45421e-24   1.1148e-13 -1.41724e-24   5.3846e-14  1.30116e-24  1.61375e-14  2.39307e-25  3.32083e-15  -4.6762e-25  3.64287e-16  5.96213e-26 -5.03001e-17  9.30991e-26 -4.08959e-17 -3.06802e-26 -1.34981e-17 -1.53697e-26 -3.21304e-18  5.30978e-27 -6.03782e-19  2.33968e-27 -8.98529e-20 -2.67575e-28 -9.76671e-21 -1.67077e-28   -4.646e-22  1.39834e-29  1.03695e-22  1.10941e-29  3.71134e-23  2.92073e-31  7.27052e-24 -1.42569e-31  1.08813e-24  6.27804e-32  1.34211e-25 -1.64608e-32  1.39992e-26 -2.10544e-32  1.24414e-27 -4.78737e-33   9.3957e-29 -2.02397e-34   5.9637e-30  4.89228e-35  3.11543e-31   1.9757e-36  1.29071e-32 -4.63204e-37  3.93926e-34 -1.65796e-38  7.17963e-36  -1.7448e-38 -1.13611e-38 -4.37865e-39 -4.33924e-39 -2.65328e-40 -7.79918e-41  5.30371e-43 -3.96261e-43
 1.70902e-08 -1.88982e-22 -4.43035e-07  2.05052e-21  4.29512e-06 -9.37889e-21 -2.38471e-05  1.49348e-20  8.64117e-05  4.89296e-20 -0.000215518 -3.43793e-19  0.000374659  9.70455e-19 -0.000441832 -1.62947e-18  0.000317329  1.63134e-18 -8.02055e-05  -6.9241e-19 -6.67066e-05 -3.40724e-19   4.9101e-05  2.50476e-19  1.21859e-05  8.93377e-19 -1.61987e-05 -1.62609e-18 -4.23791e-06  1.00146e-18  4.22369e-06  2.21583e-19  2.01213e-06 -7.94392e-19 -6.26699e-07  5.38431e-19 -7.16668e-07 -1.07515e-19 -9.90651e-08 -8.01239e-20  1.31069e-07  7.81905e-20  7.83029e-08 -3.14479e-20  7.30811e-09 -3.43742e-21 -1.25003e-08  1.52181e-20 -7.56997e-09 -9.47159e-21 -1.55418e-09  1.27911e-21  4.96437e-10   7.5623e-22  5.09299e-10  5.47014e-22  1.92598e-10 -7.61235e-22  2.95166e-11  6.72018e-23   -9.789e-12  1.51431e-22 -8.65978e-12 -3.50486e-23 -3.32602e-12 -5.68236e-24 -7.72343e-13 -1.22675e-24 -6.24481e-14 -1.87705e-24  3.76196e-14  2.31416e-24  2.25444e-14  1.89473e-25  7.45143e-15 -6.76147e-25  1.76319e-15  1.26437e-25  2.95772e-16  1.25754e-25  2.43827e-17  -4.8804e-26  -4.8777e-18 -2.14622e-26 -2.84733e-18   7.5394e-27 -8.08808e-19  3.48415e-27  -1.7131e-19 -2.05001e-28 -2.94061e-20 -2.06528e-28 -4.16876e-21  9.49108e-30 -4.79833e-22  1.17086e-29 -4.14651e-23   6.3172e-31 -1.82642e-24  1.37166e-31  1.88494e-25  1.43388e-31   5.9817e-26 -2.26855e-32  9.12139e-27 -2.80933e-32  1.02993e-27 -5.98852e-33  9.36761e-29 -2.67381e-34  7.03629e-30  5.31993e-35  4.38013e-31  6.15516e-36   2.2402e-32  6.04521e-37  9.23294e-34  4.65864e-38  2.96251e-35 -2.29195e-38   6.9945e-37 -4.34269e-39  1.13532e-38 -1.90574e-40  1.12618e-40  1.08155e-43
 5.76401e-23  1.48801e-07 -1.27327e-21 -2.22115e-06  9.71177e-21  1.65758e-05 -3.59406e-20 -7.69381e-05  4.89296e-20  0.000241674  1.40902e-19 -0.000530947 -8.82719e-19  0.000814283  2.23149e-18 -0.000831745 -3.32505e-18  0.000477803  2.81349e-18 -2.53609e-05 -6.41688e-19 -0.000153338 -1.11362e-18  5.36321e-05  4.28682e-19  4.17327e-05   1.8466e-18 -1.85826e-05  -2.8485e-18 -1.38456e-05  1.43747e-18  3.50515e-06  5.84977e-19   4.6714e-06 -1.25935e-18  3.24186e-07  7.04707e-19 -1.11277e-06 -7.77411e-20  -4.9166e-07 -1.28215e-19  6.48717e-08  1.00813e-19   1.3967e-07 -3.97197e-20   5.0753e-08 -3.60599e-21 -3.86329e-09  1.88934e-20 -1.16923e-08 -1.10529e-20 -5.29491e-09     8.23e-23 -7.69738e-10  1.79299e-21   4.3947e-10  7.36358e-22  3.47049e-10 -1.05723e-21  1.22127e-10  3.88091e-23  1.92599e-11  1.90224e-22 -4.60871e-12 -2.10123e-23 -4.48114e-12  -6.1324e-24 -1.77788e-12 -6.41761e-24 -4.53072e-13 -2.28676e-24 -6.44805e-14  3.64506e-24  5.38748e-15 -1.21484e-26  6.97182e-15 -9.05173e-25  2.66666e-15  2.33762e-25  7.04559e-16  1.60236e-25  1.41897e-16 -7.25873e-26  2.11938e-17 -2.86837e-26  1.79521e-18  1.00527e-26 -1.61247e-19  4.92012e-27 -1.10348e-19 -1.05088e-29 -2.91334e-20 -2.19563e-28 -5.62129e-21  1.04119e-30 -8.81617e-22  9.28775e-30 -1.16176e-22   7.3875e-31 -1.29613e-23  5.95413e-31 -1.21311e-24  2.75557e-31 -9.23108e-26  -2.2004e-32 -5.23416e-27 -3.35568e-32 -1.49968e-28 -6.93835e-33   9.4041e-30 -3.63055e-34  1.83447e-30  4.93668e-35  1.62831e-31  1.06734e-35  1.00702e-32  1.63455e-36  4.62191e-34  8.35801e-38  1.55653e-35 -2.53762e-38   3.6373e-37 -3.57229e-39  5.38853e-39 -1.07107e-40  3.61289e-41
-3.00353e-08  5.10456e-22  8.45118e-07 -6.50366e-21 -8.91893e-06  3.82683e-20  5.41195e-05 -1.18766e-19 -0.000215518  1.40902e-19   0.00059559  3.60853e-19  -0.00116241 -2.03104e-18   0.00157692  4.61844e-18  -0.00138335 -6.10319e-18  0.000593692  4.25798e-18  0.000136784  4.61965e-20 -0.000264898  -2.5779e-18  2.09101e-05  5.51163e-19  8.49847e-05  3.43778e-18 -7.64038e-06 -4.53232e-18 -2.68542e-05  1.83365e-18 -2.11388e-06  1.16679e-18  7.17899e-06 -1.79497e-18  2.66349e-06  8.23411e-19 -9.75008e-07 -1.63148e-20 -1.03978e-06 -1.72767e-19 -2.02883e-07  1.17315e-19  1.44556e-07 -4.80661e-20  1.11963e-07 -2.67628e-21  2.58196e-08  2.26964e-20   -8.326e-09  -1.2635e-20 -8.97521e-09 -1.80584e-21  -3.3215e-09  3.14276e-21 -3.45006e-10  1.06074e-21  3.06083e-10 -1.36184e-21  2.09573e-10 -4.61654e-23  7.12972e-11  2.15116e-22  1.23938e-11  8.27357e-24 -1.39244e-12 -3.86226e-24 -1.92869e-12 -1.39086e-23 -8.13893e-13 -2.32499e-24 -2.25625e-13  5.13075e-24  -4.2122e-14 -4.64598e-25 -3.22421e-15 -1.12717e-24   1.2306e-15  3.90809e-25   6.8379e-16  1.94961e-25   2.0652e-16 -1.01515e-25  4.66872e-17 -3.69595e-26  8.39901e-18  1.25991e-26  1.18985e-18  6.61013e-27  1.19032e-19  3.61309e-28  3.49991e-21 -1.87972e-28 -1.80128e-21 -1.08121e-29 -5.38799e-22  2.91648e-30 -9.89589e-23  4.14445e-31  -1.4164e-23  1.19867e-30 -1.68021e-24  4.55261e-31 -1.68754e-25 -1.06831e-32 -1.44277e-26  -3.5927e-32 -1.04595e-27 -7.46655e-33 -6.35499e-29 -4.72913e-34 -3.16896e-30  4.15579e-35 -1.25161e-31  1.49505e-35  -3.6678e-33  2.37014e-36 -6.86142e-35  8.75468e-38  -4.0457e-37 -2.38141e-38  1.50644e-38 -2.39634e-39  4.38824e-40 -4.11941e-41
-1.18231e-22  -2.2175e-07  2.97435e-21  3.62741e-06 -2.68419e-20 -2.97447e-05  1.28707e-19  0.000152308 -3.43793e-19 -0.000530947  3.60853e-19   0.00130671  8.29943e-19  -0.00228114 -4.22406e-18   0.00273926  8.67183e-18  -0.00203276 -1.01441e-17   0.00055504   5.6011e-18  0.000437555  1.89121e-18 -0.000359937 -4.91759e-18 -7.26512e-05  4.59774e-19  0.000127233  5.79725e-18  2.54334e-05 -6.59488e-18 -3.69783e-05  2.06669e-18 -1.44253e-05  1.95536e-18  7.03725e-06 -2.31623e-18  6.13811e-06  8.57468e-19  3.27126e-07  6.45231e-20  -1.4125e-06 -2.00356e-19 -6.87024e-07  1.24734e-19  4.47102e-09 -5.70796e-20  1.49614e-07 -1.38025e-22  7.41474e-08  2.70422e-20  9.70653e-09 -1.45489e-20 -8.17362e-09 -4.42214e-21 -5.97801e-09  4.69304e-21 -1.92085e-09  1.59693e-21 -1.57315e-10 -1.61525e-21  1.75908e-10 -2.04346e-22  1.12376e-10  2.13114e-22  3.80692e-11  5.14923e-23  7.48334e-12  1.16572e-24  2.74016e-14 -2.25138e-23 -6.51385e-13 -1.42991e-24 -3.08979e-13  6.49629e-24 -9.29262e-14 -1.27071e-24 -2.02952e-14  -1.3107e-24 -3.00584e-15  6.02955e-25 -1.25492e-16  2.29514e-25  9.57473e-17 -1.33958e-25   4.0497e-17 -4.61709e-26  1.04767e-17  1.48029e-26  2.09745e-18  8.45816e-27  3.43879e-19  9.34393e-28  4.65867e-20 -9.90386e-29  5.07995e-21 -2.50726e-29  4.02278e-22 -7.62136e-30  1.22896e-23 -4.60104e-31 -2.80383e-24  1.86669e-30 -6.87734e-25  6.63152e-31 -9.62044e-26  1.23156e-32 -1.02041e-26 -3.44008e-32  -8.7578e-28 -7.47101e-33 -6.19534e-29 -5.59242e-34 -3.61113e-30  3.70075e-35 -1.71271e-31  1.84799e-35 -6.45011e-33  2.67205e-36 -1.85393e-34  6.75104e-38 -3.81154e-36 -1.87543e-38 -4.82198e-38 -1.24961e-39 -2.12078e-40
 3.42505e-08 -9.02197e-22 -1.06822e-06  1.32107e-20  1.25045e-05 -9.28143e-20 -8.43322e-05  3.76362e-19  0.000374659 -8.82719e-19  -0.00116241  8.29943e-19   0.00257444  1.72845e-18  -0.00404229  -7.9997e-18    0.0042902  1.48743e-17  -0.00262322 -1.53557e-17  0.000236108  6.23765e-18   0.00086094      5.4e-18 -0.000369869 -8.16543e-18 -0.000234252 -2.93519e-20  0.000140405   8.9155e-18  8.24704e-05 -8.82911e-18 -3.36839e-05  2.02105e-18 -3.18621e-05  2.87247e-18  1.22925e-06  -2.7178e-18  9.24831e-06  7.89306e-19  3.10111e-06  1.42352e-19 -1.06134e-06 -2.00465e-19 -1.21388e-06  1.22254e-19 -3.30823e-07 -6.78228e-20   9.7188e-08  4.61463e-21  1.16475e-07  3.26166e-20  4.25187e-08 -1.71311e-20  1.91244e-09 -7.82584e-21 -6.04056e-09  6.24262e-21 -3.55521e-09  2.41317e-21 -1.04494e-09 -1.74032e-21  -8.4819e-11  -4.3582e-22  8.37146e-11   1.7399e-22  5.30671e-11   1.0161e-22  1.83003e-11  7.14514e-24  4.04431e-12 -3.02147e-23  3.67722e-13  1.09637e-24 -1.46037e-13    7.403e-24 -9.20649e-14  -2.5066e-24  -3.0602e-14 -1.42514e-24  -7.4343e-15  8.70617e-25 -1.38006e-15  2.65463e-25 -1.81512e-16 -1.67051e-25 -9.06266e-18 -5.61505e-26  3.45146e-18  1.61909e-26  1.39686e-18   1.0305e-26  3.26686e-19   1.6953e-27  5.88768e-20    4.796e-29  8.76259e-21 -4.10446e-29  1.10124e-21 -2.17624e-29  1.17136e-22 -1.90227e-30  1.04017e-23  2.48384e-30  7.41673e-25  8.67239e-31  3.79809e-26  4.41438e-32  7.41481e-28 -2.92921e-32 -1.02096e-28 -6.95098e-33  -1.4875e-29 -5.79387e-34 -1.17064e-30  4.14473e-35 -6.51448e-32  2.07338e-35 -2.66542e-33  2.54305e-36 -7.84321e-35  3.95669e-38 -1.53817e-36 -1.20951e-38 -1.58818e-38 -4.42832e-40
 1.59483e-22  2.09753e-07 -4.53212e-21 -3.87159e-06   4.7553e-20  3.57732e-05 -2.75327e-19 -0.000206537  9.70455e-19  0.000814283 -2.03104e-18  -0.00228114  1.72845e-18    0.0045889  3.28278e-18  -0.00650997  -1.3885e-17   0.00608052  2.34501e-17  -0.00292086  -2.1282e-17 -0.000452119  5.46015e-18   0.00132226  1.08581e-17 -0.000219925 -1.21459e-17 -0.000439204 -1.04908e-18  9.12718e-05  1.25918e-17  0.000151924 -1.09339e-17 -6.24167e-06  1.62998e-18 -4.79392e-05  3.78146e-18 -1.19168e-05 -2.90477e-18  9.36494e-06  6.28967e-19  6.79158e-06   1.9339e-19  5.07465e-07 -1.69319e-19  -1.4005e-06  1.10376e-19  -7.9095e-07 -8.16741e-20 -9.80356e-08  1.23195e-20  1.08467e-07  4.02746e-20   7.6147e-08 -2.05119e-20  2.18677e-08 -1.21104e-20 -6.73985e-10  7.50377e-21 -3.71561e-09  3.53812e-21 -1.91526e-09 -1.65785e-21 -5.39521e-10 -7.15821e-22  -5.3834e-11  9.54993e-23  3.19021e-11  1.46243e-22  2.16475e-11  1.03153e-23  7.74034e-12 -3.46812e-23  1.88784e-12  5.82397e-24  2.84481e-13  7.50118e-24 -2.99641e-15 -4.19378e-24 -1.89208e-14 -1.44417e-24 -7.60544e-15  1.18992e-24 -2.04273e-15  3.07086e-25 -4.26318e-16 -1.96762e-25 -7.10076e-17 -6.66418e-26 -9.07316e-18  1.62776e-26 -7.17664e-19  1.19463e-26   2.5696e-20  2.58541e-27  2.32621e-20  2.37837e-28  5.44432e-21 -5.90578e-29  9.02837e-22 -3.83756e-29  1.20555e-22 -3.86441e-30   1.3488e-23  2.91838e-30  1.28167e-24  1.02883e-30  1.03578e-25  7.79448e-32  7.07145e-27 -2.20449e-32   4.0199e-28 -6.01805e-33  1.85679e-29 -5.09838e-34   6.6883e-31  5.49056e-35  1.73966e-32  2.11687e-35  2.68178e-34  2.09584e-36  1.76397e-37  1.65659e-38 -8.19041e-38 -6.07235e-39  -8.9409e-40
-2.25553e-08  1.03357e-21  8.22545e-07 -1.73012e-20 -1.11495e-05  1.43492e-19  8.65737e-05 -7.12571e-19 -0.000441832  2.23149e-18   0.00157692 -4.22406e-18  -0.00404229  3.28278e-18   0.00745031  5.72096e-18  -0.00958345 -2.22117e-17   0.00781472  3.41719e-17  -0.00267635 -2.71473e-17  -0.00150463  2.72293e-18   0.00167442  1.81383e-17   0.00013631 -1.64947e-17  -0.00062659 -2.60418e-18 -4.28295e-05  1.64454e-17  0.000207537 -1.25811e-17  4.97268e-05  9.02245e-19 -5.21744e-05  4.51939e-18 -3.06455e-05 -2.82386e-18  3.77817e-06  4.11141e-19  9.74224e-06  2.03386e-19  3.30905e-06 -1.10387e-19 -7.95282e-07  8.93121e-20 -1.14541e-06 -1.00315e-19 -4.18122e-07  2.36843e-20  9.12519e-09  5.09108e-20  8.35215e-08 -2.44247e-20  4.39444e-08 -1.73607e-20  1.04543e-08  8.13133e-21 -9.27513e-10  4.92814e-21 -1.96738e-09 -1.30882e-21 -9.37985e-10  -9.9266e-22 -2.62932e-10 -1.28271e-23 -3.44052e-11  1.70262e-22  8.67009e-12  5.83265e-24  7.36484e-12 -3.39824e-23   2.7959e-12  1.28436e-23  7.39563e-13  6.45722e-24  1.40503e-13  -6.2914e-24  1.53029e-14  -1.3498e-24 -1.31385e-15  1.55444e-24 -1.23443e-15  3.61573e-25 -3.96393e-16 -2.18209e-25 -9.13545e-17 -7.71977e-26 -1.68893e-17  1.47167e-26 -2.57823e-18  1.31814e-26 -3.22812e-19  3.50845e-27 -3.14964e-20  4.41006e-28  -1.9488e-21 -8.05945e-29  3.77107e-23 -5.61307e-29  3.28288e-23 -6.29327e-30  5.83705e-24   3.0464e-30  7.17289e-25  1.10975e-30  6.95236e-26   1.0409e-31  5.51434e-27 -1.48092e-32  3.60827e-28 -4.87495e-33  1.93536e-29 -3.62902e-34  8.35745e-31  7.10798e-35  2.81456e-32  1.94641e-35  6.99156e-34  1.49683e-36  1.14673e-35  3.41408e-39  9.55072e-38 -2.07608e-39
-1.40871e-22 -1.02407e-07  4.35453e-21  2.34166e-06 -5.31166e-20 -2.61088e-05    3.707e-19  0.000179073 -1.62947e-18 -0.000831745  4.61844e-18   0.00273926  -7.9997e-18  -0.00650997  5.72096e-18    0.0110861   9.1965e-18   -0.0129656 -3.29068e-17   0.00910612  4.62649e-17  -0.00171524 -3.20625e-17  -0.00279066 -2.06366e-18   0.00174736  2.66269e-17  0.000684373 -2.07537e-17 -0.000712667 -4.54037e-18 -0.000257652  1.99954e-17   0.00021496 -1.34944e-17  0.000126451 -7.59752e-20   -3.399e-05  4.94172e-18 -4.88355e-05  -2.4832e-18 -8.61151e-06  1.82127e-19  9.60241e-06  1.75405e-19  6.55165e-06 -3.12922e-20  8.39103e-07  5.77948e-20 -1.06651e-06 -1.25819e-19 -7.38212e-07   3.8964e-20  -1.8332e-07  6.52941e-20  3.77716e-08 -2.81258e-20  5.27297e-08 -2.35604e-20  2.30592e-08   7.7851e-21  4.82878e-09  6.44613e-21 -5.40614e-10 -6.77021e-22 -9.03267e-10 -1.19453e-21 -4.14968e-10 -1.29466e-22 -1.18694e-10  1.60108e-22 -1.96424e-11 -1.04494e-23  8.24304e-13 -2.71856e-23  1.94937e-12  2.14775e-23  8.27674e-13  3.94752e-24  2.36033e-13 -8.71855e-24  5.09779e-14 -1.13988e-24  8.20364e-15  1.95591e-24  7.85999e-16  4.37959e-25 -4.80052e-17 -2.26321e-25 -4.40703e-17 -8.70449e-26 -1.25624e-17  1.14925e-26 -2.56753e-18  1.38862e-26 -4.24082e-19   4.3551e-27 -5.87429e-20  6.21459e-28  -6.8924e-21 -1.07423e-28 -6.80812e-22 -7.37858e-29 -5.52163e-23 -9.15553e-30 -3.44066e-24  2.77797e-30 -1.29508e-25  1.07989e-30  2.55002e-27   1.1278e-31  9.44119e-28 -9.70081e-33  9.40446e-29  -3.7592e-33  6.20804e-30 -1.83821e-34  2.99608e-31  8.10165e-35  1.05707e-32  1.58471e-35  2.57769e-34  9.10346e-37  3.73953e-36 -1.31512e-39  2.02939e-38
 4.13875e-09 -7.54778e-22 -2.57548e-07  1.36182e-20  4.92664e-06 -1.34734e-19 -4.97941e-05  8.31191e-19  0.000317329 -3.32505e-18  -0.00138335  8.67183e-18    0.0042902  -1.3885e-17  -0.00958345   9.1965e-18    0.0152097  1.36964e-17   -0.0162045 -4.53314e-17   0.00958506  5.84755e-17 -1.76542e-05 -3.53341e-17  -0.00406993 -8.35214e-18   0.00140769  3.53271e-17   0.00133634 -2.44984e-17 -0.000619268  -6.5867e-18  -0.00051411  2.27796e-17  0.000144918 -1.35111e-17  0.000202685 -1.16193e-18  1.17422e-05  4.96295e-18 -5.72529e-05 -1.95352e-18 -2.58162e-05  -1.7626e-20  4.38532e-06  1.30719e-19  8.68534e-06  6.10851e-20  3.24141e-06  1.32987e-20 -2.99106e-07 -1.60594e-19 -8.51257e-07  5.74194e-20 -4.05582e-07  8.38461e-20 -6.66837e-08 -3.04841e-20  3.27467e-08  -3.0486e-20  2.89096e-08   6.2151e-21  1.12027e-08  7.86433e-21  2.22184e-09  1.96845e-22 -1.94753e-10 -1.24486e-21 -3.55681e-10 -2.25287e-22 -1.63233e-10  1.08475e-22 -4.82971e-11 -3.98231e-23 -9.50869e-12 -1.45672e-23 -7.32629e-13  3.02184e-23  3.28618e-13 -3.56585e-25  1.87155e-13 -1.14002e-23  5.88852e-14 -8.39833e-25  1.38753e-14  2.38192e-24  2.59644e-15  5.44153e-25  3.80917e-16 -2.16957e-25  3.89536e-17 -9.50078e-26  9.62611e-19  7.07734e-27 -7.07195e-19  1.40845e-26 -2.12281e-19  5.03805e-27 -4.00609e-20  7.49106e-28 -5.91768e-21 -1.39923e-28 -7.25444e-22 -9.02314e-29  -7.5331e-23 -1.23989e-29 -6.66074e-24  2.08191e-30 -4.99615e-25  9.24551e-31 -3.14372e-26  9.74371e-32 -1.62658e-27 -8.02034e-33 -6.69291e-29 -2.86615e-33 -2.06209e-30 -2.87518e-35 -4.15511e-32  7.86192e-35  -3.0649e-34  1.11804e-35  7.62607e-36  4.53842e-37  1.65929e-37 -1.42774e-39
 1.02373e-22 -6.38572e-09 -2.54613e-21 -2.65517e-07  3.27457e-20  7.03324e-06 -2.85107e-19 -7.51854e-05  1.63134e-18  0.000477803 -6.10319e-18  -0.00203276  1.48743e-17   0.00608052 -2.22117e-17   -0.0129656  1.36964e-17    0.0193561  1.89626e-17   -0.0188063 -5.82436e-17   0.00901832  6.93056e-17   0.00225211 -3.67451e-17  -0.00505583  -1.5007e-17  0.000612518  4.31186e-17   0.00194748 -2.74336e-17 -0.000305478 -8.45671e-18  -0.00074449  2.44624e-17 -1.25949e-05  -1.2609e-17   0.00024868 -2.18792e-18  8.01842e-05  4.57958e-18 -4.69416e-05 -1.35125e-18 -4.24703e-05 -1.68196e-19 -6.25319e-06  1.02347e-19  7.94451e-06  1.64599e-19  5.56143e-06 -4.62636e-20   1.1375e-06 -2.06951e-19 -5.63355e-07  7.69622e-20  -5.3847e-07  1.06383e-19 -1.98528e-07 -3.02372e-20 -1.99542e-08 -3.76395e-20  2.00902e-08   3.3426e-21  1.40972e-08   8.8968e-21  5.07569e-09  1.21632e-21  1.02177e-09 -1.08279e-21 -2.52084e-11 -2.71675e-22 -1.16285e-10  1.77297e-23 -5.56392e-11 -7.90024e-23 -1.71641e-11  2.67979e-24 -3.81129e-12  3.69973e-23 -5.48276e-13 -6.77032e-24 -5.63554e-15 -1.43135e-23  2.68581e-14 -5.14413e-25  1.06128e-14  2.81011e-24    2.755e-15  6.82128e-25  5.60979e-16 -1.88412e-25  9.37391e-17 -9.96218e-26  1.28909e-17   2.4557e-27  1.40773e-18  1.39796e-26   1.0627e-19  5.52304e-27  1.37968e-21  8.11454e-28 -1.23833e-21 -1.75455e-28  -2.6799e-22 -1.04332e-28 -3.69856e-23 -1.58749e-29 -3.95795e-24  1.00196e-30 -3.45472e-25  6.50628e-31 -2.49434e-26  5.76704e-32 -1.48651e-27 -9.76863e-33 -7.21465e-29 -2.28381e-33 -2.78023e-30  6.29368e-35 -8.15102e-32  6.41318e-35 -1.69002e-33  6.64409e-36 -2.16436e-35  1.72274e-37 -1.16794e-37
 4.89899e-09  5.32226e-22 -1.25919e-07 -5.97699e-21  7.85232e-07   5.9025e-20  3.26862e-06 -4.99129e-19 -8.02055e-05  2.81349e-18  0.000593692 -1.01441e-17  -0.00262322  2.34501e-17   0.00781472 -3.29068e-17   -0.0162045  1.89626e-17    0.0229934  2.44587e-17   -0.0203762 -6.99248e-17   0.00738682  7.73442e-17     0.004783 -3.66723e-17  -0.00550011 -2.06022e-17 -0.000567336  4.90709e-17   0.00235678 -2.94152e-17  0.000211706 -9.95746e-18 -0.000871546  2.48905e-17 -0.000239806    -1.09e-17  0.000236113 -2.99101e-18  0.000155587   3.8701e-18 -1.34414e-05     -8.1e-19 -5.12091e-05 -2.76591e-19 -2.01965e-05  1.23971e-19  3.21468e-06  2.82859e-19  6.58971e-06  -1.2027e-19  2.83855e-06 -2.66263e-19  1.79089e-07  9.42651e-20 -4.58603e-07    1.319e-19  -2.9354e-07 -2.63385e-20 -8.96443e-08 -4.42624e-20 -5.09125e-09 -6.95124e-22  9.95725e-09  9.25693e-21  6.15522e-09  2.24688e-21  2.13511e-09 -6.83249e-22   4.5599e-10 -2.49976e-22  2.29877e-11 -9.92605e-23  -2.9219e-11 -1.19587e-22 -1.57934e-11  2.31419e-23 -5.14081e-12  3.97549e-23 -1.24099e-12 -1.55092e-23 -2.25242e-13 -1.75051e-23 -2.66207e-14 -2.71392e-25  7.25399e-17  3.20135e-24  1.08002e-15  8.42611e-25  3.60891e-16  -1.4299e-25  8.13489e-17 -9.95178e-26  1.45817e-17 -1.05859e-27  2.17933e-18  1.39157e-26  2.75481e-19  5.84011e-27  2.93545e-20   8.1883e-28  2.58035e-21 -2.07916e-28  1.76423e-22 -1.14795e-28  7.66508e-24 -1.92915e-29 -7.18399e-26 -3.43743e-31 -5.31324e-26  2.89161e-31 -6.06153e-27  3.57617e-34 -4.51046e-28 -1.36914e-32 -2.47336e-29 -1.97308e-33 -1.01182e-30  8.49191e-35 -2.98049e-32  4.33671e-35 -5.78534e-34  3.18837e-36 -5.99631e-36  4.18513e-38
-1.40096e-22  3.26473e-08  1.96012e-21 -6.08636e-07 -9.12446e-21  4.90322e-06  6.65768e-20  -1.6912e-05  -6.9241e-19 -2.53609e-05  4.25798e-18   0.00055504 -1.53557e-17  -0.00292086  3.41719e-17   0.00910612 -4.53314e-17   -0.0188063  2.44587e-17    0.0256719  2.94064e-17   -0.0207301 -7.84561e-17   0.00488801   8.1586e-17   0.00720518 -3.59731e-17  -0.00526316 -2.38676e-17  -0.00196392  5.26841e-17   0.00243441 -3.04008e-17   0.00085677 -1.10489e-17  -0.00083292  2.40835e-17 -0.000492547 -8.60115e-18  0.000148979 -3.43474e-18  0.000214884  2.97501e-18  4.00919e-05 -4.49544e-19 -4.53588e-05 -3.73089e-19 -3.30617e-05  2.18693e-19 -5.18006e-06  4.22905e-19  5.26504e-06 -2.03839e-19  4.09145e-06 -3.38005e-19  1.20283e-06  1.05408e-19 -1.12161e-07  1.58521e-19 -2.82331e-07   -1.827e-20 -1.43499e-07 -4.94437e-20 -3.85074e-08 -5.55623e-21 -1.50399e-09  8.72588e-21  4.10759e-09  3.14428e-21  2.39192e-09 -7.11398e-23  8.20866e-10 -1.59238e-22  1.88618e-10 -2.21404e-22  2.17985e-11 -1.49107e-22 -4.33001e-12  4.60074e-23 -3.47847e-12  3.71586e-23  -1.2392e-12 -2.65356e-23 -3.19991e-13 -2.10587e-23 -6.50157e-14 -2.48721e-25 -1.03706e-14  3.49645e-24  -1.1788e-15  1.00164e-24 -4.68068e-17 -8.80042e-26   1.9159e-17 -9.40123e-26  6.63817e-18 -2.19913e-27  1.36364e-18  1.42664e-26  2.16821e-19  6.06679e-27  2.85214e-20  7.99842e-28  3.17723e-21 -2.29167e-28   3.0177e-22 -1.20307e-28  2.43747e-23  -2.2251e-29  1.65734e-24 -1.78347e-30  9.30735e-26 -1.08201e-31   4.1772e-27  -6.2006e-32  1.40871e-28 -1.78443e-32  3.07872e-30 -1.80549e-33  1.93682e-32  6.00666e-35 -1.15427e-33  2.36934e-35 -3.61645e-35   1.1469e-36 -3.19752e-37
-2.41311e-09 -9.37321e-22  1.15192e-07  6.22082e-21  -1.8172e-06 -3.81226e-21  1.47264e-05 -1.85739e-20 -6.67066e-05 -6.41688e-19  0.000136784   5.6011e-18  0.000236108  -2.1282e-17  -0.00267635  4.62649e-17   0.00958506 -5.82436e-17   -0.0203762  2.94064e-17    0.0271457  3.28947e-17   -0.0199293 -8.20889e-17   0.00186626  8.16425e-17   0.00918985 -3.56811e-17  -0.00434373 -2.41069e-17  -0.00335925  5.39656e-17   0.00211744  -3.0372e-17   0.00151464 -1.18244e-17 -0.000601186  2.21798e-17 -0.000711199 -5.99644e-18 -9.01786e-06 -3.42304e-18  0.000234677  2.06448e-18  0.000102416 -3.50716e-19 -2.18677e-05 -4.99577e-19 -3.95011e-05  3.91695e-19 -1.52006e-05   5.9086e-19  1.24575e-06 -2.87931e-19  4.14669e-06 -4.19106e-19  2.12644e-06  1.06855e-19   4.3034e-07  1.83674e-19 -1.30344e-07 -6.20709e-21 -1.46389e-07 -5.22957e-20  -6.4257e-08 -1.07577e-20 -1.60741e-08  7.21392e-21 -8.14848e-10  3.78348e-21  1.39292e-09  6.74362e-22  8.12508e-10 -1.98504e-23   2.8136e-10 -3.24301e-22  6.91536e-11 -1.53508e-22  1.12691e-11   7.1674e-23  4.17206e-13  2.92269e-23 -4.93003e-13 -3.93821e-23 -2.22229e-13 -2.50146e-23 -6.25501e-14 -5.82444e-25 -1.36373e-14  3.62081e-24 -2.42674e-15  1.12145e-24 -3.54207e-16 -3.55118e-26  -4.0909e-17 -8.36752e-26 -3.23415e-18 -1.98941e-28 -3.19744e-20  1.52867e-26  4.57787e-20  6.28864e-27  1.03587e-20   7.8849e-28  1.51928e-21 -2.32028e-28  1.73899e-22 -1.19971e-28  1.63253e-23 -2.43696e-29  1.27571e-24  -3.1273e-30  8.29392e-26 -4.79468e-31  4.43887e-27 -1.15275e-31  1.91588e-28 -2.04103e-32  6.44975e-30 -1.63811e-33  1.60484e-31  2.17991e-35  2.68383e-33  9.94159e-36  2.41041e-35  2.59798e-37
 2.40439e-22 -4.74379e-09 -4.46496e-21  2.35191e-07  1.87422e-20 -3.75042e-06  2.74756e-20   3.1157e-05 -3.40724e-19 -0.000153338  4.61965e-20  0.000437555  6.23765e-18 -0.000452119 -2.71473e-17  -0.00171524  5.84755e-17   0.00901832 -6.99248e-17   -0.0207301  3.28947e-17    0.0274203   3.4045e-17   -0.0182322 -7.96197e-17  -0.00129294  7.77947e-17    0.0105217 -3.66353e-17  -0.00286292 -2.14231e-17  -0.00454167  5.33294e-17   0.00142221 -2.92826e-17   0.00206059 -1.24277e-17 -0.000192546  1.93725e-17 -0.000836889 -3.39607e-18 -0.000213427 -2.90969e-18  0.000198989  1.30228e-18  0.000156786  -5.4198e-19  1.67796e-05 -6.94579e-19 -3.51695e-05  6.28985e-19 -2.35521e-05   7.8771e-19 -4.73923e-06 -3.61172e-19   2.5758e-06 -5.03983e-19  2.49831e-06  9.63824e-20  9.76362e-07  2.04512e-19   1.3234e-07  9.02073e-21 -8.11461e-08 -5.21447e-20 -6.63709e-08 -1.57641e-20  -2.6566e-08  4.79825e-21 -6.53001e-09   4.0786e-21 -5.56643e-10  1.42698e-21  3.65139e-10  1.27929e-22  2.33583e-10 -3.86519e-22  8.32417e-11 -1.20465e-22   2.1623e-11  1.01869e-22  4.19386e-12   1.7628e-23  5.28566e-13 -5.30253e-23 -7.86806e-16 -2.92684e-23 -2.37673e-14 -1.36166e-24 -8.41912e-15  3.49861e-24 -2.00562e-15  1.15702e-24 -3.79375e-16 -3.57523e-28 -5.97547e-17 -7.05663e-26 -7.94547e-18  4.86813e-27 -8.87481e-19  1.69895e-26 -8.11068e-20  6.55468e-27 -5.62489e-21  8.08691e-28 -2.17424e-22 -2.13522e-28  1.02978e-23 -1.13828e-28  2.97562e-24 -2.54092e-29  3.37154e-25 -4.20496e-30  2.66259e-26 -7.66954e-31  1.59634e-27 -1.48328e-31  7.33629e-29 -2.03834e-32  2.52017e-30 -1.38415e-33  6.08891e-32 -5.35278e-36  9.06276e-34   2.8671e-36  5.42192e-36
-1.10142e-09  1.56861e-21  1.83041e-08 -1.71899e-20  1.45825e-07  5.48792e-20  -5.0074e-06  1.08013e-19   4.9101e-05 -1.11362e-18 -0.000264898  1.89121e-18   0.00086094  5.46015e-18  -0.00150463 -3.20625e-17 -1.76542e-05  6.93056e-17   0.00738682 -7.84561e-17   -0.0199293   3.4045e-17    0.0267136  3.21987e-17   -0.0159946 -7.06848e-17  -0.00425996   7.0896e-17    0.0111242 -3.91919e-17  -0.00101708 -1.66704e-17  -0.00535092  5.13838e-17  0.000433439 -2.70619e-17   0.00238975 -1.29556e-17  0.000337455  1.58647e-17 -0.000827063 -1.09395e-18 -0.000424498 -1.90384e-18  0.000104964  8.13794e-19  0.000185726 -9.99461e-19  6.25206e-05 -9.80299e-19  -1.8579e-05  9.01937e-19 -2.67695e-05  1.00707e-18 -1.09668e-05 -4.12637e-19 -4.53309e-07 -5.85368e-19  2.00167e-06  7.36068e-20  1.28124e-06  2.18446e-19   4.1171e-07  2.61381e-20  3.74641e-08 -4.86782e-20 -3.82367e-08 -2.00655e-20 -2.65991e-08  1.72759e-21 -1.00942e-08  3.98912e-21 -2.52644e-09  2.03081e-21 -3.24261e-10  2.30071e-22  5.91794e-11 -3.95505e-22  5.36116e-11  -4.2641e-23  2.03763e-11  1.39184e-22  5.55819e-12  5.51635e-24  1.18456e-12 -6.58817e-23  1.96074e-13 -3.34916e-23  2.23973e-14  -2.5852e-24  5.51926e-16  3.07379e-24 -5.37067e-16   1.0672e-24  -1.7835e-16  3.27864e-27   -3.763e-17 -5.79139e-26 -6.23544e-18  1.20206e-26 -8.59714e-19  1.91063e-26 -1.00682e-19  6.84901e-27 -1.00703e-20  8.63472e-28 -8.57124e-22 -1.76735e-28 -6.13473e-23 -1.03095e-28 -3.60926e-24 -2.53405e-29 -1.67231e-25 -4.89473e-30 -5.54555e-27 -9.31665e-31 -9.22072e-29 -1.56463e-31  2.11008e-30 -1.78272e-32  1.95504e-31 -1.04263e-33  6.04013e-33 -1.42411e-35  8.52279e-35  4.08022e-37
 -2.3261e-22 -8.82723e-09  6.92875e-21  1.49722e-07 -5.58803e-20 -8.54635e-07  1.52311e-19 -1.71278e-06  2.50476e-19  5.36321e-05  -2.5779e-18 -0.000359937      5.4e-18   0.00132226  2.72293e-18  -0.00279066 -3.53341e-17   0.00225211  7.73442e-17   0.00488801 -8.20889e-17   -0.0182322  3.21987e-17    0.0253592  2.70829e-17   -0.0135641 -5.58963e-17  -0.00681762  6.21665e-17    0.0110407 -4.31188e-17  0.000977332 -1.11673e-17  -0.00570037   4.8705e-17 -0.000721725 -2.36684e-17    0.0024373 -1.33971e-17   0.00090793  1.18518e-17 -0.000665745  6.75061e-19 -0.000596923 -4.69513e-19 -3.53298e-05  6.64171e-19  0.000176317  -1.6586e-18  0.000103645 -1.35575e-18   7.9146e-06  1.17538e-18 -2.25277e-05   1.2357e-18 -1.52442e-05 -4.34496e-19 -4.13154e-06 -6.55701e-19  6.30569e-07  3.99413e-20  1.15862e-06  2.23641e-19  5.85969e-07  4.37056e-20  1.64687e-07 -4.20043e-20  1.19883e-08 -2.32211e-20 -1.44819e-08  -1.6084e-21 -9.36823e-09  3.51349e-21 -3.46845e-09  2.32493e-21 -8.97657e-10  2.27938e-22  -1.5011e-10  -3.5152e-22 -3.31611e-12   7.9952e-23    8.553e-12  1.86128e-22   3.8634e-12  -3.0811e-24  1.12288e-12 -7.59678e-23   2.5373e-13 -3.71171e-23  4.66543e-14 -4.13779e-24  6.96682e-15   2.3311e-24  8.00379e-16  8.27442e-25  5.55306e-17 -3.40694e-26 -2.51441e-18 -4.92492e-26 -1.67237e-18  1.96308e-26 -3.47179e-19  2.11533e-26 -5.14044e-20  7.09215e-27 -6.10365e-21  9.33701e-28  -6.0247e-22 -1.30226e-28 -4.99749e-23 -8.98948e-29  -3.4795e-24  -2.4304e-29   -2.014e-25  -5.1388e-30  -9.5201e-27 -9.62481e-31 -3.57248e-28 -1.42175e-31  -1.0175e-29 -1.36532e-32 -2.03476e-31 -6.77244e-34 -2.42784e-33 -1.08707e-35 -1.04476e-35
