 8.96406e-08 -1.00615e-22 -1.04135e-06  2.38726e-21  4.15058e-06 -1.70028e-20  -8.3312e-06  6.70647e-20  8.72926e-06 -1.67915e-19 -3.58431e-06  2.71695e-19 -1.16071e-06 -2.62756e-19  1.10232e-06  8.95423e-20  3.69815e-07  1.25411e-19 -2.22505e-07 -2.13702e-19 -1.55948e-07  1.57414e-19  2.20927e-10 -5.85183e-20  3.75637e-08 -1.12282e-20  1.73052e-08  4.12458e-20  2.77047e-10  -3.9436e-20 -3.56642e-09  2.19802e-20 -2.04088e-09 -7.01856e-21 -4.72442e-10  4.65243e-22   1.0431e-10  6.78276e-22  1.46614e-10  4.47131e-23   7.0924e-11 -3.98511e-22  1.95524e-11  1.31223e-22  1.13445e-12  2.88242e-23 -2.09676e-12 -2.35739e-24 -1.40345e-12 -3.39538e-24 -5.64915e-13 -4.15202e-24 -1.63551e-13  4.17054e-25  -3.1489e-14   9.6294e-25 -9.58898e-16  2.67027e-26   2.4323e-15 -2.07472e-25  1.36455e-15  2.91042e-27  5.02918e-16  2.33102e-26  1.48382e-16  3.11257e-27  3.69252e-17  2.64252e-27  7.82747e-18  1.77421e-28  1.38202e-18  -1.0802e-27  1.85318e-19 -3.51948e-28   1.1088e-20  8.87198e-29 -3.45831e-21   5.2081e-29  -1.6885e-21 -5.76767e-30 -4.73116e-22 -6.45971e-30 -1.05708e-22  3.42866e-31 -2.03834e-23  9.42648e-31 -3.50033e-24  9.44865e-32 -5.43527e-25 -1.00507e-31  -7.6931e-26 -3.20537e-32 -9.96738e-27  1.03186e-33 -1.18433e-27  2.08008e-33 -1.29084e-28  2.77187e-34  -1.2892e-29 -4.10574e-35  -1.1772e-30 -1.42868e-35 -9.79481e-32 -1.14547e-36 -7.39145e-33 -4.97686e-38 -5.02741e-34 -2.98484e-38 -3.05731e-35 -6.24286e-39 -1.64563e-36 -2.68875e-40 -7.74616e-38  8.21312e-41   -3.138e-39  2.17006e-41 -1.05897e-40  3.08906e-42 -2.76186e-42  2.26292e-43 -4.90237e-44  3.13694e-45 -5.93617e-46 -3.28507e-46  -7.5505e-48  -3.7934e-48
-1.00615e-22  1.56725e-06 -1.34392e-21 -1.01907e-05  2.19654e-20  3.00403e-05 -1.25708e-19  -4.7278e-05   4.2428e-19  3.76477e-05 -9.33039e-19 -7.37657e-06  1.32909e-18 -8.59206e-06 -1.09478e-18  2.54488e-06  2.04404e-19  2.57257e-06   6.4337e-19 -1.40433e-07 -8.44487e-19 -7.07584e-07  5.38816e-19 -2.27256e-07 -1.76515e-19  7.42878e-08 -4.83088e-20  8.84436e-08  1.38935e-19  2.85616e-08 -1.22736e-19 -3.62641e-09  6.17218e-20 -7.94629e-09 -1.73605e-20 -3.91055e-09 -3.19261e-22  -8.3487e-10   2.9371e-21  1.93213e-10  1.22576e-22  2.58502e-10 -1.34373e-21  1.26842e-10  2.82439e-22  3.83259e-11   1.4229e-22  5.24683e-12  2.02607e-23 -1.93718e-12 -1.34325e-23 -1.79132e-12 -1.67373e-23 -8.13722e-13  2.07316e-25 -2.69187e-13  3.39094e-24 -6.80458e-14   1.2497e-25 -1.18975e-14 -6.36574e-25 -4.48341e-16 -2.51298e-26  7.02357e-16  5.95341e-26  3.76164e-16  2.21337e-26  1.31519e-16  1.51815e-26  3.71961e-17  7.49733e-28  9.04146e-18 -4.18281e-27  1.93331e-18 -1.32303e-27  3.66301e-19    2.655e-28  6.12389e-20  1.53093e-28   8.8628e-21 -2.84489e-29  1.05371e-21   -2.137e-29  8.58921e-23  2.84258e-30 -6.89757e-25   3.6314e-30  -2.1381e-24   2.9925e-31 -5.63374e-25 -3.51859e-31 -1.05139e-25 -1.04845e-31  -1.6253e-26  3.06308e-33 -2.18487e-27  6.15436e-33 -2.60578e-28  8.22883e-34 -2.78128e-29 -9.87982e-35 -2.66455e-30 -3.87443e-35 -2.28976e-31 -4.93591e-36 -1.75903e-32 -7.79384e-37 -1.20086e-33 -1.92674e-37 -7.22419e-35 -3.08489e-38 -3.78783e-36 -2.43329e-39 -1.70781e-37  4.80566e-41 -6.49818e-39  4.61777e-41 -2.01086e-40  6.75211e-42 -4.66481e-42  3.90084e-43 -7.13173e-44  8.05242e-46 -7.12453e-46 -3.77524e-46 -5.35547e-48
-1.04135e-06 -1.34392e-21   1.3353e-05  -9.9812e-21 -5.94603e-05  1.23158e-19  0.000136088 -5.88914e-19 -0.000169882  1.74178e-18   9.8571e-05 -3.41443e-18  4.82257e-06  4.31311e-18  -2.9173e-05 -3.00521e-18 -1.01225e-06  8.39072e-20  7.94571e-06  2.06617e-18  2.14017e-06 -2.19308e-18 -1.39827e-06  1.23227e-18 -1.08659e-06 -3.74615e-19 -1.38796e-07 -1.20553e-19  1.88889e-07  3.16845e-19  1.30237e-07 -2.58466e-19  3.07301e-08  1.16661e-19 -9.42569e-09 -3.01441e-20 -1.16341e-08 -3.54956e-21 -5.22211e-09  8.31652e-21 -1.10532e-09  4.75105e-22  2.03038e-10 -3.21415e-21  3.00274e-10  2.52393e-22  1.53126e-10  3.93414e-22    5.069e-11  1.25292e-22  1.02583e-11 -2.44553e-23 -1.60072e-13  -4.5496e-23 -1.26131e-12 -2.70318e-24 -6.96285e-13  7.80074e-24 -2.60437e-13  4.15342e-25 -7.67017e-14 -1.37172e-24 -1.82086e-14 -1.76185e-25 -3.29751e-15  8.76553e-26 -3.26472e-16  8.14213e-26  5.80818e-17  5.44575e-26   4.5026e-17  3.59521e-27  1.62832e-17 -1.08317e-26  4.53897e-18 -3.41408e-27  1.07706e-18  5.11485e-28  2.25829e-19  2.65059e-28  4.25789e-20 -1.05231e-28  7.28424e-21 -5.02122e-29  1.13564e-21  1.17588e-29  1.61568e-22  9.88613e-30  2.09559e-23   7.0049e-31  2.46988e-24 -8.42843e-31  2.62956e-25 -2.35802e-31  2.50412e-26  6.69068e-33    2.098e-27  1.27648e-32  1.49984e-28  1.74558e-33  8.53948e-30 -1.53068e-34  3.04941e-31 -7.58784e-35 -5.65337e-33 -1.44753e-35 -2.18056e-33 -3.14598e-36 -2.30673e-34 -6.73792e-37 -1.69931e-35  -1.0215e-37 -9.80627e-37 -9.94951e-39  -4.6024e-38 -4.21925e-40 -1.76964e-39    4.334e-41 -5.25564e-41  7.66487e-42 -9.87466e-43  3.02562e-43 -8.20298e-45 -6.14405e-45 -8.56028e-47  -2.1598e-46
 2.38726e-21 -1.01907e-05  -9.9812e-21  7.39148e-05 -5.02528e-20  -0.00024664  4.93854e-19    0.0004513 -2.03568e-18 -0.000446686  5.39221e-18  0.000170112 -9.55174e-18  7.03491e-05  1.07633e-17 -5.96889e-05 -6.26859e-18 -2.20206e-05 -9.03347e-19  1.33391e-05  4.91198e-18  9.50286e-06 -4.32552e-18 -3.14521e-07  2.18759e-18 -2.57171e-06 -6.70289e-19 -1.09908e-06 -2.13011e-19  6.36388e-08  5.69522e-19  2.85287e-07 -4.23141e-19  1.46055e-07  1.71349e-19  2.54042e-08 -4.55223e-20 -1.38317e-08 -1.01496e-20 -1.31917e-08  1.85834e-20 -5.63778e-09  1.87734e-21 -1.25992e-09 -6.24023e-21  1.15876e-10 -3.97488e-22  2.58487e-10  7.57207e-22  1.40961e-10  3.94144e-22  5.09087e-11 -1.21104e-23   1.2937e-11  -9.4065e-23   1.7456e-12  -1.1076e-23 -3.62717e-13  1.38395e-23 -3.66875e-13  1.07652e-24 -1.63348e-13 -2.46142e-24 -5.44253e-14 -6.64224e-25 -1.49445e-14  3.75033e-26 -3.46861e-15   2.1456e-25 -6.73475e-16  1.47065e-25 -1.02539e-16  1.38512e-26 -9.03296e-18 -2.12768e-26   1.0772e-18 -6.75582e-27  7.90131e-19  6.99463e-28   2.4918e-19  2.12661e-28  6.01965e-20 -3.14673e-28  1.23783e-20 -9.85981e-29  2.25208e-21  3.34443e-29  3.69169e-22  2.16731e-29  5.50464e-23  1.40623e-30  7.50442e-24 -1.58679e-30  9.37745e-25 -4.16991e-31   1.0749e-25  1.37928e-32   1.1296e-26   2.1901e-32  1.08648e-27  3.16025e-33  9.53778e-29 -1.51326e-34  7.61184e-30 -1.25632e-34  5.49347e-31 -3.37978e-35   3.5606e-32 -8.39892e-36  2.05415e-33 -1.71442e-36  1.04226e-34 -2.56171e-37  4.57011e-36 -2.68821e-38  1.68491e-37 -1.71172e-39  5.02058e-39 -2.77598e-41  1.16102e-40  2.67913e-42  2.01758e-42 -4.39032e-44  2.22676e-44 -1.09414e-44  4.67893e-47
 4.15058e-06  2.19654e-20 -5.94603e-05 -5.02528e-20   0.00029906 -1.86577e-19 -0.000787224   1.5139e-18   0.00117204 -5.53643e-18 -0.000906551  1.34251e-17  0.000162009 -2.17716e-17  0.000228702   2.1987e-17 -6.92323e-05 -1.05005e-17 -7.19381e-05 -3.59563e-18  6.44856e-06   9.2728e-18  2.18973e-05  -6.8562e-18  6.13325e-06  3.22856e-18 -3.12319e-06 -1.10496e-18 -3.01392e-06 -2.92903e-19 -7.92632e-07  8.61862e-19  2.63221e-07  -5.6362e-19   3.2486e-07  2.08531e-19  1.36548e-07 -6.94521e-20   1.7826e-08 -2.12719e-20  -1.4825e-08  3.52956e-20 -1.23701e-08  5.93837e-21 -5.20234e-09 -1.02921e-20 -1.27592e-09 -2.24714e-21 -1.70969e-11   1.0643e-21  1.65816e-10  8.84905e-22   1.0171e-10  6.29949e-23  4.00757e-11 -1.55572e-22  1.18161e-11 -2.56898e-23  2.53322e-12  2.09631e-23  2.68118e-13  2.52968e-24 -7.78071e-14 -3.99948e-24 -6.11444e-14 -1.88346e-24 -2.45285e-14  -2.3229e-25  -7.5982e-15   4.4869e-25 -1.98636e-15  3.23342e-25 -4.52321e-16  4.12851e-26 -9.06638e-17 -3.23446e-26 -1.59456e-17 -1.03248e-26 -2.41196e-18  6.51422e-28 -2.96087e-19 -3.51668e-28 -2.37848e-20  -7.8328e-28  7.43564e-22 -1.74857e-28  8.19895e-22  7.33702e-29  2.16453e-22  4.01072e-29  4.17538e-23  2.51175e-30  6.73114e-24 -2.48069e-30  9.47735e-25 -6.06633e-31  1.18746e-25  3.00459e-32  1.33512e-26  3.41053e-32  1.35119e-27  5.38369e-33  1.23049e-28 -9.04842e-36  1.00548e-29 -1.86845e-34  7.33505e-31 -6.67564e-35  4.74221e-32 -1.76502e-35  2.69005e-33 -3.51229e-36   1.3206e-34 -5.16372e-37  5.49859e-36  -5.4856e-38  1.88157e-37 -3.92034e-39  5.04939e-39 -1.74093e-40  9.99405e-41 -6.70269e-42   1.3228e-42 -3.80992e-43  7.91671e-45 -8.35743e-45
-1.70028e-20  3.00403e-05  1.23158e-19  -0.00024664 -1.86577e-19  0.000943572 -5.32268e-19  -0.00202517  3.66452e-18   0.00247539 -1.22686e-17  -0.00144199  2.78991e-17 -8.14387e-05 -4.19572e-17  0.000471943  3.81022e-17  3.35668e-06 -1.44655e-17 -0.000141892  -8.5511e-18 -3.12906e-05  1.44166e-17   3.0784e-05 -8.95326e-18   2.0246e-05  4.15761e-18  7.25966e-07 -1.73713e-18 -4.79497e-06  -3.4618e-19 -2.69729e-06  1.13869e-18 -3.84898e-07 -6.10494e-19  3.75188e-07  2.22265e-19  3.06155e-07  -1.1378e-19  1.12513e-07 -3.99817e-20  1.19938e-08  5.89511e-20 -1.25574e-08   1.5028e-20 -9.87837e-09 -1.46301e-20 -4.19166e-09 -5.77951e-21 -1.14235e-09  1.00252e-21 -1.23728e-10  1.56823e-21  7.11055e-11  2.31006e-22  5.64405e-11 -2.12539e-22  2.46723e-11 -4.25137e-23  8.12252e-12  3.03602e-23  2.12745e-12  5.99667e-24  4.28884e-13 -6.11175e-24  5.24952e-14 -4.41186e-24 -4.71632e-15 -9.50264e-25 -5.59727e-15  7.73778e-25 -2.24404e-15  6.02269e-25 -6.70198e-16  9.97682e-26 -1.68337e-16 -3.52034e-26 -3.71157e-17 -1.10153e-26 -7.32501e-18  3.19342e-28 -1.30654e-18 -1.88765e-27 -2.11536e-19 -1.66058e-27 -3.11108e-20 -2.91866e-28 -4.14635e-21  1.31254e-28 -4.97797e-22  6.40486e-29 -5.32339e-23  3.97139e-30  -4.9653e-24 -3.31419e-30 -3.86507e-25 -7.31672e-31 -2.22217e-26  6.73406e-32  -4.3005e-28     5.17e-32  1.06859e-28  9.10411e-33  1.95912e-29  3.93624e-34  2.16937e-30  -2.5434e-34  1.86028e-31 -1.15044e-34  1.30982e-32   -3.126e-35  7.69381e-34 -6.07226e-36  3.75837e-35  -8.6756e-37  1.49455e-36 -9.01116e-38  4.60572e-38 -6.57597e-39  1.00336e-39 -3.41963e-40  1.29635e-41 -1.46179e-41   3.6111e-44 -4.46783e-43 -1.38689e-45
 -8.3312e-06 -1.25708e-19  0.000136088  4.93854e-19 -0.000787224 -5.32268e-19   0.00241932 -1.18228e-18  -0.00433077  7.07493e-18   0.00435099 -2.26055e-17  -0.00175417   4.9622e-17 -0.000701428 -7.01003e-17  0.000696114  5.73479e-17  0.000217427 -1.64065e-17 -0.000186545  -1.5507e-17 -0.000109724  1.87999e-17  1.82336e-05 -9.66219e-18   3.7909e-05  4.89324e-18  1.23396e-05 -2.58833e-18  -3.5858e-06 -4.19998e-19 -4.97549e-06  1.33762e-18 -1.98605e-06  -4.9998e-19  -6.1769e-08  2.26362e-19  3.84062e-07  -1.9095e-19  2.50897e-07 -7.23987e-20   8.4878e-08  8.79592e-20  8.89148e-09  3.16056e-20 -8.57778e-09 -1.78175e-20 -6.77381e-09 -1.10468e-20 -2.95607e-09  2.26156e-22 -8.90391e-10   2.2879e-21 -1.63037e-10  4.75518e-22  7.80359e-12 -2.49015e-22   2.1972e-11 -5.28436e-23  1.14639e-11  4.70881e-23  4.19532e-12  1.42792e-23  1.23748e-12 -8.75072e-24  3.04689e-13 -8.89061e-24  6.20735e-14 -2.42323e-24  9.74123e-15  1.10279e-24  8.11445e-16  9.69569e-25 -1.53666e-16  2.03898e-25 -9.94244e-17 -1.45399e-26 -3.18671e-17  -3.1692e-27 -7.94961e-18  5.44453e-29 -1.69557e-18 -4.77587e-27 -3.20488e-19 -3.05464e-27 -5.46147e-20 -4.64661e-28  -8.4683e-21  1.97214e-28 -1.20077e-21  8.92181e-29 -1.56107e-22   5.4523e-30 -1.86247e-23 -3.84024e-30 -2.03859e-24 -7.03576e-31 -2.04441e-25  1.44771e-31 -1.87418e-26  7.94711e-32 -1.56541e-27  1.53942e-32 -1.18601e-28  1.20189e-33 -8.10319e-30 -3.15682e-34 -4.95446e-31  -1.7627e-34 -2.68316e-32 -4.82549e-35 -1.26939e-33 -9.08692e-36 -5.15362e-35 -1.24364e-36  -1.7601e-36 -1.23322e-37 -4.95998e-38  -8.7196e-39 -1.12206e-39 -4.44595e-40 -1.90328e-41 -1.60563e-41 -2.08156e-43 -2.57806e-43
 6.70647e-20  -4.7278e-05 -5.88914e-19    0.0004513   1.5139e-18  -0.00202517 -1.18228e-18   0.00518895 -2.00072e-18   -0.0078727  1.07066e-17   0.00645086 -3.49893e-17    -0.001426  7.69716e-17  -0.00169491 -1.03459e-16  0.000708265  7.62441e-17  0.000572988 -1.47894e-17  -0.00013283 -2.32305e-17 -0.000210657  2.06194e-17 -3.39842e-05 -8.38081e-18  4.58319e-05  5.53796e-18  3.09052e-05 -3.57433e-18  3.98009e-06 -6.32211e-19 -5.51641e-06  1.39745e-18 -4.15165e-06 -1.95305e-19 -1.25817e-06  2.52304e-19  1.08261e-07 -3.06311e-19  3.21817e-07 -1.26721e-19  1.83996e-07  1.17998e-19  5.99996e-08  5.70696e-20   7.4919e-09 -1.79401e-20 -4.60229e-09  -1.7387e-20 -3.95255e-09  -1.4468e-21 -1.80544e-09  2.78692e-21 -5.93645e-10  7.05261e-22 -1.41275e-10 -2.71806e-22 -1.80286e-11 -4.83396e-23  3.69321e-12   8.0482e-23  3.57798e-12   3.2156e-23  1.55184e-12  -1.1335e-23  5.08925e-13 -1.57694e-23  1.39429e-13 -4.99451e-24  3.30025e-14  1.23654e-24  6.81214e-15  1.35632e-24  1.21648e-15  3.62925e-25  1.81659e-16  4.93851e-26  2.03196e-17  2.07795e-26  8.41657e-19  8.20903e-28 -3.53418e-19 -9.04573e-27 -1.35747e-19 -4.94551e-27 -3.19361e-20 -7.01375e-28 -6.03809e-21  2.52402e-28 -9.83873e-22  1.08752e-28 -1.42046e-22  6.33039e-30 -1.84044e-23 -3.85521e-30 -2.15267e-24 -4.35974e-31 -2.27747e-25   2.8748e-31 -2.17804e-26  1.24123e-31 -1.87775e-27  2.54599e-32 -1.45262e-28  2.54656e-33 -1.00164e-29 -3.52468e-34 -6.10073e-31 -2.43253e-34 -3.24228e-32 -6.61368e-35   -1.479e-33 -1.19486e-35 -5.66619e-35 -1.54425e-36 -1.77388e-36 -1.43269e-37 -4.38536e-38 -9.41865e-39 -8.13218e-40 -4.27539e-40 -1.02324e-41 -1.12923e-41 -6.42439e-44
 8.72926e-06   4.2428e-19 -0.000169882 -2.03568e-18   0.00117204  3.66452e-18  -0.00433077 -2.00072e-18   0.00951527 -2.29217e-18   -0.0123775  1.16552e-17   0.00810423 -4.55067e-17 -0.000129866  1.05727e-16  -0.00282911  -1.3692e-16  0.000313248  9.06932e-17  0.000969787 -9.00477e-18  8.02579e-05 -2.99738e-17 -0.000281432  1.86135e-17 -0.000128228 -5.18916e-18  2.58654e-05  6.33481e-18     4.83e-05 -4.48089e-18  1.88508e-05 -1.13078e-18 -1.52523e-06  1.26397e-18 -5.43374e-06  3.00312e-19  -2.9913e-06  3.37537e-19 -7.13755e-07 -4.52991e-19  1.49646e-07 -2.10161e-19  2.31786e-07  1.42265e-19   1.2255e-07  9.05853e-20  4.00199e-08 -1.31384e-20  6.45064e-09 -2.33511e-20 -1.70523e-09  -3.8279e-21 -1.90298e-09  2.80834e-21 -9.33667e-10  7.58182e-22  -3.3177e-10 -3.28295e-22 -9.19523e-11  -2.9087e-23 -1.91829e-11  1.41661e-22 -2.24144e-12  6.57712e-23  3.64799e-13 -1.24378e-23  3.40475e-13 -2.50075e-23  1.37143e-13 -8.98349e-24  4.19826e-14  8.49302e-25  1.08504e-14  1.62811e-24  2.46058e-15  5.73292e-25  4.98219e-16  1.75113e-25  9.07872e-17  6.82163e-26  1.49204e-17  4.16271e-27  2.20558e-18 -1.41567e-26  2.90779e-19 -7.11986e-27  3.35743e-20 -9.90471e-28  3.26183e-21  2.75284e-28  2.38582e-22  1.15439e-28  6.87293e-24  5.95919e-30 -1.59074e-24 -3.21812e-30 -3.94462e-25  1.48494e-31 -5.77337e-26  5.23246e-31 -6.61877e-27  1.92358e-31  -6.3571e-28  4.01379e-32 -5.23214e-29  4.47168e-33  -3.7123e-30  -3.4821e-34 -2.26377e-31 -3.05252e-34 -1.17442e-32 -8.13599e-35  -5.0926e-34 -1.39342e-35  -1.7985e-35 -1.67641e-36 -5.00091e-37 -1.42561e-37  -1.0497e-38 -8.36566e-39 -1.56552e-40 -3.10272e-40 -1.48394e-42  -4.7897e-42
-1.67915e-19  3.76477e-05  1.74178e-18 -0.000446686 -5.53643e-18   0.00247539  7.07493e-18   -0.0078727 -2.29217e-18    0.0151838 -5.81624e-19   -0.0170692  5.41886e-18   0.00855815 -4.89867e-17   0.00214732  1.30299e-16  -0.00368753 -1.64558e-16 -0.000562807  9.75182e-17   0.00122472  4.15385e-19   0.00045258 -3.42818e-17 -0.000253053  1.26103e-17 -0.000239061 -8.42214e-19 -3.38898e-05  7.55384e-18  5.04683e-05 -5.01666e-18  3.68416e-05 -2.02399e-18   8.5105e-06  8.99715e-19 -3.77301e-06  9.43712e-19 -4.31444e-06  5.10719e-19   -1.943e-06 -6.12432e-19 -3.81882e-07 -3.25443e-19  1.20858e-07  1.52627e-19  1.46241e-07  1.28411e-19  7.43553e-08 -2.30401e-21  2.49634e-08 -2.69327e-20  5.09616e-09 -6.24458e-21 -1.41185e-10  2.23452e-21 -6.99724e-10  4.46569e-22 -3.92624e-10 -5.06104e-22 -1.51143e-10 -9.27042e-24 -4.62937e-11   2.3903e-22 -1.16567e-11  1.21025e-22 -2.36113e-12 -9.72165e-24 -3.38344e-13 -3.58756e-23 -9.09792e-15 -1.46341e-23  1.51621e-14 -4.90953e-25  6.90228e-15  1.59337e-24  2.09276e-15  8.11861e-25  5.19347e-16  3.71663e-25  1.12091e-16  1.43173e-25  2.15984e-17  1.17989e-26  3.76542e-18 -1.89875e-26  5.98334e-19 -9.17586e-27  8.70123e-20  -1.2926e-27   1.1604e-20  2.50994e-28  1.42006e-21  1.04836e-28  1.59403e-22  4.17059e-30  1.63921e-23 -1.78445e-30  1.54113e-24  1.12282e-30  1.32099e-25  8.76443e-31  1.02859e-26  2.87971e-31  7.24241e-28  5.92848e-32  4.58445e-29  6.85396e-33   2.5896e-30 -2.99072e-34  1.29328e-31 -3.50853e-34  5.64771e-33  -9.0424e-35  2.12884e-34 -1.44917e-35  6.80159e-36 -1.59837e-36  1.77949e-37 -1.21681e-37  3.55357e-39 -6.07826e-39  4.64281e-41 -1.64743e-40  2.29538e-43
-3.58431e-06 -9.33039e-19   9.8571e-05  5.39221e-18 -0.000906551 -1.22686e-17   0.00435099  1.07066e-17   -0.0123775 -5.81624e-19    0.0214081  5.14603e-18   -0.0209008 -1.23266e-17   0.00732935 -4.14311e-17   0.00502267  1.45753e-16  -0.00384284 -1.81672e-16  -0.00179618    9.567e-17   0.00114893  1.21618e-17  0.000899617 -3.56191e-17 -7.62086e-05  3.50298e-18 -0.000316571   3.5381e-18 -0.000127667  9.37991e-18  2.40758e-05 -4.92146e-18  4.85944e-05 -3.32353e-18  2.27852e-05  2.98808e-19  2.23904e-06  1.66509e-18 -3.83532e-06  7.81699e-19 -2.97851e-06  -7.5965e-19 -1.17414e-06 -4.68728e-19 -2.06496e-07  1.41189e-19  7.23547e-08  1.64014e-19  8.08798e-08   1.4288e-20  4.07705e-08 -2.60717e-20  1.42653e-08 -7.59962e-21  3.49459e-09  1.19611e-21  3.98228e-10 -3.71456e-22 -1.48618e-10 -9.08098e-22 -1.23223e-10 -1.50254e-23 -5.34834e-11  3.74532e-22 -1.78275e-11  2.01867e-22 -4.96122e-12 -1.10455e-25 -1.18348e-12 -4.69522e-23 -2.42126e-13 -2.20837e-23 -4.13533e-14 -3.25749e-24 -5.35868e-15  1.03501e-24 -3.05608e-16  1.03257e-24  9.53173e-17   6.3024e-25  4.44782e-17  2.43192e-25  1.19485e-17  2.49043e-26  2.55278e-18  -2.2111e-26  4.68879e-19 -1.06202e-26  7.63396e-20 -1.54563e-27  1.11782e-20  1.78783e-28  1.48273e-21  7.77581e-29  1.78749e-22  1.76601e-30  1.95991e-23  6.91742e-31  1.95229e-24  2.55692e-30  1.76187e-25  1.35877e-30  1.43431e-26  4.08757e-31    1.047e-27  8.13032e-32  6.79848e-29  9.36217e-33  3.88646e-30 -2.19751e-34  1.93043e-31 -3.71368e-34  8.19525e-33 -9.11373e-35  2.91314e-34 -1.34764e-35   8.4411e-36 -1.33894e-36   1.9164e-37  -8.8588e-38  3.17251e-39 -3.53535e-39  3.14918e-41 -5.63939e-41
 2.71695e-19 -7.37657e-06 -3.41443e-18  0.000170112  1.34251e-17  -0.00144199 -2.26055e-17   0.00645086  1.16552e-17   -0.0170692  5.14603e-18    0.0270503  1.65619e-17   -0.0229794 -4.29786e-17   0.00444733 -2.23663e-17   0.00784889  1.49431e-16  -0.00305396 -1.86345e-16   -0.0030923  8.65459e-17  0.000640168  2.48096e-17   0.00127474 -3.44301e-17  0.000246271 -7.25843e-18 -0.000305964  6.87586e-18 -0.000228433  1.18456e-17 -3.48737e-05 -4.07522e-18  4.31747e-05  -4.9332e-18  3.56578e-05 -5.00813e-19  1.19717e-05  2.38961e-18 -5.03394e-07  1.14075e-18 -2.94228e-06 -8.69481e-19 -1.85417e-06 -6.29673e-19 -6.74847e-07  1.01757e-19 -1.19398e-07  1.88962e-19  3.20501e-08  3.46197e-20  3.85673e-08 -1.92931e-20  1.98294e-08 -6.62406e-21  7.26663e-09  8.33137e-23  2.02597e-09 -1.72735e-21  3.97903e-10 -1.61083e-21  2.56667e-11 -7.33586e-23 -2.13264e-11  5.43414e-22 -1.31056e-11  3.09767e-22 -4.96352e-12  2.00189e-23 -1.50086e-12 -5.62848e-23 -3.88294e-13 -3.13246e-23 -8.83477e-14 -7.84974e-24 -1.78831e-14  -2.3691e-25 -3.22824e-15  1.16964e-24 -5.16827e-16  9.19953e-25 -7.21404e-17  3.57745e-25 -8.41878e-18  4.33486e-26 -7.24293e-19 -2.22843e-26 -1.84111e-20 -1.10319e-26  9.24345e-21 -1.68455e-27  2.61351e-21  7.34267e-29  4.68759e-22  4.08903e-29  6.74323e-23  6.79983e-31   8.2772e-24  4.58607e-30  8.87367e-25  4.49659e-30  8.38302e-26  1.95758e-30  6.99093e-27  5.44348e-31  5.13191e-28  1.03087e-31  3.29468e-29  1.15038e-32  1.83158e-30 -1.38773e-34  8.70059e-32 -3.63335e-34  3.47463e-33 -8.34375e-35  1.14542e-34 -1.12051e-35   3.0564e-36  -9.8149e-37  6.42609e-38 -5.42381e-38   9.8207e-40 -1.56419e-39  7.28612e-42
-1.16071e-06  1.32909e-18  4.82257e-06 -9.55174e-18  0.000162009  2.78991e-17  -0.00175417 -3.49893e-17   0.00810423  5.41886e-18   -0.0209008  1.65619e-17    0.0310674   3.3747e-17   -0.0229326  -8.2887e-17  0.000436751  4.55946e-18   0.00997786  1.41333e-16  -0.00136851 -1.79941e-16  -0.00409944  7.33336e-17 -0.000264469  3.73708e-17   0.00142573 -3.16744e-17  0.000650545 -1.82773e-17 -0.000173279  8.46784e-18 -0.000295637  1.48155e-17 -0.000115686  -2.5589e-18  1.37749e-05 -6.68784e-18  3.94624e-05 -1.41901e-18  2.22201e-05  3.05834e-18  5.50944e-06  1.56614e-18 -1.16017e-06 -9.20257e-19 -1.90384e-06 -7.92911e-19 -1.05974e-06   3.0997e-20 -3.72379e-07  1.94395e-19  -7.3194e-08  5.49968e-20  8.26253e-09 -6.27499e-21  1.52107e-08  -2.2696e-21  8.29389e-09 -5.71178e-22  3.19528e-09  -3.5202e-21  9.74345e-10 -2.62688e-21  2.37956e-10 -1.97233e-22  4.32699e-11  7.38163e-22  3.64917e-12  4.44995e-22 -1.25138e-12  5.48119e-23  -8.1758e-13 -6.16024e-23 -2.94057e-13  -4.2114e-23 -8.32738e-14  -1.4438e-23 -2.01911e-14 -2.32091e-24 -4.33356e-15  1.14971e-24 -8.36854e-16  1.19098e-24 -1.46682e-16  4.69393e-25 -2.34462e-17  6.52715e-26 -3.42538e-18 -1.89532e-26 -4.57619e-19 -1.02257e-26 -5.58587e-20 -1.66841e-27 -6.21725e-21 -3.99671e-29 -6.29032e-22   5.1635e-30 -5.76062e-23  3.61374e-30 -4.74909e-24  1.02878e-29 -3.50039e-25  6.91569e-30 -2.28727e-26  2.62574e-30 -1.31148e-27  6.76308e-31 -6.51821e-29  1.20586e-31 -2.76689e-30  1.27684e-32 -9.81108e-32 -8.45683e-35 -2.72688e-33 -3.29208e-34 -4.01361e-35 -6.93653e-35  1.72429e-36 -8.30519e-36   1.8861e-37 -6.23735e-37  8.69051e-39 -2.71659e-38  1.93585e-40 -4.58652e-40
-2.62756e-19 -8.59206e-06  4.31311e-18  7.03491e-05 -2.17716e-17 -8.14387e-05   4.9622e-17    -0.001426 -4.55067e-17   0.00855815 -1.23266e-17   -0.0229794   3.3747e-17    0.0329223  5.43013e-17   -0.0210033 -1.23492e-16  -0.00393007  3.33133e-17    0.0109962  1.23367e-16  0.000915815 -1.66468e-16  -0.00453983  5.97349e-17  -0.00140106  4.94749e-17    0.0012538 -2.82189e-17   0.00103112 -2.85684e-17  7.67022e-05  8.13957e-18 -0.000290837  1.80149e-17 -0.000194391 -6.47954e-19 -3.75624e-05 -8.42083e-18  2.79982e-05 -2.35417e-18  2.80935e-05  3.63918e-18   1.2419e-05   2.0349e-18  2.31527e-06 -8.93933e-19 -9.46086e-07 -9.39838e-19 -1.07797e-06 -7.05914e-20 -5.58559e-07  1.72826e-19 -1.95937e-07  7.06155e-20 -4.44649e-08   1.1861e-20 -1.63165e-09  5.87741e-21  4.46971e-09 -3.10546e-22  2.83169e-09 -5.55702e-21  1.16462e-09 -3.89319e-21  3.79746e-10 -3.75828e-22  1.03438e-10  9.54272e-22  2.37299e-11  6.08965e-22  4.45505e-12  1.08956e-22  6.07038e-13 -6.04995e-23  2.27545e-14 -5.38244e-23  -2.0217e-14 -2.28055e-23 -8.98499e-15 -5.16601e-24 -2.57503e-15  9.12057e-25 -5.99724e-16  1.38591e-24 -1.21089e-16  5.57767e-25 -2.17782e-17  8.72652e-26 -3.53642e-18 -1.25433e-26 -5.22216e-19 -8.34171e-27 -7.03854e-20  -1.5004e-27 -8.67174e-21 -1.34614e-28 -9.76488e-22 -1.73746e-29 -1.00355e-22  1.31798e-29 -9.38785e-24  1.79545e-29 -7.96241e-25  9.66137e-30 -6.09057e-26  3.28003e-30 -4.17212e-27  7.81391e-31 -2.53601e-28  1.29933e-31 -1.35127e-29  1.28171e-32 -6.20507e-31 -7.07325e-35 -2.39263e-32 -2.76213e-34 -7.40281e-34 -5.22368e-35 -1.67126e-35 -5.45198e-36 -2.08319e-37 -3.37896e-37  6.73486e-40 -1.05319e-38  4.12252e-41
 1.10232e-06 -1.09478e-18  -2.9173e-05  1.07633e-17  0.000228702 -4.19572e-17 -0.000701428  7.69716e-17 -0.000129866 -4.89867e-17   0.00732935 -4.29786e-17   -0.0229326  5.43013e-17    0.0327236  7.35034e-17   -0.0178553 -1.54066e-16  -0.00794164  5.84964e-17    0.0108175  9.82276e-17   0.00338544 -1.51181e-16    -0.004291    4.865e-17  -0.00254079   6.1162e-17   0.00074655 -2.44881e-17   0.00127685 -3.75578e-17  0.000398725  6.24463e-18 -0.000193453  2.10982e-17 -0.000241556   1.2541e-18 -9.88463e-05 -1.00271e-17 -3.33969e-08 -3.21762e-18  2.50656e-05    4.123e-18  1.72872e-05  2.53038e-18   6.4778e-06 -7.74576e-19  9.67674e-07 -1.05014e-18 -5.50301e-07 -1.97848e-19 -5.38225e-07  1.20002e-19 -2.69335e-07  7.66022e-20 -9.62244e-08  3.26697e-20 -2.49102e-08  1.73061e-20 -3.59454e-09   1.0047e-21  6.11274e-10 -7.64658e-21  7.04659e-10 -5.29705e-21  3.29731e-10 -5.77657e-22  1.15334e-10  1.19375e-21  3.36017e-11  8.05725e-22  8.46516e-12   1.8727e-22  1.86909e-12 -5.06459e-23  3.61512e-13 -6.53102e-23  6.02837e-14 -3.22556e-23  8.26767e-15 -8.54344e-24  7.94721e-16  4.30912e-25  3.93043e-18  1.45586e-24 -2.15087e-17  6.05053e-25 -6.61152e-18   1.0514e-25 -1.40005e-18 -4.40767e-27 -2.43582e-19 -5.81938e-27 -3.67106e-20  -1.2299e-27 -4.89825e-21 -1.89746e-28 -5.84282e-22 -1.69933e-29 -6.25415e-23  3.08404e-29 -6.00798e-24   2.7249e-29 -5.16651e-25  1.24296e-29 -3.95781e-26  3.81363e-30 -2.68134e-27  8.37687e-31 -1.59049e-28  1.28765e-31 -8.14696e-30  1.16262e-32 -3.53262e-31 -9.00186e-35 -1.25601e-32 -2.14072e-34 -3.44951e-34 -3.54563e-35 -6.35519e-36 -3.13441e-36 -4.34963e-38 -1.51481e-37  8.28241e-40 -2.74471e-39
 8.95423e-20  2.54488e-06 -3.00521e-18 -5.96889e-05   2.1987e-17  0.000471943 -7.01003e-17  -0.00169491  1.05727e-16   0.00214732 -4.14311e-17   0.00444733  -8.2887e-17   -0.0210033  7.35034e-17    0.0310576  8.56402e-17    -0.014249 -1.65719e-16   -0.0111509  7.77593e-17   0.00962417  6.86447e-17   0.00565492 -1.38945e-16  -0.00339318  4.13591e-17  -0.00346371  7.24623e-17 -2.43939e-05 -2.05288e-17   0.00130581 -4.48737e-17  0.000720684  3.55573e-18 -9.66429e-06  2.37469e-17 -0.000232879  2.72012e-18 -0.000151367 -1.14936e-17 -3.94102e-05  -3.9676e-18  1.12268e-05  4.50782e-18  1.72113e-05  3.04276e-18  9.63634e-06 -5.48247e-19  3.25559e-06  -1.1035e-18  4.56815e-07 -3.40548e-19 -2.45165e-07  3.64696e-20 -2.34091e-07  6.93469e-20 -1.16499e-07   5.2923e-20 -4.27641e-08  3.05366e-20 -1.22322e-08   3.0299e-21 -2.59085e-09 -9.71221e-21 -2.75562e-10 -6.73261e-21  7.75441e-11 -7.67904e-22  6.18236e-11  1.46295e-21  2.50518e-11  1.04061e-21  7.86654e-12  2.93357e-22  2.09767e-12 -3.01777e-23  4.92072e-13 -7.49354e-23  1.03256e-13 -4.16599e-23  1.95424e-14 -1.20703e-23  3.34727e-15 -2.70189e-25  5.18754e-16  1.37507e-24  7.24751e-17  6.00767e-25  9.05369e-18  1.14953e-25  9.95611e-19  3.53966e-27  9.34041e-20 -3.26733e-27   6.9281e-21 -9.34385e-28  3.01845e-22 -1.94413e-28 -1.50009e-23  1.10627e-29 -5.44376e-24  5.60481e-29 -7.82079e-25  3.72105e-29 -8.25002e-26  1.48018e-29 -7.06547e-27  4.12279e-30 -5.05876e-28  8.31694e-31  -3.0453e-29  1.17147e-31 -1.52912e-30  9.50433e-33 -6.25532e-32 -1.20637e-34 -1.96918e-33 -1.52472e-34 -4.02477e-35 -2.15125e-35 -1.23918e-37 -1.54944e-36   2.0468e-38 -5.30858e-38  3.94508e-40
 3.69815e-07  2.04404e-19 -1.01225e-06 -6.26859e-18 -6.92323e-05  3.81022e-17  0.000696114 -1.03459e-16  -0.00282911  1.30299e-16   0.00502267 -2.23663e-17  0.000436751 -1.23492e-16   -0.0178553  8.56402e-17    0.0286666  8.59084e-17   -0.0107793 -1.54567e-16   -0.0134132  9.22789e-17   0.00773348  3.71946e-17   0.00745685 -1.32891e-16  -0.00200196  3.74713e-17  -0.00401227  8.30008e-17 -0.000931814 -1.63525e-17   0.00108607 -5.01531e-17  0.000965072   1.0858e-18  0.000228403  2.57695e-17 -0.000158075  3.41252e-18 -0.000175859 -1.28869e-17 -7.94334e-05 -4.62733e-18 -1.13609e-05  4.78023e-18  1.07033e-05  3.56296e-18  1.01057e-05 -2.06097e-19  4.98453e-06 -1.08211e-18  1.60559e-06 -4.83931e-19  2.54818e-07 -7.15668e-20 -7.73295e-08   4.7799e-20 -8.56527e-08   6.9435e-20 -4.37862e-08   4.3367e-20 -1.65867e-08  4.91977e-21 -5.08183e-09  -1.1876e-20 -1.27619e-09  -8.1645e-21  -2.5146e-10 -9.33419e-22 -3.11882e-11  1.76421e-21   2.0005e-12  1.31545e-21  2.83424e-12  4.27249e-22  1.13722e-12  1.61645e-24  3.36063e-13  -8.0884e-23  8.33098e-14 -4.96855e-23  1.81266e-14 -1.52926e-23  3.53496e-15 -1.12134e-24  6.24787e-16  1.14731e-24   1.0071e-16  5.43845e-25  1.48561e-17  1.13872e-25  2.00888e-18  9.34932e-27  2.49106e-19 -1.28064e-27  2.83091e-20 -6.89284e-28  2.94391e-21 -1.47269e-28  2.79488e-22  6.52816e-29  2.41449e-23  8.59617e-29  1.88993e-24  4.63705e-29  1.33289e-25  1.63465e-29   8.4079e-27  4.13914e-30  4.69846e-28    7.633e-31  2.29698e-29  9.76102e-32  9.67536e-31  6.96896e-33  3.46267e-32 -1.39942e-34  1.05508e-33 -9.89955e-35  2.85575e-35 -1.15184e-35   7.1119e-37 -6.38538e-37  1.30591e-38 -1.26118e-38
 1.25411e-19  2.57257e-06  8.39072e-20 -2.20206e-05 -1.05005e-17  3.35668e-06  5.73479e-17  0.000708265  -1.3692e-16  -0.00368753  1.45753e-16   0.00784889  4.55946e-18  -0.00393007 -1.54066e-16    -0.014249  8.59084e-17    0.0261697  7.19613e-17  -0.00777127 -1.22599e-16   -0.0148053  1.05322e-16   0.00547114  6.39291e-18   0.00866326 -1.33703e-16 -0.000323174  3.55402e-17  -0.00411225  9.18197e-17  -0.00183014 -1.22775e-17  0.000638634 -5.30086e-17   0.00106948 -1.33013e-19  0.000471589   2.7165e-17 -2.48866e-05  3.17428e-18 -0.000159074 -1.43065e-17 -0.000107239 -5.27851e-18 -3.68824e-05  4.90456e-18 -1.40153e-06  4.07425e-18  7.00445e-06  2.49899e-19  5.26896e-06 -9.74318e-19  2.41109e-06 -6.10503e-19  7.73789e-07 -1.92437e-19  1.50606e-07  1.43257e-20 -9.00044e-09  7.99372e-20 -2.43343e-08  5.33619e-20 -1.36007e-08  5.48401e-21 -5.37683e-09 -1.44746e-20 -1.72927e-09 -9.66851e-21 -4.72169e-10  -1.1036e-21 -1.10604e-10  2.08468e-21 -2.19364e-11  1.62174e-21 -3.48701e-12  5.82711e-22 -3.56668e-13  4.34103e-23  1.65014e-14 -8.17453e-23  2.10404e-14 -5.51634e-23  7.03632e-15 -1.78106e-23   1.7272e-15 -2.02851e-24  3.55161e-16  8.01616e-25  6.39725e-17  4.41405e-25  1.02967e-17  1.00614e-25  1.49565e-18   1.1538e-26  1.97007e-19 -2.71768e-28  2.35739e-20 -5.39348e-28  2.56179e-21 -5.43019e-29  2.52315e-22  1.38101e-28   2.2443e-23  1.15921e-28  1.79352e-24  5.31112e-29  1.27873e-25  1.67501e-29  8.05937e-27  3.85401e-30  4.43655e-28  6.46222e-31  2.10011e-29  7.42635e-32  8.38342e-31  4.54881e-33  2.76264e-32 -1.36179e-34  7.41709e-34 -5.79225e-35   1.6447e-35 -5.33552e-36  3.00059e-37 -2.07003e-37  3.04684e-39
-2.22505e-07   6.4337e-19  7.94571e-06 -9.03347e-19 -7.19381e-05 -1.44655e-17  0.000217427  7.62441e-17  0.000313248 -1.64558e-16  -0.00384284  1.49431e-16   0.00997786  3.33133e-17  -0.00794164 -1.65719e-16   -0.0107793  7.19613e-17    0.0239376  4.44623e-17  -0.00531406 -7.62507e-17   -0.0155078  1.19999e-16   0.00309696 -2.12973e-17   0.00925959 -1.39671e-16   0.00144114  3.39649e-17   -0.0037665  9.74943e-17   -0.0025873 -9.04768e-18  2.67593e-05 -5.31441e-17   0.00100021  7.24674e-19  0.000666623  2.81219e-17  0.000142571  2.07105e-18 -9.84044e-05 -1.58271e-17  -0.00011207 -6.03216e-18 -5.75203e-05  4.82605e-18 -1.59591e-05  4.54651e-18  7.71698e-07  8.01257e-19  3.70008e-06 -7.78514e-19   2.4624e-06 -7.02867e-19  1.08253e-06 -3.10337e-19  3.54841e-07 -2.51779e-20  8.28941e-08  8.37484e-20  8.34543e-09  5.84474e-20 -4.09802e-09  3.47586e-21 -3.16414e-09 -1.79888e-20  -1.3666e-09 -1.14265e-20  -4.6159e-10 -1.35579e-21  -1.3217e-10  2.38777e-21  -3.3101e-11  1.93515e-21 -7.34786e-12  7.45479e-22 -1.45098e-12  9.11059e-23 -2.53731e-13  -7.7189e-23 -3.86791e-14 -5.74761e-23 -4.94271e-15 -1.94035e-23 -4.71774e-16 -2.90678e-24  -1.6097e-17  3.79801e-25   6.1517e-18  3.05267e-25  1.97628e-18  7.54944e-26   3.8878e-19  9.43688e-27  6.09315e-20  -3.6612e-28  8.13378e-21 -4.83854e-28  9.48322e-22  7.33235e-29  9.75408e-23  2.17493e-28   8.8747e-24  1.40587e-28   7.1294e-25  5.61428e-29  5.02969e-26  1.59246e-29  3.08887e-27   3.3231e-30  1.63072e-28  5.03481e-31   7.2777e-30  5.13893e-32  2.69056e-31  2.61193e-33  8.09879e-33 -1.11647e-34  1.99746e-34 -3.00614e-35  4.20459e-36 -2.07046e-36  6.79306e-38 -4.57381e-38
-2.13702e-19 -1.40433e-07  2.06617e-18  1.33391e-05 -3.59563e-18 -0.000141892 -1.64065e-17  0.000572988  9.06932e-17 -0.000562807 -1.81672e-16  -0.00305396  1.41333e-16    0.0109962  5.84964e-17   -0.0111509 -1.54567e-16  -0.00777127  4.44623e-17    0.0221084  6.61883e-18  -0.00335556 -2.38354e-17   -0.0157143  1.37495e-16  0.000784094 -4.36959e-17   0.00930199 -1.47382e-16   0.00312406  3.17251e-17  -0.00303427  9.84884e-17  -0.00310457 -7.67076e-18 -0.000661503 -5.05141e-17   0.00075703  4.09825e-18  0.000768727  2.89513e-17  0.000309951  3.72181e-19 -3.15694e-06 -1.74559e-17 -8.89552e-05 -6.98847e-18 -6.60677e-05  4.48697e-18  -2.8488e-05  4.93679e-18 -6.85923e-06  1.41039e-18  5.89536e-07 -5.05726e-19  1.62905e-06 -7.46787e-19  1.02209e-06 -4.07548e-19  4.41848e-07 -6.20143e-20  1.48936e-07  8.20597e-20   3.9519e-08  5.74449e-20  7.51244e-09 -2.06919e-21  4.72841e-10 -2.29007e-20 -3.88141e-10 -1.36702e-20 -2.35879e-10 -1.79967e-21  -8.8786e-11  2.61268e-21 -2.68135e-11  2.21461e-21 -6.96922e-12  8.93717e-22 -1.60549e-12  1.37726e-22 -3.32701e-13 -6.84209e-23 -6.25196e-14 -5.68061e-23 -1.06993e-14 -2.01023e-23 -1.67067e-15 -3.70876e-24 -2.38049e-16 -7.73869e-26 -3.09095e-17  1.48292e-25 -3.64713e-18   4.0305e-26 -3.89369e-19  3.33211e-27 -3.73779e-20  -1.3867e-27 -3.19808e-21 -4.81262e-28 -2.40802e-22  2.20395e-28 -1.56478e-23  2.89591e-28  -8.4878e-25  1.55396e-28 -3.58549e-26  5.49096e-29 -9.48457e-28  1.40401e-29  6.77525e-30  2.64873e-30  2.50424e-30  3.59953e-31  1.67233e-31  3.21778e-32  7.80648e-33  1.29387e-33  3.49108e-34 -7.74786e-35  1.67899e-35 -1.35333e-35  6.33917e-37 -6.34421e-37  1.00064e-38
-1.55948e-07 -8.44487e-19  2.14017e-06  4.91198e-18  6.44856e-06  -8.5511e-18 -0.000186545 -1.47894e-17  0.000969787  9.75182e-17  -0.00179618 -1.86345e-16  -0.00136851  1.23367e-16    0.0108175  7.77593e-17   -0.0134132 -1.22599e-16  -0.00531406  6.61883e-18    0.0206727  -3.6847e-17  -0.00179111  2.68386e-17   -0.0155843  1.56489e-16  -0.00136911 -5.92653e-17    0.0088791 -1.52753e-16   0.00460442  2.86626e-17   -0.0020077  9.36004e-17  -0.00332428 -9.07766e-18  -0.00133129 -4.54128e-17  0.000370347   9.9583e-18  0.000750896  2.99856e-17  0.000441059 -1.52198e-18   0.00010762  -1.9119e-17 -4.05687e-05  -8.2003e-18 -5.84289e-05  3.84838e-18 -3.47241e-05  5.19585e-18 -1.34428e-05  2.02293e-18 -3.10081e-06 -1.79583e-19   1.4465e-07 -7.33482e-19  5.86192e-07 -4.67007e-19  3.67155e-07 -8.60704e-20  1.58858e-07  7.77735e-20  5.48961e-08  5.04005e-20  1.57335e-08 -1.15384e-20  3.71824e-09 -2.95157e-20  6.79422e-10 -1.65901e-20  6.96621e-11 -2.54381e-21 -1.12011e-11  2.68459e-21  -9.1783e-12  2.40807e-21 -3.37278e-12  1.00129e-21  -9.4985e-13  1.74283e-22 -2.27095e-13 -5.81448e-23 -4.78903e-14 -5.41209e-23 -9.07201e-15  -2.0175e-23 -1.55891e-15 -4.43342e-24 -2.44317e-16 -5.38793e-25 -3.50213e-17 -1.76679e-26 -4.59665e-18 -1.79718e-27  -5.5232e-19 -5.60751e-27 -6.06755e-20 -2.92526e-27 -6.07972e-21 -4.70492e-28 -5.53737e-22   3.6838e-28  -4.5629e-23  3.41824e-28 -3.38085e-24  1.57819e-28 -2.23455e-25  4.97573e-29 -1.30384e-26  1.14695e-29 -6.62504e-28  1.94746e-30 -2.87687e-29  2.35299e-31 -1.03758e-30  1.81073e-32 -2.94838e-32   5.3364e-34 -5.79692e-34 -4.54183e-35 -4.50333e-36 -5.10779e-36  8.92692e-38 -1.32878e-37
 1.57414e-19 -7.07584e-07 -2.19308e-18  9.50286e-06   9.2728e-18 -3.12906e-05  -1.5507e-17  -0.00013283 -9.00477e-18   0.00122472    9.567e-17   -0.0030923 -1.79941e-16  0.000915815  9.82276e-17   0.00962417  9.22789e-17   -0.0148053 -7.62507e-17  -0.00335556  -3.6847e-17    0.0195588 -8.07568e-17 -0.000517133  6.98726e-17   -0.0152326  1.73732e-16  -0.00331647 -6.73783e-17   0.00808647   -1.521e-16   0.00580457  2.52843e-17 -0.000792013  8.23245e-17  -0.00322868 -1.37818e-17  -0.00189569 -3.84424e-17 -0.000106657  1.78424e-17  0.000608464  3.14813e-17  0.000506132  -3.1817e-18  0.000209889 -2.06797e-17  2.32289e-05 -9.65254e-18 -3.51245e-05    2.908e-18 -3.21561e-05   5.2778e-18 -1.67226e-05  2.57478e-18 -6.12023e-06  1.66969e-19 -1.47818e-06 -6.60414e-19 -7.00789e-08 -4.74657e-19  1.58209e-07 -8.75123e-20  1.08714e-07  7.49608e-20   4.8193e-08  3.86277e-20   1.7031e-08 -2.45667e-20  5.09295e-09 -3.78028e-20  1.31603e-09  -2.0239e-20  2.94338e-10 -3.65503e-21  5.59613e-11  2.53345e-21  8.52201e-12  2.46408e-21  8.21761e-13  1.04337e-21 -4.60613e-14  1.91608e-22 -4.88273e-14 -4.99356e-23 -1.55632e-14 -5.08738e-23 -3.66758e-15 -2.00224e-23 -7.24475e-16 -5.11044e-24 -1.25201e-16 -9.83013e-25 -1.92901e-17  -1.8175e-25 -2.67395e-18 -4.64337e-26 -3.34828e-19 -1.55992e-26 -3.79109e-20  -4.4749e-27 -3.87655e-21 -3.99028e-28 -3.56881e-22  4.97057e-28 -2.94361e-23  3.65789e-28 -2.16056e-24   1.4799e-28 -1.39845e-25  4.17982e-29 -7.88762e-27  8.67035e-30 -3.81561e-28  1.31733e-30 -1.54842e-29  1.40006e-31 -5.09343e-31  9.07187e-33 -1.27284e-32  1.69272e-34 -2.05021e-34 -2.22374e-35  -9.3101e-37 -1.52147e-36  2.02069e-38
 2.20927e-10  5.38816e-19 -1.39827e-06 -4.32552e-18  2.18973e-05  1.44166e-17 -0.000109724 -2.32305e-17  8.02579e-05  4.15385e-19   0.00114893  8.65459e-17  -0.00409944 -1.66468e-16   0.00338544  6.86447e-17   0.00773348  1.05322e-16   -0.0155078 -2.38354e-17  -0.00179111 -8.07568e-17    0.0186874 -1.20262e-16  0.000548027  1.01673e-16   -0.0147354   1.8528e-16  -0.00504322 -6.83288e-17   0.00701305 -1.42983e-16   0.00668229  2.22787e-17  0.000508152  6.49996e-17  -0.00283394 -2.16893e-17  -0.00228589  -3.0384e-17 -0.000608211  2.69899e-17  0.000359002  3.35589e-17  0.000488192 -4.24715e-18  0.000280527 -2.19765e-17  8.79512e-05 -1.12622e-17 -1.30541e-06  1.70679e-18 -2.09608e-05  5.14867e-18 -1.54816e-05  3.00186e-18 -7.42216e-06  4.97542e-19 -2.66148e-06 -5.30488e-19 -6.99646e-07 -4.21128e-19 -9.96469e-08 -5.83996e-20  2.19099e-08  7.80762e-20  2.38883e-08  2.44702e-20  1.15406e-08 -4.00209e-20  4.22187e-09 -4.73029e-20  1.29676e-09  -2.4467e-20  3.47496e-10 -5.12474e-21  8.26705e-11  2.11582e-21  1.75956e-11  2.34571e-21  3.35539e-12  1.00275e-21  5.70783e-13  1.82693e-22  8.55521e-14  -4.7192e-23  1.09878e-14 -4.85232e-23  1.12693e-15 -2.00234e-23  7.02795e-17 -5.76816e-24 -3.98437e-18 -1.39233e-24 -2.26454e-18  -3.3299e-25 -4.72471e-19 -8.83874e-26 -7.31316e-20 -2.46664e-26   -9.381e-21  -5.5825e-27 -1.03405e-21 -2.45437e-28 -9.92769e-23  5.87784e-28 -8.33062e-24  3.59063e-28 -6.09475e-25  1.28491e-28 -3.86044e-26   3.2544e-29 -2.09281e-27  6.05436e-30 -9.54606e-29  8.17111e-31 -3.56875e-30  7.53889e-32 -1.04308e-31   3.9934e-33 -2.13186e-33  3.11838e-35 -1.98388e-35 -8.86558e-36  2.28701e-37 -3.09399e-37
-5.85183e-20 -2.27256e-07  1.23227e-18 -3.14521e-07  -6.8562e-18   3.0784e-05  1.87999e-17 -0.000210657 -2.99738e-17   0.00045258  1.21618e-17  0.000640168  7.33336e-17  -0.00453983 -1.51181e-16   0.00565492  3.71946e-17   0.00547114  1.19999e-16   -0.0157143  2.68386e-17 -0.000517133 -1.20262e-16    0.0179942 -1.51344e-16   0.00146251  1.20723e-16   -0.0141413  1.87838e-16  -0.00655133 -6.30706e-17   0.00573594  -1.2467e-16   0.00722176  2.00235e-17   0.00179701   4.2716e-17  -0.00218231  -3.2125e-17  -0.00245687 -2.20359e-17  -0.00106635  3.65247e-17  3.83753e-05   3.6186e-17  0.000386385  -4.4996e-18  0.000302851 -2.28643e-17  0.000138331 -1.28977e-17  3.47035e-05  3.21506e-19 -4.00076e-06  4.79086e-18 -9.99717e-06  3.25005e-18 -6.57192e-06  7.79245e-19 -3.00189e-06 -3.50165e-19 -1.07402e-06 -3.02583e-19 -3.05076e-07  6.07249e-21 -6.38983e-08  9.11029e-20 -6.00676e-09  1.08534e-20  2.56149e-09 -5.61455e-20  1.87096e-09 -5.71419e-20   7.6227e-10 -2.89113e-20  2.44461e-10 -6.85461e-21  6.70216e-11  1.43221e-21  1.62397e-11  2.04234e-21  3.53599e-12  8.74884e-22  6.98249e-13  1.44805e-22  1.25705e-13 -5.20382e-23  2.06911e-14 -4.80484e-23   3.1178e-15 -2.03925e-23  4.30111e-16 -6.40204e-24  5.42755e-17 -1.74594e-24  6.25453e-18 -4.59767e-25  6.56626e-19 -1.22388e-25  6.26122e-20 -3.11182e-26  5.40306e-21 -5.97278e-27  4.20195e-22 -2.68883e-29  2.93144e-23  6.27773e-28  1.82534e-24   3.2537e-28  1.00893e-25  1.03431e-28  4.91915e-27  2.34653e-29  2.09834e-28  3.89591e-30  7.74968e-30  4.62823e-31   2.4696e-31  3.64594e-32  7.13132e-33  1.51446e-33  2.15679e-34 -4.62977e-36  6.53485e-36 -2.72775e-36  1.02107e-37
