 2.68819e-36 -2.26015e-52 -7.06265e-36  6.37937e-52  3.37584e-36  2.79801e-51  -1.5878e-36 -3.37338e-51   5.7365e-36 -1.95793e-51 -5.92737e-36 -9.89507e-52  2.35946e-36  4.09449e-51 -3.85053e-37 -2.88721e-52 -1.51826e-37 -1.20387e-51   4.5294e-37  6.56931e-52  -3.2546e-37 -3.51886e-52  1.24054e-37  3.87348e-53 -3.18192e-38  1.46007e-52 -7.99694e-39  7.70186e-52  1.09206e-38   1.4483e-50  1.01412e-38  -5.5567e-51 -1.89834e-38 -5.54994e-50  1.14302e-38  8.74463e-50 -3.35831e-39 -3.13837e-49 -3.91307e-40  9.23133e-49  1.28268e-39  4.90955e-48 -1.20945e-39  3.49383e-48  2.78048e-40  6.55885e-48  1.43062e-40  9.70048e-48 -3.98443e-41  5.44305e-48  9.60826e-42  3.05627e-47 -3.97772e-42  2.40451e-47  1.34356e-42  2.24757e-47  1.30957e-42  6.99392e-47 -3.94151e-42  5.13222e-47  2.65422e-42  4.51805e-47 -1.07969e-42   5.5005e-47  8.65175e-44   1.9467e-47  9.51027e-44  5.47181e-47 -7.66232e-44  1.49896e-47  4.11382e-44  2.64525e-48 -2.14697e-45  6.30762e-48 -3.24156e-45 -1.31451e-48 -4.96911e-47  2.60468e-49 -1.54934e-46  2.14029e-48  7.32959e-47 -8.68298e-49  4.35154e-48  3.76316e-49 -4.24028e-47 -8.46092e-50  8.11099e-48 -4.56039e-50 -1.86773e-48  4.00435e-50  5.17214e-49 -9.32927e-51  1.08371e-49 -1.74654e-51 -7.80223e-50 -1.83437e-52   1.9149e-50  1.80345e-52 -6.84795e-52 -3.93379e-53  7.61282e-52  7.69639e-53 -7.47821e-52 -1.06921e-53  8.47954e-53  1.93878e-54 -1.49457e-53  -8.3636e-55  2.05983e-53  9.01021e-55 -2.77175e-53 -9.18791e-55  2.73435e-53  8.18343e-55 -2.18911e-53 -6.09694e-55  1.45819e-53  3.73344e-55 -7.83766e-54 -1.79405e-55  3.21393e-54   6.2835e-56 -9.09465e-55 -1.38642e-56  1.41134e-55   1.2441e-57
-2.26015e-52  1.40813e-35 -1.01082e-51 -2.34767e-35  9.61192e-52  1.22098e-35  8.86481e-51 -9.64382e-36 -4.38533e-51  1.53628e-35 -6.18377e-51  -1.0933e-35 -4.40911e-51  3.67736e-36  7.80825e-51  -1.0744e-36  2.25566e-52 -1.73518e-37  -2.1721e-51  1.07182e-36  2.20935e-51 -7.10158e-37 -6.18249e-52  1.70965e-37  6.32876e-51  1.15149e-37  7.95519e-53 -1.91001e-37    3.443e-51   9.9644e-38  1.51091e-49  2.29383e-38 -6.34448e-50 -5.28351e-38 -7.53883e-49  3.15825e-38  1.01029e-48 -1.10732e-38 -3.17669e-48  4.53327e-40  9.00555e-48  2.92212e-39  4.98124e-47 -3.28605e-39  3.36503e-47   7.6211e-40  6.58461e-47  2.13037e-40  1.10794e-46  4.80419e-41  7.46914e-47  1.79891e-41  2.85475e-46 -3.20145e-41  2.22229e-46  1.47008e-41  2.06633e-46  3.61975e-42  5.37658e-46 -1.45901e-41  3.85641e-46  9.91931e-42  3.40797e-46 -4.30116e-42  3.35082e-46  3.95827e-43  1.03532e-46  2.67503e-43  3.56984e-46  -2.2848e-43  8.20094e-47  1.46416e-43  2.23056e-47 -4.57924e-45  3.71769e-47 -1.37515e-44 -6.86048e-48  8.11749e-47  1.89157e-48  -8.0354e-46  1.24252e-47  4.52151e-46 -4.75468e-48 -3.62497e-47  1.73899e-48  -1.3901e-46 -4.76004e-49  2.46822e-47 -1.65272e-49 -7.54859e-48  1.63676e-49  2.03665e-48 -4.45705e-50  5.01787e-49 -7.79018e-51 -2.86401e-49  -1.1514e-51  4.60778e-50  1.18185e-51  1.82562e-51 -1.40504e-52  3.15805e-51  3.01726e-52 -3.21139e-51 -4.58721e-53  5.45449e-52  1.34455e-53 -3.16843e-52 -1.20981e-53  3.65981e-52  1.28592e-53 -3.78994e-52 -1.20856e-53  3.29076e-52  9.73979e-54 -2.39555e-52 -6.53617e-54  1.43526e-52   3.5314e-54 -6.77801e-53 -1.45009e-54  2.34454e-53  4.08882e-55 -5.14063e-54 -6.28161e-56   4.6194e-55
-7.06265e-36 -1.01082e-51  3.92927e-35 -2.47659e-51 -4.87042e-35 -1.17206e-51  2.53826e-35  1.78913e-50  -2.1515e-35  4.71766e-52  2.39387e-35 -1.11515e-50 -1.29743e-35 -9.70199e-51  4.73988e-36  9.33179e-51 -2.68824e-36   2.6731e-52  1.28747e-37 -1.69686e-51  1.73408e-36   9.4405e-51 -1.16941e-36  3.88152e-51  1.53802e-37  6.29793e-50  5.14965e-37 -3.62806e-51 -6.59849e-37 -2.07906e-50  3.31293e-37  1.04603e-48   1.7812e-38 -6.16533e-49  -9.2947e-38  -7.0088e-48  6.21801e-38  7.64546e-48 -2.90539e-38 -2.28498e-47  7.00642e-39  6.03128e-47  2.95638e-39  3.49421e-46 -5.64284e-39  2.24923e-46   1.4581e-39  4.52317e-46  -2.1301e-40  8.11525e-46  5.34323e-40  5.89016e-46  1.12665e-41   1.7976e-45 -1.09441e-40  1.37758e-45  5.80242e-41  1.28159e-45  6.53236e-42  2.85989e-45 -3.90756e-41    1.995e-45  2.60641e-41  1.79459e-45 -1.18555e-41  1.42691e-45  1.18725e-42  3.69146e-46  4.95541e-43  1.61679e-45 -4.74323e-43  3.00919e-46    3.734e-43  1.12425e-46 -1.58348e-45  1.51201e-46 -4.15909e-44 -2.50118e-47  1.09542e-45  6.62137e-48 -2.71918e-45   4.9393e-47  1.65021e-45 -1.82073e-47 -2.46792e-46  5.72373e-48 -3.07096e-46 -1.86398e-48   4.9875e-47 -4.11549e-49 -2.03885e-47   4.5163e-49  5.23268e-48 -1.47669e-49  1.66323e-48 -2.41887e-50 -7.07729e-49 -3.93853e-51  5.07723e-50  4.59958e-51  1.65021e-50 -3.39663e-52  9.48977e-51  8.61038e-52 -1.06647e-50 -1.85125e-52  3.65423e-51  1.12395e-52 -3.39871e-51 -1.21175e-52  3.59599e-51  1.20479e-52 -3.33378e-51 -1.03879e-52  2.63635e-51  7.58314e-53 -1.74319e-51 -4.54104e-53   9.3228e-52  2.13246e-53 -3.81432e-52  -7.2828e-54  1.08062e-52  1.56164e-54 -1.68587e-53 -1.35524e-55
 6.37937e-52 -2.34767e-35 -2.47659e-51  7.49616e-35 -4.23017e-51 -7.49168e-35 -7.66775e-51  3.69781e-35  2.70886e-50 -3.04629e-35   1.2287e-50  2.68964e-35 -1.32184e-50 -1.33691e-35  -1.4606e-50  7.99302e-36  6.98723e-51 -6.05386e-36 -1.75622e-51   1.0534e-36  1.04471e-50  2.26994e-36  5.94835e-50  -1.8095e-36  5.44894e-50  2.07293e-37  4.39484e-49  1.14778e-36 -7.09038e-50 -1.48618e-36 -5.64224e-49  7.72448e-37  5.45361e-48 -5.27435e-38 -5.28093e-48 -1.07936e-37 -5.12733e-47  9.86771e-38  4.43087e-47  -6.4697e-38 -1.34426e-46  2.69788e-38  3.19152e-46 -2.91008e-39  1.95419e-45 -6.27636e-39  1.19995e-45   2.3468e-39  2.45676e-45 -1.93767e-39   4.5265e-45  1.80691e-39  3.39922e-45 -2.25475e-41  8.86628e-45 -2.62758e-40  6.66877e-45  1.60082e-40   6.2138e-45  7.30252e-42  1.21434e-44 -8.67276e-41  8.17603e-45   5.5525e-41   7.5706e-45 -2.63117e-41  4.90519e-45  2.80086e-42  9.91505e-46  6.66099e-43  5.85625e-45  -7.9941e-43  8.47274e-46  7.87147e-43  4.22038e-46  2.10747e-44  4.90243e-46 -1.01886e-43 -7.08881e-47   3.9396e-45   1.2107e-47 -7.04165e-45  1.55912e-46  4.51499e-45  -5.6169e-47 -8.93908e-46  1.55509e-47 -5.16152e-46 -5.86144e-48  7.33934e-47 -8.30303e-49 -4.18934e-47   9.6056e-49  9.85427e-48 -3.92648e-49  4.45595e-48 -6.15835e-50  -1.3104e-48 -9.37521e-51 -4.83933e-50  1.34519e-50  5.51839e-50 -8.16256e-52  3.01334e-50  2.30558e-51 -3.83544e-50 -9.61481e-52  2.58884e-50  8.91245e-52  -2.6947e-50 -9.34894e-52  2.64607e-50  8.58986e-52  -2.2557e-50 -6.75871e-52  1.63348e-50  4.43505e-52 -9.77048e-51 -2.33655e-52  4.62253e-51  9.32287e-53 -1.60843e-51  -2.5413e-53  3.56439e-52  3.74713e-54 -3.25437e-53
 3.37584e-36  9.61192e-52 -4.87042e-35 -4.23017e-51  1.10516e-34 -6.07062e-51 -9.35154e-35 -1.75369e-50  4.12211e-35   3.2955e-50 -3.09721e-35   2.9163e-50  2.43082e-35  -8.1508e-51 -1.67581e-35 -1.63455e-50  1.61885e-35  1.99919e-51 -1.16238e-35 -4.42165e-51  2.69481e-36  1.09994e-49  2.73983e-36   4.0704e-49 -2.95658e-36  4.41225e-49  6.11548e-37  2.51698e-48  1.89079e-36 -9.06001e-49 -2.67932e-36 -6.29776e-48   1.4721e-36  2.17973e-47 -2.55309e-37  -3.8978e-47 -5.02238e-38 -3.13037e-46  1.32711e-37  2.08878e-46 -1.25669e-37 -6.84019e-46  6.99455e-38  1.40772e-45 -2.05956e-38  9.22762e-45 -1.93603e-39  5.39559e-45  3.49667e-39  1.11905e-44 -5.97297e-39  2.06657e-44  4.23621e-39  1.57948e-44  -6.3342e-41  3.64737e-44 -5.14384e-40  2.68756e-44  3.63604e-40  2.50524e-44 -1.77877e-42  4.36389e-44 -1.67679e-40  2.80851e-44  1.01642e-40  2.70377e-44 -5.01137e-41  1.44308e-44  5.60353e-42  1.99647e-45  6.01499e-43   1.7956e-44 -1.17814e-42  1.90566e-45  1.44746e-42  1.29389e-45  8.71472e-44  1.34243e-45 -2.12321e-43 -1.57579e-46  8.27749e-45 -4.21045e-48 -1.49591e-44  4.16008e-46  1.01879e-44 -1.47753e-46  -2.4133e-45   3.7042e-47 -6.66813e-46 -1.56614e-47  6.87482e-47 -1.49902e-48 -6.64746e-47  1.64041e-48  1.32893e-47 -8.88595e-49  1.01013e-47 -1.38159e-49 -1.80272e-48 -1.71538e-50 -3.65356e-49  3.31992e-50  9.18931e-50  -3.4008e-51  1.35529e-49  7.58087e-51 -1.78593e-49 -5.80461e-51  1.70731e-49  5.98996e-51 -1.74961e-49  -5.8478e-51  1.60011e-49  4.92654e-51 -1.26072e-49  -3.5049e-51  8.35451e-50  2.03955e-51 -4.49695e-50 -9.25674e-52  1.86041e-50  3.03256e-52 -5.35694e-51 -6.17098e-53  8.54008e-52  5.00193e-54
 2.79801e-51  1.22098e-35 -1.17206e-51 -7.49168e-35 -6.07062e-51   1.3666e-34 -8.70461e-51 -1.01286e-34   -2.769e-50  3.64355e-35   3.2981e-50 -2.13822e-35  4.98239e-50  1.94145e-35  7.26549e-51 -2.71815e-35 -1.26086e-50  3.03775e-35  1.22391e-50 -1.90609e-35  1.74547e-50   4.8506e-36  7.72222e-49  3.46583e-36  2.54214e-48 -5.07336e-36  2.81011e-48  1.68341e-36  1.22458e-47  2.56769e-36 -8.62537e-48 -4.18392e-36 -5.07649e-47  2.44348e-36  6.12166e-47 -6.58421e-37 -2.47694e-46   1.3027e-37  -1.6501e-45  1.55872e-37   8.1939e-46 -2.18253e-37 -3.10267e-45  1.44945e-37  5.30135e-45 -5.61748e-38  3.79341e-44  1.14256e-38  2.10182e-44  5.02589e-39  4.41275e-44 -1.32231e-38  8.02953e-44  8.02334e-39   6.2114e-44 -2.33973e-41  1.29568e-43 -8.86118e-40   9.3425e-44  7.31026e-40  8.69331e-44 -3.68731e-41  1.37065e-43 -2.89523e-40  8.33467e-44  1.65152e-40  8.42689e-44 -8.48901e-41  3.74807e-44  9.90741e-42  2.48721e-45  1.08671e-43  4.80407e-44 -1.59441e-42  3.38882e-45  2.37658e-42  3.41076e-45  2.27533e-43  3.19683e-45 -3.86187e-43 -2.56426e-46  9.45133e-45 -1.20812e-46 -2.70351e-44  9.72333e-46  1.99154e-44 -3.41653e-46 -5.34877e-45   7.9729e-47 -5.90102e-46 -3.66146e-47 -1.55958e-47 -2.64948e-48 -7.33897e-47  2.24553e-48  9.19208e-48 -1.76447e-48  1.99071e-47 -2.82092e-49 -1.60466e-48 -2.85456e-50 -8.51855e-49  7.79837e-50 -1.82881e-49 -2.10833e-50   7.6443e-49  3.35838e-50 -9.60081e-49 -3.35894e-50  1.00166e-48  3.38595e-50 -9.75943e-49 -3.03714e-50   8.3267e-49  2.32128e-50 -6.06847e-49  -1.4715e-50  3.67167e-49  7.43355e-51   -1.766e-49 -2.81242e-51  6.27971e-50  7.14907e-52 -1.42939e-50  -9.5731e-53   1.3465e-51
 -1.5878e-36  8.86481e-51  2.53826e-35 -7.66775e-51 -9.35154e-35 -8.70461e-51  1.51223e-34 -1.29543e-50 -1.01769e-34 -3.73827e-50  2.46048e-35  2.66013e-50 -2.65376e-36  7.62315e-50  1.50742e-35  3.34418e-50 -4.51748e-35  9.93967e-52  4.91444e-35  1.57253e-49 -2.73345e-35  2.54328e-49  7.19819e-36  4.59997e-48  4.83422e-36  1.40399e-47 -8.51669e-36  1.47533e-47  3.62414e-36  5.06711e-47  2.99782e-36 -6.58576e-47 -5.88212e-36 -3.33736e-46  3.65422e-36  5.54526e-47 -1.31637e-36 -1.37248e-45  4.72142e-37 -7.68265e-45  1.62882e-37  2.65558e-45 -3.46154e-37 -1.27894e-44  2.57905e-37  1.71674e-44 -1.14129e-37  1.38346e-43  3.79525e-38  7.19996e-44  6.93833e-39  1.53635e-43 -2.41451e-38  2.71824e-43  1.30894e-38  2.13045e-43  2.77184e-40  4.06293e-43 -1.41353e-39  2.86504e-43  1.35066e-39  2.65394e-43 -1.24273e-40  3.84096e-43  -4.5327e-40  2.17674e-43  2.43305e-40  2.33751e-43 -1.30906e-40   8.7549e-44  1.59226e-41 -1.32291e-45 -1.00205e-42  1.14271e-43 -2.03238e-42  4.28154e-45  3.51171e-42  7.99609e-45  4.73606e-43  6.72344e-45 -6.22165e-43 -2.00318e-46 -5.35437e-45 -5.30657e-46 -4.22301e-44  2.03839e-45  3.46581e-44 -7.07631e-46 -1.01434e-44  1.57373e-46 -7.87228e-47 -7.62102e-47 -2.69589e-46 -4.88815e-48 -1.84019e-47  2.32061e-48 -1.26978e-47 -3.13208e-48  3.50232e-47 -5.20129e-49 -5.32429e-49 -7.29203e-50 -2.65443e-49  2.07733e-49 -2.67448e-48 -1.26859e-49  4.32221e-48  1.65664e-49 -5.10513e-48 -1.71774e-49  5.25184e-48  1.61611e-49 -4.82888e-48  -1.3156e-49  3.84867e-48  8.96918e-50 -2.59325e-48 -4.94443e-50  1.42655e-48  2.08972e-50 -6.06072e-49 -6.20062e-51  1.79977e-49  1.08805e-51  -2.9684e-50  -6.8678e-53
-3.37338e-51 -9.64382e-36  1.78913e-50  3.69781e-35 -1.75369e-50 -1.01286e-34 -1.29543e-50  1.59458e-34 -1.82793e-50  -1.0288e-34 -5.11516e-50  8.78305e-36   1.5654e-50  2.32884e-35  1.12673e-49  1.19167e-35  6.68947e-50 -6.74027e-35  5.70955e-50  6.90305e-35  1.13859e-48 -3.51252e-35   1.9029e-48  9.56191e-36  2.42587e-47  7.02595e-36  6.87451e-47 -1.33051e-35  6.41617e-47  6.42283e-36  1.73592e-46  3.02917e-36 -4.22833e-46 -7.60245e-36 -1.88448e-45  5.03146e-36 -6.80554e-46 -2.26238e-36 -6.73524e-45  9.96129e-37 -3.21194e-44  1.51674e-37  6.69171e-45  -5.0996e-37 -4.85637e-44  4.09918e-37  4.73429e-44 -1.96095e-37  4.53271e-43  8.09756e-38  2.18491e-43  9.00613e-39  4.78546e-43 -3.85509e-38  8.13717e-43  1.90461e-38  6.50108e-43  1.10348e-39  1.14167e-42 -2.16746e-39  7.87172e-43  2.33845e-39  7.23596e-43 -2.97216e-40  9.74323e-43 -6.50009e-40  5.06259e-43  3.29968e-40  5.85226e-43 -1.86851e-40  1.86035e-43  2.38147e-41 -2.01015e-44 -2.99646e-42  2.44689e-43 -2.41316e-42  1.48438e-45  4.65673e-42  1.70817e-44  8.46492e-43  1.25677e-44 -8.93976e-43  4.81209e-46  -6.0095e-44 -1.61316e-45 -5.67135e-44  3.89934e-45  5.44589e-44 -1.32947e-45 -1.67913e-44  2.86432e-46  1.06073e-45 -1.42784e-46 -8.38418e-46 -9.47041e-48  1.70475e-46  1.35747e-48 -6.53803e-47 -5.06486e-48  5.79739e-47 -7.85033e-49 -2.62203e-48 -3.48894e-49  8.92403e-48  7.08095e-49 -1.73618e-47 -6.63765e-49  2.27438e-47  7.67951e-49 -2.54214e-47 -7.54355e-49  2.50726e-47  6.45891e-49 -2.17464e-47 -4.67254e-49  1.61974e-47  2.75358e-49 -1.00623e-47 -1.25623e-49  4.98917e-48   4.0753e-50 -1.83425e-48 -7.95336e-51  4.32314e-49  5.82485e-52 -4.21582e-50
  5.7365e-36 -4.38533e-51  -2.1515e-35  2.70886e-50  4.12211e-35   -2.769e-50 -1.01769e-34 -1.82793e-50  1.71703e-34 -2.32627e-50 -1.13146e-34  -7.6224e-50 -8.53673e-36   3.1253e-51  5.37381e-35  1.66209e-49  8.68187e-36  1.11815e-49 -8.80215e-35  3.94018e-49  8.56155e-35  6.73382e-48 -4.12949e-35  1.15146e-47  1.20948e-35  1.15033e-46  9.89071e-36  3.00272e-46 -1.90848e-35  2.25083e-46  9.86485e-36  4.47025e-46  2.55898e-36 -2.35398e-45 -9.13367e-36 -9.40121e-45  6.47689e-36 -5.98349e-45  -3.5102e-36 -2.96909e-44  1.70753e-36 -1.22113e-43  1.20771e-37  9.74085e-45 -7.07254e-37 -1.71571e-43  5.97162e-37  1.06706e-43 -3.00576e-37  1.34604e-42  1.41801e-37   5.8795e-43  1.09334e-38  1.34597e-42 -5.56542e-38  2.17356e-42  2.52625e-38  1.78973e-42  2.74633e-39  2.90607e-42 -3.27185e-39  1.95954e-42   3.8304e-39  1.78097e-42 -5.87136e-40  2.26189e-42 -8.59234e-40  1.05626e-42  4.16429e-40  1.33667e-42 -2.49924e-40  3.62122e-43  3.38719e-41 -7.81481e-44 -6.38688e-42  4.75823e-43  -2.4945e-42 -1.18334e-44  5.46055e-42   3.3857e-44  1.34413e-42  2.08352e-44 -1.14446e-42  2.75831e-45  -1.9008e-43 -3.99226e-45 -6.26619e-44  6.89693e-45  7.76251e-44 -2.28592e-45 -2.44706e-44  4.80556e-46  2.96117e-45 -2.42463e-46 -1.93518e-45 -1.85839e-47  5.90547e-46 -7.49012e-49 -1.67038e-46 -7.80461e-48  1.04063e-46 -4.57651e-49 -3.43443e-47 -1.83452e-48  6.48034e-47   2.8032e-48 -9.23804e-47 -2.97274e-48  1.11174e-46  3.09963e-48 -1.18333e-46 -2.76452e-48  1.11208e-46  2.08479e-48  -9.0979e-47 -1.27906e-48  6.31694e-47   6.0048e-49 -3.59061e-47 -1.91686e-49  1.57839e-47  2.90331e-50 -4.84833e-48  3.17009e-51  8.25471e-49 -1.27579e-51
-1.95793e-51  1.53628e-35  4.71766e-52 -3.04629e-35   3.2955e-50  3.64355e-35 -3.73827e-50  -1.0288e-34 -2.32627e-50  1.99561e-34 -2.90385e-50 -1.37834e-34 -1.18635e-49 -2.53422e-35 -1.80138e-50  8.47596e-35  2.70722e-49   3.3461e-36  2.98628e-49 -1.00673e-34  2.48917e-48  9.48581e-35  3.56659e-47 -4.52922e-35  6.08882e-47  1.52982e-35   4.9466e-46  1.30748e-35  1.17494e-45 -2.53246e-35  5.70551e-46  1.36112e-35  4.89661e-46  1.54547e-36 -1.16021e-44 -1.02369e-35 -4.21702e-44  7.87953e-36 -3.27713e-44 -5.05739e-36 -1.18967e-43   2.6025e-36   -4.264e-43  6.64884e-38 -1.84124e-44 -9.33245e-37 -5.68022e-43  8.12471e-37  1.69288e-43  -4.2345e-37  3.64652e-42  2.18181e-37  1.39345e-42  1.29136e-38  3.44129e-42 -7.43682e-38  5.20366e-42  3.10406e-38   4.4907e-42  5.39805e-39  6.75539e-42 -4.90397e-39  4.45747e-42  5.96482e-39  3.98798e-42 -1.01301e-39  4.84796e-42 -1.04885e-39  1.98406e-42   4.9228e-40    2.809e-42 -3.15821e-40  6.48117e-43  4.66343e-41 -2.22997e-43 -1.20558e-41  8.45544e-43  -1.8009e-42 -4.81384e-44  5.45007e-42   6.3075e-44  1.93122e-42  3.02053e-44 -1.28853e-42   8.2214e-45 -4.38153e-43 -8.53836e-45 -4.74438e-44  1.13963e-44  9.99622e-44 -3.62046e-45 -3.13686e-44  7.39813e-46  5.68081e-45 -3.74438e-46 -3.84092e-45 -3.58356e-47  1.36718e-45 -2.51107e-48 -3.72901e-46 -1.30187e-47  2.59985e-46  3.45046e-48 -2.29618e-46 -8.43461e-48  3.47812e-46  1.08187e-47 -4.48174e-46 -1.11405e-47  5.12356e-46  1.02666e-47 -5.21078e-46 -7.88082e-48   4.6554e-46  4.80845e-48 -3.58062e-46 -2.09434e-48  2.29987e-46   4.4193e-49  -1.1787e-46  1.42162e-49  4.47076e-47 -1.45858e-49 -1.08337e-47  4.15151e-50    1.081e-48
-5.92737e-36 -6.18377e-51  2.39387e-35   1.2287e-50 -3.09721e-35   3.2981e-50  2.46048e-35 -5.11516e-50 -1.13146e-34 -2.90385e-50  2.50484e-34 -4.52956e-50 -1.76471e-34 -1.97583e-49 -3.93359e-35 -1.25097e-49  1.11606e-34  6.26536e-49 -6.07031e-36  1.69011e-48 -1.00425e-34  1.43546e-47  9.43011e-35  1.73425e-46  -4.7379e-35  2.88533e-46  1.98768e-35   1.9394e-45  1.63133e-35  4.12265e-45 -3.15721e-35  4.60534e-46  1.72749e-35  -3.2722e-45  8.95386e-39 -5.13787e-44 -1.06568e-35 -1.72123e-43  9.12196e-36 -1.45012e-43 -6.88751e-36 -4.37343e-43  3.67265e-36 -1.37846e-42 -1.76719e-38 -2.23224e-43 -1.18173e-36 -1.77082e-42  1.04765e-36  2.60356e-44 -5.58589e-37  9.05532e-42  3.02797e-37  2.84853e-42  1.64467e-38  8.03597e-42 -9.37757e-38  1.11622e-41  3.59033e-38  1.03493e-41  8.97796e-39  1.44296e-41 -7.26835e-39  9.32864e-42  8.85975e-39     8.17e-42 -1.57583e-39  9.66506e-42 -1.17616e-39  3.35346e-42  5.45716e-40  5.46952e-42 -3.78009e-40  1.06775e-42  6.27078e-41 -5.36663e-43 -2.11065e-41  1.37897e-42  3.29865e-43 -1.27189e-43   4.1263e-42  1.11385e-43  2.54184e-42  3.67891e-44 -1.22823e-42  1.89709e-44 -8.46889e-43 -1.62712e-44  6.15886e-45  1.77323e-44  1.14475e-43 -5.30718e-45 -3.48903e-44  1.03537e-45  9.24468e-45 -5.25085e-46 -6.91693e-45 -6.81516e-47   2.7353e-45   2.8121e-48 -9.53972e-46 -2.85525e-47  9.62696e-46  2.18631e-47 -1.22126e-45 -3.22634e-47  1.68297e-45  3.57018e-47 -2.05973e-45 -3.24303e-47  2.25717e-45  2.42102e-47 -2.19191e-45 -1.30869e-47  1.85268e-45  3.15182e-48 -1.32863e-45  2.49598e-48  7.78678e-46 -3.56421e-48 -3.51846e-46  2.18143e-48  1.10611e-46 -7.16037e-49 -1.91701e-47  8.85366e-50
-9.89507e-52  -1.0933e-35 -1.11515e-50  2.68964e-35   2.9163e-50 -2.13822e-35  2.66013e-50  8.78305e-36  -7.6224e-50 -1.37834e-34 -4.52956e-50  3.23191e-34 -1.10911e-49 -2.23199e-34 -4.56318e-49 -4.78068e-35 -7.64817e-49  1.30405e-34   2.2199e-48 -2.11593e-35  1.07265e-47 -8.51661e-35  7.46593e-47  8.36926e-35  7.80279e-46 -4.85633e-35  1.24057e-45  2.64931e-35  6.95506e-45  1.96517e-35  1.29238e-44 -3.75573e-35 -5.58861e-45  2.04528e-35 -2.97644e-44 -1.97719e-36 -2.06687e-43 -1.01471e-35 -6.44824e-43  1.00898e-35 -5.57667e-43 -8.97545e-36 -1.48584e-42  4.90542e-36 -4.15231e-42 -1.38957e-37 -1.14775e-42 -1.44614e-36 -5.21358e-42  1.29502e-36 -1.15257e-42 -6.97971e-37  2.06869e-41  3.82523e-37  4.74438e-42  2.50625e-38  1.71938e-41 -1.13628e-37  2.13071e-41  3.99585e-38  2.20372e-41  1.29686e-38  2.84564e-41 -1.05489e-38  1.80647e-41  1.25946e-38  1.53721e-41 -2.26481e-39  1.80427e-41 -1.18933e-39  5.06829e-42  5.63054e-40  9.92584e-42 -4.25799e-40  1.61671e-42  8.20164e-41  -1.1456e-42 -3.42669e-41  2.06922e-42  4.54094e-42 -2.76658e-43  1.09584e-42  1.87317e-43  3.10766e-42  3.31001e-44 -8.80313e-43  3.71609e-44 -1.44827e-42  -2.8142e-44  1.17962e-43   2.6132e-44  1.11988e-43 -7.22574e-45 -3.23288e-44  1.29257e-45  1.38279e-44 -6.60229e-46 -1.18252e-44 -1.33077e-46  5.54686e-45   3.7813e-47 -3.26602e-45 -8.02581e-47  4.29736e-45  8.26167e-47 -5.91713e-45   -9.469e-47   7.7476e-45  8.35412e-47 -9.11306e-45 -5.21647e-47   9.5673e-45  1.13908e-47 -8.82421e-45  2.40225e-47  6.99338e-45 -4.09357e-47 -4.61582e-45  3.72491e-47  2.42177e-45 -2.23994e-47 -9.35993e-46  8.63496e-48  2.29845e-46 -1.74462e-48 -2.30927e-47
 2.35946e-36 -4.40911e-51 -1.29743e-35 -1.32184e-50  2.43082e-35  4.98239e-50 -2.65376e-36   1.5654e-50 -8.53673e-36 -1.18635e-49 -1.76471e-34 -1.10911e-49  4.07351e-34 -4.16146e-49 -2.69689e-34 -1.74233e-48  -4.8625e-35 -4.16652e-48  1.40094e-34  9.10883e-48 -4.28701e-35  6.01344e-47 -5.60752e-35  3.51031e-46   6.4763e-35   3.2604e-45 -5.02281e-35   4.8772e-45  3.55386e-35  2.28366e-44  2.33883e-35  3.57647e-44 -4.30693e-35 -4.57882e-44  2.27451e-35 -1.58311e-43 -4.30186e-36 -7.61764e-43 -8.52385e-36 -2.23196e-42  1.06983e-35 -1.92494e-42    -1.13e-35 -4.69156e-42  6.28065e-36  -1.1715e-41 -3.01796e-37  -4.5143e-42 -1.72052e-36 -1.45173e-41  1.54718e-36  -5.9153e-42 -8.31407e-37  4.35921e-41  4.39388e-37  5.21701e-42  4.45196e-38  3.37665e-41 -1.34681e-37  3.55152e-41  4.42124e-38  4.35533e-41  1.63639e-38  5.20016e-41 -1.48579e-38  3.25386e-41  1.72038e-38  2.66237e-41 -3.07671e-39  3.17372e-41 -1.02944e-39  6.73422e-42  5.27818e-40  1.68727e-41  -4.4146e-40  2.23868e-42  1.02509e-40 -2.22485e-42 -5.08858e-41  2.85854e-42  1.11431e-41  -5.3072e-43  -3.8254e-42  3.00608e-43  3.62101e-42  7.74624e-45 -2.12892e-43  6.42492e-44 -2.25353e-42 -4.47166e-44  3.06217e-43  3.66102e-44  8.30015e-44 -9.15662e-45 -2.20832e-44  1.37477e-45  2.05815e-44 -7.10926e-46 -2.09348e-44 -2.77079e-46  1.38321e-44  1.56752e-46 -1.38413e-44 -2.12089e-46    1.995e-44  1.95605e-46 -2.73941e-44 -1.40058e-46  3.44901e-44  1.35689e-47 -3.89496e-44  1.47115e-46  3.89437e-44 -2.80623e-46 -3.38133e-44  3.31593e-46  2.48276e-44 -2.85572e-46 -1.48409e-44  1.81497e-46  6.80922e-45 -8.10397e-47 -2.16245e-45   2.2269e-47  3.76257e-46 -2.45094e-48
 4.09449e-51  3.67736e-36 -9.70199e-51 -1.33691e-35  -8.1508e-51  1.94145e-35  7.62315e-50  2.32884e-35   3.1253e-51 -2.53422e-35 -1.97583e-49 -2.23199e-34 -4.16146e-49  4.88122e-34  -1.9774e-48 -3.08822e-34 -8.36274e-48 -4.16635e-35 -2.06496e-47  1.43136e-34  3.50446e-47 -7.10683e-35  2.94732e-46 -1.70663e-35   1.4994e-45  4.03021e-35   1.2685e-44 -5.36123e-35  1.76218e-44  4.70396e-35  6.85137e-44  2.77244e-35  8.47373e-44 -4.77424e-35 -2.35967e-43  2.38301e-35 -6.74597e-43 -6.83564e-36 -2.58979e-42 -5.74235e-36 -7.17591e-42  1.09371e-35 -6.07021e-42 -1.38579e-35 -1.38271e-41  7.76402e-36 -3.10827e-41 -5.04503e-37 -1.51285e-41 -2.00027e-36 -3.82525e-41  1.79535e-36 -2.09298e-41 -9.46847e-37  8.48985e-41   4.5374e-37  -2.0558e-42  8.21827e-38  6.08833e-41 -1.58683e-37  4.92124e-41  5.06317e-38  8.01656e-41  1.78261e-38  8.82941e-41 -2.02042e-38  5.48089e-41  2.26812e-38  4.24736e-41 -4.04202e-39  5.29239e-41  -6.3471e-40  7.53522e-42  4.20148e-40  2.69818e-41 -3.97545e-40  2.80446e-42  1.18728e-40 -3.99123e-42 -6.78435e-41  3.62762e-42  1.98424e-41 -9.25573e-43 -1.06088e-41  4.60762e-43  4.22649e-42 -5.35029e-44  7.17538e-43  1.00256e-43  -3.2462e-42 -6.58315e-44  5.81457e-43  4.88387e-44  2.12343e-44 -1.07964e-44 -6.47707e-45  1.06892e-45  3.56813e-44 -5.59316e-46 -4.55751e-44 -5.65851e-46  4.70675e-44  3.59805e-46  -6.3324e-44 -2.58938e-46  9.18833e-44 -7.94885e-47 -1.22849e-43  6.23264e-46  1.48598e-43 -1.29175e-45 -1.60136e-43  1.84901e-45   1.5122e-43 -2.05075e-45 -1.22327e-43  1.79961e-45  8.21312e-44  -1.2303e-45 -4.36715e-44  6.26068e-46  1.70307e-44 -2.15854e-46 -4.19577e-45  4.02195e-47  4.19615e-46
-3.85053e-37  7.80825e-51  4.73988e-36  -1.4606e-50 -1.67581e-35  7.26549e-51  1.50742e-35  1.12673e-49  5.37381e-35 -1.80138e-50 -3.93359e-35 -4.56318e-49 -2.69689e-34  -1.9774e-48  5.52837e-34 -9.96578e-48 -3.37213e-34 -4.01621e-47 -2.94772e-35 -9.50792e-47  1.44323e-34  1.14933e-46  -1.0406e-34  1.28168e-45  2.65271e-35  5.84065e-45  1.29967e-35  4.60491e-44 -5.93782e-35  5.86833e-44  6.07361e-35  1.86525e-43  3.23331e-35  1.57336e-43 -5.09912e-35 -9.85782e-43  2.36342e-35  -2.4934e-42 -9.45785e-36 -8.16769e-42 -1.96408e-36 -2.15242e-41  1.09126e-35 -1.76818e-41  -1.6664e-35 -3.81658e-41  9.29764e-36 -7.78031e-41 -7.37645e-37 -4.49866e-41 -2.28292e-36 -9.53922e-41  2.02799e-36 -6.16045e-41  -1.0324e-36  1.53053e-40  4.09263e-37 -3.31597e-41  1.45549e-37  1.00634e-40 -1.87879e-37  4.80181e-41  6.17589e-38  1.37744e-40  1.60778e-38  1.39539e-40 -2.64936e-38  8.68717e-41   2.8988e-38   6.2341e-41 -5.24519e-39  8.41764e-41  5.09069e-41  6.19342e-42  2.17361e-40  4.07433e-41 -2.56355e-40  3.10514e-42  1.20894e-40 -6.68127e-42 -7.88776e-41  4.19981e-42  2.96914e-41 -1.49121e-42 -1.91479e-41  6.75262e-43  5.31133e-42 -1.64887e-43  1.74228e-42  1.43525e-43 -4.38089e-42 -9.03309e-44  9.38297e-43  6.20142e-44 -6.84146e-44 -1.17983e-44 -2.66795e-45  1.42583e-46  9.02474e-44 -2.17348e-46 -1.41176e-43 -6.10199e-46   1.9743e-43  -4.1627e-46 -2.91839e-43  1.93342e-45  4.13767e-43 -4.29959e-45 -5.33356e-43  7.12588e-45  6.16585e-43 -9.59511e-45 -6.29573e-43  1.06753e-44  5.56902e-43 -9.77046e-45 -4.15594e-43  7.20737e-45  2.51837e-43 -4.12069e-45 -1.16752e-43  1.70191e-45  3.72821e-44 -4.40181e-46 -6.47187e-45  4.61294e-47
-2.88721e-52  -1.0744e-36  9.33179e-51  7.99302e-36 -1.63455e-50 -2.71815e-35  3.34418e-50  1.19167e-35  1.66209e-49  8.47596e-35 -1.25097e-49 -4.78068e-35 -1.74233e-48 -3.08822e-34 -9.96578e-48  5.96217e-34  -4.8687e-47 -3.55709e-34 -1.81342e-46 -1.66488e-35 -4.11034e-46  1.48333e-34  2.85549e-46  -1.3854e-34  4.99908e-45  6.95759e-35  2.07869e-44 -1.54616e-35  1.56245e-43 -6.74374e-35  1.80238e-43  7.62578e-35  4.53295e-43  3.61538e-35  1.46776e-43 -5.22467e-35 -3.58584e-42  2.25486e-35  -8.2662e-42 -1.20991e-35 -2.40113e-41   2.4312e-36 -6.04625e-41  1.08542e-35 -4.79359e-41 -1.97231e-35 -9.89254e-41  1.07901e-35  -1.8417e-40 -9.84896e-37 -1.21114e-40 -2.56886e-36 -2.25152e-40  2.23155e-36 -1.59972e-40 -1.08032e-36   2.5579e-40   2.9854e-37  -1.2242e-40  2.40194e-37  1.51877e-40 -2.24042e-37  1.53985e-43  7.98297e-38  2.21206e-40  1.04325e-38  2.05409e-40 -3.35519e-38  1.30597e-40  3.60481e-38  8.38788e-41  -6.8244e-39  1.28474e-40  1.06261e-39  1.08009e-42 -1.03907e-40  5.82845e-41  2.67925e-41  2.86714e-42  9.50977e-41 -1.05122e-41 -7.47959e-41  4.36206e-42  3.93784e-41 -2.23987e-42 -2.94956e-41  9.48353e-43  7.54398e-42 -3.36294e-43  2.58356e-42  1.91459e-43 -5.58549e-42 -1.16014e-43  1.33932e-42  7.48605e-44 -1.41481e-43 -1.21037e-44 -9.46355e-44 -8.24404e-46  3.36565e-43 -1.69606e-45 -5.72182e-43   4.1437e-45   8.8923e-43 -1.07177e-44 -1.32065e-42  2.01869e-44  1.80863e-42 -3.17998e-44  -2.2341e-42  4.26471e-44  2.45601e-42 -4.87164e-44 -2.36296e-42  4.68885e-44  1.94561e-42 -3.72606e-44 -1.32825e-42  2.36493e-44  7.16852e-43 -1.13512e-44 -2.82694e-43  3.73092e-45  6.99149e-44 -6.67671e-46 -6.92675e-45
-1.51826e-37  2.25566e-52 -2.68824e-36  6.98723e-51  1.61885e-35 -1.26086e-50 -4.51748e-35  6.68947e-50  8.68187e-36  2.70722e-49  1.11606e-34 -7.64817e-49  -4.8625e-35 -8.36274e-48 -3.37213e-34  -4.8687e-47  6.21837e-34 -2.23599e-46 -3.68049e-34 -7.62442e-46 -8.21547e-36 -1.67566e-45  1.57512e-34  2.88238e-46 -1.70337e-34  1.75815e-44  1.08607e-34  6.75596e-44 -4.46689e-35  4.96162e-43 -7.70732e-35  5.09473e-43  9.32601e-35   9.4532e-43  3.76132e-35 -4.72803e-43 -5.14272e-35 -1.17263e-41  2.15772e-35 -2.50254e-41 -1.48028e-35 -6.60752e-41  6.92046e-36 -1.59597e-40  1.10599e-35  -1.2163e-40 -2.29745e-35 -2.41315e-40  1.21114e-35 -4.13005e-40  -1.2267e-36 -2.98666e-40 -2.86197e-36 -5.03118e-40  2.39412e-36 -3.76551e-40 -1.09162e-36  3.97166e-40  1.27407e-37 -3.33626e-40  3.67595e-37  2.07646e-40   -2.672e-37 -1.52066e-40  1.05572e-37   3.3195e-40  1.26035e-39  2.81455e-40  -4.1144e-38  1.88216e-40  4.37252e-38  1.02698e-40 -8.94127e-39   1.8927e-40  2.39296e-39 -9.49061e-42 -5.64451e-40  7.92141e-41  4.96188e-40  1.78924e-42  2.47777e-41 -1.56283e-41 -4.47949e-41  3.89767e-42   4.7819e-41 -3.15328e-42 -4.20899e-41  1.28136e-42  1.18118e-41 -5.68409e-43  2.88683e-42  2.42392e-43  -6.7474e-42 -1.40202e-43  1.65271e-42   8.6763e-44   1.6967e-44  -1.4741e-44 -6.84906e-43  5.73033e-45  1.50139e-42 -2.10256e-44 -2.56353e-42   4.3271e-44  4.01813e-42 -7.85996e-44 -5.81829e-42  1.23184e-43  7.66035e-42 -1.68255e-43 -9.04148e-42  1.99249e-43  9.43017e-42 -2.02178e-43  -8.5274e-42  1.72514e-43  6.51029e-42 -1.20343e-43 -4.03545e-42  6.56981e-44  1.90932e-42 -2.60874e-44 -6.18276e-43  6.51904e-45  1.07412e-43 -6.62461e-46
-1.20387e-51 -1.73518e-37   2.6731e-52 -6.05386e-36  1.99919e-51  3.03775e-35  9.93967e-52 -6.74027e-35  1.11815e-49   3.3461e-36  6.26536e-49  1.30405e-34 -4.16652e-48 -4.16635e-35 -4.01621e-47 -3.55709e-34 -2.23599e-46   6.3981e-34 -9.58104e-46  -3.7861e-34  -2.9855e-45 -8.11062e-36  -6.4529e-45  1.71083e-34 -2.17634e-45 -1.95869e-34  5.57496e-44  1.42681e-34  1.99768e-43 -7.51295e-35  1.47595e-42 -8.72709e-35  1.31713e-42  1.11421e-34  1.50321e-42  3.52329e-35 -3.58142e-42 -4.93963e-35 -3.51003e-41  2.22958e-35 -6.99588e-41  -1.7796e-35 -1.70845e-40  1.09943e-35 -3.97089e-40  1.17852e-35 -2.90137e-40 -2.62352e-35 -5.55027e-40  1.31004e-35 -8.78556e-40 -1.44648e-36 -6.79658e-40 -3.16956e-36 -1.06503e-39  2.51044e-36 -8.15876e-40 -1.07902e-36  5.75375e-40 -8.33481e-38 -7.71465e-40  5.23378e-37  2.53389e-40 -3.14389e-37 -4.98746e-40  1.37094e-37  4.64459e-40 -9.84686e-39  3.57944e-40 -4.89607e-38   2.6374e-40  5.17809e-38  1.12862e-40   -1.172e-38  2.70603e-40  3.96655e-39 -2.68181e-41 -1.17953e-39  1.02543e-40   1.1859e-39 -4.09784e-43 -1.06753e-40 -2.20389e-41  2.12465e-41  2.62094e-42  5.48456e-41 -4.17277e-42 -5.78191e-41  1.67473e-42  1.90509e-41 -8.49393e-43  2.23901e-42  2.99099e-43 -7.58617e-42 -1.63531e-43  1.34516e-42   1.0618e-43  1.42451e-42 -4.37721e-44 -3.68846e-42  6.96041e-44  6.97086e-42 -1.50307e-43 -1.16475e-41  2.68987e-43   1.7858e-41 -4.27742e-43 -2.50164e-41  6.00738e-43  3.16649e-41 -7.40611e-43   -3.575e-41  7.92303e-43  3.54199e-41 -7.23226e-43  -3.0108e-41  5.49842e-43  2.12496e-41 -3.35961e-43 -1.18433e-41  1.55941e-43  4.79723e-42 -4.97316e-44  -1.2038e-42  8.65657e-45  1.18274e-43
  4.5294e-37  -2.1721e-51  1.28747e-37 -1.75622e-51 -1.16238e-35  1.22391e-50  4.91444e-35  5.70955e-50 -8.80215e-35  2.98628e-49 -6.07031e-36   2.2199e-48  1.40094e-34 -2.06496e-47 -2.94772e-35 -1.81342e-46 -3.68049e-34 -9.58104e-46  6.62376e-34 -3.82818e-45 -3.90357e-34 -1.08984e-44 -1.82934e-35 -2.34903e-44  1.85967e-34 -1.91752e-44   -2.137e-34  1.58316e-43  1.73426e-34  5.32595e-43 -1.07377e-34  4.11515e-42 -9.71068e-35  3.07238e-42  1.30302e-34  8.16957e-43  2.83669e-35 -1.48914e-41 -4.81207e-35 -9.73063e-41  2.65799e-35 -1.81961e-40  -2.1546e-35 -4.16478e-40  1.43491e-35 -9.33981e-40  1.31115e-35 -6.53124e-40  -2.9175e-35 -1.20564e-39  1.35888e-35 -1.77445e-39 -1.63824e-36 -1.43447e-39 -3.50078e-36 -2.13792e-39  2.58546e-36 -1.64362e-39 -1.06597e-36  7.84628e-40 -2.99474e-37  -1.5878e-39  6.96448e-37  2.67873e-40 -3.58868e-37 -1.16279e-39  1.69354e-37  6.02661e-40  -2.0363e-38   4.1964e-40 -5.65592e-38  3.65421e-40  5.98257e-38  1.08443e-40 -1.51666e-38  3.77157e-40  5.61822e-39  -5.1319e-41 -1.95817e-39  1.26725e-40  2.11055e-39 -3.95034e-42   -3.132e-40 -2.95597e-41  1.29931e-40  4.03886e-43  6.16952e-41 -5.19797e-42 -7.78444e-41  2.13144e-42  3.00855e-41 -1.15751e-42 -5.24492e-44  3.79455e-43 -6.94389e-42 -2.12312e-43 -2.03985e-42  1.98802e-43   8.9301e-42  -2.3926e-43 -1.81119e-41   4.5358e-43  3.22932e-41 -8.33823e-43 -5.25609e-41  1.35468e-42  7.84173e-41 -1.96522e-42 -1.06464e-40  2.52606e-42  1.30119e-40 -2.84612e-42 -1.41136e-40  2.76888e-42  1.33224e-40 -2.27793e-42 -1.06404e-40  1.53839e-42  6.89546e-41 -8.15558e-43 -3.39398e-41  3.15191e-43  1.13069e-41  -7.6788e-44 -1.98053e-42  7.61651e-45
 6.56931e-52  1.07182e-36 -1.69686e-51   1.0534e-36 -4.42165e-51 -1.90609e-35  1.57253e-49  6.90305e-35  3.94018e-49 -1.00673e-34  1.69011e-48 -2.11593e-35  9.10883e-48  1.43136e-34 -9.50792e-47 -1.66488e-35 -7.62442e-46  -3.7861e-34 -3.82818e-45  6.99626e-34 -1.42789e-44 -4.03862e-34 -3.70972e-44 -3.86163e-35 -8.08543e-44  1.98519e-34  -1.0147e-43 -2.25411e-34  3.95321e-43   2.0415e-34  1.25565e-42 -1.40963e-34  1.07556e-41 -1.06056e-34  6.27682e-42  1.49173e-34 -6.41789e-42  1.77349e-35 -4.99514e-41 -5.03814e-35 -2.51969e-40  3.61616e-35 -4.42778e-40 -2.67679e-35 -9.60219e-40  1.70426e-35 -2.08251e-39  1.48481e-35 -1.39225e-39  -3.1352e-35 -2.47711e-39   1.3439e-35 -3.40504e-39 -1.81331e-36 -2.81777e-39 -3.86299e-36 -4.07547e-39  2.63384e-36 -3.10121e-39 -1.08129e-36  1.02499e-39 -4.77472e-37 -2.97512e-39   8.6938e-37  2.28437e-40 -3.90223e-37 -2.29021e-39  1.94595e-37  7.17006e-40 -2.75523e-38  4.46783e-40 -6.32727e-38  5.08903e-40  6.72783e-38  8.61383e-41  -1.9086e-38  5.14079e-40  7.08566e-39 -8.21079e-41 -2.90623e-39  1.49825e-40  3.25955e-39 -8.97044e-42 -6.01921e-40 -3.77696e-41  2.81557e-40 -2.80868e-42  7.10659e-41 -6.10002e-42 -1.03353e-40  2.66499e-42   4.6006e-41 -1.48645e-42  -6.4889e-42  5.69132e-43  7.97036e-43  -4.5658e-43 -2.03344e-41  7.25804e-43   4.5734e-41  -1.2949e-42 -8.63803e-41  2.36207e-42  1.49453e-40 -3.95706e-42 -2.37946e-40  5.94086e-42  3.47045e-40 -7.96301e-42 -4.59536e-40  9.43422e-42  5.45513e-40 -9.74734e-42 -5.70475e-40  8.62471e-42   5.1269e-40 -6.37363e-42 -3.82002e-40  3.79328e-42  2.23539e-40 -1.71765e-42  -9.4083e-41   5.3499e-43  2.41183e-41 -9.10209e-44 -2.35541e-42
 -3.2546e-37  2.20935e-51  1.73408e-36  1.04471e-50  2.69481e-36  1.74547e-50 -2.73345e-35  1.13859e-48  8.56155e-35  2.48917e-48 -1.00425e-34  1.07265e-47 -4.28701e-35  3.50446e-47  1.44323e-34 -4.11034e-46 -8.21547e-36  -2.9855e-45 -3.90357e-34 -1.42789e-44  7.56992e-34  -4.9784e-44 -4.17687e-34 -1.17638e-43 -6.70955e-35 -2.63154e-43  2.06133e-34 -4.33926e-43 -2.35254e-34  8.28733e-43  2.38302e-34  2.50145e-42  -1.7375e-34  2.63469e-41 -1.14123e-34  1.03964e-41  1.66919e-34 -3.72051e-41  5.51304e-36 -1.47611e-40 -5.91046e-35 -6.13509e-40  5.21666e-35 -1.01226e-39 -3.43584e-35 -2.09991e-39  1.95492e-35  -4.4138e-39  1.65167e-35 -2.81959e-39 -3.23084e-35 -4.82053e-39  1.25843e-35 -6.21082e-39 -2.00376e-36 -5.16375e-39 -4.25614e-36 -7.39094e-39  2.67458e-36 -5.51252e-39 -1.15113e-36  1.32184e-39 -5.70478e-37 -5.13956e-39  1.02032e-36  1.20852e-40 -3.95667e-37 -4.02868e-39  2.03821e-37  7.63411e-40 -2.94267e-38  4.17078e-40   -6.813e-38  7.20004e-40  7.33481e-38  4.85449e-41  -2.3025e-38  6.86337e-40  8.02731e-39 -1.16769e-40 -4.03273e-39  1.69794e-40  4.59601e-39 -1.55187e-41 -9.70351e-40 -4.60004e-41  4.67918e-40 -6.98834e-42  8.69545e-41 -6.76273e-42 -1.36311e-40  3.34322e-42  7.14732e-41  -1.9723e-42 -2.95245e-41  1.28773e-42  4.36996e-41 -1.76677e-42 -1.11858e-40  3.39453e-42  2.25255e-40 -6.25961e-42 -4.14344e-40  1.07287e-41  7.05441e-40 -1.66995e-41 -1.10722e-39  2.33302e-41  1.58941e-39  -2.9012e-41 -2.06269e-39   3.1729e-41  2.38146e-39 -3.00366e-41 -2.39213e-39  2.40905e-41  2.02619e-39 -1.58834e-41 -1.38319e-39  8.22925e-42  7.09929e-40 -3.11058e-42 -2.43165e-40  7.41574e-43  4.29205e-41 -7.20044e-44
-3.51886e-52 -7.10158e-37   9.4405e-51  2.26994e-36  1.09994e-49   4.8506e-36  2.54328e-49 -3.51252e-35  6.73382e-48  9.48581e-35  1.43546e-47 -8.51661e-35  6.01344e-47 -7.10683e-35  1.14933e-46  1.48333e-34 -1.67566e-45 -8.11062e-36 -1.08984e-44 -4.03862e-34  -4.9784e-44  8.34958e-34 -1.62425e-43 -4.29769e-34 -3.46654e-43 -1.00298e-34 -8.09667e-43  2.08072e-34  -1.6181e-42 -2.48622e-34  1.25621e-42  2.77788e-34   3.6593e-42 -2.01897e-34  6.04597e-41 -1.21777e-34  1.00792e-41  1.82105e-34  -1.3902e-40 -5.05764e-36 -3.98117e-40 -7.65569e-35 -1.41236e-39    7.479e-35 -2.18135e-39  -4.5248e-35 -4.36758e-39  2.26813e-35 -8.91611e-39   1.7436e-35  -5.4424e-39 -3.16992e-35 -8.89619e-39  1.10558e-35 -1.07715e-38 -2.25995e-36 -8.84128e-39 -4.66633e-36 -1.27785e-38  2.72244e-36 -9.27811e-39 -1.29147e-36  1.75074e-39 -5.34704e-37 -8.25034e-39  1.12639e-36 -4.87931e-41 -3.62525e-37 -6.49686e-39   1.8899e-37  6.85154e-40 -2.56107e-38  3.08026e-40  -6.9831e-38  1.03565e-39  7.70475e-38  7.36285e-42 -2.62646e-38  8.97432e-40  8.07298e-39 -1.51377e-40 -5.35633e-39  1.84771e-40   6.0587e-39 -2.35347e-41 -1.40209e-39 -5.33827e-41  6.70601e-40 -1.19828e-41  1.16279e-40 -7.21304e-42 -1.86367e-40  4.52983e-42   1.3308e-40 -3.48152e-42 -1.34345e-40  4.50526e-42  2.66305e-40 -8.08272e-42 -5.76326e-40  1.54463e-41  1.13065e-39  -2.7242e-41 -2.06136e-39    4.385e-41  3.48428e-39 -6.38111e-41  -5.4179e-39   8.3136e-41  7.66468e-39  -9.5951e-41  -9.7178e-39  9.67382e-41  1.08212e-38 -8.36334e-41 -1.02972e-38  6.04458e-41  8.05972e-39 -3.52091e-41 -4.90604e-39  1.56124e-41  2.12284e-39 -4.76382e-42 -5.51403e-40  7.94243e-43  5.34545e-41
 1.24054e-37 -6.18249e-52 -1.16941e-36  5.94835e-50  2.73983e-36  7.72222e-49  7.19819e-36   1.9029e-48 -4.12949e-35  3.56659e-47  9.43011e-35  7.46593e-47 -5.60752e-35  2.94732e-46  -1.0406e-34  2.85549e-46  1.57512e-34  -6.4529e-45 -1.82934e-35 -3.70972e-44 -4.17687e-34 -1.62425e-43  9.30324e-34 -4.96222e-43 -4.38994e-34 -9.44607e-43 -1.33818e-34 -2.35366e-42  2.05416e-34 -5.43069e-42 -2.70004e-34   2.4923e-43  3.21849e-34  1.07239e-42 -2.20613e-34  1.29882e-40 -1.29724e-34 -1.54806e-41  1.93158e-34 -4.31528e-40 -1.03986e-35 -9.97708e-40 -1.03692e-34 -3.08857e-39  1.03219e-34 -4.44246e-39 -6.01959e-35 -8.66051e-39  2.73952e-35 -1.72116e-38  1.68858e-35 -1.00435e-38 -2.94083e-35 -1.55861e-38  8.98575e-36  -1.7765e-38 -2.64201e-36 -1.41529e-38 -5.06016e-36 -2.11129e-38  2.77944e-36 -1.48559e-38 -1.50409e-36  2.45404e-39 -3.35627e-37 -1.23709e-38   1.1682e-36 -2.46245e-40 -2.81499e-37 -9.75131e-39  1.45285e-37  4.18368e-40 -1.77847e-38  9.85716e-41 -6.68151e-38  1.50145e-39  7.72464e-38 -1.42557e-41 -2.78892e-38  1.14746e-39  6.90532e-39 -1.80784e-40 -6.90643e-39  1.93328e-40  7.56393e-39 -3.27693e-41 -1.86197e-39 -5.90077e-41   8.5637e-40  -1.7312e-41  1.83186e-40 -8.14387e-42 -3.11598e-40  8.04084e-42  3.80818e-40 -1.01498e-41  -6.7658e-40  1.87727e-41  1.45728e-39 -3.55889e-41 -3.05847e-39   6.4846e-41  5.97522e-39 -1.08074e-40 -1.08641e-38  1.63527e-40  1.82451e-38 -2.22818e-40 -2.79982e-38  2.70646e-40  3.87111e-38 -2.89448e-40  -4.7352e-38   2.6819e-40  5.00306e-38 -2.10673e-40 -4.42051e-38  1.36117e-40  3.11969e-38 -6.91392e-41 -1.63961e-38  2.56311e-41  5.69044e-39 -5.99526e-42 -1.00437e-39  5.71362e-43
 3.87348e-53  1.70965e-37  3.88152e-51  -1.8095e-36   4.0704e-49  3.46583e-36  4.59997e-48  9.56191e-36  1.15146e-47 -4.52922e-35  1.73425e-46  8.36926e-35  3.51031e-46 -1.70663e-35  1.28168e-45  -1.3854e-34  2.88238e-46  1.71083e-34 -2.34903e-44 -3.86163e-35 -1.17638e-43 -4.29769e-34 -4.96222e-43  1.03794e-33 -1.41962e-42 -4.46175e-34 -2.35837e-42 -1.62932e-34 -6.45762e-42  2.00431e-34  -1.6675e-41  -3.0126e-34 -7.71921e-42  3.66924e-34 -1.82121e-41 -2.25473e-34   2.6105e-40 -1.38599e-34  -1.2833e-40  1.98626e-34 -1.19165e-39 -7.40948e-36 -2.34697e-39 -1.39853e-34 -6.44207e-39  1.35808e-34 -8.56819e-39 -7.95695e-35  -1.6407e-38  3.45389e-35 -3.18323e-38  1.43004e-35 -1.77733e-38 -2.56076e-35  -2.5945e-38  6.58393e-36 -2.78611e-38 -3.20645e-36  -2.1178e-38 -5.38149e-36 -3.34182e-38  2.82973e-36 -2.27334e-38 -1.77758e-36  3.62749e-39  4.66608e-38 -1.73885e-38  1.13455e-36 -4.14029e-40  -1.4987e-37 -1.37609e-38  7.27201e-38 -9.87898e-41 -9.51353e-39 -2.31026e-40 -5.74223e-38  2.16528e-39  7.27769e-38  1.92209e-41 -2.69427e-38  1.43074e-39  4.35767e-39 -1.99138e-40 -8.71311e-39  1.94555e-40  9.00279e-39 -4.25456e-41 -2.28355e-39 -6.24448e-41  9.47131e-40 -2.12256e-41  4.19291e-40 -1.31529e-41 -8.59059e-40  2.20865e-41  1.68977e-39 -3.95106e-41 -3.72881e-39  7.82125e-41  8.23917e-39 -1.45207e-40 -1.72266e-38  2.50557e-40  3.35829e-38 -3.93968e-40 -6.06119e-38  5.60327e-40  1.00246e-37 -7.14504e-40 -1.49977e-37  8.07762e-40  1.99687e-37 -7.98222e-40 -2.31734e-37  6.76741e-40  2.28026e-37 -4.79868e-40 -1.83155e-37  2.74356e-40  1.13559e-37 -1.19464e-40 -4.96689e-38  3.58161e-41  1.29271e-38 -5.87145e-42 -1.24018e-39
