     0.331812  -3.46343e-16      0.100665  -7.42192e-16     0.0658748  -4.56805e-16     0.0347666  -1.78481e-16     0.0150062  -5.77891e-17    0.00561873  -1.57224e-17    0.00189213  -3.78289e-18   0.000585631  -8.49126e-19   0.000168897  -1.81861e-19   4.58068e-05  -3.73795e-20   1.17578e-05  -7.42573e-21   2.86963e-06  -1.43728e-21   6.68222e-07  -2.73291e-22   1.48848e-07  -5.13903e-23   3.17811e-08  -9.59425e-24   6.51433e-09  -1.77971e-24   1.28344e-09  -3.27309e-25   2.43272e-10  -5.94308e-26   4.43954e-11  -1.05994e-26   7.80453e-12  -1.84743e-27   1.32217e-12  -3.13294e-28   2.15912e-13  -5.15118e-29   3.39921e-14  -8.18985e-30   5.15954e-15  -1.25666e-30   7.55014e-16  -1.85836e-31   1.06501e-16  -2.64588e-32   1.44782e-17  -3.62422e-33   1.89633e-18  -4.77314e-34   2.39217e-19  -6.04107e-35   2.90508e-20  -7.34401e-36    3.3946e-21  -8.57131e-37   3.81441e-22  -9.59895e-38   4.11891e-23  -1.03088e-38     4.271e-24  -1.06098e-39   4.24916e-25  -1.04568e-40   4.05228e-26  -9.86097e-42   3.70062e-27  -8.88893e-43   3.23246e-28  -7.65112e-44   2.69732e-29  -6.28091e-45    2.1472e-30  -4.91088e-46   1.62815e-31  -3.65158e-47   1.17399e-32  -2.57784e-48    8.0349e-34  -1.72453e-49   5.20885e-35  -1.09096e-50    3.1912e-36  -6.51095e-52   1.84291e-37  -3.65617e-53   1.00033e-38  -1.92599e-54   5.08704e-40  -9.48522e-56   2.41477e-41  -4.35034e-57   1.06549e-42  -1.84989e-58   4.34908e-44  -7.25553e-60   1.63297e-45  -2.60899e-61   5.60311e-47  -8.53982e-63    1.7432e-48  -2.52273e-64   4.87095e-50   -6.6556e-66   1.20824e-51  -1.54782e-67   2.62153e-53  -3.12036e-69   4.88077e-55  -5.33336e-71   7.59751e-57  -7.49438e-73    9.5274e-59  -8.27153e-75   9.08701e-61  -6.65401e-77   5.95631e-63  -3.37155e-79   2.12983e-65  -6.94626e-82
 -3.46343e-16      0.153522  -1.46048e-15      0.143483  -5.46526e-16     0.0835065  -1.85414e-16     0.0384067  -6.44249e-17     0.0151874  -1.93807e-17    0.00537724  -4.88985e-18    0.00174412  -1.11173e-18   0.000525693  -2.43018e-19   0.000148653  -5.25636e-20   3.97016e-05  -1.14115e-20   1.00637e-05  -2.50313e-21   2.43006e-06   -5.5445e-22   5.60531e-07  -1.23042e-22    1.2378e-07  -2.70388e-23   2.62126e-08  -5.81874e-24   5.33044e-09  -1.21585e-24     1.042e-09  -2.45303e-25   1.95968e-10  -4.76259e-26   3.54804e-11  -8.88242e-27    6.1871e-12  -1.59009e-27    1.0395e-12  -2.73159e-28   1.68307e-13  -4.50345e-29   2.62641e-14  -7.12688e-30   3.95016e-15  -1.08288e-30   5.72566e-16  -1.58005e-31     7.997e-17   -2.2143e-32   1.07601e-17  -2.98058e-33   1.39431e-18   -3.8534e-34   1.73934e-19  -4.78418e-35    2.0878e-20  -5.70281e-36   2.41013e-21  -6.52436e-37   2.67404e-22  -7.16082e-38   2.84951e-23  -7.53568e-39    2.9141e-24  -7.59854e-40   2.85753e-25  -7.33586e-41   2.68417e-26  -6.77483e-42   2.41266e-27  -5.97906e-43   2.07268e-28  -5.03684e-44   1.69963e-29  -4.04497e-45   1.32841e-30   -3.0923e-46   9.88046e-32  -2.24677e-47   6.98107e-33  -1.54869e-48   4.67649e-34  -1.01072e-49   2.96366e-35  -6.23135e-51   1.77254e-36  -3.62013e-52   9.97812e-38  -1.97617e-53   5.27063e-39   -1.0104e-54   2.60342e-40  -4.82109e-56   1.19782e-41  -2.13783e-57   5.11037e-43  -8.76774e-59   2.01129e-44  -3.30722e-60   7.25806e-46  -1.13984e-61   2.38439e-47   -3.5615e-63    7.0698e-49  -9.99343e-65    1.8722e-50  -2.48897e-66   4.37049e-52  -5.42182e-68   8.84433e-54  -1.01335e-69   1.51746e-55  -1.58339e-71   2.14046e-57  -1.99297e-73   2.37142e-59  -1.90777e-75   1.91492e-61  -1.25496e-77   9.73939e-64  -4.50319e-80   2.01409e-66
     0.100665  -1.46048e-15      0.174259  -4.18019e-16       0.12412  -7.79864e-17     0.0643073  -2.88783e-17     0.0277282  -1.24816e-17     0.0105258  -3.83488e-18    0.00362303  -9.63834e-19    0.00115087  -2.39613e-19   0.000341266  -6.34449e-20   9.52157e-05  -1.75026e-20   2.51389e-05  -4.82663e-21   6.30736e-06  -1.29375e-21   1.50874e-06  -3.32202e-22   3.44931e-07  -8.11903e-23    7.5519e-08  -1.88513e-23   1.58584e-08  -4.16006e-24   3.19797e-09  -8.73772e-25   6.19906e-10  -1.74974e-25   1.15596e-10  -3.34616e-26    2.0748e-11  -6.12015e-27   3.58604e-12  -1.07195e-27   5.97024e-13  -1.79986e-28   9.57605e-14  -2.89951e-29   1.47991e-14  -4.48448e-30   2.20361e-15  -6.66201e-31   3.16112e-16  -9.50914e-32   4.36792e-17  -1.30435e-32     5.812e-18  -1.71939e-33   7.44467e-19  -2.17792e-34   9.17602e-20  -2.65039e-35   1.08778e-20  -3.09766e-36   1.23952e-21  -3.47559e-37    1.3568e-22  -3.74161e-38   1.42563e-23  -3.86228e-39   1.43673e-24  -3.81993e-40   1.38745e-25  -3.61674e-41   1.28262e-26  -3.27491e-42   1.13378e-27  -2.83284e-43   9.57143e-29    -2.338e-44   7.70626e-30   -1.8385e-45   5.90847e-31  -1.37534e-46   4.30672e-32  -9.77087e-48   2.97889e-33  -6.57964e-49   1.95123e-34   -4.1907e-50   1.20757e-35  -2.51854e-51   7.04309e-37  -1.42436e-52   3.86023e-38  -7.55767e-54    1.9818e-39  -3.74942e-55   9.49532e-41  -1.73242e-56   4.22811e-42  -7.42181e-58   1.74131e-43   -2.9328e-59   6.59577e-45  -1.06253e-60   2.28274e-46  -3.50408e-62   7.16214e-48  -1.04291e-63   2.01796e-49  -2.77207e-65   5.04647e-51  -6.49479e-67   1.10374e-52  -1.31904e-68   2.07117e-54  -2.27112e-70   3.24905e-56  -3.21467e-72   4.10545e-58  -3.57374e-74   3.94507e-60  -2.89554e-76   2.60498e-62  -1.47758e-78   9.38244e-65  -3.06564e-81
 -7.42192e-16      0.143483  -4.18019e-16      0.140227   2.20292e-17      0.084799   2.24513e-17     0.0405557  -2.47086e-19     0.0166702  -2.20232e-18    0.00612771  -9.28822e-19    0.00206013  -3.27199e-19   0.000642503  -1.14388e-19   0.000187665  -3.81811e-20   5.16849e-05  -1.18381e-20   1.34889e-05  -3.40209e-21    3.3486e-06  -9.11368e-22   7.93018e-07   -2.2897e-22   1.79567e-07  -5.42339e-23   3.89472e-08  -1.21634e-23   8.10315e-09  -2.59228e-24   1.61902e-09  -5.26497e-25   3.10932e-10   -1.0214e-25   5.74374e-11  -1.89618e-26   1.02112e-11   -3.3734e-27   1.74774e-12  -5.75775e-28   2.88081e-13  -9.43644e-29   4.57361e-14  -1.48597e-29   6.99413e-15  -2.24933e-30    1.0302e-15  -3.27385e-31   1.46141e-16  -4.58232e-32   1.99616e-17  -6.16783e-33   2.62461e-18  -7.98266e-34   3.32067e-19  -9.93184e-35   4.04098e-20   -1.1875e-35   4.72739e-21  -1.36384e-36   5.31337e-22  -1.50378e-37   5.73375e-23  -1.59081e-38   5.93599e-24   -1.6134e-39   5.89062e-25  -1.56741e-40   5.59795e-26  -1.45723e-41   5.08906e-27  -1.29511e-42   4.42055e-28    -1.099e-43   3.66425e-29  -8.89241e-45   2.89429e-30  -6.85063e-46   2.17501e-31  -5.01664e-47   1.55231e-32  -3.48556e-48   1.05015e-33  -2.29311e-49   6.71964e-35  -1.42522e-50   4.05705e-36  -8.34714e-52   2.30502e-37  -4.59362e-53   1.22862e-38  -2.36774e-54    6.1228e-40  -1.13889e-55   2.84167e-41  -5.09081e-57   1.22275e-42  -2.10453e-58   4.85281e-44  -8.00121e-60   1.76566e-45  -2.77928e-61   5.84741e-47  -8.75146e-63   1.74756e-48   -2.4745e-64   4.66396e-50  -6.20981e-66   1.09711e-51  -1.36286e-67   2.23691e-53   -2.5661e-69   3.86642e-55  -4.03894e-71   5.49356e-57  -5.12042e-73   6.12998e-59  -4.93645e-75   4.98489e-61  -3.27011e-77   2.55295e-63  -1.18155e-79   5.31554e-66
    0.0658748  -5.46526e-16       0.12412   2.20292e-17     0.0925611   5.78927e-17     0.0501787   1.09117e-17     0.0225879  -1.59667e-18    0.00892704  -1.55841e-18    0.00319036  -6.80232e-19    0.00104958  -2.56275e-19     0.0003216  -8.80588e-20   9.25289e-05  -2.76844e-20   2.51458e-05  -8.02744e-21   6.48339e-06   -2.1676e-21   1.59133e-06  -5.49352e-22   3.72811e-07  -1.31447e-22     8.354e-08  -2.98287e-23   1.79349e-08  -6.44204e-24   3.69384e-09  -1.32775e-24   7.30616e-10  -2.61726e-25   1.38898e-10  -4.94256e-26   2.53967e-11  -8.95369e-27   4.46836e-12  -1.55753e-27   7.56769e-13  -2.60366e-28   1.23402e-13   -4.1849e-29   1.93769e-14  -6.46998e-30   2.92993e-15  -9.62347e-31   4.26594e-16  -1.37724e-31   5.97988e-17  -1.89635e-32   8.06845e-18  -2.51185e-33   1.04754e-18  -3.19983e-34   1.30818e-19  -3.91891e-35   1.57065e-20  -4.61227e-36   1.81201e-21  -5.21367e-37   2.00745e-22  -5.65685e-38   2.13412e-23    -5.887e-39   2.17537e-24  -5.87142e-40   2.12422e-25  -5.60684e-41    1.9851e-26  -5.12117e-42   1.77339e-27  -4.46884e-43   1.51262e-28  -3.72084e-44   1.23019e-29  -2.95181e-45   9.52531e-31   -2.2277e-46   7.01021e-32  -1.59657e-47   4.89472e-33  -1.08453e-48   3.23581e-34  -6.96757e-50   2.02072e-35   -4.2234e-51   1.18903e-36  -2.40887e-52   6.57362e-38   -1.2889e-53   3.40358e-39  -6.44741e-55   1.64438e-40  -3.00343e-56   7.38217e-42  -1.29709e-57   3.06473e-43  -5.16638e-59   1.17003e-44  -1.88643e-60   4.08077e-46  -6.26925e-62    1.2901e-47   -1.8801e-63   3.66209e-49  -5.03477e-65   9.22542e-51  -1.18832e-66   2.03232e-52   -2.4309e-68   3.84077e-54  -4.21544e-70   6.06714e-56  -6.00878e-72   7.71909e-58  -6.72622e-74   7.46776e-60  -5.48694e-76   4.96392e-62  -2.81878e-78    1.7996e-64  -5.88699e-81
 -4.56805e-16     0.0835065  -7.79864e-17      0.084799   5.78927e-17     0.0537539    1.7092e-17     0.0268857  -2.25015e-18     0.0115173  -2.94649e-18    0.00439759  -1.35694e-18    0.00153125  -5.11094e-19   0.000493347  -1.74796e-19   0.000148531  -5.50127e-20   4.20829e-05   -1.6048e-20   1.12792e-05  -4.37493e-21   2.87115e-06  -1.12252e-21   6.96262e-07  -2.72531e-22   1.61243e-07  -6.28653e-23   3.57282e-08  -1.38213e-23   7.58632e-09   -2.9034e-24   1.54552e-09  -5.83889e-25   3.02388e-10  -1.12585e-25   5.68639e-11  -2.08383e-26   1.02837e-11  -3.70572e-27   1.78936e-12  -6.33578e-28   2.99652e-13  -1.04197e-28   4.83054e-14  -1.64882e-29   7.49678e-15  -2.51095e-30   1.12009e-15  -3.68019e-31   1.61098e-16  -5.19093e-32   2.23004e-17  -7.04522e-33   2.97033e-18  -9.19834e-34   3.80557e-19  -1.15489e-34   4.68788e-20  -1.39379e-35   5.54956e-21  -1.61605e-36   6.30977e-22  -1.79908e-37    6.8858e-23  -1.92169e-38     7.207e-24  -1.96791e-39    7.2285e-25  -1.93035e-40   6.94107e-26  -1.81195e-41   6.37434e-27  -1.62575e-42   5.59206e-28  -1.39262e-43   4.68035e-29  -1.13735e-44   3.73196e-30  -8.84277e-46   2.83052e-31   -6.5343e-47   2.03849e-32  -4.58064e-48   1.39131e-33  -3.04007e-49   8.98006e-35  -1.90583e-50     5.468e-36   -1.1257e-51   3.13259e-37   -6.2468e-53    1.6834e-38  -3.24631e-54   8.45652e-40   -1.5741e-55   3.95567e-41    -7.092e-57   1.71526e-42  -2.95467e-58   6.85909e-44  -1.13194e-59   2.51422e-45  -3.96144e-61    8.3874e-47  -1.25661e-62   2.52469e-48  -3.57891e-64   6.78564e-50   -9.0455e-66    1.6073e-51  -1.99914e-67   3.29953e-53  -3.79013e-69   5.74147e-55  -6.00601e-71   8.21169e-57  -7.66505e-73    9.2227e-59  -7.43821e-75   7.54799e-61  -4.95924e-77   3.89003e-63  -1.80327e-79   8.14989e-66
    0.0347666  -1.85414e-16     0.0643073   2.24513e-17     0.0501787    1.7092e-17     0.0284582   -3.1033e-18     0.0133541  -4.59472e-18    0.00548202  -2.23673e-18    0.00202861  -8.52449e-19   0.000689158  -2.93223e-19   0.000217545  -9.32873e-20   6.43519e-05  -2.76271e-20   1.79486e-05  -7.66651e-21   4.74214e-06  -2.00597e-21   1.19107e-06  -4.97342e-22   2.85192e-07  -1.17277e-22   6.52428e-08  -2.63785e-23   1.42854e-08  -5.67233e-24     2.998e-09  -1.16822e-24   6.03731e-10  -2.30751e-25   1.16767e-10   -4.3762e-26   2.17056e-11  -7.97528e-27      3.88e-12  -1.39753e-27   6.67233e-13  -2.35581e-28   1.10415e-13  -3.82129e-29   1.75856e-14  -5.96552e-30    2.6958e-15  -8.96351e-31    3.9775e-16  -1.29622e-31   5.64767e-17  -1.80379e-32   7.71573e-18  -2.41491e-33   1.01393e-18  -3.10944e-34   1.28116e-19  -3.84907e-35   1.55584e-20  -4.57834e-36   1.81495e-21   -5.2299e-37   2.03253e-22  -5.73356e-38   2.18362e-23  -6.02807e-39   2.24876e-24  -6.07282e-40   2.21794e-25  -5.85672e-41     2.093e-26  -5.40153e-42   1.88767e-27  -4.75855e-43   1.62515e-28   -3.9992e-44   1.33378e-29   -3.2018e-45   1.04197e-30  -2.43813e-46   7.73543e-32   -1.7628e-47    5.4473e-33  -1.20781e-48   3.63127e-34  -7.82532e-50   2.28629e-35  -4.78273e-51   1.35612e-36   -2.7501e-52   7.55646e-38  -1.48322e-53   3.94272e-39  -7.47757e-55    1.9193e-40  -3.51006e-56   8.68057e-42   -1.5273e-57   3.63012e-43  -6.12833e-59   1.39583e-44   -2.2539e-60   4.90266e-46  -7.54387e-62   1.56068e-47  -2.27818e-63   4.46037e-49  -6.14277e-65   1.13117e-50  -1.45963e-66   2.50837e-52  -3.00574e-68   4.77117e-54  -5.24633e-70     7.585e-56  -7.52627e-72   9.71089e-58  -8.47816e-74   9.45286e-60  -6.95911e-76   6.32175e-62  -3.59697e-78   2.30563e-64  -7.55753e-81
 -1.78481e-16     0.0384067  -2.88783e-17     0.0405557   1.09117e-17     0.0268857   -3.1033e-18     0.0140186  -5.71429e-18    0.00623725  -3.06528e-18     0.0024653  -1.21323e-18   0.000886096  -4.26218e-19   0.000293975  -1.38618e-19   9.09489e-05  -4.20699e-20   2.64315e-05  -1.19791e-20   7.25514e-06  -3.21807e-21   1.88874e-06  -8.19441e-22   4.67847e-07   -1.9849e-22   1.10546e-07  -4.58628e-23   2.49677e-08  -1.01304e-23   5.39897e-09  -2.14282e-24   1.11921e-09  -4.34644e-25   2.22657e-10  -8.46314e-26   4.25446e-11  -1.58321e-26   7.81306e-12  -2.84728e-27   1.37968e-12  -4.92499e-28   2.34356e-13  -8.19602e-29   3.83014e-14  -1.31253e-29   6.02352e-15  -2.02282e-30   9.11583e-16  -3.00015e-31   1.32747e-16  -4.28171e-32   1.85982e-17  -5.87888e-33   2.50628e-18  -7.76343e-34   3.24762e-19  -9.85678e-35   4.04486e-20  -1.20267e-35    4.8399e-21  -1.40948e-36   5.56055e-22  -1.58564e-37    6.1301e-23  -1.71113e-38   6.47984e-24  -1.76992e-39   6.56218e-25   -1.7532e-40   6.36086e-26  -1.66145e-41   5.89547e-27   -1.5047e-42   5.21863e-28  -1.30073e-43   4.40632e-29  -1.07182e-44   3.54377e-30  -8.40626e-46   2.71047e-31  -6.26492e-47   1.96815e-32  -4.42859e-48   1.35417e-33  -2.96325e-49    8.8096e-35  -1.87257e-50   5.40587e-36  -1.11475e-51   3.12058e-37  -6.23364e-53   1.68948e-38  -3.26391e-54   8.54926e-40  -1.59434e-55   4.02784e-41  -7.23532e-57   1.75889e-42  -3.03584e-58   7.08239e-44  -1.17116e-59   2.61377e-45  -4.12684e-61   8.77797e-47   -1.3179e-62   2.65967e-48  -3.77831e-64   7.19476e-50  -9.61163e-66   1.71507e-51  -2.13786e-67   3.54287e-53  -4.07862e-69   6.20298e-55  -6.50319e-71   8.92571e-57  -8.35014e-73   1.00847e-58  -8.15162e-75   8.30211e-61  -5.46698e-77   4.30355e-63  -1.99945e-79   9.06788e-66
    0.0150062  -6.44249e-17     0.0277282  -2.47086e-19     0.0225879  -2.25015e-18     0.0133541  -5.71429e-18    0.00650819  -3.56658e-18    0.00276518  -1.51159e-18    0.00105592  -5.50957e-19   0.000369241  -1.84999e-19   0.000119721  -5.79998e-20   3.63089e-05  -1.70602e-20   1.03662e-05  -4.73171e-21   2.79957e-06  -1.24311e-21   7.17872e-07  -3.10469e-22   1.75291e-07  -7.39166e-23   4.08543e-08  -1.68126e-23   9.10531e-09  -3.65981e-24   1.94348e-09  -7.63525e-25   3.97758e-10  -1.52831e-25   7.81323e-11  -2.93769e-26   1.47417e-11  -5.42626e-27   2.67316e-12  -9.63646e-28    4.6608e-13  -1.64596e-28   7.81606e-14  -2.70466e-29   1.26094e-14  -4.27618e-30   1.95713e-15  -6.50523e-31   2.92256e-16  -9.52155e-32   4.19839e-17  -1.34068e-32   5.80093e-18  -1.81558e-33   7.70714e-19  -2.36396e-34   9.84277e-20  -2.95818e-35   1.20776e-20  -3.55602e-36    1.4232e-21  -4.10406e-37   1.60955e-22  -4.54457e-38   1.74584e-23  -4.82482e-39   1.81479e-24  -4.90704e-40   1.80631e-25  -4.77647e-41    1.7198e-26  -4.44523e-42   1.56463e-27  -3.95078e-43   1.35854e-28  -3.34904e-44   1.12428e-29  -2.70393e-45   8.85477e-31  -2.07601e-46   6.62624e-32  -1.51311e-47   4.70274e-33  -1.04492e-48   3.15899e-34  -6.82233e-50    2.0039e-35  -4.20129e-51   1.19738e-36   -2.4337e-52   6.72025e-38  -1.32212e-53    3.5313e-39  -6.71293e-55   1.73101e-40  -3.17318e-56   7.88255e-42   -1.3902e-57   3.31856e-43  -5.61579e-59   1.28447e-44  -2.07907e-60    4.5408e-46  -7.00397e-62   1.45472e-47  -2.12866e-63   4.18365e-49  -5.77567e-65   1.06756e-50  -1.38088e-66   2.38169e-52  -2.86086e-68   4.55734e-54  -5.02334e-70   7.28776e-56  -7.24881e-72   9.38451e-58  -8.21296e-74    9.1874e-60  -6.77992e-76   6.17885e-62  -3.52406e-78   2.26603e-64  -7.44538e-81
 -5.77891e-17     0.0151874  -1.24816e-17     0.0166702  -1.59667e-18     0.0115173  -4.59472e-18    0.00623725  -3.56658e-18    0.00287203  -1.67939e-18    0.00117122  -6.46362e-19   0.000433197  -2.26079e-19    0.00014757  -7.36927e-20   4.67895e-05  -2.25114e-20   1.39134e-05  -6.47402e-21   3.90212e-06  -1.76085e-21   1.03665e-06  -4.54655e-22   2.61749e-07  -1.11769e-22   6.29828e-08  -2.62211e-23   1.44733e-08  -5.88146e-24   3.18172e-09  -1.26323e-24   6.70053e-10   -2.6012e-25   1.35329e-10  -5.14021e-26   2.62356e-11  -9.75523e-27   4.88559e-12  -1.77911e-27   8.74378e-13  -3.11941e-28   1.50457e-13  -5.25997e-29   2.48984e-14   -8.5314e-30   3.96321e-15  -1.33115e-30   6.06827e-16  -1.99802e-31   8.93731e-17   -2.8847e-32   1.26595e-17  -4.00543e-33   1.72426e-18  -5.34727e-34   2.25753e-19  -6.86115e-35   2.84016e-20  -8.45784e-36   3.43185e-21  -1.00114e-36   3.98064e-22  -1.13723e-37   4.42934e-23  -1.23886e-38   4.72469e-24  -1.29323e-39   4.82725e-25  -1.29252e-40   4.71975e-26  -1.23562e-41    4.4115e-27   -1.1286e-42   3.93738e-28  -9.83763e-44   3.35144e-29  -8.17242e-45   2.71675e-30  -6.46069e-46   2.09404e-31  -4.85248e-47   1.53211e-32  -3.45632e-48     1.062e-33  -2.32995e-49   6.95933e-35  -1.48314e-50   4.30105e-36  -8.89248e-52   2.50025e-37  -5.00761e-53   1.36296e-38  -2.64005e-54   6.94364e-40  -1.29832e-55   3.29311e-41  -5.93107e-57   1.44743e-42  -2.50482e-58   5.86566e-44  -9.72496e-60   2.17839e-45  -3.44837e-61   7.36116e-47  -1.10805e-62   2.24399e-48  -3.19602e-64   6.10672e-50    -8.179e-66    1.4643e-51  -1.82992e-67   3.04244e-53  -3.51138e-69    5.3573e-55   -5.6307e-71    7.7523e-57  -7.27049e-73   8.80755e-59  -7.13694e-75   7.29044e-61  -4.81258e-77   3.79952e-63  -1.76958e-79   8.04844e-66
   0.00561873  -1.93807e-17     0.0105258  -2.20232e-18    0.00892704  -2.94649e-18    0.00548202  -3.06528e-18    0.00276518  -1.67939e-18    0.00121207  -6.97672e-19   0.000476215  -2.56519e-19   0.000170946  -8.73879e-20   5.67882e-05  -2.78369e-20   1.76164e-05  -8.32806e-21    5.1371e-06  -2.35089e-21   1.41526e-06  -6.28725e-22    3.6979e-07   -1.5982e-22   9.19183e-08  -3.87131e-23   2.17887e-08  -8.95452e-24   4.93506e-09  -1.98116e-24   1.06971e-09  -4.19845e-25   2.22182e-10  -8.53158e-26    4.4265e-11   -1.6639e-26   8.46598e-12  -3.11663e-27   1.55537e-12  -5.60968e-28   2.74626e-13  -9.70642e-29   4.66177e-14  -1.61498e-29    7.6096e-15  -2.58425e-30   1.19461e-15  -3.97729e-31   1.80366e-16   -5.8872e-32   2.61885e-17  -8.38004e-33   3.65619e-18  -1.14685e-33    4.9068e-19  -1.50856e-34   6.32812e-20  -1.90656e-35    7.8393e-21  -2.31404e-36   9.32372e-22  -2.69577e-37   1.06404e-22  -3.01243e-38   1.16436e-23  -3.22669e-39    1.2208e-24  -3.31017e-40   1.22535e-25  -3.24938e-41   1.17628e-26  -3.04903e-42   1.07877e-27  -2.73176e-43   9.44051e-29  -2.33395e-44   7.87287e-30  -1.89891e-45   6.24742e-31  -1.46894e-46   4.70965e-32  -1.07855e-47   3.36672e-33  -7.50206e-49   2.27759e-34  -4.93285e-50   1.45484e-35  -3.05883e-51   8.75243e-37  -1.78397e-52   4.94517e-38  -9.75632e-54   2.61565e-39  -4.98616e-55   1.29045e-40  -2.37212e-56   5.91367e-42  -1.04582e-57   2.50519e-43  -4.25092e-59   9.75596e-45  -1.58339e-60   3.46969e-46  -5.36616e-62   1.11817e-47  -1.64053e-63   3.23453e-49  -4.47711e-65   8.30108e-51  -1.07654e-66   1.86242e-52  -2.24289e-68   3.58358e-54  -3.96009e-70   5.76205e-56  -5.74573e-72   7.45995e-58  -6.54498e-74   7.34216e-60  -5.43163e-76   4.96379e-62    -2.838e-78   1.82984e-64  -6.02681e-81
 -1.57224e-17    0.00537724  -3.83488e-18    0.00612771  -1.55841e-18    0.00439759  -2.23673e-18     0.0024653  -1.51159e-18    0.00117122  -6.97672e-19    0.00049139  -2.72652e-19   0.000186548   -9.7521e-20   6.50953e-05  -3.24945e-20   2.11062e-05  -1.01381e-20   6.40864e-06  -2.97581e-21   1.83296e-06  -8.25477e-22   4.96038e-07  -2.17195e-22   1.27458e-07  -5.43625e-23   3.11831e-08   -1.2974e-23   7.27997e-09  -2.95806e-24   1.62472e-09  -6.45321e-25   3.47131e-10  -1.34876e-25   7.10857e-11  -2.70349e-26   1.39654e-11  -5.20122e-27   2.63407e-12  -9.61064e-28   4.77261e-13   -1.7064e-28   8.31049e-14  -2.91234e-29   1.39114e-14  -4.77903e-30   2.23906e-15  -7.54101e-31   3.46539e-16  -1.14425e-31   5.15726e-17  -1.66951e-32    7.3794e-18  -2.34186e-33   1.01501e-18  -3.15743e-34   1.34168e-19  -4.09038e-35    1.7037e-20  -5.08947e-36   2.07733e-21  -6.07919e-37   2.43085e-22  -6.96676e-38    2.7282e-23  -7.65485e-39   2.93462e-24   -8.0581e-40   3.02297e-25  -8.11982e-41   2.97939e-26  -7.82455e-42   2.80666e-27  -7.20287e-43   2.52424e-28  -6.32654e-44   2.16474e-29  -5.29499e-45   1.76768e-30  -4.21662e-46   1.37232e-31  -3.18973e-47   1.01114e-32  -2.28794e-48   7.05735e-34  -1.55295e-49   4.65605e-35  -9.95215e-51   2.89671e-36  -6.00652e-52   1.69488e-37  -3.40442e-53   9.29852e-39  -1.80628e-54   4.76699e-40  -8.93859e-56   2.27479e-41   -4.1085e-57   1.00592e-42   -1.7456e-58   4.10083e-44  -6.81759e-60   1.53191e-45  -2.43158e-61   5.20653e-47  -7.85818e-63    1.5962e-48  -2.27941e-64   4.36816e-50  -5.86578e-66    1.0532e-51  -1.31957e-67   2.20014e-53  -2.54575e-69   3.89486e-55  -4.10396e-71   5.66576e-57   -5.3269e-73    6.4704e-59  -5.25604e-75   5.38328e-61  -3.56229e-77   2.81973e-63  -1.31642e-79    6.0027e-66
   0.00189213  -4.88985e-18    0.00362303  -9.28822e-19    0.00319036  -1.35694e-18    0.00202861  -1.21323e-18    0.00105592  -6.46362e-19   0.000476215  -2.72652e-19    0.00019203  -1.02909e-19   7.06028e-05  -3.59604e-20   2.39802e-05   -1.1724e-20   7.59442e-06    -3.584e-21   2.25793e-06  -1.03241e-21   6.33507e-07  -2.81418e-22   1.68406e-07  -7.28304e-23   4.25501e-08   -1.7943e-23   1.02442e-08  -4.21739e-24   2.35492e-09  -9.47407e-25   5.17727e-10  -2.03705e-25   1.09002e-10  -4.19712e-26   2.20009e-11  -8.29462e-27   4.26081e-12  -1.57349e-27   7.92289e-13  -2.86687e-28   1.41527e-13  -5.01903e-29   2.42954e-14  -8.44569e-30   4.00913e-15  -1.36627e-30   6.36031e-16  -2.12504e-31   9.70128e-17  -3.17776e-32   1.42259e-17  -4.56827e-33   2.00523e-18  -6.31216e-34   2.71633e-19  -8.38069e-35   3.53509e-20  -1.06881e-35   4.41814e-21  -1.30871e-36   5.30016e-22  -1.53774e-37   6.09959e-23   -1.7328e-38   6.72954e-24  -1.87124e-39   7.11239e-25  -1.93499e-40   7.19484e-26  -1.91427e-41   6.95962e-27  -1.80993e-42   6.43051e-28  -1.63368e-43   5.66869e-29  -1.40595e-44   4.76129e-30  -1.15205e-45   3.80481e-31  -8.97414e-47   2.88802e-32  -6.63424e-48   2.07845e-33  -4.64554e-49   1.41538e-34  -3.07468e-50    9.0996e-36  -1.91889e-51   5.50926e-37  -1.12622e-52   3.13223e-38  -6.19746e-54   1.66691e-39  -3.18667e-55   8.27345e-41  -1.52512e-56   3.81391e-42   -6.7636e-58    1.6251e-43  -2.76511e-59   6.36491e-45  -1.03582e-60   2.27644e-46  -3.53012e-62   7.37695e-48  -1.08517e-63   2.14559e-49  -2.97758e-65   5.53605e-51  -7.19796e-67   1.24864e-52  -1.50755e-68   2.41512e-54  -2.67555e-70   3.90323e-56  -3.90182e-72     5.079e-58  -4.46696e-74   5.02378e-60   -3.7255e-76   3.41314e-62  -1.95608e-78   1.26432e-64  -4.17402e-81
 -3.78289e-18    0.00174412  -9.63834e-19    0.00206013  -6.80232e-19    0.00153125  -8.52449e-19   0.000886096  -5.50957e-19   0.000433197  -2.56519e-19   0.000186548  -1.02909e-19   7.25321e-05  -3.78122e-20   2.58749e-05   -1.2906e-20    8.5636e-06  -4.11529e-21   2.65064e-06  -1.23251e-21   7.71923e-07   -3.4837e-22   2.12485e-07  -9.32861e-23   5.54858e-08   -2.3738e-23   1.37842e-08  -5.75441e-24   3.26532e-09  -1.33157e-24   7.38965e-10  -2.94614e-25   1.60003e-10  -6.24093e-26   3.31872e-11  -1.26714e-26    6.6005e-12  -2.46808e-27   1.25976e-12  -4.61479e-28    2.3087e-13  -8.28763e-29   4.06458e-14   -1.4301e-29   6.87668e-15  -2.37178e-30   1.11827e-15  -3.78113e-31   1.74809e-16   -5.7947e-32   2.62684e-17  -8.53652e-33   3.79415e-18  -1.20868e-33   5.26658e-19  -1.64448e-34   7.02363e-20  -2.14928e-35   8.99618e-21  -2.69732e-36   1.10619e-21  -3.24892e-37    1.3051e-22  -3.75375e-38   1.47652e-23  -4.15744e-39    1.6007e-24  -4.41056e-40   1.66152e-25  -4.47816e-41   1.64983e-26  -4.34741e-42   1.56556e-27  -4.03109e-43   1.41812e-28  -3.56584e-44   1.22467e-29  -3.00521e-45   1.00691e-30  -2.40948e-46   7.86964e-32  -1.83487e-47   5.83667e-33  -1.32473e-48    4.1001e-34  -9.04946e-50   2.72218e-35   -5.8359e-51   1.70411e-36  -3.54397e-52   1.00318e-37  -2.02087e-53   5.53673e-39   -1.0786e-54    2.8552e-40  -5.36884e-56   1.37039e-41  -2.48192e-57   6.09447e-43  -1.06047e-58   2.49844e-44   -4.1648e-60   9.38467e-46  -1.49356e-61   3.20688e-47  -4.85277e-63   9.88401e-49   -1.4151e-64   2.71908e-50   -3.6606e-66   6.58983e-52  -8.27725e-68   1.38365e-53  -1.60496e-69   2.46174e-55  -2.60024e-71   3.59877e-57  -3.39169e-73   4.12992e-59  -3.36281e-75   3.45257e-61  -2.29005e-77   1.81702e-63  -8.50266e-80   3.88623e-66
  0.000585631  -1.11173e-18    0.00115087  -3.27199e-19    0.00104958  -5.11094e-19   0.000689158  -4.26218e-19   0.000369241  -2.26079e-19   0.000170946   -9.7521e-20   7.06028e-05  -3.78122e-20   2.65367e-05  -1.35382e-20   9.19938e-06  -4.51024e-21   2.96951e-06  -1.40631e-21   8.98815e-07  -4.12607e-22   2.56465e-07  -1.14416e-22   6.92715e-08  -3.00916e-23    1.7769e-08  -7.52726e-24   4.34001e-09  -1.79496e-24   1.01146e-09  -4.08803e-25   2.25307e-10  -8.90583e-26   4.80366e-11  -1.85812e-26   9.81354e-12  -3.71659e-27   1.92276e-12   -7.1324e-28    3.6156e-13  -1.31406e-28   6.52874e-14  -2.32537e-29   1.13253e-14  -3.95377e-30   1.88783e-15  -6.46058e-31   3.02441e-16  -1.01466e-31   4.65706e-17  -1.53166e-32   6.89224e-18  -2.22209e-33   9.80238e-19  -3.09772e-34   1.33946e-19  -4.14852e-35   1.75802e-20  -5.33533e-36   2.21537e-21  -6.58656e-37   2.67909e-22  -7.80119e-38   3.10744e-23  -8.85936e-39   3.45471e-24  -9.64008e-40   3.67865e-25  -1.00427e-40   3.74858e-26  -1.00074e-41   3.65201e-27  -9.52918e-43   3.39803e-28  -8.66104e-44   3.01602e-29  -7.50448e-45   2.55027e-30  -6.19021e-46   2.05137e-31  -4.85349e-47   1.56713e-32  -3.61097e-48   1.13496e-33  -2.54441e-49   7.77684e-35  -1.69441e-50   5.03026e-36  -1.06386e-51   3.06374e-37  -6.28098e-53   1.75208e-38  -3.47649e-54   9.37802e-40  -1.79781e-55   4.68103e-41  -8.65264e-57    2.1699e-42   -3.8585e-58    9.2966e-44  -1.58603e-59   3.66077e-45  -5.97312e-61   1.31624e-46  -2.04638e-62   4.28764e-48  -6.32329e-64   1.25347e-49  -1.74389e-65   3.25059e-51  -4.23687e-67   7.36822e-53  -8.91768e-69   1.43216e-54  -1.59042e-70   2.32582e-56   -2.3305e-72   3.04088e-58  -2.68071e-74   3.02198e-60   -2.2462e-76   2.06266e-62  -1.18481e-78   7.67568e-65  -2.53974e-81
 -8.49126e-19   0.000525693  -2.39613e-19   0.000642503  -2.56275e-19   0.000493347  -2.93223e-19   0.000293975  -1.84999e-19    0.00014757  -8.73879e-20   6.50953e-05  -3.59604e-20   2.58749e-05  -1.35382e-20   9.42093e-06  -4.72106e-21   3.17778e-06  -1.53492e-21   1.00125e-06  -4.68045e-22   2.96501e-07  -1.34535e-22   8.29158e-08  -3.65988e-23    2.1978e-08  -9.45296e-24   5.53813e-09  -2.32415e-24   1.32982e-09  -5.45096e-25   3.04871e-10  -1.22164e-25   6.68357e-11  -2.61987e-26   1.40288e-11  -5.38244e-27   2.82226e-12  -1.06032e-27    5.4462e-13  -2.00434e-28   1.00876e-13  -3.63766e-29   1.79431e-14  -6.34123e-30     3.066e-15  -1.06207e-30   5.03402e-16  -1.70936e-31   7.94292e-17  -2.64393e-32   1.20442e-17  -3.92998e-33   1.75498e-18  -5.61306e-34   2.45695e-19  -7.70173e-35   3.30398e-20  -1.01491e-35   4.26627e-21  -1.28395e-36   5.28742e-22  -1.55864e-37   6.28636e-23   -1.8146e-38   7.16564e-24  -2.02475e-39   7.82542e-25  -2.16367e-40   8.18116e-26  -2.21248e-41   8.18066e-27  -2.16284e-42   7.81618e-28  -2.01913e-43   7.12766e-29  -1.79799e-44   6.19592e-30   -1.5252e-45   5.12707e-31  -1.23068e-46   4.03246e-32   -9.4306e-48    3.0093e-33  -6.85055e-49    2.1268e-34  -4.70793e-50   1.42048e-35  -3.05406e-51   8.94443e-37  -1.86542e-52   5.29572e-38  -1.06978e-53   2.93932e-39  -5.74179e-55   1.52418e-40  -2.87377e-56   7.35543e-42  -1.33569e-57   3.28871e-43  -5.73755e-59   1.35533e-44  -2.26513e-60   5.11739e-46  -8.16499e-62   1.75763e-47  -2.66638e-63   5.44453e-49  -7.81424e-65   1.50521e-50  -2.03135e-66   3.66579e-52  -4.61551e-68   7.73401e-54  -8.99227e-70   1.38254e-55  -1.46373e-71   2.03056e-57  -1.91812e-73     2.341e-59   -1.9105e-75   1.96596e-61  -1.30692e-77   1.03929e-63  -4.87404e-80   2.23266e-66
  0.000168897  -2.43018e-19   0.000341266  -1.14388e-19     0.0003216  -1.74796e-19   0.000217545  -1.38618e-19   0.000119721  -7.36927e-20   5.67882e-05  -3.24945e-20   2.39802e-05   -1.2906e-20   9.19938e-06  -4.72106e-21   3.25021e-06  -1.60337e-21    1.0679e-06  -5.08879e-22   3.28655e-07  -1.51796e-22   9.52591e-08  -4.27524e-23    2.6114e-08  -1.14102e-23   6.79359e-09  -2.89421e-24    1.6817e-09  -6.99361e-25   3.96978e-10  -1.61306e-25   8.95186e-11  -3.55685e-26   1.93113e-11  -7.50766e-27   3.98995e-12  -1.51851e-27   7.90289e-13  -2.94557e-28   1.50172e-13  -5.48333e-29   2.73923e-14  -9.80076e-30   4.79837e-15  -1.68258e-30   8.07448e-16  -2.77521e-31   1.30549e-16  -4.39826e-32   2.02819e-17  -6.69794e-33   3.02766e-18  -9.80054e-34   4.34233e-19  -1.37764e-34    5.9823e-20  -1.85992e-35   7.91434e-21   -2.4109e-36   1.00508e-21   -2.9992e-37   1.22468e-22  -3.57894e-38     1.431e-23  -4.09415e-39    1.6024e-24  -4.48679e-40   1.71831e-25  -4.70682e-41   1.76305e-26   -4.7223e-42   1.72922e-27  -4.52669e-43   1.61957e-28  -4.14118e-44   1.44679e-29  -3.61115e-45   1.23111e-30  -2.99741e-46   9.96416e-32  -2.36459e-47   7.65834e-33  -1.76985e-48    5.5795e-34  -1.25446e-49   3.84548e-35  -8.40238e-51   2.50165e-36  -5.30562e-52   1.53225e-37  -3.14994e-53   8.81119e-39  -1.75306e-54   4.74188e-40  -9.11464e-56   2.37958e-41  -4.41006e-57   1.10887e-42  -1.97687e-58   4.77537e-44  -8.16762e-60      1.89e-45  -3.09156e-61   6.82965e-47  -1.06444e-62   2.23574e-48  -3.30521e-64   6.56789e-50  -9.15942e-66   1.71139e-51  -2.23591e-67   3.89757e-53  -4.72815e-69   7.61093e-55  -8.47133e-71   1.24168e-56  -1.24699e-72   1.63077e-58  -1.44082e-74   1.62786e-60  -1.21263e-76   1.11599e-62  -6.42427e-79    4.1709e-65  -1.38303e-81
 -1.81861e-19   0.000148653  -6.34449e-20   0.000187665  -8.80588e-20   0.000148531  -9.32873e-20   9.09489e-05  -5.79998e-20   4.67895e-05  -2.78369e-20   2.11062e-05   -1.1724e-20    8.5636e-06  -4.51024e-21   3.17778e-06  -1.60337e-21   1.09104e-06  -5.30549e-22   3.49508e-07  -1.64456e-22   1.05127e-07  -4.80044e-23   2.98349e-08    -1.325e-23   8.01944e-09   -3.4697e-24   2.04781e-09  -8.64313e-25   4.97996e-10  -2.05258e-25   1.15561e-10  -4.65537e-26   2.56299e-11  -1.00986e-26   5.44001e-12  -2.09766e-27    1.1062e-12  -4.17624e-28   2.15684e-13  -7.97527e-29   4.03501e-14  -1.46174e-29   7.24664e-15  -2.57247e-30   1.24986e-15  -4.34836e-31   2.07074e-16  -7.06122e-32   3.29604e-17  -1.10167e-32   5.04059e-18  -1.65135e-33   7.40567e-19   -2.3779e-34   1.04515e-19  -3.28875e-35   1.41649e-20  -4.36743e-36   1.84303e-21  -5.56696e-37    2.3012e-22   -6.8078e-38   2.75585e-23  -7.98278e-39   3.16361e-24   -8.9698e-40   3.47885e-25  -9.65102e-41   3.66164e-26  -9.93491e-42   3.68568e-27  -9.77568e-43    3.5443e-28  -9.18473e-44    3.2526e-29  -8.23022e-45   2.84499e-30   -7.0245e-46   2.36855e-31  -5.70226e-47     1.874e-32  -4.39545e-48    1.4067e-33  -3.21146e-49   9.99889e-35   -2.2196e-50   6.71585e-36  -1.44792e-51   4.25225e-37  -8.89243e-53   2.53133e-38  -5.12716e-54   1.41249e-39  -2.76646e-55   7.36295e-41  -1.39184e-56    3.5716e-42  -6.50224e-58   1.60503e-43  -2.80717e-59   6.64768e-45  -1.11374e-60   2.52235e-46  -4.03426e-62   8.70532e-48  -1.32378e-63   2.70948e-49  -3.89791e-65   7.52592e-51  -1.01801e-66   1.84135e-52   -2.3237e-68   3.90258e-54  -4.54772e-70   7.00769e-56   -7.4357e-72    1.0338e-57  -9.78694e-74   1.19707e-59  -9.79042e-76   1.00963e-61  -6.72605e-78   5.36005e-64  -2.51904e-80   1.15632e-66
  4.58068e-05  -5.25636e-20   9.52157e-05  -3.81811e-20   9.25289e-05  -5.50127e-20   6.43519e-05  -4.20699e-20   3.63089e-05  -2.25114e-20   1.76164e-05  -1.01381e-20   7.59442e-06  -4.11529e-21   2.96951e-06  -1.53492e-21    1.0679e-06  -5.30549e-22   3.56734e-07  -1.71157e-22   1.11508e-07  -5.18425e-23   3.27976e-08  -1.48131e-23   9.11676e-09  -4.00777e-24   2.40323e-09  -1.02983e-24   6.02427e-10  -2.51943e-25   1.43925e-10  -5.88002e-26   3.28303e-11  -1.31131e-26   7.16084e-12  -2.79807e-27   1.49529e-12  -5.71882e-28    2.9921e-13  -1.12053e-28    5.7419e-14  -2.10627e-29   1.05737e-14  -3.80015e-30   1.86932e-15  -6.58347e-31   3.17375e-16  -1.09545e-31   5.17586e-17  -1.75096e-32   8.10876e-18  -2.68861e-33   1.22036e-18  -3.96577e-34   1.76417e-19  -5.61835e-35   2.44923e-20  -7.64312e-36   3.26463e-21  -9.98099e-37   4.17632e-22  -1.25066e-37   5.12522e-23  -1.50296e-38   6.03048e-24   -1.7312e-39   6.79889e-25  -1.91002e-40   7.33927e-26   -2.0169e-41   7.57942e-27  -2.03659e-42   7.48138e-28  -1.96454e-43   7.05074e-29  -1.80834e-44   6.33704e-30  -1.58644e-45   5.42464e-31  -1.32462e-46   4.41628e-32  -1.05104e-47   3.41384e-33  -7.91168e-49   2.50121e-34  -5.63917e-50   1.73343e-35  -3.79786e-51   1.13381e-36  -2.41107e-52   6.98169e-38  -1.43904e-53    4.0359e-39   -8.0505e-55    2.1832e-40  -4.20711e-56   1.10114e-41  -2.04584e-57   5.15686e-43  -9.21617e-59   2.23173e-44  -3.82631e-60    8.8755e-46  -1.45526e-61   3.22249e-47  -5.03421e-63   1.05985e-48  -1.57046e-64   3.12789e-50  -4.37202e-66   8.18739e-52  -1.07207e-67   1.87298e-53  -2.27715e-69   3.67361e-55  -4.09783e-71   6.01942e-57  -6.05817e-73   7.93962e-59  -7.02971e-75   7.95906e-61   -5.9413e-77   5.47919e-63  -3.16066e-79   2.05625e-65  -6.83224e-82
 -3.73795e-20   3.97016e-05  -1.75026e-20   5.16849e-05  -2.76844e-20   4.20829e-05  -2.76271e-20   2.64315e-05  -1.70602e-20   1.39134e-05  -8.32806e-21   6.40864e-06    -3.584e-21   2.65064e-06  -1.40631e-21   1.00125e-06  -5.08879e-22   3.49508e-07  -1.71157e-22   1.13716e-07  -5.38699e-23   3.47081e-08  -1.59518e-23   9.98726e-09  -4.46307e-24   2.71996e-09  -1.18385e-24   7.03284e-10  -2.98534e-25   1.73077e-10  -7.17302e-26   4.06233e-11   -1.6452e-26   9.10869e-12  -3.60736e-27   1.95375e-12  -7.57085e-28   4.01318e-13  -1.52234e-28   7.90135e-14  -2.93518e-29   1.49214e-14  -5.42973e-30   2.70425e-15  -9.64155e-31   4.70532e-16  -1.64394e-31    7.8624e-17   -2.6921e-32   1.26187e-17  -4.23453e-33   1.94531e-18  -6.39783e-34   2.88046e-19  -9.28394e-35   4.09611e-20  -1.29367e-35   5.59267e-21  -1.73058e-36   7.32937e-22  -2.22164e-37    9.2159e-23  -2.73576e-38   1.11126e-23  -3.22975e-39   1.28426e-24  -3.65319e-40    1.4215e-25  -3.95615e-41   1.50579e-26  -4.09837e-42   1.52519e-27  -4.05773e-43   1.47569e-28  -3.83561e-44   1.36238e-29  -3.45747e-45   1.19868e-30  -2.96818e-46    1.0037e-31  -2.42325e-47   7.98628e-33  -1.87838e-48   6.02812e-34  -1.37997e-49   4.30819e-35  -9.58915e-51   2.90913e-36  -6.28852e-52   1.85165e-37  -3.88225e-53   1.10797e-38  -2.24988e-54    6.2139e-40  -1.22008e-55   3.25532e-41  -6.16875e-57   1.58684e-42  -2.89589e-58   7.16547e-44  -1.25622e-59    2.9819e-45  -5.00754e-61   1.13673e-46  -1.82228e-62   3.94124e-48  -6.00688e-64   1.23225e-49  -1.77672e-65   3.43806e-51  -4.66083e-67    8.4489e-53  -1.06853e-68   1.79845e-54  -2.10025e-70   3.24323e-56   -3.4486e-72   4.80474e-58  -4.55813e-74   5.58674e-60  -4.57862e-76   4.73133e-62  -3.15838e-78   2.52202e-64  -1.18764e-80   5.46252e-67
  1.17578e-05  -1.14115e-20   2.51389e-05  -1.18381e-20   2.51458e-05   -1.6048e-20   1.79486e-05  -1.19791e-20   1.03662e-05  -6.47402e-21    5.1371e-06  -2.97581e-21   2.25793e-06  -1.23251e-21   8.98815e-07  -4.68045e-22   3.28655e-07  -1.64456e-22   1.11508e-07  -5.38699e-23   3.53682e-08  -1.65522e-23   1.05473e-08   -4.7938e-24   2.97039e-09  -1.31369e-24   7.92798e-10  -3.41697e-25   2.01101e-10  -8.45701e-26   4.85913e-11  -1.99579e-26   1.12048e-11  -4.49844e-27   2.46952e-12  -9.69736e-28   5.20857e-13  -2.00158e-28   1.05234e-13  -3.95922e-29   2.03833e-14  -7.51056e-30   3.78745e-15   -1.3671e-30   6.75431e-16  -2.38877e-31   1.15645e-16  -4.00788e-32   1.90144e-17  -6.45797e-33   3.00261e-18  -9.99412e-34   4.55384e-19   -1.4854e-34   6.63261e-20  -2.12001e-35   9.27559e-21  -2.90487e-36   1.24518e-21  -3.82013e-37   1.60399e-22  -4.81965e-38   1.98177e-23  -5.83078e-39   2.34725e-24  -6.76019e-40   2.66346e-25  -7.50619e-41   2.89333e-26  -7.97578e-42   3.00649e-27  -8.10289e-43   2.98556e-28  -7.86307e-44   2.83037e-29  -7.28032e-45   2.55864e-30  -6.42364e-46   2.20271e-31  -5.39372e-47   1.80326e-32  -4.30338e-48   1.40157e-33  -3.25692e-49    1.0324e-34  -2.33377e-50   7.19261e-36  -1.57995e-51   4.72892e-37  -1.00818e-52   2.92675e-38  -6.04761e-54   1.70032e-39  -3.40002e-55   9.24298e-41  -1.78548e-56   4.68442e-42  -8.72405e-58   2.20424e-43  -3.94858e-59    9.5839e-45  -1.64696e-60   3.82903e-46   -6.2925e-62   1.39654e-47  -2.18657e-63   4.61362e-49  -6.85141e-65   1.36759e-50   -1.9157e-66   3.59524e-52  -4.71777e-68   8.25978e-54  -1.00634e-69   1.62688e-55  -1.81852e-71   2.67681e-57  -2.69957e-73   3.54518e-59  -3.14525e-75   3.56824e-61  -2.66895e-77   2.46626e-63  -1.42546e-79   9.29191e-66  -3.09341e-82
 -7.42573e-21   1.00637e-05  -4.82663e-21   1.34889e-05  -8.02744e-21   1.12792e-05  -7.66651e-21   7.25514e-06  -4.73171e-21   3.90212e-06  -2.35089e-21   1.83296e-06  -1.03241e-21   7.71923e-07  -4.12607e-22   2.96501e-07  -1.51796e-22   1.05127e-07  -5.18425e-23   3.47081e-08  -1.65522e-23   1.07405e-08  -4.96789e-24   3.13115e-09  -1.40777e-24   8.63364e-10  -3.77965e-25   2.25881e-10  -9.64183e-26   5.62179e-11  -2.34237e-26   1.33378e-11  -5.42946e-27   3.02169e-12  -1.20262e-27   6.54594e-13  -2.54869e-28   1.35751e-13  -5.17325e-29   2.69746e-14  -1.00651e-29   5.13957e-15   -1.8783e-30    9.3951e-16  -3.36366e-31    1.6484e-16  -5.78249e-32   2.77674e-17  -9.54498e-33   4.49155e-18  -1.51302e-33   6.97714e-19  -2.30321e-34   1.04079e-19   -3.3667e-35   1.49074e-20  -4.72482e-36   2.04974e-21  -6.36445e-37   2.70468e-22  -8.22579e-38   3.42361e-23  -1.01963e-38    4.1552e-24  -1.21152e-39   4.83269e-25    -1.379e-40   5.38249e-26  -1.50257e-41   5.73642e-27  -1.56598e-42   5.84499e-28  -1.55961e-43   5.68834e-29  -1.48276e-44   5.28163e-30  -1.34415e-45   4.67303e-31  -1.16033e-46   3.93443e-32  -9.52462e-48   3.14743e-33  -7.42245e-49   2.38828e-34  -5.48152e-50   1.71573e-35  -3.82862e-51   1.16446e-36  -2.52348e-52   7.44889e-38  -1.56562e-53   4.47911e-39  -9.11751e-55   2.52421e-40  -4.96805e-56   1.32867e-41  -2.52371e-57   6.50706e-43  -1.19025e-58   2.95185e-44   -5.1868e-60   1.23398e-45  -2.07687e-61   4.72504e-47   -7.5914e-63   1.64546e-48  -2.51331e-64   5.16694e-50  -7.46586e-66   1.44776e-51   -1.9668e-67   3.57278e-53  -4.52789e-69   7.63664e-55  -8.93645e-71   1.38279e-56  -1.47332e-72   2.05682e-58  -1.95514e-74    2.4011e-60   -1.9717e-76   2.04144e-62   -1.3654e-78   1.09241e-64   -5.1541e-81   2.37513e-67
