  0.00329529 -4.09756e-17  -0.00871998  1.62572e-16    0.0030506 -1.76786e-16   0.00228275  2.44787e-17  0.000281933  9.96535e-17 -0.000374511 -8.51727e-18 -0.000312491 -2.09651e-17 -0.000136106 -9.01801e-18 -3.13504e-05 -5.14369e-18  5.56842e-06 -5.01844e-19  1.09471e-05  2.33118e-18  7.50683e-06  1.90932e-18  3.81281e-06  5.15616e-19  1.61717e-06 -1.75541e-19  5.95344e-07 -2.14164e-19  1.91837e-07 -8.33208e-20  5.32135e-08 -3.59461e-21  1.18926e-08  1.48602e-20  1.59657e-09   9.8798e-21 -2.65041e-10  3.42699e-21 -3.16582e-10  4.29456e-22 -1.59647e-10 -3.05501e-22 -6.25611e-11 -2.72142e-22 -2.11988e-11 -1.33986e-22 -6.45005e-12 -4.96103e-23 -1.79113e-12 -1.47113e-23 -4.57017e-13 -3.47365e-24 -1.07256e-13  -5.8918e-25 -2.30636e-14 -3.01494e-26 -4.49894e-15  2.72648e-26 -7.79616e-16  1.48491e-26 -1.14442e-16  5.11407e-27 -1.23166e-17  1.42374e-27 -2.43446e-19  3.43434e-28  3.43404e-19  7.39443e-29  1.25391e-19  1.44279e-29  3.09983e-20  2.57385e-30  6.34419e-21  4.22252e-31  1.13926e-21  6.39559e-32  1.83916e-22  8.96626e-33  2.70096e-23  1.16527e-33  3.63055e-24  1.40491e-34  4.48005e-25  1.57151e-35  5.08051e-26  1.63017e-36  5.29317e-27   1.5667e-37  5.05948e-28  1.39312e-38  4.42643e-29  1.14413e-39  3.53271e-30  8.65896e-41   2.5606e-31  6.02119e-42  1.67589e-32  3.83289e-43  9.82984e-34  2.22377e-44  5.11542e-35  1.16985e-45  2.32912e-36  5.54501e-47  9.08819e-38  2.34951e-48  2.93619e-39  8.81182e-50  7.32653e-41  2.88918e-51  1.14422e-42  8.14981e-53 -3.28716e-45  1.93576e-54 -8.82787e-46  3.75649e-56 -3.09001e-47  5.69343e-58  -6.2718e-49   6.2579e-60 -7.73866e-51  4.31352e-62 -4.83805e-53  1.20446e-64
-4.09756e-17    0.0156983 -9.52705e-17   -0.0213594  2.46829e-16   0.00100569 -3.31665e-16    0.0052554  6.36226e-17   0.00220144  1.71586e-16 -1.32913e-05  3.55194e-17 -0.000561399 -2.60551e-17 -0.000409275 -3.15275e-17 -0.000181492 -1.90795e-17 -4.99741e-05 -1.92215e-18 -4.84425e-07  5.75193e-18  9.90503e-06   4.2729e-18  7.96756e-06  1.06113e-18  4.44505e-06 -3.30281e-19  2.06532e-06 -3.67761e-19  8.48673e-07  -1.1589e-19  3.17401e-07  1.77542e-20  1.09893e-07  3.78261e-20  3.56457e-08  2.13283e-20  1.09398e-08  6.88498e-21  3.20666e-09   7.7401e-22   9.0647e-10 -6.26962e-22  2.49599e-10 -5.32108e-22  6.75669e-11 -2.56655e-22  1.81017e-11 -9.40993e-23  4.81032e-12  -2.8031e-23  1.26433e-12 -6.85086e-24  3.26418e-13 -1.31473e-24  8.20443e-14 -1.58364e-25  1.98985e-14  1.04276e-26  4.62115e-15  1.39289e-26  1.02138e-15  5.42454e-27  2.13856e-16  1.56009e-27  4.22704e-17  3.77523e-28  7.86615e-18  8.04646e-29  1.37515e-18   1.5429e-29  2.25408e-19  2.69288e-30  3.45806e-20  4.30937e-31  4.95606e-21  6.35343e-32  6.62232e-22  8.65647e-33  8.23136e-23  1.09202e-33  9.49237e-24  1.27673e-34  1.01238e-24  1.38367e-35  9.94718e-26  1.38943e-36  8.96004e-27  1.29155e-37   7.3518e-28  1.10984e-38  5.44674e-29  8.80085e-40  3.59708e-30  6.42519e-41  2.07398e-31  4.30526e-42  1.00403e-32  2.63739e-43  3.71048e-34  1.47028e-44  6.81818e-36  7.41791e-46 -3.56481e-37  3.36393e-47 -4.72128e-38  1.35935e-48 -3.09561e-39  4.84152e-50 -1.48606e-40  1.49876e-51 -5.60974e-42  3.95913e-53 -1.68523e-43   8.7021e-55 -3.97274e-45  1.53443e-56 -7.08723e-47  2.05038e-58 -8.92879e-49   1.8771e-60 -6.88887e-51  9.35064e-63 -2.10562e-53
 -0.00871998 -9.52705e-17    0.0358643 -5.74268e-17   -0.0298111  1.15952e-16  -0.00692108 -4.61501e-16   0.00585177   5.7281e-17   0.00485916  2.47357e-16   0.00145278  1.19258e-16 -0.000275894  -1.5856e-17 -0.000587494 -5.87508e-17 -0.000396229  -3.7157e-17 -0.000180992 -4.21974e-18 -5.85591e-05  8.66053e-18 -9.38138e-06  6.11052e-18  4.03285e-06  1.46677e-18   4.9178e-06   -3.445e-19  3.11097e-06 -3.47057e-19  1.56124e-06 -4.16884e-20  6.83989e-07  8.49108e-20  2.72141e-07  7.57956e-20  1.00429e-07  3.68764e-20  3.48238e-08  1.15645e-20  1.14441e-08   1.6665e-21  3.58523e-09 -6.46097e-22  1.07483e-09 -6.38915e-22  3.09032e-10  -3.1388e-22  8.52851e-11 -1.15305e-22  2.25854e-11 -3.45024e-23  5.73286e-12 -8.60576e-24  1.39231e-12 -1.76079e-24  3.22843e-13  -2.6965e-25  7.13027e-14 -1.77413e-26  1.49631e-14  6.67879e-27  2.97627e-15  3.57721e-27  5.59754e-16  1.10868e-27  9.92956e-17  2.73968e-28  1.65722e-17  5.84067e-29  2.59534e-18  1.10883e-29   3.8028e-19  1.90507e-30  5.19583e-20   2.9905e-31  6.59327e-21  4.31512e-32  7.73093e-22  5.74585e-33  8.31916e-23  7.07763e-34  8.13524e-24   8.0754e-35  7.11774e-25    8.538e-36  5.41748e-26  8.36214e-37  3.37035e-27  7.57993e-38  1.39279e-28  6.35091e-39 -1.57575e-30  4.90991e-40 -1.09228e-30  3.49398e-41 -1.42459e-31  2.28104e-42 -1.31891e-32  1.36049e-43 -9.94374e-34  7.37626e-45 -6.36042e-35  3.61339e-46 -3.49976e-36  1.58706e-47 -1.66013e-37  6.18889e-49 -6.75621e-39  2.11613e-50 -2.33432e-40  6.24247e-52 -6.73488e-42   1.5547e-53 -1.58344e-43  3.17105e-55 -2.92515e-45  5.06194e-57 -4.00822e-47  5.86957e-59 -3.67776e-49  4.27323e-61 -1.79023e-51  1.26117e-63
 1.62572e-16   -0.0213594 -5.74268e-17    0.0531385  1.50076e-16   -0.0279764 -1.61335e-16   -0.0164407  -6.1819e-16    0.0025655 -1.77037e-17   0.00639244  3.17069e-16   0.00348402  2.12177e-16  0.000736737  3.08151e-18 -0.000381705 -7.90228e-17 -0.000505673 -5.09275e-17 -0.000325957 -6.65048e-18 -0.000154452   9.3578e-18 -5.73032e-05  6.46331e-18  -1.5681e-05  1.59664e-18 -1.86725e-06 -1.04861e-19  1.22777e-06 -5.60686e-20  1.21177e-06  1.83488e-19  6.99951e-07  2.14125e-19  3.28123e-07  1.35254e-19  1.35438e-07  5.99601e-20  5.09183e-08  1.94752e-20  1.77411e-08  4.17402e-21  5.78573e-09  1.25634e-22  1.77646e-09 -3.99245e-22  5.15284e-10 -2.38525e-22  1.41448e-10 -9.22566e-23  3.67689e-11 -2.80191e-23  9.04904e-12 -7.01222e-24  2.10666e-12 -1.43986e-24  4.63305e-13 -2.25509e-25  9.60793e-14 -1.82028e-26  1.87453e-14  3.74484e-27  3.43109e-15  2.31506e-27  5.87091e-16  7.27364e-28  9.34779e-17  1.78644e-28  1.37625e-17  3.76065e-29  1.85626e-18  7.03027e-30  2.25966e-19  1.18793e-30  2.41536e-20  1.83315e-31   2.1308e-21   2.6003e-32  1.25761e-22  3.40501e-33 -2.29144e-24  4.12705e-34 -2.17425e-24   4.6366e-35 -4.24619e-25   4.8301e-36 -6.01895e-26  4.66351e-37 -7.10943e-27  4.16888e-38 -7.31254e-28  3.44534e-39 -6.66938e-29  2.62699e-40 -5.43535e-30  1.84261e-41 -3.96768e-31  1.18431e-42 -2.59198e-32  6.94155e-44 -1.51035e-33   3.6889e-45 -7.80719e-35  1.76481e-46 -3.55258e-36  7.53302e-48 -1.40851e-37  2.83646e-49 -4.80021e-39  9.28597e-51 -1.38108e-40  2.59357e-52 -3.27342e-42  6.02287e-54  -6.1739e-44  1.12066e-55 -8.79654e-46  1.57752e-57 -8.69042e-48  1.51814e-59 -5.04017e-50  7.92977e-62 -1.05932e-52
   0.0030506  2.46829e-16   -0.0298111  1.50076e-16    0.0590056  4.76571e-16   -0.0184857 -3.96059e-16   -0.0226793 -8.07584e-16  -0.00313681 -1.31285e-16   0.00574752  3.57749e-16   0.00507317  2.77263e-16   0.00216417  2.09747e-17  0.000288951 -8.41936e-17 -0.000353526 -5.48866e-17 -0.000377389 -8.55027e-18 -0.000237619     7.51e-18 -0.000116802    5.346e-18 -4.80621e-05  1.59977e-18 -1.68301e-05  4.75803e-19 -4.90826e-06  5.32724e-19 -1.07454e-06  5.66877e-19 -8.59791e-08  4.10416e-19  7.58444e-08   2.2135e-19  5.89203e-08  9.44287e-20  2.86881e-08  3.27317e-20  1.14531e-08  9.20429e-21  4.02287e-09  2.00399e-21  1.27922e-09  2.77023e-22  3.73305e-10 -9.45396e-24  1.00634e-10  -2.0737e-23  2.51224e-11 -7.70861e-24  5.80481e-12 -1.80404e-24  1.23715e-12 -2.41723e-25  2.41451e-13  1.88786e-26  4.25731e-14  2.49666e-26  6.60265e-15   1.0008e-26  8.45678e-16   2.9426e-27  7.16526e-17  7.24295e-28 -2.59021e-18  1.56611e-28  -2.9531e-18  3.04317e-29  -8.5492e-19  5.38014e-30 -1.83244e-19  8.72034e-31 -3.32021e-20  1.30251e-31 -5.31496e-21  1.79924e-32 -7.66443e-22  2.30416e-33  -1.0053e-22  2.73942e-34 -1.20521e-23   3.0249e-35 -1.32346e-24  3.10077e-36  -1.3317e-25  2.94729e-37 -1.22674e-26  2.59322e-38 -1.03251e-27  2.10758e-39 -7.91653e-29  1.57778e-40 -5.50727e-30    1.084e-41 -3.45829e-31  6.80355e-43 -1.94751e-32  3.87925e-44 -9.75436e-34  1.99611e-45 -4.29952e-35  9.19414e-47 -1.64476e-36  3.75239e-48 -5.35813e-38  1.33965e-49 -1.44629e-39  4.11511e-51 -3.09694e-41  1.06399e-52 -4.84702e-43  2.24579e-54 -4.44009e-45  3.69772e-56  3.88716e-48  4.40797e-58  6.84159e-49  3.28838e-60  6.93597e-51  9.91323e-63
-1.76786e-16   0.00100569  1.15952e-16   -0.0279764  4.76571e-16    0.0547466  8.06146e-16  -0.00772848 -4.92145e-16   -0.0242947 -9.57593e-16  -0.00886925 -2.27011e-16   0.00322285  3.55364e-16    0.0055431  2.93872e-16   0.00346873  3.31963e-17   0.00125078 -7.34779e-17  9.16826e-05 -4.91099e-17 -0.000254885 -9.55624e-18 -0.000245579  4.24114e-18 -0.000153231  3.71668e-18 -7.75254e-05  1.90203e-18 -3.40658e-05   1.4868e-18 -1.34174e-05  1.40439e-18  -4.8218e-06  1.08953e-18 -1.59971e-06  6.67743e-19 -4.94566e-07   3.3442e-19 -1.43821e-07  1.41412e-19 -3.97959e-08  5.17803e-20 -1.06415e-08  1.67467e-20 -2.80479e-09  4.87153e-21 -7.43921e-10  1.30345e-21 -2.01355e-10  3.31142e-22 -5.56143e-11   8.3016e-23 -1.54581e-11  2.11821e-23 -4.23729e-12  5.54413e-24 -1.12419e-12  1.46476e-24 -2.84721e-13  3.80021e-25 -6.82298e-14  9.43576e-26 -1.53886e-14  2.20416e-26 -3.25655e-15  4.80452e-27 -6.45454e-16  9.74761e-28 -1.19677e-16  1.84028e-28 -2.07397e-17  3.23379e-29 -3.35635e-18  5.29056e-30  -5.0675e-19  8.06102e-31  -7.1301e-20  1.14425e-31 -9.33642e-21  1.51356e-32 -1.13587e-21  1.86566e-33 -1.28133e-22  2.14211e-34 -1.33695e-23  2.28886e-35 -1.28646e-24  2.27248e-36 -1.13744e-25  2.09222e-37 -9.19935e-27  1.78192e-38 -6.76764e-28  1.39992e-39 -4.49584e-29  1.01097e-40 -2.67088e-30  6.68219e-42 -1.39954e-31  4.02155e-43 -6.33253e-33  2.19017e-44 -2.38312e-34   1.0714e-45 -6.85954e-36  4.66503e-47 -1.10367e-37  1.78749e-48  2.09908e-39   5.9405e-50  2.47355e-40  1.68024e-51  1.10003e-41  3.94203e-53  3.25627e-43  7.39358e-55  6.82007e-45  1.04691e-56  9.75296e-47  1.01149e-58   8.3851e-49  5.29501e-61  2.82719e-51
  0.00228275 -3.31665e-16  -0.00692108 -1.61335e-16   -0.0184857  8.06146e-16    0.0468365  1.04612e-15  0.000438478 -4.75032e-16   -0.0227039 -9.95396e-16   -0.0132033 -2.67615e-16  -0.00024615  3.12084e-16   0.00479509  2.66456e-16   0.00422247    4.022e-17   0.00220727  -5.2557e-17  0.000727508 -3.76103e-17  4.71708e-05 -9.48858e-18 -0.000141962  1.37187e-18 -0.000134675   2.8933e-18 -8.43168e-05  2.99609e-18 -4.34044e-05  2.99563e-18 -1.96724e-05   2.5175e-18 -8.10876e-06  1.71467e-18 -3.09791e-06   9.6805e-19 -1.11094e-06  4.66532e-19 -3.77354e-07  1.96927e-19 -1.22213e-07  7.43824e-20 -3.79159e-08  2.55943e-20 -1.13011e-08     8.15e-21 -3.24022e-09  2.43728e-21 -8.93553e-10  6.93438e-22 -2.36701e-10  1.89372e-22 -6.01052e-11  4.98175e-23 -1.45931e-11  1.26169e-23 -3.37855e-12  3.06707e-24 -7.43849e-13  7.12466e-25 -1.55345e-13  1.57346e-25 -3.06993e-14  3.28878e-26 -5.72799e-15  6.48534e-27 -1.00692e-15  1.20424e-27  -1.6642e-16  2.10276e-28 -2.58059e-17  3.44849e-29 -3.74606e-18  5.30543e-30 -5.07837e-19  7.64852e-31 -6.41179e-20  1.03217e-31 -7.51528e-21  1.30256e-32 -8.14571e-22   1.5355e-33 -8.12447e-23  1.68855e-34 -7.40844e-24  1.72921e-35 -6.12057e-25  1.64557e-36 -4.51918e-26  1.45151e-37  -2.9144e-27   1.1833e-38 -1.56794e-28  8.88533e-40 -6.21441e-30  6.12083e-41 -8.13491e-32  3.84961e-42  1.43265e-32   2.1979e-43  1.78801e-33  1.13141e-44  1.34518e-34    5.208e-46  7.79262e-36    2.122e-47  3.67831e-37  7.55583e-49  1.43435e-38  2.31271e-50  4.59966e-40  5.95301e-52  1.19198e-41  1.24988e-53  2.41799e-43  2.04552e-55  3.63764e-45  2.42214e-57  3.67562e-47  1.79387e-59  1.98312e-49  5.36635e-62
 2.44787e-17    0.0052554 -4.61501e-16   -0.0164407 -3.96059e-16  -0.00772848  1.04612e-15    0.0399271   1.1467e-15   0.00561361 -4.04667e-16   -0.0197106 -9.09369e-16   -0.0158627 -2.57083e-16  -0.00382456  2.41228e-16   0.00310219  2.13449e-16   0.00423717  4.27316e-17   0.00288489 -3.01931e-17   0.00137803 -2.54582e-17  0.000459173 -8.31826e-18  6.30117e-05  4.41644e-19 -5.08558e-05  3.84885e-18 -5.64119e-05  5.15166e-18 -3.65503e-05  4.96783e-18 -1.90759e-05   3.7873e-18 -8.71105e-06  2.38224e-18 -3.60607e-06  1.27773e-18 -1.37906e-06  5.99885e-19 -4.92747e-07   2.5175e-19 -1.65665e-07  9.60221e-20 -5.26423e-08  3.37252e-20 -1.58522e-08  1.10224e-20 -4.52984e-09  3.38078e-21 -1.22884e-09  9.79217e-22 -3.16378e-10  2.68793e-22  -7.7246e-11  7.00208e-23 -1.78654e-11  1.73119e-23 -3.90848e-12  4.05978e-24  -8.0754e-13  9.01946e-25 -1.57291e-13   1.8953e-25 -2.88239e-14  3.76115e-26  -4.9583e-15  7.04015e-27 -7.98552e-16  1.24182e-27 -1.20034e-16  2.06236e-28  -1.6774e-17   3.2215e-29 -2.16813e-18  4.72757e-30 -2.57385e-19  6.50979e-31 -2.77686e-20  8.40005e-32 -2.67593e-21  1.01437e-32 -2.22878e-22  1.14461e-33 -1.48263e-23   1.2048e-34  -5.7417e-25  1.18051e-35  3.08193e-26  1.07414e-36  9.86914e-27  9.05002e-38  1.35511e-27  7.03774e-39   1.4055e-28  5.03241e-40  1.21689e-29  3.29419e-41  9.09342e-31  1.96363e-42   5.9388e-32  1.05923e-43  3.40057e-33  5.13179e-45  1.70334e-34   2.2127e-46  7.41616e-36  8.39469e-48  2.77775e-37  2.76202e-49  8.81805e-39  7.73335e-51  2.32327e-40  1.79582e-52  4.92934e-42  3.33351e-54  8.04842e-44  4.67118e-56  9.38193e-46  4.46622e-58  6.74224e-48  2.31372e-60  1.92561e-50
 0.000281933  6.36226e-17   0.00585177  -6.1819e-16   -0.0226793 -4.92145e-16  0.000438478   1.1467e-15    0.0351881  1.09886e-15   0.00879492 -3.19818e-16   -0.0163966  -7.4513e-16   -0.0171285 -2.24282e-16  -0.00702038  1.58729e-16  0.000844135  1.51641e-16   0.00352841  3.84598e-17   0.00310935 -1.47634e-17   0.00186419 -1.67591e-17  0.000867597 -6.31196e-18  0.000316231  2.01136e-18  8.00284e-05  6.74747e-18  2.82789e-06  8.21365e-18 -1.24422e-05  7.19413e-18 -1.00993e-05  5.06093e-18 -5.60943e-06   3.0018e-18 -2.59746e-06  1.54793e-18 -1.06529e-06  7.09549e-19 -3.97547e-07  2.94012e-19 -1.36929e-07  1.11536e-19 -4.38867e-08  3.91101e-20 -1.31517e-08  1.27694e-20 -3.69504e-09  3.90387e-21 -9.74547e-10  1.12193e-21 -2.41351e-10  3.03802e-22 -5.60936e-11  7.76058e-23 -1.22186e-11  1.87127e-23 -2.48917e-12  4.25986e-24 -4.72806e-13  9.15288e-25 -8.33659e-14  1.85518e-25 -1.35565e-14  3.54497e-26 -2.01256e-15  6.38252e-27 -2.68082e-16  1.08215e-27 -3.09672e-17  1.72669e-28 -2.84859e-18  2.59055e-29 -1.43944e-19  3.65062e-30  1.56181e-20  4.82619e-31  6.30581e-21  5.97753e-32  1.24658e-21  6.92587e-33  1.91716e-22  7.49442e-34  2.51609e-23  7.55914e-35  2.91402e-24   7.0907e-36  3.02267e-25  6.16928e-37   2.8272e-26  4.96342e-38  2.39044e-27  3.67957e-39  1.82682e-28  2.50323e-40  1.25926e-29   1.5552e-41  7.80063e-31  8.77322e-43  4.31954e-32  4.46308e-44  2.12318e-33  2.03055e-45  9.17984e-35  8.17838e-47  3.45071e-36  2.87895e-48  1.11077e-37  8.71274e-50  3.00086e-39  2.21769e-51  6.61936e-41  4.60475e-53  1.14583e-42  7.45354e-55   1.4638e-44  8.73025e-57  1.23917e-46  6.39658e-59  5.45957e-49  1.89343e-61
 9.96535e-17   0.00220144   5.7281e-17    0.0025655 -8.07584e-16   -0.0242947 -4.75032e-16   0.00561361  1.09886e-15    0.0321018  9.38609e-16    0.0108918 -2.35952e-16   -0.0131921 -5.64185e-16   -0.0173736 -1.95145e-16  -0.00961777  7.68353e-17  -0.00163636  8.86984e-17   0.00223272  2.30986e-17   0.00281963 -1.17959e-17   0.00205326 -1.38281e-17   0.00115536 -4.13332e-18  0.000542521  5.50127e-18  0.000218299  1.08956e-17  7.52841e-05  1.16001e-17  2.15557e-05  9.29563e-18  4.53743e-06  6.12536e-18  2.64209e-07  3.46312e-18 -3.76172e-07  1.72488e-18 -2.67541e-07  7.71008e-19 -1.24089e-07   3.1351e-19 -4.72072e-08  1.17129e-19 -1.56845e-08  4.05054e-20 -4.66406e-09  1.30391e-20 -1.25335e-09  3.92393e-21 -3.04679e-10  1.10722e-21 -6.65419e-11  2.93517e-22 -1.28143e-11  7.31935e-23 -2.07848e-12  1.71836e-23 -2.46242e-13  3.79982e-24 -5.47973e-15  7.91523e-25  8.14985e-15  1.55293e-25  3.24954e-15  2.86886e-26  8.74636e-16  4.98885e-27  1.94663e-16  8.16289e-28   3.7999e-17  1.25599e-28  6.66963e-18  1.81585e-29  1.06579e-18  2.46422e-30  1.56094e-19  3.13516e-31  2.10283e-20  3.73436e-32  2.61013e-21  4.15785e-33  2.98637e-22  4.31954e-34  3.14786e-23  4.17844e-35  3.05277e-24  3.75438e-36  2.71818e-25  3.12447e-37  2.21593e-26  2.40049e-38  1.64806e-27  1.69614e-39  1.11329e-28   1.0973e-40   6.7935e-30  6.46546e-42  3.71977e-31  3.44798e-43   1.8125e-32  1.65177e-44  7.77803e-34  7.04313e-46  2.90097e-35  2.64282e-47   9.2419e-37  8.60132e-49  2.45622e-38  2.38254e-50  5.26426e-40  5.47423e-52     8.63e-42  1.00554e-53   9.8441e-44   1.3945e-55  6.23658e-46  1.31973e-57  3.61699e-49  6.76842e-60  -1.2313e-50
-0.000374511  1.71586e-16   0.00485916 -1.77037e-17  -0.00313681 -9.57593e-16   -0.0227039 -4.04667e-16   0.00879492  9.38609e-16    0.0300032  7.33208e-16    0.0124152 -1.58171e-16   -0.0102094 -4.08502e-16   -0.0168932 -1.79665e-16   -0.0115529  1.61103e-18   -0.0040722  2.47267e-17  0.000542448  -6.4769e-18    0.0020526 -2.27761e-17   0.00188375 -1.71217e-17   0.00123649 -2.69495e-18   0.00067163  9.54866e-18  0.000318797  1.50691e-17   0.00013602  1.45016e-17  5.31039e-05  1.08281e-17  1.92235e-05  6.76366e-18  6.52697e-06   3.6687e-18  2.10223e-06  1.76825e-18  6.49955e-07  7.69368e-19   1.9522e-07  3.05628e-19  5.75655e-08  1.11761e-19  1.67748e-08  3.78526e-20   4.8345e-09  1.19302e-20  1.37121e-09  3.51154e-21  3.79463e-10  9.67745e-22  1.01477e-10  2.50167e-22  2.59975e-11  6.07394e-23  6.33683e-12  1.38639e-23  1.46216e-12  2.97662e-24  3.18234e-13  6.01305e-25  6.51684e-14  1.14289e-25  1.25335e-14   2.0436e-26  2.26066e-15   3.4369e-27  3.81936e-16  5.43437e-28  6.03719e-17  8.07414e-29  8.91744e-18  1.12631e-29  1.22921e-18  1.47364e-30  1.57882e-19  1.80614e-31   1.8862e-20   2.0707e-32   2.0917e-21  2.21699e-33  2.14785e-22  2.21237e-34  2.03634e-23   2.0532e-35  1.77641e-24  1.76743e-36  1.41999e-25  1.40694e-37  1.03489e-26  1.03205e-38  6.83393e-28  6.94759e-40  4.05683e-29  4.27147e-41  2.14272e-30  2.38475e-42  9.92773e-32  1.20075e-43  3.95129e-33  5.40757e-45  1.30477e-34  2.15608e-46  3.33164e-36  7.51418e-48  5.30781e-38  2.25161e-49 -1.83495e-40  5.67508e-51  -4.4895e-41  1.16695e-52 -1.61898e-42  1.87079e-54 -3.40813e-44  2.17047e-56  -4.3789e-46  1.57544e-58  -2.8609e-48  4.62095e-61
-8.51727e-18 -1.32913e-05  2.47357e-16   0.00639244 -1.31285e-16  -0.00886925 -9.95396e-16   -0.0197106 -3.19818e-16    0.0108918  7.33208e-16    0.0284999  5.47055e-16    0.0136213 -8.77615e-17  -0.00744566 -2.90725e-16    -0.015887 -1.75447e-16   -0.0128268 -6.61065e-17  -0.00626303 -4.22061e-17  -0.00133079 -4.94567e-17  0.000920476 -4.52049e-17   0.00137177 -2.55216e-17   0.00107841 -2.78827e-18  0.000661562  1.26456e-17  0.000348337  1.80225e-17  0.000164077  1.61833e-17  7.07564e-05  1.14408e-17   2.8356e-05  6.83465e-18  1.06716e-05  3.57189e-18  3.80016e-06  1.66757e-18  1.28738e-06  7.05281e-19  4.16372e-07  2.72912e-19  1.28818e-07  9.73159e-20  3.81457e-08  3.21506e-20  1.08058e-08  9.88203e-21  2.92449e-09  2.83485e-21  7.54819e-10  7.60792e-22  1.85418e-10  1.91342e-22  4.32589e-11  4.51576e-23  9.56602e-12  1.00101e-23  2.00119e-12  2.08541e-24  3.95331e-13  4.08437e-25   7.3622e-14  7.52089e-26  1.29034e-14  1.30193e-26  2.12487e-15  2.11827e-27  3.28201e-16    3.238e-28  4.74602e-17  4.64746e-29  6.41242e-18    6.258e-30  8.07645e-19  7.89717e-31  9.45741e-20  9.32743e-32  1.02638e-20  1.02955e-32  1.02842e-21  1.06014e-33  9.46828e-23  1.01628e-34  7.96023e-24  9.04819e-36  6.06014e-25  7.46089e-37  4.12731e-26  5.67918e-38   2.4667e-27  3.97559e-39  1.24898e-28  2.54807e-40  4.93837e-30  1.48743e-41  1.11028e-31  7.85897e-43 -3.28052e-33  3.73018e-44 -5.72641e-34  1.57597e-45 -4.07465e-35  5.85964e-47 -2.07644e-36  1.88981e-48 -8.27772e-38  5.18767e-50 -2.62469e-39  1.18132e-51 -6.54001e-41  2.15074e-53 -1.23637e-42  2.95659e-55 -1.65629e-44  2.77393e-57 -1.36461e-46  1.41065e-59 -4.47691e-49
-0.000312491  3.55194e-17   0.00145278  3.17069e-16   0.00574752 -2.27011e-16   -0.0132033 -9.09369e-16   -0.0163966 -2.35952e-16    0.0124152  5.47055e-16    0.0274007  4.16035e-16    0.0146509 -2.28512e-17  -0.00486028 -2.03638e-16   -0.0144782 -1.76271e-16   -0.0134589  -1.2747e-16  -0.00805506 -1.11317e-16  -0.00317376 -1.00389e-16 -0.000411742 -7.36836e-17  0.000603736 -3.67978e-17  0.000708875 -4.70858e-18  0.000511308  1.37382e-17  0.000297559  1.89447e-17  0.000150871  1.62496e-17  6.89801e-05  1.10083e-17  2.89848e-05  6.33052e-18  1.13243e-05  3.19741e-18  4.14503e-06  1.44696e-18  1.42844e-06   5.9439e-19  4.64915e-07  2.23657e-19  1.43175e-07   7.7598e-20  4.17566e-08  2.49479e-20  1.15355e-08  7.46103e-21  3.01766e-09  2.08171e-21  7.47039e-10  5.43085e-22  1.74849e-10  1.32701e-22  3.86507e-11  3.04087e-23  8.05926e-12    6.541e-24    1.583e-12  1.32151e-24  2.92456e-13  2.50846e-25  5.07331e-14  4.47398e-26  8.24773e-15  7.49707e-27  1.25372e-15  1.18003e-27   1.7771e-16  1.74385e-28  2.34095e-17    2.418e-29  2.85338e-18  3.14305e-30  3.19941e-19  3.82563e-31   3.2727e-20  4.35429e-32  3.01504e-21  4.62696e-33  2.44709e-22  4.58163e-34  1.67289e-23  4.21828e-35  8.51146e-25  3.60186e-36   1.4282e-26  2.84374e-37  -3.4171e-27  2.06874e-38   -5.717e-28  1.38103e-39 -5.90193e-29  8.41958e-41 -4.81071e-30  4.66115e-42 -3.29228e-31  2.32725e-43  -1.9313e-32  1.03931e-44 -9.76248e-34  4.10934e-46 -4.23947e-35  1.42028e-47 -1.56709e-36  4.22082e-49 -4.85509e-38  1.05516e-50 -1.23163e-39  2.15217e-52 -2.46973e-41   3.4227e-54 -3.70115e-43  3.93979e-56 -3.74936e-45  2.83779e-58 -2.03957e-47  8.26246e-61
-2.09651e-17 -0.000561399  1.19258e-16   0.00348402  3.57749e-16   0.00322285 -2.67615e-16   -0.0158627  -7.4513e-16   -0.0131921 -1.58171e-16    0.0136213  4.16035e-16    0.0266101  3.46862e-16    0.0155953  4.14018e-17  -0.00239853  -1.3393e-16   -0.0127337 -1.77103e-16   -0.0134648 -1.82164e-16  -0.00932469 -1.77379e-16  -0.00478222 -1.50602e-16  -0.00174957 -1.01608e-16 -0.000282528 -4.82028e-17  0.000207291 -8.09116e-18  0.000259693  1.25524e-17  0.000182979  1.76912e-17  0.000102641   1.4759e-17  4.99241e-05  9.66997e-18  2.18197e-05  5.37978e-18  8.72958e-06   2.6324e-18  3.23186e-06   1.1556e-18  1.11466e-06  4.60927e-19  3.59663e-07    1.685e-19  1.08856e-07  5.68122e-20  3.09506e-08  1.77509e-20  8.27274e-09   5.1584e-21  2.07891e-09  1.39812e-21  4.90961e-10  3.54195e-22  1.08872e-10  8.40088e-23  2.26399e-11  1.86783e-23    4.407e-12  3.89645e-24  8.01071e-13  7.63077e-25   1.3553e-13  1.40333e-25  2.12456e-14  2.42368e-26  3.06554e-15  3.93064e-27  4.03034e-16   5.9841e-28  4.74558e-17  8.54811e-29  4.83914e-18   1.1449e-29   3.9329e-19  1.43641e-30  1.79162e-20  1.68607e-31 -1.52313e-21  1.84898e-32 -5.57266e-22  1.89103e-33 -9.60275e-23  1.80013e-34 -1.27561e-23  1.59119e-35 -1.43618e-24  1.30243e-36 -1.41725e-25  9.84024e-38 -1.24335e-26   6.8366e-39  -9.7534e-28  4.34852e-40 -6.84954e-29   2.5191e-41 -4.29864e-30  1.32084e-42 -2.40079e-31  6.22159e-44 -1.18559e-32   2.6087e-45 -5.13116e-34  9.62681e-47 -1.92326e-35  3.08177e-48 -6.14496e-37  8.39789e-50 -1.63794e-38   1.8986e-51 -3.53333e-40  3.43232e-53 -5.89461e-42  4.68594e-55 -7.05759e-44  4.36728e-57 -5.23972e-46    2.207e-59 -1.55652e-48
-0.000136106 -2.60551e-17 -0.000275894  2.12177e-16   0.00507317  3.55364e-16  -0.00024615 -2.57083e-16   -0.0171285 -5.64185e-16   -0.0102094 -8.77615e-17    0.0146509  3.46862e-16    0.0260785  3.31277e-16    0.0165236  1.10631e-16  1.00076e-06 -7.10369e-17   -0.0106806 -1.74576e-16   -0.0128506 -2.26741e-16  -0.00997207 -2.32048e-16  -0.00597325 -1.90847e-16  -0.00289604 -1.22943e-16  -0.00112641  -5.7121e-17 -0.000317353 -1.20319e-17 -2.85776e-05  9.57385e-18  3.92871e-05  1.47392e-17  3.65513e-05  1.21576e-17  2.15465e-05  7.76419e-18   1.0352e-05  4.19642e-18  4.34466e-06  1.99356e-18  1.64035e-06  8.49721e-19  5.65554e-07  3.29127e-19  1.79546e-07  1.16853e-19  5.27278e-08  3.82652e-20  1.43554e-08   1.1611e-20  3.62466e-09  3.27625e-21  8.47659e-10  8.62009e-22  1.83004e-10  2.11927e-22  3.62569e-11  4.87648e-23  6.52273e-12  1.05148e-23  1.04484e-12  2.12641e-24  1.42902e-13   4.0353e-25  1.48296e-14  7.18788e-26  5.48557e-16  1.20182e-26 -2.45407e-16  1.88592e-27 -8.97427e-17  2.77656e-28 -2.05389e-17   3.8331e-29 -3.81858e-18  4.95808e-30 -6.17372e-19  6.00276e-31 -8.92044e-20   6.7936e-32 -1.16705e-20  7.17608e-33 -1.39166e-21  7.06179e-34 -1.51735e-22  6.46022e-35  -1.5143e-23  5.48008e-36 -1.38267e-24  4.29782e-37 -1.15325e-25  3.10548e-38 -8.76372e-27  2.05906e-39 -6.04572e-28   1.2468e-40 -3.76854e-29  6.85563e-42 -2.11014e-30  3.39994e-43 -1.05362e-31   1.5083e-44 -4.64851e-33  5.92496e-46 -1.79144e-34  2.03481e-47 -5.94206e-36   6.0099e-49 -1.66375e-37  1.49349e-50 -3.82979e-39   3.0289e-52 -6.97811e-41  4.79101e-54 -9.49056e-43  5.48698e-56 -8.69053e-45  3.93413e-58 -4.24212e-47  1.14102e-60
-9.01801e-18 -0.000409275  -1.5856e-17  0.000736737  2.77263e-16    0.0055431  3.12084e-16  -0.00382456 -2.24282e-16   -0.0173736 -4.08502e-16  -0.00744566 -2.28512e-17    0.0155953  3.31277e-16    0.0257837  3.58161e-16    0.0174958  1.87936e-16   0.00240284 -9.74102e-18  -0.00832049 -1.65762e-16   -0.0116181 -2.55456e-16  -0.00992637 -2.66888e-16  -0.00660367 -2.13959e-16  -0.00368281 -1.33601e-16  -0.00177907 -6.16372e-17 -0.000756166 -1.54139e-17 -0.000284284  5.75973e-18 -9.41596e-05  1.09333e-17 -2.70142e-05  9.08369e-18 -6.42203e-06  5.69848e-18 -1.10407e-06  3.00431e-18 -4.59099e-08  1.38872e-18  6.08472e-08  5.75363e-19  3.11782e-08   2.1652e-19  9.36668e-09  7.46662e-20  1.69911e-09  2.37434e-20 -4.79297e-11  6.99481e-21 -2.00022e-10  1.91581e-21 -1.06939e-10  4.89151e-22 -4.06765e-11  1.16669e-22 -1.28769e-11  2.60364e-23 -3.57628e-12  5.44304e-24 -8.92975e-13  1.06684e-24 -2.03162e-13   1.9614e-25 -4.24527e-14  3.38332e-26 -8.18838e-15   5.4756e-27 -1.46249e-15  8.31277e-28 -2.42343e-16  1.18335e-28 -3.72966e-17  1.57857e-29  -5.3331e-18  1.97166e-30 -7.08417e-19  2.30318e-31 -8.73609e-20  2.51278e-32 -9.99054e-21  2.55618e-33 -1.05789e-21  2.41984e-34 -1.03518e-22  2.12685e-35 -9.33779e-24  1.73088e-36 -7.74169e-25  1.30017e-37 -5.87806e-26  8.98091e-39 -4.06984e-27  5.67977e-40 -2.55647e-28   3.2718e-41 -1.44794e-29  1.70612e-42 -7.33957e-31  7.99402e-44  -3.2995e-32  3.33504e-45 -1.30069e-33   1.2249e-46 -4.43235e-35  3.90403e-48 -1.28166e-36  1.05962e-49  -3.0676e-38   2.3871e-51 -5.86915e-40  4.30231e-53  -8.5217e-42  5.85917e-55 -8.62143e-44  5.45093e-57 -5.15103e-46  2.75214e-59 -1.12563e-48
-3.13504e-05 -3.15275e-17 -0.000587494  3.08151e-18   0.00216417  2.93872e-16   0.00479509  2.41228e-16  -0.00702038 -1.95145e-16   -0.0168932 -2.90725e-16  -0.00486028  4.14018e-17    0.0165236  3.58161e-16    0.0257235  4.16924e-16    0.0185673  2.71649e-16   0.00486882  5.09744e-17   -0.0056478 -1.47632e-16  -0.00978146 -2.62743e-16  -0.00916167 -2.76393e-16  -0.00659319 -2.16594e-16  -0.00400124 -1.32103e-16  -0.00213647 -6.08887e-17  -0.00102891 -1.72881e-17 -0.000454626  2.14064e-18  -0.00018675  7.15511e-18 -7.21151e-05  6.14337e-18 -2.64338e-05  3.81986e-18 -9.27375e-06  1.97318e-18 -3.13398e-06   8.8968e-19 -1.02424e-06  3.58802e-19 -3.24113e-07  1.31289e-19 -9.91718e-08  4.39936e-20 -2.92465e-08  1.35879e-20 -8.27806e-09  3.88664e-21   -2.239e-09  1.03325e-21 -5.76388e-10   2.5599e-22 -1.40749e-10  5.92291e-23 -3.25129e-11  1.28184e-23 -7.08937e-12  2.59795e-24 -1.45663e-12  4.93483e-25  -2.8162e-13  8.78942e-26 -5.11698e-14  1.46818e-26 -8.72777e-15  2.29992e-27 -1.39585e-15  3.37796e-28 -2.09079e-16  4.64955e-29 -2.92924e-17  5.99355e-30 -3.83308e-18  7.22886e-31 -4.67712e-19  8.14796e-32 -5.31167e-20     8.57e-33 -5.60228e-21  8.39649e-34 -5.47382e-22    7.647e-35 -4.94013e-23  6.45791e-36 -4.10418e-24  5.04246e-37 -3.12615e-25    3.628e-38 -2.17284e-26   2.3957e-39 -1.37028e-27  1.44509e-40 -7.78709e-29  7.91806e-42 -3.95421e-30   3.9146e-43 -1.77528e-31    1.732e-44 -6.95149e-33  6.78931e-46 -2.33115e-34  2.32814e-47 -6.52462e-36  6.87053e-49 -1.46502e-37  1.70723e-50 -2.46023e-39  3.46494e-52 -2.61798e-41  5.48972e-54 -6.39148e-44  6.30381e-56  2.58762e-45  4.53707e-58  3.16251e-47   1.3229e-60
-5.14369e-18 -0.000181492 -5.87508e-17 -0.000381705  2.09747e-17   0.00346873  2.66456e-16   0.00310219  1.58729e-16  -0.00961777 -1.79665e-16    -0.015887 -2.03638e-16  -0.00239853  1.10631e-16    0.0174958  4.16924e-16    0.0259087  4.95805e-16    0.0197867  3.55714e-16   0.00744646  1.10137e-16  -0.00267245 -1.17702e-16  -0.00739047 -2.45794e-16  -0.00771786 -2.59743e-16  -0.00594581 -1.99638e-16  -0.00382552   -1.195e-16  -0.00216176 -5.51353e-17   -0.0011026 -1.71622e-17 -0.000516439 -5.21732e-19 -0.000224791  4.05516e-18 -9.17089e-05  3.74801e-18 -3.52847e-05  2.33638e-18 -1.28576e-05  1.18867e-18 -4.44946e-06  5.24297e-19 -1.46439e-06  2.06181e-19 -4.58555e-07  7.34382e-20 -1.36577e-07  2.39293e-20 -3.86595e-08  7.18202e-21 -1.03884e-08   1.9953e-21 -2.64674e-09  5.14994e-22 -6.38541e-10  1.23832e-22 -1.45691e-10  2.77987e-23 -3.13987e-11  5.83541e-24 -6.38441e-12  1.14679e-24 -1.22337e-12  2.11153e-25 -2.20658e-13   3.6442e-26  -3.7419e-14   5.8962e-27 -5.95835e-15  8.94282e-28 -8.89668e-16  1.27112e-28 -1.24377e-16  1.69235e-29 -1.62528e-17  2.10894e-30 -1.98127e-18  2.45739e-31 -2.24815e-19  2.67402e-32 -2.36833e-20  2.71305e-33 -2.30927e-21  2.56176e-34 -2.07659e-22  2.24618e-35 -1.71464e-23  1.82405e-36 -1.29305e-24  1.36765e-37 -8.84586e-26  9.43371e-39 -5.44164e-27  5.96075e-40 -2.97415e-28  3.43262e-41   -1.419e-29  1.79068e-42 -5.74215e-31  8.40011e-44 -1.86271e-32  3.51171e-45 -4.14676e-34  1.29372e-46 -1.52264e-36  4.14035e-48  3.90368e-37  1.12968e-49  2.21517e-38  2.56146e-51  7.38061e-40   4.6525e-53  1.68696e-41  6.39407e-55  2.60481e-43  6.01178e-57  2.40959e-45  3.07262e-59  8.73939e-48
 5.56842e-06 -1.90795e-17 -0.000396229 -7.90228e-17  0.000288951  3.31963e-17   0.00422247  2.13449e-16  0.000844135  7.68353e-17   -0.0115529 -1.75447e-16   -0.0144782  -1.3393e-16  1.00076e-06  1.87936e-16    0.0185673  4.95805e-16    0.0263557  5.80906e-16    0.0211863  4.32312e-16    0.0101506  1.66469e-16  0.000553845  -7.5213e-17  -0.00455457 -2.06018e-16  -0.00571679 -2.20895e-16  -0.00475953 -1.67451e-16  -0.00321894 -9.87372e-17  -0.00188987 -4.55682e-17 -0.000994574 -1.51087e-17 -0.000477963 -1.91017e-18 -0.000212261  1.92896e-18 -8.78097e-05  2.05954e-18 -3.40247e-05  1.30562e-18  -1.2395e-05  6.58055e-19 -4.25565e-06  2.84823e-19 -1.37915e-06  1.09429e-19 -4.22228e-07    3.799e-20 -1.22155e-07  1.20487e-20 -3.33954e-08  3.51665e-21 -8.62486e-09  9.49495e-22 -2.10329e-09   2.3806e-22 -4.84025e-10  5.55847e-23 -1.05037e-10   1.2113e-23 -2.14769e-11  2.46765e-24 -4.13382e-12  4.70504e-25 -7.48221e-13   8.4028e-26 -1.27202e-13  1.40621e-26 -2.02838e-14  2.20549e-27 -3.02911e-15  3.24152e-28 -4.22854e-16  4.46318e-29 -5.50579e-17  5.75384e-30 -6.66894e-18  6.93975e-31 -7.49015e-19  7.82248e-32 -7.76874e-20  8.22952e-33 -7.40193e-21  8.06715e-34 -6.43252e-22    7.354e-35 -5.04709e-23  6.21965e-36  -3.5195e-24  4.86676e-37  -2.1219e-25  3.51171e-38 -1.04296e-26  2.32765e-39 -3.48161e-28  1.41072e-40  7.11082e-31  7.77495e-42  1.28327e-30  3.87094e-43  1.26956e-31  1.72699e-44  8.47117e-33  6.83557e-46  4.43261e-34  2.37024e-47  1.88781e-35  7.08364e-49  6.57192e-37  1.78526e-50  1.84538e-38  3.68057e-52  4.05835e-40  5.93249e-54  6.63275e-42  6.94081e-56  7.30487e-44  5.09749e-58  4.31443e-46  1.51902e-60
-5.01844e-19 -4.99741e-05  -3.7157e-17 -0.000505673 -8.41936e-17   0.00125078    4.022e-17   0.00423717  1.51641e-16  -0.00163636  1.61103e-18   -0.0128268 -1.76271e-16   -0.0127337 -7.10369e-17   0.00240284  2.71649e-16    0.0197867  5.80906e-16    0.0270713  6.58169e-16    0.0227636  4.94981e-16    0.0129413  2.18998e-16   0.00391476 -2.20053e-17  -0.00145697 -1.48988e-16  -0.00336287 -1.67316e-16  -0.00321599 -1.26412e-16  -0.00231866 -7.37163e-17  -0.00141243  -3.3937e-17 -0.000760396 -1.16776e-17 -0.000370306  -2.1354e-18   -0.0001654  7.44444e-19 -6.83626e-05  1.03145e-18 -2.63024e-05  6.73601e-19 -9.45861e-06  3.37773e-19 -3.18797e-06  1.43773e-19 -1.00893e-06   5.4042e-20 -3.00177e-07  1.83062e-20 -8.40161e-08  5.65624e-21 -2.21282e-08  1.60679e-21 -5.48435e-09  4.21977e-22 -1.27874e-09  1.02863e-22 -2.80348e-10  2.33436e-23 -5.77497e-11  4.94321e-24 -1.11664e-11  9.78388e-25  -2.0241e-12  1.81215e-25 -3.43408e-13  3.14339e-26 -5.44193e-14  5.10862e-27 -8.03365e-15   7.7799e-28 -1.10098e-15  1.11011e-28 -1.39416e-16  1.48366e-29 -1.62037e-17  1.85624e-30 -1.71129e-18  2.17222e-31 -1.61531e-19  2.37499e-32 -1.32098e-20  2.42269e-33 -8.69878e-22  2.30175e-34 -3.50072e-23  2.03255e-35  1.30591e-24  1.66404e-36  4.80789e-25  1.25933e-37  6.55196e-26  8.77875e-39  6.63614e-27  5.61344e-40  5.57299e-28   3.2761e-41  4.01964e-29  1.73462e-42  2.52158e-30  8.27175e-44  1.37916e-31  3.52072e-45  6.55302e-33  1.32259e-46  2.68207e-34  4.32255e-48  9.32918e-36  1.20612e-49  2.70377e-37  2.80044e-51  6.34272e-39  5.21472e-53  1.15232e-40  7.35464e-55  1.50627e-42  7.10202e-57  1.22545e-44  3.73039e-59  4.00899e-47
 1.09471e-05 -1.92215e-18 -0.000180992 -5.09275e-17 -0.000353526 -7.34779e-17   0.00220727  4.27316e-17   0.00352841  8.86984e-17   -0.0040722 -6.61065e-17   -0.0134589 -1.77103e-16   -0.0106806 -9.74102e-18   0.00486882  3.55714e-16    0.0211863  6.58169e-16    0.0280328  7.16792e-16    0.0244603  5.40447e-16    0.0157055  2.66748e-16   0.00722008  3.73793e-17   0.00165133 -8.31415e-17 -0.000920776 -1.08008e-16  -0.00154804 -8.32995e-17  -0.00130167 -4.83623e-17 -0.000848577  -2.2102e-17 -0.000472393 -7.66936e-18 -0.000233521 -1.58094e-18 -0.000104604  2.65347e-19 -4.29692e-05  4.99911e-19 -1.63097e-05  3.32775e-19 -5.74901e-06  1.65148e-19 -1.88827e-06   6.8949e-20 -5.79198e-07  2.53244e-20 -1.66146e-07  8.36659e-21 -4.46039e-08  2.51874e-21 -1.12088e-08  6.96749e-22 -2.63581e-09  1.78128e-22 -5.79521e-10   4.2263e-23  -1.1896e-10  9.33506e-24 -2.27488e-11  1.92407e-24 -4.03973e-12  3.70702e-25 -6.63003e-13  6.68436e-26 -9.98369e-14  1.12892e-26 -1.36311e-14   1.7866e-27 -1.65187e-15  2.64979e-28 -1.69835e-16  3.68272e-29 -1.30193e-17  4.79454e-30 -2.89399e-19  5.84365e-31  1.40027e-19  6.66189e-32  3.64151e-20  7.09532e-33  6.10177e-21  7.04943e-34  8.30563e-22  6.52133e-35  9.77553e-23  5.60454e-36  1.01963e-23  4.46259e-37  9.52851e-25  3.28148e-38  8.01374e-26  2.21976e-39  6.07053e-27  1.37496e-40  4.13487e-28  7.75558e-42    2.523e-29  3.95699e-43  1.37128e-30  1.81127e-44  6.58728e-32  7.36319e-46  2.76806e-33  2.62455e-47  1.00373e-34  8.06822e-49  3.08398e-36  2.09254e-50  7.82935e-38   4.4404e-52  1.58358e-39  7.36654e-54  2.41071e-41  8.86799e-56  2.49715e-43  6.69737e-58  1.39783e-45  2.05038e-60
 2.33118e-18 -4.84425e-07 -4.21974e-18 -0.000325957 -5.48866e-17  9.16826e-05  -5.2557e-17   0.00288489  3.84598e-17   0.00223272  2.47267e-17  -0.00626303  -1.2747e-16   -0.0134648 -1.74576e-16  -0.00832049  5.09744e-17   0.00744646  4.32312e-16    0.0227636  7.16792e-16    0.0291655  7.51482e-16    0.0261458  5.68495e-16    0.0182543  3.08086e-16    0.0102193  9.64422e-17   0.00448269  -1.7825e-17   0.00132832 -5.15117e-17  7.92374e-06 -4.39151e-17 -0.000341866 -2.58708e-17 -0.000312009 -1.16281e-17 -0.000197426  -3.8693e-18 -0.000103308 -7.03277e-19 -4.72962e-05  1.95325e-19 -1.94358e-05  2.75057e-19 -7.26819e-06  1.71849e-19 -2.49318e-06  8.18372e-20 -7.88125e-07  3.30102e-20 -2.30144e-07  1.17501e-20  -6.2122e-08  3.76875e-21 -1.54838e-08  1.10278e-21 -3.55272e-09  2.96769e-22 -7.45957e-10  7.38634e-23 -1.41775e-10  1.70727e-23 -2.38852e-11  3.67597e-24 -3.40567e-12  7.39011e-25 -3.58004e-13  1.38956e-25 -8.51093e-15  2.44663e-26  8.58806e-15  4.03689e-27   3.0585e-15   6.2443e-28  7.25557e-16  9.05572e-29  1.41786e-16   1.2311e-29  2.42438e-17  1.56821e-30  3.71956e-18  1.87048e-31   5.1839e-19  2.08688e-32  6.60515e-20  2.17494e-33  7.71913e-21  2.11381e-34  8.28422e-22  1.91179e-35  8.16341e-23  1.60496e-36  7.37736e-24  1.24685e-37  6.10104e-25  8.93113e-39  4.60312e-26  5.87292e-40  3.15582e-27    3.527e-41  1.95608e-28  1.92248e-42  1.08928e-29  9.43959e-44  5.40715e-31  4.13688e-45  2.36923e-32   1.5997e-46  9.04971e-34  5.37915e-48  2.96492e-35  1.54318e-49    8.153e-37   3.6805e-51  1.82542e-38  7.03216e-53  3.18057e-40  1.01635e-54  4.00349e-42  1.00425e-56  3.14714e-44  5.38815e-59  9.97715e-47
 7.50683e-06  5.75193e-18 -5.85591e-05 -6.65048e-18 -0.000377389 -4.91099e-17  0.000727508 -3.01931e-17   0.00310935  2.30986e-17  0.000542448 -4.22061e-17  -0.00805506 -1.82164e-16   -0.0128506 -1.65762e-16   -0.0056478  1.10137e-16    0.0101506  4.94981e-16    0.0244603  7.51482e-16    0.0303248  7.62202e-16    0.0276166  5.80468e-16     0.020343  3.40388e-16    0.0126412  1.48098e-16   0.00676413  3.86751e-17   0.00314105 -4.35915e-18   0.00126077 -1.22154e-17  0.000427933 -8.26385e-18  0.000114964 -3.51455e-18  1.86766e-05 -8.40276e-19 -2.72856e-06  1.27498e-19 -4.00849e-06  2.84833e-19 -2.13903e-06  2.01321e-19 -8.33106e-07  1.04318e-19 -2.59583e-07  4.50856e-20  -6.3856e-08  1.70495e-20 -1.05613e-08  5.77796e-21  1.45125e-10  1.77967e-21  1.03079e-09  5.02779e-22   5.4202e-10  1.31113e-22  2.02348e-10  3.17077e-23  6.30591e-11  7.13595e-24  1.72918e-11  1.49856e-24  4.27368e-12   2.9425e-25  9.64398e-13  5.41025e-26  2.00234e-13  9.32408e-27  3.84345e-14  1.50706e-27  6.84104e-15  2.28503e-28  1.13121e-15  3.24983e-29  1.73949e-16  4.33394e-30  2.48841e-17   5.4161e-31   3.3111e-18  6.33672e-32  4.09541e-19  6.93209e-33  4.70368e-20  7.07915e-34  5.00895e-21   6.7351e-35  4.93614e-22  5.95523e-36  4.49078e-23  4.87956e-37  3.76083e-24  3.69226e-38  2.88902e-25  2.56955e-39  2.02722e-26   1.6367e-40  1.29285e-27  9.48698e-42  7.44839e-29  4.96972e-43  3.84813e-30  2.33315e-44  1.76682e-31  9.71592e-46  7.12852e-33  3.54275e-47  2.49136e-34  1.11249e-48  7.40172e-36  2.94275e-50  1.82204e-37  6.35882e-52  3.58204e-39  1.07247e-53  5.31136e-41  1.31037e-55  5.36883e-43  1.00265e-57  2.93749e-45   3.1038e-60
 1.90932e-18  9.90503e-06  8.66053e-18 -0.000154452 -8.55027e-18 -0.000254885 -3.76103e-17   0.00137803 -1.47634e-17   0.00281963  -6.4769e-18  -0.00133079 -1.11317e-16  -0.00932469 -2.26741e-16   -0.0116181 -1.47632e-16  -0.00267245  1.66469e-16    0.0129413  5.40447e-16    0.0261458  7.62202e-16    0.0312965  7.52004e-16    0.0286202  5.77648e-16    0.0217177  3.60402e-16    0.0142506  1.86269e-16   0.00829413  8.06282e-17   0.00435972  2.97462e-17   0.00209954  9.99491e-18  0.000938036  3.71561e-18  0.000393394  1.88778e-18  0.000156588  1.16732e-18   5.9748e-05  7.03267e-19  2.20231e-05  3.78432e-19  7.87657e-06  1.79864e-19  2.73489e-06  7.61433e-20   9.1933e-07  2.90231e-20   2.9772e-07  1.00543e-20  9.23705e-08  3.18946e-21  2.73147e-08  9.31975e-22  7.66552e-09   2.5202e-22  2.03499e-09  6.33017e-23  5.09845e-10  1.48126e-23  1.20352e-10   3.2368e-24  2.67364e-11  6.61745e-25  5.58483e-12  1.26757e-25  1.09617e-12  2.27713e-26   2.0204e-13  3.83875e-27   3.4947e-14  6.07401e-28  5.66887e-15  9.01999e-29  8.61676e-16  1.25668e-29  1.22614e-16  1.64154e-30  1.63153e-17  2.00856e-31  2.02734e-18  2.29925e-32  2.34886e-19  2.45855e-33  2.53268e-20  2.45089e-34  2.53606e-21  2.27258e-35  2.35236e-22  1.95466e-36  2.01526e-23  1.55443e-37  1.58908e-24  1.13858e-38  1.14868e-25  7.64711e-40  7.57558e-27  4.68454e-41  4.53254e-28  2.60093e-42   2.4436e-29  1.29892e-43  1.17734e-30  5.78109e-45   5.0183e-32  2.26681e-46  1.86832e-33  7.71743e-48  5.97659e-35  2.23828e-49  1.60713e-36  5.38914e-51  3.52365e-38  1.03806e-52  6.01965e-40  1.51051e-54  7.43755e-42  1.50072e-56   5.7448e-44  8.08475e-59  1.79117e-46
