   0.0226816  1.62676e-18   -0.0348683 -2.21253e-18  -0.00544763 -1.54154e-17   0.00263742   4.0664e-18   0.00186181  5.18753e-18  0.000620063  -1.2905e-18  0.000137656 -4.60899e-19  2.15551e-05  1.90875e-19   2.3162e-06  4.90506e-20  1.51318e-07 -3.23676e-22  3.92302e-09
 1.62676e-18    0.0748436   1.0671e-17   -0.0500137 -1.08495e-17   -0.0238504  -3.4432e-17  -0.00345543  4.48326e-18   0.00089292  6.09067e-18   0.00061539 -2.35294e-18  0.000169818 -6.13686e-19  2.81539e-05  2.04624e-19  2.80644e-06   3.8136e-20   1.3892e-07   -1.659e-21
  -0.0348683   1.0671e-17     0.117352  3.32588e-17    -0.033149 -2.27527e-17    -0.035566 -4.59702e-17   -0.0127481  2.76594e-18  -0.00258195  2.25947e-18 -0.000272689 -3.49179e-18  4.32253e-07 -6.39172e-19  4.05849e-06  1.23587e-19  4.57335e-07  8.55518e-21  1.44271e-08
-2.21253e-18   -0.0500137  3.32588e-17     0.124648  6.39962e-17  -0.00137247 -2.68988e-17   -0.0307555 -3.97343e-17   -0.0163725  7.59363e-19  -0.00494786  -3.1139e-18  -0.00100615 -3.99035e-18 -0.000141019 -5.50851e-19 -1.28715e-05  2.60046e-20  -6.2256e-07 -4.35879e-21
 -0.00544763 -1.08495e-17    -0.033149  6.39962e-17     0.112741  8.61417e-17    0.0272947 -1.61405e-17   -0.0140235 -2.00498e-17    -0.011762 -1.16935e-18  -0.00417401 -6.49302e-18 -0.000905964 -3.43043e-18 -0.000124043 -3.92017e-19 -9.67904e-06 -2.03327e-20  -2.8402e-07
-1.54154e-17   -0.0238504 -2.27527e-17  -0.00137247  8.61417e-17     0.102973  8.89153e-17    0.0483527  4.12866e-18   0.00537779 -1.35227e-18  -0.00316171 -3.35786e-18  -0.00162604 -6.80681e-18 -0.000365402 -2.25776e-18 -4.44701e-05 -2.30013e-19 -2.53581e-06 -1.69471e-20
  0.00263742  -3.4432e-17    -0.035566 -2.68988e-17    0.0272947  8.89153e-17    0.0998082  7.72886e-17    0.0611027   2.1021e-17    0.0193987  6.47201e-18   0.00364931 -5.07167e-18  0.000389692  -5.0774e-18  1.76128e-05 -1.16351e-18 -2.88155e-07  -1.0534e-19 -2.82746e-08
  4.0664e-18  -0.00345543 -4.59702e-17   -0.0307555 -1.61405e-17    0.0483527  7.72886e-17    0.0970582   6.1735e-17    0.0632209  2.57359e-17    0.0238691  4.77474e-18    0.0059429 -5.18114e-18  0.000996112 -2.89329e-18  0.000106062 -4.73581e-19  5.82969e-06 -3.17579e-20
  0.00186181  4.48326e-18   -0.0127481 -3.97343e-17   -0.0140235  4.12866e-18    0.0611027   6.1735e-17    0.0877005  4.64409e-17    0.0541455  1.94704e-17    0.0200058  4.96606e-19   0.00478015 -3.78496e-18  0.000726958 -1.27882e-18  6.27929e-05 -1.47925e-19  2.02644e-06
 5.18753e-18   0.00089292  2.76594e-18   -0.0163725 -2.00498e-17   0.00537779   2.1021e-17    0.0632209  4.64409e-17    0.0695756  3.09293e-17    0.0380894  9.69411e-18    0.0126264 -1.76087e-18   0.00262983 -2.03094e-18  0.000326618 -4.35055e-19  1.97665e-05 -3.10705e-20
 0.000620063  6.09067e-18  -0.00258195  7.59363e-19    -0.011762 -1.35227e-18    0.0193987  2.57359e-17    0.0541455  3.09293e-17    0.0467646  1.65046e-17    0.0218142  2.64849e-18   0.00616967 -1.73825e-18   0.00105815  -8.1006e-19  9.92133e-05  -1.0989e-19  3.37193e-06
 -1.2905e-18   0.00061539  2.25947e-18  -0.00494786 -1.16935e-18  -0.00316171  6.47201e-18    0.0238691  1.94704e-17    0.0380894  1.65046e-17    0.0260497  6.23975e-18    0.0100859 -2.39294e-19   0.00234694 -9.40348e-19  0.000315183 -2.39357e-19  2.01191e-05 -1.81963e-20
 0.000137656 -2.35294e-18 -0.000272689  -3.1139e-18  -0.00417401 -3.35786e-18   0.00364931  4.77474e-18    0.0200058  9.69411e-18    0.0218142  6.23975e-18    0.0118465  1.20783e-18   0.00373022 -6.38541e-19   0.00069074 -3.43506e-19  6.83631e-05 -5.07583e-20  2.41104e-06
-4.60899e-19  0.000169818 -3.49179e-18  -0.00100615 -6.49302e-18  -0.00162604 -5.07167e-18    0.0059429  4.96606e-19    0.0126264  2.64849e-18    0.0100859  1.20783e-18   0.00434353  -2.3838e-19   0.00109055 -3.41829e-19  0.000154657 -8.84015e-20  1.02597e-05 -6.85048e-21
 2.15551e-05 -6.13686e-19  4.32253e-07 -3.99035e-18 -0.000905964 -6.80681e-18  0.000389692 -5.18114e-18   0.00478015 -1.76087e-18   0.00616967 -2.39294e-19   0.00373022  -2.3838e-19   0.00126711 -2.81554e-19  0.000247828 -1.09844e-19  2.55113e-05 -1.57084e-20   9.2508e-07
 1.90875e-19  2.81539e-05 -6.39172e-19 -0.000141019 -3.43043e-18 -0.000365402  -5.0774e-18  0.000996112 -3.78496e-18   0.00262983 -1.73825e-18   0.00234694 -6.38541e-19   0.00109055 -2.81554e-19   0.00028922 -1.12513e-19  4.26787e-05  -2.3542e-20  2.91337e-06 -1.71095e-21
  2.3162e-06  2.04624e-19  4.05849e-06 -5.50851e-19 -0.000124043 -2.25776e-18  1.76128e-05 -2.89329e-18  0.000726958 -2.03094e-18   0.00105815 -9.40348e-19   0.00069074 -3.41829e-19  0.000247828 -1.12513e-19  5.04427e-05 -2.73933e-20  5.34553e-06 -3.32741e-21  1.97926e-07
 4.90506e-20  2.80644e-06  1.23587e-19 -1.28715e-05 -3.92017e-19 -4.44701e-05 -1.16351e-18  0.000106062 -1.27882e-18  0.000326618  -8.1006e-19  0.000315183 -3.43506e-19  0.000154657 -1.09844e-19  4.26787e-05 -2.73933e-20  6.48429e-06 -4.34782e-21  4.52147e-07 -2.74182e-22
 1.51318e-07   3.8136e-20  4.57335e-07  2.60046e-20 -9.67904e-06 -2.30013e-19 -2.88155e-07 -4.73581e-19  6.27929e-05 -4.35055e-19  9.92133e-05 -2.39357e-19  6.83631e-05 -8.84015e-20  2.55113e-05  -2.3542e-20  5.34553e-06 -4.34782e-21  5.78721e-07 -4.34607e-22  2.17639e-08
-3.23676e-22   1.3892e-07  8.55518e-21  -6.2256e-07 -2.03327e-20 -2.53581e-06  -1.0534e-19  5.82969e-06 -1.47925e-19  1.97665e-05  -1.0989e-19  2.01191e-05 -5.07583e-20  1.02597e-05 -1.57084e-20  2.91337e-06 -3.32741e-21  4.52147e-07 -4.34607e-22  3.20257e-08 -2.32921e-23
 3.92302e-09   -1.659e-21  1.44271e-08 -4.35879e-21  -2.8402e-07 -1.69471e-20 -2.82746e-08 -3.17579e-20  2.02644e-06 -3.10705e-20  3.37193e-06 -1.81963e-20  2.41104e-06 -6.85048e-21   9.2508e-07 -1.71095e-21  1.97926e-07 -2.74182e-22  2.17639e-08 -2.32921e-23  8.27886e-10
