 3.37154e-08  1.32281e-22 -5.82482e-07 -2.36149e-21  3.79074e-06  1.21683e-20 -1.42123e-05 -3.45879e-20   3.4945e-05   6.4032e-20 -5.94154e-05 -8.14727e-20   7.0937e-05  7.18034e-20 -5.86298e-05 -4.26597e-20  3.18499e-05  1.57914e-20 -1.00014e-05 -2.94246e-21   1.1885e-06
 1.32281e-22  8.40093e-07  1.35199e-21 -8.07574e-06 -1.59372e-20  3.89972e-05  6.37263e-20 -0.000117465 -1.49298e-19  0.000239707  2.32688e-19 -0.000342172 -2.49864e-19  0.000341856  1.83722e-19 -0.000231773 -8.82615e-20  9.82952e-05  2.44533e-20 -2.10252e-05 -2.56362e-21
-5.82482e-07  1.35199e-21  1.01006e-05  7.38735e-21 -6.59807e-05 -6.42816e-20  0.000248314  2.09443e-19 -0.000612896 -4.14005e-19   0.00104614  5.48597e-19  -0.00125396 -4.97697e-19    0.0010406  3.02761e-19 -0.000567632 -1.14597e-19  0.000179003  2.18584e-20 -2.13643e-05
-2.36149e-21 -8.07574e-06  7.38735e-21  7.79226e-05  2.71333e-20 -0.000377708 -1.87951e-19   0.00114207  5.16252e-19  -0.00233965 -8.71987e-19   0.00335296  9.84014e-19  -0.00336335 -7.49161e-19   0.00228968  3.70135e-19 -0.000975145 -1.05269e-19  0.000209485  1.13342e-20
 3.79074e-06 -1.59372e-20 -6.59807e-05  2.71333e-20   0.00043264  7.57142e-20  -0.00163445 -4.38878e-19   0.00404984   1.0324e-18  -0.00693986  -1.4907e-18   0.00835185  1.42223e-18  -0.00695915 -8.94876e-19     0.003812  3.47972e-19  -0.00120728 -6.80879e-20  0.000144728
 1.21683e-20  3.89972e-05 -6.42816e-20 -0.000377708  7.57142e-20   0.00183785  1.73135e-19  -0.00557862 -8.58198e-19    0.0114733  1.72659e-18   -0.0165081 -2.11267e-18    0.0166268  1.68095e-18   -0.0113662 -8.54517e-19   0.00486139  2.48879e-19  -0.00104893 -2.74355e-20
-1.42123e-05  6.37263e-20  0.000248314 -1.87951e-19  -0.00163445  1.73135e-19   0.00619863  3.35848e-19   -0.0154193 -1.42119e-18    0.0265281  2.42061e-18   -0.0320553 -2.47907e-18    0.0268207  1.61746e-18   -0.0147539 -6.44537e-19   0.00469301   1.2908e-19 -0.000565118
-3.45879e-20 -0.000117465  2.09443e-19   0.00114207 -4.38878e-19  -0.00557862  3.35848e-19    0.0169999  5.54024e-19   -0.0351021 -1.97934e-18    0.0507108  2.82231e-18   -0.0512865 -2.38902e-18    0.0352081  1.25446e-18    -0.015124 -3.75128e-19   0.00327779  4.25337e-20
  3.4945e-05 -1.49298e-19 -0.000612896  5.16252e-19   0.00404984 -8.58198e-19   -0.0154193  5.54024e-19    0.0385088  7.69032e-19   -0.0665207 -2.29574e-18    0.0807118  2.71462e-18   -0.0678163  -1.8775e-18    0.0374663  7.76076e-19   -0.0119703 -1.61217e-19   0.00144801
  6.4032e-20  0.000239707 -4.14005e-19  -0.00233965   1.0324e-18    0.0114733 -1.42119e-18   -0.0351021  7.69032e-19    0.0727737  8.89288e-19    -0.105567 -2.20199e-18     0.107214  2.14411e-18   -0.0739185 -1.20029e-18    0.0318924  3.78149e-19  -0.00694334 -4.52754e-20
-5.94154e-05  2.32688e-19   0.00104614 -8.71987e-19  -0.00693986  1.72659e-18    0.0265281 -1.97934e-18   -0.0665207  8.89288e-19     0.115382  8.51394e-19    -0.140584 -1.74112e-18     0.118629  1.39368e-18   -0.0658267 -6.26771e-19    0.0211262  1.40904e-19  -0.00256747
-8.14727e-20 -0.000342172  5.48597e-19   0.00335296  -1.4907e-18   -0.0165081  2.42061e-18    0.0507108 -2.29574e-18    -0.105567  8.51394e-19     0.153779  6.73111e-19    -0.156847  -1.1401e-18     0.108612  7.56673e-19   -0.0470718 -2.69065e-19    0.0102955  3.58595e-20
  7.0937e-05 -2.49864e-19  -0.00125396  9.84014e-19   0.00835185 -2.11267e-18   -0.0320553  2.82231e-18    0.0807118 -2.20199e-18    -0.140584  6.73111e-19     0.172024  4.41885e-19    -0.145794 -6.31868e-19    0.0812634  3.52927e-19   -0.0262008 -9.29955e-20   0.00319934
 7.18034e-20  0.000341856 -4.97697e-19  -0.00336335  1.42223e-18    0.0166268 -2.47907e-18   -0.0512865  2.71462e-18     0.107214 -1.74112e-18    -0.156847  4.41885e-19     0.160676  2.47044e-19    -0.111762 -3.09307e-19    0.0486596  1.43163e-19   -0.0106933 -2.25214e-20
-5.86298e-05  1.83722e-19    0.0010406 -7.49161e-19  -0.00695915  1.68095e-18    0.0268207 -2.38902e-18   -0.0678163  2.14411e-18     0.118629  -1.1401e-18    -0.145794  2.47044e-19     0.124117  1.23695e-19   -0.0694986 -1.37601e-19    0.0225135  4.73181e-20  -0.00276249
-4.26597e-20 -0.000231773  3.02761e-19   0.00228968 -8.94876e-19   -0.0113662  1.61746e-18    0.0352081  -1.8775e-18   -0.0739185  1.39368e-18     0.108612 -6.31868e-19    -0.111762  1.23695e-19    0.0780951  5.74871e-20    -0.034162 -5.28752e-20   0.00754383  1.03665e-20
 3.18499e-05 -8.82615e-20 -0.000567632  3.70135e-19     0.003812 -8.54517e-19   -0.0147539  1.25446e-18    0.0374663 -1.20029e-18   -0.0658267  7.56673e-19    0.0812634 -3.09307e-19   -0.0694986  5.74871e-20    0.0390987   2.3609e-20   -0.0127271 -1.52451e-20    0.0015695
 1.57914e-20  9.82952e-05 -1.14597e-19 -0.000975145  3.47972e-19   0.00486139 -6.44537e-19    -0.015124  7.76076e-19    0.0318924 -6.26771e-19   -0.0470718  3.52927e-19    0.0486596 -1.37601e-19    -0.034162   2.3609e-20    0.0150163  7.53219e-21  -0.00333258 -2.61639e-21
-1.00014e-05  2.44533e-20  0.000179003 -1.05269e-19  -0.00120728  2.48879e-19   0.00469301 -3.75128e-19   -0.0119703  3.78148e-19    0.0211262 -2.69066e-19   -0.0262008  1.43163e-19    0.0225135 -5.28757e-20   -0.0127271  7.53253e-21   0.00416358  1.58854e-21 -0.000516105
-2.94246e-21 -2.10252e-05  2.18584e-20  0.000209485 -6.80879e-20  -0.00104893   1.2908e-19   0.00327779 -1.61217e-19  -0.00694334  1.40905e-19    0.0102955 -9.29957e-20   -0.0106933  4.73183e-20   0.00754383 -1.52454e-20  -0.00333258  1.58854e-21  0.000743423  1.73701e-22
  1.1885e-06 -2.56362e-21 -2.13643e-05  1.13342e-20  0.000144728 -2.74355e-20 -0.000565118  4.25337e-20   0.00144801 -4.52754e-20  -0.00256747  3.58595e-20   0.00319934 -2.25214e-20  -0.00276249  1.03666e-20    0.0015695 -2.61639e-21 -0.000516105  1.73701e-22  6.43174e-05
