     0.189628   4.69901e-15     0.0336548   2.63032e-15    0.00119766   6.66179e-16   -0.00435144   7.58862e-17   -0.00335814  -6.22649e-17   -0.00166876  -4.14459e-17  -0.000578346   -7.4646e-18  -0.000109177   4.91464e-18   2.23309e-05   5.32885e-18   3.30669e-05   3.09602e-18   1.94019e-05   1.39095e-18   8.54719e-06   5.31304e-19   3.18184e-06   1.79903e-19   1.04898e-06   5.52672e-20   3.13882e-07   1.56308e-20    8.6534e-08   4.11067e-21   2.22009e-08   1.01243e-21   5.33821e-09   2.34772e-22   1.20928e-09   5.14651e-23   2.59106e-10   1.06986e-23   5.26712e-11   2.11426e-24   1.01823e-11   3.97966e-25   1.87543e-12   7.14578e-26   3.29591e-13   1.22542e-26   5.53293e-14   2.00888e-27   8.88003e-15   3.15027e-28   1.36341e-15     4.728e-29   2.00344e-16   6.79325e-30   2.81826e-17   9.34571e-31    3.7956e-18   1.23108e-31   4.89396e-19   1.55253e-32   6.04009e-20   1.87401e-33   7.13347e-21   2.16428e-34    8.0584e-22    2.3903e-35   8.70261e-23   2.52303e-36   8.97871e-24   2.54333e-37   8.84297e-25   2.44636e-38   8.30619e-26   2.24307e-39   7.43302e-27   1.95829e-40   6.32943e-28    1.6258e-41   5.12163e-29   1.28169e-42   3.93215e-30   9.57888e-44   2.85943e-31   6.77435e-45   1.96568e-32   4.52426e-46   1.27463e-33   2.84675e-47   7.77721e-35    1.6832e-48   4.45273e-36   9.32443e-50   2.38464e-37   4.82337e-51   1.19029e-38   2.32087e-52   5.51481e-40    1.0342e-53   2.36041e-41   4.24599e-55   9.28148e-43   1.59651e-56   3.33108e-44   5.45866e-58    1.0827e-45   1.68272e-59   3.15714e-47   4.62821e-61   8.16369e-49   1.12105e-62   1.84459e-50   2.35174e-64   3.57288e-52   4.17912e-66   5.78067e-54   6.10028e-68   7.52781e-56   6.98833e-70   7.44953e-58    5.8304e-72   5.06219e-60   3.06151e-74   1.87506e-62    6.5317e-77
  4.69901e-15      0.147083   4.73127e-15      0.064548   3.20857e-15     0.0236943   1.69737e-15    0.00837484   7.68712e-16    0.00354102   3.67121e-16    0.00208225    2.0123e-16    0.00132877   1.10841e-16   0.000757676   5.52208e-17   0.000372273   2.43561e-17   0.000159645   9.58897e-18   6.09114e-05   3.41425e-18   2.10206e-05   1.11257e-18   6.64634e-06   3.35005e-19   1.94445e-06   9.39276e-20   5.30384e-07   2.46706e-20   1.35686e-07   6.09959e-21   3.27075e-08   1.42502e-21   7.45649e-09   3.15561e-22   1.61242e-09   6.63999e-23   3.31517e-10   1.33028e-23     6.493e-11   2.54165e-24   1.21328e-11    4.6371e-25   2.16559e-12    8.0869e-26   3.69581e-13   1.34917e-26   6.03495e-14   2.15458e-27   9.43416e-15   3.29496e-28   1.41239e-15   4.82666e-29   2.02545e-16   6.77338e-30   2.78248e-17   9.10591e-31   3.66152e-18   1.17258e-31   4.61458e-19   1.44597e-32   5.56819e-20   1.70691e-33   6.43024e-21   1.92794e-34     7.103e-22   2.08234e-35   7.50032e-23   2.14921e-36   7.56501e-24   2.11795e-37   7.28196e-25   1.99091e-38   6.68274e-26   1.78326e-39   5.84023e-27   1.52011e-40   4.85411e-28   1.23149e-41    3.8314e-29   9.46694e-43   2.86722e-30   6.89377e-44   2.03058e-31   4.74595e-45   1.35812e-32   3.08217e-46   8.55858e-34   1.88359e-47   5.06845e-35   1.08019e-48   2.81235e-36   5.79467e-50   1.45722e-37   2.89741e-51   7.02371e-39   1.34478e-52   3.13526e-40   5.76613e-54   1.28949e-41   2.27145e-55   4.85722e-43   8.16709e-57   1.66376e-44   2.65948e-58   5.13821e-46   7.76951e-60   1.41584e-47   2.01281e-61   3.43582e-49   4.55656e-63   7.22116e-51   8.84261e-65   1.28564e-52    1.4334e-66   1.88018e-54    1.8702e-68   2.15796e-56   1.85429e-70    1.8038e-58   1.26246e-72   9.48959e-61   4.68515e-75   2.02843e-63
    0.0336548   4.73127e-15      0.100473   4.92953e-15     0.0674481   4.06735e-15     0.0379898   2.61955e-15     0.0210036   1.55082e-15     0.0119745   8.75283e-16    0.00664626   4.60202e-16    0.00338819   2.19392e-16    0.00155286    9.4173e-17   0.000640237   3.65923e-17    0.00023942   1.29853e-17   8.19773e-05   4.24524e-18   2.59223e-05    1.2883e-18   7.62517e-06   3.65191e-19   2.09897e-06   9.71944e-20   5.43318e-07   2.43895e-20   1.32771e-07   5.79016e-21   3.07293e-08   1.30413e-21   6.75362e-09   2.79308e-22   1.41248e-09   5.69894e-23   2.81611e-10   1.10946e-23   5.35975e-11   2.06332e-24   9.74902e-12   3.66935e-25   1.69624e-12   6.24468e-26   2.82501e-13   1.01761e-26   4.50592e-14    1.5885e-27   6.88538e-15   2.37595e-28   1.00819e-15   3.40558e-29   1.41469e-16   4.67789e-30   1.90221e-17   6.15695e-31   2.45056e-18   7.76316e-32   3.02383e-19   9.37394e-33   3.57246e-20   1.08348e-33   4.03903e-21   1.19812e-34   4.36741e-22   1.26666e-35   4.51329e-23   1.27929e-36   4.45368e-24    1.2332e-37   4.19261e-25   1.13347e-38    3.7611e-26   9.92169e-40   3.21123e-27   8.26032e-41   2.60587e-28   6.53134e-42   2.00669e-29    4.8965e-43   1.46385e-30   3.47411e-44    1.0096e-31   2.32796e-45   6.56882e-33   1.46983e-46   4.02191e-34   8.72126e-48   2.31086e-35   4.84868e-49   1.24205e-36   2.51729e-50   6.22246e-38   1.21573e-51    2.8937e-39   5.43769e-53   1.24321e-40   2.24094e-54   4.90706e-42   8.45811e-56   1.76786e-43   2.90304e-57   5.76823e-45   8.98361e-59   1.68852e-46   2.48044e-60    4.3831e-48   6.03148e-62    9.9422e-50   1.27021e-63   1.93327e-51     2.266e-65    3.1401e-53   3.32059e-67   4.10513e-55   3.81881e-69   4.07829e-57   3.19846e-71   2.78213e-59   1.68603e-73   1.03452e-61   3.61108e-76
  2.63032e-15      0.064548   4.92953e-15     0.0878539   5.84776e-15     0.0704943   4.90554e-15     0.0481182   3.47508e-15     0.0305017   2.15798e-15     0.0176947   1.18768e-15    0.00920441    5.8166e-16    0.00427806   2.55096e-16    0.00178841   1.01144e-16   0.000678993   3.66211e-17   0.000236367    1.2218e-17   7.60776e-05   3.78474e-18   2.27982e-05   1.09533e-18   6.39744e-06   2.97667e-19   1.68891e-06   7.62777e-20   4.21074e-07   1.84935e-20   9.94541e-08   4.25407e-21   2.23106e-08   9.30556e-22   4.76361e-09    1.9393e-22   9.69712e-10   3.85636e-23   1.88468e-10   7.32618e-24   3.50116e-11     1.331e-24   6.22234e-12    2.3143e-25   1.05869e-12   3.85357e-26   1.72537e-13   6.14751e-27   2.69434e-14   9.39839e-28   4.03256e-15   1.37719e-28   5.78505e-16   1.93435e-29   7.95462e-17   2.60398e-30   1.04824e-17   3.35908e-31   1.32348e-18   4.15096e-32   1.60043e-19   4.91186e-33   1.85276e-20    5.5627e-34   2.05219e-21   6.02558e-35   2.17338e-22   6.23828e-36   2.19902e-23   6.16758e-37   2.12375e-24   5.81737e-38   1.95572e-25   5.22902e-39   1.71527e-26    4.4736e-40    1.4309e-27   3.63773e-41   1.13368e-28   2.80712e-42    8.5165e-30   2.05205e-43     6.055e-31   1.41827e-44   4.06582e-32   9.24735e-46   2.57245e-33   5.67398e-47   1.52958e-34   3.26706e-48   8.52179e-36   1.75975e-49   4.43361e-37   8.83495e-51   2.14575e-38   4.11741e-52   9.61773e-40   1.77273e-53   3.97195e-41   7.01205e-55   1.50232e-42    2.5316e-56    5.1672e-44   8.27771e-58   1.60237e-45   2.42823e-59   4.43354e-47   6.31654e-61   1.08031e-48   1.43579e-62   2.27982e-50   2.79772e-64   4.07552e-52   4.55362e-66   5.98453e-54   5.96533e-68   6.89653e-56   5.93849e-70   5.78797e-58   4.05939e-72   3.05723e-60   1.51253e-74   6.56107e-63
   0.00119766   3.20857e-15     0.0674481   5.84776e-15     0.0847562   6.50584e-15     0.0735568   5.56694e-15     0.0537771   3.89816e-15     0.0340276   2.31505e-15     0.0187519   1.19571e-15    0.00909992   5.46813e-16    0.00394217   2.24692e-16    0.00154455   8.40009e-17   0.000553476   2.88663e-17   0.000183074   9.19433e-18   5.63154e-05    2.7326e-18   1.62075e-05     7.619e-19   4.38545e-06    2.0016e-19   1.12005e-06   4.97231e-20   2.70891e-07   1.17138e-20   6.22057e-08   2.62319e-21   1.35921e-08   5.59496e-22   2.83095e-09    1.1384e-22   5.62857e-10   2.21253e-23   1.06953e-10   4.11178e-24   1.94415e-11   7.31278e-25   3.38316e-12   1.24545e-25   5.63921e-13    2.0322e-26   9.00724e-14   3.17796e-27   1.37897e-14   4.76382e-28   2.02381e-15    6.8457e-29   2.84731e-16    9.4301e-30   3.83981e-17   1.24504e-30   4.96251e-18   1.57507e-31   6.14428e-19   1.90857e-32   7.28512e-20   2.21413e-33    8.2674e-21   2.45772e-34   8.97414e-22   2.60853e-35   9.31077e-23   2.64513e-36   9.22519e-24   2.56029e-37    8.7204e-25   2.36303e-38   7.85576e-26   2.07718e-39    6.7358e-27   1.73674e-40   5.48948e-28   1.37912e-41   4.24554e-29   1.03839e-42   3.11052e-30   7.39949e-44   2.15465e-31   4.97991e-45   1.40802e-32   3.15795e-46   8.65866e-34   1.88196e-47   4.99677e-35   1.05087e-48   2.69743e-36    5.4796e-50   1.35727e-37   2.65791e-51   6.33937e-39   1.19398e-52   2.73539e-40   4.94186e-54   1.08436e-41   1.87328e-55   3.92346e-43    6.4572e-57   1.28565e-44   2.00676e-58   3.77953e-46   5.56441e-60   9.85272e-48   1.35878e-61   2.24434e-49   2.87359e-63   4.38248e-51   5.14783e-65   7.14798e-53     7.575e-67   9.38353e-55   8.74758e-69   9.36065e-57   7.35669e-71   6.41184e-59   3.89382e-73   2.39393e-61    8.3735e-76
  6.66179e-16     0.0236943   4.06735e-15     0.0704943   6.50584e-15     0.0839891   6.94264e-15      0.073494   5.61486e-15      0.052128   3.67432e-15     0.0310958   2.03517e-15     0.0160215   9.83054e-16    0.00728611   4.22827e-16    0.00297572   1.64494e-16    0.00110635   5.85859e-17   0.000378452   1.92839e-17   0.000120109   5.90992e-18   3.56005e-05   1.69634e-18   9.90712e-06   4.58185e-19   2.59953e-06   1.16902e-19   6.45353e-07    2.8262e-20   1.52011e-07   6.49065e-21   3.40507e-08   1.41898e-21   7.26725e-09   2.95808e-22   1.48004e-09   5.88827e-23   2.87994e-10   1.12047e-23   5.35964e-11   2.04003e-24   9.54719e-12   3.55633e-25   1.62882e-12   5.93921e-26    2.6627e-13   9.50563e-27   4.17214e-14   1.45836e-27     6.267e-15     2.145e-28   9.02503e-16   3.02462e-29   1.24595e-16    4.0883e-30   1.64869e-17     5.296e-31   2.09049e-18   6.57272e-32     2.539e-19   7.81173e-33   2.95239e-20   8.88634e-34   3.28493e-21   9.66931e-35   3.49477e-22   1.00563e-35   3.55226e-23   9.98807e-37   3.44653e-24   9.46444e-38   3.18858e-25   8.54668e-39   2.80957e-26   7.34592e-40   2.35468e-27   6.00112e-41   1.87427e-28   4.65238e-42   1.41455e-29   3.41673e-43   1.01037e-30   2.37238e-44   6.81584e-32   1.55396e-45   4.33228e-33   9.57853e-47   2.58779e-34    5.5405e-48   1.44833e-35   2.99787e-49   7.56943e-37   1.51191e-50   3.67996e-38   7.07777e-52   1.65684e-39   3.06091e-53     6.873e-41   1.21613e-54   2.61111e-42   4.41003e-56    9.0204e-44   1.44829e-57    2.8095e-45   4.26699e-59   7.80722e-47   1.11476e-60   1.91056e-48   2.54479e-62   4.04918e-50   4.97978e-64   7.26922e-52   8.13942e-66   1.07191e-53   1.07075e-67   1.24043e-55   1.07037e-69   1.04536e-57   7.34692e-72   5.54432e-60   2.74867e-74   1.19471e-62
  -0.00435144   1.69737e-15     0.0379898   4.90554e-15     0.0735568   6.94264e-15     0.0812429   6.68958e-15     0.0664474   4.92475e-15      0.043712   2.96882e-15     0.0242324   1.53101e-15     0.0116842   6.94839e-16    0.00501234   2.83049e-16    0.00194512   1.04998e-16   0.000691414    3.5858e-17   0.000227277    1.1369e-17   6.96012e-05   3.36852e-18   1.99736e-05   9.37567e-19    5.3963e-06   2.46162e-19   1.37773e-06   6.11731e-20   3.33414e-07   1.44282e-20   7.66708e-08   3.23707e-21   1.67875e-08   6.92111e-22   3.50568e-09   1.41233e-22   6.99161e-10   2.75399e-23   1.33314e-10   5.13667e-24   2.43248e-11   9.17127e-25   4.25003e-12   1.56843e-25   7.11425e-13   2.57027e-26   1.14135e-13   4.03739e-27   1.75533e-14   6.07996e-28   2.58819e-15   8.77809e-29   3.65868e-16   1.21498e-29   4.95782e-17   1.61187e-30   6.43869e-18    2.0491e-31   8.01122e-19   2.49518e-32   9.54568e-20   2.90895e-33   1.08865e-20   3.24495e-34   1.18759e-21   3.46114e-35   1.23826e-22   3.52708e-36   1.23296e-23   3.43082e-37   1.17126e-24    3.1821e-38   1.06033e-25   2.81091e-39    9.1363e-27    2.3617e-40    7.4822e-28   1.88452e-41   5.81483e-29   1.42578e-42   4.28084e-30   1.02089e-43   2.97956e-31   6.90345e-45   1.95636e-32    4.3985e-46   1.20876e-33    2.6336e-47   7.00831e-35   1.47744e-48   3.80096e-36   7.73964e-50   1.92138e-37   3.77142e-51   9.01527e-39   1.70192e-52    3.9077e-40   7.07605e-54   1.55607e-41   2.69431e-55   5.65537e-43   9.32858e-57   1.86138e-44   2.91191e-58   5.49609e-46   8.10952e-60   1.43899e-47   1.98885e-61   3.29202e-49   4.22415e-63   6.45576e-51   7.59948e-65   1.05742e-52   1.12298e-66   1.39397e-54   1.30223e-68   1.39636e-56   1.09971e-70   9.60423e-59   5.84457e-73   3.60051e-61   1.26197e-75
  7.58862e-17    0.00837484   2.61955e-15     0.0481182   5.56694e-15      0.073494   6.68958e-15     0.0719047   5.67871e-15     0.0532342   3.78495e-15     0.0321714   2.10619e-15      0.016599   1.01632e-15    0.00753063   4.35988e-16    0.00306631   1.69199e-16    0.00113729    6.0164e-17   0.000388492    1.9791e-17   0.000123254    6.0674e-18   3.65566e-05   1.74366e-18   1.01886e-05   4.71893e-19    2.6794e-06   1.20714e-19   6.67089e-07   2.92754e-20   1.57661e-07   6.74755e-21   3.54505e-08   1.48099e-21   7.59731e-09   3.10051e-22    1.5541e-09   6.19964e-23   3.03808e-10   1.18527e-23   5.68119e-11   2.16852e-24   1.01702e-11   3.79922e-25   1.74391e-12   6.37715e-26   2.86556e-13   1.02593e-26   4.51344e-14    1.5822e-27   6.81538e-15    2.3394e-28   9.86671e-16   3.31616e-29   1.36938e-16    4.5061e-30   1.82165e-17   5.86814e-31   2.32207e-18   7.32131e-32    2.8352e-19   8.74735e-33   3.31422e-20    1.0003e-33   3.70691e-21   1.09413e-34   3.96433e-22   1.14384e-35   4.05048e-23   1.14195e-36   3.95021e-24   1.08764e-37    3.6733e-25   9.87179e-39   3.25312e-26   8.52777e-40   2.74018e-27   7.00156e-41   2.19202e-28   5.45496e-42   1.66256e-29    4.0259e-43   1.19336e-30   2.80902e-44   8.08944e-32   1.84887e-45   5.16661e-33    1.1451e-46    3.1009e-34   6.65508e-48   1.74372e-35    3.6179e-49   9.15594e-37   1.83312e-50   4.47192e-38   8.62104e-52   2.02266e-39   3.74537e-53    8.4287e-41    1.4948e-54   3.21657e-42   5.44489e-56   1.11616e-43   1.79608e-57   3.49176e-45   5.31492e-59   9.74558e-47   1.39458e-60   2.39525e-48   3.19728e-62   5.09818e-50   6.28332e-64   9.19131e-52   1.03134e-65   1.36105e-53   1.36243e-67   1.58158e-55   1.36758e-69   1.33835e-57   9.42554e-72   7.12733e-60   3.54068e-74   1.54204e-62
  -0.00335814   7.68712e-16     0.0210036   3.47508e-15     0.0537771   5.61486e-15     0.0664474   5.67871e-15      0.056785    4.2632e-15     0.0379661   2.59026e-15     0.0211648   1.33961e-15     0.0102243   6.08689e-16     0.0043904   2.48205e-16    0.00170577    9.2207e-17    0.00060739   3.15553e-17   0.000200138    1.0032e-17   6.14761e-05   2.98223e-18   1.77052e-05   8.33209e-19   4.80287e-06   2.19687e-19   1.23168e-06   5.48435e-20   2.99487e-07   1.29981e-20   6.92144e-08   2.93103e-21   1.52339e-08   6.29971e-22   3.19832e-09   1.29246e-22    6.4136e-10   2.53411e-23   1.22974e-10   4.75288e-24   2.25644e-11   8.53375e-25   3.96481e-12   1.46766e-25   6.67458e-13   2.41878e-26   1.07691e-13     3.821e-27   1.66566e-14   5.78671e-28   2.46992e-15    8.4019e-29   3.51124e-16   1.16945e-29    4.7848e-17   1.56015e-30   6.24871e-18   1.99438e-31     7.818e-19   2.44195e-32   9.36676e-20   2.86248e-33   1.07408e-20   3.21045e-34   1.17803e-21   3.44275e-35   1.23488e-22   3.52704e-36   1.23612e-23   3.44889e-37   1.18044e-24   3.21557e-38    1.0742e-25   2.85517e-39   9.30348e-27   2.41116e-40   7.65794e-28   1.93373e-41    5.9814e-29   1.47035e-42   4.42544e-30   1.05801e-43    3.0954e-31    7.1896e-45   2.04234e-32   4.60304e-46   1.26797e-33    2.7693e-47   7.38673e-35   1.56094e-48   4.02511e-36   8.21544e-50   2.04419e-37   4.02187e-51   9.63585e-39   1.82328e-52   4.19579e-40   7.61506e-54   1.67834e-41   2.91258e-55   6.12705e-43   1.01292e-56   2.02555e-44   3.17573e-58   6.00702e-46   8.88275e-60   1.57958e-47   2.18787e-61   3.62914e-49   4.66667e-63   7.14705e-51   8.43102e-65   1.17557e-52   1.25106e-66   1.55615e-54   1.45675e-68   1.56524e-56   1.23524e-70   1.08096e-58   6.59142e-73   4.06873e-61   1.42894e-75
 -6.22649e-17    0.00354102   1.55082e-15     0.0305017   3.89816e-15      0.052128   4.92475e-15     0.0532342    4.2632e-15      0.040093   2.86786e-15      0.024416   1.60403e-15     0.0126527   7.76793e-16    0.00576024   3.34344e-16    0.00235367   1.30217e-16   0.000876334   4.64879e-17   0.000300633   1.53599e-17   9.58271e-05   4.73164e-18   2.85653e-05   1.36678e-18   8.00389e-06   3.71899e-19   2.11661e-06   9.56694e-20   5.30003e-07    2.3336e-20      1.26e-07   5.41035e-21   2.85012e-08   1.19461e-21   6.14502e-09   2.51609e-22   1.26468e-09   5.06163e-23   2.48742e-10     9.736e-24   4.67992e-11    1.7921e-24   8.42891e-12    3.1588e-25   1.45411e-12   5.33423e-26   2.40381e-13   8.63306e-27   3.80888e-14   1.33935e-27   5.78574e-15   1.99204e-28   8.42553e-16   2.84033e-29    1.1762e-16   3.88195e-30   1.57373e-17   5.08441e-31   2.01753e-18    6.3796e-32   2.47732e-19   7.66511e-33   2.91211e-20   8.81417e-34   3.27518e-21   9.69399e-35    3.5218e-22   1.01896e-35    3.6178e-23   1.02274e-36    3.5471e-24   9.79269e-38   3.31587e-25    8.9348e-39    2.9519e-26   7.75836e-40   2.49927e-27   6.40247e-41   2.00949e-28   5.01345e-42   1.53179e-29   3.71855e-43   1.10496e-30   2.60738e-44   7.52697e-32   1.72453e-45   4.83069e-33   1.07324e-46    2.9132e-34   6.26716e-48   1.64593e-35   3.42306e-49   8.68292e-37   1.74247e-50   4.26051e-38   8.23241e-52   1.93586e-39   3.59279e-53   8.10345e-41   1.44035e-54   3.10627e-42   5.26987e-56   1.08265e-43   1.74599e-57   3.40173e-45   5.18912e-59   9.53531e-47   1.36742e-60   2.35358e-48   3.14834e-62   5.03067e-50   6.21313e-64   9.10751e-52   1.02406e-65   1.35421e-53   1.35837e-67   1.58007e-55   1.36906e-69    1.3425e-57   9.47372e-72   7.17802e-60   3.57296e-74   1.55917e-62
  -0.00166876   3.67121e-16     0.0119745   2.15798e-15     0.0340276   3.67432e-15      0.043712   3.78495e-15     0.0379661   2.86786e-15     0.0255953    1.7532e-15     0.0143496   9.11302e-16    0.00696671   4.16089e-16    0.00300658   1.70526e-16    0.00117429   6.36889e-17   0.000420479   2.19191e-17   0.000139362   7.00978e-18   4.30684e-05   2.09658e-18   1.24816e-05    5.8945e-19   3.40751e-06   1.56412e-19    8.7951e-07   3.93002e-20   2.15255e-07   9.37504e-21    5.0074e-08   2.12786e-21   1.10935e-08   4.60334e-22    2.3443e-09   9.50581e-23   4.73168e-10   1.87586e-23   9.13123e-11   3.54094e-24   1.68624e-11   6.39828e-25   2.98177e-12   1.10735e-25   5.05128e-13   1.83638e-26   8.20077e-14   2.91891e-27   1.27622e-14   4.44756e-28   1.90395e-15   6.49654e-29   2.72292e-16   9.09638e-30   3.73255e-17   1.22068e-30   4.90307e-18   1.56949e-31   6.16986e-19   1.93273e-32   7.43425e-20   2.27839e-33   8.57274e-21   2.56962e-34   9.45461e-22   2.77074e-35   9.96511e-23     2.854e-36   1.00291e-23   2.80574e-37   9.62833e-25   2.62976e-38   8.80788e-26   2.34721e-39   7.66793e-27   1.99241e-40   6.34399e-28   1.60603e-41   4.98016e-29    1.2273e-42   3.70303e-30     8.875e-44   2.60286e-31   6.06039e-45   1.72571e-32   3.89882e-46   1.07654e-33    2.3568e-47   6.30122e-35   1.33469e-48   3.44967e-36    7.0573e-50   1.76004e-37   3.47077e-51   8.33432e-39   1.58058e-52   3.64542e-40     6.631e-54   1.46469e-41   2.54744e-55   5.37062e-43   8.89805e-57   1.78321e-44   2.80181e-58   5.31106e-46   7.87038e-60   1.40251e-47   1.94671e-61   3.23585e-49   4.16963e-63   6.39901e-51   7.56417e-65   1.05685e-52   1.12701e-66   1.40469e-54   1.31762e-68   1.41857e-56   1.12172e-70   9.83564e-59   6.00936e-73   3.71669e-61   1.30785e-75
 -4.14459e-17    0.00208225   8.75283e-16     0.0176947   2.31505e-15     0.0310958   2.96882e-15     0.0321714   2.59026e-15      0.024416    1.7532e-15     0.0149596   9.86231e-16    0.00779739   4.80384e-16    0.00357105   2.08014e-16    0.00146826   8.15269e-17   0.000550224   2.92959e-17   0.000190023   9.74474e-18   6.09849e-05   3.02247e-18   1.83054e-05   8.79134e-19   5.16504e-06   2.40882e-19   1.37548e-06   6.23997e-20    3.4684e-07    1.5327e-20   8.30324e-08    3.5782e-21   1.89123e-08   7.95522e-22   4.10568e-09   1.68698e-22   8.50733e-10   3.41668e-23   1.68453e-10   6.61591e-24   3.19043e-11   1.22583e-24   5.78398e-12   2.17477e-25   1.00429e-12   3.69613e-26   1.67082e-13   6.01985e-27   2.66414e-14   9.39768e-28   4.07199e-15   1.40635e-28   5.96616e-16    2.0174e-29   8.37894e-17   2.77373e-30   1.12774e-17   3.65431e-31   1.45423e-18   4.61182e-32   1.79595e-19   5.57282e-33   2.12314e-20   6.44435e-34   2.40122e-21   7.12698e-35   2.59627e-22   7.53233e-36   2.68153e-23   7.60106e-37   2.64321e-24   7.31669e-38   2.48395e-25    6.7107e-39   2.22281e-26   5.85721e-40   1.89163e-27    4.8582e-41   1.52863e-28   3.82332e-42   1.17105e-29   2.84987e-43   8.48896e-31   2.00805e-44   5.81077e-32   1.33453e-45   3.74713e-33   8.34485e-47   2.27043e-34   4.89583e-48   1.28875e-35   2.68645e-49   6.83001e-37   1.37376e-50   3.36657e-38   6.51976e-52   1.53654e-39   2.85805e-53   6.46045e-41   1.15084e-54   2.48731e-42   4.22895e-56   8.70669e-44   1.40714e-57   2.74737e-45   4.19982e-59   7.73361e-47   1.11137e-60   1.91684e-48   2.56942e-62   4.11405e-50   5.09146e-64   7.47844e-52   8.42589e-66   1.11647e-53   1.12213e-67   1.30787e-55   1.13545e-69    1.1156e-57   7.88794e-72   5.98811e-60   2.98642e-74   1.30572e-62
 -0.000578346    2.0123e-16    0.00664626   1.18768e-15     0.0187519   2.03517e-15     0.0242324   2.10619e-15     0.0211648   1.60403e-15     0.0143496   9.86231e-16    0.00809383   5.15847e-16     0.0039551   2.37097e-16    0.00171859   9.78458e-17   0.000676017   3.68062e-17   0.000243827     1.276e-17   8.14111e-05   4.11086e-18   2.53467e-05   1.23867e-18   7.40044e-06   3.50835e-19   2.03536e-06   9.37828e-20   5.29221e-07   2.37368e-20   1.30471e-07   5.70349e-21   3.05704e-08   1.30381e-21   6.82097e-09    2.8406e-22   1.45157e-09   5.90673e-23   2.95014e-10   1.17364e-23   5.73211e-11   2.23041e-24   1.06566e-11   4.05711e-25   1.89686e-12    7.0677e-26   3.23432e-13   1.17965e-26   5.28457e-14   1.88694e-27   8.27579e-15    2.8931e-28   1.24229e-15   4.25192e-29   1.78749e-16   5.98949e-30   2.46497e-17   8.08536e-31   3.25708e-18   1.04566e-31   4.12241e-19   1.29508e-32    4.9956e-20   1.53535e-33   5.79303e-21   1.74127e-34   6.42432e-22   1.88786e-35   6.80812e-23   1.95511e-36   6.88858e-24   1.93228e-37    6.6483e-25   1.82059e-38   6.11345e-26   1.63338e-39   5.34953e-27   1.39354e-40   4.44826e-28   1.12893e-41   3.50937e-29   8.66976e-43   2.62223e-30   6.29995e-44   1.85209e-31   4.32267e-45   1.23381e-32   2.79408e-46   7.73304e-34    1.6969e-47   4.54735e-35    9.6541e-49    2.5009e-36   5.12795e-50   1.28175e-37   2.53325e-51   6.09656e-39   1.15875e-52   2.67838e-40   4.88259e-54   1.08082e-41   1.88386e-55   3.98011e-43    6.6083e-57   1.32713e-44   2.08959e-58   3.96925e-46   5.89418e-60   1.05251e-47    1.4639e-61   2.43828e-49   3.14827e-63   4.84128e-51   5.73426e-65   8.02774e-53   8.57763e-67    1.0712e-54   1.00677e-68   1.08601e-56   8.60419e-71   7.55894e-59   4.62719e-73   2.86728e-61   1.01087e-75
  -7.4646e-18    0.00132877   4.60202e-16    0.00920441   1.19571e-15     0.0160215   1.53101e-15      0.016599   1.33961e-15     0.0126527   9.11302e-16    0.00779739   5.15847e-16    0.00409137    2.5301e-16    0.00188726   1.10364e-16   0.000781802   4.35838e-17   0.000295236   1.57827e-17   0.000102756   5.29074e-18   3.32359e-05   1.65379e-18   1.00539e-05   4.84761e-19   2.85875e-06   1.33845e-19   7.67126e-07   3.49354e-20     1.949e-07   8.64534e-21   4.70058e-08   2.03322e-21    1.0785e-08   4.55317e-22    2.3582e-09   9.72441e-23   4.92102e-10   1.98333e-23   9.81194e-11   3.86693e-24   1.87105e-11   7.21342e-25   3.41485e-12   1.28826e-25   5.96845e-13   2.20378e-26   9.99394e-14   3.61232e-27   1.60369e-14   5.67481e-28   2.46647e-15   8.54487e-29   3.63601e-16   1.23322e-29   5.13727e-17    1.7057e-30    6.9554e-18   2.26043e-31   9.02136e-19    2.8692e-32   1.12051e-19   3.48678e-33   1.33211e-20   4.05461e-34   1.51493e-21   4.50876e-35   1.64693e-22   4.79097e-36   1.71014e-23   4.86043e-37   1.69461e-24    4.7031e-38   1.60078e-25   4.33583e-39   1.43982e-26   3.80361e-40   1.23148e-27   3.17065e-41    1.0001e-28   2.50755e-42   7.69907e-30   1.87818e-43   5.60797e-31   1.32972e-44   3.85695e-32   8.87893e-46   2.49884e-33   5.57783e-47   1.52107e-34   3.28746e-48   8.67335e-36   1.81206e-49   4.61728e-37   9.30767e-51   2.28599e-38    4.4368e-52   1.04792e-39   1.95341e-53   4.42504e-41   7.89948e-55   1.71093e-42   2.91509e-56   6.01423e-44   9.74021e-58   1.90566e-45   2.91913e-59    5.3863e-47   7.75622e-61   1.34045e-48   1.80042e-62    2.8885e-50   3.58184e-64   5.27145e-52   5.95095e-66   7.90062e-54   7.95612e-68   9.29086e-56   8.08148e-70   7.95532e-58   5.63555e-72   4.28626e-60   2.14168e-74   9.38121e-63
 -0.000109177   1.10841e-16    0.00338819    5.8166e-16    0.00909992   9.83054e-16     0.0116842   1.01632e-15     0.0102243   7.76793e-16    0.00696671   4.80384e-16     0.0039551    2.5301e-16    0.00194682   1.17168e-16   0.000852505    4.8734e-17   0.000338014   1.84792e-17     0.0001229   6.45812e-18    4.1367e-05   2.09738e-18   1.29829e-05   6.37029e-19   3.82079e-06   1.81856e-19    1.0591e-06   4.89914e-20   2.77512e-07    1.2495e-20   6.89365e-08   3.02495e-21   1.62732e-08   6.96619e-22   3.65756e-09   1.52874e-22    7.8397e-10   3.20151e-23   1.60457e-10   6.40573e-24   3.13926e-11    1.2257e-24   5.87584e-12   2.24453e-25   1.05286e-12   3.93588e-26   1.80695e-13   6.61173e-27   2.97131e-14   1.06431e-27   4.68242e-15     1.642e-28   7.07223e-16   2.42795e-29   1.02376e-16   3.44067e-30   1.42018e-17   4.67202e-31   1.88751e-18   6.07718e-32   2.40268e-19   7.56958e-33   2.92803e-20   9.02406e-34   3.41423e-21   1.02906e-34   3.80693e-22   1.12172e-35   4.05597e-23   1.16785e-36   4.12553e-24   1.16024e-37   4.00227e-25    1.0988e-38   3.69907e-26   9.90801e-40    3.2531e-27   8.49528e-41    2.7184e-28   6.91593e-42   2.15508e-29   5.33686e-43   1.61802e-30   3.89653e-44   1.14821e-31   2.68612e-45   7.68467e-33   1.74428e-46   4.83857e-34   1.06416e-47   2.85816e-35   6.08151e-49   1.57892e-36   3.24462e-50   8.12782e-38   1.60988e-51   3.88273e-39   7.39562e-53   1.71309e-40   3.12954e-54    6.9422e-42   1.21255e-55   2.56713e-43   4.27109e-57   8.59509e-45   1.35608e-58   2.58113e-46   3.84061e-60   6.87182e-48    9.5768e-62   1.59826e-49   2.06771e-63   3.18585e-51   3.78082e-65    5.3032e-53   5.67734e-67   7.10357e-55   6.68896e-69   7.22903e-57   5.73812e-71   5.05045e-59   3.09735e-73   1.92284e-61   6.79145e-76
  4.91464e-18   0.000757676   2.19392e-16    0.00427806   5.46813e-16    0.00728611   6.94839e-16    0.00753063   6.08689e-16    0.00576024   4.16089e-16    0.00357105   2.37097e-16    0.00188726   1.17168e-16   0.000877372   5.15181e-17    0.00036641    2.0512e-17   0.000139513   7.48932e-18   4.89594e-05   2.53133e-18   1.59659e-05   7.97721e-19   4.86903e-06   2.35717e-19   1.39556e-06   6.55998e-20   3.77441e-07   1.72561e-20   9.66364e-08   4.30301e-21   2.34835e-08   1.01958e-21    5.4281e-09   2.30003e-22   1.19553e-09   4.94768e-23   2.51259e-10   1.01622e-23    5.0448e-11   1.99504e-24   9.68584e-12   3.74676e-25   1.77961e-12   6.73581e-26   3.13082e-13   1.15976e-26   5.27617e-14   1.91313e-27   8.51987e-15   3.02423e-28   1.31847e-15   4.58164e-29   1.95544e-16    6.6521e-30   2.77927e-17   9.25495e-31   3.78486e-18   1.23358e-31   4.93722e-19   1.57471e-32   6.16687e-20   1.92433e-33   7.37201e-21   2.24998e-34   8.42935e-22   2.51548e-35   9.21272e-23   2.68708e-36   9.61659e-24   2.74024e-37   9.57845e-25   2.66512e-38   9.09407e-26   2.46937e-39   8.22055e-27     2.177e-40   7.06562e-28   1.82358e-41   5.76587e-29   1.44913e-42    4.4599e-30   1.09055e-43   3.26384e-31   7.75691e-45   2.25513e-32   5.20331e-46   1.46772e-33   3.28357e-47   8.97429e-35    1.9439e-48   5.13993e-36    1.0762e-49    2.7482e-37    5.5519e-51   1.36648e-38   2.65782e-52   6.29071e-40   1.17511e-53   2.66752e-41   4.77187e-55   1.03566e-42   1.76817e-56   3.65539e-44   5.93197e-58   1.16291e-45   1.78493e-59   3.30003e-47   4.76138e-61   8.24486e-49   1.10956e-62   1.78356e-50   2.21593e-64   3.26745e-52   3.69564e-66   4.91568e-54   4.95951e-68   5.80233e-56   5.05642e-70   4.98667e-58   3.53903e-72   2.69661e-60   1.34984e-74   5.92336e-63
  2.23309e-05   5.52208e-17    0.00155286   2.55096e-16    0.00394217   4.22827e-16    0.00501234   4.35988e-16     0.0043904   3.34344e-16    0.00300658   2.08014e-16    0.00171859   1.10364e-16   0.000852505   5.15181e-17   0.000376364   2.16057e-17   0.000150476   8.26137e-18   5.51723e-05    2.9114e-18   1.87257e-05   9.53384e-19   5.92558e-06   2.91942e-19   1.75805e-06   8.40141e-20   4.91214e-07   2.28121e-20   1.29719e-07   5.86319e-21   3.24705e-08    1.4302e-21   7.72253e-09   3.31808e-22   1.74847e-09   7.33445e-23   3.77464e-10   1.54691e-23   7.77997e-11   3.11665e-24   1.53258e-11   6.00411e-25   2.88789e-12   1.10681e-25   5.20876e-13   1.95349e-26    8.9971e-14   3.30255e-27   1.48881e-14   5.34948e-28   2.36072e-15   8.30363e-29   3.58722e-16    1.2352e-29   5.22368e-17   1.76073e-30   7.28867e-18   2.40468e-31    9.7426e-19   3.14566e-32   1.24714e-19   3.93996e-33   1.52821e-20    4.7227e-34   1.79163e-21   5.41444e-35   2.00833e-22   5.93311e-36    2.1509e-23   6.20914e-37   2.19904e-24   6.20015e-38   2.14412e-25   5.90125e-39   1.99154e-26   5.34746e-40      1.76e-27   4.60724e-41    1.4778e-28   3.76862e-42   1.17711e-29   2.92183e-43   8.87887e-31   2.14315e-44   6.32977e-32   1.48415e-45   4.25552e-33   9.68085e-47   2.69139e-34   5.93231e-48    1.5968e-35   3.40502e-49   8.85937e-37   1.82447e-50   4.58003e-38   9.09084e-52   2.19714e-39   4.19372e-53   9.73428e-41   1.78195e-54   3.96093e-42   6.93233e-56   1.47062e-43   2.45167e-57   4.94352e-45     7.815e-59   1.49041e-46   2.22199e-60   3.98341e-48   5.56212e-62   9.30035e-50    1.2055e-63    1.8609e-51   2.21258e-65    3.1093e-53   3.33485e-67   4.18032e-55   3.94356e-69   4.26975e-57   3.39531e-71    2.9938e-59   1.83934e-73    1.1439e-61   4.04742e-76
  5.32885e-18   0.000372273    9.4173e-17    0.00178841   2.24692e-16    0.00297572   2.83049e-16    0.00306631   2.48205e-16    0.00235367   1.70526e-16    0.00146826   9.78458e-17   0.000781802    4.8734e-17    0.00036641   2.16057e-17   0.000154307   8.67508e-18   5.92517e-05   3.19427e-18    2.0969e-05   1.08871e-18   6.89525e-06   3.45941e-19   2.12009e-06   1.03054e-19   6.12567e-07   2.89088e-20   1.66983e-07   7.66395e-21   4.30833e-08   1.92571e-21   1.05488e-08     4.597e-22   2.45633e-09    1.0446e-22    5.4491e-10   2.26312e-23    1.1533e-10   4.68075e-24    2.3316e-11   9.25193e-25   4.50681e-12   1.74915e-25   8.33518e-13    3.1651e-26   1.47586e-13   5.48445e-27    2.5029e-14   9.10371e-28   4.06667e-15   1.44791e-28   6.33141e-16   2.20672e-29   9.44603e-17   3.22279e-30   1.35038e-17   4.50968e-31   1.84948e-18    6.0449e-32   2.42611e-19   7.75932e-33   3.04701e-20   9.53375e-34   3.66212e-21   1.12067e-34   4.20955e-22   1.25949e-35   4.62471e-23   1.35236e-36   4.85214e-24    1.3861e-37   4.85719e-25   1.35482e-38   4.63436e-26   1.26147e-39   4.20958e-27   1.11747e-40   3.63547e-28   9.40502e-42   2.98067e-29   7.50871e-43   2.31623e-30    5.6767e-44   1.70279e-31   4.05601e-45   1.18182e-32   2.73289e-46   7.72573e-34   1.73218e-47   4.74447e-35    1.0299e-48   2.72902e-36   5.72619e-50   1.46533e-37   2.96644e-51   7.31646e-39   1.42599e-52   3.38207e-40   6.33058e-54   1.43996e-41    2.5811e-55   5.61303e-43    9.6021e-57   1.98898e-44   3.23405e-58    6.3524e-46   9.76901e-60   1.80959e-47   2.61592e-61   4.53835e-49   6.11902e-63   9.85446e-51   1.22662e-64   1.81203e-52   2.05326e-66   2.73609e-54   2.76551e-68   3.24132e-56   2.82972e-70   2.79566e-58    1.9876e-72   1.51715e-60    7.6077e-75   3.34424e-63
  3.30669e-05   2.43561e-17   0.000640237   1.01144e-16    0.00154455   1.64494e-16    0.00194512   1.69199e-16    0.00170577   1.30217e-16    0.00117429   8.15269e-17   0.000676017   4.35838e-17   0.000338014    2.0512e-17   0.000150476   8.67508e-18    6.0674e-05   3.34532e-18   2.24354e-05   1.18891e-18   7.67878e-06   3.92579e-19   2.45002e-06   1.21201e-19     7.328e-07   3.51595e-20    2.0638e-07   9.62187e-21   5.49246e-08   2.49205e-21    1.3853e-08    6.1245e-22   3.31915e-09   1.43132e-22   7.56945e-10   3.18653e-23   1.64569e-10   6.76776e-24   3.41543e-11   1.37287e-24   6.77358e-12   2.66246e-25    1.2848e-12    4.9401e-26   2.33231e-13   8.77489e-27   4.05408e-14   1.49275e-27   6.75007e-15   2.43276e-28    1.0768e-15   3.79883e-29   1.64595e-16    5.6841e-30   2.41074e-17   8.14905e-31   3.38289e-18   1.11921e-31   4.54709e-19   1.47218e-32   5.85255e-20   1.85392e-33   7.21009e-21   2.23407e-34   8.49749e-22   2.57468e-35    9.5746e-23    2.8358e-36   1.03065e-23    2.9827e-37   1.05898e-24   2.99314e-38   1.03761e-25   2.86272e-39   9.68423e-27    2.6065e-40   8.59899e-28   2.25628e-41   7.25395e-29   1.85414e-42   5.80456e-30   1.44408e-43   4.39818e-31   1.06399e-44   3.14945e-32   7.40081e-46   2.12668e-33   4.84847e-47   1.35083e-34   2.98384e-48   8.04865e-36   1.71991e-49   4.48431e-37   9.25401e-51   2.32786e-38   4.62999e-52   1.12128e-39   2.14454e-53   4.98778e-41   9.14877e-55   2.03762e-42   3.57321e-56   7.59499e-44   1.26861e-57   2.56295e-45   4.05941e-59   7.75648e-47   1.15857e-60   2.08089e-48   2.91101e-62   4.87649e-50    6.3325e-64   9.79323e-52   1.16652e-65   1.64226e-53   1.76456e-67   2.21587e-55   2.09409e-69   2.27131e-57   1.80932e-71   1.59815e-59   9.83581e-74   6.12753e-62    2.1718e-76
  3.09602e-18   0.000159645   3.65923e-17   0.000678993   8.40009e-17    0.00110635   1.04998e-16    0.00113729    9.2207e-17   0.000876334   6.36889e-17   0.000550224   3.68062e-17   0.000295236   1.84792e-17   0.000139513   8.26137e-18   5.92517e-05   3.34532e-18   2.29456e-05   1.24225e-18   8.18901e-06   4.26953e-19   2.71523e-06   1.36785e-19   8.41679e-07    4.1077e-20   2.45135e-07   1.16141e-20   6.73452e-08   3.10278e-21   1.75084e-08   7.85512e-22   4.31883e-09   1.88896e-22   1.01297e-09   4.32321e-23   2.26312e-10   9.43191e-24   4.82309e-11   1.96414e-24   9.81669e-12   3.90826e-25   1.91004e-12   7.43716e-26   3.55537e-13   1.35436e-26   6.33502e-14   2.36147e-27   1.08099e-14   3.94378e-28   1.76699e-15   6.30992e-29    2.7673e-16   9.67308e-30   4.15254e-17    1.4208e-30   5.97008e-18    1.9993e-31   8.22209e-19   2.69469e-32   1.08444e-19   3.47762e-33   1.36925e-20   4.29553e-34   1.65431e-21   5.07556e-35    1.9114e-22    5.7334e-36   2.11053e-23   6.18699e-37   2.22532e-24    6.3726e-38   2.23852e-25   6.25896e-39   2.14607e-26   5.85542e-40   1.95856e-27    5.2113e-41    1.6993e-28   4.40619e-42    1.3996e-29   3.53372e-43   1.09249e-30   2.68346e-44   8.06705e-32   1.92575e-45   5.62331e-33   1.30316e-46   3.69182e-34   8.29492e-48   2.27678e-35   4.95263e-49   1.31506e-36   2.76501e-50   7.09011e-38   1.43825e-51   3.55445e-39   6.94158e-53   1.64962e-40   3.09387e-54   7.05116e-42   1.26637e-55   2.75925e-43   4.72926e-57   9.81491e-45   1.59891e-58   3.14654e-46   4.84795e-60   8.99695e-48   1.30299e-61    2.2647e-49   3.05905e-63   4.93543e-51   6.15438e-65   9.10786e-53   1.03388e-66   1.38014e-54   1.39743e-68   1.64073e-56   1.43487e-70   1.42005e-58   1.01134e-72   7.73279e-61   3.88417e-75   1.71031e-63
  1.94019e-05   9.58897e-18    0.00023942   3.66211e-17   0.000553476   5.85859e-17   0.000691414    6.0164e-17    0.00060739   4.64879e-17   0.000420479   2.92959e-17   0.000243827   1.57827e-17     0.0001229   7.48932e-18   5.51723e-05   3.19427e-18   2.24354e-05   1.24225e-18   8.36618e-06   4.45203e-19   2.88734e-06   1.48224e-19     9.288e-07   4.61327e-20   2.80035e-07   1.34889e-20   7.94856e-08   3.72005e-21   2.13158e-08   9.70773e-22   5.41639e-09   2.40339e-22   1.30722e-09   5.65724e-23   3.00235e-10   1.26831e-23   6.57273e-11   2.71218e-24   1.37333e-11   5.53856e-25   2.74162e-12   1.08113e-25   5.23382e-13    2.0188e-26   9.56094e-14   3.60826e-27   1.67215e-14   6.17565e-28   2.80093e-15   1.01246e-28   4.49451e-16   1.59021e-29   6.90978e-17   2.39299e-30   1.01777e-17   3.44993e-31    1.4361e-18   4.76422e-32    1.9408e-19   6.30042e-33    2.5113e-20   7.97595e-34   3.10997e-21   9.66111e-35   3.68406e-22   1.11906e-35   4.17191e-23    1.2387e-36   4.51299e-24   1.30924e-37   4.65956e-25   1.32014e-38   4.58728e-26   1.26859e-39   4.30149e-27   1.16042e-40   3.83706e-28   1.00909e-41   3.25155e-29   8.32969e-43   2.61347e-30   6.51623e-44   1.98895e-31   4.82202e-45    1.4304e-32   3.36844e-46   9.69998e-34   2.21608e-47    6.1871e-35   1.36949e-48   3.70168e-36   7.92622e-50   2.07079e-37   4.28196e-51   1.07928e-38    2.1509e-52   5.21927e-40   1.00018e-53   2.33074e-41   4.28337e-55   9.55823e-43   1.67934e-56   3.57625e-44   5.98474e-58   1.21134e-45   1.92218e-59   3.67955e-47   5.50612e-61   9.90746e-49   1.38849e-62   2.33015e-50   3.03129e-64    4.6962e-52   5.60376e-66   7.90293e-54   8.50626e-68   1.07004e-55   1.01297e-69   1.10057e-57   8.78208e-72   7.77019e-60   4.79022e-74   2.98921e-62   1.06124e-76
  1.39095e-18   6.09114e-05   1.29853e-17   0.000236367   2.88663e-17   0.000378452    3.5858e-17   0.000388492   3.15553e-17   0.000300633   2.19191e-17   0.000190023     1.276e-17   0.000102756   6.45812e-18   4.89594e-05    2.9114e-18    2.0969e-05   1.18891e-18   8.18901e-06   4.45203e-19     2.947e-06   1.54283e-19   9.85167e-07   4.98304e-20   3.07845e-07   1.50833e-20   9.03635e-08    4.2978e-21   2.50158e-08   1.15688e-21    6.5523e-09   2.95046e-22   1.62806e-09   7.14623e-23   3.84574e-10   1.64703e-23   8.65154e-11   3.61793e-24   1.85627e-11   7.58448e-25   3.80312e-12   1.51902e-25   7.44744e-13     2.909e-26     1.395e-13   5.33046e-27   2.50094e-14   9.35076e-28    4.2932e-15   1.57091e-28   7.05893e-16   2.52803e-29   1.11187e-16   3.89753e-30   1.67784e-17   5.75667e-31   2.42553e-18   8.14484e-32   3.35854e-19   1.10364e-32   4.45314e-20   1.43178e-33   5.65193e-21   1.77762e-34   6.86336e-22   2.11103e-35   7.96963e-23   2.39645e-36   8.84313e-24   2.59862e-37   9.36907e-25   2.68937e-38   9.46927e-26   2.65382e-39   9.12048e-27   2.49418e-40   8.36169e-28   2.22989e-41   7.28748e-29    1.8938e-42   6.02877e-30   1.52548e-43   4.72642e-31   1.16343e-44   3.50499e-32   8.38479e-46   2.45355e-33   5.69777e-47    1.6175e-34   3.64174e-48   1.00161e-35   2.18321e-49   5.80865e-37   1.22375e-50   3.14418e-38   6.39061e-52   1.58244e-39   3.09638e-53   7.37253e-41   1.38536e-54   3.16334e-42   5.69197e-56   1.24253e-43   2.13362e-57   4.43622e-45   7.24016e-59   1.42741e-46   2.20323e-60   4.09618e-48   5.94294e-62   1.03477e-49   1.40019e-63   2.26301e-51   2.82685e-65   4.19072e-53   4.76529e-67   6.37218e-55   6.46303e-69   7.60111e-57   6.65861e-71   6.60087e-59   4.70885e-73    3.6064e-61   1.81447e-75   8.00271e-64
