   0.0214735   4.8392e-18   -0.0430816 -3.70994e-18    0.0103839 -1.49882e-19    0.0152037 -1.64191e-19  -0.00148728  2.24827e-19  -0.00533102   8.5914e-19  -0.00106555 -8.58608e-19  0.000940268  3.56101e-19   0.00050007 -1.20984e-19  4.87253e-05 -7.09766e-21 -8.36817e-06
  4.8392e-18    0.0701331 -2.32865e-18    -0.063449   7.5954e-18   -0.0106511 -9.07414e-18    0.0237895 -2.29301e-18   0.00708305  3.53867e-19  -0.00638997  1.88682e-19   -0.0037481 -2.48584e-19  0.000357466  1.02842e-19  0.000737188 -2.68154e-19   0.00016764 -1.23355e-20
  -0.0430816 -2.32865e-18    0.0998994  -6.1521e-18   -0.0445913  1.12876e-17    -0.031506 -3.75157e-18    0.0178752 -2.20842e-18    0.0141504 -6.76892e-19  -0.00349457  2.02325e-19  -0.00517423  8.78952e-19 -0.000818436 -3.31471e-19  0.000481047  -2.9167e-19  0.000127916
-3.70994e-18    -0.063449  -6.1521e-18    0.0843113  8.93114e-19   -0.0174882  1.04157e-17   -0.0355362  8.03279e-18   0.00897407 -3.45723e-18    0.0162539 -6.10222e-19 -4.45383e-05  1.31418e-18  -0.00515886  1.22108e-18  -0.00181234 -4.32559e-19 -1.64932e-05 -1.60281e-19
   0.0103839   7.5954e-18   -0.0445913  8.93114e-19    0.0570853 -8.03122e-18  -0.00650796  9.57302e-18   -0.0325706  8.20053e-18   0.00333903 -5.23322e-18    0.0163281  1.40593e-19   0.00291513  2.07005e-18  -0.00420393  9.86323e-19  -0.00219593 -2.26614e-19  -0.00026749
-1.49882e-19   -0.0106511  1.12876e-17   -0.0174882 -8.03122e-18    0.0444431 -1.61628e-17  -0.00383434  8.77364e-18   -0.0307775  6.59842e-19 -0.000639837 -4.35083e-18    0.0157483  2.97594e-19   0.00553782  1.78734e-18  -0.00239547  6.82737e-19  -0.00161054 -3.68652e-20
   0.0152037 -9.07414e-18    -0.031506  1.04157e-17  -0.00650796 -1.61628e-17    0.0407144 -1.10765e-17  -0.00158753  7.03531e-18   -0.0297005 -4.46772e-18  -0.00421447 -2.07858e-18    0.0145419 -4.98422e-20   0.00783646  1.00036e-18  9.72199e-05  3.81242e-19 -0.000457174
-1.64191e-19    0.0237895 -3.75157e-18   -0.0355362  9.57302e-18  -0.00383434 -1.10765e-17    0.0378254 -2.30798e-18   0.00048259  2.62752e-18   -0.0287945 -4.67926e-18  -0.00762174  -7.5345e-19    0.0126426 -5.90712e-19   0.00938969  1.98958e-19   0.00202518  9.31645e-20
 -0.00148728 -2.29301e-18    0.0178752  8.03279e-18   -0.0325706  8.77364e-18  -0.00158753 -2.30798e-18    0.0358098   3.3652e-18   0.00210718  -1.9972e-18   -0.0281666 -2.81209e-18   -0.0111082 -7.81444e-19   0.00957764 -1.34584e-18   0.00864674 -3.56205e-19   0.00176131
 2.24827e-19   0.00708305 -2.20842e-18   0.00897407  8.20053e-18   -0.0307775  7.03531e-18   0.00048259   3.3652e-18    0.0348611  5.77956e-18   0.00370618 -3.25554e-18   -0.0276847  -4.9826e-19   -0.0150832 -7.83349e-19   0.00402624 -1.46593e-18   0.00461466 -3.15632e-19
 -0.00533102  3.53867e-19    0.0141504 -3.45723e-18   0.00333903  6.59842e-19   -0.0297005  2.62752e-18   0.00210718  5.77956e-18    0.0346869  4.98416e-18   0.00555231 -8.77831e-19   -0.0273044  2.78028e-18   -0.0203335  8.51668e-19  -0.00365064 -3.59932e-19  0.000374598
  8.5914e-19  -0.00638997 -6.76892e-19    0.0162539 -5.23322e-18 -0.000639837 -4.46772e-18   -0.0287945  -1.9972e-18   0.00370618  4.98416e-18    0.0353267  1.43367e-18   0.00777456  2.35188e-18   -0.0272537  6.67566e-18   -0.0251593  3.31977e-18  -0.00810919  5.34199e-19
 -0.00106555  1.88682e-19  -0.00349457 -6.10222e-19    0.0163281 -4.35083e-18  -0.00421447 -4.67926e-18   -0.0281666 -3.25554e-18   0.00555231  1.43367e-18    0.0367901 -3.08814e-18    0.0102563  3.97785e-18   -0.0250455   8.4392e-18   -0.0229106  3.65344e-18   -0.0053538
-8.58608e-19   -0.0037481  2.02325e-19 -4.45383e-05  1.40593e-19    0.0157483 -2.07858e-18  -0.00762174 -2.81209e-18   -0.0276847 -8.77831e-19   0.00777456 -3.08814e-18    0.0388317 -7.48727e-18    0.0155216  1.97148e-18   -0.0139999  5.38538e-18   -0.0112711  1.48875e-18
 0.000940268 -2.48584e-19  -0.00517423  1.31418e-18   0.00291513  2.97594e-19    0.0145419  -7.5345e-19   -0.0111082  -4.9826e-19   -0.0273044  2.35188e-18    0.0102563 -7.48727e-18    0.0438231 -1.31436e-17     0.029515 -4.71949e-18   0.00529765 -1.16378e-19 -0.000506795
 3.56101e-19  0.000357466  8.78952e-19  -0.00515886  2.07005e-18   0.00553782 -4.98422e-20    0.0126426 -7.81444e-19   -0.0150832  2.78028e-18   -0.0272537  3.97785e-18    0.0155216 -1.31436e-17     0.057252 -2.09787e-17    0.0489205 -1.15913e-17    0.0175145 -2.32211e-18
  0.00050007  1.02842e-19 -0.000818436  1.22108e-18  -0.00420393  1.78734e-18   0.00783646 -5.90712e-19   0.00957764 -7.83349e-19   -0.0203335  6.67566e-18   -0.0250455  1.97148e-18     0.029515 -2.09787e-17    0.0746898 -2.62573e-17    0.0548604  -1.1641e-17     0.012729
-1.20984e-19  0.000737188 -3.31471e-19  -0.00181234  9.86323e-19  -0.00239547  1.00036e-18   0.00938969 -1.34584e-18   0.00402624  8.51668e-19   -0.0251593   8.4392e-18   -0.0139999 -4.71949e-18    0.0489205 -2.62573e-17    0.0759969 -2.25051e-17    0.0375558 -5.63466e-18
 4.87253e-05 -2.68154e-19  0.000481047 -4.32559e-19  -0.00219593  6.82737e-19  9.72199e-05  1.98958e-19   0.00864674 -1.46593e-18  -0.00365064  3.31977e-18   -0.0229106  5.38538e-18   0.00529765 -1.15913e-17    0.0548604 -2.25051e-17    0.0516924 -1.18914e-17    0.0134853
-7.09766e-21   0.00016764  -2.9167e-19 -1.64932e-05 -2.26614e-19  -0.00161054  3.81242e-19   0.00202518 -3.56205e-19   0.00461466 -3.59932e-19  -0.00810919  3.65344e-18   -0.0112711 -1.16378e-19    0.0175145  -1.1641e-17    0.0375558 -1.18914e-17    0.0206625 -3.20653e-18
-8.36817e-06 -1.23355e-20  0.000127916 -1.60281e-19  -0.00026749 -3.68652e-20 -0.000457174  9.31645e-20   0.00176131 -3.15632e-19  0.000374598  5.34199e-19   -0.0053538  1.48875e-18 -0.000506795 -2.32211e-18     0.012729 -5.63466e-18    0.0134853 -3.20653e-18   0.00369171
