     0.152513  -2.14727e-15     0.0109663  -1.87949e-15    -0.0115941   5.95423e-17    -0.0112981   4.43818e-16   -0.00729158   2.27186e-16   -0.00398493   5.73898e-17   -0.00193834  -4.87594e-18  -0.000846187  -1.34814e-17   -0.00032969  -8.46962e-18   -0.00011351  -3.83309e-18  -3.40245e-05   -1.4582e-18  -8.61396e-06  -4.94325e-19  -1.69308e-06  -1.53651e-19  -1.71458e-07  -4.44878e-20   4.91662e-08   -1.2112e-20   3.92592e-08  -3.11889e-21   1.64334e-08  -7.62517e-22   5.46004e-09  -1.77444e-22    1.5783e-09  -3.93724e-23   4.11789e-10  -8.34032e-24   9.88256e-11  -1.68823e-24   2.20627e-11  -3.26767e-25    4.6155e-12  -6.05103e-26   9.09381e-13  -1.07246e-26   1.69363e-13  -1.81975e-27   2.98948e-14  -2.95673e-28   5.01125e-15  -4.60062e-29   7.98938e-16  -6.85532e-30   1.21275e-16  -9.78156e-31   1.75411e-17  -1.33622e-31   2.41875e-18  -1.74713e-32    3.1805e-19  -2.18567e-33   3.98849e-20  -2.61495e-34   4.76965e-21  -2.99031e-35   5.43772e-22  -3.26631e-36   5.90764e-23  -3.40527e-37   6.11259e-24  -3.38545e-38   6.01911e-25  -3.20636e-39   5.63568e-26  -2.88965e-40   5.01196e-27  -2.47488e-41   4.22844e-28  -2.01146e-42   3.37947e-29  -1.54885e-43   2.55451e-30  -1.12786e-44   1.82287e-31   -7.7511e-46   1.22542e-32  -5.01565e-47    7.7421e-34  -3.04803e-48   4.58461e-35  -1.73444e-49   2.53674e-36  -9.21074e-51   1.30691e-37  -4.54737e-52   6.24379e-39    -2.078e-53    2.7532e-40  -8.74429e-55   1.11437e-41   -3.3682e-56   4.11345e-43  -1.17918e-57   1.37405e-44  -3.72017e-59   4.11476e-46  -1.04669e-60   1.09191e-47  -2.59228e-62   2.53025e-49  -5.55787e-64   5.02304e-51  -1.00898e-65   8.32433e-53  -1.50397e-67   1.10971e-54  -1.75866e-69   1.12356e-56  -1.49711e-71   7.80736e-59  -8.01814e-74   2.95567e-61  -1.74416e-76
 -2.14727e-15      0.140282  -4.68463e-15     0.0474178  -1.68934e-15    0.00762803   1.20733e-16   -0.00387188   2.26423e-16   -0.00482153   3.97946e-17   -0.00312777  -4.11653e-17   -0.00153097  -4.48876e-17  -0.000595062  -2.74745e-17  -0.000177667  -1.30698e-17  -3.31292e-05   -5.3142e-18   2.70778e-06  -1.92977e-18    6.1162e-06  -6.40953e-19   3.58002e-06   -1.9745e-19   1.53794e-06  -5.69102e-20   5.56649e-07  -1.54363e-20   1.78438e-07  -3.95634e-21   5.19327e-08  -9.61055e-22    1.3925e-08  -2.21772e-22   3.47297e-09  -4.87027e-23   8.11083e-10  -1.01933e-23   1.78242e-10  -2.03558e-24   3.69944e-11  -3.88225e-25   7.27234e-12  -7.07654e-26   1.35699e-12  -1.23353e-26   2.40764e-13  -2.05712e-27   4.06716e-14  -3.28308e-28   6.54812e-15  -5.01521e-29   1.00552e-15  -7.33349e-30   1.47348e-16  -1.02642e-30   2.06117e-17  -1.37486e-31   2.75275e-18    -1.762e-32   3.50989e-19  -2.15973e-33   4.27192e-20  -2.53068e-34   4.96157e-21  -2.83313e-35   5.49651e-22  -3.02822e-36   5.80454e-23  -3.08778e-37   5.83907e-24  -3.00084e-38   5.59027e-25  -2.77659e-39   5.08848e-26  -2.44305e-40   4.39837e-27  -2.04134e-41   3.60538e-28  -1.61732e-42   2.79829e-29  -1.21291e-43   2.05282e-30  -8.59354e-45   1.42056e-31  -5.73968e-46   9.25209e-33  -3.60506e-47    5.6569e-34  -2.12347e-48   3.23753e-35   -1.1693e-49   1.72865e-36  -5.99785e-51   8.57841e-38  -2.85415e-52   3.93923e-39  -1.25404e-53   1.66536e-40  -5.05932e-55   6.44325e-42  -1.86207e-56    2.2653e-43  -6.20361e-58   7.17575e-45  -1.85332e-59   2.02678e-46  -4.90753e-61   5.03842e-48  -1.13502e-62   1.08413e-49  -2.24937e-64   1.97497e-51  -3.72202e-66   2.95374e-53  -4.95506e-68   3.46513e-55  -5.01091e-70   2.95905e-57   -3.4783e-72   1.58962e-59   -1.3156e-74   3.46805e-62
    0.0109663  -4.68463e-15     0.0951228   -3.2981e-15      0.054426  -5.07992e-16     0.0217696   7.99421e-17    0.00666849  -7.31737e-17    0.00168826   -1.4865e-16    0.00060741  -1.22708e-16   0.000478993  -7.33442e-17   0.000396085  -3.60533e-17   0.000262776  -1.53986e-17   0.000142593   -5.8921e-18   6.58915e-05  -2.05862e-18   2.67219e-05  -6.64908e-19   9.71354e-06  -2.00199e-19    3.2129e-06  -5.65285e-20   9.77743e-07  -1.50353e-20   2.76042e-07  -3.77996e-21   7.27667e-08  -9.00692e-22   1.80002e-08   -2.0386e-22   4.19507e-09  -4.39061e-23    9.2407e-10  -9.01122e-24   1.92881e-10  -1.76449e-24   3.82291e-11  -3.29945e-25   7.20682e-12  -5.89628e-26   1.29395e-12  -1.00758e-26     2.215e-13  -1.64715e-27   3.61795e-14  -2.57669e-28   5.64219e-15  -3.85775e-29   8.40442e-16  -5.52796e-30   1.19605e-16  -7.58089e-31   1.62635e-17  -9.94758e-32   2.11289e-18  -1.24861e-32   2.62216e-19  -1.49855e-33   3.10755e-20   -1.7188e-34   3.51528e-21  -1.88286e-35   3.79343e-22  -1.96846e-36   3.90235e-23  -1.96234e-37   3.82361e-24  -1.86351e-38   3.56488e-25  -1.68388e-39   3.15896e-26  -1.44595e-40   2.65708e-27  -1.17825e-41   2.11829e-28  -9.09612e-43   1.59793e-29  -6.64084e-44   1.13841e-30   -4.5756e-45   7.64329e-32  -2.96846e-46   4.82451e-33  -1.80861e-47   2.85515e-34  -1.03183e-48   1.57926e-35  -5.49379e-50   8.13543e-37  -2.71938e-51   3.88722e-38  -1.24592e-52   1.71465e-39  -5.25665e-54   6.94372e-41  -2.03014e-55   2.56489e-42  -7.12617e-57   8.57502e-44  -2.25419e-58   2.57042e-45  -6.35916e-60   6.82864e-47  -1.57915e-61   1.58433e-48   -3.3948e-63   3.14944e-50  -6.17949e-65   5.22689e-52  -9.23592e-67   6.97862e-54  -1.08291e-68   7.07717e-56  -9.24356e-71   4.92608e-58  -4.96404e-73   1.86818e-60  -1.08274e-75
 -1.87949e-15     0.0474178   -3.2981e-15     0.0783991  -8.93896e-16      0.056435  -1.04171e-17     0.0320566  -1.96745e-16     0.0169758  -3.18769e-16    0.00916401  -2.64464e-16    0.00510649  -1.63548e-16    0.00279477  -8.41179e-17    0.00142861  -3.77122e-17   0.000665733  -1.51317e-17   0.000281411   -5.5282e-18   0.000108307  -1.86098e-18    3.8203e-05  -5.82201e-19   1.24347e-05  -1.70341e-19    3.7583e-06  -4.68359e-20   1.06049e-06  -1.21481e-20   2.80647e-07  -2.98147e-21   6.99218e-08  -6.94095e-22   1.64528e-08  -1.53586e-22   3.66591e-09  -3.23555e-23   7.75151e-10  -6.49819e-24   1.55823e-10  -1.24555e-24   2.98231e-11  -2.28054e-25   5.44085e-12  -3.99135e-26   9.47076e-13  -6.68092e-27   1.57407e-13  -1.06991e-27   2.49933e-14  -1.63967e-28   3.79269e-15  -2.40497e-29    5.5016e-16  -3.37598e-30   7.62932e-17  -4.53497e-31   1.01138e-17  -5.82811e-32   1.28142e-18  -7.16322e-33   1.55127e-19  -8.41623e-34   1.79356e-20  -9.44731e-35   1.97939e-21  -1.01247e-35   2.08375e-22  -1.03513e-36   2.09075e-23  -1.00866e-37   1.99753e-24  -9.35767e-39    1.8153e-25  -8.25554e-40   1.56722e-26  -6.91653e-41   1.28359e-27  -5.49457e-42   9.95733e-29  -4.13177e-43   7.30306e-30  -2.93533e-44   5.05397e-31  -1.96587e-45   3.29256e-32  -1.23813e-46   2.01413e-33  -7.31295e-48   1.15352e-34  -4.03803e-49   6.16442e-36  -2.07703e-50   3.06223e-37  -9.91134e-52   1.40783e-38  -4.36694e-53   5.95954e-40  -1.76675e-54   2.30901e-41  -6.52076e-56   8.13037e-43  -2.17856e-57   2.57964e-44   -6.5268e-59   7.29871e-46  -1.73317e-60   1.81767e-47  -4.01987e-62   3.91846e-49  -7.98916e-64   7.15213e-51  -1.32572e-65   1.07181e-52  -1.76993e-67   1.25996e-54  -1.79497e-69   1.07822e-56  -1.24952e-71   5.80474e-59  -4.73951e-74    1.2692e-61
   -0.0115941  -1.68934e-15      0.054426  -8.93896e-16     0.0727139  -1.50929e-17     0.0593844  -2.56526e-16      0.040533  -5.01544e-16     0.0255018  -4.62632e-16      0.015148  -3.07839e-16    0.00839258   -1.6814e-16     0.0042665  -7.95186e-17    0.00197477  -3.34921e-17   0.000832376  -1.27889e-17   0.000320917  -4.48284e-18   0.000113841  -1.45565e-18   3.73806e-05  -4.40883e-19   1.14242e-05  -1.25213e-19   3.26543e-06  -3.34849e-20   8.76569e-07  -8.46031e-21   2.21762e-07   -2.0251e-21   5.30305e-08  -4.60258e-22   1.20164e-08  -9.95061e-23   2.58543e-09  -2.04949e-23   5.29101e-10  -4.02646e-24   1.03135e-10  -7.55293e-25   1.91707e-11  -1.35383e-25   3.40117e-12  -2.32025e-26   5.76359e-13  -3.80386e-27   9.33398e-14  -5.96715e-28   1.44515e-14  -8.95855e-29   2.13961e-15  -1.28724e-29   3.02948e-16   -1.7701e-30   4.10203e-17  -2.32905e-31   5.31078e-18  -2.93139e-32   6.57237e-19  -3.52782e-33   7.77174e-20  -4.05747e-34   8.77649e-21  -4.45706e-35   9.45915e-22  -4.67265e-36   9.72257e-23  -4.67117e-37   9.52183e-24  -4.44842e-38   8.87612e-25    -4.031e-39   7.86644e-26   -3.4713e-40   6.61924e-27  -2.83674e-41   5.28028e-28  -2.19629e-42   3.98645e-29   -1.6081e-43   2.84294e-30  -1.11122e-44     1.911e-31  -7.23022e-46   1.20785e-32  -4.41812e-47   7.15854e-34  -2.52801e-48   3.96587e-35  -1.34997e-49   2.04647e-36    -6.702e-51   9.79593e-38  -3.07972e-52   4.32915e-39  -1.30323e-53   1.75662e-40  -5.04809e-55   6.50193e-42  -1.77725e-56   2.17834e-43  -5.63868e-58   6.54393e-45  -1.59544e-59   1.74235e-46  -3.97372e-61   4.05168e-48  -8.56801e-63    8.0729e-50  -1.56426e-64   1.34296e-51  -2.34492e-66   1.79733e-53  -2.75759e-68   1.82714e-55  -2.36083e-70   1.27491e-57  -1.27158e-72   4.84698e-60  -2.78175e-75
  5.95423e-17    0.00762803  -5.07992e-16      0.056435  -1.50929e-17     0.0712472  -2.62509e-16     0.0626227  -6.43603e-16     0.0462806  -6.82147e-16      0.030374  -4.98889e-16     0.0178932  -2.92649e-16    0.00947072  -1.46823e-16    0.00451657  -6.51021e-17    0.00195177  -2.60251e-17    0.00076966  -9.50858e-18   0.000278942  -3.20696e-18    9.3525e-05    -1.006e-18   2.91779e-05  -2.95229e-19   8.51234e-06  -8.14283e-20   2.33208e-06  -2.11863e-20    6.0211e-07  -5.21556e-21   1.46941e-07  -1.21782e-21   3.39802e-08  -2.70261e-22   7.46155e-09  -5.70982e-23   1.55849e-09  -1.14998e-23    3.1008e-10  -2.21042e-24   5.88361e-11  -4.05843e-25   1.06568e-11  -7.12271e-26   1.84391e-12  -1.19555e-26   3.04954e-13  -1.91995e-27   4.82263e-14  -2.95064e-28   7.29458e-15  -4.34005e-29   1.05545e-15  -6.10971e-30   1.46079e-16  -8.23075e-31   1.93376e-17  -1.06083e-31   2.44776e-18  -1.30766e-32   2.96164e-19  -1.54091e-33   3.42362e-20  -1.73482e-34   3.77892e-21  -1.86477e-35   3.97989e-22  -1.91223e-36   3.99603e-23  -1.86896e-37   3.82139e-24  -1.73918e-38   3.47668e-25  -1.53903e-39   3.00547e-26  -1.29337e-40   2.46515e-27  -1.03064e-41   1.91541e-28  -7.77414e-43   1.40728e-29  -5.54014e-44   9.75697e-31  -3.72193e-45   6.36895e-32  -2.35144e-46   3.90404e-33   -1.3932e-47   2.24067e-34  -7.71697e-49   1.20008e-35  -3.98179e-50   5.97508e-37  -1.90601e-51   2.75342e-38  -8.42416e-53   1.16835e-39  -3.41886e-54   4.53781e-41  -1.26578e-55    1.6018e-42  -4.24214e-57   5.09509e-44  -1.27487e-58   1.44526e-45  -3.39592e-60   3.60858e-47  -7.90086e-62   7.79955e-49   -1.5751e-63   1.42735e-50  -2.62179e-65   2.14469e-52  -3.51106e-67   2.52791e-54  -3.57168e-69   2.16908e-56  -2.49394e-71    1.1709e-58  -9.48858e-74   2.56708e-61
   -0.0112981   1.20733e-16     0.0217696  -1.04171e-17     0.0593844  -2.62509e-16      0.071694  -7.17168e-16     0.0640288  -8.71498e-16     0.0475427  -7.07961e-16     0.0304735  -4.49885e-16     0.0171468  -2.40778e-16    0.00857435  -1.12797e-16     0.0038531  -4.73228e-17    0.00157187  -1.80544e-17   0.000587347  -6.33345e-18   0.000202568  -2.05998e-18   6.49002e-05  -6.25244e-19   1.94209e-05  -1.77995e-19    5.4525e-06  -4.77203e-20   1.44166e-06  -1.20885e-20   3.60105e-07   -2.9013e-21   8.51985e-08  -6.61188e-22   1.91345e-08   -1.4334e-22   4.08667e-09  -2.96054e-23   8.31268e-10  -5.83271e-24   1.61237e-10  -1.09723e-24   2.98518e-11  -1.97243e-25   5.27963e-12  -3.39032e-26   8.92542e-13  -5.57461e-27   1.44291e-13  -8.77115e-28   2.23133e-14  -1.32081e-28   3.30121e-15  -1.90366e-29   4.67284e-16  -2.62586e-30   6.32776e-17  -3.46582e-31   8.19577e-18  -4.37589e-32   1.01499e-18  -5.28294e-33   1.20137e-19   -6.0955e-34    1.3583e-20  -6.71733e-35     1.466e-21  -7.06501e-36    1.5092e-22  -7.08571e-37    1.4806e-23  -6.76981e-38   1.38279e-24  -6.15463e-39   1.22794e-25  -5.31744e-40   1.03544e-26  -4.35967e-41   8.27814e-28  -3.38649e-42   6.26412e-29  -2.48771e-43   4.47787e-30  -1.72471e-44   3.01736e-31  -1.12589e-45    1.9119e-32  -6.90251e-47   1.13602e-33  -3.96255e-48   6.31005e-35  -2.12296e-49   3.26474e-36  -1.05741e-50   1.56695e-37  -4.87493e-52   6.94367e-39  -2.06962e-53   2.82523e-40  -8.04285e-55   1.04863e-41  -2.84079e-56     3.523e-43  -9.04209e-58   1.06131e-44  -2.56666e-59   2.83375e-46  -6.41325e-61    6.6083e-48  -1.38723e-62   1.32043e-49  -2.54073e-64   2.20285e-51  -3.82079e-66   2.95657e-53  -4.50739e-68   3.01419e-55    -3.871e-70   2.10919e-57  -2.09152e-72   8.04173e-60  -4.58972e-75
  4.43818e-16   -0.00387188   7.99421e-17     0.0320566  -2.56526e-16     0.0626227  -7.17168e-16     0.0710338  -9.81179e-16     0.0612783  -8.89545e-16     0.0435529  -6.16982e-16     0.0264436  -3.54329e-16     0.0140325  -1.76105e-16    0.00662113  -7.77735e-17    0.00281625   -3.1055e-17     0.0010919  -1.13514e-17   0.000389395   -3.8337e-18   0.000128676  -1.20488e-18   3.96389e-05   -3.5438e-19   1.14396e-05  -9.79816e-20   3.10556e-06  -2.55592e-20   7.95743e-07  -6.30912e-21   1.92987e-07  -1.47729e-21   4.44032e-08  -3.28787e-22   9.71114e-09  -6.96677e-23   2.02204e-09  -1.40736e-23   4.01367e-10  -2.71343e-24   7.60309e-11  -4.99751e-25   1.37565e-11  -8.79861e-26   2.37894e-12  -1.48159e-26   3.93398e-13  -2.38705e-27   6.22312e-14  -3.68055e-28   9.41892e-15  -5.43163e-29   1.36409e-15    -7.672e-30   1.89025e-16  -1.03703e-30   2.50586e-17  -1.34113e-31   3.17714e-18  -1.65882e-32   3.85116e-19  -1.96143e-33   4.46071e-20  -2.21586e-34    4.9341e-21  -2.39006e-35   5.20817e-22  -2.45939e-36    5.2416e-23  -2.41207e-37    5.0248e-24  -2.25235e-38   4.58312e-25  -2.00007e-39   3.97227e-26  -1.68665e-40   3.26684e-27  -1.34868e-41   2.54524e-28  -1.02084e-42   1.87521e-29  -7.29997e-44   1.30378e-30  -4.92111e-45   8.53485e-32  -3.11974e-46   5.24678e-33  -1.85474e-47   3.02008e-34  -1.03086e-48   1.62226e-35  -5.33709e-50   8.10093e-37  -2.56343e-51   3.74411e-38  -1.13681e-52   1.59346e-39  -4.62913e-54    6.2074e-41   -1.7196e-55   2.19771e-42  -5.78227e-57   7.01154e-44  -1.74348e-58   1.99484e-45  -4.65949e-60   4.99574e-47  -1.08762e-61   1.08301e-48  -2.17533e-63   1.98791e-50  -3.63265e-65   2.99589e-52   -4.8805e-67   3.54177e-54  -4.98071e-69   3.04809e-56  -3.48891e-71   1.65029e-58  -1.33162e-73   3.62885e-61
  -0.00729158   2.26423e-16    0.00666849  -1.96745e-16      0.040533  -6.43603e-16     0.0640288  -9.81179e-16     0.0665423  -9.95791e-16     0.0535352   -7.5951e-16       0.03557  -4.71146e-16     0.0202403  -2.49654e-16     0.0101087  -1.16481e-16    0.00451167  -4.88123e-17    0.00182438  -1.86313e-17   0.000675601  -6.54498e-18   0.000231073  -2.13297e-18    7.3493e-05  -6.48911e-19   2.18561e-05   -1.8521e-19   6.10492e-06  -4.97926e-20   1.60756e-06  -1.26503e-20   4.00269e-07  -3.04533e-21   9.44774e-08  -6.96184e-22   2.11836e-08  -1.51411e-22   4.51974e-09  -3.13752e-23   9.18935e-10  -6.20209e-24   1.78245e-10  -1.17069e-24   3.30154e-11  -2.11174e-25   5.84388e-12  -3.64247e-26   9.89047e-13  -6.01036e-27   1.60117e-13  -9.49046e-28   2.48017e-14  -1.43426e-28   3.67621e-15  -2.07463e-29   5.21433e-16  -2.87207e-30   7.07665e-17   -3.8046e-31   9.18733e-18  -4.82116e-32   1.14061e-18   -5.8418e-33   1.35355e-19    -6.765e-34   1.53446e-20  -7.48242e-35    1.6607e-21  -7.89851e-36   1.71447e-22  -7.95061e-37   1.68685e-23  -7.62387e-38   1.58004e-24  -6.95631e-39    1.4073e-25   -6.0319e-40   1.19027e-26  -4.96335e-41   9.54502e-28  -3.86932e-42   7.24504e-29  -2.85261e-43   5.19514e-30  -1.98477e-44   3.51161e-31  -1.30027e-45   2.23204e-32  -7.99986e-47   1.33042e-33   -4.6087e-48    7.4131e-35   -2.4778e-49   3.84754e-36  -1.23846e-50    1.8525e-37  -5.72943e-52   8.23495e-39  -2.44079e-53    3.3612e-40   -9.5178e-55   1.25149e-41  -3.37321e-56   4.21777e-43  -1.07732e-57    1.2746e-44  -3.06833e-59   3.41389e-46  -7.69244e-61   7.98603e-48  -1.66946e-62   1.60069e-49  -3.06775e-64   2.67867e-51  -4.62847e-66    3.6063e-53  -5.47802e-68    3.6879e-55  -4.71983e-70   2.58853e-57  -2.55835e-72   9.89941e-60  -5.63211e-75
  2.27186e-16   -0.00482153  -7.31737e-17     0.0169758  -5.01544e-16     0.0462806  -8.71498e-16     0.0612783  -9.95791e-16     0.0572781  -8.42068e-16      0.042298  -5.68528e-16     0.0260827  -3.23059e-16      0.013895  -1.59924e-16     0.0065459  -7.05616e-17    0.00277357  -2.81946e-17    0.00107056  -1.03227e-17   0.000380152  -3.49402e-18   0.000125153  -1.10098e-18   3.84366e-05  -3.24751e-19   1.10669e-05  -9.00649e-20   2.99948e-06  -2.35698e-20   7.67802e-07  -5.83749e-21   1.86133e-07  -1.37157e-21   4.28301e-08  -3.06335e-22   9.37219e-09   -6.5144e-23   1.95329e-09  -1.32079e-23   3.88216e-10  -2.55597e-24   7.36559e-11  -4.72516e-25   1.33513e-11   -8.3506e-26   2.31363e-12  -1.41151e-26   3.83463e-13  -2.28285e-27    6.0807e-14  -3.53344e-28   9.22706e-15  -5.23467e-29   1.33992e-15  -7.42237e-30   1.86197e-16  -1.00717e-30   2.47554e-17  -1.30755e-31   3.14808e-18  -1.62353e-32   3.82758e-19   -1.9271e-33   4.44719e-20  -2.18546e-34   4.93468e-21  -2.36632e-35   5.22545e-22  -2.44426e-36   5.27601e-23  -2.40636e-37   5.07427e-24  -2.25554e-38   4.64343e-25  -2.01045e-39   4.03782e-26  -1.70176e-40   3.33175e-27  -1.36585e-41   2.60443e-28  -1.03766e-42    1.9252e-29  -7.44769e-44   1.34299e-30   -5.0391e-45   8.82078e-32  -3.20617e-46   5.44058e-33  -1.91303e-47   3.14203e-34  -1.06708e-48   1.69335e-35  -5.54435e-50   8.48389e-37  -2.67242e-51   3.93403e-38  -1.18932e-52   1.67979e-39  -4.85989e-54   6.56509e-41   -1.8116e-55   2.33192e-42  -6.11259e-57   7.46386e-44  -1.84939e-58   2.13039e-45  -4.95932e-60   5.35233e-47  -1.16151e-61   1.16403e-48   -2.3309e-63   2.14341e-50  -3.90538e-65   3.24047e-52  -5.26422e-67   3.84297e-54  -5.38991e-69   3.31765e-56  -3.78782e-71   1.80183e-58  -1.45037e-73   3.97432e-61
  -0.00398493   3.97946e-17    0.00168826  -3.18769e-16     0.0255018  -6.82147e-16     0.0475427  -8.89545e-16     0.0535352  -8.42068e-16     0.0447796  -6.24161e-16     0.0302788  -3.82936e-16     0.0173464  -2.02147e-16    0.00867715  -9.42614e-17     0.0038701  -3.95428e-17    0.00156264  -1.51232e-17   0.000577779   -5.3263e-18   0.000197368  -1.74094e-18   6.27223e-05  -5.31352e-19    1.8647e-05  -1.52176e-19   5.20939e-06  -4.10576e-20   1.37258e-06  -1.04696e-20   3.42112e-07  -2.52991e-21   8.08625e-08  -5.80591e-22   1.81619e-08  -1.26767e-22   3.88273e-09  -2.63728e-23   7.91186e-10  -5.23417e-24   1.53841e-10  -9.91982e-25     2.857e-11  -1.79665e-25    5.0711e-12   -3.1116e-26    8.6076e-13  -5.15537e-27   1.39771e-13  -8.17368e-28   2.17178e-14  -1.24031e-28   3.22943e-15  -1.80141e-29   4.59563e-16  -2.50398e-30   6.25777e-17  -3.33046e-31   8.15167e-18   -4.2374e-32   1.01549e-18  -5.15513e-33   1.20923e-19  -5.99374e-34   1.37561e-20   -6.6558e-35   1.49397e-21  -7.05377e-36   1.54775e-22  -7.12828e-37   1.52816e-23  -6.86211e-38   1.43643e-24   -6.2856e-39   1.28388e-25  -5.47138e-40    1.0897e-26  -4.51939e-41   8.76916e-28  -3.53664e-42   6.67942e-29   -2.6172e-43   4.80627e-30  -1.82781e-44   3.26005e-31   -1.2019e-45   2.07933e-32  -7.42196e-47   1.24367e-33  -4.29145e-48   6.95352e-35  -2.31562e-49   3.62135e-36  -1.16158e-50   1.74952e-37  -5.39297e-52   7.80348e-39  -2.30561e-53    3.1958e-40  -9.02234e-55   1.19388e-41  -3.20879e-56     4.037e-43  -1.02835e-57     1.224e-44  -2.93894e-59   3.28914e-46  -7.39316e-61   7.71931e-48  -1.60993e-62   1.55224e-49  -2.96829e-64   2.60597e-51   -4.4933e-66   3.51964e-53   -5.3356e-68   3.61071e-55  -4.61217e-70   2.54235e-57  -2.50812e-72   9.75329e-60   -5.5393e-75
  5.73898e-17   -0.00312777   -1.4865e-16    0.00916401  -4.62632e-16      0.030374  -7.07961e-16     0.0435529   -7.5951e-16      0.042298  -6.24161e-16     0.0318073  -4.16698e-16     0.0197758  -2.35946e-16      0.010572  -1.16782e-16    0.00498712  -5.16029e-17     0.0021142  -2.06687e-17   0.000816342  -7.58976e-18   0.000290029  -2.57757e-18   9.55596e-05  -8.15132e-19   2.93815e-05  -2.41347e-19   8.47229e-06  -6.71976e-20   2.30043e-06  -1.76566e-20   5.90101e-07  -4.39103e-21   1.43393e-07  -1.03603e-21   3.30814e-08  -2.32375e-22   7.25921e-09   -4.9627e-23   1.51741e-09  -1.01051e-23   3.02525e-10  -1.96394e-24   5.75837e-11  -3.64637e-25   1.04728e-11  -6.47191e-26   1.82105e-12  -1.09867e-26   3.02879e-13  -1.78454e-27   4.81993e-14  -2.77398e-28   7.34029e-15  -4.12709e-29   1.06981e-15  -5.87678e-30   1.49208e-16  -8.00811e-31   1.99108e-17  -1.04402e-31   2.54138e-18  -1.30172e-32    3.1014e-19  -1.55152e-33   3.61686e-20  -1.76677e-34   4.02825e-21  -1.92079e-35   4.28144e-22   -1.9921e-36   4.33888e-23  -1.96909e-37    4.1884e-24  -1.85304e-38   3.84689e-25  -1.65822e-39   3.35744e-26  -1.40912e-40   2.78046e-27  -1.13536e-41   2.18138e-28  -8.65884e-43   1.61831e-29   -6.2385e-44   1.13297e-30  -4.23695e-45   7.46793e-32  -2.70592e-46   4.62251e-33  -1.62055e-47     2.679e-34  -9.07263e-49   1.44887e-35  -4.73121e-50   7.28428e-37  -2.28874e-51   3.38944e-38  -1.02222e-52   1.45222e-39  -4.19196e-54   5.69505e-41  -1.56812e-55   2.02973e-42  -5.30958e-57   6.51845e-44    -1.612e-58   1.86675e-45  -4.33758e-60   4.70549e-47  -1.01936e-61   1.02672e-48  -2.05252e-63   1.89673e-50  -3.45046e-65   2.87681e-52  -4.66645e-67   3.42265e-54  -4.79357e-69   2.96421e-56  -3.37972e-71   1.61497e-58  -1.29829e-73   3.57334e-61
  -0.00193834  -4.11653e-17    0.00060741  -2.64464e-16      0.015148  -4.98889e-16     0.0304735  -6.16982e-16       0.03557  -5.68528e-16     0.0302788  -4.16698e-16     0.0206523  -2.54789e-16     0.0118848  -1.34526e-16    0.00596063  -6.28478e-17    0.00266347  -2.64387e-17    0.00107724  -1.01455e-17   0.000399014  -3.58649e-18   0.000136572  -1.17694e-18   4.34988e-05  -3.60704e-19   1.29641e-05  -1.03746e-19   3.63164e-06  -2.81136e-20    9.5969e-07  -7.20076e-21   2.39948e-07  -1.74784e-21   5.69015e-08  -4.02927e-22    1.2824e-08  -8.83752e-23    2.7513e-09  -1.84694e-23   5.62675e-10  -3.68227e-24   1.09815e-10  -7.01036e-25   2.04711e-11  -1.27544e-25   3.64749e-12   -2.2189e-26   6.21515e-13  -3.69281e-27   1.01316e-13  -5.88096e-28   1.58042e-14  -8.96355e-29   2.35932e-15  -1.30758e-29   3.37063e-16   -1.8255e-30   4.60778e-17  -2.43855e-31   6.02592e-18  -3.11594e-32    7.5362e-19  -3.80692e-33   9.00906e-20   -4.4449e-34   1.02886e-20  -4.95652e-35   1.12172e-21  -5.27467e-36   1.16658e-22  -5.35227e-37   1.15623e-23  -5.17336e-38   1.09098e-24  -4.75782e-39   9.78815e-26  -4.15802e-40   8.33897e-27  -3.44812e-41   6.73576e-28  -2.70887e-42   5.14963e-29   -2.0124e-43   3.71915e-30  -1.41082e-44   2.53189e-31  -9.31225e-46   1.62075e-32  -5.77213e-47   9.72878e-34  -3.34994e-48   5.45893e-35  -1.81426e-49   2.85305e-36  -9.13407e-51   1.38319e-37  -4.25611e-52   6.19102e-39   -1.8261e-53    2.5442e-40  -7.17129e-55   9.53719e-42  -2.55943e-56   3.23588e-43  -8.23104e-58   9.84414e-45  -2.36048e-59   2.65416e-46  -5.95828e-61   6.24973e-48  -1.30187e-62   1.26087e-49  -2.40835e-64    2.1237e-51  -3.65782e-66   2.87756e-53  -4.35781e-68   2.96149e-55  -3.77926e-70   2.09187e-57  -2.06183e-72    8.0504e-60  -4.56826e-75
 -4.87594e-18   -0.00153097  -1.22708e-16    0.00510649  -3.07839e-16     0.0178932  -4.49885e-16     0.0264436  -4.71146e-16     0.0260827  -3.82936e-16     0.0197758  -2.54789e-16     0.0123547  -1.44325e-16    0.00662657  -7.15911e-17    0.00313447  -3.17337e-17    0.00133226  -1.27575e-17   0.000515794  -4.70377e-18   0.000183773  -1.60434e-18   6.07348e-05  -5.09633e-19   1.87346e-05  -1.51588e-19   5.42072e-06  -4.24036e-20   1.47713e-06  -1.11945e-20    3.8032e-07  -2.79723e-21   9.27712e-08  -6.63142e-22   2.14867e-08  -1.49449e-22   4.73378e-09  -3.20694e-23   9.93528e-10  -6.56108e-24   1.98891e-10   -1.2812e-24   3.80141e-11  -2.38996e-25   6.94238e-12  -4.26177e-26   1.21219e-12  -7.26838e-27   2.02453e-13  -1.18602e-27   3.23522e-14  -1.85204e-28   4.94742e-15  -2.76792e-29   7.24052e-16  -3.95906e-30   1.01402e-16  -5.41885e-31    1.3587e-17  -7.09562e-32   1.74132e-18  -8.88561e-33   2.13367e-19  -1.06364e-33   2.49834e-20  -1.21636e-34   2.79367e-21  -1.32798e-35   2.98108e-22  -1.38303e-36   3.03301e-23  -1.37271e-37   2.93929e-24  -1.29708e-38   2.71012e-25  -1.16541e-39   2.37442e-26  -9.94298e-41   1.97389e-27  -8.04304e-42   1.55446e-28  -6.15803e-43   1.15754e-29  -4.45391e-44   8.13405e-31  -3.03652e-45   5.38131e-32  -1.94662e-46    3.3431e-33  -1.17019e-47   1.94453e-34  -6.57565e-49   1.05543e-35  -3.44169e-50   5.32509e-37  -1.67099e-51   2.48654e-38  -7.49006e-53   1.06909e-39  -3.08249e-54   4.20707e-41  -1.15717e-55   1.50455e-42   -3.9318e-57   4.84827e-44  -1.19783e-58   1.39312e-45  -3.23418e-60   3.52334e-47   -7.6263e-62    7.7132e-49  -1.54076e-63   1.42959e-50  -2.59876e-65   2.17533e-52  -3.52619e-67   2.59641e-54  -3.63408e-69   2.25582e-56  -2.57051e-71   1.23291e-58  -9.90608e-74   2.73655e-61
 -0.000846187  -4.48876e-17   0.000478993  -1.63548e-16    0.00839258  -2.92649e-16     0.0171468  -3.54329e-16     0.0202403  -3.23059e-16     0.0173464  -2.35946e-16     0.0118848  -1.44325e-16    0.00686348  -7.63822e-17    0.00345332  -3.58054e-17    0.00154802  -1.51225e-17   0.000628174  -5.82834e-18   0.000233488  -2.06983e-18   8.02096e-05  -6.82466e-19   2.56448e-05  -2.10179e-19   7.67335e-06  -6.07504e-20   2.15832e-06  -1.65444e-20   5.72738e-07  -4.25871e-21    1.4381e-07  -1.03888e-21   3.42504e-08  -2.40686e-22   7.75273e-09  -5.30528e-23   1.67059e-09  -1.11422e-23   3.43161e-10  -2.23233e-24    6.7269e-11  -4.27062e-25   1.25952e-11  -7.80733e-26   2.25405e-12  -1.36474e-26   3.85765e-13  -2.28202e-27   6.31598e-14  -3.65124e-28   9.89507e-15  -5.59088e-29   1.48355e-15  -8.19323e-30   2.12856e-16  -1.14903e-30   2.92221e-17  -1.54178e-31   3.83771e-18  -1.97879e-32   4.81966e-19   -2.4282e-33   5.78552e-20   -2.8474e-34   6.63441e-21  -3.18873e-35   7.26269e-22  -3.40776e-36   7.58366e-23  -3.47235e-37   7.54646e-24  -3.37016e-38   7.14874e-25  -3.11212e-39   6.43896e-26  -2.73077e-40   5.50695e-27  -2.27358e-41   4.46531e-28   -1.7932e-42   3.42683e-29  -1.33735e-43   2.48424e-30  -9.41185e-45   1.69751e-31   -6.2361e-46   1.09066e-32  -3.87999e-47   6.57076e-34  -2.26021e-48   3.70029e-35  -1.22861e-49   1.94085e-36  -6.20814e-51   9.44286e-38   -2.9032e-52   4.24141e-39  -1.25008e-53   1.74908e-40  -4.92657e-55   6.57921e-42  -1.76445e-56   2.23989e-43  -5.69406e-58    6.8372e-45  -1.63853e-59   1.84962e-46  -4.14999e-61   4.36973e-48   -9.0981e-63    8.8448e-50  -1.68868e-64    1.4946e-51  -2.57322e-66   2.03168e-53  -3.07566e-68   2.09762e-55  -2.67595e-70   1.48636e-57  -1.46458e-72   5.73812e-60  -3.25527e-75
 -1.34814e-17  -0.000595062  -7.33442e-17    0.00279477   -1.6814e-16    0.00947072  -2.40778e-16     0.0140325  -2.49654e-16      0.013895  -2.02147e-16      0.010572  -1.34526e-16    0.00662657  -7.63822e-17    0.00356616   -3.8022e-17    0.00169281  -1.69241e-17   0.000722189   -6.8349e-18   0.000280702  -2.53223e-18   0.000100423  -8.67998e-19   3.33301e-05  -2.77132e-19   1.03263e-05  -8.28569e-20   3.00121e-06  -2.32978e-20    8.2154e-07  -6.18254e-21   2.12496e-07  -1.55287e-21    5.2074e-08  -3.70042e-22   1.21169e-08  -8.38225e-23   2.68192e-09  -1.80786e-23     5.655e-10  -3.71736e-24    1.1373e-10  -7.29527e-25   2.18376e-11  -1.36759e-25   4.00644e-12  -2.45062e-26   7.02745e-13  -4.19971e-27     1.179e-13  -6.88564e-28   1.89252e-14  -1.08031e-28     2.907e-15  -1.62208e-29   4.27315e-16  -2.33081e-30   6.01061e-17  -3.20475e-31    8.0886e-18  -4.21527e-32   1.04108e-18  -5.30207e-33   1.28107e-19  -6.37459e-34   1.50631e-20  -7.32143e-35   1.69136e-21  -8.02744e-36   1.81224e-22  -8.39549e-37    1.8513e-23  -8.36755e-38   1.80131e-24  -7.93912e-39   1.66747e-25  -7.16218e-40   1.46666e-26  -6.13517e-41     1.224e-27  -4.98254e-42   9.67625e-29  -3.82978e-43   7.23295e-30   -2.7807e-44   5.10173e-31  -1.90305e-45   3.38777e-32  -1.22461e-46   2.11239e-33  -7.38916e-48   1.23316e-34  -4.16755e-49   6.71734e-36  -2.18928e-50   3.40129e-37  -1.06677e-51   1.59384e-38  -4.79883e-53    6.8767e-40  -1.98192e-54   2.71547e-41  -7.46619e-56   9.74446e-43  -2.54564e-57   3.15071e-44  -7.78195e-59   9.08377e-46  -2.10827e-60   2.30501e-47  -4.98806e-62   5.06269e-49   -1.0111e-63   9.41393e-51  -1.71101e-65   1.43709e-52  -2.32918e-67   1.72076e-54  -2.40819e-69   1.49977e-56  -1.70883e-71   8.22266e-59  -6.60621e-74   1.83076e-61
  -0.00032969  -2.74745e-17   0.000396085  -8.41179e-17     0.0042665  -1.46823e-16    0.00857435  -1.76105e-16     0.0101087  -1.59924e-16    0.00867715  -1.16782e-16    0.00596063  -7.15911e-17    0.00345332   -3.8022e-17    0.00174384  -1.78995e-17   0.000784818  -7.59556e-18   0.000319822  -2.94203e-18   0.000119404  -1.05021e-18   4.12068e-05  -3.48107e-19   1.32367e-05  -1.07779e-19   3.97958e-06  -3.13196e-20   1.12477e-06  -8.57511e-21   2.99925e-07  -2.21912e-21   7.56762e-08  -5.44212e-22   1.81113e-08  -1.26747e-22   4.11953e-09  -2.80837e-23   8.91997e-10  -5.92862e-24   1.84111e-10  -1.19386e-24   3.62634e-11  -2.29548e-25   6.82203e-12   -4.2174e-26   1.22662e-12  -7.40839e-27   2.10906e-13   -1.2448e-27     3.469e-14  -2.00123e-28    5.4596e-15  -3.07884e-29   8.22245e-16  -4.53299e-30     1.185e-16  -6.38641e-31   1.63401e-17  -8.60831e-32    2.1553e-18  -1.10978e-32   2.71844e-19  -1.36785e-33   3.27713e-20    -1.611e-34   3.77379e-21  -1.81189e-35   4.14837e-22  -1.94458e-36   4.34952e-23  -1.98975e-37   4.34577e-24  -1.93919e-38   4.13328e-25  -1.79803e-39   3.73767e-26  -1.58408e-40    3.2092e-27  -1.32413e-41   2.61228e-28  -1.04847e-42   2.01243e-29   -7.8498e-44   1.46442e-30  -5.54565e-45   1.00441e-31  -3.68838e-46   6.47723e-33  -2.30345e-47   3.91657e-34   -1.3468e-48   2.21358e-35  -7.34777e-50   1.16521e-36  -3.72626e-51   5.68922e-38   -1.7488e-52   2.56436e-39  -7.55677e-54   1.06116e-40  -2.98854e-55   4.00529e-42  -1.07405e-56   1.36823e-43  -3.47793e-58   4.19051e-45   -1.0042e-59    1.1374e-46  -2.55192e-61   2.69595e-48  -5.61317e-63   5.47467e-50  -1.04526e-64   9.28094e-52  -1.59796e-66   1.26563e-53  -1.91611e-68   1.31085e-55   -1.6724e-70   9.31766e-58  -9.18205e-73   3.60825e-60  -2.04723e-75
 -8.46962e-18  -0.000177667  -3.60533e-17    0.00142861  -7.95186e-17    0.00451657  -1.12797e-16    0.00662113  -1.16481e-16     0.0065459  -9.42614e-17    0.00498712  -6.28478e-17    0.00313447  -3.58054e-17    0.00169281  -1.78995e-17    0.00080681  -8.00545e-18    0.00034572  -3.24958e-18   0.000135001  -1.21031e-18   4.85309e-05   -4.1712e-19   1.61869e-05  -1.33907e-19   5.04017e-06  -4.02558e-20   1.47229e-06  -1.13814e-20   4.05066e-07  -3.03681e-21   1.05305e-07  -7.66903e-22   2.59366e-08  -1.83733e-22   6.06551e-09  -4.18412e-23   1.34925e-09  -9.07168e-24    2.8591e-10  -1.87504e-24   5.77837e-11  -3.69863e-25   1.11492e-11  -6.96867e-26   2.05535e-12  -1.25497e-26   3.62233e-13  -2.16127e-27   6.10584e-14  -3.56072e-28   9.84659e-15  -5.61326e-29   1.51944e-15  -8.46805e-30   2.24364e-16  -1.22246e-30   3.17004e-17  -1.68853e-31   4.28486e-18  -2.23099e-32    5.5391e-19   -2.8187e-33   6.84536e-20  -3.40377e-34   8.08321e-21  -3.92628e-35   9.11441e-22   -4.3233e-36   9.80634e-23  -4.54058e-37   1.00588e-23  -4.54429e-38   9.82675e-25  -4.32932e-39   9.13297e-26  -3.92146e-40   8.06486e-27  -3.37257e-41   6.75676e-28  -2.74977e-42   5.36208e-29  -2.12181e-43   4.02338e-30  -1.54652e-44   2.84855e-31  -1.06242e-45   1.89859e-32  -6.86231e-47   1.18818e-33  -4.15599e-48    6.9615e-35   -2.3526e-49   3.80572e-36  -1.24033e-50   1.93384e-37  -6.06538e-52   9.09376e-39  -2.73812e-53   3.93716e-40   -1.1348e-54   1.56004e-41  -4.28972e-56   5.61719e-43   -1.4676e-57   1.82232e-44  -4.50157e-59   5.27137e-46  -1.22363e-60   1.34201e-47  -2.90461e-62   2.95715e-49    -5.907e-64   5.51645e-51  -1.00283e-65   8.44804e-53  -1.36952e-67   1.01475e-54  -1.42046e-69   8.87189e-57  -1.01111e-71   4.87916e-59  -3.92102e-74   1.08966e-61
  -0.00011351  -1.30698e-17   0.000262776  -3.77122e-17    0.00197477  -6.51021e-17     0.0038531  -7.77735e-17    0.00451167  -7.05616e-17     0.0038701  -5.16029e-17    0.00266347  -3.17337e-17    0.00154802  -1.69241e-17   0.000784818  -8.00545e-18   0.000354787  -3.41462e-18   0.000145271  -1.32974e-18   5.45068e-05  -4.77298e-19   1.89069e-05  -1.59091e-19   6.10497e-06  -4.95336e-20   1.84507e-06  -1.44747e-20   5.24218e-07  -3.98521e-21   1.40518e-07  -1.03702e-21   3.56401e-08  -2.55711e-22   8.57381e-09  -5.98775e-23   1.96019e-09  -1.33382e-23   4.26595e-10  -2.83063e-24   8.84935e-11  -5.72977e-25   1.75168e-11  -1.10733e-25   3.31153e-12  -2.04474e-26   5.98312e-13  -3.60973e-27   1.03366e-13  -6.09501e-28   1.70821e-14  -9.84612e-29   2.70096e-15  -1.52201e-29   4.08649e-16  -2.25136e-30   5.91606e-17  -3.18653e-31   8.19424e-18   -4.3147e-32   1.08561e-18  -5.58744e-33   1.37522e-19  -6.91717e-34   1.66497e-20  -8.18221e-35   1.92542e-21  -9.24202e-36   2.12538e-22  -9.96079e-37   2.23763e-23  -1.02347e-37    2.2448e-24  -1.00157e-38   2.14362e-25  -9.32431e-40   1.94613e-26  -8.24766e-41   1.67751e-27  -6.92143e-42   1.37076e-28  -5.50186e-43   1.06003e-29  -4.13505e-44   7.74279e-31  -2.93238e-45   5.33034e-32  -1.95762e-46   3.45008e-33  -1.22709e-47   2.09373e-34  -7.20092e-49   1.18759e-35  -3.94282e-50   6.27358e-37  -2.00665e-51   3.07386e-38  -9.45076e-53   1.39031e-39  -4.09802e-54     5.773e-41  -1.62626e-55   2.18637e-42   -5.8645e-57   7.49378e-44  -1.90541e-58   2.30275e-45  -5.51992e-60   6.27067e-47  -1.40736e-61   1.49115e-48  -3.10569e-63    3.0378e-50  -5.80195e-65   5.16619e-52  -8.89805e-67   7.06724e-54  -1.07033e-68   7.34247e-56  -9.37111e-71    5.2352e-58  -5.16097e-73   2.03351e-60  -1.15421e-75
 -3.83309e-18  -3.31292e-05  -1.53986e-17   0.000665733  -3.34921e-17    0.00195177  -4.73228e-17    0.00281625  -4.88123e-17    0.00277357  -3.95428e-17     0.0021142  -2.64387e-17    0.00133226  -1.51225e-17   0.000722189  -7.59556e-18    0.00034572  -3.41462e-18   0.000148857   -1.3936e-18   5.84231e-05  -5.21951e-19   2.11123e-05  -1.80905e-19   7.07932e-06  -5.84068e-20   2.21616e-06  -1.76586e-20   6.50847e-07  -5.02083e-21   1.80027e-07   -1.3472e-21   4.70516e-08  -3.42106e-22   1.16502e-08   -8.2411e-23   2.73878e-09   -1.8869e-23    6.1239e-10  -4.11287e-24   1.30432e-10  -8.54571e-25   2.64942e-11  -1.69443e-25    5.1375e-12   -3.2088e-26   9.51753e-13  -5.80765e-27    1.6855e-13  -1.00512e-27   2.85468e-14  -1.66401e-28   4.62531e-15  -2.63578e-29    7.1705e-16  -3.99504e-30   1.06366e-16  -5.79406e-31   1.50963e-17  -8.03966e-32   2.04961e-18  -1.06703e-32   2.66117e-19   -1.3541e-33   3.30296e-20  -1.64231e-34   3.91685e-21  -1.90257e-35   4.43509e-22  -2.10384e-36   4.79156e-23  -2.21881e-37   4.93498e-24  -2.22977e-38   4.84058e-25  -2.13291e-39   4.51673e-26  -1.93971e-40   4.00414e-27   -1.6748e-41   3.36767e-28  -1.37084e-42   2.68276e-29  -1.06185e-43   2.02057e-30  -7.76885e-45   1.43589e-31  -5.35701e-46   9.60559e-33  -3.47295e-47   6.03325e-34  -2.11099e-48   3.54754e-35  -1.19928e-49   1.94624e-36  -6.34532e-51   9.92432e-38  -3.11387e-52     4.683e-39  -1.41059e-53   2.03445e-40  -5.86619e-55   8.08847e-42  -2.22504e-56   2.92213e-43  -7.63782e-58    9.5113e-45  -2.35052e-59    2.7603e-46  -6.41022e-61   7.05003e-48  -1.52657e-62   1.55846e-49  -3.11448e-64   2.91644e-51  -5.30424e-66   4.48031e-53  -7.26647e-68   5.39827e-55  -7.56017e-70   4.73415e-57  -5.39802e-72   2.61149e-59  -2.09968e-74   5.84976e-62
 -3.40245e-05   -5.3142e-18   0.000142593  -1.51317e-17   0.000832376  -2.60251e-17    0.00157187   -3.1055e-17    0.00182438  -2.81946e-17    0.00156264  -2.06687e-17    0.00107724  -1.27575e-17   0.000628174   -6.8349e-18   0.000319822  -3.24958e-18   0.000145271   -1.3936e-18   5.97873e-05  -5.45753e-19   2.25518e-05  -1.97015e-19     7.865e-06  -6.60471e-20   2.55348e-06  -2.06825e-20   7.75955e-07  -6.07852e-21   2.21669e-07  -1.68306e-21    5.9742e-08  -4.40426e-22   1.52342e-08  -1.09204e-22   3.68438e-09  -2.57112e-23   8.46776e-10  -5.75829e-24   1.85242e-10  -1.22851e-24   3.86237e-11  -2.49975e-25   7.68398e-12  -4.85586e-26   1.45987e-12  -9.01193e-27   2.65057e-13  -1.59886e-27   4.60132e-14  -2.71288e-28   7.64023e-15  -4.40361e-29    1.2137e-15  -6.83933e-30   1.84477e-16   -1.0164e-30   2.68283e-17  -1.44518e-31   3.73257e-18  -1.96568e-32   4.96686e-19  -2.55683e-33   6.31922e-20  -3.17917e-34   7.68337e-21   -3.7768e-35   8.92278e-22  -4.28411e-36   9.89036e-23   -4.6366e-37   1.04554e-23  -4.78374e-38   1.05313e-24  -4.70038e-39   1.00966e-25  -4.39344e-40   9.20246e-27  -3.90149e-41   7.96301e-28  -3.28688e-42   6.53179e-29  -2.62278e-43   5.07019e-30  -1.97868e-44   3.71721e-31  -1.40843e-45   2.56843e-32  -9.43719e-47   1.66846e-33  -5.93704e-48   1.01616e-34  -3.49654e-49   5.78419e-36   -1.9213e-50   3.06624e-37   -9.8125e-52   1.50755e-38  -4.63743e-53   6.84197e-40  -2.01775e-54   2.85058e-41  -8.03433e-56   1.08318e-42  -2.90696e-57   3.72484e-44  -9.47607e-59   1.14833e-45  -2.75415e-60   3.13711e-47  -7.04466e-62   7.48374e-49  -1.55954e-63   1.52941e-50  -2.92268e-65   2.60908e-52  -4.49631e-67   3.58018e-54  -5.42523e-69   3.73097e-56   -4.7645e-71   2.66823e-58   -2.6319e-73   1.03952e-60  -5.90364e-76
  -1.4582e-18   2.70778e-06   -5.8921e-18   0.000281411  -1.27889e-17    0.00076966  -1.80544e-17     0.0010919  -1.86313e-17    0.00107056  -1.51232e-17   0.000816342  -1.01455e-17   0.000515794  -5.82834e-18   0.000280702  -2.94203e-18   0.000135001  -1.32974e-18   5.84231e-05  -5.45753e-19   2.30521e-05  -2.05579e-19   8.37594e-06  -7.16662e-20   2.82416e-06  -2.32726e-20   8.89009e-07   -7.0769e-21   2.62535e-07  -2.02371e-21   7.30187e-08  -5.46087e-22   1.91883e-08   -1.3945e-22   4.77675e-09   -3.3778e-23   1.12893e-09  -7.77592e-24   2.53755e-10  -1.70399e-24   5.43269e-11  -3.55917e-25   1.10916e-11  -7.09358e-26   2.16157e-12  -1.35017e-26   4.02425e-13  -2.45593e-27    7.1614e-14  -4.27136e-28   1.21872e-14  -7.10556e-29   1.98394e-15  -1.13087e-29   3.08992e-16  -1.72207e-30   4.60448e-17  -2.50903e-31   6.56441e-18  -3.49721e-32   8.95185e-19  -4.66222e-33   1.16736e-19  -5.94243e-34   1.45511e-20  -7.23832e-35   1.73285e-21  -8.42104e-36   1.97029e-22  -9.35083e-37   2.13739e-23  -9.90247e-38   2.21027e-24   -9.9918e-39   2.17664e-25  -9.59602e-40   2.03899e-26  -8.76122e-41    1.8146e-27  -7.59408e-42     1.532e-28  -6.23966e-43   1.22503e-29  -4.85151e-44   9.26087e-31  -3.56275e-45   6.60528e-32  -2.46573e-46   4.43469e-33  -1.60434e-47   2.79539e-34  -9.78672e-49   1.64949e-35  -5.57965e-50   9.08095e-37  -2.96247e-51   4.64653e-38   -1.4588e-52   2.20002e-39  -6.63092e-54   9.58976e-41  -2.76687e-55   3.82532e-42  -1.05296e-56   1.38652e-43  -3.62634e-58   4.52765e-45  -1.11962e-59    1.3182e-46  -3.06319e-61   3.37747e-48  -7.31803e-63   7.48957e-50   -1.4977e-64   1.40592e-51  -2.55864e-66   2.16644e-53  -3.51594e-68   2.61825e-55  -3.66917e-70   2.30304e-57  -2.62769e-72    1.2742e-59  -1.02514e-74   2.86263e-62
