 8.15761e-36 -5.90091e-52 -5.95476e-36  2.20377e-51  -1.6952e-35  3.60703e-52  1.57519e-35   1.1286e-51 -1.38962e-35  4.18053e-51 -1.41946e-36  1.57525e-50  1.05149e-35  1.36275e-50 -6.81355e-36  7.04222e-50  2.16874e-36  1.85965e-49  1.24118e-37  3.08701e-49 -7.59515e-37  4.14437e-49  4.71372e-37  6.70243e-48 -1.50315e-37 -2.71086e-48 -9.77211e-39  2.87314e-47  1.05467e-37  1.02099e-46 -7.15465e-38  3.36501e-47 -4.85696e-40  7.30248e-46  2.12314e-38 -1.11046e-46 -5.49199e-39   8.3993e-46  4.77455e-39  1.72007e-45 -3.37717e-39    1.483e-46 -1.50402e-39  1.31835e-45  1.99944e-39  1.05247e-45 -8.68309e-40  3.01828e-45  7.39754e-41  8.45534e-45  2.53135e-41 -1.50141e-45 -3.20732e-41  6.39563e-45  2.95299e-41 -3.16207e-45 -1.15654e-41  3.24525e-45 -1.72008e-42  2.45957e-45  3.07224e-42  1.44381e-45 -5.46228e-43  1.81863e-45  -5.1843e-43  1.37895e-45  2.99888e-43  3.35913e-46 -8.27055e-45  5.51909e-47 -2.02605e-44 -8.49244e-47  1.12003e-44   -2.628e-47 -1.49472e-44  6.57429e-47  2.04979e-44 -1.02657e-46  -4.6641e-44  1.30644e-46  9.48295e-44 -2.17484e-46 -1.71363e-43  4.28522e-46  2.81989e-43  -7.8672e-46 -4.23159e-43  1.34519e-45   5.7842e-43 -2.13571e-45 -7.20722e-43   3.1402e-45  8.22154e-43 -4.26451e-45 -8.66789e-43  5.33083e-45  8.56963e-43 -6.10988e-45 -8.06837e-43  6.39149e-45  7.28784e-43 -6.07003e-45 -6.26413e-43  5.20086e-45  5.01153e-43 -3.99032e-45 -3.63263e-43  2.71685e-45  2.32935e-43 -1.62339e-45 -1.29685e-43  8.39515e-46   6.1695e-44  -3.6904e-46 -2.46304e-44  1.34637e-46  8.04271e-45 -3.94301e-47  -2.0658e-45  8.82373e-48  3.92678e-46 -1.39256e-48 -4.97285e-47   1.3284e-49  3.31874e-48 -4.87989e-51
-5.90091e-52  3.58912e-35 -3.19096e-51 -1.89033e-35  8.12965e-52 -4.06567e-35   2.7807e-51  4.15397e-35  9.18219e-51 -3.05079e-35  1.10655e-50 -1.89744e-36 -4.22904e-52  1.92653e-35  1.17667e-49 -1.56475e-35  5.72212e-49  5.93684e-36  3.09022e-48 -7.34472e-38   3.2849e-48 -1.81531e-36  5.88919e-48  9.78794e-37  6.62674e-47 -4.61205e-37 -2.80343e-47  2.03471e-37  3.07159e-46  1.89017e-37  1.06671e-45  -1.5736e-37  1.29684e-46 -1.63805e-38  6.12989e-45  5.91569e-38 -2.24806e-46 -1.76861e-38   7.7579e-45  1.41581e-38   1.1046e-44   -5.853e-39  1.45681e-45 -5.89843e-39  1.03196e-44  6.10509e-39  9.25347e-45 -2.96315e-39  1.80942e-44  2.50128e-40  5.12442e-44    1.249e-40 -8.82062e-45 -7.91119e-41  4.09065e-44  8.42209e-41 -1.95219e-44  -4.1048e-41    1.516e-44 -4.94839e-42  1.27082e-44  1.00202e-41  7.03288e-45  -1.3344e-42   1.0216e-44 -2.17813e-42  7.42303e-45  1.21003e-42  1.50783e-45 -1.30354e-44  2.16179e-46 -1.41616e-43 -4.22103e-46  1.47173e-43 -1.24188e-46 -3.05256e-43  5.55904e-46  6.32324e-43 -1.07316e-45 -1.29691e-42  1.90174e-45  2.42249e-42  -3.6394e-45  -4.1107e-42  6.89144e-45  6.33304e-42 -1.21654e-44 -8.82691e-42  1.99735e-44  1.10945e-41  -3.0428e-44 -1.25617e-41  4.28895e-44  1.28606e-41 -5.57637e-44 -1.20537e-41  6.66347e-44  1.05934e-41  -7.2876e-44 -9.00349e-42  7.25938e-44   7.5435e-42 -6.54911e-44 -6.15764e-42  5.31521e-44  4.71627e-42  -3.8497e-44 -3.25403e-42  2.46411e-44  1.96335e-42 -1.37705e-44 -1.01681e-42  6.61608e-45  4.45493e-43 -2.67818e-45 -1.62031e-43  8.88628e-46  4.74417e-44 -2.32337e-46 -1.06463e-44  4.50367e-47  1.69155e-45 -5.81827e-48 -1.63848e-46  3.94556e-49  6.22556e-48
-5.95476e-36 -3.19096e-51  8.84526e-35 -9.82531e-51 -4.19155e-35 -1.75983e-50 -6.11722e-35  7.57554e-51  6.92643e-35  2.66052e-50 -4.91401e-35  4.02463e-50  2.96271e-36 -2.22246e-49  2.43299e-35  9.54752e-49 -2.58851e-35  2.39906e-48  1.07497e-35  2.96208e-47  1.64572e-37  2.59019e-47 -3.79675e-36  5.13712e-47  1.59847e-36  4.56644e-46 -1.13035e-36  -1.8896e-46  8.00612e-37  2.22831e-45  2.23124e-37  7.32445e-45 -2.34504e-37  3.86432e-46 -6.56687e-38  3.55392e-44  1.21507e-37  2.19312e-45 -4.48803e-38  4.74043e-44  3.03499e-38  4.91342e-44  -3.2695e-39  1.05104e-44 -1.51609e-38  5.51236e-44  1.32573e-38  5.13684e-44 -7.11953e-39   7.5533e-44   5.2151e-40  2.17684e-43   3.7613e-40 -3.23593e-44 -1.24639e-40  1.81156e-43  1.67343e-40 -8.31793e-44 -1.01187e-40  4.64809e-44 -9.08674e-42    4.663e-44  2.19443e-41   2.2922e-44  -1.2096e-42  4.00973e-44 -6.49781e-42  2.74633e-44  3.28869e-42  4.73461e-45  3.01836e-43  3.21946e-46 -1.36293e-42 -9.87353e-46  2.72367e-42 -1.42685e-45 -6.13693e-42  5.07499e-45  1.28526e-41 -1.07633e-44 -2.48626e-41  2.12354e-44  4.38242e-41 -4.09015e-44  -7.0063e-41  7.45331e-44  1.01072e-40 -1.26499e-43 -1.30779e-40  1.99476e-43  1.50892e-40 -2.91527e-43 -1.54581e-40  3.93695e-43  1.40727e-40 -4.89648e-43 -1.15341e-40  5.58699e-43  8.81646e-41 -5.82256e-43 -6.65647e-41  5.51379e-43  5.18014e-41 -4.71588e-43 -4.06758e-41  3.61688e-43  3.01098e-41 -2.46611e-43 -1.97877e-41  1.47909e-43  1.11771e-41 -7.70008e-44 -5.35016e-42  3.42021e-44  2.14656e-42 -1.26674e-44  -7.0695e-43  3.78834e-45  1.83777e-43 -8.72132e-46 -3.53884e-44  1.42942e-46  4.53841e-45 -1.43397e-47 -3.06857e-46  5.63945e-49
 2.20377e-51 -1.89033e-35 -9.82531e-51  1.57613e-34 -2.31794e-50 -7.23823e-35  -6.0403e-50 -6.79009e-35  1.29469e-50  8.88002e-35  9.65866e-50 -6.56214e-35  3.05679e-49  1.36633e-35 -1.02191e-48  2.49933e-35  6.74867e-48 -3.54705e-35  4.06787e-48  1.52293e-35  2.10605e-46  1.95794e-36  1.70679e-46 -6.94108e-36  3.43449e-46  2.33819e-36   2.5233e-45 -2.41385e-36 -9.67541e-46  1.82646e-36  1.27269e-44  2.23351e-37  3.88639e-44 -2.63908e-37  2.28288e-45 -1.64716e-37   1.6425e-43  2.11017e-37  2.38537e-44 -9.66873e-38  2.25087e-43   5.3396e-38  1.74672e-43  9.62126e-39  5.80434e-44  -2.9713e-38  2.33252e-43  2.36463e-38  2.15284e-43 -1.40072e-38  2.54053e-43  7.77398e-40  7.49243e-43  8.65779e-40 -8.15813e-44 -1.44428e-40  6.44485e-43  2.63365e-40 -2.82847e-43 -1.98067e-40  1.03375e-43 -1.16742e-41  1.40029e-43  3.60613e-41   5.6834e-44  3.34429e-42  1.26909e-43 -1.50569e-41  8.07047e-44  4.92796e-42  1.26104e-44  7.42413e-42  -2.2155e-45 -2.05652e-41  2.93231e-45    4.753e-41 -1.68469e-44 -1.04097e-40  4.54441e-44  2.09303e-40 -9.66646e-44 -3.84605e-40  1.91682e-43  6.41853e-40 -3.59316e-43 -9.66959e-40  6.30061e-43  1.30571e-39 -1.02783e-42 -1.56736e-39  1.55598e-42  1.65732e-39 -2.18002e-42 -1.52996e-39  2.81783e-42  1.22681e-39 -3.34826e-42  -8.6238e-40  3.64241e-42  5.56922e-40 -3.61053e-42 -3.66558e-40  3.24326e-42  2.68935e-40 -2.62312e-42 -2.08877e-40   1.8956e-42  1.51283e-40 -1.21262e-42 -9.43785e-41  6.78811e-43  4.94584e-41 -3.27674e-43 -2.17152e-41   1.3379e-43  7.93873e-42 -4.49997e-44 -2.35281e-42  1.20007e-44  5.36135e-43 -2.39092e-45 -8.64098e-44  3.20457e-46  8.48162e-45 -2.28122e-47 -3.26921e-46
 -1.6952e-35  8.12965e-52 -4.19155e-35 -2.31794e-50  2.23681e-34 -5.46171e-50 -1.03671e-34 -6.57687e-50 -6.12416e-35  1.53879e-51  9.60807e-35  6.15256e-49 -7.59602e-35  2.29101e-48  2.65142e-35 -6.56521e-49  2.29249e-35  4.06497e-47  -4.2713e-35 -2.24878e-47  1.81361e-35  1.22076e-45  6.08419e-36  9.75225e-46 -1.06682e-35  1.92957e-45  3.10984e-36  1.18317e-44 -4.50976e-36 -4.00396e-45  3.08683e-36  6.08946e-44  2.99892e-37  1.70702e-43 -2.30736e-37  1.83744e-44 -3.13536e-37  6.41245e-43  3.25674e-37   1.3902e-43 -1.79296e-37  8.89568e-43  8.09033e-38  5.24394e-43  3.48546e-38  2.54479e-43 -4.66881e-38  8.32659e-43  3.68189e-38  7.31674e-43 -2.41166e-38   7.3133e-43  8.44655e-40  2.21765e-42  1.67489e-39 -1.25501e-43 -1.50726e-40  1.95954e-42  3.34299e-40 -8.15802e-43 -3.21829e-40  1.56516e-43 -1.05453e-41  3.63398e-43  4.45506e-41  1.10393e-43  1.53745e-41  3.43424e-43  -1.6936e-41  1.98907e-43 -3.30112e-41  3.51226e-44  1.26598e-40 -2.82349e-44 -3.16694e-40  5.71463e-44  7.20705e-40 -1.54647e-43 -1.51179e-39   3.6345e-43  2.90065e-39 -7.52769e-43 -5.06513e-39  1.45506e-42  8.00018e-39 -2.63319e-42 -1.13467e-38   4.4414e-42  1.43247e-38 -6.96017e-42 -1.59251e-38  1.01074e-41  1.53887e-38 -1.35613e-41 -1.27295e-38  1.67547e-41  8.87829e-39 -1.89883e-41 -5.20533e-39  1.96536e-41  2.70761e-39 -1.84849e-41 -1.51634e-39  1.57061e-41  1.10505e-39  -1.1973e-41 -8.94178e-40    8.122e-42  6.39162e-40 -4.85391e-42 -3.73819e-40  2.52375e-42  1.79265e-40 -1.12326e-42 -7.16962e-41  4.18716e-43  2.38183e-41 -1.26757e-43 -6.30739e-42  2.97497e-44  1.23723e-42 -5.01357e-45 -1.61026e-43  5.22369e-46  1.10463e-44 -2.15915e-47
 3.60703e-52 -4.06567e-35 -1.75983e-50 -7.23823e-35 -5.46171e-50  2.72997e-34  -1.5989e-49 -1.31196e-34  3.69583e-49 -4.91858e-35  -2.2964e-49  9.18367e-35  4.03574e-48 -7.71489e-35  1.36577e-47   3.6585e-35  2.46893e-47  1.97749e-35  2.12149e-46 -4.68417e-35 -2.45333e-46    1.889e-35  6.06049e-45  1.24836e-35  4.90934e-45 -1.36248e-35  9.53082e-45  3.72622e-36  4.85262e-44 -7.41986e-36 -1.38328e-44  4.14788e-36  2.52671e-43  6.40268e-37  6.44722e-43 -1.73355e-37  1.16432e-43 -4.83098e-37  2.18132e-42  4.53182e-37  6.10692e-43 -2.88609e-37  3.04138e-42  1.08823e-37  1.36105e-42  6.73955e-38  9.15567e-43 -5.88643e-38  2.59846e-42  5.19735e-38  2.08572e-42  -3.7743e-38  1.86272e-42  5.77611e-40  5.83015e-42  2.87499e-39  1.52187e-44 -2.34986e-40  5.26542e-42  3.11456e-40 -2.06577e-42 -4.37979e-40  7.35447e-44 -1.31779e-41  8.37003e-43  5.28912e-41   1.6111e-43 -2.49428e-41  8.22966e-43  1.96651e-40  4.13722e-43 -6.93472e-40  1.33216e-43  1.84495e-39  -2.2428e-43 -4.39205e-39  4.99147e-43  9.60336e-39   -1.174e-42 -1.92491e-38  2.56544e-42  3.51876e-38 -5.13664e-42 -5.83289e-38  9.59837e-42  8.70725e-38 -1.67323e-41 -1.16063e-37  2.71331e-41  1.36682e-37 -4.08163e-41 -1.40293e-37  5.67975e-41  1.23289e-37 -7.28774e-41 -9.05642e-38  8.59102e-41   5.3853e-38 -9.26598e-41 -2.50434e-38  9.10095e-41  9.40778e-39 -8.09625e-41 -4.31094e-39  6.48282e-41   3.7137e-39  -4.6381e-41 -3.38254e-39  2.93901e-41  2.36041e-39 -1.63184e-41 -1.26015e-39  7.83179e-42  5.43866e-40 -3.19125e-42 -1.97754e-40  1.07694e-42  5.97467e-41 -2.90212e-43 -1.39843e-41  5.89427e-44  2.29824e-42  -8.1371e-45 -2.28861e-43  6.03564e-46  8.97931e-45
 1.57519e-35   2.7807e-51 -6.11722e-35  -6.0403e-50 -1.03671e-34  -1.5989e-49   3.0964e-34  -6.0075e-49  -1.5457e-34  3.33689e-48  -3.9063e-35 -2.21256e-48  7.78937e-35  2.32281e-47 -6.77371e-35  6.57572e-47  4.13003e-35  2.28368e-46  1.54749e-35  9.77998e-46 -4.85389e-35 -1.36028e-45  1.77301e-35  2.65554e-44  2.03763e-35  2.19897e-44 -1.43379e-35  4.23226e-44  4.06322e-36  1.77296e-43 -1.08976e-35 -4.07083e-44  4.45628e-36  9.29322e-43  1.44518e-36  2.14428e-42 -1.88948e-37  5.67688e-43 -6.10819e-37   6.5874e-42  5.61536e-37  2.23282e-42 -4.05786e-37  9.22387e-42  1.33818e-37  3.06179e-42  9.33999e-38   2.7703e-42 -5.54056e-38   7.2564e-42  6.86006e-38  5.05053e-42 -5.48876e-38  4.28888e-42 -8.77842e-41  1.38871e-41  4.54172e-39  8.58046e-43 -5.69996e-40  1.27562e-41  8.31857e-41 -4.69704e-42 -4.67138e-40 -4.88478e-43 -1.26347e-40  1.73847e-42  3.66029e-40  1.28285e-43 -1.11559e-39  1.80904e-42  3.51767e-39  6.49481e-43 -9.64572e-39  7.01545e-43  2.39397e-38  -1.5408e-42 -5.45819e-38  3.50384e-42  1.14227e-37 -7.78956e-42 -2.18504e-37   1.6222e-41   3.8001e-37 -3.13507e-41 -5.97018e-37  5.65012e-41  8.40636e-37 -9.48028e-41 -1.05043e-36  1.47707e-40   1.1501e-36 -2.13096e-40 -1.08471e-36  2.83789e-40  8.60279e-37 -3.47644e-40 -5.52975e-37  3.90184e-40  2.70449e-37 -3.99434e-40  -8.8611e-38  3.71055e-40  1.46861e-38 -3.10963e-40 -4.76115e-39  2.33524e-40  1.10856e-38 -1.55916e-40 -1.19793e-38  9.16888e-41  7.75111e-39 -4.69485e-41 -3.62278e-39  2.06268e-41   1.3895e-39 -7.62362e-42 -4.64096e-40  2.30404e-42  1.27835e-40 -5.44994e-43 -2.59092e-41   9.3661e-44  3.42668e-42 -1.00856e-44 -2.38748e-43  4.36961e-46
  1.1286e-51  4.15397e-35  7.57554e-51 -6.79009e-35 -6.57687e-50 -1.31196e-34  -6.0075e-49  3.47113e-34 -2.57761e-48 -1.75332e-34  1.87706e-47 -3.35522e-35 -1.44508e-47   5.5855e-35  1.18813e-46 -4.89236e-35  2.61891e-46  4.24458e-35  1.33619e-45  8.57708e-36  4.03822e-45 -5.03282e-35 -5.60102e-45  1.54651e-35  1.04769e-43  2.87885e-35  8.83315e-44 -1.20458e-35  1.70811e-43  4.30457e-36  5.83796e-43 -1.45044e-35 -1.03919e-43  3.52783e-36  3.07495e-42  2.84903e-36  6.38074e-42 -4.04273e-37  2.23488e-42 -6.07108e-37  1.78707e-41  5.89866e-37  7.12908e-42  -4.9847e-37  2.52662e-41  1.56212e-37  5.83127e-42  9.18118e-38  7.16336e-42 -2.48356e-38  1.84424e-41  8.71981e-38  1.03196e-41 -7.49377e-38   9.0709e-42 -1.20514e-39  3.03606e-41  6.76606e-39  3.44304e-42 -1.31831e-39  2.82031e-41 -5.94322e-40 -9.74307e-42  4.20216e-41 -2.21454e-42 -1.74086e-39  3.30886e-42  5.35598e-39 -2.24955e-43 -1.62975e-38  3.89868e-42  4.58675e-38  4.72782e-44  -1.1832e-37  4.16996e-42  2.80998e-37 -9.71504e-42 -6.13593e-37  2.18711e-41  1.22722e-36 -4.67899e-41 -2.23726e-36  9.37042e-41  3.69563e-36 -1.74754e-40 -5.49163e-36  3.03547e-40  7.27517e-36 -4.89996e-40 -8.49399e-36  7.33057e-40  8.60713e-36 -1.01329e-39 -7.40863e-36  1.28968e-39  5.24143e-36 -1.50555e-39 -2.87647e-36  1.60494e-39  1.07374e-36 -1.55456e-39 -1.51866e-37  1.36044e-39 -8.08373e-38 -1.06875e-39  2.64758e-38  7.48154e-40  3.63429e-38 -4.62715e-40 -4.10973e-38  2.50309e-40  2.23828e-38 -1.16995e-40 -8.70494e-39  4.65141e-41  2.99161e-39 -1.53951e-41 -9.46322e-40  4.10688e-42  2.36236e-40 -8.36991e-43 -3.99173e-41  1.17931e-43   4.0105e-42 -9.09498e-45 -1.61114e-43
-1.38962e-35  9.18219e-51  6.92643e-35  1.29469e-50 -6.12416e-35  3.69583e-49  -1.5457e-34 -2.57761e-48  3.94852e-34 -1.11725e-47 -1.95337e-34  8.95942e-47 -3.10101e-35  -7.4663e-47  2.76064e-35  5.52301e-46 -2.48157e-35  8.68954e-46  4.55397e-35  6.12323e-45 -1.89578e-36  1.50544e-44 -5.62915e-35  -1.8628e-44  1.29422e-35  3.77398e-43  3.70284e-35  3.20418e-43 -7.19935e-36  6.30269e-43  5.10069e-36  1.74543e-42 -1.77539e-35 -2.37301e-43  1.14019e-36  9.24733e-42   4.8579e-36  1.71746e-41 -9.18416e-37  7.36294e-42 -3.70492e-37  4.38636e-41  4.46622e-37  2.04702e-41 -5.28125e-37  6.34005e-41  1.82286e-37  8.61607e-42   3.9025e-38  1.59573e-41  4.04053e-38  4.32194e-41  1.09622e-37  1.70894e-41 -9.61416e-38  1.78735e-41 -3.00665e-39  6.14581e-41  9.54877e-39  9.21781e-42  -2.1592e-39  5.73147e-41 -3.35286e-39 -1.86475e-41  6.41412e-39 -6.28021e-42  -2.2433e-38  5.98317e-42  6.90374e-38 -1.81587e-42 -1.99889e-37  9.53649e-42  5.35353e-37 -7.01102e-42 -1.32323e-36  2.46945e-41  3.01229e-36 -5.73301e-41 -6.29354e-36  1.26087e-40  1.20137e-35 -2.60711e-40 -2.08393e-35  5.03788e-40  3.26324e-35 -9.06742e-40 -4.57545e-35  1.51769e-39  5.68524e-35 -2.35625e-39 -6.17615e-35  3.38295e-39   5.7577e-35 -4.47642e-39 -4.48039e-35  5.43816e-39  2.77788e-35 -6.03896e-39 -1.24488e-35  6.09958e-39  2.87618e-36   -5.572e-39  7.10394e-37    4.574e-39 -8.40098e-37 -3.34941e-39  1.61223e-37  2.16965e-39  1.54751e-37 -1.23137e-39 -1.33263e-37  6.05557e-40  5.40419e-38 -2.54666e-40 -1.66736e-38  9.00904e-41  5.50284e-39 -2.62037e-41 -1.72538e-39  6.04328e-42  3.76431e-40  -1.0341e-42 -4.99797e-41  1.13863e-43  3.50702e-42 -5.18541e-45
 4.18053e-51 -3.05079e-35  2.66052e-50  8.88002e-35  1.53879e-51 -4.91858e-35  3.33689e-48 -1.75332e-34 -1.11725e-47  4.54307e-34  -4.5777e-47 -2.16969e-34  3.84152e-46 -2.75913e-35 -3.21787e-46 -4.65674e-36  2.36795e-45  -7.1033e-37  2.35679e-45  5.71051e-35  2.34315e-44 -1.46343e-35  5.08016e-44 -7.08601e-35 -5.11661e-44  1.05432e-35   1.2537e-42  4.47643e-35  1.05609e-42 -1.35866e-36  2.13557e-42  7.50516e-36  4.76048e-42 -2.03124e-35 -5.20119e-43 -2.51931e-36  2.54523e-41  7.32109e-36  4.21267e-41 -1.74213e-36  2.07253e-41  1.94943e-37  9.77167e-41  2.02118e-38  5.39533e-41  -4.6076e-37  1.47489e-40  2.25017e-37  6.18951e-42 -8.47485e-38  3.05991e-41   1.3944e-37  9.43779e-41  1.38658e-37  1.96528e-41 -1.15119e-37  3.32903e-41 -5.87038e-39  1.15893e-40  1.15649e-38  1.90666e-41  2.25674e-39  1.07449e-40 -2.72147e-38 -3.31482e-41  8.34733e-38 -1.47322e-41 -2.69047e-37   1.1472e-41  8.04088e-37  -9.4532e-42  -2.2343e-36   3.1842e-41  5.74335e-36 -5.33003e-41 -1.36198e-35  1.41078e-40  2.96972e-35 -3.20704e-40 -5.92933e-35    6.856e-40  1.07864e-34 -1.37191e-39 -1.77711e-34  2.56143e-39  2.63212e-34 -4.44996e-39 -3.47238e-34    7.177e-39  4.03173e-34 -1.07147e-38  -4.0542e-34  1.47579e-38  3.45005e-34  -1.8682e-38  -2.3948e-34  2.16421e-38  1.26454e-34 -2.28295e-38 -4.20644e-35  2.18042e-38  5.39797e-37 -1.87321e-38  8.33258e-36  1.43666e-38 -4.20581e-36 -9.75137e-39  2.27963e-37   5.7991e-39  7.13328e-37 -2.98702e-39 -3.74755e-37  1.31519e-39  9.61715e-38 -4.87635e-40   -2.329e-38   1.4959e-40  9.22112e-39 -3.70991e-41 -2.87846e-39  7.15806e-42  5.02542e-40 -9.89326e-43 -4.87436e-41  7.84024e-44  2.02499e-42
-1.41946e-36  1.10655e-50 -4.91401e-35  9.65866e-50  9.60807e-35  -2.2964e-49  -3.9063e-35  1.87706e-47 -1.95337e-34  -4.5777e-47  5.22474e-34 -1.73536e-46 -2.42832e-34  1.50245e-45 -2.01418e-35 -1.18963e-45 -3.94356e-35  9.44471e-45  1.97208e-35   4.7994e-45  8.15905e-35  7.67824e-44 -2.56931e-35  1.54789e-43 -9.70125e-35 -1.14369e-43  8.02553e-36  3.86893e-42  5.16671e-35  3.17992e-42   3.4573e-36  6.67413e-42   1.2667e-35  1.18757e-41 -2.22083e-35 -1.24222e-42 -6.79005e-36  6.43993e-41  9.93645e-36   9.4602e-41 -2.76497e-36  5.02248e-41  1.16516e-36  1.97319e-40  -7.9808e-37  1.32542e-40 -2.76609e-37  3.21494e-40  3.02578e-37 -1.72478e-41 -2.89034e-37  4.98029e-41  2.60376e-37  1.93702e-40  1.76771e-37  1.17943e-42 -1.27353e-37  5.95323e-41 -6.93723e-39  2.04488e-40 -4.07761e-39  3.08016e-41  7.53544e-38  1.85905e-40 -2.95093e-37 -5.44877e-41  9.67451e-37 -3.27035e-41 -3.00296e-36  2.95792e-41  8.65511e-36 -5.07195e-41 -2.31215e-35  1.44308e-40  5.70733e-35 -3.20515e-40 -1.29759e-34  7.75802e-40  2.70694e-34 -1.71742e-39 -5.15782e-34  3.56252e-39  8.92704e-34 -6.90168e-39 -1.39407e-33  1.24565e-38  1.94798e-33 -2.08903e-38 -2.40988e-33   3.2465e-38  2.60284e-33 -4.66032e-38 -2.40698e-33  6.15673e-38  1.85031e-33 -7.45394e-38 -1.12322e-33  8.23019e-38  4.79732e-34 -8.24092e-38 -8.77327e-35  7.43423e-38 -5.03581e-35 -5.99594e-38   4.6603e-35  4.28467e-38 -1.33682e-35 -2.68393e-38 -2.13915e-36  1.45515e-38  2.80444e-36 -6.72664e-39 -7.82998e-37   2.6048e-39  7.37583e-38 -8.28096e-40 -2.08172e-38  2.11419e-40  1.60366e-38 -4.23316e-41 -4.29827e-39   6.4245e-42   5.2467e-40 -6.71441e-43 -3.49328e-41  3.19394e-44
 1.57525e-50 -1.89744e-36  4.02463e-50 -6.56214e-35  6.15256e-49  9.18367e-35 -2.21256e-48 -3.35522e-35  8.95942e-47 -2.16969e-34 -1.73536e-46  5.95564e-34 -6.09031e-46  -2.7407e-34   5.3861e-45  -8.9383e-36 -3.84482e-45  -7.6817e-35  3.51875e-44  3.62256e-35  4.48559e-45  1.19814e-34  2.16744e-43 -3.00289e-35  4.22269e-43 -1.34654e-34  -1.9199e-43  4.87657e-36  1.11523e-41  5.68523e-35  8.78839e-42  5.64914e-36  1.93332e-41  2.13837e-35  2.71301e-41   -2.397e-35 -3.55276e-42 -1.05961e-35   1.5011e-40  1.22876e-35  1.94888e-40 -3.77111e-36  1.03953e-40  2.58422e-36    3.583e-40 -2.08388e-36   3.0701e-40  2.51789e-38  6.63115e-40   4.3383e-37 -1.00001e-40 -5.67878e-37  6.59279e-41   3.8064e-37  3.76291e-40  2.26208e-37 -7.51034e-41 -1.37331e-37  1.03814e-40  4.19348e-38  3.38732e-40  -2.3356e-37  3.48733e-41  9.34349e-37  2.95355e-40 -3.25685e-36 -7.89063e-41  1.04561e-35 -8.19165e-41 -3.12773e-35  1.17574e-40  8.67843e-35 -2.81909e-40 -2.22821e-34  7.50028e-40  5.27787e-34 -1.77879e-39 -1.14926e-33  4.11588e-39  2.29088e-33 -8.85332e-39 -4.15934e-33  1.78058e-38  6.83636e-33 -3.33942e-38 -1.00957e-32  5.82637e-38  1.32694e-32 -9.43122e-38 -1.53337e-32  1.41212e-37  1.53212e-32 -1.94891e-37 -1.29209e-32  2.46939e-37   8.8433e-33 -2.85919e-37 -4.54777e-33  3.00888e-37  1.40127e-33 -2.85974e-37  9.41571e-35  2.43643e-37 -3.67181e-34 -1.84418e-37  1.79436e-34  1.22683e-37  -1.9757e-35 -7.07862e-38 -1.82115e-35  3.48455e-38  8.22864e-36 -1.43336e-38 -6.89599e-37  4.79776e-39 -2.16258e-37 -1.26312e-39 -2.21829e-38  2.50846e-40  3.02397e-38 -3.59673e-41 -5.16688e-39   3.6311e-42   3.7877e-40 -2.46017e-43  -1.6935e-41
 1.05149e-35 -4.22904e-52  2.96271e-36  3.05679e-49 -7.59602e-35  4.03574e-48  7.78937e-35 -1.44508e-47 -3.10101e-35  3.84152e-46 -2.42832e-34 -6.09031e-46  6.70605e-34 -1.99812e-45 -3.08931e-34  1.77134e-44  1.12028e-36 -1.10561e-44 -1.18122e-34   1.2255e-43  5.12222e-35 -1.84516e-44  1.69691e-34  5.20199e-43 -2.40837e-35  1.01304e-42 -1.79997e-34 -1.58046e-43  1.10766e-36  3.01542e-41  5.84902e-35  2.23843e-41  4.74491e-36  5.21918e-41  3.37019e-35  5.67725e-41 -2.66056e-35 -1.14588e-41 -1.26497e-35  3.22282e-40  1.39153e-35  3.67941e-40  -4.5012e-36  1.76859e-40  4.44839e-36  5.72956e-40 -3.84935e-36  6.76222e-40  4.28898e-37  1.30575e-39   6.3034e-37 -3.21861e-40 -8.95965e-37  6.17082e-41  4.65381e-37  6.95835e-40  3.13963e-37  -2.7478e-40 -2.76516e-37   1.7875e-40  7.08509e-37  5.27889e-40 -2.83933e-36  1.02799e-41  1.02307e-35  4.20836e-40 -3.41382e-35 -7.16258e-41  1.05878e-34  -2.7825e-40 -3.05013e-34  5.97697e-40  8.14042e-34 -1.55787e-39 -2.00728e-33  3.98436e-39  4.55808e-33 -9.41602e-39 -9.49484e-33  2.10598e-38  1.80598e-32 -4.39573e-38 -3.11911e-32   8.5656e-38  4.85824e-32 -1.55446e-37 -6.76666e-32  2.62073e-37  8.33701e-32 -4.09305e-37 -8.95661e-32  5.90261e-37  8.22259e-32 -7.83047e-37 -6.25399e-32  9.51468e-37  3.72985e-32 -1.05359e-36  -1.5328e-32  1.05695e-36  2.26432e-33  -9.5387e-37  2.06429e-33  7.67952e-37 -1.68641e-33 -5.45946e-37  4.68248e-34  3.38408e-37  6.25381e-35 -1.79986e-37 -7.91477e-35  8.04362e-38  1.47949e-35 -2.93574e-38  2.66238e-36  8.40017e-39 -9.21124e-37 -1.76799e-39 -1.13571e-37  2.44159e-40   5.1362e-38 -1.68205e-41 -3.86725e-39 -6.48475e-45  1.55843e-40  2.65817e-44
 1.36275e-50  1.92653e-35 -2.22246e-49  1.36633e-35  2.29101e-48 -7.71489e-35  2.32281e-47   5.5855e-35  -7.4663e-47 -2.75913e-35  1.50245e-45  -2.7407e-34 -1.99812e-45  7.46434e-34 -6.21094e-45 -3.43073e-34  5.33451e-44  1.57459e-36 -2.89553e-44 -1.64312e-34  3.98438e-43  6.67586e-35 -1.36235e-43  2.28396e-34   1.0075e-42 -7.90861e-36  2.05442e-42 -2.26359e-34  3.87864e-43 -1.86408e-36  7.67533e-41  5.38945e-35  5.27303e-41  1.63711e-36   1.3207e-40  4.87515e-35  1.08845e-40 -3.13751e-35 -3.68877e-41 -1.17782e-35  6.35389e-40  1.44232e-35  6.33313e-40 -4.73246e-36   2.1467e-40  6.68047e-36  7.63975e-40 -6.01988e-36   1.4244e-39  9.11735e-37  2.47326e-39   8.8385e-37 -8.29191e-40 -1.21489e-36  1.12816e-41  4.04702e-37  1.23051e-39  8.00587e-37 -6.95375e-40 -2.09934e-36  3.06167e-40  8.13091e-36  7.72425e-40 -3.03204e-35 -6.76209e-41   1.0479e-34  4.76978e-40 -3.37034e-34  1.79601e-40  1.00747e-33 -1.25593e-39 -2.79333e-33  3.20895e-39   7.1652e-33 -8.36128e-39 -1.69531e-32  2.06957e-38  3.68665e-32 -4.77894e-38 -7.33718e-32  1.03552e-37   1.3296e-31 -2.09492e-37 -2.18027e-31  3.95179e-37  3.21053e-31 -6.93433e-37 -4.20468e-31  1.12892e-36  4.83645e-31 -1.70008e-36 -4.80302e-31  2.36007e-36  4.01587e-31 -3.00814e-36 -2.71236e-31  3.50414e-36  1.36117e-31 -3.71041e-36 -3.90172e-32  3.54851e-36 -5.51382e-33 -3.04186e-36  1.22475e-32  2.31573e-36 -5.58243e-33  -1.5479e-36   5.0844e-34  8.95487e-37   5.7378e-34  -4.4005e-37 -2.20524e-34  1.79073e-37 -1.66201e-36 -5.81696e-38  1.44381e-35  1.42264e-38 -1.26991e-36 -2.34337e-39 -4.40042e-37  1.88111e-40  5.77466e-38   8.0747e-42  -3.4548e-41 -2.41298e-42  4.25976e-41
-6.81355e-36  1.17667e-49  2.43299e-35 -1.02191e-48  2.65142e-35  1.36577e-47 -6.77371e-35  1.18813e-46  2.76064e-35 -3.21787e-46 -2.01418e-35   5.3861e-45 -3.08931e-34 -6.21094e-45  8.24733e-34 -1.85528e-44 -3.71381e-34  1.46394e-43 -1.67619e-35 -7.16981e-44 -2.14073e-34  1.20594e-42  8.10098e-35 -5.63471e-43  2.94294e-34  1.27327e-42  1.43503e-35  3.15255e-42 -2.66143e-34  2.30871e-42  -7.7929e-37   1.8454e-40  4.01725e-35  1.15256e-40 -1.74292e-36   3.1512e-40  6.49095e-35  1.91638e-40 -3.93898e-35 -1.10456e-40 -7.29569e-36  1.14188e-39  1.35982e-35  9.81549e-40 -4.33877e-36   3.7193e-41  9.09866e-36  7.00327e-40 -8.42572e-36  2.87877e-39    1.463e-36  4.53226e-39   1.1244e-36 -1.86008e-39 -1.27048e-36   -1.087e-40 -7.53806e-37  2.08924e-39  5.72542e-36 -1.45593e-39 -2.20752e-35  5.25674e-40  8.47906e-35  1.03822e-39 -3.03597e-34 -1.47783e-40  1.01189e-33   4.0964e-41 -3.13738e-33  1.85196e-39  9.03171e-33 -6.37531e-39 -2.40843e-32  1.69111e-38  5.93277e-32 -4.30925e-38 -1.34558e-31  1.03366e-37  2.79893e-31 -2.31856e-37 -5.31455e-31  4.86644e-37  9.15957e-31 -9.53168e-37 -1.42302e-30  1.73891e-36   1.9757e-30 -2.94767e-36  -2.4244e-30  4.63003e-36  2.59089e-30 -6.71769e-36 -2.36153e-30  8.97035e-36  1.77734e-30  -1.0978e-35 -1.04158e-30  1.22528e-35  4.11733e-31 -1.24007e-35 -4.64496e-32  1.13029e-35 -6.67194e-32 -9.20245e-36  4.91469e-32  6.62596e-36 -1.23896e-32 -4.16693e-36  -2.3541e-33  2.25265e-36  2.28187e-33   -1.025e-36 -3.30549e-34    3.812e-37 -1.16077e-34 -1.10875e-37  3.44518e-35  2.33946e-38  1.53755e-36 -3.03624e-39 -9.35245e-37  1.09941e-40  1.19263e-38   2.6183e-41  2.96299e-39 -2.32078e-42
 7.04222e-50 -1.56475e-35  9.54752e-49  2.49933e-35 -6.56521e-49   3.6585e-35  6.57572e-47 -4.89236e-35  5.52301e-46 -4.65674e-36 -1.18963e-45  -8.9383e-36  1.77134e-44 -3.43073e-34 -1.85528e-44  9.10257e-34  -5.3887e-44 -3.90111e-34  3.62495e-43 -6.03273e-35  -1.7739e-43 -2.62601e-34  3.38483e-42  8.64467e-35 -1.85057e-42  3.67377e-34 -6.82823e-43  3.57895e-35   1.8959e-42 -2.93171e-34  6.77254e-42  9.03145e-36  4.20688e-40  1.52211e-35  2.34513e-40 -3.18296e-36  7.12994e-40  8.02422e-35  3.12948e-40 -5.11541e-35 -3.00681e-40  7.04728e-37  1.84211e-39  1.15063e-35  1.33242e-39 -3.30276e-36 -7.98824e-40  1.13977e-35 -1.33513e-40 -1.08256e-35  5.59013e-39  2.17119e-36  8.06376e-39  8.35251e-37 -3.75602e-39  1.21183e-36 -2.92798e-40 -1.29861e-35  3.42009e-39   5.6954e-35 -2.67102e-39 -2.24522e-34  9.32564e-40  8.32083e-34  1.12057e-39 -2.87335e-33  3.50816e-40  9.23632e-33 -3.03311e-39 -2.75928e-32  1.10968e-38  7.64456e-32 -3.25933e-38 -1.95913e-31  8.55117e-38   4.6303e-31 -2.11784e-37  -1.0056e-30  4.92204e-37  1.99823e-30    -1.07e-36 -3.61422e-30  2.17368e-36  5.91294e-30 -4.11757e-36 -8.68234e-30  7.25771e-36  1.13304e-29 -1.18734e-35 -1.29731e-29  1.79769e-35  1.28048e-29 -2.51063e-35 -1.06141e-29  3.22196e-35  7.07322e-30 -3.78271e-35 -3.46101e-30   4.0419e-35    9.154e-31 -3.90682e-35  2.08548e-31  3.39134e-35 -3.40365e-31  -2.6208e-35  1.43651e-31  1.78385e-35 -8.16651e-33 -1.05515e-35 -1.67495e-32  5.33069e-36  5.64053e-33 -2.24756e-36  2.82617e-34  7.65412e-37 -4.30156e-34 -2.00256e-37  3.49822e-35   3.6857e-38   1.0657e-35 -3.88164e-39 -9.42886e-37  5.17079e-41 -7.69618e-38  2.84052e-41  1.73953e-39
 2.16874e-36  5.72212e-49 -2.58851e-35  6.74867e-48  2.29249e-35  2.46893e-47  4.13003e-35  2.61891e-46 -2.48157e-35  2.36795e-45 -3.94356e-35 -3.84482e-45  1.12028e-36  5.33451e-44 -3.71381e-34  -5.3887e-44  1.00967e-33 -1.53052e-43 -3.98598e-34  7.93996e-43 -1.29857e-34 -4.63281e-43 -3.01631e-34   8.7637e-42    7.078e-35 -5.24091e-42  4.48199e-34 -1.16074e-41  4.91673e-35 -9.66554e-42 -3.04429e-34   1.3607e-41  3.23381e-35  9.13426e-40  -2.1343e-35  4.45876e-40 -1.09518e-36  1.53763e-39  9.30452e-35   4.8834e-40 -6.62125e-35 -7.41785e-40  1.12522e-35   2.5794e-39  8.52039e-36  1.47647e-39 -1.68205e-36 -3.20974e-39  1.31867e-35  -2.7104e-39  -1.3096e-35   1.0431e-38  4.06426e-36  1.39483e-38 -5.06085e-36 -6.93876e-39  2.95443e-35 -4.66551e-40 -1.37348e-34  5.43195e-39  5.64601e-34 -4.44573e-39 -2.16278e-33  1.88687e-39  7.73457e-33 -7.98206e-41 -2.57671e-32  4.86557e-39  7.98456e-32 -1.94876e-38 -2.29697e-31  5.82663e-38  6.12012e-31 -1.60822e-37  -1.5061e-30  4.11207e-37  3.41188e-30 -9.87521e-37 -7.08695e-30  2.22224e-36  1.34336e-29 -4.67583e-36 -2.31047e-29  9.18542e-36   3.5804e-29 -1.68115e-35 -4.95527e-29  2.86021e-35  6.05619e-29 -4.51156e-35   -6.438e-29  6.57784e-35  5.82566e-29 -8.83403e-35 -4.33779e-29  1.08846e-34  2.49633e-29 -1.22467e-34 -9.46163e-30  1.25146e-34  7.01932e-31 -1.15401e-34  1.81314e-30  9.52949e-35  -1.2176e-30 -6.98174e-35  2.72466e-31   4.4867e-35  7.52017e-32 -2.49291e-35 -5.82073e-32  1.17544e-35  6.81381e-33 -4.58652e-36  3.32434e-33  1.42897e-36 -8.44014e-34 -3.36377e-37 -5.34552e-35  5.42496e-38  2.19832e-35 -4.76094e-39  3.51388e-37  3.55878e-41 -1.13976e-37  1.68024e-41
 1.85965e-49  5.93684e-36  2.39906e-48 -3.54705e-35  4.06497e-47  1.97749e-35  2.28368e-46  4.24458e-35  8.68954e-46  -7.1033e-37  9.44471e-45  -7.6817e-35 -1.10561e-44  1.57459e-36  1.46394e-43 -3.90111e-34 -1.53052e-43  1.12964e-33 -4.23847e-43  -4.0039e-34  1.47077e-42  -2.1888e-34 -1.29638e-42 -3.20687e-34  2.07599e-41  2.03322e-35 -1.32259e-41  5.36165e-34 -5.07498e-41  4.93047e-35 -5.16125e-41 -3.00599e-34  1.54321e-41  7.23024e-35  1.89982e-39  -6.7714e-35  7.96189e-40  4.76239e-36  3.17367e-39  1.02255e-34  7.78761e-40 -8.30435e-35 -1.66249e-39  2.26417e-35  2.86468e-39  5.26085e-36  1.01566e-39  3.99304e-37 -8.85844e-39  1.43594e-35 -8.64484e-39 -1.70084e-35  1.86921e-38  1.79237e-35  2.34467e-38 -6.82637e-35 -1.18262e-38  3.15675e-34  -4.5347e-40 -1.34718e-33  8.48899e-39  5.34291e-33 -7.11099e-39 -1.97781e-32  5.11717e-39  6.82608e-32 -8.18991e-39 -2.19311e-31  3.08728e-38  6.54766e-31 -1.00727e-37 -1.81266e-30  2.84448e-37  4.64128e-30 -7.54615e-37 -1.09577e-29  1.87174e-36  2.37673e-29 -4.35308e-36  -4.7155e-29  9.47789e-36  8.51308e-29 -1.92839e-35 -1.38959e-28  3.66005e-35  2.03467e-28  -6.4665e-35  -2.6458e-28  1.06095e-34  3.01551e-28 -1.61203e-34 -2.95809e-28   2.2611e-34  2.43056e-28 -2.91715e-34 -1.59745e-28  3.44713e-34  7.60955e-29 -3.71268e-34 -1.83126e-29  3.62374e-34 -6.17995e-30 -3.18358e-34  8.13542e-30  2.49709e-34 -3.17423e-30 -1.73153e-34  5.62688e-32  1.04858e-34  4.22192e-31 -5.46066e-35 -1.25915e-31  2.39673e-35 -1.08924e-32 -8.62722e-36  1.03252e-32  2.44922e-36  -6.0471e-34 -5.16119e-37 -2.77015e-34  7.25111e-38  1.83004e-35 -5.30626e-39   2.3123e-36  4.36058e-41 -4.71405e-38
 1.24118e-37  3.09022e-48  1.07497e-35  4.06787e-48  -4.2713e-35  2.12149e-46  1.54749e-35  1.33619e-45  4.55397e-35  2.35679e-45  1.97208e-35  3.51875e-44 -1.18122e-34 -2.89553e-44 -1.67619e-35  3.62495e-43 -3.98598e-34 -4.23847e-43  1.27538e-33 -1.13188e-42  -4.0371e-34  2.01154e-42 -3.14235e-34 -3.75257e-42  -3.0926e-34  4.43481e-41 -7.54674e-35 -3.02533e-41   6.2819e-34  -1.6801e-40  3.45877e-35  -1.6544e-40  -2.8534e-34  -1.8096e-41  1.29092e-34  3.81182e-39 -1.20062e-34   1.3454e-39  1.30102e-35  6.28671e-39  1.07581e-34  1.39521e-39 -9.92694e-35 -3.39327e-39  3.27697e-35   1.6401e-39   2.5493e-36 -6.57635e-40  2.19548e-36 -2.04427e-38  1.85939e-35 -2.03214e-38  -4.4267e-35  3.21408e-38  1.52949e-34  3.82412e-38   -6.958e-34 -1.86547e-38  3.05999e-33  -4.2781e-41  -1.2562e-32  1.35714e-38   4.8132e-32 -1.27565e-38 -1.72037e-31  1.91278e-38  5.72852e-31 -5.04342e-38 -1.77412e-30  1.60442e-37  5.10027e-30 -4.79006e-37 -1.35783e-29  1.30619e-36  3.33825e-29 -3.34842e-36 -7.55361e-29  8.04281e-36  1.56681e-28 -1.80986e-35 -2.96495e-28  3.80998e-35  5.08905e-28 -7.48985e-35 -7.86635e-28  1.37238e-34  1.08528e-27 -2.33866e-34 -1.32108e-27  3.69702e-34  1.39694e-27 -5.40594e-34 -1.25484e-27  7.28754e-34  9.24157e-28 -9.02229e-34 -5.21833e-28   1.0213e-33  1.88833e-28  -1.0516e-33 -5.69858e-30  9.78976e-34 -4.24765e-29 -8.18087e-34  2.62152e-29  6.08396e-34 -5.11113e-30 -3.98442e-34 -1.98761e-30  2.26809e-34  1.28787e-30  -1.1037e-34 -1.16528e-31  4.49219e-35 -8.03686e-32 -1.48428e-35  1.73022e-32   3.8132e-36  1.69221e-33 -7.11891e-37 -4.90686e-34  8.56112e-38 -1.43604e-35 -5.04184e-39  2.63824e-36  3.88702e-41
 3.08701e-49 -7.34472e-38  2.96208e-47  1.52293e-35 -2.24878e-47 -4.68417e-35  9.77998e-46  8.57708e-36  6.12323e-45  5.71051e-35   4.7994e-45  3.62256e-35   1.2255e-43 -1.64312e-34 -7.16981e-44 -6.03273e-35  7.93996e-43  -4.0039e-34 -1.13188e-42  1.45004e-33 -2.86622e-42 -4.20814e-34  6.42658e-43 -3.98699e-34 -1.07054e-41 -2.59408e-34  8.29202e-41 -2.19957e-34 -6.35585e-41  7.18325e-34 -4.85184e-40  7.19898e-36 -4.20877e-40 -2.63794e-34 -1.76775e-40  1.99401e-34   7.4378e-39 -1.73227e-34  2.17624e-39  2.09261e-35  1.19672e-38  1.09334e-34  2.92352e-39 -1.12117e-34 -6.30835e-39  3.94001e-35 -2.95536e-39  2.33174e-36 -4.27355e-39 -4.07464e-36 -4.18997e-38  6.84499e-35 -4.08636e-38 -3.14918e-34   5.2992e-38   1.4665e-33  6.03743e-38  -6.6328e-33  -2.7118e-38   2.8157e-32  4.35066e-40  -1.1165e-31  2.44911e-38  4.13175e-31 -3.28191e-38 -1.42537e-30     8.39e-38  4.57714e-30 -2.50762e-37  -1.3657e-29  7.54679e-37  3.77806e-29 -2.14115e-36 -9.66515e-29  5.65348e-36  2.27947e-28 -1.40188e-35 -4.93796e-28  3.25793e-35  9.78222e-28 -7.08868e-35 -1.76278e-27  1.44186e-34  2.87091e-27 -2.73675e-34 -4.19192e-27  4.83753e-34  5.43177e-27 -7.94471e-34 -6.16242e-27  1.20905e-33  6.00765e-27 -1.69981e-33 -4.89242e-27  2.20001e-33   3.1698e-27 -2.61074e-33 -1.46731e-27  2.82742e-33  3.15113e-28 -2.77931e-33   1.5222e-28  2.46385e-33 -1.70046e-28 -1.95485e-33  6.12403e-29  1.37543e-33  1.55577e-30 -8.48611e-34  -9.2276e-30  4.52699e-34  2.43545e-30 -2.05073e-34  3.14213e-31  7.70235e-35 -2.15836e-31 -2.32054e-35  7.45598e-33  5.34223e-36  6.34634e-33  -8.6954e-37 -3.19975e-34  8.67697e-38 -5.33827e-35  -3.7752e-39  8.26202e-37
-7.59515e-37   3.2849e-48  1.64572e-37  2.10605e-46  1.81361e-35 -2.45333e-46 -4.85389e-35  4.03822e-45 -1.89578e-36  2.34315e-44  8.15905e-35  4.48559e-45  5.12222e-35  3.98438e-43 -2.14073e-34  -1.7739e-43 -1.29857e-34  1.47077e-42  -4.0371e-34 -2.86622e-42  1.65489e-33 -6.73928e-42 -4.65838e-34  -8.0856e-42 -4.55223e-34 -2.91721e-41 -1.68209e-34  1.25586e-40 -4.06699e-34 -1.24917e-40  7.98404e-34 -1.28751e-39 -2.77991e-35 -9.04726e-40  -2.4097e-34  -6.8712e-40   2.7702e-34  1.42301e-38 -2.21652e-34  3.42603e-39  2.52075e-35  2.18874e-38   1.0805e-34  6.71995e-39 -1.18744e-34 -1.06365e-38  3.86473e-35  -1.3675e-38  1.90743e-35 -1.03919e-38 -9.83365e-35 -7.83813e-38  5.88251e-34  -7.3826e-38 -2.93557e-33  8.37636e-38  1.37334e-32  9.19279e-38 -6.02613e-32 -3.53923e-38  2.47218e-31  -2.7749e-39 -9.46977e-31  5.80342e-38  3.38351e-30 -1.21941e-37 -1.12613e-29  3.76559e-37   3.4857e-29 -1.13975e-36 -1.00141e-28  3.30633e-36  2.66393e-28 -9.02637e-36  -6.5431e-28   2.3072e-35  1.47886e-27 -5.53375e-35 -3.06333e-27  1.24352e-34  5.78734e-27 -2.61461e-34 -9.91341e-27  5.13551e-34  1.52855e-26 -9.40515e-34  -2.1023e-26   1.6026e-33  2.54884e-26 -2.53453e-33 -2.68092e-26  3.70991e-33  2.39044e-26 -5.00992e-33 -1.74085e-26  6.21863e-33  9.63636e-27 -7.06492e-33 -3.31226e-27  7.31009e-33 -6.83498e-29  -6.8491e-33  8.71136e-28  5.77143e-33 -4.97049e-28 -4.33854e-33  8.23108e-29  2.88102e-33  4.46988e-29 -1.66967e-33 -2.49511e-29  8.31724e-34  1.56367e-30 -3.49152e-34  1.70252e-30   1.2029e-34 -3.09759e-31 -3.27663e-35 -4.27976e-32  6.67192e-36  9.58038e-33 -9.25302e-37  4.00819e-34  7.28087e-38 -5.12659e-35 -1.91123e-39
 4.14437e-49 -1.81531e-36  2.59019e-47  1.95794e-36  1.22076e-45    1.889e-35 -1.36028e-45 -5.03282e-35  1.50544e-44 -1.46343e-35  7.67824e-44  1.19814e-34 -1.84516e-44  6.67586e-35  1.20594e-42 -2.62601e-34 -4.63281e-43  -2.1888e-34  2.01154e-42 -4.20814e-34 -6.73928e-42  1.88925e-33 -1.43133e-41 -5.51149e-34 -3.79251e-41 -4.71645e-34 -7.51598e-41 -3.93643e-35  1.10445e-40 -6.19298e-34 -2.37976e-40   8.5952e-34 -3.22061e-39 -6.40752e-35 -1.65941e-39 -2.20566e-34 -2.06686e-39  3.54177e-34  2.68752e-38 -2.60259e-34  5.36171e-39    2.304e-35  3.84088e-38  1.03677e-34  1.54851e-38 -1.13632e-34 -1.60622e-38  5.36627e-36 -3.38722e-38  1.95407e-34 -1.87972e-38   -1.063e-33 -1.35832e-37  5.59262e-33 -1.22546e-37 -2.71641e-32  1.27115e-37  1.23295e-31  1.33849e-37   -5.232e-31 -3.64691e-38    2.074e-30 -2.97411e-38 -7.67266e-30  1.87725e-37  2.64584e-29 -5.18835e-37 -8.49212e-29  1.63545e-36  2.53232e-28  -4.8536e-36 -7.00041e-28  1.36175e-35  1.78934e-27 -3.59114e-35 -4.21574e-27   8.8816e-35  9.12124e-27 -2.05984e-34 -1.80426e-26  4.47353e-34  3.24546e-26 -9.08454e-34 -5.27394e-26  1.72204e-33  7.67945e-26 -3.04098e-33 -9.91598e-26  4.99144e-33  1.11984e-25 -7.59553e-33 -1.08493e-25  1.06838e-32   8.7556e-26 -1.38436e-32 -5.58959e-26  1.64604e-32  2.50932e-26 -1.78789e-32 -4.67968e-27  1.76473e-32 -3.21374e-27 -1.57322e-32  3.14508e-27  1.25754e-32 -1.04242e-27 -8.93534e-33 -7.69716e-29  5.58424e-33  1.77284e-28 -3.02965e-33 -4.11692e-29  1.40334e-33  -7.4573e-30 -5.42992e-34   3.9951e-30  1.70351e-34 -4.38783e-32 -4.15108e-35 -1.26381e-31  7.34827e-36  4.56616e-33   -8.399e-37  1.07744e-33  4.76268e-38 -1.14593e-35
 4.71372e-37  5.88919e-48 -3.79675e-36  1.70679e-46  6.08419e-36  6.06049e-45  1.77301e-35 -5.60102e-45 -5.62915e-35  5.08016e-44 -2.56931e-35  2.16744e-43  1.69691e-34 -1.36235e-43  8.10098e-35  3.38483e-42 -3.01631e-34 -1.29638e-42 -3.14235e-34  6.42658e-43 -4.65838e-34 -1.43133e-41  2.14996e-33 -2.62295e-41 -6.83015e-34 -1.19415e-40 -4.44452e-34 -1.84007e-40   1.1663e-34 -1.65312e-40 -8.33851e-34 -4.67858e-40  8.93893e-34 -7.69544e-39 -9.57293e-35 -2.51963e-39 -2.04505e-34 -5.42137e-39  4.23103e-34  5.02851e-38 -2.85186e-34  8.52177e-39  1.37669e-35   6.4532e-38   9.0323e-35  3.39222e-38 -5.62318e-35 -2.10454e-38 -3.03854e-34 -6.65268e-38   1.9118e-33 -2.75053e-38 -1.02227e-32 -2.20008e-37  5.14069e-32   -1.893e-37 -2.41394e-31  1.86313e-37  1.05955e-30  1.81436e-37 -4.34569e-30 -2.82293e-39  1.66415e-29 -1.70867e-37 -5.94378e-29  7.21441e-37  1.97739e-28 -2.19692e-36 -6.11737e-28  6.75914e-36  1.75635e-27 -1.94899e-35 -4.66859e-27  5.29131e-35  1.14564e-26 -1.34934e-34 -2.58648e-26  3.22767e-34  5.35056e-26 -7.23572e-34 -1.00921e-25  1.51805e-33  1.72531e-25 -2.97587e-33 -2.65376e-25  5.44084e-33  3.63864e-25  -9.2583e-33   -4.394e-25  1.46274e-32  4.59725e-25 -2.13985e-32 -4.06863e-25  2.88946e-32  2.92922e-25 -3.58845e-32 -1.58805e-25  4.08186e-32  5.15349e-26 -4.23248e-32  4.12716e-27  3.97834e-32  -1.5825e-26 -3.36778e-32  8.38275e-27  2.54772e-32 -1.13333e-27 -1.70639e-32 -8.74788e-28  1.00039e-32  4.28162e-28 -5.06084e-33 -1.42371e-29  2.16908e-33 -3.19299e-29 -7.68633e-34  4.87967e-30  2.17646e-34  9.08044e-31 -4.68109e-35 -1.63589e-31  7.03751e-36 -9.29555e-33 -6.29771e-37   8.8029e-34  2.10394e-38
 6.70243e-48  9.78794e-37  5.13712e-47 -6.94108e-36  9.75225e-46  1.24836e-35  2.65554e-44  1.54651e-35  -1.8628e-44 -7.08601e-35  1.54789e-43 -3.00289e-35  5.20199e-43  2.28396e-34 -5.63471e-43  8.64467e-35   8.7637e-42 -3.20687e-34 -3.75257e-42 -3.98699e-34  -8.0856e-42 -5.51149e-34 -2.62295e-41  2.43033e-33 -3.70683e-41 -8.57968e-34 -3.14835e-40 -3.80296e-34 -4.34465e-40  2.84019e-34 -1.24218e-39 -1.02359e-33 -1.01959e-39  8.96601e-34 -1.76728e-38 -1.18515e-34  -2.7873e-39 -1.93175e-34 -1.29902e-38  4.77462e-34  9.31683e-38 -2.95252e-34  1.39462e-38  7.19441e-36   1.0356e-37   4.6759e-36  6.92311e-38  4.50618e-34 -2.18219e-38 -3.22339e-33   -1.123e-37  1.79744e-32 -3.14089e-38  -9.3241e-32 -3.34762e-37  4.52755e-31 -2.75081e-37 -2.05535e-30  2.69122e-37  8.72065e-30  2.06315e-37 -3.45604e-29  1.76379e-37  1.27814e-28 -8.00514e-37  -4.4058e-28  2.88014e-36  1.41342e-27 -8.89145e-36 -4.21237e-27  2.64808e-35  1.16367e-26 -7.39926e-35 -2.97195e-26   1.9438e-34  6.99507e-26 -4.79405e-34 -1.51166e-25  1.10874e-33  2.98586e-25 -2.40169e-33 -5.36144e-25   4.8654e-33  8.69356e-25 -9.20228e-33 -1.26245e-24   1.6218e-32  1.62448e-24  -2.6574e-32 -1.82624e-24  4.03799e-32  1.75828e-24 -5.67356e-32   -1.406e-24  7.34656e-32  8.84022e-25 -8.73357e-32 -3.84025e-25  9.49008e-32  5.97131e-26 -9.37798e-32  5.93244e-26  8.37785e-32 -5.19624e-26 -6.71905e-32  1.57769e-26  4.79758e-32   2.0444e-27 -3.01932e-32 -3.02905e-27  1.65418e-32  6.12963e-28 -7.76693e-33  1.50875e-28   3.0623e-33 -6.59416e-29 -9.86168e-34 -8.44301e-31  2.49286e-34  2.21912e-30 -4.65035e-35 -4.92179e-32  5.74345e-36 -1.93786e-32 -3.67982e-37  1.21183e-34
