 5.04783e-18  6.01773e-35 -1.81034e-16 -3.86888e-33  2.48493e-15  6.61631e-32 -2.01102e-14 -5.22634e-31  1.10291e-13   1.4275e-30  -4.3804e-13  1.20682e-29  1.30465e-12 -1.68208e-28 -2.96227e-12  1.08909e-27  5.13672e-12 -4.78359e-27 -6.70288e-12  1.56601e-26  6.30511e-12 -3.97394e-26 -3.79829e-12  7.96617e-26  8.18209e-13 -1.27241e-25  7.22455e-13  1.62479e-25 -5.74509e-13 -1.66637e-25 -2.75312e-14  1.40607e-25  1.70985e-13  -1.0687e-25 -1.48386e-14  8.86575e-26 -4.47487e-14 -8.86842e-26  3.10546e-15  9.01461e-26  1.12208e-14 -7.47076e-26  7.00606e-16  3.84033e-26 -2.40207e-15  4.41953e-27 -6.62518e-16 -3.16442e-26  3.27053e-16  3.30425e-26  2.19816e-16 -1.90931e-26  6.42804e-18   6.9717e-27 -3.63449e-17 -2.70378e-27 -1.35835e-17  1.79265e-27  7.77254e-19 -5.36373e-28  2.28072e-18 -5.21782e-28  7.63298e-19  5.88182e-28  2.84581e-21  -2.6357e-28 -9.06159e-20  9.87871e-29 -3.61326e-20 -4.90212e-29   -4.883e-21  6.77307e-30  1.54595e-21   1.6376e-29  1.03498e-21  -1.5478e-29  2.72619e-22  8.94828e-30  2.60863e-23 -4.59105e-30 -8.82896e-24  2.04851e-30 -4.78444e-24 -7.61696e-31 -1.18153e-24  2.35453e-31 -1.60014e-25 -4.07677e-32  7.80772e-28 -5.75416e-33  6.59654e-27   3.9511e-33  1.93042e-27 -8.35318e-34   3.4071e-28  3.25381e-34  3.88815e-29 -7.55008e-35  1.82743e-30 -6.24203e-36 -3.43275e-31  3.30864e-36 -1.04779e-31 -1.64716e-37 -1.60444e-32 -4.08584e-39 -1.70533e-33 -5.54374e-39 -1.30203e-34 -1.39032e-39 -6.48601e-36 -5.54379e-40 -9.49231e-38 -5.09784e-42  1.69097e-38  3.04636e-41  1.84502e-39  4.13015e-43  1.02951e-40 -2.07644e-43  3.66298e-42 -2.67263e-45  7.97529e-44 -2.20738e-46  7.66655e-46  -9.9565e-48
 6.01773e-35  2.61753e-16  2.43744e-33 -5.32408e-15 -1.08584e-31  5.54995e-14   1.4826e-30 -3.71294e-13 -9.80138e-30  1.75137e-12  2.08208e-29 -6.11288e-12  2.12349e-28  1.61895e-11 -2.49979e-27 -3.28478e-11  1.45849e-26  5.08135e-11  -5.8577e-26 -5.85011e-11  1.76476e-25  4.70446e-11 -4.13275e-25 -2.16868e-11  7.64622e-25 -3.42604e-13 -1.12466e-24  7.03902e-12  1.31699e-24 -2.71712e-12 -1.23476e-24  -1.3036e-12  9.61684e-25  1.02076e-12 -7.09298e-25  2.53962e-13  6.14108e-25  -2.7712e-13 -6.28247e-25 -7.48575e-14  6.08233e-25   6.0441e-14 -4.59091e-25  2.61753e-14  1.95337e-25 -8.54428e-15  7.46293e-26 -7.49464e-15 -2.21114e-25  -2.1521e-16  2.03307e-25  1.37865e-15 -1.04751e-25  4.70253e-16  3.22519e-26 -8.09393e-17 -1.18997e-26 -1.04975e-16    9.312e-27 -2.59239e-17 -2.70911e-27  5.36564e-18 -2.97121e-27   5.5672e-18  3.09046e-27  1.50044e-18 -1.30728e-27 -6.24396e-20  4.85914e-28 -1.88744e-19 -2.40649e-28 -6.83653e-20  3.28442e-29 -9.23844e-21  6.79283e-29  2.28641e-21 -5.98846e-29  1.60393e-21   3.3951e-29  4.37744e-22 -1.77187e-29  5.55334e-23  7.72032e-30 -6.13685e-24 -2.77093e-30 -5.08388e-24  8.70504e-31 -1.39903e-24 -1.48034e-31 -2.30347e-25 -2.66203e-32 -1.74936e-26  1.40547e-32   2.5814e-27 -2.08471e-33  1.21954e-27  1.01384e-33  2.51037e-28 -2.65376e-34   3.4506e-29 -1.96534e-35   3.1667e-30  1.20942e-35    1.263e-31 -6.70679e-37 -1.65014e-32 -2.21131e-37  -4.1801e-33 -1.51485e-38 -5.12167e-34  8.68193e-40 -4.32069e-35 -2.06946e-39 -2.63869e-36 -7.60686e-41 -1.12457e-37  7.41961e-41 -2.85575e-39  1.12108e-42 -1.12698e-41 -3.68668e-43  2.36585e-42 -3.66412e-45  7.96994e-44 -4.04895e-46  7.70781e-46
-1.81034e-16  2.43744e-33  6.67181e-15  5.59214e-32 -9.42427e-14 -1.89411e-30  7.86167e-13  2.13985e-29 -4.45283e-12 -1.20605e-28  1.83066e-11  1.96972e-28 -5.66026e-11  2.44781e-27  1.33918e-10 -2.48255e-26 -2.43253e-10  1.31313e-25  3.35217e-10 -4.84059e-25 -3.38016e-10   1.3456e-24  2.26684e-10 -2.91293e-24 -6.90771e-11   4.9776e-24 -3.01597e-11 -6.73791e-24   3.6347e-11  7.22012e-24 -3.81866e-12 -6.17277e-24 -9.74829e-12  4.46188e-24  2.61151e-12  -3.2903e-24  2.46868e-12  3.04425e-24 -6.96887e-13 -3.13617e-24  -6.6308e-13  2.83711e-24  9.38448e-14 -1.91808e-24  1.68316e-13  6.30266e-25  1.32986e-14  5.17117e-25 -3.22318e-14  -1.0337e-24 -1.13711e-14   8.4829e-25  2.73805e-15 -3.87566e-25  2.92473e-15  9.68431e-26  5.30771e-16 -3.59098e-26 -2.79548e-16  3.48811e-26 -1.83608e-16 -9.69387e-27 -3.03234e-17 -1.16395e-26   1.2551e-17  1.11217e-26  8.68996e-18 -4.39547e-27  2.00085e-18  1.63863e-27 -1.33092e-19  -8.2381e-28 -2.50188e-19  1.11631e-28 -8.61006e-20  1.92181e-28 -1.24695e-20 -1.54628e-28  1.82885e-21  8.61784e-29  1.54998e-21  -4.6751e-29  4.47767e-22  1.99874e-29  6.95379e-23 -6.92458e-30  7.58757e-25  2.24437e-30 -2.93621e-24 -3.76273e-31 -9.53786e-25 -8.23135e-32 -1.80373e-25  3.34441e-32  -2.1252e-26 -2.67042e-33 -7.60754e-28   2.2446e-33  3.11256e-28 -6.64981e-34  8.86926e-29 -3.97796e-35    1.404e-29   3.1738e-35  1.55403e-30 -2.09367e-36   1.1986e-31 -1.09092e-36  5.08844e-33 -3.74612e-38 -1.48075e-34  1.22576e-38 -4.84949e-35 -4.88033e-39 -4.76127e-36 -2.93413e-40   -2.945e-37  1.13762e-40 -1.24683e-38  1.64159e-42 -3.49449e-40 -3.81541e-43 -5.51858e-42 -1.23428e-45 -2.68848e-44 -3.63316e-46
-3.86888e-33 -5.32408e-15  5.59214e-32  1.11438e-13  8.91801e-31 -1.19725e-12 -2.42453e-29  8.26989e-12  2.32501e-28 -4.03611e-11 -1.13386e-27  1.46133e-10  1.40052e-27 -4.02782e-10   2.1462e-26  8.54221e-10 -1.90624e-25 -1.39003e-09  9.19129e-25  1.70101e-09 -3.12047e-24 -1.48501e-09  8.02262e-24  7.95013e-10 -1.60776e-23 -8.91154e-11   2.5383e-23 -2.06654e-10 -3.15831e-23   1.1819e-10   3.0868e-23  2.51509e-11 -2.39756e-23 -4.00816e-11  1.62276e-23 -2.00549e-12 -1.24269e-23  1.09957e-11  1.24227e-23  7.22209e-13 -1.26137e-23 -2.69793e-12  1.04866e-23 -5.23106e-13  -6.2383e-24  5.26556e-13  1.36677e-24  2.27846e-13   2.4147e-24 -5.25818e-14 -3.75664e-24 -5.98419e-14  2.77274e-24 -8.48751e-15 -1.11193e-24  7.83529e-15  2.10369e-25  4.14624e-15 -8.84307e-26  2.67178e-16  1.08815e-25 -5.15031e-16 -2.79934e-26  -2.3526e-16 -3.63922e-26 -2.51585e-17  3.16122e-26  1.85347e-17 -1.15008e-26  1.02046e-17  4.37453e-27  2.12716e-18 -2.27485e-27 -1.39996e-19  3.01683e-28 -2.43017e-19  4.32469e-28  -8.2444e-20 -3.03919e-28 -1.32369e-20  1.66363e-28  6.48478e-22 -9.72058e-29  1.03911e-21  4.10822e-29  3.26709e-22 -1.37233e-29  5.88183e-23  4.66665e-30  4.69345e-24 -7.68349e-31 -8.31466e-25 -2.00849e-31 -4.04373e-25  6.04223e-32 -8.76878e-26   1.9815e-34 -1.25249e-26  4.17944e-33 -1.12711e-27 -1.36406e-33 -2.11112e-29 -5.78599e-35  1.33881e-29  6.92748e-35  2.86031e-30 -5.47008e-36  3.57778e-31  -3.3092e-36  3.17813e-32  -1.0156e-37  2.03273e-33  3.62959e-38   8.5128e-35 -8.58185e-39   1.2706e-36 -7.01362e-40 -1.07082e-37  1.18425e-40 -9.16025e-39  1.12467e-42 -3.46955e-40 -2.25032e-43 -6.59987e-42  2.46484e-45 -4.17921e-44
 2.48493e-15 -1.08584e-31 -9.42427e-14  8.91801e-31  1.37196e-12   1.0848e-29 -1.18149e-11 -2.45373e-28  6.92178e-11  2.03624e-27 -2.95034e-10 -8.69947e-27  9.48489e-10  7.96305e-27   -2.342e-09   1.5253e-25  4.46261e-09 -1.20272e-24 -6.50163e-09  5.31242e-24  7.02684e-09 -1.66622e-23 -5.21456e-09  3.97029e-23   2.0396e-09  -7.3745e-23  3.64134e-10  1.07566e-22  -8.5025e-10 -1.22789e-22   2.2009e-10  1.08943e-22  1.95387e-10 -7.64748e-23 -1.00217e-10  4.91972e-23 -4.49437e-11 -4.08849e-23  2.82434e-11  4.39446e-23  1.27695e-11 -4.30023e-23 -5.79694e-12   3.2394e-23 -3.88553e-12  -1.6591e-23  5.79186e-13  1.46188e-24  9.73943e-13   8.7422e-24  1.35563e-13 -1.13008e-23 -1.51172e-13  7.52912e-24 -7.28247e-14 -2.60606e-24  1.98449e-15  3.20344e-25   1.2739e-14 -1.98594e-25  4.38505e-15   2.9785e-25 -1.93301e-16 -6.79975e-26 -6.73812e-16  -9.6596e-26 -2.41029e-16  7.51166e-26 -1.59888e-17 -2.46171e-26  2.01243e-17  9.81627e-27  9.63644e-18 -5.38425e-27  1.92369e-18   6.7378e-28 -7.72305e-20  8.36404e-28 -1.80897e-19 -4.71193e-28  -6.2521e-20  2.50769e-28 -1.11892e-20 -1.68528e-28 -3.21265e-22  7.12279e-29  4.78314e-22 -2.28718e-29  1.73633e-22  8.31517e-30  3.51675e-23 -1.32334e-30  4.25222e-24 -4.16608e-31  8.62288e-26  8.43069e-32 -9.61201e-26  1.06155e-32 -2.65986e-26  7.13109e-33 -4.33912e-27 -2.41805e-33 -4.91872e-28 -5.73018e-35 -3.64985e-29  1.33004e-34 -8.56039e-31 -1.21884e-35  2.10207e-31 -7.62123e-36  3.78149e-32 -2.70063e-37  3.69874e-33  6.87867e-38  2.49695e-34 -1.19649e-38  1.19757e-35 -1.23063e-39  3.92693e-37  7.15608e-41  7.61055e-39 -6.73324e-43  4.73375e-41 -1.88198e-44 -7.26387e-43  3.24664e-45
 6.61631e-32  5.54995e-14 -1.89411e-30 -1.19725e-12   1.0848e-29  1.32781e-11  1.06265e-28 -9.48508e-11 -2.05171e-27   4.7976e-10  1.49587e-26  -1.8049e-09  -5.6592e-26    5.186e-09   3.7553e-26 -1.15149e-08  9.11117e-25  1.97382e-08  -6.4514e-24 -2.56942e-08  2.62203e-23  2.43156e-08 -7.61892e-23 -1.48758e-08  1.68573e-22  3.33916e-09 -2.90474e-22  2.89319e-09  3.91275e-22 -2.45252e-09 -4.08614e-22 -3.87291e-11   3.2691e-22  7.48952e-10 -2.05884e-22 -1.04237e-10  1.29111e-22 -2.01856e-10 -1.21733e-22  2.86011e-11  1.37971e-22  5.37535e-11 -1.27549e-22 -9.45576e-13  8.59919e-23 -1.28461e-11 -3.67641e-23 -2.40599e-12 -3.04097e-24  2.17791e-12  2.61725e-23  1.08463e-12 -2.91362e-23 -9.57109e-14  1.75254e-23 -2.29628e-13 -5.09397e-24 -6.24089e-14  2.33035e-25  1.49115e-14 -4.44176e-25  1.51242e-14  7.30798e-25  3.67121e-15 -1.40527e-25 -5.88609e-16 -2.25075e-25 -6.91999e-16  1.53624e-25  -2.0817e-16 -4.38703e-26 -8.92718e-18   1.9176e-26  1.70754e-17 -1.13006e-26  7.55098e-18  1.25165e-27  1.51305e-18  1.47813e-27  2.95276e-21 -5.64613e-28 -1.03605e-19  2.80038e-28 -3.78393e-20 -2.50796e-28 -7.48821e-21  1.07914e-28 -6.34745e-22 -3.31097e-29  1.29414e-22  1.31485e-29  6.56401e-23 -1.95297e-30  1.49624e-23 -7.67838e-31  2.20113e-24  8.26032e-32  1.86875e-25  3.26833e-32 -3.65773e-27   1.1692e-32 -4.44695e-27 -3.82194e-33 -8.87561e-28 -1.87113e-35  -1.1348e-28  2.30305e-34 -1.03867e-29 -2.34131e-35 -6.58621e-31 -1.44481e-35 -2.17994e-32  -6.3104e-37  7.29934e-34  9.63724e-38  1.56942e-34 -1.34847e-38  1.14799e-35 -1.69066e-39  5.11913e-37  -1.0966e-41  1.42044e-38 -2.77106e-42  2.19813e-40  9.56955e-44  1.22436e-42
-2.01102e-14   1.4826e-30  7.86167e-13 -2.42453e-29 -1.18149e-11  1.06265e-28  1.05216e-10  8.68917e-28 -6.38697e-10 -1.45983e-26  2.82747e-09  9.46528e-26  -9.4681e-09 -3.20155e-25  2.44416e-08  1.51184e-25 -4.89359e-08  4.68429e-24  7.54733e-08 -3.00768e-23 -8.74488e-08  1.12929e-22  7.14947e-08 -3.04778e-22 -3.40881e-08  6.27189e-22  1.16897e-10 -1.00325e-21  1.12753e-08  1.24686e-21   -4.897e-09 -1.18652e-21 -1.96882e-09  8.47741e-22  1.89281e-09 -4.73985e-22  3.31346e-10  3.02283e-22 -5.43283e-10 -3.35025e-22 -9.87907e-11  3.89129e-22  1.31533e-10 -3.34483e-22  4.14338e-11   1.9945e-22 -2.34991e-11 -6.76867e-23  -1.4363e-11 -2.27493e-23  1.36966e-12  6.72086e-23  3.28789e-12  -6.5815e-23  7.55717e-13   3.5623e-23 -3.43773e-13 -8.29287e-24 -2.49545e-13 -4.47818e-25 -3.62613e-14 -1.02387e-24  2.38439e-14  1.62137e-24   1.4367e-14 -2.45194e-25  2.53961e-15 -4.69827e-25 -7.43511e-16  2.74704e-25 -5.86172e-16 -6.46315e-26  -1.5686e-16  3.34694e-26 -5.85157e-18 -2.14954e-26   1.1593e-17  1.89153e-27  4.96657e-18  2.51949e-27  1.03139e-18 -4.50873e-28  5.02367e-20  1.61054e-28 -4.40974e-20 -3.25405e-28 -1.80633e-20  1.46537e-28 -3.92069e-21  -4.2537e-29    -4.84e-22  1.89127e-29  1.25683e-25 -2.44854e-30  1.60822e-23 -1.29528e-30  4.41145e-24  2.21254e-32  7.37668e-25  6.87834e-32  8.39075e-26  1.86469e-32  5.50223e-27 -5.52812e-33   -1.238e-28  6.96005e-35 -9.05658e-29  3.63782e-34 -1.40498e-29 -3.91377e-35  -1.4041e-30 -2.34981e-35 -1.00741e-31 -1.25751e-36 -5.15678e-33  1.02123e-37 -1.70938e-34 -1.21061e-38 -2.22062e-36 -1.86948e-39  8.91701e-38  -8.7926e-41  5.01315e-39 -3.68445e-42  8.64108e-41  8.32707e-44
-5.22634e-31 -3.71294e-13  2.13985e-29  8.26989e-12 -2.45373e-28 -9.48508e-11  8.68917e-28  7.02005e-10  6.08445e-27 -3.68688e-09 -9.02828e-26  1.44397e-08  5.25767e-25 -4.33325e-08 -1.60392e-24  1.00917e-07  5.36748e-25 -1.82521e-07  2.10811e-23  2.53018e-07 -1.23784e-22 -2.59325e-07  4.30939e-22  1.79265e-07 -1.08272e-21 -5.88629e-08  2.07525e-21 -2.22964e-08  -3.0827e-21  3.10931e-08  3.52951e-21 -4.95608e-09 -3.04369e-21 -8.27059e-09  1.91436e-21  3.00285e-09 -9.35266e-22  2.08631e-09  6.50067e-22  -8.8596e-10 -8.60151e-22 -5.89841e-10  9.92885e-22  1.68836e-10 -7.84238e-22  1.68555e-10  4.08444e-22 -7.03763e-12 -9.98828e-23 -3.89693e-11 -7.96556e-23  -8.8032e-12  1.51553e-22  5.20587e-12 -1.32201e-22  3.32321e-12  6.39193e-23  1.99517e-13 -1.08695e-23 -4.87803e-13 -2.27653e-24 -2.13085e-13 -2.36439e-24 -9.47744e-15  3.26565e-24  2.57763e-14  -3.4834e-25  1.14798e-14  -8.9002e-25  1.51998e-15  4.32437e-25  -6.6105e-16 -7.49543e-26 -4.20499e-16  5.34378e-26 -1.05117e-16 -3.76087e-26 -5.07769e-18  2.12942e-27  6.29223e-18  4.28997e-27  2.73529e-18 -2.91829e-30  5.99014e-19 -2.12973e-28  5.46367e-20  -3.7036e-28 -1.23197e-20  1.82257e-28 -6.58979e-21 -4.93861e-29   -1.576e-21  2.52612e-29 -2.36544e-22 -2.48575e-30 -1.78554e-23 -2.04131e-30  1.63656e-24 -1.34431e-31  8.25592e-25  1.18381e-31  1.60126e-25  2.85258e-32  2.07874e-26 -7.52884e-33  1.90244e-27  1.95549e-34  1.08169e-28  5.26874e-34  3.95644e-31 -5.73168e-35 -6.94736e-31 -3.35796e-35 -8.76202e-32 -2.14571e-36 -6.51066e-33  7.57607e-38 -3.30045e-34  -8.0245e-39 -1.13961e-35 -1.67958e-39 -2.47375e-37  -1.2213e-40 -2.75748e-39 -2.88748e-42 -8.19036e-42
 1.10291e-13 -9.80138e-30 -4.45283e-12  2.32501e-28  6.92178e-11 -2.05171e-27 -6.38697e-10  6.08445e-27   4.0254e-09  3.71889e-26 -1.85457e-08 -4.93111e-25  6.48183e-08  2.60034e-24 -1.75286e-07 -7.21225e-24  3.69454e-07  1.76174e-24 -6.04143e-07  8.41032e-23   7.5091e-07 -4.55018e-22 -6.74254e-07  1.47369e-21  3.79939e-07 -3.45421e-21 -5.65232e-08  6.17398e-21 -9.56055e-08 -8.51691e-21  6.39375e-08  8.96341e-21  8.19975e-09  -6.9505e-21 -2.18346e-08  3.76297e-21  9.33936e-10 -1.56478e-21  6.20473e-09  1.32292e-21 -2.79672e-10 -2.06342e-21  -1.6589e-09  2.30361e-21  -1.1823e-10 -1.65816e-21  3.82436e-10  7.43145e-22  1.05749e-10 -1.02322e-22 -5.84022e-11  -2.1109e-22 -3.81315e-11  3.05039e-22 -6.22817e-15 -2.38572e-22  7.12859e-12  1.01732e-22  2.47766e-12 -1.00241e-23 -2.80482e-13 -5.72959e-24 -4.91664e-13 -5.21611e-24 -1.49989e-13  5.98546e-24  7.45084e-15 -3.54863e-25  2.19415e-14 -1.54265e-24  7.97259e-15  5.98127e-25  8.39759e-16 -5.56457e-26 -4.57681e-16  7.99656e-26 -2.58528e-16 -6.11386e-26 -6.29084e-17  1.09176e-27 -4.48168e-18  7.32117e-27  2.65336e-18  8.32449e-28  1.24343e-18 -9.28388e-28  2.89744e-19 -3.67441e-28  3.63728e-20  2.12142e-28 -9.63961e-22 -5.29258e-29 -1.71277e-21  3.19319e-29 -4.70924e-22  -1.6924e-30 -8.01272e-23 -3.04766e-30 -8.89613e-24 -4.16693e-31 -4.23147e-25  1.78125e-31  6.77032e-26  4.09002e-32  2.05003e-26 -9.97564e-33  3.02539e-27  3.04624e-34  3.08503e-28  7.01175e-34  2.27112e-29  -7.3724e-35  1.13385e-30 -4.27747e-35  2.65127e-32 -3.16849e-36 -1.11475e-33  2.16567e-38 -1.43155e-34   -2.734e-39 -6.95252e-36 -1.22448e-39 -1.84393e-37 -1.06422e-40 -2.32141e-39 -1.28632e-42
  1.4275e-30  1.75137e-12 -1.20605e-28 -4.03611e-11  2.03624e-27   4.7976e-10 -1.45983e-26 -3.68688e-09  3.71889e-26  2.01496e-08  2.01333e-25 -8.23354e-08  -2.4079e-24  2.58624e-07  1.15757e-23 -6.33078e-07  -2.9407e-23  1.21045e-06  5.70897e-24 -1.78937e-06  3.00369e-22  1.98573e-06 -1.50757e-21 -1.53883e-06  4.55654e-21  6.59083e-07 -9.98295e-21  7.11116e-08  1.66558e-20 -2.65939e-07 -2.13295e-20  9.10057e-08  2.05685e-20  5.64871e-08 -1.41836e-20  -4.0328e-08   6.3635e-21 -1.16681e-08 -2.14103e-21  1.21397e-08  2.61639e-21  3.42103e-09 -4.61565e-21 -2.93237e-09   4.8807e-21 -1.24542e-09 -3.18417e-21   4.8442e-10  1.20458e-21  3.91341e-10 -1.13872e-23 -5.99619e-12 -4.69924e-22 -8.26362e-11  5.54591e-22 -2.46585e-11 -3.89461e-22  7.00167e-12  1.43388e-22  6.77723e-12 -1.60725e-24  1.36547e-12 -1.07736e-23 -5.15718e-13 -1.06501e-23 -3.97934e-13  1.00004e-23  -9.0078e-14 -8.71176e-26  1.29474e-14 -2.45801e-24  1.55612e-14  7.15811e-25  4.91934e-15  1.48386e-26  4.62823e-16  1.14952e-25 -2.53661e-16 -9.29451e-26 -1.36305e-16 -2.38608e-27 -3.33129e-17  1.22599e-26 -3.31551e-18  1.97289e-27  7.96042e-19 -2.01638e-27  4.53794e-19 -3.06339e-28  1.13689e-19  2.36606e-28  1.72318e-20 -5.40315e-29  1.03972e-21  3.88707e-29 -2.55504e-22  2.13042e-31  -9.8156e-23 -4.35159e-30 -1.87918e-23 -8.32445e-31 -2.44432e-24  2.43276e-31 -2.13255e-25  5.38116e-32 -8.21335e-27 -1.32518e-32   9.4916e-28  2.89369e-34  2.28546e-28  8.57777e-34  2.60035e-29 -8.29958e-35  2.01057e-30  -4.8973e-35  1.11139e-31 -4.08517e-36  4.26649e-33 -4.16467e-38  1.00835e-34   1.7251e-39  8.86362e-37  -7.2042e-40  -1.6659e-38 -6.36334e-41 -3.09817e-40
 -4.3804e-13  2.08208e-29  1.83066e-11 -1.13386e-27 -2.95034e-10  1.49587e-26  2.82747e-09 -9.02828e-26 -1.85457e-08  2.01333e-25  8.91349e-08  9.76521e-25 -3.25929e-07 -1.06124e-23  9.25485e-07  4.67711e-23 -2.05809e-06  -1.0957e-22  3.57509e-06  1.93886e-23 -4.77173e-06  9.67832e-22  4.69647e-06 -4.53519e-21 -3.06629e-06  1.28299e-20  8.44234e-07  -2.6321e-20   5.2446e-07  4.10226e-20   -5.611e-07 -4.87278e-20  4.61288e-08  4.28652e-20  1.66631e-07 -2.58592e-20 -4.53236e-08  8.93593e-21 -4.48789e-08   -2.132e-21  1.41926e-08  5.10796e-21  1.28268e-08 -9.60077e-21 -2.49459e-09  9.48112e-21 -3.58117e-09 -5.58859e-21 -9.10056e-11  1.73736e-21  7.93906e-10  2.73513e-22  2.30936e-10 -9.18391e-22 -9.42671e-11  9.18964e-22 -7.50714e-11 -5.77374e-22 -8.57683e-12  1.76976e-22  9.79863e-12  1.89102e-23   5.0726e-12  -1.6371e-23   4.9073e-13 -1.98706e-23 -5.18972e-13  1.52428e-23  -2.7302e-13  7.10607e-25 -4.78009e-14 -3.60613e-24  1.11522e-14  7.07421e-25  9.43717e-15  1.50308e-25   2.7293e-15  1.62005e-25  2.64391e-16 -1.32597e-25 -1.11618e-16 -9.31472e-27 -6.10362e-17  1.96351e-26  -1.5316e-17  3.16516e-27 -1.95033e-18 -3.43486e-27  1.15087e-19  -1.8208e-28  1.26336e-19  2.59848e-28  3.50188e-20 -5.49893e-29  6.00542e-21  4.62081e-29  6.24427e-22  3.23603e-30  7.77392e-24 -5.98379e-30 -1.20019e-23 -1.35678e-30 -2.88374e-24  3.09625e-31  -4.1704e-25  6.38348e-32 -4.27041e-26 -1.78985e-32 -3.04865e-27  4.36347e-36 -1.19782e-28  9.63743e-34  2.95866e-30 -8.07002e-35  8.97742e-31 -5.05885e-35  7.71195e-32 -4.62276e-36  4.04675e-33  -9.0901e-38   1.3764e-34  3.91555e-39   2.8343e-36 -3.42962e-40  2.80685e-38 -2.38201e-41
 1.20682e-29 -6.11288e-12  1.96972e-28  1.46133e-10 -8.69947e-27  -1.8049e-09  9.46528e-26  1.44397e-08 -4.93111e-25 -8.23354e-08  9.76521e-25  3.51935e-07  4.28136e-24 -1.16009e-06 -4.25295e-23  2.99231e-06  1.72639e-22 -6.06231e-06 -3.75281e-22  9.57404e-06  6.95807e-23  -1.1508e-05  2.83114e-21  9.94344e-06 -1.24628e-20  -5.2463e-06  3.30948e-20  4.32682e-07 -6.36811e-20  1.59262e-06  9.27595e-20 -9.06387e-07 -1.02057e-19 -2.05462e-07  8.13965e-20  3.41584e-07 -4.18789e-20  9.04447e-09  9.31543e-21 -1.01991e-07 -6.92328e-22  -1.9373e-09  9.83867e-21  2.77239e-08 -1.85317e-20  3.63912e-09  1.69532e-20 -6.32126e-09 -9.01989e-21 -2.16665e-09  2.21394e-21  8.99335e-10  8.81592e-22  7.14031e-10  -1.6151e-21  3.61195e-11  1.39716e-21 -1.24904e-10 -7.77917e-22 -5.04331e-11  1.85285e-22  2.58854e-12  5.46686e-23  9.00203e-12 -2.01647e-23  3.15354e-12  -3.3828e-23  1.94588e-14  2.11702e-23 -3.96504e-13  2.32803e-24 -1.63911e-13 -4.86142e-24 -2.34151e-14  4.89503e-25  6.97861e-15  3.44288e-25   4.9442e-15   2.2583e-25  1.36297e-15 -1.77706e-25  1.50147e-16 -1.97871e-26 -3.70234e-17  2.95565e-26   -2.274e-17  3.98087e-27 -5.96114e-18 -5.07904e-27 -9.02043e-19  1.32166e-29 -3.38023e-20  2.89616e-28  2.38442e-20 -5.83182e-29  8.06307e-21  5.41077e-29  1.52939e-21  6.93625e-30  1.95076e-22  -7.9719e-30  1.48058e-23 -1.93139e-30 -1.30778e-25  3.74696e-31 -2.39058e-25  6.70337e-32 -4.21657e-26 -2.43563e-32  -4.6815e-27 -6.81937e-34 -3.72228e-28  9.92329e-34 -2.11816e-29  -6.5548e-35 -7.81402e-31  -4.7158e-35 -1.06333e-32 -4.59627e-36  6.30463e-34 -1.10554e-37  4.20565e-35  3.75121e-39  1.04402e-36 -1.36203e-40  8.64962e-39
 1.30465e-12  2.12349e-28 -5.66026e-11  1.40052e-27  9.48489e-10  -5.6592e-26  -9.4681e-09  5.25767e-25  6.48183e-08  -2.4079e-24 -3.25929e-07  4.28136e-24  1.25044e-06   1.7086e-23 -3.73874e-06 -1.55873e-22  8.79551e-06    5.851e-22 -1.62687e-05 -1.18688e-21  2.33543e-05  2.52393e-22 -2.51722e-05   7.5567e-21  1.87952e-05 -3.14446e-20 -7.38144e-06  7.86053e-20  -1.5623e-06 -1.42083e-19   3.5069e-06  1.93465e-19 -9.94945e-07 -1.96743e-19 -8.42815e-07  1.41043e-19  5.04757e-07 -5.93024e-20  1.92532e-07  3.44459e-21 -1.59931e-07  3.09883e-21 -5.69981e-08  1.84499e-20  3.91921e-08 -3.31625e-20  1.99067e-08  2.80158e-20 -6.18825e-09 -1.34742e-20  -6.0605e-09  2.44709e-21 -1.65753e-10  1.94849e-21  1.24093e-09  -2.5981e-21  4.25587e-10  1.95853e-21 -9.07744e-11 -9.49364e-22 -1.08522e-10  1.49464e-22 -2.55479e-11  1.05432e-22  7.06682e-12 -1.85587e-23  6.53787e-12 -5.27378e-23  1.68466e-12  2.66499e-23 -1.33879e-13  5.00621e-24 -2.50214e-13  -5.9776e-24 -8.78659e-14 -1.05002e-27 -1.11128e-14  5.60511e-25  3.40112e-15   3.0932e-25  2.23492e-15  -2.2357e-25  6.06666e-16 -3.21019e-26  7.83216e-17  4.15086e-26 -7.67957e-18  3.84029e-27 -6.79914e-18 -6.82019e-27  -1.9047e-18  2.97607e-28 -3.25182e-19  3.36571e-28 -2.95102e-20 -6.48005e-29  1.75047e-21  6.26314e-29  1.25993e-21  1.03638e-29   2.7396e-22 -1.03478e-29  3.89716e-23 -2.47788e-30  3.87903e-24  4.37438e-31  2.37982e-25  6.05604e-32  4.49894e-28 -3.26022e-32 -1.91369e-27  -1.8101e-33 -2.63129e-28  9.33045e-34 -2.16739e-29 -4.05183e-35 -1.23503e-30 -3.95402e-35 -4.88468e-32 -4.00202e-36 -1.25619e-33 -9.99223e-38 -1.75814e-35  2.30099e-39 -7.00279e-38 -4.53586e-41
-1.68208e-28  1.61895e-11  2.44781e-27 -4.02782e-10  7.96305e-27    5.186e-09 -3.20155e-25 -4.33325e-08  2.60034e-24  2.58624e-07 -1.06124e-23 -1.16009e-06   1.7086e-23  4.02564e-06  6.24033e-23 -1.09749e-05 -5.24809e-22  2.36268e-05  1.82796e-21 -3.99567e-05 -3.47827e-21  5.20773e-05  8.78917e-22 -4.99999e-05  1.84785e-20  3.14524e-05 -7.31614e-20 -7.44551e-06  1.72672e-19 -6.55408e-06 -2.93615e-19  6.09284e-06  3.73669e-19 -1.83344e-07 -3.50169e-19 -1.96908e-06  2.22877e-19  4.39061e-07 -7.05986e-20  5.58648e-07 -1.45408e-20 -1.47895e-07  9.70573e-21 -1.63411e-07  3.31023e-20  2.48115e-08 -5.50197e-20  4.59478e-08  4.29688e-20  2.70783e-09 -1.87684e-20 -1.01572e-08  2.23619e-21 -3.33005e-09  3.58635e-21  1.14554e-09 -3.86899e-21   1.0364e-09  2.53959e-21  1.45989e-10 -1.03887e-21 -1.29043e-10  5.45156e-23  -7.3363e-11  1.66316e-22 -8.99038e-12 -7.22418e-24  6.90595e-12 -7.57051e-23  4.01215e-12  2.99825e-23  7.97971e-13  8.83585e-24 -1.26799e-13 -6.58744e-24  -1.3486e-13  -7.7848e-25 -4.25104e-14  7.32582e-25 -5.25633e-15  4.08374e-25   1.2859e-15 -2.63563e-25  8.61482e-16 -4.21601e-26  2.36153e-16  5.43994e-26  3.52123e-17  2.07039e-27  1.41436e-19 -8.55694e-27 -1.52266e-18  6.96718e-28 -4.80127e-19  4.12614e-28 -8.98554e-20 -7.14251e-29 -1.08494e-20  7.17837e-29 -5.60169e-22  1.21816e-29  9.57521e-23 -1.31481e-29  3.13348e-23 -2.92185e-30   4.9836e-24   4.9669e-31  5.46853e-25  4.41668e-32  4.31306e-26  -4.1872e-32   2.2622e-27 -3.26633e-33  4.63374e-29   7.9658e-34  -4.1831e-30 -1.20725e-35 -5.00469e-31  -2.9602e-35 -2.73994e-32 -3.02517e-36 -8.86443e-34 -7.09996e-38  -1.5793e-35  8.65846e-40  -1.0269e-37
-2.96227e-12 -2.49979e-27  1.33918e-10   2.1462e-26   -2.342e-09   3.7553e-26  2.44416e-08 -1.60392e-24 -1.75286e-07  1.15757e-23  9.25485e-07 -4.25295e-23 -3.73874e-06  6.24033e-23  1.18117e-05  2.09457e-22 -2.94935e-05 -1.62889e-21  5.82622e-05  5.28081e-21 -9.01572e-05 -9.47154e-21  0.000106433  2.84781e-21 -9.01148e-05  4.15263e-20  4.56957e-05 -1.57568e-19 -1.57158e-06  3.52193e-19 -1.58486e-05 -5.64149e-19  8.26251e-06  6.70671e-19  2.43964e-06 -5.76686e-19 -3.37927e-06  3.20006e-19 -2.18162e-07 -6.27255e-20  1.05811e-06 -5.11658e-20  5.27051e-08  1.84493e-20 -2.96485e-07  5.59802e-20 -4.71725e-08  -8.4692e-20  6.88775e-08  6.14523e-20  2.58197e-08 -2.45972e-20 -9.72804e-09  1.43258e-21 -8.43842e-09  5.85655e-21 -5.80318e-10 -5.38325e-21  1.46995e-09  3.05147e-21  6.31825e-10 -9.95036e-22 -1.93441e-11 -1.05579e-22 -1.10289e-10  2.28047e-22 -4.10525e-11  1.81739e-23 -1.14499e-12 -1.00647e-22  4.88497e-12  2.90861e-23  2.15493e-12  1.36674e-23  3.47858e-13 -6.23987e-24 -7.60093e-14  -1.7843e-24 -6.28698e-14  7.76534e-25 -1.85767e-14  5.06094e-25 -2.43612e-15 -2.90632e-25  3.49317e-16 -4.35769e-26   2.7657e-16  6.69085e-26  7.83197e-17 -1.97966e-27  1.30966e-17 -1.02535e-26  8.95153e-19   1.2262e-27  -2.1158e-19  5.27013e-28 -8.97561e-20  -7.0354e-29 -1.84544e-20  8.17506e-29 -2.55005e-21  1.09934e-29 -2.31245e-22 -1.63927e-29 -7.76645e-24 -3.21722e-30  1.59309e-24  5.49671e-31  3.65064e-25  2.08076e-32  4.37129e-26 -5.06664e-32    3.625e-27 -4.77932e-33  2.16482e-28  6.11574e-34  8.95563e-30  1.23504e-35  2.19148e-31 -1.95307e-35  9.12206e-34 -1.95348e-36 -1.17942e-34 -3.95827e-38 -2.90913e-36  1.25755e-40
 1.08909e-27 -3.28478e-11 -2.48255e-26  8.54221e-10   1.5253e-25 -1.15149e-08  1.51184e-25  1.00917e-07 -7.21225e-24 -6.33078e-07  4.67711e-23  2.99231e-06 -1.55873e-22 -1.09749e-05  2.09457e-22  3.17459e-05  6.48189e-22 -7.28835e-05 -4.67316e-21  0.000132402   1.4142e-20  -0.00018748 -2.40196e-20  0.000199687  8.47872e-21 -0.000146819   8.5956e-20  5.49615e-05 -3.15181e-19  1.57341e-05  6.69412e-19 -2.94634e-05 -1.01138e-18  7.59782e-06  1.12195e-18  7.64373e-06 -8.79964e-19 -4.29544e-06  4.13844e-19  -1.8429e-06 -1.82459e-20  1.43479e-06 -1.11273e-19  5.57492e-07  2.70383e-20 -3.64934e-07  8.82983e-20 -1.97107e-07 -1.21094e-19  5.89111e-08  8.23975e-20  6.12075e-08 -3.06637e-20  2.16204e-09 -8.06039e-24 -1.28161e-08  8.75233e-21 -4.55401e-09 -7.04944e-21  9.34204e-10  3.39923e-21  1.17617e-09 -7.83326e-22   2.8804e-10  -3.2574e-22 -7.49903e-11  2.78881e-22 -7.32528e-11  6.13519e-23  -1.9692e-11  -1.2458e-22  1.21017e-12   2.1819e-23  2.81981e-12  1.90616e-23  1.03489e-12 -4.47975e-24  1.45554e-13  -2.8742e-24 -3.41629e-14  6.15242e-25 -2.53357e-14  5.69379e-25 -7.26271e-15 -2.99899e-25  -1.0509e-15 -2.88215e-26  4.65821e-17  7.79998e-26  7.09168e-17 -8.74363e-27  2.14095e-17 -1.19407e-26  3.90944e-18  1.86334e-27  4.19274e-19  6.79947e-28 -1.43809e-22 -4.99689e-29  -1.0874e-20   9.3128e-29 -2.65808e-21  5.79411e-30 -4.01208e-22 -2.00379e-29 -4.27564e-23 -3.35783e-30 -3.08705e-24  5.91803e-31 -1.00538e-25 -4.09836e-33  8.51359e-27 -5.71189e-32  1.66915e-27 -5.99748e-33  1.46702e-28  4.14501e-34  8.38979e-30   2.7337e-35  3.23772e-31 -1.10962e-35  7.97843e-33 -1.04757e-36  1.06602e-34 -1.65354e-38  4.54802e-37
 5.13672e-12  1.45849e-26 -2.43253e-10 -1.90624e-25  4.46261e-09  9.11117e-25 -4.89359e-08  5.36748e-25  3.69454e-07  -2.9407e-23 -2.05809e-06  1.72639e-22  8.79551e-06 -5.24809e-22 -2.94935e-05  6.48189e-22  7.85015e-05  1.85391e-21 -0.000166266 -1.24183e-20  0.000278223  3.51776e-20 -0.000360222 -5.68396e-20  0.000344106  2.31464e-20 -0.000214371   1.6409e-19  4.70014e-05 -5.87304e-19  4.99669e-05  1.18966e-18  -4.4489e-05 -1.69732e-18  4.81662e-07  1.75396e-18   1.5263e-05 -1.24444e-18 -3.27185e-06  4.73029e-19 -4.51497e-06  8.06705e-20  1.18478e-06 -1.94976e-19  1.36692e-06  3.17996e-20 -2.10574e-07  1.28991e-19 -3.98396e-07 -1.61055e-19 -2.26686e-08  1.04255e-19  9.16924e-08 -3.68203e-20  3.01067e-08 -2.01646e-21 -1.08741e-08  1.21898e-20 -9.78799e-09   -8.738e-21 -1.35955e-09  3.50975e-21   1.2678e-09 -3.98681e-22  7.22726e-10 -5.92189e-22    8.903e-11  3.07485e-22 -6.95947e-11  1.25083e-22 -4.09127e-11 -1.44163e-22 -8.34347e-12  6.38381e-24  1.22734e-12  2.42943e-23  1.38618e-12  -9.6286e-25  4.49541e-13 -3.81945e-24  6.01758e-14  2.08791e-25 -1.16749e-14  5.51094e-25 -8.72097e-15  -2.9176e-25 -2.49287e-15  8.62607e-27  -3.9928e-16  8.73444e-26 -1.26166e-17 -1.81788e-26  1.33401e-17 -1.36706e-26  4.61413e-18  2.52126e-27  9.08143e-19  8.55406e-28  1.18177e-19  1.67993e-30  8.30743e-21  1.06834e-28 -4.32017e-22 -3.62413e-30 -2.34108e-22 -2.39194e-29 -4.04202e-23 -3.36992e-30 -4.61805e-24  6.18161e-31  -3.8059e-25 -2.45037e-32 -2.20638e-26  -5.9609e-32 -7.51325e-28 -6.61876e-33  2.24845e-30  2.37752e-34  1.92819e-30  3.14327e-35  1.14614e-31 -5.19089e-36  3.40573e-33 -4.43148e-37  4.70108e-35 -4.49396e-39
-4.78359e-27  5.08135e-11  1.31313e-25 -1.39003e-09 -1.20272e-24  1.97382e-08  4.68429e-24 -1.82521e-07  1.76174e-24  1.21045e-06  -1.0957e-22 -6.06231e-06    5.851e-22  2.36268e-05 -1.62889e-21 -7.28835e-05  1.85391e-21  0.000179299  4.90967e-21 -0.000351362 -3.06144e-20  0.000542216  8.14081e-20 -0.000640781 -1.25732e-19  0.000544092  5.80839e-20 -0.000275358  2.88933e-19  4.61582e-06 -1.02229e-18  0.000103288  1.98324e-18 -5.37341e-05  -2.6748e-18 -1.67599e-05  2.56823e-18  2.32571e-05 -1.62915e-18  1.47224e-06  4.57096e-19 -7.61289e-06  2.45595e-19  -3.1702e-07 -2.95082e-19  2.23076e-06  2.89173e-20  3.30735e-07  1.73587e-19 -5.46122e-07 -1.99586e-19 -1.97706e-07  1.25452e-19  8.33474e-08 -4.31226e-20  6.90147e-08  -4.4489e-21   3.6517e-09  1.59991e-20 -1.28301e-08 -1.02998e-20 -5.35394e-09   3.3607e-21  2.59855e-10  1.30661e-22  9.97756e-10 -8.88602e-22  3.64636e-10  3.05533e-22   6.9825e-12  2.11094e-22 -4.56068e-11 -1.56283e-22 -1.99807e-11 -1.82568e-23 -3.23762e-12  2.84093e-23  7.04852e-13  4.41653e-24  5.89643e-13 -4.32424e-24  1.76904e-13 -4.18028e-25  2.43907e-14   3.9956e-25 -2.78556e-15 -2.74294e-25 -2.50165e-15  7.15399e-26 -7.31434e-16   9.5407e-26 -1.27768e-16 -2.95191e-26 -1.05801e-17 -1.54417e-26   1.4021e-18  3.04305e-27  7.29413e-19  1.01763e-27  1.57456e-19  9.19495e-29  2.26593e-20  1.23561e-28  2.22584e-21 -1.64894e-29  1.14838e-22 -2.77197e-29 -6.19125e-24 -3.29048e-30 -2.19797e-24  6.25523e-31 -2.81342e-25 -3.58657e-32 -2.37288e-26 -5.73575e-32 -1.42414e-27 -6.50855e-33 -5.99367e-29  1.01562e-34 -1.62141e-30  2.70595e-35 -2.11852e-32 -1.79644e-36  7.84453e-35 -1.32915e-37  3.56939e-36
-6.70288e-12  -5.8577e-26  3.35217e-10  9.19129e-25 -6.50163e-09  -6.4514e-24  7.54733e-08  2.10811e-23 -6.04143e-07  5.70897e-24  3.57509e-06 -3.75281e-22 -1.62687e-05  1.82796e-21  5.82622e-05 -4.67316e-21 -0.000166266  4.90967e-21  0.000379582   1.2055e-20 -0.000689989 -7.00963e-20  0.000982565  1.75502e-19  -0.00105676 -2.60425e-19  0.000786884   1.3455e-19 -0.000298034  4.68577e-19 -9.01376e-05 -1.66656e-18  0.000170134  3.11125e-18 -4.58347e-05  -3.9701e-18 -4.56083e-05  3.52891e-18  2.71939e-05 -1.96777e-18  1.11556e-05  3.25737e-19 -9.54888e-06   4.7427e-19 -3.47016e-06 -3.96427e-19   2.5835e-06  1.65103e-20  1.30206e-06   2.1394e-19 -4.62611e-07 -2.30933e-19 -4.34408e-07  1.44884e-19 -1.97266e-09 -4.97283e-20   9.8531e-08 -7.14471e-21  3.25152e-08  1.99112e-20 -8.51119e-09 -1.15943e-20 -9.32385e-09        3e-21 -2.11725e-09  7.50974e-22  6.86077e-10 -1.20297e-21  6.06227e-10  2.68955e-22  1.56258e-10   3.1989e-22  -1.3229e-11 -1.58464e-22 -2.42806e-11 -5.20275e-23 -8.73584e-12  3.02976e-23 -1.20361e-12  1.14192e-23  2.98385e-13 -4.05888e-24  2.17226e-13 -1.15974e-24   6.2503e-14  7.44496e-26   9.2843e-15 -2.63585e-25 -2.72661e-16  1.56469e-25 -5.72029e-16  1.03112e-25 -1.77212e-16 -4.11664e-26 -3.31916e-17 -1.71312e-26  -3.8098e-18  3.22698e-27 -9.02624e-20  1.11546e-27  7.11727e-20  2.19251e-28  1.89699e-20  1.42991e-28  2.95028e-21 -3.11829e-29  3.23542e-22 -3.09903e-29  2.49338e-23 -3.14525e-30  1.11596e-24  6.13477e-31 -1.35417e-26 -3.66348e-32 -7.28612e-27 -5.07272e-32 -6.87319e-28 -5.74456e-33 -3.85526e-29  1.22973e-35 -1.39382e-30  1.86789e-35 -3.05275e-32 -2.91153e-37 -3.22872e-34 -2.09292e-38
 1.56601e-26 -5.85011e-11 -4.84059e-25  1.70101e-09  5.31242e-24 -2.56942e-08 -3.00768e-23  2.53018e-07  8.41032e-23 -1.78937e-06  1.93886e-23  9.57404e-06 -1.18688e-21 -3.99567e-05  5.28081e-21  0.000132402 -1.24183e-20 -0.000351362   1.2055e-20  0.000747205   2.7466e-20  -0.00126271 -1.49166e-19    0.0016594  3.52815e-19  -0.00161682 -5.05925e-19   0.00103378  2.89067e-19 -0.000238629  6.97179e-19 -0.000248017 -2.55093e-18  0.000233613  4.60793e-18 -7.89684e-06 -5.56636e-18 -8.26151e-05    4.557e-18  2.08471e-05 -2.17726e-18  2.51618e-05  5.20719e-20  -7.9558e-06  7.45037e-19  -7.9661e-06 -4.78142e-19  1.66184e-06 -3.19875e-21  2.48059e-06  2.39364e-19   3.3011e-08 -2.50198e-19 -6.22328e-07  1.62167e-19  -1.7909e-07 -5.66574e-20  8.59634e-08 -9.95191e-21  6.71859e-08  2.35472e-20   7.0171e-09 -1.25261e-20 -9.92135e-09  2.54565e-21 -5.15819e-09  1.40045e-21 -4.94777e-10 -1.53137e-21  5.69734e-10  1.97611e-22   3.0917e-10  4.50277e-22  5.84491e-11 -1.49016e-22  -1.1381e-11 -9.35339e-23 -1.10152e-11  2.87789e-23 -3.46521e-12  1.94093e-23  -4.4515e-13 -2.70738e-24  9.63323e-14  -1.8316e-24  6.85343e-14 -4.34628e-25  1.94569e-14 -2.80924e-25  3.14516e-15  2.52543e-25  1.22181e-16  1.11237e-25 -9.50765e-17 -5.08363e-26 -3.38188e-17 -1.84774e-26 -6.74667e-18  2.88021e-27 -9.01647e-19   1.0961e-27  -7.0831e-20  3.71525e-28  9.76243e-22  1.63251e-28  1.33286e-21 -4.56376e-29  2.43305e-22 -3.32381e-29  2.81656e-23 -2.93948e-30   2.3394e-24  5.83924e-31  1.39276e-25 -2.84972e-32  5.39767e-27 -4.10938e-32  8.01454e-29 -4.56895e-33 -4.45566e-30 -3.43604e-35 -3.18459e-31  1.04364e-35 -8.30983e-33  1.25619e-37 -7.17944e-35
 6.30511e-12  1.76476e-25 -3.38016e-10 -3.12047e-24  7.02684e-09  2.62203e-23 -8.74488e-08 -1.23784e-22   7.5091e-07  3.00369e-22 -4.77173e-06  6.95807e-23  2.33543e-05 -3.47827e-21 -9.01572e-05   1.4142e-20  0.000278223 -3.06144e-20 -0.000689989   2.7466e-20   0.00137166  5.80857e-20  -0.00215917 -2.95077e-19   0.00261698  6.61882e-19  -0.00229438 -9.23409e-19    0.0012166  5.78613e-19 -5.07713e-05  9.43982e-19 -0.000462777 -3.67555e-18   0.00026527  6.46449e-18  6.91873e-05 -7.39364e-18 -0.000117528  5.53526e-18 -1.70703e-06 -2.17483e-18  3.99702e-05 -3.63986e-19 -5.19817e-07  1.01627e-18 -1.24158e-05  -5.1879e-19 -1.14815e-06  -2.2719e-20  3.31258e-06  2.39191e-19  9.97571e-07  -2.5495e-19 -5.88612e-07  1.77484e-19 -4.08513e-07 -6.35306e-20  1.82542e-09 -1.26852e-20  8.71944e-08  2.64356e-20  3.19542e-08 -1.30829e-20 -3.72225e-09   2.1608e-21 -7.01422e-09  2.02927e-21 -2.31305e-09 -1.87638e-21  6.08241e-11  9.40306e-23  3.40746e-10  5.98683e-22  1.37927e-10 -1.26906e-22  1.97952e-11 -1.40076e-22 -5.97814e-12  2.26664e-23 -4.33595e-12  2.73799e-23  -1.2508e-12 -2.63204e-26 -1.63837e-13 -2.19049e-24  2.22893e-14 -1.09246e-24  1.80764e-14 -3.46889e-25  5.19297e-15  3.42429e-25  9.04227e-16  1.19851e-25  7.76341e-17 -5.59966e-26 -8.38074e-18 -1.91378e-26 -4.70322e-18  1.88378e-27 -1.02335e-18  9.24591e-28  -1.4825e-19  5.28722e-28  -1.4935e-20  1.81089e-28 -8.83416e-22  -5.7843e-29  1.23974e-23 -3.40511e-29  1.01106e-23 -2.66554e-30  1.35386e-24   5.3963e-31  1.13164e-25 -1.53828e-32  6.60567e-27 -3.03581e-32  2.68245e-28 -3.28034e-33  7.06439e-30 -4.86813e-35  1.00097e-31  4.62507e-36  3.65853e-34  1.05111e-37
-3.97394e-26  4.70446e-11   1.3456e-24 -1.48501e-09 -1.66622e-23  2.43156e-08  1.12929e-22 -2.59325e-07 -4.55018e-22  1.98573e-06  9.67832e-22  -1.1508e-05  2.52393e-22  5.20773e-05 -9.47154e-21  -0.00018748  3.51776e-20  0.000542216 -7.00963e-20  -0.00126271  5.80857e-20   0.00235457  1.13985e-19  -0.00345828 -5.42379e-19   0.00386056  1.15917e-18  -0.00301515 -1.58627e-18   0.00124414  1.08374e-18  0.000298528  1.14411e-18 -0.000703373 -4.99897e-18  0.000230235  8.62059e-18  0.000184139 -9.33027e-18 -0.000133857  6.32471e-18 -4.28436e-05 -1.89916e-18   4.9077e-05   -8.874e-19  1.36727e-05  1.23243e-18 -1.44052e-05 -5.02925e-19 -5.82419e-06 -3.00478e-20   3.0273e-06  2.06139e-19  2.23418e-06 -2.46148e-19 -1.71238e-07  1.91029e-19 -5.84105e-07 -6.94478e-20 -1.55908e-07 -1.50259e-20  6.68665e-08  2.80772e-20  5.60803e-08 -1.33605e-20  1.00591e-08  2.00813e-21 -5.40403e-09  2.61359e-21 -3.85739e-09 -2.24087e-21 -8.62253e-10 -3.78201e-23  1.43756e-10  7.58726e-22  1.66932e-10 -9.14533e-23  5.52358e-11 -1.87919e-22  6.42722e-12  1.08227e-23 -2.37426e-12  3.40547e-23 -1.48406e-12  4.09109e-24  -4.0744e-13 -1.97331e-24 -5.74518e-14 -1.81129e-24  2.60268e-15 -4.73593e-25  3.81792e-15  4.05739e-25  1.14686e-15  1.28139e-25  2.11912e-16 -5.45058e-26  2.44036e-17 -1.88113e-26  7.34699e-19  2.43731e-28 -3.92994e-19  6.01254e-28 -1.07005e-19  6.68545e-28 -1.65843e-20  1.92822e-28 -1.81207e-21 -6.62724e-29 -1.41366e-22 -3.32165e-29  -6.9655e-24 -2.31969e-30 -6.18573e-26  4.83188e-31  2.38889e-26 -1.80053e-33  2.40187e-27 -2.03296e-32   1.2834e-28 -2.12541e-33  4.16463e-30 -4.29405e-35  7.50466e-32   1.5407e-36  4.93066e-34
-3.79829e-12 -4.13275e-25  2.26684e-10  8.02262e-24 -5.21456e-09 -7.61892e-23  7.14947e-08  4.30939e-22 -6.74254e-07 -1.50757e-21  4.69647e-06  2.83114e-21 -2.51722e-05  8.78917e-22  0.000106433 -2.40196e-20 -0.000360222  8.14081e-20  0.000982565 -1.49166e-19  -0.00215917  1.13985e-19   0.00378938  2.07299e-19  -0.00520063 -9.25114e-19   0.00533464  1.89507e-18  -0.00365599 -2.56956e-18   0.00102059  1.90693e-18  0.000810558  1.19647e-18 -0.000912863 -6.43746e-18  9.77957e-05  1.09675e-17   0.00032017 -1.12165e-17 -0.000112787  6.78934e-18 -9.82075e-05 -1.32937e-18  4.44696e-05 -1.44892e-18  3.28016e-05  1.33602e-18 -1.11809e-05 -4.26829e-19 -1.13155e-05 -1.15518e-20  9.57831e-07  1.39363e-19  3.24847e-06  -2.2794e-19  6.68892e-07    2.023e-19 -5.59987e-07 -7.31285e-20 -3.42075e-07 -1.64237e-20 -9.68444e-09  2.80648e-20  6.27802e-08 -1.35595e-20  2.72529e-08  2.19742e-21    8.737e-10  3.15679e-21 -3.84626e-09 -2.62083e-21 -1.78414e-09 -1.93197e-22 -2.70915e-10  9.21558e-22  9.54639e-11 -4.19056e-23  7.01309e-11 -2.32777e-22  2.01779e-11 -7.76587e-24  2.13279e-12  3.80496e-23 -7.38464e-13  9.55509e-24 -4.37156e-13 -9.47609e-25 -1.17501e-13 -2.45702e-24 -1.80765e-14 -6.57607e-25 -5.13329e-16  4.24314e-25  5.92351e-16  1.34766e-25  1.99787e-16 -4.52555e-26  3.89026e-17 -1.73774e-26  5.13265e-18 -1.89309e-27  4.09257e-19  1.68615e-28 -1.05408e-21  7.72996e-28 -6.32337e-21  1.95628e-28 -1.16075e-21  -7.0122e-29 -1.32042e-22 -3.07871e-29 -1.07222e-23 -1.91573e-30 -6.27033e-25  4.17158e-31 -2.46855e-26  8.71495e-33 -4.96996e-28 -1.22411e-32   5.5465e-30  -1.2389e-33  6.21408e-31 -2.86406e-35  1.30243e-32  3.36598e-37
 7.96617e-26 -2.16868e-11 -2.91293e-24  7.95013e-10  3.97029e-23 -1.48758e-08 -3.04778e-22  1.79265e-07  1.47369e-21 -1.53883e-06 -4.53519e-21  9.94344e-06   7.5567e-21 -4.99999e-05  2.84781e-21  0.000199687 -5.68396e-20 -0.000640781  1.75502e-19    0.0016594 -2.95077e-19  -0.00345828  2.07299e-19   0.00573213   3.4851e-19  -0.00735994  -1.4603e-18   0.00691221  2.89035e-18  -0.00406023 -3.93315e-18  0.000472981  3.16363e-18   0.00144125  9.73871e-19  -0.00101711 -7.87789e-18  -0.00014536  1.33633e-17  0.000444399 -1.28778e-17 -3.98979e-05  6.82258e-18 -0.000155267 -4.95408e-19  1.95581e-05 -1.95648e-18  5.17431e-05  1.28216e-18 -8.70586e-07 -3.01196e-19 -1.55278e-05  4.37666e-20 -3.02669e-06  4.60172e-20  3.36393e-06 -2.06304e-19  1.75192e-06  2.09589e-19 -2.19078e-07  -7.3316e-20 -4.65909e-07 -1.60829e-20 -1.32001e-07  2.62246e-20  3.69357e-08 -1.39419e-20  3.88863e-08  2.74652e-21  1.04374e-08  3.67802e-21 -1.40284e-09 -3.00184e-21 -2.06818e-09 -3.66947e-22 -7.23188e-10  1.07715e-21 -7.34601e-11  2.29627e-23  4.46155e-11 -2.70402e-22  2.57284e-11 -3.38533e-23  6.75946e-12  3.80644e-23  7.35714e-13  1.60377e-23 -1.74024e-13  1.03415e-24 -1.08348e-13 -2.86976e-24 -2.91665e-14 -8.76408e-25 -4.83886e-15  3.87958e-25 -3.80077e-16  1.38676e-25  5.15101e-17 -2.85864e-26  2.54199e-17 -1.49893e-26   5.3234e-18 -4.26569e-27   7.5159e-19 -2.96775e-28  7.45442e-20  8.32834e-28  4.50343e-21  1.88535e-28  -8.1459e-24 -6.93493e-29  -3.8832e-23 -2.70722e-29 -5.18528e-24 -1.48676e-30 -4.16186e-25  3.44911e-31 -2.28986e-26  1.44573e-32 -8.60788e-28  -6.5574e-33 -2.05203e-29 -6.44088e-34 -2.56223e-31 -1.44413e-35 -8.90569e-34
