  0.00132159 -1.60733e-18  -0.00445529  1.14259e-17   0.00290049 -2.51287e-17   0.00088076  3.75776e-17 -0.000403136 -3.34906e-17 -0.000399112  5.11521e-19 -0.000134533  2.43892e-17  6.98135e-06 -1.59789e-17  3.60245e-05  8.28142e-19  2.47546e-05  2.62553e-18  1.07975e-05 -6.15205e-19  3.10149e-06 -5.34144e-19  2.45321e-07  1.17059e-19 -3.92788e-07  2.34675e-19 -3.40804e-07 -3.60368e-21 -1.89244e-07 -5.96363e-20 -8.56644e-08 -1.61419e-20 -3.38851e-08  7.80499e-21 -1.20724e-08  6.42643e-21 -3.93574e-09   1.8229e-21 -1.18472e-09 -7.73572e-22 -3.31051e-10 -1.08592e-21 -8.61642e-11 -4.41375e-22 -2.09456e-11  1.60081e-23 -4.77325e-12  9.99106e-23 -1.02743e-12  4.65802e-23 -2.12243e-13  6.95173e-24  -4.3367e-14 -2.35658e-24 -9.16345e-15 -1.26661e-24 -2.08427e-15 -5.17881e-26 -5.12408e-16  1.57541e-25 -1.31309e-16  7.78542e-26 -3.34671e-17  1.61045e-26 -8.19793e-18  -4.2632e-27  -1.8939e-18 -6.26057e-27 -4.09015e-19 -3.77859e-27 -8.22733e-20 -1.64875e-27 -1.53928e-20 -5.81922e-28 -2.67725e-21 -1.71958e-28 -4.32741e-22 -4.01424e-29  -6.4972e-23 -4.82724e-30 -9.05436e-24  1.67279e-30 -1.16989e-24  1.47077e-30 -1.39938e-25  6.35582e-31 -1.54667e-26  2.01502e-31 -1.57576e-27  5.16918e-32 -1.47551e-28  1.14678e-32 -1.26533e-29  2.37826e-33 -9.89471e-31   4.9508e-34 -7.01881e-32  1.03804e-34 -4.48732e-33  2.04378e-35 -2.56504e-34  3.48049e-36  -1.2977e-35   4.7981e-37 -5.73444e-37  4.95857e-38  -2.1741e-38  3.11532e-39 -6.88873e-40 -4.80811e-41 -1.74276e-41 -4.30188e-41 -3.14525e-43 -6.47442e-42  -2.1636e-45 -6.11209e-43  9.90713e-47 -3.94332e-44  4.43934e-48 -1.64054e-45  7.97503e-50 -3.62402e-47  4.22645e-52 -2.21723e-49
-1.60733e-18   0.00765428 -6.74213e-18   -0.0136255   3.0854e-17   0.00424884 -5.38916e-17   0.00356203  8.14813e-17  0.000169226 -7.61777e-17 -0.000821416  4.59184e-18 -0.000537546   4.5454e-17  -0.00015598 -2.72666e-17  1.82666e-05  7.26911e-20  5.00502e-05  5.02257e-18  3.42478e-05 -1.12975e-18  1.58897e-05 -1.31469e-18  5.43643e-06  3.26689e-19  1.17799e-06  5.42743e-19 -7.16708e-08  6.51262e-21 -2.50696e-07 -1.34897e-19 -1.72998e-07 -3.93418e-20 -8.75754e-08   1.8404e-20 -3.77077e-08  1.91139e-20 -1.45481e-08  5.92421e-21 -5.16011e-09 -2.40532e-21 -1.70841e-09 -3.30536e-21 -5.33363e-10 -1.30577e-21 -1.58174e-10  3.00767e-23 -4.48038e-11  2.66222e-22  -1.2171e-11  1.23589e-22 -3.17973e-12  2.03553e-23 -8.00218e-13 -3.86387e-24 -1.94077e-13 -2.02721e-24 -4.53338e-14  3.60517e-25 -1.01834e-14  5.92479e-25 -2.19497e-15  2.67005e-25 -4.52779e-16   5.3664e-26 -8.91276e-17 -1.69818e-26 -1.66925e-17 -2.31483e-26 -2.96577e-18  -1.3767e-26 -4.98436e-19 -6.01293e-27 -7.90161e-20 -2.14586e-27 -1.17828e-20 -6.38367e-28 -1.64809e-21 -1.46888e-28 -2.15602e-22 -1.67027e-29 -2.62972e-23  5.92921e-30 -2.98036e-24  4.85169e-30 -3.12639e-25  1.99332e-30 -3.02174e-26   6.0843e-31 -2.67619e-27   1.5288e-31 -2.15671e-28  3.39203e-32 -1.56691e-29  7.11852e-33  -1.0128e-30  1.47438e-33 -5.70392e-32  2.95817e-34 -2.69459e-33  5.39835e-35 -9.76748e-35    8.387e-36 -1.88168e-36  1.04415e-36  6.87701e-38  9.52332e-38  9.48469e-39  4.65737e-39  5.84571e-40 -2.67427e-40  2.56551e-41 -9.02484e-41  8.71037e-43 -1.13233e-41   2.3493e-44 -9.14874e-43  5.04186e-46 -4.90494e-44  8.08408e-48 -1.57173e-45  7.58252e-50 -2.19273e-47  1.67688e-52
 -0.00445529 -6.74213e-18    0.0212828  -1.4875e-17   -0.0241042  4.52684e-17   0.00108144 -6.27908e-17   0.00653005  1.11985e-16   0.00224114 -1.18526e-16 -0.000588521  1.57101e-17 -0.000971599  5.55283e-17 -0.000518603 -3.24134e-17 -0.000136029  -2.3512e-19  2.18606e-05  6.63155e-18  4.86246e-05 -2.05867e-18  3.36339e-05 -2.20589e-18  1.65192e-05   6.5628e-19  6.42259e-06  9.03142e-19  1.96845e-06  1.37992e-20  4.08438e-07 -2.22896e-19 -5.26778e-09 -6.54726e-20 -6.23267e-08  3.95213e-20 -4.23809e-08  4.27061e-20 -2.07068e-08  1.32072e-20 -8.58321e-09 -5.38692e-21 -3.18804e-09 -7.02668e-21 -1.08834e-09 -2.68082e-21 -3.46291e-10  3.82726e-23 -1.03561e-10  4.95765e-22 -2.92611e-11  2.28639e-22 -7.83628e-12  4.21827e-23 -1.99261e-12 -1.54248e-24 -4.81451e-13 -2.80038e-25  -1.1053e-13  2.26923e-24 -2.40946e-14  1.75086e-24 -4.98182e-15  7.13268e-25 -9.75494e-16  1.37042e-25 -1.80563e-16 -4.60316e-26  -3.1526e-17 -5.99909e-26 -5.17934e-18 -3.52027e-26 -7.98397e-19 -1.53273e-26 -1.15099e-19 -5.46002e-27 -1.54565e-20 -1.60216e-27 -1.92403e-21 -3.54293e-28 -2.20589e-22 -3.52303e-29 -2.30864e-23  1.53919e-29 -2.17602e-24  1.12048e-29 -1.80512e-25  4.35156e-30 -1.25762e-26  1.27935e-30 -6.45736e-28   3.1521e-31 -9.57336e-30  6.97091e-32  2.95417e-30   1.4622e-32    4.897e-31  2.96569e-33  5.10753e-32  5.64595e-34   4.2154e-33  9.54352e-35  2.91829e-34  1.35393e-35  1.72772e-35  1.51772e-36  8.78381e-37  1.20102e-37  3.81877e-38  3.91797e-39  1.40526e-39 -5.84302e-40  4.31344e-41 -1.24591e-40  1.08648e-42 -1.30683e-41  2.21304e-44 -8.88432e-43  3.56282e-46  -3.8309e-44  4.10493e-48 -8.81085e-46  2.30743e-50 -5.95128e-48
 1.14259e-17   -0.0136255  -1.4875e-17    0.0381659 -2.08991e-17   -0.0293518  3.76069e-17  -0.00652442 -3.25607e-17   0.00724135  1.09122e-16   0.00504911 -1.44524e-16  0.000728617  3.16644e-17 -0.000966261  5.09247e-17 -0.000895057 -3.13061e-17 -0.000423494  1.57063e-18 -0.000106499  6.94416e-18  1.62579e-05 -3.74883e-18  3.71837e-05 -3.02001e-18  2.64433e-05   1.0688e-18  1.36697e-05  1.21774e-18  5.82085e-06 -2.06089e-20  2.12021e-06 -3.23863e-19   6.6248e-07 -8.29741e-20  1.71595e-07  8.20744e-20  3.20368e-08  8.11138e-20  8.91743e-10  2.38598e-20 -2.86617e-09 -9.79703e-21 -1.81493e-09 -1.20087e-20 -7.92355e-10 -4.39756e-21 -2.90122e-10  4.45289e-23 -9.44665e-11  7.47563e-22 -2.80522e-11  3.44326e-22 -7.69446e-12  7.43542e-23 -1.96271e-12  1.02079e-23   -4.672e-13  7.73412e-24 -1.03914e-13  7.50837e-24 -2.15885e-14  4.35035e-24  -4.1818e-15  1.62548e-24 -7.52694e-16  2.98408e-25 -1.25197e-16 -9.93866e-26 -1.90752e-17 -1.26042e-25 -2.62289e-18 -7.29489e-26 -3.16482e-19 -3.14602e-26 -3.14097e-20 -1.10464e-26 -2.04324e-21 -3.14564e-27   6.1554e-23 -6.54717e-28  5.08337e-23 -5.11016e-29  1.11422e-23  3.29161e-29  1.79926e-24  2.08874e-29  2.43612e-25   7.6418e-30  2.88519e-26  2.16481e-30  3.04258e-27  5.22911e-31   2.8795e-28   1.1467e-31  2.45263e-29  2.37575e-32  1.87975e-30  4.66009e-33  1.29324e-31  8.36247e-34  7.95283e-33  1.30692e-34  4.34475e-34  1.69025e-35   2.0913e-35  1.69418e-36  8.77238e-37   1.1288e-37  3.16078e-38  1.32241e-39  9.60158e-40 -8.36183e-40  2.40478e-41 -1.30238e-40  4.86165e-43 -1.13832e-41  7.85032e-45  -6.3699e-43  9.96112e-47 -2.11144e-44  8.37844e-49 -3.09292e-46  1.96588e-51
  0.00290049   3.0854e-17   -0.0241042 -2.08991e-17    0.0503736 -2.12883e-17   -0.0265005   1.0326e-17   -0.0149936   2.8172e-17   0.00464923   7.2119e-17   0.00707867 -1.44511e-16   0.00279042  4.50311e-17 -0.000237962  3.58626e-17  -0.00099285  -2.5376e-17 -0.000713673    5.723e-18 -0.000315937  5.79863e-18  -8.2351e-05  -6.1367e-18  5.59713e-06 -3.62513e-18  2.23884e-05  1.45274e-18  1.69013e-05  1.34878e-18  9.17227e-06  -1.6799e-19  4.15769e-06 -4.53717e-19  1.65898e-06  -7.9838e-20  5.97523e-07   1.5562e-19  1.97018e-07  1.35337e-19   5.9992e-08  3.70544e-20  1.69724e-08 -1.52364e-20  4.48395e-09 -1.74765e-20  1.11261e-09 -6.10854e-21  2.61497e-10  6.18861e-23  5.90305e-11  9.74062e-22  1.30796e-11  4.56229e-22  2.92602e-12  1.23126e-22  6.77817e-13   3.9855e-23  1.63812e-13  2.73494e-23  4.06514e-14  1.85678e-23  1.00672e-14   9.2808e-24  2.42203e-15   3.2294e-24  5.55523e-16  5.65597e-25  1.20116e-16  -1.8524e-25  2.43337e-17 -2.28464e-25  4.60367e-18 -1.29869e-25  8.11897e-19 -5.50098e-26  1.33316e-19  -1.8812e-26  2.03619e-20 -5.12713e-27  2.88963e-21 -9.83258e-28  3.80546e-22 -4.72958e-29  4.64347e-23  6.02944e-29  5.23996e-24  3.32636e-29   5.4559e-25  1.14497e-29  5.22709e-26  3.12625e-30  4.59274e-27  7.39258e-31  3.68627e-28  1.59711e-31  2.68996e-29   3.2326e-32  1.77446e-30  6.07116e-33  1.05081e-31  1.02124e-33  5.53812e-33  1.47152e-34  2.56923e-34  1.72791e-35    1.034e-35  1.53008e-36  3.53742e-37  8.11595e-38  9.98063e-39 -1.56697e-39  2.21272e-40 -9.00155e-40  3.54901e-42 -1.08798e-40   3.5627e-44 -7.85024e-42  1.96432e-46 -3.50956e-43   1.7229e-48 -8.35402e-45  9.05193e-51 -6.03973e-47
-2.51287e-17   0.00424884  4.52684e-17   -0.0293518 -2.12883e-17    0.0535047 -2.12646e-17   -0.0182584 -1.24786e-17   -0.0208357  8.95109e-17 -0.000190949  1.88198e-17    0.0073347 -1.20091e-16   0.00479132  4.88326e-17    0.0010904  1.78328e-17 -0.000628044 -1.56049e-17  -0.00082875   1.1185e-17 -0.000518996  3.36311e-18 -0.000224727 -8.69813e-18 -6.52461e-05 -3.91947e-18 -4.69695e-06  1.65205e-18  9.40451e-06  1.13842e-18     8.34e-06 -5.20835e-19   4.8211e-06 -6.35993e-19  2.29073e-06 -4.96885e-20  9.58764e-07   2.6076e-19  3.64906e-07  2.00478e-19   1.2861e-07  5.05017e-20  4.24767e-08 -2.10319e-20   1.3258e-08 -2.24128e-20  3.93547e-09 -7.44559e-21  1.11623e-09  9.71934e-23  3.03536e-10  1.14407e-21   7.9301e-11   5.6579e-22  1.99222e-11  2.02418e-22  4.81151e-12  9.88592e-23  1.11582e-12  6.48486e-23   2.4799e-13  3.80189e-23  5.26934e-14  1.72973e-23  1.06756e-14  5.65713e-24  2.05654e-15  9.35713e-25  3.75652e-16 -3.13949e-25  6.48876e-17  -3.6985e-25  1.05712e-17 -2.04829e-25  1.62014e-18 -8.43979e-26  2.32984e-19 -2.77977e-26  3.13546e-20 -7.15778e-27  3.93798e-21 -1.23179e-27  4.60199e-22 -6.68001e-30  4.98743e-23  9.65153e-29  4.99381e-24  4.66292e-29  4.59935e-25  1.51068e-29  3.87592e-26  3.97568e-30  2.96904e-27  9.17876e-31  2.04996e-28  1.93955e-31   1.2611e-29  3.79751e-32  6.79628e-31  6.77286e-33  3.12044e-32  1.06257e-33  1.15519e-33  1.40614e-34  2.95589e-35   1.4891e-35  1.22606e-37  1.14226e-36 -3.85587e-38  4.26325e-38 -2.63301e-39 -3.37194e-39 -1.08494e-40  -7.7401e-40 -3.16543e-42 -7.45201e-41 -6.49044e-44  -4.3666e-42 -8.60107e-46 -1.49438e-43 -6.34321e-48 -2.27484e-45 -2.12191e-50
  0.00088076 -5.38916e-17   0.00108144  3.76069e-17   -0.0265005 -2.12646e-17     0.049473 -3.09971e-17  -0.00918249 -9.27602e-18   -0.0230114  1.23719e-16  -0.00547217 -2.71972e-17   0.00581577  -8.2484e-17   0.00603987  4.11004e-17   0.00261871  3.62953e-18   0.00017195  -2.5404e-18 -0.000650982  1.66075e-17 -0.000607951  3.03466e-19 -0.000353056 -1.05982e-17 -0.000154645 -3.78498e-18 -5.14835e-05  1.53115e-18 -1.07754e-05  4.50744e-19  9.79591e-07 -1.15367e-18  2.57839e-06 -8.84506e-19  1.76262e-06   4.8659e-21  8.96178e-07  3.84764e-19    3.889e-07   2.6505e-19  1.51283e-07  6.05424e-20  5.40246e-08   -2.665e-20   1.7952e-08 -2.60219e-20  5.59725e-09 -8.20746e-21  1.64622e-09  1.35702e-22  4.58252e-10   1.2577e-21   1.2097e-10  6.96696e-22  3.03122e-11   3.3428e-22   7.2109e-12  2.00202e-22  1.62781e-12  1.25853e-22  3.48392e-13  6.75094e-23  7.06037e-14  2.85935e-23  1.35271e-14  8.81766e-24  2.44576e-15  1.34858e-24  4.16452e-16  -4.9911e-25  6.66285e-17 -5.45824e-25  9.99013e-18  -2.9139e-25  1.39961e-18 -1.15628e-25  1.82581e-19 -3.62959e-26   2.2084e-20 -8.71193e-27  2.46359e-21 -1.29359e-27   2.5169e-22  7.75784e-29  2.33157e-23  1.36904e-28  1.92862e-24  5.85933e-29  1.38664e-25  1.78935e-29  8.18145e-27  4.53687e-30  3.31274e-28  1.01886e-30 -5.25723e-31   2.0901e-31 -1.77839e-30  3.92421e-32 -2.19302e-31  6.60003e-33 -1.84245e-32  9.60966e-34 -1.23396e-33  1.16189e-34 -6.87715e-35  1.09844e-35 -3.22811e-36  7.06092e-37 -1.27401e-37  1.22517e-38 -4.17912e-39 -3.69504e-39 -1.11366e-40 -5.48081e-40 -2.31379e-42 -4.23367e-41 -3.48318e-44 -1.96346e-42  -3.3405e-46  -4.8169e-44 -1.63108e-48 -3.65902e-46
 3.75776e-17   0.00356203 -6.27908e-17  -0.00652442   1.0326e-17   -0.0182584 -3.09971e-17    0.0429057 -5.31999e-17  -0.00201538  1.77215e-17   -0.0224174  1.21466e-16   -0.0099297 -5.11284e-17   0.00313013 -4.63986e-17   0.00624685  2.49627e-17   0.00392122   -2.514e-18   0.00121479  1.28712e-17 -0.000175394  2.11559e-17 -0.000509969 -2.17105e-18   -0.0004028 -1.09026e-17 -0.000225176 -3.06552e-18  -0.00010139   1.0337e-18 -3.79832e-05 -7.67837e-19 -1.16376e-05  -2.0713e-18  -2.6084e-06 -1.18605e-18 -1.70179e-07  7.34887e-20  2.33912e-07  5.03714e-19  1.77969e-07  3.13794e-19  8.82171e-08  6.30991e-20  3.61334e-08 -3.20112e-20  1.30743e-08 -2.80852e-20  4.29993e-09  -8.4544e-21  1.30435e-09  1.46624e-22  3.67949e-10  1.35245e-21  9.69814e-11  8.93114e-22  2.39454e-11  5.45024e-22  5.54472e-12  3.54676e-22  1.20417e-12  2.12853e-22  2.45063e-13  1.06619e-22  4.66569e-14  4.24301e-23  8.28831e-15  1.23173e-23  1.36863e-15  1.68098e-24  2.08939e-16 -7.53282e-25  2.92512e-17 -7.42993e-25  3.70722e-18 -3.77982e-25   4.1568e-19 -1.43039e-25  3.92781e-20 -4.23578e-26  2.71237e-21 -9.32907e-27  3.86489e-23 -1.11466e-27 -2.86311e-23  1.95547e-28 -6.50837e-24  1.74013e-28  -9.7954e-25  6.68024e-29 -1.19855e-25  1.92674e-29 -1.26229e-26  4.70176e-30 -1.16993e-27  1.02248e-30  -9.6298e-29  2.02144e-31 -7.05904e-30  3.61155e-32 -4.60358e-31  5.69263e-33 -2.66072e-32  7.65213e-34 -1.35431e-33  8.39499e-35 -6.01757e-35  6.97686e-36 -2.30681e-36  3.53271e-37 -7.51118e-38 -4.32967e-39 -2.03264e-39 -2.98391e-39  -4.4227e-41 -3.24662e-40 -7.31745e-43  -1.9991e-41 -8.32349e-45 -7.05341e-43 -5.39817e-47 -1.10785e-44 -1.35174e-49
-0.000403136  8.14813e-17   0.00653005 -3.25607e-17   -0.0149936 -1.24786e-17  -0.00918249 -5.31999e-17    0.0370509 -7.73057e-17   0.00281682   4.7309e-17   -0.0203791  9.16817e-17   -0.0131244 -5.34108e-17 -3.64271e-05 -2.38185e-17   0.00547114  5.75039e-18   0.00470667  3.71642e-19   0.00224957  2.88673e-17  0.000502623  2.48094e-17 -0.000216612 -2.57435e-18 -0.000332677  -8.8098e-18 -0.000240299 -1.60285e-18 -0.000131877  2.06733e-19 -6.08917e-05 -2.43571e-18 -2.46109e-05 -3.17525e-18 -8.86584e-06 -1.49408e-18  -2.8664e-06  1.42763e-19 -8.30232e-07   5.9042e-19 -2.12736e-07  3.32962e-19 -4.66357e-08  5.51487e-20 -7.94871e-09 -3.74957e-20  -6.4492e-10 -2.89989e-20  2.20908e-10 -8.44657e-21  1.43536e-10  1.17551e-22  5.15835e-11  1.50271e-21  1.44568e-11  1.21049e-21  3.37082e-12   8.5697e-22   6.5195e-13  5.65528e-22  9.69593e-14  3.22698e-22  7.24191e-15  1.52086e-22 -1.70313e-15  5.70311e-23 -9.97205e-16  1.54956e-23 -3.10452e-16  1.77692e-24 -7.62494e-17 -1.07727e-24 -1.61194e-17 -9.38456e-25 -3.03331e-18 -4.50043e-25 -5.16325e-19 -1.60924e-25 -8.01794e-20 -4.44854e-26 -1.14111e-20 -8.80408e-27 -1.49181e-21 -7.21717e-28 -1.79287e-22  3.22537e-28 -1.98011e-23   2.0005e-28  -2.0072e-24  6.96961e-29 -1.86369e-25  1.90222e-29 -1.58058e-26  4.46015e-30 -1.21998e-27  9.34601e-31 -8.53143e-29  1.76829e-31 -5.37548e-30  2.98578e-32 -3.03102e-31  4.38502e-33 -1.51673e-32  5.40975e-34 -6.66654e-34  5.33457e-35 -2.54085e-35  3.80416e-36 -8.26182e-37  1.31695e-37 -2.24346e-38 -9.37863e-39 -4.93559e-40 -1.93745e-39  -8.3723e-42 -1.61905e-40 -9.95154e-44 -7.79407e-42 -6.65774e-46 -1.96427e-43 -1.25049e-48  -1.5486e-45
-3.34906e-17  0.000169226  1.11985e-16   0.00724135   2.8172e-17   -0.0208357 -9.27602e-18  -0.00201538 -7.73057e-17    0.0328501 -8.75027e-17   0.00595401  6.04175e-17   -0.0178164  5.14841e-17   -0.0151241 -4.58248e-17  -0.00318575 -2.05382e-17   0.00394508 -1.20318e-17    0.0048506  1.00085e-17   0.00305288   4.3142e-17   0.00123253  2.81694e-17  0.000217401  3.74559e-19 -0.000141516 -3.89057e-18 -0.000181087  6.70844e-19 -0.000125232 -8.13535e-19 -6.80087e-05 -4.32353e-18 -3.17755e-05 -4.27303e-18 -1.32846e-05 -1.73941e-18 -5.07919e-06  2.01061e-19 -1.80136e-06     6.24e-19 -5.98829e-07  3.15319e-19  -1.8817e-07  3.59207e-20 -5.62907e-08  -4.3663e-20 -1.61291e-08 -2.94916e-20 -4.44868e-09 -8.46325e-21 -1.18535e-09  1.01359e-22 -3.05675e-10  1.81153e-21 -7.62902e-11  1.69969e-21 -1.83965e-11  1.27745e-21 -4.27334e-12  8.23334e-22 -9.52654e-13  4.45252e-22 -2.03001e-13  1.97911e-22 -4.11868e-14  6.98796e-23  -7.9277e-15  1.75954e-23 -1.44298e-15  1.50911e-24 -2.47653e-16 -1.44823e-24 -3.99723e-17 -1.10257e-24 -6.05277e-18 -4.93799e-25 -8.57853e-19 -1.65387e-25 -1.13532e-19 -4.21795e-26 -1.39964e-20 -7.26684e-27 -1.60317e-21 -2.11645e-28 -1.70126e-22  4.28631e-28 -1.66723e-23  2.09651e-28  -1.5034e-24  6.69645e-29 -1.24214e-25  1.73212e-29 -9.35663e-27  3.89329e-30 -6.38764e-28  7.82013e-31 -3.92358e-29  1.40679e-31 -2.14888e-30  2.23094e-32 -1.03723e-31  3.03502e-33 -4.34395e-33  3.41202e-34 -1.54395e-34  2.98429e-35 -4.49992e-36  1.75232e-36  -1.0105e-37  2.40079e-38 -1.49487e-39 -8.18626e-39 -4.48272e-42 -1.04541e-39  4.47709e-43 -6.78964e-41  1.31046e-44 -2.46663e-42  1.74288e-46 -3.97592e-44  7.88055e-49
-0.000399112 -7.61777e-17   0.00224114  1.09122e-16   0.00464923  8.95109e-17   -0.0230114  1.77215e-17   0.00281682 -8.75027e-17    0.0300141 -7.54926e-17     0.008086  5.42072e-17   -0.0151766  1.55852e-17   -0.0161631 -4.24863e-17  -0.00603235 -3.58457e-17   0.00193878 -2.63756e-17   0.00435927  2.17578e-17   0.00347114  5.35053e-17   0.00185581  3.20211e-17  0.000695373  7.28395e-18  0.000131628  3.71291e-18 -5.46752e-05  3.63458e-18 -7.70813e-05 -1.84147e-18 -5.34935e-05 -6.09929e-18 -2.89627e-05 -5.13233e-18 -1.35204e-05 -1.85464e-18 -5.66891e-06  2.41005e-19 -2.18162e-06  5.96416e-19 -7.80838e-07   2.6239e-19 -2.62205e-07  7.18745e-21  -8.3103e-08 -5.08675e-20  -2.4961e-08 -3.01974e-20 -7.12406e-09 -8.60835e-21 -1.93498e-09  2.42799e-22  -5.0046e-10  2.38888e-21 -1.23239e-10  2.38641e-21 -2.88738e-11  1.78864e-21 -6.42906e-12   1.1037e-21 -1.35848e-12  5.64273e-22 -2.71961e-13  2.36525e-22 -5.14908e-14  7.83783e-23 -9.20234e-15  1.80157e-23 -1.54935e-15  8.43953e-25 -2.45234e-16 -1.81559e-24 -3.64108e-17 -1.20561e-24 -5.05902e-18 -5.00425e-25 -6.56088e-19 -1.55643e-25 -7.91873e-20 -3.60873e-26 -8.86558e-21   -5.117e-27 -9.17136e-22  2.89648e-28 -8.72599e-23  4.90284e-28 -7.59181e-24  2.01608e-28 -5.99506e-25  5.95356e-29 -4.25371e-26  1.46071e-29 -2.67206e-27  3.13847e-30 -1.45072e-28  6.01108e-31 -6.49957e-30   1.0219e-31 -2.13109e-31  1.51298e-32 -2.53942e-33  1.89473e-33  2.77456e-34  1.92362e-34  2.72232e-35  1.46309e-35  1.51189e-36  6.52271e-37  6.13989e-38 -1.26242e-38   1.9087e-39 -5.18596e-39  4.51866e-41 -4.74801e-40  7.86321e-43 -2.37365e-41  9.26946e-45 -6.12841e-43  5.91073e-47 -4.97033e-45
 5.11521e-19 -0.000821416 -1.18526e-16   0.00504911   7.2119e-17 -0.000190949  1.23719e-16   -0.0224174   4.7309e-17   0.00595401 -7.54926e-17    0.0280501 -4.51482e-17   0.00965022  3.95144e-17   -0.0126278 -9.50195e-18   -0.0164714   -5.258e-17  -0.00843905 -6.45254e-17 -0.000304235 -3.80049e-17   0.00332107  3.02306e-17   0.00343032  5.85195e-17    0.0022412  3.69122e-17   0.00110729  1.78221e-17  0.000420624  1.32101e-17  0.000107875  6.94353e-18  1.20999e-06  -2.6898e-18 -2.01805e-05 -7.41911e-18 -1.62198e-05 -5.55771e-18 -9.09047e-06 -1.80071e-18 -4.25861e-06  2.59047e-19 -1.76754e-06   5.1346e-19 -6.67655e-07  1.83191e-19 -2.32928e-07 -2.73892e-20 -7.57249e-08 -5.89594e-20 -2.30689e-08 -3.13037e-20 -6.60874e-09 -8.70704e-21 -1.78418e-09  7.56526e-22 -4.54442e-10  3.31462e-21 -1.09248e-10  3.25081e-21  -2.4784e-11  2.34297e-21 -5.30254e-12  1.36981e-21 -1.06886e-12  6.60729e-22 -2.02723e-13  2.60757e-22 -3.61171e-14  8.06483e-23 -6.03229e-15    1.654e-23 -9.42241e-16 -1.26011e-25 -1.37239e-16   -2.111e-24 -1.85717e-17 -1.22655e-24  -2.3241e-18 -4.68891e-25 -2.67291e-19 -1.34181e-25 -2.80026e-20 -2.77064e-26 -2.63632e-21 -2.85916e-27 -2.17875e-22  6.75299e-28 -1.50614e-23  4.98054e-28 -7.59219e-25  1.78874e-28 -9.41456e-27  4.91574e-29  3.71727e-27  1.14414e-29  5.95605e-28  2.34216e-30  6.10605e-29  4.25524e-31  4.96337e-30  6.79673e-32  3.38165e-31  9.33918e-33  1.96662e-32  1.06893e-33  9.79568e-34  9.68232e-35  4.15787e-35  6.20438e-36  1.48616e-36  1.69929e-37  4.38851e-38 -1.66137e-38   1.0407e-39  -2.6437e-39  1.90045e-41 -1.81778e-40  2.49753e-43 -6.79074e-42   2.0599e-45 -1.11843e-43  6.83644e-48
-0.000134533  4.59184e-18 -0.000588521 -1.44524e-16   0.00707867  1.88198e-17  -0.00547217  1.21466e-16   -0.0203791  6.04175e-17     0.008086 -4.51482e-17    0.0266243 -6.60807e-18     0.010883  2.96053e-17   -0.0102146 -2.53754e-17   -0.0162274 -7.79036e-17   -0.0103517 -9.98577e-17  -0.00258383 -4.95886e-17   0.00186955  3.10404e-17   0.00292999   5.7859e-17   0.00230638  4.29108e-17    0.0013575  3.07272e-17  0.000652542  2.32722e-17  0.000262374   1.0095e-17  8.68427e-05 -3.21082e-18  2.15503e-05 -8.02839e-18  2.18603e-06 -5.45548e-18  -1.6081e-06 -1.58278e-18 -1.41893e-06  2.53671e-19 -7.51724e-07  3.90827e-19 -3.22618e-07  9.06011e-20 -1.21042e-07 -6.33674e-20 -4.09626e-08 -6.71667e-20 -1.27018e-08 -3.24247e-20 -3.64041e-09 -8.34647e-21  -9.6912e-10  1.85247e-21 -2.40262e-10  4.59507e-21 -5.55282e-11  4.21644e-21 -1.19604e-11  2.86803e-21 -2.39746e-12  1.57998e-21 -4.45995e-13   7.1768e-22 -7.66543e-14  2.65925e-22 -1.20865e-14  7.61449e-23 -1.72817e-15  1.34316e-23 -2.19474e-16 -1.20349e-24 -2.37064e-17 -2.27003e-24 -1.92935e-18 -1.16027e-24 -5.35682e-20 -4.06216e-25  2.01553e-20 -1.05777e-25  5.64521e-21 -1.88203e-26  9.89845e-22 -9.26004e-28  1.39928e-22  8.89385e-28  1.70298e-23  4.57535e-28  1.83034e-24  1.47084e-28  1.75674e-25  3.77992e-29  1.51243e-26  8.34037e-30  1.16876e-27   1.6208e-30  8.09171e-29  2.77893e-31    4.999e-30  4.14681e-32  2.73942e-31  5.25499e-33  1.32076e-32  5.44926e-34  5.54223e-34  4.32848e-35   1.9954e-35  2.20693e-36  6.04679e-37  7.39241e-39  1.50231e-38 -1.10092e-38  2.94863e-40  -1.1212e-39  4.32546e-42 -5.82159e-41  4.31147e-44 -1.53589e-42  2.33145e-46 -1.27269e-44
 2.43892e-17 -0.000537546  1.57101e-17  0.000728617 -1.44511e-16    0.0073347 -2.71972e-17   -0.0099297  9.16817e-17   -0.0178164  5.42072e-17   0.00965022 -6.60807e-18    0.0255591  3.26481e-17    0.0119155  3.17485e-17  -0.00793317 -3.75498e-17   -0.0155558 -1.14256e-16   -0.0117554 -1.36177e-16  -0.00473875 -6.43433e-17  0.000161363  2.20921e-17   0.00203235  5.23291e-17   0.00202861  4.95728e-17   0.00138637   4.4078e-17  0.000768665  3.23292e-17  0.000366444  1.25747e-17  0.000154342 -3.32272e-18   5.8246e-05 -7.83295e-18   1.9826e-05 -4.85996e-18    6.094e-06 -1.24838e-18  1.68425e-06  2.24106e-19  4.13689e-07  2.48071e-19  8.80818e-08 -2.54529e-21  1.53674e-08  -9.6503e-20   1.8555e-09 -7.41792e-20  1.91034e-11 -3.27317e-20 -6.14123e-11 -7.04303e-21 -1.56952e-11  3.63483e-21  6.35868e-14  6.13228e-21   1.7304e-12  5.15653e-21  9.16686e-13  3.28158e-21   3.3178e-13  1.69833e-21  9.81711e-14   7.2502e-22  2.52063e-14  2.51219e-22  5.77292e-15  6.58309e-23  1.19703e-15  9.34915e-24  2.26686e-16 -2.15409e-24  3.94131e-17 -2.25551e-24  6.31128e-18  -1.0197e-24  9.32399e-19 -3.25034e-25  1.27171e-19 -7.58666e-26  1.60111e-20 -1.09358e-26  1.85927e-21  4.34352e-28  1.98855e-22  9.32579e-28  1.95488e-23  3.84571e-28  1.76177e-24  1.12497e-28  1.45075e-25  2.71239e-29  1.08717e-26  5.66583e-30  7.37816e-28  1.04118e-30  4.50785e-29  1.67609e-31  2.46172e-30  2.32322e-32  1.19103e-31  2.69597e-33   5.0496e-33  2.50424e-34  1.85005e-34  1.69884e-35  5.75179e-36  6.07125e-37  1.48083e-37 -2.47896e-38  3.05168e-39 -5.46604e-39  4.79318e-41 -3.99266e-40  5.31839e-43  -1.5314e-41  3.61492e-45 -2.56738e-43  9.62037e-48
 6.98135e-06   4.5454e-17 -0.000971599  3.16644e-17   0.00279042 -1.20091e-16   0.00581577 -5.11284e-17   -0.0131244  5.14841e-17   -0.0151766  3.95144e-17     0.010883  3.26481e-17    0.0247615  7.18598e-17    0.0128299  4.59301e-17  -0.00575956 -5.04689e-17   -0.0145382 -1.54418e-16   -0.0126488 -1.70053e-16  -0.00663584 -8.44922e-17  -0.00163551  4.08138e-18  0.000850261  4.35979e-17   0.00144615  5.60688e-17   0.00118311  5.57449e-17  0.000740545    3.897e-17   0.00039316  1.40179e-17  0.000184888  -3.0186e-18  7.88758e-05 -6.91527e-18  3.10028e-05 -3.91382e-18  1.13547e-05 -8.70063e-19  3.90976e-06  1.70483e-19   1.2751e-06   1.0336e-19  3.96344e-07 -8.60592e-20  1.18014e-07 -1.23293e-19  3.37856e-08 -7.84118e-20  9.31917e-09 -3.12754e-20  2.47778e-09 -4.46393e-21  6.34329e-10  6.02068e-21  1.56008e-10  7.72557e-21  3.67486e-11  5.92019e-21  8.26311e-12  3.51252e-21  1.76766e-12  1.70464e-21  3.58627e-13  6.82301e-22   6.8807e-14  2.19866e-22  1.24523e-14  5.18387e-23  2.12069e-15  5.12197e-24  3.39136e-16 -2.78774e-24  5.08205e-17 -2.07093e-24  7.12151e-18 -8.31692e-25  9.31214e-19 -2.39605e-25  1.13368e-19 -4.89874e-26  1.28183e-20  -4.9412e-27  1.34241e-21  1.17811e-27  1.29813e-22  8.46284e-28  1.15508e-23  2.98167e-28   9.4191e-25  8.02641e-29  7.00583e-26  1.81902e-29  4.72655e-27  3.58986e-30  2.87325e-28  6.21256e-31  1.56114e-29  9.34145e-32  7.50621e-31  1.19535e-32  3.15375e-32   1.2595e-33  1.13892e-33  1.03169e-34  3.45633e-35  5.71349e-36  8.52857e-37  9.09847e-38  1.62296e-38 -1.91172e-38  2.15635e-40  -2.2051e-39  1.53424e-42 -1.18868e-40 -2.07081e-45 -3.19648e-42 -1.08199e-46 -2.69091e-44
-1.59789e-17  -0.00015598  5.55283e-17 -0.000966261  4.50311e-17   0.00479132  -8.2484e-17   0.00313013 -5.34108e-17   -0.0151241  1.55852e-17   -0.0126278  2.96053e-17    0.0119155  7.18598e-17    0.0241802  1.14592e-16    0.0136846  6.80764e-17  -0.00365984 -6.47293e-17   -0.0132211 -1.91124e-16     -0.01303 -2.00085e-16  -0.00816028  -1.1013e-16  -0.00334903  -1.9838e-17 -0.000466179  3.37358e-17  0.000650949  6.13946e-17  0.000787341  6.38971e-17  0.000576928  4.23047e-17  0.000338806  1.43135e-17  0.000172447 -2.36038e-18  7.88053e-05 -5.49562e-18  3.29811e-05  -2.8159e-18  1.28016e-05 -5.21417e-19  4.64825e-06  9.50708e-20  1.58848e-06 -2.93371e-20  5.13094e-07 -1.53235e-19  1.57104e-07 -1.41157e-19  4.56804e-08 -7.84018e-20  1.26242e-08 -2.73722e-20  3.31643e-09 -6.08005e-22  8.27856e-10  8.72078e-21  1.96195e-10  9.11271e-21  4.40933e-11  6.37147e-21   9.3848e-12   3.5206e-21  1.88886e-12  1.59984e-21  3.58932e-13  5.98572e-22  6.42905e-14  1.78029e-22  1.08356e-14  3.67811e-23  1.71534e-15  1.48742e-24  2.54567e-16 -3.01621e-24  3.53441e-17 -1.75787e-24  4.58052e-18 -6.28542e-25  5.52726e-19 -1.61951e-25  6.19271e-20 -2.78526e-26  6.42136e-21 -1.05542e-27  6.13932e-22   1.4124e-27  5.38807e-23  6.88045e-28  4.31756e-24  2.14495e-28  3.13795e-25  5.35392e-29  2.05095e-26  1.14123e-29  1.19179e-27  2.12234e-30  6.05726e-29  3.44395e-31  2.62392e-30  4.81086e-32  9.23451e-32    5.644e-33  2.34452e-33   5.3417e-34  2.27134e-35  3.76966e-35 -1.51386e-36  1.55569e-36   -1.058e-37 -2.45195e-38 -3.85551e-39 -9.51287e-39 -9.38854e-41 -7.40196e-40 -1.52309e-42 -2.90949e-41 -1.46155e-44 -4.94788e-43 -5.45431e-47
 3.60245e-05 -2.72666e-17 -0.000518603  5.09247e-17 -0.000237962  4.88326e-17   0.00603987 -4.63986e-17 -3.64271e-05 -4.58248e-17   -0.0161631 -9.50195e-18   -0.0102146  3.17485e-17    0.0128299  1.14592e-16    0.0237875  1.63628e-16    0.0145271  9.35722e-17  -0.00159355 -7.75801e-17   -0.0116244 -2.19281e-16   -0.0128907 -2.25962e-16  -0.00921056 -1.38932e-16  -0.00481121  -4.5055e-17  -0.00174673  2.46729e-17 -0.000227446  6.46049e-17  0.000279201  6.74212e-17  0.000319771  4.21606e-17  0.000222409  1.36095e-17  0.000124593 -1.46184e-18  6.07112e-05 -3.85935e-18  2.66129e-05 -1.76087e-18  1.06876e-05 -2.56653e-19  3.97594e-06  3.47094e-21  1.38002e-06 -1.40699e-19  4.49038e-07  -2.0046e-19  1.37403e-07 -1.48505e-19  3.96182e-08 -7.32502e-20  1.07767e-08 -2.09109e-20  2.76694e-09  4.13235e-21  6.70586e-10  1.12997e-20  1.53356e-10  1.00396e-20  3.30719e-11  6.42755e-21  6.71948e-12  3.30732e-21  1.28481e-12   1.4051e-21   2.3088e-13  4.89441e-22  3.89303e-14  1.32933e-22  6.14823e-15   2.3002e-23  9.07494e-16  -1.1003e-24  1.24876e-16 -2.86523e-24  1.59716e-17 -1.37985e-24  1.89171e-18 -4.39011e-25  2.06535e-19 -9.94847e-26  2.06608e-20 -1.32259e-26  1.87812e-21  1.00256e-27  1.53269e-22  1.31269e-27  1.10099e-23  5.10371e-28  6.70859e-25  1.43786e-28   3.1693e-26  3.34424e-29  7.86584e-28    6.702e-30 -4.46719e-29  1.17088e-30 -8.23078e-30  1.77339e-31  -7.2773e-31  2.28789e-32 -4.77681e-32  2.44065e-33 -2.52471e-33  2.04475e-34 -1.09725e-34  1.19656e-35 -3.91536e-36  2.84457e-37 -1.12915e-37 -2.77527e-38 -2.55171e-39 -3.70315e-39 -4.28129e-41 -2.07013e-40  -4.8251e-43 -5.65929e-42 -2.90113e-45 -4.81627e-44
 8.28142e-19  1.82666e-05 -3.24134e-17 -0.000895057  3.58626e-17    0.0010904  4.11004e-17   0.00624685 -2.38185e-17  -0.00318575 -4.24863e-17   -0.0164714 -2.53754e-17  -0.00793317  4.59301e-17    0.0136846  1.63628e-16    0.0235715  2.17554e-16    0.0154003  1.18899e-16  0.000484636 -8.55807e-17  -0.00974786 -2.37039e-16   -0.0122175 -2.47509e-16  -0.00970059 -1.66793e-16  -0.00587068 -6.68433e-17  -0.00282303  1.77248e-17  -0.00104596  6.50269e-17 -0.000240439  6.61316e-17  3.08523e-05  3.90501e-17  7.78346e-05  1.22301e-17   5.8302e-05 -4.65267e-19  3.24963e-05 -2.27986e-18  1.53571e-05 -8.92882e-19  6.44781e-06 -1.00229e-19   2.4599e-06 -9.51836e-20  8.63573e-07 -2.25211e-19   2.8111e-07 -2.26468e-19  8.52595e-08 -1.44874e-19  2.41668e-08 -6.29725e-20  6.41356e-09  -1.2463e-20  1.59513e-09  9.05699e-21  3.71896e-10  1.32961e-20  8.12531e-11  1.03329e-20  1.66221e-11  6.08125e-21  3.17954e-12  2.91417e-21  5.67565e-13  1.15516e-21  9.42894e-14  3.72584e-22  1.45241e-14   9.0971e-23  2.06363e-15  1.20456e-23  2.68398e-16 -2.53053e-24  3.15749e-17  -2.4442e-24  3.29101e-18 -1.00128e-24  2.91364e-19  -2.8217e-25  1.95459e-20 -5.46027e-26   5.0524e-22 -4.39931e-27 -1.17373e-22   1.7563e-27 -2.71977e-23  1.05085e-27 -3.79161e-24  3.49192e-28 -4.19325e-25  9.01003e-29 -3.93731e-26  1.95831e-29 -3.21732e-27  3.68494e-30 -2.30917e-28  6.02651e-31 -1.45834e-29  8.47694e-32 -8.08069e-31  1.00329e-32 -3.90257e-32  9.63163e-34 -1.62591e-33  6.99275e-35 -5.75867e-35  3.15509e-36 -1.69868e-36 -6.02918e-39  -4.0519e-38 -1.42523e-38 -7.47334e-40 -1.18317e-39 -9.89151e-42 -4.75528e-41  -8.1129e-44 -8.17598e-43 -2.66271e-46
 2.47546e-05  7.26911e-20 -0.000136029 -3.13061e-17  -0.00099285  1.78328e-17   0.00261871  2.49627e-17   0.00547114 -2.05382e-17  -0.00603235   -5.258e-17   -0.0162274 -3.75498e-17  -0.00575956  6.80764e-17    0.0145271  2.17554e-16    0.0235329    2.708e-16    0.0163465  1.41494e-16   0.00262209 -8.73125e-17   -0.0075813  -2.4559e-16   -0.0110007 -2.64151e-16  -0.00956972 -1.89093e-16  -0.00641067 -8.16228e-17  -0.00355455  1.33412e-17  -0.00167622  6.24176e-17 -0.000674689  6.07217e-17  -0.00022654  3.39431e-17 -5.81063e-05   1.0548e-17 -6.99674e-06  4.84192e-19  3.58918e-06 -9.61578e-19  3.45678e-06 -2.84485e-19  1.86354e-06 -4.74592e-20  8.00386e-07 -1.89388e-19  2.97461e-07 -2.80202e-19  9.88235e-08  -2.3184e-19  2.98112e-08 -1.31097e-19  8.23077e-09 -4.86155e-20  2.08743e-09 -3.15646e-21   4.8654e-10  1.33581e-20  1.03975e-10  1.43563e-20  2.02512e-11  9.94677e-21  3.55311e-12  5.40011e-21  5.48641e-13  2.40953e-21  7.06864e-14  8.88664e-22  6.40394e-15  2.63401e-22 -4.48541e-18  5.64134e-23 -1.75793e-16   4.4819e-24 -5.25327e-17 -2.97263e-24 -1.10343e-17 -1.89481e-24 -1.92619e-18 -6.70766e-25 -2.94191e-19 -1.65633e-25  -4.0178e-20 -2.58028e-26 -4.95802e-21  8.61005e-29 -5.55606e-22  1.74669e-27  -5.6651e-23  7.54062e-28 -5.25536e-24  2.21936e-28  -4.4287e-25   5.2897e-29 -3.38059e-26  1.07574e-29 -2.32801e-27  1.89669e-30 -1.43853e-28  2.89215e-31  -7.9214e-30  3.75711e-32 -3.85351e-31  4.04702e-33 -1.63785e-32  3.44815e-34 -5.99611e-34  2.09706e-35 -1.85564e-35  6.08506e-37  -4.7317e-37 -3.42269e-38 -9.58104e-39  -5.4135e-39 -1.45429e-40 -3.13212e-40 -1.49399e-42 -8.68091e-42 -8.23458e-45 -7.43491e-44
 2.62553e-18  5.00502e-05  -2.3512e-19 -0.000423494  -2.5376e-17 -0.000628044  3.62953e-18   0.00392122  5.75039e-18   0.00394508 -3.58457e-17  -0.00843905 -7.79036e-17   -0.0155558 -5.04689e-17  -0.00365984  9.35722e-17    0.0154003    2.708e-16    0.0236827  3.16036e-16     0.017406  1.58916e-16   0.00486196 -8.45421e-17  -0.00511818 -2.47961e-16  -0.00924889 -2.74852e-16  -0.00879911 -2.02073e-16  -0.00636974 -8.77561e-17  -0.00385392  1.11595e-17  -0.00203083  5.70265e-17 -0.000953533  5.24909e-17 -0.000404725  2.79493e-17 -0.000156886  8.87081e-18 -5.59956e-05  1.26289e-18  -1.8545e-05 -1.39482e-20 -5.74913e-06   5.9947e-20 -1.68727e-06 -7.28883e-20 -4.75885e-07 -2.67446e-19 -1.31391e-07 -3.05388e-19 -3.61697e-08  -2.1884e-19 -1.00434e-08 -1.09337e-19 -2.81104e-09 -3.20673e-20 -7.83356e-10  5.63932e-21 -2.13578e-10  1.63551e-20 -5.60466e-11  1.43298e-20 -1.39834e-11   8.9691e-21 -3.29038e-12  4.50371e-21 -7.26615e-13   1.8697e-21 -1.50149e-13  6.39051e-22 -2.89827e-14  1.72178e-22 -5.21969e-15  3.10076e-23 -8.76273e-16  6.09488e-26 -1.37005e-16 -2.74471e-24 -1.99298e-17 -1.34346e-24 -2.69419e-18 -4.13531e-25 -3.37979e-19 -8.75496e-26 -3.92772e-20 -9.47217e-27  -4.2197e-21  1.80069e-27 -4.18063e-22  1.39824e-27 -3.80845e-23  4.94686e-28 -3.17904e-24  1.31662e-28  -2.4216e-25  2.91408e-29 -1.67514e-26  5.54476e-30  -1.0462e-27  9.13511e-31 -5.85803e-29  1.29285e-31 -2.91586e-30  1.54116e-32 -1.27672e-31  1.49577e-33 -4.85306e-33  1.10882e-34 -1.57454e-34  5.30904e-36 -4.26307e-36  3.53816e-38 -9.33529e-38 -1.87206e-38 -1.57826e-39 -1.65784e-39 -1.90866e-41 -6.79458e-41 -1.42287e-43 -1.17727e-42  -4.2078e-46
 1.07975e-05  5.02257e-18  2.18606e-05  1.57063e-18 -0.000713673 -1.56049e-17   0.00017195   -2.514e-18   0.00470667 -1.20318e-17   0.00193878 -6.45254e-17   -0.0103517 -1.14256e-16   -0.0145382 -6.47293e-17  -0.00159355  1.18899e-16    0.0163465  3.16036e-16    0.0240376  3.46764e-16    0.0186131  1.68239e-16   0.00723171 -8.14909e-17  -0.00237382 -2.47403e-16  -0.00700903 -2.78439e-16  -0.00742951 -2.03843e-16  -0.00575916  -8.5674e-17  -0.00370479  1.03173e-17  -0.00208052  4.95409e-17  -0.00104821  4.29591e-17  -0.00048214   2.2029e-17  -0.00020499  7.37823e-18 -8.13311e-05  1.78776e-18 -3.03417e-05  5.45357e-19 -1.07089e-05  1.85034e-19 -3.59308e-06 -1.41649e-19 -1.15011e-06 -3.19955e-19 -3.51984e-07 -3.02881e-19 -1.03093e-07 -1.91335e-19 -2.88918e-08 -8.28207e-20 -7.73886e-09 -1.56041e-20 -1.97779e-09  1.26955e-20 -4.81251e-10  1.76748e-20 -1.11246e-10  1.32946e-20 -2.43753e-11  7.58643e-21 -5.05192e-12  3.52947e-21 -9.88424e-13  1.36107e-21 -1.82224e-13  4.28695e-22 -3.15994e-14  1.03282e-22 -5.14538e-15  1.43698e-23 -7.85378e-16 -1.95209e-24 -1.12175e-16 -2.18097e-24 -1.49642e-17 -8.73651e-25 -1.86072e-18 -2.33179e-25 -2.15185e-19 -4.04716e-26  -2.3087e-20 -1.53109e-27 -2.29158e-21  2.03226e-27 -2.09764e-22  9.78575e-28 -1.76427e-23  3.00071e-28 -1.35768e-24  7.31447e-29 -9.51216e-26  1.50781e-29 -6.03226e-27  2.68135e-30 -3.43863e-28  4.11375e-31 -1.74727e-29  5.37535e-32 -7.83347e-31  5.83456e-33  -3.0593e-32  5.03471e-34 -1.02399e-33  3.14767e-35 -2.87542e-35  1.02805e-36 -6.57973e-37 -3.63084e-38 -1.17661e-38 -6.99558e-39  -1.5404e-40  -4.1768e-40 -1.31539e-42 -1.17024e-41  -5.6553e-45 -1.00435e-43
-6.15205e-19  3.42478e-05  6.63155e-18 -0.000106499    5.723e-18  -0.00082875  -2.5404e-18   0.00121479  3.71642e-19    0.0048506 -2.63756e-17 -0.000304235 -9.98577e-17   -0.0117554 -1.54418e-16   -0.0132211 -7.75801e-17  0.000484636  1.41494e-16     0.017406  3.46764e-16    0.0246131  3.58634e-16    0.0199842  1.66129e-16   0.00972715 -8.29314e-17  0.000594707 -2.46098e-16  -0.00438364 -2.74096e-16  -0.00557297 -1.94736e-16   -0.0046695 -7.73812e-17  -0.00316568  9.87039e-18  -0.00185669   4.0921e-17 -0.000973147   3.3497e-17 -0.000464593   1.6819e-17 -0.000204587  6.12122e-18 -8.38324e-05   2.0268e-18  -3.2169e-05  7.67948e-19 -1.16133e-05    1.599e-19 -3.95725e-06 -2.19843e-19 -1.27557e-06 -3.41819e-19 -3.89469e-07 -2.77232e-19 -1.12714e-07 -1.54463e-19 -3.09216e-08 -5.52517e-20 -8.03869e-09 -1.32723e-21 -1.97915e-09  1.72333e-20  -4.6108e-10  1.73184e-20 -1.01542e-10  1.15107e-20 -2.11161e-11  6.02646e-21 -4.14152e-12  2.59954e-21 -7.65143e-13  9.28656e-22 -1.32978e-13  2.67346e-22   -2.171e-14  5.60913e-23 -3.32439e-15  4.80429e-24 -4.76667e-16   -2.426e-24 -6.38819e-17 -1.54281e-24 -7.98577e-18 -5.20918e-25 -9.29064e-19 -1.18833e-25 -1.00334e-19  -1.5197e-26  -1.0029e-20  1.50513e-27 -9.24727e-22  1.64807e-27 -7.83473e-23  6.19076e-28 -6.07176e-24  1.69492e-28 -4.28101e-25  3.81374e-29 -2.72847e-26  7.33091e-30 -1.55964e-27  1.21592e-30 -7.91816e-29  1.73004e-31 -3.52629e-30  2.07433e-32 -1.35506e-31  2.03023e-33 -4.39154e-33  1.52839e-34 -1.15979e-34  7.62451e-36 -2.35421e-36  9.38907e-38 -3.23409e-38 -2.18925e-38 -1.76718e-40 -2.06325e-39  3.08669e-42 -8.59619e-41  6.99203e-44  -1.4961e-42  3.79782e-46
 3.10149e-06 -1.12975e-18  4.86246e-05  6.94416e-18 -0.000315937   1.1185e-17 -0.000650982  1.28712e-17   0.00224957  1.00085e-17   0.00435927 -3.80049e-17  -0.00258383 -1.36177e-16   -0.0126488 -1.91124e-16   -0.0116244 -8.55807e-17   0.00262209  1.58916e-16    0.0186131  3.58634e-16    0.0254102  3.49407e-16    0.0215027  1.49595e-16     0.012295  -9.2193e-17   0.00367296  -2.4462e-16  -0.00153901 -2.61804e-16  -0.00341069  -1.7697e-16  -0.00326053 -6.56087e-17  -0.00235652   9.1359e-18  -0.00143877  3.21751e-17 -0.000775855  2.50787e-17  -0.00037827  1.25979e-17 -0.000169128  5.06421e-18 -6.99964e-05  1.99882e-18 -2.69882e-05  7.44524e-19 -9.73797e-06  5.64018e-20 -3.29862e-06 -2.81674e-19 -1.05125e-06 -3.33194e-19 -3.15654e-07 -2.35074e-19 -8.93751e-08 -1.13932e-19 -2.38725e-08 -3.00649e-20 -6.01564e-09  9.31211e-21  -1.4298e-09  1.90621e-20 -3.20393e-10  1.56077e-20 -6.76454e-11  9.32867e-21  -1.3446e-11  4.49985e-21 -2.51383e-12  1.79902e-21 -4.41554e-13  5.92845e-22 -7.27753e-14  1.54107e-22 -1.12384e-14   2.6857e-23 -1.62336e-15  1.63798e-25  -2.1892e-16 -2.11287e-24 -2.75012e-17 -9.86358e-25 -3.20995e-18 -2.83653e-25 -3.47064e-19 -5.34072e-26 -3.46359e-20 -3.43379e-27 -3.17662e-21  2.10309e-27 -2.66322e-22  1.13121e-27 -2.02729e-23  3.60086e-28 -1.38879e-24  8.95569e-29  -8.4571e-26  1.86878e-29 -4.49435e-27  3.34906e-30 -2.02048e-28  5.16613e-31 -7.20617e-30  6.78342e-32 -1.67516e-31  7.40715e-33   4.9331e-34  6.45305e-34  2.95897e-34  4.11577e-35  1.78804e-35  1.45035e-36  6.85362e-37 -3.34879e-38   1.8746e-38 -8.09151e-39  3.63304e-40 -4.96613e-40  4.61346e-42 -1.40225e-41  3.08579e-44 -1.20096e-43
-5.34144e-19  1.58897e-05 -2.05867e-18  1.62579e-05  5.79863e-18 -0.000518996  1.66075e-17 -0.000175394  2.88673e-17   0.00305288  2.17578e-17   0.00332107 -4.95886e-17  -0.00473875 -1.70053e-16     -0.01303 -2.19281e-16  -0.00974786 -8.73125e-17   0.00486196  1.68239e-16    0.0199842  3.49407e-16    0.0263994  3.18435e-16    0.0231022  1.17117e-16    0.0148209 -1.09914e-16   0.00668562 -2.42166e-16   0.00130337 -2.42529e-16  -0.00117264 -1.53847e-16  -0.00173384 -5.29563e-17  -0.00143065  7.84707e-18 -0.000930242  2.41471e-17 -0.000519384  1.82001e-17 -0.000258246  9.35982e-18 -0.000116595  4.14105e-18 -4.83665e-05  1.76284e-18 -1.85766e-05  5.76242e-19 -6.64064e-06 -6.58509e-20 -2.21743e-06 -3.12719e-19 -6.93379e-07 -2.99131e-19 -2.03382e-07 -1.84192e-19 -5.60206e-08 -7.50697e-20 -1.44993e-08 -9.76423e-21 -3.52702e-09  1.57521e-20 -8.06302e-10  1.85266e-20 -1.73163e-10  1.30491e-20 -3.49146e-11  7.09231e-21 -6.60341e-12  3.15974e-21 -1.17013e-12  1.16896e-21 -1.93985e-13   3.5309e-22 -3.00323e-14  8.13136e-23 -4.33229e-15  1.06483e-23 -5.80689e-16 -1.51796e-24 -7.20661e-17 -1.53409e-24 -8.24305e-18 -5.73399e-25 -8.63648e-19 -1.39689e-25 -8.21653e-20  -1.9949e-26 -7.00448e-21   9.8015e-28 -5.23154e-22  1.74482e-27 -3.27247e-23  6.92704e-28  -1.5176e-24  1.94463e-28 -2.41878e-26  4.43984e-29   4.6712e-27   8.6122e-30  6.95273e-28  1.43697e-30  6.22916e-29  2.05389e-31  4.32118e-30  2.47408e-32  2.46177e-31  2.43702e-33  1.17026e-32  1.85553e-34  4.63388e-34  9.52657e-36  1.50807e-35   1.5387e-37  3.93357e-37 -2.30978e-38  7.88681e-39 -2.30508e-39  1.13119e-40 -9.72876e-41  1.00523e-42 -1.69527e-42  3.57858e-45
