    0.250396  1.36656e-16   -0.0203265 -3.36135e-17   -0.0350058 -5.40546e-17  -0.00966783  -1.2323e-17   0.00200628  1.00749e-17   0.00216719  5.41921e-18  0.000573248  4.75489e-19  5.61507e-06 -2.13975e-19 -3.16537e-05 -4.51097e-20 -6.94752e-06 -1.37805e-21 -4.21849e-07
 1.36656e-16     0.137427    6.987e-17    0.0117821 -4.29632e-17   -0.0286715 -9.37793e-17   -0.0131234 -2.50716e-17  0.000786626  1.12539e-17   0.00268573   6.5326e-18   0.00101186  8.72752e-19  0.000132371 -4.02695e-20  -1.1971e-05 -5.61028e-21 -4.48328e-06  1.26236e-21
  -0.0203265    6.987e-17    0.0762606  1.21304e-16    0.0132501 -4.29194e-17   -0.0233966 -1.02091e-16   -0.0144954 -2.55972e-17 -0.000795401  8.74851e-18   0.00252194  5.59117e-18   0.00124232   1.2553e-18  0.000255341  2.23765e-19  1.87799e-05  3.58326e-20 -2.79627e-07
-3.36135e-17    0.0117821  1.21304e-16    0.0556436  1.78013e-16     0.013291 -3.49685e-17   -0.0198036 -8.29793e-17   -0.0152555 -2.25203e-17  -0.00256365  3.35189e-18   0.00179661  3.54839e-18    0.0011586  1.30771e-18  0.000281647  3.25909e-19   2.8309e-05  3.33725e-20
  -0.0350058 -4.29632e-17    0.0132501  1.78013e-16    0.0459118  1.65107e-16    0.0134291 -2.49424e-17    -0.016905 -6.03997e-17   -0.0156707  -2.3908e-17  -0.00440376 -3.97103e-18  0.000638281  7.58134e-19  0.000763887  8.32352e-19  0.000193853  2.19779e-19  1.49237e-05
-5.40546e-17   -0.0286715 -4.29194e-17     0.013291  1.65107e-16      0.04014  1.20778e-16    0.0138854 -1.43007e-17   -0.0142627 -4.69266e-17    -0.015683 -3.00188e-17  -0.00605658  -1.1537e-17 -0.000652398 -2.10904e-18  0.000240506  1.32675e-19  7.06585e-05  6.45792e-20
 -0.00966783 -9.37793e-17   -0.0233966 -3.49685e-17    0.0134291  1.20778e-16    0.0367615   8.5908e-17     0.014798 -3.05763e-18   -0.0114505 -4.15834e-17   -0.0149568 -3.67353e-17  -0.00702094 -1.69682e-17  -0.00158445 -3.87975e-18 -0.000130443  -2.8014e-19  2.52104e-06
 -1.2323e-17   -0.0131234 -1.02091e-16   -0.0198036 -2.49424e-17    0.0138854   8.5908e-17     0.034975  7.53124e-17    0.0163802  8.73829e-18  -0.00793758 -3.86971e-17   -0.0129257 -3.96376e-17  -0.00670263 -1.81053e-17  -0.00174636  -3.8057e-18 -0.000205514 -2.44428e-19
  0.00200628 -2.50716e-17   -0.0144954 -8.29793e-17    -0.016905 -1.43007e-17     0.014798  7.53124e-17    0.0345348  8.26145e-17    0.0189823   1.9971e-17  -0.00314312 -3.41196e-17  -0.00915274 -3.61433e-17  -0.00493108 -1.46382e-17   -0.0012007  -2.3718e-18 -9.99103e-05
 1.00749e-17  0.000786626 -2.55972e-17   -0.0152555 -6.03997e-17   -0.0142627 -3.05763e-18    0.0163802  8.26145e-17    0.0355197  9.48474e-17    0.0229557  2.83746e-17   0.00308581 -2.63851e-17  -0.00404656 -2.67887e-17  -0.00241999 -8.74609e-18 -0.000483047 -8.50731e-19
  0.00216719  1.12539e-17 -0.000795401 -2.25203e-17   -0.0156707 -4.69266e-17   -0.0114505  8.73829e-18    0.0189823  9.48474e-17    0.0380731  1.01255e-16    0.0280703   3.2119e-17   0.00968703 -1.62201e-17  0.000784274  -1.5235e-17 -0.000411475  -3.5698e-18 -7.31827e-05
 5.41921e-18   0.00268573  8.74851e-18  -0.00256365  -2.3908e-17    -0.015683 -4.15834e-17  -0.00793758   1.9971e-17    0.0229557  1.01255e-16    0.0417496  9.65734e-17    0.0327067  3.12715e-17    0.0142775  -6.2326e-18   0.00345051 -5.98884e-18  0.000383224 -8.16963e-19
 0.000573248   6.5326e-18   0.00252194  3.35189e-18  -0.00440376 -3.00188e-17   -0.0149568 -3.86971e-17  -0.00314312  2.83746e-17    0.0280703  9.65734e-17    0.0446885  8.17522e-17      0.03398  2.70602e-17    0.0146914  4.35031e-19   0.00342321 -1.23523e-18  0.000291908
 4.75489e-19   0.00101186  5.59117e-18   0.00179661 -3.97103e-18  -0.00605658 -3.67353e-17   -0.0129257 -3.41196e-17   0.00308581   3.2119e-17    0.0327067  8.17522e-17    0.0438238  6.15915e-17    0.0297371  2.05546e-17    0.0110915  2.58826e-18   0.00194293  4.67916e-20
 5.61507e-06  8.72752e-19   0.00124232  3.54839e-18  0.000638281  -1.1537e-17  -0.00702094 -3.96376e-17  -0.00915274 -2.63851e-17   0.00968703  3.12715e-17      0.03398  6.15915e-17    0.0370442  4.10116e-17    0.0209338  1.29952e-17   0.00605965  1.83966e-18  0.000615661
-2.13975e-19  0.000132371   1.2553e-18    0.0011586  7.58134e-19 -0.000652398 -1.69682e-17  -0.00670263 -3.61433e-17  -0.00404656 -1.62201e-17    0.0142775  2.70602e-17    0.0297371  4.10116e-17     0.025648  2.34075e-17    0.0113579  6.34457e-18   0.00226511  6.19336e-19
-3.16537e-05 -4.02695e-20  0.000255341  1.30771e-18  0.000763887 -2.10904e-18  -0.00158445 -1.81053e-17  -0.00493108 -2.67887e-17  0.000784274  -6.2326e-18    0.0146914  2.05546e-17    0.0209338  2.34075e-17    0.0139023  1.08338e-17   0.00451325  2.17361e-18  0.000498963
-4.51097e-20  -1.1971e-05  2.23765e-19  0.000281647  8.32352e-19  0.000240506 -3.87975e-18  -0.00174636 -1.46382e-17  -0.00241999  -1.5235e-17   0.00345051  4.35031e-19    0.0110915  1.29952e-17    0.0113579  1.08338e-17    0.0056187  3.76785e-18   0.00121271  4.38491e-19
-6.94752e-06 -5.61028e-21  1.87799e-05  3.25909e-19  0.000193853  1.32675e-19 -0.000130443  -3.8057e-18   -0.0012007 -8.74609e-18 -0.000411475 -5.98884e-18   0.00342321  2.58826e-18   0.00605965  6.34457e-18   0.00451325  3.76785e-18   0.00158325  8.83336e-19  0.000185081
-1.37805e-21 -4.48328e-06  3.58326e-20   2.8309e-05  2.19779e-19  7.06585e-05  -2.8014e-19 -0.000205514  -2.3718e-18 -0.000483047  -3.5698e-18  0.000383224 -1.23523e-18   0.00194293  1.83966e-18   0.00226511  2.17361e-18   0.00121271  8.83336e-19  0.000276601  1.12865e-19
-4.21849e-07  1.26236e-21 -2.79627e-07  3.33725e-20  1.49237e-05  6.45792e-20  2.52104e-06 -2.44428e-19 -9.99103e-05 -8.50731e-19 -7.31827e-05 -8.16963e-19  0.000291908  4.67916e-20  0.000615661  6.19336e-19  0.000498963  4.38491e-19  0.000185081  1.12865e-19   2.2516e-05
