 0.000138914 -5.99813e-19 -0.000724087  6.36812e-18   0.00101591 -1.88281e-17 -0.000324343  2.98344e-17  -0.00022983 -3.12169e-17  2.95897e-05  2.44182e-17  6.80168e-05  -1.5255e-17  2.55898e-05  7.10502e-18 -2.10791e-06 -1.75307e-18 -7.31353e-06 -1.73564e-19 -4.29654e-06  1.55159e-19 -1.31879e-06   1.5492e-19 -1.62335e-08 -1.60676e-19  2.55077e-07 -8.39781e-20  1.86646e-07  1.16914e-19  8.78657e-08  2.34754e-20  3.07719e-08 -2.78934e-20  7.55362e-09 -1.00137e-20  5.85573e-10  3.96797e-21 -6.77885e-10  2.11984e-21 -5.33853e-10 -3.89216e-22 -2.65743e-10 -3.75322e-22 -1.07827e-10 -2.03216e-23  -3.8284e-11  3.89763e-23 -1.22655e-11  2.00496e-23 -3.60425e-12  8.57838e-24 -9.80919e-13   5.9145e-25 -2.48811e-13 -1.85382e-24 -5.90784e-14 -7.82163e-25 -1.31762e-14  4.31468e-26 -2.76896e-15  1.15219e-25 -5.50268e-16  3.74944e-26 -1.03914e-16  2.90179e-27 -1.87788e-17 -5.45318e-27 -3.27994e-18 -4.45523e-27 -5.60739e-19 -1.48311e-27 -9.50863e-20  6.04948e-29 -1.61479e-20  2.83242e-28 -2.75035e-21  1.34228e-28 -4.66087e-22   2.9536e-29 -7.74741e-23  -1.2827e-30 -1.24343e-23 -3.70756e-30 -1.90052e-24 -1.60906e-30 -2.73688e-25 -4.26106e-31 -3.68399e-26 -7.73461e-32 -4.60744e-27 -1.13253e-32 -5.32829e-28 -2.71475e-33 -5.67353e-29 -1.10347e-33 -5.53929e-30 -3.68359e-34 -4.93739e-31 -8.76079e-35 -3.99841e-32 -1.59434e-35 -2.92569e-33 -2.74446e-36 -1.92185e-34 -5.76989e-37 -1.12459e-35 -1.33328e-37 -5.80537e-37 -2.62205e-38 -2.60888e-38 -3.94971e-39 -9.99944e-40 -4.50734e-40 -3.16554e-41 -4.07066e-41 -8.08672e-43 -3.22836e-42 -1.97096e-44 -2.43023e-43 -7.42707e-46 -1.53923e-44 -3.00589e-47 -6.17389e-46 -5.97119e-49 -9.26354e-48
-5.99813e-19   0.00116724 -3.86132e-18  -0.00331386  2.76893e-17   0.00308101 -6.41317e-17  -0.00017082  8.49468e-17 -0.000789698 -7.73636e-17 -0.000163164  5.47086e-17  0.000138083 -3.20321e-17  0.000111395  1.38783e-17  2.98087e-05 -2.63139e-18 -8.25164e-06  -8.5056e-19 -1.24835e-05   4.9996e-19 -6.80001e-06  3.93975e-19  -2.1469e-06 -5.57796e-19 -1.52509e-07 -1.91365e-19  3.08737e-07  3.12258e-19  2.52949e-07  8.21426e-20  1.29148e-07 -6.72365e-20   5.0933e-08 -2.84903e-20  1.60459e-08  7.86424e-21  3.78302e-09  5.11208e-21  4.14149e-10 -7.89866e-22 -1.94491e-10 -9.52391e-22 -1.70505e-10  -1.2968e-22 -8.42633e-11  8.18028e-23   -3.347e-11  7.07475e-23 -1.16347e-11  3.20702e-23 -3.66619e-12  1.57369e-24 -1.06674e-12 -5.73979e-24  -2.8983e-13 -2.22246e-24 -7.40772e-14  1.32155e-25 -1.79033e-14   3.6695e-25  -4.1069e-15  1.50858e-25 -8.96568e-16  2.08647e-26 -1.86605e-16 -1.88125e-26 -3.70661e-17 -1.53678e-26  -7.0288e-18 -4.36563e-27 -1.27197e-18  6.57839e-28 -2.19447e-19  1.10789e-27 -3.60382e-20  4.86931e-28 -5.62188e-21  1.06486e-28 -8.31016e-22  -2.2782e-30  -1.1607e-22 -1.16536e-29 -1.52708e-23 -5.15024e-30 -1.88613e-24 -1.40896e-30 -2.17911e-25 -2.88846e-31 -2.34589e-26 -5.73322e-32 -2.34337e-27 -1.56486e-32 -2.16227e-28 -5.05584e-33 -1.83374e-29 -1.39535e-33 -1.42133e-30 -3.02606e-34 -1.00053e-31 -5.53176e-35 -6.35005e-33 -1.01706e-35  -3.6029e-34 -2.10053e-36 -1.80904e-35 -4.28503e-37 -7.93603e-37 -7.32255e-38 -2.98625e-38 -9.77487e-39 -9.33808e-40 -1.01631e-39 -2.29948e-41 -8.64406e-41 -4.52786e-43 -6.53485e-42 -1.40099e-44 -4.41317e-43 -8.23035e-46 -2.23518e-44 -2.94874e-47 -6.04017e-46 -3.28808e-49
-0.000724087 -3.86132e-18   0.00473117 -1.36379e-17  -0.00890964  7.21635e-17   0.00542606 -1.35542e-16   0.00126086  1.53075e-16  -0.00133667 -1.22839e-16  -0.00074752   7.9571e-17  3.77087e-05  -4.4734e-17  0.000218318  1.84438e-17  0.000120253 -2.50798e-18  2.29917e-05  -1.7637e-18 -1.32996e-05  1.23355e-18 -1.47124e-05  5.70914e-19 -7.71742e-06 -1.31865e-18 -2.57749e-06 -3.28538e-19 -3.68581e-07  6.02106e-19  2.11239e-07   1.8681e-19  2.18927e-07 -1.09626e-19  1.22826e-07 -5.30763e-20   5.3215e-08  1.08665e-20  1.92571e-08  8.35092e-21    5.932e-09 -1.29812e-21  1.52672e-09 -1.80437e-21  2.99083e-10 -4.03938e-22  2.50585e-11  1.23308e-22 -1.35236e-11  1.68927e-22 -9.79043e-12  7.61749e-23 -4.23053e-12  2.32633e-24 -1.48852e-12 -1.24091e-23 -4.60987e-13 -4.52111e-24 -1.29745e-13  3.57301e-25  -3.3732e-14  9.11397e-25  -8.1767e-15   4.1875e-25 -1.85835e-15  6.34949e-26 -3.97331e-16 -4.73463e-26 -8.00724e-17 -3.56776e-26 -1.52227e-17 -7.84872e-27 -2.73027e-18  3.04762e-27 -4.61717e-19  3.14361e-27 -7.35394e-20  1.28363e-27 -1.10141e-20   2.8045e-28 -1.54806e-21  2.11749e-30 -2.03692e-22 -2.48899e-29 -2.50182e-23 -1.13645e-29 -2.85878e-24 -3.23979e-30 -3.02725e-25 -7.44482e-31 -2.95715e-26 -1.76577e-31 -2.65026e-27 -4.98625e-32 -2.16482e-28 -1.43365e-32 -1.59835e-29 -3.53571e-33 -1.05521e-30  -7.2489e-34 -6.13654e-32 -1.33547e-34 -3.07356e-33 -2.51059e-35 -1.27537e-34 -4.93043e-36 -4.02683e-36 -8.98683e-37 -7.02351e-38 -1.35876e-37  1.58974e-39 -1.62656e-38  2.04585e-40 -1.55104e-39  1.00658e-41 -1.23743e-40  2.43788e-43 -8.67536e-42 -5.29636e-45 -5.03079e-43  -6.5091e-46  -1.9224e-44 -1.70274e-47 -2.86531e-46
 6.36812e-18  -0.00331386 -1.36379e-17    0.0123588 -3.21812e-17   -0.0167829  1.32025e-16   0.00602753 -2.06335e-16   0.00411818  2.02014e-16   -0.0010926 -1.43937e-16  -0.00155709  8.63158e-17 -0.000407591 -4.82773e-17  0.000206807   1.9569e-17  0.000236605 -1.89834e-18  0.000103445  -2.1987e-18  1.34809e-05  2.61306e-18 -1.47813e-05  4.32549e-19 -1.39304e-05 -2.50139e-18 -7.22307e-06 -5.04756e-19 -2.59029e-06   9.5027e-19 -5.59736e-07  3.28689e-19  4.67935e-08 -1.38178e-19  1.26336e-07  -7.4553e-20  8.24805e-08  1.32791e-20  3.91542e-08  1.11147e-20  1.55287e-08 -2.00398e-21  5.39574e-09 -2.99731e-21   1.6765e-09 -9.04485e-22  4.69484e-10  1.62043e-22  1.18361e-10  3.18905e-22  2.65475e-11  1.37311e-22  5.12878e-12  4.04698e-25  7.77371e-13 -2.24068e-23  5.73233e-14 -7.70378e-24 -1.71046e-14  9.35713e-25 -1.03245e-14  1.95878e-24  -3.4898e-15  9.11506e-25 -9.46349e-16  1.27955e-25 -2.23446e-16 -9.78849e-26  -4.7392e-17 -6.35371e-26 -9.15804e-18 -7.91473e-27 -1.62286e-18  9.75498e-27 -2.64271e-19  7.41098e-27 -3.95044e-20  2.82722e-27 -5.39867e-21   6.2132e-28 -6.69158e-22  2.55916e-29  -7.4166e-23 -4.08179e-29 -7.15436e-24 -1.98786e-29 -5.64915e-25 -6.00021e-30 -2.97295e-26 -1.53694e-30   4.1113e-28 -4.07169e-31  3.75337e-28 -1.14974e-31  6.27396e-29 -3.05678e-32  7.45915e-30 -6.99527e-33  7.24503e-31 -1.38384e-33  5.99302e-32 -2.55527e-34  4.28283e-33 -4.76227e-35  2.65117e-34 -8.75342e-36  1.41575e-35 -1.43587e-36  6.46676e-37  -1.9416e-37   2.4997e-38 -2.10059e-38   8.0632e-40 -1.84243e-39  2.06163e-41 -1.36481e-40  3.00639e-43 -8.59513e-42 -5.71038e-45 -4.07809e-43  -4.2566e-46 -1.06957e-44 -5.78496e-48
  0.00101591  2.76893e-17  -0.00890964 -3.21812e-17    0.0234957 -5.51215e-17   -0.0239925   1.8079e-16   0.00326686 -2.40367e-16   0.00730635   2.0721e-16  0.000482805 -1.30966e-16  -0.00205482  7.29595e-17  -0.00114916 -4.30592e-17 -6.57667e-05  1.76941e-17  0.000278616 -1.69929e-18   0.00020786 -1.23043e-18  7.74947e-05  4.84075e-18  6.61455e-06 -2.09544e-19 -1.28817e-05 -4.05997e-18 -1.11907e-05 -7.42787e-19 -5.84308e-06  1.27782e-18 -2.25508e-06  4.76633e-19 -6.32735e-07 -1.41041e-19 -8.78893e-08 -8.23019e-20  3.43512e-08  1.75424e-20  3.62443e-08  1.36453e-20  1.99022e-08 -2.89573e-21  8.61128e-09 -4.58668e-21  3.22243e-09 -1.62878e-21  1.08315e-09  2.10029e-22  3.33567e-10  5.05987e-22  9.52624e-11  2.00194e-22  2.54382e-11 -9.82105e-24  6.39098e-12  -3.7098e-23  1.51834e-12 -1.18588e-23  3.42632e-13  2.17459e-24  7.37463e-14  3.68415e-24  1.51979e-14  1.63012e-24  3.00934e-15  1.86354e-25  5.74163e-16 -1.72709e-25  1.05746e-16 -8.86759e-26  1.88083e-17  3.88228e-27  3.22713e-18  2.47597e-26  5.32769e-19  1.52636e-26  8.43059e-20  5.48455e-27  1.27282e-20  1.21948e-27  1.82425e-21  9.22595e-29  2.46942e-22 -5.26076e-29  3.14138e-23 -2.91465e-29  3.73721e-24 -9.53227e-30  4.13818e-25 -2.70257e-30  4.24469e-26 -7.65591e-31  4.01371e-27 -2.12602e-31  3.48077e-28 -5.32124e-32  2.75294e-29 -1.15387e-32   1.9732e-30 -2.22524e-33   1.2724e-31 -4.07836e-34  7.31748e-33 -7.37418e-35   3.7129e-34 -1.25777e-35  1.64003e-35 -1.86484e-36   6.2039e-37 -2.27035e-37    1.972e-38  -2.2303e-38   5.1192e-40 -1.79701e-39  9.65516e-42 -1.21584e-40  3.00522e-44 -6.62754e-42 -6.62621e-45 -2.41667e-43 -2.01635e-46 -3.54299e-45
-1.88281e-17   0.00308101  7.21635e-17   -0.0167829 -5.51215e-17    0.0349095 -7.13237e-17   -0.0273043  1.90742e-16  -0.00256929 -2.20992e-16   0.00917985  1.70769e-16   0.00313674 -9.37646e-17  -0.00170592  4.76007e-17  -0.00187211 -3.32596e-17 -0.000608773  1.34626e-17  0.000141126 -2.39193e-18  0.000268163  1.93281e-18  0.000159878  7.92682e-18  5.37643e-05 -1.33746e-18  3.56559e-06 -5.81181e-18 -9.13567e-06 -1.06037e-18 -7.74907e-06  1.48281e-18 -4.12933e-06  5.82387e-19   -1.703e-06 -1.19935e-19 -5.64135e-07 -7.05098e-20 -1.42918e-07  2.67398e-20 -1.99212e-08  1.70184e-20  5.02879e-09 -3.81878e-21  5.60137e-09 -6.51997e-21    2.949e-09 -2.47706e-21  1.21543e-09  2.84876e-22  4.34063e-10   6.9364e-22  1.39745e-10  2.37931e-22  4.13817e-11 -3.85967e-23  1.14047e-11 -5.95078e-23  2.94737e-12 -1.73633e-23   7.1788e-13   4.2273e-24  1.65355e-13  6.02632e-24  3.60996e-14  2.43549e-24  7.47962e-15  1.82726e-25  1.47159e-15 -2.62184e-25  2.74903e-16  -8.9372e-26   4.8726e-17  4.05805e-26   8.1849e-18  5.31028e-26  1.30085e-18  2.81578e-26  1.95221e-19  9.61268e-27  2.75983e-20  2.16891e-27  3.66549e-21  2.32336e-28  4.56019e-22 -5.08582e-29  5.29679e-23 -3.69634e-29  5.72345e-24 -1.34841e-29   5.7305e-25 -4.18552e-30  5.29298e-26 -1.22884e-30  4.48776e-27 -3.32421e-31  3.47323e-28 -7.91177e-32   2.4377e-29 -1.64558e-32  1.53966e-30 -3.10414e-33  8.66955e-32 -5.58342e-34  4.30086e-33 -9.64463e-35  1.85046e-34 -1.51839e-35  6.75672e-36 -2.03995e-36  2.03048e-37 -2.24498e-37  4.79151e-39 -2.00615e-38  7.70381e-41 -1.47591e-39 -2.60044e-43 -8.91251e-41 -1.00388e-43 -4.01715e-42  -4.3332e-45 -1.02016e-43  -5.7133e-47
-0.000324343 -6.41317e-17   0.00542606  1.32025e-16   -0.0239925 -7.13237e-17    0.0426979 -7.05766e-17   -0.0255562  1.55748e-16  -0.00949826 -1.62971e-16   0.00873178  1.16349e-16   0.00596414 -5.13982e-17 -0.000368682  2.12945e-17  -0.00218267  -2.3628e-17  -0.00125911  6.71334e-18 -0.000205465 -3.72457e-18  0.000211885  7.60916e-18  0.000215923  1.16442e-17  0.000112717 -2.68483e-18  3.62652e-05 -7.44732e-18  3.09583e-06 -1.44435e-18 -5.16978e-06  1.47892e-18 -4.56984e-06  5.96178e-19 -2.51704e-06 -9.09755e-20 -1.09735e-06 -4.16544e-20 -4.03128e-07  4.23562e-20 -1.26795e-07  2.21494e-20 -3.36119e-08 -4.61496e-21  -6.9616e-09 -8.58181e-21 -7.64393e-10   -3.265e-21  2.12516e-10  3.94947e-22  1.86402e-10  8.27306e-22  8.40358e-11   2.1473e-22  3.00752e-11 -1.00755e-22  9.37482e-12 -9.42218e-23  2.63859e-12 -2.50456e-23  6.82553e-13  6.72383e-24  1.63881e-13  8.49176e-24  3.67333e-14  3.02427e-24  7.71253e-15  5.21634e-26  1.51964e-15 -3.34715e-25  2.81201e-16 -3.18029e-26  4.88648e-17  1.18163e-25  7.96818e-18  9.97752e-26   1.2177e-18  4.72224e-26  1.74082e-19  1.54332e-26  2.32267e-20  3.53126e-27  2.88408e-21  4.69659e-28  3.32135e-22 -2.78841e-29  3.53273e-23 -4.15092e-29  3.45303e-24 -1.74304e-29  3.08218e-25 -5.82853e-30  2.49223e-26 -1.73202e-30   1.8059e-27 -4.53759e-31  1.15448e-28 -1.03334e-31  6.35011e-30 -2.07546e-32  2.86485e-31 -3.82429e-33   9.3611e-33 -6.67457e-34  1.03755e-34 -1.08896e-34 -1.28528e-35 -1.57641e-35 -1.21934e-36 -1.92142e-36 -6.58163e-38 -1.91509e-37 -2.58101e-39 -1.55472e-38 -8.10269e-41 -1.03229e-39 -2.47007e-42 -5.39419e-41 -7.96281e-44 -1.88902e-42 -1.69944e-45 -2.71263e-44
 2.98344e-17  -0.00017082 -1.35542e-16   0.00602753   1.8079e-16   -0.0273043 -7.05766e-17    0.0449934 -5.22739e-17   -0.0201225  9.54733e-17   -0.0153483 -9.70152e-17   0.00611124   6.9101e-17   0.00801693 -1.84851e-17   0.00164336  1.85836e-18  -0.00184118 -1.76816e-17   -0.0017665 -3.25448e-18 -0.000685284 -4.96171e-18  8.51161e-06  1.54134e-17  0.000198089  1.55902e-17  0.000154667 -3.80786e-18  7.49242e-05  -8.5941e-18  2.44496e-05 -1.83396e-18   3.4743e-06  1.23445e-18 -2.06589e-06  4.87414e-19  -2.1892e-06 -7.63391e-20 -1.27669e-06 -4.78007e-21 -5.84547e-07  6.30876e-20 -2.28932e-07  2.88864e-20 -7.93822e-08 -5.23407e-21 -2.47721e-08 -1.03987e-20 -7.00724e-09 -3.76764e-21 -1.79801e-09  5.33819e-22 -4.15955e-10  8.46675e-22 -8.53107e-11  9.30301e-23 -1.48907e-11 -2.11935e-22  -1.9586e-12 -1.45593e-22 -8.36277e-14 -3.60271e-23    5.758e-14  8.56078e-24  2.64639e-14  1.01444e-23  7.76707e-15  3.01008e-24  1.85944e-15 -2.30156e-25  3.87061e-16 -3.26022e-25  7.17371e-17  1.26979e-25  1.19353e-17  2.51991e-25  1.78079e-18  1.68043e-25  2.35917e-19  7.27163e-26  2.70794e-20  2.28804e-26  2.53458e-21  5.28797e-27  1.56386e-22  8.04848e-28  -3.2771e-24  1.73576e-29 -2.98768e-24 -4.23022e-29  -5.9514e-25 -2.09845e-29 -8.54861e-26 -7.39908e-30  -1.0135e-26 -2.18498e-30 -1.03477e-27 -5.52275e-31 -9.24964e-29 -1.20801e-31 -7.28125e-30 -2.34953e-32 -5.04864e-31    -4.21e-33 -3.07286e-32 -7.05365e-34 -1.63161e-33 -1.07743e-34 -7.49129e-35 -1.42974e-35  -2.9382e-36 -1.58118e-36  -9.6826e-38 -1.42721e-37 -2.64198e-39 -1.04728e-38 -6.17076e-41 -6.16178e-40 -1.44474e-42 -2.67198e-41 -3.37018e-44 -6.58306e-43  -3.8693e-46
 -0.00022983  8.49468e-17   0.00126086 -2.06335e-16   0.00326686  1.90742e-16   -0.0255562 -5.22739e-17    0.0427392 -2.60177e-17   -0.0134524  3.81251e-17   -0.0189794 -4.61392e-17   0.00223299  4.11322e-17   0.00878282  9.89447e-19   0.00379346 -7.99395e-18 -0.000860255 -1.75435e-17  -0.00191979 -1.67502e-17  -0.00115204 -5.39788e-18 -0.000309615  2.42532e-17  8.25774e-05  1.93024e-17    0.0001498 -4.23099e-18  0.000101338 -8.91805e-18  4.74787e-05 -2.12564e-18  1.63734e-05  7.91676e-19  3.54507e-06  2.61195e-19 -2.22694e-07 -9.09593e-20 -7.43606e-07  3.03697e-20  -4.9887e-07  8.56792e-20 -2.43278e-07  3.61075e-20 -9.98692e-08 -5.55824e-21 -3.63366e-08 -1.14305e-20 -1.20159e-08 -3.73819e-21 -3.66482e-09  7.03002e-22   -1.041e-09   7.1018e-22 -2.77342e-10 -1.51324e-22 -6.96859e-11 -3.79601e-22 -1.65897e-11 -2.14162e-22 -3.75684e-12  -5.0963e-23 -8.12061e-13  8.18774e-24 -1.68028e-13  9.92224e-24 -3.33523e-14  2.12659e-24 -6.35839e-15 -5.80526e-25 -1.16438e-15 -1.33932e-25 -2.04602e-16  4.31388e-25 -3.44242e-17  4.51819e-25 -5.52879e-18  2.57644e-25 -8.44494e-19  1.03548e-25 -1.22174e-19  3.14778e-26 -1.66688e-20  7.30098e-27 -2.13538e-21  1.20311e-27 -2.55732e-22  7.67686e-29 -2.85043e-23 -4.04285e-29 -2.94364e-24 -2.38423e-29 -2.80321e-25 -8.64447e-30 -2.44919e-26 -2.50079e-30 -1.95245e-27 -6.08275e-31 -1.41134e-28 -1.28053e-31 -9.18543e-30 -2.41113e-32 -5.33875e-31 -4.17442e-33 -2.74504e-32 -6.64884e-34 -1.23508e-33 -9.44138e-35 -4.80198e-35 -1.14516e-35 -1.58977e-36 -1.14808e-36 -4.41132e-38   -9.362e-38 -1.02688e-39 -6.14876e-39 -2.19854e-41 -3.12109e-40 -5.10112e-43  -1.0575e-41 -9.55752e-45 -1.48642e-43
-3.12169e-17 -0.000789698  1.53075e-16   0.00411818 -2.40367e-16  -0.00256929  1.55748e-16   -0.0201225 -2.60177e-17    0.0383097 -4.04307e-18  -0.00743315  9.46686e-19    -0.020413 -1.56863e-17  -0.00190743  3.11583e-17   0.00825477  1.14926e-17   0.00559538 -9.47065e-18  0.000550764 -2.42272e-17  -0.00162654 -3.30455e-17  -0.00145364 -4.80998e-18 -0.000660028  3.25787e-17 -0.000116908  2.23687e-17  8.26169e-05 -3.60884e-18   9.7878e-05 -8.22353e-18  6.11288e-05 -2.20126e-18  2.84475e-05  2.56609e-19  1.04977e-05 -3.75343e-20  2.97939e-06 -1.31744e-19  5.08807e-07  5.96638e-20 -7.42651e-08   1.0732e-19 -1.18707e-07  4.29401e-20 -6.91679e-08  -4.9104e-21 -3.06212e-08 -1.08821e-20 -1.16131e-08 -2.85821e-21 -3.94455e-09  9.69037e-22  -1.2267e-09  4.33438e-22 -3.53752e-10 -5.05116e-22 -9.53655e-11 -5.90464e-22 -2.41631e-11 -2.92305e-22 -5.77517e-12 -6.86792e-23 -1.30518e-12   4.4951e-24 -2.79321e-13  7.24404e-24  -5.6644e-14  4.86365e-25 -1.08851e-14 -7.54303e-25 -1.98106e-15  3.71371e-25 -3.41114e-16  9.14638e-25 -5.54875e-17  7.16503e-25 -8.51096e-18  3.63454e-25 -1.22828e-18   1.3706e-25 -1.66365e-19  4.03096e-26  -2.1089e-20  9.30841e-27 -2.49417e-21  1.59593e-27 -2.74272e-22  1.35093e-28 -2.79361e-23  -3.7875e-29 -2.62442e-24 -2.57651e-29 -2.26311e-25 -9.35772e-30 -1.78162e-26 -2.62296e-30 -1.27242e-27 -6.12743e-31 -8.18402e-29 -1.24196e-31 -4.69959e-30 -2.25792e-32 -2.38485e-31 -3.74898e-33 -1.05675e-32 -5.62705e-34 -4.03423e-34 -7.38411e-35 -1.30888e-35 -8.16267e-36  -3.5735e-37 -7.40259e-37 -8.31491e-39 -5.42414e-38 -1.84988e-40 -3.13801e-39 -5.03662e-42 -1.32215e-40 -1.40484e-43 -3.17198e-42  -1.7698e-45
 2.95897e-05 -7.73636e-17  -0.00133667  2.02014e-16   0.00730635 -2.20992e-16  -0.00949826  9.54733e-17   -0.0134524 -4.04307e-18    0.0337573  6.51915e-18  -0.00280717 -1.51859e-17   -0.0202706   5.8275e-19  -0.00564562  3.23867e-17   0.00673081  2.04021e-17   0.00675581   -5.828e-18   0.00210512 -3.76243e-17 -0.000921346 -5.04591e-17  -0.00148547 -3.65564e-18 -0.000942448  3.87836e-17 -0.000353213  2.44839e-17 -3.95756e-05 -1.85062e-18  5.62998e-05  -6.5184e-18  5.59677e-05 -1.97098e-18   3.3535e-05 -2.36332e-19  1.56985e-05 -3.35042e-19  6.13214e-06 -1.75634e-19  2.03024e-06  8.76088e-20  5.58343e-07  1.28137e-19  1.15881e-07  5.03634e-20  9.88455e-09 -1.50863e-21 -6.12808e-09 -7.56222e-21 -4.57839e-09 -6.35545e-22 -2.05951e-09  1.53754e-21 -7.52625e-10   1.3382e-22 -2.41147e-10 -8.92037e-22 -6.99116e-11 -7.99784e-22 -1.86357e-11  -3.6121e-22 -4.60926e-12 -8.47434e-23 -1.06357e-12 -2.02033e-24 -2.29699e-13  2.64248e-24  -4.6515e-14 -1.24609e-24 -8.83901e-15 -3.57267e-25 -1.57611e-15  1.31401e-24 -2.63553e-16  1.58284e-24 -4.12799e-17  1.03007e-24 -6.04609e-18  4.75234e-25 -8.26327e-19  1.69246e-25 -1.05108e-19   4.8139e-26 -1.24038e-20  1.09718e-26 -1.35294e-21  1.89957e-27 -1.35782e-22    1.758e-28 -1.24696e-23  -3.6395e-29 -1.04069e-24 -2.65588e-29 -7.82345e-26 -9.43117e-30 -5.23417e-27 -2.54002e-30 -3.06222e-28 -5.68877e-31  -1.5224e-29 -1.10889e-31 -6.08378e-31 -1.93787e-32 -1.68112e-32 -3.06161e-33 -9.41386e-35 -4.29681e-34   2.1981e-35 -5.18331e-35  1.51592e-36 -5.20517e-36  5.81751e-38 -4.25379e-37  1.31306e-39 -2.77449e-38  2.80905e-42 -1.37998e-39 -1.06498e-42 -4.55428e-41 -3.35884e-44 -6.27381e-43
 2.44182e-17 -0.000163164 -1.22839e-16   -0.0010926   2.0721e-16   0.00917985 -1.62971e-16   -0.0153483  3.81251e-17  -0.00743315  6.51915e-18    0.0300644  5.48117e-18   0.00050198 -1.85742e-17   -0.0192198   1.0204e-17  -0.00869521  3.95803e-17   0.00458794  3.34922e-17   0.00717861 -8.74037e-19   0.00353734 -5.63327e-17  7.18138e-05 -6.70005e-17  -0.00121383 -2.96794e-18  -0.00107182  4.15953e-17 -0.000562326  2.54478e-17  -0.00018812  8.28343e-19 -1.75715e-05 -4.02698e-18  2.90056e-05 -1.41512e-18  2.74566e-05 -5.69745e-19  1.62271e-05 -5.51514e-19  7.66723e-06 -1.87945e-19  3.10663e-06   1.2564e-19  1.11166e-06  1.52374e-19  3.56036e-07   6.2191e-20  1.02476e-07  7.76994e-21   2.6393e-08  1.93806e-22  5.98397e-09  3.67724e-21  1.14413e-09  2.80667e-21   1.6115e-10  6.06549e-23  5.20821e-12 -1.16001e-21 -6.89963e-12 -9.30053e-22 -3.30564e-12 -3.91629e-22  -1.0561e-12  -9.0953e-23 -2.78474e-13 -8.48256e-24 -6.43547e-14 -1.96344e-24 -1.33548e-14 -1.91343e-24  -2.5159e-15  1.05024e-24 -4.32085e-16   2.7595e-24 -6.76366e-17  2.40086e-24 -9.60996e-18  1.36103e-24 -1.22798e-18  5.78881e-25 -1.38629e-19   1.9545e-25 -1.33238e-20  5.36737e-26 -9.89523e-22  1.19677e-26  -3.5297e-23  2.04363e-27  4.82892e-24  1.87857e-28  1.33795e-24 -3.66146e-29  2.00462e-25 -2.60945e-29  2.32786e-26 -8.88007e-30  2.26622e-27 -2.28361e-30  1.90022e-28 -4.89403e-31  1.38513e-29 -9.15108e-32  8.78242e-31 -1.52851e-32  4.81768e-32 -2.27995e-33  2.26141e-33 -2.97103e-34  8.92125e-35 -3.27854e-35   2.8742e-36 -2.97914e-36  7.18241e-38 -2.18038e-37  1.21843e-39 -1.24707e-38  5.92526e-42 -5.14256e-40  -3.3191e-43 -1.20632e-41 -6.08117e-45
 6.80168e-05  5.47086e-17  -0.00074752 -1.43937e-16  0.000482805  1.70769e-16   0.00873178 -9.70152e-17   -0.0189794  9.46686e-19  -0.00280717  5.48117e-18    0.0273623 -3.43149e-18   0.00286005    -1.79e-17   -0.0177301  1.71215e-17   -0.0110172  5.14613e-17    0.0021515  5.29765e-17   0.00690329  2.18576e-18   0.00465206 -7.77449e-17   0.00118832 -8.10938e-17 -0.000672964 -4.00478e-18  -0.00100039  4.03318e-17 -0.000683722  2.51268e-17 -0.000322443  3.94094e-18 -0.000105082 -1.15125e-18 -1.42848e-05 -6.07741e-19  1.02962e-05 -6.81034e-19  1.08889e-05 -6.26893e-19  6.56896e-06 -1.36753e-19   3.1448e-06  1.87129e-19  1.29903e-06  1.87785e-19  4.79854e-07  8.48569e-20   1.6161e-07  2.70968e-20  5.02296e-08  1.44139e-20  1.45296e-08  1.10627e-20  3.93683e-09  5.35808e-21  1.00453e-09  5.84225e-22  2.42526e-10 -1.09709e-21  5.56494e-11 -8.84482e-22  1.21865e-11 -3.49867e-22  2.55662e-12 -7.66206e-23  5.15465e-13  -9.9027e-24  1.00093e-13 -3.63965e-24  1.87325e-14 -2.08084e-25  3.37597e-15    3.776e-24  5.84461e-16  4.66116e-24  9.68419e-17  3.28727e-24  1.52882e-17  1.66646e-24  2.28818e-18  6.59139e-25  3.23067e-19   2.1143e-25  4.28188e-20  5.59089e-26  5.30227e-21  1.20894e-26  6.10627e-22  1.99637e-27  6.51011e-23  1.69846e-28  6.39539e-24 -3.78687e-29  5.76058e-25 -2.43698e-29  4.73204e-26 -7.83014e-30  3.52368e-27 -1.91375e-30  2.36212e-28 -3.91558e-31  1.41386e-29 -6.99682e-32    7.481e-31 -1.10985e-32  3.45474e-32 -1.55127e-33  1.36877e-33 -1.86499e-34  4.53993e-35 -1.87342e-35  1.21263e-36 -1.53249e-36  2.41606e-38 -9.94825e-38   2.7946e-40 -4.87651e-39 -1.36813e-42 -1.57631e-40 -1.05999e-43 -2.13261e-42
 -1.5255e-17  0.000138083   7.9571e-17  -0.00155709 -1.30966e-16   0.00313674  1.16349e-16   0.00611124 -4.61392e-17    -0.020413 -1.51859e-17   0.00050198 -3.43149e-18    0.0254287 -1.62234e-17   0.00460617 -1.84566e-17   -0.0160659  2.27635e-17   -0.0126837  6.95246e-17 -0.000343279  7.77634e-17   0.00603908  1.69804e-18     0.005333 -9.85351e-17   0.00226224 -9.19626e-17  5.27086e-05 -7.78111e-18 -0.000726021  3.49916e-17 -0.000677322  2.34303e-17 -0.000403034  6.84008e-18 -0.000180973  1.60992e-18 -6.15932e-05  2.90599e-19  -1.3267e-05 -5.78924e-19  9.56402e-07 -5.39729e-19  2.95292e-06 -5.86563e-21  2.00906e-06   2.8228e-19  9.99857e-07  2.43778e-19  4.20133e-07   1.2612e-19   1.5678e-07   6.0907e-20  5.32537e-08  3.71453e-20  1.67012e-08  2.25742e-20  4.88045e-09  9.85821e-21   1.3372e-09  2.12506e-21  3.45046e-10 -4.82129e-22  8.41103e-11 -5.74597e-22  1.94104e-11 -2.08146e-22   4.2461e-12 -3.17639e-23  8.80985e-13 -6.66806e-25  1.73359e-13  5.74889e-25  3.23337e-14  4.80529e-24  5.70968e-15  7.81705e-24  9.53112e-16  6.83359e-24  1.50113e-16   4.1242e-24  2.22564e-17  1.90061e-24  3.09852e-18  7.03172e-25  4.03919e-19  2.14457e-25  4.91517e-20  5.44243e-26  5.56446e-21  1.13157e-26  5.83905e-22  1.77488e-27  5.65618e-23   1.2958e-28  5.03489e-24 -3.87528e-29  4.09743e-25 -2.15604e-29  3.03069e-26 -6.47638e-30  2.02361e-27 -1.49903e-30  1.20998e-28 -2.91985e-31  6.41625e-30 -4.96264e-32  2.98089e-31  -7.4249e-33  1.19392e-32 -9.65593e-34  4.02872e-34 -1.06457e-34   1.1039e-35 -9.68322e-36  2.28514e-37 -7.08041e-37  2.85153e-39 -4.01725e-38 -1.15577e-41 -1.63002e-39  -1.4568e-42 -3.75296e-41 -2.10212e-44
 2.55898e-05 -3.20321e-17  3.77087e-05  8.63158e-17  -0.00205482 -9.37646e-17   0.00596414   6.9101e-17   0.00223299 -1.56863e-17   -0.0202706 -1.85742e-17   0.00286005 -1.62234e-17     0.024013 -3.05809e-17   0.00596798 -2.25389e-17   -0.0143568  2.88059e-17    -0.013796  9.56776e-17  -0.00274218  1.04969e-16   0.00471943 -1.88777e-18    0.0055319 -1.15356e-16   0.00315072 -9.95329e-17  0.000850746 -1.46424e-17 -0.000289038  2.62099e-17 -0.000533289  2.03338e-17 -0.000403427  8.88012e-18 -0.000221904  3.76763e-18 -9.82184e-05  1.07283e-18 -3.57084e-05 -3.33873e-19 -1.02916e-05  -3.1142e-19 -1.94205e-06  2.00167e-19  1.05796e-07  4.15705e-19  3.27682e-07   3.2938e-19   2.0218e-07  1.93253e-19  9.13916e-08  1.12841e-19   3.4987e-08  6.99275e-20   1.1921e-08  3.90438e-20  3.70072e-09  1.68725e-20  1.06037e-09  5.02829e-21  2.82633e-10   8.4051e-22  7.04259e-11  4.63098e-23  1.64565e-11  4.40137e-23  3.61282e-12  4.87905e-23  7.45891e-13  2.32402e-23  1.44854e-13    1.244e-23  2.64529e-14  1.32137e-23  4.53891e-15  1.27699e-23  7.30858e-16  8.97464e-24   1.1026e-16  4.78243e-24  1.55543e-17    2.026e-24  2.04697e-18   7.0389e-25  2.50623e-19  2.04085e-25  2.84586e-20   4.9515e-26  2.98617e-21  9.81538e-27  2.88336e-22  1.43607e-27   2.5494e-23  7.99625e-29  2.05217e-24 -3.79583e-29  1.49346e-25 -1.80151e-29  9.74221e-27 -5.02977e-30   5.6348e-28 -1.09934e-30  2.84831e-29 -2.03159e-31  1.23268e-30 -3.26653e-32  4.41895e-32 -4.57826e-33  1.22918e-33 -5.50238e-34   2.1849e-35  -5.5303e-35 -3.80933e-38 -4.52674e-36 -2.03998e-38 -2.92891e-37 -9.11431e-40 -1.42054e-38  -2.6076e-41 -4.51738e-40 -4.55869e-43 -6.01636e-42
 7.10502e-18  0.000111395  -4.4734e-17 -0.000407591  7.29595e-17  -0.00170592 -5.13982e-17   0.00801693  4.11322e-17  -0.00190743   5.8275e-19   -0.0192198    -1.79e-17   0.00460617 -3.05809e-17    0.0229413 -4.64187e-17   0.00708228 -3.07219e-17   -0.0126608   3.8231e-17   -0.0144496  1.30342e-16  -0.00494969  1.31676e-16   0.00307751 -6.16826e-18   0.00525212  -1.2547e-16   0.00374623 -1.04006e-16   0.00160153 -2.40264e-17  0.000238488  1.51312e-17  -0.00027366  1.59464e-17 -0.000317793  9.58445e-18 -0.000214157   4.9532e-18 -0.000112422  1.54649e-18  -4.9637e-05 -4.74247e-20 -1.89734e-05  5.79244e-21 -6.32829e-06  4.61079e-19 -1.82341e-06  5.87533e-19 -4.35535e-07  4.51716e-19 -7.44806e-08  2.91288e-19 -1.60831e-09  1.84677e-19  5.75131e-09  1.13206e-19  3.27234e-09  6.07277e-20  1.28177e-09  2.66325e-20  4.18466e-10  9.41731e-21  1.20627e-10  2.88786e-21    3.148e-11  9.56934e-22  7.53371e-12   3.9209e-22  1.66512e-12  1.62125e-22  3.41232e-13  6.22373e-23  6.49637e-14     3.16e-23  1.14963e-14  2.40605e-23  1.89019e-15  1.78886e-23  2.88328e-16  1.07361e-23  4.07087e-17  5.15447e-24  5.30191e-18  2.02331e-24  6.33988e-19  6.61838e-25  6.91502e-20  1.82264e-25  6.81507e-21  4.20982e-26  5.98127e-22  7.88722e-27  4.55931e-23  1.05432e-27  2.86713e-24  3.36218e-29  1.28296e-25 -3.48968e-29  1.04885e-27 -1.41829e-29 -5.46012e-28 -3.66982e-30 -7.32832e-29 -7.55432e-31 -6.29433e-30 -1.31927e-31 -4.19923e-31   -1.995e-32 -2.28291e-32 -2.60168e-33 -1.02363e-33 -2.87097e-34 -3.77644e-35 -2.61427e-35  -1.1356e-36 -1.91056e-36 -2.75873e-38 -1.07784e-37 -5.43505e-40 -4.32005e-39 -8.51695e-42 -9.79528e-41 -7.23698e-44
-2.10791e-06  1.38783e-17  0.000218318 -4.82773e-17  -0.00114916  4.76007e-17 -0.000368682 -1.84851e-17   0.00878282  3.11583e-17  -0.00564562   1.0204e-17   -0.0177301 -1.84566e-17   0.00596798 -4.64187e-17    0.0221108 -6.57464e-17   0.00803202 -4.25269e-17   -0.0110007  5.41443e-17   -0.0147233  1.71621e-16  -0.00690837  1.56118e-16   0.00123609 -7.68254e-18   0.00453406 -1.27142e-16   0.00398113 -1.05407e-16   0.00219563 -3.45045e-17  0.000767631  3.22783e-18  5.33679e-05  1.05768e-17 -0.000162464  8.76937e-18 -0.000157971  5.00305e-18 -9.95627e-05  1.59386e-18 -5.06471e-05  1.86849e-19 -2.22325e-05  3.51719e-19 -8.68191e-06  7.52702e-19 -3.06675e-06  7.96566e-19 -9.89806e-07  6.15017e-19  -2.9377e-07  4.21601e-19 -8.05089e-08  2.75461e-19 -2.04285e-08  1.65831e-19 -4.80864e-09  8.69895e-20 -1.05195e-09  3.88291e-20  -2.1446e-10  1.50816e-20 -4.09651e-11   5.4982e-21  -7.4107e-12  2.06108e-21 -1.29474e-12   7.9634e-22 -2.25085e-13  2.96389e-22 -4.02386e-14  1.12323e-22 -7.52815e-15  5.54244e-23 -1.45666e-15  3.55442e-23 -2.82172e-16  2.22818e-23 -5.29069e-17   1.1819e-23 -9.37244e-18  5.18373e-24 -1.54619e-18  1.89629e-24 -2.35644e-19  5.84925e-25 -3.30248e-20  1.52772e-25 -4.24319e-21   3.3437e-26 -4.98535e-22  5.86479e-27 -5.34182e-23  6.97083e-28  -5.2038e-24 -1.07509e-30 -4.59136e-25 -2.98473e-29 -3.65195e-26 -1.05034e-29 -2.60358e-27 -2.51582e-30 -1.65193e-28 -4.86472e-31 -9.24656e-30 -7.99276e-32 -4.51679e-31 -1.12987e-32 -1.89996e-32 -1.36193e-33 -6.77056e-34 -1.37104e-34  -2.0042e-35 -1.12322e-35  -4.8218e-37 -7.25172e-37 -9.26555e-39 -3.48975e-38 -1.41625e-40 -1.09556e-39 -1.57486e-42 -1.43963e-41
-1.75307e-18  2.98087e-05  1.84438e-17  0.000206807 -4.30592e-17  -0.00187211  2.12945e-17   0.00164336  9.89447e-19   0.00825477  3.23867e-17  -0.00869521  1.71215e-17   -0.0160659 -2.25389e-17   0.00708228 -6.57464e-17    0.0214625 -9.18642e-17   0.00887123 -5.67718e-17  -0.00938102  7.77028e-17   -0.0146777  2.15511e-16  -0.00858339  1.77886e-16 -0.000694454 -3.23357e-18   0.00344471 -1.19808e-16   0.00382858 -1.03393e-16    0.0025476  -4.4107e-17   0.00120907  -7.9316e-18  0.000384676  4.74165e-18  2.86862e-05  6.58428e-18 -6.72565e-05  3.99139e-18 -6.34988e-05  1.20827e-18   -3.884e-05  3.15964e-19 -1.93218e-05  6.82048e-19 -8.36935e-06  1.05902e-18 -3.25683e-06  1.04281e-18  -1.1589e-06  8.19633e-19 -3.81411e-07  5.80905e-19  -1.1704e-07  3.80994e-19 -3.36897e-08  2.24797e-19 -9.13969e-09  1.16132e-19 -2.34574e-09  5.25169e-20 -5.71269e-10  2.14525e-20 -1.32309e-10  8.34572e-21 -2.91866e-11  3.20522e-21 -6.13682e-12  1.19998e-21 -1.22986e-12  4.33035e-22 -2.34735e-13  1.65857e-22 -4.26059e-14  7.97012e-23 -7.33907e-15   4.5541e-23 -1.19674e-15  2.51707e-23 -1.84204e-16  1.20569e-23 -2.66805e-17  4.87852e-24 -3.62449e-18  1.67005e-24 -4.60206e-19  4.86123e-25 -5.44163e-20  1.20169e-25 -5.96905e-21  2.47941e-26 -6.04908e-22  4.02644e-27 -5.63806e-23  4.08387e-28  -4.8091e-24 -2.13402e-29 -3.73297e-25 -2.36862e-29    -2.62e-26 -7.30905e-30 -1.65021e-27 -1.62015e-30 -9.24445e-29 -2.93453e-31 -4.55678e-30 -4.51416e-32 -1.95068e-31 -5.92859e-33  -7.1372e-33 -6.56216e-34  -2.1894e-34 -5.98601e-35 -5.50785e-36 -4.37484e-36 -1.11309e-37 -2.45818e-37 -1.79738e-39 -9.76096e-39  -2.3175e-41  -2.1857e-40 -1.73153e-43
-7.31353e-06 -2.63139e-18  0.000120253   1.9569e-17 -6.57667e-05 -3.32596e-17  -0.00218267  1.85836e-18   0.00379346  1.14926e-17   0.00673081  3.95803e-17   -0.0110172  2.27635e-17   -0.0143568 -3.07219e-17   0.00803202 -9.18642e-17     0.020961 -1.27771e-16   0.00963833 -7.20897e-17  -0.00779666  1.06804e-16   -0.0143567  2.56832e-16  -0.00995156  1.97321e-16  -0.00261417  8.90009e-18    0.0020711 -1.04051e-16   0.00330166  -9.7392e-17   0.00260621 -5.08374e-17   0.00148898 -1.69493e-17  0.000656446 -9.13891e-19  0.000213478  3.45474e-18  3.49983e-05  2.19834e-18 -1.49006e-05   4.9337e-19 -1.84838e-05  3.42616e-19 -1.17052e-05  9.83264e-19 -5.80771e-06   1.3783e-18  -2.4821e-06  1.32724e-18 -9.49491e-07  1.06069e-18 -3.31666e-07  7.60709e-19 -1.07066e-07   4.9382e-19 -3.21899e-08  2.85334e-19 -9.06172e-09  1.45477e-19 -2.39726e-09  6.61946e-20 -5.97464e-10  2.76921e-20 -1.40504e-10  1.10107e-20 -3.12047e-11   4.2158e-21 -6.54655e-12  1.54319e-21 -1.29702e-12  5.51412e-22 -2.42501e-13  2.13666e-22 -4.27392e-14   9.9895e-23 -7.09014e-15  5.22357e-23 -1.10517e-15   2.6107e-23 -1.61532e-16  1.14553e-23 -2.20863e-17   4.3063e-24 -2.81764e-18  1.38348e-24 -3.34406e-19  3.80017e-25 -3.68017e-20  8.86787e-26 -3.74177e-21  1.71456e-26 -3.50034e-22  2.54199e-27 -2.99865e-23  2.04357e-28 -2.33982e-24 -2.89076e-29 -1.65255e-25 -1.74443e-29 -1.04866e-26 -4.77591e-30  -5.9263e-28 -9.79616e-31 -2.95086e-29 -1.65683e-31 -1.27768e-30 -2.37404e-32 -4.73363e-32 -2.87875e-33 -1.47168e-33 -2.90665e-34 -3.75804e-35 -2.38469e-35 -7.75789e-37 -1.53772e-36 -1.31655e-38 -7.35769e-38 -1.99386e-40 -2.28657e-39 -2.54011e-42 -2.97076e-41
-1.73564e-19 -8.25164e-06 -2.50798e-18  0.000236605  1.76941e-17 -0.000608773  -2.3628e-17  -0.00184118 -7.99395e-18   0.00559538  2.04021e-17   0.00458794  5.14613e-17   -0.0126837  2.88059e-17   -0.0126608 -4.25269e-17   0.00887123 -1.27771e-16    0.0205845 -1.74304e-16    0.0103631 -8.75189e-17  -0.00623604  1.36406e-16   -0.0137894  2.90451e-16   -0.0109938  2.14604e-16  -0.00442997  2.83275e-17  0.000516503 -8.14639e-17   0.00245162 -8.69862e-17   0.00236114  -5.3216e-17   0.00156214 -2.28599e-17  0.000818311  -5.7659e-18  0.000352636 -4.99263e-20  0.000123932  2.42769e-20  3.26946e-05 -3.71746e-19  3.87914e-06  3.19577e-19 -2.24579e-06  1.27335e-18 -2.14839e-06  1.72056e-18 -1.17308e-06  1.64834e-18 -5.12788e-07  1.32666e-18 -1.94854e-07  9.47494e-19  -6.6578e-08  6.03854e-19 -2.08139e-08   3.4143e-19 -6.01405e-09  1.71723e-19 -1.61618e-09  7.80716e-20 -4.05554e-10  3.28791e-20 -9.52646e-11  1.30834e-20  -2.0978e-11  4.94304e-21  -4.3335e-12  1.77789e-21 -8.39802e-13  6.34037e-22  -1.5261e-13  2.47618e-22 -2.59819e-14  1.12456e-22 -4.13888e-15  5.46127e-23 -6.15883e-16  2.50698e-23 -8.54353e-17  1.01751e-23 -1.10217e-17   3.5717e-24 -1.31857e-18  1.07884e-24 -1.45798e-19  2.79449e-25 -1.48425e-20  6.13591e-26 -1.38474e-21  1.10376e-26 -1.17747e-22  1.46517e-27 -9.06475e-24  7.87419e-29 -6.26589e-25 -2.78348e-29 -3.84771e-26 -1.19394e-29 -2.06915e-27 -2.92879e-30 -9.54601e-29 -5.55713e-31 -3.65713e-30 -8.74553e-32 -1.09479e-31 -1.16101e-32 -2.19205e-33 -1.29168e-33  -9.5457e-36 -1.18145e-34  1.15419e-36 -8.64047e-36  4.26725e-38 -4.84198e-37  5.28598e-40 -1.90904e-38 -6.67654e-42 -4.23154e-40 -1.91217e-43
-4.29654e-06  -8.5056e-19  2.29917e-05 -1.89834e-18  0.000278616  1.34626e-17  -0.00125911 -1.76816e-17 -0.000860255 -9.47065e-18   0.00675581  3.34922e-17    0.0021515  6.95246e-17    -0.013796   3.8231e-17   -0.0110007 -5.67718e-17   0.00963833 -1.74304e-16    0.0203203 -2.29023e-16     0.011071 -1.02792e-16  -0.00468262  1.60247e-16   -0.0129911  3.12371e-16     -0.01169  2.29138e-16  -0.00605225  5.26651e-17  -0.00110237 -5.44019e-17   0.00136445 -7.23208e-17   0.00184511  -5.0681e-17   0.00142025 -2.53183e-17  0.000844275 -9.37389e-18  0.000419777 -3.37542e-18  0.000180128 -2.11807e-18  6.74474e-05 -1.18525e-18  2.19459e-05  3.28209e-19  6.04363e-06  1.58932e-18  1.29299e-06  2.09797e-18  1.39148e-07  1.99726e-18 -4.86387e-08  1.59866e-18 -4.15005e-08  1.12388e-18 -1.90138e-08  6.99681e-19 -6.91569e-09  3.86756e-19  -2.1788e-09  1.91554e-19 -6.15153e-10  8.64566e-20 -1.58246e-10  3.62328e-20 -3.74255e-11  1.42661e-20 -8.17865e-12  5.29635e-21 -1.65593e-12  1.87835e-21  -3.1098e-13  6.70676e-22 -5.41651e-14  2.62719e-22 -8.74032e-15    1.157e-22 -1.30393e-15  5.26439e-23 -1.79274e-16  2.24212e-23 -2.26121e-17  8.47489e-24 -2.59951e-18  2.78755e-24 -2.69769e-19  7.92356e-25 -2.48906e-20  1.93282e-25 -1.98756e-21  3.97721e-26 -1.29643e-22  6.59602e-27 -5.76975e-24  7.60877e-28  1.17919e-26  1.30492e-29  3.72466e-26  -2.2417e-29  4.96536e-27   -7.607e-30  4.48182e-28 -1.68481e-30  3.19717e-29  -2.9547e-31  1.87677e-30 -4.30989e-32  9.13971e-32 -5.27152e-33  3.66295e-33 -5.34602e-34  1.18173e-34 -4.39542e-35  2.94357e-36 -2.83323e-36  5.21396e-38 -1.35005e-37  5.34869e-40  -4.1623e-39  1.04586e-42 -5.35656e-41
 1.55159e-19 -1.24835e-05  -1.7637e-18  0.000103445 -1.69929e-18  0.000141126  6.71334e-18   -0.0017665 -1.75435e-17  0.000550764   -5.828e-18   0.00717861  5.29765e-17 -0.000343279  9.56776e-17   -0.0144496  5.41443e-17  -0.00938102 -7.20897e-17    0.0103631 -2.29023e-16    0.0201624 -2.86535e-16    0.0117856 -1.18175e-16  -0.00311531  1.73008e-16   -0.0119652  3.20382e-16   -0.0120163  2.39475e-16  -0.00739312  7.82671e-17  -0.00265909 -2.56623e-17  0.000154501 -5.43343e-17   0.00113034 -4.37297e-17   0.00109337 -2.46478e-17  0.000737727 -1.15877e-17  0.000407356  -6.1116e-18  0.000194638 -3.89612e-18   8.2685e-05  -1.7726e-18  3.17176e-05  4.50506e-19  1.10929e-05  1.96775e-18  3.55964e-06  2.51314e-18  1.05247e-06  2.35408e-18  2.87544e-07  1.85164e-18  7.27466e-08  1.27096e-18  1.70773e-08  7.70386e-19   3.7306e-09  4.15818e-19  7.62457e-10  2.02329e-19  1.47298e-10   9.0154e-20  2.73987e-11     3.73e-20  5.04634e-12  1.44384e-20  9.49812e-13  5.26004e-21  1.86117e-13  1.84463e-21   3.7653e-14  6.60041e-22  7.63671e-15  2.58059e-22  1.50311e-15  1.10009e-22  2.80209e-16  4.71533e-23  4.87411e-17  1.87586e-23  7.84463e-18  6.63432e-24  1.16262e-18  2.04944e-24  1.58182e-19  5.48282e-25  1.97092e-20  1.25692e-25  2.24341e-21  2.41159e-26  2.32625e-22  3.64245e-27  2.18997e-23  3.46617e-28  1.86398e-24 -1.38951e-29  1.42705e-25 -1.59213e-29  9.76508e-27 -4.51871e-30  5.92569e-28 -9.08673e-31  3.15745e-29 -1.47072e-31  1.45873e-30 -1.97986e-32  5.74645e-32 -2.21817e-33  1.88627e-33  -2.0363e-34  4.98737e-35 -1.49125e-35  1.00531e-36 -8.34318e-37  1.39002e-38 -3.27184e-38  1.00427e-40 -7.19289e-40   5.5837e-44
-1.31879e-06   4.9996e-19 -1.32996e-05  -2.1987e-18   0.00020786 -2.39193e-18 -0.000205465 -3.25448e-18  -0.00191979 -2.42272e-17   0.00210512 -8.74037e-19   0.00690329  7.77634e-17  -0.00274218  1.30342e-16   -0.0147233  7.77028e-17  -0.00779666 -8.75189e-17     0.011071 -2.86535e-16    0.0201106 -3.40137e-16    0.0125309 -1.34031e-16  -0.00150858  1.71874e-16   -0.0107045  3.14169e-16   -0.0119449  2.43755e-16  -0.00836756  1.01218e-16   -0.0040242  1.88506e-18  -0.00104612 -3.47183e-17  0.000318533 -3.37673e-17  0.000643675 -2.17234e-17  0.000529212 -1.25564e-17  0.000326995  -8.0527e-18  0.000170271  -5.1074e-18   7.8164e-05 -2.01902e-18  3.23881e-05   7.4405e-19  1.22907e-05  2.42607e-18  4.31415e-06  2.95051e-18  1.41097e-06  2.68783e-18  4.32443e-07  2.05769e-18  1.24776e-07  1.37142e-18   3.4023e-08  8.07554e-19  8.79404e-09  4.25059e-19  2.15984e-09   2.0267e-19  5.04893e-10  8.87378e-20  1.12441e-10   3.6046e-20  2.38591e-11  1.36681e-20  4.82079e-12  4.88698e-21  9.26272e-13  1.69873e-21   1.6892e-13  6.08896e-22  2.91684e-14   2.3647e-22  4.75605e-15   9.7401e-23  7.30123e-16  3.94641e-23  1.05196e-16  1.47309e-23  1.41787e-17  4.89015e-24  1.78166e-18  1.42061e-24  2.07972e-19  3.57476e-25  2.24657e-20  7.67972e-26  2.23654e-21  1.36492e-26  2.04266e-22  1.84454e-27   1.7028e-23  1.29815e-28  1.28812e-24 -1.98392e-29  8.78304e-26 -1.02172e-29  5.35506e-27 -2.50565e-30  2.89167e-28 -4.59155e-31  1.36664e-29 -6.84396e-32  5.56867e-31 -8.46296e-33  1.91778e-32 -8.63142e-34  5.42904e-34 -7.11698e-35  1.21124e-35 -4.58914e-36  1.98076e-37 -2.18047e-37  2.03475e-39 -6.68082e-39  7.97972e-42 -8.52986e-41
  1.5492e-19 -6.80001e-06  1.23355e-18  1.34809e-05 -1.23043e-18  0.000268163 -3.72457e-18 -0.000685284 -1.67502e-17  -0.00162654 -3.76243e-17   0.00353734  2.18576e-18   0.00603908  1.04969e-16  -0.00494969  1.71621e-16   -0.0146777  1.06804e-16  -0.00623604 -1.02792e-16    0.0117856 -3.40137e-16    0.0201708  -3.8391e-16    0.0133326  -1.5044e-16  0.000166552  1.56947e-16  -0.00919485  2.94978e-16   -0.0114474  2.40342e-16  -0.00889895  1.18226e-16  -0.00507589  2.56559e-17  -0.00210296 -1.56226e-17 -0.000475264  -2.2725e-17  0.000152264 -1.77181e-17  0.000267584 -1.26388e-17  0.000204456 -9.18131e-18  0.000119123  -5.6814e-18  5.90063e-05 -1.88004e-18  2.59357e-05  1.22603e-18  1.03422e-05   2.9513e-18  3.79167e-06  3.37469e-18  1.28938e-06  2.96081e-18  4.09193e-07   2.1911e-18  1.21727e-07  1.41288e-18  3.40509e-08  8.06934e-19  8.97684e-09   4.1361e-19  2.23359e-09  1.92761e-19  5.24954e-10  8.26189e-20  1.16571e-10  3.28259e-20  2.44523e-11  1.21714e-20    4.842e-12  4.27554e-21  9.04215e-13  1.47609e-21   1.5903e-13   5.2932e-22  2.62993e-14  2.03249e-22  4.08175e-15  8.07418e-23  5.93276e-16  3.09884e-23  8.05632e-17  1.08858e-23  1.01937e-17  3.39875e-24  1.19828e-18  9.28926e-25  1.30432e-19  2.19568e-25  1.30983e-20  4.40369e-26  1.20847e-21  7.18668e-27   1.0195e-22  8.45018e-28  7.82155e-24  3.14945e-29  5.42233e-25 -1.68171e-29   3.3713e-26 -6.00285e-30  1.86299e-27 -1.29805e-30  9.04968e-29 -2.17184e-31   3.8113e-30 -2.97278e-32  1.36699e-31 -3.35935e-33  4.07534e-33 -3.09798e-34  9.74737e-35 -2.27324e-35  1.76527e-36 -1.27087e-36  2.15885e-38 -4.96396e-38  1.28709e-40 -1.08408e-39 -1.08754e-43
