 7.66419e-06  2.46016e-23  -7.2883e-05  -5.7257e-22  0.000233111  2.87076e-21 -0.000359909 -6.63981e-21  0.000258054  8.62932e-21  -2.3806e-05 -6.13032e-21 -7.00795e-05  1.93544e-21  2.08669e-05 -4.79852e-22  9.28651e-06  5.53095e-22  -2.4058e-06 -1.70823e-22 -2.99321e-07
 2.46016e-23  0.000108126  3.78888e-22 -0.000550557  -4.8775e-21   0.00123318  1.73791e-20  -0.00137568 -3.15281e-20  0.000601887   3.2442e-20   0.00018142 -1.65625e-20 -0.000229632  2.73192e-21  3.95676e-06 -1.31078e-21  3.17415e-05  1.46697e-21 -1.30616e-06 -1.15229e-22
 -7.2883e-05  3.78888e-22  0.000712214  2.57647e-21  -0.00236683  -2.2051e-20   0.00386641  6.01906e-20  -0.00305922 -8.80452e-20  0.000519302  6.94364e-20  0.000807249 -2.06266e-20  -0.00036217 -1.09917e-21 -9.32454e-05 -3.45857e-21  4.83063e-05  2.06103e-21  2.63336e-06
 -5.7257e-22 -0.000550557  2.57647e-21   0.00291208  1.04276e-20  -0.00688706 -6.53093e-20   0.00835929  1.43387e-19  -0.00439794 -1.68966e-19 -0.000684538  9.06851e-20   0.00168357  1.46524e-21 -0.000256962 -8.86518e-21 -0.000237328 -8.13701e-21  3.75562e-05  1.21379e-21
 0.000233111  -4.8775e-21  -0.00236683  1.04276e-20   0.00829965  2.87754e-20   -0.0146658 -1.41373e-19    0.0132499  2.58727e-19  -0.00379579 -2.34997e-19  -0.00304454  5.04662e-20   0.00225923  5.84966e-20  0.000147084 -9.99668e-21 -0.000327619 -1.40898e-20  8.90323e-06
 2.87076e-21   0.00123318  -2.2051e-20  -0.00688706  2.87754e-20    0.0175893   5.9401e-20   -0.0239771 -2.46344e-19    0.0158431  3.84966e-19 -0.000529994 -2.37819e-19  -0.00564828 -7.58679e-20   0.00209077  1.28577e-19  0.000663924  1.13679e-20 -0.000298433 -1.49352e-20
-0.000359909  1.73791e-20   0.00386641 -6.53093e-20   -0.0146658   5.9401e-20    0.0289801  1.01867e-19   -0.0312443  -3.8973e-19     0.014346  5.22774e-19   0.00442272 -1.62918e-19   -0.0073725 -2.66778e-19   0.00123216  1.61468e-19   0.00102744  5.76831e-20 -0.000174375
-6.63981e-21  -0.00137568  6.01906e-20   0.00835929 -1.41373e-19   -0.0239771  1.01867e-19    0.0385646   1.6736e-19   -0.0336953 -6.26157e-19   0.00939118  7.08784e-19    0.0092473 -2.53389e-20  -0.00775212 -4.80943e-19  0.000104297  1.10725e-19   0.00108399  9.88565e-20
 0.000258054 -3.15281e-20  -0.00305922  1.43387e-19    0.0132499 -2.46344e-19   -0.0312443   1.6736e-19    0.0431794  2.91169e-19   -0.0314908  -1.0299e-18   0.00322285     9.58e-19    0.0127276  2.13355e-19  -0.00706803 -7.01301e-19 -0.000867127 -2.56424e-20  0.000815957
 8.62932e-21  0.000601887 -8.80452e-20  -0.00439794  2.58727e-19    0.0158431  -3.8973e-19   -0.0336953  2.91169e-19    0.0427737  5.12433e-19   -0.0270481 -1.61417e-18  -0.00224383  1.18645e-18    0.0147339  6.93854e-19  -0.00586072  -9.2128e-19  -0.00142627 -2.02584e-19
 -2.3806e-05   3.2442e-20  0.000519302 -1.68966e-19  -0.00379579  3.84966e-19     0.014346 -6.26157e-19   -0.0314908  5.12433e-19    0.0398065  8.35893e-19   -0.0227817 -2.34391e-18  -0.00637652  1.25544e-18    0.0157373  1.53472e-18  -0.00453804 -1.06206e-18  -0.00141009
-6.13032e-21   0.00018142  6.94364e-20 -0.000684538 -2.34997e-19 -0.000529994  5.22774e-19   0.00939118  -1.0299e-18   -0.0270481  8.35893e-19    0.0368834  1.26502e-18   -0.0197955 -3.33153e-18  -0.00945646  1.12591e-18    0.0162271  2.66924e-18    -0.003303 -9.40233e-19
-7.00795e-05 -1.65625e-20  0.000807249  9.06851e-20  -0.00304454 -2.37819e-19   0.00442272  7.08784e-19   0.00322285 -1.61417e-18   -0.0227817  1.26502e-18    0.0353223  1.93103e-18   -0.0181342 -4.92158e-18   -0.0119958  8.43296e-19    0.0164747   4.0775e-18   -0.0023031
 1.93544e-21 -0.000229632 -2.06266e-20   0.00168357  5.04662e-20  -0.00564828 -1.62918e-19    0.0092473     9.58e-19  -0.00224383 -2.34391e-18   -0.0197955  1.93103e-18    0.0353634  3.11242e-18   -0.0175363 -7.29711e-18   -0.0144015  4.46816e-20    0.0165721  6.31866e-18
 2.08669e-05  2.73192e-21  -0.00036217  1.46524e-21   0.00225923 -7.58679e-20   -0.0073725 -2.53389e-20    0.0127276  1.18645e-18  -0.00637652 -3.33153e-18   -0.0181342  3.11242e-18    0.0369615  4.95171e-18   -0.0178947  -1.0133e-17   -0.0170172 -3.19479e-18    0.0161501
-4.79852e-22  3.95676e-06 -1.09917e-21 -0.000256962  5.84966e-20   0.00209077 -2.66778e-19  -0.00775212  2.13355e-19    0.0147339  1.25544e-18  -0.00945646 -4.92158e-18   -0.0175363  4.95171e-18    0.0403369  7.32488e-18      -0.0194 -1.31676e-17   -0.0201929 -1.07144e-17
 9.28651e-06 -1.31078e-21 -9.32454e-05 -8.86518e-21  0.000147084  1.28577e-19   0.00123216 -4.80943e-19  -0.00706803  6.93854e-19    0.0157373  1.12591e-18   -0.0119958 -7.29711e-18   -0.0178947  7.32488e-18    0.0462604  1.10637e-17   -0.0224708 -1.85009e-17   -0.0195605
 5.53095e-22  3.17415e-05 -3.45857e-21 -0.000237328 -9.99668e-21  0.000663924  1.61468e-19  0.000104297 -7.01301e-19  -0.00586072  1.53472e-18    0.0162271  8.43296e-19   -0.0144015  -1.0133e-17      -0.0194  1.10637e-17    0.0565663  1.86986e-17   -0.0342113 -2.00091e-17
 -2.4058e-06  1.46697e-21  4.83063e-05 -8.13701e-21 -0.000327619  1.13679e-20   0.00102744  1.10725e-19 -0.000867127  -9.2128e-19  -0.00453804  2.66924e-18    0.0164747  4.46816e-20   -0.0170172 -1.31676e-17   -0.0224708  1.86986e-17    0.0798731   3.7643e-17   -0.0778083
-1.70823e-22 -1.30616e-06  2.06103e-21  3.75562e-05 -1.40898e-20 -0.000298433  5.76831e-20   0.00108399 -2.56424e-20  -0.00142627 -1.06206e-18    -0.003303   4.0775e-18    0.0165721 -3.19479e-18   -0.0201929 -1.85009e-17   -0.0342113   3.7643e-17     0.158806  2.40919e-18
-2.99321e-07 -1.15229e-22  2.63336e-06  1.21379e-21  8.90323e-06 -1.49352e-20 -0.000174375  9.88565e-20  0.000815957 -2.02584e-19  -0.00141009 -9.40233e-19   -0.0023031  6.31866e-18    0.0161501 -1.07144e-17   -0.0195605 -2.00091e-17   -0.0778083  2.40919e-18     0.250693
