   0.0781878  5.41218e-12      0.07564  2.09323e-12   0.00498393 -6.60258e-13   -0.0145815  -5.5834e-13  -0.00415797 -9.66499e-15     0.001459  8.53061e-14  0.000987789   2.4836e-14  0.000114113  -1.1032e-15 -4.37699e-05 -1.66423e-15 -1.34595e-05   -2.392e-16 -8.62859e-07
 5.41218e-12     0.128116  6.15924e-12    0.0653207  1.09965e-12   -0.0102573 -1.19647e-12   -0.0192737 -6.44026e-13  -0.00402912  3.52618e-14   0.00236359  1.25676e-13   0.00144999  3.82666e-14  0.000213955  6.45019e-16 -3.69725e-05  -1.5884e-15    -1.24e-05 -1.82378e-16
     0.07564  6.15924e-12     0.109148  4.46938e-12    0.0398497  2.53867e-13   -0.0168533 -1.30504e-12   -0.0195041 -6.36332e-13  -0.00385059  4.82047e-14   0.00265794  1.42808e-13   0.00171022  4.86379e-14  0.000329694  4.29515e-15  -2.5152e-06  -6.3786e-16 -4.81198e-06
 2.09323e-12    0.0653207  4.46938e-12    0.0759613  3.07456e-12    0.0259878 -3.79312e-14   -0.0175004 -1.26374e-12   -0.0189715 -6.37598e-13  -0.00419405  2.82378e-14   0.00244786   1.3999e-13   0.00175891  5.32375e-14   0.00040484  7.22537e-15  2.74169e-05  1.31762e-16
  0.00498393  1.09965e-12    0.0398497  3.07456e-12    0.0565804  2.40377e-12    0.0205499 -9.68207e-14   -0.0165951 -1.20419e-12   -0.0185941 -6.58621e-13  -0.00499334 -1.92226e-14   0.00177678  1.16085e-13   0.00153375  4.78603e-14  0.000373174  6.83687e-15  2.65031e-05
-6.60258e-13   -0.0102573  2.53867e-13    0.0259878  2.40377e-12    0.0472919  2.08116e-12     0.018251 -8.61256e-14   -0.0153606 -1.14614e-12   -0.0183788 -6.93858e-13  -0.00613752 -8.94576e-14  0.000690106  7.17182e-14   0.00102706  3.19392e-14  0.000231891  3.44853e-15
  -0.0145815 -1.19647e-12   -0.0168533 -3.79312e-14    0.0205499  2.08116e-12    0.0422339   1.9037e-12    0.0173387 -4.12629e-14   -0.0139075 -1.08433e-12   -0.0181581  -7.3224e-13  -0.00741415 -1.70511e-13 -0.000607881  1.72517e-14  0.000398976  1.26812e-14  7.50447e-05
 -5.5834e-13   -0.0192737 -1.30504e-12   -0.0175004 -9.68207e-14     0.018251   1.9037e-12    0.0392892  1.81168e-12    0.0173886  3.49903e-14   -0.0120767  -1.0032e-12   -0.0175707 -7.49909e-13  -0.00834801 -2.34921e-13  -0.00165119 -2.51104e-14  -5.1175e-05  8.44954e-16
 -0.00415797 -6.44026e-13   -0.0195041 -1.26374e-12   -0.0165951 -8.61256e-14    0.0173387  1.81168e-12    0.0378024  1.78676e-12    0.0183629  1.54169e-13  -0.00946875 -8.72032e-13    -0.015951  -7.0573e-13  -0.00819634 -2.45267e-13  -0.00191261  -3.5956e-14 -0.000145873
-9.66499e-15  -0.00402912 -6.36332e-13   -0.0189715 -1.20419e-12   -0.0153606 -4.12629e-14    0.0173886  1.78676e-12    0.0375807   1.8297e-12     0.020517    3.435e-13  -0.00540911  -6.4677e-13   -0.0124913 -5.59605e-13  -0.00642715 -1.85158e-13  -0.00132413 -2.00572e-14
    0.001459  3.52618e-14  -0.00385059 -6.37598e-13   -0.0185941 -1.14614e-12   -0.0139075  3.49903e-14    0.0183629   1.8297e-12    0.0387627  1.95842e-12    0.0243568  6.37804e-13  0.000716695 -3.02143e-13  -0.00702885 -3.21541e-13  -0.00350971 -8.91487e-14 -0.000482587
 8.53061e-14   0.00236359  4.82047e-14  -0.00419405 -6.58621e-13   -0.0183788 -1.08433e-12   -0.0120767  1.54169e-13     0.020517  1.95842e-12    0.0417383  2.19558e-12    0.0301722  1.03645e-12    0.0084277  1.05284e-13  -0.00100613 -8.19081e-14 -0.000926983 -1.89288e-14
 0.000987789  1.25676e-13   0.00265794  2.82378e-14  -0.00499334 -6.93858e-13   -0.0181581  -1.0032e-12  -0.00946875    3.435e-13    0.0243568  2.19558e-12    0.0466305  2.51943e-12     0.036854  1.43298e-12    0.0151685    4.177e-13   0.00297308  4.95481e-14  0.000167949
  2.4836e-14   0.00144999  1.42808e-13   0.00244786 -1.92226e-14  -0.00613752  -7.3224e-13   -0.0175707 -8.72032e-13  -0.00540911  6.37804e-13    0.0301722  2.51943e-12    0.0520641  2.79103e-12    0.0409809  1.61273e-12    0.0173738   4.8692e-13   0.00346984  5.32322e-14
 0.000114113  3.82666e-14   0.00171022   1.3999e-13   0.00177678 -8.94576e-14  -0.00741415 -7.49909e-13    -0.015951  -6.4677e-13  0.000716695  1.03645e-12     0.036854  2.79103e-12    0.0542923  2.76444e-12    0.0384268  1.41204e-12    0.0138101  3.31965e-13   0.00175749
 -1.1032e-15  0.000213955  4.86379e-14   0.00175891  1.16085e-13  0.000690106 -1.70511e-13  -0.00834801  -7.0573e-13   -0.0124913 -3.02143e-13    0.0084277  1.43298e-12    0.0409809  2.76444e-12    0.0490184  2.27569e-12    0.0284591  9.14009e-13   0.00737552  1.26658e-13
-4.37699e-05  6.45019e-16  0.000329694  5.32375e-14   0.00153375  7.17182e-14 -0.000607881 -2.34921e-13  -0.00819634 -5.59605e-13  -0.00702885  1.05284e-13    0.0151685  1.61273e-12    0.0384268  2.27569e-12    0.0357728  1.45886e-12    0.0156092  4.05623e-13   0.00229717
-1.66423e-15 -3.69725e-05  4.29515e-15   0.00040484  4.78603e-14   0.00102706  1.72517e-14  -0.00165119 -2.45267e-13  -0.00642715 -3.21541e-13  -0.00100613    4.177e-13    0.0173738  1.41204e-12    0.0284591  1.45886e-12    0.0197832  6.79994e-13   0.00581243  1.04832e-13
-1.34595e-05  -1.5884e-15  -2.5152e-06  7.22537e-15  0.000373174  3.19392e-14  0.000398976 -2.51104e-14  -0.00191261 -1.85158e-13  -0.00350971 -8.19081e-14   0.00297308   4.8692e-13    0.0138101  9.14009e-13    0.0156092  6.79994e-13   0.00768274   2.0896e-13   0.00122989
  -2.392e-16    -1.24e-05  -6.3786e-16  2.74169e-05  6.83687e-15  0.000231891  1.26812e-14  -5.1175e-05  -3.5956e-14  -0.00132413 -8.91487e-14 -0.000926983  4.95481e-14   0.00346984  3.31965e-13   0.00737552  4.05623e-13   0.00581243   2.0896e-13   0.00185421  3.45096e-14
-8.62859e-07 -1.82378e-16 -4.81198e-06  1.31762e-16  2.65031e-05  3.44853e-15  7.50447e-05  8.44954e-16 -0.000145873 -2.00572e-14 -0.000482587 -1.89288e-14  0.000167949  5.32322e-14   0.00175749  1.26658e-13   0.00229717  1.04832e-13   0.00122989  3.45096e-14  0.000208503
