 1.60604e-15 -1.59807e-26 -5.11747e-14  3.83139e-25   6.4898e-13 -3.68434e-24 -5.05409e-12  2.31248e-23   2.7842e-11 -1.07049e-22 -1.16277e-10  3.89056e-22  3.82747e-10  -1.1503e-21  -1.0153e-09  2.82825e-21  2.19371e-09 -5.86441e-21 -3.86199e-09  1.03439e-20  5.47105e-09 -1.55891e-20 -6.02069e-09   2.0085e-20  4.67458e-09 -2.20447e-20 -1.66596e-09   2.0437e-20 -1.42488e-09 -1.57578e-20   2.7053e-09  9.84065e-21 -1.64697e-09 -4.74964e-21 -3.45838e-10  1.61856e-21  1.32854e-09 -3.19275e-22 -7.48402e-10  3.21784e-23  -2.8891e-10 -2.87351e-23  5.86854e-10  1.28983e-23 -1.59183e-10  1.87731e-23 -2.12236e-10 -2.47685e-23  1.60113e-10  1.14058e-23  2.89895e-11 -7.87328e-25 -6.67823e-11 -1.40874e-24  7.80355e-12  4.95704e-25  1.49334e-11  2.94059e-27 -3.23524e-12 -1.83428e-26 -1.09043e-12
-1.59807e-26  7.28054e-14 -1.46475e-25 -1.32323e-12  2.59376e-24  1.28162e-11 -2.09418e-23 -8.29834e-11  1.13622e-22  3.95537e-10 -4.65682e-22 -1.46112e-09  1.52422e-21  4.30831e-09 -4.10254e-21 -1.03043e-08  9.23646e-21  2.01008e-08 -1.75703e-20  -3.1803e-08  2.83852e-20  3.99229e-08 -3.89697e-20 -3.75351e-08  4.52689e-20  2.19767e-08 -4.40088e-20  2.95119e-10  3.50427e-20 -1.61713e-08  -2.1918e-20  1.63035e-08  9.81314e-21 -4.13087e-09 -2.32737e-21 -7.19256e-09 -2.68141e-22  8.07455e-09  1.25476e-22 -1.24124e-09  4.57313e-22  -3.8553e-09 -5.06754e-22  2.83836e-09  2.06459e-22  5.34894e-10  2.43927e-23 -1.57881e-09 -6.67921e-23  3.86676e-10  2.70724e-23   4.8028e-10   1.3017e-25  -2.6527e-10 -3.28609e-24 -7.39003e-11  6.44016e-25  6.79935e-11  1.07699e-25  3.31919e-12 -1.69021e-26
-5.11747e-14 -1.46475e-25  1.63105e-12 -8.35602e-25 -2.06885e-11  1.32585e-23  1.61137e-10 -9.30184e-23  -8.8771e-10   4.4352e-22  3.70711e-09 -1.62945e-21 -1.22002e-08  4.84878e-21  3.23508e-08 -1.19646e-20  -6.9853e-08  2.47852e-20  1.22843e-07 -4.33743e-20  -1.7371e-07  6.42153e-20  1.90528e-07 -8.00986e-20 -1.46808e-07  8.31549e-20  5.04315e-08 -6.99521e-20  4.77269e-08   4.4861e-20 -8.72579e-08 -1.81978e-20  5.19568e-08 -1.68013e-22  1.24199e-08  6.70832e-21 -4.34005e-08 -4.91345e-21  2.38869e-08  9.44232e-22  9.86532e-09  1.21571e-21 -1.92363e-08 -1.18655e-21  5.07577e-09  3.96342e-22  7.04455e-09  7.64203e-23 -5.26936e-09 -1.19725e-22 -9.57297e-10  3.37415e-23  2.20883e-09  6.17384e-24 -2.73308e-10 -4.84352e-24 -4.87502e-10  1.66776e-25  1.12147e-10  1.74594e-25  3.33355e-11
 3.83139e-25 -1.32323e-12 -8.35602e-25  2.40543e-11 -4.66421e-24 -2.33014e-10  6.46598e-23  1.50886e-09 -3.86473e-22 -7.19191e-09  1.61607e-21  2.65642e-08 -5.32781e-21 -7.83098e-08  1.44362e-20  1.87216e-07  -3.2716e-20 -3.64943e-07  6.25235e-20  5.76717e-07 -1.01122e-19 -7.22449e-07  1.38274e-19  6.76369e-07 -1.58675e-19 -3.91083e-07  1.50006e-19 -1.42869e-08 -1.12036e-19  3.00187e-07  5.91042e-20 -2.97463e-07 -1.22833e-20  7.15718e-08 -1.35354e-20  1.35438e-07  1.74336e-20 -1.48995e-07 -9.50356e-21  2.14482e-08  1.15825e-21  7.24174e-08  2.27251e-21 -5.27252e-08  -1.7811e-21 -1.02249e-08  4.05365e-22  2.96066e-08  2.13015e-22 -7.33512e-09 -1.70202e-22 -8.94751e-09  2.46439e-23  5.04779e-09  1.36131e-23   1.3073e-09 -3.51185e-24 -1.27981e-09 -6.88912e-25 -3.71454e-11  2.82935e-26
  6.4898e-13  2.59376e-24 -2.06885e-11 -4.66421e-24  2.62455e-10 -2.37294e-23 -2.04441e-09  2.66415e-22  1.12632e-08 -1.34264e-21 -4.70342e-08  4.92365e-21  1.54772e-07 -1.45893e-20 -4.10296e-07  3.60767e-20  8.85527e-07 -7.52755e-20 -1.55611e-06  1.33177e-19  2.19763e-06 -2.00192e-19 -2.40453e-06    2.552e-19  1.84213e-06 -2.73436e-19 -6.14332e-07  2.40922e-19 -6.28704e-07 -1.65914e-19  1.11913e-06    7.701e-20 -6.56336e-07 -7.01445e-21 -1.70176e-07 -2.59999e-20  5.62128e-07   2.6281e-20  -3.0565e-07 -1.20645e-20   -1.304e-07  1.03773e-22  2.50065e-07  3.63505e-21 -6.59678e-08 -2.14737e-21 -9.15745e-08  1.71828e-22  6.91349e-08  4.11577e-22  1.17748e-08 -1.95064e-22 -2.87996e-08  7.32397e-24  4.02117e-09   1.0255e-23  6.17732e-09  2.41295e-24  -1.5642e-09 -8.45728e-25 -3.79614e-10
-3.68434e-24  1.28162e-11  1.32585e-23 -2.33014e-10 -2.37294e-23  2.25745e-09 -9.42347e-23 -1.46189e-08  8.40682e-22  6.96818e-08 -3.56916e-21 -2.57367e-07  1.14783e-20  7.58606e-07 -3.06683e-20 -1.81316e-06  6.95372e-20  3.53289e-06 -1.34272e-19 -5.57886e-06  2.21304e-19  6.97916e-06 -3.12004e-19 -6.51538e-06  3.75722e-19  3.73388e-06 -3.82749e-19   2.0052e-07  3.21746e-19 -2.95737e-06 -2.10354e-19  2.89928e-06  8.90077e-20 -6.76506e-07  4.77271e-22 -1.34522e-06 -3.79248e-20   1.4667e-06   3.2963e-20 -2.07672e-07 -1.21763e-20 -7.17263e-07 -2.49529e-21  5.24139e-07   5.3249e-21  9.79843e-08   -2.249e-21 -2.93696e-07 -2.18852e-22  7.63321e-08  5.50498e-22  8.67909e-08 -1.63075e-22 -5.13319e-08  8.65085e-24 -1.14833e-08 -1.59817e-23  1.26713e-08  9.29921e-24 -1.27562e-12   2.2489e-25
-5.05409e-12 -2.09418e-23  1.61137e-10  6.46598e-23 -2.04441e-09 -9.42347e-23  1.59262e-08 -2.77374e-22 -8.77462e-08  1.93825e-21  3.66425e-07 -6.78262e-21 -1.20572e-06  1.88814e-20  3.19603e-06 -4.55488e-20 -6.89653e-06  9.54749e-20  1.21147e-05 -1.72595e-19 -1.70979e-05  2.69546e-19  1.86828e-05 -3.65674e-19 -1.42644e-05  4.30862e-19  4.66588e-06  -4.3516e-19  5.02507e-06   3.6435e-19 -8.80989e-06  -2.3423e-19  5.13362e-06  9.02189e-20  1.37461e-06  1.47079e-20  -4.4538e-06 -5.32401e-20  2.42561e-06  3.94037e-20  1.02587e-06 -1.02909e-20 -1.98906e-06 -6.28457e-21   5.4257e-07  6.81442e-21  7.16952e-07 -1.91763e-21 -5.58434e-07 -5.39192e-22 -8.06734e-08  4.49884e-22  2.27885e-07 -9.17575e-23  -3.8054e-08  7.31139e-23 -4.64692e-08 -6.01263e-23  1.35003e-08  9.66743e-24  2.38245e-09
 2.31248e-23 -8.29834e-11 -9.30184e-23  1.50886e-09  2.66415e-22 -1.46189e-08 -2.77374e-22  9.46754e-08  -5.8005e-22 -4.51295e-07  2.87879e-21  1.66689e-06 -7.16975e-21 -4.91331e-06  1.55464e-20  1.17431e-05 -3.32365e-20 -2.28794e-05  6.65503e-20  3.61226e-05 -1.19726e-19 -4.51698e-05  1.94628e-19   4.2121e-05 -2.87818e-19  -2.4038e-05  3.78983e-19  -1.5133e-06 -4.25397e-19  1.93941e-05    3.838e-19 -1.89563e-05 -2.50642e-19  4.41562e-06  8.19754e-20  8.82962e-06  4.05121e-20 -9.67043e-06 -7.47767e-20  1.43556e-06  4.52065e-20  4.69028e-06 -6.14267e-21 -3.50303e-06 -9.92333e-21  -5.7698e-07  6.76689e-21  1.93037e-06 -1.03599e-21 -5.48027e-07 -3.94233e-22 -5.45631e-07  4.00499e-23   3.4981e-07 -1.08689e-22  5.97784e-08  2.24329e-22 -8.23368e-08 -9.23622e-23  3.34637e-09  2.84759e-24
  2.7842e-11  1.13622e-22  -8.8771e-10 -3.86473e-22  1.12632e-08  8.40682e-22 -8.77462e-08  -5.8005e-22  4.83468e-07 -6.86798e-22 -2.01908e-06  4.85571e-22  6.64434e-06  6.49833e-21  -1.7614e-05 -2.44707e-20  3.80129e-05  5.33757e-20 -6.67844e-05 -8.72707e-20  9.42678e-05  1.05886e-19 -0.000103011 -6.86272e-20  7.86158e-05  -5.9206e-20 -2.55779e-05  2.52711e-19 -2.80397e-05 -4.11352e-19  4.90487e-05  4.24315e-19 -2.87099e-05  -2.7174e-19 -7.49874e-06  5.76188e-20  2.48554e-05  8.16159e-20 -1.37901e-05 -9.72398e-20 -5.48671e-06  4.40903e-20  1.11453e-05  1.00628e-21 -3.26683e-06 -1.08262e-20 -3.87087e-06  3.97046e-21  3.19976e-06 -2.24321e-22  3.24761e-07  6.51589e-22 -1.25533e-06 -4.47344e-22  2.62918e-07 -3.80085e-22  2.35213e-07  4.04501e-22 -8.24711e-08 -8.24365e-23 -8.47422e-09
-1.07049e-22  3.95537e-10   4.4352e-22 -7.19191e-09 -1.34264e-21  6.96818e-08  1.93825e-21 -4.51295e-07 -6.86798e-22  2.15138e-06  6.16027e-22 -7.94728e-06 -1.32596e-20  2.34296e-05  5.55113e-20 -5.60129e-05 -1.40609e-19  0.000109171   2.7339e-19 -0.000172451 -4.35891e-19    0.0002158  5.57019e-19 -0.000201449 -5.18808e-19  0.000115174  2.52085e-19  7.13484e-06  1.52839e-19   -9.318e-05 -4.67214e-19  9.16641e-05  4.98441e-19 -2.21037e-05  -2.6865e-19 -4.20694e-05 -6.36174e-21  4.70646e-05  1.34912e-19 -7.84903e-06 -1.04958e-19 -2.22213e-05  2.79898e-20  1.73542e-05   8.7741e-21  2.15803e-06 -5.62309e-21 -9.23001e-06 -1.02306e-21  2.98588e-06 -9.95262e-22  2.41325e-06   2.5796e-21 -1.75532e-06 -5.05295e-22 -1.73852e-07 -9.04873e-22  3.82742e-07  4.86531e-22 -3.66654e-08 -3.96492e-23
-1.16277e-10 -4.65682e-22  3.70711e-09  1.61607e-21 -4.70342e-08 -3.56916e-21  3.66425e-07  2.87879e-21 -2.01908e-06  6.16027e-22  8.43332e-06   6.2374e-21 -2.77586e-05 -5.20396e-20  7.36135e-05  1.66837e-19 -0.000158949 -3.71832e-19  0.000279471  6.71992e-19 -0.000394932 -1.00886e-18  0.000432339  1.20637e-18 -0.000331053 -1.04587e-18  0.000109079  4.86706e-19   0.00011676  2.04896e-19 -0.000207041 -6.17022e-19  0.000123391  5.41559e-19  2.91306e-05 -1.68655e-19 -0.000104613 -1.31503e-19  6.03623e-05  1.80616e-19  2.10016e-05 -7.82814e-20 -4.70852e-05 -3.06183e-21  1.54487e-05  9.02638e-21  1.52762e-05  7.55972e-21 -1.39277e-05 -5.14027e-21  -5.3872e-07 -4.57441e-21  5.11977e-06  4.46932e-21 -1.39737e-06  2.47839e-22 -8.30296e-07 -1.40333e-21  3.77539e-07  3.95728e-22  9.56556e-09
 3.89056e-22 -1.46112e-09 -1.62945e-21  2.65642e-08  4.92365e-21 -2.57367e-07 -6.78262e-21  1.66689e-06  4.85571e-22 -7.94728e-06   6.2374e-21  2.93647e-05   2.0844e-20 -8.66064e-05 -1.29798e-19  0.000207179  3.56779e-19 -0.000404181 -7.30742e-19  0.000639361  1.24677e-18  -0.00080184 -1.75108e-18  0.000751397      1.9e-18 -0.000433649 -1.41073e-18 -2.08333e-05  4.20293e-19  0.000344933  5.01004e-19 -0.000345599 -7.92008e-19  8.98896e-05  4.24482e-19  0.000152472  9.49381e-20 -0.000178116 -3.00137e-19   3.5515e-05  1.78575e-19  7.97998e-05  -6.3969e-21 -6.71356e-05 -3.48525e-20 -4.22907e-06 -8.11667e-21  3.36124e-05   2.5682e-20 -1.29343e-05 -4.20363e-21 -7.67381e-06  -1.0287e-20  6.79229e-06  4.93833e-21  4.42782e-08  1.56686e-21 -1.31299e-06 -1.51217e-21  2.25836e-07  2.00827e-22
 3.82747e-10  1.52422e-21 -1.22002e-08 -5.32781e-21  1.54772e-07  1.14783e-20 -1.20572e-06 -7.16975e-21  6.64434e-06 -1.32596e-20 -2.77586e-05   2.0844e-20  9.14074e-05  4.84198e-20 -0.000242572 -2.48152e-19  0.000524322  6.13699e-19 -0.000923348 -1.19343e-18   0.00130801  1.94201e-18   -0.0014377  -2.5119e-18   0.00110985  2.35763e-18  -0.00037851 -1.28769e-18 -0.000375281 -1.52725e-19  0.000688958  1.01948e-18 -0.000425081 -8.17557e-19 -8.03884e-05  1.32772e-20  0.000344557  5.18689e-19 -0.000212033 -4.37693e-19 -5.73747e-05  8.50501e-20  0.000155478  9.89647e-20 -5.95053e-05 -4.37886e-20  -4.4802e-05 -4.49957e-20  4.77446e-05  4.01215e-20 -2.25612e-06  3.80712e-21 -1.58297e-05 -1.54079e-20  5.84213e-06    3.408e-21  1.94797e-06  2.61783e-21 -1.31886e-06 -1.14495e-21  7.13002e-08
 -1.1503e-21  4.30831e-09  4.84878e-21 -7.83098e-08 -1.45893e-20  7.58606e-07  1.88814e-20 -4.91331e-06  6.49833e-21  2.34296e-05 -5.20396e-20 -8.66064e-05  4.84198e-20  0.000255612  8.77047e-20 -0.000612154 -3.89896e-19   0.00119626  9.13305e-19  -0.00189724 -1.74333e-18   0.00238922  2.69345e-18  -0.00225556 -3.07998e-18   0.00132647  2.23452e-18  2.43815e-05 -3.78455e-19  -0.00101113 -1.28328e-18   0.00104805  1.54807e-18 -0.000306641  -4.4898e-19 -0.000429127 -7.49249e-19  0.000539976  9.98012e-19 -0.000135019 -4.40808e-19 -0.000221022  -1.1245e-19  0.000208779  1.99164e-19 -4.68996e-06 -1.13862e-20 -9.49637e-05 -9.06471e-20  4.55112e-05   4.1754e-20  1.67504e-05  1.62676e-20 -2.06468e-05 -1.71303e-20  2.27843e-06  8.26538e-22  3.26835e-06   2.7092e-21 -9.39267e-07 -5.62241e-22
 -1.0153e-09 -4.10254e-21  3.23508e-08  1.44362e-20 -4.10296e-07 -3.06683e-20  3.19603e-06  1.55464e-20  -1.7614e-05  5.55113e-20  7.36135e-05 -1.29798e-19 -0.000242572  8.77047e-20  0.000644453  1.31196e-19  -0.00139544 -5.41774e-19   0.00246401  1.28776e-18  -0.00350508  -2.4499e-18    0.0038796   3.4654e-18  -0.00303771 -3.20689e-18   0.00109942  1.19951e-18  0.000942122  1.45212e-18  -0.00184731 -2.75208e-18   0.00120441  1.69737e-18  0.000141374   5.1026e-19 -0.000904329  -1.7679e-18  0.000612295  1.35184e-18  0.000100787 -2.38574e-19 -0.000407789 -3.69882e-19  0.000189831  2.44699e-19  9.46412e-05  6.03501e-20 -0.000130905 -1.25539e-19  2.11562e-05  2.82012e-20  3.66773e-05   2.7326e-20 -1.93177e-05 -1.49702e-20 -2.09163e-06 -1.13085e-21  3.45452e-06  1.92475e-21 -4.79885e-07
 2.82825e-21 -1.03043e-08 -1.19646e-20  1.87216e-07  3.60767e-20 -1.81316e-06 -4.55488e-20  1.17431e-05 -2.44707e-20 -5.60129e-05  1.66837e-19  0.000207179 -2.48152e-19 -0.000612154  1.31196e-19   0.00146863  1.75356e-19  -0.00287781 -7.53009e-19   0.00458326   1.9058e-18  -0.00581059 -3.48009e-18   0.00555215  4.18753e-18  -0.00336607 -2.58402e-18  0.000100895 -9.84732e-19   0.00237499  4.05375e-18  -0.00260236 -4.05577e-18  0.000890783  1.06149e-18  0.000935625  2.04487e-18  -0.00133137 -2.77972e-18  0.000431576  1.40177e-18  0.000467289  1.53201e-19 -0.000528875 -5.99507e-19  7.21071e-05  2.07131e-19  0.000206489  1.45333e-19 -0.000130727  -1.3396e-19 -1.85971e-05  5.62411e-21   4.8947e-05  3.26951e-20  -1.2867e-05 -1.10937e-20  -5.2082e-06 -1.54564e-21  2.73543e-06  8.49646e-22
 2.19371e-09  9.23646e-21  -6.9853e-08  -3.2716e-20  8.85527e-07  6.95372e-20 -6.89653e-06 -3.32365e-20  3.80129e-05 -1.40609e-19 -0.000158949  3.56779e-19  0.000524322 -3.89896e-19  -0.00139544  1.75356e-19   0.00302986  2.43036e-19  -0.00537246 -1.19414e-18   0.00769248    3.063e-18  -0.00860797 -4.95726e-18   0.00689018  4.61744e-18  -0.00271865 -8.62679e-19  -0.00182542 -4.32039e-18   0.00402906  6.90356e-18  -0.00284814 -4.54991e-18 -5.26234e-05 -5.30622e-19   0.00189534  3.84501e-18   -0.0014706 -3.45002e-18  -4.3142e-05  1.07499e-18  0.000847249  6.23622e-19 -0.000503131 -7.17579e-19 -0.000121251  1.00816e-19  0.000285772  2.08397e-19  -9.0442e-05  -1.1387e-19 -5.85764e-05 -1.69215e-20  4.99627e-05  3.28855e-20  -4.8842e-06 -8.18803e-21 -6.20729e-06 -7.89116e-22   1.5589e-06
-5.86441e-21  2.01008e-08  2.47852e-20 -3.64943e-07 -7.52755e-20  3.53289e-06  9.54749e-20 -2.28794e-05  5.33757e-20  0.000109171 -3.71832e-19 -0.000404181  6.13699e-19   0.00119626 -5.41774e-19  -0.00287781  2.43036e-19   0.00566282  4.05358e-19  -0.00907698 -2.14319e-18    0.0116266  5.00914e-18   -0.0113151 -6.72948e-18   0.00717365  4.30108e-18 -0.000717142  2.17136e-18   -0.0044544 -8.38818e-18   0.00533001  9.16363e-18  -0.00221049 -3.75681e-18  -0.00151868 -2.82912e-18   0.00267564  5.40553e-18  -0.00115319 -3.54667e-18 -0.000706793   4.6289e-19   0.00108906  1.01814e-18 -0.000312997 -6.91597e-19 -0.000326249 -2.80012e-20   0.00030347  2.29084e-19 -2.61712e-05 -7.66478e-20 -8.59723e-05 -3.39411e-20  4.23203e-05  3.11752e-20  1.47849e-06 -6.94747e-21 -5.26378e-06   1.2083e-22
-3.86199e-09 -1.75703e-20  1.22843e-07  6.25235e-20 -1.55611e-06 -1.34272e-19  1.21147e-05  6.65503e-20 -6.67844e-05   2.7339e-19  0.000279471 -7.30742e-19 -0.000923348  9.13305e-19   0.00246401 -7.53009e-19  -0.00537246  4.05358e-19   0.00958753  7.75744e-19    -0.013865 -3.84181e-18    0.0157727  7.67375e-18   -0.0130407 -8.26038e-18   0.00576721  2.77097e-18   0.00257147  6.32607e-18  -0.00712564 -1.23031e-17   0.00565006   1.0007e-17 -0.000622181 -1.70606e-18  -0.00310965 -5.20282e-18   0.00293731  6.26958e-18 -0.000403556 -3.06962e-18  -0.00134947 -2.24418e-19   0.00109795   1.2238e-18  -1.7953e-05 -5.53069e-19 -0.000478777 -1.35139e-19  0.000262516  2.13517e-19  3.93292e-05   -3.833e-20 -9.69984e-05 -4.45579e-20  3.09996e-05  2.94558e-20  4.70784e-06 -6.30043e-21 -2.95063e-06
 1.03439e-20  -3.1803e-08 -4.33743e-20  5.76717e-07  1.33177e-19 -5.57886e-06 -1.72595e-19  3.61226e-05 -8.72707e-20 -0.000172451  6.71992e-19  0.000639361 -1.19343e-18  -0.00189724  1.28776e-18   0.00458326 -1.19414e-18  -0.00907698  7.75744e-19    0.0146935  1.45333e-18   -0.0191157 -6.26846e-18    0.0191154  1.05113e-17   -0.0129003 -8.83723e-18   0.00251193 -9.12051e-20   0.00649084  1.08588e-17  -0.00897039 -1.49954e-17   0.00465854  9.10128e-18   0.00156204  9.70611e-19  -0.00431715 -6.93939e-18    0.0025488  6.26244e-18  0.000560185 -2.23521e-18   -0.0017784  -7.8588e-19  0.000888456  1.23013e-18  0.000288932 -3.70874e-19 -0.000550867 -2.03904e-19  0.000187471  1.84822e-19  9.08766e-05 -1.04531e-20 -9.45878e-05 -4.89929e-20  2.01366e-05   2.6117e-20  4.47074e-06 -4.26867e-21
 5.47105e-09  2.83852e-20  -1.7371e-07 -1.01122e-19  2.19763e-06  2.21304e-19 -1.70979e-05 -1.19726e-19  9.42678e-05 -4.35891e-19 -0.000394932  1.24677e-18   0.00130801 -1.74333e-18  -0.00350508   1.9058e-18   0.00769248 -2.14319e-18    -0.013865  1.45333e-18    0.0203595  2.43489e-18   -0.0237419 -9.00299e-18    0.0205679  1.26909e-17   -0.0104857 -8.03185e-18  -0.00202929 -3.80606e-18   0.00999373  1.46696e-17   -0.0093494 -1.57502e-17   0.00255527  6.88235e-18   0.00372115   3.3571e-18  -0.00480387 -7.63637e-18   0.00165818  5.56512e-18   0.00146202 -1.33561e-18  -0.00192224 -1.13854e-18  0.000554247  1.11916e-18  0.000539546 -2.07562e-19 -0.000552086 -2.44499e-19    0.0001035  1.64192e-19  0.000123261  2.98586e-21 -8.35882e-05 -4.65047e-20  1.25875e-05  2.00426e-20  1.98893e-06
-1.55891e-20  3.99229e-08  6.42153e-20 -7.22449e-07 -2.00192e-19  6.97916e-06  2.69546e-19 -4.51698e-05  1.05886e-19    0.0002158 -1.00886e-18  -0.00080184  1.94201e-18   0.00238922  -2.4499e-18  -0.00581059    3.063e-18    0.0116266 -3.84181e-18   -0.0191157  2.43489e-18    0.0254753  3.56153e-18   -0.0265279 -1.13551e-17    0.0195017  1.35885e-17  -0.00620932 -6.05192e-18  -0.00671889 -7.42889e-18    0.0121457  1.68283e-17  -0.00821794 -1.46647e-17 -2.33752e-05  4.34283e-18   0.00531372  4.78722e-18  -0.00457068 -7.40493e-18  0.000570719  4.58485e-18   0.00212686  -5.8476e-19  -0.00183302  -1.3268e-18  0.000192683  9.94929e-19  0.000712043 -8.89675e-20 -0.000506099   -2.756e-19   2.6904e-05  1.58448e-19  0.000136602  4.09495e-21 -6.91931e-05 -3.63979e-20  8.94071e-06  9.71549e-21
-6.02069e-09 -3.89697e-20  1.90528e-07  1.38274e-19 -2.40453e-06 -3.12004e-19  1.86828e-05  1.94628e-19 -0.000103011  5.57019e-19  0.000432339 -1.75108e-18   -0.0014377  2.69345e-18    0.0038796 -3.48009e-18  -0.00860797  5.00914e-18    0.0157727 -6.26846e-18   -0.0237419  3.56153e-18    0.0287814  4.56231e-18   -0.0266958 -1.27473e-17    0.0161712  1.32153e-17  -0.00121863 -3.65415e-18   -0.0103882 -1.00425e-17    0.0126188  1.71244e-17  -0.00612449 -1.26506e-17  -0.00238698  2.45905e-18   0.00615042  5.18122e-18  -0.00387778 -6.73585e-18 -0.000455247  3.71286e-18   0.00253071 -4.79499e-20  -0.00160613 -1.44484e-18 -0.000140523  9.12003e-19   0.00081172  -3.4994e-21 -0.000434203 -3.08779e-19 -3.24897e-05  1.63607e-19  0.000134435 -4.47669e-21 -5.51798e-05 -2.15654e-20  6.22539e-06
  2.0085e-20 -3.75351e-08 -8.00986e-20  6.76369e-07    2.552e-19 -6.51538e-06 -3.65674e-19   4.2121e-05 -6.86272e-20 -0.000201449  1.20637e-18  0.000751397  -2.5119e-18  -0.00225556   3.4654e-18   0.00555215 -4.95726e-18   -0.0113151  7.67375e-18    0.0191154 -9.00299e-18   -0.0265279  4.56231e-18    0.0294472  5.19879e-18   -0.0243831 -1.31125e-17    0.0116866  1.22227e-17   0.00316407 -1.68938e-18   -0.0124434 -1.12524e-17    0.0118004  1.62037e-17  -0.00382356 -1.09067e-17  -0.00416408  1.67732e-18   0.00638432  4.95814e-18  -0.00301448  -6.1466e-18  -0.00131422  3.13311e-18   0.00273095  3.23947e-19  -0.00131273  -1.5495e-18 -0.000422622  8.57183e-19  0.000850281  7.17734e-20 -0.000354608 -3.39022e-19  -7.0507e-05  1.65925e-19  0.000121963 -1.32502e-20 -4.04682e-05 -5.02858e-21
 4.67458e-09  4.52689e-20 -1.46808e-07 -1.58675e-19  1.84213e-06  3.75722e-19 -1.42644e-05 -2.87818e-19  7.86158e-05 -5.18808e-19 -0.000331053      1.9e-18   0.00110985 -3.07998e-18  -0.00303771  4.18753e-18   0.00689018 -6.72948e-18   -0.0130407  1.05113e-17    0.0205679 -1.13551e-17   -0.0266958  5.19879e-18    0.0275675  5.43383e-18   -0.0206566 -1.29813e-17   0.00745236  1.14777e-17   0.00613498 -6.66432e-19    -0.013086 -1.13042e-17    0.0104292  1.51256e-17  -0.00181901 -1.02142e-17  -0.00537633  1.79752e-18   0.00627723   4.6626e-18  -0.00213955 -5.88331e-18   -0.0020071   2.7989e-18   0.00278338  6.04585e-19 -0.000995253 -1.62726e-18 -0.000642468  7.82209e-19  0.000843193  1.54121e-19 -0.000281281 -3.64387e-19   -8.875e-05   1.6865e-19  0.000100204 -2.61454e-20 -2.19199e-05
-2.20447e-20  2.19767e-08  8.31549e-20 -3.91083e-07 -2.73436e-19  3.73388e-06  4.30862e-19  -2.4038e-05  -5.9206e-20  0.000115174 -1.04587e-18 -0.000433649  2.35763e-18   0.00132647 -3.20689e-18  -0.00336607  4.61744e-18   0.00717365 -8.26038e-18   -0.0129003  1.26909e-17    0.0195017 -1.27473e-17   -0.0243831  5.43383e-18     0.024191  5.48631e-18   -0.0169551 -1.31298e-17   0.00441295  1.15478e-17   0.00772832 -6.31652e-19   -0.0129895 -1.07766e-17   0.00907753  1.46682e-17 -0.000203715  -1.0571e-17  -0.00622122  2.25864e-18   0.00599583  4.61611e-18  -0.00129756 -5.86613e-18  -0.00255084  2.55419e-18   0.00272562   8.2891e-19 -0.000687123  -1.6326e-18 -0.000798573  6.57365e-19  0.000807462  2.39565e-19 -0.000219926 -3.68591e-19 -8.72921e-05  1.47627e-19  6.65892e-05 -2.19448e-20
-1.66596e-09 -4.40088e-20  5.04315e-08  1.50006e-19 -6.14332e-07 -3.82749e-19  4.66588e-06  3.78983e-19 -2.55779e-05  2.52085e-19  0.000109079 -1.41073e-18  -0.00037851  2.23452e-18   0.00109942 -2.58402e-18  -0.00271865  4.30108e-18   0.00576721 -8.83723e-18   -0.0104857  1.35885e-17    0.0161712 -1.31125e-17   -0.0206566  5.48631e-18    0.0207646  5.68495e-18      -0.0143 -1.40327e-17   0.00265767  1.24629e-17   0.00853934 -1.34684e-18   -0.0127425 -1.01461e-17   0.00791216  1.49214e-17   0.00115222 -1.13876e-17  -0.00683649  2.55276e-18   0.00559746  4.81157e-18 -0.000510415 -5.85487e-18  -0.00295346   2.2657e-18    0.0025958  1.01051e-18 -0.000411856 -1.55863e-18 -0.000898498  4.92398e-19  0.000752772   3.2776e-19 -0.000174825 -3.72142e-19 -6.18362e-05   1.4252e-19  2.77861e-05
  2.0437e-20  2.95119e-10 -6.99521e-20 -1.42869e-08  2.40922e-19   2.0052e-07  -4.3516e-19  -1.5133e-06  2.52711e-19  7.13484e-06  4.86706e-19 -2.08333e-05 -1.28769e-18  2.43815e-05  1.19951e-18  0.000100895 -8.62679e-19 -0.000717142  2.77097e-18   0.00251193 -8.03185e-18  -0.00620932  1.32153e-17    0.0116866 -1.29813e-17   -0.0169551  5.68495e-18    0.0183341  6.21743e-18   -0.0128532 -1.55685e-17   0.00165654  1.38751e-17   0.00914593 -2.54216e-18   -0.0125457 -9.55544e-18   0.00684915  1.54302e-17   0.00234561  -1.1992e-17   -0.0072591  2.45757e-18   0.00512025  5.06783e-18  0.000192599 -5.66758e-18  -0.00323444  1.86762e-18   0.00242872  1.18753e-18 -0.000178818   -1.448e-18 -0.000945938  3.11814e-19  0.000685969  3.96199e-19  -0.00015579 -3.19659e-19 -1.99316e-05  6.21578e-20
-1.42488e-09  3.50427e-20  4.77269e-08 -1.12036e-19 -6.28704e-07  3.21746e-19  5.02507e-06 -4.25397e-19 -2.80397e-05  1.52839e-19   0.00011676  4.20293e-19 -0.000375281 -3.78455e-19  0.000942122 -9.84732e-19  -0.00182542  2.17136e-18   0.00257147 -9.12051e-20  -0.00202929 -6.05192e-18  -0.00121863  1.22227e-17   0.00745236 -1.31298e-17      -0.0143  6.21743e-18     0.017085  6.99311e-18   -0.0121254 -1.72018e-17  0.000848931  1.54144e-17   0.00975591 -4.03206e-18   -0.0123329 -8.91315e-18   0.00582155  1.56827e-17   0.00337739 -1.20126e-17  -0.00751436  1.97896e-18   0.00461684  5.26821e-18  0.000800151 -5.26621e-18     -0.00342  1.30364e-18    0.0022445  1.46583e-18  1.78321e-06  -1.4034e-18 -0.000941793  1.90729e-19  0.000622683  4.01312e-19 -0.000159504 -2.66224e-19  9.35543e-06
-1.57578e-20 -1.61713e-08   4.4861e-20  3.00187e-07 -1.65914e-19 -2.95737e-06   3.6435e-19  1.93941e-05 -4.11352e-19   -9.318e-05  2.04896e-19  0.000344933 -1.52725e-19  -0.00101113  1.45212e-18   0.00237499 -4.32039e-18   -0.0044544  6.32607e-18   0.00649084 -3.80606e-18  -0.00671889 -3.65415e-18   0.00316407  1.14777e-17   0.00441295 -1.40327e-17   -0.0128532  6.99311e-18    0.0165413  7.73303e-18   -0.0115684 -1.84463e-17  3.00577e-05  1.69145e-17    0.0103017 -5.64261e-18    -0.012047 -8.19587e-18   0.00485947  1.55112e-17   0.00424251  -1.1419e-17  -0.00765415  1.15543e-18    0.0041223  5.46381e-18   0.00131641 -4.71292e-18  -0.00352446  5.78245e-19   0.00206381  1.80204e-18   0.00011624 -1.30543e-18 -0.000901397  1.19867e-20  0.000567931  3.83175e-19 -0.000150038 -7.45235e-20
  2.7053e-09  -2.1918e-20 -8.72579e-08  5.91042e-20  1.11913e-06 -2.10354e-19 -8.80989e-06    3.838e-19  4.90487e-05 -4.67214e-19 -0.000207041  5.01004e-19  0.000688958 -1.28328e-18  -0.00184731  4.05375e-18   0.00402906 -8.38818e-18  -0.00712564  1.08588e-17   0.00999373 -7.42889e-18   -0.0103882 -1.68938e-18   0.00613498  1.15478e-17   0.00265767 -1.55685e-17   -0.0121254  7.73303e-18    0.0161591   8.1962e-18   -0.0109813 -1.92127e-17 -0.000723524  1.83595e-17    0.0107201 -7.07701e-18   -0.0117332 -7.65695e-18   0.00399802  1.51104e-17   0.00497425 -1.03334e-17  -0.00771806 -8.22867e-21   0.00365154  5.70061e-18    0.0017362 -3.96337e-18  -0.00356467 -3.90142e-19   0.00191456  2.31049e-18  0.000171427 -1.41247e-18 -0.000837297  1.55973e-19  0.000484271  1.42346e-19  -9.3524e-05
 9.84065e-21  1.63035e-08 -1.81978e-20 -2.97463e-07    7.701e-20  2.89928e-06  -2.3423e-19 -1.89563e-05  4.24315e-19  9.16641e-05 -6.17022e-19 -0.000345599  1.01948e-18   0.00104805 -2.75208e-18  -0.00260236  6.90356e-18   0.00533001 -1.23031e-17  -0.00897039  1.46696e-17    0.0121457 -1.00425e-17   -0.0124434 -6.66432e-19   0.00772832  1.24629e-17   0.00165654 -1.72018e-17   -0.0115684   8.1962e-18     0.015739  8.36027e-18   -0.0104484 -1.97909e-17    -0.001337  1.96897e-17    0.0110572 -7.90352e-18   -0.0114449 -7.70203e-18   0.00322557  1.47176e-17   0.00560008 -8.84086e-18  -0.00772442  -1.4744e-18   0.00322895  5.93706e-18   0.00205864 -3.10288e-18  -0.00357175 -1.21498e-18    0.0018002  2.38117e-18  0.000183665 -1.00833e-18  -0.00071363 -1.30968e-19  0.000327736   5.6203e-20
-1.64697e-09  9.81314e-21  5.19568e-08 -1.22833e-20 -6.56336e-07  8.90077e-20  5.13362e-06 -2.50642e-19 -2.87099e-05  4.98441e-19  0.000123391 -7.92008e-19 -0.000425081  1.54807e-18   0.00120441 -4.05577e-18  -0.00284814  9.16363e-18   0.00565006 -1.49954e-17   -0.0093494  1.68283e-17    0.0126188 -1.12524e-17    -0.013086 -6.31652e-19   0.00853934  1.38751e-17  0.000848931 -1.84463e-17   -0.0109813  8.36027e-18    0.0153682  8.42311e-18   -0.0100541 -2.05221e-17  -0.00184999  2.06875e-17    0.0113714 -7.73005e-18   -0.0111838 -8.52398e-18   0.00253132  1.43206e-17   0.00612641 -7.00782e-18   -0.0077039 -3.00511e-18   0.00287519  5.91278e-18   0.00230585 -2.02386e-18  -0.00355235 -2.12024e-18   0.00170068  2.80525e-18  0.000119407 -1.49831e-18 -0.000477751  5.95534e-19  0.000134801
-4.74964e-21 -4.13087e-09 -1.68013e-22  7.15718e-08 -7.01445e-21 -6.76506e-07  9.02189e-20  4.41562e-06  -2.7174e-19 -2.21037e-05  5.41559e-19  8.98896e-05 -8.17557e-19 -0.000306641  1.69737e-18  0.000890783 -4.54991e-18  -0.00221049   1.0007e-17   0.00465854 -1.57502e-17  -0.00821794  1.71244e-17    0.0118004 -1.13042e-17   -0.0129895 -1.34684e-18   0.00914593  1.54144e-17  3.00577e-05 -1.92127e-17   -0.0104484  8.42311e-18    0.0151346  8.62273e-18  -0.00976511 -2.14594e-17  -0.00231855  2.10362e-17    0.0116673 -6.44902e-18   -0.0109497 -9.85998e-18   0.00192608  1.36746e-17   0.00657568 -4.96733e-18  -0.00768667  -4.3201e-18   0.00257977  5.64699e-18   0.00247887 -1.24222e-18  -0.00347625 -2.19412e-18   0.00164437  2.04815e-18 -8.36136e-05 -4.42714e-19 -0.000179699 -2.13182e-19
-3.45838e-10 -2.32737e-21  1.24199e-08 -1.35354e-20 -1.70176e-07  4.77271e-22  1.37461e-06  8.19754e-20 -7.49874e-06  -2.6865e-19  2.91306e-05  4.24482e-19 -8.03884e-05  -4.4898e-19  0.000141374  1.06149e-18 -5.26234e-05 -3.75681e-18 -0.000622181  9.10128e-18   0.00255527 -1.46647e-17  -0.00612449  1.62037e-17    0.0104292 -1.07766e-17   -0.0127425 -2.54216e-18   0.00975591  1.69145e-17 -0.000723524 -1.97909e-17   -0.0100541  8.62273e-18    0.0150075  9.02844e-18  -0.00952934 -2.23059e-17  -0.00274347  2.04949e-17    0.0119459 -4.33859e-18   -0.0107655 -1.11499e-17   0.00140144  1.25801e-17   0.00697483 -2.87368e-18  -0.00766526 -5.44816e-18    0.0023477  5.58998e-18   0.00253029 -1.06691e-18  -0.00335921 -2.12479e-18   0.00170374  2.38502e-18 -0.000365602 -1.65496e-18  1.56536e-05
 1.61856e-21 -7.19256e-09  6.70832e-21  1.35438e-07 -2.59999e-20 -1.34522e-06  1.47079e-20  8.82962e-06  5.76188e-20 -4.20694e-05 -1.68655e-19  0.000152472  1.32772e-20 -0.000429127   5.1026e-19  0.000935625 -5.30622e-19  -0.00151868 -1.70606e-18   0.00156204  6.88235e-18 -2.33752e-05 -1.26506e-17  -0.00382356  1.51256e-17   0.00907753 -1.01461e-17   -0.0125457 -4.03206e-18    0.0103017  1.83595e-17    -0.001337 -2.05221e-17  -0.00976511  9.02844e-18    0.0149363  9.49832e-18  -0.00935061  -2.2666e-17  -0.00312135  1.90757e-17    0.0122336 -1.92619e-18   -0.0106329 -1.19904e-17  0.000939197  1.13042e-17   0.00730831 -1.38827e-18   -0.0076413 -5.55307e-18   0.00224239  4.54493e-18   0.00245648  3.67705e-20  -0.00328214 -2.44105e-18   0.00181741  1.38376e-18 -0.000500082  7.26292e-19
 1.32854e-09 -2.68141e-22 -4.34005e-08  1.74336e-20  5.62128e-07 -3.79248e-20  -4.4538e-06  4.05121e-20  2.48554e-05 -6.36174e-21 -0.000104613  9.49381e-20  0.000344557 -7.49249e-19 -0.000904329  2.04487e-18   0.00189534 -2.82912e-18  -0.00310965  9.70611e-19   0.00372115  4.34283e-18  -0.00238698 -1.09067e-17  -0.00181901  1.46682e-17   0.00791216 -9.55544e-18   -0.0123329 -5.64261e-18    0.0107201  1.96897e-17  -0.00184999 -2.14594e-17  -0.00952934  9.49832e-18    0.0149268  9.81989e-18  -0.00923744 -2.23405e-17  -0.00347601  1.70734e-17    0.0125344  2.05485e-19    -0.010539 -1.20214e-17  0.000567023  9.35038e-18    0.0075634   1.1438e-18  -0.00768375 -8.09548e-18   0.00228579  7.67695e-18   0.00234588 -3.79175e-18  -0.00319235  8.79998e-19   0.00170504  5.91855e-19  -0.00034097
-3.19275e-22  8.07455e-09 -4.91345e-21 -1.48995e-07   2.6281e-20   1.4667e-06 -5.32401e-20 -9.67043e-06  8.16159e-20  4.70646e-05 -1.31503e-19 -0.000178116  5.18689e-19  0.000539976  -1.7679e-18  -0.00133137  3.84501e-18   0.00267564 -5.20282e-18  -0.00431715   3.3571e-18   0.00531372  2.45905e-18  -0.00416408 -1.02142e-17 -0.000203715  1.49214e-17   0.00684915 -8.91315e-18    -0.012047 -7.07701e-18    0.0110572  2.06875e-17  -0.00231855 -2.23059e-17  -0.00935061  9.81989e-18    0.0149898   9.8777e-18  -0.00916999 -2.14029e-17  -0.00380816  1.48115e-17    0.0128336   2.0447e-18   -0.0105188 -1.22493e-17  0.000315209  9.14106e-18   0.00780351 -3.11375e-19  -0.00782387 -3.67177e-18   0.00237683  5.07293e-19   0.00216749  4.28568e-18   -0.0027718 -4.69859e-18    0.0011688 -1.06533e-19
-7.48402e-10  1.25476e-22  2.38869e-08 -9.50356e-21  -3.0565e-07   3.2963e-20  2.42561e-06 -7.47767e-20 -1.37901e-05  1.34912e-19  6.03623e-05 -3.00137e-19 -0.000212033  9.98012e-19  0.000612295 -2.77972e-18   -0.0014706  5.40553e-18   0.00293731 -6.93939e-18  -0.00480387  4.78722e-18   0.00615042  1.67732e-18  -0.00537633  -1.0571e-17   0.00115222  1.54302e-17   0.00582155 -8.19587e-18   -0.0117332 -7.90352e-18    0.0113714  2.10362e-17  -0.00274347  -2.2666e-17  -0.00923744   9.8777e-18    0.0151069  9.69161e-18  -0.00915179 -2.01284e-17  -0.00409659  1.28511e-17    0.0131657  2.65559e-18   -0.0106143 -1.03009e-17  0.000128847  4.59429e-18    0.0080607  6.94788e-18  -0.00793859 -1.46941e-17   0.00250803  1.58191e-17   0.00158793 -1.29229e-17  -0.00178457  7.79714e-18  0.000452514
 3.21784e-23 -1.24124e-09  9.44232e-22  2.14482e-08 -1.20645e-20 -2.07672e-07  3.94037e-20  1.43556e-06 -9.72398e-20 -7.84903e-06  1.80616e-19   3.5515e-05 -4.37693e-19 -0.000135019  1.35184e-18  0.000431576 -3.45002e-18  -0.00115319  6.26958e-18    0.0025488 -7.63637e-18  -0.00457068  5.18122e-18   0.00638432  1.79752e-18  -0.00622122 -1.13876e-17   0.00234561  1.56827e-17   0.00485947 -7.65695e-18   -0.0114449 -7.73005e-18    0.0116673  2.04949e-17  -0.00312135 -2.23405e-17  -0.00916999  9.69161e-18    0.0152837  9.27005e-18  -0.00921028 -1.84456e-17  -0.00437019  1.05218e-17    0.0135752  4.53299e-18   -0.0107731 -1.25838e-17 -2.55381e-05  1.02443e-17   0.00818592 -5.73579e-18  -0.00796696  6.95251e-18   0.00300378 -1.29659e-17   0.00035133  1.53694e-17   -0.0005783 -6.96255e-18
 -2.8891e-10  4.57313e-22  9.86532e-09  1.15825e-21   -1.304e-07 -1.21763e-20  1.02587e-06  4.52065e-20 -5.48671e-06 -1.04958e-19  2.10016e-05  1.78575e-19 -5.73747e-05 -4.40808e-19  0.000100787  1.40177e-18  -4.3142e-05 -3.54667e-18 -0.000403556  6.26244e-18   0.00165818 -7.40493e-18  -0.00387778  4.95814e-18   0.00627723  2.25864e-18  -0.00683649  -1.1992e-17   0.00337739  1.55112e-17   0.00399802 -7.70203e-18   -0.0111838 -6.44902e-18    0.0119459  1.90757e-17  -0.00347601 -2.14029e-17  -0.00915179  9.27005e-18    0.0155501  8.87015e-18  -0.00932233 -1.71184e-17  -0.00467041  9.79543e-18    0.0140043  2.71128e-18   -0.0109521 -6.83729e-18  1.96187e-05 -1.11242e-18   0.00806101  1.47526e-17  -0.00820563 -2.63337e-17   0.00412359  3.12509e-17  -0.00107379 -2.64446e-17  0.000121767
-2.87351e-23  -3.8553e-09  1.21571e-21  7.24174e-08  1.03773e-22 -7.17263e-07 -1.02909e-20  4.69028e-06  4.40903e-20 -2.22213e-05 -7.82814e-20  7.97998e-05  8.50501e-20 -0.000221022 -2.38574e-19  0.000467289  1.07499e-18 -0.000706793 -3.06962e-18  0.000560185  5.56512e-18  0.000570719 -6.73585e-18  -0.00301448   4.6626e-18   0.00599583  2.55276e-18   -0.0072591 -1.20126e-17   0.00424251  1.51104e-17   0.00322557 -8.52398e-18   -0.0109497 -4.33859e-18    0.0122336  1.70734e-17  -0.00380816 -2.01284e-17  -0.00921028  8.87015e-18    0.0158851   7.9113e-18  -0.00945057 -1.47868e-17  -0.00492987  7.26001e-18    0.0143917  5.37947e-18   -0.0113212  -1.2167e-17  0.000425928   1.2346e-17   0.00795436 -1.34161e-17  -0.00891596  2.10458e-17   0.00528058 -2.97797e-17  -0.00168669  2.50497e-17
 5.86854e-10 -5.06754e-22 -1.92363e-08  2.27251e-21  2.50065e-07 -2.49529e-21 -1.98906e-06 -6.14267e-21  1.11453e-05  2.79898e-20 -4.70852e-05  -6.3969e-21  0.000155478  -1.1245e-19 -0.000407789  1.53201e-19  0.000847249   4.6289e-19  -0.00134947 -2.23521e-18   0.00146202  4.58485e-18 -0.000455247  -6.1466e-18  -0.00213955  4.61611e-18   0.00559746  2.45757e-18  -0.00751436  -1.1419e-17   0.00497425  1.47176e-17   0.00253132 -9.85998e-18   -0.0107655 -1.92619e-18    0.0125344  1.48115e-17  -0.00409659 -1.84456e-17  -0.00932233   7.9113e-18    0.0162531  7.51003e-18  -0.00967005  -1.2968e-17  -0.00506822  4.09544e-18     0.014897   1.0709e-17   -0.0120632 -1.93823e-17  0.000935904  1.55291e-17   0.00814659  5.73271e-19  -0.00942035 -2.22002e-17   0.00520858  3.62319e-17  -0.00111267
 1.28983e-23  2.83836e-09 -1.18655e-21 -5.27252e-08  3.63505e-21  5.24139e-07 -6.28457e-21 -3.50303e-06  1.00628e-21  1.73542e-05 -3.06183e-21 -6.71356e-05  9.89647e-20  0.000208779 -3.69882e-19 -0.000528875  6.23622e-19   0.00108906 -2.24418e-19   -0.0017784 -1.33561e-18   0.00212686  3.71286e-18  -0.00131422 -5.88331e-18  -0.00129756  4.81157e-18   0.00512025  1.97896e-18  -0.00765415 -1.03334e-17   0.00560008  1.43206e-17   0.00192608 -1.11499e-17   -0.0106329  2.05485e-19    0.0128336  1.28511e-17  -0.00437019 -1.71184e-17  -0.00945057  7.51003e-18     0.016732  7.52123e-18   -0.0100747 -1.66054e-17  -0.00523056  1.85256e-17    0.0157056 -2.22345e-17   -0.0129071   3.3651e-17   0.00121507 -4.48274e-17   0.00792726  3.76173e-17  -0.00824441  -4.3245e-18    0.0034389 -3.38631e-17
-1.59183e-10  2.06459e-22  5.07577e-09  -1.7811e-21 -6.59678e-08   5.3249e-21   5.4257e-07 -9.92333e-21 -3.26683e-06   8.7741e-21  1.54487e-05 -3.48525e-20 -5.95053e-05  1.99164e-19  0.000189831 -5.99507e-19 -0.000503131  1.01814e-18   0.00109795  -7.8588e-19  -0.00192224  -5.8476e-19   0.00253071  3.13311e-18   -0.0020071 -5.86613e-18 -0.000510415  5.06783e-18   0.00461684  1.15543e-18  -0.00771806 -8.84086e-18   0.00612641  1.36746e-17   0.00140144 -1.19904e-17    -0.010539   2.0447e-18    0.0131657  1.05218e-17  -0.00467041 -1.47868e-17  -0.00967005  7.52123e-18    0.0174205 -6.27346e-19   -0.0105297  1.11447e-17  -0.00559845 -4.78069e-17    0.0165192  1.02868e-16   -0.0134338 -1.53875e-16   0.00193712  1.70044e-16   0.00570407 -1.30112e-16  -0.00489985  4.56599e-17   0.00118708
 1.87731e-23  5.34894e-10  3.96342e-22 -1.02249e-08 -2.14737e-21  9.79843e-08  6.81442e-21  -5.7698e-07 -1.08262e-20  2.15803e-06  9.02638e-21 -4.22907e-06 -4.37886e-20 -4.68996e-06  2.44699e-19  7.21071e-05 -7.17579e-19 -0.000312997   1.2238e-18  0.000888456 -1.13854e-18  -0.00183302 -4.79499e-20   0.00273095   2.7989e-18  -0.00255084 -5.85487e-18  0.000192599  5.26821e-18    0.0041223 -8.22867e-21  -0.00772442 -7.00782e-18   0.00657568  1.25801e-17  0.000939197 -1.20214e-17   -0.0105188  2.65559e-18    0.0135752  9.79543e-18  -0.00492987  -1.2968e-17   -0.0100747 -6.27346e-19    0.0181871  3.11022e-17   -0.0108558 -7.97805e-17  -0.00585017  1.53307e-16      0.01683  -2.5032e-16   -0.0142321   3.3932e-16   0.00471934 -3.57848e-16     0.001064  2.55043e-16  -0.00112419 -5.74996e-17
-2.12236e-10  2.43927e-23  7.04455e-09  4.05365e-22 -9.15745e-08   -2.249e-21  7.16952e-07  6.76689e-21 -3.87087e-06 -5.62309e-21  1.52762e-05 -8.11667e-21  -4.4802e-05 -1.13862e-20  9.46412e-05  2.07131e-19 -0.000121251 -6.91597e-19  -1.7953e-05  1.23013e-18  0.000554247  -1.3268e-18  -0.00160613  3.23947e-19   0.00278338  2.55419e-18  -0.00295346 -5.66758e-18  0.000800151  5.46381e-18   0.00365154  -1.4744e-18   -0.0077039 -4.96733e-18   0.00697483  1.13042e-17  0.000567023 -1.22493e-17   -0.0106143  4.53299e-18    0.0140043  7.26001e-18  -0.00506822 -1.66054e-17   -0.0105297  3.11022e-17    0.0188535 -7.70579e-17   -0.0113889  1.86938e-16  -0.00540546 -3.70471e-16    0.0171245  5.86046e-16   -0.0168713 -7.30664e-16   0.00981233  6.84815e-16  -0.00364362 -4.11801e-16  0.000693747
-2.47685e-23 -1.57881e-09  7.64203e-23  2.96066e-08  1.71828e-22 -2.93696e-07 -1.91763e-21  1.93037e-06  3.97046e-21 -9.23001e-06  7.55972e-21  3.36124e-05 -4.49957e-20 -9.49637e-05  6.03501e-20  0.000206489  1.00816e-19 -0.000326249 -5.53069e-19  0.000288932  1.11916e-18  0.000192683 -1.44484e-18  -0.00131273  6.04585e-19   0.00272562   2.2657e-18  -0.00323444 -5.26621e-18   0.00131641  5.70061e-18   0.00322895 -3.00511e-18  -0.00768667 -2.87368e-18   0.00730831  9.35038e-18  0.000315209 -1.03009e-17   -0.0107731  2.71128e-18    0.0143917  4.09544e-18  -0.00523056  1.11447e-17   -0.0108558 -7.70579e-17    0.0197577    2.272e-16   -0.0127442 -4.87295e-16  -0.00468593  8.39211e-16    0.0189317  -1.1747e-15   -0.0214423  1.30059e-15    0.0142627 -1.04541e-15  -0.00519993  4.39806e-16
 1.60113e-10 -6.67921e-23 -5.26936e-09  2.13015e-22  6.91349e-08 -2.18852e-22 -5.58434e-07 -1.03599e-21  3.19976e-06 -1.02306e-21 -1.39277e-05   2.5682e-20  4.77446e-05 -9.06471e-20 -0.000130905  1.45333e-19  0.000285772 -2.80012e-20 -0.000478777 -3.70874e-19  0.000539546  9.94929e-19 -0.000140523  -1.5495e-18 -0.000995253   8.2891e-19    0.0025958  1.86762e-18     -0.00342 -4.71292e-18    0.0017362  5.93706e-18   0.00287519  -4.3201e-18  -0.00766526 -1.38827e-18    0.0075634  9.14106e-18  0.000128847 -1.25838e-17   -0.0109521  5.37947e-18     0.014897  1.85256e-17  -0.00559845 -7.97805e-17   -0.0113889    2.272e-16    0.0215302 -5.28662e-16    -0.014544  1.01841e-15  -0.00518235 -1.61494e-15    0.0221942  2.06695e-15    -0.024434 -2.03525e-15    0.0140536   1.3489e-15   -0.0031679
 1.14058e-23  3.86676e-10 -1.19725e-22 -7.33512e-09  4.11577e-22  7.63321e-08 -5.39192e-22 -5.48027e-07 -2.24321e-22  2.98588e-06 -5.14027e-21 -1.29343e-05  4.01215e-20  4.55112e-05 -1.25539e-19 -0.000130727  2.08397e-19   0.00030347 -1.35139e-19 -0.000550867 -2.07562e-19  0.000712043  9.12003e-19 -0.000422622 -1.62726e-18 -0.000687123  1.01051e-18   0.00242872  1.30364e-18  -0.00352446 -3.96337e-18   0.00205864  5.91278e-18   0.00257977 -5.44816e-18   -0.0076413   1.1438e-18   0.00780351  4.59429e-18 -2.55381e-05 -6.83729e-18   -0.0113212   1.0709e-17    0.0157056 -4.78069e-17  -0.00585017  1.86938e-16   -0.0127442 -5.28662e-16    0.0237925   1.1567e-15   -0.0152718 -2.03618e-15  -0.00682728  2.90343e-15    0.0230914 -3.28435e-15   -0.0213008  2.74861e-15   0.00882972 -1.33437e-15
