   0.0313679 -4.55723e-17   -0.0295839  -2.5382e-17   -0.0124369  4.93571e-16  -0.00153155 -4.30687e-16   0.00158392  3.65004e-17   0.00159263  5.48365e-17  0.000968261  2.11292e-17  0.000475642   2.8706e-18  0.000204021 -2.90241e-18  7.90102e-05 -2.19941e-18  2.81709e-05 -1.66116e-18  9.40801e-06 -8.98534e-19  3.01082e-06  1.27213e-20  9.55926e-07   3.3702e-19  3.14709e-07   2.7043e-19  1.11018e-07  1.38571e-19  4.17761e-08  5.68339e-20  1.61486e-08  1.99314e-20  6.14528e-09  4.97726e-21  2.23506e-09 -3.93995e-22  7.64666e-10 -1.52706e-21  2.44336e-10 -1.16772e-21  7.27328e-11 -6.15431e-22  2.01613e-11 -2.50016e-22  5.20654e-12 -7.19331e-23  1.25348e-12 -5.69436e-24  2.81505e-13  9.36614e-24  5.89938e-14  7.68125e-24  1.15362e-14  3.78814e-24  2.10389e-15  1.42611e-24   3.5742e-16  4.47586e-25  5.64451e-17  1.27592e-25  8.25858e-18  3.69383e-26  1.11346e-18  1.17886e-26  1.37112e-19  4.05879e-27  1.51817e-20  1.40417e-27  1.46542e-21  4.69105e-28  1.14268e-22  1.50309e-28  5.30201e-24  4.60725e-29 -3.19071e-25  1.33107e-29 -1.27937e-25  3.53322e-30 -2.17948e-26  8.37226e-31  -2.8509e-27  1.71835e-31 -3.17881e-28  2.93634e-32 -3.13511e-29  3.86049e-33 -2.78007e-30  2.92416e-34 -2.23367e-31 -2.21994e-35 -1.63141e-32  -1.3479e-35 -1.08375e-33 -3.01924e-36 -6.53944e-35 -4.75019e-37 -3.57384e-36 -5.71987e-38 -1.76122e-37 -5.16529e-39  -7.7802e-39 -2.86704e-40 -3.05683e-40  6.38509e-42 -1.05746e-41  4.29877e-42 -3.17898e-43  7.03265e-43 -8.16507e-45  8.11599e-44   -1.752e-46  7.37192e-45 -3.04634e-48  5.27671e-46 -4.10986e-50  2.84584e-47 -4.02219e-52  1.06182e-48 -2.53425e-54  2.33267e-50 -7.82951e-57  1.90807e-52
-4.55723e-17    0.0737213 -2.20501e-16   -0.0261296  1.95961e-16   -0.0246328  4.66569e-16  -0.00955144 -4.59262e-16  -0.00117965 -5.52859e-18   0.00138416  7.55331e-17   0.00147186  4.45221e-17  0.000962853  1.20718e-17  0.000516092 -1.22316e-18  0.000245918 -4.54121e-18   0.00010823 -4.60219e-18  4.50054e-05 -2.20445e-18  1.79461e-05 -1.40936e-20  6.92521e-06  7.20173e-19  2.59665e-06  6.05819e-19  9.45636e-07  3.35742e-19  3.33225e-07  1.51728e-19   1.1299e-07  5.69442e-20  3.66477e-08  1.42227e-20  1.13083e-08 -1.32498e-21  3.30471e-09 -4.35349e-21  9.11411e-10 -3.23397e-21  2.36561e-10 -1.66259e-21  5.76571e-11 -6.42469e-22  1.31701e-11 -1.61052e-22  2.81374e-12  3.40729e-24  5.60948e-13  3.15977e-23  1.04031e-13  2.14692e-23  1.78679e-14  9.74013e-24  2.82275e-15  3.50895e-24  4.05508e-16   1.0941e-24  5.18685e-17  3.22501e-25  5.64391e-18  9.82475e-26  4.57004e-19    3.207e-26  9.48391e-21  1.08451e-26 -6.12377e-21  3.62908e-27 -1.70481e-21  1.17655e-27 -3.13515e-22  3.67112e-28 -4.75044e-23  1.09022e-28 -6.30849e-24  3.01576e-29 -7.53207e-25  7.56302e-30 -8.18637e-26  1.67163e-30 -8.15136e-27  3.15345e-31 -7.45902e-28  4.82675e-32 -6.27933e-29   5.2773e-33 -4.86148e-30  1.79091e-34 -3.45616e-31  -8.8112e-35 -2.25056e-32 -2.78203e-35  -1.3376e-33 -5.17627e-36  -7.2224e-35 -7.14972e-37 -3.52192e-36 -7.54381e-38 -1.53931e-37 -5.60242e-39 -5.97108e-39 -1.51164e-40  -2.0291e-40  3.59871e-41 -5.93307e-42   8.1876e-42 -1.45413e-43  1.09376e-42 -2.86466e-45  1.11575e-43 -4.18949e-47  9.02047e-45 -3.65219e-49  5.63591e-46  3.71201e-52  2.55314e-47  5.95009e-53  7.47883e-49  7.28992e-55  1.10481e-50  2.76386e-57
  -0.0295839 -2.20501e-16    0.0856332 -4.30828e-16  -0.00613617    4.188e-16    -0.026114  1.71859e-16   -0.0166024  -4.0693e-16  -0.00611286 -5.34756e-17 -0.000767539  7.19858e-17  0.000905264  5.85556e-17  0.000999192  2.24643e-17  0.000680063  9.70138e-19  0.000379926 -8.56015e-18   0.00018851 -8.64899e-18  8.59521e-05 -3.91077e-18  3.66414e-05 -1.61469e-19  1.47348e-05  1.08817e-18  5.61173e-06  9.81639e-19  2.02599e-06  5.85615e-19   6.9277e-07  2.81563e-19  2.23947e-07  1.07249e-19  6.82823e-08  2.48289e-20  1.95886e-08  -4.3607e-21  5.27373e-09  -9.1643e-21  1.32876e-09 -6.40769e-21  3.12319e-10 -3.12959e-21  6.81995e-11 -1.10992e-21  1.37553e-11 -2.19257e-22  2.53934e-12  4.71487e-23  4.22404e-13  7.14821e-23  6.13723e-14  4.15849e-23  7.20915e-15  1.75145e-23  4.98663e-16  6.08982e-24 -4.99338e-17   1.8997e-24  -2.9517e-17  5.76994e-25 -7.72167e-18  1.81502e-25  -1.5687e-18  5.95828e-26 -2.74393e-19  1.97764e-26 -4.29122e-20  6.45036e-27 -6.10701e-21  2.04042e-27 -7.98305e-22  6.19521e-28 -9.63471e-23  1.77336e-28 -1.07655e-23  4.66798e-29   -1.115e-24  1.09971e-29 -1.07052e-25  2.25332e-30 -9.51982e-27  3.86842e-31 -7.82821e-28  5.17622e-32 -5.93772e-29  4.22549e-33 -4.14033e-30 -1.95548e-34 -2.64226e-31 -1.58591e-34 -1.53429e-32 -3.68051e-35 -8.04371e-34  -5.8775e-36 -3.76685e-35 -7.13042e-37 -1.55123e-36 -6.43575e-38 -5.47757e-38 -3.46137e-39 -1.58117e-39  1.14959e-40 -3.30502e-41  6.04521e-41 -2.52179e-43  9.76683e-42  1.61466e-44  1.12662e-42  9.50123e-46  1.02297e-43  3.02342e-47  7.29847e-45  6.63174e-49  3.91009e-46  1.01696e-50  1.44462e-47  1.01458e-52  3.13246e-49  5.30908e-55  2.51783e-51
 -2.5382e-17   -0.0261296 -4.30828e-16    0.0724916 -4.29449e-16   0.00995343  4.26167e-16   -0.0203117 -1.40272e-16   -0.0194339 -4.00864e-16   -0.0105551 -1.03539e-16   -0.0038643  5.01181e-17 -0.000659961   6.0323e-17   0.00037538  2.82644e-17  0.000488758 -9.02567e-19    0.0003445 -1.50897e-17  0.000193883 -1.35213e-17  9.52656e-05 -5.90539e-18  4.23198e-05 -4.86564e-19  1.72768e-05  1.36908e-18  6.53357e-06  1.35262e-18   2.2968e-06  8.58085e-19  7.51177e-07  4.24175e-19  2.28334e-07  1.57422e-19  6.43364e-08   3.0831e-20  1.67268e-08 -1.13233e-20  3.98236e-09 -1.61037e-20  8.56889e-10 -1.03445e-20  1.62452e-10  -4.6754e-21  2.55771e-11 -1.45928e-21  2.73149e-12 -1.76427e-22 -7.68071e-14  1.37689e-22 -1.50398e-13  1.25646e-22 -5.47178e-14  6.43872e-23 -1.46089e-14  2.54434e-23 -3.30593e-15  8.61236e-24 -6.65093e-16  2.70005e-24 -1.21556e-16  8.39721e-25  -2.0415e-17  2.68745e-25 -3.17142e-18  8.79129e-26  -4.5749e-19  2.86723e-26 -6.14187e-20   9.1554e-27  -7.6821e-21  2.82871e-27 -8.95387e-22  8.32746e-28    -9.72e-23  2.28411e-28 -9.81557e-24  5.68712e-29 -9.20269e-25  1.25121e-29 -7.98839e-26  2.35849e-30 -6.39573e-27  3.62989e-31 -4.69815e-28  4.05675e-32  -3.1431e-29  1.68311e-33 -1.89428e-30 -5.81139e-34 -1.01066e-31 -1.94224e-34 -4.62438e-33 -3.67059e-35 -1.68904e-34 -5.10347e-36 -3.81229e-36 -5.38401e-37  5.90342e-38 -3.93125e-38  1.29453e-38 -8.48408e-40  9.02849e-40  3.04983e-40  4.47949e-41   6.6016e-41  1.76255e-42   8.7587e-42  5.64573e-44  8.92246e-43   1.4691e-45  7.19505e-44  3.04423e-47  4.47062e-45  4.83001e-49  2.00774e-46  5.46695e-51  5.81222e-48  3.82565e-53  8.45305e-50  1.07104e-55
  -0.0124369  1.95961e-16  -0.00613617 -4.29449e-16    0.0574222  -1.3283e-16    0.0178951  2.93812e-16   -0.0131255  -3.3992e-16    -0.018899 -4.23965e-16   -0.0133141 -1.46745e-16  -0.00681602  2.43368e-17  -0.00269504  5.60478e-17 -0.000760746  2.72305e-17 -6.77324e-05 -8.30689e-18  9.43784e-05 -2.35926e-17  8.73202e-05 -1.86314e-17  5.11365e-05 -7.92674e-18  2.42733e-05 -8.92041e-19  9.96093e-06  1.60033e-18  3.61493e-06  1.71456e-18  1.16599e-06  1.12439e-18  3.31429e-07  5.51405e-19  8.06587e-08  1.91488e-19  1.54531e-08  2.63171e-20  1.57013e-09 -2.31915e-20 -4.08263e-10 -2.44973e-20 -3.29751e-10 -1.42092e-20 -1.36506e-10 -5.78924e-21 -4.45823e-11 -1.49327e-21 -1.25913e-11  4.72756e-24 -3.18655e-12  2.65816e-22 -7.35467e-13  1.83007e-22 -1.56363e-13  8.45539e-23   -3.081e-14  3.16928e-23  -5.6486e-15  1.05261e-23 -9.65982e-16  3.32301e-24 -1.54327e-16   1.0505e-24 -2.30514e-17  3.38477e-25 -3.21959e-18   1.0984e-25 -4.20301e-19    3.525e-26 -5.12304e-20  1.10353e-26 -5.82055e-21  3.32308e-27 -6.14859e-22  9.43597e-28 -6.01718e-23  2.46484e-28 -5.42704e-24  5.77045e-29  -4.4765e-25  1.17772e-29 -3.33617e-26  2.02084e-30  -2.1996e-27  2.71988e-31 -1.22927e-28  2.28815e-32 -5.18643e-30 -7.84715e-34 -8.26895e-32 -7.77847e-34  1.24735e-32 -1.83697e-34  1.79083e-33 -2.94995e-35  1.54496e-34 -3.57788e-36  1.05032e-35 -3.19446e-37  6.00672e-37 -1.61106e-38  2.95408e-38  8.55647e-40  1.25675e-39  3.50335e-40  4.61302e-41  5.54063e-41  1.44794e-42  6.36263e-42  3.82746e-44  5.76217e-43   8.3244e-46  4.09218e-44  1.43793e-47  2.17584e-45  1.86474e-49    7.954e-47  1.64189e-51  1.70067e-48  7.79737e-54    1.341e-50
 4.93571e-16   -0.0246328    4.188e-16   0.00995343  -1.3283e-16    0.0483488  2.91315e-16     0.021477  1.91825e-16  -0.00681253 -4.04437e-16   -0.0165293  -4.1895e-16   -0.0143253 -1.60055e-16  -0.00897109  1.46296e-17  -0.00462451  5.46431e-17  -0.00206623  2.14462e-17 -0.000823446  -1.9032e-17 -0.000299831 -3.22195e-17 -0.000102994 -2.30024e-17 -3.50983e-05 -9.48308e-18 -1.26335e-05 -1.10461e-18 -4.98058e-06  1.90444e-18 -2.09983e-06  2.08003e-18 -8.93802e-07  1.35299e-18 -3.66237e-07  6.34971e-19 -1.40809e-07  1.96283e-19 -5.02784e-08  8.20107e-21 -1.66296e-08 -3.90247e-20 -5.09828e-09 -3.26981e-20 -1.45146e-09 -1.68949e-20 -3.84537e-10 -6.01684e-21 -9.49906e-11 -1.12316e-21 -2.19165e-11  2.99338e-22 -4.72937e-12  4.01867e-22 -9.55485e-13  2.29343e-22 -1.80853e-13   9.7382e-23 -3.20804e-14  3.49879e-23 -5.33259e-15  1.14764e-23 -8.30233e-16  3.64743e-24 -1.20945e-16  1.16404e-24 -1.64587e-17  3.75031e-25 -2.08715e-18  1.20496e-25 -2.45747e-19  3.80715e-26 -2.67203e-20  1.16712e-26 -2.66043e-21  3.41073e-27  -2.3918e-22  9.28535e-28 -1.89148e-23  2.29572e-28 -1.24053e-24  5.02173e-29 -5.55471e-26  9.42968e-30  4.51302e-28  1.44986e-30  4.74553e-28  1.62874e-31  6.98766e-29  7.15639e-33  7.37207e-30 -2.19656e-33  6.45753e-31 -7.49771e-34  4.91575e-32 -1.42261e-34  3.31177e-33 -1.97598e-35  1.98879e-34 -2.06784e-36  1.06615e-35 -1.46107e-37  5.09095e-37 -1.87998e-39  2.15438e-38  1.43086e-39  8.01608e-40  2.92076e-40  2.59358e-41  3.83179e-41  7.18679e-43  3.88841e-42   1.6701e-44  3.12278e-43  3.15875e-46  1.92768e-44  4.64824e-48  8.57557e-46  4.94033e-50  2.45133e-47  3.27826e-52   3.5053e-49  8.77027e-55
 -0.00153155  4.66569e-16    -0.026114  4.26167e-16    0.0178951  2.91315e-16    0.0433762  6.31608e-16    0.0234805  1.72768e-16  -0.00150264 -3.64279e-16   -0.0132218  -3.5882e-16     -0.01384  -1.2685e-16   -0.0100229  3.34283e-17   -0.0059901  6.10122e-17  -0.00316104  1.45166e-17  -0.00152919 -2.95182e-17 -0.000695207 -3.88549e-17  -0.00030212 -2.56074e-17 -0.000126779 -1.00154e-17 -5.15504e-05 -8.22073e-19 -2.02708e-05  2.38021e-18 -7.66754e-06   2.4329e-18 -2.77216e-06   1.5046e-18 -9.52406e-07  6.52171e-19 -3.09517e-07  1.65824e-19 -9.48464e-08 -2.18968e-20 -2.73491e-08 -5.56883e-20 -7.41195e-09 -3.85162e-20 -1.88671e-09 -1.74806e-20 -4.50935e-10 -5.19128e-21 -1.01172e-10 -4.23817e-22 -2.13025e-11  6.29088e-22 -4.20777e-12  5.09419e-22 -7.79163e-13  2.53605e-22  -1.3511e-13  1.00565e-22 -2.19031e-14  3.49677e-23 -3.31127e-15   1.1382e-23  -4.6506e-16  3.63576e-24 -6.03279e-17   1.1648e-24 -7.16026e-18  3.73737e-25 -7.64871e-19  1.18768e-25 -7.11675e-20    3.691e-26 -5.31499e-21  1.10425e-26 -2.25296e-22  3.11406e-27  1.73317e-23  8.07687e-28  6.01807e-24  1.87828e-28  9.83704e-25  3.81166e-29  1.25031e-25  6.51166e-30  1.36096e-26  8.74007e-31  1.31361e-27   7.3595e-32  1.14182e-28 -2.41341e-33  9.00272e-30 -2.46056e-33  6.45736e-31 -5.81148e-34  4.21452e-32 -9.30752e-35  2.49879e-33 -1.12086e-35  1.34148e-34 -9.80075e-37  6.48997e-36 -4.44118e-38  2.81142e-37  3.87911e-39  1.08153e-38  1.28691e-39   3.6554e-40  1.98414e-40   1.0705e-41  2.26254e-41  2.66662e-43  2.04029e-42  5.50838e-45  1.44069e-43  9.09533e-47  7.59625e-45  1.13364e-48  2.74543e-46  9.63896e-51  5.78215e-48  4.43863e-53  4.46409e-50
-4.30687e-16  -0.00955144  1.71859e-16   -0.0203117  2.93812e-16     0.021477  6.31608e-16    0.0403549  7.92931e-16    0.0249481  1.91544e-16   0.00311956 -2.68959e-16  -0.00935885 -2.50981e-16   -0.0120938 -4.91946e-17  -0.00985563   7.7533e-17  -0.00649163  7.33392e-17  -0.00373957  8.54025e-18   -0.0019562 -3.72159e-17 -0.000948749 -4.21412e-17 -0.000431634 -2.58021e-17  -0.00018531 -9.17551e-18 -7.52455e-05  8.65496e-20 -2.88979e-05  3.00563e-18 -1.04851e-05  2.70877e-18 -3.58878e-06  1.53925e-18 -1.15706e-06  5.92902e-19 -3.50964e-07  1.04101e-19 -1.00058e-07 -5.75131e-20 -2.67913e-08 -6.87825e-20 -6.73281e-09 -4.01178e-20 -1.58693e-09 -1.56743e-20 -3.50514e-10 -3.52243e-21 -7.24633e-11  4.02764e-22 -1.39971e-11   9.0088e-22 -2.51955e-12   5.6197e-22 -4.20946e-13   2.5205e-22 -6.48608e-14  9.46298e-23 -9.11917e-15  3.21099e-23  -1.1473e-15  1.04037e-23 -1.23934e-16  3.33254e-24 -1.02391e-17  1.06744e-24   -3.149e-19  3.40279e-25  1.04274e-19  1.06816e-25  3.10355e-20   3.2562e-26  5.75933e-21  9.45904e-27  8.71495e-22  2.55798e-27  1.15261e-22  6.28057e-28  1.37003e-23  1.36466e-28  1.48331e-24   2.5466e-29  1.47294e-25  3.89196e-30  1.34613e-26  4.33956e-31  1.13377e-27  1.85092e-32  8.79933e-29 -5.97336e-33  6.28544e-30 -2.01225e-33  4.12319e-31 -3.79419e-34  2.47624e-32 -5.23016e-35  1.35598e-33 -5.38927e-36  6.73579e-35 -3.61874e-37  3.01603e-36   8.2594e-41  1.20772e-37  4.62462e-39  4.28245e-39  8.90203e-40  1.32793e-40  1.15218e-40   3.5429e-42  1.16277e-41  7.95761e-44  9.28885e-43  1.45951e-45  5.69154e-44  2.08883e-47  2.50619e-45  2.16496e-49  7.06753e-47  1.40438e-51  9.92222e-49  3.68119e-54
  0.00158392 -4.59262e-16   -0.0166024 -1.40272e-16   -0.0131255  1.91825e-16    0.0234805  7.92931e-16    0.0384482  7.87166e-16    0.0262924  1.97063e-16   0.00736218 -1.60631e-16  -0.00507584 -1.17007e-16  -0.00927281  5.45953e-17   -0.0084881  1.31465e-16  -0.00601189  8.51573e-17  -0.00364802  3.33299e-18   -0.0019786 -4.13664e-17 -0.000980102 -4.17991e-17  -0.00044866 -2.35283e-17 -0.000191038  -7.0079e-18 -7.59259e-05  1.48172e-18 -2.82147e-05  3.62916e-18 -9.81064e-06   2.8196e-18 -3.19256e-06  1.43404e-18 -9.72157e-07  4.65429e-19 -2.76894e-07  2.47849e-20 -7.37167e-08 -8.94241e-20 -1.83237e-08 -7.44485e-20 -4.24525e-09  -3.6886e-20 -9.14238e-10 -1.19609e-20 -1.82226e-10 -1.49264e-21 -3.33798e-11  1.12598e-21 -5.55038e-12  1.04871e-21 -8.18155e-13  5.52509e-22 -1.01282e-13  2.28393e-22 -8.83495e-15  8.21481e-23  3.41618e-17  2.73878e-23   2.4441e-16  8.84749e-24  7.24136e-17  2.83558e-24  1.53425e-17  9.05554e-25  2.73877e-18  2.86285e-25  4.33715e-19  8.85617e-26  6.23269e-20  2.63657e-26  8.22287e-21  7.39174e-27  1.00241e-21  1.90436e-27   1.1332e-22  4.39736e-28  1.19022e-23  8.85993e-29  1.16227e-24  1.50217e-29  1.05505e-25  1.99682e-30  8.89508e-27  1.64445e-31  6.95476e-28 -6.48566e-33  5.03219e-29 -5.78415e-33  3.36044e-30 -1.34638e-33  2.06412e-31 -2.13547e-34   1.1614e-32 -2.53767e-35  5.95629e-34 -2.15042e-36  2.76751e-35 -8.18909e-38  1.15646e-36  1.22923e-38   4.3071e-38  3.45011e-39  1.41369e-39  5.18064e-40  4.03093e-41  5.85751e-41   9.7983e-43  5.25331e-42  1.97895e-44  3.68485e-43  3.20054e-46  1.92517e-44  3.91377e-48  6.87355e-46  3.26998e-50  1.42431e-47  1.48196e-52   1.0743e-49
 3.65004e-17  -0.00117965  -4.0693e-16   -0.0194339  -3.3992e-16  -0.00681253  1.72768e-16    0.0249481  7.87166e-16    0.0373702  6.66961e-16    0.0277503  1.71693e-16    0.0114668 -6.02321e-17 -0.000434383  2.17823e-17  -0.00557883  1.59333e-16  -0.00608733  1.76766e-16  -0.00463882  8.96456e-17  -0.00292158 -2.33678e-18  -0.00161035 -4.23947e-17 -0.000797793 -3.83199e-17 -0.000360334 -1.92474e-17 -0.000149585 -3.94126e-18 -5.73426e-05  3.01082e-18 -2.03528e-05  4.04666e-18  -6.6968e-06  2.70191e-18 -2.04295e-06  1.19884e-18 -5.77244e-07  2.96239e-19 -1.50705e-07 -5.30495e-20 -3.61918e-08  -1.0924e-19 -7.93051e-09 -7.10689e-20 -1.56197e-09 -2.97096e-20 -2.68058e-10 -7.37157e-21 -3.70287e-11  3.66164e-22 -2.94041e-12   1.5837e-21  3.99043e-13  1.05518e-21  2.64296e-13  4.92412e-22  8.15505e-14  1.90892e-22  1.97036e-14  6.64426e-23  4.11944e-15  2.18793e-23  7.73558e-16  7.05155e-24  1.32827e-16  2.25693e-24  2.10611e-17   7.1716e-25  3.10171e-18  2.24359e-25  4.25771e-19  6.81397e-26   5.4591e-20  1.96991e-26  6.54534e-21  5.29494e-27  7.34172e-22  1.29102e-27  7.70305e-23  2.78407e-28  7.55553e-24  5.15262e-29  6.92079e-25  7.79413e-30   5.9116e-26  8.53326e-31  4.70005e-27  3.25712e-32  3.47014e-28 -1.27947e-32   2.3726e-29 -4.14252e-33  1.49722e-30 -7.69797e-34  8.68573e-32 -1.04712e-34  4.61032e-33 -1.05472e-35  2.22643e-34 -6.57717e-37  9.71617e-36  1.30591e-38  3.80021e-37   1.1317e-38  1.31867e-38  2.06333e-39  4.00807e-40  2.63242e-40   1.0497e-41  2.63912e-41  2.31735e-43  2.09518e-42  4.18246e-45  1.27328e-43  5.89687e-47  5.54546e-45  6.02743e-49  1.54131e-46  3.85997e-51  2.12098e-48  1.00014e-53
  0.00159263 -5.52859e-18  -0.00611286 -4.00864e-16    -0.018899 -4.04437e-16  -0.00150264  1.91544e-16    0.0262924  6.66961e-16     0.037009  4.88068e-16      0.02947  1.27419e-16    0.0155726  3.00597e-17   0.00445399  1.48364e-16  -0.00130915  2.42445e-16  -0.00298887  2.00171e-16  -0.00265583  8.31783e-17  -0.00176543 -9.10037e-18  -0.00098556 -4.09398e-17 -0.000482349 -3.25101e-17 -0.000211202 -1.37459e-17 -8.35971e-05 -6.27814e-19 -3.00545e-05  4.26635e-18 -9.82089e-06  4.10362e-18 -2.90662e-06  2.35382e-18 -7.71713e-07  8.78083e-19 -1.79916e-07  1.22066e-19 -3.49775e-08 -1.11771e-19 -4.78064e-09 -1.12697e-19   1.2439e-11  -5.9884e-20  3.07988e-10  -2.0549e-20  1.41229e-10 -3.02876e-21  4.60493e-11  1.67925e-21  1.26317e-11  1.72808e-21  3.07476e-12  9.46701e-22  6.80282e-13  4.03049e-22  1.38577e-13  1.48599e-22   2.6191e-14  5.04733e-23  4.61523e-15  1.64786e-23  7.60683e-16  5.29881e-24  1.17518e-16  1.69101e-24  1.70404e-17  5.33577e-25  2.32099e-18  1.64655e-25  2.97049e-19  4.88441e-26  3.57214e-20  1.36238e-26  4.03469e-21  3.48725e-27  4.27734e-22  7.99229e-28  4.25199e-23  1.59671e-28  3.95828e-24  2.67937e-29  3.44525e-25  3.50578e-30  2.79829e-26  2.76216e-31  2.11602e-27 -1.49784e-32  1.48565e-28 -1.08265e-32  9.65374e-30 -2.45651e-33  5.78385e-31 -3.83638e-34  3.18094e-32 -4.47317e-35  1.59747e-33 -3.62993e-36  7.27997e-35 -1.01963e-37  2.98797e-36   2.9453e-38  1.09442e-37  7.25104e-39   3.5367e-39  1.06133e-39  9.93867e-41  1.18894e-40  2.38314e-42  1.05956e-41  4.75192e-44  7.37697e-43   7.5933e-46  3.81623e-44  9.18131e-48   1.3449e-45  7.59127e-50  2.73843e-47  3.40712e-52   2.0127e-49
 5.48365e-17   0.00138416 -5.34756e-17   -0.0105551 -4.23965e-16   -0.0165293 -3.64279e-16   0.00311956  1.97063e-16    0.0277503  4.88068e-16    0.0373105   3.0124e-16    0.0314982  9.03045e-17    0.0196627   1.1548e-16   0.00934011   2.4982e-16   0.00310137  2.90115e-16  0.000327707  1.97319e-16  -0.00047559  6.65957e-17 -0.000479312  -1.6206e-17 -0.000294746 -3.73469e-17 -0.000141716 -2.52386e-17 -5.63079e-05 -7.93546e-18 -1.84737e-05  2.27364e-18 -4.69969e-06  4.94717e-18 -6.70711e-07  3.76157e-18  1.56007e-07  1.83965e-18  1.79193e-07  5.36342e-19  9.38828e-08   -2.266e-20  3.80588e-08 -1.41293e-19  1.32308e-08 -1.00915e-19  4.10304e-09 -4.42521e-20  1.15772e-09 -1.15801e-20   3.0066e-10  2.64519e-22  7.23969e-11  2.32181e-21   1.6245e-11  1.61147e-21  3.40899e-12  7.72235e-22  6.70751e-13  3.06231e-22   1.2398e-13  1.08626e-22  2.15572e-14  3.62503e-23  3.52941e-15   1.1764e-23  5.44439e-16  3.77306e-24  7.91548e-17  1.19873e-24  1.08471e-17  3.74599e-25  1.40082e-18  1.13512e-25  1.70415e-19  3.26874e-26   1.9517e-20  8.73638e-27  2.10245e-21  2.11505e-27  2.12799e-22  4.52311e-28  2.02098e-23    8.287e-29  1.79805e-24  1.23594e-29  1.49575e-25    1.315e-30  1.16082e-26  4.01331e-32  8.38275e-28 -2.25609e-32  5.61569e-29 -6.90513e-33  3.47757e-30 -1.25668e-33  1.98246e-31 -1.67852e-34  1.03531e-32 -1.64022e-35  4.92462e-34 -9.19316e-37  2.11892e-35  4.63921e-38  8.17852e-37  2.21336e-38  2.80288e-38  3.84551e-39  8.42031e-40  4.83624e-40  2.18107e-41  4.81334e-41  4.76519e-43  3.79467e-42  8.51633e-45  2.28561e-43  1.18964e-46  9.83835e-45  1.20544e-48  2.69232e-46  7.65933e-51  3.62463e-48  1.96987e-53
 0.000968261  7.55331e-17 -0.000767539 -1.03539e-16   -0.0133141  -4.1895e-16   -0.0132218 -2.68959e-16   0.00736218  1.71693e-16      0.02947   3.0124e-16    0.0381952   1.5079e-16    0.0337311  8.46427e-17    0.0235203  1.98112e-16    0.0138128  3.17383e-16   0.00711437  2.99145e-16   0.00333015  1.72126e-16   0.00147455  4.42443e-17  0.000646013 -2.19023e-17  0.000290225 -3.17895e-17  0.000134571 -1.74039e-17  6.28994e-05 -2.67755e-18  2.86691e-05    4.285e-18  1.24203e-05  4.95014e-18  5.04144e-06  3.10291e-18  1.90545e-06  1.26381e-18  6.69584e-07  2.35797e-19  2.18932e-07 -1.16732e-19  6.67218e-08 -1.41465e-19  1.89921e-08 -7.91888e-20  5.05959e-09 -2.81102e-20   1.2639e-09  -4.4125e-21   2.9655e-10  2.20791e-21  6.54473e-11  2.38584e-21  1.36026e-11  1.33748e-21  2.66513e-12  5.80704e-22  4.92622e-13  2.17923e-22  8.59525e-14  7.50924e-23  1.41617e-14  2.47504e-23   2.2038e-15  7.99676e-24  3.23917e-16  2.55657e-24  4.49601e-17   8.0697e-25  5.89124e-18  2.48802e-25  7.28359e-19  7.36139e-26  8.49057e-20  2.04383e-26  9.32375e-21  5.19811e-27  9.63445e-22  1.18188e-27  9.35557e-23  2.33836e-28  8.52393e-24  3.87368e-29  7.27345e-25  4.95958e-30  5.80023e-26  3.64728e-31  4.31201e-27 -2.88655e-32   2.9799e-28 -1.67913e-32  1.90794e-29 -3.68659e-33  1.12743e-30 -5.64301e-34   6.1209e-32 -6.42055e-35  3.03685e-33  -4.9164e-36  1.36826e-34 -6.98046e-38  5.55594e-36  5.61904e-38  2.01452e-37  1.24802e-38  6.44816e-39   1.7838e-39  1.79573e-40  1.97934e-40  4.26915e-42  1.75165e-41  8.44372e-44  1.20967e-42  1.33892e-45  6.19193e-44   1.6072e-47  2.15202e-45  1.31988e-49  4.29962e-47  5.89331e-52  3.06993e-49
 2.11292e-17   0.00147186  7.19858e-17   -0.0038643 -1.46745e-16   -0.0143253  -3.5882e-16  -0.00935885 -1.60631e-16    0.0114668  1.27419e-16    0.0314982   1.5079e-16    0.0394734  6.85057e-17    0.0358728  1.20634e-16    0.0267398  2.72583e-16    0.0173633  3.47261e-16    0.0102009  2.75283e-16   0.00556739  1.33536e-16   0.00287348  2.17669e-17   0.00141633 -2.44908e-17   0.00066851 -2.46638e-17  0.000301483 -9.93245e-18  0.000129315  1.37373e-18  5.25055e-05  5.21259e-18  2.01049e-05  4.37058e-18  7.24249e-06  2.28559e-18  2.45148e-06  7.31522e-19  7.79443e-07  1.71531e-20  2.32851e-07 -1.56492e-19  6.54017e-08 -1.20112e-19  1.72855e-08 -5.42941e-20  4.30279e-09 -1.45297e-20  1.00967e-09  2.72688e-22  2.23525e-10  2.94029e-21  4.67206e-11  2.07638e-21  9.22557e-12  1.01062e-21  1.72183e-12  4.06936e-22  3.03844e-13  1.46378e-22  5.07069e-14  4.93847e-23  8.00328e-15  1.61389e-23  1.19459e-15  5.19574e-24  1.68587e-16  1.65381e-24  2.24862e-17  5.17077e-25  2.83309e-18    1.565e-25   3.3694e-19   4.4916e-26  3.77927e-20  1.19392e-26   3.9936e-21  2.86931e-27  3.97071e-22  6.08007e-28  3.70911e-23  1.10084e-28  3.24947e-24  1.61274e-29  2.66453e-25  1.64929e-30  2.04024e-26  3.18221e-32  1.45487e-27 -3.35859e-32  9.63158e-29 -9.64128e-33   5.8984e-30 -1.71066e-33  3.32743e-31 -2.23387e-34  1.72061e-32 -2.09985e-35  8.10834e-34 -1.00364e-36  3.45814e-35  1.02844e-37  1.32367e-36  3.58553e-38  4.50067e-38  5.97401e-39  1.34198e-39  7.40993e-40  3.45139e-41  7.31812e-41  7.48966e-43  5.72559e-42  1.32996e-44  3.41577e-43  1.84654e-46  1.45205e-44  1.86032e-48  3.90796e-46  1.17596e-50   5.1361e-48  3.02329e-53
 0.000475642  4.45221e-17  0.000905264  5.01181e-17  -0.00681602 -1.60055e-16     -0.01384 -2.50981e-16  -0.00507584 -6.02321e-17    0.0155726  9.03045e-17    0.0337311  6.85057e-17    0.0407878  6.50669e-17     0.037454  1.89662e-16    0.0288239  3.28244e-16    0.0195278  3.41205e-16    0.0119884  2.29591e-16   0.00678848  9.16104e-17   0.00358267   3.8562e-18   0.00177184 -2.32734e-17  0.000823022 -1.68058e-17  0.000359253 -3.66812e-18  0.000147338  3.89111e-18  5.67601e-05  5.14835e-18  2.05379e-05  3.43288e-18  6.98157e-06  1.47844e-18  2.23075e-06  3.16189e-19  6.70426e-07 -1.08129e-19  1.89674e-07 -1.52761e-19  5.05588e-08 -8.84566e-20  1.27085e-08 -3.18897e-20  3.01482e-09   -4.998e-21  6.75491e-10  2.62756e-21  1.43039e-10  2.83855e-21  2.86421e-11  1.60648e-21  5.42574e-12  7.05757e-22  9.72636e-13  2.68134e-22  1.65028e-13   9.3426e-23  2.65035e-14  3.10546e-23  4.02858e-15  1.00894e-23  5.79437e-16  3.23657e-24  7.88328e-17  1.02356e-24  1.01398e-17  3.15655e-25  1.23222e-18  9.32128e-26  1.41356e-19  2.57683e-26  1.52921e-20  6.51128e-27  1.55822e-21  1.46792e-27  1.49342e-22  2.87274e-28  1.34405e-23  4.68629e-29  1.13371e-24  5.83516e-30   8.9431e-26  3.87908e-31   6.5808e-27 -4.62443e-32  4.50408e-28  -2.2142e-32  2.85766e-29 -4.68387e-33  1.67414e-30 -7.00116e-34  9.01516e-32 -7.72974e-35   4.4384e-33  -5.4756e-36  1.98514e-34  3.10921e-38  8.00502e-36   8.8514e-38  2.88345e-37  1.81214e-38   9.1718e-39  2.53469e-39  2.53904e-40  2.78582e-40   6.0021e-42  2.44694e-41  1.18071e-43   1.6751e-42  1.86266e-45  8.47825e-44   2.2252e-47  2.90329e-45  1.81901e-49  5.68258e-47   8.0956e-52  3.92685e-49
  2.8706e-18  0.000962853  5.85556e-17 -0.000659961  2.43368e-17  -0.00897109  -1.2685e-16   -0.0120938 -1.17007e-16 -0.000434383  3.00597e-17    0.0196627  8.46427e-17    0.0358728  6.50669e-17    0.0416253  1.26363e-16    0.0379395  2.68776e-16    0.0293505  3.54788e-16    0.0200482  3.06035e-16    0.0123707  1.74503e-16   0.00699175   5.4446e-17   0.00365033 -7.11536e-18   0.00176966 -1.88558e-17  0.000799236 -9.33732e-18  0.000337009  8.19337e-19  0.000132893  4.90946e-18  4.90755e-05  4.38464e-18  1.69936e-05  2.39402e-18  5.52468e-06  8.07911e-19  1.68831e-06  4.55005e-20  4.85544e-07 -1.53419e-19  1.31557e-07 -1.23362e-19  3.36166e-08 -5.65871e-20  8.10868e-09 -1.51125e-20  1.84783e-09  4.88778e-22  3.98106e-10  3.28114e-21  8.11363e-11  2.31227e-21    1.565e-11  1.13311e-21  2.85789e-12   4.6066e-22  4.94196e-13  1.67397e-22  8.09305e-14  5.69876e-23  1.25505e-14  1.87521e-23  1.84276e-15   6.0662e-24   2.5609e-16  1.93715e-24  3.36687e-17  6.06666e-25  4.18509e-18  1.83527e-25  4.91461e-19  5.25154e-26  5.44713e-20  1.38834e-26  5.69183e-21  3.31102e-27   5.5997e-22  6.94607e-28   5.1789e-23  1.24066e-28  4.49462e-24  1.77856e-29   3.6529e-25  1.72597e-30   2.7736e-26  6.14512e-33  1.96213e-27 -4.29418e-32  1.28921e-28 -1.15407e-32  7.83881e-30 -1.99014e-33  4.39213e-31 -2.53048e-34  2.25657e-32   -2.265e-35  1.05691e-33  -8.3599e-37  4.48148e-35  1.72744e-37   1.7059e-36  4.93596e-38  5.76983e-38  7.93324e-39  1.71179e-39  9.71215e-40  4.38149e-41  9.51539e-41  9.46473e-43   7.3842e-42  1.67337e-44   4.3605e-43  2.31387e-46  1.82921e-44  2.32306e-48  4.83565e-46  1.46265e-50  6.18825e-48  3.76261e-53
 0.000204021  1.20718e-17  0.000999192   6.0323e-17  -0.00269504  1.46296e-17   -0.0100229 -4.91946e-17  -0.00927281  2.17823e-17   0.00445399   1.1548e-16    0.0235203  1.20634e-16     0.037454  1.26363e-16    0.0414232  2.19368e-16    0.0369021  3.31368e-16    0.0281417  3.47536e-16    0.0189726  2.52034e-16     0.011526  1.20714e-16   0.00638633  2.66069e-17   0.00325314 -1.12697e-17   0.00153187 -1.27598e-17  0.000669502 -3.27747e-18  0.000272418  3.37655e-18   0.00010346  4.75442e-18  3.67536e-05  3.28639e-18  1.22362e-05  1.46178e-18  3.82432e-06  3.33539e-19   1.1238e-06 -9.31707e-20  3.10923e-07 -1.45306e-19  8.10932e-08 -8.55202e-20  1.99599e-08 -3.08179e-20  4.64077e-09 -4.56232e-21  1.02007e-09  2.84763e-21  2.12118e-10  2.96369e-21  4.17508e-11  1.67562e-21  7.78157e-12  7.40362e-22  1.37374e-12  2.83607e-22  2.29738e-13  9.96746e-23  3.63963e-14  3.33842e-23  5.46161e-15  1.09114e-23  7.76078e-16  3.51597e-24  1.04384e-16  1.11523e-24  1.32819e-17  3.44266e-25  1.59764e-18  1.01504e-25  1.81514e-19  2.79421e-26  1.94579e-20  7.01339e-27  1.96563e-21  1.56679e-27  1.86852e-22  3.02918e-28  1.66863e-23  4.85362e-29  1.39718e-24  5.83751e-30  1.09447e-25  3.34502e-31  8.00049e-27 -6.23068e-32   5.4414e-28 -2.52817e-32  3.43175e-29 -5.14211e-33  1.99907e-30 -7.48272e-34  1.07068e-31 -7.96739e-35  5.24416e-33 -5.07201e-36  2.33407e-34  1.80912e-37  9.36828e-36  1.18242e-37  3.35954e-37  2.26823e-38   1.0641e-38  3.11156e-39   2.9339e-40  3.38775e-40  6.90884e-42  2.95218e-41  1.35408e-43  2.00222e-42  2.12858e-45  1.00134e-43  2.53521e-47  3.37517e-45  2.07004e-49  6.45977e-47  9.16056e-52  4.30035e-49
-2.90241e-18  0.000516092  2.24643e-17   0.00037538  5.60478e-17  -0.00462451  3.34283e-17  -0.00985563  5.45953e-17  -0.00557883  1.48364e-16   0.00934011  1.98112e-16    0.0267398  1.89662e-16    0.0379395  2.19368e-16    0.0397433  3.05641e-16    0.0341918  3.58173e-16    0.0253535  3.09794e-16     0.016645  1.90613e-16   0.00983772  7.54241e-17    0.0052926  9.08716e-18   0.00261205 -1.04573e-17   0.00118937 -6.69049e-18  0.000501886  8.05342e-19  0.000196965    4.259e-18  7.21041e-05  3.89428e-18   2.4684e-05  2.17387e-18  7.91973e-06  7.52653e-19  2.38604e-06  5.26409e-20   6.7616e-07  -1.3586e-19  1.80496e-07 -1.11476e-19  4.54454e-08 -5.11653e-20  1.08044e-08 -1.33407e-20  2.42776e-09  8.38905e-22     5.16e-10  3.26378e-21  1.03803e-10  2.26308e-21   1.9774e-11  1.10922e-21  3.56827e-12  4.53349e-22  6.10081e-13  1.65957e-22  9.88361e-14   5.6928e-23  1.51709e-14  1.88591e-23  2.20591e-15  6.13464e-24  3.03733e-16  1.96723e-24  3.95831e-17  6.17562e-25  4.87939e-18  1.86812e-25  5.68472e-19   5.3303e-26  6.25347e-20  1.40133e-26  6.48787e-21  3.31503e-27  6.33968e-22  6.87893e-28  5.82555e-23  1.20993e-28  5.02492e-24  1.69022e-29  4.06015e-25  1.53138e-30  3.06576e-26 -2.82472e-32  2.15739e-27   -4.779e-32   1.4104e-28 -1.20455e-32  8.53482e-30 -2.01453e-33  4.76038e-31 -2.48404e-34  2.43519e-32 -2.08952e-35  1.13586e-33 -4.64198e-37  4.79734e-35  2.36481e-37   1.8193e-36  5.88733e-38  6.13143e-38  9.17517e-39  1.81288e-39  1.10955e-39  4.62517e-41  1.07819e-40  9.96011e-43  8.29493e-42  1.75569e-44  4.84553e-43  2.42033e-46   2.0042e-44  2.42713e-48  5.19697e-46   1.5378e-50  6.45587e-48  3.87749e-53
 7.90102e-05 -1.22316e-18  0.000680063  2.82644e-17 -0.000760746  5.46431e-17   -0.0059901   7.7533e-17   -0.0084881  1.59333e-16  -0.00130915   2.4982e-16    0.0138128  2.72583e-16    0.0288239  2.68776e-16    0.0369021  3.05641e-16    0.0364384  3.55702e-16    0.0300144  3.43521e-16    0.0214419  2.51587e-16    0.0135925  1.31887e-16   0.00776037  4.19047e-17   0.00403174  3.02713e-19   0.00192048 -7.12428e-18  0.000843636 -1.89878e-18  0.000343341  2.90559e-18  0.000129945  3.98082e-18  4.58809e-05  2.78128e-18  1.51534e-05  1.25349e-18  4.69242e-06  2.92069e-19   1.3651e-06 -7.68449e-20  3.73733e-07 -1.23628e-19  9.64361e-08 -7.27815e-20  2.34831e-08 -2.58432e-20  5.40234e-09 -3.39264e-21  1.17521e-09   2.8031e-21  2.41922e-10  2.74966e-21  4.71541e-11  1.54132e-21  8.70631e-12  6.81872e-22  1.52315e-12   2.6257e-22  2.52527e-13  9.29139e-23  3.96763e-14  3.13373e-23  5.90682e-15  1.03069e-23  8.33016e-16  3.33861e-24  1.11237e-16  1.06289e-24  1.40569e-17  3.28577e-25  1.67982e-18  9.67438e-26  1.89663e-19  2.65176e-26   2.0211e-20  6.60931e-27  2.03018e-21  1.46217e-27  1.91951e-22  2.78915e-28  1.70539e-23  4.37755e-29  1.42098e-24  5.04471e-30  1.10795e-25  2.29478e-31  8.06315e-27 -7.17339e-32  5.46088e-28 -2.53435e-32  3.43019e-29 -4.95301e-33  1.99051e-30 -6.99778e-34   1.0622e-31 -7.13404e-35  5.18455e-33 -3.89397e-36  2.29989e-34  3.31354e-37  9.20192e-36  1.36692e-37  3.28995e-37    2.488e-38  1.03907e-38  3.35418e-39  2.85704e-40  3.61823e-40  6.71025e-42  3.12698e-41  1.31188e-43  2.09993e-42  2.05715e-45  1.03698e-43  2.44208e-47   3.4367e-45  2.00485e-49  6.41785e-47  9.20304e-52   4.0918e-49
-2.19941e-18  0.000245918  9.70138e-19  0.000488758  2.72305e-17  -0.00206623  6.10122e-17  -0.00649163  1.31465e-16  -0.00608733  2.42445e-16   0.00310137  3.17383e-16    0.0173633  3.28244e-16    0.0293505  3.31368e-16    0.0341918  3.55702e-16    0.0317263  3.57604e-16    0.0248793  2.94951e-16    0.0170229  1.85913e-16    0.0103655  8.28517e-17   0.00569282  2.01149e-17   0.00284728 -2.53583e-18   0.00130636  -3.3628e-18  0.000552985  1.09697e-18  0.000216963  3.44937e-18  7.92025e-05   3.1101e-18  2.69877e-05  1.74286e-18    8.607e-06  6.06273e-19  2.57518e-06  4.23965e-20  7.24279e-07  -1.0993e-19  1.91819e-07  -8.9836e-20  4.79073e-08 -4.07434e-20  1.12974e-08 -1.01452e-20  2.51814e-09  1.14581e-21  5.30976e-10  2.91495e-21   1.0599e-10   1.9708e-21  2.00389e-11  9.61568e-22  3.58977e-12  3.93867e-22  6.09454e-13  1.44954e-22  9.80683e-14  5.00516e-23  1.49555e-14  1.66917e-23  2.16109e-15  5.46246e-24  2.95792e-16  1.76016e-24  3.83291e-17  5.54131e-25  4.69913e-18  1.67646e-25   5.4463e-19  4.76961e-26  5.96151e-20  1.24666e-26  6.15573e-21  2.92383e-27    5.988e-22  5.99552e-28  5.47873e-23  1.03648e-28  4.70639e-24  1.40434e-29   3.7879e-25  1.16187e-30  2.84953e-26 -5.81443e-32  1.99811e-27 -4.68185e-32  1.30185e-28  -1.1106e-32  7.85248e-30 -1.79862e-33  4.36633e-31 -2.14132e-34  2.22706e-32 -1.66224e-35  1.03589e-33 -2.69426e-38  4.36345e-35  2.74372e-37  1.65057e-36  6.17685e-38  5.54935e-38  9.37565e-39  1.63701e-39  1.12082e-39   4.1673e-41  1.08006e-40  8.95523e-43  8.23381e-42  1.57543e-44  4.75505e-43  2.16701e-46  1.93751e-44  2.15885e-48  4.92016e-46  1.41825e-50  5.91075e-48  4.19318e-53
 2.81709e-05 -4.54121e-18  0.000379926 -9.02567e-19 -6.77324e-05  2.14462e-17  -0.00316104  7.33392e-17  -0.00601189  1.76766e-16  -0.00298887  2.90115e-16   0.00711437  3.47261e-16    0.0195278  3.54788e-16    0.0281417  3.58173e-16    0.0300144  3.57604e-16    0.0261303  3.16987e-16    0.0194422  2.27823e-16    0.0126962  1.24515e-16   0.00740342  4.66629e-17   0.00390208  7.88962e-18   0.00187575 -2.22816e-18  0.000828117  -4.3276e-19   0.00033764  2.42497e-18  0.000127711  3.04276e-18  4.49829e-05  2.10586e-18  1.48009e-05  9.47014e-19  4.56162e-06  2.17984e-19  1.31988e-06 -6.11195e-20  3.59238e-07  -9.5062e-20  9.21276e-08 -5.51994e-20  2.22932e-08 -1.90529e-20  5.09619e-09 -2.01983e-21  1.10164e-09   2.4979e-21  2.25371e-10  2.28788e-21  4.36613e-11  1.26512e-21  8.01372e-12    5.586e-22  1.39394e-12  2.15765e-22  2.29823e-13   7.6778e-23   3.5916e-14  2.60652e-23   5.3195e-15  8.62899e-24  7.46483e-16  2.81121e-24  9.92094e-17  8.98696e-25  1.24801e-17  2.78274e-25  1.48492e-18  8.18178e-26  1.66962e-19  2.23257e-26  1.77214e-20  5.52338e-27  1.77337e-21  1.20918e-27  1.67064e-22  2.27262e-28  1.47916e-23  3.48327e-29  1.22843e-24  3.80803e-30  9.54814e-26  1.14883e-31  6.92793e-27 -7.16693e-32  4.67868e-28 -2.25521e-32  2.93089e-29 -4.23576e-33  1.69637e-30 -5.79482e-34  9.03014e-32 -5.60506e-35  4.39724e-33 -2.40334e-36  1.94629e-34  4.32975e-37  7.77067e-36  1.38926e-37  2.77264e-37  2.42271e-38   8.7401e-39  3.21565e-39   2.3988e-40  3.43733e-40  5.62404e-42  2.94506e-41  1.09762e-43  1.95726e-42  1.71855e-45   9.5364e-44  2.03482e-47  3.10375e-45  1.63204e-49  5.64091e-47  8.95694e-52  3.41815e-49
-1.66116e-18   0.00010823 -8.56015e-18    0.0003445 -8.30689e-18 -0.000823446  1.45166e-17  -0.00373957  8.51573e-17  -0.00463882  2.00171e-16  0.000327707  2.99145e-16    0.0102009  3.41205e-16    0.0200482  3.47536e-16    0.0253535  3.43521e-16    0.0248793  3.16987e-16    0.0203159   2.5056e-16    0.0143181   1.5844e-16   0.00890711  7.49958e-17   0.00496603  2.30713e-17   0.00250897  2.23254e-18   0.00115834 -8.68324e-19  0.000491916  1.24775e-18  0.000193182  2.57524e-18  7.04623e-05  2.24264e-18  2.39578e-05  1.24541e-18  7.61674e-06  4.28012e-19  2.27015e-06  2.48913e-20  6.35716e-07  -8.1803e-20  1.67577e-07 -6.52075e-20  4.16487e-08 -2.88934e-20  9.77255e-09 -6.70196e-21  2.16731e-09  1.26723e-21  4.54716e-10  2.35022e-21  9.03196e-11   1.5417e-21  1.69937e-11  7.46401e-22  3.02991e-12  3.05737e-22   5.1205e-13  1.12962e-22  8.20301e-14  3.92367e-23  1.24563e-14  1.31722e-23  1.79254e-15  4.33835e-24  2.44379e-16  1.40528e-24  3.15469e-17  4.43769e-25  3.85359e-18  1.34275e-25  4.45079e-19  3.80844e-26  4.85564e-20  9.89324e-27  4.99791e-21  2.29907e-27  4.84699e-22  4.65396e-28  4.42194e-23   7.8914e-29   3.7881e-24  1.03129e-29  3.04081e-25  7.53967e-31  2.28179e-26 -7.38639e-32  1.59619e-27 -4.07705e-32  1.03762e-28 -9.13918e-33  6.24522e-30 -1.43146e-33  3.46549e-31 -1.63705e-34  1.76414e-32 -1.14136e-35  8.19045e-34  3.30411e-37  3.44398e-35  2.76574e-37  1.30058e-36  5.77004e-38  4.36574e-38  8.56173e-39  1.28592e-39   1.0125e-39  3.26883e-41  9.67374e-41  7.01369e-43  7.30438e-42  1.23181e-44   4.1676e-43  1.69255e-46  1.67126e-44  1.67838e-48  4.14869e-46  9.98115e-51  4.79732e-48  5.81278e-53
 9.40801e-06 -4.60219e-18   0.00018851 -1.50897e-17  9.43784e-05  -1.9032e-17  -0.00152919  8.54025e-18  -0.00364802  8.96456e-17  -0.00265583  1.97319e-16   0.00333015  2.75283e-16    0.0119884  3.06035e-16    0.0189726  3.09794e-16    0.0214419  2.94951e-16    0.0194422   2.5056e-16    0.0149001  1.77442e-16   0.00994182  9.88351e-17   0.00588749   4.0042e-17   0.00313656  9.64071e-18   0.00151845  3.33682e-19  0.000673206  3.60017e-19  0.000275033  1.83295e-18  0.000104063   2.1055e-18   3.6618e-05   1.4307e-18  1.20252e-05  6.35091e-19   3.6963e-06  1.40046e-19   1.0661e-06  -4.6543e-20  2.89138e-07 -6.65593e-20  7.38695e-08 -3.76593e-20  1.78047e-08 -1.24644e-20   4.0538e-09 -8.84453e-22   8.7277e-10  2.01322e-21  1.77834e-10  1.71972e-21  3.43157e-11  9.35269e-22  6.27398e-12  4.11277e-22   1.0872e-12  1.59117e-22  1.78593e-13  5.68897e-23  2.78109e-14  1.94358e-23  4.10496e-15  6.47777e-24   5.7415e-16  2.12328e-24  7.60645e-17  6.81747e-25  9.53958e-18  2.11447e-25  1.13175e-18  6.20719e-26  1.26898e-19  1.68564e-26  1.34333e-20  4.13747e-27  1.34085e-21  8.95608e-28  1.26012e-22  1.65604e-28  1.11313e-23  2.47022e-29  9.22417e-25  2.52869e-30  7.15465e-26  2.50053e-32  5.18097e-27 -6.29857e-32   3.4923e-28 -1.79768e-32  2.18379e-29 -3.24655e-33  1.26181e-30 -4.28837e-34  6.70606e-32 -3.88797e-35  3.26054e-33 -1.06264e-36  1.44109e-34  4.60374e-37  5.74574e-36  1.25704e-37  2.04748e-37  2.11623e-38  6.44628e-39  2.76972e-39  1.76719e-40  2.93414e-40  4.13843e-42  2.49142e-41  8.06022e-44   1.6377e-42  1.25835e-45  7.86684e-44  1.48782e-47  2.51095e-45  1.18301e-49  4.42765e-47  4.21594e-52  2.52394e-49
-8.98534e-19  4.50054e-05 -8.64899e-18  0.000193883 -2.35926e-17 -0.000299831 -2.95182e-17   -0.0019562  3.33299e-18  -0.00292158  8.31783e-17  -0.00047559  1.72126e-16   0.00556739  2.29591e-16    0.0123707  2.52034e-16     0.016645  2.51587e-16    0.0170229  2.27823e-16    0.0143181  1.77442e-16     0.010311  1.12453e-16   0.00651551  5.47277e-17   0.00367325   1.8436e-17   0.00187003  3.14613e-18  0.000867601  1.23671e-19  0.000369479  1.03026e-18  0.000145269  1.71905e-18   5.2982e-05  1.45251e-18  1.79958e-05  7.95137e-19   5.7113e-06  2.66198e-19  1.69837e-06  9.00707e-21  4.74337e-07 -5.61915e-20  1.24672e-07 -4.29566e-20  3.08895e-08 -1.84015e-20   7.2248e-09 -3.85297e-21  1.59708e-09  1.17557e-21  3.33986e-10  1.71875e-21  6.61247e-11  1.09171e-21  1.24018e-11  5.23428e-22  2.20431e-12  2.14099e-22  3.71396e-13  7.93425e-23  5.93225e-14  2.77121e-23  8.98252e-15  9.36574e-24   1.2891e-15  3.10533e-24  1.75282e-16  1.01139e-24  2.25701e-17   3.2038e-25  2.75036e-18  9.69377e-26  3.16925e-19  2.74022e-26   3.4499e-20  7.07164e-27   3.5435e-21  1.62728e-27  3.42961e-22  3.24823e-28  3.12288e-23  5.38976e-29  2.67039e-24  6.74804e-30  2.13991e-25   4.1314e-31  1.60314e-26 -7.34975e-32  1.11971e-27 -3.18279e-32  7.26813e-29 -6.76912e-33  4.36846e-30 -1.02412e-33  2.42089e-31 -1.11792e-34  1.23085e-32 -6.69803e-36  5.70785e-34  5.26001e-37  2.39744e-35  2.46465e-37   9.0443e-37  4.84663e-38  3.03299e-38  7.05181e-39  8.92519e-40  8.25427e-40  2.26677e-41  7.81781e-41  4.85784e-43  5.84397e-42  8.47737e-45  3.29208e-43  1.15259e-46  1.29789e-44  1.12797e-48  3.14269e-46  6.78229e-51  3.47717e-48   6.3247e-54
