   7.382e-06  -1.1558e-19 -7.03144e-05  9.62636e-19  0.000238576 -3.00776e-18 -0.000416951  5.81278e-18  0.000366911 -7.34449e-18 -5.57525e-05   6.0584e-18 -0.000177787 -2.76231e-18  9.41713e-05 -1.66134e-19  7.66421e-05  1.06784e-18 -5.91438e-05 -4.33808e-19 -3.77737e-05 -2.11219e-19  2.82863e-05  2.19185e-19  2.08869e-05  1.42648e-20 -1.01505e-05 -9.14539e-20  -1.1161e-05   2.4129e-20  1.80884e-06  2.77309e-20  4.94881e-06 -1.80886e-20  7.31818e-07 -2.24113e-22 -1.52981e-06  2.52105e-21 -7.57286e-07  2.96866e-22  1.94956e-07 -5.08574e-22   2.8287e-07 -5.57877e-22  6.15908e-08   5.7872e-22 -3.70622e-08 -4.17177e-23 -2.62546e-08 -4.92818e-23 -4.69443e-09 -1.91177e-23  1.33519e-09  2.86744e-24  8.45485e-10  2.50152e-24  1.67861e-10  1.84564e-25  1.17543e-11 -8.44768e-27 -8.73576e-14
 -1.1558e-19  0.000102558 -3.76254e-19 -0.000533486  2.02679e-18   0.00129298 -5.04875e-18  -0.00166672  7.99618e-18  0.000920238 -8.36877e-18  0.000332141  6.11019e-18 -0.000670674 -2.54669e-18  1.54933e-05 -3.76747e-19  0.000361369  1.20964e-18 -3.97357e-05 -4.75982e-19 -0.000184585  -2.2421e-19  1.02693e-05  2.63491e-19  8.90245e-05  7.53692e-22  8.68249e-06 -1.39008e-19 -3.72736e-05  5.34499e-20 -1.20603e-05  4.37933e-20  1.15843e-05 -4.52699e-20  7.81262e-06  1.09421e-20 -1.57745e-06  6.87169e-21 -3.04983e-06 -3.28481e-21 -6.22141e-07 -1.35716e-21  5.84006e-07 -5.46286e-22  3.74284e-07  1.30714e-21  2.70685e-08 -9.00206e-23 -5.43536e-08 -9.94484e-23 -2.47497e-08 -3.59538e-23 -3.27748e-09 -1.70801e-24  6.92405e-10  2.29281e-24  2.97428e-10  4.46709e-25  3.31953e-11  3.57601e-26
-7.03144e-05 -3.76254e-19  0.000677742 -5.66733e-19  -0.00233979  2.15898e-18   0.00420103 -4.53984e-18  -0.00389479  5.33479e-18  0.000850893 -4.90327e-18   0.00173204  4.60476e-18  -0.00115264 -2.96865e-18 -0.000663097  3.62185e-19  0.000719164  9.53447e-19   0.00029977 -6.68386e-19 -0.000363124  4.47983e-20 -0.000168937  2.33471e-19  0.000152026 -5.81684e-20  9.97891e-05 -1.38057e-19 -4.62342e-05  7.81831e-20 -5.14637e-05   3.9592e-20  4.60468e-06  -7.9875e-20  2.01075e-05  3.32428e-20  4.72747e-06  1.47472e-20 -4.74631e-06 -9.31417e-21 -3.05378e-06 -3.53133e-21  8.97031e-08 -3.45806e-22  7.33139e-07  1.97061e-21  2.70725e-07  1.00468e-23 -1.27468e-08 -8.02228e-23 -3.89984e-08 -4.70121e-23 -1.23079e-08 -1.33618e-23 -1.36665e-09 -2.48703e-25  5.50278e-11  4.46423e-25  1.45202e-11
 9.62636e-19 -0.000533486 -5.66733e-19   0.00282332 -3.80221e-19  -0.00702067  1.49275e-18   0.00944533 -1.91765e-18  -0.00580743 -9.42607e-20  -0.00126381 -1.21498e-18   0.00392967  4.25966e-18 -0.000623185 -3.72038e-18  -0.00201588  9.58646e-19  0.000586114   4.6817e-19   0.00101558  -6.8686e-19 -0.000279704  4.12856e-19  -0.00051067  2.69046e-20  7.13453e-05 -7.24165e-20  0.000239151 -3.34774e-20  1.60169e-05  8.32545e-20 -9.32443e-05  1.59378e-21 -3.02535e-05 -1.16577e-19  2.48578e-05  5.80965e-20   1.7912e-05  2.62438e-20 -1.65432e-06 -1.24417e-20 -5.62516e-06 -7.25139e-21 -1.69006e-06 -9.08302e-22  5.81473e-07  2.11062e-21  5.42231e-07  2.86674e-22  1.23232e-07  5.44688e-23 -1.57414e-08 -3.21323e-23 -1.44348e-08 -2.04963e-23 -2.99657e-09  -2.2464e-24 -2.21027e-10  2.28619e-25
 0.000238576  2.02679e-18  -0.00233979 -3.80221e-19   0.00828452 -2.94901e-19   -0.0154647  1.98057e-18    0.0154143  7.38875e-19  -0.00481446 -3.28527e-18  -0.00584458 -1.55142e-18   0.00529259  4.95079e-18   0.00166481 -2.59285e-18  -0.00320734  4.52511e-19 -0.000531056  -4.3668e-19   0.00167224 -1.94982e-19  0.000297903  7.33826e-19 -0.000782905 -4.44429e-19 -0.000228916 -4.88595e-20  0.000311238  1.76827e-19   0.00015709  1.12525e-19 -8.94665e-05 -5.50048e-20 -8.27367e-05 -1.58229e-19  8.10497e-06  6.96073e-20  2.99073e-05  3.97804e-20  7.64593e-06 -7.05441e-21 -5.47436e-06 -1.09158e-20 -3.93037e-06 -2.74444e-21 -3.77965e-07  1.38823e-21  5.38406e-07   5.2009e-22   2.5848e-07  2.42157e-22   3.8967e-08  1.86603e-23 -4.06081e-09 -1.25333e-23 -1.99327e-09 -1.53504e-24 -1.54172e-10
-3.00776e-18   0.00129298  2.15898e-18  -0.00702067 -2.94901e-19    0.0181309  -1.4032e-18   -0.0259306  3.17523e-18    0.0183218  2.50675e-18  0.000725267 -3.96501e-19   -0.0109374 -6.96701e-18   0.00392339  5.20322e-18   0.00500737  9.90147e-19  -0.00302779 -7.24505e-19  -0.00234637 -1.71264e-18   0.00163721  7.02982e-19   0.00120324  9.91331e-19  -0.00070042 -1.07274e-18 -0.000636992 -1.12079e-19  0.000211005  3.70236e-19  0.000309859  2.22363e-19 -1.43426e-05 -8.42293e-20 -0.000120935 -2.05145e-19 -2.98601e-05   5.3837e-20  3.01827e-05  5.12975e-20  1.92817e-05  7.32313e-21 -1.09623e-06 -1.17283e-20 -4.98062e-06 -5.00222e-21 -1.74202e-06 -8.83195e-23  1.24268e-07  4.27024e-22  2.60967e-07  3.54774e-22  7.77811e-08  8.31627e-23  8.61064e-09  4.63511e-24  3.91433e-14  1.19246e-25
-0.000416951 -5.04875e-18   0.00420103  1.49275e-18   -0.0154647  -1.4032e-18    0.0305985 -2.55298e-18   -0.0337607 -1.36843e-19      0.01502  4.23277e-18   0.00914976  7.38864e-18   -0.0133508 -1.42722e-17 -0.000285138  3.81269e-18   0.00753208  5.37004e-18  -0.00112782 -1.62127e-18  -0.00389695 -2.93867e-18  0.000713526   1.6632e-18   0.00196553  1.30057e-18 -0.000206269 -1.56363e-18 -0.000937406 -3.59442e-19 -5.40161e-05  3.84943e-19  0.000387607  4.07352e-19  0.000110526 -4.95154e-20 -0.000117793 -2.45163e-19 -7.36764e-05  8.41064e-21  1.45461e-05  5.51783e-20  2.69012e-05  2.48957e-20  6.20646e-06 -7.97258e-21 -3.72241e-06 -6.06629e-21 -2.67189e-06 -1.75865e-21 -4.99437e-07 -4.81318e-23  1.02171e-07  3.22729e-22  6.49629e-08  1.21371e-22  1.10905e-08  1.46195e-23  5.46088e-10
 5.81278e-18  -0.00166672 -4.53984e-18   0.00944533  1.98057e-18   -0.0259306 -2.55298e-18    0.0407152  -2.1543e-19   -0.0345644 -1.04189e-17   0.00634822   5.9537e-18    0.0163148  1.56474e-17   -0.0115935 -1.92355e-17  -0.00531257   1.0865e-18   0.00790577  8.36121e-18   0.00161733 -1.78346e-18   -0.0044218 -3.86709e-18 -0.000698814  2.34965e-18   0.00223041  1.80742e-18  0.000500901 -1.61808e-18 -0.000992187 -7.45534e-19 -0.000383119  1.66487e-19  0.000349658  5.98498e-19  0.000237566  4.72607e-20 -6.88123e-05 -2.58168e-19 -0.000104782  -5.5253e-20 -1.26974e-05  4.69624e-20  2.60061e-05  3.77257e-20  1.32765e-05 -5.96959e-22 -3.76805e-07 -5.06334e-21 -2.52028e-06 -2.97374e-21 -9.41809e-07 -6.57855e-22 -1.05518e-07  1.91756e-22  1.75595e-08    1.115e-22  4.89953e-09  1.07144e-23
 0.000366911  7.99618e-18  -0.00389479 -1.91765e-18    0.0154143  3.17523e-18   -0.0337607  -2.1543e-19    0.0436107  6.50184e-18   -0.0283081 -2.24314e-17  -0.00318189  7.09571e-18    0.0192415  2.05559e-17  -0.00712158 -1.98343e-17  -0.00894971 -1.80072e-18   0.00637682   9.2518e-18   0.00403332 -1.40341e-18  -0.00390965  -4.6997e-18  -0.00204467   2.4964e-18   0.00197857   2.4776e-18   0.00117298 -1.13211e-18 -0.000804623 -1.11983e-18 -0.000670733 -1.99531e-19  0.000210364   7.1833e-19  0.000326111  1.75949e-19  1.16386e-05 -2.30001e-19 -0.000111431 -1.17026e-19 -4.25298e-05  2.69234e-20  1.59808e-05  4.10693e-20  1.69826e-05  7.29574e-21  3.67929e-06 -2.65256e-21 -1.26853e-06  -3.3862e-21 -9.22288e-07 -1.06375e-21 -2.11233e-07   5.7828e-23 -1.74299e-08  6.78819e-23  6.18909e-11
-7.34449e-18  0.000920238  5.33479e-18  -0.00580743  7.38875e-19    0.0183218 -1.36843e-19   -0.0345644  6.50184e-18    0.0388812  1.36742e-17   -0.0194614 -3.00426e-17   -0.0094715  7.58688e-18    0.0183581  2.15087e-17  -0.00250067 -1.71711e-17   -0.0105553 -3.98006e-18   0.00407721   8.9529e-18    0.0055822 -8.02233e-19  -0.00280979 -5.67885e-18  -0.00302521  1.95733e-18   0.00138941  3.04096e-18   0.00166772 -2.51748e-19 -0.000453924  -1.3478e-18 -0.000856461 -5.75574e-19  1.00543e-05  7.24574e-19  0.000355688  3.02656e-19  0.000102153   -1.643e-19 -9.10794e-05 -1.57278e-19 -6.57245e-05  2.00776e-21 -3.07043e-07  3.56717e-20  1.56223e-05  1.23185e-20  6.67698e-06 -4.22391e-22  4.60757e-07 -3.09478e-21 -4.83899e-07 -1.11628e-21 -1.65568e-07 -2.25577e-23 -1.89117e-08  2.41012e-23
-5.57525e-05 -8.36877e-18  0.000850893 -9.42607e-20  -0.00481446  2.50675e-18      0.01502 -1.04189e-17   -0.0283081  1.36742e-17    0.0309197  1.76545e-17    -0.012715 -3.28294e-17   -0.0119283  7.39417e-18    0.0160307  2.04081e-17  0.000916914 -1.35795e-17   -0.0108049 -5.30793e-18   0.00183927  8.71199e-18   0.00635949 -3.65083e-20  -0.00151963 -6.62808e-18  -0.00360552  8.17264e-19  0.000641479  3.20145e-18   0.00194639  7.33957e-19 -2.39992e-05 -1.38495e-18 -0.000921023 -8.61774e-19 -0.000209032  6.20315e-19  0.000323228  4.00623e-19   0.00018246 -8.35341e-20 -4.84963e-05 -1.65236e-19 -7.56336e-05 -1.66557e-20 -1.79682e-05  2.60322e-20  9.48304e-06  1.25726e-20  7.31275e-06  3.49724e-22  1.76971e-06 -2.51143e-21  4.22221e-08 -9.19696e-22 -5.40113e-08 -4.73024e-23 -6.01263e-09
  6.0584e-18  0.000332141 -4.90327e-18  -0.00126381 -3.28527e-18  0.000725267  4.23277e-18   0.00634822 -2.24314e-17   -0.0194614  1.76545e-17    0.0245855  1.88799e-17  -0.00933443 -3.32791e-17   -0.0124564  6.19157e-18    0.0139123  1.90146e-17   0.00326047  -1.0565e-17   -0.0104617 -5.99333e-18 -0.000111376  9.04004e-18   0.00661153  9.90733e-19 -0.000229488  -7.0508e-18  -0.00384262 -6.00008e-19  -0.00014893  2.88671e-18   0.00201742  1.55048e-18  0.000419217 -1.26871e-18 -0.000868659 -1.01811e-18 -0.000411509  4.45219e-19  0.000237137  4.46679e-19  0.000237025 -1.81336e-20  6.93638e-06 -1.41636e-19 -6.94391e-05 -1.98333e-20 -3.17492e-05  1.70476e-20  6.68758e-07  8.47875e-21  5.37491e-06  -5.0713e-22  2.03606e-06  -2.0197e-21  3.13538e-07  -6.4974e-22  1.31982e-08 -3.40906e-23
-0.000177787  6.11019e-18   0.00173204 -1.21498e-18  -0.00584458 -3.96501e-19   0.00914976   5.9537e-18  -0.00318189 -3.00426e-17    -0.012715  1.88799e-17    0.0213687  1.93069e-17   -0.0078093 -3.23535e-17   -0.0126865  4.04595e-18     0.012227  1.75576e-17   0.00502622 -8.58528e-18  -0.00983817 -6.29246e-18  -0.00179527  9.62906e-18   0.00649318  2.22387e-18  0.000978069 -6.59738e-18  -0.00379688 -1.89422e-18 -0.000907202   2.2865e-18   0.00190636  2.03455e-18  0.000826812 -1.06456e-18 -0.000716432  -1.0393e-18 -0.000570833  2.56386e-19  0.000112757  4.19374e-19  0.000256413   8.6779e-21  6.37335e-05 -9.57865e-20 -4.84087e-05 -5.21416e-21 -3.75555e-05  1.19081e-20 -7.65453e-06  2.48564e-21  1.90318e-06 -2.07844e-21  1.33088e-06 -1.66212e-21  2.62578e-07  -3.8898e-22  1.57185e-08
-2.76231e-18 -0.000670674  4.60476e-18   0.00392967 -1.55142e-18   -0.0109374  7.38864e-18    0.0163148  7.09571e-18   -0.0094715 -3.28294e-17  -0.00933443  1.93069e-17    0.0199048  1.93327e-17  -0.00663125 -2.96462e-17   -0.0129551  1.72664e-18    0.0107059  1.55411e-17   0.00642195 -7.74465e-18  -0.00901725 -6.46786e-18  -0.00322453  9.85827e-18   0.00609971  3.37489e-18   0.00205329  -5.3519e-18  -0.00352571 -2.76883e-18  -0.00158355  1.67123e-18    0.0016468  2.13898e-18   0.00116447 -8.12255e-19 -0.000488301  -9.2605e-19 -0.000669504  1.04172e-19 -3.10234e-05  3.08588e-19  0.000237569  -9.7227e-21  0.000110496 -4.10621e-20 -1.74483e-05  2.21264e-20 -3.36607e-05  1.17619e-20 -1.24379e-05 -2.19042e-21 -1.29469e-06  -3.0307e-21  3.44944e-07 -1.22603e-21  9.33412e-08 -1.63115e-22
 9.41713e-05 -2.54669e-18  -0.00115264  4.25966e-18   0.00529259 -6.96701e-18   -0.0133508  1.56474e-17    0.0192415  7.58688e-18   -0.0119283 -3.32791e-17   -0.0078093  1.93327e-17    0.0187436  1.83163e-17  -0.00547685 -2.51896e-17   -0.0130837  2.48748e-19   0.00927308  1.29674e-17    0.0074868 -7.95585e-18  -0.00807633  -6.6797e-18  -0.00440295   9.2721e-18   0.00551297  4.08836e-18   0.00297017 -3.71724e-18  -0.00308385 -3.09364e-18   -0.0021478  1.17817e-18   0.00127466  1.89233e-18   0.00141029  -5.1223e-19 -0.000211099  -6.7746e-19 -0.000698409  1.59566e-20 -0.000174293  1.28266e-19  0.000183505 -6.39914e-20  0.000137793  8.75049e-21  1.59237e-05  5.29431e-20 -2.14203e-05  1.59154e-20 -1.21052e-05 -3.35796e-21 -2.71376e-06 -2.61381e-21 -2.22833e-07 -6.58943e-22  1.93117e-09
-1.66134e-19  1.54933e-05 -2.96865e-18 -0.000623185  4.95079e-18   0.00392339 -1.42722e-17   -0.0115935  2.05559e-17    0.0183581  7.39417e-18   -0.0124564 -3.23535e-17  -0.00663125  1.83163e-17     0.017581  1.60169e-17  -0.00452641 -1.97949e-17   -0.0130548  2.88646e-19   0.00797775   1.0513e-17   0.00828162 -8.70905e-18  -0.00708741 -6.80607e-18   -0.0053549  7.74094e-18   0.00479762  4.14513e-18   0.00372209 -2.09563e-18  -0.00251824 -2.87861e-18  -0.00258374  7.43709e-19  0.000824443    1.369e-18   0.00155202 -1.59439e-19  8.78601e-05 -3.04949e-19 -0.000655878 -4.51382e-21 -0.000298005 -8.30556e-20  0.000102657 -1.36113e-19  0.000139796  4.25603e-20  4.31547e-05   7.7672e-20 -5.22437e-06  2.19149e-20 -7.55069e-06 -1.26457e-21  -2.1886e-06 -1.28463e-21 -2.47618e-07 -1.95425e-22
 7.66421e-05 -3.76747e-19 -0.000663097 -3.72038e-18   0.00166481  5.20322e-18 -0.000285138 -1.92355e-17  -0.00712158  2.15087e-17    0.0160307  6.19157e-18   -0.0126865 -2.96462e-17  -0.00547685  1.60169e-17    0.0166094  1.27768e-17  -0.00380103 -1.44611e-17   -0.0129658  1.84088e-18   0.00682211  8.79842e-18   0.00887928 -9.11177e-18  -0.00608761 -6.49105e-18  -0.00611091  5.38252e-18   0.00399831  3.57229e-18   0.00431153 -6.66447e-19  -0.00186725 -2.23581e-18  -0.00288388  2.04838e-19   0.00032811  6.74262e-19   0.00158483  2.15124e-19  0.000382049  1.49758e-19 -0.000546876  3.08751e-20 -0.000385523 -2.77317e-19  7.97309e-06 -2.07406e-19  0.000115654  5.46825e-20  5.67925e-05  8.91936e-20  8.72973e-06  2.60696e-20 -1.86835e-06  1.63838e-21 -8.78908e-07 -1.65099e-22  -8.1456e-08
 1.06784e-18  0.000361369  3.62185e-19  -0.00201588 -2.59285e-18   0.00500737  3.81269e-18  -0.00531257 -1.98343e-17  -0.00250067  2.04081e-17    0.0139123  4.04595e-18   -0.0129551 -2.51896e-17  -0.00452641  1.27768e-17    0.0158606  9.03529e-18  -0.00320223 -9.95708e-18   -0.0128599  4.12634e-18   0.00577577  7.79652e-18   0.00932677 -8.27747e-18  -0.00509407 -5.47364e-18  -0.00669625  2.45967e-18    0.0031466  2.61895e-18   0.00474453  6.09473e-19  -0.00116252 -1.34467e-18  -0.00304622 -5.40488e-19 -0.000184957 -7.69377e-20   0.00150981  5.41691e-19  0.000646478  6.13237e-19 -0.000382414  1.01652e-19 -0.000424108 -4.16376e-19 -8.44045e-05 -2.63575e-19  7.04598e-05  4.60869e-20  5.31068e-05  8.45298e-20   1.5153e-05  2.51543e-20  1.68521e-06  2.88389e-21 -2.89441e-08  1.66971e-22
-5.91438e-05  1.20964e-18  0.000719164  9.58646e-19  -0.00320734  9.90147e-19   0.00753208   1.0865e-18  -0.00894971 -1.71711e-17  0.000916914  1.90146e-17     0.012227  1.72664e-18   -0.0130837 -1.97949e-17  -0.00380103  9.03529e-18    0.0152431  5.15873e-18  -0.00268184 -6.72195e-18   -0.0127398  5.84678e-18   0.00481973  6.98707e-18   0.00965451 -5.75938e-18  -0.00411758 -3.88722e-18   -0.0071322 -6.62679e-19   0.00226558  1.61845e-18   0.00502858   1.8448e-18 -0.000430439 -4.07077e-19  -0.00307232 -1.43903e-18 -0.000687617 -7.84138e-19   0.00133307  7.50115e-19  0.000858273  1.00274e-18  -0.00017912   1.8459e-19 -0.000406526 -4.82772e-19 -0.000157095 -2.95884e-19  1.54328e-05  2.35123e-20  3.46269e-05  6.59231e-20  1.29564e-05  1.88098e-20   2.1301e-06  2.12167e-21  1.13992e-07
-4.33808e-19 -3.97357e-05  9.53447e-19  0.000586114  4.52511e-19  -0.00302779  5.37004e-18   0.00790577 -1.80072e-18   -0.0105553 -1.35795e-17   0.00326047  1.75576e-17    0.0107059  2.48748e-19   -0.0130548 -1.44611e-17  -0.00320223  5.15873e-18    0.0147131  1.69803e-18  -0.00223159 -4.86907e-18   -0.0126127  5.79687e-18   0.00394202  5.91352e-18   0.00988736 -1.77608e-18  -0.00316365 -2.23567e-18  -0.00743676 -3.56728e-18    0.0013719  8.32738e-19    0.0051712  3.09394e-18  0.000306486  4.02997e-19  -0.00296615 -2.30603e-18  -0.00115444 -1.37241e-18   0.00106549  8.10869e-19  0.000997372  1.25909e-18  4.11724e-05  2.62114e-19 -0.000332864  -4.7742e-19 -0.000194378 -2.99264e-19 -3.35414e-05  -2.6774e-21  1.06505e-05  4.07872e-20  6.22177e-06  1.02698e-20  1.00928e-06  7.89746e-22
-3.77737e-05 -4.75982e-19   0.00029977   4.6817e-19 -0.000531056 -7.24505e-19  -0.00112782  8.36121e-18   0.00637682 -3.98006e-18   -0.0108049  -1.0565e-17   0.00502622  1.55411e-17   0.00927308  2.88646e-19   -0.0129658 -9.95708e-18  -0.00268184  1.69803e-18    0.0142656 -5.35847e-19  -0.00183869 -4.21028e-18   -0.0124879  3.49831e-18   0.00312947  4.53615e-18    0.0100444  2.86908e-18  -0.00223353 -1.08896e-18  -0.00762418 -5.89134e-18   0.00047779  3.81583e-19   0.00517902  4.30861e-18   0.00102825  9.82508e-19   -0.0027335 -2.93219e-18   -0.0015612 -1.79527e-18  0.000722759  7.42378e-19   0.00104756  1.36619e-18   0.00025212  3.29795e-19 -0.000212403 -4.10432e-19 -0.000186374 -2.70551e-19 -6.06066e-05 -2.13968e-20 -7.00115e-06  1.87051e-20  7.21443e-07  3.70476e-21  1.60999e-07
-2.11219e-19 -0.000184585 -6.68386e-19   0.00101558  -4.3668e-19  -0.00234637 -1.62127e-18   0.00161733   9.2518e-18   0.00407721 -5.30793e-18   -0.0104617 -8.58528e-18   0.00642195  1.29674e-17   0.00797775  1.84088e-18   -0.0128599 -6.72195e-18  -0.00223159 -5.35847e-19      0.01389 -8.90355e-19  -0.00148846  -4.3374e-18   -0.0123698 -5.71287e-19   0.00236987  3.20136e-18    0.0101392  7.12627e-18  -0.00132634 -7.75387e-19  -0.00770516 -7.44824e-18  -0.00040731  2.65403e-19   0.00505744  5.36215e-18   0.00171611  1.32405e-18    -0.002382 -3.19069e-18  -0.00188451 -2.04324e-18  0.000325975  5.82394e-19  0.000998074  1.34319e-18  0.000424321  3.92828e-19 -6.51591e-05 -2.96515e-19 -0.000134797 -2.11321e-19 -5.83793e-05 -2.57015e-20 -1.19761e-05   5.7079e-21 -1.02578e-06  7.07801e-22
 2.82863e-05  -2.2421e-19 -0.000363124  -6.8686e-19   0.00167224 -1.71264e-18  -0.00389695 -1.78346e-18   0.00403332   8.9529e-18   0.00183927 -5.99333e-18  -0.00983817 -7.74465e-18    0.0074868   1.0513e-17   0.00682211  4.12634e-18   -0.0127398 -4.86907e-18  -0.00183869 -8.90355e-19    0.0135738  6.42435e-19  -0.00117156 -4.78734e-18   -0.0122605 -5.26682e-18   0.00165292  2.39794e-18    0.0101817  1.01277e-17 -0.000439953 -1.27249e-18  -0.00768726  -8.2869e-18   -0.0012755  4.05084e-19    0.0048106  6.10277e-18   0.00235156   1.5108e-18  -0.00192153 -3.07494e-18  -0.00210185  -2.1497e-18 -9.76675e-05  3.53353e-19  0.000846097  1.21833e-18  0.000528146  4.48849e-19  7.76886e-05 -1.59941e-19 -5.81348e-05 -1.34372e-19 -3.48397e-05 -1.77161e-20  -7.6874e-06  1.02168e-21 -5.56539e-07
 2.19185e-19  1.02693e-05  4.47983e-20 -0.000279704 -1.94982e-19   0.00163721 -2.93867e-18   -0.0044218 -1.40341e-18    0.0055822  8.71199e-18 -0.000111376 -6.29246e-18  -0.00901725 -7.95585e-18   0.00828162  8.79842e-18   0.00577577  5.84678e-18   -0.0126127 -4.21028e-18  -0.00148846  6.42435e-19     0.013309  3.37922e-18 -0.000881128 -5.24081e-18   -0.0121618  -9.3342e-18  0.000969368   2.4845e-18    0.0101789  1.15087e-17  0.000428457 -2.28944e-18  -0.00757518  -8.6434e-18  -0.00211942  6.44473e-19    0.0044415  6.41179e-18   0.00291528   1.6771e-18  -0.00136512 -2.66003e-18  -0.00219196 -2.17194e-18 -0.000514058  5.62585e-20  0.000600134  1.00853e-18  0.000538592  4.73096e-19  0.000177629 -3.82746e-20  1.13619e-05 -6.34105e-20 -9.07066e-06 -6.84972e-21 -2.23632e-06  1.64161e-22
 2.08869e-05  2.63491e-19 -0.000168937  4.12856e-19  0.000297903  7.02982e-19  0.000713526 -3.86709e-18  -0.00390965 -8.02233e-19   0.00635949  9.04004e-18  -0.00179527 -6.46786e-18  -0.00807633 -8.70905e-18   0.00887928  7.79652e-18   0.00481973  5.79687e-18   -0.0124879  -4.3374e-18  -0.00117156  3.37922e-18    0.0130905  6.33692e-18 -0.000611032 -5.64385e-18   -0.0120749 -1.19088e-17  0.000310761  3.49487e-18    0.0101351  1.14971e-17   0.00128195  -3.4186e-18  -0.00737094 -8.79725e-18  -0.00293134  7.49094e-19   0.00395241   6.2451e-18   0.00338635  1.94551e-18 -0.000730298 -2.03749e-18  -0.00213613 -2.14805e-18 -0.000881811 -3.00576e-19  0.000283975   7.2331e-19  0.000444218  4.29654e-19  0.000203128  3.18274e-20   4.5322e-05 -1.87959e-20  4.13205e-06 -7.35623e-22  1.04272e-08
 1.42648e-20  8.90245e-05  2.33471e-19  -0.00051067  7.33826e-19   0.00120324   1.6632e-18 -0.000698814  -4.6997e-18  -0.00280979 -3.65083e-20   0.00661153  9.62906e-18  -0.00322453  -6.6797e-18  -0.00708741 -9.11177e-18   0.00932677  6.98707e-18   0.00394202  3.49831e-18   -0.0123698 -4.78734e-18 -0.000881128  6.33692e-18    0.0129137  8.70957e-18 -0.000356159 -6.15925e-18   -0.0120001  -1.2765e-17 -0.000330642  5.09446e-18    0.0100528  1.07561e-17   0.00212349 -4.25627e-18  -0.00707412 -8.90866e-18  -0.00370232  4.68607e-19   0.00334545  5.63909e-18   0.00374149  2.36519e-18 -4.08989e-05 -1.27669e-18  -0.00192059 -2.06394e-18  -0.00115343 -6.66616e-19  -5.8497e-05  3.90208e-19  0.000262501  3.09223e-19  0.000153128  4.16317e-20  4.04126e-05 -2.32214e-21  4.76378e-06   4.1445e-22
-1.01505e-05  7.53692e-22  0.000152026  2.69046e-20 -0.000782905  9.91331e-19   0.00196553  2.34965e-18  -0.00204467 -5.67885e-18  -0.00151963  9.90733e-19   0.00649318  9.85827e-18  -0.00440295 -6.80607e-18  -0.00608761 -8.27747e-18   0.00965451  5.91352e-18   0.00312947 -5.71287e-19   -0.0122605 -5.24081e-18 -0.000611032  8.70957e-18    0.0127749  1.01387e-17 -0.000112183 -6.96391e-18   -0.0119376 -1.22854e-17 -0.000962073  6.71247e-18    0.0099324  1.00544e-17   0.00295564  -4.4736e-18  -0.00668191 -8.94177e-18  -0.00442124 -3.39192e-19   0.00262348  4.68657e-18   0.00395471  2.88516e-18  0.000670505 -4.26226e-19  -0.00154097 -1.86107e-18  -0.00127835 -9.41985e-19 -0.000358544  7.71865e-20  5.24944e-05  1.55092e-19  6.74877e-05  1.83764e-20  1.85424e-05 -3.87793e-22  1.56917e-06
-9.14539e-20  8.68249e-06 -5.81684e-20  7.13453e-05 -4.44429e-19  -0.00070042  1.30057e-18   0.00223041   2.4964e-18  -0.00302521 -6.62808e-18 -0.000229488  2.22387e-18   0.00609971   9.2721e-18   -0.0053549 -6.49105e-18  -0.00509407 -5.75938e-18   0.00988736  4.53615e-18   0.00236987 -5.26682e-18   -0.0121618 -5.64385e-18 -0.000356159  1.01387e-17    0.0126719  1.07037e-17  0.000124767  -8.0351e-18   -0.0118873 -1.12134e-17  -0.00159043  7.78492e-18   0.00977247  9.90267e-18   0.00378028   -3.872e-18  -0.00618931 -8.72713e-18  -0.00507388 -1.61654e-18   0.00179149  3.50616e-18   0.00399729  3.38405e-18   0.00135939  4.69518e-19  -0.00100855 -1.47382e-18  -0.00120939 -1.01012e-18 -0.000530469 -1.22724e-19 -0.000101777  3.70856e-20  8.88716e-07 -1.84794e-21  2.92448e-06 -6.53998e-22
 -1.1161e-05 -1.39008e-19  9.97891e-05 -7.24165e-20 -0.000228916 -1.07274e-18 -0.000206269  1.80742e-18   0.00197857  1.95733e-18  -0.00360552  -7.0508e-18  0.000978069  3.37489e-18   0.00551297  7.74094e-18  -0.00611091 -5.47364e-18  -0.00411758 -1.77608e-18    0.0100444  3.20136e-18   0.00165292  -9.3342e-18   -0.0120749 -6.15925e-18 -0.000112183  1.07037e-17    0.0126026  1.07224e-17  0.000358249 -9.09643e-18   -0.0118489 -1.03135e-17  -0.00222244  7.97356e-18   0.00956983  1.03439e-17   0.00459819 -2.43856e-18  -0.00558921 -8.11685e-18  -0.00564166 -3.13873e-18  0.000858593  2.21435e-18    0.0038383  3.73925e-18   0.00196668  1.36345e-18 -0.000358043 -8.70047e-19 -0.000923406 -8.05178e-19   -0.0005135 -1.54746e-19 -0.000146192 -8.39451e-21 -2.10358e-05 -5.66281e-21 -1.01772e-06
  2.4129e-20 -3.72736e-05 -1.38057e-19  0.000239151 -4.88595e-20 -0.000636992 -1.56363e-18  0.000500901   2.4776e-18   0.00138941  8.17264e-19  -0.00384262 -6.59738e-18   0.00205329  4.08836e-18   0.00479762  5.38252e-18  -0.00669625 -3.88722e-18  -0.00316365  2.86908e-18    0.0101392  2.39794e-18  0.000969368 -1.19088e-17   -0.0120001 -6.96391e-18  0.000124767  1.07224e-17     0.012566  1.05207e-17  0.000591652 -9.77851e-18   -0.0118217 -1.00897e-17  -0.00286475  7.24213e-18   0.00931932  1.10309e-17   0.00540867 -3.60451e-19  -0.00487252 -7.12216e-18  -0.00610034 -4.65916e-18 -0.000159489  8.95943e-19   0.00344751  3.88255e-18   0.00241834  2.19563e-18  0.000335733  -1.0012e-19 -0.000466599 -3.86705e-19 -0.000333178  -6.0747e-20  -0.00010099 -3.72829e-21 -1.36502e-05  -1.9409e-21
 1.80884e-06  5.34499e-20 -4.62342e-05 -3.34774e-20  0.000311238 -1.12079e-19 -0.000937406 -1.61808e-18   0.00117298  3.04096e-18  0.000641479 -6.00008e-19  -0.00379688  -5.3519e-18   0.00297017  4.14513e-18   0.00399831  2.45967e-18   -0.0071322 -2.23567e-18  -0.00223353  7.12627e-18    0.0101817   2.4845e-18  0.000310761  -1.2765e-17   -0.0119376  -8.0351e-18  0.000358249  1.05207e-17    0.0125615  1.03131e-17  0.000828326 -9.87275e-18   -0.0118049 -1.06674e-17  -0.00352413  5.77733e-18   0.00901358  1.15391e-17   0.00620884  2.04635e-18  -0.00402858 -5.93835e-18  -0.00641877 -6.04314e-18  -0.00123562 -4.10286e-19   0.00280231  3.79278e-18    0.0026222  2.85046e-18  0.000932322  6.53237e-19  1.21772e-05  5.26018e-20 -0.000109129  4.64325e-20 -3.60082e-05  7.42364e-21 -3.36938e-06
 2.77309e-20 -1.20603e-05  7.81831e-20  1.60169e-05  1.76827e-19  0.000211005 -3.59442e-19 -0.000992187 -1.13211e-18   0.00166772  3.20145e-18  -0.00014893 -1.89422e-18  -0.00352571 -3.71724e-18   0.00372209  3.57229e-18    0.0031466 -6.62679e-19  -0.00743676 -1.08896e-18  -0.00132634  1.01277e-17    0.0101789  3.49487e-18 -0.000330642 -1.22854e-17   -0.0118873 -9.09643e-18  0.000591652  1.03131e-17    0.0125891  1.02331e-17   0.00107172 -9.47194e-18   -0.0117973 -1.18595e-17  -0.00420755    3.848e-18   0.00864276  1.16751e-17   0.00699281    4.463e-18  -0.00304613 -4.83622e-18  -0.00655663 -7.26852e-18  -0.00232356 -1.68745e-18   0.00189356  3.42881e-18   0.00246684  3.12271e-18   0.00123914  1.11549e-18  0.000318879  3.05406e-19  3.28466e-05  8.32068e-20 -1.25744e-06  6.46516e-21
 4.94881e-06  4.37933e-20 -5.14637e-05  8.32545e-20   0.00015709  3.70236e-19 -5.40161e-05 -7.45534e-19 -0.000804623 -2.51748e-19   0.00194639  2.88671e-18 -0.000907202 -2.76883e-18  -0.00308385 -2.09563e-18   0.00431153  2.61895e-18   0.00226558 -3.56728e-18  -0.00762418 -7.75387e-19 -0.000439953  1.15087e-17    0.0101351  5.09446e-18 -0.000962073 -1.12134e-17   -0.0118489 -9.77851e-18  0.000828326  1.02331e-17    0.0126493  1.04264e-17    0.0013255 -8.87837e-18   -0.0117974 -1.33372e-17  -0.00492225  1.70905e-18   0.00819396  1.15487e-17   0.00774995   6.6566e-18  -0.00191405 -3.99061e-18  -0.00646111 -8.31026e-18  -0.00335382 -2.90455e-18  0.000735155  2.69311e-18   0.00187003  2.81031e-18   0.00112653  1.10992e-18  0.000358917  3.10552e-19  6.05208e-05  5.59618e-20  3.71442e-06
-1.80886e-20  1.15843e-05   3.9592e-20 -9.32443e-05  1.12525e-19  0.000309859  3.84943e-19 -0.000383119 -1.11983e-18 -0.000453924  7.33957e-19   0.00201742   2.2865e-18  -0.00158355 -3.09364e-18  -0.00251824 -6.66447e-19   0.00474453  1.61845e-18    0.0013719 -5.89134e-18  -0.00770516 -1.27249e-18  0.000428457  1.14971e-17    0.0100528  6.71247e-18  -0.00159043 -1.03135e-17   -0.0118217 -9.87275e-18   0.00107172  1.04264e-17    0.0127433  1.10543e-17   0.00159371 -8.35774e-18   -0.0118031 -1.47819e-17  -0.00567582 -4.15557e-19   0.00765017  1.13963e-17   0.00846364  8.49059e-18 -0.000621972 -3.37566e-18  -0.00607045 -9.05989e-18     -0.00423 -4.00403e-18 -0.000582581   1.5411e-18  0.000908943  1.93639e-18  0.000678889  7.35358e-19  0.000217911  1.79326e-19  3.13441e-05  1.85156e-20
 7.31818e-07 -4.52699e-20  4.60468e-06  1.59378e-21 -8.94665e-05  2.22363e-19  0.000387607  1.66487e-19 -0.000670733  -1.3478e-18 -2.39992e-05  1.55048e-18   0.00190636  1.67123e-18   -0.0021478 -2.87861e-18  -0.00186725  6.09473e-19   0.00502858  8.32738e-19   0.00047779 -7.44824e-18  -0.00768726 -2.28944e-18   0.00128195  1.07561e-17    0.0099324  7.78492e-18  -0.00222244 -1.00897e-17   -0.0118049 -9.47194e-18    0.0013255  1.10543e-17    0.0128728  1.21579e-17   0.00188098   -7.953e-18   -0.0118114 -1.59407e-17  -0.00647667 -2.31189e-18   0.00699003  1.13635e-17   0.00911006  9.90517e-18  0.000830876 -2.81596e-18  -0.00532145 -9.35762e-18   -0.0047924 -4.86737e-18  -0.00179323  1.83161e-19 -8.96222e-05  8.58353e-19  0.000183162  2.95787e-19  6.56926e-05  5.92869e-20  6.43886e-06
-2.24113e-22  7.81262e-06  -7.9875e-20 -3.02535e-05 -5.50048e-20 -1.43426e-05  4.07352e-19  0.000349658 -1.99531e-19 -0.000856461 -1.38495e-18  0.000419217  2.03455e-18    0.0016468  1.17817e-18  -0.00258374 -2.23581e-18  -0.00116252   1.8448e-18    0.0051712  3.81583e-19  -0.00040731  -8.2869e-18  -0.00757518  -3.4186e-18   0.00212349  1.00544e-17   0.00977247  7.97356e-18  -0.00286475 -1.06674e-17   -0.0117973 -8.87837e-18   0.00159371  1.21579e-17    0.0130406   1.3513e-17   0.00219279 -7.51187e-18   -0.0118189 -1.66315e-17  -0.00733327 -3.78126e-18   0.00618816   1.1441e-17   0.00964945  1.09147e-17    0.0024226 -2.12159e-18  -0.00413166 -9.02752e-18  -0.00476743 -5.24248e-18  -0.00246442 -9.00649e-19 -0.000703083  5.01055e-20 -9.94043e-05  3.22057e-20 -3.56361e-06  7.84823e-21
-1.52981e-06  1.09421e-20  2.01075e-05 -1.16577e-19 -8.27367e-05 -8.42293e-20  0.000110526  5.98498e-19  0.000210364 -5.75574e-19 -0.000921023 -1.26871e-18  0.000826812  2.13898e-18   0.00127466  7.43709e-19  -0.00288388 -1.34467e-18 -0.000430439  3.09394e-18   0.00517902  2.65403e-19   -0.0012755  -8.6434e-18  -0.00737094 -4.25627e-18   0.00295564  9.90267e-18   0.00956983  7.24213e-18  -0.00352413 -1.18595e-17   -0.0117974 -8.35774e-18   0.00188098   1.3513e-17    0.0132501    1.467e-17    0.0025353 -6.88288e-18   -0.0118202 -1.67878e-17  -0.00825246  -4.7042e-18   0.00520889  1.15371e-17     0.010015    1.161e-17   0.00412018 -1.13317e-18  -0.00238441 -7.86158e-18  -0.00386652 -4.80967e-18  -0.00228115 -1.29314e-18 -0.000751578 -2.63654e-19 -0.000134748 -3.54378e-20 -8.99026e-06
 2.52105e-21 -1.57745e-06  3.32428e-20  2.48578e-05 -1.58229e-19 -0.000120935 -4.95154e-20  0.000237566   7.1833e-19  1.00543e-05 -8.61774e-19 -0.000868659 -1.06456e-18   0.00116447  1.89233e-18  0.000824443  2.04838e-19  -0.00304622 -4.07077e-19  0.000306486  4.30861e-18   0.00505744  4.05084e-19  -0.00211942 -8.79725e-18  -0.00707412  -4.4736e-18   0.00378028  1.03439e-17   0.00931932  5.77733e-18  -0.00420755 -1.33372e-17   -0.0118031   -7.953e-18   0.00219279    1.467e-17    0.0135056  1.52036e-17   0.00291653 -6.09463e-18   -0.0118059 -1.65335e-17  -0.00924394 -5.13672e-18   0.00399972  1.15543e-17    0.0101288  1.21294e-17   0.00588389  2.99701e-19 -7.07605e-05 -5.75096e-18  -0.00212778  -3.5088e-18  -0.00140113 -1.01482e-18  -0.00044302 -2.19739e-19 -6.44756e-05 -1.85605e-20
-7.57286e-07  6.87169e-21  4.72747e-06  5.80965e-20  8.10497e-06 -2.05145e-19 -0.000117793  4.72607e-20  0.000326111  7.24574e-19 -0.000209032 -1.01811e-18 -0.000716432 -8.12255e-19   0.00141029    1.369e-18   0.00032811 -5.40488e-19  -0.00307232  4.02997e-19   0.00102825  5.36215e-18    0.0048106  6.44473e-19  -0.00293134 -8.90866e-18  -0.00668191   -3.872e-18   0.00459819  1.10309e-17   0.00901358    3.848e-18  -0.00492225 -1.47819e-17   -0.0118114 -7.51187e-18    0.0025353  1.52036e-17    0.0138131  1.49768e-17   0.00334834 -5.36609e-18   -0.0117669 -1.61836e-17   -0.0103237 -5.35407e-18   0.00251455  1.13836e-17   0.00991243  1.25255e-17   0.00752635  2.13785e-18    0.0023941 -3.02911e-18 -0.000167815 -1.80557e-18  -0.00041328 -4.85599e-19  -0.00013188 -8.77403e-20 -1.25713e-05
 2.96866e-22 -3.04983e-06  1.47472e-20   1.7912e-05  6.96073e-20 -2.98601e-05 -2.45163e-19 -6.88123e-05  1.75949e-19  0.000355688  6.20315e-19 -0.000411509  -1.0393e-18 -0.000488301  -5.1223e-19   0.00155202  6.74262e-19 -0.000184957 -1.43903e-18  -0.00296615  9.82508e-19   0.00171611  6.10277e-18    0.0044415  7.49094e-19  -0.00370232 -8.94177e-18  -0.00618931 -2.43856e-18   0.00540867  1.15391e-17   0.00864276  1.70905e-18  -0.00567582 -1.59407e-17   -0.0118189 -6.88288e-18   0.00291653  1.49768e-17    0.0141823  1.42194e-17   0.00384233  -4.9425e-18   -0.0116963 -1.61092e-17   -0.0114872 -5.77347e-18  0.000731212  1.07818e-17    0.0091657  1.24898e-17    0.0084712  3.81374e-18   0.00410402 -5.69959e-19   0.00113727 -4.40035e-19  0.000157754 -1.10456e-19  5.39676e-06 -1.53598e-20
 1.94956e-07 -3.28481e-21 -4.74631e-06  2.62438e-20  2.99073e-05   5.3837e-20 -7.36764e-05 -2.58168e-19  1.16386e-05  3.02656e-19  0.000323228  4.45219e-19 -0.000570833  -9.2605e-19 -0.000211099 -1.59439e-19   0.00158483 -7.69377e-20 -0.000687617 -2.30603e-18   -0.0027335  1.32405e-18   0.00235156  6.41179e-18   0.00395241  4.68607e-19  -0.00442124 -8.72713e-18  -0.00558921 -3.60451e-19   0.00620884  1.16751e-17   0.00819396 -4.15557e-19  -0.00647667 -1.66315e-17   -0.0118202 -6.09463e-18   0.00334834  1.42194e-17    0.0146222  1.34082e-17   0.00440688 -4.88016e-18   -0.0115627 -1.65489e-17   -0.0126887  -6.8327e-18  -0.00145224   9.1884e-18   0.00740317  1.12374e-17   0.00787769  4.36247e-18   0.00425471  7.66624e-19   0.00136898  1.75006e-19  0.000246452  1.49432e-20  1.67847e-05
-5.08574e-22 -6.22141e-07 -9.31417e-21 -1.65432e-06  3.97804e-20  3.01827e-05  8.41064e-21 -0.000104782 -2.30001e-19  0.000102153  4.00623e-19  0.000237137  2.56386e-19 -0.000669504  -6.7746e-19  8.78601e-05  2.15124e-19   0.00150981 -7.84138e-19  -0.00115444 -2.93219e-18    -0.002382   1.5108e-18   0.00291528   6.2451e-18   0.00334545 -3.39192e-19  -0.00507388 -8.11685e-18  -0.00487252  2.04635e-18   0.00699281  1.15487e-17   0.00765017 -2.31189e-18  -0.00733327 -1.67878e-17   -0.0118059 -5.36609e-18   0.00384233  1.34082e-17    0.0151381  1.30804e-17   0.00507442 -4.95927e-18   -0.0112907 -1.75498e-17   -0.0139396 -8.92896e-18  -0.00432928  5.86814e-18   0.00411769  8.07742e-18   0.00541377  3.29403e-18   0.00294409  8.64926e-19  0.000873375  2.08871e-19  0.000124154  1.44114e-20
  2.8287e-07 -1.35716e-21 -3.05378e-06 -1.24417e-20  7.64593e-06  5.12975e-20  1.45461e-05  -5.5253e-20 -0.000111431   -1.643e-19   0.00018246  4.46679e-19  0.000112757  1.04172e-19 -0.000698409 -3.04949e-19  0.000382049  5.41691e-19   0.00133307 -1.37241e-18   -0.0015612 -3.19069e-18  -0.00192153   1.6771e-18   0.00338635  5.63909e-18   0.00262348 -1.61654e-18  -0.00564166 -7.12216e-18  -0.00402858    4.463e-18   0.00774995  1.13963e-17   0.00699003 -3.78126e-18  -0.00825246 -1.65335e-17   -0.0117669  -4.9425e-18   0.00440688  1.30804e-17    0.0157584  1.36644e-17   0.00591783 -4.86655e-18   -0.0108593 -1.90459e-17   -0.0153942 -1.21928e-17  -0.00804974  7.48523e-19 -0.000392464  3.44231e-18    0.0019555  1.28074e-18   0.00118613  3.69814e-19  0.000306885  7.41273e-20  2.69772e-05
-5.57877e-22  5.84006e-07 -3.53133e-21 -5.62516e-06 -7.05441e-21  1.92817e-05  5.51783e-20 -1.26974e-05 -1.17026e-19 -9.10794e-05 -8.35341e-20  0.000237025  4.19374e-19 -3.10234e-05  1.59566e-20 -0.000655878  1.49758e-19  0.000646478  7.50115e-19   0.00106549 -1.79527e-18  -0.00188451 -3.07494e-18  -0.00136512  1.94551e-18   0.00374149  4.68657e-18   0.00179149 -3.13873e-18  -0.00610034 -5.93835e-18  -0.00304613   6.6566e-18   0.00846364  1.13635e-17   0.00618816  -4.7042e-18  -0.00924394 -1.61836e-17   -0.0116963 -4.88016e-18   0.00507442  1.36644e-17    0.0165501  1.52885e-17   0.00695058 -4.49357e-18    -0.010379  -2.0692e-17   -0.0169919 -1.58343e-17    -0.011835 -4.70005e-18  -0.00456905 -8.92787e-19 -0.000851124  -3.6661e-19  8.67473e-06 -2.20147e-20   2.5722e-05   3.7967e-21
 6.15908e-08 -5.46286e-22  8.97031e-08 -7.25139e-21 -5.47436e-06  7.32313e-21  2.69012e-05  4.69624e-20 -4.25298e-05 -1.57278e-19 -4.84963e-05 -1.81336e-20  0.000256413  3.08588e-19 -0.000174293 -4.51382e-21 -0.000546876  6.13237e-19  0.000858273  8.10869e-19  0.000722759 -2.04324e-18  -0.00210185 -2.66003e-18 -0.000730298  2.36519e-18   0.00395471  3.50616e-18  0.000858593 -4.65916e-18  -0.00641877 -4.83622e-18  -0.00191405  8.49059e-18   0.00911006   1.1441e-17   0.00520889 -5.13672e-18   -0.0103237 -1.61092e-17   -0.0115627 -4.95927e-18   0.00591783  1.52885e-17    0.0175184  1.76326e-17   0.00805278 -3.78998e-18  -0.00973155 -2.12869e-17   -0.0177533 -1.77584e-17   -0.0138195 -7.98863e-18  -0.00652458  -3.1113e-18  -0.00193334 -9.11749e-19 -0.000328297 -1.06067e-19 -2.14279e-05
  5.7872e-22  3.74284e-07 -3.45806e-22 -1.69006e-06 -1.09158e-20 -1.09623e-06  2.48957e-20  2.60061e-05  2.69234e-20 -6.57245e-05 -1.65236e-19  6.93638e-06   8.6779e-21  0.000237569  1.28266e-19 -0.000298005  3.08751e-20 -0.000382414  1.00274e-18  0.000997372  7.42378e-19  0.000325975  -2.1497e-18  -0.00219196 -2.03749e-18 -4.08989e-05  2.88516e-18   0.00399729  2.21435e-18 -0.000159489 -6.04314e-18  -0.00655663 -3.99061e-18 -0.000621972  9.90517e-18   0.00964945  1.15371e-17   0.00399972 -5.35407e-18   -0.0114872 -1.65489e-17   -0.0112907 -4.86655e-18   0.00695058  1.76326e-17    0.0185331  2.01888e-17   0.00932895 -2.04623e-18  -0.00794063 -1.87438e-17   -0.0158829 -1.57342e-17   -0.0123939 -7.64336e-18  -0.00568481 -2.91895e-18  -0.00155298 -6.44734e-19 -0.000211294 -4.74333e-20
-3.70622e-08  1.30714e-21  7.33139e-07 -9.08302e-22 -3.93037e-06 -1.17283e-20  6.20646e-06  3.77257e-20  1.59808e-05  2.00776e-21 -7.56336e-05 -1.41636e-19  6.37335e-05  -9.7227e-21  0.000183505 -8.30556e-20 -0.000385523  1.01652e-19  -0.00017912  1.25909e-18   0.00104756  5.82394e-19 -9.76675e-05 -2.17194e-18  -0.00213613 -1.27669e-18  0.000670505  3.38405e-18    0.0038383  8.95943e-19  -0.00123562 -7.26852e-18  -0.00646111 -3.37566e-18  0.000830876  1.09147e-17     0.010015  1.15543e-17   0.00251455 -5.77347e-18   -0.0126887 -1.75498e-17   -0.0108593 -4.49357e-18   0.00805278  2.01888e-17    0.0196858  2.29825e-17    0.0116909  2.18913e-18  -0.00345682 -1.16996e-17    -0.010383 -9.68237e-18  -0.00793647  -4.6236e-18    -0.003273 -1.56247e-18 -0.000724676 -2.39615e-19 -5.88898e-05
-4.17177e-23  2.70685e-08  1.97061e-21  5.81473e-07 -2.74444e-21 -4.98062e-06 -7.97258e-21  1.32765e-05  4.10693e-20 -3.07043e-07 -1.66557e-20 -6.94391e-05 -9.57865e-20  0.000110496 -6.39914e-20  0.000102657 -2.77317e-19 -0.000424108   1.8459e-19  4.11724e-05  1.36619e-18  0.000998074  3.53353e-19 -0.000514058 -2.14805e-18  -0.00192059 -4.26226e-19   0.00135939  3.73925e-18   0.00344751 -4.10286e-19  -0.00232356 -8.31026e-18  -0.00607045 -2.81596e-18    0.0024226    1.161e-17    0.0101288  1.13836e-17  0.000731212  -6.8327e-18   -0.0139396 -1.90459e-17    -0.010379 -3.78998e-18   0.00932895  2.29825e-17    0.0218574  2.67378e-17    0.0164722  9.50397e-18   0.00409131 -1.62445e-18  -0.00269268 -2.41157e-18  -0.00280523 -1.36142e-18  -0.00107599 -4.28006e-19 -0.000178644 -3.86658e-20
-2.62546e-08 -9.00206e-23  2.70725e-07  2.11062e-21 -3.77965e-07 -5.00222e-21 -3.72241e-06 -5.96959e-22  1.69826e-05  3.56717e-20 -1.79682e-05 -1.98333e-20 -4.84087e-05 -4.10621e-20  0.000137793 -1.36113e-19  7.97309e-06 -4.16376e-19 -0.000406526  2.62114e-19   0.00025212  1.34319e-18  0.000846097  5.62585e-20 -0.000881811 -2.06394e-18  -0.00154097  4.69518e-19   0.00196668  3.88255e-18   0.00280231 -1.68745e-18  -0.00335382 -9.05989e-18  -0.00532145 -2.12159e-18   0.00412018  1.21294e-17   0.00991243  1.07818e-17  -0.00145224 -8.92896e-18   -0.0153942  -2.0692e-17  -0.00973155 -2.04623e-18    0.0116909  2.67378e-17    0.0263012  3.16113e-17    0.0236257  1.78621e-17    0.0124344  7.38262e-18   0.00389955  2.59753e-18  0.000614637  4.32843e-19  1.06568e-05  1.91754e-20 -5.50145e-06
-4.92818e-23 -5.43536e-08  1.00468e-23  5.42231e-07  1.38823e-21 -1.74202e-06 -6.06629e-21 -3.76805e-07  7.29574e-21  1.56223e-05  2.60322e-20 -3.17492e-05 -5.21416e-21 -1.74483e-05  8.75049e-21  0.000139796 -2.07406e-19 -8.44045e-05 -4.82772e-19 -0.000332864  3.29795e-19  0.000424321  1.21833e-18  0.000600134 -3.00576e-19  -0.00115343 -1.86107e-18  -0.00100855  1.36345e-18   0.00241834  3.79278e-18   0.00189356 -2.90455e-18     -0.00423 -9.35762e-18  -0.00413166 -1.13317e-18   0.00588389  1.25255e-17    0.0091657   9.1884e-18  -0.00432928 -1.21928e-17   -0.0169919 -2.12869e-17  -0.00794063  2.18913e-18    0.0164722  3.16113e-17    0.0328291  3.58096e-17    0.0304151  2.33767e-17    0.0177678  1.16486e-17   0.00684468  4.01123e-18   0.00165492  7.35548e-19    0.0002062  5.22121e-20
