 7.26691e-15  6.53724e-26 -2.20982e-13 -1.80375e-24  2.66773e-12  1.80428e-23 -1.97169e-11 -1.11623e-22  1.02697e-10  5.01046e-22 -4.03634e-10  -1.7529e-21  1.24297e-09  4.95436e-21 -3.06032e-09 -1.15433e-20  6.07012e-09  2.24313e-20 -9.64922e-09 -3.65514e-20  1.20022e-08  4.99127e-20 -1.09409e-08  -5.6673e-20  5.82603e-09   5.2519e-20  9.56382e-10 -3.81871e-20  -5.1637e-09  1.98198e-20    4.331e-09  -5.1099e-21 -3.14932e-10 -1.78184e-21 -2.54219e-09  2.13521e-21  1.97301e-09 -1.45372e-22  2.71641e-10 -1.00283e-21 -1.26541e-09  7.78433e-22  4.80084e-10 -1.47881e-22  4.26486e-10 -1.50228e-22 -3.83782e-10  1.16631e-22 -5.95557e-11 -2.16332e-23  1.62855e-10 -1.15135e-23 -1.39238e-11  6.76571e-24 -4.35799e-11 -7.42121e-25   7.1771e-12  -2.5379e-25  6.11179e-12  5.10118e-26 -3.68375e-13
 6.53724e-26   3.1456e-13  8.28769e-25 -5.44927e-12 -1.76777e-23  5.01677e-11  1.45248e-22 -3.07719e-10 -7.69242e-22   1.3837e-09    3.047e-21 -4.79684e-09  -9.5817e-21  1.31835e-08  2.45962e-20 -2.91193e-08 -5.23228e-20  5.17621e-08  9.29677e-20 -7.30655e-08 -1.38189e-19  7.86841e-08  1.70851e-19 -5.75754e-08 -1.72817e-19  1.51978e-08  1.37768e-19  2.42484e-08 -7.87361e-20 -3.54445e-08  2.16169e-20   1.6017e-08   1.1974e-20  1.01086e-08 -1.81013e-20 -1.76346e-08  8.86981e-21  5.56555e-09  7.23634e-22  6.93452e-09 -3.83789e-21   -6.729e-09  2.28718e-21 -4.66696e-10  -2.4597e-22  3.45478e-09 -4.46875e-22 -1.00055e-09  2.64873e-22 -1.10909e-09  -2.8706e-23  6.25954e-10 -2.90492e-23   2.2738e-10  1.23464e-23 -1.85792e-10 -9.06997e-25 -2.85698e-11 -3.27923e-25  2.00337e-11  3.31875e-26
-2.20982e-13  8.28769e-25  6.72101e-12  7.29552e-24 -8.11462e-11 -1.22778e-22  5.99772e-10   8.3253e-22 -3.12388e-09  -3.8085e-21  1.22764e-08  1.34103e-20 -3.77952e-08 -3.80986e-20  9.30165e-08  8.91657e-20 -1.84368e-07 -1.73836e-19  2.92735e-07  2.83732e-19 -3.63367e-07 -3.87133e-19  3.29806e-07   4.3717e-19 -1.73158e-07  -3.9875e-19 -3.31615e-08  2.77458e-19  1.59614e-07  -1.2362e-19 -1.31796e-07  1.86086e-21  7.69736e-09   5.1152e-20  7.93556e-08 -4.49031e-20 -6.06392e-08  1.62595e-20 -9.06829e-09  3.95043e-21  3.95221e-08 -7.94384e-21 -1.48652e-08  3.76112e-21 -1.33804e-08  -5.4681e-23  1.20557e-08 -8.19699e-22   1.8028e-09  3.76583e-22 -5.12001e-09 -1.59233e-23  4.99676e-10 -4.33408e-23  1.35517e-09  1.46227e-23 -2.49839e-10 -1.20944e-24 -1.85058e-10 -7.56168e-26  1.48324e-11
-1.80375e-24 -5.44927e-12  7.29552e-24  9.44113e-11  4.82236e-23 -8.69245e-10 -6.33922e-22   5.3319e-09  3.58327e-21 -2.39746e-08 -1.43073e-20  8.31017e-08  4.51189e-20 -2.28339e-07 -1.16382e-19  5.04137e-07   2.4926e-19 -8.95526e-07 -4.46945e-19  1.26256e-06  6.72855e-19 -1.35648e-06   -8.472e-19  9.86758e-07   8.8036e-19 -2.50134e-07 -7.32257e-19 -4.31634e-07  4.52454e-19  6.19407e-07 -1.58656e-19 -2.75078e-07 -3.78337e-20 -1.81963e-07  9.98234e-20  3.10866e-07 -6.99923e-20 -9.67234e-08  1.90329e-20 -1.23453e-07  9.20084e-21  1.19406e-07 -1.16353e-20  8.03465e-09  4.48544e-21 -6.14407e-08  3.01811e-22  1.83226e-08 -1.05115e-21  1.94696e-08  4.00121e-22 -1.14197e-08 -6.42113e-24 -3.80256e-09 -4.06792e-23  3.37154e-09  1.35418e-23  4.17486e-10 -2.41654e-24 -3.62447e-10  2.40263e-25
 2.66773e-12 -1.76777e-23 -8.11462e-11  4.82236e-23  9.79801e-10  2.34106e-22 -7.24232e-09 -2.43112e-21  3.77216e-08  1.16239e-20 -1.48235e-07 -4.09798e-20  4.56321e-07  1.16682e-19 -1.12281e-06 -2.74725e-19  2.22473e-06  5.40549e-19 -3.53015e-06 -8.94506e-19  4.37675e-06  1.24638e-18 -3.96204e-06 -1.45377e-18   2.0609e-06  1.39676e-18  4.34176e-07 -1.06618e-18 -1.95357e-06  5.89624e-19   1.5997e-06 -1.59385e-19 -8.21305e-08 -8.71632e-20 -9.77138e-07   1.3893e-19  7.43971e-07 -8.28074e-20  1.11917e-07  1.66349e-20 -4.87545e-07  1.35115e-20  1.86169e-07 -1.32239e-20  1.63241e-07  4.51311e-21 -1.50663e-07  3.25877e-22 -1.97123e-08 -9.25088e-22  6.33706e-08  3.48622e-22 -7.66274e-09 -3.88139e-23 -1.63826e-08 -1.61695e-23   3.5503e-09  1.28312e-23  2.13805e-09 -4.11037e-24 -2.35453e-10
 1.80428e-23  5.01677e-11 -1.22778e-22 -8.69245e-10  2.34106e-22  8.00361e-09  8.39004e-22 -4.90958e-08 -6.98606e-21  2.20762e-07   2.8623e-20 -7.65208e-07 -9.01745e-20  2.10247e-06   2.3382e-19 -4.64144e-06 -5.05276e-19  8.24302e-06  9.17108e-19 -1.16162e-05  -1.4059e-18  1.24676e-05  1.82016e-18 -9.04268e-06 -1.97544e-18  2.23846e-06  1.76476e-18  4.04793e-06 -1.24561e-18 -5.75959e-06  6.22324e-19  2.54646e-06 -1.25504e-19  1.70718e-06 -1.22214e-19 -2.91087e-06  1.51703e-19  9.16156e-07 -8.11664e-20  1.14984e-06  1.38005e-20 -1.12953e-06  1.31841e-20 -5.99052e-08 -1.20564e-20  5.75701e-07  4.60117e-21 -1.83342e-07 -5.67454e-22  -1.7704e-07 -3.45678e-22  1.11471e-07   3.0102e-22  3.16324e-08 -1.39403e-22 -3.23427e-08  1.45667e-23 -2.61141e-09  1.71217e-23  3.42275e-09 -4.07094e-24
-1.97169e-11  1.45248e-22  5.99772e-10 -6.33922e-22 -7.24232e-09  8.39004e-22  5.35352e-08  2.24215e-21 -2.78854e-07 -1.50325e-20  1.09589e-06  5.33853e-20 -3.37377e-06 -1.52557e-19    8.302e-06  3.63866e-19 -1.64507e-05 -7.25786e-19  2.61045e-05   1.2205e-18 -3.23619e-05 -1.74079e-18  2.92794e-05  2.10457e-18 -1.51823e-05 -2.13949e-18 -3.32481e-06  1.79486e-18  1.46014e-05 -1.18955e-18 -1.19614e-05  5.51895e-19  6.37886e-07 -9.02322e-20  7.31449e-06 -1.17185e-19 -5.62906e-06  1.31704e-19 -7.75636e-07 -7.02551e-20  3.66097e-06  1.65961e-20 -1.45967e-06  5.88208e-21 -1.18771e-06 -8.71728e-21  1.15576e-06  5.88464e-21   1.1169e-07 -2.78523e-21 -4.74994e-07  5.31105e-22  7.52804e-08  3.98496e-22  1.17787e-07 -2.83774e-22 -3.14562e-08  1.76974e-23 -1.42343e-08   2.3492e-23  2.23047e-09
-1.11623e-22 -3.07719e-10   8.3253e-22   5.3319e-09 -2.43112e-21 -4.90958e-08  2.24215e-21  3.01184e-07  4.40448e-21 -1.35443e-06 -2.34429e-20  4.69542e-06  7.35384e-20 -1.29037e-05 -1.95862e-19  2.84942e-05  4.35711e-19 -5.06233e-05 -8.06604e-19  7.13739e-05  1.26073e-18 -7.66526e-05 -1.67821e-18  5.56344e-05  1.90257e-18 -1.37582e-05 -1.82609e-18 -2.50511e-05  1.46004e-18  3.57504e-05 -9.32875e-19 -1.59901e-05  4.28018e-19  -1.0429e-05 -8.71857e-20   1.8157e-05 -6.12552e-20 -5.96016e-06  8.26655e-20 -6.99759e-06 -5.75408e-20  7.14707e-06  2.96988e-20  1.72234e-07 -8.68005e-21 -3.55456e-06  -5.2264e-21  1.25765e-06  9.71227e-21  1.03492e-06  -6.1667e-21 -7.29245e-07  1.13992e-21 -1.56463e-07  7.60147e-22  2.04654e-07 -3.72316e-22    4.597e-09 -2.24849e-23 -2.08745e-08   1.9954e-23
 1.02697e-10 -7.69242e-22 -3.12388e-09  3.58327e-21  3.77216e-08 -6.98606e-21 -2.78854e-07  4.40448e-21  1.45266e-06   5.8991e-21 -5.71001e-06 -2.38563e-20  1.75837e-05  7.15734e-20 -4.32874e-05 -1.90832e-19  8.58269e-05  4.04241e-19  -0.00013631 -6.93825e-19  0.000169199  9.99158e-19 -0.000153398 -1.22436e-18  7.99114e-05  1.28234e-18  1.70614e-05 -1.15205e-18 -7.67002e-05  8.80446e-19  6.35336e-05 -5.58027e-19 -4.22302e-06   2.8958e-19 -3.82597e-05  -1.2772e-19  3.02894e-05  4.34922e-20  3.29876e-06  1.27116e-20 -1.92325e-05 -5.14804e-20  8.26756e-06  5.62448e-20   5.8707e-06 -2.72944e-20 -6.26207e-06 -5.89006e-21 -2.77483e-07  1.71211e-20  2.46976e-06 -9.45718e-21 -5.30727e-07  6.85887e-22 -5.71013e-07  1.27649e-21  1.97513e-07 -2.92836e-22  6.00173e-08 -6.73291e-23 -1.42545e-08
 5.01046e-22   1.3837e-09  -3.8085e-21 -2.39746e-08  1.16239e-20  2.20762e-07 -1.50325e-20 -1.35443e-06   5.8991e-21  6.09213e-06   3.9985e-21 -2.11269e-05 -1.22118e-20  5.80898e-05  5.88924e-20 -0.000128372 -1.81412e-19  0.000228322  3.64867e-19 -0.000322447 -5.57351e-19   0.00034722  6.86931e-19 -0.000253341 -6.85806e-19  6.43896e-05  5.53707e-19   0.00011234 -3.63359e-19 -0.000163104  1.93296e-19  7.52368e-05 -1.13024e-19   4.5311e-05  1.48515e-19 -8.30149e-05 -2.15559e-19  2.94074e-05  1.91277e-19  3.03959e-05 -6.22196e-20  -3.3295e-05 -6.58454e-20  7.44603e-07  9.60648e-20  1.58391e-05 -4.05124e-20 -6.49116e-06 -1.66864e-20 -4.19497e-06  2.72587e-20  3.50691e-06 -1.03849e-20  4.37257e-07 -1.09438e-21   -9.311e-07  1.53938e-21  5.07153e-08 -6.37937e-23   8.8125e-08 -6.11539e-23
-4.03634e-10    3.047e-21  1.22764e-08 -1.43073e-20 -1.48235e-07   2.8623e-20  1.09589e-06 -2.34429e-20 -5.71001e-06   3.9985e-21  2.24524e-05 -1.02289e-21 -6.91808e-05 -1.49522e-20  0.000170456  1.26962e-19 -0.000338399 -3.50675e-19  0.000538471  6.13029e-19 -0.000670394 -8.00765e-19  0.000611029  7.82007e-19 -0.000322873 -4.93987e-19 -6.17037e-05  4.57668e-20  0.000303008  3.64574e-19  -0.00025719 -5.51709e-19  2.39661e-05  3.87289e-19  0.000149309  3.29896e-20 -0.000124322 -3.69225e-19 -7.58286e-06  3.65131e-19  7.54521e-05 -1.05976e-19 -3.62432e-05 -1.19285e-19 -2.06669e-05  1.39649e-19  2.56088e-05 -3.31977e-20 -7.50021e-07 -4.06372e-20 -9.44742e-06  3.58038e-20  2.81761e-06 -7.09373e-21  1.93533e-06 -3.29392e-21 -9.26872e-07  1.20927e-21 -1.49642e-07  1.28561e-22  6.42349e-08
 -1.7529e-21 -4.79684e-09  1.34103e-20  8.31017e-08 -4.09798e-20 -7.65208e-07  5.33853e-20  4.69542e-06 -2.38563e-20 -2.11269e-05 -1.02289e-21  7.33092e-05   3.6678e-21 -0.000201755 -1.14821e-19  0.000446475  4.58623e-19 -0.000795741 -9.86283e-19   0.00112735  1.52985e-18  -0.00122038 -1.84049e-18  0.000900226  1.64701e-18 -0.000242903 -8.99081e-19 -0.000382386  -1.3582e-19  0.000575564  1.04768e-18 -0.000280052  -1.3737e-18 -0.000145038  8.80187e-19  0.000292382  3.41912e-20 -0.000115878 -6.14607e-19 -9.77121e-05  5.16087e-19  0.000120015 -6.30122e-20 -1.07802e-05 -2.19126e-19 -5.30857e-05  1.62943e-19  2.63637e-05  7.10035e-21  1.18489e-05 -7.16348e-20 -1.29465e-05  3.62527e-20 -1.64273e-07 -1.64566e-22  3.14309e-06 -4.41429e-21 -4.96607e-07  4.95084e-22 -2.54945e-07  1.31632e-22
 1.24297e-09  -9.5817e-21 -3.77952e-08  4.51189e-20  4.56321e-07 -9.01745e-20 -3.37377e-06  7.35384e-20  1.75837e-05 -1.22118e-20 -6.91808e-05   3.6678e-21  0.000213362  5.04842e-20 -0.000526468 -4.33694e-19   0.00104744  1.24132e-18  -0.00167219 -2.30964e-18   0.00209275  3.32337e-18  -0.00192557 -3.79128e-18   0.00104413  3.26594e-18  0.000155389 -1.77359e-18 -0.000933437 -2.05596e-19  0.000825759  1.86226e-18 -0.000112534 -2.25115e-18  -0.00044892  1.18797e-18  0.000404699  2.87284e-19 -3.58838e-06 -9.39202e-19 -0.000228099  5.55007e-19  0.000127482  1.10141e-19  5.11867e-05 -3.37284e-19 -8.16706e-05  1.33761e-19  1.05288e-05  7.75102e-20  2.70617e-05 -9.43613e-20  -1.1529e-05  2.50725e-20 -4.37649e-06  7.07031e-21  3.30905e-06 -3.85505e-21  7.45764e-08 -1.43295e-23 -2.02439e-07
 4.95436e-21  1.31835e-08 -3.80986e-20 -2.28339e-07  1.16682e-19  2.10247e-06 -1.52557e-19 -1.29037e-05  7.15734e-20  5.80898e-05 -1.49522e-20 -0.000201755  5.04842e-20  0.000556064  1.80488e-19  -0.00123329 -1.05185e-18    0.0022054  2.52162e-18  -0.00314061 -4.29874e-18   0.00342929  5.85066e-18  -0.00257578 -6.34822e-18   0.00076323  5.22626e-18   0.00100807 -2.63876e-18  -0.00161631 -6.21534e-19   0.00085123  2.99733e-18  0.000339889 -3.01844e-18 -0.000814195  1.05189e-18  0.000374652  8.68989e-19  0.000231693  -1.2386e-18 -0.000343316  3.80703e-19  6.29276e-05  3.97525e-19  0.000135033 -4.07388e-19 -8.59253e-05   3.4027e-20 -2.08552e-05  1.54745e-19  3.72092e-05 -9.43921e-20 -4.72475e-06  6.29171e-21 -7.75988e-06  1.10111e-20  2.41943e-06 -2.45507e-21  4.25526e-07  -7.7304e-23
-3.06032e-09  2.45962e-20  9.30165e-08 -1.16382e-19 -1.12281e-06   2.3382e-19    8.302e-06 -1.95862e-19 -4.32874e-05  5.88924e-20  0.000170456 -1.14821e-19 -0.000526468  1.80488e-19   0.00130196  4.11614e-19  -0.00259908 -1.92823e-18   0.00417059  4.16013e-18  -0.00526223 -6.71777e-18   0.00491411  8.73092e-18  -0.00277259 -9.00101e-18 -0.000233024   6.9431e-18   0.00228119 -2.83446e-18  -0.00215142 -1.86926e-18  0.000428491  4.44556e-18   0.00104929 -3.34151e-18  -0.00106684  2.71048e-19  0.000111154  1.67804e-18  0.000535118 -1.31706e-18 -0.000365725 -5.47088e-20 -7.72827e-05  7.04891e-19  0.000205007 -3.63785e-19  -5.4166e-05 -1.16977e-19 -5.64823e-05  2.06468e-19  3.66184e-05 -7.07285e-20   4.6076e-06 -1.06224e-20 -8.87821e-06  1.06939e-20  1.12117e-06 -1.30341e-21  4.01276e-07
-1.15433e-20 -2.91193e-08  8.91657e-20  5.04137e-07 -2.74725e-19 -4.64144e-06  3.63866e-19  2.84942e-05 -1.90832e-19 -0.000128372  1.26962e-19  0.000446475 -4.33694e-19  -0.00123329  4.11614e-19   0.00274455  7.16287e-19  -0.00493293 -2.93668e-18   0.00708019  5.99936e-18  -0.00783323  -9.3754e-18   0.00604509  1.16596e-17  -0.00203181 -1.13508e-17  -0.00205203  7.85257e-18   0.00366154  -1.7246e-18  -0.00214976 -4.14948e-18 -0.000535315  5.83331e-18   0.00180842 -2.82047e-18  -0.00100514 -1.13261e-18 -0.000376676  2.41363e-18  0.000784737 -9.86965e-19 -0.000244851 -6.81229e-19 -0.000252339  9.03732e-19   0.00022513 -1.98516e-19  6.33715e-06  -2.6423e-19 -8.19362e-05  2.12752e-19  2.56846e-05 -3.71642e-20  1.25525e-05 -1.85131e-20 -7.78028e-06  7.79227e-21  1.24579e-07 -6.00343e-22
 6.07012e-09 -5.23228e-20 -1.84368e-07   2.4926e-19  2.22473e-06 -5.05276e-19 -1.64507e-05  4.35711e-19  8.58269e-05 -1.81412e-19 -0.000338399  4.58623e-19   0.00104744 -1.05185e-18  -0.00259908  7.16287e-19   0.00521493  1.04792e-18   -0.0084328 -4.03306e-18    0.0107708   8.1096e-18    -0.010281 -1.23298e-17   0.00613549  1.45744e-17 -3.24136e-05 -1.31526e-17  -0.00442611  7.40908e-18    0.0045968  1.06702e-18  -0.00131724 -7.10655e-18  -0.00187183   6.4735e-18   0.00229259 -1.22592e-18  -0.00052888 -2.83936e-18 -0.000951178  2.71495e-18  0.000856595 -2.21695e-19  2.00037e-06 -1.31215e-18 -0.000397838  9.15979e-19  0.000183254  2.12449e-20  7.40565e-05 -3.50626e-19 -8.92159e-05  1.78809e-19  9.66831e-06 -1.01978e-20  1.67386e-05 -1.72181e-20 -5.50562e-06  4.31041e-21 -2.13105e-07
 2.24313e-20  5.17621e-08 -1.73836e-19 -8.95526e-07  5.40549e-19  8.24302e-06 -7.25786e-19 -5.06233e-05  4.04241e-19  0.000228322 -3.50675e-19 -0.000795741  1.24132e-18    0.0022054 -1.92823e-18  -0.00493293  1.04792e-18   0.00893434  1.40667e-18   -0.0129749 -5.39823e-18    0.0146358  1.08162e-17   -0.0117407 -1.57744e-17   0.00460802  1.74755e-17   0.00309695 -1.40502e-17  -0.00669134  5.08615e-18   0.00453781   5.3813e-18  0.000319507 -9.83762e-18  -0.00316987  5.73746e-18   0.00223505  1.25111e-18   0.00027217 -4.32979e-18  -0.00141145  2.38431e-18  0.000703153  7.73303e-19  0.000297021 -1.73989e-18 -0.000465805  7.65978e-19   9.6327e-05  2.01209e-19  0.000128077 -3.54701e-19 -7.97448e-05  1.27299e-19 -5.57125e-06  2.80741e-21  1.69482e-05 -1.08489e-20 -3.22179e-06  1.43047e-21
-9.64922e-09  9.29677e-20  2.92735e-07 -4.46945e-19 -3.53015e-06  9.17108e-19  2.61045e-05 -8.06604e-19  -0.00013631  3.64867e-19  0.000538471 -9.86283e-19  -0.00167219  2.52162e-18   0.00417059 -2.93668e-18   -0.0084328  1.40667e-18    0.0137953  1.88165e-18   -0.0179432 -7.38229e-18    0.0176797  1.44082e-17   -0.0113811 -1.97218e-17   0.00137644  2.01045e-17   0.00666998 -1.34289e-17  -0.00804232  6.73045e-19    0.0032688  1.03554e-17   0.00235104 -1.12967e-17  -0.00397788  3.52915e-18   0.00159559    3.965e-18   0.00115717 -5.12821e-18  -0.00161113  1.51652e-18  0.000377719   1.6667e-18  0.000552794 -1.86218e-18  -0.00044844  5.48902e-19 -5.68402e-06  2.87511e-19  0.000158497 -2.96987e-19  -6.0247e-05  7.99536e-20 -1.63143e-05  3.83088e-21  1.43306e-05 -3.74189e-21 -1.57203e-06
-3.65514e-20 -7.30655e-08  2.83732e-19  1.26256e-06 -8.94506e-19 -1.16162e-05   1.2205e-18  7.13739e-05 -6.93825e-19 -0.000322447  6.13029e-19   0.00112735 -2.30964e-18  -0.00314061  4.16013e-18   0.00708019 -4.03306e-18   -0.0129749  1.88165e-18    0.0191813  2.62006e-18   -0.0222665 -1.02363e-17    0.0188629  1.87817e-17  -0.00887004 -2.38152e-17  -0.00294555  2.18467e-17   0.00968001 -1.07429e-17  -0.00796026 -5.26495e-18   0.00108182  1.46159e-17   0.00418195 -1.08738e-17  -0.00405975  4.42061e-19  0.000580074  6.11438e-18   0.00187966 -5.03928e-18  -0.00153118  4.23759e-19 -1.38065e-05  2.20945e-18  0.000719737 -1.72525e-18 -0.000368917   3.5037e-19 -9.84524e-05  2.87038e-19  0.000165779 -2.14679e-19 -3.78971e-05  4.73508e-20 -2.13077e-05 -1.67542e-21  1.03867e-05  6.74351e-22
 1.20022e-08 -1.38189e-19 -3.63367e-07  6.72855e-19  4.37675e-06  -1.4059e-18 -3.23619e-05  1.26073e-18  0.000169199 -5.57351e-19 -0.000670394  1.52985e-18   0.00209275 -4.29874e-18  -0.00526223  5.99936e-18    0.0107708 -5.39823e-18   -0.0179432  2.62006e-18    0.0239965  3.72308e-18   -0.0247713  -1.3798e-17    0.0176308  2.33424e-17  -0.00468304 -2.73842e-17  -0.00723848  2.19788e-17     0.011306 -6.08205e-18  -0.00651821 -1.13169e-17  -0.00137578  1.68867e-17   0.00536387 -8.72177e-18  -0.00350079 -2.59206e-18 -0.000508648  7.18315e-18   0.00231692 -4.21009e-18  -0.00125331 -5.67959e-19 -0.000382046  2.35649e-18  0.000793042 -1.44931e-18 -0.000257625  2.00815e-19 -0.000169281  2.35348e-19   0.00015549 -1.37084e-19 -1.81172e-05   3.0757e-20 -2.11451e-05 -7.09535e-21  5.89196e-06
 4.99127e-20  7.86841e-08 -3.87133e-19 -1.35648e-06  1.24638e-18  1.24676e-05 -1.74079e-18 -7.66526e-05  9.99158e-19   0.00034722 -8.00765e-19  -0.00122038  3.32337e-18   0.00342929 -6.71777e-18  -0.00783323   8.1096e-18    0.0146358 -7.38229e-18   -0.0222665  3.72308e-18    0.0270219  5.11261e-18   -0.0247509 -1.73956e-17    0.0143066  2.72355e-17  3.35091e-05 -2.96424e-17   -0.0104345   2.0078e-17      0.01135 -3.63137e-19  -0.00430741 -1.58614e-17  -0.00348685  1.66546e-17   0.00580384 -5.58914e-18   -0.0025857 -4.87192e-18  -0.00145197  7.16134e-18   0.00248317 -2.99033e-18 -0.000879187  -1.2691e-18 -0.000683398  2.21175e-18  0.000790374 -1.12815e-18 -0.000138741  9.60759e-20 -0.000214144  1.63864e-19  0.000134713 -7.96313e-20 -3.81298e-06  2.44372e-20 -1.68768e-05 -7.06049e-21
-1.09409e-08  1.70851e-19  3.29806e-07   -8.472e-19 -3.96204e-06  1.82016e-18  2.92794e-05 -1.67821e-18 -0.000153398  6.86931e-19  0.000611029 -1.84049e-18  -0.00192557  5.85066e-18   0.00491411  -9.3754e-18    -0.010281  1.08162e-17    0.0176797 -1.02363e-17   -0.0247713  5.11261e-18     0.027497  6.48018e-18   -0.0224131  -2.0161e-17    0.0100097  2.97376e-17   0.00404601 -2.99769e-17   -0.0120723  1.62949e-17    0.0102639  5.13034e-18  -0.00203106 -1.79784e-17  -0.00497512  1.43776e-17   0.00569731  -2.3226e-18   -0.0015815 -6.22353e-18  -0.00217961  6.39489e-18   0.00245191 -1.73357e-18 -0.000478884 -1.63374e-18 -0.000906192  1.89965e-18  0.000733532  -8.0701e-19 -2.90162e-05  3.33806e-20 -0.000234546  9.47712e-20   0.00010964 -4.49988e-20  3.90318e-06  1.90771e-20 -9.33601e-06
 -5.6673e-20 -5.75754e-08   4.3717e-19  9.86758e-07 -1.45377e-18 -9.04268e-06  2.10457e-18  5.56344e-05 -1.22436e-18 -0.000253341  7.82007e-19  0.000900226 -3.79128e-18  -0.00257578  8.73092e-18   0.00604509 -1.23298e-17   -0.0117407  1.44082e-17    0.0188629  -1.3798e-17   -0.0247509  6.48018e-18    0.0255869  7.44115e-18   -0.0188389 -2.16031e-17   0.00606416  3.06023e-17   0.00668174 -2.82651e-17   -0.0124301  1.12997e-17   0.00875233  9.46502e-18 -0.000105232 -1.78498e-17  -0.00591152  1.10721e-17   0.00529731  5.50089e-19  -0.00062194  -6.8497e-18  -0.00270879  5.28422e-18   0.00228801 -6.94331e-19 -9.23538e-05 -1.69511e-18   -0.0010519  1.50736e-18  0.000643576 -5.22597e-19  6.15378e-05  1.40257e-20 -0.000234579  3.94431e-20  8.47341e-05 -2.15881e-20  4.45793e-06  9.10615e-21
 5.82603e-09 -1.72817e-19 -1.73158e-07   8.8036e-19   2.0609e-06 -1.97544e-18 -1.51823e-05  1.90257e-18  7.99114e-05 -6.85806e-19 -0.000322873  1.64701e-18   0.00104413 -6.34822e-18  -0.00277259  1.16596e-17   0.00613549 -1.57744e-17   -0.0113811  1.87817e-17    0.0176308 -1.73956e-17   -0.0224131  7.44115e-18    0.0223559  7.82867e-18   -0.0153909 -2.19612e-17   0.00328531  3.01674e-17   0.00805793 -2.49727e-17   -0.0121583  5.93875e-18   0.00730683  1.24156e-17   0.00142617 -1.63721e-17  -0.00649019  7.66799e-18   0.00475537  2.88393e-18  0.000256819 -7.00328e-18  -0.00306872  4.13268e-18   0.00203753 -2.18285e-20  0.000254989  -1.5284e-18  -0.00112939  1.10394e-18  0.000538545 -3.16873e-19  0.000128104  3.14848e-20  -0.00021854 -6.12475e-21  6.40311e-05 -2.38897e-21   3.1878e-07
  5.2519e-20  1.51978e-08  -3.9875e-19 -2.50134e-07  1.39676e-18  2.23846e-06 -2.13949e-18 -1.37582e-05  1.28234e-18  6.43896e-05 -4.93987e-19 -0.000242903  3.26594e-18   0.00076323 -9.00101e-18  -0.00203181  1.45744e-17   0.00460802 -1.97218e-17  -0.00887004  2.33424e-17    0.0143066  -2.0161e-17   -0.0188389  7.82867e-18    0.0191764  7.84585e-18   -0.0129627 -2.20027e-17   0.00167618  2.91086e-17   0.00875247 -2.08705e-17   -0.0117688  8.70444e-19   0.00604766  1.42663e-17   0.00268848 -1.44596e-17   -0.0068381   4.6608e-18   0.00413058  4.70015e-18   0.00104029 -6.82551e-18   -0.0032827  3.16613e-18   0.00173938  2.49154e-19  0.000548869  -1.2347e-18   -0.0011513  7.49558e-19  0.000432194 -2.09304e-19  0.000168129  7.79889e-20 -0.000192094 -5.08333e-20  4.85838e-05  1.20004e-20
 9.56382e-10  1.37768e-19 -3.31615e-08 -7.32257e-19  4.34176e-07  1.76476e-18 -3.32481e-06 -1.82609e-18  1.70614e-05  5.53707e-19 -6.17037e-05 -8.99081e-19  0.000155389  5.22626e-18 -0.000233024 -1.13508e-17 -3.24136e-05  1.74755e-17   0.00137644 -2.38152e-17  -0.00468304  2.72355e-17    0.0100097 -2.16031e-17   -0.0153909  7.84585e-18    0.0169663  7.90698e-18   -0.0116282 -2.24609e-17  0.000721155  2.79839e-17   0.00926763 -1.66177e-17   -0.0114166 -3.54704e-18   0.00489924  1.53875e-17   0.00376635 -1.26551e-17  -0.00700113  2.20131e-18   0.00346262  5.97092e-18   0.00171459 -6.38932e-18  -0.00337832  2.52938e-18   0.00142492  2.17216e-19  0.000783922 -9.00455e-19  -0.00113009  4.80747e-19  0.000336389 -1.93334e-19  0.000182786  1.47776e-19 -0.000160327 -7.60668e-20  3.13609e-05
-3.81871e-20  2.42484e-08  2.77458e-19 -4.31634e-07 -1.06618e-18  4.04793e-06  1.79486e-18 -2.50511e-05 -1.15205e-18   0.00011234  4.57668e-20 -0.000382386 -1.77359e-18   0.00100807   6.9431e-18  -0.00205203 -1.31526e-17   0.00309695  2.01045e-17  -0.00294555 -2.73842e-17  3.35091e-05  2.97376e-17   0.00606416 -2.19612e-17   -0.0129627  7.90698e-18    0.0158225  8.33415e-18   -0.0109108 -2.35849e-17 -6.43848e-05  2.69438e-17   0.00976493 -1.26034e-17   -0.0110474 -7.11126e-18   0.00381144  1.59951e-17   0.00467204 -1.11546e-17  -0.00701442   3.3583e-19   0.00279339  6.58233e-18   0.00227859 -5.76315e-18  -0.00338408  2.20851e-18   0.00111659  4.49495e-20  0.000958525 -5.57624e-19  -0.00107975  3.04043e-19  0.000258839 -2.35902e-19  0.000177016  1.98974e-19 -0.000119349 -6.67648e-20
 -5.1637e-09 -7.87361e-20  1.59614e-07  4.52454e-19 -1.95357e-06 -1.24561e-18  1.46014e-05  1.46004e-18 -7.67002e-05 -3.63359e-19  0.000303008  -1.3582e-19 -0.000933437 -2.63876e-18   0.00228119  7.85257e-18  -0.00442611 -1.40502e-17   0.00666998  2.18467e-17  -0.00723848 -2.96424e-17   0.00404601  3.06023e-17   0.00328531 -2.20027e-17   -0.0116282  8.33415e-18    0.0152816  9.17777e-18   -0.0103392 -2.50762e-17 -0.000837369  2.58235e-17    0.0101907 -9.08189e-18   -0.0106261 -9.64001e-18   0.00280411  1.61741e-17   0.00541533 -9.96146e-18  -0.00692458 -8.72701e-19    0.0021504   6.4222e-18   0.00274015 -5.00202e-18  -0.00332402  2.04114e-18  0.000832768 -1.73566e-19   0.00107664 -2.19629e-19  -0.00101298  2.18761e-19   0.00019941 -2.93358e-19  0.000148516  1.93273e-19 -6.29808e-05
 1.98198e-20 -3.54445e-08  -1.2362e-19  6.19407e-07  5.89624e-19 -5.75959e-06 -1.18955e-18  3.57504e-05  8.80446e-19 -0.000163104  3.64574e-19  0.000575564 -2.05596e-19  -0.00161631 -2.83446e-18   0.00366154  7.40908e-18  -0.00669134 -1.34289e-17   0.00968001  2.19788e-17   -0.0104345 -2.99769e-17   0.00668174  3.01674e-17   0.00167618 -2.24609e-17   -0.0109108  9.17777e-18    0.0148767   1.0233e-17   -0.0097616 -2.63432e-17  -0.00153589  2.44335e-17    0.0105078 -6.30235e-18   -0.0101903 -1.10316e-17   0.00189585  1.59697e-17   0.00602767 -8.98461e-18  -0.00676793 -1.33513e-18   0.00154845  5.47775e-18   0.00310773 -4.13747e-18  -0.00322186  1.87917e-18   0.00058474 -4.57516e-19   0.00114593   1.0946e-19 -0.000932899  1.28984e-19  0.000162007 -2.32797e-19  8.95787e-05  1.00134e-19
   4.331e-09  2.16169e-20 -1.31796e-07 -1.58656e-19   1.5997e-06  6.22324e-19 -1.19614e-05 -9.32875e-19  6.35336e-05  1.93296e-19  -0.00025719  1.04768e-18  0.000825759 -6.21534e-19  -0.00215142  -1.7246e-18    0.0045968  5.08615e-18  -0.00804232 -1.07429e-17     0.011306   2.0078e-17   -0.0120723 -2.82651e-17   0.00805793  2.91086e-17  0.000721155 -2.35849e-17   -0.0103392   1.0233e-17    0.0144581  1.11703e-17  -0.00924779 -2.68514e-17  -0.00211343  2.27461e-17    0.0107568 -4.45104e-18  -0.00977694  -1.1389e-17    0.0010762  1.53935e-17   0.00653628 -8.12497e-18  -0.00656894 -9.63582e-19  0.000999548  3.90757e-18   0.00339452 -3.19427e-18  -0.00309628  1.69447e-18  0.000375667 -8.20668e-19   0.00116497  4.33761e-19 -0.000843658 -3.36376e-20  0.000159704 -1.28324e-19  2.10636e-05
 -5.1099e-21   1.6017e-08  1.86086e-21 -2.75078e-07 -1.59385e-19  2.54646e-06  5.51895e-19 -1.59901e-05 -5.58027e-19  7.52368e-05 -5.51709e-19 -0.000280052  1.86226e-18   0.00085123 -1.86926e-18  -0.00214976  1.06702e-18   0.00453781  6.73045e-19  -0.00796026 -6.08205e-18      0.01135  1.62949e-17   -0.0124301 -2.49727e-17   0.00875247  2.79839e-17 -6.43848e-05 -2.50762e-17   -0.0097616  1.11703e-17    0.0140986  1.16968e-17  -0.00885279   -2.635e-17  -0.00260577  2.08894e-17    0.0109809 -3.52336e-18  -0.00939042 -1.09804e-17  0.000334303  1.43804e-17   0.00695935 -7.35437e-18  -0.00635074  2.04073e-19  0.000507721  2.04257e-18    0.0036129 -2.17017e-18  -0.00295567  1.50777e-18  0.000216706 -1.23185e-18   0.00113101  8.56838e-19 -0.000764132 -3.57906e-19  0.000175369  6.68153e-20
-3.14932e-10   1.1974e-20  7.69736e-09 -3.78337e-20 -8.21305e-08 -1.25504e-19  6.37886e-07  4.28018e-19 -4.22302e-06 -1.13024e-19  2.39661e-05  -1.3737e-18 -0.000112534  2.99733e-18  0.000428491 -4.14948e-18  -0.00131724   5.3813e-18    0.0032688 -5.26495e-18  -0.00651821 -3.63137e-19    0.0102639  1.12997e-17   -0.0121583 -2.08705e-17   0.00926763  2.69438e-17 -0.000837369 -2.63432e-17  -0.00924779  1.16968e-17    0.0138564  1.16694e-17  -0.00854668 -2.48863e-17  -0.00305388  1.90464e-17    0.0111891 -3.29309e-18  -0.00903243 -1.00487e-17 -0.000333877  1.27846e-17   0.00731712 -6.67145e-18  -0.00612801  1.81268e-18   7.3918e-05  2.37162e-19   0.00376426  -1.0432e-18    -0.002816  1.36239e-18  0.000123336 -1.71386e-18   0.00106325  1.34609e-18 -0.000687031 -4.87614e-19  0.000141121
-1.78184e-21  1.01086e-08   5.1152e-20 -1.81963e-07 -8.71632e-20  1.70718e-06 -9.02322e-20  -1.0429e-05   2.8958e-19   4.5311e-05  3.87289e-19 -0.000145038 -2.25115e-18  0.000339889  4.44556e-18 -0.000535315 -7.10655e-18  0.000319507  1.03554e-17   0.00108182 -1.13169e-17  -0.00430741  5.13034e-18   0.00875233  5.93875e-18   -0.0117688 -1.66177e-17   0.00976493  2.58235e-17  -0.00153589 -2.68514e-17  -0.00885279  1.16694e-17     0.013704  1.10975e-17  -0.00829255 -2.26911e-17  -0.00346448  1.73344e-17    0.0113872 -3.38831e-18  -0.00871092 -8.66816e-18 -0.000937613  1.04386e-17   0.00762284 -5.96014e-18  -0.00591007  3.25834e-18 -0.000289421 -1.41543e-18   0.00385793   2.4923e-19  -0.00270238  1.15221e-18  8.16788e-05 -2.03518e-18  0.000965496  1.52514e-18 -0.000538069 -5.02806e-19
-2.54219e-09 -1.81013e-20  7.93556e-08  9.98234e-20 -9.77138e-07 -1.22214e-19  7.31449e-06 -8.71857e-20 -3.82597e-05  1.48515e-19  0.000149309  8.80187e-19  -0.00044892 -3.01844e-18   0.00104929  5.83331e-18  -0.00187183 -9.83762e-18   0.00235104  1.46159e-17  -0.00137578 -1.58614e-17  -0.00203106  9.46502e-18   0.00730683  8.70444e-19   -0.0114166 -1.26034e-17    0.0101907  2.44335e-17  -0.00211343   -2.635e-17  -0.00854668  1.10975e-17    0.0136064  1.00787e-17  -0.00808796 -2.00798e-17  -0.00384115  1.57104e-17    0.0115881  -3.4234e-18  -0.00842666 -6.73295e-18  -0.00148093  7.26994e-18   0.00788328   -4.955e-18  -0.00571903  4.04431e-18 -0.000577709 -2.89954e-18     0.003919  1.32294e-18  -0.00260515  1.20643e-18  7.71118e-05 -2.36448e-18  0.000762838  1.40248e-18 -0.000276428
 2.13521e-21 -1.76346e-08 -4.49031e-20  3.10866e-07   1.3893e-19 -2.91087e-06 -1.17185e-19   1.8157e-05  -1.2772e-19 -8.30149e-05  3.29896e-20  0.000292382  1.18797e-18 -0.000814195 -3.34151e-18   0.00180842   6.4735e-18  -0.00316987 -1.12967e-17   0.00418195  1.68867e-17  -0.00348685 -1.79784e-17 -0.000105232  1.24156e-17   0.00604766 -3.54704e-18   -0.0110474 -9.08189e-18    0.0105078  2.27461e-17  -0.00260577 -2.48863e-17  -0.00829255  1.00787e-17    0.0135631  8.77129e-18  -0.00793356 -1.73968e-17  -0.00419502  1.39753e-17    0.0117963 -3.18428e-18  -0.00818446 -4.06271e-18  -0.00196063  3.50365e-18   0.00811997 -3.52865e-18  -0.00557019  4.32091e-18 -0.000810017 -4.46011e-18   0.00393592  2.51536e-18  -0.00249523  4.06373e-19  0.000180147 -1.31322e-18  0.000400882  5.90461e-19
 1.97301e-09  8.86981e-21 -6.06392e-08 -6.99923e-20  7.43971e-07  1.51703e-19 -5.62906e-06 -6.12552e-20  3.02894e-05 -2.15559e-19 -0.000124322  3.41912e-20  0.000404699  1.05189e-18  -0.00106684 -2.82047e-18   0.00229259  5.73746e-18  -0.00397788 -1.08738e-17   0.00536387  1.66546e-17  -0.00497512 -1.78498e-17   0.00142617  1.42663e-17   0.00489924 -7.11126e-18   -0.0106261 -6.30235e-18    0.0107568  2.08894e-17  -0.00305388 -2.26911e-17  -0.00808796  8.77129e-18    0.0135767  7.40472e-18  -0.00782205 -1.49281e-17  -0.00452857  1.19032e-17    0.0120198  -2.7958e-18   -0.0079972 -6.27492e-19  -0.00239032 -3.36002e-19    0.0083497 -1.69558e-18  -0.00544719  4.25467e-18 -0.000970467  -5.4914e-18   0.00385901  3.06315e-18  -0.00243073  1.38025e-19  0.000460235 -1.26434e-18   4.6189e-05
-1.45372e-22  5.56555e-09  1.62595e-20 -9.67234e-08 -8.28074e-20  9.16156e-07  1.31704e-19 -5.96016e-06  4.34922e-20  2.94074e-05 -3.69225e-19 -0.000115878  2.87284e-19  0.000374652  2.71048e-19  -0.00100514 -1.22592e-18   0.00223505  3.52915e-18  -0.00405975 -8.72177e-18   0.00580384  1.43776e-17  -0.00591152 -1.63721e-17   0.00268848  1.53875e-17   0.00381144 -9.64001e-18   -0.0101903 -4.45104e-18    0.0109809  1.90464e-17  -0.00346448 -2.00798e-17  -0.00793356  7.40472e-18    0.0136417   6.2249e-18  -0.00775515 -1.27486e-17  -0.00484712  9.36182e-18    0.0122755 -2.61691e-18   -0.0078592  3.11855e-18   -0.0027817 -3.64538e-18   0.00855032  2.11529e-19  -0.00536371  4.45742e-18 -0.000988909 -6.96795e-18   0.00372639  5.23957e-18  -0.00249638 -2.44636e-18  0.000727215  8.49398e-19
 2.71641e-10  7.23634e-22 -9.06829e-09  1.90329e-20  1.11917e-07 -8.11664e-20 -7.75636e-07  8.26655e-20  3.29876e-06  1.91277e-19 -7.58286e-06 -6.14607e-19 -3.58838e-06  8.68989e-19  0.000111154 -1.13261e-18  -0.00052888  1.25111e-18   0.00159559  4.42061e-19  -0.00350079 -5.58914e-18   0.00569731  1.10721e-17  -0.00649019 -1.44596e-17   0.00376635  1.59951e-17   0.00280411 -1.10316e-17  -0.00977694 -3.52336e-18    0.0111891  1.73344e-17  -0.00384115 -1.73968e-17  -0.00782205   6.2249e-18    0.0137619  5.35075e-18  -0.00773222  -1.0587e-17  -0.00516547  6.30703e-18    0.0125601 -2.88487e-18  -0.00776339   6.4256e-18  -0.00310172 -6.43019e-18   0.00872327  1.96231e-18  -0.00540117  5.17351e-18 -0.000882779 -8.81614e-18   0.00363809  6.62837e-18  -0.00249374 -1.58806e-18  0.000609674
-1.00283e-21  6.93452e-09  3.95043e-21 -1.23453e-07  1.66349e-20  1.14984e-06 -7.02551e-20 -6.99759e-06  1.27116e-20  3.03959e-05  3.65131e-19 -9.77121e-05 -9.39202e-19  0.000231693  1.67804e-18 -0.000376676 -2.83936e-18   0.00027217    3.965e-18  0.000580074 -2.59206e-18   -0.0025857  -2.3226e-18   0.00529731  7.66799e-18   -0.0068381 -1.26551e-17   0.00467204  1.61741e-17   0.00189585  -1.1389e-17  -0.00939042 -3.29309e-18    0.0113872  1.57104e-17  -0.00419502 -1.49281e-17  -0.00775515  5.35075e-18    0.0139388   4.6359e-18  -0.00774292 -7.75548e-18    -0.005477  2.63521e-18    0.0128657 -3.38568e-18  -0.00775136   9.1317e-18  -0.00333464 -9.88163e-18   0.00894907  4.28102e-18   -0.0055537  5.47809e-18  -0.00077488 -1.03783e-17   0.00340902  8.00721e-18  -0.00196876 -3.76568e-18
-1.26541e-09 -3.83789e-21  3.95221e-08  9.20084e-21 -4.87545e-07  1.38005e-20  3.66097e-06 -5.75408e-20 -1.92325e-05 -6.22196e-20  7.54521e-05  5.16087e-19 -0.000228099  -1.2386e-18  0.000535118  2.41363e-18 -0.000951178 -4.32979e-18   0.00115717  6.11438e-18 -0.000508648 -4.87192e-18   -0.0015815  5.50089e-19   0.00475537   4.6608e-18  -0.00700113 -1.11546e-17   0.00541533  1.59697e-17    0.0010762 -1.09804e-17  -0.00903243 -3.38831e-18    0.0115881  1.39753e-17  -0.00452857 -1.27486e-17  -0.00773222   4.6359e-18    0.0141643  3.66335e-18  -0.00779937 -3.32505e-18  -0.00576719 -1.79568e-18     0.013235 -3.47212e-18  -0.00785226  1.12851e-17  -0.00355454 -1.27326e-17   0.00922307  2.95991e-18  -0.00566261  1.09848e-17  -0.00052093 -1.56685e-17   0.00252861  8.40168e-18 -0.000907874
 7.78433e-22   -6.729e-09 -7.94384e-21  1.19406e-07  1.35115e-20 -1.12953e-06  1.65961e-20  7.14707e-06 -5.14804e-20  -3.3295e-05 -1.05976e-19  0.000120015  5.55007e-19 -0.000343316 -1.31706e-18  0.000784737  2.71495e-18  -0.00141145 -5.12821e-18   0.00187966  7.18315e-18  -0.00145197 -6.22353e-18  -0.00062194  2.88393e-18   0.00413058  2.20131e-18  -0.00701442 -9.96146e-18   0.00602767  1.53935e-17  0.000334303 -1.00487e-17  -0.00871092  -3.4234e-18    0.0117963  1.19032e-17  -0.00484712  -1.0587e-17  -0.00774292  3.66335e-18    0.0144532   1.7927e-18  -0.00792375  3.44464e-18  -0.00607308 -6.78589e-18    0.0137013 -3.94358e-18  -0.00799409  1.68897e-17  -0.00375734 -2.12314e-17   0.00934449    1.027e-17  -0.00580572  2.72295e-18  0.000410115 -5.54208e-18  0.000970749  3.27402e-18
 4.80084e-10  2.28718e-21 -1.48652e-08 -1.16353e-20  1.86169e-07  1.31841e-20 -1.45967e-06  2.96988e-20  8.26756e-06 -6.58454e-20 -3.62432e-05 -6.30122e-20  0.000127482  3.80703e-19 -0.000365725 -9.86965e-19  0.000856595  2.38431e-18  -0.00161113 -5.03928e-18   0.00231692  7.16134e-18  -0.00217961  -6.8497e-18  0.000256819  4.70015e-18   0.00346262   3.3583e-19  -0.00692458 -8.98461e-18   0.00653628  1.43804e-17 -0.000333877 -8.66816e-18  -0.00842666 -3.18428e-18    0.0120198  9.36182e-18  -0.00516547 -7.75548e-18  -0.00779937   1.7927e-18    0.0148309 -1.54027e-18  -0.00808662  1.26135e-17  -0.00642394 -1.30999e-17    0.0141863 -2.15407e-18  -0.00817287  1.85512e-17  -0.00370549 -1.86072e-17   0.00930895 -3.38397e-19  -0.00649584  1.71556e-17   0.00203864 -1.70405e-17 -0.000242813
-1.47881e-22 -4.66696e-10  3.76112e-21  8.03465e-09 -1.32239e-20 -5.99052e-08  5.88208e-21  1.72234e-07  5.62448e-20  7.44603e-07 -1.19285e-19 -1.07802e-05  1.10141e-19  6.29276e-05 -5.47088e-20 -0.000244851 -2.21695e-19  0.000703153  1.51652e-18  -0.00153118 -4.21009e-18   0.00248317  6.39489e-18  -0.00270879 -7.00328e-18   0.00104029  5.97092e-18   0.00279339 -8.72701e-19  -0.00676793 -8.12497e-18   0.00695935  1.27846e-17 -0.000937613 -6.73295e-18  -0.00818446  -2.7958e-18    0.0122755  6.30703e-18    -0.005477 -3.32505e-18  -0.00792375 -1.54027e-18    0.0152715 -6.16138e-18  -0.00826562  2.20159e-17  -0.00672821 -1.79381e-17     0.014666 -5.47182e-18  -0.00864042  3.19355e-17  -0.00332993 -3.88476e-17   0.00960752  2.88693e-17  -0.00775209 -1.83685e-17   0.00310064  1.05173e-17
 4.26486e-10  -2.4597e-22 -1.33804e-08  4.48544e-21  1.63241e-07 -1.20564e-20 -1.18771e-06 -8.68005e-21   5.8707e-06  9.60648e-20 -2.06669e-05 -2.19126e-19  5.11867e-05  3.97525e-19 -7.72827e-05 -6.81229e-19  2.00037e-06  7.73303e-19  0.000377719  4.23759e-19  -0.00125331 -2.99033e-18   0.00245191  5.28422e-18  -0.00306872 -6.82551e-18   0.00171459  6.58233e-18    0.0021504 -1.33513e-18  -0.00656894 -7.35437e-18   0.00731712  1.04386e-17  -0.00148093 -4.06271e-18   -0.0079972 -2.61691e-18    0.0125601  2.63521e-18  -0.00576719  3.44464e-18  -0.00808662 -6.16138e-18    0.0157557 -1.17543e-17  -0.00856473  3.16704e-17  -0.00693769 -2.65507e-17    0.0153886  3.26136e-19  -0.00950727  2.40165e-17  -0.00310707 -2.09919e-17    0.0102651  -1.5709e-18  -0.00808929  2.02081e-17   0.00228602
-1.50228e-22  3.45478e-09  -5.4681e-23 -6.14407e-08  4.51311e-21  5.75701e-07 -8.71728e-21 -3.55456e-06 -2.72944e-20  1.58391e-05  1.39649e-19 -5.30857e-05 -3.37284e-19  0.000135033  7.04891e-19 -0.000252339 -1.31215e-18  0.000297021   1.6667e-18 -1.38065e-05 -5.67959e-19 -0.000879187 -1.73357e-18   0.00228801  4.13268e-18   -0.0032827 -6.38932e-18   0.00227859   6.4222e-18   0.00154845 -9.63582e-19  -0.00635074 -6.67145e-18   0.00762284  7.26994e-18  -0.00196063 -6.27492e-19   -0.0078592 -2.88487e-18    0.0128657 -1.79568e-18  -0.00607308  1.26135e-17  -0.00826562 -1.17543e-17    0.0163929 -1.50838e-17  -0.00905286  3.65821e-17  -0.00728363 -2.98508e-17    0.0164726 -3.77221e-18    -0.010269   3.6905e-17  -0.00313681 -4.84251e-17   0.00968639  4.33608e-17  -0.00590203 -3.48188e-17
-3.83782e-10 -4.46875e-22  1.20557e-08  3.01811e-22 -1.50663e-07  4.60117e-21  1.15576e-06  -5.2264e-21 -6.26207e-06 -4.05124e-20  2.56088e-05  1.62943e-19 -8.16706e-05 -4.07388e-19  0.000205007  9.03732e-19 -0.000397838 -1.73989e-18  0.000552794  2.20945e-18 -0.000382046  -1.2691e-18 -0.000478884 -6.94331e-19   0.00203753  3.16613e-18  -0.00337832 -5.76315e-18   0.00274015  5.47775e-18  0.000999548  2.04073e-19  -0.00612801 -5.96014e-18   0.00788328  3.50365e-18  -0.00239032  3.11855e-18  -0.00776339 -3.38568e-18     0.013235 -6.78589e-18  -0.00642394  2.20159e-17  -0.00856473 -1.50838e-17    0.0172596 -1.77361e-17  -0.00951385  3.89907e-17  -0.00787955 -2.64768e-17    0.0173688 -1.67969e-17    -0.010712  4.96875e-17    -0.001804 -4.32929e-17   0.00604626   4.9568e-18   -0.0021694
 1.16631e-22 -1.00055e-09 -8.19699e-22  1.83226e-08  3.25877e-22 -1.83342e-07  5.88464e-21  1.25765e-06 -5.89006e-21 -6.49116e-06 -3.31977e-20  2.63637e-05  1.33761e-19 -8.59253e-05 -3.63785e-19   0.00022513  9.15979e-19 -0.000465805 -1.86218e-18  0.000719737  2.35649e-18 -0.000683398 -1.63374e-18 -9.23538e-05 -2.18285e-20   0.00173938  2.52938e-18  -0.00338408 -5.00202e-18   0.00310773  3.90757e-18  0.000507721  1.81268e-18  -0.00591007   -4.955e-18   0.00811997 -3.36002e-19   -0.0027817   6.4256e-18  -0.00775136 -3.47212e-18    0.0137013 -1.30999e-17  -0.00672821  3.16704e-17  -0.00905286 -1.77361e-17     0.018146 -2.29881e-17  -0.00984214  6.05316e-17   -0.0081308 -7.12118e-17      0.01773  5.62216e-17   -0.0123677 -3.79043e-17   0.00277189  1.73084e-17  0.000652689  2.17684e-17
-5.95557e-11  2.64873e-22   1.8028e-09 -1.05115e-21 -1.97123e-08 -5.67454e-22   1.1169e-07  9.71227e-21 -2.77483e-07 -1.66864e-20 -7.50021e-07  7.10035e-21  1.05288e-05   3.4027e-20  -5.4166e-05 -1.98516e-19  0.000183254  7.65978e-19  -0.00044844 -1.72525e-18  0.000793042  2.21175e-18 -0.000906192 -1.69511e-18  0.000254989  2.49154e-19   0.00142492  2.20851e-18  -0.00332402 -4.13747e-18   0.00339452  2.04257e-18   7.3918e-05  3.25834e-18  -0.00571903 -3.52865e-18    0.0083497 -3.64538e-18  -0.00310172   9.1317e-18  -0.00785226 -3.94358e-18    0.0141863 -1.79381e-17  -0.00693769  3.65821e-17  -0.00951385 -2.29881e-17    0.0189515 -6.57096e-19   -0.0106711 -3.26906e-18   -0.0075571  6.49871e-17    0.0189345 -1.50956e-16    -0.017035  1.88598e-16   0.00886824 -1.30145e-16  -0.00223857
-2.16332e-23 -1.10909e-09  3.76583e-22  1.94696e-08 -9.25088e-22  -1.7704e-07 -2.78523e-21  1.03492e-06  1.71211e-20 -4.19497e-06 -4.06372e-20  1.18489e-05  7.75102e-20 -2.08552e-05 -1.16977e-19  6.33715e-06  2.12449e-20   9.6327e-05  5.48902e-19 -0.000368917 -1.44931e-18  0.000790374  1.89965e-18   -0.0010519  -1.5284e-18  0.000548869  2.17216e-19   0.00111659  2.04114e-18  -0.00322186 -3.19427e-18    0.0036129  2.37162e-19 -0.000289421  4.04431e-18  -0.00557019 -1.69558e-18   0.00855032 -6.43019e-18  -0.00333464  1.12851e-17  -0.00799409 -2.15407e-18     0.014666 -2.65507e-17  -0.00728363  3.89907e-17  -0.00984214 -6.57096e-19    0.0203121 -8.92289e-17   -0.0125292   2.0835e-16  -0.00748203 -3.13337e-16    0.0227818  3.67662e-16   -0.0226801 -3.20475e-16    0.0111881   1.4349e-16
