 6.06165e-18  1.44585e-27  -2.2331e-16 -4.48862e-26  3.29829e-15  4.82641e-25 -3.01778e-14 -3.43604e-24  1.97359e-13  1.83185e-23 -9.90941e-13 -7.72724e-23  3.98325e-12  2.66974e-22   -1.316e-11 -7.73231e-22  3.63381e-11  1.90805e-21 -8.46932e-11 -4.05774e-21  1.67295e-10  7.49624e-21 -2.79526e-10 -1.20922e-20  3.91155e-10  1.70789e-20 -4.47714e-10 -2.11297e-20  3.96648e-10  2.28516e-20   -2.301e-10 -2.14949e-20  1.06994e-11  1.74225e-20  1.54473e-10 -1.19722e-20 -1.86408e-10    6.769e-21  9.60578e-11  -2.9519e-21   2.5411e-11  8.11489e-22 -8.49626e-11  3.37897e-23  6.10169e-11 -1.88079e-22 -3.19696e-12  1.17373e-22 -3.02952e-11 -4.14059e-23  2.48628e-11  7.52834e-24 -4.34175e-12  3.68443e-25  -7.2026e-12 -5.58278e-25  6.56965e-12  1.10073e-25 -2.42369e-12 -2.92493e-27  3.08952e-13
 1.44585e-27  3.17199e-16  2.15862e-26 -6.69025e-15  -4.0021e-25  7.58017e-14   3.3467e-24 -5.79636e-13 -1.99913e-23  3.30046e-12  9.24709e-23   -1.477e-11  -3.4557e-22  5.36921e-11   1.0729e-21 -1.61916e-10 -2.82131e-21  4.10382e-10  6.37061e-21 -8.80232e-10 -1.24745e-20  1.59956e-09  2.13285e-20 -2.44872e-09 -3.19833e-20  3.10822e-09  4.21625e-20 -3.15493e-09 -4.88769e-20  2.33344e-09  4.97331e-20 -8.42714e-10 -4.42172e-20 -6.46773e-10  3.40711e-20  1.38546e-09 -2.24347e-20 -1.10085e-09  1.23106e-20  2.20032e-10 -5.35027e-21  4.97858e-10  1.60729e-21 -5.98694e-10 -1.36284e-22  2.30148e-10  -1.8248e-22  1.43555e-10  1.25713e-22 -2.33722e-10 -4.09732e-23  1.06774e-10  4.70426e-24  2.53632e-11   1.7348e-24  -5.9494e-11 -7.95049e-25  3.29994e-11  9.66189e-26 -7.78084e-12  8.22009e-28
 -2.2331e-16  2.15862e-26  8.23242e-15  1.26934e-25 -1.21671e-13 -1.59378e-24  1.11387e-12  1.07404e-23 -7.28825e-12 -5.46503e-23  3.66095e-11  2.21287e-22 -1.47204e-10 -7.36813e-22  4.86421e-10  2.06281e-21 -1.34314e-09 -4.93457e-21  3.12972e-09  1.02081e-20 -6.17867e-09 -1.84261e-20  1.03126e-08  2.92096e-20 -1.44036e-08 -4.08483e-20  1.64294e-08  5.05337e-20 -1.44527e-08 -5.53614e-20  8.21389e-09  5.36621e-20 -7.90699e-11 -4.58635e-20  -5.9536e-09  3.43134e-20  6.97551e-09 -2.21713e-20 -3.46608e-09   1.2066e-20 -1.11163e-09 -5.25812e-21  3.27925e-09   1.6142e-21 -2.28668e-09 -1.76963e-22  5.93366e-11 -1.37176e-22  1.19589e-09  8.73791e-23 -9.55627e-10 -1.63048e-23  1.53458e-10  -6.3504e-24   2.8885e-10  4.80245e-24 -2.58451e-10 -1.20758e-24  9.48456e-11  1.08186e-25 -1.20645e-11
-4.48862e-26 -6.69025e-15  1.26934e-25  1.41199e-13  3.60525e-25 -1.60075e-12 -2.96554e-24  1.22469e-11   1.5487e-23 -6.97647e-11 -6.46182e-23  3.12316e-10  2.21431e-22  -1.1356e-09 -6.35412e-22  3.42486e-09  1.54853e-21 -8.67956e-09  -3.2494e-21    1.861e-08  5.95334e-21 -3.37922e-08  -9.6525e-21  5.16603e-08  1.40297e-20 -6.54127e-08 -1.85076e-20  6.60853e-08  2.23823e-20 -4.83442e-08 -2.49317e-20   1.6571e-08  2.54919e-20  1.48493e-08 -2.36226e-20 -2.99885e-08  1.94151e-20  2.32637e-08 -1.37251e-20 -4.07871e-09  7.97525e-21 -1.12112e-08 -3.50379e-21  1.30191e-08  9.13584e-22 -4.78414e-09  7.13651e-23 -3.34562e-09 -1.85744e-22  5.18612e-09  6.45927e-23  -2.3095e-09  1.08144e-23 -6.09953e-10 -1.89189e-23  1.34035e-09  7.85033e-24 -7.37433e-10 -1.52209e-24  1.73361e-10  1.15661e-25
 3.29829e-15  -4.0021e-25 -1.21671e-13  3.60525e-25  1.79929e-12  2.87524e-25 -1.64808e-11   9.5406e-25  1.07886e-10  -1.3889e-23 -5.42129e-10  7.93596e-23  2.18047e-09 -3.17985e-22 -7.20629e-09  1.01559e-21  1.98985e-08 -2.70619e-21 -4.63565e-08   6.1125e-21  9.14686e-08 -1.17684e-20 -1.52516e-07  1.93467e-20  2.12644e-07 -2.70765e-20 -2.41772e-07  3.19281e-20  2.11269e-07 -3.09969e-20 -1.17713e-07  2.34899e-20 -3.14575e-09 -1.18064e-20  9.15251e-08    5.112e-22 -1.04494e-07  6.37111e-21  5.01776e-08 -7.68671e-21  1.88441e-08  5.27815e-21 -5.04973e-08 -2.09195e-21  3.43178e-08  8.72582e-23 -7.77364e-11  4.73374e-22 -1.87648e-08 -3.00378e-22  1.46723e-08  5.88752e-23 -2.19192e-09  3.17103e-23 -4.57833e-09 -2.74243e-23  4.03755e-09  9.10625e-24 -1.47559e-09 -1.40223e-24  1.87379e-10
 4.82641e-25  7.58017e-14 -1.59378e-24 -1.60075e-12  2.87524e-25   1.8157e-11 -1.73764e-24  -1.3898e-10  2.48207e-23  7.92019e-10 -1.46493e-22 -3.54676e-09  6.04646e-22   1.2899e-08 -1.97408e-21 -3.89053e-08  5.38876e-21  9.85873e-08 -1.25771e-20 -2.11311e-07  2.52852e-20  3.83435e-07 -4.39047e-20 -5.85443e-07  6.58494e-20  7.39624e-07 -8.49662e-20 -7.44001e-07  9.34116e-20  5.38692e-07 -8.58582e-20  -1.7526e-07  6.34499e-20 -1.80788e-07 -3.41918e-20  3.47747e-07  8.68634e-21 -2.64057e-07  5.95422e-21  4.03647e-08 -9.35031e-21  1.34451e-07  6.21658e-21 -1.51655e-07 -2.03148e-21  5.35538e-08 -2.81833e-22  4.11745e-08  6.88255e-22 -6.14519e-08 -3.35179e-22  2.68319e-08  3.58186e-23   7.6208e-09  4.61885e-23 -1.60308e-08 -2.92447e-23  8.76797e-09  7.89498e-24 -2.05665e-09 -9.29195e-25
-3.01778e-14   3.3467e-24  1.11387e-12 -2.96554e-24 -1.64808e-11 -1.73764e-24   1.5103e-10 -9.81199e-24 -9.89077e-10  1.06661e-22  4.97181e-09 -5.41934e-22 -2.00019e-08  1.97174e-21  6.61143e-08 -5.80793e-21 -1.82559e-07  1.45337e-20  4.25217e-07 -3.13614e-20 -8.38627e-07  5.85474e-20   1.3971e-06 -9.46752e-20  -1.9448e-06  1.32414e-19  2.20476e-06 -1.59222e-19 -1.91489e-06  1.62643e-19  1.04722e-06 -1.37881e-19  6.45013e-08  9.22668e-20 -8.67265e-07 -4.22943e-20  9.68452e-07  4.35762e-21 -4.50923e-07  1.39588e-20 -1.92433e-07 -1.56859e-20  4.79315e-07  9.56173e-21 -3.18888e-07 -3.35484e-21  -5.5496e-09  2.27621e-22  1.80709e-07  4.22468e-22 -1.39041e-07 -1.91526e-22  1.97448e-08 -1.52395e-23  4.42142e-08  5.06566e-23 -3.86307e-08 -2.36136e-23  1.40789e-08  4.93249e-24 -1.78565e-09
-3.43604e-24 -5.79636e-13  1.07404e-23  1.22469e-11   9.5406e-25  -1.3898e-10 -9.81199e-24  1.06424e-09 -3.74146e-23 -6.06705e-09  3.60359e-22  2.71766e-08 -1.59808e-21 -9.88557e-08  5.18338e-21  2.98185e-07  -1.3935e-20 -7.55552e-07  3.23091e-20  1.61896e-06 -6.50262e-20 -2.93591e-06  1.13662e-19   4.4777e-06 -1.72615e-19 -5.64568e-06  2.27095e-19  5.65722e-06 -2.57017e-19 -4.05808e-06  2.47044e-19  1.25541e-06 -1.96677e-19  1.46809e-06  1.22705e-19 -2.71438e-06 -5.06076e-20  2.02383e-06  4.87103e-22 -2.69962e-07  2.16454e-20 -1.07861e-06 -2.25844e-20  1.18906e-06  1.43979e-20 -4.06756e-07 -6.45504e-21 -3.35961e-07  2.07506e-21  4.88254e-07 -5.02621e-22 -2.10643e-07  1.44612e-22 -6.19763e-08 -8.04078e-23   1.2757e-07  4.18989e-23 -6.95455e-08 -1.30989e-23  1.62909e-08  2.56619e-24
 1.97359e-13 -1.99913e-23 -7.28825e-12   1.5487e-23  1.07886e-10  2.48207e-23 -9.89077e-10 -3.74146e-23  6.47968e-09 -1.26842e-22 -3.25812e-08   1.0384e-21  1.31105e-07 -3.95481e-21 -4.33411e-07  1.14036e-20  1.19677e-06 -2.80779e-20 -2.78706e-06  6.05705e-20  5.49456e-06 -1.14204e-19 -9.14665e-06  1.88114e-19  1.27151e-05 -2.70527e-19 -1.43786e-05  3.38332e-19  1.24217e-05 -3.65686e-19  -6.6804e-06  3.37824e-19 -6.25467e-07 -2.61006e-19  5.84463e-06  1.60758e-19 -6.40921e-06 -6.79363e-20  2.90785e-06  3.63586e-21  1.36976e-06  2.66749e-20 -3.23495e-06 -3.08413e-20  2.11874e-06  2.26068e-20  6.64941e-08 -1.27906e-20 -1.23093e-06  5.88364e-21  9.38316e-07  -2.1963e-21 -1.31086e-07  6.46461e-22 -2.99097e-07 -1.46891e-22  2.60513e-07  2.69116e-23 -9.48335e-08 -5.68473e-24  1.20203e-08
 1.83185e-23  3.30046e-12 -5.46503e-23 -6.97647e-11  -1.3889e-23  7.92019e-10  1.06661e-22 -6.06705e-09 -1.26842e-22  3.45977e-08 -3.59594e-22 -1.55014e-07  2.39008e-21  5.63959e-07 -7.65071e-21 -1.70122e-06  1.94584e-20  4.31036e-06 -4.40719e-20 -9.23389e-06  8.91729e-20  1.67369e-05 -1.59441e-19 -2.55031e-05  2.51586e-19  3.21023e-05 -3.49112e-19 -3.20641e-05  4.24285e-19   2.2818e-05 -4.49951e-19 -6.74246e-06  4.13287e-19 -8.77685e-06  -3.2372e-19  1.57358e-05     2.08e-19 -1.15652e-05   -9.619e-20  1.36611e-06  1.17203e-20  6.38222e-06  3.40708e-20 -6.92394e-06 -4.57976e-20   2.3215e-06  3.80109e-20  2.00115e-06 -2.41445e-20 -2.86736e-06  1.20379e-20  1.23479e-06 -4.55669e-21  3.59228e-07  1.21698e-21 -7.42548e-07 -1.97728e-22  4.04807e-07  1.39021e-23 -9.48016e-08 -3.99406e-24
-9.90941e-13  9.24709e-23  3.66095e-11 -6.46182e-23 -5.42129e-10 -1.46493e-22  4.97181e-09  3.60359e-22 -3.25812e-08 -3.59594e-22  1.63865e-07 -7.83697e-22 -6.59509e-07  3.97457e-21  2.18046e-06 -9.95725e-21 -6.02096e-06  2.15857e-20  1.40202e-05   -4.549e-20 -2.76318e-05  8.93184e-20   4.5971e-05 -1.59225e-19 -6.38382e-05   2.5441e-19  7.20457e-05 -3.59592e-19 -6.19737e-05  4.48181e-19  3.28681e-05 -4.92206e-19  3.97595e-06  4.74099e-19 -3.00819e-05 -3.95005e-19  3.25429e-05  2.71932e-19 -1.44886e-05 -1.33354e-19 -7.30182e-06  1.60136e-20  1.66661e-05  5.34783e-20 -1.08226e-05 -7.46678e-20 -4.05818e-07  6.42219e-20  6.35806e-06 -4.11853e-20 -4.84256e-06  1.99624e-20  6.98159e-07 -7.03508e-21  1.51349e-06  1.65278e-21  -1.3248e-06 -2.14684e-22  4.82728e-07  1.83037e-23 -6.11937e-08
-7.72724e-23   -1.477e-11  2.21287e-22  3.12316e-10  7.93596e-23 -3.54676e-09 -5.41934e-22  2.71766e-08   1.0384e-21 -1.55014e-07 -7.83697e-22  6.94665e-07 -1.16447e-21 -2.52762e-06  3.30712e-21  7.62528e-06 -2.86254e-21 -1.93195e-05  1.21586e-21  4.13808e-05 -4.83741e-21 -7.49788e-05  2.46391e-20  0.000114175 -7.71515e-20 -0.000143546   1.7143e-19   0.00014303 -2.97911e-19 -0.000101167  4.29687e-19  2.87934e-05  -5.2809e-19  4.07611e-05  5.57686e-19 -7.15053e-05 -4.98595e-19  5.20626e-05    3.536e-19 -5.65696e-06 -1.63777e-19 -2.93615e-05 -2.45883e-21  3.16056e-05  9.96084e-20 -1.05575e-05 -1.25635e-19 -9.14774e-06  1.03216e-19  1.31181e-05 -6.24832e-20 -5.71497e-06  2.78874e-20  -1.5413e-06 -8.77551e-21  3.31794e-06  1.76096e-21 -1.81694e-06 -1.80946e-22  4.26037e-07  1.14611e-23
 3.98325e-12  -3.4557e-22 -1.47204e-10  2.21431e-22  2.18047e-09  6.04646e-22 -2.00019e-08 -1.59808e-21  1.31105e-07  2.39008e-21 -6.59509e-07 -1.16447e-21  2.65471e-06 -5.25762e-22 -8.77783e-06 -5.40163e-21  2.42392e-05  2.63972e-20 -5.64393e-05 -6.06067e-20  0.000111215  9.76438e-20 -0.000184961 -1.10696e-19  0.000256674  6.30639e-20 -0.000289295   6.2488e-20  0.000248126 -2.53842e-19   -0.0001303  4.68129e-19 -1.83882e-05 -6.41999e-19  0.000123238  7.14612e-19 -0.000132241 -6.40791e-19  5.83452e-05  4.22999e-19  3.03228e-05 -1.46423e-19 -6.82833e-05 -7.74278e-20   4.4373e-05  1.93929e-19  1.46301e-06 -2.07333e-19 -2.58874e-05  1.54397e-19  1.99201e-05 -8.46154e-20 -3.14054e-06  3.36388e-20 -5.91548e-06 -9.20266e-21  5.26503e-06  1.56099e-21  -1.9261e-06 -1.70063e-22  2.44447e-07
 2.66974e-22  5.36921e-11 -7.36813e-22  -1.1356e-09 -3.17985e-22   1.2899e-08  1.97174e-21 -9.88557e-08 -3.95481e-21  5.63959e-07  3.97457e-21 -2.52762e-06 -5.25762e-22  9.19803e-06  3.23032e-21 -2.77502e-05 -2.96716e-20  7.03095e-05  8.60832e-20  -0.00015059 -1.62663e-19  0.000272816  2.30274e-19 -0.000415304 -2.29518e-19  0.000521815  1.12774e-19 -0.000519254  1.20744e-19  0.000365975 -4.28089e-19 -0.000101703  7.29923e-19 -0.000151805 -9.39809e-19   0.00026319  9.78466e-19 -0.000191066 -7.87156e-19  2.04609e-05  4.12054e-19  0.000108306 -1.81483e-20 -0.000116874 -2.53556e-19   3.9753e-05  3.60161e-19  3.29292e-05 -3.24546e-19  -4.8212e-05  2.13365e-19  2.16255e-05 -1.03507e-19  4.88329e-06  3.61398e-20 -1.16541e-05 -8.58624e-21   6.4538e-06  1.24501e-21 -1.51846e-06 -5.62208e-23
  -1.316e-11   1.0729e-21  4.86421e-10 -6.35412e-22 -7.20629e-09 -1.97408e-21  6.61143e-08  5.18338e-21 -4.33411e-07 -7.65071e-21  2.18046e-06  3.30712e-21 -8.77783e-06  3.23032e-21  2.90262e-05  1.25114e-20 -8.01577e-05 -7.03193e-20  0.000186648  1.58931e-19 -0.000367791 -2.44366e-19  0.000611636  2.51861e-19 -0.000848637 -9.56543e-20  0.000956105 -2.33461e-19 -0.000819172  6.68365e-19  0.000428356 -1.09716e-18  6.46259e-05  1.40675e-18 -0.000412189 -1.51655e-18  0.000441711  1.34391e-18 -0.000195717 -8.59982e-19 -0.000100092  2.32241e-19  0.000228087   2.8657e-19 -0.000150139 -5.69375e-19 -2.15881e-06  6.08841e-19   8.4869e-05 -4.69672e-19 -6.69872e-05  2.70833e-19  1.22698e-05 -1.15691e-19  1.80117e-05  3.55023e-20 -1.66186e-05 -7.34251e-21  6.13228e-06  9.57339e-22 -7.80397e-07
-7.73231e-22 -1.61916e-10  2.06281e-21  3.42486e-09  1.01559e-21 -3.89053e-08 -5.80793e-21  2.98185e-07  1.14036e-20 -1.70122e-06 -9.95725e-21  7.62528e-06 -5.40163e-21 -2.77502e-05  1.25114e-20  8.37276e-05  2.65975e-20 -0.000212154 -1.07287e-19  0.000454434  1.78121e-19 -0.000823368 -1.49005e-19   0.00125358 -1.17216e-19  -0.00157533   6.6629e-19   0.00156783 -1.38142e-18  -0.00110492  2.06305e-18  0.000305921 -2.51577e-18  0.000461846  2.64193e-18 -0.000801014 -2.40194e-18  0.000584741  1.73261e-18 -6.78888e-05 -7.43284e-19 -0.000325896 -1.98836e-19  0.000357412  8.08899e-19 -0.000127269 -1.03017e-18  -9.4041e-05  9.18246e-19  0.000144819 -6.17938e-19 -6.84344e-05  3.15148e-19 -1.05946e-05 -1.20222e-19  3.23211e-05  3.33329e-20 -1.83063e-05 -6.22214e-21  4.33711e-06  3.57471e-22
 3.63381e-11 -2.82131e-21 -1.34314e-09  1.54853e-21  1.98985e-08  5.38876e-21 -1.82559e-07  -1.3935e-20  1.19677e-06  1.94584e-20 -6.02096e-06 -2.86254e-21  2.42392e-05 -2.96716e-20 -8.01577e-05  2.65975e-20  0.000221382   3.6797e-20 -0.000515565 -9.14147e-20   0.00101615  1.69839e-20  -0.00169044  3.80038e-19   0.00234669 -1.25156e-18  -0.00264603  2.47037e-18   0.00227032 -3.69492e-18  -0.00119132  4.54603e-18 -0.000174169 -4.79336e-18   0.00114261  4.43161e-18  -0.00123374 -3.46865e-18  0.000558719   1.9459e-18   0.00026358 -2.92231e-19 -0.000630044 -9.34446e-19  0.000426987  1.54006e-18 -9.55893e-06 -1.58534e-18 -0.000225809  1.22948e-18  0.000186881 -7.33969e-19 -4.20174e-05  3.35733e-19 -4.18689e-05 -1.15567e-19  4.15901e-05  2.81223e-20 -1.56072e-05 -3.94346e-21  1.99702e-06
 1.90805e-21  4.10382e-10 -4.93457e-21 -8.67956e-09 -2.70619e-21  9.85873e-08  1.45337e-20 -7.55552e-07 -2.80779e-20  4.31036e-06  2.15857e-20 -1.93195e-05  2.63972e-20  7.03095e-05 -7.03193e-20 -0.000212154   3.6797e-20  0.000537655   2.5476e-20    -0.001152  5.07331e-20   0.00208823 -5.10418e-19  -0.00318172  1.66947e-18   0.00400325 -3.53578e-18  -0.00399271  5.65322e-18   0.00282678 -7.37048e-18 -0.000801507   8.1404e-18  -0.00115737 -7.81681e-18   0.00204072  6.52931e-18  -0.00151509 -4.34852e-18  0.000210742  1.66409e-18  0.000805003  6.29806e-19  -0.00091493 -1.97255e-18  0.000352706  2.40209e-18  0.000209893 -2.13133e-18 -0.000357831  1.47009e-18  0.000183616 -7.92855e-19  9.76622e-06  3.32868e-19 -6.93325e-05 -1.06335e-19  4.10784e-05  2.37497e-20  -9.8645e-06 -1.97248e-21
-8.46932e-11  6.37061e-21  3.12972e-09  -3.2494e-21 -4.63565e-08 -1.25771e-20  4.25217e-07  3.23091e-20 -2.78706e-06 -4.40719e-20  1.40202e-05  1.21586e-21 -5.64393e-05  8.60832e-20  0.000186648 -1.07287e-19 -0.000515565   2.5476e-20   0.00120105 -2.99805e-20   -0.0023685  4.23474e-19   0.00394371 -1.66974e-18  -0.00548273  4.09959e-18   0.00619759  -7.3338e-18  -0.00534335  1.04508e-17    0.0028429 -1.24318e-17  0.000347885  1.26703e-17  -0.00264348 -1.12426e-17   0.00291136  8.39881e-18  -0.00137819 -4.46763e-18 -0.000543362  5.67868e-19   0.00144706  2.06441e-18  -0.00103237 -3.21551e-18   8.4801e-05  3.24658e-18  0.000484235  -2.5492e-18 -0.000435014  1.59123e-18  0.000125585 -7.89069e-19  6.79969e-05  3.05016e-19 -8.01923e-05 -8.41549e-20   3.1137e-05  1.16639e-20 -4.02789e-06
-4.05774e-21 -8.80232e-10  1.02081e-20    1.861e-08   6.1125e-21 -2.11311e-07 -3.13614e-20  1.61896e-06  6.05705e-20 -9.23389e-06   -4.549e-20  4.13808e-05 -6.06067e-20  -0.00015059  1.58931e-19  0.000454434 -9.14147e-20    -0.001152 -2.99805e-20   0.00246971  -1.6215e-19  -0.00448124  1.21367e-18   0.00683887 -3.85088e-18  -0.00862797  8.12337e-18    0.0086473 -1.30266e-17  -0.00618936  1.70425e-17   0.00186003 -1.87905e-17   0.00238339  1.78158e-17  -0.00437558 -1.44967e-17   0.00335521  9.27745e-18 -0.000605107 -3.28588e-18  -0.00162261 -1.42762e-18   0.00196993  3.84224e-18 -0.000854752 -4.43215e-18 -0.000343375  3.88374e-18   0.00072308 -2.75521e-18 -0.000419971  1.59097e-18  3.41281e-05 -7.41971e-19   0.00010625  2.69201e-19 -6.98483e-05 -6.88174e-20   1.7261e-05  8.42155e-21
 1.67295e-10 -1.24745e-20 -6.17867e-09  5.95334e-21  9.14686e-08  2.52852e-20 -8.38627e-07 -6.50262e-20  5.49456e-06  8.91729e-20 -2.76318e-05 -4.83741e-21  0.000111215 -1.62663e-19 -0.000367791  1.78121e-19   0.00101615  5.07331e-20   -0.0023685  -1.6215e-19   0.00467545 -4.40724e-19  -0.00779814  2.74606e-18    0.0108719 -7.55409e-18   -0.0123493  1.42378e-17    0.0107492  -2.0968e-17   -0.0058782  2.54846e-17 -0.000435923 -2.61901e-17   0.00509719  2.30367e-17  -0.00582968 -1.67441e-17   0.00296669    8.416e-18  0.000815335 -6.72993e-19  -0.00275119 -3.96916e-18   0.00213293   5.5354e-18  -0.00036389 -5.30368e-18 -0.000809764  4.17614e-18  0.000840841 -2.75813e-18 -0.000323486  1.51374e-18 -4.68883e-05 -6.63508e-19  0.000107731  2.04933e-19 -4.55014e-05 -2.71226e-20  6.03755e-06
 7.49624e-21  1.59956e-09 -1.84261e-20 -3.37922e-08 -1.17684e-20  3.83435e-07  5.85474e-20 -2.93591e-06 -1.14204e-19  1.67369e-05  8.93184e-20 -7.49788e-05  9.76438e-20  0.000272816 -2.44366e-19 -0.000823368  1.69839e-20   0.00208823  4.23474e-19  -0.00448124 -4.40724e-19   0.00814516 -9.95653e-19   -0.0124662  5.42209e-18    0.0158037 -1.32314e-17   -0.0159786  2.27948e-17    0.0116627 -3.12217e-17  -0.00386331  3.54319e-17   -0.0039599 -3.39522e-17   0.00788059  2.73625e-17  -0.00637814 -1.69649e-17   0.00156464  5.49945e-18   0.00259812  2.79778e-18  -0.00355446 -6.24832e-18   0.00181493  6.54102e-18   0.00030958 -5.52588e-18  -0.00116349  4.06252e-18  0.000814717 -2.57992e-18  -0.00020407  1.36109e-18 -7.91311e-05 -5.53291e-19  7.72395e-05  1.55027e-19 -2.07112e-05 -2.75418e-20
-2.79526e-10  2.13285e-20  1.03126e-08  -9.6525e-21 -1.52516e-07 -4.39047e-20   1.3971e-06  1.13662e-19 -9.14665e-06 -1.59441e-19   4.5971e-05  2.46391e-20 -0.000184961  2.30274e-19  0.000611636 -1.49005e-19  -0.00169044 -5.10418e-19   0.00394371  1.21367e-18  -0.00779814 -9.95653e-19    0.0130441 -1.98072e-18   -0.0182736  9.51787e-18    0.0209302 -2.10511e-17   -0.0185157  3.36981e-17    0.0105929  -4.3192e-17 -3.95183e-05  4.58097e-17  -0.00808507 -4.07188e-17   0.00988326  2.93444e-17  -0.00559672 -1.43649e-17 -0.000632413  1.07724e-18    0.0042429  5.89952e-18  -0.00375611 -7.31343e-18   0.00110953   6.4455e-18  0.000946381 -5.13626e-18  -0.00131899  3.78556e-18  0.000703911  -2.4394e-18 -0.000129094  1.25605e-18 -5.68629e-05 -4.45778e-19  3.68006e-05  6.44692e-20 -5.37631e-06
-1.20922e-20 -2.44872e-09  2.92096e-20  5.16603e-08  1.93467e-20 -5.85443e-07 -9.46752e-20   4.4777e-06  1.88114e-19 -2.55031e-05 -1.59225e-19  0.000114175 -1.10696e-19 -0.000415304  2.51861e-19   0.00125358  3.80038e-19  -0.00318172 -1.66974e-18   0.00683887  2.74606e-18   -0.0124662 -1.98072e-18    0.0191716 -3.48124e-18   -0.0245017  1.50244e-17     0.025135 -3.07629e-17   -0.0189349   4.6182e-17    0.0072022 -5.54254e-17   0.00502461  5.47422e-17   -0.0117754 -4.45436e-17    0.0103905  2.75593e-17  -0.00354755 -9.12075e-18  -0.00304314 -3.26445e-18   0.00528334  7.10414e-18  -0.00335124 -6.39653e-18  0.000284235  5.08627e-18   0.00137277 -4.17252e-18  -0.00131045  3.22592e-18  0.000604849 -2.02057e-18 -0.000125246  8.96806e-19 -9.07936e-06 -2.46477e-19  8.17867e-06  6.01664e-20
 3.91155e-10 -3.19833e-20 -1.44036e-08  1.40297e-20  2.12644e-07  6.58494e-20  -1.9448e-06 -1.72615e-19  1.27151e-05  2.51586e-19 -6.38382e-05 -7.71515e-20  0.000256674 -2.29518e-19 -0.000848637 -1.17216e-19   0.00234669  1.66947e-18  -0.00548273 -3.85088e-18    0.0108719  5.42209e-18   -0.0182736 -3.48124e-18    0.0258055 -5.46475e-18   -0.0299648  2.16955e-17     0.027208 -4.17058e-17   -0.0166616  5.87768e-17   0.00193662 -6.57368e-17    0.0101719   5.9906e-17   -0.0140181 -4.35478e-17   0.00922684  2.16343e-17 -0.000817538 -2.91048e-18  -0.00500952 -5.39815e-18   0.00555486  5.43025e-18  -0.00261066 -3.73409e-18 -0.000389854  3.37561e-18   0.00156662 -3.68195e-18  -0.00125194  3.33235e-18  0.000573352 -2.18303e-18 -0.000161395   9.5964e-19  2.61272e-05  -2.0924e-19 -1.81955e-06
 1.70789e-20  3.10822e-09 -4.08483e-20 -6.54127e-08 -2.70765e-20  7.39624e-07  1.32414e-19 -5.64568e-06 -2.70527e-19  3.21023e-05   2.5441e-19 -0.000143546  6.30639e-20  0.000521815 -9.56543e-20  -0.00157533 -1.25156e-18   0.00400325  4.09959e-18  -0.00862797 -7.55409e-18    0.0158037  9.51787e-18   -0.0245017 -5.46475e-18    0.0317375 -7.83228e-18    -0.033336  2.91561e-17    0.0263732 -5.27776e-17   -0.0119861  6.93818e-17   -0.0039981 -7.16187e-17    0.0141247  5.92556e-17   -0.0143496 -3.70097e-17   0.00689741   1.3188e-17   0.00178018  1.29229e-18  -0.00616653 -3.40502e-18     0.005272  5.98977e-19  -0.00188751  2.94523e-19 -0.000809162  1.23081e-18   0.00163842 -2.55617e-18   -0.0012294    2.221e-18  0.000582045 -9.69839e-19  -0.00018062  1.11251e-19  3.13399e-05  -2.9703e-20
-4.47714e-10  4.21625e-20  1.64294e-08 -1.85076e-20 -2.41772e-07 -8.49662e-20  2.20476e-06  2.27095e-19 -1.43786e-05 -3.49112e-19  7.20457e-05   1.7143e-19 -0.000289295  1.12774e-19  0.000956105   6.6629e-19  -0.00264603 -3.53578e-18   0.00619759  8.12337e-18   -0.0123493 -1.32314e-17    0.0209302  1.50244e-17   -0.0299648 -7.83228e-18    0.0356007 -1.04764e-17   -0.0337047  3.68016e-17     0.022771 -6.22777e-17  -0.00610372  7.54599e-17  -0.00912033  -7.0886e-17    0.0161231  5.19304e-17   -0.0131182 -2.62896e-17   0.00430532  5.66028e-18    0.0036738  7.19748e-19  -0.00661679  2.82609e-18   0.00483235 -5.47533e-18  -0.00137415  3.00044e-18  -0.00105812  1.51199e-18   0.00169663 -4.03093e-18  -0.00122212  3.72968e-18  0.000554248 -2.17879e-18 -0.000151309  7.90511e-19  1.67458e-05
-2.11297e-20 -3.15493e-09  5.05337e-20  6.60853e-08  3.19281e-20 -7.44001e-07 -1.59222e-19  5.65722e-06  3.38332e-19 -3.20641e-05 -3.59592e-19   0.00014303   6.2488e-20 -0.000519254 -2.33461e-19   0.00156783  2.47037e-18  -0.00399271  -7.3338e-18    0.0086473  1.42378e-17   -0.0159786 -2.10511e-17     0.025135  2.16955e-17    -0.033336 -1.04764e-17    0.0364375 -1.32148e-17   -0.0311047  4.35194e-17    0.0175556 -6.78758e-17 -0.000630884  7.45841e-17   -0.0124054  -6.2527e-17    0.0163155  3.90462e-17   -0.0112439  -1.4904e-17    0.0022002  2.94236e-18   0.00482098  -5.8467e-18  -0.00675581  1.20599e-17   0.00450248 -1.16042e-17  -0.00102453  5.43037e-18  -0.00125624  9.49957e-20   0.00172454 -1.46682e-18  -0.00113177  1.55511e-19  0.000442225  8.70041e-19  -8.8878e-05 -4.04449e-19
 3.96648e-10 -4.88769e-20 -1.44527e-08  2.23823e-20  2.11269e-07  9.34116e-20 -1.91489e-06 -2.57017e-19  1.24217e-05  4.24285e-19 -6.19737e-05 -2.97911e-19  0.000248126  1.20744e-19 -0.000819172 -1.38142e-18   0.00227032  5.65322e-18  -0.00534335 -1.30266e-17    0.0107492  2.27948e-17   -0.0185157 -3.07629e-17     0.027208  2.91561e-17   -0.0337047 -1.32148e-17    0.0342432 -1.56577e-17   -0.0266498  4.76061e-17    0.0124189 -6.70973e-17   0.00320001  6.54321e-17   -0.0137967  -4.7509e-17    0.0155788  2.39118e-17  -0.00960274 -7.39828e-18  0.000770946  7.39282e-18   0.00557794 -1.69512e-17  -0.00689532    2.087e-17   0.00426981 -1.40851e-17 -0.000714027  3.14683e-18  -0.00138496  4.16724e-18   0.00159687 -5.96525e-18 -0.000892843   4.6782e-18  0.000272706 -2.52286e-18 -3.17312e-05
 2.28516e-20  2.33344e-09 -5.53614e-20 -4.83442e-08 -3.09969e-20  5.38692e-07  1.62643e-19 -4.05808e-06 -3.65686e-19   2.2818e-05  4.48181e-19 -0.000101167 -2.53842e-19  0.000365975  6.68365e-19  -0.00110492 -3.69492e-18   0.00282678  1.04508e-17  -0.00618936  -2.0968e-17    0.0116627  3.36981e-17   -0.0189349 -4.17058e-17    0.0263732  3.68016e-17   -0.0311047 -1.56577e-17    0.0301151 -1.71717e-17   -0.0220656  4.71302e-17   0.00873513 -5.83239e-17   0.00515524  4.86624e-17   -0.0140961  -2.8691e-17    0.0148614  1.05256e-17  -0.00850514 -6.10328e-18 -0.000284552  1.66128e-17   0.00627316 -2.68774e-17  -0.00703703  2.43412e-17   0.00399762 -1.21842e-17 -0.000465352  1.56891e-18  -0.00128371  1.30098e-18   0.00122626  1.10783e-18 -0.000552372 -3.19199e-18  0.000117847  1.97574e-18
  -2.301e-10  4.97331e-20  8.21389e-09 -2.49317e-20 -1.17713e-07 -8.58582e-20  1.04722e-06  2.47044e-19  -6.6804e-06 -4.49951e-19  3.28681e-05  4.29687e-19   -0.0001303 -4.28089e-19  0.000428356  2.06305e-18  -0.00119132 -7.37048e-18    0.0028429  1.70425e-17   -0.0058782 -3.12217e-17    0.0105929   4.6182e-17   -0.0166616 -5.27776e-17     0.022771  4.35194e-17   -0.0266498 -1.71717e-17    0.0257882 -1.70286e-17   -0.0188067  4.06998e-17   0.00686842   -4.192e-17   0.00595755  2.73472e-17   -0.0142832 -1.07346e-17    0.0145585  3.78324e-18  -0.00769482   -1.391e-17  -0.00129744  3.20729e-17   0.00690107 -3.97897e-17  -0.00701277  3.10185e-17   0.00370455 -1.48931e-17 -0.000480701  2.22572e-18 -0.000835726   4.0245e-18  0.000688833 -6.16429e-18 -0.000237677  5.41869e-18  2.85692e-05
-2.14949e-20 -8.42714e-10  5.36621e-20   1.6571e-08  2.34899e-20  -1.7526e-07 -1.37881e-19  1.25541e-06  3.37824e-19 -6.74246e-06 -4.92206e-19  2.87934e-05  4.68129e-19 -0.000101703 -1.09716e-18  0.000305921  4.54603e-18 -0.000801507 -1.24318e-17   0.00186003  2.54846e-17  -0.00386331  -4.3192e-17    0.0072022  5.87768e-17   -0.0119861 -6.22777e-17    0.0175556  4.76061e-17   -0.0220656 -1.70286e-17    0.0227424 -1.46353e-17   -0.0173146  2.81448e-17   0.00615965 -2.00562e-17   0.00659491  4.44345e-18   -0.0148044  5.64439e-18    0.0144385 -1.66313e-18  -0.00683368 -1.53385e-17  -0.00224424  2.82199e-17   0.00724025 -2.27615e-17  -0.00681791  4.07493e-18     0.003633  1.16855e-17 -0.000915324 -1.42943e-17 -0.000151208  6.30158e-18  0.000191521  2.69875e-18 -4.92439e-05 -4.67909e-18
 1.06994e-11 -4.42172e-20 -7.90699e-11  2.54919e-20 -3.14575e-09  6.34499e-20  6.45013e-08 -1.96677e-19 -6.25467e-07  4.13287e-19  3.97595e-06  -5.2809e-19 -1.83882e-05  7.29923e-19  6.46259e-05 -2.51577e-18 -0.000174169   8.1404e-18  0.000347885 -1.87905e-17 -0.000435923  3.54319e-17 -3.95183e-05 -5.54254e-17   0.00193662  6.93818e-17  -0.00610372 -6.78758e-17    0.0124189  4.71302e-17   -0.0188067 -1.46353e-17    0.0214448 -9.98816e-18   -0.0169694  1.15477e-17   0.00561998   2.1764e-18   0.00754326 -1.32918e-17   -0.0154324  1.08738e-17     0.014141  1.05003e-17  -0.00595738 -4.23355e-17   -0.0028384  6.50171e-17   0.00724025  -6.9098e-17  -0.00672413   6.0256e-17   0.00398294 -4.66562e-17  -0.00162516  3.02943e-17  0.000461668 -1.17364e-17 -9.02021e-05 -2.53689e-18  9.28273e-06
 1.74225e-20 -6.46773e-10 -4.58635e-20  1.48493e-08 -1.18064e-20 -1.80788e-07  9.22668e-20  1.46809e-06 -2.61006e-19 -8.77685e-06  4.74099e-19  4.07611e-05 -6.41999e-19 -0.000151805  1.40675e-18  0.000461846 -4.79336e-18  -0.00115737  1.26703e-17   0.00238339 -2.61901e-17   -0.0039599  4.58097e-17   0.00502461 -6.57368e-17   -0.0039981  7.54599e-17 -0.000630884 -6.70973e-17   0.00873513  4.06998e-17   -0.0173146 -9.98816e-18    0.0212883  -3.2689e-18   -0.0167821 -7.44862e-18   0.00475532  2.57412e-17    0.0085691 -3.68716e-17   -0.0157709  3.57652e-17    0.0136972 -2.48682e-17  -0.00541305  2.05839e-17  -0.00296933 -3.79606e-17   0.00718703  7.11096e-17  -0.00697743 -9.76037e-17   0.00458085  9.75643e-17  -0.00218712  -6.8589e-17  0.000729857  2.72015e-17 -0.000139438  1.79435e-18
 1.54473e-10  3.40711e-20  -5.9536e-09 -2.36226e-20  9.15251e-08 -3.41918e-20 -8.67265e-07  1.22705e-19  5.84463e-06  -3.2372e-19 -3.00819e-05  5.57686e-19  0.000123238 -9.39809e-19 -0.000412189  2.64193e-18   0.00114261 -7.81681e-18  -0.00264348  1.78158e-17   0.00509719 -3.39522e-17  -0.00808507  5.47422e-17    0.0101719 -7.16187e-17  -0.00912033  7.45841e-17   0.00320001 -5.83239e-17   0.00686842  2.81448e-17   -0.0169694  -3.2689e-18     0.021284  2.66288e-18   -0.0162475 -2.02264e-17   0.00380673  3.35147e-17   0.00923623  -2.8358e-17   -0.0158303 -4.02701e-18    0.0134976  6.31039e-17  -0.00537084 -1.32681e-16  -0.00292713  1.94135e-16   0.00737167 -2.33775e-16  -0.00738189   2.3887e-16    0.0048853 -1.99479e-16   -0.0022181  1.22207e-16  0.000624067  -3.9916e-17 -7.18487e-05
-1.19722e-20  1.38546e-09  3.43134e-20 -2.99885e-08    5.112e-22  3.47747e-07 -4.22943e-20 -2.71438e-06  1.60758e-19  1.57358e-05 -3.95005e-19 -7.15053e-05  7.14612e-19   0.00026319 -1.51655e-18 -0.000801014  4.43161e-18   0.00204072 -1.12426e-17  -0.00437558  2.30367e-17   0.00788059 -4.07188e-17   -0.0117754   5.9906e-17    0.0141247  -7.0886e-17   -0.0124054  6.54321e-17   0.00515524   -4.192e-17   0.00615965  1.15477e-17   -0.0167821  2.66288e-18    0.0209226  1.21828e-17    -0.015611   -4.271e-17   0.00324324  7.42163e-17   0.00952755 -1.05214e-16   -0.0160252  1.39113e-16    0.0137592 -1.89069e-16  -0.00553627  2.68241e-16  -0.00305001 -3.65435e-16   0.00758597   4.3924e-16   -0.0072843 -4.39159e-16   0.00440462  3.42578e-16  -0.00169081 -1.82406e-16  0.000342035  3.72323e-17
-1.86408e-10 -2.24347e-20  6.97551e-09  1.94151e-20 -1.04494e-07  8.68634e-21  9.68452e-07 -5.06076e-20 -6.40921e-06     2.08e-19  3.25429e-05 -4.98595e-19 -0.000132241  9.78466e-19  0.000441711 -2.40194e-18  -0.00123374  6.52931e-18   0.00291136 -1.44967e-17  -0.00582968  2.73625e-17   0.00988326 -4.45436e-17   -0.0140181  5.92556e-17    0.0161231  -6.2527e-17   -0.0137967  4.86624e-17   0.00595755 -2.00562e-17   0.00561998 -7.44862e-18   -0.0162475  1.21828e-17    0.0204507  5.31958e-18   -0.0153618 -1.97691e-17   0.00310603  7.67257e-18   0.00986834  5.41083e-17   -0.0166033 -1.86595e-16    0.0141752   3.8592e-16  -0.00551637 -6.15361e-16   -0.0031325  8.09638e-16   0.00708028 -8.89354e-16  -0.00609911  7.95932e-16   0.00314386 -5.40272e-16 -0.000934343  2.27592e-16   0.00010816
   6.769e-21 -1.10085e-09 -2.21713e-20  2.32637e-08  6.37111e-21 -2.64057e-07  4.35762e-21  2.02383e-06 -6.79363e-20 -1.15652e-05  2.71932e-19  5.20626e-05 -6.40791e-19 -0.000191066  1.34391e-18  0.000584741 -3.46865e-18  -0.00151509  8.39881e-18   0.00335521 -1.67441e-17  -0.00637814  2.93444e-17    0.0103905 -4.35478e-17   -0.0143496  5.19304e-17    0.0163155  -4.7509e-17   -0.0140961  2.73472e-17   0.00659491   2.1764e-18   0.00475532 -2.02264e-17    -0.015611  5.31958e-18     0.020364    4.166e-17   -0.0155558 -1.15368e-16   0.00296416  2.26359e-16    0.0105263 -3.88674e-16   -0.0172386  6.17562e-16    0.0142886 -9.18211e-16  -0.00549512  1.24861e-15  -0.00235057 -1.49782e-15    0.0051986  1.52085e-15  -0.00390521   -1.235e-15   0.00162893  7.17144e-16 -0.000335684 -1.99902e-16
 9.60578e-11  1.23106e-20 -3.46608e-09 -1.37251e-20  5.01776e-08  5.95422e-21 -4.50923e-07  4.87103e-22  2.90785e-06   -9.619e-20 -1.44886e-05    3.536e-19  5.83452e-05 -7.87156e-19 -0.000195717  1.73261e-18  0.000558719 -4.34852e-18  -0.00137819  9.27745e-18   0.00296669 -1.69649e-17  -0.00559672  2.75593e-17   0.00922684 -3.70097e-17   -0.0131182  3.90462e-17    0.0155788  -2.8691e-17   -0.0142832  4.44345e-18   0.00754326  2.57412e-17   0.00380673   -4.271e-17   -0.0153618    4.166e-17    0.0207234 -5.10623e-17   -0.0157583  1.14138e-16   0.00253541 -2.87199e-16    0.0111558  6.33801e-16   -0.0174071 -1.17434e-15    0.0142453  1.83535e-15  -0.00634611 -2.43392e-15 -3.85736e-06  2.72094e-15   0.00213627 -2.49721e-15  -0.00149672  1.76545e-15  0.000480344 -8.09674e-16  -5.3911e-05
 -2.9519e-21  2.20032e-10   1.2066e-20 -4.07871e-09 -7.68671e-21  4.03647e-08  1.39588e-20 -2.69962e-07  3.63586e-21  1.36611e-06 -1.33354e-19 -5.65696e-06  4.22999e-19  2.04609e-05 -8.59982e-19 -6.78888e-05   1.9459e-18  0.000210742 -4.46763e-18 -0.000605107    8.416e-18   0.00156464 -1.43649e-17  -0.00354755  2.16343e-17   0.00689741 -2.62896e-17   -0.0112439  2.39118e-17    0.0148614 -1.07346e-17   -0.0148044 -1.32918e-17    0.0085691  3.35147e-17   0.00324324 -1.97691e-17   -0.0155558 -5.10623e-17    0.0210923  2.02137e-16   -0.0156763 -4.80575e-16   0.00217838  9.42462e-16    0.0111746 -1.62983e-15   -0.0172094  2.53114e-15    0.0149475 -3.50616e-15  -0.00879226  4.24354e-15   0.00356399  -4.3493e-15 -0.000984107   3.5915e-15  0.000203414 -2.15948e-15 -3.95685e-05  6.71554e-16
  2.5411e-11 -5.35027e-21 -1.11163e-09  7.97525e-21  1.88441e-08 -9.35031e-21 -1.92433e-07  2.16454e-20  1.36976e-06  1.17203e-20 -7.30182e-06 -1.63777e-19  3.03228e-05  4.12054e-19 -0.000100092 -7.43284e-19   0.00026358  1.66409e-18 -0.000543362 -3.28588e-18  0.000815335  5.49945e-18 -0.000632413 -9.12075e-18 -0.000817538   1.3188e-17   0.00430532  -1.4904e-17  -0.00960274  1.05256e-17    0.0145585  5.64439e-18   -0.0154324 -3.68716e-17   0.00923623  7.42163e-17   0.00310603 -1.15368e-16   -0.0157583  2.02137e-16    0.0211738 -4.21952e-16    -0.015674  9.02888e-16   0.00251639 -1.78953e-15    0.0106438  3.14146e-15   -0.0175662 -4.80212e-15    0.0171297  6.33171e-15   -0.0123303 -7.09762e-15   0.00686995  6.57005e-15  -0.00289073 -4.72171e-15  0.000813293  2.24292e-15 -9.93936e-05
 8.11489e-22  4.97858e-10 -5.25812e-21 -1.12112e-08  5.27815e-21  1.34451e-07 -1.56859e-20 -1.07861e-06  2.66749e-20  6.38222e-06  1.60136e-20 -2.93615e-05 -1.46423e-19  0.000108306  2.32241e-19 -0.000325896 -2.92231e-19  0.000805003  5.67868e-19  -0.00162261 -6.72993e-19   0.00259812  1.07724e-18  -0.00304314 -2.91048e-18   0.00178018  5.66028e-18    0.0022002 -7.39828e-18  -0.00850514  3.78324e-18    0.0144385  1.08738e-17   -0.0157709  -2.8358e-17   0.00952755  7.67257e-18   0.00296416  1.14138e-16   -0.0156763 -4.21952e-16    0.0213333  1.04808e-15   -0.0163968 -2.15263e-15   0.00351321    3.854e-15     0.010503 -6.10605e-15    -0.019226  8.53135e-15    0.0201428 -1.03533e-14   -0.0151237  1.06275e-14   0.00828708 -8.81387e-15  -0.00309615  5.36691e-15  0.000637972 -1.74772e-15
-8.49626e-11  1.60729e-21  3.27925e-09 -3.50379e-21 -5.04973e-08  6.21658e-21  4.79315e-07 -2.25844e-20 -3.23495e-06  3.40708e-20  1.66661e-05 -2.45883e-21 -6.82833e-05 -1.81483e-20  0.000228087 -1.98836e-19 -0.000630044  6.29806e-19   0.00144706 -1.42762e-18  -0.00275119  2.79778e-18    0.0042429 -3.26445e-18  -0.00500952  1.29229e-18    0.0036738  2.94236e-18  0.000770946 -6.10328e-18  -0.00769482 -1.66313e-18     0.014141  3.57652e-17   -0.0158303 -1.05214e-16   0.00986834  2.26359e-16   0.00253541 -4.80575e-16    -0.015674  1.04808e-15    0.0222226 -2.20126e-15   -0.0178194  4.23634e-15   0.00420644 -7.27168e-15    0.0115264  1.09691e-14   -0.0214295  -1.4367e-14    0.0218432  1.60629e-14    -0.015231 -1.48718e-14   0.00727747  1.07277e-14  -0.00213453 -5.15774e-15  0.000253838
 3.37897e-23 -5.98694e-10   1.6142e-21  1.30191e-08 -2.09195e-21 -1.51655e-07  9.56173e-21  1.18906e-06 -3.08413e-20 -6.92394e-06  5.34783e-20  3.16056e-05 -7.74278e-20 -0.000116874   2.8657e-19  0.000357412 -9.34446e-19  -0.00091493  2.06441e-18   0.00196993 -3.96916e-18  -0.00355446  5.89952e-18   0.00528334 -5.39815e-18  -0.00616653  7.19748e-19   0.00482098  7.39282e-18 -0.000284552   -1.391e-17  -0.00683368  1.05003e-17    0.0136972 -4.02701e-18   -0.0160252  5.41083e-17    0.0105263 -2.87199e-16   0.00217838  9.02888e-16   -0.0163968 -2.20126e-15     0.023819    4.547e-15   -0.0189585 -8.20764e-15    0.0037862  1.30584e-14    0.0128918 -1.82381e-14   -0.0218011   2.2059e-14    0.0200535 -2.25463e-14   -0.0121551  1.86365e-14   0.00472989 -1.13511e-14 -0.000973155  3.75489e-15
 6.10169e-11 -1.36284e-22 -2.28668e-09  9.13584e-22  3.43178e-08 -2.03148e-21 -3.18888e-07  1.43979e-20  2.11874e-06 -4.57976e-20 -1.08226e-05  9.96084e-20   4.4373e-05 -2.53556e-19 -0.000150139  8.08899e-19  0.000426987 -1.97255e-18  -0.00103237  3.84224e-18   0.00213293 -6.24832e-18  -0.00375611  7.10414e-18   0.00555486 -3.40502e-18  -0.00661679  -5.8467e-18   0.00557794  1.66128e-17  -0.00129744 -1.53385e-17  -0.00595738 -2.48682e-17    0.0134976  1.39113e-16   -0.0166033 -3.88674e-16    0.0111558  9.42462e-16   0.00251639 -2.15263e-15   -0.0178194    4.547e-15    0.0251308 -8.67726e-15   -0.0189719  1.47354e-14   0.00309642 -2.20248e-14    0.0120755  2.86379e-14   -0.0180246 -3.18249e-14    0.0144239  2.93086e-14  -0.00727827 -2.10497e-14   0.00215335  1.01065e-14 -0.000249788
-1.88079e-22  2.30148e-10 -1.76963e-22 -4.78414e-09  8.72582e-23  5.35538e-08 -3.35484e-21 -4.06756e-07  2.26068e-20   2.3215e-06 -7.46678e-20 -1.05575e-05  1.93929e-19   3.9753e-05 -5.69375e-19 -0.000127269  1.54006e-18  0.000352706 -3.21551e-18 -0.000854752   5.5354e-18   0.00181493 -7.31343e-18  -0.00335124  5.43025e-18     0.005272  2.82609e-18  -0.00675581 -1.69512e-17   0.00627316  3.20729e-17  -0.00224424 -4.23355e-17  -0.00541305  6.31039e-17    0.0137592 -1.86595e-16   -0.0172386  6.33801e-16    0.0111746 -1.78953e-15   0.00351321  4.23634e-15   -0.0189585 -8.67726e-15    0.0253025  1.56108e-14   -0.0187024 -2.47426e-14   0.00473532  3.43604e-14   0.00671229 -4.12537e-14   -0.0099881  4.18148e-14   0.00694804 -3.42684e-14  -0.00279335  2.07097e-14  0.000558011 -6.83439e-15
-3.19696e-12  -1.8248e-22  5.93366e-11  7.13651e-23 -7.77364e-11 -2.81833e-22  -5.5496e-09 -6.45504e-21  6.64941e-08  3.80109e-20 -4.05818e-07 -1.25635e-19  1.46301e-06  3.60161e-19 -2.15881e-06 -1.03017e-18 -9.55893e-06  2.40209e-18   8.4801e-05 -4.43215e-18  -0.00036389  6.54102e-18   0.00110953 -6.39653e-18  -0.00261066  5.98977e-19   0.00483235  1.20599e-17  -0.00689532 -2.68774e-17   0.00690107  2.82199e-17   -0.0028384  2.05839e-17  -0.00537084 -1.89069e-16    0.0141752  6.17562e-16   -0.0174071 -1.62983e-15    0.0106438    3.854e-15   0.00420644 -8.20764e-15   -0.0189719  1.56108e-14    0.0251736 -2.63138e-14   -0.0207755  3.89998e-14     0.011058 -5.02705e-14  -0.00302597  5.53644e-14  -0.00035655 -5.05027e-14  0.000596859   3.5904e-14 -0.000156301 -1.70583e-14  2.68439e-06
 1.17373e-22  1.43555e-10 -1.37176e-22 -3.34562e-09  4.73374e-22  4.11745e-08  2.27621e-22 -3.35961e-07 -1.27906e-20  2.00115e-06  6.42219e-20 -9.14774e-06 -2.07333e-19  3.29292e-05  6.08841e-19  -9.4041e-05 -1.58534e-18  0.000209893  3.24658e-18 -0.000343375 -5.30368e-18   0.00030958   6.4455e-18  0.000284235 -3.73409e-18  -0.00188751 -5.47533e-18   0.00450248    2.087e-17  -0.00703703 -3.97897e-17   0.00724025  6.50171e-17  -0.00296933 -1.32681e-16  -0.00553627   3.8592e-16    0.0142886 -1.17434e-15   -0.0172094  3.14146e-15     0.010503 -7.27168e-15    0.0037862  1.47354e-14   -0.0187024 -2.63138e-14    0.0273751  4.13945e-14    -0.027517 -5.69842e-14     0.021624  6.77251e-14   -0.0138256 -6.78664e-14    0.0071075  5.49226e-14  -0.00270689 -3.27374e-14  0.000606627  1.06456e-14
-3.02952e-11  1.25713e-22  1.19589e-09 -1.85744e-22 -1.87648e-08  6.88255e-22  1.80709e-07  2.07506e-21 -1.23093e-06 -2.41445e-20  6.35806e-06  1.03216e-19 -2.58874e-05 -3.24546e-19   8.4869e-05  9.18246e-19 -0.000225809 -2.13133e-18  0.000484235  3.88374e-18 -0.000809764 -5.52588e-18  0.000946381  5.08627e-18 -0.000389854  2.94523e-19  -0.00137415 -1.16042e-17   0.00426981  2.43412e-17  -0.00701277 -2.27615e-17   0.00724025 -3.79606e-17  -0.00292713  2.68241e-16  -0.00551637 -9.18211e-16    0.0142453  2.53114e-15   -0.0175662 -6.10605e-15    0.0115264  1.30584e-14   0.00309642 -2.47426e-14   -0.0207755  4.13945e-14    0.0342187  -6.0782e-14   -0.0382949  7.75288e-14    0.0325816 -8.43944e-14   -0.0212109  7.59852e-14    0.0100606 -5.32241e-14  -0.00305442  2.48501e-14  0.000388835
-4.14059e-23 -2.33722e-10  8.73791e-23  5.18612e-09 -3.00378e-22 -6.14519e-08  4.22468e-22  4.88254e-07  5.88364e-21 -2.86736e-06 -4.11853e-20  1.31181e-05  1.54397e-19  -4.8212e-05 -4.69672e-19  0.000144819  1.22948e-18 -0.000357831  -2.5492e-18   0.00072308  4.17614e-18  -0.00116349 -5.13626e-18   0.00137277  3.37561e-18 -0.000809162  3.00044e-18  -0.00102453 -1.40851e-17   0.00399762  3.10185e-17  -0.00681791  -6.9098e-17   0.00718703  1.94135e-16  -0.00305001 -6.15361e-16  -0.00549512  1.83535e-15    0.0149475 -4.80212e-15    -0.019226  1.09691e-14    0.0128918 -2.20248e-14   0.00473532  3.89998e-14    -0.027517  -6.0782e-14     0.045003  8.27778e-14   -0.0489029 -9.71709e-14    0.0388979  9.60122e-14   -0.0225173 -7.64638e-14   0.00882423  4.47318e-14  -0.00189864 -1.41987e-14
