  6.7071e-15 -1.12128e-29 -1.86916e-13   5.6465e-28  1.96534e-12 -8.12751e-27 -1.19725e-11  6.33477e-26  4.83543e-11  -3.2128e-25 -1.37454e-10  1.15198e-24  2.81823e-10 -3.04414e-24 -4.15979e-10  6.02847e-24   4.2651e-10 -8.88747e-24 -2.70552e-10  9.31175e-24  5.84866e-11 -5.78651e-24  5.25278e-11 -3.05116e-25 -3.67806e-11  5.20616e-24 -6.45827e-12 -6.10057e-24  1.11506e-11  3.56562e-24  1.33602e-12  -3.9805e-25 -2.85825e-12 -1.27789e-24 -6.48157e-13  1.18403e-24   5.8274e-13 -5.79601e-26  2.77012e-13 -1.25759e-24 -5.73589e-14  2.09927e-24  -7.5913e-14 -2.16567e-24 -1.33544e-14  1.63297e-24  9.90556e-15 -9.26565e-25  6.20277e-15  3.73108e-25  7.40392e-16 -7.38225e-26 -7.17013e-16 -2.82786e-26 -4.19935e-16  4.05312e-26 -7.70372e-17 -3.57148e-26  2.40028e-17   3.0041e-26  2.06332e-17  -1.9575e-26  6.29853e-18  8.20736e-27  4.77305e-19 -1.65484e-27  -4.4977e-19 -3.63763e-28 -2.43813e-19  4.73188e-28 -6.50383e-20 -1.82563e-28 -7.43678e-21  8.48547e-30  1.85832e-21  1.47241e-29   1.2736e-21 -5.06314e-30  3.84926e-22  4.03547e-30  7.37658e-23 -2.35188e-30  7.15189e-24  1.10736e-31 -9.26366e-25  2.34775e-31 -6.16918e-25 -1.35395e-32 -1.65925e-25 -1.74963e-32 -3.08157e-26  6.26034e-34 -4.16908e-27  1.40121e-34 -3.62191e-28  1.24918e-34 -1.12316e-30  7.15248e-35  6.67738e-30 -8.65877e-37  1.52155e-30 -6.68993e-36  2.23809e-31 -8.52487e-37  2.50651e-32 -1.15618e-37  2.21565e-33 -9.46747e-39   1.5318e-34  5.96991e-39  7.79732e-36  6.99545e-40  2.31006e-37  1.07672e-40 -2.80777e-39  2.69526e-41 -7.83059e-40  3.50436e-43 -5.27257e-41 -3.24763e-43 -2.08511e-42 -1.03996e-44 -3.90168e-44  7.23533e-46 -2.31474e-46  7.94894e-48
-1.12128e-29  2.71789e-13 -3.39721e-28 -4.28825e-12  1.18771e-26  3.41486e-11 -1.36807e-25 -1.71258e-10  9.03137e-25  5.91202e-10 -3.99601e-24 -1.46295e-09  1.27118e-23  2.62725e-09 -3.00669e-23 -3.37633e-09  5.33941e-23   2.9312e-09 -7.00109e-23 -1.41482e-09  6.30669e-23 -2.01629e-11 -2.80639e-23  4.44368e-10 -1.68879e-23 -1.36269e-10  4.38138e-23 -1.01455e-10 -4.02751e-23  4.79528e-11  1.83314e-23  2.69557e-11  1.58271e-24 -1.07325e-11 -9.31688e-24 -8.14158e-12   6.7793e-24  1.07903e-12  4.58053e-25   2.1291e-12 -7.81907e-24  3.44178e-13  1.19767e-23 -3.42777e-13 -1.16462e-23 -1.85454e-13  8.24007e-24 -2.02901e-15 -4.31968e-24  3.29258e-14  1.55328e-24  1.36475e-14 -2.26515e-25  3.43605e-16 -1.45699e-25 -1.94984e-15  1.60847e-25 -9.02905e-16 -1.44418e-25 -1.35346e-16  1.29559e-25  5.44219e-17 -8.38633e-26  4.04116e-17  3.24985e-26  1.20002e-17 -5.15975e-27  1.16153e-18 -1.96816e-27 -6.32828e-19  1.90331e-27 -3.74796e-19 -6.79672e-28  -1.0746e-19  1.89887e-29 -1.67039e-20  4.88249e-29  5.34134e-22  -1.1301e-29  1.23604e-21   1.3629e-29  4.37732e-22 -8.85157e-30   9.7435e-23  2.14567e-31  1.43509e-23  9.82509e-31  8.77125e-25 -4.84457e-32 -2.34325e-25 -7.29958e-32 -9.87839e-26  1.30759e-33 -2.17848e-26  1.54988e-33 -3.47918e-27  5.27075e-34 -4.21824e-28  2.16117e-34 -3.66996e-29 -1.85697e-35 -1.56222e-30 -2.23738e-35  1.55951e-31 -2.96537e-36  4.49182e-32 -4.59829e-37  6.06197e-33 -3.34722e-38  5.84921e-34    1.186e-38  4.35343e-35   1.1914e-39  2.52923e-36  3.65587e-40  1.13498e-37  8.66275e-41  3.78617e-39  9.68201e-43  8.05669e-41  -7.7092e-43  7.18239e-43 -1.97377e-44  8.35643e-45   9.8224e-46  1.35839e-46
-1.86916e-13 -3.39721e-28  5.40634e-12 -5.84244e-27 -5.91317e-11  1.55302e-25  3.75726e-10 -1.48125e-24 -1.58811e-09  8.43045e-24  4.74537e-09 -3.28897e-23 -1.02899e-08  9.34504e-23  1.62156e-08 -1.98646e-22 -1.80586e-08  3.16763e-22  1.29893e-08 -3.68128e-22 -4.16818e-09  2.79061e-22 -1.71573e-09 -6.69351e-23  1.98904e-09 -1.45377e-22 -3.83582e-11  2.30691e-22 -5.68674e-10 -1.71653e-22  4.84841e-11  5.66024e-23  1.54051e-10  2.33668e-23   8.4307e-13 -4.36021e-23 -3.83179e-11  2.60273e-23 -7.91095e-12  4.69245e-24  6.83944e-12 -3.27653e-23  3.69269e-12  4.67353e-23 -2.51209e-13 -4.29491e-23 -8.24338e-13  2.84341e-23 -2.59849e-13 -1.36627e-23  4.61367e-14    4.309e-24  6.31864e-14 -3.89604e-25  1.93245e-14 -4.55936e-25 -1.20295e-15  4.01009e-25 -3.28487e-15 -3.92075e-25 -1.30331e-15  3.88522e-25 -1.73413e-16  -2.5032e-25  7.41791e-17  8.86244e-26  5.18857e-17 -9.86073e-27  1.54931e-17 -6.65364e-27  1.94633e-18  5.09609e-27  -4.8955e-19 -1.69811e-27 -3.58708e-19  2.78417e-29 -1.12081e-19   9.7981e-29 -2.12642e-20 -9.18126e-30 -1.56692e-21  3.35649e-29  5.56643e-22 -2.36376e-29  2.75779e-22  7.02559e-32  7.09232e-23  2.79769e-30  1.27026e-23 -1.09597e-31  1.55325e-24 -2.09165e-31  7.85461e-26  1.44728e-34 -1.88767e-26  6.28138e-33 -6.74581e-27  1.72423e-33 -1.28226e-27  4.44988e-34 -1.78783e-28 -9.12527e-35 -1.94178e-29 -5.54117e-35    -1.63e-30 -7.54668e-36 -9.71499e-32 -1.13386e-36 -2.56581e-33 -7.62036e-38  2.38751e-34   9.3456e-39  4.11081e-35   5.9136e-41  3.44692e-36  7.93646e-40  1.98437e-37  1.84114e-40  8.26367e-39  1.75472e-42  2.30613e-40 -1.18273e-42  4.07198e-42 -2.39339e-44  4.77447e-44  6.40421e-46
  5.6465e-28 -4.28825e-12 -5.84244e-27  7.03748e-11  -6.9835e-26 -5.84352e-10  1.48735e-24  3.06493e-09 -1.20327e-23 -1.11078e-08  5.98522e-23  2.90035e-08 -2.07647e-22 -5.53651e-08  5.29858e-22  7.65409e-08 -1.01535e-21 -7.32225e-08  1.45427e-21   4.1984e-08   -1.489e-21 -5.45161e-09  9.15166e-22 -1.04987e-08  2.59892e-23  5.49471e-09  -7.6486e-22  1.83223e-09  9.02569e-22 -1.82429e-09 -5.45815e-22 -4.41401e-10  1.06566e-22  4.72723e-10  1.29174e-22  1.65252e-10 -1.53977e-22 -9.00266e-11  7.80899e-23 -5.89248e-11  2.22311e-23  5.19373e-12 -1.07082e-22  1.43983e-11  1.44207e-22  3.67755e-12 -1.25515e-22 -1.53365e-12  7.74286e-23 -1.27576e-12 -3.37236e-23 -2.37432e-13  9.07587e-24   1.1618e-13 -2.59593e-25  8.74962e-14 -9.93405e-25  2.09104e-14  6.72418e-25 -2.99938e-15 -8.17746e-25 -4.09297e-15  9.37089e-25 -1.47191e-15 -6.02014e-25 -1.92919e-16  1.92076e-25  7.00997e-17 -1.09242e-26   4.9894e-17 -1.69396e-26   1.5363e-17  1.04089e-26  2.40853e-18 -3.23996e-27 -1.65726e-19  4.88376e-29 -2.35229e-19  1.10869e-28 -8.25061e-20  2.27058e-29  -1.8068e-20  7.08967e-29 -2.39567e-21 -5.14998e-29 -9.94138e-24 -9.17897e-31  9.58866e-23  6.30083e-30  3.13273e-23 -1.72596e-31  6.48689e-24  -4.7454e-31  9.86477e-25 -8.28413e-33  1.07863e-25  1.70221e-32  6.36544e-27  4.64926e-33 -4.68775e-28  7.26276e-34  -2.0216e-28 -2.83354e-34 -3.47314e-29 -1.17958e-34 -4.21915e-30 -1.61619e-35 -3.97721e-31 -2.05318e-36 -2.96325e-32 -1.23957e-37  -1.7162e-33 -1.50517e-38 -7.28781e-35 -4.62859e-39 -1.87328e-36  1.30631e-39  2.23922e-39  2.98272e-40  2.67572e-39  2.45329e-42   1.0782e-40 -1.32509e-42  2.21235e-42 -2.02826e-44  2.40778e-44
 1.96534e-12  1.18771e-26 -5.91317e-11  -6.9835e-26  6.74304e-10 -6.35413e-25 -4.47928e-09  1.12207e-23    1.986e-08 -7.83818e-23 -6.25188e-08  3.44428e-22  1.43675e-07 -1.07002e-21 -2.42112e-07    2.463e-21  2.92866e-07 -4.26441e-21 -2.37109e-07  5.48123e-21  1.00384e-07 -4.89709e-21   1.4116e-08  2.27228e-21 -3.83704e-08  1.02242e-21  7.89619e-09 -2.99814e-21  9.87456e-09  2.81913e-21 -3.25217e-09 -1.36179e-21 -2.71209e-09  4.47584e-23  7.01683e-10  4.85788e-22  7.89375e-10 -4.40617e-22  -2.8959e-11  1.96797e-22 -1.94097e-10  7.27482e-23 -4.65546e-11 -2.90193e-22  2.76513e-11  3.73829e-22  1.90331e-11 -3.08586e-22   1.5522e-12  1.76276e-22 -2.94253e-12 -6.84649e-23 -1.47139e-12   1.5005e-23 -1.30216e-13  7.03442e-25  1.74562e-13 -1.48465e-24  9.62743e-14   5.8031e-25  1.89061e-14  -1.3636e-24 -3.93517e-15  1.93106e-24 -4.05321e-15 -1.23928e-24  -1.3809e-15  3.50558e-25 -1.95031e-16   2.7833e-27  4.65049e-17 -3.52517e-26  3.73859e-17  1.68951e-26  1.21201e-17 -4.84147e-27  2.26009e-18  1.54578e-28  9.46821e-20 -4.39262e-29 -1.01278e-19    1.131e-28 -4.35085e-20   1.3738e-28 -1.07858e-20 -9.67326e-29 -1.82396e-21 -3.84062e-30  -1.7994e-22  1.19483e-29  6.98404e-24 -1.59646e-31  7.64553e-24 -9.02765e-31  1.97377e-24 -3.42742e-32  3.45044e-25  3.57548e-32  4.57978e-26   1.0494e-32  4.62161e-27  1.01111e-33  3.19113e-28  -6.7012e-34  6.44945e-30 -2.26664e-34 -2.00564e-30 -3.05439e-35 -3.68756e-31 -2.86937e-36 -3.92766e-32 -1.40583e-37 -3.05286e-33 -7.19448e-38 -1.81484e-34 -1.37569e-38 -8.25077e-36  1.75348e-39 -2.75876e-37  3.89326e-40 -6.39225e-39  2.85022e-42 -9.89313e-41 -1.11331e-42 -7.42205e-43 -1.10576e-44
-8.12751e-27  3.41486e-11  1.55302e-25 -5.84352e-10 -6.35413e-25  5.07199e-09 -4.63808e-24  -2.7892e-08  6.95673e-23  1.06385e-07 -4.25411e-22 -2.93805e-07   1.6658e-21  5.97404e-07 -4.66064e-21 -8.89597e-07  9.71206e-21  9.36248e-07 -1.52152e-20 -6.25478e-07  1.75114e-20  1.61124e-07  -1.3447e-20  1.12977e-07  3.98122e-21 -9.77081e-08  5.47052e-21 -7.65626e-09 -9.47143e-21  3.04457e-08  7.29963e-21   8.9507e-11 -2.68916e-21 -8.46924e-09 -5.31043e-22 -7.39401e-10  1.42301e-21  2.07165e-09 -1.06551e-21  5.96608e-10  4.38055e-22 -3.42792e-10  1.82422e-22 -2.32965e-10 -6.75171e-22 -9.05988e-13  8.42625e-22  4.74652e-11 -6.59872e-22  1.79991e-11  3.45847e-22 -1.62948e-12 -1.16793e-22  -3.8163e-12  1.89577e-23 -1.36185e-12  3.01996e-24 -4.57154e-15 -1.06471e-24  1.96051e-13  -7.3914e-25  8.88354e-14 -1.79603e-24   1.5256e-14   3.5163e-24 -3.61042e-15 -2.25897e-24 -3.29863e-15  5.55608e-25  -1.1033e-15  4.93641e-26 -1.76122e-16 -6.29997e-26  1.88646e-17   2.1556e-26  2.18429e-17 -5.32882e-27  7.64084e-18  5.11186e-28  1.63012e-18 -5.94536e-28  1.79447e-19  2.88007e-28  -1.9829e-20  2.50938e-28 -1.56735e-20 -1.61412e-28 -4.52936e-21  -1.0443e-29 -8.87477e-22  1.97362e-29 -1.24163e-22  8.46158e-32 -1.04416e-23 -1.48387e-30  2.81122e-25 -9.27831e-32  3.02022e-25  6.17515e-32  6.72695e-26  2.01397e-32    1.014e-26  1.27159e-33  1.17356e-27 -1.30626e-33  1.06769e-28 -3.98625e-34   7.4441e-30 -5.17686e-35  3.55824e-31 -3.01729e-36  5.72712e-33 -8.01861e-38 -8.35539e-34 -1.60293e-37 -9.85678e-35 -2.58587e-38 -6.09267e-36  1.99857e-39 -2.46385e-37  4.20546e-40 -6.58334e-39  2.85052e-42 -1.09322e-40 -6.83795e-43 -6.72945e-43
-1.19725e-11 -1.36807e-25  3.75726e-10  1.48735e-24 -4.47928e-09 -4.63808e-24  3.11923e-08 -2.81073e-23 -1.45465e-07  3.64565e-22   4.8371e-07 -1.97291e-21 -1.18102e-06  6.93325e-21   2.1325e-06 -1.75526e-20  -2.8036e-06  3.32082e-20  2.54207e-06 -4.71065e-20 -1.33893e-06  4.83573e-20  6.88544e-08 -3.11481e-20  4.04245e-07  2.87883e-21 -1.69873e-07  1.97607e-20  -8.4009e-08 -2.51254e-20  6.20182e-08  1.59995e-20  2.16001e-08 -4.03267e-21 -1.64531e-08 -2.49974e-21 -7.50084e-09  3.44494e-21  2.99419e-09 -2.24163e-21  2.49155e-09   8.9794e-22 -5.68834e-11  3.62047e-22 -5.77159e-10 -1.38001e-21 -1.79318e-10  1.68983e-21  5.30093e-11   -1.254e-21  5.50104e-11   5.9491e-22  1.25094e-11 -1.67441e-22 -4.25426e-12  1.53011e-23 -3.87659e-12  6.71671e-24 -1.06291e-12  1.80369e-24  7.88661e-14 -4.63238e-24  1.78116e-13 -1.66412e-24  7.10178e-14  5.78306e-24  1.15125e-14 -3.72758e-24 -2.45098e-15  7.78859e-25 -2.23305e-15  1.51957e-25 -7.54734e-16 -1.00377e-25  -1.3737e-16  1.93339e-26  7.01378e-20 -2.74728e-27  9.59388e-18  1.36351e-27  3.79547e-18 -1.84344e-27  9.05349e-19  5.61497e-28   1.3895e-19  4.34753e-28  7.58092e-21 -2.44181e-28 -3.10532e-21 -2.32882e-29 -1.26838e-21  2.89794e-29 -2.86604e-22  8.07739e-31 -4.69272e-23  -2.1419e-30 -5.72856e-24 -2.00732e-31 -4.68723e-25  8.96787e-32 -8.52703e-27  3.33716e-32  5.09519e-27   1.5278e-33  1.10474e-27 -2.19387e-33  1.45473e-28 -6.42906e-34  1.43223e-29   -7.899e-35  1.10427e-30 -1.91073e-36  6.68292e-32  8.43911e-38  3.09275e-33 -2.63359e-37  1.02307e-34 -3.72481e-38  1.99653e-36  1.98265e-39  3.78999e-39  3.80474e-40 -9.80027e-40  2.44614e-42 -2.38909e-41 -2.72107e-43
 6.33477e-26 -1.71258e-10 -1.48125e-24  3.06493e-09  1.12207e-23  -2.7892e-08 -2.81073e-23  1.61301e-07 -1.44883e-22 -6.49407e-07  1.64766e-21  1.90233e-06 -7.96059e-21 -4.13075e-06  2.52554e-20  6.63754e-06 -5.80834e-20 -7.68038e-06  9.99912e-20  5.90242e-06 -1.28418e-19  -2.2311e-06   1.1687e-19 -5.94587e-07 -6.05652e-20  1.01101e-06 -1.12902e-20 -1.37779e-07  5.67425e-20 -2.84582e-07 -5.73582e-20  7.09006e-08  2.99768e-20  8.09179e-08 -3.70609e-21 -1.49592e-08 -7.28971e-21  -2.3471e-08  7.12177e-21 -4.17908e-10 -4.19629e-21  5.66414e-09  1.75278e-21  1.64732e-09  5.58678e-22 -7.55901e-10 -2.52019e-21 -6.09709e-10  3.06697e-21 -7.22814e-11 -2.15034e-21  8.85769e-11  9.05229e-22  4.95003e-11 -1.95927e-22  5.93859e-12  -2.7571e-24 -5.36463e-12  1.10107e-23 -3.29092e-12  8.93974e-24 -7.29818e-13 -1.27015e-23  1.01657e-13 -3.37911e-25  1.35815e-13  8.72754e-24  5.00818e-14 -5.65696e-24  8.25641e-15  9.77034e-25  -1.1852e-15  3.34224e-25 -1.25225e-15 -1.47498e-25 -4.38823e-16   4.2165e-27 -8.99809e-17  5.41773e-27 -6.86064e-18  2.93573e-27  2.79597e-18 -4.09863e-27  1.43299e-18  9.36276e-28  3.82557e-19  7.13497e-28  6.99966e-20 -3.40462e-28  8.28462e-21 -4.58976e-29  2.01835e-22  3.82793e-29 -1.88897e-22  2.33748e-30 -5.79845e-23 -2.73372e-30 -1.08853e-23 -3.72316e-31 -1.52807e-24  1.09008e-31 -1.65934e-25  4.83778e-32 -1.34092e-26  1.84403e-33 -6.54209e-28 -3.26905e-33  1.15289e-29 -9.51149e-34  6.51744e-30  -1.0848e-34  8.05531e-31  7.68404e-37  6.53027e-32  3.34463e-37  3.89116e-33 -3.53547e-37  1.72979e-34 -4.38199e-38  5.57842e-36  1.73723e-39  1.23186e-37  2.88511e-40  1.53209e-39  1.70633e-42  5.49157e-42
 4.83543e-11  9.03137e-25 -1.58811e-09 -1.20327e-23    1.986e-08  6.95673e-23 -1.45465e-07 -1.44883e-22  7.15889e-07 -6.46779e-22 -2.52269e-06  6.52025e-21  6.56382e-06 -2.83293e-20 -1.27322e-05  8.15411e-20  1.82176e-05  -1.7092e-19  -1.8442e-05  2.68184e-19  1.16854e-05 -3.11537e-19 -2.43893e-06  2.49061e-19 -2.57971e-06 -9.58644e-20  1.88456e-06 -6.21097e-20  2.88523e-07  1.37416e-19 -6.34594e-07 -1.14453e-19 -3.79071e-08  4.79753e-20  1.82982e-07  1.63583e-21  2.51088e-08 -1.66071e-20 -4.52498e-08  1.28281e-20 -1.53628e-08 -7.12318e-21  7.30998e-09  3.32446e-21  5.68576e-09  5.86647e-22   2.0328e-10 -4.16877e-21 -1.13274e-09  5.10721e-21 -4.69657e-10 -3.36541e-21  2.75604e-11  1.22052e-21  9.58907e-11 -1.67184e-22  3.67606e-11 -4.03573e-23  1.03299e-12  1.47178e-23 -5.00952e-12  2.15477e-23 -2.42426e-12 -2.63733e-23 -4.59539e-13  2.85622e-24  8.17573e-14  1.22367e-23  8.83627e-14 -7.99177e-24  3.13388e-14  1.10647e-24  5.53444e-15  6.14361e-25 -3.08656e-16 -2.06532e-25 -5.69044e-16 -2.87113e-26 -2.13218e-16  2.16933e-26 -4.84485e-17   5.2525e-27 -6.24016e-18 -7.57478e-27  2.30409e-19  1.41751e-27  3.76717e-19   1.1082e-27  1.18927e-19 -4.44262e-28  2.46409e-20 -8.27469e-29  3.70145e-21  4.57143e-29  3.72376e-22  5.01907e-30  1.01394e-23 -3.07848e-30 -5.29636e-24 -6.14326e-31 -1.42854e-24  1.05834e-31 -2.29753e-25  6.20534e-32 -2.76445e-26  2.30222e-33   -2.613e-27 -4.41597e-33 -1.93626e-28 -1.29262e-33 -1.07373e-29 -1.33949e-34 -3.77693e-31  4.80944e-36  -7.7778e-34  6.00517e-37  9.21158e-34 -4.04452e-37  6.74566e-35  -4.3327e-38  2.71623e-36  1.35201e-39  6.54565e-38  1.80938e-40  7.55172e-40  8.28871e-43
 -3.2128e-25  5.91202e-10  8.43045e-24 -1.11078e-08 -7.83818e-23  1.06385e-07  3.64565e-22 -6.49407e-07 -6.46779e-22  2.76988e-06  -2.5356e-21 -8.63665e-06   2.2862e-20  2.00917e-05 -8.98689e-20 -3.49247e-05  2.35669e-19  4.44504e-05 -4.51471e-19 -3.89709e-05  6.46389e-19  1.93652e-05  -6.7787e-19   2.0407e-07  4.69549e-19 -6.73594e-06 -1.10793e-19  2.46059e-06 -1.92215e-19   1.5519e-06  2.89164e-19 -9.86986e-07 -2.01591e-19 -4.16223e-07  6.45225e-20  2.72846e-07  1.67268e-20   1.4291e-07 -3.16933e-20 -4.98402e-08  2.03836e-20 -4.71475e-08 -1.11452e-20 -5.61992e-11  6.15218e-21  1.09681e-08  6.54732e-23  3.67026e-09 -6.32265e-21 -9.79127e-10   7.8931e-21 -1.11217e-09 -4.84944e-21 -2.69043e-10  1.44779e-21   8.3665e-11 -4.58935e-23  8.16706e-11 -9.79382e-23  2.34237e-11  1.76887e-23 -1.35173e-12  3.91836e-23 -3.82811e-12 -4.64302e-23 -1.58684e-12  8.42878e-24 -2.75255e-13  1.61008e-23  4.79183e-14 -1.06146e-23  4.91856e-14  1.14345e-24  1.73207e-14  9.99312e-25  3.35158e-15 -2.83461e-25  8.52311e-17  -8.0946e-26 -1.98555e-16  4.78404e-26 -8.42224e-17  7.93764e-27 -2.10053e-17 -1.23031e-26 -3.45425e-18  2.03294e-27 -2.66389e-19  1.63219e-27    4.897e-20 -5.50673e-28  2.49709e-20 -1.38882e-28  5.99266e-21  4.91917e-29  1.02361e-21  9.08669e-30  1.32034e-22 -3.01594e-30  1.22503e-23 -9.23983e-31  5.79547e-25  6.73471e-32 -5.01323e-26  7.12375e-32 -1.62209e-26  2.97847e-33 -2.31756e-27 -5.49878e-33 -2.34589e-28 -1.61733e-33 -1.82602e-29 -1.48498e-34  -1.1096e-30  9.40011e-36 -5.18704e-32  7.88229e-37 -1.78867e-33 -4.03043e-37 -4.16338e-35  -3.6501e-38 -5.08815e-37  9.29562e-40  3.60912e-40  9.00485e-41  3.72459e-41
-1.37454e-10 -3.99601e-24  4.74537e-09  5.98522e-23 -6.25188e-08 -4.25411e-22   4.8371e-07  1.64766e-21 -2.52269e-06  -2.5356e-21  9.45881e-06 -8.82669e-21 -2.63275e-05  7.17058e-20  5.50467e-05 -2.56327e-19 -8.59121e-05  6.14601e-19  9.69681e-05 -1.07851e-18 -7.24236e-05  1.40993e-18  2.53983e-05  -1.3307e-18  9.39082e-06   7.8188e-19  -1.3212e-05 -4.46154e-20  1.30615e-06 -4.63511e-19  3.98492e-06  5.38158e-19 -8.62751e-07 -3.15122e-19 -1.17703e-06  6.91726e-20  1.88822e-07  4.62209e-20  3.49883e-07 -5.22668e-20  1.18168e-08  2.87411e-20  -8.6591e-08 -1.62945e-20 -2.65355e-08  1.10267e-20  1.18434e-08 -1.59062e-21  9.94201e-09 -8.89842e-21  1.22427e-09  1.14317e-20 -1.48629e-09 -6.47653e-21  -8.4725e-10  1.47677e-21 -1.03558e-10    1.871e-22  9.43319e-11 -1.69889e-22  5.87338e-11  2.28255e-23   1.3253e-11  5.92287e-23 -1.80592e-12 -7.26926e-23  -2.4914e-12  1.65204e-23 -9.35339e-13  2.00396e-23 -1.59673e-13 -1.33696e-23  2.01015e-14  1.10288e-24  2.31953e-14  1.48058e-24  8.34184e-15 -3.87763e-25  1.77073e-15  -1.4883e-25  1.57927e-16  8.40798e-26 -4.54995e-17  1.00819e-26 -2.58063e-17 -1.80961e-26  -7.1385e-18  2.84409e-27 -1.35481e-18  2.28948e-27 -1.73292e-19 -6.57494e-28 -8.59392e-21 -2.18906e-28  2.53739e-21  4.68469e-29  9.15519e-22  1.44894e-29  1.80079e-22 -2.47909e-30  2.60187e-23 -1.29069e-30  2.92027e-24 -1.22587e-32  2.51527e-25  7.43659e-32  1.50555e-26  3.93543e-33  3.32398e-28 -6.39108e-33 -5.20622e-29 -1.86694e-33 -8.28551e-30 -1.47401e-34 -7.01333e-31   1.3352e-35 -4.12453e-32  8.24376e-37 -1.74948e-33 -3.54483e-37 -5.20572e-35 -2.63228e-38 -9.85609e-37  5.52601e-40 -9.43128e-39  3.12761e-41
 1.15198e-24 -1.46295e-09 -3.28897e-23  2.90035e-08  3.44428e-22 -2.93805e-07 -1.97291e-21  1.90233e-06  6.52025e-21 -8.63665e-06 -8.82669e-21  2.87943e-05 -2.75307e-20 -7.20632e-05  2.02757e-19  0.000135979 -6.62002e-19 -0.000190676   1.4558e-18  0.000189783 -2.34456e-18  -0.00011747  2.79912e-18  2.12875e-05 -2.36677e-18  2.93975e-05  1.13973e-18 -2.00916e-05  2.05829e-19 -3.84504e-06  -9.4617e-19  7.23456e-06  8.95931e-19  5.73255e-07 -4.37667e-19 -2.18399e-06  4.83427e-20 -3.25172e-07  9.22001e-20  5.63425e-07 -7.56346e-20  1.96271e-07  3.58786e-20 -9.58295e-08 -2.24907e-20 -7.52257e-08  1.89372e-20 -2.16661e-09 -5.08838e-21  1.57747e-08 -1.17699e-20  6.48623e-09  1.56374e-20 -4.79667e-10 -8.05399e-21 -1.40753e-09  1.21643e-21 -5.32911e-10  5.18172e-22 -8.98306e-12  -2.4633e-22  7.74524e-11  3.74347e-23  3.70502e-11   7.7357e-23  6.91532e-12 -1.03941e-22  -1.3472e-12  2.67943e-23 -1.40404e-12  2.37232e-23 -4.98184e-13 -1.60987e-23 -8.87241e-14  1.04624e-24  4.61937e-15  2.03207e-24  9.03626e-15 -5.29264e-25  3.42668e-15 -2.23019e-25  7.91833e-16  1.28648e-25  1.06986e-16  1.02642e-26 -1.54772e-18  -2.4596e-26 -5.53678e-18  3.93398e-27 -1.81796e-18  3.07475e-27 -3.85163e-19  -7.6483e-28 -5.95826e-20  -3.2529e-28 -6.44061e-21  3.74031e-29  -3.0978e-22  2.07399e-29  5.34162e-23 -1.55526e-30  1.76061e-23  -1.7008e-30  2.95678e-24 -1.27041e-31  3.61521e-25  7.25597e-32  3.45124e-26  5.21276e-33  2.59852e-27 -6.98956e-33  1.50546e-28 -1.98987e-33  6.19284e-30 -1.30175e-34  1.32038e-31  1.55725e-35   -2.956e-33  6.96353e-37 -3.76585e-34 -2.77298e-37 -1.51785e-35  -1.6186e-38 -3.01535e-37  2.69852e-40  -2.1539e-39
 2.81823e-10  1.27118e-23 -1.02899e-08 -2.07647e-22  1.43675e-07   1.6658e-21 -1.18102e-06 -7.96059e-21  6.56382e-06   2.2862e-20 -2.63275e-05 -2.75307e-20  7.87874e-05 -7.75133e-20 -0.000178368  5.20246e-19  0.000304697 -1.55731e-18 -0.000383619  3.14937e-18  0.000333597 -4.66227e-18 -0.000162857  5.08185e-18  -6.8755e-06 -3.82461e-18  6.23098e-05  1.42019e-18  -2.2067e-05  7.76788e-19 -1.51768e-05 -1.69411e-18  9.57247e-06  1.34427e-18   4.1846e-06 -5.37776e-19 -2.81103e-06 -9.84475e-21 -1.47837e-06  1.51731e-19  5.53771e-07 -9.65676e-20  5.11278e-07  3.89592e-20 -8.96762e-09 -2.94975e-20 -1.26876e-07   3.0906e-20 -4.05416e-08 -1.10598e-20   1.2935e-08 -1.48346e-20   1.3477e-08  2.03163e-20   3.0451e-09 -9.34989e-21 -1.16898e-09  6.37984e-22  -1.0461e-09  8.92417e-22 -2.86517e-10 -3.17664e-22  2.57335e-11  7.24819e-23  5.22269e-11  8.88919e-23  2.09983e-11 -1.38021e-22  3.46578e-12  3.85092e-23 -7.33975e-13  2.67767e-23 -6.86895e-13 -1.86758e-23 -2.38302e-13  1.07197e-24 -4.56993e-14  2.60933e-24 -1.05087e-15 -7.13113e-25  2.75488e-15 -2.89321e-25  1.16408e-15   1.7796e-25  2.91376e-16  6.75884e-27  4.86548e-17 -3.14036e-26  4.09004e-18   5.3676e-27 -5.48497e-19  3.97227e-27 -3.14158e-19 -8.72708e-28 -7.69726e-20 -4.56359e-28 -1.33097e-20  2.04792e-29 -1.74846e-21  2.68857e-29 -1.70061e-22 -5.05833e-31 -1.00125e-23 -2.14224e-30  2.06827e-25 -2.58581e-31  1.45954e-25  6.92996e-32  2.23341e-26  6.78753e-33  2.27929e-27  -7.2156e-33  1.75203e-28 -1.95574e-33  1.03972e-29 -1.00775e-34   4.7138e-31  1.55458e-35  1.57298e-32   4.5988e-37   3.5785e-34 -1.93296e-37  4.76691e-36 -8.33739e-39  2.64696e-38   9.4367e-41
-3.04414e-24  2.62725e-09  9.34504e-23 -5.53651e-08 -1.07002e-21  5.97404e-07  6.93325e-21 -4.13075e-06 -2.83293e-20  2.00917e-05  7.17058e-20 -7.20632e-05 -7.75133e-20  0.000195127  -1.9824e-19 -0.000401638  1.21799e-18  0.000622494 -3.35366e-18 -0.000702069  6.25166e-18  0.000525542 -8.51851e-18 -0.000182583  8.47079e-18 -7.53233e-05 -5.62268e-18   0.00010371  1.41818e-18 -1.03929e-05  1.80334e-18 -3.28288e-05  -2.7121e-18  7.63325e-06  1.82621e-18  1.00952e-05  -5.7681e-19  -1.8898e-06 -1.09258e-19 -3.15803e-06  2.16071e-19 -1.94768e-08 -1.08246e-19  8.39313e-07   3.4689e-20  2.34148e-07 -3.68849e-20 -1.30232e-07  4.77308e-20 -9.92236e-08 -1.97844e-20 -9.01833e-09 -1.80713e-20  1.68286e-08  2.51435e-20  8.85769e-09 -1.01338e-20   8.1214e-10 -1.92608e-22 -1.14906e-09  1.22014e-21 -6.58434e-10 -3.79491e-22 -1.35597e-10   1.3912e-22  2.75129e-11  9.03019e-23  3.02467e-11 -1.72033e-22  1.08451e-11  5.07779e-23  1.71659e-12  2.87855e-23 -2.99211e-13 -2.10198e-23 -2.89008e-13  1.28778e-24 -1.00864e-13  3.14929e-24 -2.09909e-14 -9.35277e-25 -1.78143e-15 -3.30665e-25  5.68399e-16  2.27429e-25  3.11492e-16 -2.11383e-27  8.54176e-17 -3.82399e-26  1.62003e-17  7.13641e-27  2.10276e-18  4.95135e-27  1.19901e-19 -9.78172e-28 -2.48116e-20 -6.04625e-28 -9.65651e-21  -3.1049e-30  -1.9197e-21   3.1676e-29 -2.77836e-22  2.77801e-31 -3.12834e-23  -2.6053e-30  -2.7377e-24 -3.80629e-31 -1.74806e-25  6.86118e-32 -6.09636e-27  8.50721e-33  2.15062e-28 -7.02019e-33  5.34026e-29 -1.76506e-33  4.67831e-30 -6.59336e-35  2.65817e-31  1.35331e-35  1.04532e-32  2.08411e-37  2.74509e-34 -1.19115e-37  4.26005e-36   -3.426e-39  2.61366e-38
-4.15979e-10 -3.00669e-23  1.62156e-08  5.29858e-22 -2.42112e-07 -4.66064e-21   2.1325e-06  2.52554e-20 -1.27322e-05 -8.98689e-20  5.50467e-05  2.02757e-19 -0.000178368  -1.9824e-19  0.000440034 -4.62987e-19 -0.000827044  2.61411e-18   0.00116451 -6.63983e-18  -0.00117143  1.14334e-17  0.000736718 -1.43563e-17 -0.000135705   1.3008e-17 -0.000194833 -7.51655e-18  0.000138698  8.79731e-19  2.45749e-05   3.3641e-18 -5.25205e-05   -3.928e-18 -2.75058e-06  2.25096e-18  1.67346e-05  -5.2227e-19  1.90718e-06 -2.41268e-19 -4.64937e-06  2.72681e-19 -1.42112e-06 -1.03981e-19  8.99221e-07  1.97612e-20  6.20669e-07 -4.40872e-20 -1.52906e-08   6.9691e-20  -1.4808e-07 -3.09056e-20 -5.41266e-08 -2.15426e-20  8.08005e-09  2.96427e-20  1.39193e-08 -1.02231e-20  4.74474e-09 -1.11015e-21 -1.86092e-10   1.3996e-21 -8.35574e-10 -4.34504e-22 -3.65362e-10  2.43405e-22 -5.86713e-11  7.98965e-23  1.82916e-11 -2.02567e-22  1.53276e-11  6.28992e-23  5.12756e-12  2.93367e-23  8.37527e-13 -2.30692e-23 -8.13651e-14  1.77285e-24 -1.02203e-13    3.571e-24 -3.69324e-14 -1.18101e-24  -8.2992e-15 -3.29767e-25 -1.08086e-15    2.727e-25  2.73253e-17 -1.76021e-26  5.94458e-17 -4.50764e-26  1.90108e-17  9.10874e-27  3.97648e-18  5.95818e-27  6.11804e-19 -1.07389e-27  6.68002e-20 -7.56247e-28   3.6161e-21 -3.10231e-29 -4.12726e-22    3.392e-29 -1.51746e-22  3.83456e-31 -2.56322e-23 -3.07763e-30 -3.10324e-24 -4.67807e-31 -2.91909e-25  7.26754e-32 -2.16627e-26  1.00468e-32 -1.24744e-27 -6.40154e-33 -5.27675e-29 -1.45096e-33 -1.39591e-30 -3.27166e-35  -5.9472e-33  1.03769e-35  1.21758e-33  2.33176e-38  4.98836e-35 -6.32106e-38  7.90545e-37 -9.72524e-40
 6.02847e-24 -3.37633e-09 -1.98646e-22  7.65409e-08    2.463e-21 -8.89597e-07 -1.75526e-20  6.63754e-06  8.15411e-20 -3.49247e-05 -2.56327e-19  0.000135979  5.20246e-19 -0.000401638 -4.62987e-19  0.000908322 -9.91918e-19  -0.00156457  5.16404e-18   0.00200203  -1.2131e-17  -0.00178351  1.93333e-17  0.000903455 -2.23943e-17  2.52317e-05  1.84581e-17 -0.000359707  -9.1097e-18  0.000141393 -4.23043e-19  8.79801e-05  5.42375e-18 -6.42591e-05 -5.18627e-18 -2.43372e-05  2.51563e-18  2.03351e-05 -3.62596e-19  9.18612e-06 -3.85424e-19 -4.59871e-06  3.09786e-19 -3.53676e-06 -7.89049e-20  3.19394e-07 -8.65214e-21  9.98043e-07 -5.06492e-20   2.6145e-07  9.62799e-20  -1.3154e-07 -4.32522e-20 -1.09018e-07 -2.53196e-20 -1.90958e-08  3.31922e-20  1.24831e-08 -9.52788e-21  9.08091e-09  -1.8835e-21  2.11952e-09   1.3498e-21 -4.18015e-10 -4.89119e-22 -5.04499e-10  3.81511e-22 -1.83508e-10  5.72846e-23 -2.45266e-11 -2.26076e-22  9.29385e-12  7.45666e-23  6.82382e-12  2.81187e-23  2.20692e-12 -2.47174e-23  3.88699e-13  2.54436e-24 -4.47256e-15  3.77946e-24 -2.90244e-14 -1.42722e-24   -1.134e-14 -2.71987e-25 -2.73497e-15  3.10798e-25 -4.41645e-16 -4.02255e-26 -3.44809e-17 -5.21715e-26  5.59089e-18  1.10083e-26  2.91186e-18  6.90691e-27  6.93762e-19 -1.14966e-27  1.17777e-19 -8.92139e-28  1.52794e-20 -5.92761e-29  1.48426e-21  3.29198e-29  9.17458e-23 -4.75458e-31 -2.79255e-25 -3.53537e-30 -9.69194e-25 -5.04617e-31  -1.5146e-25  8.02745e-32 -1.51416e-26  1.09562e-32 -1.12204e-27 -5.42638e-33 -6.34217e-29 -1.07156e-33 -2.70394e-30 -6.48652e-36 -8.35096e-32  7.05275e-36 -1.72335e-33 -6.30083e-38  -2.0094e-35 -2.71542e-38 -7.57627e-38
  4.2651e-10  5.33941e-23 -1.80586e-08 -1.01535e-21  2.92866e-07  9.71206e-21  -2.8036e-06 -5.80834e-20  1.82176e-05  2.35669e-19 -8.59121e-05 -6.62002e-19  0.000304697  1.21799e-18 -0.000827044 -9.91918e-19   0.00172427 -1.95703e-18  -0.00273035  9.42198e-18   0.00317276 -2.05179e-17  -0.00247506  3.03214e-17  0.000930049 -3.24359e-17  0.000336234  2.42678e-17 -0.000538245 -9.93677e-18  8.06747e-05 -2.59624e-18  0.000173876  7.80078e-18 -5.38451e-05 -6.27323e-18 -5.55038e-05  2.53817e-18  1.56088e-05 -1.16242e-19  1.87681e-05 -5.16518e-19  -1.4439e-06  3.21526e-19 -5.61494e-06 -3.07877e-20 -1.14906e-06 -5.22624e-20  1.06901e-06 -5.66439e-20  6.54585e-07  1.26014e-19  6.67491e-09 -5.48675e-20 -1.38322e-07 -2.93489e-20 -6.09173e-08  3.50915e-20 -9.88495e-10 -8.08385e-21  1.03609e-08 -2.28176e-21  5.02857e-09   1.0413e-21  7.97291e-10 -5.45427e-22 -3.34692e-10  5.38085e-22 -2.64381e-10  2.20676e-23 -8.48909e-11 -2.39516e-22 -1.05039e-11  8.57726e-23  3.73791e-12  2.50605e-23  2.64901e-12 -2.57358e-23  8.51729e-13  3.54205e-24  1.63786e-13  3.67574e-24  9.92273e-15 -1.64736e-24 -5.95257e-15 -1.47828e-25 -2.78925e-15  3.40721e-25 -7.25929e-16 -6.96333e-26 -1.32724e-16 -5.99846e-26 -1.65544e-17  1.24337e-26 -8.40844e-19  7.67491e-27  2.13638e-19 -1.19674e-27   7.6848e-20  -9.9081e-28  1.47682e-20 -8.24392e-29  2.08131e-21  2.87934e-29  2.28982e-22 -2.32928e-30  1.96819e-23 -3.93609e-30   1.2548e-24 -4.90555e-31  4.80257e-26  8.71223e-32  -5.4594e-28  1.08177e-32 -2.54071e-28 -4.23397e-33   -2.212e-29 -6.94299e-34 -1.17545e-30  1.01059e-35 -4.14472e-32  4.26512e-36 -9.20736e-34 -6.98385e-38 -1.04577e-35 -8.07107e-39
-8.88747e-24   2.9312e-09  3.16763e-22 -7.32225e-08 -4.26441e-21  9.36248e-07  3.32082e-20 -7.68038e-06  -1.7092e-19  4.44504e-05  6.14601e-19 -0.000190676 -1.55731e-18  0.000622494  2.61411e-18  -0.00156457 -1.95703e-18   0.00302288 -3.56761e-18  -0.00441201  1.59242e-17   0.00464633 -3.22154e-17  -0.00311809  4.42309e-17  0.000708276 -4.37543e-17  0.000798963  2.96397e-17 -0.000671132 -9.60306e-18 -6.76561e-05 -5.54795e-18  0.000260895  1.01827e-17 -7.89983e-06  -6.9706e-18 -8.80578e-05  2.28963e-18 -2.10457e-06  1.70577e-19  2.70966e-05 -6.15759e-19   5.6927e-06  3.10946e-19 -6.28932e-06  4.03176e-20 -3.35082e-06 -1.10785e-19    4.981e-07 -6.30729e-20  9.91374e-07  1.56365e-19  2.78402e-07  -6.3306e-20 -9.57392e-08 -3.33258e-20 -9.81949e-08  3.47029e-20 -2.67241e-08 -6.06504e-21  4.76444e-09 -2.15415e-21   6.6331e-09  5.12117e-22  2.46156e-09 -5.92227e-22  2.56171e-10  6.89308e-22 -1.94307e-10 -2.70665e-23 -1.22613e-10 -2.41194e-22 -3.64468e-11   9.6383e-23 -4.68624e-12  2.04515e-23  1.14999e-12 -2.57313e-23  8.79599e-13  4.63643e-24     2.88e-13  3.17458e-24   6.0059e-14 -1.81643e-24   6.7769e-15  4.53967e-26 -5.56557e-16  3.63323e-25  -5.0533e-16 -1.04593e-25 -1.48132e-16 -6.89818e-26 -2.95638e-17  1.29201e-26 -4.37727e-18  8.10787e-27 -4.58248e-19 -1.21308e-27 -2.26051e-20 -1.03251e-27  3.07596e-21 -9.45819e-29  1.02392e-21  2.25219e-29  1.65433e-22 -4.89573e-30  1.92657e-23 -4.22038e-30  1.74331e-24 -4.39002e-31  1.24303e-25  8.79739e-32    6.877e-27   9.4468e-33  2.81431e-28 -3.00816e-33  7.53798e-30 -3.77003e-34  7.60293e-32  1.71602e-35 -2.72288e-33  2.29296e-36 -1.11625e-34 -4.12521e-38 -1.09887e-36
-2.70552e-10 -7.00109e-23  1.29893e-08  1.45427e-21 -2.37109e-07 -1.52152e-20  2.54207e-06  9.99912e-20  -1.8442e-05 -4.51471e-19  9.69681e-05   1.4558e-18 -0.000383619 -3.35366e-18   0.00116451  5.16404e-18  -0.00273035 -3.56761e-18   0.00491357   -6.026e-18  -0.00662474  2.49926e-17   0.00629928 -4.70675e-17  -0.00353254  6.01672e-17  0.000151842 -5.51356e-17   0.00136259  3.37188e-17 -0.000682397 -7.92833e-18 -0.000306048 -8.97134e-18  0.000313825  1.21913e-17  7.88194e-05 -7.11968e-18 -0.000107614  1.81196e-18 -3.38097e-05  4.38028e-19  2.87831e-05 -6.81028e-19  1.59997e-05  2.88833e-19 -4.03487e-06  1.33115e-19 -5.54468e-06 -1.80931e-19 -8.81392e-07 -7.19498e-20  1.00391e-06  1.83884e-19  6.09251e-07 -6.61674e-20  4.80924e-08 -3.66478e-20 -1.00242e-07  3.16457e-20 -5.55042e-08 -3.76734e-21 -8.90677e-09 -1.49544e-21  4.66952e-09 -1.39105e-22  3.59095e-09 -6.00419e-22  1.09749e-09  8.10131e-22  7.49986e-11 -9.17497e-23  -9.1149e-11 -2.31547e-22 -5.05911e-11  1.05578e-22 -1.44649e-11  1.49719e-23 -2.07848e-12 -2.41849e-23  2.28437e-13  5.65411e-24  2.41114e-13  2.22606e-24  8.27452e-14  -1.9139e-24    1.849e-14  3.03031e-25  2.72966e-15  3.80669e-25  1.53665e-16 -1.43012e-25 -5.24212e-17 -7.93802e-26 -2.13263e-17  1.20317e-26 -4.72185e-18  8.03908e-27 -7.64093e-19 -1.20657e-27 -9.51044e-20  -1.0039e-27 -8.85599e-21 -9.08404e-29 -5.17925e-22  1.56692e-29  3.59386e-24 -7.63376e-30  5.42012e-24 -4.32512e-30  7.95616e-25 -3.70713e-31  7.50602e-26  7.93538e-32  5.21992e-27  7.02341e-33  2.74013e-28 -1.92449e-33  1.06756e-29 -1.52875e-34  2.93452e-31  1.68911e-35  5.12002e-33  1.08147e-36   4.3902e-35 -1.38216e-38
 9.31175e-24 -1.41482e-09 -3.68128e-22   4.1984e-08  5.48123e-21 -6.25478e-07 -4.71065e-20  5.90242e-06  2.68184e-19 -3.89709e-05 -1.07851e-18  0.000189783  3.14937e-18 -0.000702069 -6.63983e-18   0.00200203  9.42198e-18  -0.00441201   -6.026e-18   0.00743302 -9.45263e-18  -0.00927407  3.64978e-17   0.00791514 -6.41175e-17  -0.00352453  7.65081e-17 -0.000764916 -6.51103e-17   0.00192103  3.58338e-17 -0.000502145 -5.02915e-18 -0.000604388 -1.24027e-17  0.000292609  1.34756e-17  0.000196938 -6.67285e-18 -9.74466e-05  1.21353e-18 -7.43548e-05  6.33604e-19  1.84971e-05 -7.30842e-19  2.64524e-05  2.68439e-19  2.02116e-06  2.45837e-19 -6.50157e-06 -2.55696e-19 -2.85297e-06 -8.58497e-20  4.48272e-07  2.04575e-19   8.3451e-07 -6.17369e-20   2.7323e-07 -3.84957e-20 -4.03163e-08  2.59807e-20 -6.96084e-08 -1.56135e-21 -2.65745e-08 -4.72053e-22  -1.8558e-09 -7.82065e-22  2.99544e-09 -5.27025e-22  1.71067e-09  8.83126e-22  4.56385e-10 -1.71639e-22  2.44195e-11 -2.13429e-22 -3.54417e-11  1.11528e-22 -1.84633e-11  9.60979e-24 -5.22486e-12 -2.05843e-23 -8.53255e-13  6.40701e-24  -9.1065e-16  8.33765e-25  5.08987e-14 -1.92465e-24  1.93811e-14  6.13549e-25  4.61671e-15  3.95305e-25   7.8402e-16 -1.81912e-25  8.79167e-17 -9.09044e-26  2.37973e-18  9.46887e-27 -1.66142e-18  7.32338e-27 -4.90511e-19 -1.19419e-27 -8.74103e-20 -9.02041e-28 -1.16729e-20 -6.91971e-29 -1.22395e-21  9.87661e-30 -1.00301e-22 -9.89871e-30 -6.08062e-24  -4.2052e-30 -2.20155e-25 -3.05314e-31   2.3657e-27  6.13728e-32  1.01867e-27  4.06278e-33  8.11511e-29 -1.09785e-33  3.85383e-30 -2.52613e-35  1.16558e-31  1.25763e-35  2.03225e-33  4.28293e-37  1.33975e-35
 5.84866e-11  6.30669e-23 -4.16818e-09   -1.489e-21  1.00384e-07  1.75114e-20 -1.33893e-06 -1.28418e-19  1.16854e-05  6.46389e-19 -7.24236e-05 -2.34456e-18  0.000333597  6.25166e-18  -0.00117143  -1.2131e-17   0.00317276  1.59242e-17  -0.00662474 -9.45263e-18    0.0105032 -1.37951e-17   -0.0121442   4.9668e-17   0.00921832 -8.15718e-17  -0.00294126  9.11598e-17  -0.00198016 -7.23164e-17   0.00233134  3.56956e-17 -9.38549e-05 -1.29699e-18 -0.000899657 -1.53346e-17   0.00016665  1.37996e-17  0.000320434 -5.71316e-18 -4.49955e-05  6.43185e-19 -0.000112041  7.31412e-19 -6.34634e-06 -7.99204e-19  3.22832e-05  2.58425e-19  1.12793e-05  3.75998e-19 -4.94867e-06 -3.24572e-19 -4.73542e-06 -1.06976e-19 -7.29101e-07  2.14538e-19   7.5498e-07 -4.95373e-20  4.95548e-07 -3.80219e-20  8.33278e-08  1.83113e-20 -5.07998e-08  1.78539e-22 -3.89422e-08  6.03482e-22 -1.11918e-08 -1.29674e-21  1.08884e-10  -3.2871e-22  1.53531e-09   9.0529e-22  7.31162e-10 -2.61467e-22  1.79609e-10 -1.91561e-22  1.08037e-11  1.11642e-22    -1.13e-11   5.5087e-24 -5.86338e-12 -1.46092e-23 -1.67571e-12  6.71452e-24 -3.05841e-13 -9.39332e-25 -2.33965e-14 -1.83996e-24   6.8149e-15  9.59589e-25  3.46442e-15  4.09804e-25  8.96147e-16 -2.17378e-25  1.65523e-16 -1.02635e-25  2.27783e-17  5.16641e-27  2.14606e-18  5.88057e-27  6.68881e-20 -1.19641e-27 -2.21478e-20 -7.36487e-28  -5.7079e-21 -3.16903e-29 -8.41426e-22  6.34848e-30 -9.16253e-23 -1.11433e-29 -7.79171e-24 -3.85368e-30 -5.21241e-25 -2.54733e-31 -2.69063e-26  3.77117e-32 -1.01885e-27  1.23072e-33 -2.50535e-29 -5.57198e-34 -2.44629e-31   2.6257e-35  5.54189e-33  7.35414e-36  1.72131e-34   1.2446e-37
-5.78651e-24 -2.01629e-11  2.79061e-22 -5.45161e-09 -4.89709e-21  1.61124e-07  4.83573e-20  -2.2311e-06 -3.11537e-19  1.93652e-05  1.40993e-18  -0.00011747 -4.66227e-18  0.000525542  1.14334e-17  -0.00178351 -2.05179e-17   0.00464633  2.49926e-17  -0.00927407 -1.37951e-17    0.0139151 -1.87527e-17   -0.0149249  6.30424e-17   0.00993633   -9.704e-17  -0.00172333  1.02029e-16  -0.00334334 -7.58677e-17   0.00244968  3.34638e-17  0.000524753  2.72179e-18  -0.00110856 -1.73378e-17 -7.09008e-05  1.30919e-17  0.000411197  -4.4368e-18  5.14205e-05  2.51518e-19 -0.000131192  7.42051e-19  -4.3268e-05  -9.2273e-19  2.85396e-05  2.57447e-19  2.13084e-05  5.19165e-19  -2.2955e-07 -3.75088e-19 -5.54027e-06 -1.36113e-19 -2.26617e-06  2.10779e-19  2.41418e-07 -3.06029e-20  5.87815e-07 -3.45744e-20  2.33638e-07  9.75001e-21  7.45154e-09  1.15552e-21 -3.54828e-08  1.34487e-21 -1.87876e-08  -1.6142e-21 -4.29242e-09  1.86624e-23  3.23298e-10  8.89634e-22   6.6458e-10 -3.49332e-22  2.82189e-10 -1.71224e-22   6.6867e-11  1.03482e-22  5.57606e-12  3.83505e-24 -2.80669e-12 -6.28716e-24 -1.57511e-12  6.41847e-24 -4.62464e-13 -2.98093e-24 -9.18784e-14 -1.66037e-24 -1.13245e-14  1.31902e-24 -3.84105e-17  4.26671e-25  4.05885e-16 -2.44629e-25   1.2619e-16 -1.13025e-25  2.51605e-17 -6.42516e-28  3.77868e-18  3.73694e-27  4.37967e-19 -1.22871e-27  3.73062e-20 -5.28386e-28  1.80207e-21  1.56594e-29 -6.93907e-23  5.53932e-30 -2.67891e-23 -1.10855e-29 -3.41021e-24 -3.30992e-30 -2.92383e-25 -2.20985e-31  -1.8564e-26  1.39301e-32 -8.81775e-28 -9.04942e-34 -3.04579e-29 -2.57573e-34 -7.13978e-31  3.25122e-35 -9.78621e-33  3.27192e-36 -5.02947e-35
 5.25278e-11 -2.80639e-23 -1.71573e-09  9.15166e-22   1.4116e-08  -1.3447e-20  6.88544e-08   1.1687e-19 -2.43893e-06  -6.7787e-19  2.53983e-05  2.79912e-18 -0.000162857 -8.51851e-18  0.000736718  1.93333e-17  -0.00247506 -3.22154e-17   0.00629928  3.64978e-17   -0.0121442 -1.87527e-17    0.0173523 -2.37562e-17   -0.0172743   7.4645e-17   0.00987083 -1.08034e-16  6.62433e-05  1.07567e-16  -0.00464348   -7.558e-17   0.00217281  2.96526e-17   0.00127671  6.49044e-18  -0.00114987 -1.81453e-17 -0.000395003  1.14461e-17  0.000429441 -3.10598e-18  0.000178718  1.51838e-19 -0.000117172  7.09332e-19 -8.40183e-05 -1.12512e-18  1.22413e-05  2.53247e-19  2.82853e-05  6.67648e-19  7.11794e-06 -3.95532e-19 -4.36081e-06  -1.7196e-19 -3.59322e-06  1.91923e-19 -6.60506e-07 -7.38221e-21  4.36925e-07 -2.78675e-20  3.40716e-07  1.74846e-21  9.05976e-08  1.22638e-21 -1.09705e-08  1.39219e-21 -1.92681e-08  -1.7423e-21 -8.09982e-09  5.01416e-22 -1.55882e-09  8.60281e-22   1.7613e-10    -4.18e-22  2.46747e-10 -1.56677e-22  9.78821e-11  8.60732e-23  2.31443e-11  5.73291e-24  2.63753e-12  3.96167e-24  -4.6019e-13  5.40032e-24 -3.41476e-13 -5.15235e-24 -1.05698e-13 -1.40068e-24 -2.23753e-14  1.66592e-24 -3.36988e-15  4.48382e-25 -2.99157e-16 -2.58422e-25  1.14571e-17 -1.20124e-25  1.08614e-17 -7.42148e-27   2.5574e-18  1.04935e-27  4.10611e-19 -1.29387e-27  5.07275e-20 -3.06285e-28  4.94639e-21  6.44118e-29  3.74534e-22  7.14595e-30  2.04609e-23 -9.77932e-30  5.91269e-25 -2.65054e-30 -1.93404e-26 -1.98396e-31 -3.64676e-27 -4.88072e-33 -2.42582e-28 -2.06357e-33 -9.76494e-30 -1.17644e-34 -2.39367e-31  2.12284e-35 -2.95433e-33  9.73168e-37
-3.05116e-25  4.44368e-10 -6.69351e-23 -1.04987e-08  2.27228e-21  1.12977e-07 -3.11481e-20 -5.94587e-07  2.49061e-19   2.0407e-07  -1.3307e-18  2.12875e-05  5.08185e-18 -0.000182583 -1.43563e-17  0.000903455  3.03214e-17  -0.00311809 -4.70675e-17   0.00791514   4.9668e-17   -0.0149249 -2.37562e-17    0.0204532 -2.80305e-17   -0.0188997  8.23716e-17    0.0089515 -1.12587e-16   0.00224929  1.07189e-16  -0.00565851 -7.19686e-17   0.00146983  2.49229e-17   0.00203979  9.61895e-18 -0.000968729 -1.76735e-17 -0.000750658  9.08198e-18  0.000346503 -1.98855e-18   0.00031008  3.91845e-19 -6.21181e-05  6.95308e-19 -0.000116148 -1.40549e-18 -1.57529e-05  2.26939e-19  2.82201e-05  8.10304e-19  1.51933e-05 -3.78032e-19 -8.48092e-07 -2.11202e-19 -4.01194e-06   1.5856e-19 -1.68801e-06  1.66849e-20  1.35325e-08 -1.80486e-20  3.30521e-07 -4.16465e-21  1.63931e-07  4.57858e-22  2.92061e-08  5.14005e-22 -9.68591e-09 -1.76628e-21 -8.84814e-09  1.05857e-21 -3.18644e-09  8.42449e-22 -5.56056e-10 -4.49762e-22  5.92486e-11 -1.50051e-22  7.81396e-11   6.1027e-23   3.0058e-11   1.2354e-23    7.229e-12  1.54261e-23  1.03463e-12  3.60903e-24 -6.29063e-15 -7.31536e-24 -5.43874e-14 -1.09472e-24 -1.89876e-14  1.97182e-24 -4.25994e-15  4.77242e-25 -7.07642e-16 -2.53899e-25 -8.64711e-17 -1.21997e-25 -6.48749e-18 -1.43996e-26   1.1833e-19 -1.90219e-27  1.35379e-19  -1.3785e-27  2.64979e-20 -9.95598e-29  3.45864e-21  1.06226e-28  3.43949e-22  1.03507e-29  2.68919e-23 -7.56852e-30  1.64814e-24 -1.96714e-30  7.70275e-26 -1.78395e-31  2.57825e-27 -1.59095e-32  5.30077e-29 -2.30042e-33  3.10583e-31 -5.97921e-35 -1.17319e-32  9.30059e-36 -1.78407e-34
