 1.52078e-05   1.5362e-20 -0.000140041 -2.58989e-19  0.000444207  1.15029e-18 -0.000706829 -2.46498e-18  0.000569232  3.18245e-18 -0.000134569 -2.58466e-18 -0.000122752  1.40659e-18  8.32506e-05  -5.6055e-19 -4.48902e-07  1.75709e-19 -9.27001e-06  -3.3069e-20  1.02113e-06
  1.5362e-20  0.000206261  1.60219e-19  -0.00102234 -1.82671e-18    0.0022919  5.96228e-18  -0.00269106 -1.02315e-17   0.00145061  1.06789e-17  0.000103245 -7.08276e-18  -0.00051104  3.17749e-18  0.000161228 -1.08404e-18  3.71711e-05  2.79982e-19 -1.94763e-05  -2.8136e-20
-0.000140041  1.60219e-19   0.00131142  9.08387e-19  -0.00426478 -7.22779e-18   0.00705037  1.83451e-17  -0.00606717 -2.57184e-17   0.00179145  2.13865e-17   0.00119073  -1.1195e-17  -0.00106872  4.03685e-18  0.000125852 -1.17728e-18  0.000100898  2.24781e-19 -1.94666e-05
-2.58989e-19  -0.00102234  9.08387e-19   0.00519501  3.57678e-18   -0.0120893 -2.00236e-17    0.0150666  4.03901e-17  -0.00917104 -4.49192e-17  0.000268313  2.92843e-17   0.00307991 -1.15975e-17  -0.00143841  3.12909e-18 -5.25427e-05 -6.13822e-19  0.000138619 -4.25702e-20
 0.000444207 -1.82671e-18  -0.00426478  3.57678e-18     0.014393  8.30862e-18    -0.025178 -3.86542e-17    0.0238607  6.43315e-17  -0.00930554 -5.52718e-17  -0.00346784  2.60908e-17    0.0049911   -6.495e-18  -0.00137483  6.82047e-19 -0.000249592  9.69926e-20  0.000108696
 1.15029e-18    0.0022919 -7.22779e-18   -0.0120893  8.30862e-18    0.0297424  1.72385e-17   -0.0404375 -6.14236e-17    0.0290534  7.83442e-17    -0.005156 -4.93054e-17  -0.00818279  1.38908e-17   0.00611675  6.57668e-19  -0.00101127 -2.52814e-18 -0.000305619   2.0756e-18
-0.000706829  5.96228e-18   0.00705037 -2.00236e-17    -0.025178  1.72385e-17    0.0479251  2.47372e-17   -0.0520698 -7.35873e-17    0.0279023  6.90049e-17   0.00185303 -2.75621e-17   -0.0121348  3.79342e-19   0.00631759  5.28448e-18 -0.000690675  -2.1718e-18 -0.000181739
-2.46498e-18  -0.00269106  1.83451e-17    0.0150666 -3.86542e-17   -0.0404375  2.47372e-17    0.0625854  3.07971e-17   -0.0559967 -6.76277e-17    0.0215974  4.59755e-17   0.00891698 -1.16699e-17   -0.0144554 -5.26635e-18   0.00601433  1.22584e-17 -0.000597379 -1.72659e-17
 0.000569232 -1.02315e-17  -0.00606717  4.03901e-17    0.0238607 -6.14236e-17   -0.0520698  3.07971e-17    0.0690953  2.94237e-17   -0.0529631 -4.94511e-17    0.0137857  3.31833e-17    0.0140743 -1.77844e-17   -0.0153066  3.75983e-18   0.00554294 -3.81111e-18  -0.00053765
 3.18245e-18   0.00145061 -2.57184e-17  -0.00917104  6.43315e-17    0.0290534 -7.35873e-17   -0.0559967  2.94237e-17    0.0679775  2.20987e-17   -0.0470708 -4.18352e-17   0.00753869  4.96792e-17     0.016848 -2.65845e-17   -0.0149874 -3.13964e-17   0.00466077    1.013e-16
-0.000134569  1.06789e-17   0.00179145 -4.49192e-17  -0.00930554  7.83442e-17    0.0279023 -6.76277e-17   -0.0529631  2.20987e-17    0.0634621  2.03742e-17     -0.04217 -6.82768e-17   0.00412408     1.01e-16    0.0172255 -7.42073e-17   -0.0130965  6.45409e-17   0.00283608
-2.58466e-18  0.000103245  2.13865e-17  0.000268313 -5.52718e-17    -0.005156  6.90049e-17    0.0215974 -4.94511e-17   -0.0470708  2.03742e-17    0.0596724  2.79615e-17   -0.0401478 -9.86682e-17   0.00400308  6.28711e-17    0.0145122  1.37703e-16  -0.00892061 -4.55069e-16
-0.000122752 -7.08276e-18   0.00119073  2.92843e-17  -0.00346784 -4.93054e-17   0.00185303  4.59755e-17    0.0137857 -4.18352e-17     -0.04217  2.79615e-17     0.058724  6.48527e-17    -0.041828 -1.90713e-16   0.00816692  2.36399e-16    0.0078632 -3.15151e-16  -0.00345026
 1.40659e-18  -0.00051104  -1.1195e-17   0.00307991  2.60908e-17  -0.00818279 -2.75621e-17   0.00891698  3.31833e-17   0.00753869 -6.82768e-17   -0.0401478  6.48527e-17     0.061575  5.69166e-18   -0.0483755  1.01556e-16    0.0173935 -6.08625e-16  -0.00074682  1.50819e-15
 8.32506e-05  3.17749e-18  -0.00106872 -1.15975e-17    0.0049911  1.38908e-17   -0.0121348 -1.16699e-17    0.0140743  4.96792e-17   0.00412408 -9.86682e-17    -0.041828  5.69166e-18    0.0694387  2.70834e-16   -0.0603389 -6.27093e-16    0.0283123  1.09654e-15  -0.00518661
 -5.6055e-19  0.000161228  4.03685e-18  -0.00143841   -6.495e-18   0.00611675  3.79342e-19   -0.0144554 -1.77844e-17     0.016848     1.01e-16   0.00400308 -1.90713e-16   -0.0483755  2.70834e-16    0.0827333 -6.85937e-16   -0.0729583  1.83218e-15    0.0314929  -3.5871e-15
-4.48902e-07 -1.08404e-18  0.000125852  3.12909e-18  -0.00137483  6.57668e-19   0.00631759 -5.26635e-18   -0.0153066 -2.65845e-17    0.0172255  6.28711e-17   0.00816692  1.01556e-16   -0.0603389 -6.85937e-16    0.0960985  1.71957e-15   -0.0738043 -2.89639e-15    0.0204064
 1.75709e-19  3.71711e-05 -1.17728e-18 -5.25427e-05  6.82047e-19  -0.00101127  5.28448e-18   0.00601433  3.75983e-18   -0.0149874 -7.42073e-17    0.0145122  2.36399e-16    0.0173935 -6.27093e-16   -0.0729583  1.71957e-15    0.0958611 -3.81626e-15   -0.0537367  5.91846e-15
-9.27001e-06  2.79982e-19  0.000100898 -6.13822e-19 -0.000249592 -2.52814e-18 -0.000690675  1.22584e-17   0.00554294 -3.13964e-17   -0.0130965  1.37703e-16    0.0078632 -6.08625e-16    0.0283123  1.83218e-15   -0.0738043 -3.81626e-15    0.0717429  5.36904e-15   -0.0228042
 -3.3069e-20 -1.94763e-05  2.24781e-19  0.000138619  9.69926e-20 -0.000305619  -2.1718e-18 -0.000597379 -3.81111e-18   0.00466077  6.45409e-17  -0.00892061 -3.15151e-16  -0.00074682  1.09654e-15    0.0314929 -2.89639e-15   -0.0537367  5.36904e-15    0.0344292 -6.10598e-15
 1.02113e-06  -2.8136e-20 -1.94666e-05 -4.25702e-20  0.000108696   2.0756e-18 -0.000181739 -1.72659e-17  -0.00053765    1.013e-16   0.00283608 -4.55069e-16  -0.00345026  1.50819e-15  -0.00518661  -3.5871e-15    0.0204064  5.91846e-15   -0.0228042 -6.10598e-15   0.00781625
