 1.44885e-10 -3.42152e-26 -2.55917e-09  9.37453e-25   1.6419e-08 -6.23702e-24 -5.80193e-08  1.53128e-23  1.26528e-07  5.24416e-24 -1.73674e-07 -1.01836e-22  1.39586e-07  1.29082e-22 -4.36608e-08  4.14338e-22 -2.17843e-08 -1.88214e-21   1.7629e-08  3.61569e-21  4.47563e-09 -4.29298e-21 -4.64007e-09  3.53705e-21 -1.75925e-09 -2.37158e-21  8.18962e-10  1.76842e-21  6.53618e-10 -1.65717e-21  1.86881e-11  1.53823e-21 -1.41844e-10 -1.20302e-21 -6.19875e-11  7.24186e-22  2.43977e-12 -2.68086e-22  1.35335e-11 -2.11196e-23  6.10896e-12  1.18307e-22   6.0992e-13 -9.86632e-23 -7.39818e-13  4.69058e-23 -4.87183e-13 -1.08383e-23  -1.4372e-13 -1.40587e-24 -5.55458e-15  2.21454e-24  1.67512e-14 -1.23427e-24  9.61871e-15  4.83263e-25  3.05557e-15 -4.15828e-26  5.11522e-16 -4.46984e-26 -5.73212e-17  3.70071e-27 -7.87515e-17  9.34074e-27 -3.37682e-17  -3.2308e-27 -9.73875e-18  4.90736e-28 -1.98489e-18 -6.36517e-28 -2.19198e-19  2.96693e-28  3.11882e-20  9.08156e-29  2.61681e-20 -4.77175e-29  9.06054e-21 -1.49006e-29  2.29856e-21  4.22566e-30  4.69998e-22  1.30336e-30  7.87342e-23 -2.42113e-31  1.04266e-23 -1.40252e-31  9.20644e-25  2.57293e-32 -6.63379e-27  2.93954e-32 -2.44578e-26   6.0249e-33 -6.51176e-27 -1.44339e-33 -1.20075e-27  -5.8749e-34 -1.79636e-28  6.86656e-35 -2.28843e-29  2.83784e-35 -2.53002e-30 -5.52392e-36 -2.44425e-31 -2.30022e-36 -2.06409e-32 -1.59222e-37 -1.51693e-33   5.3343e-38 -9.61871e-35   2.1685e-38 -5.18736e-36  3.05655e-39 -2.33013e-37 -1.65577e-40 -8.44113e-39 -9.53001e-41 -2.29436e-40   -8.062e-42 -4.29345e-42  1.50167e-43 -5.90737e-44  4.80741e-44   7.8608e-47  1.83899e-45  5.60637e-47  1.05745e-47
-3.42152e-26  3.77518e-09 -6.17501e-25 -3.75796e-08  1.15612e-23  1.81087e-07 -5.78725e-23 -5.19243e-07  8.98276e-23   9.4334e-07  2.09046e-22 -1.07177e-06 -1.03824e-21  6.64186e-07  9.77727e-22 -6.92484e-08  3.20052e-21 -1.69801e-07 -1.22697e-20  5.17458e-08  2.06433e-20  4.49352e-08 -2.14862e-20 -1.13601e-08  1.55612e-20 -1.35698e-08  -9.6831e-21 -1.67836e-10  7.48311e-21   3.2917e-09 -7.15624e-21  1.15854e-09  6.41935e-21 -3.05759e-10 -4.85292e-21  -3.8112e-10  2.83272e-21 -1.07164e-10 -9.71851e-22  2.53405e-11 -1.48856e-22  3.28609e-11  4.73522e-22  1.21155e-11 -3.58584e-22  6.60922e-13  1.52522e-22 -1.61747e-12 -2.81192e-23 -9.63266e-13 -5.82149e-24  -2.8208e-13  6.42882e-24 -2.02616e-14 -4.12723e-24  2.50659e-14    1.628e-24  1.56352e-14  6.64045e-26  5.37213e-15  -2.1074e-25  1.14519e-15 -1.22826e-26  6.31918e-17  3.11014e-26 -7.00062e-17 -1.48678e-27 -3.87124e-17 -4.72219e-29 -1.28079e-17 -2.78223e-27 -3.13313e-18   9.4276e-28 -5.66378e-19  4.32049e-28 -5.98502e-20 -1.41063e-28  5.06089e-21 -6.11414e-29  4.75755e-21  9.50701e-30  1.55027e-21  5.01536e-30  3.68187e-22 -5.46625e-31  7.14027e-23 -4.86738e-31  1.16945e-23  9.07207e-32  1.62417e-24  1.16542e-31  1.87239e-25  2.29223e-32  1.66431e-26 -5.51814e-33  8.21035e-28 -1.82603e-33 -6.33079e-29  3.10198e-34 -2.40567e-29  1.04542e-34 -4.00965e-30 -1.64269e-35 -4.96561e-31 -8.38713e-36 -5.02772e-32 -9.45525e-37 -4.29132e-33  1.52809e-37  -3.1159e-34  8.11299e-38 -1.92185e-35  1.10298e-38 -9.97017e-37 -4.92695e-40 -4.27077e-38  -2.7431e-40 -1.46374e-39 -2.22856e-41 -3.87893e-41  8.91009e-44 -7.66729e-43  8.00543e-44  -8.0671e-45  2.57892e-45   1.2166e-47
-2.55917e-09 -6.17501e-25  4.81307e-08 -6.35751e-24  -3.3053e-07  8.89928e-23  1.25929e-06 -3.41014e-22 -2.99326e-06  2.41427e-22  4.56352e-06  2.00541e-21 -4.25341e-06 -6.40062e-21  1.88388e-06  4.50483e-21  3.33709e-07  1.67251e-20 -6.58934e-07    -5.38e-20 -2.97952e-09  7.90383e-20   1.8582e-07 -7.16027e-20  1.73955e-08  4.52267e-20 -4.62113e-08 -2.66577e-20 -1.57981e-08   2.1965e-20  6.59442e-09 -2.10812e-20  6.08544e-09  1.81485e-20  9.02334e-10 -1.34065e-20 -9.41051e-10  7.67237e-21 -6.19312e-10 -2.45214e-21 -1.10595e-10 -5.43441e-22  6.21003e-11  1.28553e-21  5.18161e-11  -8.9155e-22  1.65945e-11  3.33198e-22  4.76532e-13 -4.42325e-23 -2.26573e-12 -1.26279e-23 -1.28604e-12  1.14643e-23 -3.86233e-13 -1.02663e-23 -4.46128e-14  3.99901e-24  2.16658e-14  7.43857e-25   1.6136e-14 -6.10081e-25   6.0628e-15 -1.24807e-25  1.52769e-15  7.06788e-26  2.23868e-16  2.12256e-26 -1.47499e-17 -2.42295e-27 -2.31314e-17 -8.59269e-27 -9.36622e-18  2.01773e-27 -2.63969e-18  1.30902e-27 -5.80418e-19 -2.78895e-28 -9.97406e-20 -1.71136e-28 -1.19517e-20  1.23257e-29 -3.22646e-22  1.35685e-29  3.20161e-22 -6.04098e-31  1.15678e-22 -1.22785e-30  2.68526e-23  2.35853e-31  4.96648e-24  3.21081e-31   7.7658e-25  5.86088e-32   1.0493e-25 -1.42885e-32  1.23304e-26 -3.77517e-33  1.25567e-27  9.60918e-34  1.09242e-28  2.83762e-34  7.85572e-30 -3.44091e-35  4.29361e-31  -2.2313e-35  1.25719e-32 -3.17505e-36 -6.22307e-34  3.27242e-37 -1.30032e-34   2.0688e-37 -1.17318e-35  2.67439e-38 -7.43199e-37  -9.3883e-40 -3.54725e-38 -5.26258e-40 -1.27245e-39 -4.08461e-41 -3.34748e-41 -2.34442e-43  -6.0192e-43  8.11755e-44 -3.80661e-45  1.76699e-45
 9.37453e-25 -3.75796e-08 -6.35751e-24  4.00256e-07 -4.59017e-23  -2.0762e-06  5.06138e-22  6.46334e-06 -1.48832e-21 -1.29214e-05 -2.39614e-22  1.65703e-05  1.19128e-20 -1.24198e-05 -2.88881e-20    3.226e-06  1.47937e-20  2.39699e-06  6.75572e-20 -1.56222e-06 -1.82972e-19 -5.42203e-07  2.33971e-19  4.33971e-07 -1.82566e-19  1.99558e-07  9.94408e-20 -7.63954e-08 -5.75094e-20 -7.14804e-08  5.16754e-20 -3.98098e-09  -4.8565e-20  1.55476e-08   4.0027e-20  7.23786e-09 -2.93709e-20 -2.11318e-10  1.66553e-20 -1.60805e-09 -4.99318e-21 -7.44265e-10  -1.3906e-21  -7.3161e-11  2.74821e-21  9.52933e-11 -1.75631e-21  6.28522e-11   5.5641e-22   1.8435e-11 -3.94388e-23   4.7473e-13 -1.29667e-23 -2.35084e-12  1.28337e-23 -1.32751e-12  -2.2329e-23 -4.17766e-13   8.1587e-24 -6.74066e-14  2.82676e-24  9.71149e-15 -1.30429e-24  1.16387e-14 -5.00159e-25  4.91511e-15  1.19496e-25  1.40812e-15  9.27482e-26  2.84821e-16 -5.34296e-27  3.06278e-17 -2.08298e-26 -4.87088e-18  3.29348e-27 -3.88165e-18  3.00545e-27 -1.33231e-18 -4.39982e-28 -3.36746e-19 -3.81632e-28 -6.87739e-20  8.11928e-30 -1.15475e-20  3.08133e-29 -1.54618e-21  2.64585e-31 -1.43162e-22 -2.57011e-30 -1.57298e-24  5.33725e-31   2.9603e-24  7.05578e-31  8.25897e-25  1.15317e-31  1.53209e-25 -2.97641e-32   2.2803e-26 -5.89164e-33  2.87461e-27  2.40948e-33    3.134e-28  6.51187e-34  2.97786e-29 -6.01476e-35  2.46785e-30 -4.94443e-35  1.77655e-31 -7.77855e-36  1.10162e-32  6.13264e-37  5.80716e-34  4.16346e-37  2.55295e-35  5.07124e-38  9.10806e-37 -1.29939e-39  2.54122e-38 -7.74691e-40  5.28547e-40 -5.65687e-41  6.77732e-42 -6.22106e-43   5.2806e-44  5.45811e-44  1.46011e-45
  1.6419e-08  1.15612e-23  -3.3053e-07 -4.59017e-23  2.44216e-06 -2.55861e-22 -1.00805e-05  2.30205e-21  2.62265e-05 -5.15169e-21 -4.45188e-05 -5.82568e-21  4.78789e-05  5.26298e-20 -2.77392e-05 -1.03655e-19  1.28349e-06  3.62578e-20  8.11444e-06  2.23066e-19 -2.02341e-06 -5.11848e-19 -2.26306e-06  5.67004e-19  4.70818e-07 -3.74976e-19  6.93706e-07  1.73215e-19  2.45355e-08 -1.04437e-19 -1.72328e-07  1.03091e-19 -6.39221e-08 -9.19493e-20  1.67813e-08  7.28718e-20  2.16385e-08  -5.4313e-20  6.07258e-09  3.07702e-20 -1.61963e-09 -8.74239e-21 -2.00888e-09 -2.77455e-21 -7.25902e-10  4.94062e-21 -2.32616e-11   -2.917e-21  1.09867e-10  7.27114e-22  6.29961e-11  1.06506e-23  1.77628e-11  1.54374e-23  8.13191e-13  4.05921e-24 -1.88532e-12 -4.49053e-23  -1.1066e-12  1.43682e-23 -3.69696e-13  7.59605e-24 -7.53065e-14 -2.19504e-24 -2.31014e-15 -1.39083e-24  5.60599e-15  1.40193e-25  2.89949e-15  2.44747e-25  9.36725e-16  -3.1649e-27  2.25245e-16 -4.14069e-26  3.98505e-17   4.2984e-27  3.96436e-18  5.61732e-27 -4.49575e-19 -6.43879e-28 -3.58037e-19 -7.30056e-28 -1.13516e-19 -2.05478e-30 -2.65631e-20  6.31844e-29 -5.09525e-21  3.06961e-30  -8.2723e-22 -4.60009e-30 -1.14184e-22  1.12101e-30 -1.31558e-23  1.30714e-30 -1.18861e-24   1.8102e-31 -6.57026e-26  -5.4445e-32  2.44816e-27 -7.06197e-33   1.3144e-27  5.21902e-33   2.2429e-28  1.32008e-33  2.75121e-29 -9.69177e-35  2.72349e-30 -9.55101e-35  2.25311e-31 -1.52922e-35  1.57289e-32  1.06429e-36  9.24112e-34  7.02826e-37  4.51632e-35  8.01564e-38  1.79785e-36 -1.30942e-39  5.65731e-38 -9.20594e-40  1.33017e-39 -6.15798e-41  2.07831e-41 -7.64079e-43  1.95881e-43  2.24087e-44
-6.23702e-24  1.81087e-07  8.89928e-23  -2.0762e-06 -2.55861e-22  1.16602e-05 -1.16755e-21 -3.96202e-05  8.80485e-21  8.75355e-05 -1.47792e-20 -0.000126846 -3.35555e-20  0.000113306  1.87009e-19 -4.66817e-05 -3.09692e-19 -1.21084e-05  6.44555e-20  1.85028e-05  6.22327e-19  7.65721e-07 -1.21685e-18 -5.53298e-06  1.15898e-18 -6.39961e-07 -6.32817e-19  1.44138e-06  2.41677e-19  5.14048e-07 -1.68419e-19 -2.20983e-07  1.78955e-19 -2.05733e-07 -1.45901e-19 -2.81036e-08  1.12884e-19  3.50415e-08 -8.78599e-20  2.22721e-08  4.99324e-20  3.49765e-09 -1.36797e-20 -2.64475e-09 -4.53885e-21 -2.03155e-09  7.78915e-21 -6.09925e-10 -4.23023e-21  1.13642e-11  6.92219e-22  1.02277e-10  1.21649e-22  5.40847e-11  1.08551e-22  1.52746e-11 -1.97915e-23  1.27073e-12 -8.45712e-23 -1.15678e-12   2.2069e-23 -7.51324e-13  1.66433e-23 -2.69251e-13 -2.92789e-24 -6.47042e-14  -3.0758e-24 -8.33783e-15  5.51847e-26  1.20159e-15  4.96884e-25  1.17209e-15  1.40952e-26  4.46385e-16 -6.92065e-26  1.22003e-16  4.73538e-27  2.61752e-17  8.87766e-27  4.37233e-18 -1.04318e-27  4.96393e-19 -1.25748e-27  5.34671e-21 -6.07226e-30 -1.58373e-20  1.19826e-28 -5.33603e-21  9.12395e-30  -1.2015e-21 -6.95984e-30 -2.17387e-22  2.23336e-30 -3.33465e-23  2.10316e-30 -4.42525e-24  2.20955e-31 -5.11105e-25 -9.26575e-32 -5.12185e-26 -5.87518e-33 -4.39835e-27  1.00715e-32 -3.14853e-28  2.39743e-33 -1.76114e-29 -1.55201e-34 -6.19331e-31 -1.64135e-34  6.89469e-33 -2.52877e-35  3.20794e-33  1.73494e-36  2.98506e-34  1.02936e-36  1.81653e-35  1.09375e-37  8.06401e-37 -8.07025e-40  2.62217e-38 -8.98338e-40  5.86167e-40 -5.28663e-41  7.77325e-42 -5.68025e-43   5.4734e-44
-5.80193e-08 -5.78725e-23  1.25929e-06  5.06138e-22 -1.00805e-05 -1.16755e-21  4.53768e-05 -4.54306e-21 -0.000129974  2.93762e-20  0.000246659 -3.65119e-20 -0.000305587 -1.31907e-19  0.000222278  5.58328e-19 -5.21257e-05 -7.93694e-19  -4.8644e-05  6.48251e-20  2.96832e-05  1.50086e-18  1.14987e-05 -2.51068e-18 -8.92037e-06   2.0314e-18 -4.25843e-06 -8.74685e-19  1.72347e-06  2.65062e-19  1.59739e-06 -2.53228e-19  5.26039e-08  2.72831e-19 -3.81525e-07 -1.94109e-19 -1.67732e-07  1.51704e-19  1.35718e-08 -1.27177e-19  4.31086e-08  7.24647e-20  1.84569e-08 -1.97277e-20  9.35819e-10 -6.25527e-21 -2.96079e-09  1.11425e-20 -1.75561e-09 -5.47151e-21 -4.62239e-10  2.69202e-22  2.13347e-11  2.86061e-22  7.93797e-11  3.08681e-22  4.04302e-11 -5.80206e-23  1.17812e-11 -1.48824e-22  1.51562e-12  2.94755e-23 -4.94335e-13    3.154e-23 -4.08578e-13 -2.86928e-24 -1.59834e-13 -5.74938e-24  -4.3458e-14 -2.48376e-25 -8.17564e-15  8.38125e-25 -6.61266e-16  5.70788e-26  2.37614e-16 -9.84448e-26  1.40692e-16  5.21059e-27  4.51192e-17  1.21388e-26  1.09818e-17 -1.99193e-27  2.17681e-18  -2.0175e-27  3.54678e-19  1.72946e-29  4.56798e-20  2.09679e-28  3.90378e-21  1.99517e-29  -3.5699e-23 -8.44569e-30 -1.00418e-22  4.22443e-30  -2.5762e-23  2.99068e-30  -4.5822e-24  1.74595e-31 -6.59854e-25 -1.51667e-31 -8.06682e-26 -9.86865e-34 -8.52759e-27  1.75891e-32 -7.84529e-28   3.9132e-33 -6.28017e-29 -2.55865e-34 -4.35284e-30 -2.53878e-34 -2.58831e-31 -3.61312e-35 -1.30207e-32  2.64301e-36 -5.43438e-34  1.33581e-36 -1.83214e-35  1.31584e-37 -4.79725e-37  1.36251e-40 -9.24382e-39 -7.16035e-40 -1.25871e-40 -3.49035e-41 -9.98381e-43 -2.38313e-43
 1.53128e-23 -5.19243e-07 -3.41014e-22  6.46334e-06  2.30205e-21 -3.96202e-05 -4.54306e-21  0.000148042 -1.55315e-20 -0.000363754  8.78836e-20  0.000597694 -8.10615e-20 -0.000631381 -4.11261e-19  0.000360098  1.44062e-18 -8.39635e-06 -1.78146e-18 -0.000115762 -5.96247e-20  2.87939e-05  3.18294e-18  3.38805e-05 -4.56155e-18 -7.74263e-06  3.07554e-18 -1.09532e-05 -9.52096e-19 -5.92333e-08  2.13036e-19  2.98205e-06 -3.69396e-19  1.00231e-06  3.64149e-19 -3.72291e-07 -2.11565e-19  -3.9788e-07  1.79533e-19  -9.4408e-08 -1.66916e-19  4.18924e-08  9.50558e-20  4.07225e-08 -2.70171e-20  1.29183e-08 -7.40092e-21 -7.03941e-10   1.4927e-20 -2.65383e-09  -6.3785e-21 -1.33984e-09 -7.07002e-22 -3.27282e-10  4.66893e-22  1.38912e-11  6.51318e-22   5.1847e-11 -1.02556e-22  2.63838e-11 -2.44155e-22  8.07398e-12  3.36009e-23  1.40106e-12  5.33659e-23 -8.09812e-14 -1.18943e-24 -1.68452e-13 -9.39365e-24 -7.53905e-14 -8.89387e-25 -2.27771e-14  1.21433e-24 -5.16357e-15  1.30268e-25 -8.35694e-16 -1.18865e-25 -5.87868e-17  7.91492e-27  1.91337e-17  1.45952e-26  1.01078e-17 -4.01173e-27  2.93238e-18 -3.07787e-27  6.54015e-19  8.52326e-29  1.21012e-19  3.34749e-28  1.90194e-20  3.69769e-29   2.5393e-21 -6.78864e-30  2.81366e-22  7.53695e-30  2.40144e-23  3.79019e-30  1.13956e-24 -3.77141e-32 -8.16953e-26 -2.40685e-31 -2.97593e-26  8.68609e-33 -4.68684e-27  2.80242e-32  -5.4427e-28  5.73443e-33 -5.12397e-29 -4.28416e-34 -4.02501e-30  -3.5652e-34  -2.6552e-31  -4.5365e-35 -1.46317e-32  3.72242e-36  -6.6391e-34  1.55635e-36 -2.42018e-35  1.41263e-37 -6.81566e-37  1.21028e-39 -1.39313e-38 -4.52457e-40 -1.86013e-40 -1.65711e-41 -1.01228e-42
 1.26528e-07  8.98276e-23 -2.99326e-06 -1.48832e-21  2.62265e-05  8.80485e-21 -0.000129974 -1.55315e-20  0.000413374 -4.76708e-20 -0.000882958  2.40398e-19   0.00126253 -1.70048e-19  -0.00112806  -1.0791e-18   0.00046704  3.27715e-18  0.000131511 -3.55576e-18 -0.000202866 -4.99695e-19 -5.49013e-06  6.01641e-18  6.48334e-05 -7.37405e-18   5.4158e-06  4.01328e-18 -1.84943e-05 -6.95701e-19 -5.74396e-06  9.98441e-20  3.43005e-06 -5.32061e-19   2.7109e-06  4.17779e-19  1.95336e-07 -1.74372e-19 -5.72633e-07  1.89873e-19 -3.10895e-07 -1.99372e-19 -2.67459e-08  1.13543e-19  5.10722e-08 -3.61883e-20   3.2247e-08  -7.7252e-21  7.93027e-09  1.92633e-20  -1.2908e-09 -6.69112e-21 -2.01662e-09 -2.33064e-21 -9.20942e-10  6.06539e-22 -2.20689e-10  1.15242e-21  1.60282e-12 -1.40214e-22  2.82013e-11 -3.74149e-22  1.48991e-11  3.07899e-23  4.83317e-12  8.22107e-23  1.02836e-12  2.95682e-24  8.23254e-14 -1.36847e-23 -4.39275e-14 -1.94364e-24 -2.67023e-14  1.53002e-24 -9.11021e-15  2.24848e-25 -2.33144e-15 -1.18185e-25 -4.70571e-16  1.67995e-26 -7.22586e-17  1.57027e-26 -6.62238e-18 -7.60815e-27  4.60952e-19 -4.49914e-27   3.9007e-19  1.90417e-28  1.11936e-19  4.81903e-28  2.34852e-20  6.09886e-29   4.0508e-21  1.12886e-30  5.97238e-22   1.2599e-29  7.63903e-23  4.27147e-30  8.50395e-24 -4.96956e-31  8.19749e-25 -3.66562e-31  6.74322e-26  2.39788e-32  4.58764e-27  4.08847e-32  2.39604e-28  7.51211e-33   7.3147e-30 -7.02489e-34 -1.77446e-31  -4.5806e-34 -4.47767e-32  -5.0641e-35 -3.69415e-33  4.79676e-36 -2.03223e-34  1.63959e-36 -8.10082e-36  1.35993e-37 -2.31902e-37  2.00462e-39 -4.52436e-39 -2.10648e-40 -5.14772e-41 -4.73592e-42
 5.24416e-24   9.4334e-07  2.41427e-22 -1.29214e-05 -5.15169e-21  8.75355e-05  2.93762e-20 -0.000363754 -4.76708e-20   0.00100375 -1.33281e-19  -0.00188317  6.08359e-19    0.0023488 -3.53212e-19  -0.00174705 -2.46169e-18  0.000432428  6.67153e-18  0.000400915 -6.38471e-18 -0.000269359 -1.54865e-18  -9.3476e-05   1.0248e-17  8.90279e-05 -1.06831e-17  3.66055e-05  4.43479e-18 -2.05365e-05  -2.0525e-21 -1.56735e-05  7.01544e-21  8.74918e-07 -7.49211e-19  4.50178e-06  3.91889e-19  1.60972e-06 -7.42293e-20 -3.80585e-07  1.82641e-19 -5.54089e-07 -2.14852e-19 -1.93786e-07  1.24573e-19  1.44858e-08 -4.84779e-20  4.58915e-08 -7.62431e-21  2.24326e-08  2.44245e-20  4.45211e-09 -6.19584e-21 -1.17182e-09 -4.58362e-21 -1.33255e-09  6.51453e-22 -5.75057e-10   1.8033e-21 -1.41494e-10 -1.57799e-22 -6.82866e-12 -5.38358e-22  1.22806e-11   1.7513e-23  7.13267e-12  1.16774e-22  2.47213e-12  1.01954e-23  6.05845e-13 -1.79778e-23  9.50666e-14 -3.39345e-24  4.35045e-16  1.66565e-24 -6.02167e-15   3.1489e-25  -2.6121e-15 -8.60278e-26 -7.54222e-16  3.69544e-26 -1.71671e-16  1.56345e-26 -3.20708e-17  -1.2965e-26 -4.88092e-18 -6.28688e-27 -5.64138e-19  2.84609e-28 -3.46276e-20  6.18562e-28  4.26138e-21  9.18047e-29  1.96241e-21  1.85906e-29  4.26123e-22  1.96513e-29   6.9876e-23  4.19153e-30  9.49558e-24  -1.2584e-30  1.10467e-24 -5.27072e-31  1.11419e-25  4.54279e-32  9.77693e-27  5.46553e-32  7.44751e-28   8.7129e-33  4.89235e-29 -1.09408e-33  2.74146e-30 -5.42461e-34  1.28982e-31 -5.07357e-35  4.98177e-33  5.60622e-36  1.52802e-34  1.56465e-36  3.52552e-36  1.17195e-37  5.45249e-38  2.22275e-39  3.55286e-40  -5.9024e-41 -1.83218e-42
-1.73674e-07  2.09046e-22  4.56352e-06 -2.39614e-22 -4.45188e-05 -1.47792e-20  0.000246659  8.78836e-20 -0.000882958 -1.33281e-19    0.0021467 -3.42379e-19  -0.00356652   1.4316e-18   0.00387827 -7.41368e-19  -0.00233247 -4.98775e-18  0.000121164  1.22979e-17  0.000783588 -1.04051e-17  -0.00024684 -3.56661e-18 -0.000237256  1.58747e-17  7.93629e-05 -1.39296e-17  8.37275e-05  3.92335e-18 -8.01391e-06  1.08047e-18 -2.66877e-05  7.00908e-20 -6.46253e-06  -1.0041e-18    4.741e-06  2.54175e-19  3.65924e-06   6.9721e-20  5.13803e-07  1.62899e-19 -6.00685e-07 -2.02765e-19 -4.20383e-07  1.27602e-19 -9.77327e-08 -6.53362e-20  2.93539e-08 -8.24283e-21  3.43109e-08  3.06224e-20  1.41444e-08 -4.79805e-21  2.41066e-09 -7.32854e-21 -7.77402e-10  5.82624e-22 -7.72103e-10  2.57627e-21 -3.25692e-10 -1.46645e-22 -8.46046e-11 -7.31929e-22 -9.16502e-12  -8.9017e-24  3.80734e-12  1.54199e-22  2.78577e-12  2.07166e-23  1.05023e-12 -2.13904e-23  2.85745e-13 -5.10226e-24  5.78648e-14  1.50383e-24  7.49685e-15  3.59078e-25 -1.22284e-16 -1.79464e-26 -4.33321e-16  7.32048e-26 -1.61725e-16  1.55625e-26 -4.16755e-17 -1.96339e-26 -8.64066e-18 -8.33703e-27 -1.50698e-18  2.78916e-28 -2.23628e-19  6.97624e-28 -2.79637e-20  1.28834e-28 -2.82947e-21  4.81599e-29 -2.02215e-22   2.8561e-29  -3.0674e-24   3.3397e-30  2.00296e-24 -2.32057e-30  4.26625e-25 -7.05003e-31  5.78093e-26  7.28248e-32  6.12342e-27  6.68154e-32    5.348e-28  8.75693e-33  3.91356e-29 -1.59134e-33  2.40042e-30 -5.96412e-34  1.22218e-31 -4.60586e-35  5.06687e-33  5.89745e-36   1.6558e-34  1.34848e-36  4.03301e-36  8.96328e-38  6.51064e-38  1.84694e-39   4.9948e-40 -1.87936e-42
-1.01836e-22 -1.07177e-06  2.00541e-21  1.65703e-05 -5.82568e-21 -0.000126846 -3.65119e-20  0.000597694  2.40398e-19  -0.00188317 -3.42379e-19   0.00408665 -8.11618e-19   -0.0060514  3.13506e-18   0.00571471 -1.54842e-18   -0.0026297 -9.11757e-18 -0.000565799  2.07217e-17   0.00118794 -1.54944e-17 -6.30804e-05 -6.89393e-18  -0.00040494  2.25389e-17  7.16114e-06 -1.63606e-17  0.000131168  2.22349e-18  2.59837e-05  2.32011e-18 -3.15362e-05   4.2488e-19 -1.82391e-05  -1.2422e-18  1.37775e-06  9.58004e-22  5.32213e-06  2.09506e-19  2.16621e-06  1.35335e-19 -1.60989e-07 -1.53999e-19 -5.62329e-07  1.26154e-19 -2.69874e-07 -8.75598e-20 -3.89082e-08 -1.10911e-20  2.77794e-08  3.77503e-20  2.24152e-08  -2.6236e-21  8.26117e-09 -1.03516e-20  1.32767e-09  4.33954e-22 -3.98329e-10  3.43707e-21 -3.90385e-10 -1.03598e-22 -1.65492e-10  -9.4539e-22 -4.58708e-11 -4.97328e-23 -7.40569e-12  1.90283e-22  4.20463e-13  3.41694e-23  8.17776e-13 -2.29665e-23  3.55017e-13 -6.83308e-24   1.0605e-13  9.53524e-25  2.45911e-14  3.07492e-25  4.44611e-15   8.1613e-26   5.6241e-16  1.28206e-25  1.81692e-17  1.75766e-26 -1.53913e-17 -2.63948e-26 -5.86396e-18 -1.04139e-26 -1.41405e-18  6.53318e-29 -2.70409e-19  6.72847e-28 -4.36041e-20  1.72828e-28 -6.06707e-21   9.0952e-29 -7.34026e-22  3.87087e-29 -7.71036e-23  1.59503e-30  -6.9613e-24  -3.5991e-30 -5.28075e-25 -8.67182e-31 -3.20039e-26  1.04368e-31 -1.33956e-27  7.42965e-32 -1.11526e-29  7.22836e-33   4.1951e-30  -2.1462e-33  4.63191e-31   -6.128e-34  3.04873e-32 -3.83516e-35   1.4337e-33  5.54218e-36  4.89879e-35  1.04172e-36  1.15322e-36  5.98121e-38  1.56751e-38  1.13875e-39  6.26985e-41
 1.39586e-07 -1.03824e-21 -4.25341e-06  1.19128e-20  4.78789e-05 -3.35555e-20 -0.000305587 -8.10615e-20   0.00126253  6.08359e-19  -0.00356652 -8.11618e-19   0.00698813 -1.77874e-18  -0.00926964  6.38158e-18   0.00753844 -3.11567e-18  -0.00235478 -1.52233e-17  -0.00162125  3.21652e-17   0.00145455 -2.11883e-17  0.000318468 -1.17312e-17 -0.000528899  2.95292e-17 -0.000140425 -1.72355e-17  0.000150958 -6.27241e-19  7.97478e-05  3.35332e-18 -2.11193e-05  1.13553e-18 -3.05625e-05 -1.37307e-18 -6.74886e-06  -3.2988e-19  4.92863e-06  2.80659e-19  4.05654e-06  9.77909e-20  9.19402e-07 -6.45135e-20 -4.07365e-07  1.27237e-19 -4.15109e-07 -1.14301e-19 -1.53128e-07 -1.72151e-20 -1.10324e-08  4.52844e-20  1.98489e-08 -9.93118e-23  1.31025e-08 -1.34467e-20  4.52322e-09  2.82668e-22   7.5756e-10  4.35464e-21 -1.49413e-10 -2.83986e-23 -1.69005e-10 -1.16437e-21  -7.3981e-11 -1.04458e-22 -2.18873e-11  2.20187e-22 -4.44692e-12  4.97559e-23 -4.00428e-13 -2.18644e-23   1.3625e-13  -8.3071e-24  8.76233e-14  -3.5022e-26  2.97261e-14  1.10968e-25  7.60198e-15   1.9788e-25  1.57636e-15  2.00509e-25  2.67537e-16  2.41416e-26  3.56589e-17 -3.14465e-26  3.08953e-18 -1.22001e-26 -5.86764e-20 -4.48965e-28 -9.47028e-20  5.19436e-28 -2.46677e-20  2.27999e-28 -4.51248e-21  1.46243e-28 -6.70073e-22  4.90206e-29 -8.45151e-23 -1.00201e-30 -9.21614e-24 -4.91757e-30 -8.74263e-25 -9.71144e-31 -7.21271e-26  1.35904e-31 -5.14989e-27  7.43375e-32 -3.15358e-28  4.07564e-33 -1.63368e-29 -2.67738e-33 -7.01908e-31 -5.91514e-34  -2.4293e-32 -2.97838e-35 -6.47205e-34  4.61488e-36 -1.23084e-35   7.1248e-37 -1.49555e-37  3.37892e-38 -1.23014e-39  4.61419e-40
 1.29082e-22  6.64186e-07 -6.40062e-21 -1.24198e-05  5.26298e-20  0.000113306 -1.31907e-19 -0.000631381 -1.70048e-19    0.0023488   1.4316e-18   -0.0060514 -1.77874e-18    0.0108212 -3.60713e-18   -0.0129081  1.20585e-17   0.00890376 -5.87698e-18  -0.00130618 -2.34511e-17  -0.00289214  4.62954e-17   0.00140461 -2.67024e-17  0.000863658 -1.80255e-17 -0.000524835  3.59154e-17  -0.00034482 -1.60598e-17  0.000112566 -4.27189e-18  0.000138902  3.80039e-18  1.07011e-05  2.14151e-18  -3.6318e-05 -1.29008e-18 -1.84604e-05 -6.59645e-19  9.44401e-07  2.24525e-19  5.06466e-06    3.837e-20  2.42999e-06  6.10643e-20   1.9954e-07  1.38565e-19 -3.94112e-07 -1.42571e-19 -2.63124e-07 -2.62605e-20 -7.95531e-08  5.24678e-20 -1.31142e-09  2.06807e-21  1.17673e-08 -1.65006e-20  6.91753e-09  2.10411e-22   2.3224e-09  5.30007e-21  4.32738e-10  7.93066e-23 -2.86065e-11 -1.37003e-21 -6.01242e-11 -1.70475e-22 -2.82586e-11  2.39614e-22 -8.91672e-12   6.6561e-23 -2.08715e-12  -1.7493e-23 -3.38101e-13 -9.27236e-24   -1.772e-14 -1.46332e-24  1.17375e-14 -2.69246e-25  5.66312e-15  3.06142e-25  1.65108e-15  2.83242e-25  3.75628e-16  3.71563e-26   7.1096e-17 -3.29712e-26  1.14093e-17 -1.34299e-26  1.54587e-18 -1.31209e-27  1.71325e-19  2.49896e-28   1.3994e-20  3.02653e-28  4.55201e-22   2.1132e-28 -1.04156e-22  5.81678e-29 -2.74232e-23 -4.18014e-30 -4.13833e-24 -6.02741e-30 -4.79254e-25 -9.78603e-31 -4.55799e-26  1.61002e-31 -3.63719e-27  6.54779e-32 -2.44436e-28 -2.93629e-34 -1.37442e-29 -3.08659e-33 -6.36629e-31 -5.37939e-34  -2.3655e-32 -2.20126e-35 -6.74734e-34  3.37165e-36 -1.37046e-35   4.2343e-37 -1.73519e-37  1.52573e-38 -9.94272e-40
-4.36608e-08  9.77727e-22  1.88388e-06 -2.88881e-20 -2.77392e-05  1.87009e-19  0.000222278 -4.11261e-19  -0.00112806 -3.53212e-19   0.00387827  3.13506e-18  -0.00926964 -3.60713e-18    0.0152896 -6.77384e-18   -0.0164457  2.11395e-17   0.00937261  -1.0235e-17  0.000533277 -3.36083e-17  -0.00410131  6.21253e-17  0.000911736 -3.10869e-17   0.00145927 -2.54126e-17 -0.000326071  4.07793e-17 -0.000552591 -1.27426e-17 -2.03096e-06 -8.12774e-18  0.000178348  3.38855e-18  6.19854e-05  3.25214e-18  -2.7778e-05 -9.02078e-19 -2.96462e-05 -8.84857e-19 -6.91297e-06  1.16517e-20  3.88021e-06 -6.10055e-20   3.7112e-06  2.07664e-19  1.19893e-06  1.64445e-19 -8.97666e-08 -1.67758e-19 -2.84643e-07 -3.59408e-20 -1.49356e-07  5.87162e-20 -3.91572e-08  3.06545e-21  5.49453e-10 -1.95293e-20  5.94688e-09  2.53125e-22  3.29269e-09  6.23399e-21  1.10524e-09  2.19328e-22  2.33232e-10 -1.54162e-21   1.0937e-11 -2.43261e-22 -1.59451e-11  2.46113e-22 -8.81144e-12  8.40311e-23 -2.99578e-12 -9.54228e-24  -7.7125e-13 -9.54055e-24 -1.54758e-13 -3.27662e-24 -2.25184e-14 -8.51859e-25 -1.40922e-15  3.74725e-25  4.45111e-16  3.64227e-25  2.13617e-16  5.69034e-26   5.7126e-17  -2.9925e-26   1.1819e-17 -1.40652e-26  2.04347e-18 -2.51724e-27  3.03625e-19 -8.39741e-29  3.91532e-20  4.06671e-28  4.38032e-21  2.81414e-28  4.21155e-22  6.48946e-29  3.40195e-23 -7.41032e-30  2.19198e-24 -6.66171e-30  9.64465e-26 -8.70938e-31  5.55486e-28   1.7232e-31 -3.95347e-28  4.82854e-32 -4.63309e-29 -5.08237e-33 -3.34403e-30 -3.28478e-33 -1.75821e-31 -4.60646e-34 -6.87131e-33 -1.57397e-35 -1.92649e-34  2.13424e-36 -3.53134e-36  2.12209e-37 -3.48283e-38  4.77362e-39
 4.14338e-22 -6.92484e-08  4.50483e-21    3.226e-06 -1.03655e-19 -4.66817e-05  5.58328e-19  0.000360098  -1.0791e-18  -0.00174705 -7.41368e-19   0.00571471  6.38158e-18   -0.0129081 -6.77384e-18    0.0198577 -1.17926e-17   -0.0192904   3.4394e-17   0.00866926 -1.63655e-17   0.00295955 -4.51075e-17  -0.00492881  7.81012e-17 -3.78902e-05 -3.34875e-17   0.00194044 -3.32522e-17  8.30638e-05  4.34623e-17 -0.000688746 -7.61083e-18 -0.000185472  -1.1553e-17  0.000170701  2.02475e-18  0.000120367  4.19161e-18 -5.99108e-07 -1.65551e-19 -3.42418e-05 -9.03536e-19 -1.68633e-05 -3.43138e-19 -2.60075e-07  -2.1522e-19  3.84631e-06  3.51373e-19  2.23512e-06  2.02119e-19  4.94287e-07 -1.85164e-19 -1.42847e-07  -4.2318e-20 -1.72887e-07  6.40192e-20 -7.78145e-08  2.26624e-21  -1.8809e-08 -2.26297e-20   1.8665e-10  3.69065e-22  2.55498e-09  7.09121e-21  1.39583e-09  3.85244e-22  4.77254e-10 -1.66205e-21  1.12572e-10 -3.17453e-22   1.4364e-11  2.39951e-22 -2.10829e-12  1.02379e-22 -2.05004e-12  2.08556e-24 -7.89179e-13 -8.96662e-24 -2.20418e-13 -5.34726e-24 -4.92908e-14 -1.62478e-24 -8.98084e-15  3.71803e-25 -1.28728e-15  4.28255e-25 -1.22518e-16  8.13714e-26  9.20359e-19 -2.27288e-26  3.72143e-18 -1.44254e-26  1.05498e-18 -4.01185e-27  2.06285e-19 -4.05455e-28  3.26026e-20  5.45968e-28  4.37194e-21  3.49835e-28  5.07018e-22  6.84034e-29  5.12095e-23 -9.96395e-30  4.50668e-24 -6.61241e-30   3.4414e-25 -6.59661e-31   2.2615e-26  1.64067e-31   1.2627e-27  2.54636e-32  5.88012e-29 -9.32703e-33  2.22329e-30 -3.22046e-33  6.56109e-32  -3.6963e-34  1.42599e-33 -1.08916e-35  2.10961e-35  1.15015e-36   1.8942e-37  8.48315e-38  4.24402e-40
-2.17843e-08  3.20052e-21  3.33709e-07  1.47937e-20  1.28349e-06 -3.09692e-19 -5.21257e-05  1.44062e-18   0.00046704 -2.46169e-18  -0.00233247 -1.54842e-18   0.00753844  1.20585e-17   -0.0164457 -1.17926e-17    0.0238868   -1.906e-17   -0.0209647  5.19926e-17   0.00678174 -2.40297e-17   0.00559872 -5.69811e-17  -0.00511663  9.23875e-17  -0.00132745 -3.34308e-17   0.00214328 -4.07667e-17   0.00065169  4.37328e-17 -0.000682133 -1.27623e-18 -0.000401492 -1.40081e-17  9.78869e-05 -2.04947e-19  0.000165423  4.67286e-18  4.27586e-05  8.92852e-19 -2.66512e-05 -6.43391e-19 -2.51729e-05  -7.7963e-19 -6.87793e-06 -4.24687e-19  2.10345e-06  4.64662e-19     2.74e-06  2.40508e-19  1.17526e-06  -1.9199e-19  1.70335e-07 -4.09401e-20 -1.08256e-07  6.90751e-20 -9.22243e-08 -4.75917e-22 -3.76892e-08 -2.58626e-20 -8.93104e-09  4.48174e-22 -2.49072e-10  7.77617e-21  9.05161e-10  5.56477e-22  5.14796e-10 -1.72548e-21   1.8179e-10 -3.89074e-22   4.6832e-11  2.23976e-22  8.43808e-12  1.22628e-22   6.1573e-13  1.73683e-23 -2.62047e-13 -7.38533e-24 -1.46811e-13 -7.45357e-24 -4.63023e-14 -2.53335e-24 -1.12274e-14  2.76421e-25 -2.24989e-15  4.61636e-25 -3.80474e-16  1.06427e-25 -5.40385e-17 -1.34817e-26 -6.21767e-18 -1.51706e-26 -5.11367e-19 -5.71139e-27 -1.13639e-20 -6.37331e-28  5.81547e-21  7.16571e-28  1.45187e-21  4.08729e-28  2.26105e-22  6.86939e-29  2.75356e-23 -1.10714e-29  2.77981e-24 -5.80515e-30   2.3719e-25  -3.8609e-31  1.71719e-26  1.34594e-31  1.04935e-27  1.21625e-33  5.34355e-29 -1.21932e-32  2.21944e-30 -2.89891e-33  7.27305e-32 -2.75329e-34  1.78545e-33 -7.12534e-36  3.00525e-35  5.13622e-37  2.79865e-37   2.3523e-38
-1.88214e-21 -1.69801e-07  1.67251e-20  2.39699e-06  3.62578e-20 -1.21084e-05 -7.93694e-19 -8.39635e-06  3.27715e-18  0.000432428 -4.98775e-18   -0.0026297 -3.11567e-18   0.00890376  2.11395e-17   -0.0192904   -1.906e-17     0.026829 -2.86499e-17   -0.0212514  7.31411e-17   0.00396185 -3.25073e-17   0.00802225 -6.79623e-17  -0.00454888   1.0329e-16  -0.00274138 -3.10216e-17   0.00195878 -4.72531e-17   0.00127239  4.18104e-17 -0.000491754  5.58044e-18 -0.000593268  -1.5148e-17 -3.94212e-05 -3.08931e-18  0.000175297  4.46983e-18  9.21197e-05  2.16899e-18 -4.59632e-06 -8.41411e-20 -2.73595e-05 -1.20528e-18 -1.40371e-05 -6.67472e-19 -1.57464e-06  5.23871e-19  2.18308e-06  2.62355e-19  1.62842e-06 -1.88812e-19   5.6171e-07 -2.84491e-20  4.97617e-08  7.50334e-20 -6.18097e-08 -4.67627e-21 -4.39165e-08 -2.91227e-20 -1.69892e-08   3.6521e-22  -4.1368e-09  8.17844e-21 -3.47667e-10  6.93806e-22  2.42652e-10 -1.74399e-21   1.5882e-10 -4.58418e-22  5.89964e-11  2.02222e-22  1.62788e-11  1.46106e-22   3.4666e-12  3.61684e-23   5.2972e-13 -4.55936e-24  3.29027e-14 -9.27261e-24 -1.25956e-14 -3.47141e-24 -6.16778e-15  9.15706e-26 -1.72166e-15  4.57972e-25 -3.72871e-16  1.27016e-25 -6.74913e-17 -5.46903e-27 -1.04878e-17 -1.70863e-26 -1.41154e-18 -7.49998e-27 -1.64192e-19  -7.2469e-28 -1.62901e-20   9.0222e-28 -1.33494e-21  4.50813e-28 -8.31505e-23   6.6729e-29 -2.77604e-24 -1.01483e-29  1.57423e-25 -4.33978e-30  3.77059e-26 -1.09088e-31  3.92093e-27  8.78415e-32  2.88653e-28 -1.99435e-32  1.62564e-29 -1.32284e-32  7.05524e-31  -2.3836e-33  2.29987e-32 -1.87736e-34  5.31363e-34 -4.22016e-36    7.701e-36  1.80807e-37  4.60746e-38
  1.7629e-08 -1.22697e-20 -6.58934e-07  6.75572e-20  8.11444e-06  6.44555e-20  -4.8644e-05 -1.78146e-18  0.000131511  6.67153e-18  0.000121164 -9.11757e-18  -0.00235478 -5.87698e-18   0.00937261   3.4394e-17   -0.0209647 -2.86499e-17    0.0283892   -4.012e-17   -0.0202389  9.59176e-17  0.000630471 -4.07345e-17   0.00987131 -7.66254e-17  -0.00327547  1.09695e-16  -0.00402992 -2.69569e-17   0.00136547 -5.23013e-17   0.00181158  3.82382e-17 -0.000122762  1.24112e-17 -0.000700288 -1.48291e-17 -0.000218891 -6.35575e-18  0.000134913  3.46638e-18  0.000131967  3.49044e-18  2.89794e-05  7.30946e-19 -2.00739e-05 -1.51811e-18 -1.88392e-05 -8.99077e-19 -6.31053e-06  5.16381e-19  3.79607e-07  2.49313e-19  1.52474e-06 -1.79759e-19  8.56123e-07 -4.00413e-21  2.52688e-07  8.29373e-20  1.42006e-08 -9.29848e-21 -2.88449e-08 -3.20639e-20 -1.86742e-08  5.58483e-23 -7.05214e-09  8.20771e-21  -1.8067e-09  7.43446e-22  -2.5256e-10 -1.74962e-21  3.47438e-11 -5.32392e-22  3.80463e-11  1.77646e-22  1.55591e-11  1.73447e-22  4.57232e-12   5.8077e-23  1.06817e-12 -2.04482e-25  2.01317e-13 -1.04106e-23  2.91954e-14 -4.28267e-24  2.55502e-15 -1.45857e-25 -1.59208e-16  4.22915e-25 -1.32306e-16  1.39039e-25 -3.61545e-17 -2.04619e-27 -7.19919e-18 -2.07187e-26 -1.17648e-18 -9.21387e-27   -1.642e-19 -6.45793e-28 -1.98904e-20  1.07817e-27 -2.10323e-21  4.71805e-28 -1.94085e-22  6.42941e-29 -1.55565e-23 -7.01414e-30 -1.07337e-24  -2.4751e-30 -6.28713e-26  1.14431e-31 -3.06166e-27  3.27458e-32 -1.20058e-28 -3.45066e-32 -3.59572e-30 -1.24746e-32  -7.4076e-32 -1.77726e-33 -7.48618e-34 -1.14984e-34  7.08152e-36 -2.13749e-36  3.06795e-37  4.40693e-38
 3.61569e-21  5.17458e-08    -5.38e-20 -1.56222e-06  2.23066e-19  1.85028e-05  6.48251e-20 -0.000115762 -3.55576e-18  0.000400915  1.22979e-17 -0.000565799 -1.52233e-17  -0.00130618  -1.0235e-17   0.00866926  5.19926e-17   -0.0212514   -4.012e-17    0.0285864 -5.24156e-17   -0.0182528  1.17444e-16  -0.00276032 -4.76361e-17    0.0109386 -8.15785e-17   -0.0014786  1.11396e-16   -0.0049765 -2.23307e-17  0.000430752 -5.59382e-17   0.00214661  3.36575e-17  0.000373365  1.89079e-17 -0.000676844 -1.30566e-17 -0.000401374 -9.70878e-18  4.23847e-05  1.67628e-18  0.000146328  4.64112e-18  6.59581e-05  1.69668e-18 -2.83517e-06  -1.6327e-18 -1.85053e-05 -1.06122e-18 -1.04542e-05  4.44765e-19 -2.30901e-06  1.88149e-19  7.09955e-07 -1.71214e-19  8.71497e-07  3.00776e-20  4.10638e-07  9.31239e-20  1.10151e-07 -1.30476e-20   5.9525e-09 -3.41258e-20 -1.10938e-08 -4.17215e-22 -6.99978e-09  7.83635e-21 -2.63994e-09  6.51019e-22 -7.14183e-10 -1.78932e-21 -1.31584e-10 -6.24843e-22 -7.80347e-12  1.49875e-22  5.71652e-12  2.03436e-22  3.06608e-12  8.21182e-23   9.8725e-13  5.87501e-24  2.46576e-13 -1.04835e-23  5.08655e-14  -4.7797e-24  8.80048e-15 -3.64632e-25  1.25978e-15  3.75303e-25  1.40349e-16  1.41125e-25  9.39802e-18 -5.30453e-27 -5.00764e-19 -2.60068e-26 -3.05658e-19 -1.06236e-26 -6.41704e-20 -4.07813e-28 -9.78879e-21  1.22038e-27 -1.21546e-21  4.72467e-28 -1.27401e-22  6.34792e-29 -1.14165e-23 -2.01735e-30 -8.76172e-25 -5.59146e-31 -5.72885e-26  2.47868e-31 -3.15544e-27 -1.94136e-32 -1.43776e-28 -4.09063e-32 -5.27191e-30  -1.0402e-32 -1.48966e-31 -1.18958e-33 -3.00495e-33 -6.16639e-35 -3.66559e-35 -8.55922e-37 -1.60942e-37
 4.47563e-09  2.06433e-20 -2.97952e-09 -1.82972e-19 -2.02341e-06  6.22327e-19  2.96832e-05 -5.96247e-20 -0.000202866 -6.38471e-18  0.000783588  2.07217e-17  -0.00162125 -2.34511e-17  0.000533277 -1.63655e-17   0.00678174  7.31411e-17   -0.0202389 -5.24156e-17    0.0276981 -6.39363e-17   -0.0157227    1.344e-16  -0.00584559 -5.25345e-17    0.0111856 -8.16972e-17  0.000593481  1.09186e-16  -0.00544318 -1.82867e-17  -0.00071386 -5.86356e-17   0.00219552  2.85727e-17  0.000912689  2.49811e-17 -0.000505347 -9.92244e-18 -0.000541416 -1.28365e-17 -8.88788e-05 -7.59838e-19   0.00012429  5.39867e-18  9.51817e-05   2.6613e-18  2.11897e-05  -1.5019e-18 -1.16055e-05 -1.09734e-18 -1.21569e-05  3.26194e-19 -5.01329e-06  7.56721e-20  -6.6986e-07 -1.69577e-19  5.16172e-07  6.87116e-20  4.32765e-07  1.04857e-19  1.82479e-07 -1.47681e-20  4.71526e-08 -3.46559e-20  3.81238e-09 -8.37066e-22  -3.3756e-09   7.1326e-21 -2.25095e-09  3.81915e-22 -8.65344e-10 -1.91282e-21 -2.45725e-10 -7.53936e-22 -5.28828e-11  1.14046e-22 -7.67357e-12  2.32228e-22 -1.58256e-13  1.06445e-22  3.50526e-13  1.35717e-23  1.47228e-13 -9.23343e-24   4.0547e-14 -4.78204e-24  8.89639e-15 -4.72371e-25  1.64384e-15  3.43096e-25  2.60939e-16  1.35438e-25  3.57203e-17 -1.50747e-26  4.17985e-18 -3.20951e-26  4.06948e-19  -1.1441e-26    3.067e-20  -3.2532e-29  1.34782e-21  1.31578e-27 -5.78125e-23  4.58903e-28 -2.09174e-23  6.58819e-29 -2.77786e-24  3.99816e-30  -2.6173e-25  1.06991e-30  -1.9312e-26  2.84421e-31 -1.14138e-27 -5.86736e-32 -5.37381e-29 -3.97441e-32 -1.96508e-30 -7.70517e-33 -5.30446e-32 -7.04638e-34  -9.5341e-34 -2.79009e-35 -8.80803e-36  -2.3147e-37
-4.29298e-21  4.49352e-08  7.90383e-20 -5.42203e-07 -5.11848e-19  7.65721e-07  1.50086e-18  2.87939e-05 -4.99695e-19 -0.000269359 -1.04051e-17   0.00118794  3.21652e-17  -0.00289214 -3.36083e-17   0.00295955 -2.40297e-17   0.00396185  9.59176e-17   -0.0182528 -6.39363e-17    0.0261304 -7.27744e-17   -0.0130501  1.43741e-16  -0.00840761 -5.54649e-17    0.0107065  -7.6361e-17    0.0026939   1.0469e-16  -0.00538448  -1.5642e-17  -0.00190958  -6.1163e-17   0.00193143  2.31978e-17   0.00140003  3.06371e-17 -0.000200789 -5.57309e-18  -0.00059946 -1.54051e-17 -0.000232947 -3.59309e-18  6.41047e-05  5.57902e-18  0.000105922  3.45433e-18  4.57711e-05 -1.12844e-18  1.10804e-06 -9.69678e-19  -1.0134e-05  1.87254e-19 -6.65012e-06 -7.95007e-20 -2.17448e-06 -1.79085e-19 -1.43857e-07  1.05267e-19  2.76428e-07  1.16335e-19  1.90753e-07 -1.38053e-20  7.52662e-08 -3.30844e-20  1.95964e-08 -8.57394e-22  2.42999e-09  6.26985e-21 -6.98367e-10  -5.8943e-23 -5.90889e-10 -2.15654e-21 -2.38811e-10 -9.36766e-22 -7.08635e-11  6.14809e-23  -1.6667e-11  2.53414e-22 -3.09684e-12  1.28217e-22  -4.1233e-13  2.22752e-23 -1.90009e-14 -6.64323e-24  9.60793e-15 -4.16553e-24  3.99077e-15 -3.80814e-25  9.98184e-16  3.54791e-25  1.95989e-16    1.271e-25  3.23456e-17 -2.87106e-26  4.60583e-18 -3.74492e-26  5.71864e-19 -1.13674e-26  6.20741e-20   4.5824e-28  5.87446e-21  1.36774e-27  4.81012e-22  4.40398e-28  3.36221e-23  7.18246e-29  1.96169e-24  9.89194e-30  9.18122e-26  2.17528e-30   3.1664e-27  2.44501e-31  6.03971e-29 -7.94797e-32 -8.57873e-31 -3.32706e-32 -1.12556e-31 -5.05493e-33 -4.08763e-33 -3.61759e-34 -7.12471e-35 -9.99875e-36 -3.68615e-37
-4.64007e-09 -2.14862e-20   1.8582e-07  2.33971e-19 -2.26306e-06 -1.21685e-18  1.14987e-05  3.18294e-18 -5.49013e-06 -1.54865e-18  -0.00024684 -1.54944e-17   0.00145455  4.62954e-17  -0.00410131 -4.51075e-17   0.00559872 -3.25073e-17  0.000630471  1.17444e-16   -0.0157227 -7.27744e-17     0.024283 -7.70672e-17   -0.0105236  1.43386e-16   -0.0103746 -5.72543e-17   0.00966806 -6.56383e-17   0.00462369  9.99814e-17  -0.00483489 -1.46185e-17  -0.00300501 -6.43304e-17   0.00138101  1.74344e-17    0.0017499  3.58203e-17   0.00019362 -2.16487e-19  -0.00055184 -1.70704e-17 -0.000357832 -6.49778e-18  -2.5518e-05  5.07911e-18  9.14368e-05   3.9225e-18  6.34089e-05  -5.6309e-19  1.66509e-05 -6.71835e-19 -4.28989e-06  5.61724e-20 -6.36182e-06 -2.58894e-19 -3.22261e-06 -2.00591e-19 -8.89503e-07  1.33101e-19   -2.236e-08  1.25026e-19  1.20153e-07 -1.02237e-20  7.47558e-08 -2.90904e-20  2.84956e-08 -7.36926e-23  7.65421e-09  5.50519e-21  1.28336e-09 -6.15434e-22  -2.0991e-11 -2.52852e-21 -1.13423e-10 -1.18261e-21 -5.22935e-11 -1.77461e-23 -1.63942e-11  2.59105e-22 -4.07822e-12  1.43812e-22 -8.38417e-13  3.08054e-23 -1.42488e-13 -2.99575e-24  -1.9198e-14 -2.90677e-24 -1.72894e-15 -3.53021e-26  9.20351e-18    4.294e-25  4.56734e-17  1.22499e-25  1.22252e-17 -4.17669e-26  2.24383e-18 -4.02657e-26  3.31383e-19 -1.01759e-26  4.13207e-20  1.04881e-27  4.43029e-21  1.39334e-27   4.1088e-22  4.25454e-28  3.29331e-23  7.99784e-29  2.26791e-24  1.45371e-29  1.32765e-25  2.67327e-30  6.50145e-27  1.63733e-31  2.60117e-28 -8.19071e-32  8.20879e-30 -2.44033e-32  1.93369e-31  -2.9089e-33  3.10047e-33 -1.55758e-34  2.81823e-35 -2.44846e-36
 3.53705e-21 -1.13601e-08 -7.16027e-20  4.33971e-07  5.67004e-19 -5.53298e-06 -2.51068e-18  3.38805e-05  6.01641e-18  -9.3476e-05 -3.56661e-18 -6.30804e-05 -2.11883e-17   0.00140461  6.21253e-17  -0.00492881 -5.69811e-17   0.00802225 -4.07345e-17  -0.00276032    1.344e-16   -0.0130501 -7.70672e-17    0.0224584 -7.53585e-17  -0.00829788  1.32662e-16   -0.0117805 -5.93282e-17   0.00825287 -5.03567e-17   0.00625084  9.70967e-17  -0.00388244 -1.47748e-17   -0.0038799 -6.87017e-17  0.000611891  1.09809e-17   0.00190176  4.02973e-17  0.000616844  5.84704e-18 -0.000396077 -1.75224e-17 -0.000433416 -9.11662e-18 -0.000127192  3.90613e-18    5.139e-05  3.96579e-18  6.77048e-05  1.09833e-19  3.06086e-05 -2.32052e-19  4.08144e-06 -4.45098e-20 -3.90912e-06 -4.38875e-19 -3.33174e-06  -2.3168e-19 -1.43083e-06  1.46873e-19 -3.56439e-07  1.28169e-19 -7.68297e-09 -4.83507e-21  4.29112e-08 -2.27111e-20  2.57029e-08   1.8791e-21  9.68447e-09  5.13161e-21  2.69734e-09 -1.18169e-21  5.45419e-10 -2.99939e-21  5.90006e-11 -1.48696e-21 -9.93962e-12 -1.31074e-22 -8.01431e-12  2.41852e-22  -2.8368e-12  1.49438e-22  -7.4738e-13  3.75632e-23 -1.61791e-13  1.15858e-24 -2.97335e-14 -1.10421e-24 -4.67901e-15  5.63129e-25 -6.25614e-16  5.69234e-25 -6.89348e-17  1.27275e-25 -5.71626e-18 -4.93094e-26 -2.27971e-19 -3.90291e-26  2.96875e-20 -7.79592e-27  8.62895e-21  1.72411e-27  1.28826e-21  1.41325e-27  1.43932e-22  4.17889e-28  1.29964e-23  8.76693e-29  9.69505e-25  1.71368e-29  5.98244e-26  2.63116e-30  3.01878e-27  7.79661e-32  1.21648e-28 -7.06674e-32  3.75942e-30 -1.57243e-32   8.3114e-32 -1.44261e-33  1.15075e-33 -5.29796e-35  6.76371e-36
