 1.43122e-06 -1.27215e-21 -1.81367e-05   1.3363e-20  7.19427e-05 -6.65663e-20 -0.000124011  2.77405e-19  8.18299e-05 -6.99542e-19  4.40693e-06  9.54638e-19 -1.44324e-05 -6.54302e-19 -2.43191e-06  1.69238e-19  5.23424e-07   1.0508e-20  1.50162e-07 -2.87098e-21  6.97947e-09
-1.27215e-21  2.75761e-05 -2.47595e-21 -0.000184881 -3.27839e-20  0.000502494  7.28269e-20 -0.000598105  4.58829e-19  0.000202838 -1.76529e-18  9.84794e-05  2.38305e-18 -2.51393e-05 -1.40427e-18 -1.35991e-05  2.49284e-19 -1.13762e-06  4.20466e-20   1.0386e-07 -1.58623e-21
-1.81367e-05 -2.47595e-21   0.00024591  5.00695e-20  -0.00106267 -6.51089e-19   0.00205222  1.56847e-18  -0.00162247 -5.56813e-19  6.94134e-05 -2.54039e-18  0.000322602  3.71313e-18  2.99356e-05 -1.93088e-18 -1.90722e-05  2.28732e-19 -3.99375e-06  6.33199e-20 -1.47038e-07
  1.3363e-20 -0.000184881  5.00695e-20   0.00134974  4.25985e-19  -0.00409416 -3.26663e-18   0.00567991  6.40983e-18  -0.00265803 -3.90262e-18  -0.00082652 -2.25223e-18  0.000451229  4.04141e-18  0.000165167 -2.01473e-18  4.31054e-06  1.67213e-19  -2.7768e-06  5.11317e-20
 7.19427e-05 -3.27839e-20  -0.00106267  4.25985e-19    0.0051195  1.76382e-18   -0.0114125 -9.70389e-18    0.0112284  1.52809e-17  -0.00203222 -8.51021e-18  -0.00244227  -9.1575e-19  7.08391e-05  2.87153e-18   0.00023204 -1.78898e-18  3.57076e-05  1.09914e-19  7.20505e-07
-6.65663e-20  0.000502494 -6.51089e-19  -0.00409416  1.76382e-18    0.0142987  4.78844e-18   -0.0240532 -2.01873e-17    0.0159754  2.49227e-17   0.00189166 -1.05212e-17   -0.0035211   8.8072e-19 -0.000800014  5.66756e-19  8.64765e-05 -1.48195e-18  3.04819e-05  5.06712e-20
-0.000124011  7.28269e-20   0.00205222 -3.26663e-18   -0.0114125  4.78844e-18    0.0306587  9.58217e-18   -0.0394737 -3.21142e-17    0.0154218  2.90389e-17   0.00844355 -6.46907e-18  -0.00243516  2.65476e-18  -0.00139384 -1.69904e-18 -0.000134294 -1.11398e-18  3.47281e-06
 2.77405e-19 -0.000598105  1.56847e-18   0.00567991 -9.70389e-18   -0.0240532  9.58217e-18    0.0521243  1.54744e-17   -0.0515583 -4.21218e-17   0.00678993  2.32687e-17    0.0139885  2.54828e-18  0.000836482  3.88534e-18  -0.00101419 -2.74608e-18 -0.000173511 -6.10234e-19
 8.18299e-05  4.58829e-19  -0.00162247  6.40983e-18    0.0112284 -2.01873e-17   -0.0394737  1.54744e-17    0.0724442  2.21568e-17   -0.0545245 -4.90929e-17  -0.00812275  9.09697e-18    0.0143617  1.06369e-17   0.00403136  3.70572e-18 -5.04467e-05 -2.34782e-18 -5.78487e-05
-6.99542e-19  0.000202838 -5.56813e-19  -0.00265803  1.52809e-17    0.0159754 -3.21142e-17   -0.0515583  2.21568e-17    0.0852512  3.03525e-17    -0.047099 -5.34654e-17   -0.0238584 -7.48508e-18   0.00832461  1.18832e-17   0.00460433   1.8283e-18  0.000471834 -1.21866e-18
 4.40693e-06 -1.76529e-18  6.94134e-05 -3.90262e-18  -0.00203222  2.49227e-17    0.0154218 -4.21218e-17   -0.0545245  3.03525e-17    0.0889337  4.05146e-17   -0.0323666 -5.39376e-17   -0.0345098 -2.03647e-17 -0.000999453  5.91997e-18   0.00247673 -3.74209e-19  0.000288872
 9.54638e-19  9.84794e-05 -2.54039e-18  -0.00082652 -8.51021e-18   0.00189166  2.90389e-17   0.00678993 -4.90929e-17    -0.047099  4.05146e-17    0.0873115    5.156e-17   -0.0139284 -4.71416e-17   -0.0359156 -2.58848e-17  -0.00792496 -1.48687e-18  0.000109812    -1.05e-18
-1.44324e-05  2.38305e-18  0.000322602 -2.25223e-18  -0.00244227 -1.05212e-17   0.00844355  2.32687e-17  -0.00812275 -5.34654e-17   -0.0323666    5.156e-17    0.0861516  6.19776e-17   0.00672256 -3.14445e-17   -0.0268678 -2.30327e-17  -0.00857617 -4.36624e-18 -0.000552103
-6.54302e-19 -2.51393e-05  3.71313e-18  0.000451229  -9.1575e-19   -0.0035211 -6.46907e-18    0.0139885  9.09697e-18   -0.0238584 -5.39376e-17   -0.0139284  6.19776e-17    0.0892576  7.09444e-17    0.0283585 -1.04608e-17   -0.0110571 -1.41315e-17  -0.00451194 -2.59525e-18
-2.43191e-06 -1.40427e-18  2.99356e-05  4.04141e-18  7.08391e-05   8.8072e-19  -0.00243516  2.54828e-18    0.0143617 -7.48508e-18   -0.0345098 -4.71416e-17   0.00672256  7.09444e-17    0.0957457  7.63306e-17    0.0458613   7.5353e-18   0.00289371 -4.91623e-18  -0.00078319
 1.69238e-19 -1.35991e-05 -1.93088e-18  0.000165167  2.87153e-18 -0.000800014  2.65476e-18  0.000836482  1.06369e-17   0.00832461 -2.03647e-17   -0.0359156 -3.14445e-17    0.0283585  7.63306e-17    0.0986283  7.30068e-17    0.0506583  1.49563e-17   0.00768115 -2.87931e-19
 5.23424e-07  2.49284e-19 -1.90722e-05 -2.01473e-18   0.00023204  5.66756e-19  -0.00139384  3.88534e-18   0.00403136  1.18832e-17 -0.000999453 -2.58848e-17   -0.0268678 -1.04608e-17    0.0458613  7.30068e-17    0.0882012  5.72465e-17    0.0392735  1.15423e-17   0.00455486
  1.0508e-20 -1.13762e-06  2.28732e-19  4.31054e-06 -1.78898e-18  8.64765e-05 -1.69904e-18  -0.00101419  3.70572e-18   0.00460433  5.91997e-18  -0.00792496 -2.30327e-17   -0.0110571   7.5353e-18    0.0506583  5.72465e-17    0.0620632  3.36225e-17     0.020058  4.49699e-18
 1.50162e-07  4.20466e-20 -3.99375e-06  1.67213e-19  3.57076e-05 -1.48195e-18 -0.000134294 -2.74608e-18 -5.04467e-05   1.8283e-18   0.00247673 -1.48687e-18  -0.00857617 -1.41315e-17   0.00289371  1.49563e-17    0.0392735  3.36225e-17    0.0311036  1.31906e-17   0.00568807
-2.87098e-21   1.0386e-07  6.33199e-20  -2.7768e-06  1.09914e-19  3.04819e-05 -1.11398e-18 -0.000173511 -2.34782e-18  0.000471834 -3.74209e-19  0.000109812 -4.36624e-18  -0.00451194 -4.91623e-18   0.00768115  1.15423e-17     0.020058  1.31906e-17   0.00968786   2.7863e-18
 6.97947e-09 -1.58623e-21 -1.47038e-07  5.11317e-20  7.20505e-07  5.06712e-20  3.47281e-06 -6.10234e-19 -5.78487e-05 -1.21866e-18  0.000288872    -1.05e-18 -0.000552103 -2.59525e-18  -0.00078319 -2.87931e-19   0.00455486  4.49699e-18   0.00568807   2.7863e-18   0.00139454
