   0.0781946 -5.41217e-12    0.0756438 -2.09322e-12   0.00498541  6.60306e-13    -0.014581  5.58357e-13   -0.0041579  9.66485e-15   0.00145899 -8.53066e-14  0.000987782 -2.48364e-14  0.000114112  1.10297e-15 -4.37696e-05  1.66419e-15 -1.34595e-05  2.39197e-16 -8.62853e-07
-5.41217e-12     0.128114 -6.15933e-12    0.0653195 -1.09963e-12   -0.0102574  1.19653e-12   -0.0192736  6.44046e-13  -0.00402911 -3.52563e-14   0.00236357 -1.25674e-13   0.00144998 -3.82663e-14  0.000213953 -6.45084e-16 -3.69722e-05   1.5884e-15 -1.23999e-05  1.82376e-16
   0.0756438 -6.15933e-12     0.109149 -4.46952e-12    0.0398498 -2.53856e-13   -0.0168531  1.30508e-12    -0.019504  6.36343e-13  -0.00385057 -4.81964e-14   0.00265791 -1.42803e-13   0.00171021 -4.86365e-14  0.000329692 -4.29474e-15  -2.5151e-06  6.37939e-16 -4.81194e-06
-2.09322e-12    0.0653195 -4.46952e-12    0.0759605 -3.07467e-12    0.0259875  3.79273e-14   -0.0175002  1.26374e-12   -0.0189714  6.37594e-13  -0.00419403 -2.82315e-14   0.00244784 -1.39985e-13    0.0017589  -5.3235e-14  0.000404837 -7.22446e-15  2.74168e-05  -1.3166e-16
  0.00498541 -1.09963e-12    0.0398498 -3.07467e-12    0.0565801 -2.40382e-12    0.0205498  9.68066e-14   -0.0165949  1.20416e-12   -0.0185939  6.58603e-13  -0.00499331  1.92228e-14   0.00177677 -1.16081e-13   0.00153373 -4.78571e-14  0.000373172 -6.83585e-15  2.65029e-05
 6.60306e-13   -0.0102574 -2.53856e-13    0.0259875 -2.40382e-12    0.0472916 -2.08117e-12    0.0182509  8.61104e-14   -0.0153605  1.14609e-12   -0.0183786  6.93827e-13  -0.00613748  8.94489e-14  0.000690099 -7.17161e-14   0.00102706  -3.1936e-14  0.000231889  -3.4479e-15
   -0.014581  1.19653e-12   -0.0168531  3.79273e-14    0.0205498 -2.08117e-12    0.0422336 -1.90366e-12    0.0173386  4.12531e-14   -0.0139074  1.08428e-12   -0.0181579  7.32198e-13  -0.00741411  1.70494e-13 -0.000607879 -1.72509e-14  0.000398973 -1.26789e-14  7.50441e-05
 5.58357e-13   -0.0192736  1.30508e-12   -0.0175002  9.68066e-14    0.0182509 -1.90366e-12     0.039289 -1.81161e-12    0.0173885 -3.49901e-14   -0.0120766  1.00315e-12   -0.0175706  7.49856e-13  -0.00834795  2.34899e-13  -0.00165118  2.51102e-14  -5.1175e-05 -8.44026e-16
  -0.0041579  6.44046e-13    -0.019504  1.26374e-12   -0.0165949  8.61104e-14    0.0173386 -1.81161e-12    0.0378021 -1.78667e-12    0.0183628 -1.54157e-13  -0.00946868  8.71978e-13   -0.0159509  7.05672e-13  -0.00819628  2.45246e-13   -0.0019126  3.59548e-14 -0.000145872
 9.66485e-15  -0.00402911  6.36343e-13   -0.0189714  1.20416e-12   -0.0153605  4.12531e-14    0.0173885 -1.78667e-12    0.0375804 -1.82959e-12    0.0205168 -3.43478e-13  -0.00540906  6.46714e-13   -0.0124912  5.59548e-13  -0.00642711   1.8514e-13  -0.00132412  2.00555e-14
  0.00145899 -3.52563e-14  -0.00385057  6.37594e-13   -0.0185939  1.14609e-12   -0.0139074 -3.49901e-14    0.0183628 -1.82959e-12    0.0387625 -1.95831e-12    0.0243566 -6.37782e-13  0.000716698  3.02083e-13  -0.00702879   3.2149e-13  -0.00350968  8.91346e-14 -0.000482584
-8.53066e-14   0.00236357 -4.81964e-14  -0.00419403  6.58603e-13   -0.0183786  1.08428e-12   -0.0120766 -1.54157e-13    0.0205168 -1.95831e-12     0.041738 -2.19546e-12     0.030172 -1.03644e-12   0.00842765 -1.05348e-13  -0.00100612  8.18655e-14 -0.000926976  1.89204e-14
 0.000987782 -1.25674e-13   0.00265791 -2.82315e-14  -0.00499331  6.93827e-13   -0.0181579  1.00315e-12  -0.00946868 -3.43478e-13    0.0243566 -2.19546e-12    0.0466302 -2.51934e-12    0.0368537   -1.433e-12    0.0151684 -4.17765e-13   0.00297306 -4.95786e-14  0.000167948
-2.48364e-14   0.00144998 -1.42803e-13   0.00244784  1.92228e-14  -0.00613748  7.32198e-13   -0.0175706  8.71978e-13  -0.00540906 -6.37782e-13     0.030172 -2.51934e-12    0.0520637 -2.79098e-12    0.0409807 -1.61278e-12    0.0173736 -4.86978e-13   0.00346981 -5.32474e-14
 0.000114112 -3.82663e-14   0.00171021 -1.39985e-13   0.00177677  8.94489e-14  -0.00741411  7.49856e-13   -0.0159509  6.46714e-13  0.000716698 -1.03644e-12    0.0368537 -2.79098e-12    0.0542919 -2.76445e-12    0.0384265 -1.41211e-12      0.01381 -3.32004e-13   0.00175748
 1.10297e-15  0.000213953 -4.86365e-14    0.0017589 -1.16081e-13  0.000690099  1.70494e-13  -0.00834795  7.05672e-13   -0.0124912  3.02083e-13   0.00842765   -1.433e-12    0.0409807 -2.76445e-12    0.0490181 -2.27575e-12    0.0284589 -9.14068e-13   0.00737546 -1.26675e-13
-4.37696e-05 -6.45084e-16  0.000329692  -5.3235e-14   0.00153373 -7.17161e-14 -0.000607879  2.34899e-13  -0.00819628  5.59548e-13  -0.00702879 -1.05348e-13    0.0151684 -1.61278e-12    0.0384265 -2.27575e-12    0.0357726 -1.45892e-12     0.015609 -4.05658e-13   0.00229716
 1.66419e-15 -3.69722e-05 -4.29474e-15  0.000404837 -4.78571e-14   0.00102706 -1.72509e-14  -0.00165118  2.45246e-13  -0.00642711   3.2149e-13  -0.00100612 -4.17765e-13    0.0173736 -1.41211e-12    0.0284589 -1.45892e-12     0.019783 -6.80039e-13   0.00581239 -1.04844e-13
-1.34595e-05   1.5884e-15  -2.5151e-06 -7.22446e-15  0.000373172  -3.1936e-14  0.000398973  2.51102e-14   -0.0019126   1.8514e-13  -0.00350968  8.18655e-14   0.00297306 -4.86978e-13      0.01381 -9.14068e-13     0.015609 -6.80039e-13   0.00768268 -2.08979e-13   0.00122988
 2.39197e-16 -1.23999e-05  6.37939e-16  2.74168e-05 -6.83585e-15  0.000231889 -1.26789e-14  -5.1175e-05  3.59548e-14  -0.00132412  8.91346e-14 -0.000926976 -4.95786e-14   0.00346981 -3.32004e-13   0.00737546 -4.05658e-13   0.00581239 -2.08979e-13   0.00185419 -3.45137e-14
-8.62853e-07  1.82376e-16 -4.81194e-06  -1.3166e-16  2.65029e-05  -3.4479e-15  7.50441e-05 -8.44026e-16 -0.000145872  2.00555e-14 -0.000482584  1.89204e-14  0.000167948 -5.32474e-14   0.00175748 -1.26675e-13   0.00229716 -1.04844e-13   0.00122988 -3.45137e-14  0.000208501
