 1.05548e-26  4.44205e-36 -6.45025e-25  5.49152e-37  1.54009e-23  1.24583e-35 -2.22023e-22   1.9034e-35  2.23033e-21  4.39612e-34 -1.67729e-20 -3.95116e-33  9.84973e-20  2.87056e-32 -4.63918e-19 -1.74005e-31  1.78332e-18  8.96371e-31 -5.65688e-18 -3.98451e-30  1.48978e-17  1.54575e-29  -3.2627e-17 -5.27814e-29  5.92422e-17  1.59645e-28 -8.83949e-17 -4.29741e-28  1.06471e-16  1.03306e-27 -1.00009e-16 -2.22292e-27  6.79093e-17  4.28724e-27 -2.62233e-17 -7.41234e-27 -3.15691e-18  1.14717e-26  1.07038e-17 -1.58277e-26  -4.6916e-18  1.92933e-26 -1.24139e-18 -2.03779e-26  1.80422e-18  1.78175e-26 -1.29334e-19 -1.12128e-26  -4.6005e-19  1.47225e-27  9.29351e-20  9.24036e-27  1.05891e-19 -1.81746e-26  -2.3839e-20  2.30704e-26 -2.40372e-20 -2.31163e-26    3.389e-21  1.92234e-26  5.11991e-21  -1.3432e-26  6.51238e-23  7.83948e-27 -8.91553e-22 -3.73434e-27 -1.80867e-22  1.37448e-27  9.97372e-23 -3.34646e-28  4.92629e-23   1.5715e-29 -1.26977e-24  2.65179e-29 -6.49284e-24 -9.77306e-30 -1.60788e-24 -8.29685e-31  2.45254e-25  1.89006e-30    2.268e-25  -5.7752e-31  4.30076e-26  -3.7788e-32  -6.0966e-27  5.06035e-32 -4.91115e-27  1.22047e-32 -9.86015e-28 -1.52045e-32  1.70703e-29  2.38285e-33  5.66769e-29  1.37346e-33  1.41495e-29 -5.08686e-34  1.28209e-30 -5.37976e-35 -1.89803e-31  5.02468e-35 -8.29838e-32 -3.14674e-36 -1.31641e-32 -1.84937e-36 -8.76537e-34  6.85523e-38  7.14623e-35  8.43608e-38  2.51866e-35 -2.83265e-39  3.08334e-36  -2.2797e-39  2.01273e-37  1.45209e-40  3.53128e-39  3.64896e-42 -5.98716e-40  1.64219e-42 -5.98488e-41 -2.14864e-43 -2.80414e-42  1.55805e-44 -6.33157e-44 -7.53586e-46  -2.6756e-48  3.87469e-48
 4.44205e-36  9.24903e-25  2.30561e-35 -3.21407e-23 -3.62125e-36  5.84929e-22  9.77682e-35 -7.00561e-21  -7.6578e-34  6.09385e-20  9.25513e-33  -4.0646e-19 -7.51037e-32  2.14951e-18   4.9706e-31 -9.20994e-18 -2.76383e-30  3.24244e-17  1.31575e-29 -9.45991e-17 -5.43855e-29  2.29628e-16  1.97213e-28 -4.63556e-16   -6.322e-28   7.7405e-16  1.80172e-27  -1.0561e-15 -4.58379e-27  1.14986e-15  1.04412e-26 -9.52849e-16 -2.13377e-26  5.34995e-16  3.91712e-26 -1.18821e-16 -6.46244e-26 -9.68283e-17  9.57523e-26   9.6712e-17 -1.27098e-25 -1.70127e-17  1.50227e-25 -2.24966e-17 -1.56035e-25  1.19514e-17    1.382e-25  3.42456e-18 -9.64014e-26 -3.74593e-18  3.77878e-26 -4.68544e-19  2.43692e-26  9.27618e-19 -7.49056e-26  1.05796e-19  1.02502e-25  -1.9739e-19 -1.04183e-25 -3.80292e-20  8.59053e-26  3.39752e-20   -5.875e-26   1.2035e-20  3.32066e-26 -3.74542e-21 -1.51217e-26 -2.69876e-21  5.18812e-27 -2.86788e-23 -1.07202e-27  3.74395e-22 -5.94184e-29  9.84985e-23  1.39518e-28 -1.94651e-23 -4.17401e-29 -1.63998e-23  -5.2925e-30 -2.59454e-24    8.125e-30  8.11771e-25 -1.93433e-30  4.57095e-25 -5.19517e-31  6.77964e-26  3.32791e-31 -1.29595e-26  3.82261e-32  -7.9508e-27 -6.86499e-32 -1.46054e-27  1.21901e-32  6.40742e-30  5.20538e-33  6.61215e-29 -1.98447e-33  1.62688e-29 -2.19679e-34  1.67686e-30  1.88166e-34 -8.45969e-32 -1.01657e-35 -5.82228e-32 -6.16082e-36 -9.77703e-33  6.94657e-39 -8.18192e-34  2.75899e-37 -5.80323e-36 -5.90797e-40  7.53872e-36 -6.67836e-39  1.02699e-36  2.62384e-40  7.15009e-38  1.86118e-42  2.56566e-39  4.27795e-42  8.08256e-42  -3.0289e-43 -3.61659e-42  2.36982e-44 -1.36752e-43  -1.0892e-45 -1.04165e-45
-6.45025e-25  2.30561e-35  3.99262e-23  7.00413e-35 -9.66118e-22 -7.03807e-35  1.41237e-20  1.23007e-33  -1.4397e-19 -1.41142e-32  1.09946e-18  1.31772e-31  -6.5616e-18 -9.64506e-31  3.14361e-17  5.82616e-30 -1.23043e-16 -2.98006e-29  3.97882e-16  1.31387e-28 -1.06968e-15 -5.05814e-28  2.39552e-15  1.71657e-27 -4.45748e-15 -5.17093e-27  6.83602e-15  1.38954e-26 -8.50017e-15 -3.34264e-26  8.30397e-15  7.21574e-26 -5.95968e-15 -1.40009e-25  2.58163e-15  2.44438e-25  3.31714e-17 -3.84207e-25 -8.91485e-16  5.43635e-25  4.82526e-16 -6.91616e-25  5.94285e-17  7.88251e-25  -1.6579e-16  -7.9777e-25  2.95793e-17  7.02425e-25  3.92857e-17 -5.11375e-25 -1.33611e-17  2.61121e-25 -8.68565e-18 -6.65371e-27  3.44677e-18 -1.95343e-25  2.01708e-18  3.06475e-25 -6.19347e-19 -3.20712e-25 -4.68401e-19  2.63722e-25  5.73064e-20 -1.77009e-25  9.35043e-20  9.70301e-26   7.7375e-21 -4.22741e-26 -1.31926e-20  1.35018e-26 -4.15999e-21 -2.28448e-27  7.98409e-22 -4.58143e-28  7.38338e-22  4.60128e-28  1.04421e-22  -1.1752e-28 -5.14871e-23 -2.24414e-29 -2.50316e-23  2.56353e-29 -2.47106e-24 -5.06378e-30  1.36992e-24 -2.26237e-30  5.79381e-25  1.26063e-30  7.19258e-26  7.58953e-32 -1.50168e-26 -2.10788e-31 -7.98399e-27  4.02381e-32 -1.40399e-27  1.39682e-32 -2.63509e-29 -5.38978e-33  4.43849e-29 -6.38287e-34  1.11618e-29  4.93786e-34  1.27744e-30  -2.2784e-35  1.45244e-32 -1.40861e-35 -2.06806e-32 -5.23693e-37 -3.81414e-33  6.10003e-37 -3.54087e-34  1.76802e-38 -1.46421e-35 -1.29026e-38  6.45357e-37   1.9756e-40  1.37828e-37 -1.22299e-41  9.38359e-39   6.8718e-42  3.34713e-40 -2.10847e-43  4.98502e-42   2.0843e-44  -1.3614e-44 -7.66468e-46
 5.49152e-37 -3.21407e-23  7.00413e-35  1.13192e-21  1.72776e-34 -2.08892e-20 -1.02211e-33  2.53867e-19  1.62998e-32 -2.24233e-18 -1.76152e-31  1.51987e-17  1.45654e-30 -8.17491e-17 -9.67246e-30  3.56593e-16  5.35008e-29  -1.2795e-15 -2.52368e-28  3.80949e-15  1.03229e-27 -9.45122e-15 -3.70627e-27  1.95383e-14  1.17833e-26 -3.34942e-14 -3.33829e-26  4.70826e-14  8.46437e-26 -5.31081e-14 -1.92632e-25  4.60626e-14  3.94198e-25 -2.77915e-14 -7.26167e-25  7.84598e-15  1.20503e-24  3.81002e-15 -1.80224e-24 -4.97858e-15  2.43009e-24  1.32688e-15 -2.95369e-24  9.82809e-16  3.23132e-24 -7.15933e-16 -3.16539e-24 -9.79659e-17  2.73867e-24  2.11624e-16 -2.02154e-24  6.64364e-20  1.15403e-24 -5.21026e-17 -3.11499e-25   6.1395e-19  -3.4218e-25  1.15997e-17  7.06318e-25  7.31607e-19 -7.77695e-25 -2.22694e-18  6.42245e-25 -4.55232e-19 -4.24271e-25   3.1501e-19  2.25862e-25  1.37111e-19 -9.42574e-26 -1.89564e-20  2.80416e-26 -2.42736e-20 -3.71252e-27 -3.55014e-21 -1.56268e-27  2.08458e-21  1.15689e-27  9.77724e-22 -2.64235e-28  5.41058e-23 -6.82693e-29 -7.91712e-23  6.66667e-29 -2.75708e-23 -1.21522e-29 -1.60966e-24 -6.49507e-30  1.53141e-24  3.54218e-30  5.37809e-25  9.39586e-32  6.06469e-26 -5.12924e-31 -1.11778e-26  1.02718e-31 -5.66106e-27  3.05479e-32 -9.84745e-28 -1.17963e-32 -4.40699e-29 -1.50243e-33  1.85907e-29  1.04651e-33  5.05096e-30 -4.07353e-35  6.23611e-31 -2.54591e-35  2.95107e-32 -2.02883e-36  -3.4777e-33  1.04865e-36  -8.2782e-34  6.50442e-38 -8.08148e-35 -1.88059e-38 -4.24274e-36  -1.8705e-40 -6.98036e-38 -3.98856e-41  5.77933e-39  7.69004e-42  4.27028e-40 -3.22859e-44   1.0809e-41  1.05726e-44  7.37575e-44
 1.54009e-23 -3.62125e-36 -9.66118e-22  1.72776e-34  2.37061e-20  6.45221e-34 -3.51651e-19 -1.29961e-32  3.63972e-18  1.84111e-31 -2.82444e-17 -1.78468e-30  1.71427e-16  1.33053e-29 -8.36018e-16 -8.05399e-29  3.33438e-15   4.0915e-28 -1.10004e-14 -1.78354e-27  3.02149e-14  6.77809e-27 -6.92525e-14 -2.27184e-26  1.32175e-13  6.77191e-26 -2.08534e-13  -1.8056e-25  2.67915e-13  4.32259e-25 -2.72383e-13 -9.31208e-25  2.06502e-13  1.80725e-24 -9.92713e-14 -3.16122e-24  7.97328e-15  4.98456e-24  2.85514e-14 -7.08654e-24 -1.90765e-14   9.0888e-24 -4.38188e-17 -1.05243e-23  5.83296e-15  1.10074e-23 -1.72685e-15 -1.03807e-23 -1.24485e-15  8.75521e-24  6.56914e-16 -6.44781e-24  2.53772e-16  3.88334e-24 -1.70217e-16 -1.50866e-24 -5.95816e-17 -2.94422e-25   3.4253e-17  1.31249e-24   1.5379e-17 -1.57329e-24 -4.78938e-18   1.3162e-24 -3.57065e-18 -8.58167e-25  1.79461e-19  4.44156e-25  6.15222e-19 -1.77859e-25  1.11571e-19  4.95212e-26 -5.96307e-20 -4.91875e-27 -2.99125e-20 -3.74551e-27  -8.0931e-22  2.41277e-27  3.11134e-21 -5.25891e-28  9.64292e-22 -1.59006e-28 -1.40921e-23  1.49073e-28 -8.61122e-23 -2.77381e-29 -2.37376e-23 -1.44618e-29 -8.13324e-25  8.14057e-30  1.24362e-24  1.25148e-32  3.86949e-25  -1.0549e-30  4.28574e-26  2.18808e-31 -5.44795e-27  5.76701e-32 -2.93169e-27 -2.21384e-32 -5.15221e-28  -3.0112e-33 -3.48809e-29  1.89786e-33  4.45666e-30 -6.10456e-35  1.50791e-30 -3.85267e-35  1.96849e-31 -4.95693e-36  1.29973e-32  1.47727e-36 -2.66165e-36  1.47343e-37 -9.08734e-35 -2.15033e-38 -9.39992e-36 -8.34183e-40 -4.92588e-37 -7.26621e-41 -1.30204e-38  5.95145e-42 -6.42951e-41  7.17563e-44  3.31563e-42  1.87371e-45
 1.24583e-35  5.84929e-22 -7.03807e-35 -2.08892e-20  6.45221e-34  3.91166e-19  5.32716e-33  -4.8269e-18 -1.40629e-31  4.33213e-17  1.76548e-30 -2.98605e-16   -1.538e-29  1.63473e-15   1.0408e-28 -7.26514e-15 -5.76493e-28  2.65895e-14  2.69662e-27 -8.08561e-14 -1.08811e-26  2.05209e-13  3.84608e-26  -4.3482e-13 -1.20429e-25  7.65973e-13  3.36751e-25 -1.11035e-12 -8.45483e-25  1.29859e-12  1.91221e-24 -1.17925e-12 -3.90194e-24  7.62631e-13  7.18598e-24 -2.59922e-13 -1.19396e-23 -6.96213e-14  1.78873e-23  1.33229e-13 -2.41562e-23 -4.84159e-14  2.94212e-23  -2.0768e-14 -3.23683e-23  2.18283e-14  3.22444e-23  1.35575e-16 -2.91357e-23 -6.05849e-15  2.38115e-23  7.70492e-16 -1.73258e-23  1.46552e-15  1.07087e-23  -2.1818e-16 -4.86459e-24 -3.38017e-16    5.123e-25  2.47583e-17  1.97701e-24  7.13128e-17 -2.73743e-24  4.97809e-18  2.34521e-24 -1.20457e-17 -1.51285e-24 -3.15087e-18   7.6158e-25  1.23459e-18 -2.93369e-25  7.53415e-19  7.73937e-26  1.79685e-20 -5.90256e-27 -9.12461e-20 -7.03138e-27 -2.69853e-20  4.37348e-27  2.30338e-21 -9.91027e-28  3.33104e-21 -2.94043e-28   7.5321e-22   2.9343e-28 -5.50977e-23 -5.95941e-29 -7.15775e-23  -2.6725e-29 -1.67055e-23  1.60811e-29 -4.26516e-25 -3.06817e-31  7.60228e-25  -1.8995e-30  2.20111e-25   4.0523e-31  2.52344e-26  9.70622e-32 -1.53849e-27 -3.69451e-32   -1.102e-27 -5.27811e-33 -1.98764e-28  3.04067e-33 -1.68372e-29 -7.77656e-35  2.90022e-31 -5.04163e-35  2.79615e-31 -9.40671e-36  3.89079e-32  1.74223e-36  2.86516e-33  2.55209e-37  9.30578e-35 -1.90401e-38 -3.02171e-36 -1.46558e-39 -4.73015e-37 -9.74219e-41 -2.15719e-38  2.60678e-42 -4.28354e-40  5.67336e-44 -2.42265e-42
-2.22023e-22  9.77682e-35  1.41237e-20 -1.02211e-33 -3.51651e-19  5.32716e-33  5.29644e-18  5.32182e-32 -5.57019e-17 -1.30837e-30  4.39544e-16  1.46712e-29 -2.71513e-15 -1.15586e-28  1.34891e-14  7.13491e-28 -5.48664e-14 -3.62805e-27  1.84826e-13    1.566e-26 -5.19126e-13 -5.85708e-26  1.21886e-12  1.92698e-25 -2.38837e-12 -5.63919e-25  3.88024e-12  1.47967e-24 -5.15551e-12 -3.49944e-24  5.45851e-12   7.4809e-24 -4.36977e-12 -1.44683e-23    2.312e-12  2.53022e-23 -3.78552e-13 -3.99553e-23 -5.37273e-13  5.68839e-23  4.49918e-13 -7.29366e-23  -4.8668e-14  8.42398e-23 -1.20474e-13 -8.78258e-23  5.26595e-14  8.30159e-23  2.17426e-14 -7.15446e-23 -1.81149e-14  5.63807e-23 -3.66524e-15 -4.02847e-23  4.69327e-15  2.51895e-23  8.42763e-16 -1.24439e-23  -1.0155e-15  3.09959e-24 -2.60348e-16  2.31126e-24  1.72634e-16 -4.17239e-24  7.46626e-17  3.71112e-24 -1.73658e-17 -2.37213e-24 -1.58715e-17  1.16044e-24 -8.36037e-19 -4.31457e-25   2.0895e-18  1.10537e-25  6.44974e-19 -8.13882e-27 -8.66274e-20 -1.06519e-26 -9.76098e-20  7.08717e-27 -1.85714e-20 -1.82596e-27  4.00843e-21 -4.33166e-28  2.77896e-21   5.1641e-28  4.88228e-22 -1.18411e-28 -5.70235e-23 -4.23987e-29 -4.71343e-23  2.81013e-29 -9.83208e-24 -1.04689e-30 -2.98142e-25 -3.05974e-30  3.51372e-25  6.69217e-31  9.87676e-26   1.4875e-31  1.19625e-26 -5.62256e-32 -5.60366e-29 -8.23096e-33  -2.8883e-28  4.39423e-33  -5.4805e-29 -8.29823e-35 -5.22254e-30 -5.83254e-35 -1.60458e-31 -1.49165e-35  2.68337e-32   1.7206e-36  4.45641e-33  3.63388e-37  3.30294e-34 -1.16347e-38  1.30951e-35  -1.7527e-39  1.78148e-37 -1.04729e-40 -5.81167e-39  -3.9852e-43 -2.09767e-40  6.25657e-45
  1.9034e-35 -7.00561e-21  1.23007e-33  2.53867e-19 -1.29961e-32  -4.8269e-18  5.32182e-32  6.05205e-17    4.846e-31 -5.52322e-16 -1.06474e-29  3.87442e-15  1.07527e-28 -2.16059e-14 -7.70599e-28  9.79116e-14  4.35681e-27 -3.65825e-13 -2.03962e-26  1.13721e-12  8.13904e-26 -2.95521e-12 -2.82469e-25  6.42442e-12  8.65433e-25 -1.16409e-11 -2.36732e-24  1.74186e-11   5.8289e-24 -2.11403e-11 -1.29871e-23  2.01076e-11  2.62516e-23 -1.39101e-11 -4.81526e-23   5.5414e-12  8.00277e-23  5.95327e-13 -1.20198e-22 -2.32122e-12  1.62692e-22  1.09704e-12 -1.98016e-22  2.42531e-13  2.16608e-22 -4.27069e-13 -2.13455e-22  5.08942e-14  1.90695e-22  1.09697e-13  -1.5601e-22 -2.99436e-14  1.18035e-22 -2.55512e-14 -8.25161e-23   8.2178e-15  5.18364e-23   6.0446e-15 -2.69609e-23 -1.46807e-15  8.90297e-24 -1.39803e-15  1.68841e-24  1.07187e-16 -5.63836e-24  2.75501e-16  5.29876e-24  3.28733e-17 -3.35494e-24  -3.7805e-17  1.58947e-24 -1.36729e-17 -5.72773e-25  1.94808e-18  1.48629e-25  2.29203e-18 -1.55801e-26   3.8806e-19 -1.26786e-26 -1.45321e-19  1.04385e-26  -8.0927e-20 -3.28486e-27 -9.95879e-21 -4.79833e-28  3.90337e-21  8.21253e-28  1.88353e-21  -2.1545e-28  2.73427e-22 -5.86531e-29 -3.73735e-23  4.42098e-29 -2.49321e-23 -2.39423e-30 -4.85895e-24 -4.46983e-30  -2.1584e-25  1.00289e-30  1.19992e-25  2.10677e-31  3.43067e-26 -7.95509e-32   4.3797e-27 -1.15575e-32   1.5409e-28  5.81423e-33 -4.77675e-29 -6.94617e-35  -1.0248e-29  -6.0708e-35 -1.03106e-30 -2.04858e-35 -5.22645e-32  1.38345e-36  2.83838e-34  4.39906e-37  2.46734e-34 -1.64986e-39   1.7926e-35 -1.55526e-39  6.19261e-37 -9.33329e-41  9.43029e-39 -1.65895e-42  2.84324e-41
 2.23033e-21  -7.6578e-34  -1.4397e-19  1.62998e-32  3.63972e-18 -1.40629e-31 -5.57019e-17    4.846e-31  5.95675e-16   3.9019e-30  -4.7835e-15 -7.69061e-29  3.00971e-14  7.04459e-28 -1.52453e-13 -4.61532e-27  6.32938e-13  2.39867e-26 -2.17908e-12 -1.03647e-25  6.26454e-12   3.8301e-25  -1.5082e-11 -1.23454e-24  3.03726e-11  3.52336e-24 -5.08637e-11 -9.00752e-24  6.99575e-11  2.08065e-23 -7.71933e-11 -4.36681e-23  6.52385e-11  8.34819e-23 -3.77459e-11  -1.4532e-22  9.07854e-12  2.29733e-22   6.7062e-12 -3.28503e-22 -7.31934e-12  4.23022e-22  1.57801e-12 -4.88759e-22  1.65924e-12  5.05843e-22  -1.0389e-12 -4.69949e-22 -2.15918e-13  3.95115e-22  3.30556e-13 -3.05274e-22  1.62592e-14  2.20832e-22   -8.497e-14   -1.508e-22 -2.55405e-15  9.49953e-23   1.9372e-14 -5.12374e-23  1.94439e-15   1.9511e-23 -3.75369e-15 -6.25252e-25 -9.07836e-16 -6.81624e-24  5.25169e-16  6.92206e-24  2.57472e-16 -4.32597e-24 -2.70915e-17   1.9693e-24 -4.45121e-17 -6.90923e-25 -7.54764e-18  1.93309e-25  3.64739e-18 -3.48926e-26  1.88996e-18 -9.97759e-27  1.43407e-19  1.40833e-26 -1.44267e-19 -5.66643e-27 -5.47151e-20 -2.84114e-28 -4.24391e-21   1.1881e-27  2.75416e-21 -3.58137e-28  1.06012e-21  -7.0773e-29   1.3631e-22  6.32903e-29 -1.71222e-23 -4.48413e-30 -1.05707e-23 -5.97289e-30 -1.99069e-24  1.38265e-30 -1.23806e-25   2.7864e-31   2.8346e-26 -1.06223e-31   8.9104e-27 -1.47409e-32  1.18569e-27  7.12378e-33  7.06865e-29 -3.44622e-35 -3.49467e-30 -5.77638e-35 -1.18679e-30 -2.48637e-35 -1.22779e-31  8.16791e-37 -6.84711e-33  4.60824e-37 -1.66313e-34  7.60126e-39  3.35389e-36 -1.01811e-39  3.33469e-37 -6.89569e-41  7.01154e-39 -1.22694e-42
 4.39612e-34  6.09385e-20 -1.41142e-32 -2.24233e-18  1.84111e-31  4.33213e-17 -1.30837e-30 -5.52322e-16   3.9019e-30  5.12958e-15  2.79909e-29 -3.66496e-14 -4.98739e-28  2.08365e-13  4.16833e-27 -9.63683e-13 -2.50741e-26  3.67915e-12  1.20178e-25 -1.17028e-11 -4.80445e-25  3.11702e-11  1.64665e-24 -6.95924e-11 -4.93333e-24  1.29842e-10  1.31167e-23 -2.00758e-10 -3.13277e-23  2.53081e-10  6.78476e-23  -2.5225e-10 -1.34081e-22  1.86365e-10  2.42437e-22 -8.49126e-11 -4.00738e-22  1.71509e-12  6.03222e-22   2.8876e-11 -8.22165e-22 -1.74434e-11  1.00821e-21 -1.07186e-12 -1.10616e-21  5.90756e-12   1.0822e-21 -1.48532e-12 -9.45371e-22 -1.36213e-12  7.44478e-22  6.32751e-13 -5.39982e-22  2.93333e-13  3.71928e-22 -1.72422e-13  -2.4821e-22 -7.01118e-14  1.57189e-22   3.5615e-14 -8.74139e-23  1.80343e-14   3.6257e-23 -4.96361e-15 -5.24003e-24 -4.17904e-15 -7.43836e-24  1.23378e-16   8.3975e-24  7.20749e-16 -5.13605e-24  1.44282e-16  2.21174e-24 -6.88079e-17 -7.58526e-25 -3.71345e-17  2.48129e-25 -1.55155e-18 -7.42985e-26  3.78684e-18  1.31103e-27  1.24482e-18  1.74094e-26  1.50485e-21 -9.20909e-27 -1.06737e-19  3.26765e-28 -3.11383e-20  1.56829e-27 -1.52006e-21 -5.44771e-28  1.50526e-21 -7.28623e-29  4.99421e-22  8.29196e-29  6.09316e-23 -7.35516e-30 -5.34403e-24 -7.33625e-30 -3.53289e-24  1.77549e-30 -6.58527e-25  3.46497e-31 -5.18117e-26 -1.35333e-31  3.78496e-27 -1.71889e-32  1.63638e-27   8.1515e-33  2.25652e-28  1.68629e-35  1.62412e-29 -5.11234e-35  2.69534e-31   -2.699e-35 -6.96472e-32  1.87958e-37  -7.8619e-33  4.21711e-37 -4.09452e-34  1.34055e-38 -1.07221e-35 -4.44589e-40 -9.22199e-38 -4.05274e-41  5.72237e-40
-1.67729e-20  9.25513e-33  1.09946e-18 -1.76152e-31 -2.82444e-17  1.76548e-30  4.39544e-16 -1.06474e-29  -4.7835e-15  2.79909e-29  3.91247e-14  1.80667e-28 -2.50957e-13 -2.93012e-27  1.29724e-12  2.24566e-26 -5.50248e-12 -1.24503e-25  1.93799e-11  5.51949e-25  -5.7084e-11 -2.04606e-24  1.41068e-10  6.51384e-24 -2.92275e-10 -1.81527e-23  5.05077e-10  4.49627e-23 -7.19856e-10 -1.00264e-22   8.2849e-10  2.03413e-22 -7.39133e-10 -3.78233e-22  4.65307e-10  6.46739e-22 -1.45592e-10 -1.01568e-21 -5.67014e-11  1.45744e-21   8.8214e-11 -1.89604e-21 -2.88226e-11  2.21687e-21 -1.58129e-11 -2.31091e-21  1.46354e-11  2.13576e-21  6.60306e-13 -1.74954e-21 -4.31542e-12  1.28353e-21  4.25816e-13 -8.67728e-22  1.08645e-12  5.66576e-22 -1.36213e-13 -3.70698e-22 -2.57422e-13  2.37691e-22  1.42365e-14 -1.36314e-22  5.54515e-14   5.9871e-23  4.66379e-15 -1.24292e-23 -9.53902e-15 -7.42747e-24 -2.64169e-15  9.64039e-24   9.8637e-16 -5.68474e-24  6.32176e-16  2.25078e-24  1.97223e-17 -7.55468e-25 -7.71922e-17  3.16924e-25  -2.3617e-17 -1.40933e-25  1.82365e-18  2.47333e-26  2.90583e-18  1.95726e-26  6.79677e-19 -1.39528e-26 -4.24922e-20  1.49347e-27 -6.30383e-20  1.88678e-27 -1.52264e-20 -7.60346e-28 -5.38773e-22 -5.90638e-29  6.48987e-22  9.95445e-29  1.96036e-22 -1.09351e-29     2.39e-23 -8.29754e-30  -9.1824e-25  2.15062e-30 -9.00421e-25   4.0676e-31 -1.69464e-25 -1.65579e-31 -1.54077e-26 -1.84103e-32 -3.48915e-29  8.76268e-33  1.92245e-28  7.06117e-35  2.81843e-29 -4.31541e-35  2.13078e-30  -2.6387e-35  7.89876e-32 -3.25722e-37 -6.25013e-34  3.38679e-37 -2.10296e-34  1.47131e-38 -9.01924e-36 -7.14366e-41 -1.42447e-37 -1.65183e-41
-3.95116e-33  -4.0646e-19  1.31772e-31  1.51987e-17 -1.78468e-30 -2.98605e-16  1.46712e-29  3.87442e-15 -7.69061e-29 -3.66496e-14  1.80667e-28  2.66944e-13  1.05791e-27 -1.54869e-12  -1.5707e-26  7.31718e-12  1.10862e-25 -2.85735e-11 -5.68422e-25  9.30974e-11  2.33728e-24 -2.54419e-10 -8.05136e-24   5.8402e-10  2.38454e-23 -1.12324e-09 -6.18585e-23  1.79654e-09  1.42728e-22 -2.35477e-09 -2.96918e-22   2.4609e-09  5.63592e-22 -1.93934e-09 -9.84979e-22  9.95227e-10  1.59205e-21  -1.2722e-10 -2.37675e-21 -2.67583e-10  3.25536e-21  2.07923e-10 -4.04895e-21 -1.55758e-11  4.52047e-21 -6.05336e-11 -4.48083e-21  2.46051e-11  3.91004e-21  1.17358e-11 -2.99513e-21 -9.07231e-12  2.03434e-21 -2.09156e-12 -1.27055e-21  2.45611e-12  7.82666e-22  4.84978e-13 -5.05628e-22 -5.50417e-13  3.32341e-22 -1.48604e-13 -1.97416e-22  9.66474e-14  9.04302e-23  4.30932e-14 -2.20818e-23 -1.00454e-14 -6.95689e-24 -9.38274e-15  1.07407e-23 -4.93693e-16 -5.98598e-24   1.2716e-15  2.07833e-24  3.94999e-16 -6.78004e-25 -5.48075e-17  4.01234e-25 -6.14118e-17 -2.37406e-25 -1.17239e-17  6.21345e-26  2.57619e-18  1.96506e-26  1.78985e-18  -1.9625e-26  3.17456e-19  3.26012e-27 -3.61127e-20  2.05457e-27 -3.05316e-20 -9.75484e-28 -6.46048e-21 -2.49851e-29 -2.30401e-22  1.09062e-28   2.1919e-22 -1.50664e-29  6.30664e-23 -8.63326e-30  7.88453e-24  2.49073e-30  5.33703e-26  4.51854e-31 -1.65001e-25 -1.94905e-31 -3.23126e-26 -1.81629e-32 -3.16679e-27  8.87813e-33 -1.20138e-28  1.07273e-34  1.11655e-29 -3.62995e-35  2.06742e-30 -2.33216e-35  1.52126e-31 -6.10297e-37  5.93972e-33  2.38899e-37   9.4944e-35   1.2294e-38 -8.72192e-37  5.77548e-41 -3.02873e-38
 9.84973e-20 -7.51037e-32  -6.5616e-18  1.45654e-30  1.71427e-16   -1.538e-29 -2.71513e-15  1.07527e-28  3.00971e-14 -4.98739e-28 -2.50957e-13  1.05791e-27  1.64259e-12  5.65754e-27 -8.67352e-12 -7.72641e-26  3.76261e-11  5.04107e-25 -1.35714e-10 -2.39774e-24  4.10025e-10  9.16829e-24 -1.04127e-09 -2.94109e-23  2.22212e-09  8.11577e-23 -3.96715e-09  -1.9614e-22   5.8656e-09  4.21536e-22 -7.04762e-09 -8.17285e-22   6.6379e-09  1.44916e-21 -4.52892e-09 -2.37691e-21  1.73248e-09  3.62918e-21  2.87773e-10 -5.15296e-21 -8.19184e-10  6.74702e-21  3.68472e-10 -8.03882e-21  9.89514e-11  8.58514e-21 -1.55196e-10 -8.10031e-21  1.60095e-11  6.67149e-21  4.18175e-11 -4.76501e-21 -1.10463e-11  2.97488e-21 -1.00701e-11 -1.69712e-21  3.22094e-12  9.81132e-22  2.44647e-12 -6.34247e-22 -6.07015e-13   4.3522e-22  -5.8256e-13  -2.6959e-22  4.90899e-14  1.27713e-22     1.19e-13 -3.39099e-23  1.34096e-14 -6.36778e-24 -1.70839e-14  1.19754e-23 -6.04249e-15 -6.21124e-24  9.69644e-16  1.77317e-24  1.06442e-15 -5.46425e-25  1.72546e-16  4.98075e-25  -7.1729e-17 -3.58901e-25 -3.85925e-17  1.12394e-25  -4.5327e-18  1.69173e-26  1.95655e-18 -2.56121e-26  9.18496e-19  5.52236e-27   1.3096e-19  1.98921e-27  -1.8825e-20 -1.14953e-27  -1.2214e-20  3.10513e-29 -2.37059e-21  1.07728e-28 -1.09077e-22 -1.95612e-29  5.62447e-23 -8.23105e-30  1.61617e-23  2.79639e-30  2.08003e-24  4.76112e-31  8.35046e-26 -2.20242e-31 -1.92593e-26 -1.65072e-32 -4.26924e-27  8.48326e-33 -4.29517e-28  1.08504e-34 -2.24518e-29 -3.24948e-35   -1.122e-31 -1.86733e-35  7.06325e-32 -6.53686e-37  5.00009e-33  1.47472e-37  1.53727e-34  8.06313e-39  1.85235e-36  4.48512e-41
 2.87056e-32  2.14951e-18 -9.64506e-31 -8.17491e-17  1.33053e-29  1.63473e-15 -1.15586e-28 -2.16059e-14  7.04459e-28  2.08365e-13 -2.93012e-27 -1.54869e-12  5.65754e-27  9.17792e-12  2.77815e-26 -4.43454e-11 -3.50399e-25  1.77317e-10  2.12025e-24 -5.92441e-10 -9.38182e-24  1.66313e-09  3.34419e-23  -3.9299e-09  -1.0011e-22  7.80084e-09  2.57796e-22 -1.29222e-08 -5.80949e-22  1.76296e-08   1.1629e-21 -1.93314e-08 -2.09896e-21  1.62355e-08  3.46998e-21 -9.28022e-09 -5.33093e-21  2.06822e-09  7.68129e-21  1.86351e-09 -1.03786e-20 -1.93212e-09  1.30144e-20  3.91008e-10 -1.48885e-20  4.66387e-10  1.52408e-20 -2.86675e-10 -1.37045e-20  -6.3711e-11  1.06508e-20  9.57113e-11 -7.07207e-21  4.72831e-12  4.02495e-21 -2.55532e-11 -2.06699e-21 -5.89332e-13  1.11548e-21  6.04982e-12 -7.38526e-22  5.39433e-13  5.41739e-22 -1.22563e-12  -3.5227e-22 -2.79083e-13  1.71804e-22  1.82291e-13 -4.78548e-23  8.48102e-14 -5.95012e-24 -1.12475e-14  1.37361e-23 -1.56126e-14 -6.68548e-24 -2.39825e-15  1.50914e-24  1.39232e-15 -4.07833e-25  6.76169e-16  5.99263e-25   4.0772e-17 -4.92306e-25 -5.58338e-17  1.70858e-25 -2.01065e-17  1.11688e-26 -1.33162e-18 -3.10511e-26  1.08936e-18  8.00871e-27  3.99916e-19  1.63787e-27  4.91103e-20 -1.23747e-27 -6.97589e-21  1.07288e-28 -4.00778e-21  9.31887e-29 -7.39099e-22 -2.42603e-29 -4.51486e-23 -7.14172e-30  1.02275e-23  3.07965e-30  3.16339e-24  4.77984e-31  4.15999e-25 -2.37675e-31  2.52469e-26 -1.37493e-32 -9.22994e-28  7.63089e-33  -3.5129e-28  6.51352e-35 -3.55334e-29 -3.25352e-35 -1.91948e-30 -1.35787e-35 -4.78917e-32 -5.31034e-37  3.69872e-34  7.87348e-38  4.87724e-35  4.01178e-39  6.57687e-37
-4.63918e-19   4.9706e-31  3.14361e-17 -9.67246e-30 -8.36018e-16   1.0408e-28  1.34891e-14 -7.70599e-28 -1.52453e-13  4.16833e-27  1.29724e-12  -1.5707e-26 -8.67352e-12  2.77815e-26  4.68358e-11  1.25821e-25 -2.08026e-10 -1.47068e-24  7.69312e-10   8.2774e-24  -2.3869e-09 -3.41622e-23  6.23678e-09  1.13785e-22 -1.37264e-08 -3.18515e-22   2.5349e-08  7.66677e-22 -3.89284e-08 -1.61259e-21  4.88789e-08  3.00651e-21 -4.86165e-08 -5.04563e-21   3.5841e-08  7.75911e-21 -1.61558e-08 -1.11371e-20 -4.85464e-11  1.51232e-20  5.97819e-09 -1.94572e-20 -3.57375e-09  2.34199e-20 -2.58591e-10 -2.57967e-20  1.27352e-09  2.53708e-20 -3.26901e-10 -2.17702e-20 -3.02305e-10  1.59625e-20  1.46704e-10 -9.82494e-21  6.60799e-11    5.051e-21 -4.18864e-11 -2.29188e-21 -1.61044e-11  1.15012e-21  9.14891e-12 -8.10397e-22  4.31518e-12  6.51694e-22 -1.39525e-12 -4.46334e-22 -1.05881e-12  2.23592e-22  6.52243e-14 -6.44837e-23  1.95614e-13 -5.67932e-24  3.41304e-14   1.6387e-23  -2.0717e-14 -7.82305e-24 -1.01214e-14  1.53127e-24 -1.40726e-16 -3.30186e-25  1.13955e-15    6.926e-25  3.44968e-16 -6.18306e-25  -9.0703e-18  2.29932e-25 -3.28757e-17  2.98765e-27 -8.94541e-18 -3.50297e-26 -2.85338e-19  1.03069e-26  4.77754e-19  9.95233e-28  1.48542e-19 -1.19916e-27  1.69269e-20  1.98575e-28 -1.83281e-21  6.53795e-29 -1.05719e-21 -2.90701e-29 -1.89857e-22 -5.58995e-30 -1.43757e-23  3.34941e-30  1.08687e-24   4.6132e-31  4.44421e-25 -2.43219e-31  5.93819e-26 -1.03168e-32  4.17691e-27  6.43664e-33  7.92414e-29  -1.7223e-35 -1.42876e-29 -3.55663e-35 -1.55619e-30 -9.02066e-36 -7.41337e-32 -3.50014e-37 -1.70619e-33  3.53246e-38 -1.25889e-35  1.32438e-39
-1.74005e-31 -9.20994e-18  5.82616e-30  3.56593e-16 -8.05399e-29 -7.26514e-15  7.13491e-28  9.79116e-14 -4.61532e-27 -9.63683e-13  2.24566e-26  7.31718e-12 -7.72641e-26 -4.43454e-11  1.25821e-25  2.19376e-10  5.27499e-25 -8.99287e-10  -5.7312e-24  3.08499e-09  3.00832e-23 -8.90758e-09 -1.16085e-22   2.1695e-08  3.62093e-22 -4.45053e-08 -9.49715e-22  7.64545e-08  2.14032e-21 -1.08699e-07 -4.20629e-21  1.25164e-07  7.30469e-21 -1.11966e-07 -1.13832e-20  7.07009e-08  1.62383e-20 -2.19142e-08 -2.17066e-20 -9.38526e-09  2.77278e-20  1.43243e-08 -3.39979e-20 -4.75693e-09  3.93954e-20 -2.63929e-09 -4.19224e-20  2.52973e-09  3.97145e-20  8.02967e-11 -3.25627e-20 -7.69587e-10  2.25222e-20  9.44834e-11 -1.28164e-20  1.99387e-10  5.89715e-21 -3.17339e-11  -2.3122e-21 -4.90165e-11  1.08232e-21   4.5566e-12 -8.59405e-22  1.11264e-11  7.70452e-22  5.33413e-13    -5.54e-22 -2.05856e-12  2.84758e-22 -4.90191e-13 -8.51035e-23  2.41452e-13 -5.04863e-24  1.33872e-13  2.00983e-23 -1.19292e-15 -1.00111e-23 -1.82938e-14  2.09783e-24 -4.94883e-15 -3.85538e-25  6.49287e-16  7.64207e-25  6.99773e-16 -7.16343e-25  1.45839e-16  2.80869e-25 -1.58861e-17 -6.16646e-27 -1.56841e-17 -3.68385e-26 -3.46873e-18  1.19321e-26 -4.79246e-20  1.09985e-28  1.68204e-19  -1.0088e-27  4.67691e-20   2.9724e-28  5.25686e-21  2.70004e-29  -3.0126e-22 -3.39552e-29 -2.16439e-22 -3.93353e-30 -3.85338e-23   3.5965e-30 -3.33316e-24  4.34657e-31  2.59661e-27 -2.34027e-31   4.0363e-26 -6.63944e-33   5.5909e-27  5.06168e-33  4.00603e-28 -1.18239e-34  1.42219e-29 -3.91926e-35 -5.09516e-32 -5.54696e-36 -2.65115e-32 -1.93218e-37 -9.36187e-34  1.24561e-38 -9.02436e-36
 1.78332e-18 -2.76383e-30 -1.23043e-16  5.35008e-29  3.33438e-15 -5.76493e-28 -5.48664e-14  4.35681e-27  6.32938e-13 -2.50741e-26 -5.50248e-12  1.10862e-25  3.76261e-11 -3.50399e-25 -2.08026e-10  5.27499e-25  9.47221e-10  2.05359e-24 -3.59623e-09 -2.07948e-23  1.14737e-08  1.02042e-22 -3.08884e-08 -3.68986e-22  7.02074e-08  1.08012e-21 -1.34302e-07 -2.65962e-21  2.14508e-07   5.6212e-21 -2.81783e-07 -1.03334e-20  2.96111e-07  1.67172e-20 -2.35342e-07 -2.41554e-20  1.22067e-07  3.18602e-20 -1.55591e-08 -3.95016e-20 -3.43612e-08  4.73543e-20  2.73815e-08 -5.54037e-20 -2.40808e-09  6.20471e-20 -8.15324e-09 -6.40522e-20  3.58274e-09  5.86102e-20  1.55969e-09 -4.59714e-20 -1.35905e-09  2.99874e-20 -2.60977e-10 -1.57473e-20  3.82227e-10  6.43986e-21  5.90347e-11 -2.13842e-21 -9.03466e-11  9.58622e-22 -1.99238e-11 -9.14468e-22  1.72072e-11  9.07243e-22   6.5121e-12 -6.77588e-22 -2.12181e-12  3.57092e-22 -1.58102e-12 -1.11407e-22 -4.23347e-15 -3.11297e-24  2.41425e-13  2.47188e-23  6.33559e-14 -1.34729e-23  -1.4277e-14  3.40079e-24 -1.16437e-14 -6.24543e-25 -1.81344e-15  8.00686e-25  6.26198e-16  -7.7109e-25  3.49055e-16  3.16321e-25   5.2505e-17 -1.40943e-26 -9.90228e-18 -3.61891e-26 -6.22482e-18  1.24214e-26  -1.1858e-18 -9.23128e-28 -1.38242e-20 -6.62607e-28  4.72609e-20  3.94605e-28  1.22559e-20 -1.66448e-29  1.40409e-21 -3.88862e-29 -1.11769e-23 -2.57672e-30 -3.24621e-23  3.78793e-30 -5.85789e-24   4.0836e-31 -5.39408e-25 -2.09605e-31 -1.85462e-26 -3.08754e-33  1.84389e-27  3.68177e-33  3.06934e-28 -2.09546e-34  2.06006e-29 -4.04912e-35  7.20402e-31 -3.22406e-36  1.01538e-32 -9.20823e-38 -4.76641e-35  2.89934e-39
 8.96371e-31  3.24244e-17 -2.98006e-29  -1.2795e-15   4.0915e-28  2.65895e-14 -3.62805e-27 -3.65825e-13  2.39867e-26  3.67915e-12 -1.24503e-25 -2.85735e-11  5.04107e-25  1.77317e-10 -1.47068e-24 -8.99287e-10  2.05359e-24  3.78445e-09  7.44399e-24 -1.33482e-08 -7.04202e-23  3.96985e-08  3.23764e-22 -9.98043e-08 -1.09938e-21  2.11899e-07   3.0262e-21 -3.78045e-07  -7.0085e-21  5.60872e-07  1.39144e-20 -6.78862e-07 -2.39534e-20  6.46685e-07  3.61062e-20 -4.48351e-07 -4.82986e-20  1.75877e-07  5.86719e-20  2.78834e-08 -6.71152e-20  -8.5675e-08   7.5272e-20  4.08352e-08 -8.42004e-20  9.64583e-09  9.16284e-20 -1.74658e-08 -9.22244e-20  2.44396e-09  8.17435e-20  4.74899e-09 -6.13824e-20 -1.52828e-09  3.77489e-20 -1.15387e-09 -1.82885e-20  4.64932e-10  6.65161e-21  2.89067e-10 -1.88019e-21 -9.75466e-11  8.76052e-22 -7.33381e-11 -1.01747e-21  1.15677e-11  1.07108e-21  1.63841e-11  -8.1772e-22  8.89799e-13    4.413e-22 -2.65882e-12 -1.44684e-22  -7.6279e-13  1.23658e-24  2.06893e-13  2.97398e-23  1.60639e-13 -1.81607e-23  1.83486e-14  5.49074e-24 -1.34513e-14 -1.04928e-24 -5.89214e-15  7.90057e-25   -4.524e-16 -7.78289e-25  3.76946e-16  3.32762e-25  1.46678e-16 -1.81956e-26  1.66834e-17 -3.33186e-26 -4.22105e-18  1.14304e-26 -2.06951e-18 -1.98369e-27 -3.56832e-19 -1.83019e-28 -8.00529e-21  4.82764e-28  1.03211e-20 -5.85341e-29  2.59295e-21 -4.37617e-29   3.0436e-22 -1.85925e-30  8.83964e-24  3.87538e-30 -3.20439e-24  3.90704e-31 -6.21122e-25 -1.72445e-31 -5.75814e-26  3.39532e-35 -2.74919e-27  2.44996e-33 -6.90099e-30 -2.65641e-34  7.66415e-30 -3.75166e-35  4.60355e-31 -1.80185e-36  1.12107e-32 -3.86102e-38  8.07889e-35
-5.65688e-18  1.31575e-29  3.97882e-16 -2.52368e-28 -1.10004e-14  2.69662e-27  1.84826e-13 -2.03962e-26 -2.17908e-12  1.20178e-25  1.93799e-11 -5.68422e-25 -1.35714e-10  2.12025e-24  7.69312e-10  -5.7312e-24 -3.59623e-09  7.44399e-24  1.40375e-08  2.51843e-23 -4.61231e-08 -2.23056e-22  1.28127e-07  9.62807e-22 -3.01225e-07 -3.07605e-21  5.97803e-07  7.97713e-21 -9.94524e-07 -1.74071e-20  1.36858e-06  3.25147e-20 -1.52049e-06 -5.24763e-20  1.30071e-06  7.37123e-20  -7.6388e-07 -9.11226e-20  1.82639e-07  1.01465e-19  1.51835e-07 -1.06342e-19  -1.6936e-07  1.11116e-19  3.99742e-08 -1.19231e-19  4.00516e-08  1.27044e-19 -2.80608e-08 -1.25442e-19 -4.57087e-09  1.07988e-19   9.4897e-09 -7.76363e-20 -9.55166e-11  4.49887e-20  -2.6044e-09 -2.01679e-20  1.13256e-10  6.64936e-21   6.4789e-10 -1.74575e-21  1.26325e-11  9.62685e-22 -1.42153e-10 -1.20972e-21 -2.20422e-11  1.26623e-21   2.4064e-11   -9.719e-22  8.74856e-12  5.35765e-22 -2.17053e-12 -1.84871e-22 -1.90684e-12  8.87043e-24 -1.74605e-13  3.43711e-23  2.09681e-13 -2.37265e-23   8.0942e-14  8.23666e-24  -1.6406e-16 -1.59459e-24 -8.36514e-15  7.21277e-25 -2.47899e-15 -7.47761e-25 -4.00801e-17  3.31844e-25  1.73092e-16 -1.59245e-26  5.29205e-17 -2.89319e-26  4.90589e-18  8.80876e-27  -1.3494e-18 -2.95276e-27 -5.72289e-19  3.81834e-28 -9.28478e-20   5.5605e-28  -3.7229e-21 -9.14213e-29  1.65918e-21 -4.83405e-29  4.23959e-22 -1.95453e-30  5.03862e-23  3.81508e-30  2.60243e-24   3.8472e-31 -1.53492e-25 -1.27719e-31 -4.12145e-26  2.47696e-33  -3.7071e-27  1.46645e-33 -1.78264e-28 -2.73896e-34 -3.80328e-30 -3.03467e-35  3.03491e-32  -9.5392e-37  2.48934e-33  -1.2971e-38
-3.98451e-30 -9.45991e-17  1.31387e-28  3.80949e-15 -1.78354e-27 -8.08561e-14    1.566e-26  1.13721e-12 -1.03647e-25 -1.17028e-11  5.51949e-25  9.30974e-11 -2.39774e-24 -5.92441e-10   8.2774e-24  3.08499e-09 -2.07948e-23 -1.33482e-08  2.51843e-23  4.84834e-08  7.96921e-23  -1.4876e-07 -6.62149e-22  3.86677e-07  2.68843e-21  -8.5108e-07 -8.09621e-21  1.57947e-06  1.98154e-20 -2.44898e-06 -4.08091e-20  3.11946e-06  7.18242e-20 -3.16478e-06 -1.08794e-19  2.39828e-06  1.42425e-19 -1.13231e-06 -1.62372e-19  3.14406e-08  1.64745e-19  4.12852e-07 -1.56701e-19  -2.7109e-07  1.51666e-19  -5.4905e-09 -1.56999e-19  9.52806e-08  1.65626e-19 -3.07881e-08 -1.61618e-19 -2.18506e-08  1.35405e-19  1.34584e-08 -9.31016e-20  4.54008e-09  5.08007e-20 -3.98244e-09 -2.12574e-20 -1.11199e-09  6.70241e-21  9.40278e-10 -2.00097e-21  3.28671e-10  1.33918e-21 -1.67551e-10 -1.51565e-21 -9.23699e-11  1.48933e-21  1.55867e-11 -1.13428e-21  1.97805e-11  6.35804e-22  1.93526e-12 -2.29866e-22 -2.57843e-12  2.00721e-23 -9.59396e-13  3.77093e-23  7.22768e-14 -2.95967e-23  1.36148e-13  1.13416e-23  3.21362e-14  -2.1272e-24 -3.93969e-15  5.83182e-25 -4.05635e-15 -7.02219e-25 -8.93325e-16  3.20042e-25  2.65869e-17 -5.26133e-27  6.40628e-17 -2.39929e-26  1.65088e-17  4.64257e-27  1.38655e-18 -3.73881e-27 -3.25228e-19   9.6389e-28 -1.29038e-19   6.1163e-28 -2.01987e-20 -1.09603e-28 -1.17065e-21 -5.22251e-29  1.74309e-22 -2.81137e-30  5.03618e-23  3.58927e-30   5.9604e-24  3.87274e-31  3.68802e-25 -8.20294e-32  3.75504e-27  4.06778e-33 -1.38224e-27  7.66574e-34 -1.22817e-28 -2.38622e-34 -4.88086e-30 -2.09442e-35 -8.69278e-32 -4.43371e-37 -3.66493e-34
 1.48978e-17 -5.43855e-29 -1.06968e-15  1.03229e-27  3.02149e-14 -1.08811e-26 -5.19126e-13  8.13904e-26  6.26454e-12 -4.80445e-25  -5.7084e-11  2.33728e-24  4.10025e-10 -9.38182e-24  -2.3869e-09  3.00832e-23  1.14737e-08 -7.04202e-23 -4.61231e-08  7.96921e-23  1.56337e-07  2.36324e-22 -4.48918e-07 -1.84546e-21  1.09356e-06  7.06045e-21 -2.25546e-06 -2.00765e-20  3.91493e-06  4.64505e-20 -5.65211e-06 -9.04268e-20  6.64523e-06  1.50166e-19 -6.11255e-06 -2.13687e-19  4.01902e-06  2.60711e-19 -1.36526e-06 -2.73422e-19 -4.68337e-07  2.50849e-19  8.53488e-07 -2.13598e-19 -3.32257e-07  1.89867e-19 -1.40036e-07 -1.91563e-19  1.69026e-07    2.034e-19 -7.52405e-09 -1.97826e-19 -5.09769e-08  1.61438e-19   1.0903e-08 -1.05864e-19  1.33069e-08  5.43535e-20 -3.60828e-09   -2.163e-20 -3.41252e-09  7.18472e-21  7.08828e-10 -2.89203e-21  8.43977e-10  2.07136e-21 -4.44829e-11 -1.92944e-21 -1.77481e-10  1.72965e-21 -2.54354e-11 -1.29668e-21  2.57272e-11  7.33742e-22  1.02786e-11  -2.7546e-22 -1.25555e-12  3.44132e-23 -1.77263e-12  3.89439e-23 -3.41061e-13  -3.5132e-23  1.07494e-13  1.44152e-23  6.81284e-14 -2.46675e-24  1.01376e-14  3.64254e-25  -2.8256e-15 -6.71923e-25 -1.62183e-15  3.06605e-25 -2.82826e-16  1.48788e-26  1.64315e-17 -1.94317e-26  1.93992e-17 -7.42787e-28  4.43002e-18 -4.29442e-27  3.72492e-19  1.48586e-27 -5.63365e-20  6.48943e-28 -2.29343e-20 -1.10452e-28 -3.50771e-21  -5.4918e-29 -2.50154e-22 -4.16333e-30  7.61002e-24  3.21773e-30  3.94988e-24  3.90682e-31  4.63045e-25 -4.16578e-32  2.89623e-26  4.75062e-33  8.43548e-28  3.28772e-34 -9.28579e-30  -1.7731e-34  -1.4839e-30 -1.19615e-35 -3.54443e-32  -1.5091e-37
 1.54575e-29  2.29628e-16 -5.05814e-28 -9.45122e-15  6.77809e-27  2.05209e-13 -5.85708e-26 -2.95521e-12   3.8301e-25  3.11702e-11 -2.04606e-24 -2.54419e-10  9.16829e-24  1.66313e-09 -3.41622e-23 -8.90758e-09  1.02042e-22  3.96985e-08 -2.23056e-22  -1.4876e-07  2.36324e-22   4.7177e-07  6.57938e-22 -1.27026e-06  -4.8371e-21  2.90383e-06   1.7467e-20 -5.61622e-06 -4.69725e-20  9.11645e-06  1.02895e-19 -1.22381e-05 -1.89618e-19  1.32293e-05   2.9748e-19 -1.09228e-05 -3.98022e-19  6.02248e-06  4.52463e-19 -1.04228e-06 -4.35152e-19 -1.56937e-06  3.57289e-19  1.44285e-06 -2.66678e-19  -2.2719e-07  2.14699e-19 -4.05305e-07 -2.15323e-19   2.2696e-07   2.3593e-19  6.58737e-08  -2.3083e-19 -8.45304e-08  1.83233e-19 -6.96198e-09 -1.13999e-19  2.43933e-08  5.50626e-20  1.09153e-09  -2.1567e-20 -6.15597e-09  8.47576e-21 -6.55083e-10 -4.55156e-21  1.31968e-09  3.12948e-21  3.24867e-10 -2.40961e-21 -2.05778e-10  1.97193e-21 -1.01646e-10 -1.45027e-21  1.25688e-11  8.19829e-22  1.93526e-11 -3.16002e-22  3.24259e-12  5.09153e-23 -1.72881e-12  3.75353e-23 -9.00655e-13 -3.98213e-23 -7.02714e-14  1.70798e-23  7.13232e-14 -2.42526e-24   2.8009e-14  5.43966e-26  2.51788e-15 -6.86679e-25 -1.31494e-15   3.0049e-25  -5.4745e-16  4.43476e-26  -8.0347e-17 -1.58718e-26  5.13761e-18 -6.81472e-27  4.77906e-18 -4.61864e-27  1.00389e-18  1.87524e-27  8.91548e-20   6.6821e-28  -5.9942e-21 -9.52147e-29 -3.05021e-21 -5.59429e-29 -4.59021e-22 -5.60709e-30  -3.5891e-23  2.75291e-30 -6.91578e-25  3.85949e-31  1.69284e-25 -1.09917e-32  2.07899e-26  4.62044e-33  1.16564e-27  9.57065e-35  3.30615e-29 -1.11581e-34  3.21461e-31 -5.34569e-36 -1.70504e-33
 -3.2627e-17  1.97213e-28  2.39552e-15 -3.70627e-27 -6.92525e-14  3.84608e-26  1.21886e-12 -2.82469e-25  -1.5082e-11  1.64665e-24  1.41068e-10 -8.05136e-24 -1.04127e-09  3.34419e-23  6.23678e-09 -1.16085e-22 -3.08884e-08  3.23764e-22  1.28127e-07 -6.62149e-22 -4.48918e-07  6.57938e-22  1.33515e-06  1.72256e-21 -3.37684e-06 -1.19421e-20  7.25278e-06  4.07659e-20 -1.31604e-05 -1.03835e-19  1.99689e-05  2.15658e-19 -2.48758e-05 -3.76705e-19   2.4594e-05   5.5895e-19 -1.79614e-05 -7.03644e-19  7.79905e-06   7.4489e-19  5.53024e-07 -6.54259e-19 -3.49445e-06  4.73822e-19    1.988e-06 -2.99132e-19  2.36778e-07  2.12432e-19 -8.00413e-07 -2.20806e-19   1.9459e-07  2.59546e-19  2.06628e-07 -2.57689e-19 -9.96196e-08  1.98022e-19 -4.79667e-08 -1.15885e-19  3.10249e-08  5.27342e-20  1.22719e-08 -2.15047e-20 -7.33743e-09  1.08358e-20 -3.48183e-09 -6.91975e-21  1.21949e-09  4.37024e-21  9.14337e-10 -2.88398e-21 -6.93492e-11  2.20033e-21  -1.8113e-10 -1.58699e-21 -3.07989e-11  8.83695e-22  2.05053e-11 -3.45605e-22  9.98285e-12  6.84176e-23  1.13364e-13  3.33104e-23 -1.17213e-12 -4.34318e-23 -3.62606e-13  1.90729e-23   6.5858e-15 -1.85465e-24  3.42706e-14 -3.51035e-25  9.78595e-15 -7.67606e-25  4.86442e-16  3.07359e-25 -4.65646e-16  8.16068e-26 -1.57096e-16 -1.34755e-26 -2.06496e-17 -1.28959e-26  9.72086e-19 -4.74421e-27  9.36603e-19  2.07874e-27  1.86067e-19  6.68796e-28  1.75137e-20 -6.87323e-29 -1.09279e-22 -5.49886e-29 -2.79147e-22 -6.72616e-30 -4.20473e-23  2.26108e-30 -3.30319e-24  3.66167e-31 -1.23791e-25  8.30924e-33  1.73879e-27  3.90773e-33  4.23632e-28 -1.77693e-36  1.86891e-29 -5.80618e-35  3.09082e-31 -1.62402e-36
-5.27814e-29 -4.63556e-16  1.71657e-27  1.95383e-14 -2.27184e-26  -4.3482e-13  1.92698e-25  6.42442e-12 -1.23454e-24 -6.95924e-11  6.51384e-24   5.8402e-10 -2.94109e-23  -3.9299e-09  1.13785e-22   2.1695e-08 -3.68986e-22 -9.98043e-08  9.62807e-22  3.86677e-07 -1.84546e-21 -1.27026e-06  1.72256e-21  3.55065e-06  4.24775e-21 -8.44891e-06 -2.78117e-20  1.70663e-05  8.98814e-20 -2.90614e-05 -2.17147e-19  4.11864e-05  4.28183e-19 -4.74805e-05 -7.09804e-19   4.2623e-05  9.97066e-19   -2.692e-05  -1.1815e-18  7.98157e-06  1.16365e-18  4.38155e-06 -9.28317e-19 -6.24074e-06  5.80227e-19  2.04762e-06 -2.88864e-19  1.26628e-06  1.69499e-19 -1.22373e-06 -2.03099e-19 -3.69968e-08  2.72537e-19  4.00942e-07 -2.76211e-19 -5.68726e-08   2.0346e-19 -1.10643e-07 -1.10491e-19  2.11006e-08  4.76482e-20  2.90738e-08 -2.19358e-20 -3.73374e-09  1.42964e-20 -7.13927e-09 -9.71272e-21  -1.2442e-10  5.55203e-21  1.44732e-09 -3.26412e-21  3.07318e-10  2.40168e-21 -1.90501e-10 -1.70008e-21 -9.73211e-11  9.15983e-22  3.63606e-12 -3.59468e-22  1.46901e-11  8.59615e-23  3.76802e-12  2.64563e-23 -6.03534e-13 -4.60556e-23 -5.82056e-13  2.03105e-23 -1.19287e-13 -6.88677e-25  1.36042e-14  -8.4603e-25  1.31684e-14 -9.21128e-25   2.9702e-15  3.27744e-25  7.76691e-17  1.23742e-25 -1.30398e-16 -1.19632e-26 -3.80779e-17 -1.82517e-26 -4.72801e-18 -4.71514e-27  7.57106e-20  2.07334e-27  1.40101e-19  6.48394e-28  2.69517e-20 -3.81015e-29  2.61749e-21 -5.20164e-29  7.78136e-23 -7.21703e-30 -1.48472e-23  1.79939e-30 -2.42648e-24  3.28819e-31 -1.78161e-25  1.71943e-32 -6.94032e-27  2.91076e-33  -9.8567e-29 -2.56164e-35  1.89686e-30 -2.36819e-35  5.01776e-32
