 7.06434e-06  2.95478e-20 -7.22358e-05 -3.94248e-19  0.000258403  1.49094e-18  -0.00047679 -2.86094e-18  0.000476385  3.16122e-18 -0.000205551 -2.04331e-18 -4.70224e-05  7.13732e-19  8.21799e-05 -8.74601e-20 -1.92769e-05 -2.05008e-20 -5.19054e-06  7.89773e-21   1.4856e-06
 2.95478e-20  0.000105937  2.31464e-19 -0.000585096 -2.13727e-18   0.00148925  6.25862e-18  -0.00206239   -9.503e-18   0.00148005  8.23289e-18  -0.00026152 -4.00832e-18 -0.000362401   9.2389e-19  0.000227523   9.3383e-21   -1.319e-05 -5.86716e-20 -1.60957e-05  1.17125e-20
-7.22358e-05  2.31464e-19  0.000746582  1.04344e-18  -0.00271452 -7.22877e-18   0.00513615  1.66754e-17  -0.00535124 -2.00642e-17   0.00254133  1.35835e-17  0.000390266 -4.98336e-18  -0.00101867   7.8251e-19  0.000338222  7.11151e-20  3.05096e-05 -7.00688e-20 -1.95246e-05
-3.94248e-19 -0.000585096  1.04344e-18   0.00328475  3.28805e-18  -0.00857218 -1.76517e-17    0.0123515  3.22311e-17  -0.00953482 -3.06911e-17   0.00230441  1.63222e-17   0.00212056 -4.83758e-18  -0.00175727  8.23508e-19  0.000308088 -8.02045e-21  7.38916e-05 -5.55543e-20
 0.000258403 -2.13727e-18  -0.00271452  3.28805e-18    0.0101189  7.75908e-18   -0.0198979 -3.26192e-17    0.0221008  4.70492e-17   -0.0120945 -3.53447e-17 -0.000351544  1.52383e-17   0.00449747  -4.6059e-18  -0.00218769  1.31935e-18  0.000177189 -1.03549e-19   6.4879e-05
 1.49094e-18   0.00148925 -7.22877e-18  -0.00857218  7.75908e-18    0.0232411  1.40547e-17   -0.0355583 -4.62154e-17    0.0305521   5.2036e-17   -0.0105771 -3.05942e-17  -0.00501713  1.19327e-17   0.00655674 -5.20889e-18  -0.00219133  1.89014e-18  8.52358e-05 -7.69824e-20
 -0.00047679  6.25862e-18   0.00513615 -1.76517e-17   -0.0198979  1.40547e-17    0.0414986  1.96179e-17   -0.0506743 -4.95693e-17    0.0335571  4.16854e-17  -0.00492288 -1.86506e-17  -0.00994757  9.11943e-18   0.00765249 -6.44411e-18  -0.00195847  1.91635e-18  7.51675e-05
-2.86094e-18  -0.00206239  1.66754e-17    0.0123515 -3.26192e-17   -0.0355583  1.96179e-17     0.059613  2.07019e-17   -0.0596314 -3.73068e-17    0.0301417  1.86169e-17    0.0024248 -5.15659e-18   -0.0135152  8.28378e-18   0.00777301 -7.24746e-18  -0.00162157  1.21638e-18
 0.000476385   -9.503e-18  -0.00535124  3.22311e-17    0.0221008 -4.62154e-17   -0.0506743  2.07019e-17    0.0713865  1.50409e-17    -0.060507 -1.17192e-17    0.0231033  -9.0622e-18   0.00860504  5.01548e-18   -0.0150616  9.30774e-18   0.00703295  -6.7344e-18  -0.00104474
 3.16122e-18   0.00148005 -2.00642e-17  -0.00953482  4.70492e-17    0.0305521 -4.95693e-17   -0.0596314  1.50409e-17      0.07449  3.58226e-18   -0.0561306  1.96006e-17    0.0164023 -3.34244e-17     0.011937  8.94423e-18   -0.0143879  1.16355e-17   0.00526323 -4.77142e-18
-0.000205551  8.23289e-18   0.00254133 -3.06911e-17   -0.0120945   5.2036e-17    0.0335571 -3.73068e-17    -0.060507  3.58226e-18    0.0717141  -1.0545e-17   -0.0511504  4.89423e-17    0.0127806 -4.82807e-17    0.0116072  3.89579e-18   -0.0111699  1.43842e-17   0.00260467
-2.04331e-18  -0.00026152  1.35835e-17   0.00230441 -3.53447e-17   -0.0105771  4.16854e-17    0.0301417 -1.17192e-17   -0.0561306  -1.0545e-17    0.0679292 -2.41082e-17   -0.0490554  6.98162e-17    0.0137302  -4.6131e-17   0.00703043 -1.18603e-17  -0.00586471  1.38863e-17
-4.70224e-05 -4.00832e-18  0.000390266  1.63222e-17 -0.000351544 -3.05942e-17  -0.00492288  1.86169e-17    0.0231033  1.96006e-17   -0.0511504 -2.41082e-17    0.0668851 -3.43551e-17   -0.0518157   7.3412e-17    0.0200456 -1.87662e-17 -0.000831552 -3.13446e-17  -0.00106828
 7.13732e-19 -0.000362401 -4.98336e-18   0.00212056  1.52383e-17  -0.00501713 -1.86506e-17    0.0024248  -9.0622e-18    0.0164023  4.89423e-17   -0.0490554 -3.43551e-17    0.0707148 -3.73111e-17   -0.0602889  4.79459e-17    0.0300337  2.95951e-17  -0.00746234 -3.46363e-17
 8.21799e-05   9.2389e-19  -0.00101867 -4.83758e-18   0.00449747  1.19327e-17  -0.00994757 -5.15659e-18   0.00860504 -3.34244e-17    0.0127806  6.98162e-17   -0.0518157 -3.73111e-17    0.0802722 -2.72554e-17   -0.0720358 -8.06017e-18    0.0368713  6.77814e-17   -0.0074479
-8.74601e-20  0.000227523   7.8251e-19  -0.00175727  -4.6059e-18   0.00655674  9.11943e-18   -0.0135152  5.01548e-18     0.011937 -4.82807e-17    0.0137302   7.3412e-17   -0.0602889 -2.72554e-17    0.0927908 -2.13042e-18   -0.0781998 -6.72178e-17    0.0322493  5.90186e-17
-1.92769e-05   9.3383e-21  0.000338222  8.23508e-19  -0.00218769 -5.20889e-18   0.00765249  8.28378e-18   -0.0150616  8.94423e-18    0.0116072  -4.6131e-17    0.0200456  4.79459e-17   -0.0720358 -2.13042e-18    0.0985836  2.72572e-17   -0.0679322  -8.4572e-17    0.0168215
-2.05008e-20   -1.319e-05  7.11151e-20  0.000308088  1.31935e-18  -0.00219133 -6.44411e-18   0.00777301  9.30774e-18   -0.0143879  3.89579e-18   0.00703043 -1.87662e-17    0.0300337 -8.06017e-18   -0.0781998  2.72572e-17    0.0857692  4.10404e-17   -0.0416295 -5.03282e-17
-5.19054e-06 -5.86716e-20  3.05096e-05 -8.02045e-21  0.000177189  1.89014e-18  -0.00195847 -7.24746e-18   0.00703295  1.16355e-17   -0.0111699 -1.18603e-17 -0.000831552  2.95951e-17    0.0368713 -6.72178e-17   -0.0679322  4.10404e-17    0.0545824  3.01994e-17   -0.0147828
 7.89773e-21 -1.60957e-05 -7.00688e-20  7.38916e-05 -1.03549e-19  8.52358e-05  1.91635e-18  -0.00162157  -6.7344e-18   0.00526323  1.43842e-17  -0.00586471 -3.13446e-17  -0.00746234  6.77814e-17    0.0322493  -8.4572e-17   -0.0416295  3.01994e-17    0.0220573  1.10326e-17
  1.4856e-06  1.17125e-20 -1.95246e-05 -5.55543e-20   6.4879e-05 -7.69824e-20  7.51675e-05  1.21638e-18  -0.00104474 -4.77142e-18   0.00260467  1.38863e-17  -0.00106828 -3.46363e-17   -0.0074479  5.90186e-17    0.0168215 -5.03282e-17   -0.0147828  1.10326e-17   0.00420897
