 1.80467e-09 -5.59743e-24 -2.75076e-08  1.57086e-22  1.49726e-07 -1.22339e-21 -4.37866e-07  4.98101e-21  7.58956e-07   -1.264e-20 -7.64494e-07  2.14885e-20  3.53724e-07 -2.51916e-20  5.80982e-08  2.06246e-20 -1.13116e-07 -1.23915e-20 -7.99337e-09  6.63181e-21  2.99847e-08 -3.17324e-21  6.86925e-09 -1.36893e-21 -5.95215e-09  6.20342e-21  -3.5248e-09 -7.69035e-21  1.27831e-10  5.37825e-21  8.56402e-10 -2.23629e-21  3.54184e-10   5.7699e-22 -1.10976e-11 -3.25478e-22 -7.67289e-11  3.64559e-22 -3.78125e-11 -1.47704e-22 -6.23752e-12 -9.36119e-23  3.15159e-12  1.15114e-22  2.77233e-12 -2.63301e-23  1.05819e-12 -1.32509e-23  1.85835e-13  4.42631e-24 -4.22433e-14  3.14078e-24 -4.75648e-14  -1.8229e-24 -2.10442e-14  1.80553e-25 -6.03295e-15  1.21631e-25 -9.98772e-16 -4.61764e-26  6.90781e-17 -1.92716e-26  1.26103e-16  1.16573e-26  5.70624e-17  2.32515e-27  1.78908e-17 -4.70251e-28  4.34651e-18  -1.3076e-27  8.08823e-19  3.50251e-28  9.57706e-20  2.23357e-28 -3.42311e-21 -3.16628e-29 -6.08129e-21 -5.51965e-29 -2.19871e-21 -2.47839e-30 -5.68228e-22  8.07434e-30 -1.20761e-22  1.26509e-30 -2.20687e-23 -5.18941e-31 -3.52631e-24 -5.80498e-32  -4.9418e-25  3.66603e-32 -6.02413e-26 -3.72178e-34 -6.23027e-27 -3.26584e-33 -5.11672e-28 -4.50588e-34 -2.59964e-29 -3.61848e-35  8.86041e-31 -1.17274e-35  4.46509e-31  2.48872e-36  7.15245e-32  1.68621e-36  8.27944e-33  5.35364e-38  7.77413e-34 -1.17441e-37  6.13056e-35 -3.07987e-38  4.09767e-36 -2.23286e-39  2.31434e-37  3.01319e-40  1.09215e-38  6.46599e-41  4.21709e-40  3.12169e-42  1.29997e-41 -7.21369e-44  3.14227e-43 -1.32986e-45  5.87225e-45  6.54186e-46  4.86381e-47   1.5087e-47
-5.59743e-24  4.08289e-08  -9.6509e-23 -3.50004e-07  1.86943e-21  1.42486e-06 -1.15642e-20 -3.35294e-06  3.94877e-20  4.75521e-06 -8.62476e-20  -3.7749e-06  1.27598e-19  1.00951e-06 -1.30206e-19  7.14495e-07  9.23499e-20 -4.15788e-07 -4.94591e-20 -1.86903e-07  2.72352e-20  9.61357e-08 -1.37271e-20  6.70677e-08 -8.10878e-21 -6.95045e-09   2.8987e-20 -1.88181e-08  -3.2116e-20 -5.46655e-09  1.97724e-20  2.00161e-09 -6.61819e-21  2.11478e-09  1.08208e-21  6.06444e-10 -1.14617e-21 -1.16126e-10  1.57441e-21 -1.77367e-10 -5.52755e-22 -7.48631e-11 -4.33529e-22 -1.06305e-11  4.19926e-22  6.31454e-12 -5.10642e-23  5.18891e-12 -6.24654e-23  1.99918e-12  1.22612e-23  4.11094e-13  1.16636e-23 -2.74683e-14 -5.12762e-24 -6.43647e-14  3.38585e-25   -3.183e-14  4.59869e-25 -1.02642e-14 -1.84877e-25 -2.28528e-15 -8.54114e-26 -2.48696e-16  3.72079e-26  6.45164e-17  1.77776e-26  4.97899e-17 -3.17118e-27  1.86989e-17 -5.06432e-27  5.24871e-18  1.08658e-27  1.19219e-18  9.82687e-28  2.20462e-19 -1.07111e-28   3.1245e-20 -2.15922e-28  2.46008e-21 -9.64497e-30 -3.08181e-22  2.92043e-29 -1.90707e-22  4.62806e-30 -5.28357e-23 -1.56642e-30 -1.11259e-23 -1.78239e-31 -1.96861e-24  1.00133e-31 -3.03484e-25 -1.53663e-33 -4.14161e-26 -8.81929e-33 -5.03793e-27 -1.59258e-33 -5.47244e-28 -2.68614e-34 -5.29901e-29 -3.98955e-35 -4.55137e-30  1.73047e-35 -3.43815e-31  7.65987e-36 -2.25388e-32   3.1448e-37 -1.25517e-33 -4.06434e-37 -5.72189e-35 -1.04122e-37 -1.96896e-36 -8.08806e-39 -3.93995e-38   5.9071e-40   4.6649e-40  1.40021e-40  7.80127e-41  6.69737e-42  3.78931e-42  1.11795e-44  1.38867e-43  1.18031e-44  3.56121e-45  1.14919e-45  1.50582e-47
-2.75076e-08  -9.6509e-23  4.51381e-07 -9.40099e-22 -2.66365e-06  1.37629e-20  8.53211e-06  -6.9949e-20 -1.64749e-05  2.03775e-19  1.91455e-05 -3.86691e-19 -1.15287e-05  4.99929e-19  5.41723e-07 -4.43618e-19  3.22177e-06  2.71476e-19 -5.77107e-07 -1.32894e-19 -9.11929e-07  8.17151e-20  4.95929e-08 -4.32118e-20  2.52717e-07  -3.0684e-20   5.8523e-08  9.14347e-20 -4.26774e-08 -9.07567e-20 -3.07275e-08  4.87876e-20 -3.52104e-09 -1.18533e-20  5.11722e-09 -2.73031e-24  3.27316e-09  -3.1106e-21  6.63841e-10  4.78605e-21 -2.71424e-10 -1.37909e-21 -2.69098e-10 -1.37086e-21 -1.02982e-10  1.04147e-21 -1.40986e-11 -1.32998e-23  7.83776e-12 -1.79539e-22  6.46011e-12  1.77098e-23  2.56975e-12  2.82844e-23  6.13421e-13 -9.51536e-24   3.3755e-14   6.8172e-25 -4.91981e-14  1.20673e-24 -2.95664e-14  -5.2464e-25 -1.06984e-14 -2.81075e-25 -2.83454e-15  8.97616e-26 -5.35265e-16   6.5242e-26 -4.63632e-17 -1.01214e-26  1.47073e-17 -1.44832e-26   9.3829e-18  2.52391e-27  3.18618e-18  2.91908e-27  8.30257e-19 -2.53864e-28  1.79717e-19  -5.7671e-28  3.30508e-20 -2.42336e-29  5.13533e-21   7.2644e-29  6.46648e-22  1.16638e-29  5.64985e-23 -3.16428e-30  3.16209e-25  -3.5565e-31  -1.1948e-24  1.91294e-31 -3.23662e-25 -2.79229e-33 -5.96289e-26 -1.69709e-32 -8.92639e-27 -4.23812e-33  -1.1446e-27 -9.71289e-34 -1.28396e-28 -8.42945e-35 -1.27097e-29  6.65791e-35 -1.11285e-30  2.37178e-35 -8.60363e-32  1.14474e-36 -5.84386e-33  -9.6413e-37 -3.45854e-34 -2.42812e-37 -1.76245e-35 -2.04759e-38 -7.60827e-37  4.14004e-40 -2.71814e-38  1.68192e-40 -7.74485e-40  7.34558e-42 -1.60242e-41  1.33588e-43 -1.67414e-43  2.49402e-44  3.39091e-46  9.15946e-46
 1.57086e-22 -3.50004e-07 -9.40099e-22   3.2508e-06 -6.33478e-21 -1.44562e-05  7.38495e-20  3.76254e-05  -3.1577e-19  -6.0337e-05  7.95002e-19  5.70635e-05 -1.31997e-18 -2.39478e-05  1.49447e-18 -6.26037e-06 -1.14865e-18  8.71425e-06   6.0239e-19  1.07013e-06 -2.82983e-19 -2.43633e-06  2.09383e-19 -6.51897e-07 -1.11731e-19  5.02545e-07 -8.84271e-20  3.19882e-07  2.25061e-19 -1.09261e-08 -2.00916e-19 -8.12618e-08  9.33109e-20 -3.36609e-08 -1.21033e-20   1.8584e-09 -5.92687e-21   8.0326e-09 -7.48362e-21  3.84147e-09  1.17157e-20  5.43409e-10 -2.59233e-21 -3.95629e-10 -3.41653e-21 -3.15205e-10  2.01591e-21 -1.14409e-10  2.06627e-22 -1.69513e-11 -3.77956e-22  6.75539e-12  5.63152e-24  6.07671e-12  5.05829e-23  2.54365e-12 -1.35814e-23  6.90645e-13   2.1319e-24   9.7844e-14  2.71719e-24 -1.74762e-14 -1.22079e-24 -1.80926e-14 -7.48508e-25  -7.6076e-15  1.86701e-25  -2.2954e-15  1.71759e-25  -5.3844e-16 -2.43898e-26 -9.51432e-17 -3.44689e-26 -9.66108e-18  5.09391e-27  1.07464e-18  6.87102e-27  9.06554e-19  -4.8135e-28  3.02323e-19 -1.21598e-27  7.52416e-20 -4.53835e-29  1.55816e-20  1.43799e-28   2.7866e-21  2.34834e-29  4.36376e-22 -4.85638e-30  5.99346e-23 -5.06608e-31   7.1535e-24   3.0794e-31  7.22903e-25   7.2647e-34   5.7768e-26 -2.76669e-32  2.81131e-27 -9.84214e-33  -1.0647e-28 -2.55793e-33 -4.81946e-29 -1.19673e-34  -7.4111e-30  1.86654e-34 -8.24899e-31  5.77105e-35 -7.42579e-32  3.14493e-36 -5.58551e-33  -1.7912e-36 -3.53751e-34 -4.48689e-37 -1.87771e-35 -4.13001e-38 -8.23581e-37 -8.65792e-40  -2.9129e-38  7.43579e-41 -7.92925e-40  1.42195e-42 -1.45282e-41  8.47181e-44 -1.05672e-43  2.26266e-44   3.9888e-46
 1.49726e-07  1.86943e-21 -2.66365e-06 -6.33478e-21  1.71557e-05 -3.23384e-20 -6.05574e-05  3.10595e-19   0.00013086 -1.13695e-18  -0.00017533  2.49858e-18  0.000132487 -3.64844e-18 -3.06548e-05  3.61762e-18  -2.8906e-05 -2.38872e-18    1.505e-05  1.06237e-18  7.83735e-06 -5.22879e-19 -3.76413e-06  4.81447e-19 -2.83531e-06 -2.45661e-19  3.04552e-07 -2.08081e-19  8.37174e-07  4.58761e-19     2.36e-07 -3.71294e-19 -1.03297e-07  1.47005e-19 -1.01825e-07   3.4635e-21 -2.68019e-08 -2.13228e-20  7.76171e-09 -1.64912e-20  9.52191e-09  2.43541e-20   3.7348e-09 -3.73136e-21  3.65942e-10 -7.11641e-21 -4.30611e-10  3.19909e-21 -3.04361e-10  7.45461e-22 -1.08656e-10  -6.2369e-22 -1.86929e-11 -4.16716e-23  3.84035e-12  6.74509e-23  4.45222e-12 -1.67903e-23  2.00565e-12  6.54281e-24  6.07429e-13  5.68475e-24  1.22884e-13 -2.44966e-24  8.04958e-15 -1.66643e-24 -6.22836e-15  3.57015e-25  -3.6315e-15  3.68106e-25 -1.26448e-15 -5.22917e-26 -3.39294e-16  -7.1472e-26 -7.40572e-17  9.42041e-27 -1.30436e-17  1.36877e-26 -1.69198e-18 -7.57253e-28 -8.85093e-20 -2.14609e-27   3.2321e-20 -6.57408e-29  1.40608e-20  2.40683e-28  3.58127e-21  4.01712e-29  7.20205e-22 -5.80654e-30  1.23166e-22 -4.51168e-31  1.84369e-23  4.77764e-31  2.44718e-24  2.17247e-32  2.89578e-25 -4.23958e-32  3.05761e-26 -2.09347e-32  2.87396e-27 -5.56096e-33  2.39163e-28 -8.70337e-35  1.74647e-29  4.22115e-34  1.10404e-30  1.17453e-34  5.91502e-32  7.10854e-36  2.59166e-33 -2.73519e-36  8.63966e-35  -6.9458e-37  1.75722e-36 -6.98938e-38 -8.79713e-39 -3.55667e-39 -2.39255e-39  -1.5909e-40 -9.33184e-41 -1.04158e-41 -8.99997e-43 -1.66968e-43  4.04524e-44  9.02735e-45
-1.22339e-21  1.42486e-06  1.37629e-20 -1.44562e-05 -3.23384e-20  7.07624e-05 -1.31794e-19 -0.000205063  1.06812e-18  0.000373356 -3.39213e-18 -0.000418063  6.55804e-18  0.000242901 -8.45176e-18 -2.84952e-06  7.32099e-18  -7.5498e-05 -4.09092e-18  1.24823e-05  1.51851e-18  2.25179e-05  -9.0098e-19 -1.35468e-06  1.00155e-18  -6.6298e-06  -4.6566e-19 -1.43053e-06 -4.13327e-19  1.26636e-06  8.00058e-19  8.53988e-07 -5.96323e-19  6.13237e-08  1.98151e-19  -1.6994e-07  4.91208e-20 -9.82678e-08 -5.11196e-20 -1.53189e-08 -3.33636e-20  1.14851e-08  4.42494e-20  9.29278e-09 -3.76916e-21  3.17752e-09 -1.27931e-20  2.34369e-10  4.22322e-21 -3.73739e-10  1.67895e-21 -2.49687e-10 -8.22047e-22  -9.0143e-11 -1.29735e-22  -1.8306e-11  5.94891e-23   7.6351e-13  -2.1864e-23  2.48915e-12  1.61211e-23  1.25886e-12  1.11177e-23  4.20839e-13 -4.35985e-24  1.03342e-13 -3.17058e-24  1.69881e-14  6.60383e-25  4.56563e-16  6.82524e-25 -9.42745e-16 -1.06092e-25 -4.48682e-16 -1.32344e-25  -1.3934e-16  1.62223e-26 -3.44401e-17  2.38976e-26 -7.14326e-18 -9.80451e-28 -1.25849e-18 -3.26886e-27 -1.85459e-19 -7.12851e-29 -2.14406e-20  3.52081e-28 -1.47435e-21  6.02533e-29   1.0159e-22 -5.13158e-30  6.09845e-23   9.1116e-32   1.3986e-23  7.92604e-31  2.38968e-24  8.20996e-32  3.39612e-25 -6.62224e-32  4.16857e-26 -4.13183e-32   4.4886e-27 -1.05444e-32   4.2653e-28   1.0199e-34  3.57903e-29   8.1086e-34  2.64357e-30  2.07354e-34  1.70784e-31  1.38174e-35  9.55464e-33 -3.50262e-36   4.5645e-34 -9.29158e-37  1.82424e-35 -1.02107e-37  5.91092e-37 -7.22737e-39  1.47881e-38 -4.56617e-40  2.72939e-40 -2.21431e-41  4.06389e-42 -3.79344e-43  4.26466e-44
-4.37866e-07 -1.15642e-20  8.53211e-06  7.38495e-20 -6.05574e-05 -1.31794e-19  0.000237633 -4.43735e-19   -0.0005788  3.08873e-18  0.000896523 -8.59966e-18 -0.000833692  1.47176e-17   0.00034309 -1.67758e-17   0.00010431  1.26199e-17 -0.000139141 -5.80452e-18 -1.69841e-05  1.75355e-18  4.20774e-05  -1.5203e-18  1.04199e-05  1.87502e-18 -9.77745e-06 -7.67642e-19  -5.7204e-06  -7.0349e-19  5.85699e-07  1.21873e-18  1.69664e-06 -8.60744e-19  6.12129e-07  2.36313e-19 -1.02924e-07   1.3948e-19 -1.88856e-07 -9.88545e-20 -7.84739e-08  -6.1863e-20 -5.04402e-09  7.15684e-20  1.21175e-08 -1.23781e-21  7.82385e-09 -2.02557e-20   2.4555e-09  4.55758e-21  1.75602e-10   2.9429e-21 -2.64175e-10  -8.3654e-22  -1.7582e-10 -2.36959e-22 -6.54912e-11  5.47228e-24 -1.54522e-11 -3.58489e-23 -1.18456e-12  3.21613e-23   9.5226e-13  1.98626e-23  6.09915e-13 -7.07449e-24  2.27239e-13 -5.24217e-24  6.34179e-14  1.21681e-24  1.36913e-14   1.1357e-24  2.09192e-15 -2.03602e-25  1.02169e-16 -2.21925e-25 -7.00687e-17  2.60684e-26 -3.32752e-17  3.73657e-26 -9.74325e-18 -9.69158e-28 -2.26408e-18 -4.37147e-27 -4.46206e-19 -4.62002e-29 -7.64514e-20  4.58755e-28 -1.14794e-20  8.02789e-29  -1.5061e-21 -2.37713e-30 -1.70021e-22   1.4946e-30 -1.58727e-23  1.42505e-30 -1.09105e-24  2.07506e-31 -2.64971e-26  -1.0977e-31  6.97618e-27 -7.57333e-32  1.52839e-27 -1.79297e-32  1.99978e-28  5.41591e-34  2.02666e-29  1.36432e-33  1.69239e-30  3.25117e-34  1.18623e-31  2.36343e-35  6.98661e-33 -3.78112e-36  3.42399e-34 -1.09795e-36  1.36744e-35  -1.3111e-37  4.28874e-37 -1.07401e-38  9.95257e-39 -6.84656e-40  1.62274e-40 -2.65493e-41  1.97555e-42 -3.21513e-43
 4.98101e-21 -3.35294e-06  -6.9949e-20  3.76254e-05  3.10595e-19 -0.000205063 -4.43735e-19  0.000668364 -1.26434e-18  -0.00139198  7.66203e-18   0.00184448 -1.88609e-17  -0.00140254  2.87191e-17  0.000328729 -2.89734e-17  0.000328391   1.8722e-17 -0.000183598 -6.70557e-18   -9.086e-05  1.57862e-18   5.2305e-05 -2.53828e-18  3.52912e-05  3.14022e-18 -6.73981e-06 -1.10909e-18 -1.19445e-05 -1.02711e-18 -2.59148e-06  1.64556e-18  1.99422e-06 -1.15458e-18  1.55279e-06   2.5938e-19  2.94713e-07  2.86085e-19 -1.94799e-07  -1.6477e-19 -1.67979e-07 -1.05229e-19 -5.43189e-08   1.0435e-19  1.06788e-09  5.34177e-21   1.0358e-08 -2.86402e-20  5.83885e-09  3.66522e-21  1.76226e-09  4.30178e-21  1.60221e-10  -5.3599e-22  -1.5019e-10 -3.10162e-22 -1.05753e-10 -1.07072e-22 -4.12792e-11 -6.80233e-23 -1.10226e-11  5.38376e-23 -1.73056e-12  3.16914e-23   1.2036e-13  -1.0819e-23  2.07556e-13 -7.63047e-24   9.2057e-14  2.22401e-24  2.87402e-14  1.73896e-24   7.1358e-15 -3.61254e-25  1.43909e-15 -3.39368e-25  2.26229e-16  3.92001e-26  2.23039e-17  5.31534e-26 -1.07909e-18 -4.70876e-28 -1.22455e-18 -5.17485e-27 -3.80402e-19   1.7904e-29 -8.59983e-20   5.3641e-28 -1.61077e-20  9.44778e-29 -2.61097e-21  2.13179e-30 -3.73192e-22  4.21601e-30 -4.74299e-23  2.60511e-30 -5.37474e-24  4.11961e-31 -5.42523e-25  -1.9045e-31 -4.85776e-26 -1.28832e-31 -3.82983e-27 -2.77843e-32 -2.62774e-28  1.28995e-33 -1.54093e-29  2.05082e-33 -7.49528e-31  4.59869e-34 -2.85649e-32  3.59662e-35 -7.35267e-34  -3.4222e-36  -4.4967e-36 -1.16834e-36  6.36487e-37 -1.49709e-37   3.3108e-38 -1.27844e-38  8.15723e-40 -7.36582e-40  1.60285e-41 -2.12309e-41  3.21046e-43
 7.58956e-07  3.94877e-20 -1.64749e-05  -3.1577e-19   0.00013086  1.06812e-18   -0.0005788 -1.26434e-18   0.00160767 -3.10347e-18  -0.00290023  1.65502e-17   0.00329301 -3.62734e-17  -0.00198557  4.93543e-17  5.60479e-05 -4.40376e-17  0.000659075   2.3968e-17 -0.000143177 -5.85232e-18 -0.000208334  9.78361e-19    2.872e-05 -4.10463e-18  6.85935e-05  4.68546e-18  9.36381e-06 -1.41612e-18 -1.63301e-05 -1.26426e-18 -8.82851e-06  1.99245e-18  4.27803e-07 -1.48915e-18  2.39438e-06  2.75238e-19  1.10525e-06  4.94401e-19  4.69479e-08 -2.44309e-19 -2.09871e-07 -1.64771e-19 -1.28132e-07  1.38421e-19 -3.39304e-08  1.68847e-20  3.12866e-09 -3.65111e-20  7.52268e-09  1.18616e-21  3.91643e-09  5.38995e-21  1.18189e-09   1.5144e-22  1.49201e-10 -2.76567e-22 -6.41625e-11 -2.72091e-22  -5.3204e-11 -1.24456e-22 -2.21585e-11  7.80296e-23 -6.54114e-12  4.43829e-23 -1.37767e-12 -1.61526e-23 -1.49165e-13 -9.88409e-24  3.16882e-14  3.92718e-24  2.50033e-14  2.49324e-24  9.23686e-15 -5.81422e-25  2.56429e-15 -4.74242e-25   5.8617e-16  5.57304e-26  1.13227e-16  6.97791e-26  1.84005e-17  8.21047e-28  2.41251e-18 -5.41413e-27  2.17484e-19   1.1291e-28  5.40906e-22  5.58648e-28 -5.18816e-21  9.47646e-29 -1.44131e-21  7.33933e-30 -2.73976e-22  8.77316e-30 -4.23401e-23  4.54685e-30 -5.60198e-24  6.74373e-31 -6.47899e-25 -3.31933e-31 -6.60669e-26 -2.03659e-31 -5.95357e-27  -3.9685e-32 -4.73294e-28  2.32007e-33 -3.30268e-29  2.79021e-33 -2.00638e-30  5.92621e-34 -1.04856e-31  4.88819e-35 -4.63573e-33 -2.56459e-36 -1.69418e-34 -1.14149e-36 -4.96411e-36  -1.5295e-37 -1.12183e-37  -1.2579e-38 -1.79144e-39 -6.01749e-40 -1.29252e-41 -1.05297e-41
  -1.264e-20  4.75521e-06  2.03775e-19  -6.0337e-05 -1.13695e-18  0.000373356  3.08873e-18  -0.00139198 -3.10347e-18   0.00336131 -6.65248e-18  -0.00530468  3.14893e-17   0.00514723 -6.18256e-17  -0.00231466  7.54696e-17 -0.000591838 -5.94239e-17   0.00100443  2.62761e-17  5.18322e-05 -2.60571e-18 -0.000333699  1.92187e-19  -5.1955e-05 -6.24806e-18  9.29594e-05  6.19983e-18    4.155e-05 -1.61625e-18 -1.22518e-05 -1.23347e-18 -1.63309e-05  2.18679e-18 -4.09011e-06 -1.90074e-18  2.10396e-06  2.96066e-19  2.06006e-06  7.61126e-19  6.38651e-07 -3.27872e-19 -8.28927e-08 -2.38636e-19 -1.76434e-07  1.68217e-19 -8.72246e-08  3.33156e-20 -1.99495e-08 -4.22235e-20  2.75302e-09   -2.941e-21  4.72691e-09  5.80946e-21  2.36783e-09  1.20092e-21  7.34346e-10 -6.95974e-23  1.23602e-10 -4.61003e-22 -1.52485e-11 -2.01132e-22 -2.13367e-11  1.00713e-22 -9.83424e-12   5.3469e-23 -3.16956e-12 -2.41358e-23 -7.83146e-13 -1.15146e-23 -1.43188e-13  6.52095e-24 -1.39889e-14  3.38316e-24  2.41296e-15 -8.40779e-25  1.77834e-15 -6.04785e-25  6.00912e-16  7.62514e-26  1.53627e-16  8.58739e-26  3.27523e-17  3.26835e-27  6.02356e-18 -4.90787e-27  9.67193e-19  2.11436e-28  1.35523e-19  4.99453e-28  1.63563e-20   7.1805e-29  1.64092e-21  1.20559e-29  1.23518e-22  1.56981e-29   3.9912e-24  7.33715e-30 -7.17709e-25  9.16239e-31 -1.82485e-25 -5.60706e-31 -2.60419e-26 -3.00132e-31 -2.85374e-27 -5.27511e-32 -2.57648e-28  3.48643e-33  -1.9591e-29  3.46473e-33 -1.25925e-30  6.99406e-34 -6.79621e-32  5.92866e-35 -3.03215e-33 -1.59032e-36 -1.09078e-34 -1.04328e-36 -3.05456e-36 -1.39814e-37 -6.32404e-38 -1.02815e-38  -8.4066e-40   -3.659e-40 -3.48966e-42
-7.64494e-07 -8.62476e-20  1.91455e-05  7.95002e-19  -0.00017533 -3.39213e-18  0.000896523  7.66203e-18  -0.00290023 -6.65248e-18   0.00618979 -1.25849e-17  -0.00861068  5.32514e-17    0.0070817 -9.41956e-17    -0.002063  1.03608e-16  -0.00161718    -7.17e-17    0.0011959  2.39547e-17   0.00043035  3.01068e-18 -0.000396351 -3.27135e-19 -0.000193227 -8.77213e-18  8.17135e-05  7.20104e-18  8.31493e-05 -1.68333e-18  6.59203e-06 -7.31146e-19 -2.03578e-05  2.20263e-18 -1.11691e-05 -2.43488e-18 -4.35468e-07  3.29204e-19  2.44714e-06  1.07207e-18  1.44979e-06 -4.02519e-19   3.0165e-07 -3.21443e-19 -1.16861e-07   1.8831e-19 -1.26235e-07  5.35412e-20 -5.44028e-08 -4.43966e-20 -1.14999e-08 -8.46803e-21  1.57045e-09  5.24016e-21  2.56978e-09  2.48177e-21  1.28108e-09  3.40475e-22  4.14682e-10 -6.26875e-22  8.66237e-11 -2.78899e-22  4.15833e-12  1.19559e-22 -6.00042e-12  5.31597e-23 -3.42367e-12 -3.61938e-23 -1.21735e-12 -1.22274e-23 -3.34206e-13  1.00074e-23 -7.39638e-14  4.36258e-24 -1.28856e-14 -1.08947e-24 -1.51369e-15 -7.00995e-25  8.19077e-19  1.02348e-25  6.33934e-17  1.00931e-25  2.26254e-17  7.30547e-27  5.56111e-18 -3.58156e-27  1.11528e-18  2.73633e-28  1.92305e-19  3.36563e-28  2.91399e-20  1.78767e-29  3.91849e-21  1.60136e-29  4.69238e-22  2.54443e-29  5.00061e-23  1.08224e-29  4.72276e-24  9.94932e-31  3.92156e-25 -8.99136e-31  2.82571e-26 -4.14074e-31  1.72903e-27 -6.58353e-32  8.63719e-29  4.53505e-33  3.22187e-30  3.94523e-33  6.37713e-32  7.56877e-34 -1.79525e-33  6.38829e-35 -2.34803e-34 -9.14718e-37 -1.19332e-35 -9.03425e-37 -3.96128e-37 -1.13486e-37 -9.14816e-39 -6.86399e-39 -1.12133e-40 -1.46405e-40
 2.14885e-20  -3.7749e-06 -3.86691e-19  5.70635e-05  2.49858e-18 -0.000418063 -8.59966e-18   0.00184448  1.65502e-17  -0.00530468 -1.25849e-17    0.0101523 -2.11824e-17   -0.0125204  8.05983e-17    0.0085864 -1.29209e-16 -0.000982506   1.2879e-16   -0.0028523 -7.78518e-17   0.00104522  1.64492e-17  0.000941568  1.02175e-17 -0.000315135 -5.06076e-20 -0.000364485 -1.12321e-17  1.12231e-05  7.14788e-18  0.000115947 -1.66812e-18  4.11879e-05  4.04156e-19 -1.47026e-05  2.07094e-18 -1.80777e-05 -3.11722e-18 -5.53851e-06  3.71426e-19  1.36206e-06  1.40186e-18  2.03029e-06 -4.55555e-19  8.85012e-07 -4.05229e-19  1.13672e-07  1.95061e-19 -9.93286e-08  7.58546e-20 -7.98097e-08 -4.22818e-20 -3.15904e-08 -1.49164e-20 -6.65127e-09  3.51863e-21  5.48126e-10  3.77223e-21  1.18759e-09  9.21248e-22  6.09785e-10 -7.16041e-22  2.07562e-10 -3.23343e-22   5.0513e-11   1.3655e-22  7.30987e-12  3.84361e-23 -5.42857e-13 -5.35304e-23  -8.2341e-13 -1.20861e-23 -3.49307e-13  1.40803e-23 -1.05971e-13  5.33663e-24 -2.60394e-14 -1.26696e-24   -5.364e-15 -7.33666e-25  -9.2522e-16  1.36221e-25 -1.28325e-16  1.15672e-25 -1.21906e-17  1.34281e-26 -1.95899e-20 -1.44758e-27  3.27782e-19  2.60334e-28  9.57336e-20  5.74241e-29  1.91721e-20 -6.85051e-29  3.12429e-21  2.09874e-29  4.36311e-22   3.8231e-29  5.33281e-23  1.45443e-29  5.75624e-24  7.25157e-31  5.50271e-25 -1.35586e-30  4.65368e-26 -5.37072e-31  3.46736e-27  -7.7754e-32  2.26008e-28  5.17051e-33  1.27563e-29  4.12619e-33   6.1461e-31  7.49283e-34  2.47805e-32  6.06372e-35  8.12014e-34 -7.42883e-37  2.05656e-35  -7.4056e-37  3.60816e-37 -8.03629e-38  3.32342e-39 -3.56193e-39  8.76246e-42
 3.53724e-07  1.27598e-19 -1.15287e-05 -1.31997e-18  0.000132487  6.55804e-18 -0.000833692 -1.88609e-17   0.00329301  3.14893e-17  -0.00861068 -2.11824e-17    0.0149801 -3.19112e-17   -0.0164444  1.09734e-16    0.0091273 -1.60567e-16  0.000959199  1.46299e-16  -0.00398269 -7.65613e-17  0.000431113  4.57992e-18    0.0014502  1.76907e-17 -3.83399e-05  1.47749e-18 -0.000502603 -1.30235e-17 -0.000123279  5.60132e-18  0.000115376 -1.69141e-18  8.34283e-05  2.22426e-18  4.91096e-06  1.86268e-18 -2.01833e-05 -3.92689e-18 -1.19227e-05  4.11038e-19 -1.71431e-06    1.717e-18  1.74298e-06 -4.78741e-19  1.39787e-06 -4.81569e-19  4.87585e-07  1.87694e-19  3.18427e-08  9.85615e-20 -6.63318e-08 -3.58697e-20 -4.53414e-08 -2.16776e-20 -1.71649e-08  6.67441e-22 -3.82085e-09  4.78718e-21 -1.08177e-11  1.56608e-21  4.45722e-10 -6.84086e-22  2.48148e-10  -2.9127e-22  8.94379e-11  1.59123e-22  2.42304e-11  7.64563e-24  4.86223e-12 -7.61975e-23  5.56516e-13 -1.14814e-23 -6.70177e-14  1.81195e-23 -6.33084e-14  6.15436e-24 -2.32304e-14 -1.33064e-24 -6.32024e-15 -6.87088e-25 -1.42261e-15  1.79011e-25 -2.74846e-16  1.31682e-25 -4.61464e-17  2.20888e-26   -6.722e-18  1.42168e-27 -8.35116e-19  1.44787e-28 -8.43346e-20 -3.32173e-28 -5.90728e-21  -1.7754e-28 -2.97846e-23  3.13625e-29  7.75987e-23  5.38334e-29  1.64408e-23  1.77704e-29  2.33108e-24 -6.92961e-32   2.6373e-25 -1.91612e-30  2.50041e-26  -6.5721e-31  2.01909e-27 -8.74283e-32  1.39201e-28  5.16244e-33  8.14457e-30  3.95849e-33  3.99114e-31  6.74617e-34  1.60311e-32  4.99633e-35  5.09744e-34 -9.65671e-37  1.20401e-35  -5.6403e-37  1.83643e-37 -4.80556e-38  1.26946e-39 -1.25095e-39
-2.51916e-20  1.00951e-06  4.99929e-19 -2.39478e-05 -3.64844e-18  0.000242901  1.47176e-17  -0.00140254 -3.62734e-17   0.00514723  5.32514e-17   -0.0125204 -3.19112e-17    0.0200719 -4.31841e-17   -0.0196618  1.34786e-16   0.00835271 -1.81803e-16   0.00352347  1.53599e-16  -0.00464918 -6.86987e-17 -0.000631037 -9.85542e-18   0.00177574  2.39407e-17  0.000422089  4.54275e-18 -0.000532496 -1.35522e-17 -0.000297748  2.37519e-18  6.15113e-05 -1.89532e-18  0.000116587  4.62812e-18  3.72076e-05  1.65313e-18 -1.29198e-05 -4.78849e-18 -1.66604e-05  4.36391e-19 -6.31388e-06  1.98274e-18  1.19394e-07 -4.71315e-19  1.43216e-06 -5.44071e-19  8.48422e-07  1.68352e-19  2.51215e-07    1.205e-19  5.88708e-09 -2.57152e-20 -3.70659e-08 -2.80671e-20 -2.32229e-08 -3.11692e-21 -8.66995e-09  5.21129e-21 -2.10037e-09  2.09975e-21 -1.86128e-10 -5.12066e-22  1.19975e-10 -1.43123e-22  8.22086e-11  1.98784e-22  3.19878e-11  -3.5498e-23  9.39982e-12 -1.02198e-22  2.20069e-12 -1.08696e-23  4.00718e-13  2.13402e-23  4.76558e-14  6.62688e-24 -9.48983e-16 -1.28337e-24 -2.58734e-15 -5.69973e-25 -9.33784e-16  2.28457e-25  -2.3748e-16  1.50418e-25 -4.95256e-17  3.34787e-26 -8.89125e-18  4.88839e-27 -1.40256e-18 -8.22971e-29 -1.96146e-19 -7.98778e-28 -2.43817e-20  -2.8507e-28 -2.68864e-21  5.35694e-29 -2.61358e-22  7.13729e-29 -2.21286e-23  1.96371e-29 -1.59687e-24 -1.48658e-30 -9.40972e-26 -2.53594e-30 -4.06202e-27 -7.60497e-31 -7.42106e-29 -9.39079e-32  6.67099e-30  4.44443e-33  8.56417e-31  3.46787e-33  5.67748e-32  5.47012e-34    2.617e-33  3.47994e-35  8.63245e-35 -1.26819e-36  1.88606e-36 -3.85566e-37  2.04995e-38 -2.28278e-38  2.40337e-41
 5.80982e-08 -1.30206e-19  5.41723e-07  1.49447e-18 -3.06548e-05 -8.45176e-18   0.00034309  2.87191e-17  -0.00198557 -6.18256e-17    0.0070817  8.05983e-17   -0.0164444 -4.31841e-17    0.0246506 -5.25227e-17   -0.0215652  1.49368e-16    0.0062373 -1.88631e-16   0.00626482  1.51341e-16   -0.0045798 -5.67379e-17   -0.0019764 -2.48447e-17    0.0017585  2.76728e-17  0.000982095  9.22009e-18 -0.000397769 -1.24208e-17 -0.000462167 -2.37744e-18 -4.94756e-05 -2.37166e-18  0.000120853  7.36328e-18  7.37793e-05  1.48568e-18  5.52649e-06 -5.58862e-18 -1.61853e-05  4.45019e-19 -1.07832e-05  2.17167e-18 -2.73484e-06 -4.40422e-19  6.52843e-07 -5.90198e-19    9.533e-07  1.41157e-19  4.69316e-07  1.41211e-19  1.25126e-07 -1.25866e-20  1.57119e-09 -3.33104e-20 -1.75294e-08 -7.49509e-21 -1.06344e-08  4.73912e-21 -4.00157e-09   2.3034e-21 -1.05693e-09 -2.18629e-22 -1.66258e-10  1.41779e-22  1.11655e-11  2.67191e-22  1.99336e-11 -8.15791e-23  8.97452e-12 -1.27122e-22   2.8597e-12 -1.03824e-23  7.33018e-13  2.30629e-23  1.56244e-13  6.57617e-24  2.75074e-14 -1.18369e-24   3.7671e-15 -4.18326e-25  3.04483e-16  2.77425e-25  -2.5105e-17  1.72118e-25 -1.75085e-17  4.72681e-26   -4.699e-18  8.71047e-27 -9.40434e-19 -4.10774e-28 -1.56763e-19 -1.27464e-27 -2.26206e-20 -3.53871e-28 -2.87306e-21  9.42202e-29 -3.23528e-22  8.92131e-29 -3.23702e-23  1.93804e-29 -2.87428e-24 -3.48592e-30 -2.25623e-25 -3.14389e-30 -1.55573e-26 -8.32926e-31 -9.33681e-28 -9.63775e-32 -4.81599e-29  3.15383e-33 -2.09811e-30  2.75068e-33 -7.53113e-32  3.93319e-34 -2.14792e-33  1.93724e-35 -4.63169e-35  -1.3604e-36  -7.2407e-37 -2.25368e-37 -7.91557e-39 -7.43762e-39
 2.06246e-20  7.14495e-07 -4.43618e-19 -6.26037e-06  3.61762e-18 -2.84952e-06 -1.67758e-17  0.000328729  4.93543e-17  -0.00231466 -9.41956e-17    0.0085864  1.09734e-16   -0.0196618 -5.25227e-17     0.028019 -5.71547e-17   -0.0218683  1.48628e-16   0.00308842 -1.80543e-16   0.00868175  1.42903e-16  -0.00368442 -4.34773e-17  -0.00334115 -3.88402e-17    0.0013195  2.80285e-17   0.00150814  1.53546e-17 -8.63645e-05 -9.56579e-18 -0.000556014 -8.16986e-18 -0.000199529 -3.10029e-18  8.17178e-05  1.00761e-17  0.000100904  1.35256e-18  3.22592e-05 -6.20955e-18 -8.02075e-06  4.47574e-19 -1.27512e-05  2.27052e-18 -5.94916e-06 -3.98868e-19 -9.51205e-07 -6.21703e-19  5.96191e-07  1.10682e-19  5.50763e-07  1.60711e-19  2.41184e-07   2.8935e-21  6.15901e-08 -3.64974e-20  2.28222e-09 -1.20175e-20  -6.8665e-09  3.12717e-21   -4.267e-09  1.95714e-21 -1.64512e-09  1.35841e-22 -4.68077e-10  5.52092e-22 -9.62798e-11  3.70852e-22 -1.01177e-11 -1.17324e-22    2.266e-12 -1.44672e-22  1.73992e-12 -9.50572e-24  6.39714e-13   2.2998e-23   1.7804e-13  5.90185e-24  4.11413e-14 -1.12959e-24  8.14268e-15 -2.86762e-25  1.39129e-15  3.14896e-25  2.03408e-16  1.95295e-25  2.45925e-17  6.24521e-26  2.20982e-18  1.25157e-26  7.78681e-20 -8.01381e-28 -2.14029e-20 -1.65731e-27 -6.36947e-21 -3.40415e-28 -1.11147e-21  1.57413e-28 -1.51419e-22  1.05079e-28 -1.72573e-23  1.65858e-29 -1.68603e-24 -5.86228e-30  -1.4234e-25 -3.65229e-30 -1.03789e-26  -8.6303e-31 -6.49442e-28 -9.42679e-32 -3.44553e-29  1.58861e-33 -1.52091e-30  1.94652e-33 -5.42784e-32  2.44433e-34 -1.49876e-33  7.31774e-36 -2.99725e-35  -1.1525e-36 -3.94008e-37 -1.04808e-37 -2.52076e-39
-1.13116e-07  9.23499e-20  3.22177e-06 -1.14865e-18  -2.8906e-05  7.32099e-18   0.00010431 -2.89734e-17  5.60479e-05  7.54696e-17    -0.002063 -1.29209e-16    0.0091273  1.34786e-16   -0.0215652 -5.71547e-17    0.0297894 -5.48409e-17   -0.0206741   1.3088e-16 -0.000579761 -1.60864e-16    0.0103758   1.3277e-16  -0.00207158 -3.08343e-17  -0.00444795 -5.10383e-17  0.000487146  2.47106e-17   0.00185946  2.25434e-17  0.000360711 -5.30825e-18  -0.00052942 -1.42767e-17 -0.000351815  -3.9284e-18 -2.69408e-06  1.23958e-17  0.000104313  1.20064e-18  5.96573e-05 -6.56422e-18  7.60757e-06  4.64634e-19 -1.01499e-05  2.28239e-18 -8.09571e-06 -3.61324e-19 -2.93364e-06 -6.43708e-19 -2.47816e-07  8.03926e-20  3.84299e-07  1.79019e-19  2.83818e-07   2.0471e-20   1.1595e-07 -3.65763e-20  2.99124e-08 -1.61548e-20  2.60206e-09  2.58106e-22 -2.06944e-09  8.93168e-22 -1.44706e-09  4.55577e-22 -5.82737e-10  1.03855e-21 -1.76273e-10  5.06404e-22 -4.18624e-11 -1.29283e-22 -7.43684e-12 -1.48108e-22 -7.10528e-13 -7.02721e-24  1.19629e-13  2.14125e-23  8.67601e-14  4.63828e-24  2.88646e-14 -1.22023e-24  7.28018e-15 -2.30033e-25  1.53576e-15  3.29772e-25  2.80797e-16  2.17189e-25  4.51808e-17  7.74395e-26  6.43331e-18  1.58524e-26  8.10075e-19  -1.1611e-27  8.96065e-20 -1.81866e-27  8.57905e-21 -2.06121e-28  6.89562e-22  2.42209e-28  4.32668e-23  1.16454e-28  1.62019e-24  1.13683e-29 -4.83384e-26 -8.27369e-30 -1.58381e-26 -3.97626e-30 -1.74161e-27 -8.44595e-31 -1.33483e-28 -8.74869e-32 -7.87004e-30   1.0091e-34 -3.62654e-31  1.19682e-33 -1.28242e-32  1.25005e-34 -3.32311e-34  2.73868e-37 -5.86378e-36  -7.6059e-37 -6.25846e-38 -3.32942e-38
-1.23915e-20 -4.15788e-07  2.71476e-19  8.71425e-06 -2.38872e-18  -7.5498e-05  1.26199e-17  0.000328391 -4.40376e-17 -0.000591838  1.03608e-16 -0.000982506 -1.60567e-16   0.00835271  1.49368e-16   -0.0218683 -5.48409e-17    0.0299762 -4.45863e-17   -0.0183861  9.81146e-17  -0.00422884 -1.35367e-16    0.0111476  1.24692e-16  7.62239e-06 -1.93392e-17  -0.00508509 -6.12403e-17 -0.000616288  1.80342e-17   0.00193028  3.01373e-17  0.000860135 -3.07055e-19  -0.00036079 -1.98894e-17 -0.000461458 -4.60451e-18 -0.000118769  1.40225e-17  7.49126e-05  9.57847e-19  7.75702e-05 -6.61731e-18  2.71486e-05  5.19037e-19 -2.32985e-06  2.22373e-18 -7.76543e-06  -3.4055e-19 -4.48799e-06 -6.63028e-19 -1.34632e-06  5.14958e-20 -4.05648e-08  1.95663e-19  2.00839e-07  4.02645e-20  1.31398e-07 -3.24499e-20  5.18538e-08 -1.93339e-20  1.39566e-08 -3.79517e-21  2.00203e-09 -9.52636e-22 -3.60899e-10  6.26357e-22 -3.87192e-10  1.51867e-21 -1.69879e-10  6.58369e-22 -5.44552e-11 -1.08202e-22 -1.40663e-11 -1.32199e-22 -2.98588e-12  -1.3436e-24 -5.06073e-13  1.90901e-23 -5.94978e-14  2.97284e-24 -8.58826e-16 -1.51224e-24  1.99354e-15 -2.81694e-25  7.17062e-16  3.16137e-25  1.72688e-16  2.34957e-25  3.36821e-17  9.04288e-26  5.62912e-18  1.83452e-26   8.2513e-19 -1.31202e-27  1.07224e-19 -1.62562e-27  1.24077e-20  6.97945e-29  1.27945e-21  3.41382e-28  1.17335e-22  1.21178e-28  9.52894e-24  4.40726e-30  6.80811e-25 -1.03187e-29  4.24066e-26 -4.05568e-30  2.27501e-27 -7.78752e-31  1.03427e-28  -7.6636e-32  3.89882e-30 -1.02182e-33  1.18358e-31  6.05277e-34  2.77993e-33  4.64028e-35  4.70216e-35 -2.29804e-36  4.41803e-37  -3.7526e-37 -3.01848e-40
-7.99337e-09 -4.94591e-20 -5.77107e-07   6.0239e-19    1.505e-05 -4.09092e-18 -0.000139141   1.8722e-17  0.000659075 -5.94239e-17  -0.00161718   1.2879e-16  0.000959199 -1.81803e-16    0.0062373  1.48628e-16   -0.0206741 -4.45863e-17    0.0289229  -2.6941e-17   -0.0155292  5.52412e-17  -0.00744616 -1.10199e-16    0.0110042    1.205e-16   0.00224976 -8.45802e-18  -0.00514972 -6.95025e-17  -0.00181567  8.91241e-18   0.00167604  3.72995e-17   0.00131003  4.57407e-18 -6.43886e-05  -2.4289e-17 -0.000489336 -4.85652e-18 -0.000240219  1.47906e-17  1.30037e-05   5.6661e-19  7.69063e-05 -6.38559e-18  4.45213e-05  6.28563e-19  9.29471e-06  2.11833e-18 -4.26424e-06 -3.44722e-19 -4.76776e-06 -6.86532e-19 -2.26401e-06  2.24491e-20 -5.98468e-07  2.09362e-19 -5.19039e-09  6.25499e-20  8.76516e-08 -2.31919e-20  5.42561e-08  -2.0991e-20   2.1201e-08 -8.72837e-21  6.01209e-09 -3.50633e-21  1.15307e-09  5.39877e-22  5.67439e-11  1.89209e-21 -6.76798e-11   8.0051e-22 -3.76132e-11 -5.25672e-23 -1.31182e-11 -9.50572e-23 -3.60783e-12  8.94705e-24  -8.3113e-13  1.70811e-23 -1.63339e-13  1.20904e-24  -2.7265e-14 -1.99057e-24 -3.74105e-15 -4.38879e-25  -3.7757e-16  2.77348e-25  -1.3536e-17  2.46986e-25  5.25156e-18  9.99692e-26  1.72294e-18  1.99108e-26  3.42093e-19 -9.79746e-28  5.35769e-20 -9.72165e-28  7.07896e-21  4.79912e-28  8.09161e-22  4.42129e-28  8.08012e-23  1.18056e-28  7.06396e-24 -3.19444e-30  5.39159e-25 -1.16411e-29   3.5681e-26  -3.8726e-30  2.02483e-27 -6.74489e-31  9.69415e-29 -6.30293e-32  3.82524e-30 -1.63692e-33  1.20239e-31  2.15167e-34  2.85441e-33  6.03047e-36  4.62183e-35 -2.18894e-36  3.85468e-37  -1.2148e-37
 6.63181e-21 -1.86903e-07 -1.32894e-19  1.07013e-06  1.06237e-18  1.24823e-05 -5.80452e-18 -0.000183598   2.3968e-17   0.00100443    -7.17e-17   -0.0028523  1.46299e-16   0.00352347 -1.88631e-16   0.00308842   1.3088e-16   -0.0183861  -2.6941e-17    0.0271282 -3.80737e-18   -0.0125764  8.54573e-18   -0.0100109 -9.00779e-17    0.0100999  1.19967e-16   0.00438048  2.60119e-18   -0.0046492 -7.58215e-17  -0.00293056 -1.25771e-18     0.001118  4.31366e-17   0.00161642  8.45736e-18    0.0003135 -2.69873e-17 -0.000413741 -4.48458e-18 -0.000335312  1.46857e-17 -7.06772e-05  8.57992e-21  5.31691e-05 -5.92127e-18  5.30932e-05  8.02562e-19  2.14371e-05   1.9914e-18  1.91157e-06 -3.76126e-19 -3.29157e-06  -7.1996e-19 -2.54039e-06 -1.07839e-20 -1.06439e-06  2.18019e-19 -2.65622e-07  8.74001e-20 -7.57366e-09 -8.34054e-21  3.14354e-08 -2.06434e-20  1.95668e-08 -1.40118e-20  7.71478e-09 -6.55164e-21  2.29551e-09  1.19697e-22   5.2055e-10  2.06265e-21  7.82642e-11  9.00637e-22  1.56564e-13  2.99917e-23 -5.01658e-12 -3.91699e-23 -2.21929e-12  2.43831e-23 -6.69302e-13  1.63334e-23 -1.63539e-13 -3.17512e-25 -3.41271e-14 -2.56737e-24 -6.21127e-15 -6.60062e-25 -9.93304e-16   2.2659e-25 -1.39376e-16  2.53607e-25 -1.69771e-17  1.05508e-25 -1.74882e-18  2.09246e-26 -1.42678e-19  1.68379e-28 -7.26396e-21  1.82604e-28  2.02397e-22  9.84491e-28  1.09496e-22  5.28711e-28   1.6867e-23  1.07255e-28  1.83909e-24 -1.01864e-29  1.59658e-25 -1.20259e-29  1.13944e-26 -3.45768e-30   6.7169e-28 -5.46957e-31  3.23794e-29 -4.84307e-32  1.24781e-30 -1.76182e-33  3.69879e-32  1.08902e-35  7.88201e-34 -7.61507e-36  1.03856e-35 -1.20439e-36  4.98534e-38
 2.99847e-08  2.72352e-20 -9.11929e-07 -2.82983e-19  7.83735e-06  1.51851e-18 -1.69841e-05 -6.70557e-18 -0.000143177  2.62761e-17    0.0011959 -7.78518e-17  -0.00398269  1.53599e-16   0.00626482 -1.80543e-16 -0.000579761  9.81146e-17   -0.0155292 -3.80737e-18    0.0250679  2.21139e-17  -0.00984864 -3.59679e-17    -0.011879  -7.7359e-17   0.00865514  1.21481e-16   0.00620185  1.41194e-17  -0.00367329 -7.99967e-17  -0.00381231 -1.08315e-17  0.000330134  4.68768e-17   0.00171357  1.06542e-17  0.000706748 -2.78019e-17  -0.00023638   -3.433e-18 -0.000375755  1.38164e-17  -0.00015741 -6.89229e-19  8.56466e-06 -5.28885e-18  4.80829e-05    1.043e-18  2.99562e-05  1.86606e-18  9.07617e-06 -4.30922e-19 -2.35098e-07 -7.67245e-19 -1.91119e-06  -5.3767e-20 -1.21125e-06   2.1901e-19  -4.7078e-07  1.14308e-19 -1.18005e-07  1.18317e-20 -9.43754e-09 -1.79693e-20  8.60864e-09 -1.89556e-20  5.93038e-09  -9.7605e-21  2.41072e-09 -6.58105e-22  7.47501e-10  1.96095e-21  1.86525e-10  9.27598e-22  3.70093e-11  1.24011e-22  5.22708e-12  2.87358e-23  2.08433e-13  4.41724e-23 -1.71516e-13  1.73444e-23 -7.53968e-14 -1.34084e-24 -2.09273e-14 -3.10898e-24  -4.6422e-15 -8.77212e-25 -8.78068e-16  1.83136e-25   -1.454e-16   2.5694e-25 -2.13361e-17  1.07702e-25 -2.78925e-18  2.22215e-26 -3.25252e-19  2.42364e-27 -3.37718e-20   1.7818e-27 -3.10892e-21  1.51608e-27  -2.5195e-22  5.86257e-28 -1.77888e-23  9.03133e-29 -1.07785e-24 -1.54926e-29 -5.47973e-26 -1.14539e-29 -2.25378e-27 -2.88224e-30 -6.99857e-29 -4.13853e-31 -1.36323e-30 -3.46027e-32  -1.2003e-33 -1.53172e-33  9.43144e-34 -6.04793e-35  3.17295e-35 -7.77626e-36  3.98195e-37 -3.99852e-37
-3.17324e-21  9.61357e-08  8.17151e-20 -2.43633e-06 -5.22879e-19  2.25179e-05  1.75355e-18   -9.086e-05 -5.85232e-18  5.18322e-05  2.39547e-17   0.00104522 -7.65613e-17  -0.00464918  1.51341e-16   0.00868175 -1.60864e-16  -0.00422884  5.52412e-17   -0.0125764  2.21139e-17    0.0230838  4.79862e-17  -0.00749848   -7.377e-17   -0.0131225 -7.20235e-17    0.0068879  1.22979e-16   0.00760322  2.55109e-17  -0.00235599 -8.16773e-17  -0.00436337 -1.82487e-17 -0.000582765  4.80376e-17   0.00157423  1.08279e-17   0.00104487 -2.68473e-17   1.8227e-05 -1.81518e-18 -0.000344341  1.23567e-17 -0.000225464  -1.4676e-18 -4.80763e-05 -4.54682e-18  2.84606e-05  1.34766e-18  3.13221e-05  1.76265e-18  1.48733e-05  -4.9971e-19  3.54562e-06 -8.30108e-19 -4.62511e-07  -1.1208e-19 -9.21992e-07  2.09737e-19 -5.21164e-07   1.4195e-19 -1.94795e-07   3.6186e-20 -5.09026e-08 -1.28725e-20 -7.11328e-09 -2.28246e-20  1.33962e-09 -1.27513e-20  1.40131e-09 -1.75508e-21   6.1518e-10  1.56107e-21  1.99208e-10  8.58602e-22  5.26103e-11   2.0988e-22   1.1659e-11  9.90052e-23  2.15995e-12  6.61218e-23  3.20347e-13  1.99679e-23  3.20607e-14 -1.74493e-24 -1.87044e-16 -3.47931e-24 -1.07424e-15 -1.01775e-24 -3.29291e-16  1.65761e-25 -7.00252e-17  2.60046e-25 -1.21415e-17  1.08344e-25 -1.80432e-18  2.48686e-26 -2.34576e-19  5.89859e-27 -2.69164e-20  3.65826e-27 -2.73356e-21  1.99278e-27 -2.45446e-22  6.04561e-28 -1.94053e-23  6.97836e-29 -1.34147e-24 -1.84685e-29 -8.02608e-26 -1.00951e-29 -4.09699e-27 -2.23869e-30 -1.74882e-28 -2.91142e-31 -6.06256e-30  -2.2873e-32  -1.6306e-31  -1.1282e-33 -3.14298e-33 -6.04767e-35 -3.72205e-35 -4.14703e-36 -1.82747e-37
 6.86925e-09 -1.37271e-20  4.95929e-08  2.09383e-19 -3.76413e-06  -9.0098e-19  4.20774e-05  1.57862e-18 -0.000208334 -2.60571e-18   0.00043035  1.64492e-17  0.000431113 -6.86987e-17   -0.0045798  1.42903e-16    0.0103758 -1.35367e-16  -0.00744616  8.54573e-18  -0.00984864  4.79862e-17    0.0213569  7.13759e-17  -0.00555019 -1.02298e-16   -0.0138642 -7.22944e-17   0.00497587   1.2269e-16   0.00854771  3.54672e-17 -0.000841927   -8.052e-17  -0.00454025 -2.23759e-17  -0.00150752  4.65269e-17   0.00120984  9.06964e-18   0.00126725 -2.44572e-17  0.000308721  1.15249e-19 -0.000239338  1.04852e-17 -0.000255916 -2.25965e-18 -0.000103492  -3.7404e-18 -2.35723e-06  1.71248e-18   2.3964e-05  1.69924e-18  1.71222e-05 -5.68933e-19  6.79226e-06 -9.07789e-19  1.36585e-06 -1.89606e-19 -2.57764e-07   1.8827e-19 -3.78209e-07  1.68191e-19 -2.00915e-07  6.28028e-20 -7.39573e-08 -5.50884e-21 -2.03377e-08 -2.49753e-20 -3.85544e-09 -1.51586e-20 -2.10329e-10 -3.07367e-21  2.07628e-10  8.87145e-22  1.17007e-10  6.85044e-22  4.09683e-11  2.68775e-22  1.13395e-11  1.61144e-22  2.64693e-12  8.70142e-23  5.33597e-13  2.34424e-23  9.34854e-14 -1.59236e-24  1.41385e-14 -3.58204e-24  1.79999e-15 -1.02786e-24  1.79748e-16  1.86203e-25   1.0575e-17  2.65894e-25 -6.56462e-19  1.09869e-25 -3.26951e-19  2.97599e-26 -6.28797e-20  1.04081e-26 -8.90364e-21   5.5539e-27 -1.03159e-21  2.33713e-27 -1.01143e-22  5.80699e-28 -8.48359e-24  4.86049e-29 -6.08789e-25 -1.90139e-29 -3.71071e-26 -8.24779e-30  -1.8944e-27 -1.61647e-30 -7.92214e-29 -1.89694e-31  -2.6209e-30 -1.39022e-32 -6.47496e-32 -7.11771e-34  -1.0739e-33 -3.70148e-35 -9.44315e-36 -1.31088e-36
-1.36893e-21  6.70677e-08 -4.32118e-20 -6.51897e-07  4.81447e-19 -1.35468e-06  -1.5203e-18   5.2305e-05  9.78361e-19 -0.000333699  3.01068e-18  0.000941568  4.57992e-18 -0.000631037 -5.67379e-17  -0.00368442   1.3277e-16    0.0111476 -1.10199e-16   -0.0100109 -3.59679e-17  -0.00749848  7.13759e-17    0.0199402  9.05398e-17   -0.0039566 -1.20816e-16   -0.0142301 -7.54783e-17   0.00304512  1.19473e-16   0.00904902  4.24422e-17  0.000736143 -7.63692e-17  -0.00434578 -2.27559e-17  -0.00234026  4.26474e-17  0.000663731  5.86883e-18   0.00133313 -2.10678e-17  0.000585889  2.03389e-18 -7.49058e-05  8.34219e-18 -0.000237612 -3.01508e-18 -0.000143551  -2.9047e-18 -3.72639e-05  2.13138e-18  8.98142e-06  1.69149e-18  1.46538e-05 -6.23287e-19   8.3161e-06 -9.97004e-19  2.93906e-06 -2.87106e-19  5.55888e-07  1.53902e-19 -8.69614e-08   1.9039e-19 -1.30425e-07  8.92917e-20 -6.79754e-08  3.73753e-21 -2.50193e-08 -2.49752e-20  -7.1853e-09 -1.66946e-20 -1.60672e-09 -4.47247e-21 -2.47694e-10  8.94402e-24 -6.68651e-12   4.1542e-22  1.23598e-11  2.87302e-22  5.71962e-12  2.06054e-22  1.73794e-12  1.03319e-22  4.25001e-13   2.6622e-23  8.87579e-14 -1.09309e-24  1.62223e-14 -3.38704e-24  2.62351e-15 -8.88633e-25  3.76922e-16  2.45487e-25  4.80699e-17  2.76578e-25  5.41356e-18  1.14562e-25  5.32583e-19  3.71803e-26  4.48595e-20  1.54331e-26  3.10715e-21  7.17229e-27  1.59758e-22  2.49521e-27  3.70971e-24   5.1965e-28 -3.40792e-25  2.94357e-29 -5.55539e-26 -1.75179e-29 -4.62012e-27 -6.24851e-30 -2.73287e-28 -1.08201e-30 -1.21071e-29 -1.13957e-31  -3.9588e-31 -7.70328e-33  -8.9468e-33 -3.81658e-34 -1.19726e-34 -1.58757e-35 -6.10645e-37
