  0.00695886   6.3576e-17   -0.0143712 -2.03064e-16   0.00148308 -3.22933e-18   0.00334919  1.40469e-16   0.00143832  -9.2767e-18  0.000156801 -4.78609e-17 -0.000220364   5.0886e-18 -0.000203794  1.22668e-17 -0.000112012  3.04221e-18 -4.64956e-05 -1.18022e-18 -1.47432e-05 -1.61708e-18 -2.89884e-06 -1.14675e-18  3.58108e-07 -5.84461e-19   7.5904e-07  -2.0538e-19  5.13077e-07 -2.72704e-20  2.63873e-07  2.38557e-20  1.17389e-07  2.26878e-20  4.73136e-08  1.17884e-20  1.76649e-08  4.66036e-21  6.18408e-09  1.57829e-21  2.04409e-09  5.02446e-22   6.4042e-10  1.65993e-22  1.90535e-10  6.04509e-23  5.38557e-11  2.34528e-23  1.44547e-11  8.93957e-24  3.67935e-12  3.17109e-24  8.86623e-13  1.02779e-24  2.01805e-13  3.03931e-25   4.3268e-14  8.22232e-26   8.7096e-15  2.04265e-26  1.63916e-15     4.68e-27  2.86844e-16  9.92651e-28  4.63115e-17  1.95493e-28  6.81562e-18  3.58427e-29  8.95272e-19  6.13039e-30  1.00489e-19  9.79014e-31   8.5346e-21  1.46045e-31  2.46238e-22  2.03651e-32 -9.95798e-23  2.65615e-33 -2.95488e-23  3.23918e-34 -5.53463e-24  3.68897e-35 -8.41978e-25  3.91821e-36 -1.11152e-25  3.87699e-37  -1.3072e-26  3.56891e-38 -1.38627e-27  3.04983e-39 -1.33318e-28  2.41223e-40 -1.16517e-29  1.75978e-41 -9.25248e-31  1.17958e-42 -6.66288e-32   7.2322e-44 -4.33604e-33  4.03302e-45  -2.5373e-34  2.03104e-46 -1.32597e-35   9.1543e-48 -6.13244e-37  3.64975e-49 -2.47943e-38  1.26695e-50 -8.61544e-40    3.744e-52 -2.50858e-41  9.09009e-54 -5.87069e-43  1.69569e-55 -1.01552e-44  2.02995e-57 -1.00088e-46  1.81208e-60  4.58137e-49 -5.24181e-61   3.5868e-50 -1.16184e-62  5.94734e-52  -1.1895e-64  4.22747e-54 -4.36256e-67
  6.3576e-17    0.0274191  2.14256e-16   -0.0280266 -4.40359e-16  -0.00529757 -4.45153e-18   0.00459559  2.07921e-16   0.00391633 -3.19743e-17   0.00149065 -4.30323e-17  0.000134857  1.37172e-17 -0.000255018  2.16333e-17 -0.000237968  8.63128e-18 -0.000138599 -4.57504e-19 -6.37969e-05 -3.51005e-18 -2.45689e-05 -3.15027e-18 -7.92111e-06 -1.77131e-18 -2.00455e-06 -7.02128e-19 -2.81255e-07 -1.76906e-19  7.87348e-08 -3.05507e-21  9.01549e-08  2.48183e-20  5.03284e-08  1.64214e-20  2.22073e-08  7.45827e-21  8.53167e-09  2.91608e-21  2.95806e-09   1.0813e-21  9.40828e-10  4.00142e-22  2.76621e-10  1.49262e-22  7.54034e-11  5.47784e-23  1.90464e-11  1.91204e-23  4.44179e-12   6.2077e-24     9.49e-13  1.85914e-24   1.8306e-13  5.12971e-25  3.09586e-14  1.30512e-25  4.27296e-15   3.0678e-26  3.65364e-16  6.67858e-27 -3.00799e-17   1.3495e-27 -2.42948e-17    2.536e-28 -7.49446e-18  4.44033e-29 -1.76577e-18  7.25185e-30 -3.55692e-19  1.10486e-30 -6.37415e-20  1.57027e-31 -1.03482e-20  2.08242e-32 -1.53621e-21  2.57669e-33 -2.09575e-22  2.97123e-34 -2.63387e-23  3.18615e-35 -3.05194e-24  3.16985e-36  -3.2593e-25   2.9189e-37 -3.20366e-26  2.48005e-38 -2.89153e-27  1.93523e-39 -2.38844e-28  1.37765e-40 -1.79729e-29  8.86613e-42 -1.22446e-30  5.09205e-43 -7.48827e-32  2.55583e-44 -4.06053e-33  1.07739e-45 -1.91526e-34  3.45722e-47 -7.59734e-36  5.34564e-49 -2.35373e-37 -2.74816e-50 -4.40717e-39  -3.0803e-51  5.25373e-41 -1.75584e-52  9.10004e-42 -7.33747e-54  4.69167e-43 -2.40272e-55  1.62268e-44 -6.21473e-57  4.12697e-46 -1.24441e-58  7.69795e-48 -1.83907e-60  9.97121e-50  -1.8239e-62  7.83666e-52 -9.67824e-65  2.42839e-54
  -0.0143712  2.14256e-16    0.0518693  3.64066e-16   -0.0303074 -5.39442e-16     -0.01602   2.6615e-18    0.0013489  1.49711e-16   0.00526008 -3.80149e-17    0.0033611 -2.24815e-17   0.00119197  3.14191e-17  0.000101881  3.82482e-17 -0.000208217  1.95358e-17 -0.000198922  2.17146e-18 -0.000121446 -5.49008e-18 -6.01301e-05 -5.74846e-18 -2.59057e-05 -3.49063e-18 -1.00221e-05 -1.55803e-18 -3.54229e-06 -5.36939e-19 -1.15684e-06 -1.39439e-19 -3.52411e-07 -2.30074e-20 -1.01262e-07   1.1331e-21 -2.78979e-08   3.1996e-21 -7.55489e-09  1.96528e-21 -2.07681e-09  9.52161e-22 -5.96145e-10  4.15247e-22 -1.79904e-10  1.67683e-22 -5.59625e-11  6.25735e-23 -1.73781e-11  2.14092e-23 -5.23728e-12  6.69553e-24  -1.5037e-12  1.91734e-24 -4.07099e-13  5.04213e-25 -1.03397e-13  1.22087e-25 -2.45801e-14  2.72859e-26 -5.46426e-15   5.6408e-27 -1.13554e-15  1.08041e-27 -2.20556e-16  1.92006e-28 -4.00306e-17   3.1694e-29 -6.78659e-18  4.85834e-30 -1.07406e-18  6.90622e-31 -1.58531e-19  9.08882e-32 -2.17953e-20  1.10533e-32  -2.7863e-21    1.238e-33 -3.30475e-22  1.26857e-34 -3.62597e-23  1.17614e-35 -3.66613e-24   9.6904e-37 -3.39803e-25  6.85838e-38 -2.86624e-26   3.8307e-39 -2.17649e-27  1.16579e-40 -1.46198e-28 -7.47042e-42  -8.4093e-30 -1.77423e-42 -3.84129e-31 -2.02797e-43 -1.04937e-32 -1.77188e-44  2.80339e-34 -1.29512e-45  6.62826e-35 -8.16476e-47  5.84031e-36 -4.48854e-48  3.74168e-37 -2.15557e-49  1.93232e-38 -9.00634e-51     8.28e-40 -3.24507e-52  2.95728e-41 -9.94531e-54  8.72868e-43  -2.5415e-55  2.08786e-44  -5.2609e-57  3.91548e-46 -8.44009e-59  5.44953e-48 -9.75028e-61   5.0944e-50 -7.01704e-63  2.54136e-52 -2.03318e-65
-2.03064e-16   -0.0280266  3.64066e-16    0.0644208   3.8178e-16   -0.0207313 -4.32692e-16   -0.0235801 -3.03015e-17  -0.00496754  2.46596e-17   0.00408021 -5.97133e-17   0.00455661 -6.14461e-18   0.00251048  5.64199e-17  0.000867632  6.35977e-17  9.66128e-05    3.528e-17 -0.000126755   6.7444e-18 -0.000130224 -6.76723e-18 -8.30865e-05 -8.27586e-18  -4.3179e-05 -5.45758e-18  -1.9747e-05 -2.72415e-18  -8.2342e-06 -1.13478e-18 -3.19556e-06 -4.16468e-19 -1.17003e-06 -1.40158e-19 -4.08116e-07 -4.40793e-20 -1.36553e-07  -1.2818e-20 -4.40249e-08 -3.31484e-21 -1.37075e-08 -6.97264e-22 -4.12261e-09 -8.31414e-23 -1.19597e-09   1.9107e-23 -3.33794e-10  1.83688e-23 -8.93405e-11  8.33723e-24 -2.28537e-11  2.91311e-24 -5.56901e-12   8.6427e-25 -1.28887e-12  2.25794e-25 -2.82546e-13  5.28131e-26 -5.85289e-14  1.11479e-26 -1.14315e-14  2.12938e-27 -2.10076e-15  3.67636e-28 -3.62478e-16  5.70755e-29 -5.85933e-17  7.86305e-30 -8.85068e-18  9.30432e-31 -1.24554e-18  8.66614e-32 -1.62681e-19  4.30124e-33 -1.96209e-20  -5.1755e-34 -2.16976e-21 -2.02526e-34 -2.17629e-22 -3.99988e-35 -1.94425e-23 -6.18198e-36  -1.4936e-24 -8.17951e-37 -9.03993e-26 -9.57635e-38 -2.93572e-27  -1.0076e-38   2.1899e-28 -9.60473e-40  5.52889e-29 -8.32577e-41  6.86746e-30  -6.5693e-42  6.55033e-31 -4.71353e-43   5.2424e-32 -3.06805e-44  3.62916e-33 -1.80498e-45  2.19799e-34 -9.55045e-47  1.16768e-35 -4.51548e-48  5.42692e-37 -1.89186e-49  2.19189e-38 -6.94853e-51  7.61208e-40 -2.20609e-52  2.23872e-41 -5.94311e-54  5.45778e-43 -1.32444e-55  1.06966e-44 -2.35391e-57  1.60936e-46 -3.15163e-59   1.7228e-48 -2.87382e-61  1.13141e-50 -1.41754e-63  2.93179e-53
  0.00148308 -4.40359e-16   -0.0303074   3.8178e-16    0.0619317  2.95899e-16  -0.00782024 -2.47377e-16   -0.0252912 -1.04769e-16   -0.0111911 -1.22717e-16   0.00085247 -1.14978e-16   0.00436865 -6.37881e-18    0.0034516   8.1989e-17   0.00175949   9.1716e-17  0.000627091  5.23338e-17  0.000113637  1.25333e-17 -4.55643e-05 -6.90319e-18  -6.2694e-05 -1.02354e-17 -4.28991e-05 -7.37403e-18  -2.3137e-05 -4.05509e-18 -1.08659e-05  -1.9053e-18  -4.6259e-06 -8.06709e-19 -1.82263e-06 -3.16507e-19 -6.72625e-07 -1.16257e-19 -2.34177e-07 -4.00124e-20  -7.7241e-08 -1.28953e-20 -2.41909e-08 -3.89288e-21 -7.19958e-09 -1.10152e-21 -2.03582e-09   -2.927e-22 -5.46489e-10 -7.34474e-23  -1.3908e-10 -1.75722e-23 -3.35032e-11  -4.0546e-24 -7.62511e-12 -9.12172e-25 -1.63627e-12  -2.0171e-25   -3.303e-13 -4.39625e-26 -6.25547e-14 -9.41009e-27 -1.10795e-14 -1.96163e-27 -1.82784e-15 -3.93953e-28 -2.79346e-16 -7.54411e-29 -3.92393e-17 -1.36744e-29  -5.0036e-18 -2.33544e-30 -5.66614e-19 -3.74561e-31 -5.44058e-20 -5.62431e-32 -3.87722e-21 -7.88913e-33 -7.33797e-23 -1.03243e-33  3.84445e-23 -1.25961e-34  9.24556e-24 -1.43125e-35  1.44871e-24 -1.51235e-36  1.84891e-25 -1.48341e-37   2.0428e-26 -1.34807e-38  2.00182e-27 -1.13256e-39  1.75878e-28 -8.77359e-41  1.39171e-29  -6.2468e-42  9.92748e-31 -4.07199e-43  6.37437e-32 -2.41881e-44  3.67156e-33 -1.30207e-45  1.88714e-34 -6.30982e-47  8.59393e-36 -2.73046e-48  3.43507e-37 -1.04454e-49   1.1905e-38 -3.48795e-51  3.52063e-40 -1.00006e-52  8.69558e-42 -2.40862e-54   1.7413e-43 -4.72651e-56  2.70755e-45 -7.22165e-58  3.05434e-47 -7.97468e-60  2.21559e-49 -5.50207e-62  7.87109e-52 -1.53191e-64
-3.22933e-18  -0.00529757 -5.39442e-16   -0.0207313  2.95899e-16    0.0526682  2.38584e-16   0.00208955 -9.58118e-17   -0.0229341 -1.95718e-16   -0.0154822 -2.71943e-16  -0.00314572 -1.95406e-16    0.0028679 -2.10536e-17   0.00361458  1.01287e-16   0.00242554  1.14924e-16   0.00120321  6.67114e-17  0.000464207  1.83082e-17  0.000128896 -6.06782e-18  1.21725e-05 -1.14624e-17 -1.45388e-05  -8.9928e-18 -1.35601e-05 -5.33494e-18 -7.97869e-06 -2.70283e-18 -3.85207e-06 -1.22863e-18 -1.63923e-06 -5.12731e-19 -6.33711e-07 -1.98443e-19 -2.25994e-07 -7.16133e-20 -7.49723e-08 -2.42055e-20 -2.32435e-08 -7.69434e-21 -6.74983e-09 -2.30804e-21 -1.83728e-09  -6.5537e-22 -4.68517e-10 -1.76717e-22  -1.1175e-10 -4.53747e-23 -2.48621e-11 -1.11132e-23 -5.13732e-12 -2.59797e-24 -9.79434e-13 -5.79584e-25 -1.70461e-13 -1.23288e-25 -2.65775e-14 -2.49738e-26 -3.57187e-15 -4.80926e-27  -3.7327e-16 -8.78633e-28 -1.75282e-17 -1.51976e-28  4.54285e-18 -2.48447e-29  1.79361e-18 -3.83306e-30  4.11748e-19 -5.57207e-31   7.5863e-20  -7.6185e-32  1.21154e-20 -9.78032e-33  1.72811e-21 -1.17709e-33  2.23295e-22 -1.32616e-34  2.63258e-23 -1.39626e-35  2.84192e-24 -1.37101e-36  2.81284e-25 -1.25265e-37  2.55205e-26  -1.0623e-38  2.11956e-27 -8.33855e-40  1.60752e-28 -6.03875e-41   1.1095e-29 -4.01943e-42   6.9372e-31  -2.4479e-43  3.90666e-32 -1.35686e-44  1.96691e-33 -6.80251e-46   8.7705e-35 -3.06149e-47  3.42125e-36 -1.22561e-48   1.1484e-37 -4.31492e-50  3.24052e-39  -1.3167e-51   7.4172e-41 -3.41697e-53  1.29348e-42 -7.34882e-55  1.48776e-44 -1.26226e-56  5.38595e-47 -1.63503e-58 -1.46631e-48 -1.44341e-60 -2.53537e-50 -6.89583e-63 -1.15827e-52
  0.00334919 -4.45153e-18     -0.01602 -4.32692e-16  -0.00782024  2.38584e-16    0.0441103  2.83281e-16   0.00805927  9.97468e-18   -0.0190158 -2.77366e-16    -0.017657 -4.02985e-16  -0.00690772 -2.73241e-16  0.000527394 -3.81628e-17    0.0029327  1.12862e-16   0.00261929  1.29682e-16   0.00161697  7.64769e-17  0.000805479   2.3135e-17   0.00033974 -4.66313e-18  0.000122646 -1.19447e-17  3.71193e-05 -1.00865e-17  8.61707e-06 -6.31371e-18   9.2732e-07 -3.34488e-18  -4.6124e-07 -1.57596e-18 -4.03312e-07 -6.75672e-19 -1.99711e-07 -2.66792e-19  -7.8717e-08 -9.77747e-20 -2.66713e-08 -3.34568e-20 -7.96898e-09 -1.07383e-20 -2.10935e-09 -3.24387e-21 -4.88696e-10 -9.24747e-22  -9.5198e-11 -2.49304e-22 -1.36847e-11 -6.36504e-23 -4.97617e-13 -1.54014e-23  5.72117e-13 -3.53255e-24  2.79388e-13  -7.6791e-25  9.00947e-14 -1.58146e-25  2.39402e-14 -3.08381e-26  5.58104e-15 -5.68937e-27  1.17212e-15 -9.92125e-28  2.24777e-16 -1.63368e-28  3.96577e-17 -2.53788e-29  6.46553e-18 -3.71596e-30    9.765e-19 -5.12229e-31  1.36799e-19 -6.63828e-32  1.77826e-20  -8.0766e-33  2.14418e-21 -9.21216e-34  2.39585e-22 -9.83504e-35  2.47693e-23 -9.81021e-36  2.36418e-24 -9.12304e-37  2.07742e-25 -7.89062e-38  1.67442e-26 -6.33024e-39  1.23219e-27 -4.69602e-40  8.22955e-29 -3.20989e-41  4.94922e-30 -2.01318e-42  2.65147e-31 -1.15283e-43  1.24574e-32 -5.99262e-45  5.00587e-34 -2.80818e-46  1.64157e-35 -1.17642e-47  3.90655e-37 -4.36082e-49  3.59244e-39 -1.41203e-50 -2.24508e-40 -3.92799e-52 -1.51306e-41 -9.18192e-54 -5.39358e-43 -1.74891e-55 -1.31809e-44 -2.59324e-57 -2.24653e-46 -2.77771e-59 -2.48766e-48 -1.85747e-61 -1.44287e-50 -5.00714e-64
 1.40469e-16   0.00459559   2.6615e-18   -0.0235801 -2.47377e-16   0.00208955  2.83281e-16    0.0383836  4.12889e-16    0.0114932  9.47116e-17   -0.0149329 -3.32033e-16    -0.018221  -4.9053e-16  -0.00994699  -3.1891e-16  -0.00214708 -4.35032e-17   0.00156245  1.21145e-16   0.00225357  1.37707e-16   0.00171489   8.2229e-17   0.00101174  2.68828e-17  0.000509201 -2.86966e-18  0.000228019  -1.1613e-17  9.30834e-05 -1.04314e-17  3.52418e-05 -6.76502e-18  1.25545e-05 -3.67186e-18  4.26616e-06 -1.75762e-18  1.40148e-06 -7.60401e-19  4.50471e-07 -3.01437e-19  1.42874e-07 -1.10486e-19  4.48372e-08 -3.76873e-20  1.38753e-08 -1.20201e-20    4.201e-09 -3.59694e-21  1.23256e-09 -1.01247e-21  3.47302e-10 -2.68581e-22  9.33008e-11 -6.72297e-23  2.37693e-11 -1.58914e-23  5.72101e-12 -3.54837e-24  1.29762e-12 -7.48523e-25  2.76867e-13 -1.49163e-25  5.54998e-14 -2.80736e-26  1.04416e-14   -4.988e-27    1.842e-15 -8.36167e-28   3.0441e-16 -1.32167e-28  4.70778e-17 -1.96847e-29  6.80503e-18 -2.76032e-30  9.18034e-19 -3.64056e-31  1.15377e-19 -4.51043e-32  1.34785e-20 -5.24238e-33  1.45955e-21 -5.70782e-34  1.45987e-22 -5.81198e-35  1.34257e-23 -5.52391e-36  1.12828e-24 -4.88942e-37  8.59024e-26 -4.02013e-38   5.8488e-27 -3.06147e-39  3.48519e-28 -2.15216e-40  1.74266e-29 -1.39116e-41  6.55933e-31 -8.23107e-43  1.04392e-32 -4.43368e-44 -9.78302e-34 -2.16034e-45  -1.2242e-34 -9.44931e-47 -8.56234e-36 -3.67576e-48 -4.53169e-37 -1.25702e-49 -1.93478e-38 -3.72395e-51 -6.76069e-40  -9.3752e-53 -1.92116e-41 -1.95406e-54 -4.34447e-43 -3.24828e-56 -7.51252e-45 -4.06458e-58 -9.25349e-47 -3.45812e-60 -7.03481e-49 -1.58748e-62  -2.1349e-51
  0.00143832  2.07921e-16    0.0013489 -3.03015e-17   -0.0252912 -9.58118e-17   0.00805927  4.12889e-16    0.0347993  5.71921e-16    0.0136513  1.65467e-16    -0.011144 -3.51951e-16   -0.0176992 -5.16737e-16   -0.0121211 -3.15715e-16  -0.00476299 -2.75265e-17 -0.000242331  1.32363e-16   0.00138039  1.43093e-16    0.0014369  8.58351e-17  0.000998183  3.00506e-17  0.000569305 -5.63735e-19  0.000285292  -1.0332e-17  0.000129848 -9.86889e-18  5.47432e-05 -6.55928e-18  2.16582e-05  -3.6022e-18  8.11297e-06 -1.73113e-18  2.89453e-06 -7.47774e-19  9.87091e-07 -2.94765e-19  3.22255e-07 -1.07082e-19  1.00718e-07 -3.60956e-20  3.01016e-08  -1.1345e-20  8.58744e-09 -3.33652e-21  2.33346e-09 -9.20601e-22  6.02612e-10 -2.38767e-22  1.47591e-10 -5.82891e-23  3.42155e-11 -1.34059e-23  7.49462e-12 -2.90626e-24  1.54856e-12 -5.94074e-25  3.01357e-13 -1.14516e-25  5.51485e-14 -2.08154e-26  9.47502e-15 -3.56679e-27  1.52562e-15 -5.75924e-28  2.29741e-16 -8.75856e-29  3.22767e-17 -1.25378e-29  4.21755e-18 -1.68809e-30  5.10528e-19 -2.13553e-31  5.69395e-20 -2.53529e-32  5.80592e-21 -2.82079e-33  5.34794e-22 -2.93677e-34  4.35957e-23 -2.85595e-35  3.01809e-24 -2.58883e-36  1.59001e-25 -2.18211e-37  3.45733e-27 -1.70555e-38 -5.25945e-28 -1.23222e-39 -9.65742e-29 -8.19888e-41 -1.03684e-29 -5.00269e-42 -8.74104e-31 -2.78512e-43 -6.20334e-32  -1.4063e-44 -3.79631e-33 -6.39463e-46 -2.01906e-34 -2.59608e-47 -9.32831e-36 -9.31126e-49 -3.72163e-37 -2.91166e-50 -1.26823e-38 -7.80397e-52 -3.63101e-40 -1.75261e-53 -8.52641e-42 -3.19568e-55 -1.58446e-43 -4.51521e-57 -2.20198e-45 -4.58105e-59 -2.06921e-47 -2.87915e-61 -1.04403e-49 -7.22174e-64
 -9.2767e-18   0.00391633  1.49711e-16  -0.00496754 -1.04769e-16   -0.0229341  9.97468e-18    0.0114932  5.71921e-16     0.032431  7.02844e-16    0.0151867  2.09948e-16   -0.0077105 -3.39952e-16   -0.0164546 -4.81637e-16   -0.0134377 -2.64495e-16  -0.00704663  1.09565e-17  -0.00220499  1.49877e-16  0.000150464   1.4885e-16  0.000821369  8.88465e-17  0.000747148   3.3203e-17  0.000488918  2.43227e-18  0.000268853 -8.05495e-18  0.000131265 -8.40277e-18  5.84563e-05 -5.71855e-18  2.41114e-05 -3.15987e-18  9.29798e-06 -1.51486e-18  3.37169e-06 -6.49278e-19  1.15375e-06  -2.5299e-19  3.73252e-07 -9.05729e-20  1.14252e-07 -3.00083e-20  3.30909e-08 -9.24779e-21  9.06434e-09 -2.66075e-21  2.34634e-09 -7.16706e-22  5.73351e-10 -1.81109e-22  1.32096e-10 -4.29975e-23  2.86541e-11 -9.60053e-24  5.84273e-12 -2.01743e-24  1.11778e-12  -3.9916e-25  2.00179e-13 -7.43778e-26  3.34621e-14 -1.30524e-26  5.20133e-15 -2.15678e-27  7.47876e-16 -3.35456e-28  9.87085e-17 -4.90887e-29  1.18132e-17 -6.75429e-30  1.25434e-18 -8.73112e-31  1.12876e-19 -1.05922e-31  7.55002e-21 -1.20441e-32  1.40548e-22 -1.28176e-33 -6.35071e-23 -1.27452e-34 -1.43156e-23 -1.18181e-35 -2.08658e-24 -1.01952e-36 -2.46855e-25 -8.16087e-38 -2.52058e-26 -6.04262e-39 -2.27536e-27 -4.12405e-40  -1.8349e-28 -2.58367e-41 -1.32713e-29 -1.47863e-42 -8.61079e-31 -7.68589e-44  -4.9999e-32 -3.60384e-45 -2.58626e-33 -1.51179e-46 -1.18372e-34 -5.61701e-48 -4.75018e-36 -1.82546e-49 -1.65117e-37 -5.10692e-51 -4.89211e-39 -1.20437e-52 -1.20876e-40  -2.3266e-54 -2.41535e-42 -3.53302e-56 -3.72834e-44 -3.95613e-58 -4.12336e-46 -2.92077e-60 -2.82092e-48 -1.10796e-62 -7.69555e-51
 0.000156801 -3.19743e-17   0.00526008  2.46596e-17   -0.0111911 -1.95718e-16   -0.0190158  9.47116e-17    0.0136513  7.02844e-16    0.0307731  7.60615e-16    0.0164039  2.13567e-16  -0.00457705 -3.07325e-16   -0.0147039 -4.01454e-16   -0.0139465 -1.79473e-16  -0.00880797  6.51542e-17  -0.00405899  1.72284e-16  -0.00122599  1.55342e-16 -1.16194e-05  9.16947e-17  0.000311002  3.65159e-17   0.00028452  6.06655e-18  0.000181023 -4.96728e-18  9.59456e-05 -6.24636e-18  4.49072e-05 -4.41748e-18  1.90652e-05 -2.46121e-18  7.44861e-06 -1.17532e-18  2.70076e-06 -4.98476e-19  9.13413e-07 -1.91376e-19  2.89006e-07 -6.72919e-20  8.56808e-08 -2.18396e-20  2.38145e-08 -6.57807e-21  6.20416e-09 -1.84605e-21   1.5136e-09 -4.84134e-22  3.45237e-10 -1.18909e-22  7.34367e-11 -2.73959e-23  1.45143e-11 -5.92757e-24  2.65069e-12 -1.20541e-24  4.43417e-13 -2.30506e-25  6.69451e-14 -4.14615e-26  8.86542e-15 -7.01502e-27  9.62726e-16 -1.11622e-27  6.70152e-17 -1.66977e-28 -3.05286e-18 -2.34708e-29 -2.30292e-18 -3.09785e-30 -5.56894e-19 -3.83569e-31 -1.01055e-19  -4.4499e-32 -1.55477e-20 -4.83011e-33 -2.11433e-21 -4.89709e-34 -2.58879e-22 -4.62856e-35 -2.87996e-23 -4.06888e-36   -2.924e-24 -3.31772e-37 -2.71412e-25 -2.50125e-38 -2.30323e-26 -1.73706e-39 -1.78447e-27 -1.10643e-40  -1.2591e-28 -6.43059e-42 -8.06196e-30 -3.38925e-43 -4.66232e-31 -1.60773e-44 -2.42075e-32 -6.80037e-46 -1.12004e-33 -2.53493e-47 -4.57481e-35 -8.20147e-49 -1.63014e-36  -2.2559e-50 -4.99078e-38 -5.11962e-52 -1.28675e-39 -9.13802e-54 -2.71845e-41 -1.17107e-55 -4.52477e-43 -8.34939e-58 -5.58393e-45  1.47975e-60 -4.59338e-47  8.58871e-62 -1.98301e-49  4.56222e-64
-4.78609e-17   0.00149065 -3.80149e-17   0.00408021 -1.22717e-16   -0.0154822 -2.77366e-16   -0.0149329  1.65467e-16    0.0151867  7.60615e-16    0.0295985  7.22797e-16    0.0174678  1.71207e-16  -0.00165919  -2.6796e-16   -0.0125623 -2.99161e-16   -0.0136933 -8.03475e-17  -0.00990975  1.23874e-16   -0.0055639  1.94772e-16  -0.00251598  1.60872e-16 -0.000891637  9.38319e-17 -0.000205967  3.96818e-17  1.24787e-05   9.9625e-18  4.96992e-05 -1.49723e-18  3.68719e-05 -3.77677e-18   1.9885e-05 -2.92496e-18  9.01905e-06 -1.66855e-18   3.6121e-06 -7.97939e-19  1.30552e-06 -3.35375e-19  4.30446e-07 -1.26822e-19   1.3012e-07 -4.37421e-20  3.61032e-08 -1.38822e-20   9.1725e-09 -4.07848e-21  2.11953e-09 -1.11405e-21  4.39257e-10 -2.83835e-22  7.92577e-11 -6.76098e-23  1.15519e-11 -1.50828e-23  1.00339e-12 -3.15511e-24 -1.12702e-13 -6.19408e-25 -8.50869e-14 -1.14184e-25 -2.73571e-14 -1.97697e-26 -6.78761e-15  -3.2147e-27 -1.44479e-15 -4.90801e-28 -2.74171e-16 -7.03211e-29 -4.72264e-17 -9.44903e-30 -7.45496e-18  -1.1896e-30 -1.08425e-18 -1.40146e-31 -1.45724e-19 -1.54255e-32 -1.81257e-20 -1.58325e-33 -2.08737e-21 -1.51189e-34 -2.22473e-22 -1.33955e-35 -2.19216e-23  -1.0975e-36 -1.99365e-24 -8.28047e-38 -1.66963e-25 -5.72382e-39 -1.28385e-26  -3.6015e-40 -9.03163e-28 -2.04537e-41 -5.78703e-29 -1.03632e-42 -3.35935e-30 -4.60441e-44 -1.75521e-31 -1.74365e-45 -8.18845e-33 -5.32012e-47 -3.37724e-34 -1.11767e-48  -1.2161e-35 -3.48727e-51 -3.76187e-37  1.00193e-51 -9.78377e-39  5.53426e-53 -2.07617e-40  1.83941e-54 -3.43908e-42  4.31753e-56 -4.13847e-44  7.16678e-58 -3.15678e-46  7.79979e-60 -1.06289e-48  4.47738e-62  5.82086e-52
-0.000220364 -4.30323e-17    0.0033611 -5.97133e-17   0.00085247 -2.71943e-16    -0.017657 -3.32033e-16    -0.011144  2.09948e-16    0.0164039  7.22797e-16    0.0288002  5.93997e-16    0.0184883   9.0298e-17   0.00113496 -2.31841e-16   -0.0100783 -1.95085e-16   -0.0127092  1.49527e-17   -0.0102542  1.76143e-16  -0.00652148  2.12001e-16  -0.00350187  1.63234e-16  -0.00163927  9.43463e-17 -0.000680395  4.21042e-17 -0.000252743  1.35308e-17 -8.44915e-05  1.80595e-18 -2.55628e-05 -1.41794e-18 -7.09252e-06 -1.51517e-18 -1.87281e-06 -9.34292e-19 -5.11735e-07 -4.56997e-19 -1.61523e-07 -1.92204e-19 -6.03238e-08 -7.19141e-20 -2.42739e-08 -2.43732e-20 -9.55254e-09 -7.56491e-21 -3.50714e-09  -2.1658e-21 -1.18387e-09 -5.74827e-22 -3.66888e-10 -1.41945e-22 -1.04665e-10 -3.26959e-23 -2.75816e-11 -7.03801e-24 -6.73552e-12 -1.41756e-24 -1.52828e-12 -2.67374e-25 -3.22851e-13  -4.7246e-26 -6.35955e-14 -7.82155e-27  -1.1693e-14 -1.21269e-27 -2.00807e-15 -1.75975e-28  -3.2218e-16 -2.38761e-29 -4.82896e-17 -3.02481e-30  -6.7589e-18 -3.57143e-31 -8.82797e-19  -3.9201e-32  -1.0749e-19 -3.98666e-33 -1.21847e-20 -3.73982e-34 -1.28369e-21 -3.21655e-35 -1.25428e-22 -2.51431e-36 -1.13376e-23  -1.7621e-37 -9.45149e-25 -1.08153e-38 -7.23995e-26 -5.54162e-40 -5.07325e-27 -2.07288e-41 -3.23436e-28 -2.08277e-43 -1.86344e-29  5.18062e-44 -9.61984e-31  6.08621e-45 -4.40084e-32   4.4889e-46 -1.75739e-33  2.59003e-47 -5.99309e-35  1.23361e-48  -1.6846e-36  4.92043e-50 -3.64366e-38  1.63977e-51 -4.99298e-40  4.50449e-53  2.57029e-43  9.94722e-55  2.20376e-43  1.69392e-56  6.04976e-45  2.07041e-58  8.56044e-47  1.57311e-60  5.84396e-49  4.80365e-63
  5.0886e-18  0.000134857 -2.24815e-17   0.00455661 -1.14978e-16  -0.00314572 -4.02985e-16    -0.018221 -3.51951e-16   -0.0077105  2.13567e-16    0.0174678  5.93997e-16    0.0283284  4.01075e-16    0.0195519 -1.15616e-17   0.00389711 -2.01613e-16  -0.00726285 -1.01846e-16   -0.0110198  9.46041e-17   -0.0097887  2.14652e-16  -0.00679857  2.20465e-16  -0.00402096  1.60974e-16  -0.00210987   9.2517e-17  -0.00100706  4.31794e-17 -0.000445074   1.6181e-17 -0.000184671  4.44635e-18 -7.27428e-05   4.8586e-19 -2.74373e-05 -3.89577e-19 -9.96684e-06 -3.59845e-19 -3.49635e-06  -1.9704e-19 -1.18423e-06  -8.6181e-20 -3.86349e-07 -3.25193e-20 -1.20964e-07 -1.09356e-20    -3.62e-08 -3.33369e-21 -1.03156e-08 -9.30739e-22 -2.79004e-09 -2.39559e-22 -7.14408e-10 -5.70945e-23 -1.72839e-10 -1.26371e-23 -3.94494e-11 -2.60246e-24 -8.48478e-12 -4.99184e-25 -1.71802e-12 -8.92107e-26 -3.27227e-13 -1.48486e-26 -5.85811e-14 -2.29903e-27  -9.8492e-15 -3.30419e-28 -1.55378e-15 -4.39348e-29 -2.29764e-16  -5.3778e-30 -3.18091e-17 -6.01234e-31 -4.11706e-18 -6.05917e-32  -4.9734e-19 -5.37198e-33 -5.59595e-20 -3.97136e-34 -5.85051e-21 -2.07152e-35 -5.66673e-22 -3.43688e-38 -5.06664e-23  1.73933e-37 -4.16291e-24  2.93804e-38 -3.12505e-25  3.43134e-39  -2.1271e-26  3.28776e-40 -1.29893e-27  2.71778e-41 -7.00423e-29  1.97649e-42 -3.24802e-30  1.27414e-43 -1.22853e-31  7.29097e-45 -3.26917e-33  3.69377e-46 -1.70314e-35  1.64719e-47  4.47071e-36  6.40756e-49  3.34014e-37   2.1469e-50  1.53159e-38  6.08823e-52   5.1911e-40  1.42584e-53  1.33995e-41  2.66058e-55   2.5836e-43  3.73879e-57  3.50126e-45  3.57883e-59  2.90585e-47  1.85381e-61  9.58573e-50
-0.000203794  1.37172e-17   0.00119197 -6.14461e-18   0.00436865 -1.95406e-16  -0.00690772  -4.9053e-16   -0.0176992 -3.39952e-16  -0.00457705  1.71207e-16    0.0184883  4.01075e-16    0.0281671  1.82806e-16     0.020733 -1.11613e-16    0.0067095 -1.73353e-16  -0.00411885 -2.39428e-17  -0.00867021  1.53861e-16  -0.00852606  2.36884e-16  -0.00635341  2.19294e-16  -0.00399957  1.53812e-16   -0.0022287  8.80621e-17  -0.00112822  4.25122e-17 -0.000527449  1.75128e-17 -0.000230261  6.11989e-18  -9.4577e-05  1.75085e-18 -3.67294e-05  3.60845e-19 -1.35262e-05  1.78646e-20 -4.73021e-06 -2.99219e-20 -1.57131e-06 -1.98843e-20 -4.95598e-07 -8.64192e-21 -1.48292e-07 -3.06177e-21 -4.20498e-08 -9.42032e-22 -1.12874e-08 -2.58591e-22 -2.86512e-09 -6.41951e-23 -6.87029e-10 -1.45129e-23 -1.55484e-10 -2.99637e-24 -3.31808e-11 -5.64653e-25 -6.67109e-12 -9.67062e-26 -1.26248e-12  -1.4905e-26 -2.24668e-13 -2.02502e-27 -3.75562e-14 -2.31213e-28 -5.88977e-15 -1.91521e-29  -8.6527e-16 -2.56806e-31 -1.18871e-16  3.24485e-31 -1.52382e-17  8.94739e-32 -1.81788e-18  1.67286e-32  -2.0114e-19  2.58169e-33 -2.05501e-20  3.48286e-34 -1.92718e-21  4.20685e-35 -1.64487e-22  4.60266e-36 -1.26126e-23  4.58801e-37 -8.49877e-25   4.1777e-38 -4.81458e-26  3.47675e-39 -2.03497e-27  2.64177e-40  -3.0833e-29  1.82859e-41  5.03684e-30  1.14906e-42  6.96104e-31  6.52471e-44  5.76833e-32  3.32793e-45    3.716e-33  1.51315e-46   1.9781e-34   6.0744e-48  8.85617e-36  2.12658e-49  3.33613e-37  6.38916e-51  1.04658e-38  1.61227e-52  2.67941e-40  3.31569e-54  5.41526e-42   5.3128e-56  8.18016e-44  6.15905e-58  8.36284e-46  4.46703e-60  4.60058e-48  1.30911e-62
 1.22668e-17 -0.000255018  3.14191e-17   0.00251048 -6.37881e-18    0.0028679 -2.73241e-16  -0.00994699 -5.16737e-16   -0.0164546 -3.07325e-16  -0.00165919   9.0298e-17    0.0195519  1.82806e-16    0.0283219  -2.0828e-17    0.0220916 -1.87873e-16   0.00962761 -1.40194e-16 -0.000676116  3.97016e-17  -0.00575692  1.93439e-16  -0.00656773  2.44117e-16  -0.00525452   2.0966e-16  -0.00347054  1.42378e-16  -0.00200639  8.11257e-17  -0.00104536   4.0019e-17 -0.000499302   1.7416e-17 -0.000220995  6.76735e-18 -9.12807e-05  2.36646e-18  -3.5347e-05  7.48813e-19   -1.287e-05  2.15382e-19 -4.41402e-06  5.66102e-20 -1.42741e-06  1.37169e-20 -4.35425e-07  3.11736e-21 -1.25303e-07  6.86278e-22 -3.40107e-08  1.53641e-22 -8.70417e-09  3.66252e-23 -2.09936e-09  9.37252e-24 -4.76908e-10  2.48315e-24 -1.01966e-10  6.49075e-25 -2.05004e-11   1.6172e-25 -3.87168e-12  3.77244e-26 -6.85953e-13   8.1787e-27 -1.13824e-13  1.64466e-27 -1.76527e-14  3.06827e-28 -2.55183e-15  5.31522e-29 -3.42592e-16  8.55768e-30 -4.25022e-17  1.28148e-30 -4.83701e-18  1.78561e-31  -4.9926e-19  2.31548e-32 -4.58282e-20  2.79368e-33 -3.59642e-21  3.13413e-34 -2.17499e-22  3.26604e-35 -5.87332e-24  3.15699e-36  8.49894e-25   2.8254e-37  1.87476e-25  2.33583e-38  2.36096e-26   1.7788e-39  2.34159e-27  1.24349e-40  1.97009e-28  7.94671e-42  1.44408e-29  4.61945e-43  9.31563e-31  2.42794e-44  5.30056e-32  1.14538e-45  2.65335e-33   4.8064e-47  1.16106e-34  1.77404e-48  4.39649e-36  5.67758e-50  1.41982e-37  1.54621e-51  3.83125e-39  3.49296e-53  8.38777e-41  6.30992e-55  1.42498e-42  8.61025e-57  1.74487e-44  8.02373e-59  1.33183e-46  4.05536e-61   4.0934e-49
-0.000112012  2.16333e-17  0.000101881  5.64199e-17    0.0034516 -2.10536e-17  0.000527394  -3.1891e-16   -0.0121211 -4.81637e-16   -0.0147039  -2.6796e-16   0.00113496 -1.15616e-17     0.020733  -2.0828e-17    0.0288041 -1.77172e-16    0.0236585  -2.2457e-16    0.0126544 -9.65576e-17   0.00297383  9.22111e-17  -0.00245564   2.1672e-16  -0.00411531  2.39463e-16  -0.00367882  1.93638e-16  -0.00256483  1.27723e-16  -0.00152915  7.21633e-17 -0.000810579  3.59291e-17 -0.000390013  1.60649e-17 -0.000172451  6.54096e-18 -7.06279e-05  2.45217e-18 -2.69312e-05  8.54537e-19 -9.59396e-06  2.79187e-19 -3.20028e-06  8.61807e-20 -1.00104e-06  2.53054e-20 -2.93874e-07  7.10628e-21 -8.09991e-08  1.91526e-21 -2.09612e-08  4.96118e-22 -5.09127e-09  1.23442e-22 -1.15989e-09  2.94422e-23 -2.47591e-10  6.71185e-24 -4.94433e-11  1.45787e-24 -9.21716e-12  3.00813e-25 -1.59908e-12  5.88086e-26 -2.57035e-13  1.08695e-26 -3.80233e-14    1.896e-27 -5.12117e-15  3.11667e-28 -6.16177e-16  4.82168e-29 -6.37081e-17   7.0118e-30 -5.10301e-18  9.57329e-31 -1.82162e-19  1.22564e-31  3.64123e-20  1.46947e-32  1.08678e-20  1.64751e-33  1.88086e-21  1.72439e-34  2.59864e-22  1.68174e-35  3.09202e-23  1.52493e-36  3.26132e-24  1.28235e-37  3.08901e-25   9.9713e-39  2.64258e-26  7.14484e-40  2.04564e-27  4.69862e-41  1.43196e-28  2.82237e-42  9.04067e-30  1.53979e-43   5.1258e-31   7.5782e-45  2.59403e-32  3.33692e-46  1.16235e-33  1.30134e-47  4.56323e-35  4.43777e-49  1.54811e-36  1.30177e-50  4.45604e-38  3.21371e-52  1.06107e-39  6.47701e-54  2.01525e-41   1.0186e-55  2.88384e-43  1.16046e-57  2.81091e-45   8.2808e-60  1.48202e-47  2.39026e-62
 3.04221e-18 -0.000237968  3.82482e-17  0.000867632   8.1989e-17   0.00361458 -3.81628e-17  -0.00214708 -3.15715e-16   -0.0134377 -4.01454e-16   -0.0125623 -2.31841e-16   0.00389711 -1.11613e-16    0.0220916 -1.77172e-16    0.0296086 -2.66523e-16    0.0254108 -2.15695e-16    0.0157126 -4.11591e-17   0.00665334   1.3586e-16  0.000971256  2.27244e-16  -0.00145609  2.26124e-16  -0.00188165  1.73299e-16  -0.00147664  1.10981e-16 -0.000927538  6.18319e-17 -0.000503011  3.07145e-17 -0.000243382  1.38325e-17 -0.000106923  5.71726e-18 -4.30974e-05  2.18913e-18 -1.60424e-05  7.82266e-19 -5.53798e-06  2.62402e-19 -1.77765e-06  8.29977e-20 -5.31376e-07  2.48364e-20    -1.48e-07   7.0469e-21 -3.83968e-08  1.89817e-21 -9.26746e-09  4.85603e-22 -2.07593e-09  1.17963e-22 -4.29815e-10  2.71935e-23 -8.17042e-11  5.94375e-24 -1.40954e-11  1.23059e-24 -2.15966e-12  2.41095e-25 -2.80262e-13  4.46537e-26 -2.67239e-14  7.81109e-27 -5.10792e-16  1.28929e-27  5.62069e-16   2.0062e-28  1.81708e-16  2.94001e-29   3.9535e-17  4.05331e-30  7.10971e-18  5.25111e-31  1.12108e-18  6.38433e-32  1.58877e-19  7.27406e-33  2.04827e-20  7.75397e-34  2.41744e-21  7.71877e-35  2.62016e-22  7.16013e-36  2.61108e-23  6.17423e-37  2.39194e-24  4.93525e-38  2.01177e-25   3.6449e-39  1.55008e-26  2.47775e-40  1.09078e-27  1.54345e-41  6.98198e-29  8.76412e-43   4.0446e-30  4.50806e-44  2.10709e-31  2.08483e-45  9.79456e-33  8.58946e-47  4.02261e-34  3.11694e-48  1.44153e-35  9.81923e-50  4.43489e-37  2.63516e-51  1.14618e-38  5.87192e-53  2.41402e-40   1.0472e-54     3.96e-42  1.41176e-56   4.6968e-44  1.30063e-58  3.48181e-46  6.50306e-61  1.04176e-48
-4.64956e-05  8.63128e-18 -0.000208217  6.35977e-17   0.00175949  1.01287e-16    0.0029327 -4.35032e-17  -0.00476299 -2.64495e-16   -0.0139465 -2.99161e-16   -0.0100783 -2.01613e-16    0.0067095 -1.87873e-16    0.0236585 -2.66523e-16    0.0306843  -2.8446e-16    0.0272447  -1.6577e-16    0.0186285  2.21211e-17    0.0100994  1.70733e-16   0.00419858  2.27404e-16   0.00108143  2.06574e-16  -0.00014252  1.50351e-16 -0.000411934  9.32345e-17 -0.000335769  5.09009e-17 -0.000201104  2.49741e-17 -0.000100948  1.11686e-17 -4.44719e-05  4.59914e-18 -1.75643e-05  1.75718e-18 -6.28711e-06  6.26482e-19  -2.0502e-06  2.09331e-19 -6.09762e-07  6.57651e-20 -1.64941e-07  1.94719e-20 -4.02503e-08  5.44221e-21 -8.70517e-09  1.43728e-21 -1.60232e-09  3.58884e-22  -2.2312e-10  8.47434e-23 -1.08455e-11  1.89226e-23  6.81033e-12  3.99473e-24   3.3433e-12  7.97037e-25  1.03567e-12  1.50233e-25  2.62122e-13  2.67378e-26  5.80587e-14  4.49071e-27  1.15783e-14  7.11296e-28  2.10884e-15  1.06171e-28  3.53615e-16  1.49211e-29  5.48445e-17  1.97241e-30  7.88924e-18  2.44961e-31  1.05407e-18  2.85445e-32  1.30881e-19  3.11615e-33  1.51006e-20  3.18146e-34  1.61775e-21  3.03164e-35  1.60725e-22  2.69014e-36  1.47826e-23  2.21703e-37  1.25582e-24  1.69177e-38   9.8263e-26  1.19109e-39  7.05737e-27  7.70533e-41  4.63324e-28  4.55793e-42  2.76658e-29  2.45121e-43  1.49348e-30  1.19028e-44  7.23548e-32  5.17561e-46  3.11768e-33  1.99472e-47  1.18141e-34  6.72736e-49  3.88102e-36  1.95295e-50  1.08465e-37  4.77424e-52  2.51365e-39  9.53338e-54  4.65588e-41  1.48613e-55  6.50932e-43    1.679e-57  6.20865e-45   1.1886e-59  3.20779e-47  3.40509e-62
-1.18022e-18 -0.000138599  1.95358e-17  9.66128e-05   9.1716e-17   0.00242554  1.12862e-16   0.00156245 -2.75265e-17  -0.00704663 -1.79473e-16   -0.0136933 -1.95085e-16  -0.00726285 -1.73353e-16   0.00962761  -2.2457e-16    0.0254108  -2.8446e-16    0.0319049 -2.40719e-16    0.0289624 -8.77969e-17    0.0211419  8.54822e-17    0.0129984  1.95054e-16   0.00689363  2.18459e-16   0.00319273  1.82597e-16   0.00129742  1.26205e-16  0.000462047  7.55163e-17   0.00014344  4.01572e-17  3.87198e-05  1.93023e-17  9.39078e-06  8.48563e-18  2.43352e-06   3.4409e-18  9.24507e-07   1.2951e-18  4.86836e-07  4.54602e-19  2.60373e-07   1.4935e-19   1.2467e-07  4.60471e-20   5.2677e-08  1.33505e-20  1.98471e-08  3.64537e-21  6.74994e-09  9.38411e-22  2.09286e-09   2.2791e-22  5.96033e-10  5.22452e-23  1.56789e-10  1.13069e-23  3.82541e-11  2.31035e-24  8.68361e-12  4.45669e-25  1.83813e-12  8.11435e-26  3.63435e-13  1.39399e-26   6.7198e-14  2.25859e-27  1.16275e-14  3.44943e-28  1.88358e-15   4.9623e-29  2.85677e-16  6.71856e-30  4.05565e-17  8.55235e-31  5.38659e-18  1.02234e-31  6.68792e-19  1.14605e-32  7.75397e-20  1.20286e-33  8.38333e-21  1.17985e-34  8.43789e-22  1.07921e-35  7.89023e-23  9.18302e-37  6.83802e-24  7.24822e-38  5.47656e-25   5.2895e-39  4.03972e-26  3.55526e-40  2.73353e-27  2.19107e-41  1.68877e-28  1.23161e-42  9.47205e-30   6.2747e-44  4.79075e-31  2.87569e-45   2.1671e-32  1.17468e-46   8.6789e-34  4.22829e-48  3.03826e-35  1.32186e-49  9.14585e-37  3.52177e-51  2.31606e-38  7.79358e-53  4.78574e-40   1.3808e-54  7.71099e-42  1.84986e-56  8.99236e-44  1.69403e-58  6.56059e-46  8.42149e-61   1.9335e-48
-1.47432e-05 -4.57504e-19 -0.000198922    3.528e-17  0.000627091  1.14924e-16   0.00261929  1.21145e-16 -0.000242331  1.09565e-17  -0.00880797 -8.03475e-17   -0.0127092 -1.01846e-16  -0.00411885 -1.40194e-16    0.0126544 -2.15695e-16    0.0272447 -2.40719e-16    0.0330547 -1.55112e-16    0.0302858  7.75842e-19    0.0229513   1.3982e-16    0.0150519  2.06616e-16   0.00878767  2.01338e-16   0.00466218  1.55743e-16   0.00228537  1.02163e-16   0.00104995  5.87887e-17  0.000457632  3.02965e-17   0.00019105  1.41776e-17  7.68643e-05  6.08377e-18    2.987e-05  2.41107e-18  1.11984e-05   8.8724e-19   4.0359e-06  3.04393e-19   1.3919e-06  9.76687e-20   4.5732e-07  2.93805e-20  1.42606e-07  8.30168e-21  4.20836e-08  2.20651e-21  1.17293e-08  5.52268e-22  3.08341e-09  1.30271e-22  7.63878e-10  2.89761e-23  1.78248e-10  6.07964e-24  3.91642e-11  1.20347e-24  8.10063e-12  2.24761e-25  1.57696e-12  3.95982e-26  2.88862e-13  6.57934e-27  4.97723e-14  1.03055e-27  8.06363e-15  1.52088e-28  1.22768e-15  2.11326e-29  1.75527e-16  2.76224e-30  2.35474e-17  3.39283e-31  2.96088e-18   3.9112e-32  3.48529e-19  4.22542e-33  3.83485e-20  4.27069e-34  3.93727e-21  4.03028e-35  3.76436e-22  3.54314e-36  3.34352e-23  2.89407e-37  2.75125e-24  2.18964e-38  2.09059e-25   1.5291e-39  1.46144e-26  9.81528e-41  9.35716e-28  5.76312e-42  5.45868e-29  3.07754e-43  2.88341e-30   1.4844e-44  1.36881e-31   6.4134e-46  5.78656e-33  2.45679e-47  2.15375e-34  8.23793e-49  6.95649e-36  2.37834e-50  1.91333e-37  5.78375e-52  4.36748e-39  1.14915e-53  7.97432e-41  1.78279e-55  1.09978e-42   2.0049e-57  1.03546e-44  1.41304e-59  5.28409e-47  4.03099e-62
-1.61708e-18 -6.37969e-05  2.17146e-18 -0.000126755  5.23338e-17   0.00120321  1.29682e-16   0.00225357  1.32363e-16  -0.00220499  6.51542e-17  -0.00990975  1.49527e-17   -0.0110198 -2.39428e-17 -0.000676116 -9.65576e-17    0.0157126  -1.6577e-16    0.0289624 -1.55112e-16    0.0338424 -5.17627e-17    0.0309059  8.27249e-17    0.0237866  1.77609e-16    0.0160524   2.0436e-16   0.00973866   1.7747e-16   0.00540446  1.27689e-16   0.00277841  7.94701e-17   0.00133556  4.38641e-17  0.000604254  2.18232e-17  0.000258428   9.8976e-18  0.000104737  4.12571e-18  4.02673e-05  1.59029e-18  1.46866e-05  5.69485e-19  5.07887e-06  1.90146e-19  1.66395e-06  5.93643e-20  5.16017e-07  1.73689e-20  1.51352e-07  4.77096e-21  4.19588e-08  1.23207e-21  1.09883e-08  2.99455e-22  2.71724e-09  6.85573e-23  6.34257e-10  1.47931e-23  1.39705e-10  3.00964e-24  2.90299e-11  5.77447e-25  5.68896e-12  1.04488e-25  1.05105e-12  1.78291e-26  1.82993e-13  2.86804e-27  3.00086e-14  4.34764e-28  4.63221e-15  6.20705e-29  6.72572e-16  8.33975e-30  9.17719e-17  1.05354e-30  1.17555e-17  1.24995e-31  1.41188e-18  1.39091e-32  1.58761e-19  1.44939e-33  1.66859e-20  1.41176e-34  1.63594e-21  1.28263e-35  1.49283e-22  1.08429e-36  1.26456e-23  8.50472e-38  9.91384e-25  6.16902e-39  7.16768e-26  4.12241e-40   4.7595e-27  2.52648e-41   2.8886e-28  1.41259e-42  1.59319e-29   7.1602e-44  7.93095e-31  3.26556e-45  3.53392e-32  1.32774e-46  1.39518e-33  4.75808e-48  4.81819e-35  1.48119e-49  1.43172e-36  3.93032e-51  3.58113e-38  8.66407e-53  7.31305e-40  1.52933e-54  1.16511e-41  2.04152e-56  1.34415e-43  1.86311e-58   9.7058e-46  9.23141e-61  2.83226e-48
-2.89884e-06 -3.51005e-18 -0.000121446   6.7444e-18  0.000113637  6.67114e-17   0.00161697  1.37707e-16   0.00138039  1.49877e-16  -0.00405899  1.23874e-16   -0.0102542  9.46041e-17  -0.00867021  3.97016e-17   0.00297383 -4.11591e-17    0.0186285 -8.77969e-17    0.0302858 -5.17627e-17    0.0339514  4.67414e-17    0.0305589  1.45002e-16    0.0234879   1.9499e-16    0.0159429  1.89333e-16    0.0097612  1.49126e-16    0.0054689  1.00261e-16   0.00283235  5.92182e-17    0.0013657  3.12992e-17   0.00061617  1.49937e-17  0.000261017  6.57039e-18  0.000104049  2.65199e-18  3.90866e-05  9.91144e-19  1.38487e-05  3.44403e-19  4.63019e-06  1.11627e-19   1.4612e-06  3.38357e-20  4.35319e-07  9.61147e-21  1.22439e-07  2.56299e-21  3.25129e-08  6.42436e-22  8.15111e-09  1.51529e-22  1.92923e-09  3.36585e-23  4.31046e-10  7.04496e-24  9.09037e-11  1.38999e-24  1.80915e-11  2.58571e-25  3.39694e-12  4.53516e-26  6.01546e-13   7.4988e-27   1.0042e-13  1.16856e-27   1.5794e-14  1.71542e-28  2.33876e-15   2.3707e-29   3.2579e-16  3.08188e-30  4.26494e-17  3.76491e-31  5.24086e-18  4.31683e-32  6.03688e-19  4.63902e-33  6.50805e-20  4.66452e-34  6.55416e-21   4.3798e-35    6.153e-22  3.83161e-36  5.37145e-23   3.1149e-37  4.34808e-24  2.34595e-38  3.25292e-25  1.63104e-39  2.24056e-26  1.04251e-40  1.41448e-27  6.09622e-42  8.14155e-29  3.24266e-43   4.2458e-30  1.55817e-44  1.99103e-31  6.70787e-46  8.31901e-33  2.56074e-47  3.06183e-34  8.55818e-49  9.78398e-36    2.463e-50  2.66347e-37  5.97152e-52  6.02007e-39  1.18301e-53   1.0888e-40  1.83018e-55    1.488e-42  2.05263e-57  1.38875e-44  1.44291e-59  7.02754e-47  4.10594e-62
-1.14675e-18 -2.45689e-05 -5.49008e-18 -0.000130224  1.25333e-17  0.000464207  7.64769e-17   0.00171489  1.43093e-16  0.000150464  1.72284e-16   -0.0055639  1.76143e-16   -0.0097887  1.53861e-16  -0.00575692  9.22111e-17   0.00665334  2.21211e-17    0.0211419  7.75842e-19    0.0309059  4.67414e-17    0.0331164  1.23814e-16    0.0291058  1.80965e-16    0.0220612  1.92454e-16    0.0148357  1.64649e-16    0.0090129  1.19166e-16   0.00500772  7.51838e-17   0.00256681  4.21739e-17   0.00122131   2.1327e-17   0.00054185  9.82149e-18  0.000224892  4.15042e-18  8.75269e-05  1.61888e-18  3.19993e-05  5.85504e-19  1.10035e-05   1.9707e-19   3.5624e-06  6.19094e-20  1.08666e-06  1.81959e-20  3.12487e-07  5.01318e-21  8.47523e-08  1.29676e-21  2.16868e-08  3.15328e-22   5.2368e-09  7.21529e-23  1.19351e-09  1.55476e-23   2.5674e-10  3.15662e-24  5.21259e-11  6.04063e-25  9.98721e-12  1.08971e-25  1.80533e-12  1.85311e-26  3.07777e-13  2.97014e-27  4.94622e-14  4.48526e-28  7.48861e-15  6.37834e-29  1.06731e-15  8.53561e-30  1.43071e-16  1.07395e-30   1.8018e-17  1.26905e-31  2.12915e-18  1.40656e-32  2.35726e-19  1.45997e-33  2.44095e-20  1.41663e-34   2.3594e-21  1.28226e-35   2.1239e-22  1.08005e-36  1.77585e-23  8.44164e-38  1.37494e-24  6.10243e-39  9.82255e-26  4.06449e-40  6.44795e-27  2.48309e-41  3.87047e-28  1.38409e-42  2.11227e-29  6.99512e-44  1.04087e-30  3.18127e-45  4.59288e-32  1.28998e-46   1.7963e-33  4.61074e-48  6.14761e-35  1.43176e-49  1.81092e-36  3.79009e-51   4.4918e-38  8.33578e-53  9.09888e-40  1.46813e-54  1.43837e-41  1.95564e-56  1.64697e-43  1.78104e-58  1.18064e-45  8.80725e-61  3.42118e-48
