 1.91552e-33 -3.08831e-36 -1.87129e-33  3.92974e-36  4.74936e-32  4.27654e-35 -1.06701e-30  3.32623e-35  1.66469e-29  5.84902e-36 -1.97206e-28 -6.64749e-36  1.85291e-27 -5.70108e-36 -1.42122e-26 -5.31843e-36  9.07878e-26 -3.36868e-36 -4.89958e-25  1.55333e-36    2.257e-24  1.64853e-37 -8.93989e-24 -1.21947e-35  3.05993e-23  9.43561e-35 -9.07686e-23 -5.47477e-34  2.33582e-22  2.67844e-33 -5.20967e-22 -1.13772e-32  1.00386e-21  4.25633e-32 -1.66129e-21  -1.4155e-31  2.33792e-21  4.21109e-31 -2.75312e-21 -1.12566e-30  2.63889e-21  2.71195e-30 -1.95135e-21 -5.90097e-30  9.71858e-22  1.16109e-29 -1.49006e-22 -2.06692e-29  -2.2427e-22  3.32809e-29  1.98538e-22 -4.84211e-29 -4.12833e-23  6.35315e-29 -4.05838e-23 -7.49286e-29  2.83118e-23  7.90244e-29  1.85324e-24 -7.39007e-29 -7.90612e-24   6.0376e-29  1.15326e-24  -4.1849e-29  1.68193e-24  2.29173e-29 -4.22263e-25 -7.53835e-30 -3.26832e-25 -2.26445e-30  8.67904e-26  6.60334e-30  6.16257e-26 -7.00906e-30 -1.13176e-26  5.40688e-30 -1.07016e-26 -3.34224e-30  4.74001e-28   1.6747e-30  1.50734e-27 -6.54083e-31  1.69888e-28  1.71799e-31 -1.42394e-28  -7.5753e-33 -4.32491e-29 -2.08187e-32  5.04367e-30  1.29609e-32  4.63153e-30 -4.50882e-33  5.62679e-31   9.7448e-34  -1.9296e-31 -1.01323e-34 -7.27252e-32 -7.22053e-36 -4.92097e-33    2.458e-36  2.23702e-33  9.18752e-37  6.17821e-34 -6.00799e-37  4.30468e-35  1.41674e-37 -8.82869e-36 -1.11548e-38 -2.36798e-36 -2.15225e-39 -2.05457e-37  6.56877e-40  4.05792e-39 -9.46793e-41  2.43693e-39  1.20114e-41  2.39386e-40 -1.74724e-43  7.25289e-42 -2.36175e-43 -1.37776e-43  1.97444e-44 -2.20783e-44  2.79853e-46 -3.27663e-46 -2.07297e-47
-3.08831e-36  7.21847e-33 -1.78191e-35 -9.96458e-32 -2.56097e-36  2.74781e-30  9.67703e-35  -5.0625e-29  6.58096e-35  6.85998e-28  1.71946e-35 -7.23216e-27 -9.39033e-36  6.14473e-26 -1.31162e-35 -4.30932e-25 -8.02617e-36  2.53698e-24 -5.93941e-36 -1.26912e-23  8.01782e-36  5.44213e-23 -1.72517e-35 -2.01264e-22 -3.56227e-35  6.44477e-22   6.9469e-34 -1.79041e-21 -5.08381e-33  4.31564e-21  2.73475e-32 -9.00823e-21 -1.20965e-31  1.62122e-20  4.58793e-31 -2.49669e-20 -1.52356e-30  3.24968e-20  4.48363e-30 -3.50262e-20 -1.17817e-29   3.0137e-20  2.77805e-29 -1.91424e-20 -5.89688e-29  6.98623e-21  1.12905e-28  1.05145e-21 -1.95185e-28 -3.15893e-21  3.04707e-28  1.61728e-21 -4.29249e-28  1.34967e-22  5.44769e-28 -5.44802e-22 -6.21097e-28  1.63427e-22  6.33247e-28  9.84395e-23 -5.73129e-28 -6.54068e-23  4.54673e-28 -1.21738e-23   -3.086e-28  1.65682e-23  1.69501e-28  1.31576e-24 -6.26626e-29 -3.41334e-24 -2.54429e-30 -2.59965e-25   3.0947e-29  5.96754e-25 -3.48138e-29  8.41999e-26  2.69186e-29  -8.3456e-26 -1.64537e-29 -2.20192e-26  8.11108e-30  7.77999e-27 -3.10732e-30  3.87447e-27  8.00374e-31 -1.75463e-28 -3.94277e-32 -4.16512e-28 -8.54243e-32 -6.53975e-29  5.04187e-32  2.02529e-29 -1.59787e-32   8.8224e-30  2.89947e-33  5.39943e-31 -1.33305e-34 -3.77844e-31 -7.51229e-35 -1.02346e-31  1.69511e-35 -4.53834e-33  1.65005e-36  2.72949e-33 -1.77622e-36  6.26946e-34  4.34533e-37  4.05162e-35 -3.32386e-38 -5.80161e-36 -4.62424e-39 -1.46149e-36  1.01918e-39 -1.18371e-37 -1.67465e-40 -1.15718e-39  4.25341e-41  6.48281e-40 -2.69483e-42  5.07886e-41 -4.86466e-43  1.62251e-42  4.50374e-44 -5.01544e-45  1.44222e-46 -2.79307e-46
-1.87129e-33 -1.78191e-35  1.31999e-31 -5.72483e-35 -4.47896e-30 -4.12911e-35  9.97346e-29  1.37923e-34 -1.56709e-27  8.00279e-35  1.86975e-26  2.14009e-35    -1.77e-25 -6.47674e-36  1.36833e-24 -2.27647e-35 -8.81325e-24 -1.93363e-36  4.79763e-23 -3.77198e-35 -2.23026e-22  1.63195e-34  8.91924e-22 -6.30969e-34 -3.08402e-21  1.73375e-33  9.24736e-21 -1.56392e-33 -2.40715e-20 -1.82826e-32  5.43513e-20  1.54276e-31 -1.06129e-19 -7.90767e-31  1.78195e-19  3.18638e-30 -2.54841e-19  -1.0828e-29  3.05658e-19  3.19731e-29  -2.9948e-19  -8.3326e-29  2.27948e-19  1.93406e-28 -1.19165e-19 -4.02026e-28  2.31085e-20  7.50921e-28  2.40381e-20  -1.2627e-27 -2.41071e-20  1.91287e-27    6.227e-21 -2.60988e-27  4.37975e-21  3.20295e-27 -3.64511e-21 -3.52704e-27  1.26092e-23  3.47103e-27  9.66475e-22 -3.03314e-27 -2.08472e-22  2.32794e-27  -1.9763e-22 -1.53769e-27  6.78558e-23  8.35868e-28  3.76857e-23 -3.27042e-28 -1.41719e-23  3.05281e-29 -7.25335e-24  9.59248e-29  2.07622e-24 -1.17374e-28  1.33571e-24  9.14418e-29 -1.65452e-25 -5.54436e-29 -2.05085e-25  2.69475e-29 -9.85855e-27  -1.0122e-29  2.20324e-26  2.53431e-30  4.99511e-27 -1.15504e-31 -1.14413e-27 -2.51541e-31  -6.5392e-28  1.37842e-31 -4.54791e-29 -3.92456e-32  3.50179e-29  5.77391e-33  9.94397e-30  1.22727e-34  2.05582e-31 -2.61778e-34 -4.06987e-31  5.45205e-35 -8.69137e-32  7.52442e-37  -2.9614e-33 -3.62323e-36  1.82082e-33  8.91427e-37  3.64366e-34  -4.6662e-38  2.34051e-35 -8.95461e-39 -1.76932e-36  9.47237e-41 -4.44869e-37 -8.52489e-41 -3.46757e-38  9.43643e-41 -6.89489e-40 -8.09981e-42  5.00022e-41 -6.54211e-43  3.81829e-42  6.16218e-44  5.67553e-44 -9.16359e-47
 3.92974e-36 -9.96458e-32 -5.72483e-35   5.2375e-30 -1.26473e-34 -1.45487e-28 -1.21142e-34  2.69794e-27   1.4932e-34  -3.6822e-26  6.77992e-35  3.91115e-25  9.16346e-37 -3.34924e-24  7.08424e-36  2.36823e-23 -4.44577e-35 -1.40631e-22  8.48359e-35  7.09926e-22 -5.08794e-34 -3.07349e-21   2.4864e-33  1.14819e-20 -1.03611e-32 -3.71619e-20  3.55947e-32  1.04418e-19 -9.39936e-32 -2.54764e-19  1.40902e-31  5.38761e-19  2.66509e-31 -9.83431e-19 -3.18148e-30  1.53824e-18  1.56654e-29 -2.03746e-18 -5.74432e-29  2.24111e-18   1.7459e-28 -1.97745e-18 -4.57618e-28  1.30201e-18  1.05429e-27 -5.13811e-19 -2.15723e-27 -3.80085e-20  3.94379e-27  2.07114e-19 -6.46372e-27 -1.18861e-19  9.51305e-27 -1.52622e-21 -1.25766e-26  3.68577e-20  1.49229e-26  -1.3618e-20 -1.58598e-26 -5.91177e-21  1.50442e-26  5.01568e-21 -1.26646e-26  5.17601e-22  9.37246e-27 -1.24057e-21 -5.99344e-27 -6.94686e-24   3.1927e-27  2.56606e-22 -1.27944e-27  7.30974e-25  2.18256e-28 -4.63765e-23  2.22634e-28 -3.14449e-24 -3.08981e-28  6.95174e-24  2.44383e-28  1.27484e-24 -1.47735e-28 -7.46561e-25  7.10703e-29 -2.73076e-25 -2.61993e-29  3.58407e-26  6.32844e-30  3.41919e-26 -2.20169e-31  3.37991e-27 -6.10341e-31 -2.11436e-27  3.03901e-31 -6.79756e-28 -7.63115e-32 -4.43331e-30  8.67138e-33  3.74473e-29  8.67993e-34  7.81977e-30 -5.79984e-34 -2.92238e-32  1.24124e-34 -2.85085e-31 -4.17625e-36 -5.09733e-32   -6.237e-36 -1.70503e-33  1.44073e-36  7.39441e-34  1.00978e-38  1.34081e-34 -2.06708e-38  8.50908e-36 -3.14665e-39 -1.94411e-37  2.85726e-40 -7.27254e-38  1.55097e-40 -4.62402e-39 -1.45362e-41 -1.10255e-40 -6.40162e-43  1.09795e-42  5.50949e-44  3.25738e-44
 4.74936e-32 -2.56097e-36 -4.47896e-30 -1.26473e-34  1.64366e-28 -2.11672e-34 -3.68397e-27 -2.19398e-34  5.82997e-26  1.42247e-34 -7.00818e-25  4.20921e-35  6.68647e-24 -5.19712e-35 -5.21174e-23  5.04235e-35  3.38588e-22 -1.98562e-34 -1.85992e-21  1.03547e-33  8.72895e-21  -5.7787e-33 -3.52612e-20  2.80334e-32  1.23225e-19 -1.17556e-31 -3.73674e-19  4.22064e-31  9.84438e-19 -1.26948e-30 -2.25152e-18  3.02136e-30  4.45785e-18 -4.62885e-30 -7.59909e-18  -2.1822e-30  1.10516e-17  4.95522e-29 -1.35113e-17 -2.30277e-28  1.35432e-17  7.60391e-28  -1.0619e-17 -2.05376e-27  5.82575e-18   4.7564e-27 -1.36463e-18 -9.64966e-27  -1.0003e-18  1.73415e-26  1.16129e-18 -2.77746e-26 -3.61898e-19  3.97718e-26 -1.81432e-19 -5.09811e-26  1.85421e-19  5.84847e-26 -1.34053e-20 -5.99488e-26  -4.6345e-20   5.4738e-26   1.3694e-20 -4.42966e-26  8.97134e-21  3.15087e-26 -4.14882e-21 -1.94136e-26 -1.65194e-21  1.00538e-26  8.78045e-22 -4.04262e-27   3.2369e-22  8.80888e-28 -1.39281e-22  3.92725e-28 -6.38372e-23  -6.6897e-28  1.44486e-23  5.43553e-28  1.07808e-23 -3.30278e-28 -2.62783e-25  1.58219e-28 -1.31108e-24 -5.73556e-29 -2.06189e-25  1.32577e-29   8.7899e-26 -2.26562e-31  3.53695e-26 -1.28668e-30  3.45013e-28  5.68216e-31 -2.37567e-27 -1.22323e-31 -5.12685e-28  9.94335e-33  2.11048e-29     1.92e-33  2.77956e-29 -9.44794e-34  4.59645e-30  2.36554e-34  -5.8999e-32 -1.54367e-35 -1.36617e-31 -1.05326e-35 -2.13158e-32  2.00684e-36 -8.19223e-34  2.33388e-37  1.82596e-34 -4.87066e-38  3.05561e-35 -8.72723e-39  1.88452e-36  9.14414e-40  7.78808e-39  2.00554e-40 -4.90375e-39 -1.83723e-41 -2.57808e-40 -4.56788e-43 -3.52022e-42  2.95418e-44
 4.27654e-35  2.74781e-30 -4.12911e-35 -1.45487e-28 -2.11672e-34  4.07845e-27 -2.82719e-34 -7.61724e-26 -2.98246e-34  1.04742e-24  1.41002e-34 -1.12129e-23  2.70207e-35  9.68105e-23 -1.45908e-34 -6.90458e-22  2.82627e-34  4.13731e-21 -1.63276e-33  -2.1085e-20  9.90817e-33  9.22016e-20 -5.36329e-32 -3.48104e-19  2.53725e-31  1.13933e-18  -1.0479e-30 -3.23959e-18  3.76583e-30  8.00499e-18 -1.16687e-29  -1.7161e-17  3.05132e-29  3.17917e-17 -6.38072e-29 -5.05419e-17  8.86765e-29  6.81759e-17  1.60507e-29 -7.65905e-17 -6.26449e-28  6.93609e-17  2.62629e-27 -4.73677e-17 -7.67379e-27  2.01384e-17  1.82428e-26  7.55828e-20 -3.70854e-26 -7.18411e-18  6.58956e-26  4.64207e-18 -1.03477e-25 -2.55809e-19  1.44429e-25 -1.31411e-18 -1.79654e-25  5.91761e-19  1.99272e-25    1.774e-19 -1.96887e-25 -2.02628e-19  1.72821e-25 -4.68517e-21 -1.34157e-25  4.87813e-20  9.14295e-26 -3.50181e-21 -5.40242e-26 -1.00871e-20  2.70059e-26  7.70379e-22 -1.07395e-26  1.87898e-21  2.66269e-27 -1.74891e-23  4.76805e-28 -3.00563e-22 -1.21434e-27 -3.20444e-23   1.0343e-27  3.63259e-23 -6.40005e-28  9.64237e-24   3.0806e-28 -2.46354e-24 -1.10103e-28 -1.44567e-24  2.40856e-29 -5.15709e-26  2.14655e-31  1.10065e-25 -2.42175e-30  2.64308e-26  9.19567e-31 -1.74524e-27 -1.61359e-31 -1.88146e-27  8.19616e-33 -2.96466e-28  2.31503e-33  2.17898e-29 -1.20102e-33  1.49837e-29  4.22743e-34  2.07796e-30 -3.35248e-35 -1.76953e-32 -1.89773e-35 -4.48204e-32  2.57535e-36 -6.26965e-33  7.10627e-37 -2.73805e-34 -9.88299e-38  2.42798e-35 -1.51019e-38  4.08382e-36  1.54246e-39   2.1428e-37  2.08221e-40  3.36927e-39 -1.70676e-41 -1.06601e-40 -2.21057e-43 -2.23556e-42
-1.06701e-30  9.67703e-35  9.97346e-29 -1.21142e-34 -3.68397e-27 -2.82719e-34  8.31687e-26 -3.07622e-34 -1.32604e-24 -3.39035e-34  1.60655e-23  1.59744e-34 -1.54542e-22  5.74313e-35  1.21497e-21 -4.36193e-34 -7.96467e-21  2.04892e-33  4.41678e-20 -1.34723e-32 -2.09364e-19  8.03224e-32   8.5468e-19 -4.20117e-31 -3.02018e-18  1.92852e-30  9.26711e-18 -7.77749e-30 -2.47224e-17  2.75328e-29  5.73082e-17 -8.51937e-29 -1.15124e-16  2.28035e-28  1.99374e-16 -5.15864e-28 -2.95083e-16  9.31004e-28   3.6801e-16 -1.09461e-27 -3.77694e-16 -3.41522e-28  3.05306e-16  6.62149e-27 -1.75741e-16 -2.37275e-26  4.82266e-17  6.01776e-26   2.4692e-17 -1.24589e-25 -3.43071e-17  2.20639e-25  1.26582e-17 -3.41142e-25   4.3672e-18  4.65153e-25 -5.76044e-18 -5.62042e-25  8.23099e-19  6.02867e-25  1.34222e-18 -5.73825e-25 -5.24448e-19  4.83583e-25 -2.39842e-19 -3.59326e-25  1.51087e-19  2.33853e-25  4.13461e-20 -1.31875e-25 -3.23182e-20  6.31864e-26 -8.20887e-21 -2.45679e-26  5.44639e-21  6.57364e-27  1.77151e-21  1.41588e-28 -6.62317e-22 -1.83593e-27 -3.35568e-22  1.70451e-27  3.78695e-23 -1.09772e-27  4.64123e-23  5.37728e-28  4.11139e-24 -1.89956e-28 -3.80767e-24  3.86421e-29 -1.11805e-24  1.80795e-30   7.5102e-26 -4.13655e-30  9.44152e-26  1.29029e-30  1.49339e-26 -1.65312e-31 -2.04249e-27  4.30248e-33 -1.11253e-27  1.11665e-34 -1.36622e-28 -1.26259e-33   1.1785e-29  7.55193e-34   5.9258e-30 -5.49376e-35  7.20365e-31 -3.52292e-35  3.10486e-33   3.1511e-36 -9.73012e-33  1.45181e-36 -1.22595e-33 -1.65247e-37 -5.68033e-35 -1.96167e-38  1.30455e-36  1.81893e-39  2.58883e-37  1.72948e-40  1.05282e-38 -1.14997e-41  1.15799e-40 -5.69798e-44
 3.32623e-35  -5.0625e-29  1.37923e-34  2.69794e-27 -2.19398e-34 -7.61724e-26 -3.07622e-34  1.43334e-24 -2.67215e-34 -1.98641e-23 -3.56385e-34    2.144e-22  1.84561e-34 -1.86705e-21  2.88637e-34  1.34363e-20 -2.21494e-33 -8.12768e-20  1.49666e-32   4.1835e-19 -9.76988e-32 -1.84863e-18  5.62144e-31  7.05703e-18  -2.8413e-30 -2.33692e-17  1.26448e-29  6.72798e-17 -4.96351e-29 -1.68469e-16   1.7192e-28   3.6635e-16 -5.24449e-28 -6.89255e-16   1.4011e-27  1.11452e-15 -3.23748e-27  -1.5322e-15  6.29601e-27   1.7595e-15  -9.6158e-27 -1.63677e-15  8.81194e-27     1.16e-15  7.05943e-27 -5.29635e-16 -5.78558e-26  3.25483e-17  1.70481e-25   1.6536e-16 -3.69326e-25 -1.21209e-16  6.59335e-25  1.47572e-17 -1.00924e-24  3.09272e-17  1.34796e-24 -1.69516e-17 -1.58402e-24 -3.15745e-18  1.64344e-24  5.42114e-18 -1.50615e-24 -3.11059e-19  1.21705e-24 -1.26308e-18 -8.63708e-25  1.98287e-19  5.34916e-25  2.59481e-19  -2.8636e-25 -4.34135e-20  1.30504e-25  -4.9678e-20 -4.90973e-26  4.77717e-21  1.37981e-26  8.46818e-21 -1.22929e-27  2.32495e-22 -2.19115e-27 -1.13847e-21  2.42996e-27 -2.04713e-22 -1.69221e-27  9.67805e-23  8.58562e-28  3.92161e-23 -3.00094e-28 -1.58238e-24  5.51079e-29 -3.65064e-24  5.73999e-30  -6.3073e-25 -6.47741e-30  1.13374e-25  1.53614e-30  6.05443e-26 -9.89162e-32  6.62346e-27  4.02021e-33  -1.3266e-27 -7.36449e-33 -5.02307e-28 -1.30358e-33 -5.12984e-29  1.34537e-33  3.94212e-30 -7.03864e-35   1.6924e-30 -6.20918e-35  1.85158e-31  3.61942e-36  3.43631e-33  2.33846e-36 -1.27862e-33   -2.284e-37 -1.46538e-34 -1.99609e-38 -6.19608e-36  1.55882e-39 -2.75181e-38   1.1188e-40  5.68233e-39 -5.19861e-42   9.1003e-41
 1.66469e-29  6.58096e-35 -1.56709e-27   1.4932e-34  5.82997e-26 -2.98246e-34 -1.32604e-24 -2.67215e-34  2.13085e-23 -1.62226e-34 -2.60283e-22 -3.75235e-34  2.52535e-21  9.70862e-35 -2.00329e-20   1.7443e-33   1.3257e-19 -1.37656e-32 -7.42488e-19  9.74964e-32  3.55646e-18 -6.17354e-31  -1.4679e-17  3.43744e-30  5.24781e-17 -1.68402e-29 -1.63022e-16  7.27616e-29  4.40653e-16  -2.7789e-28 -1.03592e-15  9.39298e-28   2.1128e-15  -2.8086e-27 -3.71996e-15  7.40578e-27  5.60728e-15 -1.70919e-26 -7.13948e-15  3.39885e-26  7.50882e-15 -5.62569e-26 -6.26237e-15  7.05859e-26   3.7816e-15 -4.23154e-26 -1.18968e-15 -9.02623e-26  -4.0797e-16  4.06293e-25  7.17405e-16 -9.68821e-25 -3.09742e-16   1.7734e-24 -6.72842e-17 -2.70662e-24   1.2612e-16  3.55261e-24  -2.7425e-17 -4.06564e-24 -2.69226e-17  4.08108e-24  1.37651e-17 -3.59919e-24  4.23944e-18  2.78504e-24  -3.8098e-18 -1.88341e-24 -6.35507e-19  1.10586e-24   8.2126e-19 -5.58568e-25  1.26342e-19  2.39882e-25 -1.45392e-19  -8.6336e-26 -3.16022e-20  2.51537e-26  1.98241e-20 -4.55749e-27  7.02097e-21  -1.6053e-27 -1.64251e-21  2.93236e-27 -1.12405e-21 -2.37529e-27 -1.54251e-23  1.27724e-27  1.10407e-22 -4.40722e-28  2.31863e-23  6.93159e-29 -4.23592e-24  1.37508e-29  -2.5472e-24 -9.34698e-30 -2.61836e-25  1.43294e-30    8.678e-26  6.81426e-32  3.01523e-26  1.98945e-32  2.40936e-27 -2.27151e-32 -5.80621e-28 -1.86228e-33 -1.73115e-28  2.29486e-33  -1.5609e-29  -6.5048e-35  7.88851e-31 -9.86207e-35  3.34871e-31  3.66671e-36  3.30108e-32  3.13856e-36   9.5294e-34 -2.63564e-37 -8.69849e-35 -1.57241e-38 -8.88865e-36  9.01475e-40 -2.89426e-37  5.28896e-41 -2.22769e-39 -1.22689e-42
 5.84902e-36  6.85998e-28  8.00279e-35  -3.6822e-26  1.42247e-34  1.04742e-24 -3.39035e-34 -1.98641e-23 -1.62226e-34  2.77553e-22 -1.35771e-35  -3.0215e-21 -3.57249e-34  2.65495e-20 -7.76303e-34 -1.92874e-19  1.01128e-32   1.1783e-18 -7.89161e-32 -6.12842e-18  5.51134e-31  2.73792e-17 -3.40578e-30 -1.05734e-16  1.84951e-29  3.54452e-16 -8.83019e-29 -1.03383e-15  3.71657e-28  2.62492e-15 -1.38314e-27 -5.79387e-15  4.56121e-27  1.10782e-14 -1.33371e-26 -1.82335e-14  3.45266e-26  2.55677e-14 -7.87603e-26 -3.00375e-14  1.56725e-25  2.87271e-14 -2.66446e-25 -2.11399e-14  3.68984e-25  1.03373e-14 -3.59462e-25 -1.26841e-15  5.61002e-26 -2.77833e-15  7.60155e-25  2.33799e-15 -2.23847e-24 -4.40595e-16  4.31605e-24 -5.27251e-16 -6.63089e-24  3.54757e-16  8.58632e-24  3.02914e-17 -9.58362e-24 -1.05948e-16  9.30952e-24  1.50377e-17 -7.89625e-24  2.36659e-17  5.84333e-24 -6.06984e-18 -3.75691e-24 -4.78377e-18   2.0829e-24  1.33896e-18 -9.85439e-25  9.38386e-19   3.9389e-25 -1.90015e-19 -1.33581e-25 -1.70813e-19  4.02321e-26  1.05038e-20 -1.10097e-26  2.54618e-20   9.7971e-28  2.50898e-21  2.77534e-27 -2.58113e-21 -3.07725e-27 -7.39114e-22   1.8028e-27  1.07051e-22 -6.09113e-28  8.56174e-23  7.41933e-29   9.3455e-24  2.80678e-29 -3.90592e-24 -1.24294e-29 -1.37344e-24  6.99901e-31 -7.94186e-26  3.44834e-31  4.54252e-26  7.04898e-32  1.18392e-26 -4.72099e-32  7.55019e-28 -3.73036e-33 -1.76903e-28  3.61006e-33 -4.45995e-29 -2.24108e-35 -3.68994e-30 -1.38496e-34    7.252e-32  2.91269e-36   4.2452e-32  3.60074e-36  3.70051e-33  -2.5554e-37  1.15903e-34 -8.83196e-39 -1.82532e-36  2.10417e-40 -1.95705e-37  1.56088e-41 -2.51071e-39
-1.97206e-28  1.71946e-35  1.86975e-26  6.77992e-35 -7.00818e-25  1.41002e-34  1.60655e-23 -3.56385e-34 -2.60283e-22 -1.35771e-35  3.20672e-21  1.30713e-34 -3.13933e-20  3.10451e-35   2.5139e-19 -5.43416e-33 -1.68012e-18   4.9381e-32  9.50807e-18 -3.81503e-31 -4.60433e-17   2.6602e-30  1.92242e-16 -1.63445e-29 -6.95692e-16  8.77193e-29  2.18923e-15  -4.1171e-28 -5.99944e-15   1.6974e-27  1.43129e-14 -6.17558e-27 -2.96582e-14  1.98974e-26  5.31273e-14 -5.68787e-26 -8.16232e-14   1.4423e-25  1.06192e-13 -3.23497e-25 -1.14551e-13  6.37394e-25  9.86451e-14 -1.08793e-24 -6.24824e-14  1.56209e-24  2.21767e-14 -1.75326e-24  4.59752e-15  1.15027e-24 -1.14068e-14  8.19917e-25  5.72737e-15 -4.47707e-24  6.17533e-16  9.52929e-24 -2.08929e-15 -1.49293e-23  6.24607e-16   1.9159e-23  3.97178e-16 -2.08882e-23  -2.6879e-16  1.96385e-23 -4.97281e-17 -1.60093e-23  7.17537e-17  1.13148e-23  4.89497e-18 -6.90073e-24 -1.55297e-17   3.5972e-24 -9.16114e-19 -1.57985e-24  2.86665e-18   5.7714e-25  3.45276e-19 -1.79862e-25 -4.28563e-19  5.64609e-26 -1.02326e-19 -2.18685e-26   4.4053e-20  6.98257e-27  1.98118e-20  1.41221e-27 -1.53928e-21 -3.74331e-27  -2.3282e-21  2.45746e-27 -3.15974e-22 -7.99697e-28  1.28559e-22  5.95489e-29  4.99226e-23   5.1107e-29  2.10324e-24 -1.51328e-29 -2.38433e-24  -9.4415e-31 -5.89786e-25  7.04487e-31 -1.77388e-26  1.75479e-31  1.73298e-26 -7.94784e-32  3.65406e-27 -7.61361e-33  2.07935e-28  5.12958e-33 -3.66003e-29  6.83613e-35 -8.21995e-30 -1.71507e-34 -6.26682e-31  1.21579e-36 -3.06606e-33  3.58003e-36  3.02663e-33 -2.08259e-37  2.18652e-34 -2.35553e-39   5.6257e-36 -2.00829e-40   1.5134e-38  1.47974e-42
-6.64749e-36 -7.23216e-27  2.14009e-35  3.91115e-25  4.20921e-35 -1.12129e-23  1.59744e-34    2.144e-22 -3.75235e-34  -3.0215e-21  1.30713e-34  3.31894e-20  1.45475e-34 -2.94387e-19  1.89802e-33  2.15984e-18 -2.08507e-32 -1.33323e-17  1.74198e-31   7.0102e-17  -1.4261e-30 -3.16801e-16  1.05562e-29  1.23836e-15 -6.71483e-29 -4.20491e-15  3.64864e-28  1.24326e-14 -1.70792e-27 -3.20289e-14  6.95795e-27  7.18073e-14 -2.48797e-26 -1.39637e-13  7.85543e-26  2.34117e-13 -2.19798e-25 -3.35128e-13  5.45688e-25  4.03143e-13 -1.20047e-24 -3.96727e-13  2.32913e-24  3.03311e-13  -3.9458e-24 -1.58471e-13  5.72009e-24  2.86617e-14  -6.7829e-24  3.57694e-14  5.76025e-24 -3.52156e-14 -1.23628e-24  9.03928e-15 -7.38946e-24  6.80478e-15  1.90804e-23 -5.74389e-15 -3.10426e-23  4.91908e-17  3.96918e-23  1.59412e-15 -4.23329e-23 -3.75112e-16  3.85179e-23 -3.36087e-16 -3.01535e-23  1.28307e-16  2.03269e-23  6.57493e-17 -1.17352e-23 -2.85593e-17  5.72682e-24 -1.31601e-17 -2.30863e-24  4.57955e-18  7.48361e-25  2.57771e-18 -2.03477e-25 -4.44443e-19  6.84573e-26 -4.28357e-19 -3.83858e-26 -5.41258e-21  1.80886e-26  5.07208e-20 -1.72153e-27  9.77906e-21 -4.38095e-27  -3.1312e-21  3.28539e-27 -1.49492e-21 -1.00333e-27 -6.06592e-23  1.25535e-29  9.17441e-23  8.48883e-29  2.28929e-23 -1.65927e-29  -1.4283e-25 -3.69448e-30 -1.07438e-24  1.08011e-30 -2.04606e-25  3.47065e-31  -3.4169e-27 -1.14803e-31  4.84865e-27 -1.37047e-32  8.66978e-28  6.52566e-33  4.78451e-29  2.04321e-34 -4.74582e-30 -1.87962e-34 -1.00589e-30 -1.09249e-36 -6.84225e-32  3.11236e-36 -1.20853e-33 -1.41716e-37  9.15381e-35  1.44928e-39  4.82577e-36 -2.68178e-40   5.0276e-38
 1.85291e-27 -9.39033e-36    -1.77e-25  9.16346e-37  6.68647e-24  2.70207e-35 -1.54542e-22  1.84561e-34  2.52535e-21 -3.57249e-34 -3.13933e-20  1.45475e-34  3.10241e-19 -2.03939e-34 -2.50895e-18  3.58059e-33  1.69426e-17 -9.81086e-33 -9.69294e-17  1.57132e-31  4.74788e-16 -2.89093e-30 -2.00643e-15  3.04372e-29  7.35412e-15 -2.25514e-28 -2.34572e-14  1.30797e-27  6.52144e-14 -6.26948e-27 -1.57996e-13  2.56038e-26  3.32858e-13  -9.0726e-26 -6.07103e-13  2.82071e-25  9.51471e-13 -7.74532e-25 -1.26594e-12  1.88435e-24  1.40188e-12  -4.0628e-24 -1.24751e-12  7.74006e-24  8.28773e-13 -1.29337e-23  -3.2784e-13   1.8676e-23 -3.09105e-14 -2.25871e-23  1.43748e-13  2.11463e-23 -8.38383e-14 -1.10665e-23 -8.57052e-16 -8.54636e-24  2.72705e-14  3.45051e-23  -1.0685e-14  -5.9863e-23 -4.39116e-15  7.67282e-23  4.09855e-15 -8.01539e-23  3.11017e-16  7.05509e-23 -1.05451e-15 -5.29806e-23  3.10514e-17  3.40209e-23  2.27959e-16 -1.85618e-23  -8.7575e-18   8.4465e-24 -4.36315e-17 -3.08074e-24 -1.06991e-18  8.39552e-25  7.06915e-18 -1.72153e-25  9.80757e-19  6.79737e-26 -8.49898e-19 -6.16866e-26 -2.59125e-19  3.61156e-26  5.37428e-20 -7.09744e-27  3.72944e-20 -5.09829e-27  2.24109e-21   4.3524e-27 -2.70211e-21 -1.20549e-27 -7.30367e-22 -8.06503e-29  2.57957e-23  1.30215e-28  4.75726e-23 -1.57857e-29  8.48535e-24 -7.56076e-30 -3.30617e-25  1.37435e-30 -3.68017e-25  5.80852e-31 -5.72895e-26 -1.45643e-31 -8.66767e-28 -2.13957e-32  9.69262e-28  7.40612e-33   1.5116e-28  3.64547e-34  8.23386e-30 -1.83467e-34 -3.14191e-31 -3.28447e-36 -7.23574e-32  2.38494e-36  -4.0231e-33 -7.92089e-38 -7.48442e-35  2.31285e-39  5.07562e-37 -1.45195e-40
-5.70108e-36  6.14473e-26 -6.47674e-36 -3.34924e-24 -5.19712e-35  9.68105e-23  5.74313e-35 -1.86705e-21  9.70862e-35  2.65495e-20  3.10451e-35 -2.94387e-19 -2.03939e-34  2.63707e-18  8.25128e-34 -1.95486e-17 -5.81901e-32  1.21988e-16  6.78197e-31 -6.48785e-16 -3.97585e-30  2.96744e-15  1.14371e-29 -1.17477e-14  2.42851e-29  4.04295e-14  -5.2787e-28 -1.21255e-13  3.85358e-27  3.17166e-13 -2.00378e-26 -7.22772e-13  8.41786e-26  1.43054e-12 -2.99552e-25 -2.44521e-12  9.23878e-25  3.57621e-12 -2.49995e-24 -4.40899e-12  5.97252e-24  4.46848e-12 -1.26263e-23 -3.55133e-12  2.35909e-23  1.97848e-12 -3.87486e-23 -4.68258e-13  5.53135e-23 -3.60936e-13 -6.70341e-23  4.28776e-13  6.53541e-23 -1.40729e-13 -4.31646e-23 -6.73665e-14 -1.67161e-25  7.45616e-14  5.57825e-23 -7.47152e-15 -1.07485e-22 -1.90213e-14  1.39039e-22  6.55962e-15 -1.42376e-22  3.68259e-15   1.2111e-22 -2.05096e-15 -8.71156e-23 -6.74757e-16  5.32212e-23  4.60124e-16 -2.74195e-23  1.36817e-16  1.16034e-23 -7.98237e-17 -3.75975e-24  -2.9424e-17  7.66176e-25  9.76251e-18 -4.63678e-26  5.55726e-18  4.45098e-26 -4.99497e-19 -9.27794e-26 -7.67183e-19  6.28733e-26 -8.21443e-20 -1.49955e-26  6.17717e-20 -6.11331e-27  1.98232e-20  5.73153e-27 -9.01553e-22 -1.38436e-27 -1.60459e-21 -2.31913e-28 -2.80325e-22  1.85827e-28  2.89527e-23 -1.17719e-29  1.89812e-23 -1.22877e-29  2.59138e-24  1.48364e-30 -1.40742e-25  8.50837e-31 -9.55266e-26 -1.63597e-31 -1.26817e-26 -2.93134e-32 -2.67022e-28  7.47884e-33  1.30492e-28  5.13752e-34  1.79785e-29 -1.60954e-34  9.22782e-31 -4.62035e-36 -3.02009e-33  1.62655e-36 -2.42757e-33 -3.51786e-38  -9.0074e-35  1.52026e-39 -7.44686e-37
-1.42122e-26 -1.31162e-35  1.36833e-24  7.08424e-36 -5.21174e-23 -1.45908e-34  1.21497e-21  2.88637e-34 -2.00329e-20 -7.76303e-34   2.5139e-19  1.89802e-33 -2.50895e-18  8.25128e-34  2.05011e-17  3.23627e-32 -1.39952e-16 -8.23229e-31  8.09851e-16  7.63205e-30 -4.01477e-15 -4.45664e-29  1.71821e-14  1.80222e-28 -6.38248e-14 -4.51316e-28  2.06484e-13 -4.89761e-29 -5.82771e-13  7.93486e-27  1.43481e-12 -5.34742e-26 -3.07567e-12  2.44022e-25  5.71641e-12 -8.92451e-25 -9.14675e-12  2.76227e-24   1.2457e-11 -7.41204e-24 -1.41743e-11  1.74474e-23   1.3045e-11 -3.62196e-23 -9.08944e-12  6.63633e-23  3.96941e-12 -1.06953e-22 -1.19106e-14  1.50265e-22 -1.47236e-12 -1.80672e-22  1.00173e-12  1.78557e-22 -8.03591e-14 -1.29776e-22 -2.87095e-13  3.64281e-23  1.44493e-13  7.88127e-23  3.53321e-14 -1.80432e-22 -5.03106e-14  2.37243e-22  1.40519e-15 -2.38128e-22  1.24089e-14  1.95402e-22  -1.6596e-15 -1.34355e-22 -2.65841e-15  7.80046e-23  3.92886e-16 -3.79759e-23  5.25071e-16  1.49497e-23 -4.23521e-17 -4.20847e-24 -9.17448e-17  4.47777e-25 -3.72373e-18  2.15125e-25  1.25751e-17 -1.35575e-26  2.44081e-18 -1.32687e-25 -1.07429e-18  1.00019e-25 -4.62159e-19 -2.54358e-26  1.34495e-20  -7.7204e-27  4.27819e-20  7.47476e-27  7.87843e-21 -1.51068e-27  -1.2404e-21 -4.46859e-28 -7.25634e-22  2.47851e-28 -8.66165e-23 -4.01928e-30  1.41858e-23 -1.73376e-29  5.92387e-24  1.32971e-30  6.57537e-25  1.11223e-30  -3.3471e-26 -1.62252e-31 -1.82859e-26 -3.56996e-32 -2.11976e-27  6.69118e-33 -6.11474e-29  6.13827e-34  1.05966e-29 -1.28634e-34  1.29456e-30 -4.76687e-36  5.59737e-32  9.98769e-37  5.34556e-34 -1.15697e-38 -2.13192e-35  5.40012e-40
-5.31843e-36 -4.30932e-25 -2.27647e-35  2.36823e-23  5.04235e-35 -6.90458e-22 -4.36193e-34  1.34363e-20   1.7443e-33 -1.92874e-19 -5.43416e-33  2.15984e-18  3.58059e-33 -1.95486e-17  3.23627e-32  1.46495e-16  3.55411e-31 -9.24636e-16 -6.99935e-30  4.97688e-15  5.78333e-29 -2.30524e-14  -3.2325e-28  9.24843e-14  1.35311e-27 -3.22797e-13 -4.24572e-27  9.82707e-13  8.64532e-27 -2.61174e-12  4.32981e-28  6.05429e-12  -1.0436e-25 -1.22061e-11  6.03957e-25  2.12887e-11  -2.3766e-24 -3.18403e-11  7.52495e-24  4.02687e-11  -2.0213e-23 -4.20699e-11  4.71137e-23  3.47774e-11 -9.62801e-23 -2.06238e-11  1.73136e-22  5.99686e-12 -2.73592e-22  2.85243e-12  3.77345e-22 -4.31704e-12  -4.4744e-22  1.74982e-12  4.41678e-22  4.98691e-13  -3.3463e-22 -7.94099e-13  1.38732e-22   1.5405e-13  9.21065e-23   1.8252e-13 -2.84573e-22 -8.83118e-14  3.82941e-22 -3.07414e-14 -3.76258e-22  2.59723e-14  2.96939e-22  4.85311e-15 -1.94592e-22 -5.85695e-15  1.07272e-22 -9.78124e-16 -4.95175e-23  1.07734e-15  1.82484e-23  2.45684e-16 -4.35941e-24 -1.52013e-16 -1.67643e-25 -5.55924e-17  6.49534e-25  1.29508e-17 -1.17476e-25  9.12223e-18 -1.82643e-25   1.4646e-19  1.48855e-25 -9.15321e-19 -3.81407e-26 -1.96765e-19 -1.02134e-26  3.50567e-20  9.57819e-27  2.17437e-20 -1.55154e-27  2.33623e-21 -7.20525e-28 -7.21355e-22    3.099e-28 -2.59365e-22  7.30783e-30 -2.22181e-23 -2.19643e-29  4.56918e-24  8.87764e-31  1.43654e-24  1.31229e-30  1.36787e-25 -1.39782e-31  -4.4759e-27 -3.89851e-32 -2.44664e-27  5.26305e-33 -2.47761e-28  6.38747e-34 -8.28577e-30 -9.54853e-35  4.12266e-31  -3.9401e-36  4.55028e-32   5.5597e-37  1.29956e-33 -2.32874e-39  7.76075e-36
 9.07878e-26 -8.02617e-36 -8.81325e-24 -4.44577e-35  3.38588e-22  2.82627e-34 -7.96467e-21 -2.21494e-33   1.3257e-19  1.01128e-32 -1.68012e-18 -2.08507e-32  1.69426e-17 -5.81901e-32 -1.39952e-16  3.55411e-31  9.66327e-16  2.79313e-30 -5.65911e-15 -4.74082e-29    2.841e-14  3.58722e-28 -1.23211e-13 -1.90493e-27  4.64141e-13  7.85786e-27 -1.52405e-12 -2.57862e-26  4.36985e-12  6.50732e-26 -1.09419e-11  -1.0421e-25  2.38845e-11 -4.82049e-26 -4.52743e-11  1.16518e-24   7.4028e-11 -5.53503e-24 -1.03296e-10  1.85702e-23  1.20886e-10   -5.068e-23 -1.15156e-10  1.17817e-22  8.41591e-11 -2.37877e-22 -4.02712e-11  4.20496e-22  3.58763e-12 -6.51601e-22  1.24314e-11  8.80999e-22 -9.97725e-12  -1.0264e-21   1.6679e-12  1.00301e-21   2.4641e-12 -7.70815e-22  -1.5938e-12  3.71972e-22  -1.7338e-13  7.39441e-23  5.06725e-13 -4.24473e-22  -6.7836e-14  5.87629e-22  -1.1844e-13 -5.63376e-22  3.02241e-14  4.25583e-22  2.48208e-14 -2.64676e-22 -7.06559e-15  1.38468e-22 -5.03354e-15 -6.10852e-23  1.06097e-15  2.14353e-23  9.49746e-16 -4.28675e-24 -6.55026e-17 -1.08592e-24 -1.47249e-16  1.28564e-24 -1.37934e-17 -2.76207e-25  1.55642e-17 -2.44193e-25  4.39326e-18  2.09968e-25 -6.84744e-19 -5.25207e-26 -5.29211e-19 -1.37788e-26 -5.65357e-20  1.19532e-26  2.47651e-20 -1.47863e-27  8.63888e-21 -1.03466e-27  5.01785e-22  3.63991e-28 -2.83554e-22  2.12337e-29 -7.41479e-23 -2.53727e-29 -4.91959e-24  2.00213e-31  1.02371e-24  1.40547e-30  2.63367e-25  -1.0005e-31  2.22713e-26  -3.8318e-32 -2.09591e-28  3.59238e-33 -2.08857e-28  5.85447e-34 -1.79412e-29 -6.73551e-35 -5.68046e-31 -2.69286e-36  3.22882e-33  2.76429e-37  4.62342e-34 -7.18764e-41
-3.36868e-36  2.53698e-24 -1.93363e-36 -1.40631e-22 -1.98562e-34  4.13731e-21  2.04892e-33 -8.12768e-20 -1.37656e-32   1.1783e-18   4.9381e-32 -1.33323e-17 -9.81086e-33  1.21988e-16 -8.23229e-31 -9.24636e-16  2.79313e-30  5.90628e-15  1.81752e-29  -3.2193e-14  -2.7605e-28  1.51102e-13  1.93509e-27 -6.14737e-13 -9.74457e-27  2.17755e-12  3.89703e-26 -6.73395e-12 -1.27714e-25  1.81982e-11  3.41005e-25 -4.29469e-11 -6.98377e-25  8.82737e-11  8.22753e-25 -1.57235e-10  1.10883e-24   2.4072e-10 -1.06778e-23 -3.12607e-10  4.09848e-23  3.36972e-10 -1.16514e-22 -2.89926e-10  2.73043e-22  1.82754e-10 -5.47449e-22 -6.28158e-11   9.5357e-22 -1.69493e-11 -1.45014e-21  3.64795e-11  1.92093e-21 -1.79231e-11 -2.19383e-21 -2.40854e-12  2.11027e-21  7.04004e-12 -1.61925e-21 -2.07817e-12  8.35661e-22 -1.40577e-12 -7.63597e-24  9.56939e-13 -6.04407e-22   1.8023e-13   8.6198e-22 -2.67554e-13   -8.017e-22 -1.67162e-14  5.75558e-22  6.03739e-14 -3.37534e-22  2.93212e-15  1.67602e-22 -1.16397e-14 -7.17504e-23  -1.2568e-15  2.47826e-23  1.82855e-15 -4.24479e-24  4.11021e-16 -2.26456e-24 -2.00269e-16  2.14056e-24 -8.53395e-17 -4.93938e-25  8.36729e-18 -3.18951e-25  1.06305e-17   2.8267e-25  1.32921e-18  -6.7692e-26 -6.25743e-19 -1.83862e-26 -2.31287e-19  1.44189e-26 -7.88445e-21 -1.27924e-27  1.15219e-20 -1.35852e-27  2.76156e-21   4.0216e-28  7.39139e-23  3.61139e-29 -8.16036e-23 -2.69142e-29 -1.68455e-23 -6.29661e-31 -9.59559e-25  1.36693e-30  1.55975e-25 -5.16102e-32  3.46634e-26 -3.38389e-32  2.60877e-27  2.08644e-33  2.41428e-29  4.74662e-34 -9.67755e-30 -4.58681e-35 -6.51913e-31 -1.54813e-36 -1.43747e-32  1.15216e-37 -4.17912e-35
-4.89958e-25 -5.93941e-36  4.79763e-23  8.48359e-35 -1.85992e-21 -1.63276e-33  4.41678e-20  1.49666e-32 -7.42488e-19 -7.89161e-32  9.50807e-18  1.74198e-31 -9.69294e-17  6.78197e-31  8.09851e-16 -6.99935e-30 -5.65911e-15  1.81752e-29  3.35607e-14    1.032e-28 -1.70725e-13 -1.42807e-27  7.50807e-13    9.334e-27 -2.87025e-12 -4.45619e-26  9.57271e-12  1.71578e-25  -2.7906e-11 -5.51414e-25  7.11218e-11  1.48634e-24 -1.58227e-10 -3.27783e-24  3.06167e-10  5.38106e-24 -5.12054e-10 -3.84588e-24  7.32778e-10 -1.41493e-23 -8.82876e-10   7.8622e-23  8.71283e-10 -2.44073e-22  -6.6795e-10  5.86135e-22  3.48129e-10 -1.17532e-21 -5.81832e-11  2.02389e-21 -8.68738e-11 -3.02458e-21  8.40594e-11  3.92551e-21 -2.13444e-11 -4.38896e-21 -1.71934e-11  4.14039e-21   1.4632e-11 -3.14056e-21 -1.65855e-13  1.66259e-21 -4.23076e-12 -1.89087e-22  1.06019e-12 -8.32367e-22   9.1684e-13  1.21613e-21 -3.78696e-13 -1.08731e-21 -1.83368e-13  7.34025e-22  8.86578e-14 -4.01933e-22  3.79108e-14  1.89662e-22 -1.51741e-14 -8.09624e-23  -7.8098e-15  2.89843e-23  1.65305e-15 -4.64187e-24  1.38071e-15  -3.6277e-24 -1.83897e-17   3.2156e-24 -1.75253e-16 -7.67109e-25 -3.00745e-17 -4.07731e-25  1.19545e-17  3.64316e-25  5.16887e-18 -8.25536e-26  1.16064e-19 -2.37141e-26 -3.42766e-19   1.6725e-26 -7.97984e-20 -9.65478e-28  1.65693e-21 -1.65398e-27  3.98334e-21  4.18294e-28  7.19525e-22  5.00066e-29  7.59207e-24 -2.62504e-29 -1.73302e-23 -1.46256e-30 -2.96259e-24   1.1995e-30 -1.57821e-25 -4.97795e-33  1.48586e-26 -2.66167e-32  3.00656e-27  1.00954e-33  1.93224e-28  3.40989e-34  3.47253e-30 -2.99525e-35 -1.72338e-31 -7.59647e-37 -7.16203e-33  3.39295e-38
 1.55333e-36 -1.26912e-23 -3.77198e-35  7.09926e-22  1.03547e-33  -2.1085e-20 -1.34723e-32   4.1835e-19  9.74964e-32 -6.12842e-18 -3.81503e-31   7.0102e-17  1.57132e-31 -6.48785e-16  7.63205e-30  4.97688e-15 -4.74082e-29  -3.2193e-14    1.032e-28  1.77807e-13  5.24474e-28 -8.46253e-13 -6.68109e-27  3.49376e-12  4.08867e-26 -1.25693e-11 -1.85126e-25  3.95146e-11  6.84011e-25 -1.08674e-10 -2.13717e-24  2.61321e-10  5.70135e-24 -5.48092e-10 -1.28442e-23  9.98006e-10  2.33693e-23 -1.56552e-09 -2.93832e-23  2.08971e-09  2.88588e-24 -2.32648e-09  1.21719e-22  2.08474e-09 -4.59904e-22 -1.39519e-09  1.16295e-21  5.52512e-10 -2.35569e-21  6.29496e-11  4.02767e-21 -2.60991e-10 -5.92626e-21  1.54331e-10  7.54033e-21  1.25125e-12 -8.24855e-21 -5.23398e-11  7.61328e-21  2.15334e-11 -5.67048e-21  8.44621e-12  3.00468e-21  -8.5527e-12  -4.9768e-22   -4.534e-13 -1.12763e-21  2.27441e-12  1.66136e-21 -1.34512e-13 -1.40946e-21 -5.09783e-13  8.80882e-22  3.73655e-14 -4.43228e-22  1.02195e-13  1.99426e-22   -1.116e-15 -8.88409e-23 -1.75945e-14  3.50867e-23 -1.84689e-15 -5.93949e-24  2.29381e-15 -5.09034e-24  6.08914e-16  4.48888e-24 -1.68901e-16 -1.08176e-24 -9.81019e-17 -5.08988e-25 -3.11306e-18  4.49772e-25  7.87726e-18 -9.59543e-26  1.90252e-18 -2.91488e-26 -1.25593e-19  1.86078e-26   -1.377e-19 -5.76898e-28 -2.22959e-20 -1.88402e-27  1.36285e-21  4.09539e-28   1.0549e-21  6.11369e-29  1.52551e-22 -2.34254e-29  1.11469e-24  -2.1579e-30 -2.64014e-24  9.32485e-31 -3.83286e-25  3.06956e-32 -1.95369e-26 -1.82855e-32  7.18743e-28   4.1891e-34  1.48694e-28  2.17664e-34  7.30849e-30 -1.80874e-35  1.14093e-31 -3.18145e-37  -3.1911e-34
   2.257e-24  8.01782e-36 -2.23026e-22 -5.08794e-34  8.72895e-21  9.90817e-33 -2.09364e-19 -9.76988e-32  3.55646e-18  5.51134e-31 -4.60433e-17  -1.4261e-30  4.74788e-16 -3.97585e-30 -4.01477e-15  5.78333e-29    2.841e-14  -2.7605e-28 -1.70725e-13  5.24474e-28  8.80648e-13  2.42075e-27 -3.93004e-12 -2.85768e-26  1.52583e-11  1.64228e-25 -5.17288e-11 -7.05637e-25  1.53443e-10  2.49807e-24 -3.98393e-10 -7.55454e-24  9.04144e-10  1.97506e-23 -1.78763e-09 -4.44337e-23  3.06114e-09  8.38634e-23  -4.4974e-09 -1.23341e-22  5.58439e-09  1.04033e-22 -5.71452e-09  1.11864e-22  4.59645e-09 -7.58431e-22  -2.5968e-09  2.12276e-21  6.21732e-10 -4.40783e-21  4.97946e-10  7.52538e-21    -6.05e-10  -1.0929e-20  2.08088e-10  1.36465e-20  9.50333e-11 -1.46066e-20 -1.13236e-10  1.31724e-20  1.42561e-11 -9.58929e-21  2.93232e-11  5.00292e-21 -1.14814e-11  -9.3039e-22 -5.63887e-12 -1.53081e-21  3.68544e-12  2.21287e-21   1.0157e-12 -1.75135e-21 -8.65317e-13  9.90289e-22  -2.1089e-13 -4.45253e-22  1.60396e-13  1.92536e-22  4.92139e-14 -9.62796e-23 -2.18247e-14   4.4234e-23 -1.02819e-14 -8.49827e-24  1.54429e-15 -6.57788e-24  1.57258e-15  5.90463e-24  1.07605e-16 -1.41275e-24 -1.43148e-16 -6.16902e-25 -3.91797e-17   5.3143e-25  3.64422e-18  -1.0695e-25  3.63182e-18 -3.38806e-26  5.41723e-19  1.98605e-26 -8.53216e-20 -1.73097e-28  -4.2921e-20 -2.02195e-27 -5.14801e-21  3.76791e-28  4.30509e-22  6.82805e-29  2.13044e-22 -1.88344e-29  2.57457e-23 -2.60704e-30   3.3284e-25  6.13419e-31 -2.70835e-25  5.02283e-32 -3.35186e-26 -1.05236e-32 -1.55331e-27  2.02731e-34  5.86035e-30  1.24486e-34  3.15488e-30 -9.50239e-36   8.5526e-32  -1.0326e-37
 1.64853e-37  5.44213e-23  1.63195e-34 -3.07349e-21  -5.7787e-33  9.22016e-20  8.03224e-32 -1.84863e-18 -6.17354e-31  2.73792e-17   2.6602e-30 -3.16801e-16 -2.89093e-30  2.96744e-15 -4.45664e-29 -2.30524e-14  3.58722e-28  1.51102e-13 -1.42807e-27 -8.46253e-13  2.42075e-27  4.08706e-12  1.02423e-26  -1.7136e-11 -1.12561e-25  6.26632e-11  6.08791e-25 -2.00434e-10 -2.48399e-24  5.61477e-10  8.42066e-24 -1.37697e-09 -2.45928e-23  2.94989e-09  6.26865e-23 -5.49651e-09 -1.39236e-22  8.84372e-09  2.65054e-22 -1.21471e-08 -4.13961e-22  1.39814e-08  4.65308e-22 -1.30581e-08 -1.38676e-22  9.26966e-09 -1.02175e-21 -4.15398e-09  3.53307e-21  4.84551e-11 -7.69211e-21  1.58561e-09  1.32117e-20  -1.1325e-09 -1.89973e-20  1.18669e-10  2.33141e-20   3.2626e-10  -2.4432e-20 -1.81372e-10  2.15169e-20 -3.55755e-11 -1.52616e-20  6.38876e-11  7.74405e-21 -4.76989e-12 -1.42991e-21 -1.60215e-11 -2.11321e-21  3.08429e-12  2.89247e-21  3.52193e-12 -2.09248e-21 -7.64074e-13  1.03409e-21 -7.29069e-13 -3.93204e-22  1.08123e-13  1.66609e-22  1.36956e-13 -1.04766e-22 -2.34431e-15  5.72654e-23 -2.06863e-14 -1.24197e-23 -2.91771e-15 -8.02872e-24  2.04605e-15  7.36326e-24   7.1057e-16 -1.72634e-24  -6.3179e-17  -7.1989e-25 -7.64432e-17   6.0009e-25 -1.12137e-17 -1.15092e-25  2.88451e-18 -3.70905e-26  1.28607e-18  2.03969e-26  1.20636e-19  1.82615e-28 -3.15795e-20 -2.05775e-27 -1.05429e-20  3.24161e-28 -9.96248e-22  7.09438e-29  8.29342e-23 -1.31176e-29  3.18364e-23  -2.7555e-30  3.28903e-24  2.96101e-31  7.00913e-26  5.34129e-32 -1.66596e-26 -4.56011e-33 -1.72184e-27  1.79471e-34 -6.32416e-29  6.48102e-35 -4.57286e-31 -3.97746e-36  1.17689e-32
-8.93989e-24 -1.72517e-35  8.91924e-22   2.4864e-33 -3.52612e-20 -5.36329e-32   8.5468e-19  5.62144e-31  -1.4679e-17 -3.40578e-30  1.92242e-16  1.05562e-29 -2.00643e-15  1.14371e-29  1.71821e-14  -3.2325e-28 -1.23211e-13  1.93509e-27  7.50807e-13 -6.68109e-27 -3.93004e-12  1.02423e-26  1.78112e-11   3.9977e-26 -7.02866e-11 -4.10316e-25  2.42427e-10  2.09197e-24 -7.32382e-10  -8.1115e-24  1.93895e-09  2.63323e-23 -4.49333e-09 -7.42052e-23  9.08688e-09  1.83939e-22 -1.59491e-08 -4.00909e-22  2.40832e-08  7.58895e-22 -3.08528e-08 -1.21087e-21  3.27689e-08   1.5119e-21 -2.76627e-08 -1.10598e-21  1.68756e-08 -8.61052e-22 -5.19243e-09  5.26999e-21 -2.25926e-09 -1.24903e-20  3.74135e-09  2.17991e-20 -1.65221e-09 -3.11544e-20 -3.79892e-10  3.76545e-20  7.43746e-10 -3.86831e-20 -1.81226e-10   3.3281e-20 -1.66859e-10 -2.29535e-20  9.74467e-11  1.12148e-20  2.56249e-11  -1.8663e-21 -2.91146e-11 -2.98061e-21 -3.35933e-12  3.72937e-21   6.8337e-12 -2.41185e-21  6.54705e-13  9.86717e-22 -1.34255e-12 -2.77077e-22 -2.06866e-13  1.22105e-22  2.10011e-13 -1.15921e-22  5.80857e-14  7.42748e-23 -2.18628e-14 -1.74431e-23  -1.1229e-14 -9.37707e-24  5.70944e-16  8.71909e-24  1.31408e-15 -1.98683e-24  2.12719e-16 -8.00594e-25 -6.71036e-17  6.46736e-25  -3.0262e-17 -1.20622e-25 -2.10033e-18 -3.81789e-26  1.26034e-18  2.02783e-26  3.62293e-19  4.42768e-28  2.15104e-20 -1.99931e-27 -8.04159e-21  2.57775e-28 -2.02503e-21  6.93264e-29 -1.60536e-22   -7.026e-30  9.86887e-24 -2.60983e-30  3.31965e-24  2.80849e-32  2.91481e-25  4.42661e-32  7.74529e-27 -8.85968e-34 -4.87231e-28  1.95905e-34 -3.97142e-29   3.1104e-35 -7.99646e-31 -1.12044e-36
-1.21947e-35 -2.01264e-22 -6.30969e-34  1.14819e-20  2.80334e-32 -3.48104e-19 -4.20117e-31  7.05703e-18  3.43744e-30 -1.05734e-16 -1.63445e-29  1.23836e-15  3.04372e-29 -1.17477e-14  1.80222e-28  9.24843e-14 -1.90493e-27 -6.14737e-13    9.334e-27  3.49376e-12 -2.85768e-26  -1.7136e-11   3.9977e-26  7.30256e-11  1.44567e-25  -2.7167e-10 -1.38886e-24  8.84927e-10  6.68294e-24 -2.52739e-09 -2.46435e-23  6.32768e-09  7.66512e-23 -1.38605e-08 -2.08456e-22  2.64567e-08  5.02041e-22 -4.37115e-08 -1.07037e-21    6.185e-08  1.99901e-21 -7.36818e-08 -3.19617e-21  7.17808e-08  4.16451e-21 -5.40135e-08 -3.82672e-21  2.70344e-08  6.44601e-22 -3.18782e-09  6.78707e-21 -8.14474e-09 -1.87899e-20  7.14574e-09  3.37853e-20 -1.51362e-09 -4.82195e-20 -1.68591e-09  5.75503e-20  1.27552e-09  -5.8077e-20  5.08059e-11  4.88743e-20 -4.00692e-10 -3.27466e-20  8.36033e-11  1.52697e-20  9.27729e-11 -2.03416e-21 -3.33967e-11  -4.2668e-21 -1.95109e-11  4.75688e-21  8.16636e-12 -2.69125e-21  4.13542e-12  8.30744e-22  -1.4092e-12 -9.49169e-23 -8.54153e-13  6.26934e-23  1.43751e-13 -1.30869e-22   1.4947e-13  9.42841e-23  2.92315e-15 -2.29445e-23 -1.84604e-14 -1.05256e-23 -3.79186e-15  9.79254e-24   1.1445e-15 -2.16588e-24  5.84753e-16 -8.38081e-25  3.15838e-17  6.64803e-25 -3.47234e-17 -1.24477e-25 -9.38371e-18  -3.6959e-26 -1.43685e-19  1.96908e-26  3.90738e-19  5.90288e-28  8.21888e-20 -1.86812e-27  3.29363e-21   1.8446e-28 -1.45806e-21  6.41402e-29 -2.95178e-22  -1.2949e-30  -2.0542e-23 -2.22968e-30  6.21037e-25 -1.59359e-31  2.18456e-25  2.90238e-32  1.55345e-26  7.35913e-34  3.88009e-28   1.7753e-34 -3.42666e-30  1.33528e-35 -1.78755e-31
