   0.0230928  1.27614e-18   -0.0359169 -4.81394e-18   0.00473349  2.68156e-18   0.00838577  1.38127e-18 -0.000239348 -7.37445e-19  -0.00163839 -4.32508e-19  -0.00021319  8.90993e-20   0.00017009   5.5276e-20  4.45997e-05  1.13311e-21 -2.77251e-06 -1.48063e-21 -9.14021e-07
 1.27614e-18     0.063076  3.67272e-18   -0.0486216 -9.45862e-18   -0.0068986  2.48647e-18    0.0128512  3.76362e-18   0.00251515 -7.40646e-19  -0.00234905 -9.13865e-19 -0.000741161  2.29779e-20  0.000183323  9.14445e-20  8.65936e-05   8.3085e-21  2.65131e-06 -8.24902e-22
  -0.0359169  3.67272e-18    0.0825733  6.55017e-18   -0.0381947 -1.29507e-17   -0.0185561  4.98222e-19    0.0122112    5.738e-18   0.00546795 -1.30326e-19  -0.00216435  -1.2225e-18  -0.00123848 -1.08666e-19  8.23355e-05  8.98904e-20  9.87667e-05  1.22062e-20  6.33832e-06
-4.81394e-18   -0.0486216  6.55017e-18    0.0742968  9.32157e-18   -0.0225978 -1.50365e-17   -0.0239674 -1.93102e-18   0.00926676  6.62867e-18   0.00747465  7.01686e-19  -0.00144956 -1.25574e-18  -0.00153737 -2.23284e-19 -7.10041e-05  5.73331e-20  7.36562e-05  9.19132e-21
  0.00473349 -9.45862e-18   -0.0381947  9.32157e-18     0.058129  1.16309e-17   -0.0123936 -1.57632e-17   -0.0252188 -4.00313e-18   0.00618085  6.53866e-18   0.00858417  1.40057e-18 -0.000520283 -1.06211e-18  -0.00159529  -2.7534e-19 -0.000207236  1.59126e-20  2.91274e-05
 2.68156e-18   -0.0068986 -1.29507e-17   -0.0225978  1.16309e-17    0.0466223  1.30951e-17   -0.0071223 -1.52464e-17   -0.0250641 -5.44457e-18   0.00349843  5.81011e-18   0.00907881  1.80657e-18  0.000464853 -7.40202e-19  -0.00141244 -2.65293e-19 -0.000261176 -1.01119e-20
  0.00838577  2.48647e-18   -0.0185561 -1.50365e-17   -0.0123936  1.30951e-17    0.0402388   1.3564e-17  -0.00419108 -1.38593e-17   -0.0246641 -6.18752e-18   0.00114137  4.74414e-18   0.00912759   1.9298e-18   0.00141711  -3.8352e-19  -0.00101114  -2.1345e-19 -0.000191102
 1.38127e-18    0.0128512  4.98222e-19   -0.0239674 -1.57632e-17   -0.0071223   1.3564e-17    0.0366526  1.32091e-17  -0.00223162  -1.2025e-17   -0.0243422 -6.30391e-18  -0.00106393  3.55443e-18   0.00877051  1.87959e-18   0.00223411 -7.47324e-20 -0.000475515 -1.30799e-19
-0.000239348  3.76362e-18    0.0122112 -1.93102e-18   -0.0252188 -1.52464e-17  -0.00419108  1.32091e-17     0.034555  1.22755e-17 -0.000700939 -1.00278e-17   -0.0241789 -6.00463e-18  -0.00328519  2.39291e-18   0.00793324     1.77e-18   0.00272061  1.15499e-19 -2.42983e-05
-7.37445e-19   0.00251515    5.738e-18   0.00926676 -4.00313e-18   -0.0250641 -1.38593e-17  -0.00223162  1.22755e-17    0.0334392  1.09708e-17  0.000669765 -8.05994e-18   -0.0241802 -5.58982e-18  -0.00568317  1.35722e-18   0.00642543  1.60751e-18   0.00255171   1.4548e-19
 -0.00163839 -7.40646e-19   0.00546795  6.62867e-18   0.00618085 -5.44457e-18   -0.0246641  -1.2025e-17 -0.000700939  1.09708e-17    0.0331084  9.52774e-18   0.00207474 -6.30346e-18   -0.0243008 -5.40441e-18  -0.00839116  4.45176e-19   0.00403335  1.26757e-18   0.00152423
-4.32508e-19  -0.00234905 -1.30326e-19   0.00747465  6.53866e-18   0.00349843 -6.18752e-18   -0.0243422 -1.00278e-17  0.000669765  9.52774e-18    0.0335129  8.24282e-18    0.0037188 -4.95149e-18   -0.0243879 -5.75482e-18   -0.0113249 -4.07127e-19   0.00101588  6.95846e-19
 -0.00021319 -9.13865e-19  -0.00216435  7.01686e-19   0.00858417  5.81011e-18   0.00114137 -6.30391e-18   -0.0241789 -8.05994e-18   0.00207474  8.24282e-18    0.0347229  7.52991e-18   0.00591823 -4.13732e-18   -0.0239286 -6.60125e-18   -0.0135475 -1.04434e-18  -0.00112064
 8.90993e-20 -0.000741161  -1.2225e-18  -0.00144956  1.40057e-18   0.00907881  4.74414e-18  -0.00106393 -6.00463e-18   -0.0241802 -6.30346e-18    0.0037188  7.52991e-18    0.0369786   7.9454e-18    0.0093625  -3.7943e-18   -0.0214161 -7.22334e-18   -0.0126857 -1.03038e-18
  0.00017009  2.29779e-20  -0.00123848 -1.25574e-18 -0.000520283  1.80657e-18   0.00912759  3.55443e-18  -0.00328519 -5.58982e-18   -0.0243008 -4.95149e-18   0.00591823   7.9454e-18    0.0409122  9.67746e-18    0.0156471 -3.85633e-18    -0.014206 -6.64225e-18  -0.00707985
  5.5276e-20  0.000183323 -1.08666e-19  -0.00153737 -1.06211e-18  0.000464853   1.9298e-18   0.00877051  2.39291e-18  -0.00568317 -5.40441e-18   -0.0243879 -4.13732e-18    0.0093625  9.67746e-18    0.0480026  1.11473e-17    0.0269434 -4.88659e-18  -0.00203887  -4.5387e-18
 4.45997e-05  9.14445e-20  8.23355e-05 -2.23284e-19  -0.00159529 -7.40202e-19   0.00141711  1.87959e-18   0.00793324  1.35722e-18  -0.00839116 -5.75482e-18   -0.0239286  -3.7943e-18    0.0156471  1.11473e-17    0.0600301    8.368e-18    0.0414249 -7.06864e-18   0.00697715
 1.13311e-21  8.65936e-05  8.98904e-20 -7.10041e-05  -2.7534e-19  -0.00141244  -3.8352e-19   0.00223411     1.77e-18   0.00642543  4.45176e-19   -0.0113249 -6.60125e-18   -0.0214161 -3.85633e-18    0.0269434    8.368e-18    0.0741007 -9.19619e-19    0.0468933 -7.17964e-18
-2.77251e-06   8.3085e-21  9.87667e-05  5.73331e-20 -0.000207236 -2.65293e-19  -0.00101114 -7.47324e-20   0.00272061  1.60751e-18   0.00403335 -4.07127e-19   -0.0135475 -7.22334e-18    -0.014206 -4.88659e-18    0.0414249 -9.19619e-19    0.0761966 -1.00211e-17    0.0306264
-1.48063e-21  2.65131e-06  1.22062e-20  7.36562e-05  1.59126e-20 -0.000261176  -2.1345e-19 -0.000475515  1.15499e-19   0.00255171  1.26757e-18   0.00101588 -1.04434e-18   -0.0126857 -6.64225e-18  -0.00203887 -7.06864e-18    0.0468933 -1.00211e-17    0.0525425 -8.69506e-18
-9.14021e-07 -8.24902e-22  6.33832e-06  9.19132e-21  2.91274e-05 -1.01119e-20 -0.000191102 -1.30799e-19 -2.42983e-05   1.4548e-19   0.00152423  6.95846e-19  -0.00112064 -1.03038e-18  -0.00707985  -4.5387e-18   0.00697715 -7.17964e-18    0.0306264 -8.69506e-18    0.0172166
