 4.67329e-12  7.35961e-27 -1.12124e-10  1.22716e-25  1.05289e-09 -7.04395e-23 -5.94648e-09  4.80991e-22  2.31365e-08 -1.70609e-21 -6.59229e-08  3.99551e-21  1.41196e-07 -6.32153e-21  -2.2734e-07   5.6602e-21  2.65878e-07  1.52714e-21  -2.0002e-07 -1.49337e-20  4.52707e-08  2.67451e-20  9.23604e-08 -2.52783e-20 -1.08914e-07  6.34738e-21  1.97479e-08  1.91276e-20  5.59683e-08 -3.29019e-20 -4.18476e-08  2.66676e-20 -1.36611e-08 -9.38737e-21  2.84561e-08  -3.6095e-21 -1.53808e-09  5.90512e-21 -1.39211e-08 -2.32593e-21  3.32752e-09  -4.3948e-22  5.69505e-09  7.02337e-22 -1.80286e-09 -1.41731e-22 -2.04747e-09  -7.2306e-23  5.58408e-10  2.81291e-23  6.17403e-10  3.09762e-24 -7.18364e-11 -7.63598e-25 -1.24627e-10 -3.14212e-25 -9.07031e-12 -2.73985e-25  8.20523e-12  8.38069e-26  9.46833e-13
 7.35961e-27  1.60111e-10  4.33065e-24 -2.17374e-09   1.1333e-22  1.54381e-08 -1.41636e-21 -7.16083e-08   6.7421e-21  2.37283e-07 -2.03006e-20 -5.85416e-07  4.32483e-20  1.08945e-06 -6.54973e-20 -1.50702e-06  6.20023e-20  1.45229e-06 -6.06306e-21 -7.56134e-07 -9.95611e-20 -1.99143e-07  2.02634e-19  6.97395e-07  -2.3036e-19  -4.2108e-07  1.55893e-19 -1.59629e-07 -3.21474e-20  3.53188e-07 -5.43893e-20 -8.00441e-08   6.3289e-20 -1.68142e-07 -2.52444e-20  1.01869e-07 -6.60915e-21  5.83934e-08  1.16423e-20  -6.2651e-08 -3.67165e-21 -1.64455e-08 -1.18977e-21  2.83975e-08  9.64652e-22   4.6815e-09  3.31699e-23 -9.99134e-09 -1.29014e-22 -1.76436e-09 -1.07751e-23  2.49394e-09  1.47233e-23  6.47689e-10  3.22982e-24 -3.12882e-10 -5.25085e-25 -1.13297e-10 -8.47492e-25  1.89834e-12  1.02596e-25
-1.12124e-10  4.33065e-24  2.69055e-09 -8.82971e-23 -2.52716e-08  2.48214e-21  1.42779e-07 -1.62198e-20 -5.55806e-07  6.10486e-20  1.58476e-06 -1.62329e-19 -3.39752e-06  3.25243e-19  5.47746e-06 -4.97755e-19 -6.41792e-06  5.62384e-19  4.84301e-06 -4.04567e-19 -1.10949e-06  3.76103e-20 -2.23516e-06  3.46461e-19  2.66319e-06 -5.08207e-19 -5.09013e-07  3.75477e-19 -1.35605e-06 -1.06068e-19  1.04418e-06  -7.8371e-20  3.11783e-07  9.60731e-20 -7.03869e-07 -2.91254e-20  5.79443e-08 -1.58876e-20  3.39945e-07  1.49787e-20 -9.45795e-08 -1.45579e-21 -1.36642e-07 -2.45634e-21  5.09934e-08  3.56169e-22  4.83748e-08  5.82038e-22 -1.66622e-08 -1.17087e-22 -1.46102e-08 -1.01548e-22  2.75392e-09  2.61357e-23  3.06797e-09  5.54139e-24  4.81728e-11  8.77245e-25 -2.32579e-10 -1.19867e-24 -2.08167e-11
 1.22716e-25 -2.17374e-09 -8.82971e-23  2.95196e-08 -1.31593e-21 -2.09737e-07  1.84163e-20  9.73439e-07 -9.16583e-20 -3.22837e-06  2.93329e-19  7.97442e-06 -6.92863e-19 -1.48651e-05   1.2683e-18  2.06127e-05 -1.81727e-18 -1.99429e-05  1.98754e-18  1.04816e-05 -1.52001e-18  2.63202e-06  5.53045e-19 -9.60134e-06  3.77535e-19   5.9337e-06 -7.59712e-19   2.0824e-06  5.43058e-19 -4.91087e-06 -1.15775e-19  1.23459e-06 -1.23211e-19   2.2839e-06  1.01978e-19 -1.48914e-06 -1.63429e-21 -7.50347e-07 -3.31673e-20  9.03438e-07  1.21729e-20  1.84804e-07  4.91402e-21 -4.06957e-07 -3.35267e-21 -4.18027e-08 -1.23355e-21  1.43856e-07  1.26443e-21  1.53225e-08 -3.08121e-23 -3.70677e-08 -1.93166e-22 -6.72128e-09  4.64783e-23  5.21308e-09 -9.44823e-25  1.40577e-09  2.61886e-24 -1.09339e-10 -9.20276e-25
 1.05289e-09   1.1333e-22 -2.52716e-08 -1.31593e-21  2.37471e-07 -8.04327e-21 -1.34256e-06  8.06153e-20  5.23128e-06 -3.32368e-19 -1.49362e-05  9.24424e-19  3.20827e-05 -1.94473e-18 -5.18673e-05  3.22357e-18  6.10365e-05 -4.22291e-18 -4.64445e-05  4.24081e-18  1.11361e-05 -2.99042e-18  2.09917e-05  1.04035e-18 -2.56948e-05  5.18746e-19  5.46081e-06 -9.82999e-19  1.27362e-05  5.62448e-19 -1.03556e-05 -5.24084e-21 -2.58665e-06 -1.78952e-19  6.82782e-06  5.72468e-20 -8.73213e-07  5.93984e-20 -3.21355e-06 -5.08525e-20  1.09224e-06  2.23673e-21  1.25026e-06  1.25439e-20 -5.78816e-07 -2.97773e-21 -4.29538e-07 -3.20205e-21  1.97384e-07  1.85482e-21  1.29026e-07 -1.39111e-24 -3.89697e-08 -2.76033e-22 -2.83505e-08  9.82421e-23  1.90389e-09 -1.17059e-23   2.5022e-09  2.91847e-24  1.48128e-10
-7.04395e-23  1.54381e-08  2.48214e-21 -2.09737e-07 -8.04327e-21   1.4912e-06 -3.15104e-20  -6.9281e-06  2.52276e-19  2.30106e-05 -8.88408e-19 -5.69571e-05  2.16572e-18  0.000106492 -4.06898e-18 -0.000148335  6.09596e-18  0.000144628 -7.22456e-18  -7.7557e-05  6.48373e-18 -1.71406e-05 -3.92941e-18  6.92126e-05  9.12642e-19 -4.46225e-05  9.59134e-19 -1.34036e-05 -1.14792e-18  3.58097e-05  4.01738e-19 -1.04612e-05   1.8642e-19 -1.59416e-05 -1.92677e-19  1.16184e-05 -4.52133e-20  4.73189e-06  1.31967e-19  -6.8658e-06 -5.90929e-20 -8.55338e-07 -1.01052e-20  3.04386e-06  1.78711e-20   5.4644e-08 -1.91974e-21 -1.07305e-06 -4.74917e-21 -1.40833e-08  2.52389e-21  2.84313e-07 -1.37816e-22   2.3698e-08 -4.17892e-22 -4.44869e-08  1.68461e-22 -7.77098e-09 -1.46914e-23  1.57919e-09   2.2012e-24
-5.94648e-09 -1.41636e-21  1.42779e-07  1.84163e-20 -1.34256e-06 -3.15104e-20  7.59815e-06 -9.26242e-20 -2.96517e-05  6.20766e-19  8.48461e-05 -1.88576e-18 -0.000182819   4.0477e-18  0.000296923  -6.8332e-18 -0.000351991  9.28751e-18  0.000271791 -9.91761e-18 -7.06135e-05  7.80099e-18 -0.000117206 -3.78863e-18  0.000150532  9.76904e-20 -3.72968e-05  1.54867e-18 -7.09437e-05 -1.18247e-18  6.28164e-05  1.45837e-19  1.12094e-05  3.24782e-19 -3.98445e-05 -1.07541e-19  7.76551e-06 -1.76941e-19  1.79354e-05  1.84449e-19 -7.78066e-06 -5.87917e-20 -6.58417e-06 -1.68784e-20  4.00909e-06  2.04933e-20  2.13147e-06 -1.98536e-21 -1.40662e-06 -5.77705e-21 -6.25469e-07  3.66514e-21  3.14399e-07 -2.84545e-22  1.44869e-07 -6.51328e-22 -2.91908e-08  1.98228e-22 -1.51955e-08 -8.49675e-24 -3.00875e-10
 4.80991e-22 -7.16083e-08 -1.62198e-20  9.73439e-07  8.06153e-20  -6.9281e-06 -9.26242e-20  3.22379e-05 -2.20584e-19 -0.000107314  1.25318e-18  0.000266485 -3.28223e-18 -0.000500566  6.24709e-18  0.000702216 -9.60806e-18 -0.000693169  1.19856e-17  0.000383933 -1.15759e-17  6.57086e-05  7.91371e-18 -0.000326009 -2.86169e-18  0.000224201 -8.73449e-19  5.06866e-05  1.97006e-18 -0.000170795 -1.10568e-18   6.0328e-05 -1.38804e-20  7.05986e-05  2.66542e-19 -6.03296e-05  7.31539e-20  -1.7208e-05 -2.76888e-19  3.41942e-05  2.01275e-19  6.71235e-07 -6.37884e-20 -1.47038e-05 -1.42104e-20  1.41191e-06  2.35329e-20  5.09944e-06 -4.18807e-21 -5.77578e-07 -7.22678e-21 -1.37557e-06  5.26404e-21  6.04617e-08 -1.04632e-22  2.36984e-07 -8.56509e-22  1.64251e-08  1.51937e-22 -1.18883e-08 -2.85236e-24
 2.31365e-08   6.7421e-21 -5.55806e-07 -9.16583e-20  5.23128e-06  2.52276e-19 -2.96517e-05 -2.20584e-19  0.000115978 -4.36069e-19 -0.000332946  2.07637e-18  0.000720769 -4.66808e-18  -0.00117876  8.01303e-18     0.001413 -1.15386e-17  -0.00111554  1.34941e-17  0.000324489 -1.19644e-17  0.000442817  7.24608e-18 -0.000614269 -1.95582e-18  0.000184208 -1.40607e-18  0.000266029  2.09696e-18 -0.000267138 -1.08747e-18 -2.21979e-05  1.32406e-19  0.000159514  -4.2657e-20 -4.63183e-05  2.61565e-19 -6.66211e-05 -2.86944e-19  3.87135e-05  1.97236e-19  2.19213e-05 -8.70218e-20 -1.91819e-05 -7.03451e-21 -6.19374e-06  3.04598e-20  6.80624e-06 -7.17559e-21  1.67317e-06 -1.03323e-20 -1.65368e-06  6.56909e-21 -4.16249e-07  4.88344e-22   2.0571e-07 -8.53996e-22  5.54584e-08  6.84932e-23 -2.47627e-09
-1.70609e-21  2.37283e-07  6.10486e-20 -3.22837e-06 -3.32368e-19  2.30106e-05  6.20766e-19 -0.000107314 -4.36069e-19    0.0003584 -7.02326e-19 -0.000894177  2.71342e-18   0.00169111  -5.2169e-18  -0.00239718  8.42599e-18   0.00240942 -1.19341e-17  -0.00139769  1.34883e-17 -0.000140009 -1.13076e-17   0.00109576  6.52198e-18 -0.000825613 -1.73716e-18 -0.000105109 -1.31744e-18  0.000581044  2.07674e-18 -0.000256882 -1.35523e-18 -0.000211676  7.10909e-19  0.000227326  -5.1734e-19   3.1522e-05  3.26246e-19 -0.000121042 -1.99641e-19  1.41862e-05  2.06066e-19  4.92596e-05 -1.25076e-19 -1.25797e-05 -5.75957e-21  -1.6353e-05  4.20204e-20  4.90333e-06  -7.5921e-21  4.39054e-06 -1.52249e-20 -1.01918e-06  6.65063e-21 -8.22749e-07   1.1169e-21  5.71671e-08 -6.16735e-22  5.47234e-08  1.20865e-23
-6.59229e-08 -2.03006e-20  1.58476e-06  2.93329e-19 -1.49362e-05 -8.88408e-19  8.48461e-05  1.25318e-18 -0.000332946 -7.02326e-19  0.000960312 -8.63586e-19    -0.002093  2.49838e-18    0.0034573  -4.1353e-18  -0.00421099  7.10168e-18   0.00343043 -1.07576e-17  -0.00114937  1.21457e-17  -0.00118685 -1.01086e-17   0.00185854  6.31591e-18 -0.000694058 -2.33151e-18 -0.000699529 -8.31218e-19  0.000846355  2.13284e-18 -3.29027e-05 -2.06752e-18 -0.000461033  1.67967e-18  0.000197658 -9.40408e-19  0.000168561  1.78431e-19 -0.000141509 -7.62107e-20 -4.31318e-05   2.5026e-19  6.64124e-05 -1.58423e-19  7.28812e-06 -1.87019e-20 -2.32941e-05  5.54607e-20 -9.55808e-07 -2.29615e-21  5.93832e-06 -2.01759e-20  3.34344e-07  5.36426e-21 -8.82387e-07  1.30849e-21 -9.86759e-08 -3.03734e-22  2.33108e-08
 3.99551e-21 -5.85416e-07 -1.62329e-19  7.97442e-06  9.24424e-19 -5.69571e-05 -1.88576e-18  0.000266485  2.07637e-18 -0.000894177 -8.63586e-19   0.00224597 -6.64063e-19  -0.00428937    9.383e-19   0.00617105 -1.56819e-18  -0.00636195  4.82481e-18   0.00392646  -8.7198e-18  2.81653e-05  9.98826e-18  -0.00272755 -8.87619e-18   0.00233027  6.73737e-18  7.19146e-06 -3.35305e-18  -0.00145837 -2.56452e-19   0.00083679   2.3993e-18  0.000419082  -3.2427e-18 -0.000643888  2.77777e-18  2.31457e-05 -1.05193e-18  0.000311646 -1.50184e-19 -9.49748e-05 -7.08669e-21 -0.000114194  3.19743e-19  5.81624e-05 -1.67206e-19  3.38469e-05 -4.74946e-20 -2.19675e-05  6.53806e-20 -8.45612e-06  8.72067e-21    5.265e-06 -2.25795e-20  1.69687e-06  3.54722e-21 -5.73406e-07   9.7349e-22 -1.53586e-07 -8.60113e-23
 1.41196e-07  4.32483e-20 -3.39752e-06 -6.92863e-19  3.20827e-05  2.16572e-18 -0.000182819 -3.28223e-18  0.000720769  2.71342e-18    -0.002093 -6.64063e-19   0.00460612  5.53245e-20  -0.00771769 -1.51788e-18   0.00961386  8.58132e-19  -0.00817449  3.26744e-18   0.00322969  -6.7108e-18   0.00223748  7.53779e-18  -0.00428386 -7.87486e-18   0.00204142  7.38839e-18   0.00125426 -4.28631e-18  -0.00204611   2.7586e-19  0.000397295  2.92885e-18  0.000963521 -4.71138e-18  -0.00062343  3.57533e-18 -0.000265033 -7.08474e-19  0.000385369 -5.09293e-19  1.81378e-05 -4.05607e-20 -0.000166663   3.8182e-19  2.19749e-05 -1.44985e-19  5.55652e-05 -8.68578e-20 -1.17394e-05  6.59534e-20 -1.42177e-05  2.09791e-20   2.6375e-06 -2.10368e-20  2.38709e-06  2.17695e-21 -1.23608e-07  4.11395e-22 -9.61909e-08
-6.32153e-21  1.08945e-06  3.25243e-19 -1.48651e-05 -1.94473e-18  0.000106492   4.0477e-18 -0.000500566 -4.66808e-18   0.00169111  2.49838e-18  -0.00428937  5.53245e-20   0.00830785  1.05511e-18   -0.0122072 -3.16092e-18     0.013036  7.76347e-19  -0.00871733  3.72576e-18  0.000949238 -5.10574e-18   0.00503724  5.15096e-18  -0.00513259 -7.05178e-18  0.000769692   7.6884e-18   0.00268258 -4.94637e-18  -0.00210842   8.0773e-19 -0.000418482   3.7376e-18    0.0013719 -6.09862e-18 -0.000349228  3.67499e-18 -0.000564553 -6.64059e-21  0.000341595 -7.30595e-19  0.000161145 -1.46891e-19 -0.000175781  4.10668e-19 -3.03683e-05 -9.76326e-20  6.34117e-05 -1.25731e-19  3.56559e-06  5.49917e-20 -1.59639e-05  2.78706e-20 -6.96094e-07 -1.63785e-20  2.18111e-06  1.53874e-21  1.85852e-07   2.0308e-24
 -2.2734e-07 -6.54973e-20  5.47746e-06   1.2683e-18 -5.18673e-05 -4.06898e-18  0.000296923  6.24709e-18  -0.00117876  -5.2169e-18    0.0034573    9.383e-19  -0.00771769  1.05511e-18    0.0132013  1.60038e-18   -0.0169781 -1.87224e-18    0.0152978 -3.12651e-18  -0.00727199  5.97733e-18  -0.00264005 -3.69124e-18   0.00752014   3.0791e-18   -0.0047124 -6.13415e-18   -0.0012347  7.39182e-18   0.00375106 -5.63263e-18  -0.00150822  1.36726e-18  -0.00135225  4.75552e-18   0.00146319 -6.92609e-18  0.000105166  2.96642e-18 -0.000765114  7.52926e-19  0.000187964 -7.46581e-19  0.000285286 -2.53305e-19  -0.00013761  4.02853e-19 -8.12705e-05 -3.44877e-20  5.52221e-05 -1.49955e-19   1.8489e-05  3.71083e-20 -1.34709e-05  2.56374e-20  -3.3609e-06  -1.0591e-20  1.35092e-06  1.25717e-21  2.15028e-07
  5.6602e-21 -1.50702e-06 -4.97755e-19  2.06127e-05  3.22357e-18 -0.000148335  -6.8332e-18  0.000702216  8.01303e-18  -0.00239718  -4.1353e-18   0.00617105 -1.51788e-18   -0.0122072  1.60038e-18    0.0185006  8.41876e-19   -0.0207635  3.23342e-18    0.0153879 -9.80411e-18  -0.00385793  8.41834e-18   -0.0065712 -2.19053e-18    0.0087766  1.44738e-18  -0.00300921 -4.84951e-18  -0.00334558  6.89614e-18   0.00406621 -6.81598e-18 -0.000417314  1.83777e-18  -0.00209958  5.75383e-18   0.00120743  -6.8404e-18  0.000596637  1.72809e-18 -0.000810051  1.25285e-18 -2.61086e-05 -6.19773e-19  0.000356749 -3.09902e-19 -6.59799e-05  3.65575e-19 -0.000116841   3.4867e-20   3.4839e-05 -1.48769e-19  2.87174e-05  2.10043e-20 -8.14493e-06  1.62409e-20 -4.51366e-06 -5.22165e-21  4.24446e-07  8.83242e-22
 2.65878e-07  6.20023e-20 -6.41792e-06 -1.81727e-18  6.10365e-05  6.09596e-18 -0.000351991 -9.60806e-18     0.001413  8.42599e-18  -0.00421099 -1.56819e-18   0.00961386 -3.16092e-18   -0.0169781  8.41876e-19    0.0228966 -1.51477e-18   -0.0223546  1.08243e-17      0.01306 -1.63481e-17  0.000619778  9.36282e-18  -0.00966306 -6.76392e-19   0.00843858  1.20511e-19 -0.000579695   -3.224e-18  -0.00493767  7.01381e-18   0.00359791  -8.6179e-18  0.000817613  2.00239e-18  -0.00248312  6.38531e-18  0.000709839 -5.81422e-18   0.00100106  4.76105e-19 -0.000708033   1.3481e-18  -0.00024426 -4.63572e-19  0.000365894 -3.20042e-19  1.88615e-05  2.97852e-19 -0.000130806  9.77831e-20  8.82525e-06  -1.2193e-19   3.2273e-05  1.19311e-20 -2.06549e-06  4.99838e-21 -4.06448e-06 -1.16582e-21 -1.15993e-07
 1.52714e-21  1.45229e-06  5.62384e-19 -1.99429e-05 -4.22291e-18  0.000144628  9.28751e-18 -0.000693169 -1.15386e-17   0.00240942  7.10168e-18  -0.00636195  8.58132e-19     0.013036 -1.87224e-18   -0.0207635 -1.51477e-18    0.0251117 -4.85588e-18   -0.0213093  1.80195e-17     0.009092 -1.98635e-17   0.00482707  8.25834e-18   -0.0111973  5.45012e-19   0.00685615 -1.22259e-18   0.00182793 -1.72968e-18  -0.00572922  8.29948e-18   0.00261523 -1.05361e-17   0.00189905  1.69268e-18  -0.00249954  6.33364e-18    0.0001155 -4.16711e-18    0.0012593 -3.31815e-19 -0.000503491  1.11501e-18 -0.000426469 -3.35834e-19  0.000320602 -3.15989e-19  9.89945e-05  1.90073e-19 -0.000123553  1.39271e-19 -1.63273e-05 -8.00443e-20  2.94096e-05  7.93432e-21  2.85846e-06 -3.91883e-21 -2.55985e-06  7.05233e-22
 -2.0002e-07 -6.06306e-21  4.84301e-06  1.98754e-18 -4.64445e-05 -7.22456e-18  0.000271791  1.19856e-17  -0.00111554 -1.19341e-17   0.00343043  4.82481e-18  -0.00817449  7.76347e-19    0.0152978  3.23342e-18   -0.0223546 -4.85588e-18    0.0246322 -7.97942e-18   -0.0182888  2.20659e-17   0.00486792 -1.90813e-17   0.00777326  5.85288e-18    -0.011254   1.2828e-18   0.00476435 -2.75138e-18   0.00372114 -1.01554e-18  -0.00582002  1.04803e-17   0.00144617 -1.16559e-17   0.00269645  9.17958e-19  -0.00224347  5.46226e-18 -0.000466632 -2.40119e-18   0.00136621 -5.36569e-19 -0.000245133  7.48403e-19  -0.00055243 -1.96529e-19  0.000236557 -3.16455e-19  0.000162075  4.35069e-20 -9.96635e-05  1.49908e-19  -3.5709e-05  -3.6346e-20   2.1945e-05  4.50782e-21   5.4144e-06 -8.73705e-21 -8.99892e-07
-1.49337e-20 -7.56134e-07 -4.04567e-19  1.04816e-05  4.24081e-18  -7.7557e-05 -9.91761e-18  0.000383933  1.34941e-17  -0.00139769 -1.07576e-17   0.00392646  3.26744e-18  -0.00871733 -3.12651e-18    0.0153879  1.08243e-17   -0.0213093 -7.97942e-18    0.0220733 -9.76243e-18   -0.0146747  2.15773e-17   0.00154801 -1.46562e-17   0.00928656   3.4562e-18   -0.0104562  1.63192e-18   0.00276805 -4.29223e-18   0.00501329 -1.37965e-18   -0.0054717  1.25204e-17  0.000299769 -1.11806e-17   0.00320978 -1.03818e-19   -0.0018168   3.8936e-18  -0.00097743 -9.58925e-19   0.00134146 -3.29445e-19   2.7297e-05  4.07715e-19 -0.000616122  4.48734e-20  0.000131129 -3.10492e-19  0.000201508 -1.14417e-19 -6.57035e-05  1.33012e-19 -4.65515e-05  2.14099e-21  1.24789e-05  9.54017e-22  5.30462e-06 -8.16827e-21
 4.52707e-08 -9.95611e-20 -1.10949e-06 -1.52001e-18  1.11361e-05  6.48373e-18 -7.06135e-05 -1.15759e-17  0.000324489  1.34883e-17  -0.00114937  -8.7198e-18   0.00322969  3.72576e-18  -0.00727199 -9.80411e-18      0.01306  1.80195e-17   -0.0182888 -9.76243e-18    0.0188094 -9.59793e-18   -0.0117101   1.6721e-17 -0.000512198 -8.42824e-18   0.00984591  2.02209e-18  -0.00942416  1.95483e-18   0.00109017 -5.53109e-18   0.00585105 -2.53325e-18  -0.00489239  1.32938e-17 -0.000743968 -8.89347e-18   0.00348189 -1.04722e-18  -0.00129429  2.00495e-18  -0.00138909 -2.65412e-20    0.0012121  -1.0829e-19  0.000284348  1.25382e-19 -0.000620691   4.3863e-19  2.03133e-05 -2.76437e-19  0.000215581 -2.42979e-19 -2.85883e-05  1.00535e-19 -4.82131e-05  3.44668e-20   3.6889e-06  9.77855e-23  3.13426e-06
 2.67451e-20 -1.99143e-07  3.76103e-20  2.63202e-06 -2.99042e-18 -1.71406e-05  7.80099e-18  6.57086e-05 -1.19644e-17 -0.000140009  1.21457e-17  2.81653e-05  -6.7108e-18  0.000949238  5.97733e-18  -0.00385793 -1.63481e-17     0.009092  2.20659e-17   -0.0146747 -9.59793e-18    0.0161072 -7.44257e-18   -0.0098549  8.83262e-18  -0.00166952 -2.44454e-18    0.0100316  1.58246e-18  -0.00844469   2.8065e-18  -0.00031345 -6.29942e-18    0.0063853 -3.94119e-18  -0.00418586  1.23029e-17  -0.00166188 -5.26965e-18   0.00355389 -1.67634e-18 -0.000729595  3.23292e-19  -0.00169059  5.25969e-19   0.00100672 -2.34381e-19  0.000505867 -1.77672e-19 -0.000574882  9.35088e-19 -8.27967e-05 -2.06679e-19  0.000206276 -3.18963e-19  5.50404e-06    5.974e-20 -4.18571e-05  5.74076e-20  -2.2191e-06  2.42286e-21
 9.23604e-08  2.02634e-19 -2.23516e-06  5.53045e-19  2.09917e-05 -3.92941e-18 -0.000117206  7.91371e-18  0.000442817 -1.13076e-17  -0.00118685  9.98826e-18   0.00223748 -5.10574e-18  -0.00264005  8.41834e-18  0.000619778 -1.98635e-17   0.00486792  2.15773e-17   -0.0117101 -7.44257e-18    0.0144594 -3.73202e-18  -0.00882779  4.57504e-21  -0.00245305   1.8032e-18    0.0101405  1.24676e-18  -0.00753148  4.75178e-18  -0.00152798 -6.55374e-18    0.0066919  -5.3602e-18  -0.00340524  9.91001e-18  -0.00244256  -1.2385e-18   0.00346298 -2.01669e-18 -0.000163324 -6.78021e-19  -0.00188223  1.04737e-18  0.000752555 -8.29677e-19  0.000679814 -6.00455e-19 -0.000490279   1.3994e-18  -0.00016856 -1.08967e-19  0.000178069 -3.47138e-19  3.17665e-05  9.48268e-21 -3.00123e-05  6.18768e-20 -3.81661e-06
-2.52783e-20  6.97395e-07  3.46461e-19 -9.60134e-06  1.04035e-18  6.92126e-05 -3.78863e-18 -0.000326009  7.24608e-18   0.00109576 -1.01086e-17  -0.00272755  7.53779e-18   0.00503724 -3.69124e-18   -0.0065712  9.36282e-18   0.00482707 -1.90813e-17   0.00154801   1.6721e-17   -0.0098549 -3.73202e-18    0.0136096  6.57143e-19  -0.00813594 -7.34032e-18  -0.00314696  3.74814e-18     0.010203 -2.22275e-19  -0.00664047  8.03619e-18  -0.00258416 -6.15253e-18   0.00681073  -6.9786e-18  -0.00259359  7.02989e-18  -0.00308261  2.22623e-18   0.00324557 -2.38181e-18  0.000375532 -8.03443e-19  -0.00197182  1.91327e-18  0.000473352 -1.71862e-18  0.000800563 -1.15989e-18 -0.000379371  1.68454e-18 -0.000230716  9.07318e-21  0.000136915 -3.39673e-19  4.70594e-05 -4.39508e-20 -1.60878e-05  4.18575e-20
-1.08914e-07  -2.3036e-19  2.66319e-06  3.77535e-19 -2.56948e-05  9.12642e-19  0.000150532 -2.86169e-18 -0.000614269  6.52198e-18   0.00185854 -8.87619e-18  -0.00428386  5.15096e-18   0.00752014 -2.19053e-18  -0.00966306  8.25834e-18   0.00777326 -1.46562e-17 -0.000512198  8.83262e-18  -0.00882779  6.57143e-19    0.0130777  4.49845e-18  -0.00750887 -1.10242e-17  -0.00377737  3.60191e-18    0.0101873 -3.57144e-18  -0.00577339  1.23372e-17  -0.00348853 -4.83234e-18   0.00678183 -9.05677e-18  -0.00178494  4.64027e-18  -0.00358865  4.50781e-18   0.00293417 -3.22851e-18  0.000868175 -2.60237e-19  -0.00197099   3.3281e-18  0.000188749 -2.53529e-18  0.000867176 -1.74493e-18 -0.000254368  1.71206e-18 -0.000266023  1.44315e-19  8.94836e-05 -3.00829e-19  5.00778e-05 -7.66759e-20 -4.18328e-06
 6.34738e-21  -4.2108e-07 -5.08207e-19   5.9337e-06  5.18746e-19 -4.46225e-05  9.76904e-20  0.000224201 -1.95582e-18 -0.000825613  6.31591e-18   0.00233027 -7.87486e-18  -0.00513259   3.0791e-18    0.0087766 -6.76392e-19   -0.0111973  5.85288e-18   0.00928656 -8.42824e-18  -0.00166952  4.57504e-21  -0.00813594  4.49845e-18    0.0125982  6.49778e-18  -0.00692886 -9.69543e-18  -0.00430747  1.82893e-18    0.0101065 -8.57672e-18  -0.00495177  1.68769e-17  -0.00425794 -2.48417e-18   0.00664311 -1.15385e-17  -0.00099978  3.43109e-18  -0.00397238  5.59858e-18   0.00255549 -4.90487e-18   0.00130311  4.03134e-19  -0.00189276  5.18579e-18 -8.55187e-05 -2.93772e-18     0.000882 -2.17072e-18 -0.000126571  1.51046e-18 -0.000273832  2.85412e-19  4.26326e-05 -2.37318e-19  4.13214e-05 -6.67224e-20
 1.97479e-08  1.55893e-19 -5.09013e-07 -7.59712e-19  5.46081e-06  9.59134e-19 -3.72968e-05 -8.73449e-19  0.000184208 -1.73716e-18 -0.000694058  6.73737e-18   0.00204142 -7.05178e-18   -0.0047124  1.44738e-18   0.00843858  5.45012e-19    -0.011254   3.4562e-18   0.00984591 -2.44454e-18  -0.00245305 -7.34032e-18  -0.00750887  6.49778e-18    0.0121573  5.71445e-18  -0.00644103 -3.14511e-18  -0.00474764 -1.23808e-18   0.00999467 -1.43291e-17  -0.00418159  2.08356e-17   -0.0049154  5.92092e-19   0.00642227 -1.40584e-17 -0.000249354  3.64673e-18  -0.00424625  6.07144e-18   0.00213101 -7.40708e-18   0.00167387  5.58825e-19  -0.00175035  7.05516e-18 -0.000337137 -2.81192e-18  0.000849607 -2.30688e-18 -6.12056e-06  1.18289e-18 -0.000255732  4.01734e-19   2.9933e-06 -1.63331e-19  2.30258e-05
 1.91276e-20 -1.59629e-07  3.75477e-19   2.0824e-06 -9.82999e-19 -1.34036e-05  1.54867e-18  5.06866e-05 -1.40607e-18 -0.000105109 -2.33151e-18  7.19146e-06  7.38839e-18  0.000769692 -6.13415e-18  -0.00300921  1.20511e-19   0.00685615   1.2828e-18   -0.0104562  2.02209e-18    0.0100316   1.8032e-18  -0.00314696 -1.10242e-17  -0.00692886  5.71445e-18    0.0118035  1.90752e-18  -0.00604179  7.70916e-18  -0.00513229 -5.23293e-18   0.00987003 -1.99818e-17  -0.00345746  2.36895e-17  -0.00547936  3.74601e-18     0.006139 -1.62534e-17  0.000459877  5.06633e-18   -0.0044224  6.73767e-18   0.00167796  -1.0294e-17   0.00197743 -1.27302e-19  -0.00155642  8.35105e-18 -0.000556579  -2.3296e-18  0.000776106 -2.16863e-18  9.81465e-05  8.31633e-19 -0.000215206  4.46765e-19 -2.33046e-05 -8.60887e-20
 5.59683e-08 -3.21474e-20 -1.35605e-06  5.43058e-19  1.27362e-05 -1.14792e-18 -7.09437e-05  1.97006e-18  0.000266029 -1.31744e-18 -0.000699529 -3.35305e-18   0.00125426   7.6884e-18   -0.0012347 -4.84951e-18 -0.000579695 -1.22259e-18   0.00476435  1.63192e-18  -0.00942416  1.58246e-18    0.0101405  3.74814e-18  -0.00377737 -9.69543e-18  -0.00644103  1.90752e-18    0.0115365 -4.38195e-18  -0.00570129  2.10377e-17  -0.00548114 -9.29951e-18   0.00973779 -2.51735e-17  -0.00277465  2.52343e-17   -0.0059641  6.26071e-18   0.00580853 -1.80037e-17    0.0011248  7.14428e-18   -0.0045122    8.174e-18   0.00120988 -1.28554e-17   0.00221295 -1.42475e-18  -0.00132277  8.64652e-18 -0.000736568 -1.80062e-18  0.000668606 -1.87818e-18  0.000178528   5.1543e-19 -0.000157872  3.79493e-19 -2.89024e-05
-3.29019e-20  3.53188e-07 -1.06068e-19 -4.91087e-06  5.62448e-19  3.58097e-05 -1.18247e-18 -0.000170795  2.09696e-18  0.000581044 -8.31218e-19  -0.00145837 -4.28631e-18   0.00268258  7.39182e-18  -0.00334558   -3.224e-18   0.00182793 -2.75138e-18   0.00276805  1.95483e-18  -0.00844469  1.24676e-18     0.010203  3.60191e-18  -0.00430747 -3.14511e-18  -0.00604179 -4.38195e-18    0.0113289 -1.20307e-17  -0.00540328  3.44286e-17  -0.00580139 -1.20558e-17   0.00960277 -2.97217e-17  -0.00212959  2.54802e-17  -0.00638233  7.58388e-18   0.00544236 -1.94428e-17   0.00174473  9.28908e-18  -0.00452567  1.04137e-17  0.000737443 -1.44482e-17   0.00238093 -2.61622e-18  -0.00106024  7.92391e-18 -0.000871442  -1.4206e-18  0.000535088 -1.54638e-18  0.000228196  2.62199e-19 -9.07161e-05  2.07008e-19
-4.18476e-08 -5.43893e-20  1.04418e-06 -1.15775e-19 -1.03556e-05  4.01738e-19  6.28164e-05 -1.10568e-18 -0.000267138  2.07674e-18  0.000846355 -2.56452e-19  -0.00204611 -4.94637e-18   0.00375106  6.89614e-18  -0.00493767 -1.72968e-18   0.00372114 -4.29223e-18   0.00109017   2.8065e-18  -0.00753148 -2.22275e-19    0.0101873  1.82893e-18  -0.00474764  7.70916e-18  -0.00570129 -1.20307e-17    0.0111666 -1.96802e-17  -0.00514348  4.53871e-17  -0.00610025  -1.2318e-17   0.00947007 -3.30464e-17  -0.00151767  2.46984e-17  -0.00674511  7.40987e-18   0.00504867 -2.08439e-17   0.00232045  1.10719e-17  -0.00447131  1.29409e-17  0.000268995 -1.47616e-17   0.00248244  -2.9653e-18  -0.00077882  6.54463e-18 -0.000956498 -1.12439e-18  0.000384544  -1.2102e-18  0.000241861  8.36756e-20 -2.56824e-05
 2.66676e-20 -8.00441e-08  -7.8371e-20  1.23459e-06 -5.24084e-21 -1.04612e-05  1.45837e-19   6.0328e-05 -1.08747e-18 -0.000256882  2.13284e-18   0.00083679   2.7586e-19  -0.00210842 -5.63263e-18   0.00406621  7.01381e-18  -0.00572922 -1.01554e-18   0.00501329 -5.53109e-18  -0.00031345  4.75178e-18  -0.00664047 -3.57144e-18    0.0101065 -1.23808e-18  -0.00513229  2.10377e-17  -0.00540328 -1.96802e-17    0.0110473 -2.60768e-17  -0.00491729  5.19881e-17  -0.00638553 -1.00742e-17    0.0093429 -3.41154e-17  -0.00093378  2.35394e-17  -0.00706165  5.74798e-18   0.00463313 -2.24648e-17   0.00285353  1.21865e-17  -0.00435601  1.48946e-17 -0.000188734 -1.38438e-17   0.00251844 -2.26051e-18 -0.000488247  4.94212e-18 -0.000988257 -7.00324e-19  0.000227125 -8.60495e-19  0.000213858 -8.45625e-21
-1.36611e-08   6.3289e-20  3.11783e-07 -1.23211e-19 -2.58665e-06   1.8642e-19  1.12094e-05 -1.38804e-20 -2.21979e-05 -1.35523e-18 -3.29027e-05   2.3993e-18  0.000397295   8.0773e-19  -0.00150822 -6.81598e-18   0.00359791  8.29948e-18  -0.00582002 -1.37965e-18   0.00585105 -6.29942e-18  -0.00152798  8.03619e-18  -0.00577339 -8.57672e-18   0.00999467 -5.23293e-18  -0.00548114  3.44286e-17  -0.00514348 -2.60768e-17    0.0109683 -3.03042e-17  -0.00471914  5.34217e-17  -0.00666337 -6.78656e-18   0.00922325 -3.20975e-17 -0.000372876  2.28811e-17   -0.0073397   3.0705e-18   0.00419931 -2.43216e-17   0.00334588  1.23137e-17  -0.00418501  1.53691e-17  -0.00062987 -1.19622e-17      0.00249 -9.87317e-19 -0.000197854  3.34077e-18 -0.000962863 -8.08325e-20  7.58866e-05 -4.73503e-19  0.000132823
-9.38737e-21 -1.68142e-07  9.60731e-20   2.2839e-06 -1.78952e-19 -1.59416e-05  3.24782e-19  7.05986e-05  1.32406e-19 -0.000211676 -2.06752e-18  0.000419082  2.92885e-18 -0.000418482  1.36726e-18 -0.000417314  -8.6179e-18   0.00261523  1.04803e-17   -0.0054717 -2.53325e-18    0.0063853 -6.55374e-18  -0.00258416  1.23372e-17  -0.00495177 -1.43291e-17   0.00987003 -9.29951e-18  -0.00580139  4.53871e-17  -0.00491729 -3.03042e-17    0.0109259 -3.18562e-17  -0.00454508  5.01041e-17  -0.00693882 -4.59678e-18   0.00911264 -2.71348e-17  0.000170161  2.33302e-17  -0.00758568  4.07041e-19   0.00374903 -2.59783e-17   0.00379924  1.12063e-17  -0.00396222  1.38254e-17  -0.00104939 -9.46993e-18   0.00239707  1.68572e-20  8.23324e-05  1.80292e-18 -0.000876357  5.20502e-19 -5.59529e-05 -8.92947e-20
 2.84561e-08 -2.52444e-20 -7.03869e-07  1.01978e-19  6.82782e-06 -1.92677e-19 -3.98445e-05  2.66542e-19  0.000159514  7.10909e-19 -0.000461033  -3.2427e-18  0.000963521   3.7376e-18  -0.00135225  1.83777e-18  0.000817613 -1.05361e-17   0.00144617  1.25204e-17  -0.00489239 -3.94119e-18    0.0066919 -6.15253e-18  -0.00348853  1.68769e-17  -0.00418159 -1.99818e-17   0.00973779 -1.20558e-17  -0.00610025  5.19881e-17  -0.00471914 -3.18562e-17     0.010918 -3.05813e-17  -0.00439222  4.33141e-17  -0.00721667 -4.96296e-18   0.00901209 -2.05702e-17  0.000700516  2.47501e-17  -0.00780484 -8.58492e-19   0.00328279 -2.65888e-17   0.00421537  8.97203e-18  -0.00368954  1.05267e-17  -0.00144209 -6.69067e-18   0.00223828  1.24169e-19  0.000339923  4.71856e-19 -0.000729174  7.73229e-19  -0.00012521
 -3.6095e-21  1.01869e-07 -2.91254e-20 -1.48914e-06  5.72468e-20  1.16184e-05 -1.07541e-19 -6.03296e-05  -4.2657e-20  0.000227326  1.67967e-18 -0.000643888 -4.71138e-18    0.0013719  4.75552e-18  -0.00209958  2.00239e-18   0.00189905 -1.16559e-17  0.000299769  1.32938e-17  -0.00418586  -5.3602e-18   0.00681073 -4.83234e-18  -0.00425794  2.08356e-17  -0.00345746 -2.51735e-17   0.00960277  -1.2318e-17  -0.00638553  5.34217e-17  -0.00454508 -3.05813e-17    0.0109439 -2.66469e-17  -0.00425805   3.4674e-17  -0.00750144 -7.75536e-18   0.00892226 -1.45197e-17    0.0012235  2.62206e-17  -0.00800157  4.08073e-19    0.0027993 -2.52879e-17   0.00459504  6.15368e-18   -0.0033671  6.61652e-18   -0.0018007 -3.74809e-18    0.0020141 -7.16086e-19  0.000559735 -5.06656e-19  -0.00050788  4.54562e-19
-1.53808e-09 -6.60915e-21  5.79443e-08 -1.63429e-21 -8.73213e-07 -4.52133e-20  7.76551e-06  7.31539e-20 -4.63183e-05  -5.1734e-19  0.000197658  2.77777e-18  -0.00062343 -6.09862e-18   0.00146319  5.75383e-18  -0.00248312  1.69268e-18   0.00269645 -1.11806e-17 -0.000743968  1.23029e-17  -0.00340524  -6.9786e-18   0.00678183 -2.48417e-18   -0.0049154  2.36895e-17  -0.00277465 -2.97217e-17   0.00947007 -1.00742e-17  -0.00666337  5.01041e-17  -0.00439222 -2.66469e-17    0.0110033 -2.06353e-17  -0.00414053  2.58255e-17  -0.00779761 -1.14327e-17    0.0088436  -1.1129e-17   0.00174493  2.64731e-17  -0.00817885  4.31093e-18   0.00229622 -2.17305e-17   0.00493741  3.36999e-18  -0.00299516  3.54144e-18  -0.00211852  -5.1056e-19   0.00171753 -2.04141e-18  0.000721677 -1.33213e-18 -0.000204738
 5.90512e-21  5.83934e-08 -1.58876e-20 -7.50347e-07  5.93984e-20  4.73189e-06 -1.76941e-19  -1.7208e-05  2.61565e-19   3.1522e-05 -9.40408e-19  2.31457e-05  3.57533e-18 -0.000349228 -6.92609e-18   0.00120743  6.38531e-18  -0.00249954  9.17958e-19   0.00320978 -8.89347e-18  -0.00166188  9.91001e-18  -0.00259359 -9.05677e-18   0.00664311  5.92092e-19  -0.00547936  2.52343e-17  -0.00212959 -3.30464e-17    0.0093429 -6.78656e-18  -0.00693882  4.33141e-17  -0.00425805 -2.06353e-17    0.0110966 -1.36708e-17  -0.00403794   1.8369e-17  -0.00810985 -1.40134e-17   0.00877597 -1.18609e-17   0.00227059  2.45363e-17  -0.00833867  9.57929e-18   0.00177073 -1.64858e-17   0.00524229  7.47381e-19  -0.00256864  2.24277e-18  -0.00238523  3.04087e-18   0.00134627 -3.24123e-18  0.000796688 -1.81512e-18
-1.39211e-08  1.16423e-20  3.39945e-07 -3.31673e-20 -3.21355e-06  1.31967e-19  1.79354e-05 -2.76888e-19 -6.66211e-05  3.26246e-19  0.000168561 -1.05193e-18 -0.000265033  3.67499e-18  0.000105166  -6.8404e-18  0.000709839  6.33364e-18  -0.00224347 -1.03818e-19   0.00348189 -5.26965e-18  -0.00244256  7.02989e-18  -0.00178494 -1.15385e-17   0.00642227  3.74601e-18   -0.0059641  2.54802e-17  -0.00151767 -3.41154e-17   0.00922325 -4.59678e-18  -0.00721667   3.4674e-17  -0.00414053 -1.36708e-17     0.011225 -7.33664e-18  -0.00394876   1.3864e-17  -0.00844283 -1.39927e-17   0.00871941 -1.70112e-17   0.00280682  2.02668e-17  -0.00848317   1.4284e-17   0.00121581 -1.10763e-17   0.00550551  -2.3762e-18  -0.00208182  2.86865e-18  -0.00257727  6.22821e-18  0.000909766 -3.49481e-18  0.000625766
-2.32593e-21  -6.2651e-08  1.49787e-20  9.03438e-07 -5.08525e-20  -6.8658e-06  1.84449e-19  3.41942e-05 -2.86944e-19 -0.000121042  1.78431e-19  0.000311646 -7.08474e-19 -0.000564553  2.96642e-18  0.000596637 -5.81422e-18    0.0001155  5.46226e-18   -0.0018168 -1.04722e-18   0.00355389  -1.2385e-18  -0.00308261  4.64027e-18  -0.00099978 -1.40584e-17     0.006139  6.26071e-18  -0.00638233  2.46984e-17  -0.00093378 -3.20975e-17   0.00911264 -4.96296e-18  -0.00750144  2.58255e-17  -0.00403794 -7.33664e-18    0.0113903 -3.31974e-18  -0.00387199  1.36667e-17  -0.00880218 -1.06527e-17   0.00867384 -2.55616e-17   0.00336236  1.45221e-17  -0.00861047  1.73265e-17  0.000624997 -7.38703e-18   0.00571477 -7.01398e-18  -0.00153665  4.95998e-18  -0.00267256  8.22372e-18  0.000339885 -1.76176e-18
 3.32752e-09 -3.67165e-21 -9.45795e-08  1.21729e-20  1.09224e-06 -5.90929e-20 -7.78066e-06  2.01275e-19  3.87135e-05 -1.99641e-19 -0.000141509 -1.50184e-19  0.000385369 -6.64059e-21 -0.000765114  1.72809e-18   0.00100106 -4.16711e-18 -0.000466632   3.8936e-18  -0.00129429 -1.67634e-18   0.00346298  2.22623e-18  -0.00358865  3.43109e-18 -0.000249354 -1.62534e-17   0.00580853  7.58388e-18  -0.00674511  2.35394e-17 -0.000372876 -2.71348e-17   0.00901209 -7.75536e-18  -0.00779761   1.8369e-17  -0.00394876 -3.31974e-18    0.0115955 -3.00942e-18  -0.00380639  1.85621e-17  -0.00919452 -4.03088e-18   0.00863696 -3.53936e-17   0.00394421  8.89946e-18  -0.00871686  1.93067e-17 -5.90324e-06 -6.44191e-18   0.00586796 -1.34773e-17 -0.000901169  7.72827e-18  -0.00264369  9.27757e-18 -0.000243945
 -4.3948e-22 -1.64455e-08 -1.45579e-21  1.84804e-07  2.23673e-21 -8.55338e-07 -5.87917e-20  6.71235e-07  1.97236e-19  1.41862e-05 -7.62107e-20 -9.49748e-05 -5.09293e-19  0.000341595  7.52926e-19 -0.000810051  4.76105e-19    0.0012593 -2.40119e-18  -0.00097743  2.00495e-18 -0.000729595 -2.01669e-18   0.00324557  4.50781e-18  -0.00397238  3.64673e-18  0.000459877 -1.80037e-17   0.00544236  7.40987e-18  -0.00706165  2.28811e-17  0.000170161 -2.05702e-17   0.00892226 -1.14327e-17  -0.00810985   1.3864e-17  -0.00387199 -3.00942e-18    0.0118441 -7.24625e-18  -0.00375045  2.83475e-17  -0.00962559  4.82411e-18   0.00860846 -4.39331e-17   0.00456119  5.24656e-18  -0.00880537  2.19197e-17 -0.000699492 -7.72915e-18   0.00594543 -2.04761e-17 -0.000195488  1.00343e-17  -0.00235636  8.20569e-18
 5.69505e-09 -1.18977e-21 -1.36642e-07  4.91402e-21  1.25026e-06 -1.01052e-20 -6.58417e-06 -6.37884e-20  2.19213e-05  2.06066e-19 -4.31318e-05 -7.08669e-21  1.81378e-05 -7.30595e-19  0.000187964  1.25285e-18 -0.000708033 -3.31815e-19   0.00136621 -9.58925e-19  -0.00138909  3.23292e-19 -0.000163324 -2.38181e-18   0.00293417  5.59858e-18  -0.00424625  5.06633e-18    0.0011248 -1.94428e-17   0.00504867  5.74798e-18   -0.0073397  2.33302e-17  0.000700516 -1.45197e-17    0.0088436 -1.40134e-17  -0.00844283  1.36667e-17  -0.00380639 -7.24625e-18    0.0121403 -1.61148e-17  -0.00370473  4.15861e-17   -0.0101054  1.34379e-17   0.00858908 -4.93127e-17   0.00523321  5.06561e-18  -0.00885937  2.65833e-17  -0.00146397 -1.00523e-17     0.005868 -2.51542e-17  0.000581496  9.32731e-18  -0.00135152
 7.02337e-22  2.83975e-08 -2.45634e-21 -4.06957e-07  1.25439e-20  3.04386e-06 -1.68784e-20 -1.47038e-05 -8.70218e-20  4.92596e-05   2.5026e-19 -0.000114194 -4.05607e-20  0.000161145 -7.46581e-19 -2.61086e-05   1.3481e-18 -0.000503491 -5.36569e-19   0.00134146 -2.65412e-20  -0.00169059 -6.78021e-19  0.000375532 -3.22851e-18   0.00255549  6.07144e-18   -0.0044224  7.14428e-18   0.00174473 -2.08439e-17   0.00463313   3.0705e-18  -0.00758568  2.47501e-17    0.0012235  -1.1129e-17   0.00877597 -1.39927e-17  -0.00880218  1.85621e-17  -0.00375045 -1.61148e-17     0.012492 -2.85908e-17  -0.00366738  5.56576e-17   -0.0106472   1.8445e-17   0.00856605 -5.13998e-17   0.00596682  8.27553e-18  -0.00884746  3.31521e-17  -0.00229739 -1.22227e-17   0.00565521 -2.46164e-17   0.00167205  4.33854e-18
-1.80286e-09  9.64652e-22  5.09934e-08 -3.35267e-21 -5.78816e-07  1.78711e-20  4.00909e-06 -1.42104e-20 -1.91819e-05 -1.25076e-19  6.64124e-05  3.19743e-19 -0.000166663 -1.46891e-19  0.000285286 -6.19773e-19  -0.00024426  1.11501e-18 -0.000245133 -3.29445e-19    0.0012121  5.25969e-19  -0.00188223 -8.03443e-19  0.000868175 -4.90487e-18   0.00213101  6.73767e-18   -0.0045122  9.28908e-18   0.00232045 -2.24648e-17   0.00419931  4.07041e-19  -0.00780484  2.62206e-17   0.00174493 -1.18609e-17   0.00871941 -1.06527e-17  -0.00919452  2.83475e-17  -0.00370473 -2.85908e-17     0.012906 -4.21139e-17  -0.00363331  6.70582e-17   -0.0112561  1.75364e-17   0.00853781 -5.12373e-17   0.00677511  1.16155e-17   -0.0088078  3.91026e-17  -0.00330215 -1.24043e-17   0.00522756 -1.78954e-17   0.00216917
-1.41731e-22   4.6815e-09  3.56169e-22 -4.18027e-08 -2.97773e-21   5.4644e-08  2.04933e-20  1.41191e-06 -7.03451e-21 -1.25797e-05 -1.58423e-19  5.81624e-05   3.8182e-19 -0.000175781 -2.53305e-19  0.000356749 -4.63572e-19 -0.000426469  7.48403e-19   2.7297e-05  -1.0829e-19   0.00100672  1.04737e-18  -0.00197182 -2.60237e-19   0.00130311 -7.40708e-18   0.00167796    8.174e-18  -0.00452567  1.10719e-17   0.00285353 -2.43216e-17   0.00374903 -8.58492e-19  -0.00800157  2.64731e-17   0.00227059 -1.70112e-17   0.00867384 -4.03088e-18  -0.00962559  4.15861e-17  -0.00366738 -4.21139e-17    0.0133895 -5.25687e-17  -0.00361051  7.19391e-17   -0.0119548  1.13142e-17   0.00852276 -4.89568e-17   0.00771842   9.9377e-18  -0.00864789  4.01512e-17  -0.00433519 -9.01931e-18    0.0039368 -7.83541e-18
-2.04747e-09  3.31699e-23  4.83748e-08 -1.23355e-21 -4.29538e-07 -1.91974e-21  2.13147e-06  2.35329e-20 -6.19374e-06 -5.75957e-21  7.28812e-06 -1.67206e-19  2.19749e-05  4.10668e-19  -0.00013761 -3.09902e-19  0.000365894 -3.35834e-19  -0.00055243  4.07715e-19  0.000284348 -2.34381e-19  0.000752555  1.91327e-18  -0.00197099  4.03134e-19   0.00167387  -1.0294e-17   0.00120988  1.04137e-17  -0.00447131  1.21865e-17   0.00334588 -2.59783e-17   0.00328279  4.08073e-19  -0.00817885  2.45363e-17   0.00280682 -2.55616e-17   0.00863696  4.82411e-18   -0.0101054  5.56576e-17  -0.00363331 -5.25687e-17    0.0139644 -5.55114e-17  -0.00359547  6.74321e-17    -0.012782  3.30425e-18   0.00844261 -4.34107e-17   0.00879192  2.03766e-18     -0.00812   3.4558e-17  -0.00561797 -1.86079e-18   0.00103625
 -7.2306e-23 -9.99134e-09  5.82038e-22  1.43856e-07 -3.20205e-21 -1.07305e-06 -1.98536e-21  5.09944e-06  3.04598e-20  -1.6353e-05 -1.87019e-20  3.38469e-05 -1.44985e-19 -3.03683e-05  4.02853e-19 -6.59799e-05 -3.20042e-19  0.000320602 -1.96529e-19 -0.000616122  1.25382e-19  0.000505867 -8.29677e-19  0.000473352   3.3281e-18  -0.00189276  5.58825e-19   0.00197743 -1.28554e-17  0.000737443  1.29409e-17  -0.00435601  1.23137e-17   0.00379924 -2.65888e-17    0.0027993  4.31093e-18  -0.00833867  2.02668e-17   0.00336236 -3.53936e-17   0.00860846  1.34379e-17   -0.0106472  6.70582e-17  -0.00361051 -5.55114e-17     0.014644 -4.87146e-17  -0.00355203  5.40853e-17   -0.0137273  -1.3977e-18   0.00827522 -3.54574e-17    0.0100176 -6.56269e-18  -0.00767101  2.48727e-17  -0.00762135  3.60449e-18
 5.58408e-10 -1.29014e-22 -1.66622e-08  1.26443e-21  1.97384e-07 -4.74917e-21 -1.40662e-06 -4.18807e-21  6.80624e-06  4.20204e-20 -2.32941e-05 -4.74946e-20  5.55652e-05 -9.76326e-20 -8.12705e-05  3.65575e-19  1.88615e-05 -3.15989e-19  0.000236557  4.48734e-20 -0.000620691 -1.77672e-19  0.000679814 -1.71862e-18  0.000188749  5.18579e-18  -0.00175035 -1.27302e-19   0.00221295 -1.44482e-17  0.000268995  1.48946e-17  -0.00418501  1.12063e-17   0.00421537 -2.52879e-17   0.00229622  9.57929e-18  -0.00848317  1.45221e-17   0.00394421 -4.39331e-17   0.00858908   1.8445e-17   -0.0112561  7.19391e-17  -0.00359547 -4.87146e-17     0.015433 -3.41638e-17  -0.00353624  3.68393e-17     -0.01485  2.30429e-18   0.00823512 -2.88704e-17    0.0116362 -1.16918e-17  -0.00655761  1.09347e-17  -0.00636734
 2.81291e-23 -1.76436e-09 -1.17087e-22  1.53225e-08  1.85482e-21 -1.40833e-08 -5.77705e-21 -5.77578e-07 -7.17559e-21  4.90333e-06  5.54607e-20 -2.19675e-05 -8.68578e-20  6.34117e-05 -3.44877e-20 -0.000116841  2.97852e-19  9.89945e-05 -3.16455e-19  0.000131129   4.3863e-19 -0.000574882 -6.00455e-19  0.000800563 -2.53529e-18 -8.55187e-05  7.05516e-18  -0.00155642 -1.42475e-18   0.00238093 -1.47616e-17 -0.000188734  1.53691e-17  -0.00396222  8.97203e-18   0.00459504 -2.17305e-17   0.00177073   1.4284e-17  -0.00861047  8.89946e-18   0.00456119 -4.93127e-17   0.00856605  1.75364e-17   -0.0119548  6.74321e-17  -0.00355203 -3.41638e-17    0.0164012 -1.78231e-17  -0.00356342  2.13502e-17   -0.0162715  1.70385e-17   0.00774965 -2.60431e-17    0.0131671 -1.96067e-17  -0.00254054 -5.28584e-18
