 4.26802e-24  1.46467e-35 -2.26395e-22 -1.68598e-35  4.67088e-21  5.26391e-35 -5.78918e-20 -1.24036e-33  4.97119e-19   1.3886e-32 -3.17476e-18 -1.26573e-31  1.57114e-17   9.3803e-31 -6.18013e-17 -5.80217e-30  1.96261e-16   3.0496e-29 -5.07484e-16 -1.37801e-28  1.07111e-15  5.39574e-28 -1.83818e-15 -1.84095e-27  2.53421e-15  5.49495e-27 -2.73589e-15 -1.43891e-26  2.19045e-15  3.31117e-26 -1.12533e-15 -6.69905e-26  1.47374e-16  1.19041e-25  2.74706e-16 -1.85251e-25 -1.94453e-16  2.51032e-25 -6.72462e-19 -2.93247e-25  5.75799e-17  2.90111e-25 -1.42527e-17 -2.35039e-25 -1.31268e-17  1.44756e-25  5.13367e-18 -5.33177e-26  3.00744e-18 -6.33935e-27 -1.20388e-18  2.08648e-26 -7.40753e-19 -1.53717e-27  1.88557e-19 -2.68835e-26  1.75514e-19  4.35386e-26 -7.39764e-21 -4.19715e-26 -3.33676e-20  2.85088e-26 -6.05295e-21 -1.34266e-26  3.91762e-21  3.32197e-27  1.93422e-21  8.51945e-28 -2.01009e-23 -1.38693e-27 -2.60735e-22  7.60836e-28 -7.54966e-23 -2.32435e-28  6.44194e-24  2.57893e-29   9.9214e-24  9.60182e-30  2.50465e-24 -4.32037e-30 -8.47381e-26  4.03442e-31 -2.28457e-25  7.36606e-32 -6.50822e-26  2.01613e-32 -4.90224e-27  -1.1781e-32  2.39026e-27 -4.74563e-33  9.61016e-28  2.65804e-33  1.60284e-28  1.30623e-34  3.90906e-30 -2.20542e-34 -4.80033e-30 -5.90238e-36  -1.3178e-30  1.48499e-35 -1.79911e-31 -1.31242e-37 -9.38959e-33 -3.25166e-37  1.53807e-33 -5.64137e-38  4.39231e-34  7.38027e-39  5.56979e-35 -2.98659e-39  4.12387e-36  8.96317e-40  1.21026e-37  1.04697e-40 -9.71519e-39 -5.62739e-42 -1.47315e-39  -2.6001e-42 -8.88581e-41 -5.98021e-44 -3.42927e-42  5.83981e-45  -6.1041e-44 -4.95575e-47 -6.33872e-46 -5.21766e-48
 1.46467e-35  3.25221e-22  5.84145e-35 -9.80375e-21  -1.2017e-34   1.5405e-19  1.41147e-33 -1.58465e-18 -2.01616e-32  1.17675e-17  2.07628e-31 -6.65424e-17  -1.7083e-30   2.9592e-16  1.16145e-29 -1.05595e-15 -6.68715e-29   3.0599e-15  3.30928e-28 -7.24119e-15 -1.41979e-27  1.39901e-14  5.30867e-27 -2.19105e-14   -1.736e-26  2.73501e-14  4.97792e-26 -2.62792e-14 -1.25402e-25   1.7962e-14   2.7785e-25  -6.7404e-15 -5.41523e-25 -1.11231e-15  9.27233e-25  2.88533e-15 -1.39047e-24 -1.07286e-15   1.8152e-24 -4.56475e-16 -2.04098e-24  4.50874e-16  1.93875e-24    2.826e-17 -1.49755e-24 -1.25259e-16  8.57267e-25   3.4254e-18 -2.47883e-25  3.06199e-17 -1.34333e-25 -9.72133e-20  2.28346e-25 -6.81772e-18 -1.17572e-25  -7.2282e-19 -4.90405e-26   1.2603e-18  1.55467e-25  3.59521e-19 -1.67847e-25 -1.51699e-19  1.18278e-25 -9.51601e-20  -5.6904e-26  2.27033e-22  1.51036e-26  1.41372e-20  2.23421e-27  3.95108e-21 -4.69662e-27 -6.58317e-22  2.51458e-27 -6.70923e-22 -6.94397e-28 -1.34996e-22  4.16628e-29  2.58768e-23  3.94593e-29  2.07875e-23 -1.14481e-29  4.36425e-24 -3.75247e-31 -2.43285e-25   4.0273e-31 -3.82759e-25  1.83383e-31 -1.01418e-25 -7.46664e-32 -8.49686e-27 -1.80375e-32  2.67098e-27  1.11534e-32  1.12805e-27  3.86941e-34  1.98148e-28 -7.67116e-34  1.21908e-29 -4.90173e-35 -2.88968e-30  4.66427e-35 -9.68457e-31  3.09791e-36 -1.45415e-31 -6.47073e-37 -1.16088e-32 -3.44769e-37  3.33654e-36 -5.45006e-39  1.35519e-34 -7.53087e-39  1.98161e-35  3.31604e-39  1.59282e-36  3.83337e-40  7.49537e-38 -1.26653e-41  1.30181e-39 -6.58357e-42 -6.90474e-41 -1.94121e-43 -5.91232e-42  2.38579e-45 -1.49742e-43 -2.59938e-46 -1.25394e-45
-2.26395e-22  5.84145e-35  1.22017e-20  1.40003e-34 -2.55967e-19 -1.17314e-33  3.22831e-18  1.86224e-32 -2.82337e-17 -2.24698e-31  1.83818e-16  2.05652e-30 -9.28402e-16 -1.52234e-29  3.73169e-15  9.47982e-29 -1.21274e-14 -5.08525e-28  3.21481e-14  2.37743e-27 -6.97163e-14 -9.73094e-27  1.23294e-13  3.49235e-26 -1.75907e-13  -1.0999e-25  1.97858e-13  3.04261e-25 -1.67209e-13  -7.3994e-25  9.40577e-14  1.58297e-24 -1.95018e-14 -2.97868e-24 -1.83029e-14   4.9235e-24  1.66246e-14 -7.12581e-24 -1.79824e-15  8.97554e-24 -4.36443e-15 -9.73207e-24  1.69642e-15  8.90312e-24  8.82981e-16 -6.59665e-24 -5.59885e-16  3.56528e-24 -1.88868e-16 -8.46468e-25  1.37068e-16 -7.85335e-25  4.91705e-17  1.17663e-24 -2.58962e-17 -7.39084e-25 -1.34254e-17  8.33673e-26  2.98423e-18  3.53406e-25  3.05999e-18 -4.54458e-25  1.32618e-19  3.34697e-25 -4.73349e-19 -1.63759e-25 -1.42166e-19  4.50217e-26  2.96104e-20   4.1688e-27  2.76842e-20 -1.13899e-26  4.53482e-21  5.88156e-27 -1.82864e-21 -1.43294e-27 -1.05718e-21 -5.16778e-30 -1.53128e-22  1.05523e-28   4.7055e-23 -1.82583e-29  2.75049e-23 -4.83378e-30  5.09995e-24  1.11952e-30 -2.84333e-25  7.47433e-31 -3.96115e-25 -2.57277e-31   -1.015e-25 -5.11725e-32 -9.94463e-27  3.22768e-32  1.57079e-27  1.02795e-33  7.83689e-28  -1.8885e-33  1.46087e-28 -2.14461e-34  1.29782e-29  9.81993e-35  -5.4093e-31    1.791e-35 -3.66781e-31 -1.71445e-37 -6.10303e-32 -1.18625e-36 -5.76187e-33 -9.23585e-38 -2.61923e-34 -1.36064e-38  1.02525e-35  8.09464e-39  2.77907e-36   9.7329e-40  2.36534e-37  -8.1471e-42  1.15074e-38 -1.06909e-41  3.20233e-40 -4.13003e-43  2.88404e-42 -9.40567e-45 -2.51359e-44 -3.57121e-46
-1.68598e-35 -9.80375e-21  1.40003e-34  3.00492e-19  5.04918e-34 -4.80466e-18 -1.25765e-32  5.03338e-17  1.88758e-31 -3.81016e-16 -1.97813e-30  2.19856e-15  1.58684e-29 -9.98872e-15  -1.0435e-28  3.64645e-14  5.89495e-28 -1.08276e-13 -2.93554e-27  2.63088e-13  1.29901e-26 -5.23227e-13 -5.09895e-26  8.46474e-13  1.76761e-25 -1.09715e-12 -5.39399e-25  1.10438e-12  1.44686e-24 -8.06296e-13  -3.4108e-24  3.48013e-13   7.0678e-24  1.13334e-14 -1.28715e-23 -1.23529e-13  2.05756e-23  6.03791e-14 -2.87822e-23  1.33056e-14  3.50227e-23 -2.22855e-14 -3.66695e-23  1.52809e-15  3.23728e-23  5.85885e-15 -2.31077e-23 -9.88047e-16  1.19404e-23 -1.42776e-15 -2.48783e-24  2.20255e-16 -2.92599e-24  3.37618e-16  4.17054e-24  -1.3867e-17  -2.8089e-24 -7.10721e-17  8.05396e-25 -9.38922e-18  5.53412e-25   1.1134e-17 -9.61023e-25  4.11068e-18  7.48171e-25 -7.91002e-19  -3.7186e-25 -8.31686e-19  1.03785e-25 -1.20611e-19  6.87042e-27  7.43263e-20 -2.29432e-26  3.71941e-20  1.12912e-26  3.09999e-21 -2.36002e-27 -2.90191e-21  -1.9832e-28 -1.21601e-21  2.16898e-28  -1.3212e-22 -1.63129e-29   5.5045e-23 -1.62089e-29  2.67151e-23  2.13273e-30  4.63111e-24  2.09618e-30 -1.63451e-25 -6.52947e-31 -2.87571e-25  -1.2163e-31 -7.36212e-26  7.55992e-32 -8.38136e-27  2.81183e-33  4.09902e-28  -3.8379e-33  3.53558e-28 -6.76827e-34   7.1034e-29  1.55659e-34  7.62575e-30   5.9375e-35  2.37325e-31   2.9144e-36 -6.93191e-32 -2.97206e-36 -1.42791e-32 -3.36319e-37 -1.46408e-33 -2.15362e-38 -8.86527e-35  1.51989e-38 -2.30566e-36  1.94518e-39  1.04595e-37  2.76994e-41  1.30098e-38 -1.24885e-41  5.63544e-40 -6.23281e-43  1.04779e-41 -1.86305e-44  6.61012e-44
 4.67088e-21  -1.2017e-34 -2.55967e-19  5.04918e-34  5.46391e-18  4.34615e-33 -7.01789e-17 -1.25032e-31  6.25608e-16  1.66704e-30 -4.15584e-15 -1.50909e-29  2.14403e-14  1.04033e-28 -8.81422e-14 -5.92705e-28  2.93415e-13  2.97011e-27 -7.98169e-13 -1.35612e-26  1.78024e-12  5.67403e-26 -3.24774e-12 -2.14899e-25  4.79986e-12  7.25782e-25 -5.62918e-12  -2.1636e-24  5.02092e-12  5.66563e-24 -3.07645e-12 -1.30136e-23   8.5899e-13  2.62196e-23  4.42752e-13 -4.63396e-23 -5.45693e-13  7.17775e-23  1.18906e-13 -9.71765e-23  1.22833e-13  1.14347e-22 -7.07018e-14 -1.15713e-22 -1.98925e-14  9.87035e-23  2.19787e-14 -6.80591e-23  3.45951e-15  3.39226e-23 -5.51578e-15 -6.63375e-24 -9.78591e-16 -8.25319e-24  1.16488e-15  1.15098e-23  3.41879e-16 -7.99083e-24 -1.83636e-16  2.94482e-24 -9.85107e-17  4.94154e-25  1.24034e-17 -1.67668e-24  1.95393e-17  1.40382e-24  2.98801e-18 -7.10113e-25 -2.08768e-18  1.98795e-25 -1.00875e-18  1.15558e-26  -3.1064e-20 -4.08291e-26   1.1065e-19  1.89666e-26  3.79487e-20 -3.30786e-27  8.03872e-22 -6.08631e-28 -3.26028e-21  3.66648e-28 -1.10293e-21  4.61596e-30 -9.74448e-23  -3.6524e-29  4.61276e-23  3.07701e-30  2.01308e-23  4.64377e-30  3.42111e-24 -1.37558e-30 -6.94201e-27 -2.54725e-31 -1.50619e-25  1.54169e-31  -3.9803e-26  7.63903e-33 -5.11601e-27 -6.90983e-33 -9.92597e-29 -1.72611e-33  1.00346e-28  1.84562e-34  2.29182e-29  1.47351e-34  2.74045e-30   1.1253e-35  1.72142e-31  -5.9835e-36  -2.0573e-33 -8.13179e-37 -1.69737e-33 -3.30335e-38 -1.91989e-34  2.35189e-38 -1.21582e-35  3.21629e-39  -4.4595e-37   1.0246e-40 -6.60383e-39 -1.06019e-41  1.19791e-40 -6.77627e-43   4.8435e-42  -1.5273e-44
 5.26391e-35   1.5405e-19 -1.17314e-33 -4.80466e-18  4.34615e-33   7.8235e-17  4.39788e-32 -8.35379e-16 -1.16981e-30  6.45166e-15  1.37317e-29 -3.80222e-14 -1.06622e-28  1.76648e-13  6.19937e-28 -6.60355e-13 -2.95829e-27  2.01127e-12   1.2618e-26 -5.02287e-12 -5.12645e-26  1.02938e-11  2.01199e-25 -1.72203e-11 -7.41175e-25  2.31977e-11  2.47126e-24 -2.44754e-11 -7.28624e-24  1.90625e-11  1.88058e-23 -9.30769e-12 -4.23788e-23  7.25211e-13  8.34149e-23  2.69419e-12 -1.43531e-22  -1.7068e-12  2.15883e-22  -1.0562e-13 -2.83264e-22  5.56431e-13  3.22601e-22 -1.13341e-13 -3.15694e-22 -1.35242e-13   2.6034e-22  4.61428e-14  -1.7365e-22  3.21179e-14  8.39412e-23  -1.1339e-14 -1.62018e-23 -8.01222e-15 -1.89439e-23  1.78745e-15  2.62441e-23  1.91124e-15 -1.84769e-23 -4.40169e-17  7.65323e-24 -3.66722e-16 -2.89543e-25 -7.25166e-17 -2.46791e-24  4.32791e-17  2.28437e-24  2.25592e-17 -1.18226e-24 -2.26277e-20  3.29731e-25 -3.05376e-18  2.09011e-26 -9.16853e-19 -6.63733e-26  7.07104e-20  2.89469e-26  1.20209e-19  -4.1399e-27  3.12447e-20   -1.232e-27 -8.25302e-22  5.26142e-28 -2.81053e-21  4.91442e-29 -8.21856e-22 -6.43292e-29 -6.70441e-23  3.58385e-30  2.87039e-23  8.70747e-30  1.19981e-23 -2.56998e-30  2.06506e-24 -4.87167e-31  7.03419e-26  2.85303e-31 -5.56229e-26  1.94026e-32 -1.59324e-26 -1.14583e-32 -2.24494e-27 -3.75653e-33 -1.34407e-28  1.32531e-34  1.43871e-29  2.99539e-34  4.68194e-30   2.7428e-35  6.07727e-31 -1.01902e-35  4.61996e-32 -1.54075e-36  1.66188e-33 -4.94815e-38  -5.6438e-35  3.13645e-38 -1.12802e-35  4.52033e-39 -6.94079e-37   1.9576e-40 -2.23551e-38 -6.05575e-42 -3.41842e-40 -5.16647e-43 -1.53961e-42
-5.78918e-20  1.41147e-33  3.22831e-18 -1.25765e-32 -7.01789e-17  4.39788e-32  9.18736e-16  4.31839e-31 -8.35548e-15 -1.04512e-29  5.66841e-14  1.07839e-28 -2.98999e-13 -7.21389e-28  1.25844e-12  3.53028e-27 -4.29547e-12 -1.37469e-26  1.20034e-11  4.70115e-26 -2.75652e-11 -1.59142e-25   5.1931e-11  5.70562e-25 -7.95853e-11 -2.07031e-24  9.73999e-11  6.98447e-24 -9.16957e-11 -2.08043e-23    6.095e-11  5.37204e-23 -2.12252e-11 -1.19935e-22 -5.53492e-12  2.32067e-22  1.06125e-11   -3.903e-22 -3.53483e-12  5.71434e-22  -1.9155e-12 -7.27722e-22   1.6639e-12  8.02755e-22  1.71883e-13 -7.59901e-22 -4.89165e-13  6.05869e-22 -8.96052e-17 -3.91044e-22  1.24039e-13    1.838e-22  2.13301e-15 -3.60355e-23 -2.83789e-14 -3.67638e-23 -3.44781e-15  5.11352e-23  5.37756e-15 -3.62439e-23   1.6129e-15   1.6074e-23 -6.62972e-16 -2.39959e-24 -4.30916e-16 -3.05567e-24  1.35479e-19  3.28539e-24  6.55773e-17 -1.75697e-24   1.8559e-17  4.86678e-25 -3.16226e-18  3.89025e-26 -3.23278e-18   -1.006e-25 -6.52277e-19   4.1164e-26  1.28883e-19 -4.88737e-27  1.03079e-19 -1.92776e-27  2.16955e-20  6.46629e-28 -1.23581e-21  1.06801e-28 -1.92785e-21 -9.32732e-29 -5.13053e-22  3.91872e-30 -4.38648e-23  1.44249e-29  1.31834e-23  -4.4374e-30  5.64549e-24 -8.72926e-31  1.00221e-24  4.90093e-31  6.57522e-26  4.45472e-32 -1.30917e-26 -1.77887e-32 -4.57528e-27 -7.17996e-33 -6.94606e-28 -5.88718e-35 -5.72976e-29  5.20828e-34 -6.07448e-31  5.24009e-35  5.25422e-31 -1.51682e-35  7.88761e-32 -2.44259e-36  6.32352e-33 -6.83691e-38  2.99231e-34  3.73409e-38   6.1791e-36  5.48625e-39 -1.43942e-37  2.65436e-40 -1.19667e-38 -1.50935e-42  -2.4157e-40 -2.44552e-43
-1.24036e-33 -1.58465e-18  1.86224e-32  5.03338e-17 -1.25032e-31 -8.35379e-16  4.31839e-31  9.10008e-15  4.02322e-30 -7.17702e-14 -8.74583e-29  4.32416e-13  7.96566e-28  -2.0564e-12 -4.66543e-27  7.88025e-12  1.96023e-26 -2.46452e-11 -6.25367e-26  6.33294e-11   1.6203e-25  -1.3389e-10 -3.99099e-25  2.31867e-10   1.1944e-24 -3.24963e-10 -4.39308e-24  3.59602e-10  1.59256e-23 -2.98494e-10   -5.007e-23  1.62901e-10  1.32769e-22 -2.84385e-11 -2.98084e-22 -3.70105e-11  5.71874e-22  3.07924e-11 -9.44761e-22 -2.30159e-12   1.3503e-21 -8.75445e-12 -1.67165e-21  3.14472e-12  1.78742e-21  1.87537e-12 -1.63689e-21 -1.11467e-12  1.26132e-21 -4.13425e-13 -7.87293e-22  2.85707e-13  3.59948e-22  1.08629e-13  -7.2521e-23 -5.61778e-14 -6.16749e-23 -3.00846e-14  8.69295e-23  6.78173e-15 -6.18895e-23  7.04683e-15  2.88297e-23   2.7629e-16 -6.43086e-24 -1.13337e-15 -3.03675e-24 -3.36044e-16  4.21745e-24  7.63993e-17 -2.37027e-24  6.86687e-17  6.51732e-25  1.07853e-17  7.03687e-26 -4.84274e-18 -1.44093e-25 -2.70756e-18  5.54517e-26  -3.7464e-19 -5.82707e-27  1.29318e-19 -2.38266e-27   7.2592e-20  6.67414e-28  1.31383e-20  1.44252e-28 -8.65272e-22 -1.12516e-28 -1.06647e-21   5.8292e-30   -2.691e-22  2.17584e-29 -2.59007e-23  -7.2577e-30  4.20795e-24 -1.48548e-30  2.05783e-24  7.89172e-31  3.80808e-25  9.13968e-32  3.40507e-26 -2.58298e-32 -1.17352e-27 -1.22408e-32 -8.81303e-28 -4.34164e-34 -1.46044e-28  7.93557e-34 -1.37308e-29  8.38541e-35 -6.53314e-31 -2.02234e-35  1.45949e-32 -3.35376e-36  5.13564e-33 -8.15906e-38  4.26145e-34  4.07992e-38  1.93247e-35  5.79278e-39   4.7667e-37  2.75184e-40  4.62671e-39  9.09587e-43  -9.0247e-42
 4.97119e-19 -2.01616e-32 -2.82337e-17  1.88758e-31  6.25608e-16 -1.16981e-30 -8.35548e-15  4.02322e-30   7.7599e-14  3.44579e-29 -5.38161e-13 -6.66916e-28  2.90539e-12  5.40654e-27 -1.25326e-11 -2.82624e-26  4.39116e-11  1.05053e-25 -1.26196e-10 -2.84784e-25  2.98732e-10  5.54686e-25 -5.81859e-10 -7.67508e-25  9.25695e-10  1.17309e-24 -1.18332e-09 -5.15379e-24  1.17608e-09  2.61651e-23 -8.45338e-10 -9.82446e-23  3.51417e-10  2.82349e-22  2.87865e-11 -6.53633e-22 -1.40465e-10  1.25885e-21  6.50564e-11 -2.05607e-21  1.73781e-11  2.87862e-21 -2.59286e-11 -3.47057e-21  1.35859e-12  3.59984e-21  7.13466e-12  -3.1893e-21 -1.15487e-12  2.37341e-21 -1.79646e-12 -1.43079e-21  2.79564e-13  6.35465e-22   4.3803e-13 -1.31706e-22 -2.10327e-14  -9.0564e-23 -9.57244e-14  1.30635e-22 -1.17845e-14 -9.35781e-23  1.57841e-14  4.55915e-23  5.62067e-15 -1.28253e-23 -1.25355e-15 -1.94578e-24 -1.21021e-15  4.84061e-24 -1.57635e-16 -2.94134e-24  1.17538e-16  8.03024e-25  5.55789e-17  1.20709e-25  3.73016e-18 -1.96908e-25 -4.73889e-18  7.13552e-26 -1.87991e-18 -7.42888e-27 -1.80453e-19 -2.11546e-27  9.43179e-20   5.2676e-28   4.2854e-20  1.02769e-28  7.07879e-21  -1.0919e-28 -3.66841e-22  1.32752e-29 -4.74344e-22  3.05587e-29 -1.17318e-22 -1.13779e-29 -1.28676e-23 -2.40646e-30   7.3124e-25  1.19348e-30  5.58972e-25   1.6749e-31  1.09449e-25 -3.46686e-32  1.15394e-26 -1.87651e-32  3.66964e-28 -9.99105e-34   -9.607e-29  1.07486e-33 -1.94749e-29  1.15464e-34 -1.94118e-30 -2.46554e-35 -1.14664e-31 -4.07177e-36 -3.10255e-33  -7.9016e-38  8.52449e-35  4.15347e-38  1.11539e-35  5.31466e-39  4.15361e-37  2.20929e-40  6.26862e-39  1.03793e-42
  1.3886e-32  1.17675e-17 -2.24698e-31 -3.81016e-16  1.66704e-30  6.45166e-15 -1.04512e-29 -7.17702e-14  3.44579e-29   5.7863e-13  2.64572e-28 -3.56791e-12 -4.55543e-27  1.73874e-11  3.31781e-26 -6.83786e-11 -1.57278e-25  2.19846e-10   5.3094e-25 -5.81976e-10 -1.28136e-24  1.27086e-09  2.00146e-24 -2.28104e-09 -9.69479e-25  3.32963e-09 -4.10374e-24  -3.8673e-09  9.28239e-24  3.41904e-09  1.31694e-23 -2.06698e-09 -1.39441e-22  5.42489e-10   5.0427e-22  3.41391e-10 -1.26256e-21 -3.93054e-10  2.48813e-21  8.01859e-11 -4.05264e-21  9.40149e-11  5.58163e-21 -5.31192e-11 -6.56741e-21 -1.57849e-11  6.61405e-21  1.73674e-11 -5.66867e-21   2.7291e-12  4.07012e-21 -4.54725e-12 -2.36511e-21 -7.67469e-13  1.01769e-21  1.00649e-12 -2.16025e-22  2.79822e-13 -1.16956e-22 -1.69496e-13  1.74893e-22  -8.5601e-14  -1.2683e-22  1.37582e-14  6.50398e-23  1.81626e-14 -2.18044e-23   2.3599e-15  6.56254e-25 -2.13672e-15  4.92615e-24 -9.49836e-16 -3.39756e-24  -1.6345e-18  9.19066e-25   1.1568e-16  1.96555e-25  3.66408e-17 -2.58501e-25 -2.66999e-19  8.76844e-26 -3.54897e-18 -1.01615e-26 -1.11468e-18 -5.20707e-28 -7.82539e-20  1.70835e-28  5.35743e-20  -9.7094e-29   2.1358e-20 -7.21397e-29  3.39574e-21  3.26299e-29 -7.06097e-23  4.06086e-29 -1.66458e-22 -1.71433e-29  -4.1586e-23 -3.69519e-30 -5.09474e-24  1.69195e-30 -6.16081e-26  2.75242e-31  1.04814e-25 -4.22385e-32  2.27152e-26 -2.59558e-32  2.62061e-27 -1.69857e-33  1.59351e-28  1.30509e-33 -1.67043e-30  1.38077e-34 -1.41509e-30 -2.79735e-35 -1.52011e-31 -4.42785e-36 -9.01329e-33 -5.59859e-38 -3.06148e-34  3.92873e-38 -4.43993e-36  4.18646e-39  3.61519e-38  1.32957e-40  1.22263e-39
-3.17476e-18  2.07628e-31  1.83818e-16 -1.97813e-30 -4.15584e-15  1.37317e-29  5.66841e-14 -8.74583e-29 -5.38161e-13  2.64572e-28  3.81955e-12  1.80199e-27 -2.11292e-11 -2.77194e-26  9.35198e-11  1.82912e-25 -3.36763e-10 -7.95218e-25  9.96556e-10   2.4816e-24  -2.4348e-09 -5.52801e-24  4.90932e-09  7.61771e-24 -8.11791e-09 -3.43505e-25  1.08502e-08 -2.99873e-23 -1.13887e-08  8.50743e-23  8.83022e-09 -1.11075e-22 -4.26236e-09 -5.61762e-23  2.43842e-10  7.01246e-22   1.3459e-09 -2.12534e-21  -8.3985e-10  4.42485e-21 -6.14156e-11 -7.27408e-21   2.8823e-10  9.90746e-21 -6.02646e-11 -1.14054e-20 -7.21925e-11  1.11652e-20  2.60858e-11 -9.25786e-21  1.75237e-11  6.40614e-21 -6.82318e-12 -3.57914e-21  -4.5095e-12  1.48636e-21  1.19087e-12 -3.20991e-22  1.13013e-12 -1.32313e-22 -6.56026e-14  2.09357e-22 -2.32201e-13 -1.55651e-22 -3.85644e-14  8.53534e-23  3.05441e-14 -3.34021e-23    1.419e-14  5.08121e-24 -6.18979e-16  4.33176e-24 -2.15775e-15 -3.70235e-24 -5.75802e-16  9.81916e-25  7.73308e-17  3.07117e-25   8.7661e-17 -3.27564e-25  2.03825e-17  1.01899e-25 -1.45736e-18 -1.42237e-26  -2.1585e-18  3.06154e-27  -5.7519e-19 -4.41962e-28 -3.41253e-20 -5.43684e-28  2.41223e-20  4.47687e-30  8.94698e-21  7.19966e-29  1.42295e-21  5.15868e-29  2.33949e-23 -2.47695e-29 -4.42548e-23 -5.34662e-30 -1.16055e-23  2.24141e-30 -1.54368e-24  4.07732e-31 -8.22787e-26 -4.54747e-32  1.10371e-26 -3.23826e-32   3.1674e-27  -2.4101e-33  3.88111e-28   1.4259e-33  2.79624e-29  1.42926e-34  9.50464e-31 -2.99164e-35 -2.96381e-32 -4.34423e-36 -5.44816e-33 -1.85924e-38 -2.98867e-34  3.38276e-38 -8.16227e-36   2.7541e-39 -9.39398e-38  5.28354e-41
-1.26573e-31 -6.65424e-17  2.05652e-30  2.19856e-15 -1.50909e-29 -3.80222e-14  1.07839e-28  4.32416e-13 -6.66916e-28 -3.56791e-12  1.80199e-27   2.2542e-11  1.08828e-26 -1.12708e-10 -1.50487e-25  4.55447e-10  9.06049e-25  -1.5073e-09 -3.64028e-24  4.11595e-09  1.06121e-23  -9.2958e-09 -2.22852e-23  1.73156e-08  2.90762e-23 -2.63568e-08  2.09281e-25  3.21595e-08 -1.16738e-22 -3.02718e-08  3.46288e-22  2.01373e-08 -5.84471e-22  -6.9456e-09  4.83601e-22 -2.03444e-09  5.35665e-22  3.74692e-09 -3.02656e-21 -1.26513e-09  7.07011e-21 -6.95425e-10 -1.19352e-20  6.26187e-10  1.61828e-20  5.59662e-11 -1.82839e-20  -1.9073e-10  1.74254e-20  4.66697e-12 -1.39832e-20  5.01502e-11  9.31457e-21 -7.86597e-13 -4.98863e-21 -1.20438e-11  1.98977e-21 -1.01284e-12 -4.34127e-22  2.45028e-12 -1.28821e-22  6.25539e-13  2.24187e-22 -3.42932e-13 -1.74849e-22 -1.90496e-13  1.05049e-22  1.01499e-14 -4.75381e-23  3.27226e-14  1.14149e-23  7.84503e-15  3.07096e-24 -2.11412e-15 -3.87868e-24 -1.63894e-15  9.78901e-25 -2.71915e-16  4.65391e-25  8.73317e-17 -4.01679e-25  5.45946e-17  1.09583e-25  9.87792e-18 -1.93235e-26 -1.20601e-18  9.26214e-27 -1.09223e-18 -1.34018e-27 -2.60437e-19 -1.31691e-27  -1.5958e-20  1.19095e-28  8.52295e-21  1.39521e-28  3.10246e-21  6.29655e-29  5.04191e-22 -3.41895e-29  2.54124e-23 -7.25921e-30 -8.17011e-24  2.76479e-30 -2.43713e-24   5.4723e-31 -3.44293e-25 -4.10448e-32 -2.61276e-26 -3.62697e-32 -4.82057e-29 -2.96603e-33  2.56349e-28  1.40111e-33  3.48382e-29  1.25708e-34   2.5797e-30 -3.03134e-35  1.11871e-31 -3.85446e-36  2.08542e-33  1.86302e-38 -4.09008e-35  2.56423e-38 -2.75485e-36  1.42887e-39 -3.28212e-38
 1.57114e-17  -1.7083e-30 -9.28402e-16  1.58684e-29  2.14403e-14 -1.06622e-28 -2.98999e-13  7.96566e-28  2.90539e-12 -4.55543e-27 -2.11292e-11  1.08828e-26  1.19917e-10  5.85404e-26 -5.45319e-10 -7.32349e-25  2.02085e-09  4.04635e-24  -6.1662e-09 -1.51025e-23  1.55707e-08    4.137e-23 -3.25455e-08  -8.2736e-23  5.60105e-08  1.05676e-22 -7.83648e-08 -1.18683e-23   8.6917e-08 -3.52197e-22 -7.25634e-08  1.07553e-21  3.99208e-08 -1.94214e-21 -6.93455e-09  2.22117e-21 -9.53628e-09 -7.75683e-22  8.10571e-09 -3.34455e-21 -7.05972e-10  1.00827e-20 -2.36308e-09 -1.79436e-20  9.25509e-10  2.44266e-20  5.04974e-10 -2.71925e-20 -3.40146e-10  2.52869e-20 -1.09844e-10 -1.96559e-20  9.18185e-11  1.25937e-20   2.9681e-11 -6.44477e-21 -1.95795e-11  2.45537e-21 -8.87597e-12  -5.3806e-22  2.81694e-12  -1.0282e-22  2.29181e-12  2.14707e-22 -4.48881e-14 -1.82687e-22 -4.15623e-13  1.23724e-22   -9.992e-14 -6.40338e-23  3.64976e-14  1.94412e-23  2.49612e-14  1.35426e-24  2.71728e-15 -4.02167e-24 -2.21354e-15  9.03456e-25 -1.01148e-15  6.87991e-25 -9.73563e-17 -4.76765e-25  6.37045e-17  1.04383e-25  2.88597e-17  -2.4626e-26   4.3096e-18  1.85845e-26 -6.41152e-19 -2.53779e-27 -4.62762e-19 -2.46805e-27 -1.03071e-19  2.62853e-28 -7.44407e-21  2.40969e-28  2.26877e-21  7.39423e-29  8.67305e-22 -4.49291e-29  1.45278e-22 -9.23706e-30  1.10796e-23  3.16131e-30 -7.91716e-25  6.68267e-31  -3.5915e-25 -2.64361e-32 -5.38382e-26   -3.604e-32 -4.65401e-27 -3.20535e-33 -1.93547e-28  1.23105e-33  6.60804e-30  8.93379e-35  1.61208e-30 -2.89842e-35  1.17574e-31 -3.08479e-36  4.64578e-33  4.15492e-38  9.47129e-35  1.63636e-38  6.52179e-37  5.06171e-40
  9.3803e-31   2.9592e-16 -1.52234e-29 -9.98872e-15  1.04033e-28  1.76648e-13 -7.21389e-28  -2.0564e-12  5.40654e-27  1.73874e-11 -2.77194e-26 -1.12708e-10  5.85404e-26  5.78957e-10   2.8222e-25 -2.40733e-09 -3.21313e-24  8.21264e-09  1.63685e-23 -2.31669e-08 -5.69648e-23  5.41934e-08  1.47106e-22 -1.04916e-07  -2.8131e-22  1.66754e-07  3.55119e-22 -2.13964e-07 -9.37859e-23  2.14427e-07 -8.98787e-22 -1.56169e-07  2.83418e-21  6.62708e-08 -5.22326e-21  5.11262e-09  6.54801e-21 -2.74273e-08  -4.6757e-21  1.34336e-08 -1.88317e-21  3.18125e-09  1.26264e-20 -5.46932e-09 -2.47322e-20  4.90062e-10  3.41812e-20  1.53079e-09 -3.76867e-20 -3.30723e-10  3.43098e-20 -3.94838e-10 -2.58831e-20  8.85574e-11  1.59479e-20  1.00992e-10 -7.77591e-21 -1.18702e-11  2.81529e-21 -2.38684e-11  -6.1779e-22 -1.40965e-12 -5.76936e-23  4.43015e-12  1.85489e-22  1.24464e-12 -1.82603e-22 -4.63144e-13  1.42224e-22 -3.25151e-13 -8.25106e-23 -2.20949e-14  2.86224e-23  3.90308e-14 -4.18749e-25  1.48809e-14 -4.29363e-24  3.76019e-17  7.55416e-25 -1.61896e-15   9.9253e-25 -5.28238e-16 -5.46548e-25  -2.3938e-17  7.87646e-26  3.57844e-17  -2.8924e-26  1.31664e-17  3.12796e-26  1.74037e-18 -4.02818e-27 -2.45943e-19 -4.00026e-27 -1.63081e-19  4.21685e-28 -3.50796e-20  3.77252e-28 -3.05988e-21  8.35241e-29  4.07654e-22 -5.60754e-29   1.8773e-22 -1.10363e-29  3.26007e-23  3.32801e-30   3.0384e-24   7.4493e-31   4.5256e-26 -9.80347e-34 -3.23068e-26 -3.09272e-32 -5.48133e-27 -3.03704e-33 -4.92384e-28  9.53893e-34 -2.60422e-29  4.35152e-35 -5.73535e-31  -2.5838e-35  2.17231e-32 -2.20922e-36  2.02851e-33  4.48606e-38  5.75654e-35  8.21666e-39  4.97041e-37
-6.18013e-17  1.16145e-29  3.73169e-15  -1.0435e-28 -8.81422e-14  6.19937e-28  1.25844e-12 -4.66543e-27 -1.25326e-11  3.31781e-26  9.35198e-11 -1.50487e-25 -5.45319e-10   2.8222e-25  2.55155e-09   1.2272e-24 -9.74544e-09 -1.27823e-23  3.07082e-08  6.02712e-23 -8.02691e-08 -1.96121e-22  1.74191e-07   4.7837e-22 -3.12471e-07 -8.75633e-22  4.58241e-07  1.09121e-21 -5.37472e-07 -4.30079e-22  4.82553e-07 -2.01142e-21 -2.98669e-07  6.60963e-21  8.26959e-08 -1.21979e-20  4.88435e-08  1.57054e-20 -6.05847e-08  -1.3363e-20  1.43675e-08  3.14342e-21  1.42721e-08  1.33505e-20 -9.24852e-09 -3.11904e-20  -2.1488e-09  4.44364e-20  3.09221e-09 -4.88695e-20  2.87613e-10   4.3779e-20 -8.44593e-10 -3.21616e-20 -8.27295e-11  1.90785e-20  2.00844e-10 -8.85153e-21  3.96688e-11  3.03904e-21 -3.82957e-11 -6.69669e-22 -1.48936e-11 -5.27624e-24  4.37317e-12  1.52083e-22  3.72713e-12 -1.82971e-22  2.02828e-13  1.61985e-22 -5.37305e-13 -1.02203e-22 -1.85601e-13  3.81641e-23  1.74919e-14 -1.72766e-24  2.89334e-14 -4.89655e-24  7.20286e-15  5.40592e-25 -7.48748e-16  1.39217e-24 -9.42164e-16 -6.02468e-25 -2.40129e-16  2.57548e-26  -2.5527e-18 -3.09797e-26  1.62817e-17  4.71909e-26  5.21134e-18 -5.77393e-27  6.55731e-19  -5.8548e-27 -6.67023e-20   5.7951e-28 -4.69043e-20  5.42834e-28 -9.99305e-21  9.08026e-29 -1.01762e-21 -6.63761e-29  2.96776e-23 -1.24404e-29  2.94842e-23  3.18723e-30  5.41387e-24  7.59666e-31  5.55157e-25  3.35729e-32  2.77088e-26 -2.13843e-32 -1.01049e-27 -2.48307e-33 -3.16199e-28  6.33008e-34 -2.89361e-29  8.86607e-37 -1.49389e-30 -2.11105e-35 -4.27891e-32 -1.39558e-36 -4.57842e-34   3.3695e-38  4.45167e-36  2.79828e-39
-5.80217e-30 -1.05595e-15  9.47982e-29  3.64645e-14 -5.92705e-28 -6.60355e-13  3.53028e-27  7.88025e-12 -2.82624e-26 -6.83786e-11  1.82912e-25  4.55447e-10 -7.32349e-25 -2.40733e-09   1.2272e-24  1.03161e-08  4.84209e-24 -3.63369e-08 -4.63504e-23  1.06062e-07  2.02946e-22 -2.57404e-07 -6.18817e-22  5.18748e-07  1.42738e-21 -8.62248e-07 -2.50043e-21  1.16487e-06  3.06127e-21  -1.2432e-06  -1.5002e-21  9.87651e-07 -4.02599e-21 -4.96425e-07  1.39539e-20  4.12065e-08 -2.55226e-20   1.5526e-07  3.27857e-20  -1.0641e-07 -2.95874e-20 -2.42471e-09  1.38244e-20  3.62945e-08  1.05936e-20 -9.97514e-09 -3.57525e-20 -8.93789e-09  5.36954e-20   4.2259e-09 -5.95163e-20  2.15445e-09  5.28706e-20 -1.17864e-09 -3.80301e-20 -5.79956e-10  2.17885e-20  2.40532e-10 -9.64255e-21   1.6048e-10  3.16035e-21 -2.71513e-11 -7.08063e-22 -3.77091e-11  3.45866e-23 -2.95947e-12  1.39384e-22  6.04094e-12 -1.94658e-22  2.08289e-12  1.83754e-22 -3.56632e-13 -1.21804e-22 -4.06847e-13  4.71731e-23 -7.73903e-14 -2.05398e-24  2.56638e-14 -6.02113e-24  1.70202e-14  2.69352e-25   2.8922e-15  1.88796e-24 -6.53204e-16 -6.34474e-25 -4.57681e-16 -5.85512e-26 -9.71049e-17 -2.98985e-26  6.26431e-19  6.55965e-26  6.08271e-18 -7.69925e-27  1.77952e-18 -7.90823e-27  2.25541e-19  7.21512e-28 -1.05442e-20  7.25778e-28 -1.06436e-20  9.53266e-29 -2.29809e-21 -7.44659e-29 -2.60317e-22  -1.3329e-29  -7.5259e-24  2.71256e-30  2.94631e-24  7.09779e-31   6.2053e-25  7.31335e-32  6.62626e-26 -9.07788e-33  4.14353e-27 -1.67555e-33  1.01387e-28  3.35528e-34 -6.76475e-30 -2.82883e-35 -7.80641e-31 -1.54973e-35 -3.42039e-32 -7.59926e-37 -7.06211e-34  1.81899e-38 -4.58637e-36
 1.96261e-16 -6.68715e-29 -1.21274e-14  5.89495e-28  2.93415e-13 -2.95829e-27 -4.29547e-12  1.96023e-26  4.39116e-11 -1.57278e-25 -3.36763e-10  9.06049e-25  2.02085e-09 -3.21313e-24 -9.74544e-09  4.84209e-24  3.84288e-08  1.74281e-23 -1.25266e-07 -1.53917e-22   3.3954e-07  6.27521e-22 -7.66344e-07 -1.79627e-21  1.43532e-06  3.92176e-21 -2.20965e-06 -6.57064e-21  2.74349e-06  7.85972e-21 -2.64706e-06 -4.35518e-21  1.82628e-06 -7.30638e-21 -6.80043e-07  2.70617e-20 -1.56743e-07 -4.86921e-20  3.56835e-07  6.13433e-20 -1.41042e-07 -5.59781e-20 -5.96033e-08  3.18861e-20  6.76967e-08   2.8178e-21   7.0934e-10 -3.66336e-20  -2.0713e-08  6.01842e-20  2.35429e-09  -6.8327e-20  5.60266e-09  6.08839e-20 -6.52476e-10 -4.32154e-20  -1.4373e-09  2.40521e-20  2.56494e-11 -1.02491e-20  3.27538e-10  3.28547e-21  4.91792e-11 -7.66134e-22 -5.58768e-11  3.61262e-23 -2.19009e-11   1.7677e-22  4.35466e-12 -2.27089e-22  4.77667e-12  2.06246e-22  7.09841e-13 -1.39469e-22 -4.61717e-13  5.48653e-23 -2.36879e-13 -1.03115e-24 -2.03987e-14 -7.77918e-24  1.93891e-14 -4.53364e-26  8.38784e-15  2.46071e-24  9.85351e-16 -6.32972e-25 -3.66259e-16 -1.72386e-25 -1.89472e-16 -2.53642e-26 -3.54083e-17  8.51184e-26  1.78717e-19 -9.69478e-27   1.8538e-18 -9.98549e-27  5.15717e-19  8.36861e-28  6.77689e-20  9.09686e-28   3.4444e-22   9.7361e-29 -1.79739e-21 -7.91651e-29 -4.07447e-22 -1.37018e-29 -4.91832e-23  1.94522e-30 -2.90386e-24  6.08699e-31  1.11087e-25  1.11993e-31  4.35864e-26  3.57141e-33  4.81997e-27 -8.07065e-34  3.06307e-28  1.11065e-34  1.10382e-29 -4.00564e-35  1.31436e-31 -9.99603e-36 -5.24314e-33 -3.43682e-37 -1.82884e-34   6.3509e-39
  3.0496e-29   3.0599e-15 -5.08525e-28 -1.08276e-13  2.97011e-27  2.01127e-12 -1.37469e-26 -2.46452e-11  1.05053e-25  2.19846e-10 -7.95218e-25  -1.5073e-09  4.04635e-24  8.21264e-09 -1.27823e-23 -3.63369e-08  1.74281e-23  1.32395e-07  5.74873e-23 -4.00611e-07 -4.69959e-22  1.01058e-06  1.78828e-21 -2.12406e-06 -4.81318e-21  3.69865e-06  9.95476e-21 -5.26868e-06 -1.59423e-20  5.99167e-06  1.85382e-20 -5.17888e-06 -1.09764e-20  3.01049e-06 -1.21757e-20 -6.44873e-07  4.87432e-20 -6.65601e-07 -8.56516e-20  6.56555e-07  1.04472e-19 -1.02079e-07  -9.3864e-20 -1.82403e-07  5.77387e-20  9.27843e-08 -1.08663e-20  3.50177e-08 -3.21213e-20 -3.39343e-08  6.21531e-20 -6.64262e-09 -7.42453e-20  9.61872e-09  6.74536e-20  1.86107e-09 -4.77015e-20 -2.27907e-09  2.60067e-20 -6.78763e-10 -1.08791e-20  4.09858e-10  3.57762e-21  2.16028e-10 -8.89592e-22 -3.56474e-11 -2.90375e-23 -4.84193e-11  2.91295e-22 -6.38369e-12 -2.84302e-22  6.02333e-12  2.25444e-22   2.7282e-12 -1.53046e-22  5.19724e-15  6.07435e-23 -3.45748e-13  1.42123e-24 -1.12452e-13 -1.01351e-23  4.51588e-17 -3.89155e-25  1.09093e-14  3.06503e-24  3.56955e-15 -5.91659e-25  2.97822e-16 -3.06586e-25 -1.56386e-16 -1.76271e-26 -6.72302e-17  1.03786e-25 -1.16429e-17  -1.1641e-26 -1.36009e-19 -1.18889e-26   4.4976e-19  9.20533e-28  1.23472e-19  1.07696e-27  1.69013e-20  9.78354e-29  7.46291e-22 -7.97606e-29 -1.99937e-22 -1.36442e-29 -5.23238e-23  9.94498e-31 -6.54486e-24  4.81437e-31 -4.73089e-25  1.44042e-31 -1.21918e-26  1.41357e-32  1.36736e-27 -5.97834e-35  1.84688e-28 -2.09719e-35  1.07898e-29 -3.72461e-35  3.41358e-31 -5.51274e-36  5.05752e-33 -1.20801e-37  1.63781e-35
-5.07484e-16  3.30928e-28  3.21481e-14 -2.93554e-27 -7.98169e-13   1.2618e-26  1.20034e-11 -6.25367e-26 -1.26196e-10   5.3094e-25  9.96556e-10 -3.64028e-24  -6.1662e-09  1.63685e-23  3.07082e-08 -4.63504e-23 -1.25266e-07  5.74873e-23  4.23265e-07  1.74465e-22  -1.1921e-06 -1.32392e-21  2.80398e-06  4.71133e-21 -5.49399e-06 -1.19409e-20  8.89464e-06  2.34156e-20 -1.17055e-05 -3.58313e-20  1.21353e-05  4.03304e-20 -9.27198e-06 -2.45885e-20  4.30164e-06 -1.89232e-20  2.29278e-08  8.22806e-20 -1.65832e-06 -1.40001e-19  9.70713e-07  1.63361e-19  1.19978e-07 -1.41788e-19 -3.77159e-07  8.95531e-20  7.27422e-08 -3.03466e-20  1.02491e-07 -2.07854e-20 -3.68043e-08   5.8193e-20 -2.63809e-08 -7.67569e-20  1.06537e-08  7.26577e-20  7.16996e-09 -5.16736e-20 -2.07053e-09  2.78595e-20 -1.92017e-09 -1.17826e-20  1.53131e-10  4.22186e-21  4.27296e-10 -1.12525e-21   6.4428e-11 -1.87681e-22 -6.19764e-11  5.00776e-22 -2.75409e-11 -3.62619e-22  1.91491e-12  2.35071e-22  4.60607e-12  -1.6047e-22  1.18043e-12  6.46555e-23 -1.92657e-13  5.02495e-24 -1.96937e-13 -1.28588e-23 -4.49703e-14 -7.45813e-25  3.62174e-15  3.62854e-24  4.98461e-15 -5.10455e-25  1.33679e-15   -4.447e-25  8.71582e-17 -7.25242e-27 -5.29018e-17  1.19309e-25 -2.03227e-17 -1.34464e-26 -3.39417e-18 -1.34372e-26 -1.23409e-19  9.74092e-28  8.26333e-20  1.21227e-27  2.35074e-20   9.7927e-29  3.32459e-21 -7.61724e-29  2.29649e-22  -1.3253e-29 -9.08994e-24  1.85703e-32 -4.40109e-24  3.56192e-31 -5.72693e-25  1.64211e-31 -4.30586e-26  2.09114e-32 -1.82241e-27  4.51312e-34 -1.71485e-29 -7.10562e-35  2.53745e-30 -2.66685e-35  1.36725e-31 -2.50124e-36  2.51868e-33 -2.82464e-38
-1.37801e-28 -7.24119e-15  2.37743e-27  2.63088e-13 -1.35612e-26 -5.02287e-12  4.70115e-26  6.33294e-11 -2.84784e-25 -5.81976e-10   2.4816e-24  4.11595e-09 -1.51025e-23 -2.31669e-08  6.02712e-23  1.06062e-07 -1.53917e-22 -4.00611e-07  1.74465e-22  1.25941e-06  4.88743e-22 -3.30952e-06 -3.45068e-21   7.2702e-06  1.15043e-20 -1.32896e-05 -2.74964e-20  1.99965e-05  5.11772e-20 -2.42557e-05 -7.48287e-20  2.27731e-05  8.12401e-20 -1.50707e-05 -4.96731e-20  4.96849e-06 -2.80415e-20  1.96837e-06  1.31206e-19 -3.21265e-06 -2.13839e-19  1.05811e-06  2.35578e-19  6.59534e-07 -1.94182e-19 -5.93954e-07  1.22845e-19 -5.42077e-08 -5.46053e-20   1.9587e-07 -1.51248e-21  -8.1434e-09  4.75089e-20 -5.52539e-08 -7.60864e-20  2.45155e-09  7.69693e-20  1.43393e-08  -5.5348e-20  7.32409e-10  2.97447e-20 -3.20941e-09 -1.31678e-20 -7.06614e-10  5.38167e-21  5.12944e-10 -1.50823e-21  2.53955e-10 -4.59998e-22 -2.70257e-11  8.08588e-22  -4.9822e-11 -4.51006e-22 -1.04193e-11   2.2827e-22  3.93295e-12 -1.60174e-22  2.62113e-12  6.66849e-23  3.76274e-13   9.1638e-24  -1.6508e-13 -1.55226e-23 -9.23677e-14 -1.09464e-24 -1.55857e-14  4.05862e-24  2.41111e-15 -3.97384e-25   1.9086e-15 -5.65383e-25  4.44597e-16  5.24663e-27  2.71136e-17  1.29531e-25 -1.41379e-17 -1.50846e-26 -5.14383e-18 -1.45031e-26 -8.49603e-19  1.00514e-27 -5.17768e-20  1.30502e-27  1.02936e-20  9.84483e-29   3.3738e-21 -6.89474e-29  4.88991e-22 -1.25666e-29  4.01606e-23 -8.11931e-31  1.03217e-24  2.55561e-31 -1.91545e-25  1.69741e-31 -2.93378e-26  2.33436e-32 -2.11846e-27  6.98394e-34 -8.81699e-29 -6.80596e-35 -1.87519e-30 -1.51352e-35 -7.85944e-33 -8.74199e-37  2.08338e-34
 1.07111e-15 -1.41979e-27 -6.97163e-14  1.29901e-26  1.78024e-12 -5.12645e-26 -2.75652e-11   1.6203e-25  2.98732e-10 -1.28136e-24  -2.4348e-09  1.06121e-23  1.55707e-08 -5.69648e-23 -8.02691e-08  2.02946e-22   3.3954e-07 -4.69959e-22  -1.1921e-06  4.88743e-22  3.49703e-06  1.26718e-21 -8.59259e-06 -8.33968e-21  1.76533e-05  2.60887e-20   -3.012e-05 -5.88901e-20  4.20854e-05  1.04175e-19 -4.68989e-05 -1.45611e-19   3.9505e-05  1.52064e-19 -2.19021e-05 -9.13582e-20  3.54463e-06 -4.08434e-20  5.94602e-06  1.99053e-19 -5.10794e-06 -3.06435e-19  4.78333e-07  3.13576e-19  1.59969e-06 -2.40853e-19 -6.86212e-07  1.51012e-19 -3.50796e-07 -8.23841e-20  2.72929e-07  2.66131e-20  7.59508e-08  3.01222e-20  -8.0343e-08 -7.32336e-20  -2.1505e-08  8.10553e-20  1.91453e-08 -5.87482e-20  7.26055e-09  3.15915e-20 -3.29481e-09 -1.51304e-20  -2.1629e-09  7.15933e-21  2.01125e-10  -2.0519e-21  4.56783e-10 -8.54051e-22   8.5392e-11  1.20138e-21 -5.05214e-11  -5.3422e-22 -2.81008e-11  2.00014e-22 -1.71787e-12 -1.51348e-22  3.05764e-12   6.6907e-23  1.20599e-12  1.30019e-23  7.30879e-14 -1.75549e-23 -9.25664e-14  -1.4083e-24  -3.7007e-14    4.257e-24 -4.84859e-15 -2.68377e-25  1.02408e-15 -6.46747e-25  6.17908e-16  1.97044e-26  1.30968e-16  1.32944e-25  8.83751e-18 -1.66091e-26 -2.88055e-18 -1.50348e-26 -1.05899e-18  1.02517e-27 -1.75095e-19   1.3501e-27 -1.40317e-20  9.93604e-29  5.68384e-22 -5.90833e-29   3.3576e-22 -1.15434e-29  5.03976e-23 -1.35879e-30  4.35524e-24  1.90628e-31  2.05446e-25  1.60841e-31  2.71648e-28  2.20036e-32 -6.80509e-28  7.24632e-34 -4.72344e-29 -4.35236e-35 -1.50698e-30 -6.69066e-36 -2.03284e-32 -2.01856e-37
 5.39574e-28  1.39901e-14 -9.73094e-27 -5.23227e-13  5.67403e-26  1.02938e-11 -1.59142e-25  -1.3389e-10  5.54686e-25  1.27086e-09 -5.52801e-24  -9.2958e-09    4.137e-23  5.41934e-08 -1.96121e-22 -2.57404e-07  6.27521e-22  1.01058e-06 -1.32392e-21 -3.30952e-06  1.26718e-21   9.0834e-06   3.0469e-21 -2.09092e-05 -1.87189e-20  4.02218e-05  5.50217e-20 -6.40659e-05 -1.17496e-19  8.30115e-05  1.97901e-19 -8.45973e-05 -2.64711e-19  6.30659e-05  2.65355e-19 -2.75608e-05 -1.53939e-19 -2.24345e-06 -6.04712e-20  1.24607e-05  2.89084e-19 -6.57658e-06 -4.13026e-19 -1.34962e-06  3.84034e-19  2.83763e-06  -2.6783e-19 -3.98966e-07  1.66982e-19 -8.29028e-07 -1.13243e-19  2.46196e-07  6.44289e-20   2.2423e-07  6.99328e-21 -7.42938e-08  -6.9819e-20 -6.21388e-08  8.54806e-20  1.38747e-08 -6.15281e-20   1.6566e-08  3.30669e-20 -4.59167e-10 -1.76202e-20 -3.60368e-09  9.56877e-21  -7.2079e-10 -2.74317e-21  4.88479e-10  -1.3603e-21  2.58227e-10   1.6501e-21 -3.09791e-12 -5.97724e-22 -3.92675e-11  1.49385e-22  -1.2066e-11 -1.33967e-22  9.78397e-13   6.5125e-23  1.70267e-12  1.56734e-23  4.67231e-13 -1.83464e-23 -3.57155e-15 -1.65349e-24 -4.04881e-14   4.1399e-24 -1.29162e-14 -1.44626e-25  -1.4132e-15 -6.71526e-25  3.21458e-16   3.6371e-26  1.68186e-16  1.29081e-25  3.36205e-17 -1.81321e-26  2.67821e-18 -1.50554e-26 -4.06933e-19  1.04593e-27 -1.69797e-19   1.3471e-27 -2.82882e-20  9.97145e-29 -2.60393e-21 -4.77568e-29 -6.24368e-23 -1.01035e-29  1.94586e-23 -1.55482e-30  3.30963e-24   1.5974e-31  2.81684e-25  1.40472e-31  1.41801e-26  1.81921e-32  3.57742e-28  6.09547e-34 -1.08105e-30  -1.9639e-35  -2.9054e-31 -2.16164e-36 -4.17459e-33
-1.83818e-15  5.30867e-27  1.23294e-13 -5.09895e-26 -3.24774e-12  2.01199e-25   5.1931e-11 -3.99099e-25 -5.81859e-10  2.00146e-24  4.90932e-09 -2.22852e-23 -3.25455e-08  1.47106e-22  1.74191e-07 -6.18817e-22 -7.66344e-07  1.78828e-21  2.80398e-06 -3.45068e-21 -8.59259e-06   3.0469e-21   2.2119e-05  6.80326e-21 -4.77828e-05 -3.90549e-20  8.61429e-05  1.08003e-19 -0.000128071 -2.18614e-19  0.000153569  3.51462e-19 -0.000142215  -4.5069e-19  9.18913e-05  4.33012e-19 -2.76368e-05 -2.38597e-19 -1.51306e-05 -9.30408e-20  2.11458e-05  4.03887e-19 -6.13953e-06 -5.24059e-19 -4.91699e-06  4.28577e-19  3.93095e-06 -2.59801e-19  5.71472e-07  1.65637e-19 -1.37866e-06 -1.48533e-19 -1.27559e-09   1.1261e-19  4.04531e-07 -1.99569e-20 -1.47171e-09  -6.7749e-20 -1.07238e-07  9.04188e-20 -9.80567e-09 -6.29287e-20  2.40577e-08  3.36258e-20  6.38369e-09 -2.04506e-20 -3.71403e-09  1.25233e-20 -2.12863e-09 -3.54391e-21   1.2348e-10 -1.94752e-21  3.96557e-10  2.11401e-21  9.91982e-11 -6.32611e-22 -2.65204e-11  8.08055e-23 -2.17946e-11 -1.08633e-22 -3.96835e-12  6.07337e-23  1.08954e-12  1.64952e-23  7.64271e-13 -1.73884e-23  1.57047e-13 -1.79668e-24 -9.96011e-15  3.65879e-24 -1.45379e-14 -4.80055e-26 -3.95818e-15   -6.315e-25 -3.97961e-16  5.56969e-26  7.54483e-17  1.18654e-25  3.77797e-17 -1.97671e-26  7.30491e-18 -1.46396e-26  6.74818e-19  1.07519e-27 -2.77206e-20  1.29889e-27 -1.98199e-20  9.81089e-29 -3.37857e-21 -3.60623e-29  -3.2805e-22 -8.21228e-30 -1.64485e-23 -1.42117e-30  2.57799e-25  1.51742e-31  1.15756e-25   1.1332e-31  9.60502e-27  1.33909e-32  4.20851e-28  4.35398e-34  9.63887e-30 -5.42204e-36  8.22518e-32 -4.28978e-37
-1.84095e-27 -2.19105e-14  3.49235e-26  8.46474e-13 -2.14899e-25 -1.72203e-11  5.70562e-25  2.31867e-10 -7.67508e-25 -2.28104e-09  7.61771e-24  1.73156e-08  -8.2736e-23 -1.04916e-07   4.7837e-22  5.18748e-07 -1.79627e-21 -2.12406e-06  4.71133e-21   7.2702e-06 -8.33968e-21 -2.09092e-05  6.80326e-21  5.05963e-05  1.41144e-20 -0.000102734 -7.57454e-20  0.000173699  1.97308e-19 -0.000240912 -3.79516e-19  0.000266554   5.8436e-19 -0.000222305 -7.20364e-19  0.000120319  6.62717e-19 -1.53356e-05 -3.40854e-19 -3.73286e-05 -1.48348e-19  3.00142e-05  5.44658e-19 -1.72635e-06 -6.25161e-19 -1.02092e-05  4.26139e-19  4.01961e-06 -2.03774e-19  2.41802e-06  1.46182e-19  -1.7123e-06 -1.91671e-19  -5.5998e-07  1.71261e-19  5.23849e-07 -4.79793e-20  1.62365e-07 -6.87562e-20 -1.27288e-07  9.54773e-20 -5.44085e-08 -6.19136e-20   2.1627e-08  3.26568e-20   1.6051e-08 -2.33399e-20 -9.51455e-10  1.58379e-20 -3.33504e-09 -4.39724e-21 -7.31037e-10 -2.56189e-21  3.44176e-10  2.54681e-21  2.18126e-10 -6.38767e-22  2.07345e-11  3.64438e-24 -2.15467e-11 -7.63799e-23 -9.65572e-12  5.28207e-23 -9.37158e-13  1.51471e-23  6.21401e-13 -1.44058e-23  2.89634e-13 -1.81426e-24  4.71762e-14  2.81583e-24 -4.75008e-15  4.09898e-27 -4.34877e-15 -5.29786e-25 -1.06092e-15  7.79039e-26 -1.06958e-16  1.03346e-25  1.24023e-17 -2.15571e-26   6.7795e-18 -1.38811e-26  1.29069e-18  1.11334e-27  1.31676e-19  1.21063e-27  2.66726e-21  9.34453e-29 -1.48187e-21 -2.48562e-29 -2.75666e-22 -5.95447e-30 -2.67379e-23 -1.05569e-30  -1.5355e-24   1.5184e-31 -3.91199e-26  8.44038e-32  1.14949e-27  8.80745e-33   1.2969e-28  2.65412e-34  4.01152e-30 -1.43892e-37  3.75041e-32
