 3.19876e-34  1.22904e-36  3.22744e-34 -4.28237e-36  1.10337e-34 -5.81546e-36 -1.90831e-34 -3.17226e-36  2.27394e-34  4.41078e-36  1.30361e-34  6.50963e-36  2.39133e-34 -7.09476e-36 -4.64308e-35  3.52189e-36  9.29632e-35 -1.68677e-36 -3.49333e-35  7.89704e-37  1.32784e-35  -9.3813e-37 -1.25931e-35  2.18789e-37  3.99449e-36 -3.44843e-37  7.10294e-38  3.72417e-38  5.25563e-36 -4.37944e-38 -2.74652e-35  1.29824e-38  1.30481e-34 -1.94082e-38 -5.70328e-34  6.71671e-39  2.25953e-33  -6.0492e-39 -8.10684e-33  2.93981e-39  2.63234e-32  1.92473e-39 -7.73101e-32 -1.18554e-38  2.05132e-31  4.05064e-38 -4.90818e-31 -1.32309e-37  1.05611e-30  4.00341e-37 -2.03593e-30 -1.12451e-36  3.49836e-30  2.93802e-36 -5.32115e-30 -7.14103e-36  7.09619e-30  1.61466e-35 -8.18365e-30 -3.39584e-35   7.9912e-30  6.64074e-35 -6.37395e-30 -1.20692e-34  3.85668e-30  2.03729e-34 -1.41108e-30  -3.1915e-34 -1.32668e-31  4.63552e-34  5.81928e-31 -6.23603e-34 -3.61823e-31   7.7612e-34  4.59482e-32 -8.92579e-34  7.71984e-32  9.47449e-34 -4.71712e-32 -9.27248e-34  -5.5589e-34  8.35996e-34  1.08137e-32 -6.94019e-34 -2.74723e-33  5.30518e-34  -1.4843e-33  -3.7362e-34  7.21249e-34  2.42653e-34  1.48999e-34 -1.45475e-34 -1.14994e-34  8.05135e-35 -1.35847e-35   -4.105e-35  1.29194e-35  1.91708e-35    1.728e-36 -8.11545e-36 -1.16429e-36  3.06505e-36  -1.5034e-37 -1.01035e-36  4.92904e-38   2.8207e-37  1.58698e-38 -6.37868e-38 -1.56973e-39  1.07738e-38   -5.948e-40 -1.08058e-39 -1.72043e-41 -2.54759e-41  1.07677e-41  3.14357e-41  1.04979e-42 -5.74558e-42  7.11564e-45  5.44252e-43 -1.30732e-44 -2.65218e-44 -9.51374e-47  5.26088e-46  3.13132e-48 -3.49816e-48
 1.22904e-36  1.24367e-33  8.03133e-36  6.31008e-34 -1.87437e-35  7.03683e-35 -1.97097e-35 -6.40851e-34 -8.59647e-37  7.73978e-34  7.47352e-36  1.80563e-34  1.25857e-35  4.74674e-34 -1.83221e-35 -1.03267e-34  7.92544e-36  2.17597e-34 -4.56964e-36 -6.98935e-35  2.32366e-36  2.43567e-35 -2.42642e-36 -2.53822e-35  6.65779e-37  7.77017e-36 -7.05817e-37 -2.80778e-35  1.46153e-37  1.81038e-34 -1.80401e-37 -9.32488e-34   3.2813e-38  4.29799e-33 -3.54733e-38 -1.79326e-32  7.17119e-39  6.77055e-32 -6.53544e-39 -2.31355e-31 -6.88989e-39  7.15329e-31  5.40688e-38 -1.99963e-30  -2.0558e-37  5.04615e-30  6.93237e-37 -1.14695e-29 -2.17406e-36   2.3405e-29  6.33537e-36 -4.26915e-29 -1.71619e-35  6.91938e-29   4.3245e-35 -9.88463e-29 -1.01373e-34  1.23045e-28  2.21045e-34 -1.31236e-28 -4.48227e-34  1.16727e-28  8.44853e-34 -8.23555e-29 -1.47932e-33   4.0868e-29  2.40434e-33 -7.91771e-30 -3.62381e-33 -7.68214e-30  5.05926e-33  8.31579e-30 -6.53447e-33 -3.04172e-30  7.79718e-33 -6.90885e-31 -8.58295e-33  1.17028e-30  8.70313e-33 -3.18205e-31 -8.11831e-33 -1.62722e-31  6.95873e-33  1.17306e-31 -5.47757e-33   4.6416e-33  3.95969e-33 -2.24286e-32 -2.63125e-33  2.39977e-33   1.6103e-33  3.15231e-33 -9.09818e-34 -5.21496e-34  4.75478e-34 -3.65782e-34 -2.29743e-34  5.42258e-35  1.02128e-34  3.68048e-35  -4.1308e-35 -3.27419e-36  1.49337e-35 -2.55341e-36 -4.70759e-36 -6.94135e-38  1.25184e-36  1.36434e-37 -2.67695e-37  1.17961e-38  4.22646e-38 -2.90443e-39 -3.87114e-39 -5.42915e-40 -1.03761e-40  1.85069e-42  9.62596e-41  7.11394e-42 -1.49036e-41  5.39259e-43  1.11945e-42 -2.16118e-44 -3.61304e-44 -1.02069e-45  1.84589e-46 -1.27923e-47
 3.22744e-34  8.03133e-36  2.66769e-33   2.9564e-35  5.83186e-34  -4.8942e-35 -6.86698e-35 -4.42435e-35  -1.3104e-33  1.56569e-35  1.66394e-33  6.52894e-36  1.29964e-34  1.71436e-35  6.51543e-34   -3.095e-35 -1.03019e-34  1.01821e-35  3.26114e-34 -9.58752e-36 -1.11744e-34  5.05647e-36  4.26944e-35 -4.40265e-36 -4.70188e-35  1.40352e-36  1.33388e-34 -9.39386e-37 -8.32682e-34   4.3304e-37  4.55703e-33 -4.36876e-37 -2.22023e-32  4.42892e-38  9.75507e-32 -4.50143e-38 -3.87621e-31 -1.27827e-38  1.39381e-30  4.24209e-38 -4.53598e-30 -1.80841e-37  1.33534e-29  7.14094e-37 -3.55203e-29 -2.51299e-36   8.5213e-29   8.1752e-36 -1.83865e-28 -2.47013e-35  3.55486e-28  6.93918e-35 -6.12716e-28 -1.81299e-34  9.34984e-28  4.40656e-34 -1.25112e-27 -9.96369e-34  1.44799e-27  2.09544e-33  -1.4192e-27 -4.09736e-33  1.13635e-27  7.44496e-33 -6.90232e-28  -1.2561e-32  2.53345e-28  1.96601e-32   2.4405e-29 -2.85139e-32 -1.05992e-28  3.82707e-32  6.62148e-29 -4.74645e-32 -8.47998e-30  5.43062e-32 -1.42685e-29 -5.72194e-32  8.79128e-30    5.542e-32  8.76002e-32 -4.92565e-32 -2.03457e-30  4.01133e-32  5.25755e-31 -2.99032e-32  2.80863e-31  2.04039e-32 -1.39191e-31 -1.27583e-32 -2.81533e-32  7.33114e-33  2.23565e-32 -3.88748e-33  2.63799e-33  1.91072e-33 -2.60303e-33 -8.72284e-34 -3.06396e-34  3.68553e-34  2.22644e-34 -1.42432e-34  3.34823e-35  4.93262e-35 -1.13118e-35 -1.48779e-35  -2.9538e-36  3.76606e-36   2.9994e-37 -7.59448e-37   1.2422e-37  1.11294e-37  3.46605e-39 -9.09738e-39  -2.2476e-39 -3.23859e-40 -2.52431e-40   2.0258e-40  6.26882e-42 -2.58816e-41  2.09785e-42  1.47709e-42  4.53487e-44 -2.59815e-44 -5.59248e-46 -2.17905e-46
-4.28237e-36  6.31008e-34   2.9564e-35  4.41148e-33  7.49641e-35  9.15319e-35 -8.85708e-35 -8.13267e-38 -7.50128e-35 -2.13774e-33    5.201e-35  2.66132e-33  1.85956e-36  3.10004e-35  1.77582e-35  7.07158e-34  -3.8754e-35 -4.01538e-35  7.52753e-36  3.89906e-34 -1.61382e-35 -1.80101e-34  8.73415e-36  1.29589e-34 -6.36808e-36  -4.9464e-34  2.31291e-36  3.07424e-33 -9.31886e-37 -1.76581e-32  1.03819e-36  9.07182e-32 -7.95617e-37 -4.19922e-31  2.27694e-38  1.75636e-30 -3.22464e-38 -6.64603e-30 -1.48939e-37  2.27619e-29  5.30614e-37 -7.05471e-29 -1.99791e-36  1.97708e-28  7.27325e-36 -5.00263e-28 -2.45487e-35  1.14028e-27  7.69411e-35 -2.33382e-27 -2.24114e-34  4.27038e-27  6.07118e-34 -6.94436e-27 -1.52997e-33  9.95506e-27  3.58716e-33  -1.2438e-26 -7.82413e-33  1.33177e-26  1.58714e-32 -1.18939e-26 -2.99286e-32  8.42789e-27  5.24269e-32 -4.20102e-27 -8.52397e-32  8.17031e-28  1.28493e-31  7.98968e-28 -1.79353e-31 -8.69594e-28  2.31458e-31   3.2056e-28 -2.75689e-31  7.23878e-29  3.02493e-31 -1.24419e-28 -3.05104e-31  3.43214e-29  2.82266e-31  1.73707e-29 -2.38994e-31 -1.27435e-29  1.84826e-31  -4.5169e-31 -1.30359e-31  2.45619e-30  8.38138e-32 -2.75579e-31 -4.91817e-32 -3.48321e-31  2.64334e-32  5.97677e-32 -1.30935e-32  4.10949e-32  6.02375e-33 -6.51048e-33 -2.58894e-33 -4.09199e-33  1.03817e-33  3.62798e-34 -3.83575e-34   3.0654e-34  1.27448e-34  3.53143e-36 -3.68258e-35 -1.55149e-35  8.87183e-36 -1.39702e-36 -1.68282e-36  3.49746e-37  2.27315e-37  6.62619e-38 -1.61809e-38 -4.95156e-40 -7.92522e-40 -9.25373e-40  3.33835e-40  -5.3402e-41 -3.43621e-41  1.81157e-42  1.41688e-42   1.5152e-43 -8.27741e-45  1.77604e-45
 1.10337e-34 -1.87437e-35  5.83186e-34  7.49641e-35  6.77064e-33  1.43336e-34 -6.14821e-34 -1.16793e-34  6.78214e-34 -1.00824e-34 -2.99446e-33  1.03089e-34  3.40159e-33 -2.56563e-36  1.30748e-35  1.26796e-35  6.39945e-34 -3.70142e-35  6.10649e-36  2.37397e-37  4.54873e-34  -2.2517e-35 -4.50554e-34  1.22201e-35   1.4981e-33 -7.65842e-36 -9.50982e-33  3.12872e-36  5.74275e-32 -7.59141e-37 -3.11003e-31  2.06228e-36  1.51677e-30 -1.18372e-36 -6.67947e-30 -8.30332e-38  2.66002e-29  1.80963e-37 -9.58706e-29 -1.23334e-36  3.12758e-28  4.79994e-36 -9.23099e-28 -1.78626e-35  2.46213e-27  6.24649e-35 -5.92364e-27 -2.03018e-34  1.28203e-26  6.13188e-34 -2.48665e-26 -1.72204e-33  4.30053e-26  4.49877e-33 -6.58601e-26 -1.09352e-32  8.84633e-26  2.47317e-32 -1.02796e-25 -5.20352e-32  1.01184e-25  1.01812e-31 -8.13891e-26 -1.85143e-31  4.96828e-26  3.12672e-31 -1.83412e-26 -4.89908e-31 -1.75974e-27  7.11303e-31   7.7468e-27   -9.556e-31 -4.87851e-27  1.18587e-30  6.38827e-28 -1.35671e-30  1.05724e-27  1.42778e-30  -6.6027e-28 -1.37876e-30 -3.86414e-30  1.21848e-30  1.53799e-28 -9.82776e-31 -4.07641e-29  7.21523e-31 -2.12791e-29 -4.81115e-31  1.08434e-29  2.91038e-31  2.12425e-30 -1.59849e-31 -1.76073e-30  8.00345e-32 -1.97641e-31 -3.68343e-32  2.08366e-31  1.57703e-32  2.28419e-32  -6.3531e-33 -1.78709e-32  2.41444e-33 -2.70692e-33 -8.54051e-34  9.71281e-34  2.72974e-34  2.31642e-34 -7.57126e-35 -2.49557e-35   1.7363e-35 -1.03877e-35 -3.09016e-36 -2.71278e-37  3.82017e-37   1.9834e-37 -2.30293e-38  2.08056e-38 -1.53265e-39  -6.6762e-40  4.49566e-40 -1.67343e-40 -3.64167e-41 -4.78521e-42  1.01947e-42  6.94875e-44  1.34895e-45
-5.81546e-36  7.03683e-35  -4.8942e-35  9.15319e-35  1.43336e-34  1.00333e-32   2.1795e-34 -1.39289e-33 -1.11672e-34  2.13884e-33 -1.10436e-34 -3.65949e-33  1.53329e-34  3.56809e-33 -2.98785e-36  2.07931e-34  2.58916e-36  5.09111e-34 -2.56752e-35 -1.07513e-34 -8.86046e-36  9.59647e-34 -2.69254e-35  -3.9512e-33  1.38816e-35  2.54804e-32 -7.80808e-36 -1.61602e-31  3.56611e-36  9.23361e-31 -6.39316e-37 -4.74667e-30   3.4471e-36  2.20149e-29 -1.43312e-36 -9.22837e-29 -6.18749e-37  3.50016e-28  2.17561e-36 -1.20172e-27 -9.91208e-36  3.73427e-27  3.84579e-35 -1.04942e-26 -1.39182e-34  2.66309e-26  4.68923e-34 -6.08886e-26 -1.46828e-33  1.25028e-25  4.27412e-33 -2.29564e-25 -1.15725e-32  3.74677e-25  2.91542e-32 -5.39203e-25 -6.83474e-32  6.76471e-25  1.49096e-31 -7.27514e-25 -3.02569e-31  6.52825e-25  5.70953e-31 -4.64998e-25 -1.00118e-30  2.33195e-25  1.62996e-30 -4.58578e-26 -2.46104e-30 -4.45936e-26  3.44153e-30  4.90276e-26 -4.45014e-30 -1.82932e-26  5.31077e-30 -4.04116e-27  -5.8364e-30  7.13267e-27  5.89173e-30 -2.01037e-27 -5.44774e-30 -9.94464e-28  4.59945e-30   7.4836e-28 -3.53392e-30  2.17484e-29  2.46259e-30 -1.45154e-28 -1.55155e-30  1.73575e-29  8.81933e-31  2.07548e-29 -4.52261e-31  -3.7563e-30  2.10058e-31 -2.47372e-30 -8.92695e-32  4.17882e-31  3.53153e-32  2.49073e-31 -1.32615e-32  -2.3809e-32  4.76981e-33  -1.9308e-32 -1.61961e-33 -3.95844e-35  5.00009e-34  9.77395e-34 -1.33517e-34  8.67542e-35  2.91611e-35 -2.32036e-35 -4.85667e-36 -4.29796e-36  5.45285e-37  6.03612e-38 -2.69257e-38  6.08905e-38 -2.37924e-39  3.35344e-39  5.01583e-40 -1.12994e-40 -3.11192e-41 -1.10569e-41  5.42293e-43 -1.10361e-43
-1.90831e-34 -1.97097e-35 -6.86698e-35 -8.85708e-35 -6.14821e-34   2.1795e-34  1.38341e-32  2.73243e-34 -2.35844e-33 -6.92631e-35  4.07296e-33 -1.00931e-34 -3.89214e-33  1.85018e-34  3.01714e-33  6.15675e-37  6.62991e-34 -8.55011e-36  4.65475e-34  -8.6701e-36   -1.213e-33 -1.65341e-35  8.56645e-33 -2.85144e-35  -6.0139e-32  1.24052e-35  4.01557e-31 -6.87059e-36 -2.42178e-30  3.47194e-36  1.31306e-29 -7.57249e-37 -6.41638e-29  4.82856e-36  2.83185e-28 -8.70458e-37 -1.13041e-27 -4.31214e-36   4.0843e-27  1.78444e-35 -1.33593e-26 -7.37201e-35  3.95398e-26  2.77251e-34 -1.05774e-25 -9.68372e-34  2.55277e-25  3.14279e-33 -5.54316e-25  -9.4807e-33  1.07893e-24  2.65974e-32  -1.8729e-24 -6.94224e-32  2.87959e-24  1.68629e-31 -3.88418e-24 -3.81213e-31  4.53387e-24  8.01951e-31 -4.48452e-24 -1.56941e-30   3.6265e-24  2.85564e-30 -2.22735e-24 -4.82766e-30  8.29262e-25  7.57558e-30  7.68626e-26 -1.10209e-29 -3.51805e-25  1.48423e-29  2.24101e-25 -1.84712e-29  -3.0419e-26  2.11979e-29 -4.86204e-26 -2.23783e-29  3.09468e-26  2.16707e-29 -1.99448e-29 -1.91879e-29 -7.23263e-27  1.54779e-29  1.98278e-27  -1.1329e-29  9.99274e-28  7.49242e-30 -5.28408e-28 -4.45843e-30 -9.85937e-29  2.37877e-30  8.66611e-29 -1.13629e-30  8.99328e-30  4.87424e-31 -1.03928e-29 -1.89912e-31 -1.05495e-30   6.8792e-32  9.06353e-31 -2.39027e-32  1.31589e-31  8.12562e-33  -5.1123e-32  -2.6608e-33 -1.14968e-32  7.98356e-34  1.34929e-33  -2.0608e-34  5.41548e-34  4.28956e-35  1.16031e-35 -6.66441e-36 -1.07828e-35  6.73673e-37 -1.06288e-36 -2.61312e-38  3.89019e-38 -3.00285e-39  9.01154e-39   4.6291e-40  2.63923e-40 -2.11706e-41  -4.6334e-42   1.9374e-43
-3.17226e-36 -6.40851e-34 -4.42435e-35 -8.13267e-38 -1.16793e-34 -1.39289e-33  2.73243e-34  1.73321e-32  2.90214e-34 -3.65305e-33  -8.5011e-36  5.77368e-33  -7.9152e-35 -3.54519e-33  1.87876e-34  1.83112e-33  4.38291e-36  1.18679e-33 -1.46879e-35   1.9821e-33  9.23827e-36 -1.62065e-32   -2.065e-35  1.25927e-31 -2.78756e-35 -8.92713e-31  7.43397e-36  5.68843e-30 -5.43712e-36 -3.25499e-29   2.8866e-36  1.67668e-28 -1.00048e-36 -7.79371e-28  4.91652e-36  3.27479e-27  4.86427e-36 -1.24519e-26 -3.05494e-35  4.28655e-26  1.27623e-34 -1.33577e-25 -5.00817e-34  3.76504e-25  1.81475e-33 -9.58474e-25 -6.10477e-33  2.19879e-24  1.90809e-32 -4.53104e-24 -5.54495e-32  8.35088e-24  1.49897e-31 -1.36844e-23 -3.77091e-31  1.97779e-23  8.82954e-31 -2.49268e-23 -1.92429e-30  2.69406e-23  3.90268e-30 -2.43061e-23 -7.36298e-30  1.74195e-23  1.29148e-29 -8.80346e-24 -2.10438e-29  1.76354e-24  3.18203e-29  1.68156e-24  -4.4593e-29 -1.87675e-24  5.78254e-29  7.11947e-25 -6.92508e-29  1.51147e-25  7.64174e-29 -2.77641e-25 -7.74912e-29  8.05304e-26   7.1985e-29  3.84272e-26 -6.10359e-29 -2.99185e-26  4.70412e-29 -6.07063e-28 -3.28011e-29  5.82879e-27   2.0586e-29 -7.54386e-28 -1.15656e-29  -8.3877e-28  5.78678e-30  1.62123e-28 -2.56932e-30  1.00887e-28  1.01326e-30 -1.83655e-29 -3.58934e-31 -1.03205e-29  1.17629e-31  1.09804e-30 -3.74237e-32   8.2011e-31  1.20096e-32  -5.5597e-33 -3.82265e-33 -4.23962e-32  1.12513e-33 -3.56854e-33 -2.82293e-34  1.05788e-33  5.60368e-35  1.87145e-34 -8.08781e-36 -3.81415e-36  7.28278e-37 -2.74175e-36 -2.09824e-38 -1.46784e-37 -3.09561e-39  5.52301e-39   3.4825e-40  5.20461e-40 -1.09799e-41      4.7e-42
 2.27394e-34 -8.59647e-37  -1.3104e-33 -7.50128e-35  6.78214e-34 -1.11672e-34 -2.35844e-33  2.90214e-34  1.97949e-32  2.67054e-34 -5.17343e-33  4.27275e-35  6.54614e-33 -5.53074e-35 -2.65591e-33     1.63e-34  4.77711e-34  2.97688e-36 -7.22128e-34 -1.03213e-35  2.78614e-32  2.48931e-35 -2.37485e-31 -2.02894e-35  1.79159e-30 -2.67138e-35 -1.20831e-29 -3.83044e-37  7.30265e-29  -4.3075e-36 -3.96759e-28   1.8447e-36  1.94316e-27 -1.97696e-38 -8.59663e-27 -2.96856e-36  3.44027e-26  4.49202e-35 -1.24635e-25 -2.04719e-34  4.08829e-25  8.29497e-34 -1.21367e-24 -3.12142e-33   3.2571e-24   1.0885e-32 -7.88739e-24 -3.52483e-32  1.71886e-23  1.06084e-31 -3.35841e-23 -2.96925e-31  5.85356e-23  7.73286e-31 -9.03896e-23  -1.8744e-30  1.22491e-22  4.22933e-30 -1.43698e-22 -8.88272e-30  1.42914e-22  1.73614e-29 -1.16282e-22 -3.15651e-29  7.19449e-23  5.33504e-29 -2.70899e-23 -8.37543e-29 -2.34148e-24  1.21993e-28  1.14814e-23 -1.64634e-28  -7.4247e-24  2.05503e-28  1.05833e-24 -2.36775e-28  1.60473e-24  2.51187e-28 -1.04706e-24  -2.4464e-28  1.00625e-26  2.17983e-28   2.4472e-25 -1.76983e-28 -6.99773e-26  1.30321e-28 -3.36158e-26 -8.65622e-29  1.86284e-26  5.15476e-29  3.24665e-27 -2.73338e-29 -3.08155e-27  1.28146e-29 -2.86538e-28 -5.27778e-30  3.74511e-28  1.90453e-30  3.42743e-29 -6.07314e-31 -3.33226e-29  1.77111e-31 -4.52006e-30 -5.07621e-32  1.93913e-30  1.53607e-32   4.1222e-31 -4.81907e-33 -5.39221e-32  1.41135e-33 -2.03102e-32 -3.46696e-34 -3.07061e-34  6.56541e-35   4.2132e-34 -8.74991e-36  3.93618e-35  6.91902e-37 -1.67308e-36 -1.36308e-38 -3.55902e-37 -2.58832e-39 -9.93597e-39  2.06704e-40  2.05934e-40 -3.82075e-42
 4.41078e-36  7.73978e-34  1.56569e-35 -2.13774e-33 -1.00824e-34  2.13884e-33 -6.92631e-35 -3.65305e-33  2.67054e-34  2.09261e-32  2.17815e-34  -6.5785e-33  6.59182e-35  6.13292e-33 -3.60184e-35 -1.71267e-33  1.19907e-34  2.85929e-33 -7.84472e-36 -4.17687e-32  7.18231e-36  4.06573e-31  3.69506e-35  -3.2708e-30 -1.53052e-35  2.33786e-29 -2.68812e-35 -1.49378e-28 -9.85239e-36  8.56585e-28 -3.86612e-36 -4.42237e-27 -9.39063e-37   2.0606e-26  1.07901e-35 -8.68042e-26 -5.98406e-35  3.30955e-25  3.00889e-34 -1.14258e-24  -1.2748e-33  3.57133e-24  4.97138e-33 -1.00987e-23 -1.79774e-32  2.57965e-23  6.03154e-32 -5.93939e-23 -1.87982e-31  1.22866e-22  5.44666e-31 -2.27378e-22 -1.46801e-30  3.74238e-22  3.68206e-30 -5.43427e-22 -8.59664e-30  6.88379e-22  1.86843e-29 -7.48107e-22 -3.78004e-29  6.79101e-22   7.1166e-29  -4.9017e-22 -1.24626e-28  2.50068e-22  2.02869e-28 -5.14091e-23 -3.06694e-28 -4.73722e-23  4.30108e-28  5.39585e-23 -5.58726e-28  -2.0906e-23  6.71096e-28 -4.18007e-24 -7.43667e-28   8.1169e-24  7.58268e-28 -2.44006e-24 -7.09143e-28 -1.10773e-24  6.05991e-28  9.00772e-25 -4.71064e-28  8.11623e-27  3.31356e-28 -1.75885e-25 -2.09626e-28  2.49615e-26   1.1842e-28   2.5422e-26 -5.92435e-29 -5.30816e-27  2.60035e-29 -3.08401e-27 -9.91529e-30  6.12608e-28  3.25801e-30  3.20883e-28 -9.24069e-31 -3.86342e-29  2.34064e-31  -2.6134e-29 -5.87417e-32  4.42047e-31  1.67419e-32  1.39191e-30 -5.31512e-33  1.07485e-31  1.58451e-33 -3.64757e-32 -3.84816e-34 -6.09742e-33  6.94851e-35  1.68052e-34 -8.47098e-36  9.38112e-35  5.75927e-37  4.78173e-36 -6.70197e-39 -2.09818e-37  -1.7115e-39 -1.81784e-38   9.0428e-41 -1.53449e-40
 1.30361e-34  7.47352e-36  1.66394e-33    5.201e-35 -2.99446e-33 -1.10436e-34  4.07296e-33  -8.5011e-36 -5.17343e-33  2.17815e-34  2.08618e-32  1.63116e-34 -7.55681e-33  5.98448e-35  5.15284e-33 -2.27162e-35 -5.85734e-33  7.04198e-35  6.27699e-32 -2.98852e-35 -6.34818e-31  3.69088e-35  5.46223e-30  4.47996e-35 -4.14327e-29 -6.18058e-36  2.80171e-28 -2.93171e-35 -1.69703e-27 -1.99862e-35  9.24117e-27 -2.39025e-36 -4.53692e-26  -1.5851e-35  2.01231e-25  8.47046e-35 -8.07501e-25  -4.1181e-34   2.9339e-24  1.82375e-33 -9.65333e-24 -7.38872e-33  2.87506e-23  2.76999e-32 -7.74238e-23 -9.63097e-32  1.88177e-22  3.10859e-31 -4.11686e-22  -9.3234e-31  8.07719e-22  2.60019e-30 -1.41406e-21 -6.74656e-30  2.19395e-21  1.62916e-29 -2.98834e-21 -3.66212e-29  3.52522e-21  7.66317e-29 -3.52752e-21 -1.49258e-28  2.89024e-21  2.70519e-28 -1.80367e-21 -4.56017e-28  6.88834e-22  7.14488e-28  5.31132e-23 -1.03954e-27 -2.90011e-22  1.40284e-27  1.91114e-22 -1.75322e-27 -2.89445e-23  2.02537e-27 -4.09291e-23 -2.15775e-27  2.75455e-23  2.11391e-27  -5.8185e-25 -1.89785e-27  -6.4157e-24    1.555e-27  1.92959e-24 -1.15706e-27  8.71611e-25  7.77321e-28  -5.1161e-25 -4.68236e-28 -8.13857e-26  2.50832e-28  8.52567e-26 -1.18331e-28  6.80531e-27  4.85845e-29 -1.05028e-26 -1.71189e-29 -8.32686e-28  5.09602e-30  9.54567e-28 -1.26677e-30  1.18276e-28  2.68147e-31 -5.73494e-29 -5.55192e-32 -1.14264e-29  1.48722e-32  1.69764e-30 -5.06236e-33  5.90295e-31  1.59759e-33  4.40947e-33 -3.88738e-34 -1.28266e-32  6.67847e-35 -1.12955e-33 -7.33459e-36  5.71934e-35  4.14226e-37  1.09455e-35 -1.93791e-39   2.8449e-37 -8.41921e-40 -7.00686e-39  2.45767e-41
 6.50963e-36  1.80563e-34  6.52894e-36  2.66132e-33  1.03089e-34 -3.65949e-33 -1.00931e-34  5.77368e-33  4.27275e-35  -6.5785e-33  1.63116e-34   2.0048e-32  1.20769e-34 -8.44477e-33  3.62331e-35  1.02078e-32  -1.4262e-35 -8.70099e-32   2.3863e-35  9.15152e-31  -6.2359e-35 -8.37959e-30  7.53031e-35  6.75512e-29  4.77864e-35 -4.83971e-28  5.79732e-36  3.09921e-27 -3.32908e-35  -1.7813e-26  -3.1867e-35  9.21891e-26  1.28312e-35 -4.30666e-25 -1.08085e-34  1.81919e-24  5.34867e-34 -6.95616e-24 -2.44727e-33  2.40894e-23   1.0297e-32 -7.55426e-23 -4.00524e-32  2.14357e-22  1.44343e-31 -5.49586e-22 -4.82618e-31  1.27034e-21  1.49856e-30 -2.63892e-21 -4.32467e-30   4.9055e-21  1.16067e-29 -8.11254e-21 -2.89828e-29  1.18408e-20  6.73553e-29  -1.5083e-20 -1.45703e-28  1.64922e-20  2.93382e-28 -1.50742e-20 -5.49799e-28  1.09693e-20  9.58629e-28 -5.65922e-21 -1.55442e-27  1.20251e-21  2.34244e-27  1.05496e-21 -3.27758e-27 -1.23356e-21  4.25313e-27   4.9039e-22 -5.11051e-27  9.01745e-23  5.67506e-27 -1.88663e-22 -5.80981e-27  5.91916e-23  5.46657e-27  2.51887e-23 -4.70989e-27 -2.16201e-23  3.69904e-27  1.05545e-25  -2.6339e-27  4.22079e-24  1.68938e-27 -6.63965e-25  -9.6855e-28 -6.11434e-25  4.91746e-28  1.39434e-25 -2.18595e-28  7.47423e-26  8.38668e-29 -1.64012e-26 -2.72542e-29 -7.91479e-27  7.31165e-30  1.09135e-27 -1.56359e-30  6.62114e-28  2.58114e-31 -1.93156e-29 -3.71197e-32 -3.65056e-29   9.2572e-33  -2.4984e-30 -4.01886e-33  1.00646e-30  1.44937e-33  1.57586e-31 -3.60057e-34 -5.74424e-33  5.85356e-35 -2.57149e-33  -5.6444e-36 -1.22156e-34  2.48771e-37  6.40068e-36  3.26917e-40  5.06232e-37 -2.62189e-40   3.9673e-39
 2.39133e-34  1.25857e-35  1.29964e-34  1.85956e-36  3.40159e-33  1.53329e-34 -3.89214e-33  -7.9152e-35  6.54614e-33  6.59182e-35 -7.55681e-33  1.20769e-34  1.94676e-32  1.00628e-34 -1.63116e-32  1.04621e-35  1.09989e-31 -9.36659e-36  -1.2147e-30 -1.44999e-35  1.18528e-29 -1.02354e-34 -1.01659e-28  1.17571e-34  7.72664e-28  4.53684e-35 -5.23631e-27   1.8392e-35  3.17903e-26 -3.49774e-35 -1.73539e-25 -5.84037e-35    8.542e-25  1.17411e-34 -3.79919e-24 -6.53832e-34  1.52901e-23  3.09217e-33 -5.57262e-23 -1.35199e-32   1.8396e-22  5.45751e-32 -5.49808e-22 -2.03975e-31  1.48612e-21  7.06749e-31 -3.62631e-21 -2.27269e-30  7.96694e-21  6.78861e-30 -1.57014e-20 -1.88489e-29  2.76208e-20  4.86729e-29 -4.30763e-20 -1.16934e-28  5.90024e-20  2.61428e-28 -7.00289e-20 -5.43951e-28  7.05526e-20   1.0533e-27 -5.82619e-20 -1.89786e-27  3.67206e-20  3.18101e-27 -1.42651e-20 -4.95744e-27 -9.22705e-22  7.17905e-27  5.93057e-21 -9.65195e-27 -3.99861e-21  1.20337e-26  6.49983e-22 -1.38915e-26  8.43499e-22  1.48184e-26 -5.89442e-22 -1.45695e-26  2.07806e-23  1.31604e-26  1.36295e-22 -1.08774e-26  -4.3471e-23   8.1859e-27 -1.81967e-23 -5.57577e-27  1.14481e-23  3.41293e-27  1.61458e-24 -1.86121e-27 -1.91951e-24  8.94895e-28  -1.2319e-25 -3.74465e-28  2.39696e-25  1.34072e-28  1.55091e-26 -4.00999e-29 -2.22731e-26  9.64324e-30  -2.4532e-27  -1.7322e-30  1.38435e-27   1.9165e-31  2.55177e-28 -3.90882e-33 -4.38057e-29  5.61246e-34 -1.39115e-29   -2.383e-33   2.4436e-32  1.18502e-33  3.18687e-31 -3.08724e-34  2.61179e-32  4.69506e-35  -1.6056e-33 -3.80242e-36 -2.73925e-34  1.14424e-37  -6.5056e-36  8.01323e-40   1.9505e-37 -2.33565e-41
-7.09476e-36  4.74674e-34  1.71436e-35  3.10004e-35 -2.56563e-36  3.56809e-33  1.85018e-34 -3.54519e-33 -5.53074e-35  6.13292e-33  5.98448e-35 -8.44477e-33  1.00628e-34   2.6795e-32  1.03851e-34 -1.31191e-31 -6.09347e-36  1.48472e-30 -6.81706e-36 -1.54887e-29 -4.26126e-35  1.41586e-28  -1.4544e-34 -1.14322e-27  1.58579e-34  8.20844e-27  3.78778e-35 -5.26865e-26  2.73965e-35  3.03566e-25 -1.81159e-35 -1.57518e-24 -1.80613e-34  7.37893e-24  7.37927e-34 -3.12614e-23 -3.69513e-33   1.1991e-22  1.67648e-32 -4.16631e-22 -7.03086e-32  1.31113e-21  2.72664e-31 -3.73436e-21 -9.79587e-31  9.61265e-21  3.26393e-30 -2.23136e-20 -1.00957e-29  4.65627e-20   2.9011e-29 -8.69752e-20 -7.74942e-29  1.44585e-19  1.92505e-28 -2.12219e-19 -4.44843e-28  2.71982e-19  9.56379e-28 -2.99405e-19 -1.91308e-27  2.75762e-19  3.56029e-27 -2.02523e-19 -6.16334e-27  1.05852e-19  9.92206e-27 -2.34038e-20 -1.48479e-26 -1.92497e-20  2.06421e-26  2.32586e-20 -2.66396e-26 -9.53112e-21  3.18798e-26 -1.56518e-21 -3.53243e-26  3.61569e-21   3.6169e-26   -1.192e-21 -3.41313e-26 -4.67822e-22  2.95822e-26  4.29029e-22 -2.34461e-26 -9.21729e-24  1.69014e-26 -8.35172e-23 -1.10081e-26  1.46916e-23  6.42675e-27  1.20952e-23 -3.33117e-27 -3.04435e-24  1.51518e-27 -1.48776e-24 -5.95981e-28  3.65011e-25  1.98782e-28  1.60453e-25 -5.45939e-29 -2.56015e-26  1.17066e-29 -1.38259e-26 -1.71244e-30  6.09204e-28  7.43009e-32  7.92147e-28  3.85149e-32  4.59212e-29 -9.54695e-33 -2.30505e-29 -5.17965e-34 -3.34595e-30  8.76952e-34  1.59598e-31 -2.48543e-34  5.84281e-32  3.45697e-35  2.53056e-33 -2.17081e-36 -1.62245e-34  2.89229e-38 -1.16733e-35  4.97809e-40 -8.30583e-38
-4.64308e-35 -1.83221e-35  6.51543e-34  1.77582e-35  1.30748e-35 -2.98785e-36  3.01714e-33  1.87876e-34 -2.65591e-33 -3.60184e-35  5.15284e-33  3.62331e-35 -1.63116e-32  1.03851e-34  1.46255e-31  1.25251e-34 -1.68015e-30 -9.69961e-36   1.8728e-29 -4.78107e-36 -1.82851e-28 -6.01757e-35    1.571e-27 -1.86257e-34 -1.19662e-26  1.92952e-34  8.12829e-26  2.82819e-35 -4.94699e-25  1.76035e-35  2.70758e-24  1.02859e-34 -1.33645e-23 -8.55188e-34  5.96166e-23   4.1554e-33 -2.40685e-22 -1.96969e-32  8.80127e-22  8.58026e-32 -2.91572e-21 -3.45567e-31  8.74718e-21  1.28809e-30 -2.37383e-20 -4.44976e-30  5.81715e-20   1.4261e-29 -1.28384e-19 -4.24368e-29  2.54255e-19  1.17325e-28 -4.49605e-19 -3.01507e-28  7.05137e-19  7.20445e-28 -9.71745e-19 -1.60097e-27  1.16109e-18  3.30883e-27 -1.17859e-18 -6.36014e-27  9.81831e-19  1.13687e-26 -6.25819e-19 -1.88943e-26  2.48014e-19  2.91882e-26  1.22016e-20  -4.1898e-26 -1.01176e-19  5.58572e-26  7.00921e-20 -6.91159e-26 -1.23311e-20  7.93013e-26 -1.44674e-20 -8.42548e-26  1.05739e-20  8.27331e-26 -5.50607e-22 -7.48792e-26 -2.41721e-21  6.22385e-26  8.24206e-22 -4.72837e-26  3.14636e-22  3.26374e-26 -2.15044e-22 -2.03176e-26 -2.58511e-23  1.13065e-26  3.62337e-23 -5.56469e-27  1.66459e-24    2.391e-27 -4.58571e-24 -8.82349e-28 -2.18631e-25  2.73516e-28  4.36049e-25 -6.87959e-29  4.11268e-26  1.30938e-29 -2.80959e-26 -1.49974e-30 -4.71529e-27 -6.79489e-32  9.52105e-28  8.08819e-32  2.73829e-28 -1.90374e-32 -3.54389e-30  1.19051e-33 -6.65634e-30  5.96506e-34 -4.99174e-31 -1.91699e-34  3.79245e-32  2.34181e-35   5.7496e-33 -9.73546e-37  1.21453e-34 -9.22889e-39 -4.58057e-36  1.47419e-40
 3.52189e-36 -1.03267e-34   -3.095e-35  7.07158e-34  1.26796e-35  2.07931e-34  6.15675e-37  1.83112e-33     1.63e-34 -1.71267e-33 -2.27162e-35  1.02078e-32  1.04621e-35 -1.31191e-31  1.25251e-34   1.7576e-30  1.57018e-34 -2.09861e-29 -4.04498e-36  2.19285e-28 -9.16587e-37 -2.00839e-27 -6.77671e-35  1.62518e-26 -2.18992e-34 -1.16961e-25   2.1392e-34  7.52582e-25  3.10349e-35  -4.3476e-24 -9.25408e-35  2.26224e-23  7.93381e-34  -1.0629e-22 -4.49862e-33  4.51727e-22   2.1908e-32 -1.73851e-21 -9.93727e-32  6.06201e-21   4.1579e-31 -1.91493e-20 -1.60917e-30  5.47609e-20  5.76734e-30 -1.41566e-19 -1.91644e-29  3.30116e-19  5.90946e-29  -6.9224e-19 -1.69213e-28  1.29983e-18  4.50165e-28 -2.17299e-18 -1.11304e-27  3.20896e-18  2.55819e-27 -4.14011e-18 -5.46606e-27  4.59137e-18  1.08573e-26 -4.26473e-18 -2.00459e-26  3.16449e-18  3.43962e-26 -1.67872e-18 -5.48388e-26  3.88548e-19  8.12177e-26  2.94905e-19 -1.11707e-25 -3.70965e-19  1.42634e-25  1.57424e-19 -1.68997e-25  2.22147e-20  1.85665e-25 -5.85895e-20  -1.8892e-25  2.04304e-20  1.77723e-25  7.26083e-21 -1.54153e-25 -7.21795e-21   1.2281e-25  2.95267e-22 -8.93999e-26  1.39684e-21  5.90683e-26 -2.76792e-22 -3.51308e-26 -2.01618e-22  1.86207e-26  5.65974e-23 -8.69132e-27  2.49058e-23  3.52109e-27   -6.916e-24  -1.2159e-27 -2.73775e-24  3.49181e-28  5.10534e-25 -8.01845e-29  2.43771e-25   1.3512e-29 -1.51454e-26  -1.1615e-30 -1.45713e-26 -1.95479e-31 -6.66467e-28  1.13747e-31  4.49188e-28 -2.63049e-32  5.97034e-29   2.4645e-33 -3.70625e-30  3.90191e-34 -1.12714e-30 -1.44968e-34 -4.33059e-32  1.45821e-35  3.50159e-33 -2.64983e-37  2.28435e-34 -1.52475e-38   1.4293e-36
 9.29632e-35  7.92544e-36 -1.03019e-34  -3.8754e-35  6.39945e-34  2.58916e-36  6.62991e-34  4.38291e-36  4.77711e-34  1.19907e-34 -5.85734e-33  -1.4262e-35  1.09989e-31 -6.09347e-36 -1.68015e-30  1.57018e-34  2.18031e-29  1.91969e-34 -2.44457e-28  2.83064e-36  2.39153e-27  6.56254e-36 -2.05922e-26 -6.66562e-35  1.57215e-25 -2.37064e-34 -1.07057e-24   2.0589e-34  6.53287e-24  1.22848e-34  -3.5856e-23 -7.49428e-34  1.77511e-22  4.48315e-33 -7.94356e-22 -2.31956e-32  3.21777e-21  1.09241e-31 -1.18087e-20 -4.75435e-31  3.92693e-20  1.91149e-30 -1.18285e-19 -7.11228e-30  3.22388e-19  2.45197e-29 -7.93656e-19 -7.84009e-29   1.7602e-18  2.32677e-28 -3.50426e-18 -6.41283e-28   6.2317e-18  1.64199e-27 -9.83316e-18 -3.90667e-27  1.36412e-17  8.63736e-27 -1.64188e-17 -1.77446e-26  1.68042e-17  3.38686e-26 -1.41353e-17 -6.00445e-26  9.12438e-18   9.8851e-26 -3.69933e-18  -1.5108e-25   -1.137e-19  2.14311e-25  1.47095e-18 -2.82104e-25 -1.05182e-18  3.44529e-25  2.01586e-19   -3.903e-25   2.1082e-19  4.09969e-25 -1.62456e-19 -3.98963e-25  1.16396e-20   3.5915e-25  3.65462e-20 -2.98293e-25 -1.34292e-20  2.27658e-25 -4.59067e-21 -1.58747e-25  3.46332e-21  1.00376e-25  3.34705e-22 -5.70113e-26 -5.85625e-22  2.87582e-26 -1.46188e-23 -1.27106e-26  7.50934e-23  4.84335e-27  2.10492e-24 -1.55948e-27 -7.31332e-24  4.13049e-28 -5.58154e-25 -8.62736e-29  4.89435e-25  1.29058e-29  7.33218e-26 -8.23529e-31 -1.77773e-26 -2.69169e-31 -4.59338e-27  1.31157e-31  1.22105e-28 -3.06641e-32  1.19295e-28  3.19184e-33  8.01042e-30  2.69786e-34 -7.68053e-31 -1.09109e-34 -1.03348e-31  8.27049e-36 -1.86464e-33  3.94605e-38  9.25929e-35 -8.04693e-39
-1.68677e-36  2.17597e-34  1.01821e-35 -4.01538e-35 -3.70142e-35  5.09111e-34 -8.55011e-36  1.18679e-33  2.97688e-36  2.85929e-33  7.04198e-35 -8.70099e-32 -9.36659e-36  1.48472e-30 -9.69961e-36 -2.09861e-29  1.91969e-34  2.53465e-28   2.2506e-34 -2.65479e-27  2.85852e-36  2.43681e-26  1.80047e-35 -1.97646e-25 -5.94344e-35  1.42597e-24 -2.27408e-34 -9.19965e-24  1.00834e-34  5.32952e-23  7.13856e-34 -2.78147e-22 -4.27062e-33  1.31101e-21  2.31987e-32 -5.59055e-21 -1.14186e-31   2.1593e-20  5.16832e-31 -7.55803e-20 -2.16024e-30  2.39721e-19  8.34889e-30 -6.88492e-19 -2.98788e-29  1.78807e-18  9.91225e-29 -4.19014e-18 -3.05086e-28  8.83286e-18  8.71729e-28 -1.66794e-17 -2.31326e-27  2.80542e-17  5.70232e-27 -4.17035e-17 -1.30582e-26   5.4196e-17  2.77766e-26 -6.05909e-17  -5.4871e-26  5.68062e-17  1.00632e-25 -4.26354e-17 -1.71276e-25  2.29985e-17  2.70428e-25  -5.6021e-18 -3.95956e-25 -3.85889e-18  5.37485e-25  5.09815e-18 -6.76317e-25  -2.2507e-18  7.88872e-25 -2.58322e-19 -8.53063e-25  8.17481e-19  8.55254e-25 -3.03452e-19 -7.94723e-25 -9.55786e-20  6.83703e-25  1.04843e-19 -5.43255e-25 -6.63571e-21     3.97e-25 -2.01013e-20 -2.65129e-25  4.51505e-21  1.60415e-25  2.88053e-21 -8.69801e-26 -9.11538e-22  4.17164e-26 -3.56375e-22 -1.74267e-26  1.13495e-22  6.22581e-27  3.99607e-23 -1.85999e-27 -8.80173e-24  4.51433e-28 -3.69079e-24 -8.53628e-29   3.1051e-25  1.15012e-29  2.31195e-25 -6.28242e-31  7.28843e-27 -2.65385e-31 -7.58002e-27  1.32563e-31 -9.08573e-28 -3.23274e-32  7.34055e-29  3.40376e-33  1.87832e-29  2.17497e-34  6.15541e-31 -8.11371e-35 -6.54683e-32  4.16256e-36 -3.85927e-33  9.47937e-38  -2.0214e-35
-3.49333e-35 -4.56964e-36  3.26114e-34  7.52753e-36  6.10649e-36 -2.56752e-35  4.65475e-34 -1.46879e-35 -7.22128e-34 -7.84472e-36  6.27699e-32   2.3863e-35  -1.2147e-30 -6.81706e-36   1.8728e-29 -4.04498e-36 -2.44457e-28   2.2506e-34  2.74869e-27  2.53144e-34 -2.69506e-26 -8.53117e-36  2.32602e-25  3.30014e-35 -1.78027e-24 -5.46849e-35  1.21551e-23 -1.34712e-34 -7.43824e-23 -4.55019e-34  4.09476e-22  3.90703e-33 -2.03365e-21 -2.20367e-32  9.13133e-21  1.13376e-31 -3.71224e-20 -5.34604e-31  1.36756e-19  2.32377e-30 -4.56628e-19 -9.33292e-30   1.3814e-18  3.46858e-29 -3.78247e-18 -1.19439e-28  9.35769e-18  3.81427e-28 -2.08635e-17 -1.13046e-27  4.17712e-17  3.11092e-27 -7.47358e-17 -7.95104e-27  1.18707e-16  1.88752e-26 -1.65866e-16 -4.16149e-26  2.01235e-16  8.51876e-26 -2.07822e-16 -1.61845e-25  1.76693e-16  2.85228e-25 -1.15669e-16 -4.66025e-25   4.8109e-17  7.05499e-25  4.53619e-19 -9.89084e-25 -1.85126e-17  1.28371e-24  1.37307e-17 -1.54224e-24 -2.88096e-18  1.71545e-24 -2.64888e-18 -1.76752e-24  2.17183e-18  1.68808e-24   -2.043e-19 -1.49503e-24 -4.78276e-19  1.22734e-24  1.90945e-19 -9.32089e-25  5.71877e-20  6.51973e-25 -4.85691e-20 -4.17016e-25 -3.41509e-21  2.41458e-25   8.2295e-21 -1.24954e-25   8.4785e-24  5.69212e-26 -1.06865e-21  -2.2423e-26 -5.87476e-24  7.47928e-27   1.0668e-22 -2.05896e-27  5.97071e-24   4.5341e-28 -7.42884e-24 -7.71204e-29 -9.67921e-25  9.73677e-30  2.89339e-25 -6.81629e-31  6.65815e-26 -1.84543e-31 -2.88894e-27  1.22127e-31 -1.86195e-27 -3.19758e-32 -1.08661e-28   3.2106e-33  1.35326e-29  2.00781e-34  1.61431e-30 -5.76775e-35  2.32751e-32  1.75567e-36 -1.63407e-33  5.19133e-38
 7.89704e-37 -6.98935e-35 -9.58752e-36  3.89906e-34  2.37397e-37 -1.07513e-34  -8.6701e-36   1.9821e-33 -1.03213e-35 -4.17687e-32 -2.98852e-35  9.15152e-31 -1.44999e-35 -1.54887e-29 -4.78107e-36  2.19285e-28  2.83064e-36 -2.65479e-27  2.53144e-34  2.78696e-26  2.74006e-34 -2.56413e-25 -3.14485e-35  2.08493e-24  5.51086e-35 -1.50822e-23 -9.45415e-35  9.75782e-23  3.29104e-34 -5.66987e-22 -3.26639e-33  2.96856e-21  1.99481e-32 -1.40395e-20 -1.07049e-31   6.0085e-20  5.26417e-31 -2.32965e-19 -2.38126e-30  8.18763e-19  9.94145e-30 -2.60821e-18 -3.83791e-29   7.5257e-18  1.37203e-28 -1.96416e-17 -4.54719e-28  4.62716e-17  1.39827e-27 -9.80945e-17 -3.99174e-27  1.86366e-16  1.05829e-26 -3.15526e-16 -2.60598e-26  4.72404e-16  5.95977e-26 -6.18757e-16 -1.26549e-25  6.97881e-16   2.4938e-25 -6.60982e-16 -4.55794e-25  5.02384e-16  7.72069e-25 -2.76073e-16 -1.21106e-24  7.10905e-17  1.75767e-24  4.36538e-17 -2.35858e-24 -6.12147e-17  2.92469e-24  2.82427e-17  -3.3509e-24   2.4127e-18   3.5486e-24 -9.95547e-18 -3.47682e-24  3.95878e-18  3.15616e-24  1.07603e-18 -2.65843e-24 -1.33278e-18  2.07904e-24  1.18391e-19 -1.50761e-24  2.52145e-19  1.00916e-24 -6.45709e-20 -6.18411e-25 -3.56936e-20  3.42789e-25  1.28824e-20 -1.69285e-25  4.40544e-21  7.31616e-26 -1.63385e-21  -2.7102e-26 -5.04338e-22  8.39416e-27  1.32858e-22 -2.10794e-27  4.85497e-23  4.14291e-28 -5.39926e-24 -6.27241e-29 -3.20409e-24  8.10551e-30 -4.79832e-26 -1.01318e-30  1.12197e-25 -4.95699e-32  1.18925e-26  1.06103e-31 -1.25944e-27  -3.0258e-32 -2.73807e-28  2.74371e-33 -7.18233e-30  1.88808e-34  1.07401e-30 -3.72932e-35  5.69805e-32  5.49424e-37  2.29211e-34
 1.32784e-35  2.32366e-36 -1.11744e-34 -1.61382e-35  4.54873e-34 -8.86046e-36   -1.213e-33  9.23827e-36  2.78614e-32  7.18231e-36 -6.34818e-31  -6.2359e-35  1.18528e-29 -4.26126e-35 -1.82851e-28 -9.16587e-37  2.39153e-27  2.85852e-36 -2.69506e-26  2.74006e-34  2.64869e-25  2.85829e-34 -2.29171e-24 -6.47554e-35  1.75869e-23  1.12878e-34 -1.20417e-22 -4.00201e-34  7.39104e-22  2.63122e-33 -4.08181e-21 -1.70953e-32  2.03412e-20  9.62807e-32 -9.16655e-20 -4.93901e-31  3.74092e-19  2.32696e-30 -1.38377e-18 -1.01021e-29   4.6406e-18  4.05148e-29 -1.41042e-17 -1.50372e-28  3.88108e-17  5.17188e-28 -9.65257e-17 -1.65003e-27  2.16431e-16  4.88664e-27 -4.35963e-16   -1.344e-26  7.85142e-16  3.43369e-26 -1.25598e-15 -8.14868e-26  1.76865e-15  1.79589e-25  -2.1644e-15 -3.67403e-25   2.2573e-15  6.97251e-25 -1.94176e-15 -1.22644e-24  1.29098e-15  1.99745e-24 -5.52285e-16 -3.00872e-24  8.03745e-18  4.18664e-24  2.04085e-16 -5.37603e-24 -1.57851e-16  6.36541e-24  3.63868e-17 -6.94755e-24  2.90013e-17  6.99322e-24 -2.55705e-17 -6.50109e-24  3.05439e-18  5.59501e-24  5.47878e-18 -4.47077e-24 -2.39677e-18  3.32426e-24 -6.11686e-19 -2.29951e-24  6.00051e-19  1.47312e-24  2.46914e-20 -8.65507e-25 -1.01703e-19  4.59621e-25  2.66276e-21 -2.16615e-25  1.33649e-20  8.87056e-26 -2.71728e-22  -3.0798e-26 -1.36861e-21  8.79399e-27 -4.51151e-23 -1.98367e-27  9.93468e-23  3.37405e-28  1.08491e-23 -4.44712e-29  -4.1503e-24  6.97732e-30 -8.41634e-25 -1.56635e-30  5.42569e-26  1.03906e-31  2.55849e-26  8.99411e-32  1.24084e-27 -2.75268e-32 -2.09794e-28  2.12791e-33 -2.21425e-29  1.63765e-34 -2.24013e-31  -2.0657e-35  2.54581e-32  9.13653e-38
 -9.3813e-37  2.43567e-35  5.05647e-36 -1.80101e-34  -2.2517e-35  9.59647e-34 -1.65341e-35 -1.62065e-32  2.48931e-35  4.06573e-31  3.69088e-35 -8.37959e-30 -1.02354e-34  1.41586e-28 -6.01757e-35 -2.00839e-27  6.56254e-36  2.43681e-26 -8.53117e-36 -2.56413e-25  2.85829e-34  2.36502e-24   2.8792e-34 -1.92815e-23  -1.1993e-34  1.39876e-22  3.62158e-34 -9.07693e-22 -2.09268e-33  5.29116e-21  1.38797e-32 -2.77973e-20 -8.24097e-32  1.31942e-19  4.42092e-31 -5.66853e-19 -2.17137e-30  2.20687e-18  9.80803e-30 -7.79006e-18 -4.08698e-29  2.49313e-17  1.57468e-28 -7.22942e-17 -5.61921e-28  1.89686e-16  1.85945e-27 -4.49399e-16 -5.71102e-27  9.58521e-16  1.62903e-26   -1.833e-15 -4.31703e-26   3.1254e-15    1.063e-25 -4.71556e-15 -2.43173e-25  6.22921e-15  5.16619e-25 -7.09318e-15 -1.01865e-24  6.79306e-15   1.8625e-24 -5.23482e-15 -3.15431e-24  2.93599e-15  4.94163e-24 -8.02173e-16 -7.15062e-24 -4.30418e-16  9.54205e-24  6.49092e-16  -1.1725e-23 -3.14397e-16  1.32503e-23 -1.67583e-17 -1.37633e-23  1.06915e-16  1.31458e-23 -4.58314e-17 -1.15673e-23 -1.03773e-17  9.41036e-24  1.49814e-17 -7.11231e-24 -1.76474e-18  5.01671e-24 -2.78328e-18 -3.30732e-24  8.17455e-19  2.02877e-24  3.86605e-19 -1.14433e-24 -1.61323e-19  5.82859e-25 -4.73265e-20 -2.62203e-25  2.08336e-20  1.01604e-25  5.53677e-21 -3.29364e-26   -1.773e-21  8.58935e-27 -5.59101e-22 -1.69727e-27  8.11681e-23  2.33325e-28  3.91359e-23 -2.50275e-29 -1.74461e-25  6.48485e-30  -1.4706e-24 -2.22104e-30  -1.3416e-25  2.40071e-31  1.89487e-26  7.65467e-32  3.52279e-27  -2.3898e-32  6.55125e-29   1.4774e-33   -1.561e-29  1.23741e-34 -7.41554e-31 -9.03857e-36  -1.8961e-33
-1.25931e-35 -2.42642e-36  4.26944e-35  8.73415e-36 -4.50554e-34 -2.69254e-35  8.56645e-33   -2.065e-35 -2.37485e-31  3.69506e-35  5.46223e-30  7.53031e-35 -1.01659e-28  -1.4544e-34    1.571e-27 -6.77671e-35 -2.05922e-26  1.80047e-35  2.32602e-25 -3.14485e-35 -2.29171e-24   2.8792e-34  1.98813e-23   2.8491e-34 -1.53004e-22 -2.82611e-34  1.05078e-21  1.58726e-33 -6.47025e-21 -1.05918e-32   3.5855e-20  6.68876e-32 -1.79329e-19 -3.77492e-31  8.11254e-19  1.93755e-30 -3.32441e-18 -9.11588e-30   1.2351e-17   3.9483e-29 -4.16134e-17 -1.57909e-28  1.27106e-16  5.84444e-28  -3.5162e-16 -2.00494e-27   8.7948e-16  6.38236e-27   -1.984e-15 -1.88686e-26  4.02261e-15  5.18334e-26 -7.29571e-15 -1.32347e-25  1.17605e-14  3.14094e-25 -1.67006e-14 -6.92707e-25  2.06293e-14  1.41893e-24 -2.17453e-14 -2.69742e-24  1.89455e-14  4.75375e-24  -1.2811e-14 -7.75563e-24  5.65134e-15  1.16939e-23 -2.31792e-16 -1.62641e-23 -1.98846e-15  2.08221e-23  1.61344e-15 -2.44874e-23  -4.0958e-16   2.6406e-23 -2.78651e-16 -2.60806e-23  2.67617e-16  2.35972e-23 -3.95964e-17 -1.96016e-23 -5.53837e-17  1.50223e-23  2.67957e-17 -1.07008e-23   5.6092e-18  7.14121e-24 -6.58904e-18 -4.48351e-24 -5.90964e-20  2.63654e-24  1.11479e-18 -1.43066e-24 -6.37274e-20  7.00073e-25 -1.48102e-19 -3.00706e-25  7.41608e-21  1.10112e-25  1.55685e-20  -3.3193e-26  1.06423e-22  7.81214e-27 -1.18028e-21 -1.29323e-27 -1.01912e-22   1.1681e-28  5.29092e-23 -6.66517e-30  9.32441e-24  6.52105e-30 -8.54521e-25 -2.83453e-30 -3.11948e-25   3.3272e-31 -1.16501e-26  6.61675e-32  2.88699e-27 -1.94955e-32  2.68572e-28  8.93046e-34   1.3247e-30  7.80293e-35 -3.53103e-31 -2.65337e-36
 2.18789e-37 -2.53822e-35 -4.40265e-36  1.29589e-34  1.22201e-35  -3.9512e-33 -2.85144e-35  1.25927e-31 -2.02894e-35  -3.2708e-30  4.47996e-35  6.75512e-29  1.17571e-34 -1.14322e-27 -1.86257e-34  1.62518e-26 -6.66562e-35 -1.97646e-25  3.30014e-35  2.08493e-24 -6.47554e-35 -1.92815e-23   2.8491e-34  1.57644e-22  3.06609e-34 -1.14707e-21 -1.00752e-33  7.46756e-21  7.56948e-33 -4.36791e-20 -5.09466e-32  2.30306e-19  3.06484e-31  -1.0974e-18 -1.65363e-30  4.73414e-18  8.12499e-30 -1.85118e-17 -3.66196e-29  6.56509e-17  1.52069e-28 -2.11158e-16 -5.83614e-28  6.15559e-16  2.07438e-27  -1.6243e-15 -6.83897e-27  3.87169e-15  2.09363e-26 -8.31193e-15  -5.9559e-26  1.60072e-14  1.57523e-25 -2.75019e-14 -3.87426e-25  4.18407e-14  8.86074e-25 -5.57806e-14 -1.88388e-24  6.41769e-14  3.72109e-24 -6.22058e-14  -6.8219e-24  4.86621e-14  1.15928e-23 -2.79062e-14 -1.82296e-23  8.11302e-15  2.64714e-23  3.71543e-15 -3.54105e-23 -6.12887e-15   4.3519e-23  3.13089e-15 -4.90015e-23  5.82756e-17  5.04192e-23 -1.02046e-15 -4.73166e-23  4.74642e-16  4.04853e-23   8.5064e-17 -3.16554e-23 -1.50086e-16   2.2762e-23  2.25999e-17 -1.52149e-23  2.72181e-17   9.5768e-24 -9.23057e-18 -5.72361e-24 -3.67493e-18  3.23364e-24  1.80352e-18 -1.69316e-24  4.42153e-19  7.97579e-25 -2.37056e-19 -3.27207e-25 -5.29212e-20  1.13091e-25  2.10773e-20 -3.15972e-26  5.65819e-21  6.61593e-27 -1.06963e-21 -8.37931e-28 -4.23832e-22  2.71003e-30  1.17119e-23  9.16985e-30  1.71889e-23  6.83478e-30  1.29563e-24 -3.28168e-30 -2.52405e-25  3.69851e-31 -4.02435e-26  5.74313e-32 -3.83811e-28 -1.46532e-32  2.02513e-28  4.48352e-34  8.55128e-30  3.86641e-35  6.43016e-33
