 7.43771e-08  7.13145e-22 -8.76668e-07 -1.51568e-20   3.5541e-06  6.71781e-20 -7.28739e-06 -8.06583e-20  7.87494e-06 -1.70858e-19  -3.4759e-06  6.72733e-19 -9.03568e-07 -8.49209e-19  1.06068e-06  2.49484e-19  2.85049e-07  6.23484e-19 -2.30814e-07 -9.34551e-19 -1.34416e-07  6.56815e-19  1.12371e-08 -3.29169e-19  3.69426e-08  1.58702e-19  1.41928e-08 -3.59927e-20 -1.25766e-09 -4.35471e-20  -3.7172e-09  3.58393e-20 -1.78968e-09  1.79709e-21 -2.87921e-10 -1.04826e-20  1.68216e-10  1.54203e-21  1.51578e-10    1.889e-21  6.25494e-11 -2.58823e-22  1.34157e-11 -3.91126e-22 -1.39064e-12  8.41333e-24 -2.75265e-12   8.3129e-23 -1.45306e-12  1.06233e-23 -5.08703e-13 -1.38033e-23 -1.23815e-13 -5.74501e-24 -1.46287e-14  6.77601e-25  4.47404e-15   1.3918e-24  3.80453e-15  4.93456e-25  1.61492e-15 -1.27713e-26   5.1973e-16 -9.38086e-26   1.3773e-16 -4.31254e-26  3.05427e-17 -8.79576e-27  5.51007e-18  1.24792e-27  7.08719e-19  1.92379e-27  1.70685e-20  8.75198e-28 -2.61276e-20  2.48542e-28  -1.0839e-20   4.8485e-29 -3.00691e-21  5.25867e-30 -6.84902e-22  -6.3143e-31 -1.36043e-22 -4.37711e-31 -2.41812e-23 -9.13497e-32 -3.89681e-24  -4.7297e-33 -5.73403e-25  5.51891e-33 -7.73392e-26  3.80943e-33 -9.57897e-27  1.56177e-33 -1.08994e-27  4.62886e-34 -1.13859e-28  1.12144e-34 -1.09032e-29  2.38041e-35 -9.54822e-31   4.3498e-36 -7.62176e-32  6.64238e-37 -5.52197e-33   8.5801e-38 -3.61131e-34  9.58414e-39 -2.11694e-35  9.16921e-40 -1.10222e-36   7.3251e-41 -5.03192e-38  4.83584e-42  -1.9777e-39  2.62266e-43 -6.53824e-41  1.13538e-44  -1.7594e-42  3.72063e-46 -3.63587e-44  8.58742e-48 -5.14781e-46  1.21925e-49 -3.93729e-48  6.88644e-52
 7.13145e-22   1.3183e-06  1.14085e-20 -8.69985e-06 -1.61632e-19  2.61046e-05  5.75791e-19 -4.20478e-05 -6.75667e-19  3.47595e-05 -6.88637e-19 -7.97304e-06  3.05478e-18 -7.50908e-06 -3.68556e-18  2.76266e-06  1.27407e-18  2.26732e-06  1.59688e-18 -2.88853e-07 -2.15986e-18  -6.7152e-07  1.13708e-18 -1.70615e-07 -4.85426e-19  9.15461e-08  3.68871e-19  8.28588e-08 -1.49296e-19  2.12491e-08 -8.87291e-20 -6.55027e-09  9.06706e-20 -8.06793e-09  2.97025e-21 -3.36541e-09 -2.52425e-20 -4.69431e-10  3.54708e-21  3.20415e-10  4.61259e-21   2.7357e-10 -5.85761e-22  1.14844e-10 -9.93134e-22  2.83356e-11  2.16932e-23  7.77149e-13   2.2384e-22 -3.30735e-12  2.68386e-23 -2.04289e-12 -4.19146e-23 -7.97658e-13 -1.78332e-23 -2.31432e-13  2.13646e-24 -4.82049e-14  4.62483e-24  -4.5414e-15  1.80547e-24  1.74381e-15  4.23121e-26  1.24224e-15 -2.94295e-25  4.83281e-16 -1.52124e-25  1.46414e-16 -3.64091e-26   3.7445e-17  1.95541e-27  8.30966e-18   6.1266e-27  1.60889e-18  3.06357e-27  2.68311e-19  9.72664e-28  3.68275e-20    2.326e-28  3.54816e-21  4.25444e-29  1.66534e-23  5.13652e-30 -9.78578e-23  2.97822e-31 -3.04678e-23  4.34492e-32 -6.56986e-24   4.3736e-32 -1.17038e-24   2.7894e-32 -1.81715e-25  1.33354e-32 -2.51497e-26  4.70131e-33 -3.13595e-27  1.26402e-33 -3.53989e-28  2.83159e-34 -3.62248e-29  5.57175e-35 -3.35734e-30  9.44571e-36 -2.80986e-31  1.34414e-36  -2.1135e-32   1.6224e-37 -1.41917e-33  1.68906e-38 -8.43122e-35  1.49912e-39 -4.37943e-36  1.10637e-40  -1.9573e-37  6.70133e-42 -7.36391e-39  3.29148e-43 -2.26341e-40  1.26518e-44 -5.43868e-42  3.57148e-46 -9.47944e-44  6.70903e-48  -1.0302e-45   6.7177e-50 -4.49983e-48
-8.76668e-07  1.14085e-20  1.13885e-05  9.65854e-20 -5.14858e-05 -1.01005e-18  0.000120055  2.97708e-18 -0.000153785 -3.24356e-18  9.37325e-05 -1.77388e-18   6.1093e-07  9.08965e-18 -2.70212e-05 -1.01599e-17   5.2839e-07  3.20177e-18   7.5537e-06  3.33315e-18  1.55123e-06 -3.50374e-18  -1.5029e-06  9.44121e-19 -9.65833e-07   -2.382e-19 -5.14621e-08    6.388e-19  2.03858e-07 -3.64783e-19  1.17052e-07 -1.30544e-19  1.94534e-08   1.6003e-19 -1.33165e-08  3.26784e-21 -1.16518e-08 -4.24849e-20 -4.44837e-09   6.2557e-21 -6.08692e-10  7.82499e-21  3.81627e-10 -1.10901e-21  3.30352e-10 -1.74907e-21  1.43877e-10     1.02e-22  4.04067e-11  4.30935e-22  5.16602e-12  3.28033e-23  -1.9343e-12 -9.73213e-23 -1.70924e-12 -4.00202e-23 -7.60146e-13  5.42058e-24 -2.50676e-13  1.13072e-23 -6.52775e-14  4.69779e-24 -1.29594e-14  3.08134e-25 -1.50135e-15 -6.41464e-25  1.83644e-16 -3.67984e-25  1.82509e-16   -9.749e-26  7.12555e-17  5.98031e-28  2.09799e-17  1.39054e-26  5.20923e-18  7.56398e-27   1.1353e-18  2.62732e-27  2.21087e-19  7.13172e-28  3.87782e-20    1.594e-28  6.13835e-21  2.97545e-29  8.74266e-22   5.1975e-30  1.11018e-22  1.06473e-30   1.2325e-23     2.81e-31  1.14477e-24  9.33399e-32  7.83187e-26  3.28143e-32  1.58552e-27  9.81951e-33 -6.23433e-28  2.37572e-33  -1.3834e-28  4.89797e-34 -1.93039e-29  8.91445e-35 -2.13808e-30   1.4007e-35 -1.99491e-31  1.85481e-36 -1.60004e-32  2.08681e-37 -1.10888e-33  2.01836e-38 -6.62052e-35  1.65522e-39 -3.37364e-36  1.12227e-40 -1.44405e-37  6.18925e-42 -5.06932e-39  2.72462e-43 -1.40977e-40  9.15721e-45 -2.94005e-42  2.16969e-46  -4.1522e-44  3.14089e-48 -3.13105e-46  1.80731e-50
-1.51568e-20 -8.69985e-06  9.65854e-20  6.39288e-05  5.40679e-19 -0.000216648 -4.42471e-18  0.000404346  1.10143e-17 -0.000412237 -1.08956e-17  0.000169298 -3.54893e-18  5.75801e-05  2.08821e-17 -5.86252e-05  -2.1121e-17 -1.75577e-05  5.13048e-18  1.39759e-05  6.51025e-18  8.30821e-06 -4.66932e-18  -9.7366e-07 -3.21776e-19  -2.5277e-06  4.87657e-19 -8.96239e-07  9.53068e-19  1.61899e-07 -6.38597e-19  2.90901e-07 -1.64393e-19  1.26057e-07  2.23383e-19  1.18267e-08  1.07323e-21 -1.80944e-08 -5.67048e-20  -1.3164e-08  9.85324e-21 -4.80619e-09  1.05194e-20 -7.29122e-10 -1.93773e-21  3.16551e-10 -2.38939e-21  3.02572e-10  3.72726e-22  1.39131e-10  6.82228e-22  4.37103e-11  -1.1726e-23  8.78641e-12 -1.99309e-22   1.2528e-13 -7.65387e-23 -8.49674e-13  1.17269e-23 -4.78401e-13  2.31506e-23 -1.79237e-13  1.00319e-23 -5.33476e-14  1.04546e-24 -1.31558e-14  -1.0966e-24 -2.66496e-15  -6.9853e-25 -4.09362e-16 -1.96962e-25 -3.00987e-17 -2.49753e-27  8.30811e-18   2.6738e-26  4.77042e-18  1.54318e-26  1.49542e-18   5.7261e-27  3.70017e-19  1.68469e-27  7.86483e-20  4.17693e-28  1.48462e-20  9.07056e-29  2.52948e-21  1.86705e-29  3.92385e-22   3.9445e-30  5.56834e-23  8.93018e-31  7.24637e-24  2.30551e-31  8.65494e-25  6.44667e-32  9.48481e-26  1.64657e-32  9.52541e-27  3.56875e-33   8.7487e-28  6.73737e-34  7.32789e-29  1.13001e-34  5.57686e-30  1.64152e-35   3.8384e-31  2.01746e-36  2.37516e-32  2.10868e-37   1.3112e-33  1.88735e-38  6.39138e-35  1.42335e-39  2.71244e-36  8.81001e-41  9.83176e-38  4.38544e-42  2.95831e-39  1.70911e-43  7.05951e-41  4.92673e-45  1.23655e-42  9.45354e-47  1.37661e-44  9.61268e-49  6.33395e-47
  3.5541e-06 -1.61632e-19 -5.14858e-05  5.40679e-19  0.000262338  2.21789e-18 -0.000701616  -1.4752e-17   0.00106704  3.14973e-17 -0.000855209 -2.79845e-17  0.000181164 -6.28636e-18  0.000204645  3.97866e-17 -7.58351e-05  -3.5704e-17 -6.43993e-05  5.27702e-18  1.05021e-05  1.16352e-17  2.08599e-05 -5.40193e-18  4.47351e-06 -2.54272e-18 -3.59814e-06  1.44325e-18 -2.79736e-06  1.27446e-18 -5.46961e-07 -8.62977e-19  3.51899e-07 -1.85385e-19  3.19779e-07  2.55007e-19  1.13223e-07 -6.77087e-21  4.06639e-09 -6.27838e-20 -1.89614e-08    1.413e-20  -1.2423e-08  1.15647e-20 -4.49398e-09  -2.9855e-21 -8.09433e-10 -2.42525e-21  1.70199e-10  1.02728e-21   2.1581e-10  9.38073e-22  1.07258e-10  -1.7086e-22  3.71386e-11 -3.77233e-22  9.42184e-12 -1.34623e-22   1.4636e-12  2.11341e-23 -9.57441e-14  4.12905e-23 -1.78547e-13   1.8521e-23 -8.38068e-14  2.61163e-24 -2.83503e-14 -1.50486e-24 -7.89074e-15 -1.08614e-24 -1.88287e-15 -3.14372e-25 -3.89456e-16    1.567e-28 -6.91649e-17  4.75793e-26  -1.0115e-17  2.79203e-26  -1.0512e-18  1.07725e-26 -1.37261e-20  3.32354e-27  2.91549e-20  8.72479e-28  9.79113e-21  2.03526e-28  2.23634e-21  4.45204e-29  4.20122e-22  9.45761e-30  6.86813e-23   2.0046e-30  1.00048e-23  4.50239e-31  1.31339e-24   1.0621e-31  1.56217e-25  2.34942e-32  1.68671e-26  4.55987e-33  1.65249e-27  7.84986e-34  1.46562e-28  1.20816e-34  1.17202e-29  1.61675e-35  8.40158e-31  1.83748e-36  5.35653e-32   1.7768e-37  3.00599e-33  1.46469e-38   1.4645e-34  1.01008e-39  6.08111e-36  5.66541e-41  2.09853e-37  2.51946e-42  5.80167e-39  8.56212e-44  1.21293e-40  2.06388e-45  1.73162e-42  3.03923e-47  1.34103e-44  1.77018e-49
 6.71781e-20  2.61046e-05 -1.01005e-18 -0.000216648  2.21789e-18  0.000839587  7.07833e-18  -0.00183166 -3.92957e-17   0.00229153  7.28567e-17  -0.00139761 -5.78206e-17 -1.98037e-05  -1.0845e-17  0.000444071  6.53478e-17 -2.04338e-05 -5.11845e-17 -0.000135713  2.07343e-18 -2.15197e-05  1.82557e-17  3.22587e-05 -5.43646e-18   1.7844e-05 -5.09225e-18 -8.71404e-07  2.17916e-18  -4.9626e-06  1.52866e-18 -2.36336e-06 -9.18995e-19 -1.43603e-07 -1.80114e-19  4.43257e-07  2.37658e-19  2.94032e-07 -2.31188e-20  8.99829e-08 -5.94523e-20 -2.19255e-10   1.7216e-20 -1.62395e-08  9.82357e-21  -1.0095e-08 -3.76009e-21 -3.71502e-09 -1.09567e-21 -8.02109e-10  2.34504e-21  2.24718e-11  1.16403e-21  1.16127e-10 -5.19477e-22  6.55863e-11 -6.68561e-22  2.49146e-11 -2.26764e-22  7.29339e-12  3.01681e-23  1.64044e-12  6.48485e-23  2.39508e-13  3.01979e-23 -6.60947e-15  5.33805e-24 -2.03288e-14 -1.59338e-24 -9.13532e-15 -1.38742e-24 -2.92333e-15 -3.91622e-25 -7.74598e-16  2.78049e-26 -1.78497e-16  8.19862e-26 -3.65274e-17  4.65399e-26  -6.6975e-18   1.8155e-26 -1.10223e-18  5.72293e-27  -1.6206e-19  1.54567e-27 -2.10068e-20  3.72948e-28 -2.32896e-21  8.34182e-29 -2.04172e-22  1.75817e-29 -1.01949e-23  3.56174e-30  7.87445e-25  7.28166e-31  3.16245e-25  1.50791e-31  5.62578e-26  2.93903e-32  7.57176e-27  5.12438e-33  8.49784e-28  8.02455e-34   8.2149e-29  1.12885e-34  6.92057e-30  1.38593e-35  5.09134e-31  1.45025e-36   3.2584e-32  1.29095e-37  1.79836e-33  9.74634e-39   8.4422e-35  6.10517e-40  3.30392e-36  3.07589e-41  1.04696e-37  1.20697e-42  2.56929e-39  3.50849e-44  4.53154e-41  6.82541e-46  4.96151e-43   7.0343e-48  2.17968e-45
-7.28739e-06  5.75791e-19  0.000120055 -4.42471e-18 -0.000701616  7.07833e-18   0.00218378  1.82779e-17  -0.00397555   -8.638e-17   0.00409943  1.40512e-16  -0.00176795 -9.93407e-17 -0.000583165 -1.86181e-17  0.000687567  9.45624e-17  0.000171057 -6.38013e-17 -0.000192035 -4.63384e-18 -9.51437e-05  2.47308e-17  2.55382e-05 -4.53799e-18  3.65392e-05 -7.15076e-18  9.45645e-06  2.29857e-18 -4.75947e-06  1.62246e-18    -4.87e-06 -7.41949e-19 -1.61925e-06 -1.28477e-19  1.42623e-07  1.76191e-19  4.30867e-07 -4.64426e-20  2.37051e-07 -5.12214e-20  6.61956e-08   1.4307e-20 -7.96801e-10  3.90343e-21 -1.16122e-08 -3.39394e-21  -7.1381e-09  2.60107e-21 -2.71971e-09  4.70704e-21 -6.87862e-10  1.37556e-21 -6.85852e-11 -1.11226e-21  4.02513e-11 -1.10924e-21  3.04584e-11 -3.71263e-22  1.29591e-11  2.92961e-23  4.21741e-12  8.93323e-23  1.11919e-12   4.3743e-23  2.41842e-13  9.28624e-24  3.94207e-14 -1.04742e-24  3.07537e-15 -1.39208e-24 -8.82023e-16 -3.36692e-25  -5.3367e-16    1.107e-25 -1.75411e-16  1.37736e-25 -4.54067e-17  7.27725e-26 -1.00796e-17   2.7994e-26 -1.98414e-18  8.83103e-27  -3.5204e-19  2.40454e-27 -5.67942e-20  5.86396e-28 -8.37099e-21  1.31319e-28 -1.12991e-21  2.72045e-29 -1.39779e-22  5.29695e-30 -1.58415e-23  1.00677e-30 -1.64257e-24  1.87873e-31 -1.55489e-25  3.27939e-32  -1.3399e-26  5.16578e-33 -1.04735e-27   7.3559e-34 -7.39446e-29  9.43067e-35 -4.69156e-30  1.05805e-35 -2.65891e-31  1.01452e-36 -1.33606e-32  8.26701e-38 -5.89543e-34  5.67918e-39 -2.25415e-35  3.20597e-40 -7.31826e-37   1.4357e-41 -1.95214e-38  4.89496e-43 -4.05053e-40  1.18636e-44 -5.91896e-42  1.76522e-46 -4.83196e-44  1.03852e-48
-8.06583e-20 -4.20478e-05  2.97708e-18  0.000404346  -1.4752e-17  -0.00183166  1.82779e-17   0.00475152  3.92528e-17  -0.00733591 -1.60361e-16    0.0061949  2.30929e-16  -0.00156065 -1.45276e-16   -0.0015341 -3.05348e-17  0.000752607  1.22027e-16  0.000512215 -7.01484e-17 -0.000162418 -1.32683e-17 -0.000198172  2.89587e-17 -1.89907e-05 -2.65939e-18  4.87185e-05 -8.11218e-18   2.7791e-05  1.64941e-18  1.40194e-06  1.48477e-18 -6.18327e-06 -3.57437e-19 -3.89085e-06 -1.30205e-20 -9.27142e-07  1.03418e-19   2.6376e-07 -6.70139e-20  3.52421e-07 -4.74228e-20  1.72536e-07 -2.53053e-21  4.64965e-08 -8.25588e-21   5.8214e-10 -1.02549e-21 -6.89629e-09  9.69704e-21 -4.37217e-09   8.5702e-21 -1.74474e-09  1.68836e-21  -5.0059e-10  -1.9408e-21 -9.22092e-11 -1.71636e-21  5.20191e-13 -5.89048e-22  9.27808e-12  2.19757e-24  4.93019e-12  1.05827e-22  1.79639e-12   5.6003e-23  5.29508e-13  1.39661e-23  1.32393e-13  3.42511e-25  2.83956e-14 -8.90199e-25  5.14906e-15 -5.06298e-26  7.42873e-16  2.80677e-25  6.59578e-17  2.21863e-25 -4.74983e-18   1.0722e-25 -4.05548e-18  3.99312e-26 -1.22351e-18  1.24075e-26 -2.77037e-19  3.35456e-27 -5.29557e-20  8.13695e-28 -8.90503e-21  1.79947e-28 -1.34219e-21  3.63815e-29 -1.83017e-22  6.81389e-30 -2.26798e-23  1.21695e-30 -2.55843e-24  2.08168e-31 -2.62624e-25  3.29919e-32 -2.44821e-26   4.7272e-33 -2.06529e-27  6.13064e-34 -1.56861e-28  7.15265e-35 -1.06525e-29    7.309e-36 -6.40958e-31  6.39159e-37 -3.37645e-32  4.73927e-38  -1.5327e-33  2.94093e-39 -5.86796e-35  1.48242e-40  -1.8381e-36  5.82614e-42  -4.5015e-38  1.69242e-43 -7.99898e-40  3.29965e-45 -8.91605e-42  3.42408e-47 -4.02521e-44
 7.87494e-06 -6.75667e-19 -0.000153785  1.10143e-17   0.00106704 -3.92957e-17  -0.00397555  3.92528e-17    0.0088387  7.15418e-17   -0.0117082 -2.55825e-16   0.00795221  3.28822e-16 -0.000425138 -1.83982e-16  -0.00267716 -4.57154e-17  0.000437063  1.41358e-16  0.000920459 -6.85255e-17  2.04184e-05 -2.13085e-17 -0.000283335  2.95782e-17 -0.000108166 -2.91233e-20  3.61177e-05 -7.83806e-18  4.74731e-05  3.45784e-19  1.53386e-05  1.08841e-18 -3.42325e-06  1.25991e-19  -5.7038e-06  1.74039e-19 -2.69409e-06  7.52221e-20 -4.53397e-07 -6.60769e-20  2.59064e-07 -5.86358e-20  2.52065e-07 -4.27815e-20  1.15236e-07 -2.94984e-20  3.15191e-08  3.60976e-21  2.04639e-09  2.08658e-20 -3.26585e-09  1.43624e-20  -2.2745e-09  2.33978e-21 -9.61657e-10 -2.89851e-21 -3.04324e-10 -2.46901e-21  -7.2779e-11 -8.96353e-22 -1.10406e-11 -7.16029e-23  4.71057e-13  1.01953e-22  1.11977e-12   6.2133e-23  5.18604e-13  1.81907e-23   1.7213e-13  2.52379e-24  4.72563e-14  2.31059e-25  1.12477e-14  5.27958e-25  2.36636e-15  5.54837e-25  4.43054e-16   3.3573e-25  7.36732e-17  1.48417e-25  1.07474e-17  5.29373e-26  1.33276e-18  1.60209e-26  1.28798e-19  4.25253e-27  6.46354e-21  1.01408e-27 -8.65671e-22  2.19322e-28 -3.35631e-22  4.30329e-29 -6.62744e-23  7.74524e-30  -1.0126e-23  1.30699e-30 -1.30583e-24  2.07228e-31 -1.46583e-25  3.01427e-32 -1.45002e-26  3.95514e-33 -1.26881e-27  4.68502e-34 -9.80854e-29  4.97427e-35 -6.66516e-30  4.61898e-36 -3.94726e-31  3.66793e-37 -2.01203e-32  2.45968e-38 -8.67401e-34  1.36778e-39 -3.08536e-35  6.09088e-41 -8.73224e-37  2.06837e-42  -1.8575e-38   4.9883e-44 -2.68453e-40  7.41193e-46 -2.09367e-42  4.37449e-48
-1.70858e-19  3.47595e-05 -3.24356e-18 -0.000412237  3.14973e-17   0.00229153   -8.638e-17  -0.00733591  7.15418e-17     0.014305   1.1239e-16   -0.0163908 -3.55515e-16   0.00862269  4.11007e-16   0.00170729 -2.04386e-16  -0.00361986 -6.10325e-17 -0.000360052  1.47519e-16   0.00122337 -5.96971e-17  0.000370633 -2.65714e-17 -0.000281827  2.67565e-17 -0.000222282  2.97522e-18 -1.57904e-05 -6.62493e-18  5.50538e-05 -1.35025e-18  3.40856e-05   4.2818e-19  5.49301e-06  5.51686e-19 -4.98229e-06  4.30494e-19 -4.35645e-06  1.56941e-19 -1.68607e-06 -1.90428e-20 -1.97857e-07 -9.20806e-20  1.93452e-07 -1.14349e-19  1.60323e-07  -6.2893e-20  7.09415e-08  9.71599e-21   2.0384e-08  3.60003e-20  2.62985e-09  2.23104e-20 -1.07357e-09  3.65044e-21 -9.62573e-10 -3.77787e-21 -4.41676e-10 -3.29803e-21 -1.51586e-10 -1.29571e-21 -4.17438e-11 -2.10699e-22 -9.14488e-12  6.49107e-23 -1.41714e-12  5.66267e-23 -4.94856e-14  2.02352e-23  6.68804e-14   5.1047e-24  3.27073e-14  1.90565e-24  1.04811e-14  1.38053e-24  2.73404e-15  9.19901e-25  6.18118e-16  4.70677e-25    1.244e-16  1.92039e-25  2.25885e-17  6.53002e-26  3.72717e-18  1.91107e-26  5.60874e-19  4.93965e-27   7.7076e-20  1.14819e-27  9.66873e-21  2.41145e-28  1.10513e-21  4.57134e-29  1.14723e-22  7.89432e-30  1.07648e-23  1.26213e-30  9.07065e-25  1.86815e-31  6.80231e-26  2.51389e-32  4.48406e-27  3.03857e-33  2.55194e-28  3.29866e-34  1.21883e-29  3.19073e-35  4.63929e-31  2.68892e-36  1.24179e-32  1.93183e-37  1.20456e-34  1.16454e-38 -8.30778e-36  5.75333e-40 -5.35088e-37  2.23556e-41 -1.66097e-38  6.43313e-43 -2.99821e-40   1.2427e-44 -2.76964e-42   1.2829e-46 -7.34465e-45
 -3.4759e-06 -6.88637e-19  9.37325e-05 -1.08956e-17 -0.000855209  7.28567e-17   0.00409943 -1.60361e-16   -0.0117082   1.1239e-16    0.0204491   1.5407e-16   -0.0203718 -4.35195e-16    0.0076737  4.55786e-16   0.00451611 -2.00927e-16  -0.00392733 -7.21426e-17  -0.00155104  1.38873e-16   0.00122673 -4.67313e-17  0.000819581 -2.82024e-17  -0.00013709  2.20483e-17 -0.000314987  6.09437e-18 -0.000105749 -4.92929e-18   3.6019e-05 -3.17198e-18  4.91114e-05 -5.24553e-19   1.9663e-05  7.53857e-19  3.87642e-08  7.46389e-19 -4.52814e-06  4.05043e-19 -2.93064e-06  9.80601e-20 -9.87707e-07  -1.4798e-19 -8.78092e-08 -2.19967e-19  1.18073e-07 -1.10499e-19  9.08772e-08  1.54407e-20  3.99787e-08  5.39903e-20  1.22474e-08  3.22734e-20  2.31725e-09  5.92602e-21 -7.70267e-11 -4.31335e-21 -2.98504e-10 -4.09343e-21 -1.60347e-10 -1.76955e-21 -5.99465e-11  -4.2428e-22 -1.80881e-11  -1.4121e-23 -4.58842e-12  3.50756e-23 -9.80719e-13  1.83308e-23 -1.70212e-13  7.42102e-24 -2.06356e-14  3.86837e-24 -1.93258e-16  2.39224e-24  8.39524e-16  1.32677e-24  3.24124e-16  6.07325e-25  8.59747e-17  2.31257e-25   1.8802e-17  7.49261e-26  3.58426e-18   2.1119e-26  6.10126e-19  5.28574e-27  9.38697e-20  1.19028e-27  1.31367e-20  2.41506e-28  1.67749e-21  4.40765e-29  1.95658e-22  7.29054e-30  2.08333e-23  1.10565e-30  2.02132e-24  1.53458e-31   1.7814e-25  1.92105e-32   1.4197e-26  2.14889e-33  1.01701e-27  2.14482e-34  6.49692e-29  1.89309e-35  3.66315e-30  1.44706e-36  1.79822e-31   9.3761e-38  7.54615e-33  5.05069e-39  2.63937e-34  2.19635e-40  7.41696e-36  7.33906e-42  1.58137e-37  1.74511e-43  2.31165e-39  2.55892e-45  1.83858e-41  1.49693e-47
 6.72733e-19 -7.97304e-06 -1.77388e-18  0.000169298 -2.79845e-17  -0.00139761  1.40512e-16    0.0061949 -2.55825e-16   -0.0163908   1.5407e-16    0.0261815  1.86205e-16   -0.0227288 -4.73853e-16   0.00505254  4.52304e-16   0.00738993 -1.75402e-16  -0.00331971 -7.52445e-17  -0.00286791  1.17812e-16  0.000806891 -3.39632e-17   0.00122947 -2.69501e-17  0.000160563  1.75003e-17 -0.000330033  9.38444e-18 -0.000210991 -3.03722e-18 -1.65748e-05 -4.92261e-18  4.91656e-05 -1.84334e-18  3.42059e-05  5.90005e-19  9.34639e-06   1.1034e-18 -1.93917e-06  8.48539e-19 -3.31505e-06  3.00607e-19  -1.7959e-06 -2.18503e-19 -5.57449e-07 -3.54678e-19 -4.93464e-08 -1.71896e-19  5.91801e-08  1.84734e-20  4.53997e-08  7.28838e-20  2.02742e-08  4.36807e-20  6.62175e-09  9.33734e-21  1.57187e-09  -4.2587e-21   1.9906e-10 -4.72997e-21 -4.24594e-11  -2.2798e-21 -4.06322e-11 -7.06128e-22 -1.76508e-11 -1.35845e-22 -5.81326e-12 -3.96136e-24 -1.60344e-12  1.13345e-23   -3.836e-13  8.74052e-24 -8.06005e-14  5.71733e-24 -1.48605e-14  3.37528e-24 -2.36641e-15  1.70067e-24 -3.10812e-16  7.20001e-25 -2.88815e-17  2.58485e-25 -2.67075e-19    7.992e-26  6.69833e-19  2.16542e-26  1.99337e-19  5.22864e-27  4.04099e-20  1.13579e-27  6.70778e-21  2.21803e-28  9.62523e-22  3.88637e-29   1.2205e-22  6.14662e-30  1.38082e-23  8.84464e-31  1.39867e-24   1.1541e-31  1.26804e-25  1.34891e-32  1.02574e-26  1.40094e-33  7.36152e-28  1.28878e-34   4.6487e-29   1.0395e-35  2.55375e-30  7.20443e-37  1.20169e-31  4.19743e-38  4.74193e-33   2.0081e-39  1.52266e-34  7.60671e-41  3.80311e-36  2.14714e-42  6.85901e-38  4.07528e-44  7.72115e-40  4.13882e-46  3.50212e-42
-9.03568e-07  3.05478e-18   6.1093e-07 -3.54893e-18  0.000181164 -5.78206e-17  -0.00176795  2.30929e-16   0.00795221 -3.55515e-16   -0.0203718  1.86205e-16    0.0304396  2.00283e-16   -0.0230076 -4.63271e-16      0.00121  4.04129e-16   0.00967278 -1.35088e-16  -0.00179304 -6.83004e-17  -0.00396297  8.97089e-17 -2.73567e-05 -2.55196e-17    0.0014447 -2.47786e-17  0.000559624  1.46122e-17 -0.000226666  1.31903e-17   -0.0002926 -8.84489e-19 -9.56175e-05  -6.4667e-18  2.57596e-05 -3.61468e-18  4.15337e-05 -3.08227e-20  2.03193e-05  1.47171e-18  3.63859e-06   1.4751e-18 -2.02848e-06  5.88021e-19 -2.10288e-06 -2.89947e-19 -1.02142e-06 -5.05616e-19 -3.07923e-07 -2.43164e-19 -3.56875e-08  1.70539e-20  2.31325e-08  9.04391e-20  1.94567e-08  5.56323e-20  9.00798e-09  1.38367e-20  3.11825e-09 -3.46674e-21  8.49398e-10  -5.1008e-21  1.74046e-10 -2.77385e-21  1.94248e-11 -1.03263e-21 -3.69138e-12 -2.90703e-22 -3.19268e-12 -5.77758e-23 -1.26439e-12 -7.10906e-25 -3.83192e-13  8.52541e-24 -9.82839e-14  7.03964e-24  -2.2154e-14  4.12577e-24 -4.46662e-15  1.96414e-24 -8.12584e-16  7.84888e-25 -1.33897e-16  2.67862e-25  -1.9991e-17  7.92178e-26  -2.6967e-18  2.06201e-26 -3.26536e-19  4.79252e-27 -3.50622e-20  1.00132e-27 -3.26287e-21  1.87701e-28  -2.5051e-22  3.15051e-29 -1.37428e-23  4.75677e-30  -1.5158e-25  6.49252e-31  8.49306e-26  7.97532e-32  1.41277e-26  8.72115e-33  1.50203e-27  8.42535e-34  1.24547e-28  7.15453e-35  8.45865e-30  5.27751e-36  4.75891e-31  3.31378e-37  2.20541e-32  1.73017e-38  8.26659e-34  7.30044e-40  2.42609e-35  2.37919e-41  5.27805e-37  5.54286e-43  7.70359e-39  7.97167e-45  5.99152e-41  4.57925e-47
-8.49209e-19 -7.50908e-06  9.08965e-18  5.75801e-05 -6.28636e-18 -1.98037e-05 -9.93407e-17  -0.00156065  3.28822e-16   0.00862269 -4.35195e-16   -0.0227288  2.00283e-16    0.0326082  1.93737e-16   -0.0213603 -4.11136e-16  -0.00311419  3.25541e-16    0.0109079 -8.90052e-17  0.000396004 -5.11324e-17  -0.00453961  6.09893e-17  -0.00113517 -2.40182e-17   0.00135198 -2.41138e-17  0.000961287  1.37246e-17  2.81994e-08  1.79125e-17  -0.00030987  1.87567e-18 -0.000179695  -7.6888e-18 -2.15894e-05 -5.86633e-18  3.45798e-05 -1.12177e-18  2.82558e-05  1.80953e-18  1.08198e-05  2.22684e-18  1.12499e-06  9.39369e-19 -1.44475e-06 -3.47529e-19 -1.18886e-06 -6.54483e-19 -5.42398e-07 -3.16884e-19 -1.65633e-07  1.09582e-20 -2.66228e-08  1.04867e-19  5.68216e-09  6.71431e-20  6.77079e-09  1.91539e-20  3.37128e-09 -1.93512e-21  1.23484e-09 -5.14373e-21  3.66844e-10  -3.1939e-21  9.01906e-11 -1.36567e-21   1.7845e-11 -4.59757e-22  2.47217e-12 -1.19597e-22  4.40523e-14 -1.63881e-23 -1.17277e-13  6.64002e-24 -5.12803e-14  7.54804e-24 -1.51824e-14  4.49041e-24 -3.69016e-15  2.06287e-24 -7.80371e-16  7.88224e-25 -1.47254e-16  2.57331e-25  -2.5116e-17  7.29685e-26 -3.89956e-18  1.82485e-26 -5.53258e-19  4.07704e-27 -7.18562e-20  8.17729e-28 -8.54639e-21  1.46857e-28 -9.30142e-22  2.35707e-29 -9.24701e-23  3.39228e-30  -8.3744e-24  4.38896e-31 -6.88289e-25  5.07739e-32 -5.10839e-26  5.19905e-33 -3.40145e-27  4.67533e-34 -2.01471e-28  3.66602e-35 -1.04965e-29  2.47256e-36  -4.7379e-31  1.40412e-37  -1.8146e-32  6.54075e-39 -5.72374e-34  2.41329e-40 -1.42137e-35   6.6593e-42 -2.57894e-37  1.23933e-43 -2.95342e-39  1.23455e-45 -1.37714e-41
 1.06068e-06 -3.68556e-18 -2.70212e-05  2.08821e-17  0.000204645  -1.0845e-17 -0.000583165 -1.45276e-16 -0.000425138  4.11007e-16    0.0076737 -4.73853e-16   -0.0230076  1.93737e-16    0.0327013  1.71137e-16   -0.0183921 -3.36372e-16  -0.00719421  2.33824e-16    0.0109541 -4.47766e-17   0.00285037 -2.47992e-17  -0.00444388  3.73505e-17  -0.00229748 -2.99124e-17  0.000919309 -2.70352e-17   0.00125284   1.4061e-17  0.000313669  2.37184e-17   -0.0002366  5.61609e-18 -0.000239593 -8.47568e-18 -8.32314e-05 -8.50109e-18    1.044e-05 -2.60089e-18  2.82076e-05   2.0694e-18  1.68346e-05  3.00849e-18  5.38692e-06  1.31377e-18  2.74983e-07 -3.81065e-19 -8.25434e-07 -7.82009e-19 -6.03081e-07 -3.83357e-19  -2.6714e-07  1.98441e-21 -8.46281e-08  1.15439e-19 -1.76322e-08  7.74261e-20  -4.8042e-10   2.4873e-20  1.66339e-09  2.00948e-22  9.93911e-10 -4.84908e-21  3.92499e-10 -3.48611e-21  1.24369e-10  -1.6596e-21  3.34151e-11 -6.18468e-22  7.74831e-12 -1.80014e-22  1.54584e-12 -3.31915e-23  2.57825e-13  3.41421e-24  3.26475e-14  7.17098e-24  1.82612e-15  4.41408e-24 -5.49028e-16   1.9829e-24 -2.50038e-16  7.30759e-25 -6.53009e-17  2.29308e-25 -1.35283e-17  6.24779e-26 -2.40289e-18  1.50182e-26 -3.77167e-19  3.22297e-27 -5.30577e-20   6.1975e-28 -6.73436e-21  1.06484e-28 -7.73279e-22  1.63187e-29 -8.03293e-23  2.23552e-30 -7.53412e-24  2.73914e-31 -6.35542e-25  2.98339e-32 -4.79447e-26  2.86025e-33 -3.20956e-27  2.39331e-34 -1.88703e-28  1.73154e-35 -9.61175e-30  1.06622e-36  -4.1644e-31  5.45899e-38 -1.49632e-32  2.25487e-39 -4.29828e-34  7.19246e-41 -9.32233e-36  1.64404e-42 -1.37959e-37  2.32377e-44 -1.10582e-39  1.31145e-46
 2.49484e-19  2.76266e-06 -1.01599e-17 -5.86252e-05  3.97866e-17  0.000444071 -1.86181e-17   -0.0015341 -1.83982e-16   0.00170729  4.55786e-16   0.00505254 -4.63271e-16   -0.0213603  1.71137e-16    0.0312391  1.41986e-16   -0.0148536 -2.60323e-16   -0.0105399  1.42456e-16   0.00995101  -7.3329e-18   0.00517692  8.99466e-18  -0.00368504  2.27034e-17   -0.0032898 -4.16207e-17   0.00020061 -3.46351e-17   0.00134356  1.42821e-17  0.000647056  3.03625e-17 -7.19125e-05  1.04515e-17 -0.000248561 -8.73947e-18 -0.000141581 -1.12789e-17 -2.74133e-05 -4.29489e-18  1.73003e-05  2.20969e-18  1.85691e-05  3.70616e-18  9.17418e-06  1.65608e-18  2.61406e-06 -3.89381e-19  8.54109e-08 -8.72882e-19 -3.90284e-07 -4.32742e-19 -2.72046e-07 -6.35415e-21 -1.19809e-07   1.2268e-19 -3.96362e-08  8.60842e-20  -9.8416e-09  3.05502e-20  -1.4963e-09  2.72106e-21  1.16399e-10 -4.24888e-21  1.94931e-10 -3.60746e-21  9.18061e-11 -1.87024e-21  3.15378e-11 -7.42246e-22  9.00284e-12 -2.29276e-22   2.2332e-12 -4.81877e-23  4.90799e-13 -4.60878e-25   9.6352e-14  6.06139e-24   1.6915e-14  3.94961e-24  2.64056e-15  1.75219e-24  3.60981e-16  6.26664e-25  4.17034e-17   1.8969e-25  3.69135e-18  4.97516e-26  1.51241e-19  1.15006e-26 -2.74343e-20  2.36972e-27 -8.83036e-21  4.36487e-28 -1.57178e-21  7.16728e-29 -2.17875e-22  1.04744e-29 -2.53982e-23  1.36394e-30 -2.55794e-24  1.58088e-31 -2.24719e-25  1.61975e-32 -1.72406e-26  1.45264e-33 -1.15014e-27  1.12949e-34  -6.6125e-29  7.52569e-36  -3.2313e-30  4.21874e-37 -1.31536e-31  1.93801e-38 -4.33149e-33  7.03749e-40 -1.10354e-34  1.91045e-41 -2.01997e-36  3.50313e-43 -2.29662e-38  3.44069e-45 -1.04717e-40
 2.85049e-07  1.27407e-18   5.2839e-07  -2.1121e-17 -7.58351e-05  6.53478e-17  0.000687567 -3.05348e-17  -0.00267716 -2.04386e-16   0.00451611  4.52304e-16      0.00121 -4.11136e-16   -0.0183921  1.41986e-16    0.0289453  1.16752e-16   -0.0113666 -1.99019e-16   -0.0129605  5.82759e-17   0.00819512  2.08091e-17   0.00708631  4.80728e-17  -0.00239721  1.88042e-17  -0.00394012 -5.62601e-17 -0.000687928 -4.66846e-17   0.00118876  1.31977e-17  0.000922278  3.72024e-17  0.000158223  1.60849e-17 -0.000191909 -8.45692e-18 -0.000176714 -1.38588e-17 -6.94623e-05 -5.96985e-18 -3.57423e-06  2.20545e-18  1.39675e-05  4.21078e-18  1.06809e-05  1.90663e-18  4.69124e-06 -3.81798e-19  1.27535e-06 -9.19528e-19  7.26802e-08 -4.57476e-19  -1.4897e-07 -9.89226e-21 -1.06449e-07  1.28038e-19 -4.75459e-08  9.31197e-20 -1.63798e-08  3.58128e-20 -4.53889e-09  5.38697e-21  -9.8329e-10 -3.39753e-21 -1.38538e-10 -3.53093e-21   4.6846e-12   -1.964e-21  1.18453e-11 -8.12094e-22  5.21475e-12 -2.59696e-22    1.648e-12 -5.88087e-23  4.33126e-13 -4.15716e-24  9.94415e-14  4.52742e-24  2.03954e-14  3.22958e-24  3.78088e-15  1.42762e-24  6.37609e-16  4.97904e-25   9.8156e-17  1.45797e-25  1.38144e-17  3.68652e-26  1.77765e-18  8.19904e-27  2.08943e-19  1.62171e-27  2.23894e-20  2.85945e-28  2.18113e-21  4.48325e-29  1.92484e-22  6.24062e-30  1.53214e-23  7.71384e-31  1.09441e-24  8.44606e-32   6.9748e-26  8.12996e-33  3.94061e-27  6.80971e-34  1.95985e-28  4.90945e-35   8.5136e-30  3.00348e-36  3.19968e-31  1.52617e-37  1.02607e-32   6.2471e-39  2.73935e-34  1.97075e-40  5.80262e-36  4.45303e-42   8.8344e-38  6.22764e-44  7.63364e-40  3.47766e-46
 6.23484e-19  2.26732e-06  3.20177e-18 -1.75577e-05  -3.5704e-17 -2.04338e-05  9.45624e-17  0.000752607 -4.57154e-17  -0.00361986 -2.00927e-16   0.00738993  4.04129e-16  -0.00311419 -3.36372e-16   -0.0148536  1.16752e-16    0.0264598  1.03361e-16  -0.00829597 -1.59732e-16   -0.0144998  -1.7455e-17   0.00601122  3.87157e-17   0.00842565  8.96877e-17 -0.000776822  2.52839e-17  -0.00415609 -7.06338e-17  -0.00160368  -6.1676e-17  0.000796671  1.02909e-17   0.00107174  4.33813e-17  0.000408098  2.18555e-17 -7.23921e-05 -7.68637e-18 -0.000173043 -1.58797e-17 -0.000102936 -7.38177e-18 -2.95158e-05  2.05341e-18  3.13698e-06  4.43889e-18  8.69198e-06  2.01222e-18  5.54054e-06 -3.76173e-19  2.27428e-06 -9.23596e-19  6.26575e-07 -4.54249e-19  7.05882e-08 -5.27539e-21 -4.10449e-08  1.33165e-19 -3.44287e-08   9.8759e-20 -1.60375e-08  4.03956e-20 -5.74075e-09  7.99182e-21 -1.70052e-09 -2.35711e-21 -4.24791e-10 -3.25025e-21  -8.8226e-11 -1.92498e-21 -1.41799e-11 -8.18792e-22 -1.23973e-12 -2.67416e-22  2.12978e-13 -6.35012e-23  1.45547e-13 -6.96202e-24   4.7462e-14  2.92096e-24  1.19561e-14  2.41621e-24  2.56296e-15   1.0745e-24  4.84842e-16  3.66995e-25   8.2344e-17  1.04202e-25  1.26685e-17  2.54325e-26  1.77382e-18   5.4444e-27    2.265e-19  1.03351e-27  2.63816e-20  1.74351e-28   2.7995e-21  2.60801e-29  2.69966e-22  3.45385e-30  2.35679e-23  4.04665e-31  1.85278e-24  4.17907e-32  1.30251e-25  3.77266e-33  8.11377e-27  2.94483e-34  4.42551e-28  1.96264e-35  2.08031e-29  1.09791e-36  8.24867e-31  5.02682e-38  2.67654e-32  1.81619e-39  6.79213e-34   4.8964e-41  1.25103e-35  8.91258e-43  1.44526e-37  8.69417e-45  6.75934e-40
-2.30814e-07  1.59688e-18   7.5537e-06  5.13048e-18 -6.43993e-05 -5.11845e-17  0.000171057  1.22027e-16  0.000437063 -6.10325e-17  -0.00392733 -1.75402e-16   0.00967278  3.25541e-16  -0.00719421 -2.60323e-16   -0.0113666  1.03361e-16    0.0241895  1.05513e-16  -0.00576433 -1.41814e-16   -0.0153234 -8.60726e-17   0.00366951  4.64633e-17   0.00916001    1.305e-16  0.000973662  3.98911e-17  -0.00392381 -8.21148e-17  -0.00241067 -7.72242e-17  0.000220603  5.86123e-18   0.00105353  4.80791e-17  0.000624393  2.69484e-17  8.99865e-05  -6.5438e-18 -0.000124612 -1.70436e-17 -0.000115955  -8.3295e-18  -5.2979e-05  1.76944e-18 -1.13785e-05  4.34546e-18  3.22035e-06   1.9358e-18  4.55867e-06 -3.94217e-19   2.6148e-06 -8.94938e-19  1.03907e-06 -4.24963e-19  3.00111e-07  8.71193e-21  5.24776e-08  1.39102e-19 -4.14031e-09   1.0318e-19 -8.25992e-09  4.41115e-20 -4.31571e-09  1.03737e-20 -1.62563e-09 -1.19469e-21 -5.04125e-10 -2.78425e-21 -1.34485e-10 -1.75864e-21 -3.13793e-11 -7.64554e-22  -6.4182e-12 -2.53047e-22 -1.13751e-12 -6.20369e-23 -1.68477e-13 -8.46563e-24 -1.86389e-14  1.53154e-24 -7.51527e-16  1.65208e-24  3.19584e-16  7.47827e-25  1.19895e-16  2.51178e-25  2.75179e-17  6.92965e-26  5.05255e-18  1.63429e-26  7.94991e-19  3.36858e-27  1.10106e-19  6.13601e-28  1.35833e-20  9.89863e-29  1.49981e-21  1.41149e-29  1.48327e-22  1.77628e-30    1.311e-23   1.9696e-31  1.03081e-24  1.91505e-32  7.15929e-26  1.61789e-33  4.34914e-27  1.17358e-34  2.28027e-28  7.20272e-36  1.01336e-29  3.66467e-37  3.72233e-31  1.49999e-38  1.08965e-32  4.72317e-40  2.40107e-34  1.06347e-41  3.59965e-36   1.4815e-43    2.915e-38  8.24303e-46
-9.34551e-19 -2.88853e-07  3.33315e-18  1.39759e-05  5.27702e-18 -0.000135713 -6.38013e-17  0.000512215  1.41358e-16 -0.000360052 -7.21426e-17  -0.00331971 -1.35088e-16    0.0109079  2.33824e-16   -0.0105399 -1.99019e-16  -0.00829597  1.05513e-16     0.022305  1.22814e-16   -0.0037388 -1.39801e-16   -0.0156227  -1.4871e-16   0.00135662  4.50244e-17   0.00933224  1.66852e-16   0.00268097  5.89547e-17  -0.00328982 -8.91803e-17  -0.00300192 -9.07097e-17 -0.000457096  7.94842e-19  0.000858312  5.07207e-17  0.000759021  3.06592e-17  0.000263026 -5.14922e-18 -3.73533e-05 -1.71703e-17 -0.000101509  -8.6929e-18 -6.62278e-05  1.38108e-18 -2.53147e-05  3.92732e-18 -4.34443e-06  1.66283e-18   1.8254e-06 -4.55631e-19  2.05795e-06 -8.48639e-19  1.11418e-06 -3.76418e-19  4.38204e-07  3.04488e-20  1.33462e-07  1.45713e-19  3.00634e-08  1.06277e-19  3.47403e-09  4.67869e-20 -9.29238e-10  1.23994e-20  -8.0305e-10  1.12465e-23 -3.42243e-10 -2.17859e-21  -1.1237e-10 -1.49092e-21 -3.12348e-11 -6.61854e-22 -7.62097e-12 -2.21109e-22  -1.6603e-12 -5.54197e-23 -3.25727e-13 -8.62653e-24 -5.77495e-14  5.22893e-25 -9.25184e-15  1.02882e-24 -1.33451e-15  4.81465e-25 -1.71904e-16  1.59734e-25  -1.9468e-17  4.29029e-26 -1.87796e-18  9.78594e-27 -1.42841e-19   1.9426e-27 -6.31144e-21  3.39466e-28  3.44548e-22  5.23388e-29  1.24229e-22  7.10821e-30  1.82274e-23  8.48926e-31  1.96833e-24  8.89353e-32  1.72638e-25  8.12435e-33  1.26588e-26  6.40668e-34  7.80559e-28  4.30378e-35  4.02221e-29  2.42089e-36  1.70485e-30  1.11274e-37  5.78679e-32  4.03028e-39  1.50662e-33  1.08726e-40  2.79636e-35  1.97741e-42  3.19998e-37  1.92673e-44  1.45768e-39
-1.34416e-07 -2.15986e-18  1.55123e-06  6.51025e-18  1.05021e-05  2.07343e-18 -0.000192035 -7.01484e-17  0.000920459  1.47519e-16  -0.00155104 -7.52445e-17  -0.00179304 -8.90052e-17    0.0109541  1.42456e-16   -0.0129605 -1.59732e-16  -0.00576433  1.22814e-16    0.0208164  1.51903e-16   -0.0021215  -1.4667e-16   -0.0155621 -2.04777e-16 -0.000817318  3.63592e-17   0.00902397  1.95313e-16   0.00421531  7.81148e-17  -0.00233822 -9.15185e-17  -0.00330956 -9.99628e-17  -0.00114286 -3.87091e-18   0.00050832  5.10771e-17  0.000779335  3.25981e-17  0.000410224 -3.57437e-18  7.21511e-05  -1.6216e-17 -5.99093e-05 -8.44681e-18 -6.39649e-05  9.19416e-19 -3.41258e-05  3.21881e-18 -1.16678e-05  1.20351e-18 -1.86639e-06 -5.72789e-19  7.23916e-07 -8.01153e-19  7.90633e-07 -3.18845e-19  4.19393e-07  5.56848e-20   1.6533e-07  1.51594e-19  5.25554e-08   1.0758e-19  1.35962e-08  4.82149e-20  2.71156e-09  1.39413e-20   3.1294e-10  1.16538e-21 -4.31732e-11 -1.50167e-21 -4.16269e-11 -1.16261e-21 -1.64819e-11 -5.29893e-22 -4.94522e-12  -1.7855e-22 -1.25406e-12 -4.54723e-23 -2.79809e-13 -7.71257e-24 -5.59936e-14 -7.54933e-26 -1.01538e-14  5.80045e-25 -1.67829e-15  2.86773e-25 -2.53659e-16  9.44371e-26 -3.51103e-17  2.47406e-26 -4.45181e-18  5.46218e-27 -5.16717e-19  1.04439e-27 -5.48157e-20  1.75031e-28 -5.30221e-21  2.57751e-29 -4.66114e-22  3.33072e-30 -3.70817e-23  3.76963e-31 -2.65499e-24  3.72401e-32 -1.69863e-25  3.18858e-33 -9.62023e-27  2.33981e-34 -4.76274e-28   1.4496e-35 -2.02588e-29  7.43002e-37 -7.22508e-31  3.05924e-38 -2.08387e-32  9.67569e-40 -4.59111e-34  2.18427e-41 -6.98059e-36  3.04675e-43 -5.81035e-38  1.69689e-45
 6.56815e-19  -6.7152e-07 -3.50374e-18  8.30821e-06  1.16352e-17 -2.15197e-05 -4.63384e-18 -0.000162418 -6.85255e-17   0.00122337  1.38873e-16  -0.00286791 -6.83004e-17  0.000396004 -4.47766e-17   0.00995101  5.82759e-17   -0.0144998 -1.41814e-16   -0.0037388  1.51903e-16    0.0196598  1.87727e-16 -0.000808484 -1.56072e-16   -0.0152625 -2.51828e-16  -0.00279766  2.33523e-17   0.00832817    2.133e-16   0.00549032  9.32511e-17  -0.00117033 -8.97808e-17  -0.00330565 -1.03781e-16  -0.00174731 -7.37215e-18  5.07651e-05  4.92539e-17  0.000673981  3.27685e-17  0.000499188 -1.81931e-18  0.000180758 -1.42599e-17  9.71606e-07 -7.65225e-18 -4.52019e-05  4.13481e-19 -3.45924e-05  2.28311e-18 -1.63118e-05  5.91113e-19 -5.29544e-06 -7.47357e-19 -9.41318e-07 -7.66585e-19   1.7642e-07 -2.63637e-19    2.473e-07  7.86044e-20  1.34363e-07  1.54493e-19  5.36683e-08   1.0637e-19  1.75755e-08  4.81637e-20  4.88214e-09  1.48715e-20  1.15539e-09  2.16075e-21  2.27559e-10 -8.33618e-22  3.41748e-11 -8.20429e-22  2.44901e-12 -3.89831e-22  -6.7481e-13 -1.32883e-22  -3.7771e-13 -3.42718e-23 -1.15552e-13 -6.16105e-24 -2.78193e-14 -3.33342e-25 -5.72955e-15  2.93534e-25 -1.04276e-15  1.58085e-25 -1.70307e-16  5.19457e-26 -2.51574e-17  1.32967e-26 -3.37385e-18  2.84312e-27 -4.11284e-19  5.23595e-28 -4.55441e-20  8.41182e-29 -4.57131e-21  1.18222e-29 -4.14352e-22  1.45189e-30 -3.37401e-23  1.55465e-31  -2.4509e-24  1.44514e-32 -1.57369e-25  1.15655e-33 -8.82468e-27  7.86881e-35 -4.25366e-28  4.47366e-36 -1.72487e-29  2.07465e-37 -5.70835e-31  7.57102e-39 -1.47349e-32  2.05464e-40 -2.75346e-34  3.75233e-42 -3.21917e-36   3.6669e-44 -1.52006e-38
 1.12371e-08  1.13708e-18  -1.5029e-06 -4.66932e-18  2.08599e-05  1.82557e-17 -9.51437e-05 -1.32683e-17  2.04184e-05 -5.96971e-17   0.00122673  1.17812e-16  -0.00396297 -5.11324e-17   0.00285037  -7.3329e-18   0.00819512  -1.7455e-17   -0.0153234 -1.39801e-16   -0.0021215  1.87727e-16    0.0187563  2.24549e-16  0.000284922 -1.63369e-16   -0.0148053 -2.86379e-16  -0.00456415  9.41036e-18    0.0073337  2.19588e-16   0.00645617  1.01385e-16  0.000110071 -8.51517e-17  -0.00299729 -1.02135e-16  -0.00219645 -9.46127e-18 -0.000451711  4.56086e-17  0.000454071  3.15172e-17  0.000508611  1.72432e-19  0.000264435 -1.14757e-17  6.76855e-05 -6.43261e-18 -1.37454e-05 -1.11579e-19 -2.59889e-05  1.20187e-18 -1.66429e-05 -1.22866e-19 -7.28785e-06  -9.6948e-19 -2.34891e-06 -7.53922e-19 -4.98413e-07 -2.20864e-19  -7.6429e-09  9.34102e-20  5.58353e-08  1.52073e-19  3.43526e-08   1.0195e-19  1.42412e-08  4.64444e-20  4.78179e-09  1.50827e-20  1.37551e-09  2.89707e-21  3.46812e-10 -2.50121e-22  7.73033e-11 -5.06986e-22  1.52157e-11 -2.60172e-22  2.61294e-12 -9.04995e-23  3.78918e-13 -2.36303e-23  4.22733e-14 -4.42239e-24  2.26598e-15 -3.66106e-25  -4.6238e-16  1.32002e-25 -1.93317e-16  8.08071e-26 -4.39148e-17  2.66239e-26 -7.79713e-18  6.66698e-27 -1.17359e-18  1.38095e-27  -1.5429e-19   2.4488e-28 -1.79413e-20  3.76879e-29 -1.85379e-21  5.05013e-30 -1.70194e-22  5.88626e-31 -1.38375e-23  5.95191e-32 -9.90089e-25  5.19296e-33 -6.17669e-26  3.87198e-34 -3.31644e-27  2.43204e-35  -1.5055e-28   1.2613e-36 -5.63569e-30  5.24635e-38 -1.67759e-31  1.67399e-39 -3.75117e-33  3.80616e-41 -5.69549e-35  5.33763e-43 -4.66225e-37  2.98543e-45
-3.29169e-19 -1.70615e-07  9.44121e-19  -9.7366e-07 -5.40193e-18  3.22587e-05  2.47308e-17 -0.000198172 -2.13085e-17  0.000370633 -4.67313e-17  0.000806891  8.97089e-17  -0.00453961 -2.47992e-17   0.00517692  2.08091e-17   0.00601122 -8.60726e-17   -0.0156227  -1.4667e-16 -0.000808484  2.24549e-16    0.0180393   2.5668e-16   0.00121995 -1.65814e-16   -0.0142431 -3.05139e-16  -0.00611552 -2.20627e-18   0.00611876  2.14534e-16   0.00709087  1.01271e-16   0.00140593  -7.8919e-17  -0.00241934 -9.60377e-17  -0.00243838 -1.04054e-17 -0.000931306  4.06492e-17  0.000150328   2.9402e-17  0.000432534  2.47144e-18  0.000303994 -8.09881e-18  0.000124746 -4.94406e-18  2.28367e-05 -6.33115e-19 -1.03865e-05  6.54381e-20 -1.24384e-05 -8.75684e-19 -7.17462e-06 -1.21942e-18 -3.01216e-06 -7.65609e-19 -9.85278e-07 -1.97133e-19 -2.43367e-07  9.59222e-20 -3.51525e-08  1.42737e-19  4.77616e-09  9.39584e-20  6.00556e-09  4.30094e-20  2.82822e-09  1.45274e-20  9.95167e-10  3.30576e-21  2.93707e-10  1.93545e-22  7.58281e-11 -2.52672e-22  1.74681e-11 -1.53535e-22    3.628e-12 -5.56075e-23  6.83037e-13 -1.47622e-23  1.16834e-13 -2.84289e-24  1.81553e-14 -2.87182e-25  2.55723e-15  5.25968e-26  3.24956e-16  3.85249e-26  3.69561e-17   1.2756e-26  3.71131e-18  3.12474e-27  3.21325e-19  6.26683e-28  2.28196e-20  1.06921e-28  1.15362e-21   1.5748e-29  1.29023e-23  2.00937e-30 -5.56276e-24  2.21904e-31 -8.25311e-25  2.11413e-32 -7.62924e-26  1.72627e-33 -5.37418e-27  1.19466e-34  -3.0162e-28  6.89215e-36 -1.35375e-29  3.23708e-37 -4.77325e-31  1.19467e-38 -1.27199e-32  3.27426e-40 -2.38565e-34  6.02848e-42 -2.72451e-36   5.9288e-44 -1.22195e-38
