 3.01891e-11  -4.9801e-26 -6.69634e-10  1.08195e-24  5.78274e-09 -7.12051e-24  -2.9828e-08  3.14648e-23   1.0501e-07 -1.06432e-22 -2.67186e-07  2.77067e-22    5.008e-07 -5.61884e-22 -6.81208e-07    8.993e-22  6.22737e-07  -1.1343e-21 -2.71112e-07  1.09786e-21 -1.51264e-07 -7.47842e-22  3.08569e-07  2.35237e-22 -1.24143e-07  1.86676e-22 -1.17676e-07 -3.39639e-22  1.34843e-07  2.37683e-22  1.14845e-08 -4.75784e-23 -7.91934e-08 -6.43636e-23  1.57007e-08  5.79105e-23  3.67669e-08 -5.16548e-24 -1.31231e-08 -2.20032e-23 -1.51861e-08  1.54616e-23   6.1685e-09 -1.24666e-24  5.80324e-09 -4.01182e-24 -1.85873e-09  1.51476e-24 -1.93321e-09   1.2825e-24  2.46368e-10  -1.1446e-24  4.56803e-10  1.24884e-25  4.00791e-11  1.01994e-25 -4.56824e-11 -8.92312e-27 -1.00975e-11 -5.59265e-27  -1.2108e-14
 -4.9801e-26  9.57371e-10  -5.8681e-25 -1.19881e-08  6.84228e-24  7.80588e-08 -3.29845e-23 -3.29339e-07  1.30113e-22  9.81887e-07 -4.10925e-22 -2.14499e-06   9.9787e-22  3.44406e-06 -1.89691e-21 -3.91064e-06  2.88564e-21   2.7027e-06 -3.53542e-21 -2.70937e-07  3.45297e-21 -1.57165e-06 -2.56766e-21  1.41212e-06  1.20119e-21  6.29035e-08  7.92021e-23 -9.05375e-07 -7.60027e-22  3.86956e-07  7.11478e-22  3.67032e-07 -2.74266e-22  -3.2694e-07 -6.28271e-23 -1.09932e-07   1.0771e-22  1.81826e-07 -8.19773e-24  2.72239e-08 -5.34186e-23 -8.08541e-08  3.83392e-23 -8.54597e-09 -2.29142e-25  2.93024e-08   -1.251e-23  4.54928e-09  9.93215e-25 -7.89655e-09  6.94024e-24 -2.15244e-09 -3.37907e-24  1.17918e-09  -2.3998e-25  5.17342e-10  3.03716e-25 -1.78493e-11  1.91358e-26  -2.4171e-11 -1.01883e-26
-6.69634e-10  -5.8681e-25  1.48585e-08 -2.38694e-24 -1.28383e-07   1.0544e-23  6.62737e-07 -3.17931e-23 -2.33576e-06  1.66714e-22  5.95215e-06 -6.12536e-22 -1.11804e-05  1.51235e-21  1.52561e-05 -2.81811e-21 -1.40209e-05  4.24446e-21  6.19595e-06 -5.36349e-21  3.31906e-06  5.79833e-21 -6.98097e-06 -5.19531e-21   2.9227e-06  3.37003e-21  2.58627e-06 -8.66463e-22 -3.11179e-06 -1.06196e-21 -1.65025e-07  1.51281e-21  1.80076e-06 -8.49582e-22 -4.27592e-07  1.33536e-22  -8.1902e-07  9.19038e-23  3.40166e-07  7.77943e-24  3.30348e-07 -1.05601e-22 -1.61887e-07  6.81059e-23 -1.24418e-07  1.59786e-23  5.21596e-08 -2.68358e-23   4.1922e-08 -1.22844e-23 -9.20321e-09  2.12379e-23 -1.04539e-08 -4.86319e-24 -1.49335e-10  -1.6566e-24  1.21397e-09  3.84653e-25  1.99672e-10  8.29096e-26 -7.62084e-12
 1.08195e-24 -1.19881e-08 -2.38694e-24  1.50198e-07  1.13115e-24 -9.78827e-07 -6.57993e-23  4.13482e-06  2.32751e-22 -1.23486e-05 -3.37613e-22   2.7041e-05  2.25348e-22 -4.35695e-05   2.9465e-23   4.9746e-05 -3.50965e-22 -3.47723e-05  1.00387e-21  3.99498e-06 -2.71858e-21  1.98183e-05  5.66042e-21 -1.83781e-05  -7.9345e-21 -2.84061e-07   6.9612e-21  1.15259e-05 -2.78467e-21 -5.35653e-06 -1.44662e-21 -4.46467e-06   2.9423e-21  4.39369e-06 -2.02528e-21  1.18444e-06   6.5877e-22 -2.41024e-06 -7.87474e-24  -2.0177e-07  5.14045e-23  1.06535e-06 -1.98117e-22  3.34799e-08  8.57911e-23  -3.8953e-07  6.94494e-23  -2.7808e-08 -2.80686e-23  1.09439e-07  -5.8443e-23  1.95186e-08  4.08766e-23 -1.86065e-08 -1.18614e-24 -5.87793e-09 -3.46867e-24  7.91996e-10  9.09266e-26  3.60033e-10  1.08392e-25
 5.78274e-09  6.84228e-24 -1.28383e-07  1.13115e-24  1.11025e-06  4.50854e-23 -5.73865e-06 -3.71416e-22  2.02623e-05  8.30484e-22 -5.17668e-05 -1.02705e-21  9.75963e-05  1.33482e-21 -0.000133921 -2.86838e-21    0.0001243  5.98857e-21 -5.65884e-05 -8.46241e-21 -2.75346e-05   5.7946e-21  6.17908e-05  2.98142e-21 -2.76671e-05 -1.14205e-20 -2.15911e-05  1.19693e-20  2.82623e-05 -4.75961e-21   6.8974e-08 -2.97419e-21 -1.58853e-05  5.75016e-21  4.73428e-06 -4.21338e-21  6.95899e-06  1.55224e-21 -3.53138e-06 -1.00878e-22 -2.68645e-06   1.3655e-22  1.68625e-06 -3.33869e-22  9.80687e-07  2.30109e-23 -5.74246e-07  1.61749e-22 -3.33222e-07  4.17175e-23   1.2311e-07 -1.46793e-22   8.8745e-08  4.84198e-23 -8.28265e-09  9.22049e-24  -1.2122e-08 -3.78794e-24 -1.20681e-09 -3.84067e-25  1.64893e-10
-7.12051e-24  7.80588e-08   1.0544e-23 -9.78827e-07  4.50854e-23  6.38725e-06    1.681e-22 -2.70324e-05 -5.91706e-22  8.09484e-05 -2.03411e-22 -0.000177938  2.84494e-21  0.000288314 -4.51308e-21 -0.000332188  4.91646e-22  0.000236693  1.05244e-20 -3.34147e-05 -2.03326e-20 -0.000129197  1.61845e-20  0.000126268  1.88722e-21 -3.87388e-06 -1.78253e-20 -7.59968e-05  1.77117e-20   3.9802e-05 -4.82194e-21  2.71564e-05 -7.27789e-21 -3.11418e-05  1.10267e-20 -5.57692e-06 -7.78461e-21  1.66461e-05   2.5753e-21 -1.09208e-07 -6.66552e-23 -7.23757e-06  3.37417e-22  5.08416e-07  -4.1723e-22  2.64985e-06 -2.35354e-22 -1.08812e-07  2.11982e-22 -7.73704e-07  2.54655e-22 -4.72152e-08 -2.43803e-22  1.48402e-07  2.41927e-23  2.86832e-08  2.02788e-23 -1.01736e-08 -1.97797e-24 -2.57789e-09 -5.54531e-25
 -2.9828e-08 -3.29845e-23  6.62737e-07 -6.57993e-23 -5.73865e-06    1.681e-22  2.97187e-05  1.71814e-22  -0.00010522  1.54673e-21  0.000269865 -9.79062e-21 -0.000511642  2.33027e-20  0.000708136 -3.16125e-20 -0.000667433  2.16652e-20  0.000318191   6.5502e-21  0.000130336 -2.89908e-20 -0.000328428  2.13682e-20  0.000161882  8.04559e-21  0.000103493 -2.81096e-20 -0.000155035    2.164e-20  1.07744e-05 -4.20154e-22  8.29914e-05 -1.60151e-20 -3.21935e-05  1.96738e-20 -3.40646e-05 -1.23648e-20  2.23313e-05  3.11985e-21  1.20954e-05 -1.57574e-23 -1.05833e-05   7.4147e-22 -4.11102e-06 -1.58052e-22  3.75166e-06 -7.42975e-22  1.39289e-06  3.68252e-23 -9.20913e-07  6.11991e-22 -4.05659e-07 -2.77304e-22  1.12158e-07  -2.8466e-23  6.71903e-08   2.3535e-23  9.87618e-10  1.95177e-25 -1.52436e-09
 3.14648e-23 -3.29339e-07 -3.17931e-23  4.13482e-06 -3.71416e-22 -2.70324e-05  1.71814e-22  0.000114724 -9.25299e-22 -0.000344891  1.19318e-20   0.00076239 -4.03427e-20   -0.0012456  7.60047e-20   0.00145462 -9.19856e-20  -0.00106628  6.38801e-20  0.000192796 -5.53793e-21  0.000540438  -2.9926e-20 -0.000571921  1.37964e-20  5.50813e-05  2.43703e-20  0.000321896 -3.86807e-20 -0.000197546  1.90536e-20 -9.96035e-05  1.08758e-20  0.000144705 -3.05549e-20  9.10929e-06  3.13361e-20 -7.40831e-05 -1.61584e-20  9.48788e-06  2.66269e-21  3.11272e-05 -4.94931e-22 -6.60785e-06  1.18794e-21 -1.12366e-05  8.75972e-22  2.24369e-06 -1.33318e-21  3.37975e-06 -5.29493e-22 -3.24354e-07  9.81214e-22 -7.25326e-07 -1.98705e-22 -4.10672e-08 -7.84108e-23  6.87849e-08  1.81868e-23  1.00651e-08  9.96556e-25
  1.0501e-07  1.30113e-22 -2.33576e-06  2.32751e-22  2.02623e-05 -5.91706e-22  -0.00010522 -9.25299e-22  0.000374004 -5.40274e-21 -0.000964626   3.9505e-20   0.00184374 -1.04328e-19  -0.00258373  1.69073e-19   0.00248958  -1.8159e-19  -0.00126497  1.14695e-19 -0.000386381 -2.13405e-20   0.00119752 -1.55936e-20 -0.000669987 -1.31259e-20 -0.000314265  4.75344e-20  0.000586382 -4.14129e-20  -9.8119e-05  5.55246e-21 -0.000290223  3.07249e-20  0.000151879  -5.1287e-20  0.000105829  4.30086e-20 -9.73452e-05 -1.64304e-20 -3.11516e-05  1.67749e-21  4.51415e-05 -2.20718e-21  8.49241e-06   1.0105e-21 -1.63485e-05    2.941e-21 -2.71384e-06  -1.6089e-21  4.40793e-06  -1.4369e-21  9.53697e-07  1.16216e-21 -7.12987e-07   -3.998e-23 -2.15333e-07 -9.60058e-23  2.85494e-08  1.08281e-23  7.97918e-09
-1.06432e-22  9.81887e-07  1.66714e-22 -1.23486e-05  8.30484e-22  8.09484e-05  1.54673e-21 -0.000344891 -5.40274e-21   0.00104266 -1.64777e-20  -0.00232334  9.15415e-20   0.00384103 -2.04424e-19  -0.00457202  2.91714e-19   0.00348575 -2.75267e-19 -0.000821927  1.55111e-19  -0.00156815 -4.44438e-20   0.00186679  2.56899e-20 -0.000345169 -5.97047e-20 -0.000945147  6.70404e-20  0.000712689 -2.90643e-20   0.00021862 -1.94124e-20 -0.000478022  5.97636e-20  4.02497e-05 -7.57714e-20  0.000228008  4.88411e-20 -6.79261e-05 -1.15365e-20 -8.94106e-05  1.96154e-21  3.85175e-05 -5.18871e-21  3.06996e-05 -8.04007e-22 -1.41518e-05  5.73549e-21   -9.308e-06 -1.18322e-21  3.27175e-06 -2.37038e-21  2.23172e-06  1.04612e-21 -2.99776e-07  1.08234e-22 -2.80624e-07 -8.14482e-23 -1.50848e-08  5.52731e-24
-2.67186e-07 -4.10925e-22  5.95215e-06 -3.37613e-22 -5.17668e-05 -2.03411e-22  0.000269865  1.19318e-20 -0.000964626 -1.64777e-20   0.00250786  -3.6417e-20  -0.00484886  1.67034e-19   0.00691499 -3.27132e-19  -0.00686994  4.12881e-19    0.0037909 -3.38978e-19  0.000666839  1.78201e-19  -0.00316607 -8.87707e-20   0.00208131  9.83895e-20  0.000575593 -1.13296e-19  -0.00161362  7.07451e-20  0.000484229 -3.12374e-21  0.000700791 -5.20496e-20 -0.000522482  9.69507e-20 -0.000197869 -9.70888e-20  0.000306074  4.29606e-20  2.75173e-05  -3.0518e-21 -0.000135839  5.55514e-21  4.71058e-06  -8.1428e-21  4.89495e-05 -4.97624e-21 -3.07958e-06  8.36355e-21 -1.40062e-05  1.95952e-23   1.1283e-07 -2.94738e-21  2.72485e-06  7.04708e-22  2.74467e-07  1.74454e-22 -1.99274e-07 -5.64738e-23 -2.41782e-08
 2.77067e-22 -2.14499e-06 -6.12536e-22   2.7041e-05 -1.02705e-21 -0.000177938 -9.79062e-21   0.00076239   3.9505e-20  -0.00232334  -3.6417e-20   0.00523647 -6.42354e-20  -0.00880308    2.553e-19    0.0107607 -4.47168e-19  -0.00864744   4.9488e-19   0.00267015 -3.54131e-19   0.00320319  1.97477e-19  -0.00456573 -1.63275e-19   0.00138205  1.86435e-19   0.00194279 -1.51695e-19  -0.00193416  5.67162e-20 -0.000176899  2.33613e-20    0.0011498 -8.72946e-20 -0.000320191  1.37431e-19 -0.000483864 -1.05558e-19  0.000274808  2.42079e-20   0.00016176  4.19853e-21 -0.000140434   1.3027e-20 -4.66556e-05 -8.78445e-21  5.25435e-05 -1.12722e-20  1.30729e-05  9.77051e-21 -1.40849e-05  1.68057e-21 -3.63569e-06 -2.96898e-21  2.14797e-06  3.26483e-22  6.63289e-07  1.56129e-22 -5.61617e-08 -3.33967e-23
   5.008e-07   9.9787e-22 -1.11804e-05  2.25348e-22  9.75963e-05  2.84494e-21 -0.000511642 -4.03427e-20   0.00184374  9.15415e-20  -0.00484886 -6.42354e-20   0.00953089 -9.59739e-20   -0.0139323  3.43378e-19    0.0144341 -5.39387e-19  -0.00882975   5.1529e-19  -0.00020118 -3.33709e-19   0.00614934  2.32835e-19  -0.00497111 -2.54059e-19 -0.000320965  2.55788e-19   0.00326128  -1.5874e-19  -0.00159767  4.12051e-20  -0.00110237  3.29949e-20   0.00132922 -1.20997e-19  0.000107896   1.7109e-19 -0.000693508 -9.42928e-20  0.000121323 -1.60238e-21  0.000281621  4.62557e-21 -9.32993e-05  2.28035e-20 -9.57218e-05 -5.17126e-21  3.81723e-05 -1.83442e-20  2.77769e-05  9.32248e-21 -9.32213e-06  3.25998e-21 -6.27678e-06 -2.50152e-21  8.61363e-07   8.0742e-23  6.79108e-07  1.02224e-22  2.78994e-08
-5.61884e-22  3.44406e-06  1.51235e-21 -4.35695e-05  1.33482e-21  0.000288314  2.33027e-20   -0.0012456 -1.04328e-19   0.00384103  1.67034e-19  -0.00880308 -9.59739e-20    0.0151611 -1.28358e-19   -0.0192398  4.23202e-19    0.0165814 -5.86723e-19  -0.00670019  4.80939e-19  -0.00432464  -3.1125e-19   0.00842381  2.86858e-19  -0.00390683 -3.26035e-19  -0.00257776   2.7463e-19   0.00395659 -1.38885e-19  -0.00060294  5.14813e-20  -0.00195669  1.68549e-20   0.00112101  -1.4907e-19  0.000622346  1.85914e-19 -0.000736071 -6.39421e-20 -0.000107715 -2.46311e-20  0.000341567 -5.16987e-21 -8.73649e-06  3.20889e-20 -0.000124813  2.98683e-21  1.07462e-05 -2.42339e-20  3.57123e-05  7.11286e-21 -1.72562e-06  4.25463e-21 -6.83313e-06 -1.79216e-21 -4.39773e-07   1.8974e-23  4.02835e-07  5.52051e-23
-6.81208e-07 -1.89691e-21  1.52561e-05   2.9465e-23 -0.000133921 -4.51308e-21  0.000708136  7.60047e-20  -0.00258373 -2.04424e-19   0.00691499    2.553e-19   -0.0139323 -1.28358e-19    0.0211168 -1.60979e-19   -0.0231965   4.8616e-19    0.0161208 -5.79598e-19  -0.00249012  4.20125e-19  -0.00847124 -3.10416e-19   0.00911242  3.39416e-19  -0.00158321 -3.47211e-19  -0.00462848  2.34523e-19   0.00373886 -1.17192e-19   0.00073529  1.06153e-19  -0.00244763 -1.80272e-20  0.000589137 -1.67327e-19   0.00105801  1.75065e-19 -0.000600458 -2.18485e-20 -0.000341059 -3.64262e-20  0.000325562  -2.5219e-20   8.6947e-05  3.82894e-20 -0.000126263  1.40693e-20 -2.07425e-05 -2.72683e-20  3.48883e-05  3.86504e-21  5.86236e-06  4.39219e-21  -5.3796e-06  -1.1387e-21 -1.16018e-06  5.80682e-23  9.68595e-08
   8.993e-22 -3.91064e-06 -2.81811e-21   4.9746e-05 -2.86838e-21 -0.000332188 -3.16125e-20   0.00145462  1.69073e-19  -0.00457202 -3.27132e-19    0.0107607  3.43378e-19   -0.0192398 -1.60979e-19    0.0258105 -1.91542e-19   -0.0244684  5.09921e-19    0.0129823 -5.12355e-19   0.00258012  3.56107e-19   -0.0113504 -3.26182e-19   0.00804153  3.68567e-19   0.00122671  -3.1183e-19  -0.00587284  1.54917e-19    0.0027475 -1.24399e-19   0.00200835  1.99275e-19  -0.00247955 -5.26797e-20 -9.30837e-05 -1.74432e-19   0.00131349  1.40475e-19 -0.000338636  2.31441e-20 -0.000522168 -3.28514e-20  0.000244771 -5.28864e-20  0.000169685  3.97665e-20 -0.000102289  2.54578e-20 -4.77356e-05 -2.67914e-20  2.65022e-05  5.99574e-22  1.10684e-05  3.72631e-21 -2.80274e-06 -7.52533e-22  -1.1018e-06  6.21769e-23
 6.22737e-07  2.88564e-21 -1.40209e-05 -3.50965e-22    0.0001243  4.91646e-22 -0.000667433 -9.19856e-20   0.00248958  2.91714e-19  -0.00686994 -4.47168e-19    0.0144341  4.23202e-19   -0.0231965 -1.91542e-19    0.0278189 -2.07774e-19    -0.022754  4.58751e-19   0.00827738 -3.80926e-19   0.00697881  2.85957e-19   -0.0123713 -3.36795e-19   0.00581567     3.72e-19   0.00370793 -2.36628e-19  -0.00617357  6.87969e-20   0.00137396 -1.77642e-19   0.00295042  3.01752e-19  -0.00213738 -6.70505e-20 -0.000760993 -1.73675e-19   0.00137052  8.88331e-20 -2.04005e-05  6.48727e-20 -0.000623975 -1.33094e-20  0.000123255 -8.38886e-20  0.000224395  3.58931e-20 -6.09603e-05  3.47643e-20  -6.4542e-05 -2.32958e-20  1.37159e-05  -1.7075e-21   1.2695e-05  2.62476e-21 -3.03545e-07 -6.12123e-22 -5.39375e-07
 -1.1343e-21   2.7027e-06  4.24446e-21 -3.47723e-05  5.98857e-21  0.000236693  2.16652e-20  -0.00106628  -1.8159e-19   0.00348575  4.12881e-19  -0.00864744 -5.39387e-19    0.0165814   4.8616e-19   -0.0244684 -2.07774e-19    0.0267545 -1.88303e-19   -0.0190482  3.06146e-19   0.00364482 -1.84172e-19   0.00976871  1.90224e-19   -0.0118621 -3.31868e-19   0.00330687  3.61164e-19   0.00545409  -1.3509e-19   -0.0057731  2.92476e-21 -2.64546e-05 -2.69463e-19   0.00350106  3.77658e-19  -0.00156868  -4.8633e-20  -0.00131844 -1.69201e-19   0.00126016  2.46217e-20  0.000296844  1.00132e-19 -0.000642974  2.06519e-20 -1.35793e-05  -1.1278e-19  0.000245185  2.70716e-20 -1.23171e-05  4.04182e-20  -6.8915e-05 -1.80568e-20  3.26289e-07 -2.40547e-21  1.08722e-05  1.61538e-21  1.11645e-06 -4.47324e-22
-2.71112e-07 -3.53542e-21  6.19595e-06  1.00387e-21 -5.65884e-05  1.05244e-20  0.000318191  6.38801e-20  -0.00126497 -2.75267e-19    0.0037909   4.9488e-19  -0.00882975 -5.86723e-19    0.0161208  5.09921e-19    -0.022754 -1.88303e-19     0.023564 -1.17789e-19   -0.0150149  5.98422e-20  0.000249217   6.6364e-20    0.0109961  6.72001e-20   -0.0106174 -3.25126e-19   0.00109359  3.33837e-19   0.00650381 -1.73744e-21  -0.00499741 -3.18003e-20  -0.00127486 -3.72709e-19   0.00371638  4.01561e-19 -0.000894843  5.11674e-21   -0.0017282 -1.60041e-19    0.0010274 -5.23899e-20  0.000574569  1.26739e-19 -0.000589111  6.48156e-20 -0.000144241 -1.33729e-19  0.000233236  1.49487e-20  3.41735e-05  4.15342e-20 -6.16546e-05 -1.26907e-20 -1.02918e-05 -1.44207e-21  6.83269e-06  1.06725e-21  1.08909e-06
 1.09786e-21 -2.70937e-07 -5.36349e-21  3.99498e-06 -8.46241e-21 -3.34147e-05   6.5502e-21  0.000192796  1.14695e-19 -0.000821927 -3.38978e-19   0.00267015   5.1529e-19  -0.00670019 -5.79598e-19    0.0129823  4.58751e-19   -0.0190482 -1.17789e-19    0.0199116   -2.548e-21   -0.0119351 -2.35823e-19  -0.00173994  3.33718e-19    0.0113179 -4.64449e-20  -0.00927098 -3.36968e-19 -0.000694136  2.58411e-19   0.00707386  1.73623e-19  -0.00405783 -3.57121e-20  -0.00232524 -4.58184e-19   0.00367126  3.65534e-19 -0.000195121  8.82231e-20  -0.00198354 -1.38692e-19  0.000715946 -1.43439e-19  0.000789844  1.42315e-19  -0.00047896  1.11294e-19 -0.000252884 -1.42269e-19  0.000194457  2.41081e-21  7.10603e-05  3.77675e-20 -4.58022e-05   -8.785e-21 -1.58974e-05  4.03242e-22  2.47489e-06  8.12216e-22
-1.51264e-07  3.45297e-21  3.31906e-06 -2.71858e-21 -2.75346e-05 -2.03326e-20  0.000130336 -5.53793e-21 -0.000386381  1.55111e-19  0.000666839 -3.54131e-19  -0.00020118  4.80939e-19  -0.00249012 -5.12355e-19   0.00827738  3.06146e-19   -0.0150149   -2.548e-21    0.0171127   1.3103e-19   -0.0101041   -5.199e-19  -0.00285158  5.58162e-19    0.0113458 -9.37764e-20  -0.00804318 -3.64783e-19  -0.00215755  9.30171e-20   0.00732985  3.78502e-19  -0.00304942 -1.01202e-20  -0.00317539   -5.109e-19   0.00342695  2.75632e-19  0.000477952  1.88375e-19  -0.00209247 -9.55123e-20  0.000364567 -2.44697e-19  0.000931781  1.44732e-19 -0.000331559  1.49962e-19 -0.000329536 -1.36974e-19  0.000137432 -6.99219e-21    9.357e-05  2.96434e-20 -2.57319e-05 -7.35021e-21  -1.5783e-05  1.66337e-21 -2.21341e-07
-7.47842e-22 -1.57165e-06  5.79833e-21  1.98183e-05   5.7946e-21 -0.000129197 -2.89908e-20  0.000540438 -2.13405e-20  -0.00156815  1.78201e-19   0.00320319 -3.33709e-19  -0.00432464  4.20125e-19   0.00258012 -3.80926e-19   0.00364482  5.98422e-20   -0.0119351   1.3103e-19    0.0155025   2.5262e-19  -0.00907504  -7.3851e-19  -0.00365091  6.80754e-19    0.0113234 -3.55614e-20  -0.00690505 -3.74702e-19  -0.00339104  -1.7338e-19   0.00735054  5.69704e-19  -0.00202348  4.70097e-20  -0.00382992  -5.3149e-19   0.00303564  1.44761e-19   0.00108883  2.89228e-19  -0.00207185 -2.48116e-20  5.45198e-06 -3.43551e-19  0.000998536  1.33293e-19 -0.000165673  1.72199e-19 -0.000369533 -1.19703e-19  7.17807e-05 -1.01564e-20    9.976e-05  1.90069e-20 -6.27639e-06 -7.97077e-21 -1.09512e-05  1.26871e-21
 3.08569e-07 -2.56766e-21 -6.98097e-06  5.66042e-21  6.17908e-05  1.61845e-20 -0.000328428  -2.9926e-20   0.00119752 -4.44438e-20  -0.00316607  1.97477e-19   0.00614934  -3.1125e-19  -0.00847124  3.56107e-19   0.00697881 -1.84172e-19  0.000249217 -2.35823e-19   -0.0101041   2.5262e-19    0.0146617   3.4139e-19  -0.00831919 -8.60776e-19  -0.00437215  6.67567e-19    0.0112461  1.28576e-19  -0.00581315 -3.28256e-19  -0.00442586 -4.95261e-19    0.0071853  6.94719e-19  -0.00102111  1.35709e-19  -0.00430099 -5.24098e-19   0.00254339 -1.28402e-20   0.00161608  3.73173e-19  -0.00194286  7.06446e-20 -0.000336378 -4.20442e-19  0.000994473  1.09675e-19  1.75803e-06  1.73952e-19 -0.000372617 -9.47378e-20  6.99939e-06 -5.73935e-21  9.04015e-05    8.889e-21  8.07887e-06 -8.40911e-21   -4.315e-06
 2.35237e-22  1.41212e-06 -5.19531e-21 -1.83781e-05  2.98142e-21  0.000126268  2.13682e-20 -0.000571921 -1.55936e-20   0.00186679 -8.87707e-20  -0.00456573  2.32835e-19   0.00842381 -3.10416e-19   -0.0113504  2.85957e-19   0.00976871   6.6364e-20  -0.00173994   -5.199e-19  -0.00907504   3.4139e-19    0.0140745  3.90117e-19  -0.00761628 -8.85597e-19  -0.00500755  5.15466e-19    0.0110885  3.66653e-19  -0.00477623 -2.19726e-19  -0.00527842 -7.86063e-19    0.0068826  7.21097e-19 -7.03677e-05  2.45436e-19  -0.00460807 -4.84717e-19   0.00198778 -1.84981e-19   0.00204901  4.24614e-19  -0.00172747  1.77869e-19 -0.000642412 -4.57092e-19  0.000927888  7.81419e-20  0.000156308   1.5637e-19 -0.000342029 -6.77754e-20 -4.83532e-05  5.06273e-21  6.87576e-05  2.57908e-21  1.38996e-05 -5.96691e-21
-1.24143e-07  1.20119e-21   2.9227e-06  -7.9345e-21 -2.76671e-05  1.88722e-21  0.000161882  1.37964e-20 -0.000669987  2.56899e-20   0.00208131 -1.63275e-19  -0.00497111  2.86858e-19   0.00911242 -3.26182e-19   -0.0123713  1.90224e-19    0.0109961  3.33718e-19  -0.00285158  -7.3851e-19  -0.00831919  3.90117e-19    0.0135264  4.05709e-19  -0.00698377 -8.36635e-19  -0.00552847  2.45977e-19    0.0108766  6.29643e-19   -0.0038108 -8.64951e-20  -0.00597618 -9.63445e-19   0.00648296  6.47484e-19   0.00081489  3.53385e-19  -0.00477215 -4.00772e-19   0.00139783 -3.62999e-19   0.00238378  4.34079e-19   -0.0014466   2.7668e-19 -0.000899511 -4.47183e-19  0.000809436  4.48658e-20  0.000286265  1.24571e-19 -0.000283757  -4.5001e-20 -8.72303e-05  1.86388e-20  4.02817e-05  1.82265e-21  1.01699e-05
 1.86676e-22  6.29035e-08  3.37003e-21 -2.84061e-07 -1.14205e-20 -3.87388e-06  8.04559e-21  5.50813e-05 -1.31259e-20 -0.000345169  9.83895e-20   0.00138205 -2.54059e-19  -0.00390683  3.39416e-19   0.00804153 -3.36795e-19   -0.0118621  6.72001e-20    0.0113179  5.58162e-19  -0.00365091 -8.60776e-19  -0.00761628  4.05709e-19    0.0130392  4.06718e-19   -0.0064594 -7.45428e-19  -0.00596019 -9.45556e-20    0.0106441  8.58909e-19  -0.00291491  1.83637e-20  -0.00654746 -9.87107e-19   0.00601416   4.9262e-19   0.00162884  4.34797e-19  -0.00481251 -2.60884e-19  0.000795806  -5.4001e-19   0.00262085  4.03039e-19  -0.00111949  3.48439e-19  -0.00109882  -4.0092e-19   0.00065112  1.68688e-20    0.0003826  8.51054e-20  -0.00020597 -3.18302e-20 -0.000104662    2.922e-20  1.26505e-05  3.80913e-21
-1.17676e-07  7.92021e-23  2.58627e-06   6.9612e-21 -2.15911e-05 -1.78253e-20  0.000103493  2.43703e-20 -0.000314265 -5.97047e-20  0.000575593  1.86435e-19 -0.000320965 -3.26035e-19  -0.00158321  3.68567e-19   0.00581567 -3.31868e-19   -0.0106174 -4.64449e-20    0.0113458  6.80754e-19  -0.00437215 -8.85597e-19  -0.00698377  4.06718e-19    0.0126548  4.12736e-19  -0.00602475 -6.34583e-19  -0.00633856 -4.28351e-19    0.0104042  9.91857e-19  -0.00207933   6.4893e-20  -0.00701354  -8.6527e-19    0.0054957  2.78787e-19   0.00236961  4.80738e-19  -0.00474638 -6.75411e-20  0.000198777 -7.06688e-19   0.00276326  3.46353e-19 -0.000763453  3.85006e-19  -0.00123477 -3.37804e-19  0.000465704  1.14881e-21  0.000438864  4.25462e-20  -0.00011873 -3.08182e-20  -9.8294e-05  2.95498e-20 -3.86854e-06
-3.39639e-22 -9.05375e-07 -8.66463e-22  1.15259e-05  1.19693e-20 -7.59968e-05 -2.81096e-20  0.000321896  4.75344e-20 -0.000945147 -1.13296e-19   0.00194279  2.55788e-19  -0.00257776 -3.47211e-19   0.00122671     3.72e-19   0.00330687 -3.25126e-19  -0.00927098 -9.37764e-20    0.0113234  6.67567e-19  -0.00500755 -8.36635e-19   -0.0064594  4.12736e-19    0.0123585   4.2934e-19  -0.00564846 -5.15755e-19  -0.00668025 -6.55858e-19     0.010161  9.80115e-19  -0.00129712  6.34328e-20  -0.00739117 -6.40197e-19   0.00494204  2.27464e-20   0.00303796  5.10367e-19  -0.00458868  1.54822e-19 -0.000380261  -8.4912e-19   0.00281544  2.87056e-19 -0.000394039  3.89305e-19  -0.00130433   -2.727e-19  0.000266498  3.85022e-21  0.000451137 -1.34638e-21  -3.3789e-05  -3.9287e-20 -6.92603e-05  1.63368e-20
 1.34843e-07 -7.60027e-22 -3.11179e-06 -2.78467e-21  2.82623e-05  1.77117e-20 -0.000155035 -3.86807e-20  0.000586382  6.70404e-20  -0.00161362 -1.51695e-19   0.00326128   2.7463e-19  -0.00462848  -3.1183e-19   0.00370793  3.61164e-19   0.00109359 -3.36968e-19  -0.00804318 -3.55614e-20    0.0112461  5.15466e-19  -0.00552847 -7.45428e-19  -0.00602475   4.2934e-19    0.0121215   4.4204e-19  -0.00531725 -4.00973e-19   -0.0069927 -6.98416e-19   0.00991905  8.16094e-19 -0.000562077  5.34028e-20  -0.00769475   -3.742e-19    0.0043634 -2.66954e-19   0.00363626  5.63453e-19  -0.00435186  3.63712e-19  -0.00093127 -9.51917e-19   0.00278233  2.42488e-19 -2.53836e-05  3.66415e-19   -0.0013064 -2.07799e-19   6.7381e-05  2.97546e-20  0.000418257  -4.1679e-20  3.55903e-05 -4.74603e-20 -2.82055e-05
 2.37683e-22  3.86956e-07 -1.06196e-21 -5.35653e-06 -4.75961e-21   3.9802e-05    2.164e-20 -0.000197546 -4.14129e-20  0.000712689  7.07451e-20  -0.00193416  -1.5874e-19   0.00395659  2.34523e-19  -0.00587284 -2.36628e-19   0.00545409  3.33837e-19 -0.000694136 -3.64783e-19  -0.00690505  1.28576e-19    0.0110885  2.45977e-19  -0.00596019 -6.34583e-19  -0.00564846   4.4204e-19     0.011933  4.27377e-19  -0.00502647 -3.08996e-19  -0.00728435 -5.52638e-19   0.00968216   5.4374e-19  0.000132706  8.18095e-20  -0.00793609 -1.36659e-19   0.00376651 -5.89139e-19   0.00416744  6.71181e-19  -0.00404603  5.17178e-19   -0.0014462 -1.00357e-18   0.00266892  2.11849e-19  0.000329262  3.15068e-19  -0.00124155 -1.37859e-19 -0.000116944  8.04971e-20  0.000342703 -6.28832e-20  7.23914e-05 -3.84394e-20
 1.14845e-08  7.11478e-22 -1.65025e-07 -1.44662e-21   6.8974e-08 -4.82194e-21  1.07744e-05  1.90536e-20  -9.8119e-05 -2.90643e-20  0.000484229  5.67162e-20  -0.00159767 -1.38885e-19   0.00373886  1.54917e-19  -0.00617357  -1.3509e-19   0.00650381  2.58411e-19  -0.00215755 -3.74702e-19  -0.00581315  3.66653e-19    0.0108766 -9.45556e-20  -0.00633856 -5.15755e-19  -0.00531725  4.27377e-19    0.0117904  3.73394e-19  -0.00476999 -2.53804e-19  -0.00756322   -3.059e-19   0.00945223  2.36236e-19  0.000794136  1.88785e-19  -0.00812458  1.98612e-20   0.00315549 -9.41447e-19   0.00463442  8.25933e-19  -0.00367913  5.96691e-19  -0.00191812 -9.98552e-19      0.00248  1.79542e-19  0.000656945  2.28381e-19  -0.00111198 -6.27664e-20 -0.000270088  1.48243e-19  0.000230841 -4.58371e-20   5.9088e-05
-4.75784e-23  3.67032e-07  1.51281e-21 -4.46467e-06 -2.97419e-21  2.71564e-05 -4.20154e-22 -9.96035e-05  5.55246e-21   0.00021862 -3.12374e-21 -0.000176899  4.12051e-20  -0.00060294 -1.17192e-19    0.0027475  6.87969e-20   -0.0057731 -1.73744e-21   0.00707386  9.30171e-20  -0.00339104 -3.28256e-19  -0.00477623  6.29643e-19    0.0106441 -4.28351e-19  -0.00668025 -4.00973e-19  -0.00502647  3.73394e-19    0.0116898  2.91351e-19  -0.00454177 -2.25002e-19  -0.00783541  -8.6549e-20   0.00923006 -4.80982e-20   0.00142879  4.02473e-19  -0.00826758  8.57818e-20   0.00253239 -1.30488e-18    0.0050396  9.80303e-19  -0.00325719  6.15567e-19   -0.0023405 -9.34139e-19      0.00222  1.33571e-19  0.000944099  9.79872e-20 -0.000921795  3.75279e-21 -0.000374533  2.07511e-19  9.87577e-05 -2.66459e-21
-7.91934e-08 -2.74266e-22  1.80076e-06   2.9423e-21 -1.58853e-05 -7.27789e-21  8.29914e-05  1.08758e-20 -0.000290223 -1.94124e-20  0.000700791  2.33613e-20  -0.00110237  5.14813e-20   0.00073529 -1.24399e-19   0.00137396  2.92476e-21  -0.00499741  1.73623e-19   0.00732985  -1.7338e-19  -0.00442586 -2.19726e-19   -0.0038108  8.58909e-19    0.0104042 -6.55858e-19   -0.0069927 -3.08996e-19  -0.00476999  2.91351e-19    0.0116271  2.05889e-19  -0.00433754 -1.82069e-19   -0.0081061  1.40633e-20    0.0090159 -3.00741e-19   0.00204308  7.36809e-19  -0.00837067  9.56206e-20   0.00189766 -1.63668e-18   0.00538455  1.07926e-18  -0.00278451  6.03904e-19  -0.00270633 -8.04258e-19   0.00189328  8.09766e-20   0.00117606 -8.54734e-20 -0.000678913  3.27773e-20 -0.000409387  2.11668e-19 -3.55409e-06
-6.43636e-23  -3.2694e-07 -8.49582e-22  4.39369e-06  5.75016e-21 -3.11418e-05 -1.60151e-20  0.000144705  3.07249e-20 -0.000478022 -5.20496e-20    0.0011498  3.29949e-20  -0.00195669  1.06153e-19   0.00200835 -1.77642e-19 -2.64546e-05 -3.18003e-20  -0.00405783  3.78502e-19   0.00735054 -4.95261e-19  -0.00527842 -8.64951e-20  -0.00291491  9.91857e-19     0.010161 -6.98416e-19  -0.00728435 -2.53804e-19  -0.00454177  2.05889e-19    0.0116001  1.30075e-19   -0.0041539 -7.08265e-20  -0.00838013 -2.00529e-20    0.0088094 -5.64018e-19   0.00264335  1.18445e-18  -0.00843781   9.7657e-20    0.0012503 -1.88361e-18   0.00566952  1.09093e-18  -0.00226401  5.79145e-19  -0.00300744 -5.97075e-19   0.00150482  4.98838e-20   0.00133525 -3.20047e-19  -0.00039686 -1.26716e-20  -0.00034168  1.22055e-19
 1.57007e-08 -6.28271e-23 -4.27592e-07 -2.02528e-21  4.73428e-06  1.10267e-20 -3.21935e-05 -3.05549e-20  0.000151879  5.97636e-20 -0.000522482 -8.72946e-20   0.00132922  1.68549e-20  -0.00244763  1.99275e-19   0.00295042 -2.69463e-19  -0.00127486 -3.57121e-20  -0.00304942  5.69704e-19    0.0071853 -7.86063e-19  -0.00597618  1.83637e-20  -0.00207933  9.80115e-19   0.00991905 -5.52638e-19  -0.00756322 -2.25002e-19  -0.00433754  1.30075e-19    0.0116077  4.89244e-20  -0.00398787  1.52092e-19  -0.00866201 -1.55092e-19    0.0086097 -8.96213e-19   0.00323589  1.70132e-18  -0.00847128   1.2075e-19  0.000588266 -2.00492e-18    0.0058931  1.00472e-18  -0.00169765  5.24582e-19  -0.00323347 -2.97863e-19    0.0010601  8.10822e-20   0.00139939 -5.63401e-19   -9.426e-05 -1.32426e-19 -0.000168094
 5.79105e-23 -1.09932e-07  1.33536e-22  1.18444e-06 -4.21338e-21 -5.57692e-06  1.96738e-20  9.10929e-06  -5.1287e-20  4.02497e-05  9.69507e-20 -0.000320191 -1.20997e-19   0.00112101 -1.80272e-20  -0.00247955  3.01752e-19   0.00350106 -3.72709e-19  -0.00232524 -1.01202e-20  -0.00202348  6.94719e-19    0.0068826 -9.63445e-19  -0.00654746   6.4893e-20  -0.00129712  8.16094e-19   0.00968216   -3.059e-19  -0.00783541 -1.82069e-19   -0.0041539  4.89244e-20    0.0116493 -7.04647e-20  -0.00383685  5.06923e-19  -0.00895615 -3.54752e-19   0.00841546 -1.32219e-18   0.00382706   2.1953e-18  -0.00847182  1.68802e-19 -9.15205e-05 -1.98269e-18   0.00605179  8.06802e-19  -0.00108613  3.97106e-19  -0.00337031  1.13022e-19  0.000568066  2.11097e-19   0.00134665 -7.03601e-19  0.000167367 -1.93336e-19
 3.67669e-08   1.0771e-22  -8.1902e-07   6.5877e-22  6.95899e-06 -7.78461e-21 -3.40646e-05  3.13361e-20  0.000105829 -7.57714e-20 -0.000197869  1.37431e-19  0.000107896  -1.4907e-19  0.000589137 -5.26797e-20  -0.00213738  3.77658e-19   0.00371638 -4.58184e-19  -0.00317539  4.70097e-20  -0.00102111  7.21097e-19   0.00648296 -9.87107e-19  -0.00701354  6.34328e-20 -0.000562077   5.4374e-19   0.00945223  -8.6549e-20   -0.0081061 -7.08265e-20  -0.00398787 -7.04647e-20    0.0117249 -2.52383e-19  -0.00369861  9.96442e-19  -0.00926699 -5.94749e-19   0.00822485 -1.80553e-18   0.00442346  2.54367e-18  -0.00843838  2.45908e-19 -0.000793264 -1.80906e-18   0.00613884  4.69089e-19  -0.00043116  1.49965e-19   -0.0034004  6.41079e-19   4.7728e-05  4.55462e-19   0.00113371  -5.7889e-19  0.000232846
-5.16548e-24  1.81826e-07  9.19038e-23 -2.41024e-06  1.55224e-21  1.66461e-05 -1.23648e-20 -7.40831e-05  4.30086e-20  0.000228008 -9.70888e-20 -0.000483864   1.7109e-19  0.000622346 -1.67327e-19 -9.30837e-05 -6.70505e-20  -0.00156868  4.01561e-19   0.00367126   -5.109e-19  -0.00382992  1.35709e-19 -7.03677e-05  6.47484e-19   0.00601416  -8.6527e-19  -0.00739117  5.34028e-20  0.000132706  2.36236e-19   0.00923006  1.40633e-20  -0.00838013  1.52092e-19  -0.00383685 -2.52383e-19    0.0118355 -4.99861e-19  -0.00357109  1.61631e-18  -0.00959927 -8.36399e-19    0.0080354 -2.26762e-18   0.00503214  2.63995e-18  -0.00836762  3.83272e-19  -0.00152112 -1.45908e-18   0.00614412 -2.28839e-20  0.000264188 -2.68729e-19  -0.00329454   1.1975e-18 -0.000477378  7.81138e-19  0.000695817  -1.9723e-19
-1.31231e-08 -8.19773e-24  3.40166e-07 -7.87474e-24 -3.53138e-06   2.5753e-21  2.23313e-05 -1.61584e-20 -9.73452e-05  4.88411e-20  0.000306074 -1.05558e-19 -0.000693508  1.85914e-19   0.00105801 -1.74432e-19 -0.000760993  -4.8633e-20 -0.000894843  3.65534e-19   0.00342695  -5.3149e-19  -0.00430099  2.45436e-19   0.00081489   4.9262e-19    0.0054957 -6.40197e-19  -0.00769475  8.18095e-20  0.000794136 -4.80982e-20    0.0090159 -2.00529e-20  -0.00866201  5.06923e-19  -0.00369861 -4.99861e-19    0.0119825 -8.09634e-19  -0.00345233  2.34883e-18  -0.00995811 -9.98791e-19   0.00784379 -2.63533e-18   0.00566021  2.43358e-18   -0.0082541  6.21252e-19  -0.00228043 -8.87301e-19   0.00605142 -6.27025e-19  0.000998723 -8.98058e-19   -0.0030182  1.55975e-18  -0.00096501  1.00614e-18  0.000165112
-2.20032e-23  2.72239e-08  7.77943e-24  -2.0177e-07 -1.00878e-22 -1.09208e-07  3.11985e-21  9.48788e-06 -1.64304e-20 -6.79261e-05  4.29606e-20  0.000274808 -9.42928e-20 -0.000736071  1.75065e-19   0.00131349 -1.73675e-19  -0.00131844  5.11674e-21 -0.000195121  2.75632e-19   0.00303564 -5.24098e-19  -0.00460807  3.53385e-19   0.00162884  2.78787e-19   0.00494204   -3.742e-19  -0.00793609  1.88785e-19   0.00142879 -3.00741e-19    0.0088094 -1.55092e-19  -0.00895615  9.96442e-19  -0.00357109 -8.09634e-19    0.0121681 -1.19074e-18  -0.00334042  3.13314e-18   -0.0103491 -9.77581e-19   0.00764606 -2.86681e-18   0.00631629  1.93466e-18  -0.00808878  9.44214e-19  -0.00307832 -7.77785e-20   0.00583748 -1.25537e-18   0.00175342  -1.6883e-18  -0.00254054  1.42506e-18   -0.0011895  7.49075e-19
-1.51861e-08 -5.34186e-23  3.30348e-07  5.14045e-23 -2.68645e-06 -6.66552e-23  1.20954e-05  2.66269e-21 -3.11516e-05 -1.15365e-20  2.75173e-05  2.42079e-20  0.000121323 -6.39421e-20 -0.000600458  1.40475e-19   0.00137052 -1.69201e-19   -0.0017282  8.82231e-20  0.000477952  1.44761e-19   0.00254339 -4.84717e-19  -0.00477215  4.34797e-19   0.00236961  2.27464e-20    0.0043634 -1.36659e-19  -0.00812458  4.02473e-19   0.00204308 -5.64018e-19    0.0086097 -3.54752e-19  -0.00926699  1.61631e-18  -0.00345233 -1.19074e-18    0.0123956 -1.65129e-18  -0.00323346  3.83871e-18   -0.0107793 -7.18062e-19   0.00743639 -2.93821e-18   0.00700974  1.19088e-18  -0.00785745  1.24961e-18  -0.00391364  9.43487e-19   0.00547069 -1.79505e-18   0.00249013 -2.48717e-18  -0.00171916  6.36348e-19 -0.000798056
 1.54616e-23 -8.08541e-08 -1.05601e-22  1.06535e-06   1.3655e-22 -7.23757e-06 -1.57574e-23  3.11272e-05  1.67749e-21 -8.94106e-05  -3.0518e-21   0.00016176 -1.60238e-21 -0.000107715 -2.18485e-20 -0.000338636  8.88331e-20   0.00126016 -1.60041e-19  -0.00198354  1.88375e-19   0.00108883 -1.28402e-20   0.00198778 -4.00772e-19  -0.00481251  4.80738e-19   0.00303796 -2.66954e-19   0.00376651  1.98612e-20  -0.00826758  7.36809e-19   0.00264335 -8.96213e-19   0.00841546 -5.94749e-19  -0.00959927  2.34883e-18  -0.00334042 -1.65129e-18    0.0126691 -2.15435e-18  -0.00312899  4.28567e-18   -0.0112561  -2.7827e-19   0.00720686 -2.82108e-18   0.00774792  2.52892e-19   -0.0075409  1.40693e-18  -0.00479261  2.19882e-18   0.00488322 -2.04732e-18   0.00319673 -3.01937e-18 -0.000489355 -2.49479e-19
  6.1685e-09  3.83392e-23 -1.61887e-07 -1.98117e-22  1.68625e-06  3.37417e-22 -1.05833e-05 -4.94931e-22  4.51415e-05  1.96154e-21 -0.000135839  4.19853e-21  0.000281621 -2.46311e-20 -0.000341059  2.31441e-20 -2.04005e-05  2.46217e-20    0.0010274 -1.38692e-19  -0.00209247  2.89228e-19   0.00161608 -1.84981e-19   0.00139783 -2.60884e-19  -0.00474638  5.10367e-19   0.00363626 -5.89139e-19   0.00315549  8.57818e-20  -0.00837067  1.18445e-18   0.00323589 -1.32219e-18   0.00822485 -8.36399e-19  -0.00995811  3.13314e-18  -0.00323346 -2.15435e-18    0.0129936 -2.58958e-18   -0.0030246  4.31996e-18   -0.0117882  2.01564e-19   0.00694834 -2.46822e-18    0.0085474 -8.31301e-19   -0.0071084  1.34667e-18  -0.00572663  3.68068e-18   0.00403851 -1.74072e-18   0.00371966 -2.77932e-18  0.000448853
-1.24666e-24 -8.54597e-09  6.81059e-23  3.34799e-08 -3.33869e-22  5.08416e-07   7.4147e-22 -6.60785e-06 -2.20718e-21  3.85175e-05  5.55514e-21 -0.000140434  4.62557e-21  0.000341567 -3.64262e-20 -0.000522168  6.48727e-20  0.000296844 -5.23899e-20  0.000715946 -9.55123e-20  -0.00207185  3.73173e-19   0.00204901 -3.62999e-19  0.000795806 -6.75411e-20  -0.00458868  5.63453e-19   0.00416744 -9.41447e-19   0.00253239  9.56206e-20  -0.00843781  1.70132e-18   0.00382706 -1.80553e-18    0.0080354 -9.98791e-19   -0.0103491  3.83871e-18  -0.00312899 -2.58958e-18    0.0133763 -2.80129e-18  -0.00291776  3.89103e-18   -0.0123901   6.1321e-19   0.00664559 -1.82011e-18   0.00942072 -2.00904e-18  -0.00652147  1.10757e-18  -0.00664186  5.19479e-18   0.00284597 -5.17484e-19   0.00330386 -1.32034e-18
 5.80324e-09 -2.29142e-25 -1.24418e-07  8.57911e-23  9.80687e-07  -4.1723e-22 -4.11102e-06  1.18794e-21  8.49241e-06 -5.18871e-21  4.71058e-06   1.3027e-20 -9.32993e-05 -5.16987e-21  0.000325562 -3.28514e-20 -0.000623975  1.00132e-19  0.000574569 -1.43439e-19  0.000364567 -2.48116e-20  -0.00194286  4.24614e-19   0.00238378  -5.4001e-19  0.000198777  1.54822e-19  -0.00435186  6.71181e-19   0.00463442 -1.30488e-18   0.00189766   9.7657e-20  -0.00847128   2.1953e-18   0.00442346 -2.26762e-18   0.00784379 -9.77581e-19   -0.0107793  4.28567e-18   -0.0030246 -2.80129e-18    0.0138268 -2.66801e-18  -0.00280299  3.06619e-18   -0.0130715  9.85378e-19   0.00627667 -8.83417e-19    0.0103558 -3.40355e-18  -0.00570678  7.67537e-19  -0.00751808  6.51868e-18  0.000806403  1.47543e-18   0.00150147
-4.01182e-24  2.93024e-08  1.59786e-23  -3.8953e-07  2.30109e-23  2.64985e-06 -1.58052e-22 -1.12366e-05   1.0105e-21  3.06996e-05  -8.1428e-21 -4.66556e-05  2.28035e-20 -8.73649e-06  -2.5219e-20  0.000244771 -1.33094e-20 -0.000642974  1.26739e-19  0.000789844 -2.44697e-19  5.45198e-06  7.06446e-20  -0.00172747  4.34079e-19   0.00262085 -7.06688e-19 -0.000380261  3.63712e-19  -0.00404603  8.25933e-19    0.0050396 -1.63668e-18    0.0012503   1.2075e-19  -0.00847182  2.54367e-18   0.00503214 -2.63533e-18   0.00764606 -7.18062e-19   -0.0112561  4.31996e-18  -0.00291776 -2.66801e-18    0.0143531  -2.1961e-18   -0.0026754  1.97854e-18   -0.0138472   1.4881e-18   0.00581227   1.5668e-19    0.0114216 -5.40837e-18  -0.00451626  2.88838e-19  -0.00843173  7.09302e-18  -0.00174784  2.35723e-18
-1.85873e-09   -1.251e-23  5.21596e-08  6.94494e-23 -5.74246e-07 -2.35354e-22  3.75166e-06  8.75972e-22 -1.63485e-05 -8.04007e-22  4.89495e-05 -8.78445e-21 -9.57218e-05  3.20889e-20   8.6947e-05 -5.28864e-20  0.000123255  2.06519e-20 -0.000589111  1.42315e-19  0.000931781 -3.43551e-19 -0.000336378  1.77869e-19   -0.0014466  4.03039e-19   0.00276326  -8.4912e-19  -0.00093127  5.17178e-19  -0.00367913  9.80303e-19   0.00538455 -1.88361e-18  0.000588266  1.68802e-19  -0.00843838  2.63995e-18   0.00566021 -2.86681e-18   0.00743639  -2.7827e-19   -0.0117882  3.89103e-18  -0.00280299  -2.1961e-18    0.0149743 -1.55515e-18  -0.00253046  7.68366e-19   -0.0147678  2.24614e-18   0.00521135  9.88099e-19    0.0126133  -7.9011e-18  -0.00302008 -4.41077e-19  -0.00868235  5.77428e-18  -0.00248607
 1.51476e-24  4.54928e-09 -2.68358e-23  -2.7808e-08  1.61749e-22 -1.08812e-07 -7.42975e-22  2.24369e-06    2.941e-21 -1.41518e-05 -4.97624e-21  5.25435e-05 -5.17126e-21 -0.000124813  3.82894e-20  0.000169685 -8.38886e-20 -1.35793e-05  6.48156e-20  -0.00047896  1.44732e-19  0.000998536 -4.20442e-19 -0.000642412   2.7668e-19  -0.00111949  3.46353e-19   0.00281544 -9.51917e-19   -0.0014462  5.96691e-19  -0.00325719  1.07926e-18   0.00566952 -2.00492e-18 -9.15205e-05  2.45908e-19  -0.00836762  2.43358e-18   0.00631629 -2.93821e-18   0.00720686  2.01564e-19   -0.0123901  3.06619e-18   -0.0026754 -1.55515e-18    0.0157141 -9.82873e-19  -0.00235388 -4.20375e-19   -0.0158155  3.24168e-18   0.00441836  1.38677e-18    0.0136824 -1.00882e-17  -0.00070298 -2.29722e-18  -0.00614796  1.87899e-18
-1.93321e-09  9.93215e-25   4.1922e-08 -2.80686e-23 -3.33222e-07  2.11982e-22  1.39289e-06 -1.33318e-21 -2.71384e-06  5.73549e-21 -3.07958e-06 -1.12722e-20  3.81723e-05  2.98683e-21 -0.000126263  3.97665e-20  0.000224395  -1.1278e-19 -0.000144241  1.11294e-19 -0.000331559  1.33293e-19  0.000994473 -4.57092e-19 -0.000899511  3.48439e-19 -0.000763453  2.87056e-19   0.00278233 -1.00357e-18  -0.00191812  6.15567e-19  -0.00278451  1.09093e-18    0.0058931 -1.98269e-18 -0.000793264  3.83272e-19   -0.0082541  1.93466e-18   0.00700974 -2.82108e-18   0.00694834   6.1321e-19   -0.0130715  1.97854e-18  -0.00253046 -9.82873e-19    0.0165693 -6.40365e-19  -0.00212473 -1.34836e-18   -0.0170013  4.85517e-18   0.00322977  1.35355e-18    0.0150108 -1.18682e-17    0.0039178 -5.43873e-18   -0.0013516
  1.2825e-24 -7.89655e-09 -1.22844e-23  1.09439e-07  4.17175e-23 -7.73704e-07  3.68252e-23  3.37975e-06  -1.6089e-21   -9.308e-06  8.36355e-21  1.30729e-05 -1.83442e-20  1.07462e-05  1.40693e-20 -0.000102289  3.58931e-20  0.000245185 -1.33729e-19 -0.000252884  1.49962e-19 -0.000165673  1.09675e-19  0.000927888 -4.47183e-19  -0.00109882  3.85006e-19 -0.000394039  2.42488e-19   0.00266892 -9.98552e-19   -0.0023405  6.03904e-19  -0.00226401  1.00472e-18   0.00605179 -1.80906e-18  -0.00152112  6.21252e-19  -0.00808878  1.19088e-18   0.00774792 -2.46822e-18   0.00664559  9.85378e-19   -0.0138472  7.68366e-19  -0.00235388 -6.40365e-19    0.0176226 -5.58644e-19  -0.00181625 -1.63289e-18   -0.0186663  7.82446e-18    0.0014504  1.04881e-18    0.0167688 -1.26474e-17   0.00831675 -5.82391e-18
