 7.80097e-22  7.48835e-39 -3.61853e-20 -4.70077e-37   6.4969e-19  6.47896e-36 -6.96888e-18 -1.08615e-35  5.14602e-17 -6.25051e-34 -2.80503e-16  8.80213e-33  1.17433e-15 -6.63878e-32  -3.8656e-15  3.37793e-31   1.0135e-14 -1.22219e-30 -2.12612e-14  3.01973e-30  3.55522e-14 -3.64834e-30 -4.66994e-14 -7.74518e-30  4.66071e-14  6.03852e-29 -3.26915e-14 -2.04577e-28  1.24526e-14  4.90009e-28  2.00292e-15 -9.16589e-28 -5.13982e-15  1.39534e-27  1.70668e-15  -1.7777e-27  9.39433e-16  1.95374e-27 -7.30111e-16 -1.92484e-27 -1.31758e-16  1.76606e-27  2.06698e-16 -1.53612e-27  2.53891e-17  1.26227e-27 -4.96524e-17 -9.89225e-28 -9.24955e-18  7.66237e-28  9.91231e-18 -5.80378e-28  3.44369e-18  3.80708e-28 -1.33352e-18 -1.81293e-28 -9.38736e-19  5.99426e-29   1.0027e-20  -3.9615e-29  1.60718e-19  5.12309e-29  4.42101e-20 -3.24856e-29 -1.05915e-20 -5.87699e-30 -9.48891e-21  2.75548e-29 -1.70759e-21 -2.65332e-29  5.79877e-22  1.80807e-29   3.8826e-22 -1.12969e-29  7.25581e-23  6.48779e-30 -1.22753e-23 -3.09946e-30  -1.0585e-23  1.23668e-30 -2.61031e-24 -4.62873e-31 -1.00506e-25  1.63042e-31  1.40174e-25 -4.33151e-32  5.11468e-26  6.19127e-33  8.48015e-27  2.98459e-34  1.17221e-28 -4.96807e-34 -3.25983e-28  1.58573e-34  -9.5329e-29 -4.68299e-36 -1.46773e-29 -8.62048e-37 -9.94394e-31 -5.99715e-36  1.20696e-31  1.60343e-36  4.70408e-32  5.00906e-37  7.52672e-33 -2.83845e-37  7.42292e-34  5.60484e-38  3.98584e-35 -7.10729e-39 -6.88304e-37  -2.2986e-40 -3.70383e-37  2.68672e-40 -3.94877e-38 -1.18833e-41 -2.46799e-39  -3.8609e-42  -9.7376e-41  2.88719e-43 -2.11546e-42  6.36936e-45 -1.46658e-44 -5.47312e-46  8.43308e-48  1.70479e-47
 7.48835e-39  5.20831e-20  3.08734e-37  -1.3721e-18 -1.23019e-35  1.87469e-17  1.02598e-34 -1.66704e-16  5.72431e-34  1.06296e-15 -1.87125e-32 -5.12015e-15  1.91168e-31  1.92113e-14 -1.21274e-30 -5.71636e-14  5.41346e-30  1.36085e-13 -1.73959e-29 -2.59432e-13  3.74185e-29  3.92903e-13 -3.06068e-29 -4.62862e-13 -1.43966e-28  4.04798e-13  8.14539e-28 -2.33167e-13 -2.46547e-27  4.95718e-14  5.44505e-27  4.44222e-14 -9.48438e-27  -3.9091e-14   1.3488e-26  2.43123e-15 -1.60735e-26  1.08075e-14  1.65873e-26 -3.11389e-15 -1.55289e-26 -2.49649e-15  1.38197e-26  1.01028e-15 -1.18635e-26  6.08926e-16  9.63155e-27 -2.19518e-16 -7.35271e-27 -1.57913e-16  5.45737e-27  2.76435e-17 -3.93384e-27  3.72472e-17  2.44518e-27  1.95504e-18 -1.08764e-27 -6.47812e-18  3.48959e-28  -1.9765e-18 -2.82652e-28  5.30659e-19  3.61423e-28  4.62227e-19 -2.06618e-28  6.45784e-20 -5.31681e-29 -4.23827e-20  1.78624e-28  -2.2152e-20 -1.58768e-28 -2.43897e-21   1.0215e-28   1.5931e-21 -6.11536e-29  7.93429e-22  3.36384e-29  1.24648e-22 -1.52963e-29 -2.49326e-23  5.86952e-30 -1.81363e-23 -2.16417e-30  -4.2912e-24  7.37836e-31 -2.45151e-25 -1.75942e-31  1.68311e-25  1.81547e-32  6.46496e-26  2.95738e-33  1.16094e-26 -2.11344e-33  7.18863e-28  5.81024e-34 -2.13859e-28  1.81686e-35 -7.76385e-29 -4.71664e-36 -1.33529e-29 -3.01539e-35 -1.31079e-30   8.8634e-36 -2.56074e-32   1.4958e-36  1.56757e-32  -1.0233e-36  3.14236e-33  1.90112e-37  3.46736e-34 -1.98809e-38  2.44346e-35 -1.59157e-39  9.44918e-37  8.58654e-40  -8.0367e-39 -2.95182e-41 -3.64005e-39 -1.01507e-41 -2.40271e-40  6.91139e-43 -8.07406e-42   1.4417e-44 -1.39541e-43 -7.43952e-46 -1.05378e-45
-3.61853e-20  3.08734e-37  1.71123e-18  6.72636e-36 -3.13523e-17 -1.72411e-34  3.43522e-16  3.67414e-34 -2.59407e-15  2.22403e-32  1.44785e-14 -3.38147e-31 -6.21585e-14  2.71513e-30  2.10193e-13  -1.4746e-29 -5.67358e-13  5.80803e-29  1.22874e-12 -1.65658e-28 -2.12921e-12  3.05324e-28  2.91459e-12 -1.09472e-28 -3.06042e-12 -1.63619e-27  2.30585e-12  7.38618e-27 -1.02004e-12 -2.01827e-26 -2.26477e-14  4.12484e-26   3.4778e-13 -6.70287e-26 -1.59751e-13   8.9134e-26 -4.65289e-14 -9.93873e-26  5.98092e-14   9.6358e-26  1.50323e-15 -8.59839e-26 -1.63706e-14  7.47334e-26  5.04258e-16 -6.37249e-26   4.0636e-15  5.11372e-26  1.06115e-16 -3.77942e-26   -9.071e-16   2.6631e-26 -1.51778e-16  -1.8151e-26  1.58115e-16  1.06844e-26  6.25054e-17 -4.47167e-27 -1.41001e-17  1.47296e-27 -1.44677e-17 -1.45472e-27 -1.77935e-18  1.76425e-27  1.67566e-18 -8.98254e-28   7.7794e-19 -3.02964e-28  2.85342e-20  7.89637e-28 -8.70876e-20 -6.48071e-28 -3.27923e-20  3.94153e-28 -1.95698e-21 -2.26817e-28  2.54634e-21  1.19591e-28  1.05216e-21 -5.16756e-29  1.49482e-22  1.91188e-29 -2.85334e-23 -7.00701e-30 -1.96311e-23  2.31421e-30 -4.61508e-24 -4.82865e-31 -3.75596e-25  2.53776e-32  1.11766e-25  1.33436e-32  4.91754e-26 -5.70845e-33  9.56443e-27  1.27349e-33  9.20859e-28   1.8197e-34 -4.28665e-29 -1.72092e-35 -3.30222e-29 -9.99865e-35 -6.44806e-30  3.09536e-35 -7.48535e-31  2.90229e-36 -4.81828e-32 -2.58383e-36  4.98392e-34  4.53269e-37  5.24036e-34 -3.84151e-38  6.73713e-35 -5.13415e-39  5.09924e-36  1.83034e-39  2.46641e-37 -4.95098e-41  6.76427e-39 -1.72907e-41  3.42501e-41  1.09041e-42 -4.03378e-42   1.9128e-44 -1.08935e-43 -4.76289e-46
-4.70077e-37  -1.3721e-18  6.72636e-36  3.68855e-17   8.9545e-35 -5.14762e-16 -1.16665e-33  4.68061e-15 -1.57106e-32 -3.05547e-14  4.25222e-31  1.50889e-13 -4.44309e-30 -5.81376e-13  2.93472e-29   1.7799e-12  -1.3832e-28 -4.37046e-12  4.82844e-28  8.62134e-12 -1.21946e-27 -1.35715e-11  1.87659e-27  1.67356e-11  4.34044e-28 -1.55211e-11 -1.37413e-26  9.80235e-12  5.21044e-26   -2.839e-12 -1.29612e-25 -1.35018e-12  2.45929e-25  1.67259e-12 -3.73471e-25 -3.08744e-13  4.64776e-25 -4.02372e-13 -4.84976e-25  1.88807e-13   4.4198e-25  8.11437e-14 -3.77351e-25 -5.83707e-14  3.22871e-25 -1.89391e-14 -2.75074e-25  1.38853e-14  2.17902e-25  5.45045e-15 -1.54749e-25 -2.45997e-15   1.0245e-25 -1.54013e-15 -6.55821e-26  2.01821e-16  3.66106e-26  3.38002e-16 -1.46317e-26  4.70774e-17  5.32017e-27 -4.46666e-17 -6.12476e-27 -2.03995e-17  6.84806e-27  4.65929e-19 -3.07376e-27  3.00117e-18 -1.29978e-27  9.24014e-19  2.74901e-27 -5.34049e-20 -2.08285e-27 -1.21979e-19  1.19911e-27 -3.64451e-20 -6.65646e-28  -9.4194e-22  3.36523e-28  2.86036e-21 -1.37839e-28  1.04962e-21  4.93588e-29   1.4538e-22 -1.81851e-29 -2.08268e-23  5.81906e-30 -1.52474e-23 -1.02305e-30 -3.65753e-24 -1.74097e-32 -3.87677e-25  4.15177e-32  3.89899e-26 -1.09755e-32  2.47937e-26  1.59718e-33  5.27118e-27  7.67875e-34  6.31557e-28 -5.46743e-35  2.45985e-29 -2.55049e-34 -6.97872e-30  8.20735e-35 -1.78204e-30  3.98977e-36 -2.30807e-31 -5.26458e-36 -1.88969e-32  8.74721e-37 -8.38463e-34 -6.01175e-38   1.1862e-35 -1.13167e-38  5.10665e-36  3.01023e-39  4.20592e-37 -6.61735e-41  1.94707e-38 -2.17137e-41  5.25065e-40  1.28433e-42  6.73415e-42   1.6657e-44  1.65018e-44
  6.4969e-19 -1.23019e-35 -3.13523e-17   8.9545e-35  5.86722e-16  6.58642e-34  -6.5731e-15  5.79729e-33  5.08108e-14  -3.9994e-31 -2.90691e-13  5.66864e-30  1.28115e-12 -4.60194e-29 -4.45548e-12  2.57543e-28  1.23955e-11 -1.06489e-27 -2.77465e-11  3.30539e-27  4.98813e-11 -7.35867e-27  -7.1227e-11  9.04162e-27  7.87282e-11  9.82889e-27 -6.36161e-11 -9.24729e-26  3.20792e-11  3.03928e-25 -2.98155e-12 -6.92906e-25 -8.85022e-12   1.2241e-24   5.4714e-12 -1.73989e-24  5.77993e-13  2.02768e-24  -1.8176e-12 -1.97991e-24  2.25144e-13  1.69704e-24  4.72432e-13 -1.39284e-24  -9.3698e-14  1.18375e-24 -1.19028e-13  -1.0125e-24  1.77407e-14  7.89334e-25  2.91548e-14 -5.33962e-25 -6.16029e-17  3.28178e-25 -6.11389e-15 -1.95833e-25 -1.22421e-15  1.04155e-25  8.64771e-16 -4.08064e-26   4.3818e-16  1.75827e-26 -2.26566e-17  -2.2031e-26 -7.52997e-17   2.2346e-26 -2.00592e-17 -8.76052e-27  3.83728e-18  -4.5267e-27  3.83063e-18  7.99354e-27   8.4416e-19 -5.58773e-27 -1.29231e-19  3.04999e-27 -1.29723e-19 -1.63967e-27 -3.28492e-20  7.94502e-28 -3.06637e-22 -3.07409e-28  2.42548e-21  1.07176e-28  8.31329e-22  -4.0248e-29  1.19022e-22  1.24627e-29 -9.04406e-24  -1.7393e-30 -8.76847e-24 -2.14632e-31 -2.19704e-24  1.01655e-31 -2.80496e-25  -1.4635e-32  -7.6577e-28 -2.94033e-34  8.09733e-27  2.29317e-33  1.96816e-27 -1.64122e-34  2.68409e-28 -5.34381e-34  2.05155e-29    1.788e-34 -5.17422e-32  3.42651e-36 -2.54239e-31 -9.14116e-36 -3.89522e-32  1.44103e-36 -3.47083e-33 -8.28557e-38 -1.98627e-34 -1.92222e-38 -6.34425e-36  4.04819e-39  1.86166e-39 -7.64616e-41  1.00019e-38 -2.08742e-41  4.27952e-40  1.15905e-42  6.85572e-42  8.95943e-45
 6.47896e-36  1.87469e-17 -1.72411e-34 -5.14762e-16  6.58642e-34  7.34516e-15 -7.07378e-34 -6.83641e-14  2.74915e-31  4.57383e-13 -5.72216e-30 -2.31824e-12  5.87702e-29  9.18287e-12 -3.93233e-28 -2.89605e-11   1.9039e-27  7.34344e-11 -6.96747e-27 -1.50073e-10  1.92748e-26  2.45833e-10 -3.75514e-26 -3.17599e-10  3.37988e-26   3.1235e-10  8.74225e-26 -2.15273e-10 -5.21513e-25  7.82982e-11  1.51687e-24  1.75628e-11 -3.18673e-24 -3.63741e-11   5.2545e-24  1.13417e-11 -6.99961e-24   7.1622e-12  7.64268e-24 -5.30996e-12 -6.98126e-24 -1.05782e-12  5.63111e-24  1.57999e-12 -4.46942e-24   2.0063e-13  3.81021e-24 -3.95953e-13 -3.28253e-24 -7.19577e-14  2.50661e-24  8.30285e-14 -1.59915e-24  2.78067e-14  8.99147e-25 -1.20894e-14 -4.95563e-25 -8.02121e-15  2.53652e-25  3.01654e-16 -1.01615e-25  1.47743e-15  5.43107e-26  3.71645e-16 -6.91583e-26 -1.14729e-16  6.31713e-26 -8.96498e-17 -2.14283e-26 -1.39615e-17 -1.33361e-26  6.47622e-18  2.00476e-26  3.82207e-18 -1.29159e-26  6.29236e-19  6.69763e-27 -1.56358e-19 -3.50165e-27 -1.10473e-19   1.6236e-27 -2.50666e-20 -5.90595e-28 -2.65252e-22  2.02384e-28  1.59543e-21 -7.87459e-29  5.32641e-22  2.35092e-29   8.1364e-23 -2.34332e-30 -8.32796e-25 -7.41652e-31 -3.68616e-24  2.09153e-31 -9.96275e-25 -9.58188e-33 -1.44882e-25 -7.64736e-33 -8.54766e-27   5.5227e-33  1.42207e-27 -4.56754e-34  4.79124e-28 -9.54197e-34  7.25778e-29    3.343e-34  6.82331e-30 -2.47027e-37  3.43033e-31 -1.38813e-35 -7.19291e-33  2.07675e-36 -3.11058e-33 -1.06901e-37  -3.0641e-34 -2.65456e-38 -1.76926e-35  4.58236e-39 -6.30534e-37 -7.95559e-41 -1.22205e-38 -1.53575e-41 -6.64337e-41  7.79029e-43   6.2953e-43
-6.96888e-18  1.02598e-34  3.43522e-16 -1.16665e-33  -6.5731e-15 -7.07378e-34  7.53753e-14 -9.64645e-32 -5.97114e-13  4.29345e-30  3.50562e-12 -6.06255e-29 -1.58797e-11  5.00036e-28  5.68644e-11 -2.85468e-27  -1.6326e-10  1.21462e-26  3.78191e-10 -3.96328e-26 -7.06225e-10   9.7851e-26  1.05311e-09 -1.64994e-25 -1.22609e-09  8.82737e-26  1.06131e-09  5.60306e-25  -6.0203e-10 -2.53567e-24  1.16682e-10  6.62205e-24  1.28179e-10 -1.28764e-23 -1.07965e-10  1.98583e-23  5.19372e-12 -2.48203e-23  3.15208e-11  2.53969e-23 -9.06278e-12 -2.16898e-23 -7.50636e-12  1.64747e-23    3.146e-12 -1.27399e-23  1.86994e-12  1.10076e-23 -7.32215e-13 -9.56414e-24 -5.00879e-13  7.11022e-24   1.0507e-13 -4.22949e-24   1.2448e-13  2.13383e-24  2.76294e-15 -1.07237e-24  -2.3383e-14  5.38989e-25  -6.3613e-15 -2.34661e-25  2.26939e-15  1.56368e-25  1.68686e-15 -1.92032e-25  1.77971e-16  1.57676e-25 -1.80202e-16 -4.57935e-26 -8.30294e-17 -3.41023e-26 -6.23268e-18  4.42489e-26  7.19011e-18 -2.62384e-26  3.13727e-18  1.29596e-26  4.05042e-19 -6.61693e-27 -1.32748e-19  2.92557e-27 -7.74015e-20 -9.93954e-28 -1.65258e-20  3.40002e-28 -4.44461e-22 -1.39572e-28  8.13888e-22  3.98817e-29   2.7572e-22 -2.23871e-30  4.53448e-23 -1.81998e-30  1.93212e-24  3.77108e-31 -1.06013e-24  1.24583e-32 -3.32536e-25 -2.44104e-32 -5.33463e-26  1.13882e-32 -4.80499e-27 -1.13631e-33 -3.07245e-29 -1.48661e-33  6.66529e-29     5.51e-34  1.20309e-29 -7.75056e-36  1.24021e-30   -1.866e-35  8.16856e-32  2.64795e-36  2.87683e-33 -1.33794e-37 -3.30087e-35 -3.05903e-38 -1.02546e-35  4.42877e-39 -5.82749e-37 -7.46968e-41 -1.63886e-38  -8.3587e-42 -2.03146e-40  3.44104e-43
-1.08615e-35 -1.66704e-16  3.67414e-34  4.68061e-15  5.79729e-33 -6.83641e-14 -9.64645e-32  6.52058e-13 -1.59931e-30 -4.47641e-12  4.65857e-29  2.33152e-11 -5.18253e-28 -9.50665e-11  3.60603e-27  3.09245e-10  -1.7972e-26 -8.10826e-10  6.80316e-26   1.7189e-09 -1.99184e-25 -2.93366e-09  4.39122e-25  3.97476e-09 -6.30356e-25 -4.14596e-09  6.61865e-26   3.1071e-09   2.9191e-24 -1.35596e-09 -1.08381e-23 -6.39539e-11  2.56825e-23   5.0224e-10 -4.63881e-23 -2.29137e-10  6.70336e-23 -7.00797e-11 -7.86827e-23  9.06829e-11  7.54492e-23  1.55914e-12  -6.0187e-23 -2.57774e-11  4.30842e-23  1.31421e-12 -3.27673e-23  6.65077e-12   2.8993e-23 -1.88466e-14 -2.53839e-23 -1.56553e-12  1.82398e-23 -2.08142e-13 -9.98279e-24  2.96346e-13  4.39375e-24  1.02879e-13 -1.97198e-24 -3.21663e-14  1.01345e-24 -2.67848e-14 -5.17934e-25 -2.11061e-15  4.15685e-25  3.60045e-15  -4.7643e-25  1.44284e-15  3.52068e-25 -2.55134e-17 -8.64524e-26 -1.93306e-16 -7.70162e-26 -6.30606e-17  8.71413e-26 -6.53436e-19 -4.74862e-26  6.12179e-18  2.24169e-26  2.18665e-18 -1.12185e-26  2.39304e-19   4.6988e-27 -8.54673e-20 -1.47769e-27  -4.5084e-20  5.17668e-28 -9.42425e-21  -2.2821e-28 -4.92157e-22  6.16425e-29  3.12816e-22 -5.61983e-31  1.13496e-22 -3.63671e-30  2.00508e-23  6.15712e-31  1.61304e-24  5.32433e-32 -1.62548e-25 -5.35744e-32 -7.74014e-26  2.07948e-32 -1.36988e-26 -2.48254e-33 -1.46815e-27 -2.05257e-33 -8.26923e-29  8.14436e-34  2.39447e-30 -1.82301e-35   1.0661e-30 -2.22893e-35  1.22275e-31  3.00015e-36  8.43334e-33 -1.62409e-37  3.68315e-34  -2.9718e-38  8.80719e-36  3.67177e-39  2.60091e-38 -6.15558e-41 -3.80713e-39 -3.07426e-42 -5.55672e-41
 5.14602e-17  5.72431e-34 -2.59407e-15 -1.57106e-32  5.08108e-14  2.74915e-31 -5.97114e-13 -1.59931e-30  4.85361e-12 -1.76034e-29 -2.92789e-11  4.00425e-28  1.36492e-10 -3.72809e-27 -5.03957e-10   2.2525e-26  1.49519e-09 -9.96316e-26  -3.5893e-09  3.38931e-25  6.97155e-09 -8.95294e-25 -1.08695e-08  1.76193e-24  1.33403e-08 -2.10004e-24 -1.23605e-08 -9.25019e-25  7.81165e-09  1.29941e-23 -2.23399e-09 -4.13046e-23  -1.1625e-09  8.95137e-23  1.42673e-09 -1.50629e-22 -2.72829e-10  2.04262e-22 -3.53455e-10 -2.25321e-22  1.76045e-10  2.02421e-22  7.09825e-11 -1.50614e-22  -5.7065e-11  1.01717e-22 -1.64137e-11 -7.69857e-23  1.44124e-11  7.04345e-23  4.92289e-12 -6.19483e-23 -2.81521e-12  4.26803e-23 -1.50966e-12 -2.11476e-23  3.09962e-13  7.75558e-24  3.66756e-13 -2.98265e-24  3.17048e-14  1.70894e-24 -5.61521e-14 -1.11235e-24 -2.14656e-14  1.01305e-24  2.14448e-15 -1.06474e-24  3.79422e-15  7.10008e-25  9.65582e-16 -1.45109e-25  -1.4737e-16 -1.55502e-25 -1.62469e-16  1.54637e-25 -4.07988e-17  -7.7336e-26   1.6622e-18   3.5058e-26  4.22362e-18 -1.72313e-26  1.31837e-18  6.75791e-27  1.35909e-19 -1.94239e-27 -4.23292e-20  7.27255e-28 -2.17741e-20 -3.48931e-28 -4.58553e-21  8.74238e-29 -3.65246e-22  3.59142e-30  8.30597e-23 -6.20961e-30  3.60263e-23  9.37581e-31  6.83181e-24  9.73024e-32  7.21242e-25  -9.5273e-32  1.18307e-26  3.42968e-32  -1.1029e-26 -4.75401e-33 -2.33024e-27 -2.53571e-33 -2.73979e-28  1.09141e-33 -2.03419e-29 -2.90507e-35 -7.54759e-31 -2.35986e-35  2.40484e-32  3.02118e-36  5.46951e-33  -1.8594e-37  3.84088e-34 -2.42741e-38  1.51573e-35  2.60328e-39  3.30858e-37 -4.26174e-41  3.12997e-39 -5.90784e-43
-6.25051e-34  1.06296e-15  2.22403e-32 -3.05547e-14  -3.9994e-31  4.57383e-13  4.29345e-30 -4.47641e-12 -1.76034e-29  3.15749e-11 -1.51769e-28 -1.69228e-10  2.87593e-27  7.11272e-10 -2.31478e-26  -2.3899e-09    1.238e-25  6.48874e-09 -4.92147e-25 -1.42898e-08  1.51737e-24   2.5445e-08 -3.63392e-24  -3.6196e-08  6.37706e-24  4.00588e-08 -6.06736e-24 -3.25562e-08 -7.30008e-24    1.657e-08  5.07819e-23  -1.5239e-09 -1.41871e-22 -4.79342e-09  2.82895e-22  3.06435e-09 -4.44573e-22  2.73409e-10  5.66443e-22 -1.04962e-09  -5.8751e-22  1.63539e-10  4.94174e-22  2.78441e-10 -3.42275e-22 -6.95914e-11  2.18398e-22 -7.22353e-11 -1.66928e-22  1.54384e-11  1.59207e-22  1.87071e-11 -1.39962e-22 -1.22955e-12  9.16623e-23 -4.28765e-12 -4.02713e-23 -5.93206e-13  1.12667e-23  7.03576e-13 -3.31087e-24  2.88327e-13  2.63105e-24 -4.22126e-14 -2.33149e-24 -5.94131e-14  2.25682e-24 -1.21174e-14 -2.15782e-24  4.49183e-15  1.30259e-24  3.10249e-15 -2.17145e-25  5.13245e-16 -2.83152e-25 -1.71637e-16  2.49087e-25 -1.13143e-16 -1.14287e-25 -2.32333e-17  5.00733e-26  1.72356e-18 -2.41318e-26  2.41596e-18  8.68211e-27  6.92306e-19  -2.2379e-27  7.41624e-20  9.61671e-28  -1.5655e-20 -5.03669e-28 -8.59319e-21  1.13937e-28 -1.85926e-21  1.07458e-29 -1.93583e-22 -9.23411e-30  1.06435e-23  1.36823e-30  8.34646e-24  1.04605e-31  1.72963e-24 -1.45843e-31  2.10256e-25  5.16478e-32  1.31676e-26    -8.02e-33 -5.01904e-28 -2.81275e-33 -2.32797e-28  1.33495e-33 -3.04288e-29 -3.65596e-35 -2.42647e-30 -2.19441e-35 -1.23015e-31  2.69623e-36 -3.21242e-33 -1.93843e-37  2.97493e-35 -1.63559e-38  5.46719e-36  1.56112e-39  1.66536e-37 -2.33293e-41  1.53632e-39
-2.80503e-16 -1.87125e-32  1.44785e-14  4.25222e-31 -2.90691e-13 -5.72216e-30  3.50562e-12  4.65857e-29 -2.92789e-11 -1.51769e-28  1.81739e-10 -1.08891e-27 -8.73198e-10  1.77707e-26  3.32914e-09 -1.26208e-25 -1.02224e-08  6.05872e-25  2.54691e-08 -2.18672e-24  -5.1531e-08  6.15548e-24  8.41191e-08 -1.34248e-23 -1.08937e-07  2.09699e-23  1.08002e-07 -1.48952e-23 -7.55063e-08 -3.61628e-23   2.8172e-08  1.77255e-22  6.11826e-09 -4.42897e-22 -1.35598e-08  8.16461e-22  4.60611e-09 -1.20063e-21  2.62255e-09  1.43879e-21  -2.1995e-09 -1.40351e-21 -3.31833e-10  1.10417e-21    6.764e-10 -7.09881e-22  4.76419e-11   4.2886e-22 -1.78409e-10 -3.37046e-22  -2.0641e-11  3.37037e-22  4.07346e-11 -2.94235e-22  1.03464e-11  1.81503e-22 -6.97142e-12 -6.87071e-23 -3.57376e-12  1.17021e-23  4.93044e-13 -1.19415e-24  7.79206e-13  3.80981e-24  1.37953e-13 -4.72947e-24 -8.27193e-14  4.59776e-24 -4.68982e-14 -3.98746e-24 -3.98094e-15  2.18592e-24  4.69596e-15 -2.89522e-25  2.09601e-15 -4.67746e-25  2.16222e-16  3.66228e-25 -1.35318e-16 -1.54517e-25 -6.72112e-17  6.60098e-26 -1.19759e-17 -3.09116e-26  9.99331e-19  9.82668e-27  1.15203e-18 -2.20001e-27   3.1519e-19  1.22429e-27  3.71131e-20 -6.90047e-28 -3.84285e-21  1.35769e-28 -2.69365e-21  2.05166e-29 -6.09479e-22 -1.19852e-29 -7.51776e-23  1.95515e-30 -2.07382e-24  1.47352e-32  1.25033e-24 -1.98726e-31  3.08181e-25  7.13323e-32  4.08885e-26 -1.19986e-32  3.36541e-27  -2.7895e-33  1.25411e-28  1.49624e-33 -8.46092e-30 -3.75858e-35  -1.7539e-30 -1.75805e-35 -1.44794e-31  2.11942e-36 -7.19517e-33 -1.78541e-37 -2.14929e-34  -8.6318e-39  -3.2029e-36  7.74536e-40 -8.28263e-39 -8.85237e-42
 8.80213e-33 -5.12015e-15 -3.38147e-31  1.50889e-13  5.66864e-30 -2.31824e-12 -6.06255e-29  2.33152e-11  4.00425e-28 -1.69228e-10 -1.08891e-27  9.34738e-10 -6.70961e-27 -4.05613e-09  9.62553e-26  1.40999e-08 -6.11896e-25 -3.97059e-08  2.66523e-24  9.09835e-08 -8.80757e-24 -1.69285e-07  2.27843e-23  2.53166e-07  -4.5441e-23 -2.97468e-07  6.30279e-23  2.61665e-07 -2.93035e-23 -1.52421e-07 -1.43532e-22  3.20096e-08  5.59232e-22  3.23923e-08 -1.26522e-21 -2.95237e-08  2.16441e-21  2.53962e-09 -2.98312e-21  8.63207e-09  3.36486e-21 -3.04129e-09 -3.08712e-21 -2.02422e-09    2.268e-21  1.08773e-09 -1.34803e-21  5.06174e-10  7.73437e-22 -2.77006e-10 -6.38819e-22 -1.44315e-10  6.71528e-22  4.95511e-11 -5.77802e-22  4.00568e-11  3.32486e-22 -3.00914e-12 -1.03861e-22 -8.74345e-12   1.9948e-24 -1.59961e-12   6.3689e-24  1.12852e-12  5.44281e-24  5.98859e-13 -9.17099e-24  8.45025e-15  8.58537e-24 -8.48918e-14 -6.74799e-24 -2.95564e-14  3.36883e-24  5.62612e-16 -3.42743e-25  3.63068e-15 -7.03281e-25  1.21404e-15  4.93608e-25  7.15878e-17 -1.93106e-25 -8.31852e-17  8.13422e-26 -3.45627e-17 -3.61726e-26  -5.6829e-18  9.41681e-27  3.75895e-19  -1.7089e-27  4.54268e-19  1.53512e-27  1.22554e-19  -8.9834e-28  1.60586e-20  1.45738e-28 -2.91614e-22  3.11762e-29 -6.37464e-22 -1.33613e-29 -1.55568e-22  2.76523e-30 -2.13808e-23 -2.33264e-31 -1.48117e-24 -2.46987e-31  7.15381e-26  9.03412e-32  3.48537e-26 -1.60155e-32  5.10846e-27 -2.43128e-33  4.59541e-28  1.54035e-33  2.59374e-29 -3.09235e-35  6.46793e-31 -1.16447e-35 -2.83799e-32  1.45145e-36 -3.49237e-33 -1.41718e-37 -1.52249e-34 -3.03974e-39 -3.20488e-36  3.03871e-40 -2.26254e-38
 1.17433e-15  1.91168e-31 -6.21585e-14 -4.44309e-30  1.28115e-12  5.87702e-29 -1.58797e-11 -5.18253e-28  1.36492e-10  2.87593e-27 -8.73198e-10 -6.70961e-27   4.3312e-09 -3.62069e-26 -1.70803e-08  4.63092e-25   5.4373e-08 -2.66366e-24 -1.40842e-07  1.06193e-23  2.97338e-07 -3.23669e-23 -5.08974e-07  7.74048e-23  6.96334e-07 -1.41738e-22  -7.3868e-07  1.74065e-22  5.68322e-07 -3.68939e-23  -2.6019e-07 -4.89671e-22 -4.08583e-09  1.60889e-21  9.58603e-08 -3.32593e-21 -4.91676e-08   5.2959e-21 -1.14363e-08 -6.84987e-21  1.94475e-08  7.27656e-21 -9.99202e-10 -6.27704e-21 -5.60615e-09  4.29639e-21  7.63137e-10 -2.34725e-21  1.50407e-09  1.28502e-21 -1.48906e-10 -1.14479e-21 -3.83607e-10  1.26383e-21 -1.36393e-11 -1.06326e-21  8.31727e-11  5.64833e-22  1.95893e-11 -1.35332e-22 -1.20223e-11 -3.01037e-23 -6.77617e-12   2.3506e-23  2.13581e-13  8.12733e-24  1.18196e-12 -1.68215e-23  3.40938e-13  1.47385e-23 -5.72622e-14 -1.04915e-23 -6.47666e-14   4.7805e-24 -1.53757e-14 -3.58819e-25  1.94439e-15 -9.62542e-25  2.28245e-15  6.11987e-25  6.19097e-16 -2.26591e-25  1.94512e-17  9.52599e-26 -4.16198e-17 -3.83286e-26 -1.54436e-17  6.71913e-27 -2.47654e-18 -7.51415e-28  7.21944e-20  1.92738e-27  1.44867e-19 -1.10813e-27  3.97261e-20  1.36035e-28  5.71935e-21  3.95837e-29  2.29208e-22  -1.2125e-29 -1.02184e-22  3.86204e-30 -2.93668e-23 -6.70345e-31 -4.36054e-24 -2.86071e-31 -3.92428e-25  1.04532e-31 -1.38559e-26 -1.91579e-32  1.81207e-27    -1.78e-33  3.68175e-28  1.45903e-33  3.46047e-29 -1.79945e-35  2.03645e-30 -5.70589e-36  7.38333e-32  8.48488e-37  1.27406e-33 -9.45341e-38 -8.28608e-36 -1.40637e-40  -6.1288e-37  8.32242e-41
-6.63878e-32  1.92113e-14  2.71513e-30 -5.81376e-13 -4.60194e-29  9.18287e-12  5.00036e-28 -9.50665e-11 -3.72809e-27  7.11272e-10  1.77707e-26 -4.05613e-09 -3.62069e-26  1.82042e-08 -1.73438e-25 -6.55886e-08  1.99857e-24  1.91921e-07  -1.0491e-23 -4.58416e-07  3.85672e-23  8.92805e-07 -1.09124e-22 -1.40584e-06  2.42586e-22  1.75535e-06 -4.09463e-22 -1.66918e-06  4.43836e-22  1.09846e-06  2.28377e-23 -3.47248e-07 -1.48202e-21 -1.47984e-07  4.24978e-21  2.14041e-07 -8.08294e-21  -5.3717e-08  1.20091e-20 -5.04915e-08 -1.45912e-20  3.18137e-08  1.46022e-20  8.94813e-09 -1.18361e-20 -1.05438e-08  7.52245e-21 -1.84911e-09 -3.74541e-21  2.84847e-09  1.97079e-21   6.1807e-10 -1.95199e-21 -6.36304e-10  2.25271e-21 -2.33467e-10 -1.83841e-21  9.83492e-11  8.91327e-22  6.95513e-11 -1.41036e-22   -2.485e-12 -1.02219e-22 -1.35175e-11  5.47437e-23 -3.47897e-12  1.31035e-23  1.12163e-12  -2.8993e-23  8.87472e-13   2.3335e-23  1.39135e-13 -1.50139e-23 -6.76703e-14  6.25233e-24  -4.0329e-14   -3.348e-25 -6.76399e-15 -1.19347e-24  1.67706e-15  7.00156e-25  1.21294e-15 -2.56045e-25  2.83336e-16  1.08245e-25  6.01428e-18 -3.58457e-26 -1.71173e-17  1.26145e-27 -5.95789e-18  5.36321e-28  -9.6893e-19  2.43186e-27 -1.41437e-20 -1.28655e-27  3.57716e-20  1.00109e-28  1.03862e-20  4.17001e-29  1.61134e-21 -7.31527e-30  1.23065e-22   5.2646e-30  -7.3023e-24 -1.27029e-30 -3.75845e-24 -3.15166e-31  -6.0991e-25  1.09735e-31 -6.06754e-26 -2.05926e-32 -3.67396e-27 -9.51699e-34 -6.85599e-29  1.27416e-33  1.07744e-29 -2.33165e-36  1.25209e-30 -1.11355e-36  6.88319e-32  4.04993e-37  2.15382e-33 -5.12175e-38  3.44127e-35  6.69505e-40  1.66684e-37
 -3.8656e-15 -1.21274e-30  2.10193e-13  2.93472e-29 -4.45548e-12 -3.93233e-28  5.68644e-11  3.60603e-27 -5.03957e-10 -2.31478e-26  3.32914e-09  9.62553e-26 -1.70803e-08 -1.73438e-25  6.98071e-08 -7.44883e-25 -2.30837e-07  7.79683e-24  6.22868e-07  -3.7619e-23 -1.37472e-06  1.28355e-22  2.47207e-06 -3.39145e-22 -3.57808e-06  7.04469e-22  4.06296e-06 -1.10052e-21 -3.42739e-06  1.04976e-21  1.85824e-06  3.43465e-22 -2.57576e-07 -4.05018e-21 -5.06186e-07  1.03631e-20  3.78845e-07 -1.82333e-20  2.28573e-09  2.53264e-20 -1.26216e-07 -2.89271e-20  3.22772e-08  2.72734e-20   3.2743e-08 -2.07492e-20 -1.29962e-08  1.21855e-20 -8.61364e-09 -5.45664e-21  3.34843e-09  2.79233e-21  2.42142e-09 -3.18368e-21 -5.36833e-10  3.81055e-21 -6.40574e-10 -2.99386e-21 -5.90823e-12  1.30764e-21  1.30494e-10 -8.52903e-23  3.40684e-11 -2.35455e-22  -1.4338e-11  1.03638e-22 -1.00719e-11  2.23601e-23 -8.83349e-13 -4.68232e-23  1.20286e-12  3.41752e-23   5.2938e-13 -1.97779e-23  3.08621e-14  7.52706e-24 -5.10641e-14 -2.98163e-25 -2.14198e-14 -1.32187e-24 -2.59557e-15  7.41979e-25   9.9214e-16 -2.89239e-25    5.543e-16  1.21992e-25  1.17493e-16 -2.74539e-26  3.23985e-18 -6.94792e-27  -5.7269e-18  1.86517e-27 -1.95268e-18  3.05332e-27 -3.28531e-19 -1.39052e-27 -1.77615e-20  3.49038e-29  6.22972e-21  3.36977e-29  2.09265e-21  1.29321e-30  3.45524e-22  6.90189e-30  3.36034e-23 -1.94251e-30   1.0334e-24  -3.3637e-31 -2.61136e-25  1.03325e-31 -5.36248e-26 -1.99051e-32 -5.60503e-27 -1.10548e-34 -3.73793e-28  1.02931e-33 -1.50909e-29  1.18356e-35 -2.11379e-31   1.4948e-36  1.23779e-32  1.38448e-37  7.38224e-34 -2.12386e-38  1.38689e-35  4.52483e-40
 3.37793e-31 -5.71636e-14  -1.4746e-29   1.7799e-12  2.57543e-28 -2.89605e-11 -2.85468e-27  3.09245e-10   2.2525e-26  -2.3899e-09 -1.26208e-25  1.40999e-08  4.63092e-25 -6.55886e-08 -7.44883e-25  2.45448e-07 -2.89045e-24 -7.47877e-07  2.76656e-23  1.86601e-06 -1.23451e-22  -3.8118e-06  3.93241e-22  6.33128e-06 -9.75639e-22 -8.41113e-06   1.9031e-21  8.64126e-06 -2.76325e-21 -6.36675e-06  2.31415e-21  2.64806e-06  1.42397e-21  3.29924e-07 -1.01079e-20 -1.19014e-06  2.34346e-20  5.11673e-07 -3.83083e-20  1.93504e-07  4.98261e-20 -2.31044e-07 -5.35226e-20 -7.20444e-09  4.75311e-20  7.14088e-08 -3.38804e-20 -4.05381e-09  1.82542e-20 -1.97937e-08 -7.19371e-21  4.21852e-10  3.65261e-21  5.04345e-09 -4.98712e-21  5.47438e-10  6.12676e-21 -1.05695e-09 -4.60239e-21 -3.33733e-10  1.78339e-21  1.36346e-10  7.87868e-23  9.95684e-11 -4.49936e-22   3.9613e-12   1.7107e-22 -1.54938e-11  3.84457e-23 -5.59403e-12 -7.08498e-23  3.83031e-13  4.64161e-23  8.84113e-13 -2.39194e-23  2.62442e-13  8.29841e-24 -7.68161e-15 -3.18107e-25 -3.01035e-14 -1.26079e-24 -9.96704e-15  7.33202e-25 -9.17967e-16 -3.40542e-25  4.55627e-16  1.38474e-25   2.1869e-16 -1.22959e-26  4.39822e-17 -1.72616e-26  2.02615e-18  2.83635e-27 -1.50867e-18  3.74955e-27 -5.29792e-19 -1.37472e-27 -9.27779e-20 -5.72932e-29 -7.79761e-21  1.33636e-29  5.53907e-22  1.28766e-29  3.02436e-22  8.58726e-30  5.37788e-23 -2.55352e-30  5.81665e-24 -3.52294e-31  3.63631e-25  8.55538e-32  1.53322e-27 -1.72849e-32 -2.37946e-27  5.77686e-34  -2.8181e-28  7.73559e-34 -1.83126e-29  2.11866e-35 -7.31682e-31  2.28106e-36 -1.65378e-32  1.25494e-38    -1.45e-34 -5.89975e-39  3.98365e-37
  1.0135e-14  5.41346e-30 -5.67358e-13  -1.3832e-28  1.23955e-11   1.9039e-27  -1.6326e-10  -1.7972e-26  1.49519e-09    1.238e-25 -1.02224e-08 -6.11896e-25   5.4373e-08  1.99857e-24 -2.30837e-07 -2.89045e-24  7.94758e-07 -1.01958e-23 -2.23907e-06  8.97344e-23  5.17804e-06  -3.7236e-22 -9.80233e-06  1.11342e-21   1.5037e-05 -2.60745e-21 -1.82926e-05  4.79937e-21   1.6878e-05 -6.50598e-21 -1.05984e-05  4.77949e-21  2.84859e-06  4.36342e-21  1.91488e-06 -2.32184e-20 -2.21638e-06  4.93297e-20  4.11057e-07 -7.51903e-20  5.98879e-07  9.16921e-20 -3.10527e-07 -9.26511e-20  -1.2445e-07  7.74551e-20  1.10585e-07 -5.15927e-20  2.88842e-08  2.52257e-20 -3.07325e-08 -8.41296e-21 -9.17913e-09  4.39847e-21   6.8017e-09 -7.52411e-21  3.16123e-09  9.37648e-21 -9.59501e-10 -6.69325e-21 -8.81058e-10  2.25817e-21 -2.41286e-11  4.01025e-22  1.59596e-10 -7.58354e-22  5.11754e-11  2.53837e-22 -1.03327e-11  6.39196e-23 -1.12381e-11 -1.00633e-22 -2.34221e-12  5.85795e-23  6.62817e-13  -2.6358e-23  5.18084e-13    8.271e-24  1.11408e-13  -5.0698e-25 -1.26344e-14 -9.24573e-25 -1.47435e-14  6.85457e-25 -4.13221e-15 -4.28043e-25  -3.2426e-16  1.58374e-25  1.67063e-16  9.97658e-27  7.39755e-17 -2.83588e-26  1.45999e-17  3.02541e-27  1.01918e-18  4.42551e-27 -2.90181e-19 -1.20427e-27 -1.14586e-19 -1.68175e-28 -2.09349e-20 -1.87595e-29 -2.17759e-21  2.55646e-29 -5.00957e-23  1.00335e-29  2.68484e-23  -2.9713e-30  5.65079e-24 -3.63694e-31  6.44416e-25   5.9846e-32  4.69542e-26 -1.34534e-32  1.93239e-27  9.97757e-34 -1.07653e-30   5.4558e-34 -5.71291e-30  2.43817e-35 -3.70557e-31  1.91622e-36 -1.14511e-32 -2.66363e-38 -1.56213e-34 -6.75158e-40
-1.22219e-30  1.36085e-13  5.80803e-29 -4.37046e-12 -1.06489e-27  7.34344e-11  1.21462e-26 -8.10826e-10 -9.96316e-26  6.48874e-09  6.05872e-25 -3.97059e-08 -2.66366e-24  1.91921e-07  7.79683e-24 -7.47877e-07 -1.01958e-23   2.3789e-06 -3.28531e-23 -6.21566e-06  2.67148e-22  1.33496e-05 -1.03608e-21 -2.34404e-05  2.92339e-21  3.31881e-05 -6.49484e-21 -3.68408e-05  1.13343e-20  3.02025e-05 -1.44137e-20 -1.55014e-05   9.3026e-21  1.20495e-06   1.1278e-20  5.05479e-06 -4.93775e-20 -3.33139e-06  9.69742e-20 -2.66581e-07 -1.38239e-19  1.23176e-06  1.58214e-19 -2.39282e-07  -1.5038e-19 -3.43844e-07   1.1823e-19   1.1014e-07 -7.33065e-20  9.42627e-08  3.19697e-20 -2.89425e-08 -8.31597e-21 -2.66688e-08  4.84325e-21    4.141e-09 -1.09506e-20   6.9507e-09  1.36768e-20  4.29229e-10 -9.22837e-21 -1.36691e-09  2.64678e-21 -4.35765e-10  9.20609e-22  1.31597e-10 -1.15929e-21   1.1555e-10   3.4424e-22  1.56045e-11  1.00554e-22 -1.21916e-11 -1.34621e-22 -6.37311e-12  6.87881e-23 -6.77193e-13 -2.59907e-23  5.10427e-13  7.21959e-24  2.56319e-13   -1.009e-24  4.17464e-14  -2.4399e-25  -7.9695e-15  6.25963e-25 -6.14445e-15 -5.68537e-25 -1.53738e-15  1.79508e-25 -1.20277e-16  3.91314e-26  4.83755e-17 -3.83837e-26  2.10865e-17  2.08751e-27   4.1745e-18   4.9498e-27   3.8588e-19 -8.68662e-28 -3.20909e-20 -2.84388e-28 -1.86495e-20  -5.9064e-29 -3.60237e-21  3.68235e-29 -4.17119e-22  1.09142e-29 -2.57135e-23 -3.11313e-30   6.2904e-25  -3.6858e-31  3.46286e-25  3.17517e-32  4.27253e-26 -9.37102e-33  3.14362e-27  1.11997e-33  1.46647e-28  3.65335e-34  3.81171e-30  2.21993e-35  1.85742e-32  1.14962e-36 -1.61871e-33  -2.5018e-38  -2.5727e-35
-2.12612e-14 -1.73959e-29  1.22874e-12  4.82844e-28 -2.77465e-11 -6.96747e-27  3.78191e-10  6.80316e-26  -3.5893e-09 -4.92147e-25  2.54691e-08  2.66523e-24 -1.40842e-07  -1.0491e-23  6.22868e-07  2.76656e-23 -2.23907e-06 -3.28531e-23  6.60461e-06  -9.7082e-23 -1.60472e-05  7.32426e-22  3.20623e-05 -2.66752e-21  -5.2244e-05   7.1388e-21  6.81819e-05 -1.51213e-20 -6.87185e-05  2.51373e-20  4.92589e-05 -3.01426e-20 -1.90404e-05  1.71782e-20   -4.221e-06   2.5756e-20  1.00219e-05  -9.7661e-20 -3.80963e-06  1.78536e-19 -1.92834e-06 -2.38642e-19   1.9284e-06  2.56538e-19  1.70227e-07 -2.29304e-19 -6.32481e-07  1.69298e-19  5.00731e-09 -9.71503e-20  1.81441e-07   3.6706e-20  4.55346e-09 -5.93226e-21 -4.68695e-08  4.80599e-21 -7.22979e-09 -1.53841e-20  9.73547e-09  1.90387e-20  3.61853e-09 -1.20888e-20 -1.16259e-09  2.85484e-21  -1.0184e-09  1.65034e-21 -8.27097e-11 -1.63285e-21    1.486e-10  4.31161e-22  6.17036e-11   1.4857e-22  -9.8707e-13   -1.704e-22  -8.7585e-12  7.51931e-23 -2.99276e-12 -2.19096e-23 -6.93658e-14  5.02577e-24  2.88827e-13 -1.97788e-24  1.10351e-13  8.20803e-25  1.43661e-14  5.93186e-25 -3.51392e-15 -7.71971e-25 -2.19231e-15  1.96037e-25 -5.11087e-16  7.42928e-26 -4.48017e-17 -4.52709e-26  1.04999e-17 -1.42706e-28  4.92165e-18  5.19042e-27  9.91323e-19 -3.91284e-28  1.09262e-19 -3.90076e-28  1.23709e-21 -1.01664e-28 -2.04812e-21  4.41268e-29 -4.44469e-22   1.0955e-29 -5.43808e-23 -2.97437e-30 -4.17896e-24 -3.63259e-31 -1.53544e-25  6.97296e-33  6.83176e-27 -5.87484e-33  1.41688e-27  1.00064e-33  1.02142e-28  2.35106e-34  4.18467e-30  1.68147e-35  9.51823e-32  4.92066e-37  9.23351e-34 -1.18693e-38
 3.01973e-30 -2.59432e-13 -1.65658e-28  8.62134e-12  3.30539e-27 -1.50073e-10 -3.96328e-26   1.7189e-09  3.38931e-25 -1.42898e-08 -2.18672e-24  9.09835e-08  1.06193e-23 -4.58416e-07  -3.7619e-23  1.86601e-06  8.97344e-23 -6.21566e-06  -9.7082e-23  1.70589e-05 -2.63911e-22 -3.86345e-05  1.85414e-21  7.19087e-05 -6.37103e-21 -0.000108744   1.6255e-20  0.000130539 -3.29908e-20 -0.000118603  5.24878e-20  7.24811e-05 -5.96727e-20 -1.71266e-05  3.03224e-20   -1.568e-05  5.31394e-20  1.62245e-05 -1.80299e-19  -2.3564e-06  3.08598e-19 -4.81133e-06 -3.87663e-19   2.2412e-06   3.9169e-19  1.09231e-06 -3.29097e-19 -8.51145e-07  2.27705e-19 -2.69258e-07 -1.19891e-19  2.44768e-07  3.71803e-20  8.55979e-08 -2.82197e-22  -5.4746e-08  4.15507e-21 -2.89424e-08 -2.08607e-20  7.35717e-09  2.53268e-20  7.95333e-09 -1.50785e-20  4.76608e-10  2.80243e-21 -1.40435e-09  2.56404e-21 -5.06552e-10 -2.14091e-21  7.52205e-11  5.02559e-22  1.04261e-10  2.06249e-22   2.5106e-11 -2.05333e-22 -5.01959e-12  7.64707e-23 -4.87644e-12 -1.35707e-23 -1.20376e-12  1.68111e-24  6.06077e-14 -3.54864e-24  1.32752e-13  2.27111e-24  4.20571e-14  6.29941e-25   4.7485e-15 -1.03722e-24  -1.1783e-15  1.99055e-25  -6.6519e-16  1.13909e-25 -1.49334e-16 -4.72067e-26 -1.51913e-17 -3.58446e-27  1.45014e-18  5.05668e-27  8.99581e-19  1.70259e-28  1.87347e-19 -4.70391e-28  2.28811e-20 -1.40047e-28  1.30348e-21  4.56917e-29 -1.06011e-22  1.00225e-29 -3.54686e-23 -2.62471e-30 -4.57613e-24  -3.4453e-31 -3.68337e-25 -1.05727e-32 -1.86379e-26 -3.42045e-33 -4.41253e-28  7.48342e-34  1.04029e-29  1.46501e-34   1.1731e-30  1.06821e-35  3.50748e-32  1.27028e-37  3.23816e-34
 3.55522e-14  3.74185e-29 -2.12921e-12 -1.21946e-27  4.98813e-11  1.92748e-26 -7.06225e-10 -1.99184e-25  6.97155e-09  1.51737e-24  -5.1531e-08 -8.80757e-24  2.97338e-07  3.85672e-23 -1.37472e-06 -1.23451e-22  5.17804e-06  2.67148e-22 -1.60472e-05 -2.63911e-22  4.11023e-05 -6.61531e-22 -8.69518e-05   4.3426e-21  0.000150926 -1.41441e-20 -0.000211743  3.45884e-20  0.000233073 -6.76035e-20 -0.000188936  1.03421e-19  9.42694e-05 -1.12117e-19 -3.49497e-06  5.15688e-20 -3.47293e-05  1.00295e-19  2.15474e-05 -3.11635e-19  2.69092e-06  5.01901e-19 -8.60387e-06 -5.93791e-19  1.43026e-06  5.64248e-19  2.53453e-06 -4.45364e-19 -7.37723e-07  2.87975e-19 -7.21198e-07 -1.37293e-19  2.00559e-07   3.1049e-20  2.08823e-07  9.41165e-21  -2.7314e-08  2.84014e-21 -5.52071e-08  -2.7292e-20 -4.65235e-09  3.22415e-20  1.08838e-08 -1.79479e-20  3.79217e-09  2.44892e-21 -9.87087e-10  3.59245e-21 -9.78827e-10 -2.63304e-21 -1.55517e-10  5.48754e-22  9.72959e-11  2.70158e-22  5.61341e-11 -2.37413e-22   7.4235e-12   7.2218e-23 -4.00579e-12 -8.63257e-25   -2.266e-12 -2.73714e-24 -4.27305e-13 -5.81063e-24  4.83265e-14  4.06457e-24  5.12993e-14  7.75707e-25  1.42849e-14  -1.3506e-24  1.54424e-15  1.78709e-25 -2.98278e-16  1.55797e-25 -1.68488e-16 -4.31111e-26 -3.73201e-17 -7.89842e-27   -4.321e-18  4.52965e-27  2.26034e-20  7.34647e-28  1.19248e-19 -5.14989e-28  2.67259e-20 -1.68929e-28  3.45225e-21  4.10185e-29  2.68751e-22  8.17882e-30   6.3266e-24 -2.17482e-30 -1.39916e-24 -3.11676e-31 -2.21158e-25 -1.97369e-32 -1.75231e-26 -2.02742e-33 -8.59761e-28  4.74732e-34 -2.51172e-29  8.80766e-35 -3.38356e-31  5.59525e-36  3.09208e-34  4.62618e-39
-3.64834e-30  3.92903e-13  3.05324e-28 -1.35715e-11 -7.35867e-27  2.45833e-10   9.7851e-26 -2.93366e-09 -8.95294e-25   2.5445e-08  6.15548e-24 -1.69285e-07 -3.23669e-23  8.92805e-07  1.28355e-22  -3.8118e-06  -3.7236e-22  1.33496e-05  7.32426e-22 -3.86345e-05 -6.61531e-22  9.26099e-05 -1.53142e-21 -0.000183348  9.42193e-21   0.00029702 -2.92324e-20 -0.000386235  6.89077e-20  0.000388105 -1.30377e-19 -0.000276424  1.92688e-19  0.000103433 -2.00369e-19   2.9301e-05  8.51206e-20 -6.06005e-05  1.74512e-19  2.19807e-05 -5.05553e-19  1.27039e-05  7.69582e-19 -1.20545e-05 -8.59214e-19 -1.33955e-06  7.68378e-19  4.14874e-06 -5.69398e-19  2.98494e-08  3.42806e-19 -1.23505e-06 -1.44918e-19 -4.70282e-08  1.64027e-20  3.28786e-07  2.35197e-20  5.52992e-08  9.00013e-22 -6.98424e-08 -3.44322e-20 -2.73552e-08  3.93315e-20  8.30634e-09 -2.04331e-20  7.76261e-09  1.81095e-21    7.392e-10  4.63089e-21 -1.12572e-09  -3.0571e-21 -4.95273e-10  5.65498e-22 -2.07422e-12  3.35967e-22  6.79058e-11 -2.66045e-22  2.48473e-11  6.31101e-23  1.18958e-12  1.59261e-23 -2.18966e-12  -8.0972e-24 -9.10219e-13 -8.78732e-24 -1.38493e-13  6.11385e-24  2.13333e-14  1.05928e-24  1.68251e-14 -1.68751e-24   4.3046e-15   1.2733e-25  4.82675e-16  1.97315e-25 -5.19565e-17 -3.29794e-26 -3.44993e-17 -1.25366e-26 -7.69505e-18  3.66828e-27 -9.76341e-19  1.21535e-27 -4.59521e-20  -5.2052e-28  9.53079e-21 -1.85553e-28  2.66548e-21  3.10422e-29  3.58028e-22  5.68015e-30  3.05038e-23 -1.73104e-30  1.53645e-24 -2.67204e-31  1.42894e-26 -2.18478e-32 -4.44451e-27 -1.40919e-33 -3.79048e-28  2.55392e-34 -1.53644e-29  5.00842e-35 -3.13386e-31   2.2965e-36 -2.14788e-33
-4.66994e-14 -3.06068e-29  2.91459e-12  1.87659e-27  -7.1227e-11 -3.75514e-26  1.05311e-09  4.39122e-25 -1.08695e-08 -3.63392e-24  8.41191e-08  2.27843e-23 -5.08974e-07 -1.09124e-22  2.47207e-06  3.93241e-22 -9.80233e-06 -1.03608e-21  3.20623e-05  1.85414e-21 -8.69518e-05 -1.53142e-21   0.00019557 -3.27631e-21 -0.000362959  1.89458e-20  0.000549036 -5.62975e-20 -0.000660719  1.28727e-19   0.00060226 -2.37068e-19 -0.000367987  3.40086e-19  8.30027e-05 -3.41238e-19  8.73452e-05  1.37126e-19 -8.83747e-05  2.81343e-19  1.20326e-05  -7.7137e-19  2.76705e-05  1.11447e-18 -1.28292e-05 -1.17661e-18 -6.55038e-06  9.91106e-19  5.11529e-06 -6.89232e-19  1.66642e-06  3.84559e-19 -1.53175e-06 -1.39217e-19 -5.45704e-07 -7.70448e-21  3.55644e-07  4.18654e-20  1.90809e-07 -1.55553e-21 -4.94384e-08 -4.18714e-20 -5.41864e-08    4.604e-20 -3.36163e-09 -2.23006e-20  9.81395e-09  9.66895e-22  3.62506e-09  5.55759e-21 -5.13788e-10 -3.37166e-21 -7.53883e-10  5.55875e-22 -1.89711e-10  3.99582e-22  3.37664e-11 -2.92451e-22  3.58792e-11  5.07618e-23  9.38459e-12  3.62141e-23 -2.30008e-13 -1.42285e-23 -9.51538e-13  -1.2426e-23 -3.22007e-13  8.28978e-24 -4.24422e-14  1.49221e-24  6.68371e-15 -2.01679e-24  4.65549e-15  4.26156e-26   1.1323e-15  2.35664e-25  1.36593e-16 -1.79461e-26 -3.80317e-18 -1.68451e-26 -5.41307e-18  2.58937e-27 -1.25151e-18  1.54099e-27 -1.67843e-19 -4.91339e-28 -1.25294e-20 -1.89959e-28  8.04937e-23  1.78467e-29  1.60066e-22  2.92018e-30  2.34979e-23 -1.35997e-30  2.00614e-24 -2.16097e-31  1.09644e-25 -1.95273e-32  3.46301e-27 -1.18326e-33  2.76425e-29  1.16492e-34 -2.06579e-30  2.58769e-35 -6.21662e-32  6.40914e-37
-7.74518e-30 -4.62862e-13 -1.09472e-28  1.67356e-11  9.04162e-27 -3.17599e-10 -1.64994e-25  3.97476e-09  1.76193e-24  -3.6196e-08 -1.34248e-23  2.53166e-07  7.74048e-23 -1.40584e-06 -3.39145e-22  6.33128e-06  1.11342e-21 -2.34404e-05 -2.66752e-21  7.19087e-05   4.3426e-21 -0.000183348 -3.27631e-21  0.000387888 -6.47486e-21 -0.000675849  3.52871e-20  0.000954763 -1.01059e-19  -0.00106081  2.25765e-19  0.000869273  -4.0708e-19  -0.00043769  5.69516e-19  1.26094e-05 -5.54613e-19  0.000171417   2.1617e-19 -0.000107853  4.21603e-19 -1.36925e-05 -1.10889e-18  4.50034e-05  1.52662e-18 -7.90992e-06 -1.52743e-18   -1.373e-05  1.21345e-18  4.24157e-06 -7.91971e-19  4.04337e-06   4.0723e-19 -1.21311e-06 -1.18606e-19 -1.21835e-06 -4.08755e-20  1.80995e-07   6.3688e-20  3.36753e-07 -4.37987e-21  2.48933e-08 -4.90619e-20 -6.94891e-08  5.17745e-20 -2.37952e-08 -2.33872e-20  6.65312e-09  4.59892e-23   6.4446e-09  6.25779e-21  1.01854e-09 -3.55649e-21 -6.56628e-10  5.30459e-22 -3.82025e-10  4.58171e-22  -5.2544e-11 -3.19531e-22  2.67756e-11  3.73432e-23  1.56811e-11  5.92296e-23  3.11782e-12 -2.09112e-23 -2.65636e-13 -1.65976e-23 -3.44061e-13  1.04304e-23 -1.01035e-13  2.06336e-24 -1.25196e-14 -2.30648e-24  1.49517e-15 -7.03295e-26  1.06568e-15  2.68288e-25  2.53045e-16 -1.61247e-29  3.28066e-17 -2.01949e-26  9.77454e-19  1.43187e-27 -5.86222e-19  1.67094e-27 -1.51243e-19 -4.38131e-28 -2.09496e-20 -1.84272e-28 -1.81903e-21  4.05483e-30 -7.83915e-23   3.3493e-31  3.12211e-24 -1.07738e-30  8.21734e-25 -1.64211e-31  6.96825e-26 -1.53747e-32  3.42653e-27 -1.04711e-33  9.86726e-29  4.62864e-35  1.39304e-30  1.13065e-35  4.69445e-33
