 1.61549e-07  -4.8072e-23 -2.48427e-06  4.91687e-22  1.37368e-05  1.05169e-22 -4.10334e-05 -9.61472e-21  7.30085e-05  3.80784e-20 -7.61905e-05 -7.64621e-20  3.82674e-05  8.90153e-20  2.68269e-06 -5.73935e-20  -1.1599e-05  1.60371e-20   3.0588e-06 -2.40715e-24  2.48881e-07
 -4.8072e-23  3.61739e-06 -2.52815e-22 -3.02775e-05 -1.42958e-21  0.000120675  2.88905e-20 -0.000277917  -1.3322e-19  0.000384172  3.23766e-19 -0.000294611  -4.7238e-19  7.39115e-05  4.09686e-19  5.52593e-05 -1.87147e-19  -3.9002e-05  2.94917e-20  3.19065e-06  1.73999e-21
-2.48427e-06 -2.52815e-22  3.82964e-05  1.03391e-21 -0.000212614 -3.91742e-20  0.000639174  2.50756e-19  -0.00114887 -7.80066e-19   0.00121933  1.44045e-18 -0.000633137 -1.62974e-18 -3.41563e-05  1.06389e-18  0.000202453 -3.30345e-19  -6.4685e-05  2.23652e-20 -1.51086e-06
 4.91687e-22 -3.02775e-05  1.03391e-21  0.000254464  1.90665e-20    -0.001021 -2.72859e-19    0.0023767  1.21181e-18  -0.00334356 -2.92716e-18   0.00264702  4.29833e-18  -0.00073419 -3.80106e-18 -0.000487537  1.82564e-18  0.000405081  -3.5411e-19 -5.81595e-05  4.24555e-21
 1.37368e-05 -1.42958e-21 -0.000212614  1.90665e-20   0.00118841  1.20952e-19   -0.0036121 -1.18747e-18   0.00660918  4.11636e-18  -0.00723207 -8.01954e-18   0.00400997   9.4322e-18  1.50294e-05  -6.4225e-18  -0.00128804  2.16246e-18  0.000529045 -2.22554e-19 -2.53114e-05
 1.05169e-22  0.000120675 -3.91742e-20    -0.001021  1.20952e-19   0.00414215  5.02129e-19   -0.0098163 -3.81097e-18    0.0142251  1.07064e-17   -0.0118968 -1.69619e-17   0.00393143  1.58162e-17   0.00190741 -8.01474e-18  -0.00209516   1.7162e-18  0.000485107  -5.2352e-20
-4.10334e-05  2.88905e-20  0.000639174 -2.72859e-19   -0.0036121  5.02129e-19    0.0111773  1.57017e-18   -0.0210558  -9.6182e-18    0.0242187  2.21421e-17   -0.0149302 -2.83515e-17   0.00134506  2.04265e-17   0.00440838 -7.16923e-18  -0.00248435  7.18209e-19  0.000314912
-9.61472e-21 -0.000277917  2.50756e-19    0.0023767 -1.18747e-18   -0.0098163  1.57017e-18    0.0239466  3.90824e-18   -0.0363902 -1.96347e-17    0.0331645  3.69747e-17   -0.0139653 -3.75331e-17  -0.00331675  1.97354e-17   0.00645185 -3.84773e-18  -0.00228448 -1.60543e-19
 7.30085e-05  -1.3322e-19  -0.00114887  1.21181e-18   0.00660918 -3.81097e-18   -0.0210558  3.90824e-18    0.0415649  7.93074e-18   -0.0516851 -3.27864e-17    0.0371742  4.98343e-17  -0.00880734 -3.82966e-17  -0.00822856  1.23905e-17   0.00719352  2.26957e-19   -0.0015206
 3.80784e-20  0.000384172 -7.80066e-19  -0.00334356  4.11636e-18    0.0142251  -9.6182e-18   -0.0363902  7.93074e-18    0.0596508  1.32447e-17   -0.0618379 -4.47185e-17    0.0350218  5.28592e-17  -0.00180983  -2.6774e-17   -0.0114043  9.18036e-19   0.00624513  2.48753e-18
-7.61905e-05  3.23766e-19   0.00121933 -2.92716e-18  -0.00723207  1.07064e-17    0.0242187 -1.96347e-17   -0.0516851  1.32447e-17    0.0726416  1.81736e-17   -0.0646608 -4.86582e-17     0.029181  3.98522e-17   0.00375286  -5.0841e-18   -0.0114697 -8.51598e-18   0.00364145
-7.64621e-20 -0.000294611  1.44045e-18   0.00264702 -8.01954e-18   -0.0118968  2.21421e-17    0.0331645 -3.27864e-17   -0.0618379  1.81736e-17    0.0779601  2.00263e-17   -0.0624953 -3.84929e-17    0.0239705  1.10067e-17    0.0051535  1.77293e-17  -0.00793661 -1.03164e-17
 3.82674e-05  -4.7238e-19 -0.000633137  4.29833e-18   0.00400997 -1.69619e-17   -0.0149302  3.69747e-17    0.0371742 -4.47185e-17   -0.0646608  2.00263e-17    0.0778577  1.62326e-17   -0.0602785 -1.29672e-17     0.023403 -2.37105e-17   0.00103297  2.83066e-17  -0.00256676
 8.90153e-20  7.39115e-05 -1.62974e-18  -0.00073419   9.4322e-18   0.00393143 -2.83515e-17   -0.0139653  4.98343e-17    0.0350218 -4.86582e-17   -0.0624953  1.62326e-17    0.0774684  5.91238e-18   -0.0628957  2.10256e-17    0.0296875 -4.79687e-17  -0.00627288  2.31287e-17
 2.68269e-06  4.09686e-19 -3.41563e-05 -3.80106e-18  1.50294e-05  1.58162e-17   0.00134506 -3.75331e-17  -0.00880734  5.28592e-17     0.029181 -3.84929e-17   -0.0602785  5.91238e-18    0.0819815 -8.18265e-18    -0.073111  4.74608e-17    0.0397738  -4.5748e-17  -0.00927416
-5.73935e-20  5.52593e-05  1.06389e-18 -0.000487537  -6.4225e-18   0.00190741  2.04265e-17  -0.00331675 -3.82966e-17  -0.00180983  3.98522e-17    0.0239705 -1.29672e-17   -0.0628957 -8.18265e-18    0.0943459 -2.09646e-17   -0.0871569  5.53268e-17    0.0426127 -3.09476e-17
 -1.1599e-05 -1.87147e-19  0.000202453  1.82564e-18  -0.00128804 -8.01474e-18   0.00440838  1.97354e-17  -0.00822856  -2.6774e-17   0.00375286  1.10067e-17     0.023403  2.10256e-17    -0.073111 -2.09646e-17     0.110482 -2.27507e-17   -0.0908283  3.46057e-17    0.0283307
 1.60371e-20  -3.9002e-05 -3.30345e-19  0.000405081  2.16246e-18  -0.00209516 -7.16923e-18   0.00645185  1.23905e-17   -0.0114043  -5.0841e-18    0.0051535 -2.37105e-17    0.0296875  4.74608e-17   -0.0871569 -2.27507e-17     0.114897 -2.29173e-17   -0.0698691    2.554e-17
  3.0588e-06  2.94917e-20  -6.4685e-05  -3.5411e-19  0.000529045   1.7162e-18  -0.00248435 -3.84773e-18   0.00719352  9.18035e-19   -0.0114697  1.77293e-17   0.00103297 -4.79687e-17    0.0397738  5.53267e-17   -0.0908283 -2.29173e-17    0.0914506 -1.67201e-18   -0.0318075
-2.40718e-24  3.19065e-06  2.23652e-20 -5.81595e-05 -2.22554e-19  0.000485107  7.18209e-19  -0.00228448  2.26958e-19   0.00624513 -8.51598e-18  -0.00793661  2.83066e-17  -0.00627288  -4.5748e-17    0.0426127  3.46057e-17   -0.0698691 -1.67201e-18    0.0472668 -1.51081e-17
 2.48881e-07  1.73999e-21 -1.51086e-06  4.24555e-21 -2.53114e-05  -5.2352e-20  0.000314912 -1.60543e-19   -0.0015206  2.48753e-18   0.00364145 -1.03164e-17  -0.00256676  2.31287e-17  -0.00927416 -3.09476e-17    0.0283307    2.554e-17   -0.0318075 -1.51081e-17    0.0116818
