 2.08289e-05  8.37435e-20 -0.000176596 -9.81424e-19  0.000522922  2.94519e-18 -0.000763484 -3.82486e-18  0.000481526  2.47252e-18  0.000112305  -1.4496e-19 -0.000311564 -9.76233e-19  1.63246e-05  1.26776e-19  0.000163944  7.98244e-19 -1.44089e-05 -3.25006e-19 -8.31508e-05 -4.24211e-19 -1.19882e-06  2.56736e-19  3.88663e-05    1.851e-19  8.08086e-06 -1.53387e-19  -1.4899e-05 -4.54792e-20 -7.28467e-06  4.73885e-20  3.65892e-06  2.12743e-20  3.86038e-06 -2.16597e-20   7.4186e-08 -1.71631e-21 -1.21023e-06  3.22869e-21 -4.87999e-07  2.04228e-21  1.29276e-07 -8.72206e-22  1.70181e-07 -7.51173e-22  4.38855e-08   1.9574e-22 -1.20943e-08  8.83447e-23 -1.13259e-08  2.83554e-23  -2.9962e-09  -1.9478e-23 -1.34315e-10  -1.9499e-24  1.07461e-10  1.99459e-25  2.40074e-11  8.50273e-26  1.38174e-12
 8.37435e-20  0.000258641  5.77278e-19  -0.00118999 -4.61271e-18   0.00248281  9.39311e-18  -0.00256859 -8.77669e-18   0.00073941  3.44632e-18   0.00103034  2.31185e-18 -0.000758269 -3.27045e-18 -0.000404429 -4.65256e-19  0.000440108  2.57364e-18  0.000201888 -6.72064e-19 -0.000208642 -1.13098e-18 -0.000120067  5.29705e-19  7.79104e-05  4.10987e-19  6.89014e-05 -3.03072e-19 -1.69916e-05 -6.33869e-20 -3.24542e-05  7.85465e-20 -3.07643e-06   2.9763e-20  1.07442e-05 -4.06426e-20  4.74857e-06  1.85274e-21 -1.63046e-06  5.33453e-21 -1.99116e-06  3.48319e-21 -3.70147e-07 -1.39872e-21  3.08132e-07 -1.39795e-21  2.01908e-07  1.85334e-22  3.16631e-08  1.94659e-22 -1.43546e-08  5.93507e-23 -8.45435e-09 -2.68098e-23 -1.76067e-09 -3.29676e-24 -1.24084e-10  3.18718e-25  6.59243e-12  7.13084e-26
-0.000176596  5.77278e-19   0.00152021  2.42454e-18  -0.00460505 -1.25728e-17    0.0069788  1.78993e-17  -0.00480156 -1.38648e-17 -0.000592238  4.18792e-18   0.00293419  5.40674e-18 -0.000518259 -5.77946e-18  -0.00149199 -1.05101e-18  0.000380731  3.93422e-18  0.000761453 -8.21471e-19 -0.000139475 -1.43386e-18 -0.000379237  5.94435e-19  3.07323e-06  4.47429e-19  0.000167576 -3.73434e-19  3.80675e-05  -3.0848e-21 -5.69355e-05  9.91794e-20 -3.11989e-05  1.57581e-20  1.02836e-05 -6.10459e-20  1.39134e-05  7.65066e-21  1.91856e-06  8.43842e-21 -3.17171e-06  5.22605e-21 -1.74874e-06 -1.88357e-21 -1.01798e-08 -1.80786e-21  3.28652e-07 -4.00451e-23  1.35931e-07  2.83828e-22  1.32715e-08  8.14569e-23 -6.95548e-09 -1.91037e-23 -2.71737e-09  -1.3699e-24  -3.7363e-10  5.03211e-25 -1.51976e-11
-9.81424e-19  -0.00118999  2.42454e-18   0.00559963  6.26282e-18   -0.0120934 -1.97642e-17     0.013319  2.14015e-17  -0.00493323 -1.78458e-17   -0.0045656   7.5547e-18    0.0045118  5.21058e-18   0.00137919 -6.39687e-18  -0.00260789 -7.53627e-19 -0.000571677  3.41132e-18   0.00131376 -7.73469e-19   0.00037155 -9.02297e-19 -0.000577962   5.2161e-19 -0.000262542  2.02011e-19  0.000200247  -4.3478e-19  0.000156375  1.06582e-19 -3.80963e-05   1.5964e-19 -6.98722e-05 -8.33337e-21 -8.90398e-06 -8.81864e-20  1.98821e-05   8.5027e-21  9.96505e-06  1.25676e-20 -1.63593e-06  7.43573e-21 -3.10347e-06 -1.98052e-21 -9.24341e-07 -1.79653e-21  1.77645e-07 -4.36835e-22  2.05728e-07  2.61912e-22  5.89977e-08  8.62781e-23  4.81985e-09  4.65603e-25 -1.09384e-09  2.85213e-24  -2.3672e-10  5.06324e-25
 0.000522922 -4.61271e-18  -0.00460505  6.26282e-18    0.0144283  8.50291e-18   -0.0230826 -1.33979e-17    0.0178593  1.29101e-17 -0.000412627 -1.86889e-17  -0.00981043  1.23563e-17    0.0035953  1.21608e-18   0.00456292 -4.58601e-18  -0.00248413  5.08372e-19  -0.00225547  1.35776e-18   0.00121662 -9.97999e-19   0.00118968   8.3527e-20 -0.000434157  6.95825e-19 -0.000610389 -1.69511e-19  6.88187e-05 -6.15973e-19   0.00027021  1.74063e-19  4.39514e-05  2.79785e-19 -8.81604e-05 -2.08189e-20 -4.36466e-05 -1.13298e-19  1.36214e-05   9.9188e-22  1.80684e-05  1.42007e-20  3.34398e-06  8.88291e-21 -2.96815e-06 -8.42732e-22 -1.91825e-06  -1.4365e-21 -2.91602e-07 -9.46602e-22  1.36296e-07  7.63499e-23  7.70773e-08  6.67789e-23   1.5558e-08  1.77591e-23  1.18612e-09  5.00187e-24  7.13797e-13
 2.94519e-18   0.00248281 -1.25728e-17   -0.0120934  8.50291e-18    0.0275106  2.65372e-18   -0.0331359  8.73285e-18    0.0162548 -2.28178e-18   0.00806094 -1.62684e-17    -0.012866  1.48353e-17 -0.000461035 -3.46866e-18   0.00713393 -2.07028e-18 -0.000575843  2.56925e-18  -0.00369624 -6.79492e-19  0.000227934 -1.91112e-18   0.00183184  8.76898e-19  0.000104695  1.31138e-18  -0.00082055 -4.33546e-19 -0.000206756 -8.96142e-19  0.000295423   1.3957e-19  0.000160161   4.0722e-19  -6.3368e-05 -1.03312e-20 -7.66157e-05 -1.18246e-19 -6.33977e-06  -1.2304e-20   2.0293e-05  1.06247e-20  9.71892e-06  8.74641e-21 -7.11392e-07  2.01254e-21 -2.20918e-06 -9.45805e-22  -8.0746e-07 -1.47741e-21 -5.78112e-08 -2.13739e-22  4.30455e-08  2.34265e-23   1.3908e-08  2.06255e-23  1.48603e-09  3.23781e-24
-0.000763484  9.39311e-18    0.0069788 -1.97642e-17   -0.0230826  2.65372e-18    0.0401292 -9.48414e-18   -0.0364458  2.92757e-17   0.00794074 -1.09109e-17    0.0161807 -1.24277e-17   -0.0114423  1.42261e-17  -0.00572418 -6.90506e-18   0.00745409 -5.18205e-19   0.00225965  5.20927e-18  -0.00403678 -1.73427e-18  -0.00122483 -3.27154e-18   0.00192618  1.16223e-18  0.000810878   2.1184e-18 -0.000763318 -4.38668e-19 -0.000510178 -1.12839e-18  0.000203143  1.53464e-20  0.000258857  4.74884e-19  1.47772e-06  2.31404e-20 -9.03215e-05 -9.62921e-20 -3.29902e-05  -2.7177e-20  1.37442e-05  2.77809e-21  1.41724e-05  8.12752e-21  2.89025e-06  6.21371e-21 -1.40116e-06 -3.46243e-22 -1.00169e-06 -1.82106e-21 -2.39933e-07 -4.52923e-22 -1.39991e-08 -2.21914e-23  3.89876e-09  1.18693e-23  4.70479e-10
-3.82486e-18  -0.00256859  1.78993e-17     0.013319 -1.33979e-17   -0.0331359 -9.48414e-18    0.0459145 -1.81337e-17    -0.031206  3.40197e-17  -0.00262554 -1.09186e-17    0.0199314 -7.36102e-18  -0.00667367   1.2124e-17   -0.0095874 -9.60705e-18   0.00564593 -6.82426e-20   0.00468844  7.66644e-18  -0.00326129 -1.87928e-18   -0.0025188 -4.46924e-18   0.00148396  9.42504e-19   0.00141191  2.70962e-18 -0.000470318 -1.66426e-19  -0.00073213 -1.22405e-18  2.44854e-05 -1.51739e-19  0.000303115  4.61757e-19  8.52729e-05  7.37513e-20 -7.72335e-05 -5.98691e-20 -5.62467e-05 -4.12727e-20 -1.15171e-07 -7.14243e-21  1.42248e-05  8.55096e-21  6.18412e-06  1.05806e-20   2.1291e-07  5.05539e-22 -7.10443e-07 -1.73267e-21 -2.76044e-07 -5.02817e-22 -4.42387e-08 -4.15041e-23  -2.4832e-09  3.24904e-24
 0.000481526 -8.77669e-18  -0.00480156  2.14015e-17    0.0178593  8.73285e-18   -0.0364458 -1.81337e-17    0.0425449 -1.88882e-17   -0.0216022   2.6464e-17   -0.0101718 -1.00966e-17    0.0191089 -8.50503e-19   -0.0015171  9.58943e-18   -0.0111127 -1.20108e-17   0.00300691  -1.4849e-19   0.00607901  9.08546e-18  -0.00191395 -1.46911e-18  -0.00333954  -5.1888e-18  0.000740162  3.18357e-19   0.00177357  2.90052e-18 -4.95853e-05  2.92708e-19 -0.000824275  -1.2215e-18  -0.00018831 -3.23392e-19  0.000282044  3.93138e-19  0.000163989  1.31874e-19 -4.01258e-05  -2.8494e-20 -6.79715e-05 -5.36275e-20 -1.68522e-05 -1.82879e-20  9.35766e-06  9.37399e-21  7.58946e-06  1.33745e-20   1.8318e-06  1.47875e-21 -1.08781e-07 -1.20226e-21 -1.59165e-07 -3.67575e-22 -3.31224e-08 -3.08401e-23 -2.01211e-09
 2.47252e-18   0.00073941 -1.38648e-17  -0.00493323  1.29101e-17    0.0162548  2.92757e-17    -0.031206 -1.88882e-17    0.0340305 -1.39675e-17   -0.0135334  1.58784e-17   -0.0131897 -1.10882e-17    0.0163433  5.69614e-18   0.00222804  7.19802e-18   -0.0110533 -1.35636e-17  0.000549889 -4.40565e-19   0.00658212  9.42426e-18 -0.000467764 -5.90758e-19  -0.00369445 -5.51611e-18 -9.36049e-05 -5.64734e-19   0.00188618  2.81398e-18  0.000401635  8.04497e-19 -0.000785803 -1.19572e-18 -0.000389832 -4.73729e-19  0.000203079  3.09651e-19  0.000219049  1.85221e-19  1.18572e-05 -1.12196e-20 -6.41667e-05 -6.22649e-20 -3.11216e-05 -3.03463e-20   1.0578e-06  7.74725e-21   6.3779e-06  1.29359e-20   2.6235e-06  1.98533e-21  4.15417e-07 -5.64659e-22 -8.03714e-09  -1.8334e-22 -8.91407e-09 -1.19355e-23
 0.000112305  3.44632e-18 -0.000592238 -1.78458e-17 -0.000412627 -2.28178e-18   0.00794074  3.40197e-17   -0.0216022 -1.39675e-17     0.026437 -6.70772e-18  -0.00936048  7.02431e-18   -0.0136638 -1.13871e-17    0.0137934  1.07249e-17   0.00463256   5.7264e-18   -0.0103711 -1.39613e-17  -0.00147319 -9.86303e-19   0.00653463  9.36636e-18  0.000878208  7.63446e-19  -0.00368865 -5.62884e-18  -0.00089813 -1.50529e-18   0.00178607  2.69738e-18  0.000817981  1.25123e-18 -0.000637339 -1.16561e-18 -0.000548101 -5.79286e-19  8.29789e-05  2.40767e-19  0.000239466  2.21132e-19  6.69233e-05  4.72915e-22 -4.52748e-05 -6.25511e-20 -3.84222e-05 -4.12036e-20 -7.83405e-06  1.61869e-21  3.02884e-06  8.76549e-21  2.23215e-06  1.47506e-21  5.63878e-07 -1.99036e-22  6.13325e-08 -6.81193e-23   1.6413e-09
 -1.4496e-19   0.00103034  4.18792e-18   -0.0045656 -1.86889e-17   0.00806094 -1.09109e-17  -0.00262554   2.6464e-17   -0.0135334 -6.70772e-18    0.0224076 -4.53373e-19  -0.00763892  4.63832e-19   -0.0137031  -1.0441e-17    0.0118479  1.37984e-17   0.00634003  5.53061e-18  -0.00946215 -1.38166e-17  -0.00313439 -1.93691e-18   0.00613631  9.50748e-18   0.00206202  2.36368e-18  -0.00341135 -5.62186e-18  -0.00160886 -2.31774e-18   0.00151819  2.68786e-18   0.00115785  1.55418e-18 -0.000407808 -1.09428e-18 -0.000643521  -6.2565e-19 -5.76273e-05  1.90479e-19  0.000221703   2.3024e-19  0.000113373  2.41802e-20 -1.55577e-05 -4.81357e-20 -3.63561e-05 -4.63309e-20 -1.41658e-05 -7.47419e-21 -9.45385e-07  2.31894e-21  1.02371e-06  1.47086e-22  3.62365e-07 -1.48976e-22  4.42724e-08 -2.46043e-23
-0.000311564  2.31185e-18   0.00293419   7.5547e-18  -0.00981043 -1.62684e-17    0.0161807 -1.09186e-17   -0.0101718  1.58784e-17  -0.00936048 -4.53373e-19    0.0206978  3.33174e-18  -0.00643574 -4.89464e-18   -0.0138513 -9.89628e-18    0.0101576  1.55024e-17   0.00764427   6.1287e-18  -0.00840463 -1.40196e-17  -0.00448256 -3.33928e-18   0.00549536  9.88273e-18   0.00305334  3.79191e-18  -0.00293539  -5.5303e-18  -0.00218864 -2.91833e-18   0.00112861  2.71267e-18   0.00139689   1.6779e-18 -0.000128738 -9.43366e-19 -0.000667124 -6.19804e-19 -0.000197641  1.36321e-19  0.000168807  2.09698e-19  0.000141613  7.02913e-20  1.80467e-05 -1.50519e-20 -2.53325e-05 -4.10303e-20 -1.56668e-05 -1.48789e-20 -3.71281e-06 -3.44782e-21 -1.61423e-07 -1.04662e-21    8.855e-08 -1.69946e-22   1.0594e-08
-9.76233e-19 -0.000758269  5.40674e-18    0.0045118  1.23563e-17    -0.012866 -1.24277e-17    0.0199314 -1.00966e-17   -0.0131897  7.02431e-18  -0.00763892  3.33174e-18    0.0194571  6.00597e-18  -0.00522089 -9.93024e-18   -0.0138873 -1.06543e-17    0.0085877  1.68216e-17   0.00859499  6.88335e-18  -0.00726769  -1.4828e-17  -0.00553886  -5.0294e-18   0.00469953  1.01069e-17   0.00384191  4.76545e-18   -0.0023243 -5.35146e-18  -0.00262012  -3.3204e-18  0.000660634  2.58528e-18   0.00152396  1.64484e-18  0.000169169 -7.10822e-19  -0.00061868 -5.86683e-19 -0.000317744  4.28549e-20  8.92064e-05  1.61686e-19  0.000145621    1.314e-19   4.7434e-05  3.31693e-20 -8.63053e-06 -2.40355e-20 -1.19936e-05 -1.62109e-20 -4.16321e-06  -5.9293e-21 -6.63102e-07 -1.31271e-21 -3.78739e-08 -1.03158e-22
 1.63246e-05 -3.27045e-18 -0.000518259  5.21058e-18    0.0035953  1.48353e-17   -0.0114423 -7.36102e-18    0.0191089 -1.10882e-17   -0.0136638  4.63832e-19  -0.00643574  6.00597e-18    0.0181801  9.29864e-18  -0.00420877 -1.45804e-17   -0.0137558 -1.20763e-17   0.00718797  1.83394e-17   0.00925909  7.64304e-18  -0.00612318 -1.56648e-17  -0.00634207 -6.66826e-18   0.00381579   9.7975e-18   0.00443506  5.34343e-18  -0.00162901 -5.02971e-18  -0.00289912 -3.56604e-18  0.000152347  2.18949e-18    0.0015373  1.53949e-18  0.000457784 -4.26935e-19 -0.000504942 -5.52972e-19 -0.000401885 -1.15514e-19 -4.60412e-06   8.8357e-20   0.00012398  1.85219e-19  6.51318e-05  8.39935e-20  8.32376e-06  3.85392e-22  -5.1604e-06 -1.07848e-20 -2.65998e-06 -4.81853e-21 -4.98387e-07 -7.96468e-22  -3.0224e-08
 1.26776e-19 -0.000404429 -5.77946e-18   0.00137919  1.21608e-18 -0.000461035  1.42261e-17  -0.00667367 -8.50503e-19    0.0163433 -1.13871e-17   -0.0137031 -4.89464e-18  -0.00522089  9.29864e-18    0.0170946  1.32816e-17  -0.00345396 -1.82574e-17   -0.0135674 -1.30809e-17   0.00595993  1.98463e-17   0.00972149  8.63789e-18  -0.00500412 -1.57019e-17  -0.00693453 -7.95745e-18   0.00288725  8.90314e-18    0.0048465  5.82385e-18 -0.000888693 -4.48956e-18  -0.00302863 -3.68589e-18 -0.000363432  1.57921e-18   0.00144182  1.46943e-18  0.000712218 -1.24279e-19 -0.000338322 -5.32991e-19 -0.000438412 -3.33267e-19 -9.75327e-05 -8.46927e-21  8.04798e-05  2.08038e-19  6.63032e-05  1.20883e-19  1.96422e-05  2.36897e-20   1.2663e-06 -2.33281e-21 -7.18874e-07 -2.17237e-21 -1.60521e-07 -2.27363e-22
 0.000163944 -4.65256e-19  -0.00149199 -6.39687e-18   0.00456292 -3.46866e-18  -0.00572418   1.2124e-17   -0.0015171  5.69614e-18    0.0137934  -1.0441e-17   -0.0138513 -9.93024e-18  -0.00420877  1.32816e-17    0.0162667  1.67279e-17  -0.00284158 -2.05743e-17   -0.0133741 -1.33332e-17   0.00486301  2.06452e-17    0.0100353  1.00695e-17  -0.00392148 -1.45719e-17  -0.00734901  -8.8771e-18   0.00194255   7.7108e-18   0.00509075  6.44119e-18 -0.000134106  -3.7294e-18  -0.00301564 -3.71617e-18 -0.000858304  9.31152e-19   0.00124738  1.50399e-18  0.000911147  1.88428e-19 -0.000135908 -5.20893e-19 -0.000421099 -5.66501e-19  -0.00017364 -1.19439e-19  2.41303e-05  1.89428e-19  5.07329e-05  1.32132e-19  2.15779e-05  3.72876e-20   4.3147e-06  3.87768e-21  3.36677e-07 -2.94249e-22 -1.63125e-09
 7.98244e-19  0.000440108 -1.05101e-18  -0.00260789 -4.58601e-18   0.00713393 -6.90506e-18   -0.0095874  9.58943e-18   0.00222804  1.07249e-17    0.0118479 -9.89628e-18   -0.0138873 -1.45804e-17  -0.00345396  1.67279e-17    0.0155891  1.85781e-17  -0.00231127  -2.1624e-17   -0.0131751 -1.34641e-17   0.00387175  2.01922e-17    0.0102328  1.18492e-17  -0.00288124 -1.26209e-17  -0.00761158  -9.6804e-18   0.00100168  6.59138e-18   0.00518184  7.14632e-18  0.000610082 -2.88443e-18  -0.00286946 -3.71922e-18  -0.00130745  4.23607e-19  0.000967967  1.64173e-18   0.00103713  5.22942e-19  8.13486e-05 -4.89374e-19  -0.00035021 -7.45988e-19 -0.000218379 -2.19687e-19 -3.17631e-05  1.39335e-19   2.4153e-05  1.17326e-19  1.49969e-05  3.75219e-20  3.68539e-06  5.27894e-21   3.8996e-07   1.9346e-22
-1.44089e-05  2.57364e-18  0.000380731 -7.53627e-19  -0.00248413 -2.07028e-18   0.00745409 -9.60705e-18   -0.0111127  7.19802e-18   0.00463256  1.37984e-17    0.0101576 -1.06543e-17   -0.0137558 -1.82574e-17  -0.00284158  1.85781e-17    0.0150061  1.88838e-17  -0.00185531 -2.17523e-17   -0.0129755 -1.43304e-17   0.00297107  1.85326e-17    0.0103401  1.35997e-17  -0.00188506 -1.06316e-17  -0.00774353 -1.06126e-17  7.83348e-05  5.76286e-18   0.00513241  7.66322e-18   0.00132348 -2.17816e-18  -0.00260084 -3.75439e-18  -0.00168882  1.34301e-19   0.00062131   1.8194e-18   0.00107714  8.76725e-19  0.000289512 -4.01078e-19 -0.000233558 -8.04135e-19 -0.000221459 -2.72169e-19   -7.206e-05  8.30953e-20 -2.63776e-06   8.7077e-20  5.33721e-06  2.78715e-20  1.56152e-06   3.3965e-21  1.25644e-07
-3.25006e-19  0.000201888  3.93422e-18 -0.000571677  5.08372e-19 -0.000575843 -5.18205e-19   0.00564593 -1.20108e-17   -0.0110533   5.7264e-18   0.00634003  1.55024e-17    0.0085877 -1.20763e-17   -0.0135674 -2.05743e-17  -0.00231127  1.88838e-17    0.0145128  1.86131e-17   -0.0014605 -2.12873e-17   -0.0127846 -1.61365e-17   0.00214493  1.62799e-17    0.0103766  1.48966e-17 -0.000930946 -9.30865e-18  -0.00776117 -1.16096e-17 -0.000817867  5.25506e-18   0.00495318  7.73611e-18   0.00198837 -1.79263e-18  -0.00222173 -3.82222e-18  -0.00198258   1.6528e-21  0.000228961  1.93299e-18   0.00102349  1.19825e-18  0.000462892  -2.3167e-19  -8.7303e-05 -7.02167e-19 -0.000180388 -2.45761e-19 -8.46805e-05  4.63685e-20 -1.85778e-05  5.60507e-20 -1.28518e-06  1.58079e-20  1.50034e-07  1.19743e-21
-8.31508e-05 -6.72064e-19  0.000761453  3.41132e-18  -0.00225547  2.56925e-18   0.00225965 -6.82426e-20   0.00300691 -1.35636e-17   -0.0103711  5.53061e-18   0.00764427  1.68216e-17   0.00718797 -1.30809e-17   -0.0133741  -2.1624e-17  -0.00185531  1.86131e-17    0.0140983  1.87419e-17  -0.00111034 -2.04593e-17   -0.0126057 -1.82022e-17   0.00137886  1.42552e-17     0.010356   1.5544e-17 -1.54583e-05 -8.87912e-18  -0.00767653  -1.2255e-17  -0.00167958  4.99874e-18   0.00465303  7.31179e-18   0.00258837 -1.75555e-18  -0.00174548 -3.84875e-18  -0.00217081 -1.40181e-19 -0.000183419  1.85504e-18  0.000875215  1.39304e-18  0.000576088  1.14744e-20  6.40183e-05 -4.49051e-19 -0.000104423 -1.39228e-19 -6.75971e-05  3.87207e-20  -1.9487e-05  3.36806e-20 -2.77326e-06  6.89226e-21 -1.34125e-07
-4.24211e-19 -0.000208642 -8.21471e-19   0.00131376  1.35776e-18  -0.00369624  5.20927e-18   0.00468844  -1.4849e-19  0.000549889 -1.39613e-17  -0.00946215   6.1287e-18   0.00859499  1.83394e-17   0.00595993 -1.33332e-17   -0.0131751 -2.17523e-17   -0.0014605  1.87419e-17    0.0137477  1.95292e-17  -0.00079476 -1.94287e-17   -0.0124401 -1.94715e-17  0.000661013  1.30548e-17    0.0102877  1.56101e-17  0.000865385 -9.02625e-18  -0.00749807 -1.20575e-17  -0.00250055   4.8799e-18    0.0042393  6.52566e-18   0.00310743 -1.89901e-18  -0.00118745 -3.73126e-18   -0.0022377 -4.69252e-19 -0.000585746  1.46896e-18  0.000640146  1.37703e-18  0.000607296  2.87118e-19  0.000189062 -1.09205e-19 -1.68046e-05  6.78055e-21 -3.31172e-05  4.80454e-20 -1.09769e-05  2.01269e-20 -1.46297e-06  2.16099e-21
-1.19882e-06 -1.13098e-18 -0.000139475 -7.73469e-19   0.00121662 -6.79492e-19  -0.00403678  7.66644e-18   0.00607901 -4.40565e-19  -0.00147319 -1.38166e-17  -0.00840463  6.88335e-18   0.00925909  1.98463e-17   0.00486301 -1.34641e-17   -0.0129755 -2.12873e-17  -0.00111034  1.95292e-17    0.0134522  2.04697e-17 -0.000506544 -1.83121e-17   -0.0122888  -1.9277e-17   -1.895e-05  1.27531e-17    0.0101782  1.52095e-17   0.00171573 -9.15363e-18  -0.00723112 -1.08404e-17  -0.00327459  4.74102e-18   0.00371816  5.59238e-18     0.003529 -1.88963e-18 -0.000566012 -3.40105e-18  -0.00217024 -1.07466e-18 -0.000943393  7.37809e-19  0.000337431  1.13674e-18  0.000543255  5.29564e-19  0.000255178  2.09518e-19  5.06042e-05  1.26127e-19 -1.95993e-06  5.26894e-20 -2.61948e-06  1.10235e-20 -2.83006e-07
 2.56736e-19 -0.000120067 -1.43386e-18   0.00037155 -9.97999e-19  0.000227934 -1.73427e-18  -0.00326129  9.08546e-18   0.00658212 -9.86303e-19  -0.00313439 -1.40196e-17  -0.00726769  7.64304e-18   0.00972149  2.06452e-17   0.00387175 -1.43304e-17   -0.0127846 -2.04593e-17  -0.00079476  2.04697e-17    0.0132058   2.0755e-17 -0.000239199 -1.71802e-17   -0.0121522 -1.77816e-17 -0.000670266  1.28722e-17    0.0100313  1.43283e-17   0.00253947 -8.76692e-18  -0.00687832   -8.934e-18   -0.0039948  4.41105e-18   0.00309526   4.7512e-18   0.00383541 -1.34529e-18  9.62554e-05 -2.85405e-18  -0.00195976 -1.89268e-18  -0.00121781 -2.25653e-19 -1.03558e-08  7.44901e-19  0.000386847  6.65642e-19  0.000241779  3.99349e-19  7.41879e-05   1.6917e-19  1.17404e-05  4.17145e-20  7.22663e-07  4.25519e-21
 3.88663e-05  5.29705e-19 -0.000379237 -9.02297e-19   0.00118968 -1.91112e-18  -0.00122483 -1.87928e-18  -0.00191395  9.42426e-18   0.00653463 -1.93691e-18  -0.00448256  -1.4828e-17  -0.00612318  8.63789e-18    0.0100353  2.01922e-17   0.00297107 -1.61365e-17   -0.0126057 -1.94287e-17 -0.000506544   2.0755e-17    0.0130033  1.98424e-17  1.26201e-05 -1.60597e-17   -0.0120301 -1.58171e-17  -0.00130117  1.26809e-17   0.00984883  1.29333e-17   0.00333996  -7.7271e-18  -0.00643994 -7.02442e-18  -0.00465274   3.7778e-18    0.0023765  4.25348e-18   0.00400754 -4.78466e-20  0.000770962 -2.13901e-18  -0.00160443  -2.7019e-18  -0.00136882 -1.16152e-18 -0.000323416  3.20882e-19  0.000168092  6.47709e-19     0.000159  4.14761e-19  5.63879e-05  1.37546e-19  9.88286e-06  2.21908e-20  6.15926e-07
   1.851e-19  7.79104e-05  5.94435e-19 -0.000577962   8.3527e-20   0.00183184 -3.27154e-18   -0.0025188 -1.46911e-18 -0.000467764  9.36636e-18   0.00613631 -3.33928e-18  -0.00553886 -1.56648e-17  -0.00500412  1.00695e-17    0.0102328  1.85326e-17   0.00214493 -1.82022e-17   -0.0124401 -1.83121e-17 -0.000239199  1.98424e-17    0.0128407  1.78425e-17  0.000253372   -1.497e-17    -0.011922 -1.42856e-17  -0.00191915  1.16952e-17    0.0096306  1.12242e-17   0.00411977 -6.28354e-18  -0.00591415 -5.77441e-18  -0.00523771  2.83196e-18   0.00156907  4.26673e-18   0.00402483  1.85339e-18   0.00142211 -1.32307e-18  -0.00111355 -3.19464e-18  -0.00135909 -1.77467e-18 -0.000567768 -2.52825e-20 -4.95963e-05  4.93602e-19   5.2852e-05  3.02364e-19  2.35372e-05   7.5663e-20  3.64996e-06  6.92232e-21
 8.08086e-06  4.10987e-19  3.07323e-06   5.2161e-19 -0.000434157  8.76898e-19   0.00192618 -4.46924e-18  -0.00333954 -5.90758e-19  0.000878208  9.50748e-18   0.00549536  -5.0294e-18  -0.00634207 -1.57019e-17  -0.00392148  1.18492e-17    0.0103401  1.62799e-17   0.00137886 -1.94715e-17   -0.0122888 -1.71802e-17  1.26201e-05  1.78425e-17    0.0127151  1.55327e-17  0.000487014 -1.39573e-17   -0.0118273 -1.35803e-17  -0.00253119  1.00255e-17    0.0093748  9.64512e-18   0.00488042 -4.93058e-18  -0.00529727 -5.47779e-18  -0.00573591  1.64137e-18   0.00068298  4.69637e-18    0.0038659  3.83729e-18   0.00200394 -4.66452e-19 -0.000512912 -3.12546e-18  -0.00116161 -1.89303e-18 -0.000662666 -2.25259e-19 -0.000188442  2.89022e-19 -2.15231e-05   1.5992e-19  1.53146e-06  2.73248e-20  3.85887e-07
-1.53387e-19  6.89014e-05  4.47429e-19 -0.000262542  6.95825e-19  0.000104695  1.16223e-18   0.00148396  -5.1888e-18  -0.00369445  7.63446e-19   0.00206202  9.88273e-18   0.00469953 -6.66826e-18  -0.00693453 -1.45719e-17  -0.00288124  1.35997e-17    0.0103766  1.42552e-17  0.000661013  -1.9277e-17   -0.0121522 -1.60597e-17  0.000253372  1.55327e-17    0.0126243  1.39206e-17  0.000717145 -1.30757e-17   -0.0117452 -1.34084e-17  -0.00314387  8.26329e-18   0.00907784  8.52794e-18   0.00562204 -4.13821e-18  -0.00458405 -5.95705e-18  -0.00612951  2.90646e-19 -0.000267051  5.12451e-18    0.0035098  5.26895e-18   0.00245984  3.70977e-19  0.000149098 -2.46391e-18 -0.000777818 -1.55409e-18 -0.000569499 -2.62986e-19 -0.000205778  1.28466e-19 -4.10464e-05  6.01901e-20 -3.84454e-06  5.55636e-21
 -1.4899e-05 -3.03072e-19  0.000167576  2.02011e-19 -0.000610389  1.31138e-18  0.000810878  9.42504e-19  0.000740162 -5.51611e-18  -0.00368865  2.36368e-18   0.00305334  1.01069e-17   0.00381579 -7.95745e-18  -0.00734901 -1.26209e-17  -0.00188506  1.48966e-17     0.010356  1.30548e-17   -1.895e-05 -1.77816e-17   -0.0120301   -1.497e-17  0.000487014  1.39206e-17    0.0125667  1.35377e-17  0.000947153 -1.23138e-17   -0.0116744 -1.30642e-17  -0.00376359  6.99986e-18   0.00873437  7.74915e-18   0.00634293 -4.04127e-18  -0.00376802 -6.73913e-18  -0.00639568 -1.15753e-18  -0.00125911  5.01701e-18   0.00293944  5.74182e-18   0.00272381  1.10578e-18  0.000790396 -1.43291e-18  -0.00027226 -9.65837e-19 -0.000330925 -1.80037e-19 -0.000131591  4.80557e-20 -2.55674e-05  1.54895e-20 -1.76747e-06
-4.54792e-20 -1.69916e-05 -3.73434e-19  0.000200247 -1.69511e-19  -0.00082055   2.1184e-18   0.00141191  3.18357e-19 -9.36049e-05 -5.62884e-18  -0.00341135  3.79191e-18   0.00384191   9.7975e-18   0.00288725  -8.8771e-18  -0.00761158 -1.06316e-17 -0.000930946   1.5544e-17    0.0102877  1.27531e-17 -0.000670266 -1.58171e-17    -0.011922 -1.39573e-17  0.000717145  1.35377e-17    0.0125416  1.39664e-17   0.00118035 -1.15232e-17   -0.0116139 -1.18941e-17  -0.00439661  6.42311e-18     0.008337  6.86663e-18   0.00703898 -4.29023e-18    -0.002842 -7.35539e-18  -0.00650585 -2.64972e-18     -0.00226  4.07434e-18   0.00214862  5.25168e-18   0.00272135  1.62908e-18   0.00127996 -3.95062e-19  0.000206362  -3.8807e-19 -7.19032e-05 -6.06017e-20  -4.2923e-05  2.20111e-20 -7.38266e-06   2.6274e-21
-7.28467e-06 -6.33869e-20  3.80675e-05  -4.3478e-19  6.88187e-05 -4.33546e-19 -0.000763318  2.70962e-18   0.00177357 -5.64734e-19  -0.00089813 -5.62186e-18  -0.00293539  4.76545e-18   0.00443506  8.90314e-18   0.00194255  -9.6804e-18  -0.00774353 -9.30865e-18 -1.54583e-05  1.56101e-17    0.0101782  1.28722e-17  -0.00130117 -1.42856e-17   -0.0118273 -1.30757e-17  0.000947153  1.39664e-17    0.0125486  1.40692e-17   0.00142012  -1.0442e-17   -0.0115618 -9.63776e-18  -0.00504923  6.32017e-18   0.00787617  5.66331e-18   0.00770287 -4.24091e-18  -0.00179936 -7.54004e-18  -0.00642431 -4.07551e-18   -0.0032189  2.44548e-18   0.00114866  4.12129e-18   0.00237318  1.84484e-18   0.00145575  3.31458e-19  0.000480699 -8.18198e-21  8.29877e-05  1.92081e-20   4.6634e-06    1.272e-20 -2.43806e-07
 4.73885e-20 -3.24542e-05  -3.0848e-21  0.000156375 -6.15973e-19 -0.000206756 -4.38668e-19 -0.000470318  2.90052e-18   0.00188618 -1.50529e-18  -0.00160886  -5.5303e-18   -0.0023243  5.34343e-18    0.0048465   7.7108e-18   0.00100168 -1.06126e-17  -0.00776117 -8.87912e-18  0.000865385  1.52095e-17    0.0100313  1.26809e-17  -0.00191915 -1.35803e-17   -0.0117452 -1.23138e-17   0.00118035  1.40692e-17    0.0125879  1.28213e-17   0.00167002 -8.86549e-18   -0.0115163  -6.4981e-18  -0.00572778   6.3671e-18   0.00733962  4.48957e-18   0.00832251  -3.3805e-18 -0.000635014 -7.20928e-18  -0.00610623 -5.18264e-18  -0.00406423  6.59802e-19 -2.27476e-05  2.79834e-18   0.00163732  1.73247e-18   0.00122405  6.17839e-19  0.000473213  1.32193e-19  0.000104095  3.83762e-20  1.11382e-05  5.24419e-21
 3.65892e-06  7.85465e-20 -5.69355e-05  1.06582e-19   0.00027021 -8.96142e-19 -0.000510178 -1.66426e-19 -4.95853e-05  2.81398e-18   0.00178607 -2.31774e-18  -0.00218864 -5.35146e-18  -0.00162901  5.82385e-18   0.00509075  6.59138e-18  7.83348e-05 -1.16096e-17  -0.00767653 -9.02625e-18   0.00171573  1.43283e-17   0.00984883  1.16952e-17  -0.00253119 -1.34084e-17   -0.0116744 -1.15232e-17   0.00142012  1.28213e-17    0.0126605   1.0034e-17   0.00193392 -6.86045e-18   -0.0114749 -3.01388e-18   -0.0064387  6.33754e-18   0.00671163  3.96683e-18    0.0088799 -1.65036e-18   0.00065345 -6.30704e-18  -0.00550157 -5.56498e-18   -0.0047023 -6.37022e-19   -0.0012607  1.68732e-18  0.000613882  1.39253e-18  0.000686558   5.5623e-19  0.000279297  1.17489e-19   5.6419e-05  2.40911e-20  4.07621e-06
 2.12743e-20 -3.07643e-06  9.91794e-20 -3.80963e-05  1.74063e-19  0.000295423 -1.12839e-18  -0.00073213  2.92708e-19  0.000401635  2.69738e-18   0.00151819 -2.91833e-18  -0.00262012 -5.02971e-18 -0.000888693  6.44119e-18   0.00518184  5.76286e-18 -0.000817867  -1.2255e-17  -0.00749807 -9.15363e-18   0.00253947  1.29333e-17    0.0096306  1.00255e-17  -0.00314387 -1.30642e-17   -0.0116139  -1.0442e-17   0.00167002   1.0034e-17    0.0127678  6.34111e-18   0.00221625 -4.79709e-18   -0.0114342  1.13924e-19   -0.0071888  6.06289e-18   0.00597278  4.33213e-18   0.00935006  5.74732e-19   0.00205802 -4.70625e-18  -0.00456346 -4.80006e-18  -0.00499297 -9.65309e-19  -0.00231804  1.06124e-18 -0.000384468  1.01356e-18  0.000128724  3.57208e-19  7.99978e-05  6.11622e-20  1.41245e-05  7.94867e-21
 3.86038e-06   2.9763e-20 -3.11989e-05   1.5964e-19  4.39514e-05   1.3957e-19  0.000203143 -1.22405e-18 -0.000824275  8.04497e-19  0.000817981  2.68786e-18   0.00112861  -3.3204e-18  -0.00289912 -4.48956e-18 -0.000134106  7.14632e-18   0.00513241  5.25506e-18  -0.00167958 -1.20575e-17  -0.00723112 -8.76692e-18   0.00333996  1.12242e-17    0.0093748  8.26329e-18  -0.00376359 -1.18941e-17   -0.0115618 -8.86549e-18   0.00193392  6.34111e-18     0.012912  2.57557e-18   0.00252216 -3.10869e-18   -0.0113902  2.18388e-18  -0.00798471  5.29558e-18   0.00510047  5.11099e-18   0.00969392  2.79538e-18   0.00354826 -2.24791e-18  -0.00323797 -2.67943e-18  -0.00471417 -1.95948e-19  -0.00281837  9.96752e-19   -0.0009664  7.47469e-19 -0.000186743  1.89027e-19 -1.60535e-05  2.31229e-20 -1.30449e-07
-2.16597e-20  1.07442e-05  1.57581e-20 -6.98722e-05  2.79785e-19  0.000160161  1.53464e-20  2.44854e-05  -1.2215e-18 -0.000785803  1.25123e-18   0.00115785  2.71267e-18  0.000660634 -3.56604e-18  -0.00302863  -3.7294e-18  0.000610082  7.66322e-18   0.00495318  4.99874e-18  -0.00250055 -1.08404e-17  -0.00687832  -7.7271e-18   0.00411977  9.64512e-18   0.00907784  6.99986e-18  -0.00439661 -9.63776e-18   -0.0115163 -6.86045e-18   0.00221625  2.57557e-18    0.0130962  -7.4076e-19   0.00285748 -1.99459e-18   -0.0113373  2.64576e-18  -0.00883121  3.66585e-18   0.00406408  5.44012e-18   0.00984889  4.74266e-18   0.00507856  1.13695e-18  -0.00145392  5.95371e-19    -0.003643  1.37416e-18  -0.00249451  1.31565e-18 -0.000962962  6.02806e-19 -0.000218215  9.68443e-20 -2.45124e-05  6.98149e-21
  7.4186e-08 -4.06426e-20  1.02836e-05 -8.33337e-21 -8.81604e-05   4.0722e-19  0.000258857 -1.51739e-19  -0.00018831 -1.19572e-18 -0.000637339  1.55418e-18   0.00139689  2.58528e-18  0.000152347 -3.68589e-18  -0.00301564 -2.88443e-18   0.00132348  7.73611e-18   0.00465303   4.8799e-18  -0.00327459   -8.934e-18  -0.00643994 -6.28354e-18   0.00488042  8.52794e-18   0.00873437  6.42311e-18  -0.00504923  -6.4981e-18   -0.0114749 -4.79709e-18   0.00252216  -7.4076e-19    0.0133242 -3.29004e-18   0.00322962 -1.36405e-18   -0.0112664  1.17977e-18  -0.00973467  7.69216e-19    0.0028195  4.70003e-18   0.00974137  6.48917e-18   0.00659373  5.21192e-18   0.00076694  4.29123e-18  -0.00183682  3.05823e-18  -0.00150111  1.63463e-18 -0.000576716  4.82502e-19 -0.000115312  4.93633e-20 -8.38788e-06
-1.71631e-21  4.74857e-06 -6.10459e-20 -8.90398e-06 -2.08189e-20  -6.3368e-05  4.74884e-19  0.000303115 -3.23392e-19 -0.000389832 -1.16561e-18 -0.000407808   1.6779e-18   0.00152396  2.18949e-18 -0.000363432 -3.71617e-18  -0.00286946 -2.17816e-18   0.00198837  7.31179e-18    0.0042393  4.74102e-18   -0.0039948 -7.02442e-18  -0.00591415 -4.93058e-18   0.00562204  7.74915e-18     0.008337  6.32017e-18  -0.00572778 -3.01388e-18   -0.0114342 -3.10869e-18   0.00285748 -3.29004e-18    0.0136014 -4.50569e-18   0.00364938 -1.05154e-18   -0.0111676 -2.30871e-18   -0.0107062 -3.62439e-18   0.00132779  2.84666e-18   0.00929881  8.08183e-18   0.00792302  9.10002e-18   0.00305273  7.18111e-18  0.000142129  4.02788e-18 -0.000402257  1.60356e-18 -0.000178085  3.21946e-19 -2.91379e-05  1.88613e-20
-1.21023e-06  1.85274e-21  1.39134e-05 -8.81864e-20 -4.36466e-05 -1.03312e-20  1.47772e-06  4.61757e-19  0.000282044 -4.73729e-19 -0.000548101 -1.09428e-18 -0.000128738  1.64484e-18    0.0015373  1.57921e-18 -0.000858304 -3.71922e-18  -0.00260084 -1.79263e-18   0.00258837  6.52566e-18   0.00371816  4.41105e-18  -0.00465274 -5.77441e-18  -0.00529727 -4.13821e-18   0.00634293  6.86663e-18   0.00787617   6.3671e-18   -0.0064387  1.13924e-19   -0.0113902 -1.99459e-18   0.00322962 -4.50569e-18    0.0139362 -3.50118e-18   0.00412764 -1.01199e-18   -0.0110334  -7.5875e-18   -0.0117397 -9.31488e-18  -0.00042636  9.51029e-20   0.00836029  8.87513e-18    0.0085825  1.12169e-17   0.00460705  8.02181e-18   0.00147437  3.80012e-18  0.000262505  1.17552e-18  1.83027e-05   1.5453e-19 -3.10068e-07
 3.22869e-21 -1.63046e-06  7.65066e-21  1.98821e-05 -1.13298e-19 -7.66157e-05  2.31404e-20  8.52729e-05  3.93138e-19  0.000203079 -5.79286e-19 -0.000643521 -9.43366e-19  0.000169169  1.53949e-18   0.00144182  9.31152e-19  -0.00130745 -3.75439e-18  -0.00222173 -1.75555e-18   0.00310743  5.59238e-18   0.00309526   3.7778e-18  -0.00523771 -5.47779e-18  -0.00458405 -4.04127e-18   0.00703898  5.66331e-18   0.00733962  6.33754e-18   -0.0071888  2.18388e-18   -0.0113373 -1.36405e-18   0.00364938 -3.50118e-18    0.0143371  3.59264e-19   0.00467261 -1.19164e-18   -0.0108362 -1.38473e-17   -0.0127924 -1.57016e-17  -0.00251221 -3.75187e-18   0.00653712  7.42935e-18   0.00785208  1.01001e-17   0.00468539   6.4502e-18   0.00171836  2.61536e-18  0.000382365  6.13189e-19   4.2947e-05   4.4027e-20
-4.87999e-07  5.33453e-21  1.91856e-06   8.5027e-21  1.36214e-05 -1.18246e-19 -9.03215e-05  7.37513e-20  0.000163989  3.09651e-19  8.29789e-05  -6.2565e-19 -0.000667124 -7.10822e-19  0.000457784  1.46943e-18   0.00124738  4.23607e-19  -0.00168882 -3.82222e-18  -0.00174548 -1.89901e-18     0.003529   4.7512e-18    0.0023765  2.83196e-18  -0.00573591 -5.95705e-18  -0.00376802 -4.29023e-18   0.00770287  4.48957e-18   0.00671163  6.06289e-18  -0.00798471  2.64576e-18   -0.0112664 -1.05154e-18   0.00412764  3.59264e-19    0.0148092  6.88053e-18   0.00531143 -1.20224e-18   -0.0105093 -1.98002e-17   -0.0138579 -2.22837e-17  -0.00515483 -9.37312e-18    0.0033979  2.71761e-18   0.00540283   5.8367e-18   0.00331466  3.47676e-18   0.00115733  1.24271e-18  0.000222044  2.06715e-19  1.58762e-05
 2.04228e-21 -1.99116e-06  8.43842e-21  9.96505e-06   9.9188e-22 -6.33977e-06 -9.62921e-20 -7.72335e-05  1.31874e-19  0.000219049  2.40767e-19 -5.76273e-05 -6.19804e-19  -0.00061868 -4.26935e-19  0.000712218  1.50399e-18  0.000967967  1.34301e-19  -0.00198258 -3.84875e-18  -0.00118745 -1.88963e-18   0.00383541  4.25348e-18   0.00156907  1.64137e-18  -0.00612951 -6.73913e-18    -0.002842 -4.24091e-18   0.00832251  3.96683e-18   0.00597278  5.29558e-18  -0.00883121  1.17977e-18   -0.0111676 -1.01199e-18   0.00467261  6.88053e-18    0.0153759  1.51326e-17   0.00610731 -4.06926e-19   -0.0100231 -2.44566e-17    -0.015052 -2.89251e-17   -0.0084945  -1.6735e-17 -0.000853794 -4.20269e-18    0.0019497  5.38346e-19   0.00140699  7.94521e-19   0.00045407   3.3185e-19  6.61361e-05  3.45168e-20
 1.29276e-07  3.48319e-21 -3.17171e-06  1.25676e-20  1.80684e-05  -1.2304e-20 -3.29902e-05 -5.98691e-20 -4.01258e-05  1.85221e-19  0.000239466  1.90479e-19 -0.000197641 -5.86683e-19 -0.000504942 -1.24279e-19  0.000911147  1.64173e-18   0.00062131   1.6528e-21  -0.00217081 -3.73126e-18 -0.000566012 -1.34529e-18   0.00400754  4.26673e-18   0.00068298  2.90646e-19  -0.00639568 -7.35539e-18  -0.00179936  -3.3805e-18    0.0088799  4.33213e-18   0.00510047  3.66585e-18  -0.00973467 -2.30871e-18   -0.0110334 -1.19164e-18   0.00531143  1.51326e-17     0.016095  2.39071e-17   0.00708193  1.35512e-18  -0.00946292 -2.76706e-17   -0.0163519 -3.49867e-17   -0.0119334 -2.37014e-17  -0.00490957 -1.01704e-17  -0.00100288 -3.10752e-18  1.44272e-05 -5.40576e-19  4.85388e-05 -6.44421e-21     5.77e-06
-8.72206e-22 -3.70147e-07  5.22605e-21 -1.63593e-06  1.42007e-20   2.0293e-05  -2.7177e-20 -5.62467e-05  -2.8494e-20  1.18572e-05  2.21132e-19  0.000221703  1.36321e-19 -0.000317744 -5.52972e-19 -0.000338322  1.88428e-19   0.00103713   1.8194e-18  0.000228961 -1.40181e-19   -0.0022377 -3.40105e-18  9.62554e-05 -4.78466e-20   0.00402483  4.69637e-18 -0.000267051 -1.15753e-18  -0.00650585 -7.54004e-18 -0.000635014 -1.65036e-18   0.00935006  5.11099e-18   0.00406408  7.69216e-19   -0.0107062  -7.5875e-18   -0.0108362 -1.20224e-18   0.00610731  2.39071e-17    0.0169808  3.18139e-17   0.00813894  3.41686e-18  -0.00876597 -2.92663e-17   -0.0169981 -3.81786e-17   -0.0138909 -2.66519e-17  -0.00701613 -1.22315e-17  -0.00230901 -3.92092e-18 -0.000472327 -6.71398e-19 -4.94773e-05 -3.52312e-20
 1.70181e-07 -1.39872e-21 -1.74874e-06  7.43573e-21  3.34398e-06  1.06247e-20  1.37442e-05 -4.12727e-20 -6.79715e-05 -1.12196e-20  6.69233e-05   2.3024e-19  0.000168807  4.28549e-20 -0.000401885 -5.32991e-19 -0.000135908  5.22942e-19   0.00107714  1.93299e-18 -0.000183419 -4.69252e-19  -0.00217024 -2.85405e-18  0.000770962  1.85339e-18    0.0038659  5.12451e-18  -0.00125911 -2.64972e-18  -0.00642431 -7.20928e-18   0.00065345  5.74732e-19   0.00969392  5.44012e-18    0.0028195 -3.62439e-18   -0.0117397 -1.38473e-17   -0.0105093 -4.06926e-19   0.00708193  3.18139e-17    0.0179279  3.74282e-17   0.00932744  5.40722e-18  -0.00717381 -2.76616e-17   -0.0154497 -3.53762e-17   -0.0128085  -2.3391e-17  -0.00641599 -1.00597e-17  -0.00202582 -2.77081e-18 -0.000367225 -3.44391e-19  -2.5432e-05
-7.51173e-22  3.08132e-07 -1.88357e-21 -3.10347e-06  8.88291e-21  9.71892e-06  2.77809e-21 -1.15171e-07 -5.36275e-20 -6.41667e-05  4.72915e-22  0.000113373  2.09698e-19  8.92064e-05 -1.15514e-19 -0.000438412 -5.20893e-19  8.13486e-05  8.76725e-19   0.00102349  1.85504e-18 -0.000585746 -1.07466e-18  -0.00195976 -2.13901e-18   0.00142211  3.83729e-18    0.0035098  5.01701e-18     -0.00226 -4.07551e-18  -0.00610623 -6.30704e-18   0.00205802  2.79538e-18   0.00984889  4.70003e-18   0.00132779 -9.31488e-18   -0.0127924 -1.98002e-17   -0.0100231  1.35512e-18   0.00813894  3.74282e-17    0.0189742  4.04279e-17     0.011357  8.71365e-18  -0.00332842 -2.05437e-17   -0.0106236 -2.56277e-17  -0.00871504 -1.54321e-17  -0.00402181 -5.90082e-18  -0.00108672 -1.27291e-18 -0.000144498 -9.01784e-20
 4.38855e-08 -1.39795e-21 -1.01798e-08 -1.98052e-21 -2.96815e-06  8.74641e-21  1.41724e-05 -7.14243e-21 -1.68522e-05 -6.22649e-20 -4.52748e-05  2.41802e-20  0.000141613  1.61686e-19 -4.60412e-06 -3.33267e-19 -0.000421099 -4.89374e-19  0.000289512  1.19825e-18  0.000875215  1.46896e-18 -0.000943393 -1.89268e-18  -0.00160443 -1.32307e-18   0.00200394  5.26895e-18   0.00293944  4.07434e-18   -0.0032189 -5.18264e-18  -0.00550157 -4.70625e-18   0.00354826  4.74266e-18   0.00974137  2.84666e-18  -0.00042636 -1.57016e-17   -0.0138579 -2.44566e-17  -0.00946292  3.41686e-18   0.00932744  4.04279e-17    0.0208061  4.27326e-17    0.0154233  1.56114e-17   0.00335991 -7.84873e-18  -0.00343594 -1.21644e-17  -0.00354819 -6.91156e-18  -0.00154457 -2.34892e-18 -0.000340381 -3.61021e-19 -2.68227e-05
  1.9574e-22  2.01908e-07 -1.80786e-21 -9.24341e-07 -8.42732e-22 -7.11392e-07  8.12752e-21  1.42248e-05 -1.82879e-20 -3.11216e-05 -6.25511e-20 -1.55577e-05  7.02913e-20  0.000145621   8.8357e-20 -9.75327e-05 -5.66501e-19  -0.00035021 -4.01078e-19  0.000462892  1.39304e-18  0.000640146  7.37809e-19  -0.00121781  -2.7019e-18  -0.00111355 -4.66452e-19   0.00245984  5.74182e-18   0.00214862  2.44548e-18  -0.00406423 -5.56498e-18  -0.00456346 -2.24791e-18   0.00507856  6.48917e-18   0.00929881  9.51029e-20  -0.00251221 -2.22837e-17    -0.015052 -2.76706e-17  -0.00876597  5.40722e-18     0.011357  4.27326e-17    0.0245585  4.71722e-17    0.0217849  2.60407e-17    0.0112726  6.42271e-18   0.00331127 -5.73003e-19  0.000333329 -1.24978e-18 -9.78043e-05 -4.97303e-19 -2.90527e-05 -4.68927e-20
-1.20943e-08  1.85334e-22  3.28652e-07 -1.79653e-21 -1.91825e-06  2.01254e-21  2.89025e-06  8.55096e-21  9.35766e-06 -3.03463e-20 -3.84222e-05 -4.81357e-20  1.80467e-05    1.314e-19   0.00012398 -8.46927e-21  -0.00017364 -7.45988e-19 -0.000233558  -2.3167e-19  0.000576088  1.37703e-18  0.000337431 -2.25653e-19  -0.00136882 -3.19464e-18 -0.000512912  3.70977e-19   0.00272381  5.25168e-18   0.00114866  6.59802e-19   -0.0047023 -4.80006e-18  -0.00323797  1.13695e-18   0.00659373  8.08183e-18   0.00836029 -3.75187e-18  -0.00515483 -2.89251e-17   -0.0163519 -2.92663e-17  -0.00717381  8.71365e-18    0.0154233  4.71722e-17    0.0303786  5.39419e-17    0.0284212  3.59241e-17    0.0170924  1.64158e-17   0.00697844  5.35557e-18   0.00188952  9.07371e-19  0.000303501  4.13959e-20  1.91797e-05
 8.83447e-23  3.16631e-08 -4.00451e-23  1.77645e-07  -1.4365e-21 -2.20918e-06  6.21371e-21  6.18412e-06  9.37399e-21   1.0578e-06 -4.12036e-20 -3.63561e-05 -1.50519e-20   4.7434e-05  1.85219e-19  8.04798e-05 -1.19439e-19 -0.000218379 -8.04135e-19  -8.7303e-05  1.14744e-20  0.000607296  1.13674e-18 -1.03558e-08 -1.16152e-18  -0.00135909 -3.12546e-18  0.000149098  1.10578e-18   0.00272135  4.12129e-18 -2.27476e-05 -6.37022e-19  -0.00499297 -2.67943e-18  -0.00145392  5.21192e-18   0.00792302  8.87513e-18   0.00653712 -9.37312e-18   -0.0084945 -3.49867e-17   -0.0169981 -2.76616e-17  -0.00332842  1.56114e-17    0.0217849  5.39419e-17    0.0361213  5.90277e-17      0.03181  3.98419e-17    0.0182686  1.88124e-17   0.00701466  5.86694e-18    0.0016969  9.54914e-19  0.000210658  5.65334e-20
