    0.0349981   -1.9927e-15    -0.0302809   3.30051e-15    -0.0140448  -1.16777e-15   -0.00262268  -4.37533e-16     0.0010984   8.16249e-17    0.00145726   1.21868e-16   0.000972975   4.68371e-17   0.000514061  -3.47805e-18   0.000237838  -1.71833e-17   0.000100669  -1.42988e-17   4.00311e-05  -7.97699e-18   1.52653e-05  -3.25292e-18   5.68129e-06  -9.00154e-19   2.09204e-06  -7.07225e-20   7.67641e-07   1.02981e-19   2.80291e-07   8.51675e-20   1.00967e-07   4.45293e-20   3.54464e-08   1.88358e-20   1.19829e-08   6.91894e-21   3.86269e-09   2.27622e-21   1.17892e-09   6.81853e-22   3.39062e-10   1.87898e-22   9.16112e-11   4.79635e-23   2.32076e-11   1.13957e-23   5.50449e-12   2.52865e-24   1.22096e-12   5.25302e-25   2.52948e-13   1.02337e-25   4.88646e-14   1.87168e-26   8.78135e-15   3.21588e-27   1.46278e-15   5.19227e-28   2.24594e-16   7.87625e-29   3.14904e-17   1.12162e-29   3.96544e-18   1.49727e-30   4.33558e-19   1.86938e-31   3.77349e-20   2.17547e-32   1.76735e-21   2.34742e-33  -2.04974e-22   2.32914e-34  -7.70316e-23   2.09534e-35  -1.47341e-23    1.6644e-36  -2.21953e-24   1.09879e-37  -2.88308e-25   4.91097e-39  -3.34044e-26  -6.02132e-41  -3.50677e-27  -4.76837e-41   -3.3619e-28  -7.19132e-42  -2.95468e-29  -7.90952e-43  -2.38401e-30  -7.30515e-44  -1.76556e-31  -5.92648e-45  -1.19835e-32  -4.30319e-46  -7.43485e-34  -2.81958e-47  -4.20064e-35  -1.67209e-48  -2.15062e-36  -8.97215e-50  -9.91389e-38   -4.3447e-51  -4.08147e-39  -1.88989e-52  -1.48494e-40  -7.33538e-54  -4.70864e-42  -2.51776e-55  -1.27682e-43  -7.55184e-57  -2.88044e-45  -1.94845e-58  -5.17352e-47  -4.23288e-60  -6.80595e-49  -7.51271e-62  -5.20779e-51  -1.04131e-63   6.00474e-54   -1.0464e-65    6.2183e-55  -6.59029e-68   5.36155e-57  -1.67982e-70
  -1.9927e-15     0.0783922  -1.60462e-15    -0.0240344   1.94507e-15    -0.0255015  -8.15467e-16    -0.0110959  -4.09867e-16   -0.00230631   1.48927e-16   0.000800152   1.93806e-16    0.00124109   7.40785e-17    0.00090044  -1.25594e-17   0.000514465  -3.73121e-17   0.000258022  -3.02164e-17   0.000118737  -1.66241e-17    5.1301e-05  -6.90581e-18   2.10767e-05  -2.13794e-18   8.28693e-06  -3.97214e-19   3.12421e-06   4.69273e-20   1.12813e-06   8.69814e-20   3.89029e-07   5.10525e-20    1.2764e-07   2.22236e-20   3.96933e-08   8.14913e-21   1.16585e-08   2.63519e-21   3.22409e-09   7.68404e-22   8.37124e-10   2.04655e-22   2.03527e-10   5.01922e-23   4.62008e-11   1.13954e-23   9.75775e-12   2.40317e-24   1.90826e-12   4.71698e-25   3.43055e-13   8.62349e-26   5.60132e-14   1.46774e-26   8.12185e-15   2.32174e-27   9.94949e-16   3.40138e-28   8.82894e-17   4.58556e-29   9.20669e-19    5.6229e-30  -1.91723e-18   6.13163e-31  -5.76434e-19   5.65282e-32  -1.19806e-19   3.76224e-33  -2.07697e-20   2.21058e-35  -3.17679e-21  -4.88087e-35  -4.39124e-22  -1.10498e-35  -5.55234e-23  -1.74338e-36  -6.46378e-24  -2.30006e-37  -6.95232e-25  -2.68022e-38  -6.91987e-26  -2.82351e-39  -6.37552e-27  -2.72002e-40  -5.43327e-28  -2.41032e-41  -4.27585e-29  -1.97028e-42  -3.09958e-30  -1.48704e-43  -2.06248e-31  -1.03575e-44  -1.25396e-32  -6.64727e-46  -6.92389e-34   -3.9209e-47  -3.44413e-35  -2.11816e-48  -1.52629e-36  -1.04327e-49  -5.92873e-38  -4.65831e-51  -1.96663e-39  -1.87232e-52    -5.304e-41  -6.71449e-54   -1.0272e-42  -2.12469e-55  -7.00574e-45  -5.84833e-57   4.36748e-46  -1.37426e-58   2.30121e-47  -2.68708e-60   6.50683e-49  -4.21372e-62   1.24078e-50  -5.00438e-64   1.59037e-52  -4.06799e-66   1.21965e-54   -1.7969e-68   3.66818e-57
   -0.0302809  -1.60462e-15     0.0873195   -1.5814e-16   -0.00281677    6.0775e-16    -0.0253712  -5.97915e-16    -0.0175881  -1.08032e-16   -0.00740325   3.25873e-16   -0.00171933   2.86165e-16   0.000361804   9.59497e-17   0.000736912  -2.67096e-17   0.000568776  -5.80203e-17   0.000337307  -4.49667e-17    0.00017331  -2.44801e-17   8.06274e-05  -1.04495e-17   3.46591e-05  -3.58225e-18   1.39031e-05  -9.53244e-19   5.22746e-06   -1.6185e-19   1.84473e-06   9.39247e-21   6.10709e-07   2.26131e-20   1.89371e-07    1.2084e-20   5.48714e-08   4.68776e-21   1.48104e-08   1.51816e-21   3.70788e-09   4.30369e-22   8.55774e-10   1.09099e-22   1.80328e-10   2.49883e-23   3.41087e-11    5.1903e-24   5.59463e-12   9.75695e-25   7.27476e-13   1.64424e-25   4.92777e-14   2.42627e-26  -9.83647e-15   2.95314e-27  -5.35868e-15   2.39091e-28  -1.54481e-15  -7.49969e-30  -3.53986e-16  -8.69966e-30  -7.04256e-17  -2.42733e-30  -1.25856e-17  -5.03557e-31  -2.05387e-18  -8.90139e-32  -3.08841e-19  -1.40408e-32  -4.30137e-20  -2.01851e-33  -5.56509e-21  -2.67464e-34  -6.69863e-22   -3.2877e-35  -7.50499e-23  -3.76322e-36  -7.82344e-24  -4.01981e-37  -7.57929e-25  -4.01137e-38  -6.81091e-26  -3.74048e-39  -5.66125e-27  -3.25781e-40  -4.33577e-28  -2.64765e-41  -3.04334e-29  -2.00478e-42  -1.94316e-30  -1.41142e-43   -1.1162e-31  -9.21514e-45  -5.66782e-33  -5.56185e-46  -2.46435e-34   -3.0912e-47   -8.5412e-36  -1.57473e-48  -1.83155e-37  -7.31182e-50   2.57246e-39  -3.07364e-51   5.41851e-40  -1.16015e-52   3.53824e-41   -3.8921e-54   1.63097e-42  -1.14581e-55    5.9125e-44  -2.91162e-57   1.72664e-45   -6.2475e-59   4.03944e-47  -1.09782e-60   7.37779e-49  -1.50954e-62   1.00017e-50   -1.5074e-64   9.13572e-53  -9.44742e-67   4.47767e-55  -2.39915e-69
  3.30051e-15    -0.0240344   -1.5814e-16     0.0721488   6.40197e-16     0.0126234  -2.56813e-17    -0.0186418  -3.46379e-16    -0.0195517   2.58678e-16     -0.011542   5.46426e-16   -0.00489882   3.72444e-16   -0.00141333   1.06609e-16  -8.02637e-05  -4.06718e-17   0.000243441  -7.27091e-17   0.000222309  -5.43988e-17   0.000136178  -2.95563e-17   6.90407e-05  -1.30177e-17   3.07803e-05     -4.85e-18   1.23665e-05  -1.55931e-18   4.52508e-06  -4.36438e-19   1.51322e-06  -1.06434e-19   4.61757e-07  -2.24817e-20   1.27727e-07  -4.08455e-21   3.15649e-08  -6.55178e-22   6.75348e-09  -1.12164e-22   1.15265e-09   -3.0092e-23   1.09591e-10  -1.15865e-23  -2.09472e-11  -4.43775e-24   -1.6167e-11   -1.4986e-24  -6.05564e-12  -4.44354e-25  -1.77977e-12  -1.17519e-25   -4.5201e-13  -2.81318e-26  -1.02897e-13  -6.16314e-27  -2.13735e-14  -1.24572e-27  -4.09144e-15  -2.33693e-28  -7.26105e-16  -4.08717e-29  -1.19909e-16  -6.68647e-30  -1.84674e-17  -1.02572e-30  -2.65584e-18  -1.47802e-31  -3.56798e-19    -2.003e-32  -4.47671e-20  -2.55485e-33  -5.24089e-21   -3.0683e-34  -5.71542e-22  -3.46961e-35  -5.79166e-23  -3.69293e-36  -5.43375e-24   -3.6974e-37  -4.69542e-25  -3.47898e-38  -3.70825e-26  -3.07251e-39  -2.64429e-27  -2.54294e-40  -1.66717e-28  -1.96854e-41  -8.90755e-30  -1.42205e-42  -3.59892e-31   -9.5599e-44  -5.66308e-33  -5.96156e-45   7.57725e-34  -3.43542e-46   1.04428e-34  -1.82124e-47   8.54897e-36  -8.83522e-49   5.49023e-37  -3.89751e-50   2.95418e-38  -1.55158e-51   1.36081e-39  -5.52277e-53   5.39298e-41  -1.73757e-54   1.83138e-42  -4.76217e-56   5.27091e-44  -1.11552e-57    1.2625e-45  -2.17641e-59    2.4472e-47  -3.40811e-61   3.67534e-49  -4.04443e-63   3.97514e-51  -3.28672e-65   2.67915e-53  -1.45195e-67   7.27134e-56
   -0.0140448   1.94507e-15   -0.00281677   6.40197e-16     0.0570813   4.33896e-16     0.0197738  -3.69439e-16    -0.0112002  -1.01497e-16    -0.0183129   5.68533e-16    -0.0137923   7.01263e-16   -0.00766663   4.07122e-16    -0.0034693   9.92796e-17   -0.00130811  -5.12532e-17  -0.000401423  -7.86005e-17  -8.91212e-05  -5.71808e-17  -5.80468e-06  -3.11551e-17   7.01694e-06  -1.41305e-17    4.6647e-06  -5.59712e-18   1.77772e-06  -1.99617e-18   4.11884e-07  -6.56476e-19  -7.44114e-09  -2.03158e-19  -6.99834e-08  -6.01745e-20   -4.7258e-08  -1.72775e-20  -2.24267e-08  -4.84317e-21  -8.82509e-09  -1.32645e-21  -3.04253e-09  -3.53372e-22  -9.42997e-10   -9.0923e-23  -2.66567e-10  -2.24337e-23  -6.93449e-11  -5.27724e-24  -1.67001e-11  -1.17893e-24  -3.73864e-12  -2.49534e-25  -7.80289e-13  -4.99792e-26  -1.52132e-13  -9.46709e-27  -2.77454e-14  -1.69567e-27  -4.73688e-15  -2.87209e-28   -7.5722e-16  -4.60114e-29  -1.13305e-16  -6.97288e-30  -1.58561e-17  -9.99707e-31  -2.07202e-18   -1.3559e-31  -2.52231e-19  -1.73942e-32  -2.85005e-20  -2.10982e-33  -2.97313e-21  -2.41837e-34  -2.83951e-22  -2.61766e-35   -2.4485e-23  -2.67302e-36   -1.8577e-24  -2.57204e-37   -1.1706e-25  -2.32874e-38  -5.07703e-27   -1.9806e-39   2.79616e-29  -1.57921e-40   3.77543e-29  -1.17772e-41    5.3549e-30  -8.19267e-43   5.39799e-31  -5.29948e-44   4.50277e-32    -3.176e-45   3.25585e-33  -1.75599e-46   2.07827e-34  -8.91245e-48   1.17923e-35  -4.12813e-49   5.95399e-37  -1.73282e-50   2.66749e-38  -6.53625e-52   1.05412e-39  -2.19274e-53   3.64092e-41  -6.45807e-55   1.08518e-42  -1.64232e-56   2.74218e-44  -3.52748e-58   5.73109e-46  -6.20563e-60   9.55507e-48  -8.54339e-62    1.2008e-49  -8.54187e-64   1.02854e-51  -5.36005e-66   4.76922e-54  -1.36277e-68
 -1.16777e-15    -0.0255015    6.0775e-16     0.0126234   4.33896e-16     0.0484714  -3.04489e-16     0.0229683  -6.52489e-16    -0.0048603   7.21613e-17    -0.0154378   7.34325e-16    -0.0142465   7.29694e-16   -0.00945021   3.76297e-16    -0.0052215   7.48785e-17   -0.00255478  -5.80936e-17   -0.00114879   -7.6976e-17  -0.000488533   -5.4518e-17  -0.000201237  -2.97782e-17  -8.16961e-05  -1.38104e-17   -3.2918e-05  -5.69085e-18  -1.31102e-05   -2.1423e-18  -5.10152e-06  -7.50692e-19  -1.91366e-06  -2.47917e-19  -6.84164e-07  -7.77437e-20  -2.31266e-07  -2.32385e-20  -7.35518e-08  -6.62967e-21  -2.19512e-08  -1.80446e-21   -6.1404e-09  -4.67972e-22   -1.6094e-09  -1.15466e-22  -3.95279e-10  -2.70683e-23  -9.09988e-11  -6.02303e-24  -1.96412e-11  -1.27136e-24  -3.97507e-12  -2.54514e-25  -7.54239e-13  -4.83178e-26  -1.34107e-13  -8.69878e-27  -2.23238e-14  -1.48519e-27  -3.47362e-15  -2.40488e-28  -5.04016e-16  -3.69306e-29  -6.79434e-17  -5.37795e-30   -8.4607e-18  -7.42487e-31  -9.64286e-19  -9.71521e-32  -9.89822e-20  -1.20418e-32  -8.86488e-21  -1.41296e-33  -6.40586e-22  -1.56818e-34  -2.71385e-23  -1.64456e-35    1.6801e-24  -1.62763e-36   6.01868e-25  -1.51804e-37   9.52447e-26  -1.33198e-38    1.1626e-26  -1.09736e-39   1.21145e-27  -8.46941e-41   1.11706e-28  -6.10775e-42   9.25965e-30   -4.1033e-43   6.95017e-31  -2.55923e-44   4.73676e-32  -1.47596e-45    2.9313e-33  -7.83453e-47   1.64386e-34  -3.80679e-48   8.32337e-36  -1.68235e-49   3.78478e-37  -6.71033e-51   1.53455e-38  -2.39319e-52   5.49634e-40  -7.54397e-54   1.71812e-41  -2.07137e-55   4.61321e-43  -4.86033e-57   1.04131e-44  -9.49711e-59   1.91721e-46  -1.48918e-60   2.75214e-48  -1.76924e-62   2.85965e-50  -1.43914e-64    1.8594e-52  -6.36239e-67   4.88581e-55
  -0.00262268  -8.15467e-16    -0.0253712  -2.56813e-17     0.0197738  -3.04489e-16     0.0437671  -1.08111e-15     0.0248256  -8.34401e-16   0.000456927   1.64325e-16    -0.0117374   7.39253e-16    -0.0132032   6.41519e-16    -0.0100086   2.95796e-16   -0.00624311   3.92997e-17     -0.003441  -6.28416e-17   -0.00173781  -7.13088e-17  -0.000821387  -4.88842e-17  -0.000367779  -2.66078e-17  -0.000156894  -1.24781e-17   -6.3842e-05  -5.24285e-18   -2.4738e-05  -2.01888e-18  -9.10098e-06  -7.22446e-19   -3.1688e-06  -2.42261e-19  -1.04132e-06  -7.65003e-20  -3.22282e-07  -2.28117e-20  -9.37985e-08  -6.43362e-21  -2.56465e-08  -1.71764e-21   -6.5831e-09   -4.3431e-22  -1.58551e-09  -1.04039e-22  -3.58096e-10  -2.36184e-23  -7.57889e-11  -5.08277e-24  -1.50148e-11  -1.03731e-24  -2.77989e-12  -2.00832e-25  -4.79783e-13  -3.68979e-26  -7.68932e-14  -6.43447e-27  -1.13732e-14  -1.06518e-27  -1.53667e-15  -1.67393e-28  -1.86164e-16  -2.49702e-29  -1.94515e-17  -3.53487e-30   -1.5772e-18  -4.74714e-31  -5.53836e-20  -6.04468e-32   1.24936e-20    -7.293e-33   3.80064e-21  -8.33036e-34   6.86501e-22  -8.99917e-35   1.00178e-22  -9.18321e-36   1.27308e-23  -8.83943e-37   1.45104e-24  -8.01269e-38   1.50423e-25  -6.82713e-39   1.42839e-26  -5.45587e-40   1.24675e-27  -4.07928e-41   1.00155e-28  -2.84556e-42   7.40319e-30   -1.8459e-43   5.02813e-31  -1.10939e-44   3.13024e-32   -6.1506e-46   1.78012e-33  -3.12984e-47   9.20631e-35  -1.45321e-48   4.30569e-36  -6.11334e-50   1.80829e-37  -2.31047e-51   6.76004e-39  -7.76404e-53   2.22471e-40  -2.28989e-54   6.35428e-42   -5.8299e-56   1.54597e-43  -1.25325e-57   3.12305e-45  -2.20602e-59   5.04939e-47  -3.03806e-61   6.17097e-49  -3.03779e-63   5.15258e-51  -1.90598e-65   2.33389e-53   -4.8443e-68
 -4.37533e-16    -0.0110959  -5.97915e-16    -0.0186418  -3.69439e-16     0.0229683  -1.08111e-15     0.0408987  -1.57403e-15     0.0262627  -8.57096e-16    0.00512527   1.86781e-16   -0.00752749    6.2148e-16    -0.0109094   4.80475e-16   -0.00928387    1.8933e-16   -0.00629558   -2.1509e-18   -0.00370825  -6.80952e-17   -0.00197131  -6.52294e-17  -0.000964792  -4.26989e-17  -0.000439388  -2.28819e-17  -0.000187227  -1.06953e-17  -7.48242e-05  -4.49982e-18  -2.80659e-05  -1.73529e-18  -9.87935e-06  -6.20154e-19  -3.26201e-06    -2.068e-19  -1.00972e-06  -6.46346e-20  -2.92829e-07  -1.89923e-20  -7.95131e-08  -5.25857e-21  -2.01985e-08  -1.37427e-21  -4.79467e-09  -3.39441e-22  -1.06176e-09  -7.93265e-23  -2.18772e-10   -1.7556e-23  -4.17719e-11  -3.68239e-24   -7.3419e-12  -7.32528e-25  -1.17432e-12  -1.38274e-25  -1.67265e-13  -2.47769e-26  -2.02214e-14  -4.21546e-27  -1.79329e-15  -6.81049e-28  -2.75032e-17  -1.04478e-28   3.51077e-17  -1.52159e-29    1.0667e-17  -2.10304e-30   2.21251e-18  -2.75713e-31   3.82325e-19  -3.42646e-32   5.83461e-20   -4.0333e-33   8.06108e-21  -4.49236e-34   1.02095e-21  -4.72918e-35   1.19345e-22    -4.699e-36   1.29251e-23  -4.40004e-37   1.29934e-24  -3.87584e-38   1.21329e-25  -3.20514e-39   1.05209e-26  -2.48252e-40    8.4636e-28  -1.79618e-41   6.30594e-29  -1.21032e-42    4.3415e-30  -7.56901e-44   2.75386e-31  -4.37544e-45   1.60348e-32  -2.32717e-46   8.53219e-34  -1.13265e-47   4.12635e-35  -5.01218e-49    1.8018e-36  -2.00117e-50   7.04623e-38  -7.14187e-52   2.44316e-39  -2.25215e-53   7.41619e-41  -6.18433e-55   1.93877e-42  -1.45085e-56   4.27064e-44  -2.83375e-58   7.68831e-46  -4.44049e-60   1.08103e-47  -5.27105e-62   1.10192e-49  -4.28315e-64   7.03839e-52  -1.89131e-66   1.81899e-54
    0.0010984  -4.09867e-16    -0.0175881  -3.46379e-16    -0.0112002  -6.52489e-16     0.0248256  -1.57403e-15     0.0391349  -1.67864e-15     0.0276598  -7.52384e-16    0.00946884   1.47412e-16   -0.00291632   4.30189e-16   -0.00757509    2.8775e-16   -0.00736781   7.47436e-17   -0.00535227  -4.62837e-17   -0.00328493  -7.56376e-17   -0.00178545  -6.09166e-17  -0.000879284  -3.74169e-17  -0.000397203  -1.94256e-17  -0.000165723  -8.90721e-18  -6.41097e-05  -3.69373e-18  -2.30434e-05  -1.40523e-18  -7.70354e-06  -4.94929e-19  -2.39577e-06  -1.62376e-19  -6.92784e-07  -4.98412e-20  -1.86028e-07   -1.4361e-20  -4.62726e-08  -3.89437e-21   -1.0617e-08   -9.9595e-22  -2.23076e-09  -2.40606e-22  -4.23597e-10  -5.49824e-23   -7.0813e-11  -1.18979e-23   -9.7876e-12  -2.44026e-24  -8.93443e-13  -4.74714e-25   3.78073e-14  -8.76368e-26   4.49067e-14  -1.53585e-26    1.4281e-14  -2.55559e-27   3.39797e-15  -4.03758e-28   6.90269e-16  -6.05589e-29   1.25229e-16  -8.62047e-30   2.07138e-17  -1.16409e-30   3.15842e-18  -1.49033e-31   4.46794e-19  -1.80758e-32   5.88616e-20  -2.07508e-33   7.23802e-21  -2.25229e-34   8.31744e-22  -2.30843e-35    8.9357e-23  -2.23092e-36   8.97352e-24  -2.02955e-37   8.41777e-25  -1.73476e-38   7.36781e-26  -1.39015e-39   6.00762e-27  -1.04182e-40   4.55417e-28  -7.28124e-42   3.20166e-29  -4.73042e-43   2.08108e-30  -2.84617e-44   1.24619e-31  -1.57914e-45    6.8452e-33  -8.03897e-47   3.43138e-34  -3.73286e-48   1.56011e-35  -1.57001e-49   6.38567e-37  -5.93077e-51   2.33164e-38   -1.9915e-52   7.50906e-40  -5.86799e-54   2.10235e-41   -1.4922e-55    5.0212e-43  -3.20344e-57   9.97066e-45  -5.63029e-59   1.58647e-46  -7.74101e-61   1.91009e-48   -7.7266e-63    1.5727e-50   -4.8388e-65   7.03068e-53  -1.22746e-67
  8.16249e-17   -0.00230631  -1.08032e-16    -0.0195517  -1.01497e-16    -0.0048603  -8.34401e-16     0.0262627  -1.67864e-15     0.0382266  -1.49058e-15      0.029242  -6.12624e-16     0.0137185   4.61939e-17    0.00201684   2.02372e-16   -0.00345927   9.03993e-17   -0.00452268  -3.66871e-17   -0.00360777  -8.99155e-17    -0.0022988   -8.4935e-17   -0.00126072  -5.84851e-17  -0.000614346  -3.32999e-17  -0.000270331  -1.65076e-17  -0.000108357  -7.32308e-18  -3.97451e-05  -2.95606e-18  -1.33638e-05  -1.09768e-18  -4.11603e-06  -3.77779e-19  -1.15708e-06   -1.2116e-19  -2.94517e-07  -3.63605e-20  -6.67757e-08  -1.02439e-20   -1.3009e-08  -2.71633e-21  -1.97132e-09   -6.7935e-22  -1.36792e-10  -1.60517e-22   4.87808e-11  -3.58795e-23   2.83319e-11  -7.59527e-24   9.53068e-12  -1.52399e-24   2.58778e-12   -2.9003e-25   6.14207e-13  -5.23744e-26   1.31589e-13  -8.97683e-27   2.58615e-14  -1.46048e-27   4.70574e-15  -2.25529e-28   7.97274e-16  -3.30485e-29   1.26234e-16  -4.59385e-30   1.87221e-17  -6.05415e-31    2.6049e-18  -7.55942e-32   3.40291e-19  -8.93565e-33   4.17527e-20  -9.98936e-34   4.81133e-21  -1.05492e-34   5.20485e-22  -1.05098e-35   5.28184e-23  -9.86246e-37   5.02264e-24  -8.70222e-38    4.4693e-25  -7.20533e-39     3.715e-26  -5.58545e-40   2.87858e-27    -4.043e-41   2.07406e-28  -2.72451e-42    1.3855e-29  -1.70339e-43   8.55142e-31  -9.84135e-45   4.85673e-32  -5.22997e-46   2.52602e-33  -2.54271e-47    1.1963e-34  -1.12374e-48   5.12361e-36     -4.48e-50   1.96809e-37   -1.5962e-51   6.71137e-39  -5.02445e-53   2.00589e-40  -1.37703e-54   5.16849e-42  -3.22394e-56   1.12316e-43  -6.28346e-58   1.99646e-45  -9.82442e-60   2.77381e-47  -1.16356e-61   2.79579e-49  -9.43298e-64   1.76694e-51   -4.1556e-66   4.52093e-54
   0.00145726   1.48927e-16   -0.00740325   2.58678e-16    -0.0183129   7.21613e-17   0.000456927  -8.57096e-16     0.0276598  -1.49058e-15     0.0380726   -1.1958e-15     0.0311322  -5.27895e-16      0.017966   -1.1407e-16    0.00709549  -3.59269e-17    0.00105282  -9.35909e-17   -0.00118469  -1.35683e-16   -0.00143817  -1.28083e-16   -0.00102455  -9.32079e-17  -0.000574443  -5.65405e-17  -0.000272952  -2.98057e-17  -0.000112959  -1.40006e-17  -4.10503e-05  -5.95693e-18  -1.30234e-05  -2.32187e-18  -3.51334e-06  -8.35822e-19  -7.43635e-07  -2.79549e-19  -8.45899e-08   -8.7272e-20   2.23191e-08  -2.55242e-20   2.01446e-08  -7.01397e-21   9.11469e-09  -1.81527e-21   3.24336e-09  -4.43315e-22   9.97547e-10  -1.02316e-22   2.75121e-10  -2.23446e-23   6.93068e-11  -4.62189e-24   1.61186e-11  -9.06175e-25    3.4843e-12  -1.68494e-25   7.03271e-13   -2.9723e-26   1.32961e-13  -4.97524e-27   2.35991e-14  -7.90231e-28   3.93843e-15  -1.19084e-28   6.18697e-16  -1.70211e-29   9.15495e-17  -2.30657e-30   1.27646e-17  -2.96169e-31   1.67711e-18  -3.60072e-32   2.07598e-19  -4.14124e-33   2.41991e-20  -4.50099e-34   2.65451e-21  -4.61729e-35   2.73762e-22  -4.46429e-36   2.65123e-23  -4.06157e-37   2.40755e-24  -3.47057e-38   2.04646e-25  -2.77937e-39   1.62494e-26    -2.081e-40   1.20236e-27  -1.45267e-41   8.26753e-29  -9.42411e-43   5.26547e-30  -5.66096e-44   3.09428e-31  -3.13517e-45   1.67031e-32  -1.59289e-46   8.23853e-34    -7.381e-48   3.68968e-35  -3.09753e-49   1.48911e-36  -1.16742e-50   5.36614e-38  -3.91079e-52   1.70696e-39  -1.14953e-53   4.72393e-41  -2.91596e-55     1.116e-42  -6.24424e-57   2.19336e-44   -1.0947e-58   3.45621e-46  -1.50126e-60   4.12319e-48  -1.49466e-62   3.36551e-50  -9.33673e-65    1.4922e-52  -2.36252e-67
  1.21868e-16   0.000800152   3.25873e-16     -0.011542   5.68533e-16    -0.0154378   1.64325e-16    0.00512527  -7.52384e-16      0.029242   -1.1958e-15     0.0386047   -9.5658e-16     0.0333189  -5.44386e-16     0.0221059  -3.16517e-16     0.0119746  -2.60824e-16    0.00543816   -2.4851e-16    0.00209769  -2.12703e-16   0.000700313  -1.54855e-16   0.000217892  -9.70235e-17   7.82865e-05   -5.3376e-17    3.9686e-05  -2.62293e-17   2.42469e-05  -1.16679e-17   1.42942e-05  -4.74674e-18   7.53416e-06  -1.77992e-18   3.52532e-06   -6.1892e-19    1.4779e-06  -2.00526e-19    5.6107e-07  -6.07679e-20   1.94653e-07   -1.7278e-20   6.21625e-08  -4.62099e-21    1.8378e-08  -1.16492e-21   5.05285e-09  -2.77273e-22    1.2966e-09  -6.23956e-23    3.1143e-10  -1.32894e-23   7.01796e-11   -2.6812e-24   1.48651e-11  -5.12747e-25   2.96397e-12  -9.29868e-26   5.56973e-13  -1.59956e-26    9.8726e-14  -2.61028e-27   1.65173e-14  -4.04073e-28   2.60936e-15  -5.93242e-29   3.89312e-16  -8.25762e-30   5.48566e-17  -1.08922e-30   7.29861e-18  -1.36061e-31   9.16563e-19  -1.60832e-32   1.08578e-19  -1.79729e-33   1.21239e-20  -1.89663e-34   1.27478e-21  -1.88756e-35   1.26067e-22  -1.76895e-36    1.1709e-23   -1.5584e-37   1.01965e-24  -1.28802e-38   8.30891e-26  -9.96481e-40    6.3212e-27  -7.19758e-41   4.47779e-28  -4.83932e-42    2.9444e-29  -3.01838e-43   1.79078e-30  -1.73955e-44   1.00321e-31  -9.22093e-46    5.1512e-33  -4.47137e-47   2.41037e-34  -1.97088e-48   1.02073e-35  -7.83632e-50   3.87939e-37  -2.78455e-51   1.30973e-38  -8.74152e-53   3.87768e-40  -2.38933e-54   9.90266e-42    -5.579e-56   2.13385e-43  -1.08446e-57   3.76278e-45  -1.69113e-59    5.1884e-47  -1.99769e-61   5.19205e-49  -1.61539e-63   3.25903e-51  -7.09857e-66   8.28466e-54
  0.000972975   1.93806e-16   -0.00171933   5.46426e-16    -0.0137923   7.34325e-16    -0.0117374   1.86781e-16    0.00946884  -6.12624e-16     0.0311322   -9.5658e-16     0.0396903  -8.54419e-16     0.0356024  -6.55176e-16     0.0258116  -5.28181e-16     0.0161573  -4.47144e-16    0.00911605  -3.59965e-16    0.00479099  -2.59791e-16     0.0024052  -1.65872e-16    0.00117131  -9.41757e-17    0.00055557  -4.80107e-17   0.000255298  -2.21913e-17   0.000112559  -9.37907e-18   4.71592e-05  -3.65037e-18   1.86419e-05  -1.31591e-18   6.92235e-06  -4.41438e-19   2.40963e-06  -1.38338e-19   7.85863e-07   -4.0628e-20   2.40224e-07  -1.12115e-20   6.88903e-08  -2.91342e-21   1.85556e-08  -7.14196e-22   4.69997e-09  -1.65401e-22   1.12081e-09  -3.62307e-23    2.5192e-10  -7.51345e-24   5.34192e-11  -1.47619e-24   1.06953e-11  -2.74927e-25   2.02317e-12  -4.85535e-26   3.61776e-13  -8.13275e-27   6.11735e-14  -1.29206e-27   9.78333e-15  -1.94675e-28   1.47988e-15  -2.78103e-29   2.11704e-16  -3.76527e-30   2.86335e-17  -4.82885e-31   3.65992e-18  -5.86198e-32    4.4183e-19   -6.7302e-33    5.0337e-20  -7.30048e-34   5.40688e-21  -7.47299e-35   5.46927e-22  -7.20862e-36   5.20277e-23  -6.54225e-37    4.6469e-24  -5.57594e-38   3.88955e-25  -4.45358e-39   3.04439e-26  -3.32543e-40   2.22269e-27   -2.3149e-41   1.50929e-28  -1.49755e-42   9.50019e-30  -8.97003e-44   5.52158e-31  -4.95363e-45   2.94981e-32  -2.50962e-46    1.4408e-33  -1.15959e-47   6.39351e-35  -4.85262e-49   2.55799e-36  -1.82378e-50   9.14242e-38  -6.09271e-52   2.88563e-39  -1.78599e-53   7.92717e-41  -4.51832e-55   1.85969e-42  -9.65004e-57   3.63083e-44   -1.6874e-58   5.68535e-46  -2.30823e-60   6.74198e-48  -2.29238e-62   5.47179e-50  -1.42852e-64   2.41295e-52  -3.60617e-67
  4.68371e-17    0.00124109   2.86165e-16   -0.00489882   7.01263e-16    -0.0142465   7.39253e-16   -0.00752749   1.47412e-16     0.0137185  -5.27895e-16     0.0333189  -8.54419e-16     0.0410465  -8.87926e-16      0.037574  -8.14493e-16     0.0285906  -7.08309e-16     0.0191106  -5.72746e-16     0.0115968  -4.18794e-16      0.006521  -2.73893e-16    0.00343831  -1.60416e-16    0.00170934   -8.4665e-17   0.000802299  -4.05679e-17   0.000355192  -1.77746e-17   0.000148076  -7.16687e-18   5.80435e-05  -2.67391e-18   2.13729e-05  -9.27367e-19   7.39054e-06  -3.00133e-19    2.4004e-06  -9.09352e-20   7.32712e-07   -2.5863e-20   2.10369e-07   -6.9205e-21    5.6863e-08  -1.74551e-21   1.44843e-08  -4.15631e-22    3.4801e-09  -9.35503e-23   7.89384e-10  -1.99241e-23    1.6917e-10  -4.01849e-24   3.42753e-11  -7.68009e-25   6.56898e-12   -1.3915e-25   1.19138e-12  -2.39075e-26   2.04531e-13  -3.89558e-27   3.32416e-14  -6.01983e-28   5.11472e-15  -8.82055e-29   7.44935e-16  -1.22509e-29   1.02671e-16  -1.61212e-30    1.3385e-17  -2.00873e-31   1.64961e-18  -2.36813e-32   1.92047e-19  -2.63906e-33   2.11006e-20  -2.77699e-34   2.18557e-21  -2.75565e-35   2.13131e-22  -2.57483e-36    1.9538e-23  -2.26154e-37   1.68071e-24  -1.86353e-38   1.35394e-25  -1.43736e-39   1.01899e-26  -1.03507e-40   7.14546e-28  -6.93843e-42   4.65389e-29  -4.31475e-43   2.80513e-30  -2.47935e-44   1.55815e-31  -1.31042e-45   7.93669e-33  -6.33626e-47   3.68566e-34  -2.78504e-48    1.5496e-35  -1.10429e-49   5.84941e-37  -3.91337e-51    1.9621e-38  -1.22528e-52    5.7736e-40  -3.34043e-54   1.46587e-41  -7.78015e-56   3.14124e-43  -1.50861e-57   5.51006e-45  -2.34694e-59   7.55967e-47  -2.76593e-61   7.52894e-49  -2.23156e-63   4.70444e-51  -9.78475e-66   1.19072e-53
  0.000514061   7.40785e-17   0.000361804   3.72444e-16   -0.00766663   7.29694e-16    -0.0132032    6.2148e-16   -0.00291632   4.61939e-17      0.017966  -5.44386e-16     0.0356024  -8.87926e-16      0.042205  -1.00121e-15      0.038682   -9.6237e-16     0.0299351  -8.21979e-16     0.0204406  -6.25895e-16     0.0126291  -4.25042e-16    0.00716613  -2.58464e-16    0.00376691  -1.41637e-16     0.0018432  -7.04382e-17   0.000841778  -3.20056e-17   0.000359351  -1.33686e-17   0.000143549   -5.1608e-18   5.37099e-05  -1.84974e-18   1.88412e-05  -6.17957e-19   6.20337e-06  -1.93061e-19   1.91909e-06  -5.65621e-20   5.58486e-07  -1.55768e-20   1.53061e-07  -4.04026e-21   3.95478e-08  -9.88641e-22    9.6431e-09  -2.28539e-22   2.22094e-09   -4.9964e-23   4.83535e-10  -1.03401e-23   9.95816e-11  -2.02707e-24   1.94101e-11  -3.76633e-25   3.58223e-12  -6.63484e-26   6.26153e-13  -1.10839e-26   1.03676e-13  -1.75602e-27   1.62611e-14  -2.63815e-28   2.41574e-15  -3.75748e-29   3.39835e-16  -5.07172e-30   4.52512e-17  -6.48403e-31   5.70031e-18  -7.84639e-32   6.78843e-19  -8.97978e-33   7.63604e-20  -9.70948e-34   8.10481e-21  -9.90708e-35   8.10696e-22   -9.5261e-36   7.63117e-23   -8.6181e-37   6.74865e-24  -7.32213e-38   5.59629e-25  -5.83015e-39    4.3419e-26     -4.34e-40   3.14376e-27  -3.01209e-41   2.11805e-28  -1.94282e-42   1.32334e-29  -1.16035e-43   7.63749e-31  -6.38986e-45   4.05313e-32  -3.22832e-46   1.96725e-33  -1.48765e-47   8.67753e-35  -6.20916e-49   3.45214e-36  -2.32766e-50   1.22717e-37  -7.75674e-52   3.85353e-39  -2.26831e-53   1.05346e-40  -5.72509e-55   2.45994e-42  -1.21997e-56   4.78157e-44  -2.12854e-58   7.45581e-46  -2.90547e-60   8.80612e-48  -2.87959e-62    7.1198e-50  -1.79088e-64   3.12828e-52  -4.51222e-67
 -3.47805e-18    0.00090044   9.59497e-17   -0.00141333   4.07122e-16   -0.00945021   6.41519e-16    -0.0109094   4.30189e-16    0.00201684   -1.1407e-16     0.0221059  -6.55176e-16      0.037574  -1.00121e-15     0.0425743  -1.12045e-15     0.0383924  -1.04851e-15     0.0295154  -8.51679e-16     0.0200421  -6.09597e-16     0.0122698  -3.88375e-16    0.00685787  -2.22195e-16    0.00352745  -1.15076e-16    0.00167859  -5.43402e-17    0.00074175  -2.35451e-17   0.000305225  -9.41275e-18   0.000117228  -3.48844e-18   4.21084e-05  -1.20338e-18   1.41715e-05  -3.87727e-19   4.47609e-06  -1.17022e-19   1.32888e-06  -3.31672e-20   3.71355e-07  -8.84623e-21   9.78066e-08  -2.22427e-21   2.43064e-08  -5.28004e-22   5.70544e-09  -1.18478e-22   1.26606e-09   -2.5155e-23   2.65792e-10  -5.05754e-24   5.28217e-11  -9.63502e-25   9.94191e-12  -1.74003e-25    1.7728e-12   -2.9797e-26   2.99552e-13  -4.83903e-27   4.79658e-14  -7.45258e-28   7.27798e-15   -1.0883e-28   1.04621e-15  -1.50642e-29   1.42431e-16  -1.97563e-30   1.83551e-17  -2.45339e-31   2.23766e-18  -2.88271e-32   2.57854e-19  -3.20191e-33   2.80589e-20  -3.35829e-34   2.87997e-21  -3.32179e-35   2.78446e-22  -3.09405e-36   2.53193e-23  -2.70919e-37    2.1614e-24  -2.22566e-38   1.72858e-25   -1.7116e-39   1.29205e-26  -1.22901e-40   9.00152e-28  -8.21531e-42   5.82673e-29  -5.09484e-43   3.49159e-30  -2.91983e-44   1.92873e-31  -1.53925e-45   9.77269e-33  -7.42407e-47   4.51562e-34  -3.25526e-48   1.88955e-35  -1.28771e-49   7.10048e-37  -4.55299e-51   2.37153e-38  -1.42242e-52   6.94992e-40  -3.86965e-54   1.75767e-41  -8.99427e-56   3.75262e-43  -1.74058e-57   6.55929e-45  -2.70265e-59   8.96899e-47  -3.17928e-61   8.90396e-49  -2.56051e-63   5.54666e-51   -1.1208e-65   1.39981e-53
  0.000237838  -1.25594e-17   0.000736912   1.06609e-16    -0.0034693   3.76297e-16    -0.0100086   4.80475e-16   -0.00757509   2.02372e-16    0.00709549  -3.16517e-16     0.0258116  -8.14493e-16      0.038682  -1.12045e-15     0.0415983  -1.18446e-15     0.0363873  -1.04758e-15     0.0273293  -8.01388e-16     0.0181469  -5.40001e-16     0.0108428  -3.24622e-16    0.00589676  -1.75858e-16    0.00294184   -8.6569e-17    0.00135403   -3.8996e-17   0.000577464  -1.61705e-17   0.000228995  -6.20409e-18   8.46833e-05  -2.21186e-18   2.92773e-05  -7.35457e-19   9.48374e-06  -2.28785e-19   2.88397e-06  -6.67608e-20   8.24731e-07  -1.83154e-20   2.22131e-07  -4.73302e-21   5.64242e-08  -1.15395e-21   1.35328e-08  -2.65793e-22   3.06771e-09  -5.79007e-23   6.57827e-10  -1.19398e-23   1.33531e-10  -2.33233e-24   2.56723e-11  -4.31807e-25   4.67664e-12  -7.57978e-26   8.07431e-13  -1.26177e-26    1.3214e-13    -1.992e-27   2.04982e-14  -2.98224e-28   3.01361e-15  -4.23293e-29   4.19781e-16  -5.69405e-30   5.53777e-17  -7.25531e-31   6.91473e-18  -8.75089e-32   8.16631e-19  -9.98268e-33   9.11377e-20  -1.07599e-33   9.60129e-21   -1.0945e-34   9.53618e-22  -1.04925e-35   8.91657e-23  -9.46465e-37   7.83551e-24   -8.0185e-38   6.45858e-25  -6.36698e-39   4.98239e-26  -4.72691e-40   3.58802e-27  -3.27209e-41   2.40497e-28  -2.10521e-42   1.49529e-29  -1.25428e-43   8.58995e-31  -6.89082e-45   4.53855e-32   -3.4735e-46   2.19365e-33  -1.59712e-47   9.63775e-35  -6.65198e-49   3.81965e-36  -2.48858e-50   1.35294e-37   -8.2767e-52    4.2339e-39  -2.41579e-53   1.15368e-40  -6.08624e-55   2.68561e-42  -1.29466e-56   5.20481e-44  -2.25507e-58   8.09296e-46  -3.07321e-60   9.53309e-48  -3.04112e-62   7.68792e-50  -1.88853e-64    3.3697e-52  -4.75151e-67
 -1.71833e-17   0.000514465  -2.67096e-17  -8.02637e-05   9.92796e-17    -0.0052215   2.95796e-16   -0.00928387    2.8775e-16   -0.00345927  -3.59269e-17     0.0119746  -5.28181e-16     0.0285906   -9.6237e-16     0.0383924  -1.18446e-15     0.0389547  -1.16213e-15     0.0327074  -9.62467e-16     0.0237283  -6.92246e-16     0.0152457  -4.40166e-16    0.00881244  -2.50631e-16    0.00463184  -1.29076e-16    0.00223088   -6.0611e-17   0.000990401  -2.61239e-17   0.000407173  -1.03927e-17   0.000155608  -3.83413e-18   5.54576e-05  -1.31698e-18   1.84822e-05    -4.226e-19   5.77346e-06  -1.27046e-19   1.69397e-06  -3.58703e-20   4.67667e-07  -9.53116e-21   1.21677e-07  -2.38756e-21    2.9875e-08  -5.64674e-22   6.92995e-09  -1.26242e-22    1.5202e-09  -2.67059e-23   3.15619e-10  -5.34998e-24   6.20582e-11  -1.01557e-24   1.15616e-11  -1.82757e-25   2.04161e-12  -3.11867e-26   3.41777e-13  -5.04728e-27   5.42447e-14  -7.74697e-28   8.16166e-15  -1.12752e-28   1.16389e-15  -1.55563e-29   1.57252e-16  -2.03367e-30   2.01193e-17  -2.51761e-31     2.436e-18   -2.9492e-32   2.78889e-19  -3.26611e-33   3.01612e-20   -3.4158e-34   3.07767e-21  -3.36928e-35    2.9591e-22  -3.12982e-36   2.67656e-23  -2.73336e-37   2.27344e-24  -2.23985e-38   1.80955e-25  -1.71832e-39   1.34647e-26  -1.23092e-40   9.34043e-28  -8.20944e-42   6.02148e-29  -5.08006e-43   3.59432e-30  -2.90523e-44   1.97816e-31  -1.52845e-45   9.98811e-33  -7.35761e-47   4.59981e-34  -3.22008e-48   1.91869e-35   -1.2715e-49   7.18828e-37  -4.48795e-51   2.39399e-38  -1.39978e-52   6.99664e-40  -3.80203e-54   1.76491e-41  -8.82371e-56    3.7588e-43   -1.7051e-57   6.55471e-45  -2.64387e-59   8.94277e-47  -3.10601e-61   8.85914e-49  -2.49833e-63   5.50762e-51  -1.09226e-65    1.3873e-53
  0.000100669  -3.73121e-17   0.000568776  -4.06718e-17   -0.00130811   7.48785e-17   -0.00624311    1.8933e-16   -0.00736781   9.03993e-17    0.00105282  -2.60824e-16     0.0161573  -7.08309e-16     0.0299351  -1.04851e-15     0.0363873  -1.16213e-15     0.0346925  -1.05489e-15     0.0277614  -8.17088e-16     0.0193115   -5.5318e-16     0.0119286  -3.32721e-16    0.00663584  -1.79953e-16    0.00335814  -8.83471e-17    0.00155763  -3.96709e-17   0.000666104  -1.63948e-17    0.00026387  -6.26838e-18   9.72092e-05  -2.22697e-18   3.34137e-05  -7.37879e-19   1.07463e-05  -2.28731e-19   3.24161e-06  -6.65098e-20   9.19028e-07  -1.81822e-20   2.45325e-07  -4.68205e-21   6.17542e-08  -1.13751e-21   1.46782e-08  -2.61088e-22   3.29794e-09  -5.66782e-23   7.01089e-10  -1.16475e-23    1.4112e-10  -2.26748e-24   2.69116e-11  -4.18393e-25   4.86422e-12  -7.32009e-26   8.33538e-13   -1.2146e-26   1.35436e-13  -1.91144e-27   2.08659e-14  -2.85276e-28   3.04763e-15  -4.03691e-29   4.21877e-16  -5.41438e-30   5.53243e-17  -6.87921e-31   6.86906e-18  -8.27421e-32   8.06879e-19   -9.4135e-33   8.95893e-20  -1.01199e-33    9.3923e-21  -1.02682e-34    9.2855e-22  -9.81972e-36   8.64406e-23  -8.83697e-37   7.56432e-24  -7.46981e-38    6.2103e-25   -5.9184e-39   4.77279e-26  -4.38469e-40   3.42476e-27   -3.0291e-41   2.28772e-28  -1.94511e-42   1.41778e-29  -1.15674e-43   8.11966e-31  -6.34371e-45   4.27753e-32  -3.19228e-46   2.06175e-33  -1.46542e-47   9.03433e-35  -6.09397e-49   3.57152e-36  -2.27643e-50   1.26204e-37  -7.56039e-52    3.9405e-39  -2.20372e-53   1.07142e-40   -5.5448e-55   2.48905e-42  -1.17803e-56   4.81453e-44  -2.04952e-58   7.47235e-46  -2.78997e-60    8.7867e-48   -2.7579e-62   7.07428e-50  -1.71093e-64   3.09587e-52  -4.30058e-67
 -1.42988e-17   0.000258022  -5.80203e-17   0.000243441  -5.12532e-17   -0.00255478   3.92997e-17   -0.00629558   7.47436e-17   -0.00452268  -9.35909e-17    0.00543816  -4.47144e-16     0.0191106  -8.21979e-16     0.0295154  -1.04758e-15     0.0327074  -1.05489e-15      0.029235  -8.87721e-16     0.0221984  -6.44158e-16     0.0147406   -4.1135e-16    0.00872021  -2.34571e-16    0.00465505  -1.20779e-16    0.00226358  -5.66433e-17    0.00100991  -2.43673e-17   0.000415791  -9.67138e-18   0.000158712  -3.55871e-18   5.63865e-05  -1.21895e-18   1.87066e-05   -3.8999e-19   5.81133e-06  -1.16886e-19   1.69455e-06  -3.28987e-20   4.64744e-07  -8.71392e-21   1.20092e-07  -2.17588e-21   2.92817e-08  -5.12967e-22   6.74541e-09  -1.14317e-22   1.46962e-09  -2.41069e-23   3.03079e-10  -4.81426e-24   5.92049e-11  -9.11066e-25   1.09606e-11  -1.63456e-25    1.9237e-12  -2.78107e-26   3.20156e-13   -4.4879e-27   5.05279e-14  -6.86899e-28   7.56157e-15  -9.97001e-29   1.07277e-15  -1.37189e-29    1.4423e-16  -1.78885e-30   1.83668e-17  -2.20902e-31   2.21389e-18  -2.58148e-32   2.52382e-19  -2.85223e-33   2.71841e-20  -2.97628e-34    2.7632e-21  -2.92942e-35   2.64701e-22  -2.71559e-36   2.38593e-23  -2.36689e-37   2.01987e-24  -1.93584e-38   1.60266e-25  -1.48238e-39   1.18896e-26  -1.06005e-40   8.22435e-28  -7.05802e-42   5.28768e-29  -4.36056e-43   3.14822e-30  -2.48994e-44   1.72844e-31  -1.30806e-45   8.70707e-33  -6.28795e-47   4.00107e-34   -2.7483e-48   1.66548e-35  -1.08385e-49   6.22736e-37  -3.82101e-51    2.0701e-38  -1.19041e-52   6.03934e-40  -3.22987e-54   1.52088e-41   -7.4882e-56   3.23394e-43  -1.44562e-57     5.631e-45  -2.23949e-59   7.67163e-47  -2.62867e-61    7.5897e-49  -2.11265e-63   4.71246e-51  -9.22936e-66   1.18559e-53
  4.00311e-05  -3.02164e-17   0.000337307  -7.27091e-17  -0.000401423  -5.80936e-17     -0.003441   -2.1509e-18   -0.00535227  -3.66871e-17   -0.00118469   -2.4851e-16    0.00911605  -5.72746e-16     0.0204406  -8.51679e-16     0.0273293  -9.62467e-16     0.0277614  -8.87721e-16     0.0232443  -6.95072e-16     0.0167083  -4.73718e-16     0.0105655   -2.8599e-16    0.00597387  -1.54942e-16    0.00305564  -7.60935e-17    0.00142641   -3.4148e-17   0.000611883  -1.40946e-17   0.000242533  -5.37958e-18    8.9233e-05  -1.90724e-18   3.05897e-05  -6.30472e-19   9.80177e-06  -1.94946e-19   2.94368e-06  -5.65364e-20   8.30489e-07  -1.54135e-20   2.20541e-07  -3.95804e-21   5.52181e-08  -9.58901e-22   1.30534e-08  -2.19472e-22   2.91698e-09  -4.75098e-23   6.16781e-10  -9.73617e-24   1.23498e-10  -1.89019e-24   2.34305e-11  -3.47837e-25   4.21399e-12   -6.0696e-26   7.18652e-13  -1.00452e-26    1.1623e-13  -1.57687e-27   1.78274e-14  -2.34771e-28   2.59278e-15  -3.31439e-29   3.57452e-16   -4.4352e-30   4.66936e-17  -5.62275e-31   5.77596e-18  -6.74865e-32   6.76078e-19  -7.66225e-33   7.48134e-20  -8.22116e-34   7.81808e-21  -8.32594e-35   7.70562e-22  -7.94801e-36   7.15251e-23  -7.14028e-37   6.24184e-24  -6.02569e-38   5.11114e-25  -4.76672e-39    3.9183e-26  -3.52617e-40   2.80499e-27  -2.43253e-41   1.86953e-28  -1.55991e-42   1.15616e-29   -9.2647e-44   6.60807e-31  -5.07464e-45   3.47459e-32  -2.55069e-46   1.67172e-33  -1.16961e-47   7.31282e-35  -4.85876e-49   2.88631e-36  -1.81323e-50   1.01836e-37  -6.01642e-52    3.1751e-39  -1.75215e-53   8.62139e-41  -4.40496e-55    2.0003e-42  -9.35142e-57   3.86449e-44  -1.62576e-58   5.99106e-46  -2.21161e-60   7.03736e-48   -2.1848e-62    5.6602e-50  -1.35459e-64   2.47471e-52  -3.40302e-67
 -7.97699e-18   0.000118737  -4.49667e-17   0.000222309  -7.86005e-17   -0.00114879  -6.28416e-17   -0.00370825  -4.62837e-17   -0.00360777  -1.35683e-16    0.00209769  -3.59965e-16     0.0115968  -6.25895e-16     0.0200421  -8.01388e-16     0.0237283  -8.17088e-16     0.0221984  -6.95072e-16     0.0174163  -5.08316e-16      0.011841  -3.26278e-16    0.00712276  -1.86637e-16    0.00384596  -9.62499e-17    0.00188395   -4.5161e-17   0.000844097  -1.94212e-17   0.000348165  -7.70104e-18   0.000132902  -2.82977e-18   4.71538e-05  -9.67602e-19    1.5607e-05  -3.08966e-19   4.83354e-06  -9.24024e-20   1.40439e-06  -2.59484e-20   3.83652e-07  -6.85673e-21   9.87263e-08    -1.708e-21   2.39695e-08  -4.01679e-22   5.49787e-09   -8.9297e-23   1.19266e-09  -1.87849e-23   2.44917e-10  -3.74243e-24   4.76439e-11  -7.06559e-25    8.7845e-12  -1.26472e-25   1.53571e-12  -2.14698e-26   2.54612e-13  -3.45707e-27   4.00366e-14  -5.28003e-28   5.97047e-15  -7.64799e-29   8.44186e-16   -1.0503e-29   1.13132e-16  -1.36691e-30   1.43624e-17  -1.68488e-31   1.72612e-18  -1.96551e-32   1.96228e-19    -2.168e-33   2.10795e-20  -2.25866e-34   2.13727e-21   -2.2197e-35   2.04248e-22  -2.05466e-36   1.83683e-23  -1.78834e-37   1.55166e-24  -1.46072e-38   1.22864e-25  -1.11715e-39    9.0972e-27  -7.97922e-41   6.28123e-28  -5.30672e-42   4.03139e-29  -3.27508e-43    2.3963e-30  -1.86824e-44   1.31358e-31   -9.8052e-46   6.60758e-33  -4.70925e-47   3.03214e-34  -2.05656e-48   1.26052e-35  -8.10408e-50   4.70744e-37  -2.85493e-51   1.56305e-38  -8.88823e-53   4.55518e-40  -2.41005e-54   1.14597e-41  -5.58419e-56   2.43446e-43  -1.07746e-57   4.23518e-45  -1.66829e-59   5.76524e-47  -1.95729e-61    5.6993e-49  -1.57239e-63   3.53619e-51  -6.86648e-66   8.89071e-54
