 2.92983e-33 -7.18452e-37 -6.63202e-34  2.73545e-35 -8.12967e-34  1.01979e-35 -2.75943e-33  2.99718e-35   4.9424e-32  3.40348e-36 -6.55215e-31  5.84305e-36  6.94814e-30  6.82646e-36 -6.03343e-29 -9.02901e-36  4.37962e-28 -7.33442e-37 -2.69702e-27  3.78137e-37  1.42431e-26  4.13784e-37 -6.50195e-26  2.08702e-36  2.58039e-25 -5.51045e-36 -8.93741e-25  2.70527e-35  2.70766e-24 -1.19727e-34 -7.18024e-24  4.68393e-34  1.66518e-23 -1.64318e-33 -3.36828e-23  5.17632e-33  5.91393e-23 -1.46437e-32  -8.9429e-23  3.71558e-32  1.15054e-22  -8.4278e-32 -1.23473e-22  1.69802e-31   1.0677e-22 -3.00332e-31 -6.92395e-23  4.55777e-31  2.71224e-23 -5.63697e-31  1.81784e-24  4.84049e-31 -1.07167e-23 -3.13857e-32  6.33452e-24 -9.45503e-31 -1.56345e-25  2.44197e-30 -1.82178e-24 -4.20028e-30  7.69282e-25  5.72722e-30  2.38557e-25 -6.47059e-30 -2.59346e-25  6.08997e-30 -3.87818e-27 -4.66122e-30  5.93754e-26  2.66676e-30 -5.41048e-27 -7.59152e-31 -1.15012e-26  -5.5491e-31  1.25454e-27  1.11198e-30  2.00808e-27 -1.07236e-30 -1.09345e-28  7.43689e-31 -3.05664e-28 -3.92362e-31 -1.51978e-29  1.51077e-31  3.63278e-29  -3.2896e-32  6.72978e-30 -5.32923e-33 -2.71489e-30  9.13279e-33 -1.07216e-30 -4.84093e-33  3.95152e-32  1.59732e-33  8.63045e-32 -3.28707e-34    1.328e-32  2.86902e-35 -2.45435e-33   3.2805e-36 -1.10565e-33  3.46668e-38 -9.58853e-35 -8.28506e-37  2.26136e-35  3.15556e-37  6.60036e-36 -5.00599e-38  4.93114e-37 -1.87588e-40 -5.51363e-38  1.50746e-39 -1.47095e-38 -2.18905e-40  -1.1179e-39 -2.78079e-42  3.62382e-42   3.1791e-42  6.26061e-42 -1.43384e-43  4.19351e-43 -1.34478e-44  8.05162e-45  6.41135e-46 -5.40577e-47  3.89523e-48
-7.18452e-37  4.46383e-33  3.40656e-36 -9.93829e-34  9.36495e-35  6.68959e-33  1.86051e-35 -1.48202e-31  9.38229e-35  2.25991e-30  3.18397e-35 -2.68155e-29  1.29901e-35  2.57269e-28  1.07818e-35 -2.04449e-27 -1.60768e-35  1.36925e-26 -3.01033e-36 -7.82622e-26  2.62337e-36  3.85327e-25 -1.14017e-36 -1.64535e-24   2.0415e-35  6.12232e-24 -9.42428e-35 -1.99126e-23  4.50321e-34  5.66948e-23  -1.9182e-33 -1.41301e-22  7.29501e-33  3.07751e-22 -2.48834e-32 -5.83626e-22  7.62627e-32  9.57859e-22 -2.10133e-31 -1.34749e-21  5.20172e-31  1.60033e-21 -1.15404e-30  -1.5645e-21  2.28346e-30  1.20092e-21 -3.99391e-30 -6.47212e-22  6.07369e-30  1.48902e-22 -7.76255e-30  1.10082e-22  7.64436e-30 -1.27777e-22 -3.93982e-30  4.17819e-23 -4.66901e-30  1.77793e-23  1.79263e-29  -2.0097e-23 -3.32787e-29   2.4103e-24  4.62938e-29  4.58748e-24 -5.24064e-29 -1.69636e-24  4.91988e-29 -7.70229e-25 -3.78001e-29  4.76929e-25  2.23868e-29  1.19275e-25 -8.03581e-30 -9.77412e-26 -1.67979e-30   -2.106e-26  5.89125e-30   1.5825e-26 -5.97668e-30  4.20608e-27  4.14433e-30  -1.9099e-27  -2.1544e-30  -7.6071e-28  8.15817e-31  1.31947e-28 -1.79641e-31  1.02227e-28 -1.96471e-32  3.19502e-30  3.96874e-32 -8.52616e-30 -2.01383e-32 -1.76277e-30  6.06477e-33  2.75816e-31 -1.01193e-33  1.59371e-31  2.29566e-36  1.47307e-32   3.8007e-35 -4.64653e-33 -3.71431e-36 -1.40388e-33 -2.58769e-36 -8.82504e-35   1.0583e-36  2.35146e-35 -1.62527e-37  5.50647e-36 -1.28868e-39  3.66496e-37   4.7445e-39 -2.60209e-38 -6.38537e-40 -6.42589e-39 -1.30756e-41 -4.29141e-40   8.5752e-42 -5.10838e-42 -2.84845e-43  8.34015e-43 -2.88716e-44  3.36845e-44  7.97649e-46  3.01094e-46
-6.63202e-34  3.40656e-36  4.81772e-33  3.10946e-35 -1.24515e-32  2.05039e-34   2.9164e-31  7.88101e-36 -5.12604e-30   1.7329e-34  6.86929e-29  7.50385e-35 -7.32469e-28   2.1296e-35  6.39939e-27  1.34799e-35 -4.67528e-26 -1.89374e-35  2.89862e-25 -6.70139e-36 -1.54168e-24  8.96395e-36  7.09058e-24 -2.84552e-35 -2.83626e-23  2.04016e-34  9.90572e-23  -1.0552e-33 -3.02759e-22   4.9453e-33  8.10418e-22 -2.05741e-32 -1.89834e-21  7.63748e-32  3.88138e-21 -2.54009e-31 -6.89455e-21  7.58731e-31  1.05597e-20 -2.03791e-30 -1.37807e-20  4.92142e-30  1.50347e-20  -1.0668e-29  -1.3266e-20  2.06788e-29  8.84806e-21 -3.55963e-29 -3.66841e-21  5.37332e-29 -5.33795e-23 -6.94158e-29   1.3239e-21  7.26266e-29 -8.54175e-22 -5.15596e-29  6.25656e-23 -1.52483e-30  2.29037e-22  8.33946e-29 -1.11299e-22 -1.76499e-28  -2.5167e-23  2.53279e-28  3.56698e-23 -2.87842e-28 -1.46727e-24  2.68949e-28 -7.97501e-24 -2.06019e-28  1.20053e-24   1.2387e-28  1.53492e-24 -4.96421e-29 -2.66898e-25  4.77575e-31 -2.72688e-25  2.10118e-29  3.19538e-26 -2.28029e-29   4.3357e-26  1.58195e-29 -2.58058e-28 -8.08268e-30 -5.53329e-27  2.99125e-30 -7.24751e-28 -6.49666e-31  4.70085e-28 -5.56203e-32  1.45585e-28   1.2273e-31 -1.45102e-29 -5.90568e-32 -1.35554e-29  1.61353e-32 -1.53291e-30 -2.06958e-33   5.0101e-31 -2.43261e-34  1.69262e-31  1.51239e-34  9.15534e-33 -1.60198e-35 -4.51976e-33 -5.78738e-36 -1.03345e-33  2.45932e-36 -5.27014e-35 -3.70508e-37  1.25235e-35 -2.48578e-39  2.47624e-36  1.02707e-38  1.51805e-37 -1.31765e-39 -4.65969e-39 -3.17379e-41 -1.22202e-39   1.5434e-41 -6.61506e-41 -3.52167e-43 -9.84565e-43 -3.80408e-44  1.60095e-44  4.76657e-46
 2.73545e-35 -9.93829e-34  3.10946e-35  1.88977e-32  1.05116e-34 -4.24436e-31  3.40334e-34  8.78433e-30 -4.14378e-35 -1.34319e-28  2.27034e-34  1.60322e-27  1.06741e-34 -1.54757e-26  3.01794e-35  1.23778e-25   1.5139e-35 -8.34588e-25 -1.82576e-35  4.80421e-24 -1.20615e-35 -2.38308e-23  3.85722e-35  1.02561e-22 -2.53847e-34 -3.84802e-22  1.66367e-33  1.26257e-21 -8.88205e-33 -3.62838e-21  4.14154e-32  9.13307e-21 -1.70011e-31 -2.01037e-20  6.19734e-31  3.85636e-20 -2.01773e-30 -6.40848e-20   5.8894e-30  9.14034e-20 -1.54434e-29 -1.10262e-19  3.64044e-29  1.09802e-19 -7.70752e-29 -8.63054e-20  1.46152e-28  4.82759e-20 -2.46849e-28 -1.25739e-20  3.67684e-28 -7.09855e-21 -4.74118e-28  9.39734e-21  5.09173e-28 -3.47249e-21 -4.10618e-28 -1.10448e-21  1.43747e-28  1.53212e-21  2.65339e-28 -2.63236e-22 -7.20125e-28 -3.29803e-22  1.08388e-27  1.47961e-22  -1.2406e-27  5.08021e-23  1.15234e-27 -4.02801e-23 -8.75932e-28 -7.05847e-24  5.28145e-28  8.28674e-24 -2.23915e-28   1.2181e-24  2.75473e-29 -1.38572e-24  5.80475e-29 -2.69735e-25 -6.88787e-29  1.79754e-25  4.78421e-29  5.52294e-26 -2.39808e-29 -1.49852e-26  8.63691e-30 -8.29429e-27 -1.82154e-30  1.96517e-28 -1.42006e-31  7.81818e-28  3.10033e-31  1.22566e-28 -1.40399e-31 -3.33789e-29  3.46396e-32 -1.38567e-29 -3.15162e-33 -7.53244e-31 -9.67338e-34  5.11155e-31  3.93761e-34  1.21456e-31  -4.0682e-35  3.88142e-33 -1.03655e-35 -2.70149e-33   4.5146e-36 -5.00347e-34 -6.88439e-37  -2.3241e-35  4.33471e-40   3.7312e-36  1.77265e-38  6.44561e-37 -2.21527e-39  3.53389e-38 -5.54159e-41 -9.77616e-41  2.13872e-41 -9.42907e-41 -2.93402e-43 -3.40744e-42 -3.37769e-44 -2.84446e-44
-8.12967e-34  9.36495e-35 -1.24515e-32  1.05116e-34  4.85282e-31  2.24418e-34 -1.19581e-29  4.59823e-34   2.1159e-28 -1.30782e-34 -2.85163e-27  2.24696e-34  3.05937e-26   1.0802e-34 -2.69013e-25  4.02357e-35  1.97866e-24  1.77502e-35 -1.23547e-23 -2.39277e-35  6.62016e-23 -2.50762e-36 -3.06872e-22  1.13619e-34  1.23768e-21 -1.38036e-33 -4.36054e-21  1.02411e-32  1.34513e-20 -5.82496e-32 -3.63618e-20   2.7739e-31  8.60729e-20 -1.14075e-30  -1.7798e-19  4.12121e-30  3.20031e-19 -1.32128e-29 -4.96763e-19  3.78272e-29  6.58062e-19 -9.70624e-29 -7.30432e-19  2.23613e-28  6.58202e-19 -4.62532e-28 -4.51913e-19  8.57371e-28  1.98172e-19 -1.41809e-27 -7.17225e-21  2.07618e-27 -6.47742e-20  -2.6514e-27  4.58993e-20  2.86897e-27 -5.62082e-21 -2.45438e-27   -1.136e-20  1.28613e-27  6.38309e-21  4.74241e-28  9.46962e-22 -2.37714e-27 -1.94387e-21  3.84952e-27  1.94796e-22 -4.45801e-27   4.2206e-22  4.11442e-27 -9.21308e-23 -3.09269e-27 -8.02362e-23  1.85434e-27  2.01791e-23 -8.07734e-28  1.44712e-23    1.517e-28 -2.78484e-24  1.30947e-28 -2.40759e-24 -1.74916e-28   1.6704e-25  1.21716e-28  3.30327e-25 -5.97729e-29  2.48953e-26  2.08932e-29  -3.1499e-26 -4.23568e-30 -7.54001e-27 -3.38651e-31  1.40685e-27  6.74066e-31  8.30432e-28 -2.85636e-31  5.80953e-29  6.33558e-32 -3.81912e-29 -3.51789e-33 -1.00341e-29 -2.40171e-33 -1.57089e-31  7.79749e-34  3.42042e-31 -7.71055e-35  6.25398e-32 -1.49931e-35  1.41431e-33  6.85932e-36 -1.03879e-33  -1.1137e-36 -1.61735e-34  1.47077e-38 -7.32808e-36  2.60552e-38  5.86358e-37 -3.19316e-39  9.10008e-38 -7.94866e-41  4.14369e-39  2.40447e-41  3.59933e-41 -1.50753e-43 -1.83309e-42 -1.86051e-44
 1.01979e-35  6.68959e-33  2.05039e-34 -4.24436e-31  2.24418e-34  1.32347e-29  3.50965e-34 -2.75614e-28  5.22621e-34  4.23963e-27 -2.34982e-34 -5.09145e-26  1.66283e-34  4.94642e-25  8.17608e-35   -3.983e-24  4.89144e-35  2.70466e-23  4.17786e-35 -1.56852e-22 -1.43811e-34  7.84155e-22  4.60332e-34 -3.40268e-21 -1.10611e-33  1.28781e-20 -1.92144e-33 -4.26448e-20   4.0885e-32  1.23754e-19 -2.90035e-31 -3.14757e-19  1.49713e-30  7.00594e-19 -6.34473e-30 -1.36012e-18  2.30671e-29  2.28996e-18 -7.34785e-29 -3.31367e-18  2.07462e-28  4.06326e-18 -5.22648e-28 -4.12502e-18    1.179e-27  3.32304e-18 -2.38453e-27 -1.93043e-18  4.32029e-27  5.62737e-19 -6.98959e-27  2.36688e-19  1.00323e-26 -3.68681e-19 -1.26232e-26   1.5339e-19   1.3609e-26  3.41963e-20 -1.19522e-26 -6.21697e-20  7.33907e-27  1.41479e-20 -5.94146e-28  1.24469e-20 -6.45522e-27 -6.81127e-21  1.17195e-26 -1.68177e-21 -1.38149e-26  1.79998e-21  1.26677e-26  1.86373e-22 -9.39008e-27 -3.71046e-22  5.56413e-27 -2.95503e-23 -2.44568e-27  6.38809e-23  5.53448e-28  8.09033e-24  2.46502e-28 -8.83339e-24 -3.85981e-28 -2.02177e-24   2.6919e-28  8.47202e-25 -1.29399e-28  3.49537e-25  4.38322e-29 -3.18289e-26 -8.48683e-30 -3.74863e-26 -7.46286e-31  -4.0192e-27  1.29493e-30  1.98857e-27 -5.11113e-31  6.25443e-28  1.01258e-31  6.10088e-30 -2.19424e-33 -2.87255e-29 -4.55228e-33 -5.41309e-30   1.2436e-33  3.77557e-32 -1.19285e-34  1.57723e-31 -1.64788e-35   2.3479e-32  8.79328e-36  5.23173e-34  -1.6286e-36 -2.52088e-34  4.58988e-38 -3.35682e-35  3.39432e-38  -1.4521e-36  -4.0234e-39  3.72657e-38 -9.99136e-41   5.9086e-39  2.22992e-41  1.77799e-40 -2.35522e-44  9.90984e-43
-2.75943e-33  1.86051e-35   2.9164e-31  3.40334e-34 -1.19581e-29  3.50965e-34  3.00635e-28   4.3193e-34 -5.35055e-27  5.05419e-34  7.25539e-26 -3.15385e-34 -7.83411e-25  7.51169e-35  6.93516e-24  4.95931e-35 -5.13717e-23   1.7781e-35  3.23153e-22   3.2779e-34 -1.74516e-21 -1.66751e-33  8.15626e-21  7.16131e-33 -3.31822e-20 -2.49427e-32   1.1798e-19   5.8136e-32  -3.6749e-19 -5.28267e-34  1.00369e-18 -9.14673e-31 -2.40215e-18  6.26368e-30  5.02618e-18 -2.91751e-29 -9.15415e-18  1.09801e-28  1.44102e-17 -3.52591e-28 -1.93906e-17  9.89823e-28  2.19146e-17  -2.4599e-27 -2.01849e-17  5.44848e-27  1.42784e-17 -1.07899e-26 -6.61797e-18  1.91151e-26  5.65332e-19 -3.02316e-26   1.9378e-18  4.24661e-26 -1.52041e-18 -5.24603e-26  2.62688e-19  5.59395e-26  3.42607e-19 -4.95155e-26 -2.24582e-19  3.27747e-26 -1.67834e-20 -9.31979e-27  6.48417e-20  -1.4254e-26 -1.06293e-20  3.12072e-26 -1.35622e-20 -3.77331e-26  4.04847e-21  3.43807e-26  2.52386e-21 -2.50721e-26 -8.82202e-22  1.46101e-26 -4.60587e-22 -6.40146e-27  1.32795e-22  1.59439e-27  8.04659e-23  3.87446e-28 -1.17365e-23 -7.55544e-28 -1.19184e-23  5.28238e-28 -1.81342e-25 -2.48471e-28  1.26833e-24  8.15467e-29  2.24021e-25 -1.50253e-29 -7.25559e-26 -1.49811e-30  -3.0533e-26   2.2338e-30  -6.4495e-28 -8.17196e-31  1.71523e-27  1.42825e-31  3.52167e-28  1.70405e-33 -1.19679e-29 -7.01425e-33 -1.53444e-29  1.62201e-33 -2.23219e-30 -1.58338e-34  3.28153e-32 -1.01726e-35  5.02364e-32  9.54455e-36  6.29323e-33  -2.1959e-36  1.66471e-34  9.13943e-38 -3.58502e-35  4.01475e-38 -4.05346e-36 -4.44805e-39 -1.51752e-37 -1.11903e-40   7.7981e-41  1.68842e-41  1.06614e-40  2.38402e-44
 2.99718e-35 -1.48202e-31  7.88101e-36  8.78433e-30  4.59823e-34 -2.75614e-28   4.3193e-34  5.77744e-27  4.35677e-34 -8.94176e-26  4.13055e-34  1.08075e-24 -3.44823e-34 -1.05706e-23 -2.71034e-35  8.57208e-23  8.25739e-35 -5.86418e-22 -4.53119e-34  3.42743e-21  3.31579e-33 -1.72759e-20  -1.7318e-32  7.56154e-20  7.69248e-32 -2.88802e-19 -2.87583e-31  9.65608e-19  8.64746e-31 -2.83098e-18   -1.823e-30  7.27925e-18  7.20222e-31 -1.63925e-17  1.67699e-29  3.22269e-17 -1.06654e-28 -5.50071e-17  4.42227e-28  8.08112e-17 -1.46909e-27 -1.00801e-16  4.15325e-27  1.04412e-16 -1.02527e-26 -8.62832e-17  2.23835e-26  5.20861e-17 -4.34936e-26 -1.68358e-17  7.54047e-26 -5.03501e-18 -1.16567e-25  9.70075e-18  1.60064e-25 -4.53592e-18 -1.93646e-25  -6.2098e-19   2.0321e-25   1.6872e-18 -1.79215e-25 -4.86989e-19  1.22907e-25 -3.07839e-19 -4.80714e-26   2.0851e-19 -2.39278e-26  3.32855e-20  7.36868e-26 -5.35138e-20 -9.22578e-26  -1.7353e-21  8.35378e-26  1.10242e-20 -5.97954e-26  1.17508e-22  3.41213e-26 -1.94854e-21 -1.47702e-26 -1.13818e-22  3.86665e-27  2.85701e-22  4.93831e-28  4.48237e-23 -1.32989e-27 -3.07214e-23  9.32363e-28 -9.50136e-24 -4.29389e-28  1.72122e-24  1.36708e-28  1.17872e-24  -2.3941e-29  6.43436e-26  -2.7293e-30 -7.54956e-26  3.50208e-30 -1.82245e-26 -1.17877e-30  8.65489e-28  1.77207e-31  1.04651e-27  8.62117e-33  1.53375e-28 -8.92099e-33 -9.49926e-30   1.6831e-33 -5.94956e-30 -1.87068e-34 -7.05336e-31  8.19141e-36  7.07766e-33  8.64654e-36  1.06746e-32 -2.74433e-36  1.13787e-33  1.38143e-37   3.4027e-35  4.35088e-38 -2.52384e-36 -4.29307e-39 -2.36261e-37  -1.0956e-40 -5.87008e-39  9.96432e-42 -1.99166e-41
  4.9424e-32  9.38229e-35 -5.12604e-30 -4.14378e-35   2.1159e-28  5.22621e-34 -5.35055e-27  4.35677e-34  9.58153e-26  3.69002e-34 -1.30763e-24  2.74101e-34  1.42147e-23 -3.18798e-34 -1.26727e-22 -1.87967e-34  9.45703e-22  7.21908e-34 -5.99539e-21 -5.00916e-33  3.26435e-20  3.01907e-32 -1.53884e-19 -1.53216e-31  6.31761e-19  6.70863e-31 -2.26791e-18 -2.52641e-30  7.13637e-18  8.04841e-30 -1.97027e-17 -2.07753e-29  4.77021e-17  3.77937e-29 -1.01055e-16 -1.28065e-29  1.86537e-16 -2.63284e-28 -2.97991e-16  1.46018e-27  4.07614e-16 -5.29402e-27  -4.6943e-16  1.54015e-26   4.4234e-16 -3.81606e-26 -3.22648e-16  8.25653e-26  1.57958e-16 -1.57868e-25 -2.10668e-17  2.68205e-25 -4.08339e-17 -4.05366e-25  3.58704e-17  5.43756e-25 -8.06222e-18 -6.43071e-25 -7.21803e-18  6.61708e-25  5.60233e-18 -5.76955e-25  1.90589e-20  4.00933e-25 -1.52662e-18 -1.80519e-25  3.58224e-19 -2.17528e-26  3.03903e-19   1.5581e-25 -1.21047e-19 -2.04332e-25 -5.45598e-20  1.83837e-25  2.63476e-20 -1.28846e-25  1.00198e-20  7.17167e-26 -4.21966e-21 -3.04534e-26 -1.85099e-21  8.15439e-27  4.53876e-22  4.54117e-28  2.98657e-22 -2.12342e-27 -1.61759e-23  1.49407e-27 -3.54832e-23 -6.75033e-28 -4.12568e-24  2.09148e-28  2.46214e-24 -3.48424e-29  7.71143e-25 -4.54192e-30 -3.01522e-26  5.04458e-30 -5.29013e-26 -1.54274e-30 -8.26519e-27  1.89048e-31   8.8229e-28  1.83192e-32  4.73693e-28 -9.10245e-33  5.28734e-29  1.20243e-33 -3.75892e-30 -2.03366e-34 -1.65804e-30   3.9821e-35 -1.66148e-31  6.18131e-36 -2.65962e-34 -3.16004e-36  1.40451e-33  1.68463e-37  1.24432e-34  4.29961e-38  3.56325e-36 -3.57757e-39 -5.69527e-38 -8.99927e-41 -3.97007e-39  3.99391e-42
 3.40348e-36  2.25991e-30   1.7329e-34 -1.34319e-28 -1.30782e-34  4.23963e-27  5.05419e-34 -8.94176e-26  3.69002e-34  1.39284e-24  2.67622e-34 -1.69483e-23  1.21479e-34  1.66941e-22 -2.00766e-34 -1.36384e-21 -9.96352e-34  9.40289e-21  6.51829e-33 -5.54077e-20 -4.28941e-32  2.81692e-19  2.42109e-31 -1.24416e-18 -1.18093e-30  4.79753e-18  5.02004e-30 -1.62035e-17 -1.85976e-29  4.80182e-17  5.96095e-29 -1.24888e-16 -1.62132e-28  2.84703e-16  3.56182e-28 -5.67145e-16 -5.36461e-28  9.82037e-16  2.10229e-29 -1.46576e-15  3.53189e-27  1.86135e-15 -1.61609e-26 -1.96886e-15  5.04048e-26  1.67048e-15 -1.27433e-25 -1.04845e-15  2.75381e-25   3.7289e-16 -5.20153e-25  7.24146e-17  8.67598e-25 -1.88989e-16 -1.28285e-24  9.93224e-17  1.68043e-24  5.70641e-18 -1.94017e-24 -3.37828e-17  1.95225e-24  1.20639e-17 -1.67363e-24  5.44019e-18  1.16208e-24 -4.69425e-18 -5.60719e-25 -3.64479e-19  3.56909e-26   1.1682e-18  2.97298e-25 -4.77302e-20  -4.1391e-25  -2.3959e-19  3.69747e-25  1.51586e-20 -2.53037e-25  4.33544e-20  1.36842e-25 -5.97248e-22 -5.66568e-26 -6.71939e-21  1.52453e-26 -5.80249e-22  1.16952e-28   7.9852e-22 -3.08989e-27  1.79569e-22   2.1873e-27 -5.70785e-23 -9.73753e-28 -2.66904e-23  2.95307e-28  1.57974e-25 -4.69171e-29  2.04388e-24 -6.99863e-30  3.70445e-25  6.75254e-30 -4.84634e-26 -1.83617e-30 -2.73785e-26  1.61401e-31 -2.93137e-27  2.97792e-32  4.52704e-28 -6.43495e-33  1.60812e-28  6.05255e-35  1.45274e-29 -2.09937e-34 -8.80426e-31  8.08967e-35  -3.1935e-31  2.71594e-36 -2.73583e-32 -3.30925e-36 -3.54512e-34  1.70737e-37  9.87619e-35  3.81681e-38  6.74361e-36 -2.52982e-39  1.36852e-37 -5.81251e-41  9.36769e-41
-6.55215e-31  3.18397e-35  6.86929e-29  2.27034e-34 -2.85163e-27 -2.34982e-34  7.25539e-26  4.13055e-34 -1.30763e-24  2.67622e-34  1.79663e-23  1.75084e-34 -1.96687e-22 -5.95607e-35  1.76653e-21  5.23055e-34 -1.32855e-20 -7.28024e-33  8.49147e-20  5.20588e-32 -4.66324e-19 -3.23371e-31  2.21824e-18   1.7318e-30 -9.19397e-18 -8.08787e-30  3.33386e-17  3.31562e-29  -1.0603e-16 -1.19497e-28  2.96076e-16  3.77378e-28 -7.25554e-16 -1.03358e-27  1.55716e-15  2.39631e-27 -2.91508e-15 -4.42245e-27  4.72909e-15  5.18693e-27 -6.58076e-15  2.80341e-27  7.72925e-15 -3.91947e-26 -7.45764e-15  1.44017e-25  5.61372e-15 -3.82182e-25 -2.90103e-15  8.34432e-25  5.22939e-16 -1.56533e-24  6.49008e-16   2.5698e-24 -6.48368e-16 -3.72093e-24   1.8099e-16  4.75948e-24  1.13203e-16 -5.35945e-24 -1.06597e-16  5.26245e-24  7.18739e-18 -4.41731e-24  2.72099e-17  3.03555e-24 -8.59847e-18 -1.51239e-24 -5.05834e-18  2.49484e-25  2.68669e-18   5.1531e-25  8.53335e-19 -7.73244e-25 -5.84857e-19  6.84701e-25 -1.56069e-19 -4.56009e-25  9.83161e-20  2.38595e-25  3.09375e-20 -9.57761e-26 -1.20251e-20  2.55825e-26 -5.53818e-21  -6.7531e-28  7.80502e-22 -4.09844e-27  7.40357e-22  2.93655e-27  3.96065e-23 -1.29891e-27 -6.07372e-23  3.89196e-28 -1.41376e-23 -5.91729e-29  1.72987e-24 -1.01677e-29  1.20835e-24  8.50634e-30   1.3259e-25 -1.98382e-30 -3.14597e-26  8.06109e-32 -1.08194e-26  4.11829e-32 -8.39814e-28 -2.71565e-34  1.49854e-28 -1.67972e-33    4.036e-29 -2.10413e-34  3.10359e-30  1.22824e-34 -1.14459e-31 -1.01126e-36 -3.94283e-32 -3.09809e-36 -2.80441e-33  1.46632e-37 -5.19148e-35  2.98035e-38  2.71138e-36 -1.47634e-39   1.0974e-37 -2.55744e-41
 5.84305e-36 -2.68155e-29  7.50385e-35  1.60322e-27  2.24696e-34 -5.09145e-26 -3.15385e-34  1.08075e-24  2.74101e-34 -1.69483e-23  1.75084e-34  2.07689e-22  1.37122e-34 -2.06093e-21 -6.36744e-34  1.69682e-20  6.11894e-33 -1.17943e-19 -5.43567e-32  7.00972e-19  3.74363e-31 -3.59599e-18 -2.19765e-30  1.60341e-17  1.11843e-29 -6.24513e-17 -4.99221e-29  2.13177e-16  1.96678e-28 -6.38888e-16 -6.85502e-28  1.68168e-15   2.1109e-27  -3.8832e-15 -5.70839e-27  7.84326e-15  1.33678e-26 -1.37868e-14 -2.62652e-26   2.0922e-14  3.97954e-26 -2.70699e-14 -3.17025e-26  2.92655e-14  -5.7858e-26 -2.55165e-14  3.48457e-25  1.66596e-14  -1.0256e-24 -6.47788e-15  2.30319e-24 -6.60317e-16 -4.32271e-24  2.87866e-15  7.00781e-24 -1.70431e-15 -9.94955e-24  2.97504e-17  1.24292e-23  5.26419e-16 -1.36406e-23 -2.29601e-16  1.30478e-23 -7.07884e-17 -1.06891e-23  8.21917e-17  7.21946e-24 -1.95021e-19 -3.63189e-24 -1.97553e-17  8.10445e-25  2.36494e-18  8.17136e-25  4.01108e-18 -1.34223e-24 -5.88985e-19  1.17465e-24 -7.40732e-19 -7.58203e-25  7.03388e-20  3.81976e-25  1.21218e-19 -1.47807e-25  1.49499e-21  3.88434e-26 -1.58075e-20 -2.04575e-27 -2.35653e-21 -4.92499e-27  1.35252e-21  3.62053e-27  4.54737e-22 -1.61505e-27  -3.7603e-23  4.84882e-28 -4.19143e-23 -7.07585e-29 -5.28258e-24 -1.42018e-29  1.47401e-24  1.02254e-29  5.42459e-25 -1.92923e-30  3.56759e-26 -5.77402e-32 -1.32525e-26  4.99477e-32 -3.28581e-27  9.20269e-33  -2.0039e-28 -3.75473e-33  3.28647e-29 -2.04583e-34  7.18786e-30  1.55062e-34  4.80906e-31 -4.40952e-36 -5.68033e-33  -2.5383e-36  -2.7178e-33  1.08974e-37 -1.45948e-34  1.99563e-38 -2.25068e-36 -6.75089e-40  9.73027e-39
 6.94814e-30  1.29901e-35 -7.32469e-28  1.06741e-34  3.05937e-26  1.66283e-34 -7.83411e-25 -3.44823e-34  1.42147e-23  1.21479e-34 -1.96687e-22  1.37122e-34  2.16921e-21   3.0164e-34 -1.96344e-20 -4.55975e-33  1.48871e-19  4.71316e-32 -9.59692e-19 -3.76807e-31  5.31795e-18  2.45043e-30 -2.55375e-17 -1.36083e-29  1.06909e-16  6.58354e-29 -3.91782e-16 -2.80618e-28  1.26004e-15  1.06037e-27 -3.56059e-15 -3.56174e-27  8.83693e-15  1.06322e-26 -1.92257e-14 -2.81007e-26  3.65261e-14  6.51678e-26 -6.02194e-14 -1.30093e-25  8.53159e-14  2.13946e-25 -1.02282e-13 -2.54174e-25  1.01143e-13  7.78468e-26 -7.86346e-14  6.52459e-25  4.28694e-14 -2.43457e-24 -9.70252e-15  5.79376e-24 -8.06588e-15 -1.09929e-23  9.37829e-15   1.7673e-23 -3.15956e-15 -2.46452e-23  -1.3571e-15   3.0079e-23  1.61572e-15 -3.21547e-23 -2.25664e-16  2.99209e-23 -3.81774e-16 -2.38594e-23  1.58037e-16  1.57537e-23  6.41642e-17 -7.88353e-24 -4.65994e-17  2.01812e-24 -9.61773e-18  1.19663e-24  1.01398e-17 -2.18021e-24  1.70774e-18  1.87692e-24 -1.77402e-18 -1.16816e-24 -3.77082e-19  5.63383e-25  2.38983e-19 -2.08782e-25   7.7985e-20  5.36228e-26 -2.04419e-20 -4.05844e-27 -1.19643e-20 -5.26671e-27    2.128e-22  4.09367e-27  1.15084e-21 -1.88985e-27  1.89219e-22  5.79623e-28  -4.9024e-23 -8.12093e-29 -2.12956e-23 -1.93866e-29 -1.29385e-24  1.18911e-29  7.66279e-25 -1.65174e-30  1.89818e-25   -2.436e-31  7.48155e-27   5.2939e-32 -3.90227e-27  2.08355e-32 -7.55075e-28 -5.75941e-33 -3.96247e-29 -1.86483e-34  4.54857e-30  1.69293e-34   8.4231e-31  -7.1417e-36  4.76772e-32 -1.76669e-36  2.37205e-34  7.24455e-38 -7.91593e-35  1.10843e-38 -2.34171e-36 -2.11811e-40
 6.82646e-36  2.57269e-28   2.1296e-35 -1.54757e-26   1.0802e-34  4.94642e-25  7.51169e-35 -1.05706e-23 -3.18798e-34  1.66941e-22 -5.95607e-35 -2.06093e-21   3.0164e-34  2.06102e-20  1.71518e-33 -1.71076e-19 -3.25318e-32  1.19933e-18  3.22134e-31 -7.19234e-18  -2.3991e-30  3.72473e-17  1.47092e-29 -1.67745e-16 -7.73545e-29  6.60257e-16  3.55879e-28 -2.27901e-15 -1.44796e-27  6.91128e-15  5.24162e-27 -1.84221e-14 -1.69316e-26  4.31151e-14  4.88219e-26 -8.83552e-14 -1.25366e-25  1.57777e-13  2.84898e-25 -2.43626e-13  -5.6564e-25   3.2143e-13  9.54894e-25 -3.55488e-13 -1.28216e-24    3.188e-13  1.06742e-24  -2.1663e-13  5.96298e-25  9.15985e-14 -4.97064e-24  1.76819e-15  1.32523e-23 -3.54394e-14 -2.58077e-23  2.37568e-14  4.13719e-23 -2.12843e-15 -5.67842e-23 -6.58771e-15  6.77438e-23  3.49801e-15 -7.05123e-23  6.61296e-16  6.37525e-23 -1.15858e-15 -4.93721e-23  9.69496e-17  3.17312e-23  2.67056e-16 -1.56251e-23 -5.58146e-17  4.25955e-24 -5.32126e-17  1.64216e-24  1.31848e-17 -3.33633e-24  9.98801e-18  2.80649e-24  -1.9314e-18 -1.67358e-24 -1.72791e-18  7.67029e-25  1.23798e-19 -2.69984e-25  2.46975e-19  6.74119e-26   1.8396e-20 -6.72732e-27 -2.45529e-20 -4.78188e-27 -5.89663e-21  4.22136e-27  1.14564e-21 -2.10772e-27  6.73593e-22  6.76126e-28  4.68491e-23 -9.04867e-29 -3.16591e-23 -2.60874e-29 -8.35637e-24  1.35197e-29 -1.43937e-25 -1.17395e-30  2.81957e-25 -4.50346e-31  5.20847e-26   4.7078e-32  1.37709e-27  3.26773e-32 -8.00822e-28  -7.2686e-33    -1.26e-28 -1.47576e-34  -6.0142e-30  1.62759e-34   3.4887e-31 -9.01585e-36  5.67962e-32 -9.91669e-37  2.44434e-33   4.5153e-38  2.34262e-35  4.83594e-39 -4.01099e-37
-6.03343e-29  1.07818e-35  6.39939e-27  3.01794e-35 -2.69013e-25  8.17608e-35  6.93516e-24 -2.71034e-35 -1.26727e-22 -2.00766e-34  1.76653e-21 -6.36744e-34 -1.96344e-20  1.71518e-33  1.79171e-19  1.16835e-32 -1.37016e-18  -2.1728e-31  8.91234e-18  2.01524e-30 -4.98545e-17  -1.4076e-29  2.41801e-16  8.14595e-29 -1.02293e-15 -4.06076e-28  3.79043e-15  1.77732e-27 -1.23347e-14 -6.90167e-27  3.52926e-14  2.39179e-26 -8.87658e-14 -7.41957e-26  1.95899e-13  2.06182e-25 -3.77976e-13 -5.12467e-25  6.33772e-13  1.13408e-24 -9.14908e-13 -2.21369e-24  1.12057e-12  3.74092e-24 -1.13669e-12 -5.25346e-24  9.13487e-13  5.45871e-24 -5.25095e-13 -2.02181e-24  1.42724e-13 -8.08603e-24  7.95589e-14  2.73829e-23 -1.11666e-13 -5.60176e-23  4.45926e-14  9.01855e-23  1.23419e-14 -1.22134e-22  -2.0061e-14  1.42517e-22  4.32523e-15 -1.44387e-22  4.30588e-15  1.26705e-22  -2.3221e-15 -9.51078e-23 -6.14446e-16  5.92807e-23  6.52577e-16 -2.84826e-23  6.95553e-17  7.92172e-24 -1.41644e-16  2.16108e-24  -1.0815e-17 -4.84104e-24  2.56363e-17  3.94399e-24  3.08486e-18 -2.23587e-24  -3.7395e-18  9.64346e-25 -8.25998e-19 -3.18582e-25   3.8214e-19  7.69672e-26  1.52208e-19 -1.00528e-26  -1.6429e-20 -3.14898e-27   -1.729e-20  3.91826e-27 -1.71422e-21 -2.27925e-27  9.72844e-22   7.8251e-28  2.95188e-22 -9.87594e-29  7.86556e-25 -3.45623e-29 -1.41037e-23  1.50915e-29 -2.59212e-24 -5.57698e-31   2.5294e-26 -6.38066e-31  7.56764e-26  3.04026e-32  1.10549e-26  4.24516e-32  2.56899e-28 -7.97505e-33 -1.09187e-28 -8.37106e-35 -1.41538e-29  1.38995e-34 -6.02948e-31 -9.85433e-36  1.04651e-32 -3.94806e-37  1.68981e-33  2.71464e-38  3.92431e-35  1.45112e-39
-9.02901e-36 -2.04449e-27  1.34799e-35  1.23778e-25  4.02357e-35   -3.983e-24  4.95931e-35  8.57208e-23 -1.87967e-34 -1.36384e-21  5.23055e-34  1.69682e-20 -4.55975e-33 -1.71076e-19  1.16835e-32  1.43221e-18  7.68115e-32  -1.0131e-17 -1.34119e-30  6.13311e-17  1.16387e-29 -3.20787e-16 -7.64678e-29  1.45987e-15  4.18306e-28 -5.80996e-15 -1.97851e-27  2.02898e-14  8.24197e-27 -6.22979e-14 -3.05457e-26  1.68262e-13  1.01293e-25 -3.99398e-13 -3.01474e-25  8.31014e-13  8.06108e-25 -1.50865e-12 -1.93452e-24  2.37225e-12  4.15213e-24 -3.19433e-12 -7.91319e-24  3.61731e-12  1.32065e-23 -3.33966e-12 -1.87642e-23  2.36307e-12  2.11939e-23 -1.08164e-12 -1.47266e-23   6.0489e-14 -7.52236e-24  3.59994e-13  5.03788e-23 -2.75656e-13 -1.12472e-22  4.42703e-14  1.83562e-22  6.73932e-14 -2.45994e-22 -4.38532e-14  2.80962e-22 -3.67986e-15 -2.76977e-22  1.34422e-14  2.35671e-22 -2.28622e-15 -1.71154e-22 -2.93621e-15  1.03128e-22  9.30033e-16 -4.80098e-23   5.6586e-16  1.32323e-23 -2.15531e-16  2.81585e-24 -1.07284e-16 -6.70015e-24  3.48863e-17  5.23039e-24  1.97164e-17 -2.79226e-24 -3.48056e-18  1.11783e-24 -3.10638e-18 -3.39857e-25  1.97553e-20  7.89777e-26  3.54615e-19 -1.40586e-26  5.63896e-20 -1.32365e-28 -2.23254e-20  3.17656e-27 -8.61973e-21 -2.44174e-27 -3.85312e-23  9.09331e-28  5.22441e-22 -1.05991e-28  1.00422e-22 -4.46981e-29  -4.9088e-24  1.64764e-29 -4.65469e-24  1.09298e-31 -6.41739e-25 -7.62937e-31   1.3539e-26   3.2574e-33  1.46126e-26  4.82056e-32  1.74432e-27 -7.78563e-33  4.38631e-29 -1.28705e-36 -8.94645e-30  1.05757e-34 -9.36873e-31  -9.5188e-36 -3.16194e-32 -5.32082e-38 -3.93941e-35  1.49247e-38  9.60263e-36
 4.37962e-28 -1.60768e-35 -4.67528e-26   1.5139e-35  1.97866e-24  4.89144e-35 -5.13717e-23  8.25739e-35  9.45703e-22 -9.96352e-34 -1.32855e-20  6.11894e-33  1.48871e-19 -3.25318e-32 -1.37016e-18  7.68115e-32  1.05724e-17  4.70369e-31 -6.94203e-17 -7.66546e-30  3.92198e-16  6.23782e-29 -1.92217e-15 -3.86338e-28  8.22171e-15  2.00049e-27 -3.08218e-14 -8.98535e-27  1.01543e-13  3.56407e-26 -2.94369e-13 -1.26071e-25  7.50795e-13   3.9992e-25 -1.68196e-12 -1.14119e-24  3.29824e-12   2.9328e-24 -5.62903e-12 -6.78367e-24  8.28702e-12  1.40829e-23 -1.03787e-11  -2.6087e-23  1.08099e-11  4.26487e-23 -8.98715e-12 -6.02536e-23  5.44453e-12  7.02365e-23 -1.72556e-12   -5.894e-23 -6.17835e-13  1.16124e-23  1.11555e-12  7.98888e-23 -5.22455e-13 -2.08728e-22 -7.87391e-14  3.49688e-22  2.07808e-13 -4.65281e-22 -6.19813e-14   5.2054e-22 -3.92723e-14 -4.99169e-22  2.80439e-14   4.1142e-22  4.08132e-15 -2.88594e-22 -7.53697e-15  1.67607e-22  -8.0635e-17 -7.51394e-23  1.62547e-15  2.00646e-23 -2.67989e-17  3.75281e-24 -3.02835e-16 -8.89003e-24 -8.87119e-18  6.57243e-24  4.73859e-17 -3.26724e-24  6.04425e-18  1.18916e-24 -5.54755e-18 -3.20459e-25 -1.51504e-18  7.07869e-26  3.63869e-19 -1.87968e-26  2.09316e-19  4.36083e-27  6.04917e-21  2.07572e-27 -1.48579e-20 -2.64954e-27 -3.21163e-21  1.06433e-27  2.49103e-22   -1.115e-28  2.05224e-22 -5.57905e-29  2.71195e-23  1.74051e-29  -2.3361e-24  7.32536e-31 -1.15297e-24 -7.90659e-31 -1.25895e-25 -3.10436e-32  2.31048e-27  4.89204e-32  1.93439e-27 -6.83516e-33   1.8958e-28  8.23261e-35  5.10363e-30   7.1528e-35 -3.60238e-31 -8.07336e-36 -2.81562e-32  6.90613e-38 -5.22076e-34  6.18958e-39
-7.33442e-37  1.36925e-26 -1.89374e-35 -8.34588e-25  1.77502e-35  2.70466e-23   1.7781e-35 -5.86418e-22  7.21908e-34  9.40289e-21 -7.28024e-33 -1.17943e-19  4.71316e-32  1.19933e-18  -2.1728e-31  -1.0131e-17  4.70369e-31  7.23422e-17  2.67374e-30 -4.42305e-16 -4.07279e-29  2.33768e-15  3.11566e-28 -1.07561e-14 -1.82246e-27  4.33061e-14  8.94382e-27 -1.53103e-13 -3.81777e-26  4.76243e-13  1.44245e-25 -1.30423e-12 -4.87011e-25  3.14202e-12  1.47748e-24 -6.64253e-12 -4.04012e-24  1.22695e-11  9.97075e-24 -1.96632e-11    -2.22e-23  2.70471e-11  4.44894e-23 -3.13909e-11 -7.98537e-23  2.98639e-11  1.27211e-22 -2.20149e-11 -1.76878e-22  1.08668e-11  2.07446e-22 -1.36341e-12 -1.88091e-22 -3.05247e-12  8.92931e-23  2.70869e-12  9.99791e-23 -6.28814e-13 -3.57193e-22 -5.67167e-13  6.24829e-22  4.61103e-13 -8.28567e-22  -6.2026e-15  9.08631e-22 -1.30119e-13 -8.47265e-22  3.47144e-14  6.75783e-22  2.63911e-14  -4.5711e-22 -1.20943e-14  2.55171e-22 -4.78734e-15 -1.09541e-22  2.77854e-15  2.77869e-23  9.06209e-16  5.19387e-24 -4.79981e-16 -1.13508e-23 -1.79179e-16  7.85969e-24  5.83936e-17 -3.59211e-24  3.16527e-17  1.14953e-24 -3.30571e-18 -2.51586e-25 -4.15873e-18  5.08977e-26 -3.36732e-19 -2.43145e-26  3.27602e-19  1.02435e-26  8.76276e-20  7.72879e-28 -7.22279e-21 -2.95709e-27 -6.88187e-21  1.24669e-27 -9.11842e-22 -1.13724e-28  1.46667e-22 -6.65014e-29  6.14887e-23  1.75213e-29  5.92329e-24   1.2312e-30 -6.14106e-25  -7.0919e-31 -2.10458e-25 -6.66693e-32  -1.8897e-26  4.48304e-32  1.26792e-28 -5.41677e-33  1.60094e-28  1.45582e-34  1.24073e-29  4.25728e-35   3.0082e-31  -5.8979e-36 -4.27489e-33  6.74394e-38  -1.6932e-34
-2.69702e-27 -3.01033e-36  2.89862e-25 -1.82576e-35 -1.23547e-23  4.17786e-35  3.23153e-22 -4.53119e-34 -5.99539e-21  6.51829e-33  8.49147e-20 -5.43567e-32 -9.59692e-19  3.22134e-31  8.91234e-18 -1.34119e-30 -6.94203e-17  2.67374e-30  4.60364e-16  1.41448e-29 -2.62811e-15 -2.01949e-28  1.30225e-14  1.45572e-27 -5.63494e-14 -8.05525e-27  2.13842e-13  3.75077e-26 -7.13685e-13 -1.52258e-25  2.09759e-12  5.48132e-25   -5.429e-12 -1.76644e-24  1.23551e-11  5.12396e-24 -2.46425e-11 -1.34207e-23  4.28432e-11   3.1785e-23 -6.43805e-11 -6.80548e-23  8.25266e-11  1.31465e-22 -8.83424e-11 -2.28131e-22  7.60438e-11  3.52839e-22 -4.85334e-11 -4.79638e-22  1.75666e-11  5.57827e-22  3.57604e-12 -5.21578e-22 -9.47014e-12  3.16584e-22  5.17744e-12  6.48949e-23  2.14813e-13 -5.60946e-22 -1.81659e-12  1.04931e-21  7.12311e-13 -1.39251e-21    2.857e-13  1.49775e-21 -2.83525e-13 -1.35741e-21 -1.06891e-14  1.04667e-21  7.27377e-14 -6.81581e-22 -6.41008e-15  3.64709e-22 -1.54843e-14 -1.49113e-22  1.82819e-15  3.52586e-23  2.95501e-15  7.36562e-24  -2.0517e-16 -1.39751e-23 -4.93811e-16  8.99045e-24 -1.73367e-17 -3.72736e-24  6.49783e-17  9.88698e-25  1.12296e-17 -1.30944e-25 -5.46879e-18  1.91341e-26 -2.04447e-18 -3.06058e-26  1.18297e-19  1.72344e-26  1.81762e-19 -5.20251e-28  2.63711e-20 -3.40008e-27 -5.72051e-21  1.44321e-27 -2.41052e-21 -1.10411e-28 -1.99593e-22 -7.50675e-29  4.99874e-23  1.65056e-29   1.4135e-23  1.55541e-30  1.05754e-24 -5.35053e-31 -1.01099e-25 -9.68892e-32 -2.69737e-26  3.72957e-32 -2.00947e-27 -3.86775e-33 -1.18485e-29  1.73055e-34  6.97221e-30  2.17483e-35   3.7684e-31 -3.59507e-36  5.40635e-33  3.02457e-38
 3.78137e-37 -7.82622e-26 -6.70139e-36  4.80421e-24 -2.39277e-35 -1.56852e-22   3.2779e-34  3.42743e-21 -5.00916e-33 -5.54077e-20  5.20588e-32  7.00972e-19 -3.76807e-31 -7.19234e-18  2.01524e-30  6.13311e-17 -7.66546e-30 -4.42305e-16  1.41448e-29  2.73259e-15  6.98876e-29 -1.46015e-14 -9.37858e-28  6.79643e-14  6.38362e-27 -2.76994e-13 -3.34664e-26  9.91978e-13  1.47994e-25 -3.12813e-12  -5.7163e-25   8.6922e-12   1.9612e-24 -2.12684e-11 -6.03244e-24  4.57217e-11   1.6727e-23 -8.59983e-11 -4.19475e-23  1.40591e-10  9.52835e-23 -1.97733e-10  -1.9603e-22  2.35431e-10  3.64615e-22 -2.31017e-10 -6.10696e-22  1.77518e-10    9.146e-22 -9.41902e-11 -1.20996e-21  1.79603e-11  1.38273e-21  2.16702e-11 -1.30114e-21 -2.28172e-11  8.75939e-22  6.98449e-12 -1.24835e-22  3.89562e-12 -8.01191e-22 -4.12029e-12  1.65946e-21  4.45381e-13 -2.21363e-21  1.05729e-12  2.33617e-21 -4.04132e-13 -2.05668e-21 -1.91828e-13  1.53144e-21   1.2825e-13 -9.58407e-22  3.08155e-14  4.90188e-22  -2.9291e-14  -1.8986e-22  -5.6555e-15  4.10463e-23  5.31222e-15  1.03626e-23  1.24804e-15 -1.65954e-23 -7.33287e-16  9.89994e-24 -2.58407e-16 -3.68054e-24  6.26559e-17  7.19266e-25  3.98864e-17  3.71204e-26 -1.90788e-19 -2.34472e-26 -3.82916e-18 -3.75904e-26 -6.84054e-19  2.48645e-26  1.54735e-19 -1.56745e-27  7.35529e-20 -3.98044e-27  5.42466e-21  1.62826e-27 -2.44505e-21 -9.93279e-29 -6.57191e-22  -7.9728e-29 -3.46345e-23  1.42238e-29  1.15323e-23  1.69544e-30  2.44519e-24 -3.09494e-31  1.51368e-25 -1.16215e-31 -9.97632e-27  2.82715e-32 -2.22021e-27 -2.46564e-33 -1.31705e-28  1.62778e-34 -1.65906e-30  8.98998e-36  1.08663e-31 -1.72603e-36  2.35681e-33
 1.42431e-26  2.62337e-36 -1.54168e-24 -1.20615e-35  6.62016e-23 -1.43811e-34 -1.74516e-21  3.31579e-33  3.26435e-20 -4.28941e-32 -4.66324e-19  3.74363e-31  5.31795e-18  -2.3991e-30 -4.98545e-17  1.16387e-29  3.92198e-16 -4.07279e-29 -2.62811e-15  6.98876e-29  1.51686e-14  3.23609e-28 -7.60336e-14 -4.09248e-27   3.3303e-13   2.6354e-26 -1.28017e-12  -1.3107e-25  4.33102e-12  5.50919e-25 -1.29146e-11 -2.02557e-24  3.39445e-11  6.62372e-24 -7.85351e-11 -1.94435e-23  1.59455e-10   5.1522e-23 -2.82659e-10 -1.23658e-22   4.3396e-10  2.69261e-22 -5.69916e-10 -5.31943e-22  6.27646e-10  9.51823e-22 -5.59852e-10 -1.53677e-21  3.76326e-10  2.22417e-21 -1.53201e-10  -2.8541e-21 -1.19369e-11    3.185e-21  6.88448e-11 -2.97258e-21 -4.39871e-11  2.09361e-21  2.52371e-12 -6.50126e-22  1.34732e-11 -1.02308e-21 -6.79754e-12  2.47652e-21 -1.56391e-12 -3.33552e-21  2.42787e-12  3.45454e-21 -1.62658e-13 -2.95214e-21 -5.90094e-13  2.12021e-21  1.16986e-13 -1.27268e-21  1.22605e-13  6.20216e-22 -2.94879e-14  -2.2633e-22 -2.38235e-14  4.38543e-23  4.50125e-15  1.39764e-23  4.25168e-15 -1.89767e-23 -2.89184e-16  1.05829e-23 -6.25243e-16  -3.5123e-24 -4.96807e-17  3.74266e-25  6.35123e-17  2.43032e-25  1.57716e-17 -7.46615e-26 -2.94435e-18 -4.51386e-26 -1.81062e-18  3.25002e-26 -1.38178e-19 -2.14252e-27  8.31881e-20 -4.65895e-27   2.2925e-20  1.76854e-27  6.15784e-22 -7.93152e-29 -7.20921e-22 -7.92388e-29 -1.40073e-22  1.08313e-29 -5.10906e-24  1.67957e-30  1.81852e-24 -8.51815e-32  3.03481e-25 -1.22067e-31  1.60721e-26  1.96177e-32 -4.93238e-28 -1.37277e-33 -9.96954e-29  1.26089e-34 -4.08186e-30  2.54991e-36  -4.0059e-32 -5.66362e-37
 4.13784e-37  3.85327e-25  8.96395e-36 -2.38308e-23 -2.50762e-36  7.84155e-22 -1.66751e-33 -1.72759e-20  3.01907e-32  2.81692e-19 -3.23371e-31 -3.59599e-18  2.45043e-30  3.72473e-17  -1.4076e-29 -3.20787e-16  6.23782e-29  2.33768e-15 -2.01949e-28 -1.46015e-14  3.23609e-28  7.89276e-14  1.40879e-27 -3.71868e-13 -1.68303e-26  1.53514e-12  1.02716e-25 -5.57271e-12  -4.8519e-25  1.78276e-11  1.93972e-24 -5.03011e-11 -6.79059e-24  1.25106e-10  2.11641e-23 -2.73707e-10 -5.92751e-23  5.24699e-10  1.50048e-22 -8.75839e-10 -3.44518e-22  1.26074e-09  7.18781e-22 -1.54155e-09  -1.3628e-21   1.5617e-09  2.34422e-21  -1.2516e-09 -3.64486e-21   7.1194e-10  5.09016e-21 -1.79885e-10 -6.31972e-21 -1.27714e-10  6.85562e-21  1.66156e-10 -6.28544e-21  -6.3939e-11  4.49238e-21 -2.10696e-11 -1.79441e-21  3.15574e-11 -1.12616e-21 -6.46423e-12  3.49526e-21 -7.19476e-12 -4.77353e-21  3.82961e-12    4.851e-21  1.07872e-12 -4.02073e-21 -1.13474e-12   2.7813e-21 -1.25709e-13 -1.59742e-21  2.57296e-13  7.38872e-22  1.94783e-14 -2.52584e-22 -4.85124e-14  4.30576e-23 -5.72487e-15   1.7554e-23  7.37083e-15 -2.08258e-23  1.61124e-15  1.11031e-23 -7.85273e-16 -3.32656e-24 -3.10297e-16 -1.31374e-27  3.56792e-17  4.73979e-25  3.64714e-17 -1.31141e-25  3.58378e-18 -5.31197e-26 -2.09198e-18  3.93891e-26 -6.37068e-19 -2.06957e-27 -3.13447e-21 -5.35737e-27  3.01222e-20   1.8315e-27  5.63384e-21 -5.12629e-29 -1.53334e-23  -7.3289e-29 -1.53277e-22  6.77697e-30 -2.29415e-23  1.56035e-30 -6.89261e-25  9.12501e-32  1.86186e-25 -1.15234e-31   2.4746e-26  1.25627e-32  1.08513e-27 -6.34595e-34 -5.95471e-30  8.06666e-35 -1.70972e-30  1.51141e-37 -2.65466e-32
-6.50195e-26 -1.14017e-36  7.09058e-24  3.85722e-35 -3.06872e-22  4.60332e-34  8.15626e-21  -1.7318e-32 -1.53884e-19  2.42109e-31  2.21824e-18 -2.19765e-30 -2.55375e-17  1.47092e-29  2.41801e-16 -7.64678e-29 -1.92217e-15  3.11566e-28  1.30225e-14 -9.37858e-28 -7.60336e-14  1.40879e-27  3.85781e-13  5.78316e-27 -1.71151e-12 -6.54119e-26  6.66865e-12  3.78947e-25 -2.28865e-11 -1.70178e-24  6.92897e-11  6.47435e-24 -1.85094e-10  -2.1584e-23  4.35729e-10  6.41052e-23 -9.01385e-10 -1.71245e-22  1.63067e-09  4.13924e-22 -2.56032e-09 -9.08762e-22  3.44845e-09  1.81577e-21 -3.91117e-09 -3.30242e-21  3.61834e-09  5.45794e-21 -2.56114e-09 -8.16593e-21  1.15925e-09  1.09906e-20 -3.29531e-11 -1.31762e-20 -4.29819e-10  1.38464e-20  3.23507e-10 -1.23854e-20  -4.8732e-11  8.81959e-21 -8.46577e-11 -3.94062e-21  5.49557e-11 -9.68249e-22  4.99326e-12  4.67649e-21 -1.77181e-11 -6.50015e-21   3.1229e-12  6.47888e-21  4.01582e-12 -5.20375e-21   -1.338e-12  3.46112e-21  -7.9764e-13  -1.8957e-21  3.25649e-13  8.27771e-22  1.56311e-13 -2.63432e-22 -5.56908e-14  3.91559e-23 -2.99811e-14  1.99578e-23   6.0175e-15 -2.18258e-23  4.96223e-15  1.15847e-23 -1.06066e-16 -3.24573e-24 -5.95777e-16 -3.62107e-25 -8.87636e-17  7.15434e-25  3.96164e-17 -1.88178e-25  1.46673e-17 -6.14126e-26 -4.59417e-20  4.47393e-26  -9.1947e-19 -1.26806e-27  -1.7302e-19 -5.97019e-27  8.85079e-21   1.7949e-27  8.01827e-21 -1.84899e-29  1.10038e-21 -6.26582e-29 -1.81655e-23  2.69711e-30 -2.31902e-23  1.39413e-30 -2.75893e-24  1.93407e-31 -7.92846e-26 -9.90753e-32  1.10052e-26  7.52588e-33  1.12944e-27 -2.11462e-34  3.52071e-29  4.16937e-35   1.3122e-31  -2.4972e-37
 2.08702e-36 -1.64535e-24 -2.84552e-35  1.02561e-22  1.13619e-34 -3.40268e-21  7.16131e-33  7.56154e-20 -1.53216e-31 -1.24416e-18   1.7318e-30  1.60341e-17 -1.36083e-29 -1.67745e-16  8.14595e-29  1.45987e-15 -3.86338e-28 -1.07561e-14  1.45572e-27  6.79643e-14 -4.09248e-27 -3.71868e-13  5.78316e-27  1.77463e-12  2.24477e-26 -7.42559e-12 -2.40883e-25  2.73433e-11  1.32654e-24  -8.8807e-11  -5.6685e-24  2.54635e-10  2.05297e-23 -6.44281e-10  -6.5174e-23  1.43579e-09  1.84406e-22 -2.80788e-09 -4.69618e-22  4.79035e-09  1.08332e-21  -7.0648e-09   -2.273e-21  8.88053e-09   4.3474e-21 -9.29781e-09 -7.58146e-21  7.77642e-09  1.20334e-20 -4.73158e-09 -1.73142e-20  1.47789e-09  2.24373e-20  6.05596e-10 -2.59317e-20 -1.05131e-09  2.63235e-20  4.95693e-10 -2.28515e-20  7.89997e-11  1.60135e-20  -2.0807e-10 -7.52401e-21  6.43756e-11 -3.90229e-22  4.03527e-11  5.94636e-21 -3.03819e-11 -8.43539e-21 -3.97168e-12  8.24207e-21  8.47659e-12 -6.40968e-21 -8.31521e-14  4.09003e-21 -1.89847e-12 -2.12544e-21  7.78302e-14  8.68842e-22  3.69398e-13 -2.55564e-22  1.58962e-15  3.39616e-23 -6.09062e-14  1.96772e-23 -6.35835e-15 -2.16962e-23  7.59873e-15  1.21854e-23    1.886e-15 -3.37727e-24 -5.49581e-16 -6.72843e-25 -2.83981e-16  9.51676e-25 -3.16166e-18 -2.39779e-25  2.15193e-17 -6.98342e-26  4.35183e-18  4.78388e-26  -4.1574e-19  2.07573e-28 -2.94101e-19 -6.38457e-27 -3.70132e-20  1.65418e-27  3.48227e-21  1.38147e-29  1.59311e-21   -4.904e-29  1.69218e-22 -7.66152e-31 -2.70562e-24  1.22252e-30 -2.36529e-24  2.20375e-31 -2.23185e-25 -7.80519e-32  -6.1245e-27   4.2926e-33  2.92566e-28 -1.93358e-35  2.03856e-29  1.64329e-35  2.41995e-31
