 1.96365e-08 -1.30677e-22 -2.55446e-07   3.1226e-21   1.1611e-06 -2.03705e-20 -2.74058e-06   6.8091e-20  3.60186e-06 -1.38268e-19 -2.34759e-06  1.81216e-19  1.63923e-07 -1.51942e-19  6.09394e-07  6.79708e-20 -7.94272e-08  1.29507e-20 -1.69512e-07 -5.54456e-20 -1.19053e-08  5.95153e-20  3.96461e-08 -3.91237e-20   1.6713e-08  1.17901e-20 -2.66308e-09  7.16521e-21 -5.01817e-09 -1.19772e-20 -1.84989e-09  6.98266e-21  1.06614e-10 -8.96779e-22    4.309e-10 -1.03425e-21  2.19022e-10  1.31925e-22  4.55806e-11  5.48417e-22 -1.18416e-11 -4.13726e-22  -1.4466e-11   1.5343e-22 -6.64445e-12 -2.63793e-23 -1.76639e-12 -1.84492e-23 -1.09509e-13   1.7013e-23  1.66811e-13  -3.5673e-24  1.08819e-13  2.09514e-25  4.22883e-14 -8.33749e-25   1.1825e-14  7.60504e-26  2.22546e-15  2.06845e-25  9.41069e-17  1.51225e-26  -1.3941e-16 -2.25019e-26 -7.67016e-17 -1.45737e-26 -2.69957e-17  2.71072e-27 -7.53806e-18  1.79678e-27 -1.76349e-18 -3.20932e-30 -3.48785e-19  -6.0347e-29 -5.67711e-20  -1.4423e-29 -6.80535e-21    6.714e-30 -2.72751e-22  2.38678e-30  1.48813e-22 -2.82174e-30  5.94474e-23 -1.53148e-30    1.484e-23 -4.56957e-32  2.98722e-24  1.53035e-31  5.18996e-25  3.52149e-32  8.00102e-26 -2.60253e-33  1.10915e-26 -1.20422e-33  1.39185e-27   2.1436e-34  1.58584e-28  1.14103e-34  1.64161e-29  1.39246e-35  1.54226e-30 -6.85149e-36  1.31159e-31  -4.1147e-36  1.00567e-32 -5.80707e-37  6.91415e-34  1.30176e-37  4.23184e-35  5.37207e-38  2.28386e-36  5.72532e-39  1.07265e-37 -2.01218e-40  4.29724e-39 -1.00759e-40   1.4294e-40 -9.19011e-42  3.82988e-42 -3.25422e-43  8.28262e-44 -1.85234e-45  1.51814e-45  9.02379e-47  1.97716e-47  6.36279e-48
-1.30677e-22  3.82068e-07 -1.94238e-21 -2.78801e-06  3.19695e-20  9.42246e-06 -1.65087e-19 -1.76662e-05  4.60393e-19  1.83831e-05  -7.9856e-19 -8.23094e-06  9.00193e-19 -1.89007e-06 -6.39966e-19  2.65828e-06  2.13181e-19  4.91292e-07  1.13859e-19 -6.62134e-07 -2.50771e-19  -2.7428e-07  2.37495e-19  8.72391e-08 -1.41137e-19  9.97523e-08   3.3479e-20  2.08434e-08  3.26928e-20 -1.33411e-08 -4.46042e-20 -1.12202e-08  2.25198e-20 -3.05219e-09 -1.58886e-22  6.04663e-10 -4.76757e-21  9.29247e-10  4.24688e-22   4.2352e-10  1.77516e-21   8.5347e-11 -1.16168e-21 -1.95921e-11  4.19409e-22 -2.48574e-11  -8.2107e-23 -1.17802e-11 -5.65795e-23 -3.47812e-12  4.63297e-23  -4.9716e-13  -3.4885e-24  1.35011e-13 -3.79319e-25  1.31812e-13  -3.3189e-24  5.85362e-14  4.29335e-27   1.8749e-14  7.23345e-25  4.59169e-15  1.49305e-25  7.91609e-16 -8.17991e-26  4.22431e-17 -5.30469e-26 -3.49458e-17  5.93687e-27 -1.87667e-17  5.87272e-27 -6.27739e-18  4.49799e-28  -1.6761e-18 -2.20122e-28 -3.81486e-19 -5.73992e-29 -7.58098e-20  3.89082e-29 -1.32352e-20  1.10388e-29 -2.01515e-21 -1.10637e-29 -2.60408e-22 -5.99525e-30 -2.63951e-23 -3.02698e-31 -1.47713e-24  4.88936e-31  1.55264e-25  1.15476e-31  6.83808e-26 -3.94809e-33  1.41421e-26 -2.36934e-33  2.24106e-27  9.02407e-34  2.99177e-28  4.48747e-34  3.47918e-29  4.67182e-35  3.57345e-30 -3.66192e-35  3.25773e-31 -1.69648e-35  2.63582e-32 -1.87992e-36  1.88584e-33  4.85488e-37  1.18498e-34  1.69948e-37  6.47151e-36  1.73496e-38   3.0258e-37 -2.78569e-40  1.18403e-38 -2.20588e-40  3.75374e-40  -2.0482e-41  9.26425e-42  -8.5622e-43  1.73557e-43 -1.92779e-44  2.44595e-45 -1.69779e-46  1.85096e-47
-2.55446e-07 -1.94238e-21  3.62703e-06  -1.6293e-20 -1.81682e-05  2.02227e-19  4.79808e-05  -8.5475e-19 -7.26137e-05  2.02172e-18  5.89998e-05 -3.02062e-18 -1.45407e-05  2.93718e-18 -1.23667e-05 -1.76039e-18  5.72919e-06  3.89896e-19  3.63592e-06  4.65335e-19 -1.03502e-06 -7.44798e-19 -1.22103e-06  6.38216e-19 -1.22306e-07 -3.45378e-19  2.58389e-07   6.2529e-20  1.41031e-07  9.51239e-20  6.87089e-09 -1.13707e-19  -2.7844e-08  4.94435e-20 -1.62955e-08  6.70695e-21 -3.37408e-09 -1.34907e-20  1.22617e-09  5.96576e-22  1.33165e-09   3.8328e-21   5.7069e-10 -2.14015e-21  1.19443e-10  8.27344e-22 -1.74903e-11 -1.92621e-22 -2.77444e-11  -1.3377e-22 -1.39064e-11  8.78256e-23 -4.53112e-12  1.02249e-23 -9.34881e-13 -1.23051e-24 -2.27731e-14 -9.30621e-24  8.35972e-14 -8.93117e-25  4.69722e-14  1.76443e-24  1.71549e-14  5.66212e-25  4.88455e-15  -1.8115e-25  1.11969e-15 -1.32236e-25  1.97804e-16  6.12595e-27  2.07111e-17  1.31177e-26  -2.0823e-18  1.67002e-27 -1.92901e-18 -6.01121e-28 -6.76125e-19 -1.19842e-28  -1.7795e-19  1.45752e-28 -3.94071e-20  3.68416e-29 -7.64607e-21 -2.99479e-29 -1.32369e-21  -1.6315e-29 -2.06228e-22 -1.19408e-30 -2.90092e-23  1.02325e-30 -3.68237e-24  2.52993e-31 -4.20126e-25  6.24487e-34 -4.27241e-26 -1.19473e-33 -3.81423e-27  3.27367e-33 -2.90373e-28  1.36863e-33 -1.76455e-29  8.60824e-35 -6.82917e-31 -1.26278e-34  1.08093e-32 -4.69243e-35   5.1324e-33 -4.22981e-36   5.8503e-34  1.19097e-36  4.62019e-35  3.68365e-37  2.84897e-36  3.65553e-38  1.40549e-37  3.59319e-41  5.48409e-39 -3.17514e-40   1.6322e-40 -3.03016e-41  3.58027e-42 -1.38048e-42  6.18442e-44 -3.57684e-44  9.16082e-46 -2.07677e-46
  3.1226e-21 -2.78801e-06  -1.6293e-20  2.23961e-05 -9.44399e-20  -8.4284e-05  9.31222e-19  0.000179376 -3.29737e-18 -0.000220624  6.69511e-18  0.000135085 -8.66733e-18 -2.82286e-06    7.277e-18 -3.93788e-05 -3.64469e-18  3.92824e-06  3.93866e-19  1.14976e-05  1.28652e-18  9.25408e-07 -1.69708e-18 -2.85929e-06  1.33811e-18  -1.2081e-06 -6.65664e-19  2.41409e-07  9.19951e-20  4.00863e-07  2.09608e-19  1.38043e-07 -2.31598e-19 -1.82217e-08  8.53075e-20 -3.93374e-08  2.64404e-20 -1.83892e-08 -2.80244e-20 -2.99327e-09 -2.32806e-22  1.61636e-09  6.19913e-21  1.47904e-09 -2.91624e-21  6.18047e-10  1.42481e-21   1.4098e-10 -3.77186e-22 -5.62078e-12 -2.86956e-22 -2.23871e-11  1.31493e-22 -1.22994e-11   5.3339e-23 -4.39739e-12  1.24245e-24 -1.12101e-12 -2.08491e-23 -1.69234e-13 -3.99666e-24  1.43667e-14  3.36787e-24  2.19891e-14  1.45293e-24  9.90451e-15  -2.7927e-25  3.21532e-15 -2.56722e-25  8.49746e-16 -1.76054e-27  1.88841e-16  2.29075e-26  3.50936e-17  3.21977e-27  5.16307e-18 -1.50797e-27  4.72132e-19 -1.38958e-28 -2.93848e-20  4.22307e-28 -2.73812e-20  1.01104e-28 -8.30753e-21 -6.37528e-29 -1.87427e-21 -3.54797e-29  -3.5528e-22 -3.52897e-30 -5.90318e-23  1.53689e-30 -8.76339e-24  4.06773e-31 -1.17344e-24  1.29283e-32  -1.4239e-25  7.44058e-33  -1.5685e-26  1.00596e-32 -1.56809e-27  3.44439e-33 -1.42019e-28  5.88287e-35 -1.16145e-29 -3.29839e-34 -8.53682e-31  -1.0187e-34  -5.6038e-32 -7.77158e-36 -3.25772e-33  2.23923e-36 -1.65838e-34  6.29959e-37  -7.2834e-36  6.10874e-38 -2.70836e-37  8.83239e-40 -8.34377e-39 -3.44825e-40 -2.06574e-40 -3.44123e-41 -3.77489e-42 -1.58948e-42 -3.64038e-44 -3.45698e-44   4.0115e-47
  1.1611e-06  3.19695e-20 -1.81682e-05 -9.44399e-20   0.00010119 -4.14287e-19 -0.000301276   3.3571e-18  0.000527016 -1.01279e-17 -0.000525727  1.78107e-17  0.000223642 -2.00537e-17   6.5504e-05  1.45268e-17 -8.14375e-05 -6.00893e-18 -1.64943e-05 -7.19671e-20  2.20724e-05  2.72796e-18  9.10308e-06 -3.17156e-18 -3.43108e-06  2.32422e-18 -3.62823e-06 -1.08033e-18 -6.22475e-07  1.27126e-19  6.03241e-07  3.78453e-19  4.45844e-07 -4.04125e-19  9.94388e-08   1.2167e-19 -4.07836e-08   6.5191e-20 -4.35351e-08 -4.55751e-20 -1.75106e-08  -3.3466e-21 -2.40179e-09  7.50224e-21  1.59462e-09 -2.96466e-21     1.35e-09   2.3615e-21  5.65648e-10 -6.28137e-22  1.43519e-10 -5.79446e-22  8.84873e-12  1.57242e-22 -1.27753e-11  1.43435e-22 -8.32191e-12  1.52218e-23 -3.27844e-12 -3.92055e-23 -9.61534e-13 -1.11974e-23 -2.10129e-13  5.18173e-24 -2.72909e-14  2.90896e-24  2.60337e-15  -2.8779e-25  3.17239e-15 -4.04473e-25  1.30003e-15 -1.78086e-26  3.92347e-16  3.29739e-26  9.82469e-17  3.03477e-27  2.12316e-17 -3.63058e-27  4.01283e-18 -1.59129e-30  6.62143e-19  1.01199e-27  9.35982e-20  2.39767e-28  1.07196e-20 -1.11168e-28  8.11807e-22 -6.50865e-29 -1.73372e-23 -8.49341e-30 -2.17334e-23  1.48235e-30 -5.27242e-24   4.4021e-31 -9.19533e-25  2.12927e-32 -1.32664e-25  3.16764e-32 -1.65572e-26  2.56163e-32 -1.82039e-27   7.2224e-33 -1.77602e-28 -2.05304e-34 -1.53992e-29 -7.04617e-34 -1.18387e-30 -1.85958e-34 -8.02537e-32 -1.25913e-35 -4.75521e-33  3.42273e-36 -2.43185e-34  8.96477e-37  -1.0548e-35  8.47436e-38 -3.79239e-37  2.00857e-39 -1.09711e-38 -3.01834e-40 -2.44163e-40 -3.19355e-41 -3.74722e-42 -1.36012e-42 -2.70776e-44 -1.80314e-44
-2.03705e-20  9.42246e-06  2.02227e-19  -8.4284e-05 -4.14287e-19   0.00035686 -1.44958e-18   -0.0008691  9.88476e-18   0.00126487 -2.57293e-17  -0.00101016  3.94401e-17    0.0002388  -3.8692e-17  0.000232546  2.41265e-17 -0.000110678 -8.13387e-18 -7.06896e-05  -1.1675e-18  2.38376e-05  4.72506e-18  2.56596e-05 -5.04474e-18  1.26123e-06  3.44747e-18 -6.40062e-06 -1.54408e-18 -3.06361e-06  2.04265e-19   1.3607e-07  5.89494e-19   7.9486e-07 -6.29879e-19  3.96695e-07  1.44208e-19  5.11631e-08  1.24954e-19 -5.16344e-08 -5.87731e-20 -4.04424e-08 -9.67614e-21 -1.47738e-08     5.75e-21 -1.93358e-09 -2.00146e-21  1.22992e-09  3.89779e-21  1.03616e-09 -8.93725e-22  4.44884e-10 -1.09479e-21  1.25483e-10  1.34052e-22  1.81164e-11  2.95039e-22 -4.01594e-12  5.30964e-23 -4.15374e-12  -6.3461e-23 -1.86414e-12 -2.42644e-23 -6.10985e-13  6.33272e-24 -1.58958e-13  4.81387e-24 -3.25402e-14 -1.04165e-25 -4.58283e-15  -5.1767e-25 -6.75304e-17 -2.92342e-26  2.29208e-16  4.02486e-26  9.95283e-17 -2.98239e-27  2.92745e-17 -8.17543e-27  7.03934e-18  4.06547e-28  1.46455e-18  2.08136e-27  2.70024e-19  5.05349e-28  4.46144e-20 -1.58958e-28  6.63602e-21 -1.03262e-28   8.8871e-22 -1.73344e-29  1.06747e-22 -1.06776e-32  1.13992e-23  9.59592e-32  1.06418e-24 -3.95586e-33  8.39588e-26   8.2525e-32  5.15088e-27  5.46798e-32  1.74141e-28  1.27278e-32 -9.87892e-30 -9.80454e-34 -2.52689e-30  -1.2892e-33 -2.86068e-31 -2.97166e-34 -2.37018e-32 -1.88532e-35 -1.56698e-33  4.35728e-36 -8.43762e-35  1.08678e-36  -3.6872e-36   9.9307e-38 -1.28831e-37  2.83764e-39 -3.52813e-39 -2.28624e-40 -7.28461e-41 -2.49757e-41 -9.57401e-43 -8.45489e-43 -3.49106e-45
-2.74058e-06 -1.65087e-19  4.79808e-05  9.31222e-19 -0.000301276 -1.44958e-18   0.00102346 -4.18696e-18   -0.0020865  2.44488e-17   0.00254178 -5.54298e-17  -0.00157683  7.43796e-17  3.44957e-05 -6.35661e-17   0.00050088  3.39964e-17 -6.75472e-05 -9.25918e-18 -0.000157637 -2.67003e-18 -3.84293e-06  6.95692e-18  4.50356e-05 -6.97879e-18  1.58027e-05  4.42771e-18 -6.05058e-06 -2.02239e-18 -6.80303e-06  3.95367e-19 -1.79454e-06  8.27092e-19  6.90618e-07 -9.00485e-19  7.87781e-07  1.33829e-19  2.99843e-07  2.00911e-19  1.41323e-08 -5.71814e-20 -4.98056e-08 -1.88669e-20 -3.27611e-08 -9.55877e-22 -1.13723e-08 -1.95209e-22 -1.63045e-09  6.32929e-21  7.31928e-10 -1.08959e-21   6.6944e-10 -1.91931e-21   3.0029e-10   2.1762e-23  9.31721e-11  5.14504e-22  1.92372e-11  1.28804e-22  1.00834e-12 -8.94703e-23 -1.29382e-12 -4.39462e-23 -7.66567e-13  5.53378e-24 -2.84775e-13  6.73666e-24 -8.31255e-14  3.27323e-25 -2.01381e-14 -5.08075e-25 -4.06969e-15  -6.0245e-27 -6.58691e-16   4.2349e-26  -7.1431e-17 -2.04807e-26  1.06488e-18 -1.67723e-26  3.23013e-18   1.1196e-27  1.10729e-18  3.77055e-27  2.69627e-19   9.6588e-28  5.44389e-20 -1.76611e-28  9.57954e-21 -1.42656e-28  1.50164e-21 -3.06909e-29  2.11976e-22 -3.95535e-30  2.70946e-23 -9.61059e-31  3.14316e-24 -9.55659e-32   3.3101e-25  1.73362e-31  3.16025e-26  9.99399e-32  2.72787e-27  1.89849e-32  2.12021e-28 -2.58863e-33  1.47564e-29 -2.08188e-33  9.12971e-31 -4.26816e-34  4.97359e-32 -2.67523e-35  2.35622e-33   4.6261e-36  9.54824e-35  1.13085e-36  3.23038e-36  9.85376e-38  8.73715e-38  2.87441e-39  1.72204e-39 -1.65561e-40   2.0172e-41 -1.64459e-41  9.84903e-44 -3.36585e-43
  6.8091e-20 -1.76662e-05  -8.5475e-19  0.000179376   3.3571e-18   -0.0008691 -4.18696e-18   0.00245622 -1.02289e-17  -0.00426218  5.18307e-17    0.0043467 -1.03081e-16  -0.00196418  1.21357e-16 -0.000531166 -9.01272e-17  0.000787956  4.11708e-17  0.000115426 -9.18604e-18 -0.000241949 -3.97204e-18 -7.89844e-05  8.97703e-18  5.04372e-05  -8.4805e-18  4.00951e-05  4.91894e-18  2.47058e-06 -2.52699e-18 -9.45781e-06  7.85921e-19  -5.3536e-06  1.08949e-18 -5.75585e-07 -1.19911e-18  9.06104e-07  6.92748e-20  6.51412e-07  2.81083e-19  2.01284e-07 -3.11577e-20 -4.74794e-09 -2.89042e-20 -3.97728e-08 -1.35325e-20 -2.36245e-08  1.94987e-21 -8.09045e-09  9.88243e-21 -1.38026e-09 -1.13826e-21  2.99608e-10 -3.12246e-21  3.56669e-10 -2.23822e-22  1.71417e-10  7.95558e-22  5.78869e-11  2.53591e-22  1.45592e-11 -1.09769e-22  2.40654e-12 -6.91734e-23  4.76099e-15  1.44743e-24  -1.8592e-13  7.94777e-24 -9.03457e-14  9.58694e-25 -2.99945e-14 -2.77867e-25 -8.07998e-15  9.50264e-26 -1.85839e-15  3.84105e-26 -3.71258e-16 -5.53847e-26 -6.43692e-17 -3.11384e-26 -9.49082e-18   2.0074e-27 -1.11692e-18  6.13918e-27 -8.15005e-20  1.70077e-27  4.39646e-21 -1.14744e-28  3.16609e-21 -1.69255e-28  7.68939e-22 -4.77523e-29  1.38602e-22 -1.11316e-29  2.08688e-23 -2.99208e-30  2.73167e-24 -2.49741e-31  3.16121e-25  3.19212e-31  3.25695e-26  1.59725e-31  2.99259e-27   2.3984e-32  2.44779e-28   -5.269e-33  1.77397e-29 -3.02671e-33  1.13053e-30 -5.60611e-34  6.26765e-32 -3.61593e-35  2.97845e-33  3.98836e-36  1.18867e-34  1.00492e-36  3.86517e-36  8.19111e-38  9.72603e-38  2.09149e-39  1.71215e-39 -1.22897e-40  1.70156e-41 -8.67827e-42  5.82351e-44
 3.60186e-06  4.60393e-19 -7.26137e-05 -3.29737e-18  0.000527016  9.88476e-18   -0.0020865 -1.02289e-17   0.00503909 -2.15243e-17  -0.00753469  9.56255e-17   0.00638951 -1.67685e-16  -0.00179989  1.73224e-16  -0.00148718  -1.1119e-16  0.000921573  4.32621e-17  0.000463657 -8.58733e-18 -0.000253901 -4.42704e-18 -0.000197682  1.04452e-17  1.88527e-05 -9.02362e-18  6.45022e-05  4.61268e-18  2.21812e-05 -3.12723e-18 -6.74192e-06  1.43234e-18 -9.13756e-06  1.39949e-18 -3.35198e-06 -1.49737e-18  1.96203e-07 -6.76701e-20  8.49915e-07  3.48786e-19  4.73462e-07  2.35583e-20  1.25114e-07 -3.68535e-20 -9.20224e-09 -3.13609e-20 -2.71393e-08  4.00252e-21 -1.52831e-08  1.46634e-20  -5.3093e-09 -1.00747e-21 -1.09182e-09 -4.74103e-21  3.21759e-11 -6.43368e-22  1.47832e-10  1.11644e-21  8.02865e-11  4.31618e-22   2.9466e-11 -1.14742e-22  8.39106e-12 -9.67345e-23  1.86936e-12 -6.83195e-24  2.91545e-13  7.55717e-24  1.02213e-14  1.62402e-24  -1.3586e-14  2.52204e-25 -6.55163e-15  3.17138e-25 -2.05675e-15  2.81494e-26 -5.22167e-16  -1.1246e-25 -1.14068e-16 -5.26945e-26 -2.19945e-17  2.70705e-27 -3.78673e-18  9.12992e-27 -5.84547e-19  2.79283e-27 -8.08172e-20  9.06897e-29 -9.94236e-21  -1.6291e-28 -1.07277e-21 -6.56038e-29 -9.84886e-23 -2.15476e-29 -7.14156e-24  -5.9355e-30  -3.0641e-25 -3.75389e-31   1.3793e-26  5.35744e-31  5.01159e-27  2.27493e-31  6.97978e-28  2.53474e-32  7.09697e-29 -9.00707e-33  5.83369e-30 -4.01169e-33  3.99078e-31  -6.8037e-34  2.28332e-32 -4.61419e-35  1.08416e-33  2.53481e-36  4.19357e-35  7.46529e-37  1.27617e-36  5.53661e-38  2.84283e-38  9.51546e-40  3.91115e-40 -8.81237e-41  2.06136e-42 -3.15147e-42
-1.38268e-19  1.83831e-05  2.02172e-18 -0.000220624 -1.01279e-17   0.00126487  2.44488e-17  -0.00426218 -2.15243e-17   0.00898769 -3.95694e-17   -0.0116851  1.55399e-16   0.00810505 -2.41075e-16 -0.000763148  2.17989e-16  -0.00266588 -1.19756e-16  0.000702192  3.98336e-17  0.000914968 -8.68425e-18 -0.000118106 -3.83825e-18 -0.000320985  1.13085e-17 -6.48462e-05  -8.1905e-18  7.02203e-05  3.33788e-18  4.95759e-05 -3.92727e-18  5.27153e-06  2.32138e-18 -1.00331e-05  1.79881e-18 -6.91244e-06 -1.75452e-18 -1.69773e-06 -2.84433e-19  5.00334e-07  3.87409e-19   6.5944e-07  1.02813e-19  3.12545e-07 -4.05848e-20  7.50036e-08 -5.24369e-20 -6.45431e-09   6.0309e-21  -1.5933e-08  2.06901e-20 -8.83915e-09 -7.14374e-22 -3.17065e-09 -6.76541e-21 -7.65498e-10 -1.26545e-21 -7.50524e-11  1.43992e-21  3.94548e-11  6.57043e-22  2.89945e-11 -9.47764e-23  1.18604e-11 -1.21632e-22  3.71158e-12 -1.93904e-23  9.51217e-13  4.75363e-24  2.01042e-13  2.09037e-24  3.34185e-14  1.12071e-24   3.4814e-15  6.85976e-25 -2.04396e-16  9.28635e-27 -2.33413e-16 -1.94508e-25 -7.89114e-17 -8.24214e-26 -1.96643e-17  2.57017e-27 -4.10203e-18  1.25576e-26 -7.48443e-19  4.31408e-27 -1.21838e-19  5.07432e-28 -1.78745e-20 -1.00367e-28 -2.37533e-21 -7.91028e-29 -2.86544e-22  -3.3856e-29 -3.13853e-23 -9.15367e-30 -3.11718e-24  -2.6347e-31 -2.80012e-25  8.37328e-31 -2.26629e-26  2.93891e-31 -1.64424e-27  2.14824e-32 -1.06235e-28 -1.34085e-32 -6.06175e-30 -4.88294e-33 -3.02188e-31 -7.66518e-34  -1.2974e-32 -5.48071e-35 -4.70086e-34  6.82268e-37 -1.39564e-35  4.38212e-37 -3.27494e-37  2.82065e-38 -5.99946e-39  3.89679e-41 -8.87852e-41  -5.2277e-41 -7.44034e-43
-2.34759e-06  -7.9856e-19  5.89998e-05  6.69511e-18 -0.000525727 -2.57293e-17   0.00254178  5.18307e-17  -0.00753469 -3.95694e-17    0.0141346 -6.42864e-17   -0.0160814  2.24646e-16   0.00883075 -3.08808e-16   0.00122484  2.42977e-16   -0.0037171 -1.12285e-16  8.32495e-06  3.26979e-17   0.00131634 -1.04795e-17  0.000200713 -2.72041e-18 -0.000381559  1.18253e-17 -0.000192414 -5.78793e-18  3.72207e-05  1.11772e-18  7.27969e-05 -5.02182e-18  2.67103e-05  3.35511e-18 -4.51289e-06  2.32719e-18 -9.21832e-06 -1.92304e-18 -4.43586e-06 -5.69935e-19 -6.77492e-07   3.8625e-19  5.00123e-07  1.94229e-19  4.47081e-07 -4.06109e-20  1.91371e-07 -7.42064e-20  4.46671e-08  8.73239e-21 -2.28036e-09  2.79536e-20 -7.93811e-09 -2.90493e-22 -4.50554e-09 -9.12582e-21 -1.68631e-09 -2.09855e-21 -4.60901e-10  1.71731e-21 -8.25927e-11  9.13741e-22 -8.71616e-13 -4.26669e-23  6.75792e-12 -1.38089e-22  3.50116e-12   -3.537e-23   1.2219e-12  -9.1778e-25  3.43606e-13  2.16681e-24  8.19636e-14  2.32108e-24  1.68414e-14  1.19606e-24  2.96302e-15 -2.51201e-26  4.31041e-16 -3.02616e-25  4.60155e-17 -1.21116e-25  1.51033e-18  6.25034e-28 -8.62174e-19  1.61153e-26 -3.02077e-19  6.30245e-27 -6.68498e-20  1.18928e-27 -1.19011e-20  3.89758e-29 -1.81876e-21 -8.13965e-29 -2.44843e-22 -4.49516e-29 -2.93753e-23 -1.13316e-29 -3.15626e-24  3.90186e-31 -3.03985e-25  1.23294e-30 -2.61931e-26  3.50383e-31 -2.01047e-27  1.25896e-32 -1.36541e-28 -1.77142e-32 -8.12757e-30 -5.47719e-33 -4.18558e-31 -8.02048e-34 -1.83177e-32 -5.98094e-35 -6.64122e-34 -1.00874e-36 -1.92215e-35    1.684e-37 -4.21175e-37  8.16953e-39 -6.50426e-39   -3.512e-40 -6.16816e-41 -2.07536e-41
 1.81216e-19 -8.23094e-06 -3.02062e-18  0.000135085  1.78107e-17  -0.00101016 -5.54298e-17    0.0043467  9.56255e-17   -0.0116851 -6.42864e-17     0.019847 -9.32005e-17   -0.0198415  2.91329e-16   0.00808549 -3.54778e-16   0.00390516  2.40187e-16  -0.00423307 -9.04011e-17  -0.00111832   2.4933e-17    0.0014758 -1.41366e-17  0.000663027 -2.11923e-18 -0.000311265  1.24459e-17 -0.000326485 -1.90081e-18 -4.35017e-05 -1.83445e-18  7.50243e-05 -6.45478e-18  5.15628e-05   4.3702e-18  9.01803e-06  2.99589e-18 -7.61882e-06 -1.96089e-18 -6.76976e-06 -8.91022e-19 -2.52869e-06  3.45574e-19 -1.90207e-07  2.80762e-19  3.71356e-07 -4.09091e-20   2.7159e-07 -9.46459e-20  1.09778e-07  1.31454e-20   2.6496e-08  3.64252e-20  5.26273e-10  2.63631e-22 -3.21229e-09 -1.16845e-20 -1.97001e-09 -3.12606e-21 -7.76833e-10  1.89651e-21  -2.3297e-10   1.1779e-21  -5.3526e-11  4.44391e-23 -8.14117e-12 -1.40982e-22   4.1081e-14 -5.31551e-23  5.88841e-13 -9.31977e-24  2.69359e-13  1.83432e-24   8.5376e-14  3.81813e-24  2.21568e-14  1.80863e-24   4.9604e-15 -8.74443e-26  9.78945e-16  -4.3724e-25  1.71805e-16 -1.69916e-25  2.68378e-17 -4.42597e-27  3.70773e-18   1.9385e-26  4.45366e-19  8.72964e-27   4.4694e-20  2.15381e-27  3.34432e-21  2.65749e-28  9.33744e-23 -6.49172e-29  -2.4603e-23 -5.00529e-29 -6.08642e-24 -1.06693e-29 -8.98202e-25  1.89545e-30 -1.03685e-25   1.7192e-30 -9.99429e-27  3.92242e-31 -8.22046e-28   8.6066e-34 -5.79991e-29 -2.09993e-32 -3.49686e-30 -5.66775e-33 -1.78215e-31   -7.777e-34 -7.53583e-33 -5.93787e-35  -2.5674e-34 -2.09093e-36 -6.73603e-36 -7.02666e-39 -1.27461e-37 -1.96933e-39  -1.5891e-39 -3.17817e-40 -9.78137e-42
 1.63923e-07  9.00193e-19 -1.45407e-05 -8.66733e-18  0.000223642  3.94401e-17  -0.00157683 -1.03081e-16   0.00638951  1.55399e-16   -0.0160814 -9.32005e-17    0.0251789 -1.21605e-16    -0.022158  3.41479e-16    0.0057907 -3.67536e-16   0.00675098  2.09804e-16  -0.00391805 -6.00028e-17  -0.00246362   1.9334e-17   0.00124403 -1.89751e-17    0.0011548 -3.10574e-18 -7.56921e-05  1.36371e-17 -0.000410565  3.13562e-18 -0.000160583 -5.16963e-18  4.22803e-05 -8.19787e-18  6.85135e-05  5.18177e-18  2.81895e-05  3.76798e-18 -3.37688e-07 -1.84629e-18 -6.91629e-06 -1.19617e-18 -4.31636e-06  2.78944e-19 -1.33129e-06  3.46183e-19 -2.00051e-08 -4.80321e-20   2.2788e-07  -1.1299e-19  1.49131e-07  2.01043e-20   5.8878e-08  4.59779e-20  1.52437e-08  9.96128e-22  1.52838e-09 -1.42457e-20 -9.30281e-10 -4.30712e-21 -7.03699e-10  1.93189e-21 -2.98793e-10  1.42255e-21 -9.65129e-11  1.63909e-22 -2.52434e-11 -1.27378e-22 -5.32159e-12 -7.07967e-23 -8.27516e-13 -1.96069e-23  -5.2629e-14  1.34241e-24  2.24053e-14  5.57789e-24  1.18273e-14  2.46303e-24   3.6559e-15 -1.93439e-25  8.96882e-16 -5.99444e-25   1.8842e-16 -2.30753e-25  3.49482e-17 -1.41325e-26  5.80817e-18  2.18475e-26  8.71478e-19  1.14654e-26  1.18483e-19  3.36085e-27   1.4613e-20  5.74432e-28  1.63382e-21 -2.25717e-29  1.65238e-22 -4.35079e-29  1.50628e-23 -5.39598e-30  1.23148e-24  4.43375e-30   8.9709e-26  2.27187e-30  5.77433e-27  4.19046e-31  3.24955e-28 -1.03532e-32  1.57747e-29 -2.24915e-32  6.49353e-31 -5.40818e-33  2.21883e-32 -6.96258e-34  6.15162e-34 -5.32576e-35  1.36933e-35 -2.40922e-36  2.46999e-37 -8.07372e-38  3.00061e-39 -4.27695e-39 -1.00193e-41 -1.39755e-40
-1.51942e-19 -1.89007e-06  2.93718e-18 -2.82286e-06 -2.00537e-17    0.0002388  7.43796e-17  -0.00196418 -1.67685e-16   0.00810505  2.24646e-16   -0.0198415 -1.21605e-16    0.0292082 -1.43914e-16   -0.0226095  3.64348e-16   0.00230351 -3.44916e-16   0.00916532  1.59901e-16  -0.00270704 -2.84386e-17  -0.00371408  1.73033e-17  0.000580359 -2.40393e-17   0.00152471 -6.27869e-18  0.000303703  1.57338e-17 -0.000390886  8.83445e-18  -0.00028199 -8.47971e-18 -2.83064e-05 -1.01506e-17  6.52036e-05  5.63234e-18  4.64088e-05  4.55328e-18  1.20406e-05 -1.58907e-18 -3.45833e-06 -1.42659e-18 -4.93017e-06  2.11377e-19 -2.49434e-06  3.80211e-19 -6.73523e-07 -6.87085e-20  1.04941e-08 -1.29699e-19  1.18758e-07  2.97706e-20  7.37273e-08  5.62787e-20  2.91236e-08  1.98042e-21  8.16394e-09 -1.65896e-20  1.38334e-09 -5.58452e-21 -8.72878e-11  1.79292e-21 -1.84041e-10  1.62225e-21 -9.04989e-11  3.07174e-22  -3.1617e-11 -9.78549e-23 -8.97281e-12 -8.65397e-23 -2.15099e-12 -3.02873e-23 -4.37818e-13  1.22243e-24 -7.37854e-14  7.59504e-24 -9.35545e-15  3.09621e-24 -5.10199e-16 -3.58333e-25  1.61394e-16 -7.91622e-25  7.19061e-17 -3.06364e-25  1.84816e-17 -3.01121e-26  3.76054e-18  2.28993e-26  6.54062e-19  1.42503e-26    1.002e-19  4.70052e-27  1.37101e-20  9.41589e-28   1.6866e-21  5.10434e-29  1.87019e-22 -2.03267e-29  1.86899e-23  5.53391e-30  1.67961e-24  7.93269e-30  1.35178e-25  2.83989e-30  9.68396e-27  4.32611e-31  6.12364e-28 -1.79867e-32  3.37973e-29 -2.18625e-32  1.60361e-30 -4.75267e-33  6.40828e-32 -5.73081e-34  2.09663e-33 -4.29148e-35  5.39023e-35 -2.10901e-36  1.01531e-36 -8.25818e-38  1.19109e-38 -2.87983e-39  4.93261e-41
 6.09394e-07 -6.39966e-19 -1.23667e-05    7.277e-18   6.5504e-05  -3.8692e-17  3.44957e-05  1.21357e-16  -0.00179989 -2.41075e-16   0.00883075  2.91329e-16    -0.022158 -1.43914e-16    0.0313787 -1.55643e-16   -0.0212852  3.56387e-16   -0.0017451 -2.94491e-16    0.0106925  1.02735e-16 -0.000775867 -1.48994e-18  -0.00456876  1.86961e-17 -0.000429734 -2.87751e-17   0.00163831 -1.15553e-17  0.000751408  1.88472e-17 -0.000239148  1.46846e-17 -0.000364713 -1.13679e-17 -0.000124332 -1.21507e-17  3.40351e-05  5.62893e-18  5.49148e-05  5.22041e-18  2.60302e-05 -1.23383e-18  3.67593e-06 -1.53141e-18  -3.4192e-06  1.73177e-19 -3.02906e-06  3.81213e-19 -1.34144e-06  -1.0697e-19 -3.39117e-07 -1.45693e-19  1.20658e-09  4.15285e-20  5.21145e-08  6.67605e-20  3.22896e-08  3.27412e-21  1.29791e-08 -1.85185e-20  3.90802e-09 -6.89604e-21  8.60677e-10   1.4698e-21  9.97016e-11  1.75645e-21 -2.17628e-11  4.59752e-22 -1.88496e-11 -5.72639e-23 -7.62902e-12 -9.92961e-23 -2.34758e-12 -3.94733e-23 -6.05202e-13  2.19534e-24  -1.3534e-13  9.90127e-24 -2.66082e-14  3.66032e-24 -4.60641e-15 -5.93403e-25 -6.95523e-16 -1.01734e-24 -8.90693e-17 -3.99735e-25 -8.95543e-18 -5.37619e-26 -5.07934e-19  2.18883e-26  4.58098e-20  1.66954e-26  2.06582e-20  6.00112e-27   4.1569e-21  1.33051e-27  6.32876e-22  1.58382e-28  8.03639e-23  2.19312e-29  8.79861e-24  2.18361e-29  8.41146e-25  1.20113e-29  7.04447e-26  3.34763e-30  5.15586e-27  4.34077e-31  3.27529e-28 -2.05194e-32  1.78564e-29 -1.93433e-32  8.21791e-31    -3.84e-33  3.11857e-32 -4.31668e-34  9.43634e-34 -3.08932e-35  2.16301e-35 -1.49921e-36  3.41398e-37   -5.369e-38  2.87973e-39 -1.05844e-39
 6.79708e-20  2.65828e-06 -1.76039e-18 -3.93788e-05  1.45268e-17  0.000232546 -6.35661e-17 -0.000531166  1.73224e-16 -0.000763148 -3.08808e-16   0.00808549  3.41479e-16   -0.0226095 -1.55643e-16    0.0316606 -1.54976e-16   -0.0186783  3.21999e-16  -0.00569864 -2.29956e-16    0.0111381  4.99354e-17   0.00154466  1.83339e-17  -0.00483175  2.24122e-17  -0.00160764 -3.33402e-17   0.00142248 -1.83026e-17   0.00116128  2.28266e-17  3.45514e-05  2.02519e-17 -0.000369967 -1.34984e-17 -0.000220387 -1.39866e-17 -2.33494e-05  5.16045e-18  4.63635e-05  5.62289e-18  3.61418e-05 -8.52913e-19  1.27347e-05 -1.48174e-18  4.09931e-07  1.90906e-19 -2.37396e-06  3.55504e-19 -1.66501e-06 -1.62144e-19 -6.80652e-07 -1.61301e-19 -1.72144e-07  5.43022e-20 -8.25831e-09  7.67421e-20  1.83587e-08  4.90058e-21  1.21487e-08 -1.98926e-20   5.0494e-09 -8.18106e-21  1.61251e-09  9.76102e-22  4.09896e-10  1.81113e-21  7.92156e-11   6.0188e-22  8.70731e-12 -1.45813e-23   -1.218e-12  -1.0891e-22 -1.08846e-12 -4.52621e-23 -4.06868e-13  4.99569e-24 -1.14949e-13   1.2547e-23 -2.73205e-14  4.12914e-24 -5.68083e-15 -9.05043e-25 -1.05224e-15  -1.2804e-24 -1.75178e-16 -5.13089e-25 -2.63176e-17 -8.59201e-26 -3.57052e-18  1.81806e-26 -4.36609e-19  1.83251e-26  -4.7897e-20  7.06207e-27 -4.67584e-21  1.70124e-27 -4.00807e-22   2.9759e-28 -2.94744e-23  8.15878e-29 -1.77546e-24  4.16705e-29 -7.75182e-26  1.60355e-29 -1.17242e-27  3.70864e-30  1.84891e-28  4.22383e-31  2.34893e-29 -1.83935e-32  1.69333e-30 -1.56087e-32  8.85611e-32 -2.84675e-33  3.50718e-33 -2.96055e-34  1.04538e-34 -1.97244e-35  2.25772e-36 -8.77027e-37   3.1193e-38 -2.44889e-38  1.62118e-40
-7.94272e-08  2.13181e-19  5.72919e-06 -3.64469e-18 -8.14375e-05  2.41265e-17   0.00050088 -9.01272e-17  -0.00148718  2.17989e-16   0.00122484 -3.54778e-16    0.0057907  3.64348e-16   -0.0212852 -1.54976e-16    0.0304685 -1.43115e-16   -0.0154412  2.70964e-16  -0.00907519 -1.65758e-16    0.0105643  9.03542e-18    0.0038908  3.17456e-17  -0.00444987  2.71614e-17  -0.00274152 -3.84047e-17  0.000883314 -2.56603e-17   0.00142915  2.72657e-17   0.00038325  2.52159e-17 -0.000277128 -1.46256e-17 -0.000285817 -1.54117e-17 -9.50946e-05  4.29617e-18  1.83131e-05  5.63319e-18  3.69446e-05 -5.30404e-19  2.05211e-05 -1.27886e-18  5.67176e-06  2.78347e-19 -3.97236e-07  3.13719e-19 -1.35102e-06 -2.28667e-19 -8.30226e-07  -1.7553e-19 -3.25835e-07  6.71037e-20 -8.63195e-08   8.5666e-20 -1.00636e-08  6.87581e-21  4.44895e-09 -2.06325e-20  3.71182e-09 -9.37514e-21  1.64334e-09  3.50714e-22  5.53016e-10  1.77942e-21  1.52737e-10  7.10347e-22  3.51891e-11  1.84613e-23  6.60368e-12 -1.16068e-22  9.04046e-13  -4.6119e-23  4.02622e-14   1.0174e-23 -2.58177e-14  1.55628e-23 -1.15382e-14  4.49083e-24 -3.22014e-15 -1.29649e-24 -7.22185e-16 -1.58325e-24 -1.39291e-16 -6.46716e-25 -2.37565e-17 -1.26557e-25  -3.6315e-18   1.1268e-26 -5.00974e-19  1.86739e-26 -6.25674e-20  7.70703e-27 -7.07999e-21  2.02189e-27  -7.2519e-22  4.61248e-28 -6.70712e-23  1.52316e-28  -5.5794e-24  6.19488e-29 -4.15173e-25  1.92764e-29 -2.74334e-26  3.84891e-30 -1.59419e-27  3.95197e-31 -8.04328e-29 -1.34728e-32  -3.4625e-30 -1.15024e-32 -1.24068e-31 -1.93165e-33 -3.56207e-33 -1.83763e-34 -7.67664e-35 -1.10497e-35 -1.09707e-36 -4.16058e-37 -7.99485e-39 -7.14187e-39
 1.29507e-20  4.91292e-07  3.89896e-19  3.92824e-06 -6.00893e-18 -0.000110678  3.39964e-17  0.000787956  -1.1119e-16  -0.00266588  2.42977e-16   0.00390516 -3.67536e-16   0.00230351  3.56387e-16   -0.0186783 -1.43115e-16    0.0284239 -1.23362e-16   -0.0121494  2.14263e-16   -0.0116454 -1.12743e-16   0.00919926 -1.74924e-17   0.00596408  4.14263e-17  -0.00349598  3.19616e-17  -0.00364355 -4.46464e-17  9.65601e-05 -3.28521e-17   0.00148097  3.15525e-17  0.000736642   2.9343e-17 -9.11149e-05 -1.46108e-17 -0.000294625 -1.61693e-17 -0.000162128  3.16912e-18 -2.49814e-05  5.17605e-18  2.54071e-05 -3.41048e-19  2.35454e-05 -9.53695e-19  1.05797e-05  4.30654e-19  2.42645e-06  2.65904e-19 -3.50633e-07 -2.97837e-19 -6.55795e-07 -1.86095e-19 -3.74824e-07  7.94879e-20 -1.45119e-07   9.3331e-20 -4.09511e-08   9.2644e-21 -7.33492e-09  -2.0687e-20  1.62568e-10 -1.03925e-20   8.0585e-10 -3.40425e-22  4.17386e-10  1.66259e-21  1.50297e-10  7.62094e-22  4.39746e-11        3e-23  1.09675e-11 -1.21795e-22  2.36989e-12 -4.11149e-23  4.43136e-13  1.79533e-23  7.02207e-14  1.89176e-23   8.8361e-15  4.73245e-24  6.78356e-16 -1.77022e-24 -4.42865e-17 -1.92506e-24 -3.17035e-17 -7.97984e-25 -8.13556e-18  -1.7456e-25 -1.55444e-18  9.23248e-28 -2.48012e-19  1.74233e-26 -3.43624e-20  7.84003e-27 -4.20326e-21  2.27596e-27 -4.57065e-22  6.35761e-28 -4.42571e-23  2.24067e-28 -3.80896e-24  7.91129e-29 -2.90001e-25   2.1119e-29  -1.9386e-26  3.73113e-30 -1.12562e-27  3.51479e-31 -5.59292e-29 -7.98114e-33 -2.32924e-30 -7.74828e-33 -7.88962e-32 -1.19595e-33 -2.07361e-33 -1.02411e-34 -3.89534e-35 -5.33817e-36 -4.43341e-37 -1.52462e-37 -1.92639e-39
-1.69512e-07  1.13859e-19  3.63592e-06  3.93866e-19 -1.64943e-05 -8.13387e-18 -6.75472e-05  4.11708e-17  0.000921573 -1.19756e-16   -0.0037171  2.40187e-16   0.00675098 -3.44916e-16   -0.0017451  3.21999e-16   -0.0154412 -1.23362e-16      0.02611 -9.95489e-17  -0.00917205  1.60514e-16   -0.0133985 -7.63899e-17   0.00732679 -3.10983e-17    0.0075772  5.04684e-17  -0.00212174  3.62775e-17  -0.00418572 -5.22707e-17 -0.000818974 -3.93513e-17   0.00128798  3.49622e-17   0.00101998  3.24304e-17  0.000158555  -1.3433e-17 -0.000233785 -1.60339e-17  -0.00020388  1.94887e-18 -7.32499e-05  4.25216e-18  2.48542e-06 -3.29688e-19  1.94728e-05 -5.58106e-19  1.30939e-05  6.23961e-19  5.12482e-06  2.17363e-19  1.06401e-06 -3.60761e-19  -1.6041e-07 -1.90244e-19 -2.71406e-07  9.16541e-20  -1.5088e-07  9.99749e-20   -5.863e-08   1.2217e-20 -1.75409e-08 -1.99877e-20 -3.94897e-09 -1.11069e-20 -5.24353e-10 -1.00497e-21  5.82999e-11  1.47128e-21  6.95403e-11  7.39378e-22  2.95577e-11  1.14755e-23  9.31434e-12  -1.2661e-22  2.44776e-12 -2.99264e-23  5.59194e-13   2.8191e-23  1.13112e-13  2.24942e-23  2.04223e-14  4.82614e-24  3.29706e-15 -2.32836e-24  4.74276e-16 -2.29963e-24  6.01692e-17 -9.60798e-25  6.58609e-18 -2.27647e-25  5.91573e-19 -1.26161e-26  3.73859e-20  1.45388e-26  2.93256e-22  7.48127e-27 -3.63652e-22  2.46218e-27 -6.97443e-23  8.02149e-28 -8.80832e-24  2.85327e-28 -8.80103e-25  9.01157e-29 -7.30297e-26   2.1242e-29 -5.10355e-27  3.36951e-30 -3.00078e-28  2.93743e-31 -1.46849e-29 -3.55648e-33 -5.85875e-31 -4.77424e-33 -1.84083e-32 -6.72687e-34 -4.28771e-34 -5.06571e-35  -6.5779e-36 -2.15909e-36  -5.0385e-38 -3.76076e-38
-5.54456e-20 -6.62134e-07  4.65335e-19  1.14976e-05 -7.19671e-20 -7.06896e-05 -9.25918e-18  0.000115426  4.32621e-17  0.000702192 -1.12285e-16  -0.00423307  2.09804e-16   0.00916532 -2.94491e-16  -0.00569864  2.70964e-16   -0.0121494 -9.95489e-17    0.0239277  -7.4679e-17  -0.00666348  1.14334e-16   -0.0144538 -5.74363e-17   0.00520419 -3.51546e-17   0.00865231  6.11853e-17 -0.000506654   3.9943e-17  -0.00431033 -6.07852e-17  -0.00173186 -4.48832e-17  0.000867923  3.67821e-17   0.00117165  3.42667e-17  0.000425481  -1.1194e-17 -0.000107375 -1.48647e-17 -0.000204581  8.08025e-19 -0.000113102  2.94492e-18 -2.67264e-05 -4.97475e-19  8.23566e-06 -1.51121e-19  1.17684e-05  8.20809e-19  6.59819e-06  1.66829e-19  2.38076e-06 -4.11272e-19  4.97344e-07 -1.86003e-19 -3.70812e-08  1.04125e-19 -9.27153e-08  1.06126e-19 -5.25877e-08   1.5943e-20 -2.07775e-08  -1.8423e-20 -6.50721e-09 -1.13478e-20 -1.65717e-09 -1.53197e-21 -3.31874e-10  1.22618e-21 -4.35854e-11  6.35204e-22  1.12842e-12 -3.90805e-23  3.06153e-12 -1.29619e-22  1.24851e-12 -1.26313e-23  3.62765e-13  4.04427e-23  8.72546e-14  2.60894e-23  1.82527e-14  4.72534e-24  3.39491e-15 -2.96954e-24  5.67779e-16 -2.69363e-24  8.58899e-17 -1.12567e-24  1.17851e-17 -2.82406e-25  1.46783e-18 -2.84861e-26  1.65819e-19  1.03495e-26  1.69556e-20    6.764e-27  1.56429e-21  2.58721e-27  1.29641e-22  9.38732e-28  9.59708e-24  3.26025e-28  6.30139e-25  9.32499e-29  3.63752e-26  1.97007e-29  1.82568e-27  2.82749e-30  7.85364e-29  2.28363e-31  2.84049e-30 -8.46136e-34  8.41155e-32 -2.69165e-33   1.9698e-33 -3.41518e-34  3.51921e-35 -2.18455e-35  4.60636e-37 -6.90636e-37  3.17892e-39
-1.19053e-08 -2.50771e-19 -1.03502e-06  1.28652e-18  2.20724e-05  -1.1675e-18 -0.000157637 -9.18604e-18  0.000463657  3.98336e-17  8.32495e-06 -9.04011e-17  -0.00391805  1.59901e-16    0.0106925 -2.29956e-16  -0.00907519  2.14263e-16  -0.00917205  -7.4679e-17    0.0220704 -5.02873e-17  -0.00462526    7.665e-17   -0.0149747 -5.36852e-17   0.00302422 -3.32356e-17   0.00919311  7.45301e-17    0.0011797  4.30352e-17  -0.00402193 -6.90761e-17   -0.0025229  -4.9324e-17  0.000275901  3.64466e-17   0.00115497  3.46419e-17  0.000657588 -8.11166e-18   6.4212e-05  -1.2656e-17 -0.000158068 -1.11578e-19  -0.00013207  1.40758e-18 -5.43719e-05  -7.9945e-19 -7.67878e-06  2.15309e-19  6.42374e-06  9.79618e-19  6.08991e-06  1.07446e-19  3.05795e-06 -4.47729e-19  1.06329e-06 -1.73313e-19   2.4095e-07  1.17159e-19  9.20557e-09  1.12266e-19 -2.38405e-08  2.06056e-20 -1.50955e-08 -1.58595e-20 -6.18736e-09 -1.09264e-20 -2.01026e-09 -1.81056e-21 -5.46965e-10  9.55916e-22 -1.26371e-10   4.5697e-22 -2.44608e-11 -1.15109e-22 -3.73239e-12 -1.27974e-22 -3.45486e-13  1.05483e-23  2.75585e-14  5.40719e-23  2.36072e-14  2.94363e-23  7.30468e-15  4.37318e-24  1.68818e-15 -3.68318e-24  3.27147e-16 -3.08595e-24   5.5357e-17 -1.28046e-24  8.32878e-18 -3.34466e-25  1.12401e-18 -4.51459e-26   1.3659e-19  5.51803e-27  1.49587e-20  5.88972e-27  1.47431e-21  2.65587e-27   1.3034e-22  1.02545e-27  1.02828e-23  3.40116e-28  7.18668e-25  8.85344e-29  4.40615e-26  1.68873e-29  2.33866e-27   2.1988e-30  1.05549e-28  1.63739e-31  3.95032e-30  3.35758e-34  1.18238e-31 -1.38777e-33  2.67874e-33 -1.54903e-34  4.19179e-35 -7.96907e-36  3.70119e-37 -1.51479e-37
 5.95153e-20  -2.7428e-07 -7.44798e-19  9.25408e-07  2.72796e-18  2.38376e-05 -2.67003e-18 -0.000241949 -8.58733e-18  0.000914968  3.26979e-17  -0.00111832 -6.00028e-17  -0.00270704  1.02735e-16    0.0111381 -1.65758e-16   -0.0116454  1.60514e-16  -0.00666348 -5.02873e-17    0.0205772 -2.65583e-17  -0.00298372  4.60858e-17    -0.015114  -6.1751e-17  0.000911549 -2.82113e-17   0.00925149  9.00541e-17   0.00279799  4.57681e-17   -0.0033704    -7.57e-17  -0.00310048 -5.25843e-17 -0.000409836  3.36554e-17  0.000963071  3.34073e-17  0.000808411 -4.49635e-18  0.000249135 -9.56534e-18 -6.97893e-05 -7.25199e-19 -0.000122425 -1.65853e-19  -7.2235e-05 -1.15458e-18 -2.39037e-05  5.06839e-19 -1.66097e-06  1.06513e-18  3.54018e-06  2.99332e-20  2.76609e-06 -4.73107e-19  1.30091e-06 -1.54545e-19  4.48789e-07  1.30163e-19  1.12483e-07  1.18433e-19   1.5195e-08  2.61749e-20 -3.13766e-09 -1.22102e-20  -3.2163e-09 -9.69089e-21 -1.45146e-09 -1.75845e-21 -4.93106e-10  6.91483e-22 -1.39678e-10  2.26552e-22 -3.42145e-11 -2.01878e-22 -7.35201e-12 -1.17059e-22 -1.38907e-12  3.93587e-23 -2.28759e-13  6.83359e-23 -3.19791e-14  3.22346e-23 -3.52763e-15  3.71886e-24 -2.27093e-16 -4.44409e-24  1.81826e-17 -3.44884e-24  9.74256e-18 -1.41169e-24  2.15635e-18 -3.78843e-25  3.58266e-19 -6.05247e-26  4.95633e-20  8.89666e-28  5.91369e-21  5.05874e-27  6.17001e-22  2.66441e-27  5.65304e-23  1.04876e-27  4.54217e-24  3.26973e-28  3.18286e-25  7.75547e-29  1.92662e-26  1.33913e-29  9.93193e-28  1.57994e-30  4.27244e-29  1.07458e-31  1.48889e-30  5.65458e-34  4.01998e-32 -6.52685e-34   7.8287e-34 -6.17141e-35  9.62483e-36  -2.3217e-36   4.9973e-38
 3.96461e-08  2.37495e-19 -1.22103e-06 -1.69708e-18  9.10308e-06  4.72506e-18 -3.84293e-06 -3.97204e-18 -0.000253901 -8.68425e-18   0.00131634   2.4933e-17  -0.00246362 -2.84386e-17 -0.000775867  4.99354e-17    0.0105643 -1.12743e-16   -0.0133985  1.14334e-16  -0.00462526 -2.65583e-17    0.0194053 -2.89501e-18  -0.00164713  2.04865e-17   -0.0149908 -7.81015e-17  -0.00106344 -2.20884e-17    0.0089005  1.06223e-16   0.00424524  4.83998e-17  -0.00243285 -7.92585e-17  -0.00340693 -5.45448e-17   -0.0011026  2.84508e-17    0.0006174  3.05585e-17  0.000845962 -7.09791e-19  0.000411345  -5.9022e-18  4.43266e-05 -1.01641e-18 -8.36135e-05 -1.57768e-18 -7.43352e-05 -1.46506e-18 -3.55909e-05   7.1125e-19 -1.01299e-05   1.0567e-18 -3.42419e-07 -7.33868e-20  1.54382e-06 -4.93539e-19  1.10086e-06 -1.34209e-19   4.9992e-07  1.41398e-19  1.73506e-07  1.23954e-19  4.72527e-08  3.23032e-20  9.41525e-09 -7.52725e-21  8.32995e-10 -7.59794e-21 -3.39925e-10 -1.35263e-21 -2.32073e-10  4.57964e-22 -8.82215e-11 -2.37038e-23 -2.62775e-11 -2.79323e-22 -6.65438e-12 -9.15525e-23 -1.47981e-12  7.33602e-23 -2.93496e-13  8.24007e-23 -5.23153e-14  3.41781e-23  -8.4077e-15  2.73534e-24 -1.21829e-15 -5.21039e-24 -1.58712e-16 -3.75089e-24 -1.84754e-17 -1.50619e-24 -1.90108e-18 -4.10499e-25 -1.69642e-19  -7.2395e-26 -1.26465e-20 -2.73924e-27  -7.1826e-22  4.40518e-27 -2.06824e-23  2.60107e-27  1.49049e-24  1.00539e-27  3.06228e-25  2.91166e-28  3.02017e-26  6.28642e-29  2.15703e-27  9.82058e-30  1.19804e-28  1.04539e-30   5.2173e-30   6.4072e-32  1.74372e-31  4.02747e-34  4.26079e-33 -2.78108e-34  6.97575e-35 -2.09649e-35  6.35866e-37 -4.68062e-37
-3.91237e-20  8.72391e-08  6.38216e-19 -2.85929e-06 -3.17156e-18  2.56596e-05  6.95692e-18 -7.89844e-05 -4.42704e-18 -0.000118106 -1.04795e-17    0.0014758   1.9334e-17  -0.00371408 -1.48994e-18   0.00154466  9.03542e-18   0.00919926 -7.63899e-17   -0.0144538    7.665e-17  -0.00298372 -2.89501e-18    0.0184863  2.14158e-17 -0.000534867 -1.98896e-18   -0.0146892 -9.94048e-17  -0.00286701 -1.62383e-17    0.0082171  1.20916e-16   0.00545242  5.11341e-17  -0.00129861 -7.87446e-17   -0.0034183 -5.50706e-17  -0.00171978   2.1231e-17  0.000162007  2.62977e-17  0.000757928  2.88703e-18  0.000518278 -2.07744e-18  0.000161593 -1.02964e-18 -2.26321e-05 -2.66102e-18  -5.8853e-05 -1.63852e-18 -3.90195e-05  8.37051e-19  -1.6363e-05   9.5247e-19  -4.3289e-06 -2.05098e-19 -2.07234e-07  -5.1591e-19  5.31676e-07 -1.17947e-19  3.75579e-07  1.48123e-19  1.68737e-07  1.27436e-19  5.91673e-08   3.8292e-20  1.70203e-08 -2.07753e-21  4.01271e-09 -4.77053e-21   7.3049e-10 -6.50668e-22  7.62994e-11  2.66761e-22 -1.02382e-11 -2.57944e-22 -8.77123e-12 -3.26707e-22 -3.15538e-12  -4.7153e-23 -8.59716e-13  1.11544e-22 -1.97385e-13  9.53034e-23 -3.97106e-14  3.49804e-23 -7.12983e-15  1.43253e-24 -1.15334e-15 -5.92621e-24 -1.68923e-16 -3.96153e-24 -2.24519e-17 -1.55294e-24 -2.70898e-18 -4.25122e-25 -2.96407e-19 -7.88996e-26 -2.93417e-20 -4.84838e-27 -2.61849e-21  3.96342e-27 -2.09632e-22  2.45344e-27 -1.49592e-23  9.03487e-28 -9.43503e-25  2.40811e-28 -5.20221e-26  4.72053e-29 -2.47117e-27   6.6516e-30 -9.91493e-29  6.34301e-31 -3.26794e-30   3.4428e-32 -8.48639e-32  1.91723e-34 -1.61657e-33 -1.05766e-34 -1.93983e-35 -5.73317e-36 -9.05922e-38
