 9.61747e-07  1.00538e-20 -1.24433e-05 -1.85619e-19  5.81761e-05  9.07764e-19 -0.000147736 -2.22389e-18  0.000224659  3.25953e-18 -0.000200595 -3.06894e-18  8.28197e-05  1.88418e-18  1.54482e-05 -7.16036e-19  -3.1276e-05  1.36447e-19  1.05319e-05 -3.31097e-21  -6.4551e-07
 1.00538e-20  1.80963e-05  1.12859e-19 -0.000127714 -1.35145e-18   0.00043142  4.93315e-18 -0.000846792 -9.51867e-18   0.00100212  1.12999e-17 -0.000653443 -8.76709e-18  0.000112937  4.45792e-18  0.000144097 -1.36048e-18  -9.9338e-05  1.77163e-19  1.89526e-05  2.64468e-21
-1.24433e-05  1.12859e-19  0.000161324  6.70426e-19 -0.000756886 -5.68213e-18   0.00193335   1.5922e-17  -0.00296929 -2.44927e-17   0.00269978   2.3769e-17  -0.00116564 -1.53808e-17 -0.000178479  6.53117e-18  0.000445467 -1.55177e-18  -0.00017419  1.06186e-19  1.71196e-05
-1.85619e-19 -0.000127714  6.70426e-19  0.000904585  2.57132e-18  -0.00307456 -1.61303e-17   0.00609808  3.52192e-17  -0.00735116 -4.35159e-17   0.00497971  3.49425e-17  -0.00103731 -1.92157e-17  -0.00102585  6.80162e-18   0.00082311 -1.12151e-18 -0.000197106 -2.19552e-21
 5.81761e-05 -1.35145e-18 -0.000756886  2.57132e-18   0.00357334  6.91167e-18  -0.00922566 -3.27847e-17    0.0144333  5.60328e-17    -0.013586  -5.5947e-17   0.00641395  3.80259e-17  0.000431025   -1.823e-17  -0.00224291  5.12451e-18   0.00104822 -3.57655e-19 -0.000138918
 9.07764e-19   0.00043142 -5.68213e-18  -0.00307456  6.91167e-18    0.0105631  1.35144e-17   -0.0213405 -4.85909e-17    0.0265801  6.45439e-17   -0.0192601  -5.2739e-17   0.00535857  3.19433e-17   0.00305574 -1.35827e-17  -0.00320263  2.43667e-18  0.000944149  1.89128e-19
-0.000147736  4.93315e-18   0.00193335 -1.61303e-17  -0.00922566  1.35144e-17    0.0242613  1.93157e-17   -0.0391754 -5.14337e-17    0.0390895  5.18748e-17   -0.0212627 -3.67026e-17   0.00167001  2.23212e-17   0.00555564 -7.96592e-18  -0.00328306   7.5461e-20  0.000538532
-2.22389e-18 -0.000846792   1.5922e-17   0.00609808 -3.27847e-17   -0.0213405  1.93157e-17    0.0444846  1.95191e-17   -0.0584929 -3.51597e-17    0.0471293  2.59185e-17    -0.018607 -2.15073e-17  -0.00263177  1.56441e-17   0.00640159 -3.36898e-18   -0.0023643 -9.57863e-19
 0.000224659 -9.51867e-18  -0.00296929  3.52192e-17    0.0144333 -4.85909e-17   -0.0391754  1.95191e-17    0.0667013  1.18879e-17    -0.073037 -9.07568e-18    0.0484575  7.78446e-18   -0.0138168 -1.93814e-17  -0.00469374  1.35255e-17   0.00499644 -2.58149e-19  -0.00101372
 3.25953e-18   0.00100212 -2.44927e-17  -0.00735116  5.60328e-17    0.0265801 -5.14337e-17   -0.0584929  1.18879e-17    0.0841004   7.4006e-19   -0.0793905  6.06863e-18    0.0456678  1.45503e-17   -0.0111534  -3.0254e-17  -0.00306018  1.21018e-17   0.00231014  1.45182e-18
-0.000200595  1.12999e-17   0.00269978 -4.35159e-17    -0.013586  6.45439e-17    0.0390895 -3.51597e-17    -0.073037   7.4006e-19    0.0927799 -5.21168e-18   -0.0799294  -5.5809e-18    0.0441039  4.41811e-17    -0.013098 -4.13705e-17  0.000872089  6.93064e-18   0.00026245
-3.06894e-18 -0.000653443   2.3769e-17   0.00497971  -5.5947e-17   -0.0192601  5.18748e-17    0.0471293 -9.07568e-18   -0.0793905 -5.21168e-18    0.0949783  6.67832e-19   -0.0805759 -4.14942e-17    0.0470879  7.52723e-17    -0.017767 -3.79682e-17   0.00365721   -3.168e-20
 8.28197e-05 -8.76709e-18  -0.00116564  3.49425e-17   0.00641395  -5.2739e-17   -0.0212627  2.59185e-17    0.0484575  6.06863e-18   -0.0799294  6.67832e-19     0.096781  1.71647e-17   -0.0851144 -8.01604e-17    0.0521433  8.18448e-17   -0.0198204 -1.88009e-17    0.0030814
 1.88418e-18  0.000112937 -1.53808e-17  -0.00103731  3.80259e-17   0.00535857 -3.67026e-17    -0.018607  7.78446e-18    0.0456678  -5.5809e-18   -0.0805759  1.71647e-17     0.102104  3.51898e-17   -0.0905019 -9.47146e-17    0.0519337  5.58024e-17   -0.0155552 -4.55702e-19
 1.54482e-05  4.45792e-18 -0.000178479 -1.92157e-17  0.000431025  3.19433e-17   0.00167001 -2.15073e-17   -0.0138168  1.45503e-17    0.0441039 -4.14942e-17   -0.0851144  3.51898e-17      0.10766  4.31027e-17   -0.0878041 -7.35916e-17    0.0411981  1.75512e-17    -0.007317
-7.16036e-19  0.000144097  6.53117e-18  -0.00102585   -1.823e-17   0.00305574  2.23212e-17  -0.00263177 -1.93814e-17   -0.0111534  4.41811e-17    0.0470879 -8.01604e-17   -0.0905019  4.31027e-17     0.103895  3.53004e-17   -0.0705346 -3.27084e-17    0.0234394 -3.70261e-18
 -3.1276e-05 -1.36048e-18  0.000445467  6.80162e-18  -0.00224291 -1.35827e-17   0.00555564  1.56441e-17  -0.00469374  -3.0254e-17    -0.013098  7.52723e-17    0.0521433 -9.47146e-17   -0.0878041  3.53004e-17    0.0838497  1.76189e-17   -0.0431665 -1.69381e-18   0.00807746
 1.36447e-19  -9.9338e-05 -1.55177e-18   0.00082311  5.12451e-18  -0.00320263 -7.96592e-18   0.00640159  1.35255e-17  -0.00306018 -4.13705e-17    -0.017767  8.18448e-17    0.0519337 -7.35916e-17   -0.0705346  1.76189e-17     0.052379   2.5607e-18   -0.0183038  5.89569e-18
 1.05319e-05  1.77163e-19  -0.00017419 -1.12151e-18   0.00104822  2.43667e-18  -0.00328306 -3.36898e-18   0.00499644  1.21018e-17  0.000872089 -3.79682e-17   -0.0198204  5.58024e-17    0.0411981 -3.27084e-17   -0.0431665   2.5607e-18    0.0233546 -2.77265e-18  -0.00449046
-3.31097e-21  1.89526e-05  1.06186e-19 -0.000197106 -3.57655e-19  0.000944149   7.5461e-20   -0.0023643 -2.58149e-19   0.00231014  6.93064e-18   0.00365721 -1.88009e-17   -0.0155552  1.75512e-17    0.0234394 -1.69381e-18   -0.0183038 -2.77265e-18   0.00657318 -1.64151e-18
 -6.4551e-07  2.64468e-21  1.71196e-05 -2.19552e-21 -0.000138918  1.89128e-19  0.000538532 -9.57863e-19  -0.00101372  1.45182e-18   0.00026245   -3.168e-20    0.0030814 -4.55702e-19    -0.007317 -3.70261e-18   0.00807746  5.89569e-18  -0.00449046 -1.64151e-18  0.000876342
