 1.16727e-30  5.70914e-36 -8.61811e-29  1.47614e-35  2.51099e-27  1.54013e-35 -4.44366e-26  3.83945e-35  5.51577e-25 -2.10246e-35  -5.1635e-24  2.68796e-35  3.80625e-23 -3.32383e-35 -2.27206e-22  1.66945e-34  1.11933e-21 -8.84683e-34 -4.61079e-21  3.88038e-33  1.60205e-20  -1.4014e-32 -4.72042e-20   4.0901e-32  1.18226e-19 -8.95911e-32 -2.51539e-19  1.06444e-31  4.52834e-19  1.88914e-31 -6.84063e-19 -1.65213e-30  8.54265e-19  6.14461e-30  -8.5867e-19 -1.64764e-29  6.59011e-19  3.46126e-29 -3.37843e-19  -5.6688e-29  5.47304e-20  6.48399e-29  7.56349e-20   -1.959e-29 -6.51754e-20 -1.39269e-28  1.02572e-20  4.75084e-28  1.52614e-20 -1.01968e-27 -8.34965e-21  1.73543e-27 -1.88265e-21 -2.49882e-27  2.59711e-21  3.12624e-27  7.57875e-23 -3.44049e-27 -6.24545e-22  3.34827e-27  1.31599e-23 -2.88495e-27  1.32886e-22  2.19792e-27  2.13799e-24 -1.47715e-27  -2.4951e-23  8.74444e-28 -2.96162e-24 -4.57224e-28  3.75024e-24  2.13853e-28  1.04453e-24 -9.21076e-29 -3.54573e-25  3.81332e-29 -2.08876e-25 -1.56507e-29  -3.7256e-28  6.28417e-30  2.36104e-26 -2.34857e-30  5.54708e-27  7.71246e-31 -9.03371e-28 -2.05598e-31 -6.98631e-28  3.45723e-32 -1.02974e-28  2.82769e-33  2.31143e-29 -4.42982e-33  1.20852e-29  1.41711e-33  1.65983e-30 -1.20489e-34 -1.90198e-31 -4.84376e-35 -1.13394e-31  9.63943e-36 -1.81149e-32  2.76767e-36 -3.05515e-34 -9.52159e-37  4.09642e-34 -6.63211e-38  8.23527e-35  5.85546e-38  6.86383e-36 -3.91255e-39 -7.32889e-38 -1.49842e-39 -8.48151e-38   2.1329e-40 -9.61144e-39   1.0622e-41 -5.18948e-40 -1.46437e-42 -6.18739e-42 -2.85049e-43  9.22709e-43   1.9438e-44  4.34384e-44   3.7591e-46  4.23215e-46 -7.70613e-49
 5.70914e-36  1.23314e-28  2.46912e-35 -5.20528e-27  5.06345e-35  1.15715e-25  1.83997e-35  -1.7033e-24  7.27643e-35  1.83343e-23 -4.66533e-35 -1.52502e-22   1.2496e-34  1.01463e-21 -6.43605e-34 -5.52516e-21  3.79403e-33  2.50174e-20 -1.88153e-32 -9.52101e-20  7.82868e-32  3.06703e-19 -2.72659e-31 -8.39532e-19  7.82734e-31  1.95464e-18 -1.76685e-30  -3.8628e-18  2.66509e-30   6.4423e-18 -9.64148e-32 -8.96909e-18 -1.63566e-29  1.02251e-17  6.92848e-29 -9.21292e-18 -1.93643e-28  6.07917e-18  4.20545e-28 -2.31033e-18 -7.33789e-28 -2.84871e-19  1.00422e-27  9.78105e-19 -9.38393e-28 -4.75478e-19  1.04114e-28 -7.39862e-20  1.91932e-27  1.71397e-19 -5.29059e-27 -3.40266e-20  9.67679e-27  -3.8066e-20 -1.42095e-26  1.59319e-20   1.7723e-26  7.31023e-21 -1.92076e-26 -4.28075e-21   1.8258e-26 -1.48902e-21 -1.52598e-26  8.73929e-22  1.11965e-26   3.3763e-22 -7.18531e-27 -1.32663e-22  4.01891e-27 -7.38394e-23 -1.96087e-27  1.09578e-23  8.45922e-28  1.29542e-23 -3.35155e-28  8.72493e-25  1.29793e-28  -1.5022e-24 -5.13405e-29  -4.3019e-25  2.02369e-29   6.6605e-26 -7.45932e-30  5.89296e-26  2.45017e-30  8.25261e-27 -6.75856e-31 -2.82846e-27   1.2291e-31 -1.31606e-27  7.96445e-33 -1.38092e-28  -1.5338e-32  4.38781e-29  4.67136e-33  1.77418e-29 -1.64544e-34  2.15405e-30 -2.46397e-34 -2.13281e-31  3.77138e-35 -1.18919e-31  1.22175e-35 -1.82667e-32 -3.81892e-36 -6.72506e-34 -1.89508e-37  2.38512e-34  1.92273e-37  4.95418e-35 -1.30799e-38  4.37641e-36 -4.37247e-39  1.01132e-37  6.07942e-40 -1.83429e-38  2.66774e-41 -2.27296e-39 -2.72594e-42 -1.14005e-40 -7.70145e-43 -2.36094e-42  3.70788e-44   1.1039e-44  6.85173e-46  4.46706e-46
-8.61811e-29  2.46912e-35  6.45175e-27  5.71559e-35 -1.89799e-25  1.00169e-34  3.39261e-24 -7.17202e-36 -4.25543e-23  8.71523e-35  4.02752e-22 -2.41345e-34 -3.00314e-21  1.58305e-33   1.8144e-20 -1.03033e-32 -9.05275e-20  5.71844e-32  3.77931e-19 -2.66993e-31 -1.33189e-18  1.05576e-30  3.98404e-18 -3.53299e-30 -1.01406e-17  9.89631e-30  2.19542e-17 -2.24769e-29 -4.02812e-17  3.76587e-29   6.2147e-17 -2.82718e-29 -7.95003e-17 -8.97225e-29  8.22447e-17  4.94823e-28 -6.55567e-17 -1.45833e-27  3.57901e-17  3.23088e-27 -7.69262e-18 -5.76707e-27 -6.67145e-18  8.35544e-27  6.85308e-18 -9.39754e-27 -1.56096e-18  6.66545e-27 -1.40677e-18  1.80948e-27  9.74946e-19 -1.64966e-26  1.10618e-19  3.54623e-26 -2.85848e-19 -5.45039e-26  1.83336e-20  6.85176e-26  6.71943e-20  -7.3559e-26 -8.02387e-21  6.85564e-26 -1.44771e-20 -5.57281e-26  1.21665e-21  3.94427e-26  2.86734e-21 -2.41759e-26  6.26203e-23  1.27515e-26 -4.77062e-22 -5.77466e-27 -8.27483e-23  2.27587e-27  5.56056e-23 -8.20752e-28  2.20315e-23  2.96876e-28 -2.38027e-24 -1.14099e-28 -3.07897e-24  4.41624e-29 -4.63839e-25 -1.59261e-29  1.86293e-25  5.28177e-30  8.64179e-26 -1.57197e-30   6.6933e-27  3.24729e-31 -4.47633e-27  1.38806e-32 -1.53042e-27 -3.93652e-32 -1.21756e-28  1.15031e-32  4.63707e-29  1.15134e-34  1.59226e-29 -7.77658e-34  1.82053e-30  1.02106e-34 -1.16079e-31  3.39497e-35 -7.13325e-32 -9.91887e-36 -1.07478e-32 -3.75635e-37 -5.75866e-34  4.30908e-37  6.19768e-35 -3.07188e-38  1.50339e-35 -8.73618e-39  1.32175e-36  1.23071e-39  5.09182e-38  4.50322e-41  -8.5504e-40 -3.59639e-42 -1.83313e-40 -1.32768e-42 -7.06798e-42  4.48357e-44 -9.74021e-44  6.08441e-46
 1.47614e-35 -5.20528e-27  5.71559e-35  2.21856e-25  8.60214e-35 -4.98152e-24  1.33514e-34  7.40969e-23 -7.75591e-35 -8.06348e-22  3.02711e-34  6.78431e-21 -2.81813e-33  -4.5683e-20  2.07616e-32  2.51929e-19 -1.28384e-31 -1.15599e-18   6.6636e-31  4.46172e-18 -2.93323e-30 -1.45887e-17  1.10203e-29   4.0574e-17 -3.53453e-29 -9.60939e-17  9.60191e-29  1.93453e-16 -2.16006e-28  -3.2927e-16   3.7865e-28  4.69006e-16 -4.12057e-28 -5.49059e-16 -2.13131e-28  5.11213e-16  2.58363e-27 -3.53398e-16  -8.2815e-27  1.48151e-16  1.87038e-26  4.38634e-18 -3.36346e-26 -5.41092e-17  4.95995e-26  3.09355e-17 -5.92732e-26   1.6277e-18  5.32336e-26  -1.0063e-17  -2.4142e-26  2.90183e-18   -2.848e-26  2.02052e-18  9.57939e-26 -1.16596e-18 -1.61547e-25 -3.43781e-19  2.07951e-25  3.06841e-19  -2.2284e-25  6.58079e-20  2.04584e-25 -6.48817e-20 -1.62263e-25 -1.61019e-20  1.10996e-25   1.0939e-20  -6.4993e-26  4.05823e-21  3.22432e-26 -1.24438e-21 -1.34552e-26 -8.26606e-22  4.78067e-27  2.64103e-23 -1.54876e-27  1.14641e-22  5.26391e-28  2.14837e-23 -1.99825e-28 -7.95348e-24  7.50952e-29 -4.08017e-24 -2.57524e-29 -2.51045e-25  8.78051e-30  2.81875e-25 -3.03288e-30  8.92388e-26  7.44003e-31  3.06127e-27   1.3676e-32 -4.62565e-27 -8.61638e-32 -1.28057e-27  2.42416e-32 -8.64464e-29  1.09002e-33  3.18908e-29 -1.84815e-33  9.92019e-30   2.1862e-34  1.11641e-30  7.09477e-35  -2.5345e-32 -1.97072e-35 -2.68908e-32 -5.56779e-37 -4.02529e-33   7.6338e-37 -2.59942e-34  -6.0374e-38  4.60205e-36 -1.36382e-38  2.33658e-36  2.04886e-39   2.0237e-37  5.93721e-41  7.99594e-39 -4.38757e-42  8.77175e-41 -1.66668e-42 -3.16285e-42  3.74019e-44 -7.03948e-44
 2.51099e-27  5.06345e-35 -1.89799e-25  8.60214e-35  5.63966e-24  9.16547e-35 -1.01866e-22  1.41358e-34  1.29175e-21 -4.33699e-34 -1.23662e-20  3.71016e-33   9.3321e-20 -3.28812e-32 -5.70954e-19  2.28086e-31  2.88667e-18 -1.31376e-30 -1.22207e-17  6.38992e-30  4.37094e-17 -2.65438e-29 -1.32818e-16  9.47337e-29  3.43796e-16 -2.90692e-28 -7.57925e-16  7.62518e-28  1.41838e-15 -1.68141e-27 -2.23674e-15  2.98781e-27  2.93343e-15 -3.75503e-27 -3.12583e-15  1.18243e-27  2.58902e-15  1.02155e-26 -1.50269e-15 -3.79346e-26  4.00189e-16   8.7936e-26  2.22457e-16 -1.58357e-25 -2.83104e-16  2.33596e-25  8.52789e-17  -2.8415e-25  4.89237e-17  2.75906e-25 -4.41933e-17 -1.86541e-25 -4.94151e-19  2.02418e-26  1.21668e-17  1.88789e-25 -1.98773e-18 -3.87305e-25 -2.76603e-18  5.23218e-25  6.46733e-19  -5.6539e-25  5.98694e-19  5.14362e-25 -1.21573e-19 -3.99637e-25 -1.24802e-19  2.64825e-25  1.07821e-20 -1.48151e-25  2.28628e-20  6.88772e-26  1.66832e-21 -2.62116e-26 -3.14051e-21  8.22929e-27 -8.32204e-22 -2.35613e-27  2.30487e-22  7.73781e-28  1.49293e-22 -2.99067e-28   9.6612e-24  1.04505e-28 -1.24229e-23 -3.12845e-29  -3.9153e-24  1.15117e-29  3.13113e-26 -5.24068e-30  2.91927e-25  1.55649e-30  7.04088e-26 -4.89436e-33  5.17534e-28 -1.68384e-31 -3.41555e-27    4.537e-32 -8.15867e-28    3.133e-33 -5.34913e-29 -3.57216e-33  1.48049e-29  3.89808e-34  4.41982e-30  1.19417e-34  4.99018e-31 -3.21001e-35  6.16416e-33 -5.59931e-37 -6.23518e-33  1.13635e-36 -9.49326e-34  -1.0633e-37 -6.48024e-35 -1.73665e-38 -1.18645e-36  2.96125e-39  1.57538e-37  6.59827e-41  1.34111e-38 -5.64242e-42   4.1709e-40 -1.57242e-42  4.62773e-42  1.97607e-44
 1.54013e-35  1.15715e-25  1.00169e-34 -4.98152e-24  9.16547e-35  1.13028e-22  6.92695e-35 -1.69967e-21   3.4483e-34  1.87087e-20 -4.16624e-33 -1.59301e-19  4.15942e-32  1.08621e-18 -3.31159e-31 -6.06965e-18  2.12893e-30  2.82404e-17 -1.14349e-29  -1.1061e-16  5.22176e-29   3.6734e-16 -2.04886e-28 -1.03873e-15  6.94607e-28  2.50427e-15 -2.03673e-27 -5.13961e-15  5.14267e-27  8.93494e-15 -1.10373e-26 -1.30316e-14  1.95165e-26  1.56791e-14 -2.61088e-26 -1.50964e-14  1.78352e-26   1.0933e-14  2.92248e-26 -5.01853e-15  -1.4515e-25  2.67926e-16  3.50059e-25  1.56317e-15 -6.30299e-25 -1.05519e-15  9.21653e-25  4.35801e-17 -1.11819e-24  3.07223e-16  1.11284e-24 -1.20371e-16 -8.51895e-25 -5.32771e-17  3.70114e-25  4.35478e-17  2.16716e-25  7.05474e-18 -7.56894e-25  -1.1232e-17  1.11957e-24 -1.09582e-18 -1.23773e-24  2.43848e-18  1.12455e-24  3.16694e-19 -8.60262e-25 -4.45373e-19  5.53832e-25 -1.04234e-19 -2.95981e-25  6.10804e-20  1.28263e-25  2.60794e-20 -4.38011e-26  -4.2099e-21  1.17439e-26 -4.35889e-21 -2.91454e-27 -4.07987e-22  1.00966e-27  4.06243e-22  -4.1531e-28  1.38507e-22  1.19809e-28 -4.99967e-24 -2.25592e-29 -1.31642e-23  1.11144e-29 -2.89849e-24 -8.50834e-30  1.89277e-25  3.00626e-30  2.25251e-25 -5.32647e-32  4.44476e-26 -2.98163e-31 -1.65772e-28  7.58156e-32 -1.86436e-27  6.49273e-33 -4.02654e-28 -5.82902e-33 -2.81694e-29  5.94431e-34  4.50943e-30  1.66623e-34  1.39278e-30 -4.44407e-35   1.5756e-31  -1.3647e-37  5.70575e-33   1.4678e-36 -7.88449e-34 -1.71065e-37 -1.31085e-34 -1.81511e-38 -8.73953e-36  3.79326e-39 -2.50904e-37  6.52785e-41  1.72319e-39  -7.0868e-42   2.6574e-40 -1.08835e-42  3.74197e-42
-4.44366e-26  1.83997e-35  3.39261e-24  1.33514e-34 -1.01866e-22  6.92695e-35  1.86013e-21  -4.1385e-35 -2.38587e-20  3.17426e-33  2.31148e-19 -4.24601e-32 -1.76631e-18  3.96544e-31  1.09495e-17 -2.89175e-30 -5.61299e-17  1.72529e-29  2.41115e-16 -8.66213e-29 -8.75802e-16  3.71997e-28  2.70527e-15 -1.37993e-27 -7.12634e-15  4.44457e-27    1.601e-14 -1.24436e-26  -3.0583e-14  3.01775e-26  4.93371e-14 -6.27323e-26 -6.63919e-14    1.091e-25  7.29312e-14 -1.49376e-25  -6.2802e-14  1.29483e-25  3.86962e-14  4.29813e-26 -1.22524e-14 -4.72602e-25 -4.19033e-15  1.21192e-24  7.09539e-15 -2.18385e-24 -2.69781e-15   3.1483e-24  -9.5928e-16 -3.76496e-24  1.20364e-15   3.7435e-24 -1.05523e-16 -2.99629e-24 -3.08076e-16  1.69224e-24  8.51706e-17 -1.79126e-25  6.65193e-17 -1.16416e-24 -2.53222e-17  2.05593e-24 -1.42836e-17 -2.37711e-24  5.17964e-18  2.18031e-24   3.1368e-18 -1.65321e-24 -7.00372e-19  1.03777e-24 -6.35332e-19 -5.29607e-25   2.3178e-20  2.12209e-25  1.01167e-19 -6.33098e-26  1.57832e-20  1.35263e-26 -1.00262e-20 -2.85737e-27  -4.1086e-21   1.3112e-27  1.60038e-22 -5.89879e-28  4.52913e-22  1.06645e-28  9.65556e-23  1.43016e-29 -1.33868e-23  4.78116e-30 -1.05096e-23 -1.33358e-29 -1.73334e-24  5.33722e-30  1.88497e-25 -1.27797e-31  1.34403e-25 -4.79898e-31   2.2988e-26  1.12495e-31 -3.81281e-30  1.11593e-32 -7.54461e-28 -8.17349e-33 -1.52729e-28  7.86163e-34  -1.1698e-29  1.93827e-34  7.87457e-31 -5.32703e-35  2.97545e-31  8.99635e-37  3.33511e-32  1.66964e-36  1.61742e-33  -2.5021e-37  -3.0541e-35 -1.50862e-38 -9.28985e-36  4.32462e-39 -5.46927e-37  5.92784e-41   -1.355e-38 -7.49341e-42 -9.13481e-41 -4.88849e-43
 3.83945e-35  -1.7033e-24 -7.17202e-36  7.40969e-23  1.41358e-34 -1.69967e-21  -4.1385e-35  2.58519e-20  -1.1246e-33 -2.87974e-19  3.18718e-32  2.48288e-18 -3.86329e-31 -1.71531e-17  3.30278e-30  9.71788e-17 -2.22218e-29 -4.58752e-16  1.23401e-28  1.82454e-15 -5.80417e-28 -6.15863e-15  2.34773e-27  1.77188e-14 -8.24089e-27  -4.3518e-14  2.52233e-26   9.1124e-14  -6.7395e-26 -1.61934e-13  1.56739e-25  2.42045e-13 -3.14507e-25 -2.99559e-13  5.33838e-25  2.98489e-13 -7.31776e-25 -2.26475e-13   7.0262e-25  1.13152e-13 -1.25309e-25 -1.45553e-14 -1.31842e-24   -2.945e-14  3.71883e-24  2.37577e-14 -6.72309e-24 -3.10041e-15  9.51979e-24 -6.08888e-15  -1.1131e-23   3.1586e-15  1.08896e-23  8.29777e-16 -8.79185e-24 -1.05034e-15  5.47621e-24 -4.57385e-17 -1.87328e-24  2.64557e-16 -1.19269e-24  -4.1218e-18   3.2165e-24 -5.85193e-17  -4.0372e-24 -9.31363e-19  3.79758e-24   1.1424e-17 -2.88022e-24  1.31799e-18  1.77104e-24  -1.7961e-18 -8.62388e-25 -4.90056e-19  3.15661e-25   1.8096e-19 -7.83448e-26  1.03167e-19  1.10065e-26 -1.15085e-21  -2.0198e-27 -1.23217e-20   1.9577e-27 -2.77632e-21 -9.16463e-28  5.24436e-22  4.98662e-29  3.74335e-22  9.50876e-29  5.21142e-23 -9.76015e-30 -1.34753e-23  -2.0347e-29 -6.62668e-24  8.65043e-30  -8.7106e-25 -1.92485e-31  1.13853e-25 -7.01297e-31  6.27946e-26  1.46579e-31  9.76446e-27  1.67292e-32  1.34891e-28 -9.88875e-33 -2.21338e-28  9.04012e-34 -4.32899e-29  1.85009e-34 -3.55236e-30 -5.54578e-35  3.10871e-32  2.47782e-36  3.97118e-32  1.66743e-36  4.37486e-33 -3.29102e-37  2.23787e-34 -8.76471e-39  3.03732e-36   4.3671e-39 -2.38985e-37   4.9079e-41 -1.11666e-38 -5.93593e-42  -1.2017e-40
 5.51577e-25  7.27643e-35 -4.25543e-23 -7.75591e-35  1.29175e-21   3.4483e-34 -2.38587e-20  -1.1246e-33  3.09692e-19 -1.17847e-32 -3.03805e-18  2.83065e-31  2.35208e-17 -3.11012e-30 -1.47823e-16  2.44103e-29  7.68805e-16 -1.52174e-28 -3.35322e-15  7.88707e-28  1.23777e-14 -3.48233e-27 -3.88938e-14  1.32854e-26  1.04346e-13 -4.41649e-26  -2.3908e-13  1.28501e-25  4.66572e-13 -3.27586e-25 -7.70651e-13  7.29822e-25  1.06504e-12  -1.4101e-24  -1.2071e-12  2.32364e-24  1.08127e-12 -3.14607e-24 -7.06437e-13  3.15736e-24  2.58784e-13 -1.34605e-24  4.70796e-14 -3.13338e-24 -1.24319e-13  1.02644e-23  5.82123e-14 -1.86785e-23   1.1205e-14  2.58977e-23 -2.27288e-14 -2.94148e-23  4.29285e-15  2.80054e-23  5.30733e-15 -2.23369e-23 -2.21241e-15  1.44361e-23 -1.05208e-15 -6.51703e-24  6.28444e-16  1.00594e-25  2.18638e-16  4.12879e-24 -1.35142e-16 -6.06119e-24  -5.0951e-17  5.99377e-24  2.18378e-17 -4.60497e-24  1.16352e-17  2.79021e-24 -2.03712e-18  -1.2947e-24 -2.15653e-18   4.2506e-25 -1.04792e-19 -7.91708e-26  2.67954e-19  1.35352e-27  7.14166e-20  -6.9339e-28 -1.38848e-20  3.46568e-27 -1.06911e-20 -1.52843e-27 -1.32519e-21 -6.71183e-29  5.73165e-22  2.33474e-28  2.44358e-22 -3.29484e-29  2.23864e-23 -3.00699e-29 -9.08299e-24  1.27328e-29 -3.37537e-24 -1.70757e-31 -3.79168e-25 -9.27271e-31  4.69119e-26  1.64264e-31  2.28421e-26   2.2326e-32  3.34393e-27 -1.02188e-32  1.06097e-28  8.88954e-34 -4.45894e-29  1.38043e-34 -8.74647e-30 -4.90608e-35 -7.36605e-31  4.16885e-36 -1.66028e-32  1.41731e-36   2.7853e-33 -3.85754e-37  3.14019e-34 -1.20608e-39  1.41825e-35  3.86182e-39   2.5831e-37  3.54152e-41 -1.52283e-40 -3.01216e-42
-2.10246e-35  1.83343e-23  8.71523e-35 -8.06348e-22 -4.33699e-34  1.87087e-20  3.17426e-33 -2.87974e-19 -1.17847e-32  3.24812e-18 -1.03983e-31 -2.83732e-17  2.23105e-30  1.98723e-16 -2.23606e-29 -1.14217e-15  1.61839e-28  5.47421e-15 -9.37987e-28 -2.21233e-14  4.54858e-27  7.59535e-14  -1.8886e-26 -2.22505e-13  6.80439e-26  5.57159e-13 -2.14398e-25 -1.19129e-12  5.93215e-25  2.16595e-12  -1.4427e-24 -3.32088e-12  3.07667e-24  4.23145e-12 -5.71382e-24 -4.36685e-12  9.10647e-24  3.47163e-12 -1.20703e-23 -1.87885e-12  1.22799e-23  3.72527e-13 -6.83949e-24  3.94858e-13  -6.1707e-24 -3.90131e-13  2.58026e-23  8.53117e-14 -4.74248e-23  8.54166e-14  6.41877e-23 -5.88231e-14 -7.03988e-23 -7.00734e-15  6.46256e-23  1.80957e-14 -5.01687e-23 -1.30027e-15  3.26115e-23 -4.41393e-15 -1.65997e-23  6.03195e-16  4.33703e-24  9.86243e-16  3.77642e-24 -1.06234e-16  -7.9417e-24 -2.04273e-16  8.61754e-24  6.96486e-19  -6.8287e-24  3.60422e-17  4.10771e-24  5.32631e-18 -1.81306e-24 -4.57038e-18  5.19363e-25 -1.63737e-18 -5.41022e-26  2.50975e-19  -1.7753e-26  2.52068e-19  2.42142e-28  3.16858e-20  6.51106e-27 -1.74011e-20  -2.5547e-27 -7.16938e-21 -2.62775e-28 -3.87696e-22  4.35475e-28  4.22325e-22 -6.22559e-29  1.30359e-22 -4.26147e-29  8.05685e-24  1.69515e-29 -4.53367e-24  4.08785e-32 -1.39749e-24 -1.10163e-30 -1.44095e-25  1.50932e-31  1.30336e-26  2.66836e-32  6.32566e-27 -8.71943e-33  8.89681e-28  6.98279e-34  4.23361e-29  7.16042e-35 -5.46862e-30 -3.36353e-35 -1.17225e-30  5.30804e-36 -9.63698e-32   9.2725e-37 -3.38043e-33 -4.00562e-37  5.58957e-35  5.01314e-39    9.573e-36  2.93331e-39  3.05291e-37   2.0559e-41  2.56555e-39
 -5.1635e-24 -4.66533e-35  4.02752e-22  3.02711e-34 -1.23662e-20 -4.16624e-33  2.31148e-19  3.18718e-32 -3.03805e-18 -1.03983e-31  3.01947e-17 -8.11746e-31 -2.36992e-16  1.57601e-29    1.511e-15 -1.44876e-28 -7.97806e-15    9.708e-28  3.53558e-14 -5.24653e-27 -1.32725e-13  2.38562e-26  4.24578e-13 -9.32984e-26 -1.16102e-12  3.17807e-25  2.71528e-12 -9.49842e-25 -5.41822e-12  2.50017e-24  9.17143e-12 -5.80057e-24 -1.30292e-11  1.18348e-23  1.52495e-11 -2.10989e-23 -1.42181e-11  3.24343e-23  9.84013e-12 -4.18291e-23 -4.09156e-12  4.23601e-23 -2.22116e-13 -2.65137e-23  1.63129e-12 -9.19479e-24 -9.31084e-13  5.97545e-23 -5.53745e-14 -1.11228e-22  3.19005e-13  1.46447e-22 -9.54426e-14 -1.54167e-22 -6.56244e-14  1.35233e-22  4.02183e-14 -1.00865e-22  1.10719e-14  6.46465e-23 -1.10644e-14 -3.50192e-23 -2.08028e-15  1.37612e-23   2.4618e-15  4.83802e-25  5.29415e-16 -8.71807e-24 -4.44361e-16  1.13087e-23  -1.4507e-16 -9.48625e-24  5.67313e-17  5.71655e-24  3.23575e-17 -2.39495e-24 -2.51637e-18  5.74148e-25 -4.94856e-18  7.90363e-27 -7.53955e-19 -4.72901e-26   4.0042e-19 -5.87912e-28  1.75238e-19  1.17358e-26  4.64896e-21 -4.05871e-27  -1.4003e-20 -5.55266e-28 -3.88668e-21  6.94331e-28 -7.73791e-24 -9.18712e-29   2.3602e-22 -5.73942e-29  5.79371e-23   2.0305e-29  2.69449e-24  5.33673e-31 -1.71669e-24 -1.15874e-30 -4.66345e-25  9.76688e-32 -4.66296e-26  2.84572e-32  2.12483e-27 -5.57336e-33  1.27937e-27  3.13649e-34  1.74433e-28  2.15312e-35  1.00724e-29 -1.02131e-35 -2.68745e-31  5.32622e-36 -9.27432e-32  2.77744e-37 -7.07774e-33 -3.66945e-37 -2.44681e-34  8.03485e-39 -2.23377e-36  1.85237e-39  6.31633e-38  8.17558e-42
 2.68796e-35 -1.52502e-22 -2.41345e-34  6.78431e-21  3.71016e-33 -1.59301e-19 -4.24601e-32  2.48288e-18  2.83065e-31 -2.83732e-17 -8.11746e-31  2.51263e-16 -5.68549e-30 -1.78524e-15  1.00612e-28  1.04166e-14 -8.52324e-28  -5.0723e-14  5.30624e-27  2.08452e-13 -2.68091e-26 -7.28457e-13  1.14525e-25  2.17466e-12 -4.22474e-25 -5.55645e-12    1.362e-24  1.21422e-11 -3.86384e-24 -2.26074e-11  9.67893e-24  3.55888e-11 -2.14233e-23 -4.67315e-11  4.18029e-23  4.99892e-11 -7.14726e-23 -4.16484e-11  1.05763e-22  2.43206e-11 -1.32135e-22 -6.41854e-12  1.31638e-22 -3.89034e-12 -8.67598e-23   4.9352e-12 -6.33771e-24 -1.52752e-12  1.28929e-22 -8.73895e-13 -2.43249e-22  8.27875e-13  3.10279e-22 -5.76832e-15 -3.11525e-22 -2.34677e-13  2.58612e-22  4.57447e-14 -1.82863e-22  5.45689e-14  1.13735e-22 -1.53866e-14  -6.3933e-23  -1.2165e-14  3.08739e-23  3.18225e-15 -8.05303e-24   2.6653e-15 -6.96652e-24 -3.77833e-16  1.35158e-23 -5.25099e-16 -1.24686e-23 -1.34662e-17   7.6042e-24  7.96901e-17 -3.01755e-24  1.71612e-17  5.68021e-25 -7.05485e-18  1.13895e-25 -3.67234e-18 -8.62291e-26 -6.84594e-20 -4.72548e-27  3.57755e-19  1.94996e-26  9.51188e-20 -5.98828e-27 -5.78132e-21 -9.57269e-28 -8.52061e-21   9.8868e-28 -1.75602e-21 -1.13655e-28  6.10811e-23 -7.30425e-29  1.03892e-22  2.16574e-29  2.15935e-23  1.33313e-30  9.32299e-25 -1.04233e-30  -4.8844e-25  7.41258e-33 -1.22558e-25  2.66955e-32 -1.21928e-26 -1.68981e-33  5.98198e-29 -2.54668e-34  1.76331e-28  2.56946e-35  2.34701e-29  1.86901e-35   1.4299e-30  4.09386e-36  1.75496e-32 -3.81115e-37 -3.45302e-33 -2.95336e-37 -2.34755e-34  7.63874e-39 -5.72834e-36  9.15019e-40 -3.54588e-38
 3.80625e-23   1.2496e-34 -3.00314e-21 -2.81813e-33   9.3321e-20  4.15942e-32 -1.76631e-18 -3.86329e-31  2.35208e-17  2.23105e-30 -2.36992e-16 -5.68549e-30  1.88696e-15 -3.60343e-29 -1.22132e-14  5.84548e-28  6.55138e-14 -4.58229e-27 -2.95213e-13  2.65853e-26  1.12792e-12 -1.25859e-25 -3.67623e-12  5.05978e-25  1.02551e-11 -1.76282e-24 -2.45024e-11  5.38358e-24  5.00405e-11 -1.45056e-23 -8.68884e-11  3.45927e-23   1.2701e-10 -7.30517e-23 -1.53653e-10  1.36292e-22  1.49212e-10  -2.2332e-22 -1.09308e-10  3.17624e-22  5.08781e-11 -3.83195e-22 -2.67871e-12  3.72539e-22  -1.6633e-11 -2.49662e-22  1.15967e-11   1.8747e-23  -6.6113e-13  2.62153e-22  -3.4528e-12 -5.00172e-22  1.48015e-12  6.15134e-22  5.83086e-13 -5.85029e-22 -5.48815e-13  4.54618e-22 -6.53712e-14 -2.99902e-22  1.46485e-13  1.78112e-22   7.2367e-15 -1.02951e-22 -3.33598e-14  5.77811e-23 -2.55139e-15 -2.45546e-23  6.53857e-15  -9.2262e-25  1.14145e-15  1.45835e-23 -1.00233e-15 -1.56649e-23 -3.44314e-16  9.76707e-24  9.07425e-17 -3.66626e-24  6.64573e-17  4.89681e-25  2.53029e-18  2.63605e-25 -7.30981e-18 -1.31269e-25 -2.01516e-18 -1.34082e-26  2.23191e-19  2.96792e-26   2.3458e-19 -8.16414e-27   4.1509e-20 -1.47033e-27 -6.14985e-21  1.28609e-27 -4.14029e-21 -1.19248e-28 -6.77262e-22 -8.76028e-29  3.65204e-23   2.0078e-29  3.63048e-23  2.35403e-30  6.69653e-24 -7.24212e-31  3.22251e-25 -1.02496e-31 -1.00441e-25  2.12646e-32 -2.43961e-26  1.52126e-33 -2.40956e-27 -9.63722e-34 -5.64023e-29  1.03968e-34  1.45942e-29  4.90263e-35  1.95702e-30  2.03619e-36  1.11961e-31  -8.7633e-37   2.5898e-33 -2.07635e-37 -2.75983e-35  5.15781e-39  -2.0476e-36  3.04917e-40
-3.32383e-35  1.01463e-21  1.58305e-33  -4.5683e-20 -3.28812e-32  1.08621e-18  3.96544e-31 -1.71531e-17 -3.11012e-30  1.98723e-16  1.57601e-29 -1.78524e-15 -3.60343e-29  1.28765e-14 -2.08077e-28 -7.63282e-14  3.10934e-27  3.77905e-13 -2.26362e-26 -1.58051e-12  1.22718e-25  5.62672e-12  -5.4547e-25  -1.7132e-11  2.06684e-24   4.4707e-11 -6.80843e-24 -9.99411e-11  1.97126e-23  1.90741e-10 -5.04738e-23 -3.08602e-10  1.14628e-22   4.1801e-10 -2.30971e-22 -4.63893e-10  4.11939e-22  4.05149e-10 -6.46509e-22 -2.54471e-10  8.82777e-22   8.3163e-11 -1.02599e-21  2.76408e-11   9.6782e-22 -4.96993e-11 -6.45605e-22  2.02509e-11  1.01239e-22  6.35783e-12  5.07997e-22 -9.14066e-12 -9.73893e-22  1.16683e-12  1.14868e-21  2.35142e-12  -1.0275e-21 -8.00474e-13  7.37889e-22 -5.05588e-13 -4.44474e-22  2.45005e-13    2.468e-22  1.09905e-13 -1.47202e-22  -5.4124e-14  9.54658e-23 -2.55373e-14 -5.17858e-23  8.59565e-15  1.12534e-23   5.6864e-15  1.38964e-23 -6.73364e-16 -1.90032e-23 -1.02194e-15  1.22136e-23 -9.22711e-17 -4.33837e-24    1.207e-16  3.43632e-25   3.8269e-17  4.47186e-25 -4.94442e-18  -1.7716e-25 -5.19659e-18 -2.71072e-26 -8.23545e-19  4.16145e-26  2.34615e-19  -1.0319e-26  1.22116e-19 -2.08261e-27  1.49399e-20  1.55146e-27 -3.55494e-21 -1.02543e-28 -1.64127e-21 -9.89143e-29 -2.26549e-22  1.51432e-29  1.20121e-23   3.3883e-30   9.9599e-24 -2.15064e-31  1.68718e-24 -2.03409e-31  9.54907e-26  1.29957e-32 -1.36886e-26  2.65864e-33 -3.46956e-27 -1.73539e-33 -3.33003e-28  2.44595e-34 -1.27467e-29  7.55557e-35  5.20604e-31 -7.94189e-38  8.54789e-32 -1.08877e-36  4.01446e-33 -1.26251e-37  7.47397e-35  2.44463e-39  2.43941e-37
-2.27206e-22 -6.43605e-34   1.8144e-20  2.07616e-32 -5.70954e-19 -3.31159e-31  1.09495e-17  3.30278e-30 -1.47823e-16 -2.23606e-29    1.511e-15  1.00612e-28 -1.22132e-14 -2.08077e-28  8.03062e-14 -1.10104e-27 -4.37983e-13  1.52207e-26  2.00839e-12 -1.03233e-25  -7.8164e-12  5.24201e-25  2.59793e-11  -2.1916e-24  -7.3998e-11  7.83724e-24  1.80798e-10  -2.4434e-23 -3.78274e-10  6.71168e-23   6.7445e-10 -1.63385e-22 -1.01548e-09  3.53446e-22  1.27106e-09 -6.79568e-22 -1.28651e-09  1.15844e-21  9.97036e-10 -1.74063e-21 -5.14121e-10  2.27975e-21  7.50129e-11 -2.54788e-21  1.34009e-10  2.32222e-21 -1.16059e-10 -1.52034e-21  1.92254e-11  3.03316e-22  2.92767e-11  9.47608e-22 -1.74485e-11 -1.80598e-21 -3.39011e-12   2.0318e-21  5.84326e-12 -1.69733e-21 -1.20364e-13  1.10945e-21 -1.50371e-12 -5.91147e-22   1.3386e-13  2.96318e-22  3.46837e-13 -1.86236e-22 -2.19928e-14  1.43317e-22  -7.2798e-14 -9.20832e-23 -2.63037e-15  3.10904e-23  1.28114e-14   1.1049e-23  2.39349e-15 -2.24682e-23 -1.57786e-15   1.4948e-23 -6.54529e-16 -5.03979e-24  7.01353e-17  1.52829e-25   9.5578e-17  6.45052e-25  1.49266e-17 -2.17724e-25 -5.96552e-18 -4.52293e-26 -2.85432e-18  5.42454e-26 -2.36989e-19 -1.21753e-26  1.47368e-19 -2.77241e-27  5.22962e-20  1.75701e-27  4.60512e-21 -6.14232e-29 -1.45751e-21 -1.05033e-28 -5.32517e-22  7.06075e-30 -6.57024e-23  4.13977e-30  2.27825e-24  4.37124e-31  2.08434e-24 -2.63779e-31  3.31662e-25  3.45976e-33  2.12693e-26  9.23867e-34 -9.71804e-28 -2.46215e-33 -3.22618e-28  4.05989e-34  -2.9163e-29  9.29936e-35 -1.21176e-30 -1.55182e-36 -6.37097e-33 -1.01169e-36  1.37183e-33 -6.51125e-38  4.00843e-35  7.00573e-40
 1.66945e-34 -5.52516e-21 -1.03033e-32  2.51929e-19  2.28086e-31 -6.06965e-18 -2.89175e-30  9.71788e-17  2.44103e-29 -1.14217e-15 -1.44876e-28  1.04166e-14  5.84548e-28 -7.63282e-14 -1.10104e-27  4.60013e-13 -5.36574e-27 -2.31761e-12   6.8876e-26  9.87277e-12 -4.36432e-25 -3.58379e-11  2.08013e-24  1.11395e-10 -8.19291e-24 -2.97175e-10  2.76834e-23  6.80276e-10 -8.17549e-23 -1.33225e-09  2.13182e-22  2.21765e-09 -4.93581e-22 -3.10192e-09  1.01727e-21   3.5746e-09 -1.86637e-21 -3.27387e-09  3.04043e-21  2.20613e-09 -4.37216e-21 -8.55915e-10  5.48868e-21 -1.21667e-10 -5.89054e-21  4.06274e-10   5.1712e-21 -2.10823e-10 -3.28991e-21 -2.73236e-11  7.15849e-22   8.0927e-11  1.71417e-21  -2.0513e-11 -3.20257e-21 -1.82769e-11  3.41985e-21   9.8141e-12 -2.65091e-21  3.39257e-12  1.54887e-21 -2.85621e-12 -6.93059e-22 -6.77287e-13  2.90691e-22  6.56371e-13 -2.04832e-22  1.69919e-13  1.99212e-22 -1.20108e-13 -1.46849e-22 -4.50213e-14    5.935e-23  1.50516e-14  5.99924e-24   9.8338e-15 -2.60812e-23 -4.71994e-16  1.79366e-23 -1.47569e-15 -5.77639e-24 -2.63019e-16 -4.27495e-26  1.12878e-16  8.30547e-25  5.55105e-17 -2.47483e-25  2.85058e-18 -6.60947e-26 -4.12741e-18  6.64037e-26 -1.27292e-18 -1.35306e-26 -3.66764e-20 -3.51632e-27  6.85518e-20   1.8891e-27  1.87473e-20  2.06943e-30  1.28889e-21 -1.04532e-28  -4.4622e-22 -3.43245e-30 -1.39792e-22  4.30246e-30 -1.61252e-23  1.15924e-30  1.23327e-25 -2.60058e-31  3.16401e-25 -5.53533e-33  4.80154e-26  -3.4788e-33   3.2496e-27 -3.02627e-33   1.0066e-29  5.34407e-34 -1.68636e-29  9.77911e-35 -1.39325e-30 -2.08162e-36 -4.91939e-32 -7.46631e-37 -6.00111e-34 -2.72537e-38  2.00085e-36
 1.11933e-21  3.79403e-33 -9.05275e-20 -1.28384e-31  2.88667e-18  2.12893e-30 -5.61299e-17 -2.22218e-29  7.68805e-16  1.61839e-28 -7.97806e-15 -8.52324e-28  6.55138e-14  3.10934e-27 -4.37983e-13 -5.36574e-27  2.43071e-12 -2.41887e-26 -1.13524e-11   2.8926e-25  4.50461e-11 -1.71664e-24 -1.52822e-10  7.69413e-24  4.44896e-10 -2.85891e-23 -1.11271e-09  9.13715e-23  2.38758e-09 -2.55795e-22 -4.37601e-09  6.33502e-22  6.79398e-09 -1.39544e-21 -8.80768e-09  2.74037e-21  9.29897e-09 -4.79739e-21 -7.62125e-09  7.46717e-21  4.31942e-09  -1.0273e-20 -9.93415e-10   1.2354e-20 -8.50442e-10 -1.27181e-20  9.52484e-10  1.07286e-20 -2.60262e-10 -6.58465e-21 -1.93213e-10  1.44465e-21  1.63133e-10  3.01724e-21  5.71713e-12 -5.44371e-21 -4.95321e-11  5.49649e-21   8.0416e-12 -3.93313e-21  1.20947e-11  2.01098e-21 -3.01503e-12 -6.85258e-22 -2.78511e-12  1.86723e-22  6.45194e-13 -1.86298e-22  6.22022e-13  2.60237e-22 -7.34518e-14 -2.16065e-22 -1.23982e-13  9.55768e-23 -5.61455e-15 -8.35245e-25  1.88899e-14 -2.98457e-23  4.47993e-15  2.10695e-23 -1.63065e-15 -6.54472e-24 -9.27695e-16 -1.91744e-25 -3.39837e-17  9.75367e-25  8.76522e-17 -2.63512e-25  2.52112e-17 -8.72178e-26 -9.25475e-19  7.71525e-26 -2.11727e-18 -1.43139e-26  -4.7475e-19 -4.29805e-27  4.41803e-21    1.949e-27  2.49575e-20  8.31699e-29  5.64962e-21   -9.665e-29  3.45246e-22 -1.53337e-29 -1.01454e-22  3.66062e-30 -2.89156e-23  1.86981e-30 -3.19313e-24 -1.85819e-31 -5.72937e-26 -1.24903e-32  3.19683e-26 -9.35294e-33  4.72402e-27 -3.32984e-33  3.10926e-28  5.88189e-34  7.10519e-30  8.96773e-35 -3.49879e-31 -1.83148e-36 -2.72344e-32 -4.38284e-37  -5.5348e-34 -8.14025e-39
-8.84683e-34  2.50174e-20  5.71844e-32 -1.15599e-18 -1.31376e-30  2.82404e-17  1.72529e-29 -4.58752e-16 -1.52174e-28  5.47421e-15    9.708e-28  -5.0723e-14 -4.58229e-27  3.77905e-13  1.52207e-26 -2.31761e-12 -2.41887e-26  1.18924e-11 -1.01258e-25 -5.16483e-11  1.13139e-24  1.91349e-10 -6.30238e-24 -6.07793e-10   2.6608e-23  1.65934e-09 -9.33877e-23 -3.89388e-09  2.82569e-22   7.8337e-09 -7.50361e-22 -1.34316e-08  1.76572e-21  1.94223e-08  -3.7011e-21 -2.32646e-08  6.92574e-21   2.2355e-08 -1.15678e-20 -1.61298e-08  1.71995e-20  7.23035e-09   -2.263e-20 -2.32268e-11  2.60566e-20 -2.72063e-09 -2.57102e-20  1.78112e-09  2.08034e-20 -3.36448e-11 -1.22504e-20 -5.80207e-10  2.57388e-21  2.30759e-10  5.16353e-21  1.07059e-10 -8.87625e-21 -9.22828e-11  8.45567e-21 -1.37339e-11 -5.56798e-21  2.57954e-11  2.43075e-21  1.79639e-12 -4.97103e-22 -6.07843e-12 -5.51167e-23 -5.64098e-13 -1.17915e-22  1.22376e-12  3.23841e-22  2.32551e-13 -2.97874e-22 -1.91336e-13  1.37758e-22 -6.94218e-14 -8.56663e-24  1.72989e-14 -3.36781e-23  1.34846e-14  2.41365e-23   6.4559e-16 -7.32701e-24 -1.48376e-15 -2.40559e-25 -4.29564e-16   1.0566e-24  4.10025e-17  -2.6688e-25  4.89443e-17 -1.05832e-25  9.22487e-18  8.60413e-26 -1.13106e-18 -1.45906e-26 -8.63589e-19 -5.11333e-27 -1.51299e-19  1.94754e-27  4.64527e-21  1.76671e-28  7.19701e-21 -8.13569e-29  1.41738e-21 -2.76546e-29  8.71318e-23  2.17631e-30 -1.63661e-23  2.49366e-30 -4.51305e-24 -5.51747e-32 -4.77661e-25 -1.65799e-32 -1.70434e-26 -1.49567e-32   1.8066e-27 -3.32427e-33  2.80117e-28  5.55201e-34  1.62918e-29  7.19535e-35  4.07844e-31 -1.21889e-36  5.13468e-34 -1.96789e-37 -8.79027e-35
-4.61079e-21 -1.88153e-32  3.77931e-19   6.6636e-31 -1.22207e-17 -1.14349e-29  2.41115e-16  1.23401e-28 -3.35322e-15 -9.37987e-28  3.53558e-14  5.30624e-27 -2.95213e-13 -2.26362e-26  2.00839e-12   6.8876e-26 -1.13524e-11 -1.01258e-25  5.40536e-11 -3.94972e-25 -2.18894e-10  4.13412e-24  7.58783e-10 -2.16589e-23 -2.26014e-09  8.62617e-23  5.79287e-09 -2.86293e-22 -1.27622e-08  8.20762e-22  2.40733e-08 -2.06855e-21 -3.85851e-08   4.6265e-21   5.1867e-08 -9.22914e-21   -5.717e-08  1.64555e-20  4.95434e-08  -2.6218e-20 -3.06757e-08  3.72265e-20  9.44732e-09 -4.68261e-20  4.09026e-09  5.16003e-20 -6.48989e-09  -4.8768e-20  2.50914e-09  3.78017e-20  9.44668e-10  -2.1269e-20 -1.23763e-09  4.10807e-21  1.35267e-10  8.55644e-21  3.35967e-10 -1.38766e-20 -1.09815e-10  1.24678e-20 -7.52021e-11  -7.5508e-21  3.55434e-11  2.73772e-21  1.68231e-11 -7.25999e-23 -8.17753e-12 -4.56324e-22 -4.00122e-12  2.95045e-24  1.34477e-12  3.88989e-22  9.13412e-13 -3.88316e-22 -1.08414e-13  1.82205e-22 -1.68551e-13 -1.59318e-23 -1.55311e-14 -3.73497e-23  2.03829e-14  2.68319e-23  6.56456e-15 -8.09294e-24  -8.3736e-16 -1.44471e-25 -9.04055e-16  1.06329e-24 -1.47424e-16 -2.62979e-25  4.01572e-17 -1.19506e-25  2.16019e-17  9.31787e-26  2.78135e-18 -1.45188e-26 -5.86817e-19 -5.96852e-27 -2.87196e-19  1.89737e-27 -4.17643e-20  2.78828e-28  1.41263e-21 -5.94447e-29  1.62569e-21 -3.95817e-29  2.88541e-22  2.93434e-32  1.88984e-23  2.97091e-30 -1.67119e-24  1.01257e-31 -4.97813e-25 -1.77338e-32 -4.96587e-26 -1.86858e-32 -2.16302e-27 -3.02633e-33  2.90038e-29   4.5455e-34  8.11117e-30  5.01861e-35  3.60308e-31 -6.28955e-37  5.50575e-33 -5.94513e-38
 3.88038e-33 -9.52101e-20 -2.66993e-31  4.46172e-18  6.38992e-30  -1.1061e-16 -8.66213e-29  1.82454e-15  7.88707e-28 -2.21233e-14 -5.24653e-27  2.08452e-13  2.65853e-26 -1.58051e-12 -1.03233e-25  9.87277e-12   2.8926e-25 -5.16483e-11 -3.94972e-25  2.28915e-10 -1.43995e-24   -8.665e-10  1.41516e-23  2.81568e-09 -6.98528e-23 -7.87572e-09  2.62795e-22  1.89682e-08 -8.25571e-22 -3.92484e-08   2.2441e-21  6.94013e-08 -5.37022e-21 -1.03873e-07  1.14188e-20  1.29471e-07 -2.16791e-20 -1.30604e-07  3.68248e-20  1.00748e-07 -5.59504e-20 -5.12237e-08   7.5836e-20  6.26531e-09 -9.11594e-20  1.48923e-08  9.60988e-20  -1.2455e-08 -8.69545e-20  1.87552e-09  6.45102e-20  3.35691e-09 -3.45737e-20 -1.96063e-09  5.90993e-21 -4.16316e-10  1.36515e-20   6.9026e-10 -2.07722e-20 -1.18391e-11  1.76299e-20 -1.84391e-10 -9.84366e-21   1.6951e-11  2.87734e-21  4.39698e-11  6.06612e-22 -3.07304e-12 -1.00697e-21 -9.55052e-12  1.64147e-22 -2.77554e-13  4.56868e-22  1.74507e-12  -4.8132e-22  3.15374e-13  2.23763e-22 -2.24307e-13 -2.14919e-23 -9.12571e-14 -4.04637e-23  1.08498e-14  2.87952e-23  1.38655e-14 -8.80665e-24  2.11519e-15  1.21511e-25 -8.94963e-16  1.00008e-24  -4.2298e-16 -2.60394e-25 -3.48714e-17 -1.26659e-25  2.20056e-17  9.91043e-26  7.83776e-18 -1.42812e-26  7.13681e-19 -6.87378e-27 -2.08632e-19  1.80695e-27 -7.81798e-20  3.87844e-28 -9.97359e-21 -3.26322e-29  2.07316e-22  -5.0463e-29  2.78878e-22 -2.41194e-30  4.56608e-23  3.26094e-30   3.1528e-24  2.46452e-31 -7.14642e-26 -1.64734e-32 -3.50443e-26 -1.96657e-32 -3.20357e-27 -2.51289e-33 -1.34636e-28  3.23561e-34 -1.50275e-30  2.99485e-35  6.94044e-32 -2.45999e-37  1.46651e-33
 1.60205e-20  7.82868e-32 -1.33189e-18 -2.93323e-30  4.37094e-17  5.22176e-29 -8.75802e-16 -5.80417e-28  1.23777e-14  4.54858e-27 -1.32725e-13 -2.68091e-26  1.12792e-12  1.22718e-25  -7.8164e-12 -4.36432e-25  4.50461e-11  1.13139e-24 -2.18894e-10 -1.43995e-24  9.05645e-10 -4.91985e-24 -3.21138e-09  4.54941e-23  9.79862e-09 -2.11905e-22 -2.57682e-08  7.53956e-22  5.83607e-08 -2.24395e-21 -1.13442e-07  5.78701e-21  1.87954e-07 -1.31546e-20 -2.62295e-07  2.65958e-20  3.02132e-07 -4.80529e-20 -2.76861e-07  7.77415e-20  1.86406e-07 -1.12593e-19  -7.1223e-08  1.45609e-19 -1.26983e-08 -1.67185e-19  3.69085e-08  1.68539e-19  -1.9001e-08 -1.45958e-19 -2.74816e-09  1.03585e-19  7.69836e-09 -5.27656e-20 -1.97503e-09  7.66708e-21 -1.79646e-09  2.08487e-20   9.9377e-10 -2.97241e-20  3.38266e-10   2.3908e-20 -3.01002e-10 -1.23748e-20 -6.78941e-11  2.83258e-21  7.20439e-11  1.50395e-21  1.75443e-11 -1.65857e-21 -1.38222e-11  3.37453e-22 -4.90256e-12  5.30837e-22  1.85096e-12 -5.69051e-22  1.13312e-12  2.56387e-22 -7.83902e-14 -2.39168e-23 -1.79654e-13 -4.24813e-23 -2.96386e-14   2.9679e-23  1.46906e-14  -9.4343e-24  6.85442e-15  5.54645e-25  2.80032e-16  8.86166e-25 -5.35338e-16 -2.68515e-25  -1.6018e-16 -1.26777e-25 -3.77671e-18  1.04527e-25   8.8375e-18 -1.40257e-26  2.38155e-18 -7.83346e-27  1.64609e-19  1.67923e-27 -5.48229e-20  5.02584e-28 -1.72095e-20 -3.56454e-30 -2.01187e-21 -5.96799e-29 -1.95707e-24 -4.68498e-30  3.43865e-23  3.34434e-30  5.27701e-24  3.49102e-31  3.65054e-25 -1.36294e-32  4.37334e-27 -1.79825e-32 -1.31079e-27 -1.89656e-33  -1.0692e-28  1.99215e-34 -3.42448e-30  1.48426e-35 -3.61474e-32 -6.58233e-38
 -1.4014e-32  3.06703e-19  1.05576e-30 -1.45887e-17 -2.65438e-29   3.6734e-16  3.71997e-28 -6.15863e-15 -3.48233e-27  7.59535e-14  2.38562e-26 -7.28457e-13 -1.25859e-25  5.62672e-12  5.24201e-25 -3.58379e-11 -1.71664e-24  1.91349e-10  4.13412e-24   -8.665e-10 -4.91985e-24  3.35506e-09 -1.57919e-23 -1.11668e-08  1.37654e-22  3.20413e-08 -6.05899e-22 -7.93043e-08    2.041e-21  1.68998e-07 -5.75959e-21 -3.08601e-07  1.41004e-20  4.78712e-07 -3.04556e-20 -6.21633e-07  5.85529e-20  6.58793e-07 -1.00663e-19 -5.42736e-07  1.55049e-19  3.08917e-07 -2.13933e-19 -6.96002e-08   2.6381e-19 -6.52761e-08 -2.89164e-19  7.29087e-08  2.78656e-19 -2.02555e-08 -2.30929e-19  -1.5268e-08  1.56754e-19  1.32923e-08 -7.57944e-20  3.19647e-10  8.92497e-21 -4.15946e-09   3.0325e-20  7.62986e-10 -4.05902e-20   1.0407e-09  3.10858e-20 -2.93205e-10 -1.50427e-20 -2.46406e-10  2.63697e-21  6.67504e-11  2.52464e-21  5.72803e-11 -2.32733e-21 -8.81659e-12  4.81665e-22  -1.2036e-11  6.15604e-22  -2.0759e-13 -6.42649e-22  1.95495e-12  2.74061e-22  4.13859e-13 -2.23049e-23 -1.85738e-13 -4.28022e-23 -9.56502e-14  2.92274e-23 -1.35904e-15   -9.947e-24  9.76601e-15   1.1218e-24  2.62378e-15  7.49487e-25 -1.51443e-16 -2.94725e-25 -2.36814e-16 -1.20274e-25  -5.0605e-17  1.10041e-25  9.88915e-19 -1.38328e-26  2.77202e-18 -8.83612e-27  6.08888e-19  1.51424e-27  3.62015e-20  6.20071e-28 -1.06505e-20  2.44442e-29 -2.97821e-21 -6.65347e-29 -3.26605e-22 -6.36195e-30 -7.26456e-24  3.22476e-30  2.76977e-24  3.92878e-31  4.07363e-25 -1.00688e-32  2.62045e-26 -1.44874e-32  6.47733e-28 -1.29187e-33 -1.60601e-29  1.04598e-34 -1.25733e-30  5.76415e-36 -1.63186e-32
-4.72042e-20 -2.72659e-31  3.98404e-18  1.10203e-29 -1.32818e-16 -2.04886e-28  2.70527e-15  2.34773e-27 -3.88938e-14  -1.8886e-26  4.24578e-13  1.14525e-25 -3.67623e-12  -5.4547e-25  2.59793e-11  2.08013e-24 -1.52822e-10 -6.30238e-24  7.58783e-10  1.41516e-23 -3.21138e-09 -1.57919e-23  1.16634e-08  -4.7724e-23 -3.65025e-08  3.92792e-22  9.86253e-08 -1.63589e-21 -2.29947e-07  5.22231e-21  4.61252e-07 -1.39834e-20 -7.91083e-07  3.25143e-20  1.14766e-06 -6.67492e-20 -1.38303e-06  1.22033e-19  1.34049e-06 -1.99571e-19  -9.7796e-07  2.92498e-19  4.44017e-07 -3.84209e-19 -4.75561e-10  4.51421e-19 -1.74697e-07 -4.72062e-19  1.17608e-07  4.34708e-19  -3.6989e-09 -3.44741e-19 -3.92066e-08  2.23868e-19   1.6748e-08 -1.02704e-19  7.13613e-09  9.20617e-21 -6.84739e-09  4.18404e-20 -7.99699e-10 -5.28142e-20  1.97131e-09  3.87438e-20  6.77213e-11 -1.77248e-20 -4.82701e-10  2.37152e-21 -2.66157e-11  3.53128e-21  1.02389e-10 -2.90823e-21   1.5491e-11  5.49637e-22 -1.72189e-11  7.15734e-22 -5.43848e-12 -6.93271e-22  1.78406e-12  2.71916e-22  1.17242e-12 -1.64655e-23  1.60306e-14 -4.08957e-23 -1.42047e-13  2.73446e-23 -3.67112e-14  -1.0316e-23  5.16369e-15  1.76383e-24   4.6822e-15  6.17567e-25  7.95877e-16 -3.42225e-25  -1.3039e-16 -1.08068e-25 -8.33517e-17  1.15923e-25 -1.36459e-17  -1.3712e-26  6.25158e-19 -9.84545e-27  6.88648e-19  1.31331e-27  1.29708e-19  7.33072e-28   7.5733e-21  4.79611e-29 -1.46396e-21  -7.0276e-29 -3.86781e-22 -7.16751e-30 -3.97977e-23  2.92987e-30 -1.45892e-24  3.79371e-31  1.19283e-25 -6.50861e-33  1.82979e-26 -1.03347e-32  9.85032e-28 -7.85095e-34   2.2324e-29  4.55178e-35  7.31223e-32  1.51712e-36
  4.0901e-32 -8.39532e-19 -3.53299e-30   4.0574e-17  9.47337e-29 -1.03873e-15 -1.37993e-27  1.77188e-14  1.32854e-26 -2.22505e-13 -9.32984e-26  2.17466e-12  5.05978e-25  -1.7132e-11  -2.1916e-24  1.11395e-10  7.69413e-24 -6.07793e-10 -2.16589e-23  2.81568e-09  4.54941e-23 -1.11668e-08  -4.7724e-23  3.81211e-08  -1.3605e-22 -1.12365e-07  1.05886e-21  2.86218e-07 -4.17746e-21  -6.2909e-07  1.26497e-20  1.18808e-06 -3.21613e-20 -1.91292e-06  7.10603e-20  2.59139e-06 -1.38688e-19 -2.88784e-06  2.41099e-19  2.53913e-06  -3.7492e-19  -1.6027e-06  5.22497e-19  5.10136e-07 -6.52765e-19  2.14113e-07  7.30054e-19  -3.5885e-07 -7.27819e-19  1.47731e-07  6.40283e-19  4.99044e-08 -4.86007e-19  -7.3499e-08  3.02102e-19   1.0579e-08 -1.31559e-19  2.00525e-08   8.1969e-21 -7.68039e-09  5.45847e-20 -4.46809e-09 -6.53897e-20  2.54056e-09  4.62867e-20  1.00731e-09 -2.02906e-20 -6.15721e-10  2.14277e-21 -2.51371e-10    4.376e-21  1.11019e-10 -3.29678e-21   6.2133e-11  4.97607e-22 -1.15836e-11  8.33758e-22 -1.25605e-11 -7.13274e-22 -5.91753e-13  2.47375e-22  1.69238e-12 -7.06877e-24  4.64028e-13 -3.64711e-23 -9.21524e-14  2.41319e-23  -7.3603e-14 -1.05016e-23 -9.84626e-15  2.40713e-24  3.88421e-15  5.08379e-25  1.77599e-15 -4.09328e-25  1.93405e-16 -9.11405e-26 -5.67724e-17   1.2205e-25 -2.39612e-17  -1.3609e-26 -3.19433e-18 -1.07932e-26  1.66176e-19   1.0819e-27  1.34006e-19  8.29291e-28  2.24122e-20  6.41437e-29  1.37661e-21 -7.02927e-29   -1.275e-22 -7.04445e-30 -3.51169e-23  2.50859e-30 -3.32056e-24  3.24293e-31 -1.39025e-25 -3.43878e-33  1.08288e-27 -6.51758e-33  3.70803e-28 -4.17996e-34  1.36385e-29  1.54894e-35  1.29348e-31
