 2.79786e-14 -7.40615e-27 -8.13184e-13  2.02402e-25   9.3591e-12 -1.95559e-24 -6.57431e-11  1.15038e-23  3.24213e-10 -4.90667e-23 -1.20066e-09  1.63265e-22  3.46188e-09 -4.37996e-22 -7.91232e-09  9.64654e-22  1.43877e-08 -1.76176e-21 -2.05522e-08  2.67627e-21  2.21228e-08 -3.36647e-21 -1.58385e-08  3.45464e-21  3.53099e-09 -2.79595e-21  7.39148e-09  1.64555e-21 -9.68065e-09 -5.29473e-22  3.47198e-09 -1.15536e-22  3.59046e-09  2.22753e-22  -4.6483e-09 -5.18107e-23  6.87745e-10 -9.63199e-23  2.29468e-09  1.06037e-22 -1.45972e-09 -3.93423e-23 -5.81114e-10 -1.12005e-23  9.05021e-10  1.87378e-23 -6.48797e-12 -7.08543e-24 -3.64647e-10 -8.06004e-25  6.86004e-11   1.5845e-24  1.05012e-10 -3.85188e-25 -2.54266e-11 -7.16353e-26 -1.99764e-11  3.39209e-26  2.74143e-12 -6.87221e-28  1.09788e-12
-7.40615e-27  1.15818e-12 -9.53084e-26 -1.91528e-11  1.99657e-24  1.67854e-10 -1.55138e-23 -9.76766e-10  7.72231e-23  4.14907e-09 -2.89507e-22 -1.35129e-08  8.64286e-22  3.46367e-08 -2.10307e-21 -7.06217e-08  4.22539e-21  1.14093e-07 -7.05161e-21   -1.425e-07  9.76007e-21  1.28201e-07  -1.1076e-20 -6.40767e-08  1.00121e-20 -1.78078e-08  -6.7068e-21  6.36977e-08  2.57475e-21 -4.67494e-08  5.58526e-22 -3.67689e-09 -1.69646e-21  3.25919e-08  1.20401e-21  -1.8994e-08 -2.25053e-22 -8.22073e-09 -3.41126e-22   1.4832e-08  3.44842e-22 -2.21677e-09 -1.20657e-22  -6.5485e-09 -2.78905e-23  3.15154e-09  4.58668e-23  1.94279e-09 -1.50928e-23 -1.62271e-09 -2.73167e-24 -3.97692e-10  3.12072e-24  5.05102e-10 -3.47073e-25  6.37216e-11  -2.0489e-25 -8.18787e-11  1.91515e-26 -8.39839e-12 -1.00582e-27
-8.13184e-13 -9.53084e-26  2.36371e-11 -8.45263e-25 -2.72061e-10  1.34496e-23  1.91112e-09 -8.39233e-23  -9.4243e-09  3.57524e-22  3.48971e-08 -1.18958e-21 -1.00597e-07  3.20971e-21  2.29832e-07 -7.13585e-21 -4.17659e-07  1.31967e-20  5.95939e-07 -2.03682e-20 -6.40067e-07  2.61229e-20  4.55613e-07  -2.7413e-20 -9.68113e-08  2.26734e-20  -2.1987e-07 -1.33708e-20  2.83553e-07  3.49924e-21 -9.96196e-08  2.94999e-21 -1.07476e-07 -4.54012e-21  1.37301e-07  2.81656e-21  -1.9794e-08  -4.9871e-22 -6.83474e-08 -6.76057e-22  4.35391e-08  6.49017e-22    1.716e-08 -2.12607e-22   -2.712e-08 -4.86845e-23  4.77932e-10  6.97744e-23  1.08801e-08 -1.70086e-23 -2.24115e-09 -6.03203e-24 -3.08869e-09  2.82543e-24  8.35974e-10  6.41692e-25  5.74858e-10 -2.28397e-25 -9.83011e-11 -4.39677e-26  -3.1591e-11
 2.02402e-25 -1.91528e-11 -8.45263e-25   3.1675e-10  -5.3444e-24  -2.7761e-09  6.27555e-23  1.61547e-08 -3.16583e-22 -6.86196e-08  1.16653e-21  2.23467e-07 -3.47292e-21 -5.72706e-07  8.53023e-21  1.16738e-06 -1.74707e-20 -1.88497e-06  3.00506e-20  2.35191e-06  -4.3476e-20 -2.11086e-06  5.26047e-20  1.04544e-06 -5.23532e-20  3.11058e-07  4.12108e-20 -1.06657e-06 -2.30983e-20   7.7722e-07  5.49033e-21  6.66272e-08  5.21975e-21 -5.48846e-07 -7.46882e-21  3.19638e-07  4.44514e-21  1.38212e-07 -7.47386e-22 -2.51085e-07 -9.98128e-22  3.94023e-08  9.08508e-22  1.10233e-07 -2.76808e-22 -5.48934e-08 -6.07318e-23 -3.18338e-08  6.76661e-23  2.81367e-08 -4.30124e-24  5.99129e-09 -7.07445e-24 -8.71476e-09 -2.44213e-24 -7.94014e-10  2.26152e-24  1.41547e-09  1.64831e-25  1.00069e-10 -3.84627e-26
  9.3591e-12  1.99657e-24 -2.72061e-10  -5.3444e-24  3.13155e-09 -2.26746e-23 -2.19989e-08  1.93388e-22  1.08487e-07 -7.84963e-22 -4.01726e-07  2.50888e-21  1.15805e-06 -6.73198e-21 -2.64572e-06  1.52193e-20  4.80739e-06 -2.91626e-20 -6.85757e-06  4.75846e-20  7.35993e-06  -6.6083e-20 -5.22609e-06  7.75577e-20  1.08252e-06 -7.55964e-20  2.57105e-06  5.88656e-20 -3.29708e-06 -3.31514e-20  1.15545e-06  8.64867e-21   1.2564e-06  6.16031e-21 -1.60954e-06 -9.37105e-21  2.40764e-07  5.49747e-21  7.98165e-07 -8.39854e-22 -5.19611e-07 -1.22215e-21 -1.92875e-07  1.03279e-21  3.21399e-07 -2.93861e-22 -1.30616e-08 -3.10196e-23 -1.27025e-07    9.031e-24  3.01925e-08   2.2418e-23  3.50789e-08  4.90158e-24 -1.11318e-08 -1.38228e-23 -6.28481e-09  2.43953e-24  1.40908e-09  7.66165e-25  3.41281e-10
-1.95559e-24  1.67854e-10  1.34496e-23  -2.7761e-09 -2.26746e-23  2.43319e-08  -6.0628e-23 -1.41603e-07  3.40365e-22  6.01541e-07 -1.00201e-21 -1.95923e-06  2.65566e-21  5.02196e-06  -6.4732e-21 -1.02385e-05  1.40669e-20  1.65358e-05 -2.69856e-20 -2.06358e-05  4.52671e-20  1.85197e-05  -6.5584e-20 -9.15415e-06  8.08337e-20 -2.78576e-06 -8.28618e-20  9.45149e-06  6.78373e-20 -6.90686e-06 -4.04534e-20 -5.63592e-07  1.22981e-20  4.87724e-06  5.53556e-21 -2.88795e-06 -9.73047e-21 -1.18931e-06  5.56015e-21  2.25076e-06 -6.56958e-22 -3.96394e-07 -1.28686e-21 -9.69261e-07  9.62558e-22  5.15031e-07 -2.87484e-22  2.65552e-07  1.07156e-22 -2.59341e-07 -1.25101e-22 -4.24011e-08  3.54086e-23  7.91323e-08  4.29954e-23  3.24761e-09 -2.50178e-23 -1.27622e-08 -7.36923e-25  -3.5659e-10  6.66335e-25
-6.57431e-11 -1.55138e-23  1.91112e-09  6.27555e-23 -2.19989e-08  -6.0628e-23  1.54554e-07 -7.52007e-23 -7.62288e-07 -7.93975e-24  2.82332e-06  9.64908e-22 -8.14113e-06 -3.40029e-21   1.8607e-05  7.43724e-21 -3.38284e-05 -1.12468e-20  4.82917e-05   1.0051e-20 -5.18847e-05  1.71106e-21  3.69019e-05 -2.52059e-20 -7.68094e-06  5.28964e-20 -1.82021e-05 -7.05994e-20  2.34787e-05  6.71516e-20 -8.39142e-06 -4.40794e-20 -8.81858e-06   1.5294e-20  1.15515e-05   3.8308e-21 -1.91993e-06 -8.24667e-21 -5.62019e-06  4.27297e-21  3.83156e-06  -1.2418e-22  1.25147e-06 -1.15028e-21 -2.32017e-06  7.19565e-22  1.83086e-07 -3.84991e-22  8.90532e-07  4.43213e-22 -2.56306e-07   -2.923e-22 -2.34413e-07 -2.33408e-23  9.18152e-08  1.03235e-22  3.92549e-08 -2.32785e-23 -1.22483e-08   -5.084e-24 -2.04598e-09
 1.15038e-23 -9.76766e-10 -8.39233e-23  1.61547e-08  1.93388e-22 -1.41603e-07 -7.52007e-23  8.24208e-07  1.38964e-22 -3.50218e-06 -2.17875e-21   1.1411e-05   8.8294e-21 -2.92652e-05   -2.319e-20  5.97111e-05  4.65286e-20 -9.65459e-05 -7.34555e-20  0.000120687  9.05117e-20 -0.000108615 -8.26684e-20  5.40609e-05  4.53157e-20  1.59484e-05  7.62144e-21 -5.55365e-05 -4.97978e-20  4.11932e-05  6.13013e-20  2.63192e-06 -4.35176e-20 -2.86315e-05  1.60586e-20  1.75973e-05  1.34978e-21  6.47588e-06 -4.54912e-21 -1.33805e-05  1.57525e-21   2.8069e-06  6.52466e-22  5.54878e-06 -8.25373e-22 -3.26239e-06  5.16527e-22 -1.38277e-06 -8.54523e-22  1.58878e-06  9.98367e-22  1.50602e-07 -3.46155e-22 -4.70875e-07 -1.96372e-22  1.28972e-08   1.4882e-22  7.42022e-08 -3.16773e-24 -2.16178e-09 -5.36572e-24
 3.24213e-10  7.72231e-23  -9.4243e-09 -3.16583e-22  1.08487e-07  3.40365e-22 -7.62288e-07  1.38964e-22  3.76074e-06  1.03333e-21 -1.39348e-05  -8.1555e-21  4.02076e-05  2.67128e-20 -9.19834e-05 -6.23689e-20  0.000167461  1.14165e-19 -0.000239548 -1.67107e-19  0.000258224  1.95138e-19 -0.000184885 -1.76225e-19   4.0115e-05   1.1079e-19  8.95864e-05 -2.73875e-20 -0.000117892 -3.47559e-20   4.4094e-05  5.36676e-20   4.2534e-05 -3.78027e-20 -5.84182e-05  1.43542e-20  1.14804e-05 -2.64941e-21  2.73291e-05  1.28477e-21 -2.01049e-05  -1.8891e-21 -5.19753e-06  1.38678e-21  1.17114e-05 -4.76372e-22 -1.59361e-06   8.4733e-22 -4.27636e-06 -1.98264e-21  1.55851e-06  1.57351e-21  1.03601e-06 -9.32382e-23 -5.33709e-07 -4.35691e-22 -1.52031e-07  1.32266e-22  7.30011e-08  2.14002e-23  6.97436e-09
-4.90667e-23  4.14907e-09  3.57524e-22 -6.86196e-08 -7.84963e-22  6.01541e-07 -7.93975e-24 -3.50218e-06  1.03333e-21  1.48879e-05  3.19188e-21 -4.85429e-05 -1.96296e-20  0.000124626  5.66207e-20 -0.000254672 -1.19701e-19  0.000412714  1.99023e-19 -0.000517752 -2.65277e-19  0.000468937  2.83049e-19 -0.000237574 -2.34247e-19  -6.3296e-05  1.35745e-19  0.000237811 -3.28691e-20 -0.000181702 -3.15502e-20  -5.4666e-06  4.49786e-20  0.000121846 -2.84905e-20 -7.96817e-05  1.32768e-20 -2.38128e-05 -9.33405e-21   5.7912e-05  7.98506e-21 -1.51601e-05 -4.99512e-21 -2.25123e-05  1.83101e-21  1.53134e-05  -5.5017e-22  4.69751e-06  2.40625e-21 -7.07709e-06 -3.74365e-21 -2.86193e-08  1.71631e-21  1.99396e-06  5.21027e-22  -2.4053e-07 -5.95406e-22 -2.97824e-07  4.73679e-23  3.25134e-08  2.78345e-23
-1.20066e-09 -2.89507e-22  3.48971e-08  1.16653e-21 -4.01726e-07 -1.00201e-21  2.82332e-06 -2.17875e-21 -1.39348e-05  3.19188e-21  5.16706e-05  7.02943e-21 -0.000149256 -3.72612e-20  0.000342016  9.75612e-20  -0.00062417 -1.87012e-19  0.000896162  2.80044e-19 -0.000971964 -3.35001e-19  0.000704928  3.18865e-19 -0.000165896 -2.31338e-19 -0.000326766  1.10837e-19   0.00044693 -1.04109e-20 -0.000179985 -3.74199e-20 -0.000149309  3.70446e-20  0.000222725 -2.19486e-20 -5.43027e-05  1.78409e-20 -9.73542e-05 -1.82416e-20  8.03089e-05  1.33929e-20  1.33068e-05 -6.88888e-21 -4.40051e-05  1.96137e-21  9.58447e-06 -1.86497e-21  1.47942e-05  5.67265e-21 -7.16741e-06 -5.50069e-21 -3.06736e-06  9.98193e-22  2.30525e-06  1.26634e-21  3.20758e-07 -5.46706e-22 -3.12068e-07 -5.17131e-23 -7.29321e-09
 1.63265e-22 -1.35129e-08 -1.18958e-21  2.23467e-07  2.50888e-21 -1.95923e-06  9.64908e-22   1.1411e-05  -8.1555e-21 -4.85429e-05  7.02943e-21  0.000158455  1.27404e-20 -0.000407501 -6.15223e-20   0.00083482  1.47538e-19  -0.00135799 -2.54373e-19   0.00171378  3.39121e-19  -0.00156911 -3.58594e-19  0.000819577  2.96935e-19  0.000176856 -1.78757e-19 -0.000778714  5.65297e-20  0.000624277  2.42616e-20 -1.40156e-05 -4.79916e-20 -0.000393338  3.54743e-20  0.000282107 -2.69213e-20  5.73457e-05  3.02973e-20 -0.000190993 -2.62872e-20  6.46002e-05  1.59697e-20  6.66082e-05  -7.2749e-21 -5.57089e-05  2.09154e-21 -9.28078e-06 -5.43619e-21  2.38319e-05  1.02871e-20 -2.73023e-06 -6.19359e-21 -6.15142e-06 -5.46052e-22  1.56638e-06  1.74855e-21  8.14048e-07 -3.03062e-22  -1.9575e-07 -9.15447e-23
 3.46188e-09  8.64286e-22 -1.00597e-07 -3.47292e-21  1.15805e-06  2.65566e-21 -8.14113e-06   8.8294e-21  4.02076e-05 -1.96296e-20 -0.000149256  1.27404e-20  0.000431883  2.08144e-20 -0.000992189 -9.38886e-20   0.00181763  2.04252e-19  -0.00262497 -3.12784e-19   0.00287488   3.6779e-19  -0.00212829 -3.40739e-19  0.000564525  2.41398e-19  0.000909602 -1.12661e-19  -0.00132752  3.18502e-21  0.000593277  5.72158e-20  0.000387275 -6.30479e-20 -0.000663222  4.82545e-20  0.000207481 -4.83874e-20  0.000258903  4.64427e-20 -0.000252783 -2.97631e-20  -1.1846e-05  1.57539e-20  0.000126323 -5.89664e-21 -4.22998e-05  3.04096e-21 -3.67875e-05 -1.18368e-20  2.54887e-05  1.48481e-20  5.25448e-06 -5.09741e-21 -7.50988e-06 -2.30989e-21  1.15943e-07  1.72611e-21  9.53786e-07 -1.33663e-23 -5.73971e-08
-4.37996e-22  3.46367e-08  3.20971e-21 -5.72706e-07 -6.73198e-21  5.02196e-06 -3.40029e-21 -2.92652e-05  2.67128e-20  0.000124626 -3.72612e-20 -0.000407501  2.08144e-20   0.00105068  3.22878e-20  -0.00216072 -1.34449e-19   0.00353511  2.59852e-19  -0.00450214 -3.49807e-19   0.00419079  3.63196e-19  -0.00229071 -2.98947e-19 -0.000323053  1.86812e-19   0.00199686 -6.70519e-20  -0.00172005 -3.20439e-20  0.000166175  8.51902e-20  0.000980852 -8.65711e-20  -0.00080233  8.12139e-20 -6.47511e-05  -8.1676e-20  0.000488769   5.7172e-20 -0.000220185 -2.75929e-20 -0.000140351   1.3081e-20  0.000159918  -2.1563e-21  4.37819e-07  6.06831e-21 -6.09548e-05 -2.04754e-20  1.68525e-05  1.76311e-20  1.33248e-05 -2.46143e-21 -6.42302e-06  -3.5577e-21 -1.25146e-06  1.27672e-21  7.33265e-07   1.4571e-22
-7.91232e-09 -2.10307e-21  2.29832e-07  8.53023e-21 -2.64572e-06  -6.4732e-21   1.8607e-05   -2.319e-20 -9.19834e-05  5.66207e-20  0.000342016 -6.15223e-20 -0.000992189  3.22878e-20   0.00228818  4.72931e-20  -0.00421581 -1.75376e-19   0.00614177  2.94514e-19  -0.00682492 -3.46937e-19   0.00520682  3.24547e-19  -0.00160957 -2.52633e-19  -0.00193912  1.58992e-19   0.00314747 -5.37263e-20  -0.00161127 -5.23447e-20 -0.000716865  1.12258e-19   0.00156596 -1.23577e-19 -0.000644608  1.32287e-19 -0.000502101 -1.11844e-19  0.000635431  5.53348e-20 -6.45536e-05 -2.17611e-20 -0.000275647  6.22284e-21  0.000141401  4.24186e-21   5.9753e-05  1.22876e-20 -7.00892e-05 -2.96409e-20    8.295e-07  1.76836e-20  1.80586e-05  7.02964e-22 -3.64294e-06 -3.95206e-21 -1.91951e-06  6.77465e-22  3.65919e-07
 9.64654e-22 -7.06217e-08 -7.13585e-21  1.16738e-06  1.52193e-20 -1.02385e-05  7.43724e-21  5.97111e-05 -6.23689e-20 -0.000254672  9.75612e-20   0.00083482 -9.38886e-20  -0.00216072  4.72931e-20    0.0044689  6.23326e-20  -0.00737417 -1.97446e-19   0.00951839  2.80916e-19  -0.00907553 -2.89593e-19   0.00528171  2.58693e-19  0.000215992  -2.1985e-19  -0.00403068  1.65859e-19   0.00385505 -6.01893e-20 -0.000756337 -6.98726e-20  -0.00187516  1.42131e-19   0.00185226 -1.76231e-19 -0.000131011  1.87412e-19 -0.000962791 -1.21532e-19  0.000601462  4.21358e-20  0.000179611 -1.34394e-20 -0.000360449 -8.77962e-21  7.00922e-05  1.21063e-20  0.000113597  2.20664e-20 -6.05178e-05 -3.73622e-20 -1.62531e-05  1.52041e-20  1.82141e-05  3.42455e-21 -6.09122e-07 -3.63537e-21 -1.77973e-06  2.04054e-22
 1.43877e-08  4.22539e-21 -4.17659e-07 -1.74707e-20  4.80739e-06  1.40669e-20 -3.38284e-05  4.65286e-20  0.000167461 -1.19701e-19  -0.00062417  1.47538e-19   0.00181763 -1.34449e-19  -0.00421581  6.23326e-20   0.00783343  6.94593e-20     -0.01156 -1.77676e-19      0.01312   2.0249e-19   -0.0104415 -1.83706e-19   0.00386456  1.86234e-19   0.00306525 -2.15132e-19  -0.00597676  1.96372e-19   0.00362965 -6.44634e-20  0.000784567 -8.84943e-20  -0.00291938  1.74919e-19   0.00162557 -2.38811e-19  0.000623026  2.22974e-19  -0.00126683  -1.0359e-19  0.000369224  2.58882e-20  0.000431326  1.24344e-21 -0.000361252 -3.47869e-20 -3.00031e-05  1.82721e-20  0.000144784   3.4854e-20 -3.73307e-05 -4.20776e-20 -2.89365e-05  1.10472e-20  1.47818e-05  5.29627e-21  1.51611e-06 -2.88681e-21  -1.1086e-06
-1.76176e-21  1.14093e-07  1.31967e-20 -1.88497e-06 -2.91626e-20  1.65358e-05 -1.12468e-20 -9.65459e-05  1.14165e-19  0.000412714 -1.87012e-19  -0.00135799  2.04252e-19   0.00353511 -1.75376e-19  -0.00737417  6.94593e-20    0.0123238  5.99095e-20   -0.0162243 -1.05258e-19    0.0160095  7.03703e-20    -0.010122 -5.96374e-20  0.000864854   1.3524e-19   0.00629058 -2.42008e-19  -0.00703408  2.27015e-19   0.00230616 -5.71997e-20   0.00260415 -9.77137e-20  -0.00345033  2.08784e-19  0.000892192 -2.93808e-19   0.00138096   2.1775e-19  -0.00130317 -6.80748e-20  1.01336e-05  1.30352e-20  0.000613475  3.01089e-20  -0.00028392 -6.94985e-20 -0.000127987  1.85974e-20   0.00014863  4.89608e-20 -9.26523e-06 -4.27742e-20 -3.48534e-05   6.1397e-21  9.75342e-06  6.35449e-21  2.27284e-06 -1.85639e-21
-2.05522e-08 -7.05161e-21  5.95939e-07  3.00506e-20 -6.85757e-06 -2.69856e-20  4.82917e-05 -7.34555e-20 -0.000239548  1.99023e-19  0.000896162 -2.54373e-19  -0.00262497  2.59852e-19   0.00614177 -1.97446e-19     -0.01156  5.99095e-20    0.0173922   3.0196e-20   -0.0203584  7.66203e-21    0.0171801 -7.91048e-20  -0.00778075  4.41413e-20  -0.00314045  1.25001e-19   0.00894635 -2.86581e-19  -0.00674389  2.37876e-19  0.000194092 -5.43459e-20   0.00414828 -8.43882e-20  -0.00329045  2.41103e-19 -0.000124552 -3.15936e-19   0.00192549  1.68703e-19  -0.00108335 -3.61881e-20 -0.000368681  5.48792e-22  0.000691705  7.80502e-20  -0.00015974 -1.04812e-19 -0.000202632  1.03449e-20   0.00013036   6.1388e-20  1.61922e-05 -3.93301e-20 -3.43961e-05  1.19503e-21  4.97029e-06  6.44233e-21  1.76082e-06
 2.67627e-21   -1.425e-07 -2.03682e-20  2.35191e-06  4.75846e-20 -2.06358e-05   1.0051e-20  0.000120687 -1.67107e-19 -0.000517752  2.80044e-19   0.00171378 -3.12784e-19  -0.00450214  2.94514e-19   0.00951839 -1.77676e-19   -0.0162243   3.0196e-20    0.0220075 -1.44246e-20   -0.0228234  1.30807e-19    0.0160721 -2.06064e-19  -0.00385523  1.02221e-19    -0.007092  1.54997e-19    0.0102745 -3.23694e-19  -0.00521035   2.3227e-19   -0.0020848 -8.70449e-20   0.00502758 -5.04561e-20  -0.00256065  2.66593e-19  -0.00113563  -2.8632e-19   0.00216764  9.81036e-20 -0.000703762  -2.5692e-20 -0.000686819 -2.17459e-20  0.000674197  1.41079e-19 -2.20597e-05 -1.30963e-19 -0.000246151 -5.54612e-21  9.89424e-05  6.90629e-20  3.46216e-05 -3.29722e-20 -2.94357e-05 -3.05373e-21  1.60419e-06  5.01836e-21
 2.21228e-08  9.76007e-21 -6.40067e-07  -4.3476e-20  7.35993e-06  4.52671e-20 -5.18847e-05  9.05117e-20  0.000258224 -2.65277e-19 -0.000971964  3.39121e-19   0.00287488 -3.49807e-19  -0.00682492  2.80916e-19      0.01312 -1.05258e-19   -0.0203584 -1.44246e-20    0.0249856 -6.21273e-20   -0.0229061  2.33436e-19    0.0129667 -2.88827e-19  0.000570012  1.09638e-19  -0.00998517  2.07354e-19    0.0101143 -3.35983e-19  -0.00301214  2.43033e-19   -0.0039648 -1.73432e-19   0.00519316 -1.80119e-20  -0.00154842  2.75872e-19  -0.00194904 -2.08419e-19    0.0021442  4.48527e-20  -0.00026833  -4.0451e-20 -0.000911757 -6.16977e-20  0.000587919  2.08251e-19   0.00010562 -1.42268e-19  -0.00025983 -2.46801e-20  6.30614e-05  7.10837e-20  4.44675e-05 -2.57466e-20  -2.2188e-05 -5.53826e-21  1.56988e-07
-3.36647e-21  1.28201e-07  2.61229e-20 -2.11086e-06  -6.6083e-20  1.85197e-05  1.71106e-21 -0.000108615  1.95138e-19  0.000468937 -3.35001e-19  -0.00156911   3.6779e-19   0.00419079 -3.46937e-19  -0.00907553   2.0249e-19    0.0160095  7.66203e-21   -0.0228234 -6.21273e-20    0.0255589 -1.01188e-19   -0.0207691  3.02139e-19   0.00891798 -3.28763e-19   0.00432557  7.58515e-20   -0.0113974  2.56593e-19   0.00891196 -3.30969e-19 -0.000809845  3.12994e-19  -0.00521305 -2.94628e-19   0.00485375 -1.53804e-20 -0.000506236  2.58737e-19   -0.0025154 -1.13945e-19   0.00194012  4.61059e-20  0.000155476 -7.18076e-20  -0.00104257 -1.19285e-19  0.000460563   2.6946e-19  0.000209854 -1.39391e-19 -0.000249483 -4.21461e-20   2.9448e-05  6.96125e-20  4.60992e-05 -1.98839e-20 -1.47115e-05 -4.95369e-21
-1.58385e-08  -1.1076e-20  4.55613e-07  5.26047e-20 -5.22609e-06  -6.5584e-20  3.69019e-05 -8.26684e-20 -0.000184885  2.83049e-19  0.000704928 -3.58594e-19  -0.00212829  3.63196e-19   0.00520682 -2.89593e-19   -0.0104415  7.03703e-20    0.0171801  1.30807e-19   -0.0229061 -1.01188e-19    0.0238463 -1.27191e-19   -0.0174242   3.4594e-19   0.00518319  -3.3918e-19   0.00677786  1.98828e-20   -0.0116031  2.78008e-19   0.00733476  -3.3975e-19   0.00101916  4.59261e-19  -0.00591581 -3.96978e-19   0.00425727 -5.43617e-20    0.0004445  2.11627e-19  -0.00286501 -5.40423e-20   0.00162727  1.21568e-19  0.000533044 -1.07251e-19  -0.00109058 -1.89582e-19  0.000315395  3.19601e-19  0.000284678 -1.27076e-19 -0.000222533 -5.53082e-20  2.64399e-06  6.79993e-20  4.11597e-05 -1.52299e-20 -8.19082e-06
 3.45464e-21 -6.40767e-08  -2.7413e-20  1.04544e-06  7.75577e-20 -9.15415e-06 -2.52059e-20  5.40609e-05 -1.76225e-19 -0.000237574  3.18865e-19  0.000819577 -3.40739e-19  -0.00229071  3.24547e-19   0.00528171 -1.83706e-19    -0.010122 -7.91048e-20    0.0160721  2.33436e-19   -0.0207691 -1.27191e-19    0.0208411 -1.45632e-19   -0.0141648  3.84636e-19   0.00253778 -3.32594e-19   0.00803932 -2.62182e-20   -0.0112155  2.53479e-19   0.00583912 -3.95143e-19   0.00244302  6.49377e-19  -0.00626494 -4.23429e-19    0.0035519 -1.14758e-19   0.00127484  1.43993e-19  -0.00303867 -7.82292e-20   0.00125519  2.67369e-19  0.000846794 -1.37116e-19  -0.00107182 -2.66238e-19  0.000170519  3.55778e-19  0.000329294   -1.114e-19 -0.000186473 -6.49742e-20 -1.49365e-05   6.7743e-20  3.19115e-05 -1.13989e-20
 3.53099e-09  1.00121e-20 -9.68113e-08 -5.23532e-20  1.08252e-06  8.08337e-20 -7.68094e-06  4.53157e-20   4.0115e-05 -2.34247e-19 -0.000165896  2.96935e-19  0.000564525 -2.98947e-19  -0.00160957  2.58693e-19   0.00386456 -5.96374e-20  -0.00778075 -2.06064e-19    0.0129667  3.02139e-19   -0.0174242 -1.45632e-19    0.0178456 -1.66846e-19   -0.0118434  4.28902e-19  0.000990402 -3.19447e-19   0.00864913 -1.48643e-20   -0.0107122  1.76754e-19   0.00453732 -5.04191e-19   0.00358207  8.10158e-19  -0.00638867 -3.53421e-19   0.00279812 -1.47537e-19   0.00197958   7.6495e-20  -0.00306964 -2.08571e-19  0.000861526    4.599e-19   0.00108986 -1.57337e-19  -0.00100395 -3.38972e-19  3.89304e-05  3.75315e-19  0.000346282 -9.71805e-20 -0.000148033 -7.45757e-20 -2.31738e-05  6.26696e-20  1.92062e-05
-2.79595e-21 -1.78078e-08  2.26734e-20  3.11058e-07 -7.55964e-20 -2.78576e-06  5.28964e-20  1.59484e-05   1.1079e-19  -6.3296e-05 -2.31338e-19  0.000176856  2.41398e-19 -0.000323053 -2.52633e-19  0.000215992  1.86234e-19  0.000864854  4.41413e-20  -0.00385523 -2.88827e-19   0.00891798   3.4594e-19   -0.0141648 -1.66846e-19     0.015736 -1.95876e-19   -0.0105399  4.67673e-19  6.64632e-05 -3.17561e-19   0.00907321   1.0348e-19   -0.0102424  5.82433e-20   0.00336356 -6.35209e-19   0.00452179  8.63162e-19  -0.00634073 -2.22358e-19   0.00203265 -9.63406e-20   0.00255574  2.73125e-20  -0.00299046 -4.24332e-19  0.000474774  6.68281e-19   0.00126338 -1.70973e-19 -0.000903922 -3.93553e-19   -7.086e-05   3.8028e-19  0.000340572 -8.67467e-20 -0.000111657 -8.12709e-20 -2.22828e-05  4.80129e-20
 7.39148e-09  -6.7068e-21  -2.1987e-07  4.12108e-20  2.57105e-06 -8.28618e-20 -1.82021e-05  7.62144e-21  8.95864e-05  1.35745e-19 -0.000326766 -1.78757e-19  0.000909602  1.86812e-19  -0.00193912  -2.1985e-19   0.00306525   1.3524e-19  -0.00314045  1.02221e-19  0.000570012 -3.28763e-19   0.00518319  3.84636e-19   -0.0118434 -1.95876e-19    0.0146153 -2.24273e-19  -0.00982033  4.73542e-19 -0.000679929 -3.56726e-19   0.00946764  3.46986e-19  -0.00976577 -7.12898e-20   0.00227005 -7.28638e-19   0.00528487  7.61871e-19  -0.00615929 -1.07618e-19   0.00128975  7.66877e-20   0.00300936 -5.45723e-21  -0.00283238 -6.74401e-19  0.000114227  8.69074e-19    0.0013733 -1.85961e-19 -0.000787018 -4.19839e-19 -0.000154866  3.76263e-19   0.00031695 -7.55379e-20 -8.03336e-05 -7.96526e-20 -1.21737e-05
 1.64555e-21  6.36977e-08 -1.33708e-20 -1.06657e-06  5.88656e-20  9.45149e-06 -7.05994e-20 -5.55365e-05 -2.73875e-20  0.000237811  1.10837e-19 -0.000778714 -1.12661e-19   0.00199686  1.58992e-19  -0.00403068 -2.15132e-19   0.00629058  1.25001e-19    -0.007092  1.09638e-19   0.00432557  -3.3918e-19   0.00253778  4.28902e-19   -0.0105399 -2.24273e-19    0.0140631 -2.30651e-19  -0.00925364  4.24346e-19  -0.00139953 -4.63728e-19   0.00979513  6.66691e-19  -0.00925291 -1.61616e-19   0.00126644 -7.22326e-19   0.00588762  5.11034e-19   -0.0058876  -9.3754e-20  0.000591657  3.77819e-19   0.00335383 -4.49322e-20  -0.00262188 -9.12562e-19 -0.000207892  1.04839e-18   0.00142866 -2.05175e-19 -0.000664939 -4.22494e-19  -0.00021136  3.75838e-19  0.000279142 -7.25623e-20 -5.79161e-05 -5.64227e-20
-9.68065e-09  2.57475e-21  2.83553e-07 -2.30983e-20 -3.29708e-06  6.78373e-20  2.34787e-05 -4.97978e-20 -0.000117892 -3.28691e-20   0.00044693  5.65297e-20  -0.00132752 -6.70519e-20   0.00314747  1.65859e-19  -0.00597676 -2.42008e-19   0.00894635  1.54997e-19  -0.00998517  7.58515e-20   0.00677786 -3.32594e-19  0.000990402  4.67673e-19  -0.00982033 -2.30651e-19    0.0136536 -1.93102e-19  -0.00869535  3.26615e-19  -0.00204793 -6.33414e-19     0.010027  9.38899e-19  -0.00873264 -1.58099e-19  0.000363839 -5.73177e-19   0.00636087   1.6627e-19   -0.0055602 -2.38747e-19  -5.1409e-05  7.83607e-19   0.00360412 -1.09921e-19  -0.00238085 -1.11999e-18 -0.000485438  1.18925e-18   0.00143824  -2.2269e-19 -0.000546637 -4.16736e-19 -0.000238378  3.79727e-19   0.00023362 -5.32938e-20 -4.06266e-05
-5.29473e-22 -4.67494e-08  3.49924e-21   7.7722e-07 -3.31514e-20 -6.90686e-06  6.71516e-20  4.11932e-05 -3.47559e-20 -0.000181702 -1.04109e-20  0.000624277  3.18502e-21  -0.00172005 -5.37263e-20   0.00385505  1.96372e-19  -0.00703408 -2.86581e-19    0.0102745  2.07354e-19   -0.0113974  1.98828e-20   0.00803932 -3.19447e-19  6.64632e-05  4.73542e-19  -0.00925364 -1.93102e-19    0.0132446 -1.08408e-19  -0.00819721  2.22259e-19  -0.00258874 -8.10635e-19    0.0101966  1.00668e-18  -0.00823493 -3.55409e-20 -0.000448336  -2.6727e-19     0.006733 -1.81134e-19  -0.00520026 -5.52469e-19 -0.000634691  1.24691e-18    0.0037755 -1.88104e-19  -0.00212576 -1.29036e-18 -0.000714927   1.2691e-18   0.00140954 -2.30779e-19 -0.000441939  -4.2956e-19 -0.000238767  3.91952e-19  0.000183026 -5.99962e-20
 3.47198e-09  5.58526e-22 -9.96196e-08  5.49033e-21  1.15545e-06 -4.04534e-20 -8.39142e-06  6.13013e-20   4.4094e-05 -3.15502e-20 -0.000179985  2.42616e-20  0.000593277 -3.20439e-20  -0.00161127 -6.01893e-20   0.00362965  2.27015e-19  -0.00674389 -3.23694e-19    0.0101143  2.56593e-19   -0.0116031 -2.62182e-20   0.00864913 -3.17561e-19 -0.000679929  4.24346e-19  -0.00869535 -1.08408e-19    0.0128909 -3.90527e-21  -0.00780347  1.70501e-19  -0.00305111 -9.04717e-19    0.0103406  7.59384e-19  -0.00776479  1.65863e-19  -0.00118337  1.75823e-19   0.00702439 -4.35119e-19   -0.0048255 -9.92335e-19  -0.00115751  1.70551e-18   0.00388097 -2.44958e-19  -0.00187007 -1.40412e-18 -0.000892894  1.27359e-18   0.00135335 -2.10128e-19 -0.000355636 -4.79421e-19 -0.000217668  3.47352e-19  0.000112461
-1.15536e-22 -3.67689e-09  2.94999e-21  6.66272e-08  8.64867e-21 -5.63592e-07 -4.40794e-20  2.63192e-06  5.36676e-20  -5.4666e-06 -3.74199e-20 -1.40156e-05  5.72158e-20  0.000166175 -5.23447e-20 -0.000756337 -6.44634e-20   0.00230616  2.37876e-19  -0.00521035 -3.35983e-19   0.00891196  2.78008e-19   -0.0112155 -1.48643e-20   0.00907321 -3.56726e-19  -0.00139953  3.26615e-19  -0.00819721 -3.90527e-21    0.0126397  7.00096e-20  -0.00749059  2.17231e-19  -0.00347034 -8.34589e-19    0.0104702  2.07441e-19  -0.00732193  3.33797e-19  -0.00184967  7.02914e-19   0.00725258 -5.35814e-19  -0.00444871 -1.48652e-18  -0.00161988   2.0991e-18   0.00393216 -2.52234e-19   -0.0016278 -1.45246e-18  -0.00102172  1.24255e-18   0.00127787 -1.85807e-19  -0.00028408 -4.93752e-19 -0.000162827  3.00614e-19
 3.59046e-09 -1.69646e-21 -1.07476e-07  5.21975e-21   1.2564e-06  1.22981e-20 -8.81858e-06 -4.35176e-20   4.2534e-05  4.49786e-20 -0.000149309 -4.79916e-20  0.000387275  8.51902e-20 -0.000716865 -6.98726e-20  0.000784567 -5.71997e-20  0.000194092   2.3227e-19  -0.00301214 -3.30969e-19   0.00733476  2.53479e-19   -0.0107122   1.0348e-19   0.00946764 -4.63728e-19  -0.00204793  2.22259e-19  -0.00780347  7.00096e-20      0.01247  6.33664e-20  -0.00722725  3.73704e-19  -0.00385632  -5.7784e-19    0.0105908 -4.94507e-19  -0.00690957  3.22436e-19  -0.00245565  1.24127e-18   0.00743164 -4.80042e-19  -0.00408106 -1.98095e-18  -0.00202207  2.38943e-18   0.00394374 -2.15154e-19  -0.00140617 -1.42719e-18  -0.00110546  1.17676e-18   0.00117854 -9.46114e-20 -0.000238714 -5.15638e-19 -6.70286e-05
 2.22753e-22  3.25919e-08 -4.54012e-21 -5.48846e-07  6.16031e-21  4.87724e-06   1.5294e-20 -2.86315e-05 -3.78027e-20  0.000121846  3.70446e-20 -0.000393338 -6.30479e-20  0.000980852  1.12258e-19  -0.00187516 -8.84943e-20   0.00260415 -5.43459e-20   -0.0020848  2.43033e-19 -0.000809845  -3.3975e-19   0.00583912  1.76754e-19   -0.0102424  3.46986e-19   0.00979513 -6.33414e-19  -0.00258874  1.70501e-19  -0.00749059  6.33664e-20    0.0123523 -4.97166e-20  -0.00700735  6.14025e-19  -0.00421323 -1.89817e-19    0.0107111 -1.09456e-18  -0.00652935  1.92699e-20  -0.00300811   1.7275e-18   0.00757479 -2.97188e-19  -0.00373322 -2.45759e-18  -0.00237027  2.54565e-18   0.00392459 -1.28663e-19  -0.00120639  -1.4346e-18  -0.00113279  1.27853e-18   0.00106202 -2.11644e-19 -0.000237151   -3.306e-19
 -4.6483e-09  1.20401e-21  1.37301e-07 -7.46882e-21 -1.60954e-06  5.53556e-21  1.15515e-05  1.60586e-20 -5.84182e-05 -2.84905e-20  0.000222725  3.54743e-20 -0.000663222 -8.65711e-20   0.00156596  1.42131e-19  -0.00291938 -9.77137e-20   0.00414828 -8.70449e-20   -0.0039648  3.12994e-19   0.00101916 -3.95143e-19   0.00453732  5.82433e-20  -0.00976577  6.66691e-19     0.010027 -8.10635e-19  -0.00305111  2.17231e-19  -0.00722725 -4.97166e-20    0.0122824 -2.59271e-19  -0.00683041  8.80695e-19  -0.00454933  2.22819e-19    0.0108381 -1.34349e-18  -0.00618346 -5.98784e-19  -0.00351429  2.13114e-18   0.00769601 -6.99363e-21  -0.00340802 -2.91238e-18  -0.00266704  2.58052e-18   0.00387388 -5.23791e-20   -0.0010462 -1.49433e-18  -0.00109906  1.37388e-18  0.000955645  -2.5621e-21 -0.000216228
-5.18107e-23  -1.8994e-08  2.81656e-21  3.19638e-07 -9.37105e-21 -2.88795e-06   3.8308e-21  1.75973e-05  1.43542e-20 -7.96817e-05 -2.19486e-20  0.000282107  4.82545e-20  -0.00080233 -1.23577e-19   0.00185226  1.74919e-19  -0.00345033 -8.43882e-20   0.00502758 -1.73432e-19  -0.00521305  4.59261e-19   0.00244302 -5.04191e-19   0.00336356 -7.12898e-20  -0.00925291  9.38899e-19    0.0101966 -9.04717e-19  -0.00347034  3.73704e-19  -0.00700735 -2.59271e-19    0.0122616 -5.19288e-19  -0.00669163  1.08292e-18  -0.00487093  5.60518e-19    0.0109791 -1.10707e-18  -0.00587298 -1.46457e-18   -0.0039839  2.47361e-18   0.00780077  3.65912e-19  -0.00310964 -3.32135e-18  -0.00290225  2.57081e-18   0.00380781  1.76102e-20 -0.000942932 -1.86528e-18  -0.00103483  1.80555e-18  0.000812177 -4.99314e-19
 6.87745e-10 -2.25053e-22  -1.9794e-08  4.44514e-21  2.40764e-07 -9.73047e-21 -1.91993e-06  1.34978e-21  1.14804e-05  1.32768e-20 -5.43027e-05 -2.69213e-20  0.000207481  8.12139e-20 -0.000644608 -1.76231e-19   0.00162557  2.08784e-19  -0.00329045 -5.04561e-20   0.00519316 -2.94628e-19  -0.00591581  6.49377e-19   0.00358207 -6.35209e-19   0.00227005 -1.61616e-19  -0.00873264  1.00668e-18    0.0103406 -8.34589e-19  -0.00385632  6.14025e-19  -0.00683041 -5.19288e-19    0.0122871 -7.51735e-19  -0.00658824  1.08776e-18  -0.00518464  7.95139e-19      0.01114 -4.37307e-19  -0.00559512 -2.49177e-18  -0.00441814  2.83809e-18   0.00789399  7.59189e-19  -0.00285755 -3.67006e-18   -0.0030828  2.59674e-18   0.00374987  2.25751e-19 -0.000864649 -2.45549e-18 -0.000914029  1.62647e-18  0.000496358
-9.63199e-23 -8.22073e-09  -4.9871e-22  1.38212e-07  5.49747e-21 -1.18931e-06 -8.24667e-21  6.47588e-06 -2.64941e-21 -2.38128e-05  1.78409e-20  5.73457e-05 -4.83874e-20 -6.47511e-05  1.32287e-19 -0.000131011 -2.38811e-19  0.000892192  2.41103e-19  -0.00256065 -1.80119e-20   0.00485375 -3.96978e-19  -0.00626494  8.10158e-19   0.00452179 -7.28638e-19   0.00126644 -1.58099e-19  -0.00823493  7.59384e-19    0.0104702  -5.7784e-19  -0.00421323  8.80695e-19  -0.00669163 -7.51735e-19    0.0123578 -8.50635e-19  -0.00651737  7.23266e-19  -0.00549577  1.01275e-18    0.0113223  4.65448e-19  -0.00535561 -3.68577e-18  -0.00481606  3.34225e-18   0.00799827  1.16031e-18  -0.00265466 -4.21336e-18  -0.00323205  3.16451e-18   0.00366327 -3.01151e-20 -0.000810761 -2.46241e-18 -0.000591537  2.01634e-18
 2.29468e-09 -3.41126e-22 -6.83474e-08 -7.47386e-22  7.98165e-07  5.56015e-21 -5.62019e-06 -4.54912e-21  2.73291e-05 -9.33405e-21 -9.73542e-05  3.02973e-20  0.000258903  -8.1676e-20 -0.000502101  1.87412e-19  0.000623026 -2.93808e-19 -0.000124552  2.66593e-19  -0.00154842 -1.53804e-20   0.00425727 -4.23429e-19  -0.00638867  8.63162e-19   0.00528487 -7.22326e-19  0.000363839 -3.55409e-20  -0.00776479  2.07441e-19    0.0105908 -1.89817e-19  -0.00454933  1.08292e-18  -0.00658824 -8.50635e-19    0.0124732 -6.92696e-19  -0.00647769 -1.86448e-19  -0.00580414  1.40804e-18    0.0115357  1.39063e-18  -0.00516384 -5.15774e-18  -0.00519654  4.11018e-18   0.00812062  1.35419e-18  -0.00247648  -4.5084e-18  -0.00330805  3.19765e-18   0.00351427  9.32667e-19 -0.000925122 -3.40289e-18 -0.000108004
 1.06037e-22   1.4832e-08 -6.76057e-22 -2.51085e-07 -8.39854e-22  2.25076e-06  4.27297e-21 -1.33805e-05  1.28477e-21   5.7912e-05 -1.82416e-20 -0.000190993  4.64427e-20  0.000488769 -1.11844e-19 -0.000962791  2.22974e-19   0.00138096 -3.15936e-19  -0.00113563  2.75872e-19 -0.000506236 -5.43617e-20    0.0035519 -3.53421e-19  -0.00634073  7.61871e-19   0.00588762 -5.73177e-19 -0.000448336  1.65863e-19  -0.00732193 -4.94507e-19    0.0107111  2.22819e-19  -0.00487093  1.08776e-18  -0.00651737 -6.92696e-19    0.0126339 -1.73435e-19  -0.00647419 -1.74314e-18  -0.00611763  2.18641e-18    0.0117947   2.2433e-18  -0.00500743 -6.87917e-18  -0.00556473  4.85122e-18   0.00823005  1.91227e-18  -0.00236487 -6.04273e-18  -0.00324076  5.70564e-18   0.00342822 -1.59921e-18  -0.00120205 -1.25912e-18
-1.45972e-09  3.44842e-22  4.35391e-08 -9.98128e-22 -5.19611e-07 -6.56958e-22  3.83156e-06  1.57525e-21 -2.01049e-05  7.98506e-21  8.03089e-05 -2.62872e-20 -0.000252783   5.7172e-20  0.000635431 -1.21532e-19  -0.00126683   2.1775e-19   0.00192549  -2.8632e-19  -0.00194904  2.58737e-19    0.0004445 -1.14758e-19   0.00279812 -2.22358e-19  -0.00615929  5.11034e-19   0.00636087  -2.6727e-19  -0.00118337  3.33797e-19  -0.00690957 -1.09456e-18    0.0108381  5.60518e-19  -0.00518464  7.23266e-19  -0.00647769 -1.73435e-19    0.0128476  7.35711e-19  -0.00650448 -3.90016e-18  -0.00644936  3.40759e-18    0.0120906  3.10612e-18  -0.00488552 -8.80257e-18  -0.00587766  5.84834e-18   0.00835676  1.58131e-18  -0.00241275 -6.01786e-18  -0.00313802  4.47382e-18   0.00344664  2.42277e-18  -0.00111612
-3.93423e-23 -2.21677e-09  6.49017e-22  3.94023e-08 -1.22215e-21 -3.96394e-07  -1.2418e-22   2.8069e-06  -1.8891e-21 -1.51601e-05  1.33929e-20  6.46002e-05 -2.97631e-20 -0.000220185  5.53348e-20  0.000601462  -1.0359e-19  -0.00130317  1.68703e-19   0.00216764 -2.08419e-19   -0.0025154  2.11627e-19   0.00127484 -1.47537e-19   0.00203265 -1.07618e-19   -0.0058876   1.6627e-19     0.006733  1.75823e-19  -0.00184967  3.22436e-19  -0.00652935 -1.34349e-18    0.0109791  7.95139e-19  -0.00549577 -1.86448e-19  -0.00647419  7.35711e-19    0.0131148  1.94555e-18  -0.00656121 -6.48081e-18  -0.00678691  4.99574e-18    0.0124228  3.86696e-18   -0.0048527 -1.03021e-17  -0.00614822  6.31648e-18   0.00860528  2.38982e-18  -0.00252853 -9.48387e-18  -0.00308683  9.62502e-18   0.00301919 -5.65399e-18
-5.81114e-10 -1.20657e-22    1.716e-08  9.08508e-22 -1.92875e-07 -1.28686e-21  1.25147e-06  6.52466e-22 -5.19753e-06 -4.99512e-21  1.33068e-05  1.59697e-20  -1.1846e-05 -2.75929e-20 -6.45536e-05  4.21358e-20  0.000369224 -6.80748e-20  -0.00108335  9.81036e-20    0.0021442 -1.13945e-19  -0.00286501  1.43993e-19   0.00197958 -9.63406e-20   0.00128975  -9.3754e-20   -0.0055602 -1.81134e-19   0.00702439  7.02914e-19  -0.00245565  1.92699e-20  -0.00618346 -1.10707e-18      0.01114  1.01275e-18  -0.00580414 -1.74314e-18  -0.00650448  1.94555e-18    0.0134315  3.26945e-18  -0.00666448 -9.20021e-18  -0.00712307  6.56458e-18    0.0128516  4.69662e-18  -0.00491378 -1.14577e-17  -0.00648153  6.64241e-18   0.00888503  3.27076e-18  -0.00255139 -1.04386e-17  -0.00257614  4.98207e-18   0.00161739
-1.12005e-23  -6.5485e-09 -2.12607e-22  1.10233e-07  1.03279e-21 -9.69261e-07 -1.15028e-21  5.54878e-06  1.38678e-21 -2.25123e-05 -6.88888e-21  6.66082e-05  1.57539e-20 -0.000140351 -2.17611e-20  0.000179611  2.58882e-20  1.01336e-05 -3.61881e-20 -0.000703762  4.48527e-20   0.00194012 -5.40423e-20  -0.00303867   7.6495e-20   0.00255574  7.66877e-20  0.000591657 -2.38747e-19  -0.00520026 -4.35119e-19   0.00725258  1.24127e-18  -0.00300811 -5.98784e-19  -0.00587298 -4.37307e-19    0.0113223  1.40804e-18  -0.00611763 -3.90016e-18  -0.00656121  3.26945e-18    0.0138217  4.64967e-18  -0.00683231 -1.20757e-17  -0.00751299  8.02098e-18    0.0133907  5.86152e-18  -0.00496361 -1.40844e-17   -0.0067856  1.11739e-17   0.00895378 -1.55974e-18  -0.00291553 -7.93854e-18 -0.000964753  1.29403e-17
 9.05021e-10 -2.78905e-23   -2.712e-08 -2.76808e-22  3.21399e-07  9.62558e-22 -2.32017e-06 -8.25373e-22  1.17114e-05  1.83101e-21 -4.40051e-05  -7.2749e-21  0.000126323   1.3081e-20 -0.000275647 -1.34394e-20  0.000431326  1.30352e-20 -0.000368681  -2.5692e-20  -0.00026833  4.61059e-20   0.00162727 -7.82292e-20  -0.00306964  2.73125e-20   0.00300936  3.77819e-19  -5.1409e-05 -5.52469e-19   -0.0048255 -5.35814e-19   0.00743164   1.7275e-18  -0.00351429 -1.46457e-18  -0.00559512  4.65448e-19    0.0115357  2.18641e-18  -0.00644936 -6.48081e-18  -0.00666448  4.64967e-18    0.0143086  5.93923e-18  -0.00702015  -1.4879e-17  -0.00796692  9.56572e-18    0.0139268  4.79898e-18  -0.00508491 -1.03994e-17  -0.00675307  3.01731e-18   0.00914777  1.30911e-17  -0.00432171 -2.13001e-17  0.000780855
 1.87378e-23  3.15154e-09 -4.86845e-23 -5.48934e-08 -2.93861e-22  5.15031e-07  7.19565e-22 -3.26239e-06 -4.76372e-22  1.53134e-05  1.96137e-21 -5.57089e-05 -5.89664e-21  0.000159918  6.22284e-21 -0.000360449  1.24344e-21  0.000613475  5.48792e-22 -0.000686819  -4.0451e-20  0.000155476  1.21568e-19   0.00125519 -2.08571e-19  -0.00299046 -5.45723e-21   0.00335383  7.83607e-19 -0.000634691 -9.92335e-19  -0.00444871 -4.80042e-19   0.00757479  2.13114e-18   -0.0039839 -2.49177e-18  -0.00535561  1.39063e-18    0.0117947  3.40759e-18  -0.00678691 -9.20021e-18  -0.00683231  5.93923e-18    0.0148536  7.43794e-18  -0.00722906 -1.72395e-17  -0.00835388  8.46543e-18    0.0145279  1.16934e-17  -0.00564593 -2.77023e-17   -0.0065909   3.4234e-17    0.0101519 -2.46613e-17  -0.00574474  5.39541e-18
-6.48797e-12  4.58668e-23  4.77932e-10 -6.07318e-23 -1.30616e-08 -2.87484e-22  1.83086e-07  5.16527e-22 -1.59361e-06  -5.5017e-22  9.58447e-06  2.09154e-21 -4.22998e-05  -2.1563e-21  0.000141401 -8.77962e-21 -0.000361252  3.01089e-20  0.000691705 -2.17459e-20 -0.000911757 -7.18076e-20  0.000533044  2.67369e-19  0.000861526 -4.24332e-19  -0.00283238 -4.49322e-20   0.00360412  1.24691e-18  -0.00115751 -1.48652e-18  -0.00408106 -2.97188e-19   0.00769601  2.47361e-18  -0.00441814 -3.68577e-18  -0.00516384   2.2433e-18    0.0120906  4.99574e-18  -0.00712307 -1.20757e-17  -0.00702015  7.43794e-18    0.0154636    9.222e-18   -0.0076128 -2.11666e-17  -0.00870594  1.47223e-17    0.0155656 -2.44443e-18  -0.00647724 -5.41508e-19  -0.00707974 -1.47087e-17    0.0110477  4.23044e-17  -0.00460672
-7.08543e-24  1.94279e-09  6.97744e-23 -3.18338e-08 -3.10196e-23  2.65552e-07 -3.84991e-22 -1.38277e-06   8.4733e-22  4.69751e-06 -1.86497e-21 -9.28078e-06  3.04096e-21  4.37819e-07  4.24186e-21  7.00922e-05 -3.47869e-20  -0.00028392  7.80502e-20  0.000674197 -6.16977e-20  -0.00104257 -1.07251e-19  0.000846794    4.599e-19  0.000474774 -6.74401e-19  -0.00262188 -1.09921e-19    0.0037755  1.70551e-18  -0.00161988 -1.98095e-18  -0.00373322 -6.99363e-21   0.00780077  2.83809e-18  -0.00481606 -5.15774e-18  -0.00500743  3.10612e-18    0.0124228  6.56458e-18  -0.00751299  -1.4879e-17  -0.00722906    9.222e-18     0.016302  9.23275e-18  -0.00816849 -1.86126e-17   -0.0093969  4.35823e-18    0.0169371  2.44843e-17  -0.00681036 -5.84466e-17  -0.00726994  7.53286e-17   0.00875773 -7.00286e-17
-3.64647e-10 -1.50928e-23  1.08801e-08  6.76661e-23 -1.27025e-07  1.07156e-22  8.90532e-07 -8.54523e-22 -4.27636e-06  2.40625e-21  1.47942e-05 -5.43619e-21 -3.67875e-05  6.06831e-21   5.9753e-05  1.21063e-20 -3.00031e-05 -6.94985e-20  -0.00015974  1.41079e-19  0.000587919 -1.19285e-19  -0.00109058 -1.37116e-19   0.00108986  6.68281e-19  0.000114227 -9.12562e-19  -0.00238085 -1.88104e-19   0.00388097   2.0991e-18  -0.00202207 -2.45759e-18  -0.00340802  3.65912e-19   0.00789399  3.34225e-18  -0.00519654 -6.87917e-18  -0.00488552  3.86696e-18    0.0128516  8.02098e-18  -0.00796692 -1.72395e-17   -0.0076128  9.23275e-18    0.0173833   1.3364e-17  -0.00855571 -2.63886e-17   -0.0102924  2.04755e-17    0.0177156 -7.76968e-18  -0.00727704  5.39023e-18  -0.00415257 -3.53335e-17   0.00319871
-8.06004e-25 -1.62271e-09 -1.70086e-23  2.81367e-08    9.031e-24 -2.59341e-07  4.43213e-22  1.58878e-06 -1.98264e-21 -7.07709e-06  5.67265e-21  2.38319e-05 -1.18368e-20 -6.09548e-05  1.22876e-20  0.000113597  1.82721e-20 -0.000127987 -1.04812e-19 -2.20597e-05  2.08251e-19  0.000460563 -1.89582e-19  -0.00107182 -1.57337e-19   0.00126338  8.69074e-19 -0.000207892 -1.11999e-18  -0.00212576 -2.44958e-19   0.00393216  2.38943e-18  -0.00237027 -2.91238e-18  -0.00310964  7.59189e-19   0.00799827  4.11018e-18  -0.00556473 -8.80257e-18   -0.0048527  4.69662e-18    0.0133907  9.56572e-18  -0.00835388 -2.11666e-17  -0.00816849   1.3364e-17    0.0183711  1.03597e-17  -0.00891278 -2.79768e-17   -0.0104004  3.20792e-17    0.0183882 -1.35106e-17   -0.0110317 -3.51793e-17   0.00275565  1.09053e-16
