 6.06165e-18  9.40545e-29  -2.2331e-16 -4.09463e-27  3.29829e-15  5.82115e-26 -3.01778e-14  -4.8063e-25  1.97359e-13  2.79493e-24 -9.90941e-13 -1.25094e-23  3.98325e-12   4.5157e-23   -1.316e-11 -1.35259e-22  3.63381e-11  3.42264e-22 -8.46932e-11 -7.39523e-22  1.67295e-10  1.37162e-21 -2.79526e-10 -2.18535e-21  3.91155e-10  2.97855e-21 -4.47714e-10  -3.4352e-21  3.96648e-10  3.27734e-21   -2.301e-10 -2.46227e-21  1.06994e-11  1.27058e-21  1.54473e-10 -1.74728e-22 -1.86408e-10 -4.45989e-22  9.60578e-11  5.25558e-22   2.5411e-11  -2.9031e-22 -8.49626e-11  3.76585e-23  6.10169e-11  7.40898e-23 -3.19696e-12 -6.30243e-23 -3.02952e-11  1.82008e-23  2.48628e-11  5.34364e-24 -4.34175e-12 -6.32732e-24  -7.2026e-12  1.75398e-24  6.56965e-12  1.53878e-25 -2.42369e-12 -1.53141e-25  3.08952e-13
 9.40545e-29  3.17199e-16  2.19277e-27 -6.69025e-15 -7.30423e-26  7.58017e-14  8.41654e-25 -5.79636e-13 -5.94871e-24  3.30046e-12  3.05978e-23   -1.477e-11 -1.23401e-22  5.36921e-11  4.06249e-22 -1.61916e-10 -1.11913e-21  4.10382e-10  2.61902e-21 -8.80232e-10 -5.25014e-21  1.59956e-09  9.04437e-21 -2.44872e-09 -1.33715e-20  3.10822e-09  1.68522e-20 -3.15493e-09 -1.78361e-20  2.33344e-09    1.537e-20 -8.42714e-10 -1.00342e-20 -6.46773e-10  3.87184e-21  1.38546e-09  7.57481e-22 -1.10085e-09 -2.61236e-21  2.20032e-10  2.14585e-21  4.97858e-10 -8.17497e-22 -5.98694e-10 -1.31098e-22  2.30148e-10  3.55988e-22  1.43555e-10  -1.8448e-22 -2.33722e-10   9.5379e-24  1.06774e-10  3.88821e-23  2.53632e-11 -2.03115e-23  -5.9494e-11   2.5737e-24  3.29994e-11  1.03527e-24 -7.78084e-12 -2.52395e-25
 -2.2331e-16  2.19277e-27  8.23242e-15  3.39558e-26 -1.21671e-13 -8.50041e-25  1.11387e-12  8.04236e-24 -7.28825e-12  -4.9195e-23  3.66095e-11  2.25002e-22 -1.47204e-10 -8.19664e-22  4.86421e-10   2.4642e-21 -1.34314e-09 -6.24686e-21  3.12972e-09  1.35188e-20 -6.17867e-09 -2.51249e-20  1.03126e-08  4.01495e-20 -1.44036e-08 -5.49728e-20  1.64294e-08  6.38715e-20 -1.44527e-08 -6.17243e-20  8.21389e-09  4.75609e-20 -7.90699e-11 -2.62091e-20  -5.9536e-09  6.05461e-21  6.97551e-09  5.98075e-21 -3.46608e-09 -8.41378e-21 -1.11163e-09  4.97945e-21  3.27925e-09 -8.43963e-22 -2.28668e-09 -1.09923e-21  5.93366e-11  9.93173e-22  1.19589e-09 -2.80365e-22 -9.55627e-10 -1.04255e-22  1.53458e-10  1.17834e-22   2.8885e-10 -3.68149e-23 -2.58451e-10  3.22481e-25  9.48456e-11  1.99912e-24 -1.20645e-11
-4.09463e-27 -6.69025e-15  3.39558e-26  1.41199e-13  3.61419e-25 -1.60075e-12 -7.06831e-24  1.22469e-11  5.65505e-23 -6.97647e-11 -3.04085e-22  3.12316e-10  1.24678e-21  -1.1356e-09 -4.12391e-21  3.42486e-09  1.13639e-20 -8.67956e-09 -2.65752e-20    1.861e-08  5.32523e-20 -3.37922e-08 -9.17758e-20  5.16603e-08  1.35905e-19 -6.54127e-08 -1.71882e-19  6.60853e-08  1.83157e-19 -4.83442e-08  -1.5996e-19   1.6571e-08  1.07639e-19  1.48493e-08 -4.61223e-20 -2.99885e-08 -1.21463e-21  2.32637e-08  2.16584e-20 -4.07871e-09 -1.90382e-20 -1.12112e-08  7.27263e-21  1.30191e-08  1.47454e-21 -4.78414e-09 -3.55421e-21 -3.34562e-09  1.87161e-21  5.18612e-09 -1.34144e-22  -2.3095e-09 -3.82046e-22 -6.09953e-10  2.21312e-22  1.34035e-09 -4.24344e-23 -7.37433e-10 -4.25794e-24  1.73361e-10  1.75581e-24
 3.29829e-15 -7.30423e-26 -1.21671e-13  3.61419e-25  1.79929e-12  2.81557e-24 -1.64808e-11 -4.51625e-23  1.07886e-10  3.13561e-22 -5.42129e-10  -1.5006e-21  2.18047e-09  5.55371e-21 -7.20629e-09 -1.67633e-20  1.98985e-08  4.24984e-20 -4.63565e-08 -9.19081e-20  9.14686e-08  1.70738e-19 -1.52516e-07 -2.72855e-19  2.12644e-07  3.73873e-19 -2.41772e-07 -4.35198e-19  2.11269e-07  4.22186e-19 -1.17713e-07 -3.27929e-19 -3.14575e-09  1.84414e-19  9.15251e-08 -4.77783e-20 -1.04494e-07 -3.51569e-20  5.01776e-08  5.36643e-20  1.88441e-08 -3.20849e-20 -5.04973e-08  4.87677e-21  3.43178e-08  8.17203e-21 -7.77364e-11 -7.48045e-21 -1.87648e-08  2.48515e-21  1.46723e-08  4.23699e-22 -2.19192e-09 -7.53144e-22 -4.57833e-09  2.87626e-22  4.03755e-09 -2.96996e-23 -1.47559e-09 -6.95937e-24  1.87379e-10
 5.82115e-26  7.58017e-14 -8.50041e-25 -1.60075e-12  2.81557e-24   1.8157e-11  1.72077e-23  -1.3898e-10 -2.35253e-22  7.92019e-10  1.44198e-21 -3.54676e-09 -6.18859e-21   1.2899e-08  2.07795e-20 -3.89053e-08 -5.74758e-20  9.85873e-08  1.34477e-19 -2.11311e-07 -2.69457e-19  3.83435e-07  4.64419e-19 -5.85443e-07 -6.87913e-19  7.39624e-07  8.70496e-19 -7.44001e-07 -9.28532e-19  5.38692e-07  8.12325e-19  -1.7526e-07 -5.48081e-19 -1.80788e-07  2.35757e-19  3.47747e-07  6.33931e-21 -2.64057e-07 -1.12596e-19  4.03647e-08  1.00658e-19  1.34451e-07 -4.01373e-20 -1.51655e-07 -6.59571e-21  5.35538e-08  1.93163e-20  4.11745e-08 -1.15552e-20 -6.14519e-08  2.24147e-21  2.68319e-08  1.26009e-21   7.6208e-09 -1.01595e-21 -1.60308e-08    2.651e-22  8.76797e-09 -6.69876e-24 -2.05665e-09 -4.96984e-24
-3.01778e-14  8.41654e-25  1.11387e-12 -7.06831e-24 -1.64808e-11  1.72077e-23   1.5103e-10  8.71525e-23 -9.89077e-10  -1.0407e-21  4.97181e-09  5.67935e-21 -2.00019e-08 -2.19465e-20  6.61143e-08  6.71143e-20 -1.82559e-07 -1.70706e-19  4.25217e-07  3.69521e-19 -8.38627e-07 -6.86993e-19   1.3971e-06  1.09898e-18  -1.9448e-06 -1.50786e-18  2.20476e-06  1.75859e-18 -1.91489e-06 -1.71102e-18  1.04722e-06  1.33487e-18  6.45013e-08 -7.55418e-19 -8.67265e-07  1.97078e-19  9.68452e-07  1.48965e-19 -4.50923e-07 -2.33492e-19 -1.92433e-07  1.49183e-19  4.79315e-07 -3.41797e-20 -3.18888e-07 -2.73533e-20  -5.5496e-09  3.14618e-20  1.80709e-07 -1.36896e-20 -1.39041e-07  1.06011e-21  1.97448e-08  1.92784e-21  4.42142e-08 -9.93692e-22 -3.86307e-08  1.61285e-22  1.40789e-08  1.04973e-23 -1.78565e-09
 -4.8063e-25 -5.79636e-13  8.04236e-24  1.22469e-11 -4.51625e-23  -1.3898e-10  8.71525e-23  1.06424e-09   3.7913e-22 -6.06705e-09 -3.99753e-21  2.71766e-08  1.94652e-20 -9.88557e-08 -6.78921e-20  2.98185e-07  1.89741e-19 -7.55552e-07  -4.4513e-19  1.61896e-06  8.93252e-19 -2.93591e-06 -1.54243e-18   4.4777e-06  2.29063e-18 -5.64568e-06 -2.90967e-18  5.65722e-06  3.12242e-18 -4.05808e-06 -2.75913e-18  1.25541e-06   1.8955e-18  1.46809e-06 -8.51532e-19 -2.71438e-06  1.77453e-20  2.02383e-06  3.76064e-19 -2.69962e-07 -3.68803e-19 -1.07861e-06  1.77623e-19  1.18906e-06 -1.08942e-20 -4.06756e-07 -5.07478e-20 -3.35961e-07   3.9015e-20  4.88254e-07 -1.26502e-20 -2.10643e-07 -3.78816e-22 -6.19763e-08  2.00163e-21   1.2757e-07 -6.81734e-22 -6.95455e-08  3.34729e-23  1.62909e-08  1.14098e-23
 1.97359e-13 -5.94871e-24 -7.28825e-12  5.65505e-23  1.07886e-10 -2.35253e-22 -9.89077e-10   3.7913e-22  6.47968e-09  1.44063e-21 -3.25812e-08 -1.34214e-20  1.31105e-07  5.82926e-20 -4.33411e-07 -1.83979e-19  1.19677e-06  4.71505e-19 -2.78706e-06 -1.02299e-18  5.49456e-06  1.90616e-18 -9.14665e-06 -3.05936e-18  1.27151e-05  4.21856e-18 -1.43786e-05 -4.95955e-18  1.24217e-05  4.89136e-18  -6.6804e-06 -3.91067e-18 -6.25467e-07  2.33202e-18  5.84463e-06 -7.52634e-19 -6.40921e-06 -2.92096e-19  2.90785e-06  6.28588e-19  1.36976e-06 -4.67987e-19 -3.23495e-06  1.69518e-19  2.11874e-06   2.2219e-20  6.64941e-08 -6.60813e-20 -1.23093e-06  3.81581e-20  9.38316e-07 -9.24782e-21 -1.31086e-07 -1.14383e-21 -2.99097e-07  1.41877e-21  2.60513e-07 -2.28563e-22 -9.48335e-08 -5.11073e-23  1.20203e-08
 2.79493e-24  3.30046e-12  -4.9195e-23 -6.97647e-11  3.13561e-22  7.92019e-10  -1.0407e-21 -6.06705e-09  1.44063e-21  3.45977e-08  4.78918e-21 -1.55014e-07 -3.92681e-20  5.63959e-07  1.52161e-19 -1.70122e-06 -4.36015e-19  4.31036e-06  1.02832e-18 -9.23389e-06 -2.06838e-18  1.67369e-05  3.58317e-18 -2.55031e-05 -5.34785e-18  3.21023e-05  6.84775e-18 -3.20641e-05 -7.45028e-18   2.2818e-05  6.74754e-18 -6.74246e-06 -4.86322e-18 -8.77685e-06  2.47263e-18  1.57358e-05  -4.4875e-19 -1.15652e-05 -6.43306e-19  1.36611e-06  8.13154e-19  6.38222e-06 -4.87798e-19 -6.92394e-06   1.2684e-19   2.3215e-06  4.94959e-20  2.00115e-06 -6.55374e-20 -2.86736e-06  2.98607e-20  1.23479e-06 -5.67699e-21  3.59228e-07 -8.46867e-22 -7.42548e-07   4.5028e-22  4.04807e-07  1.78723e-22 -9.48016e-08 -5.49557e-23
-9.90941e-13  3.05978e-23  3.66095e-11 -3.04085e-22 -5.42129e-10  1.44198e-21  4.97181e-09 -3.99753e-21 -3.25812e-08  4.78918e-21  1.63865e-07  1.38369e-20 -6.59509e-07  -9.9488e-20  2.18046e-06  3.44637e-19 -6.02096e-06 -9.00372e-19  1.40202e-05  1.96123e-18 -2.76318e-05 -3.66505e-18   4.5971e-05  5.90757e-18 -6.38382e-05 -8.19992e-18  7.20457e-05  9.75054e-18 -6.19737e-05 -9.81765e-18  3.28681e-05  8.15875e-18  3.97595e-06 -5.27817e-18 -3.00819e-05  2.23027e-18  3.25429e-05  -3.0542e-20 -1.44886e-05  -9.0503e-19 -7.30182e-06  8.55399e-19  1.66661e-05 -4.21306e-19 -1.08226e-05  7.09873e-20 -4.05818e-07  5.64856e-20  6.35806e-06 -4.95836e-20 -4.84256e-06  1.90108e-20  6.98159e-07 -3.56139e-21  1.51349e-06  1.77803e-22  -1.3248e-06 -5.59042e-22  4.82728e-07  3.59456e-22 -6.11937e-08
-1.25094e-23   -1.477e-11  2.25002e-22  3.12316e-10  -1.5006e-21 -3.54676e-09  5.67935e-21  2.71766e-08 -1.34214e-20 -1.55014e-07  1.38369e-20  6.94665e-07  3.44655e-20 -2.52762e-06 -2.17033e-19  7.62528e-06   6.7463e-19 -1.93195e-05  -1.6148e-18  4.13808e-05  3.26072e-18 -7.49788e-05 -5.67046e-18  0.000114175  8.50488e-18 -0.000143546 -1.09751e-17   0.00014303  1.21194e-17 -0.000101167 -1.12941e-17  2.87934e-05  8.60248e-18  4.07611e-05 -4.96521e-18 -7.15053e-05  1.67275e-18  5.20626e-05  3.47691e-19 -5.65696e-06 -9.78071e-19 -2.93615e-05  7.44269e-19  3.16056e-05 -3.01373e-19 -1.05575e-05  2.95452e-20 -9.14774e-06  3.91313e-20  1.31181e-05 -2.66517e-20 -5.71497e-06  1.04459e-20  -1.5413e-06 -2.83884e-21  3.31794e-06  1.47312e-21 -1.81694e-06 -1.31293e-21  4.26037e-07     2.66e-22
 3.98325e-12 -1.23401e-22 -1.47204e-10  1.24678e-21  2.18047e-09 -6.18859e-21 -2.00019e-08  1.94652e-20  1.31105e-07 -3.92681e-20 -6.59509e-07  3.44655e-20  2.65471e-06  7.35637e-20 -8.77783e-06  -4.0614e-19  2.42392e-05  1.13872e-18 -5.64393e-05  -2.5119e-18  0.000111215  4.71902e-18 -0.000184961 -7.64062e-18  0.000256674   1.0651e-17 -0.000289295 -1.27673e-17  0.000248126  1.30945e-17   -0.0001303 -1.12956e-17 -1.83882e-05  7.86899e-18  0.000123238 -4.01407e-18 -0.000132241  9.98886e-19  5.83452e-05  5.53299e-19  3.03228e-05  -8.4825e-19 -6.82833e-05  5.30404e-19   4.4373e-05 -1.77174e-19  1.46301e-06  1.96357e-20 -2.58874e-05  6.94298e-21  1.99201e-05 -7.72965e-21 -3.14054e-06  5.65754e-21 -5.91548e-06 -2.80169e-21  5.26503e-06  2.87818e-21  -1.9261e-06 -1.43188e-21  2.44447e-07
  4.5157e-23  5.36921e-11 -8.19664e-22  -1.1356e-09  5.55371e-21   1.2899e-08 -2.19465e-20 -9.88557e-08  5.82926e-20  5.63959e-07  -9.9488e-20 -2.52762e-06  7.35637e-20  9.19803e-06  1.34056e-19 -2.77502e-05 -6.50752e-19  7.03095e-05  1.65793e-18  -0.00015059 -3.39545e-18  0.000272816  5.95068e-18 -0.000415304 -8.95192e-18  0.000521815  1.15606e-17 -0.000519254 -1.28555e-17  0.000365975  1.22529e-17 -0.000101703 -9.77871e-18 -0.000151805  6.19726e-18   0.00026319 -2.74469e-18 -0.000191066  4.19812e-19  2.04609e-05  5.47969e-19  0.000108306 -5.79694e-19 -0.000116874  2.87268e-19   3.9753e-05 -8.74695e-20  3.29292e-05  3.86288e-20  -4.8212e-05 -2.11102e-20  2.16255e-05    5.799e-22  4.88329e-06  3.16636e-21 -1.16541e-05 -3.66607e-21   6.4538e-06  4.06816e-21 -1.51846e-06   -9.395e-22
  -1.316e-11  4.06249e-22  4.86421e-10 -4.12391e-21 -7.20629e-09  2.07795e-20  6.61143e-08 -6.78921e-20 -4.33411e-07  1.52161e-19  2.18046e-06 -2.17033e-19 -8.77783e-06  1.34056e-19  2.90262e-05  2.08151e-19 -8.01577e-05 -8.93718e-19  0.000186648  2.09512e-18 -0.000367791 -4.02058e-18  0.000611636  6.56636e-18 -0.000848637 -9.10799e-18  0.000956105  1.08261e-17 -0.000819172  -1.1154e-17  0.000428356  9.88668e-18  6.46259e-05 -7.26427e-18 -0.000412189  4.11411e-18  0.000441711 -1.50452e-18 -0.000195717  3.63542e-20 -0.000100092  3.92609e-19  0.000228087 -2.64134e-19 -0.000150139  7.68661e-20 -2.15881e-06 -4.85055e-20   8.4869e-05   6.3893e-20 -6.69872e-05 -2.65394e-20  1.22698e-05 -8.02377e-22  1.80117e-05   2.6721e-21 -1.66186e-05 -6.44178e-21  6.13228e-06  4.09156e-21 -7.80397e-07
-1.35259e-22 -1.61916e-10   2.4642e-21  3.42486e-09 -1.67633e-20 -3.89053e-08  6.71143e-20  2.98185e-07 -1.83979e-19 -1.70122e-06  3.44637e-19  7.62528e-06  -4.0614e-19 -2.77502e-05  2.08151e-19  8.37276e-05  2.75619e-19 -0.000212154 -1.06336e-18  0.000454434  2.34789e-18 -0.000823368 -4.25537e-18   0.00125358  6.39913e-18  -0.00157533 -8.03532e-18   0.00156783  8.70249e-18  -0.00110492 -8.31277e-18  0.000305921  6.83508e-18  0.000461846 -4.50881e-18 -0.000801014  2.12112e-18  0.000584741 -4.84394e-19 -6.78888e-05 -1.89271e-19 -0.000325896  1.88539e-19  0.000357412  2.06323e-20 -0.000127269 -5.65726e-20  -9.4041e-05 -5.13045e-20  0.000144819  6.20929e-20 -6.84344e-05 -4.40487e-21 -1.05946e-05 -5.85547e-21  3.23211e-05  5.64305e-21 -1.83063e-05 -9.47995e-21  4.33711e-06  2.71843e-21
 3.63381e-11 -1.11913e-21 -1.34314e-09  1.13639e-20  1.98985e-08 -5.74758e-20 -1.82559e-07  1.89741e-19  1.19677e-06 -4.36015e-19 -6.02096e-06   6.7463e-19  2.42392e-05 -6.50752e-19 -8.01577e-05  2.75619e-19  0.000221382   3.1551e-19 -0.000515565 -1.14294e-18   0.00101615   2.4641e-18  -0.00169044 -4.18526e-18   0.00234669  5.59187e-18  -0.00264603   -6.147e-18   0.00227032  6.02134e-18  -0.00119132 -5.37863e-18 -0.000174169  4.01103e-18   0.00114261 -2.11291e-18  -0.00123374  4.87367e-19  0.000558719  3.13699e-19   0.00026358 -3.57927e-19 -0.000630044  1.46964e-20  0.000426987  2.10807e-19 -9.55893e-06 -8.47001e-20 -0.000225809 -5.97096e-20  0.000186881   8.6641e-21 -4.20174e-05  3.32957e-20 -4.18689e-05 -1.35239e-20  4.15901e-05  1.47207e-20 -1.56072e-05 -1.05307e-20  1.99702e-06
 3.42264e-22  4.10382e-10 -6.24686e-21 -8.67956e-09  4.24984e-20  9.85873e-08 -1.70706e-19 -7.55552e-07  4.71505e-19  4.31036e-06 -9.00372e-19 -1.93195e-05  1.13872e-18  7.03095e-05 -8.93718e-19 -0.000212154   3.1551e-19  0.000537655  3.31498e-19    -0.001152 -1.23505e-18   0.00208823  2.64578e-18  -0.00318172 -4.00706e-18   0.00400325  4.45102e-18  -0.00399271 -4.13486e-18   0.00282678  3.79149e-18 -0.000801507 -3.26594e-18  -0.00115737  1.99021e-18   0.00204072 -3.49213e-19  -0.00151509 -7.46626e-19  0.000210742  9.73861e-19  0.000805003 -5.31736e-19  -0.00091493 -8.19507e-20  0.000352706  2.38857e-19  0.000209893 -1.24224e-20 -0.000357831 -2.30872e-20  0.000183616 -8.59229e-20  9.76622e-06   6.2302e-20 -6.93325e-05 -2.12511e-20  4.10784e-05  2.05701e-20  -9.8645e-06  -6.6339e-21
-8.46932e-11  2.61902e-21  3.12972e-09 -2.65752e-20 -4.63565e-08  1.34477e-19  4.25217e-07  -4.4513e-19 -2.78706e-06  1.02832e-18  1.40202e-05  -1.6148e-18 -5.64393e-05  1.65793e-18  0.000186648 -1.06336e-18 -0.000515565  3.31498e-19   0.00120105  3.72009e-19   -0.0023685 -1.52367e-18   0.00394371  3.03193e-18  -0.00548273 -3.73113e-18   0.00619759  3.20002e-18  -0.00534335 -2.65444e-18    0.0028429  2.73717e-18  0.000347885 -2.37556e-18  -0.00264348  9.01815e-19   0.00291136  7.67379e-19  -0.00137819 -1.64327e-18 -0.000543362  1.53407e-18   0.00144706 -6.95948e-19  -0.00103237 -4.48469e-20   8.4801e-05   5.0149e-20  0.000484235  9.92933e-20 -0.000435014  8.67856e-20  0.000125585 -1.77357e-19  6.79969e-05  7.44489e-20 -8.01923e-05 -3.63586e-20   3.1137e-05  2.46649e-20 -4.02789e-06
-7.39523e-22 -8.80232e-10  1.35188e-20    1.861e-08 -9.19081e-20 -2.11311e-07  3.69521e-19  1.61896e-06 -1.02299e-18 -9.23389e-06  1.96123e-18  4.13808e-05  -2.5119e-18  -0.00015059  2.09512e-18  0.000454434 -1.14294e-18    -0.001152  3.72009e-19   0.00246971  5.09375e-19  -0.00448124 -2.06753e-18   0.00683887  3.34755e-18  -0.00862797 -2.96637e-18    0.0086473  1.88649e-18  -0.00618936  -2.0906e-18   0.00186003  3.00656e-18   0.00238339 -2.53914e-18  -0.00437558  5.77403e-19   0.00335521  1.33126e-18 -0.000605107 -2.24173e-18  -0.00162261  1.91712e-18   0.00196993 -8.13185e-19 -0.000854752  2.11083e-19 -0.000343375 -3.27636e-19   0.00072308  1.48786e-19 -0.000419971  2.35508e-19  3.41281e-05 -2.06016e-19   0.00010625  5.79806e-20 -6.98483e-05 -3.27429e-20   1.7261e-05  1.14183e-20
 1.67295e-10 -5.25014e-21 -6.17867e-09  5.32523e-20  9.14686e-08 -2.69457e-19 -8.38627e-07  8.93252e-19  5.49456e-06 -2.06838e-18 -2.76318e-05  3.26072e-18  0.000111215 -3.39545e-18 -0.000367791  2.34789e-18   0.00101615 -1.23505e-18   -0.0023685  5.09375e-19   0.00467545   7.5568e-19  -0.00779814 -2.51849e-18    0.0108719  2.76037e-18   -0.0123493 -1.11554e-18    0.0107492  5.33844e-19   -0.0058782 -2.45039e-18 -0.000435923  4.14496e-18   0.00509719 -3.23745e-18  -0.00582968    7.579e-19   0.00296669  1.44784e-18  0.000815335  -2.4878e-18  -0.00275119  1.97842e-18   0.00213293 -9.21671e-19  -0.00036389  7.48061e-19 -0.000809764 -7.57683e-19  0.000840841  8.90399e-20 -0.000323486  3.21129e-19 -4.68883e-05 -1.51546e-19  0.000107731   4.4838e-20 -4.55014e-05 -4.23428e-20  6.03755e-06
 1.37162e-21  1.59956e-09 -2.51249e-20 -3.37922e-08  1.70738e-19  3.83435e-07 -6.86993e-19 -2.93591e-06  1.90616e-18  1.67369e-05 -3.66505e-18 -7.49788e-05  4.71902e-18  0.000272816 -4.02058e-18 -0.000823368   2.4641e-18   0.00208823 -1.52367e-18  -0.00448124   7.5568e-19   0.00814516  9.55098e-19   -0.0124662 -2.05108e-18    0.0158037   2.8805e-19   -0.0159786  2.03804e-18    0.0116627 -6.85923e-19  -0.00386331 -3.32869e-18   -0.0039599  5.31758e-18   0.00788059 -3.91734e-18  -0.00637814  1.21165e-18   0.00156464  1.19061e-18   0.00259812 -2.23889e-18  -0.00355446  1.63222e-18   0.00181493 -1.12671e-18   0.00030958  1.45229e-18  -0.00116349 -9.93894e-19  0.000814717  -7.6941e-20  -0.00020407  2.92375e-19 -7.91311e-05 -4.45271e-20  7.72395e-05  8.25464e-21 -2.07112e-05 -6.40826e-21
-2.79526e-10  9.04437e-21  1.03126e-08 -9.17758e-20 -1.52516e-07  4.64419e-19   1.3971e-06 -1.54243e-18 -9.14665e-06  3.58317e-18   4.5971e-05 -5.67046e-18 -0.000184961  5.95068e-18  0.000611636 -4.25537e-18  -0.00169044  2.64578e-18   0.00394371 -2.06753e-18  -0.00779814  9.55098e-19    0.0130441  7.64756e-19   -0.0182736  2.31062e-19    0.0209302 -4.34316e-18   -0.0185157  5.86313e-18    0.0105929 -1.54965e-18 -3.95183e-05 -3.97319e-18  -0.00808507   5.7068e-18   0.00988326 -4.22534e-18  -0.00559672  1.74383e-18 -0.000632413  5.96749e-19    0.0042429 -1.38888e-18  -0.00375611  1.01591e-18   0.00110953 -1.57607e-18  0.000946381  2.14906e-18  -0.00131899 -1.02972e-18  0.000703911 -8.21386e-20 -0.000129094  2.98562e-20 -5.68629e-05  8.86931e-20  3.68006e-05  2.39993e-20 -5.37631e-06
-2.18535e-21 -2.44872e-09  4.01495e-20  5.16603e-08 -2.72855e-19 -5.85443e-07  1.09898e-18   4.4777e-06 -3.05936e-18 -2.55031e-05  5.90757e-18  0.000114175 -7.64062e-18 -0.000415304  6.56636e-18   0.00125358 -4.18526e-18  -0.00318172  3.03193e-18   0.00683887 -2.51849e-18   -0.0124662  7.64756e-19    0.0191716 -1.75862e-19   -0.0245017  4.52432e-18     0.025135 -1.00668e-17   -0.0189349  9.09089e-18    0.0072022 -2.09706e-18   0.00502461 -3.57789e-18   -0.0117754  4.92408e-18    0.0103905 -4.05841e-18  -0.00354755  2.18486e-18  -0.00304314 -3.47104e-19   0.00528334  5.10152e-20  -0.00335124  3.41694e-19  0.000284235 -2.07994e-18   0.00137277  2.31961e-18  -0.00131045 -6.06538e-19  0.000604849 -1.72496e-19 -0.000125246 -8.36693e-20 -9.07936e-06  8.43258e-20  8.17867e-06 -2.25543e-20
 3.91155e-10 -1.33715e-20 -1.44036e-08  1.35905e-19  2.12644e-07 -6.87913e-19  -1.9448e-06  2.29063e-18  1.27151e-05 -5.34785e-18 -6.38382e-05  8.50488e-18  0.000256674 -8.95192e-18 -0.000848637  6.39913e-18   0.00234669 -4.00706e-18  -0.00548273  3.34755e-18    0.0108719 -2.05108e-18   -0.0182736 -1.75862e-19    0.0258055 -1.93416e-18   -0.0299648  9.77456e-18     0.027208 -1.47794e-17   -0.0166616   1.0638e-17   0.00193662 -2.73756e-18    0.0101719 -1.78042e-18   -0.0140181  3.17846e-18   0.00922684 -3.43219e-18 -0.000817538  2.38333e-18  -0.00500952 -1.60074e-18   0.00555486  1.70478e-18  -0.00261066  1.29501e-19 -0.000389854 -2.81067e-18   0.00156662  2.43203e-18  -0.00125194 -7.28487e-19  0.000573352  5.22392e-19 -0.000161395 -5.88651e-19  2.61272e-05  1.56929e-19 -1.81955e-06
 2.97855e-21  3.10822e-09 -5.49728e-20 -6.54127e-08  3.73873e-19  7.39624e-07 -1.50786e-18 -5.64568e-06  4.21856e-18  3.21023e-05 -8.19992e-18 -0.000143546   1.0651e-17  0.000521815 -9.10799e-18  -0.00157533  5.59187e-18   0.00400325 -3.73113e-18  -0.00862797  2.76037e-18    0.0158037  2.31062e-19   -0.0245017 -1.93416e-18    0.0317375 -4.06697e-18    -0.033336   1.3963e-17    0.0263732 -1.65306e-17   -0.0119861  1.03122e-17   -0.0039981 -3.88313e-18    0.0141247  9.86731e-19   -0.0143496  1.05822e-18   0.00689741 -2.36648e-18   0.00178018  2.38036e-18  -0.00616653 -3.25125e-18     0.005272  3.37843e-18  -0.00188751  2.60168e-20 -0.000809162 -2.56627e-18   0.00163842  1.11901e-18   -0.0012294  3.03253e-19  0.000582045 -5.34627e-20  -0.00018062  -3.3076e-20  3.13399e-05  1.83343e-20
-4.47714e-10  1.68522e-20  1.64294e-08 -1.71882e-19 -2.41772e-07  8.70496e-19  2.20476e-06 -2.90967e-18 -1.43786e-05  6.84775e-18  7.20457e-05 -1.09751e-17 -0.000289295  1.15606e-17  0.000956105 -8.03532e-18  -0.00264603  4.45102e-18   0.00619759 -2.96637e-18   -0.0123493   2.8805e-19    0.0209302  4.52432e-18   -0.0299648 -4.06697e-18    0.0356007 -5.73694e-18   -0.0337047  1.51972e-17     0.022771 -1.46861e-17  -0.00610372  8.75408e-18  -0.00912033 -5.42446e-18    0.0161231  3.69925e-18   -0.0131182 -9.57711e-19   0.00430532 -8.29809e-19    0.0036738  2.31308e-18  -0.00661679 -4.93187e-18   0.00483235  3.97418e-18  -0.00137415  1.18651e-18  -0.00105812 -3.29371e-18   0.00169663   1.8105e-18  -0.00122212 -1.50582e-18  0.000554248  1.72623e-18 -0.000151309 -8.31953e-19  1.67458e-05
 -3.4352e-21 -3.15493e-09  6.38715e-20  6.60853e-08 -4.35198e-19 -7.44001e-07  1.75859e-18  5.65722e-06 -4.95955e-18 -3.20641e-05  9.75054e-18   0.00014303 -1.27673e-17 -0.000519254  1.08261e-17   0.00156783   -6.147e-18  -0.00399271  3.20002e-18    0.0086473 -1.11554e-18   -0.0159786 -4.34316e-18     0.025135  9.77456e-18    -0.033336 -5.73694e-18    0.0364375 -6.16114e-18   -0.0311047  1.28232e-17    0.0175556 -1.01479e-17 -0.000630884   6.7583e-18   -0.0124054 -6.63344e-18    0.0163155  5.41787e-18   -0.0112439 -2.79086e-18    0.0022002  9.91818e-19   0.00482098  2.70183e-18  -0.00675581 -6.71909e-18   0.00450248  4.19413e-18  -0.00102453  9.26899e-19  -0.00125624 -6.54617e-19   0.00172454 -1.62517e-18  -0.00113177  1.54116e-18  0.000442225 -9.45476e-19  -8.8878e-05  3.51056e-19
 3.96648e-10 -1.78361e-20 -1.44527e-08  1.83157e-19  2.11269e-07 -9.28532e-19 -1.91489e-06  3.12242e-18  1.24217e-05 -7.45028e-18 -6.19737e-05  1.21194e-17  0.000248126 -1.28555e-17 -0.000819172  8.70249e-18   0.00227032 -4.13486e-18  -0.00534335  1.88649e-18    0.0107492  2.03804e-18   -0.0185157 -1.00668e-17     0.027208   1.3963e-17   -0.0337047 -6.16114e-18    0.0342432 -5.06769e-18   -0.0266498  7.70589e-18    0.0124189 -4.59415e-18   0.00320001  4.67312e-18   -0.0137967  -6.6241e-18    0.0155788  5.82359e-18  -0.00960274 -4.50095e-18  0.000770946  2.38259e-18   0.00557794  4.03018e-18  -0.00689532 -7.78028e-18   0.00426981   2.4885e-18 -0.000714027  2.77793e-18  -0.00138496 -2.43933e-18   0.00159687  2.42203e-18 -0.000892843 -3.61104e-18  0.000272706  2.62502e-18 -3.17312e-05
 3.27734e-21  2.33344e-09 -6.17243e-20 -4.83442e-08  4.22186e-19  5.38692e-07 -1.71102e-18 -4.05808e-06  4.89136e-18   2.2818e-05 -9.81765e-18 -0.000101167  1.30945e-17  0.000365975  -1.1154e-17  -0.00110492  6.02134e-18   0.00282678 -2.65444e-18  -0.00618936  5.33844e-19    0.0116627  5.86313e-18   -0.0189349 -1.47794e-17    0.0263732  1.51972e-17   -0.0311047 -5.06769e-18    0.0301151 -2.82206e-18   -0.0220656  1.59903e-18   0.00873513  4.70731e-19   0.00515524   2.4385e-18   -0.0140961 -5.18887e-18    0.0148614  5.77477e-18  -0.00850514 -6.89767e-18 -0.000284552  3.89733e-18   0.00627316  4.37412e-18  -0.00703703 -5.87883e-18   0.00399762 -4.80753e-19 -0.000465352  1.62139e-18  -0.00128371   2.7177e-18   0.00122626 -4.44292e-18 -0.000552372  3.66797e-18  0.000117847 -1.84301e-18
  -2.301e-10    1.537e-20  8.21389e-09  -1.5996e-19 -1.17713e-07  8.12325e-19  1.04722e-06 -2.75913e-18  -6.6804e-06  6.74754e-18  3.28681e-05 -1.12941e-17   -0.0001303  1.22529e-17  0.000428356 -8.31277e-18  -0.00119132  3.79149e-18    0.0028429  -2.0906e-18   -0.0058782 -6.85923e-19    0.0105929  9.09089e-18   -0.0166616 -1.65306e-17     0.022771  1.28232e-17   -0.0266498 -2.82206e-18    0.0257882 -1.66792e-19   -0.0188067 -3.79266e-18   0.00686842  4.30898e-18   0.00595755 -3.61862e-19   -0.0142832 -2.15516e-18    0.0145585  4.62663e-18  -0.00769482  -6.5034e-18  -0.00129744 -7.43027e-19   0.00690107   1.1696e-17  -0.00701277 -1.10847e-17   0.00370455  4.27012e-18 -0.000480701 -2.80845e-18 -0.000835726  1.37122e-18  0.000688833  3.61733e-18 -0.000237677 -5.38338e-18  2.85692e-05
-2.46227e-21 -8.42714e-10  4.75609e-20   1.6571e-08 -3.27929e-19  -1.7526e-07  1.33487e-18  1.25541e-06 -3.91067e-18 -6.74246e-06  8.15875e-18  2.87934e-05 -1.12956e-17 -0.000101703  9.88668e-18  0.000305921 -5.37863e-18 -0.000801507  2.73717e-18   0.00186003 -2.45039e-18  -0.00386331 -1.54965e-18    0.0072022   1.0638e-17   -0.0119861 -1.46861e-17    0.0175556  7.70589e-18   -0.0220656 -1.66792e-19    0.0227424  2.12053e-18   -0.0173146 -7.25597e-18   0.00615965  6.44741e-18   0.00659491 -2.69499e-18   -0.0148044 -1.11515e-18    0.0144385  8.85559e-18  -0.00683368 -1.42498e-17  -0.00224424  8.59248e-18   0.00724025  -5.0299e-18  -0.00681791  1.37093e-17     0.003633 -1.83917e-17 -0.000915324  1.03401e-17 -0.000151208 -8.21851e-19  0.000191521 -4.17278e-18 -4.92439e-05  4.53394e-18
 1.06994e-11 -1.00342e-20 -7.90699e-11  1.07639e-19 -3.14575e-09 -5.48081e-19  6.45013e-08   1.8955e-18 -6.25467e-07 -4.86322e-18  3.97595e-06  8.60248e-18 -1.83882e-05 -9.77871e-18  6.46259e-05  6.83508e-18 -0.000174169 -3.26594e-18  0.000347885  3.00656e-18 -0.000435923 -3.32869e-18 -3.95183e-05 -2.09706e-18   0.00193662  1.03122e-17  -0.00610372 -1.01479e-17    0.0124189  1.59903e-18   -0.0188067  2.12053e-18    0.0214448  3.61802e-18   -0.0169694 -8.79962e-18   0.00561998  8.39788e-18   0.00754326 -7.62681e-18   -0.0154324  5.38687e-18     0.014141 -6.21451e-19  -0.00595738  8.03396e-18   -0.0028384   -3.111e-17   0.00724025  4.64949e-17  -0.00672413 -4.64588e-17   0.00398294   4.4131e-17  -0.00162516 -3.62495e-17  0.000461668  1.61679e-17 -9.02021e-05  2.00345e-18  9.28273e-06
 1.27058e-21 -6.46773e-10 -2.62091e-20  1.48493e-08  1.84414e-19 -1.80788e-07 -7.55418e-19  1.46809e-06  2.33202e-18 -8.77685e-06 -5.27817e-18  4.07611e-05  7.86899e-18 -0.000151805 -7.26427e-18  0.000461846  4.01103e-18  -0.00115737 -2.37556e-18   0.00238339  4.14496e-18   -0.0039599 -3.97319e-18   0.00502461 -2.73756e-18   -0.0039981  8.75408e-18 -0.000630884 -4.59415e-18   0.00873513 -3.79266e-18   -0.0173146  3.61802e-18    0.0212883  3.71097e-18   -0.0167821  -7.2872e-18   0.00475532  6.12617e-18    0.0085691 -2.18951e-18   -0.0157709 -1.27314e-17    0.0136972  3.63713e-17  -0.00541305 -5.09305e-17  -0.00296933  6.19188e-17   0.00718703 -8.71188e-17  -0.00697743  1.07762e-16   0.00458085 -9.68794e-17  -0.00218712  6.23457e-17  0.000729857  -2.4382e-17 -0.000139438 -1.86333e-18
 1.54473e-10  3.87184e-21  -5.9536e-09 -4.61223e-20  9.15251e-08  2.35757e-19 -8.67265e-07 -8.51532e-19  5.84463e-06  2.47263e-18 -3.00819e-05 -4.96521e-18  0.000123238  6.19726e-18 -0.000412189 -4.50881e-18   0.00114261  1.99021e-18  -0.00264348 -2.53914e-18   0.00509719  5.31758e-18  -0.00808507 -3.57789e-18    0.0101719 -3.88313e-18  -0.00912033   6.7583e-18   0.00320001  4.70731e-19   0.00686842 -7.25597e-18   -0.0169694  3.71097e-18     0.021284  4.16866e-18   -0.0162475 -9.01666e-18   0.00380673  1.55565e-17   0.00923623 -2.43874e-17   -0.0158303  3.13294e-17    0.0134976 -5.49217e-17  -0.00537084  1.14153e-16  -0.00292713 -1.81639e-16   0.00737167  2.21607e-16  -0.00738189 -2.30536e-16    0.0048853  2.01738e-16   -0.0022181 -1.27314e-16  0.000624067   4.1334e-17 -7.18487e-05
-1.74728e-22  1.38546e-09  6.05461e-21 -2.99885e-08 -4.77783e-20  3.47747e-07  1.97078e-19 -2.71438e-06 -7.52634e-19  1.57358e-05  2.23027e-18 -7.15053e-05 -4.01407e-18   0.00026319  4.11411e-18 -0.000801014 -2.11291e-18   0.00204072  9.01815e-19  -0.00437558 -3.23745e-18   0.00788059   5.7068e-18   -0.0117754 -1.78042e-18    0.0141247 -5.42446e-18   -0.0124054  4.67312e-18   0.00515524  4.30898e-18   0.00615965 -8.79962e-18   -0.0167821  4.16866e-18    0.0209226 -2.98319e-19    -0.015611  2.46769e-18   0.00324324  -1.1118e-17   0.00952755  4.21688e-17   -0.0160252 -1.08034e-16    0.0137592   1.8907e-16  -0.00553627 -2.73216e-16  -0.00305001  3.71966e-16   0.00758597 -4.52901e-16   -0.0072843  4.47769e-16   0.00440462 -3.40357e-16  -0.00169081  1.78956e-16  0.000342035  -3.6574e-17
-1.86408e-10  7.57481e-22  6.97551e-09 -1.21463e-21 -1.04494e-07  6.33931e-21  9.68452e-07  1.77453e-20 -6.40921e-06  -4.4875e-19  3.25429e-05  1.67275e-18 -0.000132241 -2.74469e-18  0.000441711  2.12112e-18  -0.00123374 -3.49213e-19   0.00291136  5.77403e-19  -0.00582968 -3.91734e-18   0.00988326  4.92408e-18   -0.0140181  9.86731e-19    0.0161231 -6.63344e-18   -0.0137967   2.4385e-18   0.00595755  6.44741e-18   0.00561998  -7.2872e-18   -0.0162475 -2.98319e-19    0.0204507  1.01425e-17   -0.0153618 -2.96037e-17   0.00310603  6.80569e-17   0.00986834 -1.24525e-16   -0.0166033  2.20702e-16    0.0141752 -3.94351e-16  -0.00551637   6.1732e-16   -0.0031325 -7.99055e-16   0.00708028  8.69282e-16  -0.00609911 -7.85845e-16   0.00314386   5.4178e-16 -0.000934343 -2.29826e-16   0.00010816
-4.45989e-22 -1.10085e-09  5.98075e-21  2.32637e-08 -3.51569e-20 -2.64057e-07  1.48965e-19  2.02383e-06 -2.92096e-19 -1.15652e-05  -3.0542e-20  5.20626e-05  9.98886e-19 -0.000191066 -1.50452e-18  0.000584741  4.87367e-19  -0.00151509  7.67379e-19   0.00335521    7.579e-19  -0.00637814 -4.22534e-18    0.0103905  3.17846e-18   -0.0143496  3.69925e-18    0.0163155  -6.6241e-18   -0.0140961 -3.61862e-19   0.00659491  8.39788e-18   0.00475532 -9.01666e-18    -0.015611  1.01425e-17     0.020364 -2.32478e-17   -0.0155558  5.61207e-17   0.00296416 -1.38824e-16    0.0105263  3.15166e-16   -0.0172386 -5.83966e-16    0.0142886  9.07616e-16  -0.00549512 -1.25182e-15  -0.00235057   1.5217e-15    0.0051986 -1.54896e-15  -0.00390521  1.24584e-15   0.00162893 -7.15772e-16 -0.000335684  1.98416e-16
 9.60578e-11 -2.61236e-21 -3.46608e-09  2.16584e-20  5.01776e-08 -1.12596e-19 -4.50923e-07  3.76064e-19  2.90785e-06 -6.43306e-19 -1.44886e-05  3.47691e-19  5.83452e-05  4.19812e-19 -0.000195717 -4.84394e-19  0.000558719 -7.46626e-19  -0.00137819  1.33126e-18   0.00296669  1.21165e-18  -0.00559672 -4.05841e-18   0.00922684  1.05822e-18   -0.0131182  5.41787e-18    0.0155788 -5.18887e-18   -0.0142832 -2.69499e-18   0.00754326  6.12617e-18   0.00380673  2.46769e-18   -0.0153618 -2.32478e-17    0.0207234  7.31226e-17   -0.0157583 -1.85272e-16   0.00253541  3.83427e-16    0.0111558 -7.03046e-16   -0.0174071  1.20044e-15    0.0142453 -1.83797e-15  -0.00634611  2.41441e-15 -3.85675e-06 -2.68026e-15   0.00213627  2.46409e-15  -0.00149672  -1.7565e-15  0.000480343  8.11612e-16 -5.39109e-05
 5.25558e-22  2.20032e-10 -8.41378e-21 -4.07871e-09  5.36643e-20  4.03647e-08 -2.33492e-19 -2.69962e-07  6.28588e-19  1.36611e-06  -9.0503e-19 -5.65696e-06  5.53299e-19  2.04609e-05  3.63542e-20 -6.78888e-05  3.13699e-19  0.000210742 -1.64327e-18 -0.000605107  1.44784e-18   0.00156464  1.74383e-18  -0.00354755 -3.43219e-18   0.00689741 -9.57711e-19   -0.0112439  5.82359e-18    0.0148614 -2.15516e-18   -0.0148044 -7.62681e-18    0.0085691  1.55565e-17   0.00324324 -2.96037e-17   -0.0155558  7.31226e-17    0.0210923 -1.74998e-16   -0.0156763  3.97669e-16   0.00217838  -8.4583e-16    0.0111746  1.57528e-15   -0.0172094 -2.52056e-15    0.0149475  3.51989e-15  -0.00879226  -4.2839e-15   0.00356399  4.40263e-15 -0.000984106 -3.62305e-15  0.000203414  2.16408e-15 -3.95681e-05  -6.6966e-16
  2.5411e-11  2.14585e-21 -1.11163e-09 -1.90382e-20  1.88441e-08  1.00658e-19 -1.92433e-07 -3.68803e-19  1.36976e-06  8.13154e-19 -7.30182e-06 -9.78071e-19  3.03228e-05  5.47969e-19 -0.000100092 -1.89271e-19   0.00026358  9.73861e-19 -0.000543362 -2.24173e-18  0.000815335  1.19061e-18 -0.000632413  2.18486e-18 -0.000817538 -2.36648e-18   0.00430532 -2.79086e-18  -0.00960274  5.77477e-18    0.0145585 -1.11515e-18   -0.0154324 -2.18951e-18   0.00923623  -1.1118e-17   0.00310603  5.61207e-17   -0.0157583 -1.74998e-16    0.0211738  4.54746e-16    -0.015674 -9.91628e-16   0.00251639  1.87241e-15    0.0106438 -3.17055e-15   -0.0175662  4.79235e-15    0.0171297 -6.29906e-15   -0.0123303  7.03978e-15   0.00686995 -6.51374e-15  -0.00289073  4.69821e-15  0.000813294 -2.24235e-15 -9.93939e-05
 -2.9031e-22  4.97858e-10  4.97945e-21 -1.12112e-08 -3.20849e-20  1.34451e-07  1.49183e-19 -1.07861e-06 -4.67987e-19  6.38222e-06  8.55399e-19 -2.93615e-05  -8.4825e-19  0.000108306  3.92609e-19 -0.000325896 -3.57927e-19  0.000805003  1.53407e-18  -0.00162261  -2.4878e-18   0.00259812  5.96749e-19  -0.00304314  2.38333e-18   0.00178018 -8.29809e-19    0.0022002 -4.50095e-18  -0.00850514  4.62663e-18    0.0144385  5.38687e-18   -0.0157709 -2.43874e-17   0.00952755  6.80569e-17   0.00296416 -1.85272e-16   -0.0156763  4.54746e-16    0.0213333 -1.01169e-15   -0.0163968   2.0713e-15   0.00351321  -3.8018e-15     0.010503   6.1092e-15   -0.0192259 -8.56102e-15    0.0201428   1.0402e-14   -0.0151237 -1.06939e-14   0.00828708  8.86282e-15  -0.00309615 -5.38026e-15  0.000637971  1.74709e-15
-8.49626e-11 -8.17497e-22  3.27925e-09  7.27263e-21 -5.04973e-08 -4.01373e-20  4.79315e-07  1.77623e-19 -3.23495e-06 -4.87798e-19  1.66661e-05  7.44269e-19 -6.82833e-05 -5.79694e-19  0.000228087  1.88539e-19 -0.000630044 -5.31736e-19   0.00144706  1.91712e-18  -0.00275119 -2.23889e-18    0.0042429 -3.47104e-19  -0.00500952  2.38036e-18    0.0036738  9.91818e-19  0.000770946 -6.89767e-18  -0.00769482  8.85559e-18     0.014141 -1.27314e-17   -0.0158303  4.21688e-17   0.00986834 -1.38824e-16   0.00253541  3.97669e-16    -0.015674 -1.01169e-15    0.0222226  2.23576e-15   -0.0178194 -4.29232e-15   0.00420644  7.27952e-15    0.0115264 -1.09336e-14   -0.0214295  1.43216e-14    0.0218432 -1.60038e-14    -0.015231  1.48074e-14   0.00727748 -1.06919e-14  -0.00213453  5.15125e-15  0.000253838
 3.76585e-23 -5.98694e-10 -8.43963e-22  1.30191e-08  4.87677e-21 -1.51655e-07 -3.41797e-20  1.18906e-06  1.69518e-19 -6.92394e-06 -4.21306e-19  3.16056e-05  5.30404e-19 -0.000116874 -2.64134e-19  0.000357412  1.46964e-20  -0.00091493 -6.95948e-19   0.00196993  1.97842e-18  -0.00355446 -1.38888e-18   0.00528334 -1.60074e-18  -0.00616653  2.31308e-18   0.00482098  2.38259e-18 -0.000284552  -6.5034e-18  -0.00683368 -6.21451e-19    0.0136972  3.13294e-17   -0.0160252 -1.24525e-16    0.0105263  3.83427e-16   0.00217838 -9.91628e-16   -0.0163968  2.23576e-15     0.023819 -4.52232e-15   -0.0189585  8.19335e-15    0.0037862 -1.30997e-14    0.0128918  1.82996e-14   -0.0218011 -2.21142e-14    0.0200534  2.26081e-14   -0.0121551  -1.8691e-14   0.00472989  1.13748e-14 -0.000973153 -3.75876e-15
 6.10169e-11 -1.31098e-22 -2.28668e-09  1.47454e-21  3.43178e-08 -6.59571e-21 -3.18888e-07 -1.08942e-20  2.11874e-06   1.2684e-19 -1.08226e-05 -3.01373e-19   4.4373e-05  2.87268e-19 -0.000150139  2.06323e-20  0.000426987 -8.19507e-20  -0.00103237 -8.13185e-19   0.00213293  1.63222e-18  -0.00375611  5.10152e-20   0.00555486 -3.25125e-18  -0.00661679  2.70183e-18   0.00557794  3.89733e-18  -0.00129744 -1.42498e-17  -0.00595738  3.63713e-17    0.0134976 -1.08034e-16   -0.0166033  3.15166e-16    0.0111558  -8.4583e-16   0.00251639   2.0713e-15   -0.0178194 -4.52232e-15    0.0251308  8.68458e-15   -0.0189719 -1.47002e-14   0.00309642  2.19413e-14    0.0120755 -2.85627e-14   -0.0180246   3.1769e-14    0.0144239 -2.92528e-14  -0.00727827  2.10072e-14   0.00215335 -1.00897e-14 -0.000249789
 7.40898e-23  2.30148e-10 -1.09923e-21 -4.78414e-09  8.17203e-21  5.35538e-08 -2.73533e-20 -4.06756e-07   2.2219e-20   2.3215e-06  7.09873e-20 -1.05575e-05 -1.77174e-19   3.9753e-05  7.68661e-20 -0.000127269  2.10807e-19  0.000352706 -4.48469e-20 -0.000854752 -9.21671e-19   0.00181493  1.01591e-18  -0.00335124  1.70478e-18     0.005272 -4.93187e-18  -0.00675581  4.03018e-18   0.00627316 -7.43027e-19  -0.00224424  8.03396e-18  -0.00541305 -5.49217e-17    0.0137592  2.20702e-16   -0.0172386 -7.03046e-16    0.0111746  1.87241e-15   0.00351321 -4.29232e-15   -0.0189585  8.68458e-15    0.0253025 -1.56247e-14   -0.0187024  2.48219e-14   0.00473533 -3.44659e-14   0.00671229  4.13227e-14  -0.00998809 -4.18592e-14   0.00694803   3.4314e-14  -0.00279334 -2.07438e-14  0.000558008  6.84637e-15
-3.19696e-12  3.55988e-22  5.93366e-11 -3.55421e-21 -7.77364e-11  1.93163e-20  -5.5496e-09 -5.07478e-20  6.64941e-08  4.94959e-20 -4.05818e-07  2.95452e-20  1.46301e-06 -8.74695e-20 -2.15881e-06 -5.65726e-20 -9.55893e-06  2.38857e-19   8.4801e-05  2.11083e-19  -0.00036389 -1.12671e-18   0.00110953  3.41694e-19  -0.00261066  3.37843e-18   0.00483235 -6.71909e-18  -0.00689532  4.37412e-18   0.00690107  8.59248e-18   -0.0028384 -5.09305e-17  -0.00537084   1.8907e-16    0.0141752 -5.83966e-16   -0.0174071  1.57528e-15    0.0106438  -3.8018e-15   0.00420644  8.19335e-15   -0.0189719 -1.56247e-14    0.0251736  2.62805e-14   -0.0207755 -3.88965e-14     0.011058  5.01758e-14  -0.00302595  -5.5325e-14 -0.000356563  5.04771e-14  0.000596869 -3.58654e-14 -0.000156307  1.70291e-14  2.68641e-06
-6.30243e-23  1.43555e-10  9.93173e-22 -3.34562e-09 -7.48045e-21  4.11745e-08  3.14618e-20 -3.35961e-07 -6.60813e-20  2.00115e-06  5.64856e-20 -9.14774e-06  1.96357e-20  3.29292e-05 -4.85055e-20  -9.4041e-05 -8.47001e-20  0.000209893   5.0149e-20 -0.000343375  7.48061e-19   0.00030958 -1.57607e-18  0.000284235  1.29501e-19  -0.00188751  3.97418e-18   0.00450248 -7.78028e-18  -0.00703703   1.1696e-17   0.00724025   -3.111e-17  -0.00296933  1.14153e-16  -0.00553627 -3.94351e-16    0.0142886  1.20044e-15   -0.0172094 -3.17055e-15     0.010503  7.27952e-15    0.0037862 -1.47002e-14   -0.0187024  2.62805e-14    0.0273752 -4.14385e-14    -0.027517  5.70783e-14    0.0216241 -6.77722e-14   -0.0138257   6.7863e-14   0.00710752 -5.49366e-14   -0.0027069  3.27756e-14  0.000606632 -1.06668e-14
-3.02952e-11  -1.8448e-22  1.19589e-09  1.87161e-21 -1.87648e-08 -1.15552e-20  1.80709e-07   3.9015e-20 -1.23093e-06 -6.55374e-20  6.35806e-06  3.91313e-20 -2.58874e-05  3.86288e-20   8.4869e-05 -5.13045e-20 -0.000225809 -1.24224e-20  0.000484235 -3.27636e-19 -0.000809764  1.45229e-18  0.000946381 -2.07994e-18 -0.000389854  2.60168e-20  -0.00137415  4.19413e-18   0.00426981 -5.87883e-18  -0.00701277  -5.0299e-18   0.00724025  6.19188e-17  -0.00292713 -2.73216e-16  -0.00551637  9.07616e-16    0.0142453 -2.52056e-15   -0.0175662   6.1092e-15    0.0115264 -1.30997e-14   0.00309642  2.48219e-14   -0.0207755 -4.14385e-14    0.0342187  6.07415e-14   -0.0382949 -7.74811e-14    0.0325816  8.44154e-14   -0.0212109 -7.60191e-14    0.0100605  5.32049e-14  -0.00305441 -2.48121e-14  0.000388832
 1.82008e-23 -2.33722e-10 -2.80365e-22  5.18612e-09  2.48515e-21 -6.14519e-08 -1.36896e-20  4.88254e-07  3.81581e-20 -2.86736e-06 -4.95836e-20  1.31181e-05  6.94298e-21  -4.8212e-05   6.3893e-20  0.000144819 -5.97096e-20 -0.000357831  9.92933e-20   0.00072308 -7.57683e-19  -0.00116349  2.14906e-18   0.00137277 -2.81067e-18 -0.000809162  1.18651e-18  -0.00102453   2.4885e-18   0.00399762 -1.10847e-17  -0.00681791  4.64949e-17   0.00718703 -1.81639e-16  -0.00305001   6.1732e-16  -0.00549512 -1.83797e-15    0.0149475  4.79235e-15   -0.0192259 -1.09336e-14    0.0128918  2.19413e-14   0.00473533 -3.88965e-14    -0.027517  6.07415e-14     0.045003 -8.27989e-14   -0.0489029  9.71509e-14    0.0388979  -9.5938e-14   -0.0225174  7.64329e-14   0.00882424 -4.47656e-14  -0.00189864  1.42262e-14
