 1.03243e-33   6.2112e-37  -2.5397e-34  4.91926e-36   1.1171e-34 -9.88856e-36 -2.02436e-34  8.19049e-36 -2.17021e-34 -1.26131e-35   1.3791e-34 -7.79311e-36 -9.39262e-35 -5.10139e-36 -5.70287e-35  -3.0766e-36  2.32002e-35 -2.42543e-36 -1.34797e-35 -5.24892e-37  -1.2338e-36 -9.71538e-37  1.57084e-35  1.53598e-37 -1.11184e-35   4.7685e-38  2.02243e-37 -5.59779e-38  2.97947e-37  1.01179e-37 -8.79705e-37 -5.01541e-38  1.54561e-36  2.59567e-38 -4.33557e-36 -6.64547e-39  1.85578e-35  2.18876e-39 -7.42473e-35  1.38996e-39  2.71314e-34   8.4211e-40 -9.00952e-34  1.18855e-40  2.71729e-33  2.90593e-40 -7.43504e-33 -3.09767e-40  1.84241e-32  1.24207e-39 -4.12441e-32 -3.46125e-39  8.31267e-32  9.10197e-39 -1.50165e-31 -2.20391e-38  2.41689e-31  4.90209e-38 -3.43801e-31 -9.93976e-38  4.27441e-31   1.8217e-37 -4.56981e-31 -2.97154e-37  4.09461e-31  4.18702e-37 -2.93551e-31 -4.74126e-37  1.51314e-31  3.26749e-37 -3.56182e-32   2.1875e-37 -2.22752e-32 -1.37077e-36  2.82907e-32  3.26181e-36 -1.18801e-32 -5.84227e-36 -1.21528e-33  8.81135e-36   3.7642e-33 -1.16427e-35 -1.31205e-33  1.37239e-35 -3.81758e-34 -1.45654e-35  3.88547e-34  1.39829e-35 -2.15122e-35 -1.21629e-35  -6.3412e-35  9.57979e-36  1.25185e-35 -6.81189e-36  7.76373e-36  4.34902e-36 -2.21123e-36 -2.47187e-36 -6.85005e-37  1.23534e-36    1.543e-37 -5.33251e-37  9.29669e-38    1.936e-37  -2.2124e-38 -5.65767e-38 -1.17009e-39  1.21662e-38 -7.12535e-40  -1.4254e-39  4.23976e-40  -1.4072e-40 -3.06188e-41  1.07858e-40  4.85786e-43 -2.39487e-41 -7.87654e-43   2.4707e-42  3.29284e-44  4.93655e-45   4.2945e-45 -2.99148e-44  5.64901e-47  2.75486e-45 -2.88304e-48 -6.43018e-47
  6.2112e-37  1.68802e-33  2.61345e-36 -5.90133e-35  2.07489e-35  7.28958e-34 -3.44769e-35 -2.54499e-34  2.53142e-35 -4.32569e-34 -2.94792e-35  2.94916e-34 -1.32915e-35 -6.89116e-35 -1.12658e-35 -2.13335e-34 -5.08033e-36  8.66201e-35 -4.96307e-36 -3.26339e-35 -1.44942e-36 -5.91232e-36  -1.5372e-36  3.44101e-35  7.50587e-38 -2.49281e-35  1.08212e-37  1.63649e-36 -6.43204e-38  5.69559e-37  2.06398e-37 -8.13759e-36 -1.16989e-37  3.23627e-35  5.82523e-38 -1.43647e-34 -1.52823e-38  6.05232e-34  6.82389e-39 -2.32064e-33   1.6222e-39  8.08982e-33  2.77811e-39 -2.56238e-32  -6.2318e-40   7.3682e-32  3.17339e-39 -1.92076e-31 -8.29251e-39  4.52958e-31    2.528e-38 -9.63498e-31 -7.01298e-38  1.84142e-30  1.81023e-37 -3.14569e-30 -4.31501e-37  4.77016e-30  9.48223e-37 -6.36066e-30 -1.91452e-36  7.35876e-30  3.53603e-36 -7.23846e-30 -5.93339e-36  5.85188e-30  8.94605e-36 -3.63307e-30 -1.18853e-35   1.4244e-30  1.33628e-35  2.38572e-32 -1.13908e-35 -4.99892e-31  3.91365e-36  3.45295e-31  1.02692e-35  -6.5556e-32 -3.05358e-35 -6.02865e-32  5.39912e-35  4.48893e-32 -7.59864e-35 -3.38655e-33  9.15768e-35 -8.72636e-33  -9.7308e-35  3.05221e-33  9.24467e-35  9.38361e-34 -7.90622e-35 -6.67496e-34  6.10116e-35  -5.7156e-35 -4.24327e-35  9.45163e-35  2.64721e-35  1.53559e-36 -1.46881e-35 -9.38449e-36  7.15377e-36 -5.16172e-37 -3.00055e-36  8.73701e-37  1.05342e-36  3.77528e-39 -2.95381e-37 -2.16719e-38  6.00497e-38 -9.14944e-39  -6.2818e-39  1.81116e-39 -8.18659e-40  7.35891e-41  5.01312e-40  1.05735e-41 -1.02354e-40 -3.97591e-42  1.02604e-41  -1.4338e-43 -2.12479e-43  1.00889e-44 -5.33105e-44  6.21281e-46  3.91071e-45  3.35151e-48
 -2.5397e-34  2.61345e-36  2.51463e-33  5.26363e-36 -4.83595e-35  5.47178e-35  1.41515e-33 -7.38628e-35 -1.28052e-34  4.93785e-35 -6.95463e-34 -4.66264e-35  5.07949e-34  -1.2606e-35  7.40386e-35 -1.50717e-35  -4.3409e-34 -8.42215e-36  1.74417e-34 -6.71316e-36 -5.59828e-35 -2.94179e-36 -6.34023e-36 -1.19853e-36  5.32217e-35 -3.74179e-37 -4.23338e-35  2.48641e-37  1.05737e-36 -1.84579e-38  2.59572e-35  3.01359e-37 -1.60682e-34   -1.907e-37   7.6603e-34  1.00945e-37 -3.38514e-33 -2.33987e-38  1.36288e-32  1.43764e-38 -4.98725e-32 -2.75207e-39  1.65864e-31  9.11441e-39 -5.01058e-31 -1.15428e-38  1.37335e-30  3.89894e-38 -3.40929e-30 -1.18467e-37  7.64638e-30   3.4634e-37 -1.54413e-29  -9.3845e-37  2.79507e-29  2.35836e-36 -4.50801e-29 -5.48374e-36  6.42621e-29  1.17818e-35 -8.00647e-29 -2.33388e-35  8.57716e-29  4.25006e-35 -7.69894e-29 -7.08502e-35  5.52566e-29  1.07461e-34 -2.84521e-29 -1.46898e-34   6.5837e-30  1.78121e-34   4.3624e-30 -1.85819e-34 -5.45203e-30  1.55024e-34  2.27267e-30 -7.80593e-35  2.53672e-31 -3.93286e-35 -7.38107e-31  1.76601e-34  2.54679e-31 -3.03933e-34  7.71732e-32   3.9279e-34 -7.71542e-32 -4.26384e-34  3.97749e-33  4.04675e-34  1.28236e-32 -3.41974e-34 -2.52754e-33  2.59461e-34 -1.55855e-33 -1.77092e-34  4.24442e-34  1.08372e-34   1.5872e-34 -5.89541e-35 -4.08653e-35  2.81109e-35 -1.51502e-35 -1.15086e-35  2.88364e-36  3.92464e-36  8.36201e-37 -1.06158e-36 -7.54961e-39  2.06145e-37 -5.58914e-38 -2.01597e-38  7.03332e-40 -2.64258e-39  5.94754e-40  1.45792e-39  1.20007e-40 -2.72066e-40 -5.48194e-42  2.50917e-41 -9.04243e-43 -6.67648e-43 -1.75299e-44 -5.81527e-44  7.47066e-46  2.77722e-45
 4.91926e-36 -5.90133e-35  5.26363e-36  4.12261e-33  4.66696e-36 -4.53174e-34  1.05976e-34  1.79862e-33 -1.11775e-34  1.22318e-34  7.18329e-35  -1.0784e-33 -6.03465e-35   7.9026e-34 -3.53249e-36  2.42379e-34 -1.32247e-35 -6.61282e-34 -1.57007e-35  2.64964e-34 -7.22046e-36 -8.25515e-35 -4.57854e-36  3.93341e-36  2.28951e-37  6.66197e-35 -1.14615e-36 -4.86013e-35  5.58168e-37 -9.77727e-35  1.87907e-38  6.19869e-34  3.77238e-37 -3.23065e-33 -2.54576e-37  1.50119e-32   1.5409e-37 -6.34498e-32 -2.78479e-38  2.43737e-31  2.46553e-38 -8.51021e-31  -2.3371e-38  2.70004e-30  4.86678e-38 -7.77776e-30 -1.31788e-37  2.03128e-29   4.2952e-37 -4.79953e-29 -1.30418e-36  1.02299e-28  3.69672e-36 -1.95927e-28 -9.72263e-36  3.35436e-28  2.37132e-35 -5.09806e-28 -5.35729e-35  6.81349e-28  1.11976e-34 -7.90066e-28 -2.16161e-34  7.78841e-28  3.84505e-34 -6.30806e-28 -6.28266e-34  3.91951e-28  9.38954e-34 -1.53126e-28 -1.27577e-33 -3.89804e-30  1.56164e-33  5.53736e-29 -1.69691e-33  -3.8045e-29  1.59271e-33  7.08695e-30 -1.21365e-33   6.8107e-30  6.07375e-34  -5.0294e-30  9.98526e-35  3.60126e-31  -7.4612e-34   9.9665e-31  1.19538e-33 -3.46471e-31 -1.38488e-33 -1.09092e-31  1.33506e-33  7.70611e-32 -1.12312e-33  6.77176e-33  8.41726e-34 -1.09856e-32 -5.66438e-34 -2.71177e-34   3.4189e-34  1.16244e-33 -1.83471e-34    3.603e-35  8.61715e-35 -9.25493e-35 -3.46201e-35 -5.36739e-36  1.15179e-35  4.17791e-36 -3.01678e-36  7.30576e-37  5.62857e-37 -1.44377e-37 -5.29867e-38 -2.10053e-38 -5.99206e-39 -1.34538e-40  3.13712e-39  4.32846e-40 -5.29253e-40  1.91065e-41  4.32081e-41 -1.18261e-42 -1.11218e-42 -8.14035e-44 -4.23451e-44 -4.82348e-46
  1.1171e-34  2.07489e-35 -4.83595e-35  4.66696e-36  6.12367e-33 -3.82681e-36 -1.34193e-33  1.61291e-34  1.62138e-33 -1.22685e-34  4.50881e-34  8.49635e-35 -1.56457e-33 -7.29635e-35  1.14766e-33  1.23666e-35   2.9994e-34 -5.24131e-36 -8.42577e-34 -2.75134e-35  3.41918e-34 -6.63196e-36 -1.15258e-34 -5.64508e-36  3.03165e-35  2.45087e-36    2.654e-35 -2.00239e-36  2.60519e-34  1.13253e-36 -2.09555e-33 -7.03911e-38   1.1419e-32  4.55582e-37 -5.59508e-32 -3.04544e-37  2.48349e-31  2.13273e-37 -1.00152e-30 -3.43725e-38  3.67093e-30  5.32038e-38 -1.22296e-29 -1.38427e-37   3.7011e-29  3.91055e-37 -1.01636e-28 -1.27452e-36  2.52814e-28   4.0457e-36 -5.68202e-28 -1.19488e-35  1.14996e-27  3.27953e-35 -2.08634e-27 -8.35464e-35  3.37293e-27  1.97442e-34 -4.81991e-27 -4.32482e-34   6.0201e-27  8.77034e-34 -6.46515e-27 -1.64402e-33  5.81669e-27  2.84288e-33 -4.18247e-27 -4.52288e-33  2.15396e-27  6.59739e-33 -4.92036e-28 -8.78249e-33 -3.41658e-28  1.06014e-32  4.22384e-28 -1.14956e-32 -1.75361e-28  1.10307e-32 -2.08174e-29 -9.11451e-33  5.81817e-29  6.10032e-33 -1.99783e-29 -2.69007e-33 -6.22666e-30 -3.35933e-34  6.17235e-30  2.41959e-33 -3.07686e-31 -3.39203e-33 -1.03984e-30  3.43679e-33  2.04279e-31 -2.91323e-33  1.28185e-31   2.1714e-33 -3.47949e-32 -1.45103e-33 -1.33826e-32  8.71485e-34  3.53169e-33 -4.65844e-34  1.21164e-33  2.17464e-34  -2.1445e-34 -8.63484e-35 -8.26507e-35   2.8158e-35  4.03652e-36 -7.15927e-36   4.0332e-36  1.28556e-36  8.59076e-38 -1.17734e-37 -7.15917e-38 -1.04848e-38 -9.00399e-39   5.3535e-39  4.27951e-40 -8.03233e-40  7.98286e-41  5.58831e-41  1.70209e-42 -1.21088e-42 -6.49838e-44 -1.88238e-44
-9.88856e-36  7.28958e-34  5.47178e-35 -4.53174e-34 -3.82681e-36  7.93869e-33 -2.10304e-35 -2.41468e-33  1.99912e-34  8.76338e-34 -8.87845e-35  7.79095e-34  8.72416e-35 -2.01227e-33 -8.96715e-35  1.53202e-33  3.11294e-35  1.71753e-34   6.5103e-36 -9.42903e-34 -4.16623e-35  3.96527e-34 -4.97638e-36  -1.7235e-34 -5.76401e-36  1.87099e-34  5.06467e-36 -9.01544e-34 -2.68386e-36  6.06941e-33  2.03559e-36 -3.51573e-32 -3.87787e-37  1.80937e-31  5.75818e-37 -8.43872e-31 -3.57405e-37  3.57306e-30  2.74156e-37 -1.37484e-29 -9.40546e-38  4.80874e-29   2.6559e-37 -1.52849e-28 -9.86627e-37  4.41154e-28  3.27265e-36  -1.1545e-27 -1.07499e-35  2.73376e-27  3.30631e-35 -5.84005e-27  -9.4515e-35  1.12116e-26  2.50971e-34 -1.92423e-26 -6.18747e-34  2.93203e-26  1.41558e-33 -3.92902e-26 -3.00274e-33  4.56825e-26  5.89879e-33  -4.5154e-26 -1.07154e-32  3.66624e-26  1.79644e-32 -2.28208e-26 -2.77267e-32  8.90209e-27  3.92735e-32  2.87164e-28 -5.08478e-32 -3.30225e-27   5.9858e-32  2.26379e-27 -6.36109e-32 -4.16932e-28  6.03957e-32 -4.13638e-28 -5.04036e-32  3.04534e-28  3.58986e-32 -2.12025e-29 -2.04048e-32 -6.13222e-29  7.28303e-33  2.13293e-29   1.5108e-33  6.80113e-30 -5.82372e-33 -4.81089e-30  6.79417e-33 -4.30373e-31  -5.9383e-33  6.96441e-31  4.45083e-33  1.73122e-32 -2.99151e-33 -7.49125e-32  1.81761e-33 -2.05766e-33 -9.84708e-34  5.88863e-33  4.63654e-34  4.10054e-34  -1.8383e-34 -2.98577e-34  5.90858e-35 -4.19732e-35 -1.46043e-35  8.27728e-36  2.51923e-36  1.64724e-36 -2.23534e-37  -1.8124e-38 -1.49312e-38 -2.79185e-38  7.51193e-39 -1.33373e-39 -9.78911e-40  7.88366e-41  5.54256e-41  5.76191e-42 -8.86728e-43  3.74402e-44
-2.02436e-34 -3.44769e-35  1.41515e-33  1.05976e-34 -1.34193e-33 -2.10304e-35  9.23594e-33 -4.29432e-35 -3.21336e-33  2.05881e-34 -1.87149e-34 -1.25511e-35  1.00936e-33  8.15103e-35  -2.2531e-33 -1.11216e-34   1.8361e-33  4.81602e-35 -1.06187e-34  1.80315e-35 -9.49656e-34 -5.46088e-35  4.54729e-34  -1.8351e-36 -5.27676e-34 -5.32755e-36  2.48312e-33  7.89599e-36 -1.59512e-32 -3.09372e-36  9.57019e-32  3.26314e-36 -5.18356e-31 -9.65291e-37  2.54001e-30  7.75865e-37 -1.12944e-29 -4.61081e-37  4.56243e-29  3.95292e-37 -1.67527e-28 -5.60394e-37   5.5916e-28  1.98838e-36 -1.69557e-27 -7.41501e-36  4.66599e-27  2.51365e-35  -1.1632e-26 -8.03596e-35  2.62039e-26   2.3901e-34 -5.31628e-26 -6.60635e-34  9.66992e-26  1.69651e-33  -1.5675e-25 -4.04608e-33  2.24621e-25  8.95649e-33 -2.81363e-25 -1.83856e-32  3.03051e-25  3.49568e-32 -2.73447e-25 -6.14647e-32  1.97141e-25  9.97482e-32 -1.01681e-25  -1.4904e-31  2.30424e-26  2.04402e-31  1.65733e-26 -2.56325e-31 -2.03731e-26  2.92483e-31  8.45448e-27 -3.01769e-31  1.04232e-27  2.79141e-31 -2.85515e-27 -2.28719e-31   9.8121e-28   1.6291e-31  3.10509e-28  -9.7517e-32 -3.08022e-28  4.53608e-32  1.53796e-29 -1.20181e-32  5.25277e-29  -4.2606e-33 -1.03936e-29  9.25751e-33 -6.56319e-30 -8.85781e-33   1.8023e-30  6.83017e-33  6.91883e-31  -4.7595e-33 -1.85748e-31  3.04142e-33 -6.31266e-32 -1.73198e-33  1.12119e-32  8.44818e-34  4.51127e-33 -3.39825e-34 -2.62888e-34  1.08432e-34 -2.07628e-34 -2.60699e-35  -6.6433e-36  4.29864e-36   4.2697e-36 -3.64377e-37  4.65041e-37  -1.8055e-38 -2.28358e-38  8.84002e-39 -4.45385e-39 -9.66939e-40 -9.97109e-41  4.17698e-41  3.74846e-42 -3.96059e-43
 8.19049e-36 -2.54499e-34 -7.38628e-35  1.79862e-33  1.61291e-34 -2.41468e-33 -4.29432e-35  1.00412e-32 -6.40012e-35 -3.53117e-33  1.78062e-34 -1.23955e-33  8.47526e-35  1.09306e-33   6.9441e-35  -2.1932e-33 -1.30729e-34  1.94315e-33  5.96667e-35 -4.11333e-34  2.53749e-35 -9.31235e-34   -6.339e-35  1.07564e-33  3.34394e-36  -5.5505e-33 -5.34474e-36   3.7254e-32  1.10143e-35 -2.34246e-31 -3.39369e-36  1.33312e-30  4.72608e-36 -6.86713e-30 -1.76542e-36  3.20745e-29  1.09888e-36 -1.36041e-28 -7.87155e-37  5.24405e-28  1.15945e-36  -1.8377e-27 -3.93332e-36  5.85307e-27   1.4656e-35 -1.69293e-26  -5.2638e-35  4.44042e-26   1.7458e-34 -1.05396e-25 -5.39823e-34  2.25719e-25  1.55174e-33 -4.34475e-25 -4.14614e-33  7.47752e-25  1.02951e-32  -1.1427e-24 -2.37465e-32   1.5359e-24   5.0846e-32 -1.79139e-24 -1.00968e-31  1.77634e-24  1.85707e-31 -1.44686e-24  -3.1585e-31  9.03138e-25   4.9574e-31 -3.52554e-25 -7.16217e-31 -1.30107e-26   9.4949e-31  1.33524e-25 -1.15053e-30 -9.16276e-26  1.26811e-30  1.68292e-26 -1.26351e-30  1.70074e-26  1.12897e-30 -1.25519e-26  -8.9495e-31  8.73773e-28  6.19979e-31  2.56011e-27 -3.66863e-31 -8.97124e-28  1.78315e-31 -2.86493e-28 -6.53706e-32  2.04875e-28  1.30122e-32  1.81601e-29   3.9705e-33 -3.00771e-29 -6.55311e-33 -6.81637e-31  5.75213e-33  3.27363e-30 -4.78006e-33   8.3498e-32  3.71536e-33 -2.60943e-31 -2.46117e-33  -1.8148e-32  1.31549e-33  1.36719e-32 -5.51303e-34  1.81609e-33  1.76325e-34 -3.66128e-34 -4.12239e-35 -7.83611e-35  6.44614e-36  1.34099e-36   -5.109e-37  1.27596e-36 -1.94117e-38  6.25328e-38  8.80393e-39 -3.71827e-39 -7.68742e-40 -2.78698e-40  2.28083e-41 -1.77201e-42
-2.17021e-34  2.53142e-35 -1.28052e-34 -1.11775e-34  1.62138e-33  1.99912e-34 -3.21336e-33 -6.40012e-35  1.06495e-32 -7.98334e-35 -3.51822e-33   1.2997e-34 -2.03985e-33  1.75023e-34  1.05154e-33  4.92468e-35 -1.84693e-33 -1.38023e-34   1.7828e-33  6.37016e-35 -5.07181e-34  2.61723e-35 -1.96148e-33 -6.65706e-35  1.08758e-32  1.06684e-35 -7.83287e-32  -6.8262e-36  5.19035e-31  1.44803e-35 -3.10951e-30 -3.95469e-36  1.68432e-29  6.25638e-36 -8.26642e-29 -2.74658e-36  3.68203e-28  1.74926e-36  -1.4901e-27 -2.35131e-36   5.4821e-27  6.77621e-36 -1.83354e-26 -2.68979e-35  5.57204e-26  9.92397e-35 -1.53688e-25 -3.43435e-34  3.84066e-25  1.10288e-33 -8.67424e-25 -3.29467e-33  1.76461e-24  9.15141e-33 -3.21886e-24 -2.36345e-32  5.23348e-24  5.67385e-32 -7.52318e-24 -1.26553e-31  9.45474e-24   2.6206e-31 -1.02185e-23 -5.03289e-31   9.2528e-24   8.9522e-31 -6.69406e-24 -1.47227e-30  3.46287e-24  2.23385e-30 -7.82774e-25 -3.11866e-30 -5.76017e-25  3.99296e-30  7.07761e-25 -4.66934e-30 -2.94697e-25  4.96164e-30 -3.68591e-26 -4.75972e-30  1.00905e-25  4.08774e-30 -3.49131e-26 -3.10826e-30 -1.10709e-26  2.06136e-30  1.10949e-26 -1.16764e-30 -5.76725e-28   5.4872e-31 -1.91214e-27 -2.06541e-31  3.85647e-28   6.2437e-32  2.41491e-28 -2.01686e-32 -6.78016e-29  1.15285e-32 -2.56913e-29 -6.94726e-33  7.08207e-30  1.66024e-33  2.38087e-30  1.80858e-33 -4.36597e-31  -2.5241e-33 -1.73562e-31  1.72391e-33  1.09868e-32 -7.90059e-34  8.03485e-33  2.56669e-34  2.65636e-34 -5.82647e-35 -1.74567e-34  8.54396e-36 -1.79899e-35 -6.15354e-37  9.26031e-37 -1.95455e-38  1.81036e-37  7.41753e-39  4.06276e-39 -4.78708e-40 -1.59476e-40  7.81913e-42
-1.26131e-35 -4.32569e-34  4.93785e-35  1.22318e-34 -1.22685e-34  8.76338e-34  2.05881e-34 -3.53117e-33 -7.98334e-35  1.13876e-32 -8.75374e-35 -3.45851e-33  8.08323e-35 -2.48285e-33  2.35799e-34  9.38286e-34  1.85573e-35 -1.30364e-33  -1.2693e-34  1.20583e-33   6.0558e-35   1.4565e-33  2.03414e-35 -1.95679e-32 -6.41414e-35  1.49731e-31  1.94471e-35 -1.04956e-30 -1.01512e-35  6.62537e-30  1.80652e-35 -3.77633e-29 -5.15809e-36  1.94823e-28  7.66006e-36 -9.11551e-28 -4.12453e-36  3.87343e-27  4.17988e-36 -1.49605e-26 -1.17633e-35  5.25361e-26  4.43037e-35 -1.67697e-25 -1.72082e-34  4.86179e-25  6.16752e-34 -1.27837e-24 -2.05867e-33  3.04222e-24  6.38617e-33 -6.53337e-24  -1.8426e-32  1.26126e-23  4.94498e-32 -2.17739e-23 -1.23426e-31  3.33828e-23  2.86437e-31 -4.50239e-23 -6.17715e-31  5.27028e-23  1.23689e-30 -5.24574e-23 -2.29704e-30  4.28941e-23  3.95075e-30  -2.6879e-23 -6.28149e-30  1.05254e-23  9.21146e-30  4.12148e-25 -1.24236e-29 -4.04968e-24  1.53564e-29  2.79126e-24 -1.73204e-29 -5.16073e-25  1.77276e-29 -5.23695e-25 -1.63489e-29   3.8964e-25  1.34594e-29 -2.79345e-26 -9.76807e-30  -8.0237e-26  6.14047e-30  2.85356e-26 -3.25995e-30   9.0145e-27   1.4097e-30 -6.58387e-27 -4.77822e-31 -5.61669e-28  1.38385e-31  9.78496e-28 -6.57554e-32  1.82547e-29    5.843e-32 -1.07851e-28  -4.4514e-32 -2.36104e-30  2.27179e-32  8.74707e-30 -6.20102e-33   5.7879e-31 -8.13883e-34 -4.67794e-31  1.80983e-33 -6.03482e-32 -1.00389e-33  1.27342e-32  3.37408e-34  2.72358e-33 -7.41177e-35 -5.76882e-35  1.00392e-35 -4.47384e-35 -6.32771e-37 -2.18272e-36 -1.91502e-38  1.35989e-37  5.22644e-39  1.00978e-38 -2.19024e-40  6.11067e-41
  1.3791e-34 -2.94792e-35 -6.95463e-34  7.18329e-35  4.50881e-34 -8.87845e-35 -1.87149e-34  1.78062e-34 -3.51822e-33 -8.75374e-35  1.23885e-32 -8.59854e-35 -3.52421e-33  4.57674e-35 -2.55999e-33  2.56737e-34   7.8533e-34 -2.14646e-35  -4.4921e-34 -9.93947e-35 -2.44692e-33  5.23468e-35  3.10053e-32  9.67368e-36 -2.62921e-31 -5.69772e-35  1.94794e-30  2.82856e-35 -1.29708e-29 -1.47956e-35  7.78459e-29  2.11315e-35 -4.22374e-28   -7.165e-36   2.0766e-27  9.04318e-36 -9.26692e-27 -7.87526e-36  3.75775e-26  1.78784e-35  -1.3854e-25 -6.96219e-35  4.64397e-25  2.73531e-34 -1.41464e-24 -1.02199e-33  3.91167e-24  3.53841e-33 -9.80134e-24 -1.13941e-32  2.21991e-23  3.41224e-32 -4.52949e-23 -9.50737e-32  8.28848e-23  2.46476e-31 -1.35212e-22 -5.94468e-31  1.95057e-22  1.33341e-30 -2.46055e-22 -2.77979e-30  2.66984e-22   5.3814e-30 -2.42761e-22  -9.6626e-30  1.76398e-22  1.60673e-29 -9.16627e-23 -2.46948e-29   2.0793e-23  3.49971e-29  1.54501e-23 -4.55954e-29 -1.90776e-23  5.44063e-29  8.00245e-24 -5.91804e-29  9.91074e-25  5.83314e-29 -2.76657e-24 -5.16916e-29  9.69757e-25  4.07515e-29  3.03901e-25 -2.81587e-29 -3.10784e-25  1.66797e-29  1.74636e-26 -8.17213e-30  5.40205e-26  3.10704e-30 -1.12372e-26  -8.0943e-31 -6.87903e-27  1.31568e-31   1.9958e-27 -8.72597e-32  7.38542e-28  1.36027e-31 -2.11644e-28 -1.21782e-31 -6.95297e-29  6.91256e-32  1.33842e-29 -2.49637e-32  5.16534e-30  4.05313e-33 -3.56558e-31  1.27118e-33  -2.4434e-31 -1.13315e-33 -7.47399e-33  4.03963e-34   5.4937e-33 -8.53274e-35  5.46945e-34   1.0461e-35 -3.02229e-35 -5.47642e-37 -5.74817e-36  -1.8155e-38 -1.25163e-37  2.99371e-39  5.29787e-39  -6.2311e-41
-7.79311e-36  2.94916e-34 -4.66264e-35  -1.0784e-33  8.49635e-35  7.79095e-34 -1.25511e-35 -1.23955e-33   1.2997e-34 -3.45851e-33 -8.59854e-35  1.35201e-32 -7.74186e-35 -3.71031e-33   3.1071e-35 -2.28962e-33  2.39543e-34  2.90944e-34  -6.4997e-35  4.52647e-33 -6.41191e-35 -4.77852e-32  4.20284e-35  4.24502e-31 -3.31137e-36 -3.33459e-30 -4.63251e-35  2.34381e-29  3.55328e-35 -1.48228e-28 -1.95043e-35  8.46301e-28  2.27656e-35 -4.37391e-27  -1.0075e-35  2.05037e-26  1.27883e-35 -8.73011e-26  -2.6758e-35  3.37906e-25  9.95562e-35  -1.1893e-24 -4.07538e-34  3.80544e-24  1.56964e-33 -1.10607e-23 -5.64379e-33  2.91619e-23  1.88469e-32  -6.9598e-23 -5.85402e-32  1.49922e-22  1.69188e-31 -2.90356e-22 -4.55103e-31  5.02976e-22  1.13944e-30 -7.73943e-22 -2.65484e-30  1.04785e-21  5.75402e-30 -1.23159e-21 -1.15932e-29  1.23121e-21  2.16934e-29 -1.01146e-21 -3.76531e-29  6.37016e-22  6.05234e-29 -2.50868e-22 -8.99115e-29 -9.73418e-24  1.23134e-28  9.75396e-23 -1.54968e-28  -6.7767e-23  1.78521e-28  1.27371e-23 -1.87304e-28  1.27838e-23  1.77829e-28 -9.64617e-24 -1.51465e-28  7.33028e-25  1.14362e-28  1.99869e-24 -7.52061e-29 -7.26963e-25  4.18698e-29  -2.2412e-25 -1.87275e-29   1.6903e-25  5.94792e-30  1.34311e-26 -7.75749e-31 -2.53973e-26 -3.37333e-31 -3.20798e-28  8.74174e-32  2.83659e-27  2.06205e-31  4.59324e-29 -2.45856e-31 -2.34189e-28   1.5096e-31 -1.42809e-29 -5.89807e-32  1.27961e-29  1.32704e-32  1.59295e-30 -1.05594e-34 -3.59186e-31 -1.13759e-33 -7.48033e-32  4.44421e-34   1.9124e-33 -8.92834e-35  1.26301e-33  9.64188e-36  5.99813e-35 -3.87087e-37 -4.03734e-36  -1.5824e-38 -2.90974e-37  1.31156e-39 -1.66382e-39
-9.39262e-35 -1.32915e-35  5.07949e-34 -6.03465e-35 -1.56457e-33  8.72416e-35  1.00936e-33  8.47526e-35 -2.03985e-33  8.08323e-35 -3.52421e-33 -7.74186e-35  1.44864e-32 -6.79887e-35 -3.94014e-33  3.48199e-35  -1.3154e-33  1.94031e-34 -5.67995e-33  -1.0399e-34  6.78425e-32 -3.20145e-35 -6.35347e-31  3.24276e-35  5.28184e-30 -1.65027e-35 -3.92336e-29 -3.34268e-35  2.61668e-28  3.98274e-35 -1.57312e-27 -2.27853e-35  8.55072e-27  2.24388e-35 -4.21199e-26 -1.62421e-35  1.88344e-25  3.49637e-35 -7.65386e-25 -1.35129e-34  2.82828e-24  5.64067e-34 -9.50373e-24 -2.25797e-33  2.90249e-23  8.40472e-33 -8.04783e-23 -2.90995e-32  2.02239e-22  9.36695e-32  -4.5947e-22 -2.80558e-31  9.40577e-22  7.82231e-31 -1.72716e-21 -2.03062e-30  2.82801e-21  4.90805e-30  -4.0958e-21 -1.10428e-29  5.18841e-21  2.31178e-29 -5.65511e-21 -4.49992e-29  5.16704e-21  8.13632e-29 -3.77454e-21 -1.36474e-28  1.97341e-21  2.12005e-28 -4.52114e-22 -3.04367e-28 -3.34534e-22  4.02772e-28  4.17474e-22 -4.89668e-28 -1.77161e-22  5.44656e-28 -2.11559e-23 -5.51347e-28  6.15682e-23   5.0444e-28 -2.20047e-23 -4.13252e-28 -6.71469e-24  2.99128e-28  7.08383e-24 -1.87428e-28 -4.44332e-25  9.81251e-29 -1.23895e-24   -3.985e-29  2.68925e-25  9.93558e-30  1.58704e-25  7.98658e-31 -4.81134e-26 -2.16482e-30 -1.71804e-26  8.67255e-31  5.18542e-27  1.50696e-31  1.64325e-27 -4.02258e-31 -3.37005e-28  2.72451e-31 -1.24769e-28 -1.10626e-31   9.5714e-30  2.72178e-32  6.06233e-30 -2.30528e-33  1.59587e-31 -1.01895e-33 -1.40869e-31  4.53582e-34 -1.35262e-32 -8.51667e-35  8.22166e-34  7.81158e-36  1.48848e-34 -2.08499e-37   3.0731e-36 -1.18058e-38 -1.44133e-37  3.76619e-40
-5.10139e-36 -6.89116e-35  -1.2606e-35   7.9026e-34 -7.29635e-35 -2.01227e-33  8.15103e-35  1.09306e-33  1.75023e-34 -2.48285e-33  4.57674e-35 -3.71031e-33 -6.79887e-35  1.50386e-32 -6.51974e-35 -4.59653e-33  4.98593e-35  6.56868e-33  1.33123e-34  -8.7514e-32 -1.31747e-34  8.80453e-31 -1.18665e-35 -7.76407e-30  2.56251e-35  6.10103e-29 -2.87878e-35 -4.29531e-28 -1.92565e-35  2.72105e-27  4.05675e-35 -1.55639e-26 -2.38349e-35  8.05931e-26  2.29853e-35 -3.78573e-25 -4.39183e-35  1.61541e-24  1.67807e-34 -6.26706e-24 -7.36963e-34   2.2112e-23  3.04927e-33 -7.09371e-23 -1.17716e-32  2.06755e-22  4.22061e-32 -5.46727e-22 -1.40706e-31  1.30891e-21  4.36379e-31 -2.82894e-21 -1.25981e-30  5.49829e-21  3.38686e-30 -9.56052e-21 -8.48048e-30  1.47702e-20  1.97772e-29 -2.00836e-20 -4.29464e-29  2.37143e-20   8.6796e-29 -2.38254e-20 -1.63143e-28  1.96802e-20  2.84901e-28 -1.24724e-20 -4.61628e-28  4.95317e-21  6.92808e-28  1.76602e-22 -9.60971e-28 -1.93528e-21  1.22857e-27  1.36039e-21 -1.44276e-27 -2.62539e-22  1.54962e-27 -2.56566e-22 -1.51387e-27  1.97586e-22  1.33547e-27 -1.63282e-23 -1.05325e-27 -4.10429e-23  7.31956e-28  1.53891e-23    -4.38e-28  4.56223e-24  2.16337e-28 -3.59629e-24 -7.98728e-29 -2.55451e-25  1.45044e-29  5.45631e-25  6.26645e-30  2.38658e-27  -7.0107e-30  -6.1762e-26  2.99733e-30 -5.14555e-28 -2.62908e-31  5.19416e-27 -5.42569e-31  2.80649e-28  4.26877e-31 -2.90744e-28 -1.78252e-31 -3.44228e-29  4.49693e-32  8.46536e-30 -5.01527e-33  1.69305e-30 -8.23668e-34 -5.26965e-32  4.33599e-34 -2.96676e-32 -7.41543e-35 -1.34515e-33  5.49922e-36  1.00433e-34 -6.83698e-38  6.94091e-36 -6.91977e-39  3.68285e-38
-5.70287e-35 -1.12658e-35  7.40386e-35 -3.53249e-36  1.14766e-33 -8.96715e-35  -2.2531e-33   6.9441e-35  1.05154e-33  2.35799e-34 -2.55999e-33   3.1071e-35 -3.94014e-33 -6.51974e-35  1.55681e-32 -7.36655e-35 -1.27045e-32  6.69088e-35  1.05996e-31  6.86863e-35 -1.13126e-30 -1.45113e-34   1.0612e-29 -8.08796e-36 -8.83396e-29  2.28234e-35  6.57206e-28 -3.99916e-35 -4.39072e-27 -4.48369e-36  2.64445e-26  3.85643e-35 -1.44019e-25 -2.57519e-35  7.10884e-25  4.60516e-35 -3.18578e-24 -2.00494e-34  1.29765e-23  9.04006e-34 -4.80705e-23 -3.89891e-33  1.61955e-22  1.55863e-32  -4.9601e-22 -5.78787e-32  1.37941e-21  1.99691e-31 -3.47741e-21  -6.4078e-31  7.92707e-21  1.91366e-30 -1.62858e-20 -5.32188e-30  3.00199e-20  1.37867e-29 -4.93548e-20  -3.3275e-29  7.17933e-20  7.48215e-29  -9.1373e-20 -1.56702e-28  1.00099e-19  3.05532e-28 -9.19708e-20 -5.54183e-28  6.76097e-20   9.3415e-28 -3.56255e-20 -1.46134e-27  8.29802e-21  2.11785e-27  6.02532e-21 -2.83708e-27 -7.64524e-21   3.5032e-27  3.29666e-21 -3.97321e-27  3.68066e-22  4.12071e-27 -1.14633e-21 -3.88578e-27  4.20507e-22  3.30663e-27  1.22943e-22 -2.51291e-27 -1.35436e-22  1.67949e-27  9.71472e-24 -9.62684e-28  2.37725e-23  4.51019e-28 -5.44578e-24 -1.52716e-28  -3.0553e-24  1.86498e-29   9.7914e-25  1.93063e-29  3.33012e-25 -1.73627e-29 -1.07302e-25   7.5669e-30 -3.23769e-26 -1.38017e-30  7.18048e-27 -5.82803e-31   2.5207e-27   5.9458e-31 -2.18906e-28 -2.55397e-31 -1.26271e-28  6.42333e-32 -2.60061e-30 -7.68655e-33  3.04313e-30 -6.21327e-34  2.79103e-31   3.9127e-34 -1.90876e-32 -5.88583e-35  -3.2392e-33  3.29848e-36 -6.19538e-35  6.15884e-39  3.32183e-36 -2.72363e-39
 -3.0766e-36 -2.13335e-34 -1.50717e-35  2.42379e-34  1.23666e-35  1.53202e-33 -1.11216e-34  -2.1932e-33  4.92468e-35  9.38286e-34  2.56737e-34 -2.28962e-33  3.48199e-35 -4.59653e-33 -7.36655e-35  2.35169e-32 -9.25143e-35 -1.22891e-31  7.71606e-35  1.35422e-30   9.1808e-36 -1.35083e-29 -1.44372e-34  1.19315e-28 -2.05618e-35 -9.39097e-28  2.45441e-35  6.62287e-27 -5.03316e-35 -4.20322e-26  9.90369e-36  2.40885e-25  3.89585e-35 -1.24995e-24 -5.19829e-35  5.88441e-24  2.13707e-34 -2.51685e-23 -1.05815e-33  9.78871e-23   4.7342e-33 -3.46294e-22 -1.96347e-32  1.11409e-21  7.54745e-32 -3.25696e-21 -2.69417e-31  8.64009e-21  8.93935e-31 -2.07558e-20 -2.75956e-30  4.50226e-20  7.93084e-30 -8.78449e-20 -2.12307e-29   1.5338e-19  5.29563e-29 -2.38011e-19 -1.23097e-28  3.25178e-19  2.66651e-28 -3.85946e-19 -5.38144e-28  3.89946e-19  1.01138e-27 -3.24146e-19 -1.76878e-27  2.06979e-19  2.87566e-27  -8.3123e-20 -4.34015e-27 -2.45804e-21  6.07013e-27  3.24439e-20 -7.84923e-27  -2.3166e-20  9.35708e-27  4.63562e-21 -1.02463e-26  4.34086e-21  1.02596e-26 -3.43524e-21 -9.33871e-27  3.15226e-22  7.66827e-27  7.12543e-22 -5.61993e-27 -2.77682e-22  3.61823e-27  -7.7878e-23 -1.99315e-27  6.50406e-23  8.91714e-28  3.89891e-24  -2.8127e-28 -9.95216e-24  2.20717e-29  6.26631e-26  4.43302e-29  1.14161e-24 -3.61885e-29 -2.06413e-27    1.584e-29 -9.78897e-26 -3.59769e-30 -4.42215e-27 -4.19871e-31  5.62788e-27  7.46315e-31  6.22501e-28 -3.31761e-31 -1.70693e-28  8.18441e-32  -3.2414e-29 -9.71312e-33  1.24183e-30  -4.7044e-34  5.93789e-31  3.34351e-34  2.52011e-32   -4.237e-35 -2.14391e-33  1.62957e-36 -1.40718e-34  2.40439e-38 -6.71569e-37
 2.32002e-35 -5.08033e-36  -4.3409e-34 -1.32247e-35   2.9994e-34  3.11294e-35   1.8361e-33 -1.30729e-34 -1.84693e-33  1.85573e-35   7.8533e-34  2.39543e-34  -1.3154e-33  4.98593e-35 -1.27045e-32 -9.25143e-35  1.37285e-31 -1.16048e-34 -1.51034e-30  7.43339e-35  1.60401e-29 -4.07628e-35 -1.50531e-28 -1.31609e-34  1.25514e-27 -4.57247e-35 -9.35374e-27  3.08562e-35  6.26063e-26 -5.93529e-35 -3.77805e-25  1.93026e-35  2.06186e-24  6.77742e-35 -1.02001e-23 -2.33581e-34  4.58194e-23  1.16579e-33 -1.87106e-22  -5.4948e-33  6.94981e-22   2.3641e-32 -2.34817e-21 -9.41067e-32  7.21347e-21  3.47489e-31 -2.01258e-20 -1.19188e-30  5.09111e-20  3.80121e-30 -1.16483e-19 -1.12815e-29  2.40249e-19   3.1178e-29 -4.44711e-19 -8.02738e-29  7.34422e-19  1.92613e-28 -1.07348e-18 -4.30783e-28  1.37338e-18  8.98024e-28 -1.51312e-18 -1.74457e-27  1.39907e-18  3.15701e-27 -1.03607e-18 -5.31809e-27  5.51201e-19  8.33102e-27 -1.31403e-19 -1.21203e-26 -9.21995e-20  1.63462e-26  1.19738e-19 -2.03893e-26 -5.27006e-20  2.34524e-26 -5.29451e-21 -2.47837e-26  1.82462e-20  2.39504e-26 -6.91608e-21 -2.10402e-26 -1.90272e-21  1.66726e-26  2.21948e-21 -1.17902e-26 -1.85014e-22  7.32277e-27 -3.89844e-22 -3.88906e-27  9.52918e-23  1.67358e-27  5.01192e-23 -5.01776e-28 -1.71836e-23  2.78685e-29 -5.48891e-24  8.47632e-29  1.91529e-24 -6.60275e-29  5.42863e-25  2.88757e-29  -1.3221e-25 -7.23702e-30 -4.34862e-26  3.45532e-32  4.34302e-27  8.51602e-31  2.25483e-27 -3.95746e-31  3.00713e-29  9.46417e-32  -5.6621e-29 -1.06488e-32 -4.89528e-30 -3.92196e-34  3.84861e-31  2.69446e-34  6.05295e-32 -2.73643e-35  1.04053e-33  6.22614e-37 -6.62963e-35  1.41186e-38
-2.42543e-36  8.66201e-35 -8.42215e-36 -6.61282e-34 -5.24131e-36  1.71753e-34  4.81602e-35  1.94315e-33 -1.38023e-34 -1.30364e-33 -2.14646e-35  2.90944e-34  1.94031e-34  6.56868e-33  6.69088e-35 -1.22891e-31 -1.16048e-34  1.57434e-30 -1.36711e-34 -1.77763e-29  5.59443e-35  1.77591e-28 -7.94096e-35 -1.57095e-27 -1.08957e-34  1.23859e-26 -7.80223e-35 -8.75116e-26  4.11111e-35  5.56488e-25 -6.26561e-35 -3.19591e-24 -1.46219e-36  1.66207e-23  2.61508e-34 -7.84322e-23 -1.25603e-33  3.36318e-22  6.10447e-33 -1.31157e-21 -2.73186e-32  4.65331e-21  1.12684e-31 -1.50165e-20 -4.30519e-31   4.4043e-20  1.52653e-30 -1.17244e-19 -5.02919e-30  2.82698e-19  1.54087e-29 -6.15647e-19 -4.39378e-29  1.20629e-18  1.16675e-28 -2.11578e-18 -2.88661e-28  3.29924e-18  6.65596e-28 -4.53127e-18 -1.43065e-27  5.40894e-18  2.86664e-27 -5.49971e-18 -5.35395e-27   4.6048e-18  9.31725e-27 -2.96649e-18 -1.50991e-26  1.20823e-18   2.2765e-26  2.47166e-20 -3.18906e-26  -4.6814e-19  4.14344e-26  3.40969e-19 -4.98125e-26 -7.14057e-20  5.52438e-26 -6.30422e-20 -5.63044e-26  5.16491e-20  5.24862e-26  -5.3451e-21 -4.44822e-26 -1.06511e-20  3.40093e-26  4.35056e-21 -2.32114e-26  1.13314e-21  1.39225e-26 -1.01856e-21 -7.14924e-27 -4.69711e-23  2.98024e-27  1.56975e-22 -8.67738e-28 -3.07109e-24  4.66644e-29 -1.82435e-23  1.40253e-28  2.62819e-25  -1.0763e-28  1.59658e-24  4.70147e-29  5.46761e-26 -1.23887e-29 -9.45088e-26  8.13964e-31 -9.55676e-27  8.88846e-31  2.99733e-27 -4.37533e-31   5.3436e-28  1.00372e-31 -2.53988e-29  -1.0357e-32 -1.03075e-29 -3.67393e-34 -4.00027e-31    2.022e-34  3.99702e-32 -1.55495e-35  2.46968e-33  1.59843e-37  1.01041e-35
-1.34797e-35 -4.96307e-36  1.74417e-34 -1.57007e-35 -8.42577e-34   6.5103e-36 -1.06187e-34  5.96667e-35   1.7828e-33  -1.2693e-34  -4.4921e-34  -6.4997e-35 -5.67995e-33  1.33123e-34  1.05996e-31  7.71606e-35 -1.51034e-30 -1.36711e-34  1.84033e-29 -1.48119e-34 -1.96054e-28  2.34951e-35  1.84297e-27 -1.06572e-34 -1.53932e-26 -7.78846e-35  1.14928e-25 -1.10943e-34 -7.70756e-25  5.13445e-35  4.66103e-24 -3.59433e-35 -2.54946e-23 -1.87346e-34  1.26425e-22  1.32797e-33 -5.69362e-22 -6.55116e-33  2.33135e-21  3.03851e-32 -8.68461e-21 -1.29963e-31  2.94338e-20  5.14142e-31 -9.07171e-20 -1.88545e-30  2.53991e-19   6.4186e-30 -6.44913e-19 -2.03045e-29  1.48144e-18  5.97354e-29 -3.06855e-18 -1.63553e-28  5.70602e-18  4.16981e-28  -9.4696e-18 -9.90374e-28  1.39148e-17  2.19208e-27  -1.7905e-17 -4.52266e-27  1.98521e-17   8.6988e-27 -1.84872e-17  -1.5597e-26  1.38063e-17  2.60643e-26 -7.42964e-18 -4.05758e-26  1.82465e-18  5.87971e-26  1.21723e-18 -7.92103e-26 -1.62994e-18  9.90333e-26  7.35633e-19 -1.14636e-25   6.3148e-20  1.22475e-25  -2.5229e-19 -1.20295e-25  9.94861e-20  1.08092e-25   2.5226e-20 -8.83171e-26 -3.16803e-20  6.51148e-26   3.0978e-21 -4.28829e-26  5.55032e-21  2.48564e-26 -1.46306e-21 -1.23712e-26 -7.11164e-22  5.02831e-27  2.64157e-22 -1.45019e-27  7.80428e-23   1.0086e-28 -2.99498e-23  2.03617e-28 -7.85822e-24 -1.58597e-28  2.13585e-24  6.94261e-29  6.50236e-25   -1.879e-29 -7.56985e-26  1.86841e-30 -3.50596e-26  8.52632e-31 -1.52782e-28 -4.51445e-31  9.21824e-28  9.82563e-32  7.39327e-29 -9.02846e-33 -6.82951e-30 -3.55924e-34 -9.86676e-31  1.38383e-34 -1.45866e-32 -7.51513e-36  1.16375e-33  1.66805e-38
-5.24892e-37 -3.26339e-35 -6.71316e-36  2.64964e-34 -2.75134e-35 -9.42903e-34  1.80315e-35 -4.11333e-34  6.37016e-35  1.20583e-33 -9.93947e-35  4.52647e-33  -1.0399e-34  -8.7514e-32  6.86863e-35  1.35422e-30  7.43339e-35 -1.77763e-29 -1.48119e-34  2.02624e-28 -1.46685e-34  -2.0278e-27 -1.83557e-35  1.79689e-26 -1.22548e-34 -1.41936e-25 -4.00058e-35  1.00482e-24 -1.35862e-34 -6.40322e-24  3.97817e-35  3.68568e-23   1.4961e-34 -1.92139e-22 -1.24088e-33  9.09026e-22  6.81249e-33 -3.90859e-21 -3.25998e-32  1.52872e-20  1.44639e-31 -5.44057e-20 -5.92953e-31  1.76152e-19  2.25091e-30 -5.18475e-19 -7.92374e-30  1.38541e-18  2.58961e-29 -3.35393e-18 -7.86418e-29  7.33546e-18  2.22078e-28 -1.44393e-17 -5.83516e-28  2.54512e-17   1.4273e-27 -3.98993e-17 -3.25145e-27  5.51164e-17  6.90068e-27 -6.62098e-17 -1.36484e-26  6.77979e-17  2.51619e-26 -5.72305e-17 -4.32436e-26  3.72482e-17  6.92786e-26 -1.54309e-17 -1.03432e-25  -1.2759e-19  1.43822e-25  5.89555e-18 -1.86055e-25 -4.39976e-18  2.23553e-25  9.72555e-19 -2.48882e-25  7.96434e-19  2.55901e-25 -6.81083e-19    -2.42e-25  8.03314e-20   2.0941e-25  1.38964e-19 -1.64791e-25 -6.00118e-20  1.17049e-25 -1.42045e-20 -7.43294e-26  1.40054e-20  4.16381e-26  4.12389e-22  -2.0125e-26 -2.17074e-21  8.02269e-27  7.73849e-23 -2.33002e-27  2.55509e-22  2.26466e-28 -7.59189e-24  2.59059e-28 -2.28449e-23 -2.12724e-28 -4.80982e-25  9.39519e-29  1.39565e-24 -2.58004e-29  1.25468e-25  3.06234e-30 -4.64469e-26   7.5489e-31 -7.68112e-27  -4.3681e-31  4.55579e-28   8.9061e-32  1.57277e-28 -7.07685e-33  5.41138e-30 -3.23926e-34 -6.59324e-31  8.39085e-35 -3.80251e-32     -2.9e-36 -1.23108e-34
 -1.2338e-36 -1.44942e-36 -5.59828e-35 -7.22046e-36  3.41918e-34 -4.16623e-35 -9.49656e-34  2.53749e-35 -5.07181e-34   6.0558e-35 -2.44692e-33 -6.41191e-35  6.78425e-32 -1.31747e-34 -1.13126e-30   9.1808e-36  1.60401e-29  5.59443e-35 -1.96054e-28 -1.46685e-34  2.09336e-27 -1.31779e-34 -1.97126e-26   -6.324e-35  1.64954e-25 -1.27409e-34 -1.23402e-24 -6.52382e-38  8.29344e-24 -1.30318e-34  -5.0267e-23 -1.10434e-34  2.75612e-22  1.16366e-33 -1.37026e-21 -6.68696e-33    6.188e-21  3.37691e-32 -2.54121e-20 -1.55342e-31  9.49597e-20  6.60693e-31  -3.2291e-19 -2.59895e-30   9.9877e-19  9.47084e-30 -2.80698e-18 -3.20099e-29  7.15612e-18  1.00438e-28 -1.65097e-17 -2.92791e-28  3.43556e-17  7.93463e-28 -6.42031e-17 -1.99998e-27  1.07122e-16  4.69072e-27 -1.58322e-16 -1.02407e-26  2.05016e-16  2.08186e-26 -2.28909e-16 -3.94224e-26  2.14875e-16  6.95579e-26 -1.62011e-16 -1.14389e-25  8.83533e-17  1.75364e-25 -2.24929e-17 -2.50622e-25 -1.40231e-17  3.33795e-25  1.95255e-17 -4.13968e-25   -9.079e-18  4.77322e-25 -6.15674e-19 -5.10462e-25  3.06755e-18  5.04584e-25 -1.26709e-18  -4.5896e-25 -2.88857e-19  3.82037e-25  3.98717e-19 -2.89165e-25 -4.59307e-20  1.97569e-25 -6.94177e-20 -1.20806e-25  1.99365e-20   6.5363e-26  8.82379e-21 -3.07239e-26 -3.59909e-21   1.2078e-26 -9.66601e-22 -3.57917e-27  4.15105e-22  4.69595e-28  9.91757e-23  2.83322e-28 -3.06188e-23 -2.60661e-28 -8.51787e-24  1.17403e-28  1.17032e-24 -3.25025e-29  4.80154e-25  4.20278e-30 -3.17655e-27  6.19715e-31 -1.32873e-26 -3.97384e-31 -9.69126e-28  7.47524e-32  1.07753e-28 -4.97483e-33  1.41941e-29 -2.61103e-34  1.67976e-31  4.32919e-35 -1.81724e-32 -7.68139e-37
-9.71538e-37 -5.91232e-36 -2.94179e-36 -8.25515e-35 -6.63196e-36  3.96527e-34 -5.46088e-35 -9.31235e-34  2.61723e-35   1.4565e-33  5.23468e-35 -4.77852e-32 -3.20145e-35  8.80453e-31 -1.45113e-34 -1.35083e-29 -4.07628e-35  1.77591e-28  2.34951e-35  -2.0278e-27 -1.31779e-34    2.033e-26 -1.05087e-34 -1.80486e-25 -1.04721e-34  1.42849e-24 -1.19541e-34 -1.01344e-23  2.31534e-35  6.47281e-23   8.3228e-36 -3.73477e-22 -1.00913e-33  1.95203e-21  6.36882e-33  -9.2607e-21 -3.35002e-32   3.9936e-20  1.60873e-31 -1.56687e-19 -7.10484e-31  5.59506e-19  2.89997e-30 -1.81801e-18 -1.09532e-29  5.37145e-18  3.83334e-29 -1.44114e-17 -1.24433e-28  3.50405e-17  3.74935e-28 -7.69956e-17  -1.0493e-27  1.52319e-16   2.7288e-27  -2.6993e-16 -6.59682e-27  4.25628e-16  1.48295e-26 -5.91689e-16 -3.10078e-26   7.1575e-16  6.03262e-26 -7.38674e-16  -1.0924e-25   6.2926e-16  1.84197e-25 -4.14357e-16 -2.89344e-25  1.75109e-16  4.23638e-25 -1.22297e-18 -5.78356e-25 -6.54989e-17  7.36313e-25  5.03263e-17 -8.73791e-25 -1.18319e-17  9.65323e-25 -8.83919e-18 -9.90399e-25  7.96367e-18  9.40179e-25 -1.07728e-18 -8.21671e-25  -1.5988e-18  6.57084e-25  7.36622e-19 -4.77539e-25  1.54281e-19  3.13147e-25 -1.70901e-19 -1.83933e-25 -1.67789e-21  9.59735e-26  2.65948e-20 -4.39153e-26 -1.45834e-21  1.71173e-26 -3.16868e-21 -5.23132e-27  1.52314e-22  8.75948e-28  2.89727e-22  2.50691e-28  1.54985e-24 -2.92059e-28 -1.83114e-23  1.36274e-28 -1.40775e-24 -3.79036e-29   6.4155e-25  5.08888e-30  9.71116e-26   4.7462e-31 -7.22903e-27 -3.39951e-31 -2.13084e-27   5.7918e-32 -6.21276e-29 -3.10835e-33   9.7164e-30  -1.8013e-34  5.18658e-31  1.77998e-35  1.12985e-33
 1.57084e-35  -1.5372e-36 -6.34023e-36 -4.57854e-36 -1.15258e-34 -4.97638e-36  4.54729e-34   -6.339e-35 -1.96148e-33  2.03414e-35  3.10053e-32  4.20284e-35 -6.35347e-31 -1.18665e-35   1.0612e-29 -1.44372e-34 -1.50531e-28 -7.94096e-35  1.84297e-27 -1.83557e-35 -1.97126e-26 -1.05087e-34  1.85976e-25 -6.98193e-35 -1.55933e-24 -1.38353e-34  1.16902e-23 -8.82923e-35  -7.8745e-23  -5.6883e-35  4.78439e-22   8.0658e-34 -2.63008e-21 -5.72028e-33  1.31122e-20  3.19613e-32 -5.93889e-20 -1.60001e-31   2.4466e-19  7.35988e-31 -9.17321e-19 -3.12116e-30  3.13055e-18  1.22353e-29 -9.71999e-18 -4.43986e-29  2.74293e-17  1.49303e-28 -7.02344e-17  -4.6567e-28  1.62795e-16  1.34791e-27  -3.4047e-16 -3.62248e-27  6.39705e-16  9.04167e-27 -1.07357e-15 -2.09643e-26  1.59677e-15  4.51617e-26 -2.08208e-15 -9.04047e-26  2.34275e-15  1.68204e-25 -2.21864e-15 -2.90969e-25  1.69087e-15  4.68204e-25 -9.36294e-16 -7.01289e-25  2.48503e-16  9.78589e-25  1.42141e-16 -1.27332e-24 -2.07848e-16  1.54605e-24  1.00045e-16 -1.75199e-24  4.64767e-18  1.85134e-24 -3.31092e-17 -1.81999e-24  1.44255e-17  1.65766e-24  2.86551e-18 -1.39068e-24 -4.46678e-18  1.06696e-24  6.06757e-19 -7.42892e-25  7.69471e-19  4.66053e-25 -2.43219e-19 -2.61966e-25 -9.64517e-20  1.31438e-25  4.38546e-20 -5.85765e-26  1.04896e-20  2.27779e-26 -5.14517e-21 -7.24941e-27 -1.09771e-21  1.47448e-27  3.92864e-22  1.41134e-28  9.84719e-23 -2.98638e-28 -1.61699e-23  1.47642e-28 -5.84143e-24 -4.11702e-29  1.16698e-25  5.56525e-30  1.71084e-25  3.42233e-31  1.10554e-26 -2.72772e-31  -1.5235e-27  4.11537e-32 -1.81757e-28 -1.69625e-33 -1.49818e-30  -1.0304e-34  2.54611e-31   5.0259e-36
 1.53598e-37  3.44101e-35 -1.19853e-36  3.93341e-36 -5.64508e-36  -1.7235e-34  -1.8351e-36  1.07564e-33 -6.65706e-35 -1.95679e-32  9.67368e-36  4.24502e-31  3.24276e-35 -7.76407e-30 -8.08796e-36  1.19315e-28 -1.31609e-34 -1.57095e-27 -1.06572e-34  1.79689e-26   -6.324e-35 -1.80486e-25 -6.98193e-35  1.60551e-24  -2.9775e-35 -1.27343e-23 -1.67036e-34   9.0549e-23  2.53765e-35 -5.79743e-22  -6.7076e-34  3.35379e-21  4.90784e-33 -1.75778e-20 -2.89889e-32  8.36388e-20  1.52597e-31 -3.61827e-19 -7.32111e-31  1.42441e-18  3.23227e-30 -5.10469e-18 -1.31689e-29  1.66506e-17  4.96128e-29 -4.93978e-17 -1.73065e-28  1.33116e-16  5.59518e-28 -3.25186e-16 -1.67763e-27  7.18148e-16  4.66706e-27  -1.4284e-15 -1.20495e-26  2.54614e-15  2.88751e-26 -4.04024e-15 -6.42265e-26  5.65549e-15  1.32595e-25 -6.89373e-15 -2.54068e-25  7.17615e-15  4.51866e-25 -6.17558e-15 -7.46108e-25  4.12028e-15   1.1443e-24 -1.78141e-15 -1.63151e-24  4.49616e-17  2.16513e-24  6.47328e-16  -2.6785e-24 -5.14777e-16  3.09385e-24  1.29572e-16 -3.34024e-24  8.67978e-17  3.37026e-24 -8.32778e-17 -3.17116e-24  1.29606e-17  2.76954e-24  1.63462e-17 -2.22905e-24 -8.11266e-18  1.63864e-24 -1.45199e-18  -1.0901e-24    1.866e-18  6.51261e-25 -2.41229e-20 -3.48237e-25 -2.90978e-19  1.67159e-25   2.2554e-20 -7.25537e-26  3.50664e-20   2.8373e-26 -2.45288e-21 -9.50259e-27 -3.28205e-21  2.25984e-27  4.34036e-23 -5.09328e-29  2.15126e-22 -2.77077e-28  1.33224e-23  1.49914e-28 -7.95911e-24 -4.18191e-29 -1.08561e-24  5.56169e-30  1.02235e-25  2.35477e-31  2.58287e-26 -2.04199e-31  5.92408e-28  2.65417e-32  -1.2887e-28 -7.83798e-34 -6.31155e-30 -4.63817e-35 -5.46497e-33
