    0.547211 -5.95468e-16     0.220761  4.38453e-17    0.0516614 -8.24043e-17   0.00907712  1.39361e-17   0.00125877  1.88411e-17  0.000138666  5.41026e-18  1.19523e-05  7.79152e-19  7.77733e-07  6.24048e-20  3.56928e-08  2.91882e-21  1.00333e-09   1.0405e-22  1.11942e-11
-5.95468e-16     0.311332  2.97118e-16    0.0904164 -7.02426e-17    0.0187766  5.43918e-18   0.00303112  3.36395e-17   0.00038765  1.31313e-17  3.90512e-05  2.42388e-18  3.02336e-06  2.48708e-19  1.71281e-07  1.48931e-20  6.45536e-09  6.71082e-22  1.29074e-10  2.39058e-23
    0.220761  2.97118e-16     0.101994 -3.26646e-17    0.0265235 -2.97214e-17   0.00507795  3.44231e-17  0.000756824  2.06726e-17  8.87034e-05  5.00875e-18  8.07215e-06  6.59487e-19  5.51199e-07  5.03333e-20  2.64166e-08  2.68499e-21  7.72359e-10  1.43163e-22  8.93301e-12
 4.38453e-17    0.0904164 -3.26646e-17    0.0299594 -6.26008e-17   0.00681405  1.96705e-17   0.00118027    2.402e-17  0.000159946  7.85951e-18  1.69288e-05  1.33145e-18  1.36849e-06  1.29597e-19  8.05664e-08  8.18952e-21  3.14356e-09   5.1004e-22  6.48729e-11  2.24474e-23
   0.0516614 -7.02426e-17    0.0265235 -6.26008e-17   0.00745813  3.71872e-18   0.00151942  2.23584e-17  0.000238464  9.99614e-18  2.92143e-05  2.17175e-18  2.76369e-06  2.68797e-19   1.9535e-07  2.05774e-20  9.65872e-09  1.36717e-21  2.90542e-10   9.3449e-23  3.44938e-12
-8.24043e-17    0.0187766 -2.97214e-17   0.00681405  3.71872e-18   0.00165285  1.94034e-17  0.000301244  1.09497e-17  4.25975e-05  2.98117e-18  4.67721e-06  4.63742e-19  3.90554e-07  4.37662e-20  2.36714e-08  3.10722e-21  9.48338e-10  2.48431e-22  2.00506e-11  1.17208e-23
  0.00907712  5.43918e-18   0.00507795  1.96705e-17   0.00151942  1.94034e-17   0.00032512  1.11101e-17  5.31494e-05  3.57302e-18  6.74342e-06   6.8143e-19  6.57865e-07  7.94433e-20  4.77972e-08  6.31083e-21  2.42284e-09  5.13809e-22  7.45608e-11  3.91066e-23  9.04018e-13
 1.39361e-17   0.00303112  3.44231e-17   0.00118027  2.23584e-17  0.000301244  1.11101e-17  5.71898e-05  3.86821e-18  8.36969e-06  8.69542e-19  9.46844e-07  1.23551e-19   8.1185e-08  1.14724e-20  5.03945e-09  9.24604e-22  2.06333e-10  8.49855e-23  4.45067e-12  4.08548e-24
  0.00125877  3.36395e-17  0.000756824    2.402e-17  0.000238464  1.09497e-17  5.31494e-05  3.86821e-18  8.98878e-06  9.78126e-19  1.17431e-06  1.65291e-19  1.17552e-07  1.83039e-20  8.74031e-09   1.5321e-21  4.52437e-10   1.4396e-22  1.41938e-11  1.14217e-23  1.75185e-13
 1.88411e-17   0.00038765  2.06726e-17  0.000159946  9.99614e-18  4.25975e-05  3.57302e-18  8.36969e-06  9.78126e-19  1.26109e-06  1.90957e-19  1.46334e-07  2.51819e-20   1.2834e-08  2.33464e-21  8.13089e-10  2.10532e-22   3.3918e-11  2.09064e-23  7.44328e-13  1.01717e-24
 0.000138666  1.31313e-17  8.87034e-05  7.85951e-18  2.92143e-05  2.98117e-18  6.74342e-06  8.69542e-19  1.17431e-06  1.90957e-19  1.57336e-07  2.95898e-20  1.61052e-08  3.16858e-21  1.22171e-09  2.82481e-22  6.44056e-11  2.95714e-23   2.0547e-12  2.41066e-24   2.5757e-14
 5.41026e-18  3.90512e-05  5.00875e-18  1.69288e-05  2.17175e-18  4.67721e-06   6.8143e-19  9.46844e-07  1.65291e-19  1.46334e-07  2.95898e-20  1.73619e-08  3.71879e-21   1.5532e-09  3.51574e-22  1.00185e-10  3.54505e-23   4.2485e-12  3.73816e-24  9.46602e-14  1.85319e-25
 1.19523e-05  2.42388e-18  8.07215e-06  1.33145e-18  2.76369e-06  4.63742e-19  6.57865e-07  1.23551e-19  1.17552e-07  2.51819e-20  1.61052e-08  3.71879e-21  1.68145e-09  3.96604e-22  1.29842e-10  3.86115e-23  6.95683e-12  4.45221e-24  2.25279e-13  3.72346e-25  2.86343e-15
 7.79152e-19  3.02336e-06  6.59487e-19  1.36849e-06  2.68797e-19  3.90554e-07  7.94433e-20   8.1185e-08  1.83039e-20   1.2834e-08  3.16858e-21   1.5532e-09  3.96604e-22  1.41435e-10  3.99457e-23  9.27087e-12  4.50278e-24  3.98988e-13  4.91958e-25  9.01196e-15  2.47309e-26
 7.77733e-07  2.48708e-19  5.51199e-07  1.29597e-19   1.9535e-07  4.37662e-20  4.77972e-08  1.14724e-20  8.74031e-09  2.33464e-21  1.22171e-09  3.51574e-22  1.29842e-10  3.99457e-23  1.01885e-11  4.31487e-24  5.53948e-13  5.11711e-25   1.8182e-14   4.2237e-26  2.34023e-16
 6.24048e-20  1.71281e-07  5.03333e-20  8.05664e-08  2.05774e-20  2.36714e-08  6.31083e-21  5.03945e-09   1.5321e-21  8.13089e-10  2.82481e-22  1.00185e-10  3.86115e-23  9.27087e-12  4.31487e-24  6.16636e-13  4.86492e-25  2.68965e-14  4.90159e-26  6.15111e-16  2.37779e-27
 3.56928e-08  1.48931e-20  2.64166e-08  8.18952e-21  9.65872e-09  3.10722e-21  2.42284e-09  9.24604e-22  4.52437e-10  2.10532e-22  6.44056e-11  3.54505e-23  6.95683e-12  4.50278e-24  5.53948e-13  4.86492e-25   3.0524e-14  4.87186e-26  1.01434e-15   3.5099e-27  1.32066e-17
 2.91882e-21  6.45536e-09  2.68499e-21  3.14356e-09  1.36717e-21  9.48338e-10  5.13809e-22  2.06333e-10   1.4396e-22   3.3918e-11  2.95714e-23   4.2485e-12  4.45221e-24  3.98988e-13  5.11711e-25  2.68965e-14  4.87186e-26  1.18774e-15  3.79481e-27  2.74755e-17  1.58058e-28
 1.00333e-09  6.71082e-22  7.72359e-10   5.1004e-22  2.90542e-10  2.48431e-22  7.45608e-11  8.49855e-23  1.41938e-11  2.09064e-23   2.0547e-12  3.73816e-24  2.25279e-13  4.91958e-25   1.8182e-14  4.90159e-26  1.01434e-15  3.79481e-27  3.40945e-17  2.06794e-28  4.48653e-19
  1.0405e-22  1.29074e-10  1.43163e-22  6.48729e-11   9.3449e-23  2.00506e-11  3.91066e-23  4.45067e-12  1.14217e-23  7.44328e-13  2.41066e-24  9.46602e-14  3.72346e-25  9.01196e-15   4.2237e-26  6.15111e-16   3.5099e-27  2.74755e-17  2.06794e-28  6.42365e-19   6.4619e-30
 1.11942e-11  2.39058e-23  8.93301e-12  2.24474e-23  3.44938e-12  1.17208e-23  9.04018e-13  4.08548e-24  1.75185e-13  1.01717e-24   2.5757e-14  1.85319e-25  2.86343e-15  2.47309e-26  2.34023e-16  2.37779e-27  1.32066e-17  1.58058e-28  4.48653e-19   6.4619e-30  5.96266e-21
