   0.0321538 -2.19726e-19   -0.0530402 -1.76663e-18   0.00408079  9.44919e-18    0.0185339 -4.61909e-18   0.00216519 -2.72199e-18  -0.00524762  8.33628e-19  -0.00222645  6.80757e-19  0.000462467  2.45156e-20  0.000545161 -8.06213e-20  0.000121673 -1.83154e-20   3.8431e-06
-2.19726e-19    0.0892295 -3.50745e-19   -0.0633985  -6.7668e-18    -0.022154  1.45335e-17    0.0213656 -1.83226e-18    0.0116969 -3.64421e-18  -0.00409554  6.25435e-20  -0.00451767  6.26597e-19 -0.000550195  1.22467e-19  0.000538591 -4.85809e-20  0.000188379 -1.62136e-20
  -0.0530402 -3.50745e-19     0.106319 -3.29595e-19   -0.0334533 -9.93812e-18   -0.0378294  9.93267e-18    0.0117378  8.69162e-19    0.0162611 -2.14367e-18 -0.000320086 -3.31871e-19  -0.00497709  3.52689e-19  -0.00166781  1.93359e-19  0.000112438  1.59715e-20  8.76727e-05
-1.76663e-18   -0.0633985 -3.29595e-19    0.0783605  1.06981e-18   -0.0097257 -7.42438e-18   -0.0360869  3.50289e-18   0.00350878  6.75536e-19    0.0164809 -9.18146e-19   0.00292885 -2.82392e-19  -0.00422197  3.49913e-19  -0.00230159  3.43296e-19 -0.000323587  7.66227e-20
  0.00408079  -6.7668e-18   -0.0334533  1.06981e-18    0.0518842  1.34291e-18  -0.00332386 -2.40989e-18   -0.0324022  1.06474e-18   -0.0010439  4.23872e-20    0.0156645 -7.88052e-19   0.00552313 -3.76544e-19  -0.00271562   4.8091e-19  -0.00214496  4.25618e-19 -0.000347937
 9.44919e-18    -0.022154 -9.93812e-18   -0.0097257  1.34291e-18    0.0437363  5.32001e-19  -0.00160825  4.01337e-19   -0.0305315  1.37887e-18  -0.00463724 -4.28735e-20    0.0143714 -1.28924e-18   0.00768596 -7.27393e-19 -0.000538295  3.78004e-19  -0.00112245  2.70247e-19
   0.0185339  1.45335e-17   -0.0378294 -7.42438e-18  -0.00332386  5.32001e-19    0.0402081 -8.36733e-19  0.000694286  1.24265e-18   -0.0291273  2.03465e-18  -0.00790784 -1.54692e-19    0.0124931 -1.96562e-18   0.00931637 -1.22351e-18   0.00179382 -7.79984e-20 -5.62916e-05
-4.61909e-18    0.0213656  9.93267e-18   -0.0360869 -2.40989e-18  -0.00160825 -8.36733e-19    0.0372296 -2.02032e-18   0.00242844  1.32384e-18   -0.0279726  2.32748e-18   -0.0110649 -2.76333e-19   0.00988647 -2.37673e-18   0.00966785 -1.65197e-18   0.00276642 -3.84269e-19
  0.00216519 -1.83226e-18    0.0117378  3.50289e-18   -0.0324022  4.01337e-19  0.000694286 -2.02032e-18    0.0353944 -2.62427e-18   0.00392469   1.4271e-18   -0.0271084  2.53817e-18   -0.0143598  2.11092e-19   0.00581821 -1.94647e-18   0.00723656 -1.52819e-18   0.00159894
-2.72199e-18    0.0116969  8.69162e-19   0.00350878  1.06474e-18   -0.0305315  1.24265e-18   0.00242844 -2.62427e-18    0.0345752 -2.32821e-18   0.00551974   1.5519e-18   -0.0263207   3.3565e-18   -0.0183072  1.97599e-18 -0.000664897 -2.53448e-19   0.00247611 -8.23162e-19
 -0.00524762 -3.64421e-18    0.0162611  6.75536e-19   -0.0010439  1.37887e-18   -0.0291273  1.32384e-18   0.00392469 -2.32821e-18    0.0345007 -2.01451e-18   0.00744667  1.53543e-18   -0.0256994  5.42704e-18   -0.0231282  5.11585e-18  -0.00741878  1.66794e-18 -0.000698746
 8.33628e-19  -0.00409554 -2.14367e-18    0.0164809  4.23872e-20  -0.00463724  2.03465e-18   -0.0279726   1.4271e-18   0.00551974 -2.01451e-18    0.0352718 -2.79728e-18   0.00967442  1.70219e-18   -0.0249041  8.22894e-18   -0.0253389  7.67613e-18  -0.00888662  1.59483e-18
 -0.00222645  6.25435e-20 -0.000320086 -9.18146e-19    0.0156645 -4.28735e-20  -0.00790784  2.32748e-18   -0.0271084   1.5519e-18   0.00744667 -2.79728e-18    0.0367155 -4.92951e-18     0.012599  1.44115e-18   -0.0198775  8.62557e-18   -0.0190144  7.06168e-18  -0.00435674
 6.80757e-19  -0.00451767 -3.31871e-19   0.00292885 -7.88052e-19    0.0143714 -1.54692e-19   -0.0110649  2.53817e-18   -0.0263207  1.53543e-18   0.00967442 -4.92951e-18    0.0390968 -8.94097e-18    0.0201384 -2.85642e-18  -0.00551899  4.36454e-18  -0.00641544  3.18684e-18
 0.000462467  6.26597e-19  -0.00497709 -2.82392e-19   0.00552313 -1.28924e-18    0.0124931 -2.76333e-19   -0.0143598   3.3565e-18   -0.0256994  1.70219e-18     0.012599 -8.94097e-18    0.0461297 -1.76198e-17    0.0361581 -1.29388e-17    0.0122614 -3.09361e-20   0.00145989
 2.45156e-20 -0.000550195  3.52689e-19  -0.00422197 -3.76544e-19   0.00768596 -1.96562e-18   0.00988647  2.11092e-19   -0.0183072  5.42704e-18   -0.0249041  1.44115e-18    0.0201384 -1.76198e-17    0.0610904 -3.17677e-17    0.0518274 -2.04392e-17    0.0186038 -1.35217e-18
 0.000545161  1.22467e-19  -0.00166781  3.49913e-19  -0.00271562 -7.27393e-19   0.00931637 -2.37673e-18   0.00581821  1.97599e-18   -0.0231282  8.22894e-18   -0.0198775 -2.85642e-18    0.0361581 -3.17677e-17    0.0740333 -4.17467e-17    0.0499672 -1.56816e-17    0.0107599
-8.06213e-20  0.000538591  1.93359e-19  -0.00230159   4.8091e-19 -0.000538295 -1.22351e-18   0.00966785 -1.94647e-18 -0.000664897  5.11585e-18   -0.0253389  8.62557e-18  -0.00551899 -1.29388e-17    0.0518274 -4.17467e-17    0.0670535  -3.4825e-17    0.0298155 -5.93471e-18
 0.000121673 -4.85809e-20  0.000112438  3.43296e-19  -0.00214496  3.78004e-19   0.00179382 -1.65197e-18   0.00723656 -2.53448e-19  -0.00741878  7.67613e-18   -0.0190144  4.36454e-18    0.0122614 -2.04392e-17    0.0499672  -3.4825e-17    0.0403628 -1.58881e-17   0.00945738
-1.83154e-20  0.000188379  1.59715e-20 -0.000323587  4.25618e-19  -0.00112245 -7.79984e-20   0.00276642 -1.52819e-18   0.00247611  1.66794e-18  -0.00888662  7.06168e-18  -0.00641544 -3.09361e-20    0.0186038 -1.56816e-17    0.0298155 -1.58881e-17    0.0143563 -3.17945e-18
  3.8431e-06 -1.62136e-20  8.76727e-05  7.66227e-20 -0.000347937  2.70247e-19 -5.62916e-05 -3.84269e-19   0.00159894 -8.23162e-19 -0.000698746  1.59483e-18  -0.00435674  3.18684e-18   0.00145989 -1.35217e-18    0.0107599 -5.93471e-18   0.00945738 -3.17945e-18    0.0022981
