 2.83744e-22  1.93572e-35 -1.35216e-20 -7.39001e-34  2.49668e-19  1.72171e-32 -2.75736e-18 -2.22786e-31  2.09928e-17  1.99613e-30  -1.1817e-16 -1.35658e-29  5.11888e-16  7.35423e-29 -1.74766e-15 -3.28536e-28  4.76695e-15  1.23737e-27 -1.04454e-14 -3.99794e-27   1.8347e-14  1.12381e-26  -2.5531e-14 -2.78015e-26  2.73936e-14  6.10632e-26 -2.13271e-14 -1.19702e-25  1.01306e-14  2.09512e-25 -5.01652e-16 -3.25495e-25 -2.98133e-15  4.42425e-25  1.62322e-15 -5.11244e-25  2.77873e-16  4.71445e-25  -5.5225e-16 -2.82314e-25  3.54897e-17 -4.17274e-26   1.4345e-16   4.1954e-25 -1.83983e-17 -7.32799e-25 -3.51367e-17  8.82961e-25  2.70793e-18 -8.38882e-25  8.10843e-18  6.45835e-25  5.00168e-19 -3.95016e-25 -1.55448e-18  1.75725e-25 -4.07503e-19 -3.75994e-26  1.88645e-19 -1.90387e-26  1.17235e-19  2.49624e-26  1.60902e-21 -1.37604e-26 -1.72516e-20  4.28689e-27 -5.47929e-21  -4.7245e-28  5.49395e-22 -1.76241e-28  8.53078e-22  6.63186e-29  2.19931e-22  6.32567e-31 -1.64028e-23 -1.89396e-30 -2.69793e-23 -1.62736e-30 -7.63742e-24  1.15154e-30 -3.52488e-25 -5.45956e-31  4.53052e-25  2.66678e-31  1.71725e-25 -7.22332e-32  2.71835e-26  1.43176e-33 -9.57939e-28 -2.09154e-33 -1.61782e-27  5.38702e-33 -4.28021e-28 -2.29855e-33  -5.7297e-29  1.90658e-34 -9.13567e-31  1.16935e-34  1.42517e-30 -2.68719e-35  3.59161e-31 -1.35944e-36  4.93149e-32  4.29794e-38  3.76569e-33  2.28142e-37  -8.8588e-36  2.03079e-38 -4.56433e-35 -1.25441e-38 -6.89939e-36  1.54917e-40 -5.99152e-37  2.18664e-41 -3.29474e-38  1.35576e-42 -1.02111e-39  1.76135e-42  5.48473e-42  5.38049e-44  1.99666e-42   1.5035e-44  8.47421e-44 -3.69151e-46  1.59764e-45 -1.80977e-47
 1.93572e-35  1.94542e-20  4.72968e-34 -5.26592e-19 -2.24236e-32  7.40044e-18  4.05163e-31 -6.77728e-17 -4.45277e-30  4.45691e-16  3.50385e-29   -2.218e-15 -2.13108e-28  8.61604e-15  1.04682e-27  -2.6612e-14 -4.27278e-27  6.59845e-14  1.47883e-26 -1.31615e-13 -4.40986e-26  2.09926e-13  1.14849e-25  -2.6318e-13 -2.64369e-25  2.49753e-13  5.43265e-25 -1.64021e-13 -1.00341e-24  5.37608e-14  1.66884e-24  1.71613e-14 -2.48754e-24 -2.70387e-14  3.28042e-24  6.79561e-15 -3.73535e-24  5.74869e-15  3.50328e-24 -3.42982e-15 -2.39466e-24  -9.8777e-16  5.62665e-25  1.01418e-15  1.48885e-24  2.08403e-16 -3.12529e-24 -2.43462e-16  3.89194e-24 -6.38191e-17  -3.7063e-24  4.68715e-17  2.83556e-24   2.0283e-17 -1.71983e-24 -5.65632e-18  7.59789e-25 -5.02205e-18 -1.66255e-25 -1.87195e-19 -7.03137e-26  7.94636e-19  9.24022e-26   2.5211e-19 -4.73244e-26   -4.299e-20  1.24382e-26 -4.82377e-20 -3.36824e-28 -9.89311e-21 -7.84911e-28  2.54753e-21  1.08121e-28  1.95195e-21  6.79571e-29  3.96117e-22 -2.03847e-29 -5.07103e-23 -1.97609e-30 -5.14767e-23  2.06712e-30 -1.32156e-23 -1.78078e-30 -6.59599e-25  1.35198e-30  6.46531e-25 -4.62048e-31  2.43246e-25  4.73484e-32  4.08861e-26 -1.03872e-32  8.05359e-28  1.89018e-32 -1.45391e-27 -8.38528e-33 -4.25795e-28  8.40499e-34 -6.47186e-29  4.08162e-34   -4.315e-30 -1.09261e-34  5.03603e-31 -1.90136e-36  1.91499e-31  1.65891e-37  2.95753e-32  6.56297e-37  2.78899e-33  8.52358e-38  1.39928e-34 -3.42663e-38 -2.92202e-36 -3.40024e-40 -1.24085e-36 -9.33627e-41 -1.20536e-37  9.13073e-42 -6.95267e-39  5.59977e-42  -2.4302e-40  3.04826e-43 -4.37864e-42   2.6417e-44 -1.19667e-44 -6.13542e-46  6.92307e-46
-1.35216e-20  4.72968e-34  6.56459e-19   1.0535e-32 -1.23595e-17 -4.10614e-31  1.39318e-16  6.15267e-30 -1.08374e-15 -5.86169e-29  6.24062e-15  4.09744e-28 -2.76929e-14  -2.2483e-27  9.70152e-14  1.00655e-26  -2.7207e-13 -3.76953e-26  6.14497e-13  1.20228e-25 -1.11629e-12 -3.31373e-25  1.61442e-12  7.99697e-25 -1.81459e-12 -1.71103e-24   1.5036e-12  3.28322e-24 -7.97799e-13 -5.70025e-24  1.14912e-13  8.98776e-24  1.90376e-13 -1.28224e-23 -1.35616e-13  1.63475e-23 -3.36846e-15  -1.8209e-23  4.13487e-14  1.70431e-23 -8.33925e-15 -1.23207e-23 -1.00981e-14  4.97139e-24   3.0073e-15  2.84812e-24  2.47704e-15 -8.81783e-24 -6.40156e-16  1.15728e-23 -6.18869e-16 -1.11193e-23  6.33528e-17  8.49582e-24  1.38269e-16 -5.13018e-24  1.43057e-17  2.25072e-24  -2.2486e-17 -4.91344e-25 -8.06569e-18  -1.9031e-25  1.54097e-18  2.42317e-25  1.69173e-18 -1.13092e-25   2.8769e-19   2.3207e-26  -1.3878e-19  2.41335e-27 -8.12968e-20 -2.08637e-27 -1.06702e-20 -1.19416e-28  5.22791e-21  3.04188e-28  2.83554e-21 -6.23549e-29  4.80701e-22 -5.60578e-32 -7.60268e-23  7.93093e-32 -6.21272e-23 -3.99134e-30 -1.51326e-23  4.35994e-30 -9.80714e-25  -1.6378e-30  5.42015e-25  2.26957e-31  2.13637e-25 -4.00031e-32  3.84641e-26  4.75847e-32  2.44653e-27 -2.13833e-32 -6.57648e-28  2.49226e-33 -2.38768e-28  1.01857e-33 -4.02538e-29 -3.06776e-34 -3.83888e-30 -3.44303e-37 -6.90795e-32  6.17371e-37  4.37195e-32  1.36115e-36   8.3424e-33   2.2823e-37  8.71614e-34 -6.31064e-38  5.74211e-35 -2.47542e-39  2.01729e-36 -4.73491e-40 -2.33829e-38  2.64087e-41 -7.35637e-39   1.1537e-41 -4.13718e-40  7.04965e-43 -1.13217e-41  2.91544e-44 -1.26943e-43   -5.145e-46
-7.39001e-34 -5.26592e-19   1.0535e-32  1.45341e-17  1.74674e-31 -2.08463e-16 -5.51495e-30  1.95043e-15  7.04093e-29 -1.31194e-14  -5.8996e-28  6.68677e-14  3.69881e-27 -2.66442e-13 -1.84389e-26  8.45678e-13  7.56344e-26 -2.15962e-12 -2.60918e-25  4.44947e-12  7.69018e-25 -7.35984e-12 -1.96213e-24  9.62653e-12  4.38875e-24 -9.63189e-12 -8.71865e-24  6.83179e-12  1.55891e-23 -2.68519e-12 -2.53787e-23 -3.63017e-13  3.78538e-23  1.10068e-12 -5.15999e-23 -4.08227e-13  6.34647e-23  -1.8585e-13 -6.88376e-23  1.71955e-13   6.3559e-23  1.89718e-14 -4.68285e-23 -4.90306e-14  2.27652e-23 -2.10003e-15  1.29173e-24  1.21938e-14 -1.87342e-23  1.12465e-15  2.66808e-23 -2.64854e-15 -2.60952e-23 -6.06157e-16  2.00635e-23  4.35497e-16 -1.21434e-23  2.06361e-16  5.30395e-24 -3.16071e-17  -1.1344e-24 -4.36294e-17 -4.36684e-25 -6.94356e-18   5.2035e-25   4.5884e-18 -2.16052e-25  2.39876e-18   2.9356e-26  1.57383e-19  1.09216e-26 -2.43989e-19 -3.70745e-27 -9.94525e-20 -1.24632e-27 -7.85849e-21  8.52137e-28  6.98501e-21 -1.14362e-28  3.06635e-21  2.77305e-30  4.64662e-22 -9.39783e-30 -7.18431e-23 -7.57326e-30 -5.44436e-23  1.07743e-29 -1.30439e-23 -4.18452e-30 -1.11795e-24  6.78875e-31  2.87863e-25 -1.23075e-31  1.30017e-25  9.82689e-32  2.51504e-26 -4.39931e-32  2.40134e-27  5.89343e-33 -1.02997e-28  2.09574e-33 -8.05151e-29  -6.8644e-34 -1.53063e-29  1.82468e-36 -1.71376e-30  1.83789e-36 -1.04745e-31  2.39921e-36  1.34768e-33  4.63583e-37  1.08261e-33 -9.05718e-38  1.29195e-34 -7.06705e-39  9.01747e-36 -1.13196e-39  3.93277e-37  5.23366e-41  9.01487e-39  1.78173e-41  1.11422e-41  1.02225e-42 -4.43219e-42  2.15837e-44 -5.91088e-44
 2.49668e-19 -2.24236e-32 -1.23595e-17  1.74674e-31   2.3749e-16  2.22653e-30 -2.73484e-15 -5.85429e-29  2.17576e-14  6.48591e-28 -1.28298e-13 -4.83507e-27  5.83829e-13  2.74121e-26 -2.10093e-12 -1.24921e-25  6.06439e-12  4.71765e-25 -1.41341e-11 -1.50481e-24  2.65847e-11  4.10987e-24 -3.99993e-11 -9.72332e-24  4.71307e-11  2.01643e-23 -4.15408e-11 -3.71528e-23  2.44061e-11  6.17582e-23 -5.61431e-12 -9.40193e-23 -4.46449e-12  1.32381e-22  4.28642e-12 -1.72234e-22 -4.55563e-13  2.04186e-22 -1.15036e-12 -2.15095e-22  4.16772e-13   1.9441e-22  2.52828e-13  -1.4281e-22  -1.3694e-13  7.49851e-23 -6.01743e-14 -1.19778e-23  3.25179e-14 -3.09284e-23  1.63541e-14  5.01522e-23 -5.42214e-15 -5.05782e-23 -4.29149e-15  3.96012e-23  2.94215e-16  -2.4278e-23  8.80452e-16  1.06086e-23  1.60148e-16 -2.18936e-24 -1.06626e-16 -8.96057e-25 -5.57116e-17  9.69353e-25 -8.29354e-19 -3.46844e-25  7.48876e-18  1.69408e-26  2.52877e-18  2.79831e-26  -6.3241e-20 -3.81638e-27 -3.02573e-19 -4.43078e-27 -9.61736e-20   1.8845e-27 -4.20917e-21 -1.38877e-28  6.85798e-21  1.25434e-30  2.63151e-21 -2.99707e-29  3.82324e-22 -1.39171e-29 -4.48985e-23  2.19556e-29 -3.61656e-23 -8.46123e-30 -8.76637e-24  1.54763e-30  -9.4361e-25 -3.12117e-31  8.34816e-26  1.74777e-31  5.54588e-26 -7.75262e-32  1.16535e-26  1.19562e-32  1.36773e-27  3.77352e-33  5.17862e-29 -1.29796e-33 -1.43082e-29 -3.80333e-36 -3.51754e-30  4.30646e-36 -4.35667e-31  3.84638e-36 -3.37296e-32  7.64398e-37 -1.37638e-33 -1.08694e-37  2.39651e-35 -1.38588e-38  7.86897e-36  -1.8699e-39  5.72356e-37  8.17605e-41  2.24161e-38  2.16665e-41  4.78956e-40  1.02742e-42  4.09948e-42  9.62763e-45
 1.72171e-32  7.40044e-18 -4.10614e-31 -2.08463e-16  2.22653e-30  3.05452e-15  2.28496e-29 -2.92268e-14 -5.12133e-28  2.01288e-13  4.99333e-27 -1.05187e-12 -3.34347e-26  4.30393e-12  1.72626e-25 -1.40537e-11  -7.2314e-25  3.70062e-11  2.52553e-24 -7.88462e-11 -7.47548e-24  1.35404e-10  1.89711e-23 -1.84954e-10 -4.16906e-23  1.95186e-10  8.01986e-23 -1.49172e-10 -1.36899e-22   6.8309e-11  2.11018e-22 -4.48682e-13 -2.99478e-22 -2.27308e-11    3.972e-22  1.16188e-11 -4.93046e-22  2.51429e-12  5.63638e-22 -4.26316e-12 -5.76044e-22  1.95844e-13  5.06851e-22  1.15818e-12 -3.65499e-22 -1.38832e-13  1.96472e-22 -2.93088e-13 -5.22711e-23  2.26362e-14 -3.84608e-23  6.98998e-14  7.80516e-23  3.91376e-15 -8.28845e-23 -1.39916e-14  6.74097e-23 -3.53918e-15 -4.25242e-23  1.82229e-15  1.87166e-23  1.08324e-15  -3.6713e-24 -7.69078e-18 -1.68154e-24 -1.71173e-16  1.61211e-24 -5.12112e-17 -4.74306e-25  7.01477e-18 -3.31925e-26  8.77514e-18   5.3823e-26  2.10879e-18   1.4826e-27   -2.366e-19 -1.13686e-26 -2.90674e-19  3.61477e-27  -7.7352e-20 -9.57447e-29 -1.95017e-21 -1.20066e-29  5.20362e-21 -5.96769e-29   1.8435e-21  -2.6547e-29  2.71918e-22  3.82334e-29 -1.65436e-23 -1.40752e-29  -1.8301e-23  2.90757e-30 -4.60221e-24  -6.7439e-31 -5.85844e-25  2.73521e-31 -3.30731e-27 -1.21136e-31   1.5769e-26  2.16414e-32  3.76756e-27  6.15187e-33  4.99481e-28 -2.14112e-33  3.67096e-29 -3.31167e-35 -1.50973e-31  8.25336e-36 -4.30019e-31  5.73041e-36  -6.1999e-32  1.05334e-36 -5.16086e-33 -1.16423e-37 -2.71434e-34 -2.11932e-38  -7.6262e-36 -2.35497e-39  2.52999e-38  1.06513e-40   1.0142e-38  2.10031e-41  3.22722e-40  7.16748e-43  2.94366e-42
-2.75736e-18  4.05163e-31  1.39318e-16 -5.51495e-30 -2.73484e-15  2.28496e-29  3.22069e-14  1.95122e-28 -2.62331e-13 -3.79431e-27  1.58576e-12  3.29258e-26 -7.40834e-12 -1.99622e-25  2.74162e-11  9.44432e-25  -8.1553e-11  -3.6549e-24  1.96378e-10  1.18531e-23 -3.82896e-10 -3.26686e-23  6.00027e-10  7.72452e-23 -7.41762e-10 -1.57973e-22  6.95201e-10  2.82059e-22 -4.49279e-10 -4.45574e-22  1.39582e-10   6.3502e-22  5.62381e-11 -8.37043e-22 -7.93786e-11  1.04333e-21  1.86319e-11 -1.23619e-21  1.79855e-11  1.36541e-21  -1.0431e-11  -1.3545e-21 -3.20183e-12  1.15534e-21  3.25045e-12  -8.0722e-22  6.74291e-13  4.28703e-22 -8.16916e-13 -1.36211e-22 -2.07875e-13 -2.95627e-23  1.66183e-13  9.88164e-23  6.88175e-14 -1.15158e-22 -2.21236e-14  1.00811e-22 -1.80712e-14 -6.69619e-23   -1.856e-16  2.99171e-23  3.09283e-15 -5.47983e-24  8.97029e-16 -2.91252e-24 -2.06435e-16    2.427e-24  -1.9244e-16 -5.41833e-25  -3.4574e-17  -1.4066e-25  1.23341e-17  8.40518e-26  8.10458e-18  1.79528e-26  1.45794e-18 -2.40681e-26 -2.86176e-19  6.31595e-27 -2.26415e-19  2.17413e-29 -5.33968e-20 -4.09053e-29 -1.25013e-21 -8.73971e-29  3.10566e-21 -5.19347e-29  1.06228e-21  5.79174e-29  1.64586e-22 -1.93962e-29 -4.79451e-25  4.68913e-30 -6.88097e-24 -1.27569e-30   -1.857e-24  3.79504e-31 -2.66451e-25 -1.71875e-31 -1.55316e-26  3.57305e-32  2.45328e-27  9.28463e-33  8.07289e-28 -3.14183e-33  1.17954e-28 -1.03397e-34  1.05917e-29  1.34151e-35  4.97697e-31  7.88776e-36 -1.17099e-32  1.21959e-36 -4.22261e-33 -1.20704e-37 -3.78703e-34 -2.66565e-38 -1.95319e-35 -2.33915e-39 -5.99672e-37  1.17317e-40 -9.52641e-39  1.60141e-41 -3.67612e-41  3.10654e-43
-2.22786e-31 -6.77728e-17  6.15267e-30  1.95043e-15 -5.85429e-29 -2.92268e-14  1.95122e-28  2.86307e-13  1.41925e-27 -2.02122e-12 -2.42738e-26  1.08418e-11  1.89214e-25 -4.56089e-11 -1.04589e-24  1.53404e-10  4.55912e-24 -4.17041e-10 -1.63731e-23  9.20048e-10  4.94958e-23 -1.64243e-09 -1.27433e-22  2.34538e-09  2.81496e-22 -2.61192e-09 -5.36776e-22  2.14706e-09   8.9024e-22 -1.12342e-09 -1.30002e-21  1.39546e-10  1.70722e-21  2.95072e-10 -2.08048e-21 -2.04623e-10  2.43059e-21 -7.77354e-12 -2.75335e-21  6.58004e-11  2.95034e-21   -1.347e-11 -2.84718e-21  -1.6584e-11  2.34615e-21  5.22673e-12 -1.56751e-21  4.17273e-12  7.96777e-22 -1.20667e-12 -2.66963e-22 -1.08126e-12  7.99439e-24  1.47366e-13   9.2405e-23   2.5543e-13 -1.32221e-22  1.83848e-14  1.33911e-22 -4.51651e-14 -9.67817e-23 -1.44414e-14  4.41864e-23  3.84231e-15 -7.38689e-24  3.42004e-15 -4.66751e-24  4.61791e-16  3.31931e-24  -3.3229e-16 -4.71697e-25 -1.68616e-16 -3.17763e-25 -1.62872e-17  1.08998e-25  1.32461e-17  5.19475e-26  6.19415e-18 -4.43953e-26  8.75867e-19  1.02944e-26 -2.32223e-19  1.66908e-28 -1.46278e-19 -7.62022e-29 -3.21107e-20 -9.34708e-29 -1.15638e-21 -9.95878e-29  1.44959e-21  7.67889e-29  4.99902e-22 -2.14312e-29   8.2396e-23  6.65751e-30  3.71787e-24 -2.15647e-30 -1.78554e-24  4.64987e-31 -5.57578e-25 -2.25608e-31 -8.76019e-26  5.44584e-32  -7.6656e-27  1.31679e-32 -4.31545e-29 -4.14966e-33  9.99563e-29 -2.21824e-34  1.71907e-29   1.8979e-35  1.67518e-30  9.86812e-36  1.02873e-31  1.16311e-36  3.26506e-33  -1.3035e-37 -4.61475e-35 -2.83474e-38 -1.03435e-35 -1.83888e-39 -4.92065e-37  1.07803e-40  -1.0871e-38  9.16005e-42 -8.05797e-41
 2.09928e-17 -4.45277e-30 -1.08374e-15  7.04093e-29  2.17576e-14 -5.12133e-28 -2.62331e-13  1.41925e-27  2.19021e-12  8.94603e-27 -1.35887e-11 -1.36045e-25  6.52561e-11  9.60016e-25 -2.48671e-10 -4.86727e-24  7.63276e-10  1.96444e-23 -1.90142e-09 -6.57377e-23  3.84827e-09  1.85889e-22 -6.28867e-09 -4.48446e-22  8.16401e-09  9.27873e-22 -8.13555e-09 -1.65307e-21  5.75418e-09  2.54887e-21 -2.23396e-09 -3.43682e-21 -3.65957e-10  4.14194e-21  9.91369e-10  -4.6387e-21 -3.69052e-10  5.06264e-21 -1.72916e-10  -5.5012e-21  1.64313e-10  5.75881e-21  1.62725e-11 -5.42964e-21 -4.87275e-11  4.30961e-21 -9.71207e-13  -2.7119e-21   1.2635e-11  1.27056e-21  7.68115e-13  -4.1118e-22 -2.90695e-12  7.87562e-23 -5.53056e-13  3.22537e-23  5.24148e-13 -1.12951e-22  2.16632e-13  1.58832e-22 -4.96447e-14  -1.3071e-22 -5.13858e-14   6.1153e-23 -5.86624e-15 -9.05198e-24  6.35816e-15 -6.90296e-24  2.82983e-15  4.09549e-24  3.91548e-17 -1.81026e-25 -3.46663e-16  -5.6049e-25  -1.2148e-16  1.15386e-25 -3.88963e-18   1.0835e-25  1.07499e-17  -7.3523e-26   4.0345e-18  1.57576e-26  4.81155e-19  2.63642e-28 -1.41226e-19 -8.28779e-29 -7.89912e-20 -5.51483e-29 -1.68024e-20 -1.81464e-28 -9.69295e-22  8.85846e-29  5.11891e-22 -1.63169e-29  1.88392e-22  8.47328e-30  3.30624e-23 -3.30719e-30   2.6492e-24  4.92981e-31 -2.46934e-25 -2.78361e-31 -1.17475e-25   7.7072e-32 -2.02218e-26   1.7722e-32 -2.08831e-27 -4.96081e-33 -1.11567e-28  -3.7501e-34  3.39114e-30  2.37576e-35  1.34255e-30  1.10259e-35  1.42849e-31  8.49378e-37  9.02301e-33 -1.47483e-37  3.51817e-34 -2.58758e-38   7.1434e-36 -1.11748e-39  7.11904e-39  7.98972e-41 -2.14523e-39   3.4294e-42
 1.99613e-30  4.45691e-16 -5.86169e-29 -1.31194e-14  6.48591e-28  2.01288e-13 -3.79431e-27 -2.02122e-12  8.94603e-27  1.46449e-11  4.95179e-26 -8.07396e-11 -6.75526e-25  3.49665e-10   4.3441e-24 -1.21308e-09  -2.0309e-23  3.40953e-09  7.62275e-23 -7.79929e-09 -2.38581e-22  1.44924e-08  6.33119e-22 -2.16612e-08 -1.43526e-21  2.54735e-08  2.78871e-21 -2.24939e-08 -4.65137e-21  1.32662e-08  6.67463e-21 -3.01824e-09 -8.30012e-21  -2.5788e-09  9.13439e-21  2.49978e-09 -9.32498e-21 -2.89433e-10  9.46447e-21 -6.90336e-10 -9.92441e-21  2.70923e-10  1.02635e-20  1.52208e-10 -9.51904e-21 -9.32554e-11  7.25787e-21 -3.63227e-11 -4.21948e-21   2.3641e-11  1.72099e-21  1.02884e-11 -4.76157e-22 -4.42935e-12  1.71491e-22 -2.91873e-12 -1.10422e-22  4.00326e-13 -3.44194e-23   6.6356e-13  1.68205e-22  8.44297e-14 -1.67505e-22 -9.44312e-14  7.99688e-23 -4.07631e-14 -1.00768e-23   2.3038e-15 -9.34134e-24  6.59611e-15  4.45466e-24  1.84209e-15  3.90096e-25   -2.027e-16 -8.42302e-25 -2.79926e-16  9.07031e-26  -7.4652e-17  1.88565e-25  1.35795e-18 -1.11492e-25  7.03901e-18  2.25673e-26  2.27791e-18  2.70306e-28  2.51655e-19   1.1373e-29 -6.57111e-20   4.6319e-29 -3.54961e-20 -3.10804e-28 -7.53722e-21   8.6608e-29  -6.1866e-22 -4.49693e-31  1.24691e-22  9.81397e-30  5.49777e-23 -4.65176e-30  1.02858e-23  4.26411e-31  1.06408e-24 -3.27583e-31  1.74507e-26  1.01511e-31 -1.52098e-26  2.27712e-32 -3.09752e-27 -5.36111e-33 -3.47786e-28 -5.27365e-34 -2.43665e-29   2.6557e-35 -8.27452e-31  1.08114e-35   2.8252e-32    3.434e-37  5.45348e-33 -1.64215e-37  3.36682e-34 -2.04232e-38  1.12377e-35 -4.89089e-40  1.89217e-37  4.48954e-41  9.80215e-40
 -1.1817e-16  3.50385e-29  6.24062e-15  -5.8996e-28 -1.28298e-13  4.99333e-27  1.58576e-12 -2.42738e-26 -1.35887e-11  4.95179e-26  8.66496e-11  2.43213e-25 -4.28321e-10 -2.99853e-24   1.6831e-09   1.7674e-23  -5.3385e-09  -7.6553e-23  1.37784e-08   2.6828e-22 -2.89876e-08  -7.8802e-22  4.94655e-08  1.96831e-21 -6.75104e-08 -4.20437e-21  7.15434e-08  7.69026e-21 -5.51708e-08 -1.20339e-20   2.5623e-08  1.60896e-20 -1.95242e-10  -1.8429e-20 -8.89189e-09  1.84051e-20  4.76029e-09 -1.69282e-20  9.19096e-10  1.58692e-20 -1.79702e-09  -1.6226e-20  1.45227e-10  1.68662e-20  4.99496e-10 -1.55373e-20 -8.54182e-11  1.13508e-20 -1.30636e-10 -5.94176e-21  1.82414e-11  1.89196e-21   3.3034e-11 -3.00922e-22 -2.47985e-13  2.56954e-22 -7.25982e-12 -3.61516e-22 -1.35048e-12  1.22058e-22  1.11719e-12  1.58003e-22  5.27541e-13 -2.06041e-22 -4.96144e-14  9.90314e-23 -9.99711e-14 -1.01231e-23 -2.32249e-14 -1.13565e-23  6.65754e-15   4.0168e-24  5.23933e-15  1.24384e-24  9.62759e-16 -1.11595e-24 -2.55047e-16  2.95763e-26  -1.8646e-16  2.89533e-25  -4.0344e-17 -1.57057e-25  2.07885e-18  2.99703e-26  3.81515e-18  2.40274e-28   1.1215e-18  3.17555e-28  1.25704e-19  2.21689e-28 -2.26879e-20 -4.99896e-28  -1.3062e-20  6.60938e-29 -2.82774e-21  2.80537e-29 -2.94802e-22  1.04866e-29  1.42332e-23 -6.04798e-30  1.17304e-23  2.41051e-31  2.38403e-24 -3.72856e-31  2.81486e-25  1.24473e-31  1.69479e-26  2.80337e-32 -6.43922e-28 -5.17916e-33 -2.78356e-28   -6.318e-34 -3.42618e-29  2.66511e-35 -2.54394e-30  9.10176e-36 -1.17744e-31 -2.05459e-37 -2.68041e-33 -1.67916e-37  2.92227e-35 -1.39468e-38  3.63097e-36  -1.2159e-40  7.70988e-38  1.65357e-41
-1.35658e-29   -2.218e-15  4.09744e-28  6.68677e-14 -4.83507e-27 -1.05187e-12  3.29258e-26  1.08418e-11 -1.36045e-25 -8.07396e-11  2.43213e-25  4.58172e-10  1.06899e-24 -2.04579e-09 -1.19858e-23  7.33184e-09   6.5084e-23 -2.13377e-08 -2.62299e-22  5.06884e-08  8.61381e-22 -9.81878e-08 -2.38184e-21  1.53815e-07  5.61515e-21 -1.91179e-07   -1.133e-20  1.81203e-07  1.95559e-20 -1.19281e-07 -2.87719e-20  3.84455e-08  3.58893e-20  1.48353e-08 -3.78129e-20 -2.24721e-08  3.39977e-20  5.96097e-09 -2.76783e-20  5.03341e-09    2.369e-20 -3.33542e-09 -2.40607e-20 -8.20256e-10  2.58054e-20   1.0734e-09 -2.39072e-20   1.5365e-10  1.66933e-20 -2.84887e-10 -7.59633e-21 -5.13687e-11  1.40898e-21  6.36088e-11  3.26405e-22  2.02386e-11  2.95821e-22 -1.02626e-11 -7.39655e-22 -6.23502e-12  3.64545e-22  5.19657e-13   1.2948e-22  1.26484e-12 -2.44644e-22  2.66322e-13  1.15657e-22 -1.21786e-13 -9.10686e-24 -7.77143e-14 -1.19157e-23 -8.47638e-15  2.40424e-24  7.10433e-15  2.29477e-24  3.42091e-15 -1.32688e-24  4.06719e-16 -5.97983e-26 -1.99607e-16  4.04352e-25 -1.05695e-16 -2.07842e-25  -1.9677e-17  3.64877e-26  1.23651e-18  3.21988e-28  1.72209e-18  9.65381e-28  4.79064e-19  4.74621e-28  5.77017e-20 -7.55894e-28 -5.10578e-21  2.65998e-29 -3.82065e-21  6.81327e-29 -8.59561e-22  1.04547e-29  -1.0467e-22 -7.31122e-30  -2.9613e-24 -6.27455e-32  1.61772e-24 -4.15772e-31  3.88708e-25  1.42012e-31  4.96867e-26  3.31319e-32  3.89963e-27   -4.339e-33   1.3497e-28 -6.48706e-34 -9.25623e-30  2.41842e-35  -1.7316e-30  6.33902e-36 -1.29606e-31 -6.28437e-37  -5.6954e-33 -1.50791e-37 -1.43603e-34 -8.17679e-39 -1.62956e-36  8.37273e-42 -1.83458e-39
 5.11888e-16 -2.13108e-28 -2.76929e-14  3.69881e-27  5.83829e-13 -3.34347e-26 -7.40834e-12  1.89214e-25  6.52561e-11 -6.75526e-25 -4.28321e-10  1.06899e-24  2.18282e-09  4.23404e-24 -8.85906e-09 -4.34099e-23  2.90843e-08  2.18148e-22 -7.78991e-08 -8.21208e-22  1.70639e-07  2.53539e-21 -3.04532e-07 -6.61827e-21  4.37501e-07  1.47627e-20 -4.93277e-07 -2.82046e-20   4.1359e-07  4.60458e-20 -2.23632e-07 -6.38362e-20  3.22967e-08  7.43985e-20  5.85355e-08 -7.20033e-20  -4.4299e-08  5.76759e-20  2.89326e-10 -4.03868e-20  1.42638e-08   3.0865e-20 -3.83116e-09 -3.22574e-20 -3.56946e-09  3.71348e-20  1.49529e-09 -3.50976e-20  9.08806e-10  2.33686e-20 -3.82416e-10 -8.80557e-21 -2.50415e-10 -1.65764e-22  6.39179e-11  1.62214e-21  6.58965e-11  2.56148e-22 -1.49511e-12 -1.25316e-21 -1.36045e-11  6.85582e-22  -3.0337e-12  8.92651e-23  1.61514e-12 -2.79822e-22  9.72877e-13  1.25939e-22  4.47526e-14 -7.43746e-24 -1.27241e-13  -9.6542e-24 -4.80426e-14 -6.24318e-25 -3.54636e-16   3.3593e-24  5.40558e-15 -1.43641e-24  1.90888e-15 -1.52165e-25  1.40046e-16   5.2425e-25  -1.1927e-16 -2.60687e-25 -5.17726e-17  4.01429e-26  -8.8004e-18  6.72741e-28  4.39958e-19  2.05592e-27  6.42106e-19  8.03687e-28  1.74837e-19 -1.07451e-27   2.3038e-20 -2.63481e-29 -2.78612e-22  1.15401e-28  -8.4295e-22  9.75758e-30 -2.03524e-22 -8.26089e-30 -2.73693e-23 -4.55792e-31 -1.84567e-24 -4.58891e-31  8.52578e-26  1.50603e-31  4.01125e-26  3.76187e-32  5.60453e-27 -2.90009e-33  4.75512e-28 -5.63713e-34  2.49098e-29  2.02251e-35  5.49492e-31  3.35353e-36 -2.49309e-32 -8.17262e-37 -2.55095e-33  -1.1576e-37 -9.07072e-35 -4.02691e-39 -1.35251e-36  1.78661e-41
 7.35423e-29  8.61604e-15  -2.2483e-27 -2.66442e-13  2.74121e-26  4.30393e-12 -1.99622e-25 -4.56089e-11  9.60016e-25  3.49665e-10 -2.99853e-24 -2.04579e-09  4.23404e-24  9.43403e-09  1.52015e-23 -3.49875e-08 -1.43202e-22  1.05617e-07  6.68747e-22 -2.61008e-07 -2.35977e-21  5.27961e-07   6.8696e-21 -8.68186e-07 -1.69704e-20  1.14176e-06  3.58971e-20 -1.16117e-06 -6.50814e-20  8.47138e-07  1.00727e-19 -3.49401e-07 -1.31888e-19  -4.2086e-08  1.43861e-19   1.5314e-07 -1.27713e-19 -6.56726e-08  8.98748e-20 -2.40002e-08 -5.14298e-20   2.8887e-08  3.33152e-20  6.65365e-10 -3.87303e-20 -8.69794e-09  5.08081e-20  5.82785e-10 -4.96876e-20  2.35273e-09    3.148e-20 -8.45141e-11 -9.16808e-21 -5.88608e-10 -3.24162e-21 -5.21117e-11  3.74225e-21  1.22748e-10  1.34027e-22  3.50982e-11 -1.89799e-21 -1.64434e-11  1.06018e-21 -1.07387e-11  4.74378e-23  -8.1273e-14 -3.04985e-22  1.74046e-12  1.25047e-22  5.55156e-13 -6.21004e-24 -6.77514e-14 -3.12808e-24 -9.59466e-14 -5.01835e-24 -2.45147e-14  4.17551e-24  2.26948e-15 -1.44601e-24  3.30396e-15 -2.07512e-25  9.34863e-16  6.40884e-25  4.16254e-17 -3.11982e-25 -5.74896e-17  3.90819e-26 -2.19999e-17  1.32289e-27 -3.60382e-18  3.59516e-27  6.67915e-20  1.19867e-27  1.93307e-19 -1.43346e-27  5.31842e-20 -8.09618e-29  7.60904e-21  1.62952e-28  3.15475e-22  8.37554e-30 -1.25537e-22 -8.77832e-30 -3.55794e-23 -8.86941e-31 -5.13051e-24 -5.03935e-31 -4.44465e-25  1.48273e-31 -1.48285e-26  4.10145e-32  1.90574e-27 -1.06823e-33  3.61022e-28 -3.95009e-34  3.14229e-29  1.62958e-35  1.68121e-30  9.63735e-37  5.37229e-32 -7.69417e-37  7.61931e-34 -7.42541e-38 -5.19271e-36 -1.58218e-39  -1.8631e-37
-1.74766e-15  1.04682e-27  9.70152e-14 -1.84389e-26 -2.10093e-12  1.72626e-25  2.74162e-11 -1.04589e-24 -2.48671e-10   4.3441e-24   1.6831e-09 -1.19858e-23 -8.85906e-09  1.52015e-23   3.7204e-08  4.97254e-23 -1.26657e-07 -4.32262e-22  3.52704e-07  1.88301e-21 -8.05919e-07 -6.24815e-21  1.50686e-06  1.71952e-20 -2.28219e-06 -4.02869e-20  2.73973e-06  8.09726e-20 -2.49291e-06 -1.39596e-19  1.54149e-06  2.05289e-19 -4.04259e-07 -2.54489e-19 -2.76404e-07   2.6032e-19   3.1214e-07 -2.11699e-19 -5.61972e-08  1.28403e-19 -8.27174e-08  -5.3987e-20  4.21299e-08  2.48653e-20  1.67448e-08 -4.07143e-20 -1.47036e-08  6.68383e-20 -3.74771e-09 -6.83787e-20  4.00299e-09  4.11543e-20  1.14981e-09 -8.33465e-21 -8.73254e-10 -8.09788e-21 -3.86961e-10  6.72103e-21  1.24837e-10 -3.18524e-23  1.06565e-10  -2.6561e-21   8.2862e-13  1.44738e-21 -1.94306e-11  1.42866e-23 -5.67706e-12 -3.09994e-22  1.41571e-12   1.0808e-22  1.30347e-12 -7.22778e-24  2.32445e-13  8.77721e-24 -8.93984e-14 -1.03184e-23 -5.84325e-14  4.45448e-24 -1.05941e-14 -1.40993e-24   2.1218e-15 -1.80242e-25  1.69664e-15  7.47634e-25   4.0946e-16 -3.57878e-25  1.32717e-17  3.24276e-26 -2.26584e-17  2.07865e-27 -8.05844e-18  5.43355e-27 -1.32336e-18  1.62768e-27 -2.68252e-20 -1.78965e-27    4.493e-20  -1.2057e-28  1.30337e-20  2.03219e-28  1.99223e-21  6.14747e-30  1.49832e-22 -8.85455e-30 -8.21949e-24 -1.29894e-30 -4.20067e-24 -5.49834e-31  -6.5652e-25  1.35336e-31 -6.22574e-26  4.28549e-32 -3.54562e-27  8.37778e-34 -5.85797e-29 -1.86584e-34  9.37782e-30  1.35579e-35  9.67873e-31 -3.95365e-37  4.62465e-32 -5.72014e-37  1.18596e-33 -3.85833e-38  1.33814e-35 -4.30898e-40
-3.28536e-28  -2.6612e-14  1.00655e-26  8.45678e-13 -1.24921e-25 -1.40537e-11  9.44432e-25  1.53404e-10 -4.86727e-24 -1.21308e-09   1.7674e-23  7.33184e-09 -4.34099e-23 -3.49875e-08  4.97254e-23  1.34542e-07  1.48863e-22 -4.22128e-07 -1.19893e-21   1.0874e-06   4.8889e-21 -2.30136e-06 -1.52979e-20  3.97966e-06  3.98868e-20 -5.54533e-06 -8.87876e-20  6.05202e-06  1.69853e-19 -4.86876e-06 -2.78984e-19  2.43786e-06  3.90731e-19 -1.58008e-07 -4.59792e-19 -7.96302e-07    4.421e-19  5.05467e-07  -3.2898e-19  4.68904e-08  1.67395e-19  -1.8475e-07 -3.81148e-20  3.35965e-08 -2.03743e-21  5.05638e-08 -3.53588e-20 -1.55083e-08  8.54308e-20 -1.34917e-08 -9.18764e-20  4.01269e-09  5.24756e-20  3.70111e-09 -6.06159e-21 -5.69949e-10 -1.48061e-20 -9.38504e-10  1.04366e-20 -5.16931e-11 -1.59146e-22  1.81632e-10 -3.49428e-21  5.50298e-11  1.79523e-21 -1.80072e-11 -2.97005e-24 -1.46243e-11 -2.82166e-22 -1.68014e-12  7.13338e-23  1.61027e-12 -1.27622e-23  7.68251e-13  2.63992e-23   6.0354e-14 -1.56454e-23 -6.79594e-14  3.95182e-24 -3.01783e-14 -1.42579e-24 -3.99561e-15 -3.32757e-26  1.25501e-15  8.39074e-25  7.46174e-16 -3.94405e-25  1.61906e-16  2.10199e-26  5.84429e-18  2.55037e-27 -7.23313e-18  7.24514e-27 -2.50328e-18  2.02029e-27 -4.21091e-19 -2.08381e-27   -2.363e-20 -1.26666e-28  7.32157e-21  2.30237e-28  2.45534e-21  2.81877e-30  3.96605e-22 -8.60346e-30  3.74618e-23 -1.64557e-30  1.11605e-24 -5.91525e-31 -2.67947e-25  1.14364e-31 -5.23482e-26  4.27661e-32  -5.1457e-27  2.46584e-33 -3.17981e-28  8.96282e-36 -1.16156e-29  1.21896e-35 -1.35267e-31 -7.89377e-37  7.83461e-33 -3.40929e-37  3.53321e-34 -1.53399e-38  3.82107e-36
 4.76695e-15 -4.27278e-27  -2.7207e-13  7.56344e-26  6.06439e-12  -7.2314e-25  -8.1553e-11  4.55912e-24  7.63276e-10  -2.0309e-23  -5.3385e-09   6.5084e-23  2.90843e-08 -1.43202e-22 -1.26657e-07  1.48863e-22  4.48112e-07  4.09548e-22 -1.30022e-06  -3.0676e-21  3.10573e-06  1.17472e-20 -6.09629e-06 -3.47484e-20   9.7512e-06  8.59822e-20 -1.24781e-05 -1.82082e-19  1.23083e-05  3.31998e-19 -8.59847e-06 -5.20479e-19  3.17934e-06  6.95901e-19  8.09417e-07 -7.79582e-19 -1.70205e-06  7.06569e-19  6.05705e-07 -4.80772e-19  3.33299e-07  1.97227e-19 -3.08391e-07  7.82781e-21 -3.33142e-08 -5.46923e-20  9.95242e-08 -2.05413e-20  8.36128e-10  1.06963e-19  -2.7834e-08 -1.20622e-19 -1.03255e-09  6.53665e-20  6.97549e-09 -2.23061e-21  1.11603e-09  -2.3202e-20 -1.40724e-09  1.46178e-20  -5.2161e-10 -1.36106e-22  1.65344e-10 -4.36417e-21  1.42187e-10  2.04803e-21  1.03966e-11 -2.22067e-24  -2.0628e-11 -2.08798e-22 -8.15091e-12  1.35875e-23  2.90911e-13 -2.50527e-23  1.18632e-12  4.89799e-23   3.7485e-13 -1.98374e-23 -2.45785e-15  2.53819e-24 -3.94442e-14 -1.60208e-24 -1.35942e-14  2.47667e-25 -1.38082e-15  9.08916e-25  5.63441e-16 -4.17672e-25  2.82378e-16  7.64706e-27  5.76087e-17  2.32919e-27  2.97197e-18  8.57159e-27 -1.80907e-18  2.25969e-27 -6.42277e-19 -2.25363e-27 -1.11548e-19 -8.32025e-29 -9.33072e-21  2.41437e-28  5.95703e-22 -1.78496e-30  3.30312e-22 -8.22634e-30  5.70693e-23 -1.90146e-30  5.93804e-24 -6.20406e-31  3.53416e-25  8.93824e-32   1.1804e-27  4.05675e-32 -2.08254e-27  3.53401e-33 -2.26463e-28   1.4967e-34 -1.32558e-29   1.1435e-35 -4.61082e-31 -6.12304e-37 -8.49941e-33 -1.59926e-37 -5.10445e-35  -4.0449e-39
 1.23737e-27  6.59845e-14 -3.76953e-26 -2.15962e-12  4.71765e-25  3.70062e-11  -3.6549e-24 -4.17041e-10  1.96444e-23  3.40953e-09  -7.6553e-23 -2.13377e-08  2.18148e-22  1.05617e-07 -4.32262e-22 -4.22128e-07  4.09548e-22  1.37982e-06  1.03961e-21 -3.71378e-06 -7.26876e-21  8.24244e-06  2.62186e-20  -1.5021e-05 -7.34565e-20  2.22155e-05  1.72677e-19 -2.60349e-05 -3.48132e-19  2.30168e-05   6.0563e-19 -1.35646e-05 -9.07804e-19  2.87684e-06  1.16171e-18  3.07887e-06 -1.24294e-18  -2.9325e-06  1.06543e-18  3.38894e-07 -6.62898e-19   8.7744e-07  2.05983e-19 -3.70142e-07  9.42747e-20 -2.00508e-07 -1.37865e-19  1.39839e-07  4.39182e-21  4.87606e-08  1.31736e-19 -3.92247e-08  -1.5446e-19 -1.47294e-08  7.94845e-20  8.46231e-09  3.15682e-21  4.68983e-09 -3.29158e-20 -1.07712e-09  1.88908e-20 -1.22723e-09  1.53284e-22 -8.06965e-11 -5.20431e-21  2.09317e-10  2.15442e-21   7.4843e-11  1.34657e-23 -1.13017e-11 -8.06362e-23  -1.5073e-11 -6.30349e-23 -3.45175e-12 -4.56641e-23  7.79067e-13   7.4626e-23  6.85762e-13 -2.17185e-23  1.56251e-13  2.45533e-25 -1.33596e-14 -2.01278e-24 -1.88324e-14  6.45335e-25 -5.43359e-15  9.47859e-25  -4.6807e-16 -4.24355e-25  1.99736e-16 -3.47267e-27  9.13417e-17   1.2412e-27  1.81309e-17  8.93116e-27  1.31525e-18  2.19691e-27  -3.2768e-19  -2.2518e-27 -1.30949e-19  1.88068e-29 -2.35668e-20  2.38217e-28 -2.40154e-21 -7.55088e-30 -5.61657e-23 -7.93457e-30  2.71016e-23 -2.06045e-30   5.5017e-24 -6.26692e-31  5.97119e-25  6.46335e-32  4.09003e-26  3.63742e-32  1.55166e-27  3.91621e-33  -2.5458e-30  2.17001e-34 -3.88284e-30  1.02884e-35 -2.12837e-31 -2.89108e-37 -5.11779e-33 -5.57831e-38 -4.04858e-35
-1.04454e-14  1.47883e-26  6.14497e-13 -2.60918e-25 -1.41341e-11  2.52553e-24  1.96378e-10 -1.63731e-23 -1.90142e-09  7.62275e-23  1.37784e-08 -2.62299e-22 -7.78991e-08  6.68747e-22  3.52704e-07 -1.19893e-21 -1.30022e-06  1.03961e-21  3.94117e-06  2.44493e-21 -9.86617e-06 -1.60172e-20  2.03813e-05  5.45655e-20  -3.4506e-05 -1.44976e-19  4.71417e-05  3.23822e-19  -5.0394e-05 -6.21514e-19  3.94456e-05  1.03221e-18  -1.8632e-05  -1.4819e-18 -6.89538e-08   1.8203e-18   7.1868e-06 -1.86698e-18 -4.06159e-06  1.51951e-18 -7.07007e-07   -8.654e-19  1.64629e-06  1.82577e-19 -2.06502e-07  2.26581e-19  -4.8233e-07 -2.51527e-19  1.17363e-07  3.83029e-20  1.33977e-07  1.59553e-19  -3.0976e-08 -1.92402e-19 -3.71788e-08  9.42177e-20  3.60739e-09  9.99488e-21  9.34309e-09 -4.34456e-20   9.7475e-10  2.28494e-20 -1.74962e-09  8.01149e-22 -6.34403e-10 -5.94462e-21  1.48693e-10   2.0749e-21  1.54217e-10   3.7634e-23   2.4664e-11  1.04732e-22  -1.4949e-11 -1.52984e-22 -8.49434e-12 -7.49051e-23 -1.05033e-12  1.00606e-22    6.213e-13 -2.04259e-23  3.32064e-13 -2.72736e-24  5.73223e-14  -2.6579e-24 -8.95633e-15  1.11186e-24 -7.60529e-15   9.4327e-25 -1.94123e-15 -4.12492e-25 -1.62792e-16   -7.898e-27  5.54423e-17 -4.57454e-28  2.48186e-17  7.96238e-27  4.90402e-18  1.69065e-27  4.55582e-19 -2.06169e-27 -3.32527e-20  1.77663e-28  -1.9995e-20  2.25078e-28 -3.78188e-21  -1.3962e-29 -4.24779e-22 -7.86059e-30 -2.52533e-23 -2.12597e-30  5.78982e-25  -6.0295e-31  3.05776e-25    4.341e-32  3.53506e-26  3.06411e-32   2.3977e-27   3.6707e-33  1.00719e-28  2.17609e-34  2.26239e-30  8.26075e-36  7.63966e-33 -6.60582e-38 -6.04455e-34 -1.24177e-38
-3.99794e-27 -1.31615e-13  1.20228e-25  4.44947e-12 -1.50481e-24 -7.88462e-11  1.18531e-23  9.20048e-10 -6.57377e-23 -7.79929e-09   2.6828e-22  5.06884e-08 -8.21208e-22 -2.61008e-07  1.88301e-21   1.0874e-06  -3.0676e-21 -3.71378e-06  2.44493e-21  1.04737e-05   5.3512e-21 -2.44448e-05 -3.29781e-20  4.70693e-05  1.06348e-19 -7.40514e-05 -2.68024e-19  9.33022e-05  5.68258e-19 -9.04632e-05 -1.03721e-18  6.15432e-05  1.64465e-18 -2.09349e-05  -2.2656e-18  -7.8798e-06  2.68037e-18  1.31739e-05 -2.64666e-18 -4.10794e-06  2.05462e-18  -2.9468e-06 -1.07372e-18  2.37468e-06  1.20848e-19  3.96826e-07  4.01321e-19 -8.13485e-07 -3.89494e-19  -4.4764e-08   7.8599e-20  2.35655e-07  1.89298e-19  1.90547e-08 -2.32674e-19 -5.99899e-08  1.08815e-19 -1.22823e-08  1.80885e-20  1.20052e-08 -5.42458e-20  5.15664e-09   2.6124e-20 -1.28659e-09  1.85188e-21 -1.34522e-09 -6.51304e-21 -1.50064e-10  1.78789e-21  1.83273e-10  6.33175e-23  8.28584e-11  3.40666e-22   9.1434e-13 -2.48071e-22 -1.08884e-11 -1.11518e-22 -3.94035e-12   1.2391e-22 -1.62238e-13 -1.56819e-23  3.49806e-13 -6.05307e-24  1.39159e-13 -3.44797e-24  1.91977e-14  1.57982e-24 -3.93427e-15  8.81983e-25 -2.61727e-15 -3.82409e-25 -6.17408e-16 -2.48234e-27 -5.62576e-17 -2.07357e-27  1.14146e-17  5.55112e-27  5.50097e-18  6.61516e-28  1.09865e-18 -1.70399e-27  1.19659e-19  3.79645e-28  1.61761e-21   2.0773e-28 -2.04455e-21 -2.01491e-29 -4.32249e-22 -7.99754e-30 -5.08236e-23 -2.10137e-30  -3.7158e-24 -5.47328e-31    -1.28e-25  2.74018e-32  5.43444e-27  2.40987e-32   1.0192e-27  2.99886e-33  6.53223e-29  1.75127e-34  2.27912e-30  5.64001e-36  4.03655e-32  1.48436e-38  2.25837e-34
  1.8347e-14 -4.40986e-26 -1.11629e-12  7.69018e-25  2.65847e-11 -7.47548e-24 -3.82896e-10  4.94958e-23  3.84827e-09 -2.38581e-22 -2.89876e-08  8.61381e-22  1.70639e-07 -2.35977e-21 -8.05919e-07   4.8889e-21  3.10573e-06 -7.26876e-21 -9.86617e-06   5.3512e-21  2.59664e-05  1.09581e-20 -5.66218e-05 -6.37998e-20  0.000101744  1.95084e-19 -0.000148721 -4.65854e-19  0.000172388  9.35003e-19 -0.000150377   -1.619e-18  8.63031e-05  2.44966e-18 -1.53735e-05  -3.2448e-18 -2.27909e-05  3.71279e-18  1.99297e-05 -3.54713e-18 -1.52152e-06  2.63983e-18 -6.49452e-06 -1.27112e-18  2.47437e-06  2.32997e-20  1.59724e-06  6.04175e-19 -1.00188e-06 -5.39737e-19 -4.08681e-07  1.22218e-19  2.91196e-07  2.18765e-19  1.25057e-07 -2.73084e-19 -6.34732e-08  1.22603e-19 -3.96734e-08  2.71667e-20  7.57168e-09  -6.4792e-20  1.03163e-08  2.84321e-20  9.84064e-10  3.28702e-21 -1.71968e-09 -6.84459e-21 -6.85016e-10  1.29397e-21  7.29522e-11  8.59047e-23  1.30457e-10  6.11274e-22  3.40096e-11 -3.38924e-22 -5.35033e-12 -1.52774e-22 -6.01676e-12  1.41907e-22  -1.5598e-12 -7.91334e-24   4.6194e-14 -9.34708e-24  1.57749e-13 -4.22206e-24  5.13849e-14  1.98022e-24  6.11175e-15  7.55968e-25 -1.28525e-15 -3.37345e-25 -7.62752e-16  1.33522e-26 -1.71995e-16 -2.70118e-27 -1.77398e-17  1.89088e-27  1.45694e-18 -8.61256e-28  9.50114e-19 -1.23123e-27    1.951e-19  6.00697e-28  2.32967e-20  1.91023e-28  1.30154e-21 -2.51023e-29 -9.67922e-23 -8.19863e-30 -3.16217e-23 -1.98721e-30 -3.87646e-24  -4.6496e-31 -2.92406e-25  1.66929e-32 -1.36265e-26  1.75826e-32 -2.87469e-28  2.15722e-33  6.36866e-30  1.17422e-34  5.72972e-31   3.1415e-36  1.21652e-32  1.64576e-38
 1.12381e-26  2.09926e-13 -3.31373e-25 -7.35984e-12  4.10987e-24  1.35404e-10 -3.26686e-23 -1.64243e-09  1.85889e-22  1.44924e-08  -7.8802e-22 -9.81878e-08  2.53539e-21  5.27961e-07 -6.24815e-21 -2.30136e-06  1.17472e-20  8.24244e-06 -1.60172e-20 -2.44448e-05  1.09581e-20  6.02042e-05  2.11331e-20 -0.000122887 -1.16781e-19  0.000206246  3.38844e-19  -0.00027993 -7.64383e-19  0.000297449   1.4451e-18 -0.000230723 -2.36339e-18  0.000105948   3.4079e-18  5.13702e-06 -4.35241e-18 -4.57683e-05  4.84258e-18  2.45725e-05 -4.50219e-18  5.45428e-06   3.2291e-18 -1.07417e-05 -1.44137e-18  1.08453e-06 -9.69651e-20  3.31258e-06  8.10521e-19 -7.31456e-07 -6.86621e-19  -9.5508e-07   1.6695e-19  2.00093e-07  2.44931e-19  2.72054e-07 -3.11615e-19  -2.1047e-08  1.35161e-19 -6.96007e-08  3.68923e-20 -8.66261e-09 -7.45997e-20  1.30987e-08  2.96027e-20   5.1323e-09  5.02068e-21 -1.03869e-09 -6.89257e-21 -1.22544e-09  6.17846e-22 -2.23283e-10  1.05012e-22  1.11765e-10  8.93541e-22  7.00829e-11 -4.16712e-22  1.03759e-11 -1.94967e-22 -4.54879e-12  1.52888e-22 -2.74879e-12  1.82773e-24  -5.4287e-13 -1.22533e-23  4.81367e-14 -4.79531e-24  5.93466e-14  2.26143e-24  1.68352e-14  5.68877e-25  1.89172e-15 -2.83372e-25 -3.12016e-16  3.70894e-26 -1.84759e-16  -1.5994e-27 -4.08363e-17 -2.54994e-27 -4.71352e-18 -2.72332e-27  2.83379e-21 -7.12841e-28  1.18144e-19  8.10959e-28  2.59953e-20  1.77528e-28  3.25408e-21 -2.79599e-29  2.43759e-22 -8.23997e-30   5.5513e-24 -1.78643e-30  -1.1256e-24 -3.66849e-31 -1.66353e-25  1.02623e-32  -1.2065e-26  1.18205e-32 -5.27149e-28  1.36662e-33 -1.30977e-29   6.5783e-35 -1.35884e-31  1.34493e-36  1.11734e-34
 -2.5531e-14  1.14849e-25  1.61442e-12 -1.96213e-24 -3.99993e-11  1.89711e-23  6.00027e-10 -1.27433e-22 -6.28867e-09  6.33119e-22  4.94655e-08 -2.38184e-21 -3.04532e-07   6.8696e-21  1.50686e-06 -1.52979e-20 -6.09629e-06  2.62186e-20  2.03813e-05 -3.29781e-20 -5.66218e-05  2.11331e-20  0.000130832  3.86983e-20   -0.0002504 -2.03959e-19  0.000392763   5.6126e-19 -0.000494409 -1.18959e-18  0.000479175  2.10134e-18 -0.000324729 -3.22278e-18  0.000106778  4.41893e-18  4.80952e-05 -5.46346e-18 -7.47068e-05  5.95353e-18  2.22988e-05   -5.421e-18   1.7933e-05  3.76549e-18 -1.40029e-05 -1.57062e-18 -2.63766e-06 -2.16994e-19  5.03055e-06  9.89083e-19  3.38864e-07 -8.14692e-19 -1.51321e-06  2.12543e-19 -1.37848e-07  2.64698e-19  3.97686e-07 -3.46949e-19  8.60673e-08  1.46344e-19 -8.15818e-08  4.68567e-20 -3.65289e-08  -8.3196e-20  8.71437e-09  2.95839e-20  9.67019e-09  6.90681e-21  1.19523e-09 -6.64122e-21 -1.31275e-09 -1.93064e-22 -6.25423e-10  1.24729e-22 -1.78811e-11  1.16143e-21   7.9633e-11 -4.74676e-22  3.07383e-11 -2.34157e-22  1.95782e-12  1.56367e-22 -2.49311e-12  1.21168e-23 -1.07885e-12 -1.45219e-23 -1.71545e-13 -5.01998e-24   2.1798e-14  2.40325e-24   1.8841e-14  3.40443e-25  4.87272e-15 -2.28398e-25  5.58356e-16  6.35849e-26 -5.08577e-17  1.44416e-27 -3.59931e-17 -7.14327e-27 -7.96606e-18 -4.67016e-27 -9.96011e-19 -2.17303e-28 -4.73109e-20  9.80987e-28  8.73083e-21  1.67236e-28  2.39964e-21 -2.82597e-29  3.09474e-22  -7.9192e-30  2.50304e-23 -1.51247e-30  1.18219e-24 -2.66672e-31  1.00477e-26  6.66993e-33 -2.87182e-27  7.26646e-33 -2.14153e-28  7.56948e-34 -7.15468e-30  3.01899e-35 -1.04033e-31  3.84192e-37
-2.78015e-26  -2.6318e-13  7.99697e-25  9.62653e-12 -9.72332e-24 -1.84954e-10  7.72452e-23  2.34538e-09 -4.48446e-22 -2.16612e-08  1.96831e-21  1.53815e-07 -6.61827e-21 -8.68186e-07  1.71952e-20  3.97966e-06 -3.47484e-20  -1.5021e-05  5.45655e-20  4.70693e-05 -6.37998e-20 -0.000122887  3.86983e-20  0.000267034  6.79577e-20 -0.000479941 -3.43239e-19  0.000703773  8.93825e-19 -0.000820121 -1.76527e-18  0.000719849  2.87828e-18 -0.000414433 -4.09357e-18  6.98613e-05  5.31991e-18   0.00011827 -6.40934e-18 -0.000102722  6.90848e-18  7.19438e-06 -6.20223e-18  3.51745e-05  4.18701e-18   -1.352e-05 -1.64826e-18 -8.98046e-06 -3.07281e-19  5.73946e-06  1.10803e-18  2.37003e-06 -9.12945e-19 -1.73827e-06  2.60996e-19  -7.5007e-07  2.75897e-19  3.94453e-07 -3.78625e-19  2.47188e-07    1.561e-19 -4.91793e-08  5.65437e-20 -6.66657e-08  -9.0077e-20 -6.36439e-09  2.84463e-20   1.1437e-08  8.76042e-21  4.63018e-09 -6.11655e-21 -4.75197e-10 -1.07443e-21 -8.94757e-10  1.52076e-22 -2.41959e-10  1.39097e-21  3.38667e-11 -5.09127e-22  4.19103e-11 -2.66912e-22  1.14552e-11   1.5307e-22 -7.50664e-14  2.14996e-23 -1.06745e-12 -1.60609e-23 -3.71004e-13 -4.83873e-24 -5.08293e-14  2.42159e-24  6.70245e-15  1.06009e-25  5.02034e-15 -1.80436e-25  1.22593e-15  8.64023e-26  1.48787e-16  5.94022e-27  -2.9697e-18 -1.12574e-26 -5.33644e-18 -6.40767e-27 -1.21892e-18  2.02059e-28 -1.59641e-19  1.08793e-27  -1.1616e-20  1.58295e-28  4.88547e-23 -2.60656e-29  1.31484e-22 -7.14391e-30  1.83328e-23 -1.19333e-30  1.46055e-24 -1.76891e-31  7.30674e-26  4.62486e-33  2.05252e-27  4.04612e-33  1.35125e-29  3.60887e-34 -8.39413e-31  1.07812e-35 -1.46091e-32
