 1.43676e-24  1.49935e-40 -7.82694e-23 -1.36253e-38  1.65989e-21    3.735e-37 -2.11685e-20 -5.81398e-36  1.87251e-19  6.16699e-35 -1.23352e-18 -4.85907e-34  6.30666e-18  2.99101e-33 -2.56767e-17 -1.48785e-32    8.459e-17  6.13449e-32 -2.27555e-16 -2.14106e-31  5.01508e-16  6.44926e-31 -9.03229e-16 -1.70901e-30  1.31647e-15  4.06265e-30  -1.5206e-15 -8.82649e-30   1.3331e-15  1.77806e-29 -7.99412e-16 -3.34113e-29  2.13557e-16   5.8286e-29  1.17563e-16 -9.30501e-29 -1.36896e-16  1.33082e-28  2.74481e-17 -1.65811e-28  3.07909e-17  1.72426e-28 -1.65965e-17 -1.36364e-28  -5.0676e-18  5.55156e-29  5.06681e-18  5.05118e-29  8.98689e-19  -1.4611e-28 -1.23573e-18  1.97603e-28 -2.42746e-19 -1.92036e-28  2.51132e-19  1.43091e-28   7.8527e-20 -7.99349e-29 -3.75362e-20  2.85147e-29 -2.12052e-20  3.49725e-31  2.19443e-21 -9.94952e-30  3.97566e-21  9.23379e-30  6.49142e-22 -5.63546e-30 -3.99621e-22  2.75751e-30 -1.98496e-22 -1.30267e-30 -7.74673e-24  7.39515e-31  2.06251e-23 -4.76144e-31  7.11444e-24  2.76363e-31  1.70968e-25 -1.37312e-31 -5.87225e-25  6.92391e-32 -1.96153e-25 -4.00803e-32 -1.65814e-26  2.19956e-32  8.18909e-27 -9.59771e-33  3.44639e-27  3.42288e-33  5.58484e-28 -1.12188e-33  -8.3211e-30  2.80991e-34  -2.5961e-29  5.76408e-36 -6.45561e-30 -4.52454e-35 -7.65552e-31  2.31271e-35  -1.0472e-33 -7.80571e-36  1.77553e-32  2.20397e-36   3.6547e-33 -4.94226e-37  4.01514e-34  7.37642e-38  2.08818e-35 -5.90014e-39 -9.62593e-37  1.13333e-40 -3.00294e-37  3.67479e-41 -3.00266e-38  -8.8541e-42 -1.71318e-39  4.66417e-44  -5.1033e-41  2.41315e-43 -4.35825e-43 -2.35952e-44  3.14296e-44  1.06504e-46   8.2409e-46  5.58443e-48
 1.49935e-40  1.12395e-22  7.85201e-39    -3.48e-21 -5.03644e-37  5.62174e-20  1.11799e-35 -5.95142e-19 -1.48679e-34  4.55388e-18  1.38492e-33 -2.65714e-17 -9.73546e-33  1.22133e-16  5.39702e-32 -4.51352e-16 -2.43045e-31   1.3579e-15  9.09063e-31 -3.34673e-15 -2.87677e-30  6.76216e-15  7.83689e-30 -1.11402e-14  -1.8718e-29  1.47577e-14  4.00285e-29 -1.52803e-14 -7.84858e-29  1.16367e-14  1.44364e-28 -5.49775e-15 -2.52652e-28  3.18276e-16   4.1999e-28  1.61809e-15 -6.51772e-28 -9.64047e-16  9.19934e-28 -8.58143e-17 -1.14645e-27  3.14158e-16  1.21728e-27 -5.47848e-17 -1.03769e-27 -7.57819e-17  6.03127e-28   2.2746e-17  -3.2278e-29  1.76552e-17 -4.76521e-28 -5.39197e-18  7.49388e-28 -4.24187e-18 -7.33074e-28  7.76413e-19  5.12905e-28  9.61038e-19 -2.41273e-28  4.54807e-21  3.81951e-29 -1.73607e-19  5.90789e-29 -3.80487e-20 -7.70427e-29  1.88704e-20   5.8927e-29  1.05431e-20 -3.48662e-29  2.07446e-22  1.75244e-29 -1.32072e-21 -8.46628e-30 -4.13785e-22  4.63885e-30  2.35341e-23  -2.8211e-30  5.01026e-23  1.57371e-30  1.32987e-23 -7.58185e-31 -2.24055e-25  3.73249e-31 -1.12302e-24 -2.14046e-31 -3.28464e-25  1.16241e-31 -2.65275e-26 -4.94891e-32  1.12124e-26  1.70136e-32  4.59501e-27 -5.39531e-33  7.65325e-28  1.32333e-33  2.00797e-29  1.82109e-35 -2.16491e-29 -1.93034e-34 -5.85464e-30   9.4906e-35 -7.78777e-31  -3.0456e-35 -3.87829e-32  8.07283e-36  6.42406e-33 -1.69239e-36   1.7401e-33  2.35302e-37  2.09273e-34 -1.59001e-38  1.44873e-35 -3.77575e-40   3.8318e-37  2.10853e-40 -3.31189e-38 -2.92082e-41 -4.37419e-39  1.05031e-43  -2.3454e-40  4.87819e-43 -7.15055e-42 -4.34632e-44 -1.02478e-43  1.31035e-46 -3.75685e-46
-7.82694e-23  7.85201e-39  4.32956e-21  2.38311e-37 -9.32989e-20 -1.17965e-35  1.20992e-18  2.19204e-34 -1.08924e-17 -2.53403e-33  7.30923e-17  2.09518e-32 -3.81064e-16 -1.32382e-31  1.58387e-15  6.64601e-31 -5.33429e-15 -2.72107e-30  1.46937e-14  9.26171e-30 -3.32272e-14 -2.66165e-29  6.15649e-14  6.55096e-29 -9.26538e-14 -1.40248e-28  1.11132e-13  2.66486e-28 -1.02211e-13 -4.62207e-28  6.59225e-14  7.58128e-28 -2.16198e-14 -1.21345e-27 -6.70403e-15  1.91115e-27  1.11611e-14 -2.89848e-27 -3.34821e-15  4.07796e-27 -2.09716e-15 -5.13085e-27  1.61431e-15  5.58752e-27  2.30064e-16  -5.0693e-27 -4.69444e-16  3.56527e-27 -1.76728e-17 -1.53079e-27  1.15863e-16 -3.05537e-28  6.32931e-18  1.33378e-27 -2.53766e-17 -1.39719e-27 -3.99016e-18  8.24229e-28  4.51614e-18 -1.37853e-28   1.5311e-18 -3.01895e-28 -4.99117e-19   4.3332e-28 -3.68445e-19 -3.75737e-28 -1.16606e-20  2.58586e-28  5.11511e-20 -1.51436e-28  1.57676e-20  7.75948e-29 -1.97409e-21 -3.73889e-29 -2.45339e-21  1.95704e-29 -5.31948e-22 -1.13681e-29  8.21991e-23  6.17346e-30  7.45802e-23 -2.89139e-30  1.63005e-23  1.37929e-30  -6.5293e-25 -7.81328e-31 -1.32409e-24  4.21126e-31 -3.56573e-25 -1.75369e-31 -3.09887e-26  5.82165e-32  8.74408e-27 -1.79267e-32   3.7399e-27  4.34219e-33  6.50326e-28  3.51692e-36  3.95907e-29 -5.54607e-34 -9.00668e-30  2.64827e-34 -2.94876e-30 -8.10262e-35 -4.28075e-31   2.0074e-35 -3.26151e-32 -3.92972e-36  9.73108e-35  5.16513e-37  3.62629e-34 -3.00289e-38  4.93243e-35 -2.21948e-39  3.69578e-36  6.36398e-40  1.57542e-37 -6.15045e-41  2.16246e-39 -2.28486e-43 -1.40465e-40  5.99458e-43 -8.54377e-42 -4.86143e-44  -1.5939e-43  9.55609e-47
-1.36253e-38    -3.48e-21  2.38311e-37  1.09485e-19   5.1204e-36 -1.79848e-18 -2.05798e-34   1.9376e-17    3.276e-33 -1.51014e-16  -3.3357e-32  8.98396e-16  2.46928e-31 -4.21491e-15 -1.41104e-30  1.59195e-14  6.44576e-30 -4.90222e-14 -2.40851e-29  1.23895e-13  7.48182e-29 -2.57296e-13 -1.95575e-28  4.37018e-13  4.34454e-28 -5.99538e-13 -8.28267e-28   6.4757e-13   1.3743e-27 -5.21992e-13 -2.03743e-27   2.7287e-13  2.83502e-27 -3.95938e-14 -3.96795e-27 -6.55242e-14  5.84567e-27  4.94694e-14 -8.83592e-27 -1.69596e-15  1.27933e-26 -1.43462e-14 -1.67479e-26   4.3739e-15  1.91675e-26  3.13701e-15 -1.87733e-26 -1.56209e-15   1.5375e-26 -6.94045e-16 -1.01324e-26  3.86954e-16  5.02222e-27  1.74434e-16  -1.7625e-27 -7.08702e-17   8.4587e-28  -4.4699e-17 -1.42524e-27   7.1004e-18   2.1815e-27  9.60526e-18 -2.34802e-27  7.72622e-19  1.96569e-27 -1.39892e-18 -1.40618e-27 -4.71909e-19  9.10046e-28  7.43946e-20 -5.33102e-28  8.42405e-20  2.75576e-28  1.54475e-20 -1.29837e-28 -5.03914e-21   6.4363e-29 -3.18727e-21 -3.60233e-29 -4.99224e-22  1.92533e-29  1.28264e-22 -8.76899e-30  8.03976e-23  4.01856e-30  1.53636e-23 -2.24728e-30 -6.58439e-25  1.20782e-30 -1.10784e-24 -4.92934e-31 -2.85979e-25  1.58128e-31 -2.83147e-26 -4.74708e-32  4.11598e-27  1.14531e-32  2.07293e-27 -1.94479e-34  3.79727e-28 -1.23583e-33  3.28497e-29  5.80191e-34 -1.36728e-30 -1.69648e-34 -8.79855e-31  3.90141e-35 -1.40256e-31  -7.1353e-36 -1.25589e-32  9.08603e-37 -5.26639e-34 -4.77443e-38  2.23033e-35 -5.81665e-39  5.26878e-36  1.34825e-39   4.0337e-37 -9.61937e-41  1.70743e-38 -1.43521e-42  3.85406e-40   4.7777e-43  2.42408e-42 -3.60951e-44 -2.61173e-44
 1.65989e-21 -5.03644e-37 -9.32989e-20   5.1204e-36   2.0444e-18  8.51057e-35 -2.69801e-17 -2.86967e-33  2.47387e-16  3.98004e-32  -1.6924e-15 -3.60662e-31  9.00465e-15  2.40722e-30  -3.8243e-14 -1.25053e-29  1.31789e-13  5.21906e-29 -3.72077e-13  -1.7856e-28  8.64149e-13  5.07509e-28 -1.64883e-12 -1.20827e-27  2.56476e-12  2.41893e-27 -3.19716e-12 -4.07107e-27  3.08585e-12  5.74023e-27 -2.13556e-12 -6.77533e-27  8.27863e-13  6.87927e-27  1.14155e-13 -6.86906e-27 -3.50037e-13  8.83167e-27  1.43327e-13 -1.50307e-26   4.9844e-14  2.60195e-26 -5.89516e-14 -3.95103e-26 -1.08513e-16  5.11681e-26  1.62326e-14 -5.68211e-26 -1.64808e-15  5.45572e-26 -4.00214e-15  -4.5686e-26  3.65689e-16  3.41932e-26  9.30738e-16 -2.45366e-26  9.86062e-18  1.88288e-26 -1.89238e-16 -1.59041e-26 -3.31926e-17  1.33527e-26  2.80908e-17 -1.01268e-26  1.18586e-17  6.86297e-27 -1.66678e-18 -4.37756e-27 -2.21968e-18  2.73442e-27 -3.75856e-19 -1.60908e-27  1.82177e-19  8.30027e-28  9.97085e-20 -3.76357e-28  9.97751e-21  1.75254e-28 -7.18098e-21 -9.52698e-29 -3.18172e-21  5.06181e-29 -3.75482e-22 -2.23704e-29  1.32139e-22  9.74394e-30  6.71132e-23 -5.39112e-30  1.18607e-23  2.90876e-30 -3.11968e-25 -1.16472e-30 -6.86573e-25  3.60907e-31 -1.75724e-25 -1.06148e-31 -1.98771e-26  2.57296e-32  8.98796e-28 -9.73906e-34   7.8842e-28 -2.25804e-33  1.54539e-28  1.05882e-33  1.60258e-29 -2.96138e-34  4.62091e-31  6.25436e-35 -1.39024e-31 -1.07348e-35 -2.69277e-32  1.37351e-36 -2.59079e-33 -7.01984e-38 -1.44946e-34 -1.06449e-38 -3.21496e-36  2.21727e-39  1.62697e-37 -1.18249e-40  1.61482e-38 -3.39099e-42    5.597e-40  2.06164e-43  7.71779e-42 -1.65136e-44
   3.735e-37  5.62174e-20 -1.17965e-35 -1.79848e-18  8.51057e-35  3.00642e-17  1.15076e-33 -3.29884e-16 -3.33029e-32  2.62097e-15  4.07654e-31 -1.59112e-14 -3.31496e-30  7.62627e-14  2.00657e-29 -2.94654e-13 -9.51785e-29   9.2962e-13  3.64156e-28  -2.4116e-12 -1.14388e-27  5.15276e-12  2.98067e-27 -9.03244e-12 -6.46777e-27  1.28451e-11  1.16387e-26 -1.44834e-11 -1.70693e-26   1.2353e-11  1.94656e-26 -7.09316e-12 -1.48792e-26  1.59532e-12  1.85397e-27    1.322e-12   1.5308e-26 -1.30421e-12 -2.65063e-26  1.94919e-13  2.06999e-26  3.29042e-13  7.20932e-27 -1.53374e-13 -5.28795e-26 -6.08816e-14  1.04588e-25  5.04439e-14 -1.48022e-25  1.17564e-14  1.71082e-25 -1.28035e-14 -1.68871e-25 -3.10125e-15  1.47004e-25  2.65659e-15 -1.18072e-25  9.52835e-16  9.20291e-26 -3.96573e-16 -7.05234e-26 -2.51478e-16   5.1027e-26  1.96609e-17 -3.33883e-26  4.68403e-17  1.99981e-26  8.55623e-18 -1.18249e-26 -4.62791e-18  7.24943e-27 -2.47378e-18 -4.28611e-27 -1.32602e-19  2.18372e-27  2.51948e-19  -9.4043e-28  9.18523e-20  4.07867e-28  3.42697e-21 -2.17256e-28 -7.31557e-21  1.15869e-28 -2.57052e-21 -4.94272e-29  -2.4588e-22  2.01789e-29  9.92845e-23 -1.11146e-29  4.46811e-23  6.07523e-30  7.65772e-24 -2.38576e-30  2.29612e-26  7.12832e-31 -3.15683e-25 -2.06795e-31 -8.28406e-26  5.07948e-32 -1.04652e-26 -3.03939e-33 -2.00629e-28 -3.48165e-33  1.94137e-28  1.66398e-33  4.28715e-29 -4.43952e-34  4.91534e-30  8.46713e-35  2.90953e-31 -1.38212e-35 -4.18618e-33  1.86386e-36 -2.69041e-33 -9.86212e-38 -2.79161e-34 -1.53358e-38 -1.59383e-35  2.95898e-39 -5.11054e-37 -1.16771e-40 -6.05299e-39 -5.07805e-42  1.15878e-40 -2.22579e-44  2.47225e-42
-2.11685e-20  1.11799e-35  1.20992e-18 -2.05798e-34 -2.69801e-17  1.15076e-33  3.62635e-16  1.30762e-32 -3.38949e-15 -3.30263e-31  2.36601e-14  3.60434e-30 -1.28592e-13 -2.64813e-29   5.5856e-13  1.46082e-28 -1.97148e-12 -6.35035e-28  5.71063e-12  2.23383e-27 -1.36359e-11 -6.45663e-27  2.68214e-11  1.54462e-26  -4.3166e-11 -3.05433e-26  5.59755e-11  4.91758e-26 -5.67208e-11  -6.1527e-26  4.20405e-11  5.08042e-26  -1.8791e-11 -8.60171e-28 -6.17525e-14 -9.01817e-26  6.48745e-12  1.99511e-25 -3.49146e-12 -2.83822e-25 -5.39604e-13  2.99353e-25  1.25367e-12 -2.23907e-25 -1.68252e-13  6.53839e-26 -3.21377e-13  1.42836e-25  8.35882e-14 -3.49447e-25  7.76408e-14  4.97283e-25 -2.09021e-14   -5.484e-25 -1.89903e-14  5.08224e-25  2.99792e-15 -4.18459e-25  4.35501e-15  3.20734e-25  9.41279e-17 -2.32157e-25 -7.96859e-16   1.5461e-25 -1.87347e-16  -9.2182e-26  8.71905e-17  5.06452e-26   5.1307e-17 -2.84297e-26  1.41876e-18  1.72971e-26 -6.47389e-18 -1.02482e-26 -2.09582e-18   5.1095e-27  1.05209e-19 -2.06591e-27  2.53931e-19  8.26485e-28  6.92391e-20 -4.36218e-28 -7.09472e-22  2.35792e-28 -5.77225e-21 -9.61779e-29 -1.73169e-21  3.60909e-29 -1.50341e-22 -2.00473e-29  5.60319e-23  1.12346e-29  2.39129e-23 -4.31371e-30  4.11024e-24  1.23846e-30  1.47465e-25 -3.58026e-31 -1.03993e-25  8.98765e-32 -2.93931e-26 -7.27098e-33 -4.03775e-27 -4.61108e-33 -2.32763e-28  2.30319e-33  2.47281e-29 -5.80326e-34  7.63558e-30  9.72271e-35  9.39917e-31 -1.55847e-35  6.69567e-32   2.3363e-36  2.17426e-33 -1.29863e-37 -8.03829e-35 -1.84293e-38 -1.32731e-35  3.26349e-39 -7.04415e-37 -9.26558e-41 -1.85236e-38 -5.31245e-42  -1.9775e-40 -8.44908e-44
-5.81398e-36 -5.95142e-19  2.19204e-34   1.9376e-17 -2.86967e-33 -3.29884e-16  1.30762e-32  3.68977e-15  1.27723e-31 -2.99115e-14 -2.85153e-30   1.8547e-13  2.79737e-29 -9.09047e-13 -1.86746e-28  3.59648e-12  9.42762e-28 -1.16372e-11 -3.76782e-27  3.10206e-11   1.2215e-26 -6.82674e-11 -3.25432e-26  1.23638e-10  7.15305e-26  -1.8245e-10  -1.2873e-25  2.14923e-10  1.84004e-25 -1.93925e-10 -1.89055e-25  1.21626e-10  7.74514e-26 -3.64705e-11  1.99156e-25 -1.59768e-11 -6.23515e-25  2.22135e-11  1.09059e-24 -5.88268e-12  -1.4399e-24 -4.65245e-12  1.52765e-24  3.23487e-12 -1.28589e-24  6.01963e-13  7.36288e-25 -9.97419e-13  1.76826e-26 -6.41224e-14 -7.95349e-25   2.5584e-13  1.37777e-24  1.88437e-14 -1.61459e-24 -5.77286e-14  1.52018e-24 -9.92511e-15 -1.24138e-24  1.05603e-14  9.25277e-25  3.73266e-15 -6.39152e-25 -1.19928e-15  3.99941e-25 -9.13086e-16 -2.22003e-25 -2.97859e-17  1.14135e-25  1.30275e-16 -6.18855e-26  4.05045e-17  3.76311e-26 -5.25978e-18 -2.22376e-26 -6.48423e-18  1.07602e-26 -1.40631e-18 -4.04097e-27  2.25894e-19  1.47402e-27  2.02676e-19 -7.82952e-28  4.43471e-20  4.32961e-28 -1.83123e-21  -1.6631e-28  -3.6489e-21  5.56959e-29 -9.86333e-22 -3.20052e-29 -8.74471e-23  1.86688e-29  2.34964e-23 -6.95667e-30  1.02052e-23  1.90833e-30  1.79413e-24 -5.58812e-31  1.16819e-25  1.44532e-31 -2.20475e-26 -1.43108e-32  -7.5508e-27  -5.3276e-33 -1.10906e-27  2.85903e-33 -8.75268e-29 -6.64169e-34 -7.48296e-31  9.29688e-35  7.53227e-31 -1.57356e-35  1.05181e-31  2.74649e-36  7.77463e-33 -1.54084e-37  3.31338e-34 -1.92025e-38  5.81966e-36  2.97773e-39 -1.39419e-37 -5.78105e-41 -8.45136e-39 -3.87554e-42 -9.64296e-41
 1.87251e-19 -1.48679e-34 -1.08924e-17    3.276e-33  2.47387e-16 -3.33029e-32 -3.38949e-15  1.27723e-31  3.23244e-14  1.09036e-30 -2.30453e-13 -2.17367e-29  1.28068e-12  1.92973e-28 -5.69522e-12 -1.17618e-27  2.06105e-11  5.45345e-27 -6.13181e-11 -2.00923e-26  1.50703e-10  6.01537e-26 -3.05928e-10 -1.47906e-25  5.09981e-10  2.98724e-25 -6.88616e-10 -4.87943e-25  7.32969e-10  6.11327e-25 -5.80997e-10 -4.77205e-25  2.94316e-10  -1.2765e-25  -3.2073e-11  1.30028e-24  -8.1085e-11 -2.88974e-24  5.70297e-11  4.48672e-24  1.87353e-14 -5.57881e-24 -1.78587e-11  5.77077e-24  5.02506e-12 -4.90964e-24  4.11314e-12  3.08594e-24 -1.94572e-12 -6.32124e-25 -9.37883e-13 -1.85705e-24   5.0637e-13  3.67188e-24  2.39643e-13 -4.37101e-24 -9.68849e-14  4.06287e-24 -6.26923e-14 -3.23635e-24  1.02819e-14  2.33299e-24  1.38984e-14 -1.54266e-24  1.04715e-15  9.13645e-25 -2.11209e-15 -4.76716e-25 -7.00641e-16  2.32439e-25  1.23273e-16 -1.23542e-25  1.31509e-16  7.53427e-26  2.31474e-17  -4.4115e-26 -8.45805e-18  2.05639e-26 -5.13268e-18 -7.09773e-27 -7.69452e-19  2.32638e-27  2.22889e-19  -1.2723e-27  1.33255e-19  7.25632e-28  2.48523e-20  -2.5626e-28 -1.29475e-21  7.28639e-29 -1.86885e-21 -4.56284e-29 -4.74851e-22  2.82046e-29 -4.62774e-23 -1.00496e-29  6.86123e-24  2.61196e-30  3.39413e-24 -7.96001e-31  6.17475e-25  2.13534e-31  5.38843e-26 -2.39635e-32 -1.80513e-27 -5.50684e-33 -1.30707e-27  3.23759e-33 -2.07555e-28  -6.5944e-34 -1.85128e-29  6.89588e-35  -8.1703e-31 -1.46286e-35  1.98836e-32  3.03823e-36  5.85288e-33 -1.58877e-37  4.32891e-34 -1.79204e-38  1.70595e-35  2.21164e-39  3.41588e-37 -2.67621e-41  2.21262e-39 -1.76106e-42
 6.16699e-35  4.55388e-18 -2.53403e-33 -1.51014e-16  3.98004e-32  2.62097e-15 -3.30263e-31 -2.99115e-14  1.09036e-30  2.47651e-13  8.24012e-30 -1.57003e-12  -1.4788e-28  7.87738e-12  1.19481e-27 -3.19475e-11 -6.67646e-27  1.06138e-10  2.85196e-26 -2.91054e-10 -9.70947e-26  6.60503e-10  2.68896e-25 -1.23736e-09 -6.10703e-25  1.89686e-09  1.13263e-24 -2.33649e-09 -1.67152e-24  2.23032e-09  1.79692e-24 -1.52118e-09 -8.69867e-25  5.65599e-10 -1.66351e-24  1.11941e-10  5.84335e-24 -2.69088e-10 -1.09257e-23  1.04702e-10  1.55496e-23  4.22886e-11 -1.83036e-23 -4.66693e-11  1.82847e-23 -7.89663e-13 -1.52715e-23   1.3456e-11  9.63996e-24 -1.30748e-12 -2.42781e-24 -3.43396e-12 -4.57507e-24  3.25335e-13  9.37367e-24  8.25739e-13 -1.09446e-23  1.92239e-15  9.86602e-24 -1.74816e-13 -7.59847e-24 -2.88264e-14  5.28206e-24  2.74419e-14 -3.34397e-24  1.11154e-14  1.87705e-24  -1.8805e-15 -9.24492e-25 -2.21708e-15  4.32589e-25 -3.41064e-16 -2.28603e-25  1.99201e-16  1.39768e-25  1.02167e-16 -8.04106e-26  8.57775e-18  3.58712e-26 -8.07328e-18 -1.12566e-26 -3.36894e-18  3.25232e-27 -3.55466e-19 -1.89571e-27  1.55698e-19  1.12048e-27  7.35956e-20 -3.50196e-28  1.24036e-20  7.63956e-29 -5.13923e-22 -5.86528e-29 -7.71752e-22  3.91366e-29 -1.90752e-22 -1.29737e-29 -2.08264e-23   3.1562e-30  1.07984e-24 -1.04796e-30  8.43707e-25  2.92462e-31  1.61262e-25 -3.47265e-32   1.6442e-26 -5.38642e-33  4.92589e-28  3.40557e-33 -1.28577e-28 -5.49015e-34 -2.45562e-29  2.84854e-35 -2.29192e-30 -1.30045e-35 -1.24665e-31  3.14794e-36  -2.9655e-33 -1.37785e-37  8.55208e-35 -1.53977e-38  8.88553e-36  1.28071e-39  2.54376e-37 -7.87206e-42   2.1874e-39
-1.23352e-18  1.38492e-33  7.30923e-17  -3.3357e-32  -1.6924e-15  4.07654e-31  2.36601e-14 -2.85153e-30 -2.30453e-13  8.24012e-30  1.67981e-12  5.56845e-29 -9.55533e-12 -9.05726e-28  4.35528e-11  6.69212e-27 -1.61789e-10 -3.44065e-26  4.94966e-10  1.35778e-25 -1.25362e-09 -4.28022e-25  2.62966e-09    1.098e-24 -4.54602e-09 -2.30442e-24  6.39871e-09  3.91892e-24 -7.15894e-09 -5.18834e-24  6.06237e-09  4.61178e-24 -3.43777e-09 -3.78913e-25  7.13067e-10 -8.60116e-24  7.17834e-10  2.16177e-23 -6.77494e-10 -3.58777e-23  9.28267e-11  4.74769e-23  1.80817e-10   -5.307e-23 -8.36297e-11  5.10038e-23 -3.45124e-11 -4.12946e-23  2.89752e-11  2.52884e-23  6.68154e-12 -6.01693e-24 -7.68874e-12 -1.16231e-23 -1.77497e-12  2.27062e-23   1.6778e-12 -2.54065e-23  5.68596e-13  2.19821e-23 -2.69798e-13 -1.62989e-23 -1.59189e-13  1.09105e-23  1.77235e-14  -6.6022e-24  3.17702e-14  3.50383e-24  5.03712e-15 -1.63143e-24 -3.48525e-15   7.4262e-25 -1.69785e-15  -3.9586e-25 -4.31854e-17  2.41439e-25   1.9255e-16 -1.35091e-25  6.45968e-17  5.73378e-26  6.59015e-19 -1.61744e-26 -5.80672e-18  4.01503e-27  -1.8881e-18 -2.62847e-27 -1.47419e-19  1.60661e-27  8.40129e-20 -4.17049e-28  3.43551e-20  5.17034e-29  5.51474e-21 -6.91075e-29 -7.91355e-23  5.03573e-29 -2.51748e-22 -1.47764e-29 -6.24333e-23  3.30466e-30  -7.5264e-24  -1.2946e-30 -9.55053e-26  3.74251e-31  1.44873e-25 -4.38415e-32  3.04002e-26 -5.54142e-33  3.36247e-27  3.39289e-33  1.93158e-28 -3.43475e-34 -2.30303e-30 -1.96061e-35 -1.57203e-30 -1.15404e-35 -1.54287e-31  3.03062e-36 -8.20647e-33 -9.60556e-38 -2.40746e-34 -1.23623e-38 -2.72541e-36  5.18864e-40  2.08192e-38    -7.02e-43
-4.85907e-34 -2.65714e-17  2.09518e-32  8.98396e-16 -3.60662e-31 -1.59112e-14  3.60434e-30   1.8547e-13 -2.17367e-29 -1.57003e-12  5.56845e-29  1.01881e-11  3.39256e-28 -5.23878e-11 -5.02969e-27  2.18055e-10  3.41266e-26 -7.44725e-10 -1.61947e-25  2.10352e-09  5.91843e-25  -4.9288e-09 -1.73065e-24  9.56312e-09  4.11694e-24  -1.5248e-08 -7.98458e-24   1.9659e-08  1.24213e-23 -1.98567e-08 -1.45953e-23  1.46784e-08  9.98828e-24 -6.49134e-09  5.71298e-24 -1.70751e-10  -3.3665e-23  2.43125e-09  6.97745e-23 -1.30007e-09 -1.05373e-22 -2.14916e-10  1.30737e-22  4.91046e-10 -1.39132e-22 -6.96045e-11  1.28443e-22 -1.29812e-10 -1.00102e-22  3.65313e-11  5.82741e-23  3.21467e-11 -1.11448e-23 -9.77605e-12 -2.90999e-23 -8.13302e-12  5.17392e-23  1.60144e-12 -5.47476e-23  1.96299e-12  4.52269e-23 -2.59759e-14 -3.22481e-23 -3.85697e-13  2.07767e-23 -7.75348e-14 -1.19763e-23  4.75675e-14  5.97404e-24  2.46311e-14 -2.63043e-24 -3.24088e-16   1.1866e-24 -3.49875e-15 -6.47234e-25 -1.00586e-15  3.89693e-25  1.03163e-16 -2.09482e-25  1.41184e-16  8.41773e-26  3.44414e-17 -2.10979e-26 -1.79296e-18  4.34823e-27 -3.37256e-18  -3.4551e-27 -9.20127e-19   2.1524e-27 -6.02152e-20 -4.12079e-28  3.57925e-20 -1.44569e-29  1.34843e-20 -7.72209e-29  2.14366e-21  6.06447e-29   4.1581e-23 -1.43226e-29 -6.21893e-23  2.85749e-30 -1.60906e-23 -1.52938e-30 -2.08775e-24  4.50475e-31 -1.07733e-25 -4.80734e-32  1.39858e-26 -6.63218e-33  3.83511e-27  3.26135e-33  4.45512e-28 -8.06781e-35  3.00399e-29 -6.40404e-35  9.25498e-31 -1.05202e-35 -2.98083e-32  2.68898e-36 -4.59338e-33 -4.83149e-38 -2.12562e-34 -9.18055e-39 -4.48294e-36   9.6807e-41 -2.94623e-38
 6.30666e-18 -9.73546e-33 -3.81064e-16  2.46928e-31  9.00465e-15 -3.31496e-30 -1.28592e-13  2.79737e-29  1.28068e-12  -1.4788e-28 -9.55533e-12  3.39256e-28  5.57034e-11   1.8761e-27 -2.60548e-10 -2.54758e-26  9.94782e-10  1.59311e-25 -3.13362e-09  -6.9976e-25  8.18984e-09  2.37338e-24 -1.77757e-08 -6.44793e-24  3.19101e-08  1.42357e-23 -4.68757e-08 -2.55036e-23  5.51693e-08  3.61651e-23 -4.98767e-08 -3.71039e-23  3.13757e-08  1.65129e-23 -9.32765e-09  3.38428e-23 -4.45106e-09 -1.11694e-22  6.12507e-09  2.01894e-22 -1.66436e-09 -2.81452e-22 -1.31611e-09  3.29372e-22  9.58724e-10  -3.3455e-22  1.61187e-10   2.9654e-22 -3.06299e-10 -2.21415e-22 -1.13538e-11  1.20592e-22    8.161e-11 -1.44808e-23   3.1699e-12 -6.92889e-23 -1.93793e-11  1.10271e-22 -2.55415e-12 -1.09635e-22  3.82422e-12  8.63324e-23  1.15642e-12 -5.92705e-23 -5.02364e-13  3.67505e-23 -3.19323e-13 -2.00666e-23  5.84704e-15   9.3159e-24  5.15458e-14 -3.88035e-24  1.36212e-14  1.78248e-24 -2.95838e-15 -1.00734e-24 -2.59653e-15  5.88849e-25 -4.67976e-16  -2.9969e-25  1.25118e-16  1.13578e-25  8.45717e-17 -2.50194e-26  1.59675e-17   4.1101e-27 -1.60822e-18 -4.40243e-27 -1.62463e-18  2.70455e-27  -3.9295e-19 -2.84219e-28  -2.5708e-20 -1.27068e-28   1.1928e-20 -8.71779e-29  4.37879e-21  6.89407e-29  7.05072e-22 -1.05585e-29   3.5779e-23  1.74603e-30 -1.06428e-23 -1.76551e-30 -3.11439e-24  5.12856e-31 -4.25711e-25 -4.50176e-32 -3.09424e-26 -9.04637e-33 -2.56064e-29  3.06267e-33  2.79001e-28    1.848e-34  3.52919e-29  -9.5277e-35  2.39935e-30 -9.81255e-36  9.31326e-32  2.18205e-36  1.45581e-33 -9.99498e-39 -2.77073e-35 -6.04801e-39 -1.23493e-36 -2.70855e-41
 2.99101e-33  1.22133e-16 -1.32382e-31 -4.21491e-15  2.40722e-30  7.62627e-14 -2.64813e-29 -9.09047e-13  1.92973e-28  7.87738e-12 -9.05726e-28 -5.23878e-11   1.8761e-27  2.76433e-10   9.4711e-27 -1.18244e-09 -1.18292e-25  4.15715e-09  6.83966e-25 -1.21115e-08 -2.78773e-24  2.93425e-08  8.79223e-24 -5.90479e-08 -2.22228e-23  9.80563e-08  4.55633e-23 -1.32475e-07 -7.53369e-23  1.41645e-07  9.68908e-23 -1.13196e-07 -8.45817e-23  5.79931e-08  1.18732e-23 -6.33767e-09  1.31683e-22 -1.66958e-08 -3.27775e-22  1.21098e-08  5.31824e-22 -1.82719e-10 -6.91034e-22 -3.88472e-09  7.66549e-22  1.22149e-09 -7.45057e-22  8.97202e-10  6.34183e-22  -4.8674e-10 -4.51954e-22 -2.03977e-10   2.2679e-22  1.33628e-10 -5.75228e-24  5.37046e-11 -1.54033e-22 -2.79824e-11  2.19187e-22 -1.50942e-11 -2.04288e-22  3.72369e-12  1.53493e-22  3.68051e-12 -1.01787e-22  6.43274e-14  6.07302e-23 -6.33058e-13 -3.11412e-23 -1.71309e-13  1.32485e-23  5.04833e-14 -5.23121e-24  3.88732e-14  2.54734e-24  4.96064e-15 -1.50278e-24 -3.19387e-15  8.33403e-25 -1.55543e-15 -3.94366e-25 -1.68555e-16  1.40628e-25  9.04044e-17 -2.70645e-26  4.28438e-17  3.47002e-27  6.63742e-18 -5.55598e-27 -8.44886e-19  3.18649e-27 -6.53727e-19  1.17939e-29  -1.4646e-19 -2.76274e-28 -1.08917e-20 -1.07538e-28  2.98257e-21  7.44383e-29  1.14455e-21 -2.82157e-30  1.88493e-22  9.91394e-32  1.40867e-23 -2.02981e-30  -9.5092e-25  5.54559e-31 -4.21161e-25 -3.43549e-32  -6.0513e-26 -1.26469e-32 -4.95953e-27  2.81423e-33 -1.91439e-28  3.99033e-34  6.58508e-30 -1.08712e-34   1.4077e-30 -9.09226e-36  9.07924e-32  1.60572e-36  3.04211e-33  1.07363e-38  4.80103e-35 -3.26828e-39  1.87391e-37
-2.56767e-17  5.39702e-32  1.58387e-15 -1.41104e-30  -3.8243e-14  2.00657e-29   5.5856e-13 -1.86746e-28 -5.69522e-12  1.19481e-27  4.35528e-11 -5.02969e-27 -2.60548e-10   9.4711e-27  1.25237e-09  4.38613e-26 -4.92149e-09 -5.05725e-25   1.5986e-08  2.71144e-24 -4.31765e-08 -1.02781e-23  9.71098e-08  3.01963e-23 -1.81287e-07 -7.10921e-23   2.7831e-07  1.35412e-22 -3.44898e-07 -2.06354e-22  3.32778e-07  2.39006e-22 -2.30678e-07  -1.6993e-22  8.81326e-08 -5.04186e-23  1.66254e-08  4.19633e-22 -4.31878e-08  -8.6903e-22  1.80235e-08   1.2879e-21  6.49646e-09 -1.57128e-21 -8.15844e-09  1.65963e-21  1.94474e-10 -1.54782e-21  2.39504e-09  1.26571e-21 -3.62366e-10 -8.57971e-22 -6.27756e-10  3.89961e-22  1.01071e-10  3.76959e-23  1.58631e-10 -3.17526e-22  -1.0431e-11   4.0595e-22 -3.63863e-11 -3.54686e-22 -3.59741e-12  2.55082e-22  6.47261e-12 -1.64185e-22  2.07324e-12  9.41895e-23 -6.18475e-13 -4.47764e-23 -4.96459e-13  1.70305e-23 -4.55664e-14 -6.41939e-24  5.57402e-14  3.51188e-24   2.2766e-14 -2.15997e-24  5.01152e-16  1.10358e-24  -2.3053e-15 -4.73931e-25 -7.85332e-16  1.58973e-25 -4.44677e-17  -2.7023e-26  4.93472e-17  3.04452e-27  1.86764e-17 -7.03218e-27  2.53902e-18  3.49392e-27  -3.1209e-19  5.01712e-28 -2.18266e-19 -4.34475e-28 -4.68648e-20 -1.49457e-28 -4.10211e-21  7.64291e-29  4.99429e-22  8.89842e-30  2.30946e-22    -1.76e-30  3.91441e-23  -2.3442e-30  3.53188e-24  5.71117e-31  5.03233e-26 -1.83814e-32 -3.45382e-26 -1.67831e-32  -5.5402e-27  2.50534e-33 -4.64912e-28  5.25937e-34 -2.25461e-29 -1.05458e-34 -4.34211e-31 -8.09727e-36  1.60218e-32  1.05876e-36  1.18535e-33  1.52013e-38   2.3824e-35 -1.23201e-39
-1.48785e-32 -4.51352e-16  6.64601e-31  1.59195e-14 -1.25053e-29 -2.94654e-13  1.46082e-28  3.59648e-12 -1.17618e-27 -3.19475e-11  6.69212e-27  2.18055e-10 -2.54758e-26 -1.18244e-09  4.38613e-26  5.20563e-09  1.87127e-25 -1.88686e-08 -1.99829e-24  5.67893e-08  9.96021e-24  -1.4248e-07 -3.51862e-23  2.97845e-07  9.64485e-23 -5.15908e-07 -2.11731e-22  7.31308e-07  3.74711e-22 -8.28261e-07 -5.25216e-22  7.14292e-07  5.42413e-22 -4.16533e-07 -2.88938e-22  9.35097e-08  -3.0386e-22  8.61684e-08  1.16789e-21 -8.78768e-08 -2.10772e-21  1.52239e-08  2.88677e-21  2.31736e-08 -3.32726e-21 -1.24628e-08  3.36095e-21 -4.11004e-09 -3.01616e-21  4.39602e-09  2.37065e-21  6.95067e-10  -1.5231e-21 -1.21817e-09  6.14081e-22 -1.86634e-10  1.56669e-22  2.86728e-10 -6.06319e-22   7.1263e-11  7.00575e-22 -5.28723e-11 -5.74591e-22 -2.37161e-11  3.97625e-22  5.46701e-12 -2.49999e-22  5.54986e-12  1.37617e-22   4.6048e-13 -5.94968e-23 -7.53678e-13  1.93901e-23 -2.82624e-13 -7.11491e-24  1.81714e-14  4.73955e-24   4.0981e-14 -3.00004e-24  1.08085e-14  1.36336e-24 -8.56113e-16 -5.12139e-25 -1.30657e-15  1.62082e-25 -3.43892e-16 -2.58451e-26 -7.34767e-18  3.89872e-27  2.16339e-17 -8.89502e-27  7.04329e-18  3.48959e-27  9.01094e-19  1.18063e-27 -8.00639e-20 -5.59603e-28 -5.93016e-20  -2.2285e-28 -1.25235e-20  7.40693e-29 -1.25929e-21  2.38343e-29  3.24901e-23 -3.40008e-30  3.36482e-23 -2.70337e-30   5.9836e-24  5.61074e-31  5.88106e-25 -1.43853e-33  2.77636e-26 -2.05584e-32 -9.90876e-28  2.12396e-33 -2.82435e-28  5.56851e-34 -2.35424e-29 -9.06508e-35 -1.07864e-30  -6.7544e-36 -2.61377e-32  6.13571e-37 -2.10168e-34  1.05876e-38  1.39002e-36
   8.459e-17 -2.43045e-31 -5.33429e-15  6.44576e-30  1.31789e-13 -9.51785e-29 -1.97148e-12  9.42762e-28  2.06105e-11 -6.67646e-27 -1.61789e-10  3.41266e-26  9.94782e-10 -1.18292e-25 -4.92149e-09  1.87127e-25  1.99382e-08  7.38195e-25 -6.68906e-08 -7.32224e-24  1.87015e-07  3.40084e-23 -4.36599e-07 -1.12175e-22  8.48992e-07  2.87298e-22 -1.36416e-06 -5.88618e-22  1.78217e-06  9.67772e-22 -1.83522e-06  -1.2442e-21  1.39496e-06  1.12942e-21 -6.47604e-07 -3.68499e-22  4.04588e-09 -1.07175e-21  2.39363e-07  2.92044e-21 -1.42069e-07 -4.71427e-21 -1.48611e-08  6.01895e-21   5.3143e-08 -6.59023e-21 -1.10622e-08  6.39453e-21 -1.38892e-08 -5.53769e-21  5.31933e-09  4.18496e-21  3.44164e-09 -2.53844e-21 -1.51688e-09   8.8301e-22 -9.11294e-10  4.13478e-22  3.01186e-10  -1.0738e-21  2.41917e-10  1.12702e-21 -2.86485e-11 -8.69703e-22 -5.43374e-11  5.83583e-22  -6.0507e-12 -3.61143e-22  8.26261e-12  1.89964e-22  3.14397e-12 -7.25509e-23 -4.10386e-13  1.86209e-23  -5.7108e-13 -7.02559e-24 -1.18701e-13  6.33825e-24  3.26194e-14  -4.0307e-24  2.36181e-14  1.56336e-24  4.25997e-15 -4.80036e-25 -8.10276e-16  1.44717e-25 -6.13999e-16 -2.59178e-26 -1.33419e-16  7.37659e-27 -4.29309e-19 -1.10378e-26  7.74496e-18  3.00549e-27  2.28487e-18  2.00792e-27  2.90875e-19 -6.04802e-28    -1.15e-20 -3.31825e-28 -1.26624e-20  6.63441e-29 -2.69252e-21  4.04991e-29 -2.97878e-22  -4.4236e-30 -8.52507e-24 -3.06183e-30  3.09642e-24  5.26334e-31  6.25616e-25  1.15855e-32  6.32667e-26 -2.31916e-32  3.69374e-27  1.68149e-33  8.15401e-29  5.08765e-34 -5.23867e-30  -7.0577e-35 -5.19166e-31 -5.16391e-36 -1.86614e-32  3.02422e-37 -2.73767e-34  4.33735e-39
 6.13449e-32   1.3579e-15 -2.72107e-30 -4.90222e-14  5.21906e-29   9.2962e-13 -6.35035e-28 -1.16372e-11  5.45345e-27  1.06138e-10 -3.44065e-26 -7.44725e-10  1.59311e-25  4.15715e-09 -5.05725e-25 -1.88686e-08  7.38195e-25  7.06339e-08  2.70152e-24 -2.20007e-07 -2.49551e-23   5.7265e-07  1.08231e-22 -1.24573e-06 -3.33903e-22  2.25454e-06  8.00113e-22 -3.35822e-06 -1.53108e-21  4.03247e-06  2.33777e-21  -3.7485e-06 -2.74646e-21  2.45786e-06  2.14503e-21   -8.061e-07 -1.51944e-22 -3.09564e-07 -3.03917e-21  5.06276e-07   6.6632e-21 -1.67426e-07 -9.77848e-21 -1.00092e-07  1.17184e-20  9.10841e-08 -1.22539e-20  7.21514e-09  1.14733e-20 -2.91917e-08 -9.61496e-21  1.59862e-09  6.98678e-21  8.01579e-09 -3.98265e-21 -4.97252e-10  1.14844e-21 -2.03706e-09  8.88967e-22 -5.71158e-11  -1.7669e-21  4.52067e-10  1.69042e-21  8.56638e-11  -1.2315e-21 -7.37574e-11  8.09904e-22 -3.24523e-11 -4.97447e-22  4.94267e-12   2.4823e-22  6.61939e-12 -7.99824e-23  1.12743e-12  1.28945e-23 -5.93706e-13 -6.03126e-24 -3.28615e-13  8.44892e-24 -3.32636e-14 -5.23807e-24  2.49604e-14  1.65008e-24  1.13306e-14 -3.51183e-25  1.42666e-15  1.04024e-25 -4.52637e-16 -3.10188e-26 -2.44736e-16  1.47943e-26 -4.64665e-17 -1.30825e-26 -1.26865e-19  1.86322e-27  2.25118e-18  2.90994e-27  6.27038e-19 -5.31925e-28  8.18557e-20 -4.71373e-28  6.56289e-22  5.24277e-29 -2.00091e-21  5.69225e-29 -4.43972e-22 -4.60569e-30  -5.1855e-23  -3.3402e-30 -2.94066e-24  4.72045e-31  1.06632e-25  1.70432e-32  3.95264e-26 -2.42711e-32  4.06622e-27  1.21817e-33  2.35877e-28  4.13328e-34  7.52764e-30 -5.03129e-35  7.31787e-32 -3.52575e-36 -2.53192e-33  1.19316e-37 -5.02374e-35
-2.27555e-16  9.09063e-31  1.46937e-14 -2.40851e-29 -3.72077e-13  3.64156e-28  5.71063e-12 -3.76782e-27 -6.13181e-11  2.85196e-26  4.94966e-10 -1.61947e-25 -3.13362e-09  6.83966e-25   1.5986e-08 -1.99829e-24 -6.68906e-08  2.70152e-24  2.32223e-07  9.19834e-24 -6.73365e-07 -7.93153e-23  1.63485e-06  3.21845e-22 -3.31765e-06 -9.30179e-22  5.58932e-06    2.088e-21 -7.70866e-06 -3.73432e-21  8.47565e-06  5.29167e-21 -7.03969e-06 -5.65268e-21  3.84235e-06  3.67267e-21 -6.01301e-07  1.01187e-21 -1.02912e-06 -7.49633e-21  8.67163e-07  1.40015e-20 -7.85323e-08 -1.88857e-20 -2.65719e-07  2.13687e-20  1.12587e-07 -2.14571e-20  5.65667e-08   1.9478e-20 -4.38351e-08  -1.5837e-20 -1.17513e-08  1.10603e-20  1.26286e-08 -5.89202e-21  3.19339e-09  1.32111e-21 -2.96204e-09  1.66937e-21 -1.05284e-09 -2.70514e-21  5.11988e-10  2.36316e-21  3.10462e-10  -1.6334e-21 -3.70549e-11  1.06831e-21 -6.58795e-11 -6.56585e-22 -1.04222e-11  3.07304e-22  7.69248e-12 -7.71174e-23  3.77986e-12  7.70569e-25  9.06209e-14 -4.29008e-24 -4.48004e-13  1.12014e-23 -1.53377e-13 -6.58463e-24 -2.41754e-15   1.5804e-24  1.38361e-14 -1.06181e-25  4.67146e-15  3.98942e-26  4.23194e-16 -4.59599e-26 -1.88486e-16  2.70861e-26 -8.32696e-17 -1.43623e-26 -1.45286e-17  -8.1406e-29 -2.46413e-19  3.79054e-27  5.18236e-19  -3.2433e-28  1.41596e-19  -6.2695e-28  1.90744e-20  3.23643e-29  8.43695e-22  7.10113e-29 -2.06449e-22 -3.96878e-30 -5.26035e-23  -3.4508e-30 -6.30275e-24  4.05806e-31 -4.31571e-25  1.38257e-32 -1.03265e-26 -2.37941e-32  1.09447e-27  7.88425e-34  1.32983e-28  3.03162e-34  6.78572e-30 -3.28227e-35  1.76551e-31 -2.06717e-36  1.85239e-33  3.25912e-38
-2.14106e-31 -3.34673e-15  9.26171e-30  1.23895e-13  -1.7856e-28  -2.4116e-12  2.23383e-27  3.10206e-11 -2.00923e-26 -2.91054e-10  1.35778e-25  2.10352e-09  -6.9976e-25 -1.21115e-08  2.71144e-24  5.67893e-08 -7.32224e-24 -2.20007e-07  9.19834e-24  7.10643e-07  2.92149e-23 -1.92295e-06 -2.35653e-22  4.36204e-06  8.96259e-22 -8.26484e-06  -2.4303e-21  1.29593e-05  5.11637e-21 -1.65186e-05   -8.557e-21  1.65429e-05  1.12425e-20 -1.20928e-05 -1.08475e-20  5.13998e-06  5.53287e-21  4.95999e-07   4.4949e-21 -2.32463e-06 -1.66139e-20    1.184e-06  2.72645e-20  2.58261e-07  -3.4062e-20 -5.05269e-07  3.65868e-20  6.60837e-08 -3.54839e-20  1.44577e-07  3.13837e-20 -4.14678e-08 -2.48126e-20 -3.80342e-08  1.66346e-20  1.23599e-08  -8.2241e-21  1.02138e-08  1.27094e-21 -2.29885e-09  2.82144e-21 -2.64798e-09 -3.85562e-21  9.90419e-11  3.07486e-21  5.66424e-10 -2.03217e-21  1.03371e-10  1.34774e-21 -7.77553e-11 -8.34251e-22 -3.79732e-11  3.60138e-22  1.50225e-12 -5.94952e-23  5.95851e-12 -1.82206e-23   1.6352e-12 -2.24663e-24 -2.13411e-13  1.46441e-23 -2.51982e-13 -8.02023e-24 -6.01219e-14  1.33735e-24  3.66668e-15  2.65387e-25  6.16094e-15 -4.53454e-26   1.6873e-15 -7.59839e-26  1.19982e-16  4.45037e-26 -6.15321e-17 -1.40315e-26 -2.40384e-17 -2.87667e-27 -4.01086e-18  4.54778e-27 -1.56705e-19  5.63721e-30  8.97455e-20 -7.77365e-28  2.52937e-20  7.71194e-30  3.49069e-21  8.09488e-29   2.3458e-22 -2.76267e-30 -8.50089e-24 -3.33148e-30 -4.03357e-24  3.36217e-31 -4.96243e-25  3.64975e-33 -3.47389e-26 -2.20291e-32 -1.34071e-27  4.38431e-34 -1.06955e-29  2.02081e-34   1.4606e-30 -1.92965e-35  6.10787e-32 -9.72614e-37  6.53948e-34
 5.01508e-16 -2.87677e-30 -3.32272e-14  7.48182e-29  8.64149e-13 -1.14388e-27 -1.36359e-11   1.2215e-26  1.50703e-10 -9.70947e-26 -1.25362e-09  5.91843e-25  8.18984e-09 -2.78773e-24 -4.31765e-08  9.96021e-24  1.87015e-07 -2.49551e-23 -6.73365e-07  2.92149e-23  2.02958e-06  8.67573e-23 -5.13604e-06 -6.55904e-22   1.0901e-05  2.34203e-21 -1.92956e-05 -5.96681e-21  2.81431e-05  1.17941e-20 -3.30664e-05  -1.8455e-20  2.99416e-05  2.24517e-20  -1.8817e-05  -1.9393e-20  5.33275e-06   6.9147e-21  3.23406e-06  1.28058e-20 -4.20196e-06 -3.36455e-20  1.12946e-06  4.94036e-20  9.84684e-07 -5.74887e-20 -7.36943e-07  5.89372e-20  -1.2126e-07 -5.55667e-20  2.54694e-07  4.81291e-20  3.84796e-09 -3.70631e-20 -7.29372e-08  2.38005e-20 -4.46047e-10 -1.08218e-20  1.87825e-08  8.40413e-22  1.77678e-09  4.35863e-21 -4.10034e-09 -5.11152e-21 -1.06868e-09  3.71242e-21  6.24202e-10 -2.37627e-21  3.45887e-10   1.6384e-21 -2.43868e-11 -1.02422e-21 -6.40055e-11  3.98325e-22 -1.47491e-11 -2.41186e-23  4.61775e-12 -4.31249e-23  3.36967e-12 -4.95248e-25  5.28605e-13  1.86742e-23 -1.94685e-13 -9.50842e-24 -1.15672e-13  9.40479e-25 -2.03638e-14  7.66131e-25  2.65088e-15 -1.47471e-25  2.28375e-15 -1.25944e-25  5.38779e-16  6.64423e-26  3.52373e-17 -1.12989e-26 -1.57429e-17 -6.41812e-27 -5.78463e-18  5.09394e-27 -9.46857e-19  4.17386e-28 -5.81583e-20 -8.99863e-28  1.04223e-20 -1.82944e-29  3.38116e-21  8.55346e-29  4.74107e-22 -1.36457e-30  3.73401e-23 -2.97185e-30   9.1922e-25  2.71112e-31 -1.57133e-25  -9.7226e-33  -2.2313e-26 -1.93333e-32 -1.45833e-27  1.90859e-34 -5.30687e-29  1.22108e-34 -9.25449e-31 -9.87371e-36 -2.56986e-33 -3.14986e-37
 6.44926e-31  6.76216e-15 -2.66165e-29 -2.57296e-13  5.07509e-28  5.15276e-12 -6.45663e-27 -6.82674e-11  6.01537e-26  6.60503e-10 -4.28022e-25  -4.9288e-09  2.37338e-24  2.93425e-08 -1.02781e-23  -1.4248e-07  3.40084e-23   5.7265e-07 -7.93153e-23 -1.92295e-06  8.67573e-23  5.42267e-06  2.41396e-22 -1.28582e-05 -1.71356e-21  2.55654e-05  5.75333e-21 -4.22888e-05 -1.37907e-20  5.73123e-05  2.56215e-20 -6.18433e-05 -3.75251e-20  5.01046e-05  4.22015e-20 -2.60251e-05 -3.22362e-20   2.5848e-06  5.82807e-21  8.37609e-06  2.99902e-20 -6.26579e-06 -6.28836e-20  1.69027e-07  8.35344e-20  2.14869e-06  -9.0915e-20 -7.65374e-07  8.94765e-20 -5.10609e-07 -8.26163e-20  3.27173e-07   7.0445e-20  1.17141e-07 -5.28839e-20 -9.80592e-08  3.24158e-20 -3.25054e-08 -1.33881e-20  2.31262e-08 -1.27735e-22  1.02587e-08  6.20652e-21 -3.79792e-09 -6.28366e-21 -2.88067e-09  4.13417e-21  1.58353e-10  -2.6201e-21  5.79348e-10  1.93572e-21  1.23165e-10   -1.218e-21  -5.9768e-11  4.13116e-22 -3.62161e-11  2.92568e-23 -2.88782e-12 -7.14604e-23  3.68534e-12  4.88119e-25   1.5291e-12  2.30055e-23  1.12015e-13 -1.10612e-23 -1.08944e-13  4.44771e-25 -4.50919e-14  1.39384e-24 -6.16162e-15 -2.60677e-25  1.12164e-15 -1.99243e-25  7.11962e-16   9.1425e-26  1.51672e-16 -5.72285e-27  1.06447e-17 -1.04255e-26 -3.04409e-18  5.37428e-27  -1.1262e-18  8.51101e-28 -1.83133e-19 -9.75435e-28 -1.44328e-20 -4.12997e-29  5.15534e-22  8.43874e-29  3.10079e-22  -1.4762e-31  4.45862e-23 -2.41994e-30  3.64232e-24  2.15961e-31  1.60166e-25 -2.19436e-32  1.82487e-28  -1.6043e-32 -4.34927e-28  4.28286e-35 -2.57848e-29  6.58352e-35 -6.43469e-31 -4.11774e-36 -5.05042e-33
-9.03229e-16  7.83689e-30  6.15649e-14 -1.95575e-28 -1.64883e-12  2.98067e-27  2.68214e-11 -3.25432e-26 -3.05928e-10  2.68896e-25  2.62966e-09 -1.73065e-24 -1.77757e-08  8.79223e-24  9.71098e-08 -3.51862e-23 -4.36599e-07  1.08231e-22  1.63485e-06 -2.35653e-22 -5.13604e-06  2.41396e-22  1.35836e-05  6.30518e-22 -3.02329e-05 -4.20932e-21  5.63663e-05  1.33087e-20  -8.7131e-05 -3.00535e-20  0.000109546  5.25391e-20  -0.00010801 -7.20515e-20  7.70972e-05  7.47496e-20 -3.06891e-05 -4.96348e-20 -5.70576e-06 -1.54862e-21  1.62322e-05  6.18168e-20 -7.47187e-06 -1.09163e-19 -2.32561e-06  1.32019e-19  3.54882e-06 -1.34787e-19 -2.87325e-07  1.28199e-19 -1.08756e-06 -1.16937e-19  2.53743e-07  9.86731e-20  2.99953e-07 -7.21961e-20 -7.94184e-08  4.20188e-20 -8.23392e-08 -1.54801e-20  1.39083e-08 -1.75325e-21  2.13498e-08  8.17968e-21   2.2356e-10  -7.1134e-21 -4.47768e-09  4.19799e-21 -1.03589e-09 -2.74041e-21  5.72376e-10   2.2421e-21  3.32474e-10 -1.40403e-21  4.38692e-12  3.96897e-22 -4.76019e-11  9.71823e-23 -1.55362e-11 -9.96038e-23  8.86053e-13  6.59905e-25   2.0403e-12   2.7207e-23  5.81612e-13 -1.27659e-23  3.62378e-15  -7.4045e-26 -4.67368e-14  2.14348e-24 -1.52356e-14 -3.77553e-25 -1.73231e-15 -2.96562e-25  3.42394e-16  1.17253e-25  1.85645e-16  2.53479e-27  3.70298e-17 -1.44744e-26  2.98493e-18  5.37853e-27 -4.02408e-19  1.24224e-27 -1.69577e-19  -9.9249e-28 -2.75777e-20 -5.69707e-29 -2.46076e-21   7.7968e-29 -5.88082e-23  6.27895e-31  1.62793e-23 -1.76726e-30  2.62167e-24  1.72923e-31   2.0677e-25 -2.96081e-32  9.42727e-27 -1.24684e-32  2.07803e-28 -2.61511e-35 -5.67914e-31  3.05351e-35 -1.01107e-31 -1.20377e-36
-1.70901e-30 -1.11402e-14  6.55096e-29  4.37018e-13 -1.20827e-27 -9.03244e-12  1.54462e-26  1.23638e-10 -1.47906e-25 -1.23736e-09    1.098e-24  9.56312e-09 -6.44793e-24 -5.90479e-08  3.01963e-23  2.97845e-07 -1.12175e-22 -1.24573e-06  3.21845e-22  4.36204e-06 -6.55904e-22 -1.28582e-05  6.30518e-22  3.19652e-05  1.54864e-21 -6.68837e-05 -9.73783e-21  0.000117021  2.90332e-20 -0.000168986  -6.1848e-20  0.000196636  1.01852e-19 -0.000175905 -1.30842e-19     0.000108  1.24899e-19 -2.73855e-05 -7.03059e-20 -2.23415e-05 -2.14298e-20  2.59509e-05  1.15491e-19 -6.03029e-06 -1.76765e-19 -6.77108e-06  1.95132e-19  4.58419e-06 -1.87253e-19  1.01525e-06  1.73541e-19 -1.68556e-06 -1.58019e-19 -9.45833e-08  1.32621e-19  5.02158e-07  -9.4421e-20  2.23387e-08  5.17747e-20 -1.32244e-07  -1.6532e-20 -1.76482e-08 -4.08125e-21  2.89687e-08  9.98212e-21  8.87387e-09 -7.30931e-21 -4.24685e-09  3.79743e-21 -2.72058e-09 -2.74869e-21  7.33533e-11  2.56501e-21  4.80029e-10 -1.56701e-21  1.30252e-10  3.45019e-22 -2.88236e-11  1.72316e-22 -2.63744e-11 -1.23641e-22 -5.13153e-12  6.33631e-25  1.18862e-12  3.08143e-23  9.00093e-13 -1.47858e-23  1.91151e-13 -5.43793e-25  -9.0715e-15  3.00567e-24 -1.63126e-14  -4.8907e-25 -4.49765e-15 -4.14576e-25 -4.65442e-16  1.41307e-25  7.69727e-17  1.25988e-26  3.97258e-17 -1.80827e-26  7.61122e-18  5.13978e-27  6.97896e-19  1.53692e-27 -2.42736e-20 -9.48072e-28 -1.84086e-20 -6.22724e-29 -3.03953e-21  6.74355e-29 -2.82472e-22  8.67342e-31 -1.34594e-23    -1.12e-30  1.84266e-25  1.40851e-31  7.95533e-26 -3.12673e-32  5.91396e-27 -8.93237e-33  2.21786e-28 -4.34367e-35  3.97622e-30  1.13225e-35  1.97054e-32
