 3.02177e-06  2.98914e-21 -3.49406e-05 -6.30252e-20   0.00012427   2.4927e-19 -0.000185174 -2.79751e-19  9.26678e-05  -2.3522e-19   2.1534e-05  7.79504e-19 -1.42561e-05 -6.17116e-19 -4.68091e-06  1.60259e-19 -3.29042e-08  9.41808e-21  1.21406e-07 -5.41573e-21   8.9088e-09
 2.98914e-21  5.34256e-05  4.84714e-20 -0.000326255 -5.97712e-19  0.000789878   1.7508e-18 -0.000792467 -1.75766e-18  0.000153801 -3.74546e-19  0.000150365  1.93626e-18 -5.76718e-06 -1.24748e-18  -1.4449e-05   2.1897e-19 -2.39597e-06  2.68933e-20 -5.63962e-08 -4.93463e-21
-3.49406e-05  4.84714e-20  0.000436937  3.54178e-19  -0.00171648 -2.94837e-18   0.00292522  6.57482e-18  -0.00185474 -5.39553e-18  -0.00021137  -4.2172e-19  0.000348766  3.09481e-18  8.11375e-05 -1.55336e-18 -8.43084e-06  1.74491e-19 -3.86373e-06  2.81992e-20 -2.29795e-07
-6.30252e-20 -0.000326255  3.54178e-19   0.00219898  1.55137e-18  -0.00605007 -9.35317e-18   0.00729882  1.61155e-17  -0.00239713 -1.02884e-17  -0.00139267 -8.21214e-19  0.000288925  3.54881e-18  0.000199303 -1.38671e-18  2.31478e-05  9.60815e-20 -7.15662e-07  1.22862e-20
  0.00012427 -5.97712e-19  -0.00171648  1.55137e-18   0.00764963  4.61218e-18   -0.0154253 -2.10024e-17    0.0128609  2.80629e-17 -0.000540719 -1.30735e-17  -0.00287905 -1.85861e-18 -0.000332213  2.81071e-18  0.000171972 -1.02623e-18  4.15182e-05  2.99409e-20  1.89245e-06
  2.4927e-19  0.000789878 -2.94837e-18  -0.00605007  4.61218e-18     0.019616  1.00053e-17    -0.029742 -3.54156e-17    0.0158597  3.63267e-17   0.00463529  -1.0749e-17   -0.0030932 -2.90599e-18   -0.0011643   1.0625e-18 -4.27089e-05 -8.02672e-19  1.93033e-05 -1.61556e-20
-0.000185174   1.7508e-18   0.00292522 -9.35317e-18   -0.0154253  1.00053e-17    0.0387079  1.67059e-17   -0.0446848 -4.70108e-17    0.0119755  3.57969e-17    0.0111086 -4.06244e-18 -0.000904355  -3.1144e-18  -0.00133878 -8.91257e-19 -0.000209828 -7.03775e-19 -5.03048e-06
-2.79751e-19 -0.000792467  6.57482e-18   0.00729882 -2.10024e-17    -0.029742  1.67059e-17    0.0608426  2.25736e-17   -0.0534892 -5.14817e-17  0.000213771  2.67891e-17    0.0146227  2.73048e-18   0.00265641 -2.77431e-18 -0.000562833 -2.18499e-18 -0.000154232 -4.85458e-19
 9.26678e-05 -1.75766e-18  -0.00185474  1.61155e-17    0.0128609 -3.54156e-17   -0.0446848  2.25736e-17    0.0788246   2.6116e-17   -0.0518361 -4.88571e-17   -0.0156631  1.38711e-17    0.0119966  5.22428e-18   0.00488965 -3.05821e-18  0.000360557 -2.35722e-18  -2.3741e-05
 -2.3522e-19  0.000153801 -5.39553e-18  -0.00239713  2.80629e-17    0.0158597 -4.70108e-17   -0.0534892   2.6116e-17    0.0876665  2.76786e-17   -0.0406778 -4.16948e-17     -0.02959   1.4555e-18   0.00392659  2.02075e-18    0.0040809 -4.08986e-18  0.000567916  -1.4886e-18
  2.1534e-05 -3.74546e-19  -0.00021137 -1.02884e-17 -0.000540719  3.63267e-17    0.0119755 -5.14817e-17   -0.0518361  2.76786e-17    0.0882514  2.92099e-17   -0.0240206 -3.15856e-17   -0.0363956 -8.02741e-18  -0.00506648 -4.07267e-18   0.00139017 -4.28422e-18  0.000228385
 7.79504e-19  0.000150365  -4.2172e-19  -0.00139267 -1.30735e-17   0.00463529  3.57969e-17  0.000213771 -4.88571e-17   -0.0406778  2.92099e-17    0.0858087  3.36839e-17  -0.00484638 -1.83597e-17   -0.0332726 -1.27554e-17  -0.00963769 -7.87826e-18 -0.000526954 -2.60378e-18
-1.42561e-05  1.93626e-18  0.000348766 -8.21214e-19  -0.00287905  -1.0749e-17    0.0111086  2.67891e-17   -0.0156631 -4.16948e-17   -0.0240206  3.36839e-17    0.0856815  4.38852e-17    0.0158862 -2.20074e-18   -0.0208753 -1.13858e-17  -0.00791852 -6.64158e-18 -0.000628415
-6.17116e-19 -5.76718e-06  3.09481e-18  0.000288925 -1.85861e-18   -0.0030932 -4.06244e-18    0.0146227  1.38711e-17     -0.02959 -3.15856e-17  -0.00484638  4.38852e-17    0.0900271  5.90607e-17    0.0360927  1.37108e-17   -0.0047925 -5.63516e-18  -0.00321937 -2.78606e-18
-4.68091e-06 -1.24748e-18  8.11375e-05  3.54881e-18 -0.000332213 -2.90599e-18 -0.000904355  2.73048e-18    0.0119966   1.4555e-18   -0.0363956 -1.83597e-17    0.0158862  5.90607e-17    0.0958513  7.19106e-17    0.0494748   2.3201e-17    0.0063785 -4.18232e-19 -0.000202055
 1.60259e-19  -1.4449e-05 -1.55336e-18  0.000199303  2.81071e-18   -0.0011643  -3.1144e-18   0.00265641  5.22428e-18   0.00392659 -8.02741e-18   -0.0332726 -2.20074e-18    0.0360927  7.19106e-17    0.0950246  7.19732e-17     0.048711  2.19733e-17   0.00806464  1.05143e-18
-3.29042e-08   2.1897e-19 -8.43084e-06 -1.38671e-18  0.000171972   1.0625e-18  -0.00133878 -2.77431e-18   0.00488965  2.02075e-18  -0.00506648 -1.27554e-17   -0.0208753  1.37108e-17    0.0494748  7.19732e-17    0.0797842  5.54611e-17    0.0340754  1.30391e-17   0.00392877
 9.41808e-21 -2.39597e-06  1.74491e-19  2.31478e-05 -1.02623e-18 -4.27089e-05 -8.91257e-19 -0.000562833 -3.05821e-18    0.0040809 -4.07267e-18  -0.00963769 -1.13858e-17   -0.0047925   2.3201e-17     0.048711  5.54611e-17    0.0519406  3.08345e-17    0.0157776  4.30868e-18
 1.21406e-07  2.68933e-20 -3.86373e-06  9.60815e-20  4.15182e-05 -8.02672e-19 -0.000209828 -2.18499e-18  0.000360557 -4.08986e-18   0.00139017 -7.87826e-18  -0.00791852 -5.63516e-18    0.0063785  2.19733e-17    0.0340754  3.08345e-17    0.0239106    1.123e-17   0.00406808
-5.41573e-21 -5.63962e-08  2.81992e-20 -7.15662e-07  2.99409e-20  1.93033e-05 -7.03775e-19 -0.000154232 -2.35722e-18  0.000567916 -4.28422e-18 -0.000526954 -6.64158e-18  -0.00321937 -4.18232e-19   0.00806464  1.30391e-17    0.0157776    1.123e-17   0.00682149  2.18167e-18
  8.9088e-09 -4.93463e-21 -2.29795e-07  1.22862e-20  1.89245e-06 -1.61556e-20 -5.03048e-06 -4.85458e-19  -2.3741e-05  -1.4886e-18  0.000228385 -2.60378e-18 -0.000628415 -2.78606e-18 -0.000202055  1.05143e-18   0.00392877  4.30868e-18   0.00406808  2.18167e-18  0.000898878
