 4.78177e-13 -6.44299e-27 -1.11806e-11  2.40999e-25  9.74121e-11 -2.75035e-24  -4.8397e-10  1.79131e-23  1.56083e-09 -8.12217e-23 -3.43931e-09   2.8739e-22  5.22242e-09 -8.53601e-22 -5.26461e-09  2.20129e-21  3.04397e-09 -4.92998e-21 -3.25932e-10  9.43818e-21 -7.67055e-10 -1.51879e-20  3.09455e-10  2.02757e-20  1.70647e-10 -2.22003e-20 -9.21104e-11  1.96493e-20  -4.9641e-11 -1.37107e-20  1.74662e-11  7.15576e-21  1.55232e-11 -2.42008e-21 -3.85589e-13  2.08718e-22 -3.64748e-12  2.61497e-22 -1.11279e-12 -1.09896e-22  3.59092e-13 -2.85588e-23   3.6178e-13  4.75639e-23   8.1353e-14 -2.93508e-23 -3.01221e-14  1.68308e-23 -2.74391e-14 -6.99491e-24 -7.74684e-15 -6.02896e-25  5.67694e-16  2.22558e-24  1.38872e-15 -6.87341e-25  5.88456e-16 -1.57135e-25  1.05899e-16  1.25682e-25 -1.93157e-17 -3.83547e-26 -2.09718e-17  1.56405e-26 -7.89441e-18 -2.49028e-27 -1.66046e-18  9.06433e-28 -5.85941e-20 -1.64812e-27  1.09608e-19  2.85646e-28  5.22986e-20  2.85635e-28  1.46834e-20 -9.53583e-29  2.76561e-21 -1.64061e-29  2.62688e-22  7.58005e-30 -4.23806e-23  2.62899e-30 -2.79225e-23 -3.07551e-31 -8.08825e-24 -3.82692e-31 -1.67957e-24 -5.39533e-32 -2.68601e-25  3.52488e-32 -3.20161e-26  9.85723e-33 -2.20757e-27  -1.3637e-33  1.31028e-28 -8.93596e-34  7.64646e-29 -1.30392e-34  1.57449e-29  9.44645e-36  2.32324e-30  1.05793e-35  2.73928e-31   2.2229e-36  2.66327e-32 -3.87459e-38   2.1444e-33 -7.88993e-38  1.41008e-34 -9.72161e-39  7.29579e-36  2.46869e-41  2.69171e-37  1.00204e-40  4.53193e-39  1.66839e-41 -2.21986e-40  2.44024e-42 -2.15649e-41   2.1449e-43 -8.76698e-43  9.99098e-45 -1.85523e-44  2.79207e-46 -2.91548e-46  3.62239e-48
-6.44299e-27  1.63359e-11 -1.34531e-25 -2.15924e-10  3.53119e-24  1.42115e-09 -3.18474e-23  -5.7886e-09  1.70319e-22  1.58499e-08    -6.45e-22  -3.0059e-08  1.93764e-21  3.91452e-08 -5.02342e-21 -3.27776e-08  1.17248e-20  1.35834e-08 -2.44957e-20  2.44579e-09  4.44491e-20 -5.00594e-09 -6.80876e-20   4.5598e-10  8.63635e-20  1.36685e-09   -8.942e-20 -1.41225e-10  7.43291e-20 -3.72727e-10 -4.81811e-20 -1.78635e-11  2.28212e-20  8.80993e-11  -6.4393e-21  2.69458e-11 -1.81552e-22 -1.18542e-11  1.04503e-21 -9.88535e-12 -3.13255e-22 -1.21372e-12 -9.46164e-23  1.47424e-12  9.38264e-23  8.49424e-13 -4.49404e-23  1.09037e-13  4.09151e-23 -9.47054e-14 -2.52145e-23 -6.15361e-14  4.92712e-25 -1.47704e-14  6.11896e-24  1.70481e-15  -1.6592e-24  2.79746e-15 -4.20106e-25  1.13393e-15  1.89666e-25  2.16772e-16 -1.03241e-25 -2.04152e-17  8.26145e-26   -3.157e-17 -1.29505e-26 -1.27209e-17  8.04743e-28 -3.05251e-18 -4.68499e-27 -3.43866e-19  9.42946e-28  7.41369e-20   7.7762e-28  5.42243e-20 -3.14536e-28  1.76071e-20 -3.46662e-29  3.93735e-21  3.07131e-29  6.12548e-22  6.88556e-30  4.56237e-23 -1.61787e-30 -8.82017e-24 -1.13701e-30 -4.55762e-24 -9.86346e-32 -1.15109e-24  1.08991e-31 -2.14053e-25  2.27304e-32 -3.15889e-26  -5.7353e-33 -3.70981e-27 -2.57563e-33 -3.25285e-28 -3.41271e-34 -1.53629e-29  1.93473e-35  1.12719e-30  2.68009e-35  3.88881e-31  5.82772e-36  5.76433e-32 -1.04773e-37  6.17211e-33  -1.9786e-37  5.22774e-34 -2.14842e-38  3.59091e-35  5.10403e-40  2.00387e-36  2.55879e-40  8.89865e-38  3.57002e-41  3.02103e-39   4.5911e-42  7.37145e-41  3.51389e-43  1.28411e-42  1.35855e-44   1.3576e-44    2.691e-46 -9.32117e-48
-1.11806e-11 -1.34531e-25  2.73646e-10 -1.65177e-24 -2.50342e-09  3.32362e-23  1.31108e-08 -2.44789e-22 -4.48009e-08  1.09203e-21   1.0536e-07 -3.46771e-21 -1.72716e-07  8.77759e-21  1.92106e-07 -1.96148e-20 -1.30115e-07  4.12142e-20  3.07814e-08 -8.07191e-20  2.49425e-08  1.40037e-19  -1.7462e-08 -2.05679e-19 -3.94831e-09  2.48998e-19  5.26434e-09 -2.44313e-19  1.17112e-09  1.90787e-19 -1.28213e-09 -1.14731e-19 -5.10852e-10  4.90373e-20  2.01127e-10 -1.10368e-20   1.7545e-10 -2.04079e-21  9.79721e-12  2.45797e-21 -3.45289e-11 -3.91464e-22 -1.52021e-11 -3.23926e-22  6.07971e-13  1.14561e-22  3.10634e-12 -4.72076e-24  1.27586e-12  7.08673e-23   6.3335e-14 -6.24554e-23  -1.7293e-13  2.48699e-24 -9.19065e-14  1.28636e-23 -1.98944e-14 -2.17049e-24  2.51071e-15 -8.78303e-25  3.66631e-15 -8.04434e-26  1.47244e-15 -1.94751e-25  3.08613e-16  2.49422e-25 -1.08916e-18 -3.41131e-26 -2.88042e-17 -7.98441e-28 -1.29446e-17 -9.37553e-27 -3.48472e-18  1.95203e-27 -5.78854e-19  1.32613e-27 -1.55823e-20 -7.34272e-28  2.78265e-20 -2.86944e-29  1.16518e-20  8.46093e-29  3.01408e-21  1.23597e-29  5.74953e-22 -4.79869e-30  7.99651e-23 -2.25284e-30  6.23789e-24 -4.97457e-32 -5.05783e-25  2.26375e-31 -3.12885e-25  2.77366e-32 -7.35625e-26 -1.62454e-32 -1.24651e-26 -5.23282e-33 -1.68726e-27 -6.61013e-34 -1.87346e-28  6.51329e-36 -1.69673e-29  4.44442e-35 -1.20261e-30   1.0493e-35 -5.78817e-32 -2.04618e-37 -5.10435e-34 -3.43101e-37  2.41637e-34 -3.19347e-38  3.00767e-35  1.59441e-39  2.24639e-36  4.43385e-40  1.20195e-37  5.18949e-41  4.67392e-39  5.69665e-42   1.2821e-40  3.66591e-43   2.3813e-42  1.10728e-44  2.45578e-44  1.26402e-46
 2.40999e-25 -2.15924e-10 -1.65177e-24  2.99634e-09 -1.45388e-23  -2.0776e-08  2.35624e-22  8.95459e-08 -1.45158e-21 -2.60999e-07   5.4802e-21  5.31535e-07 -1.46701e-20 -7.54327e-07  3.10309e-20  7.10032e-07 -5.86494e-20 -3.70029e-07   1.0976e-19  6.14426e-09  -2.0278e-19  1.12196e-07  3.40391e-19 -3.34241e-08  -4.8375e-19 -2.77848e-08  5.61686e-19  1.08042e-08 -5.23165e-19  8.09873e-09  3.83678e-19 -1.89933e-09 -2.13649e-19 -2.41765e-09  8.18683e-20 -1.13244e-10  -1.3545e-20  5.36825e-10 -6.08408e-21  2.01418e-10   4.1929e-21 -4.27805e-11  1.50998e-22 -5.81442e-11 -9.44576e-22 -1.57847e-11  7.88608e-23  3.93427e-12  1.46008e-22  4.55776e-12  1.10881e-22  1.46052e-12 -1.26084e-22 -2.45193e-14 -3.97919e-25 -2.27762e-13  2.38575e-23 -1.06775e-13 -2.59644e-25 -2.21798e-14 -1.53444e-24  2.22451e-15 -1.15486e-24  3.57479e-15 -3.23622e-25  1.46633e-15  5.46482e-25  3.39993e-16 -5.93499e-26  2.50522e-17 -4.36963e-28 -1.67389e-17 -1.45976e-26 -9.23788e-18  2.78694e-27 -2.78421e-18  1.35842e-27 -5.69658e-19 -1.42532e-27 -6.85464e-20  4.65788e-29  3.00732e-21  1.83005e-28  4.27814e-21  1.81079e-29   1.3802e-21 -9.91826e-30  3.04557e-22 -3.25937e-30  5.17144e-23  2.42681e-31  6.77436e-24  3.58737e-31  6.13708e-25   7.8052e-34  1.43881e-26 -3.65554e-32 -8.03956e-27 -8.81974e-33 -2.08058e-27 -1.15582e-33 -3.31337e-28 -7.95994e-35 -4.06079e-29   5.2166e-35   -4.051e-30  1.47461e-35 -3.34048e-31 -3.48842e-37 -2.27024e-32 -4.74928e-37 -1.24871e-33 -3.66581e-38 -5.33952e-35  3.00834e-39 -1.61971e-36  5.91983e-40 -2.60271e-38   5.8205e-41  2.23833e-40  5.30893e-42  2.52448e-41  2.75425e-43  6.55874e-43  5.89776e-45  5.44447e-45
 9.74121e-11  3.53119e-24 -2.50342e-09 -1.45388e-23  2.41228e-08 -9.98224e-23 -1.33583e-07  1.34453e-21  4.85095e-07 -7.05958e-21 -1.22089e-06  2.28663e-20  2.16503e-06 -5.19932e-20 -2.65597e-06  9.12651e-20  2.08046e-06 -1.42056e-19 -7.48539e-07  2.32214e-19 -2.47492e-07 -4.08598e-19  3.28311e-07  6.75779e-19 -3.18473e-09 -9.40387e-19 -9.62387e-08  1.05275e-18  2.60967e-09  -9.3173e-19  2.66551e-08  6.40867e-19  3.04488e-09 -3.29803e-19 -6.18792e-09  1.12804e-19 -2.32675e-09 -1.16407e-20  7.54305e-10 -1.23062e-20  7.79401e-10  5.75915e-21  1.28464e-10   1.8861e-21 -1.08028e-10 -2.23895e-21 -7.07474e-11 -4.83212e-23 -1.13648e-11  4.54254e-22  7.16095e-12  1.86223e-22  5.23597e-12 -2.23234e-22  1.38836e-12  -2.1007e-23 -9.38829e-14  4.02414e-23 -2.35737e-13  7.15514e-24  -1.0268e-13 -2.03841e-24 -2.16396e-14 -3.53369e-24  9.84813e-16  -5.7028e-25  2.69128e-15  9.41243e-25  1.16369e-15 -6.94595e-26   2.9758e-16  1.36263e-26  3.97153e-17  -1.6945e-26 -4.55623e-18  2.54379e-27  -4.5838e-18 -7.30753e-29 -1.59597e-18 -2.49015e-27 -3.76429e-19  2.16949e-28 -6.33339e-20  3.28059e-28 -6.21096e-21  2.44642e-29  3.66249e-22 -1.51613e-29   3.3921e-22 -3.12323e-30  9.41758e-23  9.68534e-31  1.83855e-23  4.47085e-31  2.82812e-24 -8.91746e-32  3.50453e-25 -7.00827e-32  3.40638e-26 -1.34013e-32  2.29112e-27 -1.99596e-33  3.65847e-29 -3.04949e-34 -1.72904e-29  3.66778e-35 -3.23546e-30  1.66814e-35 -3.69955e-31 -5.66137e-37 -3.19442e-32 -5.57783e-37 -2.18776e-33 -3.43815e-38 -1.19765e-34  4.15854e-39 -5.17016e-36  6.37648e-40 -1.71397e-37  5.25583e-41 -4.18476e-39  3.87411e-42 -6.92297e-41  1.52959e-43  -5.3689e-43  1.88747e-45
-2.75035e-24  1.42115e-09  3.32362e-23  -2.0776e-08 -9.98224e-23  1.52286e-07 -5.59476e-22 -6.96878e-07  6.40075e-21   2.1691e-06 -2.90822e-20 -4.75689e-06  8.18555e-20  7.36817e-06 -1.59596e-19 -7.77401e-06  2.31492e-19  4.91787e-06 -2.86007e-19 -8.74921e-07  3.93616e-19  -1.1486e-06 -6.71785e-19  6.58574e-07  1.12837e-18   2.1885e-07  -1.5625e-18 -2.13274e-07  1.69561e-18 -6.45297e-08 -1.42543e-18  5.29221e-08  9.16864e-19  2.56048e-08 -4.35556e-19 -7.88819e-09  1.33751e-19 -8.40555e-09 -5.75637e-21 -7.89383e-10 -2.00425e-20  1.60773e-09  7.08477e-21   7.8448e-10  5.19676e-21 -6.18824e-12 -4.46749e-21 -1.54401e-10 -3.41082e-22 -6.82463e-11  9.56158e-22 -4.87669e-12  3.51468e-22  8.84104e-12 -3.59057e-22  5.00931e-12 -7.82362e-23  1.16134e-12   6.0877e-23 -1.09018e-13  2.36471e-23 -1.99516e-13 -1.29123e-24 -8.40423e-14  -7.4543e-24 -1.86812e-14 -1.13867e-24 -3.96097e-16    1.299e-24  1.54899e-15 -3.92229e-26  7.39602e-16  6.20908e-26  2.07677e-16  -9.8422e-27  3.69595e-17  6.98655e-28  1.99306e-18 -3.96766e-27 -1.36726e-18 -4.10533e-27 -6.37204e-19  4.30393e-28  -1.7237e-19  4.97957e-28  -3.4245e-20  3.34876e-29 -5.07827e-21 -1.66359e-29 -4.84397e-22 -3.68896e-31  2.78405e-24  2.32742e-30  1.33311e-23  4.22633e-31  3.51767e-24 -2.68631e-31  6.23051e-25 -1.18828e-31  8.66373e-26 -1.93495e-32  9.86077e-27 -3.42676e-33  9.24196e-28 -7.19498e-34  6.99917e-29 -1.04711e-35  4.03078e-30  1.48146e-35  1.42041e-31 -8.85972e-37 -1.61291e-33 -5.76669e-37 -6.95771e-34 -2.73634e-38 -5.97057e-35  4.52625e-39 -3.22584e-36  5.65908e-40 -1.21244e-37  3.88022e-41 -3.13876e-39   2.2339e-42 -4.88934e-41  6.11016e-44 -2.75563e-43
 -4.8397e-10 -3.18474e-23  1.31108e-08  2.35624e-22 -1.33583e-07 -5.59476e-22  7.85162e-07 -2.63228e-21 -3.04123e-06  2.59974e-20  8.21932e-06 -1.03496e-19 -1.58103e-05  2.56026e-19  2.14064e-05 -4.32448e-19 -1.92315e-05  5.17762e-19  9.28147e-06 -4.81684e-19  5.50779e-07  5.15267e-19 -3.25518e-06 -8.91465e-19  7.71368e-07  1.61028e-18   8.7085e-07  -2.2695e-18 -2.77244e-07  2.39947e-18 -2.59129e-07 -1.91048e-18  4.73882e-08  1.14247e-18  7.73675e-08 -5.01715e-19  6.16263e-09   1.4342e-19 -1.71861e-08 -4.00057e-22 -7.06261e-09 -2.87656e-20  1.28324e-09  9.07764e-21   2.0099e-09  1.01955e-20  5.80679e-10 -7.82419e-21 -1.31443e-10 -9.65288e-22 -1.65635e-10  1.68154e-21   -5.514e-11  6.88174e-22  3.91605e-13 -5.30966e-22  8.57277e-12  -1.9299e-22  4.14032e-12  7.96342e-23  8.90512e-13  5.20506e-23 -7.75296e-14  2.81787e-24 -1.40206e-13 -1.25578e-23 -5.90608e-14 -2.35576e-24 -1.41198e-14  1.37819e-24 -1.19624e-15  4.53763e-26  6.31462e-16  1.68599e-25  3.69538e-16   1.6336e-26  1.14543e-16 -1.66585e-27  2.42284e-17 -1.08112e-26  3.16893e-18 -6.52874e-27 -2.29196e-20  5.14195e-28 -1.53514e-19  6.39597e-28 -5.28171e-20   4.6509e-29 -1.20156e-20 -9.92979e-30 -2.09788e-21  6.42395e-30 -2.86578e-22  4.46844e-30 -2.87351e-23  2.34633e-31 -1.44196e-24 -5.46964e-31  1.71059e-25 -1.82144e-31  6.06731e-26 -2.72171e-32  1.03182e-26 -5.63242e-33  1.29289e-27 -1.31824e-33   1.2984e-28 -8.68477e-35  1.07101e-29  8.91126e-36  7.27255e-31 -1.29691e-36  4.01712e-32 -5.38856e-37  1.75709e-33 -1.92927e-38  5.79564e-35  4.01028e-39  1.30555e-36  4.17589e-40  1.44582e-38  2.34524e-41 -1.35302e-40  1.00339e-42  -5.3906e-42  1.55064e-44
 1.79131e-23  -5.7886e-09 -2.44789e-22  8.95459e-08  1.34453e-21 -6.96878e-07 -2.63228e-21  3.40019e-06 -1.05973e-20 -1.13476e-05  9.15082e-20   2.6894e-05 -3.22474e-19 -4.55805e-05  7.07922e-19   5.3844e-05 -1.04607e-18 -4.04721e-05  1.03508e-18  1.31198e-05 -6.66688e-19  6.13017e-06  4.33812e-19 -6.70173e-06 -8.94151e-19 -2.70593e-07  1.97927e-18  2.09751e-06 -2.93269e-18  2.25074e-08  3.03216e-18 -6.01463e-07 -2.26989e-18 -8.64598e-08  1.24713e-18  1.43109e-07 -5.10134e-19  5.81629e-08  1.50754e-19 -1.76346e-08 -3.20478e-21 -1.95973e-08 -3.91969e-20 -3.38993e-09  1.36912e-20  2.79821e-09  1.69279e-20  1.87907e-09 -1.24242e-20  3.04787e-10 -2.21499e-21 -1.98524e-10  2.64616e-21 -1.46215e-10  1.29129e-21  -3.8924e-11 -7.18761e-22  2.91955e-12 -3.82204e-22  6.90829e-12  8.35907e-23  3.02026e-12  9.29375e-23  6.39044e-13  1.32523e-23 -3.07716e-14 -1.76953e-23   -8.153e-14 -4.57878e-24 -3.54814e-14  8.78938e-25   -9.174e-15  1.66274e-25 -1.26114e-15  3.47835e-25  1.24884e-16   7.2546e-26  1.37575e-16 -8.97541e-28  4.87653e-17 -2.00442e-26  1.16859e-17 -1.00311e-26  2.01906e-18   1.9172e-28   2.1576e-19  6.73678e-28 -4.69029e-21  5.90782e-29 -8.98638e-21  6.83164e-30  -2.6276e-21   1.7812e-29 -5.23599e-22  7.37683e-30 -8.17606e-23  -1.3634e-31 -1.03321e-23 -9.09567e-31 -1.04423e-24 -2.55958e-31 -7.84955e-26 -3.72771e-32 -3.10148e-27 -8.55854e-33  2.13884e-28 -2.01917e-33  5.95852e-29 -1.77657e-34   7.2731e-30  2.98005e-37  6.31728e-31 -1.71827e-36  4.23947e-32 -4.63835e-37  2.23259e-33 -1.28232e-38  9.11815e-35  2.93578e-39  2.79258e-36  2.56435e-40  5.94054e-38   1.1486e-41  7.46973e-40  3.34923e-43  3.60186e-42
 1.56083e-09  1.70319e-22 -4.48009e-08 -1.45158e-21  4.85095e-07  6.40075e-21 -3.04123e-06 -1.05973e-20  1.26243e-05 -3.70335e-20 -3.67995e-05  2.82493e-19  7.70673e-05 -8.88635e-19 -0.000115384  1.74477e-18  0.000118318 -2.27433e-18 -7.21451e-05  1.86307e-18  1.01648e-05 -7.02966e-19  1.92218e-05 -7.85726e-20 -1.00512e-05 -4.88149e-19 -4.00393e-06  2.09706e-18  3.50555e-06 -3.42608e-18  1.19338e-06  3.46731e-18 -9.13756e-07 -2.40332e-18 -4.71488e-07  1.18227e-18  1.42637e-07 -4.60167e-19  1.58797e-07  1.72829e-19  1.47656e-08 -2.20939e-20 -3.19332e-08 -5.40249e-20 -1.55782e-08  2.33604e-20  3.35035e-10  2.57102e-20  3.27542e-09 -1.82708e-20  1.42498e-09 -4.49591e-21  8.11354e-11  3.81805e-21  -2.0169e-10  2.24636e-21 -1.11366e-10 -8.75248e-22  -2.4971e-11  -6.5257e-22  3.07763e-12  5.39609e-23  4.74498e-12  1.43396e-22  1.96288e-12  3.31081e-23  4.28178e-13 -2.10391e-23  4.31402e-15 -8.02566e-24 -3.82447e-14 -4.62671e-25 -1.79445e-14  2.61275e-25 -5.01979e-15  5.93606e-25 -8.94684e-16  1.67998e-25 -4.97838e-17  9.06273e-27   3.2318e-17 -2.99096e-26  1.51917e-17 -1.47596e-26  4.12767e-18 -8.26461e-28  8.25907e-19  5.14478e-28  1.24608e-19  5.62744e-29  1.26263e-20  2.99716e-29  2.09817e-22  3.26873e-29  -2.5763e-22  1.07297e-29 -7.26522e-23 -6.90231e-31 -1.30695e-23 -1.32056e-30 -1.82428e-24 -3.32969e-31 -2.07833e-25 -4.90149e-32 -1.95509e-26 -1.18168e-32 -1.50308e-27 -2.67792e-33 -9.09999e-29 -2.60461e-34 -3.90421e-30  -8.6121e-36 -6.94841e-32 -2.02183e-36  5.48502e-33 -3.71807e-37  6.22965e-34 -8.61447e-39  3.41217e-35  1.78127e-39  1.19252e-36  1.30159e-40   2.5921e-38  4.44383e-42  2.79648e-40  7.25328e-44
-8.12217e-23  1.58499e-08  1.09203e-21 -2.60999e-07 -7.05958e-21   2.1691e-06  2.59974e-20 -1.13476e-05 -3.70335e-20  4.08207e-05 -1.13633e-19 -0.000105056  7.72309e-19  0.000195546  -2.1835e-18 -0.000258809   3.8576e-18  0.000228191 -4.46353e-18 -0.000106495  3.02636e-18 -1.12069e-05 -3.81525e-19  4.15668e-05 -1.23798e-18 -9.05668e-06  4.41295e-19 -1.17678e-05  1.90136e-18  3.63828e-06 -3.68006e-18  3.62597e-06  3.63256e-18 -6.78927e-07 -2.26242e-18 -1.12776e-06  9.34267e-19 -7.95098e-08 -3.65505e-19  2.66556e-07  2.28526e-19  1.06493e-07 -6.22083e-20 -2.35297e-08 -7.77262e-20 -3.29916e-08  4.00393e-20 -8.96551e-09   3.7325e-20  2.61466e-09 -2.51587e-20  2.90223e-09 -8.23695e-21  9.15297e-10  5.06962e-21   -4.097e-11  3.60121e-21 -1.63812e-10 -9.25545e-22 -7.53554e-11 -9.95854e-22 -1.51102e-11  -2.9432e-23  2.07632e-12  1.96797e-22  2.80018e-12  6.44943e-23  1.13542e-12 -2.05337e-23  2.62604e-13 -1.26041e-23   1.8733e-14 -2.77021e-24 -1.34857e-14  2.31839e-25 -7.42517e-15  8.74752e-25 -2.25975e-15  3.06937e-25 -4.72761e-16  3.50652e-26 -6.11796e-17 -3.78606e-26  5.36301e-19 -2.05949e-26  2.96798e-18 -2.71028e-27  1.01313e-18  9.82396e-29  2.29408e-19  1.22734e-29  3.99923e-20  4.93021e-29  5.49212e-21  4.79523e-29  5.65447e-22   1.3811e-29  3.32767e-23 -1.43112e-30 -1.90161e-24 -1.73304e-30 -9.05361e-25  -4.0393e-31 -1.58637e-25 -6.09484e-32 -1.98353e-26 -1.47599e-32 -1.96445e-27 -3.13774e-33 -1.58745e-28  -3.1406e-34 -1.05117e-29 -1.53651e-35 -5.64568e-31 -2.09754e-36 -2.40305e-32 -2.78006e-37 -7.78022e-34 -6.00136e-39 -1.77536e-35  8.89098e-40 -2.41798e-37  5.37157e-41 -1.19133e-39  1.28605e-42  3.56653e-42
-3.43931e-09    -6.45e-22   1.0536e-07   5.4802e-21 -1.22089e-06 -2.90822e-20  8.21932e-06  9.15082e-20 -3.67995e-05 -1.13633e-19  0.000116389 -3.09084e-19  -0.00026676  1.88533e-18  0.000443194 -4.81721e-18 -0.000517808  7.69149e-18  0.000386213 -7.93022e-18   -0.0001212   4.4281e-18 -6.56371e-05  5.28993e-19   6.9093e-05 -3.13334e-18   3.3894e-06  1.84391e-18 -2.29268e-05  1.44363e-18 -9.97814e-08 -3.70444e-18  6.93388e-06  3.53623e-18  8.91958e-07  -1.8676e-18 -1.77066e-06  5.22432e-19 -6.78669e-07 -2.44292e-19  2.52837e-07  3.31794e-19  2.52309e-07 -1.24182e-19  3.57957e-08 -1.15476e-19 -4.14627e-08  6.42316e-20 -2.54464e-08  5.28841e-20 -3.26832e-09 -3.25387e-20   3.2454e-09 -1.37402e-20   2.1428e-09  6.15207e-21  5.14767e-10  5.33883e-21 -7.65664e-11 -7.81768e-22 -1.12831e-10 -1.38772e-21 -4.61158e-11 -1.81242e-22 -8.84994e-12  2.43942e-22  9.66422e-13   1.0745e-22  1.41161e-12 -1.45475e-23  5.78654e-13 -1.78375e-23  1.43446e-13 -5.95906e-24  1.78922e-14 -2.70017e-26  -2.7637e-15   1.1436e-24 -2.38169e-15   4.8692e-25 -8.10962e-16  8.22672e-26 -1.90194e-16 -4.13841e-26 -3.22863e-17 -2.70764e-26  -3.3715e-18 -5.40165e-27  8.76714e-20 -5.91966e-28  1.42544e-19 -1.03739e-28  4.09075e-20  5.03972e-29   8.0439e-21  5.90303e-29  1.24239e-21  1.56001e-29  1.55803e-22 -2.37471e-30  1.57477e-23  -2.1006e-30  1.21306e-24 -4.59569e-31  5.66147e-26 -7.09491e-32 -1.28238e-27 -1.67081e-32 -6.18282e-28 -3.29012e-33 -7.79957e-29 -3.26843e-34 -6.64687e-30 -1.84913e-35 -4.27846e-31 -1.91602e-36 -2.12229e-32 -1.92622e-37 -7.98825e-34  -4.1431e-39 -2.17683e-35  3.57517e-40 -3.89635e-37  1.74614e-41 -3.67771e-39   2.4158e-43
  2.8739e-22  -3.0059e-08 -3.46771e-21  5.31535e-07  2.28663e-20 -4.75689e-06 -1.03496e-19   2.6894e-05  2.82493e-19 -0.000105056 -3.09084e-19   0.00029558  -7.5145e-19 -0.000607612  4.13924e-18  0.000903629 -9.60019e-18  -0.00092827  1.38925e-17  0.000569574 -1.27792e-17  -7.7383e-05  5.79769e-18 -0.000163067  2.18887e-18  8.78057e-05 -5.62113e-18  3.46533e-05  3.48092e-18 -3.27972e-05   8.5992e-19 -1.04315e-05 -3.56703e-18  9.26114e-06  3.26449e-18  4.39595e-06  -1.3024e-18 -1.68634e-06 -1.42842e-20  -1.6297e-06 -1.09035e-19 -7.45309e-08  4.88053e-19  3.73713e-07  -2.0417e-19  1.62371e-07 -1.71552e-19 -1.50852e-08  9.43434e-20 -4.07391e-08  7.33479e-20 -1.58068e-08 -3.94452e-20    6.654e-11 -2.10111e-20  2.80453e-09   6.7307e-21  1.38224e-09  7.36213e-21  2.62991e-10 -3.72022e-22 -6.51223e-11 -1.79139e-21 -6.76057e-11 -4.04098e-22 -2.57303e-11   2.7534e-22 -5.02752e-12  1.59385e-22  2.41522e-13 -2.47599e-24  5.94943e-13 -2.29496e-23  2.55029e-13 -9.73727e-24  6.78455e-14  -5.8388e-25  1.12978e-14  1.35494e-24  3.54836e-16  6.99707e-25 -5.17161e-16  1.52025e-25 -2.19843e-16 -3.88272e-26 -5.75214e-17 -3.34335e-26 -1.12203e-17 -8.58628e-27 -1.65477e-18 -1.51582e-27 -1.63123e-19 -3.16579e-28  -2.1501e-21  1.96068e-29  3.36654e-21  6.12105e-29  9.20083e-22   1.5075e-29  1.61757e-22 -3.52283e-30  2.20953e-23 -2.38462e-30  2.46427e-24 -4.92438e-31  2.27141e-25 -7.69287e-32  1.71678e-26 -1.72089e-32  1.03301e-27 -3.11435e-33  4.58776e-29 -3.00329e-34  1.14509e-30 -1.79489e-35  -2.0228e-32   -1.542e-36 -3.77484e-33 -1.22194e-37  -2.0401e-34  -2.6376e-39 -6.33037e-36  1.10748e-40 -1.09859e-37  4.19796e-42 -7.27667e-40
 5.22242e-09  1.93764e-21 -1.72716e-07 -1.46701e-20  2.16503e-06  8.18555e-20 -1.58103e-05 -3.22474e-19  7.70673e-05  7.72309e-19  -0.00026676  -7.5145e-19  0.000674255 -1.64487e-18  -0.00125041  8.22575e-18   0.00166707 -1.73761e-17  -0.00149454  2.28199e-17  0.000716993 -1.86968e-17  7.25837e-05  6.69938e-18 -0.000296775   4.5743e-18  7.34132e-05 -8.28908e-18  8.68083e-05  4.99239e-18 -3.19313e-05  2.84828e-19 -2.79685e-05 -3.34314e-18  7.22458e-06  2.95603e-18  9.43454e-06 -6.90927e-19  9.51134e-08 -6.34145e-19 -2.52456e-06  3.78488e-20 -8.49167e-07  6.94633e-19  3.09527e-07   -2.948e-19  3.22081e-07  -2.4773e-19  6.93596e-08  1.26567e-19 -3.60918e-08  9.88529e-20 -3.06435e-08 -4.46041e-20 -8.14754e-09 -2.96345e-20  1.29756e-09  6.49189e-21  1.97644e-09   9.5028e-21  8.02825e-10  3.27681e-22  1.28106e-10 -2.16568e-21 -4.01928e-11 -6.85624e-22 -3.55416e-11  2.83761e-22 -1.30655e-11   2.1529e-22 -2.70772e-12  1.49231e-23 -6.56184e-14 -2.70967e-23  1.99585e-13 -1.36763e-23  9.44668e-14 -1.43294e-24  2.70052e-14  1.48727e-24  5.33645e-15  9.34645e-25  6.15982e-16  2.41309e-25 -3.26456e-17 -2.97876e-26 -3.95236e-17 -3.87003e-26 -1.24252e-17 -1.17601e-26 -2.70211e-18 -2.58281e-27  -4.5716e-19  -6.3304e-28 -6.11156e-20 -5.01692e-29 -6.12054e-21  5.13834e-29 -3.46802e-22  1.16401e-29  2.07411e-23 -4.81737e-30  9.26215e-24 -2.55646e-30   1.5678e-24 -4.98202e-31   1.8941e-25 -7.75536e-32  1.80784e-26 -1.61956e-32  1.40244e-27 -2.67744e-33  8.87077e-29 -2.46676e-34  4.52323e-30 -1.48391e-35  1.81332e-31 -1.09389e-36  5.47176e-33 -6.99438e-38  1.15247e-34 -1.46386e-39  1.47024e-36  2.38046e-41  8.08961e-39  6.38636e-43
-8.53601e-22  3.91452e-08  8.77759e-21 -7.54327e-07 -5.19932e-20  7.36817e-06  2.56026e-19 -4.55805e-05 -8.88635e-19  0.000195546  1.88533e-18 -0.000607612 -1.64487e-18   0.00139146 -3.26299e-18  -0.00233927  1.48827e-17   0.00279597 -2.87034e-17  -0.00216027  3.42021e-17  0.000728418 -2.48312e-17  0.000365128  6.63367e-18 -0.000432735  7.39606e-18 -1.95499e-06 -1.05224e-17  0.000150203  6.02652e-18 -8.52147e-06 -2.42694e-19 -4.86413e-05 -3.06782e-18 -2.88682e-06    2.769e-18  1.39149e-05  -1.6685e-19  4.21679e-06 -1.30582e-18 -2.53001e-06  2.00734e-19 -1.95489e-06  9.43429e-19 -1.19003e-07 -3.85967e-19  4.07561e-07 -3.41971e-19  2.05172e-07  1.55425e-19  9.55992e-09  1.28095e-19 -3.57068e-08 -4.67825e-20 -1.93205e-08 -3.87687e-20 -3.52545e-09   5.2864e-21  1.32157e-09  1.15595e-20  1.20151e-09  1.27581e-21  4.28504e-10 -2.47431e-21  6.26891e-11 -1.00039e-21 -1.93105e-11  2.66021e-22 -1.63334e-11  2.68592e-22 -5.97157e-12  3.55437e-23 -1.33437e-12  -2.9667e-23 -1.19306e-13 -1.73247e-23  4.67256e-14 -2.47819e-24  2.80887e-14  1.55631e-24  8.75449e-15  1.18301e-24  1.93699e-15  3.43956e-25  3.08061e-16  -1.4885e-26  2.76362e-17 -4.18629e-26 -2.23393e-18 -1.43581e-26 -1.63334e-18 -3.67105e-27 -4.28856e-19 -1.03367e-27 -8.04331e-20 -1.55423e-28 -1.19799e-20  2.94493e-29 -1.45404e-21  5.47552e-30 -1.42373e-22 -6.10967e-30 -1.06254e-23 -2.59771e-30 -4.82174e-25  -4.7628e-31  9.70514e-27 -7.26684e-32  4.71978e-27 -1.39781e-32  5.68723e-28 -2.09928e-33  4.57918e-29 -1.82365e-34  2.75244e-30  -1.0691e-35  1.25437e-31 -6.83457e-37  4.23076e-33 -3.55591e-38  9.91798e-35 -6.81285e-40   1.4099e-36  2.43868e-42  7.90662e-39
-5.26461e-09 -5.02342e-21  1.92106e-07  3.10309e-20 -2.65597e-06 -1.59596e-19  2.14064e-05  7.07922e-19 -0.000115384  -2.1835e-18  0.000443194  4.13924e-18  -0.00125041 -3.26299e-18   0.00261415 -5.90138e-18  -0.00400008  2.46474e-17   0.00427908 -4.34664e-17   -0.0027908  4.69002e-17  0.000486069 -2.98739e-17  0.000798482  5.21211e-18 -0.000508465  1.01085e-17 -0.000155924 -1.16556e-17  0.000200305  6.36242e-18   4.5698e-05 -8.27394e-19 -6.26018e-05 -2.71738e-18 -2.26954e-05  2.85117e-18   1.4133e-05  1.58891e-19  1.01883e-05 -2.01358e-18 -6.75848e-07  3.81651e-19 -2.88688e-06  1.22284e-18 -9.67362e-07 -4.65168e-19  2.64203e-07 -4.47507e-19  3.32298e-07  1.75015e-19  1.01464e-07  1.58048e-19 -1.54959e-08 -4.53082e-20 -2.62996e-08 -4.73087e-20  -1.0695e-08   3.2356e-21 -1.29099e-09  1.33561e-20  9.17305e-10  2.37476e-21  6.46279e-10 -2.69146e-21  2.12527e-10 -1.31532e-21  3.15735e-11  2.23502e-22 -7.04171e-12  3.12306e-22  -6.4584e-12  5.62387e-23 -2.40972e-12 -3.05369e-23 -5.80391e-13 -2.03262e-23 -8.12238e-14 -3.55025e-24  3.34378e-15  1.61361e-24  6.10458e-15  1.44108e-24  2.20384e-15  4.53016e-25   5.3558e-16  4.89786e-27  9.86122e-17 -4.20009e-26  1.36127e-17 -1.58914e-26  1.17588e-18  -4.6489e-27 -2.49748e-20 -1.47197e-27 -3.45019e-20 -2.81512e-28 -8.30956e-21 -1.25697e-30  -1.3734e-21 -2.39281e-30 -1.78989e-22 -7.17771e-30 -1.91282e-23 -2.50209e-30 -1.69034e-24 -4.29909e-31 -1.22341e-25 -6.32883e-32 -7.03892e-27 -1.10943e-32 -2.99452e-28 -1.50508e-33 -7.39136e-30 -1.21795e-34  7.67694e-32 -6.78221e-36  1.71817e-32 -3.75015e-37  8.34372e-34 -1.57765e-38  2.16281e-35  -2.5624e-40  2.72263e-37 -2.65714e-43
 2.20129e-21 -3.27776e-08 -1.96148e-20  7.10032e-07  9.12651e-20 -7.77401e-06 -4.32448e-19   5.3844e-05  1.74477e-18 -0.000258809 -4.81721e-18  0.000903629  8.22575e-18  -0.00233927 -5.90138e-18   0.00449612 -9.78539e-18  -0.00628262  3.75529e-17   0.00599257  -6.0591e-17  -0.00318388  5.89649e-17 -0.000103909 -3.23829e-17   0.00131123  2.32298e-18 -0.000447234  1.20404e-17 -0.000380033 -1.11479e-17  0.000201803  5.96291e-18  0.000128126 -1.69558e-18 -5.62849e-05 -2.22749e-18 -4.91416e-05  3.31783e-18  6.08713e-06  2.26368e-19  1.58501e-05 -2.75324e-18  3.53371e-06  5.69939e-19 -2.82232e-06  1.51698e-18  -2.0198e-06 -5.18184e-19 -2.21671e-07 -5.52507e-19  3.42824e-07  1.80843e-19  2.10606e-07  1.84266e-19  3.77545e-08 -4.05553e-20 -1.91303e-08 -5.42056e-20 -1.62127e-08  7.25941e-22  -5.3715e-09  1.47928e-20 -4.15719e-10  3.50591e-21   5.0883e-10 -2.80002e-21  3.10597e-10 -1.59524e-21  9.79761e-11  1.61721e-22  1.59215e-11   3.4021e-22 -1.62717e-12  7.33339e-23 -2.12742e-12 -3.01802e-23 -8.35527e-13 -2.25045e-23 -2.15605e-13  -4.4516e-24 -3.79392e-14  1.73032e-24  -3.1366e-15  1.71004e-24  6.92839e-16  5.62868e-25  3.91496e-16  2.88552e-26  1.08271e-16 -3.84238e-26  2.19364e-17 -1.60488e-26   3.5036e-18 -5.39343e-27  4.40714e-19 -1.88227e-27  4.03973e-20  -4.0607e-28  1.72342e-21 -3.47909e-29 -2.45658e-22 -1.03723e-29 -7.38182e-23  -7.7935e-30 -1.12977e-23 -2.27914e-30 -1.27561e-24  -3.6563e-31 -1.14615e-25 -5.12166e-32 -8.36496e-27 -8.11112e-33 -4.95348e-28 -9.87948e-34 -2.34396e-29 -7.35749e-35 -8.60249e-31 -3.80269e-36 -2.32784e-32 -1.79658e-37 -4.25345e-34  -5.9749e-39 -4.38287e-36  -7.3534e-41 -1.47315e-38
 3.04397e-09  1.17248e-20 -1.30115e-07 -5.86494e-20  2.08046e-06  2.31492e-19 -1.92315e-05 -1.04607e-18  0.000118318   3.8576e-18 -0.000517808 -9.60019e-18   0.00166707  1.48827e-17  -0.00400008 -9.78539e-18   0.00711586 -1.49554e-17  -0.00910456  5.28919e-17    0.0076921 -7.80547e-17  -0.00311567  6.80731e-17  -0.00106299 -3.12531e-17   0.00178078 -1.81954e-18 -0.000185994  1.26211e-17 -0.000630436 -8.70447e-18  0.000120759  4.94196e-18  0.000220537 -3.11962e-18  -1.7849e-05 -1.53798e-18 -7.33918e-05   4.2358e-18 -1.22361e-05  4.66156e-20  1.76558e-05 -3.52006e-18  9.45719e-06  7.36078e-19 -9.74223e-07  1.80231e-18 -2.75022e-06 -5.31329e-19 -1.00595e-06 -6.40717e-19  1.30104e-07  1.71797e-19  2.71354e-07  2.01903e-19  1.11625e-07 -3.41218e-20   8.4424e-09   -5.885e-20 -1.43185e-08 -1.73862e-21 -8.77949e-09   1.5859e-20 -2.51482e-09  4.57246e-21 -1.38279e-10 -2.78312e-21  2.34853e-10 -1.80544e-21  1.33143e-10  8.98705e-23  4.15224e-11  3.48014e-22  7.58453e-12   8.3316e-23  5.46579e-14  -2.9561e-23 -5.46271e-13 -2.38862e-23 -2.39588e-13 -5.01182e-24 -6.62024e-14  1.97243e-24 -1.32985e-14   1.9925e-24 -1.84944e-15  6.69976e-25 -1.00444e-16  5.67601e-26  3.45876e-17 -3.08206e-26  1.42718e-17 -1.47453e-26  3.29252e-18 -5.80579e-27  5.72992e-19  -2.1947e-27  8.03776e-20 -5.05222e-28  9.20778e-21  -6.4397e-29  8.44725e-22 -1.68258e-29  5.75113e-23 -7.80918e-30  2.06291e-24  -1.9564e-30 -1.20477e-25  -2.9213e-31 -2.99484e-26 -3.84801e-32 -3.15132e-27 -5.46559e-33 -2.29807e-28 -5.93706e-34 -1.25156e-29 -4.01688e-35 -5.09739e-31 -1.88272e-36 -1.49414e-32 -7.43884e-38 -2.88046e-34 -1.86967e-39 -2.91885e-36 -1.39946e-41
-4.92998e-21  1.35834e-08  4.12142e-20 -3.70029e-07 -1.42056e-19  4.91787e-06  5.17762e-19 -4.04721e-05 -2.27433e-18  0.000228191  7.69149e-18  -0.00092827 -1.73761e-17   0.00279597  2.46474e-17  -0.00628262 -1.49554e-17    0.0104141 -2.11746e-17   -0.0122261  6.91842e-17    0.0090516 -9.32833e-17  -0.00241124  7.22521e-17  -0.00230743 -2.61416e-17   0.00204899 -6.80282e-18  0.000293364  1.16093e-17 -0.000832489 -4.29813e-18 -5.91691e-05  3.48664e-18  0.000290633 -5.32859e-18  5.59245e-05 -6.45982e-19 -8.25708e-05  5.60987e-18 -3.86389e-05 -2.91478e-19  1.19747e-05 -4.29193e-18  1.50375e-05  8.33878e-19  2.87853e-06  2.04405e-18 -2.48082e-06 -4.95778e-19 -1.81603e-06 -6.93669e-19 -3.32764e-07  1.51559e-19  2.06764e-07  2.07271e-19   1.6978e-07  -2.8492e-20  5.14698e-08 -6.13546e-20  -1.1103e-09 -3.78166e-21 -8.47358e-09  1.65889e-20  -4.2809e-09  5.52501e-21 -1.11956e-09 -2.61538e-21 -6.27642e-11 -1.91138e-21  9.01379e-11  2.08879e-23  5.02952e-11  3.34628e-22   1.5848e-11  8.37077e-23  3.23065e-12 -2.97892e-23  2.81895e-13 -2.46424e-23  -9.0362e-14 -5.12689e-24 -5.33543e-14  2.37862e-24 -1.61366e-14  2.28733e-24  -3.5419e-15  7.72142e-25 -5.93974e-16  8.85027e-26 -7.19576e-17 -1.94131e-26 -4.19358e-18 -1.21242e-26  6.83028e-19 -5.82587e-27  2.79912e-19 -2.35317e-27    5.699e-20 -5.60424e-28  8.60883e-21 -8.45723e-29  1.04717e-21 -2.06025e-29  1.05084e-22 -7.21649e-30  8.71319e-24 -1.57637e-30   5.8815e-25 -2.18518e-31  3.11386e-26 -2.68004e-32  1.18058e-27 -3.39241e-33  2.25245e-29 -3.26179e-34 -6.10533e-31 -1.97627e-35 -6.71346e-32  -8.1888e-37 -2.58323e-33 -2.61733e-38 -5.08874e-35  -4.5603e-40 -3.66502e-37
-3.25932e-10 -2.44957e-20  3.07814e-08   1.0976e-19 -7.48539e-07 -2.86007e-19  9.28147e-06  1.03508e-18 -7.21451e-05 -4.46353e-18  0.000386213  1.38925e-17  -0.00149454 -2.87034e-17   0.00427908  3.75529e-17  -0.00910456 -2.11746e-17    0.0141614 -2.79061e-17   -0.0152777   8.4402e-17   0.00974388 -1.03844e-16  -0.00101272  7.06323e-17  -0.00365021 -1.76447e-17   0.00196885 -1.22769e-17  0.000944032  9.21016e-18 -0.000900398  1.89917e-18 -0.000323757  1.79792e-18  0.000300945 -8.43781e-18  0.000154624  3.50532e-19 -6.42986e-05  7.36955e-18 -6.58987e-05 -6.31977e-19 -2.98692e-06 -5.01363e-18  1.72485e-05  8.12347e-19   7.9607e-06  2.19604e-18 -7.20478e-07 -4.12988e-19 -2.19975e-06 -6.94682e-19 -9.29325e-07  1.28649e-19 -2.39262e-08  1.99493e-19  1.64552e-07 -2.61833e-20  9.10442e-08 -6.25764e-20  2.13597e-08 -5.38723e-21 -2.43429e-09  1.69728e-20 -4.25042e-09  6.35272e-21 -1.90076e-09 -2.26275e-21 -4.77084e-10 -1.87843e-21 -3.72011e-11 -2.83309e-23   2.7754e-11   3.0342e-22  1.63567e-11  7.40543e-23  5.29901e-12 -3.15996e-23  1.18091e-12 -2.49484e-23  1.65262e-13 -4.76112e-24  5.97919e-16  2.95058e-24 -7.95379e-15  2.58586e-24 -2.92068e-15  8.66996e-25 -6.99815e-16  1.23416e-25 -1.28978e-16 -5.05174e-27 -1.88779e-17 -8.52264e-27 -2.13274e-18 -5.44569e-27 -1.59484e-19 -2.33053e-27 -4.11356e-22 -5.63478e-28  2.29868e-21 -9.25854e-29  4.70091e-22 -2.13504e-29  6.27042e-23 -6.14936e-30  6.45014e-24 -1.18771e-30  5.34452e-25 -1.52473e-31  3.60035e-26 -1.72655e-32  1.95691e-27  -1.9361e-33   8.4022e-29  -1.6335e-34  2.74484e-30 -8.71582e-36  6.40075e-32 -3.09734e-37  9.46838e-34 -7.59963e-39  6.76548e-36 -7.51686e-41
 9.43818e-21  2.44579e-09 -8.07191e-20  6.14426e-09  2.32214e-19 -8.74921e-07 -4.81684e-19  1.31198e-05  1.86307e-18 -0.000106495 -7.93022e-18  0.000569574  2.28199e-17  -0.00216027 -4.34664e-17   0.00599257  5.28919e-17   -0.0122261 -2.79061e-17    0.0179809  -3.4375e-17   -0.0178414  9.63831e-17   0.00953542  -1.0818e-16  0.000985331  6.39169e-17  -0.00484204 -7.13278e-18   0.00145428 -1.82121e-17   0.00165648  5.99979e-18 -0.000765378  9.61781e-18 -0.000625316  9.22195e-20  0.000222279 -1.24078e-17  0.000254093  1.23461e-18 -1.24001e-05  9.35728e-18 -8.32269e-05 -7.82571e-19 -2.55369e-05 -5.58909e-18   1.3256e-05  6.34608e-19  1.24733e-05  2.20652e-18  2.46413e-06 -2.98837e-19 -1.71098e-06 -6.34085e-19  -1.4021e-06  1.14657e-19 -3.80411e-07  1.81541e-19  6.37297e-08 -2.86405e-20  1.00647e-07 -6.38102e-20  4.36285e-08 -6.99661e-21  8.31904e-09  1.68677e-20 -1.55535e-09  7.04272e-21 -1.84934e-09 -1.69603e-21 -7.68531e-10 -1.67577e-21 -1.92487e-10 -3.78582e-23  -2.1519e-11   2.6292e-22  6.12295e-12   5.6751e-23  4.40226e-12 -3.48071e-23  1.49987e-12 -2.47991e-23    3.585e-13 -3.90979e-24  6.19286e-14  3.65959e-24  6.38705e-15  2.87191e-24 -2.95619e-16  9.50931e-25 -3.31481e-16  1.59738e-25 -9.53506e-17  1.08252e-26 -1.91206e-17 -4.41021e-27 -3.02766e-18 -4.71683e-27 -3.90981e-19 -2.13579e-27 -4.10387e-20 -5.18058e-28 -3.36246e-21 -8.89158e-29 -1.86205e-22 -1.95042e-29 -1.65426e-24 -4.83172e-30  1.09243e-24 -8.33812e-31  1.57429e-25 -9.88715e-32  1.38148e-26 -1.02592e-32  8.83694e-28 -1.01295e-33   4.2453e-29 -7.42225e-35  1.50327e-30  -3.4172e-36  3.69416e-32 -1.00128e-37  5.48995e-34 -1.72125e-39  3.20062e-36
-7.67055e-10  4.44491e-20  2.49425e-08  -2.0278e-19 -2.47492e-07  3.93616e-19  5.50779e-07 -6.66688e-19  1.01648e-05  3.02636e-18   -0.0001212 -1.27792e-17  0.000716993  3.42021e-17   -0.0027908  -6.0591e-17    0.0076921  6.91842e-17   -0.0152777  -3.4375e-17    0.0214286 -3.96881e-17   -0.0195595  1.03258e-16   0.00835727 -1.06101e-16   0.00335073  5.43564e-17  -0.00563715   3.6966e-18  0.000512625  -2.4998e-17   0.00228373   2.6715e-18 -0.000401069  1.85544e-17 -0.000892379 -1.34507e-18  4.63175e-05 -1.70259e-17  0.000322125  1.68965e-18  6.87378e-05  1.13247e-17  -7.9793e-05 -5.61892e-19 -5.00593e-05 -5.88812e-18  1.86022e-06  2.97588e-19  1.41114e-05  2.03046e-18  6.25715e-06 -1.83811e-19 -1.63403e-07 -5.14068e-19 -1.44381e-06    1.209e-19 -7.30863e-07  1.60089e-19 -1.22042e-07 -3.53314e-20  6.05064e-08 -6.62398e-20  5.21798e-08 -9.39817e-21  1.91876e-08  1.59635e-20  3.20141e-09  7.53073e-21 -6.72426e-10 -9.15701e-22 -6.98885e-10 -1.28627e-21 -2.80033e-10  1.19741e-23   -7.166e-11  2.26224e-22 -1.05352e-11  3.72716e-23  5.16361e-13 -3.79713e-23  9.09269e-13 -2.38566e-23  3.43245e-13 -2.54514e-24  8.74085e-14  4.46459e-24  1.68599e-14  3.12593e-24  2.43764e-15   1.0192e-24  2.21035e-16   1.9458e-25 -4.53407e-18  2.64113e-26 -6.95343e-18 -3.06688e-28 -1.75191e-18  -3.7452e-27 -3.02188e-19 -1.81045e-27 -4.10818e-20 -4.37458e-28 -4.58184e-21 -7.65817e-29 -4.23218e-22 -1.60038e-29 -3.21321e-23  -3.4999e-30 -1.95516e-24 -5.43616e-31 -8.99212e-26 -5.93576e-32 -2.63965e-27 -5.60302e-33 -7.56742e-30 -4.83729e-34  3.91867e-30 -3.03909e-35  2.20915e-31 -1.17614e-36  6.15752e-33 -2.68495e-38  8.13571e-35 -2.63927e-40
-1.51879e-20 -5.00594e-09  1.40037e-19  1.12196e-07 -4.08598e-19  -1.1486e-06  5.15267e-19  6.13017e-06 -7.02966e-19 -1.12069e-05   4.4281e-18  -7.7383e-05 -1.86968e-17  0.000728418  4.69002e-17  -0.00318388 -7.80547e-17    0.0090516   8.4402e-17   -0.0178414 -3.96881e-17    0.0241058 -4.29532e-17   -0.0202287  1.03723e-16   0.00632332 -9.88297e-17   0.00577309  4.52138e-17  -0.00585819  1.33668e-17 -0.000753118 -3.33029e-17   0.00268022 -2.93917e-19  0.000164009  2.83602e-17  -0.00104879 -2.10605e-18  -0.00020795 -2.19034e-17  0.000328186  1.36025e-18  0.000163303  1.29464e-17   -4.904e-05  1.46779e-19 -6.82504e-05 -5.76994e-18 -1.54507e-05 -1.55459e-19  1.09903e-05  1.64506e-18  9.24022e-06 -1.07789e-19  2.17668e-06 -3.51088e-19 -8.49333e-07  1.54499e-19 -8.94026e-07  1.43987e-19 -3.29557e-07 -4.34844e-20 -2.74245e-08 -7.03683e-20  3.67988e-08 -1.34372e-20  2.38349e-08  1.38373e-20  7.86839e-09  7.67309e-21  1.26518e-09  2.33104e-23 -2.06388e-10 -7.19547e-22 -2.25899e-10  1.34908e-22 -9.01173e-11    2.086e-22 -2.38053e-11  2.34117e-23 -4.20566e-12 -3.84909e-23 -2.91154e-13 -2.14267e-23  1.15948e-13 -5.84585e-25  5.87571e-14  5.32985e-24  1.63419e-14  3.33083e-24  3.38391e-15  1.06699e-24  5.53905e-16  2.24439e-25  7.11315e-17  3.98892e-26  6.53931e-18   3.3088e-27  2.39196e-19 -2.67091e-27 -5.49186e-20 -1.41576e-27 -1.52686e-20 -3.39759e-28 -2.35634e-21 -5.97858e-29 -2.72059e-22 -1.19079e-29 -2.51166e-23 -2.33582e-30 -1.88777e-24 -3.28076e-31  -1.1529e-25 -3.28611e-32 -5.63412e-27 -2.80047e-33 -2.13947e-28  -2.0961e-34 -6.00765e-30 -1.11055e-35 -1.14384e-31 -3.48557e-37 -1.24069e-33 -5.64081e-39  -4.5988e-36
 3.09455e-10 -6.80876e-20  -1.7462e-08  3.40391e-19  3.28311e-07 -6.71785e-19 -3.25518e-06  4.33812e-19  1.92218e-05 -3.81525e-19 -6.56371e-05  5.79769e-18  7.25837e-05 -2.48312e-17  0.000486069  5.89649e-17  -0.00311567 -9.32833e-17   0.00974388  9.63831e-17   -0.0195595 -4.29532e-17    0.0257607 -4.33485e-17   -0.0198431  9.70912e-17    0.0036909 -8.86349e-17   0.00794341  3.99004e-17  -0.00543647  2.10654e-17  -0.00217126 -4.37404e-17   0.00273942 -2.88625e-18  0.000851242  3.85692e-17  -0.00103512  -1.6657e-18 -0.000496624 -2.64934e-17  0.000253583  -5.4897e-20  0.000247378  1.38585e-17  7.96652e-06    1.351e-18 -7.17328e-05 -5.11977e-18 -3.44086e-05 -6.36043e-19  2.60451e-06  1.06318e-18  9.87937e-06 -1.10128e-19  4.58127e-06  -1.7421e-19  3.44111e-07  2.15348e-19 -7.22847e-07  1.41746e-19 -4.62395e-07 -4.86835e-20 -1.33713e-07 -7.56887e-20 -2.04707e-09 -1.96652e-20  1.77537e-08  1.00859e-20  9.74181e-09  7.26031e-21  3.01921e-09  1.00027e-21  5.09121e-10 -2.22608e-23 -3.55059e-11  3.32376e-22 -6.02423e-11  2.23559e-22 -2.48553e-11  2.34812e-23 -6.80606e-12 -3.32228e-23 -1.35094e-12 -1.66259e-23 -1.75541e-13  2.08669e-24 -3.02335e-15  6.23053e-24  6.09505e-15   3.4759e-24  2.14358e-15   1.0907e-24  4.83196e-16  2.46011e-25  8.43207e-17   4.9808e-26  1.19431e-17  6.07826e-27   1.3798e-18 -1.63779e-27   1.2635e-19 -1.01558e-27  8.27382e-21 -2.42428e-28  2.13467e-22 -4.25077e-29  -3.4155e-23 -8.07273e-30 -6.45072e-24 -1.43472e-30 -6.55965e-25 -1.82666e-31 -4.78763e-26 -1.67039e-32 -2.64034e-27 -1.27424e-33 -1.09471e-28 -8.17715e-35 -3.27538e-30 -3.57206e-36 -6.45212e-32 -8.61761e-38 -6.68254e-34  -8.0517e-40
 2.02757e-20   4.5598e-10 -2.05679e-19 -3.34241e-08  6.75779e-19  6.58574e-07 -8.91465e-19 -6.70173e-06 -7.85726e-20  4.15668e-05  5.28993e-19 -0.000163067  6.69938e-18  0.000365128 -2.98739e-17 -0.000103909  6.80731e-17  -0.00241124 -1.03844e-16   0.00953542  1.03258e-16   -0.0202287 -4.33485e-17     0.026341 -4.01403e-17   -0.0185739  8.31893e-17  0.000783934  -7.8207e-17   0.00962326  4.10689e-17  -0.00441667  2.68435e-17  -0.00354512 -5.64906e-17   0.00241761 -5.63627e-18   0.00155101  4.85235e-17 -0.000824875  5.25994e-19 -0.000761136 -3.01416e-17  9.83802e-05 -2.70256e-18  0.000295392  1.37224e-17   8.1568e-05  2.92965e-18 -5.51123e-05 -3.88805e-18 -4.90161e-05 -1.02707e-18 -9.62719e-06  3.38633e-19  7.17649e-06  -2.1803e-19  6.07942e-06 -1.91425e-20  1.80886e-06  2.95256e-19 -1.90813e-07  1.58922e-19 -4.34591e-07 -4.61731e-20 -2.10888e-07 -8.07656e-20 -5.07203e-08  -2.8084e-20  1.49336e-09  4.48469e-21  7.16195e-09  6.06991e-21   3.5655e-09   1.8397e-21  1.07299e-09  7.20874e-22  1.97776e-10  5.89086e-22  5.01117e-12  2.78514e-22 -1.22425e-11  4.38571e-23 -5.62214e-12  -1.9503e-23 -1.61022e-12 -8.72078e-24 -3.43964e-13  5.53515e-24 -5.54578e-14  7.14211e-24 -5.95915e-15   3.5564e-24  -8.1901e-17  1.08849e-24  1.47128e-16  2.56936e-25  4.36178e-17  5.53545e-26  8.32558e-18  7.81497e-27  1.23517e-18 -7.62589e-28  1.49795e-19 -6.61286e-28  1.50573e-20 -1.58278e-28  1.24898e-21 -2.75498e-29  8.36719e-23 -4.99461e-30  4.30095e-24 -8.09539e-31  1.47079e-25 -9.34806e-32  1.20765e-27 -7.75798e-33  -2.1863e-28 -5.24378e-34 -1.56643e-29 -2.84186e-35 -5.58206e-31  -9.9084e-37 -1.07541e-32 -1.67637e-38  -7.7188e-35
