    0.270537   5.4077e-17  -0.00271325  2.91663e-17   -0.0346492 -8.31316e-17   -0.0111856 -1.23294e-18   0.00120114  1.00215e-17   0.00206173  7.95421e-19   0.00063833 -2.85539e-19  4.16063e-05  1.63361e-19 -2.40368e-05  6.91735e-20 -6.30939e-06  7.56093e-21 -4.18225e-07
  5.4077e-17     0.139707  1.02556e-16    0.0149458 -5.51834e-17   -0.0264608 -8.11905e-17   -0.0137669 -1.73942e-18 -5.47632e-05  6.24148e-18   0.00244486 -1.22008e-18   0.00104223 -3.19425e-19  0.000171525  3.07223e-19 -1.21501e-06  1.15267e-19 -3.31639e-06  1.03639e-20
 -0.00271325  1.02556e-16    0.0719769  1.70012e-16    0.0149974 -6.04263e-17   -0.0217044 -5.82582e-17   -0.0147377  1.24783e-19  -0.00156096 -7.00666e-19   0.00218249 -3.92598e-18   0.00121006  -7.1955e-19  0.000276842  2.73045e-19  2.62957e-05  1.10531e-19   3.7329e-07
 2.91663e-17    0.0149458  1.70012e-16    0.0546605  1.39181e-16    0.0141764 -3.62479e-17   -0.0183296 -2.28772e-17    -0.015238  4.55216e-18   -0.0032227 -6.19705e-18   0.00139715 -6.11516e-18   0.00106215 -1.39157e-18  0.000277359  1.19516e-19  3.00703e-05  6.16434e-20
  -0.0346492 -5.51834e-17    0.0149974  1.39181e-16    0.0447652  8.62092e-17    0.0140112 -1.40407e-17   -0.0155679  9.61146e-18   -0.0154445  8.28666e-18  -0.00491765 -9.04134e-18  0.000238156 -7.62444e-18  0.000633173 -1.95402e-18  0.000174036 -9.61273e-21  1.39886e-05
-8.31316e-17   -0.0264608 -6.04263e-17    0.0141764  8.62092e-17    0.0391641  3.03346e-17    0.0142909  2.14356e-18       -0.013  2.93914e-17   -0.0152487  9.34693e-18  -0.00636363 -1.05822e-17 -0.000969256 -8.47839e-18  0.000127255 -1.99628e-18  5.36817e-05 -3.22129e-20
  -0.0111856 -8.11905e-17   -0.0217044 -3.62479e-17    0.0140112  3.03346e-17    0.0358829 -1.28486e-17    0.0151117  1.23773e-17   -0.0102015  3.62428e-17   -0.0142826  7.92137e-18  -0.00705002 -1.17268e-17  -0.00174257 -8.10607e-18 -0.000188603  -1.3878e-18 -3.52435e-06
-1.23294e-18   -0.0137669 -5.82582e-17   -0.0183296 -1.40407e-17    0.0142909 -1.28486e-17     0.034179 -3.28755e-17     0.016662  2.09804e-17  -0.00664651  3.78598e-17   -0.0119901  6.36478e-18  -0.00643705 -1.13688e-17  -0.00173978 -6.00935e-18 -0.000214794 -5.35767e-19
  0.00120114 -1.73942e-18   -0.0147377 -2.28772e-17   -0.0155679  2.14356e-18    0.0151117 -3.28755e-17     0.033825 -2.59471e-17    0.0192761  3.67155e-17  -0.00180327  4.33577e-17  -0.00803377  7.58523e-18  -0.00448188 -8.25779e-18  -0.00111102 -2.98987e-18 -9.36481e-05
 1.00215e-17 -5.47632e-05  1.24783e-19    -0.015238  9.61146e-18       -0.013  1.23773e-17     0.016662 -2.59471e-17     0.034903  8.04085e-18     0.023242  6.72122e-17   0.00434076  5.60246e-17  -0.00298507  1.17617e-17  -0.00199854 -3.55792e-18 -0.000408601 -7.35587e-19
  0.00206173  6.24148e-18  -0.00156096  4.55216e-18   -0.0154445  2.93914e-17   -0.0102015  2.09804e-17    0.0192761  8.04085e-18    0.0375018  6.71946e-17    0.0281767  1.10011e-16    0.0105509  6.95719e-17   0.00148508  1.51751e-17 -0.000175543 -1.06888e-19 -4.73874e-05
 7.95421e-19   0.00244486 -7.00666e-19   -0.0032227  8.28666e-18   -0.0152487  3.62428e-17  -0.00664651  3.67155e-17     0.023242  6.71946e-17    0.0410276   1.4098e-16    0.0323018  1.47763e-16    0.0144505   7.2385e-17   0.00366614  1.39684e-17   0.00044296  7.43923e-19
  0.00063833 -1.22008e-18   0.00218249 -6.19705e-18  -0.00491765  9.34693e-18   -0.0142826  3.78598e-17  -0.00180327  6.72122e-17    0.0281767   1.4098e-16    0.0434731  2.03259e-16    0.0328062  1.57244e-16    0.0141864  5.87211e-17   0.00331731  8.65031e-18  0.000284005
-2.85539e-19   0.00104223 -3.92598e-18   0.00139715 -9.04134e-18  -0.00636363  7.92137e-18   -0.0119901  4.33577e-17   0.00434076  1.10011e-16    0.0323018  2.03259e-16    0.0418754  2.22255e-16    0.0279493  1.29644e-16     0.010301  3.53608e-17   0.00178513   3.1763e-18
 4.16063e-05 -3.19425e-19   0.00121006 -6.11516e-18  0.000238156 -1.05822e-17  -0.00705002  6.36478e-18  -0.00803377  5.60246e-17    0.0105509  1.47763e-16    0.0328062  2.22255e-16    0.0345729  1.86649e-16    0.0191114  8.07572e-17   0.00543158  1.48301e-17  0.000542466
 1.63361e-19  0.000171525  -7.1955e-19   0.00106215 -7.62444e-18 -0.000969256 -1.17268e-17  -0.00643705  7.58523e-18  -0.00298507  6.95719e-17    0.0144505  1.57244e-16    0.0279493  1.86649e-16    0.0233005  1.18946e-16    0.0100621  3.66166e-17   0.00196333  3.74661e-18
-2.40368e-05  3.07223e-19  0.000276842 -1.39157e-18  0.000633173 -8.47839e-18  -0.00174257 -1.13688e-17  -0.00448188  1.17617e-17   0.00148508   7.2385e-17    0.0141864  1.29644e-16    0.0191114  1.18946e-16    0.0122727  5.59929e-17   0.00387893  1.13155e-17  0.000418767
 6.91735e-20 -1.21501e-06  2.73045e-19  0.000277359 -1.95402e-18  0.000127255 -8.10607e-18  -0.00173978 -8.25779e-18  -0.00199854  1.51751e-17   0.00366614  5.87211e-17     0.010301  8.07572e-17    0.0100621  5.59929e-17   0.00481627  1.85987e-17    0.0010113  2.04208e-18
-6.30939e-06  1.15267e-19  2.62957e-05  1.19516e-19  0.000174036 -1.99628e-18 -0.000188603 -6.00935e-18  -0.00111102 -3.55792e-18 -0.000175543  1.39684e-17   0.00331731  3.53608e-17   0.00543158  3.66166e-17   0.00387893  1.85987e-17    0.0013176  4.01204e-18   0.00014981
 7.56093e-21 -3.31639e-06  1.10531e-19  3.00703e-05 -9.61273e-21  5.36817e-05  -1.3878e-18 -0.000214794 -2.98987e-18 -0.000408601 -1.06888e-19   0.00044296  8.65031e-18   0.00178513  1.48301e-17   0.00196333  1.13155e-17    0.0010113  4.01204e-18  0.000223527  4.64145e-19
-4.18225e-07  1.03639e-20   3.7329e-07  6.16434e-20  1.39886e-05 -3.22129e-20 -3.52435e-06 -5.35767e-19 -9.36481e-05 -7.35587e-19 -4.73874e-05  7.43923e-19  0.000284005   3.1763e-18  0.000542466  3.74661e-18  0.000418767  2.04208e-18   0.00014981  4.64145e-19  1.76757e-05
