 3.54489e-05 -1.46705e-18  -0.00022545  1.48649e-17   0.00042107 -4.64264e-17 -0.000269678  7.92697e-17 -3.75199e-05 -7.85885e-17  6.51775e-05  4.04814e-17  2.56414e-05 -5.92339e-18 -6.65587e-06 -1.32632e-18 -9.44435e-06 -1.47699e-18  -3.4741e-06  3.53408e-19  1.65299e-07  5.51879e-19  8.88624e-07  1.55305e-19  5.44257e-07 -5.30601e-20  1.80421e-07 -1.34213e-19  1.49872e-08 -4.94127e-20 -2.39519e-08  3.22452e-20 -1.93769e-08  2.89528e-20 -9.36107e-09  2.52351e-21 -3.32896e-09 -6.11126e-21 -8.48717e-10 -3.42143e-21 -9.59517e-11 -3.88997e-22  4.96874e-11  4.96206e-22  4.38447e-11  3.51756e-22  2.17585e-11  1.14721e-22  8.57263e-12  1.07018e-23  2.91377e-12 -8.10069e-24  8.83233e-13 -3.95887e-24  2.42558e-13  -1.8823e-25  6.07883e-14  5.40411e-25  1.39246e-14  2.11224e-25  2.90448e-15 -5.45484e-26  5.45538e-16 -1.08993e-25  8.99457e-17 -7.45971e-26  1.22131e-17 -3.60345e-26  1.08085e-18 -1.40747e-26 -5.25099e-20 -4.67215e-27 -5.51013e-20 -1.34208e-27 -1.69635e-20 -3.34683e-28 -3.90796e-21 -7.22348e-29 -7.64083e-22  -1.3389e-29 -1.32179e-22 -2.07914e-30 -2.05835e-23 -2.47367e-31 -2.90578e-24 -1.40888e-32  -3.7235e-25  2.92713e-33 -4.31766e-26  1.25454e-33 -4.49567e-27  2.87171e-34  -4.1421e-28  5.09204e-35 -3.28262e-29  7.59609e-36 -2.09762e-30  9.80947e-37 -8.67118e-32  1.10948e-37  1.33818e-33  1.10495e-38  7.37406e-34   9.7093e-40  9.30247e-35  7.51662e-41  8.25314e-36  5.09863e-42  5.84554e-37  3.00443e-43  3.42116e-38  1.52173e-44   1.6653e-39  6.53137e-46  6.69048e-41  2.32698e-47  2.17664e-42  6.68018e-49  5.54975e-44  1.47831e-50  1.05007e-45   2.3431e-52  1.33494e-47  2.30021e-54  9.06363e-50  9.03474e-57
-1.46705e-18  0.000355537 -8.00443e-18  -0.00124318  5.54041e-17   0.00161495 -1.40782e-16 -0.000597351  2.07199e-16 -0.000332257 -1.74356e-16  0.000118063  6.62947e-17  0.000120738  3.67133e-18  1.81264e-05 -4.10293e-18 -2.17476e-05 -5.27917e-18 -1.65185e-05 -4.79028e-20 -4.73854e-06  1.67229e-18   7.8991e-07  8.19193e-19  1.57485e-06 -1.42443e-19   9.0682e-07 -4.29565e-19  3.10704e-07  -1.4164e-19   4.3187e-08  8.96806e-20 -2.63057e-08  7.82721e-20 -2.58406e-08  7.47543e-21 -1.36682e-08 -1.62572e-20 -5.43378e-09 -9.60249e-21 -1.71565e-09 -1.40517e-21 -4.11263e-10  1.22429e-21 -5.34265e-11  9.87173e-22  1.34424e-11  3.79578e-22  1.37743e-11  8.23038e-23   6.7764e-12   7.4177e-24  2.60821e-12  2.00968e-24  8.67847e-13  3.56584e-24  2.59569e-13  2.16269e-24  7.11858e-14  3.83082e-25  1.81121e-14 -3.82822e-25  4.30852e-15 -4.20042e-25  9.63521e-16 -2.49941e-25  2.03412e-16 -1.12221e-25  4.06744e-17 -4.17482e-26  7.72489e-18 -1.33745e-26  1.39663e-18 -3.74483e-27  2.40813e-19 -9.19895e-28    3.965e-20 -1.98399e-28  6.23792e-21 -3.75877e-29  9.37543e-22 -6.22029e-30   1.3447e-22 -8.76446e-31   1.8368e-23 -9.78074e-32  2.38248e-24 -6.65986e-33  2.92353e-25  3.34881e-34  3.37904e-26  2.17564e-34  3.66064e-27  4.74864e-35  3.69727e-28  7.60144e-36  3.46162e-29  1.00019e-36  2.98595e-30  1.12236e-37   2.3572e-31  1.09115e-38  1.69055e-32  9.25604e-40  1.09238e-33  6.85631e-41  6.29911e-35  4.41285e-42  3.20482e-36   2.4462e-43  1.41878e-37  1.15449e-44  5.37044e-39  4.56405e-46  1.69867e-40   1.4753e-47  4.34986e-42  3.76239e-49  8.60757e-44  7.15845e-51  1.22005e-45  9.19331e-53    1.069e-47  6.33058e-55  3.73127e-50
 -0.00022545 -8.00443e-18   0.00172468 -2.34273e-17  -0.00404631  1.21795e-16   0.00374426 -2.67075e-16 -0.000477413  3.52141e-16 -0.000991336 -2.54962e-16 -3.08947e-05  6.38119e-17  0.000260563  2.58002e-17  0.000119747 -3.62788e-18 -7.14305e-06 -1.18447e-17 -3.44611e-05 -2.08711e-18 -1.94909e-05  3.38334e-18 -4.55567e-06  2.11054e-18  1.32687e-06  -2.4465e-19  1.90209e-06 -8.76064e-19  1.06569e-06 -2.72103e-19  3.85092e-07  1.72969e-19  7.71662e-08  1.47034e-19 -1.22091e-08  1.33933e-20 -2.10486e-08 -3.18544e-20 -1.26176e-08  -1.9442e-20 -5.53092e-09 -3.41944e-21 -1.98619e-09  2.13886e-21 -6.01121e-10  1.99802e-21 -1.51086e-10   9.1318e-22 -2.88249e-11  3.05791e-22 -2.39522e-12  9.89257e-23   1.1748e-12  4.14209e-23  8.25863e-13  1.94311e-23  3.42134e-13  6.86168e-24  1.14884e-13  6.88948e-25  3.38442e-14 -1.11579e-24  9.03698e-15 -1.02325e-24  2.22405e-15 -5.60908e-25  5.09402e-16 -2.38377e-25  1.09239e-16 -8.50514e-26  2.20162e-17 -2.63562e-26  4.17994e-18 -7.19021e-27  7.48532e-19 -1.73467e-27   1.2649e-19 -3.71257e-28  2.01651e-20 -7.07865e-29  3.03023e-21 -1.20395e-29  4.28627e-22  -1.8128e-30  5.69629e-23 -2.37097e-31  7.09554e-24 -2.60312e-32  8.26095e-25 -2.21642e-33  8.95964e-26 -1.03876e-34  9.01816e-27  8.57178e-36  8.38739e-28  3.08681e-36  7.17244e-29  5.03277e-37  5.60753e-30  6.11291e-38  3.98192e-31  6.08215e-39  2.54861e-32  5.12625e-40  1.45701e-33  3.70148e-41  7.35906e-35  2.28782e-42   3.2399e-36  1.20173e-43  1.22237e-37  5.30284e-45  3.86542e-39  1.93046e-46  9.94075e-41  5.63641e-48  1.99095e-42  1.26361e-49  2.90324e-44  2.02272e-51  2.73782e-46  2.00083e-53  1.28025e-48   7.9019e-56
 1.48649e-17  -0.00124318 -2.34273e-17   0.00540044 -4.37578e-17   -0.0092704  1.81814e-16   0.00602103 -3.68535e-16   0.00080105  4.54749e-16  -0.00173679 -2.88334e-16 -0.000586516  3.45016e-17  0.000289675  5.10069e-17  0.000293808  2.27257e-18  7.73004e-05 -1.98546e-17 -3.12957e-05 -5.75192e-18 -3.92224e-05  5.29509e-18 -1.85214e-05   3.7573e-18   -3.705e-06 -3.38677e-19  1.45608e-06 -1.36478e-18  1.80997e-06 -3.89725e-19  1.01159e-06  2.80068e-19  3.89076e-07  2.23475e-19  1.00699e-07  1.50458e-20   7.4211e-09 -5.39559e-20 -1.01476e-08 -3.33137e-20 -7.90419e-09 -6.86412e-21  -3.8859e-09  3.00817e-21 -1.53702e-09   3.4221e-21 -5.22896e-10  1.87499e-21 -1.56979e-10  8.25251e-22 -4.19226e-11  3.51132e-22 -9.90736e-12  1.51581e-22 -2.02222e-12  6.02757e-23  -3.3155e-13  1.81469e-23 -3.19236e-14  1.91019e-24  4.42784e-15  -2.0715e-24    3.646e-15 -1.84722e-24  1.32967e-15 -9.69381e-25  3.77629e-16 -3.96026e-25  9.26581e-17 -1.36488e-25  2.04039e-17 -4.10368e-26  4.10467e-18 -1.09117e-26  7.61389e-19 -2.58008e-27  1.30875e-19 -5.45033e-28   2.0897e-20 -1.03456e-28  3.10193e-21 -1.77091e-29  4.27876e-22 -2.72885e-30  5.47689e-23 -3.76283e-31  6.49076e-24 -4.61057e-32  7.09979e-25 -4.97565e-33  7.13878e-26 -4.64505e-34  6.56447e-27 -3.59689e-35  5.48454e-28 -2.06388e-36  4.12846e-29 -4.79338e-38  2.76851e-30  7.22632e-39  1.62772e-31  1.32139e-39  8.18502e-33  1.36559e-40  3.36638e-34  1.07015e-41   1.0191e-35  6.76231e-43  1.40446e-37  3.49809e-44 -6.67276e-39  1.47793e-45 -6.01477e-40  5.02008e-47 -2.58235e-41   1.3289e-48 -7.29157e-43  2.60002e-50 -1.36639e-44  3.41001e-52 -1.51764e-46  2.38534e-54 -6.55543e-49
  0.00042107  5.54041e-17  -0.00404631 -4.37578e-17    0.0123033 -5.34469e-17   -0.0161917  1.88683e-16   0.00686372 -3.92916e-16   0.00343118  4.78675e-16  -0.00191204 -2.74767e-16  -0.00150216 -2.96284e-18   1.4444e-06  7.14008e-17  0.000434325  1.11764e-17  0.000238611 -2.73714e-17  2.77875e-05  -9.8782e-18 -4.36296e-05  6.87194e-18 -3.65292e-05  5.18088e-18 -1.53739e-05 -4.68108e-19 -2.85508e-06 -1.75031e-18  1.17804e-06  -4.1304e-19  1.42305e-06  4.18189e-19  8.09605e-07  2.95799e-19  3.31701e-07  6.01714e-21  1.02461e-07 -8.41613e-20  2.08067e-08 -5.18997e-20 -2.76815e-10 -1.23658e-20 -2.87684e-09  3.56805e-21 -1.80683e-09   5.3641e-21 -8.02647e-10  3.49494e-21 -2.97706e-10  1.82372e-21 -9.73712e-11  8.63348e-22 -2.88048e-11  3.74322e-22 -7.81542e-12  1.40797e-22  -1.9615e-12  4.07289e-23 -4.57914e-13  5.64825e-24 -9.98165e-14 -2.60707e-24 -2.03749e-14 -2.61106e-24 -3.90417e-15 -1.35851e-24 -7.04063e-16 -5.41651e-25 -1.19874e-16 -1.81702e-25 -1.93544e-17 -5.32028e-26 -2.98177e-18 -1.38036e-26 -4.41972e-19 -3.19509e-27 -6.36455e-20 -6.63629e-28 -8.98661e-21 -1.24466e-28 -1.25112e-21 -2.11677e-29 -1.71594e-22 -3.26508e-30 -2.30061e-23 -4.55874e-31  -2.9781e-24 -5.75326e-32   -3.671e-25 -6.55749e-33 -4.25385e-26 -6.73153e-34 -4.58294e-27 -6.18444e-35 -4.54823e-28 -5.04027e-36 -4.12439e-29  -3.6094e-37 -3.39156e-30 -2.24558e-38 -2.50962e-31 -1.18976e-39 -1.65701e-32 -5.14881e-41  -9.6674e-34 -1.65427e-42 -4.92551e-35 -2.73914e-44 -2.15944e-36  7.73651e-46 -7.99209e-38  8.34636e-47 -2.43295e-39  3.68313e-48 -5.86983e-41  1.04038e-49 -1.05955e-42  1.92789e-51 -1.29277e-44  2.10485e-53 -8.46061e-47   8.8918e-56
-4.64264e-17   0.00161495  1.21795e-16   -0.0092704 -5.34469e-17    0.0218262 -3.57046e-17   -0.0226078  1.23117e-16   0.00495174 -3.30718e-16   0.00666625  4.27331e-16 -0.000929063 -2.38666e-16  -0.00238392 -2.97262e-17 -0.000679309  8.51178e-17  0.000376015  1.88839e-17  0.000412035 -3.26927e-17  0.000153721 -1.29245e-17 -6.93898e-06  7.66908e-18 -4.37342e-05  5.76013e-18 -2.96706e-05 -7.35216e-19 -1.17004e-05 -1.91788e-18 -2.25274e-06 -2.63743e-19   6.9296e-07  6.03128e-19  9.29545e-07  3.59428e-19  5.49956e-07 -1.73799e-20  2.39262e-07 -1.23846e-19   8.3412e-08 -7.61125e-20  2.32199e-08 -2.05041e-20  4.59369e-09  3.77395e-21  1.94521e-10  8.09749e-21 -3.75896e-10  6.06224e-21 -2.42131e-10  3.48161e-21 -1.04195e-10  1.71923e-21 -3.71306e-11  7.41772e-22 -1.16794e-11  2.72501e-22 -3.33637e-12  7.90794e-23 -8.79083e-13  1.39152e-23 -2.15688e-13 -1.77898e-24 -4.95912e-14 -2.90596e-24 -1.07317e-14 -1.57256e-24 -2.19256e-15 -6.23384e-25 -4.23822e-16 -2.05459e-25  -7.7616e-17 -5.88733e-26 -1.34754e-17 -1.49354e-26 -2.21803e-18 -3.38366e-27 -3.45912e-19 -6.89321e-28 -5.10522e-20 -1.27106e-28 -7.11771e-21 -2.13035e-29 -9.35247e-22 -3.24839e-30 -1.15486e-22 -4.50359e-31 -1.33565e-23 -5.67644e-32 -1.44128e-24 -6.50543e-33 -1.44484e-25 -6.76966e-34 -1.33909e-26 -6.37443e-35  -1.1412e-27 -5.40837e-36 -8.88858e-29 -4.12032e-37  -6.2835e-30 -2.80913e-38 -3.99928e-31 -1.70424e-39 -2.27023e-32 -9.11736e-41 -1.13642e-33 -4.25355e-42 -4.94684e-35 -1.70876e-43  -1.8397e-36 -5.81436e-45 -5.71085e-38 -1.63684e-46 -1.43309e-39 -3.68397e-48 -2.77327e-41 -6.27729e-50 -3.83312e-43 -7.33075e-52 -3.26183e-45  -4.6626e-54 -1.09933e-47
-0.000269678 -1.40782e-16   0.00374426  1.81814e-16   -0.0161917 -3.57046e-17    0.0315843  9.40758e-18   -0.0260747  1.59538e-17  0.000269915 -2.12862e-16   0.00918902  3.29063e-16   0.00125285  -2.0583e-16  -0.00269996  -3.8302e-17  -0.00158626  9.32661e-17  8.50525e-06  2.29126e-17  0.000481652  -3.4493e-17  0.000309903  -1.3793e-17  8.11797e-05   7.4268e-18 -2.23862e-05  5.08228e-18 -3.62836e-05 -1.24093e-18 -2.17756e-05 -1.82192e-18 -8.39441e-06  9.92031e-20 -1.84018e-06  8.49752e-19  2.26352e-07  4.18494e-19  4.87317e-07 -5.37843e-20  3.10957e-07 -1.72838e-19  1.43625e-07 -1.06099e-19  5.44435e-08 -3.10554e-20  1.75798e-08  4.17155e-21  4.84798e-09  1.21279e-20  1.10407e-09  9.86839e-21  1.81339e-10  5.91539e-21  5.35142e-12  2.95183e-21 -1.15706e-11  1.26126e-21  -6.3616e-12  4.57945e-22 -2.37806e-12  1.35183e-22 -7.40804e-13  2.81519e-23 -2.04318e-13  1.20663e-24 -5.12317e-14 -2.38925e-24  -1.1842e-14   -1.491e-24 -2.54351e-15 -6.05734e-25 -5.10078e-16 -1.98897e-25 -9.57728e-17 -5.61862e-26  -1.6861e-17 -1.39891e-26 -2.78458e-18  -3.1057e-27  -4.3126e-19 -6.19992e-28 -6.25762e-20 -1.12067e-28 -8.49387e-21  -1.8419e-29 -1.07631e-21 -2.75599e-30 -1.26998e-22 -3.75403e-31 -1.39104e-23 -4.65586e-32 -1.40927e-24 -5.25717e-33   -1.315e-25 -5.39579e-34 -1.12457e-26 -5.01688e-35 -8.76365e-28 -4.20855e-36 -6.18127e-29 -3.17321e-37 -3.91442e-30 -2.14091e-38 -2.20409e-31 -1.28371e-39 -1.09033e-32  -6.7738e-41 -4.66757e-34 -3.10691e-42 -1.69536e-35 -1.21966e-43 -5.08664e-37 -4.01352e-45 -1.21291e-38 -1.07482e-46 -2.16322e-40  -2.2407e-48 -2.58491e-42 -3.37762e-50 -1.58383e-44 -3.18219e-52 -1.63136e-48 -1.20969e-54
 7.92697e-17 -0.000597351 -2.67075e-16   0.00602103  1.88683e-16   -0.0226078  9.40758e-18    0.0386931  5.85515e-17   -0.0254701 -7.38078e-17   -0.0058576 -8.04839e-17   0.00994163  2.15512e-16   0.00406495 -1.88184e-16  -0.00211202 -3.27522e-17   -0.0023804  9.59073e-17 -0.000635342  2.34474e-17  0.000346657 -3.18673e-17  0.000421383 -1.21822e-17  0.000200831  6.07195e-18  3.52834e-05   3.0656e-18 -2.37736e-05 -2.02274e-18 -2.62541e-05 -1.48657e-18 -1.46934e-05  6.62983e-19  -5.7214e-06  1.16035e-18 -1.48031e-06  4.80835e-19 -8.14424e-08 -9.76184e-20  1.81007e-07 -2.28191e-19  1.38439e-07 -1.39685e-19  6.90594e-08 -4.20469e-20  2.79515e-08  6.17659e-21  9.78549e-09  1.81515e-20  3.04378e-09  1.51108e-20  8.51323e-10  9.11687e-21    2.148e-10  4.51716e-21  4.86638e-11  1.90518e-21  9.74141e-12  6.86467e-22  1.65358e-12  2.06416e-22  2.09891e-13  4.81455e-23  7.81329e-15   6.4976e-24 -6.26555e-15 -9.78246e-25 -2.75677e-15 -1.09232e-24 -7.89089e-16 -4.87302e-25 -1.85646e-16 -1.63655e-25 -3.82664e-17 -4.61741e-26 -7.09212e-18 -1.13619e-26 -1.19637e-18 -2.48044e-27 -1.84761e-19 -4.85718e-28 -2.61792e-20  -8.5987e-29 -3.40249e-21 -1.38236e-29 -4.04726e-22 -2.02125e-30 -4.38763e-23  -2.6889e-31 -4.30679e-24 -3.25524e-32 -3.78975e-25 -3.58485e-33 -2.94293e-26 -3.58383e-34  -1.9624e-27 -3.24045e-35 -1.06134e-28 -2.63845e-36 -3.92466e-30 -1.92582e-37 -5.04563e-33 -1.25307e-38  1.45948e-32 -7.20984e-40  1.52898e-33 -3.62807e-41  1.03961e-34  -1.5743e-42  5.37453e-36 -5.78367e-44  2.18137e-37 -1.75443e-45  6.90396e-39 -4.23793e-47  1.64875e-40 -7.70337e-49  2.77783e-42 -9.52691e-51  2.86704e-44 -6.36424e-53  1.17397e-46
-3.75199e-05  2.07199e-16 -0.000477413 -3.68535e-16   0.00686372  1.23117e-16   -0.0260747  5.85515e-17     0.041527  7.93222e-17   -0.0214997  -1.0226e-16   -0.0116782  3.82921e-17   0.00867407  1.10808e-16   0.00668559 -1.82826e-16 -0.000652123 -2.24561e-17  -0.00273046  9.15312e-17  -0.00138476  2.22163e-17  -1.7871e-05 -2.46491e-17  0.000411574 -8.54668e-18  0.000305704  3.68524e-18  0.000118234 -5.97716e-20  1.27096e-05 -3.03193e-18 -1.82961e-05 -9.83728e-19 -1.68896e-05  1.36452e-18 -9.13227e-06  1.51616e-18  -3.6615e-06  5.49723e-19 -1.10092e-06 -1.41978e-19 -2.02808e-07 -2.83493e-19  2.05851e-08 -1.71178e-19  4.12492e-08 -4.93115e-20  2.43894e-08  1.19802e-20  1.07031e-08  2.68609e-20  3.97503e-09  2.17803e-20   1.3099e-09  1.29153e-20  3.91977e-10  6.28683e-21  1.07949e-10  2.61011e-21  2.75978e-11  9.33526e-22  6.58985e-12  2.84772e-22  1.47654e-12  7.15108e-23  3.11638e-13  1.33646e-23  6.21683e-14  1.07724e-24  1.17595e-14 -4.68462e-25  2.11562e-15 -3.01067e-25  3.63062e-16 -1.10613e-25  5.95823e-17 -3.20712e-26  9.36809e-18 -7.91456e-27   1.4123e-18 -1.71278e-27  2.04022e-19 -3.30381e-28  2.81817e-20 -5.73802e-29  3.70862e-21 -9.02213e-30    4.627e-22 -1.28708e-30  5.44188e-23 -1.66727e-31  5.99587e-24 -1.96186e-32  6.14869e-25 -2.09568e-33  5.82945e-26  -2.0273e-34  5.07429e-27 -1.76885e-35  4.02578e-28  -1.3854e-36  2.88806e-29 -9.68963e-38  1.85688e-30  -6.0119e-39  1.05904e-31  -3.2786e-40  5.29228e-33  -1.5522e-41  2.28215e-34  -6.2773e-43  8.32718e-36 -2.12236e-44  2.50411e-37 -5.82137e-46  5.97747e-39  -1.2386e-47  1.06891e-40 -1.89856e-49  1.29326e-42 -1.81276e-51  8.39898e-45 -6.96137e-54
-7.85885e-17 -0.000332257  3.52141e-16   0.00080105 -3.92916e-16   0.00495174  1.59538e-17   -0.0254701  7.93222e-17    0.0404305  5.27429e-17    -0.015918 -6.55114e-17   -0.0159737  1.30957e-16   0.00587372  3.02109e-17   0.00846523 -1.79873e-16    0.0013452  -1.5851e-17  -0.00246216   7.9173e-17  -0.00201261  2.11065e-17 -0.000545216 -1.36913e-17  0.000240783 -3.86814e-18  0.000343045  4.50881e-19  0.000198268 -3.86653e-18  6.64331e-05 -4.15674e-18  4.47643e-06 -4.08602e-19 -1.13015e-05  2.10483e-18  -9.6377e-06  1.87409e-18 -5.15979e-06  6.17304e-19 -2.14269e-06 -1.81193e-19 -7.20831e-07 -3.28968e-19 -1.91108e-07 -1.91534e-19 -3.31496e-08  -4.7131e-20  1.55679e-09  2.39284e-20  4.60651e-09  3.86182e-20  2.59933e-09  2.95651e-20  1.07224e-09  1.69761e-20  3.74337e-10  8.06338e-21  1.16302e-10  3.28659e-21   3.2932e-11  1.16467e-21  8.61337e-12  3.58174e-22  2.09831e-12  9.41429e-23  4.78725e-13  2.03947e-23  1.02667e-13  3.28758e-24  2.07478e-14  2.16429e-25    3.957e-15 -9.83944e-26  7.12756e-16 -5.45148e-26  1.21263e-16 -1.77292e-26  1.94762e-17 -4.55808e-27  2.94981e-18 -9.97467e-28  4.20625e-19 -1.91686e-28  5.63497e-20 -3.28761e-29  7.07387e-21 -5.07373e-30  8.29588e-22 -7.07207e-31  9.05684e-23 -8.91905e-32  9.16759e-24 -1.01862e-32  8.56487e-25 -1.05284e-33  7.34737e-26 -9.82223e-35  5.75352e-27 -8.23507e-36  4.08491e-28 -6.17298e-37  2.60885e-29 -4.11282e-38  1.48481e-30 -2.41722e-39  7.44627e-32 -1.24023e-40  3.24482e-33 -5.47793e-42  1.20704e-34 -2.04449e-43  3.74443e-36 -6.28614e-45  9.37971e-38 -1.53527e-46  1.80936e-39 -2.81428e-48  2.48826e-41 -3.50151e-50  2.10127e-43 -2.34844e-52  7.00107e-46
 6.51775e-05 -1.74356e-16 -0.000991336  4.54749e-16   0.00343118 -3.30718e-16  0.000269915 -7.38078e-17   -0.0214997  5.27429e-17    0.0370277 -1.50807e-17   -0.0103725  7.75684e-18   -0.0184013  1.93606e-16   0.00232514  -1.9058e-17   0.00912974 -1.70993e-16   0.00343946 -1.71586e-17   -0.0015974  6.03113e-17  -0.00232843  2.14773e-17  -0.00110659 -7.17017e-19 -7.54035e-05  6.71126e-19  0.000277119 -3.38962e-18  0.000241085 -7.87174e-18  0.000120092 -5.26992e-18  3.74054e-05  1.34849e-19  2.72349e-06  2.76412e-18   -5.577e-06  2.16952e-18 -4.76655e-06  6.63812e-19 -2.57759e-06 -2.11445e-19 -1.10628e-06 -3.52748e-19 -4.00694e-07 -1.90365e-19 -1.24679e-07 -3.00281e-20 -3.30225e-08  4.35139e-20 -7.06623e-09  5.31049e-20 -9.83052e-10  3.78123e-20  6.20892e-11  2.08414e-20  1.10804e-10  9.61537e-21  5.23729e-11  3.83742e-21  1.84528e-11   1.3434e-21  5.53949e-12  4.13664e-22  1.48379e-12  1.11507e-22  3.62319e-13  2.60122e-23  8.15905e-14  5.12321e-24  1.70577e-14  7.95895e-25  3.32378e-15  7.27773e-26   6.0495e-16  -7.9001e-27  1.02944e-16 -6.11204e-27  1.63793e-17 -1.92213e-27  2.43507e-18 -4.54319e-28  3.37817e-19 -8.99976e-29  4.36513e-20 -1.55471e-29  5.24096e-21 -2.38361e-30  5.82959e-22 -3.27028e-31   5.9861e-23 -4.03281e-32  5.65084e-24 -4.48018e-33   4.8799e-25 -4.48366e-34   3.8328e-26 -4.03168e-35  2.71914e-27 -3.24268e-36  1.72803e-28 -2.32012e-37  9.73783e-30 -1.46723e-38  4.80448e-31 -8.13165e-40  2.04173e-32 -3.90371e-41   7.3114e-34 -1.59769e-42  2.13885e-35 -5.45566e-44  4.87309e-37 -1.50803e-45  7.94593e-39 -3.22587e-47   7.5955e-41 -4.95973e-49  1.04824e-43 -4.74028e-51 -4.78384e-45 -1.81905e-53
 4.04814e-17  0.000118063 -2.54962e-16  -0.00173679  4.78675e-16   0.00666625 -2.12862e-16   -0.0058576  -1.0226e-16    -0.015918 -1.50807e-17    0.0330264 -9.92163e-17  -0.00576411   8.0726e-17   -0.0192498  2.26664e-16  -0.00128893 -3.73827e-17   0.00873634 -1.53762e-16   0.00525561 -2.60707e-17 -0.000301891  3.89481e-17  -0.00223371  2.40703e-17  -0.00156005  1.22453e-17 -0.000472718  4.05394e-18  0.000104145 -7.55263e-18  0.000220404 -1.16448e-17  0.000152261 -6.27329e-18  6.97456e-05  5.37912e-19  2.17239e-05  3.21479e-18  2.74518e-06  2.32661e-18 -1.97074e-06  6.63618e-19 -1.93623e-06 -2.29735e-19 -1.08792e-06 -3.43507e-19 -4.82142e-07 -1.59377e-19 -1.82746e-07  4.90375e-21 -6.12257e-08  7.03912e-20 -1.84176e-08  6.91144e-20 -5.00841e-09  4.55801e-20 -1.23173e-09  2.40063e-20 -2.72186e-10   1.0724e-20 -5.31019e-11  4.17964e-21 -8.76103e-12  1.44052e-21 -1.07183e-12  4.41219e-22  -3.4103e-14  1.20158e-22  3.21064e-14  2.90508e-23  1.34041e-14  6.21077e-24  3.68088e-15  1.16088e-24  8.30267e-16  1.83916e-25  1.63576e-16  2.26175e-26  2.88523e-17  1.44312e-27  4.60739e-18  -2.3606e-28  6.69203e-19 -1.14804e-28  8.84673e-20 -2.81446e-29  1.06192e-20  -5.3241e-30  1.15105e-21 -8.48959e-31  1.11583e-22 -1.17856e-31  9.51548e-24 -1.44623e-32  6.92093e-25 -1.58091e-33  4.00148e-26 -1.54347e-34  1.43295e-27 -1.34389e-35 -3.19263e-29 -1.03929e-36 -1.14203e-29 -7.10016e-38 -1.23516e-30 -4.25618e-39 -9.41464e-32 -2.21806e-40  -5.6498e-33 -9.91905e-42 -2.74139e-34   -3.738e-43 -1.07353e-35 -1.15742e-44 -3.32697e-37 -2.83886e-46  -7.8488e-39 -5.21104e-48 -1.31381e-40 -6.47447e-50 -1.35255e-42 -4.32589e-52 -5.54002e-45
 2.56414e-05  6.62947e-17 -3.08947e-05 -2.88334e-16  -0.00191204  4.27331e-16   0.00918902 -8.04839e-17   -0.0116782 -6.55114e-17   -0.0103725 -9.92163e-17    0.0294786 -1.72117e-16  -0.00227767   1.2852e-16   -0.0190264  2.34523e-16  -0.00455177 -3.16495e-17   0.00751978 -1.31268e-16   0.00656031 -3.91761e-17   0.00119771  2.01319e-17  -0.00172975  2.91035e-17  -0.00179263   2.3506e-17  -0.00086089  5.72549e-18 -0.000146091 -1.17008e-17  0.000128526   -1.486e-17  0.000145951 -7.12507e-18  8.86996e-05  6.87306e-19  3.91129e-05  3.33624e-18  1.28231e-05  2.27568e-18  2.59391e-06  5.95426e-19 -2.32361e-07  -2.3285e-19 -5.63799e-07 -2.94115e-19 -3.57496e-07 -9.60003e-20 -1.66501e-07  5.61495e-20 -6.53125e-08  1.01905e-19 -2.26594e-08  8.46332e-20 -7.12122e-09  5.17957e-20  -2.0556e-09  2.60198e-20 -5.49939e-10  1.12303e-20  -1.3723e-10  4.26392e-21 -3.20959e-11  1.44175e-21  -7.0638e-12  4.36656e-22 -1.46792e-12  1.18802e-22 -2.88921e-13  2.91057e-23 -5.40127e-14  6.43485e-24 -9.61469e-15  1.28395e-24 -1.63294e-15   2.3021e-25  -2.6495e-16  3.67034e-26 -4.10815e-17  5.10511e-27 -6.08178e-18  5.96478e-28 -8.57781e-19  5.28872e-29 -1.14874e-19  2.06158e-30 -1.45436e-20 -4.27843e-31 -1.73184e-21 -1.32662e-31 -1.92881e-22  -2.3205e-32 -1.99719e-23 -3.16454e-33 -1.91064e-24 -3.63277e-34 -1.67763e-25 -3.60721e-35 -1.34245e-26 -3.12581e-36 -9.71432e-28 -2.36601e-37 -6.30119e-29 -1.56025e-38 -3.62652e-30 -8.91665e-40 -1.82931e-31 -4.37681e-41 -7.96535e-33 -1.81977e-42 -2.93587e-34 -6.27866e-44 -8.92179e-36 -1.74464e-45 -2.15317e-37 -3.73215e-47 -3.89484e-39  -5.7081e-49 -4.76966e-41 -5.39964e-51 -3.13748e-43 -2.04139e-53
-5.92339e-18  0.000120738  6.38119e-17 -0.000586516 -2.74767e-16 -0.000929063  3.29063e-16   0.00994163  3.82921e-17   -0.0159737  7.75684e-18  -0.00576411 -1.72117e-16    0.0267271 -2.17124e-16  0.000279824  1.44442e-16   -0.0181792  2.24755e-16  -0.00728799 -1.27785e-17   0.00575492  -1.0907e-16   0.00725846 -5.19639e-17     0.002681  8.04572e-18 -0.000894914  3.63146e-17  -0.00174338  3.21017e-17  -0.00115001  5.70759e-18  -0.00041979 -1.54449e-17 -2.03241e-05 -1.73133e-17  9.54686e-05  -7.8507e-18  8.46021e-05  4.70387e-19  4.77971e-05   3.0351e-18  2.08679e-05  1.97354e-18  7.30442e-06  4.51514e-19  1.96655e-06 -2.17915e-19  3.11071e-07  -2.0516e-19 -5.27356e-08  -5.6215e-21 -7.26504e-08  1.17323e-19 -3.98409e-08  1.33446e-19 -1.66881e-08  9.72461e-20 -5.98305e-09  5.54908e-20 -1.91619e-09  2.65845e-20 -5.59983e-10  1.10701e-20 -1.51172e-10  4.08553e-21 -3.79932e-11  1.35085e-21 -8.93593e-12  4.02489e-22 -1.97382e-12  1.08481e-22 -4.10425e-13  2.65476e-23 -8.04553e-14  5.92093e-24 -1.48793e-14  1.20659e-24 -2.59624e-15  2.24769e-25 -4.27186e-16   3.8227e-26 -6.62122e-17  5.92421e-27 -9.65214e-18  8.34742e-28 -1.32063e-18  1.06577e-28 -1.69167e-19  1.22613e-29 -2.02272e-20  1.26092e-30 -2.24982e-21  1.14635e-31 -2.31874e-22  9.04713e-33 -2.20453e-23  5.96282e-34 -1.92374e-24  2.95838e-35 -1.53192e-25  6.63339e-37 -1.10583e-26 -6.27615e-38 -7.18015e-28 -1.02102e-38 -4.15488e-29 -8.75001e-40 -2.11896e-30 -5.54394e-41  -9.3936e-32 -2.78181e-42 -3.55688e-33 -1.11997e-43 -1.12407e-34 -3.57374e-45 -2.87178e-36  -8.7501e-47 -5.65875e-38 -1.55233e-48 -7.96646e-40 -1.79927e-50 -6.90818e-42 -1.07639e-52 -2.37423e-44
-6.65587e-06  3.67133e-18  0.000260563  3.45016e-17  -0.00150216 -2.38666e-16   0.00125285  2.15512e-16   0.00867407  1.30957e-16   -0.0184013   8.0726e-17  -0.00227767 -2.17124e-16    0.0247026 -2.32149e-16   0.00218455  1.35289e-16   -0.0170087  2.05182e-16  -0.00947147  7.46385e-18   0.00368213 -9.20935e-17   0.00735402 -6.06123e-17   0.00397034   4.6555e-18  0.000147941  4.49682e-17  -0.00140774  3.78201e-17  -0.00127174  4.49476e-18 -0.000654484 -1.83992e-17 -0.000194015 -1.89347e-17  9.05673e-06 -8.54132e-18   5.4971e-05 -2.08879e-19  4.31841e-05  2.26871e-18  2.34382e-05  1.41944e-18  1.02509e-05  2.41402e-19  3.78082e-06 -1.84654e-19  1.18551e-06  -8.6745e-20  3.08175e-07  9.87443e-20  5.97917e-08  1.78478e-19  4.24588e-09   1.5958e-19 -3.21019e-09  1.04756e-19 -2.16649e-09  5.60471e-20 -9.08624e-10  2.56284e-20 -3.10646e-10  1.02874e-20 -9.30395e-11   3.6836e-21 -2.51584e-11  1.18758e-21 -6.23781e-12  3.46613e-22 -1.43069e-12  9.19542e-23 -3.05149e-13  2.22618e-23 -6.07147e-14  4.93699e-24 -1.12885e-14  1.00575e-24 -1.96264e-15  1.88455e-25 -3.19051e-16  3.24906e-26 -4.84584e-17  5.15438e-27 -6.86737e-18  7.52461e-28 -9.06403e-19  1.01049e-28 -1.11157e-19  1.24731e-29 -1.26297e-20  1.41405e-30 -1.32496e-21   1.4714e-31 -1.27827e-22  1.40368e-32 -1.12877e-23  1.22436e-33 -9.07297e-25  9.72377e-35 -6.59498e-26  6.99942e-36 -4.30139e-27  4.54702e-37 -2.49364e-28  2.65264e-38 -1.27008e-29  1.37925e-39 -5.60053e-31   6.3178e-41  -2.0977e-32  2.50771e-42 -6.50418e-34  8.43471e-44 -1.60934e-35  2.33139e-45 -3.00337e-37  5.06126e-47 -3.83261e-39  8.00839e-49 -2.70041e-41  7.97369e-51 -4.24313e-44  3.21941e-53
-1.32632e-18  1.81264e-05  2.58002e-17  0.000289675 -2.96284e-18  -0.00238392  -2.0583e-16   0.00406495  1.10808e-16   0.00587372  1.93606e-16   -0.0192498   1.2852e-16  0.000279824 -2.32149e-16    0.0232132 -2.24672e-16   0.00365971  1.13092e-16   -0.0156878  1.80876e-16   -0.0111448  1.94151e-17   0.00148446 -8.28647e-17   0.00690827 -6.30898e-17   0.00494203  9.37688e-18   0.00126059  5.39427e-17 -0.000829737  4.09761e-17  -0.00119182  2.80096e-18 -0.000794815 -2.02876e-17 -0.000351629 -1.98046e-17 -9.32959e-05 -9.33702e-18  5.83337e-06 -1.40357e-18  2.52164e-05    1.064e-18  1.89814e-05  6.59505e-19  1.01194e-05 -1.15069e-20  4.44055e-06  -1.3785e-19   1.6877e-06  4.27203e-20  5.68187e-07  1.99494e-19  1.71086e-07  2.28772e-19  4.61227e-08  1.75568e-19  1.10413e-08  1.05798e-19  2.29115e-09   5.3366e-20  3.85962e-10  2.33229e-20  4.08784e-11  9.02085e-21 -3.35427e-12  3.12918e-21 -3.58299e-12  9.81299e-22 -1.33169e-12  2.79583e-22 -3.74518e-13  7.26498e-23 -8.97336e-14  1.72819e-23 -1.90873e-14  3.77627e-24 -3.67182e-15  7.59814e-25 -6.44696e-16  1.40951e-25 -1.03777e-16  2.41189e-26   -1.534e-17  3.80747e-27  -2.0815e-18  5.54429e-28  -2.5876e-19  7.44251e-29 -2.93657e-20  9.20038e-30 -3.02594e-21  1.04611e-30 -2.80897e-22  1.09239e-31 -2.32183e-23  1.04513e-32 -1.67755e-24   9.1268e-34 -1.02492e-25   7.2383e-35 -4.91878e-27  5.18336e-36 -1.42959e-28  3.32969e-37  2.87207e-30  1.90338e-38   7.6701e-31  9.57955e-40  6.41389e-32  4.18444e-41  3.68678e-33  1.55618e-42  1.60766e-34  4.80059e-44  5.38136e-36   1.1838e-45  1.34782e-37  2.20389e-47  2.36999e-39  2.79972e-49  2.54547e-41  1.92643e-51  1.08277e-43
-9.44435e-06 -4.10293e-18  0.000119747  5.10069e-17   1.4444e-06 -2.97262e-17  -0.00269996 -1.88184e-16   0.00668559  3.02109e-17   0.00232514  2.26664e-16   -0.0190264  1.44442e-16   0.00218455 -2.24672e-16    0.0220892 -2.03897e-16   0.00485301  8.86786e-17   -0.0143073   1.5335e-16   -0.0123719  1.75742e-17 -0.000708603 -8.12225e-17   0.00600901 -5.93675e-17   0.00552328  1.96935e-17   0.00231025  6.19766e-17 -8.82969e-05   4.2135e-17 -0.000913833  1.28109e-18 -0.000805026 -2.10505e-17  -0.00045453 -2.01511e-17 -0.000185798 -1.03881e-17   -5.008e-05 -3.09432e-18 -1.42563e-06 -4.77223e-19  8.55539e-06 -2.22338e-19  6.80002e-06 -2.77898e-19  3.65448e-06 -8.78908e-20  1.61138e-06  1.60844e-19  6.19715e-07  2.79209e-19   2.1385e-07  2.59512e-19  6.72732e-08  1.78693e-19  1.94869e-08  1.00219e-19  5.23367e-09  4.78979e-20  1.30997e-09  2.00388e-20   3.0683e-10  7.46755e-21  6.74982e-11  2.50664e-21  1.39943e-11  7.63134e-22  2.74424e-12  2.11657e-22  5.10918e-13  5.36694e-23  9.06689e-14  1.24833e-23  1.53967e-14  2.67118e-24  2.51001e-15  5.26875e-25  3.93607e-16  9.58909e-26  5.93761e-17  1.61084e-26  8.59726e-18  2.49737e-27  1.18965e-18   3.5714e-28  1.56385e-19  4.70608e-29  1.93946e-20  5.70576e-30  2.25275e-21  6.35401e-31  2.43293e-22  6.48481e-32  2.42556e-23  6.04625e-33  2.21646e-24  5.12733e-34  1.84283e-25  3.93266e-35  1.38321e-26  2.71037e-36  9.29173e-28  1.66564e-37  5.53017e-29   9.0407e-39  2.88123e-30  4.28083e-40  1.29451e-31  1.73958e-41  4.91952e-33  5.93428e-43  1.54067e-34  1.64801e-44  3.83099e-36  3.56045e-46  7.14032e-38   5.5551e-48  9.01281e-40  5.41083e-50  6.11489e-42  2.12433e-52
-1.47699e-18 -2.17476e-05 -3.62788e-18  0.000293808  7.14008e-17 -0.000679309  -3.8302e-17  -0.00211202 -1.82826e-16   0.00846523  -1.9058e-17  -0.00128893  2.34523e-16   -0.0181792  1.35289e-16   0.00365971 -2.03897e-16    0.0212177 -1.75477e-16   0.00585634  6.87939e-17   -0.0129126  1.22117e-16   -0.0132163  1.39657e-18  -0.00280884 -8.49356e-17   0.00475203 -5.08606e-17   0.00568369  3.23276e-17   0.00318247  6.80363e-17  0.000717738  4.19179e-17 -0.000476149  3.36703e-19 -0.000676171 -2.08866e-17 -0.000476323 -2.02972e-17 -0.000244471 -1.17958e-17 -9.74921e-05 -5.16869e-18 -2.89875e-05 -2.19085e-18 -4.57949e-06 -1.12316e-18   1.4273e-06  -5.3067e-19   1.7326e-06 -4.82695e-20  1.00799e-06  2.47371e-19  4.55366e-07  3.25416e-19  1.76546e-07  2.66448e-19  6.11153e-08  1.68925e-19  1.92792e-08  8.90837e-20   5.6098e-09  4.05178e-20  1.51767e-09   1.6254e-20  3.83857e-10  5.83688e-21  9.11234e-11  1.89447e-21  2.03604e-11  5.59097e-22   4.2903e-12  1.50627e-22  8.53641e-13  3.71645e-23  1.60474e-13  8.42212e-24  2.85019e-14  1.75722e-24  4.77998e-15  3.38081e-25  7.56079e-16  6.00232e-26  1.12609e-16  9.83463e-27  1.57582e-17   1.4865e-27  2.06641e-18  2.07082e-28  2.53142e-19  2.65507e-29  2.88673e-20  3.12736e-30  3.05213e-21  3.37683e-31  2.97848e-22   3.3333e-32  2.66915e-23  2.99677e-33  2.18387e-24  2.44176e-34  1.62063e-25  1.79214e-35  1.08243e-26  1.17628e-36  6.44796e-28  6.84438e-38  3.38827e-29  3.49238e-39  1.54946e-30  1.54079e-40  6.06089e-32  5.76815e-42  1.98236e-33  1.78575e-43  5.25395e-35  4.40614e-45  1.07729e-36  8.18286e-47  1.58456e-38  1.03394e-48  1.44339e-40  7.05805e-51  5.24978e-43
 -3.4741e-06 -5.27917e-18 -7.14305e-06  2.27257e-18  0.000434325  8.51178e-17  -0.00158626 -3.27522e-17 -0.000652123 -1.79873e-16   0.00912974 -3.73827e-17  -0.00455177  2.24755e-16   -0.0170087  1.13092e-16   0.00485301 -1.75477e-16    0.0205302 -1.40775e-16   0.00672822  5.59878e-17   -0.0115249  8.70154e-17   -0.0137329 -2.52854e-17  -0.00475693 -9.06572e-17   0.00323171 -3.94796e-17    0.0054262  4.44469e-17   0.00378831  7.16586e-17   0.00148384  4.09126e-17  5.61979e-05  5.82067e-20 -0.000427411 -2.01893e-17 -0.000409351 -2.05561e-17 -0.000254041 -1.35507e-17  -0.00012353 -7.42143e-18 -4.94366e-05 -3.87876e-18 -1.62699e-05  -1.9424e-18 -4.13648e-06 -7.49593e-19  -5.8382e-07 -3.07847e-20   1.4311e-07  2.89841e-19  1.61498e-07   3.3364e-19  8.47961e-08  2.50559e-19  3.46098e-08  1.48725e-19  1.21549e-08  7.43313e-20  3.81945e-09  3.22963e-20  1.09495e-09  1.24435e-20  2.89563e-10  4.30765e-21  7.11246e-11  1.35126e-21  1.62969e-11  3.86149e-22  3.49284e-12   1.0089e-22  7.01351e-13  2.41692e-23  1.32036e-13  5.32217e-24   2.3306e-14  1.07939e-24  3.85503e-15  2.01858e-25  5.96921e-16  3.48252e-26  8.63924e-17  5.54188e-27   1.1664e-17  8.12902e-28  1.46552e-18  1.09775e-28  1.70869e-19   1.3624e-29   1.8425e-20  1.55065e-30  1.83039e-21  1.61448e-31  1.66771e-22  1.53272e-32  1.38637e-23  1.32122e-33  1.04515e-24  1.02852e-34  7.09425e-26  7.18242e-36  4.29889e-27  4.46346e-37  2.30163e-28  2.44434e-38  1.07498e-29  1.16513e-39  4.30966e-31  4.75657e-41  1.45224e-32  1.62729e-42  3.99789e-34  4.52515e-44  8.63324e-36  9.77437e-46  1.37356e-37  1.52233e-47  1.44311e-39  1.47795e-49  7.83847e-42  5.77602e-52
 3.53408e-19 -1.65185e-05 -1.18447e-17  7.73004e-05  1.11764e-17  0.000376015  9.32661e-17   -0.0023804 -2.24561e-17    0.0013452 -1.70993e-16   0.00873634 -3.16495e-17  -0.00728799  2.05182e-16   -0.0156878  8.86786e-17   0.00585634 -1.40775e-16    0.0199856 -9.93475e-17   0.00750844    4.979e-17   -0.0101519  4.96339e-17   -0.0139663 -5.59616e-17  -0.00651243 -9.48627e-17   0.00153734 -2.67509e-17   0.00477973  5.44766e-17   0.00406812  7.31017e-17    0.0021125  3.96406e-17  0.000602816  2.92943e-19 -0.000101686 -1.93958e-17 -0.000266371 -2.11081e-17 -0.000212117  -1.5497e-17 -0.000121719 -9.58162e-18 -5.72471e-05 -5.34501e-18  -2.3067e-05 -2.59906e-18 -8.09535e-06 -9.21685e-19 -2.47401e-06 -4.07552e-20 -6.45234e-07  2.86619e-19 -1.34351e-07  3.07778e-19 -1.68054e-08  2.17199e-19  2.33023e-09   1.2215e-19  2.59518e-09   5.8224e-20   1.1657e-09   2.4248e-20  4.01551e-10   8.9877e-21  1.18503e-10  3.00096e-21  3.11916e-11  9.09634e-22  7.46326e-12  2.51524e-22  1.63995e-12   6.3654e-23  3.32846e-13  1.47819e-23  6.25986e-14  3.15664e-24  1.09264e-14  6.20872e-25  1.77074e-15  1.12576e-25  2.66313e-16  1.88212e-26  3.71237e-17  2.90032e-27  4.78739e-18  4.11557e-28  5.69657e-19  5.36959e-29  6.23401e-20  6.42848e-30  6.24879e-21  7.04498e-31  5.70859e-22  7.04685e-32  4.72384e-23  6.41021e-33  3.51375e-24  5.27798e-34  2.32657e-25  3.91017e-35  1.35378e-26  2.58746e-36  6.80003e-28  1.51579e-37  2.87043e-29  7.77512e-39  9.72363e-31  3.44326e-40  2.38961e-32  1.29225e-41  2.87541e-34  4.00633e-43 -6.47852e-36  9.88968e-45 -4.47306e-37  1.83575e-46 -1.16734e-38  2.31613e-48 -1.58202e-40  1.57727e-50 -7.90052e-43
 1.65299e-07 -4.79028e-20 -3.44611e-05 -1.98546e-17  0.000238611  1.88839e-17  8.50525e-06  9.59073e-17  -0.00273046  -1.5851e-17   0.00343946 -1.53762e-16   0.00751978 -1.27785e-17  -0.00947147  1.80876e-16   -0.0143073  6.87939e-17   0.00672822 -9.93475e-17    0.0195582 -5.19762e-17   0.00822616   4.8063e-17  -0.00879363  1.32203e-17   -0.0139503 -8.36402e-17  -0.00804614  -9.4598e-17 -0.000247083 -1.33369e-17   0.00379418  6.22957e-17   0.00399358  7.32184e-17   0.00252423  3.85264e-17   0.00108104  7.86094e-19  0.000243208 -1.88141e-17 -7.71629e-05 -2.19167e-17 -0.000129496 -1.73472e-17 -9.37094e-05 -1.13629e-17 -5.11086e-05 -6.43036e-18 -2.34197e-05 -3.04133e-18 -9.40603e-06 -1.03912e-18 -3.38178e-06 -7.47013e-20 -1.10136e-06  2.46282e-19 -3.27089e-07   2.5795e-19 -8.88794e-08  1.74115e-19 -2.21094e-08  9.36505e-20 -5.02365e-09  4.28018e-20 -1.03654e-09  1.71379e-20 -1.91966e-10  6.12103e-21 -3.11843e-11  1.97266e-21 -4.21893e-12  5.77812e-22 -4.04793e-13  1.54528e-22 -3.05742e-15  3.78481e-23    1.043e-14  8.50985e-24  3.17826e-15  1.75972e-24  6.52845e-16  3.35095e-25  1.06926e-16  5.87982e-26  1.43989e-17  9.50678e-27  1.54835e-18  1.41552e-27   1.1424e-19  1.93862e-28  4.56768e-22  2.43776e-29 -1.71298e-21  2.80817e-30  -3.8292e-22  2.95535e-31  -5.7817e-23  2.83224e-32 -7.02409e-24  2.46158e-33 -7.22278e-25  1.93017e-34 -6.40539e-26  1.35654e-35  -4.9281e-27  8.47657e-37 -3.28565e-28  4.66285e-38 -1.88664e-29  2.23011e-39 -9.22872e-31  9.12544e-41 -3.78315e-32  3.12638e-42 -1.26897e-33  8.69965e-44 -3.36128e-35  1.87914e-45 -6.64634e-37  2.92478e-47 -8.87328e-39   2.8357e-49 -6.35412e-41  1.10601e-51
 5.51879e-19 -4.73854e-06 -2.08711e-18 -3.12957e-05 -2.73714e-17  0.000412035  2.29126e-17 -0.000635342  9.15312e-17  -0.00246216 -1.71586e-17   0.00525561 -1.31268e-16   0.00575492  7.46385e-18   -0.0111448   1.5335e-16   -0.0129126  5.59878e-17   0.00750844 -5.19762e-17    0.0192317 -2.22772e-18   0.00890432  4.80533e-17  -0.00744459 -1.85066e-17   -0.0137091 -1.02786e-16  -0.00933431 -8.79579e-17  -0.00204132  9.41049e-19   0.00253737  6.88571e-17    0.0035689  7.30983e-17   0.00266684  3.78547e-17   0.00141928  1.32549e-18  0.000546448  -1.8507e-17  0.000118998 -2.27281e-17 -2.66741e-05 -1.87488e-17 -4.82631e-05 -1.25231e-17 -3.39985e-05 -7.03739e-18 -1.80172e-05 -3.24915e-18 -8.06923e-06 -1.09735e-18 -3.19328e-06 -1.21654e-19 -1.14226e-06  1.83908e-19 -3.74393e-07  1.96901e-19 -1.13464e-07  1.29164e-19 -3.20022e-08  6.70012e-20 -8.44223e-09  2.95061e-20 -2.09128e-09  1.13921e-20 -4.88053e-10  3.92738e-21 -1.07599e-10  1.22269e-21 -2.24601e-11  3.46177e-22 -4.44663e-12  8.95265e-23 -8.35923e-13  2.12105e-23 -1.49289e-13  4.61356e-24 -2.53214e-14  9.22807e-25 -4.07449e-15  1.69911e-25 -6.20801e-16  2.88104e-26 -8.93239e-17  4.49785e-27 -1.20969e-17  6.46007e-28   -1.536e-18  8.52356e-29 -1.82068e-19  1.03104e-29 -2.00511e-20   1.1405e-30 -2.04117e-21  1.15018e-31 -1.90996e-22  1.05368e-32 -1.63271e-23  8.72863e-34 -1.26636e-24  6.50092e-35 -8.84235e-26  4.32176e-36 -5.50781e-27   2.5417e-37 -3.02727e-28   1.3078e-38 -1.44861e-29  5.80477e-40 -5.93325e-31  2.18171e-41  -2.0339e-32  6.76916e-43  -5.6571e-34  1.67134e-44 -1.21949e-35  3.10152e-46 -1.89024e-37  3.91003e-48 -1.82016e-39  2.65921e-50 -7.02697e-42
 8.88624e-07  1.67229e-18 -1.94909e-05 -5.75192e-18  2.77875e-05 -3.26927e-17  0.000481652  2.34474e-17  -0.00138476   7.9173e-17   -0.0015974 -2.60707e-17   0.00656031  -1.0907e-16   0.00368213  1.94151e-17   -0.0123719  1.22117e-16   -0.0115249    4.979e-17   0.00822616 -2.22772e-18    0.0189959  4.39779e-17   0.00956245  4.70727e-17  -0.00609518 -4.27369e-17   -0.0132571 -1.10449e-16   -0.0103544 -7.42783e-17  -0.00376654   1.6683e-17   0.00109336  7.54691e-17   0.00283117  7.36363e-17   0.00252226  3.77337e-17   0.00156888  1.83203e-18  0.000756604 -1.82858e-17  0.000283031  -2.3159e-17  7.22514e-05 -1.93815e-17  1.94781e-06 -1.29164e-17 -1.17499e-05 -7.14164e-18 -9.24541e-06 -3.23164e-18 -4.95977e-06 -1.09504e-18 -2.19723e-06 -1.67365e-19 -8.53759e-07  1.15968e-19 -2.99152e-07  1.36398e-19 -9.59977e-08  8.85155e-20 -2.84858e-08  4.46637e-20 -7.86667e-09  1.90466e-20 -2.03087e-09  7.11258e-21 -4.91651e-10  2.37113e-21 -1.11849e-10  7.13862e-22 -2.39437e-11  1.95459e-22 -4.82643e-12  4.88849e-23 -9.16174e-13     1.12e-23 -1.63705e-13  2.35543e-24 -2.75095e-14  4.55363e-25 -4.34157e-15  8.09917e-26  -6.4236e-16  1.32561e-26 -8.89035e-17  1.99583e-27 -1.14798e-17  2.76131e-28 -1.37883e-18  3.50483e-29 -1.53512e-19  4.07179e-30 -1.57804e-20  4.31766e-31 -1.49102e-21  4.16487e-32 -1.28826e-22  3.63988e-33 -1.01182e-23  2.86755e-34 -7.17427e-25  2.02352e-35 -4.55485e-26  1.26884e-36 -2.56403e-27  6.99994e-38 -1.26442e-28  3.35535e-39 -5.38017e-30   1.3751e-40 -1.93691e-31  4.71531e-42 -5.74545e-33  1.31257e-43  -1.3522e-34  2.83493e-45 -2.38207e-36  4.41019e-47 -2.83536e-38  4.27194e-49 -1.80786e-40  1.66395e-51
 1.55305e-19   7.8991e-07  3.38334e-18 -3.92224e-05  -9.8782e-18  0.000153721  -3.4493e-17  0.000346657  2.22163e-17  -0.00201261  6.03113e-17 -0.000301891 -3.91761e-17   0.00725846 -9.20935e-17   0.00148446  1.75742e-17   -0.0132163  8.70154e-17   -0.0101519   4.8063e-17   0.00890432  4.39779e-17    0.0188456  8.00958e-17    0.0102186  4.29023e-17  -0.00473191 -5.84196e-17   -0.0125996 -1.06426e-16   -0.0110817 -5.40926e-17   -0.0053433  3.43256e-17 -0.000439088  8.30624e-17   0.00184904  7.52083e-17   0.00211003  3.80909e-17   0.00151257  2.36739e-18  0.000842035 -1.78104e-17  0.000385361 -2.28377e-17   0.00014631 -1.90499e-17  4.44805e-05 -1.25212e-17  9.18419e-06 -6.78828e-18 -1.03098e-07 -3.02171e-18 -1.34689e-06 -1.03544e-18  -8.8878e-07 -1.99348e-19 -4.15536e-07  5.58324e-20  -1.6248e-07  8.47554e-20 -5.60801e-08  5.57713e-20 -1.75155e-08  2.76565e-20 -5.01791e-09  1.14852e-20 -1.32938e-09  4.16244e-21 -3.27363e-10  1.34472e-21 -7.51761e-11  3.92016e-22 -1.61311e-11  1.03879e-22 -3.23775e-12  2.51333e-23 -6.08088e-13  5.56834e-24 -1.06837e-13  1.13192e-24 -1.75461e-14   2.1139e-25 -2.69032e-15  3.62935e-26  -3.8448e-16  5.72906e-27 -5.11072e-17  8.31015e-28 -6.30279e-18   1.1063e-28 -7.19002e-19  1.34912e-29 -7.56065e-20  1.50326e-30 -7.29886e-21  1.52572e-31 -6.43816e-22   1.4053e-32  -5.1603e-23  1.16942e-33 -3.73389e-24  8.74271e-35 -2.42017e-25  5.83084e-36 -1.39206e-26  3.43856e-37 -7.02429e-28  1.77318e-38 -3.06495e-29  7.88323e-40 -1.13521e-30  2.96596e-41 -3.48217e-32  9.20702e-43 -8.54764e-34  2.27336e-44 -1.59575e-35  4.21725e-46 -2.08513e-37  5.31293e-48 -1.62467e-39   3.6095e-50 -4.74002e-42
