 7.89927e-09 -1.16516e-10  1.03249e-07 -8.86785e-10  5.59206e-07 -3.73648e-09   1.9284e-06 -1.08942e-08   4.8615e-06 -2.41332e-08  9.57641e-06 -4.26494e-08  1.52829e-05 -6.17477e-08   2.0131e-05 -7.40841e-08  2.19817e-05 -7.33816e-08  1.96166e-05 -5.82626e-08  1.35395e-05   -3.338e-08  5.76643e-06  -6.9818e-09 -1.24373e-06  1.33212e-08 -5.76615e-06  2.37785e-08 -7.38317e-06  2.50656e-08 -6.77384e-06  2.05894e-08 -5.06351e-06  1.41486e-08 -3.21993e-06  8.36279e-09 -1.77419e-06  4.30374e-09 -8.53722e-07  1.93727e-09 -3.59474e-07  7.62651e-10 -1.32183e-07  2.61583e-10 -4.22135e-08  7.76052e-11  -1.1602e-08  1.96933e-11 -2.70745e-09  4.20586e-12 -5.26126e-10  7.38462e-13  -8.2751e-11  1.02938e-13 -1.00854e-11  1.07767e-14 -8.85519e-13     7.67e-16 -4.84864e-14  2.95065e-17 -1.07046e-15
-1.16516e-10  1.45505e-07 -1.52675e-09  1.10998e-06 -8.28679e-09  4.68626e-06 -2.86293e-08  1.36865e-05 -7.22852e-08  3.03601e-05 -1.42559e-07  5.37066e-05 -2.27679e-07  7.77934e-05 -2.99946e-07  9.33084e-05 -3.27239e-07  9.22703e-05 -2.91202e-07  7.29148e-05 -1.99384e-07  4.11612e-05 -8.21615e-08  7.52858e-06  2.33485e-08 -1.82641e-05   9.1089e-08 -3.14278e-05  1.14777e-07 -3.28412e-05  1.04753e-07 -2.68871e-05  7.81363e-08  -1.8451e-05  4.96462e-08 -1.09008e-05  2.73506e-08 -5.61014e-06  1.31635e-08 -2.52618e-06  5.54519e-09 -9.95015e-07  2.04025e-09 -3.41505e-07  6.52023e-10 -1.01391e-07  1.79341e-10 -2.57499e-08  4.18859e-11 -5.50402e-09  8.14653e-12 -9.67245e-10  1.28246e-12 -1.34952e-10  1.56446e-13 -1.41414e-11  1.37492e-14 -1.00742e-12   7.5355e-16 -3.87929e-14  1.66526e-17
 1.03249e-07 -1.52675e-09  1.35605e-06 -1.16719e-08  7.37499e-06 -4.93692e-08  2.55228e-05 -1.44412e-07   6.4533e-05 -3.20745e-07  0.000127409 -5.67905e-07  0.000203623 -8.22951e-07  0.000268282 -9.86776e-07  0.000292444 -9.74216e-07   0.00025952 -7.66328e-07  0.000176303 -4.26315e-07  7.02519e-05  -6.6743e-08 -2.50253e-05   2.0826e-07 -8.59177e-05   3.4739e-07 -0.000106754  3.60225e-07 -9.69775e-05  2.94043e-07 -7.21982e-05  2.01538e-07 -4.58392e-05  1.19021e-07 -2.52497e-05  6.12576e-08 -1.21548e-05  2.75924e-08 -5.12239e-06  1.08734e-08 -1.88573e-06  3.73419e-09  -6.0303e-07  1.10942e-09 -1.65984e-07  2.81962e-10 -3.87956e-08  6.03162e-11  -7.5515e-09  1.06082e-11 -1.18977e-09  1.48131e-12 -1.45261e-10  1.55356e-13 -1.27771e-11  1.10771e-14 -7.00885e-13  4.26918e-16 -1.55024e-14
-8.86785e-10  1.10998e-06 -1.16719e-08  8.50272e-06 -6.35967e-08  3.60264e-05  -2.2044e-07  0.000105535 -5.58103e-07  0.000234672 -1.10299e-06   0.00041585 -1.76387e-06  0.000602836 -2.32415e-06  0.000722616 -2.53134e-06  0.000712299 -2.24038e-06  0.000557823 -1.51044e-06  0.000305894 -5.81792e-07  3.98646e-05   2.5105e-07 -0.000163074  7.81042e-07 -0.000264897  9.58643e-07 -0.000272817  8.67239e-07 -0.000222106  6.44543e-07 -0.000152066  4.08955e-07 -8.97733e-05  2.25238e-07 -4.62069e-05  1.08447e-07 -2.08192e-05  4.57199e-08 -8.20798e-06  1.68396e-08 -2.82037e-06  5.38825e-09 -8.38444e-07  1.48408e-09 -2.13237e-07  3.47114e-10  -4.5647e-08   6.7614e-11 -8.03412e-09  1.06608e-11 -1.12272e-09  1.30259e-12 -1.17838e-10  1.14664e-13 -8.40858e-12  6.29482e-15  -3.2433e-13  1.39342e-16
 5.59206e-07 -8.28679e-09  7.37499e-06 -6.35967e-08  4.02536e-05 -2.69893e-07  0.000139733 -7.91683e-07  0.000354201 -1.76231e-06  0.000700664 -3.12528e-06   0.00112112 -4.53208e-06   0.00147731 -5.43088e-06   0.00160772 -5.34533e-06   0.00141931 -4.16839e-06  0.000949909 -2.25412e-06  0.000353679 -2.35501e-07 -0.000180166  1.30071e-06 -0.000518523   2.0655e-06  -0.00062966   2.1145e-06  -0.00056753  1.71742e-06 -0.000421154   1.1747e-06  -0.00026706  6.93274e-07 -0.000147072   3.5685e-07 -7.08237e-05  1.60827e-07 -2.98687e-05  6.34319e-08 -1.10062e-05  2.18068e-08 -3.52358e-06  6.48638e-09 -9.71059e-07  1.65064e-09 -2.27264e-07   3.5357e-10  -4.4297e-08  6.22711e-11 -6.98901e-09  8.70785e-12  -8.5453e-10  9.14584e-13 -7.52743e-11  6.53071e-14 -4.13528e-12  2.52074e-15 -9.16027e-14
-3.73648e-09  4.68626e-06 -4.93692e-08  3.60264e-05 -2.69893e-07  0.000153115 -9.38155e-07  0.000449693 -2.38074e-06   0.00100202 -4.71348e-06   0.00177823 -7.54587e-06   0.00257946 -9.94369e-06   0.00309009 -1.08133e-05   0.00303714 -9.52332e-06   0.00235899 -6.32972e-06   0.00125872 -2.27923e-06  9.99401e-05  1.34198e-06 -0.000779971  3.62865e-06  -0.00121487  4.36566e-06  -0.00123716  3.92216e-06  -0.00100274  2.90664e-06 -0.000685276  1.84218e-06 -0.000404319   1.0144e-06 -0.000208125  4.88568e-07 -9.38206e-05  2.06107e-07 -3.70169e-05  7.59782e-08 -1.27313e-05  2.43352e-08 -3.78874e-06  6.70992e-09 -9.64654e-07  1.57122e-09 -2.06745e-07  3.06425e-10 -3.64328e-08  4.83742e-11 -5.09764e-09  5.91807e-12  -5.3572e-10  5.21623e-13 -3.82765e-11  2.86731e-14 -1.47829e-12  6.35533e-16
  1.9284e-06 -2.86293e-08  2.55228e-05  -2.2044e-07  0.000139733 -9.38155e-07  0.000486321 -2.75846e-06    0.0012354  -6.1521e-06   0.00244779 -1.09247e-05   0.00392057 -1.58516e-05   0.00516658 -1.89844e-05    0.0056145  -1.8635e-05    0.0049339  -1.4421e-05   0.00325836 -7.59897e-06   0.00113606 -4.22438e-07 -0.000758743  5.01616e-06  -0.00195123  7.68649e-06   -0.0023289  7.79196e-06  -0.00208643  6.30412e-06  -0.00154439  4.30497e-06 -0.000978354  2.53933e-06 -0.000538684  1.30717e-06 -0.000259478  5.89372e-07 -0.000109491  2.32605e-07 -4.03755e-05  8.00296e-08  -1.2937e-05   2.3826e-08 -3.56862e-06  6.06901e-09 -8.36016e-07  1.30131e-09 -1.63119e-07  2.29426e-10 -2.57633e-08  3.21165e-11 -3.15338e-09  3.37681e-12 -2.78076e-10  2.41386e-13  -1.5293e-11  9.32716e-15 -3.39129e-13
-1.08942e-08  1.36865e-05 -1.44412e-07  0.000105535 -7.91683e-07  0.000449693 -2.75846e-06    0.0013236 -7.01381e-06   0.00295442 -1.39069e-05   0.00524942 -2.22841e-05   0.00761881 -2.93675e-05   0.00912238 -3.18941e-05   0.00894428 -2.79733e-05   0.00689899 -1.83674e-05   0.00359422 -6.21421e-06  0.000121177  4.62331e-06   -0.0025062  1.14237e-05   -0.0037887  1.35438e-05   -0.0038259  1.21046e-05  -0.00309057  8.95083e-06   -0.0021091  5.66793e-06  -0.00124379  3.12047e-06 -0.000640267  1.50322e-06 -0.000288723  6.34429e-07 -0.000113976  2.34011e-07 -3.92252e-05  7.50039e-08 -1.16816e-05  2.06963e-08 -2.97659e-06  4.85019e-09 -6.38462e-07  9.46679e-10 -1.12604e-07  1.49574e-10 -1.57687e-08  1.83143e-11 -1.65856e-09  1.61559e-12 -1.18602e-10  8.88821e-14 -4.58438e-12  1.97169e-15
  4.8615e-06 -7.22852e-08   6.4533e-05 -5.58103e-07  0.000354201 -2.38074e-06    0.0012354 -7.01381e-06    0.0031438 -1.56671e-05   0.00623748 -2.78521e-05   0.00999873 -4.04334e-05    0.0131778 -4.84043e-05    0.0143044 -4.74141e-05    0.0125254 -3.64702e-05   0.00818383 -1.88146e-05   0.00269608 -2.75084e-07  -0.00219272  1.37295e-05  -0.00525269  2.05317e-05  -0.00619389  2.06683e-05  -0.00552485  1.66745e-05  -0.00408191  1.13728e-05  -0.00258386  6.70543e-06  -0.00142239  3.45166e-06 -0.000685231  1.55663e-06 -0.000289233  6.14581e-07 -0.000106703  2.11551e-07 -3.42066e-05  6.30149e-08 -9.44091e-06  1.60603e-08 -2.21298e-06  3.44564e-09 -4.32036e-07  6.07835e-10 -6.82764e-08  8.51381e-11 -8.36176e-09  8.95678e-12 -7.37787e-10  6.40619e-13 -4.05975e-11   2.4767e-14 -9.00745e-13
-2.41332e-08  3.03601e-05 -3.20745e-07  0.000234672 -1.76231e-06   0.00100202  -6.1521e-06   0.00295442 -1.56671e-05   0.00660374 -3.11021e-05    0.0117452  -4.9875e-05    0.0170549 -6.57388e-05     0.020415 -7.13338e-05    0.0199832 -6.23835e-05    0.0153377 -4.06037e-05   0.00785149 -1.30924e-05 -4.67082e-06  1.13978e-05  -0.00593245  2.66968e-05  -0.00880049  3.13526e-05  -0.00883796  2.79239e-05  -0.00712309  2.06171e-05  -0.00485608  1.30466e-05  -0.00286256  7.18115e-06  -0.00147342   3.4594e-06 -0.000664486  1.46024e-06 -0.000262361  5.38738e-07 -9.03159e-05   1.7272e-07 -2.69046e-05  4.76739e-08 -6.85759e-06  1.11757e-08 -1.47135e-06  2.18197e-09 -2.59574e-07  3.44845e-10 -3.63596e-08  4.22346e-11 -3.82526e-09  3.72658e-12 -2.73599e-10  2.05059e-13 -1.05775e-11   4.5496e-15
 9.57641e-06 -1.42559e-07  0.000127409 -1.10299e-06  0.000700664 -4.71348e-06   0.00244779 -1.39069e-05   0.00623748 -3.11021e-05    0.0123885 -5.53401e-05    0.0198727 -8.03774e-05    0.0261973  -9.6214e-05    0.0284223 -9.41406e-05    0.0248372  -7.2158e-05    0.0161262 -3.67537e-05   0.00512672  3.87673e-07  -0.00466041  2.83921e-05   -0.0107667   4.1907e-05   -0.0126118  4.20212e-05   -0.0112216  3.38449e-05   -0.0082813  2.30653e-05   -0.0052391  1.35938e-05  -0.00288326  6.99612e-06  -0.00138881  3.15482e-06 -0.000586176  1.24553e-06 -0.000216245  4.28727e-07 -6.93224e-05  1.27704e-07 -1.91324e-05  3.25463e-08  -4.4845e-06  6.98221e-09 -8.75439e-07  1.23161e-09 -1.38335e-07  1.72486e-10 -1.69392e-08  1.81429e-11 -1.49431e-09  1.29736e-12 -8.22055e-11  5.01431e-14 -1.82335e-12
-4.26494e-08  5.37066e-05 -5.67905e-07   0.00041585 -3.12528e-06   0.00177823 -1.09247e-05   0.00524942 -2.78521e-05    0.0117452 -5.53401e-05    0.0209058 -8.87999e-05     0.030372 -0.000117085    0.0363615  -0.00012704    0.0355777 -0.000111001    0.0272612 -7.20222e-05    0.0138655 -2.28008e-05 -0.000187333  2.09918e-05   -0.0107809  4.83029e-05   -0.0158889  5.65355e-05    -0.015924  5.02847e-05   -0.0128219     3.71e-05  -0.00873617  2.34661e-05   -0.0051477  1.29115e-05  -0.00264873  6.21785e-06  -0.00119414  2.62374e-06 -0.000471327  9.67658e-07 -0.000162191  3.10113e-07 -4.82962e-05    8.556e-08 -1.23044e-05  2.00473e-08 -2.63865e-06  3.91194e-09 -4.65238e-07  6.17877e-10 -6.51259e-08  7.56224e-11 -6.84672e-09  6.66751e-12 -4.89315e-10  3.66578e-13 -1.89005e-11  8.12559e-15
 1.52829e-05 -2.27679e-07  0.000203623 -1.76387e-06   0.00112112 -7.54587e-06   0.00392057 -2.22841e-05   0.00999873  -4.9875e-05    0.0198727 -8.87999e-05    0.0318973 -0.000129046    0.0420705 -0.000154548    0.0456657 -0.000151293    0.0399279 -0.000116045    0.0259498 -5.92115e-05   0.00828815  4.36286e-07  -0.00743168  4.54213e-05   -0.0172419  6.71395e-05   -0.0202095  6.73398e-05   -0.0179824  5.42314e-05   -0.0132679  3.69479e-05  -0.00839072  2.17663e-05  -0.00461544   1.1196e-05  -0.00222184  5.04545e-06 -0.000937124  1.99047e-06 -0.000345438  6.84571e-07  -0.00011064   2.0372e-07 -3.05056e-05  5.18661e-08 -7.14256e-06  1.11143e-08 -1.39268e-06  1.95803e-09 -2.19782e-07  2.73851e-10 -2.68746e-08  2.87627e-11 -2.36714e-09  2.05346e-12 -1.30005e-10  7.92296e-14 -2.87837e-12
-6.17477e-08  7.77934e-05 -8.22951e-07  0.000602836 -4.53208e-06   0.00257946 -1.58516e-05   0.00761881 -4.04334e-05    0.0170549 -8.03774e-05     0.030372 -0.000129046    0.0441522 -0.000170279    0.0529093 -0.000184986     0.051857 -0.000162029    0.0398854 -0.000105799    0.0205389 -3.46562e-05  0.000213763  2.87294e-05   -0.0151353  6.83694e-05    -0.022576  8.04969e-05   -0.0227001  7.17306e-05   -0.0182964  5.29464e-05   -0.0124669  3.34806e-05  -0.00734239  1.84092e-05  -0.00377483  8.85673e-06  -0.00169995  3.73273e-06 -0.000670087  1.37472e-06  -0.00023024  4.39864e-07  -6.8444e-05  1.21143e-07 -1.74051e-05  2.83297e-08 -3.72494e-06  5.51648e-09 -6.55328e-07   8.6932e-10 -9.15179e-08  1.06135e-10 -9.59671e-09  9.33288e-12  -6.8396e-10  5.11653e-13 -2.63405e-11  1.13064e-14
  2.0131e-05 -2.99946e-07  0.000268282 -2.32415e-06   0.00147731 -9.94369e-06   0.00516658 -2.93675e-05    0.0131778 -6.57388e-05    0.0261973 -0.000117085    0.0420705 -0.000170279    0.0555485 -0.000204249     0.060432 -0.000200611    0.0531027 -0.000155084    0.0349749 -8.12171e-05    0.0119856 -3.47138e-06  -0.00853622  5.53889e-05   -0.0214223  8.41492e-05   -0.0254506  8.50406e-05   -0.0227467  6.86631e-05   -0.0168059   4.6804e-05    -0.010627  2.75563e-05  -0.00583985  1.41561e-05  -0.00280691  6.36803e-06  -0.00118154  2.50678e-06 -0.000434514  8.59985e-07 -0.000138801  2.55204e-07 -3.81572e-05   6.4773e-08 -8.90528e-06  1.38333e-08 -1.73029e-06  2.42818e-09 -2.72027e-07  3.38269e-10 -3.31271e-08  3.53779e-11 -2.90504e-09  2.51424e-12 -1.58793e-10  9.65321e-14 -3.49787e-12
-7.40841e-08  9.33084e-05 -9.86776e-07  0.000722616 -5.43088e-06   0.00309009 -1.89844e-05   0.00912238 -4.84043e-05     0.020415  -9.6214e-05    0.0363615 -0.000154548    0.0529093 -0.000204249    0.0635575 -0.000222704    0.0626376 -0.000196712    0.0488218 -0.000131372    0.0262587 -4.81901e-05   0.00243853  2.63007e-05   -0.0156723   7.3397e-05   -0.0246398  8.86471e-05   -0.0251303  7.96595e-05   -0.0203558  5.89598e-05   -0.0138866   3.7286e-05  -0.00817221  2.04718e-05  -0.00419302  9.82475e-06  -0.00188287  4.12739e-06 -0.000739566  1.51424e-06 -0.000253071  4.82394e-07  -7.4884e-05  1.32212e-07 -1.89458e-05  3.07534e-08 -4.03211e-06  5.95367e-09 -7.05079e-07  9.32313e-10 -9.78215e-08  1.13051e-10 -1.01852e-08  9.86806e-12 -7.20362e-10  5.36702e-13 -2.75138e-11  1.17583e-14
 2.19817e-05 -3.27239e-07  0.000292444 -2.53134e-06   0.00160772 -1.08133e-05    0.0056145 -3.18941e-05    0.0143044 -7.13338e-05    0.0284223  -0.00012704    0.0456657 -0.000184986     0.060432 -0.000222704     0.066118 -0.000220627    0.0588688 -0.000174135    0.0401473 -9.73959e-05    0.0161652  -1.5984e-05  -0.00542203  4.63429e-05   -0.0192219  7.78602e-05   -0.0239375  8.07506e-05   -0.0217226  6.57899e-05   -0.0161305  4.49501e-05   -0.0102036  2.64348e-05  -0.00559424  1.35355e-05  -0.00267791  6.05987e-06  -0.00112117   2.3713e-06 -0.000409652  8.07865e-07  -0.00012989  2.37856e-07 -3.54119e-05  5.98435e-08 -8.18891e-06   1.2658e-08 -1.57512e-06  2.19854e-09 -2.44917e-07  3.02771e-10 -2.94692e-08  3.12702e-11  -2.5506e-09  2.19208e-12 -1.37437e-10  8.29133e-14 -2.98045e-12
-7.33816e-08  9.22703e-05 -9.74216e-07  0.000712299 -5.34533e-06   0.00303714  -1.8635e-05   0.00894428 -4.74141e-05    0.0199832 -9.41406e-05    0.0355777 -0.000151293     0.051857 -0.000200611    0.0626376 -0.000220627    0.0625453 -0.000198814    0.0502983   -0.0001398    0.0297209 -6.34264e-05    0.0077146  5.90195e-06  -0.00932268  5.10149e-05   -0.0182281  6.77121e-05    -0.019549  6.26413e-05   -0.0161081  4.68116e-05   -0.0110388  2.96296e-05  -0.00648413  1.62023e-05  -0.00330757  7.71896e-06  -0.00147247  3.21104e-06 -0.000572095  1.16411e-06 -0.000193259   3.6576e-07 -5.63481e-05   9.8686e-08 -1.40212e-05  2.25552e-08 -2.92918e-06  4.28188e-09  -5.0175e-07  6.56087e-10 -6.80333e-08  7.76551e-11 -6.90519e-09  6.59824e-12 -4.74674e-10  3.48221e-13  -1.7561e-11  7.37541e-15
 1.96166e-05 -2.91202e-07   0.00025952 -2.24038e-06   0.00141931 -9.52332e-06    0.0049339 -2.79733e-05    0.0125254 -6.23835e-05    0.0248372 -0.000111001    0.0399279 -0.000162029    0.0531027 -0.000196712    0.0588688 -0.000198814    0.0540243 -0.000164397    0.0397006 -0.000104692    0.0208264 -3.99435e-05   0.00344306  1.11491e-05  -0.00820841  3.93142e-05   -0.0130599  4.59455e-05   -0.0126628  3.88884e-05  -0.00960478   2.6839e-05  -0.00608874  1.57238e-05  -0.00330991  7.95183e-06  -0.00155963  3.49386e-06 -0.000639075  1.33459e-06 -0.000227359  4.41593e-07 -6.98376e-05  1.25625e-07 -1.83466e-05  3.03688e-08 -4.06399e-06  6.13288e-09 -7.43674e-07  1.00945e-09 -1.09111e-07   1.3055e-10 -1.22636e-08  1.25194e-11  -9.7885e-10  8.03034e-13 -4.78267e-11  2.72512e-14 -9.18909e-13
-5.82626e-08  7.29148e-05 -7.66328e-07  0.000557823 -4.16839e-06   0.00235899  -1.4421e-05   0.00689899 -3.64702e-05    0.0153377  -7.2158e-05    0.0272612 -0.000116045    0.0398854 -0.000155084    0.0488218 -0.000174135    0.0502983 -0.000164397     0.043375 -0.000128731    0.0305271 -7.99939e-05    0.0162059 -3.38343e-05    0.0044929  -1.1898e-06  -0.00257619  1.50291e-05  -0.00521674  1.83621e-05  -0.00496726  1.48132e-05  -0.00352717  9.44964e-06   -0.0020456  5.01832e-06 -0.000999039  2.25923e-06 -0.000414973  8.65602e-07 -0.000146462  2.80768e-07 -4.35073e-05  7.60129e-08 -1.06646e-05   1.6719e-08 -2.07847e-06  2.83436e-09 -2.97672e-07  3.25533e-10 -2.44695e-08  1.29444e-11  7.63978e-10 -3.43777e-12  5.49483e-10 -7.74356e-13  7.49324e-11 -7.01195e-14  4.35854e-12 -2.20323e-15
 1.35395e-05 -1.99384e-07  0.000176303 -1.51044e-06  0.000949909 -6.32972e-06   0.00325836 -1.83674e-05   0.00818383 -4.06037e-05    0.0161262 -7.20222e-05    0.0259498 -0.000105799    0.0349749 -0.000131372    0.0401473   -0.0001398    0.0397006 -0.000128731    0.0341057 -0.000103367    0.0256511 -7.30066e-05    0.0170725  -4.6014e-05    0.0102606 -2.66252e-05    0.0057888 -1.48708e-05   0.00325264  -8.5219e-06   0.00191542 -5.15093e-06   0.00117703 -3.16997e-06  0.000713432  -1.8635e-06  0.000401646 -9.95017e-07   0.00020195 -4.68635e-07   8.8736e-05 -1.91476e-07  3.36148e-05 -6.70575e-08  1.08504e-05 -1.98825e-08  2.94357e-06 -4.91237e-09  6.58665e-07 -9.88809e-10  1.18275e-07 -1.56754e-10  1.63339e-08 -1.85321e-11  1.61441e-09 -1.48037e-12  9.89416e-11 -6.35805e-14   2.4329e-12
  -3.338e-08  4.11612e-05 -4.26315e-07  0.000305894 -2.25412e-06   0.00125872 -7.59897e-06   0.00359422 -1.88146e-05   0.00785149 -3.67537e-05    0.0138655 -5.92115e-05    0.0205389 -8.12171e-05    0.0262587 -9.73959e-05    0.0297209 -0.000104692    0.0305271 -0.000103367    0.0291354 -9.58252e-05    0.0263328 -8.46352e-05    0.0227457 -7.14418e-05    0.0187241 -5.71789e-05    0.0145178 -4.27855e-05    0.0104448 -2.94935e-05   0.00687692 -1.84958e-05   0.00409757 -1.04481e-05   0.00219004 -5.27362e-06   0.00104203   -2.361e-06  0.000438125 -9.30385e-07  0.000161453 -3.19827e-07  5.16285e-05 -9.48339e-08  1.41432e-05 -2.38986e-08  3.26233e-06 -5.01584e-09  6.18571e-07 -8.51769e-10  9.30702e-08 -1.12014e-10  1.05096e-08 -1.06041e-11  8.06164e-10  -6.2553e-13  3.33984e-11 -1.48665e-14
 5.76643e-06 -8.21615e-08  7.02519e-05 -5.81792e-07  0.000353679 -2.27923e-06   0.00113606 -6.21421e-06   0.00269608 -1.30924e-05   0.00512672 -2.28008e-05   0.00828815 -3.46562e-05    0.0119856 -4.81901e-05    0.0161652 -6.34264e-05    0.0208264 -7.99939e-05    0.0256511 -9.58252e-05    0.0297407 -0.000107009    0.0318466 -0.000109466    0.0310295 -0.000101357    0.0272561 -8.43557e-05    0.0214731 -6.28646e-05    0.0151285 -4.18497e-05   0.00951141 -2.48349e-05   0.00532435 -1.31044e-05    0.0026459 -6.12678e-06   0.00116245 -2.52578e-06  0.000448927 -9.11999e-07  0.000151213 -2.85808e-07  4.39543e-05 -7.67826e-08  1.08676e-05 -1.73851e-08  2.24005e-06 -3.23905e-09  3.73977e-07 -4.79376e-10  4.84012e-08 -5.33013e-11  4.51399e-09 -4.02982e-12  2.62573e-10 -1.64702e-13  6.15901e-12
 -6.9818e-09  7.52858e-06  -6.6743e-08  3.98646e-05 -2.35501e-07  9.99401e-05 -4.22438e-07  0.000121177 -2.75084e-07 -4.67082e-06  3.87673e-07 -0.000187333  4.36286e-07  0.000213763 -3.47138e-06   0.00243853  -1.5984e-05    0.0077146 -3.99435e-05    0.0162059 -7.30066e-05    0.0263328 -0.000107009     0.035181 -0.000131321    0.0398914 -0.000138213    0.0391113 -0.000126596    0.0335433 -0.000101842    0.0253461  -7.2357e-05    0.0169443 -4.55353e-05    0.0100399 -2.54022e-05    0.0052717 -1.25477e-05   0.00244788 -5.47166e-06   0.00100119 -2.09583e-06  0.000358479 -6.99946e-07  0.000111383 -2.01724e-07  2.96693e-05 -4.94562e-08  6.66189e-06 -1.01105e-08  1.23119e-06 -1.67459e-09    1.808e-07 -2.15082e-10  1.99531e-08 -1.99126e-11  1.49778e-09 -1.15021e-12  6.07979e-11 -2.67998e-14
-1.24373e-06  2.33485e-08 -2.50253e-05   2.5105e-07 -0.000180166  1.34198e-06 -0.000758743  4.62331e-06  -0.00219272  1.13978e-05  -0.00466041  2.09918e-05  -0.00743168  2.87294e-05  -0.00853622  2.63007e-05  -0.00542203  5.90195e-06   0.00344306 -3.38343e-05    0.0170725 -8.46352e-05    0.0318466 -0.000131321    0.0431206 -0.000159211    0.0475447 -0.000161283    0.0445609 -0.000140556    0.0362416  -0.00010697    0.0258602  -7.1665e-05    0.0162823 -4.24308e-05   0.00906744 -2.22238e-05   0.00446523 -1.02833e-05   0.00193967  -4.1887e-06   0.00073978 -1.49316e-06  0.000245955 -4.61833e-07  7.05597e-05 -1.22455e-07    1.722e-05 -2.73711e-08   3.5045e-06 -5.03593e-09  5.77889e-07 -7.36309e-10   7.3905e-08 -8.09165e-11  6.81384e-09  -6.0492e-12  3.92007e-10  -2.4458e-13  9.09834e-12
 1.33212e-08 -1.82641e-05   2.0826e-07 -0.000163074  1.30071e-06 -0.000779971  5.01616e-06   -0.0025062  1.37295e-05  -0.00593245  2.83921e-05   -0.0107809  4.54213e-05   -0.0151353  5.53889e-05   -0.0156723  4.63429e-05  -0.00932268  1.11491e-05    0.0044929  -4.6014e-05    0.0227457 -0.000109466    0.0398914 -0.000159211    0.0506007 -0.000180879    0.0523115 -0.000171912    0.0460281 -0.000140725    0.0351773 -0.000100669    0.0235972 -6.34036e-05    0.0139652 -3.52735e-05   0.00730402 -1.73395e-05    0.0033728 -7.51531e-06   0.00137056 -2.85911e-06    0.0004873 -9.48046e-07  0.000150315 -2.71235e-07   3.9747e-05 -6.60134e-08  8.85996e-06 -1.33981e-08  1.62572e-06 -2.20344e-09  2.37071e-07 -2.81056e-10  2.59855e-08 -2.58465e-11  1.93775e-09 -1.48329e-12  7.81556e-11 -3.43438e-14
-5.76615e-06   9.1089e-08 -8.59177e-05  7.81042e-07 -0.000518523  3.62865e-06  -0.00195123  1.14237e-05  -0.00525269  2.66968e-05   -0.0107667  4.83029e-05   -0.0172419  6.83694e-05   -0.0214223   7.3397e-05   -0.0192219  5.10149e-05  -0.00820841  -1.1898e-06    0.0102606 -7.14418e-05    0.0310295 -0.000138213    0.0475447 -0.000180879    0.0551057 -0.000189496    0.0528477 -0.000167759    0.0434389 -0.000128553    0.0311242 -8.63047e-05    0.0196069 -5.10639e-05    0.0109014 -2.66837e-05   0.00535297 -1.23063e-05   0.00231687 -4.99329e-06  0.000880049 -1.77249e-06  0.000291329 -5.45824e-07  8.32067e-05 -1.44082e-07   2.0216e-05 -3.20618e-08  4.09601e-06 -5.87302e-09  6.72483e-07 -8.54993e-10   8.5635e-08 -9.35624e-11  7.86239e-09 -6.96581e-12  4.50496e-10 -2.80515e-13  1.04147e-11
 2.37785e-08 -3.14278e-05   3.4739e-07 -0.000264897   2.0655e-06  -0.00121487  7.68649e-06   -0.0037887  2.05317e-05  -0.00880049   4.1907e-05   -0.0158889  6.71395e-05    -0.022576  8.41492e-05   -0.0246398  7.78602e-05   -0.0182281  3.93142e-05  -0.00257619 -2.66252e-05    0.0187241 -0.000101357    0.0391113 -0.000161283    0.0523115 -0.000189496    0.0552954 -0.000182825    0.0491516 -0.000150684    0.0377314 -0.000108082     0.025345 -6.80978e-05    0.0149938 -3.78481e-05   0.00783075 -1.85719e-05   0.00360859  -8.0312e-06    0.0014628 -3.04756e-06   0.00051872 -1.00778e-06  0.000159563 -2.87519e-07  4.20737e-05 -6.97788e-08  9.35212e-06 -1.41225e-08  1.71123e-06 -2.31611e-09  2.48851e-07 -2.94622e-10  2.72032e-08 -2.70219e-11  2.02322e-09 -1.54672e-12   8.1394e-11 -3.57221e-14
-7.38317e-06  1.14777e-07 -0.000106754  9.58643e-07  -0.00062966  4.36566e-06   -0.0023289  1.35438e-05  -0.00619389  3.13526e-05   -0.0126118  5.65355e-05   -0.0202095  8.04969e-05   -0.0254506  8.86471e-05   -0.0239375  6.77121e-05   -0.0130599  1.50291e-05    0.0057888 -5.71789e-05    0.0272561 -0.000126596    0.0445609 -0.000171912    0.0528477 -0.000182825    0.0511945 -0.000162957    0.0422722 -0.000125244    0.0303429 -8.41621e-05    0.0191202 -4.97857e-05    0.0106245 -2.59926e-05   0.00521115  -1.1972e-05   0.00225224 -4.85013e-06  0.000854106 -1.71876e-06   0.00028225 -5.28344e-07  8.04696e-05 -1.39216e-07  1.95157e-05 -3.09233e-08  3.94702e-06 -5.65434e-09  6.46871e-07 -8.21711e-10  8.22304e-08 -8.97659e-11    7.537e-09 -6.67198e-12   4.3114e-10 -2.68246e-13  9.95127e-12
 2.50656e-08 -3.28412e-05  3.60225e-07 -0.000272817   2.1145e-06  -0.00123716  7.79196e-06   -0.0038259  2.06683e-05  -0.00883796  4.20212e-05    -0.015924  6.73398e-05   -0.0227001  8.50406e-05   -0.0251303  8.07506e-05    -0.019549  4.59455e-05  -0.00521674 -1.48708e-05    0.0145178 -8.43557e-05    0.0335433 -0.000140556    0.0460281 -0.000167759    0.0491516 -0.000162957    0.0438913 -0.000134724    0.0337614  -9.6754e-05    0.0226935 -6.09752e-05     0.013424 -3.38779e-05   0.00700714 -1.66123e-05   0.00322645 -7.17738e-06   0.00130664  -2.7208e-06  0.000462854 -8.98753e-07  0.000142221 -2.56127e-07  3.74589e-05 -6.20902e-08    8.317e-06 -1.25524e-08  1.52014e-06 -2.05636e-09  2.20824e-07 -2.61301e-10   2.4114e-08 -2.39409e-11  1.79164e-09   -1.369e-12  7.20067e-11 -3.15871e-14
-6.77384e-06  1.04753e-07 -9.69775e-05  8.67239e-07  -0.00056753  3.92216e-06  -0.00208643  1.21046e-05  -0.00552485  2.79239e-05   -0.0112216  5.02847e-05   -0.0179824  7.17306e-05   -0.0227467  7.96595e-05   -0.0217226  6.26413e-05   -0.0126628  1.83621e-05   0.00325264 -4.27855e-05    0.0214731 -0.000101842    0.0362416 -0.000140725    0.0434389 -0.000150684    0.0422722 -0.000134724    0.0349775 -0.000103688    0.0251287 -6.97109e-05    0.0158379 -4.12372e-05   0.00879916 -2.15232e-05   0.00431419 -9.90886e-06   0.00186361 -4.01207e-06  0.000706311  -1.4209e-06  0.000233262 -4.36502e-07  6.64601e-05 -1.14942e-07  1.61077e-05  -2.5515e-08  3.25568e-06  -4.6625e-09   5.3324e-07 -6.77163e-10  6.77453e-08 -7.39322e-11  6.20582e-09 -5.49208e-12  3.54802e-10 -2.20693e-13  8.18515e-12
 2.05894e-08 -2.68871e-05  2.94043e-07 -0.000222106  1.71742e-06  -0.00100274  6.30412e-06  -0.00309057  1.66745e-05  -0.00712309  3.38449e-05   -0.0128219  5.42314e-05   -0.0182964  6.86631e-05   -0.0203558  6.57899e-05   -0.0161081  3.88884e-05  -0.00496726  -8.5219e-06    0.0104448 -6.28646e-05    0.0253461  -0.00010697    0.0351773 -0.000128553    0.0377314 -0.000125244    0.0337614 -0.000103688    0.0259935 -7.45105e-05    0.0174787 -4.69664e-05    0.0103399 -2.60937e-05    0.0053967 -1.27931e-05    0.0024844 -5.52593e-06   0.00100585 -2.09417e-06    0.0003562  -6.9155e-07  0.000109416 -1.97018e-07  2.88097e-05 -4.77467e-08  6.39476e-06  -9.6499e-09  1.16848e-06 -1.58044e-09  1.69696e-07 -2.00777e-10  1.85265e-08 -1.83915e-11   1.3762e-09 -1.05146e-12  5.53002e-11 -2.42566e-14
-5.06351e-06  7.81363e-08 -7.21982e-05  6.44543e-07 -0.000421154  2.90664e-06  -0.00154439  8.95083e-06  -0.00408191  2.06171e-05   -0.0082813     3.71e-05   -0.0132679  5.29464e-05   -0.0168059  5.89598e-05   -0.0161305  4.68116e-05  -0.00960478  1.48132e-05   0.00191542 -2.94935e-05    0.0151285  -7.2357e-05    0.0258602 -0.000100669    0.0311242 -0.000108082    0.0303429  -9.6754e-05    0.0251287 -7.45105e-05    0.0180607  -5.0109e-05    0.0113853 -2.96452e-05    0.0063258 -1.54733e-05   0.00310149  -7.1234e-06    0.0013397  -2.8841e-06   0.00050772 -1.02136e-06  0.000167667 -3.13745e-07  4.77684e-05 -8.26131e-08   1.1577e-05  -1.8338e-08  2.33988e-06 -3.35096e-09  3.83241e-07 -4.86682e-10  4.86895e-08  -5.3137e-11  4.46039e-09 -3.94751e-12  2.55027e-10 -1.58638e-13  5.88389e-12
 1.41486e-08  -1.8451e-05  2.01538e-07 -0.000152066   1.1747e-06 -0.000685276  4.30497e-06   -0.0021091  1.13728e-05  -0.00485608  2.30653e-05  -0.00873617  3.69479e-05   -0.0124669   4.6804e-05   -0.0138866  4.49501e-05   -0.0110388   2.6839e-05  -0.00352717 -5.15093e-06   0.00687692 -4.18497e-05    0.0169443  -7.1665e-05    0.0235972 -8.63047e-05     0.025345 -8.41621e-05    0.0226935 -6.97109e-05    0.0174787  -5.0109e-05    0.0117558 -3.15913e-05   0.00695551  -1.7554e-05   0.00363074 -8.60733e-06   0.00167162 -3.71831e-06  0.000676862  -1.4093e-06  0.000239724 -4.65448e-07  7.36475e-05 -1.32621e-07  1.93946e-05 -3.21456e-08  4.30565e-06 -6.49796e-09  7.86894e-07 -1.06443e-09  1.14303e-07 -1.35253e-10  1.24818e-08 -1.23924e-11   9.2742e-10 -7.08673e-13  3.72769e-11 -1.63533e-14
-3.21993e-06  4.96462e-08 -4.58392e-05  4.08955e-07  -0.00026706  1.84218e-06 -0.000978354  5.66793e-06  -0.00258386  1.30466e-05   -0.0052391  2.34661e-05  -0.00839072  3.34806e-05    -0.010627   3.7286e-05   -0.0102036  2.96296e-05  -0.00608874  9.44964e-06   0.00117703 -1.84958e-05   0.00951141 -4.55353e-05    0.0162823 -6.34036e-05    0.0196069 -6.80978e-05    0.0191202 -6.09752e-05    0.0158379 -4.69664e-05    0.0113853 -3.15913e-05   0.00717857 -1.86935e-05   0.00398929  -9.7591e-06   0.00195634 -4.49377e-06  0.000845249 -1.81987e-06  0.000320413 -6.44647e-07   0.00010584 -1.98081e-07  3.01628e-05 -5.21732e-08  7.31243e-06 -1.15848e-08  1.47845e-06 -2.11767e-09  2.42236e-07 -3.07675e-10  3.07869e-08 -3.36057e-11  2.82147e-09 -2.49756e-12  1.61388e-10 -1.00412e-13  3.72514e-12
 8.36279e-09 -1.09008e-05  1.19021e-07 -8.97733e-05  6.93274e-07 -0.000404319  2.53933e-06  -0.00124379  6.70543e-06  -0.00286256  1.35938e-05   -0.0051477  2.17663e-05  -0.00734239  2.75563e-05  -0.00817221  2.64348e-05  -0.00648413  1.57238e-05   -0.0020456 -3.16997e-06   0.00409757 -2.48349e-05    0.0100399 -4.24308e-05    0.0139652 -5.10639e-05    0.0149938 -4.97857e-05     0.013424 -4.12372e-05    0.0103399 -2.96452e-05   0.00695551 -1.86935e-05   0.00411627 -1.03898e-05   0.00214926 -5.09599e-06  0.000989845 -2.20216e-06  0.000400941 -8.34955e-07  0.000142055 -2.75867e-07  4.36592e-05 -7.86362e-08  1.15023e-05 -1.90686e-08  2.55468e-06 -3.85634e-09  4.67108e-07 -6.32012e-10  6.78847e-08 -8.03478e-11  7.41679e-09 -7.36563e-12  5.51375e-10 -4.21441e-13  2.21744e-11 -9.73066e-15
-1.77419e-06  2.73506e-08 -2.52497e-05  2.25238e-07 -0.000147072   1.0144e-06 -0.000538684  3.12047e-06  -0.00142239  7.18115e-06  -0.00288326  1.29115e-05  -0.00461544  1.84092e-05  -0.00583985  2.04718e-05  -0.00559424  1.62023e-05  -0.00330991  5.01832e-06  0.000713432 -1.04481e-05   0.00532435 -2.54022e-05   0.00906744 -3.52735e-05    0.0109014 -3.78481e-05    0.0106245 -3.38779e-05   0.00879916 -2.60937e-05    0.0063258  -1.7554e-05   0.00398929 -1.03898e-05   0.00221759 -5.42587e-06   0.00108789 -2.49941e-06  0.000470222 -1.01264e-06  0.000178329 -3.58871e-07   5.8935e-05 -1.10325e-07  1.68041e-05 -2.90741e-08  4.07605e-06 -6.45934e-09  8.24569e-07 -1.18142e-09   1.3518e-07 -1.71751e-10  1.71911e-08 -1.87709e-11  1.57647e-09 -1.39594e-12  9.02326e-11 -5.61595e-14  2.08413e-12
 4.30374e-09 -5.61014e-06  6.12576e-08 -4.62069e-05   3.5685e-07 -0.000208125  1.30717e-06 -0.000640267  3.45166e-06  -0.00147342  6.99612e-06  -0.00264873   1.1196e-05  -0.00377483  1.41561e-05  -0.00419302  1.35355e-05  -0.00330757  7.95183e-06 -0.000999039  -1.8635e-06   0.00219004 -1.31044e-05    0.0052717 -2.22238e-05   0.00730402 -2.66837e-05   0.00783075 -2.59926e-05   0.00700714 -2.15232e-05    0.0053967 -1.54733e-05   0.00363074  -9.7591e-06   0.00214926 -5.42587e-06   0.00112263 -2.66237e-06  0.000517258 -1.15105e-06  0.000209622 -4.36651e-07  7.43098e-05 -1.44349e-07  2.28516e-05 -4.11712e-08  6.02403e-06 -9.98985e-09  1.33879e-06  -2.0216e-09  2.44952e-07 -3.31539e-10   3.5623e-08 -4.21777e-11  3.89474e-09 -3.86926e-12   2.8975e-10  -2.2155e-13  1.16614e-11 -5.11924e-15
-8.53722e-07  1.31635e-08 -1.21548e-05  1.08447e-07 -7.08237e-05  4.88568e-07 -0.000259478  1.50322e-06 -0.000685231   3.4594e-06  -0.00138881  6.21785e-06  -0.00222184  8.85673e-06  -0.00280691  9.82475e-06  -0.00267791  7.71896e-06  -0.00155963  2.25923e-06  0.000401646 -5.27362e-06    0.0026459 -1.25477e-05   0.00446523 -1.73395e-05   0.00535297 -1.85719e-05   0.00521115 -1.66123e-05   0.00431419 -1.27931e-05   0.00310149 -8.60733e-06   0.00195634 -5.09599e-06   0.00108789 -2.66237e-06  0.000533934 -1.22702e-06  0.000230905 -4.97401e-07  8.76203e-05 -1.76382e-07  2.89751e-05 -5.42587e-08  8.26712e-06 -1.43085e-08  2.00667e-06 -3.18111e-09  4.06231e-07  -5.8225e-10   6.6647e-08 -8.47088e-11  8.48204e-09 -9.26511e-12  7.78434e-10 -6.89564e-13   4.4591e-11 -2.77642e-14  1.03078e-12
 1.93727e-09 -2.52618e-06  2.75924e-08 -2.08192e-05  1.60827e-07 -9.38206e-05  5.89372e-07 -0.000288723  1.55663e-06 -0.000664486  3.15482e-06  -0.00119414  5.04545e-06  -0.00169995  6.36803e-06  -0.00188287  6.05987e-06  -0.00147247  3.49386e-06 -0.000414973 -9.95017e-07   0.00104203 -6.12678e-06   0.00244788 -1.02833e-05    0.0033728 -1.23063e-05   0.00360859  -1.1972e-05   0.00322645 -9.90886e-06    0.0024844  -7.1234e-06   0.00167162 -4.49377e-06  0.000989845 -2.49941e-06  0.000517258 -1.22702e-06  0.000238457 -5.30794e-07  9.66945e-05 -2.01483e-07  3.43001e-05 -6.66518e-08  1.05552e-05  -1.9024e-08  2.78455e-06 -4.61945e-09  6.19314e-07 -9.35536e-10  1.13401e-07 -1.53549e-10  1.65051e-08 -1.95501e-11  1.80604e-09 -1.79498e-12  1.34475e-10 -1.02868e-13  5.41685e-12   -2.379e-15
-3.59474e-07  5.54519e-09 -5.12239e-06  4.57199e-08 -2.98687e-05  2.06107e-07 -0.000109491  6.34429e-07 -0.000289233  1.46024e-06 -0.000586176  2.62374e-06 -0.000937124  3.73273e-06  -0.00118154  4.12739e-06  -0.00112117  3.21104e-06 -0.000639075  8.65602e-07   0.00020195   -2.361e-06   0.00116245 -5.47166e-06   0.00193967 -7.51531e-06   0.00231687  -8.0312e-06   0.00225224 -7.17738e-06   0.00186361 -5.52593e-06    0.0013397 -3.71831e-06  0.000845249 -2.20216e-06  0.000470222 -1.15105e-06  0.000230905 -5.30794e-07  9.99182e-05 -2.15308e-07   3.7941e-05 -7.64031e-08  1.25557e-05 -2.35206e-08  3.58509e-06  -6.2074e-09  8.70897e-07 -1.38116e-09  1.76449e-07 -2.53011e-10  2.89731e-08 -3.68408e-11  3.69055e-09 -4.03305e-12     3.39e-10 -3.00434e-13  1.94366e-11 -1.21076e-14  4.49722e-13
 7.62651e-10 -9.95015e-07  1.08734e-08 -8.20798e-06  6.34319e-08 -3.70169e-05  2.32605e-07 -0.000113976  6.14581e-07 -0.000262361  1.24553e-06 -0.000471327  1.99047e-06 -0.000670087  2.50678e-06 -0.000739566   2.3713e-06 -0.000572095  1.33459e-06 -0.000146462 -4.68635e-07  0.000438125 -2.52578e-06   0.00100119  -4.1887e-06   0.00137056 -4.99329e-06    0.0014628 -4.85013e-06   0.00130664 -4.01207e-06   0.00100585  -2.8841e-06  0.000676862 -1.81987e-06  0.000400941 -1.01264e-06  0.000209622 -4.97401e-07  9.66945e-05 -2.15308e-07  3.92363e-05 -8.17867e-08  1.39284e-05  -2.7076e-08  4.28956e-06 -7.73431e-09  1.13254e-06 -1.87963e-09  2.52104e-07 -3.80993e-10  4.62026e-08 -6.25876e-11  6.73065e-09 -7.97604e-12  7.37167e-10 -7.32997e-13  5.49401e-11  -4.2047e-14  2.21521e-12 -9.73363e-16
-1.32183e-07  2.04025e-09 -1.88573e-06  1.68396e-08 -1.10062e-05  7.59782e-08 -4.03755e-05  2.34011e-07 -0.000106703  5.38738e-07 -0.000216245  9.67658e-07 -0.000345438  1.37472e-06 -0.000434514  1.51424e-06 -0.000409652  1.16411e-06 -0.000227359  2.80768e-07   8.8736e-05 -9.30385e-07  0.000448927 -2.09583e-06   0.00073978 -2.85911e-06  0.000880049 -3.04756e-06  0.000854106  -2.7208e-06  0.000706311 -2.09417e-06   0.00050772  -1.4093e-06  0.000320413 -8.34955e-07  0.000178329 -4.36651e-07  8.76203e-05 -2.01483e-07   3.7941e-05 -8.17867e-08  1.44176e-05 -2.90446e-08  4.77498e-06 -8.94865e-09  1.36456e-06 -2.36368e-09  3.31769e-07 -5.26391e-10  6.72791e-08 -9.65157e-11  1.10575e-08 -1.40668e-11  1.40982e-09  -1.5414e-12  1.29626e-10 -1.14936e-13  7.43952e-12 -4.63663e-15  1.72309e-13
 2.61583e-10 -3.41505e-07  3.73419e-09 -2.82037e-06  2.18068e-08 -1.27313e-05  8.00296e-08 -3.92252e-05  2.11551e-07 -9.03159e-05  4.28727e-07 -0.000162191  6.84571e-07  -0.00023024  8.59985e-07 -0.000253071  8.07865e-07 -0.000193259  4.41593e-07 -4.35073e-05 -1.91476e-07  0.000161453 -9.11999e-07  0.000358479 -1.49316e-06    0.0004873 -1.77249e-06   0.00051872 -1.71876e-06  0.000462854  -1.4209e-06    0.0003562 -1.02136e-06  0.000239724 -6.44647e-07  0.000142055 -3.58871e-07  7.43098e-05 -1.76382e-07  3.43001e-05 -7.64031e-08  1.39284e-05 -2.90446e-08  4.94836e-06 -9.62334e-09  1.52524e-06  -2.7513e-09  4.03056e-07 -6.69237e-10  8.98022e-08 -1.35778e-10  1.64734e-08 -2.23262e-11  2.40212e-09 -2.84799e-12   2.6335e-10 -2.61993e-13  1.96471e-11 -1.50441e-14  7.92997e-13 -3.48626e-16
-4.22135e-08  6.52023e-10  -6.0303e-07  5.38825e-09 -3.52358e-06  2.43352e-08  -1.2937e-05  7.50039e-08 -3.42066e-05   1.7272e-07 -6.93224e-05  3.10113e-07  -0.00011064  4.39864e-07 -0.000138801  4.82394e-07  -0.00012989   3.6576e-07 -6.98376e-05  7.60129e-08  3.36148e-05 -3.19827e-07  0.000151213 -6.99946e-07  0.000245955 -9.48046e-07  0.000291329 -1.00778e-06   0.00028225 -8.98753e-07  0.000233262  -6.9155e-07  0.000167667 -4.65448e-07   0.00010584 -2.75867e-07   5.8935e-05 -1.44349e-07  2.89751e-05 -6.66518e-08  1.25557e-05  -2.7076e-08  4.77498e-06 -9.62334e-09  1.58277e-06 -2.96754e-09  4.52717e-07 -7.84553e-10  1.10172e-07 -1.74885e-10  2.23631e-08 -3.20968e-11  3.67904e-09 -4.68266e-12  4.69549e-10 -5.13636e-13  4.32173e-11 -3.83396e-14  2.48294e-12  -1.5483e-15  5.75699e-14
 7.76052e-11 -1.01391e-07  1.10942e-09 -8.38444e-07  6.48638e-09 -3.78874e-06   2.3826e-08 -1.16816e-05  6.30149e-08 -2.69046e-05  1.27704e-07 -4.82962e-05   2.0372e-07  -6.8444e-05  2.55204e-07  -7.4884e-05  2.37856e-07 -5.63481e-05  1.25625e-07 -1.06646e-05 -6.70575e-08  5.16285e-05 -2.85808e-07  0.000111383 -4.61833e-07  0.000150315 -5.45824e-07  0.000159563 -5.28344e-07  0.000142221 -4.36502e-07  0.000109416 -3.13745e-07  7.36475e-05 -1.98081e-07  4.36592e-05 -1.10325e-07  2.28516e-05 -5.42587e-08  1.05552e-05 -2.35206e-08  4.28956e-06 -8.94865e-09  1.52524e-06 -2.96754e-09   4.7055e-07 -8.49191e-10  1.24462e-07 -2.06757e-10  2.77574e-08  -4.1989e-11  5.09693e-09  -6.9113e-12  7.43982e-10 -8.82536e-13  8.16497e-11 -8.12719e-14  6.09792e-12 -4.67182e-15  2.46393e-13 -1.08382e-16
 -1.1602e-08  1.79341e-10 -1.65984e-07  1.48408e-09 -9.71059e-07  6.70992e-09 -3.56862e-06  2.06963e-08 -9.44091e-06  4.76739e-08 -1.91324e-05    8.556e-08 -3.05056e-05  1.21143e-07 -3.81572e-05  1.32212e-07 -3.54119e-05   9.8686e-08 -1.83466e-05   1.6719e-08  1.08504e-05 -9.48339e-08  4.39543e-05 -2.01724e-07  7.05597e-05 -2.71235e-07  8.32067e-05 -2.87519e-07  8.04696e-05 -2.56127e-07  6.64601e-05 -1.97018e-07  4.77684e-05 -1.32621e-07  3.01628e-05 -7.86362e-08  1.68041e-05 -4.11712e-08  8.26712e-06  -1.9024e-08  3.58509e-06 -7.73431e-09  1.36456e-06  -2.7513e-09  4.52717e-07 -8.49191e-10  1.29611e-07 -2.24723e-10  3.15726e-08 -5.01425e-11  6.41513e-09 -9.21209e-12  1.05647e-09 -1.34537e-12  1.34977e-10 -1.47729e-13  1.24367e-11 -1.10391e-14  7.15304e-13 -4.46295e-16  1.66038e-14
 1.96933e-11 -2.57499e-08  2.81962e-10 -2.13237e-07  1.65064e-09 -9.64654e-07  6.06901e-09 -2.97659e-06  1.60603e-08 -6.85759e-06  3.25463e-08 -1.23044e-05  5.18661e-08 -1.74051e-05   6.4773e-08 -1.89458e-05  5.98435e-08 -1.40212e-05  3.03688e-08 -2.07847e-06 -1.98825e-08  1.41432e-05 -7.67826e-08  2.96693e-05 -1.22455e-07   3.9747e-05 -1.44082e-07  4.20737e-05 -1.39216e-07  3.74589e-05 -1.14942e-07  2.88097e-05 -8.26131e-08  1.93946e-05 -5.21732e-08  1.15023e-05 -2.90741e-08  6.02403e-06 -1.43085e-08  2.78455e-06  -6.2074e-09  1.13254e-06 -2.36368e-09  4.03056e-07 -7.84553e-10  1.24462e-07 -2.24723e-10  3.29528e-08 -5.47688e-11  7.35652e-09  -1.1134e-11  1.35223e-09 -1.83456e-12  1.97591e-10 -2.34516e-13  2.17086e-11 -2.16201e-14  1.62308e-12  -1.2442e-15  6.56565e-14 -2.88971e-17
-2.70745e-09  4.18859e-11 -3.87956e-08  3.47114e-10 -2.27264e-07  1.57122e-09 -8.36016e-07  4.85019e-09 -2.21298e-06  1.11757e-08  -4.4845e-06  2.00473e-08 -7.14256e-06  2.83297e-08 -8.90528e-06  3.07534e-08 -8.18891e-06  2.25552e-08 -4.06399e-06  2.83436e-09  2.94357e-06 -2.38986e-08  1.08676e-05 -4.94562e-08    1.722e-05 -6.60134e-08   2.0216e-05 -6.97788e-08  1.95157e-05 -6.20902e-08  1.61077e-05 -4.77467e-08   1.1577e-05 -3.21456e-08  7.31243e-06 -1.90686e-08  4.07605e-06 -9.98985e-09  2.00667e-06 -4.61945e-09  8.70897e-07 -1.87963e-09  3.31769e-07 -6.69237e-10  1.10172e-07 -2.06757e-10  3.15726e-08 -5.47688e-11  7.69871e-09 -1.22331e-11   1.5659e-09 -2.24982e-12  2.58154e-10 -3.28928e-13  3.30186e-11 -3.61582e-14   3.0457e-12 -2.70496e-15  1.75375e-13 -1.09484e-16  4.07556e-15
 4.20586e-12 -5.50402e-09  6.03162e-11  -4.5647e-08   3.5357e-10 -2.06745e-07  1.30131e-09 -6.38462e-07  3.44564e-09 -1.47135e-06  6.98221e-09 -2.63865e-06  1.11143e-08 -3.72494e-06  1.38333e-08 -4.03211e-06   1.2658e-08 -2.92918e-06  6.13288e-09 -2.97672e-07 -4.91237e-09  3.26233e-06 -1.73851e-08  6.66189e-06 -2.73711e-08  8.85996e-06 -3.20618e-08  9.35212e-06 -3.09233e-08    8.317e-06  -2.5515e-08  6.39476e-06  -1.8338e-08  4.30565e-06 -1.15848e-08  2.55468e-06 -6.45934e-09  1.33879e-06 -3.18111e-09  6.19314e-07 -1.38116e-09  2.52104e-07 -5.26391e-10  8.98022e-08 -1.74885e-10  2.77574e-08 -5.01425e-11  7.35652e-09 -1.22331e-11  1.64401e-09 -2.48952e-12  3.02517e-10 -4.10646e-13   4.4253e-11  -5.2552e-14  4.86736e-12 -4.85027e-15  3.64333e-13 -2.79447e-16  1.47551e-14 -6.49795e-18
