 1.35224e-19  4.59226e-35 -5.42249e-18 -3.44642e-33    8.366e-17  7.26975e-32 -7.65742e-16 -8.27395e-31  4.78537e-15  6.14699e-30 -2.18577e-14  -3.2498e-29  7.57529e-14  1.27568e-28 -2.03277e-13 -3.77157e-28  4.25764e-13  8.25016e-28  -6.9375e-13 -1.21505e-27  8.63715e-13  6.52294e-28 -7.85581e-13  2.32083e-27  4.63435e-13 -8.62848e-27 -9.92894e-14   1.6834e-26 -8.77797e-14 -2.23813e-26   7.3026e-14   1.9837e-26 -7.16201e-17 -7.44006e-27 -2.11514e-14  -9.9936e-27  3.63796e-15  2.34169e-26  5.33968e-15 -2.59732e-26 -1.06897e-15  1.78978e-26 -1.35732e-15 -5.47127e-27  1.32375e-16 -4.51685e-27  3.24508e-16   9.1795e-27  2.87108e-17  -9.3806e-27  -6.0451e-17  7.04213e-27 -2.03192e-17 -3.67406e-27   5.6668e-18  6.03613e-28  5.21822e-18   1.0856e-27  7.02497e-19 -1.26324e-27 -5.79075e-19  7.17266e-28 -3.01759e-19  -2.2593e-28 -2.77409e-20  2.11852e-30  2.85474e-20  6.55366e-29  1.38238e-20 -7.15348e-29  1.97527e-21  4.91985e-29 -6.82184e-22 -2.29246e-29 -4.41029e-22  7.52458e-30 -1.03498e-22  -1.7782e-30 -2.56053e-24  8.91825e-32  6.62635e-24  2.93951e-31  2.49961e-24 -2.42833e-31  4.59498e-25  1.19091e-31  1.79341e-26 -4.16395e-32 -1.64448e-26  1.01706e-32 -5.85362e-27 -1.22044e-33 -1.10526e-27 -3.69154e-34 -1.15523e-28  2.63992e-34   1.4076e-30 -5.38339e-35  3.26586e-30 -2.47015e-36  7.37825e-31  2.59992e-36   1.0169e-31 -6.64971e-37  9.24631e-33  2.03395e-37    4.263e-34 -3.09247e-38 -2.28445e-35  6.34107e-40 -6.83518e-36  6.56085e-40 -7.53579e-37 -2.79726e-40 -5.34662e-38  2.30122e-41 -2.60104e-39  6.32023e-43 -8.32079e-41 -7.91888e-44 -1.40485e-42   2.3784e-44   5.6041e-45 -8.05837e-48  3.79461e-46 -7.23434e-49
 4.59226e-35   7.8238e-18   2.1035e-33 -1.78049e-16 -1.08263e-31  2.08816e-15   1.8228e-30 -1.58215e-14 -1.76416e-29  8.52039e-14  1.15473e-28 -3.42958e-13 -5.50748e-28  1.06116e-12  1.98789e-27 -2.55988e-12 -5.51325e-27  4.82923e-12  1.16664e-26 -7.06113e-12 -1.79686e-26  7.79048e-12  1.66427e-26 -6.07667e-12  2.79772e-27  2.74625e-12 -4.29416e-26  5.07675e-14  8.62346e-26 -9.07365e-13 -9.67183e-26  3.78356e-13  4.42684e-26  1.48819e-13  6.44327e-26  -1.4263e-13 -1.79484e-25 -2.10398e-14  2.39379e-25  3.94055e-14 -2.16298e-25  5.29477e-15  1.34397e-25 -9.35211e-15 -4.55514e-26 -2.23235e-15 -1.20248e-26  1.75332e-15   3.3379e-26  8.08523e-16 -3.34089e-26 -1.73777e-16  2.47537e-26 -1.99628e-16 -1.22262e-26 -2.42451e-17 -7.51073e-29  2.70444e-17   6.8867e-27  1.26118e-17 -6.89399e-27   1.0967e-19  3.73086e-27  -1.7697e-18 -1.13059e-27 -6.49274e-19 -2.76585e-29 -1.58588e-20  3.76712e-28  6.97904e-20 -3.87148e-28  2.77523e-20  2.48305e-28  3.38858e-21 -1.07232e-28 -1.29618e-21  3.29519e-29 -7.64353e-22 -7.45068e-30 -1.77587e-22  2.63823e-31 -9.52591e-24  1.25637e-30  8.02085e-24  -9.8813e-31  3.27002e-24  4.82315e-31  6.59299e-25 -1.68264e-31  5.77499e-26   3.8809e-32 -9.47856e-27 -3.65436e-33 -4.83747e-27 -1.72681e-33 -1.03357e-27  1.02953e-33  -1.3632e-28  -1.8612e-34 -8.92517e-30 -1.07775e-35  7.04136e-31  6.87966e-36  2.99648e-31 -1.52422e-36  4.82509e-32  6.52818e-37  5.08137e-33 -1.05996e-37  3.64147e-34  3.93162e-39  1.48321e-35  9.83448e-40 -1.57515e-37 -7.09669e-40 -7.52992e-38  6.11791e-41 -6.07021e-39  9.73146e-43 -2.81942e-40 -4.36527e-44 -7.94707e-42  3.86639e-44 -1.15475e-43  1.92299e-46 -6.80973e-46
-5.42249e-18   2.1035e-33  2.22624e-16  5.36364e-32 -3.52074e-15 -2.08345e-30  3.30762e-14  2.90324e-29 -2.12484e-13 -2.43328e-28  9.99462e-13  1.41715e-27 -3.57468e-12 -6.12703e-27  9.92557e-12  2.03459e-26 -2.15864e-11   -5.268e-26  3.67006e-11  1.06188e-25 -4.80389e-11 -1.62473e-25  4.65832e-11  1.73803e-25  -3.0357e-11 -9.05741e-26   9.0208e-12 -7.32984e-26  4.09268e-12  1.94217e-25 -4.97239e-12 -9.25153e-26  6.88366e-13 -3.15503e-25   1.2793e-12  8.96536e-25 -4.45823e-13 -1.35232e-24 -3.01171e-13  1.43001e-24  1.30804e-13 -1.11024e-24  7.88241e-14  6.05208e-25 -2.58687e-14 -1.78833e-25 -2.14458e-14 -3.99265e-26  2.16957e-15  9.22213e-26  4.95503e-15 -7.96905e-26  7.34395e-16   5.6285e-26 -7.45984e-16 -2.49396e-26 -3.47333e-16  -9.9912e-27  1.88716e-17  2.95953e-26   6.1647e-17 -2.67435e-26    1.824e-17  1.38471e-26 -2.22496e-18 -3.99731e-27 -3.20377e-18  -2.6636e-28 -9.08108e-19  1.49815e-27   2.6456e-20 -1.43212e-27  1.05642e-19  8.52595e-28  3.69176e-20 -3.41816e-28  4.26087e-21  9.96393e-29 -1.46187e-21 -2.20479e-29 -8.47541e-22  5.88871e-31   -2.009e-22  3.58757e-30 -1.73018e-23 -2.70614e-30  5.31422e-24  1.34335e-30  2.58017e-24 -4.74633e-31  5.70373e-25  1.03441e-31   6.9675e-26 -7.28012e-33  2.79946e-28 -5.26275e-33 -2.00396e-27  2.73451e-33  -5.1573e-28 -4.26266e-34 -7.82868e-29  -3.3056e-35 -7.65786e-30  1.02953e-35 -3.38551e-31 -1.52454e-36  3.52602e-32  1.46983e-36  9.44624e-33 -2.45751e-37  1.13098e-33  1.03921e-38  8.97924e-35 -1.33656e-40  4.91542e-36 -1.18543e-39   1.6913e-37  1.10506e-40   2.0491e-39  1.28221e-42 -1.11742e-40  6.83131e-44 -5.82154e-42  3.80674e-44 -9.42362e-44   2.7975e-46
-3.44642e-33 -1.78049e-16  5.36364e-32  4.15329e-15   9.3856e-31 -4.99918e-14 -2.90869e-29  3.89302e-13  3.44091e-28 -2.15835e-12 -2.53246e-27  8.96142e-12  1.32297e-26 -2.86696e-11 -5.20742e-26  7.17272e-11  1.59288e-25 -1.40904e-10 -3.84183e-25  2.15807e-10  7.31758e-25 -2.51839e-10 -1.08648e-24  2.11946e-10  1.21385e-24 -1.10189e-10  -9.4765e-25  1.12993e-11   4.8358e-25  2.93389e-11 -4.48876e-25 -1.72739e-11  1.48306e-24 -2.89972e-12 -3.57241e-24  5.83008e-12  5.80539e-24 -1.36383e-13 -6.92854e-24 -1.58066e-12  6.27913e-24  6.77264e-14 -4.26259e-24  3.99764e-13  1.98349e-24  2.05765e-14 -4.09818e-25 -8.88814e-14 -2.06074e-25 -2.04611e-14  2.35678e-25   1.4086e-14 -1.39336e-25  7.51869e-15   8.6246e-26 -5.76843e-16 -2.83868e-26 -1.50198e-15 -5.34694e-26 -3.79987e-16  1.00494e-25  1.09103e-16 -8.45119e-26  9.38682e-17  4.19638e-26  1.85235e-17 -1.14203e-26  -5.3129e-18 -1.32737e-27 -4.19046e-18  4.72885e-27 -9.77358e-19  -4.1747e-27  6.40103e-20  2.29815e-27  1.16452e-19 -8.57227e-28   3.7624e-20  2.41183e-28  4.51979e-21 -5.34187e-29 -1.09631e-21  1.25615e-30 -6.81739e-22  7.81157e-30  -1.6843e-22 -5.70291e-30   -1.965e-23  2.97831e-30  1.69661e-24   -1.082e-30  1.34617e-24  2.22296e-31  3.31596e-25 -1.09591e-32  4.86982e-26 -1.23416e-32  3.48788e-27  5.71668e-33 -3.15147e-28 -7.26117e-34 -1.44285e-28 -8.16694e-35  -2.5333e-29  6.13122e-36 -2.89495e-30  1.59681e-36 -2.19588e-31  2.70953e-36 -8.10032e-33  -4.3474e-37  4.53832e-34  1.60941e-38  1.00903e-34 -3.96499e-39  8.79169e-36 -1.49494e-39  4.81393e-37   1.5901e-40  1.71182e-38  2.13059e-42   3.6361e-40  1.44282e-43  3.87574e-42  2.44122e-44  5.87959e-45
   8.366e-17 -1.08263e-31 -3.52074e-15   9.3856e-31  5.71432e-14  1.23982e-29 -5.51707e-13 -3.17899e-28  3.64802e-12  3.25305e-27 -1.76937e-11 -2.12561e-26  6.53962e-11   1.0027e-25 -1.88147e-10 -3.60693e-25  4.25452e-10  1.01784e-24 -7.55709e-10 -2.28452e-24  1.04099e-09   4.0929e-24 -1.07611e-09 -5.82438e-24  7.70555e-10  6.52727e-24 -2.90617e-10  -5.8702e-24 -5.82297e-11  5.12123e-24  1.26797e-10 -6.76623e-24 -3.53401e-11  1.23745e-23 -2.74809e-11 -2.04775e-23   1.6416e-11  2.68944e-23  5.51622e-12 -2.76941e-23 -4.80157e-12  2.21766e-23 -1.44236e-12 -1.32354e-23   1.1114e-12  5.06122e-24  4.64849e-13 -3.37932e-25 -1.81016e-13 -9.56016e-25 -1.35521e-13  5.88008e-25  6.41626e-15 -1.54433e-25  2.80895e-14  5.49902e-26  6.77046e-15  1.52456e-26 -2.83064e-15  -1.8572e-25 -2.02956e-15  2.87382e-25 -2.52128e-16 -2.29507e-25   2.0491e-16  1.09419e-25  1.08208e-16 -2.77801e-26  1.40724e-17 -4.79433e-27  -7.4172e-18  1.25232e-26 -4.31126e-18 -1.01615e-26 -8.77223e-19  5.15206e-27  6.88709e-20 -1.79348e-27  9.94128e-20  4.97861e-28  3.09263e-20 -1.12187e-28  4.10345e-21  2.65108e-30  -5.2265e-22  1.34074e-29 -4.10042e-22  -9.6298e-30 -1.07628e-22  5.59506e-30 -1.53485e-23 -2.11822e-30 -3.25212e-25  4.07805e-31  4.45183e-25 -1.27658e-32  1.31081e-25 -2.40501e-32  2.18485e-26   9.9776e-33  2.28327e-27 -9.08395e-34  9.21194e-29 -1.69621e-34 -1.74479e-29  -1.3777e-35 -4.48759e-30  1.04696e-35 -5.78067e-31   4.4047e-36   -5.017e-32 -6.00362e-37 -2.96718e-33   1.3197e-38 -1.00677e-34 -1.08663e-38  4.10324e-37 -1.50488e-39  2.61642e-37  1.95677e-40  1.48966e-38  3.64846e-42   4.1734e-40  1.18257e-43  5.46798e-42  9.21419e-45
 7.26975e-32  2.08816e-15 -2.08345e-30 -4.99918e-14  1.23982e-29  6.18377e-13   1.3069e-28 -4.95596e-12 -2.84436e-27  2.83259e-11   2.5542e-26 -1.21485e-10  -1.4949e-25  4.02435e-10  6.40323e-25 -1.04568e-09 -2.11205e-24  2.14203e-09  5.50646e-24 -3.44069e-09 -1.14973e-23  4.24989e-09  1.93207e-23 -3.85387e-09  -2.6164e-23  2.27139e-09  2.88487e-23 -4.74199e-10 -2.76596e-23 -4.60489e-10  2.85491e-23  3.85209e-10 -3.94263e-23 -3.06091e-12  6.19767e-23 -1.15842e-10 -8.70806e-23   2.2869e-11  1.00069e-22  2.99822e-11 -9.19241e-23 -7.35532e-12  6.59641e-23  -7.9034e-12 -3.45649e-23  1.20806e-12  1.01761e-23   2.0164e-12  1.69101e-24  6.75561e-14 -3.47971e-24 -4.17709e-13  1.39219e-24 -1.13475e-13  4.88275e-26   5.0117e-14 -1.73249e-25  3.53051e-14  1.72136e-25  2.44381e-15 -5.06674e-25 -4.89909e-15    7.168e-25 -2.06184e-15 -5.51239e-25 -3.97314e-17  2.52362e-25  2.58737e-16 -5.91085e-26  1.01033e-16 -1.39398e-26  8.31999e-18  2.86852e-26 -7.54804e-18 -2.13093e-26 -3.64805e-18   9.9051e-27 -6.87107e-19 -3.23264e-27  4.46566e-20  9.08862e-28  6.72722e-20 -2.08998e-28  2.08456e-20  4.95681e-30  3.11093e-21   1.7561e-29 -9.49371e-23 -1.29431e-29  -1.8188e-22  9.24612e-30 -5.22681e-23 -3.67985e-30 -8.56514e-24  6.58007e-31 -6.73712e-25 -1.08611e-32  6.75408e-26 -4.10521e-32  3.35137e-26  1.49962e-32  6.37953e-27 -6.47836e-34  7.82557e-28 -2.97657e-34  6.14129e-29 -5.30314e-35    1.705e-30  2.65031e-35 -3.10558e-31  6.62421e-36 -5.72174e-32 -6.16713e-37 -5.38724e-33 -3.46064e-39 -3.37104e-34 -1.96265e-38 -1.42381e-35 -1.25986e-39 -3.70798e-37   2.1256e-40 -4.10993e-39  4.98573e-42  3.68095e-41  4.02835e-44  9.98311e-43
-7.65742e-16   1.8228e-30  3.30762e-14 -2.90869e-29 -5.51707e-13   1.3069e-28   5.4818e-12  1.14004e-27 -3.73621e-11 -2.14638e-26  1.87135e-10  1.71069e-25 -7.15816e-10 -9.03305e-25  2.13711e-09  3.52992e-24 -5.03223e-09  -1.0707e-23  9.35161e-09  2.58265e-23 -1.35719e-08 -5.01596e-23  1.49589e-08  7.89194e-23 -1.17226e-08 -1.01262e-22  5.34608e-09  1.08786e-22  1.15897e-10  -1.0782e-22 -1.85855e-09  1.20774e-22  8.13887e-10 -1.67611e-22  2.99715e-10   2.4123e-22 -3.19524e-10  -3.0414e-22 -3.54628e-11   3.1522e-22  9.21007e-11 -2.62311e-22  7.85592e-12  1.69717e-22 -2.32684e-11 -7.74987e-23 -4.12395e-12  1.52618e-23  4.85844e-12  1.00515e-23  1.80348e-12   -1.025e-23  -6.3519e-13  2.98944e-24 -5.20938e-13  8.70759e-25 -2.35566e-14  -8.2251e-25  8.64852e-14  5.07251e-25  3.17047e-14 -1.16089e-24 -3.06735e-15   1.5948e-24 -5.80102e-15 -1.19262e-24  -1.6673e-15  5.23663e-25  1.38033e-16 -1.11648e-25  2.52709e-16 -3.43437e-26  7.98515e-17  5.79296e-26  4.11342e-18  -3.9244e-26 -6.01596e-18  1.66318e-26 -2.59805e-18 -5.12555e-27 -4.78305e-19  1.50139e-27   1.4275e-20  -3.4664e-28  3.60672e-20  6.99205e-30  1.14934e-20    1.408e-29  1.91584e-21 -1.27163e-29  7.58756e-23  1.38129e-29 -5.54656e-23 -5.78325e-30 -1.88277e-23  9.52083e-31 -3.43968e-24  -4.6832e-33 -3.81896e-25 -6.43263e-32 -1.30977e-26  1.97224e-32  4.50918e-27  4.81653e-34  1.15068e-27  -4.2975e-34  1.58109e-28  -1.0401e-34  1.46991e-29  4.84104e-35  9.01571e-31  9.47755e-36  2.47851e-32 -3.49366e-37 -1.53118e-33 -2.82833e-38 -2.35024e-34 -2.76918e-38  -1.4929e-35 -9.27963e-40 -5.64174e-37  2.03985e-40 -1.24708e-38  5.01605e-42 -1.31417e-40 -6.36003e-45
-8.27395e-31 -1.58215e-14  2.90324e-29  3.89302e-13 -3.17899e-28 -4.95596e-12  1.14004e-27  4.09396e-11  8.44413e-27 -2.41596e-10 -1.39545e-25    1.072e-09  9.96185e-25 -3.68288e-09 -4.77449e-24  9.95468e-09  1.70897e-23 -2.12967e-08 -4.77876e-23  3.59266e-08  1.06778e-22 -4.70121e-08 -1.92905e-22  4.58969e-08  2.83799e-22 -3.03474e-08  -3.4411e-22  9.29875e-09  3.58559e-22  4.13835e-09 -3.62721e-22 -5.33856e-09  4.26831e-22  8.92911e-10  -5.8746e-22  1.38497e-09   7.9005e-22 -5.68108e-10 -9.13574e-22 -3.23401e-10  8.65952e-22  1.77221e-10 -6.57456e-22  8.65253e-11  3.83961e-22 -3.98225e-11 -1.50489e-22 -2.54525e-11   1.2264e-23  5.25553e-12  3.36629e-23  6.64018e-12 -2.54273e-23  4.27124e-13  5.63466e-24 -1.20702e-12  3.07825e-24   -4.259e-13 -2.14527e-24  8.22556e-14   9.8245e-25  9.79235e-14 -2.30532e-24  2.07359e-14  3.21627e-24 -6.96115e-15 -2.35462e-24 -5.37513e-15  9.88668e-25 -1.11532e-15 -1.88421e-25  2.13695e-16 -7.39069e-26  2.02367e-16  1.04458e-25  5.50937e-17 -6.42564e-26   2.0826e-18  2.46739e-26 -3.85923e-18 -7.26335e-27 -1.57005e-18  2.27492e-27 -2.94368e-19 -5.06241e-28 -4.54623e-21  4.68899e-30  1.49509e-20 -6.70873e-30   5.1031e-21 -5.18221e-30  9.36305e-22  1.90686e-29  8.12694e-23 -8.31543e-30 -8.77599e-24  1.25771e-30 -4.75485e-24  4.14047e-33  -9.7676e-25  -9.6748e-32 -1.27379e-25  2.27385e-32 -1.00779e-26  2.89356e-33 -1.07012e-28 -4.64493e-34  1.03574e-28 -1.44931e-34  1.79675e-29  7.20151e-35  1.81344e-30  1.29947e-35  1.25128e-31  2.71609e-37   5.8223e-33 -4.43881e-38  1.53106e-34 -3.22691e-38 -7.90531e-38 -6.54877e-40 -1.63786e-37  1.68981e-40 -5.27732e-39  3.54882e-42  -4.8803e-41
 4.78537e-15 -1.76416e-29 -2.12484e-13  3.44091e-28  3.64802e-12 -2.84436e-27 -3.73621e-11  8.44413e-27   2.6291e-10  5.41298e-26 -1.36211e-09 -7.94274e-25  5.40133e-09  5.11698e-24 -1.67626e-08  -2.2373e-23  4.11704e-08   7.3602e-23  -8.0172e-08 -1.90143e-22  1.22746e-07  3.93976e-22 -1.44317e-07 -6.62057e-22  1.23411e-07  9.09813e-22 -6.60671e-08 -1.04077e-21  7.91953e-09  1.05066e-21   1.7757e-08 -1.08064e-21 -1.14372e-08  1.31598e-21 -1.37185e-09 -1.78406e-21  3.92741e-09  2.26085e-21 -3.27957e-10 -2.42237e-21 -1.09163e-09  2.11398e-21  1.32451e-10   -1.468e-21  2.91223e-10  7.71591e-22 -1.05573e-11 -2.52577e-22 -7.15224e-11 -1.74624e-23 -9.76118e-12   8.7322e-23  1.35829e-11 -5.47273e-23  5.30328e-12  9.06674e-24 -1.23001e-12  7.91997e-24 -1.34598e-12 -4.22013e-24 -2.11442e-13  1.24619e-24  1.50137e-13 -4.03229e-24   8.4904e-14   5.9532e-24  9.02472e-15 -4.28411e-24 -8.03873e-15  1.71111e-24 -4.13747e-15 -2.83565e-25 -6.40567e-16 -1.41683e-25  1.96259e-16  1.69546e-25   1.3682e-16 -9.42774e-26   3.3826e-17  3.26026e-26   1.3821e-18 -9.33455e-27  -1.9986e-18  3.17698e-27 -8.02092e-19 -6.32052e-28 -1.56915e-19 -9.42358e-30 -9.35611e-21 -5.62718e-29  4.47681e-21  1.29279e-29  1.77271e-21  2.47457e-29  3.54779e-22 -1.10061e-29  4.16661e-23  1.55474e-30  1.07684e-24  1.19808e-32 -7.22791e-25 -1.44454e-31 -1.86227e-25  2.24663e-32 -2.70631e-26  6.84349e-33  -2.6421e-27 -2.23578e-34 -1.59114e-28 -1.43622e-34   -1.563e-30   9.1802e-35  8.56126e-31  1.69255e-35  1.08196e-31  1.18772e-36  7.60431e-33 -3.44839e-38  3.48109e-34 -3.17234e-38    1.018e-35  -4.7373e-40   1.6607e-37  1.15912e-40  9.47923e-40  1.55932e-42
 6.14699e-30  8.52039e-14 -2.43328e-28 -2.15835e-12  3.25305e-27  2.83259e-11 -2.14638e-26 -2.41596e-10  5.41298e-26  1.47465e-09  3.04754e-25 -6.78162e-09 -4.00773e-24  2.42064e-08  2.34463e-23 -6.81848e-08 -9.39235e-23  1.52614e-07  2.84815e-22 -2.70815e-07 -6.81011e-22   3.7586e-07  1.30958e-21 -3.94906e-07 -2.04677e-21  2.90742e-07  2.62484e-21 -1.16157e-07 -2.83027e-21 -1.86837e-08  2.77192e-21  5.07552e-08 -2.90185e-21 -1.68591e-08  3.62721e-21 -1.04757e-08  -4.8207e-21  7.78786e-09  5.77758e-21  1.86489e-09 -5.76481e-21 -2.38128e-09  4.64492e-21  -4.7021e-10 -2.94814e-21  6.04295e-10  1.38483e-21  1.75695e-10 -3.60054e-22 -1.19372e-10 -1.06504e-22 -6.19675e-11  1.91251e-22  1.21309e-11 -1.04386e-22  1.57628e-11   1.1828e-23  2.06721e-12   1.7135e-23 -2.25362e-12 -6.55405e-24 -1.08637e-12  3.13367e-25 -6.43321e-15 -6.25626e-24  1.61919e-13  1.02191e-23  6.00074e-14 -7.23933e-24  1.12161e-15   2.7276e-24 -6.87589e-15  -3.7515e-25 -2.74121e-15 -2.45149e-25 -3.31741e-16  2.48682e-25  1.34532e-16 -1.24522e-25  7.91648e-17   3.8673e-26  1.85954e-17 -1.10592e-26  1.06851e-18  4.07122e-27 -8.19416e-19  -6.2633e-28 -3.41475e-19 -4.42681e-29 -7.04992e-20 -1.44068e-28 -6.78897e-21  4.27117e-29  7.67608e-22  3.04933e-29  4.57922e-22 -1.34517e-29  1.01134e-22  1.86898e-30  1.38956e-23  1.54808e-32  1.07369e-24 -2.16296e-31 -2.09301e-26  1.73294e-32 -2.06957e-26  1.23062e-32 -3.54229e-27  5.16695e-34 -3.78608e-28 -6.77028e-35 -2.78561e-29  1.03425e-34 -1.32136e-30  2.06267e-35 -2.40126e-32  2.19964e-36  1.75248e-33  4.46001e-39  1.68325e-34 -2.64302e-38  6.76063e-36 -3.38527e-40  1.37413e-37  6.15329e-41  9.67592e-40
-2.18577e-14  1.15473e-28  9.99462e-13 -2.53246e-27 -1.76937e-11   2.5542e-26  1.87135e-10 -1.39545e-25 -1.36211e-09  3.04754e-25  7.31347e-09  1.52458e-24 -3.01226e-08 -1.81068e-23  9.73623e-08  9.67015e-23 -2.49902e-07  -3.5622e-22  5.10869e-07  9.98193e-22 -8.26422e-07 -2.21243e-21  1.03731e-06  3.95096e-21  -9.6603e-07  -5.7415e-21  5.95439e-07  6.86433e-21 -1.43817e-07 -6.97416e-21 -1.13913e-07  6.65018e-21  1.10422e-07 -7.11424e-21 -8.18399e-09  9.07781e-21 -3.27501e-08 -1.17806e-20   9.6201e-09  1.33725e-20  8.40088e-09 -1.24552e-20 -3.24866e-09  9.26945e-21 -2.29947e-09 -5.35898e-21  7.05753e-10  2.22248e-21  6.51354e-10 -4.13404e-22 -6.47165e-11 -2.99821e-22  -1.5968e-10  3.67795e-22 -2.32969e-11 -1.79159e-22  2.62294e-11  1.04095e-23  1.20617e-11  3.27952e-23 -9.63345e-13  -7.5104e-24 -2.36449e-12 -3.79489e-24 -6.67915e-13 -8.60602e-24  1.10842e-13  1.64166e-23  1.33339e-13 -1.14338e-23  3.59055e-14  4.01364e-24 -2.20239e-15 -4.18595e-25 -4.77812e-15 -3.85964e-25 -1.59984e-15  3.29287e-25 -1.65032e-16 -1.48378e-25  7.27255e-17   4.1763e-26  3.92753e-17 -1.23248e-26  9.08692e-18  4.71087e-27  7.42655e-19 -3.68398e-28 -2.51159e-19 -1.05967e-28 -1.18099e-19  -2.7223e-28 -2.59096e-20  8.19844e-29 -3.20866e-21  3.56725e-29 -4.74967e-23 -1.52174e-29  7.86927e-23  2.29557e-30   2.0667e-23  1.65048e-32  3.14917e-24 -3.20222e-31  3.15888e-25  5.94649e-33  1.71264e-26  1.89218e-32 -5.70145e-28  1.94102e-33 -2.42274e-28  1.02017e-34 -2.94171e-29  1.05593e-34 -2.25009e-30  2.31916e-35  -1.1709e-31  3.02749e-36 -3.96696e-33  5.61116e-38 -7.14474e-35  -1.8526e-38 -8.59401e-39 -2.11497e-40  1.98482e-38  2.17621e-41
 -3.2498e-29 -3.42958e-13  1.41715e-27  8.96142e-12 -2.12561e-26 -1.21485e-10  1.71069e-25    1.072e-09 -7.94274e-25 -6.78162e-09  1.52458e-24  3.23905e-08   6.8413e-24 -1.20371e-07 -7.38492e-23  3.54075e-07  3.61661e-22 -8.30804e-07 -1.22897e-21  1.55369e-06  3.18912e-21 -2.29032e-06 -6.56042e-21  2.59008e-06  1.08838e-20 -2.11192e-06 -1.46979e-20  1.03699e-06  1.63627e-20 -3.46342e-08 -1.56659e-20 -3.45369e-07  1.46264e-20  1.82754e-07 -1.60793e-20  4.47734e-08   2.0848e-20 -7.07097e-08 -2.63227e-20 -3.73881e-10  2.83107e-20  2.08864e-08 -2.46346e-20  -7.1462e-10  1.69105e-20 -5.67397e-09 -8.84984e-21 -2.62541e-10  3.17694e-21  1.36807e-09 -3.14442e-22  2.96951e-10 -6.45028e-22 -2.43298e-10  6.35424e-22  -1.2235e-10 -2.79712e-22   1.5284e-11 -1.68124e-24  2.77084e-11   5.7001e-23  6.16232e-12 -3.70895e-24 -2.54173e-12  -1.4295e-23 -1.86112e-12 -1.03901e-23 -3.08233e-13  2.48845e-23  1.37355e-13 -1.69687e-23  9.08405e-14  5.45003e-24  1.87854e-14  -3.4392e-25 -2.51187e-15 -5.54842e-25 -2.79959e-15  3.90131e-25 -8.33643e-16 -1.59656e-25 -8.27938e-17  4.24643e-26  3.11295e-17 -1.32137e-26  1.65685e-17   4.7445e-27  3.87532e-18  2.35301e-28  4.16444e-19 -1.94234e-28 -4.79506e-20 -4.30399e-28  -3.1811e-20  1.25608e-28 -7.53088e-21  3.90778e-29 -1.08082e-21 -1.60133e-29 -7.81225e-23  2.98703e-30  5.65876e-24  2.88106e-32  2.74385e-24 -4.57259e-31  4.72237e-25 -1.24591e-32  5.27003e-26  2.60285e-32   3.9825e-27  4.08228e-33  1.70188e-28  3.59646e-34 -2.01963e-30  1.00146e-34 -9.64127e-31  2.38145e-35 -8.08601e-32  3.42465e-36 -3.88554e-33  9.50793e-38 -1.13234e-34  -1.0713e-38 -1.77287e-36 -1.00806e-40 -9.44577e-39
 7.57529e-14 -5.50748e-28 -3.57468e-12  1.32297e-26  6.53962e-11  -1.4949e-25 -7.15816e-10  9.96185e-25  5.40133e-09 -4.00773e-24 -3.01226e-08   6.8413e-24  1.29157e-07  2.77518e-23 -4.35763e-07 -2.73757e-22  1.17147e-06  1.23412e-21 -2.51938e-06 -3.87909e-21  4.31425e-06  9.33855e-21 -5.78781e-06 -1.78471e-20  5.86333e-06  2.75094e-20  -4.1071e-06 -3.44932e-20  1.44822e-06  3.57032e-20   4.5099e-07 -3.22276e-20 -7.74444e-07  2.96928e-20  1.98826e-07 -3.37546e-20    1.868e-07  4.42667e-20 -1.09641e-07 -5.41986e-20 -3.93101e-08  5.52211e-20  3.55865e-08 -4.48829e-20  1.04207e-08  2.83342e-20 -9.14857e-09 -1.32927e-20 -3.55967e-09  3.99645e-21  1.73321e-09  5.52558e-23  1.15283e-09 -1.17486e-21 -1.26912e-10  1.00208e-21 -2.74287e-10  -4.0002e-22 -5.26685e-11 -3.48654e-23  3.50097e-11  9.15368e-23  2.07429e-11  1.03265e-23  1.40549e-12 -3.55578e-23 -2.68356e-12 -1.06991e-23 -1.19304e-12  3.58594e-23 -9.33309e-14 -2.37727e-23  1.11062e-13  6.80272e-24   5.3268e-14 -6.02471e-26  8.90234e-15 -7.26732e-25 -1.67421e-15  4.03191e-25 -1.40401e-15  -1.5559e-25 -3.89074e-16  4.37588e-26 -4.14615e-17 -1.38415e-26  1.01651e-17  3.78401e-27  5.83223e-18  1.18046e-27  1.40542e-18 -3.04018e-28  1.83187e-19 -5.93096e-28  1.91784e-22  1.67514e-28 -6.15711e-21   3.8796e-29 -1.65666e-21 -1.58948e-29 -2.62299e-22  4.09374e-30 -2.63319e-23  8.31264e-32 -1.06636e-24 -6.15892e-31  1.69036e-25  -3.7386e-32  4.23485e-26  3.27691e-32  5.16096e-27  6.73631e-33  4.20651e-28  6.68833e-34  2.34954e-29  9.04211e-35    8.051e-31  2.21826e-35  7.49749e-33  3.28881e-36 -7.34368e-34  1.04358e-37   -3.685e-35  -4.9206e-39 -6.41555e-37 -3.03478e-41
 1.27568e-28  1.06116e-12 -6.12703e-27 -2.86696e-11   1.0027e-25  4.02435e-10 -9.03305e-25 -3.68288e-09  5.11698e-24  2.42064e-08 -1.81068e-23 -1.20371e-07  2.77518e-23  4.66873e-07  1.02434e-22 -1.43763e-06  -9.2767e-22  3.54471e-06  3.86246e-21 -7.00152e-06 -1.12561e-20  1.09822e-05  2.51777e-20 -1.33763e-05 -4.47347e-20  1.20358e-05  6.40523e-20 -7.01994e-06 -7.44747e-20  1.30865e-06  7.15303e-20  1.68142e-06 -6.09277e-20 -1.36939e-06  5.59636e-20 -2.43039e-10 -6.61918e-20  4.51254e-07  8.73756e-20 -9.93087e-08 -1.03434e-19 -1.23981e-07  9.97912e-20  3.69505e-08 -7.56911e-20   3.4836e-08  4.37396e-20  -7.7994e-09 -1.81266e-20  -9.7896e-09  4.29773e-21  3.48277e-10  7.90357e-22  2.33633e-09 -1.88808e-21  4.72947e-10   1.4612e-21 -3.59216e-10 -5.25264e-22 -1.98125e-10 -1.04346e-22  3.51159e-12  1.37619e-22  3.54698e-11  4.19372e-23  1.19157e-11 -7.25278e-23 -1.01385e-12 -8.65894e-24 -2.05317e-12  4.94624e-23 -6.49851e-13 -3.15712e-23 -3.18545e-15  7.72906e-24  7.06359e-14  5.30708e-25  2.75156e-14   -8.579e-25  3.96995e-15  3.37936e-25 -8.17929e-16  -1.3948e-25 -6.03555e-16  5.07436e-26 -1.61409e-16 -1.40261e-26 -1.94743e-17  1.54534e-27  2.22022e-18  2.30234e-27  1.65849e-18  -4.3523e-28  4.19926e-19 -7.21759e-28  6.24172e-20  2.03678e-28  3.95201e-21  3.24119e-29 -6.76645e-22 -1.54025e-29 -2.56644e-22  5.67491e-30 -4.46973e-23  2.25787e-31 -5.11855e-24 -7.70512e-31 -3.77376e-25  -6.6418e-32 -1.02981e-26   3.8237e-32  1.52725e-27  9.46228e-33  2.61965e-28  9.68054e-34  2.21694e-29  7.92043e-35  1.21577e-30  1.86483e-35  4.37131e-32  2.70636e-36  9.39071e-34  8.53169e-38  8.97169e-36 -1.66536e-39  1.53495e-39
-2.03277e-13  1.98789e-27  9.92557e-12 -5.20742e-26 -1.88147e-10  6.40323e-25  2.13711e-09 -4.77449e-24 -1.67626e-08  2.34463e-23  9.73623e-08 -7.38492e-23 -4.35763e-07  1.02434e-22  1.53881e-06   3.4594e-22 -4.34427e-06 -2.88776e-21  9.85378e-06  1.11369e-20 -1.79029e-05 -3.01521e-20  2.57125e-05   6.2743e-20  -2.8326e-05 -1.03688e-19    2.235e-05  1.37836e-19 -1.02561e-05 -1.48341e-19  -4.4201e-07  1.31841e-19  4.03048e-06 -1.06107e-19 -1.85813e-06  9.84237e-20 -6.61045e-07 -1.21772e-19  7.98839e-07  1.60984e-19  5.48931e-08 -1.83791e-19 -2.49241e-07  1.67815e-19  -5.5436e-09 -1.18596e-19  6.94815e-08  6.23154e-20  6.90584e-09 -2.23024e-20 -1.67876e-08  3.65573e-21 -4.57663e-09  1.90281e-21  2.88482e-09 -2.74041e-21  1.70863e-09   1.9932e-21 -1.19539e-10 -6.30396e-22 -3.67253e-10 -2.30492e-22 -9.76356e-11  1.95793e-22  2.91197e-11  9.92615e-23  2.59954e-11 -1.29636e-22  5.29496e-12 -3.77159e-24 -1.57697e-12  6.57066e-23 -1.28041e-12 -3.99005e-23 -3.10428e-13   7.8164e-24  1.77354e-14   1.5135e-24  3.74262e-14 -8.86726e-25  1.26782e-14  1.67323e-25  1.71231e-15 -1.21749e-25 -3.01182e-16  6.92101e-26  -2.2022e-16 -1.29182e-26 -5.84872e-17 -1.96469e-27 -8.01938e-18  3.25758e-27    1.239e-19 -6.07959e-28  3.59781e-19 -7.72184e-28  9.94083e-20  2.34541e-28  1.61931e-20  1.76018e-29  1.57044e-21 -1.55473e-29  2.13296e-23  7.62427e-30 -2.35661e-23  5.07381e-31 -4.99703e-24 -8.86337e-31 -6.17642e-25 -9.51753e-32 -5.22005e-26  4.16349e-32 -2.90997e-27  1.16915e-32 -7.45036e-29  1.18756e-33  3.41419e-30  6.76731e-35  4.66136e-31  1.40771e-35  2.38587e-32  1.90234e-36   6.5668e-34  5.32579e-38  8.42315e-36 -3.45404e-40
-3.77157e-28 -2.55988e-12  2.03459e-26  7.17272e-11 -3.60693e-25 -1.04568e-09  3.52992e-24  9.95468e-09  -2.2373e-23 -6.81848e-08  9.67015e-23  3.54075e-07 -2.73757e-22 -1.43763e-06   3.4594e-22  4.64791e-06  1.07407e-21 -1.20772e-05 -8.29298e-21  2.52636e-05  2.96989e-20 -4.22627e-05 -7.48301e-20  5.55117e-05  1.45005e-19 -5.49998e-05 -2.22925e-19  3.73083e-05  2.74866e-19 -1.19064e-05 -2.73095e-19 -5.41671e-06  2.23722e-19  7.54619e-06 -1.70423e-19 -1.57599e-06  1.62226e-19 -2.02104e-06 -2.10824e-19   1.0329e-06  2.77734e-19  4.65913e-07  -3.0518e-19 -3.55613e-07  2.63572e-19 -1.27975e-07  -1.7315e-19  9.37712e-08  8.19505e-20  4.29117e-08 -2.44141e-20 -1.75413e-08   1.7669e-21 -1.36008e-08  3.27501e-21  9.34841e-10 -3.65671e-21   3.1751e-09  2.57245e-21  7.22989e-10 -6.79449e-22 -3.82119e-10 -4.37915e-22 -2.57298e-10  2.65952e-22 -2.59835e-11  1.89328e-22  3.08698e-11  -2.0945e-22  1.53649e-11  3.78636e-24  1.71034e-12  8.45179e-23 -1.25257e-12 -4.81692e-23 -6.83445e-13  6.64837e-24 -1.34096e-13  2.93495e-24  1.37134e-14 -7.39708e-25   1.6875e-14 -1.25692e-25  5.22457e-15 -1.18771e-25  7.12301e-16  1.03408e-25 -7.80529e-17 -8.79436e-27 -6.67234e-17 -6.28142e-27 -1.80414e-17  3.57507e-27 -2.75351e-18 -8.74587e-28 -1.35665e-19 -7.05923e-28  5.22401e-20  2.65385e-28  1.76421e-20 -7.07859e-30  3.10686e-21 -1.75989e-29  3.56887e-22   9.6581e-30  2.34841e-23  9.62432e-31 -3.17946e-25 -9.30041e-31 -3.05395e-25 -1.18239e-31 -4.35618e-26  4.24239e-32 -3.81507e-27   1.2911e-32 -2.28186e-28  1.27335e-33 -9.05276e-30  5.57667e-35 -1.99361e-31  9.47686e-36  -3.0118e-34  1.12661e-36  9.18468e-35  2.46345e-38  1.28222e-36
 4.25764e-13 -5.51325e-27 -2.15864e-11  1.59288e-25  4.25452e-10 -2.11205e-24 -5.03223e-09  1.70897e-23  4.11704e-08 -9.39235e-23 -2.49902e-07  3.61661e-22  1.17147e-06  -9.2767e-22 -4.34427e-06  1.07407e-21  1.29214e-05  3.07844e-21 -3.10082e-05 -2.20523e-20  5.99436e-05  7.34966e-20 -9.23732e-05 -1.72596e-19  0.000110723  3.11693e-19  -9.7843e-05 -4.45726e-19  5.52286e-05  5.09018e-19 -8.15197e-06 -4.65194e-19 -1.53635e-05  3.49239e-19  1.14161e-05 -2.52373e-19  5.55229e-07  2.51502e-19 -4.07791e-06 -3.44259e-19   7.4427e-07  4.49813e-19   1.1817e-06 -4.75007e-19 -3.06052e-07  3.87815e-19 -3.42477e-07 -2.36081e-19  6.47837e-08   9.9305e-20  9.77879e-08 -2.30493e-20 -7.34416e-10 -1.36159e-21 -2.35042e-08  4.65925e-21 -5.42522e-09 -4.56781e-21  3.55846e-09    3.176e-21  2.15256e-09 -6.26346e-22  1.88288e-11 -7.52149e-22 -3.75205e-10  3.47436e-22 -1.37303e-10  3.15689e-22  6.98461e-12 -3.11529e-22  2.22932e-11  1.30374e-23  7.69097e-12   1.0576e-22  2.84304e-13 -5.57483e-23 -7.48374e-13  3.88424e-24 -3.20461e-13  4.78415e-24 -5.40224e-14 -3.43107e-25  6.45995e-15 -5.42401e-25  6.49653e-15 -1.49669e-25  1.91118e-15  1.53765e-25  2.75902e-16  8.16941e-28 -9.54058e-18 -1.04185e-26 -1.61425e-17  2.77229e-27 -4.58274e-18 -1.31824e-27 -7.59398e-19 -5.02232e-28 -6.74292e-20  3.04105e-28  2.61834e-21 -4.15459e-29  2.12053e-21  -2.2704e-29  4.19011e-22  1.13848e-29   5.2277e-23    1.587e-30  4.40751e-24 -8.82097e-31  2.13836e-25 -1.30859e-31 -1.93486e-27  4.04454e-32 -1.40027e-27   1.2844e-32 -1.36142e-28  1.20797e-33 -7.67446e-30  4.33148e-35 -2.72214e-31  5.62925e-36 -5.64508e-33  5.46686e-37 -5.27301e-35  7.44601e-39
 8.25016e-28  4.82923e-12   -5.268e-26 -1.40904e-10  1.01784e-24  2.14203e-09  -1.0707e-23 -2.12967e-08   7.3602e-23  1.52614e-07  -3.5622e-22 -8.30804e-07  1.23412e-21  3.54471e-06 -2.88776e-21 -1.20772e-05  3.07844e-21  3.31906e-05  8.17474e-21 -7.37789e-05 -5.44759e-20  0.000132024  1.69295e-19 -0.000187387 -3.71008e-19  0.000204277  6.24756e-19 -0.000159015 -8.30684e-19  7.03747e-05  8.76805e-19  6.75621e-06 -7.33283e-19 -3.11097e-05  5.00046e-19  1.34186e-05 -3.43751e-19   5.7335e-06  3.67783e-19 -6.26468e-06 -5.31001e-19 -6.25025e-07  6.85359e-19  2.05258e-06 -6.94909e-19   9.3083e-08  5.35984e-19 -5.92422e-07 -3.01051e-19 -7.09471e-08  1.10359e-19   1.4687e-07 -1.72952e-20  4.33102e-08 -5.27726e-21 -2.55577e-08  5.74577e-21 -1.61177e-08 -5.46055e-21  8.79751e-10  3.78831e-21  3.48282e-09 -4.19048e-22  9.86718e-10 -1.19338e-21 -2.64395e-10  4.39351e-22  -2.5723e-10  4.76361e-22 -5.66913e-11  -4.3202e-22  1.42855e-11  2.23036e-23  1.29097e-11  1.29253e-22  3.36897e-12 -6.20593e-23 -8.33706e-14 -6.67309e-25 -3.66891e-13  6.98253e-24 -1.33789e-13  3.61205e-25 -2.07539e-14 -1.06456e-24    2.114e-15 -2.32081e-25  2.11419e-15  2.15476e-25  6.09996e-16   1.8626e-26  9.47454e-17 -1.29724e-26  2.71693e-18  5.02288e-28 -2.88938e-18 -2.03189e-27 -9.17474e-19 -1.66362e-28 -1.62422e-19  3.57216e-28 -1.81153e-20 -8.39584e-29  -8.5761e-22 -3.14465e-29  1.24856e-22  1.24308e-29   3.5857e-23  2.32458e-30  4.83547e-24 -7.45321e-31  4.35015e-25 -1.30675e-31  2.68522e-26  3.59858e-32   1.0106e-27  1.15471e-32  8.06911e-30  1.01731e-33  -1.4722e-30  3.08594e-35  -8.7836e-32  2.89819e-36 -2.18058e-33  2.05573e-37 -1.81727e-35
 -6.9375e-13  1.16664e-26  3.67006e-11 -3.84183e-25 -7.55709e-10  5.50646e-24  9.35161e-09 -4.77876e-23  -8.0172e-08  2.84815e-22  5.10869e-07 -1.22897e-21 -2.51938e-06  3.86246e-21  9.85378e-06 -8.29298e-21 -3.10082e-05  8.17474e-21  7.90414e-05  2.01768e-20 -0.000163178 -1.25379e-19   0.00027063  3.63936e-19 -0.000353514 -7.45085e-19  0.000348719  1.17034e-18 -0.000234609 -1.44576e-18  7.14236e-05  1.40645e-18  3.92907e-05 -1.06841e-18 -5.09355e-05  6.52422e-19   9.7659e-06 -4.28106e-19  1.45533e-05  5.08274e-19 -7.19667e-06 -7.74425e-19 -3.52057e-06  9.84272e-19  2.61277e-06 -9.57877e-19  9.95896e-07  6.97396e-19 -7.17716e-07 -3.59294e-19 -3.41606e-07   1.1138e-19  1.38985e-07 -7.24115e-21  1.11248e-07 -9.08339e-21 -7.40894e-09   6.2911e-21 -2.67226e-08  -6.4172e-21 -6.25553e-09  4.39807e-21  3.28006e-09 -9.41863e-24  2.26813e-09 -1.76817e-21  2.44123e-10  5.41378e-22 -2.73374e-10  6.63011e-22 -1.40654e-10 -5.64292e-22 -1.71212e-11  2.94716e-23  1.10717e-11  1.54775e-22  6.35953e-12  -6.6631e-23  1.33061e-12 -6.99601e-24 -9.36347e-14  9.38736e-24  -1.5203e-13  1.39939e-24 -4.98874e-14 -1.65356e-24 -7.60089e-15  -3.7821e-25  4.26093e-16  2.78599e-25  5.67823e-16  4.67994e-26  1.65515e-16 -1.24064e-26   2.7528e-17 -3.32259e-27  2.03294e-18 -3.08285e-27 -3.08072e-19  2.69044e-28 -1.35414e-19  4.25982e-28  -2.5803e-20 -1.30963e-28 -3.19791e-21 -4.35051e-29 -2.51876e-22  1.25662e-29 -6.49994e-24  3.06938e-30  1.40421e-24 -5.45458e-31  2.51067e-25 -1.18548e-31  2.32819e-26  2.97483e-32    1.426e-27   9.3791e-33  5.83493e-29  7.59006e-34  1.45836e-30  1.96103e-35  1.62251e-32  1.25311e-36 -5.21484e-35   5.1994e-38
-1.21505e-27 -7.06113e-12  1.06188e-25  2.15807e-10 -2.28452e-24 -3.44069e-09  2.58265e-23  3.59266e-08 -1.90143e-22 -2.70815e-07  9.98193e-22  1.55369e-06 -3.87909e-21 -7.00152e-06  1.11369e-20  2.52636e-05 -2.20523e-20 -7.37789e-05  2.01768e-20  0.000175051  4.64195e-20 -0.000336409 -2.69546e-19   0.00051754  7.31892e-19 -0.000621197 -1.40106e-18  0.000550393   2.0531e-18 -0.000310267 -2.35381e-18  4.15442e-05  2.10218e-18  9.37999e-05 -1.43474e-18 -6.89268e-05  7.65373e-19 -4.16467e-06 -4.81329e-19   2.5967e-05  6.64377e-19 -4.75718e-06 -1.06861e-18 -7.82916e-06  1.33476e-18  2.08866e-06 -1.24699e-18  2.35218e-06     8.56e-19 -4.71394e-07 -4.01146e-19 -6.98405e-07  1.00045e-19  1.16207e-08  5.71834e-21  1.75318e-07 -1.16136e-20  3.95514e-08   6.2622e-21 -2.78889e-08 -7.61661e-21 -1.66764e-08  4.98858e-21  -2.4674e-11  6.30129e-22  3.03191e-09 -2.46233e-21  1.10926e-09  6.55253e-22 -5.99116e-11  8.62172e-22 -1.85222e-10 -7.00506e-22 -6.47538e-11  3.22875e-23 -2.75532e-12  1.82032e-22  6.23455e-12 -6.91155e-23  2.74482e-12 -1.48685e-23  4.88141e-13  1.18076e-23 -4.43725e-14    2.754e-24 -5.35801e-14 -2.25307e-24 -1.64957e-14 -5.92226e-25 -2.58304e-15   3.2981e-25  1.13362e-18  8.61452e-26  1.20309e-16 -7.45968e-27  3.68702e-17 -8.47987e-27  6.49194e-18 -4.47677e-27  6.66902e-19  7.50308e-28  5.34111e-21  5.04617e-28 -1.28112e-20 -1.78255e-28 -2.84743e-21 -5.75529e-29 -3.75091e-22  1.17734e-29 -3.37396e-23  3.68924e-30 -1.95781e-24 -3.23146e-31 -4.19296e-26 -9.80838e-32  4.53271e-27  2.27098e-32  5.64307e-28   6.8609e-33   3.2312e-29  4.98352e-34  1.07857e-30  1.07765e-35  1.94081e-32  4.27698e-37   1.2249e-34
 8.63715e-13 -1.79686e-26 -4.80389e-11  7.31758e-25  1.04099e-09 -1.14973e-23 -1.35719e-08  1.06778e-22  1.22746e-07 -6.81011e-22 -8.26422e-07  3.18912e-21  4.31425e-06 -1.12561e-20 -1.79029e-05  2.96989e-20  5.99436e-05 -5.44759e-20 -0.000163178  4.64195e-20  0.000361544  9.97989e-20 -0.000648102 -5.42548e-19  0.000925267  1.37988e-18  -0.00101787 -2.47177e-18   0.00080129  3.37908e-18 -0.000358066 -3.58987e-18  -3.8568e-05  2.92791e-18  0.000168337  -1.7655e-18 -7.43363e-05  7.84373e-19 -3.19306e-05 -4.74988e-19  3.63753e-05  8.20971e-19  3.24243e-06 -1.39573e-18 -1.24165e-05  1.71227e-18 -3.58843e-07 -1.53671e-18  3.74398e-06  9.92782e-19  3.79571e-07 -4.18065e-19 -9.77615e-07  7.63551e-20   -2.699e-07  1.89372e-20  1.82255e-07  -1.1748e-20  1.09136e-07  5.92889e-21 -8.71028e-09  -9.2815e-21  -2.5205e-08  5.52937e-21 -6.81901e-09  1.48561e-21  2.10523e-09 -3.23897e-21  1.92415e-09  7.86639e-22  4.11407e-10  1.05859e-21 -1.14482e-10 -8.33536e-22 -9.96946e-11  2.85673e-23 -2.59708e-11  2.10574e-22  6.37106e-13 -6.92749e-23  2.85211e-12 -2.38418e-23  1.05379e-12  1.40272e-23  1.70138e-13  4.36193e-24 -1.35084e-14 -2.79554e-24 -1.59119e-14 -8.69479e-25 -4.75442e-15  3.55369e-25 -7.80438e-16  1.35549e-25  -3.8246e-17  2.43221e-27  1.82786e-17 -1.44833e-26  6.42696e-18 -6.13871e-27  1.19215e-18  1.21484e-27  1.42436e-19  5.81476e-28  9.05087e-21 -2.21209e-28 -3.96908e-22 -7.14702e-29 -1.89724e-22  1.02349e-29 -2.75373e-23  4.06209e-30 -2.55405e-24 -1.20659e-31 -1.63307e-25  -7.4152e-32 -6.84989e-27  1.58884e-32 -1.42796e-28  4.49233e-33  1.86909e-30  2.84538e-34  2.01173e-31  4.91135e-36  4.26669e-33  9.86933e-38
 6.52294e-28  7.79048e-12 -1.62473e-25 -2.51839e-10   4.0929e-24  4.24989e-09 -5.01596e-23 -4.70121e-08  3.93976e-22   3.7586e-07 -2.21243e-21 -2.29032e-06  9.33855e-21  1.09822e-05 -3.01521e-20 -4.22627e-05  7.34966e-20  0.000132024 -1.25379e-19 -0.000336409  9.97989e-20  0.000698165  2.00964e-19  -0.00116951 -1.02458e-18   0.00154938  2.44369e-18  -0.00155613 -4.09874e-18   0.00107075  5.22645e-18 -0.000337251 -5.13529e-18 -0.000184124  3.79754e-18  0.000250534 -1.96889e-18  -5.3086e-05  6.51819e-19 -7.32435e-05 -3.82085e-19  3.95297e-05  9.56983e-19  1.78261e-05 -1.72611e-18 -1.49577e-05  2.08191e-18 -5.14759e-06 -1.79692e-18  4.34653e-06  1.08928e-18  1.87889e-06 -4.04537e-19  -9.1782e-07  4.29943e-20 -6.61743e-07  2.89668e-20  7.19493e-08  -8.7742e-21  1.72217e-07   5.8439e-21  3.56861e-08 -1.15794e-20 -2.35319e-08  5.97949e-21 -1.49573e-08  2.48291e-21 -1.27762e-09 -4.04532e-21  1.98078e-09  9.46396e-22  9.66336e-10  1.23986e-21  1.05147e-10 -9.58443e-22 -8.24417e-11  1.63242e-23 -4.55061e-11  2.39701e-22  -9.3588e-12 -6.69652e-23  7.18155e-13 -3.33133e-23  1.09892e-12  1.58304e-23  3.61322e-13  6.12378e-24  5.64662e-14 -3.21169e-24  -2.3024e-15 -1.19735e-24 -3.88445e-15  3.44495e-25 -1.16318e-15  1.91875e-25 -2.00351e-16  1.68366e-26 -1.71213e-17 -2.07125e-26  1.42663e-18 -7.92159e-27  8.11366e-19  1.60512e-27  1.62002e-19  6.42707e-28  2.08159e-20 -2.55442e-28  1.77165e-21 -8.28345e-29  7.47065e-23  8.25592e-30 -4.11166e-24  4.11289e-30 -1.06403e-24  3.09426e-32   -1.032e-25  -5.1213e-32 -6.27096e-27   1.0096e-32  -2.4952e-28  2.60812e-33  -6.0705e-30  1.38533e-34 -7.26924e-32   1.7287e-36 -1.80276e-34
-7.85581e-13  1.66427e-26  4.65832e-11 -1.08648e-24 -1.07611e-09  1.93207e-23  1.49589e-08 -1.92905e-22 -1.44317e-07  1.30958e-21  1.03731e-06 -6.56042e-21 -5.78781e-06  2.51777e-20  2.57125e-05 -7.48301e-20 -9.23732e-05  1.69295e-19   0.00027063 -2.69546e-19 -0.000648102  2.00964e-19   0.00126355  3.79812e-19  -0.00198102 -1.81873e-18   0.00243405  4.07217e-18  -0.00221945 -6.39899e-18   0.00130079  7.60888e-18 -0.000200996 -6.89788e-18 -0.000397182  4.57958e-18  0.000315753 -1.94611e-18   8.0201e-06  3.22645e-19 -0.000121333 -1.83896e-19  2.78488e-05  1.04764e-18  3.74216e-05 -2.02184e-18 -1.23721e-05  2.40461e-18 -1.16996e-05 -1.99884e-18  3.12894e-06  1.13115e-18  3.70409e-06 -3.59267e-19 -2.59606e-07  4.98334e-21 -1.01005e-06  3.23058e-20 -1.84437e-07 -2.66935e-21  1.80349e-07  6.68814e-21  9.56319e-08 -1.45102e-20 -4.36046e-09  6.30872e-21  -1.9557e-08  3.48124e-21 -6.52849e-09 -4.82797e-21  6.51902e-10  1.14992e-21  1.23461e-09  1.40071e-21  4.05707e-10 -1.07293e-21  8.42992e-12 -6.07392e-24 -4.31765e-11  2.68386e-22 -1.81897e-11 -6.21373e-23 -3.13006e-12 -4.26051e-23  3.25172e-13  1.70232e-23  3.59701e-13  7.92253e-24  1.09901e-13 -3.44204e-24  1.74165e-14 -1.55722e-24  1.54838e-16  2.92226e-25 -7.42957e-16  2.50399e-25 -2.32942e-16  3.42525e-26 -4.18408e-17 -2.65796e-26 -4.55631e-18 -9.63958e-27 -1.27333e-19  1.88008e-27  6.18994e-20  6.76678e-28   1.5044e-20 -2.77304e-28  2.03071e-21 -8.95398e-29  1.86778e-22  6.16451e-30  1.15589e-23  3.83664e-30  3.77643e-25  1.19103e-31 -7.52424e-27 -3.21947e-32 -1.67576e-27  5.76854e-33 -9.65794e-29  1.32443e-33 -2.89008e-30  5.56648e-35 -4.00266e-32  3.98452e-37
 2.32083e-27 -6.07667e-12  1.73803e-25  2.11946e-10 -5.82438e-24 -3.85387e-09  7.89194e-23  4.58969e-08 -6.62057e-22 -3.94906e-07  3.95096e-21  2.59008e-06 -1.78471e-20 -1.33763e-05   6.2743e-20  5.55117e-05 -1.72596e-19 -0.000187387  3.63936e-19   0.00051754 -5.42548e-19  -0.00116951  3.79812e-19   0.00214809   6.7495e-19  -0.00315647 -3.03969e-18    0.0035926  6.39535e-18  -0.00295003 -9.42036e-18   0.00140929  1.04425e-17  9.05408e-05 -8.70955e-18 -0.000658042  5.12016e-18  0.000329679 -1.61883e-18  0.000115034 -2.19196e-19 -0.000161961  1.24092e-19 -4.77009e-06  1.06834e-18  5.69536e-05  -2.2437e-18  -1.9632e-06  2.64545e-18 -1.80865e-05 -2.12107e-18 -6.86428e-07  1.11079e-18  5.10686e-06 -2.85308e-19  1.08901e-06 -3.12871e-20 -1.07397e-06  2.62572e-20 -5.42667e-07   5.7966e-21   8.6128e-08   9.0133e-21  1.43685e-07 -1.78259e-20  3.24313e-08  6.53378e-21 -1.48715e-08   4.2866e-21 -1.12571e-08 -5.55174e-21 -2.04863e-09  1.41369e-21  8.31373e-10  1.54491e-21  6.12869e-10 -1.17669e-21  1.47283e-10 -3.95971e-23 -8.73944e-12   2.9533e-22 -1.84052e-11 -5.48507e-23 -6.47482e-12 -5.10724e-23 -9.98757e-13  1.74504e-23  9.59685e-14  9.64506e-24  9.91936e-14 -3.44867e-24  2.91444e-14 -1.92706e-24  4.78718e-15   2.0102e-25  2.59183e-16  3.05646e-25 -1.00206e-16  5.23144e-26 -3.62926e-17 -3.16687e-26 -6.79504e-18 -1.11122e-26  -8.2969e-19  2.02099e-27  -5.8622e-20  6.77294e-28  5.85512e-22 -2.84368e-28  7.98286e-22 -9.03474e-29  1.21613e-22  4.22993e-30  1.12951e-23  3.29848e-30  7.17401e-25  1.49385e-31  3.04906e-26 -1.82297e-32  7.46549e-28  2.93571e-33  3.74845e-30  5.77026e-34 -2.83921e-31   1.7381e-35  -4.5158e-33
