    0.0142147   1.57802e-16    -0.0216498  -4.04911e-16   -0.00295017   6.22586e-16    0.00298353  -1.35362e-16    0.00251075  -1.80534e-16    0.00112597  -1.20662e-17   0.000301367   2.59577e-17  -7.44614e-06   8.11639e-18  -7.05794e-05  -3.71579e-18  -5.64585e-05   -3.7163e-18  -3.24149e-05  -1.06303e-18   -1.5792e-05   4.44762e-19  -6.91944e-06   7.16355e-19  -2.80774e-06   4.89057e-19  -1.07439e-06   2.40327e-19  -3.92606e-07   9.55864e-20  -1.38252e-07   3.21302e-20  -4.71967e-08   9.11541e-21  -1.56671e-08   2.09579e-21   -5.0578e-09   3.38089e-22   -1.5843e-09   4.24943e-24  -4.79641e-10  -2.55586e-23  -1.39689e-10  -1.36703e-23  -3.89506e-11  -5.01878e-24  -1.03532e-11   -1.5148e-24  -2.61332e-12   -3.9806e-25  -6.24411e-13  -9.31208e-26  -1.40834e-13  -1.95004e-26  -2.99116e-14  -3.64253e-27  -5.96838e-15  -5.98252e-28  -1.11613e-15  -8.29405e-29  -1.95089e-16  -8.53264e-30  -3.17659e-17  -2.42027e-31  -4.79705e-18   1.72445e-31  -6.67615e-19   6.06118e-32  -8.47977e-20   1.39366e-32   -9.6687e-21   2.63285e-33  -9.58245e-22   4.35447e-34   -7.6269e-23   6.47918e-35  -3.52484e-24    8.7962e-36   2.46722e-25    1.0979e-36   9.49444e-26   1.26489e-37   1.62676e-26   1.34785e-38   2.14309e-27   1.32952e-39   2.39977e-28   1.21408e-40   2.36667e-29   1.02568e-41   2.08765e-30   8.00467e-43   1.65858e-31   5.75821e-44   1.18968e-32   3.80707e-45   7.70123e-34   2.30522e-46   4.48788e-35    1.2728e-47   2.34413e-36   6.37411e-49   1.09062e-37   2.87642e-50   4.48214e-39    1.1603e-51   1.60926e-40   4.14226e-53   4.97448e-42   1.29235e-54   1.29795e-43   3.46659e-56   2.78006e-45   7.82208e-58   4.68792e-47   1.44005e-59   5.80518e-49   2.06695e-61   4.58629e-51   2.14665e-63    1.4496e-53   1.39413e-65  -5.49836e-56   3.65528e-68
  1.57802e-16     0.0450862   -5.1864e-17    -0.0316976   1.48583e-17    -0.0145013   7.53942e-16   0.000224099  -1.53553e-16    0.00375466  -2.12623e-16       0.00276  -2.74752e-17    0.00129125   1.66171e-17    0.00041724  -3.45334e-18   5.91527e-05  -1.30347e-17  -3.92211e-05  -8.25976e-18  -4.42769e-05  -1.95206e-18  -2.86555e-05   1.14312e-18  -1.50358e-05   1.62934e-18  -6.97053e-06   1.12597e-18  -2.95988e-06   5.82305e-19  -1.17286e-06     2.515e-19  -4.38257e-07   9.50555e-20  -1.55331e-07   3.21733e-20  -5.23691e-08   9.92955e-21  -1.68095e-08   2.84435e-21  -5.13431e-09   7.66483e-22  -1.49025e-09   1.96326e-22  -4.10248e-10    4.8525e-23  -1.06872e-10   1.18166e-23  -2.62797e-11   2.88106e-24  -6.08304e-12   7.05818e-25  -1.32133e-12   1.72495e-25   -2.6833e-13   4.14755e-26  -5.07007e-14    9.6569e-27  -8.85415e-15    2.1492e-27  -1.41465e-15   4.53428e-28  -2.03235e-16   9.02373e-29  -2.53707e-17   1.68898e-29  -2.52407e-18   2.96877e-30  -1.36243e-19   4.89753e-31   1.73486e-20   7.57963e-32   7.51135e-21   1.09993e-32   1.63527e-21   1.49602e-33   2.79494e-22   1.90648e-34   4.10946e-23   2.27556e-35   5.37742e-24   2.54219e-36   6.36105e-25   2.65544e-37   6.85546e-26   2.58995e-38    6.7565e-27   2.35501e-39   6.09744e-28    1.9928e-40   5.03663e-29   1.56591e-41   3.80131e-30   1.13964e-42   2.61348e-31   7.65772e-44   1.62974e-32   4.73329e-45   9.16407e-34   2.67961e-46   4.61024e-35   1.38226e-47   2.05308e-36   6.45717e-49   7.97298e-38   2.71138e-50   2.63952e-39   1.01408e-51   7.16748e-41   3.34016e-53   1.47177e-42   9.54996e-55   1.73797e-44   2.32577e-56  -1.41415e-46   4.70192e-58  -1.30453e-47   7.60441e-60  -3.45612e-49   9.28933e-62  -5.31825e-51   7.74433e-64  -4.62875e-53   3.49725e-66  -1.53459e-55
   -0.0216498   -5.1864e-17      0.069066  -6.01552e-16    -0.0238707   5.39314e-16    -0.0240785   7.21909e-16   -0.00671064  -7.68164e-17    0.00205157  -1.43138e-16    0.00347304  -2.23582e-17    0.00235877  -9.01631e-18    0.00114841  -2.97659e-17   0.000432694  -2.90992e-17   0.000117197  -1.51511e-17   1.03116e-05  -3.50464e-18  -1.34415e-05   1.71504e-18  -1.23283e-05   2.57773e-18  -7.24099e-06   1.83922e-18  -3.51182e-06   9.93245e-19  -1.50767e-06   4.53058e-19  -5.89759e-07   1.82834e-19  -2.13188e-07   6.70019e-20  -7.17274e-08   2.27318e-20  -2.25359e-08   7.24228e-21  -6.61766e-09   2.18532e-21  -1.81448e-09    6.2782e-22  -4.63312e-10   1.72507e-22  -1.09666e-10   4.54838e-23   -2.3883e-11   1.15166e-23  -4.72532e-12    2.7972e-24  -8.29566e-13   6.50417e-25  -1.22624e-13   1.44424e-25  -1.29441e-14   3.05405e-26  -5.65371e-17   6.13535e-27   4.54544e-16   1.16867e-27   1.61692e-16   2.10737e-28   4.03818e-17   3.59276e-29   8.43491e-18   5.78511e-30   1.55472e-18   8.79067e-31   2.58803e-19   1.25941e-31   3.93662e-20    1.6995e-32   5.50651e-21   2.15809e-33   7.10739e-22   2.57638e-34   8.47834e-23   2.88865e-35   9.34982e-24   3.03801e-36   9.52493e-25   2.99254e-37   8.94855e-26   2.75608e-38   7.73249e-27   2.36863e-39   6.12232e-28   1.89537e-40   4.41839e-29   1.40852e-41   2.88526e-30   9.69156e-43   1.68686e-31   6.15239e-44   8.68582e-33   3.58857e-45   3.82832e-34   1.91391e-46   1.36031e-35   9.28014e-48   3.24155e-37   4.06293e-49  -4.53311e-40   1.59282e-50   -5.7883e-40   5.53469e-52  -3.86973e-41   1.68287e-53  -1.69786e-42    4.4042e-55  -5.64272e-44   9.70476e-57  -1.45781e-45   1.74614e-58  -2.88771e-47   2.45093e-60  -4.19294e-49   2.49018e-62  -4.06276e-51   1.58224e-64  -2.09538e-53   4.05734e-67
 -4.04911e-16    -0.0316976  -6.01552e-16     0.0714101  -1.00016e-15   -0.00823004   6.63423e-16    -0.0261276   6.28418e-16    -0.0134855    7.6334e-17    -0.0019014  -1.86264e-18    0.00252792   7.95478e-18    0.00276645  -3.43856e-17    0.00178966  -5.96411e-17   0.000905835  -4.74761e-17   0.000385433  -2.32335e-17    0.00014062  -5.73975e-18   4.34249e-05   1.85631e-18   1.05981e-05   3.28207e-18    1.4774e-06   2.44138e-18  -3.29282e-07   1.36534e-18  -3.75816e-07    6.4515e-19  -1.93406e-07   2.70051e-19    -7.594e-08   1.02797e-19  -2.48527e-08   3.62035e-20   -6.8685e-09    1.1925e-20  -1.54363e-09   3.69613e-21  -2.37451e-10   1.08211e-21   3.39531e-12   3.00094e-22   2.10783e-11   7.89711e-23   1.06447e-11   1.97325e-23   3.84532e-12   4.68154e-24   1.16583e-12    1.0542e-24   3.12351e-13   2.25158e-25   7.56924e-14   4.55758e-26   1.67975e-14   8.73621e-27   3.43844e-15   1.58472e-27   6.52125e-16   2.71851e-28   1.14904e-16   4.40746e-29   1.88388e-17    6.7495e-30   2.87608e-18    9.7567e-31   4.08872e-19   1.33029e-31    5.4094e-20   1.70928e-32   6.65188e-21   2.06771e-33     7.588e-22   2.35252e-34   8.00713e-23    2.5144e-35   7.78526e-24   2.52106e-36   6.93541e-25   2.36734e-37   5.61409e-26   2.07796e-38   4.07626e-27   1.70129e-39   2.59566e-28   1.29603e-40   1.38435e-29   9.16019e-42   5.44191e-31   5.98693e-43   6.53508e-33   3.60435e-44  -1.37106e-33   1.98978e-45  -1.72646e-34   1.00189e-46  -1.34758e-35   4.57223e-48  -8.24825e-37   1.87683e-49  -4.19474e-38   6.86572e-51  -1.80388e-39   2.21272e-52  -6.56893e-41   6.19186e-54  -2.00904e-42   1.47606e-55   -5.0744e-44     2.921e-57  -1.03008e-45   4.62354e-59  -1.60952e-47   5.52566e-61  -1.79946e-49    4.5037e-63  -1.24542e-51   1.98599e-65  -3.44727e-54
  -0.00295017   1.48583e-17    -0.0238707  -1.00016e-15     0.0607801  -1.02753e-15    0.00426366   4.70039e-16    -0.0227439   5.26201e-16    -0.0175755    2.6276e-16   -0.00632827   1.62071e-16   0.000258262   5.33473e-17    0.00220582  -4.89599e-17    0.00197519  -8.23877e-17    0.00124042  -6.22405e-17   0.000646942  -3.00433e-17   0.000297786  -7.92721e-18     0.0001249   1.62316e-18   4.87727e-05     3.612e-18   1.80431e-05    2.7944e-18   6.42327e-06   1.60128e-18    2.2308e-06   7.71875e-19   7.63413e-07   3.28804e-19   2.58483e-07   1.27065e-19   8.63781e-08   4.52595e-20   2.82764e-08   1.50001e-20   8.98043e-09    4.6517e-21   2.74144e-09   1.35485e-21   7.98294e-10   3.71631e-22     2.205e-10   9.61765e-23   5.75479e-11   2.35095e-23   1.41545e-11   5.43166e-24   3.27524e-12   1.18655e-24   7.12114e-13     2.451e-25   1.45345e-13   4.78702e-26   2.78243e-14   8.83857e-27   4.99142e-15   1.54238e-27   8.38162e-16    2.5431e-28   1.31564e-16   3.96047e-29   1.92696e-17   5.82324e-30   2.62712e-18    8.0794e-31   3.32295e-19   1.05701e-31    3.8813e-20   1.30285e-32   4.15778e-21   1.51149e-33   4.04127e-22    1.6487e-34   3.49906e-23   1.68868e-35   2.60207e-24   1.62166e-36   1.51435e-25   1.45747e-37   4.46119e-27   1.22341e-38   -4.1206e-28   9.56886e-40  -9.46158e-29   6.95495e-41  -1.14272e-29    4.6829e-42  -1.07333e-30   2.91033e-43   -8.5199e-32   1.66237e-44  -5.88544e-33   8.68393e-46  -3.57851e-34   4.12433e-47  -1.92111e-35   1.76848e-48  -9.08963e-37   6.78856e-50  -3.76968e-38   2.30877e-51  -1.35813e-39   6.86697e-53  -4.19644e-41   1.75664e-54  -1.09235e-42   3.78004e-56  -2.33605e-44     6.634e-58  -3.95655e-46   9.06912e-60  -5.01123e-48   8.95653e-62  -4.28772e-50   5.51659e-64  -1.96597e-52     1.366e-66
  6.22586e-16    -0.0145013   5.39314e-16   -0.00823004  -1.02753e-15     0.0497596  -8.83249e-16     0.0113427   1.97694e-16    -0.0175929   4.55077e-16    -0.0189743   4.30891e-16    -0.0100256   2.99867e-16   -0.00260191   9.61576e-17   0.000805657  -5.19062e-17    0.00155529  -9.30655e-17    0.00124977  -6.94622e-17   0.000766349  -3.34267e-17   0.000403426  -9.14723e-18    0.00019128   1.31043e-18   8.38126e-05   3.60612e-18   3.44757e-05   2.85869e-18   1.34463e-05   1.65635e-18   5.00244e-06   8.03505e-19   1.78043e-06   3.43402e-19   6.06607e-07   1.32729e-19   1.97651e-07   4.71063e-20   6.14671e-08   1.54909e-20   1.82006e-08   4.74726e-21   5.11847e-09   1.36117e-21   1.36391e-09   3.66233e-22   3.43632e-10   9.26587e-23   8.17026e-11   2.20778e-23   1.83001e-11   4.95959e-24   3.85485e-12   1.05119e-24   7.62324e-13   2.10315e-25   1.41252e-13   3.97308e-26   2.44648e-14   7.08767e-27   3.94869e-15   1.19396e-27   5.91455e-16   1.89903e-28   8.17205e-17    2.8512e-29   1.03189e-17   4.03946e-30   1.17212e-18   5.39742e-31   1.16176e-19   6.79682e-32   9.33849e-21   8.05941e-33   4.58959e-22   8.98956e-34  -2.31013e-23   9.42107e-35  -1.03679e-23   9.26358e-36   -1.8113e-24   8.53198e-37  -2.40156e-25   7.34625e-38  -2.69725e-26   5.90001e-39  -2.66546e-27   4.40855e-40  -2.35599e-28   3.05567e-41  -1.87648e-29    1.9579e-42  -1.35048e-30   1.15505e-43  -8.78114e-32   6.24457e-45  -5.14734e-33   3.07677e-46  -2.70931e-34   1.37258e-47  -1.27319e-35   5.50067e-49  -5.30127e-37    1.9615e-50  -1.93645e-38   6.15066e-52  -6.12612e-40   1.67082e-53  -1.65034e-41   3.85608e-55  -3.70069e-43   7.36363e-57  -6.69062e-45   1.12023e-58    -9.301e-47   1.28017e-60  -9.20031e-49    9.9094e-63  -5.57189e-51   4.11076e-65  -1.32442e-53
   0.00298353   7.53942e-16    -0.0240785   6.63423e-16    0.00426366  -8.83249e-16     0.0425707  -8.03756e-16     0.0150587  -3.53488e-17    -0.0125501   4.15018e-16    -0.0185414   5.39561e-16    -0.0125731   3.79738e-16   -0.00542368   1.21433e-16   -0.00109568  -4.79521e-17   0.000594048  -9.20654e-17   0.000872467  -6.82406e-17   0.000660906  -3.25277e-17   0.000394331  -8.86733e-18   0.000204177   1.19204e-18   9.54729e-05   3.38347e-18   4.11487e-05   2.67774e-18    1.6536e-05   1.54462e-18   6.23689e-06   7.44554e-19    2.2158e-06    3.1558e-19   7.42759e-07    1.2068e-19   2.35023e-07   4.22549e-20   7.01725e-08    1.3669e-20   1.97533e-08   4.10949e-21     5.236e-09    1.1531e-21   1.30495e-09    3.0292e-22   3.05236e-10   7.46774e-23   6.68571e-11    1.7307e-23   1.36734e-11    3.7758e-24   2.60094e-12   7.76204e-25   4.57574e-13   1.50458e-25   7.38075e-14    2.7512e-26   1.07567e-14    4.7468e-27   1.37722e-15   7.72826e-28   1.44991e-16   1.18723e-28   9.88007e-18   1.72057e-29   -3.9648e-19   2.35142e-30  -3.08051e-19   3.02871e-31  -7.27963e-20   3.67384e-32  -1.28824e-20   4.19282e-33  -1.93439e-21   4.49711e-34  -2.57144e-22   4.52719e-35  -3.08388e-23   4.27081e-36  -3.36813e-24   3.76849e-37  -3.36593e-25   3.10355e-38  -3.08414e-26   2.37955e-39  -2.59179e-27   1.69367e-40  -1.99555e-28   1.11533e-41  -1.40479e-29    6.7691e-43  -9.01339e-31   3.76903e-44  -5.24921e-32   1.91502e-45  -2.76011e-33   8.82283e-47  -1.30168e-34   3.65793e-48  -5.46037e-36   1.35228e-49  -2.01631e-37   4.40754e-51  -6.46761e-39   1.24873e-52  -1.77128e-40   3.01973e-54  -4.04712e-42   6.08324e-56  -7.46955e-44   9.86771e-58  -1.06161e-45   1.22517e-59  -1.07543e-47   1.07121e-61  -6.72367e-50   5.60995e-64  -1.82247e-52   1.09924e-66
 -1.35362e-16   0.000224099   7.21909e-16    -0.0261276   4.70039e-16     0.0113427  -8.03756e-16     0.0383002  -8.44648e-16     0.0172526  -2.00819e-16   -0.00807106   3.82385e-16    -0.0169996   5.70731e-16    -0.0139562    3.9395e-16   -0.00779523   1.23749e-16   -0.00311992  -4.17452e-17  -0.000703636  -8.23496e-17   0.000177115  -6.00166e-17   0.000333562  -2.78861e-17   0.000254553  -7.17843e-18   0.000148562    1.3451e-18   7.42839e-05   3.04722e-18   3.32027e-05   2.33238e-18   1.35386e-05   1.31765e-18   5.09115e-06   6.23689e-19    1.7762e-06   2.59611e-19   5.76685e-07    9.7395e-20   1.74449e-07   3.34014e-20   4.91541e-08   1.05647e-20   1.28799e-08   3.10047e-21   3.12869e-09   8.47938e-22   7.00811e-10   2.16808e-22   1.43467e-10   5.19564e-23   2.64176e-11   1.16919e-23   4.23724e-12    2.4743e-24   5.45995e-13   4.92956e-25   4.00655e-14   9.25306e-26  -5.27902e-15    1.6372e-26  -3.19455e-15   2.73133e-27  -9.10572e-16   4.29672e-28  -2.02796e-16   6.37312e-29  -3.89284e-17   8.91062e-30  -6.67923e-18   1.17383e-30  -1.04206e-18   1.45594e-31  -1.49186e-19   1.69876e-32  -1.96988e-20   1.86249e-33  -2.40562e-21   1.91632e-34  -2.72049e-22   1.84746e-35   -2.8497e-23   1.66577e-36  -2.76325e-24   1.40162e-37   -2.4771e-25   1.09776e-38  -2.04884e-26   7.97906e-40  -1.55939e-27   5.36357e-41  -1.08845e-28   3.32078e-42  -6.93779e-30   1.88456e-43  -4.01699e-31   9.74673e-45  -2.09891e-32   4.56211e-46  -9.81534e-34   1.91616e-47  -4.06453e-35   7.14572e-49  -1.46949e-36     2.334e-50  -4.54777e-38   6.55786e-52  -1.16946e-39   1.54554e-53  -2.37444e-41   2.94093e-55  -3.40468e-43   4.22901e-57  -2.20135e-45   3.95684e-59    3.4228e-47   1.14483e-61   1.12478e-48  -2.30659e-63   1.29202e-50  -2.62871e-65   5.04146e-53
   0.00251075  -1.53553e-16   -0.00671064   6.28418e-16    -0.0227439   1.97694e-16     0.0150587  -8.44648e-16     0.0355825  -9.31081e-16     0.0187849  -2.94608e-16   -0.00411499   3.39988e-16    -0.0147722   5.31498e-16     -0.014278   3.54774e-16   -0.00946662   1.07072e-16   -0.00492127  -3.54997e-17   -0.00206492  -6.74997e-17  -0.000671793  -4.75447e-17  -0.000132235  -2.10329e-17   2.17528e-05  -4.69863e-18   4.02913e-05   1.63229e-18   2.67876e-05   2.64135e-18   1.33939e-05   1.90099e-18    5.6569e-06   1.03622e-18   2.09855e-06   4.76631e-19   6.93878e-07   1.93239e-19   2.04882e-07   7.06368e-20   5.35024e-08    2.3593e-20   1.20037e-08   7.26224e-21   2.13112e-09   2.07239e-21   2.05288e-10   5.50633e-22  -4.52528e-11   1.36665e-22   -3.4896e-11   3.17651e-23    -1.346e-11   6.92759e-24  -4.08402e-12    1.4197e-24  -1.07053e-12   2.73692e-25  -2.51264e-13   4.96716e-26  -5.37379e-14   8.49049e-27  -1.05749e-14   1.36718e-27  -1.92596e-15   2.07388e-28  -3.25815e-16   2.96291e-29  -5.13108e-17   3.98522e-30    -7.532e-18   5.04307e-31  -1.03113e-18   5.99854e-32  -1.31647e-19   6.69867e-33  -1.56666e-20   7.01294e-34  -1.73608e-21   6.87114e-35  -1.78881e-22   6.28735e-36  -1.71042e-23   5.35937e-37  -1.51387e-24   4.24264e-38  -1.23631e-25   3.10761e-39  -9.27838e-27   2.09664e-40  -6.36632e-28   1.29568e-41  -3.96721e-29   7.28189e-43  -2.22526e-30   3.68679e-44  -1.10942e-31   1.65946e-45  -4.82245e-33   6.50899e-47  -1.76767e-34   2.14974e-48  -5.08688e-36   5.55783e-50  -9.05936e-38   8.83004e-52   7.44933e-40  -6.79343e-54   1.41947e-40  -1.11036e-54   6.77093e-42  -4.63023e-56   2.12243e-43   -1.2521e-57   4.80063e-45  -2.38816e-59   7.73793e-47  -3.11939e-61    8.2021e-49  -2.46424e-63    4.5914e-51  -7.69568e-66
 -1.80534e-16    0.00375466  -7.68164e-17    -0.0134855   5.26201e-16    -0.0175929  -3.53488e-17     0.0172526  -9.31081e-16     0.0337419  -9.72224e-16     0.0200238  -3.21212e-16  -0.000539377   2.84641e-16    -0.0120716   4.44352e-16    -0.0136412   2.83651e-16    -0.0102854   7.96781e-17   -0.00621314  -2.99584e-17   -0.00321021  -5.11358e-17   -0.00146718  -3.40606e-17  -0.000606423  -1.38986e-17  -0.000231079  -2.27309e-18  -8.29593e-05   1.81066e-18  -2.88441e-05   2.16611e-18  -1.00261e-05   1.44274e-18  -3.57458e-06   7.50736e-19   -1.3145e-06   3.32871e-19  -4.90215e-07   1.30587e-19  -1.80445e-07    4.6256e-20  -6.40075e-08   1.49766e-20  -2.15356e-08   4.46833e-21   -6.8129e-09   1.23547e-21  -2.01828e-09   3.17893e-22  -5.59071e-10   7.63595e-23  -1.44783e-10   1.71646e-23  -3.50694e-11    3.6174e-24   -7.9501e-12   7.15737e-25  -1.68781e-12   1.33084e-25  -3.35741e-13   2.32692e-26  -6.25985e-14    3.8268e-27   -1.0941e-14   5.91952e-28  -1.79246e-15   8.61025e-29  -2.75162e-16   1.17704e-29  -3.95557e-17   1.51095e-30   -5.3201e-18   1.81915e-31  -6.68617e-19   2.05089e-32   -7.8391e-20   2.16058e-33  -8.55578e-21   2.12138e-34  -8.66892e-22   1.93476e-35  -8.12522e-23   1.63187e-36  -7.01173e-24   1.26534e-37  -5.53545e-25   8.94429e-39  -3.96133e-26   5.69156e-40  -2.53386e-27   3.19301e-41  -1.41426e-28   1.51672e-42  -6.55834e-30   5.50469e-44  -2.20173e-31   9.13823e-46  -1.83389e-33   -6.8069e-47   4.58373e-34  -8.68027e-48   4.72578e-35  -6.02193e-49   3.05829e-36  -3.17281e-50   1.53517e-37  -1.36057e-51   6.28417e-39  -4.83265e-53   2.11957e-40  -1.41758e-54   5.84372e-42  -3.37761e-56   1.28784e-43  -6.33683e-58   2.17926e-45  -8.87622e-60   2.63751e-47  -8.41589e-62    1.9783e-49  -4.29951e-64   5.94868e-52
   0.00112597  -2.12623e-16    0.00205157    7.6334e-17    -0.0175755   4.55077e-16    -0.0125501  -2.00819e-16     0.0187849  -9.72224e-16     0.0325057  -9.24586e-16     0.0211683  -2.97178e-16    0.00280725   2.19512e-16   -0.00898607   3.33811e-16    -0.0121231    2.0049e-16    -0.0101675   4.86896e-17   -0.00678905  -2.61056e-17   -0.00390868  -3.67239e-17   -0.00201953  -2.25335e-17   -0.00096009  -8.18726e-18   -0.00042737  -6.19133e-19   -0.00018038   1.68261e-18  -7.28009e-05   1.62105e-18  -2.82264e-05   9.99608e-19  -1.05259e-05   4.94505e-19   -3.7699e-06   2.10383e-19  -1.29288e-06   7.95003e-20  -4.23049e-07   2.71694e-20  -1.31622e-07   8.49197e-21  -3.88237e-08   2.44577e-21  -1.08316e-08   6.52533e-22  -2.85344e-09   1.61905e-22  -7.08895e-10   3.74673e-23  -1.65934e-10   8.10461e-24  -3.65704e-11   1.64132e-24  -7.58416e-12   3.11537e-25  -1.47919e-12   5.54553e-26  -2.71152e-13   9.25899e-27  -4.66818e-14   1.44958e-27  -7.54097e-15   2.12648e-28  -1.14166e-15   2.91933e-29  -1.61736e-16   3.74382e-30  -2.13982e-17   4.47303e-31  -2.63699e-18   4.95988e-32  -3.01629e-19   5.07561e-33  -3.18688e-20   4.75315e-34  -3.08855e-21   4.01804e-35  -2.71643e-22   2.99113e-36  -2.12966e-23   1.85796e-37  -1.43762e-24     8.149e-39  -7.67337e-26   1.29321e-41  -2.25046e-27  -4.78799e-41   1.32101e-28  -6.77093e-42   3.03436e-29  -6.59434e-43   3.31238e-30  -5.24699e-44   2.75793e-31  -3.58347e-45   1.91759e-32  -2.13934e-46   1.14738e-33  -1.12301e-47   5.96833e-35   -5.1794e-49   2.70108e-36  -2.08747e-50   1.05801e-37  -7.28182e-52    3.5497e-39  -2.16745e-53   1.00383e-40  -5.39417e-55   2.33675e-42  -1.09002e-56   4.32206e-44  -1.71087e-58   6.00517e-46  -1.93787e-60   5.66991e-48  -1.37055e-62   2.89037e-50  -3.91223e-65
 -1.20662e-17       0.00276  -1.43138e-16    -0.0019014    2.6276e-16    -0.0189743   4.15018e-16   -0.00807106  -2.94608e-16     0.0200238  -9.24586e-16     0.0317561  -7.98956e-16     0.0223557  -2.49595e-16    0.00606607    1.4674e-16   -0.00554258   2.17639e-16   -0.00979379   1.17922e-16     -0.009102    1.7493e-17   -0.00655029  -2.56331e-17    -0.0040274  -2.70196e-17   -0.00221014  -1.49491e-17   -0.00110918  -4.87609e-18  -0.000516703  -6.77088e-20   -0.00022553   1.20008e-18  -9.27579e-05    1.0371e-18  -3.60598e-05   6.03896e-19  -1.32677e-05   2.85472e-19  -4.62108e-06   1.16548e-19  -1.52288e-06   4.23282e-20  -4.74484e-07   1.39061e-20  -1.39647e-07   4.17618e-21  -3.87902e-08   1.15445e-21  -1.01614e-08   2.95182e-22  -2.50849e-09   7.00494e-23   -5.8317e-10   1.54649e-23  -1.27583e-10   3.18114e-24  -2.62459e-11    6.1016e-25  -5.07216e-12   1.09124e-25  -9.19767e-13    1.8181e-26  -1.56265e-13   2.81619e-27  -2.48241e-14   4.04147e-28   -3.6774e-15   5.34287e-29  -5.06087e-16    6.4457e-30   -6.4351e-17   6.97813e-31  -7.49747e-18   6.55346e-32  -7.89491e-19   4.89825e-33   -7.3257e-20    1.9876e-34  -5.66113e-21  -1.87212e-35  -3.03724e-22  -6.06798e-36   1.34657e-24  -9.82717e-37   3.26232e-24  -1.24427e-37   5.74739e-25  -1.34899e-38   7.17244e-26  -1.29448e-39   7.42073e-27  -1.11557e-40   6.67919e-28  -8.69053e-42   5.33281e-29  -6.13369e-43   3.80809e-30  -3.92034e-44   2.43824e-31  -2.26345e-45   1.39843e-32  -1.17547e-46   7.15872e-34  -5.45765e-48   3.25131e-35  -2.24721e-49   1.29903e-36  -8.11949e-51   4.51346e-38  -2.53887e-52   1.34279e-39  -6.74466e-54   3.34906e-41  -1.48415e-55   6.79602e-43  -2.60808e-57   1.07275e-44  -3.45759e-59    1.2231e-46  -3.12679e-61   8.70932e-49  -1.53234e-63   2.50155e-51
  0.000301367  -2.74752e-17    0.00347304  -1.86264e-18   -0.00632827   4.30891e-16    -0.0185414   3.82385e-16   -0.00411499  -3.21212e-16     0.0211683  -7.98956e-16     0.0314466  -6.38671e-16     0.0236921  -2.07848e-16    0.00935191   6.58066e-17   -0.00176293   1.05025e-16   -0.00675679   4.11908e-17   -0.00717702  -1.35324e-17   -0.00553225  -3.00013e-17   -0.00356282  -2.32826e-17   -0.00202162  -1.18456e-17   -0.00103808  -4.01594e-18   -0.00048984  -5.02982e-19  -0.000214404   4.74615e-19  -8.75547e-05   4.77558e-19  -3.34764e-05   2.80976e-19  -1.20096e-05   1.30236e-19  -4.04725e-06   5.15088e-20  -1.28199e-06   1.79944e-20   -3.8175e-07   5.65513e-21  -1.06859e-07     1.616e-21  -2.81088e-08   4.22603e-22  -6.94471e-09   1.01513e-22  -1.61035e-09   2.24333e-23  -3.50094e-10   4.55882e-24  -7.12535e-11   8.49476e-25  -1.35484e-11   1.44201e-25  -2.39965e-12   2.20129e-26  -3.94183e-13   2.94145e-27  -5.96553e-14   3.22026e-28  -8.22787e-15   2.25934e-29   -1.0143e-15  -1.04496e-30  -1.07318e-16  -7.94899e-31  -8.71921e-18  -1.94974e-31  -2.83354e-19  -3.60232e-32   7.71714e-20  -5.66751e-33   2.27313e-20  -7.92033e-34   4.06942e-21   -1.0021e-34   5.88778e-22  -1.15907e-35    7.3945e-23  -1.23188e-36   8.29067e-24  -1.20608e-37   8.40759e-25  -1.08864e-38   7.76072e-26  -9.05531e-40   6.53808e-27  -6.93131e-41   5.02916e-28  -4.87096e-42   3.52781e-29  -3.13268e-43   2.25089e-30  -1.83627e-44   1.30128e-31  -9.75963e-46   6.78112e-33   -4.6734e-47   3.16405e-34  -2.00026e-48   1.31068e-35  -7.57668e-50   4.76811e-37  -2.50807e-51   1.50208e-38  -7.13795e-53   4.02231e-40  -1.70881e-54   8.92585e-42  -3.33788e-56   1.58234e-43  -5.08431e-58   2.11661e-45  -5.60649e-60   1.93113e-47  -3.86972e-62   9.54273e-50  -1.07999e-64
  2.59577e-17    0.00129125  -2.23582e-17    0.00252792   1.62071e-16    -0.0100256   5.39561e-16    -0.0169996   3.39988e-16  -0.000539377  -2.97178e-16     0.0223557  -6.38671e-16     0.0315678   -4.9276e-16     0.0252516  -1.94299e-16     0.0127257  -2.40733e-17    0.00228118  -5.20154e-19   -0.00319415  -2.85696e-17    -0.0046011  -4.46263e-17   -0.00391087  -3.91753e-17   -0.00264046  -2.48661e-17   -0.00153496  -1.23539e-17  -0.000795755  -4.89718e-18  -0.000374832  -1.49735e-18    -0.0001622  -2.93574e-19  -6.49214e-05    1.3354e-20  -2.41399e-05   4.63211e-20  -8.36153e-06   2.72391e-20  -2.70244e-06   1.13442e-20  -8.15665e-07   3.86889e-21  -2.29949e-07   1.12914e-21  -6.05228e-08    2.8537e-22  -1.48548e-08   6.18369e-23  -3.39296e-09   1.09842e-23  -7.18777e-10   1.35498e-24  -1.40462e-10  -2.34024e-27  -2.50929e-11  -6.85382e-26  -4.03242e-12  -2.76387e-26  -5.64188e-13  -7.86988e-27   -6.3262e-14  -1.87442e-27  -3.96815e-15  -3.94077e-28   4.99802e-16  -7.49199e-29   2.55634e-16  -1.30461e-29   6.34293e-17  -2.09645e-30   1.23413e-17  -3.12326e-31   2.07154e-18  -4.32602e-32    3.1081e-19  -5.58016e-33   4.23836e-20  -6.70846e-34   5.29891e-21  -7.51734e-35   6.10235e-22  -7.84831e-36    6.4887e-23  -7.62698e-37   6.37582e-24  -6.88944e-38   5.78795e-25  -5.77374e-39   4.84883e-26  -4.47861e-40    3.7415e-27  -3.20612e-41   2.65216e-28  -2.11076e-42   1.72112e-29  -1.27259e-43   1.01817e-30  -6.99087e-45   5.46171e-32   -3.4779e-46   2.63951e-33  -1.55537e-47   1.14007e-34  -6.19628e-49   4.35744e-36  -2.17414e-50    1.4553e-37  -6.62262e-52   4.17841e-39  -1.71845e-53   1.00913e-40    -3.702e-55   1.98855e-42  -6.38124e-57   3.05566e-44  -8.31178e-59   3.39874e-46  -7.39488e-61   2.36537e-48   -3.5689e-63   6.65114e-51
 -7.44614e-06   1.66171e-17    0.00235877   7.95478e-18   0.000258262   2.99867e-16    -0.0125731   5.70731e-16    -0.0147722   2.84641e-16    0.00280725  -2.49595e-16     0.0236921   -4.9276e-16     0.0321167  -3.96566e-16     0.0270528  -2.18538e-16     0.0161573  -1.20914e-16    0.00642193  -9.69976e-17   0.000607233  -9.06592e-17     -0.001698   -7.4653e-17   -0.00197383  -5.11483e-17   -0.00147744   -2.9564e-17  -0.000894947  -1.47408e-17  -0.000469285  -6.46804e-18  -0.000219459  -2.54348e-18  -9.29753e-05  -9.13659e-19  -3.60069e-05  -3.06471e-19  -1.28131e-05  -9.83891e-20  -4.20069e-06  -3.09509e-20  -1.26955e-06  -9.69147e-21  -3.53209e-07   -3.0283e-21  -9.01039e-08  -9.35218e-22  -2.09093e-08  -2.81116e-22  -4.34641e-09  -8.10617e-23  -7.83434e-10  -2.21851e-23  -1.12505e-10  -5.72434e-24  -8.79901e-12   -1.3875e-24   1.59763e-12  -3.15416e-25   1.00793e-12  -6.72164e-26   3.19778e-13  -1.34301e-26   8.00352e-14    -2.517e-27   1.73437e-14  -4.42665e-28   3.37123e-15  -7.30817e-29   5.97911e-16  -1.13282e-29   9.76676e-17  -1.64866e-30   1.47741e-17  -2.25234e-31   2.07636e-18  -2.88729e-32   2.71613e-19  -3.47071e-33   3.31004e-20  -3.90863e-34   3.75851e-21  -4.11906e-35   3.97479e-22   -4.0561e-36   3.91131e-23  -3.72558e-37   3.57623e-24  -3.18524e-38   3.03252e-25  -2.52857e-39   2.37918e-26  -1.85834e-40   1.72198e-27  -1.26007e-41   1.14572e-28  -7.85107e-43   6.97831e-30  -4.47353e-44   3.87117e-31  -2.31787e-45   1.94407e-32  -1.08464e-46   8.77304e-34  -4.54613e-48   3.52552e-35  -1.68938e-49   1.24745e-36  -5.49504e-51   3.83087e-38  -1.53886e-52   1.00198e-39  -3.62963e-54   2.17553e-41  -6.99301e-56   3.77928e-43  -1.05166e-57   4.96059e-45  -1.14588e-59   4.44647e-47  -7.82011e-62   2.16104e-49  -2.15891e-64
  8.11639e-18    0.00041724  -9.01631e-18    0.00276645   5.33473e-17   -0.00260191   3.79738e-16    -0.0139562   5.31498e-16    -0.0120716   2.19512e-16    0.00606607  -2.07848e-16     0.0252516  -3.96566e-16     0.0330574  -3.63564e-16     0.0290235  -2.76673e-16     0.0194942  -2.18487e-16     0.0103776  -1.81104e-16    0.00426916  -1.42799e-16    0.00113999  -1.00677e-16  -5.57578e-05  -6.26026e-17  -0.000318334  -3.45738e-17  -0.000258711  -1.71776e-17  -0.000148859  -7.78314e-18  -7.04357e-05  -3.25818e-18  -2.87074e-05  -1.27506e-18  -1.02376e-05  -4.70979e-19  -3.19001e-06  -1.65307e-19   -8.5031e-07  -5.53265e-20  -1.81355e-07  -1.76728e-20  -2.34008e-08  -5.38277e-21   3.15811e-09  -1.56045e-21   3.68332e-09  -4.29683e-22   1.69435e-09  -1.12171e-22   5.96208e-10  -2.77183e-23   1.79596e-10  -6.47564e-24   4.82578e-11  -1.42904e-24   1.17986e-11  -2.97704e-25   2.65409e-12   -5.8522e-26   5.53075e-13  -1.08522e-26   1.07239e-13  -1.89787e-27   1.94045e-14  -3.12927e-28   3.28305e-15  -4.86291e-29   5.20023e-16  -7.11916e-30   7.71696e-17  -9.81278e-31   1.07317e-17  -1.27256e-31   1.39847e-18  -1.55134e-32   1.70691e-19  -1.77588e-33   1.94997e-20  -1.90654e-34   2.08279e-21  -1.91664e-35   2.07719e-22  -1.80106e-36   1.93102e-23  -1.57874e-37   1.66991e-24  -1.28776e-38   1.34008e-25  -9.74742e-40   9.95064e-27  -6.82422e-41   6.81352e-28  -4.40221e-42   4.28497e-29  -2.60498e-43   2.46328e-30  -1.40658e-44    1.2871e-31  -6.88698e-46   6.07148e-33  -3.03473e-47   2.56434e-34  -1.19245e-48   9.59934e-36  -4.13065e-50   3.14445e-37  -1.24321e-51   8.86623e-39  -3.18986e-53   2.10524e-40  -6.79979e-55   4.08289e-42  -1.16056e-56   6.18039e-44  -1.49761e-58   6.77762e-46  -1.32063e-60   4.65419e-48  -6.31937e-63   1.29221e-50
 -7.05794e-05  -3.45334e-18    0.00114841  -3.43856e-17    0.00220582   9.61576e-17   -0.00542368    3.9395e-16     -0.014278   4.44352e-16   -0.00898607    1.4674e-16    0.00935191  -1.94299e-16     0.0270528  -3.63564e-16     0.0342768  -3.86713e-16     0.0309707  -3.54647e-16     0.0224581  -3.07063e-16     0.0137814   -2.4778e-16    0.00738286  -1.81332e-16    0.00353288  -1.19038e-16    0.00154372  -7.02516e-17   0.000632462  -3.75666e-17   0.000251259  -1.83716e-17   0.000100337  -8.28987e-18   4.12248e-05  -3.47861e-18   1.73739e-05  -1.36613e-18   7.32845e-06  -5.04481e-19   3.00602e-06  -1.75704e-19   1.17362e-06  -5.78141e-20   4.30802e-07  -1.79855e-20   1.47834e-07  -5.29109e-21   4.73374e-08   -1.4719e-21   1.41452e-08  -3.87138e-22   3.94831e-09  -9.62577e-23    1.0308e-09  -2.26215e-23   2.52039e-10  -5.02409e-24   5.77867e-11  -1.05435e-24   1.24368e-11  -2.09042e-25   2.51466e-12  -3.91507e-26   4.77996e-13  -6.92485e-27   8.54555e-14  -1.15647e-27   1.43725e-14  -1.82285e-28    2.2742e-15  -2.71058e-29   3.38504e-16  -3.80023e-30   4.73795e-17  -5.01969e-31   6.23269e-18  -6.24143e-32   7.70009e-19  -7.29748e-33    8.9255e-20  -8.01312e-34   9.69545e-21  -8.25153e-35   9.85541e-22   -7.9548e-36   9.35851e-23  -7.16519e-37   8.28484e-24  -6.01637e-38   6.82146e-25  -4.69679e-39   5.20934e-26  -3.39855e-40   3.67787e-27  -2.27126e-41   2.39153e-28  -1.39609e-42   1.42592e-29   -7.8545e-44   7.75483e-31  -4.02139e-45   3.82295e-32  -1.86077e-46   1.69553e-33  -7.71701e-48   6.70362e-35  -2.83915e-49   2.33592e-36  -9.14795e-51   7.07073e-38  -2.53901e-52   1.82434e-39  -5.93808e-54   3.91025e-41  -1.13491e-55   6.71022e-43  -1.69379e-57   8.70602e-45  -1.83216e-59   7.71807e-47  -1.24165e-61   3.71188e-49  -3.40455e-64
 -3.71579e-18   5.91527e-05  -2.97659e-17    0.00178966  -4.89599e-17   0.000805657   1.21433e-16   -0.00779523   3.54774e-16    -0.0136412   3.33811e-16   -0.00554258   6.58066e-17     0.0127257  -2.18538e-16     0.0290235  -3.86713e-16     0.0355504  -4.45341e-16     0.0325825   -4.3358e-16     0.0246899  -3.75871e-16     0.0162584  -2.91734e-16    0.00960108  -2.02885e-16    0.00520108  -1.27001e-16    0.00262979  -7.20732e-17    0.00125724  -3.73709e-17   0.000573199  -1.78342e-17   0.000250274  -7.88307e-18   0.000104704  -3.24467e-18   4.18841e-05  -1.24885e-18   1.59678e-05  -4.50887e-19    5.7817e-06  -1.53039e-19    1.9825e-06   -4.8906e-20   6.42352e-07  -1.47298e-20   1.96384e-07  -4.18434e-21   5.66049e-08  -1.12177e-21   1.53762e-08  -2.83933e-22   3.93602e-09  -6.78767e-23   9.49552e-10  -1.53296e-23    2.1593e-10  -3.27132e-24   4.62944e-11  -6.59683e-25   9.35926e-12  -1.25711e-25   1.78443e-12   -2.2636e-26   3.20859e-13  -3.85073e-27   5.44061e-14  -6.18702e-28   8.69783e-15  -9.38512e-29   1.31056e-15  -1.34334e-29   1.86027e-16  -1.81314e-30   2.48594e-17  -2.30576e-31   3.12496e-18  -2.75999e-32   3.69153e-19    -3.106e-33   4.09313e-20  -3.28168e-34   4.25379e-21  -3.25007e-35    4.1366e-22  -3.01151e-36   3.75675e-23  -2.60515e-37   3.17908e-24  -2.09875e-38   2.50019e-25  -1.57009e-39   1.82182e-26  -1.08711e-40   1.22563e-27  -6.93968e-42   7.58121e-29  -4.06589e-43   4.29078e-30  -2.17479e-44   2.20931e-31  -1.05533e-45   1.02781e-32  -4.61072e-47   4.28446e-34  -1.79702e-48   1.58403e-35  -6.17679e-50   5.12796e-37  -1.84534e-51   1.42979e-38  -4.70152e-53   3.35895e-40  -9.95496e-55    6.4485e-42  -1.68819e-56   9.66722e-44  -2.16514e-58   1.05038e-45  -1.89801e-60   7.14954e-48  -9.03028e-63   1.96833e-50
 -5.64585e-05  -1.30347e-17   0.000432694  -5.96411e-17    0.00197519  -5.19062e-17   -0.00109568   1.23749e-16   -0.00946662   2.83651e-16    -0.0121231   2.17639e-16   -0.00176293  -2.40733e-17     0.0161573  -2.76673e-16     0.0309707  -4.45341e-16     0.0365423  -5.13614e-16     0.0334786  -4.95278e-16     0.0258398  -4.16223e-16     0.0175283  -3.09714e-16     0.0107267  -2.06196e-16    0.00602614  -1.23959e-16    0.00314494  -6.78541e-17    0.00153667  -3.40655e-17    0.00070636   -1.5782e-17   0.000306241   -6.7817e-18   0.000125361  -2.71436e-18   4.84629e-05  -1.01532e-18   1.76889e-05  -3.55853e-19   6.09378e-06  -1.17094e-19   1.98077e-06  -3.62295e-20   6.07384e-07   -1.0553e-20   1.75694e-07  -2.89666e-21   4.79451e-08  -7.49864e-22    1.2345e-08  -1.83197e-22    2.9997e-09  -4.22606e-23   6.88007e-10  -9.20893e-24   1.48975e-10   -1.8961e-24   3.04573e-11  -3.68944e-25   5.87969e-12  -6.78467e-26   1.07174e-12  -1.17906e-26   1.84437e-13  -1.93598e-27   2.99585e-14  -3.00251e-28    4.5915e-15  -4.39634e-29   6.63649e-16  -6.07382e-30   9.04054e-17  -7.91175e-31   1.15979e-17  -9.70794e-32   1.39983e-18  -1.12087e-32   1.58775e-19  -1.21617e-33   1.69011e-20  -1.23822e-34   1.68571e-21  -1.18089e-35   1.57248e-22  -1.05281e-36   1.36899e-23  -8.75417e-38   1.10956e-24  -6.77076e-39   8.34843e-26  -4.85593e-40   5.81194e-27  -3.21782e-41   3.72933e-28  -1.96195e-42   2.19573e-29  -1.09528e-43   1.17996e-30  -5.56621e-45   5.75123e-32  -2.55734e-46   2.52334e-33  -1.05337e-47   9.87441e-35  -3.85018e-49   3.40721e-36   -1.2328e-50   1.02173e-37  -3.40111e-52   2.61272e-39  -7.90858e-54   5.55238e-41  -1.50319e-55   9.45053e-43  -2.23158e-57   1.21656e-44  -2.40161e-59   1.07043e-46  -1.61955e-61   5.11111e-49  -4.41935e-64
  -3.7163e-18  -3.92211e-05  -2.90992e-17   0.000905835  -8.23877e-17    0.00155529  -4.79521e-17   -0.00311992   1.07072e-16    -0.0102854    2.0049e-16   -0.00979379   1.05025e-16    0.00228118  -1.20914e-16     0.0194942  -3.54647e-16     0.0325825  -5.13614e-16     0.0368563  -5.67937e-16     0.0333062  -5.26623e-16     0.0256773  -4.24088e-16     0.0174927  -3.02184e-16     0.0107602  -1.93008e-16    0.00606137  -1.11627e-16    0.00315657  -5.89407e-17    0.00152935  -2.86022e-17   0.000692267  -1.28259e-17   0.000293579   -5.3386e-18   0.000116859  -2.07017e-18   4.37159e-05  -7.50102e-19   1.53833e-05  -2.54569e-19   5.09581e-06  -8.10773e-20   1.58999e-06  -2.42706e-20   4.67562e-07  -6.83769e-21   1.29648e-07  -1.81491e-21    3.3914e-08  -4.54262e-22   8.37261e-09  -1.07296e-22    1.9515e-09  -2.39299e-23   4.29566e-10   -5.0416e-24   8.93176e-11  -1.00369e-24   1.75447e-11  -1.88843e-25   3.25587e-12  -3.35809e-26   5.70779e-13  -5.64329e-27   9.45071e-14  -8.96026e-28   1.47748e-14  -1.34369e-28   2.17993e-15  -1.90214e-29   3.03374e-16  -2.54018e-30   3.97929e-17  -3.19747e-31   4.91513e-18  -3.78995e-32   5.71083e-19  -4.22507e-33   6.23368e-20  -4.42385e-34   6.38303e-21   -4.3434e-35    6.1206e-22  -3.99121e-36   5.48502e-23  -3.42519e-37   4.58327e-24  -2.73831e-38   3.56144e-25  -2.03351e-39   2.56561e-26  -1.39806e-40   1.70731e-27  -8.86413e-42   1.04517e-28  -5.15955e-43   5.85709e-30  -2.74246e-44    2.9874e-31  -1.32275e-45   1.37729e-32  -5.74549e-47   5.69187e-34  -2.22675e-48   2.08704e-35  -7.61256e-50   6.70302e-37  -2.26247e-51   1.85481e-38  -5.73546e-53   4.32583e-40  -1.20859e-54   8.24686e-42  -2.04008e-56   1.22805e-43  -2.60481e-58   1.32576e-45  -2.27362e-60   8.96813e-48   -1.0772e-62   2.45433e-50
 -3.24149e-05  -8.25976e-18   0.000117197  -4.74761e-17    0.00124042  -9.30655e-17   0.000594048  -4.17452e-17   -0.00492127   7.96781e-17    -0.0101675   1.17922e-16   -0.00675679  -5.20154e-19    0.00642193  -2.18487e-16     0.0224581   -4.3358e-16     0.0334786  -5.67937e-16     0.0361326  -5.91973e-16     0.0318515  -5.22064e-16      0.024176  -4.01204e-16     0.0162701   -2.7359e-16    0.00988738    -1.677e-16    0.00549178  -9.33098e-17    0.00281123  -4.74928e-17    0.00133403  -2.22487e-17   0.000589305  -9.64106e-18   0.000243085  -3.88035e-18   9.38496e-05   -1.4555e-18   3.39743e-05   -5.1022e-19   1.15492e-05  -1.67533e-19   3.69122e-06  -5.16248e-20   1.11033e-06  -1.49526e-20   3.14624e-07  -4.07608e-21   8.40467e-08  -1.04693e-21   2.11801e-08  -2.53594e-22   5.03791e-09  -5.79736e-23   1.13158e-09  -1.25154e-23   2.40091e-10  -2.55252e-24   4.81313e-11  -4.91954e-25   9.11775e-12  -8.96131e-26   1.63214e-12  -1.54281e-26    2.7605e-13  -2.51005e-27   4.41032e-14  -3.85802e-28   6.65337e-15  -5.59977e-29   9.47278e-16  -7.67095e-30   1.27201e-16  -9.91016e-31   1.60961e-17  -1.20634e-31    1.9175e-18  -1.38212e-32   2.14796e-19   -1.4885e-33   2.25938e-20  -1.50462e-34   2.22803e-21  -1.42501e-35   2.05595e-22  -1.26196e-36   1.77142e-23  -1.04256e-37   1.42157e-24  -8.01326e-39   1.05951e-25   -5.7125e-40   7.30938e-27  -3.76347e-41   4.64962e-28  -2.28179e-42   2.71488e-29  -1.26694e-43   1.44735e-30  -6.40494e-45   7.00077e-32  -2.92783e-46   3.04911e-33   -1.2001e-47   1.18481e-34  -4.36581e-49   4.06066e-36  -1.39154e-50   1.20979e-37  -3.82222e-52   3.07434e-39   -8.8502e-54   6.49421e-41  -1.67531e-55   1.09898e-42  -2.47733e-57   1.40686e-44  -2.65599e-59   1.23125e-46   -1.7845e-61   5.84869e-49  -4.85192e-64
 -1.06303e-18  -4.42769e-05  -1.51511e-17   0.000385433  -6.22405e-17    0.00124977  -9.20654e-17  -0.000703636  -3.54997e-17   -0.00621314   4.86896e-17     -0.009102   4.11908e-17   -0.00319415  -9.69976e-17     0.0103776  -3.07063e-16     0.0246899  -4.95278e-16     0.0333062  -5.91973e-16     0.0341586  -5.78921e-16     0.0291216  -4.83893e-16     0.0215375   -3.5438e-16     0.0141633  -2.31182e-16    0.00841389  -1.35964e-16     0.0045642  -7.27518e-17    0.00227818  -3.56715e-17     0.0010522   -1.6119e-17   0.000451569  -6.74402e-18   0.000180671   -2.6226e-18   6.75646e-05  -9.50966e-19   2.36663e-05  -3.22381e-19   7.77828e-06  -1.02401e-19   2.40225e-06   -3.0533e-20   6.98029e-07   -8.5593e-21   1.91035e-07  -2.25878e-21    4.9286e-08  -5.61759e-22   1.19959e-08  -1.31782e-22   2.75617e-09  -2.91812e-23   5.98065e-10  -6.10287e-24   1.22607e-10  -1.20592e-24   2.37519e-11  -2.25198e-25   4.34856e-12  -3.97475e-26   7.52384e-13  -6.63034e-27   1.23001e-13   -1.0451e-27   1.89945e-14  -1.55606e-28    2.7695e-15  -2.18742e-29   3.81047e-16  -2.90126e-30   4.94351e-17  -3.62775e-31   6.04198e-18  -4.27223e-32   6.94923e-19  -4.73287e-33   7.51191e-20  -4.92539e-34   7.62021e-21  -4.80728e-35   7.24154e-22  -4.39222e-36   6.43377e-23  -3.74845e-37   5.33165e-24  -2.98067e-38   4.11011e-25  -2.20198e-39   2.93829e-26  -1.50627e-40     1.941e-27  -9.50368e-42   1.17985e-28  -5.50573e-43   6.56709e-30   -2.9131e-44   3.32772e-31  -1.39884e-45   1.52457e-32     -6.05e-47   6.26254e-34  -2.33506e-48   2.28295e-35  -7.95083e-50   7.29125e-37  -2.35384e-51   2.00671e-38  -5.94477e-53   4.65581e-40  -1.24817e-54   8.83156e-42  -2.09956e-56   1.30878e-43  -2.67173e-58   1.40633e-45  -2.32444e-60   9.47053e-48  -1.09779e-62    2.5806e-50
