 0.000112064 -2.10927e-21 -0.000796282  2.70763e-20   0.00190951 -3.71214e-20  -0.00205325 -2.62994e-20  0.000546793  8.67117e-20  0.000793103 -4.37082e-20 -0.000458773 -2.81212e-20 -0.000257692  2.61908e-20  0.000144508  1.03656e-20  6.50819e-05 -6.57966e-21 -6.87373e-06
-2.10927e-21   0.00116938 -2.14278e-20  -0.00442603  9.45375e-20   0.00717905 -1.13412e-20  -0.00478382 -2.04535e-19 -0.000895955  1.99418e-19   0.00269122  3.90877e-20 -0.000171343 -1.41017e-19 -0.000951755  2.00441e-20   3.8981e-05   4.2471e-20  0.000157367 -5.32948e-21
-0.000796282 -2.14278e-20   0.00568661 -5.51705e-20   -0.0137912  2.40254e-20    0.0152274  3.85317e-19  -0.00464435 -6.31116e-19  -0.00559182  1.80163e-19   0.00393784   3.1894e-19   0.00156899 -2.51259e-19   -0.0013875 -5.83432e-20 -0.000369082  5.62999e-20  0.000126719
 2.70763e-20  -0.00442603 -5.51705e-20     0.016949 -4.03551e-21   -0.0282211  -4.9238e-19    0.0202522  1.28467e-18   0.00182138 -1.02271e-18   -0.0110231 -1.47956e-19   0.00227939  6.70823e-19   0.00376506 -2.11316e-19 -0.000940502 -1.50589e-19 -0.000699272  4.71793e-20
  0.00190951  9.45375e-20   -0.0137912 -4.03551e-21    0.0343296  2.42214e-19   -0.0402901 -1.47451e-18    0.0160935  2.24272e-18    0.0120941 -9.38677e-19   -0.0127707 -7.04686e-19  -0.00165167    8.832e-19   0.00479798 -3.20903e-20  2.40008e-05 -1.58697e-19 -0.000661469
-3.71214e-20   0.00717905  2.40254e-20   -0.0282211  2.42214e-19    0.0497927  6.64097e-19   -0.0415036 -2.59377e-18   0.00442113  2.68523e-18    0.0195718 -4.17722e-19   -0.0101294 -1.22399e-18  -0.00526222  8.77327e-19   0.00445991  1.21222e-19  0.000834477 -1.48828e-19
 -0.00205325 -1.13412e-20    0.0152274  -4.9238e-19   -0.0402901  6.64097e-19    0.0539204  1.17579e-18   -0.0324324  -3.4456e-18  -0.00660606  2.56485e-18     0.021565  9.38843e-20  -0.00608877 -1.55092e-18   -0.0073731   7.0647e-19   0.00348854  8.59142e-20    0.0012541
-2.62994e-20  -0.00478382  3.85317e-19    0.0202522 -1.47451e-18   -0.0415036  1.17579e-18    0.0467874  1.64367e-18   -0.0220151 -3.77895e-18   -0.0123462  2.29411e-18    0.0207505  3.63377e-19  -0.00273632 -1.62176e-18  -0.00843099  4.65051e-19   0.00232221   -1.277e-19
 0.000546793 -2.04535e-19  -0.00464435  1.28467e-18    0.0160935 -2.59377e-18   -0.0324324  1.64367e-18    0.0375457  1.88827e-18   -0.0162592 -3.62995e-18   -0.0147402  2.17635e-18    0.0197618   4.8996e-19 -9.99881e-05 -1.34441e-18   -0.0088419  2.54065e-19   0.00101881
 8.67117e-20 -0.000895955 -6.31116e-19   0.00182138  2.24272e-18   0.00442113  -3.4456e-18   -0.0220151  1.88827e-18    0.0326877  1.81656e-18   -0.0139493 -3.22735e-18    -0.016528  2.10249e-18    0.0190414  5.64075e-19   0.00221479 -6.49754e-19  -0.00871035  1.12655e-18
 0.000793103  1.99418e-19  -0.00559182 -1.02271e-18    0.0120941  2.68523e-18  -0.00660606 -3.77895e-18   -0.0162592  1.81656e-18    0.0313003  1.49331e-18   -0.0125218 -2.81781e-18   -0.0183565  1.72295e-18    0.0184311  6.27043e-19   0.00402628  5.65809e-19  -0.00864836
-4.37082e-20   0.00269122  1.80163e-19   -0.0110231 -9.38677e-19    0.0195718  2.56485e-18   -0.0123462 -3.62995e-18   -0.0139493  1.49331e-18    0.0309505  1.15044e-18    -0.011442 -2.55734e-18   -0.0201755  8.27231e-19    0.0183768  4.47825e-19   0.00627625 -6.87149e-19
-0.000458773  3.90877e-20   0.00393784 -1.47956e-19   -0.0127707 -4.17722e-19     0.021565  2.29411e-18   -0.0147402 -3.22735e-18   -0.0125218  1.15044e-18     0.031202  1.09699e-18   -0.0109083 -2.36404e-18   -0.0225794 -1.76305e-19    0.0179131 -8.27215e-19   0.00988724
-2.81212e-20 -0.000171343   3.1894e-19   0.00227939 -7.04686e-19   -0.0101294  9.38843e-20    0.0207505  2.17635e-18    -0.016528 -2.81781e-18    -0.011442  1.09699e-18    0.0324324  1.37991e-18   -0.0104238 -1.88644e-18   -0.0260899 -1.41176e-18    0.0181992 -7.96602e-18
-0.000257692 -1.41017e-19   0.00156899  6.70823e-19  -0.00165167 -1.22399e-18  -0.00608877  3.63377e-19    0.0197618  2.10249e-18   -0.0183565 -2.55734e-18   -0.0109083  1.37991e-18    0.0344148  1.64986e-18   -0.0104316 -1.15586e-18   -0.0271699 -2.50701e-18    0.0212712
 2.61908e-20 -0.000951755 -2.51259e-19   0.00376506    8.832e-19  -0.00526222 -1.55092e-18  -0.00273632   4.8996e-19    0.0190414  1.72295e-18   -0.0201755 -2.36404e-18   -0.0104238  1.64986e-18    0.0373121  1.19456e-18   -0.0123205  2.61459e-18    -0.041089  2.32713e-17
 0.000144508  2.00441e-20   -0.0013875 -2.11316e-19   0.00479798  8.77327e-19   -0.0073731 -1.62176e-18 -9.99881e-05  5.64075e-19    0.0184311  8.27231e-19   -0.0225794 -1.88644e-18   -0.0104316  1.19456e-18    0.0452238 -3.14944e-19   -0.0100107  1.12152e-17   -0.0603154
 1.03656e-20   3.8981e-05 -5.83432e-20 -0.000940502 -3.20903e-20   0.00445991   7.0647e-19  -0.00843099 -1.34441e-18   0.00221479  6.27043e-19    0.0183768 -1.76305e-19   -0.0260899 -1.15586e-18   -0.0123205 -3.14944e-19    0.0538131  7.34819e-19   -0.0135286  2.48018e-17
 6.50819e-05   4.2471e-20 -0.000369082 -1.50589e-19  2.40008e-05  1.21222e-19   0.00348854  4.65051e-19   -0.0088419 -6.49754e-19   0.00402628  4.47825e-19    0.0179131 -1.41176e-18   -0.0271699  2.61459e-18   -0.0100107  7.34819e-19    0.0442769 -2.65598e-17   -0.0198159
-6.57966e-21  0.000157367  5.62999e-20 -0.000699272 -1.58697e-19  0.000834477  8.59142e-20   0.00232221  2.54065e-19  -0.00871035  5.65809e-19   0.00627625 -8.27215e-19    0.0181992 -2.50701e-18    -0.041089  1.12152e-17   -0.0135286 -2.65598e-17     0.198106 -2.45108e-16
-6.87373e-06 -5.32948e-21  0.000126719  4.71793e-20 -0.000661469 -1.48828e-19    0.0012541   -1.277e-19   0.00101881  1.12655e-18  -0.00864836 -6.87149e-19   0.00988724 -7.96602e-18    0.0212712  2.32713e-17   -0.0603154  2.48018e-17   -0.0198159 -2.45108e-16     0.181988
