 1.16275e-35 -1.24601e-51 -7.39358e-36  1.94011e-51 -1.25166e-35  1.15219e-52  3.79271e-36 -2.57761e-51  4.41508e-36  1.30551e-50 -1.20418e-36  1.82149e-50 -4.41735e-37  1.15274e-50 -3.75075e-37  -1.2956e-51   5.6901e-37 -7.63901e-51  9.24187e-37 -5.01509e-51 -6.47181e-37 -1.16405e-51   7.7628e-41 -4.93682e-52 -1.77822e-38 -1.67367e-51   1.0037e-37  1.59038e-51 -1.98101e-38  6.17678e-50 -2.70866e-38  2.23007e-49  2.75759e-38  8.67414e-49 -2.10717e-38  2.83696e-48   3.4414e-39  4.94091e-48  3.42603e-39  5.34745e-48 -3.82013e-40  9.26919e-48 -5.59572e-40  2.39274e-48  9.84968e-40  2.87751e-48  -5.4383e-40  4.97678e-48  1.18779e-40 -2.83483e-48 -5.69488e-41  4.01146e-47  5.27229e-41  9.32555e-47 -1.17765e-41  1.47567e-46 -2.50978e-42   2.2416e-46 -1.33815e-42  1.14104e-46 -3.28866e-43 -1.06994e-46  5.96207e-43 -8.75488e-47 -1.90389e-43 -2.46199e-46  1.56365e-43 -1.70458e-46  -4.5348e-44 -1.90314e-46 -3.62951e-45 -1.18837e-46  1.22408e-45 -6.64515e-47 -8.71357e-46 -2.09074e-47  2.51631e-45 -4.04743e-48 -5.60892e-46 -5.08878e-48 -1.34623e-46  -9.1704e-49 -4.36035e-47  3.41929e-48  3.04314e-47 -1.18878e-49 -2.24521e-47  1.64155e-49  1.03508e-47  1.87876e-49 -6.83318e-49 -2.96343e-51 -3.47531e-49  1.21187e-50  3.32539e-50  3.30368e-51 -5.50927e-51 -3.01127e-52  1.33074e-50  4.47729e-53  -1.4218e-51  4.09435e-54  2.24203e-52 -1.60876e-53 -1.42733e-52  2.68888e-54  4.21369e-53 -1.13241e-54 -4.58061e-54 -1.27163e-55  8.93409e-56  -1.6358e-56  -8.3093e-56 -2.44103e-58 -4.81402e-57  -9.1491e-58  4.57279e-57  5.10646e-58 -2.04412e-57 -3.43518e-58  6.77739e-58   1.5234e-58 -1.06288e-58 -4.20588e-59 -4.70134e-60  4.70479e-60
-1.24601e-51  2.91722e-35 -7.56569e-51 -1.03142e-35  4.46413e-51 -3.47413e-35 -4.09214e-51    8.237e-36 -8.20562e-51  8.96159e-36   2.8586e-50 -1.54514e-36  4.25882e-50 -1.37873e-36   3.1012e-50 -2.19054e-36  -1.6059e-51  1.68547e-36 -1.70671e-50  2.14329e-36 -1.28341e-50 -1.66858e-36 -1.54694e-50  5.36549e-37 -2.17984e-50 -3.99223e-37 -1.99644e-50  2.91395e-37  3.65482e-50  9.91397e-39  8.20465e-49 -1.27827e-37  2.72011e-48  1.07578e-37   9.9437e-48 -6.96241e-38  2.98484e-47  1.09651e-38  5.09913e-47  8.91516e-39  5.49898e-47   5.0086e-40  8.63808e-47 -2.58687e-39  2.20948e-47  3.40494e-39  2.91705e-47 -1.56669e-39  1.00318e-46  2.93273e-40  7.60016e-47  -1.8154e-40  5.26864e-46  1.75385e-40  8.95985e-46  -4.8605e-41  1.36603e-45 -4.51905e-43  1.75711e-45 -5.25127e-42  9.62218e-46 -1.73787e-42 -6.96391e-46  2.04295e-42 -5.46747e-46 -4.94665e-43 -1.62186e-45   5.2084e-43 -1.04437e-45 -1.66146e-43 -1.15026e-45 -1.74114e-44 -6.50015e-46  6.18237e-45 -3.52058e-46 -6.48398e-45 -1.06079e-46  1.11759e-44 -1.89906e-47 -2.61699e-45 -2.23336e-47 -3.76839e-46 -4.22744e-48 -1.41615e-46  1.51417e-47  6.54149e-47 -4.38735e-49  -7.7275e-47  6.55775e-49  3.50195e-47  7.31363e-49 -1.06618e-48 -2.24484e-50 -1.57929e-48  4.81017e-50   1.9179e-49  9.25254e-51 -3.30776e-50 -4.37705e-52   5.1931e-50 -6.52614e-53 -6.52837e-51  4.71741e-53  1.02912e-51 -6.11559e-53 -5.12398e-52  1.10308e-53  1.38391e-52 -3.44131e-54 -1.58498e-53 -4.44397e-55  2.51818e-55 -6.03216e-56 -1.51367e-55  9.18702e-57 -5.71073e-56  -1.0994e-56  3.13626e-56  6.91591e-57  -9.3587e-57 -3.60738e-57  6.60282e-58  1.25901e-57  7.08895e-58  -2.3942e-58 -1.73403e-58
-7.39358e-36 -7.56569e-51  5.31479e-35 -2.66338e-50 -1.14916e-35  2.88847e-51  -6.4619e-35  -1.6441e-50  1.26341e-35  -1.9075e-50  1.04958e-35  3.58652e-50  -3.0885e-37  6.36571e-50 -1.30308e-36  5.43532e-50 -6.70164e-36  -5.3656e-51  3.38424e-36 -3.08036e-50  3.52041e-36 -4.08935e-50 -3.24009e-36 -1.41051e-49   1.9119e-36  -2.2966e-49 -1.36838e-36  -1.4939e-49   6.4947e-37  4.77059e-49  1.35455e-37  7.44246e-48 -3.67747e-37  2.29142e-47  2.74615e-37  7.87593e-47 -1.57345e-37  2.17148e-46  2.64913e-38  3.65689e-46  1.43586e-38  3.94282e-46  5.84197e-39  5.71487e-46 -8.42613e-39  1.63551e-46  8.46449e-39  2.44805e-46  -3.0412e-39  9.68832e-46  4.37775e-40  1.00426e-45  -3.8297e-40  4.05247e-45  4.07324e-40  5.67856e-45 -1.30564e-40  8.42805e-45  1.50861e-41  9.35226e-45 -1.28434e-41  5.40471e-45 -6.86379e-42 -3.23806e-45  5.41826e-42 -2.32783e-45 -7.99561e-43 -7.39062e-45  1.16903e-42 -4.39284e-45 -4.21163e-43  -4.7904e-45 -5.51083e-44 -2.45133e-45   2.1754e-44 -1.28166e-45 -2.62099e-44 -3.72374e-46   3.2832e-44 -6.06283e-47 -7.70672e-45 -6.72682e-47 -8.15142e-46 -1.32292e-47 -2.50984e-46  4.58689e-47  3.20347e-47 -9.71094e-49 -1.78493e-46  1.83194e-48  8.27548e-47  1.93887e-48    5.118e-49 -8.83729e-50  -4.5886e-48  1.31247e-49  6.49631e-49   1.4949e-50 -1.28578e-49  5.55288e-52  1.44202e-49 -6.89213e-52 -2.01458e-50  1.93801e-52  2.96463e-51 -1.55349e-52 -1.28317e-51  3.12919e-53  3.18413e-52 -7.13592e-54 -3.75556e-53 -1.05124e-54  6.61819e-56 -2.43659e-55  6.41964e-56  1.20597e-55 -2.55516e-55  -9.5403e-56  6.11881e-56  5.41556e-56  2.42258e-56 -2.28567e-56 -2.59045e-56  6.04899e-57  8.10659e-57  -6.5377e-58
 1.94011e-51 -1.03142e-35 -2.66338e-50   9.2541e-35 -6.60803e-50 -1.43854e-35 -7.95964e-51 -8.80688e-35 -3.38946e-50  1.53488e-35 -3.56546e-50  7.33336e-36  2.51306e-50  3.54934e-36  7.23299e-50  7.77018e-37  7.37736e-50 -1.44916e-35 -2.41139e-50  5.72707e-36 -6.97839e-50  4.79103e-36 -2.27089e-49 -5.42831e-36  -1.0512e-48  4.30961e-36  -1.7524e-48 -3.10354e-36  -7.9848e-49  1.23322e-36  4.52145e-48  3.94194e-37   5.3395e-47 -7.90137e-37  1.53689e-46   5.4255e-37  4.97909e-46 -2.79353e-37   1.2622e-45  5.18319e-38  2.10355e-45  1.55024e-38  2.27402e-45  2.08831e-38  3.09811e-45 -2.14087e-38  1.05016e-45  1.73117e-38  1.72173e-45  -4.5309e-39  6.49312e-45  4.27891e-40  7.12722e-45 -6.41901e-40   2.2894e-44  7.73253e-40  2.76915e-44 -2.72053e-40  4.03843e-44  5.75058e-41  3.90517e-44 -2.21419e-41  2.36021e-44 -2.20233e-41 -1.24487e-44  1.25296e-41 -7.75527e-45 -4.99824e-43 -2.69159e-44  1.89259e-42 -1.46407e-44  -8.4071e-43 -1.58749e-44 -1.18152e-43 -7.36721e-45  5.62452e-44 -3.70099e-45 -7.54373e-44 -1.04547e-45  7.41487e-44  -1.5167e-46 -1.67095e-44 -1.60867e-46 -1.80518e-45 -3.22483e-47 -1.17017e-46  1.09666e-46 -2.55472e-46 -1.29792e-48 -3.11859e-46  4.15097e-48  1.57901e-46  4.00687e-48  6.70873e-48 -2.46812e-49 -1.00554e-47  2.82748e-49  1.60196e-48  9.28865e-51 -3.81375e-49  4.25323e-51  3.29204e-49 -2.32436e-51 -4.90031e-50  5.20244e-52  6.30716e-51 -3.06814e-52 -2.56107e-51  7.18391e-53  5.87788e-52 -1.22148e-53 -7.02124e-53 -1.26256e-54 -1.58888e-54 -1.36721e-54  5.05059e-55  9.43137e-55  1.70378e-55 -6.16207e-55 -7.05431e-55   3.0004e-55  5.41173e-55 -1.01224e-55 -2.04845e-55  1.86971e-56  2.86009e-56
-1.25166e-35  4.46413e-51 -1.14916e-35 -6.60803e-50  1.43331e-34 -1.25168e-49 -1.89612e-35  -2.4347e-50 -9.50712e-35 -4.57987e-50  1.74957e-35 -5.56554e-50 -8.81632e-37 -7.85071e-54  1.14783e-35  6.94077e-50  4.62161e-36  8.03268e-50 -2.44698e-35 -1.04487e-49  8.36138e-36 -2.80487e-49  5.83048e-36  -1.4432e-48 -8.22295e-36 -6.63795e-48  7.80659e-36 -1.09739e-47 -5.67779e-36 -2.89198e-48   2.0627e-36  3.40154e-47   7.6071e-37  3.21977e-46 -1.37366e-36  8.69652e-46  8.85416e-37  2.66644e-45 -4.08947e-37  6.22343e-45  8.40813e-38  1.02917e-44  8.28117e-39  1.11829e-44  5.21403e-38  1.45668e-44 -4.48932e-38  5.83594e-45  3.08012e-38  1.00864e-44 -5.44978e-39  3.41361e-44  3.76123e-40  3.68799e-44 -9.88958e-40  1.04108e-43  1.29128e-39   1.1083e-43 -4.71012e-40  1.60327e-43  1.40186e-40  1.35667e-43 -2.48909e-41  8.55248e-44 -5.95882e-41 -4.19357e-44  2.59539e-41 -2.12688e-44  2.06074e-42 -8.31425e-44  1.87716e-42 -4.09781e-44 -1.37637e-42 -4.44007e-44 -1.52935e-43  -1.8738e-44  1.12959e-43 -8.98358e-45 -1.71608e-43  -2.4913e-45  1.36291e-43 -3.12723e-46 -2.76666e-44 -3.24694e-46 -4.43805e-45 -6.42528e-47  8.90917e-46  2.19336e-46 -1.10575e-45 -3.83575e-49 -4.19112e-46  8.15108e-48   2.6004e-46  6.73052e-48  1.93176e-47 -5.44855e-49 -1.76204e-47  5.05396e-49  3.10675e-48 -2.93141e-50 -9.28548e-49  1.17283e-50  6.55575e-49 -5.30879e-51 -1.00461e-49  1.05918e-51  1.04842e-50 -5.03685e-52 -4.25959e-51  1.45379e-52  9.11496e-52 -2.31006e-53 -1.14275e-52  4.67665e-54  2.44998e-54 -8.10113e-54 -9.53005e-54  5.54667e-54  1.08294e-53 -3.10124e-54 -7.88551e-54  1.26211e-54  3.50128e-54 -3.25857e-55 -7.97826e-55   3.4445e-56
 1.15219e-52 -3.47413e-35  2.88847e-51 -1.43854e-35 -1.25168e-49  1.85362e-34 -1.88059e-49 -2.47866e-35 -3.12283e-50 -8.76002e-35 -4.51159e-50  2.28393e-35 -7.58882e-50  -1.5602e-35 -2.60356e-50  2.52149e-35  5.74641e-50  8.25553e-36  3.99173e-50 -3.34715e-35 -5.08547e-49  1.03014e-35  -1.5346e-48  6.66726e-36 -8.40167e-48 -1.16091e-35 -3.63215e-47  1.24569e-35 -5.87074e-47 -8.98619e-36 -3.38392e-48  3.10019e-36  2.13359e-46  1.10274e-36  1.68824e-45 -2.00803e-36  4.28554e-45  1.22862e-36  1.25014e-44 -5.00644e-37  2.69153e-44  1.14841e-37  4.42228e-44 -9.20101e-39  4.84042e-44  1.06544e-37  6.11548e-44 -8.10389e-38  2.79938e-44  4.94191e-38  4.99187e-44 -5.64643e-39  1.49367e-43  1.03218e-39  1.53465e-43 -1.64337e-39  4.00071e-43  1.98229e-39   3.7709e-43 -6.94508e-40  5.46805e-43  2.67708e-40  4.04626e-43 -3.77068e-42   2.6661e-43 -1.39495e-40 -1.27331e-43  4.83768e-41 -4.89562e-44  1.03091e-41 -2.25102e-43 -5.95683e-43 -9.93579e-44 -1.84127e-42 -1.08234e-43  3.74531e-45 -4.17148e-44  1.83562e-43 -1.88997e-44 -3.24727e-43 -5.20315e-45  2.07961e-43 -5.38368e-46 -3.29752e-44 -5.72804e-46 -1.10481e-44  -1.0612e-46  3.89637e-45  3.78891e-46 -2.90175e-45  2.92522e-48 -4.05623e-46  1.44695e-47  3.88683e-46  9.14313e-48  3.60647e-47 -9.98882e-49 -2.49242e-47  7.60115e-49  4.84952e-48 -1.31968e-49 -1.93355e-48  2.15649e-50  1.17506e-48 -9.46805e-51 -1.80094e-49  1.75016e-51  1.37299e-50 -7.32537e-52 -6.00194e-51  2.90348e-52  1.25598e-51 -7.35814e-53 -2.50603e-52  4.78473e-53  1.15171e-52 -4.23986e-53 -1.20205e-52  2.62596e-53  8.82952e-53  -1.2528e-53 -4.48399e-53   4.1267e-54  1.38027e-53 -7.47081e-55 -1.69072e-54
 3.79271e-36 -4.09214e-51  -6.4619e-35 -7.95964e-51 -1.89612e-35 -1.88059e-49  2.05263e-34 -2.26947e-49 -3.52057e-35 -1.34426e-50 -7.51472e-35 -3.95009e-50  3.55693e-35 -9.54855e-50 -3.98348e-35 -4.57779e-50  4.60016e-35  7.67298e-51   8.4268e-36 -2.32344e-49 -3.72032e-35 -2.59895e-48  1.03151e-35 -8.38676e-48  7.43666e-36 -4.33047e-47 -1.56981e-35 -1.74954e-46  1.83039e-35 -2.73728e-46 -1.26783e-35  4.84506e-47  4.25503e-36  1.15134e-45  1.18277e-36  7.86828e-45 -2.50752e-36  1.87683e-44  1.46054e-36  5.24064e-44 -5.06505e-37  1.04354e-43  1.33647e-37  1.70301e-43  -3.6076e-38  1.88104e-43  1.90909e-37  2.33122e-43  -1.3022e-37  1.16439e-43  7.36743e-38  2.12924e-43 -6.17663e-39  5.62942e-43   4.1068e-39  5.38042e-43 -3.14928e-39  1.33865e-42   2.8687e-39  1.11414e-42 -8.62863e-40  1.63969e-42  4.23949e-40  1.05567e-42  6.78907e-41  7.31513e-43 -2.87793e-40 -3.53447e-43  8.11958e-41 -9.42888e-44  2.98897e-41 -5.45468e-43 -8.15066e-42 -2.12609e-43 -1.86194e-42 -2.34631e-43  6.53594e-43 -8.31041e-44   2.4815e-43 -3.50683e-44 -5.24285e-43 -9.71215e-45  2.59753e-43 -7.54051e-46 -1.71183e-44 -9.04424e-46 -2.54777e-44 -1.43343e-46  1.04835e-44  5.77366e-46  -5.9783e-45  8.16122e-48 -1.90692e-46  2.39517e-47  5.54031e-46  9.24689e-48  4.73831e-47 -1.55651e-48 -2.69906e-47  9.42586e-49  5.94045e-48  -3.3421e-49 -3.53367e-48  2.77626e-50  1.93001e-48 -1.40391e-50 -2.89163e-49  2.51945e-51  1.36873e-50 -1.11039e-51 -7.53483e-51  6.92888e-52  2.17293e-51 -3.38711e-52 -1.24944e-51  2.65319e-52  1.03409e-51 -1.89259e-52 -8.02846e-52  1.02936e-52  4.57082e-52 -4.11223e-53 -1.75037e-52  1.04124e-53  3.60693e-53 -1.07882e-54
-2.57761e-51    8.237e-36  -1.6441e-50 -8.80688e-35  -2.4347e-50 -2.47866e-35 -2.26947e-49  2.12095e-34 -2.15169e-49 -5.70474e-35  3.04622e-50 -6.48355e-35 -4.72545e-50  5.78233e-35 -1.18145e-49 -7.58151e-35  -7.7925e-50  7.32858e-35   -2.623e-49  2.22359e-36 -1.62016e-48 -3.22863e-35 -1.25617e-47  7.66506e-36 -4.19772e-47  8.27237e-36 -1.97801e-46 -2.07242e-35 -7.49693e-46  2.52982e-35 -1.12555e-45 -1.61915e-35  5.18872e-46  5.40061e-36  5.46194e-45  7.27861e-37  3.31073e-44 -2.65874e-36  7.40931e-44  1.46231e-36  1.99337e-43 -4.02339e-37  3.68424e-43  1.35558e-37  5.95942e-43 -7.00775e-38  6.65106e-43   3.1151e-37  8.15531e-43 -1.91515e-37  4.22939e-43  1.04857e-37  7.97546e-43 -9.85658e-39  1.86818e-42    1.227e-38  1.63094e-42 -6.41762e-39  3.97959e-42  3.95325e-39  2.89608e-42 -8.40943e-40  4.39334e-42   5.6398e-40  2.43722e-42  2.22068e-40  1.79436e-42 -5.30237e-40 -9.03219e-43  1.22882e-40 -1.46317e-43  6.82676e-41 -1.20042e-42 -2.38082e-41 -4.06104e-43 -8.56461e-43 -4.58568e-43  2.19573e-42 -1.50583e-43  2.85792e-43 -5.79058e-44 -7.27444e-43 -1.64062e-44  2.42664e-43  -7.5359e-46  4.37197e-44 -1.30158e-45  -5.2808e-44 -1.48508e-46  2.24415e-44  7.89283e-46 -1.04432e-44  1.04527e-47  2.05265e-46   3.7756e-47   7.8764e-46  4.00986e-48  3.56683e-47 -2.07831e-48 -1.64666e-47  8.69209e-49  4.91248e-48 -6.68324e-49 -5.76789e-48  1.90783e-50  2.93511e-48 -1.84123e-50 -4.24623e-49  3.88044e-51  1.11372e-50 -2.48786e-51 -1.22891e-50  2.23068e-51   8.4699e-51  -1.5647e-51 -7.68713e-51  1.16937e-51  6.10134e-51 -7.21312e-52  -3.8594e-51  3.37483e-52  1.75434e-51 -1.09173e-52 -4.98739e-52  1.93553e-53  5.75652e-53
 4.41508e-36 -8.20562e-51  1.26341e-35 -3.38946e-50 -9.50712e-35 -3.12283e-50 -3.52057e-35 -2.15169e-49  2.30313e-34 -1.40812e-49 -9.78579e-35  8.71634e-50 -5.61405e-35 -8.05059e-50  8.82574e-35 -1.59695e-49 -1.21952e-34 -1.88863e-49  1.03689e-34 -1.62402e-48 -1.10292e-35 -7.87265e-48 -1.81871e-35 -5.49514e-47  2.59311e-36 -1.90159e-46  9.11127e-36 -8.02713e-46 -2.68069e-35 -2.87601e-45  3.31935e-35 -4.10908e-45 -1.89367e-35  3.39448e-45  6.37383e-36  2.31403e-44 -4.47774e-37  1.27246e-43 -2.28216e-36  2.66486e-43  1.14458e-36  6.95413e-43  -2.1354e-37  1.19869e-42  1.30163e-37  1.91394e-42 -1.10296e-37  2.15976e-42  4.72863e-37   2.6377e-42 -2.63875e-37  1.34923e-42  1.45699e-37  2.66521e-42  -2.1171e-38   5.5429e-42  2.87139e-38  4.33834e-42 -1.26158e-38  1.06659e-41  5.19223e-39  6.67016e-42 -4.52291e-40  1.06433e-41  6.19328e-40  5.01106e-42  4.87287e-40  3.97916e-42 -8.80737e-40 -2.13263e-42  1.68104e-40 -1.57188e-43   1.3312e-40 -2.42538e-42 -4.99903e-41  -6.9682e-43   1.9579e-42 -8.15977e-43  4.99228e-42  -2.5143e-43  2.92041e-43 -8.51987e-44 -8.54727e-43 -2.52864e-44  9.22033e-44 -1.23128e-46  1.79148e-43 -1.73288e-45 -9.84222e-44 -8.87217e-47  4.12771e-44   9.8456e-46 -1.59905e-44 -1.87498e-48   5.7571e-46  5.71853e-47  1.14162e-45 -1.02539e-47 -2.07865e-47 -2.37613e-48  1.49681e-47  2.83229e-49  6.76903e-50 -1.15606e-48  -8.5174e-48  -1.7798e-50  4.16393e-48 -2.49947e-50 -5.92546e-49  9.51518e-51  2.85955e-50 -8.89514e-51 -4.66731e-50   8.5201e-51  4.63717e-50 -6.47725e-51 -4.01378e-50   4.3852e-51  2.77063e-50 -2.35218e-51   -1.453e-50  9.22089e-52  5.21966e-51  -2.2833e-52 -1.02473e-51  2.29563e-53
 1.30551e-50  8.96159e-36  -1.9075e-50  1.53488e-35 -4.57987e-50 -8.76002e-35 -1.34426e-50 -5.70474e-35 -1.40812e-49  2.82537e-34 -1.16321e-50 -1.62952e-34  1.41172e-49  -4.3082e-35 -1.28761e-49  1.21914e-34 -2.93052e-49 -1.71574e-34 -4.75496e-49  1.31305e-34 -7.84271e-48 -2.89169e-35 -3.31323e-47  2.21264e-36  -2.1401e-46 -3.85332e-36 -7.81674e-46  9.49338e-36 -2.88912e-45 -3.36036e-35  -9.9027e-45  4.15053e-35 -1.33516e-44 -2.05698e-35  1.76992e-44  6.93699e-36  8.86025e-44 -2.31599e-36   4.5081e-43 -1.28618e-36   8.8049e-43  4.78627e-37  2.24321e-42 -2.73874e-38  3.62843e-42  1.47424e-37  5.68313e-42 -1.59758e-37  6.48345e-42   6.7483e-37  7.93293e-42 -3.46952e-37  3.78753e-42  2.00342e-37  8.05043e-42 -4.53395e-38  1.48664e-41  5.63979e-38  1.02019e-41 -2.29195e-38  2.60613e-41   6.4986e-39  1.36321e-41  4.71086e-40  2.35238e-41  5.21561e-40   9.1938e-42  8.77268e-40  8.04286e-42 -1.32752e-39 -4.66323e-42  2.08504e-40 -1.01316e-44  2.29766e-40 -4.53713e-42 -8.74282e-41 -1.07618e-42  7.54117e-42 -1.33158e-42  9.15914e-42 -3.91257e-43  2.94494e-43 -1.10687e-43 -7.98332e-43 -3.57505e-44 -2.62295e-43  1.83752e-45   4.1896e-43 -2.15824e-45 -1.66501e-43  5.61956e-47  6.75697e-44   1.1446e-45 -2.17799e-44 -4.70244e-47  5.05879e-46  8.29584e-47  1.66676e-45 -3.71441e-47 -1.39254e-46 -2.33589e-48  7.41407e-47 -1.10728e-48 -9.80746e-48 -1.80661e-48 -1.15187e-47 -8.60085e-50  5.59044e-48 -4.92372e-50 -8.87431e-49  3.62034e-50  1.98963e-49 -3.63807e-50 -2.44079e-49  3.25201e-50  2.27873e-49 -2.36377e-50 -1.72979e-49  1.42151e-50  1.02396e-49 -6.52551e-51 -4.42432e-50  2.05851e-51  1.20922e-50 -3.52335e-52 -1.35603e-51
-1.20418e-36   2.8586e-50  1.04958e-35 -3.56546e-50  1.74957e-35 -4.51159e-50 -7.51472e-35  3.04622e-50 -9.78579e-35 -1.16321e-50  3.78238e-34  1.50656e-49 -2.52971e-34   1.8986e-49 -1.98439e-35 -1.35049e-49   1.5126e-34 -8.82969e-49 -2.14684e-34 -4.96067e-49  1.49777e-34 -3.34315e-47 -4.67807e-35 -1.23849e-46   2.3674e-35 -7.29406e-46 -1.05121e-35 -2.92957e-45  8.52303e-36 -9.13234e-45 -4.00911e-35 -3.05518e-44  4.95533e-35 -3.85287e-44 -2.11905e-35  7.92803e-44   6.7211e-36  3.09488e-43 -4.56154e-36  1.48293e-42  2.97017e-37   2.6906e-42 -4.86302e-37  6.73187e-42  1.78975e-38  1.02978e-41  2.36076e-37  1.56886e-41  -2.2592e-37  1.80761e-41  9.08299e-37  2.22929e-41  -4.4062e-37  9.31232e-42  2.73269e-37  2.22185e-41 -8.67099e-38  3.63437e-41  9.72565e-38  2.12194e-41 -3.82023e-38   5.8577e-41  7.80715e-39  2.45836e-41  2.00834e-39  4.77661e-41  2.37987e-40  1.50061e-41  1.38133e-39  1.49051e-41 -1.82259e-39 -9.46165e-42  2.35081e-40  5.11947e-43   3.5861e-40 -7.91276e-42 -1.34582e-40 -1.49172e-42  1.70173e-41 -2.00392e-42  1.43403e-41 -5.73412e-43  3.59196e-43 -1.23229e-43 -4.44652e-43 -4.65463e-44 -8.84945e-43  6.18151e-45  7.85198e-43 -2.52052e-45 -2.58272e-43  2.70725e-46  1.00328e-43  1.27516e-45 -2.64619e-44  -1.4512e-46 -5.37354e-46  1.13944e-46    2.371e-45  -7.9269e-47 -3.22827e-46 -2.11792e-48  1.63491e-46 -3.54423e-48 -2.44724e-47 -2.63494e-48 -1.46248e-47 -1.39612e-49  7.50121e-48 -1.55903e-49 -1.86268e-48  1.48559e-49  1.13347e-48  -1.4096e-49 -1.14964e-48    1.145e-49  9.49015e-49 -7.57668e-50  -6.2758e-49  3.96877e-50   3.1585e-49 -1.51111e-50  -1.0997e-49  3.58618e-51  2.11139e-50 -3.37331e-52
 1.82149e-50 -1.54514e-36  3.58652e-50  7.33336e-36 -5.56554e-50  2.28393e-35 -3.95009e-50 -6.48355e-35  8.71634e-50 -1.62952e-34  1.50656e-49  5.12613e-34  3.27885e-49 -3.62176e-34  2.44765e-49  1.49799e-35  1.05603e-49  1.68275e-34 -3.74664e-48 -2.42002e-34  5.35911e-48  1.55329e-34 -1.26291e-46 -5.96694e-35 -4.05438e-46  4.04482e-35  -2.0932e-45 -1.68118e-35 -1.00623e-44  5.09844e-36 -2.46789e-44 -4.46317e-35 -8.37985e-44  5.65291e-35 -9.78718e-44 -2.13315e-35  3.15515e-43  5.21118e-36  9.93687e-43 -6.60538e-36  4.55555e-42  2.29674e-36  7.64675e-42 -1.62321e-36   1.8881e-41 -2.32349e-37  2.75761e-41   4.5305e-37  4.04324e-41 -3.17832e-37  4.69551e-41  1.15109e-36  5.87897e-41 -5.42982e-37   1.9707e-41  3.67432e-37  5.65399e-41 -1.46978e-37  8.15054e-41  1.51644e-37  3.87012e-41 -5.87574e-38  1.22023e-40  9.19828e-39  3.84146e-41  4.06952e-39  8.95917e-41 -1.97973e-40  2.15616e-41  1.96138e-39  2.54271e-41 -2.28048e-39 -1.78507e-41  2.40802e-40  1.73452e-42   5.1392e-40 -1.29399e-41 -1.88046e-40 -1.83787e-42  3.16885e-41 -2.79341e-42   1.9542e-41 -7.99449e-43  5.88289e-43 -1.07118e-43  2.92604e-43 -5.60358e-44 -1.81951e-42  1.43479e-44  1.28357e-42 -2.70266e-45 -3.70459e-43  4.90107e-46  1.36552e-43  1.40488e-45 -2.84022e-44 -3.10032e-46 -3.00433e-45  1.45954e-46  3.17586e-45 -1.37467e-46 -5.54788e-46 -2.39177e-48  2.78464e-46  -7.0476e-48 -4.08741e-47 -3.75965e-48 -1.90309e-47  4.48753e-50  1.19212e-47  -5.8326e-49 -6.01033e-48  5.66598e-49  5.22799e-48 -4.93673e-49 -4.65529e-48  3.60753e-49  3.39529e-48  -2.1115e-49 -1.94968e-48  9.35354e-50  8.22098e-49 -2.79908e-50 -2.21084e-49  4.40071e-51  2.45972e-50
-4.41735e-37  4.25882e-50  -3.0885e-37  2.51306e-50 -8.81632e-37 -7.58882e-50  3.55693e-35 -4.72545e-50 -5.61405e-35  1.41172e-49 -2.52971e-34  3.27885e-49  6.70844e-34  5.49314e-49 -4.78215e-34  2.13777e-49  5.74231e-35   1.3419e-48  1.67076e-34 -1.73721e-47  -2.4901e-34  5.60301e-47  1.49023e-34 -4.09141e-46 -6.40353e-35 -1.10466e-45  4.77592e-35 -4.49473e-45 -2.30667e-35 -3.18631e-44 -1.64829e-36 -5.28054e-44 -4.52999e-35 -2.00419e-43  6.15213e-35 -2.14317e-43 -2.17217e-35  1.13685e-42  1.83679e-36   2.9512e-42 -7.73305e-36  1.31293e-41  4.41382e-36   2.0308e-41 -2.74592e-36  4.96525e-41 -9.01874e-37   7.0032e-41  8.46518e-37  9.75818e-41 -4.40246e-37  1.13873e-40  1.36679e-36   1.4607e-40 -6.47817e-37  3.41649e-41  4.82447e-37  1.33682e-40 -2.23881e-37  1.68538e-40  2.18147e-37  6.02932e-41 -8.41083e-38   2.3711e-40  1.10266e-38   4.9542e-41  6.36224e-39  1.55856e-40 -6.82099e-40  2.65954e-41  2.55842e-39  4.00146e-41 -2.58954e-39 -3.13866e-41  2.21486e-40  4.04177e-42  6.84775e-40  -1.9941e-41 -2.43888e-40 -1.96909e-42  5.30537e-41 -3.62033e-42  2.30927e-41 -1.07044e-42  1.11563e-42 -4.38416e-44  1.43749e-42  -6.2832e-44 -3.07699e-42  2.81201e-44  1.89647e-42 -2.42917e-45 -4.94439e-43  6.12892e-46  1.71189e-43  1.56377e-45 -2.60946e-44 -5.41434e-46 -7.01745e-45  1.71605e-46  3.89805e-45  -2.1034e-46 -8.00381e-46  -4.6144e-48  4.04533e-46 -1.10055e-47 -4.94567e-47 -5.78492e-48 -3.22832e-47  1.28447e-48  2.80967e-47 -2.12066e-48  -2.2899e-47   1.9485e-48   2.0669e-47 -1.53884e-48 -1.64506e-47  9.95262e-49  1.06014e-47 -4.98702e-49 -5.24267e-48  1.77512e-49  1.80607e-48  -3.7651e-50 -3.45733e-49  2.85512e-51
 1.15274e-50 -1.37873e-36  6.36571e-50  3.54934e-36 -7.85071e-54  -1.5602e-35 -9.54855e-50  5.78233e-35 -8.05059e-50  -4.3082e-35   1.8986e-49 -3.62176e-34  5.49314e-49  8.33017e-34  9.84902e-49 -5.84358e-34  -1.0941e-48  9.98638e-35  6.34183e-48  1.45937e-34 -7.72892e-47  -2.3757e-34    3.712e-46  1.36791e-34 -1.03128e-45  -5.8148e-35 -2.09662e-45  4.23552e-35 -3.17728e-45 -3.02902e-35 -9.37584e-44 -1.19004e-35 -6.33977e-44 -4.03317e-35 -3.98468e-43  6.35066e-35 -3.85023e-43 -2.29478e-35  3.75341e-42   -3.821e-36   8.1513e-42 -7.29526e-36  3.56237e-41  6.26038e-36   5.0607e-41 -3.64382e-36  1.22675e-40  -2.0411e-36  1.69343e-40  1.43876e-36  2.21045e-40 -5.86898e-37  2.58098e-40  1.50889e-36  3.43191e-40 -7.43283e-37  4.07274e-41  6.13971e-37  2.95608e-40 -3.10914e-37  3.22701e-40  2.93692e-37  7.43879e-41 -1.12917e-37  4.32254e-40    1.397e-38  4.47088e-41  8.44286e-39  2.52179e-40 -1.07194e-39  2.64181e-41  3.10842e-39  5.80854e-41  -2.6341e-39 -5.15609e-41  1.73812e-40  7.73144e-42  8.57825e-40 -2.90834e-41 -2.99185e-40 -1.74524e-42  8.27403e-41 -4.37834e-42  2.27712e-41 -1.38806e-42  2.10594e-42  8.48445e-44  2.92709e-42 -6.67003e-44 -4.62702e-42  4.94418e-44  2.57988e-42 -1.10848e-45 -6.16495e-43  5.48057e-46  1.97581e-43  1.74654e-45 -1.86611e-44 -8.22286e-46  -1.2193e-44  1.81958e-46  4.27548e-45 -2.93839e-46 -1.01086e-45  -1.1718e-47  5.07217e-46 -1.29859e-47 -1.93393e-47 -1.10737e-47 -8.68521e-47  6.20682e-48  9.11406e-47 -7.07083e-48 -8.49146e-47  5.95934e-48  7.21982e-47 -4.18285e-48 -5.15492e-47  2.32033e-48  2.92271e-47 -9.40395e-49 -1.22586e-47  2.40815e-49   3.3016e-48 -2.70923e-50 -3.70226e-49
-3.75075e-37   3.1012e-50 -1.30308e-36  7.23299e-50  1.14783e-35 -2.60356e-50 -3.98348e-35 -1.18145e-49  8.82574e-35 -1.28761e-49 -1.98439e-35  2.44765e-49 -4.78215e-34  9.84902e-49  9.78913e-34  1.92349e-48 -6.64151e-34 -1.18492e-47  1.33964e-34  2.68365e-47  1.07412e-34 -3.11588e-46 -2.14043e-34  2.04612e-45  1.27047e-34 -1.21672e-45 -4.12749e-35  3.44774e-46  2.23831e-35  3.41063e-44 -3.97361e-35 -2.59355e-43 -2.49168e-35   1.4073e-43 -2.85602e-35 -5.65185e-43  6.13854e-35 -4.89022e-43 -2.51953e-35  1.14499e-41 -1.17766e-35  2.10364e-41 -4.91379e-36  9.12276e-41  7.42888e-36  1.18768e-40 -4.12546e-36  2.84994e-40 -3.60658e-36  3.91063e-40   2.2162e-36  4.70686e-40 -7.36675e-37  5.46823e-40  1.53146e-36  7.65032e-40 -8.13686e-37 -3.72651e-42  7.54996e-37  6.14754e-40 -3.98309e-37  5.74276e-40  3.73793e-37  5.19612e-41 -1.42962e-37  7.43087e-40  1.89316e-38   4.8252e-43  9.85394e-39  3.80022e-40 -1.25177e-39  1.67377e-41  3.56422e-39  7.75306e-41 -2.32149e-39 -7.93508e-41  9.14407e-41  1.27496e-41  1.02024e-39 -4.02898e-41 -3.52664e-40 -1.10864e-42  1.22205e-40 -4.96337e-42  1.61149e-41 -1.75392e-42  3.75581e-42  2.93148e-43  4.60828e-42 -6.94192e-44 -6.39552e-42   8.0009e-44   3.2656e-42  2.34615e-45 -7.19414e-43  2.87741e-46  2.08389e-43  1.87628e-45 -6.26855e-45 -1.12463e-45 -1.76245e-44  1.69019e-46  4.02391e-45 -3.79504e-46 -1.10437e-45  -3.0715e-47  4.88362e-46 -5.16032e-48   1.5837e-46  -2.7371e-47 -3.02606e-46  2.21958e-47   3.1917e-46 -2.10275e-47 -2.90525e-46  1.57862e-47  2.26844e-46 -9.47329e-48 -1.45014e-46  4.20429e-48   7.1649e-47 -1.18601e-48 -2.48172e-47  1.34513e-49  4.80049e-48  9.33603e-51
 -1.2956e-51 -2.19054e-36  5.43532e-50  7.77018e-37  6.94077e-50  2.52149e-35 -4.57779e-50 -7.58151e-35 -1.59695e-49  1.21914e-34 -1.35049e-49  1.49799e-35  2.13777e-49 -5.84358e-34  1.92349e-48  1.09335e-33  2.05641e-48 -7.06795e-34  -7.5098e-47  1.53532e-34  1.24186e-46  5.61464e-35 -1.09244e-45 -1.85017e-34  1.00555e-44  1.27122e-34  6.68813e-45 -1.25778e-35  2.91657e-44 -1.28052e-35  2.54777e-43 -5.24194e-35 -6.86258e-43 -3.91246e-35  1.37862e-42 -9.75184e-36 -9.21884e-44  5.41425e-35 -1.17439e-43 -2.81934e-35  3.24677e-41 -2.14665e-35  5.09369e-41 -6.16058e-37  2.20842e-40  7.57632e-36  2.63403e-40 -4.05833e-36  6.22325e-40 -5.47058e-36  8.64285e-40  3.13197e-36   9.4302e-40 -8.56457e-37  1.08212e-39  1.40479e-36  1.62288e-39 -8.44891e-37 -2.12194e-40  8.98822e-37  1.20795e-39 -4.75038e-37  9.53382e-40  4.52742e-37 -6.23677e-41 -1.71168e-37  1.21014e-39  2.67902e-38 -1.16227e-40  1.03052e-38  5.33098e-40 -1.21014e-39 -5.42324e-42  3.91986e-39  9.43699e-41 -1.60604e-39 -1.14726e-40 -3.76415e-41  1.83172e-41  1.16078e-39 -5.31664e-41 -4.03555e-40 -1.75283e-43  1.72089e-40 -5.31137e-42  8.82547e-43 -2.16597e-42   6.2893e-42  5.87703e-43  6.26228e-42 -7.51559e-44 -8.27014e-42  1.20615e-43  3.86946e-42  9.62457e-45  -7.8535e-43 -2.21324e-47   1.9686e-43  1.78821e-45  9.70514e-45 -1.42025e-45 -2.20279e-44  1.24894e-46  2.84315e-45  -4.4734e-46  -8.4303e-46 -8.14712e-47  1.87603e-47  3.52913e-47  8.64397e-46 -7.59201e-47 -1.07941e-45  6.60504e-47  1.07379e-45 -5.35359e-47 -9.12864e-46   3.3929e-47   6.4917e-46 -1.57332e-47 -3.69204e-46   4.2993e-48  1.56174e-46 -7.25015e-50 -4.25667e-47 -3.03066e-49  4.82945e-48
  5.6901e-37  -1.6059e-51 -6.70164e-36  7.37736e-50  4.62161e-36  5.74641e-50  4.60016e-35  -7.7925e-50 -1.21952e-34 -2.93052e-49   1.5126e-34  1.05603e-49  5.74231e-35  -1.0941e-48 -6.64151e-34  2.05641e-48  1.17119e-33 -1.31935e-47 -7.10656e-34 -3.80314e-46  1.56401e-34  6.50147e-46 -4.48845e-36 -3.11313e-45 -1.53188e-34  4.52669e-44  1.40305e-34  6.51853e-44  2.92375e-35   1.8903e-43 -6.25511e-35  1.21739e-42 -6.87372e-35 -1.77931e-42 -5.25103e-35  6.43653e-42  1.52076e-35  2.99171e-42  4.11351e-35  1.50021e-42 -3.13623e-35  8.59677e-41 -3.17655e-35  1.16146e-40  5.15571e-36  5.05694e-40  6.49868e-36  5.53914e-40 -3.39013e-36  1.27508e-39 -7.45701e-36  1.83068e-39  4.12178e-36  1.77827e-39 -9.12461e-37   1.9963e-39  1.13215e-36  3.28454e-39 -8.31904e-37 -8.30872e-40  1.04242e-36  2.25114e-39 -5.31187e-37  1.48282e-39  5.23672e-37 -3.55891e-40 -1.93679e-37  1.87435e-39  3.80755e-38 -3.41939e-40  9.82867e-39   6.9387e-40 -1.10483e-39 -3.90236e-41  4.23354e-39  1.02813e-40 -5.04113e-40 -1.56284e-40 -2.28892e-40  2.25175e-41  1.26776e-39 -6.69582e-41 -4.48674e-40  6.92997e-43  2.31247e-40 -5.43328e-42 -2.44036e-41 -2.61247e-42  9.94295e-42  9.65241e-43  7.65442e-42 -8.99318e-44  -1.0114e-41  1.70373e-43  4.30455e-42  2.29232e-44 -7.99623e-43 -4.99398e-47  1.58277e-43   1.2454e-45  2.67888e-44 -1.68318e-45 -2.38587e-44  2.68989e-47  1.39911e-46 -4.43772e-46  6.42935e-46 -2.19806e-46 -2.03207e-45  1.65255e-46  3.35804e-45 -2.00771e-46 -3.65034e-45  1.60714e-46  3.38006e-45 -1.05281e-46 -2.65094e-45  4.72473e-47   1.7056e-45 -8.40782e-48 -8.51699e-46 -5.49696e-48  2.98561e-46  4.29916e-48 -5.82525e-47 -8.39851e-49
-7.63901e-51  1.68547e-36  -5.3656e-51 -1.44916e-35  8.03268e-50  8.25553e-36  7.67298e-51  7.32858e-35 -1.88863e-49 -1.71574e-34 -8.82969e-49  1.68275e-34   1.3419e-48  9.98638e-35 -1.18492e-47 -7.06795e-34 -1.31935e-47  1.21957e-33 -1.25497e-46 -6.83188e-34 -1.64599e-45   1.4483e-34  3.54031e-45 -7.49358e-35 -5.71601e-45 -1.15725e-34  1.89081e-43  1.64778e-34  3.63699e-43  8.51287e-35  8.88467e-43 -1.24615e-34   4.7882e-42 -8.82006e-35 -4.64595e-42 -6.31574e-35  2.36516e-41  4.43281e-35  1.35957e-41  2.24161e-35   4.5849e-42 -3.40663e-35  2.13267e-40 -4.12166e-35  2.50181e-40  1.16673e-35  1.09504e-39  4.16957e-36  1.10847e-39 -2.14257e-36  2.44262e-39 -9.39025e-36  3.71963e-39  5.12834e-36  3.15545e-39  -8.8825e-37  3.42075e-39  7.61826e-37  6.35582e-39 -7.85377e-37 -2.32589e-39  1.18833e-36  3.99053e-39 -5.59812e-37    2.173e-39  5.78532e-37 -9.43909e-40 -2.06031e-37  2.77001e-39  5.26921e-38 -7.02887e-40  8.84571e-39  8.31271e-40 -1.29415e-39 -7.64941e-41  4.64621e-39  9.58615e-41  9.01667e-40 -2.01165e-40 -4.92401e-40  2.19844e-41  1.32457e-39 -8.05433e-41 -4.78832e-40  8.75297e-43  2.95735e-40 -5.43442e-42 -5.99704e-41 -3.06552e-42  1.49416e-41  1.41218e-42   8.5975e-42 -1.19977e-43 -1.17856e-41  2.26132e-43  4.49766e-42  4.45252e-44 -7.54866e-43  6.90048e-46  9.15173e-44 -2.40124e-47  4.14806e-44 -1.85779e-45 -2.08089e-44 -2.12107e-46 -6.20115e-45 -2.31046e-46  6.45398e-45 -5.74893e-46 -9.39628e-45  4.82747e-46  1.15613e-44 -4.36534e-46 -1.15831e-44   2.7113e-46  9.95468e-45 -9.63482e-47 -7.15278e-45 -2.56696e-47  4.11498e-45  6.26497e-47 -1.75861e-45  -4.1415e-47  4.80762e-46  1.22322e-47 -5.37332e-47
 9.24187e-37 -1.70671e-50  3.38424e-36 -2.41139e-50 -2.44698e-35  3.99173e-50   8.4268e-36   -2.623e-49  1.03689e-34 -4.75496e-49 -2.14684e-34 -3.74664e-48  1.67076e-34  6.34183e-48  1.33964e-34  -7.5098e-47 -7.10656e-34 -1.25497e-46  1.25576e-33 -6.77917e-46 -6.37577e-34 -6.24076e-45  1.24437e-34  1.84826e-44 -1.59465e-34  5.62598e-45 -6.59202e-35  7.37998e-43   1.9466e-34  1.63921e-42  1.54226e-34  3.56208e-42 -1.95115e-34  1.66234e-41 -1.09282e-34 -1.24719e-41 -6.97397e-35   7.5678e-41    7.477e-35  4.12936e-41 -1.04113e-36  4.00441e-42  -3.5844e-35  4.96934e-40 -4.83936e-35  5.10356e-40  1.81037e-35   2.2396e-39   7.3004e-37  2.11956e-39 -3.79268e-37  4.34766e-39 -1.11394e-35  7.25347e-39  6.12533e-36  5.26411e-39 -8.03464e-37  5.40976e-39  3.88578e-37  1.17791e-38 -7.33194e-37 -5.47764e-39  1.34355e-36  6.74296e-39 -5.57524e-37  3.02576e-39  6.08097e-37 -1.95054e-39 -2.03437e-37  3.91514e-39  6.98089e-38 -1.19467e-39  8.12435e-39  9.00802e-40 -2.32337e-39 -1.02841e-40  5.38991e-39  6.64204e-41   2.4674e-39  -2.4531e-40 -8.19645e-40  1.18798e-41  1.30566e-39 -9.24808e-41   -4.765e-40 -4.32781e-43  3.58257e-40 -5.50966e-42 -1.04529e-40 -3.47836e-42   2.1468e-41  1.90643e-42   9.0102e-42 -1.69195e-43 -1.31614e-41  2.82546e-43  4.40627e-42  7.60285e-44 -6.54983e-43   2.7578e-45  1.12638e-45 -2.31431e-45  4.79771e-44 -1.75607e-45 -6.98238e-45 -8.41379e-46 -2.40336e-44  4.59934e-46  2.69829e-44 -1.30176e-45 -3.38107e-44  9.51952e-46  3.70517e-44 -5.25043e-46 -3.46143e-44 -1.06974e-47  2.74829e-44  3.81959e-46 -1.78805e-44 -4.60878e-46  8.98474e-45  3.09899e-46  -3.1306e-45 -1.18356e-46  5.91036e-46  1.74573e-47
-5.01509e-51  2.14329e-36 -3.08036e-50  5.72707e-36 -1.04487e-49 -3.34715e-35 -2.32344e-49  2.22359e-36 -1.62402e-48  1.31305e-34 -4.96067e-49 -2.42002e-34 -1.73721e-47  1.45937e-34  2.68365e-47  1.53532e-34 -3.80314e-46 -6.83188e-34 -6.77917e-46  1.30144e-33 -2.83253e-45 -5.88146e-34 -2.08959e-44  1.02177e-34  8.91639e-44 -2.63427e-34  1.21409e-43  2.92723e-36  2.70318e-42  2.22417e-34  6.48208e-42  2.32569e-34  1.28517e-41 -2.68969e-34  5.25214e-41 -1.29441e-34 -3.45281e-41 -7.18144e-35  2.19437e-40  1.03317e-34  9.87776e-41 -2.73182e-35 -2.70786e-41 -3.65316e-35  1.08946e-39 -5.22514e-35  9.87559e-40  2.37935e-35  4.31584e-39 -3.56465e-36  3.89165e-39  1.83832e-36  7.11177e-39 -1.26435e-35  1.35798e-38  7.13081e-36  8.24222e-39  -7.2507e-37  7.80491e-39  1.41141e-37  2.09342e-38 -7.14711e-37 -1.14467e-38  1.51526e-36  1.08755e-38  -5.2358e-37  4.05436e-39  6.02213e-37 -3.47216e-39 -1.81225e-37  5.29949e-39  8.79614e-38 -1.75984e-39  8.64801e-39  8.47938e-40  -4.8627e-39 -9.75727e-41  6.77683e-39  8.68964e-42  3.99962e-39 -2.83993e-40 -1.17181e-39 -1.36531e-41  1.17651e-39 -1.01138e-40 -4.16618e-40 -4.05284e-42  4.08621e-40 -5.91149e-42 -1.55362e-40 -3.78968e-42  2.96224e-41  2.42089e-42  8.94988e-42 -2.36431e-43 -1.41538e-41  3.33124e-43  4.03335e-42   1.1734e-43 -5.19334e-43  6.73551e-45 -9.79138e-44 -6.01771e-45  3.15879e-44 -9.15899e-46  3.74225e-44 -2.24725e-45 -8.04411e-44  1.69137e-45  9.53465e-44 -1.83385e-45  -1.1051e-43   2.8086e-46  1.12186e-43  1.35022e-45 -9.74383e-44 -2.53236e-45  7.05957e-44  2.68843e-45 -4.05871e-44  -1.9193e-45  1.70043e-44  8.86867e-46  -4.3776e-45 -2.16258e-46  4.19345e-46
-6.47181e-37 -1.28341e-50  3.52041e-36 -6.97839e-50  8.36138e-36 -5.08547e-49 -3.72032e-35 -1.62016e-48 -1.10292e-35 -7.84271e-48  1.49777e-34  5.35911e-48  -2.4901e-34 -7.72892e-47  1.07412e-34  1.24186e-46  1.56401e-34 -1.64599e-45 -6.37577e-34 -2.83253e-45  1.37614e-33 -9.74423e-45 -5.46811e-34 -6.14934e-44  8.41869e-35  3.93884e-43  -3.8902e-34  7.61321e-43   9.3463e-35  9.31964e-42  2.41489e-34  2.32633e-41  3.12904e-34   4.2778e-41 -3.40761e-34  1.53571e-40 -1.45435e-34 -9.71233e-41 -6.98319e-35  5.88774e-40  1.26961e-34  1.85792e-40 -5.37564e-35 -1.82376e-40   -3.627e-35  2.24961e-39 -5.23301e-35  1.81326e-39  2.83715e-35  7.80554e-39 -8.41961e-36  6.90144e-39   4.4864e-36   1.0473e-38 -1.39099e-35  2.44141e-38  8.20241e-36  1.20772e-38 -7.64002e-37  1.00421e-38  1.56483e-37   3.5711e-38  -7.6792e-37 -2.17572e-38  1.70451e-36  1.67541e-38 -4.57906e-37  5.32309e-39  5.50425e-37 -5.52898e-39 -1.35411e-37  6.87157e-39   1.0533e-37 -2.27141e-39  1.14436e-38  6.15107e-40 -9.59783e-39 -3.96644e-41  9.15844e-39 -8.05615e-41  5.27273e-39 -3.12433e-40 -1.47715e-39 -6.04685e-41  9.00413e-40 -1.04922e-40 -2.71449e-40 -1.06018e-41  4.35502e-40  -6.8953e-42 -2.08784e-40 -3.93636e-42  3.93558e-41  2.92787e-42  8.60337e-42 -3.13663e-43 -1.47202e-41  3.72287e-43  3.43884e-42  1.65702e-43  -3.9136e-43  1.32479e-44 -1.64549e-43 -1.15962e-44 -5.56237e-44   9.2458e-46  1.80056e-43 -3.51014e-45 -2.63421e-43  5.57838e-46  3.12371e-43  3.15152e-45 -3.39593e-43 -8.74743e-45  3.20469e-43   1.2757e-44 -2.54973e-43 -1.33156e-44  1.63921e-43  1.02045e-44  -7.9063e-44 -5.49255e-45  2.48379e-44  1.82142e-45 -3.57283e-45  -2.4223e-46
-1.16405e-51 -1.66858e-36 -4.08935e-50  4.79103e-36 -2.80487e-49  1.03014e-35 -2.59895e-48 -3.22863e-35 -7.87265e-48 -2.89169e-35 -3.34315e-47  1.55329e-34  5.60301e-47  -2.3757e-34 -3.11588e-46  5.61464e-35  6.50147e-46   1.4483e-34 -6.24076e-45 -5.88146e-34 -9.74423e-45   1.4928e-33 -2.75677e-44 -5.21741e-34 -1.55316e-43  7.41712e-35  1.59619e-42  -5.3159e-34  3.57857e-42  2.01956e-34  3.03105e-41  2.48156e-34  7.71088e-41  3.85839e-34  1.33172e-40 -4.05682e-34  4.20009e-40 -1.53943e-34 -2.71422e-40 -6.48617e-35   1.4808e-39  1.43442e-34  2.29677e-40 -7.73386e-35 -7.30529e-40 -3.54355e-35  4.37658e-39 -4.87515e-35  3.15412e-39  3.18312e-35  1.31658e-38 -1.35679e-35  1.19015e-38  7.58667e-36  1.32737e-38 -1.49868e-35  4.21591e-38  9.41307e-36  1.64825e-38 -1.05462e-36   1.0934e-38  5.46204e-37  5.85104e-38 -9.12882e-37 -3.81416e-38  1.90052e-36  2.46545e-38 -3.59024e-37  7.00102e-39  4.43117e-37 -8.01887e-39 -6.33927e-38  8.52833e-39  1.20094e-37 -2.53172e-39  1.74115e-38  1.51582e-40 -1.70794e-38  8.56525e-41  1.28498e-38 -2.01272e-40  6.05354e-39  -3.2633e-40 -1.64264e-39 -1.32917e-40  4.51826e-40 -1.02614e-40 -1.87399e-41 -2.02803e-41  4.29286e-40 -8.64952e-42 -2.60817e-40 -3.87183e-42  5.03664e-41  3.40279e-42  8.23196e-42 -3.86234e-43 -1.48663e-41  3.97853e-43  2.75509e-42    2.154e-43 -3.69204e-43  2.22609e-44 -7.72653e-44 -1.73973e-44 -3.76193e-43 -1.23015e-45  6.42737e-43  6.68461e-45 -8.44201e-43 -2.21056e-44  9.66633e-43  3.96054e-44 -9.79876e-43 -5.44067e-44  8.45331e-43  5.78931e-44 -5.94611e-43 -4.76868e-44  3.17305e-43  2.91608e-44 -1.10958e-43 -1.20699e-44  1.63261e-44  2.69813e-45  1.35279e-45
  7.7628e-41 -1.54694e-50 -3.24009e-36 -2.27089e-49  5.83048e-36  -1.5346e-48  1.03151e-35 -1.25617e-47 -1.81871e-35 -3.31323e-47 -4.67807e-35 -1.26291e-46  1.49023e-34    3.712e-46 -2.14043e-34 -1.09244e-45 -4.48845e-36  3.54031e-45  1.24437e-34 -2.08959e-44 -5.46811e-34 -2.75677e-44  1.65626e-33 -5.96094e-44 -5.17765e-34 -3.13002e-43  7.26523e-35  5.96371e-42 -6.78242e-34  1.43677e-41  3.18576e-34  9.31575e-41  2.42159e-34  2.38504e-40  4.42021e-34   3.9089e-40 -4.60133e-34   1.0825e-39 -1.52417e-34  -7.3898e-40 -5.81165e-35  3.52225e-39  1.51575e-34 -8.03564e-41  -9.5154e-35  -2.3448e-39 -3.45525e-35  8.01898e-39 -4.20379e-35  5.17478e-39  3.44582e-35  2.04957e-38 -1.88071e-35  2.01006e-38  1.11784e-35  1.26835e-38 -1.59182e-35  6.99456e-38  1.08137e-35  2.07833e-38 -1.72066e-36  8.49663e-39  1.36346e-36  9.21203e-38 -1.13671e-36 -6.22134e-38  2.07797e-36  3.46384e-38 -2.22958e-37  9.41312e-39  2.73138e-37 -1.06941e-38  3.52603e-38  1.01126e-38   1.3073e-37  -2.2932e-39   2.7175e-38 -5.75433e-40 -2.75476e-38  2.80697e-40  1.80274e-38  -3.5025e-40  6.13371e-39 -3.22252e-40 -1.57938e-39  -2.3218e-40 -1.67579e-40 -9.37693e-41  3.49163e-40 -3.27442e-41  3.85191e-40 -1.12218e-41 -3.07834e-40 -3.58386e-42  6.19663e-41   3.8261e-42  8.09042e-42 -4.35573e-43 -1.46657e-41  4.12053e-43  2.24223e-42  2.61081e-43 -7.19473e-43  2.57824e-44  5.49076e-43 -4.22005e-45 -1.46322e-42 -4.49218e-44  2.11197e-42   9.0428e-44 -2.59648e-42 -1.51652e-43  2.79055e-42  2.04454e-43 -2.57068e-42 -2.25449e-43  1.93173e-42  1.99093e-43 -1.08791e-42 -1.35871e-43  3.71457e-43  6.68576e-44  -8.4769e-45 -2.05661e-44 -4.46309e-44   2.5573e-45
-4.93682e-52  5.36549e-37 -1.41051e-49 -5.42831e-36  -1.4432e-48  6.66726e-36 -8.38676e-48  7.66506e-36 -5.49514e-47  2.21264e-36 -1.23849e-46 -5.96694e-35 -4.09141e-46  1.36791e-34  2.04612e-45 -1.85017e-34 -3.11313e-45 -7.49358e-35  1.84826e-44  1.02177e-34 -6.14934e-44 -5.21741e-34 -5.96094e-44   1.8641e-33 -6.43295e-44 -5.37208e-34 -3.64498e-43  7.70453e-35  2.06542e-41 -8.09566e-34  5.16053e-41  4.29953e-34  2.70948e-40   2.2612e-34  6.92968e-40  4.74513e-34  1.08712e-39 -5.01754e-34  2.64385e-39 -1.39906e-34 -1.93516e-39  -5.0433e-35  7.97583e-39  1.51304e-34 -1.68439e-39 -1.04835e-34 -6.54094e-39 -3.42254e-35  1.38197e-38 -3.28404e-35  7.93579e-39  3.66699e-35  2.88982e-38 -2.39931e-35   3.3458e-38   1.5261e-35  3.21961e-39 -1.66968e-35  1.11528e-37   1.2395e-35  2.38585e-38 -2.83637e-36 -8.08806e-41  2.57915e-36  1.39422e-37 -1.38545e-36 -9.49941e-38  2.19897e-36  4.64123e-38 -4.37558e-38  1.30636e-38  3.77651e-38 -1.31802e-38  1.58002e-37  1.14249e-38  1.36192e-37 -1.30194e-39  4.09503e-38 -1.57114e-39 -4.07655e-38  5.32322e-40  2.46252e-38 -5.22305e-40  5.36789e-39 -2.97928e-40 -1.23474e-39 -3.54927e-40 -9.16518e-40 -7.90822e-41   8.1843e-40 -4.71104e-41  3.05589e-40 -1.44541e-41 -3.46898e-40 -3.10423e-42  7.29533e-41  4.18238e-42   8.3882e-42 -4.41302e-43 -1.43825e-41  4.13059e-43  2.51191e-42  3.20131e-43  -2.2701e-42 -3.48584e-44  2.93951e-42  1.39957e-43 -4.95104e-42 -3.14059e-43  6.50625e-42   5.0643e-43 -7.38894e-42 -6.94634e-43  7.13044e-42   7.9652e-43 -5.53681e-42 -7.51611e-43  3.03855e-42  5.64727e-43 -6.64934e-43 -3.20129e-43 -6.02105e-43  1.23959e-43  6.24811e-43 -2.60464e-44 -1.69931e-43
