 8.59499e-06  7.70038e-22 -8.67026e-05 -1.59481e-20  0.000261172  9.06771e-20 -0.000307966 -2.65514e-19  8.64811e-05  4.53769e-19  5.48037e-05 -4.60677e-19 -6.40352e-06  2.80085e-19 -6.61917e-06 -1.02394e-19 -1.04731e-06  1.70224e-20 -8.94981e-09   7.9421e-22  5.34897e-09
 7.70038e-22  0.000133802  9.38132e-21 -0.000710784 -1.24623e-19   0.00144016  5.37483e-19  -0.00108276  -1.2734e-18 -2.26989e-05  1.77993e-18  0.000204713 -1.45214e-18   3.7353e-05  6.97624e-19 -8.10998e-06 -2.00642e-19 -3.07322e-06   2.0476e-20 -2.59942e-07  2.32291e-21
-8.67026e-05  9.38132e-21  0.000962867   5.8171e-20  -0.00327967 -5.41132e-19   0.00459429  1.84941e-18  -0.00192455 -3.64902e-18 -0.000772377  4.22331e-18  0.000264227 -2.76029e-18  0.000140425   1.0498e-18  1.40746e-05 -2.37777e-19  -1.4652e-06  9.51129e-21 -2.01104e-07
-1.59481e-20 -0.000710784   5.8171e-20   0.00426326  2.19853e-19   -0.0101304 -1.49959e-18   0.00974964  4.23982e-18  -0.00124276 -7.19947e-18  -0.00212237  6.96543e-18  -0.00012547 -3.61132e-18  0.000171069  1.12337e-18  4.08781e-05 -2.01451e-19  2.51421e-06 -2.52157e-21
 0.000261172 -1.24623e-19  -0.00327967  2.19853e-19    0.0130574   5.2931e-19   -0.0226275 -2.70478e-18    0.0142066  6.74355e-18   0.00256108 -1.03212e-17   -0.0028687  8.37068e-18 -0.000910685 -3.34318e-18  6.69882e-06  9.69511e-19   3.0229e-05 -1.33894e-19  2.38147e-06
 9.06771e-20   0.00144016 -5.41132e-19   -0.0101304   5.2931e-19    0.0295454  7.51617e-19   -0.0382327 -2.84594e-18    0.0133114  7.37258e-18   0.00871328 -1.10301e-17  -0.00152152  7.37068e-18   -0.0013508 -2.01464e-18 -0.000210505  7.85284e-19 -3.60304e-06 -6.69391e-20
-0.000307966  5.37483e-19   0.00459429 -1.49959e-18   -0.0226275  7.51617e-19    0.0516898  2.66517e-19   -0.0503796 -4.31715e-19   0.00431926  5.07619e-18    0.0135076 -8.98914e-18    0.0017579  4.54142e-18 -0.000831115 -2.85702e-19 -0.000229177  6.20099e-19 -1.27493e-05
-2.65514e-19  -0.00108276  1.84941e-18   0.00974964 -2.70478e-18   -0.0382327  2.66517e-19    0.0726838 -1.46159e-18   -0.0529107  4.14453e-18    -0.010597  1.25518e-18    0.0130077 -6.12843e-18   0.00468301  1.55818e-18  0.000211598  1.05921e-18 -7.53715e-05  3.73947e-19
 8.64811e-05  -1.2734e-18  -0.00192455  4.23982e-18    0.0142066 -2.84594e-18   -0.0503796 -1.46159e-18    0.0855821  -4.1413e-18   -0.0447258  7.86879e-18   -0.0256499 -1.97074e-18   0.00644385 -5.08868e-18   0.00490558 -3.44774e-19  0.000756656  1.44456e-18  2.15957e-05
 4.53769e-19 -2.26989e-05 -3.64902e-18  -0.00124276  6.74355e-18    0.0133114 -4.31715e-19   -0.0529107  -4.1413e-18    0.0887455 -6.99345e-18   -0.0294306  7.10377e-18    -0.035109 -5.13475e-18  -0.00285132 -7.15719e-18   0.00248441 -1.14942e-18  0.000512738  8.84949e-19
 5.48037e-05  1.77993e-18 -0.000772377 -7.19947e-18   0.00256108  7.37258e-18   0.00431926  4.14453e-18   -0.0447258 -6.99345e-18    0.0863235  -1.0575e-17   -0.0110779 -2.79332e-19    -0.035516 -1.14332e-17  -0.00954564 -1.10726e-17 -0.000184826 -1.32995e-18  0.000102759
-4.60677e-19  0.000204713  4.22331e-18  -0.00212237 -1.03212e-17   0.00871328  5.07619e-18    -0.010597  7.86879e-18   -0.0294306  -1.0575e-17    0.0842223 -1.78032e-17   0.00860128 -1.45036e-17   -0.0263376 -2.17667e-17    -0.010146 -1.33501e-17  -0.00109056 -9.73899e-19
-6.40352e-06 -1.45214e-18  0.000264227  6.96543e-18   -0.0028687 -1.10301e-17    0.0135076  1.25518e-18   -0.0256499  7.10377e-18   -0.0110779 -1.78032e-17    0.0861158 -3.13718e-17    0.0286201 -3.26576e-17   -0.0109906 -3.05614e-17  -0.00589182 -1.10951e-17 -0.000567112
 2.80085e-19   3.7353e-05 -2.76029e-18  -0.00012547  8.37068e-18  -0.00152152 -8.98914e-18    0.0130077 -1.97074e-18    -0.035109 -2.79332e-19   0.00860128 -3.13718e-17    0.0913723 -4.87222e-17    0.0451329 -4.67289e-17   0.00320888 -2.99767e-17  -0.00136846 -5.46121e-18
-6.61917e-06  6.97624e-19  0.000140425 -3.61132e-18 -0.000910685  7.37068e-18    0.0017579 -6.12843e-18   0.00644385 -5.13475e-18    -0.035516 -1.45036e-17    0.0286201 -4.87222e-17    0.0943693 -6.06544e-17    0.0512775 -4.74701e-17   0.00948883 -1.94978e-17  0.000375438
-1.02394e-19 -8.10998e-06   1.0498e-18  0.000171069 -3.34318e-18   -0.0013508  4.54142e-18   0.00468301 -5.08868e-18  -0.00285132 -1.14332e-17   -0.0263376 -3.26576e-17    0.0451329 -6.06544e-17    0.0870119 -5.80951e-17    0.0432327 -3.40236e-17   0.00753871 -7.32886e-18
-1.04731e-06 -2.00642e-19  1.40746e-05  1.12337e-18  6.69882e-06 -2.01464e-18 -0.000831115  1.55818e-18   0.00490558 -7.15719e-18  -0.00954564 -2.17667e-17   -0.0109906 -4.67289e-17    0.0512775 -5.80951e-17    0.0659688 -4.14735e-17    0.0261427 -1.62632e-17   0.00291676
 1.70224e-20 -3.07322e-06 -2.37777e-19  4.08781e-05  9.69511e-19 -0.000210505 -2.85702e-19  0.000211598 -3.44774e-19   0.00248441 -1.10726e-17    -0.010146 -3.05614e-17   0.00320888 -4.74701e-17    0.0432327 -4.14735e-17    0.0381436 -2.10719e-17    0.0105092 -4.45019e-18
-8.94981e-09   2.0476e-20  -1.4652e-06 -2.01451e-19   3.0229e-05  7.85284e-19 -0.000229177  1.05921e-18  0.000756656 -1.14942e-18 -0.000184826 -1.33501e-17  -0.00589182 -2.99767e-17   0.00948883 -3.40236e-17    0.0261427 -2.10719e-17     0.015473  -6.9966e-18   0.00236004
  7.9421e-22 -2.59942e-07  9.51129e-21  2.51421e-06 -1.33894e-19 -3.60304e-06  6.20099e-19 -7.53715e-05  1.44456e-18  0.000512738 -1.32995e-18  -0.00109056 -1.10951e-17  -0.00136846 -1.94978e-17   0.00753871 -1.62632e-17    0.0105092  -6.9966e-18   0.00387816 -1.24477e-18
 5.34897e-09  2.32291e-21 -2.01104e-07 -2.52157e-21  2.38147e-06 -6.69391e-20 -1.27493e-05  3.73947e-19  2.15957e-05  8.84949e-19  0.000102759 -9.73899e-19 -0.000567112 -5.46121e-18  0.000375438 -7.32886e-18   0.00291676 -4.45019e-18   0.00236004 -1.24477e-18  0.000448763
