 0.000173142  2.19534e-19  -0.00113642 -1.48596e-18   0.00246335  3.41892e-18  -0.00224931 -3.13166e-18  0.000201977   6.9493e-19   0.00102433  1.25957e-18 -0.000284763 -6.85179e-19  -0.00036496 -3.41712e-19  6.88505e-05    2.437e-19  7.94282e-05  1.12894e-20  3.41593e-06
 2.19534e-19    0.0016755  5.15472e-19  -0.00581611 -5.18123e-18   0.00837542  8.06394e-18  -0.00431466 -5.20606e-18  -0.00205697 -1.73539e-18   0.00265353  4.20142e-18  0.000461026 -1.16959e-18 -0.000920657 -7.25575e-19 -0.000162016  1.30423e-19  0.000122783  5.13833e-20
 -0.00113642  5.15472e-19   0.00751557  3.44679e-18   -0.0165648 -1.38621e-17    0.0157578  1.69893e-17  -0.00227334 -8.89002e-18  -0.00693861 -3.41005e-18   0.00276134  4.65273e-18   0.00234247  2.37075e-19 -0.000916589 -1.00038e-18 -0.000547662 -2.23414e-19  4.39158e-05
-1.48596e-18  -0.00581611  3.44679e-18    0.0205355  7.20187e-18   -0.0307201 -1.81089e-17    0.0178714  2.01724e-17    0.0056753  -5.4688e-18   -0.0108233 -6.52909e-18  1.95896e-05   2.9672e-18   0.00391552  2.68985e-18  -0.00013352 -9.17057e-19 -0.000699707 -3.87021e-19
  0.00246335 -5.18123e-18   -0.0165648  7.20187e-18    0.0378971    6.724e-18   -0.0394121 -1.73899e-17    0.0106023  1.58988e-17    0.0149288   3.8273e-18   -0.0103227  -1.0514e-17  -0.00384223  7.37356e-19   0.00406327  4.33336e-18  0.000812517 -4.74399e-19 -0.000488677
 3.41892e-18   0.00837542 -1.38621e-17   -0.0307201    6.724e-18    0.0499064  6.09981e-18   -0.0363744 -2.12624e-17  -0.00129622  1.09401e-17    0.0196883  1.17245e-17  -0.00657924 -1.36316e-17  -0.00657273 -1.16501e-18    0.0031599  4.42657e-18    0.0014079  2.05428e-19
 -0.00224931  8.06394e-18    0.0157578 -1.81089e-17   -0.0394121  6.09981e-18    0.0494182  1.09025e-17   -0.0259894 -2.85594e-17   -0.0100127  9.32051e-18    0.0197367  1.58544e-17  -0.00264209 -1.44195e-17  -0.00785268 -2.88455e-18   0.00192115  3.52385e-18    0.0014752
-3.13166e-18  -0.00431466  1.69893e-17    0.0178714 -1.73899e-17   -0.0363744  1.09025e-17    0.0405818  1.71639e-17   -0.0172859 -3.26947e-17   -0.0137522   9.9474e-18    0.0183133  1.82566e-17  0.000387013 -1.23019e-17  -0.00829041 -4.83523e-18   0.00066755  2.04942e-18
 0.000201977 -5.20606e-18  -0.00227334  2.01724e-17    0.0106023 -2.12624e-17   -0.0259894  1.71639e-17    0.0328184    1.942e-17   -0.0132758 -3.35817e-17    -0.015451  9.11706e-18    0.0170891  2.05596e-17   0.00284661 -8.52864e-18  -0.00813966 -7.05333e-18 -0.000735468
  6.9493e-19  -0.00205697 -8.89002e-18    0.0056753  1.58988e-17  -0.00129622 -2.85594e-17   -0.0172859    1.942e-17    0.0295954  1.88381e-17   -0.0114892 -3.48077e-17   -0.0169946   4.8065e-18    0.0160436  2.31519e-17   0.00498424 -5.12501e-18  -0.00773947 -8.57507e-18
  0.00102433 -1.73539e-18  -0.00693861  -5.4688e-18    0.0149288  1.09401e-17   -0.0100127 -3.26947e-17   -0.0132758  1.88381e-17    0.0286675  1.97724e-17   -0.0101417 -3.80393e-17   -0.0185639 -1.36116e-18    0.0151882   2.6186e-17   0.00702434 -2.87797e-18  -0.00578671
 1.25957e-18   0.00265353 -3.41005e-18   -0.0108233   3.8273e-18    0.0196883  9.32051e-18   -0.0137522 -3.35817e-17   -0.0114892  1.97724e-17    0.0283564  2.42561e-17  -0.00915708  -4.1899e-17   -0.0203083 -6.28963e-18    0.0143058  2.85618e-17   0.00917531  1.12394e-18
-0.000284763  4.20142e-18   0.00276134 -6.52909e-18   -0.0103227  1.17245e-17    0.0197367   9.9474e-18    -0.015451 -3.48077e-17   -0.0101417  2.42561e-17    0.0286918  3.01665e-17  -0.00842934 -4.40248e-17   -0.0226062 -8.74904e-18    0.0130335   2.9791e-17    0.0128725
-6.85179e-19  0.000461026  4.65273e-18  1.95896e-05  -1.0514e-17  -0.00657924  1.58544e-17    0.0183133  9.11706e-18   -0.0169946 -3.80393e-17  -0.00915708  3.01665e-17    0.0297783  3.34922e-17  -0.00788309 -4.42074e-17   -0.0250311 -9.61951e-18    0.0142921  2.53236e-17
 -0.00036496 -1.16959e-18   0.00234247   2.9672e-18  -0.00384223 -1.36316e-17  -0.00264209  1.82566e-17    0.0170891   4.8065e-18   -0.0185639  -4.1899e-17  -0.00842934  3.34922e-17    0.0316075   3.2749e-17   -0.0082046 -4.32018e-17   -0.0297583 -1.55905e-17   0.00217093
-3.41712e-19 -0.000920657  2.37075e-19   0.00391552  7.37356e-19  -0.00657273 -1.44195e-17  0.000387013  2.05596e-17    0.0160436 -1.36116e-18   -0.0203083 -4.40248e-17  -0.00788309   3.2749e-17    0.0351289  3.33554e-17  -0.00601625 -4.54606e-17   -0.0383834 -4.22828e-17
 6.88505e-05 -7.25575e-19 -0.000916589  2.68985e-18   0.00406327 -1.16501e-18  -0.00785268 -1.23019e-17   0.00284661  2.31519e-17    0.0151882 -6.28963e-18   -0.0226062 -4.42074e-17   -0.0082046  3.33554e-17    0.0407793  3.94632e-17   -0.0066489 -6.37694e-17   -0.0530119
   2.437e-19 -0.000162016 -1.00038e-18  -0.00013352  4.33336e-18    0.0031599 -2.88455e-18  -0.00829041 -8.52864e-18   0.00498424   2.6186e-17    0.0143058 -8.74904e-18   -0.0250311 -4.32018e-17  -0.00601625  3.94632e-17    0.0433862  4.40349e-17   -0.0206655 -4.44178e-17
 7.94282e-05  1.30423e-19 -0.000547662 -9.17057e-19  0.000812517  4.42657e-18   0.00192115 -4.83523e-18  -0.00813966 -5.12501e-18   0.00702434  2.85618e-17    0.0130335 -9.61951e-18   -0.0297583 -4.54606e-17   -0.0066489  4.40349e-17    0.0745773  9.18969e-17    0.0796645
 1.12894e-20  0.000122783 -2.23414e-19 -0.000699707 -4.74399e-19    0.0014079  3.52385e-18   0.00066755 -7.05333e-18  -0.00773947 -2.87797e-18   0.00917531   2.9791e-17    0.0142921 -1.55905e-17   -0.0383834 -6.37694e-17   -0.0206655  9.18969e-17     0.100993  2.28262e-16
 3.41593e-06  5.13833e-20  4.39158e-05 -3.87021e-19 -0.000488677  2.05428e-19    0.0014752  2.04942e-18 -0.000735468 -8.57507e-18  -0.00578671  1.12394e-18    0.0128725  2.53236e-17   0.00217093 -4.22828e-17   -0.0530119 -4.44178e-17    0.0796645  2.28262e-16     0.287917
