 1.08475e-33 -1.21853e-36 -1.51253e-33  5.28494e-36   4.4392e-34 -5.57808e-36  9.77539e-35  4.85045e-36  7.25283e-35 -4.61727e-36  2.38562e-34  9.09355e-36 -2.07444e-34  5.44046e-36  8.87337e-35 -2.45139e-36 -5.19258e-35  2.14125e-36  6.63995e-35 -2.35113e-37 -2.52815e-35 -4.20982e-37  6.62805e-36   4.9001e-37 -1.70903e-36  7.56769e-38   3.5087e-36  5.70493e-38  9.08248e-37  7.35305e-39 -3.24185e-37 -1.17373e-38  1.00562e-36  1.26136e-38 -4.42102e-37 -1.48184e-38  2.02018e-37 -1.46728e-39 -4.24225e-38 -1.14339e-39  1.76905e-38 -2.52424e-40  1.19076e-38  5.69731e-40  2.54592e-39 -1.28583e-40 -2.48425e-38  2.06841e-40  1.04162e-37 -1.22273e-40 -3.38193e-37  4.87752e-41  9.81554e-37 -3.37791e-41 -2.60393e-36  6.20701e-41  6.29964e-36 -1.71502e-40 -1.38681e-35  4.86015e-40  2.76766e-35 -1.28587e-39 -4.98453e-35  3.16573e-39  8.05414e-35 -7.28349e-39 -1.15879e-34  1.56525e-38  1.46955e-34 -3.14002e-38  -1.6196e-34  5.87475e-38  1.51871e-34 -1.02394e-37 -1.16965e-34  1.66043e-37  6.89253e-35 -2.50125e-37 -2.52285e-35  3.49384e-37 -1.17571e-36 -4.51598e-37  8.81955e-36  5.38827e-37 -5.68667e-36 -5.91784e-37  1.03342e-36  5.96283e-37  8.64226e-37 -5.49045e-37 -6.13192e-37  4.59817e-37  5.17255e-38  -3.4825e-37  9.67318e-38   2.3682e-37 -3.22421e-38 -1.43276e-37 -8.48177e-39  7.61703e-38  6.14208e-39 -3.49577e-38  -2.8836e-40  1.34648e-38  -2.1024e-40 -4.12788e-39 -1.52884e-40  8.78251e-40  9.74891e-41 -5.22852e-41 -2.14226e-41 -5.27931e-41  4.74378e-42  2.79368e-41 -1.48604e-42 -8.13265e-42  2.90103e-43  1.59205e-42 -3.34376e-44 -2.11532e-43  3.23065e-45  1.78985e-44 -2.21534e-46  -8.1843e-46  5.66226e-48   1.2015e-47
-1.21853e-36  3.29496e-33 -6.25245e-36 -2.79733e-33   2.0021e-35  7.19235e-34 -1.37273e-35   1.6823e-34  1.67907e-35 -2.84396e-35 -8.46748e-36  4.81547e-34  1.51989e-35 -2.72865e-34  1.15737e-35   1.3125e-34 -3.23181e-36 -9.67291e-35   3.6298e-36  1.37993e-34 -4.05906e-37 -7.46774e-35 -1.18831e-36  1.44247e-35  1.49725e-36 -4.63496e-36  1.49677e-37  8.72705e-36  1.63992e-37  3.23745e-36  7.02348e-38 -1.06414e-36 -2.54717e-38  2.69161e-36  2.78561e-38 -1.22435e-36 -3.44673e-38  5.70269e-37 -5.79838e-39 -8.17306e-38 -2.56649e-39  4.32983e-38  -1.2935e-39 -1.55281e-38  2.22889e-39  2.65379e-37 -6.45382e-40 -1.00345e-36  6.40178e-40  3.37759e-36 -4.07337e-40 -1.02575e-35  2.39838e-40   2.8454e-35 -3.81497e-40 -7.21037e-35  1.04837e-39  1.66479e-34  -2.9932e-39 -3.49127e-34  8.15661e-39  6.62299e-34 -2.07837e-38 -1.13064e-33  4.94728e-38  1.72544e-33 -1.10052e-37 -2.33332e-33  2.28639e-37  2.76277e-33 -4.43286e-37  -2.8152e-33  8.01264e-37  2.40251e-33 -1.34872e-36 -1.63469e-33  2.11119e-36  7.89787e-34 -3.06829e-36 -1.58443e-34  4.13262e-36 -1.27368e-34 -5.14734e-36  1.40978e-34  5.91413e-36 -5.45206e-35 -6.25021e-36 -6.04572e-36  6.05522e-36  1.57762e-35 -5.35633e-36 -5.09949e-36  4.30571e-36 -1.35376e-36 -3.12722e-36  1.27913e-36  2.03754e-36   -7.682e-38 -1.18015e-36 -1.64986e-37   6.0035e-37  3.40028e-38 -2.63719e-37  1.10688e-38  9.74621e-38 -1.73251e-39 -2.89324e-38  -1.7176e-39  6.19506e-39  5.12292e-40 -5.88448e-40 -5.21137e-41 -1.91371e-40  2.03643e-41  1.13125e-40 -7.10549e-42 -3.10519e-41  9.57892e-43  5.45744e-42 -8.76423e-44 -6.24797e-43  9.13492e-45  4.30323e-44 -4.49079e-46 -1.41286e-45  4.79356e-48
-1.51253e-33 -6.25245e-36  5.54653e-33 -1.71668e-35 -3.19804e-33   4.4836e-35  8.28258e-34 -2.21206e-35  3.11489e-34  3.85929e-35 -2.55819e-34 -9.97625e-36  5.81586e-34   1.9441e-35 -2.65015e-34  1.66783e-35  1.97011e-34 -2.31034e-36  -1.5386e-34  3.68891e-36  2.08041e-34 -1.78023e-37 -1.52021e-34 -2.11613e-36  2.24951e-35  3.02974e-36 -7.71909e-36  1.08331e-37  1.44708e-35  3.22649e-37  7.49677e-36   2.2791e-37 -2.70635e-36  -2.1653e-38  5.21927e-36  4.83116e-38 -2.54573e-36 -5.72184e-38  1.24585e-36 -1.45744e-38 -1.97495e-37 -3.49164e-39  4.56948e-37 -4.05233e-39 -1.64608e-36  6.04624e-39  6.70772e-36 -1.78942e-39 -2.32639e-35  1.44474e-39  7.37975e-35 -1.21513e-39 -2.14081e-34   1.6278e-39  5.67792e-34 -4.33993e-39 -1.37401e-33  1.27534e-38  3.02504e-33 -3.57346e-38 -6.03728e-33  9.40822e-38  1.08723e-32 -2.31641e-37 -1.75636e-32  5.33079e-37  2.52577e-32 -1.14622e-36 -3.20047e-32  2.30117e-36  3.52234e-32  -4.3098e-36 -3.29516e-32   7.5222e-36  2.52715e-32 -1.22202e-35 -1.47634e-32  1.84518e-35  5.26188e-33 -2.58525e-35  4.16483e-34   3.3546e-35 -1.98934e-33 -4.02249e-35  1.23996e-33  4.44591e-35 -2.03292e-34 -4.51605e-35 -2.03009e-34  4.20143e-35  1.35914e-34 -3.56551e-35 -8.70385e-36  2.74689e-35 -2.27357e-35 -1.90997e-35   7.2571e-36  1.19002e-35  1.87448e-36 -6.58353e-36 -1.21733e-36  3.19548e-36 -6.92757e-38 -1.33838e-36  1.11991e-37  4.71857e-37  7.59708e-39 -1.34242e-37 -1.08534e-38  2.81462e-38  8.53823e-40 -3.12315e-39  3.04128e-41 -4.28278e-40  9.27733e-41   3.0465e-40 -2.15531e-41 -7.80399e-41  1.50906e-42  1.20712e-41  -1.6929e-43 -1.15311e-42  1.82946e-44  6.08075e-44 -4.28259e-46 -1.16213e-45
 5.28494e-36 -2.79733e-33 -1.71668e-35  6.72874e-33 -3.01871e-35 -2.99178e-33  6.92499e-35  9.61175e-34 -2.79634e-35  2.65558e-34  6.54232e-35 -3.97236e-34  -5.1457e-36  4.46651e-34  2.16449e-35  -2.5028e-34  1.97371e-35  3.20758e-34  3.97251e-37 -2.31361e-34  1.87256e-36  2.65918e-34  6.95948e-37 -2.50945e-34 -2.76655e-36  3.12867e-35  4.79383e-36 -9.56852e-36 -1.78057e-37  1.87873e-35  4.65698e-37  1.34573e-35  5.07376e-37 -5.77564e-36  1.99854e-38  8.65327e-36  7.76495e-38 -4.62463e-36 -8.00403e-38  2.72374e-36 -2.95262e-38 -2.19809e-36 -2.58136e-39  9.00665e-36 -9.75997e-39 -3.51259e-35  1.31751e-38  1.27627e-34 -3.66675e-39  -4.2232e-34  3.35724e-39  1.28052e-33 -5.63738e-39 -3.55304e-33  1.43832e-38  9.00535e-33 -4.31673e-38 -2.07968e-32  1.25004e-37  4.36198e-32 -3.39813e-37 -8.27525e-32  8.64897e-37  1.41261e-31 -2.05836e-36 -2.15522e-31  4.57834e-36  2.91299e-31   -9.512e-36 -3.44583e-31  1.84452e-35  3.50536e-31 -3.33536e-35 -2.98267e-31  5.61784e-35  2.01791e-31 -8.80243e-35 -9.61562e-32  1.28112e-34  1.77932e-32 -1.72897e-34  1.70272e-32   2.1594e-34 -1.78982e-32 -2.49025e-34  6.65417e-33  2.64475e-34  9.59866e-34   -2.579e-34  -2.0519e-33  2.30103e-34  6.26939e-34 -1.87075e-34  1.91829e-34  1.37913e-34 -1.65859e-34 -9.16474e-35  7.63959e-36  5.44998e-35  2.14476e-35 -2.87354e-35 -3.61394e-36  1.32721e-35  -1.9146e-36 -5.28164e-36  4.03674e-37  1.76745e-36  1.47948e-37 -4.77845e-37 -3.33236e-38  9.62512e-38 -4.20885e-39 -1.11648e-38  1.51517e-41 -6.53126e-40  3.83406e-40  6.32888e-40 -3.36274e-41 -1.48835e-40  6.63639e-43  1.97282e-41 -3.84568e-43 -1.50324e-42   2.3478e-44    5.481e-44 -1.14644e-46
  4.4392e-34   2.0021e-35 -3.19804e-33 -3.01871e-35  7.16384e-33 -3.52871e-35 -2.86322e-33  7.74715e-35   1.2052e-33 -2.98238e-35 -1.44399e-34  8.59001e-35  -3.5925e-34  9.40204e-36  1.25902e-34  2.02383e-35 -2.94081e-34  2.12917e-35  5.19709e-34   4.7318e-36 -3.40724e-34  -1.1272e-36  3.11307e-34  2.16622e-36 -3.59648e-34  -2.7604e-36  4.17167e-35  6.31024e-36 -8.89753e-36  -7.4397e-37  2.04148e-35  4.77384e-37  2.07627e-35  9.22011e-37 -1.08589e-35  1.03049e-37  1.34497e-35  1.20544e-37   -9.031e-36 -1.03929e-37  1.23223e-35 -5.33593e-38 -3.82884e-35  1.88369e-39  1.56805e-34 -1.97895e-38 -5.89938e-34  2.48589e-38  2.03927e-33  -7.7577e-39 -6.45986e-33  1.39373e-38  1.87428e-32 -4.05699e-38 -4.97261e-32  1.23933e-37  1.20367e-31 -3.70234e-37 -2.65068e-31  1.04032e-36  5.29113e-31 -2.73626e-36 -9.52941e-31  6.73211e-36  1.53934e-30 -1.54841e-35  -2.2131e-30  3.32763e-35  2.80259e-30 -6.67743e-35 -3.08095e-30  1.25011e-34  2.87632e-30 -2.18132e-34 -2.19744e-30  3.54332e-34  1.27316e-30 -5.35097e-34 -4.41778e-31  7.50074e-34 -4.99519e-32 -9.74194e-34  1.80178e-31  1.16996e-33 -1.08837e-31 -1.29617e-33  1.59574e-32  1.32118e-33  1.90862e-32 -1.23519e-33 -1.21388e-32  1.05544e-33  5.58815e-34 -8.20808e-34  2.11732e-33  5.78094e-34 -6.33582e-34 -3.66514e-34 -1.86402e-34  2.07627e-34  1.09576e-34 -1.04109e-34  9.72899e-36  4.56399e-35 -1.14049e-35  -1.7201e-35 -3.71155e-37  5.43884e-36  8.06622e-37 -1.38722e-36  8.65814e-39  2.64506e-37 -2.68874e-38 -3.02502e-38 -3.42828e-39 -6.53503e-40  9.68987e-40  1.08267e-39  1.58567e-41 -2.27886e-40  8.21048e-43  2.49535e-41 -7.96213e-43 -1.41723e-42  1.12469e-44  2.87253e-44
-5.57808e-36  7.19235e-34   4.4836e-35 -2.99178e-33 -3.52871e-35  7.62728e-33 -2.39621e-35 -2.90935e-33  6.09954e-35  1.48542e-33 -2.65396e-35  -8.4069e-34   8.9576e-35 -2.11506e-34   3.3016e-35 -2.40973e-34  1.28792e-35 -4.43679e-34  2.22943e-35  7.97579e-34  1.03708e-35 -4.90681e-34 -3.87377e-36  3.50839e-34  3.89059e-36 -4.64639e-34 -2.04611e-36  5.37732e-35    7.098e-36  -4.8833e-36 -1.47484e-36  1.88601e-35  2.47127e-37  2.96165e-35  1.48381e-36 -1.93311e-35     2.09e-37  2.48402e-35  1.79882e-37 -4.09759e-35  -1.3449e-37  1.47107e-34 -8.95878e-38 -6.05402e-34  1.25811e-38  2.37886e-33 -3.61527e-38 -8.57911e-33  4.56024e-38  2.83886e-32 -3.08247e-38 -8.60951e-32  9.56802e-38  2.38974e-31  -3.1216e-37 -6.05912e-31  9.61238e-37  1.39976e-30 -2.79073e-36 -2.93675e-30   7.5865e-36  5.57265e-30 -1.92918e-35 -9.51382e-30  4.58712e-35  1.45145e-29 -1.01937e-34 -1.96118e-29  2.11588e-34  2.31828e-29 -4.09912e-34 -2.35509e-29  7.40526e-34  1.99869e-29 -1.24616e-33 -1.34507e-29  1.95094e-33  6.32405e-30 -2.83746e-33 -1.07185e-30   3.8275e-33 -1.22049e-30 -4.77958e-33  1.22612e-30  5.51357e-33 -4.38766e-31 -5.86138e-33 -7.82066e-32  5.72667e-33  1.43821e-31 -5.12598e-33 -4.16217e-32  4.18842e-33 -1.44592e-32 -3.11083e-33  1.15565e-32  2.08959e-33 -3.21415e-34 -1.26166e-33 -1.55606e-33  6.79546e-34  2.34735e-34 -3.23357e-34    1.455e-34  1.34219e-34 -2.94801e-35 -4.77612e-35 -1.01129e-35  1.42095e-35  1.86038e-36 -3.39673e-36  4.92858e-37  6.05446e-37 -4.12678e-38 -6.56553e-38 -1.90437e-38 -3.36174e-40  7.03148e-40   1.5871e-39  1.64928e-40 -2.88065e-40  1.17942e-41  2.47446e-41 -8.80553e-43 -9.34592e-43 -6.49025e-45
 9.77539e-35 -1.37273e-35  8.28258e-34  6.92499e-35 -2.86322e-33 -2.39621e-35   8.2978e-33  2.68678e-36 -2.84979e-33  2.43663e-35  1.73247e-33 -1.72333e-35 -1.60047e-33  7.41196e-35 -6.20521e-35  6.04457e-35 -5.07152e-34 -1.52718e-36 -7.13951e-34  2.30879e-35  1.13676e-33  1.68999e-35 -6.76628e-34 -5.02852e-36   3.9271e-34  5.39137e-36 -5.54007e-34  -9.6413e-37  6.65295e-35   6.8678e-36  2.49705e-36  -2.1438e-36  1.34646e-35 -2.74761e-37  4.28806e-35  2.21305e-36 -4.63204e-35  3.05695e-37  1.21514e-34  2.55474e-37 -4.79658e-34 -1.78145e-37  2.08666e-33 -1.40839e-37 -8.52563e-33  3.53926e-38  3.21009e-32 -6.83024e-38 -1.10924e-31  1.10463e-37  3.51516e-31 -2.04139e-37 -1.02033e-30  6.96269e-37  2.70818e-30 -2.23539e-36 -6.55819e-30    6.704e-36  1.44479e-29  -1.8834e-35 -2.88499e-29  4.94988e-35  5.19728e-29 -1.21654e-34 -8.39666e-29   2.7949e-34  1.20712e-28 -5.99911e-34 -1.52811e-28  1.20225e-33  1.67846e-28 -2.24767e-33 -1.56428e-28  3.91626e-33  1.19095e-28 -6.35197e-33 -6.84655e-29  9.57775e-33  2.31302e-29 -1.34052e-32  3.42851e-30  1.73856e-32 -1.01511e-29 -2.08527e-32  5.95731e-30  2.30801e-32 -7.73873e-31 -2.35145e-32 -1.11228e-30  2.19907e-32  6.75523e-31 -1.88173e-32 -1.91464e-32   1.4679e-32 -1.22728e-31 -1.03941e-32  3.44498e-32  6.64673e-33  1.15485e-32 -3.81465e-33 -6.26196e-33  1.94961e-33 -6.63987e-34 -8.78526e-34  6.68476e-34  3.44455e-34  2.69604e-35 -1.15398e-34 -4.56644e-35  3.21766e-35 -1.87582e-36 -7.16457e-36  1.87863e-36  1.18018e-36  1.51051e-37 -1.17611e-37 -4.32336e-38 -3.31207e-41  -3.4142e-39  2.04707e-39  1.70622e-40 -3.04463e-40  3.29863e-41  1.90122e-41 -6.99644e-44 -3.75805e-43
 4.85045e-36   1.6823e-34 -2.21206e-35  9.61175e-34  7.74715e-35 -2.90935e-33  2.68678e-36  9.02251e-33  3.47304e-35 -2.56519e-33 -2.06506e-35  1.92194e-33 -3.47377e-36 -2.21257e-33  4.61817e-35  4.78279e-35  8.44505e-35 -5.84272e-34 -2.14582e-35 -1.08184e-33  2.33637e-35  1.49403e-33  2.39229e-35 -8.78841e-34 -4.05075e-36  4.42082e-34  6.25285e-36 -6.18926e-34 -7.73518e-38  7.84037e-35  5.62707e-36  1.31009e-35  -2.5185e-36 -2.75621e-36 -1.05351e-36   1.0032e-34  3.13518e-36 -3.12199e-34  3.64247e-37  1.41457e-33  3.43847e-37  -6.4562e-33 -2.34357e-37  2.75714e-32 -2.08775e-37 -1.08327e-31  9.22474e-38  3.90855e-31 -1.83483e-37 -1.29387e-30  4.71276e-37  3.92588e-30 -1.41535e-36 -1.09025e-29  4.71281e-36  2.76566e-29 -1.46388e-35 -6.39222e-29  4.24987e-35  1.34172e-28 -1.15434e-34   -2.547e-28  2.93225e-34  4.34965e-28 -6.96364e-34 -6.63702e-28  1.54541e-33  8.96727e-28 -3.20302e-33 -1.05955e-27  6.19526e-33  1.07524e-27 -1.11724e-32 -9.10483e-28  1.87652e-32  6.09786e-28 -2.93181e-32  -2.8303e-28  4.25476e-32  4.36034e-29  -5.7262e-32  5.91313e-29  7.13373e-32 -5.70914e-29 -8.20984e-32  1.96937e-29  8.70814e-32   4.1883e-30  -8.4913e-32 -6.84419e-30  7.58981e-32  1.87849e-30 -6.19844e-32  7.35298e-31  4.60799e-32 -5.48545e-31 -3.10485e-32  5.81287e-33   1.8864e-32  7.67688e-32 -1.02697e-32  -1.0529e-32  4.97021e-33 -7.32619e-33 -2.11643e-33  1.37318e-33  7.82058e-34  5.15846e-34 -2.45994e-34 -8.43167e-35  6.40455e-35 -2.70537e-35 -1.32049e-35  2.27849e-36  1.98791e-36   8.8528e-37 -1.76778e-37 -1.20907e-38 -5.16156e-40  -1.0941e-38  2.35557e-39  -4.2823e-40  -2.6897e-40  3.23571e-41  1.08038e-41  6.10856e-43
 7.25283e-35  1.67907e-35  3.11489e-34 -2.79634e-35   1.2052e-33  6.09954e-35 -2.84979e-33  3.47304e-35  9.77009e-33  6.12783e-35 -2.19735e-33 -6.39737e-35  2.03387e-33  9.59729e-36 -2.57341e-33  1.65387e-35  1.46248e-34  9.89745e-35 -4.63949e-34 -4.31634e-35 -1.49648e-33   2.2772e-35  1.81112e-33  3.11252e-35 -1.07033e-33  -1.4136e-36  4.97862e-34  6.23782e-36 -6.53287e-34  9.20148e-38  8.52476e-35  3.65533e-36  4.02737e-35 -2.47652e-36 -1.28068e-34 -1.98733e-36  7.65109e-34  4.26461e-36 -3.78553e-33   3.7614e-37  1.82119e-32  4.35765e-37 -8.12141e-32 -2.83334e-37  3.33129e-31 -3.13107e-37 -1.25482e-30  3.05437e-37   4.3383e-30 -8.30981e-37 -1.37553e-29  2.74889e-36   3.9949e-29 -9.13359e-36 -1.06093e-28  2.93539e-35  2.57063e-28 -8.81192e-35 -5.66627e-28  2.47362e-34  1.13203e-27 -6.49428e-34 -2.04027e-27  1.59419e-33  3.29739e-27 -3.65759e-33 -4.74124e-27  7.83905e-33  6.00148e-27 -1.56837e-32 -6.58836e-27  2.92674e-32  6.13182e-27 -5.08904e-32 -4.65435e-27  8.23555e-32  2.65641e-27 -1.23871e-31 -8.74008e-28    1.729e-31 -1.61168e-28 -2.23574e-31  4.11645e-28  2.67303e-31 -2.35296e-28 -2.94852e-31  2.67924e-29  2.99348e-31  4.65323e-29 -2.78973e-31 -2.71154e-29  2.37946e-31  2.99706e-31 -1.85133e-31  5.12821e-30  1.30903e-31 -1.35611e-30 -8.37537e-32   -5.098e-31  4.82412e-32   2.5828e-31 -2.48578e-32  3.14569e-32  1.13672e-32 -2.80434e-32 -4.56432e-33 -1.49717e-33  1.58604e-33  1.94437e-33 -4.67216e-34  1.05269e-34  1.13182e-34  -8.2742e-35 -2.14833e-35 -6.67578e-36   2.9223e-36  1.73055e-36 -2.24713e-37  1.79852e-37 -2.45702e-39 -9.03271e-39  2.41553e-39 -1.32364e-39 -1.95175e-40  -6.0006e-42  3.95024e-42
-4.61727e-36 -2.84396e-35  3.85929e-35  2.65558e-34 -2.98238e-35  1.48542e-33  2.43663e-35 -2.56519e-33  6.12783e-35  1.06053e-32  7.68924e-35 -1.96914e-33 -1.00659e-34  2.06451e-33  1.54928e-35 -2.70472e-33 -5.81753e-36  2.70328e-34  1.00943e-34 -2.00786e-34  -6.2313e-35 -1.89491e-33  2.13462e-35  2.03417e-33  3.82076e-35 -1.22664e-33  1.65565e-36  5.51912e-34  5.28552e-36 -6.49161e-34 -7.54568e-37   5.1403e-35  1.37661e-36  3.02107e-34 -2.06886e-36 -1.68964e-33  -2.9494e-36  9.32846e-33  5.58231e-36 -4.71506e-32  3.65039e-37  2.19715e-31  5.04759e-37 -9.40799e-31 -2.50483e-37  3.69954e-30 -6.26124e-37 -1.33557e-29  1.42023e-36  4.42381e-29 -4.76771e-36  -1.3431e-28  1.65321e-35  3.73221e-28 -5.45269e-35 -9.47363e-28  1.69243e-34  2.19101e-27 -4.91084e-34 -4.60174e-27  1.33258e-33   8.7406e-27 -3.38123e-33 -1.49344e-26  8.01974e-33   2.2797e-26 -1.77726e-32  -3.0807e-26  3.67771e-32  3.63958e-26 -7.10077e-32 -3.69081e-26  1.27799e-31  3.11962e-26 -2.14175e-31 -2.08038e-26  3.33786e-31  9.53883e-27  -4.8305e-31 -1.32492e-27  6.48068e-31 -2.14403e-27 -8.04534e-31   1.9995e-27   9.2228e-31 -6.66004e-28 -9.74037e-31 -1.64732e-28  9.45324e-31  2.44817e-28 -8.40747e-31 -6.38518e-29  6.83122e-31 -2.79295e-29 -5.05375e-31  1.96308e-29  3.39139e-31  1.00579e-31 -2.05559e-31 -2.84199e-30  1.11971e-31  3.54621e-31 -5.44761e-32  2.76972e-31  2.34831e-32 -4.79815e-32 -8.87215e-33 -1.99846e-32   2.8931e-33    2.989e-33 -7.96307e-34  1.06172e-33  1.78902e-34 -8.12004e-35 -3.10832e-35 -3.38877e-35  3.77459e-36  1.38005e-37 -2.41753e-37   4.4315e-37 -5.64589e-39  1.65008e-38  2.16871e-39 -1.12014e-39 -1.10763e-40 -2.76735e-41
 2.38562e-34 -8.46748e-36 -2.55819e-34  6.54232e-35 -1.44399e-34 -2.65396e-35  1.73247e-33 -2.06506e-35 -2.19735e-33  7.68924e-35   1.1531e-32  8.22557e-35 -2.03199e-33 -1.29003e-34  2.07461e-33  1.02554e-35 -2.70586e-33  -1.6844e-35   4.1998e-34  9.05805e-35   1.2128e-34 -7.55447e-35 -2.21536e-33  1.93471e-35  2.13128e-33  4.47592e-35 -1.33087e-33  3.67479e-36  5.84625e-34    3.455e-36 -5.39167e-34  -2.6689e-36 -4.84202e-34  -8.0055e-37  3.68273e-33 -1.50646e-36 -2.12502e-32 -3.82718e-36  1.12785e-31  7.01404e-36 -5.49186e-31  3.96165e-37  2.45513e-30  4.57065e-37 -1.00782e-29  1.85673e-37  3.79865e-29 -2.27034e-36 -1.31413e-28  7.81271e-36  4.16941e-28 -2.77133e-35 -1.21173e-27  9.45774e-35  3.22028e-27 -3.03014e-34 -7.80824e-27  9.08906e-34  1.72234e-26 -2.54932e-33 -3.44337e-26  6.68629e-33  6.21006e-26 -1.63945e-32 -1.00421e-25  3.75661e-32  1.44456e-25  -8.0397e-32 -1.82889e-25  1.60592e-31   2.0073e-25  -2.9914e-31  -1.8664e-25  5.19091e-31  1.41311e-25 -8.38114e-31 -8.01225e-26  1.25733e-30  2.56892e-26 -1.74981e-30  5.68452e-27  2.25502e-30 -1.29475e-26 -2.68566e-30  7.22651e-27  2.94931e-30 -7.12584e-28 -2.97912e-30 -1.50682e-27  2.76042e-30  8.46385e-28 -2.33936e-30  4.66765e-30  1.80746e-30 -1.66382e-28 -1.26877e-30  4.16475e-29  8.06126e-31  1.73213e-29 -4.61657e-31 -8.28042e-30  2.37159e-31 -1.13792e-30 -1.08642e-31  9.16576e-31  4.40347e-32  6.03112e-32 -1.56191e-32 -6.47505e-32  4.77033e-33 -4.12461e-33 -1.22434e-33  2.77917e-33  2.54342e-34  2.44066e-34 -4.02186e-35 -5.70831e-35  4.30303e-36 -6.59816e-36 -2.18593e-37  3.00538e-37 -8.75267e-39  4.57213e-38  1.64471e-39    3.344e-40 -4.27893e-41
 9.09355e-36  4.81547e-34 -9.97625e-36 -3.97236e-34  8.59001e-35  -8.4069e-34 -1.72333e-35  1.92194e-33 -6.39737e-35 -1.96914e-33  8.22557e-35  1.24949e-32  8.11218e-35 -2.42086e-33  -1.4791e-34  2.19033e-33 -5.31945e-36  -2.6813e-33 -1.71706e-35  5.60747e-34  7.08974e-35   4.2151e-34 -8.10007e-35 -2.41007e-33  1.67988e-35  2.10006e-33  5.02527e-35 -1.36125e-33  3.37085e-36  4.63385e-34  8.98626e-37  5.61441e-34 -5.55398e-36 -7.34876e-33 -2.59873e-36  4.51291e-32 -1.08954e-36 -2.50519e-31  -4.5365e-36  1.27453e-30  8.40868e-36 -5.94936e-30   6.2359e-37  2.54948e-29 -1.37528e-37 -1.00319e-28  2.71032e-36  3.62404e-28 -1.17461e-35 -1.20124e-27  4.36594e-35  3.64971e-27 -1.53516e-34 -1.01496e-26  5.08428e-34  2.57833e-26 -1.57605e-33 -5.96776e-26  4.56952e-33   1.2544e-25 -1.23886e-32 -2.38447e-25  3.14023e-32  4.07714e-25 -7.43967e-32 -6.22761e-25  1.64661e-31  8.41971e-25 -3.40253e-31 -9.94897e-25  6.55906e-31  1.00856e-24 -1.17841e-30 -8.51311e-25  1.97093e-30   5.6562e-25 -3.06474e-30 -2.56411e-25  4.42389e-30  3.18367e-26 -5.91768e-30   6.1644e-26   7.3213e-30 -5.57853e-26 -8.35921e-30  1.79793e-26  8.78671e-30  5.06848e-27 -8.48022e-30 -6.97352e-27  7.49264e-30  1.73319e-27 -6.04133e-30   8.3949e-28  4.43024e-30 -5.60802e-28 -2.94415e-30 -1.09082e-29   1.7664e-30  8.37094e-29  -9.5294e-31 -9.51184e-30  4.60201e-31 -8.34263e-30 -1.97873e-31  1.34438e-30  7.51975e-32  6.15138e-31 -2.49841e-32 -8.51743e-32   7.1346e-33 -3.29406e-32 -1.70474e-33  2.25708e-33  3.26607e-34  1.05208e-33 -4.67332e-35  1.89141e-36  4.34093e-36 -1.38477e-35 -1.63118e-37  -5.5043e-37 -1.00898e-38  3.34025e-38  9.88334e-40  9.18549e-40
-2.07444e-34  1.51989e-35  5.81586e-34  -5.1457e-36  -3.5925e-34   8.9576e-35 -1.60047e-33 -3.47377e-36  2.03387e-33 -1.00659e-34 -2.03199e-33  8.11218e-35  1.34692e-32  7.68857e-35  -3.0732e-33 -1.56159e-34  2.53409e-33 -2.64511e-35 -2.68975e-33 -9.89157e-36    6.547e-34  4.66928e-35   6.4505e-34 -7.79556e-35 -2.45724e-33  1.31574e-35  1.94357e-33  5.42698e-35 -1.10769e-33 -6.67827e-38 -1.41261e-33 -2.10995e-36  1.36107e-32 -9.28365e-36 -8.92928e-32 -3.89391e-36  5.18718e-31 -1.12734e-36 -2.75739e-30 -4.99627e-36  1.34409e-29  9.47157e-36 -6.01321e-29  1.61535e-36   2.4701e-28 -3.54943e-36 -9.31674e-28  1.64826e-35   3.2255e-27 -6.40858e-35 -1.02417e-26  2.34508e-34  2.97892e-26 -8.02276e-34 -7.92342e-26  2.57077e-33  1.92287e-25 -7.70459e-33 -4.24525e-25  2.15926e-32  8.49479e-25 -5.65806e-32 -1.53335e-24  1.38592e-31  2.48155e-24 -3.17206e-31 -3.57222e-24  6.78015e-31  4.52488e-24 -1.35246e-30 -4.96699e-24  2.51543e-30  4.61583e-24 -4.35761e-30 -3.48788e-24  7.02255e-30  1.96611e-24  -1.0513e-29 -6.14895e-25  1.45958e-29 -1.58914e-25 -1.87578e-29  3.30588e-25  2.22674e-29 -1.80645e-25 -2.43585e-29  1.52223e-26   2.4489e-29  3.95454e-26 -2.25609e-29 -2.15108e-26  1.89849e-29 -4.53245e-28  -1.4542e-29  4.38596e-27  1.01021e-29 -1.04455e-27 -6.34055e-30 -4.75241e-28  3.58177e-30  2.16261e-28 -1.81407e-30  3.29679e-29  8.20502e-31  -2.4444e-29 -3.29905e-31 -1.87834e-30  1.17172e-31  1.75686e-30 -3.63805e-32   1.2684e-31  9.70024e-33 -7.59596e-32 -2.15549e-33 -7.24915e-33  3.80035e-34    1.555e-33 -4.89149e-35  1.93006e-34  3.87889e-36 -7.88495e-36 -9.64945e-38 -1.31501e-36 -8.85921e-39 -1.16408e-38  4.06227e-40
 5.44046e-36 -2.72865e-34   1.9441e-35  4.46651e-34  9.40204e-36 -2.11506e-34  7.41196e-35 -2.21257e-33  9.59729e-36  2.06451e-33 -1.29003e-34 -2.42086e-33  7.68857e-35  1.44564e-32  7.04709e-35 -3.86875e-33 -1.53104e-34  3.13999e-33 -4.69232e-35 -2.73419e-33  1.73195e-36   6.8263e-34  2.31607e-35  7.69837e-34 -6.61804e-35 -2.33667e-33  7.28704e-36  1.36839e-33  5.68577e-35  2.10224e-33  -6.9733e-36 -2.43273e-32 -5.13954e-36  1.65107e-31 -1.37616e-35 -1.00429e-30 -4.64047e-36  5.57918e-30 -1.90093e-36 -2.84051e-29 -5.01776e-36  1.32683e-28  9.36901e-36 -5.68986e-28  6.24165e-36  2.24055e-27 -2.19012e-35 -8.10034e-27  8.94693e-35  2.68718e-26 -3.36978e-34  -8.1715e-26   1.1947e-33  2.27449e-25 -3.95721e-33  -5.7834e-25  1.22601e-32  1.33992e-24 -3.55185e-32 -2.81923e-24  9.62138e-32  5.36432e-24 -2.43649e-31 -9.18115e-24  5.76632e-31  1.40363e-23 -1.27478e-30 -1.89916e-23  2.63088e-30  2.24527e-23 -5.06467e-30 -2.27624e-23  9.08592e-30  1.91969e-23 -1.51725e-29 -1.27161e-23  2.35522e-29  5.70513e-24 -3.39327e-29 -6.27793e-25  4.52943e-29 -1.45884e-24 -5.59013e-29  1.28664e-24  6.36428e-29 -4.02256e-25  -6.6664e-29 -1.27049e-25  6.40585e-29   1.6418e-25 -5.62851e-29 -3.90288e-26  4.50599e-29 -2.07314e-26 -3.27412e-29  1.32711e-26  2.15053e-29  4.29788e-28 -1.27161e-29 -2.03771e-27  6.74185e-30  2.11674e-28 -3.19321e-30   2.0767e-28  1.34673e-30 -3.13881e-29 -5.04113e-31 -1.56093e-29    1.667e-31  2.01931e-30 -4.82527e-32  8.44001e-31  1.20019e-32 -5.20627e-32 -2.47946e-33 -2.71077e-32  4.01623e-34 -1.74042e-34 -4.62059e-35  3.57107e-34   3.0671e-36  1.52522e-35 -4.09351e-38 -8.42066e-37 -5.77372e-39 -2.48011e-38
 8.87337e-35  1.15737e-35 -2.65015e-34  2.16449e-35  1.25902e-34   3.3016e-35 -6.20521e-35  4.61817e-35 -2.57341e-33  1.54928e-35  2.07461e-33  -1.4791e-34  -3.0732e-33  7.04709e-35  1.54261e-32  6.00852e-35 -4.67117e-33 -1.39449e-34   3.9201e-33 -6.14696e-35 -2.78053e-33  1.56113e-35   6.4648e-34  4.32124e-36  7.57311e-34 -4.55703e-35 -1.59425e-33 -2.35666e-36 -3.79195e-33   5.8769e-35  4.00339e-32 -1.73415e-35 -2.86552e-31 -7.61956e-36  1.82279e-30 -1.89032e-35 -1.05865e-29 -4.72984e-36  5.63089e-29 -3.74905e-36 -2.74665e-28 -3.79944e-36  1.22968e-27  4.47974e-36 -5.05515e-27  2.96234e-35  1.90826e-26 -1.17406e-34 -6.61219e-26  4.59873e-34  2.10144e-25 -1.68185e-33 -6.11813e-25  5.76423e-33  1.62895e-24 -1.84629e-32 -3.95731e-24   5.5295e-32  8.74618e-24 -1.54841e-31 -1.75204e-23  4.05369e-31  3.16597e-23 -9.91919e-31 -5.12923e-23  2.26773e-30  7.39089e-23  -4.8413e-30 -9.36971e-23  9.64451e-30  1.02906e-22 -1.79131e-29  -9.5623e-23  3.09868e-29  7.21562e-23 -4.98617e-29 -4.04728e-23  7.45271e-29  1.23641e-23 -1.03299e-28   3.6514e-24  1.32518e-28 -7.06586e-24 -1.56999e-28   3.7905e-24  1.71346e-28 -2.69219e-25 -1.71775e-28 -8.67577e-25   1.5767e-28  4.59155e-25  -1.3203e-28  1.62292e-26  1.00458e-28 -9.68694e-26 -6.91497e-29  2.20775e-26  4.28639e-29  1.08727e-26 -2.38162e-29 -4.74982e-27  1.18099e-29 -7.89954e-28 -5.20775e-30   5.4842e-28  2.03723e-30  4.74266e-29 -7.06053e-31 -4.00651e-29  2.16388e-31 -3.19656e-30 -5.82477e-32  1.74794e-30  1.35128e-32  1.78927e-31 -2.59724e-33 -3.58048e-32  3.86027e-34 -4.71132e-33 -3.94074e-35   1.7409e-34  2.13808e-36  3.18911e-35 -8.20819e-39   3.1999e-37 -2.47316e-39
-2.45139e-36   1.3125e-34  1.66783e-35  -2.5028e-34  2.02383e-35 -2.40973e-34  6.04457e-35  4.78279e-35  1.65387e-35 -2.70472e-33  1.02554e-35  2.19033e-33 -1.56159e-34 -3.86875e-33  6.00852e-35  1.62703e-32  4.28053e-35 -5.36232e-33 -1.17453e-34  4.70264e-33 -6.69266e-35  -2.7884e-33  3.10417e-35  6.16524e-34 -8.18865e-36 -6.19089e-35 -1.61644e-35  5.90703e-33 -1.74677e-35 -6.26753e-32  6.13367e-35  4.66542e-31 -3.09547e-35 -3.10853e-30 -8.93209e-36  1.88812e-29  -2.4594e-35 -1.04951e-28 -3.78163e-36  5.34698e-28 -7.62195e-36 -2.49948e-27  2.67758e-36   1.0727e-26 -2.33046e-35 -4.22767e-26  1.48234e-34  1.52982e-25 -5.93331e-34  -5.0798e-25  2.24821e-33  1.54628e-24 -7.96205e-33 -4.30855e-24  2.63751e-32  1.09676e-23 -8.16667e-32 -2.54394e-23  2.36416e-31   5.3589e-23 -6.39842e-31 -1.02091e-22  1.61867e-30  1.74942e-22 -3.82648e-30  -2.6777e-22  8.44877e-30  3.62694e-22  -1.7413e-29 -4.29175e-22  3.34737e-29  4.35311e-22 -5.99621e-29 -3.67009e-22  9.99784e-29  2.42552e-22 -1.54961e-28 -1.07831e-22  2.22926e-28  1.04318e-23 -2.97133e-28  2.91673e-23  3.66187e-28 -2.51748e-23 -4.16284e-28  7.65839e-24   4.3534e-28  2.66868e-24 -4.17505e-28 -3.27896e-24  3.65877e-28  7.49052e-25 -2.91801e-28  4.31878e-25  2.10834e-28 -2.67019e-25 -1.37315e-28 -1.16964e-26  8.01859e-29  4.20924e-26 -4.17564e-29 -4.02712e-27  1.92941e-29 -4.38319e-27  -7.8807e-30  6.27366e-28  2.84116e-30  3.35408e-28 -9.05349e-31 -4.09592e-29  2.55677e-31 -1.83444e-29 -6.38373e-32  1.03033e-30  1.38264e-32  5.93781e-31 -2.47764e-33   6.0665e-33   3.3754e-34 -7.84261e-33 -3.02878e-35  -3.5607e-34  1.30264e-36  1.82031e-35  3.36569e-39  5.67661e-37
-5.19258e-35 -3.23181e-36  1.97011e-34  1.97371e-35 -2.94081e-34  1.28792e-35 -5.07152e-34  8.44505e-35  1.46248e-34 -5.81753e-36 -2.70586e-33 -5.31945e-36  2.53409e-33 -1.53104e-34 -4.67117e-33  4.28053e-35  1.68274e-32  1.70795e-35 -5.86446e-33 -9.06232e-35  5.31929e-33 -6.22012e-35 -2.80834e-33  4.81318e-35  1.51178e-33 -1.54011e-35 -1.02352e-32  2.15687e-35  9.16513e-32 -3.95546e-35 -7.15308e-31  6.59124e-35  4.98962e-30 -4.74085e-35 -3.17132e-29  -8.5297e-36  1.84284e-28  -3.0761e-35 -9.80879e-28  -5.5388e-37   4.7882e-27 -1.79228e-35 -2.14544e-26  3.47967e-35  8.82749e-26 -1.63518e-34 -3.33538e-25  7.29113e-34  1.15686e-24 -2.85268e-33 -3.68052e-24  1.04554e-32  1.07274e-23 -3.58111e-32 -2.85951e-23  1.14664e-31  6.95527e-23 -3.43192e-31 -1.53917e-22  9.60251e-31  3.08732e-22 -2.51147e-30 -5.58633e-22  6.13847e-30  9.06262e-22 -1.40157e-29 -1.30756e-21  2.98785e-29   1.6596e-21 -5.94288e-29 -1.82443e-21  1.10196e-28  1.69603e-21 -1.90297e-28 -1.27888e-21  3.05689e-28  7.14473e-22 -4.56151e-28 -2.13608e-22  6.31279e-28 -7.07494e-23 -8.08737e-28  1.29239e-22  9.57027e-28 -6.82639e-23 -1.04346e-27  4.03388e-24  1.04518e-27  1.62687e-23 -9.58491e-28 -8.41773e-24  8.01585e-28 -4.04613e-25 -6.08555e-28  1.83274e-24  4.17238e-28 -4.02424e-25 -2.56848e-28 -2.12211e-25  1.41067e-28  8.97601e-26 -6.86726e-29  1.60284e-26  2.94508e-29 -1.05834e-26 -1.10773e-29 -1.00167e-27  3.65135e-30  7.85719e-28 -1.06001e-30  6.77953e-29  2.73727e-31 -3.46506e-29 -6.32216e-32 -3.75362e-30  1.28203e-32   7.1222e-31 -2.15023e-33  9.83814e-32  2.68092e-34 -3.33627e-33 -2.08561e-35 -6.65151e-34  6.80502e-37 -7.33345e-36     3.25e-39
 2.14125e-36 -9.67291e-35 -2.31034e-36  3.20758e-34  2.12917e-35 -4.43679e-34 -1.52718e-36 -5.84272e-34  9.89745e-35  2.70328e-34  -1.6844e-35  -2.6813e-33 -2.64511e-35  3.13999e-33 -1.39449e-34 -5.36232e-33  1.70795e-35  1.69576e-32 -1.54006e-35  -6.1567e-33 -6.31506e-35  5.77139e-33 -4.76366e-35 -3.97055e-33  6.69701e-35  1.45104e-32 -2.02053e-35 -1.27791e-31  6.63526e-35  1.03249e-30 -6.94403e-35 -7.55125e-30  7.30412e-35   5.0244e-29 -6.60261e-35 -3.05357e-28 -5.94651e-36  1.69854e-27 -3.79629e-35 -8.66037e-27  9.89298e-36  4.05174e-26 -5.65532e-35 -1.74045e-25  1.92212e-34  6.86595e-25 -8.39089e-34 -2.48705e-24   3.4451e-33  8.26731e-24 -1.30631e-32 -2.51947e-23  4.62929e-32  7.02882e-23   -1.533e-31 -1.79152e-22  4.74494e-31  4.16105e-22 -1.37278e-30 -8.77773e-22  3.71229e-30  1.67465e-21 -9.38163e-30 -2.87391e-21  2.21499e-29  4.40536e-21 -4.88338e-29 -5.97557e-21  1.00477e-28  7.07996e-21 -1.92789e-28 -7.18815e-21  3.44655e-28  6.06197e-21 -5.73468e-28 -4.00041e-21  8.86999e-28  1.76476e-21 -1.27351e-27 -1.49134e-22  1.69443e-27 -5.02207e-22 -2.08519e-27   4.2592e-22    2.368e-27 -1.26539e-22   -2.475e-27 -4.79517e-23  2.37336e-27  5.66264e-23 -2.08038e-27 -1.25034e-23  1.65966e-27 -7.73868e-24 -1.19888e-27  4.65701e-24  7.79547e-28  2.49201e-25 -4.53176e-28 -7.52284e-25  2.33753e-28  6.70558e-26 -1.06118e-28   7.9955e-26  4.20667e-29 -1.09592e-26 -1.44738e-29 -6.22448e-27  4.31871e-30  7.26385e-28 -1.12787e-30  3.44829e-28    2.634e-31 -1.79258e-29  -5.6116e-32 -1.12715e-29  1.07188e-32 -1.49059e-31 -1.69329e-33  1.49701e-31  1.92576e-34  7.13872e-33 -1.27021e-35 -3.43905e-34  2.91464e-37 -1.12597e-35
 6.63995e-35   3.6298e-36  -1.5386e-34  3.97251e-37  5.19709e-34  2.22943e-35 -7.13951e-34 -2.14582e-35 -4.63949e-34  1.00943e-34   4.1998e-34 -1.71706e-35 -2.68975e-33 -4.69232e-35   3.9201e-33 -1.17453e-34 -5.86446e-33 -1.54006e-35  1.66261e-32 -4.96096e-35 -6.37434e-33 -3.92552e-35  7.39961e-33 -2.43233e-35 -2.00268e-32  8.70057e-35  1.66341e-31 -2.58063e-35 -1.40755e-30  1.15754e-34  1.07869e-29  -1.0658e-34 -7.51908e-29  8.17543e-35  4.78154e-28 -8.58304e-35 -2.78057e-27 -3.05776e-37  1.48119e-26 -5.03238e-35 -7.23667e-26  5.02996e-35  3.24552e-25 -2.29031e-34  -1.3367e-24  9.38972e-34  5.05592e-24 -3.94996e-33  -1.7556e-23  1.55462e-32  5.59209e-23 -5.70203e-32 -1.63197e-22  1.95383e-31  4.35605e-22 -6.25599e-31 -1.06104e-21  1.87208e-30  2.35152e-21 -5.23574e-30 -4.72407e-21  1.36837e-29  8.56163e-21 -3.34107e-29 -1.39121e-20   7.6182e-29   2.0105e-20 -1.62132e-28  -2.5558e-20  3.21846e-28  2.81351e-20 -5.95436e-28 -2.61805e-20   1.0257e-27  1.97409e-20 -1.64334e-27 -1.09969e-20  2.44569e-27  3.22556e-21 -3.37606e-27  1.17809e-21  4.31532e-27 -2.05669e-21 -5.09742e-27  1.07298e-21  5.55145e-27 -5.22589e-23 -5.55871e-27 -2.65146e-22  5.10045e-27  1.34805e-22 -4.27148e-27  7.94583e-24  3.24943e-27 -3.02041e-23 -2.23263e-27  6.43983e-24  1.37615e-27  3.59426e-24 -7.54953e-28 -1.48487e-24  3.65274e-28 -2.80355e-25 -1.54295e-28  1.78667e-25  5.63038e-29  1.80817e-26 -1.75888e-29 -1.34813e-26  4.69062e-30 -1.23358e-27 -1.08205e-30   6.0199e-28  2.24605e-31  6.81217e-29 -4.40017e-32  -1.2455e-29  8.01325e-33 -1.78839e-30 -1.20394e-33  5.67151e-32  1.23972e-34  1.21354e-32   -6.665e-36  1.43548e-34  8.98474e-38
-2.35113e-37  1.37993e-34  3.68891e-36 -2.31361e-34   4.7318e-36  7.97579e-34  2.30879e-35 -1.08184e-33 -4.31634e-35 -2.00786e-34  9.05805e-35  5.60747e-34 -9.89157e-36 -2.73419e-33 -6.14696e-35  4.70264e-33 -9.06232e-35  -6.1567e-33 -4.96096e-35  1.60435e-32 -7.88595e-35 -8.04292e-33 -2.25132e-35  2.62071e-32  6.32003e-36 -2.05616e-31  1.06929e-34  1.81007e-30 -3.41678e-35 -1.45637e-29  1.65976e-34  1.06407e-28 -1.48385e-34 -7.08429e-28  8.94224e-35  4.30866e-27  -1.0603e-34 -2.39863e-26  1.23766e-35  1.22407e-25  -8.9354e-35 -5.73217e-25  2.27092e-34  2.46479e-24 -1.01951e-33 -9.73394e-24  4.32925e-33     3.53e-23 -1.76133e-32 -1.17488e-22  6.69343e-32  3.58516e-22 -2.37455e-31 -1.00159e-21  7.86963e-31  2.55665e-21 -2.43703e-30 -5.94743e-21   7.0523e-30  1.25666e-20  -1.9069e-29  -2.4016e-20  4.81674e-29  4.12874e-20  -1.1362e-28 -6.34022e-20  2.50161e-28  8.61549e-20  -5.1378e-28 -1.02252e-19  9.83573e-28  1.03968e-19  -1.7536e-27 -8.77598e-20  2.90882e-27   5.7882e-20  -4.4841e-27 -2.53794e-20  6.41573e-27  1.86788e-21 -8.50729e-27   7.5565e-21   1.0437e-26 -6.32246e-21 -1.18232e-26  1.84248e-21   1.2338e-26   7.4863e-22 -1.18267e-26  -8.5811e-22   1.0377e-26   1.8443e-22 -8.29899e-27  1.21061e-22  6.01791e-27 -7.14605e-23  -3.9316e-27 -4.37872e-24  2.29644e-27  1.18063e-23 -1.18823e-27 -9.96322e-25  5.38733e-28 -1.27917e-24 -2.11324e-28  1.70105e-25  7.07012e-29  1.01268e-25 -1.98878e-29 -1.14572e-26  4.66273e-30 -5.68944e-27 -9.23538e-31  2.79745e-28  1.65179e-31  1.88213e-28 -2.96532e-32  2.90099e-30  5.28055e-33 -2.52205e-30 -7.66029e-34 -1.24842e-31   7.0306e-35  5.77244e-33 -2.85181e-36  1.96503e-34
-2.52815e-35 -4.05906e-37  2.08041e-34  1.87256e-36 -3.40724e-34  1.03708e-35  1.13676e-33  2.33637e-35 -1.49648e-33  -6.2313e-35   1.2128e-34  7.08974e-35    6.547e-34  1.73195e-36 -2.78053e-33 -6.69266e-35  5.31929e-33 -6.31506e-35 -6.37434e-33 -7.88595e-35  1.69335e-32   -9.722e-35 -2.86111e-32 -1.52085e-35   2.4044e-31  4.25634e-35 -2.20175e-30  1.25061e-34  1.85956e-29 -4.51053e-35 -1.42537e-28  2.11942e-34  9.94105e-28 -1.89924e-34 -6.32653e-27  9.26438e-35  3.68206e-26 -1.28584e-34 -1.96315e-25  5.18181e-35  9.60065e-25 -2.56458e-34 -4.31018e-24   1.0196e-33  1.77716e-23 -4.53672e-33  -6.7299e-23   1.9001e-32  2.33984e-22 -7.48018e-32 -7.46316e-22   2.7497e-31  2.18116e-21 -9.43968e-31 -5.83089e-21  3.02741e-30  1.42259e-20 -9.07139e-30 -3.15821e-20  2.53948e-29  6.35609e-20 -6.64049e-29 -1.15411e-19  1.62142e-28  1.87899e-19 -3.69511e-28  -2.7208e-19  7.85489e-28  3.46555e-19 -1.55642e-27  -3.8221e-19  2.87228e-27  3.56211e-19 -4.93218e-27 -2.68801e-19  7.87246e-27   1.4949e-19 -1.16665e-26 -4.31507e-20  1.60315e-26 -1.71036e-20  -2.0398e-26  2.88454e-20  2.39918e-26 -1.49137e-20 -2.60354e-26   5.9826e-22  2.60061e-26  3.80477e-21 -2.38424e-26 -1.91086e-21  1.99903e-26 -1.29305e-22 -1.52585e-26  4.39267e-22  1.05428e-26 -9.17664e-23 -6.54741e-27 -5.35261e-23    3.623e-27  2.17942e-23 -1.76737e-27  4.28567e-24  7.50292e-28 -2.67383e-24 -2.72853e-28  -2.8334e-25  8.33852e-29  2.05108e-25 -2.09348e-29  1.95382e-26  4.22263e-30 -9.28962e-27 -6.84326e-31 -1.08418e-27  9.85071e-32  1.94166e-28 -1.61388e-32  2.86816e-29   2.9884e-33 -8.70596e-31 -4.29496e-34 -1.96295e-31  3.40341e-35  -2.4392e-33  -8.6285e-37
-4.20982e-37 -7.46774e-35 -1.78023e-37  2.65918e-34  -1.1272e-36 -4.90681e-34  1.68999e-35  1.49403e-33   2.2772e-35 -1.89491e-33 -7.55447e-35   4.2151e-34  4.66928e-35   6.8263e-34  1.56113e-35  -2.7884e-33 -6.22012e-35  5.77139e-33 -3.92552e-35 -8.04292e-33   -9.722e-35  3.74541e-32 -1.01486e-34 -2.62023e-31 -1.77638e-35  2.53286e-30  8.20045e-35 -2.24763e-29  1.40001e-34  1.80866e-28 -5.63489e-35 -1.32235e-27  2.47809e-34  8.81051e-27 -2.24552e-34 -5.36304e-26  9.02739e-35  2.98832e-25 -1.69365e-34 -1.52649e-24  2.09213e-34   7.1559e-24 -1.00023e-33 -3.08047e-23  4.47429e-33  1.21802e-22 -1.94796e-32 -4.42288e-22  7.94024e-32   1.4741e-21 -3.02692e-31 -4.50494e-21  1.07751e-30  1.26054e-20 -3.58259e-30 -3.22307e-20  1.11272e-29  7.51107e-20 -3.22838e-29 -1.59004e-19  8.74802e-29  3.04474e-19 -2.21322e-28 -5.24522e-19  5.22549e-28  8.07198e-19 -1.15071e-27 -1.09926e-18  2.36172e-27  1.30747e-18 -4.51401e-27  -1.3321e-18  8.02735e-27  1.12625e-18 -1.32685e-26 -7.43138e-19  2.03627e-26  3.24475e-19  -2.8981e-26 -2.08639e-20  3.82041e-26 -1.00507e-19 -4.65834e-26  8.32982e-20  5.24578e-26 -2.39319e-20  -5.4458e-26 -1.02788e-20  5.20028e-26  1.15433e-20 -4.55491e-26  -2.4349e-21  3.64609e-26 -1.67273e-21 -2.65454e-26  9.76192e-22  1.74692e-26  6.52511e-23 -1.03099e-26 -1.64612e-22  5.40327e-27  1.34268e-23 -2.48414e-27  1.81582e-23  9.86804e-28 -2.37783e-24 -3.32267e-28 -1.46139e-24  9.24633e-29  1.62947e-25 -2.05348e-29   8.3361e-26  3.46267e-30  -3.9825e-27 -4.17776e-31 -2.79744e-27  3.87997e-32 -4.68068e-29 -5.77268e-33  3.79586e-29  1.37528e-33  1.92757e-30 -2.06599e-34  -8.7227e-32  1.32249e-35 -3.05315e-33
 6.62805e-36 -1.18831e-36 -1.52021e-34  6.95948e-37  3.11307e-34 -3.87377e-36 -6.76628e-34  2.39229e-35  1.81112e-33  2.13462e-35 -2.21536e-33 -8.10007e-35   6.4505e-34  2.31607e-35   6.4648e-34  3.10417e-35 -2.80834e-33 -4.76366e-35  7.39961e-33 -2.25132e-35 -2.86111e-32 -1.01486e-34  2.77284e-31 -9.19871e-35 -2.75243e-30 -2.83244e-35  2.57271e-29  1.21027e-34 -2.17543e-28   1.5121e-34  1.66854e-27 -6.44932e-35 -1.16461e-26  2.68098e-34  7.41789e-26  -2.4651e-34  -4.3212e-25  9.33923e-35  2.30621e-24 -3.04821e-34 -1.12904e-23  8.77756e-34  5.07464e-23 -4.18523e-33 -2.09495e-22  1.88205e-32  7.94391e-22 -7.97027e-32 -2.76587e-21  3.15371e-31  8.83547e-21 -1.16566e-30 -2.58643e-20  4.02368e-30  6.92631e-20 -1.29726e-29 -1.69296e-19  3.90646e-29  3.76581e-19 -1.09853e-28 -7.59461e-19  2.88386e-28  1.38199e-18 -7.06423e-28 -2.25513e-18   1.6137e-27  3.27316e-18 -3.43503e-27 -4.17911e-18  6.80803e-27  4.62002e-18 -1.25512e-26  -4.3152e-18   2.1502e-26  3.26157e-18 -3.41921e-26 -1.81332e-18  5.04119e-26  5.17026e-19 -6.88324e-26  2.18943e-19  8.69326e-26  -3.6021e-19 -1.01429e-25  1.85231e-19  1.09179e-25  -6.2223e-21 -1.08251e-25 -4.85674e-20  9.86693e-26    2.423e-20 -8.24594e-26  1.79129e-21  6.29535e-26 -5.69617e-21 -4.36857e-26  1.17792e-21  2.73696e-26  7.08166e-22 -1.53458e-26 -2.86897e-22  7.61505e-27 -5.78687e-23 -3.29826e-27  3.58517e-23  1.22531e-27   3.8985e-24 -3.81631e-28 -2.79683e-24  9.64848e-29 -2.72347e-25 -1.88014e-29   1.2871e-25  2.55164e-30  1.52933e-26 -1.79948e-31 -2.72875e-27 -3.79348e-33 -4.10126e-28  5.02614e-34  1.22464e-29  4.41377e-34  2.84531e-30 -8.12455e-35    3.642e-32  3.54832e-36
  4.9001e-37  1.44247e-35 -2.11613e-36 -2.50945e-34  2.16622e-36  3.50839e-34 -5.02852e-36 -8.78841e-34  3.11252e-35  2.03417e-33  1.93471e-35 -2.41007e-33 -7.79556e-35  7.69837e-34  4.32124e-36  6.16524e-34  4.81318e-35 -3.97055e-33 -2.43233e-35  2.62071e-32 -1.52085e-35 -2.62023e-31 -9.19871e-35  2.83749e-30 -7.21991e-35 -2.78927e-29 -4.26008e-35  2.48132e-28  1.54437e-34 -1.99823e-27  1.59257e-34  1.46208e-26 -6.65303e-35 -9.74983e-26  2.69904e-34  5.94032e-25 -2.58998e-34 -3.31331e-24  1.61683e-34  1.69434e-23 -8.54468e-34 -7.95207e-23  3.63054e-33  3.42752e-22  -1.7034e-32 -1.35708e-21  7.49744e-32  4.93502e-21 -3.08638e-31 -1.64736e-20  1.18658e-30  5.04282e-20 -4.26063e-30 -1.41356e-19  1.42879e-29   3.6212e-19 -4.47471e-29 -8.45595e-19  1.30854e-28  1.79391e-18 -3.57178e-28 -3.44293e-18  9.09588e-28  5.94539e-18  -2.1597e-27 -9.17241e-18  4.77745e-27  1.25237e-17 -9.83705e-27 -1.49352e-17   1.8835e-26  1.52563e-17 -3.34985e-26 -1.29292e-17  5.52762e-26   8.5441e-18 -8.45246e-26 -3.72283e-18  1.19629e-25  2.11876e-19 -1.56525e-25  1.19261e-18  1.89119e-25 -9.83105e-19 -2.10775e-25  2.80081e-19  2.16454e-25  1.25307e-19 -2.04573e-25 -1.39129e-19  1.77657e-25  2.90766e-20 -1.41437e-25  2.06038e-20  1.02863e-25 -1.19853e-20 -6.79826e-26 -8.38465e-22  4.05293e-26  2.05823e-21 -2.15817e-26 -1.66341e-22  1.01365e-26 -2.30845e-22 -4.13396e-27   3.0263e-23  1.43534e-27  1.88812e-23  -4.1324e-28 -2.11286e-24  9.48129e-29 -1.09482e-24 -1.61164e-29  5.24247e-26  1.67558e-30  3.73629e-26 -1.03707e-32  6.39491e-28 -2.59494e-32 -5.15385e-28  3.09127e-33  -2.6527e-29  2.63721e-35  1.19932e-30 -2.37144e-35  4.26403e-32
