  0.00420897   6.9989e-06    0.0147828  1.28371e-05    0.0168215  9.40919e-06    0.0074479  1.73208e-06  -0.00106828 -1.88102e-06  -0.00260467 -1.37619e-06  -0.00104474   -3.042e-07 -7.51675e-05  3.72494e-08   6.4879e-05  3.07578e-08  1.95246e-05  4.84183e-09   1.4856e-06
  6.9989e-06    0.0220573  2.51167e-05    0.0416295  2.97088e-05    0.0322493   1.4398e-05   0.00746234 -1.03477e-06  -0.00586471 -4.83122e-06  -0.00526323 -2.40017e-06  -0.00162157 -4.21771e-07 -8.52358e-05  5.01941e-08  7.38916e-05  3.04438e-08  1.60957e-05  2.90814e-09
   0.0147828  2.51167e-05    0.0545824  4.92279e-05    0.0679322  4.09734e-05    0.0368713  1.21634e-05  0.000831552 -6.04391e-06   -0.0111699 -7.27033e-06  -0.00703295 -2.98854e-06  -0.00195847 -5.33908e-07 -0.000177189  2.79187e-09  3.05096e-05  1.26333e-08  5.19054e-06
 1.28371e-05    0.0416295  4.92279e-05    0.0857692    6.547e-05    0.0781998  4.07292e-05    0.0300337   5.6659e-06  -0.00703043 -1.00655e-05   -0.0143879 -8.44778e-06  -0.00777301  -3.2551e-06  -0.00219133 -6.63353e-07 -0.000308088 -5.81017e-08   -1.319e-05 -4.14604e-10
   0.0168215  2.97088e-05    0.0679322    6.547e-05    0.0985836    6.698e-05    0.0720358  3.33861e-05    0.0200456  1.38453e-07   -0.0116072 -1.16312e-05   -0.0150616 -8.46907e-06  -0.00765249 -3.20133e-06  -0.00218769 -6.85204e-07 -0.000338222 -7.07732e-08 -1.92769e-05
 9.40919e-06    0.0322493  4.09734e-05    0.0781998    6.698e-05    0.0927908  5.91836e-05    0.0602889   2.6259e-05    0.0137302 -1.95874e-06    -0.011937 -1.08449e-05   -0.0135152 -7.41715e-06  -0.00655674 -2.67171e-06  -0.00175727 -5.16922e-07 -0.000227523 -3.69803e-08
   0.0074479   1.4398e-05    0.0368713  4.07292e-05    0.0720358  5.91836e-05    0.0802722  5.07812e-05    0.0518157  2.29077e-05    0.0127806 -6.65654e-07  -0.00860504 -8.04773e-06  -0.00994757 -5.31683e-06  -0.00449747 -1.71409e-06  -0.00101867 -2.54588e-07 -8.21799e-05
 1.73208e-06   0.00746234  1.21634e-05    0.0300337  3.33861e-05    0.0602889  5.07812e-05    0.0707148   4.6098e-05    0.0490554  2.34658e-05    0.0164023  3.32126e-06   -0.0024248  -3.7413e-06  -0.00501713 -2.65802e-06  -0.00212056 -7.26675e-07 -0.000362401 -6.53193e-08
 -0.00106828 -1.03477e-06  0.000831552   5.6659e-06    0.0200456   2.6259e-05    0.0518157   4.6098e-05    0.0668851  4.54394e-05    0.0511504  2.69483e-05    0.0231033  8.85031e-06   0.00492288  8.13097e-07 -0.000351544 -4.27924e-07 -0.000390266 -1.24456e-07 -4.70224e-05
-1.88102e-06  -0.00586471 -6.04391e-06  -0.00703043  1.38453e-07    0.0137302  2.29077e-05    0.0490554  4.54394e-05    0.0679292  4.76819e-05    0.0561306  3.16275e-05    0.0301417   1.3765e-05    0.0105771  3.84777e-06   0.00230441   6.2846e-07   0.00026152  4.11146e-08
 -0.00260467 -4.83122e-06   -0.0111699 -1.00655e-05   -0.0116072 -1.95874e-06    0.0127806  2.34658e-05    0.0511504  4.76819e-05    0.0717141  5.07795e-05     0.060507  3.46168e-05    0.0335571  1.55746e-05    0.0120945  4.38451e-06   0.00254133  6.31254e-07  0.000205551
-1.37619e-06  -0.00526323 -7.27033e-06   -0.0143879 -1.16312e-05    -0.011937 -6.65654e-07    0.0164023  2.69483e-05    0.0561306  5.07795e-05      0.07449  5.14586e-05    0.0596314  3.29623e-05    0.0305521  1.33485e-05   0.00953482  3.06683e-06   0.00148005  2.63703e-07
 -0.00104474 -2.40017e-06  -0.00703295 -8.44778e-06   -0.0150616 -1.08449e-05  -0.00860504  3.32126e-06    0.0231033  3.16275e-05     0.060507  5.14586e-05    0.0713865  4.65756e-05    0.0506743  2.60367e-05    0.0221008  8.65171e-06   0.00535124  1.40221e-06  0.000476385
  -3.042e-07  -0.00162157 -2.98854e-06  -0.00777301 -8.46907e-06   -0.0135152 -8.04773e-06   -0.0024248  8.85031e-06    0.0301417  3.46168e-05    0.0596314  4.65756e-05     0.059613  3.57908e-05    0.0355583  1.64692e-05    0.0123515  4.13602e-06   0.00206239  3.77126e-07
-7.51675e-05 -4.21771e-07  -0.00195847  -3.2551e-06  -0.00765249 -7.41715e-06  -0.00994757  -3.7413e-06   0.00492288   1.3765e-05    0.0335571  3.29623e-05    0.0506743  3.57908e-05    0.0414986  2.24599e-05    0.0198979  8.06833e-06   0.00513615  1.37758e-06   0.00047679
 3.72494e-08 -8.52358e-05 -5.33908e-07  -0.00219133 -3.20133e-06  -0.00655674 -5.31683e-06  -0.00501713  8.13097e-07    0.0105771  1.55746e-05    0.0305521  2.60367e-05    0.0355583  2.24599e-05    0.0232411   1.1126e-05   0.00857218  2.93412e-06   0.00148925  2.76211e-07
  6.4879e-05  5.01941e-08 -0.000177189 -6.63353e-07  -0.00218769 -2.67171e-06  -0.00449747 -2.65802e-06 -0.000351544  3.84777e-06    0.0120945  1.33485e-05    0.0221008  1.64692e-05    0.0198979   1.1126e-05    0.0101189  4.19127e-06   0.00271452  7.38295e-07  0.000258403
 3.07578e-08  7.38916e-05  2.79187e-09 -0.000308088 -6.85204e-07  -0.00175727 -1.71409e-06  -0.00212056 -4.27924e-07   0.00230441  4.38451e-06   0.00953482  8.65171e-06    0.0123515  8.06833e-06   0.00857218  4.19127e-06   0.00328475  1.13995e-06  0.000585096  1.09495e-07
 1.95246e-05  3.04438e-08  3.05096e-05 -5.81017e-08 -0.000338222 -5.16922e-07  -0.00101867 -7.26675e-07 -0.000390266   6.2846e-07   0.00254133  3.06683e-06   0.00535124  4.13602e-06   0.00513615  2.93412e-06   0.00271452  1.13995e-06  0.000746582  2.04895e-07  7.22358e-05
 4.84183e-09  1.60957e-05  1.26333e-08   -1.319e-05 -7.07732e-08 -0.000227523 -2.54588e-07 -0.000362401 -1.24456e-07   0.00026152  6.31254e-07   0.00148005  1.40221e-06   0.00206239  1.37758e-06   0.00148925  7.38295e-07  0.000585096  2.04895e-07  0.000105937  1.99423e-08
  1.4856e-06  2.90814e-09  5.19054e-06 -4.14604e-10 -1.92769e-05 -3.69803e-08 -8.21799e-05 -6.53193e-08 -4.70224e-05  4.11146e-08  0.000205551  2.63703e-07  0.000476385  3.77126e-07   0.00047679  2.76211e-07  0.000258403  1.09495e-07  7.22358e-05  1.99423e-08  7.06434e-06
