 7.32683e-05  1.75328e-20 -0.000536994 -1.91019e-19   0.00107246  4.62976e-19 -0.000634754 -4.16126e-19 -0.000133587  9.06687e-20  8.99725e-05  1.04328e-19  3.79823e-05 -1.27392e-19  3.43646e-06  4.34689e-20 -7.76628e-07 -2.89022e-21 -1.87625e-07  8.29903e-23 -9.60355e-09
 1.75328e-20  0.000850873  1.30404e-19  -0.00325615 -8.93262e-19   0.00418226  1.56465e-18   -0.0010851 -1.09748e-18  -0.00084298  4.05863e-19  1.21897e-05 -3.64288e-20  9.17531e-05 -2.02289e-19  2.34561e-05  5.92534e-20  2.05744e-06 -3.75174e-21  2.17512e-21 -4.76526e-22
-0.000536994  1.30404e-19   0.00456273  4.90886e-19   -0.0110806 -2.30919e-18   0.00911467  2.84004e-18  0.000348873 -1.41995e-18  -0.00180031  9.69675e-19 -0.000468814 -4.34582e-19  3.14496e-05 -2.76684e-19  3.05692e-05  3.66836e-20  4.59913e-06 -5.77932e-21  1.87625e-07
-1.91019e-19  -0.00325615  4.90886e-19    0.0150659   1.1756e-18   -0.0251856 -3.95946e-18    0.0121904  2.90485e-18   0.00480853 -6.24014e-19  -0.00160858  1.75081e-18  -0.00104149 -8.79336e-19 -0.000169135 -3.74424e-19 -2.86857e-19 -1.53313e-20  2.05744e-06 -6.92891e-21
  0.00107246 -8.93262e-19   -0.0110806   1.1756e-18     0.034551  2.06536e-18   -0.0413376 -5.05686e-18   0.00837571  7.38421e-19    0.0103054  1.21595e-18  0.000691759  2.56477e-18 -0.000942602 -1.10758e-18 -0.000289735 -4.48808e-19 -3.05692e-05 -5.37694e-20 -7.76628e-07
 4.62976e-19   0.00418226 -2.30919e-18   -0.0251856  2.06536e-18    0.0591122  3.10579e-18   -0.0512679  -5.5723e-18  -0.00359281 -3.17168e-18    0.0124991  3.10094e-18   0.00390402   2.9726e-18 -8.82796e-19 -1.06737e-18 -0.000169135 -4.32781e-19 -2.34561e-05 -4.49863e-20
-0.000634754  1.56465e-18   0.00911467 -3.95946e-18   -0.0413376  3.10579e-18     0.079743  4.65594e-18   -0.0493569 -6.31151e-18   -0.0192391 -7.20129e-18   0.00859162   3.8689e-18   0.00542513  2.55211e-18  0.000942602 -9.04931e-19  3.14496e-05 -3.12089e-19 -3.43646e-06
-4.16126e-19   -0.0010851  2.84004e-18    0.0121904 -5.05686e-18   -0.0512679  4.65594e-18    0.0896126  7.21579e-18   -0.0368658 -7.62519e-18   -0.0318108 -9.80957e-18  3.02799e-18  3.01813e-18   0.00390402  1.37337e-18   0.00104149 -7.16492e-19  9.17531e-05 -1.44836e-19
-0.000133587 -1.09748e-18  0.000348873  2.90485e-18   0.00837571  -5.5723e-18   -0.0493569  7.21579e-18    0.0894406  1.07399e-17   -0.0190746 -8.51631e-18   -0.0365151 -1.02726e-17  -0.00859162  1.09706e-18  0.000691759  9.91619e-20  0.000468814 -4.75797e-19  3.79823e-05
 9.06687e-20  -0.00084298 -1.41995e-18   0.00480853  7.38421e-19  -0.00359281 -6.31151e-18   -0.0368658  1.07399e-17    0.0853585  1.45405e-17  3.40133e-17 -7.39923e-18   -0.0318108 -8.66408e-18   -0.0124991 -6.40028e-19  -0.00160858  -5.6141e-19 -1.21897e-05  -2.0657e-19
 8.99725e-05  4.05863e-19  -0.00180031 -6.24014e-19    0.0103054 -3.17168e-18   -0.0192391 -7.62519e-18   -0.0190746  1.45405e-17    0.0832588  1.79068e-17    0.0190746  -3.6969e-18   -0.0192391 -5.64623e-18   -0.0103054 -1.25214e-18  -0.00180031 -5.09109e-19 -8.99725e-05
 1.04328e-19  1.21897e-05  9.69675e-19  -0.00160858  1.21595e-18    0.0124991 -7.20129e-18   -0.0318108 -8.51631e-18  3.40133e-17  1.79068e-17    0.0853585  2.04179e-17    0.0368658  1.33241e-18  -0.00359281 -2.35326e-18  -0.00480853  -8.6929e-19  -0.00084298 -1.98946e-19
 3.79823e-05 -3.64288e-20 -0.000468814  1.75081e-18  0.000691759  3.10094e-18   0.00859162 -9.80957e-18   -0.0365151 -7.39923e-18    0.0190746  2.04179e-17    0.0894406   2.1503e-17    0.0493569  5.32085e-18   0.00837571 -7.45867e-21 -0.000348873 -2.91182e-19 -0.000133587
-1.27392e-19  9.17531e-05 -4.34582e-19  -0.00104149  2.56477e-18   0.00390402   3.8689e-18  3.02799e-18 -1.02726e-17   -0.0318108  -3.6969e-18    0.0368658   2.1503e-17    0.0896126  2.02388e-17    0.0512679  6.53065e-18    0.0121904  8.39199e-19    0.0010851  -2.1411e-20
 3.43646e-06 -2.02289e-19  3.14496e-05 -8.79336e-19 -0.000942602   2.9726e-18   0.00542513  3.01813e-18  -0.00859162 -8.66408e-18   -0.0192391  1.33241e-18    0.0493569  2.02388e-17     0.079743  1.62146e-17    0.0413376   5.1255e-18   0.00911467  6.38583e-19  0.000634754
 4.34689e-20  2.34561e-05 -2.76684e-19 -0.000169135 -1.10758e-18 -8.82796e-19  2.55211e-18   0.00390402  1.09706e-18   -0.0124991 -5.64623e-18  -0.00359281  5.32085e-18    0.0512679  1.62146e-17    0.0591122   1.0514e-17    0.0251856  2.76239e-18   0.00418226  2.22392e-19
-7.76628e-07  5.92534e-20  3.05692e-05 -3.74424e-19 -0.000289735 -1.06737e-18  0.000942602  1.37337e-18  0.000691759 -6.40028e-19   -0.0103054 -2.35326e-18   0.00837571  6.53065e-18    0.0413376   1.0514e-17     0.034551  5.24197e-18    0.0110806  9.86738e-19   0.00107246
-2.89022e-21  2.05744e-06  3.66836e-20 -2.86857e-19 -4.48808e-19 -0.000169135 -9.04931e-19   0.00104149  9.91619e-20  -0.00160858 -1.25214e-18  -0.00480853 -7.45867e-21    0.0121904   5.1255e-18    0.0251856  5.24197e-18    0.0150659  1.88855e-18   0.00325615  2.01475e-19
-1.87625e-07 -3.75174e-21  4.59913e-06 -1.53313e-20 -3.05692e-05 -4.32781e-19  3.14496e-05 -7.16492e-19  0.000468814  -5.6141e-19  -0.00180031  -8.6929e-19 -0.000348873  8.39199e-19   0.00911467  2.76239e-18    0.0110806  1.88855e-18   0.00456273  4.46709e-19  0.000536994
 8.29903e-23  2.17512e-21 -5.77932e-21  2.05744e-06 -5.37694e-20 -2.34561e-05 -3.12089e-19  9.17531e-05 -4.75797e-19 -1.21897e-05 -5.09109e-19  -0.00084298 -2.91182e-19    0.0010851  6.38583e-19   0.00418226  9.86738e-19   0.00325615  4.46709e-19  0.000850873  5.65322e-20
-9.60355e-09 -4.76526e-22  1.87625e-07 -6.92891e-21 -7.76628e-07 -4.49863e-20 -3.43646e-06 -1.44836e-19  3.79823e-05  -2.0657e-19 -8.99725e-05 -1.98946e-19 -0.000133587  -2.1411e-20  0.000634754  2.22392e-19   0.00107246  2.01475e-19  0.000536994  5.65322e-20  7.32683e-05
