 0.000398371  -2.2102e-19  -0.00202226  2.09276e-18   0.00312517 -5.26945e-18  -0.00172394  6.12499e-18 -0.000285093 -3.35904e-18   0.00056012  5.57403e-19 -1.20932e-05  1.58896e-19 -0.000100519 -2.91896e-20  5.26125e-06 -3.92615e-21  7.46688e-06  -4.1037e-21 -1.54854e-07
 -2.2102e-19   0.00307979 -1.29484e-18  -0.00827182  8.36296e-18   0.00849246 -1.60702e-17   -0.0023259  1.41667e-17  -0.00191536 -5.28967e-18   0.00108607  7.76259e-20  0.000275264  2.59742e-19 -0.000206032  8.18209e-20 -2.07509e-05 -1.98506e-20  1.19383e-05 -5.80387e-21
 -0.00202226 -1.29484e-18    0.0110843 -4.26685e-18   -0.0192126  2.05537e-17    0.0132403 -3.05004e-17 -2.90058e-05  1.99093e-17   -0.0043246 -4.20461e-18    0.0009916  -9.3261e-19  0.000780221     4.51e-20 -0.000229047  2.62004e-19 -5.97098e-05 -2.63283e-20  9.16975e-06
 2.09276e-18  -0.00827182 -4.26685e-18     0.024824 -9.79272e-18   -0.0303561  3.64601e-17    0.0133758 -4.17601e-17   0.00488067  1.92706e-17  -0.00606561 -6.62445e-19  0.000114493 -1.61131e-18    0.0012332 -4.36976e-19 -0.000148814  4.00693e-19 -8.01677e-05 -2.10247e-20
  0.00312517  8.36296e-18   -0.0192126 -9.79272e-18    0.0392469 -1.69771e-17   -0.0357774  4.96344e-17    0.0083403  -4.3725e-17    0.0100439  1.27068e-17   -0.0062977  3.32692e-18  -0.00112779 -1.73229e-18   0.00144221 -9.05707e-19 -2.53082e-05  4.18184e-19 -6.49935e-05
-5.26945e-18   0.00849246  2.05537e-17   -0.0303561 -1.69771e-17    0.0476122 -2.30864e-17   -0.0338609  5.38195e-17   0.00113213 -3.63767e-17    0.0135224  3.95263e-18  -0.00530665  6.64017e-18  -0.00224385 -1.68055e-18   0.00139931 -1.10925e-18  6.91473e-05  2.72829e-19
 -0.00172394 -1.60702e-17    0.0132403  3.64601e-17   -0.0357774 -2.30864e-17    0.0478167 -2.53724e-17   -0.0278485  4.87175e-17  -0.00513295 -2.54428e-17    0.0150536 -3.76367e-18   -0.0038238  9.35157e-18  -0.00299683 -1.74341e-18   0.00119196 -9.21396e-19  9.07286e-05
 6.12499e-18   -0.0023259 -3.05004e-17    0.0133758  4.96344e-17   -0.0338609 -2.53724e-17    0.0431374 -2.36871e-17   -0.0217264  4.04795e-17  -0.00937232 -1.71525e-17    0.0153581 -9.43044e-18  -0.00237662  1.14678e-17  -0.00336261 -1.76493e-18  0.000904987 -4.28278e-19
-0.000285093  1.41667e-17 -2.90058e-05 -4.17601e-17    0.0083403  5.38195e-17   -0.0278485 -2.36871e-17    0.0378784 -2.08266e-17   -0.0173303   3.6352e-17   -0.0120168 -1.40635e-17    0.0151642 -1.31112e-17  -0.00118194  1.20295e-17   -0.0033798 -1.25603e-18  0.000578418
-3.35904e-18  -0.00191536  1.99093e-17   0.00488067  -4.3725e-17   0.00113213  4.87175e-17   -0.0217264 -2.08266e-17    0.0341854  -2.0145e-17   -0.0146363  3.94622e-17   -0.0138038  -1.5005e-17    0.0148827 -1.42729e-17 -0.000295151  9.36877e-18  -0.00305251  3.03335e-20
  0.00056012 -5.28967e-18   -0.0043246  1.92706e-17    0.0100439 -3.63767e-17  -0.00513295  4.04795e-17   -0.0173303  -2.0145e-17    0.0322344 -2.31023e-17   -0.0130838  4.76388e-17   -0.0152401  -1.7027e-17    0.0146942 -1.16586e-17  0.000258929   2.6698e-18   -0.0022614
 5.57403e-19   0.00108607 -4.20461e-18  -0.00606561  1.27068e-17    0.0135224 -2.54428e-17  -0.00937232   3.6352e-17   -0.0146363 -2.31023e-17    0.0315873 -2.85319e-17   -0.0122636  5.46585e-17   -0.0166055 -1.62899e-17    0.0146781 -4.88642e-18  0.000396933 -5.09384e-18
-1.20932e-05  7.76259e-20    0.0009916 -6.62445e-19   -0.0062977  3.95263e-18    0.0150536 -1.71525e-17   -0.0120168  3.94622e-17   -0.0130838 -2.85319e-17    0.0319362 -3.29734e-17   -0.0119991   5.1421e-17   -0.0180647 -7.97442e-18    0.0148835  4.04319e-18 -0.000122282
 1.58896e-19  0.000275264  -9.3261e-19  0.000114493  3.32692e-18  -0.00530665 -3.76367e-18    0.0153581 -1.40635e-17   -0.0138038  4.76388e-17   -0.0122636 -3.29734e-17    0.0332262 -3.12062e-17   -0.0122828  2.75917e-17   -0.0197347  1.10343e-17      0.01537  1.01301e-17
-0.000100519  2.59742e-19  0.000780221 -1.61131e-18  -0.00112779  6.64017e-18   -0.0038238 -9.43044e-18    0.0151642  -1.5005e-17   -0.0152401  5.46585e-17   -0.0119991 -3.12062e-17    0.0356302 -1.73971e-17   -0.0132719 -2.30423e-17   -0.0217228  3.41622e-17    0.0149631
-2.91896e-20 -0.000206032     4.51e-20    0.0012332 -1.73229e-18  -0.00224385  9.35157e-18  -0.00237662 -1.31112e-17    0.0148827  -1.7027e-17   -0.0166055   5.1421e-17   -0.0122828 -1.73971e-17    0.0396032  1.22769e-17   -0.0153535 -9.24839e-17   -0.0230829  4.59363e-17
 5.26125e-06  8.18209e-20 -0.000229047 -4.36976e-19   0.00144221 -1.68055e-18  -0.00299683  1.14678e-17  -0.00118194 -1.42729e-17    0.0146942 -1.62899e-17   -0.0180647  2.75917e-17   -0.0132719  1.22769e-17    0.0460782  5.43162e-17   -0.0204098 -1.47806e-16   -0.0157867
-3.92615e-21 -2.07509e-05  2.62004e-19 -0.000148814 -9.05707e-19   0.00139931 -1.74341e-18  -0.00336261  1.20295e-17 -0.000295151 -1.16586e-17    0.0146781 -7.97442e-18   -0.0197347 -2.30423e-17   -0.0153535  5.43162e-17    0.0579223  9.79087e-17   -0.0381787 -1.60859e-16
 7.46688e-06 -1.98506e-20 -5.97098e-05  4.00693e-19 -2.53082e-05 -1.10925e-18   0.00119196 -1.76493e-18   -0.0033798  9.36877e-18  0.000258929 -4.88642e-18    0.0148835  1.10343e-17   -0.0217228 -9.24839e-17   -0.0204098  9.79087e-17     0.087394  1.07358e-16   -0.0779607
 -4.1037e-21  1.19383e-05 -2.63283e-20 -8.01677e-05  4.18184e-19  6.91473e-05 -9.21396e-19  0.000904987 -1.25603e-18  -0.00305251   2.6698e-18  0.000396933  4.04319e-18      0.01537  3.41622e-17   -0.0230829 -1.47806e-16   -0.0381787  1.07358e-16     0.148655  1.24646e-16
-1.54854e-07 -5.80387e-21  9.16975e-06 -2.10247e-20 -6.49935e-05  2.72829e-19  9.07286e-05 -4.28278e-19  0.000578418  3.03335e-20   -0.0022614 -5.09384e-18 -0.000122282  1.01301e-17    0.0149631  4.59363e-17   -0.0157867 -1.60859e-16   -0.0779607  1.24646e-16      0.16647
