  1.3678e-12 -2.06204e-24  -3.4357e-11  5.78439e-23  3.38762e-10 -5.15998e-22 -2.01653e-09  2.70257e-21  8.31063e-09 -1.00064e-20 -2.52536e-08  2.82464e-20  5.82609e-08  -6.2872e-20 -1.02668e-07  1.11863e-19  1.35458e-07 -1.59034e-19 -1.24441e-07  1.77725e-19  5.95561e-08 -1.49034e-19  2.26266e-08  8.16585e-20 -6.18172e-08 -1.11662e-20   3.5129e-08  -2.6671e-20  1.50284e-08  2.43884e-20 -3.08862e-08 -3.83676e-21  7.10209e-09 -9.38722e-21  1.45229e-08   8.1031e-21 -9.27987e-09 -1.29095e-21 -4.67741e-09 -2.07585e-21  5.67902e-09  1.34893e-21   1.0666e-09  1.23645e-23  -2.5386e-09 -3.13298e-22 -2.03363e-10  8.45264e-23  8.80916e-10  3.17498e-23  7.39978e-11  -1.5618e-23 -2.18126e-10 -1.83274e-24 -3.55212e-11  1.42738e-24   2.7019e-11 -5.03586e-26  6.42188e-12  -5.0719e-27 -2.25674e-13
-2.06204e-24  4.90285e-11 -3.07398e-23  -6.9781e-10  6.16333e-22  5.21264e-09 -4.34894e-21 -2.55402e-08  1.91954e-20   8.9912e-08 -6.19925e-20 -2.37588e-07  1.55497e-19   4.7944e-07 -3.10454e-19 -7.34617e-07  4.96733e-19  8.21082e-07 -6.32154e-19 -5.84613e-07  6.21887e-19  9.96775e-08 -4.36738e-19  3.04891e-07  1.59649e-19 -3.33686e-07  6.31367e-20  5.32387e-08 -1.36144e-19  1.76243e-07  8.33114e-20 -1.32088e-07 -3.24859e-21 -3.93048e-08  -3.1232e-20  9.01371e-08  2.00069e-20 -9.93365e-09 -2.63131e-22 -4.26685e-08 -5.87579e-21  1.41272e-08  2.42327e-21  1.64421e-08  5.79542e-22 -7.55988e-09 -6.73395e-22 -5.53965e-09   5.2175e-23  2.52377e-09  9.06181e-23   1.6133e-09  -1.6731e-23 -4.59508e-10 -8.40014e-24 -3.26433e-10   2.7027e-24  1.29849e-11 -2.32904e-25  1.97057e-11  9.11964e-27
 -3.4357e-11 -3.07398e-23  8.63067e-10 -2.78416e-22 -8.51103e-09  4.09485e-21  5.06731e-08 -2.34301e-20 -2.08893e-07  8.85748e-20  6.34994e-07 -2.52172e-19 -1.46565e-06  5.66548e-19  2.58436e-06 -1.02155e-18 -3.41235e-06  1.48011e-18  3.13769e-06 -1.70058e-18 -1.50251e-06  1.49052e-18 -5.75471e-07 -8.90848e-19  1.57287e-06  1.98465e-19 -9.01077e-07  2.42867e-19 -3.76689e-07 -3.05924e-19  7.91987e-07  1.38901e-19 -1.91962e-07  2.18405e-20 -3.68342e-07 -6.34477e-20  2.45188e-07  2.73269e-20  1.14104e-07  6.35049e-21 -1.49132e-07 -1.02589e-20 -2.26748e-08  2.00249e-21  6.63439e-08  1.77673e-21  2.57108e-09 -8.78778e-22 -2.30149e-08 -1.22207e-22 -8.10329e-10  1.52343e-22  5.79265e-09 -7.21557e-24  6.31795e-10 -1.58873e-23 -7.70582e-10  5.18364e-24 -1.43321e-10 -6.84478e-25  1.11334e-11
 5.78439e-23  -6.9781e-10 -2.78416e-22  9.93325e-09 -1.66962e-21 -7.42192e-08  1.87978e-20   3.6378e-07 -8.94827e-20  -1.2813e-06  2.93824e-19  3.38815e-06 -7.43855e-19 -6.84366e-06  1.50546e-18  1.05001e-05 -2.45998e-18  -1.1759e-05  3.23301e-18  8.40083e-06   -3.353e-18 -1.45958e-06  2.60716e-18 -4.37582e-06 -1.29433e-18  4.84122e-06   7.3375e-20 -8.23562e-07   5.2373e-19 -2.53008e-06 -4.67899e-19  1.95382e-06  1.40993e-19  5.25252e-07  7.77395e-20 -1.31823e-06 -9.20293e-20   1.8338e-07  2.13597e-20  6.13096e-07  1.79762e-20 -2.29044e-07 -1.26984e-20 -2.29793e-07 -4.95325e-22  1.21449e-07  3.25903e-21  7.49623e-08 -8.55766e-22 -4.14819e-08 -3.43271e-22 -2.14827e-08  2.02985e-22   8.2795e-09 -4.52804e-24  4.46763e-09 -2.40139e-23 -4.80048e-10  9.32112e-24 -3.04486e-10 -6.87979e-25
 3.38762e-10  6.16333e-22 -8.51103e-09 -1.66962e-21  8.39521e-08 -7.07816e-21 -5.00041e-07  6.34845e-20  2.06259e-06 -2.56348e-19 -6.27525e-06  7.39164e-19  1.45014e-05 -1.67647e-18 -2.56137e-05  3.07057e-18  3.39051e-05 -4.55582e-18 -3.13074e-05  5.42827e-18  1.51566e-05 -5.06016e-18  5.57027e-06  3.43835e-18 -1.57298e-05 -1.31153e-18  9.23645e-06 -2.97091e-19  3.57157e-06  8.36956e-19 -7.98972e-06 -5.46097e-19  2.13923e-06  7.03682e-20  3.61581e-06  1.47762e-19 -2.58622e-06 -1.02409e-19 -1.03877e-06  9.55685e-22  1.54532e-06   3.0987e-20  1.50476e-07 -1.20576e-20 -6.78141e-07 -4.23583e-21  1.48026e-08  4.59322e-21  2.33544e-07 -7.86501e-22  -7.9289e-09 -4.83122e-22 -5.95559e-08  2.58632e-22 -2.18246e-09 -1.29211e-23  8.51748e-09 -3.75395e-23  1.06247e-09   1.1694e-23  -1.7998e-10
-5.15998e-22  5.21264e-09  4.09485e-21 -7.42192e-08 -7.07816e-21  5.54788e-07 -2.24893e-20 -2.72104e-06  1.64905e-19  9.59325e-06 -5.71913e-19  -2.5402e-05  1.46111e-18  5.14087e-05 -2.99026e-18 -7.91001e-05  4.97723e-18  8.89844e-05 -6.71569e-18 -6.41524e-05  7.24857e-18  1.19089e-05 -6.03791e-18  3.27266e-05  3.49032e-18 -3.71757e-05 -8.06407e-19  7.15416e-06  -8.3137e-19  1.88781e-05  1.07861e-18 -1.53928e-05 -5.09032e-19 -3.37966e-06 -5.33339e-20  1.01207e-05  2.11613e-19 -1.87547e-06 -9.24046e-20 -4.55372e-06 -2.68936e-20  2.00805e-06  4.09899e-20  1.62486e-06 -8.79409e-21  -1.0424e-06 -7.73399e-21 -4.99426e-07  5.45566e-21  3.61478e-07 -8.55148e-22   1.3809e-07 -5.29876e-22 -7.79746e-08  3.37563e-22 -2.96551e-08  -8.2371e-24   6.5207e-09 -5.45234e-23  2.33823e-09  8.21703e-24
-2.01653e-09 -4.34894e-21  5.06731e-08  1.87978e-20 -5.00041e-07 -2.24893e-20  2.98039e-06 -5.55201e-20 -1.23062e-05  3.37007e-19  3.74956e-05 -1.01063e-18 -8.68305e-05   2.3085e-18  0.000153835 -4.29635e-18 -0.000204583   6.5245e-18  0.000190463 -8.01883e-18 -9.43578e-05  7.83888e-18 -3.12057e-05 -5.78547e-18  9.51123e-05  2.67664e-18 -5.83583e-05   7.4357e-20 -1.93493e-05 -1.38264e-18  4.87647e-05  1.20847e-18 -1.50715e-05 -3.88707e-19 -2.09946e-05 -1.92873e-19  1.67556e-05  2.54261e-19   5.2388e-06  -6.5679e-20  -9.6986e-06 -5.25164e-20 -2.03958e-07  4.30092e-20  4.14604e-06 -3.40999e-21 -4.42727e-07 -9.76667e-21 -1.40084e-06   5.7053e-21  1.83537e-07 -1.05034e-21  3.58944e-07 -6.10604e-22 -2.23028e-08  4.22569e-22  -5.4997e-08  3.38606e-23 -2.74488e-09 -5.95255e-23  1.56394e-09
 2.70257e-21 -2.55402e-08 -2.34301e-20   3.6378e-07  6.34845e-20 -2.72104e-06 -5.55201e-20  1.33596e-05 -1.07977e-19 -4.71726e-05  5.40779e-19  0.000125184 -1.40621e-18 -0.000254153  2.90702e-18  0.000392902 -4.96166e-18 -0.000445401  6.89415e-18  0.000326256 -7.73237e-18  -6.7783e-05  6.85151e-18 -0.000158973 -4.38992e-18  0.000189126  1.29212e-18 -4.32797e-05  1.08751e-18 -9.10826e-05 -1.85816e-18  8.08339e-05  1.23189e-18  1.19631e-05 -2.15214e-19 -5.08638e-05  -3.1708e-19  1.28924e-05   2.5356e-19  2.16375e-05 -2.09393e-20 -1.18142e-05 -6.58029e-20 -7.07129e-06  3.22354e-20  5.93011e-06  3.19463e-21  1.92449e-06 -9.68917e-21 -2.06383e-06  5.54298e-21 -4.84919e-07 -1.16721e-21  4.72179e-07 -8.73858e-22  1.08418e-07  4.57626e-22 -4.96223e-08  9.73679e-23 -1.04898e-08 -3.99957e-23
 8.31063e-09  1.91954e-20 -2.08893e-07 -8.94827e-20  2.06259e-06  1.64905e-19 -1.23062e-05 -1.07977e-19  5.08918e-05 -1.62657e-19 -0.000155412  6.52341e-19  0.000361068 -1.47286e-18  -0.00064274  2.80767e-18  0.000861063 -4.41653e-18 -0.000812183  5.58933e-18  0.000417491 -5.70973e-18     0.000113   4.5477e-18 -0.000398658 -2.26181e-18    0.0002614 -3.72383e-19  6.57413e-05  2.10572e-18  -0.00020627 -2.19537e-18  7.65029e-05  1.09085e-18   8.1622e-05  3.03075e-20 -7.63847e-05 -3.89957e-19 -1.51784e-05  1.75936e-19  4.20765e-05  3.90087e-20 -3.43452e-06  -5.5166e-20 -1.71848e-05  8.43971e-21  3.89182e-06  8.18793e-21  5.57341e-06 -7.78831e-21 -1.52547e-06  5.45838e-21 -1.40805e-06  -8.8601e-22  2.93281e-07 -1.33645e-21  2.29059e-07  3.92295e-22 -1.19061e-08  1.28714e-22 -8.42935e-09
-1.00064e-20   8.9912e-08  8.85748e-20  -1.2813e-06 -2.56348e-19  9.59325e-06  3.37007e-19 -4.71726e-05 -1.62657e-19  0.000166946 -1.73925e-19 -0.000444492  5.01092e-19  0.000906731 -9.82446e-19  -0.00141176  1.77631e-18    0.0016191 -2.48632e-18  -0.00121491  2.68375e-18  0.000293914 -2.34835e-18   0.00054641  1.37839e-18   -0.0006994  4.01842e-19  0.000197486 -2.32982e-18  0.000308387  3.11589e-18 -0.000310171 -2.25805e-18 -1.62434e-05  6.49082e-19  0.000182342  3.53924e-19 -6.41329e-05 -3.47407e-19 -7.05593e-05  5.12123e-21  5.06576e-05  8.95857e-20  1.93584e-05 -1.28752e-20 -2.42315e-05 -1.97105e-20 -3.75071e-06  7.89008e-21  8.31946e-06   -5.629e-21  6.05654e-07  5.69644e-21 -1.97202e-06  6.82692e-23 -1.49364e-07 -1.81089e-21  2.41918e-07  2.35395e-22  2.47213e-08   9.1988e-23
-2.52536e-08 -6.19925e-20  6.34994e-07  2.93824e-19 -6.27525e-06 -5.71913e-19  3.74956e-05  5.40779e-19 -0.000155412 -1.73925e-19  0.000476167 -8.62949e-20  -0.00111156  2.85155e-20   0.00199256 -2.62261e-20  -0.00269836  1.88308e-20   0.00259442  4.78302e-19  -0.00140542 -1.23292e-18 -0.000261964   1.7429e-18   0.00123196 -2.44731e-18 -0.000886698  3.77769e-18  -0.00012954 -4.72958e-18  0.000641892  4.00182e-18 -0.000295919 -1.81094e-18 -0.000219724 -1.68275e-19  0.000260115  6.52304e-19  1.53347e-05 -1.20556e-19 -0.000132997 -2.18858e-19  2.93402e-05  9.01944e-20  5.01332e-05  5.36489e-20 -2.03927e-05 -3.74388e-20 -1.48774e-05  1.58926e-21  7.67555e-06 -5.26914e-21   3.5244e-06  5.72732e-21 -1.68587e-06  1.65399e-21 -5.96231e-07 -1.98285e-21  1.38806e-07  6.78063e-23  2.86684e-08
 2.82464e-20 -2.37588e-07 -2.52172e-19  3.38815e-06  7.39164e-19  -2.5402e-05 -1.01063e-18  0.000125184  6.52341e-19 -0.000444492 -8.62949e-20   0.00118912  9.96379e-20  -0.00244252 -5.29032e-19   0.00384234  9.27009e-19  -0.00448104 -1.93752e-18   0.00347874  3.80515e-18  -0.00100977 -5.35629e-18   -0.0013718   6.0812e-18   0.00196732 -6.99486e-18 -0.000703443  8.02843e-18 -0.000749601 -7.41444e-18   0.00090816  4.38982e-18 -6.38857e-05 -6.59904e-19 -0.000481331 -1.21487e-18  0.000239289  7.22319e-19  0.000156546  2.91791e-19 -0.000163669  -4.0134e-19 -2.63466e-05  1.73988e-20  7.30279e-05  1.18855e-19 -2.81733e-06 -3.41635e-20 -2.40314e-05 -6.32465e-21  2.96106e-06 -7.32593e-21  5.70243e-06  4.49154e-21   -6.259e-07  3.30755e-21 -7.77224e-07  -1.6581e-21  8.45546e-09 -1.71213e-23
 5.82609e-08  1.55497e-19 -1.46565e-06 -7.43855e-19  1.45014e-05  1.46111e-18 -8.68305e-05 -1.40621e-18  0.000361068  5.01092e-19  -0.00111156  9.96379e-20   0.00261275  2.63619e-19  -0.00473086 -7.23204e-19   0.00650623  1.45132e-18  -0.00642669  -3.7506e-18    0.0037329  6.93175e-18  0.000290464 -9.06968e-18  -0.00287971  1.04859e-17   0.00235392 -1.22876e-17  3.48138e-05  1.28163e-17  -0.00150101 -9.72333e-18  0.000893506  3.79815e-18  0.000388137  1.13047e-18 -0.000676756 -2.12207e-18  7.60128e-05  4.03116e-19  0.000308062   7.7781e-19  -0.00013015  -4.5119e-19 -9.91833e-05 -1.07883e-19  7.29249e-05  1.52881e-19  2.31215e-05 -1.31265e-20  -2.6149e-05 -9.15889e-21 -4.03447e-06 -9.88934e-21  6.02382e-06  1.50847e-21  6.38299e-07  4.15727e-21 -6.27321e-07 -1.00293e-21 -5.10772e-08
 -6.2872e-20   4.7944e-07  5.66548e-19 -6.84366e-06 -1.67647e-18  5.14087e-05   2.3085e-18 -0.000254153 -1.47286e-18  0.000906731  2.85155e-20  -0.00244252  2.63619e-19   0.00506735  2.26802e-19  -0.00809012  -3.7881e-19   0.00966071  1.80063e-18  -0.00785603 -5.65076e-18   0.00279381  9.63705e-18   0.00248512 -1.21505e-17  -0.00428852  1.49533e-17    0.0019832 -1.79324e-17   0.00125783  1.72152e-17  -0.00205948 -1.07839e-17  0.000468784   2.0043e-18  0.000924045  3.14908e-18 -0.000679649 -2.49656e-18 -0.000199224 -2.75508e-19  0.000399308  1.16091e-18  -3.1196e-05 -3.48701e-19  -0.00015954 -2.28433e-19  4.59999e-05  1.42364e-19  4.72271e-05  8.84553e-21 -1.99043e-05 -3.57386e-21 -1.03818e-05 -1.00768e-20   4.4673e-06 -2.15297e-21  1.48955e-06  3.74992e-21 -3.02152e-07 -3.99647e-22
-1.02668e-07 -3.10454e-19  2.58436e-06  1.50546e-18 -2.56137e-05 -2.99026e-18  0.000153835  2.90702e-18  -0.00064274 -9.82446e-19   0.00199256 -5.29032e-19  -0.00473086  2.26802e-19   0.00869183 -3.68262e-20   -0.0122205 -5.87223e-20    0.0125326  2.96989e-18  -0.00796056 -8.08945e-18  0.000438207  1.17823e-17   0.00507183 -1.45697e-17  -0.00494721  1.92602e-17  0.000719108  -2.3015e-17   0.00259796  2.01248e-17  -0.00211531 -1.00573e-17 -0.000298042 -7.00585e-19   0.00133378  4.80416e-18 -0.000447287 -2.17076e-18 -0.000493367 -1.08001e-18  0.000385341  1.31074e-18  0.000101958 -1.61514e-19 -0.000184016 -2.86648e-19  1.14048e-06  1.00926e-19  6.09417e-05  1.32344e-20 -7.88907e-06  7.44174e-21 -1.38399e-05 -7.15387e-21  1.90388e-06 -4.46937e-21  1.63425e-06  2.53536e-21 -3.46737e-08
 1.11863e-19 -7.34617e-07 -1.02155e-18  1.05001e-05  3.07057e-18 -7.91001e-05 -4.29635e-18  0.000392902  2.80767e-18  -0.00141176 -2.62261e-20   0.00384234 -7.23204e-19  -0.00809012 -3.68262e-20    0.0131981 -2.42419e-19    -0.016301 -8.62628e-19    0.0141137  5.81198e-18  -0.00624402 -1.08558e-17  -0.00293613  1.28896e-17   0.00720753 -1.60837e-17  -0.00442778  2.26946e-17  -0.00114797 -2.64572e-17   0.00357168  2.08761e-17  -0.00157429 -7.68951e-18  -0.00116672 -3.60743e-18   0.00146066  5.63253e-18 -4.62478e-05 -1.30822e-18 -0.000708817 -1.70682e-18  0.000270056  1.21921e-18  0.000227213  2.22822e-21 -0.000166683 -2.59466e-19 -4.71844e-05  6.04184e-20  6.11251e-05 -5.14809e-21  5.57944e-06  1.76037e-20  -1.3731e-05  -3.6767e-21 -5.42955e-07  -4.4771e-21  1.18254e-06  1.27726e-21
 1.35458e-07  4.96733e-19 -3.41235e-06 -2.45998e-18  3.39051e-05  4.97723e-18 -0.000204583 -4.96166e-18  0.000861063  1.77631e-18  -0.00269836  9.27009e-19   0.00650623  -3.7881e-19   -0.0122205 -2.42419e-19    0.0177518  7.74253e-20   -0.0191979 -3.54336e-18    0.0136589  9.93535e-18  -0.00292013 -1.26403e-17  -0.00639362  1.21051e-17   0.00815569  -1.6077e-17  -0.00281556   2.4336e-17  -0.00304201 -2.76353e-17   0.00386526  1.95596e-17 -0.000609254 -4.41033e-18  -0.00187421 -5.94557e-18   0.00128285  5.51017e-18  0.000400683  -2.9916e-19  -0.00079478 -1.95009e-18  9.26873e-05  9.86239e-19  0.000314177  6.10112e-20 -0.000116578  -1.7159e-19 -8.66822e-05   4.7441e-20  4.96215e-05 -3.35545e-20  1.66664e-05  2.34048e-20  -1.0757e-05 -2.72304e-21 -2.03632e-06 -3.17315e-21   5.0623e-07
-1.59034e-19  8.21082e-07  1.48011e-18  -1.1759e-05 -4.55582e-18  8.89844e-05   6.5245e-18 -0.000445401 -4.41653e-18    0.0016191  1.88308e-20  -0.00448104  1.45132e-18   0.00966071 -5.87223e-20    -0.016301  7.74253e-20    0.0211766  1.21293e-18   -0.0199957 -7.69031e-18    0.0111812  1.34651e-17   0.00108525 -1.16115e-17  -0.00894503  8.64508e-18   0.00771659 -1.39483e-17 -0.000653316   2.3763e-17  -0.00444658 -2.67225e-17   0.00348863  1.68365e-17  0.000477996 -1.11273e-18  -0.00227656 -7.20294e-18  0.000889344   4.6491e-18  0.000789357  4.51599e-19 -0.000754257 -1.79275e-18 -0.000101126  7.47476e-19  0.000351451  3.27281e-21 -4.88286e-05 -7.96313e-20 -0.000110539  6.13997e-20  3.09265e-05 -5.27745e-20  2.30948e-05  2.65012e-20 -6.36384e-06 -4.23896e-21 -2.27299e-06 -1.84929e-21
-1.24441e-07 -6.32154e-19  3.13769e-06  3.23301e-18 -3.13074e-05 -6.71569e-18  0.000190463  6.89415e-18 -0.000812183 -2.48632e-18   0.00259442 -1.93752e-18  -0.00642669  1.80063e-18    0.0125326 -8.62628e-19   -0.0191979  1.21293e-18    0.0224975   2.9901e-18   -0.0185565  -1.1671e-17   0.00753556  1.39348e-17    0.0046246 -6.55689e-18   -0.0101011  2.43405e-18   0.00628643 -9.83841e-18   0.00142497  2.14979e-17   -0.0051672 -2.44148e-17   0.00268561  1.34573e-17    0.0014458  1.51411e-18   -0.0023739 -7.24012e-18  0.000397174   3.4701e-18   0.00106845  7.09465e-19  -0.00061894 -1.39266e-18 -0.000277399    6.021e-19  0.000341644 -1.10399e-19  2.20464e-05 -3.13627e-20 -0.000117087  7.39383e-20  1.01062e-05 -5.39072e-20  2.42829e-05  2.97879e-20 -2.11099e-06 -5.17587e-21  -1.4721e-06
 1.77725e-19 -5.84613e-07 -1.70058e-18  8.40083e-06  5.42827e-18 -6.41524e-05 -8.01883e-18  0.000326256  5.58933e-18  -0.00121491  4.78302e-19   0.00347874  -3.7506e-18  -0.00785603  2.96989e-18    0.0141137 -3.54336e-18   -0.0199957   2.9901e-18    0.0215205  4.77049e-18    -0.015661 -1.33307e-17   0.00394029  9.65551e-18   0.00697636  2.22062e-18   -0.0100554 -5.40991e-18   0.00450877 -4.99636e-18   0.00305085  1.86386e-17  -0.00531704 -2.13421e-17   0.00172326  9.97609e-18   0.00219418  3.08241e-18  -0.00223981 -6.28085e-18 -0.000106782  2.45375e-18   0.00122821  5.02927e-19 -0.000425132 -9.89125e-19 -0.000416371  5.68541e-19  0.000294433 -1.87141e-19   8.4883e-05 -2.65264e-20 -0.000108296  5.43848e-20 -8.48189e-06 -4.35069e-20  2.10116e-05  3.22101e-20  7.83797e-07 -3.23228e-21
 5.95561e-08  6.21887e-19 -1.50251e-06   -3.353e-18  1.51566e-05  7.24857e-18 -9.43578e-05 -7.73237e-18  0.000417491  2.68375e-18  -0.00140542  3.80515e-18    0.0037329 -5.65076e-18  -0.00796056  5.81198e-18    0.0136589 -7.69031e-18   -0.0185565  4.77049e-18    0.0189961  5.69745e-18   -0.0125463 -1.10026e-17   0.00126795  7.59414e-19    0.0081401  1.26979e-17   -0.0093811 -1.26729e-17    0.0028502 -1.16631e-18   0.00419328  1.59703e-17  -0.00511321 -1.78175e-17  0.000760786  6.85123e-18   0.00272197  3.47168e-18  -0.00195035 -4.87408e-18 -0.000572678  1.95903e-18   0.00127818  9.90187e-20 -0.000204265 -7.71376e-19 -0.000509096  5.80241e-19  0.000222126 -1.66953e-19  0.000132486 -1.84968e-20 -8.82629e-05 -8.71979e-22 -2.18159e-05 -3.37999e-20  1.49313e-05  2.90236e-20   1.6776e-06
-1.49034e-19  9.96775e-08  1.49052e-18 -1.45958e-06 -5.06016e-18  1.19089e-05  7.83888e-18  -6.7783e-05 -5.70973e-18  0.000293914 -1.23292e-18  -0.00100977  6.93175e-18   0.00279381 -8.08945e-18  -0.00624402  9.93535e-18    0.0111812  -1.1671e-17    -0.015661  5.69745e-18     0.016163  5.05032e-18   -0.0101629  -4.4205e-18 -0.000336416 -1.05236e-17   0.00858929  2.17363e-17  -0.00856752 -1.70496e-17   0.00144775  7.02147e-19   0.00498295  1.34793e-17   -0.0047121 -1.41474e-17 -0.000141232   4.6131e-18   0.00305627  2.87718e-18  -0.00156228 -3.73925e-18 -0.000973085  2.02876e-18   0.00123529 -1.51751e-19   1.8575e-05 -7.77407e-19 -0.000554281  5.32636e-19  0.000137116 -6.74156e-20  0.000161375  3.77052e-20 -6.19638e-05 -6.42478e-20 -2.83898e-05 -3.05135e-20   8.0595e-06  1.76579e-20
 2.26266e-08 -4.36738e-19 -5.75471e-07  2.60716e-18  5.57027e-06 -6.03791e-18 -3.12057e-05  6.85151e-18     0.000113 -2.34835e-18 -0.000261964 -5.35629e-18  0.000290464  9.63705e-18  0.000438207 -1.08558e-17  -0.00292013  1.34651e-17   0.00753556 -1.33307e-17   -0.0125463  5.05032e-18    0.0139948  2.61946e-18  -0.00873952  4.78482e-18  -0.00125921  -2.0508e-17   0.00879175  2.64221e-17  -0.00780267 -1.76304e-17  0.000246817  1.22702e-18   0.00553141  1.07857e-17  -0.00418863 -1.09959e-17 -0.000959523  3.71194e-18   0.00322329  1.86738e-18  -0.00111916 -3.41927e-18  -0.00129377  2.34726e-18   0.00111967 -3.33204e-20  0.000224785 -8.93886e-19 -0.000555805  3.58577e-19  5.03778e-05  3.45343e-20  0.000171113    1.402e-19 -3.43536e-05 -1.01361e-19  -2.8129e-05 -2.98216e-20  2.35519e-06
 8.16585e-20  3.04891e-07 -8.90848e-19 -4.37582e-06  3.43835e-18  3.27266e-05 -5.78547e-18 -0.000158973   4.5477e-18   0.00054641   1.7429e-18   -0.0013718 -9.06968e-18   0.00248512  1.17823e-17  -0.00293613 -1.26403e-17   0.00108525  1.39348e-17   0.00394029 -1.10026e-17   -0.0101629  2.61946e-18    0.0127469 -1.01421e-18  -0.00794447  1.33798e-17  -0.00193565 -2.55234e-17   0.00894545  2.56043e-17  -0.00707393 -1.56683e-17  -0.00081449  1.99469e-18   0.00588902  7.95574e-18  -0.00358613 -9.22137e-18  -0.00167858   4.1485e-18   0.00324949  1.19949e-18 -0.000655731 -3.94586e-18  -0.00153044  2.46637e-18  0.000951737  4.13723e-19  0.000401873 -9.49055e-19 -0.000520582  7.10647e-20  -2.9225e-05  6.83951e-20  0.000163537   2.4559e-19 -9.76088e-06  -9.7985e-20 -2.21601e-05 -2.37768e-20
-6.18172e-08  1.59649e-19  1.57287e-06 -1.29433e-18 -1.57298e-05  3.49032e-18  9.51123e-05 -4.38992e-18 -0.000398658  1.37839e-18   0.00123196   6.0812e-18  -0.00287971 -1.21505e-17   0.00507183  1.28896e-17  -0.00639362 -1.16115e-17    0.0046246  9.65551e-18   0.00126795  -4.4205e-18  -0.00873952 -1.01421e-18    0.0121059 -4.52324e-18  -0.00736647  1.77767e-17  -0.00255588 -2.36476e-17   0.00904897  2.06162e-17  -0.00634946 -1.37889e-17  -0.00175036  4.11763e-18   0.00608576  5.72171e-18  -0.00294293 -9.28809e-18  -0.00229161  5.34765e-18   0.00316257  1.39944e-18 -0.000197656 -4.83995e-18  -0.00168562  2.13165e-18  0.000750127  9.61041e-19  0.000542391 -8.08577e-19 -0.000456994 -2.59158e-19 -9.51187e-05  1.99389e-20  0.000142031  3.08902e-19  8.40576e-06 -6.48132e-20 -1.23877e-05
-1.11662e-20 -3.33686e-07  1.98465e-19  4.84122e-06 -1.31153e-18 -3.71757e-05  2.67664e-18  0.000189126 -2.26181e-18   -0.0006994 -2.44731e-18   0.00196732  1.04859e-17  -0.00428852 -1.45697e-17   0.00720753  1.21051e-17  -0.00894503 -6.55689e-18   0.00697636  7.59414e-19 -0.000336416  4.78482e-18  -0.00794447 -4.52324e-18    0.0116687  -6.3447e-18  -0.00682467  1.57391e-17  -0.00311398 -1.56831e-17   0.00907823  1.44975e-17  -0.00564034 -1.41886e-17  -0.00256324  7.34881e-18   0.00615552  4.87363e-18  -0.00228876  -1.0893e-17  -0.00280127  6.46727e-18   0.00298781  2.45352e-18  0.000237439  -5.4733e-18  -0.00176563  1.40363e-18  0.000530952  1.36575e-18  0.000642768  -4.1854e-19 -0.000373865 -5.54411e-19 -0.000142914 -7.32499e-20  0.000110921  3.07718e-19  1.78973e-05 -2.38242e-20
  3.5129e-08  6.31367e-20 -9.01077e-07   7.3375e-20  9.23645e-06 -8.06407e-19 -5.83583e-05  1.29212e-18    0.0002614  4.01842e-19 -0.000886698 -6.99486e-18   0.00235392  1.49533e-17  -0.00494721 -1.60837e-17   0.00815569  8.64508e-18   -0.0101011  2.22062e-18    0.0081401 -1.05236e-17  -0.00125921  1.33798e-17  -0.00736647  -6.3447e-18    0.0112583 -5.44112e-18  -0.00633211  7.49084e-18  -0.00358101 -4.62503e-18    0.0090529  1.01948e-17   -0.0049665 -1.73007e-17  -0.00326767  1.04947e-17   0.00612938  5.55432e-18  -0.00164171 -1.31692e-17  -0.00321461  6.84147e-18   0.00274641  3.88892e-18  0.000637782 -5.46666e-18  -0.00177864  5.01174e-19  0.000307685  1.49209e-18  0.000702321  1.76007e-19 -0.000279788 -7.58678e-19 -0.000170101 -1.58285e-19   7.5185e-05  2.40258e-19  1.73141e-05
 -2.6671e-20  5.32387e-08  2.42867e-19 -8.23562e-07 -2.97091e-19  7.15416e-06   7.4357e-20 -4.32797e-05 -3.72383e-19  0.000197486  3.77769e-18 -0.000703443 -1.22876e-17    0.0019832  1.92602e-17  -0.00442778  -1.6077e-17   0.00771659  2.43405e-18   -0.0100554  1.26979e-17   0.00858929  -2.0508e-17  -0.00193565  1.77767e-17  -0.00682467 -5.44112e-18    0.0108906 -1.81782e-18  -0.00592493 -4.54232e-18  -0.00397414  6.04539e-18   0.00900286  9.07463e-18  -0.00433164 -2.18806e-17  -0.00388198  1.25083e-17   0.00602973  7.21028e-18  -0.00101266 -1.51873e-17  -0.00353984  6.20556e-18     0.002456  5.13775e-18  0.000995848 -4.82056e-18  -0.00173356 -4.11277e-19  9.13018e-05  1.33344e-18  0.000722327  8.26303e-19 -0.000182945 -8.38564e-19 -0.000175957 -1.96606e-19  3.99322e-05  1.25423e-19
 1.50284e-08 -1.36144e-19 -3.76689e-07   5.2373e-19  3.57157e-06  -8.3137e-19 -1.93493e-05  1.08751e-18  6.57413e-05 -2.32982e-18  -0.00012954  8.02843e-18  3.48138e-05 -1.79324e-17  0.000719108  2.26946e-17  -0.00281556 -1.39483e-17   0.00628643 -5.40991e-18   -0.0093811  2.17363e-17   0.00879175 -2.55234e-17  -0.00255588  1.57391e-17  -0.00633211 -1.81782e-18    0.0106049  3.54926e-18   -0.0055915  -1.7137e-17  -0.00432327  1.39858e-17   0.00894119  1.06953e-17   -0.0037317 -2.61584e-17  -0.00442016  1.31493e-17   0.00587318  9.12114e-18 -0.000408542 -1.63043e-17  -0.00378559  4.68475e-18   0.00213103  5.86207e-18   0.00130721 -3.76227e-18  -0.00163926 -1.28248e-18  -0.00010923  9.79302e-19  0.000705562  1.33734e-18 -9.08191e-05 -7.79452e-19 -0.000161053 -1.79289e-19   1.0199e-05
 2.43884e-20  1.76243e-07 -3.05924e-19 -2.53008e-06  8.36956e-19  1.88781e-05 -1.38264e-18 -9.10826e-05  2.10572e-18  0.000308387 -4.72958e-18 -0.000749601  1.28163e-17   0.00125783  -2.3015e-17  -0.00114797   2.4336e-17 -0.000653316 -9.83841e-18   0.00450877 -1.26729e-17  -0.00856752  2.64221e-17   0.00894545 -2.36476e-17  -0.00311398  7.49084e-18  -0.00592493  3.54926e-18    0.0103922  9.28451e-18  -0.00530572 -2.77942e-17  -0.00464238  1.85234e-17   0.00887217  1.36385e-17  -0.00316416 -2.89854e-17  -0.00489359   1.2811e-17   0.00567302  1.08553e-17  0.000166796 -1.62484e-17  -0.00396034  2.69225e-18   0.00178302  6.02808e-18   0.00156944 -2.49442e-18  -0.00150428 -2.08829e-18 -0.000286665  5.52944e-19  0.000655841  1.57551e-18 -1.00898e-05 -5.90397e-19 -0.000127551 -1.18059e-19
-3.08862e-08  8.33114e-20  7.91987e-07 -4.67899e-19 -7.98972e-06  1.07861e-18  4.87647e-05 -1.85816e-18  -0.00020627  3.11589e-18  0.000641892 -7.41444e-18  -0.00150101  1.72152e-17   0.00259796 -2.64572e-17  -0.00304201   2.3763e-17   0.00142497 -4.99636e-18    0.0028502 -1.70496e-17  -0.00780267  2.56043e-17   0.00904897 -1.56831e-17  -0.00358101 -4.54232e-18   -0.0055915  9.28451e-18    0.0102283   1.4276e-17  -0.00505664  -3.5446e-17  -0.00493699   2.0174e-17   0.00880093   1.6502e-17  -0.00262678 -3.02279e-17  -0.00531282  1.19704e-17   0.00543949  1.22566e-17  0.000711818 -1.50741e-17  -0.00407173  7.57961e-19   0.00142129  5.74511e-18   0.00178145 -1.05948e-18  -0.00133664 -2.73974e-18 -0.000435302  1.39123e-19  0.000577262  1.52204e-18  5.20263e-05 -3.08999e-19 -7.62797e-05
-3.83676e-21 -1.32088e-07  1.38901e-19  1.95382e-06 -5.46097e-19 -1.53928e-05  1.20847e-18  8.08339e-05 -2.19537e-18 -0.000310171  4.00182e-18   0.00090816 -9.72333e-18  -0.00205948  2.01248e-17   0.00357168 -2.76353e-17  -0.00444658  2.14979e-17   0.00305085 -1.16631e-18   0.00144775 -1.76304e-17  -0.00707393  2.06162e-17   0.00907823 -4.62503e-18  -0.00397414  -1.7137e-17  -0.00530572   1.4276e-17    0.0101042  1.80346e-17   -0.0048415 -4.01912e-17  -0.00521383  1.99363e-17   0.00873239  1.84155e-17  -0.00211617 -3.03902e-17  -0.00568713   1.0828e-17   0.00518009  1.31541e-17   0.00122632 -1.30606e-17  -0.00412654 -7.30849e-19    0.0010532  5.06224e-18   0.00194305  5.67536e-19  -0.00114332 -3.09806e-18 -0.000549484 -2.43633e-19  0.000475211   1.2359e-18  9.04762e-05 -2.57885e-20
 7.10209e-09 -3.24859e-21 -1.91962e-07  1.40993e-19  2.13923e-06 -5.09032e-19 -1.50715e-05  1.23189e-18  7.65029e-05 -2.25805e-18 -0.000295919  4.38982e-18  0.000893506 -1.07839e-17  -0.00211531  2.08761e-17   0.00386526 -2.67225e-17   -0.0051672  1.86386e-17   0.00419328  7.02147e-19  0.000246817 -1.56683e-17  -0.00634946  1.44975e-17    0.0090529  6.04539e-18  -0.00432327 -2.77942e-17  -0.00505664  1.80346e-17    0.0100188  2.06022e-17  -0.00465596 -4.25788e-17  -0.00547974  1.88658e-17    0.0086697  1.90751e-17  -0.00162857 -2.99225e-17  -0.00602441  9.31199e-18   0.00490042  1.32197e-17   0.00171112   -1.054e-17  -0.00413054 -1.75944e-18  0.000684336  3.94609e-18    0.0020536  2.28765e-18 -0.000931424 -3.08629e-18 -0.000624733 -5.94941e-19  0.000355509  8.16791e-19  9.55416e-05
-9.38722e-21 -3.93048e-08  2.18405e-20  5.25252e-07  7.03682e-20 -3.37966e-06 -3.88707e-19  1.19631e-05  1.09085e-18 -1.62434e-05 -1.81094e-18 -6.38857e-05  3.79815e-18  0.000468784 -1.00573e-17  -0.00157429  1.95596e-17   0.00348863 -2.44148e-17  -0.00531704  1.59703e-17   0.00498295  1.22702e-18  -0.00081449 -1.37889e-17  -0.00564034  1.01948e-17   0.00900286  1.39858e-17  -0.00464238  -3.5446e-17   -0.0048415  2.06022e-17   0.00996939  2.21692e-17  -0.00449543 -4.30642e-17  -0.00573993  1.78261e-17   0.00861515  1.85951e-17  -0.00116024 -2.87452e-17  -0.00633164  7.30058e-18   0.00460428  1.21664e-17   0.00216769 -7.68898e-18  -0.00408782 -2.71032e-18  0.000319891  2.44822e-18   0.00211285  3.85497e-18 -0.000708119 -2.75562e-18 -0.000657219 -8.50452e-19  0.000224464  3.81485e-19
 1.45229e-08  -3.1232e-20 -3.68342e-07  7.77395e-20  3.61581e-06 -5.33339e-20 -2.09946e-05 -2.15214e-19   8.1622e-05  6.49082e-19 -0.000219724 -6.59904e-19  0.000388137   2.0043e-18 -0.000298042 -7.68951e-18 -0.000609254  1.68365e-17   0.00268561 -2.13421e-17  -0.00511321  1.34793e-17   0.00553141  1.99469e-18  -0.00175036 -1.41886e-17   -0.0049665  9.07463e-18   0.00894119  1.85234e-17  -0.00493699 -4.01912e-17  -0.00465596  2.21692e-17   0.00995318  2.27547e-17   -0.0043569 -4.19009e-17   -0.0059989  1.72064e-17   0.00857081  1.73649e-17 -0.000707212 -2.63196e-17  -0.00661485  4.81593e-18   0.00429382  1.00851e-17    0.0025972 -4.39372e-18    -0.004002 -4.09021e-18 -3.57156e-05  8.25577e-19   0.00212095  5.01545e-18 -0.000477743 -2.22166e-18 -0.000636865 -9.05689e-19  8.23061e-05
  8.1031e-21  9.01371e-08 -6.34477e-20 -1.31823e-06  1.47762e-19  1.01207e-05 -1.92873e-19 -5.08638e-05  3.03075e-20  0.000182342 -1.68275e-19 -0.000481331  1.13047e-18  0.000924045 -7.00585e-19  -0.00116672 -4.41033e-18  0.000477996  1.34573e-17   0.00172326 -1.78175e-17   -0.0047121  1.07857e-17   0.00588902  4.11763e-18  -0.00256324 -1.73007e-17  -0.00433164  1.06953e-17   0.00887217   2.0174e-17  -0.00521383 -4.25788e-17  -0.00449543  2.27547e-17   0.00996887  2.22176e-17  -0.00423817 -3.93366e-17  -0.00626107  1.66994e-17   0.00853826  1.58947e-17 -0.000265377 -2.21742e-17  -0.00687902  2.02095e-18   0.00397063  7.52704e-18    0.0030014 -3.92366e-19  -0.00387566  -6.0563e-18 -0.000380481 -5.27349e-19   0.00207294  5.55087e-18 -0.000249855 -1.58444e-18 -0.000565975 -7.12518e-19
-9.27987e-09  2.00069e-20  2.45188e-07 -9.20293e-20 -2.58622e-06  2.11613e-19  1.67556e-05  -3.1708e-19 -7.63847e-05  3.53924e-19  0.000260115 -1.21487e-18 -0.000676756  3.14908e-18   0.00133378 -3.60743e-18  -0.00187421 -1.11273e-18    0.0014458  9.97609e-18  0.000760786 -1.41474e-17  -0.00418863  7.95574e-18   0.00608576  7.34881e-18  -0.00326767 -2.18806e-17   -0.0037317  1.36385e-17   0.00880093  1.99363e-17  -0.00547974 -4.30642e-17   -0.0043569  2.22176e-17    0.0100162  2.05555e-17  -0.00413725 -3.57937e-17  -0.00653055  1.54243e-17   0.00851886  1.45889e-17  0.000169157 -1.64554e-17   -0.0071292 -9.27351e-19   0.00363465   5.2179e-18   0.00338278  4.20704e-18  -0.00370704 -8.16309e-18 -0.000708134 -1.24462e-18   0.00196746  5.27393e-18 -3.69743e-05 -9.01706e-19 -0.000401934
-1.29095e-21 -9.93365e-09  2.73269e-20   1.8338e-07 -1.02409e-19 -1.87547e-06  2.54261e-19  1.28924e-05 -3.89957e-19 -6.41329e-05  6.52304e-19  0.000239289 -2.12207e-18 -0.000679649  4.80416e-18   0.00146066 -5.94557e-18  -0.00227656  1.51411e-18   0.00219418  6.85123e-18 -0.000141232 -1.09959e-17  -0.00358613  5.72171e-18   0.00615552  1.04947e-17  -0.00388198 -2.61584e-17  -0.00316416   1.6502e-17   0.00873239  1.88658e-17  -0.00573993 -4.19009e-17  -0.00423817  2.05555e-17    0.0100952  1.81679e-17  -0.00405275 -3.18074e-17  -0.00681147  1.25067e-17   0.00851434  1.35104e-17  0.000601364 -1.00758e-17  -0.00736956 -3.98853e-18   0.00328325  3.71829e-18   0.00373978  8.49257e-18  -0.00349698 -9.70556e-18  -0.00101074 -1.19718e-18   0.00180223  4.14185e-18  0.000164274 -3.22684e-19
-4.67741e-09 -2.63131e-22  1.14104e-07  2.13597e-20 -1.03877e-06 -9.24046e-20   5.2388e-06   2.5356e-19 -1.51784e-05 -3.47407e-19  1.53347e-05  7.22319e-19  7.60128e-05 -2.49656e-18 -0.000447287  5.63253e-18   0.00128285 -7.20294e-18   -0.0023739  3.08241e-18   0.00272197   4.6131e-18 -0.000959523 -9.22137e-18  -0.00294293  4.87363e-18   0.00612938  1.25083e-17  -0.00442016 -2.89854e-17  -0.00262678  1.84155e-17    0.0086697  1.78261e-17   -0.0059989 -3.93366e-17  -0.00413725  1.81679e-17    0.0102069  1.57853e-17  -0.00398364 -2.77626e-17  -0.00710864  7.84818e-18   0.00852555  1.23468e-17   0.00103644 -4.29391e-18  -0.00760174 -7.24746e-18   0.00291667  3.26143e-18   0.00407276  1.11565e-17  -0.00324635 -1.02057e-17  -0.00129584 -6.42616e-19   0.00155061  2.42202e-18  0.000327857
-2.07585e-21 -4.26685e-08  6.35049e-21  6.13096e-07  9.55685e-22 -4.55372e-06  -6.5679e-20  2.16375e-05  1.75936e-19 -7.05593e-05 -1.20556e-19  0.000156546  4.03116e-19 -0.000199224 -2.17076e-18 -4.62478e-05  5.51017e-18  0.000889344 -7.24012e-18  -0.00223981  3.47168e-18   0.00305627  3.71194e-18  -0.00167858 -9.28809e-18  -0.00228876  5.55432e-18   0.00602973  1.31493e-17  -0.00489359 -3.02279e-17  -0.00211617  1.90751e-17   0.00861515  1.72064e-17  -0.00626107 -3.57937e-17  -0.00405275  1.57853e-17     0.010353  1.40482e-17   -0.0039287 -2.36709e-17  -0.00742643  2.50404e-18   0.00855331  1.06802e-17    0.0014778  9.39108e-20  -0.00783101 -1.07385e-17   0.00253178  3.62314e-18   0.00438902    1.152e-17   -0.0029373 -9.35584e-18  -0.00153496  -1.1703e-19   0.00123668  7.36656e-19
 5.67902e-09 -5.87579e-21 -1.49132e-07  1.79762e-20  1.54532e-06 -2.68936e-20  -9.6986e-06 -2.09393e-20  4.20765e-05  5.12123e-21 -0.000132997  2.91791e-19  0.000308062 -2.75508e-19 -0.000493367 -1.30822e-18  0.000400683   4.6491e-18  0.000397174 -6.28085e-18  -0.00195035  2.87718e-18   0.00322329   4.1485e-18  -0.00229161  -1.0893e-17  -0.00164171  7.21028e-18   0.00587318   1.2811e-17  -0.00531282 -3.03902e-17  -0.00162857  1.85951e-17   0.00857081  1.66994e-17  -0.00653055 -3.18074e-17  -0.00398364  1.40482e-17    0.0105355  1.30229e-17  -0.00388778 -1.91913e-17  -0.00776964 -1.79917e-18   0.00860128  8.33967e-18   0.00193392  3.31011e-18  -0.00806227 -1.40052e-17   0.00211433  4.13696e-18   0.00467152  9.98306e-18  -0.00256963 -7.04465e-18  -0.00169359 -3.46681e-19  0.000671985
 1.34893e-21  1.41272e-08 -1.02589e-20 -2.29044e-07   3.0987e-20  2.00805e-06 -5.25164e-20 -1.18142e-05  3.90087e-20  5.06576e-05 -2.18858e-19 -0.000163669   7.7781e-19  0.000399308 -1.08001e-18 -0.000708817  -2.9916e-19  0.000789357   3.4701e-18 -0.000106782 -4.87408e-18  -0.00156228  1.86738e-18   0.00324949  5.34765e-18  -0.00280127 -1.31692e-17  -0.00101266  9.12114e-18   0.00567302  1.19704e-17  -0.00568713 -2.99225e-17  -0.00116024  1.73649e-17   0.00853826  1.54243e-17  -0.00681147 -2.77626e-17   -0.0039287  1.30229e-17     0.010758  1.20285e-17  -0.00386124 -1.39067e-17  -0.00814692 -3.85088e-18    0.0086691   5.6167e-18   0.00241535  6.19269e-18  -0.00828532 -1.60563e-17   0.00166784  4.26293e-18   0.00490716  7.63304e-18  -0.00214648 -3.97116e-18  -0.00186404 -1.14202e-18
  1.0666e-09  2.42327e-21 -2.26748e-08 -1.26984e-20  1.50476e-07  4.09899e-20 -2.03958e-07 -6.58029e-20 -3.43452e-06  8.95857e-20  2.93402e-05  -4.0134e-19  -0.00013015  1.16091e-18  0.000385341 -1.70682e-18  -0.00079478  4.51599e-19   0.00106845  2.45375e-18 -0.000572678 -3.73925e-18  -0.00111916  1.19949e-18   0.00316257  6.46727e-18  -0.00321461 -1.51873e-17 -0.000408542  1.08553e-17   0.00543949   1.0828e-17  -0.00602441 -2.87452e-17 -0.000707212  1.58947e-17   0.00851886  1.25067e-17  -0.00710864 -2.36709e-17  -0.00388778  1.20285e-17    0.0110257  9.99532e-18  -0.00384656 -7.69973e-18    -0.008564 -4.07719e-18   0.00875362  3.39889e-18   0.00291981  9.09865e-18  -0.00850978 -1.65006e-17   0.00119236  4.13354e-18   0.00515492  5.56167e-18   -0.0015922 -1.42453e-18  -0.00172647
 1.23645e-23  1.64421e-08  2.00249e-21 -2.29793e-07 -1.20576e-20  1.62486e-06  4.30092e-20 -7.07129e-06  -5.5166e-20  1.93584e-05  9.01944e-20 -2.63466e-05  -4.5119e-19  -3.1196e-05  1.31074e-18  0.000270056 -1.95009e-18 -0.000754257  7.09465e-19   0.00122821  1.95903e-18 -0.000973085 -3.41927e-18 -0.000655731  1.39944e-18   0.00298781  6.84147e-18  -0.00353984 -1.63043e-17  0.000166796  1.22566e-17   0.00518009  9.31199e-18  -0.00633164 -2.63196e-17 -0.000265377  1.45889e-17   0.00851434  7.84818e-18  -0.00742643 -1.91913e-17  -0.00386124  9.99532e-18    0.0113416  6.26145e-18  -0.00384533 -9.98364e-19  -0.00902513 -4.67798e-18   0.00886945  2.96266e-18   0.00346412  1.14013e-17  -0.00876138 -1.62847e-17  0.000628347  4.01601e-18   0.00527264  3.90062e-18 -0.000944959  -3.4454e-19
 -2.5386e-09  5.79542e-22  6.63439e-08 -4.95325e-22 -6.78141e-07 -8.79409e-21  4.14604e-06  3.22354e-20 -1.71848e-05 -1.28752e-20  5.01332e-05  1.73988e-20 -9.91833e-05 -3.48701e-19  0.000101958  1.21921e-18  9.26873e-05 -1.79275e-18  -0.00061894  5.02927e-19   0.00127818  2.02876e-18  -0.00129377 -3.94586e-18 -0.000197656  2.45352e-18   0.00274641  6.20556e-18  -0.00378559 -1.62484e-17  0.000711818  1.31541e-17   0.00490042  7.30058e-18  -0.00661485 -2.21742e-17  0.000169157  1.35104e-17   0.00852555  2.50404e-18  -0.00776964 -1.39067e-17  -0.00384656  6.26145e-18    0.0117145  1.31414e-18  -0.00386383  5.26564e-18  -0.00955389 -8.11872e-18   0.00901579  4.93512e-18   0.00409041  1.20077e-17  -0.00896165 -1.59814e-17 -3.22049e-05   3.7983e-18    0.0052135  2.86743e-18  0.000330454
-3.13298e-22 -7.55988e-09  1.77673e-21  1.21449e-07 -4.23583e-21  -1.0424e-06 -3.40999e-21  5.93011e-06  8.43971e-21 -2.42315e-05  5.36489e-20  7.30279e-05 -1.07883e-19  -0.00015954 -1.61514e-19  0.000227213  9.86239e-19 -0.000101126 -1.39266e-18 -0.000425132  9.90187e-20   0.00123529  2.34726e-18  -0.00153044 -4.83995e-18  0.000237439  3.88892e-18     0.002456  4.68475e-18  -0.00396034 -1.50741e-17   0.00122632  1.32197e-17   0.00460428  4.81593e-18  -0.00687902 -1.64554e-17  0.000601364  1.23468e-17   0.00855331 -1.79917e-18  -0.00814692 -7.69973e-18  -0.00384533  1.31414e-18    0.0121593 -3.18824e-18  -0.00388946  9.82727e-18   -0.0101642 -1.43886e-17   0.00915338  8.66402e-18   0.00476997  9.45045e-18  -0.00912544 -1.46496e-17 -0.000687127  5.57789e-18   0.00545152  5.65679e-18
-2.03363e-10 -6.73395e-22  2.57108e-09  3.25903e-21  1.48026e-08 -7.73399e-21 -4.42727e-07  3.19463e-21  3.89182e-06 -1.97105e-20 -2.03927e-05  1.18855e-19  7.29249e-05 -2.28433e-19 -0.000184016  2.22822e-21  0.000314177  7.47476e-19 -0.000277399 -9.89125e-19 -0.000204265 -1.51751e-19   0.00111967  2.46637e-18  -0.00168562  -5.4733e-18  0.000637782  5.13775e-18   0.00213103  2.69225e-18  -0.00407173 -1.30606e-17   0.00171112  1.21664e-17   0.00429382  2.02095e-18   -0.0071292 -1.00758e-17   0.00103644  1.06802e-17   0.00860128 -3.85088e-18    -0.008564 -9.98364e-19  -0.00386383 -3.18824e-18    0.0126758 -5.22237e-18  -0.00392161  1.09971e-17   -0.0108399  -1.9509e-17   0.00935138  1.39098e-17   0.00549798  1.49893e-18  -0.00947154  -1.2321e-17  -0.00163809  1.08342e-17   0.00403153
 8.45264e-23 -5.53965e-09 -8.78778e-22  7.49623e-08  4.59322e-21 -4.99426e-07 -9.76667e-21  1.92449e-06  8.18793e-21 -3.75071e-06 -3.74388e-20 -2.81733e-06  1.52881e-19  4.59999e-05 -2.86648e-19 -0.000166683  6.10112e-20  0.000351451    6.021e-19 -0.000416371 -7.71376e-19   1.8575e-05 -3.33204e-20  0.000951737  2.13165e-18  -0.00176563 -5.46666e-18  0.000995848  5.86207e-18   0.00178302  7.57961e-19  -0.00412654   -1.054e-17   0.00216769  1.00851e-17   0.00397063 -9.27351e-19  -0.00736956 -4.29391e-18    0.0014778  8.33967e-18    0.0086691 -4.07719e-18  -0.00902513  5.26564e-18  -0.00388946 -5.22237e-18    0.0132787 -3.42513e-18   -0.0040073  6.61616e-18   -0.0116462 -1.83906e-17   0.00964333  2.21546e-17   0.00649802 -1.14507e-17  -0.00937529    -1.21e-17  -0.00305511  9.02176e-18
 8.80916e-10   5.2175e-23 -2.30149e-08 -8.55766e-22  2.33544e-07  5.45566e-21 -1.40084e-06 -9.68917e-21  5.57341e-06  7.89008e-21 -1.48774e-05 -3.41635e-20  2.31215e-05  1.42364e-19  1.14048e-06 -2.59466e-19 -0.000116578  3.27281e-21  0.000341644  5.68541e-19 -0.000509096 -7.77407e-19  0.000224785  4.13723e-19  0.000750127  1.40363e-18  -0.00177864 -4.82056e-18   0.00130721  6.02808e-18   0.00142129 -7.30849e-19  -0.00413054 -7.68898e-18    0.0025972  7.52704e-18   0.00363465 -3.98853e-18  -0.00760174  9.39108e-20   0.00193392   5.6167e-18   0.00875362 -4.67798e-18  -0.00955389  9.82727e-18  -0.00392161 -3.42513e-18    0.0140279  2.16989e-18  -0.00408798 -4.78059e-18   -0.0126963 -1.06421e-17   0.00974503  3.34716e-17   0.00781437 -2.21421e-17  -0.00911626 -1.75806e-17  -0.00540887
 3.17498e-23  2.52377e-09 -1.22207e-22 -4.14819e-08 -7.86501e-22  3.61478e-07   5.7053e-21 -2.06383e-06 -7.78831e-21  8.31946e-06  1.58926e-21 -2.40314e-05 -1.31265e-20  4.72271e-05  1.00926e-19 -4.71844e-05  -1.7159e-19 -4.88286e-05 -1.10399e-19  0.000294433  5.80241e-19 -0.000554281 -8.93886e-19  0.000401873  9.61041e-19  0.000530952  5.01174e-19  -0.00173356 -3.76227e-18   0.00156944  5.74511e-18    0.0010532 -1.75944e-18  -0.00408782 -4.39372e-18    0.0030014   5.2179e-18   0.00328325 -7.24746e-18  -0.00783101  3.31011e-18   0.00241535  3.39889e-18   0.00886945 -8.11872e-18   -0.0101642  1.09971e-17   -0.0040073  2.16989e-18     0.014914  9.90957e-18  -0.00409519 -2.20729e-17   -0.0138222 -1.41916e-18   0.00996032   4.2848e-17   0.00863643 -2.35616e-17   -0.0101117 -2.05689e-17
