     0.35205  6.12717e-16      0.13221 -2.83828e-16   -0.0225581 -5.44482e-16   -0.0413646  -3.2249e-16  -0.00500759 -5.58652e-17     0.012272  6.23451e-17   0.00584862  4.61049e-17  -0.00227445  3.08719e-18  -0.00297257 -8.97364e-18 -0.000384711  -1.0479e-18  0.000900787  3.68243e-18  0.000539492   1.7989e-18 -6.25134e-05 -7.62867e-19 -0.000214998 -8.11171e-19 -8.73874e-05  7.63804e-20  2.40771e-05   4.2214e-19  4.01146e-05  2.23554e-19   1.4917e-05 -1.09562e-20 -2.88956e-06 -6.79781e-20 -5.59211e-06 -3.06769e-20 -2.55828e-06  1.96791e-21 -2.70568e-07  8.39655e-21    3.395e-07  4.00929e-21  2.38901e-07  6.90083e-22  8.40505e-08  -2.2448e-22  1.71966e-08  -1.9344e-22   1.3468e-09 -6.43807e-23 -3.08448e-10 -1.26781e-23 -1.10152e-10 -1.53511e-24 -1.39163e-11 -9.53585e-26  -5.8575e-13
 6.12717e-16    0.0741193  1.80954e-16   0.00203961 -1.77659e-16   -0.0315257 -2.79232e-16   -0.0166674 -1.77312e-16    0.0049991 -9.03111e-18   0.00973645  6.28713e-17   0.00286815  2.80106e-17  -0.00275346 -1.31465e-17  -0.00269975 -1.37843e-17 -0.000245292  1.44691e-18   0.00101343  6.05943e-18    0.0006497  1.09379e-18  -5.2133e-05 -2.30032e-18  -0.00028183 -1.36184e-18   -0.0001399  3.61493e-19   2.0266e-05  7.92871e-19  5.94926e-05   3.4427e-19  2.90879e-05 -4.42082e-20 -1.53965e-07 -1.12162e-19 -8.16498e-06 -4.37426e-20 -5.04297e-06  6.99457e-21 -1.29997e-06  1.43345e-20  1.84629e-07  6.69476e-21  3.18271e-07  1.42258e-21  1.50781e-07 -1.56686e-22  4.38293e-08 -2.16044e-22  8.51421e-09 -7.27516e-23  1.07634e-09 -1.36017e-23  7.87115e-11 -1.43856e-24  2.38359e-12 -5.72546e-26
     0.13221  1.80954e-16    0.0624975  1.97159e-16    0.0062798  1.49455e-17   -0.0192332 -1.81647e-16   -0.0140659 -1.54026e-16   0.00177341 -3.86708e-18   0.00826742  5.11608e-17   0.00350554  8.79841e-18  -0.00231842 -2.33986e-17  -0.00295212 -1.13826e-17 -0.000481383  6.26495e-18   0.00109299  6.86688e-18   0.00081962 -1.08045e-18 -8.69871e-07 -3.92836e-18 -0.000335609 -1.71601e-18  -0.00019884  5.79288e-19  4.29938e-06  9.53779e-19  7.28133e-05  3.43294e-19    4.467e-05 -9.28285e-20  6.31564e-06 -1.44573e-19 -8.51057e-06 -5.29782e-20 -7.17032e-06  7.62706e-21 -2.75113e-06  1.54554e-20 -3.84435e-07   7.3595e-21  1.85915e-07  1.70367e-21  1.42408e-07 -4.80721e-23  5.03514e-08 -1.60639e-22  1.13606e-08 -5.10169e-23  1.66872e-09 -8.23801e-24  1.43946e-10 -6.57586e-25  4.82621e-12
-2.83828e-16   0.00203961  1.97159e-16    0.0213179   4.1021e-16   0.00993052  1.06342e-16    -0.012183 -1.57518e-16   -0.0130749 -1.12417e-16  0.000981199  2.17405e-17   0.00811036  3.97859e-17   0.00367292 -9.96085e-18  -0.00233715 -2.56712e-17  -0.00314107 -4.67392e-18 -0.000602471  1.05727e-17   0.00114785  5.92203e-18  0.000949142 -3.16341e-18  6.26854e-05 -4.91927e-18 -0.000364157 -1.86822e-18 -0.000254417  6.14574e-19 -2.32028e-05  9.18045e-19  7.72046e-05   2.8024e-19  5.93815e-05 -1.31365e-19  1.59982e-05 -1.63925e-19 -5.96504e-06 -6.14916e-20 -8.08549e-06  6.10241e-22 -4.10301e-06  1.02423e-20 -1.18299e-06   5.0956e-21 -1.34506e-07  1.06852e-21  4.50732e-08 -8.64767e-23  2.68723e-08 -1.06341e-22  6.76044e-09 -2.68081e-23  9.53148e-10 -3.34077e-24  6.55611e-11 -1.62338e-25
  -0.0225581 -1.77659e-16    0.0062798   4.1021e-16    0.0281956  3.93062e-16     0.009216  2.41425e-17   -0.0137142 -1.41996e-16   -0.0125423  -5.0925e-17    0.0014756  4.10004e-17    0.0079321  2.42934e-17   0.00358184 -2.02274e-17  -0.00225639 -2.09505e-17  -0.00320295  2.28339e-18 -0.000750015  1.28317e-17   0.00113261  4.84189e-18   0.00106099 -3.99124e-18   0.00015135 -4.99647e-18 -0.000368232 -1.77744e-18 -0.000306334  5.65469e-19 -6.10012e-05  7.91952e-19  7.15015e-05  2.15166e-19  7.08373e-05 -1.39357e-19   2.7536e-05 -1.58607e-19 -4.52951e-07 -6.41274e-20 -7.07215e-06 -1.11676e-20 -4.69611e-06  8.21364e-22 -1.82478e-06  8.59288e-22 -4.69736e-07 -1.45792e-22 -7.64807e-08 -2.37744e-22 -5.65819e-09 -7.99133e-23  4.34133e-10 -1.27453e-23  1.27211e-10 -1.05607e-24  6.78857e-12
-5.44482e-16   -0.0315257  1.49455e-17   0.00993052  3.93062e-16    0.0246021   2.3191e-16   0.00624934 -2.93216e-17   -0.0121053 -8.24406e-17   -0.0107947  2.51155e-18   0.00125256  4.42078e-17   0.00731513  1.03573e-17   0.00361954  -2.2585e-17  -0.00202399 -1.52761e-17  -0.00325007  7.13458e-18 -0.000936218  1.37872e-17   0.00108099  4.63743e-18   0.00116068 -3.49139e-18  0.000255607 -4.25407e-18 -0.000349471 -1.42028e-18 -0.000349834  5.03754e-19 -0.000106097  6.48048e-19   5.4747e-05   1.9394e-19  7.63458e-05 -9.27308e-20  3.88653e-05 -1.15829e-19  7.34492e-06 -5.50119e-20 -3.87507e-06 -2.09924e-20  -4.0135e-06 -7.81589e-21 -1.90673e-06 -2.89144e-21 -6.03774e-07 -1.10296e-21 -1.35561e-07 -3.31839e-22 -2.13207e-08  -6.0955e-23  -2.1837e-09  -5.8779e-24 -1.18169e-10 -2.72651e-25
  -0.0413646 -2.79232e-16   -0.0192332  1.06342e-16     0.009216   2.3191e-16    0.0185649  1.01346e-16   0.00519598   -2.819e-17   -0.0102336 -3.15994e-17  -0.00999377  2.54582e-17  0.000821408  3.79342e-17   0.00696883  1.23259e-18   0.00375532 -2.21301e-17  -0.00182153  -1.1005e-17  -0.00329646  9.88104e-18  -0.00112082  1.38113e-17   0.00100019  4.90389e-18   0.00123848 -2.20785e-18  0.000370589 -3.01612e-18 -0.000306069 -9.47154e-19 -0.000380434  4.09063e-19 -0.000155199   5.3597e-19  2.69967e-05  2.40599e-19  7.35551e-05  1.09193e-20  4.73685e-05 -4.10613e-20  1.58495e-05 -3.29592e-20  9.87242e-07 -2.22411e-20  -2.0392e-06 -1.10563e-20 -1.30308e-06 -4.19496e-21 -4.60448e-07 -1.28258e-21 -1.07958e-07 -2.83043e-22 -1.67339e-08 -3.60744e-23 -1.53218e-09 -2.17307e-24 -5.45156e-11
 -3.2249e-16   -0.0166674 -1.81647e-16    -0.012183  2.41425e-17   0.00624934  1.01346e-16    0.0163551  5.03368e-17   0.00541188 -1.58871e-17  -0.00937194 -9.09742e-18  -0.00962294  3.01824e-17  0.000599852  2.88202e-17   0.00670801 -5.45914e-18   0.00383978 -2.16001e-17  -0.00161139 -8.00993e-18  -0.00330121  1.02042e-17  -0.00130763   1.2368e-17  0.000882429  4.94748e-18   0.00129235 -7.56857e-19  0.000493868 -1.75874e-18 -0.000238259 -6.01846e-19   -0.0003941  2.57056e-19 -0.000203712  4.70702e-19   -1.025e-05  3.26877e-19  6.08295e-05  1.36975e-19  5.02489e-05  4.30655e-20  2.27116e-05 -1.81137e-21  6.09162e-06 -1.31943e-20   5.1732e-07 -8.13193e-21 -3.33786e-07 -3.09532e-21 -1.74445e-07 -8.58162e-22 -4.32394e-08 -1.56687e-22 -6.12448e-09 -1.38636e-23 -4.25448e-10 -4.79234e-25
 -0.00500759 -1.77312e-16   -0.0140659 -1.57518e-16   -0.0137142 -2.93216e-17   0.00519598  5.03368e-17    0.0154083  2.33976e-17   0.00497009 -1.83175e-17  -0.00880527 -1.83163e-18  -0.00908963   2.8642e-17  0.000419716  1.86516e-17   0.00639168  -1.0391e-17   0.00392264  -2.0504e-17  -0.00136248 -6.77749e-18  -0.00328012  7.58899e-18  -0.00150219  9.40106e-18  0.000733074  4.53099e-18   0.00132079  3.58183e-19  0.000619594 -9.00631e-19 -0.000147381 -5.41844e-19 -0.000386502  4.58037e-20  -0.00024597   4.0766e-19 -5.38624e-05  3.86781e-19  3.79124e-05  2.36826e-19   4.5229e-05  1.11352e-19  2.53274e-05   2.9765e-20  9.45301e-06  1.02588e-21  2.47869e-06 -2.33493e-21  4.42682e-07 -1.15599e-21   4.6969e-08 -3.38576e-22  1.41001e-09 -5.30517e-23 -2.51056e-10 -2.65455e-24   -1.842e-11
-5.58652e-17    0.0049991 -1.54026e-16   -0.0130749 -1.41996e-16   -0.0121053   -2.819e-17   0.00541188  2.33976e-17    0.0139402  -4.9589e-18   0.00442373 -2.18941e-17  -0.00811016  3.42273e-18  -0.00863519  2.34325e-17  0.000160192  9.80514e-18   0.00609618 -1.23629e-17   0.00403462 -1.87913e-17  -0.00109773 -7.89618e-18  -0.00323989  2.90799e-18  -0.00169574  5.84323e-18  0.000554998  3.76198e-18   0.00131863  8.53007e-19  0.000741456 -6.20444e-19 -3.54151e-05  -7.6966e-19 -0.000353968 -2.17147e-19 -0.000275561  2.87972e-19 -9.87539e-05  3.74227e-19  6.64602e-06  2.80023e-19  3.15358e-05  1.47412e-19  2.19313e-05  5.11731e-20  9.54731e-06  1.24589e-20  2.97965e-06   2.2492e-21  6.82775e-07  1.92933e-22  1.12113e-07 -3.99476e-23  1.21837e-08  -6.5021e-24  7.06668e-10  7.69531e-26
    0.012272 -9.03111e-18   0.00177341 -1.12417e-16   -0.0125423 -8.24406e-17   -0.0102336 -1.58871e-17   0.00497009  -4.9589e-18     0.012686 -2.23212e-17   0.00425793 -1.68812e-17   -0.0075085   7.1667e-18  -0.00834146   1.6732e-17 -9.10761e-05  5.41433e-18   0.00583693 -1.11494e-17   0.00414572 -1.70473e-17 -0.000821751 -1.03038e-17  -0.00317146 -1.71458e-18  -0.00188389  2.83455e-18  0.000348033  2.81366e-18   0.00128163  7.38678e-19  0.000852616 -8.26633e-19  9.36989e-05 -1.14797e-18  -0.00029409 -4.87708e-19 -0.000285668  1.15055e-19  -0.00013791  3.01213e-19 -2.84221e-05  2.68978e-19  1.11158e-05  1.49643e-19   1.3046e-05  5.69296e-20  6.50093e-06  1.67228e-20  2.12974e-06  3.90979e-21  4.86069e-07  6.05771e-22   7.4866e-08  4.23502e-23   6.8799e-09  3.39366e-24  2.46878e-10
 6.23451e-17   0.00973645 -3.86708e-18  0.000981199  -5.0925e-17   -0.0107947 -3.15994e-17  -0.00937194 -1.83175e-17   0.00442373 -2.23212e-17    0.0118854 -2.13586e-17    0.0041259 -8.22723e-18  -0.00706815  7.59864e-18  -0.00808619  1.25123e-17 -0.000318672  6.03453e-18   0.00557809  -7.7289e-18   0.00425313 -1.49826e-17 -0.000526051 -1.18166e-17  -0.00307308 -4.46005e-18  -0.00206425  9.66678e-19  0.000114503  1.86529e-18   0.00120591  2.71464e-19  0.000944588 -1.23885e-18   0.00023377 -1.44945e-18 -0.000206419 -6.58703e-19 -0.000270028 -2.25603e-20 -0.000162909  2.30409e-19 -5.98083e-05  2.35306e-19 -1.06372e-05   1.3204e-19  2.09431e-06  5.09556e-20  2.23206e-06  1.52178e-20  8.30589e-07  3.47198e-21  1.85006e-07  4.86636e-22  2.49432e-08  3.42491e-23  1.68831e-09  2.02021e-24
  0.00584862  6.28713e-17   0.00826742  2.17405e-17    0.0014756  2.51155e-18  -0.00999377 -9.09742e-18  -0.00880527 -2.18941e-17   0.00425793 -2.13586e-17    0.0112306 -1.19841e-17   0.00394442 -2.49356e-18  -0.00666668  6.48684e-18  -0.00785439  1.27279e-17 -0.000559687  9.82845e-18   0.00531802  -3.0268e-18   0.00436457 -1.17358e-17 -0.000212216 -1.09836e-17  -0.00294394 -4.78352e-18  -0.00223085  2.44054e-19 -0.000142339  1.11991e-18   0.00108722 -2.28347e-19   0.00100773 -1.53305e-18  0.000375961 -1.44485e-18 -9.36894e-05  -5.8641e-19 -0.000224367  2.18259e-21 -0.000165186  2.37861e-19 -7.82092e-05  2.20655e-19 -2.62252e-05  1.15027e-19 -6.19923e-06  4.20241e-20 -9.46238e-07  1.17893e-20 -6.32243e-08  2.40295e-21  6.16149e-09  2.68154e-22  1.56685e-09  1.55134e-23  7.96307e-11
 4.61049e-17   0.00286815  5.11608e-17   0.00811036  4.10004e-17   0.00125256  2.54582e-17  -0.00962294 -1.83163e-18  -0.00811016 -1.68812e-17    0.0041259 -1.19841e-17    0.0106057 -5.24385e-18    0.0038224 -1.08936e-18  -0.00628802  6.08938e-18  -0.00767369  1.58505e-17  -0.00081016  1.43537e-17   0.00506237  2.04361e-18   0.00447474 -7.22427e-18  0.000117817 -7.85443e-18  -0.00277933 -3.14831e-18  -0.00237699  4.00625e-19 -0.000418594  6.83091e-19  0.000922236   -5.855e-19   0.00103149 -1.48636e-18  0.000508176 -9.90691e-19  3.69174e-05  -1.5718e-19 -0.000148375  2.74854e-19 -0.000138888  3.63711e-19 -7.63291e-05  2.46879e-19 -3.01213e-05  1.09534e-19 -8.94777e-06   3.5394e-20 -2.00177e-06  8.75652e-21 -3.26205e-07  1.47446e-21 -3.56008e-08  1.19587e-22   -2.092e-09  4.94107e-24
 -0.00227445  2.80106e-17   0.00350554  3.97859e-17    0.0079321  4.42078e-17  0.000821408  3.01824e-17  -0.00908963  3.42273e-18   -0.0075085 -8.22723e-18   0.00394442 -5.24385e-18    0.0101008 -4.05144e-18   0.00375027  -2.5179e-18  -0.00596129  6.61922e-18  -0.00752983  1.87057e-17   -0.0010619  1.72119e-17   0.00480291  6.01759e-18    0.0045792  -2.3996e-18  0.000465563 -3.34477e-18  -0.00257495 -3.95778e-19  -0.00249535  1.00953e-18 -0.000708147  3.64867e-19  0.000709182 -8.44081e-19   0.00100472 -1.03166e-18  0.000614988 -7.34059e-20  0.000172637   6.3234e-19 -4.87059e-05  7.64942e-19 -8.59082e-05  5.72909e-19 -5.44635e-05  2.96412e-19 -2.28252e-05  1.09584e-19 -6.90819e-06   3.0197e-20 -1.51277e-06  6.28872e-21 -2.28005e-07  8.09421e-22 -2.07455e-08  4.40211e-23 -7.42681e-10
 3.08719e-18  -0.00275346  8.79841e-18   0.00367292  2.42934e-17   0.00731513  3.79342e-17  0.000599852   2.8642e-17  -0.00863519   7.1667e-18  -0.00706815 -2.49356e-18    0.0038224 -4.05144e-18    0.0096971 -6.50807e-18   0.00368698  -5.0829e-18  -0.00566879  6.80483e-18  -0.00740836  1.84843e-17  -0.00132199   1.6374e-17   0.00453389   7.4236e-18    0.0046767  1.71358e-18  0.000830722  1.55838e-18  -0.00232676  2.48606e-18  -0.00257663  1.37834e-18  -0.00100227 -3.06688e-19  0.000448647 -1.14034e-18  0.000916905 -2.31646e-19  0.000678329  1.16152e-18  0.000293875  1.60734e-18  5.73299e-05  1.30214e-18 -2.01338e-05  7.61365e-19 -2.27341e-05  3.25242e-19 -1.06206e-05   1.0174e-19 -3.18941e-06   2.3739e-20  -6.4395e-07  4.03122e-21 -8.23357e-08  3.67244e-22 -5.40862e-09  1.15727e-23
 -0.00297257 -1.31465e-17  -0.00231842 -9.96085e-18   0.00358184  1.03573e-17   0.00696883  2.88202e-17  0.000419716  2.34325e-17  -0.00834146  7.59864e-18  -0.00666668 -1.08936e-18   0.00375027 -6.50807e-18   0.00934265 -1.04034e-17   0.00364104 -7.54666e-18   -0.0053951  5.36883e-18  -0.00731137  1.38336e-17   -0.0015935  1.10709e-17    0.0042531  5.95571e-18   0.00476334  4.83407e-18   0.00121181  5.97222e-18  -0.00202991  4.36643e-18  -0.00260982  6.65944e-19  -0.00128909 -1.74495e-18  0.000145267 -1.53326e-18  0.000760284  7.19366e-19  0.000678607  2.37859e-18  0.000373803   2.4267e-18     0.000142  1.64696e-18  3.57624e-05  8.20286e-19  4.29669e-06  3.00381e-19 -7.11218e-07  8.02386e-20 -4.59488e-07  1.58095e-20 -1.01529e-07  2.10886e-21 -1.12367e-08   1.2178e-22 -4.46067e-10
-8.97364e-18  -0.00269975 -2.33986e-17  -0.00233715 -2.02274e-17   0.00361954  1.23259e-18   0.00670801  1.86516e-17  0.000160192   1.6732e-17  -0.00808619  6.48684e-18  -0.00628802  -2.5179e-18   0.00368698 -1.04034e-17   0.00903949 -1.40938e-17   0.00361958 -8.99859e-18  -0.00514195  1.96863e-18  -0.00723663  5.18262e-18  -0.00187593   2.4007e-18   0.00395565  2.84607e-18   0.00483395  7.30442e-18   0.00160712  9.01378e-18  -0.00167974  4.27099e-18  -0.00258235 -1.62085e-18  -0.00155237 -3.94019e-18  -0.00019008  -2.0159e-18  0.000532156  1.45641e-18  0.000597345  3.11126e-18  0.000384202  2.73556e-18  0.000177878  1.63452e-18  6.28196e-05  7.12867e-19  1.71538e-05  2.26052e-19  3.58431e-06  5.14737e-20  5.52931e-07   8.4871e-21  5.79914e-08  8.32957e-22  3.33464e-09  2.39496e-23
-0.000384711 -1.37843e-17  -0.00295212 -2.56712e-17  -0.00225639  -2.2585e-17   0.00375532 -5.45914e-18   0.00639168  9.80514e-18 -9.10761e-05  1.25123e-17  -0.00785439  6.08938e-18  -0.00596129  -5.0829e-18   0.00364104 -1.40938e-17   0.00878921 -1.57002e-17   0.00361422 -8.55995e-18  -0.00490581 -2.74252e-18  -0.00717883  -5.6768e-18  -0.00217159  -7.1377e-18   0.00363602  9.84068e-20   0.00488307   9.4722e-18   0.00201337  1.00149e-17  -0.00127239  1.96984e-18  -0.00247979 -5.19233e-18  -0.00177043 -6.47159e-18 -0.000538662 -2.67446e-18  0.000238337  1.52634e-18  0.000426729  2.99211e-18  0.000312222    2.391e-18  0.000155913   1.2845e-18  5.81257e-05  4.95404e-19  1.64349e-05  1.35557e-19  3.45257e-06  2.61354e-20  5.07768e-07  3.53913e-21  4.56302e-08  2.23489e-22  1.62827e-09
 -1.0479e-18 -0.000245292 -1.13826e-17  -0.00314107 -2.09505e-17  -0.00202399 -2.21301e-17   0.00383978  -1.0391e-17   0.00609618  5.41433e-18 -0.000318672  1.27279e-17  -0.00767369  6.61922e-18  -0.00566879 -7.54666e-18   0.00361958 -1.57002e-17   0.00857874 -1.29862e-17   0.00362343 -5.56721e-18  -0.00468031 -7.79184e-18   -0.0071361 -1.64185e-17  -0.00248282 -1.47558e-17   0.00328916 -6.20066e-19   0.00490354  1.13857e-17   0.00242509  9.02476e-18 -0.000805093 -1.73205e-18  -0.00228606 -9.10689e-18  -0.00191655 -8.86551e-18 -0.000872198 -3.70279e-18 -9.72963e-05   6.7818e-19  0.000187621  2.02879e-18  0.000178322  1.57338e-18  9.46907e-05  7.79249e-19  3.50883e-05  2.67456e-19  9.40896e-06  6.24059e-20  1.78249e-06   1.0164e-20  2.19644e-07  1.08866e-21    1.414e-08  3.09977e-23
 0.000900787  1.44691e-18 -0.000481383 -4.67392e-18  -0.00320295 -1.52761e-17  -0.00182153 -2.16001e-17   0.00392264 -1.23629e-17   0.00583693  6.03453e-18 -0.000559687  1.58505e-17  -0.00752983  6.80483e-18   -0.0053951 -8.99859e-18   0.00361422 -1.29862e-17   0.00840299 -4.61984e-18   0.00364939 -4.08549e-19  -0.00446278 -1.25141e-17  -0.00710656 -2.48417e-17  -0.00281096 -1.83563e-17   0.00290901   1.3653e-18   0.00488619    1.302e-17   0.00283432  6.99977e-18 -0.000277072 -5.42331e-18  -0.00198577 -1.23641e-17  -0.00196006 -1.08467e-17   -0.0011462 -5.13322e-18 -0.000418835 -8.51088e-19 -6.01915e-05  6.58483e-19  3.41243e-05  6.67237e-19   2.9006e-05  3.30841e-19  1.16493e-05  1.02749e-19  2.99916e-06  2.00771e-20  5.00943e-07  2.85616e-21  4.86634e-08  2.19473e-22  1.81002e-09
 3.68243e-18   0.00101343  6.26495e-18 -0.000602471  2.28339e-18  -0.00325007  -1.1005e-17  -0.00161139  -2.0504e-17   0.00403462 -1.11494e-17   0.00557809  9.82845e-18  -0.00081016  1.87057e-17  -0.00740836  5.36883e-18  -0.00514195 -8.55995e-18   0.00362343 -4.61984e-18   0.00826116  8.21386e-18   0.00369114  5.13377e-18  -0.00425036 -1.64578e-17  -0.00708731 -2.92701e-17  -0.00315777  -1.7103e-17   0.00248863  5.71548e-18   0.00481998  1.45723e-17   0.00322986  5.29406e-18   0.00030729 -7.91295e-18  -0.00156729 -1.43583e-17  -0.00186298 -1.22105e-17  -0.00129282 -6.57155e-18 -0.000641238 -2.38847e-18 -0.000238266 -5.19832e-19 -6.63238e-05  9.52871e-21 -1.33816e-05   5.5987e-20 -1.80185e-06  1.84071e-20 -1.28524e-07  3.00555e-21   3.4098e-10  5.09493e-22  5.93791e-10  1.82752e-23
 0.000539492  6.05943e-18   0.00109299  1.05727e-17 -0.000750015  7.13458e-18  -0.00329646 -8.00993e-18  -0.00136248 -1.87913e-17   0.00414572  -7.7289e-18   0.00531802  1.43537e-17   -0.0010619  1.84843e-17  -0.00731137  1.96863e-18  -0.00490581 -5.56721e-18   0.00364939  8.21386e-18   0.00814972  2.17479e-17   0.00374851  8.92893e-18  -0.00403921 -1.90099e-17  -0.00707588 -2.89866e-17  -0.00352504  -1.1593e-17   0.00202069  1.14327e-17   0.00469171  1.63599e-17   0.00359427  4.81305e-18  0.000934949 -8.72956e-18  -0.00102099 -1.48529e-17  -0.00157885 -1.26074e-17  -0.00123742 -7.33212e-18 -0.000689798 -3.25107e-18 -0.000295499 -1.11934e-18 -9.93897e-05 -2.83281e-19 -2.61159e-05 -5.08172e-20 -5.21036e-06 -8.72096e-21 -7.41118e-07 -9.33989e-22 -6.54624e-08  3.65445e-23 -2.32927e-09
  1.7989e-18    0.0006497  6.86688e-18   0.00114785  1.28317e-17 -0.000936218  9.88104e-18  -0.00330121 -6.77749e-18  -0.00109773 -1.70473e-17   0.00425313  -3.0268e-18   0.00506237  1.72119e-17  -0.00132199  1.38336e-17  -0.00723663 -2.74252e-18  -0.00468031 -4.08549e-19   0.00369114  2.17479e-17    0.0080664   3.1684e-17   0.00382272  9.94752e-18  -0.00382597 -1.96243e-17  -0.00706968 -2.46187e-17  -0.00391391 -3.59278e-18   0.00149758  1.72545e-17   0.00448361  1.84049e-17   0.00390129  5.55964e-18    0.0015868 -8.01177e-18 -0.000340699 -1.37849e-17  -0.00107876 -1.16764e-17 -0.000951553 -6.94077e-18 -0.000555513  -3.1877e-18 -0.000241319 -1.13593e-18 -8.00705e-05 -2.99916e-19 -2.00823e-05 -5.97077e-20 -3.65213e-06 -9.86341e-21 -4.39675e-07 -7.37637e-22 -2.80142e-08 -2.88589e-24
-6.25134e-05  1.09379e-18   0.00081962  5.92203e-18   0.00113261  1.37872e-17  -0.00112082  1.02042e-17  -0.00328012 -7.89618e-18 -0.000821751 -1.49826e-17   0.00436457  2.04361e-18   0.00480291   1.6374e-17   -0.0015935  5.18262e-18  -0.00717883 -7.79184e-18  -0.00446278  5.13377e-18   0.00374851   3.1684e-17   0.00801056  3.55924e-17    0.0039148  8.49096e-18  -0.00360718 -1.85176e-17  -0.00706519 -1.79861e-17  -0.00432448  4.60291e-18  0.000909546  2.19107e-17   0.00417209  2.01604e-17   0.00412071  6.82702e-18   0.00223685 -6.20826e-18  0.000446631 -1.13343e-17 -0.000408224  -9.4692e-18 -0.000504163 -5.52577e-18 -0.000313356  -2.4599e-18 -0.000134425 -8.27379e-19 -4.20994e-05 -2.00571e-19 -9.54949e-06 -3.72468e-20 -1.48619e-06 -5.07662e-21 -1.38916e-07 -1.92047e-22 -5.07874e-09
-7.62867e-19  -5.2133e-05 -1.08045e-18  0.000949142  4.84189e-18   0.00108099  1.38113e-17  -0.00130763  7.58899e-18  -0.00323989 -1.03038e-17 -0.000526051 -1.17358e-17   0.00447474  6.01759e-18   0.00453389  1.10709e-17  -0.00187593  -5.6768e-18   -0.0071361 -1.25141e-17  -0.00425036  8.92893e-18   0.00382272  3.55924e-17   0.00798158  3.35383e-17   0.00402604  5.21212e-18  -0.00337852 -1.67882e-17  -0.00705759 -1.12871e-17  -0.00475761  1.08864e-17  0.000244303  2.42452e-17   0.00373497   2.0612e-17   0.00421963  7.61801e-18   0.00282309 -4.02268e-18   0.00122896 -8.15732e-18  0.000279469 -6.64269e-18 -4.89759e-05 -3.71498e-18 -7.78522e-05 -1.55435e-18 -3.87222e-05 -4.72889e-19  -1.1996e-05 -1.00992e-19 -2.46777e-06 -1.70619e-20 -3.18915e-07 -1.67628e-21 -2.10323e-08 -4.79692e-24
-0.000214998 -2.30032e-18 -8.69871e-07 -3.16341e-18   0.00106099  4.63743e-18   0.00100019   1.2368e-17  -0.00150219  2.90799e-18  -0.00317146 -1.18166e-17 -0.000212216 -7.22427e-18    0.0045792   7.4236e-18    0.0042531   2.4007e-18  -0.00217159 -1.64185e-17  -0.00710656 -1.64578e-17  -0.00403921  9.94752e-18    0.0039148  3.35383e-17   0.00797929   2.6946e-17   0.00415873  4.64443e-19  -0.00313442 -1.55376e-17  -0.00704256 -6.18828e-18  -0.00521482  1.37725e-17 -0.000504065  2.32526e-17   0.00315445  1.85877e-17   0.00413534  6.90353e-18    0.0032054  -2.4246e-18   0.00180234 -5.28687e-18  0.000776772 -4.11208e-18  0.000260492 -2.16823e-18  6.77478e-05 -8.35545e-19  1.34601e-05 -2.21677e-19   1.9943e-06 -4.13808e-20  2.12854e-07 -6.30334e-21  1.51672e-08 -3.15644e-22  5.03993e-10
-8.11171e-19  -0.00028183 -3.92836e-18  6.26854e-05 -3.99124e-18   0.00116068  4.90389e-18  0.000882429  9.40106e-18  -0.00169574 -1.71458e-18  -0.00307308 -1.09836e-17  0.000117817  -2.3996e-18    0.0046767  5.95571e-18   0.00395565  -7.1377e-18  -0.00248282 -2.48417e-17  -0.00708731 -1.90099e-17  -0.00382597  8.49096e-18   0.00402604   2.6946e-17   0.00800463  1.74932e-17   0.00431643 -5.16641e-18  -0.00287012  -1.4889e-17  -0.00701618 -3.50059e-18  -0.00568861  1.24164e-17  -0.00133156  1.81145e-17   0.00239121  1.31419e-17   0.00374315  3.89359e-18   0.00318619 -2.28482e-18   0.00196525 -3.56214e-18   0.00094363 -2.46804e-18   0.00036044 -1.19107e-18  0.000109306  -4.0858e-19  2.57563e-05 -9.04799e-20  4.49918e-06 -1.53202e-20  5.30155e-07 -1.93769e-21  3.36004e-08 -2.59301e-25
-8.73874e-05 -1.36184e-18 -0.000335609 -4.91927e-18   0.00015135 -3.49139e-18   0.00123848  4.94748e-18  0.000733074  5.84323e-18  -0.00188389 -4.46005e-18  -0.00294394 -7.85443e-18  0.000465563  1.71358e-18   0.00476334  2.84607e-18   0.00363602 -1.47558e-17  -0.00281096 -2.92701e-17  -0.00707588 -1.96243e-17  -0.00360718  5.21212e-18   0.00415873  1.74932e-17   0.00805984  7.14488e-18   0.00450175 -1.00789e-17  -0.00258153 -1.40448e-17  -0.00696481 -3.55877e-18  -0.00615922  6.43056e-18  -0.00225049  8.46856e-18   0.00135946  4.12635e-18   0.00289974 -1.41903e-18   0.00263647 -3.73079e-18   0.00166213 -3.08391e-18  0.000796256 -1.69949e-18  0.000296536 -7.05086e-19  8.52706e-05 -2.01245e-19  1.83564e-05 -3.61194e-20  2.77229e-06 -5.89779e-21  2.55604e-07 -4.57077e-22  9.33591e-09
 7.63804e-20   -0.0001399 -1.71601e-18 -0.000364157 -4.99647e-18  0.000255607 -2.20785e-18   0.00129235  4.53099e-18  0.000554998  2.83455e-18  -0.00206425 -4.78352e-18  -0.00277933 -3.34477e-18  0.000830722  4.83407e-18   0.00483395  9.84068e-20   0.00328916 -1.83563e-17  -0.00315777 -2.89866e-17  -0.00706968 -1.85176e-17  -0.00337852  4.64443e-19   0.00431643  7.14488e-18   0.00814624 -1.42516e-18   0.00471643 -1.20165e-17  -0.00225504 -1.24124e-17  -0.00686268 -6.71249e-18  -0.00662233 -4.00394e-18   -0.0033103 -4.92067e-18 -1.40374e-05 -7.15699e-18   0.00158753 -7.79699e-18   0.00164034 -5.88827e-18   0.00104568  -3.2448e-18  0.000484316 -1.40168e-18  0.000168906 -4.74661e-19  4.40392e-05 -1.05972e-19  8.24789e-06 -1.60379e-20  1.01414e-06 -2.39926e-21  6.55143e-08 -5.73952e-23
 2.40771e-05  3.61493e-19  -0.00019884 -1.86822e-18 -0.000368232 -4.25407e-18  0.000370589 -7.56857e-19   0.00132079  3.76198e-18  0.000348033  9.66678e-19  -0.00223085 -3.14831e-18  -0.00257495  1.55838e-18   0.00121181  7.30442e-18   0.00488307 -6.20066e-19   0.00290901  -1.7103e-17  -0.00352504 -2.46187e-17  -0.00706519 -1.67882e-17  -0.00313442 -5.16641e-18   0.00450175 -1.42516e-18   0.00826424 -5.32677e-18   0.00497158 -9.61148e-18  -0.00186578 -1.05747e-17  -0.00670123 -1.31106e-17  -0.00710776  -1.7457e-17  -0.00452905 -1.94879e-17  -0.00163966  -1.7862e-17  4.06615e-05 -1.30736e-17  0.000506952 -7.41503e-18  0.000389537 -3.28637e-18     0.000183  -1.1786e-18  6.03241e-05 -3.23208e-19  1.41197e-05 -5.61118e-20   2.2393e-06  -7.7977e-21  2.11344e-07  -8.6567e-22  7.74361e-09
  4.2214e-19   2.0266e-05  5.79288e-19 -0.000254417 -1.77744e-18 -0.000349471 -3.01612e-18  0.000493868  3.58183e-19   0.00131863  2.81366e-18  0.000114503  2.44054e-19  -0.00237699 -3.95778e-19  -0.00232676  5.97222e-18   0.00160712   9.4722e-18   0.00490354   1.3653e-18   0.00248863  -1.1593e-17  -0.00391391 -1.79861e-17  -0.00705759 -1.55376e-17  -0.00287012 -1.00789e-17   0.00471643 -5.32677e-18    0.0084236 -2.93327e-18   0.00528894 -3.59658e-18  -0.00140832 -9.79419e-18   -0.0065067 -2.15955e-17  -0.00760546 -3.05652e-17  -0.00574519 -3.11179e-17  -0.00316999 -2.46376e-17  -0.00130792  -1.5313e-17 -0.000392698 -7.41667e-18 -7.65631e-05 -2.83661e-18 -4.95811e-06 -8.73534e-19  2.19878e-06  -1.9345e-19  8.00727e-07 -2.69837e-20  1.22795e-07 -3.63126e-21  8.32553e-09 -2.19667e-22
 4.01146e-05  7.92871e-19  4.29938e-06  6.14574e-19 -0.000306334 -1.42028e-18 -0.000306069 -1.75874e-18  0.000619594  8.53007e-19   0.00128163  1.86529e-18 -0.000142339  4.00625e-19  -0.00249535  2.48606e-18  -0.00202991  9.01378e-18   0.00201337  1.13857e-17   0.00488619  5.71548e-18   0.00202069 -3.59278e-18  -0.00432448 -1.12871e-17  -0.00704256  -1.4889e-17  -0.00258153 -1.20165e-17   0.00497158 -2.93327e-18   0.00864452  5.01284e-18   0.00566936  3.85936e-18 -0.000913513 -1.01059e-17  -0.00626259  -2.8735e-17  -0.00792279 -3.85337e-17  -0.00655765 -3.58111e-17  -0.00411975 -2.53961e-17  -0.00206236 -1.39667e-17 -0.000836879 -5.95749e-18 -0.000275252 -2.01172e-18 -7.22718e-05 -5.33432e-19 -1.46332e-05 -9.37051e-20 -2.13573e-06 -1.13386e-20 -1.94997e-07 -1.44539e-21 -7.20352e-09
 2.23554e-19  5.94926e-05  9.53779e-19 -2.32028e-05  5.65469e-19 -0.000349834 -9.47154e-19 -0.000238259 -9.00631e-19  0.000741456  7.38678e-19   0.00120591  1.11991e-18 -0.000418594  1.00953e-18  -0.00257663  4.36643e-18  -0.00167974  1.00149e-17   0.00242509    1.302e-17   0.00481998  1.14327e-17   0.00149758  4.60291e-18  -0.00475761 -6.18828e-18  -0.00701618 -1.40448e-17  -0.00225504 -9.61148e-18   0.00528894  5.01284e-18   0.00892586  1.60808e-17   0.00607642  1.15185e-17 -0.000368634 -8.78399e-18  -0.00577278 -2.95584e-17  -0.00765665 -3.73162e-17   -0.0065047 -3.19313e-17  -0.00415904 -2.05347e-17   -0.0020981 -1.00982e-17 -0.000845075  -3.8247e-18 -0.000269715 -1.14886e-18 -6.65148e-05 -2.56798e-19 -1.20654e-05 -3.49685e-20 -1.46331e-06 -4.39303e-21 -9.46137e-08 -4.26236e-22
  1.4917e-05   3.4427e-19  7.28133e-05  9.18045e-19 -6.10012e-05  5.03754e-19 -0.000380434 -6.01846e-19 -0.000147381 -6.20444e-19  0.000852616  2.71464e-19   0.00108722  6.83091e-19 -0.000708147  1.37834e-18  -0.00260982  4.27099e-18  -0.00127239  9.02476e-18   0.00283432  1.45723e-17   0.00469171  1.72545e-17  0.000909546  1.08864e-17  -0.00521482 -3.50059e-18  -0.00696481 -1.24124e-17  -0.00186578 -3.59658e-18   0.00566936  1.60808e-17   0.00922893  2.84717e-17   0.00651783  2.09917e-17  0.000415163 -1.23025e-18  -0.00465901 -2.03463e-17  -0.00641796 -2.62471e-17  -0.00539331 -2.13449e-17  -0.00334177  -1.2635e-17  -0.00160538 -5.57898e-18 -0.000604061 -1.88783e-18 -0.000175921 -5.05538e-19 -3.83557e-05 -9.03023e-20 -5.86075e-06 -9.98073e-21 -5.45933e-07 -1.68418e-21 -2.01172e-08
-1.09562e-20  2.90879e-05  3.43294e-19  7.72046e-05  7.91952e-19 -0.000106097  4.09063e-19   -0.0003941 -5.41844e-19 -3.54151e-05 -8.26633e-19  0.000944588 -2.28347e-19  0.000922236  3.64867e-19  -0.00100227  6.65944e-19  -0.00258235  1.96984e-18 -0.000805093  6.99977e-18   0.00322986  1.63599e-17   0.00448361  2.19107e-17  0.000244303  1.37725e-17  -0.00568861 -3.55877e-18  -0.00686268 -1.05747e-17  -0.00140832  3.85936e-18   0.00607642  2.84717e-17   0.00955936  4.29656e-17   0.00717525  3.59206e-17    0.0017876  1.56525e-17  -0.00261696 -1.65096e-18  -0.00417706 -8.98052e-18  -0.00349618 -8.44439e-18   -0.0020732 -4.90561e-18 -0.000930461 -1.97809e-18 -0.000319905 -6.16358e-19 -8.29379e-05 -1.46985e-19 -1.55189e-05 -1.82038e-20 -1.91193e-06 -2.74523e-21 -1.23992e-07  -5.4884e-22
-2.88956e-06 -4.42082e-20    4.467e-05   2.8024e-19  7.15015e-05  6.48048e-19 -0.000155199  2.57056e-19 -0.000386502  -7.6966e-19  9.36989e-05 -1.23885e-18   0.00100773   -5.855e-19  0.000709182 -3.06688e-19  -0.00128909 -1.62085e-18  -0.00247979 -1.73205e-18 -0.000277072  5.29406e-18   0.00359427  1.84049e-17   0.00417209  2.42452e-17 -0.000504065  1.24164e-17  -0.00615922 -6.71249e-18  -0.00670123 -9.79419e-18 -0.000913513  1.15185e-17   0.00651783  4.29656e-17    0.0100961  6.22779e-17   0.00837874  5.84741e-17   0.00398342  4.01363e-17  0.000236321  2.10881e-17  -0.00141382  8.28824e-18  -0.00142788  2.26568e-18 -0.000855323  4.41546e-19 -0.000364615  6.98473e-20 -0.000114504 -1.57285e-20 -2.61065e-05 -3.88188e-21 -4.08258e-06  9.46946e-22 -3.82858e-07 -1.18142e-21 -1.40127e-08
-6.79781e-20 -1.53965e-07 -9.28285e-20  5.93815e-05  2.15166e-19   5.4747e-05   5.3597e-19 -0.000203712  4.58037e-20 -0.000353968 -1.14797e-18   0.00023377 -1.53305e-18   0.00103149 -8.44081e-19  0.000448647 -1.74495e-18  -0.00155237 -5.19233e-18  -0.00228606 -5.42331e-18   0.00030729  4.81305e-18   0.00390129  2.01604e-17   0.00373497  2.32526e-17  -0.00133156  6.43056e-18  -0.00662233 -1.31106e-17   -0.0065067 -1.01059e-17 -0.000368634  2.09917e-17   0.00717525  6.22779e-17    0.0111625  8.77798e-17    0.0103204  8.60001e-17   0.00677978  6.54155e-17   0.00326259  4.02144e-17   0.00109846  2.01219e-17  0.000202135  8.28175e-18 -2.27218e-05  2.86405e-18 -3.13184e-05   7.8328e-19 -1.17668e-05  1.52345e-19 -2.57037e-06  2.60529e-20 -3.33161e-07  1.48803e-21 -2.11686e-08 -5.09811e-22
-5.59211e-06 -1.12162e-19  6.31564e-06 -1.31365e-19  7.08373e-05   1.9394e-19  2.69967e-05  4.70702e-19  -0.00024597 -2.17147e-19  -0.00029409 -1.44945e-18  0.000375961 -1.48636e-18   0.00100472 -1.14034e-18  0.000145267 -3.94019e-18  -0.00177043 -9.10689e-18  -0.00198577 -7.91295e-18  0.000934949  5.55964e-18   0.00412071   2.0612e-17   0.00315445  1.81145e-17  -0.00225049 -4.00394e-18  -0.00710776 -2.15955e-17  -0.00626259 -8.78399e-18  0.000415163  3.59206e-17   0.00837874  8.77798e-17    0.0129367  1.16303e-16    0.0127172  1.11006e-16   0.00943926  8.30292e-17   0.00559872  4.99542e-17   0.00271692  2.43166e-17    0.0010868  9.64804e-18  0.000356695  3.09666e-18  9.43477e-05  7.48837e-19  1.93861e-05  1.33363e-19  2.88685e-06  1.74967e-20   2.6989e-07 -1.26471e-22  1.02304e-08
-3.06769e-20 -8.16498e-06 -1.44573e-19  1.59982e-05 -1.39357e-19  7.63458e-05  2.40599e-19   -1.025e-05   4.0766e-19 -0.000275561 -4.87708e-19 -0.000206419 -1.44485e-18  0.000508176 -1.03166e-18  0.000916905 -1.53326e-18  -0.00019008 -6.47159e-18  -0.00191655 -1.23641e-17  -0.00156729 -8.72956e-18    0.0015868  6.82702e-18   0.00421963  1.85877e-17   0.00239121  8.46856e-18   -0.0033103  -1.7457e-17  -0.00760546  -2.8735e-17  -0.00577278 -1.23025e-18    0.0017876  5.84741e-17    0.0103204  1.16303e-16    0.0151164  1.40184e-16     0.014782  1.24929e-16    0.0110663  8.74952e-17   0.00663609  4.90348e-17   0.00323608  2.21086e-17   0.00128195  8.03863e-18  0.000406824  2.29037e-18  0.000100495  4.79161e-19  1.83559e-05  7.41209e-20  2.25053e-06  6.08911e-21  1.47563e-07 -3.47581e-22
-2.55828e-06 -4.37426e-20 -8.51057e-06 -1.63925e-19   2.7536e-05 -9.27308e-20  7.35551e-05  3.26877e-19 -5.38624e-05  2.87972e-19 -0.000285668 -6.58703e-19 -9.36894e-05 -9.90691e-19  0.000614988 -2.31646e-19  0.000760284  -2.0159e-18 -0.000538662 -8.86551e-18  -0.00196006 -1.43583e-17  -0.00102099 -8.01177e-18   0.00223685  7.61801e-18   0.00413534  1.31419e-17   0.00135946 -4.92067e-18  -0.00452905 -3.05652e-17  -0.00792279 -2.95584e-17  -0.00465901  1.56525e-17   0.00398342  8.60001e-17    0.0127172  1.40184e-16       0.0169  1.51057e-16    0.0156167  1.22945e-16    0.0111212  7.88583e-17   0.00631809  4.03581e-17   0.00288977  1.65461e-17   0.00105776   5.3956e-18  0.000303822  1.33628e-18  6.59596e-05  2.39993e-19  1.01073e-05  3.00351e-20  9.49519e-07  8.54907e-22   3.5454e-08
 1.96791e-21 -5.04297e-06 -5.29782e-20 -5.96504e-06 -1.58607e-19  3.88653e-05  1.09193e-20  6.08295e-05  3.86781e-19 -9.87539e-05  1.15055e-19 -0.000270028  -5.8641e-19  3.69174e-05 -7.34059e-20  0.000678329  7.19366e-19  0.000532156 -2.67446e-18 -0.000872198 -1.08467e-17  -0.00186298 -1.48529e-17 -0.000340699 -6.20826e-18   0.00282309  6.90353e-18   0.00374315  4.12635e-18 -1.40374e-05 -1.94879e-17  -0.00574519 -3.85337e-17  -0.00765665 -2.03463e-17  -0.00261696  4.01363e-17   0.00677978  1.11006e-16     0.014782  1.51057e-16    0.0173919  1.44631e-16     0.014744  1.06354e-16   0.00969888  6.17908e-17   0.00507547  2.85926e-17   0.00212044  1.05437e-17  0.000699404  3.03263e-18  0.000177348  6.43883e-19  3.28996e-05  9.79919e-20  4.05996e-06  8.46981e-21  2.65933e-07 -1.66584e-22
-2.70568e-07  6.99457e-21 -7.17032e-06 -6.14916e-20 -4.52951e-07 -1.15829e-19  4.73685e-05  1.36975e-19  3.79124e-05  3.74227e-19  -0.00013791 -2.25603e-20 -0.000224367  -1.5718e-19  0.000172637  1.16152e-18  0.000678607  1.45641e-18  0.000238337 -3.70279e-18   -0.0011462 -1.22105e-17  -0.00157885 -1.37849e-17  0.000446631 -4.02268e-18    0.0032054  3.89359e-18   0.00289974 -7.15699e-18  -0.00163966 -3.11179e-17  -0.00655765 -3.73162e-17  -0.00641796 -1.65096e-18  0.000236321  6.54155e-17   0.00943926  1.24929e-16    0.0156167  1.44631e-16    0.0161393  1.22962e-16    0.0123693  8.12632e-17   0.00740361  4.25035e-17   0.00351688  1.76724e-17   0.00132274  5.80302e-18   0.00038712    1.449e-18  8.50551e-05  2.61328e-19  1.31174e-05  3.22066e-20  1.23461e-06  1.27979e-21  4.60125e-08
 8.39655e-21 -1.29997e-06  7.62706e-21 -8.08549e-06 -6.41274e-20  7.34492e-06 -4.10613e-20  5.02489e-05  2.36826e-19  6.64602e-06  3.01213e-19 -0.000162909  2.18259e-21 -0.000148375   6.3234e-19  0.000293875  2.37859e-18  0.000597345  1.52634e-18 -9.72963e-05 -5.13322e-18  -0.00129282 -1.26074e-17  -0.00107876 -1.13343e-17   0.00122896  -2.4246e-18   0.00318619 -1.41903e-18   0.00158753  -1.7862e-17  -0.00316999 -3.58111e-17   -0.0065047 -2.62471e-17  -0.00417706  2.10881e-17   0.00326259  8.30292e-17    0.0110663  1.22945e-16     0.014744  1.22962e-16    0.0133877  9.29381e-17   0.00921314  5.50417e-17   0.00497555  2.58147e-17   0.00212556  9.59151e-18  0.000712078  2.77152e-18   0.00018244  5.92266e-19  3.40558e-05  8.96486e-20   4.2149e-06  7.87985e-21  2.76139e-07 -4.42755e-23
   3.395e-07  1.43345e-20 -2.75113e-06  6.10241e-22 -7.07215e-06 -5.50119e-20  1.58495e-05  4.30655e-20   4.5229e-05  2.80023e-19 -2.84221e-05  2.30409e-19 -0.000165186  2.74854e-19 -4.87059e-05  1.60734e-18  0.000373803  3.11126e-18  0.000426729   6.7818e-19 -0.000418835 -6.57155e-18  -0.00123742 -1.16764e-17 -0.000408224 -8.15732e-18   0.00180234 -2.28482e-18   0.00263647 -7.79699e-18  4.06615e-05 -2.46376e-17  -0.00411975 -3.19313e-17  -0.00539331 -8.98052e-18  -0.00141382  4.02144e-17   0.00559872  8.74952e-17    0.0111212  1.06354e-16    0.0123693  9.29381e-17   0.00989826  6.25334e-17   0.00609696  3.31235e-17   0.00295438  1.38858e-17    0.0011267  4.57868e-18  0.000332878  1.14803e-18  7.35826e-05   2.0758e-19  1.13866e-05  2.53973e-20  1.07303e-06  1.13798e-21  3.99695e-08
 4.00929e-21  1.84629e-07  1.54554e-20 -4.10301e-06 -1.11676e-20 -3.87507e-06 -3.29592e-20  2.27116e-05  1.11352e-19  3.15358e-05  2.68978e-19 -5.98083e-05  2.37861e-19 -0.000138888  7.64942e-19  5.73299e-05   2.4267e-18  0.000384202  2.99211e-18  0.000187621 -8.51088e-19 -0.000641238 -7.33212e-18 -0.000951553  -9.4692e-18  0.000279469 -5.28687e-18   0.00196525 -3.73079e-18   0.00164034 -1.30736e-17  -0.00130792 -2.53961e-17  -0.00415904 -2.13449e-17  -0.00349618  8.28824e-18   0.00109846  4.99542e-17   0.00663609  7.88583e-17   0.00969888  8.12632e-17   0.00921314  6.25334e-17   0.00651944  3.74865e-17   0.00358737  1.77292e-17   0.00155251  6.61916e-18  0.000524762  1.91796e-18  0.000135248  4.11312e-19  2.53386e-05   6.2114e-20  3.14172e-06  5.49701e-21  2.05899e-07   6.8211e-24
 2.38901e-07  6.69476e-21 -3.84435e-07  1.02423e-20 -4.69611e-06 -2.09924e-20  9.87242e-07 -1.81137e-21  2.53274e-05  1.47412e-19  1.11158e-05  2.35306e-19 -7.82092e-05  3.63711e-19 -8.59082e-05  1.30214e-18     0.000142  2.73556e-18  0.000312222  2.02879e-18 -6.01915e-05 -2.38847e-18 -0.000689798 -6.94077e-18 -0.000504163 -6.64269e-18  0.000776772 -3.56214e-18   0.00166213 -5.88827e-18  0.000506952  -1.5313e-17  -0.00206236 -2.05347e-17  -0.00334177 -8.44439e-18  -0.00142788  2.01219e-17   0.00271692  4.90348e-17   0.00631809  6.17908e-17   0.00740361  5.50417e-17   0.00609696  3.74865e-17   0.00382514  2.00226e-17    0.0018768  8.43932e-18  0.000721932  2.79054e-18  0.000214542  7.01376e-19  4.76037e-05  1.27025e-19  7.38247e-06  1.54776e-20  6.96309e-07  7.33368e-22  2.59327e-08
 6.90083e-22  3.18271e-07   7.3595e-21 -1.18299e-06  8.21364e-22  -4.0135e-06 -2.22411e-20  6.09162e-06   2.9765e-20  2.19313e-05  1.49643e-19 -1.06372e-05  2.20655e-19 -7.63291e-05  5.72909e-19 -2.01338e-05  1.64696e-18  0.000177878    2.391e-18  0.000178322  6.58483e-19 -0.000238266 -3.25107e-18 -0.000555513 -5.52577e-18 -4.89759e-05 -4.11208e-18   0.00094363 -3.08391e-18   0.00104568 -7.41503e-18 -0.000392698 -1.39667e-17   -0.0020981  -1.2635e-17   -0.0020732  2.26568e-18  0.000202135  2.43166e-17   0.00323608  4.03581e-17   0.00507547  4.25035e-17   0.00497555  3.31235e-17   0.00358737  2.00226e-17   0.00199847  9.52369e-18  0.000872199  3.56742e-18   0.00029652  1.03556e-18  7.67182e-05  2.22538e-19  1.44075e-05  3.35668e-20  1.78859e-06  2.97818e-21  1.17256e-07  1.44377e-23
 8.40505e-08  1.42258e-21  1.85915e-07   5.0956e-21 -1.82478e-06 -7.81589e-21  -2.0392e-06 -1.31943e-20  9.45301e-06  5.11731e-20   1.3046e-05   1.3204e-19 -2.62252e-05  2.46879e-19 -5.44635e-05  7.61365e-19  3.57624e-05  1.63452e-18  0.000155913  1.57338e-18  3.41243e-05 -5.19832e-19 -0.000295499  -3.1877e-18 -0.000313356 -3.71498e-18  0.000260492 -2.46804e-18  0.000796256  -3.2448e-18  0.000389537 -7.41667e-18 -0.000836879 -1.00982e-17  -0.00160538 -4.90561e-18 -0.000855323  8.28175e-18    0.0010868  2.21086e-17   0.00288977  2.85926e-17   0.00351688  2.58147e-17   0.00295438  1.77292e-17    0.0018768  9.52369e-18  0.000928598  4.02893e-18  0.000359253  1.33473e-18  0.000107179  3.35956e-19  2.38418e-05  6.09038e-20  3.70292e-06  7.40134e-21  3.49483e-07  3.60267e-22  1.30155e-08
 -2.2448e-22  1.50781e-07  1.70367e-21 -1.34506e-07  8.59288e-22 -1.90673e-06 -1.10563e-20   5.1732e-07  1.02588e-21  9.54731e-06  5.69296e-20  2.09431e-06  1.15027e-19 -3.01213e-05  2.96412e-19 -2.27341e-05  8.20286e-19  6.28196e-05   1.2845e-18  9.46907e-05  6.67237e-19 -6.63238e-05 -1.11934e-18 -0.000241319  -2.4599e-18 -7.78522e-05 -2.16823e-18   0.00036044 -1.69949e-18  0.000484316 -3.28637e-18 -7.65631e-05 -5.95749e-18 -0.000845075 -5.57898e-18 -0.000930461  4.41546e-19 -2.27218e-05  9.64804e-18   0.00128195  1.65461e-17   0.00212044  1.76724e-17   0.00212556  1.38858e-17   0.00155251  8.43932e-18  0.000872199  4.02893e-18  0.000382846   1.5124e-18  0.000130667    4.395e-19  3.38962e-05   9.4554e-20  6.37608e-06  1.42518e-20  7.92243e-07  1.26477e-21  5.19516e-08   8.4323e-24
