 1.81492e-16  -2.2192e-30 -1.09746e-14  1.27571e-28  2.52776e-13 -2.21862e-27 -3.38885e-12  2.19643e-26  3.00331e-11 -1.44597e-25 -1.84559e-10   6.6281e-25   7.8994e-10 -2.12151e-24 -2.26854e-09  4.59378e-24  3.93721e-09 -6.13798e-24 -3.16508e-09  3.94919e-24   4.7273e-10
 -2.2192e-30  1.57872e-14 -7.06753e-29 -5.34362e-13  2.75519e-27  9.18422e-12 -3.80312e-26 -9.93766e-11  3.16536e-25  7.32544e-10 -1.78089e-24 -3.76879e-09  6.95384e-24   1.3321e-08 -1.86568e-23  -3.0261e-08  3.25674e-23  3.73233e-08 -3.17739e-23 -1.55345e-08  1.06127e-23
-1.09746e-14 -7.06753e-29  6.66618e-13 -1.24275e-27 -1.54226e-11  3.68165e-26  2.07652e-10 -4.25462e-25 -1.84753e-09  3.05057e-24    1.139e-08 -1.47625e-23 -4.88368e-08   4.8959e-23  1.40057e-07 -1.08824e-22 -2.40895e-07  1.48151e-22  1.87393e-07 -9.53461e-23 -2.34149e-08
 1.27571e-28 -5.34362e-13 -1.24275e-27   1.8168e-11 -1.52257e-26 -3.13622e-10  3.72247e-25  3.40746e-09 -3.73157e-24  -2.5208e-08  2.31855e-23  1.30022e-07 -9.58537e-23 -4.59757e-07  2.66963e-22  1.03974e-06   -4.811e-22  -1.2596e-06  4.84068e-22  4.87358e-07 -1.67322e-22
 2.52776e-13  2.75519e-27 -1.54226e-11 -1.52257e-26  3.58376e-10  -1.4825e-25 -4.84555e-09   3.1498e-24  4.32777e-08 -2.75015e-23 -2.67633e-07  1.45845e-22  1.14937e-06 -5.06644e-22 -3.29095e-06  1.16396e-21  5.60626e-06 -1.64384e-21 -4.20629e-06  1.12221e-21  4.10374e-07
-2.21862e-27  9.18422e-12  3.68165e-26 -3.13622e-10  -1.4825e-25  5.43683e-09 -1.24063e-24 -5.93054e-08  2.30208e-23  4.40249e-07 -1.70695e-22 -2.27626e-06  7.53531e-22  8.05104e-06 -2.15928e-21 -1.81228e-05  3.99596e-21  2.15469e-05 -4.20451e-21 -7.66042e-06  1.64778e-21
-3.38885e-12 -3.80312e-26  2.07652e-10  3.72247e-25 -4.84555e-09 -1.24063e-24  6.57796e-08  -9.0566e-24 -5.89649e-07  1.41937e-22  3.65711e-06 -8.63264e-22 -1.57292e-05  3.10137e-21  4.49648e-05 -7.20123e-21 -7.58756e-05   1.0365e-20  5.48045e-05 -7.52872e-21 -3.67038e-06
 2.19643e-26 -9.93766e-11 -4.25462e-25  3.40746e-09   3.1498e-24 -5.93054e-08  -9.0566e-24   6.4931e-07 -5.56633e-23 -4.83558e-06  7.04931e-22  2.50583e-05  -3.4104e-21 -8.86586e-05  9.79253e-21  0.000198735 -1.79663e-20 -0.000232095  1.89494e-20   7.5015e-05 -8.32832e-21
 3.00331e-11  3.16536e-25 -1.84753e-09 -3.73157e-24  4.32777e-08  2.30208e-23 -5.89649e-07 -5.56633e-23  5.30309e-06 -2.73545e-22 -3.29789e-05  2.68436e-21  0.000142053 -1.00432e-20 -0.000405658  2.25319e-20  0.000679213 -3.07591e-20 -0.000473268   2.1399e-20   1.5743e-05
-1.44597e-25  7.32544e-10  3.05057e-24  -2.5208e-08 -2.75015e-23  4.40249e-07  1.41937e-22 -4.83558e-06 -2.73545e-22  3.61132e-05 -1.01912e-21 -0.000187538  7.38617e-21  0.000664054 -2.05469e-20  -0.00148507   3.3604e-20   0.00171177 -2.73079e-20 -0.000501126  1.08958e-20
-1.84559e-10 -1.78089e-24    1.139e-08  2.31855e-23 -2.67633e-07 -1.70695e-22  3.65711e-06  7.04931e-22 -3.29789e-05 -1.01912e-21  0.000205566 -2.68543e-21 -0.000887018  1.31876e-20   0.00253479 -2.42803e-20  -0.00423304  1.65093e-20   0.00287848  1.29087e-20  7.48329e-06
  6.6281e-25 -3.76879e-09 -1.47625e-23  1.30022e-07  1.45845e-22 -2.27626e-06 -8.63264e-22  2.50583e-05  2.68436e-21 -0.000187538 -2.68543e-21  0.000975917 -4.32895e-21   -0.0034633  1.07047e-20   0.00776533  8.06666e-22  -0.00895257 -5.90025e-20   0.00242117  6.34493e-20
  7.8994e-10  6.95384e-24 -4.88368e-08 -9.58537e-23  1.14937e-06  7.53531e-22 -1.57292e-05  -3.4104e-21  0.000142053  7.38617e-21 -0.000887018 -4.32895e-21    0.0038378 -2.22901e-21   -0.0110228  -8.3137e-21    0.0185944   6.8377e-20   -0.0127486 -1.56961e-19 -0.000474734
-2.12151e-24   1.3321e-08   4.8959e-23 -4.59757e-07 -5.06644e-22  8.05104e-06  3.10137e-21 -8.86586e-05 -1.00432e-20  0.000664054  1.31876e-20   -0.0034633 -2.22901e-21     0.012362  4.08804e-21    -0.028115 -2.85044e-20    0.0334514  1.66868e-19  -0.00905958 -1.31239e-19
-2.26854e-09 -1.86568e-23  1.40057e-07  2.66963e-22 -3.29095e-06 -2.15928e-21  4.49648e-05  9.79253e-21 -0.000405658 -2.05469e-20   0.00253479  1.07047e-20   -0.0110228  4.08804e-21    0.0321503  1.08004e-21   -0.0563836 -8.15332e-20    0.0420411  2.62945e-19     0.002556
 4.59378e-24  -3.0261e-08 -1.08824e-22  1.03974e-06  1.16396e-21 -1.81228e-05 -7.20123e-21  0.000198735  2.25319e-20  -0.00148507 -2.42803e-20   0.00776533  -8.3137e-21    -0.028115  1.08004e-21       0.0666  1.32489e-20   -0.0875084 -5.05586e-19    0.0290788  2.70704e-19
 3.93721e-09  3.25674e-23 -2.40895e-07   -4.811e-22  5.60626e-06  3.99596e-21 -7.58756e-05 -1.79663e-20  0.000679213   3.3604e-20  -0.00423304  8.06666e-22    0.0185944 -2.85044e-20   -0.0563836  1.32489e-20     0.109448  2.96887e-19    -0.104032 -1.80185e-18  -0.00483929
-6.13798e-24  3.73233e-08  1.48151e-22  -1.2596e-06 -1.64384e-21  2.15469e-05   1.0365e-20 -0.000232095 -3.07591e-20   0.00171177  1.65093e-20  -0.00895257   6.8377e-20    0.0334514 -8.15332e-20   -0.0875084  2.96887e-19     0.146327  1.34536e-18    -0.087232 -2.82688e-18
-3.16508e-09 -3.17739e-23  1.87393e-07  4.84068e-22 -4.20629e-06 -4.20451e-21  5.48045e-05  1.89494e-20 -0.000473268 -2.73079e-20   0.00287848 -5.90025e-20   -0.0127486  1.66868e-19    0.0420411 -5.05586e-19    -0.104032  1.34536e-18     0.177786  2.37618e-18   -0.0180318
 3.94919e-24 -1.55345e-08 -9.53461e-23  4.87358e-07  1.12221e-21 -7.66042e-06 -7.52872e-21   7.5015e-05   2.1399e-20 -0.000501126  1.29087e-20   0.00242117 -1.56961e-19  -0.00905958  2.62945e-19    0.0290788 -1.80185e-18    -0.087232  2.37618e-18     0.229825  2.92221e-19
  4.7273e-10  1.06127e-23 -2.34149e-08 -1.67322e-22  4.10374e-07  1.64778e-21 -3.67038e-06 -8.32832e-21   1.5743e-05  1.08958e-20  7.48329e-06  6.34493e-20 -0.000474734 -1.31239e-19     0.002556  2.70704e-19  -0.00483929 -2.82688e-18   -0.0180318  2.92221e-19     0.220439
