 2.25465e-34 -3.66689e-38 -2.77204e-35 -3.43892e-37 -3.83367e-35 -7.90628e-38 -3.52534e-34 -1.36183e-36  -6.6388e-35  1.78406e-36  4.72659e-35  6.51739e-37  3.12033e-36  2.30653e-36  9.76816e-36  7.00105e-37 -2.52919e-35  7.43453e-37  1.93937e-35  5.49378e-37 -7.46801e-36 -9.73502e-38   4.5575e-36  7.81978e-38 -5.97357e-37   1.5007e-38 -9.13579e-37  2.25264e-38  -1.1914e-37 -8.01052e-40  1.75245e-37 -8.42049e-39  2.44424e-37 -5.61629e-39 -1.56889e-38   4.6496e-39  2.21243e-38  9.88287e-40 -7.68744e-39 -4.03945e-40  8.87563e-39  2.67827e-40 -1.89147e-39 -1.06852e-40  8.93435e-40  1.71645e-40  -6.3049e-40  1.37183e-40  2.29174e-40  9.43664e-42 -1.45361e-40  2.29159e-41  1.17879e-41 -6.24285e-42 -7.90338e-41   1.7927e-42 -2.25528e-41  2.11286e-44  -1.6395e-42  3.74412e-43 -1.60935e-42 -2.38918e-43  -3.7597e-42  2.88087e-45  1.20414e-43 -4.01629e-44 -2.12171e-43  1.16485e-44  2.63522e-44  1.11374e-44 -1.09119e-43   1.0294e-45  1.12733e-44 -1.20019e-45  8.28484e-45  8.25305e-47   1.0658e-45 -1.28178e-46 -1.64557e-45 -5.61645e-48 -2.54799e-46 -4.49305e-47  2.89779e-46   1.0048e-47 -3.61706e-48 -4.85096e-48 -8.53465e-48  1.92141e-48 -3.35454e-48 -1.05913e-48  1.97412e-48 -1.33292e-48  3.11508e-48   3.2993e-48 -4.25051e-48  -7.3269e-48  5.57674e-48  1.31762e-47 -6.95759e-48 -2.05179e-47  7.85328e-48  2.81271e-47 -7.87492e-48 -3.41243e-47  6.94647e-48    3.663e-47 -5.33444e-48 -3.46469e-47  3.53824e-48  2.86627e-47 -2.02301e-48 -2.05138e-47  1.00571e-48  1.25095e-47  -4.4301e-49 -6.36399e-48  1.74919e-49  2.62095e-48 -6.02009e-50 -8.35255e-49  1.66498e-50  1.91192e-49  -3.2511e-51 -2.71691e-50  3.52228e-52   1.5473e-51
-3.66689e-38  5.27492e-34 -2.05906e-37  1.69469e-34 -1.55706e-36 -1.88425e-34  -4.3129e-38 -7.34262e-34 -4.15035e-36 -1.74555e-35  4.63284e-36  8.61479e-35  6.69556e-37 -2.78716e-35   5.8362e-36  1.67071e-35  1.11881e-36 -5.70905e-35  2.30212e-36  4.23196e-35  1.18534e-36 -1.97973e-35 -2.74008e-37  1.12184e-35  1.08743e-37 -1.25281e-37 -1.53542e-38 -2.78372e-36   5.3081e-38 -1.03766e-38  2.51722e-38   2.7547e-37 -1.88212e-38   6.4131e-37 -1.59531e-38 -3.96815e-38  1.61374e-38  6.14149e-38  2.94488e-39 -1.47265e-38 -7.98943e-40  2.64141e-38  6.06326e-40 -5.69067e-39 -2.86011e-40  3.67941e-39  4.26718e-40 -1.14848e-39  4.16114e-40  8.52296e-40  8.20828e-42 -1.98503e-40  7.59157e-41  4.79681e-41 -2.33816e-41 -2.94409e-40  5.62452e-42 -7.77058e-41 -1.62145e-42 -3.29179e-42  1.48445e-42 -3.96086e-42 -7.80973e-43 -1.44809e-41  1.07918e-44  5.07001e-43 -1.37893e-43  -3.1637e-43   2.3097e-45  2.65848e-44  4.70384e-44 -3.81833e-43  9.83978e-45  3.61589e-44 -2.20758e-45  2.37352e-44  5.48544e-46  1.36734e-45 -7.18022e-46 -6.22733e-45  5.40997e-47 -1.24072e-45 -1.67508e-46  1.13381e-45  4.95648e-47 -2.36172e-47 -1.40349e-47 -2.99297e-47 -6.69455e-48  1.28339e-48  2.53599e-47 -1.52345e-47 -6.37811e-47  4.68392e-47   1.1673e-46 -6.65224e-47 -1.94926e-46  8.61812e-47  2.92636e-46 -1.00662e-46 -3.96235e-46  1.03451e-46  4.82911e-46 -9.16358e-47 -5.27595e-46  6.82235e-47  5.13617e-46 -4.10968e-47  -4.4193e-46  1.87176e-47  3.32507e-46 -5.43058e-48 -2.15721e-46  2.10129e-49  1.18445e-46  6.88661e-49 -5.36462e-47 -3.70681e-49  1.93156e-47  1.00731e-49 -5.22006e-48 -1.47727e-50  9.56757e-49  6.82959e-52 -9.43976e-50  6.43664e-53
-2.77204e-35 -2.05906e-37  1.11577e-33 -6.11943e-37  4.14536e-34 -4.42959e-36 -3.98778e-34  1.02952e-36  -9.8266e-34 -8.21892e-36  1.39412e-34  8.50934e-36  9.70124e-35 -9.95351e-37 -6.00861e-35  1.05956e-35  2.80785e-35  9.95782e-37  -9.8056e-35  4.63254e-36  6.84174e-35  1.72949e-36 -3.72242e-35 -6.09606e-37  2.01505e-35  1.42169e-37  1.18612e-36  -1.3701e-37 -6.04712e-36  1.10226e-37  4.55078e-37  8.47188e-38  3.98327e-37 -3.68911e-38  1.30043e-36 -3.21333e-38 -8.52511e-38  3.69969e-38  1.14381e-37  6.45668e-39 -1.74549e-38  -1.0804e-39  5.48689e-38  1.00657e-39 -9.80873e-39 -6.34365e-40  9.59997e-39   7.6653e-40 -4.59219e-40  8.97595e-40  2.28887e-39 -4.49747e-41  1.93892e-40  1.71603e-40  1.67099e-40 -6.43189e-41 -7.71453e-40  1.12373e-41 -1.80257e-40 -8.18848e-42 -4.69569e-42  4.33683e-42 -5.03486e-42 -1.70345e-42 -3.83893e-41  7.54746e-44  1.68621e-42 -3.17426e-43  1.62779e-43 -9.25754e-44 -1.69706e-43   1.3597e-43  -9.2633e-43  4.09711e-44  7.20575e-44 -9.52314e-47  4.36262e-44  2.00203e-45 -2.64406e-45 -2.53612e-45 -1.67671e-44  2.70002e-46 -4.00092e-45 -4.40996e-46  3.14037e-45  1.18758e-46 -6.60085e-47  7.31525e-47 -1.64967e-46  -2.6483e-46  2.08817e-46  5.40011e-46  -3.8768e-46 -1.00498e-45  6.57019e-46  1.65769e-45 -9.11132e-46 -2.50217e-45   1.1252e-45  3.43762e-45 -1.21925e-45 -4.28558e-45  1.13183e-45  4.82473e-45 -8.69598e-46 -4.87476e-45   5.1887e-46  4.38563e-45 -2.02318e-46 -3.47848e-45  6.44098e-48  2.40167e-45  6.16879e-47 -1.41983e-45 -5.41573e-47  7.03025e-46  2.76735e-47 -2.82708e-46 -9.67873e-48  8.82008e-47  2.38043e-48 -1.98079e-47 -3.91727e-49  2.76667e-48  3.44604e-50 -1.55133e-49
-3.43892e-37  1.69469e-34 -6.11943e-37  2.07045e-33 -1.15377e-36  6.07908e-34 -9.49291e-36 -5.87265e-34  5.02297e-36 -1.00403e-33 -1.24947e-35  3.26145e-34  1.30463e-35  7.68682e-35 -4.80073e-36 -6.48283e-35  1.60112e-35   3.8844e-35   6.3506e-37 -1.45144e-34  7.27383e-36  9.37482e-35  1.95921e-36 -5.69525e-35 -1.13378e-36  2.96313e-35   2.6938e-37  3.02332e-36 -3.59215e-37  -1.0754e-35  2.04713e-37  1.21167e-36  1.68426e-37   7.3683e-37 -7.32253e-38  2.25417e-36 -5.11943e-38 -1.57174e-37  6.66856e-38  1.59059e-37  1.17527e-38  -9.2797e-39 -1.10757e-39   9.2101e-38  1.38096e-39 -8.98214e-39 -1.23473e-39  2.00072e-38  1.11723e-39  3.08853e-39    1.594e-39  5.21585e-39 -2.45993e-40  1.54189e-39  2.98815e-40  5.23433e-40 -1.48417e-40 -1.65679e-39  1.63045e-41 -3.27859e-40  -2.4562e-41 -2.23796e-42  1.05503e-41 -7.14001e-43 -2.79177e-42 -8.18537e-41  3.99273e-43  4.82359e-42 -5.70545e-43  2.10973e-42 -3.95731e-43 -1.00916e-42  3.13499e-43 -1.79572e-42  1.18973e-43  8.55472e-44  1.20306e-44   5.3327e-44  5.40378e-45 -1.92971e-44 -6.83517e-45 -3.69932e-44  6.56291e-46 -1.00807e-44 -7.26141e-46  6.83728e-45 -3.40579e-46  5.42226e-46  1.56793e-45 -2.02743e-45 -3.34411e-45  3.55765e-45  6.10617e-45 -5.92761e-45 -1.02848e-44  8.91777e-45  1.58083e-44 -1.17986e-44 -2.22613e-44  1.37318e-44  2.85921e-44 -1.37968e-44 -3.33366e-44  1.16222e-44   3.5073e-44 -7.80164e-45 -3.30522e-44  3.70332e-45  2.76462e-44 -6.82055e-46 -2.02909e-44 -7.13901e-46  1.28778e-44  8.66937e-46 -6.93289e-45  -5.2913e-46  3.08453e-45   2.1677e-46 -1.09255e-45  -6.3197e-47  2.90782e-46  1.30496e-47 -5.25281e-47 -1.71137e-48  5.11101e-48  9.05545e-50
-3.83367e-35 -1.55706e-36  4.14536e-34 -1.15377e-36   3.1435e-33 -1.46548e-36  6.23267e-34 -1.68154e-35 -6.39575e-34  1.39584e-35 -8.68026e-34  -1.5855e-35  4.30714e-34  1.77781e-35  5.28817e-35 -9.93017e-36 -4.29351e-35  2.13211e-35  3.67846e-35  8.58348e-37 -1.92331e-34  9.64096e-36  1.13269e-34  1.74868e-36 -7.52096e-35 -1.84185e-36  3.71794e-35  5.52827e-37  5.09712e-36 -6.33107e-37 -1.64407e-35  3.24374e-37  1.96999e-36   2.4573e-37  1.49014e-36 -1.42174e-37  3.45672e-36 -6.47064e-38 -2.48564e-37  1.04152e-37  1.58729e-37  1.87562e-38  1.67896e-38 -5.44591e-40    1.349e-37  1.39808e-39  5.54166e-39 -2.07897e-39   3.6923e-38   1.2902e-39  1.08313e-38  2.46342e-39  1.05656e-38 -7.58151e-40  4.23117e-39  4.02567e-40  1.43254e-39 -2.98615e-40 -3.10747e-39  1.76702e-41 -5.04085e-40 -5.56831e-41  1.79675e-41   2.2489e-41  1.12387e-41 -3.50798e-42  -1.5016e-40  1.47271e-42  1.21521e-41 -8.54697e-43  6.70488e-42 -1.07347e-42 -3.36786e-42  6.16901e-43 -2.93415e-42  2.75666e-43  -1.1412e-44  4.60005e-44  2.75075e-44  1.18823e-44 -6.43985e-44 -1.49369e-44 -7.12744e-44  1.39508e-46 -1.93282e-44  1.55381e-45  7.59108e-45 -7.05866e-45  1.37375e-44  1.58185e-44 -2.88452e-44 -2.98024e-44  5.02085e-44  5.09993e-44 -7.92931e-44 -8.05442e-44  1.12245e-43  1.16757e-43 -1.40458e-43 -1.55016e-43   1.5329e-43  1.87602e-43 -1.42761e-43 -2.05794e-43  1.09634e-43  2.03234e-43 -6.51026e-44 -1.79184e-43  2.51073e-44  1.39586e-43 -7.05283e-46 -9.48326e-44  -7.4889e-45  5.52494e-44  6.37829e-45 -2.69908e-44 -3.14877e-45  1.07174e-44  1.06504e-45 -3.30312e-45 -2.57912e-46  7.32845e-46  4.34986e-47 -1.01096e-46 -4.11831e-48  5.59597e-48
-7.90628e-38 -1.88425e-34 -4.42959e-36  6.07908e-34 -1.46548e-36  3.98699e-33 -1.31228e-36  3.56896e-34 -2.61752e-35 -4.89766e-34  2.86242e-35 -6.98721e-34 -1.76774e-35  3.91571e-34  2.18626e-35   5.5935e-35 -1.48079e-35 -1.23207e-35  2.56755e-35  1.03151e-35  2.26706e-36 -2.32818e-34  1.12727e-35   1.2161e-34  1.04827e-36 -8.88808e-35 -2.72401e-36  4.05456e-35  9.43862e-37  7.11766e-36 -8.71441e-37 -2.21964e-35  4.32394e-37  2.39732e-36  2.72969e-37  2.72106e-36 -2.53087e-37  4.80206e-36 -5.85599e-38 -3.50674e-37  1.52417e-37  7.18715e-38  2.73056e-38  6.45362e-38   1.5796e-39  1.82386e-37  1.69109e-40  4.48295e-38 -3.03969e-39  6.36634e-38  9.15802e-40  2.29728e-38  3.38646e-39  1.92681e-38 -1.79904e-39  8.19635e-39  3.64945e-40  3.41326e-39 -5.31213e-40 -5.27038e-39  1.49649e-41 -6.94492e-40 -1.04493e-40  8.77632e-41  4.33609e-41   2.3082e-41  -3.2437e-42 -2.46264e-40  4.17967e-42  2.73502e-41 -1.10091e-42  1.51985e-41 -2.28127e-42 -8.67759e-42  1.07901e-42 -4.13043e-42  5.41167e-43 -3.80859e-43  1.19313e-43 -5.94659e-44  2.10393e-44 -1.59576e-43 -2.46348e-44 -1.36752e-43 -1.11153e-44  3.34524e-45   2.7567e-44 -7.57691e-44 -6.24301e-44  2.03883e-43  1.21199e-43 -3.79983e-43 -2.13644e-43  6.32973e-43   3.4667e-43 -9.49728e-43 -5.18857e-43  1.27044e-42  7.13204e-43 -1.49541e-42 -8.96816e-43    1.523e-42   1.0262e-42 -1.30963e-42 -1.06186e-42  9.14267e-43  9.86041e-43 -4.79752e-43 -8.14037e-43  1.49693e-43  5.90523e-43  1.55589e-44 -3.70855e-43 -5.21576e-44  1.97735e-43   3.4548e-44 -8.71741e-44 -1.38212e-44  3.05988e-44  3.80946e-45 -8.06695e-45  -7.5729e-46  1.44207e-45  1.00872e-46 -1.38645e-46 -5.63447e-48
-3.52534e-34  -4.3129e-38 -3.98778e-34 -9.49291e-36  6.23267e-34 -1.31228e-36   4.3995e-33 -1.18249e-36 -1.68451e-34 -3.72757e-35 -1.75969e-34  4.78389e-35 -5.63247e-34 -1.77007e-35  2.28922e-34  2.39875e-35  9.29513e-35 -1.81629e-35  1.54155e-35  2.82931e-35 -4.38931e-35    4.628e-36 -2.61524e-34   1.1979e-35  1.14647e-34 -1.56257e-37 -9.62214e-35 -3.78416e-36  3.84622e-35   1.2668e-36  8.77116e-36 -9.89301e-37 -2.70604e-35   4.9023e-37  2.31525e-36  2.11491e-37  4.29779e-36 -3.98376e-37  6.16626e-36 -1.54534e-38 -4.69507e-37  2.21616e-37 -1.33179e-37  3.73267e-38  1.29162e-37  7.16665e-39  2.36311e-37 -3.97471e-39  1.20118e-37 -3.97235e-39  1.04826e-37 -5.45251e-40  3.82571e-38  4.15009e-39   3.1817e-38 -3.59107e-39  1.26662e-38  2.70157e-44  7.16955e-39 -8.41646e-40 -8.25957e-39  1.61698e-41 -9.03896e-40 -1.70772e-40  2.57979e-40  7.72824e-41  7.29053e-42 -1.93407e-42 -3.69718e-40  9.79426e-42  5.55573e-41 -1.21202e-42  2.86468e-41  -4.0683e-42 -1.89491e-41  1.72588e-42 -5.02001e-42  9.27795e-43 -1.25241e-42  2.58422e-43 -2.37591e-43  1.99551e-44 -2.55543e-43 -6.74616e-45 -4.53389e-43 -1.00988e-43  5.59846e-43  2.15372e-43 -1.29118e-42 -4.27675e-43  2.56797e-42  7.76191e-43 -4.51245e-42 -1.29962e-42  7.15285e-42  2.00906e-42  -1.0165e-41 -2.86183e-42   1.2809e-41  3.74042e-42 -1.41104e-41 -4.46452e-42  1.33326e-41  4.83835e-42 -1.05103e-41 -4.72788e-42  6.60517e-42  4.13045e-42 -3.01179e-42 -3.19249e-42  7.14292e-43  2.15435e-42  2.00189e-43 -1.24775e-42 -2.91062e-43  6.06287e-43   1.4896e-43 -2.39454e-43 -4.70005e-44  7.33595e-44  1.03509e-44 -1.61557e-44 -1.68146e-45  2.20699e-45  1.65914e-46 -1.20578e-46
-1.36183e-36 -7.34262e-34  1.02952e-36 -5.87265e-34 -1.68154e-35  3.56896e-34 -1.18249e-36  4.43235e-33 -2.41117e-36 -7.99025e-34 -4.96032e-35  1.83152e-34  6.87767e-35 -4.53941e-34 -1.57453e-35  1.57174e-35  2.28391e-35  1.44792e-34 -1.96894e-35  4.11851e-35  2.86868e-35 -1.17455e-34  6.85571e-36 -2.75572e-34  1.18553e-35  9.08941e-35 -1.84194e-36 -9.66061e-35 -5.03576e-36  3.08326e-35  1.28228e-36  9.94567e-36 -9.39493e-37 -3.04992e-35  4.92489e-37  1.77184e-36  4.70556e-38  5.93679e-36 -5.45665e-37  7.43097e-36  8.03847e-38 -6.29783e-37  3.26991e-37  -4.6432e-37  4.85276e-38  1.92544e-37    1.882e-38  2.96848e-37 -1.34125e-38    2.397e-37 -4.89206e-39  1.64974e-37 -3.64072e-39  5.44949e-38  4.45952e-39  4.78992e-38 -6.28859e-39  1.60777e-38  -9.2917e-40   1.3485e-38 -1.19413e-39 -1.21292e-38  4.29142e-41 -1.15165e-39 -2.51997e-40  5.87243e-40  1.29091e-40  -8.9387e-41 -8.91274e-43 -5.15284e-40  1.98249e-41  1.02534e-40 -1.02951e-42  4.78457e-41 -6.27101e-42 -3.65998e-41  2.58192e-42 -5.20027e-42  1.40277e-42 -2.75435e-42  5.23653e-43 -9.10973e-43 -8.02949e-44  7.83534e-43  2.29699e-43 -3.80631e-42 -6.69325e-43  7.70199e-42  1.34049e-42 -1.56746e-41 -2.50189e-42  2.89469e-41  4.32188e-42 -4.83387e-41 -6.90953e-42  7.26777e-41  1.01997e-41 -9.74802e-41 -1.38565e-41  1.15228e-40  1.72461e-41 -1.18157e-40 -1.95628e-41  1.02855e-40  2.00969e-41 -7.36066e-41 -1.85549e-41  4.09952e-41  1.52521e-41  -1.5711e-41  -1.1031e-41  2.33494e-42  6.91459e-42  1.60338e-42 -3.68278e-42 -1.35329e-42  1.62233e-42  5.17977e-43 -5.68749e-43 -1.23805e-43  1.49538e-43  2.16009e-44 -2.65852e-44 -2.89824e-45   2.5307e-45  1.76124e-46
 -6.6388e-35 -4.15035e-36  -9.8266e-34  5.02297e-36 -6.39575e-34 -2.61752e-35 -1.68451e-34 -2.41117e-36  4.30383e-33 -6.58326e-36 -1.34852e-33 -6.20155e-35  4.62395e-34  8.77982e-35  -3.3982e-34 -1.18578e-35 -1.71572e-34  1.78911e-35  1.86219e-34 -1.99179e-35  6.94165e-35  2.68688e-35 -1.93757e-34   7.5376e-36 -2.73452e-34   1.1188e-35  5.20766e-35 -3.89322e-36 -9.01444e-35 -6.47652e-36  1.84454e-35  7.96896e-37  1.09946e-35 -7.23216e-37 -3.26356e-35   4.9046e-37  9.71864e-37 -2.00337e-37  7.29523e-36 -6.39907e-37  8.46817e-36  2.37721e-37 -8.55782e-37   4.8154e-37 -8.95492e-37  5.95351e-38   2.2149e-37  3.90415e-38  3.56433e-37 -3.08032e-38  4.05334e-37 -6.08741e-39  2.45855e-37  -8.6335e-39  7.00408e-38  3.98861e-39  6.63643e-38 -9.91606e-39  1.61869e-38  -2.6719e-39  2.30293e-38 -1.52342e-39 -1.68356e-38  1.32256e-40 -1.43047e-39   -3.461e-40  1.11968e-39  2.03561e-40 -3.41701e-40 -3.55346e-42 -6.71117e-40  3.57205e-41  1.72511e-40 -2.78082e-43  7.36765e-41  -8.4581e-42 -6.38513e-41   3.6976e-42 -5.02765e-42  1.81398e-42 -2.99091e-42  1.15557e-42 -7.72582e-42 -7.77921e-43  1.70394e-41  1.72811e-42 -4.20663e-41 -3.79349e-42  8.75818e-41  7.25633e-42 -1.68811e-40 -1.29278e-41  2.96136e-40  2.13669e-41 -4.69596e-40 -3.26859e-41  6.67661e-40  4.61298e-41 -8.42107e-40 -5.98294e-41  9.29494e-40  7.09717e-41 -8.81848e-40 -7.65649e-41  7.01315e-40  7.46048e-41 -4.49868e-40  -6.5109e-41  2.17052e-40  5.03612e-41 -6.57925e-41 -3.40676e-41  1.81827e-42  1.98081e-41    9.707e-42 -9.67163e-42 -5.20605e-42  3.83915e-42  1.41812e-42 -1.18097e-42 -2.43873e-43   2.6047e-43  3.51138e-44 -3.54656e-44  -3.9107e-45  1.91672e-45
 1.78406e-36 -1.74555e-35 -8.21892e-36 -1.00403e-33  1.39584e-35 -4.89766e-34 -3.72757e-35 -7.99025e-34 -6.58326e-36  4.22636e-33 -1.46452e-35 -1.69667e-33 -7.25704e-35  5.92454e-34  1.01307e-34 -2.13187e-34 -6.66202e-36 -2.88177e-34   9.8937e-36  2.04993e-34 -1.96298e-35  9.95187e-35  2.34055e-35 -2.56892e-34  5.63909e-36 -2.54389e-34  1.03117e-35   2.5864e-36 -6.03662e-36 -7.76621e-35 -8.05385e-36  2.47752e-36 -2.34093e-37  1.26521e-35 -3.73006e-37    -3.41e-35  5.87167e-37  1.36073e-37   -4.813e-37  8.05205e-36 -6.15554e-37  9.10753e-36  4.53768e-37  -1.1395e-36  6.86523e-37 -1.36094e-36  6.68855e-38  1.69783e-37  6.92082e-38  3.96182e-37 -5.83957e-38  6.09633e-37 -8.07127e-39  3.42711e-37 -1.52108e-38  8.59338e-38  2.45472e-39  8.56811e-38 -1.43582e-38  1.03586e-38 -5.43732e-39  3.61039e-38 -1.75125e-39 -2.21825e-38  3.32081e-40 -1.64017e-39 -4.54795e-40  1.86075e-39  3.03806e-40 -8.27923e-40 -1.57857e-41 -8.17663e-40  5.85095e-41  2.64854e-40  1.46724e-42  1.07225e-40  -1.0021e-41 -9.93954e-41  5.28502e-42  -1.3834e-41  1.56716e-42  2.38334e-41   3.3124e-42 -8.63921e-41 -4.56556e-42  2.03104e-40  9.54699e-42 -4.49556e-40  -1.9115e-41   9.0333e-40  3.50695e-41  -1.6603e-39  -5.9874e-41  2.76976e-39  9.48222e-41  -4.1613e-39 -1.38886e-40  5.57719e-39  1.87474e-40 -6.58872e-39 -2.32242e-40  6.75584e-39  2.62708e-40  -5.8888e-39 -2.69716e-40  4.23503e-39  2.49469e-40 -2.39455e-39 -2.05964e-40  9.66648e-40  1.50013e-40 -2.02842e-40 -9.49342e-41 -3.80999e-41  5.11552e-41  4.60577e-41 -2.28294e-41 -1.60373e-41  8.10926e-42   2.8458e-42 -2.15685e-42 -3.32113e-43  3.86318e-43  4.76093e-44  -3.6774e-44 -3.77749e-45
 4.72659e-35  4.63284e-36  1.39412e-34 -1.24947e-35 -8.68026e-34  2.86242e-35 -1.75969e-34 -4.96032e-35 -1.34852e-33 -1.46452e-35  4.29498e-33 -2.62992e-35 -1.81749e-33 -7.90072e-35  5.75557e-34  1.06684e-34   -9.447e-35 -1.34878e-36  -3.2936e-34  6.49122e-37  2.03996e-34 -1.93556e-35  1.25827e-34  1.92495e-35 -3.00113e-34  1.01245e-36 -2.18276e-34   9.4879e-36 -5.21178e-35 -7.83162e-36 -6.08595e-35 -9.64511e-36 -1.59549e-35 -1.65478e-36  1.54859e-35  7.90247e-38 -3.56245e-35  9.04148e-37 -6.32548e-37 -7.33146e-37  7.94901e-36 -4.13791e-37  9.13207e-36  7.11935e-37 -1.42075e-36  9.24465e-37 -1.75593e-36  6.45158e-38 -1.65025e-38  1.08865e-37  3.88087e-37 -9.73153e-38  8.36185e-37 -1.13892e-38   4.4088e-37 -2.23898e-38  1.07984e-37 -3.11684e-40  1.04815e-37 -1.94243e-38 -3.97941e-39 -9.34036e-39  5.23749e-38 -1.81161e-39 -2.77499e-38  6.89157e-40  -1.5356e-39 -5.85815e-40  2.76508e-39  4.29088e-40  -1.5999e-39 -4.54169e-41 -9.30211e-40  8.84593e-41  3.72882e-40  4.77365e-42  1.40526e-40  -1.0605e-41 -1.05613e-40  8.36396e-42 -1.40376e-40 -1.86344e-42  3.63065e-40  1.23685e-41  -9.3211e-40 -2.26793e-41  2.12427e-39  4.56079e-41 -4.46567e-39 -8.65637e-41   8.5864e-39  1.52365e-40 -1.50374e-38 -2.49332e-40   2.3813e-38  3.78208e-40 -3.38048e-38 -5.30143e-40  4.25619e-38  6.84218e-40  -4.6887e-38 -8.09605e-40  4.43969e-38  8.73742e-40 -3.52581e-38 -8.54607e-40  2.26344e-38  7.51558e-40 -1.10178e-38 -5.88223e-40  3.50298e-39  4.04322e-40 -3.09677e-40 -2.39796e-40 -3.20629e-40    1.198e-40  1.71079e-40 -4.87458e-41 -3.68788e-41  1.53702e-41  3.34887e-42 -3.46608e-42 -2.75571e-43  4.79681e-43  6.12492e-44 -2.60665e-44
 6.51739e-37  8.61479e-35  8.50934e-36  3.26145e-34  -1.5855e-35 -6.98721e-34  4.78389e-35  1.83152e-34 -6.20155e-35 -1.69667e-33 -2.62992e-35  4.48284e-33 -3.99136e-35 -1.75004e-33 -7.97146e-35  4.61713e-34   1.0326e-34 -1.08279e-35  2.85097e-36 -3.15117e-34 -7.77749e-36  1.89459e-34 -1.92148e-35  1.42797e-34  1.53861e-35 -3.28176e-34 -5.51294e-36  -1.6584e-34  8.85085e-36 -1.07392e-34 -8.75588e-36 -4.22412e-35 -1.10735e-35  -3.6056e-35 -3.12413e-36  1.91795e-35  6.27863e-37 -3.76312e-35  1.53672e-36 -1.42816e-36 -8.98582e-37  6.80083e-36  1.15242e-39   8.3342e-36   9.8265e-37 -1.59937e-36  1.15816e-36 -1.94897e-36  4.42078e-38 -3.90958e-37  1.55711e-37  3.03258e-37 -1.47123e-37  1.06303e-36 -1.64095e-38  5.14249e-37 -2.87546e-38  1.47772e-37 -4.32435e-39  1.24239e-37 -2.49725e-38 -2.87193e-38  -1.4357e-38  7.06441e-38 -1.67336e-39 -3.28233e-38  1.23154e-39 -7.37122e-40    -7.53e-40  3.74652e-39   5.7277e-40 -2.64657e-39 -1.00829e-40 -9.96655e-40  1.24765e-40  5.18379e-40  1.05274e-41  3.76594e-41 -1.15573e-41  3.41492e-40  1.75504e-41 -1.53844e-39 -1.91136e-41   3.9322e-39  5.08162e-41 -9.37347e-39 -1.00028e-40  2.05098e-38  1.93362e-40 -4.12212e-38 -3.50336e-40  7.56568e-38   5.9008e-40 -1.26014e-37 -9.23164e-40  1.88978e-37  1.33791e-39 -2.52717e-37 -1.79102e-39  2.97747e-37  2.20716e-39 -3.04308e-37 -2.49391e-39  2.64235e-37  2.57073e-39 -1.89213e-37 -2.40186e-39  1.06566e-37  2.01671e-39 -4.30601e-38 -1.50435e-39  9.43422e-39  9.81535e-40  1.10585e-39   -5.484e-40 -1.58477e-39  2.54783e-40  4.81597e-40 -9.43876e-41 -5.15026e-41  2.61601e-41 -7.13218e-43 -4.86288e-42 -2.06965e-43  4.76525e-43  6.81114e-44
 3.12033e-36  6.69556e-37  9.70124e-35  1.30463e-35  4.30714e-34 -1.76774e-35 -5.63247e-34  6.87767e-35  4.62395e-34 -7.25704e-35 -1.81749e-33 -3.99136e-35   4.6972e-33 -5.28749e-35  -1.5578e-33 -7.44832e-35  3.13478e-34  9.28088e-35  2.18912e-35   5.3292e-36 -2.65723e-34 -1.38891e-35  1.59445e-34 -1.90144e-35  1.49219e-34  1.24475e-35 -3.52614e-34 -1.24654e-35 -9.88772e-35   8.4263e-36 -1.60442e-34 -8.36432e-36 -2.46681e-35 -1.21565e-35 -5.74182e-35   -4.188e-36  2.21178e-35  1.30277e-36 -4.00263e-35  2.52015e-36 -2.54794e-36 -9.39107e-37  4.50374e-36  6.30232e-37  6.62254e-36   1.2272e-36 -1.57957e-36  1.33668e-36 -1.81037e-36 -3.01526e-39  -9.9584e-37  2.06342e-37  1.23983e-37 -2.05913e-37  1.26805e-36 -2.32324e-38  5.27004e-37 -3.29972e-38  2.21608e-37 -9.42309e-39   1.4665e-37 -3.10413e-38 -6.43295e-38 -2.02965e-38  8.87125e-38 -1.34967e-39 -3.63557e-38  1.94927e-39  1.16987e-39  -9.7406e-40  4.70268e-39  7.21357e-40 -3.83071e-39 -1.88561e-40 -1.15906e-39  1.64932e-40   1.1723e-39  2.13897e-41  -1.7358e-39 -2.08061e-41  5.61401e-39  5.13191e-41 -1.56775e-38 -9.02106e-41  3.86276e-38  1.99178e-40 -8.80577e-38 -3.87379e-40  1.84666e-37  7.14189e-40 -3.54697e-37 -1.22901e-39  6.20244e-37  1.96542e-39 -9.80383e-37 -2.91703e-39  1.38854e-36  4.01052e-39 -1.74321e-36 -5.09816e-39  1.91341e-36  5.97913e-39  -1.8035e-36 -6.45127e-39  1.42387e-36  6.37728e-39 -9.07142e-37 -5.73917e-39  4.37224e-37  4.65685e-39 -1.37359e-37 -3.35912e-39  1.23701e-38  2.11164e-39  1.13724e-38 -1.12579e-39 -5.59779e-39  4.90368e-40  9.24531e-40 -1.65439e-40  8.82652e-42  3.97665e-41 -1.08137e-41  -5.8256e-42 -6.23491e-43   3.3158e-43
 2.30653e-36 -2.78716e-35 -9.95351e-37  7.68682e-35  1.77781e-35  3.91571e-34 -1.77007e-35 -4.53941e-34  8.77982e-35  5.92454e-34 -7.90072e-35 -1.75004e-33 -5.28749e-35  4.84136e-33 -6.22081e-35 -1.30349e-33 -6.44156e-35  1.81191e-34  7.90873e-35  1.59429e-36  6.41466e-36 -1.85692e-34 -1.71809e-35  1.02617e-34 -1.84123e-35  1.48794e-34  1.04924e-35   -3.837e-34  -1.8303e-35 -2.06356e-35  8.19564e-36 -2.09883e-34 -6.45306e-36 -1.07026e-35 -1.27609e-35 -7.99878e-35 -4.38235e-36  2.16034e-35  2.15385e-36 -4.22652e-35  3.82197e-36 -4.42416e-36 -8.39549e-37  1.06799e-36   1.4335e-36  4.13106e-36  1.40361e-36 -1.32544e-36   1.4068e-36 -1.25631e-36 -8.49414e-38  -1.8476e-36  2.57504e-37 -1.43747e-37 -2.71071e-37  1.43323e-36 -3.17813e-38  4.39491e-37  -3.4553e-38  3.47094e-37 -1.52619e-38  1.76948e-37 -3.79218e-38 -1.09123e-37 -2.67956e-38  1.03398e-37 -8.90387e-40  -3.7016e-38  2.77812e-39  4.48663e-39 -1.26625e-39  5.44313e-39  8.55103e-40 -4.46161e-39 -3.09841e-40   -3.126e-39   2.0252e-40  7.61398e-39  4.76173e-41  -2.0752e-38 -6.67979e-41  5.81356e-38  1.69096e-40 -1.49696e-37 -3.32259e-40  3.54729e-37  6.68689e-40 -7.75511e-37 -1.23047e-39  1.55661e-36  2.11475e-39 -2.85304e-36 -3.37385e-39  4.74368e-36  4.98546e-39 -7.09812e-36 -6.82477e-39  9.46559e-36  8.66672e-39 -1.11125e-35 -1.02392e-38  1.13052e-35  1.12986e-38 -9.75713e-36 -1.16813e-38  6.92959e-36  1.13078e-38 -3.85697e-36 -1.01696e-38  1.52913e-36  8.35675e-39 -3.20572e-37 -6.12019e-39 -4.41057e-38  3.87016e-39   5.3679e-38 -2.03372e-39  -1.4184e-38  8.46302e-40   6.8639e-40 -2.60726e-40  2.50446e-40  5.32265e-41   -1.579e-41  -5.6563e-42 -1.32853e-42
 9.76816e-36   5.8362e-36 -6.00861e-35 -4.80073e-36  5.28817e-35  2.18626e-35  2.28922e-34 -1.57453e-35  -3.3982e-34  1.01307e-34  5.75557e-34 -7.97146e-35  -1.5578e-33 -6.22081e-35  4.85665e-33    -6.53e-35 -1.03929e-33 -5.10612e-35  9.45685e-35  6.65105e-35 -6.70145e-35  7.13897e-36 -6.50022e-35 -1.80761e-35  6.33924e-36 -1.70381e-35  1.48079e-34  9.07378e-36 -4.24162e-34 -2.19474e-35   6.3808e-35  8.16526e-36 -2.54235e-34 -3.15057e-36 -2.06288e-36 -1.28337e-35 -1.04008e-34 -3.34107e-36  1.46799e-35  3.22948e-36 -4.36116e-35  5.36193e-36 -7.50317e-36   -6.047e-37 -3.32301e-36  2.33012e-36  1.27215e-36  1.47305e-36 -8.96914e-37  1.32671e-36 -2.97598e-37 -2.06174e-37 -2.91971e-36  3.07582e-37 -4.60683e-37 -3.40588e-37  1.54543e-36 -4.20264e-38  2.17673e-37 -3.40412e-38  5.37885e-37 -2.12956e-38  2.21231e-37 -4.61219e-38   -1.588e-37 -3.33335e-38  1.10791e-37 -3.61816e-40 -3.34319e-38  3.59077e-39   9.5519e-39 -1.64019e-39  4.44725e-39  9.49606e-40  1.08241e-39 -4.55768e-40  -2.4304e-38  2.21883e-40  7.23259e-38  1.17065e-40 -2.05121e-37  -2.1074e-40  5.46082e-37  4.68165e-40 -1.34604e-36 -8.64096e-40  3.06409e-36  1.50961e-39 -6.41926e-36 -2.35975e-39  1.23138e-35  3.28151e-39 -2.14978e-35 -3.94693e-39  3.39106e-35  3.90023e-39 -4.79029e-35 -2.78263e-39  5.99378e-35  6.66974e-40 -6.55057e-35  1.70043e-39  6.13908e-35 -3.06613e-39 -4.80919e-35  2.35765e-39  3.02974e-35  4.65163e-40 -1.43436e-35  -4.1181e-39  4.34357e-36  6.71337e-39 -3.00266e-37 -7.05713e-39 -3.94416e-37  5.41986e-39  1.73234e-37  -3.0993e-39 -2.22147e-38  1.28843e-39 -2.48361e-39 -3.64814e-40  6.26551e-40  6.09479e-41  3.67318e-42  -3.8655e-42
 7.00105e-37  1.67071e-35  1.05956e-35 -6.48283e-35 -9.93017e-36   5.5935e-35  2.39875e-35  1.57174e-35 -1.18578e-35 -2.13187e-34  1.06684e-34  4.61713e-34 -7.44832e-35 -1.30349e-33    -6.53e-35  4.73813e-33  -6.0587e-35 -8.03815e-34 -3.54945e-35  6.54277e-35  5.86315e-35 -1.78341e-34  8.61112e-36  1.07369e-34 -1.75902e-35 -1.33672e-34 -1.45679e-35  1.53606e-34  7.56675e-36 -4.67779e-34 -2.30563e-35  1.47609e-34  8.41598e-36 -2.90505e-34    1.112e-36  5.34024e-37 -1.23942e-35 -1.29939e-34 -8.85801e-37  -7.7266e-37  4.56099e-36 -4.34377e-35  7.04828e-36  -1.2113e-35 -2.51305e-37  -8.2511e-36  3.20536e-36 -1.30203e-36  1.40474e-36  -4.4403e-37  1.07827e-36  9.24635e-37 -3.66361e-37 -4.12621e-36  3.58043e-37 -7.50783e-37 -4.14531e-37  1.59262e-36 -5.42078e-38 -1.55879e-37 -3.32865e-38  7.98164e-37 -2.67854e-38   2.8487e-37  -5.6218e-38 -2.06604e-37 -3.92651e-38  1.06978e-37  1.77539e-40  -2.5442e-38  4.19864e-39   2.0296e-38 -2.09299e-39 -1.42046e-38  9.78657e-40  6.67305e-38 -6.08438e-40 -2.32531e-37  2.15608e-40  6.84996e-37  2.02494e-40 -1.88548e-36 -2.98421e-40  4.82453e-36  3.59458e-40 -1.14267e-35  6.67022e-41  2.49573e-35 -1.74307e-39 -5.00371e-35  6.26875e-39  9.15767e-35 -1.59922e-38 -1.51978e-34  3.35979e-38  2.26868e-34 -6.07624e-38 -3.01613e-34  9.61083e-38  3.52691e-34 -1.33496e-37 -3.56943e-34   1.6238e-37  3.05903e-34  -1.7149e-37 -2.15095e-34  1.54885e-37  1.17891e-34 -1.16627e-37 -4.54346e-35  6.98906e-38  8.72013e-36 -2.99421e-38  1.76478e-36   5.7718e-39 -1.66968e-36  3.21305e-39  3.87976e-37 -3.57657e-39  -1.2961e-39  1.68386e-39 -1.08229e-38 -4.43957e-40  6.80214e-40  5.63374e-41  3.30957e-41
-2.52919e-35  1.11881e-36  2.80785e-35  1.60112e-35 -4.29351e-35 -1.48079e-35  9.29513e-35  2.28391e-35 -1.71572e-34 -6.66202e-36   -9.447e-35   1.0326e-34  3.13478e-34 -6.44156e-35 -1.03929e-33  -6.0587e-35  4.52579e-33 -4.81056e-35 -6.21057e-34  -1.8055e-35  9.39393e-35  5.70732e-35 -3.26243e-34  1.13515e-35  3.29827e-34 -1.69711e-35 -3.08934e-34 -1.07848e-35  1.69319e-34  5.59008e-36  -5.0278e-34 -2.19693e-35  2.22931e-34  9.13533e-36 -3.13948e-34  5.74961e-36 -2.96838e-36 -1.14926e-35 -1.58291e-34  2.92151e-36 -2.51152e-35  6.16478e-36 -4.14292e-35  8.81343e-36 -1.83706e-35  2.01562e-37 -1.30378e-35  3.92554e-36 -2.82797e-36  1.17829e-36 -1.57598e-37  6.74396e-37  2.13383e-36 -5.58585e-37  -5.3125e-36  4.14611e-37 -9.05779e-37 -4.96115e-37  1.55754e-36 -6.88917e-38 -6.72734e-37 -3.48963e-38  1.11864e-36 -3.08647e-38  3.70296e-37 -6.86448e-38 -2.44777e-37 -4.38666e-38  9.13565e-38  6.96704e-40 -2.45639e-38  4.36837e-39  8.12318e-38 -2.61085e-39 -2.07687e-37  9.46424e-40  7.01532e-37 -8.47228e-40 -2.16476e-36  5.28861e-40  6.17241e-36 -7.95489e-40 -1.63827e-35  2.79571e-39  4.03297e-35    -8.28e-39 -9.17378e-35  2.17193e-38  1.91995e-34 -5.08651e-38 -3.67815e-34  1.07563e-37  6.41065e-34 -2.06027e-37 -1.00904e-33  3.57569e-37  1.42146e-33 -5.61206e-37 -1.77225e-33  7.93453e-37  1.92787e-33 -1.00475e-36 -1.79549e-33  1.13065e-36  1.39433e-33 -1.11885e-36 -8.67079e-34  9.60015e-37  4.01579e-34  -7.0039e-37 -1.15602e-34  4.22092e-37  4.14841e-36 -2.00361e-37  1.23357e-35  6.80341e-38 -4.82834e-36 -1.20432e-38  4.80945e-37 -1.82088e-39  1.07452e-37  1.80026e-39  -2.0593e-38 -4.54346e-40 -7.44924e-41  3.63558e-41
 7.43453e-37 -5.70905e-35  9.95782e-37   3.8844e-35  2.13211e-35 -1.23207e-35 -1.81629e-35  1.44792e-34  1.78911e-35 -2.88177e-34 -1.34878e-36 -1.08279e-35  9.28088e-35  1.81191e-34 -5.10612e-35 -8.03815e-34 -4.81056e-35  4.28072e-33 -2.97963e-35 -5.01202e-34  1.13537e-36  1.73472e-34   6.1225e-35 -5.00807e-34  1.49235e-35  5.83529e-34 -1.74152e-35 -5.00547e-34 -5.62742e-36  1.94827e-34  3.31077e-36  -5.1765e-34 -1.94111e-35  2.82252e-34  1.06511e-35 -3.19314e-34  1.02419e-35 -1.26788e-35 -1.01536e-35 -1.89355e-34  7.77723e-36 -5.65373e-35  8.06007e-36 -3.76324e-35  1.06341e-35 -2.61633e-35   7.4227e-37 -1.67855e-35   4.3605e-36 -2.61437e-36  7.82934e-37 -1.95293e-37  1.59148e-37  2.95154e-36 -7.67796e-37 -6.26118e-36  4.87811e-37 -7.98297e-37 -5.91762e-37  1.41161e-36 -8.67407e-38 -1.29424e-36 -4.15788e-38  1.47519e-36 -3.26882e-38  4.76569e-37 -8.35054e-38 -2.72621e-37 -4.63874e-38  9.38843e-38   1.1983e-39 -1.54026e-37  3.87739e-39  6.30463e-37 -3.26828e-39 -2.04412e-36  1.22205e-39  6.49339e-36 -2.39405e-39 -1.91963e-35  4.88698e-39  5.28243e-35 -1.31922e-38 -1.35045e-34  3.54753e-38  3.19608e-34 -8.79749e-38 -6.97448e-34  2.00834e-37   1.3967e-33 -4.21569e-37 -2.55237e-33  8.12761e-37  4.22767e-33 -1.43566e-36  -6.2953e-33  2.31563e-36  8.34269e-33 -3.39547e-36 -9.71503e-33  4.50112e-36  9.77797e-33 -5.35689e-36 -8.31657e-33   5.6742e-36  5.78413e-33 -5.29098e-36  -3.1155e-33  4.28236e-36  1.16062e-33  -2.9527e-36 -1.96623e-34  1.68984e-36 -6.06334e-35 -7.72084e-37  4.60964e-35  2.63674e-37 -9.46853e-36 -5.83671e-38 -3.46941e-37  4.52122e-39  3.33732e-37  1.41839e-39 -1.79722e-38 -3.67938e-40 -9.35773e-40
 1.93937e-35  2.30212e-36  -9.8056e-35   6.3506e-37  3.67846e-35  2.56755e-35  1.54155e-35 -1.96894e-35  1.86219e-34   9.8937e-36  -3.2936e-34  2.85097e-36  2.18912e-35  7.90873e-35  9.45685e-35 -3.54945e-35 -6.21057e-34 -2.97963e-35  4.05974e-33 -9.40637e-36 -4.43333e-34  2.13758e-35  2.92575e-34  6.86698e-35 -6.85726e-34  1.80304e-35  8.37555e-34 -1.98272e-35 -6.85531e-34   7.8192e-37  2.24897e-34  1.49429e-36  -5.0643e-34 -1.61169e-35  3.19672e-34  1.34719e-35 -3.03034e-34  1.43427e-35  -2.9507e-35 -8.33014e-36 -2.22856e-34  1.31895e-35 -9.12608e-35  1.02886e-35 -3.23709e-35  1.25284e-35 -3.52053e-35  1.37622e-36  -1.8489e-35  4.41051e-36 -2.30322e-37  2.14353e-37 -6.12972e-37  -4.0041e-37  2.96411e-36 -9.69505e-37 -6.71913e-36  5.92386e-37 -3.01562e-37 -7.09819e-37  1.11197e-36 -1.07977e-37 -1.95318e-36 -5.55086e-38  1.82746e-36  -3.1641e-38  6.14613e-37 -1.00494e-37 -3.64171e-37 -4.60953e-38  4.32224e-37  1.65789e-39 -1.58561e-36  2.80486e-39  5.70689e-36 -5.07646e-39  -1.8575e-35   5.1687e-39  5.68254e-35 -1.52985e-38 -1.62062e-34  4.13131e-38  4.29934e-34 -1.09533e-37 -1.05771e-33  2.72291e-37  2.40408e-33 -6.28416e-37  -5.0263e-33  1.34282e-36  9.61625e-33 -2.65068e-36 -1.67313e-32  4.82008e-36  2.62768e-32 -8.04609e-36 -3.69115e-32  1.22773e-35  4.58506e-32 -1.70361e-35 -4.96339e-32  2.13641e-35  4.59223e-32 -2.40306e-35 -3.53324e-32  2.40208e-35  2.16645e-32 -2.10931e-35 -9.78914e-33  1.60346e-35  2.64933e-33 -1.03517e-35  1.96092e-35  5.52923e-36 -3.39129e-34 -2.35316e-36  1.19005e-34  7.51677e-37 -8.78936e-36 -1.61174e-37 -3.36019e-36  1.71081e-38  5.31586e-37  5.59126e-40  5.48808e-39 -2.03769e-40
 5.49378e-37  4.23196e-35  4.63254e-36 -1.45144e-34  8.58348e-37  1.03151e-35  2.82931e-35  4.11851e-35 -1.99179e-35  2.04993e-34  6.49122e-37 -3.15117e-34   5.3292e-36  1.59429e-36  6.65105e-35  6.54277e-35  -1.8055e-35 -5.01202e-34 -9.40637e-36  3.89936e-33  8.13787e-36 -4.38812e-34  4.09605e-35  4.35109e-34  7.61027e-35  -8.5881e-34  1.90167e-35  1.05872e-33 -2.45874e-35  -8.4331e-34  8.13501e-36  2.50365e-34  1.29513e-36 -4.71435e-34 -1.25376e-35  3.31802e-34  1.83061e-35 -2.65297e-34  1.81994e-35 -5.55369e-35 -5.88948e-36 -2.57668e-34  1.85747e-35 -1.24247e-34  1.29183e-35 -2.61207e-35  1.45309e-35 -4.51353e-35  2.13441e-36 -1.71933e-35  4.03223e-36  4.35261e-36 -5.29354e-37 -1.32694e-36 -9.29424e-37  1.80571e-36 -1.12959e-36  -6.4463e-36  7.45113e-37  6.88626e-37 -8.58054e-37  6.02056e-37 -1.31648e-37 -2.55418e-36 -7.80054e-38  2.08654e-36 -2.75245e-38  9.65546e-37 -1.19009e-37 -1.30017e-36 -4.22058e-38  4.08824e-36   1.4881e-39 -1.49398e-35  3.43615e-39  5.07576e-35 -1.58948e-38 -1.60452e-34  3.66487e-38  4.73924e-34 -1.07031e-37 -1.30383e-33  2.87989e-37  3.33155e-33 -7.28302e-37  -7.8794e-33  1.71726e-36  1.71789e-32  -3.7638e-36 -3.43615e-32  7.64772e-36  6.26969e-32 -1.43659e-35 -1.03644e-31  2.48642e-35  1.53941e-31 -3.94938e-35 -2.03336e-31  5.72986e-35  2.35767e-31 -7.55063e-35 -2.35935e-31  8.97695e-35  1.99086e-31 -9.55129e-35 -1.36864e-31  9.00501e-35  7.23391e-32  -7.4312e-35 -2.59278e-32  5.28468e-35  3.70737e-33 -3.17349e-35  1.76253e-33  1.56551e-35  -1.1226e-33 -6.09932e-36  2.02949e-34  1.76576e-36  1.60866e-35  -3.4099e-37 -8.51926e-36   3.4241e-38  3.63667e-37  -3.5293e-40   2.5383e-38
-7.46801e-36  1.18534e-36  6.84174e-35  7.27383e-36 -1.92331e-34  2.26706e-36 -4.38931e-35  2.86868e-35  6.94165e-35 -1.96298e-35  2.03996e-34 -7.77749e-36 -2.65723e-34  6.41466e-36 -6.70145e-35  5.86315e-35  9.39393e-35  1.13537e-36 -4.43333e-34  8.13787e-36  3.81212e-33  1.78367e-35 -4.73677e-34   5.7431e-35  5.80613e-34  8.04054e-35 -9.95603e-34  1.65313e-35  1.22021e-33 -3.13663e-35 -9.59941e-34  1.59525e-35  2.60106e-34  3.89882e-36 -4.22811e-34 -8.71501e-36  3.18186e-34  2.60042e-35 -2.11051e-34  2.23316e-35 -9.37217e-35 -2.64662e-36 -2.91682e-34  2.33692e-35 -1.50161e-34  1.60188e-35 -1.94377e-35  1.66567e-35 -5.56126e-35    3.078e-36 -1.21538e-35  3.25696e-36  1.07039e-35 -1.45059e-36 -2.11835e-36 -1.36413e-36 -7.63163e-37 -1.20647e-36 -5.27882e-36  9.60963e-37   2.2375e-36 -1.04061e-36 -1.98291e-37 -1.54912e-37 -2.90409e-36  -1.0963e-37  1.76164e-36 -2.05784e-38  3.36746e-36 -1.38667e-37 -1.03377e-35 -3.29046e-38  3.77597e-35 -4.17848e-39 -1.32275e-34  2.23985e-38  4.32898e-34 -8.71102e-38 -1.32328e-33   2.4408e-37  3.77285e-33 -6.78623e-37 -1.00052e-32  1.75712e-36  2.46003e-32  -4.2513e-36 -5.58705e-32  9.58424e-36  1.16688e-31 -2.00842e-35 -2.22942e-31   3.9013e-35  3.87214e-31 -7.00259e-35 -6.06748e-31  1.15718e-34  8.49819e-31 -1.75289e-34 -1.05161e-30  2.42162e-34  1.13267e-30 -3.03273e-34 -1.04082e-30  3.41827e-34   7.9305e-31 -3.43756e-34 -4.79033e-31  3.05174e-34  2.10673e-31 -2.36023e-34 -5.29792e-32  1.56375e-34 -3.28619e-33 -8.68196e-35   8.1978e-33  3.92012e-35 -2.59052e-33 -1.37893e-35  1.23966e-34  3.53488e-36  8.72826e-35  -5.8736e-37 -1.15985e-35  4.88201e-38 -2.43165e-37 -6.87587e-40
-9.73502e-38 -1.97973e-35  1.72949e-36  9.37482e-35  9.64096e-36 -2.32818e-34    4.628e-36 -1.17455e-34  2.68688e-35  9.95187e-35 -1.93556e-35  1.89459e-34 -1.38891e-35 -1.85692e-34  7.13897e-36 -1.78341e-34  5.70732e-35  1.73472e-34  2.13758e-35 -4.38812e-34  1.78367e-35  3.79236e-33  1.58777e-35 -5.29469e-34  6.83122e-35  7.06623e-34  7.95001e-35 -1.07439e-33  1.00537e-35  1.30621e-33 -3.90702e-35 -1.02953e-33  2.36058e-35  2.43242e-34  1.01725e-35 -3.75543e-34 -4.34519e-36  2.81492e-34  3.73774e-35 -1.49462e-34  2.74666e-35 -1.46874e-34  1.56045e-36 -3.21896e-34  2.71257e-35 -1.64335e-34  1.96104e-35 -1.29882e-35  1.88685e-35 -6.63829e-35  4.29385e-36 -2.95786e-36  2.19529e-36  1.79835e-35 -2.55248e-36 -2.67471e-36 -1.66906e-36 -4.79736e-36 -1.15664e-36 -3.19698e-36  1.24826e-36  4.39382e-36 -1.25548e-36 -1.55416e-36 -1.72587e-37 -1.93923e-36 -1.50664e-37 -3.38236e-36 -1.09153e-38  2.47417e-35 -1.61562e-37 -9.17543e-35 -8.51428e-39  3.30347e-34 -4.74843e-38 -1.11714e-33  1.62103e-37  3.53328e-33 -5.21284e-37 -1.04333e-32  1.46557e-36  2.86943e-32 -3.90216e-36 -7.32847e-32  9.70546e-36  1.73207e-31 -2.25337e-35 -3.77284e-31  4.87269e-35  7.53739e-31 -9.78859e-35 -1.37314e-30   1.8214e-34  2.26534e-30 -3.12858e-34 -3.35593e-30    4.941e-34  4.41783e-30 -7.14154e-34 -5.09982e-30  9.39511e-34  5.07325e-30 -1.11772e-33 -4.24569e-30  1.19322e-33  2.88331e-30  -1.1324e-33 -1.49339e-30  9.44457e-34  5.12507e-31 -6.82375e-34 -5.76324e-32  4.19311e-34 -4.40389e-32 -2.13884e-34  2.42229e-32  8.75895e-35 -3.80266e-33 -2.74321e-35 -4.98547e-34  6.08443e-36  1.88241e-34 -8.31554e-37 -5.77216e-36  5.05502e-38 -6.17174e-37
  4.5575e-36 -2.74008e-37 -3.72242e-35  1.95921e-36  1.13269e-34  1.12727e-35 -2.61524e-34  6.85571e-36 -1.93757e-34  2.34055e-35  1.25827e-34 -1.92148e-35  1.59445e-34 -1.71809e-35 -6.50022e-35  8.61112e-36 -3.26243e-34   6.1225e-35  2.92575e-34  4.09605e-35 -4.73677e-34  1.58777e-35  3.82581e-33  5.66066e-37 -5.83371e-34  7.18359e-35  7.93236e-34  7.26814e-35 -1.08071e-33   6.4787e-38  1.31271e-33 -4.59813e-35 -1.05347e-33  3.03447e-35  1.90841e-34  2.04454e-35 -3.45158e-34  1.02011e-36  2.27724e-34  5.28937e-35 -9.20277e-35  3.42847e-35  -2.1623e-34  6.78027e-36 -3.44699e-34  2.95685e-35 -1.63492e-34   2.3601e-35 -7.65962e-36  2.10633e-35 -7.73126e-35  5.87669e-36  1.04111e-35  1.02483e-36  2.50936e-35 -3.83559e-36 -2.65544e-36 -1.84681e-36 -1.01265e-35 -9.43639e-37 -4.37094e-37  1.60414e-36  7.53791e-36 -1.49367e-36 -5.54968e-36 -1.77034e-37  9.51125e-36 -2.02333e-37 -5.12838e-35  4.97744e-39  2.13498e-34 -2.04615e-37 -7.91175e-34  8.94089e-38  2.76219e-33 -3.18199e-37 -9.03326e-33  9.99338e-37   2.7611e-32 -2.95748e-36 -7.87019e-32  8.06513e-36  2.08626e-31 -2.06427e-35  -5.1266e-31  4.93767e-35  1.16339e-30 -1.10183e-34  -2.4272e-30  2.28836e-34  4.63091e-30 -4.41131e-34 -8.02867e-30  7.86817e-34  1.25515e-29 -1.29377e-33 -1.75272e-29  1.95284e-33  2.16046e-29  -2.6924e-33 -2.31497e-29   3.3708e-33  2.11225e-29 -3.80561e-33 -1.59317e-29  3.84228e-33  9.47183e-30 -3.43421e-33 -4.04442e-30  2.68352e-33  9.31426e-31  -1.8046e-33  1.22941e-31  1.02334e-33  -1.7557e-31  -4.7622e-34  5.00217e-32  1.75084e-34 -9.86743e-34 -4.80552e-35 -1.96455e-33   8.9719e-36  2.19348e-34  -9.5092e-37  7.64371e-36  3.39524e-38
 7.81978e-38  1.12184e-35 -6.09606e-37 -5.69525e-35  1.74868e-36   1.2161e-34   1.1979e-35 -2.75572e-34   7.5376e-36 -2.56892e-34  1.92495e-35  1.42797e-34 -1.90144e-35  1.02617e-34 -1.80761e-35  1.07369e-34  1.13515e-35 -5.00807e-34  6.86698e-35  4.35109e-34   5.7431e-35 -5.29469e-34  5.66066e-37  3.89902e-33 -2.74557e-35 -6.09189e-34  6.72116e-35   8.2857e-34  6.03396e-35 -1.00991e-33  -1.2198e-35  1.24639e-33 -5.00729e-35 -1.03839e-33  3.53349e-35  9.68978e-35  3.44612e-35 -3.43457e-34  7.72208e-36  1.66404e-34  7.23243e-35 -5.00569e-35  4.31611e-35 -3.00117e-34  1.28828e-35 -3.56307e-34   3.0602e-35 -1.46126e-34  2.77385e-35 -4.66652e-36  2.30897e-35 -8.84015e-35  7.89751e-36   2.7564e-35 -3.79394e-38  3.09003e-35 -5.29175e-36 -1.78513e-36 -1.93594e-36 -1.62222e-35 -5.49096e-37  1.81187e-36  2.01206e-36  1.57118e-35 -1.74081e-36 -3.11453e-35 -1.57506e-37  1.12961e-34 -2.72248e-37 -4.70986e-34  5.42353e-38   1.8179e-33 -3.68471e-37 -6.55122e-33  5.92129e-37  2.21415e-32 -1.84886e-36 -7.00171e-32  5.54927e-36  2.06713e-31 -1.56441e-35 -5.68329e-31  4.11674e-35  1.45079e-30 -1.01452e-34 -3.42652e-30  2.33561e-34  7.45676e-30 -5.01252e-34 -1.48788e-29  1.00031e-33  2.70624e-29 -1.85084e-33 -4.45544e-29  3.16445e-33  6.58286e-29 -4.97998e-33 -8.63597e-29   7.1809e-33  9.92398e-29 -9.43706e-33 -9.81207e-29  1.12323e-32   8.1415e-29 -1.20176e-32 -5.45864e-29  1.14542e-32  2.76654e-29 -9.61883e-33 -9.04035e-30  7.01989e-33   6.9588e-31 -4.37544e-33   9.6212e-31  2.27667e-33 -4.66302e-31 -9.58815e-34   6.2063e-32  3.12697e-34  1.24476e-32 -7.37644e-35  -3.6692e-33  1.11751e-35  6.59283e-35 -8.35159e-37   1.3281e-35
