    0.467971   9.9862e-17    0.0379759 -6.92095e-18   -0.0244519 -1.89245e-17  -0.00753268 -1.01581e-18   0.00201959  6.90526e-18   0.00154115  2.87209e-18  0.000113027 -1.56551e-19 -0.000134372 -2.25405e-19 -3.99097e-05   -1.907e-21 -2.09263e-06   7.0242e-21  2.71059e-07
  9.9862e-17    0.0784488  2.90209e-17   0.00884597 -2.36296e-17   -0.0192698 -4.01641e-17  -0.00771629 -8.22234e-18   0.00215645  8.77196e-18   0.00209707  3.52591e-18  0.000277038 -3.92036e-19 -0.000160189   -2.476e-19 -5.91231e-05  1.70412e-20 -5.15435e-06  6.45502e-21
   0.0379759  2.90209e-17    0.0504621  4.08127e-17   0.00840516  -2.7159e-17   -0.0167058 -5.42451e-17  -0.00798757 -1.13772e-17   0.00193592  8.27531e-18   0.00241002  2.40489e-18    0.0004777 -7.32772e-19 -0.000121366 -2.03094e-19 -5.68443e-05  2.38938e-20 -4.70532e-06
-6.92095e-18   0.00884597  4.08127e-17    0.0369424  7.19647e-17   0.00713854 -2.50949e-17   -0.0148837  -5.1882e-17  -0.00821765 -8.38227e-18   0.00149382  6.56156e-18   0.00253031  6.27379e-19  0.000678526 -9.36836e-19 -3.58061e-05 -1.37604e-19 -3.44411e-05  1.61239e-20
  -0.0244519 -2.36296e-17   0.00840516  7.19647e-17    0.0299298  8.55413e-17   0.00657137 -2.03451e-17   -0.0135109 -3.79012e-17  -0.00850337 -2.11361e-18  0.000864275  4.64504e-18    0.0024499 -7.17485e-19  0.000821901 -8.69188e-19  5.55685e-05 -7.36305e-20 -8.89056e-06
-1.89245e-17   -0.0192698  -2.7159e-17   0.00713854  8.55413e-17    0.0258213  7.46733e-17   0.00637351 -1.51227e-17   -0.0124252 -2.00358e-17  -0.00886125  3.93249e-18  4.29896e-05  2.93547e-18   0.00212664 -1.28319e-18  0.000830957 -6.40297e-19  9.81349e-05 -3.02097e-20
 -0.00753268 -4.01641e-17   -0.0167058 -2.50949e-17   0.00657137  7.46733e-17    0.0232923  5.01735e-17   0.00643041 -1.04589e-17   -0.0115012 -4.67325e-18  -0.00928309  6.95225e-18  -0.00097777  1.21701e-18    0.0015219 -1.42552e-18   0.00065254 -4.36244e-19  6.82378e-05
-1.01581e-18  -0.00771629 -5.42451e-17   -0.0148837 -2.03451e-17   0.00637351  5.01735e-17    0.0217317  2.31495e-17   0.00672207 -6.80418e-18   -0.0106237  4.23138e-18  -0.00971363  5.82517e-18  -0.00214464 -8.34523e-19  0.000690947 -1.54679e-18  0.000341332 -2.75118e-19
  0.00201959 -8.22234e-18  -0.00798757  -5.1882e-17   -0.0135109 -1.51227e-17   0.00643041  2.31495e-17     0.020862  1.47461e-18   0.00727833 -3.95747e-18  -0.00964075  6.01201e-18  -0.00998149  1.50054e-18  -0.00322561 -2.97589e-18 -0.000112689 -1.53748e-18  7.61703e-05
 6.90526e-18   0.00215645 -1.13772e-17  -0.00821765 -3.79012e-17   -0.0124252 -1.04589e-17   0.00672207  1.47461e-18    0.0205655  -9.7007e-18   0.00819835 -1.18235e-18   -0.0082844  3.05383e-18  -0.00969052 -3.53289e-18  -0.00374144 -4.21943e-18  -0.00051462 -1.04071e-18
  0.00154115  8.77196e-18   0.00193592 -8.38227e-18  -0.00850337 -2.00358e-17   -0.0115012 -6.80418e-18   0.00727833  -9.7007e-18    0.0208472 -8.94913e-18   0.00970665  2.36168e-18  -0.00608603 -8.48279e-19  -0.00824338 -6.49515e-18  -0.00322578 -3.72756e-18 -0.000384224
 2.87209e-18   0.00209707  8.27531e-18   0.00149382 -2.11361e-18  -0.00886125 -4.67325e-18   -0.0106237 -3.95747e-18   0.00819835 -8.94913e-18    0.0218608   1.1321e-18    0.0121993  6.91726e-18  -0.00250572 -2.55623e-18  -0.00533022 -6.08694e-18  -0.00183356 -1.93653e-18
 0.000113027  3.52591e-18   0.00241002  6.56156e-18  0.000864275  3.93249e-18  -0.00928309  4.23138e-18  -0.00964075 -1.18235e-18   0.00970665   1.1321e-18    0.0239295  1.51423e-17     0.016027  1.17059e-17    0.0023801 -1.25876e-18  -0.00173526 -3.49922e-18 -0.000499744
-1.56551e-19  0.000277038  2.40489e-18   0.00253031  4.64504e-18  4.29896e-05  6.95225e-18  -0.00971363  6.01201e-18   -0.0082844  2.36168e-18    0.0121993  1.51423e-17     0.027291  2.70197e-17    0.0206806   1.5213e-17   0.00698572   1.1883e-18  0.000761906 -1.10829e-18
-0.000134372 -3.92036e-19    0.0004777  6.27379e-19    0.0024499  2.93547e-18  -0.00097777  5.82517e-18  -0.00998149  3.05383e-18  -0.00608603  6.91726e-18     0.016027  2.70197e-17    0.0312408  3.25828e-17    0.0239002  1.57929e-17    0.0087318  2.22388e-18   0.00110057
-2.25405e-19 -0.000160189 -7.32772e-19  0.000678526 -7.17485e-19   0.00212664  1.21701e-18  -0.00214464  1.50054e-18  -0.00969052 -8.48279e-19  -0.00250572  1.17059e-17    0.0206806  3.25828e-17    0.0332531  3.08453e-17    0.0225873   1.2636e-17    0.0066205  1.35295e-18
-3.99097e-05   -2.476e-19 -0.000121366 -9.36836e-19  0.000821901 -1.28319e-18    0.0015219 -8.34523e-19  -0.00322561 -3.53289e-18  -0.00824338 -2.55623e-18    0.0023801   1.5213e-17    0.0239002  3.08453e-17    0.0300573  2.33656e-17    0.0160577  7.11266e-18     0.002814
  -1.907e-21 -5.91231e-05 -2.03094e-19 -3.58061e-05 -8.69188e-19  0.000830957 -1.42552e-18  0.000690947 -2.97589e-18  -0.00374144 -6.49515e-18  -0.00533022 -1.25876e-18   0.00698572  1.57929e-17    0.0225873  2.33656e-17    0.0211477  1.34472e-17   0.00778677  2.33517e-18
-2.09263e-06  1.70412e-20 -5.68443e-05 -1.37604e-19  5.55685e-05 -6.40297e-19   0.00065254 -1.54679e-18 -0.000112689 -4.21943e-18  -0.00322578 -6.08694e-18  -0.00173526   1.1883e-18    0.0087318   1.2636e-17    0.0160577  1.34472e-17    0.0105723  5.23565e-18   0.00214378
  7.0242e-21 -5.15435e-06  2.38938e-20 -3.44411e-05 -7.36305e-20  9.81349e-05 -4.36244e-19  0.000341332 -1.53748e-18  -0.00051462 -3.72756e-18  -0.00183356 -3.49922e-18  0.000761906  2.22388e-18    0.0066205  7.11266e-18   0.00778677  5.23565e-18   0.00329571  1.09313e-18
 2.71059e-07  6.45502e-21 -4.70532e-06  1.61239e-20 -8.89056e-06 -3.02097e-20  6.82378e-05 -2.75118e-19  7.61703e-05 -1.04071e-18 -0.000384224 -1.93653e-18 -0.000499744 -1.10829e-18   0.00110057  1.35295e-18     0.002814  2.33517e-18   0.00214378  1.09313e-18  0.000478178
