   0.0703543  1.53179e-17   -0.0539203 -2.60431e-17   -0.0135549  1.32813e-17   0.00865046 -7.21528e-18   0.00424866  1.91632e-18 -0.000602596  6.27321e-19 -0.000737884 -6.39816e-19 -8.32305e-05    2.898e-20  4.31287e-05  4.70071e-20  1.05708e-05  6.91252e-22  2.82832e-07
 1.53179e-17     0.111588  1.58442e-17   -0.0379676 -9.28703e-18   -0.0268643  7.34955e-18   0.00621884 -8.24334e-18   0.00700395   4.1672e-18  0.000113753 -4.34183e-21   -0.0010866 -1.05667e-18 -0.000239277  5.52098e-20  3.63517e-05  5.88276e-20  1.32509e-05   1.0714e-21
  -0.0539203  1.58442e-17    0.0926339 -2.90797e-19   -0.0159657  1.30092e-17   -0.0294522  -1.2257e-18   0.00226702 -4.41679e-18   0.00813042  6.50354e-18   0.00108429 -9.54726e-19  -0.00114713 -1.31849e-18 -0.000378498  2.68508e-20    3.256e-06  4.12013e-20  7.69401e-06
-2.60431e-17   -0.0379676 -2.90797e-19    0.0650184 -1.32364e-17  -0.00553941  1.70432e-17   -0.0279718 -1.03391e-17 -0.000820977   2.1781e-18   0.00832454  8.38708e-18   0.00201277 -1.41129e-18 -0.000971685 -1.30033e-18 -0.000443457 -2.35508e-20 -2.93202e-05  1.36808e-20
  -0.0135549 -9.28703e-18   -0.0159657 -1.32364e-17    0.0496637 -1.00203e-17  -0.00141253  4.54454e-18   -0.0261459 -1.90532e-17  -0.00316999  7.69976e-18   0.00801461  9.23152e-18   0.00281314 -1.06391e-18 -0.000615494 -9.61039e-19 -0.000400688 -2.42237e-20  -3.3977e-05
 1.32813e-17   -0.0268643  1.30092e-17  -0.00553941 -1.00203e-17    0.0420169  5.70768e-18  0.000731695 -1.22877e-17   -0.0246462 -2.50244e-17  -0.00513442  9.70598e-18   0.00734739  8.77284e-18   0.00342799 -2.28331e-19 -0.000149579 -4.16998e-19 -0.000256451   2.5218e-20
  0.00865046  7.34955e-18   -0.0294522  1.70432e-17  -0.00141253  5.70768e-18    0.0375843  2.33886e-17   0.00219014 -2.40441e-17   -0.0234775 -2.68863e-17   -0.0069439  8.14462e-18   0.00633161   7.1748e-18   0.00376072  5.22437e-19  0.000299812  9.51107e-20 -8.47725e-05
-7.21528e-18   0.00621884  -1.2257e-18   -0.0279718  4.54454e-18  0.000731695  2.33886e-17    0.0348272  3.49704e-17   0.00338339 -2.76287e-17   -0.0225693 -2.53382e-17  -0.00874969  4.45549e-18   0.00489412  4.76034e-18   0.00364619  7.85578e-19  0.000536907  3.10015e-19
  0.00424866 -8.24334e-18   0.00226702 -1.03391e-17   -0.0261459 -1.22877e-17   0.00219014  3.49704e-17    0.0331816  3.82156e-17    0.0045341  -2.4683e-17   -0.0218295  -2.2108e-17   -0.0106469  2.23959e-19    0.0029276   1.8375e-18   0.00290623  5.19939e-19  0.000414034
 1.91632e-18   0.00700395 -4.41679e-18 -0.000820977 -1.90532e-17   -0.0246462 -2.40441e-17   0.00338339  3.82156e-17    0.0323853  3.54344e-17   0.00581099 -1.85816e-17   -0.0211241 -1.84774e-17   -0.0126272 -3.61606e-18  0.000450834 -1.17714e-18   0.00160691  1.59691e-20
-0.000602596   4.1672e-18   0.00813042   2.1781e-18  -0.00316999 -2.50244e-17   -0.0234775 -2.76287e-17    0.0045341  3.54344e-17    0.0323378  3.04143e-17   0.00740415 -1.19486e-17   -0.0201905 -1.47628e-17   -0.0143748 -6.85192e-18  -0.00202022 -3.55934e-18  0.000360242
 6.27321e-19  0.000113753  6.50354e-18   0.00832454  7.69976e-18  -0.00513442 -2.68863e-17   -0.0225693  -2.4683e-17   0.00581099  3.04143e-17    0.0330674  2.58472e-17   0.00962792 -5.66837e-18   -0.0184114 -1.09702e-17   -0.0148951 -9.61891e-18  -0.00327002 -4.13136e-18
-0.000737884 -4.34183e-21   0.00108429  8.38708e-18   0.00801461  9.70598e-18   -0.0069439 -2.53382e-17   -0.0218295 -1.85816e-17   0.00740415  2.58472e-17    0.0347783  2.27369e-17    0.0131282  8.45319e-19   -0.0145243 -7.72673e-18   -0.0126156 -1.15086e-17  -0.00236232
-6.39816e-19   -0.0010866 -9.54726e-19   0.00201277  9.23152e-18   0.00734739  8.14462e-18  -0.00874969  -2.2108e-17   -0.0211241 -1.19486e-17   0.00962792  2.27369e-17    0.0380161  2.21623e-17    0.0190598  8.84831e-18  -0.00710998 -6.33347e-18  -0.00715297 -1.03049e-17
-8.32305e-05 -1.05667e-18  -0.00114713 -1.41129e-18   0.00281314  8.77284e-18   0.00633161  4.45549e-18   -0.0106469 -1.84774e-17   -0.0201905 -5.66837e-18    0.0131282  2.21623e-17    0.0437795  2.74872e-17    0.0282746  1.80977e-17   0.00292883 -7.31115e-18  -0.00150731
   2.898e-20 -0.000239277 -1.31849e-18 -0.000971685 -1.06391e-18   0.00342799   7.1748e-18   0.00489412  2.23959e-19   -0.0126272 -1.47628e-17   -0.0184114  8.45319e-19    0.0190598  2.74872e-17    0.0525775  4.15329e-17    0.0383888  2.33856e-17    0.0101067  -7.7695e-18
 4.31287e-05  5.52098e-20 -0.000378498 -1.30033e-18 -0.000615494 -2.28331e-19   0.00376072  4.76034e-18    0.0029276 -3.61606e-18   -0.0143748 -1.09702e-17   -0.0145243  8.84831e-18    0.0282746  4.15329e-17    0.0613435  5.67156e-17    0.0417409  1.76743e-17   0.00873354
 4.70071e-20  3.63517e-05  2.68508e-20 -0.000443457 -9.61039e-19 -0.000149579  5.22437e-19   0.00364619   1.8375e-18  0.000450834 -6.85192e-18   -0.0148951 -7.72673e-18  -0.00710998  1.80977e-17    0.0383888  5.67156e-17    0.0615316  5.45962e-17    0.0317148  5.09202e-18
 1.05708e-05  5.88276e-20    3.256e-06 -2.35508e-20 -0.000400688 -4.16998e-19  0.000299812  7.85578e-19   0.00290623 -1.17714e-18  -0.00202022 -9.61891e-18   -0.0126156 -6.33347e-18   0.00292883  2.33856e-17    0.0417409  5.45962e-17    0.0462372  3.04688e-17    0.0137322
 6.91252e-22  1.32509e-05  4.12013e-20 -2.93202e-05 -2.42237e-20 -0.000256451  9.51107e-20  0.000536907  5.19939e-19   0.00160691 -3.55934e-18  -0.00327002 -1.15086e-17  -0.00715297 -7.31115e-18    0.0101067  1.76743e-17    0.0317148  3.04688e-17    0.0221276  6.86422e-18
 2.82832e-07   1.0714e-21  7.69401e-06  1.36808e-20  -3.3977e-05   2.5218e-20 -8.47725e-05  3.10015e-19  0.000414034  1.59691e-20  0.000360242 -4.13136e-18  -0.00236232 -1.03049e-17  -0.00150731  -7.7695e-18   0.00873354  5.09202e-18    0.0137322  6.86422e-18   0.00495046
