  1.6997e-35  1.97214e-51 -1.58988e-35  3.76367e-51 -2.79955e-35 -1.58112e-50  1.18599e-35 -2.22622e-50  1.99703e-35  7.82322e-50 -1.38586e-35 -1.64359e-49 -1.51759e-36  -7.5826e-49  4.13547e-36  4.27087e-48 -1.75225e-36 -1.76866e-47  1.70339e-36  3.05065e-47 -9.02809e-37  2.19222e-47  8.31546e-38 -3.63922e-47  5.39982e-38 -4.94176e-46 -1.56946e-37   4.2948e-46   5.1576e-38 -9.55255e-46 -2.14646e-39 -3.62722e-45  8.54028e-39 -3.78118e-45  2.18262e-40  2.29497e-45  2.75686e-39 -1.49045e-44 -3.31159e-39 -1.34386e-45  1.24891e-39  -3.1245e-44 -1.17793e-39 -1.97687e-44  8.17385e-40 -2.78604e-44  4.38899e-41 -1.44025e-44  -1.4651e-41 -2.35722e-45   -3.266e-41 -5.17027e-44 -4.05873e-41  1.14569e-44  1.43578e-41 -1.53465e-44 -1.02922e-41  7.51143e-45  4.97736e-42  1.14521e-45  6.29635e-44  1.50946e-44 -1.53455e-42  1.29953e-45  7.02384e-42  3.66828e-45 -2.01091e-41 -3.12309e-45  4.73243e-41   4.5196e-45 -1.01754e-40 -9.24648e-45  1.99422e-40  2.16602e-44 -3.54708e-40 -4.65072e-44  5.69053e-40  9.45075e-44 -8.16864e-40  -1.7948e-43  1.03804e-39  3.19091e-43 -1.15009e-39  -5.3005e-43  1.08481e-39  8.21398e-43 -8.33716e-40 -1.18503e-42  4.68411e-40  1.58796e-42 -1.10347e-40 -1.97118e-42 -1.36525e-40   2.2597e-42  2.39657e-40 -2.38375e-42 -2.36566e-40  2.30439e-42  1.88242e-40 -2.03162e-42 -1.35747e-40  1.62431e-42  9.19796e-41 -1.16989e-42 -5.71752e-41  7.53074e-43  3.12307e-41 -4.29165e-43 -1.45372e-41  2.14035e-43  5.67389e-42 -9.20854e-44 -1.82746e-42  3.35609e-44  4.69705e-43 -1.01165e-44 -8.99962e-44  2.44086e-45  1.11277e-44 -4.49291e-46 -4.97961e-46  5.83846e-47 -7.56521e-47 -4.61257e-48  1.09968e-47  1.42372e-49
 1.97214e-51  5.74875e-35  9.17474e-51 -3.34428e-35  1.79549e-50 -5.64592e-35 -4.49695e-50  1.07906e-35 -4.74104e-50  3.85807e-35  8.41359e-49 -2.56097e-35 -1.73569e-48 -1.02141e-36 -6.78668e-48  5.45932e-36  4.34943e-47 -2.52541e-36 -1.73779e-46   3.0468e-36  2.78343e-46 -1.27097e-36 -8.53016e-48 -2.03321e-37  -2.9649e-46  2.44266e-37 -4.31352e-45 -5.69977e-37  1.42683e-45  2.47278e-37 -7.49583e-45 -1.99781e-38 -3.37105e-44  1.16135e-38 -3.38367e-44  4.31368e-39  7.43213e-45  4.64438e-39 -1.27769e-43 -8.28626e-39  -1.2031e-44  2.46247e-39 -2.60511e-43 -2.53922e-39 -1.40422e-43  2.30186e-39 -2.15139e-43  3.30964e-40 -1.14116e-43 -4.80107e-41 -3.30295e-44 -6.48151e-41 -3.35441e-43 -1.90616e-40  3.81067e-44  7.98143e-41 -1.10057e-43 -3.96801e-41  4.84758e-44  1.09116e-41  1.06756e-45  2.69064e-41  7.58606e-44  -8.9195e-41  5.89199e-46  2.47449e-40  2.31136e-44 -6.12572e-40 -2.96962e-44  1.37521e-39  5.68721e-44 -2.82253e-39 -1.26913e-43  5.27209e-39  2.84179e-43 -8.91338e-39 -5.92884e-43   1.3546e-38  1.16342e-42 -1.83406e-38 -2.13696e-42   2.1859e-38  3.67262e-42 -2.25399e-38 -5.89558e-42  1.95603e-38   8.8244e-42  -1.3551e-38 -1.22892e-41  6.50615e-39  1.58848e-41 -7.33734e-40  -1.9003e-41 -2.44771e-39  2.09708e-41  3.23126e-39 -2.12665e-41 -2.72631e-39    1.973e-41  1.95109e-39 -1.66586e-41 -1.33162e-39  1.27222e-41  8.76504e-40 -8.72441e-42 -5.24609e-40  5.32586e-42  2.70395e-40 -2.86393e-42 -1.17337e-40  1.33924e-42  4.26371e-41 -5.35882e-43 -1.28033e-41   1.7971e-43  3.05649e-42 -4.91247e-44 -5.40736e-43  1.05251e-44  6.27549e-44 -1.66475e-45  -3.4072e-45  1.75159e-46 -1.02151e-46 -9.69914e-48  1.46583e-47
-1.58988e-35  9.17474e-51  1.19208e-34  2.16232e-50  -5.2832e-35  6.25858e-50 -7.01699e-35 -1.64742e-49 -3.86966e-37  4.75457e-50  5.32584e-35  6.42816e-48 -3.86342e-35 -1.26096e-47  3.77533e-36 -4.07738e-47  3.12604e-36  2.98481e-46  -1.0546e-36 -1.20981e-45  2.93918e-36   1.7069e-45  -8.2021e-37  -1.3005e-45 -7.46898e-37 -1.38934e-45  5.15068e-37 -2.66419e-44 -1.31602e-36 -4.81805e-45  6.27495e-37 -4.57698e-44 -4.50927e-38 -2.06669e-43 -5.51747e-40 -2.09124e-43  1.41634e-38 -5.36529e-45  2.25799e-39 -7.48049e-43 -1.29083e-38 -7.89218e-44  1.14477e-39 -1.47272e-42 -2.78625e-39 -6.78634e-43  4.43592e-39 -1.11298e-42  1.14999e-39 -5.90324e-43 -9.06996e-41 -2.28419e-43 -5.49778e-41 -1.47974e-42  -5.6795e-40  4.72915e-44   2.4315e-40  -5.1823e-43 -4.31957e-41  2.11659e-43 -1.94928e-40 -1.82265e-44  7.52778e-40  2.71584e-43 -2.12852e-39 -3.24153e-44  5.45483e-39  1.32255e-43 -1.28006e-38 -2.38292e-43  2.74764e-38   5.1848e-43  -5.3807e-38 -1.16372e-42  9.56532e-38  2.51093e-42 -1.53423e-37 -5.07294e-42  2.20322e-37  9.62072e-42  -2.8043e-37 -1.70852e-41  3.12046e-37  2.83809e-41 -2.97475e-37 -4.40241e-41  2.34955e-37  6.36497e-41 -1.43643e-37 -8.55805e-41  5.51006e-38  1.06734e-40  4.67274e-39 -1.23101e-40 -2.89453e-38  1.30833e-40   2.8881e-38 -1.27608e-40 -2.04859e-38  1.13667e-40  1.32532e-38 -9.19418e-41  -8.7824e-39   6.7079e-41  5.69361e-39 -4.37898e-41 -3.25907e-39  2.53335e-41  1.56431e-39 -1.28372e-41 -6.27431e-40   5.6159e-42  2.11587e-40  -2.0825e-42 -5.89207e-41    6.391e-43  1.28734e-41 -1.57089e-43 -2.04851e-42  2.94822e-44   2.1249e-43 -3.91116e-45 -1.10041e-44    3.161e-46  -8.9129e-48 -1.00163e-47
 3.76367e-51 -3.34428e-35  2.16232e-50  1.90098e-34  1.86408e-50 -7.94437e-35  2.62348e-49 -5.00217e-35 -9.96591e-49 -2.68242e-35  1.10948e-48  7.07867e-35  3.89064e-47 -5.67303e-35 -7.39973e-47  1.43642e-35 -1.89213e-46 -2.69282e-36  1.59908e-45  3.49972e-36 -6.87188e-45  8.29108e-37  8.03546e-45  2.78187e-37 -1.28089e-44 -1.18363e-36 -3.21461e-45  7.79977e-37 -1.33371e-43 -2.40603e-36 -8.45095e-44  1.18923e-36 -2.45343e-43 -5.85671e-38 -9.77596e-43 -3.88822e-38 -1.02732e-42  2.90607e-38 -1.64158e-43 -1.12759e-38 -3.46862e-42 -1.05885e-38 -4.07886e-43 -8.21382e-39 -6.53022e-42  7.31211e-40 -2.57339e-42  6.62984e-39 -4.47217e-42  2.80917e-39 -2.34541e-42 -1.04355e-40 -1.09194e-42  3.43756e-41 -5.14274e-42 -1.20446e-39 -1.53061e-43  1.73594e-40 -1.88216e-42  1.34098e-39  7.26944e-43 -4.91665e-39 -1.38711e-43  1.45482e-38   8.2199e-43 -3.87639e-38 -2.88841e-43  9.48134e-38  7.71927e-43 -2.12689e-37 -1.65666e-42  4.36088e-37  3.72807e-42 -8.13765e-37 -8.19357e-42  1.37447e-36  1.70657e-41 -2.08698e-36 -3.33367e-41  2.82397e-36  6.10911e-41 -3.36631e-36 -1.04851e-40  3.47861e-36   1.6832e-40 -3.04083e-36 -2.52309e-40  2.15472e-36  3.52463e-40 -1.12488e-36 -4.57789e-40  2.94771e-37  5.51312e-40  1.50243e-37 -6.13624e-40 -2.54493e-37  6.28813e-40  1.92534e-37 -5.90606e-40 -1.13135e-37  5.05732e-40  6.79763e-38 -3.92332e-40 -4.57227e-38  2.73687e-40  2.93839e-38 -1.70156e-40 -1.58037e-38  9.32744e-41  6.95279e-39 -4.44931e-41 -2.56644e-39  1.81687e-41  8.04046e-40 -6.21938e-42 -2.06264e-40  1.73554e-42  4.05174e-41 -3.79619e-43 -5.66059e-42   6.1312e-44  5.05788e-43 -6.59121e-45 -2.21151e-44  3.73449e-46   1.1154e-46
-2.79955e-35  1.79549e-50  -5.2832e-35  1.86408e-50  2.56261e-34  -1.2314e-49 -1.22712e-34  1.46504e-48   1.2347e-35 -6.31651e-48  -7.5936e-35  8.18376e-48  1.00007e-34  1.99217e-46 -8.23458e-35 -3.75227e-46  2.96862e-35 -7.21969e-46 -9.96407e-36  7.13853e-45  1.08102e-35 -3.36512e-44 -2.74219e-36  3.02888e-44  1.30973e-36  -8.2498e-44 -1.07282e-36  9.17938e-45  1.00091e-36 -5.69786e-43 -3.82827e-36 -5.78927e-43  1.90525e-36  -1.1765e-42 -3.55277e-38 -3.80798e-42 -1.10887e-37 -4.24391e-42  4.51018e-38 -8.94047e-43 -4.78236e-38  -1.3533e-41  1.18526e-38 -1.73167e-42 -3.42272e-38 -2.41353e-41   1.1486e-38 -8.11178e-42  7.87649e-39  -1.4845e-41  5.38109e-39 -7.67033e-42  1.77058e-40 -4.05966e-42 -3.60767e-40 -1.49685e-41 -1.13208e-40 -1.13076e-42 -7.35742e-39 -5.65434e-42  2.75546e-38  2.10526e-42 -8.39113e-38 -6.62431e-43   2.3282e-37  2.35186e-42 -5.93457e-37 -1.77404e-42  1.38961e-36  4.29719e-42 -2.97998e-36 -9.74878e-42  5.82907e-36  2.17415e-41 -1.03494e-35 -4.63241e-41  1.65767e-35  9.30761e-41 -2.37694e-35 -1.75529e-40  3.02098e-35  3.10554e-40 -3.35781e-35 -5.14797e-40   3.2015e-35  7.98481e-40 -2.53924e-35 -1.15692e-39  1.58121e-35  1.56273e-39 -6.64399e-36 -1.96319e-39  5.82874e-37  2.28703e-39  1.77902e-36 -2.46199e-39 -1.72757e-36  2.43883e-39  9.77235e-37 -2.21197e-39 -4.69692e-37  1.82594e-39  2.83211e-37 -1.36215e-39 -2.04584e-37  9.10623e-40  1.28222e-37 -5.40073e-40 -6.29072e-38  2.80732e-40  2.50216e-38 -1.26005e-40  -8.5376e-39  4.79312e-41  2.49328e-39 -1.50816e-41 -5.81725e-40  3.79799e-42  1.00497e-40 -7.29682e-43 -1.20613e-41  9.90173e-44  8.95175e-43 -8.18239e-45  -2.9076e-44  2.65221e-46
-1.58112e-50 -5.64592e-35  6.25858e-50 -7.94437e-35  -1.2314e-49  3.15845e-34 -1.18892e-48 -1.92143e-34  8.38795e-48  1.12276e-34  -3.5677e-47 -1.46969e-34   4.6591e-47  1.40708e-34  8.99632e-46 -1.12948e-34  -1.7056e-45  4.60018e-35 -2.38806e-45 -1.61381e-35   2.7757e-44  1.98183e-35 -1.46192e-43 -6.58247e-36  9.14804e-44  1.40331e-36 -4.20324e-43 -1.29429e-37  1.51047e-43  1.22815e-36   -2.133e-42 -5.59023e-36 -2.83593e-42  2.75043e-36 -5.04117e-42  4.90921e-38  -1.2642e-41 -2.19818e-37 -1.51991e-41  5.63694e-38 -3.05575e-42  -1.2621e-37 -4.58921e-41  7.64924e-38 -6.25888e-42 -8.79992e-38  -7.6911e-41  3.30522e-38 -2.19348e-41  7.37822e-39 -4.21031e-41   7.7674e-39 -2.14683e-41  3.59336e-39 -1.24441e-41 -1.08085e-38  -3.7739e-41  3.62341e-38  -4.0716e-42 -1.34132e-37 -1.46356e-41  4.23645e-37  5.39801e-42 -1.22118e-36 -2.62869e-42   3.2425e-36  6.95647e-42 -7.91963e-36 -8.93226e-42  1.77452e-35  2.09866e-41 -3.63427e-35 -4.74508e-41  6.77278e-35  1.02818e-40 -1.14218e-34 -2.11029e-40   1.7312e-34  4.07818e-40 -2.33778e-34 -7.40329e-40  2.78042e-34  1.26183e-39 -2.86643e-34 -2.01734e-39  2.50117e-34   3.0218e-39 -1.77413e-34 -4.23466e-39   9.3947e-35  5.54118e-39 -2.77414e-35 -6.75364e-39 -6.76571e-36  7.64281e-39  1.41173e-35 -7.99892e-39 -9.07679e-36  7.70485e-39  3.62756e-36 -6.79054e-39 -1.42947e-36   5.4377e-39  1.04558e-36 -3.92379e-39 -8.32942e-37  2.52663e-39  4.83914e-37 -1.43517e-39  -2.0894e-37  7.09198e-40  7.49707e-38 -2.99739e-40  -2.4046e-38  1.06047e-40  6.53476e-39 -3.05311e-41 -1.35421e-39   6.8757e-42  2.01027e-40 -1.14081e-42 -2.03637e-41  1.25712e-43  1.19198e-42 -7.28681e-45 -2.27105e-44
 1.18599e-35 -4.49695e-50 -7.01699e-35  2.62348e-49 -1.22712e-34 -1.18892e-48  3.83112e-34 -8.13388e-48 -2.91682e-34  4.35212e-47  2.32339e-34 -1.77883e-46 -2.25594e-34  2.20097e-46  1.81472e-34  3.68351e-45 -1.41376e-34 -7.08764e-45  5.88863e-35 -7.43134e-45  -1.9627e-35  9.80244e-44  2.93856e-35 -5.73423e-43 -9.50767e-36  2.09289e-43 -1.04223e-37 -1.81683e-42  1.69177e-36  1.02682e-42     1.58e-36  -7.1112e-42 -7.72619e-36 -1.12424e-41  3.70457e-36 -1.93141e-41   2.1799e-37 -3.64688e-41 -3.64004e-37 -4.81018e-41  5.66377e-38  -7.1371e-42 -2.73021e-37 -1.37966e-40  2.15063e-37 -1.98498e-41 -1.81411e-37 -2.15906e-40  6.79607e-38 -5.19291e-41  7.50083e-39 -1.04145e-40 -9.75934e-40 -5.27484e-41  4.81222e-38 -3.25442e-41 -1.69658e-37 -8.42048e-41   5.8433e-37 -1.08021e-41 -1.90663e-36 -3.35726e-41  5.71326e-36  1.27729e-41 -1.57893e-35 -9.30483e-42  4.01989e-35  2.13643e-41 -9.40327e-35 -3.67585e-41  2.01425e-34  8.35754e-41 -3.93499e-34 -1.82482e-40  6.97588e-34  3.78032e-40 -1.11533e-33  -7.3933e-40  1.59585e-33  1.36145e-39 -2.02306e-33 -2.35878e-39  2.24172e-33  3.84616e-39 -2.12966e-33 -5.90243e-39  1.68251e-33  8.52316e-39 -1.04488e-33 -1.15719e-38  4.42908e-34  1.47487e-38 -5.28469e-35 -1.75997e-38 -9.23088e-35  1.95871e-38  8.34148e-35 -2.02245e-38 -3.54325e-35  1.92478e-38  8.09941e-36 -1.67527e-38 -3.00694e-36   1.3215e-38  3.87586e-36 -9.35136e-39 -3.14837e-36  5.86729e-39  1.56919e-36 -3.22049e-39 -5.78873e-37  1.52209e-39  1.91982e-37 -6.07555e-40 -5.93244e-38   1.9982e-40  1.47031e-38 -5.23819e-41 -2.61501e-39  1.04318e-41   3.2834e-40 -1.46107e-42 -2.76042e-41   1.2408e-43  1.15181e-42 -4.11594e-45
-2.22622e-50  1.07906e-35 -1.64742e-49 -5.00217e-35  1.46504e-48 -1.92143e-34 -8.13388e-48  4.75012e-34 -4.97284e-47 -4.11974e-34  2.02962e-46  3.44863e-34 -7.87631e-46 -2.89071e-34  8.60116e-46  2.06103e-34  1.39234e-44 -1.60079e-34 -2.71629e-44   6.5906e-35 -2.47459e-44 -2.05381e-35   3.2931e-43  3.87311e-35 -2.05593e-42 -1.07952e-35  2.70717e-43 -3.52096e-36 -6.90565e-42  4.25499e-36  5.20387e-42  2.18564e-36 -2.13559e-41 -1.02458e-35 -3.79447e-41  4.71851e-36 -6.64832e-41  4.95023e-37 -9.23062e-41 -5.35294e-37 -1.36295e-40  4.18496e-38 -8.92164e-42  -5.2203e-37 -3.72491e-40  4.66283e-37 -5.66597e-41 -3.23272e-37 -5.41788e-40  1.10906e-37 -1.09333e-40  4.29471e-38  -2.2755e-40 -1.56956e-37 -1.15893e-40   6.4833e-37 -7.42346e-41 -2.31828e-36 -1.68748e-40  7.76722e-36 -2.32158e-41 -2.41771e-35 -6.96427e-41  6.95182e-35  2.84109e-41 -1.84368e-34 -2.82108e-41  4.49894e-34  5.94171e-41 -1.00702e-33 -1.11491e-40  2.05994e-33  2.35925e-40 -3.83342e-33  -4.7498e-40  6.45384e-33  8.99203e-40 -9.76194e-33 -1.59799e-39  1.31493e-32   2.6671e-39 -1.55904e-32 -4.19451e-39  1.60098e-32  6.25391e-39 -1.38996e-32 -8.90799e-39  9.79527e-33  1.22173e-38 -5.14523e-33 -1.62184e-38  1.51386e-33  2.08325e-38  3.26285e-34 -2.57072e-38 -6.72467e-34  3.00914e-38  3.71925e-34 -3.29041e-38 -8.60025e-35   3.3096e-38  -3.6942e-36 -3.01865e-38 -5.27784e-36  2.46416e-38  1.55859e-35  -1.7779e-38 -1.07597e-35  1.11933e-38  4.23941e-36 -6.06299e-39 -1.33447e-36  2.77877e-39  4.38006e-37  -1.0554e-39 -1.31334e-37  3.23173e-40  2.82375e-38  -7.6754e-41 -4.16742e-39  1.33257e-41  4.44264e-40 -1.52518e-42 -2.98535e-41  9.11539e-44  7.00235e-43
 1.99703e-35 -4.74104e-50 -3.86966e-37 -9.96591e-49   1.2347e-35  8.38795e-48 -2.91682e-34 -4.97284e-47  5.92524e-34   -2.773e-46 -5.27861e-34  8.64541e-46  4.20018e-34 -3.09921e-45 -3.17859e-34  2.67079e-45  2.02849e-34  4.90784e-44 -1.65591e-34 -9.62315e-44  6.79609e-35 -9.68352e-44 -2.05831e-35  1.10143e-42  4.75835e-35 -6.80286e-42 -1.02911e-35 -4.36132e-43 -8.85126e-36 -2.35951e-41   7.3288e-36  2.20532e-41   3.1235e-36 -5.82941e-41 -1.30395e-35 -1.11925e-40  5.66098e-36 -2.07049e-40  9.14871e-37 -2.05292e-40 -7.18841e-37 -3.49025e-40  1.52583e-38  1.34538e-41 -9.12206e-37 -9.11109e-40  8.65578e-37 -1.48672e-40 -4.97495e-37 -1.22784e-39  6.11737e-38 -2.07811e-40  5.56485e-37 -4.42204e-40 -2.21473e-36 -2.31043e-40  8.32047e-36 -1.49975e-40 -2.89529e-35 -3.06927e-40  9.35275e-35 -4.21415e-41 -2.79667e-34 -1.31362e-40  7.72191e-34  5.51651e-41 -1.96429e-33 -5.85821e-41  4.59053e-33  9.83508e-41 -9.82248e-33  -1.3899e-40  1.91639e-32  1.75825e-40 -3.39205e-32 -9.51835e-41  5.41311e-32 -3.56683e-40 -7.72727e-32  1.66213e-39  9.76742e-32 -4.56863e-39  -1.0783e-31  9.96564e-39  1.01939e-31 -1.84983e-38 -7.99905e-32  2.99342e-38   4.9174e-32 -4.25241e-38 -2.04706e-32  5.28596e-38  2.23369e-33 -5.67203e-38  4.22484e-33  5.09259e-38 -3.50283e-33 -3.53776e-38  1.16809e-33  1.39087e-38  2.18894e-35  7.02384e-39   -1.213e-34 -2.13636e-38 -2.83118e-35  2.63472e-38  6.31134e-35 -2.33598e-38 -3.12175e-35  1.63597e-38   9.0276e-36 -9.27783e-39 -2.62603e-36  4.26452e-39   9.4455e-37 -1.56826e-39 -2.60066e-37  4.49664e-40  4.50411e-38 -9.62837e-41 -5.48659e-39   1.4299e-41  5.08366e-40 -1.27212e-42 -2.43849e-41  4.36998e-44
 7.82322e-50  3.85807e-35  4.75457e-50 -2.68242e-35 -6.31651e-48  1.12276e-34  4.35212e-47 -4.11974e-34   -2.773e-46  7.14258e-34 -1.40922e-45 -6.06996e-34  3.41418e-45  4.37824e-34 -1.07587e-44 -3.05325e-34  5.69309e-45  1.69992e-34   1.6184e-43 -1.59745e-34 -3.14791e-43  6.85902e-35 -4.23344e-43  -2.2454e-35  3.76654e-42  5.60931e-35 -2.09442e-41 -8.26229e-36 -4.50173e-42 -1.58992e-35 -7.35885e-41  1.05974e-35  8.17962e-41  4.38188e-36 -1.45777e-40 -1.58023e-35 -2.92695e-40  6.28882e-36 -5.87729e-40  1.53088e-36 -3.97604e-40 -8.96004e-37 -8.13288e-40 -5.76474e-39  1.27898e-40 -1.47527e-36 -2.03092e-39  1.38212e-36 -3.64685e-40 -4.06885e-37 -2.53108e-39 -1.40687e-36 -3.63157e-40  7.06873e-36 -7.65295e-40 -2.74668e-35 -4.23173e-40  9.93547e-35 -2.71528e-40  -3.3342e-34 -5.09835e-40  1.03632e-33 -6.83829e-41 -2.97749e-33 -2.16685e-40  7.89066e-33  5.74145e-41 -1.92384e-32  2.44592e-41  4.30196e-32 -2.57755e-40 -8.78963e-32  9.96684e-40  1.63339e-31 -2.97972e-39 -2.74523e-31  7.80881e-39  4.14367e-31 -1.84061e-38 -5.56692e-31  3.94077e-38  6.57831e-31 -7.69814e-38 -6.72545e-31  1.37412e-37  5.80333e-31  -2.2403e-37 -4.05223e-31  3.32967e-37  2.09438e-31 -4.49673e-37  -5.8866e-32   5.4924e-37 -1.52806e-32 -6.02854e-37  2.72225e-32  5.89421e-37 -1.35108e-32 -5.06965e-37   1.6854e-33  3.76367e-37  1.43643e-33 -2.33417e-37 -5.20392e-34   1.1284e-37 -2.35098e-34 -3.39321e-38  2.23688e-34 -3.65759e-39  -6.9597e-35  1.32647e-38  1.37886e-35  -1.0379e-38 -4.96805e-36   5.3009e-39  1.99073e-36 -1.97013e-39 -4.39888e-37  5.36759e-40  5.73156e-38 -1.03179e-40 -6.18974e-39  1.27576e-41  4.92556e-40 -8.08176e-43 -1.25909e-41
-1.38586e-35  8.41359e-49  5.32584e-35  1.10948e-48  -7.5936e-35  -3.5677e-47  2.32339e-34  2.02962e-46 -5.27861e-34 -1.40922e-45  8.07804e-34 -6.51959e-45 -6.25429e-34  1.26093e-44  3.96543e-34 -3.23028e-44 -2.59237e-34   1.3507e-45  1.14964e-34  4.97936e-43 -1.47485e-34 -9.47617e-43  7.20779e-35 -1.85115e-42 -2.89422e-35  1.30982e-41  6.45829e-35 -6.04395e-41 -5.19326e-36 -1.90397e-41 -2.42981e-35  -2.1194e-40  1.35936e-35  2.71876e-40  5.86403e-36 -3.36557e-40 -1.80517e-35 -6.83237e-40  6.28421e-36 -1.53124e-39  2.40471e-36 -6.51665e-40 -1.04369e-36  -1.7326e-39 -7.74858e-39  4.96248e-40  -2.0925e-36  -4.1404e-39  1.22104e-36 -8.46304e-40  3.69486e-36 -4.76785e-39 -2.04192e-35 -5.98659e-40  8.42028e-35 -1.17211e-39 -3.16186e-34 -7.20188e-40  1.10209e-33 -4.44955e-40 -3.55979e-33 -7.74653e-40  1.06377e-32 -1.11884e-40 -2.93525e-32 -2.70778e-40  7.46097e-32 -1.77057e-40 -1.74207e-31  9.00191e-40  3.72362e-31 -3.01899e-39  -7.2557e-31    8.743e-39  1.28231e-30 -2.28656e-38 -2.04251e-30  5.47842e-38  2.90893e-30 -1.20725e-37 -3.66607e-30  2.44952e-37   4.0316e-30 -4.57509e-37 -3.79116e-30  7.85631e-37  2.95185e-30  -1.2378e-36 -1.79137e-30  1.78431e-36  7.24686e-31 -2.34484e-36 -6.01414e-32  2.79657e-36  -1.6297e-31 -3.01015e-36  1.24812e-31  2.90394e-36 -3.50775e-32 -2.48887e-36 -7.07237e-33  1.87331e-36  7.98248e-33 -1.21863e-36 -7.56909e-34  6.68872e-37 -1.33138e-33 -2.97147e-37   6.1398e-34  9.74674e-38 -9.37969e-35 -1.65676e-38  1.32472e-35 -4.35972e-39 -1.10114e-35  4.74453e-39  3.88554e-36 -2.03023e-39 -5.78067e-37  5.44825e-40  5.72755e-38 -9.37678e-41 -6.51406e-39  9.25257e-42  3.71535e-40 -3.42352e-43
-1.64359e-49 -2.56097e-35  6.42816e-48  7.07867e-35  8.18376e-48 -1.46969e-34 -1.77883e-46  3.44863e-34  8.64541e-46 -6.06996e-34 -6.51959e-45  8.49041e-34 -2.74775e-44 -5.79331e-34  4.36225e-44  3.11611e-34 -7.98123e-44 -1.95189e-34  -6.2583e-44  4.91552e-35  1.41785e-42 -1.33742e-34 -2.60978e-42  8.16455e-35 -7.58953e-42 -4.19872e-35  4.50874e-41  7.32399e-35  -1.6461e-40 -1.67944e-36 -5.92559e-41 -3.34583e-35 -5.68951e-40  1.56307e-35  8.21414e-40  7.45553e-36 -7.23385e-40 -1.92805e-35 -1.42384e-39  5.37757e-36 -3.68407e-39  3.55577e-36 -8.29765e-40  -1.0707e-36 -3.38398e-39  -3.1942e-37  1.43308e-39 -7.50555e-37 -7.73092e-39 -9.48159e-36 -1.87097e-39  5.58685e-35 -8.22513e-39 -2.40031e-34 -9.64461e-40  9.38183e-34 -1.55593e-39 -3.39537e-33 -1.15409e-39  1.13936e-32 -6.56345e-40 -3.53978e-32 -1.10366e-39  1.01644e-31 -1.21897e-40 -2.69184e-31 -3.47638e-40  6.55783e-31 -7.11301e-40 -1.46504e-30  3.31704e-39  2.98994e-30 -1.15863e-38  -5.5487e-30  3.47172e-38  9.31022e-30 -9.30912e-38 -1.40241e-29  2.26467e-37  1.87922e-29 -5.02876e-37 -2.21317e-29  1.02198e-36  2.25244e-29 -1.90243e-36 -1.93108e-29  3.24229e-36  1.33475e-29 -5.05166e-36 -6.76557e-30  7.17854e-36  1.77981e-30 -9.27416e-36  6.04051e-31  1.08488e-35 -9.19037e-31 -1.14332e-35  4.21178e-31  1.07873e-35 -2.54212e-32 -9.04207e-36  -6.5578e-32  6.66811e-36  2.51686e-32 -4.27218e-36  3.96592e-33   2.3378e-36 -5.12111e-33 -1.06587e-36  1.08463e-33  3.88756e-37  2.81312e-35 -1.04432e-37  1.69685e-35  1.58246e-38 -2.77795e-35  1.36695e-39  6.10687e-36 -1.58288e-39 -4.93239e-37  4.61807e-40  5.24172e-38 -7.12322e-41 -6.52145e-39  5.19351e-42  1.68142e-40
-1.51759e-36 -1.73569e-48 -3.86342e-35  3.89064e-47  1.00007e-34   4.6591e-47 -2.25594e-34 -7.87631e-46  4.20018e-34  3.41418e-45 -6.25429e-34 -2.74775e-44  8.35098e-34 -1.05753e-43 -4.85691e-34    1.406e-43  2.06684e-34 -1.37488e-43 -1.27505e-34 -4.01211e-43 -1.72483e-35  3.68165e-42 -1.21649e-34 -6.50838e-42  9.84766e-35 -2.86063e-41 -6.18478e-35  1.49411e-40  8.18691e-35  -4.2588e-40  1.56502e-36 -1.47998e-40 -4.25234e-35 -1.43451e-39  1.58103e-35  2.27733e-39  9.16181e-36 -1.46181e-39 -1.92214e-35 -2.62653e-39  3.54766e-36 -8.22843e-39  4.76046e-36 -5.39862e-40 -3.35807e-38 -6.06307e-39 -5.73744e-36  3.44162e-39  2.68498e-35 -1.32054e-38 -1.43547e-34 -3.95039e-39  6.42176e-34 -1.29862e-38 -2.60535e-33 -1.58134e-39  9.79147e-33 -1.67595e-39 -3.41236e-32 -1.81012e-39  1.10179e-31 -7.07305e-40 -3.29084e-31 -2.00169e-39  9.07493e-31  1.44854e-39 -2.30508e-30 -4.41409e-39  5.37767e-30  7.83595e-39 -1.14831e-29 -1.27524e-38  2.23486e-29  1.18701e-38 -3.94393e-29  1.80733e-38  6.27072e-29 -1.38602e-37 -8.91048e-29  4.82074e-37  1.11971e-28 -1.28797e-36  -1.2266e-28   2.9169e-36  1.14725e-28  -5.7998e-36 -8.86065e-29  1.02816e-35  5.30232e-29 -1.63649e-35 -2.07377e-29  2.34482e-35  1.01794e-30 -3.02432e-35  5.23013e-30  3.50431e-35 -3.73429e-30 -3.63471e-35  9.19818e-31  3.35735e-35  3.12631e-31 -2.74304e-35 -2.81158e-31  1.96507e-35  3.62485e-32 -1.22052e-35  3.25158e-32  6.47613e-36 -1.31764e-32 -2.87682e-36  2.19983e-34  1.03866e-36   4.6551e-34 -2.90204e-37  1.03823e-34  5.66757e-38 -6.10954e-35 -5.39261e-39  5.95494e-36 -6.61825e-40 -1.53689e-37  3.15335e-40  6.43341e-38 -4.40256e-41 -5.08427e-39  1.97392e-42
 -7.5826e-49 -1.02141e-36 -1.26096e-47 -5.67303e-35  1.99217e-46  1.40708e-34  2.20097e-46 -2.89071e-34 -3.09921e-45  4.37824e-34  1.26093e-44 -5.79331e-34 -1.05753e-43  7.84132e-34 -3.73051e-43  -3.7346e-34  4.16629e-43  1.03399e-34 -1.76638e-45 -6.35901e-35 -1.73333e-42 -7.76522e-35  8.48456e-42 -1.12531e-34 -1.44122e-41  1.21601e-34 -9.91015e-41 -8.66474e-35  4.68026e-40  8.98205e-35 -1.05284e-39  3.66845e-36 -2.93542e-40 -5.04161e-35 -3.41793e-39  1.31025e-35  5.83361e-39  1.13066e-35  -2.8105e-39 -1.81724e-35 -4.18274e-39  1.46792e-36 -1.71376e-38  3.83483e-36   1.0357e-39  1.30404e-35 -9.94232e-39 -7.26444e-35  7.16035e-39  3.52246e-34 -2.05341e-38  -1.6146e-33 -7.96359e-39  6.79985e-33   -1.867e-38 -2.65223e-32 -2.74063e-39  9.59753e-32  -9.9087e-40 -3.21947e-31 -3.33743e-39  9.99791e-31  1.41964e-39 -2.86936e-30 -9.40819e-39  7.59422e-30  2.14528e-38 -1.84872e-29 -5.63183e-38  4.12646e-29  1.31211e-37 -8.41262e-29 -2.82572e-37   1.5592e-28  5.47927e-37 -2.61206e-28 -9.36528e-37  3.92682e-28  1.34655e-36 -5.24869e-28 -1.42761e-36  6.16108e-28   4.1639e-37 -6.24224e-28  2.94793e-36  5.31679e-28 -1.02529e-35 -3.63639e-28  2.28307e-35  1.80474e-28 -4.08095e-35 -4.37973e-29  6.21983e-35 -1.95889e-29 -8.26973e-35  2.60097e-29  9.67903e-35 -1.11454e-29 -9.99619e-35  1.47566e-31  9.09466e-35  2.06632e-30 -7.25578e-35 -7.53026e-31  5.03922e-35 -9.52376e-32 -3.01595e-35  1.24588e-31  1.53445e-35 -1.74699e-32 -6.51555e-36 -5.72989e-33  2.24985e-36  8.23561e-34 -6.07371e-37  4.54385e-34  1.19661e-37 -9.09655e-35 -1.46662e-38 -2.17399e-37  4.55389e-40 -2.98692e-39  1.59796e-40  8.83954e-38 -2.09508e-41 -1.98831e-39
 4.13547e-36 -6.78668e-48  3.77533e-36 -7.39973e-47 -8.23458e-35  8.99632e-46  1.81472e-34  8.60116e-46 -3.17859e-34 -1.07587e-44  3.96543e-34  4.36225e-44 -4.85691e-34 -3.73051e-43  7.24983e-34 -1.21174e-42 -2.71819e-34  1.10659e-42  1.54968e-35  1.30719e-42 -3.85016e-36 -6.13975e-42 -1.28766e-34  1.63395e-41 -1.06786e-34 -2.71482e-41  1.48299e-34 -3.17298e-40 -1.12516e-34   1.3738e-39  9.61579e-35   -2.499e-39  3.61092e-36 -3.99788e-40 -5.59529e-35  -7.7319e-39  6.40808e-36    1.388e-38  1.48137e-35 -5.21274e-39 -1.77261e-35 -5.35809e-39  3.93144e-36 -3.34105e-38 -2.26257e-35  5.28407e-39  1.61813e-34 -1.48179e-38 -8.17483e-34  1.31321e-38  3.83284e-33 -2.87328e-38 -1.67234e-32 -1.53152e-38  6.76894e-32 -2.40667e-38 -2.54265e-31 -5.30942e-39  8.85858e-31  2.54178e-39 -2.85917e-30   -1.102e-38  8.53586e-30  2.22279e-38 -2.35259e-29 -7.15949e-38  5.97183e-29   1.9214e-37 -1.39213e-28 -4.92685e-37  2.96988e-28  1.16563e-36 -5.77353e-28 -2.55179e-36  1.01747e-27  5.13354e-36 -1.61496e-27 -9.42681e-36  2.28983e-27  1.56359e-35 -2.86935e-27 -2.30269e-35   3.1314e-27  2.91492e-35 -2.91325e-27 -2.93687e-35  2.23169e-27   1.7449e-35 -1.31616e-27    1.223e-35  4.95961e-28 -6.11067e-35 -4.89542e-30  1.23193e-34 -1.41161e-28 -1.84702e-34  9.46175e-29  2.28211e-34 -2.06317e-29  -2.4022e-34 -9.68864e-30  2.17941e-34  7.58681e-30 -1.70753e-34 -9.07187e-31  1.15099e-34 -8.19904e-31  -6.6208e-35  2.89256e-31  3.21006e-35  2.18897e-32 -1.28914e-35 -1.95586e-32  4.18411e-36  -1.0984e-33 -1.05855e-36  1.14087e-33  1.96849e-37 -4.82737e-35 -2.39948e-38 -1.00994e-35  1.36011e-39 -6.02496e-37  4.53669e-41  7.78215e-38 -6.64964e-42
 4.27087e-48  5.45932e-36 -4.07738e-47  1.43642e-35 -3.75227e-46 -1.12948e-34  3.68351e-45  2.06103e-34  2.67079e-45 -3.05325e-34 -3.23028e-44  3.11611e-34    1.406e-43  -3.7346e-34 -1.21174e-42  6.84425e-34 -3.64363e-42 -2.01617e-34  2.49612e-42 -5.16154e-35  7.35253e-42  5.47026e-35  -1.9061e-41  -1.6926e-34  2.15188e-41 -1.04571e-34 -3.84385e-41  1.74728e-34  -9.4467e-40 -1.34393e-34  3.76849e-39  1.00065e-34  -5.7137e-39  2.70609e-37 -1.39065e-41 -5.78902e-35 -1.66596e-38 -5.61093e-36  3.08059e-38   2.2337e-35 -9.46167e-39 -2.71823e-35 -4.10049e-39  5.80067e-35 -6.11739e-38 -3.30769e-34  1.41607e-38  1.76945e-33 -1.97556e-38 -8.60005e-33    2.132e-38  3.88629e-32 -3.52256e-38  -1.6318e-31 -2.81891e-38  6.36171e-31 -2.62683e-38 -2.30136e-30 -1.32467e-38  7.71726e-30  2.09378e-38  -2.3956e-29 -6.22616e-38  6.87198e-29  1.75375e-37 -1.81775e-28 -5.11511e-37   4.4221e-28  1.37027e-36 -9.86237e-28 -3.43107e-36  2.00867e-27   7.9806e-36  -3.7184e-27 -1.72179e-35  6.22001e-27  3.43317e-35  -9.3333e-27 -6.30045e-35  1.24451e-26  1.05811e-34 -1.45619e-26 -1.61322e-34  1.46889e-26  2.20612e-34 -1.24303e-26  -2.6525e-34  8.41128e-27  2.69772e-34 -4.08302e-27 -2.10603e-34  9.01083e-28  7.95711e-35  5.28646e-28  1.04881e-34 -6.26416e-28 -2.97837e-34   2.5209e-28  4.43719e-34  7.38099e-30 -5.01525e-34 -5.26248e-29  4.64529e-34  1.77607e-29 -3.61226e-34  2.62233e-30  2.37178e-34 -2.88719e-30 -1.31015e-34  2.78393e-31  6.02675e-35  1.85821e-31 -2.27106e-35 -2.77631e-32  6.84397e-36 -9.19418e-33 -1.59179e-36  1.54517e-33  2.70091e-37  1.29055e-34 -3.01746e-38 -1.05319e-35  1.73426e-39 -1.50686e-36 -8.23471e-42  2.43729e-38
-1.75225e-36  4.34943e-47  3.12604e-36 -1.89213e-46  2.96862e-35  -1.7056e-45 -1.41376e-34  1.39234e-44  2.02849e-34  5.69309e-45 -2.59237e-34 -7.98123e-44  2.06684e-34  4.16629e-43 -2.71819e-34 -3.64363e-42  6.78502e-34 -1.02034e-41 -1.72249e-34  4.06258e-42  -9.8128e-35  2.91515e-41    1.144e-34 -5.38575e-41 -1.98715e-34  -6.7354e-42  -1.0591e-34 -1.73927e-41  1.96641e-34 -2.62866e-39 -1.47371e-34  9.66479e-39  1.01423e-34 -1.26007e-38 -7.61528e-36  2.24952e-39 -5.45706e-35 -3.42508e-38  -2.6418e-35  6.40086e-38  4.98644e-35 -1.70053e-38 -1.35298e-34  3.94472e-39  6.66019e-34 -1.05515e-37 -3.61076e-33  2.99005e-38  1.82454e-32 -2.26963e-38 -8.55093e-32  3.03354e-38  3.72415e-31 -3.50879e-38 -1.50659e-30 -5.06644e-38  5.65771e-30 -1.62203e-38 -1.97055e-29 -4.94095e-38   6.3579e-29  1.28642e-37 -1.89732e-28 -3.89808e-37  5.22668e-28  1.14556e-36 -1.32597e-27 -3.21221e-36  3.08886e-27  8.39096e-36 -6.58397e-27 -2.04469e-35  1.27861e-26  4.63743e-35 -2.25039e-26 -9.77037e-35  3.56614e-26  1.90693e-34 -5.04597e-26 -3.43641e-34  6.30598e-26  5.69336e-34 -6.85675e-26 -8.62396e-34  6.34576e-26   1.1853e-33 -4.82169e-26 -1.46213e-33  2.80159e-26  1.59124e-33 -1.01413e-26 -1.48167e-33 -3.47108e-28   1.1028e-33  3.25731e-27 -5.19572e-34 -2.05987e-27 -1.16128e-34  3.95155e-28  6.25444e-34  2.43836e-28 -8.84557e-34 -1.70771e-28  8.78178e-34  1.68279e-29 -6.90473e-34  1.90912e-29  4.44441e-34 -5.93236e-30  -2.3579e-34 -8.10639e-31  1.02505e-34   4.9393e-31 -3.59802e-35  2.11828e-32  9.95701e-36 -2.31179e-32 -2.09505e-36   1.3447e-34    3.163e-37  3.36271e-34 -3.08512e-38  8.42189e-36  1.53087e-39 -1.39923e-36 -1.47556e-41
-1.76866e-47 -2.52541e-36  2.98481e-46 -2.69282e-36 -7.21969e-46  4.60018e-35 -7.08764e-45 -1.60079e-34  4.90784e-44  1.69992e-34   1.3507e-45 -1.95189e-34 -1.37488e-43  1.03399e-34  1.10659e-42 -2.01617e-34 -1.02034e-41  7.10516e-34 -2.67867e-41 -1.82944e-34  4.51809e-43 -1.26701e-34  9.70058e-41  1.74538e-34 -1.42621e-40 -2.17176e-34 -1.76319e-40 -1.10438e-34  1.31175e-40  2.10289e-34 -6.86218e-39 -1.48274e-34  2.32152e-38  1.01458e-34 -2.67867e-38 -2.19974e-35  9.82338e-39  -4.0735e-35  -6.7223e-38  -8.1784e-35  1.24896e-37  2.55062e-34 -3.04334e-38 -1.27587e-33  2.65858e-38  7.01805e-33 -1.71943e-37  -3.6695e-32   5.4336e-38  1.78441e-31 -2.00907e-38 -8.06174e-31  3.62186e-38  3.38377e-30 -1.91466e-38 -1.31886e-29 -9.56767e-38  4.76979e-29  4.74632e-38   -1.599e-28 -2.46179e-37  4.96186e-28  7.52994e-37 -1.42275e-27 -2.29248e-36  3.76151e-27  6.62845e-36 -9.14522e-27 -1.80045e-35  2.03811e-26  4.56743e-35 -4.14729e-26 -1.08111e-34  7.66886e-26  2.38369e-34 -1.28105e-25 -4.88601e-34  1.91887e-25  9.28783e-34  -2.5528e-25 -1.63243e-33  2.97789e-25  2.64307e-33 -2.99105e-25 -3.92395e-33  2.51502e-25  5.30986e-33 -1.68369e-25 -6.49694e-33  7.98689e-26  7.10682e-33 -1.57594e-26 -6.82966e-33 -1.21168e-26  5.59264e-33  1.30424e-26 -3.65322e-33 -4.93381e-27  1.53211e-33  -3.5752e-28  2.06592e-34   1.1397e-27 -1.20776e-33 -3.53142e-28  1.45327e-33 -6.61985e-29 -1.19476e-33  6.01645e-29  7.61488e-34 -3.95377e-30 -3.88295e-34  -4.4058e-30  1.58848e-34  5.88343e-31 -5.15231e-35  1.95859e-31  1.29419e-35 -2.71865e-32 -2.42373e-36 -3.86558e-33  3.17821e-37  2.71644e-34  -2.5901e-38  3.01208e-35  9.78506e-40 -3.20672e-37
 1.70339e-36 -1.73779e-46  -1.0546e-36  1.59908e-45 -9.96407e-36 -2.38806e-45  5.88863e-35 -2.71629e-44 -1.65591e-34   1.6184e-43  1.14964e-34  -6.2583e-44 -1.27505e-34 -1.76638e-45  1.54968e-35  2.49612e-42 -1.72249e-34 -2.67867e-41  7.74493e-34 -6.64075e-41 -2.26209e-34 -3.27921e-41 -1.40236e-34  2.86833e-40  2.30906e-34 -3.63291e-40 -2.24865e-34 -7.97434e-40 -1.17362e-34  6.39761e-40  2.13566e-34 -1.68488e-38 -1.37188e-34   5.2343e-38  1.03803e-34 -5.47639e-38 -5.03511e-35  3.00359e-38  2.55307e-35 -1.25881e-37 -4.38134e-34  2.29483e-37  2.28657e-33  -5.4118e-38 -1.29651e-32  7.61001e-38  7.01503e-32  -2.6547e-37  -3.5377e-31  8.77814e-38  1.65804e-30 -6.31311e-39 -7.22006e-30  2.92374e-38  2.92026e-29   3.6149e-38 -1.09641e-28 -2.25066e-37   3.8178e-28  3.81001e-37 -1.23143e-27 -1.31793e-36   3.6735e-27  4.13487e-36 -1.01153e-26 -1.23599e-35  2.56484e-26  3.47571e-35 -5.97108e-26 -9.15394e-35  1.27177e-25  2.25303e-34 -2.46745e-25 -5.17561e-34  4.33765e-25  1.10786e-33 -6.86351e-25 -2.20541e-33  9.69288e-25  4.07329e-33 -1.20823e-24 -6.96005e-33  1.30914e-24  1.09645e-32 -1.20542e-24 -1.58575e-32  9.08552e-25  2.09434e-32 -5.19979e-25 -2.50887e-32  1.80267e-25  2.70138e-32  1.50665e-26   -2.581e-32 -6.52604e-26   2.1451e-32  3.90823e-26 -1.49695e-32 -6.48964e-27  8.10073e-33 -5.22225e-27 -2.52891e-33  3.31747e-27 -8.23756e-34 -2.44611e-28  2.03639e-33 -3.94651e-28 -1.87045e-33  1.09003e-28   1.1983e-33  2.03065e-29 -5.87801e-34 -1.00513e-29   2.2507e-34 -5.48803e-31  -6.6815e-35  4.49196e-31  1.50275e-35  7.54052e-33 -2.45874e-36  -7.4752e-33   2.7243e-37  -1.8496e-34 -1.75731e-38  2.60563e-35  4.08996e-40
 3.05065e-47   3.0468e-36 -1.20981e-45  3.49972e-36  7.13853e-45 -1.61381e-35 -7.43134e-45   6.5906e-35 -9.62315e-44 -1.59745e-34  4.97936e-43  4.91552e-35 -4.01211e-43 -6.35901e-35  1.30719e-42 -5.16154e-35  4.06258e-42 -1.82944e-34 -6.64075e-41  8.61065e-34  -1.5667e-40 -2.91579e-34 -1.82053e-40  -1.4045e-34  7.74592e-40  2.76372e-34 -9.09318e-40 -2.21521e-34 -2.64847e-39 -1.26025e-34  1.98071e-39  2.07339e-34  -3.8972e-38 -1.19227e-34  1.11014e-37  1.21418e-34 -1.07305e-37 -1.56796e-34  7.66924e-38  5.75568e-34 -2.24593e-37 -3.86599e-33  3.98004e-37  2.27496e-32 -9.48429e-38 -1.27602e-31  1.69643e-37  6.67397e-31 -3.89398e-37  -3.2447e-30  1.27196e-37  1.46579e-29   2.9397e-38 -6.15149e-29 -2.07461e-38  2.39719e-28  2.24554e-37 -8.66788e-28 -7.56835e-37  2.90505e-27  2.08212e-36 -9.01198e-27  -6.8152e-36  2.58315e-26  2.10543e-35 -6.82641e-26 -6.12508e-35   1.6588e-25   1.6713e-34  -3.6944e-25 -4.26865e-34   7.5116e-25   1.0191e-33  -1.3876e-24 -2.27114e-33  2.31498e-24  4.71683e-33 -3.46194e-24  -9.1112e-33  4.59579e-24  1.63302e-32 -5.34553e-24 -2.70811e-32   5.3471e-24  4.14128e-32  -4.4681e-24 -5.81591e-32  2.95932e-24  7.46346e-32 -1.37074e-24 -8.69729e-32  2.36555e-25  9.12952e-32  2.40125e-25 -8.53923e-32    -2.38e-25   7.0067e-32  8.45832e-26 -4.91957e-32  1.00326e-26  2.82071e-32 -2.14976e-26 -1.17339e-32  6.08948e-27  1.83585e-33  1.44683e-27  2.20099e-33 -1.11194e-27 -2.64322e-33  4.43153e-29  1.73997e-33    8.768e-29 -8.21244e-34 -1.00002e-29  2.92167e-34 -3.89306e-30 -7.84194e-35  4.48964e-31  1.55272e-35  8.48427e-32 -2.16896e-36  -4.9379e-33  1.95984e-37 -5.95154e-34 -9.17789e-39  4.04305e-36
-9.02809e-37  2.78343e-46  2.93918e-36 -6.87188e-45  1.08102e-35   2.7757e-44  -1.9627e-35 -2.47459e-44  6.79609e-35 -3.14791e-43 -1.47485e-34  1.41785e-42 -1.72483e-35 -1.73333e-42 -3.85016e-36  7.35253e-42  -9.8128e-35  4.51809e-43 -2.26209e-34  -1.5667e-40  9.62749e-34 -3.54424e-40 -3.68807e-34 -7.08739e-40  -1.2681e-34  1.94191e-39  3.01683e-34 -2.26406e-39  -2.0527e-34  -7.4785e-39 -1.37123e-34  4.94337e-39  1.97443e-34  -8.4999e-38 -1.14195e-34  2.21894e-37  2.51539e-34  -2.0069e-37 -1.00469e-33  1.72941e-37  6.04733e-33 -3.81032e-37 -3.79757e-32  6.52946e-37  2.21069e-31 -1.62053e-37 -1.19955e-30   3.2843e-37   6.0498e-30 -5.43476e-37 -2.83515e-29  1.61161e-37  1.23445e-28  1.20634e-37 -4.99221e-28 -2.37858e-37  1.87402e-27  9.87331e-37 -6.52416e-27 -3.24305e-36  2.10384e-26   1.0342e-35 -6.27417e-26 -3.30064e-35  1.72702e-25  9.92948e-35 -4.37711e-25 -2.80429e-34  1.01846e-24  7.42244e-34 -2.16775e-24 -1.83884e-33  4.20224e-24  4.25865e-33 -7.37947e-24 -9.20685e-33  1.16607e-23  1.85489e-32 -1.64381e-23 -3.47541e-32  2.04412e-23  6.04121e-32 -2.20745e-23 -9.71456e-32  2.02257e-23  1.44021e-31 -1.51238e-23 -1.96045e-31  8.52424e-24  2.43823e-31 -2.82118e-24 -2.75392e-31 -3.91995e-25  2.80332e-31  1.15009e-24 -2.54638e-31 -6.54189e-25  2.03595e-31  9.16527e-26 -1.40402e-31  9.73656e-26  8.06898e-32 -5.66509e-26 -3.59558e-32  2.68753e-27  9.81084e-33  7.21262e-27  1.15219e-33  -1.7778e-27 -3.36067e-33 -4.18318e-28  2.34526e-33  1.76314e-28 -1.06319e-33   1.2976e-29  3.47778e-34 -7.93159e-30 -8.30534e-35 -2.68677e-31  1.41615e-35  1.38103e-31  -1.6384e-36  4.23179e-33  1.14695e-37 -4.54131e-34 -3.21961e-39
 2.19222e-47 -1.27097e-36   1.7069e-45  8.29108e-37 -3.36512e-44  1.98183e-35  9.80244e-44 -2.05381e-35 -9.68352e-44  6.85902e-35 -9.47617e-43 -1.33742e-34  3.68165e-42 -7.76522e-35 -6.13975e-42  5.47026e-35  2.91515e-41 -1.26701e-34 -3.27921e-41 -2.91579e-34 -3.54424e-40  1.07689e-33  -7.7383e-40  -4.5029e-34 -2.31677e-39 -9.58412e-35  4.57064e-39  2.96186e-34 -5.61096e-39 -1.71314e-34 -1.88494e-38 -1.55284e-34  1.05174e-38  2.07628e-34 -1.74886e-37 -2.61627e-34  4.18627e-37   1.4708e-33 -3.56721e-37 -9.36997e-33  3.53267e-37  6.02319e-32 -6.13141e-37 -3.65194e-31  1.01507e-36  2.05634e-30   -2.671e-37 -1.07595e-29  5.74629e-37   5.2308e-29 -7.18538e-37 -2.36281e-28  1.48162e-37  9.91496e-28  4.12675e-37 -3.86328e-27 -1.18508e-36  1.39668e-26  4.36271e-36 -4.68008e-26 -1.47006e-35   1.4515e-25   4.7854e-35 -4.15927e-25 -1.48703e-34  1.09876e-24  4.34426e-34 -2.66877e-24 -1.19059e-33  5.94045e-24   3.0576e-33 -1.20699e-23 -7.35011e-33  2.22767e-23  1.65179e-32 -3.71228e-23 -3.46502e-32   5.5433e-23  6.77285e-32 -7.34425e-23 -1.23091e-31  8.51908e-23  2.07481e-31 -8.48817e-23 -3.23401e-31  7.04988e-23  4.64509e-31 -4.61984e-23 -6.12253e-31   2.0879e-23  7.36864e-31 -3.05715e-24 -8.04882e-31 -4.17412e-24  7.91965e-31   3.8501e-24 -6.95256e-31 -1.28375e-24  5.37644e-31 -2.16988e-25 -3.59621e-31  3.58399e-25  2.02159e-31 -9.24937e-26 -9.04768e-32 -2.74228e-26  2.79992e-32  1.82752e-26 -2.22712e-33 -2.85652e-28 -3.83767e-33 -1.52513e-27  2.95939e-33  1.44213e-28 -1.28076e-33  6.95432e-29  3.79507e-34 -6.66508e-30 -7.89204e-35 -1.57839e-30  1.12476e-35  7.40487e-32 -1.03298e-36  1.07504e-32  5.14132e-38 -4.11809e-35
 8.31546e-38 -8.53016e-48  -8.2021e-37  8.03546e-45 -2.74219e-36 -1.46192e-43  2.93856e-35   3.2931e-43 -2.05831e-35 -4.23344e-43  7.20779e-35 -2.60978e-42 -1.21649e-34  8.48456e-42 -1.28766e-34  -1.9061e-41    1.144e-34  9.70058e-41 -1.40236e-34 -1.82053e-40 -3.68807e-34  -7.7383e-40  1.20611e-33 -1.63729e-39 -5.32785e-34 -6.72408e-39 -4.12118e-35  1.01859e-38  2.48487e-34 -1.37219e-38  -1.0964e-34 -4.33674e-38  -2.0624e-34  1.92207e-38  4.20889e-34 -3.39503e-37 -1.93287e-33  7.46316e-37  1.36567e-32 -5.99886e-37  -9.1556e-32  6.62681e-37  5.75635e-31 -9.32888e-37 -3.36549e-30  1.49742e-36  1.82715e-29 -4.20294e-37 -9.21525e-29  9.22539e-37  4.31834e-28  -8.7293e-37  -1.8801e-27 -8.26025e-38  7.60255e-27  1.55921e-36 -2.85357e-26 -5.33773e-36  9.93284e-26  1.91208e-35 -3.20244e-25 -6.43712e-35  9.54826e-25  2.06097e-34 -2.62749e-24 -6.22355e-34  6.65695e-24  1.76507e-33 -1.54823e-23 -4.69579e-33  3.29346e-23  1.17076e-32 -6.37984e-23 -2.73245e-32   1.1193e-22  5.96192e-32  -1.7665e-22 -1.21416e-31   2.4862e-22  2.30353e-31 -3.08477e-22 -4.06225e-31  3.32077e-22  6.64126e-31 -3.02831e-22 -1.00346e-30  2.24688e-22  1.39613e-30 -1.24706e-22 -1.78101e-30  3.92636e-23  2.07246e-30   7.9064e-24 -2.18625e-30 -1.80197e-23  2.07497e-30   9.7599e-24 -1.75495e-30 -1.11008e-24  1.30625e-30  -1.6033e-24 -8.40952e-31  8.60849e-25  4.56148e-31 -1.74832e-26 -1.99093e-31 -1.17243e-25  6.29255e-32  2.58034e-26 -9.06768e-33  7.44929e-27 -3.96413e-33 -2.73425e-27  3.53733e-33 -2.61277e-28 -1.44189e-33  1.25798e-28  3.79045e-34  6.19975e-30 -6.66547e-35 -2.23545e-30  7.61085e-36 -8.55816e-32 -5.20399e-37  7.15642e-33   1.5236e-38
-3.63922e-47 -2.03321e-37  -1.3005e-45  2.78187e-37  3.02888e-44 -6.58247e-36 -5.73423e-43  3.87311e-35  1.10143e-42  -2.2454e-35 -1.85115e-42  8.16455e-35 -6.50838e-42 -1.12531e-34  1.63395e-41  -1.6926e-34 -5.38575e-41  1.74538e-34  2.86833e-40  -1.4045e-34 -7.08739e-40  -4.5029e-34 -1.63729e-39  1.35714e-33 -3.35884e-39 -6.18484e-34 -1.77689e-38  4.53399e-35   2.1638e-38  1.45491e-34 -3.27114e-38  1.48591e-35 -9.21967e-38  -5.1926e-34  2.92647e-38  2.66635e-33 -6.21799e-37   -1.888e-32  1.25823e-36  1.32726e-31  -9.4977e-37 -8.67245e-31  1.15072e-36  5.26308e-30 -1.33652e-36 -2.96534e-29  2.09737e-36  1.55166e-28 -6.22409e-37 -7.54326e-28   1.3501e-36   3.4072e-27 -8.30055e-37 -1.42966e-26 -1.24743e-36  5.57006e-26  6.31733e-36 -2.01351e-25 -2.27868e-35  6.74607e-25   7.9914e-35 -2.09189e-24 -2.64034e-34    5.993e-24  8.23549e-34 -1.58274e-23 -2.41587e-33  3.84293e-23  6.65523e-33 -8.55016e-23 -1.72013e-32  1.73622e-22  4.16719e-32 -3.20202e-22 -9.45145e-32  5.33066e-22  2.00403e-31 -7.94936e-22 -3.96564e-31   1.0513e-21   7.3088e-31 -1.21639e-21 -1.25159e-30  1.20749e-21  1.98587e-30 -9.97027e-22 -2.90994e-30  6.46522e-22  3.92281e-30 -2.84888e-22 -4.84318e-30  3.38446e-23  5.44702e-30  6.43848e-23 -5.54491e-30 -5.57356e-23   5.0692e-30   1.7404e-23 -4.12145e-30  3.91134e-24  2.94268e-30 -5.33747e-24 -1.81366e-30  1.25033e-24  9.40805e-31  4.56257e-25 -3.93653e-31 -2.68953e-25  1.21382e-31 -2.18483e-27  -1.9909e-32  2.36039e-26 -3.83907e-33 -1.79153e-27  4.06249e-33 -1.11212e-27 -1.52288e-33   8.7817e-29  3.45277e-34  2.58714e-29 -4.92901e-35 -9.49193e-31  4.22877e-36 -1.74613e-31 -1.92947e-37  2.22694e-34
