 1.47127e-06 -4.56571e-22 -1.64304e-05  6.86324e-21  6.68824e-05 -2.67032e-20 -0.000146726  5.66529e-20  0.000182776 -6.84889e-20 -0.000103729  1.22057e-20 -3.11218e-05  1.20619e-19  7.66018e-05  -2.3703e-19 -1.03317e-05  2.38756e-19 -4.00618e-05 -1.50482e-19  1.14674e-05  5.89988e-20  2.01747e-05  5.37244e-21 -5.76911e-06 -4.33289e-20 -1.01162e-05  3.79655e-20  1.58064e-06 -4.01247e-21  4.72208e-06 -1.60317e-20    2.418e-07  1.23038e-20 -1.82063e-06  -3.5987e-21 -5.61042e-07  3.43739e-23  4.70839e-07  3.26447e-22  3.26405e-07   4.0587e-23 -2.84707e-08 -1.16339e-22  -9.5454e-08 -1.70341e-22 -2.82358e-08  2.12663e-22  8.33762e-09 -4.93233e-23  7.68494e-09 -7.65028e-24  1.68999e-09  1.06784e-24 -1.46847e-10  7.51978e-25 -1.37718e-10 -3.69205e-25 -2.31329e-11  2.10586e-26 -1.02112e-12
-4.56571e-22  2.38452e-05  -4.3041e-21 -0.000146556  3.84503e-20  0.000432592 -1.15353e-19 -0.000725834     2.03e-19  0.000661361 -1.68702e-19 -0.000157743 -1.55415e-19 -0.000288113  6.67839e-19  0.000221642 -9.51292e-19  9.29775e-05  8.01727e-19 -0.000141064 -4.46953e-19   -3.295e-05  1.33098e-19  7.41947e-05  1.00531e-19  1.76762e-05 -1.92019e-19  -3.4121e-05  9.90048e-20 -1.21075e-05  3.09135e-20  1.28866e-05  -6.2289e-20  7.53363e-06  2.95845e-20 -3.26135e-06   -4.984e-21 -3.59071e-06 -9.85913e-22  6.36182e-08  7.49534e-22  1.13281e-06  6.07515e-22  3.60108e-07 -3.66827e-22  -1.5752e-07 -6.94576e-22 -1.35721e-07  5.29215e-22 -2.08882e-08 -3.25055e-23  1.26122e-08 -2.93749e-23  6.70775e-09  3.84774e-25  1.10018e-09  1.45797e-24 -2.33148e-11 -4.36324e-25 -2.24271e-11 -1.52824e-27
-1.64304e-05  -4.3041e-21  0.000184975 -1.82272e-20 -0.000761738  1.11907e-19   0.00169996 -2.78143e-19  -0.00217866  3.83922e-19   0.00132672 -2.30045e-20  0.000272275  -1.0684e-18 -0.000925958  2.22249e-18  0.000209494 -2.44127e-18  0.000460886  1.74063e-18 -0.000194523 -8.53587e-19 -0.000224319  1.09904e-19  0.000104992  4.27356e-19  0.000113009 -4.72441e-19 -4.01138e-05  1.13308e-19 -5.57235e-05  1.46265e-19  7.90165e-06 -1.30419e-19  2.40921e-05  4.01617e-20  2.62487e-06 -2.93428e-21 -7.85733e-06 -2.79612e-21 -3.13686e-06  8.96174e-22  1.37821e-06  2.43736e-21  1.30949e-06 -6.35834e-22  1.27888e-07  -1.6757e-21 -2.24224e-07   7.6929e-22  -1.0354e-07  7.91184e-23 -6.60883e-09 -4.97505e-23  7.91539e-09 -7.89214e-25  2.64129e-09  2.75304e-24  2.97127e-10 -1.44911e-25  5.95568e-12
 6.86324e-21 -0.000146556 -1.82272e-20  0.000911221 -4.40133e-20    -0.002735  2.14268e-19   0.00470849  -4.5878e-19  -0.00450186  3.37651e-19   0.00135788  1.06537e-18   0.00174754 -3.60915e-18  -0.00163896  5.23682e-18 -0.000423229 -4.63709e-18   0.00100868  2.85056e-18  7.59832e-05 -1.19332e-18 -0.000530588 -2.35081e-19 -3.06906e-05  1.08202e-18  0.000254888 -7.69157e-19   3.6544e-05 -2.84715e-20  -0.00010781  3.30377e-19 -3.34725e-05 -1.78014e-19  3.59725e-05  3.36854e-20  2.09086e-05 -8.35096e-23 -6.97369e-06 -5.30879e-21 -8.71699e-06 -2.21964e-22 -6.98879e-07  6.16766e-21  2.04533e-06 -5.39868e-22  8.75402e-07 -2.85791e-21 -8.36579e-08  7.24672e-22 -1.68789e-07  2.12905e-22 -4.84956e-08 -6.16771e-23 -1.28517e-09 -1.02403e-24  1.95261e-09   5.1786e-24  3.25384e-10  2.01659e-25
 6.68824e-05  3.84503e-20 -0.000761738 -4.40133e-20   0.00318933 -7.49886e-20   -0.0072936  3.47466e-19    0.0097286 -6.00746e-19  -0.00650487 -3.93149e-19 -0.000529808  4.00529e-18   0.00413726 -8.29911e-18   -0.0014893  9.37323e-18  -0.00186897 -6.91557e-18   0.00121439  3.78884e-18  0.000834545 -1.23534e-18 -0.000678202 -1.07953e-18 -0.000410696  1.94568e-18  0.000304728 -8.66249e-19  0.000215536 -3.49342e-19 -0.000104372  4.93668e-19 -0.000106906 -1.64286e-19  1.90319e-05  1.64229e-20  4.36435e-05  3.38307e-22   5.0467e-06  -9.4223e-21 -1.21966e-05 -4.23196e-21 -5.27093e-06  1.14355e-20  1.31248e-06  3.90349e-22  1.61422e-06 -3.68887e-21  3.39724e-07  4.24698e-22 -1.12778e-07  2.47024e-22 -7.37179e-08 -7.87226e-23 -1.38531e-08 -1.86915e-24 -4.95629e-10  6.71661e-24  7.30584e-11
-2.67032e-20  0.000432592  1.11907e-19    -0.002735 -7.49886e-20   0.00840879 -1.27095e-19   -0.0150147  6.11603e-19    0.0153343 -6.58009e-19  -0.00596694 -2.39419e-18  -0.00482069  9.24058e-18    0.0060635 -1.43951e-17  0.000379074  1.32324e-17   -0.0035015 -8.39243e-18  0.000472218  4.33594e-18    0.0017927 -8.46252e-19 -0.000340718  -2.3306e-18 -0.000882725  2.69471e-18  0.000118241 -6.42133e-19  0.000411076  -7.2252e-19  3.47356e-06  5.34172e-19 -0.000167978 -9.13993e-20 -3.55936e-05  6.00994e-21  5.23823e-05  1.40252e-21  2.58497e-05 -1.57619e-20 -8.50843e-06 -1.26733e-20 -9.85442e-06  1.62601e-20  -1.2609e-06   2.3341e-21  1.60963e-06 -3.65397e-21  7.94592e-07  1.22702e-22  6.95551e-08  1.47797e-22 -4.87631e-08 -1.07955e-22 -1.62039e-08 -4.21474e-24 -1.62475e-09  4.81974e-24
-0.000146726 -1.15353e-19   0.00169996  2.14268e-19   -0.0072936 -1.27095e-19    0.0172828 -2.63478e-19   -0.0243915   1.1727e-18    0.0184022 -4.94461e-19  -0.00135683 -5.96945e-18   -0.0100373  1.58245e-17   0.00570159 -1.97118e-17   0.00366014  1.50295e-17  -0.00414731 -8.60687e-18  -0.00123194  4.57403e-18   0.00232048 -1.38472e-19   0.00050772 -3.60949e-18  -0.00113852  3.05271e-18 -0.000295962 -1.98074e-19  0.000487028 -9.66445e-19  0.000192238  4.23425e-19 -0.000166104 -5.69495e-21  -0.00010799  1.20685e-20  3.38703e-05  1.36006e-20  4.49048e-05 -2.23253e-20  3.14706e-06   -2.561e-20 -1.11026e-05  1.77984e-20 -4.56366e-06  4.82572e-21  5.59697e-07 -2.66132e-21  9.20319e-07  3.62259e-23  2.53384e-07   1.3032e-23  9.26056e-09 -1.28457e-22  -7.0037e-09 -5.51974e-24 -7.80518e-10
 5.66529e-20 -0.000725834 -2.78143e-19   0.00470849  3.47466e-19   -0.0150147 -2.63478e-19     0.028296 -5.79333e-19   -0.0316734  2.21833e-18    0.0161983 -1.21897e-19   0.00626303 -1.02407e-17    -0.013408  2.12269e-17   0.00248773 -2.17417e-17   0.00681963  1.38298e-17  -0.00311681 -7.94018e-18  -0.00316319  4.82322e-18   0.00198976   5.5709e-19    0.0015165 -4.53756e-18 -0.000977503  2.99809e-18   -0.0007671  2.47649e-19  0.000371432  -9.8516e-19  0.000381127  2.21571e-19 -8.58864e-05  3.62591e-20 -0.000164238  2.45539e-20 -9.33443e-06  4.73956e-20  5.13379e-05 -2.43098e-20  1.84655e-05 -4.06071e-20  -7.3732e-06  1.45698e-20  -6.7733e-06  6.81773e-21 -1.09956e-06 -1.20797e-21  5.68171e-07  1.56012e-22  2.97328e-07 -3.35236e-23  4.90727e-08 -1.14525e-22  1.79215e-09 -3.85002e-24
 0.000182776     2.03e-19  -0.00217866  -4.5878e-19    0.0097286  6.11603e-19   -0.0243915 -5.79333e-19    0.0374774 -1.21613e-18   -0.0331788  4.08873e-18   0.00899998 -3.11598e-19    0.0135496  -1.2909e-17   -0.0131503  2.27858e-17  -0.00221152 -1.93119e-17   0.00835695  1.02476e-17  -0.00082122 -7.29442e-18  -0.00445863  5.40415e-18  0.000918138  9.72203e-19   0.00226029 -4.99937e-18 -0.000449899  2.67459e-18  -0.00110547  5.54499e-19  9.88408e-05 -7.97172e-19    0.0004945  2.66128e-20  4.78816e-05   1.5262e-21 -0.000179663  2.15859e-20 -6.24298e-05  1.02443e-19  4.05638e-05 -1.77945e-20  3.10784e-05 -5.32309e-20  3.20314e-07    8.201e-21 -6.57746e-06  7.33938e-21 -2.49394e-06 -1.01428e-22 -6.67173e-08  3.21364e-22  1.77269e-07  2.79656e-23  4.33534e-08 -7.01131e-23   2.7079e-09
-6.84889e-20  0.000661361  3.83922e-19  -0.00450186 -6.00746e-19    0.0153343   1.1727e-18   -0.0316734 -1.21613e-18    0.0407884 -2.39414e-18   -0.0284344  7.38916e-18  0.000246505 -2.56492e-18    0.0175624 -1.18735e-17  -0.00990632  1.97716e-17  -0.00634909 -1.32645e-17   0.00797389  5.93552e-18     0.001721 -7.39333e-18  -0.00478058  6.36786e-18 -0.000439751  1.15735e-18      0.00254 -5.07365e-18  0.000244534  2.16682e-18  -0.00122055  7.05347e-19 -0.000240659 -4.73175e-19  0.000500425 -8.05537e-20  0.000194064 -1.03774e-19 -0.000148346 -1.02158e-20 -0.000108208  1.63044e-19  1.52234e-05  -4.3543e-21  3.59493e-05 -5.92623e-20  9.10343e-06  2.35309e-21 -3.88679e-06  6.18506e-21 -2.87947e-06  1.16119e-22  -5.9084e-07  4.06831e-22  5.63822e-09  1.08544e-22  1.47733e-08 -2.48498e-23
-0.000103729 -1.68702e-19   0.00132672  3.37651e-19  -0.00650487 -6.58009e-19    0.0184022  2.21833e-18   -0.0331788 -2.39414e-18    0.0374495 -4.35328e-18   -0.0207156  1.26627e-17  -0.00633942 -7.69741e-18    0.0179614 -7.50203e-18  -0.00576301   1.3785e-17  -0.00885935 -5.61382e-18   0.00641786  2.40154e-18   0.00376993 -8.38653e-18  -0.00433195  7.36331e-18  -0.00169655  1.37294e-18    0.0023971  -4.8015e-18  0.000923006  1.46873e-18  -0.00112061  7.17175e-19 -0.000564007 -9.89097e-20  0.000405911 -6.74289e-20  0.000316753  -2.3894e-19 -7.90868e-05 -6.13467e-20 -0.000133886   2.0666e-19 -1.74196e-05  9.12205e-21  3.11201e-05 -5.70623e-20  1.56948e-05 -4.45565e-22  1.89533e-07  3.90308e-21 -2.08857e-06 -4.95802e-22 -7.08323e-07  3.77294e-22 -8.39356e-08  1.21214e-22 -1.49246e-09
 1.22057e-20 -0.000157743 -2.30045e-20   0.00135788 -3.93149e-19  -0.00596694 -4.94461e-19    0.0161983  4.08873e-18   -0.0284344 -4.35328e-18    0.0306321 -7.15293e-18   -0.0141141   1.9505e-17  -0.00955683 -1.41025e-17    0.0164583 -2.79526e-18  -0.00227177  7.06047e-18  -0.00995625  1.84862e-18   0.00452628  2.92276e-19   0.00516081 -9.89475e-18  -0.00345891  7.83322e-18  -0.00268753  1.73981e-18   0.00196074 -4.15503e-18   0.00148309  6.51698e-19 -0.000857072  5.98034e-19 -0.000817797  2.24309e-19  0.000237227  4.07635e-20  0.000392843 -3.53183e-19  1.18915e-05  -1.0652e-19 -0.000133374  2.20093e-19  -4.8578e-05  1.66369e-20  1.79096e-05  -4.7951e-20  1.77128e-05 -4.27725e-22   3.9074e-06   1.2653e-21 -6.28431e-07 -1.42707e-21 -4.43974e-07  2.46175e-22 -6.60471e-08  6.74593e-23
-3.11218e-05 -1.55415e-19  0.000272275  1.06537e-18 -0.000529808 -2.39419e-18  -0.00135683 -1.21897e-19   0.00899998  7.38916e-18   -0.0207156 -7.15293e-18    0.0245229 -1.03829e-17    -0.010358  2.58367e-17   -0.0106209 -1.79033e-17    0.0147161   -7.968e-19  0.000294557  7.57456e-19   -0.0102734  8.20055e-18   0.00268981 -4.89966e-19   0.00601659  -1.1214e-17  -0.00239401  7.45475e-18  -0.00338585  2.07906e-18   0.00134599 -3.21485e-18   0.00188126  -5.8029e-20 -0.000487728  3.87821e-19 -0.000974312  4.12433e-19  2.65474e-05   1.8018e-19  0.000411729 -4.18358e-19  0.000106335 -1.28266e-19  -0.00010707  2.07432e-19 -7.03862e-05  1.85733e-20  1.87972e-07 -3.45642e-20  1.45134e-05  9.74758e-22  5.71211e-06 -1.03162e-21  6.33756e-07 -2.06856e-21   -9.492e-08  7.95944e-23 -1.78461e-08
 1.20619e-19 -0.000288113  -1.0684e-18   0.00174754  4.00529e-18  -0.00482069 -5.96945e-18   0.00626303 -3.11598e-19  0.000246505  1.26627e-17   -0.0141141 -1.03829e-17    0.0210192 -1.30515e-17  -0.00859888  2.85239e-17   -0.0110775 -1.56668e-17    0.0132641 -1.98099e-18   0.00227399 -4.97673e-18   -0.0101886  1.30135e-17    0.0009865 -4.50336e-19   0.00646267 -1.15753e-17  -0.00126044  6.41312e-18  -0.00380528  2.09942e-18  0.000639755 -2.25086e-18   0.00210465 -4.36342e-19 -6.57925e-05  1.65759e-19  -0.00102409  4.63677e-19 -0.000194423  2.93485e-19  0.000373148 -4.42769e-19  0.000187376  -1.3227e-19 -6.06757e-05  1.81521e-19 -7.75903e-05  1.95897e-20 -1.68554e-05   -1.952e-20  7.43642e-06  3.13808e-21  5.02674e-06 -2.37297e-21   1.0658e-06 -2.03059e-21  7.19513e-08 -2.04372e-23
 7.66018e-05  6.67839e-19 -0.000925958 -3.60915e-18   0.00413726  9.24058e-18   -0.0100373 -1.02407e-17    0.0135496 -2.56492e-18  -0.00633942   1.9505e-17    -0.010358 -1.30515e-17    0.0194012 -1.40047e-17  -0.00743886  2.54279e-17   -0.0115074 -7.41728e-18    0.0119635 -4.41691e-18   0.00390067  -9.7829e-18  -0.00982505  1.58356e-17 -0.000563222 -3.54344e-19   0.00657873 -1.05227e-17 -0.000137367  5.24308e-18  -0.00397218  1.69855e-18 -9.06999e-05 -1.55767e-18   0.00215854 -4.68905e-19   0.00036308 -1.70284e-20 -0.000970665  4.70722e-19  -0.00039774   3.6764e-19   0.00028478 -4.52287e-19  0.000241678 -1.37727e-19 -3.59757e-06  1.49849e-19 -6.85615e-05  2.12718e-20 -2.82041e-05 -5.79319e-21 -6.15545e-07  5.84457e-21  2.62762e-06 -2.46746e-21  7.28791e-07 -1.38482e-21  5.39159e-08
 -2.3703e-19  0.000221642  2.22249e-18  -0.00163896 -8.29911e-18    0.0060635  1.58245e-17    -0.013408  -1.2909e-17    0.0175624 -7.69741e-18  -0.00955683  2.58367e-17  -0.00859888 -1.40047e-17    0.0183312 -1.27129e-17  -0.00632942   1.7207e-17   -0.0118358  3.08778e-18    0.0107034 -6.12025e-18   0.00522452 -1.25417e-17   -0.0092574  1.63513e-17  -0.00193483 -9.75496e-19   0.00643404 -8.26008e-18  0.000920619  4.41952e-18  -0.00392152  1.08698e-18 -0.000795096 -1.22538e-18   0.00205939 -3.70167e-19  0.000762093 -1.88946e-19 -0.000826369  5.42651e-19 -0.000560847  4.30785e-19  0.000159973 -4.58258e-19  0.000260712 -1.53932e-19  5.28198e-05  1.11579e-19 -4.56782e-05  1.86441e-20 -3.05697e-05  2.96346e-21  -6.3172e-06  7.87463e-21  1.96234e-07 -1.66937e-21  2.15702e-07 -5.92385e-22
-1.03317e-05 -9.51292e-19  0.000209494  5.23682e-18   -0.0014893 -1.43951e-17   0.00570159  2.12269e-17   -0.0131503 -1.18735e-17    0.0179614 -1.41025e-17   -0.0106209  2.85239e-17  -0.00743886 -1.27129e-17     0.017282 -9.67019e-18  -0.00535373  7.13038e-18   -0.0119948  1.11863e-17   0.00951771 -6.75932e-18   0.00627923 -1.21772e-17  -0.00856396  1.49148e-17  -0.00312365 -2.59905e-18   0.00609167 -5.63569e-18   0.00188173  4.06477e-18  -0.00369012  6.48013e-19  -0.00143791 -1.08001e-18    0.0018292 -4.03598e-19   0.00110293 -4.25019e-19 -0.000609157  7.06548e-19 -0.000667169  5.12886e-19  1.57887e-05 -4.43938e-19  0.000241503 -1.67725e-19   9.7184e-05  6.72558e-20 -1.50411e-05  5.47338e-21 -2.37567e-05  4.38734e-21 -7.61615e-06  7.64066e-21 -9.22345e-07 -7.14299e-22   -1.708e-08
 2.38756e-19  9.29775e-05 -2.44127e-18 -0.000423229  9.37323e-18  0.000379074 -1.97118e-17   0.00248773  2.27858e-17  -0.00990632 -7.50203e-18    0.0164583 -1.79033e-17   -0.0110775  2.54279e-17  -0.00632942 -9.67019e-18    0.0163482 -6.02054e-18  -0.00458818 -9.33087e-19   -0.0120533  1.44785e-17   0.00843567 -7.30458e-18   0.00712374 -8.74566e-18  -0.00779861  1.26024e-17   -0.0041421 -4.75652e-18   0.00560059 -3.66588e-18   0.00272942  3.94636e-18  -0.00331182   6.6457e-19  -0.00199445 -8.19979e-19   0.00149228 -6.81615e-19   0.00136459 -7.69644e-19  -0.00034055   8.8195e-19 -0.000706297  6.06389e-19 -0.000128676 -3.81235e-19  0.000187025    -1.53e-19  0.000120093  2.66822e-20  1.46302e-05 -1.69339e-20 -1.13098e-05  1.67095e-22 -5.11808e-06  5.22758e-21 -7.36024e-07 -1.12233e-22
-4.00618e-05  8.01727e-19  0.000460886 -4.63709e-18  -0.00186897  1.32324e-17   0.00366014 -2.17417e-17  -0.00221152  1.97716e-17  -0.00576301 -2.79526e-18    0.0147161 -1.56668e-17   -0.0115074   1.7207e-17  -0.00535373 -6.02054e-18    0.0156163 -2.92858e-18  -0.00396824 -4.56457e-18   -0.0120726  1.35842e-17   0.00744383 -8.71182e-18   0.00780636 -3.57114e-18   -0.0069906  1.06178e-17   -0.0050052 -6.54898e-18    0.0049973 -2.93363e-18    0.0034553  3.66937e-18  -0.00281663  1.12626e-18   -0.0024476 -2.11305e-19   0.00107372 -1.09833e-18    0.0015323 -1.18899e-18 -4.43357e-05  9.44858e-19 -0.000674129  6.60828e-19 -0.000253898 -2.61881e-19  0.000106273 -9.29576e-20  0.000116325  3.62895e-21  3.42134e-05 -3.77953e-20  5.67659e-07 -4.62608e-21 -1.65121e-06    2.465e-21 -2.13425e-07
-1.50482e-19 -0.000141064  1.74063e-18   0.00100868 -6.91557e-18   -0.0035015  1.50295e-17   0.00681963 -1.93119e-17  -0.00634909   1.3785e-17  -0.00227177   -7.968e-19    0.0132641 -7.41728e-18   -0.0118358  7.13038e-18  -0.00458818 -2.92858e-18    0.0150293 -1.27245e-18   -0.0034323   -3.445e-18   -0.0120667  1.05803e-17   0.00652578 -1.11635e-17   0.00835807  1.54624e-18  -0.00615862  9.64058e-18  -0.00572697  -7.2357e-18    0.0043098 -3.30714e-18   0.00405571  2.88617e-18  -0.00223098  1.74524e-18  -0.00278557  7.83456e-19  0.000598793 -1.41525e-18   0.00159673 -1.57929e-18  0.000254278  8.19748e-19 -0.000573117  6.16909e-19 -0.000341691 -1.15372e-19  1.38325e-05  3.27192e-21  8.70469e-05   3.0128e-21  3.77993e-05 -4.54972e-20  6.49071e-06 -6.11344e-21  2.50365e-07  7.62486e-22
 1.14674e-05 -4.46953e-19 -0.000194523  2.85056e-18   0.00121439 -8.39243e-18  -0.00414731  1.38298e-17   0.00835695 -1.32645e-17  -0.00885935  7.06047e-18  0.000294557 -1.98099e-18    0.0119635  3.08778e-18   -0.0119948 -9.33087e-19  -0.00396824 -1.27245e-18    0.0145303 -1.55457e-18  -0.00296414  1.26163e-18   -0.0120417  7.23396e-18   0.00567293 -1.41387e-17   0.00880319   5.1622e-18  -0.00531526  9.60583e-18  -0.00632063 -6.55373e-18   0.00355945 -4.11193e-18   0.00452959  1.43557e-18  -0.00157817  2.14332e-18  -0.00300032  1.98814e-18   9.2876e-05 -1.42385e-18   0.00155355 -1.81276e-18  0.000529326  5.29567e-19 -0.000412702  4.52368e-19 -0.000377398   3.8059e-21 -7.14261e-05  1.02511e-19  4.15627e-05  1.54102e-20  2.67232e-05 -3.80574e-20  5.77255e-06 -4.58486e-21   3.8618e-07
 5.89988e-20   -3.295e-05 -8.53587e-19  7.59832e-05  3.78884e-18  0.000472218 -8.60687e-18  -0.00311681  1.02476e-17   0.00797389 -5.61382e-18  -0.00995625  7.57456e-19   0.00227399 -4.41691e-18    0.0107034  1.11863e-17   -0.0120533 -4.56457e-18   -0.0034323 -1.55457e-18    0.0141069 -3.73339e-18  -0.00255481  7.77675e-18   -0.0120081  4.43951e-18   0.00487654 -1.67739e-17   0.00916178  6.54956e-18  -0.00446758   9.9043e-18  -0.00679774 -4.65922e-18   0.00276241 -4.55765e-18   0.00487688 -5.91992e-19 -0.000879131  2.06696e-18  -0.00308639  3.09827e-18 -0.000418239 -1.07943e-18    0.0014035 -1.79411e-18  0.000754827  1.79093e-19 -0.000209841  2.00474e-19 -0.000352712  5.19319e-20 -0.000129154  1.66839e-19 -3.35042e-06  2.53211e-20  1.01724e-05 -2.36228e-20  2.37361e-06 -2.32854e-21
 2.01747e-05  1.33098e-19 -0.000224319 -1.19332e-18  0.000834545  4.33594e-18  -0.00123194 -7.94018e-18  -0.00082122  5.93552e-18   0.00641786  1.84862e-18   -0.0102734 -4.97673e-18   0.00390067 -6.12025e-18   0.00951771  1.44785e-17   -0.0120726   -3.445e-18  -0.00296414 -3.73339e-18     0.013753 -7.11132e-18  -0.00219094  1.42442e-17    -0.011973  2.55921e-18   0.00412693 -1.81974e-17   0.00944909  5.71118e-18  -0.00361894  9.77106e-18  -0.00716752 -1.93808e-18   0.00193107 -4.14558e-18   0.00509743 -2.86387e-18 -0.000153416   1.5034e-18  -0.00304041  3.82025e-18 -0.000907918 -5.21664e-19   0.00115291 -1.50395e-18  0.000905915 -1.05848e-19  1.06209e-05 -7.22142e-20 -0.000269175  2.57552e-20 -0.000143248  1.76603e-19 -2.99518e-05  2.45897e-20 -1.11654e-06 -1.12849e-20  2.61716e-07
 5.37244e-21  7.41947e-05  1.09904e-19 -0.000530588 -1.23534e-18    0.0017927  4.57403e-18  -0.00316319 -7.29442e-18     0.001721  2.40154e-18   0.00452628  8.20055e-18   -0.0101886  -9.7829e-18   0.00522452 -6.75932e-18   0.00843567  1.35842e-17   -0.0120667  1.26163e-18  -0.00255481 -7.11132e-18    0.0134573 -1.05693e-17  -0.00186215  1.90554e-17   -0.0119402  1.77457e-18   0.00341541 -1.78429e-17   0.00967653  3.23802e-18  -0.00277035  8.66571e-18  -0.00743686  1.12998e-18   0.00107531 -2.87149e-18   0.00519049 -4.90713e-18  0.000579854  6.57281e-19  -0.00286091  3.98987e-18  -0.00134823   2.7519e-20  0.000814821 -1.00831e-18  0.000960771 -2.42114e-19  0.000216392 -3.03466e-19 -0.000142461 -3.83617e-20 -0.000111485   1.4088e-19 -3.12359e-05   1.6988e-20 -3.54305e-06  -3.9695e-21
-5.76911e-06  1.00531e-19  0.000104992 -2.35081e-19 -0.000678202 -8.46252e-19   0.00232048  4.82322e-18  -0.00445863 -7.39333e-18   0.00376993  2.92276e-19   0.00268981  1.30135e-17  -0.00982505 -1.25417e-17   0.00627923 -7.30458e-18   0.00744383  1.05803e-17   -0.0120417  7.77675e-18  -0.00219094 -1.05693e-17    0.0132117  -1.3071e-17  -0.00156146  2.11693e-17   -0.0119128  2.09107e-18   0.00273406 -1.56779e-17    0.0098527  3.83299e-20   -0.0019212  6.50596e-18  -0.00761026  4.06051e-18  0.000203451 -1.15381e-18   0.00515424 -6.28915e-18   0.00130092 -1.74131e-19  -0.00254877  3.61493e-18  -0.00170965  4.03941e-19  0.000410549 -4.25519e-19  0.000903923 -2.22497e-19  0.000369585 -4.55111e-19 -5.96931e-06 -9.26726e-20 -5.33846e-05  8.82491e-20 -1.69571e-05  1.00125e-20 -1.53798e-06
-4.33289e-20  1.76762e-05  4.27356e-19 -3.06906e-05 -1.07953e-18 -0.000340718 -1.38472e-19   0.00198976  5.40415e-18  -0.00478058 -8.38653e-18   0.00516081 -4.89966e-19    0.0009865  1.58356e-17   -0.0092574 -1.21772e-17   0.00712374 -8.71182e-18   0.00652578  7.23396e-18   -0.0120081  1.42442e-17  -0.00186215  -1.3071e-17    0.0130109 -1.40695e-17  -0.00128287  2.03622e-17    -0.011893  3.20687e-18   0.00207535 -1.21942e-17   0.00998372 -3.01734e-18  -0.00106979  3.67476e-18   -0.0076898  6.45392e-18 -0.000676825   4.4546e-19   0.00498575 -6.79479e-18   0.00198827 -7.51097e-19  -0.00210814  2.84226e-18  -0.00196124  5.68861e-19 -2.81329e-05  1.30358e-19  0.000731047  -1.0506e-19  0.000432035 -5.10728e-19  9.43125e-05  -1.0912e-19 -2.65937e-06   4.5417e-20 -3.77582e-06  5.72168e-21
-1.01162e-05 -1.92019e-19  0.000113009  1.08202e-18 -0.000410696  -2.3306e-18   0.00050772   5.5709e-19  0.000918138  6.36786e-18  -0.00433195 -9.89475e-18   0.00601659 -4.50336e-19 -0.000563222  1.63513e-17  -0.00856396 -8.74566e-18   0.00780636 -1.11635e-17   0.00567293  4.43951e-18    -0.011973  1.90554e-17  -0.00156146 -1.40695e-17    0.0128508  -1.3583e-17  -0.00102119  1.72326e-17   -0.0118823  4.55232e-18   0.00143214 -8.15377e-18    0.0100736 -5.39577e-18 -0.000213705  8.22214e-19  -0.00767506  8.07306e-18  -0.00155756    1.515e-18   0.00468103 -6.48991e-18   0.00261745 -9.89482e-19  -0.00154806  1.88602e-18  -0.00207139  5.75614e-19 -0.000457194  5.91817e-19  0.000456002   3.1443e-20   0.00038049 -4.71769e-19  0.000123529 -9.12319e-20  1.78233e-05    2.117e-20    6.901e-07
 3.79655e-20  -3.4121e-05 -4.72441e-19  0.000254888  1.94568e-18 -0.000882725 -3.60949e-18    0.0015165  9.72203e-19 -0.000439751  7.36331e-18  -0.00345891  -1.1214e-17   0.00646267 -3.54344e-19  -0.00193483  1.49148e-17  -0.00779861 -3.57114e-18   0.00835807 -1.41387e-17   0.00487654  2.55921e-18   -0.0119402  2.11693e-17  -0.00128287  -1.3583e-17    0.0127282 -1.20042e-17 -0.000772035  1.29004e-17    -0.011882  5.57005e-18  0.000797534 -4.27278e-18    0.0101244 -7.00981e-18  0.000649795  -1.4196e-18  -0.00756312   8.8708e-18  -0.00242957  1.92063e-18   0.00423535 -5.63563e-18   0.00315987 -9.64739e-19 -0.000884885  9.47312e-19  -0.00201067  5.02715e-19 -0.000819529  9.38788e-19   0.00012295  1.33307e-19  0.000233181 -3.63017e-19  8.78627e-05 -6.14942e-20  1.32241e-05  8.66547e-21
 1.58064e-06  9.90048e-20 -4.01138e-05 -7.69157e-19  0.000304728  2.69471e-18  -0.00113852 -4.53756e-18   0.00226029  1.15735e-18  -0.00169655  7.83322e-18  -0.00239401 -1.15753e-17   0.00657873 -9.75496e-19  -0.00312365  1.26024e-17   -0.0069906  1.54624e-18   0.00880319 -1.67739e-17   0.00412693  1.77457e-18   -0.0119128  2.03622e-17  -0.00102119 -1.20042e-17    0.0126406 -9.85153e-18 -0.000531502  8.51797e-18   -0.0118926  6.02955e-18  0.000164769 -1.04504e-18    0.0101364 -8.08993e-18   0.00152351 -2.66111e-18  -0.00734835  8.95816e-18  -0.00328136   1.7471e-18     0.003644 -4.53744e-18   0.00358172 -8.38935e-19 -0.000146258  1.40259e-19   -0.0017571  4.14836e-19   -0.0010445  1.16284e-18 -0.000182467  1.84519e-19    6.187e-05 -2.33027e-19  3.28443e-05 -3.73888e-20  3.69498e-06
-4.01247e-21 -1.21075e-05  1.13308e-19   3.6544e-05 -8.66249e-19  0.000118241  3.05271e-18 -0.000977503 -4.99937e-18      0.00254  1.37294e-18  -0.00268753  7.45475e-18  -0.00126044 -1.05227e-17   0.00643404 -2.59905e-18   -0.0041421  1.06178e-17  -0.00615862   5.1622e-18   0.00916178 -1.81974e-17   0.00341541  2.09107e-18    -0.011893  1.72326e-17 -0.000772035 -9.85153e-18    0.0125864 -7.60245e-18 -0.000296008  4.85436e-18   -0.0119148  6.11604e-18 -0.000472953  1.24056e-18    0.0101079  -8.9118e-18   0.00240995 -2.82388e-18  -0.00702234  8.53817e-18  -0.00409781  1.19323e-18   0.00290371 -3.44009e-18   0.00384279 -7.73753e-19  0.000623642 -5.49598e-19  -0.00130312  3.37655e-19  -0.00105652  1.23125e-18 -0.000353755  1.88526e-19 -4.77244e-05 -1.30592e-19   5.6405e-07 -2.13222e-20
 4.72208e-06  3.09135e-20 -5.57235e-05 -2.84715e-20  0.000215536 -6.42133e-19 -0.000295962  2.99809e-18 -0.000449899 -5.07365e-18    0.0023971  1.73981e-18  -0.00338585  6.41312e-18 -0.000137367 -8.26008e-18   0.00609167 -4.75652e-18   -0.0050052  9.64058e-18  -0.00531526  6.54956e-18   0.00944909 -1.78429e-17   0.00273406  3.20687e-18   -0.0118823  1.29004e-17 -0.000531502 -7.60245e-18    0.0125646 -5.62283e-18 -6.21478e-05  2.18517e-18   -0.0119487   6.2397e-18  -0.00112259  2.39887e-18    0.0100353 -9.58913e-18   0.00331096 -2.06871e-18  -0.00657369  7.84121e-18  -0.00485833  5.34177e-19   0.00201451  -2.4811e-18    0.0038961 -8.82189e-19   0.00136007 -1.23087e-18 -0.000670937  2.35777e-19 -0.000818432  1.10383e-18 -0.000336262  1.55681e-19 -6.54352e-05 -7.02872e-20 -4.35925e-06
-1.60317e-20  1.28866e-05  1.46265e-19  -0.00010781 -3.49342e-19  0.000411076 -1.98074e-19   -0.0007671  2.67459e-18  0.000244534  -4.8015e-18   0.00196074  2.07906e-18  -0.00380528  5.24308e-18  0.000920619 -5.63569e-18   0.00560059 -6.54898e-18  -0.00572697  9.60583e-18  -0.00446758  5.71118e-18   0.00967653 -1.56779e-17   0.00207535  4.55232e-18    -0.011882  8.51797e-18 -0.000296008 -5.62283e-18    0.0125749 -4.15209e-18  0.000173435  4.98462e-19   -0.0119944  6.74382e-18  -0.00179141  2.31694e-18   0.00991282 -1.00879e-17   0.00422715 -6.95504e-19  -0.00598773  7.08258e-18  -0.00553514  1.16557e-19  0.000983068 -1.64655e-18   0.00369184 -1.20565e-18   0.00197102 -1.97299e-18  4.76614e-05  5.35917e-20 -0.000404258  8.10596e-19 -0.000190154  1.07671e-19 -3.33893e-05 -3.38057e-20
   2.418e-07  -6.2289e-20  7.90165e-06  3.30377e-19 -0.000104372  -7.2252e-19  0.000487028  2.47649e-19  -0.00110547  2.16682e-18  0.000923006 -4.15503e-18   0.00134599  2.09942e-18  -0.00397218  4.41952e-18   0.00188173 -3.66588e-18    0.0049973  -7.2357e-18  -0.00632063   9.9043e-18  -0.00361894  3.23802e-18    0.0098527 -1.21942e-17   0.00143214  5.57005e-18   -0.0118926  4.85436e-18 -6.21478e-05 -4.15209e-18    0.0126173  -3.3309e-18  0.000414182 -2.07811e-19   -0.0120515  7.73256e-18  -0.00248718  1.03137e-18   0.00973194  -1.0394e-17   0.00515727  8.82091e-19  -0.00524688  6.42424e-18  -0.00609071  2.77142e-19 -0.000169165 -7.48082e-19   0.00318254 -1.66239e-18   0.00231924 -2.64704e-18   0.00065496 -1.80133e-19 -8.20819e-06  4.88539e-19 -4.63303e-05  6.77595e-20 -6.53806e-06
 1.23038e-20  7.53363e-06 -1.30419e-19 -3.34725e-05  4.93668e-19  3.47356e-06 -9.66445e-19  0.000371432  5.54499e-19  -0.00122055  1.46873e-18   0.00148309 -3.21485e-18  0.000639755  1.69855e-18  -0.00392152  4.06477e-18   0.00272942 -2.93363e-18    0.0043098 -6.55373e-18  -0.00679774  9.77106e-18  -0.00277035  3.83299e-20   0.00998372 -8.15377e-18  0.000797534  6.02955e-18   -0.0119148  2.18517e-18  0.000173435  -3.3309e-18    0.0126925 -3.26576e-18  0.000663758  1.98025e-19   -0.0121196  9.10262e-18  -0.00321829 -1.17561e-18   0.00948104 -1.06057e-17   0.00609672  2.12184e-18  -0.00433119  5.89676e-18  -0.00647214  1.17326e-18  -0.00139745  4.74929e-19   0.00232335 -2.00065e-18   0.00223164 -2.93328e-18  0.000915842 -3.33786e-19  0.000187224  2.75695e-19   1.4896e-05  4.53844e-20
-1.82063e-06  2.95845e-20  2.40921e-05 -1.78014e-19 -0.000106906  5.34172e-19  0.000192238  -9.8516e-19  9.88408e-05  7.05347e-19  -0.00112061  6.51698e-19   0.00188126 -2.25086e-18 -9.06999e-05  1.08698e-18  -0.00369012  3.94636e-18    0.0034553 -3.30714e-18   0.00355945 -4.65922e-18  -0.00716752  8.66571e-18   -0.0019212 -3.01734e-18    0.0100736 -4.27278e-18  0.000164769  6.11604e-18   -0.0119487  4.98462e-19  0.000414182 -3.26576e-18    0.0128019 -4.07086e-18  0.000926176  1.83317e-18   -0.0121975  1.06835e-17  -0.00399382   -3.759e-18   0.00914423 -1.08306e-17   0.00703559  2.44391e-18  -0.00321707  5.29968e-18  -0.00660813  2.65665e-18  -0.00263189  2.10927e-18   0.00110565 -1.91443e-18   0.00162268 -2.60642e-18   0.00075377 -3.15425e-19  0.000168055  1.74209e-19  1.31915e-05
 -3.5987e-21 -3.26135e-06  4.01617e-20  3.59725e-05 -1.64286e-19 -0.000167978  4.23425e-19  0.000381127 -7.97172e-19 -0.000240659  7.17175e-19 -0.000857072  -5.8029e-20   0.00210465 -1.55767e-18 -0.000795096  6.48013e-19  -0.00331182  3.66937e-18   0.00405571 -4.11193e-18   0.00276241 -1.93808e-18  -0.00743686  6.50596e-18  -0.00106979 -5.39577e-18    0.0101244 -1.04504e-18 -0.000472953   6.2397e-18   -0.0119944 -2.07811e-19  0.000663758 -4.07086e-18    0.0129475 -5.80471e-18   0.00120601  4.52676e-18   -0.0122835  1.23107e-17  -0.00482409 -5.99556e-18       0.0087 -1.10142e-17   0.00795837  1.47523e-18   -0.0018808  4.21828e-18  -0.00641706  4.29643e-18  -0.00374853  3.83578e-18 -0.000315619 -1.34059e-18  0.000683918 -1.84269e-18   0.00036533 -1.90091e-19  6.96746e-05   1.1044e-19
-5.61042e-07   -4.984e-21  2.62487e-06  3.36854e-20  1.90319e-05 -9.13993e-20 -0.000166104  2.21571e-19    0.0004945 -4.73175e-19 -0.000564007  5.98034e-19 -0.000487728 -4.36342e-19   0.00215854 -1.22538e-18  -0.00143791   6.6457e-19  -0.00281663  2.88617e-18   0.00452959 -4.55765e-18   0.00193107  1.12998e-18  -0.00761026  3.67476e-18 -0.000213705 -7.00981e-18    0.0101364  1.24056e-18  -0.00112259  6.74382e-18   -0.0120515  1.98025e-19  0.000926176 -5.80471e-18     0.013132 -8.31668e-18   0.00150875  7.69481e-18   -0.0123753   1.3767e-17  -0.00572092 -7.14931e-18   0.00812199 -1.08959e-17   0.00883858 -7.28389e-19 -0.000315123  2.27145e-18   -0.0057955  5.50545e-18  -0.00447751  4.96814e-18  -0.00151002 -6.09763e-19 -0.000133539 -1.11437e-18   5.3123e-05 -8.81639e-20   9.8019e-06
 3.43739e-23 -3.59071e-06 -2.93428e-21  2.09086e-05  1.64229e-20 -3.55936e-05 -5.69495e-21 -8.58864e-05  2.66128e-20  0.000500425 -9.89097e-20 -0.000817797  3.87821e-19 -6.57925e-05 -4.68905e-19   0.00205939 -1.08001e-18  -0.00199445  1.12626e-18  -0.00223098  1.43557e-18   0.00487688 -4.14558e-18   0.00107531  4.06051e-18   -0.0076898  8.22214e-19  0.000649795 -8.08993e-18    0.0101079  2.39887e-18  -0.00179141  7.73256e-18   -0.0121196  1.83317e-18   0.00120601 -8.31668e-18    0.0133591 -1.11523e-17   0.00184073   1.0501e-17   -0.0124696  1.47251e-17  -0.00669547 -6.68862e-18   0.00737553 -1.01082e-17   0.00962143 -3.69644e-18   0.00147155 -5.29206e-19  -0.00456632  5.74526e-18  -0.00439308  4.91604e-18  -0.00196083 -1.73729e-19 -0.000468105 -7.11967e-19 -5.08929e-05 -5.94674e-20
 4.70839e-07 -9.85913e-22 -7.85733e-06 -8.35096e-23  4.36435e-05  6.00994e-21  -0.00010799  3.62591e-20  4.78816e-05 -8.05537e-20  0.000405911  2.24309e-19 -0.000974312  1.65759e-19   0.00036308 -3.70167e-19    0.0018292 -8.19979e-19   -0.0024476  1.74524e-18  -0.00157817 -5.91992e-19   0.00509743 -2.87149e-18  0.000203451  6.45392e-18  -0.00767506  -1.4196e-18   0.00152351  -8.9118e-18    0.0100353  2.31694e-18  -0.00248718  9.10262e-18   -0.0121975  4.52676e-18   0.00150875 -1.11523e-17    0.0136337 -1.36493e-17   0.00220936  1.21603e-17   -0.0125596  1.48488e-17  -0.00775956 -4.48729e-18    0.0064041 -8.33315e-18    0.0102261 -6.77591e-18   0.00348777 -3.58977e-18  -0.00254194  4.86139e-18  -0.00323478  3.77128e-18  -0.00153917 -1.69826e-19 -0.000362134 -5.08419e-19 -3.04186e-05
 3.26447e-22  6.36182e-08 -2.79612e-21 -6.97369e-06  3.38307e-22  5.23823e-05  1.20685e-20 -0.000164238   1.5262e-21  0.000194064 -6.74289e-20  0.000237227  4.12433e-19  -0.00102409 -1.70284e-20  0.000762093 -4.03598e-19   0.00149228 -2.11305e-19  -0.00278557  2.14332e-18 -0.000879131 -2.86387e-18   0.00519049 -1.15381e-18 -0.000676825  8.07306e-18  -0.00756312 -2.66111e-18   0.00240995 -9.58913e-18   0.00991282  1.03137e-18  -0.00321829  1.06835e-17   -0.0122835  7.69481e-18   0.00184073 -1.36493e-17    0.0139613 -1.51753e-17   0.00262607  1.21635e-17   -0.0126349  1.39876e-17  -0.00893592  -9.0416e-19   0.00513872 -5.55215e-18    0.0105801 -9.35013e-18    0.0056713 -5.90427e-18  0.000111311  3.31888e-18  -0.00137608  2.32552e-18  -0.00070604  -3.2619e-19 -0.000136191 -3.72142e-19
 3.26405e-07  7.49534e-22 -3.13686e-06 -5.30879e-21   5.0467e-06  1.40252e-21  3.38703e-05  2.45539e-20 -0.000179663 -1.03774e-19  0.000316753  4.07635e-20  2.65474e-05  4.63677e-19 -0.000970665 -1.88946e-19   0.00110293 -6.81615e-19   0.00107372  7.83456e-19  -0.00300032  2.06696e-18 -0.000153416 -4.90713e-18   0.00515424   4.4546e-19  -0.00155756   8.8708e-18  -0.00734835 -2.82388e-18   0.00331096 -1.00879e-17   0.00973194 -1.17561e-18  -0.00399382  1.23107e-17   -0.0123753   1.0501e-17   0.00220936 -1.51753e-17    0.0143516 -1.53392e-17   0.00310554  1.03999e-17   -0.0126916  1.22562e-17   -0.0102436  3.33201e-18   0.00354066 -2.31053e-18    0.0105397 -1.09002e-17   0.00755997 -6.60838e-18   0.00254068  1.95451e-18  0.000243816  1.36151e-18 -8.31077e-05 -3.19683e-19 -1.60673e-05
  4.0587e-23  1.13281e-06  8.96174e-22 -8.71699e-06  -9.4223e-21  2.58497e-05  1.36006e-20 -9.33443e-06  2.15859e-20 -0.000148346  -2.3894e-19  0.000392843   1.8018e-19 -0.000194423  4.70722e-19 -0.000826369 -4.25019e-19   0.00136459 -1.09833e-18  0.000598793  1.98814e-18  -0.00308639   1.5034e-18  0.000579854 -6.28915e-18   0.00498575    1.515e-18  -0.00242957  8.95816e-18  -0.00702234 -2.06871e-18   0.00422715  -1.0394e-17   0.00948104   -3.759e-18  -0.00482409   1.3767e-17   -0.0124696  1.21603e-17   0.00262607 -1.53392e-17     0.014817 -1.40911e-17   0.00365648  7.24393e-18   -0.0127149  9.97258e-18   -0.0116503   7.4303e-18   0.00153622  4.21963e-19   0.00962605 -1.10404e-17   0.00815637  -5.6213e-18   0.00361991  1.39394e-18   0.00090119  1.00297e-18  0.000106918  -2.4797e-19
-2.84707e-08  6.07515e-22  1.37821e-06 -2.21964e-22 -1.21966e-05 -1.57619e-20  4.49048e-05  4.73956e-20 -6.24298e-05 -1.02158e-20 -7.90868e-05 -3.53183e-19  0.000411729  2.93485e-19  -0.00039774  5.42651e-19 -0.000609157 -7.69644e-19    0.0015323 -1.41525e-18   9.2876e-05  3.09827e-18  -0.00304041  6.57281e-19   0.00130092 -6.79479e-18   0.00468103  1.92063e-18  -0.00328136  8.53817e-18  -0.00657369 -6.95504e-19   0.00515727 -1.06057e-17   0.00914423 -5.99556e-18  -0.00572092  1.47251e-17   -0.0125596  1.21635e-17   0.00310554 -1.40911e-17    0.0153635  -1.1766e-17   0.00429769  3.45885e-18   -0.0126327  7.68932e-18   -0.0131316   1.0919e-17   -0.0011933  1.92755e-18   0.00706602 -9.70586e-18   0.00663863 -3.68895e-18   0.00299067  1.61435e-18  0.000701371   8.2034e-19  5.99387e-05
-1.16339e-22  3.60108e-07  2.43736e-21 -6.98879e-07 -4.23196e-21 -8.50843e-06 -2.23253e-20  5.13379e-05  1.02443e-19 -0.000108208 -6.13467e-20  1.18915e-05 -4.18358e-19  0.000373148   3.6764e-19 -0.000560847  7.06548e-19  -0.00034055 -1.18899e-18   0.00159673 -1.42385e-18 -0.000418239  3.82025e-18  -0.00286091 -1.74131e-19   0.00198827 -6.48991e-18   0.00423535   1.7471e-18  -0.00409781  7.84121e-18  -0.00598773  8.82091e-19   0.00609672 -1.08306e-17       0.0087 -7.14931e-18  -0.00669547  1.48488e-17   -0.0126349  1.03999e-17   0.00365648  -1.1766e-17    0.0160062 -9.08971e-18   0.00510369 -1.57042e-19   -0.0123749  6.39797e-18    -0.014853  1.37872e-17  -0.00506077  2.28152e-18   0.00267262  -7.3511e-18   0.00346166 -1.68536e-18   0.00148713  1.93249e-18  0.000271884  6.50804e-19
 -9.5454e-08 -3.66827e-22  1.30949e-06  6.16766e-21 -5.27093e-06 -1.26733e-20  3.14706e-06 -2.43098e-20  4.05638e-05  1.63044e-19 -0.000133886  -1.0652e-19  0.000106335 -4.42769e-19   0.00028478  4.30785e-19 -0.000667169   8.8195e-19 -4.43357e-05 -1.57929e-18   0.00155355 -1.07943e-18 -0.000907918  3.98987e-18  -0.00254877 -7.51097e-19   0.00261745 -5.63563e-18     0.003644  1.19323e-18  -0.00485833  7.08258e-18  -0.00524688  2.12184e-18   0.00703559 -1.10142e-17   0.00812199 -6.68862e-18  -0.00775956  1.39876e-17   -0.0126916  7.24393e-18   0.00429769 -9.08971e-18    0.0168143  -7.0096e-18   0.00614154 -2.93592e-18   -0.0120469  7.42388e-18   -0.0169692  1.61262e-17  -0.00965206  2.16897e-18  -0.00220149 -4.86049e-18  0.000342079 -1.62789e-19   0.00029025  1.63262e-18  3.85342e-05
-1.70341e-22  -1.5752e-07 -6.35834e-22  2.04533e-06  1.14355e-20 -9.85442e-06   -2.561e-20  1.84655e-05 -1.77945e-20  1.52234e-05   2.0666e-19 -0.000133374 -1.28266e-19  0.000187376 -4.52287e-19  0.000159973  5.12886e-19 -0.000706297  9.44858e-19  0.000254278 -1.81276e-18    0.0014035 -5.21664e-19  -0.00134823  3.61493e-18  -0.00210814 -9.89482e-19   0.00315987 -4.53744e-18   0.00290371  5.34177e-19  -0.00553514  6.42424e-18  -0.00433119  2.44391e-18   0.00795837 -1.08959e-17   0.00737553 -4.48729e-18  -0.00893592  1.22562e-17   -0.0127149  3.45885e-18   0.00510369  -7.0096e-18    0.0178464 -6.31786e-18   0.00730038 -4.14526e-18   -0.0117119  1.13701e-17   -0.0187387  1.75581e-17   -0.0130426  2.09132e-18  -0.00525906 -3.17298e-18  -0.00122167  5.18838e-19 -0.000135829  1.63436e-18
-2.82358e-08 -6.94576e-22  1.27888e-07 -5.39868e-22  1.31248e-06  1.62601e-20 -1.11026e-05 -4.06071e-20  3.10784e-05  -4.3543e-21 -1.74196e-05  2.20093e-19  -0.00010707  -1.3227e-19  0.000241678 -4.58258e-19  1.57887e-05  6.06389e-19 -0.000674129  8.19748e-19  0.000529326 -1.79411e-18   0.00115291   2.7519e-20  -0.00170965  2.84226e-18  -0.00154806 -9.64739e-19   0.00358172 -3.44009e-18   0.00201451  1.16557e-19  -0.00609071  5.89676e-18  -0.00321707  1.47523e-18   0.00883858 -1.01082e-17    0.0064041  -9.0416e-19   -0.0102436  9.97258e-18   -0.0126327 -1.57042e-19   0.00614154 -6.31786e-18    0.0189807 -7.50724e-18   0.00851241 -3.44568e-18   -0.0105602  1.65662e-17   -0.0181211  1.71606e-17    -0.012952   1.4859e-18   -0.0052857 -2.73752e-18  -0.00118598  3.90233e-19 -9.95565e-05
 2.12663e-22 -1.35721e-07  -1.6757e-21  8.75402e-07  3.90349e-22  -1.2609e-06  1.77984e-20  -7.3732e-06 -5.32309e-20  3.59493e-05  9.12205e-21  -4.8578e-05  2.07432e-19 -6.06757e-05 -1.37727e-19  0.000260712 -4.43938e-19 -0.000128676  6.60828e-19 -0.000573117  5.29567e-19  0.000754827 -1.50395e-18  0.000814821  4.03941e-19  -0.00196124  1.88602e-18 -0.000884885 -8.38935e-19   0.00384279  -2.4811e-18  0.000983068  2.77142e-19  -0.00647214  5.29968e-18   -0.0018808 -7.28389e-19   0.00962143 -8.33315e-18   0.00513872  3.33201e-18   -0.0116503  7.68932e-18   -0.0123749 -2.93592e-18   0.00730038 -7.50724e-18    0.0201363 -1.12613e-17    0.0105451 -2.17706e-18  -0.00672007  1.91829e-17   -0.0133514  1.40282e-17   -0.0090921 -8.46291e-19   -0.0032569 -2.96219e-18 -0.000549403  1.67795e-18
 8.33762e-09  5.29215e-22 -2.24224e-07 -2.85791e-21  1.61422e-06   2.3341e-21 -4.56366e-06  1.45698e-20  3.20314e-07 -5.92623e-20  3.11201e-05  1.66369e-20 -7.03862e-05  1.81521e-19 -3.59757e-06 -1.53932e-19  0.000241503 -3.81235e-19 -0.000253898  6.16909e-19 -0.000412702  1.79093e-19  0.000905915 -1.00831e-18  0.000410549  5.68861e-19  -0.00207139  9.47312e-19 -0.000146258 -7.73753e-19    0.0038961 -1.64655e-18 -0.000169165  1.17326e-18  -0.00660813  4.21828e-18 -0.000315123 -3.69644e-18    0.0102261 -5.55215e-18   0.00354066   7.4303e-18   -0.0131316  6.39797e-18   -0.0120469 -4.14526e-18   0.00851241 -1.12613e-17    0.0220526  -1.8461e-17    0.0150669 -2.89874e-18  0.000916764  1.64376e-17  -0.00536028   7.8974e-18  -0.00383072 -4.46668e-18  -0.00115494 -2.61168e-18 -0.000117414
-4.93233e-23 -2.08882e-08   7.6929e-22 -8.36579e-08 -3.68887e-21  1.60963e-06  4.82572e-21  -6.7733e-06    8.201e-21  9.10343e-06 -5.70623e-20  1.79096e-05  1.85733e-20 -7.75903e-05  1.49849e-19  5.28198e-05 -1.67725e-19  0.000187025 -2.61881e-19 -0.000341691  4.52368e-19 -0.000209841 -1.05848e-19  0.000960771 -4.25519e-19 -2.81329e-05  5.75614e-19  -0.00201067  1.40259e-19  0.000623642 -8.82189e-19   0.00369184 -7.48082e-19  -0.00139745  2.65665e-18  -0.00641706  2.27145e-18   0.00147155 -6.77591e-18    0.0105801 -2.31053e-18   0.00153622   1.0919e-17    -0.014853  7.42388e-18   -0.0117119 -3.44568e-18    0.0105451  -1.8461e-17    0.0263156 -2.79749e-17    0.0227043  -6.0992e-18     0.010364  9.59073e-18   0.00219105 -3.51585e-20 -6.53104e-05 -6.56969e-18 -9.88005e-05  6.70199e-19
