 0.000160975  6.70934e-18 -0.000819362  -5.5414e-17   0.00110883  1.03063e-16 -0.000314375   -6.232e-17 -0.000258464 -1.37106e-17  1.63948e-05  2.70821e-17  7.02367e-05 -4.16749e-18  3.07021e-05 -1.19142e-18   5.4481e-07 -1.19896e-18 -6.86536e-06 -3.68815e-19 -4.65549e-06  2.35917e-19 -1.69394e-06  2.38428e-19 -2.15107e-07  7.94445e-20   1.8687e-07 -2.81954e-20  1.76324e-07 -3.12472e-20  9.35226e-08   1.1996e-21  3.69605e-08  9.99323e-21   1.1169e-08   1.1335e-21  2.21709e-09  -3.7192e-21 -6.12129e-11 -2.82152e-21 -3.34383e-10 -9.04917e-22 -2.11236e-10  8.80067e-23 -9.61181e-11  2.98535e-22 -3.69097e-11  2.04135e-22 -1.26174e-11  8.95874e-23  -3.9385e-12  2.71761e-23 -1.13907e-12  4.08957e-24 -3.08137e-13 -1.40992e-24 -7.85011e-14 -1.54215e-24 -1.89352e-14  -8.4845e-25 -4.34391e-15 -3.78354e-25 -9.51566e-16 -1.53511e-25 -1.99755e-16 -5.84879e-26   -4.031e-17 -2.08153e-26  -7.8389e-18 -6.83881e-27 -1.47131e-18  -2.0622e-27 -2.66646e-19 -5.69808e-28  -4.6618e-20 -1.44116e-28 -7.84548e-21 -3.33352e-29 -1.26684e-21 -7.05316e-30 -1.95487e-22 -1.36646e-30 -2.86995e-23 -2.42664e-31 -3.99012e-24 -3.95315e-32 -5.22929e-25 -5.90919e-33 -6.43088e-26  -8.1017e-34 -7.38796e-27  -1.0179e-34 -7.89336e-28 -1.17079e-35  -7.8073e-29 -1.23094e-36  -7.1148e-30 -1.18002e-37 -5.94311e-31 -1.02793e-38 -4.52467e-32 -8.10418e-40 -3.11959e-33 -5.75442e-41 -1.93343e-34 -3.65743e-42 -1.06781e-35   -2.065e-43 -5.20033e-37 -1.02576e-44  -2.2046e-38 -4.42725e-46 -8.00384e-40 -1.63353e-47 -2.43612e-41 -5.04322e-49 -6.03952e-43 -1.26433e-50 -1.17025e-44 -2.46023e-52 -1.66274e-46 -3.44904e-54 -1.54938e-48 -3.01168e-56  -7.3799e-51 -1.05801e-58
 6.70934e-18   0.00132465  3.84192e-17  -0.00366766 -2.13229e-16    0.0032636  2.98648e-16 -5.91491e-05 -1.25077e-16 -0.000831098 -5.45907e-17 -0.000216052  4.69512e-17  0.000124227  6.61811e-18  0.000119154 -2.88192e-18  3.89072e-05 -3.30559e-18 -4.03817e-06 -1.92782e-18 -1.18108e-05  1.47907e-19 -7.35442e-06  6.85658e-19 -2.73135e-06  2.43054e-19 -4.77768e-07 -4.32642e-20   1.8236e-07 -3.38046e-20  2.21166e-07   2.6913e-20  1.28776e-07  2.45005e-20  5.62455e-08 -3.96596e-21  2.00071e-08 -1.43021e-20  5.81495e-09 -9.49645e-21  1.27413e-09 -3.05349e-21   1.2351e-10  1.80394e-22 -6.51776e-11  8.85225e-22 -5.26527e-11  6.26154e-22 -2.48415e-11  2.87243e-22 -9.49874e-12  9.52566e-23 -3.19219e-12  1.97841e-23 -9.75097e-13 -9.79557e-25 -2.75515e-13 -3.51803e-24 -7.27585e-14 -2.25448e-24  -1.8077e-14 -1.07449e-24 -4.24385e-15 -4.45237e-25 -9.44087e-16 -1.67302e-25 -1.99358e-16 -5.74142e-26 -3.99941e-17 -1.79861e-26 -7.62371e-18 -5.14822e-27  -1.3802e-18 -1.34884e-27 -2.37079e-19 -3.23771e-28 -3.85827e-20 -7.12184e-29 -5.93798e-21 -1.43618e-29 -8.62333e-22 -2.65701e-30 -1.17871e-22 -4.51258e-31 -1.51221e-23 -7.03816e-32 -1.81521e-24 -1.00788e-32 -2.03167e-25 -1.32402e-33 -2.11218e-26 -1.59363e-34 -2.03097e-27 -1.75499e-35 -1.79756e-28  -1.7648e-36 -1.45641e-29 -1.61578e-37 -1.07331e-30 -1.34179e-38 -7.14025e-32 -1.00608e-39 -4.24849e-33 -6.77339e-41 -2.23486e-34 -4.06663e-42 -1.02369e-35 -2.15879e-43 -3.99796e-37 -1.00231e-44  -1.2895e-38 -4.01273e-46 -3.24885e-40 -1.35959e-47 -5.62604e-42 -3.80147e-49 -3.61389e-44 -8.45809e-51  1.23976e-45 -1.41449e-52  4.33012e-47 -1.60707e-54   5.9299e-49 -9.85084e-57  2.79589e-51
-0.000819362  3.84192e-17   0.00525657  1.22243e-16  -0.00963845 -4.98876e-16    0.0055349  5.38225e-16   0.00155761 -1.37196e-16  -0.00130559 -1.21483e-16 -0.000838541  4.85895e-17 -2.09567e-05  2.64654e-17  0.000211105  1.02096e-18   0.00013307 -5.49132e-18  3.42204e-05 -4.88223e-18 -8.43336e-06 -5.54159e-19 -1.38956e-05  9.60122e-19 -8.27388e-06  3.88099e-19 -3.20136e-06  2.44501e-20 -7.35488e-07  6.48481e-20   5.3324e-08  1.09359e-19  1.67583e-07  4.81962e-20  1.12082e-07 -2.07047e-20  5.37261e-08 -3.74224e-20  2.12571e-08  -2.3211e-20  7.25624e-09 -7.62009e-21   2.1636e-09  2.03627e-23  5.57851e-10  1.78016e-21  1.18642e-10  1.32661e-21  1.73716e-11   6.3538e-22 -3.41734e-13  2.25303e-22 -1.52741e-12  5.53204e-23 -7.60007e-13  3.85969e-24 -2.74993e-13 -5.30208e-24 -8.45569e-14 -4.10066e-24 -2.32442e-14 -2.06528e-24 -5.84404e-15 -8.63897e-25 -1.35995e-15  -3.1893e-25 -2.94881e-16 -1.05839e-25 -5.98016e-17 -3.18023e-26 -1.13647e-17 -8.69782e-27 -2.02521e-18 -2.17397e-27 -3.38315e-19  -4.9773e-28 -5.29237e-20 -1.04501e-28 -7.73909e-21 -2.01354e-29  -1.0553e-21 -3.56277e-30 -1.33757e-22 -5.79156e-31 -1.56937e-23 -8.65006e-32 -1.69556e-24 -1.18636e-32 -1.67508e-25 -1.49236e-33  -1.4986e-26 -1.71919e-34 -1.19673e-27 -1.81051e-35  -8.3282e-29 -1.73887e-36 -4.81665e-30 -1.51801e-37 -2.03651e-31 -1.19949e-38 -2.67735e-33 -8.53517e-40  5.55049e-34 -5.43517e-41  7.20448e-35  -3.0738e-42  5.64173e-36 -1.52911e-43  3.36868e-37 -6.60897e-45  1.61551e-38 -2.44175e-46   6.2768e-40 -7.54615e-48  1.95279e-41 -1.89296e-49    4.726e-43 -3.68492e-51  8.44249e-45 -5.16787e-53  1.00916e-46 -4.51373e-55  6.42065e-49  -1.5857e-57
 -5.5414e-17  -0.00366766  1.22243e-16    0.0134413  2.65582e-16   -0.0177348 -8.39507e-16   0.00578691  7.06545e-16   0.00454336 -7.14253e-17 -0.000878712 -1.86776e-16   -0.0016211  2.56672e-17 -0.000517894  4.49081e-17   0.00015816   1.2188e-17  0.000237641 -5.50913e-18  0.000118689 -7.97605e-18  2.47903e-05 -2.10246e-18  -1.0021e-05  4.77996e-19 -1.30057e-05  3.18897e-19 -7.61122e-06  2.26554e-19 -3.10214e-06    3.454e-19 -8.81584e-07  2.87913e-19 -1.04019e-07  8.88338e-20  6.91873e-08 -5.23592e-20  6.49608e-08 -7.70915e-20  3.51997e-08 -4.63612e-20  1.52094e-08 -1.57629e-20  5.68509e-09 -9.31097e-22  1.90153e-09  2.74965e-21  5.79028e-10  2.22126e-21  1.62073e-10  1.11157e-21  4.19262e-11  4.14375e-22  1.00507e-11  1.11932e-22  2.23429e-12  1.44921e-23   4.6015e-13 -5.99667e-24   8.7588e-14 -5.89362e-24  1.53559e-14 -3.10724e-24  2.47102e-15 -1.30161e-24  3.64875e-16 -4.70968e-25  5.00763e-17 -1.51401e-25  6.71178e-18 -4.37999e-26   9.8334e-19 -1.14963e-26  1.76438e-19 -2.75292e-27  3.74168e-20 -6.03411e-28   8.2064e-21 -1.21283e-28  1.70177e-21 -2.23772e-29  3.22667e-22 -3.79248e-30  5.54926e-23 -5.90617e-31  8.65714e-24 -8.45092e-32  1.22724e-24  -1.1101e-32  1.58305e-25 -1.33674e-33  1.85887e-26 -1.47295e-34  1.98572e-27 -1.48208e-35  1.92653e-28 -1.35796e-36   1.6929e-29 -1.12881e-37  1.34225e-30 -8.47308e-39  9.55453e-32 -5.71044e-40   6.0673e-33  -3.4315e-41  3.40966e-34  -1.8229e-42  1.67868e-35 -8.46871e-44  7.14777e-37 -3.39257e-45  2.58853e-38 -1.15018e-46  7.79642e-40 -3.21721e-48  1.89295e-41 -7.15879e-50  3.53723e-43 -1.19717e-51  4.71564e-45 -1.36014e-53  3.86995e-47 -8.33657e-56  1.25927e-49
  0.00110883 -2.13229e-16  -0.00963845  2.65582e-16    0.0250184  4.32681e-16   -0.0247497 -1.09701e-15   0.00252513  7.26866e-16   0.00764154  3.90307e-17  0.000906635 -2.21854e-16  -0.00199045 -1.37418e-17  -0.00126918  5.33429e-17 -0.000166913   2.6863e-17  0.000246016 -1.58671e-18  0.000214676 -9.44092e-18  9.23261e-05 -4.42209e-18  1.65635e-05 -1.14456e-18   -8.684e-06 -1.31324e-19  -1.0197e-05  5.74533e-19 -5.98754e-06  8.55473e-19 -2.57726e-06  5.88895e-19 -8.56276e-07  1.54674e-19 -2.01004e-07 -9.71725e-20 -1.29826e-08 -1.33144e-19  1.91844e-08 -7.93351e-20  1.45498e-08 -2.81661e-20  7.16747e-09 -3.33076e-21    2.905e-09  3.35779e-21  1.03728e-09  3.08411e-21  3.36402e-10  1.61753e-21  1.00774e-10  6.26042e-22  2.81816e-11  1.78758e-22  7.41127e-12  2.89269e-23  1.84271e-12   -5.302e-24   4.3494e-13 -7.11985e-24  9.77604e-14  -3.8919e-24  2.09728e-14  -1.6223e-24  4.30098e-15  -5.7419e-25  8.43762e-16 -1.78966e-25  1.58342e-16 -4.99631e-26  2.84018e-17 -1.26215e-26  4.86197e-18 -2.90409e-27  7.92634e-19 -6.11057e-28   1.2274e-19 -1.17844e-28  1.79991e-20 -2.08567e-29  2.49138e-21 -3.39008e-30  3.24368e-22 -5.06221e-31  3.95776e-23 -6.94251e-32  4.50826e-24 -8.73549e-33  4.77485e-25 -1.00677e-33  4.68199e-26 -1.06065e-34  4.23058e-27 -1.01894e-35  3.50464e-28 -8.89792e-37  2.64649e-29 -7.03402e-38  1.80986e-30 -5.00779e-39  1.11243e-31 -3.19047e-40  6.09054e-33 -1.80492e-41  2.93827e-34 -8.98026e-43  1.23245e-35 -3.88178e-44  4.41895e-37 -1.43442e-45  1.32461e-38 -4.43382e-47  3.22028e-40 -1.11221e-48  6.07744e-42 -2.16456e-50  8.31508e-44 -3.03469e-52  7.30695e-46 -2.64977e-54  3.13983e-48 -9.30571e-57
 1.03063e-16    0.0032636 -4.98876e-16   -0.0177348  4.32681e-16    0.0364194  5.57934e-16   -0.0274766 -1.16578e-15  -0.00368157  6.18138e-16   0.00918791  1.35618e-16   0.00366428 -2.20537e-16  -0.00144869 -5.49484e-17  -0.00192483  4.92945e-17 -0.000739347  3.98526e-17  6.30986e-05  6.28234e-18  0.000249853 -8.44761e-18  0.000168827 -7.29258e-18  6.62465e-05 -3.90387e-18  1.14661e-05 -9.83483e-19 -5.71252e-06  1.05963e-18 -6.76145e-06  1.58845e-18 -4.05839e-06  1.00775e-18 -1.83932e-06  2.48386e-19  -6.8147e-07 -1.48592e-19 -2.08038e-07 -2.00227e-19 -4.93005e-08 -1.19717e-19 -6.50345e-09 -4.45293e-20  1.54241e-09  -7.6523e-21  1.64719e-09  3.11263e-21  8.31318e-10  3.60499e-21  3.29168e-10  1.99903e-21  1.13131e-10  7.96949e-22  3.50902e-11  2.34709e-22  1.00155e-11   4.1962e-23  2.65994e-12 -3.81645e-24  6.61834e-13 -7.53167e-24  1.54949e-13 -4.21169e-24  3.42265e-14 -1.73561e-24  7.14403e-15 -5.99487e-25  1.41001e-15 -1.81168e-25  2.63143e-16 -4.88666e-26  4.64076e-17 -1.19013e-26  7.72586e-18 -2.63624e-27   1.2123e-18 -5.33466e-28  1.78961e-19 -9.88718e-29  2.47983e-20 -1.68076e-29   3.2172e-21  -2.6227e-30  3.89625e-22  -3.7577e-31   4.3902e-23 -4.94132e-32  4.58513e-24  -5.9563e-33  4.41958e-25 -6.56923e-34  3.91214e-26 -6.61411e-35  3.16175e-27 -6.06248e-36  2.31688e-28 -5.04097e-37  1.52632e-29 -3.78514e-38  8.94256e-31 -2.55191e-39  4.59336e-32 -1.53391e-40  2.02682e-33 -8.14926e-42  7.44102e-35 -3.78561e-43  2.14148e-36 -1.51634e-44  4.14034e-38 -5.14065e-46  1.63836e-40 -1.43783e-47 -2.28275e-41 -3.19866e-49 -9.50311e-43 -5.34689e-51  -2.0174e-44 -6.07184e-53 -2.33798e-46  -3.7198e-55 -1.01535e-48
-0.000314375  2.98648e-16    0.0055349 -8.39507e-16   -0.0247497  5.57934e-16    0.0437133  5.88492e-16   -0.0250646 -1.03968e-15   -0.0106604  4.62076e-16   0.00831693  1.83893e-16   0.00641559  -1.9639e-16  6.05025e-05 -8.75754e-17  -0.00209993  3.57052e-17   -0.0013673  4.83841e-17 -0.000318127   1.6457e-17   0.00015811 -5.72513e-18  0.000206959 -1.06641e-17  0.000120903 -7.50998e-18  4.55655e-05 -2.10448e-18  8.82173e-06  1.66131e-18 -2.58771e-06  2.47681e-18  -3.6921e-06  1.50142e-18 -2.32514e-06   3.6192e-19 -1.10625e-06 -1.98491e-19 -4.41088e-07 -2.69461e-19 -1.52832e-07 -1.62794e-19 -4.65398e-08 -6.34623e-20 -1.23744e-08   -1.394e-20 -2.77893e-09  1.65543e-21 -4.71221e-10  3.49976e-21 -2.83943e-11  2.10174e-21  2.09674e-11  8.61363e-22  1.26483e-11  2.57348e-22   4.8202e-12  4.75726e-23  1.50838e-12 -2.71655e-24  4.15521e-13 -7.24763e-24  1.03697e-13 -4.05266e-24  2.37799e-14 -1.63676e-24  5.04966e-15 -5.49772e-25   9.9706e-16 -1.60915e-25  1.83423e-16 -4.19404e-26  3.14546e-17 -9.85492e-27  5.02498e-18 -2.10365e-27  7.46613e-19 -4.09841e-28  1.02902e-19 -7.30724e-29  1.31066e-20 -1.19411e-29  1.53469e-21 -1.78997e-30  1.63991e-22 -2.46178e-31  1.58193e-23  -3.1046e-32  1.35396e-24 -3.58508e-33  9.96348e-26 -3.78295e-34  5.86952e-27 -3.63834e-35  2.14346e-28 -3.17963e-36 -5.41904e-30 -2.51501e-37  -1.9379e-30 -1.79145e-38 -2.22454e-31 -1.14186e-39 -1.83367e-32 -6.46187e-41 -1.21366e-33 -3.21536e-42 -6.65263e-35 -1.38973e-43 -3.03579e-36 -5.13476e-45 -1.14379e-37 -1.58707e-46 -3.48976e-39 -3.98072e-48 -8.34305e-41 -7.74508e-50 -1.47971e-42 -1.08538e-51 -1.76253e-44  -9.4724e-54 -1.12059e-46 -3.32495e-56
  -6.232e-17 -5.91491e-05  5.38225e-16   0.00578691 -1.09701e-15   -0.0274766  5.88492e-16    0.0453358  5.15616e-16   -0.0191965 -7.95085e-16   -0.0162705  3.33128e-16   0.00535117  1.87648e-16   0.00824141 -1.66022e-16   0.00215123 -1.08768e-16  -0.00160025  1.84979e-17  -0.00179608  5.30977e-17 -0.000800377  2.66969e-17 -7.65332e-05 -3.05062e-18  0.000163281  -1.4735e-17  0.000150332  -1.1582e-17  8.08382e-05 -3.30306e-18   3.0585e-05   2.3222e-18  7.23133e-06  3.39394e-18 -2.98768e-07  1.99129e-18 -1.51293e-06  4.73616e-19 -1.06811e-06 -2.42158e-19 -5.38173e-07 -3.32117e-19 -2.26216e-07 -2.03257e-19 -8.36729e-08 -8.29431e-20 -2.79328e-08 -2.17783e-20 -8.53669e-09 -1.10421e-21  -2.4096e-09  2.62159e-21 -6.31901e-10  1.83566e-21 -1.54625e-10  7.80465e-22 -3.54319e-11  2.33522e-22 -7.63092e-12  4.19818e-23 -1.55166e-12 -3.05675e-24 -2.99802e-13 -6.62102e-24  -5.5555e-14 -3.56431e-24 -9.99884e-15 -1.39246e-24 -1.77394e-15 -4.52205e-25 -3.14336e-16 -1.27852e-25  -5.5963e-17 -3.21634e-26 -9.96461e-18 -7.28932e-27 -1.75097e-18 -1.49968e-27 -2.98589e-19  -2.8139e-28 -4.86539e-20 -4.82823e-29 -7.48382e-21 -7.58736e-30 -1.07705e-21 -1.09285e-30 -1.44099e-22 -1.44294e-31 -1.78351e-23 -1.74513e-32 -2.03374e-24 -1.93016e-33 -2.12838e-25 -1.94784e-34 -2.03621e-26 -1.78849e-35 -1.77309e-27 -1.48901e-36 -1.39835e-28 -1.11916e-37 -9.92996e-30 -7.55175e-39 -6.30527e-31 -4.54259e-40 -3.54989e-32 -2.41469e-41  -1.7537e-33 -1.12201e-42 -7.50307e-35 -4.49463e-44 -2.73359e-36 -1.52383e-45 -8.29245e-38 -4.26253e-47  -2.0301e-39 -9.48306e-49 -3.82934e-41 -1.58501e-50 -5.15962e-43 -1.79944e-52 -4.28555e-45 -1.10204e-54 -1.41377e-47
-0.000258464 -1.25077e-16   0.00155761  7.06545e-16   0.00252513 -1.16578e-15   -0.0250646  5.15616e-16    0.0425724  3.71215e-16   -0.0124098 -5.27401e-16   -0.0195377  2.59997e-16   0.00129479  1.69673e-16   0.00871702 -1.38973e-16   0.00426436 -1.19469e-16 -0.000490234  4.55859e-18  -0.00183447  5.68768e-17  -0.00122859  3.52639e-17 -0.000406626 -2.14713e-18   2.3361e-05 -1.96736e-17  0.000127573 -1.57423e-17  9.85845e-05 -4.43252e-18  5.08369e-05  2.92253e-18  1.98711e-05  4.16866e-18  5.71709e-06  2.37508e-18  8.37948e-07  5.48859e-19 -3.05519e-07 -2.82497e-19 -3.41707e-07 -3.83448e-19 -1.94063e-07 -2.37279e-19 -8.66257e-08 -1.01101e-19 -3.34444e-08 -3.04654e-20 -1.16088e-08 -4.95629e-21  -3.6969e-09   1.0223e-21 -1.09352e-09  1.21459e-21 -3.02927e-10  5.59808e-22 -7.90554e-11  1.65416e-22  -1.9521e-11  2.55081e-23 -4.57575e-12 -5.17089e-24 -1.02053e-12 -6.00068e-24 -2.16898e-13 -2.95157e-24 -4.39626e-14 -1.09424e-24 -8.49804e-15 -3.40451e-25 -1.56556e-15 -9.25284e-26 -2.74515e-16  -2.2406e-26 -4.57306e-17 -4.89017e-27 -7.22079e-18 -9.68843e-28  -1.0778e-18 -1.74996e-28  -1.5163e-19 -2.88888e-29 -2.00417e-20 -4.36475e-30 -2.48035e-21 -6.03973e-31 -2.86387e-22 -7.65395e-32 -3.07315e-23 -8.87463e-33 -3.05217e-24 -9.39732e-34 -2.79299e-25 -9.06443e-35 -2.34314e-26 -7.93969e-36 -1.79208e-27 -6.29117e-37 -1.24156e-28  -4.4877e-38 -7.73374e-30 -2.86411e-39 -4.29333e-31 -1.62267e-40 -2.10163e-32 -8.08152e-42 -8.95315e-34 -3.49511e-43 -3.26459e-35 -1.29192e-44 -9.96971e-37 -3.99476e-46 -2.47572e-38 -1.00244e-47 -4.79132e-40 -1.95122e-49 -6.76607e-42 -2.73516e-51 -6.20983e-44 -2.38745e-53 -2.85957e-46 -8.38133e-56
-1.37106e-17 -0.000831098 -1.37196e-16   0.00454336  7.26866e-16  -0.00368157 -1.03968e-15   -0.0191965  3.71215e-16    0.0379311  2.02277e-16   -0.0064885 -3.02359e-16   -0.0206336  2.32212e-16  -0.00286576   1.4808e-16   0.00791711 -1.18507e-16   0.00593557 -1.20497e-16  0.000986929  5.43711e-20  -0.00142127  6.30056e-17  -0.00145709  4.15156e-17 -0.000740975 -3.71238e-18 -0.000188771  -2.5216e-17  4.32855e-05 -1.95801e-17   8.3352e-05 -5.41778e-18  5.86333e-05  3.29762e-18  2.97476e-05  4.62036e-18  1.21163e-05  2.54845e-18  4.03076e-06  5.46531e-19  1.04072e-06 -3.30455e-19   1.5574e-07  -4.2448e-19 -3.03856e-08 -2.63773e-19 -3.84375e-08  -1.1682e-19  -2.0815e-08 -3.92301e-20 -8.71988e-09  -9.4475e-21 -3.15065e-09 -1.05894e-21 -1.02308e-09  3.52225e-22 -3.04707e-10  2.46529e-22 -8.42094e-11  6.91547e-23 -2.17495e-11  2.28063e-24 -5.27388e-12 -8.52717e-24 -1.20408e-12 -5.55571e-24 -2.59274e-13 -2.37283e-24 -5.26984e-14 -8.15063e-25 -1.01116e-14  -2.3985e-25 -1.83077e-15 -6.21896e-26 -3.12482e-16 -1.44273e-26 -5.02119e-17 -3.02306e-27 -7.58276e-18  -5.7557e-28 -1.07395e-18 -9.99336e-29 -1.42305e-19 -1.58553e-29  -1.7593e-20  -2.3013e-30 -2.02291e-21 -3.05712e-31 -2.15565e-22 -3.71601e-32 -2.12019e-23 -4.12797e-33 -1.91571e-24 -4.18179e-34 -1.58151e-25 -3.85226e-35 -1.18518e-26 -3.21579e-36 -7.99955e-28 -2.42232e-37 -4.81593e-29  -1.6376e-38 -2.55368e-30 -9.86795e-40 -1.17251e-31 -5.25396e-41 -4.54686e-33  -2.4447e-42 -1.42939e-34 -9.80404e-44 -3.35264e-36 -3.32712e-45 -4.50441e-38 -9.31611e-47  3.23859e-40 -2.07485e-48  3.44213e-41 -3.47168e-50  8.75183e-43 -3.94527e-52   1.1056e-44 -2.41847e-54    5.075e-47
 1.63948e-05 -5.45907e-17  -0.00130559 -7.14253e-17   0.00764154  6.18138e-16   -0.0106604 -7.95085e-16   -0.0124098  2.02277e-16     0.033392  4.78321e-17  -0.00202999 -1.44407e-16   -0.0202439  2.24432e-16  -0.00652221   1.2651e-16   0.00618404 -1.06033e-16   0.00691192 -1.11907e-16   0.00253485  8.64064e-18  -0.00061979  7.35542e-17  -0.00139804  4.58645e-17 -0.000979785 -7.05839e-18 -0.000418955 -3.04688e-17 -8.83355e-05   -2.259e-17  3.10144e-05 -6.20641e-18  4.62597e-05  3.30265e-18  3.11253e-05  4.61165e-18  1.57552e-05  2.43419e-18   6.6415e-06  4.31862e-19  2.41504e-06 -4.00303e-19  7.64569e-07 -4.60549e-19  2.08292e-07  -2.8406e-19  4.64896e-08 -1.29764e-19   7.0378e-09 -4.73419e-20 -2.11073e-10 -1.39829e-20 -7.09774e-10 -3.26696e-21 -3.61201e-10 -5.79012e-22 -1.34071e-10 -8.99232e-23 -4.21739e-11 -3.23026e-23  -1.1812e-11 -2.17149e-23 -3.01202e-12 -1.20501e-23 -7.07458e-13 -5.25128e-24 -1.54054e-13 -1.89764e-24 -3.12129e-14   -5.907e-25 -5.89457e-15 -1.61989e-25 -1.03809e-15 -3.96761e-26 -1.70395e-16 -8.75864e-27  -2.6033e-17 -1.75359e-27 -3.69387e-18 -3.19747e-28 -4.85266e-19 -5.32285e-29 -5.87758e-20 -8.10053e-30 -6.52645e-21 -1.12771e-30 -6.59177e-22 -1.43631e-31 -5.98649e-23 -1.67265e-32 -4.79955e-24 -1.77823e-33 -3.28438e-25 -1.72155e-34  -1.7746e-26 -1.51289e-35 -5.62948e-28 -1.20216e-36  1.96528e-29 -8.59652e-38  5.15604e-30   -5.499e-39  5.24111e-31 -3.12246e-40  3.85468e-32  -1.5585e-41  2.26181e-33 -6.75366e-43  1.08566e-34 -2.50089e-44  4.26198e-36 -7.74651e-46  1.34739e-37 -1.94753e-47  3.32661e-39 -3.79846e-49  6.08088e-41 -5.33576e-51  7.45717e-43 -4.66725e-53  4.87945e-45 -1.64197e-55
 2.70821e-17 -0.000216052 -1.21483e-16 -0.000878712  3.90307e-17   0.00918791  4.62076e-16   -0.0162705 -5.27401e-16   -0.0064885  4.78321e-17    0.0298037 -6.97285e-17   0.00113051   -4.874e-17   -0.0190335  2.14035e-16  -0.00944277  9.77838e-17   0.00390485 -1.03248e-16   0.00713484  -9.4524e-17   0.00389631  3.00166e-17  0.000427198  8.84484e-17  -0.00103793  4.92928e-17  -0.00104654 -1.04436e-17 -0.000601903 -3.40818e-17 -0.000233747 -2.41925e-17 -4.82049e-05 -6.70535e-18  1.34226e-05  2.88721e-18  2.11093e-05  4.09905e-18  1.41977e-05  2.01066e-18  7.23638e-06  1.91831e-19  3.11934e-06 -5.01426e-19  1.18665e-06 -4.97206e-19  4.06963e-07 -3.00135e-19  1.27356e-07 -1.39861e-19  3.66331e-08 -5.40923e-20  9.72767e-09 -1.79368e-20  2.39052e-09 -5.22897e-21  5.44303e-10 -1.40416e-21  1.14888e-10  -3.8234e-22  2.24947e-11 -1.17704e-22  4.09543e-12 -4.10186e-23  6.98385e-13 -1.46516e-23  1.13566e-13 -4.94392e-24  1.82515e-14 -1.52353e-24  3.05487e-15 -4.25022e-25  5.55098e-16  -1.0732e-25  1.08723e-16 -2.45849e-26  2.18425e-17 -5.12448e-27  4.27339e-18 -9.74498e-28   7.8756e-19 -1.69386e-28  1.34454e-19 -2.69381e-29  2.11055e-20 -3.92095e-30  3.03612e-21 -5.22327e-31  3.99549e-22 -6.36581e-32  4.80291e-23 -7.09026e-33  5.26429e-24 -7.20278e-34  5.24859e-25 -6.65439e-35  4.74515e-26 -5.57062e-36  3.87443e-27  -4.2072e-37  2.84254e-28 -2.85147e-38    1.862e-29 -1.72269e-39  1.08037e-30   -9.197e-41  5.49731e-32 -4.29137e-42  2.42213e-33 -1.72568e-43  9.08972e-35 -5.87196e-45  2.84203e-36 -1.64872e-46  7.17875e-38 -3.68305e-48  1.39934e-39 -6.18288e-50  1.95272e-41 -7.05097e-52  1.68486e-43 -4.33806e-54  5.79789e-46
 7.02367e-05  4.69512e-17 -0.000838541 -1.86776e-16  0.000906635  1.35618e-16   0.00831693  3.33128e-16   -0.0195377 -3.02359e-16  -0.00202999 -6.97285e-17    0.0272077  -1.4182e-16   0.00338339  2.30933e-18   -0.0174451  1.87155e-16   -0.0116229  5.27405e-17   0.00139658 -1.11476e-16   0.00667007 -7.12555e-17   0.00489279  5.97164e-17   0.00154738  1.05464e-16 -0.000428973  5.27516e-17 -0.000906768 -1.18429e-17 -0.000681691 -3.47053e-17 -0.000351286 -2.38683e-17 -0.000132751 -6.76594e-18 -3.18601e-05  2.13232e-18   1.3897e-06  3.15685e-18  7.07997e-06  1.32665e-18  5.16907e-06 -1.54194e-19  2.70511e-06 -6.30886e-19  1.18575e-06 -5.35817e-19  4.59417e-07 -3.12649e-19  1.61505e-07 -1.46684e-19  5.23086e-08 -5.87603e-20  1.57665e-08 -2.07614e-20   4.4544e-09 -6.64551e-21  1.18604e-09 -1.99335e-21  2.98882e-10 -5.84705e-22  7.15219e-11 -1.73605e-22  1.62934e-11  -5.2374e-23  3.53978e-12 -1.56633e-23  7.34089e-13 -4.50388e-24  1.45343e-13 -1.21792e-24  2.74561e-14 -3.05801e-25   4.9418e-15 -7.08194e-26  8.45805e-16 -1.50806e-26  1.37312e-16 -2.94966e-27   2.1084e-17 -5.29802e-28  3.05235e-18 -8.73671e-29  4.15244e-19 -1.32201e-29  5.28979e-20 -1.83421e-30  6.28712e-21  -2.3315e-31  6.94504e-22 -2.71237e-32  7.10125e-23 -2.88324e-33   6.6914e-24  -2.7934e-34  5.78254e-25 -2.45829e-35  4.55818e-26 -1.95694e-36  3.25731e-27 -1.40228e-37  2.09521e-28 -8.99085e-39  1.20293e-29 -5.11897e-40  6.10252e-31 -2.56293e-41  2.70167e-32  -1.1144e-42  1.02757e-33 -4.14122e-44  3.29007e-35 -1.28744e-45  8.62736e-37 -3.24946e-47  1.78158e-38 -6.36537e-49  2.72743e-40 -8.98446e-51  2.78521e-42 -7.89944e-53  1.49625e-44  -2.7943e-55
-4.16749e-18  0.000124227  4.85895e-17   -0.0016211 -2.21854e-16   0.00366428  1.83893e-16   0.00535117  2.59997e-16   -0.0206336 -1.44407e-16   0.00113051  -1.4182e-16    0.0253519 -1.67221e-16   0.00506093  2.77694e-17   -0.0157184  1.38735e-16    -0.013151 -1.25106e-17  -0.00111913 -1.30256e-16   0.00564194 -4.70204e-17   0.00542664  9.04521e-17   0.00257604  1.21062e-16  0.000331682  5.67195e-17 -0.000572736 -9.76373e-18 -0.000627184  -3.1505e-17 -0.000404556 -2.13481e-17 -0.000197129 -6.23543e-18 -7.59755e-05  1.22643e-18 -2.21492e-05  1.95978e-18 -3.53824e-06  4.93216e-19   9.8045e-07 -5.55098e-19  1.23779e-06 -7.71139e-19  7.27077e-07 -5.71489e-19  3.32079e-07 -3.19936e-19  1.30696e-07 -1.49238e-19  4.61399e-08 -6.06833e-20  1.49122e-08 -2.20877e-20  4.46522e-09 -7.35065e-21  1.24818e-09 -2.28681e-21  3.27363e-10 -6.80084e-22  8.08275e-11 -1.96367e-22   1.8828e-11 -5.52092e-23  4.14298e-12 -1.49959e-23  8.61611e-13 -3.88869e-24  1.69344e-13 -9.52363e-25  3.14366e-14 -2.18448e-25  5.50637e-15 -4.66501e-26  9.08768e-16 -9.23825e-27  1.41073e-16 -1.69229e-27  2.05563e-17 -2.86255e-28  2.80508e-18 -4.46401e-29  3.57515e-19 -6.40694e-30  4.24337e-20 -8.44884e-31  4.67479e-21 -1.02207e-31  4.76255e-22  -1.1323e-32  4.46816e-23 -1.14621e-33  3.84205e-24 -1.05691e-34  3.01135e-25 -8.84246e-36  2.13768e-26 -6.68069e-37    1.364e-27 -4.53287e-38  7.75168e-29  -2.7434e-39  3.87955e-30 -1.46836e-40  1.68559e-31 -6.87385e-42  6.23944e-33 -2.77474e-43  1.91748e-34 -9.48112e-45   4.7095e-36 -2.67416e-46  8.68465e-38 -6.00357e-48  1.06147e-39 -1.01346e-49  5.73656e-42 -1.16288e-51  -3.2972e-44 -7.20232e-54 -4.19526e-46
 3.07021e-05  6.61811e-18 -2.09567e-05  2.56672e-17  -0.00199045 -2.20537e-16   0.00641559  1.87648e-16   0.00129479  2.32212e-16   -0.0202439   -4.874e-17   0.00338339 -1.67221e-16     0.023988 -1.47838e-16   0.00637815  4.24028e-17    -0.013967  7.12529e-17   -0.0141344 -9.38344e-17  -0.00350074 -1.56888e-16   0.00419108 -2.75255e-17    0.0054665  1.14424e-16   0.00337758  1.31604e-16   0.00112517  6.10255e-17  -9.7232e-05 -3.79354e-18 -0.000439401 -2.45086e-17  -0.00037348 -1.67659e-17 -0.000220611 -5.04557e-18  -0.00010475  3.92598e-19 -4.17353e-05  7.29666e-19  -1.4014e-05 -3.46389e-19 -3.82481e-06 -9.41216e-19 -7.25569e-07 -8.94661e-19 -2.63269e-09 -5.94594e-19  8.20128e-08 -3.18667e-19  5.09016e-08 -1.46323e-19  2.22466e-08 -5.94468e-20  8.15386e-09 -2.18009e-20  2.64885e-09 -7.33159e-21  7.81923e-10  -2.2952e-21  2.12547e-10 -6.77896e-22  5.36155e-11 -1.90549e-22  1.26097e-11 -5.10915e-23  2.77271e-12 -1.30321e-23  5.70884e-13  -3.1469e-24  1.10126e-13  -7.1568e-25  1.99011e-14 -1.52582e-25  3.36665e-15 -3.03754e-26  5.32498e-16 -5.62886e-27  7.86129e-17 -9.68611e-28  1.08087e-17 -1.54451e-28   1.3803e-18 -2.27716e-29   1.6318e-19 -3.09705e-30  1.77873e-20 -3.87672e-31  1.77892e-21 -4.45657e-32  1.62225e-22 -4.69418e-33  1.33817e-23 -4.51759e-34  9.87624e-25 -3.95778e-35  6.41858e-26 -3.14221e-36  3.57928e-27  -2.2488e-37  1.62891e-28 -1.44172e-38  5.29643e-30 -8.21658e-40  5.03018e-32 -4.12235e-41 -8.18025e-33 -1.79796e-42 -7.44275e-34 -6.70705e-44 -3.92994e-35 -2.09429e-45 -1.49324e-36  -5.3118e-47 -4.20276e-38 -1.04624e-48 -8.50589e-40 -1.48581e-50 -1.13472e-41  -1.3153e-52 -7.98709e-44 -4.68727e-55
-1.19142e-18  0.000119154  2.64654e-17 -0.000517894 -1.37418e-17  -0.00144869  -1.9639e-16   0.00824141  1.69673e-16  -0.00286576  2.24432e-16   -0.0190335  2.30933e-18   0.00506093 -1.47838e-16     0.022952 -8.82373e-17   0.00746285  5.51569e-17   -0.0122403 -6.97842e-18   -0.0146695 -1.80734e-16  -0.00566255 -1.87292e-16   0.00245328 -1.77171e-17   0.00502997  1.25565e-16   0.00385532  1.34411e-16   0.00183161  6.49011e-17  0.000439293  5.26242e-18 -0.000150522 -1.46677e-17 -0.000260086 -1.07027e-17 -0.000194127 -3.28641e-18 -0.000108654 -1.96765e-19  -5.0818e-05 -3.31581e-19 -2.06987e-05 -1.05746e-18 -7.48305e-06 -1.24508e-18 -2.42009e-06 -9.73516e-19 -6.99765e-07 -5.95042e-19 -1.78978e-07 -3.05697e-19 -3.93048e-08 -1.37248e-19 -6.80959e-09 -5.50902e-20 -6.25188e-10 -2.00637e-20  1.49428e-10 -6.70843e-21  1.09293e-10 -2.08132e-21  4.10968e-11 -6.04576e-22  1.21774e-11 -1.65362e-22  3.11008e-12 -4.26727e-23   7.0778e-13 -1.03815e-23  1.45665e-13 -2.37605e-24  2.72853e-14 -5.10322e-25  4.65864e-15 -1.02589e-25  7.23203e-16 -1.92561e-26  1.01371e-16 -3.36751e-27  1.26537e-17 -5.47628e-28  1.36807e-18 -8.26482e-29  1.19963e-19 -1.15495e-29  6.74798e-21 -1.49063e-30 -1.99375e-22 -1.77231e-31  -1.2916e-22 -1.93626e-32 -2.36613e-23 -1.93837e-33 -3.15905e-24 -1.77216e-34 -3.48076e-25 -1.47349e-35  -3.2925e-26  -1.1086e-36 -2.71362e-27 -7.50264e-38 -1.95718e-28 -4.53529e-39 -1.23336e-29 -2.42758e-40 -6.75104e-31 -1.13791e-41  -3.1782e-32 -4.60446e-43 -1.26835e-33 -1.57849e-44 -4.20372e-35  -4.4696e-46 -1.12339e-36 -1.00792e-47 -2.31475e-38 -1.71009e-49 -3.41493e-40 -1.97344e-51 -3.11863e-42 -1.23006e-53 -1.13841e-44
  5.4481e-07 -2.88192e-18  0.000211105  4.49081e-17  -0.00126918 -5.49484e-17  6.05025e-05 -1.66022e-16   0.00871702   1.4808e-16  -0.00652221  2.14035e-16   -0.0174451  2.77694e-17   0.00637815 -8.82373e-17    0.0221485  2.89788e-18   0.00839297   6.9905e-17   -0.0105555 -8.44514e-17   -0.0148339 -2.60616e-16  -0.00755401 -2.17509e-16  0.000551699 -2.06033e-17   0.00416911  1.20884e-16   0.00395458  1.28272e-16    0.0023469  6.71738e-17  0.000944918  1.56233e-17  0.000184152 -3.63706e-18  -8.7817e-05 -4.09156e-18 -0.000123102 -1.22253e-18 -8.61423e-05 -4.78382e-19  -4.6579e-05 -1.09587e-18  -2.1455e-05 -1.54924e-18 -8.76332e-06 -1.42106e-18 -3.24259e-06 -9.89302e-19 -1.10143e-06 -5.66928e-19 -3.46616e-07 -2.79953e-19 -1.01762e-07 -1.22409e-19 -2.80329e-08 -4.81862e-20 -7.28317e-09 -1.72688e-20 -1.79329e-09 -5.68514e-21 -4.20442e-10 -1.73314e-21  -9.4285e-11 -4.92448e-22 -2.03052e-11 -1.30961e-22 -4.21254e-12 -3.26549e-23 -8.43294e-13 -7.63497e-24 -1.62879e-13  -1.6724e-24 -3.02943e-14 -3.42748e-25  -5.4069e-15 -6.56214e-26 -9.21825e-16 -1.17184e-26 -1.49369e-16 -1.94889e-27 -2.28851e-17 -3.01397e-28 -3.29889e-18 -4.32652e-29 -4.45322e-19 -5.75205e-30 -5.60463e-20 -7.06444e-31 -6.54839e-21 -7.99336e-32 -7.07278e-22 -8.30909e-33 -7.03092e-23 -7.91015e-34 -6.40281e-24 -6.87028e-35 -5.31413e-25 -5.41878e-36  -3.9964e-26 -3.85962e-37 -2.70497e-27 -2.46632e-38  -1.6348e-28 -1.40278e-39 -8.73804e-30 -7.03233e-41 -4.08219e-31 -3.06835e-42 -1.64224e-32 -1.14626e-43 -5.57989e-34 -3.58725e-45 -1.55977e-35 -9.12408e-47 -3.45498e-37 -1.80304e-48 -5.72236e-39  -2.5703e-50  -6.3988e-41 -2.28521e-52 -3.83075e-43 -8.18368e-55
-1.19896e-18  3.89072e-05  1.02096e-18   0.00015816  5.33429e-17  -0.00192483 -8.75754e-17   0.00215123 -1.38973e-16   0.00791711   1.2651e-16  -0.00944277  1.87155e-16   -0.0157184  4.24028e-17   0.00746285  2.89788e-18    0.0215227  1.12299e-16   0.00922003  8.72081e-17  -0.00891417  -1.4984e-16   -0.0146863 -3.23227e-16  -0.00914465 -2.44866e-16  -0.00140362 -3.67369e-17   0.00296068  1.00679e-16   0.00366255  1.13412e-16    0.0025956  6.65393e-17   0.00133319  2.50307e-17   0.00049908  6.63832e-18   0.00010505    1.989e-18  -2.5512e-05  7.62103e-19 -4.39302e-05 -5.07109e-19 -3.08089e-05 -1.53079e-18 -1.64142e-05 -1.79232e-18 -7.44401e-06  -1.4562e-18 -3.00295e-06 -9.39006e-19  -1.1022e-06  -5.1119e-19 -3.73114e-07 -2.43301e-19 -1.17546e-07 -1.03383e-19 -3.46826e-08 -3.97279e-20 -9.62864e-09 -1.39297e-20 -2.52369e-09 -4.48865e-21    -6.26e-10 -1.33771e-21 -1.47188e-10 -3.70573e-22  -3.2833e-11 -9.57403e-23    -6.95e-12 -2.31068e-23 -1.39553e-12 -5.21192e-24 -2.65575e-13 -1.09833e-24 -4.78356e-14 -2.16083e-25 -8.14111e-15 -3.96477e-26 -1.30647e-15 -6.77701e-27 -1.97239e-16 -1.07789e-27 -2.79418e-17 -1.59315e-28 -3.70402e-18 -2.18445e-29 -4.58079e-19 -2.77263e-30 -5.26787e-20 -3.24931e-31 -5.61311e-21 -3.50609e-32 -5.51996e-22  -3.4727e-33   -4.988e-23  -3.1464e-34 -4.12123e-24 -2.59678e-35 -3.09584e-25 -1.94229e-36 -2.10057e-26 -1.30856e-37 -1.27747e-27 -7.88346e-39 -6.89935e-29 -4.20971e-40 -3.27207e-30 -1.97049e-41 -1.34369e-31 -7.96995e-43 -4.69275e-33 -2.73335e-44   -1.361e-34 -7.74766e-46 -3.17133e-36 -1.74969e-47 -5.65419e-38 -2.97389e-49 -7.12415e-40 -3.43921e-51 -5.44173e-42 -2.14915e-53 -1.60672e-44
-6.86536e-06 -3.30559e-18   0.00013307   1.2188e-17 -0.000166913  4.92945e-17  -0.00209993 -1.08768e-16   0.00426436 -1.18507e-16   0.00618404  9.77838e-17   -0.0116229  1.38735e-16    -0.013967  5.51569e-17   0.00839297  1.12299e-16    0.0210418  2.24197e-16   0.00998128  1.06215e-16  -0.00730858  -1.9501e-16   -0.0142683 -3.63337e-16   -0.0104136 -2.68252e-16  -0.00331292  -6.4319e-17   0.00150012  6.78519e-17   0.00300681  9.11245e-17   0.00254013  6.18758e-17   0.00153862  3.13418e-17  0.000733337  1.43957e-17  0.000275869  6.57033e-18  7.39761e-05  2.27133e-18  5.68438e-06 -4.17216e-19 -8.91756e-06 -1.68638e-18 -7.70612e-06  -1.8143e-18 -4.28265e-06   -1.369e-18 -1.94625e-06 -8.34656e-19 -7.74669e-07 -4.35218e-19 -2.78359e-07 -2.00061e-19 -9.17813e-08 -8.25129e-20 -2.80445e-08 -3.08654e-20 -7.99182e-09 -1.05502e-20 -2.13294e-09 -3.31534e-21  -5.3462e-10 -9.62825e-22 -1.26067e-10 -2.59487e-22 -2.79934e-11 -6.50803e-23 -5.85523e-12 -1.52131e-23  -1.1534e-12 -3.31645e-24 -2.13839e-13 -6.74215e-25 -3.72756e-14 -1.27755e-25 -6.10104e-15 -2.25462e-26 -9.36054e-16  -3.7025e-27 -1.34357e-16 -5.65196e-28  -1.8001e-17 -8.01009e-29 -2.24533e-18 -1.05216e-29 -2.59974e-19 -1.27814e-30  -2.7848e-20 -1.43219e-31  -2.7492e-21 -1.47597e-32 -2.49035e-22 -1.39442e-33 -2.05941e-23 -1.20306e-34 -1.54544e-24 -9.43537e-36 -1.04496e-25 -6.68925e-37 -6.31153e-27 -4.25832e-38 -3.36918e-28 -2.41463e-39 -1.56806e-29 -1.20758e-40 -6.24962e-31 -5.25985e-42 -2.08042e-32 -1.96294e-43 -5.57118e-34 -6.14048e-45 -1.12555e-35  -1.5618e-46 -1.49049e-37 -3.08708e-48 -6.96551e-40 -4.40266e-50  1.37702e-41 -3.91688e-52  2.25912e-43 -1.40401e-54
-3.68815e-19 -4.03817e-06 -5.49132e-18  0.000237641   2.6863e-17 -0.000739347  3.57052e-17  -0.00160025 -1.19469e-16   0.00593557 -1.06033e-16   0.00390485  5.27405e-17    -0.013151  7.12529e-17   -0.0122403   6.9905e-17   0.00922003  2.24197e-16    0.0206856  3.24243e-16    0.0107061  1.26089e-16  -0.00572507 -2.16598e-16   -0.0136062 -3.80982e-16   -0.0113426 -2.87552e-16  -0.00508285 -9.97387e-17 -0.000101898  2.68326e-17   0.00205284  6.33442e-17   0.00218594  5.25579e-17   0.00152854  3.30601e-17  0.000844191  1.84573e-17  0.000388939  9.02086e-18  0.000151659  3.01449e-18  4.92545e-05 -3.58133e-19  1.23367e-05 -1.65813e-18  1.59272e-06 -1.67906e-18 -5.67254e-07 -1.19855e-18 -5.74036e-07 -6.97802e-19  -3.0211e-07 -3.50043e-19 -1.25613e-07 -1.55568e-19 -4.52042e-08 -6.22241e-20 -1.45938e-08 -2.26147e-20 -4.30279e-09 -7.51803e-21 -1.17027e-09 -2.29839e-21 -2.95389e-10 -6.49093e-22 -6.94487e-11 -1.69939e-22 -1.52416e-11 -4.13468e-23 -3.12583e-12 -9.36226e-24 -5.99231e-13 -1.97418e-24 -1.07341e-13 -3.87686e-25 -1.79509e-14 -7.08751e-26  -2.7986e-15 -1.20541e-26 -4.05978e-16 -1.90566e-27 -5.46642e-17 -2.79764e-28 -6.81106e-18 -3.80903e-29 -7.82324e-19 -4.80125e-30 -8.24428e-20 -5.59027e-31 -7.92269e-21 -5.99624e-32 -6.88745e-22 -5.90684e-33 -5.35623e-23 -5.32515e-34 -3.66432e-24 -4.37517e-35 -2.14371e-25 -3.25949e-36 -1.01215e-26  -2.1885e-37 -3.25195e-28 -1.31459e-38 -4.65338e-31 -7.00189e-40  8.73307e-31  -3.2703e-41  7.70857e-32  -1.3204e-42  4.33581e-33 -4.52253e-44  1.81363e-34 -1.28073e-45  5.77791e-36 -2.89037e-47  1.37228e-37 -4.90993e-49  2.28407e-39 -5.67544e-51  2.32014e-41 -3.54528e-53  9.33138e-44
-4.65549e-06 -1.92782e-18  3.42204e-05 -5.50913e-18  0.000246016  3.98526e-17   -0.0013673  1.84979e-17 -0.000490234 -1.20497e-16   0.00691192 -1.03248e-16   0.00139658 -1.25106e-17   -0.0141344 -6.97842e-18   -0.0105555  8.72081e-17   0.00998128  3.24243e-16    0.0204426  4.03165e-16    0.0114202  1.46647e-16  -0.00414505 -2.15822e-16   -0.0127123 -3.79849e-16   -0.0119111 -3.02775e-16  -0.00662326 -1.38356e-16  -0.00172257 -1.74897e-17  0.000899401  3.23208e-17   0.00158162  3.87032e-17   0.00130913  2.96778e-17  0.000816273   1.8462e-17  0.000424422  9.17804e-18  0.000191604  2.89001e-18   7.6574e-05 -4.34337e-19  2.73333e-05 -1.54484e-18  8.72599e-06 -1.46032e-18  2.47411e-06 -9.89687e-19  6.10097e-07 -5.51922e-19  1.23773e-07 -2.66699e-19  1.69673e-08 -1.14582e-19 -5.37612e-10 -4.44015e-20 -1.45279e-09 -1.56554e-20 -6.63305e-10 -5.05314e-21 -2.19984e-10 -1.50034e-21  -6.1294e-11 -4.11419e-22 -1.50357e-11  -1.0452e-22 -3.31206e-12 -2.46538e-23 -6.60863e-13 -5.40651e-24 -1.19754e-13 -1.10299e-24  -1.9668e-14 -2.09348e-25  -2.9072e-15 -3.69532e-26 -3.81082e-16 -6.06233e-27  -4.2951e-17 -9.23566e-28 -3.85356e-18 -1.30522e-28 -2.01502e-19 -1.70879e-29  1.41558e-20 -2.06859e-30  6.13688e-21 -2.31001e-31   1.1295e-21 -2.37286e-32  1.56894e-22 -2.23474e-33  1.82009e-23 -1.92229e-34  1.82483e-24 -1.50336e-35  1.60244e-25 -1.06306e-36  1.23753e-26 -6.75152e-38  8.39523e-28 -3.82014e-39  4.97767e-29 -1.90667e-40  2.55753e-30 -8.28976e-42  1.12462e-31 -3.08883e-43  4.15911e-33 -9.65006e-45   1.2621e-34 -2.45186e-46  3.03118e-36 -4.84183e-48  5.44413e-38 -6.89892e-50  6.61125e-40 -6.13222e-52  4.31113e-42 -2.19629e-54
 2.35917e-19 -1.18108e-05 -4.88223e-18  0.000118689 -1.58671e-18  6.30986e-05  4.83841e-17  -0.00179608  4.55859e-18  0.000986929 -1.11907e-16   0.00713484 -1.11476e-16  -0.00111913 -9.38344e-17   -0.0146695 -8.44514e-17  -0.00891417  1.06215e-16    0.0107061  4.03165e-16    0.0203083  4.58298e-16    0.0121477  1.68238e-16   -0.0025453 -1.97054e-16   -0.0115871 -3.65014e-16   -0.0120943 -3.13433e-16   -0.0078461 -1.75356e-16  -0.00323159 -6.05676e-17 -0.000329467  4.25826e-19  0.000812908  2.12703e-17  0.000924086  2.17568e-17  0.000664008  1.48801e-17  0.000382355  7.35093e-18  0.000189428  2.00593e-18  8.34306e-05 -6.72614e-19  3.32815e-05 -1.41779e-18  1.21711e-05 -1.21984e-18  4.11587e-06 -7.80399e-19  1.29578e-06 -4.16049e-19   3.8195e-07 -1.93405e-19  1.05956e-07 -8.02175e-20  2.77994e-08  -3.0072e-20  6.93178e-09 -1.02709e-20  1.65043e-09 -3.21392e-21  3.76836e-10 -9.25454e-22  8.27916e-11 -2.46107e-22  1.75375e-11 -6.06103e-23  3.58247e-12 -1.38509e-23  7.04543e-13 -2.94065e-24  1.32958e-13  -5.8035e-25  2.39713e-14 -1.06469e-25   4.1086e-15 -1.81497e-26    6.661e-16   -2.873e-27  1.01656e-16  -4.2192e-28   1.4538e-17 -5.74198e-29  1.94011e-18 -7.23058e-30  2.40624e-19 -8.40804e-31  2.76259e-20 -9.00595e-32  2.92413e-21 -8.85867e-33  2.84127e-22 -7.97407e-34  2.52245e-23 -6.54121e-35  2.03531e-24 -4.86556e-36  1.48353e-25 -3.26192e-37  9.69893e-27 -1.95654e-38    5.639e-28 -1.04062e-39  2.88538e-29 -4.85347e-41  1.28254e-30 -1.95698e-42  4.87017e-32 -6.69485e-44  1.54521e-33 -1.89398e-45   3.9719e-35 -4.27058e-47  7.90145e-37 -7.24848e-49  1.12865e-38 -8.37152e-51  1.00006e-40 -5.22498e-53  3.54693e-43
-1.69394e-06  1.47907e-19 -8.43336e-06 -7.97605e-18  0.000214676  6.28234e-18 -0.000318127  5.30977e-17  -0.00183447  5.43711e-20   0.00253485  -9.4524e-17   0.00667007 -1.30256e-16  -0.00350074 -1.80734e-16   -0.0148339  -1.4984e-16  -0.00730858  1.26089e-16    0.0114202  4.58298e-16    0.0202841  4.92536e-16    0.0129139  1.91176e-16 -0.000898327 -1.65996e-16   -0.0102211 -3.41123e-16   -0.0118643 -3.18462e-16  -0.00866798  -2.0651e-16  -0.00449931 -9.86728e-17  -0.00149707  -2.9972e-17 -1.00757e-05  1.95851e-18  0.000445348  1.07439e-17  0.000426651  8.82513e-18  0.000280811  4.20114e-18   0.00015208  6.34484e-19  7.19451e-05 -1.02462e-18  3.05961e-05 -1.30924e-18  1.18937e-05 -9.96522e-19  4.27264e-06 -5.95045e-19  1.42935e-06 -3.01548e-19  4.47827e-07 -1.34373e-19  1.31972e-07 -5.36635e-20  3.66997e-08 -1.94204e-20  9.65374e-09 -6.41347e-21  2.40599e-09 -1.94247e-21  5.68687e-10 -5.41693e-22  1.27519e-10 -1.39532e-22  2.71201e-11 -3.32798e-23  5.46624e-12  -7.3627e-24   1.0429e-12 -1.51254e-24  1.88045e-13 -2.88662e-25  3.19833e-14 -5.11752e-26  5.12024e-15 -8.42386e-27  7.69712e-16 -1.28653e-27  1.08372e-16 -1.82119e-28  1.42509e-17 -2.38656e-29  1.74501e-18  -2.8903e-30  1.98319e-19 -3.22791e-31  2.08441e-20 -3.31537e-32  2.01802e-21 -3.12155e-33  1.79167e-22 -2.68398e-34  1.45136e-23 -2.09793e-35  1.06647e-24 -1.48261e-36  7.06011e-26  -9.4101e-38   4.1769e-27 -5.32084e-39  2.18693e-28 -2.65374e-40  1.00123e-29 -1.15289e-41  3.94784e-31 -4.29251e-43  1.31446e-32 -1.34018e-44  3.59845e-34 -3.40327e-46  7.79711e-36 -6.71767e-48  1.26093e-37 -9.56776e-50  1.37285e-39 -8.50077e-52  7.96895e-42 -3.04331e-54
 2.38428e-19 -7.35442e-06 -5.54159e-19  2.47903e-05 -9.44092e-18  0.000249853   1.6457e-17 -0.000800377  5.68768e-17  -0.00142127  8.64064e-18   0.00389631 -7.12555e-17   0.00564194 -1.56888e-16  -0.00566255 -2.60616e-16   -0.0146863  -1.9501e-16  -0.00572507  1.46647e-16    0.0121477  4.92536e-16    0.0203773  5.11606e-16    0.0137456  2.15163e-16  0.000826238  -1.2819e-16  -0.00859904 -3.11536e-16   -0.0111946 -3.16614e-16  -0.00901724 -2.28724e-16  -0.00540905 -1.29098e-16  -0.00247125 -5.66429e-17 -0.000770965 -1.70881e-17 -4.23061e-05 -1.41259e-18  0.000157316  1.73178e-18  0.000149165  5.47168e-19  9.41744e-05 -8.77611e-19  4.87563e-05 -1.39705e-18  2.20669e-05 -1.21871e-18   8.9908e-06 -8.06323e-19    3.352e-06 -4.43891e-19  1.15529e-06  -2.1218e-19  3.70607e-07 -9.01636e-20  1.11177e-07 -3.45404e-20  3.12904e-08 -1.20323e-20  8.28083e-09 -3.83335e-21  2.06358e-09 -1.12164e-21  4.84612e-10 -3.02445e-22  1.07276e-10 -7.53601e-23  2.23799e-11 -1.73886e-23  4.39754e-12 -3.72106e-24  8.13131e-13 -7.39161e-25  1.41313e-13 -1.36339e-25  2.30474e-14  -2.3347e-26  3.52146e-15  -3.7096e-27  5.03044e-16 -5.46431e-28  6.70316e-17  -7.4538e-29  8.31045e-18 -9.40238e-30  9.55828e-19 -1.09474e-30  1.01653e-19 -1.17371e-31  9.95945e-21 -1.15538e-32  8.95108e-22  -1.0406e-33  7.34376e-23 -8.53964e-35  5.46881e-24 -6.35386e-36  3.67193e-25 -4.26055e-37  2.20526e-26 -2.55589e-38  1.17328e-27 -1.35949e-39  5.46453e-29 -6.34059e-41  2.19484e-30 -2.55643e-42  7.45612e-32 -8.74515e-44   2.0871e-33 -2.47411e-45  4.63998e-35  -5.5795e-47  7.75138e-37  -9.4723e-49  8.87391e-39 -1.09427e-50  5.80531e-41 -6.83153e-53  1.27536e-43
