 1.14476e-18 -5.60106e-33 -4.30231e-17  4.13728e-31   6.2026e-16 -7.33149e-30  -5.2865e-15  6.03642e-29  3.06341e-14 -2.38043e-28  -1.2908e-13 -1.00737e-28  4.10006e-13  7.38841e-27  -9.9979e-13  -5.2627e-26  1.88063e-12  2.36963e-25 -2.70406e-12 -8.03889e-25  2.88426e-12  2.19926e-24 -2.11386e-12 -5.04673e-24  8.20082e-13  9.99573e-24  1.37357e-13 -1.74794e-23 -3.27609e-13  2.74284e-23   8.5615e-14 -3.88968e-23   7.1978e-14  4.96395e-23 -3.73546e-14  -5.6136e-23 -1.57811e-14  5.48089e-23  1.01991e-14 -4.43475e-23  4.30846e-15  2.74693e-23 -2.05851e-15 -1.00985e-23 -1.27545e-15 -2.02638e-24  2.19466e-16  6.69645e-24  3.14605e-16 -5.78146e-24  3.55002e-17   2.9091e-24 -4.94657e-17 -7.14803e-25 -2.13765e-17 -1.43515e-25  1.43656e-18  2.02317e-25  3.90195e-18 -7.58005e-26  1.17087e-18  7.37832e-27 -1.21184e-19  4.57091e-27 -2.00088e-19 -1.97434e-27 -6.12748e-20  1.76756e-28 -5.81784e-22  1.79923e-28  6.31004e-21 -8.41111e-29  2.48989e-21 -2.10558e-29  3.79317e-22   2.6506e-29 -6.46171e-23 -2.05515e-30 -5.31614e-23 -4.06406e-30 -1.49261e-23  1.12419e-30 -1.95565e-24  1.11226e-31  1.77355e-25  2.25638e-32  1.60444e-25 -8.69558e-32  4.37462e-26  2.77968e-32  6.99768e-27  8.41322e-34  4.87526e-28 -7.92735e-34 -8.55761e-29 -1.51035e-34  -3.6342e-29 -1.52801e-34 -7.05403e-30  5.02041e-35 -9.06166e-31  1.21269e-35 -7.45041e-32 -1.64084e-36 -1.77735e-33 -2.55562e-37  5.64281e-34 -8.99139e-38  1.10269e-34 -1.41543e-38  1.19265e-35  2.27777e-39  8.93355e-37  7.67273e-40  4.71478e-38        6e-41  1.67849e-39   2.7762e-42  3.00785e-41 -1.65621e-43 -6.73978e-43  -3.8952e-44  -3.8402e-44 -1.05642e-45 -7.55614e-46 -4.03783e-48
-5.60106e-33  6.21496e-17 -2.86559e-31 -1.32509e-15  1.36762e-29  1.45141e-14 -1.93951e-28 -1.02322e-13  1.43956e-27   5.1041e-13 -6.16674e-27 -1.89236e-12  1.15834e-26  5.35461e-12  3.72631e-26 -1.17001e-11 -4.05608e-25  1.97222e-11   1.8971e-24 -2.52268e-11 -6.24265e-24  2.34351e-11  1.61587e-23 -1.40498e-11 -3.46644e-23  3.05873e-12  6.38436e-23   2.6675e-12   -1.039e-22 -2.19801e-12  1.52856e-22 -4.22793e-14 -2.05778e-22   6.4956e-13  2.52745e-22 -8.72856e-14 -2.78177e-22 -1.68708e-13  2.66273e-22  2.34699e-14 -2.12276e-22  4.32127e-14  1.30542e-22 -9.00181e-16 -4.94606e-23 -9.96527e-15 -5.33189e-24  -1.7551e-15  2.57479e-23  1.65315e-15  -2.1921e-23  7.78432e-16  1.04173e-23 -8.30175e-17 -2.18053e-24 -1.63222e-16 -6.79883e-25 -4.02454e-17  6.81732e-25  1.16508e-17 -2.03778e-25  1.01404e-17  4.65314e-27  2.14523e-18  1.39221e-26 -5.01528e-19 -3.64698e-27 -4.51224e-19 -3.45022e-28  -1.1792e-19  1.03695e-27   1.3396e-21 -5.29426e-28  1.18516e-20 -2.95132e-29   4.4123e-21  1.06756e-28  7.03152e-22 -1.40274e-29 -6.64517e-23 -1.31092e-29 -7.15724e-23  4.05956e-30 -2.12475e-23   1.9032e-31 -3.34446e-24  8.54217e-32 -5.78295e-26 -3.00095e-31  1.29078e-25  1.06503e-31  4.16464e-26  2.31022e-33  7.66095e-27 -2.94171e-33   8.5687e-28 -6.82297e-34  2.25044e-29 -6.27151e-34  -1.3762e-29  1.85067e-34 -3.55225e-30  5.14366e-35 -5.24196e-31  -4.6004e-36 -5.35483e-32 -1.23656e-36 -3.66201e-33  -3.4431e-37 -1.09312e-34 -4.77595e-38  9.65209e-36  7.43512e-39  1.72438e-36  2.30565e-39  1.40769e-37  1.87059e-40  7.58312e-39  9.96205e-42   2.7519e-40 -1.90753e-43  5.64283e-42 -6.19062e-44  6.76432e-44 -1.29395e-45   3.9682e-46
-4.30231e-17 -2.86559e-31  1.65892e-15 -7.35509e-30 -2.45702e-14  2.57652e-28  2.15459e-13 -3.02872e-27 -1.28683e-12   2.0045e-26  5.59999e-12 -8.32842e-26 -1.84175e-11  2.01578e-25  4.66514e-11 -5.32256e-26 -9.15551e-11 -1.93822e-24  1.38243e-10  1.01918e-23 -1.56564e-10  -3.3116e-23  1.24761e-10  8.15699e-23 -5.74879e-11 -1.63669e-22 -6.72548e-13  2.79339e-22  1.88106e-11 -4.20392e-22 -7.70812e-12  5.75861e-22 -3.27001e-12 -7.32822e-22  2.91379e-12  8.66241e-22  5.50574e-13 -9.30725e-22 -8.07216e-13  8.76745e-22 -1.55279e-13 -6.90493e-22  1.87312e-13   4.2139e-22   6.0113e-14 -1.62264e-22 -3.19636e-14 -7.83984e-24 -1.95887e-14  6.90863e-23  1.76896e-15 -5.76988e-23  4.28354e-15  2.56384e-23  9.51689e-16 -4.27947e-24 -4.40654e-16 -2.11407e-24 -3.05152e-16  1.54687e-24 -3.96768e-17 -3.32125e-25  2.97724e-17 -2.90787e-26  1.65365e-17  2.28292e-26  2.52563e-18 -2.46245e-27  -9.7987e-19 -1.38976e-27   -6.565e-19  3.14047e-27 -1.54832e-19 -1.84414e-27   1.7798e-21  5.24971e-30  1.39894e-20  3.02331e-28  5.11609e-21 -4.93733e-29  8.81966e-22 -2.88481e-29 -1.57172e-23  1.03909e-29 -5.74059e-23  -1.5807e-31 -1.86253e-23  7.98232e-32 -3.36862e-24 -6.89769e-31 -2.72375e-25  2.96901e-31  4.36989e-26  3.61897e-33   2.1328e-26 -7.90249e-33  4.49879e-27 -2.32207e-33  6.15226e-28 -1.77278e-33  5.11137e-29  4.84313e-34  3.04768e-31  1.47981e-34 -6.95377e-31 -8.65604e-36 -1.31994e-31 -3.72341e-36 -1.51488e-32 -9.00367e-37 -1.22451e-33 -1.07583e-37 -6.90942e-35  1.67321e-38 -2.31535e-36  4.68915e-39 -6.72162e-40  3.87234e-40  5.08667e-39  2.16931e-41  2.98134e-40  1.26206e-44  7.75936e-42 -5.75015e-44  1.06795e-43 -7.46902e-46
 4.13728e-31 -1.32509e-15 -7.35509e-30  2.90234e-14 -1.23079e-28 -3.27046e-13  3.38459e-27  2.37582e-12 -3.38019e-26 -1.22352e-11  1.99891e-25  4.69396e-11 -7.80643e-25  -1.3783e-10  1.97532e-24  3.13694e-10 -2.24973e-24  -5.5365e-10 -5.99428e-24  7.47515e-10  4.22896e-23 -7.43972e-10 -1.38916e-22  4.96139e-10  3.27826e-22 -1.52184e-10 -6.15861e-22 -6.52549e-11  9.70637e-22  8.14256e-11 -1.34039e-21 -1.06465e-11  1.69332e-21 -2.14105e-11 -2.02381e-21  6.87162e-12  2.30167e-21  5.26512e-12 -2.42455e-21  -1.9591e-12  2.25961e-21 -1.41801e-12 -1.76503e-21  3.46767e-13  1.07008e-21  3.80549e-13 -4.15261e-22  -7.1708e-15 -4.04171e-24 -8.24511e-14  1.49862e-22 -1.95211e-14 -1.22017e-22  1.02895e-14  5.00485e-23  6.69939e-15 -5.81994e-24  4.28664e-16 -5.05201e-24 -9.34894e-16  2.67179e-24 -4.00292e-16 -2.98412e-25 -1.47675e-17 -1.03727e-25  4.77456e-17  6.31623e-27  2.01582e-17  5.90634e-27  2.29101e-18 -1.27352e-27 -1.26778e-18  7.27031e-27 -7.17787e-19 -4.77625e-27 -1.60769e-19  8.32501e-29 -1.20888e-21  6.89448e-28  1.18022e-20 -1.25157e-28  4.40327e-21 -4.68389e-29   8.2994e-22  2.19556e-29  3.82159e-23 -2.05127e-30 -2.93204e-23 -4.99403e-31 -1.11653e-23  -1.1915e-30 -2.26518e-24  6.95275e-31 -2.71041e-25  3.04383e-33 -5.57083e-27 -1.78151e-32  5.78762e-27 -6.47903e-33  1.55225e-27 -3.98935e-33  2.42666e-28  1.03253e-33  2.59372e-29  3.33801e-34  1.73821e-30 -1.24336e-35  1.90338e-32 -8.42022e-36 -1.23933e-32 -1.84972e-36 -1.86985e-33 -1.86175e-37 -1.63151e-34   3.0104e-38 -9.81011e-36  7.46194e-39  -4.0937e-37  6.11997e-40 -1.06812e-38  3.38621e-41 -1.31797e-40  3.41946e-43 -1.60214e-43 -3.30554e-44  2.01104e-44
  6.2026e-16  1.36762e-29 -2.45702e-14 -1.23079e-28  3.74362e-13 -1.50807e-27 -3.38234e-12  3.39398e-26  2.08502e-11 -2.93298e-25  -9.3848e-11  1.55786e-24  3.20053e-10 -5.65891e-24 -8.43369e-10  1.40984e-23  1.72932e-09 -2.03315e-23 -2.74543e-09  -7.3739e-24  3.30313e-09  1.42853e-22 -2.85563e-09 -4.89771e-22  1.52633e-09  1.11585e-21 -1.77184e-10 -1.96605e-21 -3.97292e-10  2.85263e-21  2.37648e-10 -3.58282e-21  4.17389e-11  4.12064e-21 -8.04807e-11 -4.57988e-21  5.17505e-15  5.00794e-21  2.21471e-11 -5.20419e-21 -5.35002e-14  4.83399e-21 -5.61406e-12  -3.7655e-21 -6.08528e-13  2.27368e-21  1.20485e-12 -8.85252e-22  3.73198e-13   1.3475e-23 -1.66041e-13  2.79614e-22  -1.1856e-13 -2.20479e-22 -3.18266e-15   8.2079e-23  2.02289e-14 -4.41855e-24  7.30413e-15 -9.90456e-24 -6.56986e-16  3.54129e-24 -1.32987e-15  1.55847e-25 -4.05213e-16 -1.81013e-25  1.92063e-17  -8.7437e-26   5.6694e-17  2.46672e-26  1.98742e-17  3.38438e-27  1.81451e-18  1.48319e-26  -1.2102e-18 -1.01229e-26 -6.25134e-19  7.43335e-29 -1.38743e-19  1.32145e-27 -5.45402e-21 -2.54736e-28  7.30549e-21 -5.00869e-29  2.91088e-21  4.13399e-29  5.99188e-22 -7.77829e-30  5.63203e-23 -2.92164e-30 -8.03188e-24 -1.55017e-30 -4.57782e-24  1.44324e-30   -1.048e-24 -6.31527e-34 -1.51749e-25 -3.55926e-32 -1.24769e-26 -1.51631e-32  2.76398e-28  -7.5725e-33  2.87637e-28  1.88819e-33  5.45421e-29  6.25969e-34  6.58348e-30 -1.41687e-35  5.59781e-31 -1.54792e-35  3.17312e-32 -3.15443e-36    7.621e-34 -2.60187e-37  -5.7637e-35  4.59336e-38  -7.9613e-36  9.84775e-39 -4.87155e-37  7.79019e-40 -1.77257e-38   4.0324e-41  -3.8829e-40  5.45555e-43 -4.29931e-42 -1.01647e-44
-7.33149e-30  1.45141e-14  2.57652e-28 -3.27046e-13 -1.50807e-27  3.79681e-12 -1.44437e-26 -2.84641e-11  2.73685e-25  1.51569e-10 -2.07571e-24 -6.02638e-10  9.96015e-24  1.83918e-09 -3.35483e-23  -4.3667e-09  8.03525e-23  8.08102e-09 -1.23952e-22 -1.15291e-08  4.55681e-23  1.22912e-08  4.01092e-22 -9.06286e-09 -1.50137e-21  3.55877e-09  3.32954e-21  6.11309e-10 -5.51512e-21 -1.49867e-09  7.35138e-21  4.25066e-10 -8.31965e-21  3.31059e-10  8.56379e-21 -1.93642e-10 -8.71726e-21 -7.08509e-11  9.15255e-21  5.62629e-11 -9.47193e-21  1.96716e-11  8.85953e-21 -1.26435e-11  -6.9322e-21 -6.34335e-12   4.1863e-21  1.81163e-12 -1.63361e-21  1.77091e-12  5.11635e-23  5.80286e-14  4.64773e-22 -3.33722e-13  -3.5272e-22 -1.11335e-13  1.16464e-22  2.30003e-14   3.1218e-24  2.63904e-14 -1.64925e-23  5.80601e-15  3.16635e-24 -1.73461e-15  1.32678e-24 -1.45226e-15 -1.45158e-25 -3.36075e-16 -3.30262e-25  4.22686e-17  5.09161e-26  5.35415e-17  1.62242e-26  1.65626e-17  2.84863e-26  1.39833e-18 -1.82832e-26 -8.86949e-19  -3.8682e-28 -4.43948e-19  2.15262e-27 -1.00679e-19 -4.37406e-28  -7.6008e-21  -2.9497e-30  3.19646e-21  7.31972e-29  1.47629e-21 -2.11805e-29  3.31571e-22 -9.49015e-30  4.25124e-23 -1.28686e-30   6.1191e-25  2.71735e-30 -1.17233e-24 -6.33587e-33 -3.27799e-25 -6.43029e-32 -5.39359e-26  -3.0216e-32 -5.93694e-27 -1.24829e-32 -3.65517e-28  3.03705e-33  1.08114e-29  1.00667e-33  6.06862e-30 -1.28686e-35  8.73022e-31 -2.41424e-35  8.07764e-32 -4.59347e-36  5.28313e-33 -2.98317e-37  2.38963e-34  6.11401e-38  6.38599e-36  1.10971e-38  2.29245e-38  8.18306e-40 -4.74282e-39  3.74522e-41 -1.60046e-40  4.79852e-43 -1.70177e-42
 -5.2865e-15 -1.93951e-28  2.15459e-13  3.38459e-27 -3.38234e-12 -1.44437e-26  3.15351e-11 -1.12731e-25 -2.00966e-10  1.83586e-24  9.37126e-10 -1.23587e-23 -3.31948e-09   5.3873e-23  9.11468e-09 -1.68253e-22 -1.95584e-08  3.83268e-22  3.26924e-08  -5.9624e-22  -4.1818e-08  4.02404e-22  3.91621e-08  9.34577e-22 -2.38932e-08  -4.0895e-21  5.45093e-09   8.8999e-21  4.61402e-09 -1.38986e-20 -4.06528e-09  1.70062e-20  5.66064e-11 -1.71885e-20  1.22641e-09  1.54904e-20 -2.31762e-10  -1.4094e-20 -3.25383e-10  1.41745e-20  7.06487e-11 -1.48324e-20  8.76607e-11  1.41766e-20 -9.34492e-12  -1.1249e-20 -2.22618e-11  6.83578e-21 -2.02137e-12 -2.68026e-21  4.37199e-12  1.12975e-22  1.53928e-12  7.04284e-22 -4.14215e-13 -5.12004e-22 -4.12587e-13  1.45128e-22 -6.42194e-14  1.99795e-23  4.53426e-14 -2.37713e-23   2.6307e-14  1.69478e-25  3.27557e-15  3.44995e-24 -2.29367e-15  1.99095e-25 -1.29855e-15 -7.88999e-25 -2.39966e-16  6.96436e-26  4.58659e-17  3.82936e-26   4.1691e-17  5.26463e-26  1.19474e-17 -2.86573e-26  1.08635e-18 -1.95262e-27 -4.99694e-19  2.95026e-27 -2.57987e-19 -6.49431e-28 -6.09826e-20  1.49713e-28 -6.67288e-21  1.26084e-28  8.18438e-22 -4.77234e-29  5.57817e-22 -2.34048e-29  1.38567e-22  2.47755e-31  2.11488e-23   4.6855e-30  1.67884e-24 -1.02874e-32 -1.10371e-25 -1.05423e-31 -6.35578e-26 -5.18727e-32 -1.21936e-26 -1.81388e-32 -1.53172e-27  4.35799e-33 -1.33271e-28  1.41444e-33 -6.93154e-30 -9.18083e-36  2.98607e-32 -3.27752e-35  4.71717e-32 -5.80348e-36  5.26328e-33 -2.77655e-37  3.49948e-34  7.18956e-38  1.54918e-35  1.08298e-38  4.47018e-37  7.15085e-40    7.659e-39  2.69806e-41  5.19632e-41  2.41249e-43
 6.03642e-29 -1.02322e-13 -3.02872e-27  2.37582e-12  3.39398e-26 -2.84641e-11 -1.12731e-25   2.2059e-10 -7.37912e-25 -1.21665e-09  1.04907e-23  5.02219e-09 -6.32639e-23 -1.59583e-08  2.51816e-22  3.95946e-08 -7.30181e-22 -7.69551e-08  1.57399e-21  1.16163e-07 -2.40423e-21 -1.32685e-07  1.95902e-21  1.07694e-07  1.74616e-21 -5.14448e-08 -1.00494e-20  4.89372e-10  2.16214e-20  1.70714e-08 -3.19247e-20 -7.85592e-09  3.58784e-20 -2.74856e-09 -3.21442e-20  3.03697e-09  2.46666e-20  3.58565e-10 -1.92515e-20 -8.80807e-10  1.84629e-20 -9.56566e-11 -2.00671e-20  2.22719e-10  2.00287e-20   4.8642e-11 -1.63217e-20  -4.5018e-11  1.00691e-20 -1.99835e-11 -3.99381e-21  4.94392e-12  2.03106e-22  5.39522e-12  9.89308e-22  6.37312e-13 -6.87594e-22 -7.80883e-13  1.59374e-22 -3.73421e-13   4.8395e-23 -6.09576e-15 -2.98585e-23  5.43383e-14 -6.94321e-24  2.13755e-14  6.59045e-24  1.04992e-15  1.09435e-24 -2.21476e-15 -1.48889e-24 -9.87578e-16  4.89624e-26 -1.54698e-16  6.49974e-26  3.50355e-17  9.35305e-26  2.72164e-17 -3.91884e-26  7.51805e-18 -5.52166e-27  8.03901e-19  3.25069e-27 -2.07048e-19 -8.40933e-28 -1.21221e-19  4.74465e-28 -3.03075e-20  2.13229e-28 -4.17624e-21 -9.40522e-29 -3.41432e-23 -4.79839e-29   1.4495e-22  3.72917e-30  4.23447e-23  7.43038e-30  7.28656e-24 -7.54656e-33  8.11184e-25 -1.56001e-31  4.07244e-26 -7.72217e-32 -5.12593e-27 -2.33566e-32 -1.59623e-27  5.63182e-33 -2.28126e-28  1.75769e-33 -2.21105e-29 -5.07114e-36 -1.51798e-30 -3.93355e-35 -6.82385e-32 -6.41675e-36 -1.19001e-33 -1.98408e-37    8.311e-35  7.49415e-38  7.72452e-36  9.18854e-39  3.03257e-37  5.17068e-40  6.17742e-39  1.44715e-41   4.3695e-41
 3.06341e-14  1.43956e-27 -1.28683e-12 -3.38019e-26  2.08502e-11  2.73685e-25 -2.00966e-10 -7.37912e-25  1.32644e-09 -4.13687e-24 -6.41996e-09  5.19749e-23  2.36644e-08 -2.82938e-22 -6.78353e-08  1.03316e-21  1.52604e-07 -2.78679e-21 -2.69004e-07  5.67228e-21  3.66211e-07 -8.39059e-21 -3.71167e-07  7.34453e-21  2.55598e-07  2.28511e-21 -8.47345e-08 -2.25362e-20 -3.11054e-08   4.8217e-20  4.52219e-08 -6.74714e-20 -8.41662e-09  6.97518e-20 -1.16955e-08 -5.50946e-20  4.94701e-09   3.4764e-20  2.81757e-09 -2.15361e-20 -1.51783e-09  1.95052e-20 -7.87354e-10 -2.32717e-20  3.30275e-10  2.51012e-20  2.36322e-10 -2.13751e-20 -3.66024e-11   1.3561e-20 -6.06829e-11 -5.50741e-21 -7.26368e-12  3.33112e-22  1.02138e-11  1.30521e-21  4.49252e-12 -8.68914e-22 -3.72193e-13  1.52436e-22   -8.897e-13  8.90528e-23 -2.61309e-13 -3.23964e-23  3.52347e-14 -1.93952e-23  4.97908e-14  1.05572e-23  1.47608e-14  2.77572e-24 -1.94928e-16 -2.38043e-24 -1.71615e-15 -6.14012e-26 -6.53961e-16  8.46655e-26 -9.37035e-17  1.58675e-25  2.01023e-17 -4.64091e-26  1.49389e-17 -1.21153e-26  4.10523e-18  2.41793e-27  5.23829e-19 -9.40693e-28 -5.28877e-20  1.03236e-27 -4.47138e-20    3.502e-28 -1.20633e-20  -1.6692e-28 -1.93354e-21 -8.53238e-29 -1.43664e-22  9.65438e-30  1.92581e-23  1.08669e-29  8.82525e-24  6.72541e-33  1.72148e-24 -2.05624e-31  2.22252e-25 -9.95049e-32  1.90785e-26 -2.65332e-32   7.3895e-28  6.60768e-33 -7.32609e-29  1.94925e-33 -1.73419e-29 -2.26114e-36 -1.86493e-30  -4.2081e-35 -1.33718e-31 -6.22832e-36 -6.69755e-33 -8.62136e-38 -2.24539e-34  6.90593e-38 -4.32498e-36  6.74309e-39 -1.89403e-38  3.02709e-40  7.39208e-40  5.06817e-42
-2.38043e-28   5.1041e-13   2.0045e-26 -1.22352e-11 -2.93298e-25  1.51569e-10  1.83586e-24 -1.21665e-09 -4.13687e-24  6.96429e-09 -2.01819e-23 -2.99061e-08  2.26302e-22  9.91413e-08  -1.1193e-21 -2.57565e-07  3.76531e-21  5.26729e-07 -9.46816e-21 -8.42534e-07  1.81848e-20  1.03169e-06  -2.5851e-20 -9.18897e-07  2.31124e-20   5.1788e-07  5.19289e-22 -7.98655e-08  -4.6554e-20 -1.29664e-07  9.94045e-20  9.06642e-08 -1.32002e-19  8.40931e-09  1.25744e-19 -3.06999e-08 -8.72644e-20  2.86205e-09  4.32941e-20  8.65392e-09 -1.77226e-20 -1.00607e-09  1.47086e-20 -2.35567e-09 -2.24361e-20  3.40079e-11  2.78073e-20  5.81167e-10 -2.53891e-20  1.01172e-10  1.68899e-20 -1.06074e-10 -7.15493e-21 -4.88135e-11  5.29394e-22  7.08729e-12  1.63499e-21  1.14206e-11 -1.04938e-21  2.55814e-12  1.21302e-22 -1.00781e-12   1.4096e-22   -7.696e-13 -2.91221e-23 -1.42737e-13 -3.77686e-23  5.00237e-14   1.4875e-23  3.76649e-14  5.41567e-24  8.96513e-15 -3.32688e-24 -5.45279e-16 -3.27014e-25 -1.10808e-15  8.02508e-26 -3.81661e-16  2.55989e-25 -5.41555e-17 -4.62011e-26  8.50074e-18 -2.27131e-26  6.83094e-18 -1.73578e-28  1.91571e-18 -8.68508e-28  2.84924e-19  1.85782e-27  6.73714e-22  5.48597e-28 -1.21618e-20 -2.71558e-28 -3.71725e-21 -1.34893e-28 -6.64701e-22  1.81296e-29 -7.32118e-23  1.47013e-29 -2.18672e-24  4.03755e-32  1.01843e-24 -2.34799e-31  2.61386e-25 -1.09029e-31  3.76072e-26 -2.60597e-32  3.75061e-27  7.10719e-33  2.57179e-28  1.94571e-33  9.54709e-30 -5.56209e-37  -2.3248e-31 -4.02051e-35 -6.34893e-32 -5.29464e-36 -4.93065e-33  2.06355e-38 -2.27756e-34   5.5853e-38 -6.53356e-36  4.21647e-39 -1.03166e-37  1.36271e-40 -5.58948e-40
 -1.2908e-13 -6.16674e-27  5.59999e-12  1.99891e-25  -9.3848e-11 -2.07571e-24  9.37126e-10  1.04907e-23 -6.41996e-09 -2.01819e-23  3.23212e-08 -8.67565e-23 -1.24247e-07  8.75283e-22  3.72628e-07  -3.9553e-21 -8.80666e-07  1.23046e-20  1.64025e-06 -2.89092e-20 -2.37977e-06  5.24018e-20  2.60963e-06 -7.12745e-20 -2.01242e-06  6.33907e-20    8.669e-07 -8.52164e-21  8.57876e-08 -8.93225e-20 -3.51064e-07  1.90454e-19  1.29453e-07  -2.3998e-19  7.03703e-08  2.10851e-19 -5.71925e-08 -1.28239e-19 -1.26962e-08  4.70093e-20   1.7475e-08 -5.35331e-21  3.48441e-09  2.72767e-21 -4.45115e-09 -1.62776e-20 -1.38573e-09  2.67159e-20  8.60581e-10  -2.7325e-20  4.94084e-10  1.96527e-20 -7.15843e-11 -8.90748e-21 -1.22415e-10  8.34896e-22  -2.2364e-11  1.96252e-21  1.56038e-11  -1.2278e-21   9.2558e-12  6.71335e-23  7.48258e-13  2.01788e-22 -1.14854e-12  -1.8456e-23 -5.46206e-13 -6.17783e-23 -5.87756e-14  1.88371e-23  4.46903e-14  9.08969e-24  2.44388e-14 -4.12393e-24  4.94219e-15 -8.20367e-25  -4.2846e-16  3.44924e-26 -6.04852e-16  3.92433e-25 -1.96634e-16 -3.51734e-26 -2.93317e-17 -3.80682e-26  2.28091e-18 -4.87488e-27   2.5426e-18 -5.53899e-28  7.46605e-19  2.94078e-27  1.25317e-19  8.07444e-28  8.36029e-21 -4.09833e-28 -2.04757e-21 -1.92805e-28 -8.38927e-22  2.87146e-29 -1.66438e-22  1.84732e-29 -2.17446e-23  1.13498e-31 -1.74074e-24  -2.1642e-31 -1.43213e-26 -9.57511e-32  2.04266e-26 -2.08348e-32  3.70207e-27  7.11384e-33  4.00206e-28  1.76875e-33  3.02954e-29   2.4078e-36  1.60837e-30 -3.41386e-35   5.3681e-32 -3.90506e-36  5.74343e-34  9.07701e-38 -3.95109e-35  3.91764e-38 -2.05105e-36  2.18208e-39 -3.54956e-38  4.10638e-41
-1.00737e-28 -1.89236e-12 -8.32842e-26  4.69396e-11  1.55786e-24 -6.02638e-10 -1.23587e-23  5.02219e-09  5.19749e-23 -2.99061e-08 -8.67565e-23  1.33914e-07 -3.31925e-22 -4.64245e-07  3.03354e-21   1.2658e-06 -1.25849e-20 -2.72973e-06  3.63309e-20  4.63564e-06 -7.99344e-20 -6.09141e-06  1.36837e-19  5.94186e-06 -1.77623e-19 -3.87409e-06  1.54729e-19  1.08499e-06 -3.43303e-20  6.51021e-07 -1.60429e-19 -7.26587e-07  3.40547e-19  8.10389e-08 -4.06449e-19  2.10972e-07  3.29132e-19 -6.91243e-08 -1.74748e-19 -5.49134e-08  4.26897e-20  2.26189e-08  1.56525e-20  1.56081e-08 -1.52722e-20 -4.80149e-09 -4.92672e-21 -4.56862e-09  2.09327e-20  3.62811e-10 -2.63615e-20   1.1274e-09  2.15672e-20  2.02944e-10 -1.07865e-20 -1.75884e-10  1.30092e-21   -9.373e-11  2.27378e-21  1.41122e-12 -1.40666e-21  1.67093e-11 -5.60206e-24  5.86543e-12  2.68488e-22 -3.22351e-13  3.63395e-26 -9.53307e-13  -9.0263e-23 -3.31925e-13  2.16417e-23 -1.56697e-14  1.37708e-23  3.09895e-14 -4.55163e-24   1.3896e-14 -1.60723e-24  2.53643e-15 -6.26611e-26 -2.12543e-16  5.72303e-25 -2.79048e-16 -1.22515e-26 -8.86947e-17 -5.84773e-26  -1.4318e-17 -1.15175e-26  3.60759e-20  4.07516e-29  7.35925e-19   4.2188e-27  2.35598e-19  1.10609e-27   4.3493e-20 -5.78801e-28  4.60504e-21 -2.52351e-28 -2.28217e-23  4.03894e-29 -1.22713e-22  2.16852e-29 -2.89139e-23  2.69378e-31 -4.18923e-24 -1.21167e-31  -4.1895e-25 -5.27503e-32  -2.6347e-26 -1.06842e-32 -3.00523e-28  6.78994e-33   1.5451e-28  1.49415e-33  2.13369e-29   9.4548e-36  1.66343e-30 -2.54031e-35  8.69757e-32 -2.44639e-36  3.05098e-33  1.13377e-37  6.58655e-35  2.33961e-38  6.84413e-37  8.82746e-40  1.18185e-39
 4.10006e-13  1.15834e-26 -1.84175e-11 -7.80643e-25  3.20053e-10  9.96015e-24 -3.31948e-09 -6.32639e-23  2.36644e-08  2.26302e-22 -1.24247e-07 -3.31925e-22  4.99398e-07 -1.13955e-21 -1.57099e-06  9.48851e-21  3.91032e-06 -3.62921e-20 -7.71272e-06  9.75365e-20   1.1947e-05 -2.01414e-19 -1.41794e-05  3.25953e-19  1.21787e-05 -4.03214e-19 -6.44527e-06  3.40629e-19  5.79553e-07 -9.15658e-20  1.94762e-06 -2.71785e-19 -1.16652e-06  5.70367e-19 -2.14725e-07   -6.425e-19  4.36228e-07  4.77875e-19  -1.1534e-08 -2.19514e-19 -1.29703e-07  2.80384e-20  6.76433e-09  4.18884e-20  3.60319e-08 -3.51388e-20  1.60484e-09  9.91831e-21 -8.84214e-09  1.02927e-20 -2.05301e-09 -2.20723e-20  1.54874e-09  2.25237e-20  8.49483e-10 -1.28399e-20 -6.92884e-11  1.97028e-21 -1.86009e-10   2.5553e-21 -5.03643e-11 -1.58817e-21  1.37963e-11 -9.05505e-23  1.31625e-11  3.37963e-22  2.97259e-12  2.53784e-23 -6.65425e-13 -1.21381e-22  -6.4569e-13  2.25901e-23 -1.78224e-13  1.93452e-23 -4.12691e-16 -4.44513e-24  1.77248e-14 -2.72886e-24  6.99573e-15 -2.06876e-25  1.22467e-15  7.95063e-25 -6.50038e-17  2.01252e-26 -1.07355e-16 -8.34652e-26 -3.44313e-17 -1.93041e-26 -6.04091e-18   8.9745e-28 -3.40596e-19  5.58239e-27  1.49055e-19  1.40264e-27  5.75821e-20 -7.70445e-28  1.15862e-20 -3.05801e-28  1.50088e-21  5.16955e-29  1.00709e-22  2.39743e-29  -6.6324e-24  5.77072e-31 -3.09101e-24  7.36794e-32 -5.11335e-25  2.07238e-32 -5.58802e-26  3.46591e-33 -4.31987e-27  6.39761e-33 -2.21847e-28  1.21382e-33 -4.90252e-30  2.13382e-35  2.90218e-31 -1.60714e-35  3.45119e-32 -1.24146e-36  1.68524e-33  9.84637e-38  4.50853e-35  1.15415e-38  5.68681e-37  2.42037e-40
 7.38841e-27  5.35461e-12  2.01578e-25  -1.3783e-10 -5.65891e-24  1.83918e-09   5.3873e-23 -1.59583e-08 -2.82938e-22  9.91413e-08  8.75283e-22 -4.64245e-07 -1.13955e-21  1.68781e-06 -3.53455e-21 -4.84325e-06  2.69456e-20  1.10431e-05 -9.53797e-20 -1.99565e-05  2.39353e-19  2.81845e-05 -4.64942e-19 -3.00808e-05  7.12186e-19  2.23977e-05 -8.38988e-19 -8.88363e-06  6.82708e-19 -1.76681e-06 -1.98198e-19  4.23062e-06 -4.37497e-19 -1.31775e-06  8.97831e-19 -9.68906e-07 -9.49409e-19  6.61355e-07  6.43998e-19  2.00182e-07 -2.50861e-19 -2.13034e-07  2.37961e-21 -5.62819e-08  6.65675e-20   5.5394e-08 -5.05102e-20  2.09371e-08  2.54928e-20 -1.05324e-08 -4.65226e-21 -7.12458e-09 -1.45149e-20  6.72042e-10  2.25646e-20  1.71127e-09  -1.5088e-20  3.80044e-10  2.85866e-21 -2.02952e-10   2.7906e-21 -1.38551e-10 -1.77068e-21  -1.6182e-11 -1.80542e-22  1.56962e-11  4.07552e-22  8.44633e-12   5.5136e-23  1.19405e-12 -1.52924e-22 -5.87776e-13  2.12984e-23 -3.74107e-13  2.56293e-23 -8.68604e-14 -3.76039e-24  2.06098e-15 -4.18283e-24  8.53866e-15 -3.75512e-25  3.11963e-15  1.05288e-24  5.50358e-16  5.57874e-26 -3.26355e-18 -1.11411e-25 -3.34141e-17 -2.69096e-26 -1.12154e-17  1.92963e-27 -2.12295e-18  6.89166e-27  -2.0741e-19  1.63952e-27  1.35538e-20 -9.73052e-28  1.00812e-20 -3.46804e-28  2.27433e-21  6.10533e-29  3.29103e-22  2.52454e-29  3.16961e-23  1.11612e-30  1.48012e-24  3.74178e-31 -1.17858e-25  1.17817e-31 -3.43435e-26  1.97088e-32 -4.16756e-27  6.15869e-33 -3.35455e-28  9.92895e-34 -1.89868e-29  3.54218e-35 -7.29067e-31  -8.0493e-36 -1.62218e-32 -4.46644e-37 -6.93295e-35  6.63503e-38  5.43551e-36  4.44366e-39  7.88198e-38
 -9.9979e-13  3.72631e-26  4.66514e-11  1.97532e-24 -8.43369e-10 -3.35483e-23  9.11468e-09  2.51816e-22 -6.78353e-08  -1.1193e-21  3.72628e-07  3.03354e-21 -1.57099e-06 -3.53455e-21  5.19987e-06 -9.96114e-21 -1.36724e-05   6.9823e-20  2.86387e-05 -2.29511e-19 -4.74723e-05  5.39318e-19  6.10449e-05 -9.87696e-19 -5.81991e-05  1.43405e-18  3.66423e-05 -1.60854e-18 -8.90463e-06  1.25466e-18 -7.50722e-06 -3.69921e-19  7.29771e-06 -6.73602e-19 -4.53776e-07   1.3327e-18  -2.3104e-06 -1.31345e-18  6.41792e-07  8.02715e-19  6.36533e-07 -2.53896e-19 -2.25437e-07 -3.30177e-20 -1.85596e-07  8.10966e-20  4.79474e-08 -5.47378e-20  5.46646e-08  3.88944e-20 -2.40027e-09 -2.27561e-20 -1.34691e-08 -4.23397e-21 -2.86297e-09  2.18079e-20  2.04959e-09 -1.74619e-20  1.21316e-09  3.94278e-21  1.91438e-11  2.95702e-21 -2.08286e-10 -1.94727e-21 -8.02563e-11 -2.67821e-22  1.54638e-12  4.75097e-22  1.21605e-11  8.56135e-23  4.63326e-12 -1.82637e-22  3.60981e-13  1.78576e-23 -3.80357e-13  3.23725e-23 -1.89929e-13 -2.60903e-24 -3.92527e-14 -5.90727e-24  1.05031e-15 -5.29428e-25  3.46831e-15  1.32848e-24  1.22128e-15  8.59664e-26  2.23799e-16 -1.39258e-25  9.65121e-18 -3.27819e-26 -7.89885e-18  2.99025e-27 -2.95904e-18  7.99901e-27 -6.00555e-19  1.75455e-27  -7.4956e-20 -1.17403e-27 -3.16298e-21 -3.72307e-28  1.02377e-21  6.71831e-29  3.05339e-22   2.5697e-29  4.85234e-23  1.94253e-30  5.29373e-24   7.6182e-31  3.95189e-25   2.2487e-31  1.56693e-26  3.55258e-32 -5.09799e-28  6.13289e-33 -1.39777e-28  8.46663e-34 -1.21464e-29  4.67833e-35 -6.46598e-31 -2.48238e-36 -2.21746e-32 -4.55481e-38 -4.53876e-34  3.52099e-38 -4.33936e-36  1.15901e-39
 -5.2627e-26 -1.17001e-11 -5.32256e-26  3.13694e-10  1.40984e-23  -4.3667e-09 -1.68253e-22  3.95946e-08  1.03316e-21 -2.57565e-07  -3.9553e-21   1.2658e-06  9.48851e-21 -4.84325e-06 -9.96114e-21   1.4677e-05 -2.56294e-20 -3.54988e-05  1.65796e-19   6.8469e-05 -5.07656e-19 -0.000104159  1.12011e-18  0.000121648 -1.93848e-18 -0.000102572  2.67209e-18  5.23103e-05 -2.85445e-18 -2.30142e-06  2.12642e-18 -1.80388e-05 -6.11208e-19  9.95235e-06 -9.97254e-19  2.44747e-06  1.87155e-18 -4.03328e-06 -1.70395e-18 -3.61558e-08  9.20297e-19  1.25857e-06 -2.13731e-19  -2.8611e-08 -7.49914e-20 -3.60686e-07  7.77089e-20  -2.5415e-08 -4.32678e-20  9.03184e-08  4.79931e-20     2.34e-08 -4.23997e-20 -1.58959e-08   7.8096e-21 -9.42683e-09  2.03496e-20   5.6774e-10 -1.97688e-20  2.05523e-09  5.16078e-21  6.00049e-10  3.02555e-21 -1.42509e-10 -2.10694e-21 -1.51783e-10 -3.43603e-22 -3.71896e-11  5.38472e-22  6.72223e-12  1.12317e-22  7.56212e-12  -2.0844e-22  2.24398e-12  1.28773e-23  6.89882e-14  3.92412e-23 -1.99482e-13 -1.24451e-24 -8.54352e-14 -7.77428e-24 -1.66061e-14 -6.21338e-25  1.21558e-16  1.59448e-24  1.17033e-15   1.0171e-25  4.12303e-16 -1.62542e-25  7.94458e-17  -3.5539e-26  6.71244e-18  3.90673e-27 -1.19079e-18  8.77082e-27 -5.99362e-19   1.6935e-27 -1.31659e-19 -1.36304e-27 -1.87129e-20  -3.8308e-28 -1.61216e-21   6.9484e-29 -1.07303e-23  2.57179e-29  2.30283e-23  3.04783e-30  4.47908e-24   1.1915e-30  5.23958e-25   3.2431e-31  4.30311e-26  4.83172e-32  2.47292e-27  6.18975e-33  8.70361e-29  7.47807e-34  5.57093e-31  5.10442e-35 -1.24842e-31  4.64146e-37 -7.06809e-33  8.32241e-38 -1.70214e-34  1.41982e-38 -1.39188e-36
 1.88063e-12 -4.05608e-25 -9.15551e-11 -2.24973e-24  1.72932e-09  8.03525e-23 -1.95584e-08 -7.30181e-22  1.52604e-07  3.76531e-21 -8.80666e-07 -1.25849e-20  3.91032e-06  2.69456e-20 -1.36724e-05 -2.56294e-20  3.81208e-05 -6.04466e-20 -8.51004e-05  3.62047e-19  0.000151422 -1.03565e-18 -0.000211369  2.15143e-18  0.000223316 -3.52696e-18 -0.000164028  4.62414e-18  6.22525e-05 -4.70734e-18  1.67545e-05  3.33979e-18  -3.3358e-05 -9.05935e-19  9.57603e-06 -1.42448e-18  8.26836e-06  2.49469e-18 -5.30868e-06 -2.07661e-18 -1.81881e-06   9.6141e-19  1.80022e-06 -1.20306e-19  5.23424e-07 -1.18819e-19 -4.85888e-07  5.22264e-20 -1.95714e-07 -1.55275e-20  9.49144e-08  5.19154e-20  6.76227e-08  -6.1576e-20 -5.81014e-09  2.03773e-20 -1.65807e-08   1.8191e-20 -3.85837e-09 -2.17037e-20  1.98365e-09  6.42336e-21  1.41044e-09  2.96476e-21  1.78347e-10 -2.23689e-21 -1.58864e-10 -3.97677e-22 -8.91868e-11  5.94691e-22  -1.3678e-11  1.30667e-22  5.88694e-12 -2.28547e-22  4.00178e-12  7.37528e-24  9.85293e-13  4.57997e-23  1.53593e-15  9.56447e-28 -8.75166e-14 -9.59752e-24 -3.40787e-14  -6.0932e-25 -6.52564e-15  1.81535e-24 -1.75246e-16  9.70228e-26  3.16618e-16 -1.75882e-25  1.16851e-16 -3.43068e-26  2.37281e-17  4.53614e-27  2.72962e-18  9.10293e-27  -1.3431e-20   1.4204e-27 -8.39516e-20 -1.53376e-27 -2.12107e-20 -3.82621e-28 -3.27897e-21  6.82078e-29 -3.46427e-22  2.56975e-29  -2.2127e-23  4.33167e-30  1.13358e-26  1.59792e-30  2.02577e-25  3.98882e-31  2.83823e-26  5.59987e-32   2.3835e-27  6.09327e-33  1.37338e-28  6.54868e-34  5.40668e-30  4.68793e-35  1.33552e-31  1.39535e-36  1.59745e-33  7.90353e-38 -2.15254e-37  3.81856e-39
 2.36963e-25  1.97222e-11 -1.93822e-24  -5.5365e-10 -2.03315e-23  8.08102e-09  3.83268e-22 -7.69551e-08 -2.78679e-21  5.26729e-07  1.23046e-20 -2.72973e-06 -3.62921e-20  1.10431e-05   6.9823e-20 -3.54988e-05 -6.04466e-20  9.14643e-05 -1.31124e-19 -0.000189014  7.29253e-19  0.000310696 -1.95421e-18  -0.00039759  3.83261e-18  0.000377738 -5.96697e-18 -0.000235967   7.4564e-18  5.35621e-05 -7.24075e-18  5.39781e-05  4.88244e-18 -5.03811e-05 -1.21255e-18   2.2729e-06 -1.96569e-18  1.69177e-05  3.16642e-18 -4.57021e-06 -2.38198e-18 -4.85858e-06   8.9928e-19  1.71199e-06  2.66606e-20   1.4645e-06 -1.58737e-19 -3.83237e-07  5.91099e-21 -4.46297e-07  2.44487e-20  2.10901e-08  5.09565e-20  1.14195e-07 -7.79984e-20  2.42648e-08  3.21453e-20 -1.81068e-08  1.52297e-20 -1.07568e-08 -2.29117e-20 -1.37852e-10   7.6282e-21  1.91199e-09  2.74778e-21  7.43469e-10 -2.32363e-21 -1.38752e-11 -4.18809e-22 -1.14923e-10  6.39053e-22 -4.45985e-11  1.36889e-22  -3.7778e-12 -2.41521e-22  3.58736e-12  2.52315e-24   1.8531e-12   5.1512e-23  4.00633e-13  8.09927e-25 -2.47089e-15 -1.11565e-23 -3.22659e-14 -4.71866e-25 -1.19478e-14  1.95277e-24 -2.32518e-15  7.17588e-26 -1.50613e-16 -1.73923e-25  6.34039e-17 -2.88642e-26  2.67488e-17  4.82136e-27  5.74258e-18  8.92937e-27   7.7913e-19  9.24531e-28   5.0351e-20 -1.68325e-27 -5.62234e-21  -3.7502e-28 -2.27437e-21  6.43351e-29 -3.88545e-22  2.58404e-29  -4.4521e-23  5.60654e-30 -3.58623e-24  1.91019e-30 -1.83375e-25  4.36041e-31 -2.27924e-27  5.75274e-32  5.54432e-28   5.6461e-33  5.77485e-29   5.4105e-34  3.08747e-30  3.65022e-35  9.89499e-32  1.22057e-36  1.74127e-33  4.07012e-38  1.10048e-35
-2.70406e-12   1.8971e-24  1.38243e-10 -5.99428e-24 -2.74543e-09 -1.23952e-22  3.26924e-08  1.57399e-21 -2.69004e-07 -9.46816e-21  1.64025e-06  3.63309e-20 -7.71272e-06 -9.53797e-20  2.86387e-05  1.65796e-19 -8.51004e-05 -1.31124e-19  0.000203427 -2.62354e-19 -0.000390165  1.35827e-18  0.000593031 -3.41879e-18  -0.00069442  6.34795e-18   0.00058805 -9.41216e-18 -0.000299928   1.1237e-17  8.50321e-06 -1.04242e-17  0.000111561  6.67098e-18 -6.15842e-05 -1.46849e-18 -1.59556e-05 -2.61927e-18  2.63426e-05  3.83858e-18  1.61654e-07 -2.57656e-18 -8.57595e-06  7.25132e-19  2.77101e-07  2.14613e-19  2.56358e-06 -1.88606e-19  1.50126e-07 -5.43001e-20 -6.73584e-07  6.88975e-20 -1.66674e-07  4.60687e-20  1.26032e-07  -8.9329e-20  7.23407e-08  4.19206e-20 -5.80938e-09  1.13288e-20 -1.67502e-08 -2.30795e-20 -4.73982e-09  8.66919e-21  1.27024e-09  2.35945e-21  1.28337e-09 -2.35211e-21  3.08887e-10 -3.96364e-22 -6.08827e-11  6.65058e-22 -6.60387e-11  1.28911e-22 -1.96388e-11  -2.4637e-22 -6.37769e-13 -6.90412e-25  1.74917e-12  5.57821e-23  7.60614e-13   9.6996e-25  1.52489e-13 -1.22358e-23  1.16357e-15 -2.19788e-25 -9.85507e-15  1.97388e-24 -3.61542e-15  3.32157e-26 -7.26348e-16 -1.52462e-25 -7.12234e-17  -1.9548e-26  7.21365e-18  4.82521e-27  4.65152e-18  8.22807e-27  1.07831e-18  2.24594e-28  1.60873e-19 -1.80881e-27  1.54607e-20 -3.62877e-28  5.37697e-22  5.91936e-29 -1.18635e-22  2.60715e-29 -2.79706e-23  6.64023e-30 -3.43492e-24  2.07091e-30 -2.89297e-25  4.31207e-31 -1.72427e-26  5.31877e-32 -6.83849e-28  4.80334e-33 -1.36237e-29  4.06438e-34  1.69395e-31  2.40498e-35  1.77455e-32  7.12924e-37  3.66638e-34  1.24978e-38
-8.03889e-25 -2.52268e-11  1.01918e-23  7.47515e-10  -7.3739e-24 -1.15291e-08  -5.9624e-22  1.16163e-07  5.67228e-21 -8.42534e-07 -2.89092e-20  4.63564e-06  9.75365e-20 -1.99565e-05 -2.29511e-19   6.8469e-05  3.62047e-19 -0.000189014 -2.62354e-19  0.000420717 -4.85252e-19 -0.000750604   2.3439e-18   0.00105542 -5.55594e-18  -0.00112747  9.79619e-18  0.000839817 -1.38754e-17 -0.000323297   1.5871e-17  -9.1135e-05 -1.40931e-17  0.000183782  8.55361e-18  -5.5129e-05 -1.60505e-18 -4.69178e-05 -3.36491e-18  3.19554e-05  4.45664e-18  1.03692e-05 -2.63259e-18 -1.13471e-05  4.52957e-19 -3.03699e-06   4.1858e-19  3.23478e-06 -2.02696e-19  1.20944e-06 -1.17262e-19  -6.8289e-07   1.0837e-19 -4.50686e-07  3.82539e-20  5.55274e-08 -9.35672e-20  1.19182e-07  4.88297e-20  2.50735e-08  6.44376e-21 -1.57884e-08 -2.20208e-20 -1.04442e-08  9.43712e-21 -1.12556e-09  1.80045e-21  1.28902e-09 -2.30425e-21  6.89559e-10 -3.22935e-22  9.84922e-11  6.65659e-22 -4.94599e-11  1.07117e-22 -3.22063e-11 -2.42684e-22 -7.83135e-12 -1.76856e-24  1.55202e-14  5.80311e-23  7.10902e-13  4.24935e-25  2.77207e-13  -1.2674e-23  5.40183e-14  9.91077e-26  1.97398e-15  1.86045e-24 -2.40239e-15 -4.35334e-27 -9.18366e-16 -1.09381e-25 -1.91658e-16 -6.98355e-27 -2.35966e-17  4.72821e-27 -4.77938e-19  7.02879e-27   5.3941e-19 -6.28438e-28  1.47669e-19 -1.90407e-27  2.36205e-20 -3.46296e-28  2.60315e-21  5.39783e-29  1.87441e-22  2.60761e-29  4.78797e-24  7.22331e-30 -8.15359e-25  2.05312e-30 -1.38202e-25  3.88762e-31 -1.19116e-26  4.44898e-32 -6.76434e-28  3.69119e-33 -2.57541e-29  2.70786e-34 -6.12548e-31  1.32524e-35 -7.45603e-33  2.96755e-37 -2.30405e-35
 2.88426e-12 -6.24265e-24 -1.56564e-10  4.22896e-23  3.30313e-09  4.55681e-23  -4.1818e-08 -2.40423e-21  3.66211e-07  1.81848e-20 -2.37977e-06 -7.99344e-20   1.1947e-05  2.39353e-19 -4.74723e-05 -5.07656e-19  0.000151422  7.29253e-19 -0.000390165 -4.85252e-19  0.000811401 -8.31134e-19  -0.00134929  3.75295e-18   0.00175494 -8.39984e-18  -0.00170257  1.41098e-17    0.0010929 -1.91581e-17 -0.000261963  2.10638e-17 -0.000256135 -1.79518e-17  0.000253468   1.0336e-17  -1.7504e-05 -1.56847e-18 -8.74325e-05 -4.16031e-18  2.71692e-05  4.96667e-18  2.57135e-05 -2.54254e-18 -1.06382e-05  1.17366e-19  -8.0643e-06  6.05431e-19  2.62964e-06  -1.9656e-19  2.61831e-06 -1.70276e-19 -2.51646e-07  1.34227e-19 -7.25813e-07  2.81633e-20 -1.27144e-07 -8.95404e-20  1.28525e-07   5.2429e-20  6.87872e-08  7.60876e-22  -1.9998e-09 -1.97234e-20 -1.36948e-08  9.81655e-21 -4.91526e-09  1.08695e-21  2.79678e-10 -2.16017e-21  8.55166e-10  -1.9732e-22  3.13731e-10  6.35859e-22  2.09987e-11  7.47608e-23 -2.79402e-11 -2.30759e-22 -1.37481e-11 -8.63281e-25 -2.89608e-12  5.77892e-23  4.13989e-14 -7.35382e-25  2.42765e-13 -1.24124e-23  8.89502e-14  4.04398e-25  1.74094e-14  1.61591e-24  1.22542e-15 -2.24839e-26 -4.28381e-16 -4.51173e-26 -1.88039e-16  8.20405e-27 -4.10545e-17  4.79049e-27 -5.74884e-18  5.42467e-27 -4.29906e-19 -1.55105e-27  2.28076e-20  -1.9569e-27   1.3066e-20 -3.23357e-28  2.33179e-21  4.93816e-29  2.72101e-22  2.54502e-29  2.24929e-23  7.23558e-30  1.25438e-24  1.86837e-30   3.3822e-26  3.20374e-31 -1.28207e-27  3.36701e-32 -1.92105e-28  2.53187e-33 -1.01854e-29  1.56883e-34 -2.90862e-31  5.95229e-36 -3.91332e-33  7.96099e-38
 2.19926e-24  2.34351e-11  -3.3116e-23 -7.43972e-10  1.42853e-22  1.22912e-08  4.02404e-22 -1.32685e-07 -8.39059e-21  1.03169e-06  5.24018e-20 -6.09141e-06 -2.01414e-19  2.81845e-05  5.39318e-19 -0.000104159 -1.03565e-18  0.000310696  1.35827e-18 -0.000750604 -8.31134e-19   0.00146318 -1.31979e-18   -0.0022718  5.58061e-18   0.00273133 -1.18264e-17  -0.00239041  1.89943e-17   0.00127866 -2.48208e-17 -6.98037e-05  2.63352e-17 -0.000480244 -2.16181e-17  0.000291777  1.18239e-17  6.11885e-05 -1.33836e-18 -0.000127346 -4.94417e-18  5.45102e-06  5.32175e-18  4.28626e-05 -2.31717e-18 -3.80367e-06   -2.349e-19 -1.35031e-05  7.40845e-19 -2.48853e-08 -1.67923e-19  3.83142e-06 -2.02044e-19  7.38984e-07   1.4082e-19  -8.0466e-07   1.6046e-20  -3.9764e-07 -7.73514e-20  6.11125e-08  5.27074e-20  1.05178e-07 -5.21437e-21  2.54118e-08 -1.63432e-20 -1.00062e-08  9.68945e-21 -8.32573e-09  2.46453e-22 -1.75665e-09 -1.90476e-21  5.10068e-10 -2.70268e-23  4.51828e-10  5.75788e-22   1.2521e-10  3.79323e-23  7.14197e-13 -2.11507e-22 -1.26612e-11  1.31323e-24 -5.21234e-12  5.47748e-23 -1.00731e-12 -2.34557e-24  2.99438e-15 -1.15324e-23  6.88023e-14   5.9543e-25  2.46753e-14  1.26707e-24  4.93523e-15 -3.00532e-27  4.97112e-16  3.73509e-26 -4.09172e-17  2.55406e-26 -2.90644e-17  5.29048e-27 -6.81306e-18  3.58077e-27 -1.02837e-18 -2.43292e-27 -1.02831e-19 -1.95096e-27 -4.81101e-21  -2.9174e-28  4.69237e-22  4.54745e-29  1.34894e-22  2.38874e-29  1.69481e-23  6.68399e-30  1.42137e-24  1.56233e-30  8.40554e-26  2.41204e-31  3.38377e-27    2.298e-32  7.98252e-29  1.53287e-33  4.36171e-31   7.7353e-35 -2.62416e-32  2.06478e-36 -4.14545e-34
-2.11386e-12  1.61587e-23  1.24761e-10 -1.38916e-22 -2.85563e-09  4.01092e-22  3.91621e-08  1.95902e-21 -3.71167e-07  -2.5851e-20  2.60963e-06  1.36837e-19 -1.41794e-05 -4.64942e-19  6.10449e-05  1.12011e-18 -0.000211369 -1.95421e-18  0.000593031   2.3439e-18  -0.00134929 -1.31979e-18   0.00247322 -1.94401e-18  -0.00359087  7.70884e-18   0.00398498 -1.55135e-17  -0.00311542  2.39209e-17   0.00130688 -3.02225e-17  0.000285711  3.10928e-17 -0.000732639  -2.4699e-17  0.000263225   1.2869e-17   0.00018064 -9.34693e-19 -0.000149918 -5.64675e-18 -3.64154e-05  5.48677e-18  5.52603e-05 -1.97853e-18  1.05462e-05 -5.56548e-19 -1.68836e-05  7.96873e-19 -4.91399e-06  -1.1749e-19   4.0136e-06 -2.05086e-19  2.15388e-06  1.26807e-19 -4.84151e-07  1.99935e-21 -6.55468e-07 -5.86145e-20 -9.93217e-08  4.99864e-20  1.04314e-07 -1.06704e-20  5.79652e-08  -1.2148e-20  3.16992e-09  8.95577e-21 -8.62776e-09  -6.8751e-22 -4.03929e-09 -1.53939e-21 -4.29693e-10  1.70335e-22  3.58239e-10  4.92717e-22    2.031e-10   4.9874e-24  4.52012e-11 -1.86038e-22 -1.73671e-12  3.83735e-24 -4.80046e-12  4.89463e-23 -1.76004e-12 -4.26592e-24 -3.28397e-13 -1.02695e-23 -8.54208e-15  5.68575e-25  1.56296e-14  8.58963e-25  5.75292e-15  6.67383e-26  1.18407e-15  1.32819e-25  1.46288e-16  4.46282e-26  3.94068e-18  6.45528e-27 -2.93615e-18  1.72657e-27  -8.1894e-19 -3.15236e-27 -1.31018e-19 -1.87118e-27 -1.45118e-20  -2.5059e-28 -1.08565e-21  4.18583e-29 -3.89782e-23  2.13175e-29  2.42392e-24  5.69664e-30  5.18296e-25  1.19954e-30  4.47569e-26  1.65453e-31  2.42833e-27  1.40598e-32  8.55013e-29  8.08179e-34  1.80253e-30  3.14541e-35  1.77229e-32   4.8094e-37
-5.04673e-24 -1.40498e-11  8.15699e-23  4.96139e-10 -4.89771e-22 -9.06286e-09  9.34577e-22  1.07694e-07  7.34453e-21 -9.18897e-07 -7.12745e-20  5.94186e-06  3.25953e-19 -3.00808e-05 -9.87696e-19  0.000121648  2.15143e-18  -0.00039759 -3.41879e-18   0.00105542  3.75295e-18   -0.0022718 -1.94401e-18   0.00392802 -2.65563e-18  -0.00533999  9.88746e-18   0.00545714 -1.89562e-17  -0.00375573  2.81946e-17    0.0010838  -3.4629e-17  0.000805903  3.47494e-17 -0.000956879 -2.68765e-17  0.000135991  1.33997e-17  0.000325094 -4.09115e-19 -0.000135517 -6.20542e-18 -9.50059e-05  5.44142e-18  5.44376e-05 -1.55176e-18  3.11038e-05 -8.10109e-19 -1.51762e-05  7.57892e-19  -1.1172e-05 -4.95309e-20  2.34276e-06 -1.77041e-19  3.52527e-06  9.54059e-20   3.3711e-07 -1.36505e-20   -7.407e-07 -3.63602e-20 -3.20376e-07  4.47551e-20  4.11282e-08 -1.46232e-20  7.81507e-08 -7.43687e-21  2.33525e-08  7.57281e-21 -3.63307e-09 -1.67877e-21  -5.1353e-09 -1.09454e-21 -1.64797e-09  3.67075e-22 -2.86217e-11  4.00528e-22  1.83853e-10 -1.45455e-23  8.01858e-11 -1.54927e-22  1.52032e-11  6.09135e-24 -8.76533e-13  4.05294e-23 -1.53693e-12  -6.4698e-24 -5.25085e-13 -8.99236e-24 -9.80616e-14    2.357e-25 -6.01977e-15  4.43723e-25  2.62864e-15  1.89301e-25  1.08202e-15  2.34223e-25  2.30661e-16  6.48861e-26  3.19537e-17  8.39381e-27  2.44907e-18  1.21631e-28 -8.94711e-20 -3.60135e-27 -6.23133e-20  -1.7111e-27 -1.11235e-20 -2.01678e-28  -1.2819e-21  3.79766e-29  -1.0488e-22  1.79408e-29 -5.92732e-24  4.47716e-30 -1.89717e-25  8.43812e-31  1.18535e-27  1.02916e-31  4.78469e-28  7.64249e-33  2.45345e-29   3.6402e-34  5.84265e-31  9.96064e-36  4.82332e-33
