  3.4067e-19 -4.00031e-33 -1.32878e-17  2.45331e-31  1.99162e-16  -4.5118e-30 -1.76835e-15  4.73665e-29  1.07013e-14 -3.41007e-28 -4.72318e-14    1.827e-27   1.5775e-13 -7.58502e-27 -4.06519e-13  2.47552e-26  8.13791e-13 -6.25892e-26  -1.2585e-12  1.13207e-25   1.4701e-12  -9.3951e-26 -1.22651e-12 -2.52584e-25  6.21731e-13  1.43462e-24 -5.04453e-14 -4.09946e-24 -1.68725e-13  8.58115e-24  8.97671e-14 -1.42331e-23   2.0873e-14  1.91115e-23 -3.04495e-14 -2.06622e-23 -1.48198e-15   1.7338e-23  8.17199e-15  -9.9844e-24  3.87984e-16  1.62133e-24 -1.97084e-15  4.45257e-24 -3.08655e-16 -6.69148e-24  3.91456e-16  5.81198e-24  1.41953e-16 -3.66028e-24 -4.66461e-17  1.74336e-24 -3.93814e-17 -6.09669e-25 -2.73115e-18  1.26926e-25  5.94839e-18  1.12323e-26  2.38279e-18  -2.1119e-26 -9.78332e-20  4.57435e-27  -3.7746e-19  4.65265e-27 -1.24042e-19 -4.45103e-27  1.55594e-21  1.57019e-27  1.51403e-20  2.43991e-29  5.55403e-21  -2.7107e-28  5.74056e-22  1.15759e-28 -3.00881e-22 -9.29023e-30 -1.61589e-22 -1.14707e-29 -3.59617e-23  4.19228e-30 -1.45266e-24  2.98544e-31  1.82459e-24  -3.5073e-31  7.14348e-25  1.59346e-32   1.4209e-25 -1.94281e-32  1.19657e-26  1.61431e-32 -2.28594e-27 -3.11686e-34 -1.12341e-27  1.69634e-34 -2.41715e-28  -6.7383e-34 -3.23976e-29  4.99557e-35 -2.16937e-30  2.04687e-35  1.74687e-31  7.71707e-36  7.68533e-32  6.15134e-38  1.28438e-32 -5.33193e-37  1.41515e-33 -9.97736e-38  1.07333e-34  8.96009e-39  4.78858e-36  3.03814e-39 -2.64336e-38  4.40366e-40 -2.47349e-38  1.27633e-41 -2.26047e-39 -6.24903e-42 -1.14656e-40 -5.10077e-43 -3.79959e-42 -1.44562e-44 -7.94737e-44  2.28895e-46 -5.77105e-46  7.98775e-48
-4.00031e-33  1.91818e-17 -1.41342e-31  -4.2454e-16  6.01399e-30  4.83593e-15 -8.90376e-29 -3.55323e-14  7.99914e-28  1.85216e-13 -5.10123e-27 -7.19938e-13  2.48059e-26   2.1448e-12 -9.54607e-26 -4.96228e-12   2.9544e-25  8.92915e-12 -7.31813e-25 -1.23493e-11  1.39252e-24  1.27006e-11 -1.73096e-24 -8.93978e-12  1.00308e-26  3.20982e-12  7.07478e-24  7.81497e-13 -2.34298e-23 -1.42268e-12  5.05289e-23   3.2441e-13 -8.35613e-23  3.26657e-13  1.10452e-22 -1.55776e-13 -1.17033e-22 -7.19949e-14  9.65686e-23  4.38932e-14 -5.61137e-23  1.91819e-14  1.30535e-23 -9.10644e-15  1.62526e-23 -5.59472e-15 -2.61163e-23  1.05602e-15  2.19151e-23  1.39577e-15 -1.29937e-23  1.25163e-16  5.74864e-24 -2.31053e-16 -1.84284e-24   -9.041e-17  3.15098e-25  1.07558e-17  9.14292e-26  1.80457e-17 -1.02378e-25  4.63991e-18   3.1337e-26 -8.85642e-19  1.03033e-26 -9.38259e-19 -1.40093e-26  -2.4123e-19  5.49243e-27    1.656e-20 -3.13641e-28  3.19338e-20 -6.93665e-28  1.04687e-20  3.58291e-28  1.05037e-21 -4.86213e-29 -4.78688e-22 -3.24272e-29 -2.55386e-22  1.38943e-29 -5.87255e-23  8.83176e-31 -4.60028e-24 -8.71124e-31  1.75192e-24 -7.53633e-32  8.11342e-25 -1.12861e-31  1.78396e-25  7.51484e-32  2.17259e-26  4.58991e-33 -5.29038e-30 -8.62725e-34 -6.74405e-28 -2.68685e-33 -1.75351e-28  1.40607e-34 -2.72292e-29  9.05118e-35 -2.74925e-30  3.06533e-35 -1.28834e-31  8.45478e-37  1.28011e-32 -1.99496e-36  3.69265e-33 -3.50995e-37  4.68377e-34  2.83338e-38  3.97362e-35  9.78225e-39  2.35571e-36  1.31679e-39  9.00186e-38  3.58675e-41  1.39749e-39  -1.2919e-41 -5.31971e-41 -1.02953e-42 -3.95801e-42 -2.93639e-44 -1.20699e-43  1.05549e-47 -9.38734e-46
-1.32878e-17 -1.41342e-31  5.31107e-16 -2.81494e-30 -8.16737e-15  9.12091e-29  7.45073e-14 -1.12453e-27 -4.64004e-13  8.78473e-27  2.11152e-12 -5.00142e-26 -7.28788e-12  2.21403e-25  1.94643e-11 -7.89159e-25 -4.05379e-11  2.30345e-24  6.55813e-11 -5.50764e-24 -8.08522e-11  1.05349e-23   7.2434e-11 -1.48377e-23  -4.1462e-11   1.0244e-23  7.58615e-12  1.81531e-23  8.86852e-12 -8.66265e-23 -6.58319e-12  1.98965e-22 -3.61197e-13 -3.31438e-22  2.02406e-12  4.32697e-22  -2.2918e-13 -4.49061e-22 -5.30856e-13  3.62377e-22  6.88534e-14 -2.08403e-22  1.35886e-13   5.5208e-23 -3.37236e-15  4.21034e-23   -3.159e-14  -7.1465e-23  -5.0919e-15    5.725e-23  5.44235e-15 -3.16185e-23  2.37623e-15  1.29185e-23 -3.55687e-16 -3.85808e-24 -5.28399e-16  5.85946e-25  -1.1076e-16  2.83304e-25  4.56822e-17  -2.9988e-25  3.24618e-17  1.07558e-25  5.44128e-18  1.31351e-26 -2.18636e-18 -3.03865e-26  -1.4782e-18  1.28556e-26 -3.15387e-19 -1.53568e-27  3.34611e-20 -1.14282e-27  4.28556e-20  8.17539e-28  1.31649e-20 -1.69993e-28  1.43299e-21 -6.99208e-29 -4.44847e-22  3.56483e-29 -2.54403e-22  2.43373e-30 -6.15848e-23 -1.52288e-30 -6.94678e-24 -5.58179e-31  7.31416e-25 -3.83685e-31  5.28946e-25  2.28222e-31  1.30225e-25  2.88547e-32   1.9313e-26 -5.53631e-33  1.39631e-27 -7.63638e-33 -1.33496e-28  2.32549e-34 -6.18009e-29  2.70588e-34 -1.11742e-29  8.46408e-35 -1.32603e-30  3.10545e-36 -1.05689e-31 -5.03646e-36 -4.26574e-33 -8.19874e-37  2.09279e-34  6.26803e-38  5.38917e-35  2.13464e-38  5.14313e-36  2.64549e-39  3.11466e-37  7.42136e-41  1.26271e-38 -1.70475e-41   3.3725e-40 -1.31896e-42  4.62763e-42 -3.59067e-44  7.59482e-45 -1.64156e-46
 2.45331e-31  -4.2454e-16 -2.81494e-30  9.64016e-15 -3.88541e-29 -1.12813e-13  1.01162e-27  8.52855e-13 -1.06344e-26 -4.58211e-12  7.31038e-26  1.83961e-11 -3.73806e-25 -5.67511e-11  1.51002e-24  1.36415e-10 -4.98338e-24 -2.56176e-10  1.36734e-23  3.72254e-10 -3.12968e-23 -4.06925e-10  5.88849e-23  3.12337e-10 -8.66026e-23 -1.35458e-10  8.33819e-23 -8.75942e-12  4.76765e-24  4.87908e-11 -2.32007e-22 -1.81505e-11  6.02838e-22 -9.02046e-12 -1.02639e-21  7.28132e-12  1.32959e-21  1.55178e-12 -1.35189e-21 -2.06028e-12  1.06276e-21 -4.12626e-13 -5.96741e-22  4.85561e-13  1.63401e-22  1.53217e-13  9.22701e-23 -8.57679e-14  -1.5934e-22 -5.00755e-14  1.19784e-22  5.98293e-15 -6.06408e-23  1.13352e-14  2.26674e-23  2.16259e-15 -6.51254e-24 -1.30746e-15  1.05027e-24 -7.86208e-16   5.7913e-25 -6.84348e-17 -6.69636e-25  8.97652e-17  2.60882e-25  4.22054e-17  9.94194e-27  4.38642e-18 -5.30298e-26 -3.31873e-18  2.33629e-26  -1.7422e-18 -4.42003e-27 -3.27601e-19 -1.21949e-27  3.80942e-20  1.64086e-27  4.22597e-20 -4.73416e-28  1.26417e-20 -1.42656e-28   1.5801e-21  8.23659e-29 -2.54364e-22  7.04776e-30 -1.79204e-22  -2.3447e-30 -4.64181e-23 -1.98992e-30 -6.56317e-24 -9.78572e-31 -1.06356e-25  5.41002e-31  2.06886e-25  9.99483e-32  6.09779e-26 -1.77209e-32  1.03348e-26 -1.76769e-32  1.10694e-27  2.07073e-34  4.66309e-29  6.30122e-34 -8.79142e-30  1.85377e-34 -2.37008e-30   7.2805e-36 -3.20063e-31  -9.8979e-36 -2.93565e-32 -1.46841e-36 -1.86275e-33   1.1378e-37 -7.02179e-35  3.66904e-38 -1.46044e-39  4.14956e-39   1.8822e-37  1.24685e-40  1.27337e-38 -1.60749e-41  4.59984e-40 -1.21215e-42  8.50914e-42  -2.8689e-44  4.89069e-44
 1.99162e-16  6.01399e-30 -8.16737e-15 -3.88541e-29  1.29028e-13  -4.0833e-28 -1.21095e-12  8.84884e-27  7.77117e-12 -8.06911e-26 -3.65119e-11  4.92577e-25  1.30414e-10 -2.27262e-24 -3.61493e-10  8.39224e-24  7.84363e-10 -2.56349e-23 -1.32911e-09   6.5965e-23  1.73081e-09  -1.4378e-22 -1.66382e-09  2.62951e-22  1.06492e-09 -3.89919e-22 -2.94522e-10  4.23553e-22 -1.63992e-10  -1.9743e-22  1.78484e-10 -4.41221e-22 -1.78427e-11  1.48126e-21 -4.87496e-11  -2.6333e-21  1.43858e-11  3.40541e-21  1.20598e-11 -3.39548e-21 -4.30142e-12   2.5925e-21 -3.21354e-12 -1.40594e-21  7.97672e-13  3.74403e-22   8.5999e-13  1.87515e-22 -3.01657e-14 -3.09196e-22 -1.90163e-13  2.13345e-22 -4.02385e-14  -9.6655e-23  2.56605e-14  3.25434e-23  1.49566e-14 -9.54743e-24  3.43002e-16  1.99187e-24 -2.30814e-15  9.43392e-25 -8.60268e-16 -1.27165e-24  1.81041e-17   5.0024e-25  1.21318e-16  8.69699e-27  4.34166e-17 -7.96968e-26  2.51969e-18  3.47308e-26 -3.67082e-18 -1.01161e-26 -1.64616e-18 -2.73327e-28 -2.90588e-19   3.1565e-27  2.77358e-20 -1.13015e-27   3.2145e-20 -2.99024e-28  9.66626e-21  1.78158e-28  1.39769e-21  1.95537e-29 -6.32384e-23 -3.88708e-30 -9.04551e-23 -5.20828e-30 -2.57591e-23 -2.05621e-30 -4.23667e-24  1.08238e-30 -3.32336e-25  2.55744e-31  3.63851e-26 -4.19955e-32  1.79065e-26 -3.50273e-32  3.48568e-27  -1.0606e-34  4.41128e-28   1.2109e-33  3.61153e-29  3.39067e-34  1.10867e-30  1.29429e-35 -1.86321e-31 -1.60342e-35 -3.72149e-32 -2.12694e-36  -3.7658e-33  1.82026e-37 -2.56026e-34  5.30228e-38 -1.19854e-35  5.41629e-39 -3.62836e-37  1.74192e-40 -5.29745e-39 -1.08126e-41  4.84747e-41  -8.1739e-43  2.26122e-42 -1.37343e-44
 -4.5118e-30  4.83593e-15  9.12091e-29 -1.12813e-13  -4.0833e-28  1.35814e-12 -3.45225e-27 -1.05789e-11  6.38312e-26  5.86667e-11  -5.1153e-25 -2.43631e-10  2.79265e-24  7.79445e-10 -1.16672e-23 -1.94943e-09  3.94332e-23  3.82601e-09 -1.11429e-22 -5.84831e-09  2.68369e-22  6.79803e-09  -5.5495e-22 -5.67444e-09   9.7941e-22  2.88616e-09 -1.43834e-21 -2.19377e-10  1.64233e-21 -8.29041e-10 -1.14176e-21   4.5459e-10 -4.40104e-22  9.94633e-11  3.01356e-21 -1.60897e-10 -5.78117e-21 -3.01619e-12  7.52182e-21  4.49003e-11  -7.3648e-21  1.63658e-13  5.44744e-21 -1.14544e-11 -2.82541e-21 -1.17368e-12  6.93567e-22  2.50007e-12  3.70641e-22  7.28492e-13 -5.43035e-22 -3.66063e-13  3.35243e-22 -2.39504e-13 -1.31088e-22  2.05282e-15  3.86931e-23  4.36803e-14 -1.28925e-23  1.38672e-14  3.77157e-24  -2.2224e-15  1.45924e-24 -2.86418e-15 -2.19799e-24 -7.36991e-16  7.92889e-25  9.85452e-17  3.99185e-26  1.26841e-16 -1.06878e-25  3.73337e-17  4.25949e-26  1.08248e-18 -2.04832e-26  -3.1635e-18  2.55006e-27 -1.28954e-18  6.00594e-27 -2.26236e-19 -2.39945e-27  1.14887e-20 -6.31533e-28  1.90664e-20  3.60595e-28  5.93603e-21  4.84506e-29  9.76165e-22 -7.67166e-30  3.32079e-23 -1.12137e-29 -3.09295e-23 -3.71933e-30 -1.04023e-23   1.9108e-30 -1.92104e-24  5.31932e-31 -2.17016e-25 -8.24535e-32  -7.5729e-27 -6.09475e-32  2.70734e-27 -8.77659e-34  7.12869e-28  1.97736e-33  1.01821e-28  5.31969e-34  9.92564e-30   1.8753e-35  6.47844e-31 -2.20447e-35  2.01225e-32 -2.53977e-36 -1.07362e-33   2.6585e-37 -1.93927e-34  6.68663e-38 -1.38859e-35  6.09227e-39  -6.0986e-37  2.03952e-40 -1.65855e-38   -4.551e-42 -2.31788e-40 -3.90356e-43 -1.09159e-42
-1.76835e-15 -8.90376e-29  7.45073e-14  1.01162e-27 -1.21095e-12 -3.45225e-27  1.17093e-11 -2.43509e-26 -7.75504e-11  3.91235e-25  3.76769e-10 -2.78329e-24 -1.39484e-09  1.36666e-23  4.01906e-09 -5.18495e-23 -9.09921e-09  1.60516e-22  1.61728e-08 -4.19248e-22 -2.22686e-08    9.431e-22  2.29614e-08 -1.84438e-21 -1.63144e-08  3.12597e-21  5.96439e-09 -4.50101e-21    1.456e-09  5.23321e-21 -2.77392e-09 -4.23973e-21  7.01342e-10  6.91988e-22  6.39909e-10  5.06542e-21 -3.47555e-10 -1.10815e-20 -1.37778e-10  1.46483e-20  1.03892e-10 -1.41073e-20  3.71959e-11  1.00842e-20 -2.39142e-11 -4.95313e-21 -1.17794e-11  1.05058e-21  3.63319e-12   7.1796e-22  3.32087e-12 -8.86166e-22  2.05133e-14   4.7705e-22   -6.535e-13 -1.52202e-22 -1.94268e-13  3.73924e-23  5.49199e-14 -1.69864e-23  5.06985e-14  6.53244e-24    9.027e-15  2.54956e-24 -4.19752e-15 -3.60307e-24  -2.7925e-15  1.04586e-24 -5.15602e-16  1.61587e-25  1.35053e-16  -1.2946e-25  1.08427e-16  4.11487e-26  2.78442e-17 -3.84829e-26  5.03841e-19  8.24572e-27 -2.18415e-18  1.12029e-26 -8.48787e-19 -4.62322e-27 -1.54133e-19  -1.2764e-27 -4.80202e-22  6.77545e-28  8.66337e-21  1.05401e-28  2.89966e-21 -1.64903e-29  5.30806e-22 -2.08934e-29  4.54492e-23 -5.91446e-30   -5.511e-24  3.06328e-30  -2.9102e-24  9.42611e-31 -6.07415e-25  -1.4121e-31 -8.12262e-26 -9.46386e-32 -6.65409e-27 -2.25198e-33 -8.35259e-29  2.78108e-33  7.14025e-29  7.26467e-34  1.30944e-29   2.3047e-35  1.40133e-30 -2.61106e-35  1.03669e-31 -2.48265e-36  5.27014e-33   3.5836e-37  1.58377e-34   7.5204e-38   4.8569e-37  6.01862e-39 -1.90751e-37  2.00117e-40 -8.09339e-39 -3.01739e-43 -1.26486e-40 -1.14632e-43
 4.73665e-29 -3.55323e-14 -1.12453e-27  8.52855e-13  8.84884e-27 -1.05789e-11 -2.43509e-26  8.50373e-11 -1.47043e-25 -4.87554e-10  2.08153e-24  2.09777e-09 -1.32516e-23 -6.97171e-09  5.87979e-23  1.81725e-08 -2.03061e-22 -3.73339e-08  5.76107e-22  6.01124e-08  -1.3892e-21 -7.43511e-08  2.91169e-21   6.7363e-08  -5.3684e-21 -3.94061e-08  8.70564e-21  7.71651e-09 -1.22176e-20  8.53573e-09  1.42333e-20  -6.8288e-09 -1.23994e-20 -1.19826e-10  5.06174e-21   2.1385e-09  6.77557e-21   -3.633e-10 -1.87963e-20 -5.72188e-10  2.55514e-20  1.19799e-10 -2.42443e-20  1.53703e-10  1.67066e-20 -1.73922e-11 -7.68688e-21 -3.92265e-11  1.26786e-21 -2.88726e-12   1.3418e-21  7.93487e-12 -1.36824e-21  2.55338e-12  6.28728e-22 -8.52884e-13 -1.49149e-22 -7.29484e-13  2.69766e-23 -8.54208e-14 -2.29125e-23  9.09889e-14  9.84078e-24  4.53636e-14  5.12354e-24  3.43263e-15 -5.69774e-24 -4.82488e-15  1.10417e-24 -2.26234e-15   4.5113e-25 -3.07124e-16  -1.3995e-25  1.24501e-16  2.43003e-26  7.80491e-17 -6.82235e-26  1.84199e-17  1.79027e-26  4.64022e-19  2.00225e-26 -1.21357e-18 -8.18235e-27 -4.69028e-19 -2.38853e-27 -9.00826e-20  1.17676e-27 -4.81838e-21  2.02106e-28    2.835e-21 -3.42855e-29  1.09909e-21 -3.46171e-29  2.21057e-22  -8.3303e-30  2.62182e-23  4.54924e-30  6.52003e-25  1.46412e-30 -4.86112e-25  -2.1676e-31  -1.2789e-25 -1.32735e-31 -1.91838e-26 -4.37852e-33 -1.95008e-27   3.3677e-33 -1.24204e-28  8.68694e-34 -1.61088e-30  2.46567e-35   6.9162e-31 -2.67765e-35  9.57659e-32 -1.88838e-36   7.3772e-33  4.43759e-37  3.77999e-34  7.61776e-38  1.28344e-35  5.25571e-39  2.58771e-37  1.62985e-40  2.26816e-39  1.10827e-42  9.32923e-44
 1.07013e-14  7.99914e-28 -4.64004e-13 -1.06344e-26  7.77117e-12  6.38312e-26 -7.75504e-11 -1.47043e-25  5.30977e-10 -7.74693e-25 -2.67218e-09  9.76655e-24  1.02717e-08 -5.60052e-23 -3.08201e-08  2.25472e-22  7.29337e-08 -7.10429e-22  -1.3619e-07  1.84796e-21  1.98522e-07 -4.10805e-21 -2.19572e-07  7.99823e-21  1.72272e-07 -1.38521e-20 -7.79817e-08  2.14223e-20 -2.98174e-09 -2.92028e-20   2.8346e-08  3.38099e-20 -1.20129e-08 -3.05704e-20 -4.88284e-09  1.64202e-20  4.88983e-09  6.18073e-21  6.68345e-10 -2.84746e-20 -1.44401e-09  4.04028e-20 -1.62851e-10 -3.78194e-20  3.69531e-10  2.50539e-20  7.77071e-11  -1.0661e-20 -7.66311e-11  1.06967e-21 -3.21283e-11   2.3772e-21  9.29446e-12 -2.02321e-21  8.97186e-12  7.83921e-22  7.57235e-13 -1.15879e-22 -1.40787e-12  9.08422e-24 -5.93724e-13 -3.22263e-23  2.27153e-14  1.25026e-23  9.82263e-14   1.0484e-23  3.30956e-14  -8.6882e-24 -4.73584e-16  7.80567e-25 -4.23635e-15   9.8423e-25 -1.57769e-15  -1.2939e-25 -1.65188e-16 -1.30982e-26  8.81427e-17 -1.14275e-25   4.7981e-17  3.26665e-26  1.08868e-17  3.36916e-26  5.05519e-19 -1.34045e-26 -5.33267e-19 -4.09084e-27 -2.14907e-19  1.88886e-27  -4.4006e-20   3.4411e-28 -4.14116e-21 -6.54602e-29  5.38962e-22 -5.18237e-29  3.08199e-22   -1.035e-29  6.87448e-23  6.34927e-30  9.62795e-24   2.0341e-30  7.63412e-25 -3.02402e-31 -1.49156e-26 -1.69871e-31 -1.55849e-26 -7.46887e-33 -2.78125e-27  3.43998e-33 -3.12122e-28  9.06603e-34 -2.43743e-29  2.33676e-35 -1.25175e-30 -2.36502e-35 -2.70642e-32   -9.013e-37  1.68628e-33  4.98988e-37  1.95829e-34  6.94605e-38  9.42458e-36  4.03385e-39  2.46405e-37  1.07527e-40  3.03352e-39  7.61889e-43
-3.41007e-28  1.85216e-13  8.78473e-27 -4.58211e-12 -8.06911e-26  5.86667e-11  3.91235e-25 -4.87554e-10 -7.74693e-25  2.89537e-09 -3.61201e-24 -1.29316e-08  4.08956e-23  4.47281e-08 -2.12395e-22 -1.21737e-07  7.78821e-22   2.6227e-07 -2.24425e-21 -4.45529e-07  5.35569e-21  5.86934e-07 -1.09578e-20 -5.76481e-07  1.97419e-20  3.82704e-07 -3.19667e-20 -1.16367e-07  4.69818e-20 -5.48552e-08 -6.21035e-20  6.93641e-08  7.12242e-20 -1.09944e-08 -6.57086e-20 -1.86131e-08  4.01339e-20  7.38038e-09  1.94944e-22  4.50521e-09   -3.878e-20 -2.34891e-09  5.84629e-20 -1.23899e-09 -5.40121e-20  5.28605e-10  3.42919e-20  3.69019e-10 -1.32834e-20 -6.51259e-11  1.44826e-22 -9.62338e-11  3.95419e-21 -8.93354e-12 -2.88692e-21  1.70975e-11  9.42766e-22   6.7479e-12 -5.24966e-23 -9.47245e-13 -1.15736e-23 -1.46493e-12 -4.64786e-23 -3.64556e-13  1.27526e-23  8.55746e-14  1.99231e-23  8.27014e-14 -1.26839e-23  2.04228e-14  -7.3877e-26 -2.04949e-15  1.80813e-24 -3.05264e-15 -9.21708e-26 -9.69852e-16 -7.44246e-26 -8.68702e-17  -1.8028e-25  4.97551e-17  5.36326e-26  2.52519e-17  5.29575e-26  5.70605e-18 -2.04234e-26  4.28096e-19 -6.40766e-27 -1.75714e-19  2.80702e-27 -7.97202e-20  5.22691e-28 -1.74744e-20 -1.13761e-28 -2.16853e-21 -7.08019e-29 -2.55368e-23 -1.11128e-29  5.73544e-23  8.41857e-30  1.52634e-23  2.57096e-30  2.38598e-24 -3.85352e-31  2.47582e-25   -2.002e-31  1.41152e-26 -1.17827e-32 -4.38582e-28  2.76488e-33 -2.09702e-28  8.11084e-34 -2.71978e-29  1.97607e-35 -2.23987e-30 -1.76179e-35 -1.27572e-31  1.78364e-37 -4.86666e-33  5.03032e-37 -1.04668e-34  5.64949e-38 -2.46288e-37  2.67208e-39  4.07722e-38   5.4464e-41  5.64582e-40
-4.72318e-14 -5.10123e-27  2.11152e-12  7.31038e-26 -3.65119e-11  -5.1153e-25  3.76769e-10  2.08153e-24 -2.67218e-09 -3.61201e-24  1.39583e-08 -1.50645e-23 -5.58234e-08  1.54197e-22  1.74775e-07 -7.28759e-22 -4.33163e-07  2.44313e-21  8.51359e-07 -6.45669e-21 -1.31579e-06  1.41518e-20  1.56173e-06 -2.66043e-20 -1.34797e-06  4.41356e-20  7.27734e-07 -6.63869e-20 -8.67316e-08  9.23254e-20 -2.00605e-07 -1.18316e-19   1.2964e-07   1.3451e-19  1.64125e-08 -1.25657e-19  -4.5627e-08  8.22681e-20  3.54077e-09 -1.47449e-20  1.30015e-08 -4.77268e-20 -1.46223e-09  7.79961e-20 -3.54655e-09 -7.10425e-20  8.19774e-11  4.30857e-20  8.84312e-10 -1.48895e-20  1.36968e-10 -1.75175e-21 -1.67815e-10  6.16563e-21 -7.07843e-11 -3.99116e-21  1.39151e-11  1.10945e-21  1.76194e-11  3.66162e-23  3.25124e-12 -2.88522e-23 -1.83388e-12 -6.65349e-23 -1.16624e-12  8.84816e-24  -1.6216e-13  3.40811e-23  9.77974e-14 -1.76334e-23  5.80708e-14 -1.46535e-24  1.10242e-14   2.9217e-24 -1.99267e-15 -3.41977e-26 -1.86309e-15 -1.61106e-25 -5.32864e-16 -2.67473e-25 -4.73041e-17  8.15234e-26  2.23894e-17  7.76962e-26  1.12878e-17 -2.90031e-26  2.60297e-18 -9.20092e-27  2.71212e-19  3.86974e-27 -3.67645e-20  7.07938e-28 -2.29903e-20 -1.81236e-28 -5.46571e-21 -8.88828e-29 -7.94769e-22 -9.70334e-30 -5.82229e-23  1.06942e-29  4.47341e-24   3.0065e-30  2.19677e-24 -4.47664e-31  3.90637e-25 -2.19139e-31  4.54176e-26 -1.74675e-32  3.61405e-27  1.28623e-33  1.66743e-28  5.90303e-34 -1.41982e-30  1.47213e-35 -9.97267e-31 -1.04483e-35 -9.33844e-32  1.03168e-36 -5.09133e-33  4.49149e-37 -1.75336e-34  4.03269e-38 -3.55833e-36  1.47683e-39 -3.32653e-38  1.84045e-41
   1.827e-27 -7.19938e-13 -5.00142e-26  1.83961e-11  4.92577e-25 -2.43631e-10 -2.78329e-24  2.09777e-09  9.76655e-24 -1.29316e-08 -1.50645e-23  6.00845e-08 -5.66536e-23 -2.16767e-07  5.27014e-22  6.17373e-07 -2.27626e-21 -1.39771e-06  7.00445e-21  2.50975e-06 -1.70365e-20 -3.52614e-06  3.43612e-20  3.75248e-06 -5.92632e-20 -2.80087e-06  8.99619e-20  1.13834e-06 -1.24542e-19  1.77948e-07  1.62906e-19 -5.04199e-07 -2.02709e-19  1.71043e-07  2.29571e-19  1.05982e-07 -2.16831e-19 -8.02942e-08  1.47688e-19 -1.93496e-08 -4.12782e-20  2.50666e-08 -5.33839e-20  5.05899e-09  9.64764e-20 -6.49127e-09 -8.63266e-20 -1.94891e-09  4.98682e-20  1.29883e-09 -1.49759e-20  7.01232e-10  -4.6977e-21 -1.27566e-10  9.04275e-21 -1.80177e-10 -5.35301e-21 -2.66896e-11  1.28485e-21   2.5333e-11   1.4606e-22    1.313e-11 -3.73825e-23  4.16942e-13 -9.17817e-23 -1.87409e-12 -8.38646e-26 -7.61194e-13  5.22689e-23 -3.99611e-14 -2.33453e-23  7.88713e-14 -3.15245e-24  3.52546e-14  4.27286e-24  5.41283e-15  2.06344e-26 -1.30642e-15 -2.72813e-25 -9.75744e-16  -3.7409e-25 -2.62473e-16  1.15998e-25 -2.60394e-17  1.06721e-25  7.74855e-18 -3.83679e-26  4.20783e-18 -1.21309e-26  1.00716e-18  4.95484e-27  1.30498e-19  8.47251e-28 -5.97996e-22 -2.67913e-28 -4.76529e-21 -1.03137e-28  -1.2914e-21 -5.42979e-30 -2.08585e-22  1.31011e-29 -2.15157e-23  3.31409e-30  -9.0813e-25 -4.69918e-31   1.4534e-25 -2.24505e-31  3.82595e-26 -2.42942e-32  4.91109e-27 -8.09236e-34  4.25609e-28  2.90096e-34  2.56548e-29  9.08126e-36   9.7627e-31 -4.01707e-36  1.21034e-32  1.46091e-36 -9.76741e-34  3.50903e-37 -6.27629e-35  2.46758e-38 -1.55702e-36  6.40135e-40 -1.28613e-38
  1.5775e-13  2.48059e-26 -7.28788e-12 -3.73806e-25  1.30414e-10  2.79265e-24 -1.39484e-09 -1.32516e-23  1.02717e-08  4.08956e-23 -5.58234e-08 -5.66536e-23  2.32834e-07  -1.9325e-22 -7.62452e-07  1.64062e-21   1.9837e-06 -6.50151e-21 -4.11276e-06   1.8443e-20  6.75181e-06 -4.14663e-20 -8.60769e-06  7.71941e-20  8.15319e-06 -1.22015e-19 -5.12859e-06  1.68123e-19  1.29358e-06 -2.11278e-19  9.74055e-07  2.57528e-19  -9.8395e-07 -3.12526e-19  8.42262e-08  3.56331e-19  2.95617e-07 -3.41359e-19 -9.12369e-08   2.3761e-19 -7.73463e-08 -7.92541e-20  3.12263e-08 -5.48471e-20  2.17694e-08  1.11001e-19 -6.92813e-09 -9.68621e-20 -6.36009e-09  5.32495e-20  6.45479e-10 -1.34355e-20  1.60117e-09 -8.54615e-21  2.42536e-10  1.25437e-20 -2.66552e-10 -6.95842e-21 -1.27013e-10  1.45826e-21  8.40662e-12  2.70703e-22  2.48897e-11 -3.44265e-23  7.50758e-12 -1.19281e-22 -1.00472e-12 -1.32102e-23 -1.44081e-12  7.20089e-23 -4.23523e-13 -2.96048e-23  9.74597e-15 -4.59649e-24  5.11016e-14  5.77561e-24  1.89174e-14  3.34072e-26  2.52445e-15  -4.0721e-25 -6.51001e-16   -4.964e-25 -4.38813e-16  1.54597e-25 -1.14973e-16  1.37864e-25 -1.33663e-17 -4.71063e-26  1.83248e-18 -1.46615e-26  1.26742e-18  5.89311e-27  3.20508e-19   8.7254e-28  4.79636e-20 -3.72482e-28  3.01528e-21 -1.11413e-28  -5.6372e-22  1.90026e-30 -2.14848e-22  1.55502e-29  -3.8401e-23  3.51491e-30 -4.55118e-24 -4.37404e-31  -3.5091e-25 -2.16643e-31 -1.04785e-26 -3.14593e-32  1.48218e-27 -3.11495e-33  2.76889e-28 -2.06079e-35  2.54225e-29  3.57999e-36  1.53709e-30  4.22252e-37  6.26486e-32  1.45507e-36   1.6039e-33  2.36487e-37  2.06716e-35   1.2498e-38  3.11354e-38   1.8789e-40
-7.58502e-27   2.1448e-12  2.21403e-25 -5.67511e-11 -2.27262e-24  7.79445e-10  1.36666e-23 -6.97171e-09 -5.60052e-23  4.47281e-08  1.54197e-22 -2.16767e-07  -1.9325e-22  8.17821e-07 -6.00396e-22 -2.44369e-06  4.66723e-21  5.82829e-06 -1.70341e-20 -1.10873e-05  4.47629e-20  1.66419e-05 -9.35537e-20 -1.91914e-05  1.61469e-19  1.60033e-05 -2.33828e-19 -8.11079e-06  2.89452e-19  4.24444e-07 -3.23187e-19  2.67267e-06  3.61383e-19 -1.49434e-06 -4.32047e-19 -3.29265e-07  5.05788e-19   5.8164e-07 -4.95064e-19 -7.68956e-09  3.47495e-19 -1.75098e-07 -1.24031e-19   8.9641e-09 -5.30661e-20  4.89007e-08  1.18738e-19  1.64876e-09 -9.97631e-20 -1.21775e-08  5.24628e-20 -2.56137e-09 -1.06995e-20  2.23613e-09 -1.29405e-20  1.11944e-09  1.65504e-20   -1.441e-10 -8.74182e-21 -2.61292e-10  1.60441e-21 -5.98587e-11  4.02653e-22  2.38548e-11 -2.10397e-23  1.82275e-11 -1.42988e-22   3.2674e-12  -2.7439e-23 -1.27464e-12  8.90285e-23 -9.14759e-13 -3.63417e-23 -2.07272e-13 -5.02367e-24  1.83549e-14    7.339e-24  2.78378e-14   -3.197e-26  9.08084e-15 -5.58302e-25  1.15211e-15 -6.31188e-25  -2.4924e-16   1.9162e-25 -1.67756e-16  1.68287e-25 -4.39912e-17  -5.3242e-26 -5.94681e-18 -1.61234e-26  1.44469e-19  6.50409e-27  2.91691e-19  7.16244e-28  8.07655e-20 -4.93599e-28  1.33486e-20 -1.13289e-28  1.31952e-21    1.181e-29  1.75349e-23  1.79208e-29 -2.11877e-23  3.65684e-30 -4.64681e-24 -3.46767e-31 -5.99309e-25 -1.97769e-31 -5.33558e-26 -3.76496e-32 -3.18014e-27 -5.12334e-33 -9.14651e-29  -2.7353e-34  3.79492e-30 -1.05772e-36  6.17945e-31  2.56587e-36  3.67145e-32  1.15512e-36  1.23676e-33  1.34827e-37  2.24706e-35  4.93108e-39  1.45623e-37
-4.06519e-13 -9.54607e-26  1.94643e-11  1.51002e-24 -3.61493e-10 -1.16672e-23  4.01906e-09  5.87979e-23 -3.08201e-08 -2.12395e-22  1.74775e-07  5.27014e-22 -7.62452e-07 -6.00396e-22  2.61895e-06 -1.70351e-21  -7.1729e-06  1.21567e-20   1.5729e-05 -4.10174e-20  -2.7492e-05  1.00418e-19  3.77007e-05 -1.96469e-19 -3.91374e-05  3.16328e-19  2.82536e-05 -4.19994e-19 -1.05407e-05   4.6096e-19 -2.80091e-06 -4.41429e-19  5.49143e-06  4.39458e-19 -1.57143e-06 -5.29957e-19 -1.30732e-06  6.60445e-19  8.44632e-07  -6.6778e-19  2.71252e-07  4.66202e-19 -2.78586e-07 -1.65687e-19 -7.36286e-08 -5.10599e-20  7.38789e-08  1.17238e-19   2.6831e-08 -9.28493e-20 -1.46423e-08  4.77163e-20 -9.24174e-09 -7.71632e-21  1.20748e-09 -1.73996e-20  2.30881e-09  2.08658e-20  4.28823e-10 -1.05679e-20 -3.06523e-10  1.68995e-21 -1.80726e-10  5.24664e-22 -1.24963e-11 -2.83494e-24  2.38361e-11 -1.53327e-22  1.08756e-11 -3.73679e-23  9.69865e-13   9.7839e-23 -9.86258e-13 -4.37603e-23 -5.00536e-13 -3.62444e-24 -9.21613e-14  8.89329e-24  1.25573e-14 -1.78379e-25  1.29731e-14 -7.13129e-25  3.90805e-15 -7.78448e-25  5.10944e-16  2.17591e-25 -6.87722e-17  1.94882e-25  -5.3345e-17 -5.45369e-26 -1.43294e-17 -1.58344e-26 -2.18687e-18  6.64657e-27 -1.02445e-19  3.31899e-28  4.51588e-20 -6.30776e-28  1.52715e-20 -1.10437e-28  2.74477e-21  2.31606e-29  3.24282e-22  2.00372e-29  2.21463e-23   3.7776e-30 -2.84306e-25 -2.09849e-31 -3.07655e-25   -1.711e-31 -4.64479e-26 -4.14279e-32 -4.34165e-27 -6.39817e-33 -2.81112e-28 -4.23848e-34 -1.23484e-29 -4.19813e-36 -3.15311e-31  2.90197e-36 -1.21794e-33  7.55252e-37   1.8942e-34  6.30515e-38  4.74581e-36  1.31137e-39
 2.47552e-26 -4.96228e-12 -7.89159e-25  1.36415e-10  8.39224e-24 -1.94943e-09 -5.18495e-23  1.81725e-08  2.25472e-22 -1.21737e-07 -7.28759e-22  6.17373e-07  1.64062e-21 -2.44369e-06 -1.70351e-21  7.68482e-06 -4.41997e-21 -1.93676e-05  2.90095e-20  3.91428e-05 -9.08424e-20 -6.29118e-05  2.08616e-19  7.86879e-05 -3.85502e-19 -7.30078e-05  5.83692e-19  4.44131e-05  -7.1197e-19 -9.56188e-06  6.81182e-19 -1.00815e-05 -5.25036e-19  9.04799e-06  4.33638e-19 -3.42193e-07 -5.62692e-19 -2.95852e-06  7.99902e-19  7.78967e-07 -8.46564e-19  8.19508e-07  5.76856e-19 -2.87767e-07 -1.89711e-19 -2.37336e-07 -5.32309e-20  6.45231e-08  1.04576e-19  7.00024e-08 -7.51977e-20 -4.72648e-09  4.03337e-20 -1.76501e-08 -5.74191e-21 -3.21064e-09  -2.1446e-20   2.8877e-09  2.52061e-20  1.51954e-09 -1.22252e-20 -5.16905e-11  1.68924e-21 -2.87824e-10   6.0395e-22 -9.55954e-11  9.29754e-24  8.74244e-12 -1.37628e-22  1.71112e-11 -3.58482e-23  5.52335e-12   9.2878e-23  7.68936e-14 -5.23502e-23 -5.93206e-13  1.44781e-25 -2.41752e-13  1.03998e-23 -3.85001e-14 -3.44714e-25  5.86132e-15 -8.48076e-25  5.18123e-15 -9.42466e-25  1.49584e-15  2.20032e-25  2.11138e-16  2.14672e-25 -9.98062e-18  -4.9017e-26 -1.35781e-17 -1.32612e-26 -3.84568e-18  6.26592e-27 -6.42992e-19 -2.88099e-28 -5.75152e-20 -7.83939e-28  2.50661e-21  -1.0614e-28  1.96023e-21  3.43444e-29  3.97536e-22  2.16549e-29  5.13829e-23  3.87414e-30  4.52884e-24 -5.21324e-32  2.33668e-25 -1.40181e-31 -1.63101e-27 -4.17839e-32 -1.64687e-27 -6.72455e-33 -1.75841e-28 -4.62264e-34 -1.10473e-29 -5.54083e-36 -4.51225e-31  2.26211e-36 -1.14733e-32  4.07382e-37 -1.53095e-34    2.284e-38 -6.01033e-37
 8.13791e-13   2.9544e-25 -4.05379e-11 -4.98338e-24  7.84363e-10  3.94332e-23 -9.09921e-09 -2.03061e-22  7.29337e-08  7.78821e-22 -4.33163e-07 -2.27626e-21   1.9837e-06  4.66723e-21  -7.1729e-06 -4.41997e-21  2.07529e-05 -1.04858e-20 -4.82911e-05  6.33607e-20  9.01311e-05 -1.84943e-19 -0.000133237   4.0185e-19  0.000151567 -7.09279e-19  -0.00012435  1.02008e-18  6.08069e-05 -1.14691e-18 -3.20646e-07  9.35772e-19 -2.27235e-05 -5.07316e-19  1.17953e-05  2.66787e-19  3.33148e-06 -4.85488e-19  -4.9748e-06  9.11103e-19 -9.83093e-08 -1.02071e-18  1.57245e-06  6.59165e-19 -3.83405e-08 -1.79329e-19 -4.53718e-07 -6.38308e-20 -2.60045e-08  7.93883e-20   1.1555e-07 -4.75586e-20  2.71049e-08  3.25979e-20 -2.14199e-08 -5.98128e-21 -1.15298e-08 -2.47345e-20  1.24055e-09  2.91986e-20  2.68573e-09 -1.34416e-20  6.67003e-10  1.60295e-21 -2.34971e-10  5.91328e-22 -1.95772e-10 -1.26152e-24 -3.86979e-11 -8.18358e-23  1.25874e-11 -1.51478e-23  1.00124e-11  6.99982e-23  2.46449e-12 -6.27475e-23 -1.23579e-13  6.25459e-24 -2.96544e-13  1.18396e-23  -1.0437e-13 -3.92622e-25  -1.5471e-14 -9.27466e-25  1.98127e-15 -1.12988e-24   1.7547e-15  1.86018e-25  5.00328e-16  2.25154e-25  7.71219e-17 -3.55913e-26  1.81063e-18 -8.18587e-27 -2.56834e-18  5.41684e-27 -8.14671e-19 -1.10482e-27 -1.46457e-19 -9.51477e-28 -1.66864e-20   -1.041e-28 -8.06959e-22  4.36089e-29  1.23493e-22  2.24831e-29  3.66778e-23  3.89751e-30  5.17138e-24  9.44934e-32  4.91075e-25 -1.08475e-31  3.24114e-26 -3.85618e-32  1.33536e-27 -6.16657e-33  1.41439e-29 -4.11932e-34 -2.17557e-30 -5.29147e-36 -1.57252e-31  1.38246e-36 -5.05454e-33  1.77692e-37 -7.28824e-35  5.55938e-39
-6.25892e-26  8.92915e-12  2.30345e-24 -2.56176e-10 -2.56349e-23  3.82601e-09  1.60516e-22 -3.73339e-08 -7.10429e-22   2.6227e-07  2.44313e-21 -1.39771e-06 -6.50151e-21  5.82829e-06  1.21567e-20 -1.93676e-05 -1.04858e-20  5.17769e-05 -2.26999e-20 -0.000111574  1.26273e-19  0.000192607 -3.45333e-19 -0.000261762  7.18173e-19  0.000269653 -1.22818e-18 -0.000192475  1.69768e-18  6.87508e-05 -1.76714e-18  2.34304e-05  1.19439e-18 -4.02331e-05 -2.97608e-19  1.06578e-05  -1.4464e-19  1.03151e-05 -2.69681e-19 -6.33762e-06  9.99712e-19 -2.27107e-06 -1.18597e-18   2.2009e-06  6.92414e-19  6.33376e-07 -1.19189e-19 -6.06506e-07 -8.50205e-20 -2.33121e-07  4.09863e-20  1.23862e-07 -1.25148e-20  8.17602e-08  2.72879e-20  -1.0148e-08 -9.18587e-21 -2.08939e-08 -2.71421e-20 -4.06707e-09  3.24011e-20   2.8119e-09 -1.39242e-20  1.71822e-09  1.47024e-21  1.34352e-10  4.28497e-22  -2.2642e-10 -5.61848e-23 -1.07466e-10  2.64715e-23 -1.09162e-11   3.1472e-23  9.37725e-12   2.7907e-23  5.02508e-12 -7.54854e-23  9.96285e-13  1.39194e-23 -9.73939e-14   1.3188e-23 -1.26189e-13 -1.25701e-25 -4.03789e-14 -9.07329e-25 -5.96607e-15 -1.34475e-24  4.36674e-16  1.06191e-25  4.92003e-16  2.24678e-25  1.42488e-16 -1.45493e-26  2.37662e-17 -8.25179e-28  1.72931e-18  4.24857e-27 -2.93174e-19 -2.03871e-27 -1.27594e-19 -1.12775e-27 -2.48206e-20 -1.07087e-28 -3.16712e-21  4.94224e-29 -2.58845e-22  2.22509e-29 -7.10856e-24  3.77705e-30  1.54665e-24  2.01918e-31  2.94786e-25 -7.90403e-32  2.93239e-26 -3.25301e-32   1.9557e-27 -5.01035e-33  8.91927e-29 -3.13494e-34  2.58641e-30  -4.0677e-36  3.66578e-32  6.80571e-37 -9.55868e-35  5.95381e-38 -6.00356e-36
 -1.2585e-12 -7.31813e-25  6.55813e-11  1.36734e-23 -1.32911e-09 -1.11429e-22  1.61728e-08  5.76107e-22  -1.3619e-07 -2.24425e-21  8.51359e-07  7.00445e-21 -4.11276e-06 -1.70341e-20   1.5729e-05  2.90095e-20 -4.82911e-05 -2.26999e-20  0.000119756 -4.46249e-20 -0.000239604   2.2811e-19  0.000382998 -5.88527e-19 -0.000477967  1.19082e-18  0.000443028 -2.00961e-18 -0.000268108  2.70489e-18  5.37477e-05 -2.61923e-18  6.71929e-05  1.40913e-18 -5.85967e-05  2.10588e-19  1.35624e-06 -8.70722e-19   2.0276e-05  7.88488e-20 -5.25131e-06  1.09697e-18    -5.85e-06 -1.34533e-18  2.06613e-06  6.58479e-19  1.75265e-06  3.15006e-22 -4.88224e-07 -1.15252e-19 -5.35565e-07 -1.03734e-20  3.92809e-08  2.57427e-20  1.40407e-07  2.70034e-20  2.52672e-08 -1.53487e-20 -2.39558e-08 -2.87967e-20 -1.26138e-08  3.43572e-20  4.91666e-10 -1.34161e-20  2.47766e-09  1.36726e-21  8.29408e-10  6.21355e-23  -7.6408e-11 -1.79536e-22 -1.51767e-10  1.94391e-22 -4.99497e-11  1.08107e-22 -1.07353e-12 -3.09095e-23  5.28315e-12   -9.073e-23   2.2221e-12  2.16445e-23  3.76651e-13    1.439e-23 -4.42978e-14  6.56118e-25 -4.58968e-14 -7.45528e-25 -1.38923e-14 -1.58237e-24 -2.14038e-15 -2.08293e-26  2.05494e-17  2.12883e-25   1.0928e-16   1.2285e-26  3.33812e-17  8.14482e-27  5.93874e-18  2.95684e-27  6.17439e-19 -2.98693e-27  3.67754e-21 -1.30157e-27 -1.28704e-20  -1.1601e-28 -2.93404e-21  5.07937e-29 -4.00922e-22  2.08025e-29 -3.77443e-23  3.46011e-30 -2.32119e-24  2.54582e-31  -5.5337e-26 -5.41583e-32  5.80334e-27 -2.50624e-32  8.10877e-28 -3.63007e-33  5.25244e-29 -2.06908e-34  2.06639e-30 -2.58691e-36  4.78644e-32  2.66925e-37  5.23991e-34  1.33373e-38
 1.13207e-25 -1.23493e-11 -5.50764e-24  3.72254e-10   6.5965e-23 -5.84831e-09 -4.19248e-22  6.01124e-08  1.84796e-21 -4.45529e-07 -6.45669e-21  2.50975e-06   1.8443e-20 -1.10873e-05 -4.10174e-20  3.91428e-05  6.33607e-20 -0.000111574 -4.46249e-20  0.000257578 -7.88775e-20 -0.000479589  3.68611e-19   0.00071034  -9.0673e-19   -0.0008123  1.83067e-18  0.000671103  -3.1214e-18 -0.000329352  4.14611e-18 -2.86039e-06  -3.7509e-18  0.000131992  1.51398e-18 -6.91098e-05  1.12541e-18 -2.01678e-05 -1.94511e-18  3.06811e-05  5.07504e-19  4.31117e-07  1.25681e-18 -1.01072e-05 -1.50494e-18  3.70415e-07  5.44613e-19  3.04135e-06  1.79161e-19  1.30569e-07 -1.48749e-19 -8.12807e-07 -7.31175e-20 -1.79543e-07  6.20938e-20   1.6001e-07  3.34779e-20  8.30417e-08 -2.36261e-20 -1.09378e-08 -3.00444e-20 -2.05798e-08  3.46849e-20 -4.91001e-09 -1.17541e-20  1.94286e-09  1.39097e-21  1.55517e-09 -5.40163e-22  2.99871e-10 -3.93036e-22 -1.05544e-10  4.20464e-22 -8.22139e-11  2.14915e-22 -2.03077e-11 -1.00162e-22  9.80963e-13 -1.08101e-22  2.45345e-12  2.75329e-23  8.78016e-13  1.53489e-23  1.36392e-13  2.08065e-24 -1.38371e-14  -4.1625e-25 -1.41253e-14 -1.82461e-24 -4.17673e-15 -1.85261e-25 -6.82659e-16  1.91158e-25 -3.08845e-17  4.18583e-26  1.75319e-17  1.76886e-26  6.13768e-18  1.72405e-27    1.157e-18 -3.84535e-27  1.41414e-19 -1.45671e-27  9.21622e-21 -1.29732e-28 -4.29379e-22  4.74827e-29 -2.10648e-22  1.81834e-29 -3.20302e-23  2.94497e-30 -3.14485e-24  2.53113e-31 -2.15656e-25 -3.50099e-32 -9.89481e-27 -1.76179e-32 -2.36261e-28 -2.34855e-33  2.77442e-30 -1.18758e-34  4.19863e-31 -1.36144e-36  1.26949e-32  7.94718e-38  1.18467e-34
  1.4701e-12  1.39252e-24 -8.08522e-11 -3.12968e-23  1.73081e-09  2.68369e-22 -2.22686e-08  -1.3892e-21  1.98522e-07  5.35569e-21 -1.31579e-06 -1.70365e-20  6.75181e-06  4.47629e-20  -2.7492e-05 -9.08424e-20  9.01311e-05  1.26273e-19 -0.000239604 -7.88775e-20  0.000516646 -1.22802e-19 -0.000897008  5.17921e-19   0.00123136 -1.23887e-18  -0.00128604  2.60517e-18  0.000933782 -4.62671e-18 -0.000340408  6.13969e-18 -0.000118734  -5.2031e-18  0.000209994  1.42502e-18 -5.89285e-05  2.53749e-18 -5.52557e-05 -3.34489e-18  3.63364e-05  9.17909e-19  1.21804e-05  1.54118e-18 -1.31831e-05 -1.66693e-18 -3.44467e-06  3.46205e-19  3.83179e-06  4.05559e-19  1.35256e-06 -1.76571e-19 -8.43151e-07 -1.44129e-19 -5.13398e-07  9.15512e-20  8.53866e-08  4.71262e-20  1.41676e-07 -3.25389e-20  2.42314e-08 -3.13731e-20 -2.09436e-08   3.3173e-20 -1.19673e-08 -8.90801e-21 -6.82685e-10  1.63424e-21  1.71923e-09 -1.37816e-21  7.81301e-10 -7.10244e-22  6.99606e-11  6.93132e-22 -7.32845e-11  3.47528e-22 -3.80935e-11  -1.7077e-22 -7.45265e-12 -1.26638e-22  7.70536e-13  2.97803e-23   9.6724e-13   1.5935e-23  3.11068e-13   4.1323e-24  4.73561e-14  7.60458e-26 -2.63775e-15 -2.03936e-24  -3.5887e-15 -3.65636e-25 -1.06865e-15  1.62938e-25 -1.84933e-16  7.05947e-26 -1.57142e-17   2.6623e-26  1.48445e-18  6.74442e-28  8.21043e-19 -4.52751e-27  1.67398e-19 -1.57471e-27  2.21705e-20 -1.45555e-28  1.95962e-21  4.00652e-29  8.68486e-23  1.46719e-29 -4.88766e-24  2.28955e-30 -1.36188e-24  2.11706e-31 -1.42529e-25 -2.15895e-32 -9.50533e-27 -1.12857e-32 -4.26504e-28 -1.35396e-33 -1.22599e-29 -5.89493e-35 -1.91394e-31  -5.8159e-37 -8.96547e-34  1.56292e-38
 -9.3951e-26  1.27006e-11  1.05349e-23 -4.06925e-10  -1.4378e-22  6.79803e-09    9.431e-22 -7.43511e-08 -4.10805e-21  5.86934e-07  1.41518e-20 -3.52614e-06 -4.14663e-20  1.66419e-05  1.00418e-19 -6.29118e-05 -1.84943e-19  0.000192607   2.2811e-19 -0.000479589 -1.22802e-19  0.000968899 -1.60438e-19  -0.00157144  5.88356e-19   0.00199875 -1.43682e-18  -0.00189724  3.42224e-18    0.0011845 -6.58356e-18 -0.000255678  8.81057e-18 -0.000302151 -6.99483e-18   0.00028145  1.04237e-18 -1.42383e-05  4.49743e-18 -9.97158e-05  -4.9794e-18  3.01469e-05  1.18324e-18  2.93963e-05  1.99701e-18  -1.2294e-05 -1.82281e-18 -9.14744e-06   6.9507e-20  3.18269e-06  6.56734e-19  2.97681e-06 -1.89189e-19 -3.75708e-07 -2.18967e-19 -8.45213e-07  1.10455e-19 -1.19193e-07  6.70135e-20  1.60062e-07 -4.03906e-20  7.58899e-08 -3.33187e-20 -6.62102e-09  2.98484e-20  -1.6701e-08 -4.99165e-21 -5.12832e-09  2.16189e-21  7.22155e-10 -2.41559e-21  1.06061e-09 -1.13127e-21  3.29813e-10  9.91626e-22 -1.99289e-13  4.97348e-22 -3.83849e-11 -2.32698e-22 -1.55479e-11 -1.44909e-22 -2.55551e-12  2.72048e-23  3.35071e-13  1.60066e-23  3.25749e-13  6.61432e-24  9.81061e-14  6.89267e-25   1.5339e-14 -2.18502e-24  1.03901e-17 -5.31604e-25  -7.1817e-16  1.33584e-25 -2.24505e-16  9.52814e-26 -4.07923e-17  3.38878e-26 -4.50517e-18 -1.37728e-28 -1.20825e-19 -4.97526e-27  6.68987e-20 -1.63874e-27  1.66501e-20 -1.60023e-28  2.33467e-21  2.98329e-29  2.25172e-22  1.07339e-29   1.4781e-23   1.5925e-30   5.2413e-25  1.51102e-31 -1.00518e-26 -1.29626e-32 -2.66531e-27 -6.57585e-33 -1.77186e-28 -6.91792e-34 -6.46311e-30 -2.49549e-35 -1.26001e-31 -1.91975e-37 -8.75551e-34
-1.22651e-12 -1.73096e-24   7.2434e-11  5.88849e-23 -1.66382e-09  -5.5495e-22  2.29614e-08  2.91169e-21 -2.19572e-07 -1.09578e-20  1.56173e-06  3.43612e-20 -8.60769e-06 -9.35537e-20  3.77007e-05  2.08616e-19 -0.000133237 -3.45333e-19  0.000382998  3.68611e-19 -0.000897008 -1.60438e-19   0.00170303  -1.5071e-19  -0.00258426  4.01877e-19   0.00304283 -1.23951e-18  -0.00260648  4.13057e-18   0.00134952 -9.05019e-18 -3.05473e-05  1.22731e-17 -0.000542643 -9.10085e-18  0.000315371  2.57224e-19   7.4085e-05  6.99201e-18 -0.000142083  -6.6926e-18  5.41587e-06  1.17963e-18  4.82653e-05  2.63248e-18 -4.63099e-06 -1.95179e-18 -1.52752e-05 -2.66328e-19  2.53469e-07  9.03203e-19  4.39978e-06 -1.79779e-19  7.25408e-07 -2.92693e-19 -9.66248e-07  1.17411e-19 -4.29827e-07  9.12685e-20  9.27838e-08 -4.57448e-20  1.22064e-07 -3.63687e-20  2.40613e-08  2.49815e-20 -1.38783e-08 -2.43131e-22 -9.50421e-09  2.99499e-21 -1.54352e-09 -3.58584e-21  7.80134e-10 -1.63958e-21  5.29128e-10  1.28928e-21  1.20767e-10  6.52648e-22 -1.03285e-11 -2.77136e-22 -1.65879e-11 -1.61212e-22  -5.6789e-12  1.96319e-23 -8.43337e-13  1.54337e-23  1.00829e-13   9.1634e-24  9.28683e-14  1.34735e-24  2.70639e-14 -2.21882e-24  4.43386e-15 -6.49619e-25  2.24979e-16  1.09701e-25 -1.02311e-16  1.13837e-25 -3.68458e-17   3.8792e-26 -7.01689e-18 -7.08098e-28 -8.77503e-19 -5.16078e-27 -6.36781e-20 -1.63732e-27   7.3178e-22 -1.69743e-28  9.54367e-22  1.85288e-29  1.52547e-22  6.90772e-30  1.50502e-23  9.57993e-31  1.02999e-24  9.07333e-32  4.81373e-26 -7.76417e-33  1.34291e-27 -3.47553e-33  9.25606e-30 -3.10293e-34 -7.01329e-31 -8.77141e-36  -1.9735e-32 -4.27481e-38
-2.52584e-25 -8.93978e-12 -1.48377e-23  3.12337e-10  2.62951e-22 -5.67444e-09 -1.84438e-21   6.7363e-08  7.99823e-21 -5.76481e-07 -2.66043e-20  3.75248e-06  7.71941e-20 -1.91914e-05 -1.96469e-19  7.86879e-05   4.0185e-19 -0.000261762 -5.88527e-19   0.00071034  5.17921e-19  -0.00157144  -1.5071e-19   0.00281212 -1.38883e-20  -0.00399788 -3.34891e-19   0.00435055  -2.7305e-19  -0.00332838  4.54588e-18   0.00133717 -1.20921e-17  0.000362562  1.66002e-17 -0.000804548  -1.1427e-17  0.000275517 -1.03214e-18  0.000203904  9.92314e-18 -0.000164448 -8.28127e-18 -4.07463e-05  8.23767e-19  6.16627e-05  3.40245e-18  1.11883e-05 -2.02647e-18 -1.91387e-05 -6.29267e-19 -5.14953e-06  1.11592e-18  4.70677e-06 -1.46996e-19  2.31958e-06 -3.61166e-19 -6.48368e-07  1.13596e-19 -7.38428e-07   1.1776e-19 -8.14526e-08 -4.77737e-20  1.29129e-07 -4.08699e-20  6.25168e-08  1.90242e-20 -1.47105e-10  5.01423e-21 -1.07249e-08  4.10539e-21 -4.29819e-09 -4.80411e-21 -2.07236e-10 -2.20177e-21  4.85201e-10   1.5584e-21  2.26031e-10  8.00216e-22  3.96417e-11 -2.98354e-22 -6.38092e-12 -1.73784e-22 -6.09938e-12  8.00021e-24 -1.86491e-12  1.41148e-23 -2.69466e-13  1.13179e-23  1.96421e-14   1.9557e-24  2.18798e-14 -2.10649e-24   6.3558e-15 -6.90044e-25   1.0912e-15  9.79064e-26  9.52687e-17  1.25707e-25 -7.13204e-18  4.11548e-26 -4.35207e-18 -1.04815e-27 -8.92147e-19 -5.08311e-27 -1.18501e-19 -1.56681e-27 -1.07091e-20 -1.72044e-28  -5.4951e-22  7.96006e-30  8.93372e-24   3.6631e-30  4.92956e-24  4.62042e-31  5.30961e-25  4.32939e-32  3.43789e-26 -4.69774e-33  1.45615e-27 -1.65871e-33  3.85109e-29 -1.20263e-34  5.37028e-31 -2.42609e-36  2.24363e-33
