    0.198869 -5.81461e-16     0.174535 -7.06995e-17    0.0894872 -1.39919e-17    0.0347028  6.76467e-18    0.0107039 -2.07907e-17    0.0026443 -8.11198e-18  0.000515624  1.09737e-17  7.66173e-05 -8.80564e-19  8.11048e-06  1.16395e-18  5.31561e-07  1.82778e-19  1.39883e-08
-5.81461e-16     0.448579   2.7122e-16     0.229921  3.04328e-16    0.0910559  1.10686e-16    0.0293534  1.95808e-17   0.00773896 -1.42821e-17   0.00164702  1.16348e-17  0.000274944  1.66421e-18  3.41998e-05  1.48086e-18  2.87813e-06  7.59921e-19  1.30604e-07 -4.59044e-21
    0.174535   2.7122e-16     0.155531  3.30643e-16    0.0808524  1.44088e-16    0.0317563  5.11368e-17   0.00991266 -1.03256e-17   0.00247667  2.67285e-18  0.000488193   8.4152e-18  7.33026e-05  2.74166e-19  7.83874e-06  1.54329e-18  5.18878e-07  1.32296e-19  1.37887e-08
-7.06995e-17     0.229921  3.30643e-16     0.123006  2.48255e-16     0.050438  9.47931e-17    0.0167429   1.4679e-17   0.00452768 -5.42611e-18  0.000985481  1.06048e-17  0.000167874  4.98265e-19  2.12713e-05  1.67342e-18  1.82102e-06  5.73134e-19  8.39677e-08   -1.912e-20
   0.0894872  3.04328e-16    0.0808524  2.48255e-16    0.0425501  1.04819e-16    0.0168999   3.3425e-17   0.00532993 -4.62351e-18   0.00134459  4.94781e-18   0.00026747  3.72885e-18   4.0512e-05  7.21394e-19  4.36867e-06  1.04971e-18  2.91537e-07  3.64811e-20  7.80892e-09
-1.39919e-17    0.0910559  1.44088e-16     0.050438  1.04819e-16    0.0212468  4.09687e-17   0.00720956  4.38304e-18   0.00198618 -1.36373e-18  0.000439333  5.35104e-18   7.5918e-05  2.20303e-19  9.74478e-06  1.06488e-18  8.44189e-07  2.76161e-19  3.93567e-08 -1.17998e-20
   0.0347028  1.10686e-16    0.0317563  9.47931e-17    0.0168999  4.09687e-17   0.00677979  1.21546e-17   0.00215785 -2.22299e-18  0.000548991  2.94055e-18  0.000110077  1.24351e-18  1.67983e-05  5.23975e-19   1.8245e-06  5.02131e-19  1.22598e-07 -2.52721e-21  3.30585e-09
 6.76467e-18    0.0293534  5.11368e-17    0.0167429   3.3425e-17   0.00720956  1.21546e-17   0.00248962  2.38166e-20  0.000695954 -3.32724e-19  0.000155886  1.90347e-18  2.72371e-05   1.1227e-19  3.53107e-06  4.82282e-19  3.08689e-07  9.68084e-20   1.4513e-08 -3.35546e-21
   0.0107039  1.95808e-17   0.00991266   1.4679e-17   0.00532993  4.38304e-18   0.00215785  2.38166e-20  0.000692492 -1.85187e-18  0.000177523  9.16317e-19  3.58466e-05  2.88154e-19  5.50681e-06  2.37684e-19  6.01884e-07  1.81727e-19  4.06884e-08 -6.88032e-21  1.10355e-09
-2.07907e-17   0.00773896 -1.03256e-17   0.00452768 -4.62351e-18   0.00198618 -2.22299e-18  0.000695954 -1.85187e-18  0.000196906 -3.67494e-19  4.45613e-05  4.70543e-19  7.85676e-06   4.4289e-20  1.02688e-06  1.65725e-19  9.04391e-08  2.54411e-20  4.28135e-09 -6.11452e-23
   0.0026443 -1.42821e-17   0.00247667 -5.42611e-18   0.00134459 -1.36373e-18  0.000548991 -3.32724e-19  0.000177523 -3.67494e-19  4.58244e-05   3.4637e-19  9.31253e-06  8.05297e-20  1.43918e-06   8.4051e-20  1.58191e-07  5.14551e-20  1.07516e-08 -3.32148e-21  2.93118e-10
-8.11198e-18   0.00164702  2.67285e-18  0.000985481  4.94781e-18  0.000439333  2.94055e-18  0.000155886  9.16317e-19  4.45613e-05   3.4637e-19  1.01736e-05  1.93022e-19  1.80763e-06  3.09542e-20  2.37898e-07  4.57492e-20  2.10852e-08  5.07176e-21  1.00404e-09  3.61391e-22
 0.000515624  1.16348e-17  0.000488193  1.06048e-17   0.00026747  5.35104e-18  0.000110077  1.90347e-18  3.58466e-05  4.70543e-19  9.31253e-06  1.93022e-19  1.90367e-06  3.35771e-20  2.95812e-07  2.33347e-20  3.26826e-08  1.12986e-20   2.2322e-09 -9.72681e-22  6.11409e-11
 1.09737e-17  0.000274944   8.4152e-18  0.000167874  3.72885e-18   7.5918e-05  1.24351e-18  2.72371e-05  2.88154e-19  7.85676e-06  8.05297e-20  1.80763e-06  3.35771e-20  3.23359e-07  6.56915e-21  4.28162e-08  9.15382e-21  3.81602e-09  6.94223e-22  1.82654e-10  1.62912e-22
 7.66173e-05  1.66421e-18  7.33026e-05  4.98265e-19   4.0512e-05  2.20303e-19  1.67983e-05   1.1227e-19  5.50681e-06   4.4289e-20  1.43918e-06  3.09542e-20  2.95812e-07  6.56915e-21  4.62001e-08  4.65434e-21  5.12871e-09  1.87837e-21  3.51869e-10 -1.89843e-22  9.67939e-12
-8.80564e-19  3.41998e-05  2.74166e-19  2.12713e-05  7.21394e-19  9.74478e-06  5.23975e-19  3.53107e-06  2.37684e-19  1.02688e-06   8.4051e-20  2.37898e-07  2.33347e-20  4.28162e-08  4.65434e-21   5.7004e-09  1.80647e-21  5.10601e-10  9.51168e-23   2.4554e-11  4.03145e-23
 8.11048e-06  1.48086e-18  7.83874e-06  1.67342e-18  4.36867e-06  1.06488e-18   1.8245e-06  4.82282e-19  6.01884e-07  1.65725e-19  1.58191e-07  4.57492e-20  3.26826e-08  9.15382e-21  5.12871e-09  1.80647e-21   5.7188e-10  3.29442e-22  3.94004e-11 -1.90085e-23   1.0882e-12
 1.16395e-18  2.87813e-06  1.54329e-18  1.82102e-06  1.04971e-18  8.44189e-07  5.02131e-19  3.08689e-07  1.81727e-19  9.04391e-08  5.14551e-20  2.10852e-08  1.12986e-20  3.81602e-09  1.87837e-21  5.10601e-10  3.29442e-22  4.59466e-11  1.54643e-23  2.21896e-12  5.88346e-24
 5.31561e-07  7.59921e-19  5.18878e-07  5.73134e-19  2.91537e-07  2.76161e-19  1.22598e-07  9.68084e-20  4.06884e-08  2.54411e-20  1.07516e-08  5.07176e-21   2.2322e-09  6.94223e-22  3.51869e-10  9.51168e-23  3.94004e-11  1.54643e-23  2.72531e-12 -2.07778e-24  7.55541e-14
 1.82778e-19  1.30604e-07  1.32296e-19  8.39677e-08  3.64811e-20  3.93567e-08 -2.52721e-21   1.4513e-08 -6.88032e-21  4.28135e-09 -3.32148e-21  1.00404e-09 -9.72681e-22  1.82654e-10 -1.89843e-22   2.4554e-11 -1.90085e-23  2.21896e-12 -2.07778e-24  1.07591e-13  3.26219e-25
 1.39883e-08 -4.59044e-21  1.37887e-08   -1.912e-20  7.80892e-09 -1.17998e-20  3.30585e-09 -3.35546e-21  1.10355e-09 -6.11452e-23  2.93118e-10  3.61391e-22  6.11409e-11  1.62912e-22  9.67939e-12  4.03145e-23   1.0882e-12  5.88346e-24  7.55541e-14  3.26219e-25   2.1021e-15
