 5.02524e-08 -1.84019e-24 -8.60678e-07 -2.59043e-22  5.37464e-06  3.00281e-21 -1.84911e-05 -1.23827e-20   3.9085e-05  2.68518e-20 -5.14057e-05 -3.45236e-20  3.86532e-05   2.6538e-20 -1.04162e-05 -1.06976e-20 -5.95146e-06  8.35255e-22   4.4761e-06  7.05381e-22 -4.93903e-07
-1.84019e-24  1.24916e-06  1.87362e-22 -1.17088e-05   -5.406e-21  5.30923e-05  3.37228e-20 -0.000142398 -9.82907e-20  0.000238586   1.6477e-19 -0.000242683 -1.69955e-19   0.00012435  1.05695e-19  2.56727e-06 -3.37392e-20 -3.43859e-05  1.89131e-21  1.10879e-05  9.02973e-22
-8.60678e-07  1.87362e-22  1.47531e-05  2.91935e-21  -9.2248e-05 -4.36011e-20  0.000318034  1.88597e-19   -0.0006745 -4.20033e-19  0.000892055  5.60734e-19 -0.000677168 -4.66474e-19  0.000185875  2.30329e-19  0.000108887 -5.38503e-20 -8.81396e-05  6.07513e-22  1.24007e-05
-2.59043e-22 -1.17088e-05  2.91935e-21  0.000109902  2.07932e-20 -0.000499513 -2.07055e-19   0.00134506  6.71543e-19  -0.00226884 -1.17942e-18   0.00233568   1.2686e-18  -0.00122762 -8.48703e-19  -7.9547e-06  3.23567e-19   0.00035364 -4.93087e-20  -0.00013148 -1.16176e-21
 5.37464e-06   -5.406e-21  -9.2248e-05  2.07932e-20  0.000578217  9.20922e-20  -0.00200201 -6.67724e-19   0.00427736  1.68224e-18  -0.00573126 -2.36565e-18    0.0044636  2.05759e-18    -0.001332  -1.0963e-18 -0.000684711  3.07514e-19  0.000644166 -2.30477e-20 -0.000115153
 3.00281e-21  5.30923e-05 -4.36011e-20 -0.000499513  9.20922e-20   0.00228028  2.84329e-19  -0.00618762 -1.56546e-18    0.0105791  3.11788e-18   -0.0111669 -3.53775e-18   0.00621946  2.49061e-18 -0.000271023 -1.03948e-18  -0.00172837  1.97129e-19  0.000770467 -8.04111e-21
-1.84911e-05  3.37228e-20  0.000318034 -2.07055e-19  -0.00200201  2.84329e-19   0.00698595  6.45127e-19   -0.0151315 -2.75986e-18    0.0207773  4.39165e-18   -0.0169922 -4.04932e-18   0.00595441  2.31927e-18   0.00204607 -7.41993e-19  -0.00258314  7.85142e-20  0.000577811
-1.23827e-20 -0.000142398  1.88597e-19   0.00134506 -6.67724e-19  -0.00618762  6.45127e-19    0.0170227  1.11282e-18   -0.0298149 -3.73546e-18    0.0329024  4.80312e-18   -0.0202659 -3.68526e-18   0.00288014  1.77492e-18   0.00461306  -4.4963e-19   -0.0026177  8.32922e-20
  3.9085e-05 -9.82907e-20   -0.0006745  6.71543e-19   0.00427736 -1.56546e-18   -0.0151315  1.11282e-18    0.0335711  1.47139e-18   -0.0480892 -3.93976e-18    0.0426746  4.24996e-18   -0.0189253 -2.94512e-18  -0.00172803  1.30672e-18    0.0058534 -2.62823e-19   -0.0016481
 2.68518e-20  0.000238586 -4.20033e-19  -0.00226884  1.68224e-18    0.0105791 -2.75986e-18   -0.0298149  1.47139e-18    0.0544414  1.52442e-18   -0.0646868 -3.41349e-18    0.0464631  3.53336e-18   -0.0140397 -2.62601e-18  -0.00503883  1.24494e-18   0.00479619 -5.66456e-19
-5.14057e-05   1.6477e-19  0.000892055 -1.17942e-18  -0.00573126  3.11788e-18    0.0207773 -3.73546e-18   -0.0480892  1.52442e-18    0.0740065   1.3015e-18   -0.0746776 -2.90434e-18    0.0446695  3.58602e-18  -0.00959044 -2.84128e-18  -0.00469531  1.01264e-18   0.00215012
-3.45236e-20 -0.000242683  5.60734e-19   0.00233568 -2.36565e-18   -0.0111669  4.39165e-18    0.0329024 -3.93976e-18   -0.0646868   1.3015e-18     0.086834  1.13171e-18   -0.0777258 -3.31628e-18    0.0419838  4.73813e-18  -0.00955256 -3.65308e-18  -0.00114473  2.44663e-18
 3.86532e-05 -1.69955e-19 -0.000677168   1.2686e-18    0.0044636 -3.53775e-18   -0.0169922  4.80312e-18    0.0426746 -3.41349e-18   -0.0746776  1.13171e-18    0.0922697  1.32629e-18   -0.0787877 -4.57633e-18    0.0437218  5.45938e-18     -0.01394 -2.29861e-18   0.00181639
  2.6538e-20   0.00012435 -4.66474e-19  -0.00122762  2.05759e-18   0.00621946 -4.04932e-18   -0.0202659  4.24996e-18    0.0464631 -2.90434e-18   -0.0777258  1.32629e-18    0.0953165  2.10815e-18   -0.0839672 -6.56941e-18    0.0502087  7.30475e-18   -0.0170641 -7.06356e-18
-1.04162e-05  1.05695e-19  0.000185875 -8.48703e-19    -0.001332  2.49061e-18   0.00595441 -3.68526e-18   -0.0189253  3.53336e-18    0.0446695 -3.31628e-18   -0.0787877  2.10815e-18     0.102323  2.28923e-18   -0.0936416 -5.20619e-18    0.0535923  1.56087e-18   -0.0125757
-1.06976e-20  2.56727e-06  2.30329e-19  -7.9547e-06  -1.0963e-18 -0.000271023  2.31927e-18   0.00288014 -2.94512e-18   -0.0140397  3.58602e-18    0.0419838 -4.57633e-18   -0.0839672  2.28923e-18      0.11364  4.46889e-18   -0.0980722 -9.89839e-18    0.0439051  1.47545e-17
-5.95146e-06 -3.37392e-20  0.000108887  3.23567e-19 -0.000684711 -1.03948e-18   0.00204607  1.77492e-18  -0.00172803 -2.62601e-18  -0.00959044  4.73813e-18    0.0437218 -6.56941e-18   -0.0936416  4.46889e-18      0.11876 -1.76829e-18   -0.0840487   5.0472e-18    0.0222886
 8.35255e-22 -3.43859e-05 -5.38503e-20   0.00035364  3.07514e-19  -0.00172837 -7.41993e-19   0.00461306  1.30672e-18  -0.00503883 -2.84128e-18  -0.00955256  5.45938e-18    0.0502087 -5.20619e-18   -0.0980722 -1.76829e-18     0.103147  1.22484e-17   -0.0515397 -2.29965e-17
  4.4761e-06  1.89098e-21 -8.81396e-05 -4.93068e-20  0.000644166  1.97111e-19  -0.00258314 -4.49693e-19    0.0058534  1.24506e-18  -0.00469531 -3.65319e-18     -0.01394  7.30378e-18    0.0535923 -9.89824e-18   -0.0840487  1.22483e-17    0.0661637 -1.64742e-17   -0.0185322
 7.05441e-22  1.10879e-05  6.09207e-22  -0.00013148 -2.30425e-20  0.000770467  7.84829e-20   -0.0026177 -2.62805e-19   0.00479619  1.01264e-18  -0.00114473 -2.29854e-18   -0.0170641  1.56083e-18    0.0439051  5.04566e-18   -0.0515397 -1.64742e-17    0.0271989  2.44733e-17
-4.93903e-07   9.0295e-22  1.24007e-05 -1.16169e-21 -0.000115153 -8.04134e-21  0.000577811  8.32937e-20   -0.0016481 -5.66455e-19   0.00215012  2.44662e-18   0.00181639 -7.06354e-18   -0.0125757  1.47546e-17    0.0222886 -2.29965e-17   -0.0185322  2.44732e-17   0.00533598
