 2.79984e-18 -6.73535e-34 -1.02317e-16  4.60731e-32  1.43238e-15 -8.90447e-31 -1.18358e-14  9.29562e-30  6.63647e-14 -6.35195e-29 -2.69931e-13   3.1169e-28  8.25111e-13  -1.1604e-27 -1.92832e-12  3.40631e-27  3.45616e-12 -8.14764e-27 -4.69254e-12  1.64384e-26  4.65029e-12 -2.90873e-26  -3.0473e-12  4.67825e-26  8.80179e-13 -6.93341e-26   4.2845e-13  9.27416e-26 -4.75724e-13 -1.06785e-25  3.84589e-14   9.9084e-26  1.28182e-13 -6.51398e-26 -3.01992e-14   1.3285e-26 -3.22318e-14  4.23119e-26  7.85029e-15 -9.03515e-26  8.44255e-15  1.21538e-25 -9.08487e-16 -1.26246e-25 -2.05948e-15  1.02405e-25 -2.16852e-16   -6.321e-26  3.73567e-16  2.82679e-26  1.42517e-16 -7.17099e-27 -2.76354e-17 -3.15721e-27 -3.39164e-17  8.04918e-27  -6.8037e-18 -9.10611e-27  2.93771e-18  7.08794e-27  2.08097e-18 -4.14707e-27  3.73522e-19  2.00289e-27 -1.27563e-19 -8.12408e-28 -9.48873e-20  2.03384e-28 -2.26867e-20  1.34112e-29  1.06755e-21 -1.25836e-29  2.61873e-21 -1.75674e-29  9.18752e-22  1.56625e-29  1.36107e-22 -5.10018e-30 -1.79496e-23  2.52787e-31 -1.59452e-23  9.62607e-31 -4.60616e-24 -7.88998e-31 -7.08251e-25  2.82782e-31   -5.637e-27 -4.58856e-32  3.02203e-26  9.70928e-33  9.62518e-27 -4.39741e-33   1.7815e-27  4.80873e-34  2.01593e-28  5.30616e-35  5.24075e-30  1.94798e-35 -3.42117e-30 -2.63494e-36  -9.0431e-31  2.58636e-36 -1.37829e-31 -8.71678e-37 -1.46603e-32 -1.38637e-37 -1.05937e-33 -7.89651e-40  -3.5823e-35  7.64171e-39  2.65549e-36  4.73609e-40  5.46824e-37 -7.45245e-41   4.9109e-38  5.03656e-42  2.88033e-39  7.17203e-44  1.16981e-40  6.41487e-44  2.85264e-42  7.59534e-45  2.79333e-44 -9.68475e-47  7.55938e-47 -2.62187e-48
-6.73535e-34  1.47883e-16 -2.79544e-32 -3.06532e-15  1.31644e-30  3.25951e-14  -2.0285e-29 -2.22702e-13  1.79383e-28  1.07438e-12 -1.07346e-27 -3.84226e-12  4.71055e-27  1.04515e-11 -1.59117e-26 -2.18521e-11  4.28471e-26  3.50066e-11 -9.49069e-26  -4.2084e-11  1.78972e-25    3.595e-11 -2.98723e-25 -1.86162e-11   4.5621e-25  1.65574e-12 -6.42356e-25  4.99582e-12  8.11579e-25 -2.64301e-12 -8.75196e-25 -6.68733e-13  7.55723e-25  9.00336e-13 -4.64942e-25  7.52212e-14  1.02995e-25 -2.43472e-13  2.33559e-25 -2.42616e-14 -5.07162e-25  5.78598e-14  6.89628e-25  1.32301e-14 -7.22794e-25 -1.06812e-14   5.8504e-25 -5.12212e-15 -3.56246e-25  9.07334e-16  1.56401e-25  1.24527e-15 -3.83665e-26  2.10915e-16 -2.02398e-26  -1.4816e-16    4.863e-26 -8.55117e-17 -5.30367e-26 -7.69142e-18  3.89261e-26  9.59449e-18 -2.10876e-26  4.68929e-18  9.44393e-27  5.87051e-19 -3.59338e-27 -3.28234e-19  7.42362e-28 -1.93623e-19  1.87937e-28 -4.23461e-20 -8.28732e-29   1.7794e-21 -9.43024e-29  4.37113e-21  7.93607e-29  1.52268e-21 -2.42228e-29   2.5067e-22  1.16682e-30 -9.33431e-24  4.17242e-30 -1.83581e-23 -3.22314e-30 -5.81881e-24   1.0023e-30 -1.04396e-24 -1.09984e-31 -8.17938e-26  2.86258e-32  1.50264e-26 -1.71089e-32  7.12972e-27  1.08451e-33   1.5205e-27  4.31705e-34   2.1221e-28  5.59168e-35  1.81661e-29 -4.73299e-36  1.43326e-31  9.47906e-36 -2.55447e-31 -2.49264e-36 -5.08069e-32 -6.72148e-37  -6.1242e-33 -2.54474e-38 -5.24507e-34  2.60483e-38 -3.18337e-35  1.81424e-39 -1.18679e-36 -1.48231e-40 -5.14029e-39  8.85104e-42  2.56203e-39  7.00818e-43  1.79811e-40  2.39222e-43  5.75155e-42  1.56097e-44  8.46082e-44 -1.85988e-46  5.92882e-46
-1.02317e-16 -2.79544e-32  3.83977e-15 -6.51122e-31 -5.52797e-14  2.31718e-29  4.70481e-13 -2.95014e-28 -2.72221e-12  2.25186e-27  1.14507e-11 -1.19364e-26 -3.62972e-11  4.71928e-26  8.82783e-11 -1.45373e-25 -1.65464e-10  3.60382e-25  2.36688e-10 -7.41204e-25 -2.50395e-10  1.30954e-24  1.80685e-10 -2.06663e-24 -6.68768e-11  3.00269e-24 -1.49908e-11 -4.01886e-24  2.88786e-11  4.78654e-24 -6.45421e-12 -4.80237e-24 -6.80473e-12  3.79346e-24  3.05384e-12 -2.07811e-24  1.58599e-12  3.24391e-25   -8.433e-13  1.07271e-24 -4.38325e-13 -2.14289e-24  1.62628e-13  2.87624e-24  1.25951e-13 -2.99711e-24 -1.23271e-14  2.38496e-24 -2.95079e-14 -1.40948e-24 -5.17102e-15  5.95725e-25  4.16472e-15 -1.36155e-25  2.23776e-15 -9.05458e-26  2.93283e-17  2.01249e-25 -3.51949e-16 -2.11038e-25 -1.32418e-16  1.46139e-25  7.09786e-19 -7.32826e-26  1.79922e-17  3.04716e-26  6.90485e-18 -1.09136e-26  6.15342e-19  1.68274e-27 -5.03013e-19  1.05335e-27 -2.58824e-19 -3.45641e-28 -5.45834e-20 -3.52626e-28  8.48642e-22  2.77347e-28  4.54178e-21 -7.84597e-29  1.62614e-21   3.2397e-30  2.98423e-22  1.26227e-29  1.10455e-23 -9.07893e-30 -1.17332e-23   2.3712e-30 -4.35605e-24 -1.08788e-31 -8.84002e-25  6.33289e-32 -1.06205e-25 -4.87124e-32 -1.97023e-27  8.59961e-34  2.42552e-27  1.71586e-33  6.60102e-28   1.3737e-34  1.05934e-28 -6.62482e-36  1.17221e-29  2.52612e-35  8.25963e-31 -4.48586e-36  1.21283e-32 -2.00842e-36 -5.93359e-33 -1.25145e-37 -9.69495e-34  5.73863e-38 -9.10387e-35  4.87468e-39 -5.93803e-36 -1.27204e-40 -2.74798e-37  8.21271e-42 -8.46399e-39  1.62016e-42 -1.39306e-40  4.78502e-43 -9.18934e-43  2.06568e-44 -5.97385e-45  -1.4604e-46
 4.60731e-32 -3.06532e-15 -6.51122e-31  6.53384e-14 -1.04504e-29 -7.15535e-13   2.9668e-28  5.04356e-12 -3.20057e-27 -2.51526e-11  2.13948e-26  9.32162e-11 -1.01386e-25 -2.63574e-10  3.63413e-25  5.75189e-10 -1.02533e-24 -9.67396e-10  2.34743e-24  1.23249e-09  -4.4946e-24 -1.13632e-09  7.45898e-24  6.69266e-10 -1.11605e-23 -1.31693e-10  1.54639e-23 -1.39128e-10  -1.9694e-23  1.06007e-10  2.20852e-23  6.29051e-12 -2.05109e-23 -3.27929e-11  1.46021e-23  3.03982e-12 -6.76286e-24  8.77207e-12  1.02677e-25 -7.90302e-13  4.40872e-24 -2.26241e-12 -7.71054e-24 -6.98015e-14  1.00456e-23  5.11247e-13 -1.02665e-23  1.19275e-13  7.92476e-24 -7.87943e-14 -4.48486e-24 -4.50929e-14  1.79895e-24   1.5114e-15 -3.73699e-25  8.56154e-15 -3.17618e-25  2.65161e-15  6.57252e-25 -4.21544e-16 -6.63436e-25 -5.52581e-16  4.33673e-25 -1.50092e-16 -2.01004e-25  1.45699e-17   7.7758e-26  2.40613e-17 -2.63899e-26  7.81566e-18   2.3704e-27  5.45668e-19  4.01516e-27 -5.45905e-19 -1.10106e-27 -2.61148e-19 -1.05603e-27 -5.54255e-20  7.71652e-28 -1.32922e-21 -1.99992e-28  3.28385e-21  5.75674e-30  1.25983e-21  3.08244e-29  2.55761e-22 -2.03484e-29  2.31524e-23  4.24178e-30 -3.87628e-24  1.71178e-31 -2.10579e-24  1.30987e-31 -4.84522e-25 -1.15686e-31  -7.1195e-26 -2.74807e-33 -5.97701e-27  4.83922e-33  1.33422e-28  3.44527e-34  1.44767e-28 -1.50236e-35  2.84297e-29  5.58651e-35   3.5757e-30 -5.10536e-36  3.19796e-31   -4.451e-36  1.94121e-32  -3.7662e-37  5.44611e-34  9.39243e-38 -3.32411e-35  1.02858e-38 -5.45149e-36  1.25856e-40  -3.7815e-37  1.41062e-42 -1.62043e-38  2.05836e-42 -4.33018e-40  6.34348e-43 -7.19228e-42   1.8488e-44 -5.11175e-44
 1.43238e-15  1.31644e-30 -5.52797e-14 -1.04504e-29  8.19587e-13 -1.26832e-28 -7.19522e-12  2.97628e-27  4.30241e-11 -2.77215e-26 -1.87449e-10  1.64157e-25  6.17122e-10 -7.00765e-25 -1.56434e-09  2.28925e-24  3.07072e-09 -5.93793e-24 -4.63312e-09  1.25906e-23   5.2334e-09 -2.24983e-23 -4.14155e-09  3.51658e-23  1.86578e-09 -5.00362e-23  7.62016e-11  6.62787e-23 -6.49615e-10 -8.03939e-23  2.47482e-10  8.47914e-23  1.22663e-10 -7.25492e-23 -9.78967e-11  4.58316e-23 -2.30822e-11 -1.66453e-23  2.76548e-11 -4.07207e-24   6.6626e-12   1.5907e-23 -6.38935e-12 -2.44433e-23 -2.44145e-12  3.06907e-23  1.03086e-12 -3.04413e-23  7.56122e-13  2.25565e-23 -2.45478e-14 -1.21067e-23 -1.56059e-13  4.56808e-24 -4.31997e-14 -8.52523e-25  1.34141e-14 -9.16882e-25  1.18497e-14  1.79597e-24  2.17793e-15 -1.74995e-24 -9.31866e-16  1.08002e-24 -6.56803e-16 -4.61552e-25 -1.35682e-16  1.66804e-25  2.53078e-17 -5.42946e-26  2.50727e-17  5.47716e-28  7.29331e-18  1.20466e-26  4.86303e-19 -2.90101e-27 -4.45487e-19 -2.68103e-27 -2.08849e-19  1.81353e-27 -4.59226e-20 -4.25184e-28 -3.05541e-21  4.15541e-30  1.63999e-21  6.45565e-29  7.26263e-22 -3.84329e-29   1.6219e-22  5.84131e-30  2.07223e-23  1.04894e-30  2.14491e-25  2.73971e-31 -6.17252e-25 -2.39859e-31  -1.7384e-25 -1.41443e-32 -2.92011e-26  1.09773e-32 -3.30873e-27  8.47042e-34 -2.13113e-28 -4.65743e-35  5.63718e-30  1.07679e-34  3.63874e-30 -1.15463e-36  5.54032e-31 -7.87082e-36  5.44653e-32 -8.45276e-37  3.82832e-33  1.18921e-37  1.89805e-34  1.78147e-38  5.87687e-36  6.77891e-40   4.7395e-38 -8.42317e-42 -4.62598e-39   1.5285e-42 -2.11825e-40  5.91152e-43 -3.98479e-42  1.00414e-44
-8.90447e-31  3.25951e-14  2.31718e-29 -7.15535e-13 -1.26832e-28  8.08251e-12 -1.22854e-27 -5.88664e-11  2.44371e-26  3.03964e-10 -1.99382e-25 -1.16927e-09  1.05568e-24  3.44231e-09 -4.08538e-24  -7.8531e-09  1.22178e-23  1.38864e-08 -2.92296e-23 -1.87666e-08  5.75464e-23  1.86583e-08 -9.62006e-23 -1.23648e-08  1.42023e-22  3.65997e-09  -1.9277e-22  1.77962e-09  2.44679e-22 -2.08132e-09 -2.82826e-22  2.24322e-10  2.80122e-22  5.71452e-10 -2.19679e-22 -1.65324e-10  1.20868e-22 -1.45719e-10  -2.9683e-23  4.76809e-11 -2.41883e-23  3.99147e-11  4.98485e-23 -7.90568e-12 -6.91439e-23 -1.06668e-11  8.36053e-23 -2.45962e-13 -7.98714e-23  2.25063e-12  5.63995e-23  6.40199e-13 -2.85451e-23 -2.53069e-13  1.00995e-23 -1.97913e-13 -1.70416e-24 -2.22874e-14 -2.24256e-24  2.46573e-14  4.24192e-24  1.24894e-14  -4.0038e-24  1.15153e-15  2.33279e-24 -1.24516e-15 -9.16354e-25 -6.33214e-16  3.12004e-25 -1.04298e-16  -9.9381e-26  2.74114e-17 -8.60839e-27  2.12727e-17  3.04107e-26   5.8075e-18 -6.60171e-27  4.49939e-19  -5.9556e-27 -2.76519e-19  3.72161e-27 -1.34329e-19 -7.78103e-28  -3.1127e-20 -1.37221e-29 -3.26729e-21  1.19986e-28  4.83231e-22 -6.29959e-29  3.06289e-22  5.69858e-30  7.60224e-23   2.8389e-30  1.17063e-23  5.62683e-31  9.37594e-25 -4.44354e-31 -6.56433e-26 -3.89697e-32 -3.78876e-26  2.13219e-32 -7.46723e-27  1.90119e-33 -9.71203e-28  -1.2311e-34 -8.83462e-29  1.85472e-34 -4.91673e-30  1.14623e-35 -7.91606e-34 -1.14685e-35  3.38254e-32 -1.52756e-36   4.1453e-33  1.14772e-37  3.02833e-34  2.59679e-38  1.50742e-35  1.42575e-39  5.05384e-37 -1.49693e-41  1.06142e-38  4.17835e-43  1.11823e-40   3.8282e-43  4.86201e-44
-1.18358e-14  -2.0285e-29  4.70481e-13   2.9668e-28 -7.19522e-12 -1.22854e-27  6.52658e-11 -9.84049e-27 -4.03994e-10  1.69054e-25   1.8262e-09 -1.22222e-24 -6.25515e-09  5.83073e-24  1.65546e-08 -2.05652e-23 -3.40873e-08  5.65185e-23  5.43215e-08 -1.25062e-22 -6.55475e-08  2.29143e-22  5.67184e-08 -3.59219e-22 -3.01451e-08  5.02399e-22  3.12526e-09   -6.526e-22  8.23875e-09  7.95353e-22 -4.77063e-09 -8.76055e-22 -9.69719e-10  8.13005e-22  1.67082e-09 -5.80749e-22  3.93338e-11  2.71391e-22 -4.70998e-10 -2.78489e-23 -1.15718e-11 -9.01224e-23  1.20853e-10  1.36337e-22  1.69355e-11 -1.76048e-22 -2.57574e-11  2.05254e-22  -9.0933e-12  -1.8777e-22  3.32481e-12  1.25789e-22  2.75737e-12 -5.99327e-23  1.85975e-13   1.9943e-23 -4.42753e-13 -3.13724e-24 -1.83812e-13 -4.74089e-24  5.67281e-15  8.84111e-24  3.00428e-14 -8.11426e-24  1.06783e-14  4.46205e-24  1.72613e-16 -1.60561e-24 -1.25099e-15  5.23425e-25 -5.16168e-16 -1.68116e-25 -7.23517e-17 -3.30172e-26  2.18021e-17  6.70572e-26  1.50064e-17 -1.33253e-26  3.99575e-18  -1.1815e-26  3.90592e-19  6.81559e-27 -1.26109e-19 -1.25045e-27 -6.90704e-20 -7.10918e-29 -1.70643e-20  2.02416e-28  -2.3259e-21 -9.09698e-29 -4.26394e-24  1.96112e-30  8.79038e-23   5.6851e-30  2.57029e-23  1.07135e-30  4.49191e-24 -7.48098e-31  5.11669e-25 -8.23983e-32  2.66589e-26  3.68354e-32 -3.33828e-27  3.79319e-33 -1.09005e-27 -2.59385e-34 -1.62849e-28  2.89714e-34 -1.66147e-29  3.64545e-35 -1.21473e-30 -1.38594e-35 -5.94943e-32 -2.30923e-36 -1.27261e-33   7.4484e-38  7.00279e-35  3.23463e-38  8.10353e-36  2.10221e-39  3.80527e-37 -1.39573e-41  1.00081e-38 -4.27373e-43  1.26926e-40   1.5358e-43
 9.29562e-30 -2.22702e-13 -2.95014e-28  5.04356e-12  2.97628e-27 -5.88664e-11 -9.84049e-27  4.43795e-10 -6.68369e-26 -2.37704e-09  1.00616e-24  9.50847e-09 -6.50625e-24 -2.91991e-08  2.81455e-23  6.97622e-08 -9.08854e-23 -1.29908e-07  2.30284e-22  1.86446e-07 -4.72461e-22 -1.99826e-07  8.07317e-22  1.47848e-07 -1.18972e-21 -5.77776e-08  1.58138e-21 -1.08862e-08 -1.97233e-21  2.52326e-08  2.31181e-21 -6.92585e-09  -2.4245e-21 -5.79477e-09  2.10154e-21  3.26969e-09  -1.3565e-21  1.29479e-09   5.1868e-22 -9.68134e-10  4.33818e-23 -3.69156e-10 -2.59954e-22   2.1829e-10  3.29383e-22  1.19639e-10 -4.06874e-22 -2.97948e-11  4.57409e-22 -3.32061e-11 -3.98695e-22 -2.07643e-12  2.52912e-22  6.09946e-12 -1.13749e-22  2.28182e-12  3.59437e-23 -3.42429e-13 -5.56505e-24 -5.07007e-13 -8.78677e-24 -1.30496e-13  1.64893e-23  2.65623e-14 -1.47746e-23  2.84931e-14  7.66583e-24  7.73449e-15 -2.51911e-24  -3.7751e-16   8.0897e-25 -1.01645e-15 -2.72073e-25 -3.65046e-16 -8.32827e-26 -4.75204e-17  1.32226e-25  1.32353e-17 -2.42801e-26  8.84965e-18 -2.12351e-26  2.36807e-18  1.13185e-26  2.89151e-19 -1.79051e-27 -3.63951e-20 -2.03406e-28 -2.76748e-20  3.15041e-28 -7.41627e-21 -1.16218e-28 -1.19212e-21 -6.89631e-30 -8.78607e-23  9.43028e-30  1.28966e-23  1.82524e-30  5.87314e-24 -1.16278e-30  1.16967e-24 -1.46909e-31  1.55481e-25  5.80633e-32  1.38787e-26  6.74679e-33  5.80005e-28 -4.51114e-34 -5.31794e-29  4.14016e-34 -1.37983e-29  7.53979e-35 -1.58838e-30 -1.35638e-35 -1.22873e-31 -2.98092e-36 -6.74959e-33   8.1189e-39 -2.55052e-34  3.47141e-38 -5.81861e-36  2.41671e-39 -4.38084e-38 -6.97781e-42  1.27247e-39 -5.77207e-43  2.13888e-41
 6.63647e-14  1.79383e-28 -2.72221e-12 -3.20057e-27  4.30241e-11  2.44371e-26 -4.03994e-10 -6.68369e-26  2.59376e-09 -3.92213e-25 -1.21888e-08  5.23379e-24  4.35216e-08 -3.05046e-23  -1.2049e-07  1.20307e-22  2.60735e-07 -3.57049e-22  -4.3956e-07  8.36414e-22  5.67063e-07 -1.59443e-21 -5.35435e-07  2.54584e-21  3.29004e-07 -3.53571e-21 -7.49046e-08  4.48218e-21 -6.54807e-08 -5.38538e-21  5.76001e-08  6.07742e-21 -4.50528e-10 -6.05831e-21 -1.78343e-08  4.88333e-21   3.2501e-09 -2.81819e-21  4.85546e-09  8.28696e-22  -1.0021e-09  2.96243e-22 -1.33693e-09  -6.2233e-22  1.22674e-10  7.13059e-22  3.44176e-10 -8.60773e-22  3.77735e-11  9.30135e-22 -6.74583e-11 -7.68733e-22 -2.57715e-11  4.62154e-22  5.88733e-12 -1.97789e-22     6.73e-12  6.03034e-23  1.23541e-12 -9.75657e-24 -6.85536e-13 -1.44225e-23 -4.48225e-13  2.77825e-23 -7.04429e-14 -2.44089e-23  3.39912e-14  1.19478e-23  2.24405e-14 -3.57909e-24  4.92597e-15  1.18511e-24 -4.86814e-16 -4.32642e-25 -6.89873e-16 -1.71068e-25 -2.27016e-16  2.36859e-25 -2.99911e-17 -4.04416e-26  6.00992e-18 -3.49402e-26  4.33006e-18  1.72646e-26  1.19207e-18 -2.31425e-27  1.74139e-19 -4.55568e-28 -1.12363e-21   4.5807e-28 -8.14522e-21 -1.30203e-28 -2.47796e-21 -2.12026e-29 -4.47742e-22  1.36147e-29 -5.01076e-23  2.74138e-30 -1.51152e-24 -1.69499e-30  7.36317e-25 -2.30729e-31  1.94483e-25  8.50019e-32  2.90114e-26  1.08372e-32   3.0239e-27  -6.7271e-34  2.19459e-28  5.43711e-34  8.95516e-30   1.2608e-34 -1.68172e-31 -9.73546e-36 -6.06551e-32 -3.32037e-36 -5.28432e-33 -6.12582e-38 -2.77273e-34  3.21661e-38 -9.39212e-36  2.23815e-39 -1.92794e-37  2.63649e-43 -1.84259e-39 -2.91485e-43
-6.35195e-29  1.07438e-12  2.25186e-27 -2.51526e-11 -2.77215e-26  3.03964e-10  1.69054e-25 -2.37704e-09 -3.92213e-25  1.32344e-08 -2.01757e-24 -5.51674e-08  2.40899e-23  1.77085e-07 -1.27371e-22 -4.44006e-07  4.60082e-22   8.7236e-07 -1.25907e-21 -1.33162e-06  2.73334e-21  1.53869e-06 -4.85008e-21 -1.26404e-06  7.24973e-21   6.1198e-07  -9.5146e-21 -7.40303e-09  1.15477e-20 -2.06523e-07 -1.34102e-20  9.64574e-08  1.45767e-20  3.39452e-08 -1.37745e-20 -3.80229e-08  1.02637e-20 -4.58306e-09 -5.21867e-21   1.1268e-08  1.04524e-21  1.28055e-09   8.9783e-22 -2.90726e-09 -1.27785e-21 -6.63657e-10  1.40412e-21  5.95014e-10 -1.67994e-21  2.75946e-10  1.73213e-21 -6.34979e-11 -1.35061e-21 -7.49569e-11  7.72802e-22 -1.01878e-11 -3.19315e-22  1.06357e-11  9.57945e-23  5.47509e-12 -1.67834e-23  2.33637e-13 -2.11116e-23 -7.58512e-13  4.25409e-23 -3.26916e-13 -3.68342e-23 -2.66435e-14  1.70107e-23  3.02524e-14 -4.64998e-24  1.52013e-14   1.6937e-24  2.85666e-15 -6.84188e-25  -3.5454e-16 -3.06362e-25 -3.96158e-16  3.89738e-25 -1.24404e-16  -6.2187e-26 -1.77305e-17 -5.30394e-26  1.80564e-18  2.44586e-26  1.72025e-18 -2.74177e-27  4.98729e-19 -8.74485e-28  8.34309e-20  6.28345e-28  5.37715e-21 -1.23714e-28 -1.48809e-21 -3.94422e-29 -6.03699e-22  1.76404e-29 -1.21659e-22  3.60044e-30 -1.62782e-23 -2.35187e-30  -1.3471e-24 -3.28026e-31 -1.36448e-26  1.16955e-31  1.64529e-26  1.59431e-32  3.14066e-27 -8.87667e-34  3.58509e-28    6.569e-34  2.89303e-29  1.81714e-34  1.66333e-30 -2.75233e-36  6.20772e-32 -3.20127e-36  8.90653e-34 -1.09816e-37 -4.64995e-35  2.56298e-38 -3.20804e-36  1.67591e-39 -8.05706e-38  3.35974e-42 -6.54221e-40
-2.69931e-13 -1.07346e-27  1.14507e-11  2.13948e-26 -1.87449e-10 -1.99382e-25   1.8262e-09  1.00616e-24 -1.21888e-08 -2.01757e-24   5.9682e-08  -9.2035e-24  -2.2266e-07  9.90918e-23  6.46311e-07  -4.7789e-22   -1.473e-06  1.58719e-21  2.63203e-06 -4.01639e-21 -3.63459e-06  8.09637e-21  3.74054e-06 -1.33932e-20  -2.6213e-06  1.87748e-20  8.93603e-07 -2.33543e-20  3.14508e-07  2.72539e-20  -4.7881e-07 -3.06875e-20  9.40552e-08  3.21188e-20  1.25556e-07 -2.86593e-20 -5.51191e-08   1.9582e-20 -3.08659e-08 -8.58865e-21  1.72202e-08  8.39442e-22  8.87844e-09   2.0022e-21 -3.82591e-09 -2.29149e-21  -2.7483e-09   2.5544e-21  4.28357e-10 -3.04477e-21   7.2372e-10  2.95973e-21  9.13662e-11 -2.16584e-21 -1.23212e-10  1.19018e-21 -5.63277e-11 -4.85381e-22  3.81253e-12  1.45832e-22  1.11078e-11 -2.74115e-23  3.48323e-12 -2.76863e-23 -3.60722e-13  5.93597e-23 -6.35422e-13 -5.09747e-23 -2.04754e-13  2.22149e-23 -4.30877e-15 -5.57673e-24  2.14231e-14  2.41543e-24  9.04061e-15 -1.07184e-24  1.55108e-15  -4.9407e-25 -1.79617e-16  5.93869e-25 -1.92346e-16 -8.90625e-26 -5.95833e-17 -7.47069e-26 -9.38492e-18  3.25094e-26  1.30212e-19 -3.04595e-27  5.31062e-19  -1.4971e-27  1.68355e-19  8.19358e-28   3.1245e-20 -8.94086e-29   3.3309e-21 -5.81855e-29 -2.54578e-23  2.10424e-29 -9.50382e-23   4.0801e-30 -2.28575e-23 -3.14383e-30 -3.41251e-24 -4.30879e-31 -3.54582e-25  1.52344e-31 -2.35202e-26  2.17384e-32 -3.45576e-28 -1.06515e-33  1.41425e-28  7.28882e-34  2.12974e-29  2.31797e-34  1.80608e-30  5.71938e-36  1.04346e-31 -2.66108e-36  4.15883e-33 -1.25059e-37  1.07579e-34   1.7362e-38  1.49918e-36  9.95803e-40  5.48717e-39  2.42396e-42
  3.1169e-28 -3.84226e-12 -1.19364e-26  9.32162e-11  1.64157e-25 -1.16927e-09 -1.22222e-24  9.50847e-09  5.23379e-24 -5.51674e-08  -9.2035e-24  2.40245e-07 -3.75822e-23 -8.08118e-07  3.67259e-22  2.13153e-06 -1.62307e-21 -4.42869e-06  4.97313e-21  7.20324e-06  -1.1664e-20 -8.97976e-06  2.18682e-20  8.16025e-06 -3.37673e-20 -4.72043e-06  4.44698e-20  7.97549e-07 -5.26082e-20  1.16949e-06  5.93133e-20 -8.59879e-07 -6.49498e-20 -6.44279e-08  6.53743e-20  2.94073e-07 -5.47876e-20 -3.24482e-08  3.39476e-20 -8.45658e-08 -1.24313e-20  1.12318e-08 -2.41208e-22   2.3678e-08  3.57895e-21 -6.17112e-10 -3.62828e-21 -6.03178e-09  4.36254e-21 -1.01917e-09 -5.15125e-21  1.13491e-09  4.64037e-21  5.22627e-10 -3.16882e-21 -7.71463e-11  1.69975e-21 -1.25723e-10 -7.04865e-22 -2.91079e-11  2.13762e-22   1.0984e-11 -4.07085e-23  8.78663e-12 -3.26436e-23  1.75363e-12   7.5409e-23 -5.32418e-13 -6.47709e-23 -4.40135e-13   2.6633e-23 -1.13661e-13  -6.2361e-24  2.75228e-15  3.46668e-24  1.26377e-14 -1.64155e-24  4.76715e-15 -7.30508e-25  7.96438e-16  8.43228e-25  -6.0588e-17 -1.19862e-25 -7.79166e-17 -9.80558e-26 -2.45204e-17   4.0921e-26 -4.25984e-18 -3.28705e-27 -2.21669e-19 -2.33453e-27    1.151e-19  1.02161e-27  4.39267e-20 -2.46025e-29  8.93683e-21 -7.27585e-29  1.17902e-21  2.37378e-29  8.10149e-23   3.8513e-30 -5.46142e-24 -4.07818e-30 -2.63498e-24 -5.31825e-31 -4.53019e-25  1.88569e-31 -5.18151e-26  2.77081e-32 -4.23473e-27 -1.19195e-33  -2.3413e-28  7.39447e-34 -6.02142e-30  2.64885e-34  2.99584e-31  1.33231e-35  4.31583e-32 -1.88228e-36  2.46024e-33 -1.10098e-37  8.10886e-35  9.78297e-39  1.45042e-36  4.45793e-40  9.32204e-39
 8.25111e-13  4.71055e-27 -3.62972e-11 -1.01386e-25  6.17122e-10  1.05568e-24 -6.25515e-09 -6.50625e-24  4.35216e-08  2.40899e-23  -2.2266e-07 -3.75822e-23  8.70341e-07 -1.38456e-22 -2.65591e-06  1.23483e-21  6.39171e-06 -5.02094e-21 -1.21336e-05  1.42333e-20  1.79652e-05 -3.10012e-20 -2.01454e-05   5.4125e-20  1.59533e-05 -7.80911e-20 -7.16873e-06  9.67864e-20 -5.05282e-07 -1.09323e-19  2.85526e-06  1.19723e-19 -1.13911e-06 -1.27836e-19  -5.6022e-07  1.23457e-19  5.01391e-07 -9.64816e-20  9.74436e-08  5.33592e-20 -1.56213e-07 -1.54271e-20 -2.75452e-08 -2.51724e-21   4.1063e-08   5.1407e-21  1.19511e-08 -5.11526e-21 -8.28318e-09  7.10521e-21 -4.55747e-09 -8.16378e-21  7.53602e-10   6.6582e-21  1.18509e-09 -4.21666e-21  2.10479e-10  2.26941e-21 -1.56768e-10 -9.91335e-22 -9.28626e-11  3.00784e-22 -7.72376e-12 -5.21086e-23   1.1707e-11 -3.48094e-23  5.72042e-12  8.67018e-23   6.7918e-13 -7.53867e-23 -4.51606e-13  2.91938e-23 -2.62507e-13  -6.5738e-24 -5.75209e-14   4.9706e-24  2.82983e-15  -2.4239e-24  6.31164e-15 -1.00043e-24  2.22892e-15  1.12138e-24  3.81358e-16 -1.53061e-25 -7.53434e-18 -1.20344e-25 -2.55663e-17  4.91785e-26 -8.45658e-18 -3.60872e-27 -1.60067e-18 -3.35398e-27  -1.5535e-19  1.22339e-27  1.15475e-20  6.64802e-29  8.20467e-21 -7.85104e-29  1.87977e-21  2.61159e-29  2.78822e-22  2.70371e-30  2.77473e-23 -5.14263e-30  1.36694e-24 -6.25288e-31 -1.04991e-25  2.22086e-31 -3.30397e-26  3.31842e-32 -4.25674e-27 -1.27248e-33 -3.66656e-28  6.80571e-34  -2.2531e-29  2.72523e-34 -9.61677e-31  1.80064e-35 -2.49827e-32  -1.0996e-36 -1.81799e-34 -7.87153e-38  1.02624e-35  4.40455e-39  2.75754e-37  1.30387e-40
 -1.1604e-27  1.04515e-11  4.71928e-26 -2.63574e-10 -7.00765e-25  3.44231e-09  5.83073e-24 -2.91991e-08 -3.05046e-23  1.77085e-07  9.90918e-23 -8.08118e-07 -1.38456e-22  2.85712e-06 -4.63234e-22 -7.95118e-06  3.78852e-21  1.75182e-05 -1.42217e-20 -3.04322e-05  3.73895e-20  4.09829e-05 -7.57454e-20 -4.11059e-05  1.23256e-19  2.77851e-05 -1.66278e-19 -8.46436e-06  1.94308e-19 -4.34587e-06 -2.10537e-19  5.41268e-06  2.25302e-19 -7.85691e-07  -2.3509e-19 -1.56044e-06  2.17076e-19   5.8438e-07 -1.56677e-19  4.08891e-07  7.55008e-20 -1.93801e-07 -1.53676e-20  -1.2007e-07 -5.64964e-21  4.33796e-08  5.45394e-21  3.70054e-08 -6.49521e-21 -4.13482e-09  1.11855e-20 -9.65415e-09  -1.2142e-20 -1.55692e-09  8.68592e-21  1.59967e-09 -5.06416e-21   8.1808e-10  2.86219e-21 -2.45625e-11 -1.36448e-21 -1.54032e-10  4.02741e-22 -5.36049e-11  -5.1821e-23  3.18748e-12 -3.42167e-23  9.01721e-12  8.89238e-23  3.20106e-12  -7.9725e-23  1.79663e-13  2.88795e-23 -2.93291e-13 -6.60556e-24 -1.37771e-13  7.00402e-24 -2.71405e-14 -3.41746e-24  1.31921e-15 -1.27525e-24  2.66694e-15  1.40322e-24  9.15514e-16 -1.87393e-25  1.65002e-16 -1.38557e-25  5.97592e-18  5.67601e-26 -6.39212e-18 -4.18856e-27 -2.36106e-18 -4.46248e-27 -4.82374e-19  1.41226e-27 -6.08993e-20    1.719e-28 -2.55295e-21 -7.22662e-29  8.89053e-22  2.89055e-29   2.7034e-22  6.46611e-31  4.43193e-23 -6.28602e-30  5.02712e-24 -7.07003e-31  3.94423e-25  2.48869e-31  1.69488e-26   3.7423e-32 -4.77404e-28 -1.31799e-33 -1.57207e-28  5.60924e-34 -1.50634e-29  2.52629e-34 -8.96295e-31   1.8874e-35 -3.54796e-32 -4.93395e-37 -8.91284e-34 -4.61166e-38 -1.21214e-35  1.46135e-39 -5.38752e-38
-1.92832e-12 -1.59117e-26  8.82783e-11  3.63413e-25 -1.56434e-09 -4.08538e-24  1.65546e-08  2.81455e-23  -1.2049e-07 -1.27371e-22  6.46311e-07  3.67259e-22 -2.65591e-06 -4.63234e-22  8.54887e-06 -1.41547e-21 -2.17941e-05  1.06592e-20  4.40819e-05 -3.70515e-20 -7.01426e-05  9.05236e-20  8.57508e-05  -1.7077e-19 -7.62785e-05   2.5912e-19  4.25103e-05 -3.26967e-19 -5.37942e-06  3.60962e-19 -1.22246e-05 -3.77304e-19   8.1519e-06  3.97182e-19  1.07186e-06 -4.05619e-19 -3.02052e-06  3.56352e-19   2.1554e-07 -2.34424e-19  9.11675e-07  9.45853e-20 -8.91545e-08 -9.57648e-21 -2.62559e-07 -7.91006e-21   -1.105e-09  2.40794e-21  6.79547e-08 -7.62212e-21  1.34513e-08  1.71716e-20 -1.28063e-08 -1.69514e-20 -6.44281e-09  1.01606e-20  7.64771e-10 -5.39959e-21  1.52878e-09   3.4556e-21  3.89114e-10 -1.84754e-21 -1.25449e-10  5.07313e-22 -1.11596e-10 -2.48573e-23 -2.46079e-11 -3.28977e-23  6.00098e-12  7.87035e-23  5.67528e-12 -7.51435e-23  1.58858e-12  2.49317e-23   1.4417e-14  -6.3789e-24 -1.56806e-13  9.53412e-24 -6.42686e-14 -4.57995e-24 -1.20497e-14 -1.51323e-24  2.82244e-16  1.66023e-24   9.3888e-16 -2.22165e-25  3.24442e-16 -1.50257e-25  6.21516e-17  6.30471e-26  5.09637e-18 -5.16173e-27 -1.03127e-18 -5.50032e-27 -5.06322e-19  1.57696e-27   -1.125e-19   2.7332e-28 -1.63074e-20 -5.34294e-29 -1.44175e-21  3.28638e-29 -1.05198e-23 -2.06181e-30  2.17865e-23 -7.40848e-30  4.41911e-24 -7.72115e-31  5.42333e-25  2.65201e-31  4.71634e-26  3.97416e-32  2.91106e-27 -1.33327e-33  1.13314e-28  4.04474e-34   1.1055e-30  2.10534e-34 -1.73992e-31  1.64325e-35 -1.21233e-32 -1.31144e-37 -3.79253e-34  -2.1836e-38 -5.36657e-36   2.9006e-40
 3.40631e-27 -2.18521e-11 -1.45373e-25  5.75189e-10  2.28925e-24  -7.8531e-09 -2.05652e-23  6.97622e-08  1.20307e-22 -4.44006e-07  -4.7789e-22  2.13153e-06  1.23483e-21 -7.95118e-06 -1.41547e-21  2.34324e-05 -3.96941e-21 -5.49359e-05  2.76229e-20   0.00010224 -8.91381e-20 -0.000149048  2.02723e-19  0.000164871 -3.56399e-19 -0.000128402   5.0427e-19  5.53139e-05 -5.95131e-19  7.17402e-06  6.22052e-19 -2.48653e-05 -6.31628e-19  9.14613e-06  6.58862e-19  5.38046e-06 -6.59006e-19 -4.40571e-06   5.4726e-19 -1.02815e-06 -3.22031e-19  1.44238e-06  1.00856e-19  2.95113e-07  4.03874e-21  -3.9244e-07 -5.51597e-21 -1.24648e-07 -6.75051e-21  8.10082e-08 -8.77995e-21  4.75195e-08  2.57722e-20  -7.1659e-09 -2.21856e-20  -1.2517e-08  1.03415e-20 -2.38909e-09 -4.92226e-21  1.66023e-09  4.05803e-21  1.03307e-09 -2.45985e-21   9.8704e-11  5.94065e-22 -1.28696e-10  4.63645e-23 -6.60184e-11 -3.52577e-23 -8.76883e-12  5.49561e-23  4.92904e-12   -6.018e-23   3.0659e-12  1.70383e-23  7.18268e-13 -5.91429e-24 -1.38083e-14  1.23672e-23 -7.06896e-14 -5.83364e-24 -2.66509e-14 -1.66274e-24 -4.98452e-15  1.86804e-24 -8.40464e-17 -2.56888e-25  2.65926e-16 -1.54426e-25  9.65847e-17  6.71802e-26  1.96518e-17 -6.55181e-27  2.26425e-18 -6.25343e-27 -2.06625e-20  1.70881e-27 -7.52215e-20  3.49508e-28 -1.92906e-20 -2.42973e-29 -3.05983e-21  3.84227e-29 -3.34221e-22 -4.97354e-30 -2.23436e-23 -8.37079e-30 -3.75298e-26 -8.13793e-31  2.14982e-25  2.68565e-31  3.22491e-26  3.96956e-32  2.91405e-27 -1.31003e-33   1.8333e-28  2.43133e-34  8.06883e-30  1.56955e-34   2.3216e-31  1.21485e-35  3.54149e-33  2.22963e-38  5.48848e-36 -8.02303e-39 -3.47694e-37
 3.45616e-12  4.28471e-26 -1.65464e-10 -1.02533e-24  3.07072e-09  1.22178e-23 -3.40873e-08 -9.08854e-23  2.60735e-07  4.60082e-22   -1.473e-06 -1.62307e-21  6.39171e-06  3.78852e-21 -2.17941e-05 -3.96941e-21  5.90973e-05 -1.02597e-20 -0.000127843  6.61858e-20  0.000219299 -1.98719e-19  -0.00029276  4.21246e-19  0.000291532 -6.90421e-19 -0.000194829  9.10404e-19  5.60151e-05  -1.0043e-18  3.51085e-05  9.96405e-19 -4.06817e-05  -9.9135e-19  5.08395e-06  1.03283e-18  1.24976e-05 -1.01151e-18 -4.48907e-06  7.87245e-19  -3.4203e-06 -4.02874e-19  1.57994e-06  8.14008e-20  1.03476e-06  2.54405e-20 -3.69501e-07  7.54518e-21 -3.28099e-07 -2.46943e-20  3.63562e-08 -1.10031e-20  8.83918e-08  3.76976e-20  1.45359e-08 -2.71408e-20  -1.5144e-08  8.46442e-21 -7.86751e-09 -3.44082e-21  2.36162e-10  4.71066e-21  1.52278e-09 -3.20682e-21  5.39553e-10  6.39333e-22 -3.01128e-11   1.7695e-22 -9.19126e-11 -4.77563e-23 -3.34532e-11  1.97717e-23 -2.17458e-12  -3.5078e-23  2.98672e-12  5.48919e-24  1.45728e-12 -5.15382e-24  3.02459e-13  1.51318e-23 -7.33219e-15 -7.08648e-24 -2.69197e-14 -1.66959e-24 -9.73296e-15  2.01413e-24 -1.87098e-15 -2.90142e-25 -1.11775e-16 -1.51939e-25  5.61097e-17  6.79844e-26  2.32517e-17 -8.23869e-27  5.03038e-18 -6.49054e-27  6.91983e-19  1.80162e-27  4.51999e-20  3.81271e-28  -5.3675e-21   1.0548e-29 -2.20513e-21   4.5447e-29 -3.89121e-22   -7.577e-30 -4.64221e-23 -9.02375e-30 -3.93047e-24 -8.23935e-31 -2.14978e-25  2.58303e-31  -3.3294e-27  3.72337e-32  6.81813e-28 -1.23181e-33  8.02583e-29  1.06405e-34  4.87322e-30   1.0386e-34  1.84541e-31  7.65298e-36  4.18766e-33  5.07951e-38  4.59761e-35 -2.04042e-39
-8.14764e-27  3.50066e-11  3.60382e-25 -9.67396e-10 -5.93793e-24  1.38864e-08  5.65185e-23 -1.29908e-07 -3.57049e-22   8.7236e-07  1.58719e-21 -4.42869e-06 -5.02094e-21  1.75182e-05  1.06592e-20 -5.49359e-05 -1.02597e-20  0.000137673 -2.45338e-20 -0.000275613  1.47128e-19  0.000436322 -4.11794e-19 -0.000532658  8.14459e-19   0.00047389 -1.24438e-18 -0.000262885  1.52727e-18  2.88541e-05 -1.57261e-18   8.2454e-05   1.4855e-18 -5.41767e-05 -1.46406e-18 -8.02212e-06   1.5363e-18  2.12408e-05 -1.47112e-18 -1.48062e-06  1.06126e-18 -6.68739e-06 -4.51134e-19  6.89049e-07  2.26367e-20  2.00387e-06  5.09116e-20 -7.56223e-09  3.87934e-20  -5.4188e-07  -5.2896e-20 -1.03391e-07 -1.61963e-20  1.07637e-07  5.33903e-20  5.31861e-08 -3.08872e-20 -7.27858e-09  3.96909e-21 -1.33243e-08 -9.54295e-22  -3.3135e-09  5.46892e-21  1.16918e-09 -4.07199e-21  1.01153e-09  6.25656e-22  2.20702e-10  3.73476e-22 -5.70426e-11 -7.77687e-23 -5.31662e-11 -2.16413e-23 -1.50013e-11 -1.96182e-24 -1.88394e-13 -8.70589e-24  1.47532e-12 -3.93976e-24  6.16509e-13   1.7311e-23  1.19879e-13 -8.26251e-24 -7.16788e-16 -1.48877e-24 -8.52959e-15   2.1023e-24 -3.07326e-15 -3.18132e-25 -6.15428e-16 -1.45399e-25  -5.9359e-17  6.40929e-26  6.88848e-18 -9.97198e-27   4.2615e-18 -6.02039e-27  9.99744e-19  1.84937e-27  1.52296e-19  3.56363e-28  1.50382e-20  4.55457e-29  5.44289e-22  5.32034e-29 -1.22199e-22 -9.44222e-30 -3.01715e-23 -9.24846e-30 -3.89847e-24 -7.96143e-31 -3.48691e-25    2.358e-31 -2.23716e-26   3.2748e-32 -9.76586e-28 -1.08704e-33 -2.27105e-29  1.25029e-35  2.16936e-31  6.03284e-35  3.54053e-32  4.07291e-36  1.05354e-33  3.22474e-38   9.6939e-36
-4.69254e-12 -9.49069e-26  2.36688e-10  2.34743e-24 -4.63312e-09 -2.92296e-23  5.43215e-08  2.30284e-22  -4.3956e-07 -1.25907e-21  2.63203e-06  4.97313e-21 -1.21336e-05 -1.42217e-20  4.40819e-05  2.76229e-20 -0.000127843 -2.45338e-20  0.000297284 -5.44613e-20 -0.000552179  3.04369e-19  0.000807352 -7.95443e-19 -0.000899084  1.46887e-18  0.000706565 -2.09077e-18 -0.000306198  2.38314e-18 -4.47294e-05 -2.28473e-18  0.000147218  2.06257e-18 -5.53218e-05 -2.04202e-18 -3.29823e-05  2.17702e-18  2.80974e-05 -2.03291e-18  6.29827e-06  1.33984e-18 -9.63487e-06   -4.345e-19 -1.82064e-06 -8.57935e-20  2.75914e-06  7.22299e-20  8.21673e-07  9.54893e-20 -6.08981e-07 -9.04622e-20 -3.37741e-07 -2.68628e-20  6.33963e-08  7.26855e-20  9.55381e-08 -3.24533e-20  1.64223e-08 -3.27087e-21 -1.38265e-08  2.32326e-21 -8.15116e-09  6.36756e-21 -6.38758e-10 -5.01582e-21  1.10158e-09   5.5251e-22  5.44694e-10  6.29347e-22  6.73012e-11 -1.31688e-22 -4.36513e-11   -6.217e-23  -2.6343e-11  3.53812e-23 -6.12353e-12 -2.37768e-23  1.32566e-13 -2.02839e-24  6.13054e-13  1.83271e-23  2.32356e-13 -9.32974e-24  4.43957e-14 -1.09921e-24  1.24007e-15   2.1519e-24  -2.1675e-15 -3.33812e-25 -8.16094e-16 -1.38318e-25 -1.70942e-16  5.43248e-26 -2.11549e-17 -1.14152e-26 -3.73348e-19  -4.7527e-27  5.22952e-19  1.84337e-27   1.4523e-19  2.72896e-28  2.38613e-20  7.56629e-29  2.72157e-21  6.05377e-29  2.04823e-22 -1.03322e-29  5.71939e-24 -8.99191e-30 -9.36937e-25 -7.29422e-31 -1.72191e-25  2.04125e-31 -1.60783e-26  2.69768e-32 -1.00506e-27  -8.8189e-34 -4.32768e-29 -3.54154e-35 -1.22008e-30  3.03101e-35 -1.94605e-32  1.79252e-36 -1.12603e-34  1.12748e-38
 1.64384e-26  -4.2084e-11 -7.41204e-25  1.23249e-09  1.25906e-23 -1.87666e-08 -1.25062e-22  1.86446e-07  8.36414e-22 -1.33162e-06 -4.01639e-21  7.20324e-06  1.42333e-20 -3.04322e-05 -3.70515e-20   0.00010224  6.61858e-20 -0.000275613 -5.44613e-20  0.000596906 -1.12572e-19  -0.00103097  5.87622e-19   0.00139253 -1.43596e-18  -0.00140915  2.47661e-18  0.000961359 -3.28009e-18 -0.000284845  3.46007e-18 -0.000179537 -3.07517e-18  0.000217198  2.66626e-18 -3.11078e-05 -2.70036e-18  -6.8739e-05  2.95046e-18  2.72793e-05 -2.67615e-18  1.92287e-05  1.58062e-18 -1.00982e-05 -3.19974e-19 -6.03672e-06 -2.46666e-19  2.56314e-06  7.72317e-20   2.0358e-06  1.82131e-19  -3.2414e-07 -1.33436e-19 -5.92068e-07  -4.5386e-20 -7.75862e-08  9.45334e-20  1.11944e-07 -3.10993e-20  5.32253e-08 -1.28029e-20 -3.85805e-09  6.01363e-21 -1.14759e-08  7.38347e-21 -3.77968e-09 -5.98289e-21  3.61235e-10  4.43052e-22  7.21503e-10   9.2381e-22   2.4994e-10 -2.12569e-22  1.18899e-11  -9.4933e-23 -2.45101e-11  7.20446e-23 -1.14935e-11 -3.72945e-23 -2.33212e-12  8.68806e-25  7.46233e-14  1.76666e-23  2.15342e-13 -1.03123e-23  7.73196e-14 -5.17837e-25  1.49882e-14  2.19104e-24   9.8991e-16 -3.27527e-25  -4.0623e-16 -1.33931e-25 -1.75099e-16  3.82269e-26 -3.85728e-17 -1.21986e-26 -5.48493e-18 -2.73971e-27 -4.16355e-19   1.7712e-27  2.37523e-20  1.40255e-28  1.36761e-20  9.75752e-29   2.5241e-21  6.61817e-29  3.07206e-22 -1.02444e-29   2.6734e-23 -8.28418e-30  1.59184e-24 -6.30374e-31  4.78249e-26  1.67305e-31  -1.6498e-27  2.07937e-32 -2.96488e-28  -6.4397e-34  -1.8241e-29 -4.68905e-35 -6.37033e-31  1.29379e-35 -1.21004e-32  6.24125e-37  -8.3263e-35
 4.65029e-12  1.78972e-25 -2.50395e-10  -4.4946e-24   5.2334e-09  5.75464e-23 -6.55475e-08 -4.72461e-22  5.67063e-07  2.73334e-21 -3.63459e-06  -1.1664e-20  1.79652e-05  3.73895e-20 -7.01426e-05 -8.91381e-20  0.000219299  1.47128e-19 -0.000552179 -1.12572e-19   0.00111765 -2.17276e-19  -0.00179861   1.0615e-18    0.0022434 -2.42842e-18    -0.002051  3.91199e-18   0.00118133 -4.81143e-18 -0.000151898  4.67179e-18  -0.00037724 -3.82096e-18  0.000268121  3.20326e-18   3.0138e-05 -3.39996e-18  -0.00010792  3.83914e-18  1.21944e-05 -3.36444e-18  3.51211e-05  1.73385e-18 -5.49467e-06 -8.17706e-20 -1.10692e-05 -4.51796e-19  6.35336e-07   5.2016e-20  3.22046e-06  2.97972e-19  4.58041e-07 -1.75029e-19 -7.09972e-07 -7.30273e-20 -3.06637e-07  1.16939e-19  6.59816e-08 -2.66001e-20  8.76267e-08 -2.36077e-20  1.84959e-08   9.6875e-21 -9.30268e-09  8.41417e-21 -6.89825e-09 -6.91464e-21  -1.3137e-09  3.42189e-22  4.81726e-10  1.22565e-21  3.83005e-10 -3.17834e-22  1.01073e-10  -1.1565e-22 -1.53116e-12  1.02731e-22 -1.12327e-11 -4.64848e-23 -4.47436e-12  5.02727e-24 -8.40567e-13  1.50226e-23  1.40648e-14 -1.12785e-23  6.30901e-14  1.92629e-25  2.23004e-14  2.24598e-24   4.4546e-15 -2.89526e-25  4.43092e-16 -1.34151e-25 -4.20996e-17  1.65575e-26 -2.84588e-17 -1.19684e-26 -6.75727e-18 -1.80055e-28  -1.0427e-18  1.61995e-27 -1.07236e-19 -2.25888e-29 -5.20217e-21  1.10175e-28  5.20895e-22  6.90776e-29  1.57303e-22 -9.37607e-30  2.08571e-23 -7.23062e-30  1.86457e-24 -5.12363e-31  1.19223e-25  1.29465e-31  5.30332e-27   1.4974e-32  1.43997e-28 -4.13565e-34  1.14176e-30 -3.76028e-35 -6.11041e-32  4.61036e-36 -1.75308e-33  1.52579e-37
-2.90873e-26    3.595e-11  1.30954e-24 -1.13632e-09 -2.24983e-23  1.86583e-08  2.29143e-22 -1.99826e-07 -1.59443e-21  1.53869e-06  8.09637e-21 -8.97976e-06 -3.10012e-20  4.09829e-05  9.05236e-20 -0.000149048 -1.98719e-19  0.000436322  3.04369e-19  -0.00103097 -2.17276e-19   0.00195681 -3.92609e-19  -0.00293906  1.79855e-18   0.00338163 -3.85604e-18  -0.00276945  5.80055e-18   0.00128306 -6.60605e-18  0.000132983  5.85561e-18 -0.000617318  -4.3508e-18  0.000266475  3.56185e-18  0.000132404 -4.09494e-18 -0.000136205  4.81466e-18 -2.16695e-05 -4.04944e-18  4.85963e-05  1.75096e-18  5.99376e-06  2.90758e-19 -1.48677e-05 -6.81016e-19 -3.39096e-06 -1.55848e-20  3.64897e-06  4.35518e-19    1.679e-06 -2.06927e-19 -5.00304e-07 -1.08998e-19 -5.47157e-07  1.37218e-19 -6.34345e-08 -1.94368e-20  9.35416e-08 -3.42841e-20    4.728e-08   1.2997e-20  1.16941e-09  9.28462e-21 -7.62821e-09 -7.76251e-21 -3.34426e-09  3.04397e-22 -2.91391e-10  1.50079e-21  3.26106e-10 -4.37704e-22  1.74488e-10 -1.24328e-22  3.71602e-11  1.22511e-22 -2.25049e-12 -4.87737e-23  -4.3455e-12  1.06406e-23 -1.55736e-12  1.04156e-23 -2.85377e-13 -1.23073e-23  -4.8777e-15  9.27694e-25  1.48952e-14  2.33064e-24  5.42007e-15 -2.13773e-25  1.12152e-15 -1.39124e-25  1.39496e-16 -8.54523e-27  3.44185e-18 -1.04397e-26 -3.04159e-18  2.61888e-27 -8.60579e-19  1.38328e-27 -1.41591e-19 -1.90837e-28 -1.62526e-20  1.14365e-28 -1.27133e-21  6.86296e-29 -4.88292e-23 -8.03397e-30  2.98186e-24 -5.98275e-30  7.02676e-25 -3.91786e-31  6.62371e-26  9.41137e-32  3.99669e-27   1.0037e-32  1.61774e-28 -2.27108e-34  4.16998e-30 -2.21887e-35  5.82534e-32  1.35751e-36  2.62408e-34
 -3.0473e-12 -2.98723e-25  1.80685e-10  7.45898e-24 -4.14155e-09 -9.62006e-23  5.67184e-08  8.07317e-22 -5.35435e-07 -4.85008e-21  3.74054e-06  2.18682e-20 -2.01454e-05 -7.57454e-20  8.57508e-05  2.02723e-19  -0.00029276 -4.11794e-19  0.000807352  5.87622e-19  -0.00179861 -3.92609e-19   0.00321172  -6.6579e-19  -0.00450892  2.86493e-18   0.00477633 -5.76179e-18  -0.00346002  8.08961e-18   0.00117035 -8.49704e-18  0.000585684  6.78793e-18 -0.000852851  -4.4731e-18  0.000178006  3.63405e-18  0.000265879 -4.74266e-18 -0.000134791  5.84187e-18 -7.33125e-05 -4.67746e-18  5.18417e-05  1.59415e-18  2.39677e-05  7.87593e-19 -1.46137e-05 -9.04316e-19 -8.98241e-06 -1.32206e-19   2.5145e-06  5.80768e-19  2.97511e-06 -2.21391e-19  1.61165e-07 -1.50018e-19 -6.60102e-07  1.52541e-19 -2.56683e-07 -1.08078e-20  4.60257e-08 -4.33538e-20  6.77906e-08  1.57755e-20  1.86038e-08  9.78415e-21 -3.80221e-09 -8.49658e-21  -4.5001e-09  3.74117e-22 -1.37006e-09  1.72138e-21  5.87407e-12 -5.54966e-22  1.67189e-10 -1.25462e-22  7.02351e-11  1.27497e-22  1.28129e-11 -4.24777e-23 -1.01225e-12   1.7743e-23 -1.42815e-12  4.25209e-24 -4.80544e-13 -1.34449e-23 -8.90068e-14  1.55938e-24 -5.05526e-15  2.44054e-24  2.62513e-15 -1.01618e-25  1.06617e-15 -1.47529e-25  2.29674e-16 -3.38658e-26   3.2347e-17 -7.46332e-27  2.51885e-18  5.30664e-27  -1.0118e-19  1.06917e-27 -6.97428e-20 -3.38767e-28 -1.28892e-20  1.12337e-28 -1.55238e-21  6.48276e-29 -1.34023e-22 -6.52894e-30 -8.09989e-24 -4.69912e-30  -2.8504e-25 -2.83196e-31  1.19955e-27  6.37272e-32  8.18488e-28    6.209e-33  5.00733e-29 -1.02747e-34  1.53719e-30 -9.67653e-36  2.19111e-32  3.18427e-37
 4.67825e-26 -1.86162e-11 -2.06663e-24  6.69266e-10  3.51658e-23 -1.23648e-08 -3.59219e-22  1.47848e-07  2.54584e-21 -1.26404e-06 -1.33932e-20  8.16025e-06   5.4125e-20 -4.11059e-05  -1.7077e-19  0.000164871  4.21246e-19 -0.000532658 -7.95443e-19   0.00139253   1.0615e-18  -0.00293906  -6.6579e-19   0.00495397 -1.06204e-18  -0.00650893  4.29988e-18   0.00632864 -8.11941e-18  -0.00397762  1.06335e-17  0.000758453 -1.02465e-17    0.0011815  7.22624e-18  -0.00101506 -4.01748e-18 -1.97265e-05  3.34004e-18  0.000404134 -5.31344e-18 -8.60857e-05   6.8842e-18 -0.000133789  -5.1973e-18  3.69769e-05  1.24452e-18  4.47783e-05  1.37681e-18 -7.74498e-06 -1.08696e-18 -1.44718e-05 -2.96017e-19 -6.59989e-07  7.15397e-19  3.70929e-06 -2.13476e-19  1.21471e-06 -1.90632e-19 -4.94689e-07  1.60611e-19 -4.41541e-07 -2.43169e-21 -6.09293e-08 -4.95854e-20  6.17055e-08  1.80687e-20  3.60412e-08  9.72338e-21  4.80556e-09 -9.10843e-21 -3.47872e-09  5.64923e-22  -2.1734e-09  1.87325e-21 -4.89795e-10 -6.46448e-22  4.44083e-11 -1.26453e-22  7.09141e-11  1.15376e-22  2.53526e-11 -2.74476e-23  4.23772e-12  2.61326e-23  -2.7124e-13 -2.71354e-24 -3.94248e-13 -1.46715e-23 -1.29029e-13  1.96597e-24 -2.45639e-14  2.55391e-24 -2.25655e-15  3.63719e-26  2.71596e-16 -1.57425e-25  1.59253e-16 -5.58407e-26  3.64963e-17 -3.10471e-27  5.51195e-18  7.56038e-27  5.62206e-19  7.03406e-28  2.90079e-20 -4.44839e-28 -2.00861e-21  1.06668e-28 -6.72858e-22  5.82283e-29 -8.80874e-23 -5.09326e-30 -7.64215e-24 -3.51026e-30 -4.71052e-25 -1.95515e-31 -2.02347e-26  3.96315e-32 -5.49188e-28  3.48417e-33   -6.626e-30 -3.64479e-35  5.68445e-32 -2.82628e-36  1.62893e-33
