 9.81593e-05  6.27422e-20 -0.000657599  -5.3563e-19   0.00138472  1.37339e-18  -0.00119769 -1.74818e-18  0.000183352  1.22543e-18   0.00030558 -3.95351e-19  -8.4952e-05 -5.13488e-20 -5.44419e-05  6.80859e-20  9.42871e-06  7.00278e-22  4.50756e-06 -5.76857e-21 -2.93478e-08
 6.27422e-20  0.000994638  2.88888e-19  -0.00353483 -1.83692e-18   0.00505509  3.64799e-18  -0.00274504  -3.6144e-18 -0.000504639  1.84702e-18  0.000916183 -9.01354e-20  1.94587e-05 -4.86935e-19 -0.000156578  2.23884e-19 -6.94547e-06 -3.16701e-21  7.84798e-06 -4.98779e-21
-0.000657599  2.88888e-19   0.00468658  8.93784e-19   -0.0107701 -4.41216e-18    0.0107466  6.94344e-18  -0.00293086 -5.80942e-18  -0.00253194  2.51158e-18   0.00134095  2.43556e-19  0.000430286 -9.17545e-19 -0.000211387  3.11644e-19  -4.5025e-05  9.52771e-21  4.67622e-06
 -5.3563e-19  -0.00353483  8.93784e-19    0.0136852  2.09077e-18   -0.0221848 -7.83093e-18     0.015317  1.01699e-17  1.01516e-05 -7.97119e-18  -0.00513976  3.53444e-18  0.000944691  3.00381e-19  0.000974773 -1.17776e-18 -0.000134727  2.58767e-19 -6.87518e-05  2.60984e-20
  0.00138472 -1.83692e-18   -0.0107701  2.09077e-18    0.0279293   3.5226e-18   -0.0335748 -9.91664e-18    0.0151065  1.13429e-17   0.00563366 -9.39691e-18  -0.00678845  4.79608e-18 -0.000327684  3.36996e-19   0.00131516 -1.31934e-18  3.77854e-05  1.07585e-19 -5.08585e-05
 1.37339e-18   0.00505509 -4.41216e-18   -0.0221848   3.5226e-18    0.0428198  4.02206e-18   -0.0395278 -8.37414e-18    0.0094898  9.46254e-18    0.0115428 -1.02664e-17  -0.00658487  6.15575e-18  -0.00192512  7.80247e-19   0.00125911 -1.36569e-18  0.000184403  -2.2541e-20
 -0.00119769  3.64799e-18    0.0107466 -7.83093e-18   -0.0335748  4.02206e-18     0.052236  2.64978e-18    -0.038174 -2.92463e-18   0.00119209  5.48635e-18    0.0156138 -1.19806e-17  -0.00480774  7.42226e-18  -0.00322267  1.70194e-18  0.000860228 -1.18108e-18  0.000196525
-1.74818e-18  -0.00274504  6.94344e-18     0.015317 -9.91664e-18   -0.0395278  2.64978e-18    0.0537631 -5.06373e-19   -0.0321352  5.75527e-18  -0.00658087  1.25313e-18    0.0173323 -1.55508e-17  -0.00227981  8.02463e-18  -0.00388227  2.66511e-18  0.000318984 -6.50436e-19
 0.000183352  -3.6144e-18  -0.00293086  1.01699e-17    0.0151065 -8.37414e-18    -0.038174 -5.06373e-19    0.0499206 -5.37667e-18    -0.025298  1.78949e-17   -0.0123894 -1.75139e-18    0.0173141 -2.00667e-17  0.000333917  7.23192e-18  -0.00382307  3.06585e-18 -0.000105104
 1.22543e-18 -0.000504639 -5.80942e-18  1.01516e-05  1.13429e-17    0.0094898 -2.92463e-18   -0.0321352 -5.37667e-18    0.0448336 -1.27853e-17   -0.0198759  3.29734e-17   -0.0164509 -2.62251e-18    0.0163105 -2.35239e-17   0.00270132  4.77217e-18  -0.00305669  2.49359e-18
  0.00030558  1.84702e-18  -0.00253194 -7.97119e-18   0.00563366  9.46254e-18   0.00119209  5.75527e-18    -0.025298 -1.27853e-17    0.0410454 -2.28178e-17   -0.0161573  4.72381e-17   -0.0195355  -7.9446e-19    0.0147276 -2.49814e-17   0.00465132  1.21149e-18  -0.00165324
-3.95351e-19  0.000916183  2.51158e-18  -0.00513976 -9.39691e-18    0.0115428  5.48635e-18  -0.00658087  1.78949e-17   -0.0198759 -2.28178e-17    0.0391271 -3.30424e-17   -0.0136197  5.61347e-17   -0.0222974  4.01017e-18    0.0125963 -2.48066e-17   0.00586835 -1.74982e-18
 -8.4952e-05 -9.01354e-20   0.00134095  3.53444e-18  -0.00678845 -1.02664e-17    0.0156138  1.25313e-18   -0.0123894  3.29734e-17   -0.0161573 -3.30424e-17       0.0388 -4.05222e-17   -0.0117197  5.96227e-17   -0.0251795  1.14527e-17   0.00958045 -2.22384e-17   0.00532543
-5.13488e-20  1.94587e-05  2.43556e-19  0.000944691  4.79608e-18  -0.00658487 -1.19806e-17    0.0173323 -1.75139e-18   -0.0164509  4.72381e-17   -0.0136197 -4.05222e-17    0.0398058 -4.57896e-17   -0.0100527  6.19338e-17   -0.0285191  2.06196e-17   0.00486828 -1.38865e-17
-5.44419e-05 -4.86935e-19  0.000430286  3.00381e-19 -0.000327684  6.15575e-18  -0.00480774 -1.55508e-17    0.0173141 -2.62251e-18   -0.0195355  5.61347e-17   -0.0117197 -4.57896e-17    0.0421848 -5.23673e-17  -0.00821653  6.50888e-17   -0.0324856  3.08668e-17  -0.00151091
 6.80859e-20 -0.000156578 -9.17545e-19  0.000974773  3.36996e-19  -0.00192512  7.42226e-18  -0.00227981 -2.00667e-17    0.0163105  -7.9446e-19   -0.0222974  5.96227e-17   -0.0100527 -5.23673e-17    0.0463505 -6.20801e-17  -0.00542643  6.58265e-17   -0.0351686   3.5705e-17
 9.42871e-06  2.23884e-19 -0.000211387 -1.17776e-18   0.00131516  7.80247e-19  -0.00322267  8.02463e-18  0.000333917 -2.35239e-17    0.0147276  4.01017e-18   -0.0251795  6.19338e-17  -0.00821653 -6.20801e-17    0.0534061 -7.70328e-17   0.00156382  5.31108e-17   -0.0270154
 7.00278e-22 -6.94547e-06  3.11644e-19 -0.000134727 -1.31934e-18   0.00125911  1.70194e-18  -0.00388227  7.23192e-18   0.00270132 -2.49814e-17    0.0125963  1.14527e-17   -0.0285191  6.50888e-17  -0.00542643 -7.70328e-17    0.0671331 -1.12699e-16    0.0223466  8.15138e-18
 4.50756e-06 -3.16701e-21  -4.5025e-05  2.58767e-19  3.77854e-05 -1.36569e-18  0.000860228  2.66511e-18  -0.00382307  4.77217e-18   0.00465132 -2.48066e-17   0.00958045  2.06196e-17   -0.0324856  6.58265e-17   0.00156382 -1.12699e-16    0.0970888 -1.87488e-16    0.0528767
-5.76857e-21  7.84798e-06  9.52771e-21 -6.87518e-05  1.07585e-19  0.000184403 -1.18108e-18  0.000318984  3.06585e-18  -0.00305669  1.21149e-18   0.00586835 -2.22384e-17   0.00486828  3.08668e-17   -0.0351686  5.31108e-17    0.0223466 -1.87488e-16     0.136034 -2.21125e-16
-2.93478e-08 -4.98779e-21  4.67622e-06  2.60984e-20 -5.08585e-05  -2.2541e-20  0.000196525 -6.50436e-19 -0.000105104  2.49359e-18  -0.00165324 -1.74982e-18   0.00532543 -1.38865e-17  -0.00151091   3.5705e-17   -0.0270154  8.15138e-18    0.0528767 -2.21125e-16     0.108058
