  0.00205867 -1.05607e-05   0.00870705 -2.37129e-05    0.0124604 -2.29632e-05   0.00813873 -9.23762e-06   0.00129014  1.65584e-06  -0.00170159  3.51923e-06  -0.00127444  1.56547e-06 -0.000364637  2.73154e-07 -2.87305e-05 -7.29153e-09  6.91411e-06 -7.34134e-09  1.01371e-06
-1.05607e-05    0.0128604 -4.52465e-05    0.0293758 -6.62537e-05    0.0293596 -4.53265e-05    0.0127844 -9.01413e-06   -0.0014228  8.65872e-06  -0.00460682  7.58531e-06  -0.00239096    2.657e-06 -0.000576669   4.2253e-07 -5.22797e-05  1.17857e-08  2.16128e-06 -2.44404e-09
  0.00870705 -4.52465e-05    0.0379507  -0.00010574    0.0572949 -0.000110204    0.0416564 -5.30843e-05    0.0106281  1.10331e-06  -0.00658353  1.69895e-05  -0.00720898  1.05004e-05  -0.00305598  3.22817e-06  -0.00068739  5.20569e-07 -7.54656e-05  3.50537e-08 -2.45315e-06
-2.37129e-05    0.0293758  -0.00010574    0.0707613 -0.000166199    0.0778848 -0.000130562     0.042394 -4.30447e-05   0.00383133  1.37034e-05   -0.0108905  2.20693e-05    -0.008353    1.133e-05  -0.00313853  3.19854e-06 -0.000662517  4.88706e-07 -6.79173e-05  2.77961e-08
   0.0124604 -6.62537e-05    0.0572949 -0.000166199    0.0949824 -0.000196318    0.0821945 -0.000123297    0.0349801  -2.7181e-05  -0.00200781  2.05899e-05   -0.0121533   2.2031e-05  -0.00778553  1.00004e-05   -0.0026271  2.51585e-06  -0.00047817  3.07032e-07 -3.22888e-05
-2.29632e-05    0.0293596 -0.000110204    0.0778848 -0.000196318     0.100896 -0.000191623    0.0747083 -0.000104907    0.0275814  -1.8153e-05  -0.00333253  1.87061e-05   -0.0100749  1.72273e-05  -0.00575957  6.94111e-06  -0.00168023  1.43604e-06 -0.000229369  1.06922e-07
  0.00813873 -4.53265e-05    0.0416564 -0.000130562    0.0821945 -0.000191623    0.0934207 -0.000171523    0.0657204 -9.24707e-05    0.0253146 -2.05204e-05  0.000157081  9.34329e-06  -0.00555917  9.45618e-06   -0.0030163  3.35317e-06  -0.00071882  5.09582e-07 -5.81377e-05
-9.23762e-06    0.0127844 -5.30843e-05     0.042394 -0.000123297    0.0747083 -0.000171523    0.0836908 -0.000155956    0.0616866 -9.22056e-05    0.0285729 -3.19022e-05    0.0066246 -3.43044e-06 -0.000430984  1.83672e-06 -0.000682645  7.40309e-07 -0.000137625  7.09808e-08
  0.00129014 -9.01413e-06    0.0106281 -4.30447e-05    0.0349801 -0.000104907    0.0657204 -0.000155956    0.0787036 -0.000152313    0.0631885 -0.000100973    0.0346321 -4.56744e-05    0.0128681 -1.38269e-05   0.00313344  -2.6535e-06  0.000457364 -2.74297e-07  2.79047e-05
 1.65584e-06   -0.0014228  1.10331e-06   0.00383133  -2.7181e-05    0.0275814 -9.24707e-05    0.0616866 -0.000152313    0.0791432 -0.000157153    0.0669339 -0.000110128    0.0390396 -5.33903e-05    0.0156113 -1.73345e-05   0.00400341 -3.34878e-06  0.000533932   -2.524e-07
 -0.00170159  8.65872e-06  -0.00658353  1.37034e-05  -0.00200781  -1.8153e-05    0.0253146 -9.22056e-05    0.0631885 -0.000157153    0.0815343 -0.000160791    0.0676712 -0.000109322    0.0377171 -4.95824e-05     0.013695   -1.401e-05   0.00287025 -1.99537e-06  0.000227459
 3.51923e-06  -0.00460682  1.69895e-05   -0.0108905  2.05899e-05  -0.00333253 -2.05204e-05    0.0285729 -0.000100973    0.0669339 -0.000160791    0.0803633 -0.000151985    0.0609365 -9.29281e-05    0.0298972 -3.60509e-05   0.00892509 -7.90146e-06   0.00131705 -6.43393e-07
 -0.00127444  7.58531e-06  -0.00720898  2.20693e-05   -0.0121533  1.87061e-05  0.000157081 -3.19022e-05    0.0346321 -0.000110128    0.0676712 -0.000151985     0.071071 -0.000125305    0.0465142 -6.50049e-05    0.0188889 -2.01412e-05   0.00426569 -3.04326e-06  0.000353722
 1.56547e-06  -0.00239096  1.05004e-05    -0.008353   2.2031e-05   -0.0100749  9.34329e-06    0.0066246 -4.56744e-05    0.0390396 -0.000109322    0.0609365 -0.000125305    0.0537007 -8.64324e-05     0.029056 -3.63099e-05    0.0092518 -8.38065e-06   0.00142217 -7.04262e-07
-0.000364637    2.657e-06  -0.00305598    1.133e-05  -0.00778553  1.72273e-05  -0.00555917 -3.43044e-06    0.0128681 -5.33903e-05    0.0377171 -9.29281e-05    0.0465142 -8.64324e-05    0.0334466 -4.83249e-05    0.0144226 -1.57115e-05   0.00338457 -2.44697e-06  0.000287327
 2.73154e-07 -0.000576669  3.22817e-06  -0.00313853  1.00004e-05  -0.00575957  9.45618e-06 -0.000430984 -1.38269e-05    0.0156113 -4.95824e-05    0.0298972 -6.50049e-05     0.029056 -4.83249e-05    0.0166725   -2.127e-05   0.00550963 -5.05643e-06  0.000866888 -4.32684e-07
-2.87305e-05   4.2253e-07  -0.00068739  3.19854e-06   -0.0026271  6.94111e-06   -0.0030163  1.83672e-06   0.00313344 -1.73345e-05     0.013695 -3.60509e-05    0.0188889 -3.63099e-05    0.0144226   -2.127e-05   0.00645203 -7.11998e-06   0.00154954 -1.12932e-06  0.000133432
-7.29153e-09 -5.22797e-05  5.20569e-07 -0.000662517  2.51585e-06  -0.00168023  3.35317e-06 -0.000682645  -2.6535e-06   0.00400341   -1.401e-05   0.00892509 -2.01412e-05    0.0092518 -1.57115e-05   0.00550963 -7.11998e-06   0.00186323 -1.72384e-06  0.000297425 -1.49186e-07
 6.91411e-06  1.17857e-08 -7.54656e-05  4.88706e-07  -0.00047817  1.43604e-06  -0.00071882  7.40309e-07  0.000457364 -3.34878e-06   0.00287025 -7.90146e-06   0.00426569 -8.38065e-06   0.00338457 -5.05643e-06   0.00154954 -1.72384e-06  0.000377577 -2.76573e-07  3.28068e-05
-7.34134e-09  2.16128e-06  3.50537e-08 -6.79173e-05  3.07032e-07 -0.000229369  5.09582e-07 -0.000137625 -2.74297e-07  0.000533932 -1.99537e-06   0.00131705 -3.04326e-06   0.00142217 -2.44697e-06  0.000866888 -1.12932e-06  0.000297425 -2.76573e-07    4.791e-05 -2.41066e-08
 1.01371e-06 -2.44404e-09 -2.45315e-06  2.77961e-08 -3.22888e-05  1.06922e-07 -5.81377e-05  7.09808e-08  2.79047e-05   -2.524e-07  0.000227459 -6.43393e-07  0.000353722 -7.04262e-07  0.000287327 -4.32684e-07  0.000133432 -1.49186e-07  3.28068e-05 -2.41066e-08   2.8666e-06
