 1.28073e-09  1.26383e-24 -2.35762e-08 -3.80429e-23  1.66617e-07   2.9137e-22 -6.90014e-07 -1.12361e-21  1.89771e-06  2.79992e-21 -3.61541e-06 -4.96877e-21  4.70654e-06  6.24089e-21  -3.7384e-06 -4.99759e-21  8.19721e-07  1.36971e-21  1.72813e-06  2.10905e-21 -1.72149e-06 -2.79836e-21  -9.3409e-08  8.67949e-22   1.0705e-06  1.03808e-21 -3.31278e-07 -1.07398e-21 -5.02627e-07   -4.263e-23    2.796e-07   6.5772e-22  2.16618e-07 -3.47388e-22 -1.52978e-07 -1.29809e-22   -9.476e-08  2.04422e-22  6.37234e-08 -2.13377e-23  4.20787e-08 -8.26965e-23 -1.89552e-08  4.41336e-23  -1.6847e-08  6.67757e-24  2.65329e-09 -6.11203e-24   4.9607e-09 -5.95113e-24  5.66126e-10  4.06762e-24  -7.4758e-10 -2.99927e-25 -2.63909e-10 -1.01557e-25  5.54505e-12  1.15393e-26   1.3743e-11 -9.72957e-27  1.23407e-12
 1.26383e-24  3.38151e-08  2.33658e-23 -3.49316e-07 -4.42175e-22  1.84648e-06  2.47843e-21 -6.18419e-06 -7.72947e-21  1.41576e-05  1.65926e-20 -2.24889e-05 -2.59013e-20  2.35843e-05  2.84436e-20 -1.27326e-05 -1.89271e-20 -3.38186e-06  1.57675e-21  1.08218e-05  1.14142e-20  -4.7287e-06 -1.16136e-20 -4.15524e-06  2.96974e-21  4.49286e-06  3.90813e-21  9.02219e-07 -3.78465e-21 -2.67323e-06  4.26757e-23  7.39498e-09  1.98689e-21  1.32939e-06 -1.15371e-21  -8.5994e-08 -2.80817e-22 -5.90163e-07  5.70707e-22  1.47953e-08 -4.46507e-23  2.28672e-07 -2.56242e-22  2.18022e-08   1.1962e-22 -6.95579e-08  1.84848e-23 -1.91148e-08  3.89904e-25  1.28578e-08 -2.31689e-23  6.87709e-09  8.20094e-24 -3.58912e-10  -9.4318e-26 -8.72415e-10 -3.36674e-26 -1.61281e-10  5.12857e-26   2.5609e-12 -1.52612e-26
-2.35762e-08  2.33658e-23  4.34569e-07  2.22247e-22 -3.07698e-06 -2.85535e-21  1.27765e-05  1.22435e-20  -3.5269e-05 -3.20517e-20  6.75511e-05  6.06398e-20 -8.86665e-05 -8.44904e-20  7.15557e-05  8.25261e-20 -1.71674e-05 -4.69239e-20 -3.18248e-05  -2.7196e-21  3.34581e-05  3.35867e-20  3.78707e-07 -3.07007e-20 -2.02365e-05  8.75598e-21  7.34287e-06  7.86428e-21  9.13772e-06 -8.81816e-21 -5.93832e-06   1.1817e-21   -3.744e-06  3.80187e-21  3.25147e-06 -2.67554e-21  1.57427e-06 -3.43376e-22 -1.39785e-06   1.0422e-21 -7.00509e-07  6.92423e-23  4.55987e-07  -5.5874e-22  2.94646e-07  1.73469e-22 -9.04593e-08  2.68893e-23 -9.54446e-08  5.17344e-23 -2.58569e-10 -5.06498e-23  1.74139e-08  7.93693e-24  4.20853e-09 -1.63292e-25 -6.75362e-10  1.78188e-25 -3.37811e-10  1.14685e-25 -2.23202e-11
-3.80429e-23 -3.49316e-07  2.22247e-22  3.61542e-06  1.29332e-21 -1.91632e-05 -1.18113e-20  6.44268e-05  4.03054e-20 -0.000148295  -9.1461e-20  0.000237466  1.55298e-19 -0.000252442 -1.95936e-19  0.000141111  1.74002e-19   3.0352e-05 -8.88595e-20 -0.000115168  -1.0977e-20  5.54604e-05  6.73582e-20  4.09927e-05  -6.2237e-20 -5.02537e-05  2.29884e-20 -6.24745e-06  1.03737e-20  2.91485e-05 -1.67637e-20 -2.44722e-06  4.25898e-21 -1.42302e-05  6.10031e-21  2.30598e-06 -4.81342e-21   6.2901e-06 -5.23744e-22 -8.64215e-07  1.30948e-21 -2.49321e-06  6.59607e-22  6.34295e-08 -8.95029e-22  8.12418e-07  9.40686e-23  1.17279e-07 -3.01361e-23  -1.7852e-07  1.68731e-22 -6.30691e-08 -6.63538e-23  1.46504e-08   2.5611e-24  1.08729e-08 -2.01392e-24  1.19255e-09  2.25595e-25 -1.73938e-10  1.06857e-25
 1.66617e-07 -4.42175e-22 -3.07698e-06  1.29332e-21  2.18466e-05  4.91056e-21 -9.10672e-05 -3.29017e-20  0.000252766  9.27194e-20 -0.000487974 -1.87647e-19  0.000648487  2.90535e-19  -0.00053607 -3.37323e-19   0.00014594  2.80087e-19  0.000222214 -1.37052e-19 -0.000254147 -1.63208e-20  1.30955e-05  1.06078e-19  0.000146467  -1.0755e-19 -6.49823e-05  4.80988e-20 -6.17251e-05  1.24899e-20  4.96484e-05 -2.82681e-20  2.29376e-05  7.44212e-21 -2.69439e-05  9.84434e-21 -8.81522e-06 -6.40261e-21  1.18619e-05 -1.34113e-21  3.88261e-06  6.13619e-22 -4.18158e-06  1.93986e-21 -1.76577e-06   -8.941e-22  1.03785e-06  -1.3486e-22  6.53912e-07 -2.62122e-22 -1.10548e-07  3.03554e-22 -1.47325e-07 -4.45091e-23 -1.74738e-08  2.72236e-25  1.06529e-08  -5.0181e-24  2.88656e-09  2.97981e-26  1.09103e-10
  2.9137e-22  1.84648e-06 -2.85535e-21 -1.91632e-05  4.91056e-21  0.000101971   1.2445e-20 -0.000344717 -6.25366e-20  0.000799689  1.51473e-19  -0.00129559 -2.81541e-19   0.00140475  4.04363e-19 -0.000825103 -4.41714e-19 -0.000117852  3.56128e-19  0.000629861 -1.77253e-19 -0.000345467 -1.96939e-20 -0.000196128  1.54039e-19  0.000292281 -1.67455e-19  6.47485e-06  7.42594e-20  -0.00016233  2.30066e-20  3.20625e-05 -4.12666e-20  7.63917e-05  4.94143e-21 -2.32259e-05  1.52422e-20 -3.31125e-05 -5.02318e-21  1.00779e-05 -2.48969e-21   1.3333e-05 -2.05799e-21 -2.65806e-06  3.32929e-21 -4.65974e-06 -6.01828e-23  1.08249e-07 -2.74727e-22  1.20261e-06 -6.97305e-22  2.15068e-07   3.4447e-22 -1.58315e-07  6.60011e-24 -6.17197e-08  8.10655e-24 -2.34379e-10 -6.19429e-24  2.09854e-09 -7.45473e-26
-6.90014e-07  2.47843e-21  1.27765e-05 -1.18113e-20 -9.10672e-05   1.2445e-20  0.000381709  2.08289e-20  -0.00106774 -7.99454e-20   0.00208465  1.77016e-19  -0.00281947 -3.14001e-19   0.00241055  4.28115e-19 -0.000766957 -4.56181e-19 -0.000888657  3.74287e-19   0.00115394 -1.89812e-19 -0.000158609 -5.05418e-20  -0.00061513  2.34654e-19  0.000347901  -2.3314e-19  0.000228699  7.62435e-20 -0.000247941  5.08114e-20 -6.79984e-05  -4.6995e-20  0.000131586 -8.58428e-21  1.94444e-05  1.85495e-20 -5.85691e-05  1.20032e-21 -7.90387e-06 -1.78576e-21  2.19324e-05 -6.86639e-21  4.46149e-06  3.28729e-21 -6.37558e-06  1.68068e-21 -2.16956e-06  4.70883e-23  1.13933e-06 -1.15085e-21  6.52303e-07  2.20282e-22 -3.35423e-08  4.27816e-23 -7.52775e-08  1.99158e-23 -1.17328e-08  -4.1834e-24  1.48095e-10
-1.12361e-21 -6.18419e-06  1.22435e-20  6.44268e-05 -3.29017e-20 -0.000344717  2.08289e-20   0.00117442  2.16487e-20  -0.00275468 -6.73277e-20   0.00453669  1.57509e-19  -0.00505562 -2.80181e-19   0.00317154  3.73909e-19  0.000153403 -4.08445e-19  -0.00218668  3.47753e-19   0.00141636 -1.46246e-19  0.000528563 -1.61586e-19  -0.00109195  3.64388e-19  0.000121222 -2.73924e-19  0.000564463   2.8609e-20 -0.000203724  8.94459e-20 -0.000247131 -3.21978e-20  0.000131041 -3.02791e-20  0.000101373  1.24339e-20 -5.99592e-05  1.07261e-20 -4.06627e-05  3.72406e-21   2.0292e-05 -1.19729e-20  1.52968e-05  3.23029e-22 -4.31977e-06  3.59441e-21 -4.66798e-06  9.49915e-22  1.35471e-07 -1.30323e-21  8.63109e-07  -8.2588e-24  1.63537e-07  3.27316e-23 -3.96819e-08  2.28819e-23 -1.20574e-08 -1.21471e-24
 1.89771e-06 -7.72947e-21  -3.5269e-05  4.03054e-20  0.000252766 -6.25366e-20  -0.00106774  2.16487e-20    0.0030197   1.2138e-20   -0.0059895 -4.90852e-20   0.00830088  1.50929e-19  -0.00742726 -2.63087e-19   0.00282521  3.44298e-19   0.00224824 -3.82805e-19  -0.00355678  3.00796e-19   0.00089708  -8.7975e-21   0.00166941 -3.85264e-19  -0.00127094  5.13044e-19 -0.000476176 -2.44916e-19  0.000831392 -6.94321e-20  5.29112e-05  1.13181e-19 -0.000422246  9.87948e-21  2.83853e-05 -4.67854e-20  0.000185908 -8.21058e-21  -1.8253e-05  1.79929e-20  -7.2405e-05  1.48738e-20  3.13813e-06 -1.39671e-20  2.37374e-05 -5.53062e-21  1.92866e-06  4.46999e-21 -5.62633e-06   2.0677e-21 -1.41133e-06 -9.64104e-22  6.25474e-07 -1.93818e-22  2.87539e-07 -6.24698e-24  1.30415e-08  1.39003e-23   -4.115e-09
 2.79992e-21  1.41576e-05 -3.20517e-20 -0.000148295  9.27194e-20  0.000799689 -7.99454e-20  -0.00275468   1.2138e-20     0.006563  8.03583e-21   -0.0110597 -8.87133e-20    0.0127965   2.4033e-19  -0.00873381 -3.57307e-19    0.0006035  4.29383e-19   0.00516205 -4.26409e-19   -0.0041364  2.25319e-19 -0.000661254  2.49633e-19   0.00280985 -6.87329e-19 -0.000812645   6.0423e-19  -0.00128026 -1.20305e-19   0.00079955 -1.84718e-19  0.000476247  9.40655e-20 -0.000472596   6.9605e-20 -0.000163548 -4.20222e-20  0.000219187 -4.03433e-20  6.01128e-05  1.64057e-20 -8.27148e-05  2.87135e-20  -2.5028e-05 -9.96293e-21  2.37631e-05 -1.22496e-20  9.84654e-06  3.44784e-21 -4.06177e-06  2.75625e-21 -2.62904e-06 -2.57349e-22  4.97297e-08 -2.36016e-22  2.49985e-07 -3.29697e-23  3.59886e-08  2.54351e-24
-3.61541e-06  1.65926e-20  6.75511e-05  -9.1461e-20 -0.000487974  1.51473e-19   0.00208465 -6.73277e-20   -0.0059895  8.03583e-21    0.0121508  3.43538e-20   -0.0174245 -2.23933e-19    0.0165691  4.41795e-19  -0.00767639 -5.72479e-19  -0.00346373  6.19899e-19   0.00778266 -5.11044e-19  -0.00318152  8.89529e-20  -0.00290318  6.08399e-19   0.00330256 -9.69576e-19  0.000307694  5.69874e-19  -0.00192537  7.87679e-20  0.000369867 -2.69109e-19  0.000895369  2.42771e-20 -0.000328864  1.23705e-19 -0.000371441 -8.30438e-21  0.000169106 -7.27797e-20  0.000144922  2.03006e-21 -6.12064e-05  3.98784e-20 -5.25177e-05  4.02468e-22   1.3761e-05 -1.68444e-20  1.56781e-05  6.51053e-22 -4.97917e-07  2.54552e-21 -2.82386e-06  4.52102e-22 -5.09918e-07 -1.53073e-22  1.00458e-07 -2.90668e-23  2.10745e-08
-4.96877e-21 -2.24889e-05  6.06398e-20  0.000237466 -1.87647e-19  -0.00129559  1.77016e-19   0.00453669 -4.90852e-20   -0.0110597  3.43538e-20    0.0192655  9.79112e-20   -0.0234873 -4.16827e-19    0.0178413  6.84364e-19  -0.00379042 -8.30627e-19  -0.00822696  8.36988e-19     0.008822 -5.88582e-19 -0.000682256 -1.13019e-19  -0.00497019  9.83975e-19   0.00276039 -1.13151e-18   0.00172388  4.05321e-19   -0.0020876  2.93999e-19 -0.000340115 -2.88849e-19   0.00112703 -7.89084e-20 -2.27667e-05  1.48404e-19 -0.000510417  4.95739e-20  4.56593e-05 -9.15092e-20  0.000202321 -2.49577e-20 -1.32565e-05  4.34933e-20 -6.80174e-05  1.45643e-20 -2.86987e-06 -1.69919e-20  1.67832e-05  -2.8066e-21  3.47025e-06  1.46927e-21 -1.92775e-06  8.19686e-22 -7.32919e-07  -3.5309e-23 -2.75883e-08 -9.36969e-24
 4.70654e-06 -2.59013e-20 -8.86665e-05  1.55298e-19  0.000648487 -2.81541e-19  -0.00281947  1.57509e-19   0.00830088 -8.87133e-20   -0.0174245  9.79112e-20    0.0262672  1.75212e-19   -0.0271493 -5.81217e-19    0.0156292  8.71996e-19   0.00196541  -1.0321e-18    -0.011965  1.02229e-18   0.00769999 -6.54248e-19   0.00253559 -3.28463e-19  -0.00605907  1.27152e-18   0.00133171 -1.13791e-18   0.00292535   1.6611e-19   -0.0016943  4.67637e-19  -0.00108677 -2.36104e-19   0.00108859 -1.88099e-19  0.000344999  1.30264e-19 -0.000533538  1.18848e-19 -0.000111678 -8.54527e-20  0.000213046 -6.05097e-20  4.55962e-05  3.71195e-20 -6.60925e-05  2.81568e-20 -2.02262e-05 -1.21779e-20   1.2801e-05 -5.41521e-21  6.16379e-06  6.38141e-23 -4.76145e-07  7.54936e-22 -5.58738e-07  4.12114e-23 -5.01533e-08
 6.24089e-21  2.35843e-05 -8.44904e-20 -0.000252442  2.90535e-19   0.00140475 -3.14001e-19  -0.00505562  1.50929e-19    0.0127965 -2.23933e-19   -0.0234873  1.75212e-19    0.0309457  2.29105e-19   -0.0270413 -6.46806e-19     0.010576  9.32886e-19    0.0076513 -1.11435e-18   -0.0134887  1.18684e-18   0.00493374 -7.46232e-19   0.00538002  -4.8421e-19  -0.00592589  1.41828e-18 -0.000460656 -1.02669e-18   0.00358506 -8.65705e-20  -0.00091446  5.69533e-19  -0.00166248 -1.17982e-19  0.000814893 -2.82442e-19  0.000673015  6.76233e-20 -0.000442726   1.8495e-19 -0.000259707       -5e-20  0.000176392 -9.70407e-20  9.86188e-05  2.10533e-20 -4.79375e-05  3.67594e-20 -3.28257e-05   -3.922e-21  5.40014e-06 -6.13316e-21  6.62963e-06  -9.7704e-22  7.55393e-07  4.38096e-22 -2.09347e-07  5.07946e-23
 -3.7384e-06  2.84436e-20  7.15557e-05 -1.95936e-19  -0.00053607  4.04363e-19   0.00241055 -2.80181e-19  -0.00742726   2.4033e-19    0.0165691 -4.16827e-19   -0.0271493  2.29105e-19    0.0317909  2.34336e-19   -0.0235277 -5.88437e-19   0.00464506  8.24704e-19    0.0115936 -1.08738e-18   -0.0128389   1.3886e-18   0.00166022 -8.94274e-19   0.00719829 -5.57562e-19  -0.00489107  1.45793e-18  -0.00211516 -8.54482e-19   0.00367284 -3.29952e-19  9.33052e-06  5.94436e-19  -0.00197838  5.64163e-20  0.000398089 -3.50573e-19  0.000899766 -3.36543e-20 -0.000269401  2.34458e-19 -0.000367721  1.13643e-20  0.000104189  -1.2443e-19  0.000133584 -2.05457e-21 -1.92536e-05  3.75057e-20 -3.73783e-05  4.82096e-21 -2.69898e-06 -4.97662e-21  4.96963e-06 -1.27789e-21  1.20808e-06  1.25052e-22  1.38438e-08
-4.99759e-21 -1.27326e-05  8.25261e-20  0.000141111 -3.37323e-19 -0.000825103  4.28115e-19   0.00317154 -2.63087e-19  -0.00873381  4.41795e-19    0.0178413 -5.81217e-19   -0.0270413  2.34336e-19    0.0290573  1.89246e-19   -0.0185088 -4.05041e-19 -0.000198458  5.43103e-19    0.0133564 -1.03634e-18   -0.0109759  1.67343e-18  -0.00120108 -1.07451e-18   0.00798922 -6.08118e-19  -0.00345091  1.47095e-18  -0.00339151 -6.43959e-19   0.00333321 -5.73339e-19  0.000898489  5.45292e-19  -0.00204018  2.75466e-19 -7.16529e-05 -3.82752e-19   0.00100385 -1.63876e-19 -5.29096e-05  2.56299e-19 -0.000420511  8.72815e-20  1.34893e-05 -1.32962e-19  0.000144508 -2.74522e-20  1.23835e-05  3.01858e-20 -3.33257e-05  1.08849e-20 -8.81389e-06 -2.88794e-21  2.20274e-06 -9.84874e-22  8.73319e-07 -3.44376e-23
 8.19721e-07 -1.89271e-20 -1.71674e-05  1.74002e-19   0.00014594 -4.41714e-19 -0.000766957  3.73909e-19   0.00282521 -3.57307e-19  -0.00767639  6.84364e-19    0.0156292 -6.46806e-19   -0.0235277  1.89246e-19    0.0246094  1.03637e-19   -0.0140791 -8.45423e-20  -0.00316303  1.37984e-19    0.0136244 -1.06694e-18  -0.00889077  2.03379e-18  -0.00336003 -1.21716e-18   0.00808936 -7.32143e-19  -0.00194443  1.51383e-18  -0.00426957 -3.81993e-19   0.00272627 -8.23408e-19   0.00166178  4.24256e-19  -0.00189214  5.17685e-19 -0.000527526 -3.65107e-19  0.000988982 -3.10011e-19  0.000170662  2.43658e-19  -0.00041546  1.61287e-19 -7.83916e-05 -1.17401e-19  0.000131235 -4.88534e-20  3.96597e-05  1.75401e-20 -2.25617e-05     1.24e-20 -1.11931e-05 -9.66888e-22 -2.33338e-07 -5.01757e-22   2.8267e-07
 1.36971e-21 -3.38186e-06 -4.69239e-20   3.0352e-05  2.80087e-19 -0.000117852 -4.56181e-19  0.000153403  3.44298e-19    0.0006035 -5.72479e-19  -0.00379042  8.71996e-19     0.010576 -5.88437e-19   -0.0185088  1.03637e-19    0.0205739 -2.87268e-20   -0.0112301  4.04206e-19  -0.00468355 -3.10351e-19    0.0133237 -1.22584e-18  -0.00703661  2.41772e-18   -0.0049529 -1.25862e-18   0.00779698 -9.87863e-19 -0.000508538  1.58287e-18  -0.00480422 -5.08451e-20   0.00196674 -1.06424e-18   0.00226032  2.34738e-19  -0.00158565  7.50838e-19 -0.000924544 -2.83722e-19  0.000872303 -4.53862e-19  0.000372365  1.95808e-19  -0.00035887  2.16683e-19 -0.000156711 -7.97341e-20  9.81832e-05 -6.02321e-20  5.70034e-05  4.29423e-21 -8.67989e-06  9.82594e-21  -9.5827e-06  2.61577e-22 -1.24158e-06 -1.22804e-22
 1.72813e-06  1.57675e-21 -3.18248e-05 -8.88595e-20  0.000222214  3.56128e-19 -0.000888657 -4.08445e-19   0.00224824  4.29383e-19  -0.00346373 -8.30627e-19   0.00196541  9.32886e-19   0.00464506 -4.05041e-19   -0.0140791 -2.87268e-20    0.0180048 -2.42411e-19   -0.0096852  1.08379e-18  -0.00557982 -7.47838e-19     0.012949   -1.476e-18   -0.0054184  2.77281e-18  -0.00616729 -1.17865e-18   0.00726086 -1.36435e-18  0.000811563  1.62905e-18  -0.00504882  3.49729e-19    0.0011346 -1.26356e-18   0.00268072 -1.44101e-20  -0.00117062    9.396e-19  -0.00123488  -1.3568e-19  0.000677706 -5.71455e-19  0.000531443  1.17989e-19 -0.000262712  2.41443e-19  -0.00021076 -2.89932e-20  5.28247e-05 -5.85589e-20  6.14786e-05 -5.07617e-21   4.0419e-06  5.55832e-21 -5.39349e-06   8.3034e-22 -8.30293e-07
 2.10905e-21  1.08218e-05  -2.7196e-21 -0.000115168 -1.37052e-19  0.000629861  3.74287e-19  -0.00218668 -3.82805e-19   0.00516205  6.19899e-19  -0.00822696  -1.0321e-18    0.0076513  8.24704e-19 -0.000198458 -8.45423e-20   -0.0112301 -2.42411e-19    0.0166774 -5.74213e-19  -0.00870468   1.9314e-18  -0.00632652 -1.16315e-18    0.0125627 -1.75172e-18  -0.00394351  3.07655e-18  -0.00709201 -9.86775e-19   0.00655474 -1.80444e-18   0.00198903  1.59395e-18   -0.0050508  7.99429e-19  0.000290069 -1.38745e-18   0.00292563 -3.08611e-19 -0.000692312  1.05567e-18  -0.00144439  6.28023e-20   0.00043137 -6.37486e-19  0.000635081  1.96938e-20 -0.000141984  2.31219e-19 -0.000234419  2.14376e-20  4.19625e-06 -4.56559e-20  5.32089e-05 -8.68023e-21  1.18089e-05   2.0476e-21 -1.24144e-06  7.77584e-22
-1.72149e-06  1.14142e-20  3.34581e-05  -1.0977e-20 -0.000254147 -1.77253e-19   0.00115394  3.47753e-19  -0.00355678 -4.26409e-19   0.00778266  8.36988e-19    -0.011965 -1.11435e-18    0.0115936  5.43103e-19  -0.00316303  4.04206e-19   -0.0096852 -5.74213e-19    0.0158805 -1.02082e-18  -0.00784308  2.86268e-18  -0.00698893 -1.54234e-18    0.0121152 -2.02553e-18  -0.00258867  3.32311e-18  -0.00776627 -6.90217e-19   0.00573971 -2.23963e-18   0.00300852  1.43876e-18  -0.00485727   1.2612e-18 -0.000523434 -1.40917e-18   0.00300807 -6.30448e-19 -0.000189133  1.08511e-18  -0.00154909  2.79763e-19  0.000158947 -6.34162e-19   0.00067743  -8.6516e-20 -1.27384e-05  1.90053e-19 -0.000226208  5.79273e-20 -3.84969e-05 -2.75074e-20  3.54052e-05 -7.90415e-21  1.26566e-05  1.39966e-22  6.01412e-07
-2.79836e-21  -4.7287e-06  3.35867e-20  5.54604e-05 -1.63208e-20 -0.000345467 -1.89812e-19   0.00141636  3.00796e-19   -0.0041364 -5.11044e-19     0.008822  1.02229e-18   -0.0134887 -1.08738e-18    0.0133564  1.37984e-19  -0.00468355  1.08379e-18  -0.00870468 -1.02082e-18    0.0151805 -1.52522e-18  -0.00704828  3.74631e-18  -0.00751997 -1.83083e-18    0.0116168 -2.31388e-18  -0.00136395  3.49084e-18  -0.00823328 -2.89878e-19   0.00486637 -2.61039e-18   0.00386983  1.15862e-18  -0.00451094  1.69049e-18  -0.00127705 -1.31322e-18   0.00294606 -9.61571e-19  0.000307688  1.02967e-18  -0.00155209  4.80999e-19 -0.000115896 -5.58392e-19  0.000658505 -1.84813e-19  0.000109318  1.29215e-19 -0.000189088  7.15053e-20 -6.72322e-05 -1.10553e-20  1.40148e-05 -5.67329e-21  7.90991e-06  -5.1895e-22
 -9.3409e-08 -1.16136e-20  3.78707e-07  6.73582e-20  1.30955e-05 -1.96939e-20 -0.000158609 -1.46246e-19   0.00089708  2.25319e-19  -0.00318152 -5.88582e-19   0.00769999  1.18684e-18   -0.0128389 -1.03634e-18    0.0136244 -3.10351e-19  -0.00557982   1.9314e-18  -0.00784308 -1.52522e-18    0.0145319 -2.00208e-18  -0.00637859  4.44501e-18  -0.00793352 -1.95805e-18    0.0111078 -2.63086e-18 -0.000262538  3.53761e-18  -0.00853732  2.01428e-19   0.00396744 -2.87917e-18   0.00458114  7.80523e-19  -0.00404701  2.05348e-18  -0.00195217 -1.10028e-18   0.00275915 -1.28038e-18  0.000773202  9.00929e-19  -0.00146128  6.42485e-19 -0.000372093 -4.22113e-19  0.000583231 -2.56687e-19  0.000209878  6.39956e-20 -0.000130168  6.23907e-20 -7.65736e-05 -2.20436e-22 -3.27553e-06  -3.6582e-21  2.25394e-06
 8.67949e-22 -4.15524e-06 -3.07007e-20  4.09927e-05  1.06078e-19 -0.000196128 -5.05418e-20  0.000528563  -8.7975e-21 -0.000661254  8.89529e-20 -0.000682256 -6.54248e-19   0.00493374   1.3886e-18   -0.0109759 -1.06694e-18    0.0133237 -7.47838e-19  -0.00632652  2.86268e-18  -0.00704828 -2.00208e-18    0.0139988 -2.37471e-18  -0.00582906  4.86917e-18  -0.00827616 -1.89091e-18    0.0106072 -2.95785e-18  0.000734417   3.4334e-18  -0.00871153  7.52522e-19   0.00306281 -3.04154e-18   0.00515271  3.44008e-19  -0.00349397  2.34272e-18  -0.00253699  -7.9223e-19   0.00246692 -1.55793e-18   0.00118762  7.10827e-19  -0.00128787  7.52274e-19 -0.000591373 -2.47513e-19   0.00046075 -2.85301e-19  0.000276938    8.912e-21 -6.02958e-05  4.09195e-20 -6.53077e-05   5.6427e-21 -1.00278e-05 -1.70179e-21
  1.0705e-06  2.96974e-21 -2.02365e-05  -6.2237e-20  0.000146467  1.54039e-19  -0.00061513 -1.61586e-19   0.00166941  2.49633e-19  -0.00290318 -1.13019e-19   0.00253559 -7.46232e-19   0.00166022  1.67343e-18  -0.00889077 -1.22584e-18     0.012949 -1.16315e-18  -0.00698893  3.74631e-18  -0.00637859 -2.37471e-18    0.0135815 -2.60228e-18  -0.00535866  5.01544e-18  -0.00857472 -1.65393e-18    0.0101173 -3.26337e-18   0.00164256  3.19303e-18  -0.00877974  1.32551e-18   0.00216562 -3.12381e-18   0.00559516 -1.23539e-19  -0.00287485  2.57321e-18  -0.00302423 -4.29062e-19   0.00208816 -1.75993e-18   0.00153524  4.65974e-19  -0.00104545  8.04328e-19 -0.000758288 -6.30591e-20  0.000303996 -2.63363e-19  0.000301826 -2.64984e-20  6.61196e-06   2.1505e-20 -3.88789e-05  8.39556e-21 -6.47208e-06
 1.03808e-21  4.49286e-06  8.75598e-21 -5.02537e-05  -1.0755e-19  0.000292281  2.34654e-19  -0.00109195 -3.85264e-19   0.00280985  6.08399e-19  -0.00497019 -3.28463e-19   0.00538002 -8.94274e-19  -0.00120108  2.03379e-18  -0.00703661   -1.476e-18    0.0125627 -1.54234e-18  -0.00751997  4.44501e-18  -0.00582906 -2.60228e-18    0.0132427 -2.69337e-18  -0.00494399  4.96196e-18  -0.00883911 -1.30608e-18   0.00963968 -3.53966e-18   0.00247399  2.87618e-18  -0.00876081  1.88774e-18   0.00128418 -3.16171e-18   0.00591869 -6.16666e-19  -0.00220814  2.76034e-18  -0.00340945 -5.20048e-20   0.00164064 -1.85829e-18   0.00180344  1.71245e-19 -0.000749661  7.93746e-19 -0.000860281  9.85727e-20  0.000129524 -1.99547e-19  0.000280614   -4.023e-20  5.46214e-05  1.17476e-20 -1.10316e-05  7.21567e-21
-3.31278e-07  3.90813e-21  7.34287e-06  2.29884e-20 -6.49823e-05 -1.67455e-19  0.000347901  3.64388e-19  -0.00127094 -6.87329e-19   0.00330256  9.83975e-19  -0.00605907  -4.8421e-19   0.00719829 -1.07451e-18  -0.00336003  2.41772e-18   -0.0054184 -1.75172e-18    0.0121152 -1.83083e-18  -0.00793352  4.86917e-18  -0.00535866 -2.69337e-18    0.0129619 -2.70021e-18  -0.00457754  4.82221e-18   -0.0090783 -9.08447e-19   0.00917624 -3.81007e-18   0.00324022   2.5586e-18  -0.00866937  2.41942e-18  0.000423092 -3.17677e-18   0.00613225 -1.13897e-18  -0.00150867  2.89977e-18  -0.00368971  3.18317e-19   0.00114126 -1.84264e-18   0.00198195 -1.58231e-19  -0.00041815  7.17363e-19 -0.000887983  2.06137e-19  -4.2513e-05 -1.17787e-19  0.000215941 -3.91399e-20  6.93799e-05  7.69093e-21  2.89236e-06
-1.07398e-21  9.02219e-07  7.86428e-21 -6.24745e-06  4.80988e-20  6.47485e-06  -2.3314e-19  0.000121222  5.13044e-19 -0.000812645 -9.69576e-19   0.00276039  1.27152e-18  -0.00592589 -5.57562e-19   0.00798922 -1.21716e-18   -0.0049529  2.77281e-18  -0.00394351 -2.02553e-18    0.0116168 -1.95805e-18  -0.00827616  5.01544e-18  -0.00494399 -2.70021e-18    0.0127345 -2.68996e-18  -0.00425206  4.69275e-18  -0.00930152  -5.0684e-19   0.00872692  -4.1052e-18   0.00395193  2.29785e-18  -0.00851614  2.92439e-18  -0.00041545 -3.17208e-18   0.00624306 -1.68168e-18 -0.000788606  2.96505e-18  -0.00386266    6.893e-19  0.000606535  -1.7183e-18   0.00206228 -4.84553e-19 -7.09872e-05  5.76624e-19 -0.000835943  2.41306e-19 -0.000188785 -4.75855e-20  0.000120461 -3.45352e-20  4.93735e-05  3.10816e-21
-5.02627e-07 -3.78465e-21  9.13772e-06  1.03737e-20 -6.17251e-05  7.42594e-20  0.000228699 -2.73924e-19 -0.000476176   6.0423e-19  0.000307694 -1.13151e-18   0.00133171  1.41828e-18  -0.00489107 -6.08118e-19   0.00808936 -1.25862e-18  -0.00616729  3.07655e-18  -0.00258867 -2.31388e-18    0.0111078 -1.89091e-18  -0.00857472  4.96196e-18  -0.00457754 -2.68996e-18    0.0125555   -2.711e-18  -0.00395949  4.62962e-18   -0.0095157 -1.30063e-19   0.00829023 -4.44186e-18   0.00461846  2.11112e-18  -0.00830864  3.43585e-18  -0.00123076 -3.14542e-18   0.00625645 -2.21581e-18 -5.82672e-05  2.91938e-18  -0.00392584  1.07977e-18  5.32222e-05 -1.49243e-18   0.00203757 -7.46629e-19  0.000268733  3.82325e-19 -0.000704389  2.09789e-19 -0.000283511 -7.64507e-21  2.32934e-05 -3.01856e-20  1.67442e-05
  -4.263e-23 -2.67323e-06 -8.81816e-21  2.91485e-05  1.24899e-20  -0.00016233  7.62435e-20  0.000564463 -2.44916e-19  -0.00128026  5.69874e-19   0.00172388 -1.13791e-18 -0.000460656  1.45793e-18  -0.00345091 -7.32143e-19   0.00779698 -1.17865e-18  -0.00709201  3.32311e-18  -0.00136395 -2.63086e-18    0.0106072 -1.65393e-18  -0.00883911  4.82221e-18  -0.00425206   -2.711e-18    0.0124191 -2.78186e-18  -0.00369379  4.65765e-18  -0.00972614  2.03053e-19   0.00786411 -4.82667e-18   0.00524809  1.97326e-18   -0.0080518  3.99745e-18  -0.00202304 -3.09329e-18   0.00617569 -2.70758e-18  0.000672975  2.72556e-18  -0.00387627  1.49106e-18 -0.000500709 -1.16752e-18   0.00190286 -8.80485e-19  0.000573839  1.63766e-19 -0.000501891  1.44521e-19 -0.000300104  6.35616e-21 -3.38563e-05 -2.00013e-20
   2.796e-07  4.26757e-23 -5.93832e-06 -1.67637e-20  4.96484e-05  2.30066e-20 -0.000247941   2.8609e-20  0.000831392 -1.20305e-19  -0.00192537  4.05321e-19   0.00292535 -1.02669e-18  -0.00211516  1.47095e-18  -0.00194443 -9.87863e-19   0.00726086 -9.86775e-19  -0.00776627  3.49084e-18 -0.000262538 -2.95785e-18    0.0101173 -1.30608e-18   -0.0090783  4.69275e-18  -0.00395949 -2.78186e-18    0.0123214 -2.90608e-18  -0.00345033  4.79146e-18   -0.0099375  4.78889e-19   0.00744598 -5.27122e-18    0.0058482   1.8345e-18  -0.00774817  4.62296e-18  -0.00279284 -2.99112e-18   0.00600189 -3.14404e-18   0.00139584  2.34935e-18  -0.00371021  1.88551e-18  -0.00103486 -7.53641e-19   0.00165585 -8.52317e-19  0.000812396 -2.72091e-20 -0.000248943  9.14425e-20 -0.000226321  1.13206e-20 -3.19292e-05
  6.5772e-22  7.39498e-09   1.1817e-21 -2.44722e-06 -2.82681e-20  3.20625e-05  5.08114e-20 -0.000203724 -6.94321e-20   0.00079955  7.87679e-20   -0.0020876   1.6611e-19   0.00358506 -8.54482e-19  -0.00339151  1.51383e-18 -0.000508538 -1.36435e-18   0.00655474 -6.90217e-19  -0.00823328  3.53761e-18  0.000734417 -3.26337e-18   0.00963968 -9.08447e-19  -0.00930152  4.62962e-18  -0.00369379 -2.90608e-18    0.0122601   -3.088e-18  -0.00322503  5.04479e-18   -0.0101539   7.0158e-19   0.00703265 -5.79463e-18   0.00642537   1.6455e-18  -0.00739814   5.2705e-18  -0.00354061 -2.77402e-18    0.0057339 -3.54204e-18   0.00210014  1.77079e-18   -0.0034231  2.18421e-18  -0.00152506  -2.8579e-19   0.00129902 -6.81286e-19  0.000948644 -1.39029e-19  9.52547e-06  7.27866e-20 -0.000100134  1.30008e-20
 2.16618e-07  1.98689e-21   -3.744e-06  4.25898e-21  2.29376e-05 -4.12666e-20 -6.79984e-05  8.94459e-20  5.29112e-05 -1.84718e-19  0.000369867  2.93999e-19   -0.0016943 -8.65705e-20   0.00367284 -6.43959e-19  -0.00426957  1.58287e-18  0.000811563 -1.80444e-18   0.00573971 -2.89878e-19  -0.00853732   3.4334e-18   0.00164256 -3.53966e-18   0.00917624  -5.0684e-19   -0.0095157  4.65765e-18  -0.00345033   -3.088e-18    0.0122334 -3.33131e-18  -0.00301431  5.42186e-18    -0.010379  9.17329e-19   0.00662043 -6.40869e-18   0.00698539  1.37259e-18  -0.00700006  5.86399e-18  -0.00426623 -2.35277e-18   0.00536822 -3.92512e-18   0.00277368  1.01071e-18  -0.00301017  2.28984e-18   -0.0019414  1.72785e-19  0.000844538 -4.38813e-19  0.000941182 -1.63661e-19  0.000188284  6.58529e-20  -8.2086e-06
-3.47388e-22  1.32939e-06  3.80187e-21 -1.42302e-05  7.44212e-21  7.63917e-05  -4.6995e-20 -0.000247131  1.13181e-19  0.000476247 -2.69109e-19 -0.000340115  4.67637e-19  -0.00091446 -3.29952e-19   0.00333321 -3.81993e-19  -0.00480422  1.62905e-18   0.00198903 -2.23963e-18   0.00486637  2.01428e-19  -0.00871153  3.19303e-18   0.00247399 -3.81007e-18   0.00872692 -1.30063e-19  -0.00972614  4.79146e-18  -0.00322503 -3.33131e-18    0.0122402 -3.63352e-18  -0.00281498  5.90638e-18   -0.0106164  1.21291e-18   0.00620504 -7.09975e-18   0.00753337   9.9656e-19  -0.00655015  6.34986e-18  -0.00496848 -1.65942e-18   0.00489894 -4.28246e-18   0.00340061  1.47458e-19  -0.00246731  2.13076e-18  -0.00224494  5.38652e-19  0.000317863 -2.27981e-19  0.000748735 -1.43287e-19  0.000205708  4.10788e-20
-1.52978e-07 -1.15371e-21  3.25147e-06  6.10031e-21 -2.69439e-05  4.94143e-21  0.000131586 -3.21978e-20 -0.000422246  9.40655e-20  0.000895369 -2.88849e-19  -0.00108677  5.69533e-19  9.33052e-06 -5.73339e-19   0.00272627 -5.08451e-20  -0.00504882  1.59395e-18   0.00300852 -2.61039e-18   0.00396744  7.52522e-19  -0.00877974  2.87618e-18   0.00324022  -4.1052e-18   0.00829023  2.03053e-19   -0.0099375  5.04479e-18  -0.00301431 -3.63352e-18    0.0122803 -3.99533e-18  -0.00262411  6.47048e-18   -0.0108695  1.66312e-18   0.00578147 -7.82236e-18   0.00807374  4.99504e-19  -0.00604241  6.73541e-18  -0.00564428 -6.82478e-19   0.00431754 -4.53773e-18   0.00395945 -7.06051e-19  -0.00179226  1.70126e-18  -0.00238843  7.25953e-19 -0.000231942  -1.3083e-19  0.000394598 -1.14325e-19  9.69886e-05
-1.29809e-22  -8.5994e-08 -2.67554e-21  2.30598e-06  9.84434e-21 -2.32259e-05 -8.58428e-21  0.000131041  9.87948e-21 -0.000472596  2.42771e-20   0.00112703 -2.36104e-19  -0.00166248  5.94436e-19  0.000898489 -8.23408e-19   0.00196674  3.49729e-19   -0.0050508  1.43876e-18   0.00386983 -2.87917e-18   0.00306281  1.32551e-18  -0.00876081   2.5586e-18   0.00395193 -4.44186e-18   0.00786411  4.78889e-19   -0.0101539  5.42186e-18  -0.00281498 -3.99533e-18    0.0123539  -4.4364e-18  -0.00243884  7.10317e-18   -0.0111416  2.26732e-18   0.00534383 -8.51166e-18    0.0086101  -1.5405e-19   -0.0054683  7.06312e-18  -0.00628793  5.26569e-19   0.00361307 -4.54731e-18   0.00442146 -1.44533e-18   -0.0009913     1.08e-18  -0.00231674  7.01764e-19 -0.000682473 -1.32831e-19  4.99431e-05 -7.64526e-20
  -9.476e-08 -2.80817e-22  1.57427e-06 -4.81342e-21 -8.81522e-06  1.52422e-20  1.94444e-05 -3.02791e-20  2.83853e-05   6.9605e-20 -0.000328864 -7.89084e-20   0.00108859 -1.17982e-19  -0.00197838  5.45292e-19   0.00166178 -1.06424e-18    0.0011346  7.99429e-19  -0.00485727  1.15862e-18   0.00458114 -3.04154e-18   0.00216562  1.88774e-18  -0.00866937  2.29785e-18   0.00461846 -4.82667e-18   0.00744598   7.0158e-19    -0.010379  5.90638e-18  -0.00262411  -4.4364e-18    0.0124618 -4.99278e-18  -0.00225632  7.82257e-18   -0.0114364  2.95135e-18   0.00488508 -9.10861e-18    0.0091452 -1.03126e-18  -0.00481648  7.33181e-18  -0.00688974  1.85445e-18   0.00277351 -4.14631e-18   0.00474426  -1.9744e-18 -8.90252e-05  4.49033e-19  -0.00194687  5.50882e-19 -0.000822334 -1.34838e-19 -8.00515e-05
 2.04422e-22 -5.90163e-07 -3.43376e-22   6.2901e-06 -6.40261e-21 -3.31125e-05  1.85495e-20  0.000101373 -4.67854e-20 -0.000163548  1.23705e-19 -2.27667e-05 -1.88099e-19  0.000814893  5.64163e-20  -0.00204018  4.24256e-19   0.00226032 -1.26356e-18  0.000290069   1.2612e-18  -0.00451094  7.80523e-19   0.00515271 -3.12381e-18   0.00128418  2.41942e-18  -0.00851614  2.11112e-18   0.00524809 -5.27122e-18   0.00703265  9.17329e-19   -0.0106164  6.47048e-18  -0.00243884 -4.99278e-18    0.0126057 -5.68884e-18   -0.0020736  8.63754e-18   -0.0117577  3.64946e-18   0.00439674 -9.57222e-18   0.00968047 -2.21113e-18  -0.00407231  7.42892e-18  -0.00743291  3.12423e-18   0.00178477 -3.24679e-18    0.0048655 -2.16596e-18  0.000877273  6.87287e-20  -0.00120784  4.16348e-19 -0.000560716 -7.91449e-20
 6.37234e-08  5.70707e-22 -1.39785e-06 -5.23744e-22  1.18619e-05 -5.02318e-21 -5.85691e-05  1.24339e-20  0.000185908 -4.20222e-20 -0.000371441  1.48404e-19  0.000344999 -2.82442e-19  0.000398089  2.75466e-19  -0.00189214  2.34738e-19   0.00268072 -1.38745e-18 -0.000523434  1.69049e-18  -0.00404701  3.44008e-19   0.00559516 -3.16171e-18  0.000423092  2.92439e-18  -0.00830864  1.97326e-18    0.0058482 -5.79463e-18   0.00662043  1.21291e-18   -0.0108695  7.10317e-18  -0.00225632 -5.68884e-18    0.0127878 -6.50293e-18  -0.00188745  9.48133e-18   -0.0121097  4.38383e-18   0.00386823 -9.85789e-18    0.0102154 -3.70551e-18  -0.00321623  7.13864e-18  -0.00789287   4.1257e-18  0.000631877 -1.93852e-18   0.00471504 -1.92221e-18    0.0018078  7.37488e-20 -0.000271536  3.27777e-19 -0.000167015
-2.13377e-23  1.47953e-08   1.0422e-21 -8.64215e-07 -1.34113e-21  1.00779e-05  1.20032e-21 -5.99592e-05 -8.21058e-21  0.000219187 -8.30438e-21 -0.000510417  1.30264e-19  0.000673015 -3.50573e-19 -7.16529e-05  5.17685e-19  -0.00158565 -1.44101e-20   0.00292563 -1.40917e-18  -0.00127705  2.05348e-18  -0.00349397 -1.23539e-19   0.00591869 -3.17677e-18  -0.00041545  3.43585e-18   -0.0080518   1.8345e-18   0.00642537 -6.40869e-18   0.00620504  1.66312e-18   -0.0111416  7.82257e-18   -0.0020736 -6.50293e-18    0.0130111 -7.35348e-18  -0.00169413  1.01964e-17   -0.0124968  5.25579e-18   0.00328629 -9.88965e-18    0.0107478 -5.36549e-18  -0.00222513  6.24739e-18  -0.00823401   4.6906e-18 -0.000677126 -5.35182e-19   0.00419003 -1.37463e-18   0.00236844  2.62186e-19  0.000349888  2.23649e-19
 4.20787e-08 -4.46507e-23 -7.00509e-07  1.30948e-21  3.88261e-06 -2.48969e-21 -7.90387e-06  1.07261e-20  -1.8253e-05 -4.03433e-20  0.000169106  4.95739e-20 -0.000533538  6.76233e-20  0.000899766 -3.82752e-19 -0.000527526  7.50838e-19  -0.00117062 -3.08611e-19   0.00300807 -1.31322e-18  -0.00195217  2.34272e-18  -0.00287485 -6.16666e-19   0.00613225 -3.17208e-18  -0.00123076  3.99745e-18  -0.00774817   1.6455e-18   0.00698539 -7.09975e-18   0.00578147  2.26732e-18   -0.0114364  8.63754e-18  -0.00188745 -7.35348e-18    0.0132797 -8.12421e-18  -0.00148938  1.06183e-17   -0.0129246   6.3626e-18   0.00263489 -9.57743e-18    0.0112701 -6.88398e-18  -0.00107322   4.6966e-18  -0.00838547  4.72487e-18  -0.00211491  4.69001e-19   0.00306451  -8.9339e-19   0.00208498   3.1776e-19   0.00033628
-8.26965e-23  2.28672e-07  6.92423e-23 -2.49321e-06  6.13619e-22   1.3333e-05 -1.78576e-21 -4.06627e-05  1.79929e-20  6.01128e-05 -7.27797e-20  4.56593e-05  1.18848e-19 -0.000442726 -3.36543e-20   0.00100385 -3.65107e-19 -0.000924544    9.396e-19 -0.000692312 -6.30448e-19   0.00294606 -1.10028e-18  -0.00253699  2.57321e-18  -0.00220814 -1.13897e-18   0.00624306 -3.14542e-18  -0.00202304  4.62296e-18  -0.00739814  1.37259e-18   0.00753337 -7.82236e-18   0.00534383  2.95135e-18   -0.0117577  9.48133e-18  -0.00169413 -8.12421e-18    0.0135989 -8.73086e-18  -0.00126805  1.06949e-17   -0.0133978  7.71935e-18   0.00189189 -8.85988e-18     0.011765 -7.95679e-18   0.00028329  2.66644e-18   -0.0082478  4.21706e-18  -0.00368307  6.90013e-19   0.00121535 -6.83151e-19   0.00104007  1.86037e-19
-1.89552e-08 -2.56242e-22  4.55987e-07  6.59607e-22 -4.18158e-06 -2.05799e-21  2.19324e-05  3.72406e-21  -7.2405e-05  1.64057e-20  0.000144922 -9.15092e-20 -0.000111678   1.8495e-19 -0.000269401 -1.63876e-19  0.000988982 -2.83722e-19  -0.00123488  1.05567e-18 -0.000189133 -9.61571e-19   0.00275915  -7.9223e-19  -0.00302423  2.76034e-18  -0.00150867 -1.68168e-18   0.00625645 -3.09329e-18  -0.00279284   5.2705e-18  -0.00700006   9.9656e-19   0.00807374 -8.51166e-18   0.00488508  3.64946e-18   -0.0121097  1.01964e-17  -0.00148938 -8.73086e-18    0.0139751 -9.20233e-18  -0.00102275  1.05247e-17   -0.0139231  9.23091e-18    0.0010259 -7.72569e-18    0.0122178 -8.50061e-18   0.00189069  5.75958e-19  -0.00774097  3.42143e-18  -0.00516227   3.4497e-19 -0.000707613 -5.35418e-19  0.000131071
 4.41336e-23  2.18022e-08  -5.5874e-22  6.34295e-08  1.93986e-21 -2.65806e-06 -6.86639e-21   2.0292e-05  1.48738e-20 -8.27148e-05  2.03006e-21  0.000202321 -8.54527e-20 -0.000259707  2.34458e-19 -5.29096e-05 -3.10011e-19  0.000872303  -1.3568e-19  -0.00144439  1.08511e-18  0.000307688 -1.28038e-18   0.00246692 -4.29062e-19  -0.00340945  2.89977e-18 -0.000788606 -2.21581e-18   0.00617569 -2.99112e-18  -0.00354061  5.86399e-18  -0.00655015  4.99504e-19    0.0086101 -9.10861e-18   0.00439674  4.38383e-18   -0.0124968  1.06183e-17  -0.00126805 -9.20233e-18    0.0144175 -9.70681e-18 -0.000745394  1.03002e-17   -0.0145112  1.06894e-17  7.02914e-06 -6.25822e-18    0.0125905 -8.62522e-18   0.00372566 -8.72076e-19  -0.00661347  2.94931e-18  -0.00563462  1.01935e-19  -0.00146769 -3.64359e-19
 -1.6847e-08   1.1962e-22  2.94646e-07 -8.95029e-22 -1.76577e-06  3.32929e-21  4.46149e-06 -1.19729e-20  3.13813e-06  2.87135e-20 -6.12064e-05 -2.49577e-20  0.000213046       -5e-20 -0.000367721  2.56299e-19  0.000170662 -4.53862e-19  0.000677706  6.28023e-20  -0.00154909  1.02967e-18  0.000773202 -1.55793e-18   0.00208816 -5.20048e-20  -0.00368971  2.96505e-18 -5.82672e-05 -2.70758e-18   0.00600189 -2.77402e-18  -0.00426623  6.34986e-18  -0.00604241  -1.5405e-19    0.0091452 -9.57222e-18   0.00386823  5.25579e-18   -0.0129246  1.06949e-17  -0.00102275 -9.70681e-18    0.0149372 -1.04406e-17 -0.000427402  1.01914e-17   -0.0151598   1.1777e-17  -0.00120937 -4.62941e-18    0.0127546 -8.20161e-18   0.00584381  -7.9888e-19  -0.00417125   3.1679e-18  -0.00413348  1.40126e-19 -0.000844732
 6.67757e-24 -6.95579e-08  1.73469e-22  8.12418e-07   -8.941e-22 -4.65974e-06  3.28729e-21  1.52968e-05 -1.39671e-20  -2.5028e-05  3.98784e-20 -1.32565e-05 -6.05097e-20  0.000176392  1.13643e-20 -0.000420511  2.43658e-19  0.000372365 -5.71455e-19   0.00043137  2.79763e-19  -0.00155209  9.00929e-19   0.00118762 -1.75993e-18   0.00164064  3.18317e-19  -0.00386266  2.91938e-18  0.000672975 -3.14404e-18    0.0057339 -2.35277e-18  -0.00496848  6.73541e-18   -0.0054683 -1.03126e-18   0.00968047 -9.85789e-18   0.00328629   6.3626e-18   -0.0133978  1.05247e-17 -0.000745394 -1.04406e-17    0.0155448 -1.14229e-17 -4.52403e-05  1.01271e-17   -0.0158709  1.21924e-17  -0.00274851 -2.88697e-18     0.012616  -6.7747e-18   0.00851126  9.49086e-19 -0.000230533  3.42804e-18   -0.0014516  1.04749e-19
 2.65329e-09  1.84848e-23 -9.04593e-08  9.40686e-23  1.03785e-06 -6.01828e-23 -6.37558e-06  3.23029e-22  2.37374e-05 -9.96293e-21 -5.25177e-05  4.34933e-20  4.55962e-05 -9.70407e-20  0.000104189  8.72815e-20  -0.00041546  1.95808e-19  0.000531443 -6.37486e-19  0.000158947  4.80999e-19  -0.00146128  7.10827e-19   0.00153524 -1.85829e-18   0.00114126    6.893e-19  -0.00392584  2.72556e-18   0.00139584 -3.54204e-18   0.00536822 -1.65942e-18  -0.00564428  7.06312e-18  -0.00481648 -2.21113e-18    0.0102154 -9.88965e-18   0.00263489  7.71935e-18   -0.0139231  1.03002e-17 -0.000427402 -1.14229e-17    0.0162686 -1.24062e-17  0.000429057  9.68235e-18   -0.0167025  1.18986e-17  -0.00467751 -1.09363e-18    0.0122167 -4.66968e-18    0.0111986  2.73512e-18   0.00328691  2.66591e-18  0.000192942
-6.11203e-24 -1.91148e-08  2.68893e-23  1.17279e-07  -1.3486e-22  1.08249e-07  1.68068e-21 -4.31977e-06 -5.53062e-21  2.37631e-05  4.02468e-22 -6.80174e-05  3.71195e-20  9.86188e-05  -1.2443e-19  1.34893e-05  1.61287e-19  -0.00035887  1.17989e-19  0.000635081 -6.34162e-19 -0.000115896  6.42485e-19  -0.00128787  4.65974e-19   0.00180344 -1.84264e-18  0.000606535  1.07977e-18  -0.00387627  2.34935e-18   0.00210014 -3.92512e-18   0.00489894 -6.82478e-19  -0.00628793  7.33181e-18  -0.00407231 -3.70551e-18    0.0107478 -9.57743e-18   0.00189189  9.23091e-18   -0.0145112  1.01914e-17 -4.52403e-05 -1.24062e-17    0.0171398 -1.29282e-17  0.000978028   8.4885e-18   -0.0176138  1.08064e-17  -0.00687694   -5.758e-19     0.010842 -3.94003e-18    0.0114869  2.49173e-18   0.00377712   1.4945e-18
  4.9607e-09  3.89904e-25 -9.54446e-08 -3.01361e-23  6.53912e-07 -2.74727e-22 -2.16956e-06  3.59441e-21  1.92866e-06 -1.22496e-20   1.3761e-05  1.45643e-20 -6.60925e-05  2.10533e-20  0.000133584 -1.32962e-19 -7.83916e-05  2.16683e-19 -0.000262712  1.96938e-20   0.00067743 -5.58392e-19 -0.000372093  7.52274e-19  -0.00104545  1.71245e-19   0.00198195  -1.7183e-18  5.32222e-05  1.49106e-18  -0.00371021  1.77079e-18   0.00277368 -4.28246e-18   0.00431754  5.26569e-19  -0.00688974  7.42892e-18  -0.00321623 -5.36549e-18    0.0112701 -8.85988e-18    0.0010259  1.06894e-17   -0.0151598  1.01271e-17  0.000429057 -1.29282e-17    0.0181407 -1.23299e-17   0.00167526  6.64276e-18   -0.0183693  7.85598e-18  -0.00987358 -4.06983e-18   0.00638996 -6.17849e-18    0.0074835  7.48655e-19   0.00171173
-5.95113e-24  1.28578e-08  5.17344e-23  -1.7852e-07 -2.62122e-22  1.20261e-06  4.70883e-23 -4.66798e-06  4.46999e-21  9.84654e-06 -1.68444e-20 -2.86987e-06  2.81568e-20 -4.79375e-05 -2.05457e-21  0.000144508 -1.17401e-19 -0.000156711  2.41443e-19 -0.000141984  -8.6516e-20  0.000658505 -4.22113e-19 -0.000591373  8.04328e-19 -0.000749661 -1.58231e-19   0.00206228 -1.49243e-18 -0.000500709  1.88551e-18   -0.0034231  1.01071e-18   0.00340061 -4.53773e-18   0.00361307  1.85445e-18  -0.00743291  7.13864e-18  -0.00222513 -6.88398e-18     0.011765 -7.72569e-18  7.02914e-06   1.1777e-17   -0.0158709  9.68235e-18  0.000978028 -1.23299e-17    0.0193653 -1.01784e-17   0.00284486  4.15301e-18   -0.0192007  1.74649e-18   -0.0150009 -1.15766e-17  -0.00147616 -8.77433e-18   0.00178441  1.33549e-19
