 2.13381e-34 -1.61547e-49 -1.87577e-34  -6.7694e-48 -2.64613e-35  2.61375e-47  3.22547e-35 -8.33153e-46 -3.86083e-35  4.67628e-45   3.0806e-35  5.27029e-45 -2.10947e-35  2.32203e-44 -6.07949e-36  2.28493e-43  1.40651e-34 -1.77053e-43 -1.16663e-33  7.59055e-43  8.49463e-33 -7.10672e-43   -5.421e-32  2.59515e-42  3.04227e-31 -4.13523e-42 -1.50897e-30  4.48604e-42  6.64098e-30  1.39697e-41  -2.6005e-29 -1.05473e-40  9.07666e-29  4.77349e-40  -2.8262e-28 -2.02118e-39  7.84952e-28  7.86811e-39 -1.94255e-27 -2.83085e-38  4.27408e-27  9.40904e-38  -8.3317e-27 -2.89391e-37  1.43152e-26  8.24531e-37 -2.15174e-26 -2.17812e-36  2.79885e-26  5.33743e-36 -3.09882e-26 -1.21347e-35  2.84268e-26  2.55915e-35 -2.05435e-26 -5.00363e-35   1.0347e-26   9.0612e-35 -1.96676e-27 -1.51771e-34 -2.04581e-27  2.34681e-34  2.14343e-27 -3.34185e-34 -7.05366e-28  4.36867e-34 -2.59559e-28 -5.22168e-34  3.23965e-28  5.67644e-34 -6.03867e-29 -5.57247e-34 -6.13738e-29   4.8899e-34  3.10499e-29 -3.77558e-34  6.79875e-30  2.49528e-34 -7.57532e-30  -1.3311e-34 -3.22039e-31  4.77838e-35  1.32631e-30   8.5882e-37  1.10022e-32 -1.92555e-35 -2.02462e-31  1.94984e-35 -3.39586e-33 -1.28398e-35  2.39334e-32  6.20308e-36  1.91776e-33  -2.0848e-36 -1.99386e-33  3.04315e-37 -4.59486e-34  1.62052e-37   1.2976e-34 -1.50651e-37  3.65469e-35  6.60109e-38  4.91215e-38 -1.78878e-38 -2.39408e-36  2.40379e-39 -1.50381e-37  2.75684e-40  2.02834e-38 -2.18632e-40  1.18715e-38  5.04733e-41  8.10297e-40 -5.34863e-42 -1.94763e-40 -3.28156e-44 -7.37477e-42   7.8784e-44 -4.75939e-43 -8.66725e-45 -1.56903e-44  3.38353e-46  5.17514e-45 -6.61743e-50  9.73443e-47   -1.352e-49
-1.61547e-49  5.15237e-34 -4.88085e-48 -3.14805e-34 -1.19629e-46 -8.83029e-36  3.49627e-46  7.42835e-35 -1.04604e-44 -5.55334e-35  5.08004e-44    3.448e-35  4.44281e-44   1.8808e-35  1.82482e-43 -6.00871e-34  1.89509e-42  5.66534e-33 -1.32153e-42 -4.45385e-32  5.34363e-42  3.04411e-31 -3.48731e-42 -1.82383e-30  1.55626e-41  9.63521e-30 -1.39727e-41 -4.50884e-29 -2.61155e-41  1.87518e-28  3.42037e-40 -6.94677e-28  -1.8353e-39  2.29538e-27   8.0298e-39  -6.7674e-27 -3.25573e-38  1.77924e-26  1.21532e-37 -4.16485e-26 -4.19176e-37  8.65573e-26  1.33732e-36 -1.59038e-25 -3.95281e-36  2.56747e-25  1.08367e-35  -3.6094e-25 -2.75788e-35  4.36058e-25  6.51872e-35  -4.4346e-25 -1.43128e-34   3.6632e-25  2.91851e-34 -2.28257e-25 -5.52336e-34  8.54557e-26  9.69156e-34  8.24718e-27 -1.57427e-33 -3.60777e-26  2.36256e-33  2.18794e-26  -3.2673e-33 -1.73382e-27  4.15033e-33 -5.57396e-27 -4.82263e-33  2.93254e-27  5.09933e-33  3.73543e-28 -4.87255e-33 -8.34771e-28  4.16687e-33  1.21144e-28 -3.14291e-33  1.55717e-28  2.03968e-33 -4.73868e-29 -1.08288e-33 -2.34717e-29   4.0766e-34   9.2878e-30 -3.30199e-35  3.50637e-30 -1.09094e-34 -1.34068e-30  1.18276e-34 -4.80984e-31 -7.85258e-35  1.24431e-31  3.80351e-35  5.91166e-32 -1.30937e-35 -4.94605e-33  2.34493e-36  -5.7517e-33  5.81558e-37 -2.10569e-34 -6.81513e-37  2.90285e-34  3.03448e-37  5.75621e-35 -8.11595e-38 -7.07413e-36  1.08955e-38 -2.43918e-36  9.33397e-40 -2.43667e-37 -7.87242e-40  4.62905e-38  1.69211e-40   9.0171e-39 -1.60193e-41 -1.16014e-41 -1.73535e-43 -2.85505e-41  1.96513e-43 -4.70886e-42 -1.81727e-44  -2.6223e-43  6.52094e-46  6.90902e-45 -8.22024e-48  1.92463e-46
-1.87577e-34 -4.88085e-48     7.12e-34 -7.97476e-47 -4.11017e-34 -1.29905e-45 -8.18588e-36  2.89681e-45  1.17689e-34 -8.64037e-44 -4.30888e-35  3.68631e-43 -1.07758e-34  2.44338e-43  1.82157e-33  1.00166e-42 -1.86325e-32  1.05181e-41  1.58206e-31 -6.51916e-42 -1.16041e-30  2.51693e-41  7.43316e-30 -8.10825e-42 -4.18712e-29  4.84038e-41  2.08503e-28  7.48086e-41  -9.2144e-28 -7.91311e-40  3.62406e-27    4.714e-39 -1.27079e-26 -2.23232e-38  3.97628e-26  9.36783e-38 -1.11011e-25 -3.62926e-37  2.76239e-25   1.2965e-36  -6.1136e-25 -4.28218e-36  1.19923e-24  1.30978e-35 -2.07437e-24 -3.71583e-35  3.14081e-24  9.78962e-35 -4.11812e-24  -2.3973e-34  4.60043e-24  5.45966e-34 -4.26423e-24 -1.15657e-33  3.12212e-24  2.27847e-33 -1.60439e-24 -4.17141e-33  3.29088e-25  7.08912e-33  3.01409e-25  -1.1165e-32 -3.32735e-25  1.62604e-32  1.15926e-25 -2.18379e-32   3.7212e-26  2.69531e-32 -5.13159e-26 -3.04431e-32  1.07754e-26  3.13003e-32   9.4374e-27 -2.90955e-32 -5.21564e-27  2.42268e-32 -9.45783e-28 -1.78261e-32   1.2506e-27  1.13341e-32  2.26892e-29 -5.96079e-33 -2.22709e-28   2.3116e-33  5.35201e-30 -3.43535e-34  3.37228e-29 -4.02285e-34 -2.75112e-31  4.82139e-34 -4.09605e-30 -3.23953e-34 -2.62196e-31  1.57175e-34  3.78322e-31 -5.49613e-35  6.50737e-32  1.10866e-35 -2.27215e-32   1.1767e-36 -6.79469e-33 -2.09121e-36  3.26757e-34  9.50736e-37  3.86914e-34 -2.49778e-37  3.46991e-35  3.27956e-38 -6.79985e-36  2.28177e-39 -2.12368e-36 -1.94828e-39 -6.34862e-38  3.83055e-40  2.49339e-38 -3.16348e-41    2.374e-39 -5.31202e-43  1.07656e-40  3.23792e-43 -7.49123e-42 -2.52928e-44 -8.06851e-43  9.28874e-46 -4.64826e-45 -1.73184e-47
 -6.7694e-48 -3.14805e-34 -7.97476e-47  8.18978e-34 -8.98328e-46 -4.90238e-34 -1.02158e-44 -2.84058e-35   1.6979e-44   1.0605e-34 -5.45622e-43  3.03472e-34   2.0728e-42  -4.3719e-33  9.83741e-43  4.78579e-32    4.457e-42 -4.39147e-31  4.52282e-41  3.46386e-30 -2.43341e-41 -2.37621e-29  8.89111e-41  1.42902e-28  2.63199e-41 -7.57935e-28  -7.8852e-41  3.56158e-27  1.69086e-39 -1.48774e-26 -9.91358e-39  5.53708e-26  4.95025e-38 -1.83857e-25 -2.18456e-37  5.44877e-25  8.76238e-37 -1.44045e-24 -3.24104e-36  3.39158e-24  1.10659e-35 -7.09273e-24 -3.49577e-35  1.31194e-23  1.02363e-34 -2.13329e-23 -2.78292e-34   3.0227e-23  7.03413e-34 -3.68374e-23 -1.65473e-33  3.78361e-23  3.62536e-33 -3.16288e-23  -7.3996e-33  2.00285e-23  1.40676e-32 -7.74103e-24 -2.48935e-32 -5.29227e-25  4.09513e-32  3.13617e-24 -6.25139e-32 -1.98633e-24  8.83414e-32  2.03194e-25 -1.15217e-31  4.88571e-25  1.38174e-31 -2.75095e-25 -1.51689e-31 -2.61884e-26  1.51614e-31  7.66846e-26 -1.37033e-31 -1.33293e-26  1.10999e-31 -1.40054e-26 -7.95603e-32  4.80852e-27  4.94484e-32  2.09501e-27 -2.56536e-32 -9.56285e-28  1.01152e-32 -3.06363e-28 -1.98207e-33  1.38106e-28 -1.08516e-33   4.3698e-29  1.52069e-33 -1.35271e-29 -1.04046e-33 -5.69408e-30  5.06149e-34  7.10619e-31 -1.78996e-34    5.568e-31  3.89815e-35  1.27913e-32  9.02521e-37 -3.21593e-32 -5.02568e-36   -5.083e-33  2.34704e-36  7.61615e-34 -6.02314e-37  2.83606e-34  7.56431e-38  1.67061e-35  4.84958e-39 -5.35513e-36 -3.84067e-39 -8.18706e-37  6.75635e-40 -1.39867e-38  -4.7178e-41  5.11566e-39 -1.15598e-42  6.05954e-40  4.09807e-43  1.29301e-41 -2.77848e-44 -7.45526e-43  1.06782e-45 -1.05252e-44
-2.64613e-35 -1.19629e-46 -4.11017e-34 -8.98328e-46  9.08871e-34 -7.72023e-45 -5.20102e-34 -6.26955e-44 -1.17449e-35  7.19226e-44 -5.06062e-34 -2.81092e-42  8.59089e-33  9.62421e-42 -1.01472e-31   2.8924e-42  1.00891e-30  1.70959e-41 -8.57807e-30  1.59818e-40  6.31394e-29 -6.86675e-41 -4.05971e-28  2.15369e-40  2.29591e-27  5.48147e-40 -1.14805e-26 -2.76187e-39  5.09597e-26  1.85534e-38 -2.01358e-25 -9.48757e-38  7.09543e-25  4.36817e-37 -2.23169e-24 -1.82546e-36  6.26484e-24  6.98939e-36 -1.56806e-23 -2.46715e-35  3.49202e-23  8.04332e-35  -6.8956e-23 -2.42726e-34  1.20133e-22  6.79344e-34 -1.83312e-22 -1.76661e-33  2.42411e-22  4.27515e-33 -2.73407e-22 -9.64043e-33  2.56269e-22  2.02766e-32 -1.90285e-22 -3.97993e-32  9.99178e-23  7.29009e-32  -2.2141e-23 -1.24536e-31 -1.76442e-23  1.98149e-31  2.06993e-23 -2.93058e-31 -7.65984e-24  4.01788e-31 -2.09035e-24 -5.08917e-31  3.25708e-24  5.93093e-31  -7.7052e-25 -6.32884e-31  -5.7646e-25  6.14849e-31  3.51204e-25 -5.40073e-31  5.04354e-26  4.25178e-31 -8.30176e-26 -2.96424e-31  9.32638e-28  1.79677e-31   1.4867e-26 -9.15981e-32 -8.44177e-28   3.6357e-32 -2.25648e-27 -8.34762e-33  8.25508e-29   -2.126e-33  2.83348e-28  3.91497e-33  1.04806e-29 -2.75475e-33 -2.75452e-29  1.34791e-33 -3.80182e-30 -4.81482e-34  1.72494e-30  1.10592e-34  4.65251e-31 -3.31037e-36 -3.74052e-32 -1.00322e-35 -2.79806e-32  4.84652e-36 -2.25666e-33 -1.20591e-36  6.36045e-34  1.40906e-37  1.45867e-34  9.78636e-39  2.80839e-36 -6.42611e-39 -1.83972e-36  9.84161e-40 -2.09895e-37   -5.543e-41 -4.89893e-39 -2.03134e-42  8.33917e-40   4.4006e-43   4.7955e-41 -2.67684e-44  2.92881e-43  8.56561e-46
 2.61375e-47 -8.83029e-36 -1.29905e-45 -4.90238e-34 -7.72023e-45  9.53368e-34 -5.34811e-44  -5.3555e-34  -3.1366e-43  8.58517e-34  1.99443e-43 -1.40684e-32 -1.22744e-41  1.82879e-31  3.82991e-41 -1.97787e-30  5.17852e-42  1.81782e-29  5.87773e-41 -1.43876e-28  4.74778e-40  9.90704e-28 -9.73499e-41 -5.98161e-27 -4.47591e-41  3.18584e-26  5.53272e-39 -1.50365e-25 -2.97182e-38  6.31029e-25  1.62958e-37 -2.36012e-24 -7.78013e-37  7.87745e-24   3.3853e-36 -2.34742e-23 -1.34703e-35    6.242e-23  4.92294e-35 -1.47884e-22 -1.65832e-34  3.11322e-22  5.15941e-34 -5.79959e-22 -1.48579e-33  9.50321e-22   3.9686e-33 -1.35787e-21 -9.85158e-33   1.6703e-21  2.27711e-32  -1.7339e-21 -4.90924e-32  1.46809e-21  9.88584e-32 -9.45896e-22 -1.86125e-31  3.78155e-22  3.27748e-31  1.45484e-23 -5.39562e-31 -1.46124e-22  8.29363e-31  9.70892e-23 -1.18765e-30 -1.23658e-23  1.57952e-30 -2.29033e-23 -1.94331e-30  1.38985e-23  2.20146e-30  8.46909e-25 -2.28393e-30 -3.77879e-24  2.15665e-30  7.77627e-25 -1.84027e-30  6.73482e-25  1.40672e-30  -2.6339e-25 -9.52386e-31 -9.85573e-26  5.61636e-31  5.25649e-26 -2.80295e-31  1.41769e-26  1.11104e-31 -7.68332e-27 -2.81942e-32   -2.097e-27   -2.441e-33  7.95348e-28  8.41191e-33  2.87221e-28 -6.18816e-33 -4.84223e-29  3.06454e-33  -2.9475e-29 -1.10769e-33  3.16598e-32  2.64838e-34  1.85185e-30 -1.74421e-35  2.47854e-31 -1.71665e-35 -5.02697e-32  8.64514e-36 -1.61324e-32 -2.06322e-36 -5.72903e-34  2.15267e-37   3.2314e-34  1.92626e-38  4.56391e-35 -9.48026e-39  5.39425e-37  1.22298e-39 -3.82658e-37 -5.10436e-41 -3.36595e-38 -3.16376e-42 -3.92538e-40  4.46988e-43  3.78464e-41 -2.32356e-44  6.41784e-43
 3.22547e-35  3.49627e-46 -8.18588e-36 -1.02158e-44 -5.20102e-34 -5.34811e-44  9.75649e-34 -3.09095e-43 -1.56849e-33  -1.3158e-42  1.99136e-32  1.13406e-43 -2.84993e-31 -4.66445e-41  3.37037e-30  1.34084e-40 -3.35946e-29 -3.59336e-42  2.86623e-28  1.90281e-40 -2.11764e-27  1.15245e-39    1.367e-26  6.08301e-40 -7.76328e-26 -5.68323e-39  3.89912e-25  4.66618e-38  -1.7388e-24 -2.49256e-37   6.9044e-24  1.25496e-36 -2.44562e-23 -5.69147e-36  7.73446e-23  2.35965e-35 -2.18392e-22 -8.96501e-35  5.50021e-22  3.13005e-34 -1.23299e-21 -1.00679e-33  2.45202e-21   2.9894e-33 -4.30448e-21 -8.21071e-33  6.62275e-21  2.09046e-32   -8.838e-21 -4.94437e-32  1.00706e-20  1.08883e-31 -9.55271e-21  -2.2375e-31  7.20069e-21  4.29953e-31 -3.86934e-21 -7.73877e-31  9.26604e-22  1.30607e-30  6.33975e-22 -2.06701e-30 -7.98682e-22   3.0642e-30  3.14888e-22 -4.24484e-30  7.05411e-23   5.4753e-30 -1.28163e-22 -6.54528e-30   3.4142e-23   7.2114e-30  2.16096e-23 -7.27737e-30 -1.46817e-23  6.68044e-30 -1.53767e-24 -5.53587e-30  3.41985e-24  4.10474e-30 -1.51923e-25 -2.69383e-30 -6.12347e-25  1.54133e-30  5.64657e-26 -7.50151e-31  9.36177e-26  2.94979e-31 -6.55726e-27 -8.00245e-32  -1.2122e-26  1.78509e-33 -6.80619e-29  1.50916e-32    1.231e-27 -1.19593e-32  1.32286e-28  6.06148e-33 -8.22522e-29 -2.22884e-33 -1.92822e-29  5.51052e-34  2.28288e-30 -5.02574e-35  1.27406e-30 -2.56154e-35  7.80854e-32  1.35616e-35 -3.33396e-32 -3.05283e-36 -6.37449e-33  2.63933e-37 -4.45579e-35  3.64399e-38  9.45408e-35 -1.26651e-38  9.91531e-36  1.32532e-39  8.43523e-38 -3.37114e-41 -4.35608e-38 -4.56341e-42  -2.1106e-39  4.53511e-43  -1.6897e-41 -1.55251e-44
-8.33153e-46  7.42835e-35  2.89681e-45 -2.84058e-35 -6.26955e-44  -5.3555e-34 -3.09095e-43  2.08813e-33 -1.52559e-42 -2.47996e-32 -4.71781e-42  3.88719e-31 -2.57206e-42  -5.0517e-30 -1.57425e-40  5.48196e-29  4.21904e-40 -5.05614e-28 -8.36235e-41  4.01689e-27  6.40296e-40 -2.77696e-26  1.74307e-39  1.68369e-25  8.39294e-39 -9.00706e-25  -5.6737e-38  4.27099e-24  3.53093e-37 -1.80121e-23 -1.82965e-36  6.77178e-23  8.72124e-36 -2.27269e-22  -3.7812e-35  6.81198e-22  1.49993e-34  -1.8226e-21 -5.45484e-34  4.34656e-21  1.82253e-33 -9.21487e-21 -5.60523e-33  1.72964e-20  1.58968e-32 -2.85745e-20 -4.16517e-32   4.1195e-20  1.01026e-31  -5.1179e-20 -2.27351e-31  5.37344e-20  4.75901e-31 -4.61231e-20 -9.29207e-31  3.02731e-20  1.69729e-30 -1.25408e-20 -2.90841e-30 -8.84972e-23  4.68549e-30  4.59133e-21 -7.10423e-30 -3.21599e-21  1.01323e-29  4.96844e-22  -1.3561e-29   7.2184e-22  1.69608e-29 -4.75838e-22 -1.97102e-29 -1.17718e-23  2.11392e-29  1.25678e-22 -2.07682e-29 -3.04002e-23  1.85427e-29 -2.17199e-23 -1.49197e-29  9.76822e-24  1.07196e-29  3.06644e-24 -6.80529e-30 -1.94873e-24  3.76606e-30 -4.31924e-25 -1.77996e-30  2.89684e-25  6.90318e-31  6.61977e-26  -1.9625e-31 -3.14987e-26   1.9584e-32 -9.62064e-27   2.1895e-32  2.14197e-27 -1.99171e-32  1.05395e-27  1.05437e-32 -3.25649e-29 -3.98448e-33 -7.17456e-29  1.01713e-33 -7.86722e-30 -1.11796e-34   2.2418e-30   -3.342e-35  6.03774e-31  1.88202e-35  9.33741e-33 -3.88645e-36 -1.35484e-32  2.31369e-37 -1.72391e-33  6.45068e-38  4.48783e-36 -1.56028e-38  1.72016e-35  1.27288e-39  1.25144e-36 -8.35969e-42  8.29969e-39 -5.96625e-42 -1.62424e-39  4.17986e-43 -2.93537e-41
-3.86083e-35 -1.04604e-44  1.17689e-34   1.6979e-44 -1.17449e-35  -3.1366e-43 -1.56849e-33 -1.52559e-42  2.69264e-32 -6.53774e-42 -4.67434e-31 -1.46535e-41  6.71257e-30 -1.91856e-41 -7.96525e-29 -4.80194e-40  7.96797e-28  1.21897e-39  -6.8238e-27 -5.07346e-40  5.06167e-26  2.59789e-39 -3.28118e-25 -4.10733e-39  1.87165e-24  6.98715e-38 -9.44427e-24 -4.31247e-37  4.23241e-23  2.42808e-36 -1.68935e-22 -1.21216e-35  6.01682e-22  5.52964e-35 -1.91396e-21 -2.30145e-34  5.43776e-21  8.76547e-34 -1.37852e-20 -3.06012e-33  3.11195e-20  9.80809e-33 -6.23528e-20  -2.8904e-32  1.10348e-19  7.84292e-32 -1.71278e-19 -1.96251e-31  2.30795e-19   4.5365e-31 -2.65867e-19 -9.70811e-31  2.55432e-19  1.92841e-30 -1.95663e-19  -3.5672e-30  1.07751e-19  6.16861e-30 -2.78785e-20 -1.00136e-29 -1.61193e-20   1.5319e-29  2.20967e-20  -2.2148e-29 -9.30942e-21  3.02845e-29  -1.6258e-21 -3.90854e-29  3.61301e-21  4.73829e-29 -1.08348e-21 -5.35729e-29   -5.729e-22  5.60086e-29  4.40461e-22 -5.36443e-29   2.8319e-23  4.66271e-29 -1.00908e-22 -3.64297e-29  8.20739e-24  2.53356e-29  1.79967e-23 -1.55214e-29 -2.37656e-24  8.27641e-30 -2.77446e-24 -3.78029e-30  3.03092e-25  1.43826e-30  3.69791e-25 -4.23629e-31 -1.10091e-26   6.7937e-32 -3.92569e-26  2.24464e-32 -2.98504e-27 -2.81367e-32   2.8133e-27  1.61948e-32  5.59988e-28  -6.4039e-33 -9.45469e-29  1.69378e-33 -4.13332e-29  -2.1153e-34 -1.61052e-30  -3.7107e-35   1.2227e-30  2.28595e-35  2.00926e-31 -4.10598e-36 -2.21221e-33  5.34398e-38 -3.49869e-33  1.04622e-37 -3.18585e-34 -1.78688e-38  1.38539e-36  1.09326e-39  1.62464e-36  1.70293e-41  7.19971e-38  -6.6221e-42  4.60301e-40   2.7643e-43
 4.67628e-45 -5.55334e-35 -8.64037e-44   1.0605e-34  7.19226e-44  8.58517e-34  -1.3158e-42 -2.47996e-32 -6.53774e-42  4.97188e-31 -2.46184e-41 -7.94662e-30 -3.98483e-41  1.03641e-28 -9.02325e-41 -1.12873e-27 -1.34734e-39  1.04499e-26  3.32642e-39 -8.33508e-26 -2.58557e-39  5.78643e-25  1.33466e-38 -3.52388e-24 -6.33599e-38  1.89395e-23  4.86722e-37 -9.02505e-23 -2.85047e-36  3.82597e-22    1.519e-35 -1.44632e-21 -7.31195e-35  4.88234e-21  3.21189e-34 -1.47244e-20 -1.28853e-33  3.96549e-20  4.72968e-33 -9.52316e-20 -1.59044e-32  2.03406e-19  4.90517e-32 -3.84868e-19   -1.389e-31  6.41362e-19  3.61493e-31  -9.3346e-19 -8.65622e-31  1.17202e-18  1.90971e-30 -1.24551e-18 -3.88848e-30   1.0848e-18  7.32536e-30 -7.26199e-19  -1.2811e-29  3.12218e-19  2.08935e-29 -8.01319e-21 -3.19573e-29 -1.07501e-19  4.61287e-29  7.98183e-20 -6.31912e-29 -1.46656e-20  8.24204e-29 -1.68822e-20 -1.02279e-28  1.22025e-20  1.20119e-28 -1.63586e-22 -1.32297e-28 -3.11665e-21  1.35115e-28  8.82244e-22 -1.26438e-28  5.17498e-22  1.07151e-28 -2.70802e-22 -8.13232e-29 -6.91794e-23  5.46853e-29   5.3927e-23  -3.2238e-29  9.40295e-24  1.64862e-29 -8.16241e-24 -7.23446e-30 -1.49975e-24  2.68653e-30  9.27999e-25 -8.16317e-31   2.3554e-25  1.74043e-31 -6.92954e-26  3.51204e-33 -2.79461e-26 -3.18217e-32  1.87874e-27  2.18781e-32  2.06879e-27 -9.34672e-33  1.73349e-28  2.58604e-33 -7.35469e-29 -3.58999e-34 -1.66858e-29 -3.07775e-35  1.20156e-31  2.31921e-35  4.28463e-31 -3.14195e-36  4.74678e-32 -3.18726e-37  -1.0214e-33  1.53407e-37 -5.58799e-34 -1.89403e-38 -3.52136e-35   8.3555e-40 -1.68055e-39  3.42622e-41  5.71667e-38 -5.70966e-42  9.22143e-40
  3.0806e-35  5.08004e-44 -4.30888e-35 -5.45622e-43 -5.06062e-34  1.99443e-43  1.99136e-32 -4.71781e-42 -4.67434e-31 -2.46184e-41   8.4044e-30 -8.21489e-41 -1.21209e-28 -9.61046e-41  1.44347e-27 -3.30999e-40 -1.44943e-26 -3.55507e-39  1.24625e-25  8.97128e-39 -9.28314e-25 -1.31225e-38  6.04437e-24  7.61681e-38 -3.46394e-23  -4.5915e-37  1.75652e-22  2.98073e-36 -7.91277e-22  -1.6798e-35  3.17574e-21    8.618e-35 -1.13767e-20 -4.01848e-34  3.64129e-20  1.70963e-33 -1.04131e-19 -6.64312e-33  2.65821e-19  2.36036e-32  -6.0455e-19  -7.6756e-32  1.22099e-18  2.28622e-31 -2.17946e-18 -6.24158e-31  3.41463e-18  1.56283e-30 -4.64882e-18 -3.59125e-30   5.4178e-18  7.57963e-30 -5.27636e-18 -1.47105e-29  4.11155e-18  2.63021e-29 -2.32364e-18 -4.34554e-29   6.4907e-19  6.66527e-29  3.10888e-19 -9.55568e-29 -4.71836e-19  1.29185e-28  2.13058e-19 -1.66287e-28  2.66198e-20  2.05381e-28 -7.85146e-20 -2.43975e-28  2.65091e-20  2.77322e-28  1.15043e-20 -2.98098e-28 -1.02047e-20  2.98379e-28 -2.24403e-22   -2.737e-28  2.29293e-21   2.2669e-28 -2.80876e-22 -1.67281e-28 -4.05802e-22  1.08653e-28  7.22419e-23 -6.14313e-29   6.3022e-23  2.99541e-29  -9.8052e-24 -1.25358e-29 -8.64285e-24  4.52252e-30  6.08242e-25 -1.42249e-30  9.61588e-25  3.77471e-31  4.04849e-26 -5.74788e-32 -7.40341e-26 -2.25186e-32 -1.21406e-26  2.55416e-32  2.91477e-27 -1.25202e-32   1.0248e-27  3.68777e-33  1.39714e-29 -5.70336e-34  -3.4341e-29 -4.42935e-36 -4.82117e-30  1.64346e-35  1.70644e-31 -4.53436e-37  9.88054e-32 -8.88352e-37   7.6963e-33  2.01559e-37 -1.50763e-34 -1.82722e-38 -4.75301e-35  5.52354e-40 -1.88193e-36  3.79675e-41 -5.95548e-39 -3.26234e-42
 5.27029e-45    3.448e-35  3.68631e-43  3.03472e-34 -2.81092e-42 -1.40684e-32  1.13406e-43  3.88719e-31 -1.46535e-41 -7.94662e-30 -8.21489e-41  1.27675e-28 -2.44196e-40 -1.67123e-27 -2.11439e-40  1.82698e-26 -9.94713e-40 -1.69819e-25 -9.10611e-39  1.36022e-24  2.54114e-38 -9.48485e-24 -6.58712e-38  5.80321e-23  4.14176e-37 -3.13439e-22 -2.62459e-36  1.50138e-21  1.60237e-35 -6.39982e-21 -8.79517e-35   2.4334e-20  4.39883e-34 -8.26505e-20 -2.00303e-33  2.50891e-19  8.31561e-33 -6.80387e-19 -3.14962e-32  1.64607e-18  1.08921e-31 -3.54375e-18 -3.44155e-31  6.76246e-18  9.94131e-31 -1.13736e-17 -2.62655e-30  1.67214e-17  6.34943e-30  -2.1232e-17 -1.40476e-29  2.28557e-17  2.84516e-29 -2.02179e-17 -5.27775e-29  1.38205e-17  8.97542e-29 -6.17556e-18 -1.40222e-28  3.67462e-19  2.02045e-28  1.98292e-18 -2.70378e-28 -1.57054e-18  3.39714e-28  3.37995e-19 -4.06618e-28  3.09252e-19   4.7063e-28 -2.47925e-19 -5.31459e-28  1.32963e-20  5.83732e-28  6.09021e-20 -6.14122e-28 -2.01354e-20  6.05449e-28 -9.58963e-21 -5.47083e-28   5.9333e-21  4.44434e-28  1.17764e-21 -3.19383e-28 -1.17839e-21  2.00215e-28 -1.49459e-22 -1.08163e-28   1.8155e-22  4.99307e-29  2.51379e-23 -1.97472e-29 -2.15189e-23  6.89708e-30 -4.40978e-24 -2.27696e-30  1.74608e-24   7.3529e-31  5.77866e-25  -1.9474e-31 -6.50676e-26  1.19393e-32 -4.68755e-26  2.45133e-32 -2.60961e-27 -1.56287e-32  1.88414e-27  5.03185e-33  3.59223e-28 -8.81679e-34 -1.27712e-29  5.77104e-35 -1.06839e-29 -1.20998e-36 -1.00188e-30  4.24442e-36  4.67829e-32 -1.58799e-36   1.4242e-32   2.3549e-37  7.73969e-34 -1.56206e-38 -7.44394e-36  2.96983e-40 -1.57855e-36  2.86794e-41 -2.20667e-38
-2.10947e-35  4.44281e-44 -1.07758e-34   2.0728e-42  8.59089e-33 -1.22744e-41 -2.84993e-31 -2.57206e-42  6.71257e-30 -3.98483e-41 -1.21209e-28 -2.44196e-40  1.75456e-27 -6.47715e-40 -2.09743e-26 -4.55558e-40  2.11449e-25 -2.43248e-39 -1.82573e-24 -2.33812e-38    1.366e-23  7.65396e-38 -8.93581e-23 -2.92335e-37  5.14627e-22  1.90163e-36  -2.6232e-21 -1.21944e-35  1.18821e-20  7.32536e-35 -4.79654e-20 -3.99817e-34  1.72889e-19  1.98554e-33 -5.56972e-19 -8.95676e-33  1.60383e-18  3.67108e-32 -4.12445e-18 -1.36797e-31  9.45414e-18  4.63857e-31 -1.92559e-17 -1.43255e-30   3.4686e-17  4.03275e-30 -5.48851e-17 -1.03543e-29  7.55451e-17  2.42559e-29 -8.91345e-17 -5.18491e-29  8.80698e-17  1.01121e-28 -6.98862e-17 -1.79897e-28  4.05869e-17  2.91929e-28 -1.22269e-17 -4.32395e-28 -4.72328e-18  5.85908e-28  8.12877e-18 -7.30382e-28 -3.94634e-18  8.47056e-28 -2.95999e-19 -9.31356e-28  1.37415e-18  9.95406e-28 -5.22858e-19 -1.05661e-27 -1.81425e-19  1.11799e-27  1.90792e-19 -1.15625e-27 -4.30332e-21  1.13138e-27 -4.18912e-20 -1.01442e-27  7.07607e-21  8.12502e-28  7.32318e-21   -5.701e-28 -1.70171e-21  3.44831e-28 -1.14293e-21 -1.77326e-28  2.41885e-22  7.68715e-29  1.61357e-22 -2.84266e-29 -1.90938e-23  9.61658e-30 -1.88781e-23 -3.42839e-30 -8.08851e-26   1.3367e-30   1.5639e-24 -4.56598e-31  2.01347e-25  8.64131e-32  -7.0638e-26  1.63282e-32 -2.02354e-26 -1.86835e-32  3.33409e-28  6.77458e-33  7.73089e-28 -1.36448e-33  9.07544e-29  1.76662e-34  -6.2556e-30 -3.27064e-35 -2.23061e-30  1.07098e-35 -1.45216e-31 -2.27672e-36  5.96545e-33  2.42607e-37  1.12228e-33 -1.14314e-38  3.85292e-35  1.16405e-40 -3.74527e-38  1.35254e-41
 2.32203e-44   1.8808e-35  2.44338e-43  -4.3719e-33  9.62421e-42  1.82879e-31 -4.66445e-41  -5.0517e-30 -1.91856e-41  1.03641e-28 -9.61046e-41 -1.67123e-27 -6.47715e-40  2.19589e-26  -1.5276e-39 -2.41013e-25 -1.07717e-39  2.24966e-24 -4.78925e-39 -1.80993e-23 -5.71136e-38  1.26798e-22  1.97864e-37 -7.79632e-22 -8.51664e-37  4.23285e-21  5.82887e-36 -2.03871e-20 -4.02392e-35   8.7408e-20  2.57466e-34 -3.34396e-19 -1.48009e-33  1.14319e-18  7.61678e-33 -3.49424e-18 -3.50902e-32   9.5457e-18  1.45099e-31 -2.32754e-17 -5.40178e-31  5.05298e-17  1.81581e-30 -9.72976e-17  -5.5252e-30  1.65248e-16  1.52487e-29 -2.45562e-16 -3.82255e-29  3.15545e-16   8.7115e-29 -3.44351e-16 -1.80553e-28  3.09666e-16  3.40257e-28 -2.16411e-16  -5.8266e-28  1.00629e-16  9.05736e-28 -9.48842e-18  -1.2769e-27 -2.98351e-17  1.63245e-27  2.53962e-17 -1.89744e-27 -6.32543e-18  2.02247e-27 -4.58282e-18 -2.01707e-27   4.1357e-18  1.95093e-27 -3.97796e-19 -1.91076e-27 -9.70454e-19  1.93591e-27  3.74975e-19 -1.98209e-27  1.42148e-19  1.94834e-27 -1.06443e-19 -1.75219e-27 -1.51463e-20  1.39388e-27  2.10614e-20 -9.58689e-28  1.64638e-21  5.59936e-28 -3.29966e-21 -2.73312e-28  -3.0368e-22  1.10428e-28  4.06977e-22 -3.78232e-29  6.40343e-23  1.25375e-29 -3.56258e-23 -5.04325e-30  -9.5832e-24  2.33479e-30  1.64781e-24 -9.08143e-31  8.62816e-25  2.15989e-31  2.08432e-26  1.50813e-34 -3.91564e-26  -2.2443e-32 -6.18771e-27  9.28593e-33  4.53188e-28 -2.13011e-33  2.16816e-28  3.73249e-34  1.65755e-29 -7.81997e-35  -1.3894e-30  1.79868e-35 -2.95828e-31 -2.77355e-36 -1.34545e-32   2.1813e-37   3.2044e-34 -6.86205e-39  3.51669e-35  2.78238e-41  4.25098e-37
-6.07949e-36  1.82482e-43  1.82157e-33  9.83741e-43 -1.01472e-31  3.82991e-41  3.37037e-30 -1.57425e-40 -7.96525e-29 -9.02325e-41  1.44347e-27 -2.11439e-40 -2.09743e-26  -1.5276e-39  2.51731e-25 -3.17002e-39 -2.54847e-24  -2.6623e-39  2.21022e-23 -1.27821e-38 -1.66141e-22 -6.21166e-38   1.0922e-21 -1.37838e-37 -6.32291e-21  1.92089e-36  3.24071e-20 -6.80322e-36 -1.47645e-19 -1.29483e-35  5.99679e-19   3.9144e-34 -2.17559e-18 -3.48477e-33   7.0572e-18  2.20871e-32 -2.04707e-17 -1.13671e-31  5.30545e-17  4.98744e-31 -1.22629e-16 -1.91131e-30  2.52007e-16   6.4879e-30 -4.58344e-16 -1.96811e-29  7.32921e-16  5.36682e-29 -1.02059e-15 -1.32068e-28  1.22005e-15  2.94007e-28 -1.22408e-15 -5.92859e-28  9.90203e-16  1.08315e-27 -5.91709e-16 -1.79167e-27  1.91986e-16  2.67882e-27  5.75545e-17 -3.61157e-27 -1.16345e-16  4.37851e-27  6.09331e-17 -4.76522e-27  1.51221e-18  4.66812e-27 -1.99317e-17 -4.17907e-27   8.5644e-18  3.56434e-27  2.28071e-18 -3.12041e-27 -2.96301e-18  2.98875e-27  2.07077e-19 -3.06611e-27  6.32648e-19  3.08892e-27 -1.40564e-19 -2.83109e-27 -1.08553e-19  2.25929e-27  3.24151e-20 -1.53174e-27  1.69583e-20  8.66202e-28 -4.78094e-21 -4.01407e-28 -2.46754e-21  1.50796e-28  4.37133e-22  -4.7892e-29  3.04987e-22  1.61302e-29 -1.19682e-23 -7.62498e-30  -2.7262e-23   3.9975e-30 -2.51901e-24 -1.63203e-30  1.39477e-24   4.1143e-31   3.2576e-25 -2.12726e-32 -1.76771e-26 -2.88579e-32 -1.43447e-26  1.31847e-32 -1.35501e-27 -3.30761e-33  1.61371e-28  6.56727e-34  4.14656e-29 -1.33029e-34  2.14968e-30   2.4482e-35 -1.61819e-31  -2.9244e-36 -2.18463e-32  1.68947e-37 -6.32173e-34  -3.2055e-39  4.17086e-36  4.61283e-42
 2.28493e-43 -6.00871e-34  1.00166e-42  4.78579e-32   2.8924e-42 -1.97787e-30  1.34084e-40  5.48196e-29 -4.80194e-40 -1.12873e-27 -3.30999e-40  1.82698e-26 -4.55558e-40 -2.41013e-25 -3.17002e-39  2.65641e-24 -5.77901e-39 -2.49055e-23 -1.12505e-39  2.01312e-22 -1.25362e-37  -1.4173e-21  9.72128e-37  8.75984e-21 -8.92129e-36 -4.78214e-20  5.84545e-35  2.31666e-19 -2.99925e-34 -9.99356e-19  1.22819e-33  3.84811e-18 -3.74242e-33  -1.3246e-17  5.73592e-33  4.07839e-17  2.21513e-32 -1.12283e-16 -2.48374e-31  2.76055e-16  1.38375e-30  -6.0464e-16 -5.87819e-30  1.17543e-15  2.08888e-29 -2.01709e-15 -6.44026e-29  3.03164e-15  1.75444e-28 -3.94523e-15 -4.26665e-28  4.36821e-15  9.31924e-28 -3.99732e-15 -1.83442e-27  2.85928e-15  3.25892e-27 -1.38508e-15 -5.22401e-27  1.79917e-16  7.54203e-27  3.74675e-16 -9.77238e-27 -3.45914e-16  1.13055e-26  9.87797e-17 -1.16026e-26  5.59953e-17  1.05029e-26 -5.80337e-17 -8.40463e-27  8.21009e-18  6.13931e-27   1.2894e-17 -4.54554e-27 -5.84441e-18  3.99312e-27 -1.70453e-18 -4.20109e-27   1.6016e-18  4.49471e-27  1.37778e-19 -4.29943e-27 -3.15237e-19  3.48719e-27 -8.61941e-21 -2.34825e-27  5.01534e-20  1.29331e-27  2.17548e-21 -5.72952e-28 -6.42871e-21  2.02591e-28 -7.04743e-22 -6.16297e-29  6.04106e-22  2.25446e-29  1.29003e-22 -1.23531e-29 -3.29333e-23  6.76456e-30 -1.31701e-23  -2.7216e-30   1.6678e-25  6.71777e-31  6.76806e-25 -3.95009e-32  8.60586e-26 -4.12629e-32 -1.09804e-26  1.92395e-32 -3.66111e-27 -4.98554e-33 -2.13088e-28  1.01078e-33  3.13916e-29 -1.87146e-34  5.11608e-30  2.84158e-35  1.84205e-31 -2.67512e-36 -8.62592e-33  1.10883e-37 -6.51258e-34 -1.10282e-39 -6.73339e-36
 1.40651e-34  1.89509e-42 -1.86325e-32    4.457e-42  1.00891e-30  5.17852e-42 -3.35946e-29  4.21904e-40  7.96797e-28 -1.34734e-39 -1.44943e-26 -9.94713e-40  2.11449e-25 -1.07717e-39 -2.54847e-24 -5.77901e-39  2.59148e-23 -1.12401e-38 -2.25805e-22  8.59101e-38  1.70575e-21 -1.49432e-36 -1.12719e-20    1.355e-35  6.56142e-20 -1.01648e-34 -3.38251e-19  6.18211e-34  1.55052e-18 -3.14759e-33 -6.33855e-18  1.35647e-32  2.31541e-17 -4.90314e-32  -7.5656e-17  1.43178e-31  2.21158e-16 -2.97514e-31 -5.77921e-16  1.56688e-31   1.3476e-15  2.27833e-30 -2.79568e-15 -1.45305e-29  5.13694e-15  5.90715e-29 -8.30627e-15  -1.9188e-28  1.17096e-14    5.311e-28 -1.41935e-14  -1.2876e-27  1.44732e-14    2.773e-27  -1.1948e-14 -5.34555e-27  7.35534e-15  9.25887e-27 -2.56656e-15  -1.4424e-26 -5.61869e-16  2.01806e-26  1.41193e-15 -2.52544e-26 -8.00829e-16  2.80692e-26  2.06105e-17 -2.74138e-26  2.44303e-16  2.31811e-26 -1.18975e-16 -1.66871e-26  -2.2668e-17  1.01984e-26  3.89927e-17 -5.80034e-27 -4.71058e-18  4.29264e-27 -8.04331e-18 -4.89534e-27  2.29071e-18  5.97115e-27  1.34218e-18 -6.17736e-27 -5.13647e-19  5.17467e-27  -2.0855e-19 -3.49458e-27   7.8153e-20  1.89424e-27  3.13374e-20 -8.16895e-28 -7.92976e-21  2.82564e-28 -4.12061e-21 -8.91136e-29  3.76706e-22  3.71743e-29  3.99467e-22 -2.14735e-29  2.14004e-23  1.12737e-29 -2.29913e-23 -4.25727e-30 -4.31975e-24  9.74184e-31  4.53893e-25 -3.90451e-32  2.23479e-25 -6.39651e-32  1.57881e-26  2.80817e-32  -3.2562e-27  -7.1294e-33 -6.46264e-28  1.38481e-33  -2.4117e-29 -2.27226e-34    3.404e-30  2.85466e-35  3.56944e-31  -2.1069e-36  8.30778e-33  6.03623e-38 -1.28018e-34 -2.76353e-40
-1.77053e-43  5.66534e-33  1.05181e-41 -4.39147e-31  1.70959e-41  1.81782e-29 -3.59336e-42 -5.05614e-28  1.21897e-39  1.04499e-26 -3.55507e-39 -1.69819e-25 -2.43248e-39  2.24966e-24  -2.6623e-39 -2.49055e-23 -1.12401e-38  2.34599e-22 -5.06899e-38 -1.90564e-21  1.14058e-36  1.34862e-20 -1.45318e-35 -8.38126e-20  1.24797e-34  4.60207e-19  -8.6374e-34 -2.24312e-18  4.98668e-33  9.73915e-18 -2.45765e-32 -3.77593e-17  1.04405e-31  1.30923e-16 -3.82177e-31 -4.06226e-16  1.19185e-30   1.1276e-15 -3.06554e-30 -2.79666e-15  5.90677e-30   6.1832e-15 -5.07917e-30 -1.21422e-14 -2.06964e-29  2.10663e-14  1.38012e-28  -3.2045e-14 -5.12135e-28  4.22641e-14  1.48201e-27 -4.75187e-14 -3.62539e-27  4.42923e-14  7.74242e-27 -3.24656e-14 -1.46625e-26  1.63996e-14  2.48187e-26 -2.72592e-15 -3.76696e-26 -3.98745e-15  5.12452e-26  4.03956e-15 -6.22331e-26 -1.31297e-15  6.69173e-26 -5.68872e-16  -6.2835e-26  6.96956e-16  5.03845e-26 -1.32477e-16 -3.32593e-26 -1.44887e-16  1.70247e-26  7.76437e-17 -6.38484e-27   1.6399e-17  2.83662e-27 -2.05574e-17 -4.34546e-27 -5.87451e-19  7.19404e-27  4.01572e-18 -8.48573e-27 -1.08555e-19  7.47235e-27  -6.4764e-19 -5.11785e-27  5.87195e-21   2.7739e-27  8.62022e-20 -1.20096e-27  5.18456e-21  4.32222e-28 -8.66907e-21 -1.53228e-28 -1.40157e-21  7.04506e-29  5.40964e-22 -3.85685e-29   1.6861e-22   1.8299e-29 -9.79111e-24 -6.25906e-30 -9.89343e-24   1.2636e-30 -9.54664e-25  1.70854e-33  2.07041e-25 -1.00945e-31   5.2175e-26  3.97679e-32  1.98263e-27 -9.51279e-33 -5.73776e-28  1.69959e-33 -7.46612e-29 -2.41428e-34 -1.89626e-30  2.48095e-35  1.76693e-31 -1.40416e-36  1.02071e-32  2.63478e-38  8.74224e-35
-1.16663e-33 -1.32153e-42  1.58206e-31  4.52282e-41 -8.57807e-30  5.87773e-41  2.86623e-28 -8.36235e-41  -6.8238e-27  3.32642e-39  1.24625e-25 -9.10611e-39 -1.82573e-24 -4.78925e-39  2.21022e-23 -1.12505e-39 -2.25805e-22 -5.06899e-38  1.97723e-21 -4.50842e-37 -1.50141e-20  1.07504e-35   9.9762e-20 -1.20281e-34 -5.84093e-19  9.66832e-34  3.02957e-18 -6.30001e-33 -1.39775e-17  3.46434e-32  5.75326e-17  -1.6406e-31  -2.1169e-16  6.75466e-31  6.97037e-16  -2.4237e-30 -2.05431e-15  7.54732e-30   5.4152e-15 -2.01109e-29 -1.27454e-14  4.42623e-29  2.67069e-14 -7.25681e-29 -4.96061e-14  4.91329e-29  8.11626e-14  2.14461e-28 -1.15917e-13 -1.18442e-27  1.42584e-13  3.78489e-27 -1.47906e-13 -9.50902e-27  1.24738e-13  2.02752e-26 -7.92033e-14 -3.78381e-26  2.96758e-14  6.27201e-26  4.24786e-15  -9.2962e-26  -1.4742e-14  1.23368e-25  9.09733e-15 -1.46093e-25 -6.99293e-16  1.53052e-25 -2.56416e-15 -1.39653e-25   1.4235e-15  1.08021e-25  1.68467e-16 -6.73475e-26 -4.40986e-16  3.02007e-26  7.78275e-17 -6.43127e-27  8.70797e-17 -1.47103e-27 -3.14203e-17 -1.62871e-27 -1.39309e-17  7.84232e-27  6.90588e-18 -1.13466e-26  2.12963e-18  1.06639e-26 -1.07963e-18 -7.49141e-27 -3.31602e-19  4.14054e-27  1.18788e-19 -1.86586e-27  4.69277e-20  7.35631e-28 -7.39024e-21 -2.96285e-28 -4.97814e-21  1.39221e-28 -5.08935e-23 -6.84362e-29  3.21722e-22  2.85469e-29  4.69991e-23 -8.61975e-30 -8.48641e-24  1.44866e-30  -2.9579e-24  1.05745e-31 -1.32019e-25 -1.53759e-31  5.39229e-26   5.3362e-32  8.53024e-27  -1.1714e-32  1.74412e-28  1.87066e-33 -5.85478e-29  -2.2482e-34 -4.95173e-30  1.84488e-35 -8.40332e-32 -7.67455e-37  2.71499e-33  8.36881e-39
 7.59055e-43 -4.45385e-32 -6.51916e-42  3.46386e-30  1.59818e-40 -1.43876e-28  1.90281e-40  4.01689e-27 -5.07346e-40 -8.33508e-26  8.97128e-39  1.36022e-24 -2.33812e-38 -1.80993e-23 -1.27821e-38  2.01312e-22  8.59101e-38 -1.90564e-21 -4.50842e-37  1.55602e-20  -3.9799e-36 -1.10725e-19  8.62122e-35  6.92122e-19 -8.85832e-34  -3.8237e-18  6.69722e-33  1.87582e-17 -4.13402e-32 -8.20029e-17  2.16682e-31   3.2024e-16  -9.8285e-31 -1.11893e-15   3.8945e-30  3.50019e-15 -1.35294e-29 -9.80046e-15  4.11515e-29  2.45331e-14 -1.08767e-28 -5.47816e-14  2.45217e-28  1.08733e-13  -4.5066e-28 -1.90848e-13  5.85277e-28  2.94024e-13 -1.31313e-28 -3.93323e-13 -2.17788e-27  4.49451e-13  8.74142e-27 -4.27151e-13 -2.31868e-26  3.21204e-13  4.97704e-26 -1.69338e-13 -9.18076e-26  3.44073e-14  1.49308e-25  3.62956e-14 -2.16621e-25  -4.0976e-14  2.81452e-25  1.50775e-14 -3.26715e-25   4.7871e-15  3.35954e-25 -7.25345e-15 -3.01059e-25  1.76169e-15  2.28475e-25  1.38747e-15 -1.39004e-25 -8.91148e-16  5.92421e-26 -1.20689e-16 -8.75159e-27  2.27813e-16 -8.66535e-27 -7.16573e-18  3.68505e-27 -4.40161e-17  7.95518e-27  3.82715e-18 -1.52076e-26  7.17861e-18  1.53242e-26 -4.85366e-19 -1.11349e-26 -9.91752e-19  6.39084e-27 -6.72971e-21  -3.0749e-27  1.06606e-19  1.34073e-27  1.18156e-20 -5.85548e-28 -7.48575e-21  2.66669e-28 -1.81483e-21 -1.16293e-28  2.14677e-22  4.22979e-29  1.23629e-22 -1.10434e-29    7.958e-24  1.41253e-30 -3.20377e-24  2.88534e-31  -6.3214e-25 -2.19342e-31 -8.97759e-27  6.68018e-32  8.76292e-27 -1.32124e-32  9.25597e-28  1.84209e-33  1.18011e-29  -1.8232e-34 -2.94748e-30  1.14759e-35  -1.3675e-31 -3.24068e-37 -9.06689e-34
 8.49463e-33  5.34363e-42 -1.16041e-30 -2.43341e-41  6.31394e-29  4.74778e-40 -2.11764e-27  6.40296e-40  5.06167e-26 -2.58557e-39 -9.28314e-25  2.54114e-38    1.366e-23 -5.71136e-38 -1.66141e-22 -1.25362e-37  1.70575e-21  1.14058e-36 -1.50141e-20  -3.9799e-36  1.14637e-19 -3.13007e-35 -7.66135e-19  6.20837e-34  4.51314e-18 -5.95794e-33 -2.35605e-17  4.25651e-32  1.09446e-16 -2.49568e-31  -4.5376e-16   1.2471e-30  1.68244e-15 -5.40881e-30 -5.58502e-15  2.05515e-29   1.6603e-14 -6.86955e-29 -4.41709e-14  2.02011e-28  1.04991e-13 -5.20255e-28 -2.22341e-13  1.15979e-27  4.17733e-13  -2.1797e-27 -6.92046e-13   3.2275e-27  1.00209e-12 -2.89267e-27  -1.2519e-12 -2.16201e-27  1.32233e-12  1.78593e-26 -1.14052e-12 -5.24154e-26  7.47787e-13  1.14419e-25 -3.00371e-13 -2.09221e-25  -2.1589e-14   3.3447e-25  1.33813e-13 -4.76378e-25 -9.03618e-14  6.08749e-25  1.16472e-14  -6.9707e-25  2.32416e-14  7.09187e-25  -1.4839e-14 -6.30579e-25 -7.19325e-16  4.76508e-25  4.32814e-15 -2.90739e-25 -1.03301e-15  1.27044e-25 -8.07274e-16 -2.31194e-26  3.69192e-16 -1.54079e-26  1.20871e-16  1.02978e-26 -7.98986e-17   8.6179e-27  -1.7801e-17 -2.12615e-26  1.27949e-17  2.26084e-26  2.89187e-18 -1.70194e-26 -1.50576e-18   1.0239e-26 -4.50055e-19 -5.27677e-27  1.11515e-19  2.47894e-27  5.30708e-20 -1.11419e-27 -2.17245e-21  4.79551e-28 -3.86452e-21 -1.86151e-28 -4.07616e-22  5.89798e-29  1.27346e-22 -1.30333e-29   3.3453e-23  1.04452e-30  4.80941e-25  5.47297e-31   -7.526e-25 -2.88933e-31  -9.5611e-26  7.72688e-32  6.15038e-29 -1.35683e-32  8.47394e-28  1.61388e-33  5.86004e-29 -1.26959e-34  5.52302e-31   5.7311e-36 -4.55648e-32 -9.13371e-38
-7.10672e-43  3.04411e-31  2.51693e-41 -2.37621e-29 -6.86675e-41  9.90704e-28  1.15245e-39 -2.77696e-26  2.59789e-39  5.78643e-25 -1.31225e-38 -9.48485e-24  7.65396e-38  1.26798e-22 -6.21166e-38  -1.4173e-21 -1.49432e-36  1.34862e-20  1.07504e-35 -1.10725e-19 -3.13007e-35  7.92495e-19 -2.23101e-34 -4.98412e-18  4.11269e-33  2.77137e-17 -3.71658e-32 -1.36889e-16  2.51709e-31   6.0276e-16 -1.40386e-30 -2.37199e-15  6.68852e-30  8.35528e-15 -2.77082e-29 -2.63629e-14  1.00733e-28  7.44955e-14  -3.2279e-28 -1.88316e-13  9.12388e-28  4.24939e-13   -2.268e-27 -8.53027e-13  4.91723e-27  1.51571e-12 -9.13274e-27 -2.36675e-12  1.39411e-26  3.21385e-12 -1.54669e-26 -3.73587e-12  5.16261e-27  3.62386e-12  3.07816e-26 -2.79879e-12 -1.09409e-25   1.5411e-12  2.45945e-25 -3.71045e-13 -4.46993e-25 -2.83572e-13  7.04015e-25  3.64561e-13 -9.88501e-25 -1.51311e-13  1.25036e-24 -3.25328e-14 -1.42371e-24  6.60073e-14  1.44575e-24 -1.98764e-14 -1.28741e-24 -1.13325e-14  9.79289e-25  8.92497e-15 -6.09218e-25  5.55177e-16  2.83381e-25 -2.19774e-15 -7.37131e-26   2.1092e-16 -1.11602e-26  4.17876e-16   1.3214e-26 -6.49692e-17  1.30603e-26 -6.86813e-17 -3.21436e-26  9.33709e-18  3.47356e-26  9.84921e-18 -2.68865e-26 -5.27422e-19  1.68895e-26 -1.13252e-18 -9.16976e-27 -6.60914e-20  4.47294e-27  8.86572e-20 -1.99317e-27  1.62619e-20  8.01847e-28 -3.36696e-21 -2.78585e-28 -1.32794e-21  7.68588e-29  -3.7892e-23 -1.39735e-29   4.1833e-23  2.88107e-31  6.51044e-24  8.53466e-31 -1.05167e-25 -3.49269e-31 -1.13993e-25   8.2054e-32 -9.73644e-27 -1.26103e-32  3.57696e-29  1.24617e-33  4.13664e-29 -7.40576e-35   1.5714e-30  2.12136e-36  6.86535e-33
  -5.421e-32 -3.48731e-42  7.43316e-30  8.89111e-41 -4.05971e-28 -9.73499e-41    1.367e-26  1.74307e-39 -3.28118e-25  1.33466e-38  6.04437e-24 -6.58712e-38 -8.93581e-23  1.97864e-37   1.0922e-21  9.72128e-37 -1.12719e-20 -1.45318e-35   9.9762e-20  8.62122e-35 -7.66135e-19 -2.23101e-34  5.15162e-18 -1.46805e-33 -3.05438e-17  2.53953e-32  1.60544e-16 -2.17119e-31  -7.5118e-16  1.39689e-30  3.13825e-15  -7.4176e-30 -1.17305e-14  3.36957e-29  3.92767e-14 -1.33238e-28 -1.17832e-13   4.6278e-28  3.16551e-13  -1.4182e-27 -7.60299e-13  3.83858e-27  1.62821e-12 -9.15585e-27  -3.0963e-12  1.91209e-26  5.19764e-12  -3.4488e-26 -7.63659e-12  5.21744e-26  9.69799e-12 -6.13979e-26 -1.04407e-11  4.09878e-26  9.21975e-12  3.89573e-26 -6.24882e-12 -2.09588e-25  2.68671e-12  4.92707e-25  1.21805e-14 -8.92232e-25 -1.06347e-12  1.38932e-24  7.91708e-13 -1.93641e-24 -1.44296e-13  2.44788e-24 -1.82655e-13 -2.80022e-24  1.35947e-13  2.86446e-24 -2.77496e-15  -2.5732e-24 -3.70962e-14  1.98147e-24  1.15023e-14 -1.26291e-24  6.40155e-15  6.26628e-25 -3.76271e-15 -2.10062e-25 -8.56979e-16  2.69925e-26  8.03472e-16  1.14749e-27  1.15711e-16  2.81956e-26 -1.31445e-16 -5.29908e-26 -1.99516e-17  5.57193e-26  1.64034e-17 -4.36835e-26  3.58154e-18  2.82268e-26 -1.38343e-18 -1.57398e-26 -4.83679e-19  7.71767e-27  5.11979e-20 -3.32984e-27  4.01071e-20  1.24511e-27  2.54232e-21  -3.8858e-28 -1.59798e-21  9.30938e-29 -3.22935e-22 -1.33146e-29  7.67262e-24   -8.123e-31  8.99424e-24  1.15402e-30  9.03595e-25 -3.86296e-31 -2.69156e-26  7.96004e-32 -1.04965e-26  -1.0531e-32 -5.89523e-28  8.35514e-34  2.74333e-31 -3.46469e-35  6.36241e-31  4.78365e-37
 2.59515e-42 -1.82383e-30 -8.10825e-42  1.42902e-28  2.15369e-40 -5.98161e-27  6.08301e-40  1.68369e-25 -4.10733e-39 -3.52388e-24  7.61681e-38  5.80321e-23 -2.92335e-37 -7.79632e-22 -1.37838e-37  8.75984e-21    1.355e-35 -8.38126e-20 -1.20281e-34  6.92122e-19  6.20837e-34 -4.98412e-18 -1.46805e-33   3.1549e-17 -9.02425e-33 -1.76627e-16   1.4736e-31  8.78746e-16 -1.19539e-30 -3.89901e-15  7.31624e-30   1.5468e-14 -3.70102e-29 -5.49548e-14  1.60305e-28  1.74982e-13 -6.04738e-28 -4.99276e-13  2.00471e-27  1.27525e-12 -5.86519e-27 -2.90973e-12  1.51608e-26  5.91125e-12 -3.45559e-26 -1.06406e-11  6.90626e-26  1.68529e-11 -1.19659e-25 -2.32499e-11  1.75658e-25  2.75188e-11 -2.07095e-25 -2.72736e-11  1.64054e-25  2.16587e-11  1.14107e-26 -1.24643e-11 -3.64643e-25  3.47694e-12  9.13879e-25  1.89482e-12 -1.65338e-24 -2.86521e-12   2.5623e-24  1.33887e-12 -3.58842e-24  1.63793e-13  4.59923e-24 -5.28448e-13  -5.3523e-24  1.93791e-13  5.56096e-24  7.82482e-14 -5.05808e-24 -7.85647e-14  3.94175e-24  8.30748e-16 -2.56209e-24  1.85497e-14  1.33438e-24 -3.11171e-15  -5.2034e-25 -3.44418e-15  1.39848e-25  8.18711e-16 -4.62574e-26   5.6748e-16  6.65324e-26 -1.25126e-16 -9.28814e-26 -8.45335e-17  9.23247e-26  1.06495e-17 -7.20459e-26  1.04338e-17  4.69503e-26  9.07046e-21 -2.62282e-26  -9.0761e-19  1.26188e-26  -1.1716e-19 -5.19255e-27   4.2431e-20  1.79766e-27  1.22575e-20 -5.04555e-28  -1.7952e-22  1.04311e-28 -4.68318e-22 -1.08132e-29 -5.63651e-23 -2.09268e-30  3.34813e-24   1.3844e-30  1.27748e-24 -3.90158e-31  8.57295e-26  7.02092e-32 -2.37437e-27 -7.82735e-33 -4.97287e-28  4.74963e-34  -1.5431e-29 -1.19472e-35 -2.27225e-32
