 3.73498e-06  2.69799e-21 -4.11233e-05 -3.40475e-20  0.000168164   1.1529e-19 -0.000378933 -2.23669e-19  0.000502662  2.73579e-19 -0.000341299 -2.01037e-19 -1.08219e-05  7.23184e-20  0.000199792  1.06283e-21 -9.62296e-05   5.6404e-22 -4.24778e-05 -1.47455e-20  3.25641e-05
 2.69799e-21  5.93279e-05  2.03866e-20 -0.000361364 -1.47428e-19   0.00107577  3.83135e-19  -0.00186207 -6.09674e-19   0.00183261  5.89964e-19 -0.000655794 -3.15617e-19 -0.000596088  6.09029e-20  0.000705745 -2.60533e-21 -4.95362e-05  5.63775e-20 -0.000212631 -4.59023e-20
-4.11233e-05  2.03866e-20  0.000453189  6.51604e-20  -0.00185402 -3.28227e-19   0.00417639   7.2803e-19  -0.00552852 -9.42966e-19   0.00371923  6.60191e-19  0.000196087 -1.79575e-19  -0.00228371 -2.83157e-20   0.00111243 -7.69257e-20  0.000449023  1.62946e-19 -0.000355048
-3.40475e-20 -0.000361364  6.51604e-20   0.00220241  1.20037e-19  -0.00655966 -5.43909e-19    0.0113577   1.0821e-18   -0.0111755  -1.0604e-18   0.00397349  4.11058e-19   0.00371889  8.84857e-20   -0.0044548  -2.9196e-20  0.000469239 -2.94468e-19    0.0011989  2.58664e-19
 0.000168164 -1.47428e-19  -0.00185402  1.20037e-19   0.00759039  1.95248e-19   -0.0171225 -9.34973e-19    0.0227383  1.50624e-18    -0.015442 -1.01158e-18 -0.000601899  9.75781e-20   0.00943593  1.95026e-19  -0.00502313   1.8965e-19   -0.0013187 -4.55312e-19   0.00126355
  1.1529e-19   0.00107577 -3.28227e-19  -0.00655966  1.95248e-19    0.0195715  3.87687e-19   -0.0340429 -1.55728e-18     0.033922  1.83469e-18   -0.0128582 -8.11799e-19   -0.0103841 -6.75269e-20    0.0137787  9.48391e-20  -0.00285058  4.51358e-19  -0.00251571 -5.66448e-19
-0.000378933  3.83135e-19   0.00417639 -5.43909e-19   -0.0171225  3.87687e-19    0.0388181  6.94408e-19   -0.0522516 -1.99804e-18    0.0370916  1.70314e-18  -0.00138849 -5.58446e-19   -0.0204316 -1.52152e-20     0.013616 -1.03965e-19 -0.000227157  2.90264e-19  -0.00162667
-2.23669e-19  -0.00186207   7.2803e-19    0.0113577 -9.34973e-19   -0.0340429  6.94408e-19    0.0600338   8.7782e-19   -0.0621699 -1.79532e-18    0.0281411  1.01318e-18    0.0132268  4.11591e-21   -0.0249341 -9.36173e-19    0.0110065  1.25935e-18 -0.000317669 -3.33932e-19
 0.000502662 -6.09674e-19  -0.00552852   1.0821e-18    0.0227383 -1.55728e-18   -0.0522516   8.7782e-19     0.072988  8.05204e-19   -0.0579608 -1.21128e-18    0.0129223  7.16136e-19    0.0224465 -2.96248e-19   -0.0247513 -4.16932e-19    0.0107785  4.39225e-19  -0.00190298
 2.73579e-19   0.00183261 -9.42966e-19   -0.0111755  1.50624e-18     0.033922 -1.99804e-18   -0.0621699  8.05204e-19    0.0711699  3.63136e-19   -0.0452216  1.94241e-19   0.00214519 -1.79972e-18    0.0253054  5.55195e-18   -0.0258521  -9.3588e-18    0.0123165  7.22678e-18
-0.000341299  5.89964e-19   0.00371923  -1.0604e-18    -0.015442  1.83469e-18    0.0370916 -1.79532e-18   -0.0579608  3.63136e-19    0.0600204  5.98791e-19   -0.0359653 -1.30077e-18  -0.00141091  2.76571e-18    0.0282831 -3.66165e-18   -0.0282442  6.05293e-18   0.00950309
-2.01037e-19 -0.000655794  6.60191e-19   0.00397349 -1.01158e-18   -0.0128582  1.70314e-18    0.0281411 -1.21128e-18   -0.0452216  5.98791e-19     0.051976 -2.42696e-18   -0.0342489  7.52301e-18  -0.00429782 -1.84138e-17    0.0318147  3.06285e-17   -0.0237337 -3.13668e-17
-1.08219e-05 -3.15617e-19  0.000196087  4.11058e-19 -0.000601899 -8.11799e-19  -0.00138849  1.01318e-18    0.0129223  1.94241e-19   -0.0359653 -2.42696e-18    0.0515385  6.88344e-18   -0.0335613 -1.73711e-17  -0.00729839   3.1951e-17    0.0258702 -4.57437e-17    -0.010489
 7.23184e-20 -0.000596088 -1.79575e-19   0.00371889  9.75781e-20   -0.0103841 -5.58446e-19    0.0132268  7.16136e-19   0.00214519 -1.30077e-18   -0.0342489  6.88344e-18    0.0522458 -2.15718e-17   -0.0329465  4.80338e-17   0.00111784 -7.68952e-17    0.0072331  9.08959e-17
 0.000199792  6.09029e-20  -0.00228371  8.84857e-20   0.00943593 -6.75269e-20   -0.0204316  4.11591e-21    0.0224465 -1.79972e-18  -0.00141091  7.52301e-18   -0.0335613 -2.15718e-17    0.0530078  5.51536e-17   -0.0446111  -1.0684e-16    0.0247643  1.47278e-16  -0.00779636
 1.06283e-21  0.000705745 -2.83157e-20   -0.0044548  1.95026e-19    0.0137787 -1.52152e-20   -0.0249341 -2.96248e-19    0.0253054  2.76571e-18  -0.00429782 -1.73711e-17   -0.0329465  5.51536e-17    0.0664075 -1.15038e-16    -0.072931  1.70886e-16    0.0436885 -1.96729e-16
-9.62296e-05 -2.60533e-21   0.00111243  -2.9196e-20  -0.00502313  9.48391e-20     0.013616 -9.36173e-19   -0.0247513  5.55195e-18    0.0282831 -1.84138e-17  -0.00729839  4.80338e-17   -0.0446111 -1.15038e-16    0.0965597  2.19042e-16   -0.0942767 -2.91436e-16    0.0348931
  5.6404e-22 -4.95362e-05 -7.69257e-20  0.000469239   1.8965e-19  -0.00285058 -1.03965e-19    0.0110065 -4.16932e-19   -0.0258521 -3.66165e-18    0.0318147   3.1951e-17   0.00111784  -1.0684e-16    -0.072931  2.19042e-16     0.119229 -3.05205e-16   -0.0811547  3.09121e-16
-4.24778e-05  5.63775e-20  0.000449023 -2.94468e-19   -0.0013187  4.51358e-19 -0.000227157  1.25935e-18    0.0107785  -9.3588e-18   -0.0282442  3.06285e-17    0.0258702 -7.68952e-17    0.0247643  1.70886e-16   -0.0942767 -3.05205e-16     0.103842  3.78554e-16   -0.0394955
-1.47455e-20 -0.000212631  1.62946e-19    0.0011989 -4.55312e-19  -0.00251571  2.90264e-19 -0.000317669  4.39225e-19    0.0123165  6.05293e-18   -0.0237337 -4.57437e-17    0.0072331  1.47278e-16    0.0436885 -2.91436e-16   -0.0811547  3.78554e-16    0.0571052 -3.17164e-16
 3.25641e-05 -4.59023e-20 -0.000355048  2.58664e-19   0.00126355 -5.66448e-19  -0.00162667 -3.33932e-19  -0.00190298  7.22678e-18   0.00950309 -3.13668e-17    -0.010489  9.08959e-17  -0.00779636 -1.96729e-16    0.0348931  3.09121e-16   -0.0394955 -3.17164e-16    0.0151786
