   0.0151786  6.97425e-14    0.0394955  9.86721e-14    0.0348931  5.25681e-14   0.00779636 -9.12717e-15    -0.010489 -2.80418e-14  -0.00950309 -1.32078e-14  -0.00190298  1.30204e-15   0.00162667  4.00634e-15   0.00126355  1.76997e-15  0.000355048  3.08911e-16  3.25641e-05
 6.97425e-14    0.0571052  1.81861e-13    0.0811547  1.61701e-13    0.0436885  3.72062e-14   -0.0072331 -4.86593e-14   -0.0237337 -4.64968e-14   -0.0123165 -1.23871e-14 -0.000317669  4.87085e-15   0.00251571  4.68546e-15    0.0011989  1.36323e-15  0.000212631  1.25751e-16
   0.0394955  1.81861e-13     0.103842  2.61558e-13    0.0942767   1.4689e-13    0.0247643 -1.57363e-14   -0.0258702 -7.56587e-14   -0.0282442 -4.66508e-14   -0.0107785 -9.58939e-15 -0.000227157  2.91552e-15    0.0013187  2.10868e-15  0.000449023  4.00663e-16  4.24778e-05
 9.86721e-14    0.0811547  2.61558e-13     0.119229  2.47642e-13     0.072931    8.249e-14   0.00111784 -5.12923e-14   -0.0318147 -7.52773e-14   -0.0258521 -4.26693e-14   -0.0110065 -1.40738e-14  -0.00285058 -2.89037e-15 -0.000469239 -3.85126e-16 -4.95362e-05 -2.78197e-17
   0.0348931  1.61701e-13    0.0942767  2.47642e-13    0.0965597  1.75615e-13    0.0446111  3.70664e-14  -0.00729839 -5.17069e-14   -0.0282831 -6.73641e-14   -0.0247513 -4.56382e-14    -0.013616 -2.06512e-14  -0.00502313 -6.04839e-15  -0.00111243 -9.26864e-16 -9.62296e-05
 5.25681e-14    0.0436885   1.4689e-13     0.072931  1.75615e-13    0.0664075  1.22331e-13    0.0329465  3.15033e-14  -0.00429782  -4.1638e-14   -0.0253054 -6.48017e-14   -0.0249341 -4.67965e-14   -0.0137787  -1.9935e-14   -0.0044548 -4.70098e-15 -0.000705745   -4.128e-16
  0.00779636  3.72062e-14    0.0247643    8.249e-14    0.0446111  1.22331e-13    0.0530078  1.10857e-13    0.0335613  3.80632e-14  -0.00141091 -3.54609e-14   -0.0224465 -5.61107e-14   -0.0204316  -3.5448e-14  -0.00943593 -1.20249e-14  -0.00228371 -1.92853e-15 -0.000199792
-9.12717e-15   -0.0072331 -1.57363e-14   0.00111784  3.70664e-14    0.0329465  1.10857e-13    0.0522458   1.1208e-13    0.0342489  4.14716e-14   0.00214519 -1.99791e-14   -0.0132268 -3.12308e-14   -0.0103841 -1.60671e-14  -0.00371889 -3.97951e-15 -0.000596088 -3.46873e-16
   -0.010489 -4.86593e-14   -0.0258702 -5.12923e-14  -0.00729839  3.15033e-14    0.0335613   1.1208e-13    0.0515385  1.10386e-13    0.0359653  5.59203e-14    0.0129223  1.30113e-14   0.00138849 -6.60885e-16 -0.000601899 -1.00478e-15 -0.000196087 -1.51633e-16 -1.08219e-05
-2.80418e-14   -0.0237337 -7.56587e-14   -0.0318147 -5.17069e-14  -0.00429782  3.80632e-14    0.0342489  1.10386e-13     0.051976   1.2045e-13    0.0452216  8.76699e-14    0.0281411  4.69227e-14    0.0128582  1.79361e-14   0.00397349  4.23959e-15  0.000655794   3.9049e-16
 -0.00950309 -4.64968e-14   -0.0282442 -7.52773e-14   -0.0282831  -4.1638e-14  -0.00141091  4.14716e-14    0.0359653   1.2045e-13    0.0600204  1.47362e-13    0.0579608  1.15451e-13    0.0370916  6.00449e-14     0.015442  1.94656e-14   0.00371923  3.18584e-15  0.000341299
-1.32078e-14   -0.0123165 -4.66508e-14   -0.0258521 -6.73641e-14   -0.0253054 -3.54609e-14   0.00214519  5.59203e-14    0.0452216  1.47362e-13    0.0711699  1.67384e-13    0.0621699  1.15249e-13     0.033922  4.94197e-14    0.0111755  1.19717e-14   0.00183261  1.08261e-15
 -0.00190298 -1.23871e-14   -0.0107785 -4.26693e-14   -0.0247513 -6.48017e-14   -0.0224465 -1.99791e-14    0.0129223  8.76699e-14    0.0579608  1.67384e-13     0.072988    1.556e-13    0.0522516   8.6998e-14    0.0227383  2.88915e-14   0.00552852  4.72702e-15  0.000502662
 1.30204e-15 -0.000317669 -9.58939e-15   -0.0110065 -4.56382e-14   -0.0249341 -5.61107e-14   -0.0132268  1.30113e-14    0.0281411  1.15451e-13    0.0621699    1.556e-13    0.0600338  1.13983e-13    0.0340429   5.0022e-14    0.0113577  1.21812e-14   0.00186207  1.09862e-15
  0.00162667  4.87085e-15 -0.000227157 -1.40738e-14    -0.013616 -4.67965e-14   -0.0204316 -3.12308e-14   0.00138849  4.69227e-14    0.0370916  1.15249e-13    0.0522516  1.13983e-13    0.0388181  6.51897e-14    0.0171225  2.18104e-14   0.00417639  3.56966e-15  0.000378933
 4.00634e-15   0.00251571  2.91552e-15  -0.00285058 -2.06512e-14   -0.0137787  -3.5448e-14   -0.0103841 -6.60885e-16    0.0128582  6.00449e-14     0.033922   8.6998e-14    0.0340429  6.51897e-14    0.0195715  2.88454e-14   0.00655966  7.03905e-15   0.00107577  6.34384e-16
  0.00126355  4.68546e-15    0.0013187 -2.89037e-15  -0.00502313  -1.9935e-14  -0.00943593 -1.60671e-14 -0.000601899  1.79361e-14     0.015442  4.94197e-14    0.0227383   5.0022e-14    0.0171225  2.88454e-14   0.00759039  9.67843e-15   0.00185402  1.58464e-15  0.000168164
 1.76997e-15    0.0011989  2.10868e-15 -0.000469239 -6.04839e-15   -0.0044548 -1.20249e-14  -0.00371889 -1.00478e-15   0.00397349  1.94656e-14    0.0111755  2.88915e-14    0.0113577  2.18104e-14   0.00655966  9.67843e-15   0.00220241  2.36405e-15  0.000361364  2.13028e-16
 0.000355048  1.36323e-15  0.000449023 -3.85126e-16  -0.00111243 -4.70098e-15  -0.00228371 -3.97951e-15 -0.000196087  4.23959e-15   0.00371923  1.19717e-14   0.00552852  1.21812e-14   0.00417639  7.03905e-15   0.00185402  2.36405e-15  0.000453189  3.87199e-16  4.11233e-05
 3.08911e-16  0.000212631  4.00663e-16 -4.95362e-05 -9.26864e-16 -0.000705745 -1.92853e-15 -0.000596088 -1.51633e-16  0.000655794  3.18584e-15   0.00183261  4.72702e-15   0.00186207  3.56966e-15   0.00107577  1.58464e-15  0.000361364  3.87199e-16  5.93279e-05  3.48876e-17
 3.25641e-05  1.25751e-16  4.24778e-05 -2.78197e-17 -9.62296e-05   -4.128e-16 -0.000199792 -3.46873e-16 -1.08219e-05   3.9049e-16  0.000341299  1.08261e-15  0.000502662  1.09862e-15  0.000378933  6.34384e-16  0.000168164  2.13028e-16  4.11233e-05  3.48876e-17  3.73498e-06
