 1.07867e-20  4.03825e-37 -4.65396e-19 -2.52666e-35   7.7499e-18    4.914e-34 -7.68428e-17 -5.60358e-33  5.22472e-16  4.52965e-32  -2.6101e-15 -2.85983e-31  9.95805e-15  1.49101e-30 -2.96613e-14  -6.5912e-30  6.97283e-14   2.4866e-29 -1.29536e-13 -7.99095e-29  1.88393e-13  2.18508e-28 -2.09084e-13 -5.10568e-28  1.66808e-13   1.0311e-27 -8.05011e-14  -1.8339e-27  4.14602e-15  2.94027e-27  2.33981e-14 -4.32743e-27 -1.21407e-14   5.8403e-27 -2.71714e-15 -7.02252e-27  4.19879e-15  7.11684e-27  3.31747e-17 -5.55757e-27 -1.12218e-15  2.74107e-27  2.63494e-17 -1.55343e-28  2.75309e-16 -7.06941e-28   1.5495e-17 -2.71308e-28 -5.95228e-17  1.78214e-27 -1.30658e-17 -2.49876e-27  9.42563e-18  2.22325e-27  4.67463e-18 -1.57488e-27 -5.11011e-19  1.03745e-27  -9.4501e-19 -6.61231e-28 -2.00272e-19  3.83151e-28    8.049e-20 -2.09341e-28  5.50656e-20  1.28174e-28  7.96912e-21 -8.24948e-29  -4.0836e-21  4.18013e-29 -2.36621e-21 -1.39869e-29 -4.05901e-22  3.31879e-30  8.94148e-23 -7.96257e-31  6.90228e-23 -2.36024e-31  1.69844e-23  6.20744e-31  6.64184e-25 -4.30456e-31 -9.54373e-25  1.98613e-31 -3.63288e-25 -9.99328e-32  -6.4867e-26   5.5182e-32 -2.10124e-27 -2.49867e-32   2.3013e-27   8.4805e-33  7.61179e-28 -2.15406e-33  1.32325e-28  4.17647e-34  1.17893e-29 -6.44636e-35  -5.6476e-31   5.2444e-36 -4.02804e-31  1.46504e-36 -7.76182e-32 -9.16835e-37 -9.23572e-33  3.22291e-37 -6.81832e-34 -5.46335e-38 -1.51916e-35  7.17412e-40  3.54014e-36   1.4908e-40  5.69535e-37  8.53402e-41  4.81321e-38  4.69561e-42  2.63311e-39 -1.79586e-42  9.22615e-41  1.15053e-43  1.50359e-42  8.86516e-46 -6.90181e-45 -3.76569e-47 -3.12454e-46  7.12078e-48
 4.03825e-37  6.70647e-19  1.38023e-35 -1.64277e-17 -5.93733e-34  2.08065e-16  9.07326e-33 -1.70909e-15 -8.55063e-32  1.00247e-14  5.88953e-31 -4.41985e-14 -3.25843e-30  1.50862e-13  1.52991e-29 -4.05192e-13 -6.21576e-29  8.61826e-13  2.17369e-28 -1.44714e-12 -6.46358e-28  1.88943e-12  1.62309e-27 -1.84984e-12 -3.45393e-27  1.24317e-12  6.33427e-27 -4.15415e-13 -1.03518e-26 -1.27962e-13   1.5789e-26  2.01811e-13 -2.32636e-26 -4.54271e-14  3.27551e-26  -4.5648e-14 -4.16512e-26   2.3223e-14  4.43722e-26  9.23606e-15 -3.62691e-26 -6.79755e-15  1.95822e-26 -2.27703e-15 -4.14963e-27  1.53982e-15 -6.18343e-28  6.74516e-16  -5.2256e-27 -2.45577e-16  1.30739e-26 -1.85247e-16 -1.55322e-26  9.81625e-18  1.27011e-26  3.73794e-17 -8.74737e-27  8.19098e-18  5.94305e-27  -3.9504e-18 -3.93251e-27 -2.51166e-18  2.27154e-27 -2.18184e-19 -1.19307e-27  2.78308e-19  7.04509e-28   1.2416e-19 -4.43625e-28  9.70028e-21  2.17127e-28 -1.05791e-20 -6.86414e-29 -4.80323e-21  1.55102e-29 -7.01692e-22 -3.69031e-30  1.75317e-22 -1.36995e-30  1.18947e-22  2.93351e-30  2.84873e-23 -1.79267e-30  1.75166e-24  7.50315e-31 -1.14337e-24 -3.87514e-31  -4.6622e-25   2.2258e-31 -9.04741e-26 -9.97525e-32 -7.12023e-27  3.23838e-32  1.39789e-27 -7.52358e-33  6.22497e-28  1.32005e-33  1.21466e-28 -2.19081e-34  1.41955e-29  2.53326e-35  6.63797e-31  3.69332e-36 -1.13549e-31 -2.89782e-36 -3.20677e-32  1.00396e-36 -4.33076e-33 -1.46413e-37 -3.82467e-34 -3.43723e-39 -2.14848e-35  3.13188e-40 -4.60488e-37  3.45551e-40  4.19079e-38  1.02623e-41  4.95839e-39  -4.0086e-42  2.64102e-40  2.41527e-43  7.62831e-42  4.48779e-45  1.12304e-43  9.57146e-47  7.35658e-46
-4.65396e-19  1.38023e-35  2.05131e-17  2.65836e-34 -3.49324e-16  -8.5411e-33  3.54618e-15    1.047e-31 -2.47181e-14 -8.14305e-31  1.26782e-13  4.72641e-30   -4.975e-13 -2.26804e-29  1.52744e-12  9.56844e-29 -3.71123e-12  -3.5829e-28  7.15177e-12  1.15997e-27 -1.08461e-11 -3.15054e-27  1.26592e-11  7.05302e-27 -1.08025e-11 -1.29984e-26  5.86829e-12  2.02137e-26 -8.91381e-13 -2.86406e-26 -1.36974e-12  4.23026e-26  9.59283e-13 -6.97403e-26  5.49171e-14  1.15708e-25 -2.98554e-13 -1.67666e-25  4.20967e-14  1.94162e-25  7.65739e-14  -1.6829e-25  -1.4709e-14  9.96042e-26 -1.93731e-14 -3.50168e-26  2.26045e-15  1.65969e-26  4.68631e-15 -4.05509e-26  2.29286e-16  6.75036e-26 -9.27608e-16 -6.93267e-26 -2.51781e-16   5.2055e-26  1.09668e-16 -3.47466e-26  7.44732e-17  2.41541e-26  3.80744e-18 -1.63044e-26 -1.04335e-17   9.2481e-27 -3.97085e-18 -4.64564e-27  8.48118e-20  2.65974e-27  5.36901e-19 -1.64625e-27   1.7976e-19  7.77405e-28  5.10058e-21 -2.31638e-28 -1.64696e-20  5.04605e-29 -6.38739e-21 -1.20417e-29  -8.6112e-22 -5.42206e-30  1.98188e-22  9.48305e-30  1.30202e-22 -4.93497e-30   3.1354e-23  1.81842e-30  2.77595e-24 -1.01006e-30 -7.47479e-25  6.17772e-31 -3.60125e-25 -2.74872e-31 -7.60697e-26  8.49286e-32 -8.51837e-27 -1.75747e-32  1.09348e-28  2.72103e-33  2.60257e-28 -5.42161e-34  5.94475e-29  8.67439e-35  8.03997e-30  5.82396e-36   6.6475e-31 -6.56277e-36  1.52839e-32   2.1701e-36  -4.7258e-33 -2.50538e-37 -8.52466e-34  -1.9337e-38 -8.23836e-35  8.97393e-41 -5.25409e-36   8.6502e-40 -2.16593e-37  2.12359e-41 -4.59667e-39 -5.74781e-42  3.88768e-41   3.3009e-43  4.46975e-42  8.72849e-45  9.10396e-44  1.88217e-46
-2.52666e-35 -1.64277e-17  2.65836e-34  4.11506e-16  3.50778e-33 -5.33575e-15 -8.74619e-32  4.49262e-14  8.59132e-31 -2.70497e-13 -5.36872e-30  1.22622e-12  2.50824e-29 -4.31184e-12 -9.98276e-29  1.19596e-11  3.71085e-28 -2.63513e-11 -1.27762e-27  4.60341e-11  3.76212e-27 -6.29337e-11 -8.74419e-27  6.52444e-11  1.48239e-26 -4.76261e-11  -1.5532e-26  1.92694e-11  2.39889e-27  2.27651e-12  2.01497e-26 -7.59865e-12 -1.67909e-26  2.70123e-12 -7.15206e-26  1.38804e-12  2.75365e-25 -1.13538e-12 -5.32718e-25 -2.04632e-13   6.9467e-25  3.25834e-13 -6.40773e-25  4.47089e-14  4.10501e-25 -7.94739e-14  -1.8946e-25 -1.72009e-14  1.30666e-25  1.57767e-14 -2.07553e-25  6.35544e-15  2.75776e-25 -1.93779e-15 -2.51483e-25 -1.68606e-15  1.74226e-25 -8.33331e-17 -1.12536e-25  2.68551e-16   7.9467e-26  9.49181e-17 -5.40373e-26 -1.08769e-17  2.98175e-26 -1.72453e-17 -1.42828e-26 -4.45288e-18  7.96954e-27  5.93581e-19  -4.8682e-27  7.28024e-19  2.21534e-27  1.97663e-19 -6.21473e-28  -9.6252e-22  1.32863e-28 -1.83352e-20 -3.15873e-29 -6.44177e-21 -1.74121e-29 -8.68098e-22  2.42958e-29  1.44833e-22 -1.01172e-29  1.02722e-22  3.06733e-30  2.54909e-23 -2.03221e-30  2.93294e-24  1.36598e-30 -2.37299e-25 -6.04857e-31 -1.83842e-25   1.7654e-31 -4.29074e-26 -3.11124e-32 -5.81314e-27  4.04309e-33  -3.4056e-28 -1.14613e-33  4.78579e-29  2.33919e-34  1.65093e-29  6.86454e-36   2.5306e-30 -1.25411e-35   2.5012e-31  3.76512e-36  1.53521e-32 -2.90017e-37  2.63778e-34 -5.21921e-38 -5.72481e-35 -1.17329e-39 -7.24032e-36  1.59502e-39 -4.68459e-37  4.43101e-41 -1.89471e-38 -5.71445e-42 -4.55147e-40   3.3395e-43 -5.70288e-42  9.87253e-45 -2.05666e-44
  7.7499e-18 -5.93733e-34 -3.49324e-16  3.50778e-33  6.08995e-15  3.42696e-32 -6.33655e-14 -6.67677e-31  4.53311e-13  5.05664e-30    -2.39e-12 -2.27714e-29   9.6578e-12  6.75559e-29 -3.06014e-11 -1.51872e-28  7.69444e-11  3.68059e-28    -1.54e-10 -1.03707e-27  2.43811e-10  1.56957e-27 -2.99492e-10  5.62078e-27  2.73148e-10 -4.68979e-26 -1.65388e-10  1.69985e-25  4.02075e-11   -4.074e-25  2.90104e-11  6.95845e-25 -2.83241e-11 -8.21638e-25  2.48659e-12  5.06596e-25  7.80193e-12  3.46596e-25 -2.41305e-12 -1.43847e-24 -1.85163e-12  2.17241e-24  7.71154e-13  -2.1185e-24  4.72735e-13  1.44235e-24 -1.65587e-13 -7.81509e-25 -1.27521e-13  6.12405e-25  1.87948e-14 -8.14222e-25  3.05464e-14  9.38036e-25  2.76808e-15 -7.77125e-25 -5.16903e-15  4.99824e-25 -1.89419e-15 -3.12094e-25  3.29562e-16  2.22674e-25  4.05891e-16 -1.51308e-25  8.23115e-17  8.07349e-26 -2.93803e-17   -3.678e-26 -2.09977e-17  2.00995e-26  -3.8383e-18 -1.21651e-26  1.00261e-18  5.32985e-27  7.62813e-19 -1.40937e-27    1.784e-19  3.02687e-28 -3.40306e-21 -6.92018e-29 -1.55935e-20 -4.89885e-29 -5.19391e-21  5.25341e-29 -7.40852e-22 -1.54583e-29  6.35826e-23  3.06521e-30  6.02144e-23 -3.32417e-30  1.57485e-23  2.56217e-30  2.17565e-24 -1.13044e-30  3.84664e-26  3.08297e-31 -5.98654e-26 -4.25216e-32 -1.64279e-26  4.05041e-33   -2.521e-27 -2.20504e-33 -2.32456e-28  5.20585e-34 -5.50106e-30  8.24768e-36  2.19207e-30 -2.17159e-35  4.38374e-31  5.56668e-36  4.78061e-32 -1.64839e-37  3.45656e-33 -9.89589e-38  1.59277e-34 -3.85557e-39  3.08479e-36  2.32905e-39 -1.40571e-37  8.12318e-41 -1.31176e-38 -3.56264e-42  -4.4376e-40  2.61636e-43  -6.7015e-42  6.45857e-45
   4.914e-34  2.08065e-16  -8.5411e-33 -5.33575e-15  3.42696e-32  7.09105e-14  2.54256e-31 -6.12727e-13 -3.71901e-30  3.79151e-12  1.82364e-29 -1.76942e-11 -2.03208e-29  6.41809e-11 -2.57235e-28 -1.84077e-10  1.84499e-27  4.20707e-10 -7.32664e-27 -7.65574e-10  2.35326e-26  1.09706e-09 -7.45986e-26 -1.20475e-09  2.36934e-25   9.5264e-10 -6.76476e-25 -4.52274e-10  1.60068e-24  1.24517e-11 -3.03565e-24   1.4369e-10  4.52428e-24 -7.32485e-11 -5.09191e-24 -1.76601e-11  3.77244e-24  2.68332e-11  -4.8371e-25  8.09195e-14 -3.49799e-24 -7.45827e-12  6.15711e-24  3.05349e-13 -6.25639e-24  1.90567e-12  4.44592e-24  5.70109e-14 -2.65601e-24 -4.36198e-13  2.19126e-24 -8.13111e-14 -2.62723e-24  7.59309e-14  2.74178e-24  3.33928e-14 -2.09982e-24 -5.83727e-15  1.26034e-24 -7.57367e-15 -7.59728e-25 -1.28536e-15  5.45974e-25  7.87083e-16 -3.69091e-25  4.49957e-16  1.89644e-25  4.52341e-17  -8.1881e-26 -4.19661e-17  4.40274e-26 -2.03552e-17 -2.65214e-26 -2.69554e-18  1.11865e-26  1.09827e-18 -2.80152e-27   6.4823e-19  6.21381e-28  1.38006e-19 -1.26313e-28  -1.7963e-21  -1.2537e-28 -1.03872e-20  9.94807e-29 -3.40822e-21 -1.48792e-29 -5.28339e-22  -1.1825e-30  5.94594e-24 -4.52756e-30  2.58455e-23  4.23336e-30  7.36774e-24 -1.86021e-30  1.15882e-24  4.66705e-31  8.33382e-26 -4.13518e-32  -9.5175e-27  1.15458e-33 -4.08028e-27  -3.9505e-33 -7.05895e-28  9.87541e-34 -7.73065e-29  1.56684e-35 -5.08716e-30 -3.51445e-35 -4.73546e-32  7.24037e-36  3.34398e-32  1.98015e-37  4.51475e-33 -1.45449e-37  3.40649e-34  -7.5056e-39  1.67043e-35  2.79748e-39  5.13603e-37  1.21576e-40  7.96408e-39 -4.57166e-43 -5.86916e-43   1.5944e-43 -1.14116e-42
-7.68428e-17  9.07326e-33  3.54618e-15 -8.74619e-32 -6.33655e-14  2.54256e-31  6.76599e-13  1.38842e-30 -4.97408e-12 -1.23546e-29  2.69921e-11 -1.24206e-29 -1.12471e-10  6.61249e-28  3.68288e-10  -4.8621e-27 -9.59621e-10  2.16445e-26  1.99746e-09 -7.30049e-26  -3.3054e-09  2.17022e-25  4.27695e-09 -6.25934e-25 -4.16734e-09  1.73053e-24  2.79184e-09 -4.26232e-24 -9.17981e-10    8.833e-24 -3.19197e-10 -1.49656e-23  4.84713e-10  2.03399e-23 -1.10785e-10 -2.14492e-23 -1.13243e-10  1.58523e-23  6.04512e-11 -4.48008e-24  2.28672e-11 -8.07803e-24 -1.86402e-11  1.61115e-23 -5.62658e-12 -1.67641e-23  4.51047e-12  1.22564e-23  1.74622e-12 -7.76603e-24 -8.07921e-13  6.50501e-24 -5.20394e-13 -7.25552e-24  6.04322e-14  7.03997e-24  1.16744e-13 -5.04921e-24   1.9561e-14  2.83725e-24 -1.48698e-14 -1.64712e-24 -7.78333e-15  1.19142e-24 -2.08657e-16 -8.00212e-25  1.05737e-15  3.94603e-25  3.94196e-16  -1.6058e-25  6.59056e-18   8.5342e-26 -4.35511e-17 -5.14673e-26 -1.64598e-17  2.09282e-26 -1.64844e-18 -5.01488e-27  9.00002e-19  1.18211e-27  4.58026e-19 -1.83106e-28  9.32843e-20  -2.9626e-28  9.26843e-22  1.69279e-28 -5.41468e-21   3.4517e-30 -1.81701e-21 -1.40717e-29 -3.07209e-22 -5.19909e-30 -1.42737e-23  6.33225e-30  7.55214e-24 -2.76503e-30   2.5451e-24  6.24291e-31  4.43355e-25 -1.44152e-32  4.54669e-26 -5.90983e-33  1.11249e-27 -6.60909e-33 -5.53568e-28  1.63807e-33 -1.21832e-28  3.80368e-35 -1.47684e-29 -5.34841e-35 -1.18296e-30  8.43565e-36 -5.81522e-32  7.95311e-37 -6.92077e-34 -1.70858e-37  1.46665e-34 -1.07952e-38    1.344e-35  2.82538e-39  5.99457e-37  1.45805e-40  1.47668e-38  1.75759e-42  1.64026e-40  6.89293e-44
-5.60358e-33 -1.70909e-15    1.047e-31  4.49262e-14 -6.67677e-31 -6.12727e-13  1.38842e-30   5.4406e-12  4.49669e-30 -3.46468e-11  1.91864e-29  1.66685e-10 -8.39976e-28 -6.24549e-10  7.48118e-27  1.85492e-09  -3.9049e-26 -4.40375e-09  1.46044e-25  8.35911e-09 -4.45848e-25 -1.25706e-08  1.25171e-24  1.46306e-08 -3.43111e-24 -1.25072e-08  8.85683e-24  6.82458e-09 -2.00645e-23 -1.01512e-09  3.80491e-23 -1.68378e-09 -5.90414e-23  1.20556e-09  7.38286e-23  5.47738e-11  -7.2345e-23 -3.88311e-10  5.09323e-23  6.60528e-11 -1.61018e-23  1.01928e-10 -1.84027e-23 -2.45337e-11  3.91903e-23 -2.66662e-11 -4.11465e-23  4.71044e-12  3.06566e-23  6.85603e-12 -2.00685e-23 -7.04161e-14  1.66804e-23  -1.4962e-12 -1.75796e-23  -3.1192e-13  1.61401e-23  2.13356e-13 -1.09478e-23  1.15464e-13  5.76304e-24 -2.80022e-15 -3.20883e-24 -1.96146e-14  2.34138e-24 -6.01886e-15  -1.5646e-24  7.35025e-16  7.38039e-25  1.05366e-15 -2.80497e-25  2.85755e-16  1.48037e-25 -1.65624e-17 -9.01425e-26 -3.59556e-17  3.54688e-26 -1.14458e-17 -8.27991e-27 -9.57685e-19  2.12525e-27  5.77166e-19 -1.72895e-28  2.71598e-19 -6.48524e-28  5.50414e-20   2.6398e-28  2.31917e-21  5.68876e-29 -2.14763e-21  -4.0302e-29   -7.747e-22 -5.11015e-30 -1.42003e-22  8.76586e-30 -1.23554e-23 -3.79105e-30  1.11651e-24  7.47101e-31  6.13314e-25  4.98921e-32  1.19294e-25 -1.73642e-32  1.43622e-26 -1.02822e-32  9.96675e-28  2.42735e-33 -3.32405e-30  8.33488e-35 -1.08807e-29 -7.60739e-35 -1.56783e-30  8.88654e-36 -1.33683e-31  1.53011e-36 -7.56137e-33 -1.58553e-37 -2.67922e-34 -1.21951e-38 -4.07721e-36  2.43065e-39  8.60867e-38  1.38902e-40  4.82836e-39  2.10776e-42  5.24415e-41
 5.22472e-16 -8.55063e-32 -2.47181e-14  8.59132e-31  4.53311e-13 -3.71901e-30 -4.97408e-12  4.49669e-30  3.76312e-11 -8.16069e-30 -2.10487e-10  6.89101e-28  9.05723e-10 -8.33825e-27 -3.06958e-09  5.35921e-26  8.30095e-09 -2.31504e-25 -1.79966e-08   7.5959e-25   3.1171e-08 -2.12867e-24 -4.25299e-08  5.69981e-24  4.42677e-08 -1.50808e-23 -3.26335e-08  3.70977e-23  1.34316e-08  -7.8823e-23  1.56994e-09  1.38774e-22 -5.53003e-09 -1.98821e-22  2.10412e-09  2.29003e-22  9.93128e-10 -2.07002e-22  -9.1262e-10  1.35629e-22 -1.25221e-10 -4.14556e-23  2.72109e-10 -4.16317e-23  2.27701e-11  8.86148e-23 -7.02968e-11 -9.31347e-23 -1.06737e-11  7.03655e-23  1.53741e-11  -4.6647e-23   4.8684e-12  3.77931e-23 -2.32898e-12 -3.79882e-23 -1.52118e-12  3.34576e-23  5.44055e-14 -2.16282e-23  2.90275e-13  1.06402e-23  7.86086e-14 -5.64498e-24 -2.11496e-14  4.18033e-24 -1.88016e-14 -2.79098e-24  -3.5507e-15  1.25452e-24  1.17757e-15  -4.3853e-25  8.49636e-16  2.31079e-25   1.7795e-16 -1.43954e-25 -2.18609e-17  5.52094e-26 -2.45659e-17 -1.29087e-26 -6.97078e-18  3.65758e-27 -5.67103e-19  4.55446e-29   2.9163e-19 -1.31392e-27  1.34734e-19   3.8313e-28   2.7902e-20  1.65411e-28   2.1033e-21 -8.30437e-29  -5.9696e-22 -4.52164e-30 -2.56294e-22  1.14345e-29 -5.08023e-23 -4.88624e-30 -5.78738e-24  8.06164e-31 -1.47846e-25  1.56699e-31  8.88821e-26 -3.20545e-32  2.14064e-26 -1.48172e-32  2.84927e-27  3.27473e-33  2.47796e-28  1.54094e-34  1.23647e-29 -1.00233e-34 -6.53537e-32  8.48892e-36 -7.34312e-32  2.23906e-36 -7.08706e-33 -1.06694e-37  -3.8734e-34 -1.09412e-38 -1.30348e-35  1.79292e-39 -2.47678e-37   1.0298e-40 -1.93907e-39  1.15662e-42
 4.52965e-32  1.00247e-14 -8.14305e-31 -2.70497e-13  5.05664e-30  3.79151e-12 -1.23546e-29 -3.46468e-11 -8.16069e-30  2.27411e-10 -2.64386e-28 -1.12963e-09  6.60104e-27  4.37916e-09 -5.76709e-26 -1.34899e-08  3.04223e-25  3.33213e-08 -1.13114e-24 -6.60782e-08  3.29781e-24  1.04422e-07 -8.53613e-24 -1.28907e-07  2.19988e-23   1.1897e-07 -5.67997e-23 -7.35504e-08  1.34515e-22  1.88218e-08 -2.70382e-22  1.29438e-08  4.44673e-22 -1.35728e-08 -5.89783e-22   1.6474e-09  6.24497e-22  3.75832e-09 -5.16548e-22 -1.40035e-09  3.09348e-22 -8.82305e-10 -8.45854e-23  4.68895e-10 -9.13586e-23  2.28446e-10  1.85752e-22 -1.12387e-10 -1.95537e-22 -6.61564e-11  1.49558e-22  1.75028e-11 -9.86726e-23  1.77919e-11  7.66823e-23  2.28012e-14 -7.40496e-23  -3.5564e-12   6.3352e-23 -9.54995e-13 -3.92681e-23  3.55966e-13   1.7942e-23  2.70189e-13  -8.9786e-24  3.23915e-14  6.82818e-24 -2.85714e-14 -4.58799e-24  -1.4415e-14  1.95523e-24 -1.53356e-15 -6.12433e-25  1.13316e-15  3.24511e-25  5.78864e-16 -2.11285e-25  9.88188e-17  7.99722e-26 -1.66454e-17 -1.94367e-26 -1.41338e-17  6.06952e-27 -3.74208e-18  6.99794e-28 -3.37789e-19 -2.46184e-27  1.13204e-19  5.23686e-28  5.51138e-20  3.46234e-28  1.18564e-20  -1.4212e-28  1.23551e-21 -4.18534e-30 -8.39366e-23  1.42458e-29 -6.23098e-23 -6.02677e-30 -1.35981e-23  7.87538e-31 -1.78831e-24  3.01356e-31 -1.28853e-25 -4.77671e-32  2.85833e-27 -1.97469e-32  2.23864e-27  4.09165e-33  3.43352e-28  2.45506e-34  3.23446e-29 -1.21402e-34  2.02778e-30  7.33434e-36  7.57633e-32  2.75066e-36  5.08664e-34 -3.12806e-38 -1.15587e-34 -7.55659e-39 -6.61065e-36   1.1341e-39 -1.58456e-37  5.64491e-41 -1.26291e-39
 -2.6101e-15  5.88953e-31  1.26782e-13 -5.36872e-30    -2.39e-12  1.82364e-29  2.69921e-11  1.91864e-29 -2.10487e-10 -2.64386e-28  1.21554e-09 -2.51726e-27 -5.41047e-09  4.53901e-26  1.90105e-08 -3.24903e-25 -5.34466e-08  1.46616e-24  1.20892e-07 -4.76084e-24 -2.19509e-07  1.23725e-23  3.16207e-07 -2.96858e-23 -3.51667e-07  7.43868e-23  2.84124e-07  -1.8929e-22 -1.40199e-07  4.34349e-22  7.20621e-09 -8.29619e-22  4.46378e-08  1.27806e-21 -2.52582e-08 -1.56963e-21 -4.56727e-09    1.522e-21  9.33689e-09 -1.14056e-21 -5.76544e-10  6.12654e-22 -2.64749e-09 -1.39677e-22  3.25766e-10 -1.87843e-22  7.08894e-10  3.59935e-22 -4.40793e-11 -3.82972e-22 -1.77594e-10  2.96485e-22 -1.61164e-11 -1.91387e-22   3.6165e-11  1.40403e-22  1.13671e-11 -1.31277e-22 -4.29824e-12  1.10527e-22   -3.309e-12 -6.60024e-23 -2.34293e-13  2.76968e-23  4.70402e-13 -1.28695e-23  1.92518e-13  1.02643e-23 -1.20958e-15 -7.01641e-24  -2.6144e-14  2.81562e-24 -9.27705e-15 -7.54317e-25  -3.9355e-16  4.06419e-25  8.31419e-16 -2.86876e-25  3.41669e-16   1.0927e-25  5.07524e-17 -2.87825e-26 -9.13619e-18  9.74145e-27 -6.87133e-18  2.07782e-27 -1.76097e-18 -4.26892e-27 -1.86699e-19   6.8001e-28  3.09778e-20  6.07193e-28  1.80919e-20 -2.13155e-28  4.09927e-21 -4.94202e-30   5.1878e-22  1.70875e-29   1.4044e-23 -7.22835e-30 -9.84979e-24  6.96374e-31 -2.58419e-24  4.69194e-31 -3.73855e-25 -6.20755e-32 -3.46576e-26 -2.43544e-32 -1.64582e-27  4.80741e-33  6.84238e-29  3.47653e-34  2.15502e-29 -1.34367e-34  2.21853e-30  5.68496e-36  1.40843e-31  2.94498e-36  5.79371e-33  4.12071e-38  1.41332e-34 -3.52594e-39  1.39457e-36   6.0871e-40  -9.4809e-39  1.98518e-41
-2.85983e-31 -4.41985e-14  4.72641e-30  1.22622e-12 -2.27714e-29 -1.76942e-11 -1.24206e-29  1.66685e-10  6.89101e-28 -1.12963e-09 -2.51726e-27  5.80402e-09 -1.73367e-26 -2.33212e-08  2.56798e-25  7.46485e-08 -1.57513e-24 -1.92191e-07  6.19543e-24  3.98868e-07 -1.76641e-23 -6.63414e-07  4.08386e-23  8.69535e-07 -9.10406e-23 -8.65701e-07  2.24586e-22  6.00296e-07 -5.68821e-22 -2.13211e-07   1.2703e-21 -6.10122e-08 -2.31099e-21  1.10947e-07  3.33846e-21 -3.16494e-08 -3.79206e-21 -2.47144e-08  3.34843e-21  1.65735e-08 -2.24342e-21  4.43263e-09  1.05479e-21 -5.28615e-09 -1.82425e-22 -1.01779e-09 -3.50381e-22  1.38601e-09  6.43641e-22  3.59326e-10 -7.03942e-22 -2.92097e-10  5.51204e-22 -1.30149e-10 -3.41895e-22  3.77693e-11  2.32757e-22  3.56852e-11 -2.12979e-22  1.94298e-12  1.79066e-22 -6.00818e-12 -1.03352e-22 -2.17812e-12  3.91179e-23  2.66768e-13 -1.64483e-23  4.19717e-13  1.42782e-23  1.09157e-13 -1.00792e-23  -1.5804e-14   3.7744e-24 -1.89448e-14 -7.89577e-25 -5.18281e-15  4.42213e-25  3.51649e-17 -3.62298e-25  4.97632e-16  1.42829e-25  1.77078e-16 -4.23081e-26  2.46844e-17  1.51272e-26  -3.7087e-18  4.45208e-27 -2.79962e-18 -6.86555e-27 -7.14882e-19  8.44305e-28 -8.86406e-20  9.40949e-28  4.09036e-21  -2.8827e-28  4.54584e-21 -7.05363e-30  1.11262e-21  1.97772e-29  1.59039e-22 -8.53502e-30  1.17162e-23  5.53859e-31 -5.77366e-25  6.38386e-31 -3.14122e-25 -7.32855e-32 -5.10635e-26 -2.78603e-32 -5.21153e-27  5.37772e-33 -3.48666e-28  4.49205e-34 -1.21815e-29 -1.35167e-34  2.67151e-31  3.88884e-36  6.35335e-32  2.78993e-36  4.04079e-33  8.73289e-38  1.39546e-34 -3.83053e-40  2.51546e-36  2.67329e-40  1.53731e-38
 9.95805e-15 -3.25843e-30   -4.975e-13  2.50824e-29   9.6578e-12 -2.03208e-29 -1.12471e-10 -8.39976e-28  9.05723e-10  6.60104e-27 -5.41047e-09 -1.73367e-26  2.49593e-08 -9.85108e-26  -9.1099e-08  1.25654e-24  2.66786e-07 -6.75221e-24 -6.30792e-07  2.33836e-23  1.20289e-06 -5.85787e-23 -1.83219e-06  1.19713e-22  2.17849e-06 -2.48342e-22 -1.92356e-06  6.12867e-22  1.10802e-06 -1.56082e-21 -2.08517e-07  3.40293e-21 -2.58038e-07 -5.90302e-21  2.15138e-07  7.99684e-21 -6.30479e-09 -8.38241e-21 -6.79146e-08  6.68927e-21  1.82132e-08  -3.9319e-21  1.75643e-08  1.55831e-21 -6.74619e-09 -1.71272e-22 -4.71949e-09 -5.74858e-22  1.60281e-09  1.06216e-21  1.33284e-09 -1.22192e-21 -2.03944e-10  9.64694e-22 -3.39725e-10 -5.63581e-22 -2.79968e-11   3.4913e-22  6.25944e-11 -3.17793e-22  2.23559e-11  2.71394e-22 -4.76929e-12   -1.516e-22   -5.303e-12   5.0312e-23 -9.94739e-13 -1.82631e-23  4.45174e-13  1.84845e-23  2.94979e-13 -1.37422e-23  4.97122e-14  4.74937e-24  -1.6622e-14 -6.23735e-25 -1.15191e-14  3.87163e-25  -2.5859e-15 -4.27511e-25  9.98151e-17  1.81031e-25  2.49038e-16 -6.16455e-26  8.08462e-17  2.27025e-26  1.13248e-17  7.96481e-27  -1.0282e-18  -1.0272e-26 -9.36525e-19  1.00855e-27 -2.44309e-19    1.322e-27 -3.43882e-20 -3.58133e-28 -1.00522e-21 -9.64761e-30  7.93075e-22  2.20265e-29  2.25871e-22 -9.98876e-30  3.52034e-23  3.89504e-31  3.41654e-24  7.84796e-31  1.39122e-25 -8.09863e-32 -1.71141e-26 -2.96654e-32 -4.09195e-27  5.77497e-33 -4.48745e-28  5.39739e-34 -3.18299e-29 -1.22796e-34 -1.48054e-30  2.26483e-36 -3.86307e-32  2.34499e-36 -7.77563e-35  9.78764e-38  2.82963e-35  1.11363e-39  6.90857e-37  8.49266e-41
 1.49101e-30  1.50862e-13 -2.26804e-29 -4.31184e-12  6.75559e-29  6.41809e-11  6.61249e-28 -6.24549e-10 -8.33825e-27  4.37916e-09  4.53901e-26 -2.33212e-08 -9.85108e-26  9.73311e-08 -4.84761e-25 -3.24405e-07  5.45264e-24  8.72381e-07 -2.60107e-23 -1.89864e-06  7.97865e-23  3.32979e-06 -1.75152e-22 -4.64003e-06  3.12691e-22  4.98221e-06 -6.04133e-22  -3.8475e-06  1.52455e-21  1.73384e-06 -3.94643e-21  7.83456e-08  8.41713e-21 -6.76253e-07 -1.39255e-20  3.18337e-07  1.76793e-20  1.00661e-07 -1.70475e-20 -1.33452e-07  1.21678e-20 -3.15948e-09 -6.09317e-21  4.03992e-08  1.89661e-21 -1.63044e-09 -7.62571e-23 -1.11001e-08 -7.93421e-22  -1.9225e-10  1.62101e-21    2.756e-09 -2.01529e-21  4.59548e-10  1.59292e-21 -5.35224e-10 -8.56823e-22 -2.18177e-10  4.71193e-22   5.2602e-11 -4.38141e-22  5.62684e-11  3.87563e-22  7.63958e-12 -2.09295e-22 -6.96722e-12  5.82346e-23 -3.54391e-12 -1.64201e-23 -2.22971e-13  2.24129e-23  3.99169e-13 -1.79842e-23  1.73525e-13  5.66981e-24   1.7979e-14 -1.57531e-25 -1.16944e-14  1.92267e-25  -6.0467e-15 -4.72885e-25 -1.18011e-15  2.24869e-25  5.68143e-17 -8.82265e-26  1.04681e-16  3.28692e-26  3.22952e-17  1.25114e-26  4.74917e-18  -1.4346e-26 -1.15766e-19  1.16873e-27 -2.47666e-19  1.70798e-27 -6.80689e-20 -4.14484e-28 -1.05356e-20 -1.06799e-29 -7.81146e-22  2.34455e-29  6.83666e-23 -1.15934e-29  3.16127e-23  2.32749e-31  5.41889e-24  8.87201e-31  5.88428e-25 -8.59414e-32  4.03051e-26 -2.95435e-32  1.01512e-27   5.9721e-33 -1.29455e-28  6.09487e-34 -1.93599e-29 -9.98102e-35 -1.36988e-30   1.0107e-36 -5.94946e-32  1.73634e-36 -1.55015e-33   8.0014e-38 -2.01838e-35  1.18574e-39 -6.63524e-38
-2.96613e-14  1.52991e-29  1.52744e-12 -9.98276e-29 -3.06014e-11 -2.57235e-28  3.68288e-10  7.48118e-27 -3.06958e-09 -5.76709e-26  1.90105e-08  2.56798e-25  -9.1099e-08 -4.84761e-25  3.46185e-07 -2.11692e-24 -1.05845e-06  2.13016e-23  2.62188e-06 -9.10143e-23 -5.26207e-06  2.48202e-22  8.49029e-06 -4.74754e-22 -1.08035e-05  7.25649e-22  1.04068e-05 -1.30567e-21 -6.87741e-06  3.47866e-21  2.12048e-06 -9.25861e-21  1.01106e-06  1.93395e-20  -1.3669e-06 -3.05026e-20  2.95012e-07  3.62468e-20  3.51325e-07 -3.20161e-20 -1.90502e-07  2.01442e-20 -7.38991e-08  -8.1675e-21  6.49358e-08  1.66556e-21   1.8411e-08  4.80783e-23 -1.73934e-08 -8.25044e-22 -6.07264e-09  2.29986e-21  3.58098e-09 -3.17514e-21  2.02132e-09  2.48345e-21 -3.92013e-10 -1.19765e-21 -5.20016e-10  5.64447e-22 -5.94417e-11 -5.60959e-22   8.0425e-11  5.25115e-22  3.54939e-11  -2.7305e-22 -1.58423e-12   5.9039e-23 -5.99937e-12 -8.93041e-24 -1.89984e-12  2.56438e-23  1.05057e-13 -2.28569e-23  2.70694e-13  6.51734e-24  8.85459e-14  6.91885e-25  5.01111e-15 -1.87314e-25 -6.45199e-15 -4.90884e-25 -2.77816e-15  2.75149e-25 -4.99456e-16  -1.2259e-25  1.69523e-17  4.58159e-26  3.65827e-17  1.76712e-26  1.11047e-17 -1.87632e-26  1.74248e-18  1.33077e-27  5.61582e-20  2.04575e-27 -4.80618e-20 -4.51994e-28 -1.48205e-20 -7.58019e-30 -2.46897e-21  2.35889e-29 -2.46135e-22 -1.32892e-29 -6.83228e-24  1.06847e-31  2.47975e-24  9.31599e-31  5.35621e-25 -8.94258e-32  6.21116e-26 -2.76986e-32   4.7603e-27   5.9357e-33  2.32763e-28   6.4844e-34  4.86692e-30  -7.1465e-35 -2.16885e-31  1.78714e-37 -2.16177e-32  1.11323e-36 -7.61588e-34  5.01566e-38 -1.14455e-35  6.07872e-40
 -6.5912e-30 -4.05192e-13  9.56844e-29  1.19596e-11 -1.51872e-28 -1.84077e-10  -4.8621e-27  1.85492e-09  5.35921e-26 -1.34899e-08 -3.24903e-25  7.46485e-08  1.25654e-24 -3.24405e-07 -2.11692e-24  1.12869e-06 -8.32508e-24 -3.17814e-06  7.56817e-23  7.27088e-06 -2.91545e-22 -1.34753e-05  7.08405e-22  1.99984e-05 -1.16976e-21 -2.31675e-05  1.47775e-21  1.98278e-05 -2.47233e-21 -1.08123e-05   7.3153e-21  1.41134e-06 -2.02672e-20  3.06462e-06  4.14705e-20 -2.20926e-06 -6.22972e-20 -9.86265e-08  6.91687e-20  7.74091e-07 -5.56535e-20 -1.56071e-07  3.02166e-20 -2.14896e-07 -8.93015e-21  6.51081e-08   3.4848e-22  5.97409e-08 -5.30614e-23   -1.546e-08 -3.43162e-22 -1.68681e-08  3.06429e-21  1.50516e-09 -4.79807e-21    4.215e-09  3.65362e-21  5.72191e-10 -1.52855e-21 -7.40922e-10  5.81965e-22 -3.16549e-10 -6.71332e-22  4.26816e-11  6.79434e-22  6.85697e-11 -3.37774e-22  1.61016e-11  4.88545e-23 -4.72917e-12   5.8254e-24 -3.95371e-12  2.79189e-23 -8.36467e-13 -2.85241e-23  1.61253e-13  7.36123e-24   1.5156e-13  1.96765e-24  4.02369e-14 -7.82497e-25  1.06542e-15 -4.76776e-25 -2.92211e-15  3.31108e-25  -1.1204e-15  -1.6369e-25 -1.95379e-16  6.13522e-26  4.05105e-19  2.27239e-26  1.03526e-17 -2.30437e-26  3.20481e-18   1.5153e-27   5.3567e-19  2.28186e-27  3.93105e-20 -4.68684e-28 -5.54735e-21  1.64182e-30 -2.36524e-21  2.20238e-29  -4.2506e-22 -1.49509e-29 -4.82206e-23  2.58206e-32 -3.20149e-24  9.13786e-31 -4.96303e-27 -9.23895e-32  2.75629e-26 -2.46638e-32  3.71034e-27  5.63601e-33  2.87548e-28  6.47531e-34  1.45253e-29 -4.37792e-35  4.57795e-31 -2.82321e-37  7.13199e-33  5.99319e-37 -7.87815e-36  2.34964e-38  -1.0883e-36
 6.97283e-14 -6.21576e-29 -3.71123e-12  3.71085e-28  7.69444e-11  1.84499e-27 -9.59621e-10  -3.9049e-26  8.30095e-09  3.04223e-25 -5.34466e-08 -1.57513e-24  2.66786e-07  5.45264e-24 -1.05845e-06 -8.32508e-24  3.38796e-06 -2.97782e-23 -8.81579e-06  2.46366e-22  1.86688e-05 -8.60132e-22 -3.19802e-05  1.86422e-21  4.36153e-05  -2.6202e-21 -4.57969e-05  2.55586e-21  3.43242e-05 -3.95463e-21 -1.44206e-05  1.42297e-20 -1.88951e-06 -4.15862e-20  6.59847e-06   8.3309e-20 -2.72956e-06 -1.19032e-19 -1.19013e-06  1.23197e-19  1.27746e-06 -8.96302e-20  1.07127e-07  4.06095e-20 -4.09539e-07 -6.42176e-21 -4.90091e-09 -2.47642e-21   1.1601e-07 -9.57546e-22  7.73305e-09  1.10026e-21 -2.90517e-08  3.90227e-21 -6.29406e-09 -6.96898e-21  5.53478e-09  5.06316e-21  2.63859e-09 -1.75755e-21 -4.65142e-10  4.76185e-22 -6.46595e-10 -7.58133e-22 -1.13932e-10  8.44176e-22   7.3319e-11 -3.97376e-22  4.32684e-11  2.48631e-23  4.48504e-12  2.86877e-23 -4.30391e-12  2.91568e-23 -2.15997e-12 -3.52497e-23 -3.05817e-13  8.37227e-24  1.15525e-13  3.65259e-24   7.2683e-14 -1.60059e-24  1.66108e-14 -4.28419e-25  2.45395e-16  3.89064e-25 -1.09774e-15 -2.08483e-25  -3.9379e-16  7.87541e-26 -6.91201e-17  2.67613e-26 -2.50768e-18 -2.66208e-26  2.24923e-18   1.7579e-27  7.49586e-19  2.37543e-27  1.32523e-19 -4.64826e-28  1.32815e-20  1.73518e-29  7.50276e-23  1.84084e-29 -2.43034e-22 -1.64103e-29 -5.04754e-23 -6.15731e-33 -6.12251e-24  8.39843e-31 -4.89731e-25 -9.48888e-32 -2.27569e-26 -2.10934e-32  1.03668e-29  5.06913e-33  9.44746e-29  6.02508e-34  7.91994e-30 -2.14722e-35  3.51648e-31 -4.62974e-37  8.76102e-33  2.56685e-37  1.00109e-34  7.24412e-39
  2.4866e-29  8.61826e-13  -3.5829e-28 -2.63513e-11  3.68059e-28  4.20707e-10  2.16445e-26 -4.40375e-09 -2.31504e-25  3.33213e-08  1.46616e-24 -1.92191e-07 -6.75221e-24  8.72381e-07  2.13016e-23 -3.17814e-06 -2.97782e-23  9.39849e-06 -9.75958e-23  -2.2668e-05  7.39143e-22  4.45159e-05 -2.34873e-21 -7.05183e-05  4.54126e-21   8.8232e-05 -5.31783e-21  -8.3432e-05  3.41058e-21  5.35388e-05 -4.78411e-21 -1.47518e-05  2.56786e-20 -9.75966e-06 -8.03018e-20  1.13955e-05  1.57284e-19 -1.96383e-06 -2.13369e-19 -3.22939e-06  2.05238e-19  1.55134e-06 -1.33669e-19  7.42308e-07   4.7678e-20 -5.62818e-07  1.80968e-21 -1.94006e-07 -6.79005e-21  1.55428e-07 -3.62294e-21  6.34665e-08  3.95967e-21 -3.20387e-08  4.87853e-21 -2.07399e-08 -9.72918e-21  3.12347e-09  6.58894e-21  5.25592e-09 -1.77088e-21  7.73622e-10  2.17046e-22 -7.83608e-10 -8.19237e-22 -3.87321e-10  1.01136e-21  2.41664e-12 -4.45936e-22  6.15282e-11 -1.36265e-23  2.18033e-11  5.95399e-23 -2.36348e-13  2.93456e-23 -2.78391e-12 -4.33195e-23 -1.01885e-12  9.80355e-24 -9.42721e-14  5.65602e-24   6.0718e-14 -2.61733e-24  3.03497e-14 -3.45834e-25  6.29676e-15  4.41883e-25  1.34278e-16 -2.52027e-25 -3.38461e-16   9.6676e-26 -1.18616e-16  2.88709e-26 -2.13752e-17 -2.89369e-26 -1.52442e-18  2.10206e-27  3.29847e-19  2.31042e-27  1.35135e-19 -4.40992e-28  2.52971e-20  3.78511e-29  2.93826e-21  1.25852e-29  1.72898e-22 -1.74936e-29 -9.31826e-24  6.34183e-33   -3.642e-24  7.24432e-31 -4.80028e-25  -9.6048e-32 -3.98856e-26  -1.7547e-32 -2.19853e-27  4.27711e-33  -7.1943e-29  5.17935e-34 -5.75355e-31 -6.72302e-36  5.71495e-32 -4.53315e-37  2.27826e-33  7.85707e-38  2.37226e-35
-1.29536e-13  2.17369e-28  7.15177e-12 -1.27762e-27    -1.54e-10 -7.32664e-27  1.99746e-09  1.46044e-25 -1.79966e-08 -1.13114e-24  1.20892e-07  6.19543e-24 -6.30792e-07 -2.60107e-23  2.62188e-06  7.56817e-23 -8.81579e-06 -9.75958e-23  2.41773e-05 -2.94794e-22 -5.41933e-05  2.05379e-21   9.8843e-05 -5.96137e-21 -0.000144794  1.02743e-20  0.000165758 -9.69257e-21 -0.000139836  2.09288e-21  7.39762e-05 -2.17264e-21 -6.72783e-06  4.30925e-20 -2.39487e-05 -1.46426e-19  1.60437e-05  2.79835e-19  1.46433e-06 -3.59654e-19 -6.08167e-06   3.2029e-19  1.03027e-06 -1.84131e-19  1.78131e-06  4.58546e-20  -4.8024e-07  1.80547e-20 -5.12572e-07 -1.17398e-20  1.16675e-07 -9.28967e-21  1.47652e-07  8.48741e-21 -9.38536e-09  6.18309e-21 -3.73171e-08 -1.30304e-20  -5.9876e-09    8.014e-21  6.53322e-09 -1.46056e-21  3.03931e-09 -1.89463e-22 -3.17419e-10 -8.63347e-22 -6.43236e-10  1.17114e-21 -1.67169e-10 -4.79202e-22  3.96408e-11 -6.44906e-23  3.82938e-11  9.74368e-23   9.0454e-12  2.83527e-23 -1.21784e-12 -5.29065e-23 -1.45836e-12  1.19356e-23 -4.26328e-13   7.8126e-24  -2.5944e-14 -3.77279e-24   2.5534e-14  -2.3155e-25  1.10753e-14   4.7983e-25  2.18477e-15 -2.88169e-25  9.09321e-17   1.1319e-25 -8.28756e-17  2.83502e-26 -2.98168e-17 -2.95427e-26   -5.557e-18  2.58571e-27 -5.45349e-19   2.1033e-27   1.6733e-20   -3.963e-28  1.72324e-20  5.98099e-29  3.53287e-21  4.69354e-30  4.41959e-22 -1.80575e-29  3.53285e-23  5.25671e-32  1.25225e-24  5.87244e-31 -9.99247e-26 -9.45295e-32 -1.99793e-26 -1.43583e-32 -1.68609e-27  3.35116e-33 -8.77242e-29  4.07812e-34 -2.84201e-30   8.4405e-37 -5.04208e-32 -3.36189e-37  -3.1294e-34  1.28957e-38
-7.99095e-29 -1.44714e-12  1.15997e-27  4.60341e-11 -1.03707e-27 -7.65574e-10 -7.30049e-26  8.35911e-09   7.5959e-25 -6.60782e-08 -4.76084e-24  3.98868e-07  2.33836e-23 -1.89864e-06 -9.10143e-23  7.27088e-06  2.46366e-22  -2.2668e-05 -2.94794e-22  5.78499e-05 -8.24689e-22 -0.000120794  5.30776e-21  0.000204855 -1.41172e-20 -0.000277346  2.16496e-20   0.00028935 -1.55512e-20 -0.000214766 -6.27009e-21  8.71905e-05  9.98372e-21  1.63972e-05  6.73901e-20 -4.46045e-05 -2.52911e-19  1.74464e-05  4.70327e-19  8.87046e-06 -5.71229e-19 -8.86096e-06  4.68666e-19 -9.80402e-07 -2.32965e-19  2.98282e-06  2.83442e-20  9.16955e-08  4.34364e-20 -8.76128e-07 -1.53748e-20 -7.26664e-08 -1.91783e-20  2.25737e-07  1.44825e-20  5.28499e-08  8.13914e-21 -4.38281e-08 -1.66857e-20 -2.20682e-08   9.0431e-21  3.55417e-09 -7.61013e-22  5.45134e-09 -6.90894e-22  1.04156e-09  -9.0664e-22 -6.08074e-10   1.3118e-21 -3.81802e-10 -4.96102e-22 -4.59777e-11 -1.22795e-22  3.62752e-11   1.4095e-22  1.95454e-11  2.57531e-23  3.13822e-12 -6.39115e-23 -9.08951e-13  1.49961e-23 -6.48738e-13  9.89733e-24 -1.61329e-13 -4.97334e-24 -7.49425e-15 -9.23426e-26  8.77349e-15  4.92715e-25  3.50749e-15 -3.10709e-25  6.81024e-16  1.25994e-25  4.62275e-17  2.49052e-26 -1.49374e-17 -2.81796e-26 -6.01811e-18  3.22569e-27 -1.16508e-18  1.80291e-27 -1.35197e-19 -3.27867e-28 -5.78862e-21  7.94052e-29  1.24272e-21 -4.72595e-30   3.3147e-22 -1.80098e-29  4.38447e-23  1.19272e-31  3.80299e-24  4.48465e-31  2.12556e-25 -8.92451e-32  5.39051e-27 -1.16239e-32 -2.25905e-28  2.41224e-33 -2.90059e-29    2.915e-34 -1.31052e-30  3.22747e-36 -2.88983e-32 -1.88712e-37 -2.18834e-34
 1.88393e-13 -6.46358e-28 -1.08461e-11  3.76212e-27  2.43811e-10  2.35326e-26  -3.3054e-09 -4.45848e-25   3.1171e-08  3.29781e-24 -2.19509e-07 -1.76641e-23  1.20289e-06  7.97865e-23 -5.26207e-06 -2.91545e-22  1.86688e-05  7.39143e-22 -5.41933e-05 -8.24689e-22  0.000129102  -2.1459e-21 -0.000251642  1.28076e-20  0.000397138 -3.13012e-20 -0.000496323  4.25942e-20  0.000469195 -2.09247e-20 -0.000299883 -3.17311e-20  7.88439e-05  4.29085e-20  6.11336e-05  9.84128e-20 -6.84898e-05 -4.14946e-19  1.09303e-05   7.4841e-19  2.05894e-05 -8.56405e-19  -9.7213e-06  6.43188e-19  -4.9499e-06 -2.67637e-19  3.71274e-06  -1.1336e-20  1.33479e-06  7.68253e-20 -1.06844e-06 -1.47044e-20 -4.48566e-07 -3.40146e-20   2.2857e-07  2.10976e-20  1.51142e-07  1.11433e-20 -2.29731e-08 -2.03382e-20 -3.95094e-08  9.35104e-21 -5.96881e-09  3.17611e-22  6.03212e-09 -1.19341e-21  3.05062e-09 -9.65004e-22  -7.8736e-13  1.42087e-21 -4.89079e-10 -4.99766e-22 -1.79295e-10 -1.81571e-22 -3.56996e-13  1.88505e-22  2.23569e-11  2.07791e-23  8.56855e-12 -7.58321e-23  9.27668e-13  1.90771e-23 -4.60173e-13  1.16595e-23 -2.50019e-13 -6.10153e-24 -5.57688e-14  5.79244e-26 -2.70554e-15  4.72518e-25  2.44041e-15 -3.14831e-25  9.47504e-16  1.32788e-25  1.84965e-16  1.87935e-26  1.71656e-17  -2.4826e-26 -1.55816e-18  4.00621e-27 -9.19011e-19  1.48109e-27 -1.87899e-19  -2.3197e-28 -2.37976e-20  9.36424e-29 -1.77773e-21  -1.4698e-29 -1.12558e-23 -1.73152e-29  1.71213e-23  1.94375e-31  2.62106e-24  3.24489e-31  2.29504e-25 -7.99464e-32  1.32202e-26 -9.28613e-33  4.83423e-28  1.57649e-33   8.9136e-30  1.87108e-34 -2.71791e-32  2.83763e-36 -3.58719e-33 -7.06644e-38
 2.18508e-28  1.88943e-12 -3.15054e-27 -6.29337e-11  1.56957e-27  1.09706e-09  2.17022e-25 -1.25706e-08 -2.12867e-24  1.04422e-07  1.23725e-23 -6.63414e-07 -5.85787e-23  3.32979e-06  2.48202e-22 -1.34753e-05 -8.60132e-22  4.45159e-05  2.05379e-21 -0.000120794  -2.1459e-21  0.000269396 -5.21397e-21 -0.000491076  2.89591e-20  0.000721546  -6.5197e-20 -0.000830735  7.84218e-20  0.000705757 -2.01798e-20 -0.000374858 -9.22596e-20   2.9936e-05  1.14521e-19  0.000130267  1.34529e-19 -8.75356e-05 -6.48351e-19 -8.59124e-06  1.12987e-18  3.48367e-05 -1.21391e-18 -6.09408e-06  8.27424e-19 -1.05938e-05  -2.7255e-19  2.99586e-06 -7.72325e-20  3.15876e-06  1.14108e-19 -7.71705e-07 -6.19926e-21  -9.4691e-07 -5.35222e-20  7.29277e-08  2.68207e-20  2.50133e-07  1.55379e-20  3.81395e-08 -2.34757e-20 -4.59219e-08  8.65817e-21 -2.10637e-08  1.67449e-21  2.45073e-09 -1.58431e-21  4.65978e-09 -1.04518e-21  1.20867e-09  1.48763e-21  -2.9576e-10 -4.97534e-22 -2.85821e-10 -2.33127e-22 -6.88237e-11  2.38474e-22  8.64664e-12  1.24435e-23  1.09991e-11  -8.7714e-23  3.32126e-12  2.40762e-23  2.46077e-13  1.28742e-23 -1.81986e-13 -7.03316e-24 -8.39014e-14   1.9571e-25 -1.75598e-14  4.15328e-25 -1.10703e-15 -2.98535e-25  5.28509e-16   1.3176e-25  2.12288e-16  1.08754e-26   4.2152e-17 -1.97011e-26  4.72871e-18  4.87668e-27  5.92525e-20  1.21575e-27 -9.46018e-20 -1.06635e-28 -2.18809e-20  1.01254e-28 -2.91041e-21 -2.39224e-29  -2.5403e-22 -1.59939e-29 -1.26798e-23  2.68994e-31  6.79521e-26  2.25115e-31   7.3897e-26  -6.7423e-32  6.91858e-27 -7.24353e-33  3.59327e-28  9.22156e-34  1.11009e-29  1.06108e-34    1.802e-31  1.59475e-36  9.38281e-34
-2.09084e-13  1.62309e-27  1.26592e-11 -8.74419e-27 -2.99492e-10 -7.45986e-26  4.27695e-09  1.25171e-24 -4.25299e-08 -8.53613e-24  3.16207e-07  4.08386e-23 -1.83219e-06 -1.75152e-22  8.49029e-06  7.08405e-22 -3.19802e-05 -2.34873e-21   9.8843e-05  5.30776e-21 -0.000251642 -5.21397e-21  0.000526833 -1.18725e-20 -0.000899609  6.15651e-20   0.00123071 -1.27983e-19  -0.00130143  1.35407e-19  0.000981695  -1.5089e-21 -0.000405787 -2.16215e-19 -7.87598e-05  2.49913e-19  0.000218503  1.72721e-19 -8.88353e-05   -9.671e-19 -4.42884e-05  1.62162e-18  4.69008e-05 -1.62918e-18  4.43289e-06  9.96036e-19 -1.63951e-05 -2.31963e-19   -1.602e-07 -1.68869e-19  5.02184e-06   1.4824e-19  3.04187e-07  1.33156e-20  -1.3605e-06 -7.60945e-20 -2.89493e-07  2.97057e-20  2.81353e-07  2.14505e-20  1.33965e-07 -2.55074e-20 -2.62037e-08  6.81481e-21 -3.54752e-08  3.13191e-21 -6.29567e-09 -1.76639e-21  4.24723e-09 -1.13913e-21  2.56603e-09  1.50656e-21  2.89551e-10 -4.99551e-22 -2.56107e-10 -2.70466e-22 -1.35975e-10  2.88934e-22 -2.18795e-11 -1.94223e-25  6.32796e-12 -9.82336e-23  4.56848e-12  2.96877e-23   1.1614e-12  1.34044e-23  6.64989e-14 -7.65841e-24 -5.81031e-14  2.87438e-25 -2.43533e-14  3.21605e-25 -4.94855e-15 -2.63781e-25 -4.12774e-16   1.2206e-25  8.04655e-17  2.54108e-27  3.78209e-17  -1.3228e-26    7.722e-18   5.7602e-27  9.64892e-19  1.07099e-27  5.88286e-20   4.5349e-29 -4.33888e-21  1.02796e-28 -1.64858e-21 -3.10459e-29  -2.3315e-22 -1.41216e-29 -2.10332e-23  3.37018e-31 -1.26008e-24  1.52925e-31 -4.35976e-26 -5.32454e-32 -1.22989e-28 -5.42963e-33  6.85463e-29  4.73577e-34  3.23311e-30  5.16589e-35  5.73576e-32  5.65949e-37
-5.10568e-28 -1.84984e-12  7.05302e-27  6.52444e-11  5.62078e-27 -1.20475e-09 -6.25934e-25  1.46306e-08  5.69981e-24 -1.28907e-07 -2.96858e-23  8.69535e-07  1.19713e-22 -4.64003e-06 -4.74754e-22  1.99984e-05  1.86422e-21 -7.05183e-05 -5.96137e-21  0.000204855  1.28076e-20 -0.000491076 -1.18725e-20  0.000967651 -2.54226e-20  -0.00155008  1.23461e-19   0.00197373 -2.37525e-19  -0.00190863  2.19728e-19   0.00125521  5.56262e-20 -0.000348252 -4.43297e-19 -0.000259099  4.79738e-19  0.000308922  2.09353e-19 -5.70551e-05 -1.38024e-18 -9.44455e-05   2.2171e-18  4.93715e-05 -2.07305e-18  2.26889e-05  1.11789e-18 -1.95155e-05 -1.33855e-19 -6.18945e-06 -2.79996e-19   5.9109e-06    1.703e-19  2.21307e-06  4.56095e-20 -1.36358e-06 -9.88369e-20 -8.10829e-07  2.78389e-20  1.65803e-07  2.86641e-20  2.29977e-07 -2.59004e-20   2.8116e-08    3.868e-21 -3.84362e-08  4.47766e-21 -1.80564e-08 -1.69224e-21  5.23105e-10 -1.22463e-21   3.1591e-09  1.47998e-21  1.10514e-09 -5.16068e-22 -1.75845e-11 -2.88314e-22 -1.47803e-10  3.37218e-22 -5.53501e-11 -1.77188e-23 -5.82692e-12 -1.05928e-22  3.03628e-12  3.54513e-23  1.63927e-12  1.32579e-23  3.70376e-13 -7.90111e-24  2.10436e-14  2.93096e-25 -1.48781e-14  1.94602e-25  -6.0073e-15 -2.17012e-25 -1.21155e-15  1.04122e-25 -1.25047e-16 -4.50685e-27  5.58179e-18 -5.96778e-27   5.0028e-18  6.56951e-27  1.08019e-18  1.08014e-27  1.42822e-19  2.14363e-28  1.18182e-20  9.99707e-29  3.53015e-22  -3.5029e-29 -5.84864e-23 -1.18349e-29 -1.07892e-23  3.93062e-31 -9.73783e-25  1.04709e-31 -5.60912e-26 -3.92205e-32 -2.06245e-27 -3.83769e-33  -4.2463e-29  2.07378e-34 -2.81486e-31  2.03821e-35  2.29726e-33
