  0.00196568  5.41727e-17  -0.00600388  -2.7073e-16    0.0031221  2.75397e-16   0.00143561 -2.97438e-17 -0.000204257 -8.37197e-17 -0.000444218  3.55924e-17 -0.000223864  6.41675e-18 -4.75242e-05 -6.13581e-18  1.70828e-05 -4.60275e-18  2.33692e-05  1.95497e-19  1.42552e-05  1.73366e-18   6.2619e-06  9.01607e-19  2.08606e-06  1.72715e-20  4.57814e-07 -1.93963e-19 -1.15546e-08 -1.11451e-19 -8.23265e-08 -3.78729e-20 -5.81704e-08 -9.66016e-21 -2.97147e-08 -4.22944e-22 -1.28998e-08  2.96267e-21 -5.02697e-09  3.44514e-21 -1.80524e-09  2.49367e-21 -6.06486e-10  1.32688e-21 -1.92461e-10  5.33668e-22 -5.80639e-11  1.53562e-22 -1.67266e-11  2.04251e-23 -4.61371e-12 -9.44647e-24 -1.22035e-12  -9.1508e-24 -3.09666e-13 -4.70225e-24 -7.53476e-14 -1.88005e-24 -1.75591e-14 -6.40655e-25 -3.91249e-15 -1.92935e-25 -8.31803e-16 -5.23135e-26 -1.68347e-16 -1.29259e-26 -3.23556e-17 -2.93467e-27 -5.89054e-18 -6.15471e-28  -1.0132e-18  -1.1963e-28 -1.64212e-19  -2.1604e-29 -2.50066e-20 -3.63194e-30 -3.56708e-21  -5.6907e-31 -4.74997e-22 -8.31321e-32 -5.88111e-23 -1.13215e-32 -6.73766e-24  -1.4369e-33 -7.09807e-25  -1.6984e-34 -6.81808e-26 -1.86755e-35 -5.89674e-27 -1.90745e-36  -4.4974e-28 -1.80611e-37   -2.905e-29  -1.5818e-38 -1.43246e-30 -1.27789e-39 -3.17204e-32 -9.49166e-41  3.44032e-33 -6.45615e-42  5.96264e-34 -4.00246e-43  5.72729e-35 -2.24892e-44  4.22655e-36 -1.13768e-45  2.57411e-37 -5.13949e-47  1.32279e-38 -2.05238e-48  5.75867e-40   -7.153e-50  2.11127e-41  -2.1404e-51  6.42848e-43 -5.38011e-53    1.589e-44 -1.10185e-54  3.07792e-46 -1.75703e-56  4.41446e-48 -2.02491e-58  4.23544e-50 -1.45781e-60   2.1555e-52  -4.2334e-63
 5.41727e-17    0.0105017  1.91847e-16   -0.0167721 -6.38202e-16   0.00333374  4.75457e-16   0.00445039 -1.22605e-17  0.000940375 -9.81648e-17 -0.000618284  3.98637e-17 -0.000630708  7.78666e-18 -0.000287594 -1.41767e-17 -6.12728e-05 -9.68908e-18  1.95937e-05  5.67422e-19  2.88777e-05  3.61084e-18  1.86243e-05  1.91363e-18   8.9062e-06  1.65934e-19  3.46012e-06 -3.31411e-19  1.09821e-06 -2.53235e-19  2.62205e-07 -1.25099e-19  2.65272e-08 -4.71717e-20 -1.74954e-08 -6.55789e-21 -1.53062e-08  9.60903e-21 -8.01997e-09  1.13743e-20 -3.43262e-09  7.67989e-21 -1.29793e-09  3.81758e-21 -4.47826e-10  1.46395e-21 -1.43334e-10  4.16364e-22 -4.29538e-11  6.51724e-23 -1.21178e-11 -1.42693e-23 -3.22814e-12 -1.72754e-23 -8.13321e-13 -9.00989e-24 -1.93884e-13  -3.5657e-24 -4.37147e-14 -1.19331e-24 -9.31247e-15 -3.51739e-25 -1.87132e-15 -9.32009e-26 -3.53939e-16 -2.24823e-26 -6.28327e-17  -4.9784e-27 -1.04318e-17 -1.01725e-27 -1.61214e-18 -1.92451e-28  -2.3042e-19 -3.37951e-29 -3.01739e-20  -5.5188e-30 -3.56628e-21 -8.38982e-31 -3.70173e-22 -1.18774e-31 -3.17456e-23 -1.56565e-32  -1.8349e-24 -1.92087e-33  2.67678e-26  -2.1918e-34  2.83647e-26 -2.32315e-35  5.37561e-27 -2.28358e-36  7.33591e-28 -2.07741e-37  8.30498e-29 -1.74475e-38  8.15387e-30  -1.3489e-39  7.06757e-31 -9.56575e-41  5.44701e-32 -6.19568e-42   3.7389e-33 -3.64635e-43  2.28153e-34 -1.93813e-44  1.23208e-35  -9.2359e-46  5.84678e-37 -3.91033e-47  2.41441e-38  -1.4543e-48  8.56291e-40 -4.68321e-50  2.56283e-41 -1.28144e-51  6.31973e-43 -2.90391e-53   1.2412e-44 -5.25283e-55  1.84548e-46 -7.16255e-57  1.91108e-48  -6.6539e-59  1.17277e-50  -3.3436e-61  2.66795e-53
 -0.00600388  1.91847e-16    0.0269183  3.70991e-16   -0.0269598 -8.99639e-16  -0.00185748  4.60074e-16   0.00673412  3.99045e-17   0.00346303 -4.65669e-17  0.000148066  4.81562e-17    -0.000832  2.14679e-19 -0.000638993 -2.61789e-17 -0.000276576 -1.49965e-17 -6.31195e-05   7.3169e-19  1.30307e-05  5.16161e-18  2.41409e-05   2.8933e-18  1.66341e-05  4.25095e-19  8.53349e-06 -4.54497e-19  3.66554e-06 -4.72039e-19  1.37287e-06 -2.85497e-19  4.54563e-07 -1.16072e-19  1.32591e-07 -1.52449e-20  3.31857e-08  2.26008e-20  6.54402e-09  2.48222e-20  6.64109e-10   1.5756e-20 -2.09655e-10  7.46904e-21 -1.71725e-10  2.78777e-21 -7.53411e-11  8.01503e-22 -2.63465e-11  1.49027e-22 -8.00144e-12 -4.92377e-24 -2.17747e-12 -1.97621e-23 -5.37753e-13 -1.10873e-23 -1.20921e-13 -4.42694e-24 -2.46639e-14 -1.46759e-24 -4.50646e-15  -4.2522e-25 -7.16541e-16 -1.10329e-25 -9.20041e-17 -2.60009e-26 -7.03777e-18 -5.61496e-27  6.94805e-19 -1.11722e-27  4.61071e-19 -2.05555e-28  1.29996e-19 -3.50634e-29  2.82072e-20 -5.55563e-30  5.23275e-21 -8.18477e-31   8.6173e-22 -1.12153e-31  1.28147e-22 -1.42917e-32  1.73566e-23 -1.69288e-33  2.15034e-24 -1.86233e-34  2.44131e-25 -1.90023e-35  2.54029e-26 -1.79517e-36  2.42008e-27 -1.56673e-37  2.10648e-28 -1.25987e-38  1.67011e-29 -9.30535e-40  1.20127e-30 -6.28841e-41  7.79827e-32  -3.8701e-42  4.53945e-33 -2.15699e-43   2.3502e-34 -1.08149e-44  1.07097e-35 -4.83866e-46  4.23764e-37 -1.91233e-47  1.42951e-38 -6.59166e-49  4.00538e-40 -1.94931e-50  8.95248e-42  -4.8386e-52  1.48444e-43 -9.77817e-54   1.5303e-45 -1.53737e-55  2.70316e-48 -1.74545e-57 -1.66691e-49 -1.23685e-59 -1.91892e-51 -3.53188e-62
 -2.7073e-16   -0.0167721  3.70991e-16    0.0445732  4.97729e-16   -0.0296097  -9.2107e-16   -0.0107066  2.37146e-16   0.00585075  7.05537e-17   0.00601585  4.92187e-17   0.00192949  7.15028e-17 -0.000390096 -8.75816e-18  -0.00082515  -3.7621e-17  -0.00054444 -1.95121e-17 -0.000231807  2.91098e-19 -6.01348e-05  5.96562e-18  2.48658e-06  3.58948e-18  1.45381e-05  5.93204e-19  1.11335e-05 -7.09908e-19   6.0995e-06 -8.29969e-19  2.80304e-06 -5.24851e-19  1.14198e-06 -2.07106e-19  4.23859e-07 -2.13671e-20  1.45697e-07  4.18512e-20  4.69215e-08  4.19932e-20  1.42895e-08  2.52997e-20   4.1495e-09  1.15867e-20  1.15808e-09  4.26273e-21  3.12946e-10  1.25263e-21  8.24091e-11  2.69081e-22   2.1242e-11  2.36722e-23  5.36849e-12 -1.33284e-23  1.32834e-12 -9.58796e-24  3.20456e-13 -4.02762e-24  7.49407e-14 -1.34589e-24  1.68816e-14 -3.86737e-25  3.64124e-15 -9.87402e-26  7.48077e-16 -2.27955e-26  1.45748e-16  -4.8077e-27  2.68324e-17 -9.32086e-28  4.65388e-18 -1.66791e-28  7.58499e-19 -2.76285e-29  1.15897e-19 -4.24489e-30  1.65656e-20 -6.05564e-31  2.21001e-21 -8.02385e-32  2.74542e-22 -9.87352e-33  3.16763e-23 -1.12771e-33  3.38461e-24 -1.19439e-34  3.33789e-25 -1.17135e-35  3.02623e-26 -1.06166e-36  2.51027e-27 -8.87173e-38  1.89388e-28 -6.81576e-39  1.28975e-29 -4.79747e-40  7.84862e-31  -3.0809e-41  4.20714e-32 -1.79592e-42  1.94274e-33 -9.44457e-44  7.42571e-35   -4.448e-45  2.14295e-36 -1.85912e-46  3.20762e-38 -6.81826e-48 -9.24451e-40 -2.16257e-49 -9.39801e-41 -5.82052e-51 -4.15375e-42 -1.29558e-52 -1.24106e-43 -2.29841e-54 -2.63442e-45 -3.06851e-56 -3.82235e-47 -2.78584e-58 -3.33386e-49 -1.36526e-60 -1.13948e-51
   0.0031221 -6.38202e-16   -0.0269598  4.97729e-16    0.0546497  5.42444e-16    -0.023781  -7.7322e-16      -0.0187 -6.22384e-17   0.00172653  5.32227e-17   0.00707044  1.42081e-16   0.00401879  1.01032e-16  0.000750295 -1.05927e-17  -0.00059165 -4.20776e-17 -0.000688504  -2.1088e-17 -0.000416686  1.22416e-19 -0.000179761  6.39399e-18 -5.46375e-05  3.91033e-18 -6.88967e-06  3.94501e-19  5.12847e-06 -1.27225e-18  5.27354e-06 -1.36103e-18  3.17674e-06 -8.21662e-19  1.54548e-06 -3.02804e-19  6.59487e-07 -2.19807e-20  2.55772e-07  6.36277e-20  9.19175e-08    5.894e-20  3.09764e-08  3.40266e-20  9.86732e-09  1.51929e-20  2.98703e-09  5.55178e-21  8.62372e-10  1.67278e-21   2.3795e-10  4.00926e-22  6.28088e-11  6.54238e-23  1.58596e-11  1.97485e-25  3.82792e-12 -5.19557e-24  8.81955e-13  -2.6409e-24  1.93635e-13 -9.30934e-25  4.04302e-14 -2.70972e-25  8.01085e-15 -6.88712e-26  1.50289e-15 -1.56827e-26  2.66353e-16 -3.24372e-27  4.44879e-17 -6.14275e-28  6.98575e-18 -1.07053e-28  1.02858e-18 -1.72296e-29  1.41606e-19  -2.5668e-30  1.81697e-20 -3.54384e-31   2.1648e-21 -4.53634e-32  2.38409e-22 -5.38313e-33  2.41307e-23 -5.91863e-34  2.22756e-24 -6.02292e-35  1.85489e-25 -5.66372e-36   1.3693e-26 -4.91118e-37   8.6843e-28  -3.9168e-38  4.40742e-29  -2.8641e-39  1.38908e-30   -1.913e-40 -2.93813e-32 -1.16168e-41 -9.16753e-33 -6.37741e-43 -9.04434e-34 -3.14359e-44  -6.3964e-35 -1.37991e-45 -3.62917e-36 -5.33912e-47 -1.70415e-37  -1.7974e-48 -6.65775e-39  -5.1772e-50 -2.14626e-40 -1.24776e-51 -5.59925e-42 -2.43946e-53 -1.14374e-43 -3.69488e-55 -1.73154e-45 -4.02115e-57 -1.75841e-47 -2.71514e-59 -9.51605e-50 -7.33418e-62
 2.75397e-16   0.00333374 -8.99639e-16   -0.0296097  5.42444e-16    0.0546321  5.55498e-16   -0.0140234 -5.94599e-16   -0.0229306  -3.1621e-16  -0.00382608  5.53404e-18   0.00610845  1.93949e-16   0.00554341  1.21093e-16   0.00224039 -3.24147e-18  0.000106006 -3.59977e-17 -0.000562056 -1.68684e-17 -0.000509265  2.48597e-18 -0.000294408  7.58457e-18 -0.000131167  4.06403e-18 -4.62288e-05 -2.46662e-19 -1.18246e-05 -2.14241e-18   -1.032e-06  -1.9943e-18  1.14695e-06  -1.1163e-18  9.94154e-07 -3.80252e-19  5.44572e-07 -1.63964e-20  2.45174e-07  8.27262e-20  9.74958e-08   7.1571e-20  3.53188e-08  3.98846e-20  1.18456e-08  1.74673e-20  3.71275e-09  6.36555e-21  1.09363e-09  1.96312e-21  3.03759e-10  5.08904e-22  7.97028e-11  1.06531e-22  1.97711e-11  1.54288e-23  4.63647e-12  9.46199e-26  1.02722e-12 -9.47399e-25  2.14765e-13 -4.34202e-25  4.23055e-14 -1.37622e-25  7.83577e-15 -3.60527e-26  1.36121e-15 -8.25646e-27  2.21086e-16 -1.69443e-27  3.34396e-17  -3.1569e-28  4.68522e-18 -5.38116e-29   6.0363e-19 -8.43423e-30  7.07253e-20 -1.21933e-30  7.39832e-21 -1.62866e-31  6.66705e-22 -2.01125e-32  4.73484e-23  -2.2963e-33   1.7817e-24 -2.42259e-34 -1.67485e-25 -2.35894e-35 -4.91077e-26 -2.11619e-36 -7.23497e-27 -1.74482e-37 -8.23308e-28 -1.31833e-38 -7.89774e-29  -9.0959e-40 -6.58473e-30 -5.70585e-41 -4.82922e-31 -3.23662e-42 -3.12662e-32  -1.6492e-43 -1.78477e-33 -7.48811e-45 -8.93927e-35  -2.9999e-46 -3.89717e-36 -1.04729e-47 -1.46192e-37 -3.13529e-49 -4.64448e-39 -7.87988e-51  -1.2226e-40 -1.61515e-52 -2.58511e-42 -2.58975e-54 -4.19098e-44 -3.04456e-56  -4.8262e-46 -2.34198e-58 -3.40213e-48 -9.13824e-61 -9.43535e-51
  0.00143561  4.75457e-16  -0.00185748  -9.2107e-16    -0.023781  5.55498e-16    0.0485774  5.83723e-16  -0.00502167 -4.56943e-16   -0.0234317 -4.64804e-16  -0.00896397 -4.49829e-17   0.00359803  1.93548e-16   0.00600708  1.21751e-16   0.00359948  9.21704e-18   0.00109959 -1.98161e-17 -0.000133012 -4.59673e-18 -0.000426098  9.78769e-18 -0.000339195  1.08473e-17 -0.000191993  4.59251e-18 -8.86589e-05 -9.94429e-19 -3.48558e-05 -3.02786e-18 -1.17539e-05 -2.52738e-18 -3.31567e-06 -1.31226e-18 -7.05581e-07 -4.10306e-19 -5.72232e-08 -1.87832e-21  4.46876e-08  9.64692e-20  3.39806e-08  7.79201e-20  1.59992e-08  4.20202e-20  6.15508e-09  1.80952e-20  2.07887e-09  6.58122e-21  6.34576e-10  2.06718e-21   1.7752e-10  5.65143e-22  4.58254e-11  1.34079e-22  1.09469e-11  2.70604e-23  2.41975e-12  4.36317e-24  4.93583e-13  4.36492e-25  9.23518e-14 -3.27052e-26  1.56739e-14 -3.24051e-26  2.36216e-15 -1.09594e-26  3.01758e-16 -2.77771e-27  2.84917e-17 -5.94693e-28  6.36467e-19  -1.1217e-28 -5.37319e-19 -1.90149e-29 -1.71727e-19 -2.92884e-30  -3.6336e-20 -4.12453e-31 -6.30911e-21 -5.32793e-32 -9.54663e-22 -6.32269e-33 -1.29016e-22 -6.89551e-34 -1.57537e-23  -6.9073e-35  -1.7478e-24 -6.34533e-36  -1.7659e-25 -5.33192e-37 -1.62514e-26 -4.08374e-38 -1.36046e-27 -2.83813e-39 -1.03328e-28 -1.77965e-40  -7.0933e-30 -9.99243e-42 -4.37912e-31   -4.972e-43 -2.41573e-32 -2.16079e-44 -1.18119e-33 -8.02875e-46 -5.06719e-35 -2.46226e-47 -1.88251e-36 -5.80411e-49 -5.95509e-38 -8.47563e-51 -1.56825e-39  2.59786e-53 -3.33191e-41  5.76495e-54 -5.45405e-43  1.81108e-55  -6.3912e-45  3.18543e-57 -4.69024e-47  3.13827e-59 -1.57589e-49   1.1736e-61
-2.97438e-17   0.00445039  4.60074e-16   -0.0107066  -7.7322e-16   -0.0140234  5.83723e-16    0.0415578   6.1855e-16   0.00137282 -3.58964e-16   -0.0216668 -5.03792e-16     -0.01279 -8.56822e-17  0.000340839  1.49305e-16    0.0053717  1.00639e-16   0.00445947  2.04628e-17   0.00212253  3.44035e-18  0.000512632  1.60557e-17 -0.000149926  2.30208e-17 -0.000269878  1.69675e-17 -0.000200922  6.22477e-18 -0.000112707 -1.15501e-18 -5.34068e-05 -3.41799e-18  -2.2362e-05 -2.68495e-18 -8.46877e-06 -1.30003e-18 -2.94257e-06 -3.60571e-19 -9.47589e-07  2.90797e-20 -2.85232e-07  1.06877e-19 -8.09542e-08  7.90202e-20 -2.18907e-08  4.10189e-20 -5.71449e-09  1.73295e-20 -1.46299e-09  6.27186e-21 -3.73163e-10  1.99172e-21 -9.58518e-11  5.62586e-22 -2.48159e-11   1.4253e-22 -6.41592e-12  3.25197e-23 -1.63181e-12  6.68056e-24 -4.02078e-13  1.22999e-24 -9.47967e-14  2.00774e-25 -2.11976e-14  2.83634e-26 -4.46947e-15  3.26494e-27 -8.85252e-16  2.47948e-28 -1.64301e-16 -6.05551e-30 -2.85236e-17  -7.0004e-30 -4.62535e-18 -1.70897e-30 -6.99661e-19 -3.00676e-31 -9.85927e-20 -4.36498e-32  -1.2923e-20 -5.44018e-33 -1.57286e-21 -5.88268e-34 -1.77397e-22 -5.48429e-35 -1.84971e-23 -4.28553e-36 -1.77804e-24 -2.57883e-37 -1.57042e-25 -8.02614e-39 -1.26942e-26  6.25261e-40 -9.34665e-28  1.45854e-40 -6.23258e-29  1.68513e-41 -3.73743e-30  1.47627e-42 -1.99766e-31  1.06878e-43 -9.40906e-33  6.57763e-45 -3.84565e-34  3.47053e-46 -1.33432e-35  1.56799e-47 -3.79712e-37  6.01865e-49 -8.31579e-39  1.93472e-50 -1.19086e-40  5.09261e-52 -3.04487e-43  1.06038e-53  3.41167e-44  1.65222e-55  9.01982e-46  1.74341e-57  1.06024e-47  9.90149e-60  4.40475e-50
-0.000204257 -1.22605e-17   0.00673412  2.37146e-16      -0.0187 -5.94599e-16  -0.00502167   6.1855e-16    0.0360814  6.22703e-16   0.00545766 -2.77802e-16   -0.0189682 -4.64106e-16     -0.01521 -1.20435e-16  -0.00300634  7.42491e-17   0.00386993  5.90429e-17    0.0046475  2.50539e-17   0.00292362  2.95173e-17   0.00121892  4.27408e-17  0.000266606  4.09964e-17 -8.36945e-05  2.58367e-17   -0.0001391  9.57871e-18 -0.000101457  9.48203e-21 -5.67368e-05 -2.81846e-18  -2.7169e-05 -2.23815e-18 -1.16473e-05 -1.00026e-18 -4.57754e-06 -2.07359e-19 -1.67397e-06  8.53205e-20 -5.75498e-07  1.18924e-19 -1.87408e-07  7.77928e-20 -5.81285e-08  3.83273e-20 -1.72407e-08  1.57589e-20 -4.90184e-09  5.63579e-21 -1.33749e-09  1.79197e-21 -3.50203e-10  5.13888e-22 -8.79023e-11  1.34307e-22 -2.11141e-11  3.22391e-23 -4.84259e-12  7.15052e-24 -1.05795e-12  1.47317e-24 -2.19608e-13  2.83321e-25 -4.32088e-14  5.10947e-26 -8.03915e-15  8.67655e-27 -1.41118e-15  1.39333e-27 -2.33201e-16  2.12551e-28 -3.62004e-17  3.09249e-29 -5.26703e-18  4.30166e-30 -7.16605e-19  5.72322e-31 -9.09433e-20  7.27336e-32 -1.07358e-20   8.8033e-33 -1.17517e-21  1.01041e-33 -1.18844e-22  1.09397e-34 -1.10549e-23  1.11113e-35 -9.40753e-25  1.05298e-36 -7.27324e-26   9.2614e-38 -5.06147e-27  7.51917e-39 -3.12858e-28  5.60303e-40 -1.68216e-29  3.80911e-41 -7.57434e-31  2.34735e-42   -2.614e-32  1.30178e-43 -4.81539e-34  6.44166e-45   1.6121e-35  2.81482e-46  2.12193e-36  1.07232e-47  1.22942e-37  3.50345e-49  5.01744e-39  9.60537e-51  1.54876e-40  2.14383e-52  3.61413e-42  3.72288e-54  6.12803e-44  4.66956e-56  6.89056e-46  3.65702e-58  4.10374e-48  1.15477e-60
-8.37197e-17  0.000940375  3.99045e-17   0.00585075 -6.22384e-17   -0.0229306 -4.56943e-16   0.00137282  6.22703e-16    0.0323764  5.78138e-16   0.00809429 -1.99659e-16   -0.0160642 -3.88846e-16   -0.0164688  -1.6055e-16  -0.00605305 -2.23444e-17   0.00181287 -5.84672e-19   0.00415591  1.97832e-17   0.00332837   5.3578e-17   0.00181675  7.07957e-17  0.000723663  6.07491e-17  0.000179385  3.65072e-17 -1.45339e-05  1.48421e-17 -5.15347e-05  2.89498e-18 -3.98627e-05 -1.00429e-18 -2.25869e-05 -1.12038e-18 -1.08393e-05 -4.06757e-19 -4.63846e-06   4.8069e-20 -1.81509e-06  1.69241e-19 -6.58912e-07   1.3627e-19 -2.23904e-07  7.68897e-20 -7.16336e-08  3.53188e-20 -2.16572e-08  1.39599e-20 -6.20142e-09  4.88151e-21  -1.6838e-09  1.53607e-21 -4.33664e-10  4.40263e-22 -1.05918e-10   1.1599e-22  -2.4515e-11  2.82851e-23 -5.37135e-12  6.41937e-24 -1.11264e-12  1.36201e-24 -2.17563e-13  2.71131e-25 -4.00894e-14  5.07724e-26 -6.94799e-15  8.96015e-27 -1.13018e-15   1.4922e-27 -1.72123e-16  2.34718e-28 -2.44747e-17  3.48792e-29 -3.23834e-18  4.89356e-30 -3.97062e-19  6.47402e-31  -4.4876e-20  8.06243e-32 -4.64149e-21  9.43133e-33 -4.34754e-22  1.03369e-33 -3.62689e-23   1.0584e-34 -2.61418e-24   1.0092e-35 -1.51951e-25  8.93069e-37  -5.5794e-27  7.30691e-38  1.21721e-28  5.50365e-39  4.75691e-29  3.79743e-40  5.56857e-30   2.3867e-41  4.70716e-31  1.35751e-42  3.23375e-32  6.93392e-44  1.86993e-33    3.151e-45  9.19254e-35  1.25935e-46  3.83468e-36  4.36271e-48  1.34395e-37  1.28546e-49   3.8875e-39  3.13983e-51  9.02595e-41  6.12777e-53  1.61029e-42  9.02411e-55  2.05131e-44  9.06356e-57  1.61379e-46  4.92945e-59  5.06382e-49
-0.000444218 -9.81648e-17   0.00346303  7.05537e-17   0.00172653  -3.1621e-16   -0.0234317 -3.58964e-16   0.00545766  5.78138e-16    0.0298931  5.02214e-16    0.0099283 -1.20695e-16   -0.0132432  -3.1378e-16   -0.0168542 -2.15425e-16  -0.00861393 -1.34137e-16 -0.000512152 -7.40677e-17   0.00308118  3.87218e-18   0.00325464  7.08805e-17    0.0021669  9.47402e-17   0.00110698   7.8719e-17  0.000451137  4.75168e-17  0.000140334  2.15906e-17  2.45715e-05  7.31614e-18 -6.48437e-06  1.84702e-18 -9.24504e-06   5.2224e-19  -5.9042e-06   3.9562e-19 -2.92724e-06  3.70498e-19   -1.252e-06  2.71018e-19 -4.80915e-07  1.57901e-19 -1.69218e-07  7.70754e-20 -5.51497e-08  3.26343e-20 -1.67577e-08  1.22551e-20 -4.76624e-09  4.14307e-21 -1.27177e-09  1.27489e-21 -3.18705e-10  3.60184e-22 -7.50258e-11  9.40635e-23  -1.6583e-11  2.28266e-23 -3.43761e-12  5.16854e-24 -6.67162e-13  1.09544e-24 -1.20922e-13  2.17819e-25 -2.03983e-14  4.06929e-26 -3.18724e-15  7.14863e-27 -4.58097e-16  1.18144e-27 -5.99196e-17  1.83707e-28 -7.00395e-18  2.68661e-29 -7.05876e-19  3.69214e-30 -5.60289e-20  4.76227e-31 -2.31635e-21  5.75633e-32  2.65839e-22  6.50832e-33  8.61067e-23  6.86799e-34  1.43799e-23  6.74731e-35  1.86999e-24  6.15377e-36  2.06423e-25  5.19371e-37  1.99515e-26  4.04156e-38  1.71048e-27  2.88733e-39  1.30713e-28  1.88428e-40  8.90785e-30  1.11673e-41  5.39955e-31  5.96889e-43   2.8964e-32  2.85331e-44  1.36456e-33   1.2074e-45  5.58813e-35  4.46496e-47  1.96182e-36  1.41931e-48  5.79517e-38  3.79411e-50  1.40375e-39  8.27302e-52  2.68616e-41   1.4062e-53   3.8317e-43  1.72947e-55  3.67791e-45  1.33039e-57  1.88263e-47  4.13316e-60
 3.55924e-17 -0.000618284 -4.65669e-17   0.00601585  5.32227e-17  -0.00382608 -4.64804e-16   -0.0216668 -2.77802e-16   0.00809429  5.02214e-16    0.0281471  4.32147e-16    0.0113151 -3.93852e-17   -0.0105864 -2.57903e-16   -0.0165957 -2.86742e-16   -0.0106206 -2.53204e-16  -0.00287191 -1.54419e-16   0.00157439 -2.12819e-17    0.0027051  7.79463e-17   0.00218536  1.10196e-16    0.0013192  9.19815e-17  0.000657617   5.7284e-17  0.000280603  2.88377e-17  0.000103455  1.25284e-17  3.25206e-05  5.20156e-18  8.23609e-06  2.37069e-18  1.32879e-06  1.25133e-18 -1.30245e-07  6.97559e-19 -2.32473e-07  3.69911e-19 -1.28541e-07  1.78114e-19 -5.32958e-08  7.71221e-20 -1.87752e-08  3.01296e-20 -5.86355e-09  1.06876e-20 -1.65329e-09   3.4645e-21 -4.24155e-10  1.03251e-21 -9.91586e-11  2.84425e-22 -2.10402e-11  7.27449e-23 -4.00735e-12  1.73363e-23 -6.68469e-13  3.86071e-24 -9.19919e-14  8.05135e-25 -8.47343e-15  1.57465e-25  2.49665e-16  2.89049e-26  3.65534e-16    4.982e-27  1.13305e-16  8.06355e-28  2.57376e-17  1.22534e-28  4.92401e-18  1.74722e-29  8.30591e-19  2.33566e-30  1.26047e-19  2.92359e-31  1.73829e-20  3.42153e-32   2.1898e-21  3.73709e-33  2.52593e-22  3.80124e-34  2.66957e-23  3.59181e-35  2.58334e-24  3.14387e-36   2.2851e-25  2.54073e-37  1.84278e-26  1.88859e-38  1.35002e-27  1.28545e-39  8.94405e-29    7.969e-41  5.32831e-30  4.47151e-42  2.83435e-31  2.25389e-43  1.33457e-32  1.01121e-44  5.50198e-34   3.9923e-46  1.95871e-35  1.36703e-47  5.91401e-37  3.98376e-49  1.47839e-38  9.62961e-51  2.95841e-40  1.86092e-52  4.50751e-42  2.71525e-54   4.8179e-44  2.70366e-56  3.08419e-46  1.45875e-58  7.45962e-49
-0.000223864  3.98637e-17  0.000148066  4.92187e-17   0.00707044  5.53404e-18  -0.00896397 -5.03792e-16   -0.0189682 -1.99659e-16    0.0099283  4.32147e-16    0.0268671  4.02219e-16    0.0124416  4.64482e-17  -0.00809586 -2.24265e-16    -0.015854 -3.67038e-16   -0.0120592 -3.67674e-16   -0.0050837 -2.32325e-16 -0.000188479 -5.24415e-17   0.00175252  7.37676e-17   0.00185442  1.15252e-16   0.00130349  9.89755e-17  0.000741905  6.44456e-17  0.000365027  3.53035e-17  0.000160255  1.74821e-17   6.3976e-05  8.35869e-18  2.35311e-05  4.04219e-18  8.05851e-06  1.98539e-18  2.59463e-06   9.6069e-19  7.93311e-07  4.42319e-19  2.32827e-07   1.8961e-19  6.63225e-08  7.49841e-20  1.85199e-08  2.72971e-20  5.10237e-09  9.15667e-21  1.38853e-09   2.8371e-21  3.71618e-10  8.14379e-22  9.70247e-11  2.17224e-22  2.44821e-11  5.39882e-23  5.91875e-12  1.25313e-23  1.36135e-12  2.72153e-24  2.96321e-13  5.53786e-25  6.08043e-14   1.0567e-25  1.17292e-14  1.89159e-26  2.12253e-15  3.17697e-27   3.5971e-16  5.00563e-28  5.70049e-17  7.39595e-29  8.43546e-18  1.02404e-29  1.16383e-18   1.3274e-30  1.49467e-19  1.60878e-31  1.78348e-20  1.82024e-32   1.9731e-21  1.91904e-33  2.01892e-22  1.88103e-34  1.90523e-23  1.70978e-35  1.65267e-24   1.4369e-36  1.31263e-25  1.11262e-37  9.50186e-27   7.9056e-39   6.2343e-28  5.12975e-40  3.68295e-29  3.02237e-41  1.94316e-30  1.60592e-42  9.06437e-32  7.63179e-44  3.69065e-33   3.2109e-45  1.28963e-34  1.18076e-46  3.77869e-36  3.73313e-48  8.97327e-38  9.92754e-50  1.63388e-39  2.15384e-51  2.04507e-41  3.64333e-53  1.25375e-43   4.4603e-55 -5.72184e-46  3.41621e-57 -1.33796e-47  1.05708e-59
 6.41675e-18 -0.000630708  4.81562e-17   0.00192949  1.42081e-16   0.00610845 -4.49829e-17     -0.01279 -4.64106e-16   -0.0160642 -1.20695e-16    0.0113151  4.02219e-16    0.0259163   4.2961e-16    0.0134165   1.3764e-16  -0.00574425 -2.05958e-16   -0.0147327 -4.42367e-16    -0.012935 -4.63457e-16  -0.00700165 -2.98078e-16  -0.00202188 -8.49364e-17  0.000524055  6.02818e-17   0.00122246  1.10738e-16   0.00105617  9.95999e-17  0.000680574  6.80981e-17  0.000370026  3.97965e-17  0.000178209  2.11796e-17  7.80164e-05  1.06897e-17  3.15513e-05   5.2174e-18    1.192e-05  2.46161e-18  4.24149e-06  1.10955e-18  1.43012e-06  4.71617e-19  4.58924e-07  1.87355e-19  1.40568e-07  6.92457e-20  4.11615e-08  2.37709e-20  1.15277e-08  7.57916e-21  3.08609e-09  2.24672e-21   7.8878e-10  6.20154e-22  1.92152e-10  1.59666e-22  4.45276e-11  3.84053e-23  9.79534e-12  8.64299e-24  2.04141e-12  1.82195e-24  4.02259e-13  3.60052e-25  7.48024e-14  6.67328e-26  1.31027e-14  1.16015e-26    2.158e-15  1.89168e-27  3.33572e-16    2.892e-28  4.83005e-17  4.14304e-29  6.53824e-18  5.55716e-30  8.25595e-19  6.97145e-31  9.70093e-20  8.16836e-32   1.0578e-20   8.9241e-33  1.06702e-21  9.07282e-34  9.91985e-23  8.56332e-35  8.46249e-24  7.48294e-36  6.58919e-25  6.03457e-37  4.65177e-26  4.47453e-38  2.95216e-27  3.03714e-39  1.66488e-28  1.87731e-40  8.20597e-30  1.05017e-41  3.44258e-31  5.27696e-43  1.16973e-32  2.36013e-44  2.83851e-34  9.28908e-46  2.36159e-36   3.1711e-47 -1.92815e-37  9.21371e-49 -1.25297e-38   2.2207e-50 -4.37853e-40  4.27937e-52 -1.02893e-41  6.22683e-54 -1.61927e-43  6.18392e-56 -1.51863e-45  3.32832e-58  -5.5622e-48
-4.75242e-05  7.78666e-18    -0.000832  7.15028e-17   0.00401879  1.93949e-16   0.00359803 -8.56822e-17     -0.01521 -3.88846e-16   -0.0132432 -3.93852e-17    0.0124416   4.2961e-16    0.0252225  5.10949e-16    0.0143133  2.31206e-16  -0.00349152 -1.92495e-16   -0.0132916 -4.97425e-16   -0.0132532 -5.28142e-16  -0.00850406 -3.43615e-16  -0.00373958 -1.13287e-16  -0.00081553  4.17741e-17  0.000393877  9.94874e-17  0.000626573  9.48691e-17  0.000489451  6.79359e-17  0.000296693  4.15588e-17  0.000154289  2.29804e-17  7.17309e-05  1.18246e-17  3.04718e-05   5.7319e-18  1.19853e-05  2.62172e-18  4.40243e-06  1.12761e-18  1.51888e-06  4.54175e-19  4.94097e-07  1.70826e-19  1.51923e-07  5.99168e-20  4.42161e-08  1.95898e-20  1.21888e-08  5.97179e-21  3.18268e-09  1.69855e-21  7.86886e-10  4.51213e-22  1.84082e-10  1.12068e-22  4.07086e-11  2.60511e-23  8.50056e-12  5.67309e-24  1.67397e-12  1.15818e-24  3.10437e-13  2.21763e-25  5.41323e-14  3.98315e-26  8.86046e-15  6.71049e-27  1.35876e-15   1.0601e-27  1.94795e-16   1.5696e-28  2.60418e-17  2.17656e-29  3.23702e-18  2.82403e-30  3.72777e-19  3.42418e-31  3.95962e-20  3.87416e-32  3.85712e-21  4.08269e-33  3.41905e-22  3.99875e-34  2.72708e-23  3.63088e-35  1.92273e-24  3.04738e-36  1.16021e-25  2.35599e-37  5.56751e-27  1.67111e-38  1.62631e-28   1.0823e-39   -3.793e-30  6.36415e-41 -1.01436e-30  3.37466e-42 -9.25097e-32  1.60043e-43  -6.0418e-33  6.71957e-45 -3.14181e-34  2.46602e-46 -1.33671e-35  7.78127e-48 -4.65638e-37  2.06532e-49 -1.30836e-38  4.47253e-51  -2.8767e-40  7.55194e-53 -4.69373e-42  9.22954e-55  -5.1512e-44  7.05783e-57  -3.0251e-46  2.18085e-59
-6.13581e-18 -0.000287594  2.14679e-19 -0.000390096  1.01032e-16   0.00554341  1.93548e-16  0.000340839 -1.20435e-16   -0.0164688  -3.1378e-16   -0.0105864  4.64482e-17    0.0134165  5.10949e-16    0.0247471  6.26516e-16    0.0151887  3.20531e-16  -0.00129046 -1.74312e-16   -0.0115572 -5.20486e-16   -0.0130117 -5.54138e-16  -0.00948656 -3.63687e-16  -0.00516389 -1.32115e-16  -0.00208406  2.34932e-17 -0.000490597  8.51563e-17  0.000104039  8.64137e-17  0.000217357  6.42757e-17  0.000168721  4.04536e-17  9.89649e-05   2.2748e-17   4.9434e-05  1.17231e-17  2.19927e-05  5.60086e-18  8.91062e-06  2.49126e-18  3.33003e-06   1.0327e-18  1.15697e-06  3.99013e-19  3.75598e-07  1.43735e-19  1.14305e-07  4.82958e-20  3.26753e-08  1.51455e-20  8.78387e-09    4.436e-21  2.22164e-09  1.21443e-21  5.28649e-10   3.1102e-22  1.18297e-10  7.45754e-23  2.48735e-11  1.67541e-23  4.90837e-12  3.52892e-24  9.07607e-13   6.9719e-25  1.56943e-13  1.29224e-25  2.53133e-14  2.24699e-26  3.79541e-15  3.66457e-27  5.26649e-16  5.60297e-28  6.72075e-17  8.02623e-29  7.81478e-18  1.07629e-29  8.15681e-19  1.34955e-30  7.43624e-20  1.58018e-31  5.57035e-21   1.7249e-32  2.79782e-22  1.75187e-33 -3.45468e-24  1.65162e-34 -3.18377e-24  1.44145e-35 -5.13459e-25  1.16089e-36 -5.91017e-26  8.59545e-38 -5.58977e-27  5.82546e-39 -4.53532e-28  3.59522e-40 -3.20799e-29  2.00801e-41 -1.98792e-30  1.00742e-42 -1.07785e-31  4.49881e-44 -5.08441e-33  1.76804e-45 -2.06635e-34  6.02733e-47 -7.13202e-36  1.74898e-48  -2.0483e-37  4.21038e-50 -4.75278e-39  8.10467e-52 -8.52086e-41  1.17814e-53 -1.09612e-42  1.16903e-55   -8.748e-45  6.28784e-58 -2.79716e-47
 1.70828e-05 -1.41767e-17 -0.000638993 -8.75816e-18  0.000750295  1.21093e-16   0.00600708  1.49305e-16  -0.00300634  -1.6055e-16   -0.0168542 -2.57903e-16  -0.00809586   1.3764e-16    0.0143133  6.26516e-16    0.0244719  7.48906e-16    0.0160926  3.98192e-16  0.000910904 -1.44893e-16  -0.00953263 -5.05969e-16   -0.0122027  -5.3953e-16  -0.00986408 -3.56113e-16  -0.00613963 -1.37219e-16  -0.00310699  1.01014e-17  -0.00128146  7.11058e-17 -0.000405062  7.60191e-17 -6.97911e-05  5.79495e-17  2.27646e-05  3.69377e-17  3.08992e-05  2.08085e-17  1.99525e-05   1.0625e-17  1.00294e-05   4.9793e-18  4.33481e-06  2.15542e-18  1.67371e-06  8.64913e-19  5.88238e-07  3.22502e-19  1.90151e-07  1.11952e-19  5.68783e-08  3.62361e-20   1.5798e-08  1.09499e-20  4.08143e-09  3.09241e-21  9.81163e-10  8.16987e-22  2.19294e-10   2.0208e-22  4.54725e-11  4.68313e-23  8.71518e-12  1.01747e-23  1.53439e-12  2.07343e-24  2.45622e-13  3.96421e-25  3.50998e-14  7.11134e-26  4.31239e-15  1.19675e-26  4.12403e-16  1.88866e-27  1.84767e-17  2.79358e-28  -3.7822e-18  3.86986e-29 -1.37748e-18  5.01566e-30 -2.83015e-19  6.07467e-31 -4.61873e-20  6.86484e-32 -6.47901e-21  7.22552e-33  -8.0497e-22  7.06824e-34 -8.97885e-23  6.41005e-35 -9.04812e-24  5.37328e-36 -8.25699e-25   4.1491e-37 -6.82291e-26  2.93936e-38 -5.09534e-27   1.9014e-39 -3.42715e-28  1.11676e-40 -2.06584e-29  5.91523e-42 -1.10868e-30  2.80242e-43 -5.25251e-32  1.17555e-44 -2.17287e-33  4.31077e-46 -7.73833e-35  1.35935e-47 -2.32838e-36  3.60629e-49 -5.76881e-38  7.80712e-51 -1.13414e-39  1.31806e-52 -1.67029e-41  1.61092e-54 -1.66471e-43  1.23219e-56 -8.90874e-46  3.80944e-59
-4.60275e-18 -6.12728e-05 -2.61789e-17  -0.00082515 -1.05927e-17   0.00224039  1.21751e-16    0.0053717  7.42491e-17  -0.00605305 -2.15425e-16   -0.0165957 -2.24265e-16  -0.00574425  2.31206e-16    0.0151887  7.48906e-16    0.0243947  8.52849e-16    0.0170722  4.59442e-16   0.00316594 -1.00873e-16  -0.00720932 -4.54183e-16   -0.0108225 -4.87086e-16  -0.00958179 -3.21598e-16  -0.00655375 -1.26541e-16  -0.00374575  4.51438e-18  -0.00185131   5.9684e-17 -0.000804316  6.52776e-17 -0.000308945  5.00817e-17 -0.000104509  3.18566e-17 -3.05836e-05  1.77723e-17  -7.3709e-06  8.92288e-18    -1.24e-06  4.08666e-18 -4.39946e-09  1.72084e-18  1.07815e-07  6.69598e-19  5.73014e-08  2.41638e-19   2.0762e-08  8.10961e-20  5.99237e-09   2.5366e-20  1.40205e-09  7.40708e-21  2.47115e-10  2.02189e-21  2.02783e-11  5.16472e-22 -7.06538e-12  1.23563e-22 -4.59585e-12  2.77068e-23  -1.6681e-12   5.8261e-24 -4.80912e-13  1.14928e-24  -1.1965e-13  2.12717e-25 -2.65522e-14  3.69393e-26  -5.3424e-15   6.0169e-27 -9.83453e-16  9.18869e-28 -1.66512e-16  1.31475e-28 -2.60104e-17  1.76102e-29 -3.75462e-18  2.20564e-30 -5.01151e-19  2.57969e-31 -6.18422e-20  2.81287e-32 -7.04948e-21  2.85388e-33 -7.41264e-22  2.68794e-34 -7.17583e-23  2.34379e-35 -6.37885e-24  1.88606e-36 -5.19034e-25  1.39546e-37 -3.85071e-26  9.45149e-39 -2.59255e-27  5.82993e-40 -1.57499e-28   3.2548e-41 -8.57404e-30  1.63248e-42 -4.14739e-31  7.28926e-44 -1.76398e-32  2.86487e-45  -6.5103e-34    9.769e-47 -2.04971e-35  2.83609e-48 -5.38156e-37  6.83222e-50 -1.14163e-38  1.31639e-51  -1.8673e-40  1.91583e-53 -2.18158e-42  1.90373e-55 -1.56938e-44   1.0257e-57 -4.47105e-47
 2.33692e-05 -9.68908e-18 -0.000276576  -3.7621e-17  -0.00059165 -3.24147e-18   0.00359948  1.00639e-16   0.00386993 -2.23444e-17  -0.00861393 -2.86742e-16    -0.015854 -2.05958e-16  -0.00349152  3.20531e-16    0.0160926  8.52849e-16    0.0245254  9.22718e-16    0.0181726  5.04382e-16   0.00552196 -4.10406e-17  -0.00458362 -3.69495e-16  -0.00888925 -4.02745e-16  -0.00863305 -2.63538e-16  -0.00635709 -1.00728e-16  -0.00392402  7.40122e-18  -0.00212181  5.19537e-17   -0.0010305  5.53589e-17 -0.000457109  4.18074e-17 -0.000187539  2.61587e-17 -7.19129e-05  1.43103e-17 -2.60131e-05  7.02023e-18 -8.95145e-06  3.13171e-18 -2.95198e-06  1.28131e-18 -9.38389e-07  4.83607e-19 -2.88596e-07  1.69099e-19  -8.5964e-08  5.49539e-20 -2.47675e-08  1.66395e-20 -6.88015e-09  4.70316e-21 -1.83496e-09  1.24275e-21 -4.67767e-10   3.0734e-22   -1.135e-10  7.11996e-23 -2.61192e-11  1.54617e-23 -5.68364e-12  3.14902e-24 -1.16665e-12  6.01676e-25 -2.25443e-13  1.07859e-25 -4.09425e-14  1.81385e-26 -6.97743e-15  2.86054e-27 -1.11424e-15  4.22823e-28 -1.66495e-16  5.85338e-29 -2.32439e-17  7.58167e-30 -3.02687e-18  9.17709e-31 -3.67003e-19  1.03654e-31 -4.13472e-20  1.09051e-32 -4.31828e-21  1.06641e-33 -4.16966e-22  9.66909e-35 -3.71085e-23  8.10468e-36 -3.03298e-24  6.25875e-37  -2.2671e-25    4.435e-38  -1.5422e-26  2.87007e-39 -9.49179e-28  1.68669e-40 -5.24888e-29  8.94097e-42 -2.58603e-30  4.24009e-43 -1.12345e-31  1.78077e-44 -4.24813e-33  6.53962e-46 -1.37521e-34  2.06573e-47 -3.72879e-36  5.49114e-49 -8.21805e-38  1.19144e-50 -1.40965e-39  2.01659e-52 -1.75821e-41  2.47159e-54 -1.41357e-43  1.89635e-56 -5.58395e-46   5.8827e-59
 1.95497e-19  1.95937e-05 -1.49965e-17  -0.00054444 -4.20776e-17  0.000106006  9.21704e-18   0.00445947  5.90429e-17   0.00181287 -1.34137e-16   -0.0106206 -3.67038e-16   -0.0147327 -1.92495e-16  -0.00129046  3.98192e-16    0.0170722  9.22718e-16    0.0248805  9.55449e-16    0.0194299  5.37989e-16    0.0080071  3.46442e-17  -0.00167766 -2.58548e-16  -0.00646445 -2.94558e-16  -0.00707781 -1.87821e-16  -0.00558123 -6.31032e-17  -0.00364408  1.73375e-17  -0.00207891  4.77843e-17  -0.00106611  4.68984e-17 -0.000500251  3.40249e-17 -0.000217412  2.06427e-17 -8.82966e-05   1.0972e-17 -3.37312e-05   5.2288e-18 -1.21799e-05  2.26419e-18 -4.17114e-06  8.98547e-19 -1.35765e-06   3.2877e-19  -4.2045e-07  1.11404e-19 -1.23917e-07  3.50778e-20 -3.47417e-08    1.029e-20 -9.25737e-09  2.81782e-21  -2.3417e-09  7.21421e-22 -5.61571e-10  1.72881e-22 -1.27498e-10  3.88125e-23  -2.7367e-11  8.16863e-24 -5.54589e-12  1.61241e-24 -1.05961e-12  2.98575e-25 -1.90619e-13  5.18668e-26 -3.22424e-14  8.45076e-27  -5.1205e-15  1.29089e-27 -7.62364e-16  1.84755e-28 -1.06235e-16  2.47542e-29  -1.3831e-17  3.10152e-30   -1.679e-18  3.62908e-31 -1.89622e-19  3.95928e-32 -1.98729e-20  4.01972e-33  -1.9271e-21  3.78917e-34  -1.7233e-22  3.30742e-35 -1.41556e-23  2.66477e-36 -1.06319e-24  1.97443e-37 -7.26162e-26  1.33951e-38 -4.48061e-27  8.27797e-40 -2.47751e-28  4.63128e-41 -1.21527e-29  2.32835e-42 -5.21965e-31  1.04235e-43 -1.92883e-32  4.10845e-45  -5.9807e-34  1.40536e-46 -1.49607e-35  4.09395e-48 -2.80808e-37  9.89905e-50 -3.27914e-39   1.9149e-51 -3.04979e-42  2.79874e-53  6.65765e-43  2.79364e-55  1.09688e-44  1.51236e-57  5.36355e-47
 1.42552e-05  5.67422e-19 -6.31195e-05 -1.95121e-17 -0.000688504 -3.59977e-17   0.00109959  2.04628e-17    0.0046475 -5.84672e-19 -0.000512152 -2.53204e-16   -0.0120592 -4.42367e-16   -0.0132916 -1.74312e-16  0.000910904  4.59442e-16    0.0181726  9.55449e-16    0.0254744  9.58849e-16    0.0208592  5.68234e-16    0.0106122  1.25182e-16   0.00143871 -1.29467e-16  -0.00367109 -1.72223e-16  -0.00505295 -1.02422e-16  -0.00434186 -1.90247e-17  -0.00298658  3.14346e-17  -0.00177144  4.61792e-17 -0.000937857  4.00121e-17 -0.000452025  2.72599e-17 -0.000200846  1.58168e-17 -8.29745e-05  8.09617e-18 -3.20623e-05  3.72659e-18 -1.16365e-05  1.56072e-18 -3.97812e-06  5.99463e-19 -1.28343e-06   2.1238e-19 -3.91199e-07  6.97037e-20 -1.12718e-07  2.12633e-20 -3.07051e-08  6.04434e-21 -7.90618e-09  1.60423e-21 -1.92342e-09  3.98141e-22 -4.41841e-10  9.25029e-23 -9.57677e-11  2.01369e-23 -1.95685e-11  4.10976e-24 -3.76581e-12  7.86674e-25 -6.81794e-13  1.41254e-25  -1.1599e-13  2.37909e-26 -1.85173e-14  3.75752e-27 -2.76994e-15  5.56233e-28 -3.87579e-16  7.71196e-29 -5.06293e-17  1.00049e-29 -6.16061e-18  1.21308e-30 -6.96458e-19  1.37264e-31 -7.29267e-20  1.44696e-32 -7.04717e-21  1.41803e-33  -6.2569e-22  1.28876e-34 -5.07625e-23  1.08304e-35 -3.73709e-24  8.38738e-37 -2.47347e-25  5.96168e-38  -1.4528e-26   3.8709e-39 -7.42309e-28  2.28301e-40 -3.18697e-29  1.21484e-41 -1.06604e-30  5.78473e-43 -2.13735e-32  2.44004e-44   2.9148e-34  9.00185e-46  5.20918e-35  2.85727e-47  2.84314e-36  7.63396e-49  1.03206e-37  1.66522e-50  2.70959e-39  2.83415e-52   5.0699e-41  3.49359e-54  6.23373e-43  2.69639e-56  4.04333e-45  8.41541e-59
 1.73366e-18  2.88777e-05   7.3169e-19 -0.000231807  -2.1088e-17 -0.000562056 -1.98161e-17   0.00212253  2.50539e-17   0.00415591 -7.40677e-17  -0.00287191 -3.67674e-16    -0.012935 -4.97425e-16   -0.0115572 -1.44893e-16   0.00316594  5.04382e-16    0.0194299  9.58849e-16    0.0263046  9.46914e-16    0.0224369   6.0308e-16     0.013272  2.27714e-16    0.0046322  8.10323e-18 -0.000699882 -4.67354e-17  -0.00276601 -1.65402e-17  -0.00282321  2.52125e-17   -0.0020915  4.62106e-17  -0.00129346  4.57233e-17 -0.000702893   3.4429e-17 -0.000344348  2.16692e-17 -0.000154381  1.18849e-17 -6.39516e-05  5.81157e-18 -2.46363e-05  2.56943e-18 -8.86543e-06  1.03687e-18 -2.98928e-06  3.84497e-19 -9.46434e-07   1.3169e-19 -2.81758e-07  4.18229e-20 -7.89389e-08  1.23541e-20  -2.0822e-08  3.40241e-21 -5.17146e-09  8.75272e-22 -1.20917e-09  2.10619e-22 -2.66056e-10  4.74584e-23  -5.5055e-11  1.00215e-23 -1.07054e-11  1.98424e-24  -1.9541e-12  3.68493e-25 -3.34405e-13  6.41916e-26 -5.35688e-14  1.04877e-26 -8.01781e-15  1.60649e-27 -1.11871e-15  2.30575e-28 -1.45104e-16  3.09837e-29 -1.74345e-17  3.89387e-30 -1.93168e-18  4.57076e-31  -1.9616e-19   5.0034e-32 -1.81016e-20  5.09783e-33 -1.49837e-21  4.82355e-34 -1.08855e-22  4.22714e-35  -6.6475e-24  3.42023e-36 -3.04422e-25  2.54557e-37 -5.43819e-27  1.73516e-38  7.82767e-28  1.07764e-39   1.1826e-28  6.06042e-41  1.04062e-29  3.06334e-42  7.04734e-31   1.3791e-43  3.91165e-32  5.46738e-45  1.81027e-33  1.88141e-46  6.97642e-35  5.51455e-48  2.20967e-36  1.34183e-49  5.61012e-38  2.61243e-51  1.09513e-39  3.84325e-53  1.52962e-41  3.86162e-55  1.32389e-43  2.10442e-57  4.59112e-46
  6.2619e-06  3.61084e-18  1.30307e-05  2.91098e-19 -0.000416686 -1.68684e-17 -0.000133012  3.44035e-18   0.00292362  1.97832e-17   0.00308118 -1.54419e-16   -0.0050837 -4.63457e-16   -0.0132532 -5.20486e-16  -0.00953263 -1.00873e-16   0.00552196  5.37989e-16    0.0208592  9.46914e-16    0.0273328  9.34215e-16    0.0240829  6.47317e-16    0.0158538  3.36413e-16   0.00770527  1.42973e-16   0.00220417   7.0405e-17   -0.0004686  6.07241e-17  -0.00124436  6.36675e-17  -0.00112472  5.84677e-17 -0.000756467   4.5037e-17 -0.000428808  2.96978e-17 -0.000214575  1.71495e-17 -9.69927e-05  8.82398e-18 -4.01351e-05   4.0963e-18 -1.53314e-05   1.7314e-18  -5.4366e-06  6.70898e-19  -1.7964e-06  2.39596e-19 -5.54526e-07  7.91942e-20 -1.60185e-07  2.43088e-20 -4.33462e-08  6.94799e-21 -1.09935e-08  1.85312e-21 -2.61337e-09  4.61975e-22 -5.82105e-10  1.07784e-22 -1.21398e-10  2.35574e-23 -2.36766e-11  4.82648e-24 -4.31113e-12  9.27383e-25 -7.31162e-13   1.6715e-25 -1.15131e-13  2.82598e-26 -1.67563e-14  4.48065e-27 -2.23943e-15   6.6592e-28 -2.72086e-16  9.27069e-29 -2.95506e-17  1.20784e-29 -2.77741e-18  1.47096e-30 -2.08883e-19  1.67211e-31 -9.18084e-21   1.7711e-32  5.52799e-22  1.74436e-33  2.02481e-22  1.59358e-34  3.17589e-23  1.34647e-35  3.77466e-24  1.04861e-36  3.76017e-25  7.49684e-38  3.24833e-26  4.89695e-39  2.46607e-27  2.90602e-40  1.65206e-28  1.55615e-41  9.75487e-30  7.45773e-43  5.05165e-31  3.16635e-44  2.27499e-32  1.17589e-45  8.80021e-34  3.75737e-47  2.87369e-35  1.01064e-48  7.72991e-37  2.21942e-50  1.65229e-38  3.80282e-52  2.65236e-40  4.71898e-54  2.89161e-42  3.66615e-56   1.7007e-44  1.15158e-58
 9.01607e-19  1.86243e-05  5.16161e-18 -6.01348e-05  1.22416e-19 -0.000509265 -4.59673e-18  0.000512632  2.95173e-17   0.00332837  3.87218e-18   0.00157439 -2.32325e-16  -0.00700165 -5.28142e-16   -0.0130117 -5.05969e-16  -0.00720932 -4.10406e-17    0.0080071  5.68234e-16    0.0224369  9.34215e-16    0.0284663  9.30993e-16    0.0256509  7.00282e-16    0.0181619   4.4209e-16    0.0104166  2.63155e-16   0.00477624  1.68613e-16   0.00158649  1.21883e-16  0.000184549   9.1905e-17 -0.000240095  6.59719e-17 -0.000260883  4.31337e-17  -0.00017466  2.53941e-17 -9.42695e-05  1.34841e-17 -4.41084e-05  6.49311e-18 -1.84539e-05  2.85218e-18 -7.01616e-06  1.14897e-18 -2.44705e-06  4.26413e-19 -7.87439e-07  1.46364e-19 -2.34602e-07  4.66168e-20 -6.48357e-08  1.38146e-20  -1.6632e-08  3.81759e-21 -3.95817e-09  9.85548e-22  -8.7234e-10  2.38022e-22 -1.77432e-10  5.38359e-23 -3.31125e-11  1.14128e-23 -5.61356e-12  2.26886e-24 -8.49004e-13  4.23121e-25  -1.1034e-13  7.40289e-26 -1.11523e-14  1.21496e-26 -5.24104e-16  1.86978e-27  1.16299e-16  2.69673e-28  4.46593e-17  3.64209e-29  9.72968e-18  4.60119e-30  1.68739e-18  5.43036e-31  2.52034e-19  5.97767e-32  3.34122e-20  6.12564e-33  3.98616e-21  5.83045e-34  4.30794e-22  5.14065e-35  4.22901e-23   4.1853e-36  3.77229e-24  3.13481e-37   3.0532e-25  2.15064e-38  2.23585e-26  1.34443e-39  1.47511e-27  7.61078e-41  8.71808e-29  3.87253e-42  4.58165e-30  1.75496e-43  2.12085e-31  7.00344e-45  8.54244e-33  2.42579e-46  2.94639e-34  7.15618e-48  8.51693e-36  1.75239e-49  2.00189e-37  3.43307e-51  3.65733e-39  5.08132e-53  4.82165e-41  5.13576e-55   3.9657e-43  2.81463e-57  1.31414e-45
