    0.108735  3.68083e-17   -0.0798332 -7.72062e-17   -0.0293835 -1.72412e-17    0.0137472  2.01418e-17    0.0137374  9.85914e-18  0.000920543 -3.20248e-18   -0.0031307 -3.27116e-18  -0.00140371 -5.32063e-19 -5.08397e-05  2.20962e-19  0.000108201  4.73215e-20   1.9141e-05
 3.68083e-17     0.138979   8.5528e-17   -0.0252985 -7.67867e-17   -0.0489358 -3.35138e-17  4.45488e-05   2.0045e-17    0.0160453  1.50668e-17    0.0052089 -9.75888e-19  -0.00246485 -3.63426e-18  -0.00215547  -1.0859e-18 -0.000491978 -1.15491e-19 -5.17184e-06 -1.42642e-20
  -0.0798332   8.5528e-17    0.0986469  7.19994e-17  -0.00130117 -4.78097e-17   -0.0378976 -3.10754e-17  -0.00727624  1.44673e-17    0.0134321  1.47975e-17   0.00746657  1.81705e-18 -0.000993029 -2.62291e-18  -0.00213362 -1.36989e-18 -0.000724031 -3.74495e-19 -7.26003e-05
-7.72062e-17   -0.0252985  7.19994e-17    0.0515878  5.89297e-17   0.00407407 -3.53894e-17   -0.0319743 -2.89729e-17  -0.00996386  6.44675e-18    0.0113321  1.31012e-17   0.00877975  4.36446e-18  0.000707669 -1.14236e-18  -0.00142407 -1.15416e-18 -0.000529855 -2.51922e-19
  -0.0293835 -7.67867e-17  -0.00130117  5.89297e-17    0.0473127  3.77021e-17   0.00340852 -2.73191e-17   -0.0290468 -2.81466e-17   -0.0121743 -1.04375e-19   0.00906155  1.24855e-17   0.00953452  6.12165e-18   0.00254058  4.36437e-19 -0.000237852 -4.56661e-19 -0.000135645
-1.72412e-17   -0.0489358 -4.78097e-17   0.00407407  3.77021e-17    0.0410037  3.11839e-17   0.00545233  -1.9095e-17   -0.0264937 -2.81667e-17   -0.0142516 -3.11969e-18   0.00646439   1.1521e-17   0.00956594  6.70831e-18   0.00393185  1.57313e-18  0.000627285  5.51147e-20
   0.0137472 -3.35138e-17   -0.0378976 -3.53894e-17   0.00340852  3.11839e-17      0.03703  3.28081e-17   0.00648792  -1.4344e-17   -0.0245921 -2.73207e-17   -0.0162087 -4.39709e-18   0.00335496  8.59297e-18   0.00826285  5.75904e-18   0.00379322  1.50025e-18  0.000543407
 2.01418e-17  4.45488e-05 -3.10754e-17   -0.0319743 -2.73191e-17   0.00545233  3.28081e-17    0.0346475  3.18252e-17   0.00748675 -1.22139e-17   -0.0230053 -2.55889e-17   -0.0182824  -6.7439e-18 -0.000818618  3.47451e-18   0.00479977   3.0352e-18    0.0019875  5.62066e-19
   0.0137374   2.0045e-17  -0.00727624 -2.89729e-17   -0.0290468  -1.9095e-17   0.00648792  3.18252e-17    0.0332698  2.82191e-17   0.00874195 -1.07997e-17   -0.0215111 -2.38367e-17   -0.0207409 -1.14654e-17  -0.00633913  -2.5269e-18  0.000206322  1.34165e-19   0.00027612
 9.85914e-18    0.0160453  1.44673e-17  -0.00996386 -2.81466e-17   -0.0264937  -1.4344e-17   0.00748675  2.82191e-17    0.0327276   2.5707e-17     0.010319  -8.6951e-18   -0.0200945 -2.26552e-17   -0.0233023 -1.62373e-17   -0.0109241 -6.03601e-18  -0.00232348 -7.76892e-19
 0.000920543  1.50668e-17    0.0134321  6.44675e-18   -0.0121743 -2.81667e-17   -0.0245921 -1.22139e-17   0.00874195   2.5707e-17    0.0329861  2.54336e-17    0.0122087 -5.25166e-18   -0.0181269 -2.03421e-17   -0.0228526 -1.59475e-17   -0.0105579 -4.88637e-18  -0.00163245
-3.20248e-18    0.0052089  1.47975e-17    0.0113321 -1.04375e-19   -0.0142516 -2.73207e-17   -0.0230053 -1.07997e-17     0.010319  2.54336e-17    0.0338564  2.60624e-17    0.0149849  8.58709e-19   -0.0122445 -1.30065e-17   -0.0155429 -9.21666e-18  -0.00549784 -1.68344e-18
  -0.0031307 -9.75888e-19   0.00746657  1.31012e-17   0.00906155 -3.11969e-18   -0.0162087 -2.55889e-17   -0.0215111  -8.6951e-18    0.0122087  2.60624e-17     0.035789  2.90064e-17    0.0218146  1.19771e-17  0.000530693 -7.46487e-19  -0.00411418 -1.66672e-18 -0.000981308
-3.27116e-18  -0.00246485  1.81705e-18   0.00877975  1.24855e-17   0.00646439 -4.39709e-18   -0.0182824 -2.38367e-17   -0.0200945 -5.25166e-18    0.0149849  2.90064e-17    0.0417828  3.86134e-17    0.0347066  2.61369e-17    0.0148033  8.97525e-18   0.00312969  1.19481e-18
 -0.00140371 -3.63426e-18 -0.000993029  4.36446e-18   0.00953452   1.1521e-17   0.00335496  -6.7439e-18   -0.0207409 -2.26552e-17   -0.0181269  8.58709e-19    0.0218146  3.86134e-17    0.0534218  5.23081e-17    0.0463185  3.38049e-17    0.0199204  9.80804e-18   0.00310418
-5.32063e-19  -0.00215547 -2.62291e-18  0.000707669  6.12165e-18   0.00956594  8.59297e-18 -0.000818618 -1.14654e-17   -0.0233023 -2.03421e-17   -0.0122445  1.19771e-17    0.0347066  5.23081e-17    0.0626551  5.71802e-17    0.0447488  2.80743e-17    0.0138376  4.68693e-18
-5.08397e-05  -1.0859e-18  -0.00213362 -1.14236e-18   0.00254058  6.70831e-18   0.00826285  3.47451e-18  -0.00633913 -1.62373e-17   -0.0228526 -1.30065e-17  0.000530693  2.61369e-17    0.0463185  5.71802e-17    0.0572251  4.50936e-17    0.0294628  1.46576e-17   0.00503286
 2.20962e-19 -0.000491978 -1.36989e-18  -0.00142407  4.36437e-19   0.00393185  5.75904e-18   0.00479977  -2.5269e-18   -0.0109241 -1.59475e-17   -0.0155429 -7.46487e-19    0.0148033  3.38049e-17    0.0447488  4.50936e-17    0.0373058  2.42248e-17    0.0124154  4.22742e-18
 0.000108201 -1.15491e-19 -0.000724031 -1.15416e-18 -0.000237852  1.57313e-18   0.00379322   3.0352e-18  0.000206322 -6.03601e-18   -0.0105579 -9.21666e-18  -0.00411418  8.97525e-18    0.0199204  2.80743e-17    0.0294628  2.42248e-17    0.0162586  8.21784e-18    0.0028679
 4.73215e-20 -5.17184e-06 -3.74495e-19 -0.000529855 -4.56661e-19  0.000627285  1.50025e-18    0.0019875  1.34165e-19  -0.00232348 -4.88637e-18  -0.00549784 -1.66672e-18   0.00312969  9.80804e-18    0.0138376  1.46576e-17    0.0124154  8.21784e-18   0.00426594  1.46333e-18
  1.9141e-05 -1.42642e-20 -7.26003e-05 -2.51922e-19 -0.000135645  5.51147e-20  0.000543407  5.62066e-19   0.00027612 -7.76892e-19  -0.00163245 -1.68344e-18 -0.000981308  1.19481e-18   0.00310418  4.68693e-18   0.00503286  4.22742e-18    0.0028679  1.46333e-18  0.000513362
