 0.000287752  1.00494e-17  -0.00132648 -7.38696e-17   0.00153614  1.43175e-16 -0.000213623 -1.24967e-16 -0.000375707  3.62605e-17 -6.10302e-05  1.94744e-17  6.50354e-05 -1.31159e-17  4.98316e-05 -9.91352e-19  1.46598e-05  6.99147e-19 -1.99728e-06  8.54854e-19 -4.66621e-06 -1.06878e-19 -2.87943e-06 -2.74716e-19 -1.11798e-06 -5.29829e-20   -2.487e-07  7.04414e-20  2.76717e-08  6.82773e-20  6.45766e-08  2.29056e-20  4.22213e-08  -8.6088e-21  2.00292e-08 -1.41165e-20  7.83928e-09 -7.90411e-21  2.62854e-09 -1.96833e-21  7.56706e-10  4.72729e-22  1.80519e-10   7.7613e-22  3.08901e-11  4.65308e-22  6.27483e-13  1.83097e-22 -2.47098e-12  4.16515e-23 -1.43558e-12 -4.55711e-24 -5.80605e-13 -1.05859e-23  -1.9775e-13 -6.57222e-24 -6.01088e-14 -2.83144e-24 -1.67286e-14  -9.4154e-25 -4.32012e-15 -2.34653e-25  -1.0432e-15 -3.26786e-26 -2.36603e-16  5.96538e-27 -5.05302e-17  6.51989e-27  -1.0174e-17  2.99943e-27 -1.93174e-18  1.04055e-27 -3.45712e-19  3.03269e-28 -5.82512e-20   7.7288e-29 -9.22566e-21  1.75723e-29 -1.37037e-21  3.60622e-30 -1.90382e-22  6.72476e-31 -2.46538e-23  1.14381e-31 -2.96328e-24  1.77928e-32 -3.28832e-25  2.53617e-33 -3.34539e-26  3.31489e-34  -3.0902e-27  3.97083e-35 -2.55453e-28  4.35351e-36 -1.84447e-29  4.36122e-37 -1.10785e-30  3.98337e-38 -4.83464e-32  3.30727e-39 -5.58921e-34  2.48601e-40  1.62767e-34   1.6832e-41   2.1887e-35  1.02015e-42  1.83416e-36  5.49205e-44  1.19102e-37  2.60104e-45  6.31215e-39  1.07043e-46  2.76366e-40  3.76712e-48  9.94265e-42  1.10948e-49  2.88661e-43  2.65293e-51  6.54822e-45    4.923e-53  1.09915e-46  6.58264e-55  1.23587e-48  5.48343e-57  7.39651e-51  1.83778e-59
 1.00494e-17   0.00217196   4.5542e-17  -0.00541495  -2.2488e-16   0.00396514  3.43024e-16  0.000558062 -2.48337e-16 -0.000920664  5.08858e-17 -0.000456863  3.86166e-17  2.19403e-05 -1.35239e-17  0.000127882 -5.73151e-18  7.41978e-05  6.98011e-19  1.89086e-05  1.75792e-18 -3.92166e-06 -3.58093e-19  -7.0301e-06 -7.34073e-19 -4.33987e-06 -1.24847e-19 -1.80331e-06  2.49271e-19 -5.11077e-07  2.28952e-19 -5.28281e-08  7.23238e-20  4.79112e-08  -2.7038e-20  4.28463e-08 -4.31581e-20  2.31241e-08 -2.44048e-20  1.00233e-08   -6.809e-21  3.76326e-09  7.65946e-22  1.26272e-09   2.0406e-21  3.84377e-10  1.31452e-21  1.06869e-10  5.35458e-22  2.71669e-11   1.2719e-22  6.28478e-12 -8.64839e-24  1.30613e-12 -2.75342e-23  2.36754e-13  -1.7135e-23  3.46705e-14 -7.27124e-24  2.98982e-15 -2.37558e-24 -3.69305e-16 -5.86971e-25 -2.70884e-16 -8.68989e-26 -8.70788e-17  8.88262e-27 -2.14811e-17   1.2527e-26 -4.47793e-18  5.77657e-27 -8.09838e-19  1.96241e-27 -1.26689e-19  5.55889e-28  -1.6565e-20  1.37247e-28 -1.60671e-21  3.01823e-29 -4.88025e-23  5.98423e-30  2.53483e-23  1.07697e-30  8.29021e-24  1.76621e-31  1.72247e-24  2.64673e-32  2.89744e-25  3.63085e-33  4.20984e-26  4.56238e-34  5.42085e-27  5.24758e-35  6.25887e-28  5.51648e-36  6.51325e-29  5.29007e-37   6.1184e-30  4.61631e-38  5.18372e-31  3.65353e-39  3.95035e-32  2.61083e-40   2.6961e-33  1.67516e-41  1.63811e-34  9.58387e-43  8.79142e-36  4.84715e-44  4.12579e-37  2.14372e-45  1.67131e-38  8.17574e-47  5.74568e-40  2.63962e-48  1.63864e-41  7.03366e-50  3.75563e-43   1.4912e-51  6.59855e-45  2.37601e-53  8.22823e-47  2.57232e-55  6.27103e-49  1.50272e-57  1.87552e-51
 -0.00132648   4.5542e-17   0.00789592  1.11293e-16   -0.0129407 -4.03937e-16   0.00563441  5.08889e-16   0.00291827 -3.15222e-16 -0.000951304  3.62525e-17  -0.00115309  5.18955e-17 -0.000315044 -5.65289e-18  0.000121793 -8.27587e-18  0.000159004  4.81389e-19   7.8671e-05  2.00167e-18  1.83765e-05 -1.23955e-18 -4.41258e-06 -1.55984e-18 -7.28764e-06 -1.55284e-19 -4.58086e-06  6.43484e-19  -2.0328e-06  5.40814e-19 -6.82985e-07  1.66679e-19 -1.56524e-07 -5.47106e-20 -4.63706e-09 -9.09716e-20  1.98374e-08 -5.26136e-20  1.42893e-08 -1.59678e-20  7.03992e-09  4.41571e-22  2.88826e-09  3.71148e-21  1.04938e-09  2.53042e-21  3.47391e-10  1.04395e-21  1.06486e-10  2.48588e-22  3.05417e-11 -1.43457e-23  8.25769e-12 -5.01563e-23  2.11682e-12 -3.07134e-23  5.16872e-13  -1.2775e-23  1.20675e-13 -4.10093e-24  2.70218e-14 -1.00835e-24  5.81653e-15 -1.59285e-25  1.20519e-15  5.09868e-27  2.40455e-16   1.5642e-26   4.6163e-17  7.39182e-27   8.5134e-18  2.47732e-27  1.50442e-18  6.84673e-28  2.53948e-19  1.64164e-28  4.08051e-20  3.49756e-29  6.21843e-21   6.7072e-30  8.95412e-22  1.16587e-30  1.21373e-22  1.84445e-31  1.54298e-23  2.66337e-32  1.83285e-24  3.51665e-33   2.0266e-25  4.24782e-34  2.07761e-26  4.69001e-35  1.96644e-27  4.72522e-36  1.71051e-28   4.3348e-37  1.36043e-29  3.61089e-38  9.83587e-31  2.72111e-39  6.42134e-32  1.84603e-40  3.75562e-33  1.12047e-41  1.94919e-34  6.03796e-43  8.87317e-36  2.86091e-44  3.49118e-37  1.17736e-45  1.16478e-38  4.14173e-47   3.2113e-40  1.21896e-48  7.05147e-42  2.91205e-50  1.16506e-43  5.39756e-52  1.31147e-45  7.20669e-54  8.07833e-48  5.99296e-56  1.01526e-50  2.00468e-58
-7.38696e-17  -0.00541495  1.11293e-16    0.0184888  1.77097e-16   -0.0215898 -4.97792e-16   0.00415417  5.49852e-16    0.0061712 -3.04691e-16  0.000297174  3.45687e-18  -0.00166556  5.16169e-17 -0.000954962   5.0686e-18  -0.00011575  -5.1134e-18  0.000178723  1.70166e-18  0.000155458  1.13706e-18  6.98714e-05 -3.40197e-18  1.60594e-05 -2.91482e-18 -3.28513e-06 -6.64179e-20 -5.87543e-06  1.32889e-18 -3.82996e-06   1.0418e-18 -1.80689e-06  3.26517e-19 -6.84228e-07  -7.9573e-20 -2.09615e-07 -1.51111e-19 -4.77491e-08 -8.98143e-20 -4.38773e-09 -2.87906e-20  3.04112e-09 -7.12788e-22  2.45762e-09  5.40043e-21  1.20215e-09  3.83102e-21  4.79395e-10  1.57383e-21  1.68348e-10  3.64487e-22  5.37821e-11 -2.54122e-23  1.59007e-11 -7.40072e-23  4.39492e-12 -4.38836e-23  1.14298e-12  -1.7819e-23  2.80865e-13 -5.62175e-24  6.53849e-14 -1.38014e-24  1.44428e-14 -2.32712e-25  3.02914e-15  -6.3924e-27  6.03219e-16  1.41986e-26  1.13989e-16   7.1772e-27  2.04181e-17  2.40155e-27  3.46172e-18  6.51198e-28  5.54495e-19  1.52124e-28  8.37345e-20  3.14656e-29  1.18921e-20  5.84442e-30  1.58413e-21  9.82128e-31  1.97329e-22  1.49977e-31  2.29095e-23  2.08749e-32  2.46967e-24  2.65317e-33  2.46161e-25  3.08044e-34  2.25752e-26  3.26387e-35  1.89394e-27  3.14998e-36  1.44342e-28  2.76241e-37   9.9059e-30  2.19446e-38  6.05157e-31  1.57269e-39  3.23808e-32  1.01132e-40  1.48012e-33  5.79558e-42  5.52509e-35  2.93444e-43  1.51407e-36  1.29853e-44  1.86344e-38  4.95244e-46 -8.34131e-40  1.59827e-47 -6.72839e-41  4.25568e-49 -2.60503e-42  9.01352e-51 -6.63568e-44  1.43437e-52 -1.12117e-45  1.55043e-54 -1.12187e-47  9.04072e-57 -4.36157e-50
  0.00153614  -2.2488e-16   -0.0129407  1.77097e-16    0.0315488  1.94111e-16   -0.0272347 -4.38331e-16  -0.00113937  4.72288e-16   0.00850857 -2.47449e-16    0.0028057 -3.14129e-17  -0.00138089  3.65812e-17  -0.00160315   1.3727e-17  -0.00060759  4.08491e-18  3.10245e-05  5.35748e-18  0.000184464 -1.12142e-18  0.000130599 -7.28904e-18  5.58296e-05 -4.88286e-18  1.36503e-05  1.58691e-19 -1.30305e-06  2.30034e-18 -3.72743e-06  1.73158e-18  -2.5973e-06  5.68802e-19  -1.2996e-06 -7.87233e-20 -5.35253e-07 -2.05443e-19  -1.8935e-07 -1.25967e-19 -5.81105e-08 -4.14852e-20 -1.52259e-08 -2.04424e-21 -3.18583e-09   6.7953e-21 -3.92937e-10  4.88082e-21  6.59339e-11  1.96477e-21  7.01964e-11  4.31354e-22   3.2561e-11  -4.3053e-23  1.17689e-11 -9.33757e-23  3.68569e-12 -5.30507e-23  1.04008e-12 -2.09757e-23  2.69452e-13 -6.50774e-24  6.47309e-14 -1.59922e-24  1.45015e-14 -2.86734e-25  3.03903e-15 -2.17042e-26  5.96641e-16  9.18895e-27  1.09767e-16  5.49831e-27   1.8912e-17  1.87651e-27  3.04707e-18   5.0367e-28  4.58083e-19   1.1519e-28  6.40594e-20  2.32002e-29  8.29847e-21  4.18189e-30  9.90277e-22  6.80255e-31  1.08008e-22   1.0035e-31  1.06426e-23  1.34693e-32  9.29599e-25  1.64819e-33  6.94475e-26  1.83926e-34  4.06923e-27  1.86963e-35  1.29555e-28  1.72757e-36 -8.27292e-30  1.44716e-37 -2.01477e-30  1.09523e-38 -2.30684e-31  7.45461e-40 -1.98311e-32  4.53627e-41 -1.39733e-33  2.44921e-42 -8.28785e-35  1.16203e-43 -4.16214e-36  4.78554e-45 -1.76104e-37  1.68364e-46 -6.19516e-39  4.95329e-48 -1.77231e-40  1.18247e-49 -3.98279e-42  2.18956e-51 -6.64855e-44  2.91968e-53  -7.4567e-46  2.42404e-55  -4.4622e-48  8.09323e-58
 1.43175e-16   0.00396514 -4.03937e-16   -0.0215898  1.94111e-16    0.0422651  1.38553e-16   -0.0272304 -2.61557e-16  -0.00846341  3.53642e-16   0.00845904 -1.80254e-16    0.0056721 -6.14774e-17 -6.66837e-05  1.12771e-17  -0.00183932   1.9174e-17  -0.00118796  1.79238e-17 -0.000308112  1.07485e-17  9.85859e-05 -5.18496e-18  0.000156684 -1.29877e-17  9.86159e-05 -7.46449e-18  4.16183e-05  4.22319e-19  1.14606e-05  3.43547e-18  5.60367e-07  2.54837e-18 -1.71222e-06  8.93652e-19 -1.38527e-06 -2.45719e-20 -7.43029e-07 -2.27031e-19 -3.26059e-07 -1.45078e-19 -1.24793e-07 -4.74686e-20 -4.28643e-08 -1.81063e-21 -1.34143e-08  8.01528e-21  -3.8575e-09   5.5421e-21 -1.02412e-09  2.14846e-21 -2.51564e-10  4.40762e-22 -5.71894e-11 -5.97764e-23 -1.20185e-11 -1.02393e-22 -2.33003e-12 -5.57146e-23 -4.16043e-13 -2.14605e-23 -6.85736e-14 -6.55649e-24 -1.05941e-14  -1.6151e-24 -1.60895e-15 -3.05475e-25 -2.64469e-16 -3.44304e-26 -5.15447e-17   3.2248e-27 -1.16198e-17  3.30191e-27  -2.7199e-18   1.2001e-27 -6.09343e-19  3.23749e-28 -1.26148e-19  7.30409e-29 -2.38789e-20  1.43893e-29 -4.12679e-21  2.52427e-30 -6.51809e-22  3.98208e-31 -9.42045e-23  5.68131e-32 -1.24667e-23  7.35891e-33 -1.51045e-24   8.6727e-34  -1.6739e-25  9.30279e-35 -1.69379e-26  9.07055e-36 -1.56093e-27  8.02081e-37 -1.30559e-28  6.41321e-38 -9.86803e-30  4.61905e-39 -6.70315e-31   2.9818e-40  -4.0646e-32  1.71397e-41 -2.18178e-33  8.69874e-43 -1.02594e-34  3.85583e-44 -4.17061e-36  1.47205e-45 -1.44082e-37  4.75229e-47 -4.13459e-39  1.26516e-48 -9.54667e-41  2.67819e-50   -1.692e-42  4.25845e-52 -2.13142e-44  4.59792e-54 -1.64385e-46  2.67729e-56 -4.98644e-49
-0.000213623  3.43024e-16   0.00563441 -4.97792e-16   -0.0272347  1.38553e-16     0.047072  3.14477e-17   -0.0222378 -6.30314e-17    -0.015134  2.64464e-16   0.00589357 -1.19851e-16   0.00778358 -8.64106e-17   0.00196697  -1.6719e-17  -0.00140034  2.45638e-17   -0.0015928   3.4937e-17 -0.000749751  1.61381e-17 -0.000121385 -1.13826e-17  0.000106215 -2.02348e-17   0.00011601 -1.06169e-17  6.83496e-05  5.05833e-19  2.92551e-05  4.49501e-18  9.21888e-06  3.36268e-18  1.65507e-06  1.27457e-18  -3.3984e-07  1.04259e-19 -5.11682e-07 -1.89256e-19 -3.14477e-07 -1.30648e-19 -1.47959e-07 -3.95506e-20 -5.97083e-08  2.37943e-21 -2.15899e-08  9.72069e-21 -7.15334e-09  6.01168e-21 -2.20128e-09  2.20972e-21 -6.34899e-10  4.34117e-22  -1.7277e-10 -5.89169e-23 -4.45822e-11 -9.61779e-23 -1.09518e-11 -5.09738e-23 -2.56883e-12 -1.92458e-23 -5.76543e-13  -5.8087e-24 -1.23968e-13 -1.43523e-24 -2.55458e-14 -2.83225e-25 -5.04237e-15 -3.94607e-26 -9.52109e-16 -1.26846e-27 -1.71638e-16  1.44981e-27  -2.9467e-17   6.2365e-28 -4.80405e-18   1.7393e-28 -7.41463e-19  3.91973e-29 -1.07989e-19  7.60565e-30 -1.47924e-20  1.30405e-30 -1.89933e-21   2.0004e-31 -2.27798e-22  2.76502e-32 -2.54286e-23  3.45998e-33 -2.63182e-24  3.92986e-34 -2.51519e-25  4.05316e-35 -2.20957e-26  3.79069e-36 -1.77534e-27  3.20675e-37 -1.29722e-28  2.44576e-38 -8.56303e-30  1.67475e-39 -5.06689e-31  1.02397e-40 -2.66254e-32  5.54991e-42 -1.22833e-33  2.64139e-43 -4.90409e-35  1.09042e-44 -1.66321e-36  3.84267e-46 -4.67351e-38   1.1316e-47 -1.05037e-39  2.70257e-49 -1.79007e-41  5.00478e-51 -2.11394e-43   6.6726e-53 -1.43943e-45  5.53771e-55 -3.14157e-48  1.84778e-57
-1.24967e-16  0.000558062  5.08889e-16   0.00415417 -4.38331e-16   -0.0272304  3.14477e-17    0.0459533  -8.4008e-17   -0.0150237  8.16516e-17   -0.0194329  2.26553e-16   0.00177936  -7.0165e-17    0.0084888 -1.06691e-16   0.00411738 -3.84862e-17 -0.000313387  3.54551e-17  -0.00160827  5.43544e-17  -0.00113522  2.01904e-17 -0.000427713 -1.94217e-17  -3.3228e-05 -2.83991e-17  8.33518e-05 -1.42419e-17  7.63767e-05  1.29714e-19  4.35474e-05  5.17567e-18  1.91614e-05  4.00351e-18  6.77882e-06  1.66018e-18  1.85096e-06  3.11911e-19  2.96246e-07 -7.75106e-20 -5.45899e-08 -7.28401e-20 -7.57252e-08 -1.30595e-20 -4.31063e-08  1.25258e-20 -1.89102e-08  1.28118e-20 -7.15262e-09  6.71693e-21  -2.4335e-09  2.33733e-21 -7.60537e-10   4.7978e-22 -2.20989e-10  -2.2663e-23 -6.01513e-11 -7.25625e-23 -1.54117e-11 -3.95472e-23 -3.72859e-12 -1.49065e-23 -8.53393e-13 -4.47963e-24 -1.84964e-13 -1.11162e-24 -3.79718e-14 -2.26184e-25 -7.38111e-15 -3.54902e-26 -1.35738e-15 -3.21526e-27  -2.3586e-16  3.41435e-28 -3.86619e-17   2.5593e-28 -5.96693e-18   7.7965e-29 -8.65156e-19  1.79051e-29 -1.17552e-19  3.45638e-30 -1.49258e-20  5.82597e-31 -1.76545e-21  8.72162e-32 -1.93844e-22  1.17061e-32  -1.9678e-23  1.41725e-33 -1.83834e-24   1.5529e-34 -1.57189e-25  1.54092e-35 -1.22214e-26  1.38269e-36 -8.57004e-28  1.11891e-37  -5.3635e-29  8.13673e-39 -2.95319e-30  5.29304e-40 -1.40057e-31  3.06164e-41 -5.52157e-33  1.56213e-42 -1.68119e-34  6.95629e-44 -3.12207e-36  2.66609e-45  2.32323e-38  8.63408e-47  4.61124e-39  2.30424e-48  2.04635e-40  4.88757e-50  5.55936e-42  7.78536e-52  9.80069e-44  8.42018e-54  1.01382e-45  4.91103e-56  4.05644e-48
-0.000375707 -2.48337e-16   0.00291827  5.49852e-16  -0.00113937 -2.61557e-16   -0.0222378  -8.4008e-17    0.0414663 -1.75331e-16  -0.00815763  1.51924e-16   -0.0211484  2.21935e-16  -0.00268476 -3.66679e-17   0.00775918 -1.22886e-16   0.00583448 -4.62869e-17   0.00116921  5.65403e-17  -0.00116194  7.59118e-17  -0.00131245  2.28787e-17 -0.000725916 -2.80739e-17 -0.000234106 -3.64745e-17 -5.27569e-06 -1.81265e-17  5.25756e-05 -9.31981e-19  4.44739e-05  5.21109e-18  2.50772e-05  4.31394e-18  1.13544e-05  1.98851e-18  4.35703e-06  5.79875e-19  1.43744e-06  1.02642e-19  4.02141e-07  2.63385e-20  8.93474e-08  3.16552e-20  1.16407e-08  2.90772e-20  -2.0661e-09  1.78532e-20 -2.30428e-09  8.02889e-21 -1.11823e-09  2.69716e-21 -4.21781e-10  6.27725e-22 -1.37516e-10  5.60194e-23 -4.03121e-11  -3.3874e-23 -1.08272e-11 -2.35897e-23 -2.69172e-12 -9.39278e-24 -6.23031e-13 -2.87416e-24 -1.34707e-13 -7.21142e-25 -2.72514e-14 -1.49831e-25 -5.16092e-15     -2.5e-26 -9.14599e-16 -2.94201e-27 -1.51494e-16 -7.26668e-29 -2.34098e-17  8.15927e-29 -3.36577e-18  2.97623e-29  -4.4865e-19  7.12107e-30 -5.51826e-20  1.38023e-30 -6.22235e-21  2.29812e-31  -6.3731e-22  3.36665e-32 -5.84566e-23   4.3952e-33 -4.68622e-24  5.15424e-34 -3.12294e-25  5.45278e-35 -1.49897e-26  5.20894e-36 -1.50778e-28  4.48636e-37  7.10272e-29  3.47349e-38  1.05436e-29  2.40813e-39  1.00504e-30  1.48761e-40  7.53143e-32  8.13488e-42  4.67044e-33  3.90303e-43  2.43164e-34  1.62341e-44  1.06172e-35  5.76094e-46  3.84426e-37  1.70732e-47  1.13034e-38  4.10157e-49   2.6092e-40  7.63884e-51  4.47406e-42  1.02436e-52  5.15718e-44  8.55319e-55  3.17512e-46  2.87262e-57
 3.62605e-17 -0.000920664 -3.15222e-16    0.0061712  4.72288e-16  -0.00846341 -6.30314e-17   -0.0150237 -1.75331e-16    0.0363392 -2.31602e-16   -0.0028298  1.66376e-16   -0.0209672  2.19228e-16  -0.00667423 -2.97648e-17   0.00595391 -1.37078e-16   0.00680525 -3.69062e-17   0.00271873  8.86786e-17 -0.000324124  9.90657e-17  -0.00119367  2.53073e-17 -0.000914431 -3.54335e-17 -0.000438892 -4.32357e-17 -0.000131717 -2.19144e-17 -3.92895e-06 -2.73379e-18  2.63371e-05  4.48076e-18  2.22076e-05  4.21104e-18  1.25988e-05  2.20735e-18  5.83859e-06  8.70553e-19  2.34999e-06  3.25353e-19  8.44583e-07  1.52587e-19  2.74994e-07  8.86307e-20  8.17424e-08  5.02959e-20  2.22565e-08  2.45884e-20  5.54954e-09  9.99014e-21  1.26225e-09  3.31766e-21  2.59559e-10  8.74002e-22  4.74182e-11  1.66144e-22  7.42616e-12  1.27198e-23  9.12571e-13 -6.24744e-24  6.07035e-14 -3.79289e-24 -7.88187e-15 -1.30792e-24 -3.76135e-15 -3.43889e-25 -7.40752e-16 -7.29255e-26 -6.58622e-17 -1.23401e-26  1.28763e-17 -1.50883e-27  8.01911e-18  -6.6271e-29  2.43997e-18  2.91471e-29  5.70056e-19  1.15063e-29  1.12663e-19  2.75884e-30  1.95546e-20  5.26793e-31  3.03477e-21  8.57152e-32   4.2509e-22   1.2206e-32  5.40029e-23  1.54323e-33  6.23501e-24  1.74803e-34  6.54373e-25  1.78237e-35  6.23503e-26  1.63749e-36  5.38014e-27  1.35294e-37  4.18882e-28  1.00191e-38  2.92821e-29  6.62141e-40  1.82637e-30  3.88409e-41  1.00831e-31  2.00779e-42   4.8781e-33  9.05552e-44  2.04168e-34  3.51511e-45  7.27044e-36  1.15288e-46  2.15416e-37  3.11565e-48  5.14767e-39  6.69232e-50  9.47263e-41   1.0799e-51  1.24444e-42  1.18402e-53  1.00719e-44  7.00755e-56  3.23527e-47
-6.10302e-05  5.08858e-17 -0.000951304 -3.04691e-16   0.00850857  3.53642e-16    -0.015134  8.16516e-17  -0.00815763 -2.31602e-16     0.032062 -2.52933e-16  0.000925732  1.53226e-16   -0.0197113  1.92634e-16  -0.00984334 -5.85909e-17   0.00352618 -1.52611e-16   0.00695477 -1.33706e-17    0.0040486   1.2788e-16  0.000744583  1.22295e-16 -0.000774341  2.88154e-17 -0.000920278 -3.96337e-17 -0.000581817 -4.75713e-17 -0.000259679  -2.5157e-17 -7.97575e-05 -5.09756e-18 -8.70206e-06  3.07271e-18  9.16385e-06  3.72011e-18  8.84776e-06  2.29112e-18  5.20093e-06  1.13855e-18  2.46465e-06  5.52517e-19  1.01669e-06  2.83707e-19  3.77645e-07  1.47918e-19  1.28707e-07  7.25561e-20  4.07342e-08  3.18699e-20  1.20736e-08   1.2239e-20  3.37313e-09  4.06292e-21  8.92862e-10  1.15855e-21  2.24857e-10  2.81628e-22  5.40572e-11  5.72115e-23  1.24369e-11    9.153e-24  2.74264e-12   9.2311e-25  5.80079e-13 -3.52998e-26  1.17624e-13 -4.24954e-26   2.2836e-14 -1.08433e-26  4.23588e-15 -1.44625e-27  7.48686e-16  3.78138e-29  1.25704e-16  8.35017e-29  1.99833e-17  2.87698e-29  2.99763e-18  6.96274e-30  4.22868e-19  1.38363e-30  5.59061e-20  2.37249e-31  6.90308e-21  3.57853e-32  7.93264e-22  4.79439e-33  8.45238e-23  5.74674e-34  8.31795e-24  6.19727e-35  7.52775e-25  6.02962e-36  6.23531e-26  5.29017e-37  4.70169e-27  4.17273e-38  3.20747e-28  2.94596e-39  1.96532e-29  1.85196e-40   1.0723e-30  1.03021e-41  5.15538e-32  5.02959e-43  2.15595e-33   2.1306e-44   7.7143e-35  7.70853e-46  2.31139e-36  2.33124e-47  5.63137e-38  5.71909e-49  1.06952e-39  1.08852e-50  1.48298e-41  1.49323e-52  1.33799e-43  1.27712e-54  6.07202e-46  4.40026e-57
 1.94744e-17 -0.000456863  3.62525e-17  0.000297174 -2.47449e-16   0.00845904  2.64464e-16   -0.0194329  1.51924e-16   -0.0028298 -2.52933e-16    0.0289428 -2.37853e-16   0.00353454  1.33355e-16   -0.0179659  1.30214e-16   -0.0121615  -1.2378e-16   0.00085478 -1.72093e-16   0.00636258  1.64916e-17   0.00496625  1.66764e-16    0.0018538  1.43101e-16 -0.000121326  3.40979e-17 -0.000718508 -3.95866e-17 -0.000611204 -4.88296e-17 -0.000347819 -2.74157e-17  -0.00015176 -7.63786e-18 -5.07053e-05  1.26781e-18 -1.08764e-05  2.96709e-18  6.56176e-07  2.24735e-18  2.28318e-06  1.34456e-18  1.56015e-06  7.45882e-19  7.78502e-07  3.96619e-19  3.28571e-07  1.98677e-19   1.2345e-07   9.1487e-20   4.2321e-08  3.80633e-20  1.34259e-08  1.41684e-20  3.97655e-09  4.70257e-21  1.10612e-09  1.39525e-21  2.90102e-10  3.72614e-22  7.19282e-11   9.0351e-23  1.68867e-11   2.0076e-23  3.75696e-12  4.13504e-24  7.92198e-13  8.03887e-25  1.58255e-13  1.51698e-25  2.99242e-14  2.87124e-26  5.34913e-15  5.55424e-27  9.02498e-16  1.08526e-27  1.43449e-16  2.07393e-28  2.14346e-17  3.76646e-29  3.00378e-18  6.40065e-30  3.93753e-19  1.01004e-30  4.81433e-20  1.47015e-31  5.47298e-21  1.95995e-32   5.7644e-22  2.38132e-33  5.60275e-23  2.63177e-34  5.00266e-24  2.64493e-35  4.08213e-25  2.41474e-36  3.02549e-26  1.99656e-37  2.02181e-27  1.48769e-38  1.20729e-28  9.93049e-40  6.36906e-30  5.89892e-41  2.92436e-31  3.09443e-42  1.14456e-32  1.41941e-43  3.69982e-34  5.61702e-45  9.34672e-36  1.88245e-46  1.62575e-37  5.20801e-48  1.06462e-39  1.14684e-49 -3.53105e-41  1.89938e-51 -1.24736e-42   2.1398e-53 -1.71868e-44  1.30279e-55  -8.1528e-47
 6.50354e-05  3.86166e-17  -0.00115309  3.45687e-18    0.0028057 -1.80254e-16   0.00589357  2.26553e-16   -0.0211484  1.66376e-16  0.000925732 -2.37853e-16    0.0267457  -1.8113e-16   0.00541837   1.1756e-16   -0.0160512   3.5279e-17   -0.0137325 -2.14957e-16  -0.00179951 -1.95514e-16   0.00517848  4.36773e-17   0.00537524  1.97546e-16   0.00282739  1.58743e-16  0.000653199   4.0847e-17 -0.000334665 -3.53438e-17 -0.000504792 -4.69784e-17 -0.000364031 -2.83551e-17 -0.000195569 -9.86188e-18 -8.56758e-05 -5.46055e-19 -3.12594e-05  2.13521e-18 -9.26816e-06  2.11108e-18 -1.96226e-06  1.46576e-18 -7.72621e-08  8.77799e-19   2.0002e-07  4.73927e-19  1.39272e-07  2.32395e-19  6.55659e-08  1.03428e-19  2.56517e-08  4.16942e-20  8.87045e-09  1.52066e-20  2.78596e-09  5.02577e-21  8.06217e-10    1.513e-21  2.16782e-10  4.18074e-22  5.44391e-11  1.06885e-22  1.28074e-11  2.54623e-23  2.82777e-12  5.68793e-24  5.86418e-13  1.19935e-24  1.14232e-13  2.40423e-25  2.08909e-14   4.6114e-26  3.58328e-15   8.4871e-27  5.75596e-16   1.4947e-27  8.64241e-17  2.50198e-28  1.21003e-17  3.95467e-29  1.57522e-18    5.878e-30  1.89986e-19  8.18868e-31  2.11371e-20  1.06414e-31  2.15732e-21  1.28199e-32  2.00547e-22  1.42363e-33  1.68138e-23  1.45153e-34  1.25302e-24  1.35507e-35  8.10402e-26  1.15455e-36  4.34141e-27  8.93629e-38   1.7024e-28   6.2448e-39  2.27075e-30  3.91176e-40 -3.54565e-31  2.17886e-41 -4.22279e-32   1.0691e-42 -2.94364e-33  4.56633e-44 -1.53646e-34  1.67088e-45 -6.31325e-36  5.12471e-47 -2.04791e-37  1.27779e-48  -5.1283e-39  2.47554e-50 -9.44019e-41  3.46006e-52 -1.16047e-42  3.01719e-54 -7.58898e-45  1.06045e-56
-1.31159e-17  2.19403e-05  5.18955e-17  -0.00166556 -3.14129e-17    0.0056721 -1.19851e-16   0.00177936  2.21935e-16   -0.0209672  1.53226e-16   0.00353454  -1.8113e-16    0.0251637 -8.04472e-17   0.00685933  1.09687e-16   -0.0141159 -7.69539e-17   -0.0146883 -3.13847e-16  -0.00427625 -2.19877e-16   0.00356846   6.1571e-17   0.00525587  2.14853e-16   0.00352735  1.67197e-16   0.00141942   4.7963e-17  0.000164938 -2.79457e-17 -0.000275173 -4.25125e-17 -0.000295932 -2.77938e-17 -0.000194518 -1.13037e-17 -0.000101092 -1.99117e-18 -4.46475e-05  1.40658e-18 -1.72587e-05  1.93079e-18 -5.90877e-06  1.49905e-18 -1.79171e-06  9.36728e-19 -4.74524e-07  5.07673e-19 -1.05212e-07  2.44999e-19 -1.69734e-08  1.06538e-19 -5.05591e-10  4.19891e-20  1.04601e-09  1.50543e-20  5.67955e-10  4.93063e-21  2.08799e-10  1.48366e-21  6.36417e-11  4.12778e-22  1.70562e-11  1.06785e-22  4.11891e-12  2.57973e-23  9.06755e-13  5.83874e-24  1.82944e-13  1.24166e-24  3.38769e-14  2.48821e-25   5.7484e-15  4.70988e-26  8.89483e-16  8.42663e-27   1.2433e-16  1.42249e-27  1.54237e-17  2.25843e-28  1.63752e-18   3.3628e-29   1.3536e-19  4.68774e-30  5.52834e-21  6.10678e-31 -7.84656e-22  7.41124e-32 -2.50154e-22  8.34255e-33 -4.26891e-23   8.6714e-34 -5.67675e-24  8.29112e-35 -6.38208e-25  7.26731e-36 -6.24531e-26   5.8159e-37 -5.38148e-27  4.22696e-38  -4.0977e-28  2.77131e-39 -2.75401e-29  1.62609e-40 -1.62624e-30  8.46126e-42 -8.37238e-32  3.86184e-43 -3.71665e-33  1.52458e-44 -1.40104e-34  5.10958e-46 -4.39108e-36   1.4168e-47 -1.11036e-37  3.13229e-49 -2.16534e-39  5.21418e-51  -3.0228e-41  5.90787e-53  -2.6106e-43  3.61865e-55 -9.00291e-46
 4.98316e-05 -1.35239e-17 -0.000315044  5.16169e-17  -0.00138089 -6.14774e-17   0.00778358  -7.0165e-17  -0.00268476  2.19228e-16   -0.0197113  1.33355e-16   0.00541837 -8.04472e-17    0.0239816  5.65102e-17   0.00802273  1.09704e-16   -0.0122206  -1.8601e-16   -0.0151473 -4.00622e-16  -0.00648365 -2.40409e-16   0.00168883  6.77592e-17    0.0046426  2.17111e-16   0.00386315  1.67764e-16   0.00205333  5.40752e-17  0.000689715  -1.8925e-17   3.4207e-05 -3.62044e-17 -0.000154709 -2.57185e-17 -0.000145576  -1.1647e-17 -9.07989e-05 -2.80333e-18 -4.61165e-05  9.11471e-19 -2.03514e-05  1.75162e-18 -8.04442e-06  1.45713e-18 -2.89818e-06  9.26651e-19 -9.62579e-07  4.99567e-19 -2.97187e-07  2.37265e-19 -8.58641e-08   1.0113e-19 -2.33542e-08  3.90694e-20  -6.0145e-09  1.37667e-20 -1.47529e-09  4.44865e-21 -3.46762e-10  1.32572e-21 -7.85633e-11  3.66241e-22 -1.72439e-11  9.41796e-23 -3.67879e-12   2.2607e-23 -7.63434e-13  5.07535e-24 -1.53807e-13  1.06742e-24 -2.99531e-14  2.10642e-25 -5.60613e-15  3.90487e-26  -1.0021e-15  6.80018e-27 -1.70038e-16   1.1109e-27 -2.72382e-17  1.69887e-28 -4.09937e-18  2.42775e-29 -5.77189e-19  3.23774e-30 -7.57397e-20   4.0233e-31 -9.22946e-21  4.64597e-32 -1.04075e-21   4.9678e-33 -1.08206e-22  4.89975e-34 -1.03324e-23  4.44117e-35 -9.02245e-25  3.68537e-36 -7.16973e-26  2.78708e-37  -5.1557e-27   1.9098e-38 -3.33273e-28  1.17726e-39 -1.92136e-29  6.47261e-41 -9.78461e-31  3.14179e-42 -4.34955e-32  1.32961e-43 -1.66254e-33  4.82715e-45 -5.35805e-35  1.47093e-46 -1.41772e-36  3.64867e-48 -2.96495e-38  7.03967e-50  -4.6214e-40  9.80565e-52 -4.84253e-42  8.52434e-54 -2.70109e-44  2.98723e-56
-9.91352e-19  0.000127882 -5.65289e-18 -0.000954962  3.65812e-17 -6.66837e-05 -8.64106e-17    0.0084888 -3.66679e-17  -0.00667423  1.92634e-16   -0.0179659   1.1756e-16   0.00685933  5.65102e-17    0.0230751  2.10858e-16   0.00900611  1.15377e-16    -0.010385 -2.73519e-16   -0.0152033  -4.6003e-16  -0.00837165 -2.52462e-16  -0.00032216   6.3762e-17   0.00360618  2.06226e-16   0.00379309  1.61087e-16   0.00245463  5.80638e-17   0.00114381 -9.75437e-18  0.000360291 -2.88508e-17  2.82404e-05 -2.22822e-17 -6.03547e-05 -1.08017e-17  -5.7257e-05 -2.88969e-18 -3.51117e-05  7.00395e-19 -1.75512e-05  1.60221e-18 -7.66233e-06  1.36064e-18 -3.01517e-06  8.62215e-19 -1.08863e-06  4.58427e-19 -3.64767e-07  2.13702e-19 -1.14324e-07  8.92377e-20 -3.37082e-08   3.3777e-20 -9.38977e-09  1.16763e-20 -2.47882e-09  3.70848e-21 -6.21503e-10  1.08791e-21 -1.48192e-10  2.96079e-22 -3.36231e-11  7.49956e-23 -7.25816e-12  1.77165e-23 -1.48965e-12  3.90865e-24  -2.9032e-13  8.06272e-25 -5.36413e-14   1.5567e-25 -9.37787e-15  2.81496e-26 -1.54788e-15  4.76613e-27 -2.40639e-16  7.54653e-28 -3.51464e-17   1.1156e-28 -4.80965e-18  1.53754e-29  -6.1493e-19  1.97308e-30 -7.32308e-20  2.35361e-31 -8.09645e-21  2.60306e-32 -8.28086e-22  2.66043e-33 -7.80404e-23  2.50352e-34 -6.74689e-24  2.16093e-35 -5.32407e-25  1.70377e-36 -3.81264e-26  1.22089e-37 -2.46098e-27  7.90167e-39 -1.42038e-28  4.58325e-40 -7.25952e-30  2.36037e-41 -3.24667e-31   1.0671e-42 -1.25162e-32  4.17496e-44 -4.07912e-34  1.38736e-45  -1.0949e-35  3.81659e-47 -2.33305e-37  8.37667e-49  -3.7339e-39  1.38508e-50 -4.09356e-41  1.55939e-52 -2.56399e-43  9.49233e-55  -5.3957e-46
 1.46598e-05 -5.73151e-18  0.000121793   5.0686e-18  -0.00160315  1.12771e-17   0.00196697 -1.06691e-16   0.00775918 -2.97648e-17  -0.00984334  1.30214e-16   -0.0160512  1.09687e-16   0.00802273  2.10858e-16    0.0223747  3.57753e-16   0.00987185   1.2327e-16  -0.00860865 -3.28403e-16   -0.0149256 -4.84818e-16  -0.00991286 -2.53068e-16  -0.00234382  5.34149e-17   0.00224188  1.86159e-16   0.00332228  1.48752e-16   0.00255941  5.93825e-17    0.0014446 -1.47805e-18  0.000635783 -2.11248e-17  0.000210444 -1.77937e-17   3.8913e-05 -8.91631e-18 -1.04076e-05  -2.3308e-18  -1.5464e-05    7.438e-19 -1.01199e-05  1.48942e-18 -5.10378e-06   1.2305e-18 -2.20838e-06   7.6248e-19 -8.54598e-07  3.96413e-19 -3.02059e-07  1.80629e-19 -9.87192e-08  7.37221e-20 -3.00662e-08  2.72852e-20 -8.57746e-09   9.2308e-21 -2.30003e-09  2.87192e-21 -5.80987e-10  8.25802e-22  -1.3843e-10  2.20305e-22 -3.11308e-11  5.46732e-23 -6.60793e-12  1.26432e-23 -1.32335e-12  2.72742e-24 -2.49844e-13  5.49365e-25 -4.44169e-14    1.034e-25 -7.42488e-15  1.81918e-26 -1.16507e-15  2.99044e-27 -1.71269e-16  4.58767e-28  -2.3534e-17  6.55887e-29 -3.01516e-18  8.72695e-30 -3.59155e-19  1.07917e-30 -3.96468e-20  1.23797e-31 -4.04103e-21  1.31395e-32 -3.78693e-22  1.28611e-33 -3.24671e-23  1.15668e-34 -2.53166e-24  9.52038e-36 -1.78272e-25   7.1387e-37 -1.12368e-26  4.84969e-38 -6.26852e-28  2.96462e-39 -3.04811e-29  1.61709e-40 -1.26394e-30  7.79003e-42 -4.31564e-32  3.27233e-43 -1.13462e-33  1.17925e-44 -1.90897e-35  3.56721e-46 -8.38057e-39  8.78578e-48  1.12291e-38  1.68357e-49   3.7496e-40   2.3297e-51  6.35113e-42  2.01231e-53  5.15532e-44  7.00698e-56
 6.99147e-19  7.41978e-05 -8.27587e-18  -0.00011575   1.3727e-17  -0.00183932  -1.6719e-17   0.00411738 -1.22886e-16   0.00595391 -5.85909e-17   -0.0121615   3.5279e-17   -0.0141159  1.09704e-16   0.00900611  3.57753e-16    0.0218395  4.74367e-16     0.010664  1.29717e-16  -0.00688085 -3.48387e-16   -0.0143622 -4.75787e-16   -0.0110899 -2.41598e-16   -0.0042688  4.09677e-17  0.000662587  1.61329e-16   0.00249927  1.32765e-16   0.00234807  5.81254e-17    0.0015382  5.39182e-18   0.00080509 -1.35462e-17   0.00035039 -1.26907e-17  0.000126744 -6.32887e-18  3.61858e-05 -1.33524e-18  6.37754e-06   9.5463e-19 -8.51174e-07  1.40161e-18 -1.48775e-06  1.08324e-18 -8.97202e-07  6.45732e-19 -4.09039e-07  3.25544e-19 -1.59234e-07   1.4429e-19 -5.53066e-08  5.73708e-20 -1.75037e-08  2.07063e-20 -5.10684e-09  6.83713e-21 -1.38314e-09  2.07756e-21 -3.49246e-10  5.83623e-22  -8.2428e-11  1.52088e-22 -1.82103e-11  3.68501e-23 -3.76803e-12  8.31362e-24 -7.30181e-13   1.7481e-24  -1.3243e-13  3.42855e-25 -2.24538e-14  6.27588e-26 -3.55329e-15  1.07228e-26 -5.23704e-16  1.70906e-27 -7.16937e-17  2.53824e-28 -9.08535e-18   3.5079e-29 -1.06121e-18  4.50511e-30 -1.13616e-19  5.36835e-31 -1.10666e-20  5.92327e-32 -9.70341e-22  6.03498e-33 -7.53515e-23  5.65884e-34 -5.03724e-24  4.86476e-35  -2.7291e-25  3.81788e-36 -9.91857e-27  2.72173e-37  3.79675e-29  1.75187e-38  4.55399e-29  1.01051e-39   4.8237e-30  5.17554e-41  3.44107e-31  2.32697e-42   1.9098e-32  9.05316e-44  8.53166e-34  2.99116e-45  3.07013e-35  8.18089e-47   8.7366e-37  1.78522e-48  1.89231e-38  2.93523e-50  2.90887e-40  3.28638e-52  2.75146e-42  1.98956e-54  1.03621e-44
-1.99728e-06  6.98011e-19  0.000159004  -5.1134e-18  -0.00060759   1.9174e-17  -0.00140034 -3.84862e-17   0.00583448 -1.37078e-16   0.00352618  -1.2378e-16   -0.0137325 -7.69539e-17   -0.0122206  1.15377e-16   0.00987185  4.74367e-16    0.0214452   5.4623e-16    0.0114167  1.31787e-16  -0.00518411 -3.38281e-16   -0.0135427 -4.39444e-16   -0.0118873  -2.1955e-16  -0.00599816  2.97302e-17  -0.00100537  1.35502e-16   0.00141145  1.15144e-16   0.00184819    5.489e-17   0.00140964  1.07712e-17  0.000837147 -6.51649e-18   0.00041882 -7.48284e-18  0.000182412 -3.47405e-18  7.01954e-05 -1.67843e-19  2.39612e-05  1.22305e-18  7.20684e-06  1.31798e-18  1.86445e-06  9.30091e-19  3.87059e-07  5.26499e-19  4.83477e-08  2.55425e-19 -6.82044e-09   1.0957e-19 -7.57391e-09  4.22858e-20 -3.41129e-09  1.48384e-20   -1.177e-09  4.76899e-21 -3.46934e-10  1.41149e-21 -9.08089e-11  3.86323e-22 -2.14732e-11  9.80756e-23 -4.62384e-12  2.31408e-23 -9.09142e-13  5.08098e-24 -1.63038e-13  1.03907e-24 -2.65306e-14  1.98041e-25 -3.87522e-15  3.51936e-26 -4.97257e-16   5.8309e-27 -5.34296e-17  9.00059e-28 -4.16325e-18  1.29291e-28 -6.17374e-20  1.72599e-29  5.72171e-20  2.13823e-30   1.4493e-20  2.45397e-31  2.43614e-21  2.60318e-32  3.32455e-22  2.54502e-33  3.89757e-23  2.28511e-34  4.01271e-24  1.87673e-35  3.66085e-25  1.40337e-36   2.9674e-26   9.5027e-38  2.13442e-27  5.78808e-39  1.35668e-28  3.14528e-40  7.56825e-30  1.50936e-41  3.66947e-31  6.31521e-43  1.52593e-32  2.26641e-44  5.34503e-34  6.82636e-46  1.53797e-35  1.67389e-47  3.50501e-37  3.19346e-49  5.97607e-39  4.39985e-51  6.89038e-41  3.78415e-53  4.26542e-43  1.31205e-55
 8.54854e-19  1.89086e-05  4.81389e-19  0.000178723  4.08491e-18  -0.00118796  2.45638e-17 -0.000313387 -4.62869e-17   0.00680525 -1.52611e-16   0.00085478 -2.14957e-16   -0.0146883  -1.8601e-16    -0.010385   1.2327e-16     0.010664   5.4623e-16    0.0211781  5.69588e-16    0.0121596  1.27996e-16  -0.00349562 -3.06612e-16   -0.0124805 -3.84815e-16   -0.0122861 -1.89766e-16  -0.00743787   2.1586e-17  -0.00262627  1.11374e-16  0.000177889  9.76816e-17   0.00113119  5.05347e-17   0.00108558   1.4815e-17  0.000731997 -3.55655e-19  0.000405949 -2.66985e-18  0.000195792 -7.76554e-19  8.44371e-05  9.23786e-19  3.31033e-05  1.45058e-18  1.19301e-05  1.21923e-18  3.98513e-06  7.78321e-19  1.24224e-06  4.14701e-19  3.63542e-07  1.92363e-19   1.0047e-07  7.94867e-20  2.63776e-08  2.96657e-20  6.61917e-09  1.00906e-20  1.59705e-09  3.14818e-21  3.72406e-10  9.05322e-22  8.42202e-11  2.40852e-22  1.84929e-11  5.94355e-23  3.93656e-12  1.36283e-23  8.09242e-13  2.90676e-24  1.59799e-13  5.77132e-25   3.0132e-14  1.06728e-25  5.39422e-15  1.83876e-26  9.11986e-16  2.95057e-27  1.44943e-16  4.40628e-28  2.15675e-17  6.11645e-29   2.9938e-18  7.88096e-30  3.86369e-19  9.41083e-31   4.6208e-20  1.03948e-31  5.10398e-21  1.05941e-32  5.18836e-22  9.93173e-34  4.83478e-23  8.53256e-35  4.11176e-24  6.68892e-36  3.17522e-25  4.76078e-37  2.21327e-26  3.05805e-38  1.38275e-27  1.75981e-39  7.67727e-29  8.99071e-41  3.74878e-30  4.03176e-42  1.58897e-31  1.56427e-43  5.74886e-33  5.15333e-45  1.73617e-34  1.40514e-46  4.24292e-36  3.05668e-48  8.01329e-38  5.00997e-50  1.08474e-39    5.592e-52  9.08808e-42  3.37511e-54  3.03886e-44
-4.66621e-06  1.75792e-18   7.8671e-05  1.70166e-18  3.10245e-05  1.79238e-17   -0.0015928  3.54551e-17   0.00116921 -3.69062e-17   0.00695477 -1.72093e-16  -0.00179951 -3.13847e-16   -0.0151473 -2.73519e-16  -0.00860865  1.29717e-16    0.0114167  5.69588e-16    0.0210329  5.50003e-16    0.0129204  1.18606e-16  -0.00178768 -2.62321e-16   -0.0111751 -3.20712e-16   -0.0122631 -1.55461e-16  -0.00849828  1.72325e-17  -0.00406132  9.06633e-17  -0.00106182  8.18417e-17  0.000302142  4.59295e-17  0.000628552  1.77486e-17  0.000519394  4.69358e-18  0.000322592  1.34638e-18  0.000169212  1.43823e-18   7.8464e-05  1.76324e-18  3.29418e-05  1.57342e-18  1.27065e-05  1.09521e-18  4.54816e-06  6.33283e-19  1.52163e-06  3.16122e-19  4.78423e-07  1.39541e-19  1.41956e-07  5.53182e-20  3.98741e-08  1.98989e-20  1.06269e-08  6.54209e-21  2.69107e-09  1.97641e-21  6.47973e-10  5.50965e-22  1.48359e-10   1.4218e-22  3.22812e-11  3.40399e-23  6.66808e-12  7.57189e-24  1.30564e-12  1.56633e-24  2.41904e-13  3.01508e-25   4.2323e-14  5.40289e-26  6.97699e-15  9.01355e-27  1.08118e-15  1.39935e-27  1.57107e-16  2.01982e-28  2.13515e-17  2.70708e-29  2.70639e-18  3.36387e-30  3.19005e-19  3.86883e-31  3.48539e-20   4.1096e-32  3.51737e-21   4.0209e-33  3.26579e-22  3.61158e-34  2.77736e-23  2.96615e-35   2.1525e-24  2.21713e-36  1.51137e-25   1.5001e-37  9.54808e-27  9.12668e-39  5.38273e-28  4.95279e-40  2.68103e-29  2.37324e-41  1.16536e-30  9.91413e-43  4.35222e-32  3.55203e-44  1.36845e-33  1.06793e-45  3.52421e-35  2.61368e-47  7.14746e-37  4.97672e-49  1.07443e-38  6.84361e-51  1.07672e-40  5.87503e-53   5.6687e-43   2.0334e-55
-1.06878e-19 -3.92166e-06  2.00167e-18  0.000155458  5.35748e-18 -0.000308112   3.4937e-17  -0.00160827  5.65403e-17   0.00271873 -1.33706e-17   0.00636258 -1.95514e-16  -0.00427625 -4.00622e-16   -0.0152033 -3.28403e-16  -0.00688085  1.31787e-16    0.0121596  5.50003e-16    0.0210113  4.98924e-16    0.0137279  1.05536e-16 -2.84744e-05 -2.12506e-16    -0.009616 -2.54014e-16   -0.0117927 -1.19372e-16   -0.0090983  1.67421e-17  -0.00517917  7.43959e-17  -0.00216368  6.86871e-17 -0.000517301  4.17647e-17  0.000123237  1.97703e-17  0.000249832  8.48709e-18  0.000195219  4.32595e-18  0.000115101  2.99359e-18   5.7586e-05  2.26852e-18  2.55699e-05  1.57007e-18  1.03093e-05  9.47198e-19  3.82551e-06  4.99604e-19  1.31802e-06  2.33388e-19  4.24152e-07   9.7753e-20  1.28027e-07  3.70647e-20  3.63511e-08  1.28143e-20  9.72763e-09  4.06182e-21   2.4563e-09  1.18554e-21  5.85587e-10  3.19729e-22  1.31815e-10  7.98829e-23   2.8006e-11  1.85236e-23   5.6124e-12   3.9912e-24   1.0598e-12  7.99652e-25  1.88334e-13  1.49048e-25  3.14499e-14  2.58513e-26  4.92661e-15  4.17181e-27  7.22564e-16  6.26023e-28  9.90062e-17  8.72614e-29  1.26432e-17  1.12828e-29  1.50068e-18  1.35106e-30  1.65059e-19  1.49543e-31  1.67657e-20  1.52641e-32  1.56653e-21  1.43254e-33  1.34043e-22   1.2317e-34   1.0449e-23   9.6605e-36  7.37529e-25  6.87715e-37  4.67936e-26  4.41703e-38  2.64525e-27    2.541e-39  1.31791e-28  1.29755e-40   5.7076e-30  5.81552e-42  2.11031e-31    2.255e-43  6.49979e-33  7.42394e-45  1.60947e-34  2.02278e-46  3.02838e-36  4.39684e-48  3.89867e-38  7.20105e-50  2.60293e-40  8.03205e-52 -2.99962e-43  4.84498e-54 -1.03919e-44
-2.87943e-06 -3.58093e-19  1.83765e-05  1.13706e-18  0.000184464  1.07485e-17 -0.000749751  5.43544e-17  -0.00116194  8.86786e-17    0.0040486  1.64916e-17   0.00517848 -2.19877e-16  -0.00648365  -4.6003e-16   -0.0149256 -3.48387e-16  -0.00518411  1.27996e-16    0.0129204  4.98924e-16    0.0211219  4.30071e-16     0.014612   9.1953e-17    0.0018157  -1.6151e-16  -0.00778856 -1.89024e-16   -0.0108539 -8.32425e-17  -0.00917475  2.00347e-17  -0.00587078  6.31032e-17  -0.00299938  5.88226e-17  -0.00121032  3.84453e-17 -0.000342259  2.10197e-17 -1.93123e-05  1.10005e-17  5.69794e-05  6.21167e-18  5.07828e-05  3.86406e-18  3.01092e-05  2.44486e-18  1.46824e-05  1.45487e-18   6.2758e-06  7.85351e-19  2.41942e-06  3.81293e-19  8.54396e-07  1.66924e-19  2.78986e-07  6.62616e-20  8.47409e-08  2.39827e-20  2.40389e-08  7.95222e-21  6.38525e-09  2.42526e-21  1.59072e-09  6.82588e-22  3.72009e-10  1.77776e-22  8.16981e-11  4.29338e-23  1.68468e-11  9.62837e-24  3.26024e-12  2.00684e-24  5.91616e-13   3.8896e-25   1.0055e-13  7.01235e-26  1.59819e-14  1.17602e-26  2.37139e-15  1.83411e-27  3.27774e-16  2.65801e-28  4.20964e-17  3.57507e-29   5.0087e-18  4.45613e-30  5.50151e-19  5.13814e-31  5.55503e-20   5.4691e-32  5.12993e-21  5.35992e-33  4.30517e-22  4.82095e-34  3.25662e-23  3.96407e-35  2.19621e-24  2.96599e-36  1.29979e-25  2.00833e-37  6.58525e-27  1.22259e-38  2.72766e-28  6.63761e-40  8.24954e-30  3.18178e-41  1.02509e-31  1.32969e-42 -6.90818e-33  4.76582e-44 -6.03607e-34   1.4334e-45 -2.71944e-35  3.50942e-47   -8.356e-37  6.68492e-49  -1.7864e-38  9.19684e-51 -2.47739e-40  7.89982e-53 -1.79737e-42  2.73621e-55
-2.74716e-19  -7.0301e-06 -1.23955e-18  6.98714e-05 -1.12142e-18  9.85859e-05  1.61381e-17  -0.00113522  7.59118e-17 -0.000324124   1.2788e-16   0.00496625  4.36773e-17   0.00356846 -2.40409e-16  -0.00837165 -4.84818e-16   -0.0143622 -3.38281e-16  -0.00349562  1.18606e-16    0.0137279  4.30071e-16    0.0213788  3.56687e-16    0.0156025  8.16652e-17   0.00377531  -1.1107e-16  -0.00568352 -1.27636e-16  -0.00944216 -4.77689e-17  -0.00869603  2.70304e-17   -0.0060668  5.68582e-17  -0.00347724  5.23479e-17  -0.00168668  3.60674e-17 -0.000695523  2.15862e-17 -0.000238326  1.23277e-17 -6.20448e-05  7.10375e-18 -7.37716e-06  4.14056e-18  4.14961e-06  2.35734e-18  3.98447e-06  1.26342e-18  2.17441e-06  6.23654e-19  9.48522e-07  2.81182e-19  3.58956e-07  1.15691e-19  1.21815e-07  4.35333e-20  3.76945e-08  1.50265e-20  1.07367e-08  4.77208e-21  2.83098e-09  1.39821e-21  6.93349e-10  3.78897e-22  1.58035e-10  9.51603e-23  3.35518e-11  2.21844e-23  6.63512e-12   4.8055e-24  1.22136e-12  9.67796e-25  2.08973e-13  1.81268e-25  3.31616e-14  3.15792e-26  4.86563e-15   5.1164e-27  6.57249e-16  7.70522e-28  8.12407e-17  1.07757e-28  9.10758e-18  1.39751e-29  9.13133e-19  1.67802e-30  7.98876e-20  1.86178e-31  5.79111e-21  1.90429e-32  2.98533e-22  1.79048e-33  2.19602e-24  1.54208e-34 -1.89603e-24  1.21144e-35 -3.01658e-25  8.63709e-37 -3.15836e-26  5.55517e-38 -2.62403e-27  3.19993e-39 -1.81782e-28   1.6361e-40 -1.06587e-29  7.34234e-42 -5.29203e-31  2.85089e-43  -2.2056e-32  9.39902e-45 -7.58671e-34  2.56469e-46 -2.09597e-35  5.58329e-48 -4.45473e-37  9.15897e-50 -6.77227e-39  1.02338e-51 -6.37329e-41  6.18496e-54 -2.39962e-43
