 2.53192e-33 -3.15773e-36  3.02273e-34   7.2983e-36   1.4277e-34 -4.78462e-35 -3.39557e-34  8.64122e-36 -1.77108e-34  -7.2424e-36  7.21736e-34 -1.88763e-35  3.44426e-34 -7.63075e-37 -6.80132e-33 -8.94519e-37  5.90537e-32  7.71698e-36 -4.41733e-31 -1.50265e-36  2.85517e-30 -1.23464e-36 -1.60619e-29  2.40127e-37   7.9137e-29 -2.76704e-37 -3.43147e-28 -1.18567e-38  1.31397e-27 -1.14492e-37 -4.45299e-27  4.31579e-37    1.337e-26 -1.39506e-36 -3.55628e-26  4.27609e-36  8.36927e-26 -1.12618e-35 -1.73806e-25   2.5133e-35   3.1715e-25 -4.30781e-35 -5.05197e-25  3.53807e-35   6.9575e-25  1.11793e-34   -8.163e-25 -7.21116e-34  7.96753e-25  2.55105e-33 -6.19702e-25 -7.13741e-33  3.48561e-25  1.71922e-32 -9.76294e-26 -3.68728e-32 -4.30925e-26  7.15721e-32  6.49612e-26 -1.26783e-31 -2.76767e-26   2.0576e-31 -4.65078e-27  -3.0631e-31  1.02957e-26  4.18028e-31 -2.86505e-27  -5.2209e-31 -1.71861e-27  5.95288e-31  1.17268e-27 -6.17929e-31  1.39856e-28  5.82271e-31 -2.75141e-28 -4.96706e-31  4.59852e-30  3.82711e-31  5.08383e-29 -2.65952e-31 -2.67042e-30  1.66648e-31 -8.06514e-30 -9.42907e-32   1.6261e-31  4.83154e-32  1.07975e-30 -2.24967e-32  6.64795e-32  9.52984e-33 -1.11538e-31 -3.65554e-33 -1.92664e-32  1.25298e-33  7.18083e-33 -3.75605e-34  2.49794e-33   9.5989e-35 -1.18137e-34 -2.04404e-35 -1.64322e-34  3.56437e-36 -1.90535e-35 -4.77444e-37  3.99194e-36  2.13817e-38  1.28091e-36  1.74808e-38  6.70504e-38 -7.95846e-39 -2.06166e-38  1.83284e-39 -3.73145e-39 -2.26252e-40 -1.48544e-40  6.53631e-42  2.18408e-41  2.14585e-42  2.78329e-42  -3.0103e-43  9.48264e-44  1.41174e-44  -1.4096e-45 -9.71811e-47 -1.20855e-46 -4.53656e-48
-3.15773e-36  4.51851e-33 -9.47102e-36  4.16966e-34  2.13433e-35   -2.511e-34 -1.29601e-34 -3.58442e-34   5.4307e-35 -6.28983e-34 -6.66713e-36 -8.96821e-34 -3.46654e-35  2.76336e-32   2.2435e-36 -2.69304e-31 -4.25446e-36   2.1848e-30  1.40121e-35 -1.52199e-29 -2.89983e-36   9.1913e-29 -1.71229e-36 -4.84745e-28  2.22471e-37  2.24522e-27 -4.79694e-37 -9.17055e-27  3.98566e-37  3.31241e-26 -2.37595e-36 -1.05977e-25  9.17638e-36  3.00482e-25  -3.0653e-35 -7.54549e-25  9.26102e-35  1.67491e-24 -2.48824e-34 -3.27541e-24  5.88681e-34  5.61337e-24 -1.19656e-33 -8.36479e-24   1.9674e-33  1.07116e-23 -2.10081e-33 -1.15736e-23 -9.66061e-34  1.02295e-23   1.3393e-32  -6.9582e-24 -4.75067e-32  3.08691e-24   1.2453e-31 -1.99372e-25 -2.75998e-31 -9.28034e-25  5.41309e-31  7.08598e-25 -9.58276e-31 -1.30887e-25  1.54494e-30 -1.46113e-25 -2.27578e-30  1.02057e-25  3.06324e-30  1.48061e-27 -3.76097e-30 -2.64116e-26  4.20031e-30  6.19404e-27  -4.2532e-30  4.71321e-27  3.89173e-30 -1.97238e-27 -3.20765e-30 -7.22441e-28  2.37527e-30  3.97386e-28 -1.57777e-30  1.12158e-28  9.40238e-31 -5.95534e-29  -5.0397e-31 -1.81817e-29  2.44214e-31  6.38666e-30 -1.07661e-31  2.67552e-30  4.33245e-32  -3.8005e-31 -1.58288e-32 -2.95114e-31  5.15685e-33 -8.56382e-33 -1.45599e-33  2.02839e-32  3.45744e-34  3.57646e-33 -6.81615e-35 -5.62858e-34  1.15455e-35 -2.52077e-34 -1.77454e-36 -1.64123e-35  1.85756e-37  5.76849e-36  2.91924e-38  1.23245e-36 -2.15636e-38  4.16199e-38  5.30477e-39 -1.43082e-38 -6.44089e-40 -2.02152e-39  2.03285e-41 -6.74782e-41  4.35281e-42  5.45496e-42 -5.35312e-43  5.07844e-43  1.96535e-44  1.14126e-44 -1.10384e-46 -1.22486e-47
 3.02273e-34 -9.47102e-36  6.01371e-33 -7.19715e-36  1.16129e-34  2.75284e-35 -7.26613e-34 -2.16765e-34  -7.3873e-34  1.42042e-34  4.39575e-33  1.57577e-36 -7.66257e-32 -4.34679e-35  8.25855e-31  6.20068e-36 -7.29062e-30 -1.06282e-35  5.48712e-29  1.69646e-35 -3.56373e-28 -2.87691e-36  2.01453e-27 -1.73806e-36 -9.97648e-27  3.65393e-37  4.34927e-26 -2.46638e-36  -1.6749e-25  8.78531e-36   5.7103e-25 -3.69014e-35 -1.72542e-24   1.3483e-34  4.62044e-24 -4.39808e-34 -1.09519e-23  1.29341e-33  2.29188e-23 -3.41657e-33 -4.21666e-23  8.06826e-33  6.77712e-23 -1.68731e-32 -9.42544e-23  3.06457e-32   1.1181e-22 -4.61671e-32 -1.10538e-22  4.98132e-32  8.73587e-23 -7.55404e-33 -5.03093e-23 -1.47707e-31  1.50134e-23  5.28172e-31  5.52083e-24 -1.29581e-30 -9.29459e-24  2.64788e-30  4.22892e-24 -4.76747e-30   5.1842e-25  7.72876e-30 -1.50205e-24 -1.13729e-29  4.70924e-25   1.5216e-29  2.35232e-25  -1.8482e-29  -1.8281e-25   2.0319e-29 -1.40678e-26 -2.01455e-29  4.22409e-26  1.79443e-29 -2.32968e-27 -1.43084e-29 -7.79001e-27  1.01833e-29  7.21444e-28 -6.45771e-30  1.25131e-27  3.65096e-30 -7.42004e-29 -1.84771e-30 -1.72878e-28  8.43987e-31 -4.31777e-30 -3.51669e-31  1.87416e-29  1.34544e-31  2.57792e-30 -4.69231e-32 -1.32511e-30  1.45297e-32 -3.87317e-31 -3.83601e-33  3.39829e-32  8.30497e-34  2.81709e-32 -1.47654e-34  2.59879e-33  2.45611e-35 -8.14149e-34 -4.61426e-36 -2.15825e-34  7.41441e-37 -7.08595e-36 -8.76401e-40  4.09833e-36 -3.93557e-38  6.42726e-37  1.04397e-38  1.70652e-38 -1.21278e-39 -4.67487e-39  3.68946e-41 -4.99549e-40  5.93626e-42 -1.42046e-41 -5.96343e-43  3.95976e-43  1.46962e-44  2.22708e-44 -3.28523e-47
  7.2983e-36  4.16966e-34 -7.19715e-36  8.62393e-33  2.34384e-35 -8.94494e-34 -2.99808e-36 -5.41986e-34 -2.59992e-34 -1.19741e-32  2.44263e-34   1.6734e-31  1.60478e-35 -1.96427e-30 -4.09297e-35  1.89235e-29   7.7078e-36 -1.54297e-28 -1.74287e-35  1.07999e-27  1.47151e-35 -6.55389e-27 -2.79534e-37   3.4742e-26 -2.59548e-36 -1.61785e-25  5.29542e-36  6.64568e-25  -2.7578e-35 -2.41484e-24  1.14406e-34  7.77514e-24 -4.44127e-34 -2.21938e-23  1.54976e-33  5.61303e-23 -4.87349e-33 -1.25547e-22  1.38402e-32  2.47528e-22 -3.54559e-32 -4.27966e-22  8.17527e-32  6.43898e-22 -1.68932e-31  -8.3339e-22  3.10302e-31  9.11464e-22 -4.98483e-31 -8.17408e-22  6.74603e-31  5.66848e-22 -6.87409e-31 -2.60225e-22  2.50116e-31  2.42666e-23  1.09521e-30  7.32644e-23 -3.99093e-30  -5.9598e-23  9.21797e-30  1.27558e-23 -1.75172e-29  1.15175e-23  2.92048e-29 -8.87945e-24 -4.36272e-29  2.13548e-25  5.87387e-29  2.22295e-24  -7.1256e-29 -6.15926e-25  7.76662e-29 -3.82299e-25 -7.57772e-29  1.87414e-25  6.59203e-29  5.62149e-26 -5.09345e-29 -3.77639e-26  3.48421e-29 -8.60652e-27 -2.10615e-29  5.79576e-27  1.12616e-29  1.45267e-27 -5.35836e-30 -6.57754e-28  2.29785e-30 -2.28385e-28 -9.03674e-31  4.53901e-29    3.296e-31  2.71412e-29 -1.10249e-31   -1.607e-31  3.24703e-32  -2.0317e-30 -7.92675e-33 -2.94012e-31    1.513e-33  6.77938e-32 -2.29661e-34  2.43563e-32  3.86569e-35  1.01335e-33 -9.72203e-36 -6.50918e-34  2.01544e-36 -1.18286e-34 -1.18592e-37 -1.90829e-36 -5.66493e-38  1.66282e-36  1.61175e-38  2.01094e-37 -1.73214e-39  4.72544e-39  4.54532e-41 -7.03016e-40  6.36445e-42 -5.44646e-41 -4.73786e-43 -1.04313e-42  5.19926e-45   3.5933e-45
  1.4277e-34  2.13433e-35  1.16129e-34  2.34384e-35  1.21481e-32  8.18735e-35 -3.31639e-33 -8.25613e-35  1.73121e-32 -2.39672e-34 -2.98887e-31  3.19405e-34  3.83333e-30   3.0809e-35 -4.04488e-29 -2.68254e-35  3.58431e-28  6.63496e-36 -2.71026e-27 -2.30873e-35  1.76883e-26  7.78079e-36 -1.00502e-25  6.44007e-36  5.00399e-25 -1.44054e-35 -2.19391e-24  6.36137e-35  8.49944e-24 -2.93928e-34 -2.91613e-23  1.19813e-33  8.87056e-23 -4.43532e-33 -2.39235e-22  1.48263e-32  5.71366e-22 -4.47886e-32 -1.20541e-21  1.22343e-31  2.23713e-21 -3.02028e-31 -3.62972e-21  6.73001e-31  5.10085e-21 -1.35055e-30 -6.12191e-21  2.43166e-30  6.13495e-21 -3.90289e-30 -4.93111e-21  5.51478e-30  2.91108e-21 -6.66624e-30 -9.25527e-22  6.33627e-30 -2.74897e-22 -3.04336e-30  5.31217e-22  -5.2238e-30   -2.589e-22  2.10359e-29 -1.98711e-23 -4.71434e-29  8.74251e-23  8.51691e-29 -3.08789e-23 -1.33374e-28 -1.26135e-23   1.8471e-28  1.13902e-23 -2.27237e-28  3.77331e-25  2.48152e-28 -2.58537e-24  -2.3993e-28  2.51735e-25  2.04712e-28  4.74521e-25 -1.53585e-28 -6.55188e-26  1.00985e-28 -7.70999e-26 -5.80746e-29  8.03426e-27  2.92495e-29    1.099e-26 -1.30106e-29 -1.68211e-28  5.21089e-30 -1.25377e-27 -1.93272e-30 -1.25982e-28  6.76134e-31  9.66733e-29 -2.18764e-31   2.3503e-29  6.13699e-32 -3.28286e-30  -1.3611e-32 -1.91971e-30  2.14823e-33 -1.26129e-31 -2.40248e-34  6.47572e-32  4.54945e-35  1.43559e-32 -1.76789e-35  1.43353e-34  4.23085e-36 -3.22857e-34 -3.36866e-37 -4.34776e-35 -6.98487e-38 -4.69935e-37  2.06439e-38  3.89629e-37 -1.97628e-39  3.56643e-38  3.95812e-41  7.76513e-40  5.75909e-42  -3.9892e-41 -2.85817e-43 -1.69828e-42 -4.29447e-46
-4.78462e-35   -2.511e-34  2.75284e-35 -8.94494e-34  8.18735e-35  1.65122e-32   1.3253e-34 -2.82177e-32  -1.8247e-34  4.41084e-31 -1.81526e-34 -6.31912e-30   3.4245e-34  7.33735e-29  3.63478e-35 -7.09237e-28 -5.21412e-36  5.80956e-27  6.38303e-36 -4.08617e-26 -2.91102e-35   2.4924e-25 -3.79145e-36 -1.32834e-24  3.41131e-35  6.22093e-24 -1.32888e-34 -2.57071e-23  6.30043e-34  9.40039e-23 -2.74989e-33 -3.04695e-22  1.07805e-32  8.75916e-22  -3.8214e-32 -2.23202e-21  1.22469e-31  5.03266e-21 -3.55057e-31 -1.00083e-20  9.31277e-31  1.74658e-20  -2.2087e-30 -2.65469e-20  4.73149e-30  3.47493e-20 -9.14065e-30 -3.84968e-20  1.58925e-29  3.50595e-20 -2.48072e-29 -2.48129e-20   3.4656e-29  1.18016e-20 -4.31016e-29 -1.45068e-21  4.70719e-29 -3.08202e-21 -4.30629e-29  2.69066e-21  2.65329e-29 -6.60697e-22  9.59345e-30 -4.80768e-22  -7.5272e-29  4.14403e-22  1.79341e-28 -2.67545e-23 -3.20454e-28  -9.9833e-23  4.78128e-28   3.2544e-23 -6.13093e-28  1.63505e-23  6.81997e-28 -9.51848e-24 -6.59932e-28 -2.25622e-24  5.55326e-28  1.91741e-24 -4.05557e-28  3.35237e-25  2.56313e-28 -3.00979e-25 -1.39872e-28 -5.95735e-26  6.60029e-29  3.59534e-26 -2.72338e-29  1.02094e-26  1.01155e-29 -2.79632e-27  -3.5407e-30 -1.32167e-27   1.2021e-30  6.18342e-29 -3.81387e-31  1.08304e-28  1.02077e-31  1.21979e-29  -2.0002e-32 -4.24736e-30  2.26108e-33 -1.24416e-30  -7.4569e-35 -1.82677e-32  3.65078e-35  3.88355e-32 -2.87518e-35  5.98381e-33  7.27483e-36 -3.61451e-35 -6.04248e-37 -1.01896e-34 -7.82749e-38  -1.0555e-35  2.24954e-38  -1.2238e-37 -1.84994e-39  4.71831e-38  2.48057e-41  3.08612e-39   4.5325e-42  4.91801e-41 -1.41856e-43 -3.53184e-43
-3.39557e-34 -1.29601e-34 -7.26613e-34 -2.99808e-36 -3.31639e-33   1.3253e-34  4.44068e-32  1.32745e-34 -5.60708e-31 -2.49574e-34  8.94105e-30 -1.27373e-34 -1.14998e-28  3.16166e-34  1.21776e-27  2.64167e-35 -1.08405e-26  1.74125e-35  8.23696e-26  1.05735e-35 -5.40334e-25 -3.47747e-35  3.08666e-24 -4.51953e-35 -1.54558e-23  2.44972e-34  6.81692e-23 -1.18566e-33 -2.65765e-22  5.46258e-33  9.17927e-22 -2.27647e-32 -2.81202e-21  8.55655e-32  7.64093e-21 -2.90784e-31 -1.83952e-20   8.9406e-31  3.91411e-20 -2.48777e-30 -7.33138e-20  6.26295e-30  1.20145e-19 -1.42528e-29 -1.70706e-19  2.92803e-29   2.0742e-19 -5.42069e-29 -2.10866e-19  9.02741e-29  1.72541e-19 -1.35087e-28 -1.04538e-19  1.81795e-28  3.53975e-20  -2.2112e-28  8.11653e-21  2.45768e-28 -1.87616e-20 -2.53006e-28  9.82703e-21  2.39839e-28   3.0002e-22 -1.90818e-28 -3.13895e-21  6.97358e-29   1.2502e-21  1.68104e-28  4.06316e-22 -5.38915e-28 -4.38684e-22  9.91432e-28  5.53494e-24 -1.40409e-27  9.74941e-23  1.63658e-27 -1.40734e-23 -1.60798e-27 -1.77428e-23  1.34421e-27  3.38497e-24 -9.58429e-28   2.9108e-24  5.82115e-28 -4.56604e-25 -3.00441e-28  -4.2839e-25  1.31879e-28  2.61798e-26   -4.992e-29  5.15436e-26  1.70218e-29   3.1399e-27 -5.64267e-30 -4.31914e-27  1.89905e-30 -8.54646e-28 -6.02433e-31  1.80583e-28  1.53883e-31  8.00859e-29  -2.5493e-32  2.87061e-30  1.25136e-33  -3.1298e-30  3.56842e-34 -5.79824e-31  1.00757e-35  1.06823e-32 -4.26782e-35  1.55483e-32  1.05801e-35  1.77737e-33 -8.18169e-37 -1.60637e-35 -8.21953e-38 -1.97357e-35  2.09732e-38 -1.55483e-36 -1.45051e-39   -2.186e-38  1.36272e-41  2.37294e-39  3.05398e-42  8.13882e-41 -6.00321e-44
 8.64122e-36 -3.58442e-34 -2.16765e-34 -5.41986e-34 -8.25613e-35 -2.82177e-32  1.32745e-34  6.18411e-31  7.29453e-35 -1.09773e-29 -2.48525e-34  1.57464e-28 -9.96689e-35 -1.83609e-27   2.6041e-34  1.78293e-26  4.46557e-36 -1.46756e-25  3.56491e-35  1.03751e-24  1.55919e-35 -6.36252e-24 -1.53703e-36  3.41022e-23 -3.60594e-34 -1.60665e-22    1.965e-33  6.68118e-22 -9.56984e-33 -2.45943e-21   4.2299e-32  8.02805e-21 -1.68781e-31 -2.32515e-20  6.08465e-31   5.9722e-20 -1.98457e-30 -1.35805e-19  5.85926e-30  2.72538e-19 -1.56581e-29 -4.80319e-19  3.78486e-29  7.37943e-19 -8.26406e-29 -9.77549e-19  1.62675e-28   1.0978e-18  -2.8799e-28 -1.01616e-18  4.57365e-28  7.34736e-19 -6.50548e-28 -3.62449e-19  8.30136e-28  5.56358e-20 -9.59725e-28  8.67932e-20  1.03139e-27 -8.20507e-20 -1.07726e-27  2.29319e-20   1.1378e-27  1.33132e-20 -1.19212e-27 -1.30504e-20  1.10734e-27  1.40074e-21  -6.8163e-28  3.00531e-21  -2.0739e-28 -1.15151e-21  1.44708e-27 -4.60676e-22 -2.67336e-27  3.25076e-22  3.44817e-27  5.73452e-23 -3.51675e-27 -6.54146e-23  2.94824e-27 -7.98229e-24 -2.05931e-27  1.04871e-23  1.20144e-27  1.53198e-24  -5.8393e-28 -1.31379e-24  2.36114e-28 -2.96895e-25 -8.06488e-29  1.13002e-25  2.48475e-29   4.2684e-26 -7.87782e-30 -4.12873e-27  2.72636e-30 -3.85935e-27 -8.85593e-31 -3.04194e-28  2.15086e-31  1.75236e-28 -2.80709e-32  4.20961e-29 -1.38325e-33  -7.5628e-31  1.06573e-33 -1.54314e-30  -2.3213e-35 -1.98738e-31 -5.83382e-35  7.01591e-33  1.32537e-35  4.15189e-33 -8.82934e-37  3.65014e-34 -7.98098e-38 -1.30839e-36  1.64643e-38 -2.09087e-36 -9.81676e-40 -1.16838e-37  1.28879e-41 -1.38567e-39  1.63375e-42  2.10074e-41
-1.77108e-34   5.4307e-35  -7.3873e-34 -2.59992e-34  1.73121e-32  -1.8247e-34 -5.60708e-31  7.29453e-35  1.17593e-29 -1.68605e-35 -1.89672e-28 -1.85081e-34  2.45005e-27 -9.48494e-35 -2.60646e-26  1.96815e-34  2.33158e-25 -1.80533e-35 -1.78069e-24  5.29868e-35  1.17441e-23  -3.0129e-35 -6.74694e-23  4.01972e-34   3.3986e-22 -2.83959e-33 -1.50844e-21  1.48738e-32  5.92001e-21 -6.98271e-32 -2.05912e-20  2.95803e-31  6.35512e-20   -1.132e-30 -1.74054e-19  3.91846e-30  4.22569e-19 -1.22803e-29 -9.07283e-19  3.48519e-29  1.71598e-18 -8.95332e-29 -2.84193e-18  2.07964e-28  4.08505e-18 -4.35926e-28 -5.02878e-18  8.22399e-28  5.19037e-18  -1.3915e-27 -4.32762e-18  2.10314e-27  2.69397e-18  -2.8293e-27 -9.71025e-19  3.38652e-27 -1.59726e-19  -3.6433e-27  4.73084e-19  3.65141e-27 -2.67305e-19 -3.67716e-27  4.31806e-21  4.02614e-27  8.02698e-20 -4.71627e-27 -3.61333e-20     5.26e-27 -8.94316e-21 -4.84075e-27  1.20636e-20  2.88276e-27 -7.34192e-22  3.88626e-28 -2.61369e-21 -3.90468e-27  5.16437e-22  6.35129e-27  4.69227e-22 -6.96832e-27 -1.19002e-22  5.93029e-27 -7.75167e-23 -4.07288e-27  1.71054e-23  2.28046e-27  1.17944e-23 -1.03792e-27 -1.35647e-24  3.81438e-28 -1.50123e-24 -1.14515e-28  -2.6325e-26  3.09978e-29  1.36591e-25 -9.63559e-30  2.11074e-26  3.64422e-30 -6.75732e-27 -1.23911e-30 -2.35326e-27  2.82997e-31 -2.34319e-30 -2.57358e-32  1.06526e-28  -5.7833e-33  1.62711e-29  1.94322e-33 -9.12619e-31 -4.26156e-35 -5.28613e-31 -7.34935e-35 -5.02027e-32  1.44398e-35   1.8171e-33 -7.69877e-37  7.04805e-34 -6.76353e-38  4.73406e-35  1.02618e-38  1.98293e-37 -6.05505e-40 -9.58839e-38  1.77523e-41 -2.73614e-39  5.75998e-43
 -7.2424e-36 -6.28983e-34  1.42042e-34 -1.19741e-32 -2.39672e-34  4.41084e-31 -2.49574e-34 -1.09773e-29 -1.68605e-35  2.01742e-28 -9.48947e-35 -2.90772e-27 -9.29319e-35  3.40623e-26 -1.01133e-34 -3.32374e-25  1.41473e-34  2.74986e-24 -3.48772e-35 -1.95453e-23  1.26427e-34  1.20542e-22  -5.2301e-34 -6.49952e-22  3.58312e-33   3.0814e-21 -2.05691e-32 -1.28992e-20   1.0292e-31  4.78174e-20 -4.63313e-31 -1.57247e-19  1.88305e-30  4.59029e-19 -6.92138e-30 -1.18894e-18  2.30341e-29  2.72788e-18 -6.94467e-29 -5.52722e-18  1.89673e-28  9.84278e-18 -4.68917e-28 -1.52946e-17  1.04772e-27  2.05176e-17 -2.11044e-27 -2.33747e-17  3.81903e-27  2.20102e-17   -6.179e-27 -1.62759e-17  8.88493e-27   8.3357e-18  -1.1277e-26 -1.54132e-18  1.25665e-26 -1.80424e-18 -1.23496e-26    1.868e-18  1.11262e-26 -5.90518e-19 -1.03061e-26  -2.6841e-19  1.13704e-26  3.06417e-19 -1.45509e-26 -4.68253e-20  1.80831e-26 -6.68679e-20 -1.89711e-26  3.01937e-20  1.50364e-26  9.33773e-21 -6.73036e-27 -8.24875e-21 -2.87299e-27 -9.64225e-22  1.00191e-26  1.65609e-21 -1.25959e-26  1.13161e-22  1.10523e-26 -2.70741e-22  -7.4909e-27 -2.53881e-23  4.01911e-27  3.54766e-23 -1.70087e-27  6.06408e-24  5.57411e-28 -3.33234e-24 -1.40482e-28 -1.00275e-24  3.14584e-29  1.61767e-25 -1.02509e-29  1.01322e-25  4.66183e-30  4.23483e-27 -1.67501e-30 -5.28533e-27    3.525e-31 -1.03407e-27 -1.69319e-32  6.22603e-29 -1.15349e-32  4.51162e-29  2.77114e-33  4.71464e-30 -2.75269e-35 -3.64796e-31 -8.50613e-35 -1.24413e-31  1.37308e-35 -9.06881e-33 -5.31433e-37  2.25022e-34 -4.47143e-38  6.77127e-35  4.06885e-39   3.2238e-36 -3.64627e-40  2.31022e-38  1.85098e-41 -8.22035e-40
 7.21736e-34 -6.66713e-36  4.39575e-33  2.44263e-34 -2.98887e-31 -1.81526e-34  8.94105e-30 -2.48525e-34 -1.89672e-28 -9.48947e-35  3.07764e-27 -1.36047e-34   -3.994e-26 -5.14967e-36  4.26969e-25 -1.15878e-34   -3.839e-24  1.09066e-34  2.94776e-23 -9.55836e-35 -1.95516e-22   6.7862e-34  1.12994e-21 -4.20142e-33 -5.72766e-21  2.53965e-32  2.55908e-20 -1.35875e-31 -1.01138e-19  6.50789e-31  3.54395e-19 -2.81128e-30 -1.10238e-18  1.09783e-29  3.04445e-18 -3.88132e-29 -7.45728e-18  1.24345e-28  1.61642e-17 -3.61098e-28 -3.08867e-17  9.50202e-28  5.17259e-17 -2.26323e-27 -7.52686e-17   4.8698e-27  9.39407e-17 -9.43738e-27 -9.85206e-17  1.64005e-26  8.37838e-17 -2.54033e-26  -5.3646e-17  3.47806e-26  2.05698e-17 -4.16295e-26   2.1074e-18   4.2985e-26 -9.16084e-18 -3.79224e-26  5.60823e-18  2.92849e-26 -3.55882e-19 -2.31644e-26 -1.57104e-18  2.53724e-26  8.02529e-19 -3.67454e-26   1.4011e-19  5.10798e-26 -2.54713e-19 -5.83058e-26  2.86362e-20  5.13016e-26  5.34855e-20 -3.11416e-26 -1.38727e-20  6.42026e-27 -9.40251e-21  1.27261e-26   3.1156e-21 -2.08821e-26  1.55773e-21  1.92614e-26 -4.69696e-22 -1.29238e-26 -2.45549e-22  6.62888e-27  4.45011e-23 -2.58538e-27  3.32241e-23  7.34857e-28 -1.05705e-24 -1.41484e-28 -3.28752e-24  2.16724e-29 -3.65707e-25 -9.33534e-30  1.88046e-25  5.86744e-30  5.20734e-26 -2.19706e-30 -2.18408e-27  4.13842e-31 -2.74941e-27 -1.04813e-33 -3.35584e-28 -1.76537e-32  3.72153e-29   3.2968e-33  1.36371e-29  2.98193e-35  1.03124e-30 -9.02388e-35 -8.02101e-32  1.13807e-35 -1.90813e-32 -2.60856e-37 -1.07001e-33 -1.60678e-38  9.81775e-36 -6.12556e-40   2.8953e-36 -2.17125e-40  7.02642e-38  1.15096e-41
-1.88763e-35 -8.96821e-34  1.57577e-36   1.6734e-31  3.19405e-34 -6.31912e-30 -1.27373e-34  1.57464e-28 -1.85081e-34 -2.90772e-27 -1.36047e-34  4.21072e-26 -1.38832e-34 -4.95669e-25  6.31124e-35  4.86144e-24 -1.51282e-34 -4.04376e-23  1.51783e-34  2.89051e-22 -6.02818e-34 -1.79332e-21  4.50246e-33  9.73033e-21 -2.82887e-32 -4.64374e-20  1.60982e-31  1.95756e-19 -8.21298e-31 -7.31043e-19  3.77439e-30  2.42289e-18 -1.56719e-29 -7.13168e-18  5.88966e-29  1.86357e-17 -2.00573e-28 -4.31622e-17  6.19388e-28  8.83451e-17 -1.73459e-27 -1.59056e-16   4.4027e-27  2.50133e-16 -1.01144e-26 -3.40042e-16   2.0982e-26  3.93301e-16  -3.9167e-26 -3.77076e-16  6.54533e-26  2.85464e-16 -9.72032e-26 -1.51921e-16  1.26917e-25  3.29798e-17 -1.43406e-25  2.91774e-17  1.36919e-25 -3.35801e-17 -1.06667e-25  1.19506e-17   6.5616e-26  4.11683e-18 -3.66597e-26 -5.67093e-18  3.94083e-26  1.14359e-18 -7.53776e-26  1.15901e-18  1.23686e-25 -6.21105e-19 -1.53119e-25 -1.40788e-19  1.42961e-25  1.64404e-19 -9.65098e-26   9.4087e-21  3.68905e-26 -3.28693e-20  1.01672e-26 -4.06066e-22 -3.18977e-26  5.47017e-21  3.16601e-26  2.15556e-22 -2.10709e-26 -7.48321e-22  1.02977e-26 -8.73213e-23 -3.66112e-27  7.61347e-23  8.64445e-28  1.78855e-23 -9.72501e-29  -4.5023e-24 -1.84513e-30 -2.06401e-24 -7.10912e-30  1.49274e-27  7.40517e-30  1.23535e-25  -2.7801e-30  1.92172e-26  4.52048e-31 -2.30395e-27  2.09675e-32 -1.02494e-27 -2.28032e-32 -8.18911e-29   3.3422e-33  1.20203e-29  1.18207e-34  2.89537e-30 -8.80438e-35  1.66816e-31  8.18016e-36 -9.71541e-33 -3.54361e-38 -1.69778e-33  8.97748e-39  -6.8114e-35 -2.99246e-39 -8.06936e-38 -1.15189e-40  2.42982e-38
 3.44426e-34 -3.46654e-35 -7.66257e-32  1.60478e-35  3.83333e-30   3.4245e-34 -1.14998e-28 -9.96689e-35  2.45005e-27 -9.29319e-35   -3.994e-26 -1.38832e-34  5.20852e-25 -1.15214e-34 -5.59659e-24  1.15712e-34  5.05919e-23 -2.54035e-34 -3.90672e-22  6.07418e-34  2.60669e-21 -4.11371e-33 -1.51596e-20  2.83763e-32  7.73535e-20 -1.71415e-31 -3.48028e-19  9.31453e-31  1.38562e-18 -4.55867e-30 -4.89329e-18  2.01478e-29  1.53474e-17  -8.0564e-29 -4.27585e-17  2.91859e-28   1.0572e-16 -9.58827e-28 -2.31465e-16  2.85788e-27  4.47089e-16 -7.72744e-27 -7.57581e-16  1.89398e-26  1.11673e-15 -4.20113e-26 -1.41412e-15  8.41148e-26  1.50821e-15 -1.51419e-25 -1.30948e-15  2.43654e-25   8.6331e-16 -3.47481e-25 -3.51875e-16  4.33521e-25 -1.51176e-17 -4.63409e-25  1.42262e-16  4.09224e-25 -9.48692e-17 -2.77318e-25  1.05894e-17  1.18661e-25  2.45438e-17 -9.98142e-27 -1.43198e-17  9.43771e-27 -1.50269e-18 -1.15123e-25  4.31123e-18  2.60574e-25 -7.26413e-19 -3.56244e-25 -8.70241e-19    3.478e-25   2.9011e-19 -2.46675e-25  1.48137e-19   1.1225e-25 -6.40841e-20 -5.77666e-27  -2.4448e-20 -4.51067e-26  1.00398e-20  4.94776e-26  4.00683e-21  -3.2662e-26 -1.07182e-21  1.51429e-26 -5.80975e-22 -4.84259e-27  5.26933e-23  8.82026e-28  6.28142e-23  1.01152e-29  4.14453e-24 -3.96271e-29 -4.10115e-24 -4.54109e-30 -8.97122e-25   9.3888e-30  8.87415e-26 -3.35315e-30  5.61815e-26  4.50356e-31  5.13464e-27   4.6108e-32 -1.04397e-27 -2.57156e-32 -2.78244e-28  2.89151e-33 -1.53342e-29  2.12777e-34  2.36693e-30 -8.01313e-35  4.08741e-31  5.06588e-36  1.83184e-32  1.12091e-37 -5.45639e-34  2.26484e-38 -6.87721e-35 -3.21194e-39 -1.41893e-36 -4.35872e-41
-7.63075e-37  2.76336e-32 -4.34679e-35 -1.96427e-30   3.0809e-35  7.33735e-29  3.16166e-34 -1.83609e-27 -9.48494e-35  3.40623e-26 -5.14967e-36 -4.95669e-25 -1.15214e-34  5.86474e-24 -7.84947e-35 -5.78308e-23  1.83175e-34  4.83767e-22 -6.77411e-34 -3.47866e-21  3.54518e-33  2.17179e-20 -2.52617e-32  -1.1862e-19  1.63785e-31  5.70061e-19 -9.47884e-31 -2.42081e-18  4.94481e-30    9.111e-18 -2.32949e-29 -3.04461e-17   9.9258e-29  9.04032e-17 -3.83024e-28 -2.38438e-16  1.34001e-27  5.57763e-16 -4.25342e-27 -1.15389e-15  1.22532e-26  2.10159e-15 -3.20277e-26 -3.34696e-15   7.5885e-26  4.61419e-15 -1.62691e-25 -5.42264e-15  3.14707e-25  5.29833e-15 -5.46909e-25 -4.11064e-15  8.48439e-25  2.27506e-15 -1.16374e-24 -5.68769e-16  1.39017e-24 -3.78157e-16 -1.40963e-24  4.93857e-16  1.15398e-24 -1.97213e-16 -6.71587e-25 -4.86293e-17   1.4032e-25  8.56683e-17  2.07625e-25 -2.18271e-17 -2.19714e-25 -1.61276e-17 -7.44741e-26  1.03928e-17  4.76669e-25  1.55488e-18  -7.4875e-25  -2.6647e-18   7.6167e-25  1.08419e-20 -5.54041e-25  5.29048e-19   2.7052e-25 -2.52705e-20 -4.77294e-26 -8.94425e-20 -5.94144e-26  1.71011e-21  7.40465e-26  1.27588e-20 -4.83595e-26  7.78507e-22   2.1156e-26 -1.39907e-21 -5.98693e-27 -2.44671e-22  7.21417e-28  9.64905e-23  1.89071e-28  3.35748e-23 -8.79078e-29 -1.76614e-24 -3.15452e-30  -2.3194e-24  1.17841e-29 -2.71828e-25 -3.80166e-30  5.87991e-26  3.97671e-31  1.86873e-26  6.94256e-32  9.98336e-28 -2.56724e-32 -2.93212e-28  2.10532e-33 -5.40386e-29  2.88232e-34 -2.21806e-30 -6.99717e-35   2.7335e-31  2.70762e-36  3.41705e-32  1.83904e-37  1.11928e-33  2.35403e-38 -8.48076e-36 -2.15123e-39 -5.65079e-37
-6.80132e-33   2.2435e-36  8.25855e-31 -4.09297e-35 -4.04488e-29  3.63478e-35  1.21776e-27   2.6041e-34 -2.60646e-26 -1.01133e-34  4.26969e-25  6.31124e-35 -5.59659e-24 -7.84947e-35  6.04601e-23 -4.27116e-35 -5.49647e-22  4.23462e-34  4.26974e-21 -2.89224e-33 -2.86682e-20  2.02971e-32  1.67829e-19 -1.39609e-31 -8.62342e-19  8.62148e-31  3.90843e-18  -4.7961e-30  -1.5682e-17  2.41216e-29   5.5837e-17 -1.09759e-28 -1.76658e-16  4.52161e-28  4.96751e-16 -1.68787e-27 -1.24039e-15  5.71406e-27  2.74457e-15 -1.75541e-26 -5.36201e-15  4.89469e-26  9.19892e-15  -1.2383e-25 -1.37458e-14  2.83938e-25  1.76742e-14 -5.88949e-25 -1.91866e-14   1.1017e-24  1.70241e-14 -1.85007e-24 -1.15682e-14  2.76998e-24  5.00803e-15 -3.65919e-24 -7.12103e-17  4.19345e-24 -1.82192e-15 -4.04531e-24  1.33245e-15  3.08148e-24 -2.14507e-16 -1.52517e-24 -3.14104e-16 -6.39671e-26  2.11398e-16  1.04733e-24  7.88463e-18 -1.07282e-24 -6.01375e-17  2.93323e-25  1.38793e-17  7.39794e-25  1.15314e-17  -1.4393e-24 -4.91033e-18  1.52799e-24 -1.86641e-18 -1.12566e-24   1.0721e-18  5.65226e-25  3.03185e-19  -1.3216e-25 -1.73505e-19 -7.35995e-26 -5.20063e-20  1.06749e-25  2.02659e-20 -6.86027e-26    8.197e-21  2.81454e-26 -1.35682e-21 -6.90589e-27 -9.77547e-22  3.32543e-28 -1.57224e-23  4.32545e-28  7.24684e-23 -1.38588e-28  1.21439e-23  -4.5025e-30 -2.22318e-24  1.43222e-29 -9.33089e-25 -3.99629e-30 -5.48293e-26  2.96616e-31  2.24015e-26  8.51653e-32  4.59945e-27 -2.28249e-32  1.46406e-28  1.24874e-33  -5.2938e-29   3.3051e-34 -7.10625e-30 -6.07366e-35 -2.31514e-31  1.30699e-36  1.59184e-32  1.94438e-37  1.32602e-33  1.64224e-38  2.28241e-35 -8.84924e-40
-8.94519e-37 -2.69304e-31  6.20068e-36  1.89235e-29 -2.68254e-35 -7.09237e-28  2.64167e-35  1.78293e-26  1.96815e-34 -3.32374e-25 -1.15878e-34  4.86144e-24  1.15712e-34 -5.78308e-23 -4.27116e-35  5.73491e-22 -5.91574e-35 -4.82602e-21  1.70563e-33  3.49209e-20 -1.45839e-32 -2.19461e-19  1.05964e-31  1.20702e-18 -6.95913e-31  -5.8434e-18  4.12614e-30  2.50074e-17 -2.21812e-29 -9.48917e-17  1.08092e-28   3.1986e-16 -4.77064e-28 -9.58537e-16  1.90671e-27  2.55303e-15 -6.90478e-27 -6.03503e-15  2.26721e-26  1.26264e-14 -6.75401e-26 -2.32782e-14  1.82571e-25  3.75688e-14 -4.47644e-25  -5.2563e-14   9.9444e-25  6.28172e-14 -1.99754e-24 -6.26087e-14   3.6166e-24  4.98307e-14 -5.87365e-24 -2.87023e-14  8.49537e-24  8.14117e-15 -1.08211e-23   3.9848e-15   1.1917e-23 -6.08646e-15  -1.0967e-23  2.72228e-15  7.80835e-24   4.2974e-16 -3.26662e-24 -1.08128e-15  -1.0554e-24  3.39032e-16  3.55637e-24  1.82918e-16 -3.53546e-24 -1.44974e-16   1.5737e-24 -1.09817e-17  9.03302e-25  3.59389e-17 -2.55274e-24 -2.47525e-18  2.84022e-24 -7.05649e-18 -2.10257e-24   8.0948e-19  1.06186e-24  1.20867e-18 -2.76679e-25 -1.02559e-19 -8.71064e-26 -1.79695e-19  1.48852e-25 -2.05402e-22 -9.33949e-26  2.11908e-20  3.56937e-26  2.47968e-21 -7.39341e-27 -1.66435e-21 -3.00007e-28 -4.41642e-22  7.15534e-28  5.35537e-23 -1.80855e-28  3.57804e-23 -9.49859e-30  2.79053e-24  1.65053e-29 -1.15521e-24 -3.84028e-30  -2.7851e-25  1.67069e-31 -6.34992e-27  8.87403e-32  5.65253e-27 -1.81654e-32  8.23265e-28  5.70625e-34    1.781e-29   3.3949e-34 -5.82093e-30  -5.3445e-35  -5.6383e-31  6.73794e-37 -1.40763e-32    1.604e-37  3.19493e-34  7.94576e-39  1.06913e-35
 5.90537e-32 -4.25446e-36 -7.29062e-30   7.7078e-36  3.58431e-28 -5.21412e-36 -1.08405e-26  4.46557e-36  2.33158e-25  1.41473e-34   -3.839e-24 -1.51282e-34  5.05919e-23  1.83175e-34 -5.49647e-22 -5.91574e-35  5.02672e-21 -4.10174e-34 -3.92937e-20  8.34931e-33  2.65575e-19 -7.06851e-32 -1.56556e-18  4.93966e-31  8.10337e-18 -3.10632e-30 -3.70123e-17  1.78319e-29  1.49724e-16 -9.33655e-29 -5.37735e-16  4.43909e-28  1.71696e-15 -1.91108e-27 -4.87526e-15  7.44382e-27  1.23007e-14 -2.62437e-26 -2.75221e-14  8.38156e-26  5.44185e-14 -2.42661e-25 -9.45843e-14  6.37046e-25  1.43377e-13 -1.51598e-24 -1.87341e-13  3.26659e-24  2.07184e-13  -6.3605e-24 -1.88053e-13   1.1155e-23  1.31839e-13 -1.75341e-23 -6.05718e-14  2.45173e-23  4.20176e-15   -3.014e-23  1.96011e-14  3.19409e-23 -1.58612e-14 -2.81097e-23  3.36276e-15  1.87927e-23  3.34363e-15 -6.62753e-24 -2.63544e-15 -4.18187e-24  7.80637e-17  9.97342e-24  7.04016e-16 -9.61206e-24 -2.12584e-16  4.94193e-24 -1.25934e-16  6.12782e-25  6.90517e-17 -4.20677e-24  1.87524e-17  4.93158e-24 -1.49362e-17 -3.64758e-24   -2.924e-18  1.82757e-24  2.48616e-18 -4.95182e-25  5.32618e-19 -1.00922e-25 -3.12448e-19  2.01149e-25 -9.38717e-20 -1.22066e-25  2.52867e-20  4.31531e-26   1.2571e-20 -7.26603e-27 -5.35353e-22 -1.14447e-27 -1.06015e-21  9.98148e-28 -1.26277e-22 -2.04076e-28  4.17718e-23 -1.78973e-29  1.27828e-23  1.77246e-29  2.73256e-25 -3.31416e-30 -3.86576e-25  4.17107e-32 -6.22905e-26   7.8698e-32 -1.90971e-28 -1.31225e-32  9.48565e-28   2.0023e-34  1.01592e-28  3.23094e-34  1.84077e-30 -4.68382e-35 -3.37027e-31  4.61153e-37 -2.11411e-32  1.03326e-37 -2.91573e-34  2.34175e-39
 7.71698e-36   2.1848e-30 -1.06282e-35 -1.54297e-28  6.63496e-36  5.80956e-27  1.74125e-35 -1.46756e-25 -1.80533e-35  2.74986e-24  1.09066e-34 -4.04376e-23 -2.54035e-34  4.83767e-22  4.23462e-34 -4.82602e-21 -4.10174e-34   4.0867e-20  -2.4702e-33 -2.97669e-19  3.86651e-32  1.88375e-18 -3.03384e-31 -1.04366e-17   2.0041e-30  5.09171e-17 -1.21738e-29 -2.19688e-16  6.85844e-29  8.40838e-16  -3.5435e-28  -2.8603e-15  1.66158e-27   8.6551e-15 -7.03578e-27 -2.32918e-14  2.68747e-26  5.56698e-14 -9.26764e-26  -1.1786e-13  2.88911e-25  2.20093e-13 -8.15117e-25  -3.6022e-13  2.08255e-24  5.11878e-13 -4.81772e-24 -6.22615e-13  1.00819e-23  6.33601e-13 -1.90479e-23 -5.17863e-13  3.23847e-23  3.10644e-13 -4.92995e-23 -9.87889e-14  6.66827e-23 -3.40976e-14 -7.91719e-23  6.39282e-14  8.08223e-23 -3.20174e-14 -6.81496e-23 -2.43181e-15  4.29614e-23  1.15855e-14 -1.27717e-23  -4.4017e-15 -1.22807e-23 -1.69257e-15  2.45818e-23  1.71529e-15 -2.29293e-23  4.93896e-18  1.24504e-23 -4.09524e-16 -7.86743e-25  5.72386e-17 -6.48165e-24  7.90297e-17  8.04758e-24 -1.52298e-17 -5.91767e-24 -1.36625e-17  2.91381e-24  2.22298e-18 -7.91722e-25  2.11779e-18 -1.18046e-25 -1.41764e-19  2.63397e-25 -2.68746e-19 -1.53097e-25 -1.55107e-20  4.97042e-26  2.37376e-20 -6.40796e-27  4.67502e-21 -2.12112e-27 -1.04459e-21  1.23389e-27 -4.59485e-22  -2.0097e-28 -1.60103e-23 -2.81813e-29  1.83564e-23  1.74557e-29   3.4151e-24 -2.49476e-30 -5.46207e-26 -4.55554e-32 -8.91896e-26  5.76076e-32 -1.02903e-26 -8.96913e-33  3.53977e-29  1.15294e-34  9.95629e-29  2.89514e-34  7.71067e-30 -3.90017e-35  1.23094e-31  3.80058e-37 -7.24715e-33  4.84069e-38 -1.68035e-34
-4.41733e-31  1.40121e-35  5.48712e-29 -1.74287e-35 -2.71026e-27  6.38303e-36  8.23696e-26  3.56491e-35 -1.78069e-24 -3.48772e-35  2.94776e-23  1.51783e-34 -3.90672e-22 -6.77411e-34  4.26974e-21  1.70563e-33 -3.92937e-20  -2.4702e-33   3.0919e-19 -1.18007e-32 -2.10428e-18    1.531e-31  1.24959e-17 -1.07354e-30 -6.51796e-17  6.66063e-30  3.00144e-16  -3.9911e-29 -1.22465e-15  2.27259e-28  4.43858e-15 -1.18907e-27 -1.43097e-14  5.60567e-27  4.10513e-14 -2.36626e-26 -1.04717e-13  8.94656e-26  2.37063e-13 -3.03751e-25 -4.74699e-13  9.28622e-25   8.3648e-13 -2.56185e-24 -1.28728e-12  6.38593e-24  1.71067e-12 -1.43881e-23 -1.92911e-12  2.92826e-23  1.79297e-12 -5.37364e-23 -1.29813e-12  8.86357e-23  6.32438e-13 -1.30753e-22 -7.76453e-14  1.71164e-22 -1.79241e-13 -1.96367e-22  1.62424e-13  1.93237e-22 -4.30925e-14 -1.56332e-22 -2.97892e-14  9.32464e-23  2.81563e-14 -2.33897e-23 -2.73732e-15 -3.07074e-23   -6.996e-15  5.47732e-23  2.70197e-15 -4.93536e-23  1.13317e-15  2.72414e-23 -8.21611e-16 -4.28998e-24 -1.44691e-16 -9.39411e-24  1.76127e-16  1.23994e-23  2.02058e-17 -9.02143e-24 -3.00455e-17  4.33449e-24 -4.07813e-18 -1.15508e-24  4.02173e-18 -1.43054e-25  8.60593e-19  3.33685e-25 -3.73641e-19 -1.84129e-25  -1.3415e-19   5.4487e-26  1.57687e-20 -4.80702e-27  1.30106e-20 -3.11552e-27  9.05005e-22  1.38069e-27 -6.29859e-22 -1.69852e-28 -1.45052e-22 -3.79383e-29  3.70973e-24  1.54521e-29  5.51676e-24 -1.53702e-30  6.89285e-25 -7.31118e-32 -2.53345e-26  3.12666e-32 -1.40302e-26 -6.34842e-33 -1.19552e-27  1.89687e-34  1.03391e-30  2.43915e-34  5.66245e-30 -2.92775e-35  2.81622e-31  2.89917e-37  2.82362e-33  1.36182e-38
-1.50265e-36 -1.52199e-29  1.69646e-35  1.07999e-27 -2.30873e-35 -4.08617e-26  1.05735e-35  1.03751e-24  5.29868e-35 -1.95453e-23 -9.55836e-35  2.89051e-22  6.07418e-34 -3.47866e-21 -2.89224e-33  3.49209e-20  8.34931e-33 -2.97669e-19 -1.18007e-32  2.18328e-18 -4.48316e-32  -1.3918e-17  4.52164e-31  7.77072e-17 -2.54407e-30 -3.82207e-16  1.45599e-29  1.66331e-15 -9.36292e-29 -6.42427e-15  5.94046e-28  2.20649e-14 -3.37021e-27 -6.74531e-14  1.66523e-26   1.8351e-13 -7.18405e-26 -4.43737e-13   2.7301e-25  9.51259e-13 -9.21578e-25 -1.80054e-12  2.78102e-24  2.99069e-12 -7.53553e-24 -4.31982e-12  1.83838e-23  5.35251e-12 -4.04306e-23 -5.56694e-12  8.01503e-23   4.6773e-12 -1.43022e-22  -2.9238e-12  2.29048e-22  1.03252e-12 -3.27595e-22  2.30538e-13  4.15183e-22   -5.791e-13 -4.60384e-22  3.25273e-13  4.36889e-22   -3.604e-16 -3.39408e-22  -1.0649e-13  1.92017e-22  4.86692e-14  -4.0623e-23  1.25094e-14 -6.86299e-23 -1.74241e-14  1.12069e-22  1.24292e-15 -9.73453e-23  3.97977e-15  5.35071e-23 -8.78126e-16  -1.1148e-23 -7.47579e-16 -1.28885e-23  2.16094e-16  1.81007e-23  1.29681e-16 -1.29673e-23 -3.39202e-17  6.04547e-24 -2.09931e-17 -1.55655e-24  3.14813e-18 -1.80544e-25   2.8789e-18  4.08017e-25 -2.13328e-20 -2.12243e-25 -2.84673e-19  5.67825e-26 -3.83891e-20 -2.56685e-27  1.56509e-20 -4.00284e-27  4.93269e-21  1.41111e-27 -8.40824e-23 -1.15133e-28 -2.42285e-22 -4.45923e-29  -3.4167e-23    1.186e-29  2.44873e-24 -6.25256e-31  1.17528e-24 -4.03911e-32  1.04311e-25  6.52117e-33 -4.22977e-27 -5.15682e-33 -1.41002e-27  2.81454e-34 -8.73525e-29  1.90329e-34 -3.80633e-31 -1.88872e-35  1.24439e-31  1.74554e-37  2.22049e-33
 2.85517e-30 -2.89983e-36 -3.56373e-28  1.47151e-35  1.76883e-26 -2.91102e-35 -5.40334e-25  1.55919e-35  1.17441e-23  1.26427e-34 -1.95516e-22 -6.02818e-34  2.60669e-21  3.54518e-33 -2.86682e-20 -1.45839e-32  2.65575e-19  3.86651e-32 -2.10428e-18 -4.48316e-32  1.44265e-17 -1.12788e-31 -8.63315e-17  3.96565e-31  4.53989e-16  1.80604e-30 -2.10857e-15 -1.36331e-29  8.68183e-15   -1.866e-29 -3.17695e-14  8.04454e-28  1.03471e-13 -7.00316e-27 -3.00064e-13  4.11754e-26  7.74311e-13 -1.92101e-25 -1.77473e-12  7.55085e-25   3.6014e-12 -2.57506e-24 -6.43857e-12  7.74437e-24  1.00672e-11 -2.07366e-23 -1.36181e-11   4.9711e-23   1.5674e-11 -1.07003e-22 -1.49325e-11  2.07003e-22  1.11757e-11 -3.59623e-22 -5.76911e-12  5.59626e-22  1.00801e-12 -7.76398e-22  1.40138e-12  9.52876e-22 -1.44658e-12 -1.02138e-21   4.6537e-13  9.34776e-22  2.21084e-13 -6.97593e-22 -2.60525e-13  3.74847e-22  4.35459e-14 -6.65624e-23  5.93347e-14 -1.40344e-22 -2.91239e-14  2.12613e-22 -8.23886e-15 -1.77642e-22  8.37718e-15  9.59952e-23  7.32952e-16 -2.26087e-23 -1.77712e-15 -1.68505e-23 -6.20706e-17  2.50962e-23  3.09649e-16 -1.76149e-23  1.82181e-17  7.93344e-24 -4.38683e-17 -1.95311e-24 -5.95692e-18 -2.32823e-25  4.55799e-18  4.80474e-25  1.17713e-18 -2.34516e-25 -2.64989e-19  5.61879e-26 -1.34738e-19   1.1323e-28  -1.9344e-21 -4.67552e-27  7.87325e-21  1.31812e-27  1.35011e-21 -4.60169e-29  -1.2478e-22 -4.62087e-29 -6.61415e-23  7.20702e-30 -6.06955e-24  8.51739e-32  6.19956e-25  3.25599e-32  1.74182e-25 -1.12558e-32  1.13808e-26 -4.79806e-33 -3.39488e-28  3.04716e-34 -7.84905e-29  1.34533e-34 -3.13583e-30 -9.95331e-36 -1.69436e-32  7.06879e-38
-1.23464e-36   9.1913e-29 -2.87691e-36 -6.55389e-27  7.78079e-36   2.4924e-25 -3.47747e-35 -6.36252e-24  -3.0129e-35  1.20542e-22   6.7862e-34 -1.79332e-21 -4.11371e-33  2.17179e-20  2.02971e-32 -2.19461e-19 -7.06851e-32  1.88375e-18    1.531e-31  -1.3918e-17 -1.12788e-31  8.94105e-17  8.40454e-32 -5.03271e-16 -7.10402e-30  2.49668e-15  7.09506e-29  -1.0964e-14 -3.98466e-28  4.27543e-14  1.49163e-27 -1.48342e-13 -3.24752e-27  4.58397e-13 -2.77638e-27 -1.26148e-12  6.98699e-26  3.08794e-12 -4.26152e-25 -6.70746e-12  1.84978e-24  1.28778e-11 -6.56328e-24 -2.17247e-11  1.99753e-23  3.19234e-11 -5.33204e-23 -4.03311e-11  1.26277e-22  4.29136e-11 -2.66936e-22 -3.71022e-11  5.05029e-22  2.41833e-11  -8.5538e-22 -9.40943e-12  1.29449e-21 -1.10957e-12  -1.7428e-21    4.561e-12  2.07164e-21 -2.88414e-12 -2.14638e-21  2.16447e-13  1.89417e-21  8.44687e-13 -1.35768e-21 -4.64484e-13  6.93135e-22 -6.82233e-14 -1.01946e-22  1.53208e-13 -2.66137e-22 -2.29337e-14   3.7647e-22 -3.31136e-14 -3.01853e-22  1.05297e-14  1.58934e-22   5.9582e-15  -3.9487e-23 -2.49071e-15 -2.11349e-23 -1.02662e-15  3.30954e-23   4.1063e-16 -2.26471e-23  1.74276e-16  9.82144e-24 -4.55125e-17 -2.29619e-24 -2.60928e-17 -2.97729e-25  2.22109e-18  5.44146e-25  2.89758e-18 -2.48725e-25  2.11934e-19  5.27163e-26 -1.91216e-19  2.98617e-27   -4.395e-20 -5.06469e-27  3.82932e-21  1.11536e-27  2.69511e-21  2.59532e-29  2.68559e-22 -4.20837e-29 -4.53433e-23  2.27118e-30 -1.30685e-23  5.11969e-31 -8.17687e-25  1.14436e-31  8.91075e-26 -1.98402e-32  1.68009e-26 -4.60717e-33  8.05273e-28  2.49992e-34 -1.05281e-29   8.3978e-35 -1.73439e-30 -3.97028e-36  -2.4743e-32
-1.60619e-29 -1.71229e-36  2.01453e-27 -2.79534e-37 -1.00502e-25 -3.79145e-36  3.08666e-24 -1.53703e-36 -6.74694e-23  -5.2301e-34  1.12994e-21  4.50246e-33 -1.51596e-20 -2.52617e-32  1.67829e-19  1.05964e-31 -1.56556e-18 -3.03384e-31  1.24959e-17  4.52164e-31 -8.63315e-17  8.40454e-32  5.20842e-16  3.49818e-30 -2.76251e-15 -7.19774e-29  1.29472e-14  5.66989e-28 -5.38207e-14 -2.97681e-27  1.98949e-13  1.17545e-26 -6.54954e-13  -3.5326e-26  1.92115e-12   7.1984e-26 -5.01819e-12 -2.32025e-26  1.16526e-11 -6.34524e-25 -2.39804e-11  3.80175e-24  4.35301e-11 -1.49756e-23 -6.92102e-11  4.73861e-23   9.5386e-11 -1.27797e-22 -1.12162e-10  3.01214e-22  1.09643e-10 -6.28035e-22 -8.49039e-11   1.1651e-21  4.64074e-11  -1.9269e-21 -1.04662e-11  2.83838e-21 -9.36256e-12 -3.70988e-21  1.12946e-11  4.27128e-21 -4.31825e-12 -4.27658e-21 -1.33421e-12  3.63756e-21  2.10299e-12 -2.50276e-21 -5.07907e-13  1.21306e-21 -4.28966e-13 -1.43681e-22  2.70085e-13 -4.71992e-22  4.52178e-14   6.2506e-22 -7.38108e-14 -4.79747e-22 -4.73559e-17  2.44449e-22  1.54404e-14 -6.16608e-23 -7.48899e-16 -2.55844e-23  -2.7377e-15  4.15311e-23  5.99537e-17 -2.75785e-23  4.08977e-16  1.14945e-23  2.41024e-17  -2.5444e-24 -4.68865e-17  -3.6774e-25 -8.19283e-18  5.92739e-25  3.36389e-18  -2.5393e-25  1.17432e-18  4.67712e-26 -6.32499e-20  5.81431e-27 -8.29679e-20  -5.1481e-27 -9.91902e-21  8.32472e-28  2.06441e-21  8.95621e-29  6.70779e-22 -3.29415e-29   3.8715e-23 -2.12577e-30 -9.64039e-24  6.59808e-31 -1.82815e-24  1.76136e-31 -8.23655e-26 -2.03078e-32  7.13706e-27 -4.17732e-33  9.15011e-28  1.57082e-34  2.87814e-29  4.48768e-35 -3.31973e-32 -1.00841e-36
 2.40127e-37 -4.84745e-28 -1.73806e-36   3.4742e-26  6.44007e-36 -1.32834e-24 -4.51953e-35  3.41022e-23  4.01972e-34 -6.49952e-22 -4.20142e-33  9.73033e-21  2.83763e-32  -1.1862e-19 -1.39609e-31  1.20702e-18  4.93966e-31 -1.04366e-17 -1.07354e-30  7.77072e-17  3.96565e-31 -5.03271e-16  3.49818e-30  2.85717e-15  2.94335e-29 -1.43028e-14 -4.72957e-28  6.34127e-14  3.33329e-27 -2.49788e-13 -1.65554e-26  8.75998e-13  6.46058e-26 -2.73788e-12 -2.04138e-25  7.62612e-12  5.12014e-25 -1.89105e-11 -9.00906e-25  4.16502e-11  3.36767e-25 -8.11727e-11  5.47016e-24  1.39194e-10 -2.93432e-23 -2.08268e-10  1.02031e-22  2.68539e-10 -2.84256e-22  -2.9262e-10  6.73973e-22  2.60606e-10   -1.394e-21 -1.77221e-10  2.54394e-21  7.54815e-11 -4.11575e-21  1.88125e-12  5.90668e-21 -3.13821e-11 -7.49773e-21  2.24944e-11  8.36058e-21 -3.31744e-12  -8.0863e-21 -5.78898e-12  6.62472e-21  3.86338e-12 -4.37086e-21  1.82696e-13  2.00763e-21  -1.1715e-12 -1.81092e-22  2.76485e-13 -7.87361e-22  2.35303e-13  9.76408e-22 -1.04441e-13 -7.15476e-22 -3.93739e-14  3.50826e-22  2.41155e-14 -8.76742e-23  6.60103e-15 -3.00157e-23 -4.12832e-15  4.95644e-23 -1.18681e-15 -3.18095e-23   5.1295e-16  1.27417e-23  1.98477e-16 -2.67591e-24 -3.74075e-17 -4.31141e-25 -2.50936e-17  6.22382e-25 -1.38048e-19 -2.50707e-25  1.95722e-18  3.90025e-26  3.15756e-19  8.41014e-27 -6.29782e-20 -4.94376e-27 -2.54056e-20  5.08297e-28 -1.44655e-21  1.36073e-28  6.06576e-22 -2.07111e-29  1.22803e-22 -5.33391e-30  4.11846e-24  6.02416e-31 -1.28225e-24  2.01631e-31  -1.6945e-25  -1.5819e-32 -5.68482e-27 -3.44096e-33  2.65404e-28  7.21315e-35  2.02104e-29  1.95029e-35  2.30607e-31
