 0.000468849  5.61303e-22    -0.002388 -2.55184e-21   0.00354203 -1.18542e-20  -0.00162971  5.09262e-20 -0.000569526 -5.86483e-20  0.000489962  3.46442e-20  0.000121986  -1.5216e-20 -7.07712e-05 -1.36248e-20 -2.07797e-05  1.25649e-20  2.15327e-06  4.04693e-23  5.37925e-07
 5.61303e-22   0.00368412  3.34429e-21  -0.00987333 -1.04931e-20   0.00952007 -4.95906e-20  -0.00163814  1.47211e-19  -0.00249063 -1.34483e-19  0.000632644  1.27302e-19  0.000514519 -7.79709e-20 -5.75197e-05  -4.3236e-20 -5.43784e-05  2.52414e-20   -2.366e-06  1.60975e-21
   -0.002388  3.34429e-21    0.0134435  1.48502e-20   -0.0230983 -3.70095e-20    0.0143848 -9.87936e-20    0.0018823  1.89706e-19  -0.00477102 -1.63884e-19 -0.000140324  3.72467e-19  0.000925438 -1.99255e-19  8.66972e-05 -1.04966e-19 -6.31215e-05  2.78536e-20 -6.24892e-06
-2.55184e-21  -0.00987333  1.48502e-20    0.0304632  4.59802e-20   -0.0366053 -8.79026e-20    0.0133596 -8.33706e-20   0.00814403 -1.10466e-19  -0.00561251 -8.02945e-20   -0.0016879  8.90009e-19   0.00099895 -3.24128e-19   0.00027952   -1.868e-19 -3.24067e-05  1.42258e-20
  0.00354203 -1.04931e-20   -0.0230983  4.59802e-20    0.0486508  9.36676e-20   -0.0430147 -7.42025e-20   0.00597284  1.42738e-19    0.0140131  -1.2243e-18  -0.00427662  9.01068e-20  -0.00324372  1.72037e-18  0.000635231 -3.45584e-19   0.00038148 -2.30838e-19  5.48655e-06
-1.18542e-20   0.00952007 -3.70095e-20   -0.0366053  9.36676e-20    0.0595353  6.69058e-20   -0.0401951  3.93176e-19  -0.00389496   7.7542e-19    0.0171633 -3.62142e-18  -0.00145836  1.69783e-19  -0.00415159  2.70587e-18  1.90252e-05 -1.82591e-19  0.000320991 -1.72955e-19
 -0.00162971 -4.95906e-20    0.0143848 -8.79026e-20   -0.0430147  6.69058e-20    0.0602216 -3.70016e-19    -0.032111  2.16823e-18   -0.0123323  2.03923e-18    0.0174621 -7.40635e-18   0.00173989 -1.36453e-19  -0.00419861  3.46916e-18 -0.000560635   1.1715e-19  0.000146281
 5.09262e-20  -0.00163814 -9.87936e-20    0.0133596 -7.42025e-20   -0.0401951 -3.70016e-19    0.0546088 -1.92234e-18   -0.0237539  6.31893e-18   -0.0180486  4.14677e-18    0.0159362 -1.19969e-17   0.00460205  -1.1217e-18  -0.00347154  3.55184e-18 -0.000839054  3.13126e-19
-0.000569526  1.47211e-19    0.0018823 -8.33706e-20   0.00597284  3.93176e-19    -0.032111 -1.92234e-18    0.0480789  -5.4869e-18   -0.0174536  1.33483e-17   -0.0216729  7.23876e-18    0.0134957  -1.6171e-17   0.00683088 -2.87981e-18  -0.00216853  2.69515e-18 -0.000652026
-5.86483e-20  -0.00249063  1.89706e-19   0.00814403  1.42738e-19  -0.00389496  2.16823e-18   -0.0237539  -5.4869e-18    0.0434173  -1.1575e-17   -0.0131634   2.2467e-17   -0.0242057  1.13969e-17     0.010532 -1.85277e-17   0.00825414 -5.00784e-18 -0.000620175  1.20158e-18
 0.000489962 -1.34483e-19  -0.00477102 -1.10466e-19    0.0140131   7.7542e-19   -0.0123323  6.31893e-18   -0.0174536  -1.1575e-17     0.040924  -1.9775e-17   -0.0100955  3.17312e-17   -0.0263273  1.67113e-17   0.00703014 -1.80053e-17   0.00853424 -6.32163e-18  0.000491397
 3.46442e-20  0.000632644 -1.63884e-19  -0.00561251  -1.2243e-18    0.0171633  2.03923e-18   -0.0180486  1.33483e-17   -0.0131634  -1.9775e-17    0.0400801 -2.89062e-17  -0.00758123  3.90659e-17   -0.0283868  2.31937e-17   0.00272349  -1.4174e-17   0.00703433 -5.15106e-18
 0.000121986  1.27302e-19 -0.000140324 -8.02945e-20  -0.00427662 -3.62142e-18    0.0174621  4.14677e-18   -0.0216729   2.2467e-17   -0.0100955 -2.89062e-17     0.040507 -3.78548e-17   -0.0051378  4.32345e-17   -0.0304824  3.03196e-17  -0.00261709 -7.75126e-18   0.00353081
 -1.5216e-20  0.000514519  3.72467e-19   -0.0016879  9.01068e-20  -0.00145836 -7.40635e-18    0.0159362  7.23876e-18   -0.0242057  3.17312e-17  -0.00758123 -3.78548e-17    0.0421525 -4.63244e-17  -0.00225253  4.38072e-17   -0.0321738  3.57451e-17  -0.00793382 -1.75938e-18
-7.07712e-05 -7.79709e-20  0.000925438  8.90009e-19  -0.00324372  1.69783e-19   0.00173989 -1.19969e-17    0.0134957  1.13969e-17   -0.0263273  3.90659e-17   -0.0051378 -4.63244e-17    0.0453029 -5.50594e-17   0.00210158  3.97237e-17   -0.0311926  3.36991e-17  -0.00897325
-1.36248e-20 -5.75197e-05 -1.99255e-19   0.00099895  1.72037e-18  -0.00415159 -1.36453e-19   0.00460205  -1.6171e-17     0.010532  1.67113e-17   -0.0283868  4.32345e-17  -0.00225253 -5.50594e-17    0.0508873 -6.58348e-17    0.0106343  2.79571e-17   -0.0225222  1.93318e-17
-2.07797e-05  -4.3236e-20  8.66972e-05 -3.24128e-19  0.000635231  2.70587e-18  -0.00419861  -1.1217e-18   0.00683088 -1.85277e-17   0.00703014  2.31937e-17   -0.0304824  4.38072e-17   0.00210158 -6.58348e-17     0.061435 -7.93987e-17    0.0275313  8.78939e-18  -0.00576207
 1.25649e-20 -5.43784e-05 -1.04966e-19   0.00027952 -3.45584e-19  1.90252e-05  3.46916e-18  -0.00347154 -2.87981e-18   0.00825414 -1.80053e-17   0.00272349  3.03196e-17   -0.0321738  3.97237e-17    0.0106343 -7.93987e-17    0.0803092 -8.66943e-17    0.0484471  -4.8549e-18
 2.15327e-06  2.52414e-20 -6.31215e-05   -1.868e-19   0.00038148 -1.82591e-19 -0.000560635  3.55184e-18  -0.00216853 -5.00784e-18   0.00853424  -1.4174e-17  -0.00261709  3.57451e-17   -0.0311926  2.79571e-17    0.0275313 -8.66943e-17     0.100684 -6.72207e-17    0.0475986
 4.04693e-23   -2.366e-06  2.78536e-20 -3.24067e-05 -2.30838e-19  0.000320991   1.1715e-19 -0.000839054  2.69515e-18 -0.000620175 -6.32163e-18   0.00703433 -7.75126e-18  -0.00793382  3.36991e-17   -0.0225222  8.78939e-18    0.0484471 -6.72207e-17    0.0929685 -2.50548e-17
 5.37925e-07  1.60975e-21 -6.24892e-06  1.42258e-20  5.48655e-06 -1.72955e-19  0.000146281  3.13126e-19 -0.000652026  1.20158e-18  0.000491397 -5.15106e-18   0.00353081 -1.75938e-18  -0.00897325  1.93318e-17  -0.00576207  -4.8549e-18    0.0475986 -2.50548e-17    0.0421767
