 1.84389e-14   1.0295e-24 -6.40063e-13 -3.47886e-23  8.86522e-12  3.44815e-22 -7.54053e-11 -2.24882e-21  4.52022e-10  1.03912e-20 -2.03472e-09 -3.54602e-20  7.07909e-09  9.01508e-20 -1.90934e-08 -1.66746e-19  3.86298e-08  2.08184e-19 -5.10039e-08 -1.42029e-19  3.79169e-09
  1.0295e-24  9.09141e-13  2.02307e-23 -1.80477e-11 -2.74434e-22  1.91173e-10   1.9508e-21 -1.35128e-09 -9.53862e-21  6.98487e-09  3.34274e-20 -2.75799e-08 -8.61838e-20   8.4478e-08  1.61434e-19 -1.98223e-07 -2.07998e-19   3.3387e-07  1.57391e-19 -3.10082e-07  9.47485e-21
-6.40063e-13  2.02307e-23  2.22953e-11  5.26209e-23 -3.09931e-10 -3.70665e-22  2.64649e-09   2.3011e-21 -1.59315e-08 -8.96995e-21  7.20454e-08  2.51968e-20 -2.51943e-07 -5.59516e-20  6.83438e-07  1.05512e-19 -1.39141e-06 -1.70031e-19  1.84544e-06  1.58159e-19 -7.26334e-08
-3.47886e-23 -1.80477e-11  5.26209e-23  3.59517e-10 -6.06542e-23 -3.82216e-09 -2.51106e-22  2.71207e-08   5.1373e-21 -1.40766e-07 -2.86233e-20  5.58271e-07  1.15204e-19 -1.71816e-06 -3.51275e-19  4.05221e-06  7.86634e-19 -6.86075e-06 -1.14039e-18  6.38996e-06  5.24214e-19
 8.86522e-12 -2.74434e-22 -3.09931e-10 -6.06542e-23  4.32507e-09   2.9843e-22 -3.70841e-08  -1.0112e-20  2.24238e-07  6.20065e-20 -1.01901e-06 -2.51049e-19  3.58288e-06  7.66064e-19 -9.77843e-06 -1.75506e-18    2.004e-05  2.84134e-18 -2.67037e-05 -2.60962e-18  7.83134e-09
 3.44815e-22  1.91173e-10 -3.70665e-22 -3.82216e-09   2.9843e-22  4.07901e-08  5.37305e-21   -2.906e-07 -5.83314e-20  1.51479e-06  2.63156e-19 -6.03522e-06 -8.60712e-19  1.86661e-05  2.12264e-18 -4.42564e-05 -3.84688e-18  7.53312e-05  4.58911e-18 -7.03623e-05 -2.23222e-18
-7.54053e-11   1.9508e-21  2.64649e-09 -2.51106e-22 -3.70841e-08  5.37305e-21  3.19372e-07  2.20848e-20 -1.94039e-06 -1.62079e-19  8.86401e-06  6.05273e-19 -3.13479e-05 -1.65775e-18  8.61138e-05  3.37672e-18 -0.000177734 -4.85294e-18  0.000237987  4.01376e-18  1.04096e-05
-2.24882e-21 -1.35128e-09   2.3011e-21  2.71207e-08  -1.0112e-20   -2.906e-07  2.20848e-20  2.07911e-06  4.92796e-20 -1.08865e-05 -2.89195e-19  4.35831e-05   9.4055e-19 -0.000135493 -2.19344e-18  0.000323014  3.74325e-18 -0.000552865 -4.20269e-18  0.000517892  1.40958e-18
 4.52022e-10 -9.53862e-21 -1.59315e-08   5.1373e-21  2.24238e-07 -5.83314e-20 -1.94039e-06  4.92796e-20  1.18501e-05  7.68672e-20 -5.44411e-05 -4.34985e-19  0.000193751  1.26994e-18 -0.000536011 -2.62052e-18   0.00111478  3.89473e-18  -0.00150031 -3.28333e-18 -0.000140835
 1.03912e-20  6.98487e-09 -8.96995e-21 -1.40766e-07  6.20065e-20  1.51479e-06 -1.62079e-19 -1.08865e-05  7.68672e-20  5.72754e-05  1.27981e-19 -0.000230461 -7.11082e-19  0.000720358  1.78111e-18  -0.00172721 -3.20043e-18   0.00297327  3.89096e-18   -0.0027934 -2.38829e-18
-2.03472e-09  3.34274e-20  7.20454e-08 -2.86233e-20 -1.01901e-06  2.63156e-19  8.86401e-06 -2.89195e-19 -5.44411e-05  1.27981e-19  0.000251672   2.4113e-19 -0.000901902 -9.88083e-19   0.00251451  1.91014e-18  -0.00527344 -2.62758e-18   0.00713548  2.13636e-18   0.00108109
-3.54602e-20 -2.75799e-08  2.51968e-20  5.58271e-07 -2.51049e-19 -6.03522e-06  6.05273e-19  4.35831e-05 -4.34985e-19 -0.000230461   2.4113e-19  0.000932315  2.93946e-19  -0.00293086 -6.43879e-19   0.00706985  6.20645e-19   -0.0122434 -2.32721e-19    0.0115373  7.04322e-19
 7.07909e-09 -8.61838e-20 -2.51943e-07  1.15204e-19  3.58288e-06 -8.60712e-19 -3.13479e-05   9.4055e-19  0.000193751 -7.11082e-19 -0.000901902  2.93946e-19   0.00325706  8.14936e-20  -0.00915903   4.7678e-19    0.0193861 -1.45555e-18   -0.0263821  1.82154e-18  -0.00575857
 9.01508e-20   8.4478e-08 -5.59516e-20 -1.71816e-06  7.66064e-19  1.86661e-05 -1.65775e-18 -0.000135493  1.26994e-18  0.000720358 -9.88083e-19  -0.00293086  8.14936e-20   0.00926949 -3.33604e-19   -0.0225022  1.59281e-18    0.0392133 -2.59993e-18   -0.0370655  1.02697e-18
-1.90934e-08  1.61434e-19  6.83438e-07 -3.51275e-19 -9.77843e-06  2.12264e-18  8.61138e-05 -2.19344e-18 -0.000536011  1.78111e-18   0.00251451 -6.43879e-19  -0.00915903 -3.33604e-19    0.0260029 -6.25354e-19   -0.0556006  2.05533e-18    0.0761279 -2.76573e-18    0.0224825
-1.66746e-19 -1.98223e-07  1.05512e-19  4.05221e-06 -1.75506e-18 -4.42564e-05  3.37672e-18  0.000323014 -2.62052e-18  -0.00172721  1.91014e-18   0.00706985   4.7678e-19   -0.0225022 -6.25354e-19    0.0549871 -7.17109e-19   -0.0964446  1.96919e-18    0.0914454 -1.26141e-18
 3.86298e-08 -2.07998e-19 -1.39141e-06  7.86634e-19    2.004e-05 -3.84688e-18 -0.000177734  3.74325e-18   0.00111478 -3.20043e-18  -0.00527344  6.20645e-19    0.0193861  1.59281e-18   -0.0556006 -7.17109e-19     0.120168 -8.85107e-19    -0.165556  2.78047e-18   -0.0627584
 2.08184e-19   3.3387e-07 -1.70031e-19 -6.86075e-06  2.84134e-18  7.53312e-05 -4.85294e-18 -0.000552865  3.89473e-18   0.00297327 -2.62758e-18   -0.0122434 -1.45555e-18    0.0392133  2.05533e-18   -0.0964446 -8.85107e-19     0.170224 -6.05532e-19    -0.161877  2.24912e-18
-5.10039e-08  1.57391e-19  1.84544e-06 -1.14039e-18 -2.67037e-05  4.58911e-18  0.000237987 -4.20269e-18  -0.00150031  3.89096e-18   0.00713548 -2.32721e-19   -0.0263821 -2.59993e-18    0.0761279  1.96919e-18    -0.165556 -6.05532e-19     0.228931 -2.17703e-18    0.0963542
-1.42029e-19 -3.10082e-07  1.58159e-19  6.38996e-06 -2.60962e-18 -7.03623e-05  4.01376e-18  0.000517892 -3.28333e-18   -0.0027934  2.13636e-18    0.0115373  1.82154e-18   -0.0370655 -2.76573e-18    0.0914454  2.78047e-18    -0.161877 -2.17703e-18     0.154159 -4.20529e-18
 3.79169e-09  9.47485e-21 -7.26334e-08  5.24214e-19  7.83134e-09 -2.23222e-18  1.04096e-05  1.40958e-18 -0.000140835 -2.38829e-18   0.00108109  7.04322e-19  -0.00575857  1.02697e-18    0.0224825 -1.26141e-18   -0.0627584  2.24912e-18    0.0963542 -4.20529e-18     0.231746
