  7.2209e-34 -9.27745e-37 -3.27585e-34  -2.0819e-36  9.78157e-35 -4.19383e-36  2.23285e-34  -5.0572e-36  9.70017e-38  7.37323e-36   4.2729e-35  1.91029e-36 -6.83496e-35  8.56194e-36  6.46049e-35  2.44313e-36 -3.78927e-35 -2.12486e-36  2.26421e-36  2.24185e-37 -1.43054e-35 -1.05989e-36  2.61188e-37  4.07979e-37  6.50385e-36  1.62103e-37 -3.70332e-36  1.18025e-37  3.12563e-36 -8.45801e-38 -2.30101e-36 -3.19404e-38  9.12566e-37  1.72921e-38 -2.54315e-37 -2.48689e-38  8.16801e-38  9.02332e-39 -1.45783e-39 -1.92981e-39   1.0254e-38   5.9481e-41  -4.5942e-38 -8.95544e-40  3.51638e-38 -4.01554e-40 -1.01038e-38  2.14561e-40  6.24147e-39  3.50705e-41 -6.17441e-39  9.56014e-42  1.67253e-38 -1.51316e-41 -5.12964e-38 -4.04794e-42  1.39942e-37  -1.9745e-42 -3.47022e-37 -1.72079e-42   7.8401e-37    1.088e-41 -1.61056e-36 -2.94121e-41  2.99571e-36  8.12635e-41  -5.0186e-36 -2.11047e-40  7.52038e-36  5.12431e-40 -9.99002e-36 -1.16392e-39  1.16214e-35  2.46769e-39 -1.16329e-35 -4.87576e-39  9.74794e-36  8.96246e-39 -6.50617e-36 -1.52986e-38  3.07667e-36  2.42023e-38 -5.96497e-37 -3.54073e-38 -4.84623e-37  4.77866e-38  5.19082e-37 -5.93345e-38 -1.94273e-37  6.75697e-38 -2.26225e-38 -7.03245e-38  5.48403e-38  6.66219e-38  -1.8139e-38 -5.71829e-38 -2.91942e-39  4.42305e-38  2.85433e-39 -3.06389e-38  3.98994e-40  1.88687e-38 -7.93825e-40 -1.02418e-38  2.68266e-40  4.84941e-39 -5.80264e-41 -1.97804e-39  2.81777e-41  6.84329e-40 -1.32077e-41 -1.96856e-40  3.43175e-42  4.58503e-41 -6.13319e-43 -8.32231e-42  1.07372e-43  1.10658e-42 -1.50554e-44 -9.51918e-44  1.10267e-45  3.49186e-45 -3.52968e-47  1.51942e-46  2.74743e-49 -1.25898e-47
-9.27745e-37  1.41502e-33 -4.75248e-36 -3.49348e-35  -8.7429e-36  9.26396e-35  -1.0025e-35  3.56216e-34 -1.35525e-35 -9.33923e-35  1.67884e-35 -1.35794e-35  1.06224e-35 -9.80956e-35  2.04666e-35  1.45573e-34  2.63381e-36 -9.92442e-35 -2.71365e-36  1.25065e-35 -1.57512e-37 -2.85457e-35 -1.74221e-36   6.1357e-37  1.30449e-36  1.67158e-35  2.88593e-37 -1.30725e-35  3.63958e-37  1.05019e-35 -1.77635e-37 -5.89563e-36 -7.69981e-38  1.74269e-36  3.39811e-38 -4.51676e-37 -5.21104e-38  1.28192e-37  1.65615e-38  1.74274e-38  -1.6993e-39  4.82796e-38 -1.31738e-39 -1.61022e-37 -2.85599e-39  1.19502e-37 -9.72962e-40 -4.79815e-38  5.76698e-40  6.80727e-38  1.72447e-40 -1.80905e-37   4.4873e-41  5.47619e-37  -4.1193e-41 -1.55385e-36 -8.96366e-42  4.02518e-36 -1.27017e-41 -9.52182e-36  1.61618e-41  2.05167e-35 -8.52121e-42 -4.01179e-35 -2.31437e-41  7.08477e-35   2.0275e-40 -1.12312e-34 -8.28783e-40  1.58567e-34  2.61819e-39 -1.97302e-34 -7.06227e-39  2.13215e-34  1.68504e-38 -1.95772e-34 -3.61652e-38  1.47225e-34  7.04325e-38 -8.41669e-35 -1.25049e-37  2.91615e-35  2.02863e-37   2.5613e-36 -3.00935e-37 -1.08166e-35  4.08063e-37  6.52055e-36  -5.0515e-37 -1.01576e-36  5.69721e-37 -1.02691e-36 -5.83768e-37  6.64841e-37   5.4152e-37 -5.13409e-38 -4.52784e-37 -9.05059e-38  3.39458e-37   2.3244e-38 -2.26761e-37  1.18363e-38  1.33958e-37 -6.92207e-39 -6.93557e-38  9.65073e-40  3.11308e-38 -1.69635e-40 -1.19549e-38  2.07209e-40  3.86395e-39 -8.11749e-41 -1.02941e-39  1.48397e-41  2.19914e-40 -2.43196e-42 -3.62411e-41  4.77091e-43  4.33746e-42 -5.40323e-44 -3.37087e-43  2.59726e-45  1.26499e-44 -7.63956e-47  6.97019e-47  8.12618e-49
-3.27585e-34 -4.75248e-36  2.14741e-33 -1.28211e-35  2.93246e-34 -2.53722e-35  6.46596e-35 -9.82516e-36  3.24146e-34 -3.11591e-35 -2.54768e-34  2.54828e-35  -6.2603e-35  2.39846e-35 -7.94465e-35  3.67588e-35  2.30482e-34 -2.32157e-36 -1.86814e-34 -1.19726e-36   1.7164e-35 -1.47148e-36 -2.28666e-35 -1.75193e-36  -1.2834e-35  2.51593e-36   3.5459e-35  3.03015e-37 -3.14577e-35   7.4791e-37   2.3491e-35 -2.07336e-37 -1.02037e-35 -1.51403e-37  1.67842e-36  3.91927e-38 -2.03135e-37 -6.55324e-38 -6.20151e-38  1.48219e-38  1.06835e-37  3.65008e-39  1.36463e-37 -5.77367e-39 -4.00491e-37 -6.66459e-39  3.60303e-37 -1.81531e-39 -4.39736e-37  1.07668e-39  1.28765e-36  5.16973e-40 -4.03586e-36  1.35536e-40  1.18835e-35  -1.0832e-40  -3.2158e-35  1.03552e-40  7.95924e-35 -3.60762e-40 -1.79733e-34  9.36936e-40  3.69049e-34 -2.20259e-39  -6.8608e-34  4.82027e-39  1.14852e-33 -9.43964e-39 -1.71934e-33  1.62331e-38  2.28078e-33 -2.32823e-38 -2.64798e-33  2.37399e-38   2.6429e-33 -2.01461e-39 -2.20452e-33 -6.94013e-38  1.45954e-33  2.29088e-37 -6.77585e-34 -5.17867e-37  1.18109e-34  9.60289e-37  1.19577e-34 -1.54082e-36 -1.20224e-34  2.18663e-36  4.29669e-35 -2.77205e-36  6.41681e-36  3.15263e-36 -1.26832e-35 -3.21963e-36    3.734e-36  2.94893e-36  1.03926e-36 -2.41531e-36 -8.40918e-37  1.76119e-36  5.35902e-40 -1.13659e-36  1.23911e-37  6.44343e-37 -2.69469e-38 -3.17927e-37 -2.49713e-39  1.34984e-37 -7.27722e-40 -4.86262e-38  1.21864e-39  1.46041e-38 -2.90314e-40  -3.5761e-39  3.32407e-41  6.93354e-40 -7.56491e-42 -1.02205e-40  1.49802e-42   1.0767e-41 -1.05159e-43 -7.25726e-43   3.2663e-45  2.40609e-44 -1.39158e-46 -9.61127e-47
 -2.0819e-36 -3.49348e-35 -1.28211e-35  3.21094e-33 -2.09474e-35  4.34451e-34 -5.94631e-35  4.73809e-35  9.00644e-36  3.94812e-35 -6.62709e-35 -3.16167e-34  3.16327e-35 -8.06101e-35  3.48489e-35  3.66947e-36  5.85469e-35  3.05154e-34 -1.38399e-35 -2.86554e-34  2.27638e-36  -4.4769e-36 -3.92347e-36  3.39064e-35  -1.1478e-36 -6.06075e-35  3.67364e-36  6.67153e-35  8.13762e-38 -5.92131e-35  1.25895e-36  4.05084e-35 -8.42297e-38 -1.34228e-35 -2.68409e-37 -4.89709e-37  2.04719e-38  1.15074e-36 -3.57736e-38 -8.44646e-37 -6.88062e-39  3.16541e-37  1.65822e-38  3.86584e-37 -1.47879e-38 -1.19308e-36  -1.3225e-38  2.41733e-36 -3.14075e-39 -7.17161e-36   1.6034e-39  2.35552e-35  1.12434e-39 -7.23464e-35  4.82101e-40   2.0436e-34 -8.10114e-40 -5.28902e-34  2.20659e-39  1.25071e-33 -6.25094e-39 -2.69411e-33  1.63442e-38  5.26588e-33 -3.93982e-38 -9.29428e-33  8.80788e-38  1.47223e-32 -1.81367e-37 -2.07629e-32  3.42393e-37  2.57946e-32 -5.87935e-37 -2.78114e-32  9.06599e-37  2.54469e-32 -1.22698e-36 -1.90253e-32    1.388e-36  1.07518e-32 -1.13652e-36 -3.59487e-33  1.81157e-37 -4.70869e-34  1.68682e-36  1.46362e-33 -4.43824e-36 -8.48084e-34  7.69772e-36  1.15039e-34  -1.0776e-35  1.43244e-34   1.2881e-35 -8.63196e-35 -1.34349e-35  3.53981e-36  1.23327e-35  1.36677e-35 -9.98628e-36 -3.65038e-36  7.12164e-36 -1.25303e-36 -4.45332e-36   6.6961e-37  2.42525e-36  1.22139e-38 -1.13972e-36 -3.31632e-38   4.5672e-37 -9.07458e-39 -1.53739e-37  5.10451e-39  4.26525e-38 -5.05583e-40 -9.51849e-39  4.43849e-41  1.65501e-39 -2.47826e-41 -2.14569e-40  3.21503e-42  1.94096e-41 -9.15596e-44 -1.08682e-42  4.26393e-45  2.80532e-44 -1.60635e-46
 9.78157e-35  -8.7429e-36  2.93246e-34 -2.09474e-35  4.28189e-33 -1.76121e-35  3.08235e-34 -1.17297e-34  1.64473e-34  5.30876e-35 -4.92997e-34 -1.22951e-34 -1.17529e-34   3.6497e-35 -1.45594e-34  3.60917e-35  1.32762e-34  8.56612e-35  3.63505e-34 -3.01019e-35 -3.74178e-34   7.0439e-36  -7.1265e-35 -7.17365e-36  1.67269e-34 -5.60056e-37 -1.58632e-34  4.49715e-36  1.11368e-34 -5.01311e-37 -9.25331e-35  1.88009e-36  5.72899e-35  2.23814e-37 -1.34168e-35 -4.33153e-37 -5.74148e-36 -2.79467e-38  4.27362e-36  7.00795e-38 -2.53646e-36 -5.59398e-38  3.20522e-37  3.70946e-38  2.58972e-36 -2.89114e-38 -9.84375e-36 -2.36272e-38  3.38919e-35 -5.42617e-39 -1.15933e-34  2.14004e-39  3.71606e-34  1.35269e-39 -1.09596e-33   3.3942e-39  2.96423e-33 -9.33669e-39 -7.33528e-33  2.74005e-38  1.65612e-32 -7.49792e-38 -3.39961e-32  1.91443e-37  6.31748e-32 -4.54047e-37 -1.05695e-31  1.00072e-36  1.58093e-31 -2.04417e-36 -2.09462e-31  3.85941e-36  2.42753e-31 -6.70864e-36 -2.41636e-31  1.06784e-35  2.00684e-31 -1.54423e-35 -1.31829e-31  2.00396e-35  6.00812e-32  -2.2843e-35 -9.27147e-33  2.18957e-35 -1.17609e-32 -1.56631e-35  1.11782e-32  3.96189e-36 -3.80093e-33  1.14335e-35 -7.25227e-34 -2.70227e-35  1.20154e-33  3.87724e-35 -3.24963e-34 -4.37774e-35 -1.13956e-34  4.14827e-35  8.29656e-35 -3.37471e-35 -7.78399e-37  2.37482e-35 -1.05456e-35 -1.44567e-35   1.5557e-36    7.577e-36  6.92261e-37 -3.39022e-36 -8.40384e-38  1.27938e-36 -6.54757e-38 -4.00704e-37  1.21376e-38  1.02008e-37  3.84745e-40 -2.05435e-38  1.45409e-40  3.15823e-39 -7.09237e-41 -3.52877e-40  3.42563e-42  2.65893e-41  1.01211e-44 -1.16967e-42  8.60815e-45  1.90113e-44
-4.19383e-36  9.26396e-35 -2.53722e-35  4.34451e-34 -1.76121e-35    5.045e-33  1.02313e-35 -2.08941e-34 -1.96734e-34  5.38624e-34  1.14104e-34 -1.25711e-33 -1.92848e-34  4.23787e-34   4.1776e-35 -3.27627e-34    2.611e-35  2.49528e-34   1.1387e-34  4.01705e-34 -4.67337e-35  -4.2438e-34  1.25919e-35 -1.89932e-34 -1.02839e-35  3.81095e-34 -7.58195e-37 -3.08119e-34  4.90877e-36   1.6609e-34 -1.54323e-36 -1.24648e-34  2.55012e-36  6.88294e-35  6.53848e-37 -8.54298e-36  -6.3638e-37 -1.43495e-35 -1.05124e-37  9.27349e-36  2.80434e-37 -3.95823e-36 -1.31962e-37 -6.46895e-36  6.18682e-38  3.51799e-35 -4.72966e-38 -1.37944e-34 -3.88944e-38  4.97765e-34 -9.81137e-39 -1.66429e-33  4.40962e-39  5.12292e-33 -5.83002e-39 -1.44741e-32  3.12902e-38  3.74577e-32 -9.34198e-38 -8.85697e-32  2.66926e-37  1.90754e-31 -7.10028e-37 -3.72746e-31  1.76285e-36  6.57625e-31 -4.07657e-36 -1.04104e-30   8.7735e-36  1.46684e-30 -1.75425e-35 -1.81982e-30  3.25193e-35  1.95807e-30 -5.57356e-35 -1.78577e-30  8.80073e-35  1.32771e-30 -1.27417e-34 -7.41882e-31   1.6803e-34  2.39058e-31 -1.99881e-34  4.24132e-32  2.11177e-34 -1.06611e-31 -1.92696e-34  5.94722e-32  1.42783e-34 -6.80234e-33 -7.01509e-35 -1.08208e-32 -7.88627e-36  6.12689e-33  7.18002e-35 -9.28574e-35  -1.0783e-34 -1.04043e-33  1.13143e-34  2.61741e-34  -9.5354e-35  9.22858e-35  6.72051e-35 -4.40489e-35 -4.01147e-35 -4.22399e-36  2.02929e-35  3.55895e-36 -8.64492e-36  3.28283e-37  3.06489e-36 -2.53245e-37 -8.88876e-37  1.40619e-39  2.06035e-37  3.54502e-39  -3.7009e-38  8.80059e-40  4.94354e-39 -1.25518e-40 -4.63828e-40 -1.82063e-42  2.79518e-41 -4.00009e-44 -8.83694e-43  9.58662e-45
 2.23285e-34  -1.0025e-35  6.46596e-35 -5.94631e-35  3.08235e-34  1.02313e-35  5.61324e-33   6.7081e-35 -1.24734e-33 -2.82415e-34  1.23558e-33  1.70434e-34 -2.27252e-33 -2.55992e-34  1.28204e-33  4.69921e-35 -5.72531e-34  9.90887e-36  2.70472e-34  1.35608e-34   4.1748e-34 -5.90091e-35 -4.18845e-34  1.86328e-35  -3.5058e-34  -1.2033e-35  6.51021e-34 -2.05388e-36 -4.94331e-34  4.99464e-36  2.25694e-34 -3.07508e-36  -1.4932e-34  3.11572e-36  7.20157e-35  1.05443e-36   1.6933e-36 -8.55967e-37 -2.49342e-35 -2.07809e-37  1.13889e-35  6.10926e-37  1.71417e-35 -2.24764e-37 -1.18556e-34  8.43653e-38  5.01087e-34 -6.76528e-38 -1.90059e-33 -5.86201e-38  6.63408e-33 -2.19037e-38 -2.13065e-32  2.57432e-38  6.28563e-32 -7.98203e-38  -1.7002e-31  2.68779e-37  4.20731e-31 -7.92097e-37 -9.49845e-31  2.19105e-36  1.94952e-30 -5.65546e-36 -3.62185e-30  1.36275e-35  6.05696e-30 -3.06184e-35  -9.0536e-30  6.40806e-35  1.19832e-29 -1.24743e-34 -1.38661e-29  2.25462e-34  1.37685e-29 -3.77498e-34 -1.13888e-29  5.83857e-34    7.425e-30 -8.31137e-34 -3.32198e-30   1.0838e-33  4.44564e-31 -1.28632e-33  7.15928e-31  1.37685e-33 -6.47207e-31 -1.31058e-33  2.09173e-31  1.08302e-33  4.94565e-32 -7.39734e-34 -7.11249e-32  3.63663e-34  1.78091e-32 -4.32511e-35  7.38206e-33 -1.62309e-34 -4.91456e-33  2.41837e-34 -2.98002e-35 -2.26074e-34  6.24958e-34  1.63829e-34 -7.17757e-35 -9.69669e-35 -4.99573e-35  4.75486e-35   6.9643e-36 -1.92924e-35  3.24546e-36  6.40894e-36 -4.42623e-37 -1.71168e-36 -9.28554e-38  3.57977e-37  1.56944e-39 -5.65383e-38  2.90954e-39   6.4175e-39 -5.27828e-41 -4.88216e-40 -8.88752e-42  2.21592e-41 -3.71404e-43 -4.14819e-43
 -5.0572e-36  3.56216e-34 -9.82516e-36  4.73809e-35 -1.17297e-34 -2.08941e-34   6.7081e-35  6.43069e-33  1.42922e-34 -2.86279e-33 -3.49924e-34  2.24074e-33   1.9824e-34  -3.5185e-33 -2.91067e-34  2.29627e-33  4.98735e-35 -7.01545e-34 -4.73334e-36  1.19856e-34  1.43908e-34  4.11755e-34 -6.41011e-35 -3.48526e-34  2.47879e-35 -5.30223e-34 -1.13047e-35  9.31444e-34 -3.99647e-36 -6.94627e-34  4.91292e-36  2.87129e-34 -5.00896e-36 -1.64481e-34    3.334e-36  6.76383e-35  1.22739e-36  1.44548e-35 -1.06465e-36 -2.29507e-35 -3.34884e-37 -5.70908e-35  1.05873e-36  3.70424e-34 -3.16243e-37 -1.65179e-33  9.64716e-38  6.55435e-33 -8.83125e-38 -2.38697e-32 -7.21811e-38  7.99712e-32 -8.19166e-38 -2.46246e-31   2.0247e-37  6.95828e-31 -6.62429e-37 -1.80089e-30  2.04731e-36   4.2584e-30 -5.85979e-36 -9.17108e-30  1.56904e-35  1.79186e-29 -3.92433e-35 -3.16051e-29  9.16489e-35  5.00095e-29 -1.99676e-34 -7.04123e-29  4.05426e-34  8.72561e-29 -7.66134e-34 -9.37137e-29  1.34521e-33  8.52132e-29 -2.19025e-33 -6.30229e-29  3.29859e-33  3.48279e-29 -4.58089e-33 -1.08015e-29  5.84326e-33 -2.45772e-30 -6.81147e-33  5.26955e-30    7.207e-33 -2.83555e-30 -6.85551e-33  2.63564e-31  5.77837e-33  5.53892e-31  -4.2115e-33 -2.96387e-31  2.52711e-33 -2.50239e-33 -1.09005e-33   5.3054e-32  1.23719e-34 -1.23086e-32  3.44608e-34 -4.92298e-33 -4.40906e-34  2.12838e-33  3.45945e-34  2.82763e-34 -2.06692e-34 -1.92896e-34  9.88535e-35 -1.46883e-35 -3.82256e-35  1.12481e-35  1.18635e-35  5.45702e-37 -2.89915e-36 -2.84158e-37  5.41147e-37 -3.22323e-38 -7.38254e-38  4.47366e-39  6.91373e-39  2.67661e-40 -4.05485e-40 -2.94165e-42  1.25246e-41  -4.3541e-43
 9.70017e-38 -1.35525e-35  3.24146e-34  9.00644e-36  1.64473e-34 -1.96734e-34 -1.24734e-33  1.42922e-34  7.94668e-33  2.16415e-34 -4.98706e-33 -3.77201e-34  3.42633e-33   1.8363e-34 -4.84738e-33 -2.86883e-34  3.19344e-33  4.87469e-35  -5.2128e-34 -1.23275e-35 -2.31742e-34  1.36021e-34  3.87223e-34 -6.20178e-35 -2.12061e-34  3.03601e-35 -7.01437e-34 -7.31167e-36   1.1722e-33 -5.56817e-36 -8.89657e-34  4.81882e-36  3.51908e-34 -7.10401e-36 -1.74471e-34  2.94977e-36  6.55966e-35  9.85985e-37 -6.61558e-36 -1.23922e-36  1.77278e-34 -4.88929e-37  -1.0836e-33  1.60291e-36  4.98376e-33 -3.86494e-37 -2.06266e-32  9.47928e-38  7.83378e-32 -1.24302e-37 -2.73709e-31   1.3814e-39  8.79383e-31 -4.74405e-37 -2.59478e-30  1.48103e-36   7.0197e-30 -4.70379e-36  -1.7373e-29  1.39556e-35   3.9224e-29 -3.86701e-35 -8.05054e-29  1.00192e-34  1.49547e-28 -2.42563e-34 -2.50028e-28  5.48418e-34  3.73548e-28 -1.15699e-33 -4.94022e-28  2.27528e-33  5.70889e-28 -4.16555e-33 -5.65639e-28  7.08872e-33  4.66125e-28 -1.11918e-32  -3.0171e-28  1.63558e-32  1.32525e-28 -2.20628e-32 -1.49593e-29  2.73748e-32 -3.12457e-29 -3.11051e-32  2.70096e-29  3.21834e-32 -8.29467e-30 -3.00912e-32 -2.36673e-30  2.51527e-32  3.03423e-30 -1.84912e-32 -7.03852e-31  1.16265e-32 -3.39182e-31 -5.90168e-33  2.08462e-31  2.03612e-33   5.4791e-33 -2.00926e-35 -2.74075e-32 -6.55499e-34  2.60287e-33  6.30192e-34  2.32103e-33 -3.91579e-34 -3.00912e-34  1.84255e-34 -1.40081e-34  -6.7966e-35  1.51251e-35  1.96373e-35  5.13117e-36 -4.35782e-36 -1.70445e-37  7.16528e-37 -1.12893e-37 -8.25514e-38 -3.27331e-40  6.12333e-39  5.27209e-40 -2.55768e-40  1.50822e-41  4.31476e-42
 7.37323e-36 -9.33923e-35 -3.11591e-35  3.94812e-35  5.30876e-35  5.38624e-34 -2.82415e-34 -2.86279e-33  2.16415e-34  1.03462e-32  2.65187e-34 -7.41141e-33 -3.54812e-34  4.56509e-33  1.28523e-34 -6.00031e-33 -2.46823e-34  3.69436e-33  4.42652e-35  5.14983e-35 -1.19316e-35 -7.48577e-34  1.14074e-34  3.45954e-34 -5.49297e-35 -1.48969e-35  3.44493e-35 -8.40786e-34  3.15815e-37  1.33589e-33 -5.68135e-36 -1.07061e-33  4.82477e-36   4.2689e-34 -8.98884e-36 -2.00902e-34  1.81199e-36  1.56664e-34  2.10989e-37 -5.28976e-34 -1.36664e-36  2.91435e-33 -6.74502e-37  -1.3859e-32  2.21286e-36   5.9706e-32 -4.26981e-37 -2.36352e-31  1.11427e-37  8.61033e-31 -3.15289e-37  -2.8856e-30  7.04179e-37  8.88748e-30 -3.05345e-36 -2.51193e-29  9.82153e-36  6.50244e-29 -3.01151e-35 -1.53781e-28  8.62989e-35  3.31225e-28 -2.31252e-34 -6.47168e-28  5.79382e-34  1.14138e-27 -1.35649e-33 -1.80554e-27  2.96601e-33  2.54083e-27 -6.05171e-33 -3.14574e-27  1.15105e-32  3.37329e-27 -2.03836e-32 -3.05912e-27  3.35576e-32  2.25141e-27 -5.12674e-32 -1.23091e-27  7.25248e-32   3.6698e-28 -9.47503e-32  1.03337e-28  1.13951e-31 -1.95629e-28 -1.25646e-31  1.01749e-28  1.26376e-31 -7.28628e-30 -1.15179e-31 -2.12455e-29   9.4272e-32  1.07918e-29 -6.84093e-32   3.4187e-31  4.31433e-32 -2.02814e-30 -2.28248e-32  4.32151e-31  9.36005e-33  1.98597e-31 -2.22834e-33 -7.88209e-32 -5.09043e-34 -1.24905e-32    9.713e-34  7.44196e-33 -6.62452e-34  6.38389e-34  3.10415e-34 -4.18994e-34 -1.09333e-34 -3.10971e-35  2.92816e-35  1.20632e-35 -5.84769e-36  1.20035e-36   8.3355e-37 -1.48145e-37 -7.87573e-38 -1.33266e-38  4.35861e-39  1.53096e-40 -1.12481e-40  1.66837e-41
  4.2729e-35  1.67884e-35 -2.54768e-34 -6.62709e-35 -4.92997e-34  1.14104e-34  1.23558e-33 -3.49924e-34 -4.98706e-33  2.65187e-34  1.34826e-32   2.7639e-34 -9.82256e-33 -2.88624e-34  5.42434e-33  4.83378e-35  -6.7232e-33 -1.84825e-34  3.65101e-33  3.91715e-35  9.39982e-34 -5.80719e-36   -1.346e-33  8.30644e-35  2.91045e-34 -4.56152e-35  2.28682e-34   3.6311e-35 -9.33454e-34  1.14366e-35  1.40842e-33 -3.61169e-36 -1.24286e-33  4.99757e-36  5.47415e-34 -1.02585e-35 -4.43262e-34  -3.9133e-38  1.43692e-33 -1.11151e-36 -7.26119e-33 -1.44397e-36  3.56408e-32 -8.95112e-37 -1.59906e-31  2.86945e-36  6.59656e-31 -4.90264e-37 -2.50513e-30  3.96407e-37   8.7553e-30 -1.59998e-36 -2.81374e-29   5.3984e-36  8.30475e-29 -1.89533e-35 -2.24729e-28  5.97392e-35  5.56311e-28 -1.76888e-34 -1.25627e-27  4.89775e-34   2.5788e-27 -1.26823e-33 -4.79064e-27  3.07015e-33  8.00884e-27 -6.94481e-33  -1.1962e-26  1.46697e-32  1.58107e-26 -2.89129e-32 -1.82513e-26  5.31168e-32  1.80495e-26 -9.08492e-32 -1.48235e-26  1.44454e-31  9.52965e-27  -2.1316e-31 -4.11042e-27  2.91304e-31  3.76377e-28 -3.67755e-31  1.05424e-27  4.27572e-31 -8.75533e-28 -4.56094e-31  2.55482e-28   4.4425e-31  8.61995e-29 -3.92715e-31 -1.00486e-28  3.12543e-31  2.15759e-29 -2.21469e-31  1.20019e-29  1.37481e-31  -6.8678e-30 -7.28287e-32 -3.22069e-31  3.13142e-32  9.37375e-31 -9.59279e-33 -7.39252e-32  9.14327e-34 -8.18609e-32  1.19658e-33  9.45088e-33 -1.00278e-33  4.95209e-33  4.75824e-34  -4.4898e-34  -1.6014e-34 -1.92116e-34  3.95384e-35  5.70423e-36 -7.02855e-36  3.84703e-36  8.51626e-37  5.52752e-38 -6.34542e-38 -1.99942e-38    2.383e-39 -5.50165e-40 -2.74218e-41
 1.91029e-36 -1.35794e-35  2.54828e-35 -3.16167e-34 -1.22951e-34 -1.25711e-33  1.70434e-34  2.24074e-33 -3.77201e-34 -7.41141e-33   2.7639e-34  1.69643e-32  2.51066e-34 -1.19014e-32 -1.95148e-34  5.88707e-33 -3.55863e-35 -6.89649e-33 -1.17514e-34  3.12163e-33   3.6791e-35  1.95311e-33  3.29674e-36 -1.93136e-33  4.81564e-35  2.32746e-34 -3.59751e-35  4.92784e-34  3.56858e-35 -9.74582e-34  2.52855e-35  1.40662e-33  8.47753e-37  -1.4737e-33  5.38772e-36  1.11482e-33 -1.06175e-35 -3.28377e-33 -2.36757e-36  1.68727e-32 -2.88448e-36  -8.5195e-32 -1.46835e-36  3.98099e-31 -1.16065e-36 -1.71152e-30  3.64176e-36  6.77488e-30 -9.73171e-37 -2.46876e-29  2.50909e-36  8.27633e-29 -9.65347e-36 -2.54989e-28  3.35336e-35  7.20928e-28 -1.10332e-34  -1.8668e-27  3.36926e-34  4.41623e-27 -9.63331e-34 -9.51432e-27  2.57585e-33  1.85931e-26 -6.44032e-33 -3.27943e-26  1.50511e-32  5.18737e-26 -3.28606e-32 -7.29767e-26  6.69801e-32  9.02904e-26 -1.27357e-31 -9.66988e-26  2.25672e-31  8.74879e-26 -3.72223e-31 -6.40982e-26  5.70678e-31   3.4686e-26 -8.11935e-31  -9.9304e-27  1.06987e-30  -3.3737e-27 -1.30249e-30  5.77786e-27  1.46078e-30 -2.91068e-27 -1.50378e-30  1.46918e-28   1.4145e-30  6.46991e-28 -1.20871e-30 -3.13237e-28  9.31248e-31 -1.71607e-29 -6.40346e-31  6.16953e-29  3.87386e-31  -1.2074e-29 -2.01731e-31 -6.34844e-30  8.70773e-32  2.33503e-30 -2.87042e-32  4.24841e-31  5.39139e-33 -2.26487e-31  9.50632e-34 -2.27968e-32 -1.35726e-33  1.28265e-32  6.67399e-34  1.15237e-33 -2.14604e-34 -3.80917e-34  4.85001e-35 -3.97198e-35 -7.57271e-36  4.29137e-36  7.60969e-37  4.66456e-37 -4.23441e-38 -4.28629e-39  9.09622e-40 -5.34484e-40
-6.83496e-35  1.06224e-35  -6.2603e-35  3.16327e-35 -1.17529e-34 -1.92848e-34 -2.27252e-33   1.9824e-34  3.42633e-33 -3.54812e-34 -9.82256e-33  2.51066e-34  2.03057e-32  2.00739e-34 -1.34446e-32 -9.40907e-35  6.01113e-33 -1.04203e-34 -6.58886e-33 -5.78951e-35   2.3322e-33  3.95857e-35  2.88234e-33  1.37833e-35  -2.4438e-33  1.29226e-35  1.94904e-34 -2.62025e-35  7.42095e-34  3.28975e-35 -9.80865e-34  4.04687e-35  1.46998e-33  7.48207e-36  -2.5479e-33  6.06826e-36   6.9612e-33 -1.00047e-35 -3.62252e-32 -4.82385e-36  1.90186e-31 -4.93521e-36  -9.2506e-31 -1.40274e-36   4.1449e-30 -1.57677e-36 -1.71009e-29  5.10763e-36  6.49637e-29 -4.28294e-36 -2.27127e-28   1.5533e-35  7.30208e-28 -5.64921e-35 -2.15603e-27  1.90719e-34  5.83651e-27 -6.02491e-34 -1.44535e-26  1.77747e-33  3.26503e-26 -4.90525e-33 -6.70428e-26  1.26577e-32  1.24574e-25 -3.05324e-32 -2.08282e-25  6.88179e-32  3.11072e-25 -1.44856e-31 -4.11016e-25  2.84557e-31  4.74089e-25 -5.21253e-31 -4.68118e-25  8.89514e-31  3.83296e-25 -1.41251e-30 -2.44851e-25  2.08442e-30  1.03745e-25   -2.854e-30 -7.26336e-27  3.61894e-30  -2.8795e-26 -4.24014e-30  2.30739e-26  4.57763e-30 -6.39912e-27  -4.5379e-30 -2.51252e-27  4.11263e-30  2.70437e-27 -3.38841e-30 -5.37022e-28  2.51948e-30 -3.42985e-28 -1.67433e-30  1.84172e-28   9.8122e-31  1.23355e-29 -4.97248e-31 -2.60628e-29  2.11105e-31  1.67593e-30 -7.06155e-32  2.33602e-30  1.56985e-32 -2.37351e-31 -2.96534e-34 -1.43758e-31 -1.63605e-33  1.11749e-32  8.60789e-34  5.67351e-33 -2.63993e-34 -1.27832e-34  5.41041e-35 -1.10955e-34 -7.29808e-36 -2.38048e-36   5.8925e-37  5.88013e-37 -2.25996e-38  1.70808e-38  1.87432e-40
 8.56194e-36 -9.80956e-35  2.39846e-35 -8.06101e-35   3.6497e-35  4.23787e-34 -2.55992e-34  -3.5185e-33   1.8363e-34  4.56509e-33 -2.88624e-34 -1.19014e-32  2.00739e-34  2.30912e-32  1.40011e-34 -1.44354e-32 -2.47287e-36  5.98193e-33 -1.46163e-34  -6.0057e-33 -1.31252e-35  1.55264e-33  4.84455e-35  3.58662e-33  2.51047e-35 -2.87346e-33 -2.10779e-35  2.15068e-34 -1.47817e-35  9.60759e-34  2.87039e-35 -1.16007e-33  5.52007e-35   3.0532e-33  1.58533e-35 -1.36782e-32  7.14894e-36  7.27434e-32 -8.63746e-36 -3.97114e-31 -7.06775e-36  2.01327e-30 -7.10284e-36 -9.40134e-30 -1.02763e-36  4.04272e-29  -2.9304e-36 -1.60086e-28  1.07802e-35  5.83589e-28 -2.41806e-35 -1.95726e-27  8.95994e-35  6.03286e-27 -3.12637e-34 -1.70642e-26   1.0188e-33  4.42062e-26 -3.10315e-33 -1.04622e-25  8.83557e-33  2.25489e-25  -2.3522e-32 -4.40812e-25  5.85322e-32  7.77714e-25 -1.36096e-31 -1.23036e-24  2.95544e-31  1.73077e-24 -5.99058e-31 -2.14055e-24  1.13261e-30  2.29029e-24 -1.99573e-30 -2.06806e-24  3.27433e-30  1.50903e-24  -4.9966e-30 -8.08673e-25    7.083e-30  2.22146e-25 -9.31364e-30   8.9309e-26  1.13404e-29 -1.40896e-25 -1.27596e-29  6.88949e-26  1.32315e-29 -2.04429e-27 -1.26042e-29 -1.62408e-26  1.09828e-29  7.52383e-27 -8.70595e-30  5.83934e-28  6.23291e-30 -1.55046e-27 -3.99184e-30  2.79012e-28  2.25732e-30  1.66806e-28 -1.10634e-30 -5.72947e-29  4.56698e-31 -1.17575e-29 -1.50864e-31  5.69994e-30  3.53016e-32  6.61804e-31 -3.12518e-33 -3.27401e-31 -1.74078e-33 -3.35783e-32  1.02522e-33   9.8032e-33 -2.98567e-34  1.11282e-33  5.48118e-35 -1.06278e-34 -6.25441e-36 -1.30688e-35  3.88858e-37   8.3984e-38 -9.01945e-39  1.44058e-38
 6.46049e-35  2.04666e-35 -7.94465e-35  3.48489e-35 -1.45594e-34   4.1776e-35  1.28204e-33 -2.91067e-34 -4.84738e-33  1.28523e-34  5.42434e-33 -1.95148e-34 -1.34446e-32  1.40011e-34  2.51035e-32  8.05136e-35  -1.5013e-32  6.80205e-35  5.99194e-33 -1.59319e-34 -5.37443e-33  1.43999e-35  9.65036e-34  6.25983e-35  4.02792e-33  3.67934e-35 -3.25425e-33 -5.37883e-35  3.06199e-34   7.8028e-37  1.44304e-33  2.40278e-35 -3.96032e-33  6.77698e-35  2.26652e-32  2.54907e-35 -1.36922e-31  8.74993e-36  7.78464e-31 -6.95148e-36 -4.11445e-30 -8.84308e-36  2.00286e-29 -9.47677e-36 -8.97679e-29  8.62777e-37  3.70512e-28 -1.00819e-35 -1.40814e-27   4.0555e-35  4.92545e-27 -1.35604e-34 -1.58429e-26  4.87946e-34  4.68015e-26 -1.64121e-33 -1.26759e-25  5.15985e-33  3.14065e-25 -1.51614e-32 -7.09822e-25  4.16399e-32   1.4582e-24 -1.06878e-31 -2.71065e-24  2.56291e-31  4.53355e-24 -5.73927e-31 -6.77206e-24  1.19957e-30  8.94719e-24  -2.3386e-30 -1.03152e-23  4.24945e-30  1.01731e-23 -7.19106e-30 -8.30829e-24  1.13224e-29  5.27659e-24   -1.657e-29 -2.19744e-24  2.25141e-29  1.06305e-25  -2.8364e-29  6.56798e-25  3.30829e-29 -5.09832e-25 -3.56577e-29  1.34465e-25  3.54323e-29  6.06285e-26 -3.23604e-29 -6.10065e-26  2.70544e-29  1.12005e-26 -2.05933e-29   8.1707e-27   1.4169e-29 -4.14723e-27 -8.72709e-30 -3.57955e-28  4.74921e-30  6.07426e-28 -2.24203e-30 -3.09193e-29  8.93489e-31  -5.5824e-29 -2.87084e-31  4.97479e-30  6.73744e-32  3.50038e-30 -7.91713e-33 -2.34212e-31 -1.60662e-33 -1.39516e-31  1.13144e-33  2.11085e-33 -3.10293e-34  2.71596e-33  5.02061e-35  7.29312e-35 -4.71402e-36 -1.43384e-35  2.12257e-37 -4.49046e-37 -2.28732e-39
 2.44313e-36  1.45573e-34  3.67588e-35  3.66947e-36  3.60917e-35 -3.27627e-34  4.69921e-35  2.29627e-33 -2.86883e-34 -6.00031e-33  4.83378e-35  5.88707e-33 -9.40907e-35 -1.44354e-32  8.05136e-35  2.63576e-32  2.89496e-35 -1.53595e-32  1.11189e-34  6.12883e-33 -1.48976e-34 -4.84164e-33  2.46848e-35  5.92058e-34  7.98238e-35  4.25313e-33   4.7705e-35 -3.59446e-33 -8.57702e-35   1.7976e-35  2.27806e-35  6.09523e-33  1.97225e-35 -3.71335e-32  7.70603e-35  2.39721e-31  3.60404e-35 -1.43597e-30  1.09624e-35  7.91545e-30  -5.4916e-36 -4.01731e-29 -9.80263e-36  1.87685e-28  -1.3464e-35 -8.07429e-28   1.0981e-35  3.19882e-27  -5.0567e-35 -1.16671e-26  2.01827e-34  3.91503e-26  -7.2836e-34 -1.20739e-25  2.53054e-33  3.41709e-25 -8.21326e-33 -8.85741e-25  2.49131e-32  2.09749e-24 -7.06117e-32 -4.52323e-24  1.86992e-31  8.84731e-24 -4.62527e-31 -1.56166e-23  1.06817e-30  2.47148e-23 -2.30197e-30 -3.47737e-23  4.62639e-30  4.30024e-23 -8.66473e-30 -4.59824e-23  1.51109e-29  4.14562e-23 -2.45175e-29 -3.01427e-23  3.69753e-29  1.60069e-23 -5.17822e-29 -4.21734e-24  6.72727e-29 -1.97517e-24 -8.09862e-29  2.91134e-24  9.02309e-29 -1.38492e-24    -9.29e-29  1.29818e-26  8.82143e-29  3.44977e-25 -7.70476e-29 -1.53536e-25  6.16653e-29 -1.53401e-26 -4.49876e-29  3.30412e-26  2.96987e-29 -5.47786e-27 -1.75648e-29 -3.70068e-27  9.18163e-30  1.19551e-27 -4.16354e-30  2.72942e-28  1.59417e-30 -1.22016e-28  -4.9344e-31 -1.59881e-29  1.13209e-31  7.11701e-30 -1.45574e-32  8.13194e-31  -1.2403e-33 -2.13989e-31  1.15959e-33 -2.64681e-32  -2.9547e-34  2.26248e-33  4.12387e-35  3.07814e-34 -3.06642e-36 -1.15883e-36  9.04246e-38 -3.32049e-37
-3.78927e-35  2.63381e-36  2.30482e-34  5.85469e-35  1.32762e-34    2.611e-35 -5.72531e-34  4.98735e-35  3.19344e-33 -2.46823e-34  -6.7232e-33 -3.55863e-35  6.01113e-33 -2.47287e-36  -1.5013e-32  2.89496e-35  2.70289e-32 -1.16938e-35 -1.55796e-32  1.25528e-34  6.34124e-33 -1.24223e-34 -4.43591e-33  1.81846e-35  3.13489e-34  9.68979e-35  4.28497e-33  5.58959e-35 -3.23265e-33 -1.17348e-34  -6.5573e-33  5.21487e-35  5.89337e-32  1.64719e-35   -3.981e-31    8.289e-35  2.49492e-30   4.7373e-35 -1.43638e-29  1.38763e-35   7.6023e-29  -4.9914e-36 -3.70263e-28 -8.19541e-36  1.66032e-27 -2.75924e-35 -6.85635e-27  6.61838e-35  2.60717e-26 -2.72216e-34 -9.12467e-26  1.04935e-33  2.93673e-25 -3.74378e-33 -8.68083e-25  1.25549e-32  2.35266e-24 -3.93294e-32 -5.83292e-24  1.15104e-31  1.31918e-23 -3.14659e-31 -2.71178e-23  8.03267e-31  5.04402e-23 -1.91411e-30 -8.44072e-23  4.25525e-30  1.26138e-22 -8.81968e-30 -1.66688e-22  1.70303e-29  1.92145e-22 -3.06108e-29 -1.89345e-22    5.117e-29  1.54312e-22 -7.94769e-29 -9.74956e-23  1.14588e-28  3.99371e-23 -1.53217e-28 -1.07313e-24  1.89825e-28 -1.27936e-23 -2.17721e-28  9.65639e-24  2.30973e-28 -2.42485e-24 -2.26407e-28 -1.24091e-24  2.04776e-28  1.17958e-24 -1.70535e-28  -2.0035e-25  1.30334e-28 -1.65999e-25 -9.09544e-29  8.01989e-26  5.75274e-29  8.39954e-27  -3.2633e-29 -1.21381e-26  1.63657e-29  4.69534e-28 -7.11527e-30  1.14302e-27  2.60863e-30 -8.92989e-29  -7.7262e-31  -7.2995e-29   1.7053e-31  4.20212e-30 -2.22379e-32   2.9376e-30 -7.30694e-34 -2.44999e-32  1.10434e-33 -5.72545e-32 -2.56285e-34 -1.80229e-33  2.99721e-35  2.99707e-34 -1.66669e-36   1.0119e-35   2.6006e-38
-2.12486e-36 -9.92442e-35 -2.32157e-36  3.05154e-34  8.56612e-35  2.49528e-34  9.90887e-36 -7.01545e-34  4.87469e-35  3.69436e-33 -1.84825e-34 -6.89649e-33 -1.04203e-34  5.98193e-33  6.80205e-35 -1.53595e-32 -1.16938e-35  2.73285e-32  -4.0197e-35 -1.56534e-32   1.1345e-34  6.49372e-33 -9.37873e-35 -4.10833e-33 -5.00313e-36  2.52162e-35  1.10321e-34  3.23624e-33   5.8984e-35  6.29871e-33 -1.48045e-34 -8.53374e-32  8.77367e-35  6.25754e-31  1.48334e-35 -4.09727e-30  8.60147e-35   2.4626e-29  5.95975e-35 -1.35971e-28  1.79157e-35  6.90484e-28 -7.74618e-36 -3.22752e-27  6.37805e-36  1.38924e-26 -9.88992e-35 -5.50694e-26  3.62124e-34  2.00977e-25 -1.43401e-33 -6.74832e-25  5.32948e-33  2.08258e-24 -1.84504e-32 -5.89815e-24  5.97362e-32  1.52996e-23 -1.80635e-31 -3.62575e-23   5.1012e-31  7.82478e-23 -1.34501e-30 -1.53163e-22  3.30968e-30   2.7054e-22 -7.59648e-30 -4.28423e-22  1.62521e-29  6.03076e-22 -3.23839e-29 -7.45947e-22  6.00449e-29  7.97449e-22 -1.03495e-28 -7.18159e-22  1.65656e-28  5.20618e-22 -2.45965e-28 -2.74179e-22  3.38428e-28  6.92882e-23 -4.31092e-28  3.72984e-23  5.07961e-28 -5.19575e-23  -5.5331e-28  2.41042e-23  5.56904e-28  2.45858e-25 -5.17719e-28 -6.32196e-24  4.44284e-28  2.71433e-24 -3.51522e-28  3.29489e-25  2.55787e-28 -6.08724e-25 -1.70383e-28  9.32554e-26  1.03113e-28  7.07209e-26 -5.60595e-29 -2.16422e-26  2.69556e-29 -5.42829e-27 -1.12235e-29  2.26631e-27  3.93031e-30  3.28819e-28 -1.10813e-30 -1.34257e-28  2.32596e-31 -1.68143e-29 -2.95211e-32  4.05503e-30   -2.196e-34  5.42288e-31  9.75691e-34 -4.19909e-32 -2.00594e-34 -6.25506e-33   1.8875e-35   8.5844e-36 -7.12264e-37  6.65446e-36
 2.26421e-36 -2.71365e-36 -1.86814e-34 -1.38399e-35  3.63505e-34   1.1387e-34  2.70472e-34 -4.73334e-36  -5.2128e-34  4.42652e-35  3.65101e-33 -1.17514e-34 -6.58886e-33 -1.46163e-34  5.99194e-33  1.11189e-34 -1.55796e-32  -4.0197e-35  2.74121e-32 -5.60136e-35  -1.5485e-32  8.04521e-35   6.4742e-33 -6.28157e-35 -3.90905e-33 -4.48064e-35  8.10401e-34  1.17222e-34 -1.03179e-32  5.47162e-35   1.1837e-31 -1.76456e-34 -9.26367e-31  1.26354e-34  6.36625e-30  1.53535e-35 -3.99553e-29  8.78504e-35  2.30194e-28  7.27145e-35 -1.21909e-27  2.56482e-35  5.94066e-27     -2.6e-35 -2.66538e-26  9.14915e-35  1.10134e-25 -4.75737e-34 -4.19059e-25  1.89601e-33  1.46763e-24 -7.26938e-33 -4.72691e-24  2.60751e-32  1.39831e-23 -8.72777e-32 -3.79265e-23  2.72882e-31  9.41077e-23  -7.9667e-31 -2.13013e-22   2.1713e-30  4.38253e-22 -5.52236e-30 -8.15845e-22  1.30995e-29  1.36632e-21 -2.89605e-29 -2.04324e-21  5.96228e-29  2.70149e-21 -1.14195e-28 -3.11472e-21  2.03252e-28  3.06816e-21  -3.3578e-28 -2.49654e-21  5.14234e-28  1.57028e-21  -7.2912e-28 -6.33333e-22  9.55955e-28  3.64308e-24 -1.15773e-27  2.16426e-22  1.29402e-27 -1.59418e-22 -1.33426e-27  3.81875e-23  1.26907e-27  2.19369e-23  -1.1139e-27 -1.98807e-23  9.02747e-28  3.12977e-24 -6.75629e-28  2.92611e-24  4.66386e-28 -1.35477e-24 -2.95815e-28 -1.65303e-25  1.71086e-28   2.1156e-25 -8.91205e-29 -5.87044e-27  4.10866e-29 -2.03968e-26 -1.63754e-29  1.39982e-27  5.46741e-30  1.32604e-27 -1.46112e-30 -6.57071e-29  2.88927e-31 -5.39392e-29 -3.47225e-32  1.27994e-31  1.56518e-34  1.05542e-30  7.96164e-34  3.75509e-32 -1.39691e-34 -5.48285e-33  9.95482e-36 -1.98313e-34 -2.06392e-37
 2.24185e-37  1.25065e-35 -1.19726e-36 -2.86554e-34 -3.01019e-35  4.01705e-34  1.35608e-34  1.19856e-34 -1.23275e-35  5.14983e-35  3.91715e-35  3.12163e-33 -5.78951e-35  -6.0057e-33 -1.59319e-34  6.12883e-33  1.25528e-34 -1.56534e-32 -5.60136e-35  2.73729e-32  -5.9069e-35  -1.5013e-32  3.38698e-35  6.39953e-33 -3.16254e-35 -5.36122e-33 -1.00067e-34  1.72571e-32  1.16109e-34 -1.61475e-31  4.16039e-35  1.30108e-30 -2.00556e-34 -9.36378e-30  1.63532e-34  6.14231e-29  1.86189e-35 -3.69374e-28  9.03232e-35  2.04055e-27  8.45977e-35  -1.0368e-26  5.14059e-35  4.84913e-26 -1.26991e-34 -2.08854e-25  5.49423e-34  8.28454e-25  -2.4146e-33 -3.02562e-24  9.53671e-33   1.0167e-23 -3.53684e-32 -3.14014e-23   1.2254e-31  8.90084e-23 -3.96349e-31  -2.3109e-22  1.19703e-30  5.48145e-22 -3.37482e-30 -1.18407e-21  8.87896e-30  2.31992e-21 -2.17876e-29 -4.10163e-21  4.98299e-29    6.501e-21 -1.06129e-28 -9.15831e-21  2.10278e-28  1.13343e-20 -3.87133e-28 -1.21189e-20  6.61397e-28  1.09072e-20 -1.04706e-27 -7.88852e-21  1.53363e-27  4.12383e-21 -2.07505e-27  -1.0003e-21  2.58961e-27 -6.11364e-22 -2.97682e-27  8.12698e-22  3.14879e-27 -3.68686e-22 -3.06343e-27  -1.0609e-23   2.7421e-27  1.01446e-22 -2.26102e-27 -4.22031e-23  1.72089e-27 -5.97968e-24 -1.21162e-27  9.84032e-24  7.89853e-28 -1.39949e-24 -4.75646e-28 -1.18207e-24  2.62614e-28  3.45262e-25 -1.31111e-28  9.39843e-26  5.79988e-29  -3.7086e-26  -2.2132e-29   -5.861e-27  7.03617e-30  2.23186e-27 -1.77532e-30  3.02127e-28  3.27879e-31 -6.78105e-29 -3.64961e-32 -9.71121e-30  3.24007e-34  6.89634e-31  5.95223e-34  1.11546e-31 -8.47478e-35  7.82376e-35  4.13315e-36 -1.17621e-34
-1.43054e-35 -1.57512e-37   1.7164e-35  2.27638e-36 -3.74178e-34 -4.67337e-35   4.1748e-34  1.43908e-34 -2.31742e-34 -1.19316e-35  9.39982e-34   3.6791e-35   2.3322e-33 -1.31252e-35 -5.37443e-33 -1.48976e-34  6.34124e-33   1.1345e-34  -1.5485e-32  -5.9069e-35  2.73089e-32  -4.9785e-35 -1.44299e-32 -1.87472e-35  8.14786e-33  3.21983e-36 -2.62762e-32 -1.67199e-34  2.08201e-31  1.07111e-34 -1.73753e-30  1.95588e-35  1.30612e-29 -2.18245e-34 -8.95568e-29  1.94754e-34  5.62398e-28   2.4927e-35 -3.24184e-27   9.7392e-35  1.71782e-26  8.04535e-35 -8.37601e-26   1.7168e-34  3.76048e-25 -6.62149e-34 -1.55492e-24  2.89622e-33  5.92091e-24 -1.19973e-32 -2.07528e-23  4.60285e-32  6.68967e-23 -1.65035e-31  -1.9807e-22  5.52555e-31  5.37738e-22 -1.72719e-30 -1.33562e-21  5.04015e-30  3.02629e-21  -1.3726e-29 -6.23283e-21   3.4869e-29  1.16153e-20 -8.25735e-29 -1.94728e-20  1.82131e-28  2.91491e-20 -3.73787e-28 -3.85726e-20  7.12919e-28   4.4499e-20 -1.26191e-27 -4.38374e-20  2.06971e-27  3.56349e-20 -3.14001e-27 -2.23313e-20  4.39833e-27  8.87957e-21  -5.6772e-27    1.302e-22  6.73949e-27  -3.2215e-21 -7.34498e-27   2.3241e-21  7.33857e-27  -5.3257e-22 -6.71709e-27 -3.39684e-22  5.63481e-27  2.95935e-22 -4.34079e-27 -4.33402e-23  3.08233e-27 -4.53566e-23 -2.02756e-27  2.02626e-23   1.2409e-27  2.79333e-24 -7.06914e-28 -3.25952e-24  3.72267e-28   5.9401e-26 -1.78336e-28  3.21452e-25  7.58359e-29  -1.9492e-26 -2.77361e-29 -2.12702e-26  8.38882e-30  9.11319e-28 -1.99057e-30  8.75587e-28  3.40343e-31  2.37233e-30 -3.43676e-32 -1.72382e-29  2.97413e-34 -6.75495e-31  4.02533e-34  8.91164e-32 -4.33242e-35   3.4247e-33  1.16478e-36
-1.05989e-36 -2.85457e-35 -1.47148e-36  -4.4769e-36   7.0439e-36  -4.2438e-34 -5.90091e-35  4.11755e-34  1.36021e-34 -7.48577e-34 -5.80719e-36  1.95311e-33  3.95857e-35  1.55264e-33  1.43999e-35 -4.84164e-33 -1.24223e-34  6.49372e-33  8.04521e-35  -1.5013e-32  -4.9785e-35  2.75248e-32 -2.89569e-35 -1.58412e-32 -7.10191e-35  3.22437e-32  4.61778e-35 -2.57801e-31 -2.39276e-34  2.19753e-30  9.16499e-35 -1.72917e-29 -9.62763e-36  1.23969e-28   -2.279e-34  -8.1328e-28  2.16951e-34  4.89337e-27  3.22423e-35 -2.70482e-26  1.25444e-34  1.37517e-25  -2.1312e-35 -6.43601e-25  7.78826e-34  2.77403e-24 -3.37937e-33 -1.10122e-23  1.43968e-32  4.02513e-23 -5.73534e-32 -1.35377e-22   2.1291e-31  4.18514e-22 -7.38021e-31 -1.18748e-21   2.3886e-30  3.08627e-21 -7.21726e-30 -7.32871e-21  2.03546e-29  1.58492e-20 -5.35591e-29 -3.10895e-20  1.31409e-28  5.50316e-20 -3.00399e-28  -8.7326e-20   6.3918e-28  1.23156e-19 -1.26441e-27 -1.52559e-19  2.32212e-27  1.63218e-19 -3.95293e-27 -1.46888e-19  6.22587e-27  1.06062e-19 -9.05408e-27 -5.50965e-20  1.21306e-26   1.2848e-20 -1.49376e-26  8.81051e-21  1.68642e-26 -1.12707e-20  -1.7414e-26  5.01481e-21  1.64125e-26  2.30827e-22    -1.41e-26 -1.44218e-21  1.10422e-26    5.841e-22 -7.90136e-27  9.36861e-23   5.1943e-27 -1.41234e-22 -3.16439e-27  1.87745e-23  1.80388e-27  1.74897e-23  -9.6752e-28 -4.91526e-24  4.85683e-28 -1.43457e-24 -2.23825e-28  5.41263e-25  9.18062e-29  9.17967e-26 -3.22502e-29 -3.31038e-26  9.27475e-30 -4.78071e-27 -2.06098e-30  1.01359e-27  3.23038e-31  1.53883e-28 -2.89421e-32 -1.01595e-29  1.59899e-34 -1.76786e-30  2.41417e-34 -4.31739e-33 -1.75753e-35  1.85595e-33
 2.61188e-37 -1.74221e-36 -2.28666e-35 -3.92347e-36  -7.1265e-35  1.25919e-35 -4.18845e-34 -6.41011e-35  3.87223e-34  1.14074e-34   -1.346e-33  3.29674e-36  2.88234e-33  4.84455e-35  9.65036e-34  2.46848e-35 -4.43591e-33 -9.37873e-35   6.4742e-33  3.38698e-35 -1.44299e-32 -2.89569e-35  3.02308e-32  2.34512e-36 -4.15583e-32 -1.18262e-34  2.96812e-31  9.97056e-35 -2.64404e-30  -3.0614e-34  2.17307e-29  7.17548e-35 -1.63038e-28 -4.22005e-35  1.11793e-27  -2.2892e-34 -7.02377e-27  2.31138e-34   4.0511e-26  2.55695e-35 -2.14801e-25  2.58233e-34  1.04808e-24 -6.37624e-34 -4.70898e-24  3.79889e-33  1.94868e-23 -1.65666e-32 -7.42667e-23  6.82842e-32  2.60546e-22 -2.62686e-31 -8.40699e-22  9.42975e-31  2.49179e-21 -3.16055e-30 -6.77244e-21  9.89063e-30  1.68409e-20 -2.88945e-29 -3.82056e-20   7.8776e-29  7.87873e-20 -2.00325e-28 -1.47018e-19  4.74821e-28  2.46799e-19 -1.04805e-27 -3.69917e-19   2.1518e-27  4.90099e-19 -4.10401e-27 -5.65971e-19  7.25964e-27  5.57882e-19 -1.18886e-26 -4.53336e-19  1.79868e-26  2.83303e-19 -2.50821e-26 -1.11236e-19  3.21532e-26 -3.78209e-21 -3.77822e-26  4.26348e-20  4.05713e-26 -3.02339e-20 -3.96873e-26  6.65382e-21  3.52598e-26  4.65856e-21 -2.83835e-26 -3.93182e-21  2.06825e-26  5.38908e-22 -1.36678e-26  6.24884e-22  8.24549e-27 -2.71257e-22 -4.59986e-27 -4.12032e-23  2.41547e-27   4.4871e-23 -1.21162e-27 -4.59989e-25  5.79778e-28 -4.52225e-24 -2.58299e-28  2.45085e-25  1.02787e-28   3.0454e-25 -3.48051e-29 -1.14133e-26  9.51552e-30 -1.27027e-26 -1.97036e-30 -8.71821e-29  2.79842e-31   2.5221e-28 -2.16688e-32   1.0659e-29  1.26399e-35 -1.30221e-30  1.24336e-34 -5.26922e-32  -4.8953e-36
 4.07979e-37   6.1357e-37 -1.75193e-36  3.39064e-35 -7.17365e-36 -1.89932e-34  1.86328e-35 -3.48526e-34 -6.20178e-35  3.45954e-34  8.30644e-35 -1.93136e-33  1.37833e-35  3.58662e-33  6.25983e-35  5.92058e-34  1.81846e-35 -4.10833e-33 -6.28157e-35  6.39953e-33 -1.87472e-35 -1.58412e-32  2.34512e-36  5.83329e-32  4.25272e-35 -3.27636e-31 -1.57051e-34  3.01201e-30   1.6233e-34 -2.59542e-29 -3.55832e-34  2.03832e-28  4.93704e-35 -1.46169e-27 -7.27903e-35  9.59396e-27 -2.23354e-34 -5.77595e-26  2.52405e-34  3.19475e-25 -7.66797e-35 -1.62541e-24  9.17537e-34  7.61299e-24  -3.7931e-33 -3.28404e-23  1.82552e-32  1.30484e-22 -7.76944e-32 -4.77397e-22  3.09559e-31  1.60727e-21 -1.15111e-30 -4.97428e-21  3.99601e-30  1.41303e-20 -1.29528e-29 -3.67701e-20  3.92016e-29  8.74287e-20  -1.1075e-28 -1.89334e-19  2.91942e-28   3.7192e-19 -7.17618e-28 -6.59298e-19  1.64353e-27  1.04774e-18 -3.50346e-27 -1.47975e-18  6.94235e-27   1.8355e-18 -1.27689e-26 -1.96585e-18   2.1761e-26  1.77008e-18 -3.42922e-26 -1.27702e-18   4.9853e-26  6.60022e-19 -6.66821e-26 -1.48344e-19   8.1817e-26 -1.12775e-19 -9.17763e-26  1.39881e-19  9.37679e-26 -6.12453e-20 -8.69102e-26  -3.7721e-21  7.27749e-26  1.83359e-20 -5.48409e-26 -7.26713e-21  3.70891e-26 -1.28651e-21 -2.25144e-26  1.81699e-21  1.23428e-26 -2.27928e-22 -6.21317e-27  -2.3129e-22  2.95655e-27   6.3094e-23 -1.37261e-27  1.95004e-23  6.26819e-28 -7.11677e-24 -2.72484e-28 -1.27704e-24  1.06238e-28  4.42579e-25 -3.48714e-29  6.73188e-26   9.0632e-30 -1.36851e-26 -1.73805e-30 -2.17939e-27  2.20467e-31  1.35868e-28 -1.42714e-32  2.51522e-29  -7.5604e-35  9.66032e-32  5.18237e-35 -2.64088e-32
