   0.0536219  1.91223e-14    0.0814569   1.4498e-14    0.0295625  3.29581e-16   -0.0172679 -5.13028e-15   -0.0180152 -2.23613e-15  -0.00196728  6.33082e-16    0.0043209  8.78989e-16   0.00249068  2.91816e-16  0.000470896  2.31851e-17 -1.44682e-05 -5.33759e-18 -9.29238e-06
 1.91223e-14     0.123936  2.90034e-14    0.0965479    1.129e-14   0.00530527 -5.56513e-15    -0.034033 -6.87723e-15   -0.0183092 -1.52202e-15   0.00162377  1.25735e-15   0.00592666  1.08009e-15   0.00301429  3.79659e-16  0.000763764  6.88394e-17  9.45588e-05  4.87732e-18
   0.0814569  2.90034e-14     0.129755   2.4187e-14    0.0591444  3.42977e-15   -0.0180901 -7.70459e-15   -0.0341484 -5.93641e-15   -0.0144157 -1.03965e-15   0.00203318  1.16205e-15   0.00545829  1.02558e-15    0.0029923   3.9146e-16  0.000801079    6.882e-17  7.75942e-05
  1.4498e-14    0.0965479   2.4187e-14    0.0919605  1.44935e-14    0.0300692  1.32123e-16   -0.0193314 -6.63289e-15   -0.0288332 -5.25286e-15   -0.0140964 -1.36124e-15  2.98136e-05  7.15616e-16   0.00385308  7.36485e-16   0.00206192  2.44049e-16  0.000421226  2.58412e-17
   0.0295625    1.129e-14    0.0591444  1.44935e-14    0.0564979   9.8696e-15    0.0230479  5.48252e-16   -0.0148521 -5.74103e-15   -0.0270496 -5.29894e-15   -0.0157729 -1.96842e-15   -0.0030965 -2.06907e-17   0.00100523  2.28895e-16  0.000611305  6.02099e-17  7.47619e-05
 3.29581e-16   0.00530527  3.42977e-15    0.0300692   9.8696e-15    0.0475456  9.31304e-15    0.0241203   9.6594e-16   -0.0130091 -5.41424e-15   -0.0264101  -5.4494e-15   -0.0179197 -2.74299e-15   -0.0069303 -8.28853e-16  -0.00164531  -1.5206e-16 -0.000218924 -1.29168e-17
  -0.0172679 -5.56513e-15   -0.0180901  1.32123e-16    0.0230479  9.31304e-15    0.0458628  8.95159e-15    0.0230166  1.03921e-15   -0.0114307 -4.98637e-15   -0.0254518 -5.56959e-15   -0.0196454 -3.24995e-15  -0.00887485 -1.12461e-15  -0.00228142 -1.98248e-16  -0.00022431
-5.13028e-15    -0.034033 -7.70459e-15   -0.0193314  5.48252e-16    0.0241203  8.95159e-15    0.0429376  8.42745e-15    0.0226916  1.40656e-15  -0.00884684 -4.37072e-15   -0.0230908   -5.083e-15   -0.0175723 -2.76894e-15  -0.00698837 -7.80095e-16  -0.00130551 -8.00254e-17
  -0.0180152 -6.87723e-15   -0.0341484 -6.63289e-15   -0.0148521   9.6594e-16    0.0230166  8.42745e-15    0.0410642  8.32869e-15     0.023894  2.06786e-15  -0.00430851 -2.95355e-15   -0.0157215 -3.29391e-15   -0.0104706 -1.46453e-15  -0.00317828 -2.83572e-16 -0.000330279
-2.23613e-15   -0.0183092 -5.93641e-15   -0.0288332 -5.74103e-15   -0.0130091  1.03921e-15    0.0226916  8.32869e-15    0.0409973  8.58926e-15    0.0273617  3.61065e-15   0.00560743 -1.85451e-16  -0.00345235 -8.21433e-16  -0.00250676 -3.00301e-16 -0.000536093 -3.12922e-17
 -0.00196728 -1.52202e-15   -0.0144157 -5.25286e-15   -0.0270496 -5.41424e-15   -0.0114307  1.40656e-15     0.023894  8.58926e-15     0.043308  9.76756e-15    0.0362079  6.41071e-15    0.0193427   2.8288e-15   0.00712625  8.67476e-16   0.00170445  1.55673e-16  0.000174583
 6.33082e-16   0.00162377 -1.03965e-15   -0.0140964 -5.29894e-15   -0.0264101 -4.98637e-15  -0.00884684  2.06786e-15    0.0273617  9.76756e-15    0.0509772  1.21276e-14    0.0478023  8.97116e-15    0.0283374  4.23187e-15    0.0103912  1.16652e-15   0.00193417  1.23756e-16
   0.0043209  1.25735e-15   0.00203318 -1.36124e-15   -0.0157729  -5.4494e-15   -0.0254518 -4.37072e-15  -0.00430851  3.61065e-15    0.0362079  1.21276e-14    0.0609822  1.39555e-14    0.0523847  9.20575e-15    0.0266877  3.56997e-15   0.00752181  6.83557e-16  0.000788215
 8.78989e-16   0.00592666  1.16205e-15  2.98136e-05 -1.96842e-15   -0.0179197 -5.56959e-15   -0.0230908 -2.95355e-15   0.00560743  6.41071e-15    0.0478023  1.39555e-14    0.0631707   1.3068e-14    0.0442129  6.92169e-15    0.0175339    1.994e-15    0.0033501  2.12132e-16
  0.00249068  1.08009e-15   0.00545829  7.15616e-16   -0.0030965 -2.74299e-15   -0.0196454   -5.083e-15   -0.0157215 -1.85451e-16    0.0193427  8.97116e-15    0.0523847   1.3068e-14    0.0519288  9.46856e-15    0.0281488  3.81964e-15    0.0081346  7.39445e-16   0.00085659
 2.91816e-16   0.00301429  1.02558e-15   0.00385308 -2.06907e-17   -0.0069303 -3.24995e-15   -0.0175723 -3.29391e-15  -0.00345235   2.8288e-15    0.0283374  9.20575e-15    0.0442129  9.46856e-15    0.0328019  5.20794e-15    0.0133277  1.52122e-15   0.00256747  1.62148e-16
 0.000470896  3.79659e-16    0.0029923  7.36485e-16   0.00100523 -8.28853e-16  -0.00887485 -2.76894e-15   -0.0104706 -8.21433e-16   0.00712625  4.23187e-15    0.0266877  6.92169e-15    0.0281488  5.20794e-15    0.0156288  2.13282e-15   0.00455954  4.14777e-16  0.000481204
 2.31851e-17  0.000763764   3.9146e-16   0.00206192  2.28895e-16  -0.00164531 -1.12461e-15  -0.00698837 -1.46453e-15  -0.00250676  8.67476e-16    0.0103912  3.56997e-15    0.0175339  3.81964e-15    0.0133277  2.13282e-15   0.00546864   6.2656e-16   0.00105719  6.68718e-17
-1.44682e-05  6.88394e-17  0.000801079  2.44049e-16  0.000611305  -1.5206e-16  -0.00228142 -7.80095e-16  -0.00317828 -3.00301e-16   0.00170445  1.16652e-15   0.00752181    1.994e-15    0.0081346  1.52122e-15   0.00455954   6.2656e-16   0.00133536  1.22084e-16  0.000141096
-5.33759e-18  9.45588e-05    6.882e-17  0.000421226  6.02099e-17 -0.000218924 -1.98248e-16  -0.00130551 -2.83572e-16 -0.000536093  1.55673e-16   0.00193417  6.83557e-16    0.0033501  7.39445e-16   0.00256747  4.14777e-16   0.00105719  1.22084e-16  0.000204673  1.30399e-17
-9.29238e-06  4.87732e-18  7.75942e-05  2.58412e-17  7.47619e-05 -1.29168e-17  -0.00022431 -8.00254e-17 -0.000330279 -3.12922e-17  0.000174583  1.23756e-16  0.000788215  2.12132e-16   0.00085659  1.62148e-16  0.000481204  6.68718e-17  0.000141096  1.30399e-17   1.4918e-05
