  4.1247e-05 -8.28027e-21 -0.000331407  5.12389e-20  0.000747847 -1.75581e-19 -0.000556102  5.60219e-19  -3.5332e-05 -1.02059e-18  9.60476e-05  9.04445e-19   2.5033e-05 -3.13615e-19 -1.40967e-06 -1.63381e-20 -1.44813e-06  2.02867e-20 -2.07419e-07 -1.04708e-22 -7.77497e-09
-8.28027e-21  0.000520747  1.56539e-21  -0.00219072 -2.40629e-19   0.00323128   5.3132e-19  -0.00126092  2.61623e-19  -0.00058279 -1.64962e-18  0.000124555  1.61632e-18  9.53964e-05 -5.36269e-19  1.59225e-05 -2.74296e-20  1.20925e-07  2.47685e-20 -1.68036e-07  -2.1332e-22
-0.000331407  1.56539e-21   0.00303651  2.44745e-19  -0.00813468 -2.02257e-18   0.00791274  3.69178e-18 -0.000720487 -1.82819e-18   -0.0016669 -1.35618e-18 -0.000220089  1.82631e-18  0.000102305 -6.61885e-19  3.61683e-05 -1.31433e-20  3.92037e-06   1.5774e-20  1.00243e-07
 5.12389e-20  -0.00219072  2.44745e-19    0.0108982   1.2193e-18   -0.0201908 -6.47204e-18    0.0123311  9.38999e-18   0.00275029 -4.83138e-18  -0.00218791 -1.84545e-19 -0.000890682    1.414e-18 -6.21367e-05 -6.71162e-19  2.08497e-05  1.93915e-21  3.51533e-06  4.61269e-21
 0.000747847 -2.40629e-19  -0.00813468   1.2193e-18    0.0271234  3.30847e-18   -0.0362103 -1.29514e-17    0.0115624  1.44786e-17   0.00847188 -6.22134e-18 -0.000730073  1.37226e-18  -0.00118911  6.90709e-19 -0.000259297  -5.6515e-19 -1.65253e-05  3.28425e-22  2.53502e-07
-1.75581e-19   0.00323128 -2.02257e-18   -0.0201908  3.30847e-18    0.0501773   6.2083e-18   -0.0491127 -1.87807e-17   0.00253176  1.46842e-17    0.0126868 -4.62448e-18   0.00246081  2.82173e-18 -0.000561545  1.40693e-19 -0.000247045 -3.75876e-19 -2.57782e-05 -4.23597e-21
-0.000556102   5.3132e-19   0.00791274 -6.47204e-18   -0.0362103   6.2083e-18    0.0726669  9.20665e-18   -0.0518793 -2.16378e-17   -0.0124168  8.64505e-18    0.0115176 -1.43548e-18   0.00507932  3.63248e-18  0.000515052 -3.18369e-20 -5.72653e-05 -1.80698e-19 -8.50438e-06
 5.60219e-19  -0.00126092  3.69178e-18    0.0123311 -1.29514e-17   -0.0491127  9.20665e-18    0.0865394  1.21775e-17   -0.0432022 -2.14487e-17    -0.027056 -8.14599e-19   0.00451567  8.01323e-19   0.00491933  3.36935e-18   0.00102436 -5.52548e-21  6.54835e-05  -5.3935e-20
 -3.5332e-05  2.61623e-19 -0.000720487  9.38999e-18    0.0115624 -1.87807e-17   -0.0518793  1.21775e-17    0.0896812  1.58437e-17    -0.027213 -1.93076e-17   -0.0355817 -8.98769e-18  -0.00474001  9.85526e-19   0.00219773  2.21123e-18  0.000683404  9.55608e-21  4.57578e-05
-1.02059e-18  -0.00058279 -1.82819e-18   0.00275029  1.44786e-17   0.00253176 -2.16378e-17   -0.0432022  1.58437e-17    0.0865757  2.09531e-17  -0.00858813 -1.53156e-17   -0.0350179 -1.22593e-17    -0.011094  1.10626e-19 -0.000680473  9.58093e-19  0.000137417 -3.07221e-21
 9.60476e-05 -1.64962e-18   -0.0016669 -4.83138e-18   0.00847188  1.46842e-17   -0.0124168 -2.14487e-17    -0.027213  2.09531e-17    0.0835547  2.75459e-17    0.0106191   -8.445e-18   -0.0254337 -9.82374e-18   -0.0113982 -3.12338e-19  -0.00169557  2.50045e-19 -6.24424e-05
 9.04445e-19  0.000124555 -1.35618e-18  -0.00218791 -6.22134e-18    0.0126868  8.64505e-18    -0.027056 -1.93076e-17  -0.00858813  2.75459e-17    0.0843943  3.48372e-17     0.029544  1.24012e-18   -0.0102577  -3.9976e-18  -0.00684775   3.4349e-20  -0.00106382  4.69451e-20
  2.5033e-05  1.61632e-18 -0.000220089 -1.84545e-19 -0.000730073 -4.62448e-18    0.0115176 -8.14599e-19   -0.0355817 -1.53156e-17    0.0106191  3.48372e-17    0.0886061  4.10354e-17    0.0451455  1.07273e-17   0.00397456  1.23685e-18  -0.00173579  3.95941e-19 -0.000255844
-3.13615e-19  9.53964e-05  1.82631e-18 -0.000890682  1.37226e-18   0.00246081 -1.43548e-18   0.00451567 -8.98769e-18   -0.0350179   -8.445e-18     0.029544  4.10354e-17    0.0913483  4.32033e-17    0.0517638  1.55457e-17    0.0110655  3.19489e-18  0.000694981  3.04522e-19
-1.40967e-06 -5.36269e-19  0.000102305    1.414e-18  -0.00118911  2.82173e-18   0.00507932  8.01323e-19  -0.00474001 -1.22593e-17   -0.0254337  1.24012e-18    0.0451455  4.32033e-17    0.0856274  3.86808e-17     0.045746  1.38521e-17   0.00999907  2.32865e-18  0.000669832
-1.63381e-20  1.59225e-05 -6.61885e-19 -6.21367e-05  6.90709e-19 -0.000561545  3.63248e-18   0.00491933  9.85526e-19    -0.011094 -9.82374e-18   -0.0102577  1.07273e-17    0.0517638  3.86808e-17    0.0679203    2.796e-17    0.0304911  8.32787e-18   0.00521209  8.35009e-19
-1.44813e-06 -2.74296e-20  3.61683e-05 -6.71162e-19 -0.000259297  1.40693e-19  0.000515052  3.36935e-18   0.00219773  1.10626e-19   -0.0113982  -3.9976e-18   0.00397456  1.55457e-17     0.045746    2.796e-17    0.0428629  1.54701e-17    0.0146617  3.27983e-18    0.0014879
 2.02867e-20  1.20925e-07 -1.31433e-20  2.08497e-05  -5.6515e-19 -0.000247045 -3.18369e-20   0.00102436  2.21123e-18 -0.000680473 -3.12338e-19  -0.00684775  1.23685e-18    0.0110655  1.38521e-17    0.0304911  1.54701e-17    0.0202725  6.15028e-18   0.00470459  7.32361e-19
-2.07419e-07  2.47685e-20  3.92037e-06  1.93915e-21 -1.65253e-05 -3.75876e-19 -5.72653e-05 -5.52548e-21  0.000683404  9.58093e-19  -0.00169557   3.4349e-20  -0.00173579  3.19489e-18   0.00999907  8.32787e-18    0.0146617  6.15028e-18   0.00667287  1.59611e-18    0.0008463
-1.04708e-22 -1.68036e-07   1.5774e-20  3.51533e-06  3.28425e-22 -2.57782e-05 -1.80698e-19  6.54835e-05  9.55608e-21  0.000137417  2.50045e-19  -0.00106382  3.95941e-19  0.000694981  2.32865e-18   0.00521209  3.27983e-18   0.00470459  1.59611e-18   0.00135331  2.20494e-19
-7.77497e-09  -2.1332e-22  1.00243e-07  4.61269e-21  2.53502e-07 -4.23597e-21 -8.50438e-06  -5.3935e-20  4.57578e-05 -3.07221e-21 -6.24424e-05  4.69451e-20 -0.000255844  3.04522e-19  0.000669832  8.35009e-19    0.0014879  7.32361e-19    0.0008463  2.20494e-19  0.000126712
