 0.000249186 -1.46668e-19  -0.00117825  1.22536e-18   0.00142133 -1.30278e-18 -0.000249424 -3.14408e-18 -0.000346933  7.59492e-18 -3.78999e-05 -4.26023e-18  6.88977e-05 -2.09004e-18  4.55668e-05  2.44586e-18  1.07035e-05 -7.49206e-19 -3.70108e-06  1.52792e-18 -4.93005e-06 -1.19774e-18  -2.6682e-06 -2.74777e-19 -8.94165e-07  3.63975e-19 -1.20998e-07  3.41615e-20  8.05639e-08 -1.92997e-20  8.05132e-08  1.68128e-21  4.47083e-08 -1.26757e-20  1.91755e-08 -7.94407e-21   6.8204e-09  1.84947e-21  2.02739e-09  2.77521e-21  4.78801e-10   6.0354e-22  6.94748e-11 -3.60584e-22 -9.00063e-12 -1.99137e-22 -1.25225e-11  2.00291e-23 -6.49913e-12  3.80991e-23 -2.59221e-12  6.28928e-24 -8.94024e-13   -4.024e-24 -2.78365e-13 -2.37266e-24 -7.98983e-14 -3.70414e-25 -2.13897e-14   1.8012e-25   -5.379e-15   1.4322e-25 -1.27631e-15  5.87037e-26 -2.86522e-16  1.87566e-26  -6.0949e-17   2.0371e-27  -1.2293e-17 -3.39704e-27 -2.35067e-18 -2.85428e-27 -4.25879e-19 -1.07262e-27 -7.30198e-20 -1.38241e-28 -1.18297e-20  6.06501e-29 -1.80736e-21  3.54753e-29  -2.5981e-22  6.52419e-30  -3.5048e-23 -9.03022e-31 -4.42349e-24 -8.22106e-31  -5.2057e-25 -1.99551e-31 -5.68993e-26 -7.67027e-33 -5.75014e-27  1.08457e-32 -5.34383e-28  4.63355e-33 -4.53704e-29  1.32431e-33 -3.48986e-30  3.70088e-34 -2.40488e-31  1.12998e-34 -1.46079e-32  3.38207e-35  -7.6187e-34  8.79302e-36 -3.24031e-35  1.87331e-36 -9.70332e-37  3.17404e-37 -4.30857e-39  4.13566e-38  2.20584e-39  3.85733e-39  2.42427e-40  2.00526e-40  1.98128e-41  -5.4149e-42  1.31172e-42 -2.22908e-42  6.12818e-44 -2.26435e-43  1.46677e-45 -1.27709e-44 -9.04035e-48  -3.9072e-46 -1.11761e-48 -4.33918e-48
-1.46668e-19   0.00192276 -1.00783e-18  -0.00492458  5.75553e-18   0.00379863 -4.53626e-18  0.000377011 -1.10544e-17 -0.000912832  2.21021e-17 -0.000393746  -8.9676e-18  5.48548e-05 -7.18516e-18   0.00012989  3.64943e-18  6.61179e-05  7.67842e-19  1.24527e-05  3.58778e-18 -6.69446e-06 -2.91213e-18 -7.57036e-06 -9.15236e-19 -4.10939e-06  7.04955e-19 -1.50165e-06  1.87781e-19 -3.22811e-07  3.15354e-20  3.41632e-08  3.61424e-21  7.99466e-08 -4.55684e-20  5.20286e-08  -2.6308e-20  2.47743e-08   3.5565e-21  9.85206e-09  7.77354e-21  3.42082e-09  1.90745e-21  1.05466e-09 -8.54931e-22  2.89152e-10  -4.8602e-22  6.94805e-11  5.93123e-23   1.3968e-11  9.88466e-23  1.99812e-12  1.66702e-23  8.23456e-15 -1.10204e-23  -1.3269e-13 -6.95276e-24 -6.47515e-14 -1.23957e-24 -2.24018e-14  5.15865e-25  -6.5388e-15  5.00533e-25 -1.69909e-15  2.50544e-25 -4.02266e-16  8.96194e-26  -8.7783e-17  1.04868e-26 -1.77621e-17 -1.30324e-26 -3.34168e-18 -1.01916e-26 -5.84927e-19  -3.5358e-27 -9.51617e-20  -4.2215e-28 -1.43522e-20   1.7125e-28 -1.99786e-21  8.96128e-29 -2.54929e-22  1.16661e-29 -2.94955e-23 -4.49513e-30 -3.03762e-24 -2.55575e-30 -2.68587e-25 -5.35039e-31 -1.86345e-26 -4.50646e-33 -6.78143e-28  3.48246e-32  6.33777e-29  1.45456e-32  1.77804e-29  4.47761e-33  2.50804e-30  1.35017e-33  2.71524e-31  4.10619e-34  2.45766e-32  1.14903e-34  1.91471e-33  2.73658e-35  1.29814e-34  5.32247e-36  7.69813e-36    8.217e-37  4.03426e-37  9.68873e-38  1.93908e-38  8.00555e-39  9.32638e-40  3.32193e-40  4.81785e-41 -1.72574e-41  2.40433e-42 -4.14933e-42  8.89781e-44 -3.42672e-43  1.55099e-45 -1.52887e-44 -1.61638e-47 -3.23044e-46 -6.61592e-49
 -0.00117825 -1.00783e-18    0.0071479 -3.92889e-18   -0.0120588  1.68829e-17   0.00566909 -1.08801e-17   0.00255603 -2.43612e-17  -0.00107784   4.2986e-17  -0.00108621 -1.13893e-17 -0.000234182 -1.62151e-17  0.000153781  1.44853e-18  0.000157437  5.64755e-18  6.83746e-05  6.39628e-18  1.08488e-05 -4.94847e-18 -7.70745e-06 -2.04934e-18 -8.09069e-06  8.23931e-19 -4.47176e-06  4.77118e-19 -1.77477e-06  2.18526e-19 -5.02095e-07  2.44916e-20 -6.46902e-08   -1.032e-19  3.36554e-08 -5.98829e-20  3.34402e-08  3.92059e-21  1.84061e-08  1.47457e-20  8.05746e-09  3.80001e-21  3.05983e-09 -1.44667e-21  1.04496e-09 -7.96104e-22  3.27075e-10  1.46084e-22  9.49244e-11  1.87726e-22  2.57475e-11  2.89783e-23  6.56673e-12 -2.39147e-23    1.583e-12 -1.52866e-23  3.62505e-13 -3.04279e-24  7.92788e-14  1.10915e-24  1.66549e-14  1.31205e-24  3.38212e-15  7.39383e-25  6.67968e-16  2.69669e-25  1.28942e-16  2.97428e-26  2.43909e-17 -3.44221e-26  4.51824e-18 -2.48557e-26   8.1642e-19 -8.03518e-27   1.4299e-19 -9.28356e-28  2.40928e-20  3.02488e-28  3.87603e-21  1.37309e-28  5.91306e-22  3.64024e-30  8.50261e-23 -1.40883e-29  1.14646e-23 -5.76556e-30  1.44299e-24 -1.04499e-30  1.68835e-25  2.13956e-32  1.82908e-26   7.9823e-32  1.82738e-27  3.34542e-32  1.67657e-28  1.09486e-32  1.40611e-29  3.41402e-33   1.0725e-30  1.00663e-33   7.3967e-32  2.62263e-34  4.58282e-33  5.73363e-35    2.534e-34  1.01893e-35  1.24581e-35  1.43059e-36  5.50668e-37  1.51761e-37  2.31763e-38  1.09439e-38  1.04846e-39  3.31082e-40  5.30322e-41 -3.12884e-41  2.45787e-42 -5.04283e-42  7.66873e-44 -3.31267e-43  9.19346e-46 -1.10751e-44 -1.31896e-47 -1.31657e-46
 1.22536e-18  -0.00492458 -3.92889e-18    0.0171168 -1.05541e-17   -0.0206306  3.62158e-17   0.00466951 -2.14552e-17   0.00578622 -3.93533e-17 -4.36057e-05  6.63301e-17  -0.00169155 -8.65166e-18  -0.00085094 -2.92127e-17 -3.66881e-05 -5.10449e-18  0.000203715  1.35232e-17   0.00015111  9.89756e-18  5.94278e-05 -6.74917e-18  8.81007e-06  -3.6819e-18 -6.56868e-06  4.96814e-19 -6.85048e-06  8.60111e-19 -3.90149e-06  5.75812e-19 -1.66676e-06  8.64883e-20 -5.61705e-07 -1.76627e-19 -1.40673e-07 -1.05773e-19 -1.62792e-08  2.33599e-21  8.07828e-09  2.20503e-20  7.45275e-09  5.60727e-21  3.87263e-09 -2.06742e-21   1.6163e-09 -1.00146e-21  5.90173e-10   3.1237e-22  1.95335e-10  2.98665e-22  5.97097e-11  3.42609e-23  1.70487e-11  -4.7881e-23  4.58102e-12 -2.97777e-23   1.1644e-12 -6.57946e-24  2.80986e-13  2.05629e-24  6.45332e-14  2.91042e-24  1.41276e-14  1.72705e-24   2.9502e-15  6.12962e-25  5.87681e-16  5.88662e-26  1.11599e-16 -7.27927e-26  2.01788e-17 -4.82252e-26  3.46831e-18 -1.46697e-26  5.65507e-19 -1.75782e-27  8.72622e-20  3.28919e-28  1.27098e-20  1.12227e-28  1.74235e-21 -3.80608e-29  2.24125e-22 -3.35942e-29  2.69639e-23 -1.08487e-29  3.02337e-24 -1.72486e-30  3.14749e-25  8.21513e-32  3.02966e-26  1.52474e-31  2.68393e-27  6.48316e-32  2.17689e-28  2.20267e-32  1.60696e-29  6.86064e-33  1.07226e-30  1.92688e-33  6.41624e-32  4.65724e-34  3.41313e-33  9.34623e-35  1.60232e-34  1.51622e-35  6.67638e-36  1.92936e-36  2.62712e-37    1.827e-37  1.17596e-38  1.12607e-38  6.82928e-40  2.00385e-40  4.08602e-41 -3.97632e-41  1.83925e-42 -4.56185e-42  4.74543e-44    -2.31e-43  3.39189e-46 -5.27739e-45 -5.42664e-48
  0.00142133  5.75553e-18   -0.0120588 -1.05541e-17    0.0298592 -2.10838e-17   -0.0267102  6.04688e-17 -0.000122531 -3.76631e-17    0.0083756 -4.97664e-17   0.00230918  8.91947e-17  -0.00158811 -3.97195e-19  -0.00154783 -4.56499e-17 -0.000496207 -1.44956e-17  9.65553e-05  2.26615e-17  0.000201524  1.38921e-17  0.000125342 -7.84757e-18  4.68558e-05 -5.74386e-18  7.57542e-06 -3.67405e-19 -4.17548e-06   1.2569e-18 -4.72918e-06  1.07254e-18 -2.81416e-06  1.97883e-19 -1.28105e-06 -2.46719e-19 -4.83504e-07 -1.52272e-19 -1.53945e-07  4.60308e-22 -4.02712e-08  2.79434e-20  -7.6089e-09  6.55009e-21 -2.87776e-10 -2.64591e-21  6.14394e-10  -9.7383e-22  3.90582e-10  5.82197e-22  1.68179e-10  4.14309e-22  6.04576e-11  1.52295e-23   1.9304e-11 -9.25762e-23   5.6254e-12 -5.49067e-23  1.51769e-12  -1.3255e-23  3.82239e-13  3.45206e-24  9.03196e-14  5.65172e-24  2.00827e-14  3.36887e-24  4.20881e-15  1.13262e-24   8.3192e-16  8.57728e-26  1.55077e-16 -1.31628e-25  2.72427e-17 -7.96339e-26  4.50476e-18 -2.31279e-26  6.99984e-19  -3.1453e-27  1.01998e-19  2.33634e-29  1.39022e-20 -7.76617e-29   1.7671e-21 -1.35381e-28  2.08723e-22 -6.59695e-29  2.28118e-23 -1.79025e-29  2.29493e-24  -2.5313e-30  2.11133e-25  1.92767e-31  1.76117e-26  2.59501e-31  1.31624e-27  1.11277e-31   8.6566e-29  3.81547e-32  4.85774e-30  1.15631e-32  2.17973e-31  3.05698e-33  6.38095e-33  6.83228e-34  -3.3018e-35  1.25703e-34 -1.91577e-35  1.85732e-35  -1.3492e-36  2.13148e-36 -3.94825e-38  1.78309e-37  2.23096e-39  9.10813e-39  3.92163e-40  2.91525e-41  2.79609e-41 -3.83867e-41  1.13584e-42 -3.20682e-42  2.25551e-44  -1.1913e-43  7.08125e-47  -1.5174e-45
-1.30278e-18   0.00379863  1.68829e-17   -0.0206306 -2.10838e-17    0.0408479 -3.20964e-17   -0.0274395  8.05958e-17  -0.00723172 -6.11398e-17   0.00876183 -5.08364e-17   0.00519904  1.11698e-16  -0.00046068   1.0871e-17  -0.00190962 -6.41922e-17    -0.001093 -2.37928e-17 -0.000209863   3.1206e-17  0.000147562  1.81204e-17  0.000167737 -8.10327e-18  9.41387e-05 -8.12959e-18  3.49542e-05 -1.70412e-18  6.96384e-06  1.57757e-18 -1.66369e-06  1.61507e-18 -2.58742e-06  3.41009e-19 -1.65611e-06  -2.9286e-19 -7.99284e-07 -1.82793e-19  -3.2499e-07  2.01435e-21 -1.15934e-07  3.16839e-20 -3.69187e-08  6.35047e-21 -1.05495e-08 -2.98851e-21 -2.69118e-09 -5.85164e-22 -6.00635e-10  9.64888e-22   -1.109e-10  5.04275e-22 -1.38406e-11   -5.444e-23  4.83812e-13 -1.73081e-22  1.06339e-12 -9.74776e-23  4.53887e-13 -2.49275e-23  1.42528e-13  5.35268e-24  3.79544e-14  9.73157e-24  8.97621e-15  5.64918e-24  1.92296e-15  1.76436e-24  3.76541e-16  8.49634e-26  6.76188e-17 -2.11654e-25  1.11298e-17 -1.16759e-25  1.67199e-18 -3.31144e-26  2.27195e-19 -5.53753e-27  2.74494e-20 -8.99098e-28  2.84642e-21 -5.17758e-28  2.31339e-22 -3.01482e-28  9.68891e-24 -1.11264e-28  -1.1611e-24 -2.64564e-29 -3.77948e-25 -3.33731e-30 -6.35687e-26  3.79996e-31 -8.29056e-27  4.06552e-31 -9.12653e-28  1.72554e-31 -8.73707e-29  5.81294e-32 -7.35829e-30  1.68194e-32 -5.46801e-31  4.15106e-33 -3.57575e-32  8.55262e-34 -2.03995e-33  1.43948e-34 -9.94797e-35   1.9304e-35 -3.92335e-36  1.98491e-36 -1.01271e-37  1.44667e-37  8.21736e-40  5.82852e-39  2.89571e-40  -9.1178e-41  1.81642e-41 -2.92106e-41   5.9062e-43 -1.77048e-42  8.19309e-45 -4.41806e-44  3.47188e-48
-0.000249424 -4.53626e-18   0.00566909  3.62158e-17   -0.0267102 -3.20964e-17    0.0463468 -3.60998e-17   -0.0230687  8.53978e-17   -0.0140568 -9.30626e-17   0.00661095 -4.19843e-17   0.00751956  1.35239e-16   0.00147217  2.09454e-17  -0.00163028 -8.25241e-17  -0.00157313 -3.03042e-17 -0.000650074  3.82278e-17 -4.44671e-05  2.24234e-17  0.000140801 -7.69722e-18  0.000123534 -1.06921e-17  6.55637e-05 -3.33307e-18  2.50276e-05  1.73847e-18  6.31163e-06  2.07155e-18  1.54616e-07  4.73908e-19 -9.81814e-07 -3.02624e-19 -7.46665e-07 -1.83622e-19 -3.88129e-07  1.07288e-20 -1.67067e-07  3.38449e-20 -6.32939e-08  5.56008e-21 -2.17149e-08 -2.67916e-21 -6.85688e-09  3.11159e-22 -2.01401e-09  1.45791e-21 -5.54501e-10  5.28084e-22 -1.43986e-10 -2.08132e-22 -3.54523e-11 -3.08411e-22 -8.31823e-12 -1.65139e-22 -1.86863e-12 -4.31947e-23 -4.03665e-13  7.72472e-24 -8.41645e-14  1.49701e-23 -1.69814e-14  8.28912e-24   -3.319e-15  2.35853e-24 -6.27901e-16  2.23413e-26 -1.14691e-16 -3.10926e-25 -2.01476e-17 -1.57019e-25 -3.38768e-18 -4.48428e-26  -5.4244e-19  -9.5377e-27 -8.22952e-20 -2.67754e-27 -1.17729e-20 -1.24485e-27 -1.58099e-21 -5.31167e-28 -1.98461e-22 -1.65214e-28 -2.31933e-23 -3.52951e-29 -2.51331e-24  -3.9021e-30   -2.515e-25  6.81723e-31 -2.31387e-26  5.93324e-31 -1.94789e-27  2.43491e-31  -1.4923e-28  7.88328e-32 -1.03382e-29   2.1489e-32 -6.42594e-31  4.92101e-33 -3.54641e-32  9.31818e-34 -1.70954e-33  1.43043e-34 -6.95819e-35  1.73291e-35 -2.16199e-36  1.58299e-36 -2.82347e-38  9.86222e-38  2.35187e-39  2.85959e-39  2.27396e-40  -1.2816e-40   1.0385e-41 -1.77867e-41  2.49507e-43  -7.5799e-43  2.13265e-45 -1.04021e-44
-3.14408e-18  0.000377011 -1.08801e-17   0.00466951  6.04688e-17   -0.0274395 -3.60998e-17    0.0459088 -2.43125e-17   -0.0161266  6.78055e-17   -0.0187304 -1.32748e-16   0.00274263  -2.6026e-17   0.00853136  1.59005e-16   0.00364828  2.54724e-17 -0.000677945 -9.80504e-17  -0.00170378 -3.25892e-17  -0.00107599  4.39563e-17 -0.000342652  2.67931e-17  2.25181e-05 -6.93517e-18  0.000107268 -1.32037e-17  8.21304e-05 -5.01579e-18  4.25391e-05  1.67173e-18  1.69924e-05  2.30823e-18  5.20047e-06  5.43948e-19   1.0007e-06  -2.7782e-19 -8.81979e-08 -1.51164e-19 -2.07447e-07  2.76496e-20 -1.30401e-07  3.56611e-20 -6.09235e-08   5.3752e-21 -2.42385e-08 -1.12463e-21 -8.62098e-09  1.87315e-21 -2.80712e-09  2.05018e-21 -8.48369e-10  4.41363e-22 -2.40069e-10 -4.80444e-22 -6.39869e-11  -5.1612e-22 -1.61298e-11 -2.62847e-22 -3.85624e-12 -6.82572e-23 -8.75922e-13  1.04218e-23 -1.89207e-13  2.07028e-23 -3.88751e-14  1.07622e-23 -7.59426e-15   2.7168e-24 -1.40918e-15 -1.32877e-25 -2.48026e-16 -4.25664e-25 -4.13336e-17 -1.99007e-25 -6.50828e-18 -5.91314e-26 -9.65951e-19 -1.56591e-26 -1.34783e-19 -5.37463e-27 -1.76309e-20 -2.21425e-27 -2.15547e-21 -7.96883e-28 -2.45468e-22 -2.19308e-28 -2.59453e-23  -4.2573e-29  -2.5351e-24 -3.91253e-30  -2.2796e-25  1.12681e-30 -1.87688e-26  8.06606e-31 -1.40658e-27   3.1337e-31 -9.52731e-29  9.59162e-32 -5.78135e-30   2.4402e-32 -3.10582e-31  5.16039e-33 -1.44989e-32  8.95142e-34  -5.6611e-34  1.24856e-34 -1.63922e-35  1.35826e-35 -1.25487e-37  1.09017e-36  2.80395e-38  5.64911e-38  2.67775e-39  9.43792e-40   1.4546e-40 -1.05412e-40  4.84142e-42 -8.65929e-42  8.14487e-44 -2.40473e-43  3.37537e-46
-0.000346933 -1.10544e-17   0.00255603 -2.14552e-17 -0.000122531  8.05958e-17   -0.0230687 -2.43125e-17     0.041799  8.44129e-18  -0.00922456  2.92503e-17   -0.0208414 -1.75961e-16  -0.00166661 -6.31705e-18   0.00810357  1.78473e-16   0.00550041  2.11631e-17  0.000737044 -1.09201e-16  -0.00137814 -3.05876e-17  -0.00132883  4.92616e-17 -0.000661422  3.12508e-17 -0.000170085 -6.03415e-18  3.29987e-05 -1.53379e-17  6.90136e-05 -6.50821e-18  4.92166e-05  1.33598e-18  2.53585e-05  2.22745e-18  1.06004e-05  5.06171e-19  3.70001e-06  -2.3461e-19  1.05938e-06 -9.47949e-20   2.2351e-07  4.95567e-20  1.52768e-08  3.80313e-20 -1.61538e-08  7.12078e-21 -1.16713e-08  2.26969e-21  -5.3963e-09  4.23058e-21 -2.05298e-09  2.72316e-21 -6.88789e-10  2.05864e-22 -2.09924e-10 -8.95508e-22 -5.90217e-11 -8.02658e-22 -1.54457e-11 -3.88107e-22 -3.78269e-12 -9.77956e-23 -8.69796e-13  1.32543e-23 -1.88136e-13  2.58968e-23 -3.83127e-14  1.24448e-23 -7.34638e-15  2.66461e-24  -1.3257e-15 -3.93863e-25 -2.24917e-16  -5.5103e-25 -3.58233e-17 -2.42872e-25 -5.34633e-18 -7.68778e-26 -7.45922e-19 -2.39678e-26 -9.70242e-20 -8.78118e-27 -1.17272e-20 -3.29409e-27 -1.31202e-21  -1.0533e-27 -1.35227e-22 -2.62701e-28 -1.27652e-23 -4.63073e-29  -1.0954e-24 -3.10933e-30 -8.45862e-26  1.70303e-30 -5.79207e-27  1.01675e-30 -3.43434e-28  3.68144e-31 -1.68419e-29  1.05303e-31 -6.05206e-31  2.48354e-32 -7.53972e-33  4.83042e-33  1.06551e-33  7.64858e-34    1.235e-34   9.6482e-35  9.09833e-36  9.35373e-36  5.81424e-37  6.50108e-37  3.46772e-38   2.6857e-38  1.81241e-39  6.36614e-41  7.18298e-41 -6.35949e-41  1.77695e-42 -3.30947e-42  1.92626e-44 -4.94427e-44
 7.59492e-18 -0.000912832 -2.43612e-17   0.00578622 -3.76631e-17  -0.00723172  8.53978e-17   -0.0161266  8.44129e-18    0.0367403  5.98435e-17  -0.00372328 -2.09756e-17   -0.0209646 -2.14111e-16   -0.0057348  1.54823e-17   0.00653297  1.87334e-16   0.00666968  6.48591e-18   0.00229902 -1.16206e-16 -0.000634052 -2.52452e-17  -0.00130201  5.48594e-17 -0.000897771  3.56595e-17  -0.00038605 -5.02905e-18  -8.7942e-05 -1.67173e-17  2.10472e-05 -7.60719e-18  3.73891e-05   7.2844e-19  2.59996e-05  1.79659e-18   1.3468e-05  3.38562e-19  5.82792e-06 -1.97886e-19  2.19603e-06  -3.3856e-20  7.33042e-07  6.97388e-20  2.17593e-07  4.10921e-20  5.69276e-08  1.18518e-20   1.2731e-08  7.95102e-21  2.21723e-09  7.46163e-21   1.8427e-10   3.4637e-21 -6.58077e-11 -1.90938e-22 -4.47446e-11 -1.44815e-21 -1.71663e-11 -1.15156e-21   -5.284e-12  -5.2695e-22 -1.41564e-12 -1.26435e-22 -3.40648e-13  1.61739e-23 -7.47122e-14  2.94937e-23 -1.50416e-14  1.28485e-23 -2.78782e-15    2.126e-24 -4.75645e-16 -7.46848e-25 -7.45083e-17 -6.81308e-25 -1.06557e-17  -2.8928e-25 -1.37736e-18 -9.81406e-26 -1.58007e-19  -3.3809e-26 -1.55033e-20 -1.24154e-26 -1.18256e-21 -4.29426e-27 -4.42872e-23 -1.24971e-27  5.88643e-24 -2.85496e-28  1.71615e-24  -4.5102e-29  2.68121e-25  -1.4403e-30  3.25543e-26  2.33611e-30  3.32943e-27  1.18276e-30  2.95104e-28  3.95106e-31  2.29226e-29  1.04779e-31  1.56616e-30  2.27929e-32  9.41888e-32  4.06189e-33  4.99726e-33  5.84726e-34  2.36911e-34  6.63233e-35  1.04465e-35   5.6754e-36   4.6043e-37  3.34868e-37  2.09426e-38  1.02424e-38  8.81704e-40 -1.71815e-40  2.78381e-41 -2.96293e-41  5.02578e-43 -9.45935e-43   2.8632e-45
-3.78999e-05  2.21021e-17  -0.00107784 -3.93533e-17    0.0083756 -6.11398e-17   -0.0140568  6.78055e-17  -0.00922456  5.98435e-17    0.0323709  1.19644e-16  0.000209278 -7.03182e-17   -0.0199061 -2.35648e-16  -0.00904733  3.97182e-17   0.00425534  1.81126e-16   0.00703571 -1.80284e-17   0.00371194 -1.20628e-16  0.000388636 -1.79776e-17 -0.000968616  6.07548e-17 -0.000968448  3.96407e-17 -0.000559705  -3.8115e-18 -0.000223495 -1.70202e-17 -5.25602e-05 -8.18796e-18    6.499e-06 -1.06123e-19  1.61284e-05   1.0596e-18  1.15407e-05  4.96451e-20  6.07482e-06 -1.91783e-19  2.68965e-06  1.01466e-20  1.05209e-06  8.12493e-20  3.72616e-07  4.49295e-20  1.21243e-07  2.04486e-20  3.66004e-08  1.62652e-20  1.03259e-08  1.16431e-20  2.73912e-09  4.30537e-21  6.86961e-10 -7.02753e-22   1.6378e-10 -2.08154e-21  3.73263e-11 -1.51459e-21  8.17789e-12 -6.53122e-22  1.73147e-12 -1.46293e-22   3.5574e-13  1.94766e-23  7.10807e-14  3.08271e-23  1.38083e-14  1.18201e-23  2.60052e-15  1.16125e-24  4.72508e-16 -1.15222e-24  8.23365e-17 -8.09499e-25  1.36738e-17 -3.37592e-25   2.1513e-18 -1.21398e-25  3.18915e-19 -4.38078e-26  4.43317e-20 -1.56359e-26   5.7535e-21 -5.02115e-27   6.9435e-22 -1.34566e-27  7.76184e-23 -2.82087e-28  8.00543e-24 -3.87666e-29  7.58657e-25  8.56253e-31   6.5766e-26  2.90071e-30  5.18912e-27  1.26584e-30  3.70601e-28  3.87811e-31  2.38102e-29  9.48268e-32  1.36727e-30  1.89474e-32  6.97938e-32  3.08203e-33  3.16714e-33  4.01459e-34  1.30087e-34  4.06564e-35  5.12615e-36  3.03308e-36  2.11386e-37   1.4768e-37  9.06312e-39  2.84881e-39  3.39078e-40 -1.45433e-40  8.62692e-42 -1.06715e-41   1.0502e-43 -1.76517e-43
-4.26023e-18 -0.000393746   4.2986e-17 -4.36057e-05 -4.97664e-17   0.00876183 -9.30626e-17   -0.0187304  2.92503e-17  -0.00372328  1.19644e-16    0.0291302  1.72661e-16   0.00294832 -1.08016e-16   -0.0182796 -2.29835e-16   -0.0115271  6.75715e-17   0.00165815  1.59776e-16   0.00664624 -4.97762e-17   0.00476294 -1.23994e-16   0.00150692 -1.01437e-17 -0.000376259  6.62165e-17 -0.000833503  4.26871e-17 -0.000633178 -2.22165e-18 -0.000332229 -1.60826e-17 -0.000130859 -8.21748e-18 -3.57335e-05 -1.07207e-18 -2.57955e-06  1.29524e-19   4.5481e-06 -3.21463e-19   3.8871e-06   -2.289e-19  2.15181e-06  2.34313e-20  9.75757e-07  8.16253e-20  3.88246e-07  5.12705e-20  1.39818e-07  3.42304e-20  4.63663e-08   2.7718e-20  1.43133e-08  1.69734e-20  4.14371e-09  5.39273e-21  1.13094e-09  -1.1878e-21  2.92103e-10 -2.67284e-21  7.15884e-11 -1.81262e-21   1.6677e-11 -7.32367e-22  3.69633e-12 -1.48787e-22  7.79638e-13  2.38334e-23  1.56423e-13  2.98878e-23   2.9824e-14  9.60218e-24  5.39581e-15 -5.33738e-26  9.24634e-16 -1.55588e-24  1.49752e-16 -9.26869e-25  2.28674e-17 -3.84458e-25  3.28378e-18 -1.43507e-25  4.42206e-19 -5.21995e-26  5.56765e-20   -1.783e-26  6.53318e-21 -5.33672e-27  7.12005e-22 -1.32351e-27  7.17977e-23 -2.53111e-28  6.67117e-24  -2.8491e-29  5.68513e-25  3.30275e-30  4.42028e-26  3.26349e-30  3.11704e-27  1.24478e-30  1.98012e-28  3.48587e-31  1.12485e-29  7.82745e-32  5.67405e-31  1.43126e-32  2.53352e-32  2.11632e-33  1.01415e-33  2.48049e-34  3.85533e-35  2.22322e-35  1.56959e-36  1.42262e-36  7.24497e-38  5.47111e-38  3.23431e-39  3.65277e-40  1.08976e-40 -7.32896e-41  2.13517e-42 -2.85487e-42  1.42299e-44
 6.88977e-05  -8.9676e-18  -0.00108621  6.63301e-17   0.00230918 -5.08364e-17   0.00661095 -1.32748e-16   -0.0208414 -2.09756e-17  0.000209278  1.72661e-16    0.0268384  2.03476e-16   0.00491675  -1.2803e-16    -0.016437 -1.91275e-16   -0.0132554  9.94442e-17 -0.000980967  1.27492e-16   0.00563343 -8.44477e-17   0.00533349 -1.26587e-16   0.00254157   -2.651e-18  0.000375478  7.02213e-17 -0.000503101  4.44237e-17 -0.000573844 -1.11794e-19 -0.000377572 -1.39362e-17 -0.000188697 -7.73024e-18 -7.59787e-05 -2.02469e-18  -2.4337e-05 -8.32077e-19 -5.43419e-06  -7.0945e-19 -1.46782e-07 -3.00892e-19  6.88135e-07  8.67561e-21  4.93705e-07  7.72523e-20  2.43271e-07  6.52876e-20  9.98903e-08  5.56878e-20  3.62902e-08   4.3269e-20  1.19857e-08  2.38873e-20  3.65219e-09  7.02827e-21  1.03587e-09 -1.39528e-21  2.75012e-10 -3.04249e-21  6.85894e-11 -1.95114e-21  1.61059e-11 -7.31714e-22   3.5651e-12 -1.27389e-22  7.44264e-13  3.00067e-23   1.4652e-13  2.72813e-23  2.71843e-14  6.72376e-24  4.74835e-15 -1.29237e-24  7.79767e-16 -1.90496e-24  1.20181e-16 -1.02303e-24  1.73485e-17 -4.23811e-25  2.33999e-18 -1.60486e-25   2.9411e-19 -5.73654e-26  3.43393e-20 -1.86002e-26  3.71106e-21 -5.19791e-27  3.69674e-22 -1.19283e-27  3.37769e-23 -2.05137e-28  2.81411e-24  -1.6464e-29  2.12248e-25  5.35255e-30  1.43602e-26  3.33617e-30  8.61231e-28  1.12464e-30  4.50549e-29  2.87331e-31  2.01123e-30  5.90574e-32  7.45384e-32  9.84608e-33   2.2795e-33   1.3173e-33   7.0218e-35  1.37998e-34  3.92767e-36  1.08258e-35  3.24529e-37  5.81074e-37  2.21522e-38  1.63552e-38  1.04125e-39 -1.50699e-40  2.99089e-41 -2.64349e-41  4.05148e-43 -4.97308e-43
-2.09004e-18  5.48548e-05 -1.13893e-17  -0.00169155  8.91947e-17   0.00519904 -4.19843e-17   0.00274263 -1.75961e-16   -0.0209646 -7.03182e-17   0.00294832  2.03476e-16    0.0251935  2.00981e-16   0.00641157 -1.29527e-16   -0.0145481 -1.22827e-16   -0.0143565  1.33681e-16  -0.00348572  9.04769e-17   0.00415563 -1.16896e-16   0.00538427 -1.27206e-16   0.00334479  4.18115e-18   0.00116183  7.20387e-17 -3.12157e-05  4.48536e-17 -0.000382716  2.63846e-18 -0.000339693 -1.07615e-17 -0.000205808 -6.77424e-18 -0.000100453 -2.77792e-18 -4.15892e-05 -1.64058e-18 -1.48455e-05 -1.02884e-18 -4.53711e-06 -3.73099e-19 -1.13742e-06 -1.04276e-20  -1.9829e-07  8.53471e-20   7.1525e-10  9.63229e-20  2.04783e-08  8.87134e-20  1.18205e-08  6.43699e-20   4.8468e-09  3.30381e-20  1.67088e-09  9.64498e-21  5.10896e-10 -1.00427e-21  1.41895e-10  -2.9962e-21   3.6246e-11  -1.8485e-21  8.57531e-12 -6.31087e-22  1.88653e-12 -8.03955e-23  3.86729e-13  3.83223e-23  7.39279e-14  2.39031e-23  1.31753e-14  3.78353e-24  2.18665e-15 -2.35828e-24  3.37294e-16 -2.16044e-24   4.8217e-17 -1.08701e-24  6.36222e-18 -4.48405e-25  7.70573e-19 -1.68798e-25  8.49876e-20 -5.83406e-26  8.43324e-21 -1.78726e-26  7.37917e-22 -4.66225e-27  5.47643e-23 -9.85572e-28  3.12479e-24 -1.48309e-28  8.55685e-26  -5.1143e-30 -8.62713e-27  6.59098e-30 -1.79077e-27  3.10941e-30 -1.96971e-28  9.34182e-31 -1.64537e-29  2.17461e-31 -1.12195e-30  4.07909e-32 -6.33621e-32  6.17659e-33 -2.90752e-33  7.43683e-34 -1.00011e-34  6.90598e-35 -1.74781e-36  4.67455e-36  6.52938e-38  2.03785e-37  7.21315e-39   3.5574e-39  3.12351e-40 -1.27307e-40  6.87938e-42 -6.86283e-42   5.1299e-44
 4.55668e-05 -7.18516e-18 -0.000234182 -8.65166e-18  -0.00158811  1.11698e-16   0.00751956  -2.6026e-17  -0.00166661 -2.14111e-16   -0.0199061 -1.08016e-16   0.00491675  2.00981e-16    0.0239694  1.61655e-16   0.00760999 -1.15792e-16   -0.0126855 -3.53644e-17   -0.0149476  1.66085e-16  -0.00575225  5.41419e-17   0.00236703 -1.42422e-16   0.00493381 -1.23991e-16   0.00381257  1.04524e-17   0.00185681  7.15946e-17  0.000498651  4.44229e-17 -9.34191e-05  6.12197e-18  -0.00022161 -6.79438e-18 -0.000173951 -5.35682e-18 -0.000100246 -3.12168e-18 -4.81696e-05 -2.11328e-18 -2.02371e-05 -1.18139e-18 -7.60905e-06 -3.85721e-19 -2.59398e-06  9.02763e-21  -8.0781e-07  1.32027e-19 -2.30727e-07  1.56578e-19  -6.0528e-08  1.37838e-19  -1.4573e-08  9.25416e-20 -3.21084e-09  4.50751e-20 -6.44108e-10  1.36729e-20 -1.16817e-10   2.7743e-22 -1.90183e-11  -2.3916e-21 -2.78432e-12 -1.46764e-21 -3.83199e-13 -4.32598e-22 -5.83222e-14 -1.25218e-23 -1.22431e-14  4.81865e-23 -3.30764e-15  2.05255e-23 -9.10563e-16  1.24213e-24 -2.28757e-16 -3.13277e-24 -5.12696e-17 -2.30211e-24 -1.02765e-17 -1.10922e-24 -1.85441e-18 -4.52234e-25 -3.02985e-19 -1.66533e-25 -4.49987e-20 -5.50816e-26 -6.08876e-21 -1.58908e-26 -7.51253e-22 -3.86084e-27  -8.4495e-23 -7.44575e-28 -8.65095e-24  -9.3056e-29 -8.04354e-25  3.66627e-30 -6.76857e-26  6.86684e-30 -5.13121e-27    2.651e-30  -3.4833e-28  7.14098e-31 -2.10028e-29  1.51273e-31 -1.11179e-30  2.58171e-32 -5.07058e-32  3.53494e-33 -1.92013e-33  3.80581e-34 -5.48241e-35  3.10084e-35 -7.52085e-37  1.77682e-36  3.00866e-38  5.97994e-38  2.53227e-39  3.43063e-40  8.42708e-41 -5.11138e-41  1.24118e-42 -1.14327e-42
 2.44586e-18   0.00012989 -1.62151e-17  -0.00085094 -3.97195e-19  -0.00046068  1.35239e-16   0.00853136 -6.31705e-18   -0.0057348 -2.35648e-16   -0.0182796  -1.2803e-16   0.00641157  1.61655e-16    0.0230321  9.08337e-17   0.00861619 -9.24006e-17   -0.0108752  5.54028e-17    -0.015124  1.90509e-16  -0.00772224   2.1341e-17  0.000406306 -1.58081e-16    0.0040402 -1.15717e-16   0.00388794  1.63163e-17   0.00235206  6.94399e-17  0.000991377  4.38505e-17  0.000236663  1.03811e-17 -4.82554e-05 -2.24373e-18 -9.96812e-05 -3.42362e-18 -7.46266e-05 -2.85197e-18 -4.17808e-05 -2.09232e-18 -1.97668e-05 -1.06669e-18 -8.28078e-06 -2.63103e-19 -3.14654e-06  1.20352e-19 -1.10051e-06  2.46139e-19 -3.57851e-07   2.5762e-19 -1.08988e-07  2.06463e-19 -3.12716e-08  1.28541e-19 -8.49309e-09  6.02538e-20 -2.19181e-09  1.93273e-20 -5.39128e-10   2.5837e-21 -1.26678e-10 -1.20403e-21 -2.84716e-11 -8.37165e-22 -6.12345e-12 -1.63059e-22 -1.25956e-12  6.56293e-23 -2.47447e-13  5.79901e-23 -4.63317e-14  1.75237e-23 -8.24666e-15 -6.82137e-25 -1.39125e-15 -3.58498e-24 -2.21768e-16 -2.32662e-24 -3.32937e-17 -1.08395e-24 -4.69214e-18 -4.32697e-25 -6.18719e-19 -1.53993e-25  -7.6079e-20 -4.84073e-26 -8.69296e-21 -1.31112e-26 -9.19609e-22 -2.95316e-27 -8.97115e-23 -5.10735e-28 -8.03543e-24 -4.72457e-29 -6.57598e-25  8.98757e-30 -4.88952e-26  6.30188e-30 -3.28139e-27  2.07355e-30 -1.97165e-28  5.02819e-31 -1.04963e-29  9.67901e-32 -4.87674e-31  1.49786e-32 -1.92715e-32  1.84508e-33 -6.11764e-34  1.76243e-34 -1.29289e-35  1.24356e-35  2.33526e-38  5.87426e-37  1.73598e-38  1.39275e-38  8.29492e-40 -1.23007e-40  1.90286e-41 -1.34601e-41  1.49978e-43
 1.07035e-05  3.64943e-18  0.000153781 -2.92127e-17  -0.00154783   1.0871e-17   0.00147217  1.59005e-16   0.00810357  1.54823e-17  -0.00904733 -2.29835e-16    -0.016437 -1.29527e-16   0.00760999  9.08337e-17    0.0223064  1.59265e-18   0.00949586 -6.51949e-17  -0.00912106  1.33527e-16   -0.0149576  2.00479e-16  -0.00936325 -7.78845e-18  -0.00160477 -1.63491e-16   0.00278848 -1.02758e-16   0.00356001  2.16365e-17   0.00257085  6.64035e-17   0.00135864  4.38141e-17  0.000540365  1.53613e-17  0.000140764  2.74083e-18 -2.04312e-06 -8.83231e-19 -3.10995e-05 -1.81012e-18  -2.4738e-05 -1.46569e-18 -1.38759e-05 -5.97301e-19 -6.49529e-06  6.94705e-20 -2.68422e-06  3.72931e-19 -1.00591e-06  4.50137e-19 -3.47111e-07  4.05598e-19 -1.11367e-07   2.9466e-19 -3.34405e-08  1.71444e-19 -9.44028e-09  7.80438e-20 -2.51339e-09  2.64078e-20 -6.32424e-10  5.78801e-21 -1.50582e-10  4.40461e-22 -3.39468e-11 -5.07991e-23 -7.24565e-12  1.32125e-22 -1.46348e-12  1.40278e-22 -2.79465e-13  6.55375e-23 -5.03901e-14  1.48604e-23 -8.56559e-15 -1.99164e-24 -1.37015e-15 -3.74637e-24 -2.05815e-16 -2.24257e-24 -2.89663e-17 -1.01151e-24 -3.80994e-18   -3.916e-25 -4.67032e-19 -1.33486e-25 -5.31927e-20 -3.96788e-26 -5.60992e-21 -1.00532e-26 -5.45772e-22 -2.08268e-27 -4.87691e-23 -3.13424e-28 -3.98306e-24 -1.47415e-29 -2.95623e-25  1.09854e-29 -1.98039e-26  5.19613e-30 -1.18751e-27  1.49159e-30 -6.30549e-29  3.26391e-31  -2.9198e-30   5.6982e-32 -1.14899e-31  7.96448e-33   -3.627e-33  8.77238e-34 -7.50019e-35    7.363e-35  4.17165e-37   4.4229e-36  1.36162e-37  1.65576e-37  7.45454e-39  2.23093e-39   2.2579e-40 -7.62121e-41  3.29314e-42 -2.19671e-42
-7.49206e-19  6.61179e-05  1.44853e-18 -3.66881e-05 -4.56499e-17  -0.00190962  2.09454e-17   0.00364828  1.78473e-16   0.00653297  3.97182e-17   -0.0115271 -1.91275e-16   -0.0145481 -1.15792e-16   0.00861619  1.59265e-18    0.0217483 -8.85167e-17    0.0102945 -3.85995e-17  -0.00741519  1.86986e-16   -0.0144996  1.91331e-16   -0.0106553 -3.47646e-17  -0.00355806 -1.60768e-16   0.00128295 -8.72201e-17   0.00286144  2.58639e-17   0.00247752  6.31755e-17   0.00153533  4.46665e-17  0.000756553  2.08761e-17  0.000302357  8.05207e-18  9.37867e-05  2.33764e-18  1.75816e-05  7.96074e-20 -2.78808e-06  -1.8465e-19 -4.90875e-06  2.82635e-19 -3.13015e-06  6.64786e-19 -1.51217e-06   7.9599e-19 -6.23835e-07  7.50742e-19  -2.2966e-07  5.96925e-19 -7.70871e-08  3.97523e-19 -2.38802e-08  2.18102e-19  -6.8786e-09  9.69398e-20 -1.85112e-09  3.42154e-20 -4.66838e-10  9.48501e-21 -1.10536e-10   2.2851e-21  -2.4597e-11  7.56661e-22 -5.14575e-12  4.01691e-22 -1.01185e-12  1.98404e-22 -1.86902e-13  6.88315e-23  -3.2396e-14  1.22844e-23 -5.26199e-15 -2.80883e-24 -7.99548e-16 -3.67507e-24 -1.13417e-16 -2.06643e-24 -1.49829e-17 -8.98993e-25 -1.83805e-18 -3.34652e-25 -2.08696e-19 -1.08525e-25 -2.18449e-20 -3.03744e-26 -2.09805e-21 -7.16355e-27 -1.83826e-22 -1.34761e-27 -1.45874e-23 -1.66638e-28 -1.03857e-24  4.45369e-30 -6.54808e-26  1.04977e-29  -3.5849e-27  3.89288e-30 -1.64708e-28  9.88631e-31 -5.88952e-30  1.95414e-31 -1.24264e-31  3.08627e-32   2.4045e-33  3.87779e-33  4.43884e-34  3.79085e-34  3.09098e-35  2.76196e-35  1.64193e-36  1.37998e-36  7.14515e-38  3.83787e-38   2.3513e-39   8.7689e-41  4.81304e-41 -2.18446e-41  3.73763e-43
-3.70108e-06  7.67842e-19  0.000157437 -5.10449e-18 -0.000496207 -6.41922e-17  -0.00163028  2.54724e-17   0.00550041  1.87334e-16   0.00425534  6.75715e-17   -0.0132554 -1.22827e-16   -0.0126855 -9.24006e-17   0.00949586 -8.85167e-17    0.0213314 -1.61891e-16    0.0110469 -1.47826e-17  -0.00574262  2.10139e-16    -0.013783  1.61981e-16   -0.0115822  -6.1315e-17  -0.00535445 -1.53645e-16 -0.000357227 -7.22277e-17   0.00186473  2.82012e-17   0.00208221  6.00571e-17   0.00149169  4.63296e-17  0.000844219  2.66238e-17  0.000401737  1.35887e-17  0.000164505  6.23909e-18  5.80873e-05  2.78686e-18  1.73075e-05   1.7248e-18   4.0235e-06  1.57907e-18  4.96222e-07  1.53405e-18 -1.50587e-07  1.38535e-18 -1.46928e-07  1.13272e-18 -7.28559e-08  8.16309e-19 -2.84697e-08  5.04958e-19 -9.61975e-09  2.63352e-19 -2.91297e-09  1.14621e-19 -8.04383e-10   4.1653e-20  -2.0449e-10  1.30774e-20  -4.8119e-11  4.01126e-21 -1.05126e-11  1.44779e-21 -2.13533e-12  6.02907e-22 -4.03353e-13  2.31363e-22  -7.0801e-14  6.68288e-23  -1.1529e-14  9.58486e-24 -1.73687e-15 -3.27041e-24 -2.41121e-16 -3.43003e-24 -3.06699e-17 -1.82041e-24 -3.54416e-18 -7.59256e-25 -3.67155e-19 -2.69789e-25 -3.33136e-20 -8.27917e-26 -2.52314e-21  -2.1725e-26  -1.3913e-22 -4.73576e-27 -1.90853e-24 -7.92125e-28  8.02546e-25 -7.05456e-29  1.39705e-25  1.29533e-29  1.54945e-26   8.6112e-30  1.35811e-27  2.66846e-30  9.94912e-29  6.04591e-31  6.21116e-30  1.07927e-31  3.32803e-31  1.53694e-32  1.53797e-32  1.72602e-33  6.20535e-34  1.48392e-34  2.25117e-35  9.23793e-36  7.61003e-37  3.71332e-37  2.34285e-38   6.7652e-39  5.63118e-40 -8.09792e-41  7.60449e-42 -3.59112e-42
 1.52792e-18  1.24527e-05  5.64755e-18  0.000203715 -1.44956e-17    -0.001093 -8.25241e-17 -0.000677945  2.11631e-17   0.00666968  1.81126e-16   0.00165815  9.94442e-17   -0.0143565 -3.53644e-17   -0.0108752 -6.51949e-17    0.0102945 -1.61891e-16    0.0210405  -2.0504e-16    0.0117822  6.17103e-18  -0.00408295  2.04107e-16   -0.0128245  1.15555e-16   -0.0121257 -8.82825e-17   -0.0068999 -1.46118e-16  -0.00200165 -6.07739e-17  0.000676555  2.79605e-17   0.00144013  5.69808e-17    0.0012389  4.84059e-17  0.000791486  3.22608e-17  0.000421331  1.92298e-17  0.000195518  1.07189e-17  8.09304e-05  6.17331e-18  3.02798e-05  4.15895e-18  1.03226e-05  3.23528e-18  3.22159e-06  2.63468e-18  9.22677e-07   2.0978e-18   2.4266e-07  1.55845e-18  5.85549e-08  1.03834e-18  1.29413e-08  6.03296e-19  2.61555e-09     3.01e-19  4.84291e-10  1.28454e-19  8.32904e-11  4.74938e-20  1.39142e-11  1.59398e-20  2.48321e-12  5.32935e-21  5.22991e-13  1.92021e-21  1.28143e-13  7.12142e-22  3.27595e-14  2.36829e-22  8.01418e-15  5.98052e-23  1.80686e-15  6.75223e-24  3.71286e-16 -3.46827e-24   6.9447e-17 -3.06182e-24  1.18411e-17 -1.53099e-24  1.84352e-18 -6.08226e-25  2.62359e-19 -2.05065e-25  3.41397e-20 -5.92783e-26  4.05973e-21 -1.45108e-26  4.40567e-22 -2.89304e-27  4.35355e-23 -4.14643e-28   3.9054e-24 -1.62754e-29  3.16776e-25   1.4406e-29  2.31176e-26  6.28407e-30  1.50867e-27  1.68109e-30  8.74098e-29  3.41428e-31  4.45929e-30  5.49716e-32  1.98677e-31  7.02899e-33  7.69211e-33  7.00593e-34  2.60408e-34  5.23631e-35  7.92785e-36  2.72705e-36  2.24806e-37  8.37501e-38  5.68913e-39  7.00506e-40  1.03509e-40  -2.9462e-41  7.81037e-43
-4.93005e-06  3.58778e-18  6.83746e-05  1.35232e-17  9.65553e-05 -2.37928e-17  -0.00157313 -9.80504e-17  0.000737044  6.48591e-18   0.00703571  1.59776e-16 -0.000980967  1.33681e-16   -0.0149476  5.54028e-17  -0.00912106 -3.85995e-17    0.0110469  -2.0504e-16    0.0208685 -2.11316e-16    0.0125275  2.53697e-17  -0.00241088  1.75375e-16    -0.011627  5.85994e-17   -0.0122631 -1.15221e-16  -0.00810392 -1.41181e-16  -0.00351381 -5.46838e-17 -0.000571489  2.49334e-17  0.000644136   5.3741e-17  0.000826572  5.04226e-17  0.000617255  3.75006e-17  0.000364253  2.48302e-17  0.000184371  1.55758e-17  8.30053e-05  1.00099e-17   3.3921e-05  6.94245e-18  1.27489e-05  5.12931e-18  4.44807e-06   3.8701e-18  1.45098e-06  2.85566e-18  4.45081e-07  1.97414e-18  1.28997e-07  1.23256e-18  3.54658e-08  6.78331e-19  9.27978e-09  3.25323e-19  2.31643e-09  1.36169e-19  5.52493e-10  5.07192e-20  1.25987e-10  1.75956e-20   2.7458e-11  6.05599e-21  5.71268e-12  2.12953e-21  1.13242e-12  7.28247e-22  2.13359e-13  2.18527e-22  3.81021e-14  4.91947e-23  6.43031e-15  3.98245e-24  1.02244e-15 -3.44619e-24  1.52697e-16 -2.61491e-24  2.13533e-17 -1.22669e-24  2.78731e-18 -4.61475e-25  3.38523e-19 -1.46894e-25  3.81247e-20 -3.98233e-26  3.96705e-21 -9.03501e-27  3.79888e-22 -1.62071e-27  3.33318e-23 -1.84869e-28  2.66635e-24  8.64036e-30  1.93355e-25  1.22127e-29  1.26271e-26  4.15124e-30  7.36925e-28   9.7613e-31  3.80956e-29  1.78111e-31  1.72757e-30   2.5802e-32   6.8104e-32   2.9467e-33  2.32593e-33  2.58402e-34  6.97739e-35  1.65424e-35  1.91614e-36  6.99695e-37  4.95341e-38  1.49906e-38  1.08227e-39 -3.79378e-41  1.42316e-41 -5.06252e-42
-1.19774e-18 -6.69446e-06  6.39628e-18   0.00015111  2.26615e-17 -0.000209863 -3.03042e-17  -0.00170378 -1.09201e-16   0.00229902 -1.80284e-17   0.00664624  1.27492e-16  -0.00348572  1.66085e-16    -0.015124  1.33527e-16  -0.00741519 -1.47826e-17    0.0117822 -2.11316e-16    0.0208155 -1.81649e-16    0.0133102    4.405e-17 -0.000696655  1.33352e-16   -0.0101824 -7.53119e-19   -0.0119683 -1.40625e-16  -0.00888212 -1.40064e-16  -0.00475988 -5.40901e-17  -0.00173683  1.95987e-17 -0.000189516  5.02717e-17  0.000332055  5.20716e-17  0.000365015   4.2183e-17  0.000251574  3.02289e-17   0.00013994  2.05357e-17   6.7558e-05  1.40047e-17  2.92472e-05  9.84328e-18   1.1564e-05   7.0846e-18  4.22436e-06  5.10329e-18  1.43704e-06  3.56129e-18  4.57789e-07  2.32129e-18  1.37123e-07  1.37046e-18   3.8732e-08  7.18806e-19  1.03373e-08  3.32529e-19  2.61015e-09  1.36469e-19  6.23886e-10  5.07984e-20  1.41173e-10  1.78384e-20   3.0229e-11  6.15029e-21  6.12033e-12  2.09158e-21  1.17033e-12  6.68691e-22   2.1106e-13  1.84186e-22  3.58386e-14  3.70364e-23   5.7191e-15   1.5641e-24  8.55931e-16 -3.22868e-24  1.19867e-16 -2.13212e-24  1.56686e-17 -9.34383e-25  1.90656e-18 -3.31228e-25  2.15306e-19  -9.9116e-26  2.24905e-20 -2.50783e-26  2.16501e-21 -5.22547e-27  1.91247e-22   -8.207e-28  1.54279e-23 -6.15198e-29  1.13024e-24  1.60517e-29  7.47069e-26  8.83881e-30  4.42143e-27  2.50631e-30  2.32224e-28  5.23329e-31   1.0715e-29  8.58141e-32  4.29845e-31  1.11457e-32  1.48926e-32  1.12936e-33  4.49577e-34  8.61773e-35  1.23851e-35  4.63323e-36  3.35046e-37  1.52263e-37  8.63357e-39  1.85632e-39  1.64451e-40 -3.27069e-41  1.30079e-42
 -2.6682e-06 -2.91213e-18  1.08488e-05  9.89756e-18  0.000201524   3.1206e-17 -0.000650074 -3.25892e-17  -0.00137814 -1.16206e-16   0.00371194 -4.97762e-17   0.00563343  9.04769e-17  -0.00575225  1.90509e-16   -0.0149576  1.86986e-16  -0.00574262  6.17103e-18    0.0125275 -1.81649e-16    0.0208881  -1.2342e-16    0.0141591    6.279e-17   0.00109234  8.76847e-17  -0.00847629 -5.49097e-17    -0.011217 -1.62507e-16  -0.00916364  -1.4216e-16  -0.00562186 -5.75396e-17  -0.00268443  1.30816e-17 -0.000940994  4.68125e-17 -0.000156544  5.33243e-17  9.06393e-05  4.62789e-17  0.000114686  3.52515e-17  7.81607e-05  2.52832e-17  4.20087e-05  1.78347e-17  1.94675e-05  1.25961e-17  8.06959e-06  8.89372e-18   3.0501e-06   6.1816e-18  1.06335e-06  4.11768e-18  3.44472e-07  2.55001e-18  1.04206e-07  1.43228e-18  2.95362e-08  7.19137e-19  7.86158e-09  3.21695e-19  1.96774e-09  1.29354e-19  4.63503e-10  4.78083e-20  1.02771e-10  1.67596e-20  2.14453e-11  5.70207e-21  4.20919e-12  1.86652e-21  7.76407e-13  5.61206e-22  1.34432e-13  1.42768e-22   2.1818e-14   2.5312e-23  3.31357e-15 -2.62522e-25  4.69996e-16 -2.85023e-24    6.212e-17   -1.655e-24  7.63123e-18 -6.75321e-25  8.68777e-19  -2.2468e-25  9.13505e-20  -6.2945e-26  8.83719e-21 -1.47756e-26  7.82982e-22 -2.78931e-27  6.31987e-23 -3.64754e-28  4.61765e-24 -5.41403e-30  3.03066e-25  1.49452e-29  1.76979e-26  5.68643e-30  9.08616e-28  1.39074e-30  4.03969e-29  2.59282e-31  1.52687e-30  3.81581e-32  4.81957e-32  4.42223e-33  1.28073e-33  3.94266e-34  3.25636e-35   2.5811e-35   1.0569e-36  1.13417e-36  4.12163e-38  2.69098e-38  1.24796e-39  7.21401e-41  1.96495e-41 -6.21724e-42
-2.74777e-19 -7.57036e-06 -4.94847e-18  5.94278e-05  1.38921e-17  0.000147562  3.82278e-17  -0.00107599 -3.05876e-17 -0.000634052 -1.20628e-16   0.00476294 -8.44477e-17   0.00415563  5.41419e-17  -0.00772224  2.00479e-16   -0.0144996  2.10139e-16  -0.00408295  2.53697e-17    0.0133102  -1.2342e-16    0.0210987 -4.80718e-17    0.0151037  8.11818e-17   0.00298774  4.60628e-17  -0.00649598 -9.84738e-17  -0.00999648 -1.79017e-16  -0.00890336  -1.4553e-16  -0.00601424  -6.2584e-17  -0.00330761  6.88718e-18  -0.00150869  4.38824e-17 -0.000559569  5.43833e-17 -0.000152167  4.98262e-17 -1.43888e-05   3.9704e-17  1.62451e-05   2.9491e-17  1.48142e-05  2.11762e-17  8.41753e-06   1.4933e-17  3.88413e-06  1.03519e-17  1.56373e-06  6.96707e-18  5.66336e-07  4.44957e-18  1.87492e-07  2.63014e-18  5.72754e-08  1.41133e-18  1.62393e-08  6.80526e-19  4.28941e-09  2.94868e-19  1.05798e-09   1.1606e-19  2.44005e-10  4.23659e-20  5.26543e-11  1.46843e-20  1.06317e-11  4.88481e-21  2.00774e-12  1.53432e-21  3.54298e-13  4.34691e-22  5.83462e-14  1.02045e-22  8.95125e-15  1.54486e-23   1.2765e-15 -1.39704e-24  1.68745e-16  -2.3663e-24  2.06076e-17 -1.21969e-24  2.31498e-18 -4.62377e-25   2.3791e-19  -1.4389e-25  2.22064e-20 -3.75756e-26  1.86373e-21  -8.1174e-27  1.38552e-22 -1.35847e-27  8.89904e-24 -1.32274e-28  4.70029e-25  1.37421e-29   1.7847e-26  1.09527e-29  1.87189e-28  3.31371e-30 -4.13658e-29  7.11602e-31 -4.57138e-30  1.18731e-31 -3.02087e-31  1.56389e-32 -1.46796e-32  1.60719e-33 -5.33521e-34  1.24752e-34 -1.33603e-35  6.87724e-36 -1.52387e-37  2.37366e-37  3.27568e-39  3.51531e-39  1.58605e-40 -2.87242e-41  1.65243e-42
