  5.0875e-23 -1.72794e-38 -2.53545e-21   1.2641e-36  4.90405e-20 -2.87554e-35 -5.68415e-19  3.85632e-34  4.55163e-18 -3.67066e-33 -2.70171e-17  2.70404e-32  1.23784e-16 -1.61732e-31 -4.48666e-16  8.08367e-31   1.3053e-15 -3.43819e-30 -3.06927e-15  1.25917e-29  5.83332e-15  -4.0018e-29 -8.89088e-15  1.10917e-28  1.06584e-14 -2.68831e-28 -9.64123e-15  5.70054e-28  5.95043e-15  -1.0554e-27 -1.67297e-15  1.69679e-27  -8.2223e-16 -2.34391e-27   9.9552e-16  2.72672e-27 -1.89763e-16 -2.56248e-27 -2.30302e-16  1.74189e-27   1.1351e-16 -4.68022e-28  4.28243e-17 -7.94765e-28 -3.45226e-17  1.57087e-27  -9.1247e-18 -1.64834e-27  8.22378e-18  1.16878e-27  2.55498e-18 -4.86326e-28 -1.53714e-18 -6.33572e-29 -7.42415e-19  3.17483e-28  1.73586e-19 -3.04166e-28  1.73133e-19  1.61064e-28   9.1641e-21 -2.49288e-29 -2.62998e-20 -4.05728e-29 -8.53857e-21  4.54699e-29  1.37696e-21 -2.72066e-29  1.57359e-21  1.10859e-29  3.14281e-22 -3.00003e-30 -8.49815e-23  1.76512e-31 -6.17673e-23  4.11741e-31 -1.16895e-23 -3.10148e-31  1.86075e-24  1.43186e-31  1.59804e-24 -5.72533e-32  3.76369e-25  1.98446e-32  9.04433e-27 -1.77284e-33 -2.09035e-26 -3.66103e-33 -6.93356e-27  3.06962e-33    -1.01e-27 -1.73035e-33   2.0381e-29  8.30876e-34  4.55618e-29 -3.00305e-34  1.13173e-29  7.19456e-35  1.46893e-30  -9.4947e-36  5.58052e-32 -1.03434e-36 -1.97022e-32  1.16988e-36  -5.0507e-33 -3.68859e-37 -6.54086e-34  6.41425e-38 -5.02232e-35 -7.82258e-39 -1.38579e-36  6.13172e-40  1.86314e-37  6.96088e-41  2.94769e-38 -1.92606e-41  2.17275e-39  1.44094e-42   1.0007e-40 -1.77828e-43  2.69897e-42   4.4828e-45  8.23265e-45 -5.16839e-47  -4.6085e-46  3.65829e-48
-1.72794e-38  3.64545e-21 -6.97346e-37 -1.03218e-19  3.52811e-35  1.51994e-18 -6.40289e-34 -1.46141e-17  7.27136e-33  1.01134e-16 -6.06725e-32 -5.31073e-16  4.01157e-31  2.18402e-15 -2.19107e-30 -7.17032e-15  1.01298e-29  1.89955e-14 -4.02311e-29 -4.07594e-14  1.38533e-28   7.0609e-14 -4.16055e-28 -9.75593e-14  1.09387e-27   1.0467e-13  -2.5224e-27 -8.22398e-14  5.10114e-27  4.02101e-14 -9.02562e-27 -3.17025e-15  1.38918e-26 -1.12263e-14 -1.83997e-26    6.771e-15  2.05555e-26  6.89329e-16 -1.85977e-26 -2.20863e-15  1.22675e-26   3.0548e-16  -3.4489e-27  5.53068e-16 -4.60462e-27 -1.26599e-16  9.11464e-27 -1.34156e-16  -9.2986e-27   2.6453e-17  6.43237e-27  3.22738e-17 -2.67144e-27 -1.96433e-18 -2.36404e-28 -6.88507e-18  1.55579e-27 -8.92716e-19 -1.49353e-27  1.06753e-18  7.68406e-28  4.08013e-19 -8.25943e-29 -6.71842e-20 -2.38869e-28 -8.07071e-20  2.52173e-28 -1.40535e-20 -1.51202e-28  6.43568e-21   6.3378e-29  3.76023e-21 -1.76145e-29  4.71454e-22  6.29105e-31 -2.44423e-22   2.8558e-30 -1.26311e-22 -1.93065e-30  -1.9703e-23  7.78378e-31  3.86722e-24 -2.80684e-31  2.71709e-24  9.96117e-32  6.06491e-25 -1.20916e-32  2.48285e-26 -1.56792e-32 -2.53291e-26  1.35389e-32 -8.65212e-27 -7.65537e-33 -1.37227e-27  3.64642e-33 -4.87338e-29 -1.26873e-33  3.20846e-29  2.88023e-34  9.20458e-30 -3.68815e-35  1.34278e-30 -3.81445e-36  1.01115e-31  4.28549e-36 -2.57021e-33 -1.25174e-36 -1.85271e-33  1.92963e-37 -2.73719e-34 -2.17612e-38  -2.3819e-35  1.93501e-39 -1.23803e-36  1.77542e-40 -2.07452e-38 -4.74388e-41  2.17228e-39  2.22628e-42  2.06679e-40 -3.42954e-43   8.1975e-42  4.20847e-45  1.33728e-43  -8.0472e-47   6.8333e-46
-2.53545e-21 -6.97346e-37  1.28583e-19 -1.58699e-35 -2.53286e-18  6.05864e-34  2.99251e-17 -9.04468e-33 -2.44498e-16  8.83136e-32  1.48239e-15 -6.52387e-31  -6.9463e-15  3.90328e-30  2.57876e-14 -1.96175e-29 -7.69766e-14  8.44979e-29  1.86118e-13 -3.15399e-28 -3.64754e-13  1.02676e-27  5.75518e-13 -2.92675e-27 -7.18516e-13  7.32305e-27  6.84166e-13 -1.61026e-26 -4.56056e-13  3.11043e-26  1.57623e-13 -5.26385e-26   4.1059e-14  7.75791e-26 -7.56131e-14 -9.84657e-26   2.2639e-14  1.05455e-25  1.46143e-14 -9.15045e-26 -1.06678e-14  5.80314e-26 -1.98849e-15 -1.61873e-26  3.11612e-15  -1.8725e-26  3.16934e-16  3.61554e-26 -7.67208e-16 -3.54403e-26 -1.08752e-16  2.36598e-26  1.61355e-16 -9.57146e-27  4.40087e-17 -8.53698e-28 -2.51656e-17  5.47125e-27 -1.33112e-17 -5.16869e-27  1.54609e-18  2.51125e-27  2.63414e-18 -4.16919e-29  4.57834e-19 -1.05892e-27 -2.62406e-19  1.02964e-27 -1.41987e-19 -6.05531e-28 -9.88241e-21  2.51989e-28  1.39692e-20 -6.70637e-29  5.63074e-21 -1.39251e-30  4.08978e-22  1.34638e-29 -3.97798e-22 -7.91907e-30  -1.6635e-22  2.77536e-30 -2.29749e-23 -9.29147e-31  4.49526e-24  3.57354e-31  2.90833e-24 -5.87097e-32  6.38796e-25 -4.38459e-32  4.13146e-26  4.02393e-32 -1.73439e-26 -2.30343e-32 -6.50412e-27  1.09641e-32  -1.1179e-27 -3.68084e-33 -8.32135e-29  7.94787e-34  9.54057e-30 -1.00815e-34  3.97628e-30  -9.1672e-36  6.43476e-31  1.06888e-35   6.1079e-32 -2.87272e-36  2.53187e-33  3.86977e-37 -2.10037e-34 -4.04629e-38  -4.8024e-35   4.4139e-39 -4.48929e-36  3.09162e-40 -2.54145e-37 -8.11905e-41 -8.52421e-39  1.25784e-42 -1.00852e-40 -4.48132e-43  3.08131e-42  4.36754e-46  7.98849e-44  -4.9117e-47
  1.2641e-36 -1.03218e-19 -1.58699e-35  2.97633e-18 -2.48155e-34 -4.46734e-17  7.48948e-33   4.3823e-16  -9.3674e-32 -3.09737e-15  7.93946e-31  1.66316e-14 -5.23122e-30 -7.00349e-14  2.85505e-29  2.35818e-13 -1.33237e-28 -6.41978e-13  5.39658e-28  1.41905e-12 -1.90939e-27 -2.54074e-12   5.9184e-27  3.64547e-12  -1.6099e-26 -4.09277e-12  3.84822e-26   3.4163e-12 -8.08935e-26 -1.85584e-12  1.49469e-25  3.12982e-13 -2.42105e-25  4.15574e-13  3.41651e-25 -3.26199e-13  -4.1515e-25  1.04166e-14  4.25245e-25  9.47092e-14 -3.52131e-25 -2.63741e-14   2.1223e-25 -2.18014e-14 -5.54357e-26  9.22381e-15  -6.2664e-26  5.16957e-15  1.13277e-25 -2.16724e-15 -1.04816e-25 -1.33127e-15  6.64537e-26  3.36548e-16 -2.52725e-26  3.26572e-16 -3.79427e-27  -8.6536e-18  1.62534e-26 -6.29192e-17  -1.4726e-26 -1.31369e-17  6.47212e-27  7.09653e-18  9.27919e-28  3.99524e-18 -3.95133e-27  1.24475e-19  3.51306e-27 -5.06227e-19 -1.98804e-27 -1.74505e-19  7.97161e-28  3.40814e-21 -1.92216e-28  2.00569e-20 -2.09226e-29  6.26665e-21  4.88362e-29  2.30619e-22 -2.48794e-29 -4.48833e-22  7.52016e-30 -1.63795e-22 -2.41629e-30 -2.16407e-23   1.0611e-30  3.35539e-24 -2.22297e-31  2.22851e-24 -9.04111e-32  4.95309e-25  9.24925e-32  4.42916e-26 -5.42527e-32 -6.83528e-27  2.60488e-32 -3.25562e-27 -8.46156e-33 -6.06146e-28  1.74726e-33 -6.06019e-29 -2.23937e-34 -5.67785e-31 -1.67724e-35  9.25445e-31  2.09816e-35  1.76552e-31   -5.122e-36  1.86626e-32  5.93249e-37  1.18569e-33  -5.7491e-38  2.76373e-35  8.32833e-39 -2.73616e-36  4.49979e-40 -3.41126e-37 -1.13197e-40 -1.86128e-38 -1.84818e-42 -5.41009e-40  -4.6425e-43 -7.88192e-42  -2.4924e-45 -4.26436e-44
 4.90405e-20  3.52811e-35 -2.53286e-18 -2.48155e-34  5.08547e-17 -2.89684e-33 -6.12977e-16  7.08222e-32  5.11462e-15 -7.47912e-31 -3.17048e-14  5.52022e-30  1.52089e-13 -3.26028e-29 -5.78885e-13  1.63836e-28  1.77481e-12  -7.1919e-28 -4.41722e-12  2.77777e-27  8.93631e-12 -9.43403e-27 -1.46117e-11  2.81209e-26  1.90148e-11 -7.35173e-26 -1.90646e-11  1.68665e-25  1.36892e-11 -3.39878e-25 -5.59957e-12  6.01559e-25 -5.24026e-13 -9.32998e-25  2.19278e-12  1.26012e-24 -9.21754e-13 -1.46381e-24 -3.18553e-13  1.42949e-24  3.70541e-13 -1.12209e-24  1.08179e-14  6.32462e-25 -1.03383e-13 -1.41913e-25  5.23613e-15 -1.85483e-25  2.58921e-14  2.96978e-25 -4.14525e-16 -2.52328e-25 -5.94805e-15  1.47762e-25 -6.25944e-16 -4.91533e-26  1.12689e-15  -1.6964e-26  3.35395e-16  4.39251e-26 -1.34492e-16 -3.70505e-26 -9.07637e-17  1.38111e-26 -1.98097e-18  5.84549e-27  1.33114e-17 -1.28374e-26    4.225e-18  1.04503e-26 -4.69545e-19 -5.60455e-27 -6.71294e-19  2.11253e-27 -1.63876e-19 -4.36261e-28  1.70266e-20  -1.0561e-28  2.15249e-20  1.44352e-28  5.60294e-21 -6.37127e-29  9.91001e-23  1.63183e-29  -3.7895e-22 -5.26298e-30 -1.27396e-22  2.75534e-30 -1.71683e-23 -6.85028e-31  1.55881e-24 -1.38709e-31  1.26328e-24  1.72596e-31  2.90554e-25 -1.05563e-31  3.23233e-26  5.17779e-32  -8.6082e-28 -1.63353e-32 -1.07427e-27  3.25117e-33 -2.21787e-28 -4.27627e-34 -2.57847e-29 -2.56287e-35 -1.46065e-30  3.43873e-35  7.31788e-32  -7.4558e-36  2.61418e-32  7.33245e-37  3.04277e-33 -6.48715e-38  2.12389e-34  1.36135e-38  8.87091e-36  6.22069e-40  1.39974e-37 -1.36531e-40 -6.14798e-39 -5.86232e-42 -3.67089e-40  -4.0078e-43  -6.6581e-42 -2.12187e-45
-2.87554e-35  1.51994e-18  6.05864e-34 -4.46734e-17 -2.89684e-33  6.84072e-16 -2.62419e-32 -6.85272e-15  5.22717e-31  4.95148e-14 -4.62842e-30 -2.72138e-13  2.95064e-29  1.17461e-12 -1.56357e-28 -4.06066e-12  7.34151e-28  1.13722e-11   -3.105e-27 -2.59243e-11  1.17278e-26  4.80265e-11 -3.90412e-26 -7.16318e-11  1.13606e-25  8.42163e-11 -2.88238e-25 -7.46477e-11   6.3833e-25  4.47077e-11 -1.23671e-24 -1.12287e-11  2.09913e-24 -7.52255e-12 -3.11727e-24  8.00987e-12  4.02558e-24 -1.25299e-12 -4.46057e-24 -2.01858e-12  4.13444e-24  9.12147e-13 -3.04733e-24  4.00644e-13   1.5672e-24  -2.9586e-13 -2.49992e-25 -8.77455e-14 -5.04442e-25  7.35555e-14  6.69928e-25  2.44975e-14 -4.98674e-25  -1.4267e-14  2.54078e-25 -7.16781e-15 -5.81852e-26   1.6799e-15 -6.59136e-26  1.71291e-15  1.12105e-25   8.5696e-17 -8.57675e-26 -2.70389e-16  2.46006e-26 -8.69831e-17  2.31673e-26  1.54456e-17 -3.69243e-26  1.68123e-17  2.76371e-26  3.24794e-18 -1.38808e-26 -9.84306e-19  4.81252e-27 -6.83459e-19 -7.88416e-28 -1.24729e-19 -3.65808e-28  2.29466e-20  3.60271e-28  1.82981e-20 -1.37395e-28  4.20412e-21  2.86978e-29  6.52434e-23 -9.95554e-30 -2.46618e-22  6.40875e-30 -7.98031e-23  -1.7699e-30 -1.13873e-23 -1.40891e-31  2.84898e-25  2.65007e-31  5.24943e-25 -1.73848e-31   1.2832e-25  8.87213e-32  1.65047e-26 -2.73337e-32  6.43882e-28  5.30267e-33 -2.07804e-28 -7.21499e-34 -5.30684e-29 -3.66887e-35 -6.78587e-30  4.85181e-35 -5.19168e-31 -8.98846e-36 -1.60122e-32   7.5839e-37  1.45685e-33 -5.69721e-38  2.40433e-34  1.96517e-38  1.70423e-35  8.61287e-40  7.05264e-37 -1.44011e-40  1.60659e-38 -8.60123e-42  1.53905e-40 -2.79806e-43 -2.03779e-43
-5.68415e-19 -6.40289e-34  2.99251e-17  7.48948e-33 -6.12977e-16 -2.62419e-32  7.54498e-15 -1.85961e-31 -6.43553e-14  2.94985e-30  4.08282e-13 -2.09562e-29 -2.00713e-12   1.1021e-28  7.84109e-12 -5.17592e-28 -2.47192e-11  2.36112e-27  6.34011e-11 -1.02654e-26 -1.32558e-10  4.01932e-26  2.24863e-10 -1.36551e-25 -3.05315e-10  3.97518e-25  3.22456e-10 -9.92317e-25 -2.48899e-10  2.13619e-24  1.17551e-10 -3.99101e-24 -4.50797e-12  6.50043e-24 -3.72173e-11 -9.23585e-24  2.10649e-11  1.13831e-23  2.99818e-12 -1.19919e-23 -7.40293e-12  1.04832e-23  8.85088e-13 -7.15317e-24  1.93942e-12  3.21515e-24  -4.2322e-13 -1.40016e-25 -4.84966e-13 -1.28042e-24  9.48156e-14  1.31299e-24  1.19973e-13 -7.79184e-25 -7.90455e-15  2.84796e-25 -2.65211e-14   3.1013e-26 -3.24151e-15 -2.18376e-25  4.32605e-15  2.73941e-25  1.60313e-15   -1.872e-25 -3.08186e-16  3.51602e-26 -3.37236e-16  7.26603e-26 -5.39505e-17  -9.5145e-26  2.95292e-17  6.57444e-26  1.62016e-17 -3.06186e-26  1.78229e-18  9.55434e-27 -1.16941e-18 -1.07602e-27 -5.65276e-19 -1.00123e-27 -8.10877e-20  7.77742e-28  2.01527e-20 -2.53848e-28  1.26866e-20  3.95996e-29  2.70489e-21 -1.67478e-29  7.59043e-23  1.34981e-29 -1.23907e-22 -3.91759e-30 -4.02202e-23 -2.29235e-32 -6.15179e-24  3.28528e-31 -1.77421e-25 -2.43874e-31  1.51526e-25  1.33305e-31   4.1612e-26 -4.04483e-32  5.91393e-27  7.76915e-33  4.34926e-28 -1.09072e-33 -1.06952e-29 -5.67087e-35 -7.52792e-30   5.9817e-35 -1.07865e-30 -8.80839e-36 -9.07757e-32  7.01125e-37 -4.59198e-33 -3.26612e-38 -8.59652e-35  2.52658e-38  5.80151e-36  1.15547e-39  5.11817e-37 -1.29933e-40  1.70243e-38  -8.5231e-42  2.42371e-40 -1.36022e-43
 3.85632e-34 -1.46141e-17 -9.04468e-33   4.3823e-16  7.08222e-32 -6.85272e-15 -1.85961e-31  7.01734e-14 -9.94001e-31 -5.18896e-13  1.12136e-29  2.92225e-12 -4.94114e-29 -1.29429e-11  1.34906e-28  4.59912e-11 -4.36827e-28  -1.3266e-10  3.04962e-27  3.12255e-10 -2.08311e-26 -5.99257e-10  1.04786e-25  9.30154e-10 -4.00507e-25 -1.14613e-09  1.21874e-24  1.07854e-09  -3.0527e-24 -7.07983e-10  6.44113e-24  2.32987e-10  -1.1635e-23  7.81249e-11  1.81798e-23 -1.26025e-10 -2.46668e-23  3.55696e-11  2.89277e-23  2.61139e-11 -2.88348e-23 -1.83891e-11  2.35552e-23 -3.73411e-12 -1.45452e-23  5.64267e-12  5.21748e-24  5.86441e-13  1.03236e-24 -1.44746e-12 -3.03558e-24 -1.96422e-13  2.21367e-24  3.18609e-13 -7.97506e-25  8.29096e-14 -5.52348e-26 -5.30266e-14  4.26793e-25 -2.66007e-14 -6.28429e-25  3.96237e-15  6.40928e-25  5.63172e-15 -3.90172e-25  8.54511e-16  3.32696e-26 -6.22536e-16  1.94214e-25 -3.09298e-16 -2.21781e-25 -1.32267e-17  1.41883e-25  3.40662e-17 -6.07042e-26  1.26552e-17  1.66206e-26  6.00129e-19 -8.30739e-28 -1.02292e-18 -2.29799e-27 -3.92754e-19  1.47749e-27 -4.74665e-20 -4.04241e-28  1.30431e-20  3.63143e-29   7.2569e-21 -2.54958e-29  1.49612e-21  2.58878e-29  7.47376e-23 -7.54347e-30  -4.6819e-23  2.77955e-31 -1.60512e-23  2.99634e-31 -2.62659e-24 -2.87426e-31  -1.7715e-25  1.77259e-31  2.54952e-26 -5.37175e-32  9.42724e-27  1.04282e-32  1.45832e-27 -1.48768e-33  1.32983e-28 -9.99268e-35  5.23825e-30  6.44978e-35 -4.34234e-31  -6.3769e-36 -9.31068e-32   6.7566e-37  -8.2047e-33  5.03021e-39 -4.33436e-34  2.90278e-38 -1.32924e-35   1.4123e-39 -1.62098e-37 -9.59177e-41  2.14007e-39 -5.92484e-42  5.39717e-41
 4.55163e-18  7.27136e-33 -2.44498e-16  -9.3674e-32  5.11462e-15  5.22717e-31 -6.43553e-14 -9.94001e-31  5.61741e-13 -3.31647e-30 -3.65142e-12  6.77449e-30   1.8417e-11  2.17597e-28 -7.39338e-11 -2.02112e-27  2.39954e-10  9.38397e-27 -6.35034e-10  -2.5432e-26  1.37388e-09  2.29038e-26 -2.42083e-09  1.50109e-25  3.43318e-09  -9.4768e-25 -3.82162e-09  3.29782e-24  3.16612e-09 -8.52648e-24 -1.69735e-09  1.77938e-23  2.54217e-10 -3.11265e-23  4.19837e-10  4.65764e-23 -3.19635e-10  -6.0144e-23  6.23133e-12  6.67993e-23  9.78576e-11 -6.25596e-23  -2.7439e-11  4.70927e-23 -2.32079e-11 -2.52711e-23  1.02212e-11  5.48428e-24  5.61135e-12  5.41824e-24 -2.55351e-12 -6.67688e-24 -1.48847e-12  3.06009e-24  4.36471e-13  2.11235e-25   3.8354e-13 -1.40469e-24  -2.3049e-14  1.55289e-24 -7.91807e-14 -1.60606e-24 -1.41256e-14  1.42872e-24  1.00174e-14  -7.8011e-25  5.03185e-15 -8.77515e-27 -4.24812e-17  4.58389e-25 -7.19777e-16 -4.71537e-25 -2.21959e-16  2.79704e-25  1.49908e-17 -1.08853e-25  2.96678e-17  2.52558e-26   8.3366e-18  7.94059e-28  2.12094e-21 -4.56887e-27 -7.10402e-19  2.50204e-27 -2.33721e-19 -5.50973e-28 -2.60574e-20 -3.05193e-30  6.37765e-21 -3.56474e-29  3.41755e-21  4.53899e-29  7.02334e-22 -1.27655e-29  5.24448e-23  7.44322e-31   -1.231e-23  1.11485e-31 -4.91945e-24 -2.68507e-31 -8.58528e-25  2.09227e-31 -7.95528e-26 -6.48603e-32  1.82459e-28   1.3038e-32  1.34071e-27  -1.8364e-33  2.35878e-28 -1.84136e-34  2.35419e-29  5.96718e-35  1.40767e-30 -1.81157e-36  2.98409e-32  8.13752e-37  -2.9636e-33  5.01014e-38 -3.31898e-34  2.97951e-38 -1.59542e-35   1.5032e-39 -4.02912e-37 -5.39629e-41 -4.38246e-39 -2.60666e-42
-3.67066e-33  1.01134e-16  8.83136e-32 -3.09737e-15 -7.47912e-31  4.95148e-14  2.94985e-30 -5.18896e-13 -3.31647e-30  3.93121e-12  3.09693e-30 -2.27125e-11 -3.32301e-28  1.03353e-10  3.75237e-27 -3.77967e-10  -2.2709e-26  1.12434e-09  9.20348e-26 -2.73618e-09 -2.63094e-25  5.44682e-09  4.98782e-25 -8.80915e-09 -3.50813e-25  1.13872e-08 -1.56872e-24 -1.13764e-08  7.91583e-24  8.14803e-09 -2.19881e-23 -3.29519e-09  4.57667e-23 -3.95392e-10 -7.75019e-23  1.39654e-09  1.10646e-22 -5.87665e-10 -1.35237e-22   -2.101e-10  1.41264e-22  2.49101e-10 -1.23016e-22  4.75127e-12  8.34307e-23 -7.20392e-11  -3.5711e-23  5.23525e-12 -1.89125e-24  1.86999e-11  1.74502e-23  -8.7613e-13 -1.35067e-23 -4.50854e-12  2.87177e-24  -3.1606e-13   3.7779e-24  9.17608e-13 -4.89582e-24  2.34529e-13  4.15128e-24 -1.24943e-13 -3.71431e-24 -7.23473e-14  3.02063e-24  2.05986e-15 -1.49619e-24  1.20267e-14 -1.41924e-25  3.27766e-15  9.75095e-25 -6.34725e-16 -9.20912e-25  -6.2084e-16  5.06629e-25 -1.28519e-16 -1.77254e-25  2.46143e-17   3.2967e-26  2.09905e-17  4.94829e-27  4.77849e-18 -8.03185e-27 -1.44326e-19   3.8154e-27 -4.03329e-19 -6.22872e-28 -1.20006e-19 -1.07495e-28 -1.34791e-20 -4.65208e-29  2.28925e-21  7.30369e-29  1.30588e-21 -1.90909e-29  2.73263e-22  1.20501e-30  2.65346e-23  -2.7572e-31 -1.68591e-24 -1.53417e-31  -1.0982e-24  2.18443e-31 -2.06769e-25  -7.2245e-32 -2.23131e-26  1.53828e-32 -1.09447e-27 -2.05418e-33  8.15417e-29 -3.21081e-34  2.25456e-29  4.44032e-35  2.39929e-30  4.08432e-36  1.54322e-31  1.17115e-36  5.85463e-33  9.40908e-38  7.98869e-35   2.7213e-38 -3.22589e-36  1.35297e-39 -1.57311e-37 -2.01097e-41 -1.71532e-39
-2.70171e-17 -6.06725e-32  1.48239e-15  7.93946e-31 -3.17048e-14 -4.62842e-30  4.08282e-13  1.12136e-29 -3.65142e-12  3.09693e-30  2.43487e-11  1.54531e-28 -1.26162e-10 -3.62037e-27   5.2113e-10  3.00357e-26 -1.74359e-09 -1.55355e-25  4.76774e-09  5.73756e-25 -1.06883e-08 -1.57527e-24  1.95887e-08  3.14958e-24 -2.90506e-08   -3.909e-24  3.41072e-08 -3.57807e-25 -3.02957e-08  1.69539e-23  1.82139e-08 -5.33646e-23 -4.53161e-09  1.11334e-22 -3.26562e-09 -1.81906e-22  3.49554e-09  2.46261e-22 -5.77988e-10 -2.82658e-22 -9.04946e-10  2.74919e-22  4.37138e-10 -2.19137e-22  1.78242e-10  1.28631e-22 -1.47875e-10 -3.39729e-23 -3.82119e-11 -2.95711e-23  3.87673e-11  4.47813e-23  1.10248e-11 -2.49072e-23 -8.15415e-12 -5.25654e-25  -3.5073e-12   1.2437e-23  1.14483e-12 -1.22153e-23   9.2654e-13  9.37025e-24 -6.41883e-15 -7.88894e-24 -1.65623e-13  6.04183e-24 -4.38791e-14 -2.74748e-24  1.30109e-14 -4.45731e-25  1.02958e-14  1.89438e-24  1.49898e-15 -1.66205e-24 -7.94092e-16  8.47378e-25 -4.34118e-16 -2.62596e-25 -6.13192e-17  3.51891e-26  2.12721e-17  1.27823e-26  1.24885e-17 -1.26643e-26  2.44338e-18  5.28406e-27 -9.87944e-20  -5.2462e-28 -1.88656e-19 -3.06202e-28 -5.29525e-20 -5.79618e-29 -6.34201e-21  1.08332e-28  5.29872e-22 -2.52391e-29  3.93394e-22  1.30115e-30  8.54023e-23 -8.46655e-31  9.79478e-24  7.89584e-32  1.84264e-25  1.99178e-31 -1.60165e-25 -7.57311e-32 -3.47389e-26  1.72492e-32 -4.06623e-27 -2.08486e-33 -2.82433e-28 -5.05837e-34  -6.5856e-30  2.04394e-35  9.25432e-31  1.00589e-35  1.24701e-31  1.66979e-36  7.77607e-33   1.2672e-37  2.78783e-34  2.19111e-38  5.26226e-36  9.99543e-40  3.32078e-38  -3.1193e-42
 2.70404e-32 -5.31073e-16 -6.52387e-31  1.66316e-14  5.52022e-30 -2.72138e-13 -2.09562e-29  2.92225e-12  6.77449e-30 -2.27125e-11  1.54531e-28  1.34799e-10  1.49273e-27 -6.31074e-10 -2.58441e-26  2.37854e-09  1.82192e-25 -7.30721e-09 -8.43099e-25  1.84121e-08  2.86892e-24 -3.80734e-08 -7.44071e-24  6.42467e-08  1.45673e-23 -8.72196e-08 -1.96979e-23  9.25327e-08  1.02574e-23 -7.20663e-08   3.2845e-23  3.44987e-08 -1.24524e-22 -1.35937e-09  2.59845e-22  -1.1388e-08 -4.06847e-22  6.71816e-09  5.17884e-22   8.1881e-10 -5.52345e-22  -2.4248e-09  4.93159e-22  3.72208e-10 -3.50865e-22   6.4614e-10  1.63723e-22 -1.76043e-10  6.66527e-24 -1.65471e-10 -1.00082e-22  4.39247e-11  9.85197e-23  4.30119e-11 -4.14572e-23 -5.80433e-12 -1.10271e-23 -1.03077e-11   2.9655e-23 -6.18758e-13 -2.54393e-23   1.9004e-12  1.88008e-23  5.62534e-13 -1.55642e-23 -1.85009e-13  1.14256e-23 -1.43287e-13  -4.8201e-24 -1.42301e-14 -1.02664e-24  1.58764e-14  3.39244e-24  6.94556e-15 -2.78637e-24  3.51207e-16  1.31449e-24 -6.58084e-16 -3.53681e-25 -2.56752e-16  2.57507e-26 -2.48165e-17    2.496e-26  1.34823e-17 -1.81078e-26    6.353e-18  6.69916e-27  1.13085e-18 -1.61799e-28 -3.33645e-20  -6.1767e-28  -7.2151e-20  -7.1339e-29 -1.97852e-20  1.48909e-28 -2.57536e-21 -2.92832e-29  2.87594e-23  5.27738e-31  8.87518e-23 -1.52137e-30  2.06129e-23  4.32116e-31  2.62167e-24  1.54052e-31  1.57133e-25 -7.68978e-32 -1.03266e-26  1.83541e-32 -3.69375e-27 -1.92825e-33 -4.64908e-28 -7.12092e-34 -3.52922e-29 -7.76838e-36  -1.5721e-30  1.48126e-35 -1.98516e-32  2.12249e-36   2.1754e-33  1.38692e-37  1.44702e-34   1.5282e-38  3.69219e-36  5.75012e-40  3.00297e-38
 1.23784e-16  4.01157e-31  -6.9463e-15 -5.23122e-30  1.52089e-13  2.95064e-29 -2.00713e-12 -4.94114e-29   1.8417e-11 -3.32301e-28 -1.26162e-10  1.49273e-27  6.72512e-10  1.02106e-26 -2.86253e-09 -1.48417e-25  9.88803e-09  9.27462e-25 -2.79795e-08 -3.90833e-24  6.50938e-08  1.23224e-23  -1.2427e-07 -3.00415e-23  1.92984e-07  5.62877e-23 -2.39189e-07 -7.59065e-23  2.27639e-07  5.27446e-23 -1.52136e-07  5.97529e-23  5.17937e-08 -2.85138e-22  1.66091e-08  5.88173e-22 -2.87963e-08 -8.73994e-22  8.98909e-09  1.03554e-21  5.85139e-09  -1.0127e-21 -4.68052e-09  8.13259e-22  -7.0764e-10 -4.93925e-22  1.47597e-09   1.4182e-22  6.77154e-11  1.35076e-22 -3.95737e-10 -2.47587e-22 -2.74762e-11  1.91816e-22  9.37583e-11 -6.13811e-23  1.73084e-11 -3.43824e-23 -1.77229e-11   5.9082e-23 -6.92074e-12 -4.64951e-23  1.92102e-12  3.44259e-23  1.73372e-12 -2.87711e-23  1.35185e-13  2.04377e-23 -2.38552e-13 -8.06403e-24 -9.21859e-14 -2.00485e-24  4.03044e-15  5.63821e-24  1.31179e-14 -4.35845e-24  3.86521e-15  1.89856e-24 -1.27925e-16  -4.3124e-25 -4.26691e-16 -1.67085e-27 -1.31963e-16  4.11755e-26  -9.0914e-18 -2.36969e-26  6.74915e-18  7.83943e-27  2.77562e-18  5.25777e-28  4.72928e-19 -1.03831e-27 -1.20832e-21 -9.05835e-29 -2.20406e-20  1.90953e-28 -6.10864e-21 -2.91647e-29  -8.5906e-22 -1.64745e-30 -3.43132e-23 -2.17324e-30  1.34594e-23  8.94531e-31  3.64232e-24  9.45585e-32  4.96244e-25 -7.84486e-32  3.95264e-26  1.83055e-32  9.90856e-28 -1.64733e-33 -1.91435e-28 -8.97714e-34   -3.004e-29 -3.41056e-35 -2.29198e-30  1.74039e-35 -1.05156e-31   2.3309e-36 -2.68968e-33  1.26463e-37 -2.24239e-35  8.94514e-39  3.82101e-37   2.2451e-40
-1.61732e-31  2.18402e-15  3.90328e-30 -7.00349e-14 -3.26028e-29  1.17461e-12   1.1021e-28 -1.29429e-11  2.17597e-28  1.03353e-10 -3.62037e-27 -6.31074e-10  1.02106e-26  3.04428e-09  5.73178e-26  -1.1844e-08 -7.31009e-25  3.76388e-08  4.12875e-24 -9.83549e-08 -1.59958e-23  2.11607e-07  4.69024e-23  -3.7313e-07 -1.07321e-22  5.32671e-07  1.90588e-22  -6.0042e-07 -2.48077e-22  5.07235e-07  1.81976e-22 -2.80641e-07  1.11119e-22  4.74779e-08 -6.49428e-22  6.90179e-08   1.2982e-21 -5.71452e-08  -1.8111e-21  3.48895e-09  1.97624e-21  1.74477e-08 -1.74387e-21 -6.04522e-09  1.22163e-21 -4.04994e-09 -5.76285e-22  2.28427e-09 -2.71519e-23  9.69925e-10  4.27617e-22 -6.12764e-10 -5.16132e-22 -2.70973e-10  3.35916e-22  1.22427e-10 -7.85964e-23  7.76814e-11 -7.73086e-23 -1.32402e-11  1.02754e-22 -1.84345e-11 -7.61686e-23 -1.70317e-12   5.8461e-23  2.87595e-12 -5.01539e-23    1.079e-12   3.4614e-23 -1.34633e-13 -1.28462e-23 -1.98968e-13 -3.48842e-24 -4.53403e-14  8.74193e-24  1.00028e-14 -6.38556e-24  8.55674e-15  2.56251e-24   1.8304e-15 -4.71173e-25 -2.04563e-16 -5.13904e-26 -2.28757e-16  5.99313e-26 -5.99931e-17 -2.86334e-26 -3.39818e-18   8.5493e-27  2.71752e-18  1.53677e-27  1.03509e-18 -1.53574e-27   1.7529e-19 -1.22748e-28  5.41186e-21  2.30398e-28 -5.12918e-21 -2.34234e-29 -1.50588e-21 -5.62487e-30 -2.25449e-22 -2.66882e-30 -1.62793e-23   1.4469e-30  9.19218e-25  3.81918e-32  4.31572e-25 -8.30024e-32  6.32667e-26  1.66859e-32  5.54017e-27 -1.34453e-33  2.79006e-28 -1.01908e-33  2.30313e-30 -5.27768e-35 -8.17059e-31  1.75124e-35 -6.69383e-32  2.19463e-36 -2.59038e-33  9.54526e-38  -4.9378e-35  4.13651e-39 -3.00481e-37
-4.48666e-16 -2.19107e-30  2.57876e-14  2.85505e-29 -5.78885e-13 -1.56357e-28  7.84109e-12  1.34906e-28 -7.39338e-11  3.75237e-27   5.2113e-10 -2.58441e-26 -2.86253e-09  5.73178e-26  1.25764e-08  2.78245e-25 -4.49281e-08 -3.18201e-24  1.31782e-07  1.64276e-23 -3.18719e-07 -5.88753e-23  6.34881e-07  1.61007e-22   -1.034e-06 -3.45685e-22  1.35443e-06  5.79036e-22 -1.38081e-06 -7.15842e-22  1.01932e-06  5.11465e-22 -4.36364e-07  2.36801e-22 -3.49129e-08 -1.47397e-21  1.82518e-07  2.79267e-21 -8.72289e-08 -3.62253e-21 -2.37461e-08  3.60434e-21  3.65886e-08 -2.81528e-21 -1.90649e-09  1.63583e-21  -1.0661e-08 -4.48472e-22  1.70888e-09 -4.89465e-22  2.85275e-09  9.87363e-22 -4.20337e-10 -9.52146e-22 -7.37424e-10  5.33407e-22  2.20862e-11 -8.11051e-23  1.68883e-10 -1.44917e-22  2.58752e-11  1.58103e-22 -2.83254e-11 -1.12735e-22  -1.1664e-11  9.30842e-23  1.93005e-12 -8.28362e-23  2.47276e-12  5.55667e-23  4.45243e-13  -1.9461e-23 -2.13704e-13  -5.5382e-24 -1.28148e-13  1.26949e-23 -1.64517e-14 -8.79233e-24  8.80992e-15  3.24391e-24  4.66945e-15 -4.51135e-25  7.60834e-16 -1.23629e-25 -1.38179e-16  7.87622e-26   -1.037e-16 -3.22427e-26 -2.43164e-17   8.7935e-27 -1.41435e-18  2.80197e-27  8.71389e-19 -2.05167e-27  3.24128e-19 -1.77571e-28   5.5759e-20  2.64418e-28   3.4579e-21  -1.1822e-29  -8.1755e-22 -1.15288e-29 -2.82472e-22 -2.91112e-30 -4.45862e-23  2.06757e-30 -4.03357e-24  2.95602e-33 -1.06631e-25 -9.18105e-32  2.77635e-26  1.32707e-32   4.9595e-27 -1.11574e-33  4.45518e-28 -1.04735e-33  2.45565e-29 -6.04152e-35  7.53224e-31  1.54747e-35  4.19814e-33  1.76149e-36 -5.26406e-34  5.80288e-38 -1.45039e-35  1.30426e-39
 8.08367e-31 -7.17032e-15 -1.96175e-29  2.35818e-13  1.63836e-28 -4.06066e-12 -5.17592e-28  4.59912e-11 -2.02112e-27 -3.77967e-10  3.00357e-26  2.37854e-09 -1.48417e-25  -1.1844e-08  2.78245e-25  4.76519e-08  1.19886e-24 -1.56932e-07 -1.24547e-23  4.26069e-07  5.92164e-23 -9.55479e-07   -1.972e-22  1.76364e-06  5.04124e-22 -2.65154e-06 -1.01584e-21  3.17804e-06  1.60064e-21 -2.90745e-06 -1.86147e-21  1.82968e-06     1.24e-21 -5.16758e-07  5.95544e-22 -2.99613e-07 -3.30404e-21  3.74936e-07  5.82687e-21 -8.53518e-08   -6.979e-21 -9.21493e-08  6.27753e-21   5.6492e-08 -4.23857e-21  1.57963e-08  1.85285e-21 -1.93201e-08  1.44462e-22 -2.83143e-09 -1.45068e-21  5.34859e-09  1.93293e-21  8.84178e-10 -1.59014e-21 -1.25517e-09  7.69446e-22 -3.58028e-10 -5.07897e-23  2.21931e-10 -2.36215e-22  1.17937e-10   2.1415e-22 -1.74984e-11 -1.50515e-22 -2.62391e-11  1.40073e-22 -4.09796e-12 -1.30068e-22  3.06098e-12  8.46373e-23  1.55649e-12 -2.79995e-23  6.86364e-14 -8.13183e-24 -1.78455e-13  1.73169e-23  -6.7948e-14 -1.14112e-23 -3.60399e-15  3.86715e-24  5.52026e-15 -3.58606e-25  2.19705e-15 -2.13463e-25   2.8835e-16  9.48703e-26 -6.54359e-17    -3.42e-26 -3.99742e-17  8.66227e-27 -8.75246e-18  4.20688e-27  -6.0986e-19 -2.51586e-27  2.13907e-19 -2.65915e-28  8.29501e-20  2.92441e-28  1.46417e-20   4.4548e-30  1.26041e-21 -1.91195e-29 -5.88081e-23  -2.8656e-30 -3.73401e-23  2.73084e-30 -6.30276e-24  1.12126e-33 -6.25615e-25    -1.04e-31 -3.45384e-26  8.27386e-33  2.55759e-29 -1.00613e-33  1.93164e-28 -9.78662e-34  1.85132e-29 -5.72068e-35   9.3993e-31  1.20991e-35  2.69347e-32   1.1907e-36  3.62724e-34  2.67915e-38  9.59588e-37
  1.3053e-15  1.01298e-29 -7.69766e-14 -1.33237e-28  1.77481e-12  7.34151e-28 -2.47192e-11 -4.36827e-28  2.39954e-10  -2.2709e-26 -1.74359e-09  1.82192e-25  9.88803e-09 -7.31009e-25 -4.49281e-08  1.19886e-24  1.66316e-07  4.65668e-24  -5.0669e-07 -4.43352e-23  1.27644e-06  1.95193e-22 -2.65816e-06 -6.06074e-22  4.54836e-06  1.45112e-21 -6.30542e-06 -2.74557e-21  6.88741e-06   4.0629e-21 -5.59046e-06 -4.41531e-21  2.87495e-06  2.65305e-21 -2.68953e-07  1.61098e-21 -8.89961e-07 -7.21328e-21  6.17432e-07  1.17137e-20  1.92864e-08 -1.29041e-20  -2.1501e-07  1.04175e-20  5.48244e-08 -5.89162e-21  5.55339e-08  1.49466e-21 -2.35847e-08  1.57487e-21 -1.42045e-08    -3.16e-21  6.49876e-09  3.37455e-21  3.95504e-09 -2.43285e-21 -1.22782e-09  1.00306e-21 -1.08324e-09  3.45466e-23  8.34947e-11 -3.38396e-22  2.41385e-10  2.47984e-22  4.01877e-11 -1.78871e-22 -3.36727e-11  2.00387e-22 -1.62996e-11 -1.94634e-22  4.96406e-13  1.22424e-22  2.56343e-12 -3.81987e-23  7.63101e-13  -1.1137e-23 -6.92538e-14  2.22307e-23 -1.11693e-13  -1.3997e-23 -3.07614e-14  4.36302e-24  2.46917e-16 -1.97263e-25  2.76327e-15 -3.11437e-25  9.06269e-16  1.05898e-25  1.03698e-16  -3.4629e-26 -2.34524e-17  8.33179e-27 -1.30156e-17  5.63903e-27 -2.75161e-18 -2.86754e-27 -2.36336e-19 -3.97548e-28  3.62405e-20  3.16023e-28  1.66585e-20    2.315e-29  3.03953e-21 -2.77758e-29  3.10079e-22 -2.55775e-30  8.50087e-24  3.39896e-30 -2.94066e-24  3.45844e-32 -5.88105e-25 -1.16702e-31 -6.05132e-26  2.45108e-33 -3.83513e-27 -9.93208e-34 -1.28572e-28 -8.33809e-34  7.48718e-31 -4.64069e-35  2.90974e-31   8.3474e-36  1.25625e-32  6.60795e-37  2.09316e-34  8.09929e-39
-3.43819e-30  1.89955e-14  8.44979e-29 -6.41978e-13  -7.1919e-28  1.13722e-11  2.36112e-27  -1.3266e-10  9.38397e-27  1.12434e-09 -1.55355e-25 -7.30721e-09  9.27462e-25  3.76388e-08 -3.18201e-24 -1.56932e-07  4.65668e-24  5.36744e-07  1.64779e-23 -1.51731e-06 -1.44702e-22  3.55418e-06  5.92414e-22 -6.88122e-06 -1.71979e-21   1.0915e-05  3.86274e-21 -1.39268e-05 -6.86571e-21   1.3785e-05  9.53116e-21 -9.75953e-06 -9.62837e-21  3.77346e-06  5.05069e-21  7.65851e-07  4.25015e-21 -1.92611e-06  -1.5137e-20   7.7573e-07  2.25448e-20  3.30613e-07 -2.28117e-20 -3.73691e-07  1.64218e-20 -1.03761e-08 -7.42246e-21  1.17214e-07 -2.46715e-23 -9.75301e-09  4.30979e-21 -3.26153e-08 -5.87019e-21  2.27735e-09  5.37966e-21  8.48178e-09 -3.43013e-21  3.58153e-10  1.16134e-21 -1.89591e-09  1.96979e-22 -4.27374e-10  -4.2195e-22  2.95038e-10   2.2323e-22   1.5406e-10 -1.82205e-22 -1.17288e-11  2.73736e-22 -2.92275e-11 -2.78071e-22 -7.08863e-12  1.68275e-22  1.96933e-12 -4.93116e-23  1.59486e-12 -1.43007e-23  2.94428e-13  2.68785e-23 -7.91348e-14 -1.62661e-23 -5.73335e-14  4.68928e-24 -1.22408e-14  1.15838e-26  6.70484e-16 -4.05757e-25  1.14792e-15  1.10464e-25  3.29703e-16 -3.40638e-26  3.60593e-17  8.01216e-27 -6.30115e-18   7.0446e-27 -3.51473e-18 -3.07575e-27 -7.35008e-19 -5.79023e-28 -7.48621e-20  3.37514e-28  2.70989e-21  4.16805e-29  2.46076e-21 -3.65474e-29  4.74107e-22 -2.04796e-30  5.26035e-23  4.01427e-30  3.09642e-24  9.37842e-32 -5.03224e-26 -1.26022e-31 -3.09426e-26 -3.06162e-33  -3.3625e-27 -1.00703e-33 -2.07551e-28 -6.48621e-34  -7.6352e-30  -3.2605e-35 -1.39005e-31  5.02073e-36 -9.57516e-35  2.85333e-37   2.0893e-35
-3.06927e-15 -4.02311e-29  1.86118e-13  5.39658e-28 -4.41722e-12   -3.105e-27  6.34011e-11  3.04962e-27 -6.35034e-10  9.20348e-26  4.76774e-09 -8.43099e-25 -2.79795e-08  4.12875e-24  1.31782e-07 -1.24547e-23  -5.0669e-07  1.64779e-23  1.60706e-06  5.35248e-23 -4.22675e-06 -4.35704e-22  9.22284e-06  1.66435e-21 -1.66151e-05  -4.5275e-21  2.44197e-05  9.55228e-21 -2.85988e-05 -1.59575e-20  2.54461e-05  2.07651e-20 -1.52931e-05 -1.94093e-20  3.58192e-06  8.53827e-21  3.22408e-06  1.04351e-20 -3.36203e-06 -3.02432e-20  5.54366e-07  4.13412e-20  9.42921e-07   -3.843e-20 -4.82317e-07  2.45063e-20 -1.90801e-07 -8.16271e-21  1.77955e-07 -3.47598e-21  4.03711e-08  8.83882e-21 -5.09662e-08 -9.77545e-21 -1.22214e-08  7.93585e-21  1.19752e-08 -4.46327e-21  4.40282e-09  1.13939e-21 -2.01066e-09   4.5355e-22 -1.33986e-09 -4.39594e-22  1.00799e-10  9.23024e-23  2.79072e-10 -1.41393e-22  5.94654e-11  3.58254e-22 -2.83774e-11 -3.79879e-22 -1.79486e-11  2.19877e-22 -1.80286e-12 -6.00528e-23  1.74013e-12  -1.7256e-23  8.07165e-13  3.05868e-23  8.67379e-14 -1.79534e-23 -5.04557e-14  4.84397e-24 -2.50873e-14  2.34041e-25  -4.4014e-15 -4.85144e-25   3.5737e-16  1.08197e-25  3.99898e-16  -3.3352e-26  1.05271e-16  7.91715e-27  1.18465e-17  8.47154e-27 -1.15455e-18 -3.14905e-27 -7.62648e-19 -8.12142e-28 -1.60868e-19  3.58179e-28 -1.84086e-20  5.79348e-29 -5.15534e-22 -4.42715e-29   2.3458e-22 -1.40121e-30  5.18549e-23  4.50051e-30   5.9836e-24  1.60846e-31  4.21162e-25 -1.28445e-31  1.39857e-26 -7.13836e-33 -4.92607e-28 -9.74327e-34 -8.75241e-29 -4.60547e-34 -4.91506e-30 -1.97972e-35 -1.40241e-31  2.56684e-36 -1.73949e-33  8.33321e-38
 1.25917e-29 -4.07594e-14 -3.15399e-28  1.41905e-12  2.77777e-27 -2.59243e-11 -1.02654e-26  3.12255e-10  -2.5432e-26 -2.73618e-09  5.73756e-25  1.84121e-08 -3.90833e-24 -9.83549e-08  1.64276e-23  4.26069e-07 -4.43352e-23 -1.51731e-06  5.35248e-23  4.47741e-06  1.60545e-22 -1.09827e-05  -1.2163e-21  2.23575e-05   4.3471e-21 -3.74967e-05 -1.11014e-20  5.10128e-05  2.20262e-20 -5.46221e-05 -3.45984e-20  4.31809e-05  4.21753e-20  -2.1014e-05 -3.63131e-20  6.09876e-07  1.26326e-20  7.71089e-06  2.35261e-20 -4.76998e-06 -5.72075e-20 -5.01525e-07  7.20046e-20  1.84414e-06 -6.15528e-20 -3.63675e-07  3.44954e-20 -5.14072e-07 -7.10255e-21    1.799e-07  -9.7036e-21  1.38058e-07  1.55528e-20 -5.12208e-08 -1.49418e-20 -3.89265e-08   1.0924e-20  9.23658e-09  -5.3421e-21  1.05362e-08  8.07677e-22 -2.33941e-10  8.13206e-22  -2.2817e-09 -3.31962e-22 -4.97293e-10 -1.96546e-22  2.94011e-10 -3.66849e-23  1.70467e-10  4.50403e-22  4.19634e-12 -4.96953e-22 -2.42248e-11  2.73117e-22 -8.56517e-12 -6.86725e-23  1.90522e-13 -1.95414e-23  1.06358e-12  3.26744e-23  3.47129e-13 -1.88726e-23  1.73515e-14  4.86496e-24 -2.42368e-14  4.33911e-25 -9.53437e-15  -5.4108e-25 -1.46344e-15  9.93086e-26  1.17939e-16 -3.35962e-26  1.16116e-16  8.26544e-27  2.90265e-17  1.00778e-26  3.48035e-18 -3.12928e-27 -8.69129e-20 -1.09278e-27 -1.26228e-19  3.76867e-28 -2.75777e-20   7.0787e-29 -3.38116e-21 -4.97577e-29 -2.06449e-22 -6.69204e-31  8.52506e-24  4.77735e-30  3.53188e-24  2.15873e-31  4.25712e-25 -1.22101e-31  3.04001e-26 -9.09497e-33  1.30705e-27 -8.58747e-34  2.47301e-29 -2.97718e-34 -4.61908e-31 -1.02365e-35 -3.26063e-32  1.05834e-36 -4.01343e-34
 5.83332e-15  1.38533e-28 -3.64754e-13 -1.90939e-27  8.93631e-12  1.17278e-26 -1.32558e-10 -2.08311e-26  1.37388e-09 -2.63094e-25 -1.06883e-08  2.86892e-24  6.50938e-08 -1.59958e-23 -3.18719e-07  5.92164e-23  1.27644e-06 -1.44702e-22 -4.22675e-06  1.60545e-22   1.1639e-05  4.46772e-22  -2.6683e-05 -3.16064e-21  5.07402e-05  1.05936e-20 -7.92364e-05 -2.54361e-20  9.96197e-05   4.7503e-20 -9.69906e-05 -7.01868e-20  6.69414e-05   8.0106e-20 -2.39667e-05 -6.32464e-20 -7.49783e-06  1.57083e-20  1.43385e-05  4.87051e-20 -5.13233e-06  -1.0218e-19 -2.87457e-06  1.18932e-19  2.78016e-06 -9.35982e-20  2.27524e-07  4.56237e-20 -9.26958e-07  -2.9872e-21  3.44053e-08 -1.94156e-20  2.67838e-07  2.45984e-20  -6.7668e-09 -2.12546e-20 -7.09095e-08  1.41143e-20 -6.05554e-09  -5.8205e-21    1.582e-08  2.72339e-23  4.32216e-09   1.2781e-21 -2.35889e-09 -4.12564e-23 -1.43601e-09 -6.87964e-22  4.03894e-11  1.48338e-22  2.57451e-10  5.45325e-22  7.36373e-11 -6.23481e-22  -1.3915e-11  3.22282e-22 -1.46182e-11 -7.31918e-23 -3.26849e-12 -2.06292e-23   5.2655e-13  3.25874e-23  5.19595e-13 -1.89616e-23  1.30667e-13  4.81391e-24  1.15014e-15  5.84326e-25 -9.41361e-15 -5.68458e-25 -3.16628e-15  8.39754e-26  -4.5339e-16 -3.61584e-26  2.44471e-17  9.29043e-27  2.75285e-17  1.20921e-26  6.72896e-18 -3.07157e-27  8.60521e-19 -1.40943e-27  2.42736e-20  3.90159e-28 -1.44328e-20   8.0166e-29 -3.49069e-21 -5.20242e-29 -4.43972e-22  1.08519e-31 -3.36482e-23  4.78453e-30  -9.5092e-25  2.43863e-31  1.07734e-25 -1.07401e-31  1.64419e-26 -8.93072e-33  1.10906e-27 -6.73919e-34  4.28726e-29 -1.74151e-34  8.79959e-31 -4.35962e-36  6.42782e-33  3.06581e-37
 -4.0018e-29   7.0609e-14  1.02676e-27 -2.54074e-12 -9.43403e-27  4.80265e-11  4.01932e-26 -5.99257e-10  2.29038e-26  5.44682e-09 -1.57527e-24 -3.80734e-08  1.23224e-23  2.11607e-07 -5.88753e-23 -9.55479e-07  1.95193e-22  3.55418e-06 -4.35704e-22 -1.09827e-05  4.46772e-22  2.82978e-05  1.15806e-21 -6.07486e-05 -7.67153e-21  0.000108018  2.41599e-20 -0.000157027 -5.46099e-20  0.000181999  9.60648e-20 -0.000159873 -1.33553e-19  9.36861e-05  1.42659e-19 -1.89036e-05 -1.02799e-19 -2.31564e-05  1.44419e-20  2.20503e-05   9.2983e-20 -2.80527e-06 -1.72226e-19 -6.76664e-06  1.86219e-19  3.14542e-06 -1.35035e-19   1.4989e-06  5.64436e-20 -1.23851e-06  5.42527e-21 -3.42196e-07 -3.29082e-20  3.67971e-07  3.57579e-20  1.04559e-07 -2.84095e-20  -8.7918e-08  1.71938e-20 -3.68114e-08 -5.63205e-21  1.44847e-08 -1.32866e-21  1.10136e-08  1.85024e-21 -4.38895e-10  4.69133e-22 -2.24659e-09 -1.40658e-21 -5.55721e-10  4.22537e-22  2.09655e-10  6.37806e-22  1.53192e-10 -7.51422e-22  2.04723e-11  3.60655e-22 -1.32879e-11 -7.17917e-23 -7.06423e-12 -1.99642e-23 -9.97705e-13  3.00366e-23  3.57434e-13  -1.8299e-23  2.13613e-13  4.74944e-24  4.41001e-14  6.75807e-25 -6.21661e-16  -5.6455e-25 -3.01457e-15  6.19493e-26 -9.14012e-16 -4.26373e-26 -1.28658e-16  1.12226e-26  1.65208e-18  1.47305e-26  5.12672e-18 -3.02022e-27  1.26392e-18  -1.7414e-27  1.69577e-19  3.94053e-28  1.04223e-20  8.67379e-29 -8.43695e-22 -5.05373e-29 -2.97878e-22  8.91816e-31 -3.91441e-23    4.505e-30 -3.11439e-24  2.39376e-31 -1.44872e-25 -8.68317e-32 -1.80518e-27 -7.25561e-33  2.32758e-28 -4.66079e-34  1.60264e-29 -9.10406e-35  4.28125e-31  -1.4253e-36  3.65583e-33
-8.89088e-15 -4.16055e-28  5.75518e-13   5.9184e-27 -1.46117e-11 -3.90412e-26  2.24863e-10  1.04786e-25 -2.42083e-09  4.98782e-25  1.95887e-08 -7.44071e-24  -1.2427e-07  4.69024e-23  6.34881e-07   -1.972e-22 -2.65816e-06  5.92414e-22  9.22284e-06  -1.2163e-21  -2.6683e-05  1.15806e-21  6.44905e-05  2.80536e-21 -0.000129863 -1.74437e-20  0.000216085  5.17005e-20 -0.000292222  -1.1012e-19  0.000311154  1.82566e-19 -0.000243866 -2.38882e-19  0.000115575  2.38761e-19  1.48602e-06  -1.5626e-19 -4.75583e-05  3.56237e-21   2.7962e-05  1.64524e-19  4.14226e-06   -2.741e-19 -1.16552e-05  2.76509e-19  2.01005e-06  -1.8482e-19  3.42954e-06  6.49438e-20 -1.10936e-06  1.89586e-20 -9.58449e-07 -4.98054e-20  3.28444e-07  4.84134e-20  2.77312e-07 -3.59618e-20 -5.88989e-08  1.98216e-20 -7.62792e-08  -4.5431e-21  2.14945e-11 -3.34845e-21  1.66194e-08   2.5417e-21  4.04236e-09  1.19459e-21 -2.08305e-09 -2.34641e-21 -1.32656e-09  7.83617e-22 -6.74452e-11  7.23839e-22  1.80559e-10 -8.71441e-22  7.01361e-11  3.81393e-22  8.47404e-13 -6.33021e-23 -7.95616e-12 -1.70267e-23 -2.87997e-12  2.51083e-23 -2.38512e-13 -1.70814e-23  1.67577e-13  4.69947e-24   7.5588e-14  7.17145e-25  1.35791e-14 -5.27208e-25 -2.20163e-16  3.26133e-26 -7.92542e-16 -5.46797e-26 -2.25614e-16  1.42257e-26 -3.21659e-17  1.80919e-26 -9.01611e-19 -2.99182e-27  6.97896e-19 -2.05765e-27  1.83133e-19   3.8631e-28  2.52937e-20  9.13992e-29  2.00092e-21 -4.53797e-29  3.24901e-23  1.62863e-30 -1.40867e-23  3.97566e-30 -2.08775e-24  2.07177e-31 -1.61262e-25 -6.40419e-32 -7.55082e-27 -4.96223e-33 -1.94138e-28 -2.82913e-34 -1.36704e-30 -4.14959e-35  3.88014e-32 -3.00179e-37
 1.10917e-28 -9.75593e-14 -2.92675e-27  3.64547e-12  2.81209e-26 -7.16318e-11 -1.36551e-25  9.30154e-10  1.50109e-25 -8.80915e-09  3.14958e-24  6.42467e-08 -3.00415e-23  -3.7313e-07  1.61007e-22  1.76364e-06 -6.06074e-22 -6.88122e-06  1.66435e-21  2.23575e-05 -3.16064e-21 -6.07486e-05  2.80536e-21  0.000138048  6.36969e-21 -0.000261152 -3.72528e-20  0.000406841  1.04048e-19 -0.000511222 -2.08989e-19  0.000497651  3.26667e-19 -0.000342246 -4.02402e-19  0.000118813  3.76353e-19  4.50456e-05 -2.22611e-19 -7.88546e-05 -2.37043e-20  2.71499e-05  2.71109e-19  1.70889e-05  -4.1245e-19 -1.58929e-05  3.89711e-19 -1.60834e-06 -2.40059e-19  5.55532e-06  6.89353e-20 -1.38659e-07  3.75538e-20 -1.66631e-06 -6.89236e-20  2.46275e-08  6.16371e-20  4.55079e-07  -4.3425e-20  4.41026e-08   2.1702e-20 -1.04027e-07 -2.41588e-21 -3.00871e-08 -6.05555e-21  1.56233e-08  3.38425e-21  1.00455e-08  2.07661e-21 -1.30843e-10 -3.46675e-21 -1.79658e-09  1.21588e-21 -5.49592e-10  8.02499e-22    8.653e-11 -9.74002e-22  1.05013e-10  3.78562e-22  2.56781e-11 -4.76923e-23 -2.98031e-12 -1.14335e-23 -3.71128e-12  1.83186e-23 -1.02238e-12 -1.55657e-23 -4.31033e-14  4.64377e-24   6.1607e-14  7.28741e-25  2.31851e-14 -4.53706e-25  3.82934e-15 -4.55256e-27  1.41062e-18 -7.35513e-26 -1.67115e-16  1.83025e-26 -4.63304e-17  2.20678e-26   -6.745e-18 -2.97231e-27 -4.02408e-19 -2.31828e-27  5.81583e-20  3.68021e-28  1.90744e-20  9.47905e-29  2.69252e-21 -3.72764e-29  2.30946e-22  2.25447e-30  1.06428e-23  3.27957e-30 -9.55057e-26   1.5899e-31 -5.38842e-26 -4.26489e-32 -4.03775e-27 -2.83828e-33 -1.54539e-28 -1.50579e-34 -2.94867e-30   -1.565e-35  -1.7751e-32
