 5.50611e-29 -2.08211e-44  -3.7732e-27   2.1071e-42  1.01351e-25 -6.88188e-41 -1.64967e-24   1.3336e-39  1.87861e-23 -1.82061e-38 -1.60888e-22  1.89522e-37  1.08154e-21 -1.57518e-36 -5.86629e-21  1.07802e-35  2.61515e-20 -6.20931e-35 -9.70084e-20  3.05732e-34  3.01799e-19  -1.3007e-33 -7.90725e-19  4.81233e-33  1.74596e-18 -1.55171e-32 -3.23913e-18   4.3479e-32  5.01031e-18 -1.04771e-31 -6.36782e-18  2.11803e-31  6.47369e-18 -3.37313e-31 -4.98855e-18  3.35863e-31  2.53671e-18  1.69373e-31 -3.74842e-19 -1.87062e-30 -5.93734e-19  5.70846e-30  4.80469e-19 -1.25474e-29 -5.48998e-20  2.26346e-29 -1.21927e-19 -3.50956e-29  5.59456e-20  4.78149e-29  1.92549e-20 -5.78788e-29 -1.83208e-20    6.245e-29 -2.45643e-21 -5.97565e-29  4.53712e-21  4.98778e-29  4.37997e-22 -3.50219e-29 -9.60654e-22  1.89754e-29 -1.43845e-22 -5.68025e-30  1.69268e-22 -2.43671e-30   4.6727e-23  5.32116e-30 -2.12864e-23 -4.75449e-30 -1.10637e-23  2.94487e-30  9.36142e-25 -1.36221e-30  1.70302e-24  4.66957e-31  2.72148e-25  -1.0988e-31 -1.32042e-25  1.32153e-32  -6.2078e-26  5.87895e-34 -3.07403e-27  5.14273e-34  4.71664e-27 -1.36977e-33  1.49208e-27  1.18198e-33  5.08591e-29 -7.10419e-34 -8.38937e-29  3.17257e-34 -2.46004e-29 -9.71517e-35 -1.90383e-30  1.56891e-35  6.41343e-31  5.59978e-37  2.25954e-31 -5.25958e-37  2.93671e-32 -1.66029e-37 -1.96409e-34  1.76455e-37 -7.48118e-34  -8.0399e-38 -1.35968e-34  2.62012e-38 -1.12472e-35 -6.05353e-39  1.11123e-38  9.97786e-40  1.13467e-37 -1.37213e-40  1.35312e-38  2.04274e-41  8.04721e-40 -3.40124e-42  1.90839e-41  4.25298e-43 -3.54735e-43 -2.53696e-44 -4.03168e-44  4.93944e-46 -1.36929e-45  6.40096e-49
-2.08211e-44  5.40329e-27 -1.16763e-42 -2.10648e-25   8.5018e-41  4.31522e-24 -2.27461e-39  -5.8395e-23  3.80382e-38  5.76341e-22 -4.59953e-37 -4.38268e-21  4.30802e-36  2.65688e-20 -3.25818e-35 -1.31329e-19  2.04763e-34  5.37397e-19  -1.0918e-33 -1.83879e-18  5.01483e-33  5.29279e-18 -2.00574e-32 -1.28484e-17   7.0333e-32  2.62791e-17 -2.16864e-31 -4.50622e-17  5.87206e-31  6.41122e-17 -1.38683e-30 -7.42546e-17  2.81275e-30  6.75483e-17 -4.73402e-30 -4.46466e-17  6.03688e-30  1.66986e-17 -3.78368e-30  2.43734e-18 -7.19897e-30 -7.23943e-18  3.33678e-29  3.26881e-18 -7.96592e-29  7.27485e-19  1.45747e-28 -1.24455e-18 -2.23662e-28  1.64796e-19  2.98794e-28  3.00032e-19 -3.54128e-28  -9.1751e-20  3.75413e-28 -6.40998e-20 -3.55272e-28    2.491e-20   2.9588e-28  1.40242e-20 -2.10009e-28 -4.73082e-21  1.18561e-28 -3.11754e-21 -4.31781e-29  5.49841e-22 -3.09139e-30  6.19953e-22  2.05564e-29   1.0449e-23  -1.9474e-29 -9.28755e-23  1.18568e-29 -2.04745e-23 -5.23076e-30  7.74404e-24  1.69109e-30  4.31664e-24 -3.97587e-31  1.88827e-25   8.1817e-32 -3.97356e-25 -3.32335e-32 -1.20962e-25  2.33294e-32  2.18735e-27 -1.49014e-32  9.94109e-27  8.32903e-33  2.46812e-27 -4.14215e-33  2.54888e-29  1.69501e-33  -1.2968e-28 -4.87038e-34 -3.36099e-29  6.70662e-35 -2.60927e-30  8.28261e-36  6.30055e-31 -4.02352e-36  2.21176e-31 -6.10587e-37  2.93469e-32  8.56429e-37  8.06823e-34 -3.81575e-37 -3.89127e-34   1.1206e-37 -7.59276e-35 -2.20636e-38 -6.73457e-36  3.05106e-39 -2.17416e-37 -3.82904e-40   1.8257e-38  5.74951e-41  2.72881e-39 -9.38222e-42  1.48998e-40  1.05841e-42  4.16728e-42 -4.98846e-44  3.26132e-44  5.80055e-46 -8.68927e-46
 -3.7732e-27 -1.16763e-42  2.61316e-25  -3.8443e-41 -7.09703e-24  2.19859e-39  1.16856e-22 -4.98781e-38 -1.34687e-21  7.31611e-37  1.16815e-20 -7.89999e-36 -7.95745e-20  6.68405e-35  4.37673e-19 -4.60604e-34 -1.98002e-18  2.65652e-33  7.46006e-18 -1.30851e-32  -2.3596e-17  5.58886e-32  6.29267e-17 -2.09303e-31 -1.41624e-16  6.92337e-31  2.68277e-16 -2.02994e-30  -4.2469e-16  5.27307e-30  5.54212e-16 -1.20732e-29 -5.81551e-16   2.4085e-29   4.6725e-16 -4.09106e-29 -2.54835e-16  5.62232e-29   5.2721e-17  -5.3463e-29  4.92158e-17  5.10934e-30 -4.81543e-17  1.19675e-28  9.32161e-18  -3.3855e-28  1.07535e-17  6.38801e-28  -6.4331e-18 -9.72739e-28 -1.28136e-18  1.27212e-27  1.97766e-18 -1.47256e-27  4.96849e-20  1.53137e-27 -4.83145e-19 -1.43287e-27  5.28239e-21  1.19035e-27  1.05216e-19 -8.50995e-28  4.25181e-21  4.92559e-28 -2.00325e-20 -1.97819e-28 -3.15675e-21   1.6676e-29  2.96128e-21  5.38972e-29  1.01431e-21 -5.51178e-29 -2.45356e-22  3.27497e-29 -1.92584e-22   -1.362e-29 -1.22582e-23  4.15846e-30  1.98782e-23  -1.0812e-30    6.297e-24  4.07534e-31 -3.63669e-25 -2.52308e-31 -6.67035e-25  1.53367e-31  -1.4636e-25 -8.00515e-32  1.07747e-26  3.79349e-32  1.25702e-26 -1.67612e-32  2.62066e-27  6.33308e-33  6.44244e-30  -1.6763e-33 -1.18852e-28  1.75817e-34 -2.85001e-29  5.18347e-35  -2.3897e-30 -1.85858e-35  3.19369e-31 -1.61994e-36   1.2354e-31  2.89222e-36  1.67634e-32 -1.23159e-36  8.60203e-34  3.22619e-37 -8.53475e-35 -5.27873e-38   -2.061e-35  5.81439e-39 -1.87914e-36 -6.75273e-40 -8.49406e-38  1.07585e-40 -2.31803e-40 -1.70996e-41   1.7169e-40  1.70042e-42  8.40987e-42 -6.01367e-44  1.24397e-43  3.44417e-46
  2.1071e-42 -2.10648e-25  -3.8443e-41  8.30319e-24 -9.12354e-40 -1.72066e-22  4.32001e-38  2.35665e-21 -8.50631e-37 -2.35544e-20  1.10709e-35  1.81497e-19 -1.07415e-34 -1.11566e-18  8.23602e-34  5.59587e-18 -5.17683e-33 -2.32546e-17   2.7382e-32  8.08828e-17 -1.24324e-31 -2.36913e-16    4.921e-31  5.85989e-16 -1.71822e-30 -1.22312e-15  5.33561e-30  2.14467e-15 -1.47993e-29 -3.12872e-15  3.66697e-29  3.73071e-15 -8.08106e-29 -3.51843e-15  1.56828e-28  2.44805e-15 -2.63187e-28 -1.02175e-15  3.68616e-28 -4.14161e-17 -3.94912e-28  3.77861e-16  2.21473e-28 -2.05361e-16  2.69756e-28 -2.03236e-17 -1.11771e-27  7.00604e-17  2.22291e-27 -1.60651e-17 -3.36326e-27 -1.54831e-17  4.28952e-27  6.95743e-18 -4.82851e-27  3.06863e-18   4.9135e-27 -1.85399e-18   -4.546e-27 -6.63716e-19  3.77164e-27  3.78288e-19 -2.71335e-27   1.5883e-19  1.59562e-27 -5.59472e-20  -6.7575e-28 -3.56734e-20  1.11825e-28  3.72049e-21  1.10084e-28  6.24477e-21 -1.24056e-28  7.18537e-22  7.10236e-29 -6.85113e-22 -2.74282e-29 -2.49294e-22  8.12312e-30  1.77427e-23 -2.80942e-30  3.07634e-23  1.69956e-30  6.27886e-24 -1.14137e-30 -1.03606e-24  6.44025e-31  -7.7109e-25 -3.08314e-31 -1.30322e-25  1.33724e-31  1.48384e-26 -5.42454e-32  1.11645e-26  1.89642e-32  2.06644e-27 -4.52566e-33  1.81884e-29  2.77199e-34 -7.32701e-29  2.16903e-34 -1.68808e-29 -6.30746e-35 -1.55528e-30 -3.80539e-36  7.69681e-32  7.81228e-36  4.28545e-32 -3.12211e-36  5.96167e-33  7.21536e-37  3.86977e-34 -9.42747e-38 -2.00564e-36    7.371e-39 -2.76024e-36 -8.35043e-40 -2.54417e-37  1.54369e-40 -1.09897e-38 -2.34416e-41  -1.9921e-40  1.99035e-42  1.72131e-42  -4.8602e-44  6.03797e-44
 1.01351e-25   8.5018e-41 -7.09703e-24 -9.12354e-40   1.9498e-22 -1.71608e-38 -3.24928e-21  6.95624e-37  3.79252e-20 -1.20755e-35 -3.33291e-19  1.40628e-34  2.30201e-18 -1.23227e-33 -1.28469e-17  8.58906e-33  5.90173e-17  -4.9315e-32 -2.25995e-16  2.39176e-31  7.27252e-16 -9.99184e-31 -1.97555e-15  3.65296e-30  4.53542e-15 -1.18378e-29 -8.77942e-15   3.4328e-29  1.42354e-14 -8.95794e-29 -1.90907e-14  2.10567e-28  2.06931e-14 -4.44086e-28 -1.73413e-14  8.32415e-28  1.01182e-14 -1.36415e-27 -2.66762e-15  1.89857e-27 -1.53215e-15 -2.11025e-27  1.88772e-15  1.53948e-27 -5.19308e-16  1.94856e-28 -3.57298e-16 -3.09741e-27  2.83708e-16  6.64182e-27  2.15026e-17 -9.96078e-27 -8.19111e-17  1.22999e-26  6.85786e-18 -1.33618e-26   1.9574e-17  1.32428e-26 -2.47308e-18 -1.21095e-26 -4.35103e-18  1.00517e-26  3.31104e-19 -7.27852e-27  8.87676e-19  4.32338e-27  3.88749e-20 -1.88301e-27 -1.49475e-19  3.97803e-28  -3.1469e-20  1.81756e-28  1.67824e-20 -2.32303e-28  7.96956e-21  1.25453e-28  -4.0553e-22 -4.42662e-29 -1.06155e-21   1.4126e-29 -2.19049e-22 -7.82444e-30    5.192e-23  5.99961e-30  3.39263e-23 -3.94081e-30  4.61596e-24  2.10479e-30  -1.3479e-24 -9.58405e-31 -6.69659e-25   3.9259e-31 -9.28755e-26 -1.48663e-31  1.21406e-26  4.80369e-32  7.37123e-27 -1.00623e-32  1.26815e-27   2.6841e-35    3.141e-29  6.97226e-34 -3.10875e-29 -1.70992e-34 -7.13585e-30  -8.7553e-36  -7.0951e-31  1.78395e-35 -3.56074e-33 -6.59557e-36  8.94862e-33  1.32854e-36  1.29923e-33 -1.29596e-37  9.11809e-35  4.83797e-39  2.37066e-36 -6.99887e-40  -1.3716e-37  1.79821e-40 -1.41833e-38 -2.50815e-41 -4.97045e-40   1.7368e-42 -5.79566e-42 -2.43394e-44
-6.88188e-41  4.31522e-24  2.19859e-39 -1.72066e-22 -1.71608e-38  3.60882e-21 -2.69863e-37 -5.00526e-20  9.56438e-36  5.06896e-19 -1.47924e-34 -3.96011e-18  1.55152e-33  2.46979e-17 -1.23363e-32 -1.25782e-16  7.84359e-32  5.31196e-16 -4.12284e-31 -1.87939e-15  1.83487e-30  5.60593e-15 -7.04642e-30  -1.4139e-14  2.37282e-29  3.01417e-14 -7.10433e-29 -5.40899e-14  1.91277e-28  8.09796e-14 -4.66659e-28 -9.94975e-14  1.03435e-27  9.73479e-14 -2.07612e-27 -7.12777e-14  3.73798e-27  3.28742e-14 -5.93849e-27 -1.67463e-15  8.10252e-27 -1.02512e-14 -9.01779e-27  6.71132e-15  7.12373e-27 -6.39106e-17 -1.36337e-27 -2.04055e-15 -7.81299e-27  6.90147e-16  1.81781e-26  3.98367e-16 -2.67686e-26 -2.60709e-16  3.16343e-26 -6.83096e-17 -3.27707e-26  6.84658e-17  3.13617e-26  1.40116e-17 -2.82633e-26 -1.46747e-17   2.3487e-26 -3.74549e-18 -1.71109e-26  2.49547e-18   1.0213e-26  9.96072e-19 -4.50034e-27 -2.73441e-19  1.07372e-27 -2.07495e-19  2.29818e-28 -6.06364e-22 -3.58491e-28  2.84753e-20   1.7569e-28   6.6674e-21 -5.64238e-29  -1.7207e-21  2.58363e-29 -1.15321e-21 -2.28213e-29 -1.30003e-22  1.82314e-29  6.88139e-23 -1.13084e-29  2.87961e-23  5.77058e-30  2.64445e-24 -2.54038e-30 -1.17363e-24  9.97979e-31 -4.56054e-25 -3.55897e-31 -5.56631e-26  1.05966e-31  6.58345e-27 -1.87887e-32  3.68113e-27 -1.49725e-33  6.08994e-28  1.83875e-33  2.68149e-29 -3.87827e-34 -8.77039e-30 -2.00157e-35 -2.11442e-30  3.54811e-35 -2.20234e-31 -1.19975e-35 -7.87905e-33  2.07766e-36  9.52357e-34 -1.32875e-37  1.61914e-34 -3.73218e-39   1.1082e-35 -2.82619e-40  3.62406e-37  1.74873e-40  1.96749e-39 -2.08983e-41 -2.13921e-40  1.09464e-42 -3.28425e-42
-1.64967e-24 -2.27461e-39  1.16856e-22  4.32001e-38 -3.24928e-21 -2.69863e-37  5.48331e-20 -3.66073e-36 -6.48473e-19  1.14941e-34  5.77786e-18 -1.59571e-33 -4.04877e-17  1.51577e-32  2.29409e-16 -1.09867e-31 -1.07088e-15  6.39713e-31  4.17075e-15 -3.08774e-30  -1.3665e-14  1.26343e-29  3.78402e-14 -4.46165e-29 -8.86873e-14  1.38149e-28  1.75582e-13 -3.80624e-28 -2.91865e-13  9.45668e-28  4.02592e-13 -2.14114e-27 -4.51143e-13  4.44208e-27  3.94493e-13 -8.43134e-27 -2.45729e-13  1.45046e-26  7.83368e-14 -2.22235e-26  2.66094e-14  2.94896e-26 -4.46883e-14 -3.22511e-26  1.61788e-14  2.57343e-26  6.69316e-15 -7.40697e-27 -7.44764e-15 -2.00114e-26   2.8083e-16  4.84788e-26  2.00535e-15 -6.88845e-26 -4.04666e-16  7.68391e-26 -4.62102e-16 -7.47547e-26  1.22033e-16  6.81134e-26  1.03869e-16  -5.9995e-26 -2.25095e-17  4.97276e-26 -2.26459e-17 -3.63134e-26   1.8544e-18  2.16351e-26  4.29589e-18 -9.53098e-27  3.93915e-19  2.45328e-27 -5.95428e-19  1.29393e-28 -1.80062e-19  -4.0376e-28  3.96592e-20  1.60291e-28  3.16962e-20 -5.20274e-29  3.34747e-21  5.80018e-29 -2.44431e-21 -6.44713e-29 -9.58206e-22  4.84889e-29 -4.39099e-23 -2.80824e-29  6.26387e-23  1.37797e-29  1.96599e-23 -5.92148e-30   1.2711e-24  2.24992e-30 -7.49493e-25 -7.59095e-31 -2.48121e-25  2.07341e-31 -2.85252e-26 -2.94834e-32  2.32595e-27  -6.0684e-33  1.38028e-27  4.13314e-33  2.24467e-28    -7.58e-34  1.37286e-29 -4.37587e-35 -1.44563e-30  6.26365e-35 -4.18768e-31 -1.91859e-35 -4.43672e-32  2.81247e-36 -2.21571e-33 -8.34746e-38  1.60422e-35 -1.72629e-38  9.70742e-36  1.94652e-40   6.0533e-37  1.43423e-40  1.66893e-38 -1.30553e-41  1.52923e-40  4.37414e-43
  1.3336e-39  -5.8395e-23 -4.98781e-38  2.35665e-21  6.95624e-37 -5.00526e-20 -3.66073e-36  7.03386e-19 -4.36229e-35 -7.22202e-18  1.22384e-33  5.72409e-17 -1.53412e-32 -3.62437e-16  1.32646e-31  1.87547e-15  -8.8051e-31 -8.05463e-15  4.71479e-30  2.90097e-14 -2.09746e-29  -8.8188e-14   7.9135e-29  2.26989e-13 -2.57409e-28 -4.94642e-13  7.32676e-28  9.09244e-13 -1.85204e-27 -1.39826e-12  4.22031e-27  1.77183e-12 -8.79137e-27  -1.7997e-12  1.69085e-26   1.3864e-12 -3.00916e-26 -7.01214e-13  4.91555e-26  9.30468e-14 -7.23156e-26  1.80242e-13  9.28631e-26  -1.4382e-13 -9.86608e-26  1.58185e-14  7.64042e-26   3.8374e-14 -2.07983e-26 -1.80266e-14 -5.71467e-26 -6.14234e-15  1.31781e-25  6.18854e-15 -1.77332e-25   7.2838e-16  1.85042e-25 -1.59852e-15 -1.66963e-25 -1.14804e-16   1.4225e-25   3.5516e-16  -1.2037e-25  4.21733e-17  9.82631e-26 -6.67582e-17 -7.11972e-26 -1.58527e-17  4.19365e-26  9.30399e-18 -1.83146e-26  4.20223e-18  5.05558e-27 -5.92245e-19 -4.76534e-28 -7.19453e-19 -8.48632e-29 -8.79776e-20 -5.65991e-29  6.51287e-20 -2.50758e-29  2.61218e-20  1.52711e-28  2.20106e-22 -1.67784e-28 -2.33172e-21  1.14377e-28 -6.39493e-22 -6.16977e-29  2.93645e-24  2.92932e-29  4.32485e-23 -1.23796e-29  1.10827e-23  4.57263e-30  5.73587e-25 -1.46252e-30 -3.60693e-25  3.64547e-31 -1.07918e-25 -3.79726e-32 -1.22836e-26  -1.6307e-32   4.3652e-28  8.11883e-33  3.77242e-28 -1.30388e-33  6.12548e-29 -8.80529e-35  4.47442e-30  9.94529e-35 -6.74224e-32 -2.73555e-35 -5.05019e-32  3.33498e-36 -5.38684e-33  1.77089e-38 -2.82371e-34 -3.12822e-38  -5.5082e-36  4.54309e-40  1.68626e-37  9.84429e-41  1.04924e-38 -5.52489e-42  1.20223e-40
 1.87861e-23  3.80382e-38 -1.34687e-21 -8.50631e-37  3.79252e-20  9.56438e-36 -6.48473e-19 -4.36229e-35  7.77519e-18 -4.61613e-34 -7.02809e-17  1.16437e-32  4.99978e-16 -1.32468e-31 -2.87826e-15  1.04752e-30  1.36623e-14  -6.3966e-30 -5.41591e-14  3.16312e-29  1.80807e-13 -1.30208e-28 -5.10806e-13  4.54595e-28  1.22325e-12 -1.36581e-27 -2.47907e-12  3.57795e-27  4.22855e-12 -8.28464e-27 -6.00495e-12  1.72179e-26  6.96264e-12 -3.26685e-26 -6.35577e-12  5.74969e-26  4.21916e-12 -9.47439e-26 -1.57357e-12  1.45635e-25 -2.66067e-13 -2.04729e-25  7.35749e-13  2.53623e-25 -3.37564e-13  -2.5971e-25 -7.50865e-14  1.88561e-25  1.34467e-13 -2.99082e-26  -2.0182e-14 -1.80374e-25 -3.32186e-14  3.68268e-25  1.13849e-14 -4.65292e-25  7.19184e-15  4.55479e-25 -3.25481e-15 -3.80879e-25 -1.61017e-15  2.99082e-25  6.70499e-16 -2.37042e-25  3.76801e-16  1.85952e-25 -9.24864e-17 -1.31194e-25 -8.09636e-17  7.54189e-26  2.91098e-18 -3.25471e-26  1.34346e-17     9.89e-27   2.3051e-18 -2.51772e-27 -1.33477e-18  1.26165e-27  -6.0655e-19 -7.24562e-28  5.63438e-21 -2.98619e-30  6.61336e-20  4.05541e-28  1.67884e-20 -3.95231e-28 -1.36211e-21   2.4157e-28 -1.69708e-21 -1.21486e-28 -3.55011e-22  5.62336e-29  1.40386e-23 -2.35383e-29   2.3503e-23  8.47736e-30  5.21907e-24 -2.57143e-30  2.64232e-25  5.81781e-31 -1.30124e-25 -3.68628e-32 -3.69715e-26 -3.51379e-32 -4.26566e-27  1.41881e-32 -2.34145e-29 -2.00731e-33  7.08399e-29 -1.60015e-34  1.17467e-29  1.43423e-34  9.24383e-31 -3.51102e-35  2.14951e-32  3.48754e-36 -3.01443e-33  1.42719e-37 -3.44794e-34 -4.00974e-38 -1.61343e-35  3.80181e-40 -3.37511e-37  5.47585e-41 -1.34069e-39 -1.16002e-42
-1.82061e-38  5.76341e-22  7.31611e-37 -2.35544e-20 -1.20755e-35  5.06896e-19  1.14941e-34 -7.22202e-18 -4.61613e-34  7.52267e-17 -4.36869e-33 -6.05296e-16  9.95964e-32  3.89374e-15 -1.03327e-30 -2.04869e-14  7.50598e-30  8.95452e-14 -4.23401e-29 -3.28563e-13  1.94126e-28  1.01878e-12 -7.42293e-28 -2.67838e-12  2.40719e-27  5.97156e-12 -6.70313e-27 -1.12544e-11  1.62001e-26  1.77948e-11 -3.43585e-26 -2.32771e-11  6.48186e-26  2.45639e-11 -1.10727e-25  -1.9907e-11   1.7509e-25  1.09751e-11 -2.61677e-25 -2.27884e-12  3.72544e-25 -2.23422e-12 -4.96804e-25  2.23407e-12  5.92699e-25 -4.64338e-13 -5.81109e-25 -5.07466e-13  3.76387e-25  3.27124e-13  4.38531e-26  5.48637e-14 -5.79762e-25  -1.0354e-13  1.03392e-24  1.41013e-15 -1.23201e-24  2.61233e-14  1.14579e-24  -1.5488e-15 -8.98964e-25 -5.95388e-15  6.49243e-25  8.16291e-17   -4.703e-25  1.21444e-15  3.42949e-25  1.22272e-16 -2.29462e-25 -1.99528e-16  1.26875e-25 -5.42105e-17 -5.44557e-26  2.06289e-17  1.91877e-26  1.21902e-17 -8.16151e-27  2.07067e-20  4.97596e-27 -1.49507e-18  -2.2304e-27 -3.78374e-19 -1.01012e-28  5.60394e-20  9.97861e-28  5.02744e-20 -8.40859e-28  8.68545e-21  4.59656e-28 -1.50382e-21  -2.1605e-28 -9.90256e-22  9.84876e-29 -1.68538e-22 -4.11347e-29  9.45499e-24  1.44648e-29  1.01593e-23 -4.15876e-30  2.04664e-24  8.50338e-31  1.17752e-25 -1.72699e-32 -3.39538e-26 -6.46609e-32 -9.68301e-27  2.23625e-32 -1.13397e-27 -2.80644e-33 -3.93859e-29 -2.61454e-34  8.08092e-30  1.89258e-34  1.46656e-30 -4.08049e-35  1.15357e-31  3.22083e-36  4.21632e-33  2.48476e-37 -2.64988e-35 -4.01956e-38 -8.88922e-36  9.75013e-41 -3.03715e-37  2.29051e-41 -2.73275e-39
-1.60888e-22 -4.59953e-37  1.16815e-20  1.10709e-35 -3.33291e-19 -1.47924e-34  5.77786e-18  1.22384e-33 -7.02809e-17 -4.36869e-33  6.44924e-16 -3.71837e-32 -4.66106e-15  7.69878e-31  2.72819e-14 -7.31625e-30 -1.31784e-13  4.90238e-29  5.32152e-13 -2.56416e-28 -1.81171e-12  1.09394e-27  5.22645e-12 -3.89934e-27 -1.28001e-11  1.17881e-26  2.65799e-11 -3.05341e-26 -4.65668e-11  6.82952e-26  6.81482e-11 -1.32843e-25 -8.18321e-11  2.26667e-25  7.80212e-11 -3.43969e-25 -5.51196e-11  4.75364e-25  2.35193e-11 -6.19897e-25  8.30547e-13  7.89526e-25 -9.01521e-12 -9.83164e-25  5.15969e-12  1.12956e-24  3.75287e-13 -1.05141e-24 -1.79064e-12  5.33408e-25  4.83822e-13  4.91983e-25  3.93014e-13  -1.7793e-24 -2.09608e-13  2.83099e-24 -7.56201e-14 -3.21504e-24  5.82481e-14   2.8794e-24  1.63009e-14 -2.15361e-24 -1.27763e-14  1.44339e-24 -4.18239e-15 -9.43055e-25  2.15189e-15  6.19156e-25  1.05232e-15 -3.81385e-25 -2.14113e-16  2.00254e-25 -2.10087e-16 -8.75128e-26 -9.62791e-18   3.7951e-26   2.7444e-17 -2.18952e-26  7.66956e-18  1.34211e-26 -1.38889e-18 -5.06101e-27 -1.19309e-18 -6.07193e-28 -1.74582e-19  2.22226e-27  6.11737e-20  -1.6201e-27  3.06061e-20  7.90434e-28  3.72898e-21 -3.48502e-28 -9.98642e-22  1.58645e-28 -4.73423e-22 -6.66192e-29  -6.9671e-23  2.28682e-29  3.63061e-24 -6.22676e-30  3.46799e-24  1.14882e-30  6.56198e-25  2.72427e-32   4.4513e-26 -1.04767e-31 -5.85158e-27  3.21438e-32 -1.84963e-27 -3.61294e-33 -2.17531e-28 -3.85133e-34 -1.11964e-29  2.29793e-34  3.68509e-31 -4.30495e-35  1.05273e-31  2.61026e-36   7.8185e-33  2.99487e-37  2.79497e-34 -3.23289e-38  3.49591e-36 -1.53803e-40 -3.79576e-38  5.98119e-42
 1.89522e-37 -4.38268e-21 -7.89999e-36  1.81497e-19  1.40628e-34 -3.96011e-18 -1.59571e-33  5.72409e-17  1.16437e-32 -6.05296e-16 -3.71837e-32  4.94792e-15  -2.8606e-31 -3.23609e-14  5.40394e-30   1.7326e-13 -4.72383e-29 -7.71345e-13  2.93057e-28  2.88584e-12 -1.42603e-27 -9.13503e-12  5.67855e-27  2.45529e-11 -1.89269e-26 -5.60613e-11  5.35118e-26  1.08437e-10  -1.2938e-25  -1.7646e-10   2.6873e-25   2.3851e-10 -4.80438e-25 -2.61708e-10  7.39502e-25  2.23127e-10 -9.81026e-25 -1.33449e-10  1.13207e-24  3.70819e-11 -1.17758e-24  2.00069e-11  1.20181e-24 -2.65688e-11 -1.31717e-24  8.18693e-12  1.46663e-24  4.84733e-12 -1.26366e-24 -4.42343e-12  1.36812e-25 -1.03927e-13  2.16177e-24  1.29021e-12 -5.08091e-24 -1.90268e-13  7.40927e-24 -3.13599e-13 -8.09643e-24  6.50157e-14  7.04251e-24  7.24927e-14 -5.07548e-24 -1.19176e-14  3.19116e-24 -1.59188e-14 -1.87763e-24  6.27504e-16  1.08436e-24  3.00083e-15 -5.97554e-25  3.86868e-16   2.9622e-25 -4.05548e-16 -1.38444e-25 -1.41847e-16  7.67097e-26  2.35185e-17 -5.19606e-26  2.35308e-17   3.0221e-26  3.17938e-18 -9.64361e-27 -1.66338e-18 -2.08564e-27 -7.45885e-19  4.47802e-27 -5.54203e-20 -2.83579e-27  4.33187e-20  1.22835e-27  1.54348e-20 -5.10662e-28  1.38859e-21  2.36642e-28 -4.81848e-22 -1.00638e-28 -1.86442e-22  3.36638e-29  -2.5106e-23 -8.67878e-30  7.76618e-25  1.45028e-30   9.1311e-25  9.58121e-32  1.66501e-25 -1.52161e-31  1.28747e-26  4.25295e-32   -4.888e-28 -4.34056e-33 -2.39448e-28 -5.14234e-34 -2.80133e-29  2.57763e-34 -1.61244e-30 -4.11866e-35 -2.17649e-32  1.81821e-36  3.34294e-33   2.8583e-37  2.31957e-34 -2.07288e-38  5.81005e-36 -2.22344e-40  3.99834e-38
 1.08154e-21  4.30802e-36 -7.95745e-20 -1.07415e-34  2.30201e-18  1.55152e-33 -4.04877e-17 -1.53412e-32  4.99978e-16  9.95964e-32 -4.66106e-15  -2.8606e-31  3.42496e-14 -1.99874e-30 -2.03986e-13  3.46028e-29  1.00356e-12 -2.79314e-28 -4.13155e-12  1.60964e-27  1.43572e-11 -7.30795e-27  -4.2332e-11  2.72338e-26  1.06131e-10  -8.5097e-26 -2.26042e-10  2.25628e-25  4.07177e-10 -5.10746e-25 -6.14709e-10  9.88356e-25   7.6517e-10 -1.62822e-24  -7.6243e-10  2.25631e-24  5.72604e-10 -2.56364e-24 -2.75145e-10  2.26214e-24  2.08539e-11  -1.3518e-24  8.51217e-11  2.79771e-25 -6.08662e-11  3.05456e-25  3.37621e-12 -2.36542e-25  1.82343e-11  4.08069e-25 -7.48128e-12 -2.42532e-24  -3.3263e-12   7.1676e-24  2.80957e-12 -1.34478e-23  4.83077e-13  1.83662e-23 -7.62281e-13 -1.94265e-23 -8.73707e-14  1.64599e-23  1.74346e-13 -1.14749e-23  2.74308e-14  6.81221e-24 -3.32018e-14 -3.61923e-24 -9.21824e-15  1.80882e-24  4.58067e-15 -8.67047e-25  2.34287e-15  4.09228e-25 -2.51146e-16 -2.21652e-25 -3.92261e-16   1.5562e-25 -5.76054e-17 -1.11766e-25  3.39204e-17    6.012e-26  1.51098e-17 -1.60117e-26  4.99514e-19 -5.46127e-27 -1.26538e-18  8.20971e-27 -3.82207e-19 -4.51808e-27 -8.16851e-21  1.71797e-27   2.3252e-20  -6.7886e-28  6.56599e-21  3.28862e-28  4.77322e-22 -1.42492e-28 -1.76051e-22  4.63012e-29  -5.9992e-23 -1.13168e-29 -7.72194e-24  1.73428e-30  1.28546e-26  1.77105e-31    1.775e-25 -2.00437e-31   3.1919e-26  5.22058e-32  2.65759e-27  -4.9269e-33  3.02621e-29 -6.26234e-34  -1.8438e-29  2.67875e-34 -2.18628e-30 -3.55567e-35 -1.20557e-31   1.0301e-36 -2.93993e-33  2.24727e-37  1.20023e-35  -1.0222e-38  1.68333e-36 -1.35575e-40
-1.57518e-36  2.65688e-20  6.68405e-35 -1.11566e-18 -1.23227e-33  2.46979e-17  1.51577e-32 -3.62437e-16 -1.32468e-31  3.89374e-15  7.69878e-31 -3.23609e-14 -1.99874e-30  2.15362e-13 -1.27433e-29 -1.17431e-12  2.03023e-28  5.32964e-12 -1.51864e-27   -2.035e-11  8.15345e-27  6.58256e-11 -3.46232e-26 -1.81057e-10  1.21014e-25  4.23807e-10 -3.55243e-25 -8.42205e-10  8.85281e-25  1.41207e-09 -1.88097e-24 -1.97422e-09  3.40076e-24  2.25436e-09 -5.17497e-24 -2.02233e-09  6.44281e-24  1.30716e-09 -6.09168e-24 -4.50947e-10  3.27473e-24 -1.23913e-10  1.69845e-24  2.49819e-10 -6.94316e-24 -1.04122e-10  9.92582e-24 -3.22788e-11 -9.68018e-24  4.64049e-11  8.56137e-24  -5.1349e-12 -1.11596e-23 -1.22982e-11  2.02258e-23  3.70854e-12 -3.31373e-23  2.80315e-12  4.30207e-23 -1.13265e-12 -4.41533e-23 -6.45948e-13  3.64084e-23  2.40596e-13 -2.45304e-23  1.52866e-13  1.37685e-23 -3.29554e-14 -6.60699e-24 -3.30362e-14  2.80675e-24  5.08664e-16 -1.12857e-24  5.49693e-15  5.26334e-25  1.05227e-15 -3.67113e-25 -5.37234e-16  3.09373e-25 -2.64197e-16 -2.20509e-25 -2.23808e-18  1.08145e-25  2.80807e-17 -2.33006e-26  7.66657e-18  -1.2026e-26  -4.4167e-19  1.37738e-26 -7.33081e-19 -6.55044e-27 -1.65362e-19  2.13931e-27  2.62453e-21 -8.14662e-28  9.90659e-21   4.2812e-28  2.37013e-21 -1.89682e-28  1.58831e-22  5.96226e-29 -4.84081e-23 -1.38726e-29 -1.54382e-23  1.99762e-30 -1.94626e-24  2.50374e-31 -5.04981e-26  -2.4145e-31  2.35507e-26  5.98443e-32  4.33984e-27 -5.33589e-33  3.66799e-28 -6.99919e-34  1.23892e-29  2.58389e-34 -5.98364e-31 -2.74285e-35 -8.68934e-32  3.95801e-37 -3.98394e-33  1.46858e-37 -7.62272e-35 -3.55144e-39 -3.29688e-37
-5.86629e-21 -3.25818e-35  4.37673e-19  8.23602e-34 -1.28469e-17 -1.23363e-32  2.29409e-16  1.32646e-31 -2.87826e-15 -1.03327e-30  2.72819e-14  5.40394e-30 -2.03986e-13 -1.27433e-29  1.23731e-12 -7.44701e-29 -6.20531e-12  1.09606e-27  2.60699e-11  -7.6216e-27 -9.25589e-11  3.82203e-26  2.79215e-10 -1.52122e-25 -7.17357e-10   4.9958e-25  1.56877e-09 -1.38012e-24 -2.90874e-09  3.23827e-24  4.53502e-09 -6.47088e-24 -5.85776e-09  1.09551e-23  6.10409e-09 -1.54276e-23 -4.86951e-09  1.72039e-23   2.6047e-09 -1.29283e-23 -4.48996e-10  6.58934e-25 -6.27035e-10  1.75936e-23  5.72429e-10 -3.51461e-23 -9.96329e-11  4.39695e-23 -1.43875e-10 -4.12664e-23  8.53294e-11  3.39153e-23  1.83528e-11 -3.46621e-23   -2.884e-11  5.09532e-23 -3.86331e-13 -7.65168e-23  7.59844e-12   9.5308e-23 -2.93943e-13 -9.48924e-23 -1.78692e-12  7.59202e-23 -5.01813e-15 -4.92668e-23  3.73498e-13  2.60769e-23  4.30121e-14 -1.12397e-23 -6.25675e-14  3.92903e-24 -1.80275e-14 -1.23257e-24  6.50982e-15  6.31492e-25   4.0594e-15 -6.31741e-25  4.42597e-17  5.91295e-25 -4.99666e-16  -4.0198e-25 -1.32299e-16   1.7787e-25  1.76806e-17  -2.9178e-26  1.73062e-17 -2.33019e-26  3.16083e-18  2.12483e-26 -4.73709e-19 -8.61255e-27  -3.4279e-19  2.31471e-27 -6.18024e-20 -8.72766e-28  2.22006e-21  5.24581e-28  3.38798e-21 -2.37688e-28  7.20906e-22   7.1937e-29  4.99914e-23  -1.6066e-29 -9.58171e-24  2.25619e-30 -3.06555e-24  2.91454e-31 -3.80817e-25 -2.67562e-31 -1.75061e-26  6.43929e-32  1.79087e-27 -5.54397e-33  3.81915e-28 -7.22233e-34  3.10233e-29  2.31577e-34  1.22619e-30 -1.85922e-35  7.87879e-33 -6.07824e-39  -1.1944e-33  7.88744e-38 -3.53191e-35 -6.82382e-40
 1.07802e-35 -1.31329e-19 -4.60604e-34  5.59587e-18  8.58906e-33 -1.25782e-16 -1.09867e-31  1.87547e-15  1.04752e-30 -2.04869e-14 -7.31625e-30   1.7326e-13  3.46028e-29 -1.17431e-12 -7.44701e-29  6.52737e-12 -4.00595e-28 -3.02296e-11  5.46614e-27  1.17917e-10 -3.54341e-26 -3.90164e-10   1.6634e-25  1.09942e-09 -6.21644e-25 -2.64111e-09  1.92109e-24  5.39845e-09  -5.0011e-24 -9.33628e-09  1.10635e-23   1.3517e-08 -2.08222e-23 -1.60783e-08  3.30625e-23  1.51803e-08 -4.31349e-23 -1.05725e-08  4.28623e-23  4.33699e-09 -2.34894e-23  3.91045e-10 -1.81637e-23 -1.89087e-09  7.34374e-23  1.02569e-09 -1.21685e-22  1.16991e-10  1.41104e-22 -3.86268e-10   -1.264e-22  9.62587e-11  9.80451e-23  8.98886e-11 -8.93072e-23 -4.56654e-11  1.17527e-22 -1.80782e-11 -1.66568e-22  1.33239e-11   2.0006e-22   3.9911e-12  -1.9286e-22 -3.03493e-12  1.49119e-22  -1.0378e-12 -9.27796e-23  5.28531e-13  4.60637e-23  2.66115e-13 -1.75921e-23 -5.42045e-14  4.70842e-24 -5.44596e-14 -9.05821e-25 -2.55295e-15  7.19002e-25  7.29669e-15 -1.11185e-24  2.06605e-15  1.07399e-24 -3.75729e-16 -6.80626e-25 -3.27499e-16  2.68909e-25 -4.89111e-17 -2.94261e-26  1.67901e-17 -4.07278e-26   8.5755e-18   3.0241e-26  1.08477e-18 -1.01802e-26 -2.68508e-19  2.04657e-27 -1.32382e-19   -8.152e-28 -2.02558e-20  6.07234e-28  7.48125e-22 -2.80165e-28  9.21993e-22  8.12787e-29  1.80912e-22 -1.76677e-29  1.36482e-23  2.53445e-30  -1.2127e-24  2.81631e-31 -4.44986e-25 -2.73913e-31 -5.41928e-26  6.52794e-32 -3.06992e-27 -5.52676e-33  2.99328e-29 -6.91676e-34  1.86489e-29  1.92868e-34  1.39284e-30 -1.07607e-35  4.75953e-32 -1.77266e-37  6.14303e-34  3.34293e-38 -6.88789e-37
 2.61515e-20  2.04763e-34 -1.98002e-18 -5.17683e-33  5.90173e-17  7.84359e-32 -1.07088e-15  -8.8051e-31  1.36623e-14  7.50598e-30 -1.31784e-13 -4.72383e-29  1.00356e-12  2.03023e-28 -6.20531e-12 -4.00595e-28  3.17558e-11 -1.99144e-27 -1.36285e-10  2.52729e-26  4.94894e-10 -1.53113e-25 -1.52908e-09  6.74146e-25  4.03037e-09 -2.36921e-24 -9.06052e-09   6.8982e-24  1.73129e-08 -1.69404e-23 -2.79094e-08  3.53682e-23  3.74496e-08 -6.27589e-23 -4.08435e-08  9.35527e-23  3.45912e-08 -1.13074e-22 -2.04199e-08   9.9245e-23  5.29954e-09 -3.21806e-23  3.55355e-09 -8.97038e-23 -4.38008e-09  2.36391e-22  1.27874e-09 -3.51137e-22  8.67813e-10   3.8217e-22 -7.58684e-10 -3.25411e-22  -2.9615e-11  2.39008e-22  2.32281e-10  -2.0316e-22 -3.30967e-11  2.52077e-22 -5.85099e-11 -3.43477e-22  1.22155e-11  3.98582e-22  1.39449e-11 -3.70964e-22 -2.37893e-12   2.7604e-22 -3.16123e-12 -1.63862e-22  1.47949e-13  7.57354e-23  6.17906e-13 -2.49814e-23  7.58596e-14  4.19095e-24 -8.71006e-14  2.62181e-25 -2.98812e-14  8.16482e-25  5.42791e-15 -1.95126e-24  5.17989e-15  1.84354e-24  6.73604e-16 -1.07474e-24 -3.81594e-16  3.74221e-25 -1.68177e-16 -1.79598e-26 -1.20267e-17 -6.51995e-26   9.9926e-18  3.97852e-26  3.54015e-18 -1.06141e-26  3.21515e-19  1.18275e-27 -1.08694e-19 -6.27258e-28 -4.24311e-20  6.65413e-28 -5.82468e-21  -3.0972e-28  1.23817e-22  8.58173e-29  1.94509e-22 -1.85406e-29  3.61525e-23  2.84616e-30  2.94022e-24   2.1533e-31 -5.85904e-26 -2.59795e-31 -4.34103e-26  6.24974e-32 -5.16289e-27 -5.26147e-33 -3.02324e-28 -6.17081e-34 -5.90334e-30  1.49066e-34  3.52668e-31 -5.03225e-36  2.48463e-32  -1.8276e-37  4.92805e-34  9.85467e-39
-6.20931e-35  5.37397e-19  2.65652e-33 -2.32546e-17  -4.9315e-32  5.31196e-16  6.39713e-31 -8.05463e-15  -6.3966e-30  8.95452e-14  4.90238e-29 -7.71345e-13 -2.79314e-28  5.32964e-12  1.09606e-27 -3.02296e-11 -1.99144e-27   1.4301e-10 -9.18208e-27  -5.7051e-10  1.08689e-25  1.93315e-09 -6.16762e-25 -5.58708e-09  2.55128e-24  1.37914e-08 -8.44258e-24 -2.90307e-08  2.31834e-23  5.18529e-08 -5.37525e-23 -7.78348e-08  1.05989e-22  9.65419e-08 -1.77427e-22 -9.59756e-08  2.48384e-22  7.18587e-08 -2.77776e-22 -3.41043e-08  2.12196e-22  1.77542e-09 -1.29122e-23   1.1589e-08 -3.06449e-22 -8.11932e-09  6.56404e-22   3.4685e-10 -8.96467e-22  2.57232e-09  9.18796e-22 -1.05363e-09 -7.40839e-22 -4.85949e-10  5.15517e-22  4.15934e-10 -4.19783e-22  7.07812e-11  5.07986e-22 -1.17364e-10 -6.73185e-22 -1.24359e-11  7.54651e-22    2.791e-11 -6.75927e-22  4.04249e-12  4.82132e-22 -5.55862e-12   -2.717e-22 -1.45661e-12   1.1574e-22  8.13903e-13 -3.14676e-23   3.9434e-13  8.21125e-25 -5.22921e-14  2.79113e-24 -6.99703e-14  1.01109e-24 -9.28126e-15 -3.33748e-24  6.48036e-15  2.98566e-24  2.73968e-15 -1.58795e-24  5.35359e-17  4.78266e-25 -2.43434e-16  1.24743e-26 -7.08719e-17 -9.65715e-26  -9.0022e-19  4.84037e-26  4.49926e-18 -9.33531e-27  1.24024e-18 -3.09738e-28  8.74664e-20 -3.28372e-28 -3.33019e-20  6.90126e-28 -1.11838e-20 -3.19341e-28 -1.43959e-21  8.43132e-29 -4.81505e-24 -1.86448e-29  3.03387e-23  3.17687e-30  5.47024e-24  1.02841e-31  4.60816e-25 -2.28672e-31   8.4933e-27  5.65797e-32 -2.44018e-27 -4.74572e-33 -2.91996e-28 -5.13298e-34 -1.54607e-29  1.06467e-34 -3.69456e-31 -1.65435e-36 -7.34103e-34 -1.13215e-37  6.90035e-35
-9.70084e-20  -1.0918e-33  7.46006e-18   2.7382e-32 -2.25995e-16 -4.12284e-31  4.17075e-15  4.71479e-30 -5.41591e-14 -4.23401e-29  5.32152e-13  2.93057e-28 -4.13155e-12 -1.51864e-27  2.60699e-11  5.46614e-27 -1.36285e-10 -9.18208e-27  5.98154e-10 -3.93964e-26 -2.22419e-09  4.36085e-25  7.04717e-09 -2.32231e-24 -1.90805e-08  9.03856e-24  4.41508e-08 -2.81947e-23 -8.70549e-08  7.30821e-23  1.45292e-07 -1.60084e-22 -2.02772e-07  2.98261e-22  2.31666e-07 -4.71172e-22 -2.08242e-07  6.19293e-22  1.34787e-07 -6.39065e-22 -4.59139e-08  4.14464e-22 -1.43828e-08  1.15715e-22  2.75771e-08 -8.79059e-22 -1.15338e-08  1.63877e-21 -3.71591e-09 -2.07931e-21  5.40079e-09  2.00649e-21 -6.41606e-10  -1.5255e-21 -1.47477e-09   1.0052e-21  4.75714e-10 -8.00546e-22  3.43064e-10  9.68716e-22 -1.51662e-10 -1.25668e-21 -8.09387e-11  1.35891e-21  3.40834e-11  -1.1677e-21  1.99238e-11  7.95583e-22 -5.14172e-12 -4.23492e-22 -4.54507e-12  1.64086e-22  2.08368e-13 -3.34694e-23  8.06758e-13 -7.53142e-24  1.34576e-13  7.23095e-24 -8.63418e-14  1.46529e-24 -3.87415e-14 -5.47957e-24  6.97129e-16  4.56491e-24  4.48219e-15 -2.20146e-24  1.13548e-15  5.57157e-25 -9.66559e-17   6.8836e-26 -1.18536e-16  -1.3328e-25 -2.52439e-17  5.43764e-26   7.8834e-19 -6.04336e-27  1.61414e-18 -2.29334e-27  3.71029e-19  2.79023e-29  2.32228e-20   6.7535e-28 -7.71397e-21 -3.04269e-28 -2.36899e-21   7.6474e-29 -2.93376e-22 -1.80102e-29 -8.09626e-24  3.47898e-30  3.21603e-24  -3.3248e-32  5.84734e-25  -1.8694e-31  4.84502e-26  4.84686e-32  1.70652e-27 -4.01791e-33  -4.9964e-29 -3.96614e-34 -7.94203e-30  6.96151e-35  -3.2283e-31 -1.67785e-37 -4.78167e-33 -4.27379e-38
 3.05732e-34 -1.83879e-18 -1.30851e-32  8.08828e-17  2.39176e-31 -1.87939e-15 -3.08774e-30  2.90097e-14  3.16312e-29 -3.28563e-13 -2.56416e-28  2.88584e-12  1.60964e-27   -2.035e-11  -7.6216e-27  1.17917e-10  2.52729e-26  -5.7051e-10 -3.93964e-26  2.33046e-09  -1.5776e-25 -8.09697e-09   1.6367e-24  2.40329e-08 -8.19374e-24 -6.10386e-08  3.00442e-23  1.32499e-07 -8.84306e-23 -2.44756e-07  2.16522e-22  3.81421e-07 -4.48312e-22 -4.93899e-07  7.89502e-22  5.17304e-07 -1.17696e-21 -4.15667e-07  1.45123e-21  2.24068e-07 -1.37559e-21 -3.80608e-08  7.25034e-22 -5.69786e-08  5.63593e-22  5.27274e-08 -2.24518e-21 -9.64343e-09   3.7536e-21 -1.35854e-08 -4.44415e-21  8.48175e-09  4.02929e-21  1.65073e-09  -2.8733e-21 -2.95098e-09  1.79083e-21  3.88392e-11 -1.42385e-21  8.00696e-10  1.75678e-21 -5.78265e-11 -2.23695e-21 -1.95409e-10  2.32834e-21  6.66815e-12 -1.91421e-21  4.29784e-11  1.24202e-21  3.38122e-12  -6.2129e-22  -7.7203e-12  2.15019e-22  -1.9165e-12 -2.57439e-23  9.02667e-13 -2.33319e-23  4.87712e-13  1.40451e-23 -1.35472e-14  2.40532e-24 -6.64199e-14  -8.5668e-24 -1.55602e-14    6.602e-24  2.98072e-15 -2.87034e-24  2.31796e-15  5.81635e-25  3.75648e-16  1.55746e-25 -7.72231e-17 -1.72244e-25  -4.6802e-17  5.61591e-26 -7.78681e-18 -8.91884e-28  4.51053e-19 -4.45976e-27   4.6729e-19  3.66381e-28  9.41328e-20  6.19521e-28  5.97926e-21 -2.63785e-28 -1.29795e-21  6.30821e-29 -3.88216e-22 -1.67017e-29 -4.65479e-23  3.68404e-30 -2.10531e-24 -1.65999e-31  1.92175e-25 -1.41973e-31  3.98974e-26  3.93021e-32  3.07314e-27 -3.16173e-33  1.15175e-28 -2.81847e-34  1.00564e-30  4.09236e-35 -6.24208e-32  1.98806e-37 -1.20396e-33
 3.01799e-19  5.01483e-33  -2.3596e-17 -1.24324e-31  7.27252e-16  1.83487e-30  -1.3665e-14 -2.09746e-29  1.80807e-13  1.94126e-28 -1.81171e-12 -1.42603e-27  1.43572e-11  8.15345e-27 -9.25589e-11 -3.54341e-26  4.94894e-10  1.08689e-25 -2.22419e-09  -1.5776e-25  8.47995e-09 -5.91171e-25 -2.75897e-08  5.75989e-24  7.68394e-08 -2.71489e-23  -1.8327e-07   9.3892e-23  3.73428e-07 -2.60988e-22 -6.46164e-07  6.04014e-22  9.39212e-07 -1.18263e-21 -1.12525e-06  1.96891e-21  1.07355e-06 -2.76926e-21  -7.5818e-07  3.19882e-21   3.1703e-07 -2.76609e-21  2.77862e-08  1.08854e-21 -1.43239e-07  1.80564e-21  8.10426e-08 -5.24018e-21  7.57489e-09  7.97912e-21 -3.10939e-08  -8.8268e-21  8.76362e-09  7.49173e-21  7.22758e-09 -4.97639e-21 -4.17237e-09  2.92906e-21 -1.41808e-09 -2.38009e-21  1.25826e-09  3.03972e-21   3.1027e-10 -3.79855e-21 -3.01735e-10  3.79691e-21 -8.55843e-11 -2.98023e-21  5.69544e-11  1.83702e-21  2.41613e-11 -8.58875e-22 -6.94323e-12  2.58634e-22 -5.46273e-12 -1.95979e-24  7.76488e-15 -4.89153e-23  8.16562e-13  2.34946e-23  1.94796e-13  4.07157e-24 -5.32616e-14 -1.27162e-23 -3.62774e-14  9.05639e-24 -4.26731e-15 -3.52624e-24  2.21767e-15  5.22852e-25  9.66748e-16  2.73315e-25  1.00024e-16 -2.09136e-25 -3.63571e-17  5.28217e-26 -1.53459e-17  5.46073e-27 -2.12058e-18  -6.3924e-27  1.33959e-19  6.11418e-28  1.08251e-19  5.27106e-28  1.98162e-20 -2.02202e-28  1.36516e-21    4.584e-29 -1.43098e-22  -1.4801e-29 -4.64837e-23  3.72724e-30 -5.35477e-24 -2.72607e-31 -2.88997e-25 -1.00199e-31  2.17174e-27   3.0167e-32   1.4617e-27 -2.28839e-33  9.86788e-29 -1.81002e-34  2.89799e-30  2.09257e-35  2.91656e-32  1.30136e-37
 -1.3007e-33  5.29279e-18  5.58886e-32 -2.36913e-16 -9.99184e-31  5.60593e-15  1.26343e-29  -8.8188e-14 -1.30208e-28  1.01878e-12  1.09394e-27 -9.13503e-12 -7.30795e-27  6.58256e-11  3.82203e-26 -3.90164e-10 -1.53113e-25  1.93315e-09  4.36085e-25 -8.09697e-09 -5.91171e-25  2.88866e-08  -2.0779e-24 -8.81815e-08  1.90472e-23  2.30779e-07 -8.46411e-23 -5.17393e-07  2.76376e-22  9.89925e-07 -7.26071e-22 -1.60394e-06   1.5892e-21  2.17111e-06 -2.94347e-21 -2.39772e-06  4.63319e-21  2.06526e-06 -6.14565e-21 -1.24826e-06  6.63725e-21  3.40807e-07 -5.18366e-21  2.15881e-07  1.24069e-21  -2.8389e-07  4.80852e-21    9.121e-08 -1.13339e-20  5.45454e-08  1.58553e-20 -5.36249e-08 -1.63779e-20  2.25802e-10  1.29446e-20  1.65636e-08 -7.93406e-21 -3.25823e-09   4.4008e-21 -4.22523e-09 -3.76235e-21  1.18359e-09  5.02792e-21   1.0376e-09 -6.15319e-21 -2.58039e-10  5.89439e-21 -2.49171e-10 -4.41089e-21  2.88207e-11  2.57812e-21  5.29326e-11 -1.11988e-21  3.44306e-12  2.81762e-22 -8.36631e-12  4.40471e-23 -2.32197e-12 -8.58786e-23  6.79636e-13  3.55735e-23  4.77103e-13  6.63649e-24  4.03895e-14  -1.7925e-23 -4.20079e-14  1.18207e-23 -1.54931e-14 -4.08713e-24 -5.00231e-16  3.59913e-25  1.10248e-15  4.15529e-25  3.37021e-16 -2.39013e-25   2.1872e-17  4.43451e-26 -1.25729e-17  1.19719e-26 -4.20159e-18 -7.67708e-27 -5.12795e-19  7.09126e-28  2.41955e-20  4.09468e-28  1.95504e-20 -1.28451e-28  3.33343e-21  2.69847e-29  2.47792e-22 -1.24171e-29  -7.1745e-24  3.57223e-30 -3.72517e-24  -3.3984e-31 -4.07344e-25 -6.58098e-32 -2.20114e-26  2.18952e-32 -3.99982e-28 -1.50498e-33  1.90632e-29  -1.0227e-34  1.09684e-30  8.74214e-36  1.31039e-32
-7.90725e-19 -2.00574e-32  6.29267e-17    4.921e-31 -1.97555e-15 -7.04642e-30  3.78402e-14   7.9135e-29 -5.10806e-13 -7.42293e-28  5.22645e-12  5.67855e-27  -4.2332e-11 -3.46232e-26  2.79215e-10   1.6634e-25 -1.52908e-09 -6.16762e-25  7.04717e-09   1.6367e-24 -2.75897e-08  -2.0779e-24  9.23159e-08 -6.86497e-24 -2.64883e-07  5.92975e-23  6.52245e-07 -2.48727e-22 -1.37558e-06  7.67525e-22  2.47174e-06 -1.90707e-21 -3.74743e-06   3.9497e-21  4.71392e-06 -6.92245e-21 -4.77478e-06  1.03026e-20  3.66612e-06 -1.28808e-20 -1.81074e-06  1.29726e-20  1.39883e-07 -9.01785e-21  6.08387e-07  4.59287e-22 -4.61751e-07  1.13633e-20  3.90214e-08 -2.29109e-20  1.43955e-07  2.95945e-20 -6.88671e-08 -2.84838e-20 -2.51148e-08  2.08113e-20  2.70902e-08 -1.16101e-20  2.72257e-09  6.05154e-21 -7.82699e-09 -5.65379e-21 -2.79053e-10  7.95709e-21  1.94988e-09 -9.50575e-21  1.40908e-10  8.71366e-21 -4.19008e-10 -6.21303e-21 -7.74738e-11  3.43887e-21  6.94994e-11 -1.37839e-21  2.61415e-11  2.70417e-22 -6.35356e-12  1.16491e-22 -5.42946e-12 -1.34505e-22 -3.94487e-13  5.00364e-23   6.0415e-13  1.01166e-23  2.05475e-13 -2.40458e-23 -8.98884e-15  1.47295e-23 -2.22606e-14 -4.47217e-24 -5.39277e-15  8.71629e-26  2.15817e-16   5.6987e-25  4.23247e-16 -2.57186e-25  1.00214e-16  3.16543e-26   4.2552e-18  1.74824e-26 -3.34772e-18 -8.02396e-27 -9.51855e-19  6.42702e-28 -1.08078e-19  2.83995e-28  1.98018e-21 -5.41766e-29  2.62794e-21  8.79905e-30  4.24462e-22 -9.71109e-30  3.25444e-23  3.22458e-30  4.07353e-25 -3.65013e-31 -1.71084e-25 -4.03811e-32 -1.78868e-26  1.49729e-32 -8.30296e-28 -8.85143e-34 -1.66838e-29 -4.88395e-35  -3.1275e-32   2.5682e-36
 4.81233e-33 -1.28484e-17 -2.09303e-31  5.85989e-16  3.65296e-30  -1.4139e-14 -4.46165e-29  2.26989e-13  4.54595e-28 -2.67838e-12 -3.89934e-27  2.45529e-11  2.72338e-26 -1.81057e-10 -1.52122e-25  1.09942e-09  6.74146e-25 -5.58708e-09 -2.32231e-24  2.40329e-08  5.75989e-24 -8.81815e-08 -6.86497e-24  2.77315e-07 -2.13576e-23 -7.49109e-07  1.74082e-22  1.73751e-06 -6.90004e-22 -3.44918e-06  2.01392e-21  5.82019e-06 -4.73588e-21 -8.24804e-06   9.2856e-21  9.61431e-06 -1.54049e-20 -8.87129e-06  2.16782e-20  5.95696e-06 -2.55299e-20 -2.18891e-06  2.38988e-20 -5.44313e-07 -1.44685e-20  1.26957e-06 -2.82965e-21 -5.99891e-07  2.45083e-20 -1.41797e-07 -4.35314e-20  2.72469e-07   5.2063e-20 -5.06092e-08 -4.65226e-20 -7.26796e-08  3.11022e-20  3.09042e-08 -1.54606e-20   1.6432e-08  7.54176e-21 -9.98635e-09 -8.11299e-21 -3.89796e-09  1.20484e-20  2.41233e-09 -1.39994e-20  1.03212e-09  1.22718e-20 -4.27581e-10 -8.34007e-21 -2.64568e-10  4.36773e-21  3.89262e-11 -1.60264e-21  5.38332e-11  2.13545e-22  4.93035e-12  2.15753e-22  -6.9561e-12 -1.93436e-22  -2.3851e-12  6.65176e-23  2.59829e-13  1.43188e-23  3.42054e-13 -3.07948e-23  6.68903e-14  1.75797e-23 -1.31332e-14 -4.61764e-24 -9.17808e-15 -2.81136e-25 -1.57276e-15  7.18684e-25  1.62725e-16 -2.60156e-25  1.31061e-16  1.63721e-26  2.56491e-17  2.10418e-26  8.79643e-19 -7.35633e-27  -6.8538e-19  4.35984e-28 -1.74247e-19  1.70963e-28  -1.8972e-20  9.17386e-30 -2.14715e-22 -6.82633e-30  2.43141e-22 -6.90911e-30  3.79716e-23  2.72927e-30  2.82032e-24  -3.5346e-31  8.45882e-26 -2.33381e-32 -2.98256e-27  9.56846e-33 -3.54629e-28 -4.54904e-34 -1.11729e-29  -1.8438e-35 -9.74572e-32
