 2.95439e-05  5.99865e-20 -0.000246564 -5.55057e-19  0.000697824  1.50754e-18 -0.000960898 -2.26775e-18  0.000612783  2.15277e-18 -2.37093e-05 -1.30757e-18 -0.000183096  5.14544e-19  6.39738e-05 -1.32974e-19  1.73609e-05  1.73505e-20 -9.45205e-06 -6.01147e-22  1.93124e-07
 5.99865e-20  0.000364759  3.03423e-19  -0.00163365 -1.78469e-18   0.00324564  3.63303e-18   -0.0032313 -4.34022e-18   0.00122263   3.2145e-18  0.000493041 -1.46116e-18 -0.000562872  4.55114e-19  6.07723e-05 -9.54158e-20   6.9591e-05  2.55713e-21 -1.49593e-05 -4.25026e-22
-0.000246564  3.03423e-19   0.00210712  7.72647e-19  -0.00617418 -3.13533e-18   0.00896874  4.96794e-18  -0.00632034 -4.59283e-18   0.00075097  2.24595e-18    0.0018166 -5.35419e-19 -0.000914324  1.12525e-19 -8.59566e-05  2.60971e-20  0.000127045 -1.98759e-20 -1.17171e-05
-5.55057e-19  -0.00163365  7.72647e-19   0.00757377  1.18531e-18   -0.0158402  -3.5921e-18    0.0171482  4.65277e-18  -0.00795703 -2.78574e-18  -0.00177669  1.59898e-20   0.00351683  4.19627e-19 -0.000904235 -1.75241e-19 -0.000328168   1.6446e-19  0.000144675 -2.49045e-20
 0.000697824 -1.78469e-18  -0.00617418  1.18531e-18    0.0190328  1.24796e-18   -0.0298681 -3.52346e-18     0.024175  3.98039e-18  -0.00584863 -6.29759e-19   -0.0059061 -1.29879e-18   0.00472357  3.54953e-19 -0.000482109 -3.15964e-19 -0.000514308  2.17515e-19  0.000105798
 1.50754e-18   0.00324564 -3.13533e-18   -0.0158402  1.24796e-18    0.0357243   1.3508e-18   -0.0435512 -4.78146e-18    0.0259953  4.38841e-18 -1.17941e-05  1.28886e-19  -0.00999848 -3.87042e-20   0.00496266 -6.81238e-19  6.75969e-05 -3.49908e-19 -0.000524269  1.43616e-19
-0.000960898  3.63303e-18   0.00896874  -3.5921e-18   -0.0298681   1.3508e-18    0.0525175  2.34669e-18   -0.0512685 -7.69306e-18    0.0216892   4.7409e-18   0.00720516 -1.07416e-18   -0.0127094  3.48229e-18   0.00448503 -1.67165e-18  0.000398892 -2.16648e-19 -0.000338633
-2.26775e-18   -0.0032313  4.96794e-18    0.0171482 -3.52346e-18   -0.0435512  2.34669e-18    0.0631598  4.12316e-18   -0.0510949 -8.60671e-18    0.0139702  2.15283e-18    0.0133026 -3.65237e-18   -0.0138635   6.7438e-18   0.00387286 -1.56204e-18  0.000345629 -2.36888e-19
 0.000612783 -4.34022e-18  -0.00632034  4.65277e-18     0.024175 -4.78146e-18   -0.0512685  4.12316e-18    0.0652893  4.58176e-18   -0.0457771 -2.07684e-18   0.00641181  -4.2737e-18    0.0172763 -6.06278e-18   -0.0140592  6.88534e-18   0.00351878 -8.39634e-19  4.47826e-05
 2.15277e-18   0.00122263 -4.59283e-18  -0.00795703  3.98039e-18    0.0259953 -7.69306e-18   -0.0510949  4.58176e-18    0.0616131  8.27094e-19   -0.0395901  1.29841e-17  0.000982441 -1.10871e-17    0.0194004 -6.19137e-18     -0.01382  2.78847e-18   0.00328544  1.59791e-18
-2.37093e-05   3.2145e-18   0.00075097 -2.78574e-18  -0.00584863  4.38841e-18    0.0216892 -8.60671e-18   -0.0457771  8.27094e-19    0.0566407 -7.66633e-18   -0.0352471  2.88161e-17  -0.00205208 -1.21625e-17    0.0201024 -4.28529e-18   -0.0129363  4.22116e-19   0.00244163
-1.30757e-18  0.000493041  2.24595e-18  -0.00177669 -6.29759e-19 -1.17941e-05   4.7409e-18    0.0139702 -2.07684e-18   -0.0395901 -7.66633e-18    0.0533615 -1.67221e-17   -0.0335013  3.26518e-17  -0.00284746 -6.09085e-18    0.0189661  2.55818e-18    -0.010311  -9.8915e-18
-0.000183096 -1.46116e-18    0.0018166  1.59898e-20   -0.0059061  1.28886e-19   0.00720516  2.15283e-18   0.00641181  1.29841e-17   -0.0352471 -1.67221e-17    0.0527228 -1.87454e-17   -0.0344743  1.60277e-17 -0.000723769  7.26074e-18    0.0144864  -3.0764e-18  -0.00536732
 5.14544e-19 -0.000562872 -5.35419e-19   0.00351683 -1.29879e-18  -0.00999848 -1.07416e-18    0.0133026  -4.2737e-18  0.000982441  2.88161e-17   -0.0335013 -1.87454e-17    0.0549618 -1.11842e-17   -0.0390502 -4.93939e-18   0.00610326 -3.93865e-18   0.00614794  3.41509e-17
 6.39738e-05  4.55114e-19 -0.000914324  4.19627e-19   0.00472357 -3.87042e-20   -0.0127094 -3.65237e-18    0.0172763 -1.10871e-17  -0.00205208  3.26518e-17   -0.0344743 -1.11842e-17     0.061038  8.19268e-18   -0.0491035 -3.23212e-17    0.0177262  2.14007e-17  -0.00158674
-1.32974e-19  6.07723e-05  1.12525e-19 -0.000904235  3.54953e-19   0.00496266  3.48229e-18   -0.0138635 -6.06278e-18    0.0194004 -1.21625e-17  -0.00284746  1.60277e-17   -0.0390502  8.19268e-18    0.0728309  3.50225e-19      -0.0641  2.57539e-17    0.0270743 -8.95339e-17
 1.73609e-05 -9.54158e-20 -8.59566e-05 -1.75241e-19 -0.000482109 -6.81238e-19   0.00448503   6.7438e-18   -0.0140592 -6.19137e-18    0.0201024 -6.09085e-18 -0.000723769 -4.93939e-18   -0.0491035  3.50225e-19    0.0894997  4.23661e-17   -0.0744382 -5.33946e-17    0.0224366
 1.73505e-20   6.9591e-05  2.60971e-20 -0.000328168 -3.15964e-19  6.75969e-05 -1.67165e-18   0.00387286  6.88534e-18     -0.01382 -4.28529e-18    0.0189661  7.26074e-18   0.00610326 -3.23212e-17      -0.0641  4.23661e-17      0.10036  -8.6758e-17   -0.0642119  1.62581e-16
-9.45205e-06  2.55713e-21  0.000127045   1.6446e-19 -0.000514308 -3.49908e-19  0.000398892 -1.56204e-18   0.00351878  2.78847e-18   -0.0129363  2.55818e-18    0.0144864 -3.93865e-18    0.0177262  2.57539e-17   -0.0744382  -8.6758e-17    0.0877006  1.19726e-16   -0.0326263
-6.01147e-22 -1.49593e-05 -1.98759e-20  0.000144675  2.17515e-19 -0.000524269 -2.16648e-19  0.000345629 -8.39634e-19   0.00328544  4.22116e-19    -0.010311  -3.0764e-18   0.00614794  2.14007e-17    0.0270743 -5.33946e-17   -0.0642119  1.19726e-16    0.0499512 -1.73172e-16
 1.93124e-07 -4.25026e-22 -1.17171e-05 -2.49045e-20  0.000105798  1.43616e-19 -0.000338633 -2.36888e-19  4.47826e-05  1.59791e-18   0.00244163  -9.8915e-18  -0.00536732  3.41509e-17  -0.00158674 -8.95339e-17    0.0224366  1.62581e-16   -0.0326263 -1.73172e-16    0.0135208
