 9.18045e-18   2.6185e-31 -6.04456e-16 -1.58033e-29  1.53192e-14  2.93011e-28 -2.29002e-13 -3.12738e-27  2.30228e-12  2.24084e-26 -1.64268e-11  -1.1317e-25  8.43563e-11  4.06891e-25 -3.05384e-10 -1.01779e-24  7.25016e-10  1.63318e-24 -9.31399e-10 -1.33999e-24  3.37811e-10
  2.6185e-31  8.67891e-16  8.69032e-30 -3.21783e-14 -3.60197e-28  6.13066e-13  5.36154e-27 -7.46644e-12 -4.85699e-26  6.32117e-11  3.00135e-25 -3.84055e-10  -1.3084e-24  1.66951e-09  4.02606e-24 -4.97288e-09 -8.36649e-24  9.00996e-09   1.0286e-23 -7.05519e-09 -4.83823e-24
-6.04456e-16  8.69032e-30  4.00575e-14  1.61706e-28 -1.02203e-12 -5.16554e-27  1.53836e-11  6.50409e-26 -1.55747e-10 -5.10589e-25  1.11904e-09  2.73336e-24  -5.7847e-09 -1.02648e-23  2.10549e-08  2.67384e-23 -5.00807e-08 -4.47147e-23  6.37211e-08  3.86592e-23 -2.17874e-08
-1.58033e-29 -3.21783e-14  1.61706e-28  1.20108e-12  2.13263e-27 -2.30416e-11 -5.68954e-26  2.82609e-10  6.22759e-25 -2.40968e-09 -4.22955e-24  1.47422e-08  1.94221e-23 -6.44828e-08  -6.1942e-23   1.9284e-07  1.32693e-22 -3.48475e-07 -1.68334e-22  2.65457e-07   8.4668e-23
 1.53192e-14 -3.60197e-28 -1.02203e-12  2.13263e-27  2.62572e-11  2.26756e-26 -3.98032e-10 -5.25224e-25  4.05889e-09  4.94908e-24  -2.9372e-08  -2.8446e-23  1.52855e-07   1.0976e-22 -5.59326e-07 -2.89025e-22  1.33219e-06  4.83721e-22 -1.67494e-06 -4.22209e-22  5.32022e-07
 2.93011e-28  6.13066e-13 -5.16554e-27 -2.30416e-11  2.26756e-26  4.45182e-10  2.06852e-25 -5.49994e-09 -4.09843e-24  4.72378e-08  3.20778e-23  -2.9104e-07 -1.51525e-22  1.28092e-06  4.77692e-22 -3.84496e-06 -9.89811e-22    6.922e-06  1.19095e-21 -5.09994e-06 -5.87054e-22
-2.29002e-13  5.36154e-27  1.53836e-11 -5.68954e-26 -3.98032e-10  2.06852e-25  6.07773e-09  1.60274e-24 -6.24342e-08  -2.5891e-23  4.55092e-07  1.61572e-22 -2.38437e-06 -6.07509e-22  8.77041e-06  1.49202e-21 -2.09051e-05 -2.20458e-21  2.59073e-05  1.63074e-21 -7.49893e-06
-3.12738e-27 -7.46644e-12  6.50409e-26  2.82609e-10 -5.25224e-25 -5.49994e-09  1.60274e-24  6.84509e-08  9.98672e-24 -5.92262e-07 -1.24513e-22  3.67497e-06  5.92349e-22 -1.62736e-05 -1.67537e-21  4.90164e-05  2.77985e-21  -8.7812e-05 -2.02145e-21  6.21773e-05  4.62478e-22
 2.30228e-12 -4.85699e-26 -1.55747e-10  6.22759e-25  4.05889e-09 -4.09843e-24 -6.24342e-08  9.98672e-24  6.46133e-07   4.6761e-23 -4.74415e-06 -4.20543e-22   2.5023e-05  1.39309e-21 -9.25053e-05 -2.30154e-21  0.000220545  1.30523e-23 -0.000268804  3.85528e-21  6.91587e-05
 2.24084e-26  6.32117e-11 -5.10589e-25 -2.40968e-09  4.94908e-24  4.72378e-08  -2.5891e-23 -5.92262e-07   4.6761e-23  5.16218e-06  1.50069e-22 -3.22561e-05 -8.26881e-22  0.000143693  1.01487e-21 -0.000434163  4.21697e-21  0.000773417 -1.77684e-20 -0.000523405  1.31969e-20
-1.64268e-11  3.00135e-25  1.11904e-09 -4.22955e-24  -2.9372e-08  3.20778e-23  4.55092e-07 -1.24513e-22 -4.74415e-06  1.50069e-22  3.50813e-05  2.57596e-22 -0.000186237   5.6021e-23  0.000691784 -7.65307e-21  -0.00164934  3.71432e-20   0.00197596 -5.44344e-20 -0.000438618
 -1.1317e-25 -3.84055e-10  2.73336e-24  1.47422e-08  -2.8446e-23  -2.9104e-07  1.61572e-22  3.67497e-06 -4.20543e-22 -3.22561e-05  2.57596e-22  0.000202894 -1.92604e-22 -0.000908951  7.27317e-21   0.00275473 -4.78849e-20  -0.00488328  1.27502e-19    0.0031587 -6.59911e-20
 8.43563e-11  -1.3084e-24  -5.7847e-09  1.94221e-23  1.52855e-07 -1.51525e-22 -2.38437e-06  5.92349e-22   2.5023e-05 -8.26881e-22 -0.000186237 -1.92604e-22  0.000994533 -2.94489e-21  -0.00371104  3.95035e-20   0.00885666 -1.91608e-19   -0.0104841  2.76221e-19   0.00195934
 4.06891e-25  1.66951e-09 -1.02648e-23 -6.44828e-08   1.0976e-22  1.28092e-06 -6.07509e-22 -1.62736e-05  1.39309e-21  0.000143693   5.6021e-23 -0.000908951 -2.94489e-21   0.00409244 -1.50228e-20   -0.0124495  1.83117e-19    0.0220812 -5.98832e-19   -0.0139273  3.51469e-19
-3.05384e-10  4.02606e-24  2.10549e-08  -6.1942e-23 -5.59326e-07  4.77692e-22  8.77041e-06 -1.67537e-21 -9.25053e-05  1.01487e-21  0.000691784  7.27317e-21  -0.00371104 -1.50228e-20    0.0139108 -7.64493e-20   -0.0333917  7.14643e-19     0.039963 -1.39076e-18  -0.00646713
-1.01779e-24 -4.97288e-09  2.67384e-23   1.9284e-07 -2.89025e-22 -3.84496e-06  1.49202e-21  4.90164e-05 -2.30154e-21 -0.000434163 -7.65307e-21   0.00275473  3.95035e-20   -0.0124495 -7.64493e-20    0.0381472 -3.31616e-19   -0.0690683  1.99842e-18    0.0459572 -2.03953e-18
 7.25016e-10 -8.36649e-24 -5.00807e-08  1.32693e-22  1.33219e-06 -9.89811e-22 -2.09051e-05  2.77985e-21  0.000220545  4.21697e-21  -0.00164934 -4.78849e-20   0.00885666  1.83117e-19   -0.0333917 -3.31616e-19    0.0820325 -9.89032e-19    -0.106899  3.53342e-18    0.0186245
 1.63318e-24  9.00996e-09 -4.47147e-23 -3.48475e-07  4.83721e-22    6.922e-06 -2.20458e-21  -8.7812e-05  1.30523e-23  0.000773417  3.71432e-20  -0.00488328 -1.91608e-19    0.0220812  7.14643e-19   -0.0690683 -9.89032e-19     0.136361 -1.81205e-18    -0.118972  2.82497e-18
-9.31399e-10   1.0286e-23  6.37211e-08 -1.68334e-22 -1.67494e-06  1.19095e-21  2.59073e-05 -2.02145e-21 -0.000268804 -1.77684e-20   0.00197596  1.27502e-19   -0.0104841 -5.98832e-19     0.039963  1.99842e-18    -0.106899 -1.81205e-18      0.18453 -1.65362e-18   -0.0630093
-1.33999e-24 -7.05519e-09  3.86592e-23  2.65457e-07 -4.22209e-22 -5.09994e-06  1.63074e-21  6.21773e-05  3.85528e-21 -0.000523405 -5.44344e-20    0.0031587  2.76221e-19   -0.0139273 -1.39076e-18    0.0459572  3.53342e-18    -0.118972 -1.65362e-18     0.249872 -1.99561e-18
 3.37811e-10 -4.83823e-24 -2.17874e-08   8.4668e-23  5.32022e-07 -5.87054e-22 -7.49893e-06  4.62478e-22  6.91587e-05  1.31969e-20 -0.000438618 -6.59911e-20   0.00195934  3.51469e-19  -0.00646713 -2.03953e-18    0.0186245  2.82497e-18   -0.0630093 -1.99561e-18     0.289816
