  0.00277291  2.78876e-18  -0.00940446 -1.26242e-17   0.00770977  1.55317e-17  0.000288564 -1.02067e-17  -0.00200881  3.78236e-18 -0.000205656 -2.38369e-19   0.00033489 -2.48843e-19    8.605e-05 -3.42671e-20 -1.54324e-05  2.04445e-20 -6.64586e-06  1.69994e-21 -3.15839e-07
 2.78876e-18    0.0150909  7.31218e-18   -0.0264933 -2.02071e-17    0.0119846  1.90691e-17   0.00516356  -1.2396e-17  -0.00333638  4.61139e-18  -0.00140677  2.73345e-19  0.000395452 -4.06688e-19  0.000247525 -1.20457e-19  1.05624e-05  1.06459e-20 -7.33285e-06  1.62191e-21
 -0.00940446  7.31218e-18    0.0381972  8.91085e-18   -0.0422024 -1.43319e-17   0.00769334  1.23594e-17    0.0118085 -1.15209e-17  -0.00234056  4.26325e-18  -0.00284962  1.20285e-18  4.67446e-06 -3.29282e-19  0.000338029 -1.94864e-19  5.34078e-05 -1.83858e-20 -1.68427e-06
-1.26242e-17   -0.0264933  8.91085e-18    0.0607358  3.84798e-18   -0.0459717  1.76999e-18  -0.00320616  3.72057e-18    0.0159303 -1.09291e-17  0.000716557  2.95328e-18  -0.00359217  2.24052e-18 -0.000654805  8.58195e-20  0.000265612 -1.86074e-19  6.77221e-05 -2.98413e-20
  0.00770977 -2.02071e-17   -0.0422024  3.84798e-18    0.0701917 -5.36093e-18   -0.0382215  1.69066e-17   -0.0141787 -1.90662e-19      0.01609 -1.16999e-17   0.00428968  6.18921e-19  -0.00330703  2.94811e-18  -0.00123071  7.02808e-19  7.50636e-05 -8.98125e-20  3.91464e-05
 1.55317e-17    0.0119846 -1.43319e-17   -0.0459717 -5.36093e-18    0.0661625 -1.34197e-17   -0.0267989   2.4914e-17   -0.0214511   1.4665e-18    0.0135529 -1.34013e-17   0.00721677 -2.71372e-18  -0.00220403  3.00668e-18   -0.0014563  1.15945e-18 -9.82373e-05   1.5025e-20
 0.000288564  1.90691e-17   0.00769334  1.76999e-18   -0.0382215 -1.34197e-17     0.056898  -1.8072e-17   -0.0174719  2.76382e-17   -0.0252435   7.0709e-18   0.00990189 -1.51738e-17   0.00910019 -6.48763e-18 -0.000656519  2.35544e-18  -0.00123219  1.14381e-18 -0.000129881
-1.02067e-17   0.00516356  1.23594e-17  -0.00320616  1.69066e-17   -0.0267989  -1.8072e-17    0.0489804 -2.11297e-17   -0.0112902  2.96246e-17   -0.0270987  1.51451e-17    0.0059312 -1.60214e-17   0.00988843 -9.52186e-18  0.000936821  1.25455e-18 -0.000668084  6.83524e-19
 -0.00200881  -1.2396e-17    0.0118085  3.72057e-18   -0.0141787   2.4914e-17   -0.0174719 -2.11297e-17    0.0440969 -2.57324e-17  -0.00717722  3.31703e-17   -0.0281294  2.39936e-17   0.00180515 -1.50785e-17   0.00950784 -1.05441e-17   0.00208981  2.64517e-19 -0.000116963
 3.78236e-18  -0.00333638 -1.15209e-17    0.0159303 -1.90662e-19   -0.0214511  2.76382e-17   -0.0112902 -2.57324e-17    0.0415565 -3.32911e-17  -0.00405192  3.72394e-17   -0.0288282  3.12546e-17  -0.00256696 -1.19386e-17   0.00776321   -8.825e-18   0.00225913  -8.5638e-20
-0.000205656  4.61139e-18  -0.00234056 -1.09291e-17      0.01609   1.4665e-18   -0.0252435  2.96246e-17  -0.00717722 -3.32911e-17    0.0405513 -4.22384e-17  -0.00124424  3.92864e-17    -0.029296  3.49245e-17  -0.00723076 -6.60597e-18   0.00461019 -4.78384e-18   0.00131972
-2.38369e-19  -0.00140677  4.26325e-18  0.000716557 -1.16999e-17    0.0135529   7.0709e-18   -0.0270987  3.31703e-17  -0.00405192 -4.22384e-17    0.0407135 -4.93309e-17   0.00173913  3.74311e-17    -0.029255    3.448e-17    -0.011689  1.94028e-19  0.000920126 -7.24301e-19
  0.00033489  2.73345e-19  -0.00284962  2.95328e-18   0.00428968 -1.34013e-17   0.00990189  1.51451e-17   -0.0281294  3.72394e-17  -0.00124424 -4.93309e-17    0.0420322 -5.24748e-17    0.0055352  3.07789e-17   -0.0276701  3.03737e-17   -0.0141517  5.58777e-18   -0.0011931
-2.48843e-19  0.000395452  1.20285e-18  -0.00359217  6.18921e-19   0.00721677 -1.51738e-17    0.0059312  2.39936e-17   -0.0288282  3.92864e-17   0.00173913 -5.24748e-17    0.0448588 -5.31873e-17    0.0113665  1.80549e-17   -0.0223175  2.22909e-17   -0.0120128  5.52714e-18
   8.605e-05 -4.06688e-19  4.67446e-06  2.24052e-18  -0.00330703 -2.71372e-18   0.00910019 -1.60214e-17   0.00180515  3.12546e-17    -0.029296  3.74311e-17    0.0055352 -5.31873e-17    0.0501703 -5.73901e-17    0.0212015 -2.24131e-18    -0.011263  1.00816e-17  -0.00552979
-3.42671e-20  0.000247525 -3.29282e-19 -0.000654805  2.94811e-18  -0.00220403 -6.48763e-18   0.00988843 -1.50785e-17  -0.00256696  3.49245e-17    -0.029255  3.07789e-17    0.0113665 -5.73901e-17    0.0595383 -7.20824e-17     0.035538 -2.65833e-17   0.00219384 -8.15907e-19
-1.54324e-05 -1.20457e-19  0.000338029  8.58195e-20  -0.00123071  3.00668e-18 -0.000656519 -9.52186e-18   0.00950784 -1.19386e-17  -0.00723076    3.448e-17   -0.0276701  1.80549e-17    0.0212015 -7.20824e-17     0.072612 -9.46639e-17    0.0478721 -4.06242e-17   0.00815551
 2.04445e-20  1.05624e-05 -1.94864e-19  0.000265612  7.02808e-19   -0.0014563  2.35544e-18  0.000936821 -1.05441e-17   0.00776321 -6.60597e-18    -0.011689  3.03737e-17   -0.0223175 -2.24131e-18     0.035538 -9.46639e-17    0.0814352 -1.04012e-16    0.0450361 -3.00074e-17
-6.64586e-06  1.06459e-20  5.34078e-05 -1.86074e-19  7.50636e-05  1.15945e-18  -0.00123219  1.25455e-18   0.00208981   -8.825e-18   0.00461019  1.94028e-19   -0.0141517  2.22909e-17    -0.011263 -2.65833e-17    0.0478721 -1.04012e-16    0.0715783 -7.84301e-17    0.0239927
 1.69994e-21 -7.33285e-06 -1.83858e-20  6.77221e-05 -8.98125e-20 -9.82373e-05  1.14381e-18 -0.000668084  2.64517e-19   0.00225913 -4.78384e-18  0.000920126  5.58777e-18   -0.0120128  1.00816e-17   0.00219384 -4.06242e-17    0.0450361 -7.84301e-17    0.0408697   -3.176e-17
-3.15839e-07  1.62191e-21 -1.68427e-06 -2.98413e-20  3.91464e-05   1.5025e-20 -0.000129881  6.83524e-19 -0.000116963  -8.5638e-20   0.00131972 -7.24301e-19   -0.0011931  5.52714e-18  -0.00552979 -8.15907e-19   0.00815551 -3.00074e-17    0.0239927   -3.176e-17    0.0109575
