 2.52704e-12  5.08617e-27 -5.47906e-11  -1.9765e-25  4.39957e-10  2.14828e-24 -1.99837e-09 -1.23305e-23  5.82678e-09  4.47354e-23 -1.14157e-08 -1.11096e-22  1.49822e-08  1.97034e-22 -1.22927e-08 -2.57943e-22  4.65712e-09  2.64049e-22  1.27132e-09 -2.40082e-22 -1.78877e-09  2.22397e-22  -2.6871e-11 -1.94064e-22  4.97217e-10  1.19981e-22  2.28343e-11 -2.54558e-23 -1.26404e-10 -2.96204e-23 -2.89327e-11  3.52641e-23  2.34671e-11 -2.87116e-23   1.3559e-11   3.0453e-23 -6.89711e-13 -3.04953e-23 -3.14263e-12  1.92267e-23 -1.11435e-12  -1.7996e-24  1.37761e-13 -1.05995e-23  2.67232e-13  1.26624e-23  9.89227e-14 -8.40321e-24  2.34473e-15  4.19995e-24 -1.44473e-14 -2.08311e-24 -7.42242e-15  1.04924e-24  -1.6415e-15 -4.30077e-25  1.63025e-16  1.50136e-25  2.82662e-16 -6.45714e-26  1.20096e-16  3.11274e-26   2.8116e-17 -1.37629e-26   1.5289e-18  5.43023e-27 -1.87414e-18 -4.42896e-28  -9.9691e-19  -1.2405e-27  -3.0297e-19  6.35992e-28 -6.13153e-20 -2.92661e-29 -6.17444e-21 -4.78613e-29  1.13974e-21  9.31973e-30   7.9172e-22 -1.29549e-30  2.47032e-22 -7.63825e-31  5.54715e-23  9.87325e-31  9.59816e-24 -6.83503e-32  1.22912e-24  -8.2748e-32  8.56456e-26  1.15128e-32 -8.76207e-27  2.74222e-33 -4.59548e-27 -1.87687e-33 -1.03377e-27  2.65693e-34 -1.71285e-28  1.29324e-34 -2.30359e-29 -3.95823e-35 -2.59013e-30 -1.84091e-37 -2.44627e-31  3.68657e-36 -1.91578e-32  1.01161e-37  -1.1974e-33 -1.07441e-37 -5.36317e-35 -5.00752e-39 -9.71496e-37  1.59958e-39  9.47577e-38  1.59683e-40  1.19372e-38 -4.25885e-42  7.67434e-40 -1.87097e-42   3.3092e-41 -8.81079e-44  9.67963e-43  1.00424e-44  1.93986e-44  9.53662e-46  2.79743e-46  1.22655e-47
 5.08617e-27  8.02409e-11  1.20991e-25 -9.82765e-10 -3.25598e-24  5.95352e-09  2.82149e-23 -2.21205e-08 -1.36415e-22  5.45499e-08  4.28432e-22 -9.13366e-08 -9.34288e-22  1.01287e-07  1.46617e-21 -6.60974e-08 -1.71222e-21  1.25888e-08  1.60315e-21  1.42466e-08 -1.41279e-21 -7.72469e-09  1.31034e-21 -2.94565e-09  -1.0835e-21  2.24433e-09  5.75049e-22  9.23796e-10 -5.40906e-23 -4.55787e-10 -1.67363e-22 -3.23715e-10   1.5584e-22  2.59527e-11 -1.36483e-22  8.28171e-11  1.57805e-22  2.29216e-11 -1.48829e-22 -8.85821e-12  8.55743e-23 -8.26165e-12 -4.39875e-24 -1.85808e-12 -4.77345e-23  6.78825e-13  5.26471e-23  6.40446e-13 -3.21105e-23  1.94311e-13  1.47369e-23  -5.2215e-15 -7.10721e-24 -3.11234e-14  3.56647e-24 -1.47092e-14 -1.39485e-24 -3.26971e-15  4.49712e-25  1.64704e-16 -1.80964e-25  4.50618e-16  8.83079e-26  2.01563e-16 -4.76853e-26  5.24853e-17  2.23854e-26  6.46488e-18 -1.79419e-27 -1.39707e-18   -4.752e-27 -1.12124e-18  2.09802e-27 -3.90878e-19  2.54671e-29 -9.33818e-20 -1.56353e-28  -1.5357e-20   1.9649e-29 -1.10884e-21 -9.75907e-30  3.13421e-22 -1.09515e-30  1.60882e-22  3.89879e-30   4.3493e-23 -1.80444e-31  8.77664e-24 -3.18766e-31   1.4132e-24  2.82485e-32  1.81006e-25  5.79266e-33  1.70117e-26 -4.55664e-33  7.28257e-28  1.53898e-33 -1.22086e-28  3.16517e-34    -3.82e-29 -1.59291e-34 -6.33106e-30  1.05052e-36 -7.91005e-31  1.19084e-35 -8.04197e-32  5.21145e-37 -6.81541e-33 -2.67638e-37  -4.8371e-34 -1.43864e-38 -2.85685e-35  4.10265e-39  -1.3827e-36  4.69086e-40 -5.30859e-38 -1.40081e-41 -1.53941e-39 -6.42023e-42  -3.1723e-41 -3.49913e-43  -4.6432e-43  1.58701e-44 -7.09084e-46   1.4082e-45  7.58832e-47
-5.47906e-11  1.20991e-25  1.24866e-09  1.63106e-24 -1.05766e-08 -3.32896e-23  5.09094e-08  2.37927e-22 -1.58285e-07 -9.85768e-22  3.33735e-07  2.70582e-21 -4.78779e-07 -5.20794e-21  4.44215e-07  7.24835e-21 -2.17274e-07  -7.5713e-21 -1.08729e-08   6.5623e-21  7.01048e-08 -5.73154e-21  -1.3287e-08   5.3125e-21 -1.86772e-08 -4.05161e-21  3.75746e-09  1.74515e-21  5.34277e-09  9.67678e-23 -1.28076e-10 -5.81908e-22 -1.36496e-09  4.42824e-22 -3.43942e-10 -4.64958e-22  2.05133e-10  5.70208e-22  1.49488e-10 -4.96462e-22  1.49812e-11  2.61954e-22 -2.38943e-11 -5.00894e-24 -1.33802e-11 -1.46386e-22 -1.76625e-12  1.49536e-22  1.47961e-12 -8.30639e-23  1.00342e-12   3.4817e-23  2.64128e-13 -1.65852e-23 -1.48093e-14  8.33512e-24 -4.33878e-14 -3.11126e-24 -1.97068e-14  9.17623e-25 -4.58935e-15 -3.09998e-25 -6.47906e-17  1.52534e-25  4.42067e-16 -1.19284e-25  2.17081e-16  6.56454e-26    6.253e-17 -4.49336e-27  1.09487e-17 -1.28078e-26  2.14619e-19   4.7034e-27 -6.53095e-19  3.63149e-28  -2.8644e-19  -3.1188e-28 -7.87687e-20  1.13228e-29 -1.59704e-20 -4.12432e-29 -2.32699e-21   6.8272e-31 -1.70211e-22  1.11104e-29  2.78198e-23 -2.32148e-31  1.44995e-23 -8.24202e-31  3.60958e-24  2.40884e-32  6.68083e-25  8.72664e-34  1.00133e-25 -5.14183e-33  1.24152e-26  5.51613e-33   1.2603e-27  5.05418e-34   9.9287e-29 -4.38512e-34  4.93608e-30    1.025e-36  -7.2996e-32  2.62875e-35 -5.13166e-32  1.56437e-36 -7.06432e-33 -4.39942e-37 -6.58455e-34 -2.37946e-38 -4.72273e-35   8.1715e-39 -2.68317e-36  9.80909e-40 -1.20264e-37 -3.30045e-41 -4.12603e-39 -1.38649e-41 -1.05073e-40 -7.46721e-43 -1.84424e-42  1.46305e-44 -1.30172e-44  1.02587e-45
 -1.9765e-25 -9.82765e-10  1.63106e-24  1.26945e-08  1.52612e-23 -8.14313e-08 -2.48947e-22  3.22064e-07  1.50281e-21 -8.51634e-07 -5.40501e-21  1.54648e-06  1.30606e-20 -1.89898e-06 -2.22635e-20  1.44659e-06  2.75091e-20 -4.62159e-07 -2.57787e-20 -2.13992e-07  2.10441e-20  2.13021e-07 -1.86444e-20  2.24531e-08  1.70769e-20 -6.30068e-08 -1.16154e-20 -7.85217e-09  3.68287e-21  1.61295e-08  1.01316e-21   4.9265e-09 -1.38051e-21 -2.85975e-09  9.12839e-22 -2.01211e-09  -1.3176e-21 -1.03695e-11   1.6374e-21  4.39958e-10 -1.30152e-21  1.78247e-10  6.40187e-22  -1.2406e-11  1.85285e-24 -3.95785e-11 -3.54919e-22 -1.61236e-11  3.34903e-22 -9.10498e-13   -1.672e-22  2.16857e-12  6.38277e-23  1.21116e-12 -3.06524e-23  2.92523e-13  1.54238e-23 -1.67039e-14  -5.5812e-24  -4.5132e-14  1.50639e-24 -2.04213e-14 -2.88418e-25 -5.10029e-15   1.4366e-25 -4.02945e-16  -2.5224e-25  2.85227e-16  1.56326e-25  1.67443e-16  -7.2565e-27  5.34515e-17 -2.79004e-26  1.14681e-17  8.08409e-27  1.37464e-18  1.28808e-27 -1.20792e-19  -3.8055e-28 -1.22971e-19 -5.64559e-29 -4.11172e-20 -1.26945e-28 -9.63298e-21  6.31638e-30 -1.74365e-21  2.58259e-29 -2.41093e-22  2.43381e-31 -2.17015e-23 -1.64049e-30  1.46995e-25 -8.01489e-32  5.60538e-25 -3.34961e-32  1.43638e-25  3.63766e-33  2.49878e-26  1.48975e-32  3.45138e-27  6.41298e-34  3.95826e-28 -9.49341e-34  3.81817e-29 -1.02748e-35  3.08708e-30   4.5059e-35   2.0534e-31   3.2758e-36   1.0748e-32 -5.49085e-37  3.92556e-34 -2.11505e-38  5.06949e-36  1.49621e-38 -5.12363e-37  1.73782e-39  -4.5563e-38  -5.6388e-41  -2.0363e-39 -2.19447e-41 -5.65886e-41 -1.06842e-42 -9.17947e-43   8.1166e-45 -3.14546e-45
 4.39957e-10 -3.25598e-24 -1.05766e-08  1.52612e-23    9.484e-08   1.0857e-22 -4.85456e-07 -1.46478e-21  1.61482e-06  7.60019e-21 -3.67464e-06 -2.39652e-20  5.77162e-06  5.12515e-20 -6.03447e-06   -7.752e-20  3.64516e-06  8.50085e-20 -4.55491e-07 -7.17595e-20 -9.40866e-07  5.65571e-20  4.11227e-07 -5.18563e-20  2.17331e-07  4.59542e-20 -1.28019e-07 -2.66903e-20  -6.7425e-08  4.90297e-21  2.57537e-08  3.69152e-21  2.26493e-08 -2.08008e-21 -6.66769e-10  1.40409e-21  -5.6446e-09 -3.28132e-21  -1.7955e-09  3.91999e-21  5.59219e-10 -2.84128e-21  6.06158e-10  1.33651e-21  1.51518e-10  2.17529e-23 -4.62403e-11 -7.26148e-22 -4.90246e-11  6.25951e-22 -1.58052e-11 -2.75922e-22  9.41115e-14  9.64048e-23  2.43417e-12 -4.76028e-23  1.20658e-12  2.37844e-23  2.82456e-13  -8.8069e-24 -8.21347e-15  2.22666e-24 -3.66453e-14  2.13432e-25 -1.70894e-14 -8.92956e-26 -4.61929e-15 -4.83796e-25  -6.2528e-16  3.17792e-25  9.89085e-17 -4.55349e-27  9.27804e-17 -5.18269e-26  3.36547e-17  1.07521e-26  8.31317e-18  3.10647e-27  1.44168e-18 -5.64968e-29  1.30071e-19 -2.32967e-28  -1.9136e-20 -3.14404e-28  -1.2404e-20  1.43353e-29 -3.53284e-21  5.11818e-29 -7.34668e-22  2.40796e-30 -1.21753e-22 -2.62394e-30 -1.62627e-23 -4.31899e-31 -1.67418e-24 -1.33608e-31 -1.07634e-25  3.21675e-32  2.65033e-27   3.2933e-32   2.1134e-27  8.56742e-34   3.9231e-28  -1.7046e-33  5.07691e-29 -4.94886e-35  5.21041e-30  6.21064e-35  4.40187e-31  5.00672e-36  3.09082e-32 -5.74293e-37  1.79631e-33  6.28792e-39  8.51031e-35   2.5731e-38  3.20613e-36  2.75616e-39  9.25067e-38 -6.98975e-41  1.89617e-39 -2.67515e-41  2.35025e-41 -1.08682e-42  1.56932e-43  2.14985e-45
 2.14828e-24  5.95352e-09 -3.32896e-23 -8.14313e-08   1.0857e-22  5.55313e-07  6.19058e-22  -2.3468e-06 -7.07625e-21  6.67782e-06   3.1981e-20 -1.31882e-05 -8.90898e-20  1.79421e-05  1.69247e-19 -1.57978e-05 -2.27202e-19    7.062e-06  2.20712e-19  9.88317e-07 -1.68945e-19 -2.63346e-06  1.33023e-19   3.3913e-07 -1.27634e-19  7.49481e-07  1.06208e-19 -1.07808e-07 -4.94471e-20 -2.18658e-07   6.3119e-22 -4.04352e-09  8.65681e-21  5.61371e-08 -6.69907e-22  1.62276e-08  1.61121e-21 -8.33126e-09 -7.31213e-21 -6.70963e-09  8.00428e-21 -7.94517e-10 -5.34941e-21  1.07118e-09  2.48813e-21   6.3233e-10  6.46609e-23  8.96458e-11 -1.30273e-21 -7.03003e-11  1.00312e-21  -4.9452e-11 -3.82071e-22 -1.33652e-11  1.25133e-22  6.86351e-13 -6.35166e-23  2.21683e-12  3.10344e-23  1.02646e-12 -1.33512e-23  2.43966e-13  3.32068e-24  4.78854e-15  1.71089e-24 -2.32642e-14 -7.44865e-25 -1.16621e-14 -8.72765e-25 -3.42035e-15  5.66122e-25 -6.17829e-16  1.60206e-26 -2.00359e-17 -8.43897e-26  3.35384e-17  9.85044e-27  1.53053e-17  5.98797e-27  4.29662e-18  1.13763e-27  8.90958e-19  -5.4857e-28  1.35346e-19 -6.60473e-28  1.17283e-20  1.52223e-29 -9.40903e-22  8.85443e-29 -6.74731e-22  8.39433e-30 -1.76623e-22 -3.36517e-30 -3.33992e-23 -1.23397e-30 -5.08023e-24 -3.45578e-31 -6.40364e-25  8.97891e-32 -6.68342e-26  6.23436e-32 -5.60323e-27  1.63196e-33 -3.41416e-28 -2.59803e-33 -8.73322e-30  -1.3061e-34  1.14674e-30  6.79784e-35  2.12319e-31  5.25114e-36  2.09407e-32 -6.13532e-37   1.4984e-33  5.99031e-38  8.22962e-35  4.01628e-38  3.47937e-36  3.90607e-39  1.10216e-37 -6.13185e-41  2.44879e-39 -2.54453e-41  3.26165e-41  -7.7604e-43  1.99744e-43
-1.99837e-09  2.82149e-23  5.09094e-08 -2.48947e-22 -4.85456e-07  6.19058e-22  2.65415e-06  2.92859e-21 -9.48518e-06 -2.88739e-20  2.33823e-05  1.14851e-19 -4.03104e-05 -2.84308e-19  4.74226e-05  4.80828e-19  -3.4466e-05 -5.71965e-19   9.6424e-06  4.90401e-19  6.25554e-06 -3.44359e-19 -5.26257e-06  2.83027e-19 -8.68199e-07 -2.83265e-19  1.66104e-06  2.13237e-19  2.78414e-07 -7.10755e-20 -4.40366e-07 -1.80589e-20 -1.51412e-07    1.359e-20  7.96902e-08  7.16926e-21  6.07977e-08  1.52225e-21  9.84888e-10 -1.45784e-20  -1.3606e-08  1.41041e-20 -5.68085e-09 -8.93816e-21   4.0434e-10  4.25373e-21  1.30834e-09  1.73599e-22  5.37457e-10  -2.0997e-21  2.72269e-11  1.39177e-21  -7.6554e-11 -4.48727e-22 -4.26088e-11  1.46804e-22 -1.01991e-11 -7.13334e-23   7.2557e-13    3.374e-23   1.6815e-12 -2.11045e-23  7.56671e-13   5.3515e-24   1.8844e-13   4.8692e-24  1.42764e-14  -2.0051e-24 -1.10232e-14 -1.50342e-24 -6.41546e-15  8.98934e-25 -2.05258e-15  7.49075e-26 -4.43652e-16  -1.2249e-25  -5.4566e-17  1.37657e-27  4.03234e-18  9.86273e-27  4.56703e-18   3.7783e-27  1.54872e-18 -9.79105e-28  3.66138e-19 -1.21692e-27   6.7069e-20 -1.31977e-29  9.50417e-21  1.35879e-28  9.25889e-22   2.1266e-29  1.88102e-23  -3.2226e-30 -1.62927e-23 -2.69475e-30 -4.56915e-24 -7.14021e-31  -8.1238e-25  1.78739e-31 -1.12797e-25  1.03938e-31 -1.29253e-26  3.81101e-33 -1.24379e-27 -3.37216e-33 -1.00572e-28 -2.49688e-34 -6.75238e-30  5.36641e-35 -3.66111e-31   2.1132e-36 -1.50855e-32 -8.61893e-37 -3.97719e-34  1.22704e-37 -9.05612e-37  5.50612e-38   4.9226e-37  4.83922e-39  2.52546e-38  -3.3589e-41   6.3462e-40 -1.86751e-41  7.35881e-42 -3.46315e-43
-1.23305e-23 -2.21205e-08  2.37927e-22  3.22064e-07 -1.46478e-21  -2.3468e-06  2.92859e-21  1.06498e-05  1.17796e-20 -3.27593e-05 -1.01563e-19  7.06343e-05  3.58476e-19 -0.000106667 -7.91995e-19  0.000107924  1.19318e-18 -6.24329e-05 -1.25276e-18  5.11813e-06  9.42234e-19   1.8292e-05 -6.19875e-19 -7.19786e-06   5.5913e-19 -4.52196e-06 -5.72095e-19  2.43204e-06  3.72514e-19  1.42638e-06 -6.62318e-20 -5.14598e-07 -6.17644e-20 -4.87316e-07  9.90268e-21  1.27668e-08  2.74748e-20  1.26296e-07  2.26389e-21  4.04228e-08 -2.57789e-20 -1.36015e-08  2.15605e-20 -1.44522e-08 -1.36536e-20 -3.49775e-09  6.78742e-21  1.24744e-09   4.8589e-22  1.24712e-09 -3.07902e-21   3.8984e-10  1.66012e-21 -1.27334e-11 -4.53534e-22 -6.72102e-11  1.67816e-22 -3.22851e-11 -5.88149e-23 -7.25344e-12  2.84158e-23  4.25566e-13 -3.57419e-23  1.06913e-12  9.06582e-24  4.83857e-13  1.03841e-23  1.28322e-13 -3.95555e-24  1.64816e-14  -2.4795e-24 -3.21782e-15  1.28935e-24 -2.74121e-15  1.99037e-25 -9.78744e-16 -1.60362e-25 -2.40225e-16  -1.9068e-26 -4.15821e-17  1.44209e-26 -3.79396e-18  8.42156e-27   5.2166e-19 -1.41443e-27  3.46018e-19 -2.01454e-27  9.86467e-20  -1.0719e-28  2.05025e-20   1.8735e-28  3.40194e-21  4.44737e-29  4.57706e-22 -1.50226e-30  4.83242e-23 -4.95584e-30  3.45497e-24 -1.26958e-30  2.38603e-26  2.88807e-31 -4.17263e-26  1.55477e-31 -8.40526e-27  8.40511e-33 -1.09938e-27 -3.64292e-33 -1.11678e-28 -3.72417e-34 -9.23575e-30  1.57348e-35 -6.29466e-31 -5.63885e-36 -3.52209e-32 -1.48668e-36 -1.59358e-33  1.66234e-37 -5.67456e-35  6.51462e-38 -1.52008e-36   5.1282e-39  -2.8563e-38 -3.61969e-42 -3.33794e-40 -1.01264e-41 -1.54819e-42
 5.82678e-09 -1.36415e-22 -1.58285e-07  1.50281e-21  1.61482e-06 -7.07625e-21 -9.48518e-06  1.17796e-20  3.66196e-05  4.10306e-20 -9.82817e-05 -3.12757e-19   0.00018669  9.85988e-19 -0.000247245 -1.95008e-18  0.000212871  2.61428e-18 -9.12307e-05 -2.40547e-18 -1.80074e-05  1.57179e-18  3.80349e-05  -1.0066e-18 -4.10596e-06  1.04425e-18 -1.14626e-05 -1.05489e-18  1.55512e-06  5.61039e-19  3.48586e-06  1.05162e-20  5.61568e-08 -1.35089e-19  -9.4259e-07 -1.94856e-20 -2.66225e-07  6.48726e-20  1.53319e-07  6.78601e-21  1.18872e-07 -3.98387e-20  1.14706e-08  2.86227e-20 -2.11363e-08 -1.97266e-20 -1.18298e-08  1.01237e-20 -1.37024e-09  1.29867e-21  1.53602e-09 -4.10619e-21   1.0003e-09  1.64477e-21  2.50845e-10 -4.21351e-22 -2.67338e-11  2.02618e-22 -4.98566e-11 -6.52378e-24 -2.18691e-11  1.32255e-23 -4.87391e-12 -6.22285e-23   8.3452e-14  1.50503e-23  5.63112e-13  1.87748e-23  2.65775e-13 -6.53934e-24  7.55225e-14 -3.90841e-24  1.30181e-14  1.69096e-24  1.60221e-16  4.17324e-25 -8.23695e-16 -1.91237e-25 -3.56479e-16 -5.51959e-26 -9.80385e-17  1.92263e-26  -2.0064e-17  1.54919e-26 -3.01689e-18 -1.64398e-27  -2.5962e-19 -3.05348e-27  2.02374e-20 -3.12407e-28  1.45123e-20  2.34908e-28  3.76501e-21   8.0857e-29  7.05071e-22   2.2711e-30  1.06239e-22 -8.02983e-30  1.32874e-23 -2.02248e-30  1.38223e-24  3.95259e-31  1.16939e-25  2.11272e-31  7.49646e-27  1.62221e-32  2.73833e-28 -2.99198e-33 -9.69599e-30 -4.35566e-34 -2.76478e-30 -4.00218e-35 -2.82342e-31 -1.74975e-35 -1.97034e-32 -2.47299e-36 -1.02586e-33  1.68559e-37 -4.00708e-35  6.59776e-38 -1.13157e-36  4.56473e-39  -2.1343e-38  1.27644e-41 -2.22379e-40 -3.55755e-42
 4.47354e-23  5.45499e-08 -9.85768e-22 -8.51634e-07  7.60019e-21  6.67782e-06 -2.88739e-20 -3.27593e-05  4.10306e-20  0.000109614  1.25545e-19 -0.000259438 -8.53565e-19  0.000436448  2.41604e-18 -0.000506245 -4.28527e-18  0.000364004  5.09602e-18 -9.70799e-05  -4.0602e-18  -7.3569e-05  2.26949e-18  6.00776e-05 -1.51493e-18  1.07178e-05  1.85956e-18 -2.02405e-05 -1.77561e-18 -3.31536e-06  7.07521e-19  5.72404e-06   2.1712e-19  1.88388e-06 -2.25106e-19 -1.14578e-06 -9.76692e-20 -8.20873e-07  1.17084e-19  1.84348e-08  1.93219e-20  2.04694e-07 -5.24036e-20  7.84981e-08  3.29776e-20 -1.07192e-08 -2.79003e-20 -2.11399e-08  1.39296e-20 -7.94638e-09   3.0664e-21  1.18231e-11 -4.89142e-21  1.38741e-09  1.20854e-21  7.03595e-10 -4.48176e-22  1.48968e-10  2.62378e-22 -2.36616e-11  1.11194e-22 -3.18846e-11 -1.01945e-23 -1.33189e-11 -1.05067e-22 -3.07178e-12  2.34218e-23 -1.23304e-13  3.01488e-23  2.36314e-13 -9.59054e-24   1.2283e-13 -5.88309e-24   3.7556e-14  2.05373e-24  7.77131e-15  7.53895e-25   8.5794e-16 -2.10015e-25 -1.09995e-16 -1.09026e-25  -9.0258e-17  2.38871e-26 -2.91427e-17  2.52327e-26 -6.71515e-18 -1.37072e-27 -1.20685e-18 -4.30408e-27 -1.68199e-19 -6.71727e-28 -1.61352e-20  2.71658e-28 -3.26695e-22  1.31546e-28  2.73355e-22  8.12248e-30  7.53918e-23  -1.1779e-29  1.31548e-23 -2.96633e-30  1.78982e-24  4.61159e-31  2.00698e-25  2.62713e-31  1.88777e-26  2.74438e-32  1.49136e-27 -1.11266e-33  9.79591e-29 -3.67887e-34  5.22825e-30 -9.91961e-35   2.1672e-31  -3.0894e-35  6.30002e-33 -3.56269e-36  8.63174e-35  1.29354e-37 -2.08808e-36   5.6866e-38 -1.46093e-37  3.34766e-39  -3.4877e-39  1.31312e-41  -3.1363e-41
-1.14157e-08  4.28432e-22  3.33735e-07 -5.40501e-21 -3.67464e-06   3.1981e-20  2.33823e-05 -1.01563e-19 -9.82817e-05  1.25545e-19   0.00028921  3.41358e-19 -0.000608846 -2.08525e-18  0.000910327   5.3213e-18 -0.000920805  -8.4687e-18  0.000534907  8.88167e-18 -3.94399e-05 -6.00462e-18 -0.000169023  2.79669e-18  6.88948e-05 -2.18784e-18  4.31437e-05  3.15743e-18 -2.53071e-05  -2.7221e-18 -1.40667e-05  6.84185e-19  6.02466e-06  6.01354e-19  5.15439e-06 -2.91672e-19 -4.02857e-07 -2.44186e-19 -1.48548e-06  1.69478e-19 -4.09037e-07  4.27781e-20  2.02056e-07 -5.51444e-20  1.77951e-07  3.32037e-20  3.47689e-08 -3.95232e-20 -2.05614e-08   1.7179e-20 -1.67163e-08    6.253e-21 -4.53115e-09 -4.94648e-21  5.87448e-10  3.20582e-22  1.03407e-09 -6.96656e-22  4.45578e-10  3.38331e-22  8.49324e-11  3.19348e-22 -1.44847e-11  -3.5988e-23 -1.76564e-11 -1.65728e-22 -7.26384e-12  3.38736e-23 -1.77557e-12  4.40585e-23 -1.74227e-13 -1.29474e-23  7.07409e-14 -8.46939e-24  4.60343e-14  2.34354e-24  1.53559e-14  1.22023e-24  3.59817e-15  -2.1611e-25  5.87641e-16 -1.80427e-25  4.41077e-17  2.81882e-26 -1.07288e-17  3.77291e-26 -5.65958e-18 -2.62937e-28 -1.52737e-18 -5.71617e-27 -3.07407e-19 -1.20756e-27 -4.97382e-20  2.95816e-28 -6.54312e-21  1.95316e-28 -6.76538e-22  1.55801e-29 -4.75664e-23 -1.59433e-29 -4.02732e-25 -4.08934e-30  5.27044e-25  4.43728e-31  1.03949e-25  2.99603e-31  1.31867e-26  4.13016e-32    1.292e-27  2.03203e-33  1.02469e-28 -1.24996e-34  6.65222e-30 -1.44167e-34  3.51545e-31  -4.2039e-35   1.4849e-32 -4.35844e-36  4.85168e-34   6.9491e-38  1.15856e-35  4.13729e-38  1.80521e-37  1.96519e-39  1.32799e-39  6.17183e-42
-1.11096e-22 -9.13366e-08  2.70582e-21  1.54648e-06 -2.39652e-20 -1.31882e-05  1.14851e-19  7.06343e-05 -3.12757e-19 -0.000259438  3.41358e-19   0.00067946  8.32697e-19  -0.00128119 -4.59848e-18   0.00170577  1.06134e-17  -0.00149204 -1.51436e-17  0.000657451  1.38722e-17  0.000129139 -7.67707e-18 -0.000292704  2.83113e-18  3.97072e-05 -3.14714e-18   9.2226e-05  5.08588e-18 -1.70487e-05 -3.78461e-18  -2.9787e-05  3.24039e-19  1.21674e-06  1.16747e-18  8.88737e-06 -2.67612e-19  1.99221e-06 -4.59883e-19 -1.73946e-06  1.93627e-19 -1.12888e-06  7.43949e-20 -2.57995e-08 -3.70173e-20  2.48436e-07  3.06978e-20  1.18238e-07 -5.60847e-20  4.95013e-09  1.79373e-20 -2.05261e-08  1.10292e-20 -1.12484e-08 -3.61274e-21 -2.25421e-09 -8.70622e-22  6.32609e-10 -1.35269e-21  6.65685e-10  3.90527e-22  2.58196e-10  6.29796e-22  4.77281e-11 -5.56656e-23 -6.30144e-12 -2.40466e-22 -8.38954e-12  4.62131e-23 -3.50226e-12  5.95723e-23 -9.14931e-13 -1.65848e-23 -1.35039e-13 -1.16977e-23   8.3557e-15  2.55565e-24  1.29782e-14  1.80778e-24    4.963e-15  -2.1564e-25  1.28665e-15 -2.67553e-25  2.50673e-16  3.20976e-26   3.5323e-17  5.29491e-26  2.49964e-18  1.95157e-27 -3.99856e-19 -7.23082e-27 -2.01591e-19 -1.90431e-27 -4.86509e-20  3.13661e-28 -8.73533e-21  2.68872e-28   -1.273e-21  2.38924e-29 -1.54462e-22  -2.0195e-29 -1.56063e-23 -5.38341e-30 -1.28373e-24  3.03639e-31 -8.03677e-26  3.12086e-31 -2.96248e-27  5.59926e-32  7.39706e-29  6.10386e-33  2.37592e-29  2.78572e-34  2.33284e-30 -1.61879e-34  1.52856e-31 -4.75858e-35  7.32586e-33 -4.53958e-36  2.56454e-34  1.59847e-38  6.21292e-36   2.5036e-38  8.96355e-38   8.7365e-40  4.53909e-40
 1.49822e-08 -9.34288e-22 -4.78779e-07  1.30606e-20  5.77162e-06 -8.90898e-20 -4.03104e-05  3.58476e-19   0.00018669 -8.53565e-19 -0.000608846  8.32697e-19   0.00143356  1.83722e-18    -0.002435 -9.22024e-18    0.0028874  1.92928e-17  -0.00215253  -2.4623e-17   0.00062356  1.93981e-17  0.000439948 -8.18073e-18 -0.000403875  2.09441e-18 -5.27912e-05 -4.62109e-18  0.000144228  7.72295e-18  1.47305e-05 -4.73529e-18 -4.46133e-05 -5.31833e-19 -1.13088e-05  1.84613e-18  1.05447e-05 -7.39985e-20  6.11028e-06 -7.12506e-19  -8.0722e-07   1.5309e-19   -1.858e-06  1.01599e-19 -5.63101e-07  1.20709e-20  1.80236e-07   3.1034e-20  2.06109e-07 -7.81486e-20  6.26985e-08  1.34997e-20 -8.52902e-09  1.69247e-20 -1.57333e-08 -2.02968e-22 -6.71176e-09 -2.01329e-21 -1.01646e-09 -2.55146e-21  4.56974e-10  3.52747e-22  3.77669e-10  1.02789e-21  1.37767e-10 -6.23253e-23   2.6371e-11 -3.19905e-22 -1.51777e-12  6.11474e-23 -3.33397e-12  7.55752e-23 -1.46135e-12  -2.0676e-23 -4.08263e-13  -1.5546e-23 -7.58745e-14  2.71768e-24 -5.70584e-15  2.48351e-24  2.17423e-15  -2.2238e-25  1.17628e-15 -3.68104e-25   3.4455e-16  3.56247e-26   7.4941e-17  7.07093e-26  1.28087e-17  5.35571e-27   1.6811e-18 -8.79054e-27  1.43321e-19 -2.69903e-27 -1.18565e-21  3.40095e-28 -3.42138e-21  3.48117e-28 -8.26605e-22  3.24578e-29 -1.35567e-22 -2.41833e-29 -1.76036e-23 -6.84017e-30 -1.89205e-24  1.60746e-32 -1.70648e-25  2.92959e-31 -1.29064e-26  6.89427e-32 -8.09401e-28  1.04038e-32 -4.11206e-29  7.60262e-34 -1.62048e-30 -1.49688e-34 -4.51733e-32 -4.61698e-35 -6.58905e-34 -4.04255e-36  6.69004e-36 -1.46683e-38  5.35462e-37  1.22498e-38  8.19312e-39  2.55151e-40
 1.97034e-22  1.01287e-07 -5.20794e-21 -1.89898e-06  5.12515e-20  1.79421e-05 -2.84308e-19 -0.000106667  9.85988e-19  0.000436448 -2.08525e-18  -0.00128119  1.83722e-18   0.00273621  3.69241e-18  -0.00420629 -1.69166e-17   0.00443432  3.21442e-17  -0.00274883  -3.6545e-17  0.000311713  2.41401e-17  0.000878914 -6.48075e-18  -0.00043469  5.19737e-19 -0.000218944 -6.91687e-18  0.000171328  1.10014e-17  7.41654e-05 -5.25101e-18  -4.7718e-05  -1.9693e-18 -3.10913e-05  2.48485e-18  6.61915e-06  3.51828e-19  1.07235e-05 -9.31467e-19  1.91908e-06  1.62912e-20  -2.0027e-06  1.00822e-19 -1.30999e-06  9.60915e-20 -1.29168e-07  4.36481e-20  2.23501e-07  -1.0409e-19  1.36652e-07  1.01716e-21  2.63537e-08  2.26355e-20 -1.09808e-08  5.75563e-21 -1.01944e-08 -2.61066e-21 -3.65594e-09 -4.30029e-21 -4.44433e-10   1.5684e-22  2.59432e-10  1.46582e-21  1.89905e-10 -5.61372e-23  6.74245e-11 -3.91121e-22  1.38988e-11  8.07652e-23  3.48133e-13  9.11543e-23 -1.04662e-12  -2.5523e-23 -5.11048e-13 -1.99022e-23  -1.5311e-13  2.88576e-24 -3.28046e-14   3.1917e-24  -4.6557e-15   -2.569e-25 -1.37366e-16  -4.8076e-25  1.62685e-16  3.86059e-26  6.35727e-17  9.04993e-26   1.5592e-17  9.70373e-27  2.95474e-18 -1.03496e-26  4.54311e-19 -3.48749e-27  5.66821e-20  3.96209e-28  5.46828e-21  4.29921e-28   3.3264e-22  4.12847e-29 -6.15606e-24 -2.75472e-29 -5.27433e-24 -8.42998e-30 -9.04073e-25  -4.1817e-31 -1.06258e-25  2.40037e-31 -9.76641e-27  7.74264e-32 -7.27202e-28   1.4038e-32 -4.41195e-29  1.19396e-33  -2.1594e-30 -1.15879e-34 -8.32442e-32 -3.89118e-35  -2.4222e-33 -3.08067e-36 -4.93035e-35 -2.23209e-38 -6.07996e-37  4.57065e-39 -3.22284e-39
-1.22927e-08  1.46617e-21  4.44215e-07 -2.22635e-20 -6.03447e-06  1.69247e-19  4.74226e-05 -7.91995e-19 -0.000247245  2.41604e-18  0.000910327 -4.59848e-18    -0.002435  3.69241e-18   0.00475516  6.80255e-18  -0.00664113 -2.85649e-17    0.0061977  4.93397e-17  -0.00305813 -4.96516e-17 -0.000364529  2.63222e-17   0.00136658 -1.75529e-18 -0.000309338 -1.62824e-18 -0.000438682 -1.03249e-17  0.000138643  1.46621e-17  0.000152499 -4.98392e-18 -2.67782e-05 -3.94529e-18 -5.25893e-05   2.8695e-18 -5.61184e-06  1.02573e-18   1.3171e-05 -1.01755e-18  6.26663e-06 -2.27795e-19 -8.73252e-07  4.12886e-20 -1.90546e-06  2.08367e-19 -6.79634e-07  7.94036e-20  8.42257e-08  -1.2936e-19  1.81047e-07 -2.15091e-20   7.7225e-08  2.61687e-20  8.12385e-09  1.42597e-20  -8.5737e-09 -2.16231e-21 -5.81929e-09 -6.43333e-21 -1.85703e-09 -2.31356e-22 -2.06273e-10  1.86863e-21  1.19423e-10 -4.83125e-23  8.41472e-11 -4.41658e-22  2.98627e-11  1.08188e-22  6.70521e-12  1.05816e-22  6.41946e-13 -3.13845e-23  -2.2086e-13 -2.45097e-23 -1.42057e-13   3.1423e-24 -4.65535e-14  3.86437e-24 -1.10075e-14 -3.43131e-25 -1.95794e-15 -6.05681e-25  -2.3731e-16  4.05872e-26 -6.81076e-18  1.11196e-25  5.85342e-18  1.43195e-26  2.01867e-18 -1.18889e-26  4.35157e-19 -4.14762e-27  7.29343e-20  5.04111e-28  1.00546e-20  5.13488e-28  1.15782e-21  5.12262e-29  1.10709e-22 -2.99053e-29  8.53049e-24 -1.00723e-29  4.85632e-25 -9.64661e-31  1.38388e-26  1.57914e-31 -8.59243e-28  7.93946e-32 -1.63406e-28  1.61968e-32 -1.39786e-29  1.45962e-33 -8.19723e-31 -7.47286e-35 -3.48792e-32 -2.86477e-35  -1.0532e-33 -2.00206e-36 -2.06918e-35 -1.69518e-38 -2.13734e-37  1.11733e-39
-2.57943e-22 -6.60974e-08  7.24835e-21  1.44659e-06   -7.752e-20 -1.57978e-05  4.80828e-19  0.000107924 -1.95008e-18 -0.000506245   5.3213e-18   0.00170577 -9.22024e-18  -0.00420629  6.80255e-18   0.00756862  1.15542e-17   -0.0096327 -4.46285e-17   0.00789707  7.01041e-17  -0.00284528 -6.18694e-17   -0.0014042  2.41937e-17   0.00176295   6.2339e-18  2.38145e-05 -3.76817e-18 -0.000655773 -1.49869e-17  1.88815e-05  1.82729e-17  0.000225516 -3.65759e-18  2.56883e-05 -6.26868e-18 -6.53623e-05    2.773e-18 -2.58082e-05  1.89695e-18  1.01656e-05  -8.6681e-19   1.0847e-05 -5.57981e-19  1.88093e-06 -1.06401e-19   -1.806e-06  3.30123e-19 -1.28957e-06  1.46694e-19 -2.47349e-07 -1.46924e-19  1.35726e-07 -5.42352e-20  1.18147e-07  2.53574e-20  3.86911e-08  2.46657e-20  1.20987e-09  -3.4695e-22 -5.27478e-09 -8.62338e-21 -2.98596e-09 -7.80271e-22 -8.89987e-10  2.15337e-21 -1.05815e-10 -6.06535e-23  4.35173e-11 -4.63736e-22  3.22919e-11   1.4628e-22  1.17143e-11  1.19333e-22  2.84878e-12 -3.83051e-23  4.22231e-13 -2.89292e-23 -6.17359e-15  3.59805e-24 -2.79207e-14  4.43915e-24 -1.08533e-14 -5.01842e-25 -2.81176e-15 -7.43034e-25 -5.61203e-16  4.09907e-26 -8.79982e-17  1.30826e-25 -1.01934e-17  1.80905e-26 -6.04451e-19 -1.34366e-26  7.72422e-20  -4.5746e-27  3.29064e-20  6.80197e-28  6.62905e-21  6.00449e-28  9.90924e-22  6.37878e-29  1.20091e-22 -3.08659e-29  1.21386e-23 -1.16161e-29  1.03061e-24 -1.55479e-30  7.31556e-26   5.8158e-32  4.27746e-27  7.42025e-32  2.00351e-28  1.64355e-32   7.1389e-30  1.49325e-33  1.72839e-31 -3.93525e-35  1.87467e-33 -1.84559e-35 -3.28525e-35 -1.09998e-36 -1.38261e-36 -8.79693e-39  -1.2668e-38
 4.65712e-09 -1.71222e-21 -2.17274e-07  2.75091e-20  3.64516e-06 -2.27202e-19  -3.4466e-05  1.19318e-18  0.000212871 -4.28527e-18 -0.000920805  1.06134e-17    0.0028874 -1.69166e-17  -0.00664113  1.15542e-17    0.0110944  1.81896e-17   -0.0128976 -6.48369e-17   0.00917194   9.2624e-17  -0.00194412 -7.07616e-17  -0.00268932  1.66538e-17   0.00190247  1.69357e-17  0.000560703 -5.17584e-18 -0.000788364 -2.07932e-17 -0.000191221  2.13186e-17  0.000258427 -1.14885e-18  0.000105919 -8.63007e-18 -5.72799e-05  2.01457e-18 -4.90513e-05  2.84822e-18 -5.60397e-07 -4.01076e-19   1.3204e-05 -9.19179e-19  5.82285e-06 -3.59612e-19 -5.46049e-07  4.33541e-19 -1.60709e-06  2.47644e-19 -6.95234e-07 -1.48992e-19 -3.67163e-08 -9.49299e-20  1.11975e-07  1.85858e-20  6.67152e-08  3.57111e-20  1.77869e-08  2.82099e-21 -4.74302e-10 -1.04533e-20 -2.73257e-09 -1.38103e-21  -1.3871e-09  2.25538e-21 -4.01989e-10 -1.19291e-22   -5.636e-11 -4.56523e-22  1.11882e-11  1.95889e-22  1.03848e-11  1.31223e-22  3.95313e-12 -4.60672e-23  1.03068e-12  -3.2559e-23  1.89917e-13  4.39034e-24  1.90225e-14  4.87852e-24 -2.25619e-15 -7.41621e-25 -1.71159e-15 -8.89438e-25 -5.17033e-16  3.96406e-26 -1.12936e-16  1.46588e-25 -1.96871e-17  1.95998e-26 -2.79867e-18 -1.50843e-26 -3.18265e-19  -4.7152e-27 -2.64283e-20  9.28735e-28 -9.55754e-22  6.93372e-28  1.58965e-22  8.04818e-29  4.20261e-23   -3.009e-29  5.95186e-24 -1.28488e-29  6.27777e-25 -2.09637e-30  5.28934e-26 -4.27711e-32  3.62629e-27  6.28962e-32  2.01821e-28  1.48279e-32  8.96942e-30  1.31031e-33  3.08463e-31 -1.65502e-35  7.78556e-33 -1.04067e-35  1.31505e-34 -5.02498e-37  1.20777e-36 -3.02759e-39
 2.64049e-22  1.25888e-08  -7.5713e-21 -4.62159e-07  8.50085e-20    7.062e-06 -5.71965e-19 -6.24329e-05  2.61428e-18  0.000364004  -8.4687e-18  -0.00149204  1.92928e-17   0.00443432 -2.85649e-17   -0.0096327  1.81896e-17     0.015058  2.66724e-17   -0.0160162  -8.8007e-17   0.00967891  1.14312e-16 -0.000329426   -7.425e-17  -0.00399775   3.7621e-18    0.0016484  2.90993e-17   0.00122694 -5.25064e-18 -0.000754327  -2.7375e-17 -0.000461078  2.33315e-17  0.000217682  2.48048e-18   0.00019608 -1.06694e-17 -1.99022e-05  5.08827e-19 -6.63059e-05  3.71636e-18 -1.84839e-05  4.05479e-19  1.06971e-05 -1.23286e-18  9.56954e-06 -7.15072e-19  1.91987e-06  4.88817e-19 -1.24758e-06  3.76126e-19 -1.05931e-06 -1.29476e-19 -3.10349e-07  -1.3915e-19  3.15234e-08  5.43385e-21  7.12971e-08  4.57284e-20  3.38279e-08  6.92338e-21  7.77284e-09  -1.1526e-20 -4.48476e-10 -1.86474e-21 -1.21479e-09  2.15142e-21 -5.81268e-10 -2.43795e-22 -1.68657e-10 -4.25108e-22 -2.82647e-11  2.54518e-22  9.37841e-13  1.40143e-22   2.6234e-12 -5.43114e-23  1.10268e-12 -3.47432e-23    3.072e-13  5.66266e-24   6.4028e-14  5.18103e-24  9.71579e-15 -1.04974e-24  7.91068e-16 -1.03358e-24  -9.6135e-17  3.75007e-26 -5.78852e-17  1.55267e-25 -1.49811e-17  1.73972e-26 -2.84532e-18 -1.69849e-26 -4.36875e-19 -4.58723e-27 -5.58256e-20  1.23789e-27 -5.95579e-21  7.93184e-28 -5.21479e-22  1.01938e-28 -3.55878e-23  -2.7408e-29 -1.59728e-24 -1.35411e-29  -1.4291e-27   -2.495e-30  8.05325e-27  -1.2773e-31  9.14867e-28  4.78882e-32  6.45126e-29  1.19159e-32  3.26057e-30  9.91458e-34  1.19308e-31 -6.01513e-36  3.01569e-33 -5.13633e-36  4.66774e-35 -1.84095e-37  2.95055e-37
 1.27132e-09  1.60315e-21 -1.08729e-08 -2.57787e-20 -4.55491e-07  2.20712e-19   9.6424e-06 -1.25276e-18 -9.12307e-05  5.09602e-18  0.000534907 -1.51436e-17  -0.00215253  3.21442e-17    0.0061977 -4.46285e-17   -0.0128976  2.66724e-17    0.0190278  3.65979e-17   -0.0185339 -1.12106e-16   0.00919774  1.32385e-16   0.00185499 -7.13422e-17  -0.00505834 -1.31097e-17  0.000943956  4.11517e-17   0.00188951 -3.74706e-18 -0.000501665 -3.42072e-17 -0.000729096  2.40046e-17  8.51876e-05  7.01178e-18  0.000267349 -1.20541e-17   4.6299e-05 -1.70963e-18 -6.71884e-05  4.32678e-18 -3.93902e-05  1.51294e-18  1.83896e-06 -1.41694e-18  1.11344e-05 -1.14606e-18  4.98767e-06  4.72862e-19 -1.58448e-08  5.18527e-19 -1.08186e-06 -8.61628e-20 -5.80782e-07 -1.81077e-19 -1.16236e-07 -1.30224e-20  3.62469e-08  5.29813e-20  3.84904e-08  1.11864e-20  1.57418e-08 -1.15791e-20  3.32993e-09 -2.04665e-21  -1.6777e-10  1.87032e-21 -4.61088e-10 -4.35352e-22 -2.16752e-10 -3.76366e-22 -6.41249e-11  3.16265e-22 -1.24604e-11    1.436e-22  -9.0873e-13 -6.27577e-23    4.364e-13   -3.495e-23  2.38156e-13  7.51604e-24  7.23485e-14  5.37766e-24  1.63657e-14 -1.38657e-24  2.90565e-15 -1.15329e-24  3.94419e-16  3.72558e-26    3.419e-17   1.5398e-25  -5.6833e-19  1.03511e-26 -9.61883e-19 -1.93179e-26 -2.36832e-19  -4.2749e-27 -4.00579e-20  1.57976e-27 -5.37968e-21  8.96624e-28 -5.98668e-22   1.2715e-28 -5.59465e-23 -2.29441e-29 -4.38841e-24 -1.35167e-29 -2.85901e-25 -2.68047e-30 -1.51383e-26  -1.8383e-31 -6.26246e-28  3.21443e-32 -1.87033e-29   8.4846e-33 -3.23404e-31  6.41464e-34  5.99092e-34 -3.19121e-36  1.82916e-34 -2.21335e-36  3.74883e-36   -4.834e-38
-2.40082e-22  1.42466e-08   6.5623e-21 -2.13992e-07 -7.17595e-20  9.88317e-07  4.90401e-19  5.11813e-06 -2.40547e-18 -9.70799e-05  8.88167e-18  0.000657451  -2.4623e-17  -0.00274883  4.93397e-17   0.00789707 -6.48369e-17   -0.0160162  3.65979e-17    0.0225154  4.71849e-17   -0.0200856 -1.34561e-16   0.00770159   1.4457e-16   0.00432691 -6.25693e-17  -0.00562725 -3.15836e-17 -0.000162072  5.17118e-17    0.0023916 -8.54097e-19 -3.09528e-05 -4.07807e-17 -0.000918367  2.32393e-17 -0.000131341  1.21363e-17  0.000288441 -1.25402e-17  0.000129507 -4.48903e-18 -4.41417e-05  4.53169e-18 -5.60551e-05  2.81952e-18  -1.2533e-05 -1.40876e-18  8.72683e-06 -1.60697e-18   7.4668e-06  3.76388e-19  1.89993e-06  6.57004e-19 -5.78052e-07 -2.16622e-20  -6.9613e-07 -2.14674e-19 -2.79484e-07 -3.43587e-20 -3.67786e-08  5.60182e-20   2.3531e-08    1.463e-20   1.8256e-08 -1.05688e-20  6.79271e-09 -1.78539e-21  1.41391e-09   1.4858e-21 -9.70383e-12 -6.68902e-22 -1.45297e-10 -3.13532e-22 -7.02231e-11  3.73304e-22  -2.1425e-11  1.38306e-22   -4.641e-12 -7.13775e-23 -6.32354e-13 -3.29625e-23  4.57578e-15  9.94043e-24  3.40376e-14  5.51346e-24  1.25306e-14 -1.68701e-24  3.08556e-15 -1.21641e-24  5.94556e-16  4.32976e-26  9.31044e-17  1.41018e-25   1.1768e-17 -2.02239e-27  1.12832e-18 -2.22244e-26  6.18403e-20  -3.9008e-27 -3.51784e-21   1.9147e-27 -1.54194e-21  9.94977e-28 -2.54807e-22   1.5323e-28  -3.0092e-23 -1.71784e-29 -2.81178e-24 -1.27181e-29 -2.13853e-25 -2.62819e-30 -1.32827e-26 -2.06062e-31 -6.66317e-28  1.82548e-32 -2.63506e-29  5.27704e-33 -7.87866e-31   3.4568e-34 -1.65325e-32 -3.12709e-36 -2.07389e-34 -8.14148e-37 -9.19318e-37
-1.78877e-09 -1.41279e-21  7.01048e-08  2.10441e-20 -9.40866e-07 -1.68945e-19  6.25554e-06  9.42234e-19 -1.80074e-05  -4.0602e-18 -3.94399e-05  1.38722e-17   0.00062356  -3.6545e-17  -0.00305813  7.01041e-17   0.00917194  -8.8007e-17   -0.0185339  4.71849e-17    0.0251068  5.73619e-17   -0.0204951  -1.5272e-16   0.00536176  1.49664e-16   0.00674237 -4.99463e-17  -0.00555433 -4.89334e-17  -0.00152536  6.00198e-17    0.0025966  2.91649e-18  0.000599555 -4.67591e-17 -0.000959328  2.11145e-17 -0.000396598  1.75226e-17  0.000236419 -1.20031e-17  0.000208418 -7.58499e-18  3.72687e-06  4.24324e-18 -6.04934e-05  4.18151e-18 -2.89033e-05 -1.18349e-18  1.68844e-06 -2.04411e-18  7.98256e-06  2.06603e-19  3.88842e-06  7.73796e-19  4.31619e-07  5.72678e-20 -5.28955e-07 -2.34709e-19 -3.76402e-07 -5.53051e-20 -1.22537e-07  5.39594e-20  -1.0219e-08  1.62767e-20  1.17328e-08 -8.70179e-21   7.7005e-09 -1.04008e-21  2.71401e-09  1.09348e-21   5.8391e-10 -8.93386e-22  3.15616e-11 -2.32168e-22 -3.54394e-11  4.18437e-22  -1.9041e-11  1.21199e-22 -6.07088e-12 -8.03858e-23 -1.42021e-12 -2.90048e-23 -2.45427e-13  1.27524e-23 -2.59916e-14  5.62291e-24  9.78355e-16 -1.87023e-24  1.31224e-15 -1.18643e-24  3.94065e-16  6.08373e-26  8.26287e-17  1.16408e-25   1.3815e-17 -1.93622e-26  1.91414e-18 -2.57326e-26  2.21517e-19 -3.58578e-27  2.11409e-20  2.19864e-27  1.59356e-21  1.07483e-27  8.28354e-23   1.7588e-28  1.00532e-24  -1.0897e-29 -3.60064e-25 -1.12403e-29 -4.92554e-26 -2.36622e-30  -3.9723e-27 -1.97982e-31 -2.29946e-28  7.78914e-33 -9.81913e-30  2.77918e-33 -3.00387e-31  1.45445e-34 -6.02422e-33 -2.91375e-36 -6.22524e-35 -2.27826e-37
 2.22397e-22 -7.72469e-09 -5.73154e-21  2.13021e-07  5.65571e-20 -2.63346e-06 -3.44359e-19   1.8292e-05  1.57179e-18  -7.3569e-05 -6.00462e-18  0.000129139  1.93981e-17  0.000311713 -4.96516e-17  -0.00284528   9.2624e-17   0.00967891 -1.12106e-16   -0.0200856  5.73619e-17    0.0265707  6.59167e-17    -0.019808   -1.643e-16     0.002489  1.47783e-16    0.0087856 -3.64732e-17  -0.00481528 -6.28437e-17  -0.00294532  6.61107e-17    0.0024243  6.97373e-18   0.00128745 -5.20443e-17 -0.000810669   1.7808e-17 -0.000655383  2.28539e-17  0.000105548 -1.04427e-17   0.00025799 -1.06984e-17  6.88706e-05  3.45531e-18  -4.6977e-05   5.4438e-18 -4.18643e-05 -7.61763e-19 -8.88207e-06 -2.40891e-18  5.58084e-06 -1.55149e-20  5.09151e-06   8.5487e-19   1.6656e-06   1.4164e-19 -5.57734e-08 -2.37389e-19 -3.33279e-07 -7.23873e-20 -1.79975e-07  4.66783e-20 -5.05155e-08  1.53693e-20 -2.98244e-09 -6.40484e-21  4.77705e-09  9.32739e-23  2.88089e-09  7.79513e-22  9.90983e-10 -1.04156e-21  2.25357e-10 -1.19777e-22  2.51908e-11  4.47613e-22 -5.31788e-12  9.07634e-23 -4.05008e-12 -9.00352e-23 -1.39502e-12 -2.37519e-23 -3.46826e-13  1.55728e-23 -6.71731e-14  5.71121e-24 -1.00042e-14 -1.85604e-24 -9.94248e-16 -1.03177e-24 -6.71896e-18  9.42114e-26   2.4359e-17  8.19582e-26  6.82592e-18 -4.04715e-26  1.26006e-18 -2.97042e-26   1.8295e-19 -3.41298e-27  2.19602e-20  2.39119e-27  2.21497e-21  1.12081e-27  1.87984e-22  1.90455e-28   1.3305e-23 -5.02546e-30  7.69793e-25  -9.3135e-30  3.50668e-26 -1.96444e-30  1.16408e-27 -1.69252e-31  2.24352e-29   1.1425e-33 -8.37824e-32   1.1498e-33 -1.97018e-32  3.88074e-35 -5.16666e-34 -1.94682e-36 -3.84901e-36
 -2.6871e-11  1.31034e-21  -1.3287e-08 -1.86444e-20  4.11227e-07  1.33023e-19 -5.26257e-06 -6.19875e-19  3.80349e-05  2.26949e-18 -0.000169023 -7.67707e-18  0.000439948  2.41401e-17 -0.000364529 -6.18694e-17  -0.00194412  1.14312e-16   0.00919774 -1.34561e-16   -0.0204951  6.59167e-17    0.0269021  7.16621e-17   -0.0182526   -1.677e-16 -0.000559642  1.40221e-16    0.0102379 -2.53677e-17  -0.00350297 -7.19954e-17  -0.00421613  7.06801e-17   0.00186762  1.09013e-17     0.001912 -5.67233e-17 -0.000471267  1.35185e-17 -0.000846742  2.78301e-17 -8.90933e-05 -7.97576e-18  0.000257037 -1.35206e-17   0.00013647  2.25012e-18 -1.46236e-05   6.4733e-18  -4.5849e-05 -2.04012e-19 -2.01685e-05  -2.6691e-18  2.68612e-07 -2.62266e-19  4.74868e-06  8.91602e-19  2.65119e-06   2.2252e-19  6.01302e-07 -2.20587e-19 -1.27871e-07 -8.24984e-20 -1.71796e-07  3.48769e-20 -7.81085e-08  1.15571e-20 -2.00426e-08 -4.23899e-21 -1.24177e-09   1.3806e-21  1.58705e-09   5.9242e-22  9.41306e-10 -1.04712e-21  3.23156e-10  4.01904e-23  7.77539e-11  4.61296e-22  1.21274e-11  4.81012e-23  2.81417e-13 -1.00328e-22 -5.76744e-13 -1.82237e-23 -2.41971e-13  1.78651e-23 -6.47755e-14  5.75091e-24 -1.34092e-14 -1.58376e-24  -2.2456e-15 -7.36109e-25 -3.03007e-16  1.44822e-25 -3.10203e-17  4.07202e-26 -1.82424e-18  -6.3537e-26  1.07098e-19 -3.38313e-26  5.10577e-20 -3.41007e-27   9.0616e-21   2.4621e-27  1.15136e-21   1.1195e-27  1.16191e-22  1.93294e-28  9.59647e-24 -3.96483e-31  6.52163e-25 -7.23851e-30  3.61722e-26  -1.5102e-30  1.60562e-27 -1.31427e-31  5.51379e-29 -2.19451e-33  1.38359e-30  2.84216e-34  2.28832e-32 -1.70626e-36  2.00299e-34 -8.12592e-37
-1.94064e-22 -2.94565e-09   5.3125e-21  2.24531e-08 -5.18563e-20   3.3913e-07  2.83027e-19 -7.19786e-06  -1.0066e-18  6.00776e-05  2.79669e-18 -0.000292704 -8.18073e-18  0.000878914  2.63222e-17   -0.0014042 -7.07616e-17 -0.000329426  1.32385e-16   0.00770159  -1.5272e-16    -0.019808  7.16621e-17    0.0262916  7.35765e-17   -0.0161531 -1.62136e-16  -0.00346937  1.29054e-16     0.011006 -1.92981e-17  -0.00178868 -7.62998e-17  -0.00517075  7.47244e-17  0.000987671  1.46038e-17   0.00236231 -6.09287e-17  1.97476e-05  8.43465e-18 -0.000919472  3.21537e-17 -0.000314307 -4.82626e-18   0.00019497 -1.57811e-17  0.000188222   7.8714e-19  3.15059e-05  7.18678e-18 -3.71815e-05  4.07022e-19 -2.84116e-05 -2.81399e-18 -6.77775e-06 -5.07809e-19  2.56489e-06  8.80302e-19  2.90684e-06   2.9272e-19  1.20199e-06 -1.83867e-19  1.86745e-07 -8.32982e-20 -8.60662e-08  2.00592e-20 -7.63871e-08  5.01851e-21 -3.11122e-08 -2.77476e-21 -7.70024e-09  2.49015e-21  -6.7801e-10  5.28333e-22  4.08399e-10 -8.63784e-22  2.60758e-10  2.61261e-22  9.12255e-11  4.64069e-22  2.30316e-11  -2.7742e-24  4.27407e-12 -1.10837e-22  4.89342e-13 -1.36041e-23 -1.60581e-14  1.90354e-23 -2.64802e-14  5.69511e-24 -8.50706e-15 -1.02834e-24  -1.8949e-15 -3.06304e-25 -3.35757e-16  2.09406e-25 -4.92299e-17 -3.90788e-27 -6.01817e-18 -8.64873e-26 -6.04452e-19   -3.769e-26 -4.74396e-20 -3.55406e-27 -2.45245e-21  2.39544e-27  1.72223e-25  1.06327e-27  1.74877e-23  1.82831e-28   2.3658e-24  2.46902e-30   2.0359e-25 -5.30049e-30   1.2941e-26 -1.08123e-30  6.22309e-28 -9.40591e-32  2.21708e-29 -3.18291e-33  5.50001e-31  -5.5079e-35  8.27806e-33 -8.26757e-36  4.99586e-35
