   0.0467857  1.55613e-19   -0.0487665 -1.05685e-17  -0.00508042 -4.93894e-18    0.0098374   8.2508e-18   0.00260382  3.32694e-19  -0.00127483 -1.17945e-18 -0.000631749 -3.21075e-19  2.97362e-05  4.49337e-20  5.75037e-05  4.17929e-20  7.10977e-06  7.79868e-22 -2.77642e-07
 1.55613e-19    0.0931309  1.82385e-17   -0.0457466 -2.86661e-17   -0.0200606 -5.39902e-18    0.0100176  1.02204e-17   0.00586246  2.42106e-18  -0.00102919 -1.39812e-18  -0.00112877 -7.76261e-19 -8.64243e-05  3.46006e-20  7.24208e-05  6.43815e-20  1.24766e-05  5.04792e-22
  -0.0487665  1.82385e-17     0.092454  2.75268e-17   -0.0254188 -3.08784e-17   -0.0269564  -9.8912e-18   0.00656441  1.05385e-17   0.00783731  4.87332e-18 -0.000197234 -1.19518e-18  -0.00137766 -1.10437e-18 -0.000242283  4.14276e-20  5.08634e-05  5.96549e-20   9.8383e-06
-1.05685e-17   -0.0457466  2.75268e-17    0.0698894  2.79951e-17   -0.0114749 -2.89299e-17   -0.0276292 -1.51769e-17   0.00306541  9.60804e-18   0.00866673  6.67085e-18  0.000779473   -1.022e-18   -0.0013666 -1.18988e-18 -0.000364891  6.04533e-20  1.11618e-05  3.04799e-20
 -0.00508042 -2.86661e-17   -0.0254188  2.79951e-17    0.0526771  2.89484e-17  -0.00510796 -2.75879e-17   -0.0265489 -1.92996e-17   0.00026038  8.08172e-18   0.00881383  7.23806e-18   0.00172494 -1.11362e-18  -0.00112859 -1.03833e-18 -0.000399193  5.25112e-20 -1.52517e-05
-4.93894e-18   -0.0200606 -3.08784e-17   -0.0114749  2.89484e-17     0.043598   3.1104e-17  -0.00201143 -2.56767e-17   -0.0253739 -2.10716e-17  -0.00205548  6.97848e-18   0.00851927  6.65655e-18   0.00256061 -1.21264e-18 -0.000710185 -6.86278e-19 -0.000316883  2.01031e-20
   0.0098374 -5.39902e-18   -0.0269564 -2.89299e-17  -0.00510796   3.1104e-17    0.0386418  3.22505e-17  -8.2853e-05 -2.27904e-17   -0.0244127 -1.99098e-17  -0.00412857  6.65779e-18   0.00785019  5.49804e-18   0.00320214  -8.8826e-19 -0.000200114 -2.41418e-19 -0.000150712
  8.2508e-18    0.0100176  -9.8912e-18   -0.0276292 -2.75879e-17  -0.00201143  3.22505e-17    0.0356495  3.10513e-17   0.00137167 -1.96006e-17    -0.023684 -1.66474e-17  -0.00614235  6.34286e-18   0.00676366  4.20655e-18   0.00349979 -1.22066e-19  0.000223981  5.46634e-20
  0.00260382  1.02204e-17   0.00656441 -1.51769e-17   -0.0265489 -2.56767e-17  -8.2853e-05  3.10513e-17    0.0338561  2.73187e-17   0.00265333 -1.67934e-17   -0.0231456 -1.33365e-17  -0.00823665  4.70317e-18   0.00513514   2.7468e-18   0.00322293  5.05432e-19   0.00033074
 3.32694e-19   0.00586246  1.05385e-17   0.00306541 -1.92996e-17   -0.0253739 -2.27904e-17   0.00137167  2.73187e-17    0.0329477  2.22519e-17   0.00395825 -1.45176e-17   -0.0227151 -1.18441e-17   -0.0104965  9.19614e-19   0.00284171  9.24971e-19   0.00222165  4.44782e-19
 -0.00127483  2.42106e-18   0.00783731  9.60804e-18   0.00026038 -2.10716e-17   -0.0244127 -1.96006e-17   0.00265333  2.22519e-17     0.032795    1.807e-17   0.00547095 -1.22953e-17   -0.0222264  -1.2655e-17   -0.0128251 -4.47572e-18  7.77325e-05 -9.32265e-19  0.000845891
-1.17945e-18  -0.00102919  4.87332e-18   0.00866673  8.08172e-18  -0.00205548 -1.99098e-17    -0.023684 -1.67934e-17   0.00395825    1.807e-17    0.0333953  1.67893e-17   0.00744903 -9.24671e-18   -0.0212615  -1.4888e-17   -0.0145581 -9.31572e-18   -0.0021416 -1.67613e-18
-0.000631749 -1.39812e-18 -0.000197234  6.67085e-18   0.00881383  6.97848e-18  -0.00412857 -1.66474e-17   -0.0231456 -1.45176e-17   0.00547095  1.67893e-17     0.034889  1.93122e-17    0.0103963  -4.5575e-18   -0.0187715 -1.66275e-17    -0.014072 -1.04624e-17  -0.00230632
-3.21075e-19  -0.00112877 -1.19518e-18  0.000779473  7.23806e-18   0.00851927  6.65779e-18  -0.00614235 -1.33365e-17   -0.0227151 -1.22953e-17   0.00744903  1.93122e-17    0.0376902  2.60206e-17    0.0153815  2.33619e-18   -0.0129322 -1.49375e-17  -0.00981206 -6.48877e-18
 2.97362e-05 -7.76261e-19  -0.00137766   -1.022e-18   0.00172494  6.65655e-18   0.00785019  6.34286e-18  -0.00823665 -1.18441e-17   -0.0222264 -9.24671e-18    0.0103963  2.60206e-17    0.0427509  3.76382e-17    0.0239224  1.16859e-17  -0.00293764 -8.19929e-18  -0.00341325
 4.49337e-20 -8.64243e-05 -1.10437e-18   -0.0013666 -1.11362e-18   0.00256061  5.49804e-18   0.00676366  4.70317e-18   -0.0104965  -1.2655e-17   -0.0212615  -4.5575e-18    0.0153815  3.76382e-17    0.0513255  5.32728e-17    0.0356141   2.1385e-17   0.00709613 -6.61945e-19
 5.75037e-05  3.46006e-20 -0.000242283 -1.18988e-18  -0.00112859 -1.21264e-18   0.00320214  4.20655e-18   0.00513514  9.19614e-19   -0.0128251  -1.4888e-17   -0.0187715  2.33619e-18    0.0239224  5.32728e-17    0.0623804  6.60171e-17    0.0438516  2.46112e-17   0.00912096
 4.17929e-20  7.24208e-05  4.14276e-20 -0.000364891 -1.03833e-18 -0.000710185  -8.8826e-19   0.00349979   2.7468e-18   0.00284171 -4.47572e-18   -0.0145581 -1.66275e-17   -0.0129322  1.16859e-17    0.0356141  6.60171e-17    0.0682229  6.38463e-17    0.0382624  1.59778e-17
 7.10977e-06  6.43815e-20  5.08634e-05  6.04533e-20 -0.000399193 -6.86278e-19 -0.000200114 -1.22066e-19   0.00322293  9.24971e-19  7.77325e-05 -9.31572e-18    -0.014072 -1.49375e-17  -0.00293764   2.1385e-17    0.0438516  6.38463e-17    0.0575659  4.23408e-17    0.0190844
 7.79868e-22  1.24766e-05  5.96549e-20  1.11618e-05  5.25112e-20 -0.000316883 -2.41418e-19  0.000223981  5.05432e-19   0.00222165 -9.32265e-19   -0.0021416 -1.04624e-17  -0.00981206 -8.19929e-18   0.00709613  2.46112e-17    0.0382624  4.23408e-17    0.0313451  1.54061e-17
-2.77642e-07  5.04792e-22   9.8383e-06  3.04799e-20 -1.52517e-05  2.01031e-20 -0.000150712  5.46634e-20   0.00033074  4.44782e-19  0.000845891 -1.67613e-18  -0.00230632 -6.48877e-18  -0.00341325 -6.61945e-19   0.00912096  1.59778e-17    0.0190844  1.54061e-17   0.00800972
