 7.90236e-34  3.44348e-38 -6.57962e-34  2.03391e-37  4.04568e-34  3.83016e-37 -2.31156e-34  1.86913e-36    7.717e-35 -4.53947e-37 -1.26383e-35  1.76713e-36   1.5184e-35   1.3627e-37 -5.45182e-36  3.93499e-37 -1.60448e-36  5.60728e-37  2.33695e-35  6.66498e-37 -1.33835e-35 -5.19737e-38  3.37823e-36 -9.52744e-38  7.45896e-37  1.02327e-37 -3.92665e-37  1.20542e-38  1.42575e-37 -2.97975e-38  3.50635e-37  2.63526e-39 -2.78706e-37 -7.90075e-39  1.94856e-37 -7.35143e-39 -8.53981e-38  3.09504e-39 -2.17952e-38  2.23623e-39  -6.2955e-40 -8.83553e-40  1.93165e-38  2.59519e-40 -6.66257e-39   1.0855e-40 -5.62175e-40  2.27902e-41  6.90965e-40 -1.02297e-41 -3.37571e-40  2.02071e-41 -5.63988e-41 -9.00224e-42 -8.54806e-42 -2.45685e-42 -5.81753e-42  4.26795e-42 -3.19601e-41  7.78016e-43  6.72017e-42 -3.38693e-43  1.56238e-42 -3.13209e-43   4.7639e-43 -9.40417e-44 -1.36541e-42  1.07037e-43 -2.68419e-43  1.78622e-44  3.84597e-43 -7.43921e-45 -1.08028e-43 -9.63481e-45 -5.89599e-44  6.04265e-46  5.28353e-44 -1.89009e-45 -8.92807e-44  6.29212e-45  1.73213e-43 -1.26518e-44 -2.93956e-43  2.49031e-44  4.51493e-43  -4.5892e-44 -6.24129e-43  7.80288e-44  7.67031e-43 -1.22271e-43 -8.29248e-43  1.76029e-43  7.78562e-43 -2.31881e-43 -6.25856e-43   2.7815e-43   4.2576e-43 -3.02053e-43 -2.46856e-43  2.94804e-43  1.31594e-43 -2.56248e-43 -7.84594e-44   1.9601e-43  5.85622e-44 -1.29797e-43 -4.56667e-44  7.26202e-44  3.09805e-44 -3.29514e-44 -1.72811e-44  1.11237e-44  7.95833e-45  -2.0721e-45 -3.06716e-45 -3.46781e-46  9.81381e-46  4.45528e-46 -2.49908e-46 -1.81541e-46  4.71728e-47  4.24989e-47 -5.93104e-48 -5.50882e-48  3.95372e-49  2.64758e-49
 3.44348e-38  1.25446e-33  2.88884e-37 -1.05456e-33  9.37317e-37  7.17751e-34   1.8583e-36 -3.84157e-34  5.53538e-36  1.57008e-34 -1.82436e-37 -4.34555e-35  4.72331e-36  2.42469e-35  1.53307e-36 -6.82478e-36 -2.16078e-37  5.44725e-37  1.93968e-36  4.56954e-35  1.19617e-36 -3.05734e-35 -5.98119e-38  1.02756e-35 -3.65769e-37  8.12558e-37  2.71124e-37 -1.79998e-36  3.57874e-38  2.57754e-37 -6.72118e-38   9.3217e-37  1.57285e-38 -8.34949e-37 -2.30871e-38  6.60092e-37 -2.24491e-38 -2.43124e-37   1.0428e-38 -6.09712e-38  7.19569e-39  5.26178e-39 -2.40002e-39  5.06571e-38  8.96678e-40 -1.78771e-38   3.5354e-40 -1.11386e-39 -3.91495e-42  1.65705e-39 -2.02674e-41 -8.35523e-40  7.22447e-41 -2.31718e-40 -2.60543e-41  9.57063e-41 -1.22148e-41 -3.12522e-41   1.8265e-41 -1.52385e-40  3.24531e-42  4.53508e-41 -1.37028e-42  4.54534e-42 -1.20286e-42  1.36399e-42 -4.40559e-43 -4.77752e-42  4.14888e-43 -9.17403e-43  7.43418e-44  1.24975e-42 -2.93854e-44 -1.14249e-43 -4.29244e-44 -7.76132e-43  2.64106e-44  1.35518e-42 -6.38107e-44  -2.5878e-42  1.45576e-43  4.64119e-42 -2.94374e-43 -7.50541e-42  5.57707e-43  1.09205e-41 -9.81162e-43 -1.41758e-41  1.59656e-42  1.62342e-41 -2.39634e-42 -1.61798e-41   3.3063e-42  1.37883e-41 -4.17637e-42 -9.82021e-42  4.80654e-42  5.68768e-42 -5.01147e-42 -2.63736e-42  4.70125e-42  1.07741e-42 -3.93484e-42 -5.88907e-43  2.90768e-42  5.00687e-43 -1.87155e-42 -4.11836e-43  1.03036e-42  2.65569e-43  -4.7268e-43 -1.34224e-43  1.73302e-43  5.55579e-44 -4.68498e-44 -1.94049e-44   7.3911e-45  5.60529e-45  2.85612e-46  -1.2512e-45 -4.98153e-46  1.96711e-46  1.23111e-46 -1.88729e-47 -1.24935e-47  7.19465e-49
-6.57962e-34  2.88884e-37   1.7326e-33   1.3366e-36 -1.38763e-33  2.66173e-36  7.71186e-34  5.34194e-36 -3.28456e-34  1.07439e-35  1.65344e-34  1.75793e-36  -6.8185e-35  8.61072e-36  2.80488e-35  4.64641e-36  1.25445e-36 -2.26082e-36  9.55993e-37  3.72693e-36  6.12484e-35  1.55191e-36 -5.19048e-35 -1.56062e-37  2.09928e-35  -8.2465e-37 -4.04833e-37   4.7416e-37 -3.84953e-36   9.1696e-38 -3.68491e-38 -9.93487e-38  1.69638e-36  4.52569e-38 -1.68753e-36 -4.99989e-38  1.51692e-36 -5.05763e-38 -4.62155e-37  2.44416e-38 -1.45567e-37  1.64771e-38  3.26867e-38 -4.77489e-39  8.86533e-38  2.33516e-39 -3.36849e-38  7.23159e-40 -1.80336e-39 -1.40937e-40  3.45541e-39 -2.06511e-41 -1.67173e-39   1.9618e-40 -7.72997e-40 -6.26453e-41  5.38826e-40 -3.76007e-41 -8.63927e-41  5.39875e-41 -4.76794e-40  9.22567e-42  1.62802e-40 -4.01045e-42  8.30765e-42 -3.28343e-42  2.98765e-42 -1.35296e-42 -1.17081e-41  1.12222e-42 -1.37583e-42  1.88054e-43  8.23051e-43 -2.34613e-44  5.08687e-42 -2.64665e-43 -1.36942e-41  4.58144e-43  2.72431e-41 -1.03717e-42 -5.07781e-41  2.19152e-42    8.629e-41 -4.28467e-42 -1.32237e-40  7.79801e-42   1.8139e-40 -1.31648e-41 -2.20481e-40  2.05576e-41  2.34409e-40 -2.96021e-41 -2.14249e-40  3.91654e-41  1.64324e-40 -4.74116e-41 -1.02016e-40  5.22554e-41  4.84015e-41 -5.21338e-41 -1.60525e-41  4.67566e-41  3.87488e-42 -3.73826e-41  -2.4185e-42  2.63717e-41  3.09217e-42 -1.62046e-41  -2.6621e-42  8.52898e-42   1.5593e-42  -3.7588e-42 -6.91593e-43  1.34221e-42  2.55259e-43 -3.68317e-43 -8.13288e-44  7.00173e-44   2.1128e-44 -6.68171e-45 -4.03722e-45 -4.56201e-46  5.07461e-46  1.99862e-46 -3.39557e-47  -1.3862e-47
 2.03391e-37 -1.05456e-33   1.3366e-36  2.20761e-33  4.23827e-36 -1.33519e-33  5.36208e-36  5.27497e-34   1.1072e-35 -8.67033e-35  1.56909e-35  1.13107e-34  6.10249e-36 -9.32213e-35  1.18946e-35  3.23577e-35  9.20676e-36  2.35326e-35 -5.62197e-36 -3.01261e-36  4.99429e-36  6.49398e-35  1.71836e-36 -7.51385e-35 -4.34172e-37  3.33361e-35 -1.39517e-36 -2.69209e-36  6.40775e-37 -5.48094e-36  1.93999e-37 -1.01186e-36 -1.00067e-37  2.25616e-36  9.33393e-38 -2.66054e-36 -9.07466e-38  2.77947e-36 -9.62315e-38 -6.62385e-37  4.59624e-38 -3.20362e-37  3.09122e-38   1.0045e-37 -7.95657e-39  1.17746e-37  5.30974e-39 -5.29418e-38  1.08511e-39 -3.44645e-39 -4.51947e-40  7.22203e-39  2.95098e-41 -3.09864e-39  4.61313e-40 -2.14732e-39 -1.45914e-40  1.73299e-39 -8.82879e-41 -1.95794e-40  1.27804e-40 -1.16374e-39  2.11829e-41   4.2872e-40  -9.6129e-42  7.01383e-42  -7.3234e-42  7.88858e-42 -3.20307e-42 -2.80257e-41   2.5269e-42  1.36979e-41  1.01953e-43 -3.92931e-41  7.67603e-43  1.04628e-40 -2.57634e-42 -2.27843e-40  5.67559e-42  4.44091e-40 -1.23127e-41 -7.90714e-40  2.49161e-41  1.27484e-39 -4.69117e-41 -1.84644e-39  8.21008e-41  2.38058e-39 -1.33201e-40 -2.70007e-39  1.99767e-40  2.65211e-39 -2.76046e-40 -2.20676e-39  3.50135e-40  1.50405e-39 -4.05864e-40  -7.9207e-40  4.27748e-40  2.83751e-40 -4.07416e-40 -4.28322e-41  3.48191e-40 -9.83709e-42 -2.64719e-40 -5.57117e-42   1.7716e-40  1.74842e-41 -1.03007e-40 -1.42513e-41  5.11666e-41   7.0788e-42 -2.12356e-41 -2.66947e-42  7.13872e-42  8.87907e-43  -1.8553e-42 -2.62545e-43  3.44394e-43  6.04549e-44 -3.84745e-44 -9.50986e-45  1.20023e-45  9.02322e-46  1.84192e-46 -3.46441e-47
 4.04568e-34  9.37317e-37 -1.38763e-33  4.23827e-36  2.44989e-33  1.02356e-35 -9.80929e-34  7.89765e-36  1.36094e-34  1.83181e-35  2.84611e-34  1.80538e-35  2.07106e-35  1.27794e-35 -1.15361e-34  1.26498e-35  3.26613e-35  1.41409e-35  5.73356e-35 -9.48944e-36 -7.49147e-36  4.98193e-36  5.84578e-35  1.74861e-36 -9.69944e-35 -8.90748e-37  4.41248e-35 -1.97128e-36 -4.56749e-36  7.06428e-37 -5.59567e-36  3.51231e-37 -2.40591e-36 -5.05678e-38  1.90331e-36  1.59746e-37 -3.43561e-36 -1.42545e-37  4.33825e-36 -1.61799e-37 -7.27853e-37  7.29941e-38 -6.35445e-37  4.99086e-38  2.22356e-37 -1.16006e-38  1.21789e-37   1.1082e-38 -7.68859e-38  1.24897e-39 -7.88854e-39 -9.87335e-40  1.47678e-38  2.29115e-40 -5.47468e-39  9.77209e-40 -5.00386e-39 -3.30145e-40  4.25654e-39 -1.69857e-40 -4.12591e-40  2.57216e-40 -2.38002e-39  4.22198e-41  9.23561e-40  -1.9778e-41 -2.38075e-41 -1.40452e-41  5.15682e-41 -6.53708e-42 -1.46707e-40  5.91579e-42  2.90069e-40 -3.28823e-42 -7.09033e-40  1.01973e-41  1.60192e-39 -2.55184e-41 -3.28127e-39  5.66721e-41  6.12019e-39 -1.18384e-40 -1.03657e-38  2.30618e-40  1.58296e-38 -4.18117e-40 -2.16129e-38  7.04047e-40  2.61052e-38 -1.09812e-39 -2.75078e-38  1.58179e-39  2.48049e-38 -2.09698e-39  -1.8599e-38  2.54836e-39   1.1047e-38 -2.82579e-39 -4.69293e-39  2.84374e-39  9.96816e-40 -2.58081e-39   2.4677e-40  2.09637e-39 -2.23753e-40  -1.5104e-39 -1.99398e-41  9.54611e-40  9.87352e-41 -5.22026e-40 -6.47129e-41  2.42695e-40  2.52215e-41 -9.37284e-41  -7.9727e-42  2.91246e-41  2.51302e-42  -6.9482e-42 -7.00705e-43  1.17982e-42  1.37308e-43 -1.23401e-43 -1.68072e-44  5.33578e-45  1.10626e-45    6.721e-47
 3.83016e-37  7.17751e-34  2.66173e-36 -1.33519e-33  1.02356e-35   2.5974e-33  2.01375e-35 -7.03689e-34  7.98769e-36 -3.01988e-34  2.61365e-35  7.56605e-34  1.63873e-35 -1.02664e-34  2.07159e-35 -1.25465e-34  9.89123e-36  2.26631e-35  1.79161e-35  8.95321e-35 -1.26765e-35 -5.41047e-36  3.65098e-36  4.71262e-35  1.67538e-36 -1.12969e-34 -1.47355e-36  5.10787e-35 -2.54341e-36 -3.46793e-36  6.54117e-37 -4.14934e-36  5.70251e-37  -3.1599e-36  4.20056e-38 -2.53357e-37  2.44656e-37 -3.64473e-36 -1.93827e-37  5.96403e-36 -2.44602e-37  -5.7129e-37  1.00033e-37 -1.12122e-36  7.06073e-38  4.03154e-37 -1.50782e-38  9.37524e-38  2.15277e-38 -1.11944e-37  1.09278e-39 -1.75965e-38 -1.78437e-39  2.83527e-38   7.4373e-40 -9.22139e-39  1.88682e-39 -9.95005e-39 -6.99345e-40  8.69954e-39 -2.75034e-40  -8.0151e-40  4.54372e-40 -4.25033e-39  7.60534e-41  1.75787e-39 -3.61258e-41 -2.81349e-40  -2.2922e-41   6.4626e-40 -1.49177e-41  -1.7372e-39  2.20227e-41  4.25532e-39 -3.78155e-41 -9.89382e-39  9.58123e-41   2.1148e-38 -2.22617e-40 -4.13023e-38  4.79823e-40  7.33983e-38 -9.66357e-40 -1.17993e-37  1.81405e-39  1.70284e-37 -3.16746e-39 -2.18525e-37  5.13206e-39  2.46312e-37 -7.69464e-39 -2.39818e-37  1.06421e-38  1.96884e-37 -1.35276e-38 -1.31109e-37   1.5738e-38  6.57196e-38 -1.66756e-38 -2.01125e-38   1.6001e-38 -4.75996e-40 -1.38109e-38  3.92007e-39  1.06374e-38 -1.49579e-39 -7.24106e-39  -2.9953e-40  4.30525e-39  5.22243e-40 -2.20305e-39 -2.40022e-40  9.52115e-40  6.75957e-41 -3.38958e-40 -1.87878e-41  9.60285e-41  6.24669e-42  -2.0578e-41 -1.60039e-42  3.07356e-42  2.46912e-43 -2.74606e-43 -2.20031e-44   9.9964e-45   8.4687e-46
-2.31156e-34   1.8583e-36  7.71186e-34  5.36208e-36 -9.80929e-34  2.01375e-35  2.99572e-33  3.38565e-35 -7.96961e-34  3.36821e-36 -7.67718e-34  3.43179e-35  1.29065e-33  1.08971e-35 -2.43402e-34  2.80834e-35 -1.24326e-34  4.32303e-36  7.51964e-36  1.90221e-35   1.0504e-34 -1.40938e-35  6.63268e-36  1.75037e-36  3.38849e-35  1.51897e-36 -1.18154e-34  -2.2068e-36  5.44141e-35 -3.30394e-36  3.68768e-36  5.48311e-37 -3.03736e-36  8.53382e-37  -1.4957e-36  1.36433e-37 -5.00483e-36  3.49195e-37 -2.99529e-36 -2.22919e-37  7.34466e-36 -3.34745e-37 -2.02329e-37  1.19301e-37 -1.77128e-36  8.75849e-38  6.42433e-37 -1.77583e-38  4.31093e-38  3.89198e-38 -1.71137e-37  7.08479e-40 -3.45439e-38 -2.85515e-39  5.03323e-38  1.76737e-39 -1.47087e-38  3.33275e-39 -1.71726e-38 -1.35351e-39  1.53432e-38 -3.75834e-40  -1.3233e-39  7.18416e-40 -7.00512e-39  1.27745e-40  3.74119e-39 -6.26048e-41 -3.24307e-39 -2.31754e-41  8.66646e-39 -5.98685e-41 -2.26171e-38  1.37248e-40  5.45779e-38 -3.19803e-40 -1.21523e-37  7.64071e-40  2.48073e-37  -1.7033e-39 -4.62004e-37  3.54523e-39  7.80646e-37 -6.88628e-39 -1.18857e-36  1.24589e-38  1.61674e-36  -2.0949e-38 -1.94334e-36  3.26538e-38  2.03449e-36 -4.70458e-38  -1.8177e-36  6.24405e-38  1.34345e-36  -7.6049e-38 -7.77326e-37  8.46185e-38   3.0967e-37 -8.55713e-38 -4.53613e-38  7.81712e-38 -3.64524e-38 -6.40485e-38   2.7384e-38   4.6666e-38 -5.18816e-39 -2.99244e-38 -3.07093e-39  1.66746e-38  2.31464e-39  -7.9459e-39 -6.62976e-40  3.17188e-39  1.19702e-40 -1.03179e-39 -3.82212e-41   2.6313e-40  1.47328e-41 -4.96493e-41 -3.08632e-42  6.29798e-42  3.37139e-43 -4.44871e-43 -2.05949e-44  1.00906e-44
 1.86913e-36 -3.84157e-34  5.34194e-36  5.27497e-34  7.89765e-36 -7.03689e-34  3.38565e-35  3.88045e-33  5.02835e-35 -1.31703e-33 -6.37661e-36 -1.22669e-33  4.32201e-35  1.79452e-33  3.11202e-36 -3.69021e-34  3.30072e-35 -1.27759e-34 -2.18877e-36  5.84519e-36   1.6364e-35  9.82115e-35 -1.32005e-35  2.53893e-35  4.51443e-37  1.50052e-35  1.39391e-36 -1.08597e-34 -3.27439e-36  5.73128e-35 -4.63267e-36  1.95814e-35  5.41905e-37 -6.10891e-36  1.18198e-36  4.61283e-36  1.65911e-37 -1.27179e-35  4.73942e-37  -1.3921e-36 -2.02079e-37  8.15137e-36 -4.15735e-37  2.46554e-37  1.24194e-37 -2.54743e-36  9.35538e-38  9.40704e-37 -1.95481e-38 -1.18501e-39  6.52913e-38  -2.7335e-37  5.16098e-40   -5.898e-38 -4.13596e-39  8.27023e-38  3.43246e-39 -2.20188e-38  5.40019e-39 -2.60075e-38 -2.37684e-39  2.35708e-38 -4.22533e-40 -8.88793e-40  1.02837e-39  -1.3882e-38  2.10921e-40  1.75188e-38 -1.28132e-40 -4.01249e-38  7.25439e-41   1.0819e-37 -3.80964e-40 -2.72124e-37  9.71583e-40  6.31314e-37 -2.34497e-39 -1.34555e-36  5.39221e-39  2.62279e-36 -1.15962e-38 -4.65138e-36  2.32951e-38  7.45821e-36 -4.36403e-38 -1.07292e-35  7.60865e-38  1.37134e-35 -1.23169e-37 -1.53764e-35  1.84626e-37  1.48651e-35  -2.5547e-37  -1.2079e-35  3.25157e-37  7.91088e-36 -3.79117e-37 -3.83589e-36  4.03015e-37  1.05267e-36 -3.88452e-37  1.52018e-37  3.37291e-37 -3.06273e-37 -2.61813e-37  1.24251e-37   1.8001e-37 -3.18032e-40 -1.08407e-37 -1.98808e-38  5.63961e-38  7.74971e-39 -2.49019e-38 -1.03534e-39   9.1209e-39   8.0773e-41 -2.68617e-39 -8.78626e-41  6.08354e-40  3.30189e-41 -9.88941e-41 -4.65488e-42  1.02282e-41  3.24799e-43 -5.14681e-43 -1.28255e-44
   7.717e-35  5.53538e-36 -3.28456e-34   1.1072e-35  1.36094e-34  7.98769e-36 -7.96961e-34  5.02835e-35  5.24818e-33  6.72502e-35 -2.11732e-33  -1.8641e-35 -1.57702e-33  5.25529e-35  2.13431e-33 -5.03921e-36 -4.33415e-34  3.44933e-35 -1.55696e-34 -7.87432e-36   4.0606e-35  9.45508e-36  7.60359e-35 -1.02754e-35  4.35817e-35  8.52818e-37 -1.98968e-35  1.60158e-36 -8.18245e-35 -4.98106e-36  6.47786e-35 -6.93664e-36  4.53865e-35  8.42674e-37 -1.80844e-35  1.49228e-36  1.67333e-35  5.97647e-38 -2.31146e-35  6.18458e-37  9.75571e-37 -1.07179e-37  8.12339e-36 -4.68564e-37  5.62278e-37  1.13782e-37 -3.40469e-36  8.11488e-38  1.29865e-36 -2.14572e-38   7.8137e-39  1.01483e-37 -4.40046e-37  1.31534e-39 -8.89973e-38 -5.39526e-39  1.26631e-37  5.69744e-39  -3.0812e-38  8.05937e-39 -3.39488e-38 -3.79859e-39  2.84346e-38 -3.50288e-40  1.39676e-38   1.3269e-39  -6.7601e-38  4.01368e-40  1.72839e-37 -4.46529e-40 -4.74371e-37  8.72623e-40   1.2399e-36 -2.58934e-39 -2.99581e-36  6.53083e-39  6.66113e-36 -1.54347e-38 -1.35743e-35  3.42729e-38  2.52323e-35 -7.11656e-38 -4.25378e-35  1.37961e-37  6.45851e-35  -2.4922e-37 -8.75458e-35  4.18604e-37  1.04766e-34 -6.52125e-37 -1.09042e-34  9.39547e-37  9.66411e-35 -1.24778e-36 -7.05699e-35  1.52175e-36  3.99867e-35 -1.69686e-36 -1.51596e-35  1.72127e-36  1.50701e-36 -1.57902e-36  2.39259e-36   1.3009e-36 -1.62726e-36 -9.54612e-37  3.43835e-37  6.17747e-37  1.16389e-37 -3.48253e-37 -8.81034e-38  1.68444e-37  1.62731e-38  -6.8549e-38  9.30959e-40  2.28711e-38 -1.09822e-40 -6.03583e-39  -2.6172e-40  1.19507e-39  6.24534e-41 -1.62939e-40  -4.6512e-42  1.29824e-41  2.08884e-43 -3.77002e-43
-4.53947e-37  1.57008e-34  1.07439e-35 -8.67033e-35  1.83181e-35 -3.01988e-34  3.36821e-36 -1.31703e-33  6.72502e-35  6.86783e-33  8.15102e-35 -2.94484e-33 -2.83663e-35 -1.69934e-33  6.05789e-35  2.19577e-33 -1.19886e-35 -3.97728e-34  3.30376e-35 -2.16501e-34 -1.19751e-35  1.28023e-34 -1.58318e-36  5.12521e-35 -6.41229e-36  5.42811e-35  3.62874e-36  -8.3832e-35  2.60299e-36 -3.59677e-35 -7.61157e-36  8.11741e-35 -1.04169e-35  7.99039e-35  1.64407e-36  -4.2749e-35  1.65894e-36  3.53091e-35 -2.31699e-37  -3.5251e-35  7.83872e-37  3.61814e-36  6.99965e-38  7.14388e-36  -4.7804e-37  5.51377e-37  9.61359e-38  -4.3193e-36  4.54183e-38  1.70661e-36 -2.58201e-38  1.29172e-37   1.4622e-37 -6.89234e-37  4.25058e-39 -1.21657e-37 -6.13088e-39  1.82783e-37  8.26321e-39 -4.29601e-38  1.11434e-38 -2.57797e-38 -5.57309e-39 -1.93433e-38 -6.62922e-41  2.03311e-37  1.41217e-39 -6.67555e-37  1.18886e-39  1.92061e-36 -2.42548e-39 -5.20768e-36  6.21706e-39  1.30932e-35 -1.65074e-38 -3.03453e-35  4.03686e-38  6.45839e-35 -9.24587e-38 -1.25673e-34  1.98349e-37  2.22417e-34 -3.97669e-37 -3.55746e-34  7.43804e-37  5.10197e-34 -1.29525e-36 -6.49592e-34  2.09507e-36  7.24758e-34 -3.13933e-36 -6.96009e-34  4.34453e-36  5.60223e-34 -5.53349e-36 -3.61444e-34  6.46037e-36   1.7022e-34 -6.88176e-36   -4.229e-35  6.65242e-36 -1.07926e-35 -5.79897e-36  1.55706e-35  4.52445e-36 -6.03141e-36 -3.13143e-36  8.80258e-38  1.90182e-36  8.09024e-37 -1.00008e-36 -2.62148e-37  4.47702e-37  1.59892e-39 -1.66916e-37  1.07594e-38  5.03131e-38  4.96032e-40 -1.17556e-38 -7.37235e-40  1.99582e-39  8.04643e-41 -2.20106e-40 -1.81505e-42  1.22983e-41  1.10384e-43
-1.26383e-35 -1.82436e-37  1.65344e-34  1.56909e-35  2.84611e-34  2.61365e-35 -7.67718e-34 -6.37661e-36 -2.11732e-33  8.15102e-35  8.35215e-33  8.91842e-35 -3.54746e-33 -3.02546e-35 -1.54283e-33  6.47497e-35    1.943e-33 -1.68127e-35 -2.46104e-34  3.04661e-35  -2.9938e-34 -1.47689e-35  2.71068e-34 -1.61312e-35  3.16362e-35 -3.23659e-36  5.28364e-35  8.91628e-36 -1.86411e-34  4.86509e-36  3.14994e-35 -1.12776e-35  1.07577e-34 -1.48843e-35  1.19429e-34  3.04572e-36 -8.11763e-35  1.50126e-36  5.92884e-35 -7.19073e-37 -4.77003e-35  9.76968e-37  5.83781e-36  3.11705e-37  5.27261e-36 -4.38781e-37  1.56846e-37  8.84011e-38 -5.29999e-36  -1.3777e-38  2.13077e-36 -3.58361e-38  4.23085e-37  1.95672e-37 -1.02671e-36  1.06651e-38 -1.57416e-37 -5.50761e-39  2.60403e-37  1.05585e-38 -9.84318e-38   1.4403e-38   1.5873e-37 -7.64788e-39 -6.73156e-37  7.52021e-40  2.35525e-36  2.33035e-40 -7.19744e-36  5.58813e-39  2.02922e-35 -1.45066e-38 -5.30493e-35   3.8332e-38  1.28052e-34 -9.70347e-38 -2.84359e-34  2.29519e-37  5.78585e-34 -5.08411e-37  -1.0735e-33  1.05364e-36   1.8057e-33 -2.03924e-36  -2.7341e-33  3.67894e-36   3.6935e-33 -6.17324e-36 -4.40092e-33  9.61092e-36  4.55466e-33 -1.38436e-35 -4.00533e-33  1.83889e-35  2.89107e-33 -2.24424e-35 -1.60579e-33  2.50569e-35  5.80374e-34 -2.54667e-35 -3.20311e-35  2.34259e-35 -1.11409e-34 -1.93706e-35  6.94048e-35  1.42827e-35 -1.36243e-35 -9.29981e-36 -4.92001e-36  5.28427e-36  3.28507e-36 -2.58177e-36 -3.95831e-37  1.06428e-36 -1.38645e-37 -3.61039e-37  2.79774e-38  9.73722e-38  5.68124e-39 -1.98474e-38 -1.46051e-39  2.81716e-39  3.55246e-41 -2.38088e-40   1.2218e-42  7.60107e-42
 1.76713e-36 -4.34555e-35  1.75793e-36  1.13107e-34  1.80538e-35  7.56605e-34  3.43179e-35 -1.22669e-33  -1.8641e-35 -2.94484e-33  8.91842e-35  9.30206e-33  8.69623e-35  -3.7686e-33 -2.13832e-35 -1.16392e-33  6.31586e-35  1.42638e-33 -1.91791e-35  1.88859e-35  2.90825e-35 -3.77056e-34 -1.69617e-35  4.58336e-34  -3.3207e-35   1.2922e-35 -2.44381e-36   3.5381e-35  1.63839e-35 -3.28296e-34  8.66273e-36  1.23769e-34 -1.58393e-35  1.40402e-34  -1.9723e-35  1.58517e-34  4.99835e-36 -1.30742e-34  8.18632e-37  8.61841e-35 -1.36682e-36 -5.88627e-35  1.21175e-36  6.93419e-36  5.71076e-37   2.7167e-36 -3.58299e-37 -4.61505e-37  1.12851e-37 -6.37295e-36 -9.04632e-38  2.50762e-36 -5.42943e-38  9.33408e-37  2.43777e-37 -1.43107e-36  2.18378e-38 -2.29233e-37  -2.3777e-39  4.85397e-37  1.17789e-38  -6.8807e-37  1.77275e-38  2.30003e-36 -1.04219e-38 -7.91014e-36  3.99228e-39  2.51281e-35 -8.20751e-39 -7.37183e-35  3.08302e-38  2.00316e-34  -8.3385e-38 -5.03225e-34  2.15996e-37  1.16495e-33 -5.27426e-37 -2.47589e-33  1.20635e-36  4.80972e-33 -2.58297e-36 -8.49511e-33  5.17006e-36  1.35541e-32 -9.65658e-36   -1.938e-32  1.67968e-35  2.45811e-32 -2.71458e-35 -2.72911e-32  4.06544e-35  2.60366e-32 -5.62514e-35 -2.07613e-32  7.16606e-35   1.3197e-32 -8.37193e-35 -6.03573e-33  8.92856e-35  1.34477e-33 -8.64651e-35  5.16288e-34  7.55626e-35 -6.07919e-34 -5.91556e-35  2.19368e-34  4.11252e-35  2.57374e-36 -2.51213e-35 -3.04163e-35  1.33083e-35  8.39906e-36 -6.01452e-36  6.55216e-37  2.26987e-36 -5.69546e-37 -6.95061e-37  9.43511e-39  1.65781e-37  2.05532e-38 -2.89315e-38 -1.49814e-39  3.31435e-39 -7.74768e-41 -1.95739e-40  3.70953e-43
  1.5184e-35  4.72331e-36  -6.8185e-35  6.10249e-36  2.07106e-35  1.63873e-35  1.29065e-33  4.32201e-35 -1.57702e-33 -2.83663e-35 -3.54746e-33  8.69623e-35  9.48987e-33   7.3519e-35 -3.59926e-33 -2.70562e-36  -6.9479e-34  5.53786e-35  7.36033e-34 -1.92177e-35  3.95273e-34  3.07063e-35 -4.12107e-34 -1.90323e-35  6.66896e-34 -5.15981e-35 -2.11276e-35 -5.32065e-36 -4.08608e-36   2.5374e-35 -4.98254e-34  1.39354e-35  2.42672e-34 -2.09351e-35   1.7219e-34 -2.40226e-35  1.91353e-34  7.29832e-36 -1.85367e-34 -5.51657e-37  1.12553e-34 -2.09595e-36 -6.73004e-35  1.50572e-36  6.46521e-36  7.78339e-37 -2.46416e-37  -2.5568e-37 -9.25209e-37  1.90046e-37 -7.54692e-36 -1.73161e-37  2.75685e-36  -8.1719e-38  1.65297e-36  2.83298e-37 -1.77566e-36  3.86398e-38 -7.07404e-37  4.62934e-39  2.30118e-36  1.08069e-38 -7.19923e-36  2.20024e-38  2.51387e-35 -1.72101e-38 -8.23745e-35  2.05732e-38  2.50797e-34 -5.67138e-38 -7.08033e-34  1.68451e-37  1.84991e-33 -4.48853e-37 -4.46073e-33   1.1284e-36  9.89314e-33 -2.66388e-36  -2.0099e-32  5.89107e-36  3.72232e-32 -1.21886e-35 -6.24737e-32  2.35559e-35  9.43379e-32 -4.24439e-35 -1.27011e-31  7.11486e-35  1.50689e-31 -1.10684e-34 -1.55074e-31  1.59351e-34   1.3531e-31 -2.11632e-34 -9.65333e-32  2.58324e-34  5.25378e-32 -2.88581e-34 -1.80473e-32  2.93606e-34  1.33393e-34  -2.7051e-34  4.10025e-33   2.2419e-34 -2.35277e-33 -1.65816e-34  4.03446e-34  1.08411e-34  1.88546e-34 -6.19318e-35 -1.08239e-34  3.04695e-35  8.57025e-36 -1.26737e-35  6.15705e-36  4.34952e-36 -1.11561e-36 -1.19088e-36 -1.69696e-37  2.47588e-37  3.89821e-38 -3.60852e-38   5.9134e-40  3.16309e-39 -1.32604e-40 -1.06485e-40
  1.3627e-37  2.42469e-35  8.61072e-36 -9.32213e-35  1.27794e-35 -1.02664e-34  1.08971e-35  1.79452e-33  5.25529e-35 -1.69934e-33 -3.02546e-35  -3.7686e-33   7.3519e-35  8.97638e-33   5.0157e-35 -3.16676e-33  2.13318e-35 -2.79542e-34  4.20199e-35 -5.92907e-35 -1.74724e-35  8.95854e-34  3.62033e-35 -3.61793e-34   -2.091e-35  8.68667e-34 -7.00234e-35 -9.25241e-35 -1.23951e-35 -7.52395e-35  3.50406e-35 -6.74036e-34  2.02544e-35  3.85412e-34 -2.60935e-35  1.94351e-34 -2.68278e-35  2.13151e-34  9.63394e-36 -2.36926e-34 -2.67097e-36  1.34744e-34  -2.7933e-36  -7.2003e-35  1.87194e-36  4.44871e-36  8.56162e-37 -3.35252e-36 -1.56033e-37 -7.26069e-37  3.31701e-37 -8.78256e-36 -2.47551e-37  2.84306e-36  -1.1458e-37  2.32592e-36  3.07252e-37 -1.02636e-36   6.1164e-38 -5.59079e-36  1.71731e-38  2.10798e-35  5.17646e-39 -7.49708e-35  3.32109e-38  2.54194e-34 -4.70712e-38 -8.02261e-34  1.08853e-37  2.35132e-33 -3.13427e-37 -6.38544e-33  8.72135e-37  1.60262e-32 -2.25936e-36 -3.70572e-32  5.50048e-36  7.86499e-32 -1.25587e-35 -1.52535e-31  2.68477e-35  2.68875e-31 -5.36594e-35 -4.27951e-31  1.00094e-34  6.10053e-31 -1.73909e-34 -7.70849e-31  2.80795e-34  8.51641e-31  -4.2022e-34 -8.07138e-31  5.81146e-34  6.37525e-31 -7.40164e-34 -3.99125e-31  8.64769e-34  1.77005e-31 -9.22649e-34 -3.46255e-32  8.94251e-34   -1.918e-32 -7.82545e-34   1.9384e-32  6.13837e-34 -6.45279e-33 -4.27913e-34   -3.392e-34   2.6236e-34   9.8451e-34 -1.39675e-34 -2.35212e-34  6.35353e-35 -3.36611e-35 -2.41825e-35   1.9477e-35  7.48758e-36 -2.24216e-37 -1.81202e-36 -6.10852e-37   3.2235e-37  2.87613e-38 -3.78895e-38  4.00562e-39  2.31847e-39 -3.78689e-41
-5.45182e-36  1.53307e-36  2.80488e-35  1.18946e-35 -1.15361e-34  2.07159e-35 -2.43402e-34  3.11202e-36  2.13431e-33  6.05789e-35 -1.54283e-33 -2.13832e-35 -3.59926e-33   5.0157e-35   8.0895e-33   2.0295e-35 -2.67109e-33  4.46919e-35 -3.01075e-35  2.35915e-35 -9.42599e-34 -1.49208e-35  1.54362e-33  4.56573e-35 -1.83179e-34 -2.20138e-35  1.03993e-33 -8.73523e-35 -2.20078e-34 -2.32965e-35  -1.8976e-34   4.4455e-35 -8.27096e-34  2.68965e-35  5.42016e-34 -3.08648e-35  2.00593e-34 -2.74057e-35  2.21062e-34  1.16621e-35 -2.77322e-34 -5.45065e-36  1.49688e-34 -3.32681e-36  -7.2516e-35  2.31093e-36  1.39021e-36   7.4087e-37 -6.39895e-36 -8.27193e-38  6.30981e-37  5.36195e-37 -1.00613e-35  -3.0043e-37  3.24196e-36 -1.44451e-37  4.37973e-37  3.10252e-37   1.1276e-35  8.81462e-38 -5.63126e-35  3.86442e-38   2.1113e-34 -1.50402e-38 -7.39785e-34  8.30004e-38  2.42025e-33 -1.98367e-37 -7.36005e-33  5.59339e-37  2.07625e-32  -1.5859e-36 -5.42004e-32  4.24785e-36  1.30558e-31 -1.06649e-35 -2.89192e-31  2.51283e-35  5.86643e-31  -5.5483e-35  -1.0845e-30   1.1463e-34  1.81619e-30 -2.21243e-34 -2.73515e-30  3.98168e-34  3.67009e-30 -6.66744e-34  -4.3356e-30   1.0363e-33  4.43652e-30 -1.49085e-33  -3.8407e-30  1.97887e-33  2.70755e-30 -2.41464e-33 -1.44265e-30  2.69721e-33    4.685e-31 -2.74474e-33   2.2179e-32  2.53026e-33 -1.24919e-31 -2.09914e-33  6.62884e-32  1.55503e-33 -9.47355e-33 -1.01903e-33 -6.12999e-33  5.84029e-34  3.05496e-33  -2.8861e-34 -1.39377e-34  1.20767e-34 -2.00823e-34  -4.1779e-35  3.11741e-35  1.15611e-35  5.39575e-36 -2.43769e-36 -1.01406e-36  3.62004e-37 -4.18621e-38 -3.25413e-38  4.50678e-39  1.13425e-39
 3.93499e-37 -6.82478e-36  4.64641e-36  3.23577e-35  1.26498e-35 -1.25465e-34  2.80834e-35 -3.69021e-34 -5.03921e-36  2.19577e-33  6.47497e-35 -1.16392e-33 -2.70562e-36 -3.16676e-33   2.0295e-35  7.29277e-33 -1.16487e-35 -2.30414e-33  6.20633e-35 -2.36409e-35 -2.74118e-37 -1.93288e-33 -1.29358e-35  2.35033e-33  5.88509e-35  1.56356e-34 -2.14788e-35  1.17139e-33  -1.0283e-34 -4.11086e-34 -3.68343e-35 -3.56338e-34  5.26879e-35 -9.29826e-34  3.29877e-35  6.95455e-34 -3.49139e-35   1.8938e-34 -2.54393e-35  2.14413e-34  1.30834e-35 -3.00476e-34 -8.63489e-36  1.55489e-34 -3.56808e-36 -6.88995e-35   2.8067e-36 -1.90376e-36  4.03976e-37 -9.26605e-36 -5.05589e-38  3.65017e-36  7.88657e-37 -1.24029e-35 -3.23504e-37  9.71642e-36 -1.58945e-37 -2.96985e-35  2.89827e-37  1.40854e-34  1.14585e-37 -5.60247e-34  8.30175e-38  2.03696e-33 -9.83205e-38 -6.90366e-33  3.27933e-37  2.17744e-32  -9.4585e-37 -6.37717e-32  2.72919e-36  1.73045e-31 -7.51992e-36 -4.33894e-31  1.94834e-35  1.00215e-30 -4.73643e-35 -2.12406e-30  1.07975e-34  4.11272e-30 -2.30506e-34 -7.23523e-30  4.60109e-34  1.14881e-29 -8.57234e-34 -1.63276e-29  1.48775e-33  2.05533e-29 -2.39971e-33 -2.25962e-29  3.58801e-33  2.12732e-29 -4.95814e-33 -1.66415e-29  6.31069e-33  1.02559e-29 -7.36939e-33 -4.40082e-30  7.86017e-33  7.30672e-31 -7.61762e-33  5.84349e-31   6.6675e-33 -5.21404e-31 -5.23319e-33  1.59029e-31  3.65214e-33  1.64076e-32 -2.24316e-33 -2.72108e-32   1.1974e-33  5.62449e-33 -5.46768e-34  1.17522e-33  2.09238e-34 -5.32486e-34 -6.52723e-35 -3.50679e-36  1.59578e-35  1.67145e-35 -2.87808e-36 -4.79236e-37  3.44586e-37 -1.27268e-37  -2.1616e-38  8.71183e-40
-1.60448e-36 -2.16078e-37  1.25445e-36  9.20676e-36  3.26613e-35  9.89123e-36 -1.24326e-34  3.30072e-35 -4.33415e-34 -1.19886e-35    1.943e-33  6.31586e-35  -6.9479e-34  2.13318e-35 -2.67109e-33 -1.16487e-35  7.03321e-33 -4.11687e-35 -2.18726e-33  7.05321e-35  -3.2521e-34 -3.06499e-35 -3.04142e-33 -1.30665e-35  3.29169e-33   7.5584e-35  6.62502e-34 -1.84064e-35  1.27397e-33 -1.16179e-34 -6.56295e-34 -5.12562e-35 -5.73967e-34  5.88841e-35 -9.63066e-34  3.76678e-35  8.25162e-34 -3.80456e-35  1.64338e-34 -2.10938e-35  1.94419e-34  1.36896e-35 -3.03608e-34 -1.18231e-35  1.51677e-34 -3.42238e-36 -6.15441e-35  3.32836e-36 -4.60781e-36 -1.32464e-37 -1.22733e-35 -6.31078e-38  1.09172e-35  1.06562e-36 -2.86328e-35 -3.15365e-37  8.21007e-35 -1.45188e-37 -3.43908e-34  2.49897e-37   1.4081e-33  1.19272e-37 -5.31481e-33  2.19521e-37  1.86647e-32 -4.78806e-37 -6.10297e-32  1.50248e-36  1.85479e-31 -4.45065e-36 -5.22846e-31  1.25963e-35  1.36371e-30 -3.36387e-35 -3.28151e-30  8.43753e-35  7.25976e-30 -1.98542e-34 -1.47051e-29  4.37807e-34  2.71363e-29 -9.03418e-34 -4.53463e-29  1.74163e-33  6.81086e-29 -3.13094e-33  -9.1085e-29  5.23735e-33  1.07141e-28 -8.13217e-33 -1.09012e-28  1.16882e-32  9.36217e-29 -1.55008e-32 -6.51976e-29   1.8899e-32   3.3974e-29 -2.10956e-32 -1.03575e-29  2.14544e-32 -1.15906e-30  -1.9769e-32  3.23652e-30  1.63967e-32 -1.59276e-30 -1.21474e-32  1.78388e-31  7.96425e-33  1.69122e-31 -4.56948e-33 -7.40448e-32   2.2625e-33  9.88519e-34   -9.497e-34  5.40268e-33   3.3011e-34 -6.99735e-34 -9.19822e-35 -1.54501e-34  1.95852e-35  2.35443e-35 -2.94792e-36  1.47754e-36  2.69885e-37  -1.1441e-37 -9.64212e-39
 5.60728e-37  5.44725e-37 -2.26082e-36  2.35326e-35  1.41409e-35  2.26631e-35  4.32303e-36 -1.27759e-34  3.44933e-35 -3.97728e-34 -1.68127e-35  1.42638e-33  5.53786e-35 -2.79542e-34  4.46919e-35 -2.30414e-33 -4.11687e-35  7.63948e-33  -6.4117e-35 -2.34502e-33  7.01226e-35 -1.00275e-33 -6.83519e-35 -4.23178e-33 -1.66363e-35  4.29404e-33  9.55771e-35  1.29833e-33 -1.20728e-35  1.37549e-33 -1.27471e-34 -9.29744e-34 -6.46265e-35 -8.26511e-34  6.23493e-35 -9.21483e-34  4.02432e-35  9.12884e-34 -4.01782e-35  1.32518e-34 -1.49529e-35  1.63704e-34   1.3375e-35 -2.87539e-34 -1.45286e-35  1.39151e-34 -2.86142e-36 -5.10362e-35  3.83565e-36 -5.41817e-36 -7.92064e-37 -2.06748e-35 -1.15233e-37  5.00895e-35  1.34224e-36 -1.91625e-34 -2.80112e-37  8.08975e-34  -9.8228e-38 -3.37199e-33  2.17554e-37  1.31721e-32  3.72912e-39 -4.79223e-32   7.8007e-37  1.62398e-31 -2.23351e-36 -5.11924e-31  6.87472e-36  1.49831e-30 -2.00237e-35 -4.06247e-30  5.50722e-35  1.01768e-29 -1.42471e-34 -2.34787e-29  3.45987e-34  4.96969e-29 -7.87851e-34 -9.60713e-29  1.68006e-33  1.68683e-28 -3.34998e-33 -2.67197e-28  6.23493e-33  3.78632e-28 -1.08099e-32 -4.74835e-28  1.74187e-32  5.19469e-28 -2.60184e-32 -4.85783e-28  3.59183e-32    3.763e-28 -4.56713e-32  -2.2816e-28  5.32803e-32  9.44849e-29 -5.67726e-32 -1.26047e-29  5.49677e-32 -1.50567e-29 -4.80679e-32  1.20829e-29  3.76971e-32 -3.35139e-30 -2.62919e-32 -5.49986e-31  1.61439e-32  6.48673e-31 -8.61964e-33 -1.14767e-31  3.94011e-33 -3.30185e-32 -1.51119e-33  1.23116e-32  4.73289e-34  3.61774e-34 -1.16442e-34  -4.0222e-34  2.11995e-35   5.3168e-36 -2.57233e-36  3.25965e-36  1.64348e-37 -1.06582e-38
 2.33695e-35  1.93968e-36  9.55993e-37 -5.62197e-36  5.73356e-35  1.79161e-35  7.51964e-36 -2.18877e-36 -1.55696e-34  3.30376e-35 -2.46104e-34 -1.91791e-35  7.36033e-34  4.20199e-35 -3.01075e-35  6.20633e-35 -2.18726e-33  -6.4117e-35  9.28244e-33 -7.70239e-35 -2.71321e-33  6.33225e-35 -2.11231e-33 -1.12764e-34 -5.40607e-33 -2.42931e-35  5.24029e-33  1.18056e-34  1.98055e-33 -2.10859e-36  1.50803e-33 -1.36796e-34 -1.19379e-33 -7.52543e-35 -1.08176e-33  6.26547e-35 -8.15077e-34  4.02998e-35  9.48521e-34 -4.13046e-35  1.01484e-34 -7.86213e-36  1.25929e-34  1.21171e-35 -2.56179e-34 -1.62615e-35  1.20157e-34 -1.94928e-36 -3.95287e-35  4.28534e-36  6.22448e-36 -1.45427e-36 -9.16805e-35 -1.99113e-37  4.02601e-34  1.59845e-36 -1.79153e-33 -2.19135e-37  7.70049e-33   -4.702e-38 -3.10764e-32  3.23111e-37  1.17067e-31  -6.8629e-37 -4.11019e-31  3.26855e-36  1.34334e-30 -1.00668e-35 -4.08019e-30  3.02556e-35  1.14935e-29 -8.57407e-35 -2.99525e-29  2.28674e-34  7.20024e-29 -5.72993e-34 -1.59101e-28  1.34709e-33  3.21803e-28 -2.96777e-33 -5.92805e-28  6.11847e-33  9.88497e-28 -1.17847e-32 -1.48078e-27  2.11663e-32  1.97376e-27 -3.53737e-32 -2.31178e-27  5.48732e-32  2.33875e-27 -7.87894e-32  -1.9924e-27  1.04379e-31   1.3702e-27 -1.27118e-31 -6.97446e-28   1.4172e-31   1.9784e-28 -1.43943e-31  3.75739e-29  1.32449e-31 -7.26534e-29 -1.09694e-31  3.32124e-29  8.11428e-32 -2.61653e-30 -5.31222e-32 -4.01559e-30  3.04399e-32  1.55748e-30 -1.50588e-32  3.16233e-32  6.32034e-33 -1.24558e-31 -2.19939e-33  1.30694e-32  6.14684e-34   3.8409e-33 -1.31622e-34 -4.76186e-34  1.99934e-35 -4.05617e-35 -1.85527e-36  2.41273e-36  6.75284e-38
 6.66498e-37  4.56954e-35  3.72693e-36 -3.01261e-36 -9.48944e-36  8.95321e-35  1.90221e-35  5.84519e-36 -7.87432e-36 -2.16501e-34  3.04661e-35  1.88859e-35 -1.92177e-35 -5.92907e-35  2.35915e-35 -2.36409e-35  7.05321e-35 -2.34502e-33 -7.70239e-35  1.19704e-32  -7.7687e-35 -3.17014e-33  5.40132e-35  -3.6567e-33 -1.61052e-34 -6.42255e-33 -3.57049e-35  5.99418e-33  1.41336e-34  2.59465e-33  1.13393e-35  1.69048e-33 -1.43904e-34 -1.40796e-33 -8.20854e-35 -1.29685e-33  5.97516e-35 -6.66453e-34  3.77598e-35  9.33426e-34 -4.14744e-35   7.6496e-35    -7.32e-37  8.56705e-35  9.94673e-36 -2.16013e-34 -1.66182e-35  1.00928e-34 -8.50924e-37 -4.76935e-35  4.63646e-36  1.41882e-34 -1.97705e-36 -7.95464e-34 -3.08441e-37   3.7661e-33  1.81719e-36 -1.67468e-32 -1.00573e-37  6.99053e-32 -1.58107e-37 -2.72543e-31  1.15818e-36  9.91071e-31 -3.96227e-36 -3.35711e-30  1.41505e-35   1.0577e-29 -4.35351e-35 -3.09372e-29  1.27205e-34  8.38183e-29 -3.49793e-34  -2.0978e-28  9.04139e-34  4.83454e-28 -2.19411e-33 -1.02198e-27  4.99282e-33  1.97253e-27 -1.06397e-32 -3.45677e-27  2.12001e-32  5.46273e-27 -3.94285e-32 -7.71831e-27  6.83073e-32  9.64326e-27 -1.09978e-31  -1.0498e-26  1.64126e-31  9.75116e-27  -2.2635e-31 -7.47837e-27  2.87489e-31  4.45832e-27 -3.34959e-31 -1.77646e-27  3.56395e-31  1.72473e-28 -3.44491e-31  3.35016e-28  3.00676e-31 -2.44945e-28   -2.353e-31  6.11946e-29  1.63723e-31  1.45915e-29 -1.00277e-31 -1.35053e-29   5.3405e-32  2.00361e-30 -2.43564e-32  7.84792e-31  9.32682e-33 -2.46543e-31 -2.92021e-33 -1.36306e-32  7.19779e-34  8.47856e-33 -1.31695e-34  1.11795e-35  1.61255e-35 -7.13681e-35 -1.04478e-36 -3.56783e-38
-1.33835e-35  1.19617e-36  6.12484e-35  4.99429e-36 -7.49147e-36 -1.26765e-35   1.0504e-34   1.6364e-35   4.0606e-35 -1.19751e-35  -2.9938e-34  2.90825e-35  3.95273e-34 -1.74724e-35 -9.42599e-34 -2.74118e-37  -3.2521e-34  7.01226e-35 -2.71321e-33  -7.7687e-35  1.55506e-32 -6.59699e-35  -3.5787e-33  4.62293e-35 -5.54177e-33 -2.08159e-34 -7.13438e-33 -4.95402e-35  6.43434e-33  1.62748e-34  3.02628e-33  2.74945e-35  1.91496e-33 -1.48045e-34 -1.53863e-33 -8.49658e-35  -1.4292e-33  5.40626e-35 -5.04882e-34  3.28704e-35  8.79851e-34 -4.08007e-35  5.87041e-35  5.64506e-36  4.91706e-35  6.92512e-36 -1.80263e-34 -1.53576e-35  1.22228e-34  1.83319e-37  -2.8584e-34  4.85421e-36  1.50237e-33 -2.22834e-36 -7.52204e-33 -4.31462e-37  3.47619e-32  1.95458e-36 -1.50089e-31  2.64882e-37  6.05578e-31 -1.17758e-36 -2.28008e-30  5.29701e-36  8.00206e-30 -1.83321e-35 -2.61409e-29  5.99226e-35  7.93535e-29  -1.8021e-34 -2.23378e-28  5.11013e-34  5.81653e-28 -1.36248e-33 -1.39685e-27  3.41232e-33  3.08294e-27 -8.01871e-33 -6.22686e-27  1.76583e-32  1.14511e-26 -3.63882e-32 -1.90546e-26  7.00525e-32  2.84699e-26 -1.25751e-31 -3.78237e-26  2.10032e-31  4.41134e-26 -3.25584e-31 -4.43733e-26  4.67108e-31  3.74947e-26 -6.18223e-31 -2.54558e-26  7.52039e-31  1.26404e-26 -8.37264e-31 -3.29872e-27  8.48965e-31 -9.45549e-28 -7.79596e-31  1.43303e-27  6.44084e-31 -6.08838e-28 -4.75064e-31  2.60828e-29  3.09965e-31  8.32353e-29 -1.76938e-31 -2.87353e-29  8.71735e-32 -1.63392e-30 -3.64382e-32  2.50899e-30  1.26354e-32 -2.04033e-31 -3.52386e-33 -8.31631e-32  7.54894e-34  8.36156e-33 -1.15166e-34   9.3724e-34  1.07877e-35 -4.35384e-35  -3.9863e-37
-5.19737e-38 -3.05734e-35  1.55191e-36  6.49398e-35  4.98193e-36 -5.41047e-36 -1.40938e-35  9.82115e-35  9.45508e-36  1.28023e-34 -1.47689e-35 -3.77056e-34  3.07063e-35  8.95854e-34 -1.49208e-35 -1.93288e-33 -3.06499e-35 -1.00275e-33  6.33225e-35 -3.17014e-33 -6.59699e-35  1.97129e-32 -4.43205e-35 -3.82764e-33  4.30555e-35 -7.55985e-33 -2.47682e-34  -7.4324e-33 -6.37605e-35   6.4863e-33  1.79029e-34  3.19656e-33   4.4954e-35  2.14418e-33 -1.48147e-34 -1.56617e-33 -8.47019e-35 -1.44914e-33  4.65021e-35  -3.5922e-34  2.61259e-35  8.07053e-34 -3.94628e-35  4.36301e-35  1.07256e-35  3.28591e-35  3.14338e-36 -2.21148e-34 -1.24507e-35  5.64034e-34  8.56901e-37 -2.79049e-33  4.91443e-36  1.43832e-32 -2.12464e-36 -6.89104e-32 -5.09624e-37  3.07994e-31   1.7995e-36 -1.28581e-30  1.74666e-36  5.01158e-30 -6.27777e-36 -1.82172e-29   2.3474e-35  6.16819e-29 -7.82139e-35 -1.94237e-28  2.44414e-34  5.67781e-28 -7.14384e-34 -1.53716e-27  1.96473e-33  3.84378e-27 -5.07778e-33 -8.84894e-27  1.23202e-32  1.86822e-26 -2.80304e-32 -3.60032e-26   5.9721e-32   6.2976e-26 -1.18971e-31 -9.92916e-26  2.21206e-31  1.39884e-25 -3.83098e-31 -1.74126e-25  6.16549e-31  1.88634e-25 -9.19629e-31 -1.74029e-25  1.26743e-30  1.32117e-25  -1.6084e-30 -7.73936e-26   1.8719e-30  2.95701e-26 -1.98887e-30 -1.66461e-27  1.91891e-30 -6.53672e-27 -1.67094e-30  4.39538e-27  1.30375e-30 -9.76364e-28 -9.03797e-31 -3.23934e-28  5.51053e-31  2.48342e-28 -2.91903e-31 -2.98692e-29  1.32319e-31  -1.6173e-29  -5.0343e-32  4.33447e-30  1.56669e-32  3.66195e-31 -3.84429e-33  -1.5757e-31  7.02494e-34 -2.50133e-33 -8.63509e-35  1.36647e-33   5.6536e-36  5.95054e-36
 3.37823e-36 -5.98119e-38 -5.19048e-35  1.71836e-36  5.84578e-35  3.65098e-36  6.63268e-36 -1.32005e-35  7.60359e-35 -1.58318e-36  2.71068e-34 -1.69617e-35 -4.12107e-34  3.62033e-35  1.54362e-33 -1.29358e-35 -3.04142e-33 -6.83519e-35 -2.11231e-33  5.40132e-35  -3.5787e-33 -4.43205e-35  2.40106e-32 -1.75165e-35 -3.86125e-33  4.58676e-35 -9.41821e-33 -2.73408e-34 -7.27558e-33 -7.61385e-35  6.14152e-33   1.8711e-34  3.08638e-33  6.18521e-35  2.32169e-33 -1.43247e-34 -1.48734e-33 -8.28859e-35 -1.34924e-33  3.83816e-35 -2.52044e-34  1.81389e-35  7.37525e-34 -3.76711e-35   8.3869e-36  1.42709e-35  1.50628e-34 -1.25436e-36 -9.89437e-34 -8.09033e-36  5.03227e-33  8.81801e-37 -2.63921e-32  4.81385e-36   1.3076e-31 -1.69264e-36 -6.04671e-31 -2.73831e-37  2.61198e-30  3.79693e-37 -1.05363e-29  8.05128e-36  3.96583e-29 -2.84795e-35 -1.39129e-28  9.86233e-35  4.54295e-28 -3.17051e-34  -1.3783e-27  9.57521e-34   3.8773e-27 -2.71591e-33 -1.00881e-26  7.24267e-33  2.42038e-26 -1.81411e-32 -5.33584e-26  4.26337e-32  1.07624e-25 -9.38919e-32 -1.97588e-25  1.93491e-31  3.28113e-25 -3.72503e-31 -4.88991e-25  6.68662e-31   6.4755e-25 -1.11671e-30 -7.52052e-25  1.73078e-30  7.52171e-25 -2.48242e-30 -6.30359e-25  3.28408e-30  4.22354e-25 -3.99237e-30 -2.04304e-25  4.44069e-30  4.83326e-26 -4.49684e-30  1.98324e-26  4.12183e-30 -2.51121e-26 -3.39679e-30  9.91044e-27  2.49689e-30  -3.4703e-29 -1.62182e-30 -1.52456e-27  9.20428e-31  4.69225e-28 -4.50205e-31  4.58343e-29  1.86573e-31 -4.47205e-29 -6.40821e-32  2.60806e-30  1.77032e-32  1.58466e-30 -3.76358e-33  -1.2741e-31  5.72289e-34 -1.87851e-32  -5.3815e-35  6.78695e-34  2.01437e-36
-9.52744e-38  1.02756e-35 -1.56062e-37 -7.51385e-35  1.74861e-36  4.71262e-35  1.75037e-36  2.53893e-35 -1.02754e-35  5.12521e-35 -1.61312e-35  4.58336e-34 -1.90323e-35 -3.61793e-34  4.56573e-35  2.35033e-33 -1.30665e-35 -4.23178e-33 -1.12764e-34  -3.6567e-33  4.62293e-35 -3.82764e-33 -1.75165e-35  2.79152e-32   8.4535e-36 -3.68896e-33  5.40683e-35 -1.08083e-32 -2.81016e-34 -6.69906e-33 -8.48484e-35  5.45772e-33  1.84982e-34  2.73979e-33  7.61619e-35  2.39037e-33 -1.32942e-34 -1.31269e-33 -8.15193e-35 -1.14609e-33   3.1194e-35 -1.99027e-34  9.49018e-36   7.1273e-34 -3.55804e-35 -2.25089e-34   1.6326e-35  1.46374e-33 -6.03448e-36 -8.59493e-33 -2.66103e-36  4.65254e-32  3.26199e-38 -2.37747e-31   4.6084e-36   1.1371e-30 -1.24379e-36 -5.08141e-30  1.40844e-36   2.1211e-29 -6.46431e-36  -8.2649e-29  3.43089e-35  3.00329e-28 -1.19293e-34 -1.01647e-27  3.95655e-34   3.1993e-27  -1.2315e-33 -9.34645e-27   3.6045e-33  2.52857e-26 -9.91688e-33 -6.31751e-26  2.56385e-32   1.4529e-25 -6.22256e-32 -3.06363e-25  1.41614e-31  5.89525e-25 -3.01804e-31 -1.02931e-24  6.01383e-31  1.61921e-24 -1.11844e-30 -2.27471e-24   1.9374e-30   2.8212e-24 -3.11857e-30 -3.04144e-24  4.65218e-30  2.78694e-24 -6.41196e-30 -2.09403e-24  8.13633e-30  1.20454e-24  -9.4669e-30 -4.39536e-25   1.0053e-29  4.40407e-27 -9.69006e-30  1.13186e-25  8.42455e-30 -7.04786e-26 -6.55722e-30  1.36729e-26   4.5292e-30  6.20342e-27 -2.74722e-30  -4.0716e-27  1.44492e-30  3.75185e-28 -6.48854e-31  2.93581e-28  2.43988e-31 -6.75075e-29 -7.49028e-32 -7.96264e-30  1.81219e-32  2.60214e-30 -3.27243e-33   8.0721e-32  3.99982e-34 -2.31742e-32 -2.63161e-35 -1.93159e-34
