 9.82995e-36 -6.87569e-52 -1.38551e-35  6.60774e-51  -2.7815e-36 -1.00268e-50  1.17896e-35 -3.32322e-51 -6.64881e-36  7.34197e-51  5.34904e-37  4.90291e-51  1.59714e-36  -3.7072e-51 -1.30777e-36 -2.22893e-51  1.93578e-38 -9.78427e-52  3.11869e-37  1.27818e-51 -2.03428e-37  6.51438e-52  3.15437e-37  3.90026e-52 -1.87295e-37 -4.51579e-51  7.14311e-38 -8.89056e-51 -4.16721e-38 -2.09661e-50 -1.11195e-38  -2.7879e-50  2.93515e-38  8.99405e-50  -1.7488e-38  2.23568e-49   1.3068e-38  5.31135e-49 -7.39856e-39  3.61515e-48  1.99637e-39  8.14222e-48 -8.22091e-40   6.4929e-48  3.36734e-40  8.60148e-48 -4.39749e-41 -6.99108e-48 -1.27057e-41 -3.33272e-47  2.88827e-41 -1.47282e-47 -2.80105e-41 -7.29501e-47  1.25312e-41 -8.49518e-47 -5.21935e-42  2.31643e-47 -1.11414e-42 -8.19546e-48  9.47882e-43  8.38627e-47    1.693e-43   1.0433e-47   3.4678e-43    5.736e-47 -2.24806e-43  1.71216e-47   5.1066e-44 -3.67524e-47 -6.82719e-45  -9.7868e-48  7.66298e-46 -5.01203e-48 -2.84953e-45 -2.34434e-47  1.24936e-45  7.72311e-48  8.78831e-47 -3.15914e-48 -5.68706e-47  9.66164e-49 -1.15522e-46  5.75295e-49  2.58308e-47 -3.62043e-49  6.74474e-48  1.51331e-49  -3.9401e-48  4.86847e-50   1.4415e-48 -1.46645e-50 -1.44898e-49  5.79245e-51  -7.4375e-51 -5.85652e-52  5.88696e-51 -6.48852e-52 -3.10689e-51  9.39783e-53  1.54011e-52 -3.16728e-53 -8.02016e-53  1.13565e-53 -1.10673e-53 -1.73932e-54  8.51186e-54  1.07255e-55  3.65292e-54    8.052e-56 -5.94735e-54  6.51162e-56  6.64415e-54 -7.83176e-56 -5.90312e-54  7.08879e-56   4.3188e-54 -5.23082e-56 -2.56147e-54  3.00544e-56  1.16487e-54 -1.25656e-56 -3.67215e-55  3.30651e-57   6.3714e-56 -3.53703e-58
-6.87569e-52  2.92815e-35 -3.07063e-51 -2.56757e-35  1.97673e-50 -7.82415e-36   -2.608e-50  1.83816e-35  -5.8613e-51 -7.01339e-36  8.52933e-51 -5.11782e-37  1.11624e-50  3.22502e-36 -8.00618e-51 -2.93465e-36 -4.01979e-51 -1.98502e-37 -2.33535e-51  8.56949e-37  2.90463e-51 -6.19097e-37  8.19957e-52  9.03917e-37 -8.68067e-52 -4.45572e-37 -5.85735e-50  1.52646e-37 -1.14246e-49 -9.83056e-38 -2.33635e-49 -4.90884e-38 -3.25785e-49  9.71078e-38  8.60478e-49 -5.55055e-38  2.00993e-48  3.80904e-38  3.56743e-48 -1.95223e-38  3.16946e-47  4.72692e-39  7.51515e-47 -1.69944e-39  5.12019e-47  5.79023e-40  8.39405e-47 -2.03298e-40 -4.53089e-47  1.02811e-40 -2.51725e-46  5.00013e-41  -6.9192e-47 -8.24681e-41 -5.21956e-46  4.18746e-41 -6.61429e-46 -1.75471e-41  1.92312e-46 -5.98149e-42 -4.84731e-47  4.38656e-42  5.44791e-46 -2.49064e-43 -9.71637e-48   1.6802e-42  3.94145e-46 -9.42285e-43  9.16994e-47  2.40331e-43 -2.22301e-46 -2.51657e-44 -5.32625e-47 -4.16651e-45 -2.35138e-47 -7.31007e-45 -1.29538e-46  3.23126e-45  4.28613e-47  4.10648e-46 -1.48632e-47  5.70124e-47  3.47077e-48 -5.25301e-46  2.39339e-48  9.82685e-47 -1.83758e-48  2.07776e-47  6.70413e-49  -1.4203e-47  1.72297e-49  5.42416e-48 -4.93954e-50 -1.94165e-49  2.12256e-50 -1.07947e-49  3.31974e-52  8.63312e-51 -2.86103e-51 -4.10397e-51  3.29511e-52 -8.29452e-53 -1.04274e-52 -1.95187e-52  3.82026e-53 -6.76797e-54  -5.9909e-54 -3.98155e-53  7.62321e-55  8.37082e-53 -6.53194e-55 -9.39188e-53  1.26233e-54  8.95904e-53 -1.24062e-54 -7.18094e-53  9.91102e-55  4.74343e-53 -6.36412e-55 -2.47849e-53  3.09927e-55  9.51272e-54 -1.03627e-55 -2.31839e-54  1.88945e-56   2.3165e-55
-1.38551e-35 -3.07063e-51  5.06335e-35 -6.21972e-51 -3.52613e-35  3.29431e-50 -7.83434e-36 -4.71429e-50  1.35121e-35 -5.00503e-51  1.56548e-36  3.69117e-51 -4.45498e-36  1.38266e-50   6.4733e-36 -1.53429e-50 -5.12431e-36  -6.1929e-51 -1.27513e-36 -2.27622e-51  2.01693e-36  4.40895e-51 -1.51148e-36  -1.0402e-50  1.92158e-36 -2.33982e-50 -7.92588e-37 -5.16553e-49  2.40491e-37 -9.84881e-49  -1.8657e-37 -1.73216e-48 -1.15392e-37 -2.43487e-48  2.19514e-37   5.7946e-48 -1.23139e-37   1.1936e-47  7.69301e-38  1.21527e-47 -3.51777e-38  1.86964e-46  7.43124e-39  4.73544e-46 -2.01649e-39  2.70229e-46  4.59898e-40  5.58621e-46 -7.89161e-40 -2.02816e-46  6.48591e-40 -1.27063e-45  3.76466e-42 -1.14031e-46 -1.81028e-40 -2.53575e-45  1.07784e-40 -3.57355e-45 -4.29568e-41  1.08922e-45 -1.95959e-41 -2.19863e-46  1.36746e-41  2.44257e-45 -3.09011e-42 -4.20127e-46   5.4214e-42  1.88343e-45 -2.72103e-42  3.36742e-46  7.62539e-43 -9.33001e-46 -6.01402e-44 -1.89298e-46 -3.46733e-44 -6.99115e-47 -8.28179e-45 -4.92569e-46  4.19906e-45  1.62674e-46  1.36413e-45 -4.69385e-47  8.64959e-46  7.17369e-48 -1.57485e-45  6.83369e-48  2.38988e-46 -6.48519e-48  4.41458e-47  2.06874e-48 -3.54478e-47  3.80934e-49  1.36995e-47 -1.00098e-49  4.86625e-49  5.41583e-50  -4.8284e-49  8.34236e-51 -1.79589e-50 -8.67896e-51  9.76227e-51  7.65295e-52 -1.69039e-51 -2.30692e-52 -4.93046e-52  9.32395e-53  4.62888e-52 -2.02976e-53 -7.63019e-52  1.09052e-53  9.16632e-52 -1.29379e-53 -9.23708e-52  1.43986e-53   8.0116e-52 -1.24696e-53 -5.82976e-52  8.80671e-54  3.43699e-52 -4.87978e-54 -1.55172e-52  1.96837e-54  4.84915e-53 -4.99812e-55 -8.32749e-54  5.15844e-56
 6.60774e-51 -2.56757e-35 -6.21972e-51  6.74136e-35 -3.92933e-51 -4.44852e-35  3.36817e-50  3.28086e-37 -6.99657e-50  -5.4011e-36 -2.67158e-51  1.94944e-35 -6.69937e-51 -1.16704e-35  7.84864e-51    1.131e-35 -2.75591e-50 -6.47651e-36 -1.27152e-50 -4.24981e-36  4.08611e-51   4.2452e-36  4.29732e-51 -3.12712e-36 -1.25423e-49   3.4287e-36 -2.15285e-49 -1.21589e-36 -3.56317e-48    3.227e-37   -6.536e-48 -3.33758e-37 -9.73312e-48 -1.87612e-37 -1.31928e-47  3.96989e-37  3.22823e-47  -2.2302e-37  5.33893e-47   1.2415e-37 -3.87645e-48 -4.86879e-38  8.47148e-46  8.16191e-39  2.34449e-45 -7.91173e-40  1.08334e-45 -1.80149e-40  2.94297e-45 -2.52418e-39 -7.65794e-46  2.22279e-39 -4.86862e-45 -2.47142e-40  6.84409e-46 -3.38664e-40 -9.57301e-45  2.38652e-40   -1.545e-44  -8.7346e-41  4.91426e-45 -4.80566e-41 -9.35365e-46  3.34355e-41  8.73109e-45 -1.18571e-41 -2.95987e-45   1.3625e-41  7.21239e-45 -6.27606e-42  9.69684e-46  1.91825e-42 -3.13679e-45 -1.07385e-43 -4.94233e-46 -1.36956e-43 -1.39257e-46  1.01157e-44 -1.48389e-45 -1.00377e-45  4.86554e-46  3.60297e-45 -1.13018e-46  3.41217e-45  6.13979e-48 -3.66203e-45  1.55534e-47  4.26431e-46 -1.83801e-47  6.79582e-47   5.1349e-48 -6.80484e-47  5.35184e-49  2.60277e-47 -1.08295e-49   3.3038e-48  1.12867e-49 -1.40684e-48  3.51527e-50 -1.37618e-49 -2.11264e-50  6.60449e-50  1.36437e-51 -5.10231e-51 -4.04019e-52 -3.73512e-51  2.28594e-52  5.48696e-51 -1.16237e-52 -6.99585e-51  1.17425e-52  7.48079e-51 -1.27887e-52 -6.96122e-51  1.20312e-52  5.52301e-51 -9.27528e-53  -3.6225e-51  5.74286e-53  1.87742e-51 -2.70172e-53 -7.13689e-52  8.72638e-54  1.71993e-52 -1.53616e-54 -1.69631e-53
 -2.7815e-36  1.97673e-50 -3.52613e-35 -3.92933e-51   8.1172e-35  1.25921e-50 -5.66351e-35  1.85149e-50  1.80604e-35 -8.82026e-50 -3.75331e-35 -3.95242e-51  4.36288e-35 -2.36975e-50 -2.04446e-35 -9.76997e-51  1.56943e-35 -4.75255e-50 -4.87886e-36 -4.47421e-50 -9.90488e-36  3.96017e-50  7.86514e-36  9.16305e-51 -5.58678e-36 -9.93566e-49  5.41723e-36 -1.51975e-48  -1.7104e-36 -2.04025e-47  3.91892e-37 -3.52968e-47 -5.70988e-37 -4.28562e-47 -2.28859e-37 -5.20613e-47  6.18897e-37  1.60516e-46 -3.54247e-37  1.86316e-46  1.68687e-37 -3.54376e-46 -5.10528e-38  3.05978e-45  4.08305e-39   9.6273e-45  2.68173e-39  3.38003e-45 -8.91659e-40  1.30717e-44 -6.72512e-39 -2.85659e-45  5.75575e-39 -1.45214e-44 -9.34025e-40  6.99733e-45 -5.64482e-40 -2.93619e-44  4.70296e-40 -5.66206e-44 -1.57743e-40  1.88685e-44 -9.46941e-41 -3.92926e-45  6.80122e-41  2.64116e-44 -3.11969e-41 -1.37197e-44  2.86028e-41  2.34389e-44 -1.23404e-41  2.27878e-45  4.10694e-42 -8.96051e-45 -1.50866e-43 -9.38589e-46 -3.92823e-43 -1.30807e-46  7.81328e-44 -3.74416e-45 -2.13057e-44  1.21337e-45  8.00383e-45 -2.13201e-46  9.25064e-45  -1.8349e-47 -7.07265e-45  3.02801e-47  5.74616e-46 -4.44107e-47  5.63828e-47  1.08572e-47 -9.92277e-47  2.06709e-49  3.71097e-47  9.04348e-50  1.03219e-47  2.08277e-49 -3.14399e-48  9.83107e-50  -4.5072e-49 -4.42234e-50  1.99086e-49  2.12486e-51  2.44699e-51 -8.15096e-52  -3.3113e-50  8.91941e-52  4.40267e-50 -8.75487e-52 -5.04334e-50  9.60562e-52  5.00921e-50 -9.47715e-52 -4.29888e-50  7.92358e-52  3.10085e-50 -5.41361e-52 -1.81147e-50  2.89992e-52   8.0925e-51 -1.13079e-52 -2.49829e-51  2.77306e-53  4.23072e-52  -2.7593e-54
-1.00268e-50 -7.82415e-36  3.29431e-50 -4.44852e-35  1.25921e-50  9.75843e-35  4.59549e-50 -7.55853e-35  1.37853e-52  4.68339e-35 -9.10042e-50 -7.87256e-35 -9.91202e-51  6.81581e-35 -4.88573e-50 -2.75987e-35 -3.73629e-50  1.69211e-35 -9.13642e-50  9.74995e-37 -2.32855e-49 -1.82523e-35  2.03104e-49  1.29581e-35  8.00583e-50  -8.9207e-36 -6.62355e-48  7.88235e-36 -9.22664e-48 -2.29249e-36 -1.00151e-46  4.44204e-37 -1.59248e-46  -9.0058e-37 -1.43729e-46  -2.1597e-37 -1.26655e-46  8.77068e-37  7.42472e-46 -5.17357e-37  4.96641e-46  1.96914e-37 -2.81938e-45 -3.14485e-38  8.66533e-45   -8.144e-39   3.3615e-44   8.1012e-39  7.75637e-45 -2.38895e-40  5.07248e-44 -1.52729e-38 -1.16803e-44  1.23935e-38 -3.19126e-44 -2.37204e-39  3.72757e-44  -8.5448e-40 -7.35782e-44  8.42668e-40 -1.81423e-43 -2.68222e-40  6.39404e-44 -1.53911e-40 -1.57977e-44  1.18532e-40  6.99127e-44 -6.53308e-41 -4.98659e-44  5.23508e-41  6.66897e-44 -2.15267e-41  4.33353e-45  7.78652e-42 -2.24688e-44 -1.71188e-43 -1.01918e-45 -9.20645e-43  3.17674e-46  2.40289e-43 -8.14076e-45 -6.82221e-44  2.59688e-45  1.56085e-44 -3.01172e-46   2.0134e-44 -1.05662e-46 -1.17761e-44  5.31084e-47    5.556e-46 -9.46307e-47 -7.51532e-47  2.01163e-47 -9.09721e-47 -1.40464e-48  3.36664e-47  8.15647e-49  2.34846e-47   3.5964e-49 -5.76726e-48  2.17982e-49  -1.0344e-48 -8.35934e-50  3.82173e-49  4.46544e-51  1.31859e-49 -3.75209e-51 -2.40154e-49  5.39294e-51  2.91098e-49 -6.14784e-51 -3.09041e-49  6.37426e-51  2.84906e-49 -5.69815e-51 -2.23932e-49   4.2523e-51  1.45378e-49 -2.54872e-51 -7.44797e-50  1.15946e-51  2.79427e-50 -3.61639e-52  -6.6338e-51  6.13331e-53  6.43247e-52
 1.17896e-35   -2.608e-50 -7.83434e-36  3.36817e-50 -5.66351e-35  4.59549e-50   1.2246e-34  8.73812e-50 -1.05419e-34 -2.39479e-51  8.57329e-35 -6.83001e-50 -1.21547e-34 -1.51989e-50  8.65383e-35 -8.22244e-50 -3.01767e-35 -6.18878e-50  1.34968e-35 -2.59049e-49  1.06934e-35 -1.33998e-48 -2.86383e-35   7.7767e-49  1.95192e-35  3.17453e-49 -1.32518e-35 -3.92192e-47  1.08994e-35 -4.99968e-47 -2.99683e-36 -4.29948e-46  4.63915e-37 -6.05272e-46 -1.25784e-36 -3.02699e-46 -1.73103e-37  7.54851e-47  1.18504e-36  3.24874e-45 -7.21371e-37  8.68778e-46  1.98469e-37 -1.51777e-44  1.96773e-38  1.69059e-44 -3.12617e-38  1.00606e-43  1.35134e-38  8.89021e-45  4.19201e-39  1.76016e-43 -3.02086e-38 -5.10078e-44  2.31862e-38 -3.54319e-44 -4.91075e-39  1.49897e-43 -1.18797e-39 -1.44705e-43  1.40094e-39 -5.18105e-43 -4.51378e-40  1.95494e-43 -2.06125e-40 -5.83695e-44  1.79573e-40  1.65577e-43 -1.15855e-40 -1.52157e-43  8.61725e-41  1.69443e-43 -3.42734e-41  6.08657e-45  1.33906e-41 -5.05131e-44 -1.64185e-43   1.0038e-45 -1.86362e-42  2.10158e-45   5.4938e-43 -1.54911e-44 -1.52828e-43  4.84394e-45  2.77524e-44 -2.37319e-46  3.73364e-44 -3.18308e-46 -1.72972e-44  8.79436e-47  2.80141e-46 -1.81879e-46 -4.72613e-46  3.30892e-47  2.87394e-47 -5.37695e-48    -5.65e-48  2.56336e-48  4.30939e-47  5.99488e-49 -9.06291e-48  4.14341e-49 -1.64519e-48 -1.52377e-49  1.45242e-49  2.04279e-50  1.07846e-48 -2.56644e-50 -1.48048e-48  3.39583e-50  1.66791e-48 -3.72104e-50   -1.646e-48  3.54317e-50   1.3986e-48 -2.85732e-50 -9.97738e-49  1.89027e-50    5.756e-49 -9.79279e-51 -2.53525e-49  3.68525e-51  7.70256e-50 -8.69541e-52 -1.28107e-50  8.28724e-53
-3.32322e-51  1.83816e-35 -4.71429e-50  3.28086e-37  1.85149e-50 -7.55853e-35  8.73812e-50  1.60628e-34  1.21743e-49 -1.47065e-34  2.12517e-50  1.29029e-34  -1.9382e-50 -1.57219e-34 -9.44685e-51  9.39281e-35 -1.23998e-49 -2.70338e-35 -2.80208e-50  6.01507e-36 -1.07639e-48  2.25028e-35 -7.43142e-48 -4.03187e-35  1.80614e-48  2.77021e-35 -1.16165e-48 -1.89312e-35  -2.1057e-46  1.46323e-35 -2.45966e-46 -3.85167e-36 -1.63589e-45  3.97941e-37  -1.9163e-45  -1.4917e-36  2.21238e-46 -1.91982e-37  2.95814e-45  1.59331e-36  1.34416e-44 -9.90323e-37 -3.48608e-47  1.74072e-37 -6.55732e-44   1.0599e-37   4.5688e-45 -6.56243e-38  2.55751e-43  1.50563e-38 -2.66416e-44  1.52675e-38  5.55268e-43 -5.29971e-38 -2.17576e-43  3.86816e-38  9.74354e-44 -8.86491e-39  4.99971e-43 -1.53049e-39 -1.84419e-43  2.20296e-39  -1.3359e-42  -7.6947e-40  5.46658e-43 -2.18642e-40 -1.94278e-43  2.36831e-40   3.5673e-43 -1.79791e-40 -4.04127e-43  1.30745e-40  3.89793e-43 -5.08565e-41  3.33929e-45  2.11897e-41 -1.03384e-43 -1.57875e-43  9.33182e-45 -3.36485e-42  6.99856e-45  1.05357e-42 -2.59905e-44 -2.81504e-43  7.92314e-45  4.66374e-44  2.53807e-46  6.06769e-44 -7.30841e-46 -2.27723e-44  1.42985e-46 -2.00072e-46 -3.20659e-46 -1.32423e-45  4.83931e-47   3.6208e-46 -1.27558e-47 -1.05257e-46  5.98737e-48  6.62845e-47  9.58237e-49 -1.32565e-47  7.26546e-49 -2.42263e-49 -3.09267e-49 -3.42203e-48  1.25224e-49  6.58254e-48 -1.60984e-49 -8.01735e-48  1.91122e-49   8.4214e-48 -1.93416e-49 -7.69009e-48  1.67455e-49  5.97237e-48 -1.20855e-49 -3.82544e-48  7.00166e-50  1.93034e-48 -3.07056e-50 -7.11978e-49  9.19589e-51  1.65828e-49 -1.48886e-51 -1.57378e-50
-6.64881e-36  -5.8613e-51  1.35121e-35 -6.99657e-50  1.80604e-35  1.37853e-52 -1.05419e-34  1.21743e-49  2.13003e-34  1.37999e-49 -1.95066e-34  6.72031e-50  1.67305e-34  4.72867e-50 -1.78847e-34  4.87262e-50  8.91571e-35 -1.64284e-49 -1.92823e-35  3.43561e-49 -3.33184e-36 -4.95001e-48  3.43115e-35 -3.83182e-47  -5.2962e-35 -2.66067e-48  3.78699e-35 -2.72963e-47 -2.64749e-35 -1.03667e-45  1.92655e-35 -1.10829e-45 -4.84786e-36 -5.56777e-45  1.41834e-37 -4.79919e-45 -1.38563e-36  6.36708e-45 -4.23381e-37  2.06021e-44   2.1906e-36   5.2169e-44 -1.36593e-36  -7.9671e-45  1.42711e-37 -2.41577e-43   2.2076e-37 -1.50592e-43 -1.07539e-37  5.29729e-43  7.21525e-39 -2.27264e-43  3.54981e-38  1.61226e-42  -8.3777e-38 -8.55144e-43  5.86435e-38  8.08046e-43 -1.44655e-38  1.44056e-42 -1.84041e-39  6.41783e-44  3.32794e-39 -3.13871e-42 -1.31485e-39  1.40975e-42 -1.55309e-40 -5.80548e-43  2.66707e-40  7.08797e-43 -2.48661e-40 -9.55563e-43  1.86438e-40   8.2033e-43 -7.13235e-41 -1.50148e-44  3.10993e-41 -1.94982e-43  -2.0904e-43  3.21636e-44 -5.53195e-42  1.80171e-44  1.77669e-42 -3.84545e-44 -4.52061e-43  1.13252e-44  7.65729e-44  1.58972e-45  8.75468e-44 -1.39919e-45 -2.72346e-44  2.32895e-46 -6.50791e-46 -5.25599e-46 -2.79222e-45  6.22034e-47  1.01775e-45 -2.41742e-47 -2.83501e-46  1.18788e-47  8.85619e-47  1.35319e-48 -2.40298e-47  1.35535e-48  1.43572e-47 -8.63981e-49  -2.5224e-47  7.17155e-49  3.44583e-47 -8.69679e-49 -3.86518e-47  9.38215e-49  3.77117e-47 -8.67294e-49 -3.16453e-47   6.7683e-49  2.22513e-47 -4.32175e-49 -1.26309e-47  2.15428e-49  5.46354e-48 -7.76107e-50 -1.62665e-48  1.73999e-50  2.64465e-49  -1.5577e-51
 7.34197e-51 -7.01339e-36 -5.00503e-51  -5.4011e-36 -8.82026e-50  4.68339e-35 -2.39479e-51 -1.47065e-34  1.37999e-49  2.73595e-34  1.36351e-49 -2.38668e-34  1.23224e-49   1.9161e-34  1.46461e-49 -1.84179e-34  4.20687e-49   7.5134e-35 -8.54304e-51 -9.39842e-36  2.53539e-48 -1.19121e-35 -2.16125e-47   4.4653e-35 -1.82713e-46 -6.66548e-35 -6.20137e-47  5.03462e-35 -2.41749e-46  -3.6307e-35 -4.71289e-45  2.48912e-35 -4.59314e-45    -5.92e-36 -1.70595e-44 -4.37199e-37 -7.66501e-45 -7.26554e-37  4.11529e-44 -1.03448e-36  1.01612e-43  3.08619e-36  1.88368e-43 -1.90344e-36 -4.13251e-44   1.4404e-37 -7.82698e-43  3.45416e-37 -9.08091e-43 -1.49045e-37   7.6505e-43 -1.65857e-38 -9.84121e-43  6.64276e-38  4.34973e-42 -1.21022e-37 -3.03672e-42  8.20952e-38  3.36907e-42 -2.18652e-38  3.66328e-42 -2.07096e-39  1.34716e-42  4.87702e-39 -6.76515e-42 -2.19175e-39  3.36982e-42  7.67856e-42 -1.56424e-42  2.37706e-40  1.31464e-42  -3.0879e-40 -2.04286e-42  2.53272e-40  1.59234e-42 -9.51916e-41 -7.28675e-44  4.24848e-41 -3.42392e-43 -3.65336e-43  8.30655e-44 -8.39602e-42  3.96602e-44  2.69392e-42 -4.97227e-44 -6.52769e-43  1.38803e-44  1.25926e-43  4.26758e-45  1.12406e-43 -2.31267e-45 -3.00589e-44  3.78385e-46 -7.54304e-46 -8.09899e-46 -4.90292e-45  6.78592e-47  2.07164e-45 -3.98089e-47 -5.49351e-46   2.1372e-47  1.20389e-46  1.04642e-48 -7.76526e-47  3.39919e-48  9.62846e-47  -3.3373e-48 -1.33174e-46  3.62476e-48  1.60237e-46 -4.07812e-48 -1.66665e-46  4.01138e-48  1.50121e-46  -3.3591e-48 -1.14814e-46  2.33666e-48  7.22846e-47 -1.29875e-48 -3.57812e-47   5.4292e-49  1.29172e-47 -1.53471e-49 -2.93713e-48  2.30923e-50    2.713e-49
 5.34904e-37  8.52933e-51  1.56548e-36 -2.67158e-51 -3.75331e-35 -9.10042e-50  8.57329e-35  2.12517e-50 -1.95066e-34  1.36351e-49  3.30854e-34  1.29256e-49 -2.67136e-34  1.82245e-49   1.9778e-34  4.80011e-49  -1.7629e-34  2.58121e-48  5.73162e-35  2.05224e-48  2.43622e-37  1.40011e-47 -1.75611e-35 -8.56617e-47  5.29147e-35 -8.07149e-46 -8.13988e-35 -4.55483e-46   6.4996e-35 -1.54513e-45 -4.84297e-35 -1.98787e-44  3.13781e-35 -1.75327e-44 -6.94827e-36 -4.72524e-44 -1.43033e-36  5.40748e-45  5.91597e-37  1.93031e-43 -2.14188e-36  4.12974e-43  4.37729e-36  6.29337e-43  -2.6597e-36 -1.50383e-43  2.32274e-37 -2.27365e-42  4.53672e-37 -3.70045e-42 -1.80026e-37  5.01776e-44 -6.33466e-38 -3.31127e-42  1.08557e-37  1.09837e-41 -1.61842e-37 -9.73611e-42  1.07724e-37  1.09214e-41 -3.12033e-38  8.32147e-42 -2.15799e-39   5.4024e-42  6.96052e-39 -1.34435e-41 -3.48159e-39  7.48947e-42  2.68262e-40 -3.82626e-42  1.12662e-40  2.30168e-42 -3.42475e-40 -3.99397e-42  3.29871e-40     2.87e-42 -1.20911e-40 -2.14848e-43   5.4074e-41 -5.65118e-43 -5.94841e-43  1.81375e-43 -1.18718e-41  7.80948e-44  3.70853e-42 -5.47184e-44 -8.66865e-43  1.37711e-44  2.09434e-43  8.72219e-45  1.27202e-43 -3.34366e-45  -3.1385e-44  6.01348e-46 -3.57633e-46 -1.18385e-45 -7.44557e-45  5.68647e-47  3.54333e-45 -6.05712e-47 -9.43231e-46  3.74171e-47  2.68017e-46 -3.79901e-48 -3.52064e-46  1.20981e-47    4.825e-46 -1.43357e-47 -6.04627e-46  1.61272e-47  6.68625e-46 -1.66969e-47 -6.43414e-46  1.49085e-47   5.3112e-46  -1.1185e-47 -3.66682e-46  6.82528e-48  2.03945e-46 -3.22313e-48  -8.6233e-47  1.08554e-48  2.50281e-47 -2.22618e-49 -3.95394e-48  1.75283e-50
 4.90291e-51 -5.11782e-37  3.69117e-51  1.94944e-35 -3.95242e-51 -7.87256e-35 -6.83001e-50  1.29029e-34  6.72031e-50 -2.38668e-34  1.29256e-49  3.73483e-34  1.40936e-49 -2.75673e-34   2.8373e-49  1.88215e-34  2.23312e-48 -1.61811e-34  1.39375e-47  4.10496e-35  1.70554e-47  8.35836e-36   6.9425e-47 -1.87886e-35 -3.02524e-46  5.88272e-35 -3.31416e-45 -9.64293e-35  -2.4758e-45  8.08652e-35  -8.0867e-45 -6.21479e-35 -7.80525e-44  3.82536e-35 -6.16164e-44 -7.78434e-36 -1.18596e-43 -2.78965e-36  1.07554e-43  2.46691e-36   7.5871e-43 -3.74627e-36  1.45982e-42  6.11399e-36  1.94093e-42 -3.67515e-36 -4.61801e-43   4.6105e-37 -6.00656e-42   5.2131e-37 -1.24272e-41 -1.92428e-37 -4.74977e-42 -1.39885e-37 -9.51396e-42  1.61663e-37  2.61034e-41 -2.02754e-37 -2.83431e-41   1.3446e-37  3.02921e-41 -4.27048e-38  1.69897e-41   -1.991e-39  1.56662e-41   9.6764e-39 -2.47175e-41 -5.20549e-39  1.55073e-41  5.98034e-40 -8.55728e-42 -1.49258e-40  3.84377e-42 -3.29472e-40 -7.20361e-42   4.1133e-40   4.8301e-42 -1.45376e-40 -5.15791e-43  6.41201e-41  -8.8462e-43 -7.04048e-43   3.5066e-43 -1.57283e-41  1.41362e-43  4.63789e-42 -4.75651e-44 -1.08335e-42  8.84717e-45  3.49922e-43  1.51335e-44  1.22894e-43 -4.22048e-45 -3.22747e-44  9.15729e-46  2.48581e-46 -1.65357e-45 -9.99532e-45  2.33355e-47  5.49924e-45 -9.33987e-47 -1.76592e-45  7.18255e-47  1.07249e-45 -3.01536e-47 -1.60814e-45  4.92186e-47  2.10814e-45  -5.8877e-47 -2.45192e-45  6.30919e-47  2.50906e-45 -5.95667e-47 -2.22145e-45  4.77733e-47  1.66623e-45 -3.15757e-47 -1.02655e-45  1.64808e-47  4.96022e-46 -6.34954e-48 -1.74288e-46  1.60148e-48  3.84382e-47 -2.01661e-49 -3.42899e-48
 1.59714e-36  1.11624e-50 -4.45498e-36 -6.69937e-51  4.36288e-35 -9.91202e-51 -1.21547e-34  -1.9382e-50  1.67305e-34  1.23224e-49 -2.67136e-34  1.40936e-49  3.96822e-34   2.1417e-49 -2.68187e-34  7.20858e-49  1.70302e-34  1.12907e-47  -1.4774e-34  6.84776e-47  2.92275e-35  1.04431e-46  1.47323e-35  3.17916e-46 -1.44621e-35 -9.28783e-46   6.1645e-35  -1.2691e-44 -1.09755e-34 -1.13294e-44  9.60438e-35 -3.64952e-44  -7.5942e-35    -2.86e-43  4.46515e-35 -1.98992e-43 -8.30083e-36 -2.69914e-43 -4.25307e-36  5.55196e-43  4.54518e-36  2.63209e-42 -5.70289e-36  4.61184e-42  8.27662e-36  5.52461e-42 -4.95411e-36 -1.28581e-42  8.63419e-37 -1.46103e-41  5.38334e-37 -3.65845e-41 -1.85088e-37 -2.22367e-41 -2.52014e-37 -2.42496e-41  2.24949e-37  5.86233e-41  -2.4046e-37 -7.54483e-41  1.61937e-37  7.47251e-41 -5.67676e-38  3.12113e-41 -1.37632e-39   3.8025e-41  1.30906e-38 -4.21465e-41 -7.30334e-39  2.99546e-41  9.61349e-40 -1.76135e-41 -5.90872e-40  6.18043e-42 -2.48533e-40 -1.20681e-41  4.86746e-40   7.6266e-42 -1.63994e-40 -1.09082e-42  7.09286e-41 -1.32491e-42 -2.75818e-43  6.14333e-43 -1.95825e-41  2.39892e-43  5.21742e-42 -2.37404e-44 -1.31116e-42 -2.76329e-45  5.77832e-43  2.32531e-44  9.18204e-44 -4.55083e-45 -3.44488e-44  1.31837e-45  3.16193e-46 -2.22342e-45 -1.23435e-44 -2.09135e-47  8.66957e-45 -1.71687e-46 -4.52918e-45  1.73506e-46  4.79915e-45 -1.44278e-46 -6.75773e-45  1.93215e-46  8.28296e-45 -2.18093e-46  -8.9576e-45   2.1547e-46   8.4583e-45 -1.83017e-46 -6.83958e-45  1.29379e-46   4.6145e-45  -7.3166e-47 -2.50146e-45  3.11435e-47  1.02767e-45 -8.97253e-48 -2.88737e-46  1.39588e-48  4.39559e-47 -5.38458e-50
 -3.7072e-51  3.22502e-36  1.38266e-50 -1.16704e-35 -2.36975e-50  6.81581e-35 -1.51989e-50 -1.57219e-34  4.72867e-50   1.9161e-34  1.82245e-49 -2.75673e-34   2.1417e-49  4.05782e-34  3.93037e-49 -2.55714e-34  3.07957e-48  1.52795e-34  5.44003e-47 -1.38483e-34  3.10209e-46  2.13627e-35  5.44317e-46  1.94814e-35  1.35238e-45 -3.47975e-36 -2.33587e-45  5.95887e-35 -4.54653e-44 -1.18176e-34 -4.57971e-44  1.07792e-34 -1.46021e-43   -8.754e-35 -9.79961e-43  4.93969e-35 -5.88441e-43  -8.4524e-36  -5.5685e-43 -5.35363e-36  2.10671e-42  6.28018e-36  8.27403e-42 -7.75319e-36  1.32385e-41  1.07748e-35  1.45285e-41 -6.44889e-36 -3.37742e-42  1.43492e-36 -3.31292e-41  5.18194e-37 -9.71309e-41 -1.67074e-37 -7.27074e-41 -4.03219e-37 -5.59139e-41  2.96509e-37  1.24766e-40 -2.72194e-37 -1.84888e-40  1.90565e-37  1.67258e-40 -7.39927e-38  5.13421e-41 -1.16835e-41   8.1238e-41  1.72266e-38 -6.67141e-41 -9.64319e-39  5.40356e-41  1.35096e-39 -3.35628e-41  -1.2545e-39  9.64458e-42 -7.90903e-41 -1.88771e-41  5.37721e-40  1.13447e-41 -1.71738e-40 -2.10491e-42  7.37264e-41 -1.91462e-42  1.34563e-42   9.8797e-43 -2.29231e-41  3.87584e-43  5.12608e-42  1.73479e-44  -1.5898e-42 -2.18899e-44   9.2681e-43  3.23378e-44  3.02865e-44 -3.91179e-45 -3.98369e-44  1.79386e-45  -4.1266e-46 -2.92015e-45 -1.62444e-44  6.52445e-48   1.6943e-44 -4.29279e-46 -1.54522e-44  5.25037e-46  1.98548e-44 -5.71521e-46 -2.57974e-44  6.84221e-46  2.94406e-44 -7.08569e-46 -2.94866e-44  6.30671e-46  2.55338e-44 -4.70472e-46 -1.86885e-44  2.82309e-46  1.12032e-44 -1.27927e-46 -5.24995e-45  3.88724e-47  1.78209e-45 -5.76496e-48 -3.77933e-46 -1.92418e-49   3.2231e-47
-1.30777e-36 -8.00618e-51   6.4733e-36  7.84864e-51 -2.04446e-35 -4.88573e-50  8.65383e-35 -9.44685e-51 -1.78847e-34  1.46461e-49   1.9778e-34   2.8373e-49 -2.68187e-34  3.93037e-49  4.13207e-34  2.56633e-49 -2.52075e-34  1.50129e-47  1.42342e-34  2.44429e-46  -1.3431e-34  1.30561e-45  1.42486e-35  2.52053e-45  2.23283e-35  5.35667e-45  1.51155e-35 -3.86901e-45  4.99562e-35 -1.52786e-43 -1.17815e-34 -1.67604e-43  1.12879e-34    -5.27e-43 -9.42115e-35 -3.14537e-42  5.12604e-35 -1.58312e-42 -8.31548e-36 -1.04153e-42 -5.55276e-36  6.72382e-42  7.10871e-36  2.39481e-41 -9.61674e-36  3.49298e-41  1.34667e-35  3.53583e-41 -8.05368e-36 -8.53419e-42  2.12793e-36 -7.10019e-41  4.99283e-37 -2.36291e-40 -1.57618e-37 -1.98586e-40 -5.93024e-37 -1.17939e-40   3.7213e-37  2.52098e-40 -2.95561e-37  -4.1956e-40  2.21195e-37  3.43713e-40  -9.5131e-38  7.45033e-41   2.5095e-39  1.56462e-40   2.2059e-38  -9.7972e-41 -1.20614e-38  9.10975e-41  1.82608e-39 -5.95189e-41  -2.1768e-39  1.46956e-41  1.96857e-40 -2.76713e-41  5.39019e-40  1.59552e-41 -1.65237e-40 -3.78013e-42  7.36648e-41 -2.68988e-42   5.0112e-42  1.46861e-42 -2.51683e-41  6.03456e-43  4.02963e-42  7.04399e-44 -1.98768e-42 -4.76687e-44  1.42424e-42  4.12638e-44 -5.89431e-44 -2.01285e-45 -5.13516e-44  2.37817e-45  2.31779e-45 -3.90493e-45 -3.16339e-44  4.37413e-46  4.62092e-44 -1.33547e-45 -5.70212e-44  1.71414e-45   7.4219e-44 -1.95507e-45 -8.93353e-44  2.11073e-45  9.45716e-44 -1.95476e-45  -8.7181e-44  1.51359e-45  6.86733e-44 -9.38156e-46 -4.50018e-44  4.28905e-46  2.36136e-44  -1.1806e-46 -9.35421e-45  2.23426e-48  2.52334e-45  1.05128e-47 -3.67095e-46 -2.20976e-48
-2.22893e-51 -2.93465e-36 -1.53429e-50    1.131e-35 -9.76997e-51 -2.75987e-35 -8.22244e-50  9.39281e-35  4.87262e-50 -1.84179e-34  4.80011e-49  1.88215e-34  7.20858e-49 -2.55714e-34  2.56633e-49  4.35386e-34 -4.81076e-48 -2.69417e-34  7.03963e-47  1.41699e-34  1.02574e-45  -1.3155e-34  5.13126e-45  3.60513e-36  1.05787e-44  2.25536e-35  1.97943e-44   4.1465e-35  2.76084e-45  2.99565e-35  -4.8262e-43 -1.04999e-34 -5.63609e-43  1.08051e-34 -1.73577e-42 -9.32679e-35 -9.47184e-42  4.93236e-35 -3.82904e-42 -8.06537e-36 -1.77662e-42 -4.47849e-36  1.89074e-41  6.69257e-36  6.45174e-41 -1.11107e-35  8.54654e-41  1.61887e-35  7.97892e-41 -9.61264e-36 -2.07823e-41  2.86141e-36  -1.4609e-40  5.36782e-37 -5.31966e-40 -1.81562e-37 -4.79447e-40 -8.15837e-37 -2.29016e-40  4.44135e-37  4.84112e-40 -3.08187e-37 -8.86179e-40  2.54478e-37  6.53225e-40  -1.2094e-37  9.17818e-41  6.65812e-39  2.75294e-40  2.75022e-38 -1.33078e-40 -1.44194e-38  1.43585e-40  2.53237e-39 -9.86979e-41 -3.37966e-39  2.19503e-41  5.93071e-40 -3.80846e-41  4.61657e-40  2.12852e-41  -1.4529e-40 -6.39628e-42  7.45717e-41 -3.69579e-42  1.16685e-41  2.02233e-42 -2.57424e-41  9.13402e-43  1.63036e-42  1.24239e-43 -2.58239e-42 -7.73068e-44  2.07657e-42  4.88706e-44 -1.62492e-43   1.0284e-45 -7.98075e-44  3.41824e-45  3.13864e-44 -5.86288e-45 -9.74381e-44  2.37579e-45  1.52521e-43 -4.29202e-45 -2.01901e-43  5.28254e-45  2.50996e-43 -5.69173e-45 -2.80026e-43  5.40975e-45  2.73495e-43 -4.25704e-45 -2.30283e-43  2.60623e-45  1.63404e-43 -1.06713e-45 -9.46519e-44  1.13477e-46  4.27145e-44  1.93665e-46 -1.39235e-44 -1.40741e-46  2.83229e-45  3.85727e-47 -2.32182e-46
 1.93578e-38 -4.01979e-51 -5.12431e-36 -2.75591e-50  1.56943e-35 -3.73629e-50 -3.01767e-35 -1.23998e-49  8.91571e-35  4.20687e-49  -1.7629e-34  2.23312e-48  1.70302e-34  3.07957e-48 -2.52075e-34 -4.81076e-48  4.87351e-34 -4.51085e-47 -3.15462e-34  3.08154e-46  1.49903e-34  4.03643e-45 -1.24177e-34  1.89006e-44 -1.41896e-35  4.07092e-44    1.977e-35  6.83779e-44  7.39605e-35  6.15385e-44 -2.06641e-36 -1.43483e-42  -7.7205e-35 -1.75838e-42  9.05746e-35 -5.26071e-42 -8.26903e-35 -2.67978e-41  4.33193e-35 -8.12523e-42 -7.87247e-36 -2.83955e-42   -2.184e-36  4.78233e-41  5.13204e-36  1.63058e-40 -1.22448e-35  1.95354e-40  1.87832e-35  1.67274e-40 -1.09439e-35   -4.822e-41  3.54398e-36 -2.93333e-40  6.86572e-37 -1.11576e-39 -2.60486e-37 -1.04973e-39  -1.0613e-36 -4.10528e-40  5.01273e-37  8.83968e-40  -3.0765e-37 -1.74982e-39    2.902e-37  1.15325e-39  -1.5198e-37  8.52763e-41  1.29073e-38  4.46043e-40  3.33819e-38 -1.66004e-40 -1.66529e-38  2.11549e-40  3.68589e-39 -1.53736e-40 -4.85782e-39  3.22006e-41  1.11861e-39 -4.92008e-41  2.77596e-40  2.70198e-41 -1.18769e-40 -1.02777e-41  8.30272e-41 -4.98245e-42  2.22168e-41  2.57255e-42 -2.41505e-41  1.35104e-42 -2.29107e-42  1.63513e-43 -3.42264e-42 -1.06557e-43  2.84833e-42  5.46206e-44  -2.4175e-43  4.09995e-45 -1.72325e-43  6.37384e-45  1.74034e-43 -1.10532e-44 -3.45277e-43  8.84239e-45  5.11619e-43 -1.25549e-44 -6.59307e-43  1.39892e-44  7.67784e-43 -1.31897e-44  -7.9122e-43  1.01241e-44  7.08065e-43 -5.51584e-45  -5.3983e-43  1.10933e-45  3.41448e-43  1.52068e-45 -1.72622e-43 -2.00786e-45  6.59478e-44  1.24745e-45 -1.72838e-44 -4.22255e-46  2.49168e-45  5.41392e-47
-9.78427e-52 -1.98502e-37  -6.1929e-51 -6.47651e-36 -4.75255e-50  1.69211e-35 -6.18878e-50 -2.70338e-35 -1.64284e-49   7.5134e-35  2.58121e-48 -1.61811e-34  1.12907e-47  1.52795e-34  1.50129e-47 -2.69417e-34 -4.51085e-47  5.79551e-34 -2.79668e-46 -3.92682e-34  1.26029e-45  1.63661e-34  1.49475e-44 -1.06098e-34  6.54239e-44 -4.10131e-35  1.44706e-43  1.50917e-35  2.21299e-43  1.08623e-34  3.53525e-43 -4.55984e-35 -4.01601e-42 -3.37517e-35 -5.12212e-42  5.87634e-35 -1.47562e-41 -6.17376e-35  -7.1317e-41  3.37927e-35 -1.42554e-41 -7.74918e-36 -4.60952e-42  6.93479e-37  1.09809e-40   3.0486e-36  3.88867e-40 -1.32444e-35  4.19883e-40  2.11166e-35  3.26456e-40 -1.18759e-35  -1.0464e-40  4.10203e-36 -5.82834e-40  9.85599e-37 -2.19043e-39 -4.01146e-37 -2.11318e-39 -1.31653e-36  -6.7878e-40  5.30353e-37  1.53492e-39 -2.91972e-37 -3.24232e-39   3.2678e-37  1.89577e-39 -1.88413e-37  2.59639e-41  2.16784e-38  6.68616e-40  3.93981e-38 -1.87219e-40 -1.87939e-38  2.91036e-40    5.516e-39 -2.25952e-40 -6.56658e-39  4.64005e-41  1.77949e-39 -5.94678e-41 -3.54248e-41   3.2749e-41  -9.8837e-41 -1.57556e-41  1.07497e-40 -6.59075e-42  3.73158e-41  2.99227e-42   -2.002e-41  1.95611e-42 -7.85627e-42  1.73202e-43  -4.4743e-42 -1.31224e-43  3.62299e-42  5.98768e-44  -1.7863e-43  3.69119e-45 -5.05865e-43  1.56588e-44  7.16671e-43 -2.50976e-44 -1.17244e-42  2.56306e-44  1.61306e-42 -3.00047e-44  -1.9593e-42  2.75295e-44  2.11755e-42 -1.85169e-44 -2.00461e-42  5.34889e-45   1.6322e-42  7.18589e-45 -1.11869e-42 -1.40653e-44  6.27212e-43  1.36264e-44 -2.76601e-43 -8.60314e-45  9.03477e-44  3.46347e-45 -1.93978e-44 -7.28604e-46  1.82572e-45
 3.11869e-37 -2.33535e-51 -1.27513e-36 -1.27152e-50 -4.87886e-36 -9.13642e-50  1.34968e-35 -2.80208e-50 -1.92823e-35 -8.54304e-51  5.73162e-35  1.39375e-47  -1.4774e-34  5.44003e-47  1.42342e-34  7.03963e-47 -3.15462e-34 -2.79668e-46  7.16057e-34 -1.42968e-45 -4.98644e-34  4.84396e-45  1.79042e-34  5.22436e-44 -7.33753e-35  2.13218e-43   -7.687e-35  4.77469e-43  1.19227e-35  6.72579e-43  1.39366e-34  1.52505e-42  -9.7655e-35 -1.05727e-41  2.39892e-35 -1.39844e-41  1.24294e-35 -3.84504e-41 -3.13432e-35 -1.78707e-40  2.20034e-35 -1.67367e-41 -7.42408e-36 -8.75204e-42  2.96908e-36   2.2926e-40  1.47686e-36  8.78886e-40 -1.44826e-35  8.53728e-40  2.30879e-35   5.9445e-40 -1.22897e-35 -2.07565e-40  4.50303e-36 -1.15469e-39  1.43399e-36 -4.03805e-39 -5.84441e-37 -3.94286e-39 -1.56947e-36 -1.02939e-39  5.19523e-37  2.53414e-39 -2.60489e-37 -5.65658e-39  3.61056e-37  2.90283e-39 -2.29888e-37 -1.26691e-40  3.33304e-38  9.29249e-40  4.50929e-38 -1.84015e-40 -2.09542e-38  3.72878e-40  8.18048e-39 -3.14861e-40 -8.41561e-39   6.5606e-41  2.58238e-39 -6.67268e-41 -4.90127e-40  3.80599e-41  -1.0303e-40 -2.30988e-41  1.56592e-40  -8.5241e-42  5.71392e-41  3.10434e-42 -1.30824e-41   2.7689e-42 -1.51112e-41  1.43747e-43 -5.53676e-42 -1.50158e-43  4.09895e-42  7.03256e-44   3.9935e-43 -8.55362e-45 -1.65455e-42  4.03026e-44  2.49547e-42  -5.5343e-44 -3.64554e-42  5.31788e-44  4.65435e-42 -4.38145e-44 -5.26316e-42  1.57219e-44   5.2471e-42  2.41471e-44  -4.5453e-42 -6.14461e-44  3.36379e-42  8.03478e-44 -2.08734e-42 -7.37912e-44  1.06342e-42  4.93076e-44 -4.32845e-43 -2.29752e-44  1.32718e-43  6.55575e-45 -2.51023e-44 -7.46157e-46
 1.27818e-51  8.56949e-37 -2.27622e-51 -4.24981e-36 -4.47421e-50  9.74995e-37 -2.59049e-49  6.01507e-36  3.43561e-49 -9.39842e-36  2.05224e-48  4.10496e-35  6.84776e-47 -1.38483e-34  2.44429e-46  1.41699e-34  3.08154e-46 -3.92682e-34 -1.42968e-45  8.93806e-34 -6.41806e-45 -6.26727e-34  1.76122e-44  1.92789e-34  1.72767e-43 -2.56246e-35   6.5497e-43 -1.20548e-34  1.46702e-42  1.56692e-35  1.92423e-42   1.5937e-34  5.66411e-42 -1.53434e-34 -2.61145e-41  9.29101e-35 -3.58394e-41  -4.6885e-35  -9.3227e-41  5.86522e-36 -4.21944e-40   9.6045e-36  7.05293e-42 -6.32772e-36 -2.07597e-41  3.16309e-36  4.32518e-40  1.57988e-36  1.88841e-39 -1.63387e-35  1.65128e-39  2.46327e-35   1.0129e-39 -1.21552e-35 -3.64695e-40  4.76553e-36 -2.27885e-39   1.9837e-36 -7.00541e-39 -7.59305e-37 -6.85117e-39 -1.81134e-36 -1.41186e-39  4.62309e-37  3.97705e-39 -2.14626e-37 -9.31899e-39  3.88402e-37  4.13308e-39 -2.75568e-37 -4.23117e-40  4.82197e-38  1.19699e-39  4.98391e-38 -1.41362e-40 -2.32773e-38  4.42502e-40  1.16826e-38 -4.18276e-40 -1.02744e-38  9.08562e-41  3.53825e-39 -6.84213e-41 -1.08727e-39  4.26631e-41 -1.49685e-40 -3.24149e-41  2.36921e-40 -1.07066e-41  8.10634e-41  2.69334e-42 -3.06893e-42  3.81945e-42 -2.41359e-41  7.67789e-44 -6.05609e-42 -1.69733e-43  3.48465e-42  9.80668e-44  2.60557e-42 -4.36687e-44 -5.25326e-42   8.1484e-44  7.67537e-42 -7.92854e-44 -1.02809e-41  2.80006e-44  1.21794e-41  6.28679e-44 -1.27679e-41 -1.88251e-43  1.17584e-41  3.06513e-43 -9.42469e-42 -3.66921e-43  6.53573e-42  3.40417e-43 -3.92075e-42 -2.43385e-43  2.03166e-42  1.28614e-43   -8.762e-43  -4.5794e-44  2.71173e-43   8.7665e-45 -3.70251e-44
-2.03428e-37  2.90463e-51  2.01693e-36  4.08611e-51 -9.90488e-36 -2.32855e-49  1.06934e-35 -1.07639e-48 -3.33184e-36  2.53539e-48  2.43622e-37  1.70554e-47  2.92275e-35  3.10209e-46  -1.3431e-34  1.02574e-45  1.49903e-34  1.26029e-45 -4.98644e-34 -6.41806e-45  1.10266e-33  -2.6025e-44 -7.67024e-34   6.0972e-44  2.03002e-34  5.41722e-43   3.3838e-35    1.897e-42 -1.70521e-34  4.20445e-42  3.21778e-35  5.19476e-42  1.63241e-34  1.90079e-41 -2.07669e-34 -6.02318e-41  1.68858e-34 -8.61536e-41 -1.15991e-34 -2.10168e-40  4.59826e-35 -9.39047e-40 -1.76139e-36  1.25153e-40  -3.7321e-36 -5.50788e-41 -9.84543e-38   7.2347e-40  4.27266e-36  3.86567e-39 -1.90321e-35  3.05377e-39  2.57284e-35  1.62197e-39  -1.1552e-35 -5.34442e-40  4.95288e-36 -4.44527e-39  2.53691e-36 -1.14504e-38 -8.45909e-37  -1.1115e-38  -2.0365e-36 -1.69452e-39  3.61184e-37  5.93127e-39 -1.58099e-37 -1.45365e-38  4.03163e-37  5.44651e-39 -3.24333e-37 -9.20743e-40  6.68372e-38  1.42393e-39  5.28555e-38 -4.29402e-41  -2.5879e-38  4.81159e-40  1.58253e-38 -5.33192e-40 -1.19924e-38  1.23004e-40  4.66246e-39  -6.2034e-41 -1.81376e-39  4.65292e-41 -2.54024e-40 -4.35447e-41  3.51247e-40 -1.29361e-41  1.07286e-40  1.53201e-42   1.0539e-41  5.11209e-42  -3.5374e-41 -1.13474e-44 -4.61854e-42 -2.02784e-43 -3.16851e-43  1.45275e-43  9.45514e-42 -6.90379e-44 -1.54024e-41  3.33625e-44  2.12048e-41  1.30004e-43 -2.63313e-41 -4.35705e-43  2.91071e-41  8.32707e-43 -2.86671e-41 -1.21993e-42  2.52265e-41  1.44067e-42 -2.00481e-41 -1.38114e-42  1.46312e-41  1.05808e-42  -9.8123e-42 -6.24149e-43  5.72998e-42  2.64415e-43 -2.53867e-42 -6.97228e-44  6.42787e-43  7.39684e-45
 6.51438e-52 -6.19097e-37  4.40895e-51   4.2452e-36  3.96017e-50 -1.82523e-35 -1.33998e-48  2.25028e-35 -4.95001e-48 -1.19121e-35  1.40011e-47  8.35836e-36  1.04431e-46  2.13627e-35  1.30561e-45  -1.3155e-34  4.03643e-45  1.63661e-34  4.84396e-45 -6.26727e-34  -2.6025e-44   1.3266e-33 -9.68296e-44 -9.07628e-34  2.02195e-43  2.09231e-34  1.61354e-42  9.90581e-35   5.1774e-42 -2.25498e-34  1.12438e-41  6.53794e-35  1.32638e-41   1.4914e-34  5.89998e-41 -2.56079e-34 -1.28655e-40  2.47425e-34 -1.93605e-40 -1.90486e-34  -4.3871e-40  8.45904e-35 -1.96971e-39 -1.07854e-35  5.10764e-40  9.83886e-37 -1.42793e-40 -7.66273e-36  1.02122e-39  9.87652e-36  7.54893e-39 -2.24904e-35  5.42289e-39  2.64038e-35  2.45772e-39 -1.06677e-35 -5.41002e-40  5.15309e-36 -8.47935e-39  2.95605e-36 -1.76349e-38 -7.50659e-37 -1.68508e-38 -2.23867e-36 -1.62372e-39  2.29583e-37  8.40378e-39 -9.63564e-38 -2.15221e-38  3.99407e-37   6.5804e-39 -3.75091e-37 -1.68126e-39   9.0003e-38  1.55046e-39  5.32387e-38  1.28175e-40 -2.88006e-38  4.68619e-40  2.02272e-38 -6.57355e-40 -1.34303e-38  1.62547e-40  5.96736e-39 -4.57404e-41 -2.64014e-39  5.00021e-41 -4.25429e-40 -5.59882e-41  4.97678e-40 -1.48484e-41  1.32347e-40 -5.79434e-43  2.90657e-41  6.61455e-42 -5.05035e-41 -1.07969e-43  2.34572e-42 -2.13608e-43  -1.2593e-41  6.92285e-44  2.82587e-41   2.6368e-43 -4.13347e-41 -7.87932e-43  5.36208e-41  1.70628e-42   -6.305e-41 -2.94239e-42  6.75398e-41  4.19624e-42 -6.71228e-41 -5.02457e-42  6.33841e-41  5.02147e-42 -5.76102e-41 -4.11358e-42  4.91169e-41  2.67456e-42 -3.64353e-41 -1.30674e-42  2.09131e-41  4.34091e-43  -7.7313e-42 -7.78242e-44   1.1517e-42
 3.15437e-37  8.19957e-52 -1.51148e-36  4.29732e-51  7.86514e-36  2.03104e-49 -2.86383e-35 -7.43142e-48  3.43115e-35 -2.16125e-47 -1.75611e-35   6.9425e-47  1.47323e-35  5.44317e-46  1.42486e-35  5.13126e-45 -1.24177e-34  1.49475e-44  1.79042e-34  1.76122e-44 -7.67024e-34 -9.68296e-44  1.54629e-33 -3.33829e-43 -1.03649e-33  6.45648e-43  2.12178e-34  4.57279e-42  1.63153e-34   1.3293e-41 -2.84277e-34  2.80237e-41  1.15104e-34  3.20947e-41  1.19946e-34  1.71655e-40 -2.96289e-34 -2.50756e-40  3.24582e-34 -4.03915e-40 -2.65459e-34 -8.39821e-40  1.17648e-34 -3.89145e-39 -1.66263e-35  1.55637e-39  8.03282e-36  -3.3715e-40 -1.95414e-35  1.03134e-39  1.79192e-35  1.40719e-38 -2.63015e-35   9.2766e-39  2.67492e-35  3.56305e-39 -9.77015e-36  7.38355e-41  5.45181e-36 -1.56604e-38  3.08483e-36   -2.556e-38 -3.91526e-37 -2.38569e-38 -2.40504e-36  -7.8589e-40   9.1745e-38  1.13105e-38 -3.55208e-38 -3.03124e-38  3.71952e-37  7.15289e-39 -4.27098e-37   -2.769e-39  1.19068e-37  1.51518e-39  5.00067e-38  3.89405e-40 -3.19915e-38  3.86943e-40  2.44026e-38  -7.9107e-40 -1.44935e-38  2.09524e-40  7.44609e-39 -1.91731e-41 -3.51722e-39  5.38595e-41 -6.66897e-40 -6.89122e-41  6.70398e-40 -1.59123e-41  1.50399e-40  -3.7821e-42   5.5917e-41  8.30379e-42 -7.45029e-41 -3.56484e-43  2.35102e-41  2.23024e-43 -4.58375e-41 -1.09133e-42  7.58636e-41   2.7852e-42 -1.04771e-40 -5.41135e-42  1.33261e-40  9.00737e-42 -1.60156e-40 -1.28999e-41  1.86668e-40  1.58507e-41 -2.14695e-40 -1.65636e-41  2.40009e-40  1.44602e-41 -2.47675e-40 -1.02541e-41  2.19266e-40   5.6505e-42 -1.52525e-40 -2.24553e-42  7.36934e-41  5.55416e-43 -1.92677e-41 -5.50169e-44
 3.90026e-52  9.03917e-37  -1.0402e-50 -3.12712e-36  9.16305e-51  1.29581e-35   7.7767e-49 -4.03187e-35 -3.83182e-47   4.4653e-35 -8.56617e-47 -1.87886e-35  3.17916e-46  1.94814e-35  2.52053e-45  3.60513e-36  1.89006e-44 -1.06098e-34  5.22436e-44  1.92789e-34   6.0972e-44 -9.07628e-34 -3.33829e-43  1.74293e-33 -1.07356e-42 -1.14368e-33  1.99318e-42  2.13241e-34   1.2349e-41  2.19914e-34  3.20044e-41 -3.45028e-34  6.48871e-41  1.76045e-34  7.37046e-41  8.28691e-35  4.71982e-40 -3.27887e-34 -4.33059e-40  3.96977e-34 -7.72439e-40 -3.36255e-34 -1.44446e-39  1.42245e-34  -7.2307e-39 -1.88574e-35  4.07282e-39  1.69937e-35 -6.99684e-40 -3.48015e-35  1.79886e-41  2.71494e-35  2.50409e-38 -2.97715e-35  1.53131e-38  2.69196e-35  5.02476e-39 -9.15952e-36  2.26381e-39  5.90694e-36 -2.78003e-38  2.77769e-36 -3.47539e-38   2.7232e-37 -3.14719e-38 -2.51083e-36   1.4137e-39  -1.9793e-38  1.44612e-38   1.8747e-38 -4.06975e-38  3.17513e-37  6.70833e-39 -4.80198e-37 -4.24928e-39  1.56042e-37  1.26735e-39  4.21549e-38  7.58911e-40 -3.53196e-38  2.24573e-40   2.7879e-38 -9.38558e-40 -1.51533e-38  2.63589e-40  9.04999e-39  1.59087e-41 -4.37306e-39    5.931e-41 -9.76719e-40 -8.12833e-41  8.62093e-40 -1.54343e-41  1.51747e-40 -8.24693e-42  9.94921e-41  1.05139e-41 -1.20385e-40 -1.83601e-42  7.99382e-41  3.45349e-42 -1.31927e-40 -7.79321e-42  2.01688e-40  1.49435e-41 -2.87236e-40 -2.47889e-41  4.01938e-40  3.60706e-41 -5.62529e-40 -4.57444e-41  7.78734e-40  5.00015e-41 -1.02488e-39 -4.63356e-41  1.21565e-39  3.55153e-41 -1.22847e-39  -2.1699e-41  9.93388e-40  9.96674e-42 -5.89474e-40 -3.10114e-42  2.19314e-40  5.16049e-43 -3.24995e-41
