 1.76757e-05  3.46854e-23  -0.00014981 -1.65611e-21  0.000418767  7.06346e-21 -0.000542466 -1.13675e-20  0.000284005  9.20999e-21  4.73874e-05 -1.33869e-21 -9.36481e-05 -6.92049e-21  3.52435e-06  6.99808e-21  1.39886e-05 -2.05232e-21  -3.7329e-07 -9.61508e-24 -4.18225e-07
 3.46854e-23  0.000223527  1.35028e-21   -0.0010113 -1.57508e-20   0.00196333  4.30304e-20  -0.00178513 -5.79064e-20   0.00044296  4.84261e-20  0.000408601 -1.41428e-20 -0.000214794 -1.78141e-20 -5.36817e-05  1.62324e-20  3.00703e-05 -3.19379e-21  3.31639e-06  -1.6505e-22
 -0.00014981  1.35028e-21    0.0013176  9.11568e-21  -0.00387893 -6.28441e-20   0.00543158  1.28166e-19  -0.00331731 -1.58021e-19 -0.000175543  1.33357e-19   0.00111102 -3.88004e-20 -0.000188603 -3.22542e-20 -0.000174036   2.3469e-20  2.62957e-05 -2.41031e-21  6.30939e-06
-1.65611e-21   -0.0010113  9.11568e-21   0.00481627   3.1377e-20   -0.0100621 -1.44748e-19     0.010301  2.40504e-19  -0.00366614 -3.04851e-19  -0.00199854  2.58768e-19   0.00173978 -6.74127e-20  0.000127255 -4.34512e-20 -0.000277359  2.37089e-20 -1.21501e-06  5.09788e-23
 0.000418767 -1.57508e-20  -0.00387893   3.1377e-20    0.0122727  6.41072e-20   -0.0191114 -1.98705e-19    0.0141864  3.07548e-19  -0.00148508  -4.6459e-19  -0.00448188  3.87288e-19   0.00174257 -8.79239e-20  0.000633173 -4.74714e-20 -0.000276842  1.71017e-20 -2.40368e-05
 7.06346e-21   0.00196333 -6.28441e-20   -0.0100621  6.41072e-20    0.0233005  7.09123e-20   -0.0279493 -1.10539e-19    0.0144505   2.6524e-19   0.00298507 -5.85341e-19  -0.00643705  4.65533e-19  0.000969256 -8.84114e-20   0.00106215 -5.35727e-20 -0.000171525  7.12959e-21
-0.000542466  4.30304e-20   0.00543158 -1.44748e-19   -0.0191114  7.09123e-20    0.0345729 -5.82163e-21   -0.0328062  1.80537e-19    0.0105509  1.17807e-19   0.00803377 -6.14872e-19  -0.00705002   4.6558e-19 -0.000238156 -4.96911e-20   0.00121006 -7.76988e-20 -4.16063e-05
-1.13675e-20  -0.00178513  1.28166e-19     0.010301 -1.98705e-19   -0.0279493 -5.82163e-21    0.0418754 -1.89912e-19   -0.0323018   5.9338e-19   0.00434076 -7.60116e-20    0.0119901 -5.49592e-19  -0.00636363  4.15039e-19  -0.00139715  5.30153e-20   0.00104223 -1.09537e-19
 0.000284005 -5.79064e-20  -0.00331731  2.40504e-19    0.0141864 -1.10539e-19   -0.0328062 -1.89912e-19    0.0434731 -4.27655e-19   -0.0281767  9.51233e-19  -0.00180327  -2.4618e-19    0.0142826 -5.07571e-19  -0.00491765  3.98416e-19  -0.00218249  2.26475e-19   0.00063833
 9.20999e-21   0.00044296 -1.58021e-19  -0.00366614  3.07548e-19    0.0144505  1.80537e-19   -0.0323018 -4.27655e-19    0.0410276 -6.14779e-19    -0.023242  1.13318e-18  -0.00664651 -3.12095e-19    0.0152487  -7.3823e-19   -0.0032227  5.27154e-19  -0.00244486  4.45973e-19
 4.73874e-05  4.84261e-20 -0.000175543 -3.04851e-19  -0.00148508   2.6524e-19    0.0105509   5.9338e-19   -0.0281767 -6.14779e-19    0.0375018 -6.88243e-19   -0.0192761  1.22683e-18   -0.0102015 -2.04733e-19    0.0154445 -1.52248e-18  -0.00156096  7.99554e-19  -0.00206173
-1.33869e-21  0.000408601  1.33357e-19  -0.00199854  -4.6459e-19   0.00298507  1.17807e-19   0.00434076  9.51233e-19    -0.023242 -6.88243e-19     0.034903 -7.35952e-19    -0.016662  1.61118e-18       -0.013  2.72939e-20     0.015238 -3.17147e-18 -5.47632e-05  7.14722e-19
-9.36481e-05 -1.41428e-20   0.00111102  2.58768e-19  -0.00448188 -5.85341e-19   0.00803377 -7.60116e-20  -0.00180327  1.13318e-18   -0.0192761 -7.35952e-19     0.033825 -1.05106e-18   -0.0151117  2.93902e-18   -0.0155679  3.19935e-19    0.0147377 -6.31634e-18   0.00120114
-6.92049e-21 -0.000214794 -3.88004e-20   0.00173978  3.87288e-19  -0.00643705 -6.14872e-19    0.0119901  -2.4618e-19  -0.00664651  1.22683e-18    -0.016662 -1.05106e-18     0.034179 -2.07888e-18   -0.0142909  6.19277e-18   -0.0183296  1.41245e-18    0.0137669  -1.1054e-17
 3.52435e-06 -1.78141e-20 -0.000188603 -6.74127e-20   0.00174257  4.65533e-19  -0.00705002 -5.49592e-19    0.0142826 -3.12095e-19   -0.0102015  1.61118e-18   -0.0151117 -2.07888e-18    0.0358829 -4.48626e-18   -0.0140112  1.33904e-17   -0.0217044  6.39601e-18    0.0111856
 6.99808e-21 -5.36817e-05 -3.22542e-20  0.000127255 -8.79239e-20  0.000969256   4.6558e-19  -0.00636363 -5.07571e-19    0.0152487 -2.04733e-19       -0.013  2.93902e-18   -0.0142909 -4.48626e-18    0.0391641 -1.01237e-17   -0.0141764  2.94998e-17   -0.0264608  2.53974e-17
 1.39886e-05  1.62324e-20 -0.000174036 -4.34512e-20  0.000633173 -8.84114e-20 -0.000238156  4.15039e-19  -0.00491765  -7.3823e-19    0.0154445  2.72939e-20   -0.0155679  6.19277e-18   -0.0140112 -1.01237e-17    0.0447652 -2.50312e-17   -0.0149974  6.78126e-17   -0.0346492
-2.05232e-21  3.00703e-05   2.3469e-20 -0.000277359 -4.74714e-20   0.00106215 -4.96911e-20  -0.00139715  3.98416e-19   -0.0032227 -1.52248e-18     0.015238  3.19935e-19   -0.0183296  1.33904e-17   -0.0141764 -2.50312e-17    0.0546605 -6.31082e-17   -0.0149458  1.21723e-16
 -3.7329e-07 -3.19379e-21  2.62957e-05  2.37089e-20 -0.000276842 -5.35727e-20   0.00121006  5.30153e-20  -0.00218249  5.27154e-19  -0.00156096 -3.17147e-18    0.0147377  1.41245e-18   -0.0217044  2.94998e-17   -0.0149974 -6.31082e-17    0.0719769 -1.73943e-16   0.00271325
-9.61508e-24  3.31639e-06 -2.41031e-21 -1.21501e-06  1.71017e-20 -0.000171525 -7.76988e-20   0.00104223  2.26475e-19  -0.00244486  7.99554e-19 -5.47632e-05 -6.31634e-18    0.0137669  6.39601e-18   -0.0264608  6.78126e-17   -0.0149458 -1.73943e-16     0.139707 -6.50013e-16
-4.18225e-07  -1.6505e-22  6.30939e-06  5.09788e-23 -2.40368e-05  7.12959e-21 -4.16063e-05 -1.09537e-19   0.00063833  4.45973e-19  -0.00206173  7.14722e-19   0.00120114  -1.1054e-17    0.0111856  2.53974e-17   -0.0346492  1.21723e-16   0.00271325 -6.50013e-16     0.270537
