  5.8831e-34  -4.0722e-38  -4.1657e-34  5.10443e-37  2.01229e-34 -1.27362e-36 -4.80323e-34 -2.27042e-37  2.81052e-34  2.92953e-36  -7.7006e-35 -1.41861e-36  4.08299e-35  3.61992e-36 -1.98924e-35 -2.38545e-36  2.89886e-35  2.79427e-36  -3.1862e-35 -7.56269e-38  3.15662e-35  3.63826e-38 -1.02591e-35 -2.90239e-39  3.48309e-36  7.04164e-38 -9.76937e-37  4.57423e-38 -3.72271e-37  2.98324e-38 -1.99764e-37 -6.92465e-39  4.32221e-37  -3.7556e-39 -1.40974e-37  1.18579e-39  2.85622e-38 -4.83099e-39 -4.33999e-38  3.22137e-40 -1.21677e-39 -4.13322e-40 -5.24009e-39  4.68311e-40  5.00793e-39 -2.38119e-40 -1.65871e-39  1.40411e-41  1.67303e-40  3.56722e-41 -2.49037e-40  1.62753e-41  1.14156e-40 -1.10089e-41  5.65351e-42 -1.53953e-42 -2.44293e-41  -1.1856e-42  1.27997e-41 -3.78088e-44  -9.6557e-42  1.40918e-43  1.70249e-42  2.14558e-43   2.7381e-42 -5.84531e-44 -2.64551e-42 -2.61967e-44  5.60848e-42   3.7224e-44 -1.16217e-41 -1.04844e-43  2.38856e-41  2.47391e-43  -4.5788e-41  -5.5216e-43  7.98514e-41  1.16374e-42 -1.25734e-40 -2.29864e-42  1.77277e-40   4.2454e-42 -2.21658e-40 -7.31901e-42  2.42635e-40  1.17547e-41 -2.28427e-40 -1.75474e-41  1.80129e-40  2.42835e-41 -1.13862e-40 -3.10587e-41  5.28242e-41  3.65852e-41 -1.38534e-41 -3.95289e-41 -9.74418e-43  3.89914e-41  1.24981e-42 -3.49214e-41  1.92578e-42  2.82166e-41 -3.14962e-42 -2.04142e-41  2.45058e-42  1.31062e-41 -1.38403e-42 -7.38665e-42  6.82293e-43  3.60674e-42 -3.16288e-43 -1.50087e-42  1.30726e-43  5.21237e-43 -4.44085e-44 -1.46966e-43  1.19356e-44  3.23934e-44 -2.49672e-45 -5.28203e-45  3.87398e-46  5.83416e-46 -3.96379e-47 -3.69818e-47  2.08323e-48  8.41618e-49
 -4.0722e-38  1.37463e-33 -2.58986e-37 -1.11704e-33  2.82188e-36  9.76588e-34 -4.82147e-36 -9.73883e-34 -4.10415e-37  4.07778e-34  6.24544e-36 -1.10893e-34 -3.65953e-36  1.07962e-34   7.9294e-36 -3.75951e-35 -4.93071e-36  6.03314e-35   5.5175e-36 -6.53193e-35  1.97852e-39  6.25647e-35  1.66649e-37 -1.74185e-35 -1.05235e-37  7.17964e-36  2.11306e-37 -1.68884e-36  1.40208e-37 -5.82345e-37  7.46625e-38 -5.98137e-37 -2.65855e-38  1.05141e-36 -6.40119e-39 -3.30299e-37  4.49987e-40  6.12202e-38 -1.43428e-38 -1.20174e-37  8.80141e-40 -1.00906e-39 -7.76184e-40 -1.66532e-38  1.20046e-39  1.48425e-38 -7.80531e-40 -4.18785e-39  6.79569e-41  1.94798e-40  1.13323e-40 -6.85985e-40  2.96246e-41  5.13673e-40 -3.71409e-41 -1.16816e-40 -3.47516e-42 -9.37998e-41 -4.02381e-42  6.35234e-41 -8.28056e-44 -3.42186e-41  2.16015e-43 -2.38484e-42  8.67857e-43   3.2241e-41 -1.83664e-43 -6.58502e-41 -2.76147e-43   1.5211e-40   6.5165e-43 -3.29285e-40  -1.6385e-42  6.60177e-40  3.79766e-42 -1.20827e-39 -8.26601e-42  2.00191e-39  1.68959e-41 -2.98149e-39 -3.23389e-41  3.95635e-39  5.78578e-41 -4.62489e-39 -9.65847e-41  4.68974e-39  1.50122e-40 -4.03381e-39 -2.16728e-40  2.83925e-39  2.89793e-40 -1.52746e-39  -3.5772e-40   5.2392e-40  4.06107e-40 -1.76643e-41 -4.22165e-40 -9.05153e-41  3.99817e-40  3.16315e-41 -3.42932e-40  2.44415e-41   2.6455e-40 -3.39653e-41  -1.8205e-40  2.13914e-41  1.10661e-40 -1.01463e-41 -5.87152e-41  4.65129e-42  2.67976e-41 -2.12012e-42 -1.03279e-41   8.2761e-43  3.28194e-42 -2.52486e-43 -8.32744e-43  5.98833e-44  1.61238e-43 -1.09873e-44 -2.22349e-44  1.43837e-45  1.93976e-45 -1.12312e-46 -8.26515e-47  3.33581e-48
 -4.1657e-34 -2.58986e-37  2.58031e-33 -9.12251e-37 -2.21546e-33    9.792e-36  1.80338e-33 -1.19945e-35  -1.1354e-33  7.96714e-37  2.39659e-34  6.03928e-36 -7.47243e-35 -6.53454e-36  1.69362e-34  1.17844e-35 -5.46766e-35 -7.02763e-36  8.03613e-35  7.84112e-36 -9.14413e-35  1.09598e-37  8.91687e-35  3.98589e-37 -2.15776e-35 -4.00592e-37  1.21677e-35  4.47335e-37 -2.06694e-36  3.01795e-37 -4.96529e-37  1.36294e-37 -1.30215e-36  -7.5703e-38   1.9656e-36 -1.11892e-39 -5.60239e-37 -4.53921e-39  9.63665e-38 -3.13358e-38 -2.48176e-37  1.88805e-39  9.96389e-39 -6.08373e-40 -3.66842e-38  1.94377e-39  3.14093e-38 -1.76969e-39 -6.94589e-39  2.52036e-40 -3.97485e-40  2.35972e-40 -1.27546e-39  2.42375e-41  1.60115e-39 -8.84393e-41 -6.14326e-40 -2.47915e-42 -2.35361e-40 -9.65046e-42  1.80579e-40 -4.60835e-43 -2.97861e-41 -2.14874e-43 -1.87825e-40  2.25348e-42  5.68266e-40  2.67457e-43 -1.37041e-39 -2.89247e-42  3.12727e-39  7.28172e-42 -6.56245e-39 -1.75271e-41  1.25853e-38  3.94755e-41 -2.19136e-38 -8.34444e-41  3.44134e-38  1.65414e-40 -4.83611e-38 -3.06978e-40  6.02072e-38  5.32418e-40  -6.5519e-38 -8.61325e-40  6.11582e-38  1.29677e-39 -4.75687e-38 -1.81217e-39  2.92919e-38  2.34338e-39 -1.27062e-38 -2.79424e-39  2.32592e-39  3.05972e-39  1.42575e-39 -3.06225e-39  -1.2634e-39   2.7858e-39   2.1994e-40 -2.28885e-39  2.74922e-40  1.68563e-39 -2.51619e-40 -1.10278e-39   1.1742e-40  6.34046e-40 -4.60617e-41 -3.16194e-40  2.13285e-41  1.34553e-40 -9.88096e-42 -4.78524e-41  3.53155e-42  1.38383e-41 -9.38702e-43 -3.13382e-42  1.95581e-43  5.25977e-43 -3.13965e-44 -5.98926e-44  3.34334e-45  3.91412e-45  -1.8019e-46 -9.12729e-47
 5.10443e-37 -1.11704e-33 -9.12251e-37  4.16664e-33 -2.15164e-36 -3.37129e-33  2.49152e-35  2.17476e-33 -2.27891e-35 -9.08516e-34  5.71264e-36 -1.24205e-34 -1.80929e-36  -2.9562e-35 -1.00415e-35  1.97933e-34  1.40233e-35 -7.58174e-35 -7.97213e-36  8.40192e-35  9.31869e-36 -1.08041e-34   1.6641e-37  1.06074e-34  5.28797e-37 -2.35069e-35 -8.62918e-37  1.89817e-35  7.60637e-37 -1.74376e-36  5.19667e-37 -1.69423e-37  2.15999e-37 -2.38135e-36  -1.7131e-37  3.30479e-36  2.04303e-38 -8.22964e-37 -1.61808e-38  1.30562e-37 -5.76484e-38  -4.3173e-37  3.71415e-39  4.66401e-38  8.33918e-40 -6.34655e-38  1.99504e-39  5.57282e-38 -3.29505e-39 -9.12303e-39   7.4091e-40 -2.18716e-39  3.59002e-40 -2.00265e-39 -1.45572e-41  4.01875e-39 -1.74437e-40 -1.90232e-39  1.01476e-41 -3.60533e-40 -1.85924e-41  3.83884e-41 -2.60808e-42  1.13377e-39 -1.67145e-42 -3.77067e-39  2.75479e-42  9.92282e-39  7.76033e-42 -2.36521e-38  -2.5117e-41   5.1921e-38   6.2051e-41 -1.04249e-37 -1.44501e-40  1.90497e-37  3.15869e-40  -3.1494e-37 -6.48219e-40  4.67746e-37  1.24741e-39 -6.18519e-37 -2.24746e-39  7.19744e-37  3.78429e-39 -7.25298e-37 -5.94251e-39  6.18155e-37  8.68101e-39  -4.2852e-37 -1.17634e-38  2.23411e-37  1.47368e-38 -6.90458e-38  -1.7002e-38 -6.56649e-39  1.79841e-38  2.05502e-38 -1.73508e-38 -9.61917e-39   1.5177e-38 -1.02186e-40 -1.19521e-38  2.41499e-39  8.40461e-39  -1.3521e-39 -5.22565e-39  4.19209e-40  2.83904e-39 -1.44124e-40  -1.3283e-39    8.077e-41   5.2551e-40 -3.73072e-41 -1.71703e-40   1.1438e-41  4.48879e-41 -2.58521e-42 -8.97843e-42  4.81354e-43  1.28346e-42 -6.68895e-44 -1.16607e-43  5.40249e-45  5.20701e-45 -1.62857e-46
 2.01229e-34  2.82188e-36 -2.21546e-33 -2.15164e-36  5.87492e-33 -3.63048e-36 -4.12897e-33  4.97573e-35   1.9929e-33 -3.53011e-35 -5.35193e-34   1.5737e-35  -4.2453e-34 -1.65542e-35 -3.62021e-35 -1.45706e-35  1.98204e-34  1.42944e-35 -1.13038e-34 -7.39937e-36    7.836e-35  9.70387e-36 -1.19892e-34  2.56467e-37  1.10978e-34  2.56964e-37 -2.45104e-35 -1.34719e-36  2.78281e-35  1.11348e-36 -7.74373e-37  7.51571e-37   3.6305e-37  3.19627e-37 -3.91668e-36 -3.21519e-37   5.2461e-36  6.46179e-38 -1.14359e-36  -3.6366e-38  1.64619e-37 -9.37899e-38 -6.53785e-37  6.66704e-39  1.22486e-37  4.25645e-39 -8.89185e-38  4.12435e-40  8.97291e-38 -5.51674e-39  -1.1386e-38  1.79166e-39 -5.36952e-39  3.81317e-40 -3.19462e-39   -7.528e-41  8.69675e-39 -3.09558e-40 -5.02331e-39  4.85599e-41   1.5373e-39 -2.98995e-41 -6.71452e-39 -1.12216e-41  2.19961e-38 -8.93229e-43  -6.0581e-38 -1.31113e-41  1.51367e-37  6.54736e-41 -3.46945e-37 -1.75496e-40  7.28633e-37  4.20962e-40 -1.39563e-36 -9.51016e-40  2.42537e-36  2.01991e-39 -3.79973e-36 -4.03087e-39  5.32386e-36  7.54752e-39  -6.6029e-36 -1.32382e-38  7.14972e-36  2.17067e-38  -6.6278e-36 -3.31946e-38  5.10142e-36  4.72102e-38 -3.08413e-36 -6.22428e-38  1.28024e-36   7.5788e-38 -1.74647e-37 -8.48594e-38  -2.0395e-37  8.69441e-38  1.65433e-37 -8.10495e-38 -4.25939e-38  6.82925e-38 -1.47512e-38 -5.16158e-38  1.54344e-38  3.46788e-38 -4.88888e-39 -2.04903e-38  7.28038e-40  1.05093e-38 -3.51055e-40 -4.60397e-39  2.90607e-40  1.68777e-39 -1.17714e-40 -5.03981e-40  2.84503e-41  1.18133e-40 -5.54846e-42 -2.05924e-41   9.6256e-43  2.44761e-42 -1.10265e-43 -1.68288e-43  5.97021e-45  4.18599e-45
-1.27362e-36  9.76588e-34    9.792e-36 -3.37129e-33 -3.63048e-36  7.23967e-33 -4.36501e-36 -4.29624e-33  8.12563e-35   1.5495e-33  -4.6415e-35 -3.05822e-34  2.93902e-35  -5.0427e-34 -3.17812e-35 -9.45199e-35 -1.99024e-35  2.05342e-34   1.2445e-35 -1.75932e-34 -5.08629e-36  7.06463e-35  8.85429e-36 -1.30594e-34  6.00849e-37  1.03546e-34 -5.87489e-37 -2.48384e-35 -1.70442e-36  3.87276e-35  1.48228e-36 -1.50002e-37  9.35938e-37  1.46491e-36  4.50983e-37 -5.95064e-36 -5.17027e-37  7.87797e-36   1.3422e-37 -1.54459e-36 -6.59717e-38  1.95538e-37 -1.38764e-37 -8.67227e-37  1.05104e-38  2.41219e-37  1.00184e-38 -9.80367e-38 -3.64825e-39  1.36918e-37 -8.83717e-39 -1.67054e-38  3.68151e-39 -9.30924e-39  1.51336e-40 -6.27396e-39 -9.95741e-41  1.89303e-38 -5.23051e-40 -1.99086e-38  1.28926e-40  3.65413e-38 -3.87785e-41 -1.14073e-37 -4.17211e-41  3.24816e-37  2.86721e-41 -8.45762e-37 -1.27559e-40  2.02333e-36  3.84322e-40 -4.43987e-36 -9.63109e-40  8.90417e-36  2.24393e-39 -1.62431e-35 -4.93292e-39  2.67971e-35  1.02182e-38 -3.96953e-35 -1.99242e-38    5.232e-35  3.65104e-38 -6.06281e-35  -6.2749e-38  6.07542e-35  1.00898e-37  -5.1367e-35 -1.51349e-37  3.51602e-35  2.11075e-37 -1.78845e-35 -2.72639e-37  5.09864e-36  3.24745e-37  9.72258e-37 -3.54951e-37 -1.91771e-36  3.54045e-37   8.8903e-37 -3.20244e-37 -4.83993e-38  2.60796e-37 -1.47104e-37 -1.89624e-37  6.85305e-38  1.21897e-37 -7.67223e-39 -6.84687e-38 -1.36928e-39  3.31258e-38 -1.10427e-39 -1.35588e-38  1.01707e-39  4.58782e-39 -2.95441e-40  -1.2441e-39  5.24882e-41  2.58789e-40 -9.94368e-42 -3.86288e-41  1.63776e-42  3.68876e-42 -1.36886e-43   -1.751e-43  3.96449e-45
-4.80323e-34 -4.82147e-36  1.80338e-33  2.49152e-35 -4.12897e-33 -4.36501e-36  7.90842e-33 -3.19831e-36 -4.02794e-33  1.11778e-34  1.19542e-33 -5.33731e-35 -3.34312e-34  4.25461e-35 -3.99093e-34 -3.99393e-35  -1.6431e-34 -2.43887e-35  2.52145e-34  8.08262e-36  -2.5878e-34  -8.7791e-37  6.08319e-35  6.87018e-36 -1.38684e-34  1.39456e-36  8.44419e-35 -1.93239e-36 -2.34762e-35 -1.90063e-36  5.15818e-35  1.87951e-36  -1.6874e-36  1.02033e-36  3.97922e-36  5.98944e-37 -8.32957e-36 -7.29177e-37  1.10393e-35   2.2802e-37 -1.97463e-36  -1.0357e-37  2.04171e-37 -1.91173e-37 -1.00179e-36  1.39783e-38  3.91822e-37  1.79108e-38 -7.09292e-38 -1.06468e-38  2.00563e-37 -1.40143e-38 -2.99313e-38  6.57819e-39 -1.04098e-38 -5.19214e-40 -2.31269e-38  2.01394e-41   7.4803e-38 -8.69624e-40 -1.82601e-37  2.61408e-40  5.30334e-37  -3.1519e-41 -1.55693e-36  -1.3531e-40  4.21594e-36  1.74068e-40 -1.05124e-35 -5.75171e-40  2.40826e-35   1.5273e-39  -5.0516e-35 -3.68271e-39  9.66104e-35  8.38359e-39 -1.67576e-34  -1.8118e-38  2.61929e-34  3.71107e-38 -3.65948e-34 -7.19033e-38  4.52229e-34  1.31418e-37 -4.87373e-34 -2.25809e-37  4.48876e-34  3.63349e-37  -3.4219e-34 -5.45181e-37  2.03496e-34  7.59268e-37  -8.1282e-35 -9.76696e-37  7.98638e-36  1.15444e-36  1.56747e-35 -1.24679e-36 -1.17472e-35  1.22285e-36  2.99079e-36 -1.08182e-36  8.66442e-37  8.56639e-37 -8.55429e-37 -6.01772e-37  1.78795e-37  3.71102e-37  3.32185e-38 -1.98368e-37 -1.17596e-38  9.04807e-38 -5.82348e-39 -3.45217e-38  3.07014e-39  1.07323e-38 -5.12904e-40 -2.62244e-39  6.92566e-41  4.77781e-40  -1.6916e-41 -5.96277e-41  2.32864e-42  4.33938e-42 -1.15962e-43 -1.15976e-43
-2.27042e-37 -9.73883e-34 -1.19945e-35  2.17476e-33  4.97573e-35 -4.29624e-33 -3.19831e-36  7.90419e-33   4.2917e-37 -3.60719e-33  1.32772e-34  1.07139e-33 -5.49515e-35 -5.38925e-34  5.09228e-35 -2.36541e-34 -3.78642e-35 -2.06927e-34 -2.55664e-35  3.38469e-34  8.71985e-37 -3.40152e-34  5.10215e-36   4.4182e-35  4.28691e-36 -1.38934e-34  2.64887e-36  5.44709e-35 -3.54509e-36 -1.86539e-35 -2.04024e-36  6.57603e-35  2.34472e-36 -7.25794e-36  9.90227e-37  8.85121e-36  7.24522e-37 -1.05368e-35 -9.17012e-37   1.4252e-35  3.41404e-37  -2.2516e-36 -1.43845e-37  1.54699e-37 -2.51172e-37 -9.90753e-37  1.44661e-38  5.48153e-37  2.71435e-38  1.15703e-38 -2.06452e-38  2.80684e-37 -2.20815e-38 -6.36227e-38  1.03683e-38  3.18713e-38 -1.84883e-39 -2.07505e-37  4.14018e-40  7.13105e-37 -1.43713e-39 -2.24308e-36  4.55281e-40  6.75442e-36 -3.37993e-41  -1.9012e-35  -2.0477e-40   4.9369e-35  1.23546e-40 -1.17971e-34 -4.77942e-40  2.58577e-34  1.20858e-39 -5.17849e-34 -2.97591e-39  9.43067e-34  7.51636e-39 -1.55264e-33 -1.90556e-38  2.29417e-33  4.67109e-38 -3.01428e-33 -1.07809e-37  3.47878e-33  2.30574e-37 -3.46715e-33  -4.5303e-37  2.90891e-33  8.13813e-37 -1.96707e-33 -1.33254e-36  9.77324e-34  1.98388e-36 -2.57151e-34 -2.67859e-36 -7.37238e-35  3.26998e-36  1.14961e-34 -3.59609e-36 -5.05591e-35   3.5464e-36  2.12357e-36 -3.11883e-36  8.05827e-36  2.42919e-36  -3.2093e-36 -1.66159e-36 -4.13951e-38  9.87693e-37  2.88498e-37 -5.03551e-37 -1.59595e-38  2.16515e-37 -2.79314e-38 -7.68074e-38  6.57991e-39  2.18195e-38 -3.60474e-40 -4.75775e-39  8.23731e-41  7.46244e-40  -2.9267e-41  -7.5257e-41  2.45047e-42  3.80885e-42 -5.43546e-44
 2.81052e-34 -4.10415e-37  -1.1354e-33 -2.27891e-35   1.9929e-33  8.12563e-35 -4.02794e-33   4.2917e-37   7.5052e-33  6.13839e-36  -3.2134e-33  1.39437e-34  1.08759e-33  -5.1541e-35 -7.74687e-34  5.25665e-35 -1.07058e-34 -2.85363e-35 -2.07061e-34 -2.18597e-35  4.30845e-34 -8.95155e-36  -3.9502e-34  1.21531e-35  1.71117e-35  2.04685e-36 -1.25674e-34  4.13243e-36  1.43135e-35 -5.21126e-36 -8.21018e-36 -2.28963e-36  7.94568e-35  2.90884e-36 -1.78357e-35  8.78418e-37  1.64938e-35  7.54893e-37 -1.16611e-35 -1.04132e-36   1.6803e-35  4.68227e-37 -2.06584e-36 -1.77045e-37  1.60204e-38 -3.21977e-37 -8.09418e-37  7.96641e-39  6.72981e-37   3.6521e-38  1.54034e-37 -3.36119e-38  3.95898e-37 -3.40324e-38 -2.52285e-37     1.45e-38  6.51811e-37 -4.09619e-39 -2.51127e-36  1.20233e-39  8.52239e-36 -2.41911e-39 -2.68164e-35  9.87891e-40  7.83568e-35 -9.84589e-40 -2.11785e-34   2.5293e-39  5.27482e-34 -7.84264e-39 -1.20707e-33  1.99954e-38  2.52874e-33 -4.79007e-38 -4.82878e-33  1.05781e-37  8.36038e-33 -2.14193e-37 -1.30385e-32  3.95281e-37  1.81658e-32 -6.59059e-37 -2.23698e-32  9.78539e-37  2.39969e-32 -1.25989e-36 -2.19611e-32  1.32613e-36  1.65834e-32 -9.42123e-37 -9.70232e-33 -9.93299e-38    3.727e-33  1.84548e-36 -2.22765e-34 -4.07048e-36 -8.36848e-34  6.27208e-36   5.8213e-34 -7.83025e-36 -1.36074e-34  8.27649e-36 -4.72995e-35 -7.52383e-36  4.03775e-35  5.90581e-36 -6.20695e-36 -3.99256e-36 -2.92508e-36  2.30757e-36  1.00045e-36 -1.12677e-36  1.39397e-37  4.56981e-37 -9.06375e-38 -1.50312e-37  5.84624e-39    3.876e-38   7.5849e-40 -7.44891e-39  1.94091e-40   9.8257e-40 -4.36408e-41 -7.59864e-41  1.45085e-42   2.1824e-42
 2.92953e-36  4.07778e-34  7.96714e-37 -9.08516e-34 -3.53011e-35   1.5495e-33  1.11778e-34 -3.60719e-33  6.13839e-36  6.99044e-33  1.29806e-35 -2.86232e-33  1.32832e-34  1.07542e-33 -4.45278e-35 -9.56173e-34  4.83693e-35 -2.01874e-35   -1.846e-35 -1.72535e-34 -1.38725e-35  4.84644e-34 -2.05222e-35 -4.07158e-34  1.89183e-35 -2.07815e-35  1.20452e-36  -9.5753e-35  5.41297e-36 -3.49226e-35 -6.86144e-36  1.04394e-35 -2.77467e-36  8.93952e-35  3.55271e-36 -3.29423e-35  7.46598e-37  2.62806e-35  5.89828e-37 -1.05665e-35  -1.0797e-36  1.79298e-35  6.03855e-37  -1.0556e-36 -1.90596e-37  -2.0313e-37 -4.09849e-37 -5.11186e-37 -1.07163e-38  7.40803e-37  4.46564e-38  2.54315e-37 -4.98556e-38  9.44116e-37 -5.03756e-38 -2.32154e-36  1.79225e-38  8.38932e-36 -7.63037e-39 -2.98526e-35  2.69522e-39  9.79164e-35 -4.98884e-39  -2.9759e-34  5.26719e-39  8.36615e-34 -1.33043e-38 -2.17045e-33  3.74487e-38  5.18123e-33 -1.01126e-37 -1.13435e-32  2.50857e-37  2.26863e-32 -5.80127e-37 -4.12466e-32  1.24541e-36  6.77717e-32 -2.47595e-36 -9.98935e-32  4.54472e-36  1.30844e-31 -7.67293e-36 -1.50406e-31  1.18558e-35  1.49102e-31  -1.6652e-35  -1.2414e-31  2.10534e-35  8.29294e-32 -2.36014e-35  -4.0224e-32  2.28485e-35  9.67993e-33 -1.80686e-35  3.87323e-33  9.86159e-36   -5.107e-33 -2.08008e-37  2.10766e-33 -8.23362e-36 -2.09005e-35  1.32968e-35 -3.61914e-34 -1.42624e-35  1.27672e-34  1.20026e-35  1.03423e-35 -8.27762e-36  -1.5099e-35  4.72857e-36  1.25851e-36  -2.2283e-36  9.56327e-37  8.53942e-37 -1.65636e-37 -2.59651e-37 -1.65738e-38  6.02738e-38  1.82967e-39 -1.00436e-38  5.61097e-40  1.07748e-39 -4.06073e-41 -5.83451e-41  1.28206e-43
 -7.7006e-35  6.24544e-36  2.39659e-34  5.71264e-36 -5.35193e-34  -4.6415e-35  1.19542e-33  1.32772e-34  -3.2134e-33  1.29806e-35  6.50615e-33  1.99952e-35 -2.49144e-33  1.18309e-34   9.3425e-34 -3.56801e-35 -1.08141e-33  4.07621e-35  6.05947e-35 -1.34757e-35 -1.22765e-34 -4.22026e-36  4.66407e-34 -3.27946e-35 -3.73722e-34  2.36701e-35 -6.84465e-35  2.55782e-36 -5.02377e-35  5.94937e-36 -9.09165e-35 -8.56781e-36  4.04181e-35 -3.52598e-36  9.12895e-35   4.1852e-36 -5.07988e-35  6.48463e-37  3.64854e-35   1.2229e-37 -6.19446e-36 -1.03529e-36  1.70022e-35  7.48209e-37  1.07039e-36 -1.72987e-37 -4.22637e-37 -5.22461e-37  -2.8513e-37  -4.7472e-38  9.78263e-37  5.00628e-38 -9.53385e-37 -7.02762e-38   7.0965e-36 -7.08122e-38 -2.66459e-35  1.93242e-38  9.72839e-35 -1.35519e-38 -3.31716e-34  7.65056e-39   1.0477e-33 -1.87776e-38 -3.06302e-33  4.27954e-38  8.27199e-33 -1.22599e-37 -2.05843e-32  3.36268e-37  4.70551e-32 -8.65712e-37 -9.84565e-32  2.07484e-36  1.87731e-31 -4.63595e-36 -3.24453e-31  9.63611e-36  5.04901e-31 -1.85947e-35 -7.01545e-31  3.32302e-35  8.60913e-31 -5.48324e-35 -9.19327e-31  8.32358e-35  8.36024e-31 -1.15709e-34 -6.25321e-31   1.4644e-34  3.59806e-31 -1.67419e-34 -1.32579e-31   1.7102e-34  2.35718e-33 -1.53507e-34  3.42416e-32  1.17642e-34 -2.22108e-32 -7.24531e-35   4.6275e-33  2.97275e-35  2.09236e-33  1.06291e-36 -1.54932e-33 -1.64074e-35  1.84198e-34  1.89228e-35  1.34389e-34 -1.44495e-35 -4.11443e-35  8.43884e-36 -5.10632e-36 -3.89223e-36  2.98936e-36  1.41475e-36  5.04099e-40 -3.96333e-37 -7.23583e-38  8.19431e-38  -2.0211e-39  -1.1577e-38  9.98133e-40   9.5929e-40 -8.01232e-42 -2.97034e-41
-1.41861e-36 -1.10893e-34  6.03928e-36 -1.24205e-34   1.5737e-35 -3.05822e-34 -5.33731e-35  1.07139e-33  1.39437e-34 -2.86232e-33  1.99952e-35  6.08954e-33  2.63714e-35 -2.06703e-33  1.02053e-34  6.75044e-34 -2.67617e-35 -1.18329e-33  3.20467e-35  1.65909e-34 -1.59058e-35 -7.52404e-35  3.85683e-36  3.64027e-34 -4.50571e-35 -3.02924e-34  2.48305e-35 -1.24954e-34  6.42857e-36   5.5339e-36   5.1909e-36 -1.50005e-34 -1.04373e-35  8.51186e-35  -4.4928e-36  8.10175e-35  4.65953e-36 -6.90913e-35  5.95681e-37  4.47384e-35 -7.30945e-37  2.14353e-36 -9.34529e-37  1.36217e-35  9.07038e-37  4.39311e-36 -1.18976e-37 -3.86909e-37 -6.66608e-37 -1.04011e-36 -1.08218e-37  4.70229e-36  5.10463e-38  -1.8154e-35 -9.61139e-38  7.81157e-35 -9.45454e-38 -2.96549e-34  1.87862e-38  1.04801e-33 -2.86691e-38 -3.43809e-33  3.82804e-38  1.04473e-32 -1.15201e-37 -2.93548e-32   3.2596e-37  7.60945e-32 -9.20741e-37  -1.8148e-31  2.44103e-36  3.96883e-31 -6.05564e-36 -7.92697e-31  1.40211e-35  1.43894e-30 -3.02751e-35 -2.35973e-30  6.08566e-35  3.46986e-30 -1.13658e-34 -4.53124e-30  1.96771e-34  5.18831e-30 -3.14922e-34 -5.11608e-30   4.6442e-34  4.22704e-30 -6.28614e-34 -2.78909e-30  7.77218e-34  1.31928e-30 -8.72555e-34 -2.86129e-31   8.8264e-34 -1.55727e-31 -7.96135e-34  1.79808e-31  6.30741e-34 -6.93753e-32  -4.2842e-34 -2.06327e-33  2.38347e-34   1.3153e-32 -9.67579e-35 -4.16588e-33  1.53044e-35 -5.52416e-34   1.6638e-35  5.55197e-34 -1.98654e-35 -3.78932e-35  1.28871e-35  -3.3493e-35 -5.97916e-36  4.46657e-36  2.07637e-36  9.40657e-37   -5.339e-37 -1.02555e-37  9.69295e-38 -1.50065e-38 -1.12416e-38  7.88462e-40  6.57499e-40  1.85463e-41
 4.08299e-35 -3.65953e-36 -7.47243e-35 -1.80929e-36  -4.2453e-34  2.93902e-35 -3.34312e-34 -5.49515e-35  1.08759e-33  1.32832e-34 -2.49144e-33  2.63714e-35  5.74432e-33  3.13201e-35 -1.62502e-33  8.82666e-35  3.78211e-34 -1.92029e-35 -1.27783e-33  2.34566e-35  2.95468e-34 -2.40899e-35 -3.64486e-35  8.03362e-36  1.85945e-34 -5.70846e-35 -2.09279e-34  2.14442e-35 -1.88747e-34  1.26699e-35  6.37149e-35   2.6744e-36 -2.07957e-34 -1.24901e-35  1.47268e-34 -5.59966e-36  5.60804e-35  4.82909e-36 -8.59404e-35  5.46162e-37   4.8801e-35 -1.99859e-36  1.45961e-35  -8.1414e-37  7.67993e-36  1.09031e-36   8.4346e-36 -3.44063e-38  1.74921e-36   -8.465e-37 -1.15014e-35 -1.98246e-37  5.03978e-35  4.53432e-38 -2.13172e-34 -1.27619e-37   8.4543e-34 -1.23352e-37 -3.10147e-33  2.82035e-38  1.05609e-32 -9.98323e-38 -3.33412e-32  2.47505e-37  9.74191e-32 -7.63346e-37 -2.62908e-31  2.20002e-36  6.53678e-31 -6.01925e-36 -1.49281e-30   1.5419e-35  3.11981e-30 -3.69393e-35 -5.94027e-30  8.26389e-35  1.02489e-29 -1.72417e-34 -1.59152e-29  3.34917e-34  2.20554e-29 -6.04518e-34 -2.69741e-29  1.01159e-33  2.86749e-29  -1.5652e-33 -2.59129e-29  2.23226e-33   1.9197e-29 -2.92371e-33 -1.08582e-29  3.50131e-33  3.82446e-30 -3.81352e-33  1.12079e-31   3.7529e-33 -1.13068e-30 -3.30911e-33  6.86719e-31  2.58524e-33 -1.24607e-31 -1.76127e-33 -7.45653e-32   1.0206e-33  4.87097e-32 -4.80511e-34 -4.34405e-33  1.64417e-34 -4.68643e-33 -2.34785e-35  1.26448e-33 -1.65309e-35  1.93672e-34  1.61489e-35 -9.16728e-35 -8.00114e-36 -3.10323e-36  2.69124e-36   2.6715e-36 -6.32368e-37  5.27616e-38  9.88342e-38 -2.72715e-38 -8.94734e-39 -2.34982e-40  3.01944e-40
 3.61992e-36  1.07962e-34 -6.53454e-36  -2.9562e-35 -1.65542e-35  -5.0427e-34  4.25461e-35 -5.38925e-34  -5.1541e-35  1.07542e-33  1.18309e-34 -2.06703e-33  3.13201e-35  5.47868e-33   3.4173e-35 -1.24272e-33   7.8222e-35   1.3034e-34 -1.37556e-35 -1.34921e-33  1.50431e-35  4.25312e-34 -3.37814e-35 -4.76989e-37   7.6926e-36 -4.46763e-35 -6.88652e-35 -1.09355e-34   1.3368e-35 -2.55727e-34   2.0821e-35  1.16991e-34 -1.87173e-36 -2.61075e-34 -1.46086e-35   2.2746e-34 -6.80833e-36  1.67627e-35   4.6215e-36  -1.0058e-34  4.20934e-37  4.73401e-35 -3.63615e-36  3.06532e-35  -7.0364e-37 -3.68768e-38  1.30817e-36  8.78143e-36  6.14229e-38  2.63179e-35 -1.06335e-36 -1.27143e-34 -3.21575e-37  5.53043e-34  2.87746e-38 -2.26546e-33 -1.58324e-37  8.62312e-33   -1.803e-37 -3.04763e-32  1.35705e-37  9.99198e-32 -5.25703e-37 -3.03462e-31  1.57747e-36  8.52126e-31 -4.74604e-36 -2.20726e-30  1.33622e-35   5.2595e-30 -3.53436e-35   -1.149e-29  8.74987e-35  2.29201e-29 -2.02538e-34 -4.15421e-29  4.37776e-34  6.79985e-29 -8.82279e-34 -9.97569e-29  1.65508e-33  1.29888e-28 -2.88421e-33 -1.48152e-28  4.65825e-33  1.45324e-28 -6.95421e-33 -1.19154e-28  9.56656e-33  7.76381e-29 -1.20831e-32 -3.57686e-29  1.39529e-32  6.84876e-30 -1.46565e-32  5.04596e-30  1.39192e-32 -5.21926e-30 -1.18614e-32  1.87797e-30  8.98274e-33  1.40237e-31 -5.96805e-33 -3.94752e-31  3.41522e-33  1.12454e-31 -1.63509e-33  2.08009e-32  6.20261e-34 -1.64167e-32 -1.62075e-34  7.40005e-34  1.13964e-35  1.02979e-33  1.46685e-35 -1.09447e-34 -9.15285e-36 -3.23812e-35  3.06263e-36  2.97667e-36 -6.54087e-37  4.51117e-37  8.54693e-38 -1.70317e-38 -5.52683e-39 -7.67351e-40
-1.98924e-35   7.9294e-36  1.69362e-34 -1.00415e-35 -3.62021e-35 -3.17812e-35 -3.99093e-34  5.09228e-35 -7.74687e-34 -4.45278e-35   9.3425e-34  1.02053e-34 -1.62502e-33   3.4173e-35  5.30088e-33  3.48353e-35 -9.89297e-34  7.08148e-35 -1.49118e-35 -1.02779e-35 -1.36737e-33  5.98422e-36  5.29191e-34 -4.02933e-35   4.5324e-35  3.77229e-36 -2.96364e-34 -8.01332e-35 -1.86851e-35  1.14172e-36 -3.18555e-34  3.02774e-35  1.61543e-34 -8.42018e-36 -3.06787e-34 -1.65862e-35  3.22712e-34 -8.16296e-36   -3.347e-35  4.09364e-36 -1.13453e-34  1.40081e-37  4.06004e-35 -5.52758e-36  4.78979e-35 -6.12176e-37 -4.80656e-37  1.56618e-36 -4.09505e-35  1.37711e-37  2.95725e-34 -1.31623e-36 -1.35241e-33 -4.78875e-37  5.72581e-33 -1.24632e-38 -2.25995e-32 -1.43998e-37  8.28687e-32 -4.20076e-37 -2.82072e-31  8.80085e-37  8.90057e-31 -3.05214e-36 -2.59917e-30  9.34021e-36  7.00975e-30 -2.72021e-35 -1.74148e-29  7.42132e-35   3.9733e-29 -1.89768e-34 -8.29448e-29   4.5408e-34  1.57718e-28 -1.01561e-33 -2.71666e-28  2.12045e-33  4.21006e-28 -4.12631e-33  -5.8194e-28  7.47056e-33  7.09372e-28 -1.25575e-32 -7.50771e-28  1.95518e-32  6.74226e-28 -2.81199e-32 -4.94686e-28  3.72413e-32  2.74908e-28 -4.52524e-32 -9.21743e-29  5.02372e-32 -7.63465e-30 -5.07008e-32  3.11321e-29  4.62412e-32 -1.77639e-29 -3.78386e-32  2.72924e-30  2.75314e-32  2.19454e-30 -1.76066e-32 -1.28238e-30  9.74214e-33  7.70185e-32 -4.55865e-33  1.34388e-31  1.73778e-33 -3.17827e-32   -5.009e-34 -6.24243e-33  8.70999e-35  2.42419e-33  4.04222e-36  1.42092e-34 -8.60368e-36 -7.47892e-35  3.03137e-36 -2.18942e-36 -5.84295e-37  7.20951e-37  6.09176e-38  1.24774e-38 -2.30316e-39
-2.38545e-36 -3.75951e-35  1.17844e-35  1.97933e-34 -1.45706e-35 -9.45199e-35 -3.99393e-35 -2.36541e-34  5.25665e-35 -9.56173e-34 -3.56801e-35  6.75044e-34  8.82666e-35 -1.24272e-33  3.48353e-35  5.21051e-33  3.41307e-35 -8.97033e-34  6.36608e-35 -4.31123e-35 -7.79109e-36 -1.31407e-33 -4.98075e-36  5.94836e-34 -4.03993e-35    1.114e-34 -1.94612e-36 -5.34602e-34 -9.00209e-35  5.04307e-35  -1.4307e-35 -3.68212e-34  4.04003e-35  1.98445e-34 -1.65631e-35 -3.43395e-34 -1.82399e-35   4.2582e-34 -9.81315e-36 -8.84504e-35   3.4319e-36 -1.26083e-34 -3.40916e-37  3.30431e-35 -7.50812e-36  4.69793e-35 -5.27211e-37  1.04696e-34  1.86175e-36 -6.33016e-34  1.59738e-37  3.10869e-33 -1.60531e-36 -1.36829e-32 -6.55369e-37  5.59661e-32 -1.48316e-37 -2.12885e-31   1.7346e-37  7.52063e-31 -1.74581e-36 -2.46466e-30  5.27933e-36  7.48148e-30 -1.71264e-35 -2.09956e-29   5.1281e-35  5.43465e-29 -1.44458e-34  -1.2939e-28  3.81308e-34  2.82387e-28 -9.42646e-34 -5.62627e-28  2.17997e-33  1.01827e-27 -4.71043e-33 -1.66379e-27   9.4966e-33  2.43541e-27 -1.78347e-32 -3.16199e-27  3.11414e-32  3.59307e-27 -5.04492e-32 -3.50629e-27  7.56391e-32  2.85297e-27 -1.04663e-31 -1.83534e-27   1.3323e-31  8.22437e-28 -1.55438e-31 -1.35031e-28  1.65502e-31  -1.3621e-28 -1.60015e-31  1.28259e-28  1.39656e-31 -4.29168e-29 -1.09245e-31 -5.37453e-30  7.59269e-32  1.00113e-29 -4.63699e-32 -2.55702e-30  2.45253e-32 -6.25184e-31 -1.10094e-32  4.08295e-31  4.06843e-33  -8.1978e-33  -1.1737e-33 -2.70157e-32  2.34412e-34  2.26308e-33 -1.88276e-35  8.94651e-34 -5.98913e-36 -6.63407e-35  2.57135e-36 -1.23569e-35  -4.4277e-37  3.40138e-37  3.38463e-38  2.19175e-38
 2.89886e-35 -4.93071e-36 -5.46766e-35  1.40233e-35  1.98204e-34 -1.99024e-35  -1.6431e-34 -3.78642e-35 -1.07058e-34  4.83693e-35 -1.08141e-33 -2.67617e-35  3.78211e-34   7.8222e-35 -9.89297e-34  3.41307e-35   5.2061e-33  3.35826e-35  -9.6376e-34  5.40483e-35  3.44901e-35 -4.76792e-36 -1.19786e-33 -1.90804e-35  6.26797e-34 -3.33721e-35  1.98549e-34 -7.59228e-36 -7.25926e-34 -9.70273e-35  9.05016e-35 -3.19079e-35 -3.96931e-34  5.05718e-35  2.32749e-34 -2.54967e-35 -3.69221e-34 -1.95122e-35  5.25943e-34 -1.20165e-35 -1.39861e-34   2.8845e-36 -1.45151e-34 -1.01132e-36  6.23154e-35 -9.40154e-36 -1.71398e-34 -4.26498e-37  1.34592e-33  2.18229e-36 -6.75582e-33  1.03838e-37  3.09397e-32 -1.94813e-36 -1.31275e-31 -7.51249e-37  5.17839e-31 -7.68607e-37 -1.89819e-30  2.22141e-36  6.45859e-30 -9.04638e-36 -2.03705e-29  2.91101e-35   5.9455e-29 -9.04777e-35 -1.60246e-28  2.62756e-34  3.97816e-28  -7.1598e-34 -9.06843e-28  1.82785e-33  1.89109e-27 -4.36831e-33 -3.59126e-27  9.76174e-33   6.1762e-27 -2.03715e-32 -9.55277e-27  3.96415e-32  1.31719e-26 -7.18061e-32 -1.60048e-26  1.20837e-31  1.68655e-26  -1.8849e-31 -1.50525e-26  2.71843e-31  1.09376e-26 -3.61427e-31 -5.96885e-27  4.41523e-31  1.89593e-27 -4.93699e-31  2.73698e-28  5.03084e-31 -7.31454e-28 -4.64805e-31  3.93132e-28  3.87032e-31 -4.90819e-29 -2.88372e-31 -5.46409e-29  1.90589e-31  2.88512e-29  -1.1052e-31 -8.71998e-31  5.54437e-32 -3.27263e-30  -2.3607e-32  6.75295e-31  8.29889e-33   1.6851e-31  -2.3045e-33  -5.4965e-32  4.64107e-34 -4.54696e-33  -5.2885e-35  1.75332e-33 -1.81639e-36  7.45266e-35  1.82552e-36 -1.68044e-35 -2.76137e-37 -3.98527e-37  1.27293e-38
 2.79427e-36  6.03314e-35 -7.02763e-36 -7.58174e-35  1.42944e-35  2.05342e-34 -2.43887e-35 -2.06927e-34 -2.85363e-35 -2.01874e-35  4.07621e-35 -1.18329e-33 -1.92029e-35   1.3034e-34  7.08148e-35 -8.97033e-34  3.35826e-35  5.30111e-33   3.4698e-35 -1.17236e-33   3.9587e-35  1.98548e-34  5.05182e-37 -1.05237e-33  -3.7056e-35  6.38733e-34 -2.09899e-35  2.95431e-34 -1.16778e-35 -8.41446e-34 -9.93318e-35  9.98808e-35 -5.05166e-35  -4.0075e-34  6.02446e-35  2.70634e-34 -3.41005e-35 -3.81644e-34 -2.04912e-35   6.0929e-34   -1.512e-35 -1.70205e-34  2.64687e-36 -2.35895e-34  -1.8081e-36  5.10306e-34  -1.1061e-35 -2.65587e-33 -2.96636e-37  1.39999e-32  2.50149e-36 -6.63921e-32 -7.74537e-39  2.92145e-31 -2.47301e-36 -1.19513e-30 -2.03501e-37  4.54454e-30 -3.98296e-36 -1.60492e-29  1.34828e-35  5.25756e-29 -4.71808e-35 -1.59519e-28  1.49898e-34   4.4742e-28 -4.49736e-34 -1.15738e-27  1.26444e-33   2.7534e-27 -3.33291e-33 -6.00356e-27  8.22807e-33  1.19481e-26 -1.90063e-32 -2.15946e-26  4.10303e-32  3.52243e-26  -8.2664e-32 -5.14504e-26  1.55182e-31  6.66167e-26 -2.70947e-31 -7.54224e-26   4.3908e-31  7.32274e-26  -6.5886e-31 -5.91316e-26  9.12995e-31  3.75506e-26  -1.1648e-30 -1.63426e-26  1.36345e-30  2.20258e-27 -1.45854e-30  3.13589e-27  1.41948e-30 -2.72053e-27 -1.25022e-30  8.43477e-28  9.90439e-31  1.54078e-28 -7.00607e-31 -2.18683e-28  4.38608e-31  4.97706e-29 -2.40349e-31  1.56835e-29  1.13666e-31 -8.73922e-30 -4.55244e-32 -4.99152e-32  1.50356e-32  6.10154e-31 -3.93171e-33 -3.85292e-32  7.57867e-34  -2.1018e-32 -9.11973e-35  1.21356e-33  2.57674e-36  2.93883e-34  1.04167e-36 -5.64897e-36 -1.33814e-37 -5.19733e-37
 -3.1862e-35   5.5175e-36  8.03613e-35 -7.97213e-36 -1.13038e-34   1.2445e-35  2.52145e-34 -2.55664e-35 -2.07061e-34   -1.846e-35  6.05947e-35  3.20467e-35 -1.27783e-33 -1.37556e-35 -1.49118e-35  6.36608e-35  -9.6376e-34   3.4698e-35  5.53121e-33  3.82583e-35 -1.50811e-33  1.86891e-35  4.33161e-34   9.6111e-36 -9.22486e-34  -5.8851e-35  6.43068e-34 -6.72564e-36  3.81899e-34 -1.32376e-35  -8.6024e-34 -9.53306e-35   8.3217e-35  -6.8838e-35 -3.80376e-34  6.90199e-35  3.15654e-34  -4.1112e-35 -3.74796e-34 -2.13264e-35  6.47067e-34 -1.95198e-35  -5.9615e-35  2.74861e-36 -1.08847e-33 -2.63528e-36  5.24827e-33 -1.24022e-35 -2.75401e-32 -1.42769e-37  1.35493e-31  2.75368e-36 -6.18019e-31  2.71255e-38  2.62147e-30 -3.92605e-36  -1.0339e-29  3.96627e-36  3.78872e-29 -2.06294e-35 -1.28867e-28  7.11146e-35  4.06282e-28 -2.35575e-34 -1.18524e-27  7.27606e-34  3.19268e-27  -2.1116e-33 -7.92058e-27  5.74528e-33  1.80407e-26 -1.46482e-32 -3.75842e-26  3.49638e-32  7.12887e-26 -7.80436e-32  -1.2242e-25  1.62699e-31  1.88999e-25  -3.1631e-31 -2.59987e-25   5.7251e-31  3.14925e-25 -9.62834e-31 -3.30464e-25  1.50128e-30  2.93146e-25 -2.16485e-30  -2.1095e-25  2.87894e-30  1.12988e-25 -3.51957e-30 -3.38082e-26  3.94125e-30 -7.30089e-27 -4.02611e-30  1.49206e-26  3.73426e-30 -7.56846e-27  -3.1278e-30  7.18112e-28  2.35093e-30  1.17324e-27 -1.57378e-30 -5.63875e-28  9.29807e-31 -4.78408e-31 -4.79374e-31  6.89994e-29  2.12567e-31 -1.23358e-29 -7.95225e-32 -3.87888e-30   2.4434e-32  1.08021e-30 -5.92398e-33  1.17279e-31  1.06037e-33 -3.55017e-32 -1.22335e-34 -2.02674e-33  5.63321e-36  3.40985e-34  4.41365e-37  1.02348e-35 -4.36634e-38
-7.56269e-38 -6.53193e-35  7.84112e-36  8.40192e-35 -7.39937e-36 -1.75932e-34  8.08262e-36  3.38469e-34 -2.18597e-35 -1.72535e-34 -1.34757e-35  1.65909e-34  2.34566e-35 -1.34921e-33 -1.02779e-35 -4.31123e-35  5.40483e-35 -1.17236e-33  3.82583e-35  5.94485e-33  4.40584e-35 -1.96275e-33 -8.98528e-36  7.27646e-34  2.37377e-35 -8.46519e-34 -8.35829e-35  6.44585e-34  5.44899e-36  4.36395e-34 -1.17641e-35 -7.72458e-34 -8.41892e-35   5.1099e-35  -8.5348e-35  -3.3992e-34  7.67344e-35  3.62845e-34 -4.53682e-35 -3.16466e-34  -2.2074e-35  4.39657e-34 -2.55999e-35  1.39389e-33  2.99618e-36  -9.6648e-33 -3.38544e-36  5.18401e-32 -1.34246e-35 -2.63229e-31  4.47201e-38  1.24466e-30  2.68273e-36 -5.47349e-30  1.24817e-36  2.23862e-29 -1.02571e-35 -8.51037e-29  2.67367e-35  3.00457e-28 -1.03557e-34  -9.8392e-28   3.5029e-34  2.98406e-27 -1.11866e-33 -8.36555e-27  3.34827e-33  2.16271e-26 -9.40389e-33 -5.14141e-26  2.47574e-32  1.12008e-25 -6.10483e-32 -2.22683e-25  1.40854e-31  4.01954e-25 -3.03722e-31 -6.54607e-25  6.11207e-31  9.54215e-25 -1.14607e-30 -1.23224e-24  1.99872e-30  1.39021e-24 -3.23528e-30 -1.34305e-24  4.84925e-30  1.07638e-24 -6.71263e-30 -6.74644e-25   8.5561e-30  2.84721e-25 -1.00085e-29 -2.93221e-26  1.07037e-29 -6.26667e-26 -1.04209e-29  5.05512e-26  9.19112e-30 -1.44549e-26 -7.30264e-30 -3.59699e-27  5.19273e-30  4.17681e-27   -3.279e-30 -8.39471e-28  1.82148e-30 -3.36943e-28 -8.79724e-31   1.6349e-28  3.63876e-31   5.2927e-30 -1.26329e-31 -1.20283e-29   3.5794e-32  5.23889e-31 -7.94111e-33  4.29366e-31  1.29018e-33 -1.83399e-32 -1.35203e-34  -6.0904e-33  6.43437e-36  7.20489e-35  1.13073e-37  1.06778e-35
 3.15662e-35  1.97852e-39 -9.14413e-35  9.31869e-36    7.836e-35 -5.08629e-36  -2.5878e-34  8.71985e-37  4.30845e-34 -1.38725e-35 -1.22765e-34 -1.59058e-35  2.95468e-34  1.50431e-35 -1.36737e-33 -7.79109e-36  3.44901e-35   3.9587e-35 -1.50811e-33  4.40584e-35  6.58081e-33  5.11503e-35  -2.5251e-33 -4.21564e-35   1.0698e-33  4.34191e-35 -8.41864e-34  -1.0983e-34  6.40142e-34  1.22102e-35  4.44014e-34 -7.08419e-36 -5.81277e-34 -6.62018e-35  1.81136e-35 -9.83568e-35 -2.80172e-34  8.34988e-35  3.61655e-34 -4.60628e-35  1.02585e-34 -2.25493e-35 -2.00131e-33 -3.36593e-35  1.61398e-32  3.00509e-36 -9.27938e-32 -3.94532e-36  4.87731e-31 -1.42405e-35 -2.38949e-30  4.93177e-37  1.08934e-29  1.04307e-36 -4.61961e-29  8.80692e-36  1.82155e-28 -4.11458e-35  -6.6734e-28  1.39933e-34  2.26915e-27 -4.98139e-34 -7.15145e-27  1.63755e-33  2.08539e-26 -5.06005e-33 -5.61454e-26  1.46668e-32  1.39203e-25 -3.98688e-32 -3.16827e-25  1.01549e-31  6.59451e-25 -2.42138e-31 -1.24944e-24  5.39898e-31  2.14265e-24 -1.12423e-30 -3.30219e-24  2.18294e-30  4.53232e-24 -3.94567e-30 -5.47378e-24  6.62584e-30   5.7204e-24 -1.03143e-29 -5.04411e-24   1.4847e-29  3.59474e-24 -1.97065e-29  -1.8888e-24  2.40431e-29  5.28866e-25 -2.68685e-29  1.58853e-25  2.73931e-29 -2.67831e-25 -2.53649e-29  1.28401e-25  2.12229e-29 -8.15439e-27 -1.59521e-29 -2.20523e-26  1.06985e-29  9.69874e-27 -6.35072e-30  3.25296e-28  3.30414e-30 -1.27751e-27 -1.48832e-30  1.95736e-28  5.71239e-31   7.7511e-29 -1.82852e-31 -1.86185e-29  4.73635e-32 -2.55395e-30 -9.49393e-33  6.30562e-31  1.37083e-33  4.59308e-32 -1.24967e-34 -6.06721e-33  5.19962e-36 -2.23485e-34  3.31302e-39
 3.63826e-38  6.25647e-35  1.09598e-37 -1.08041e-34  9.70387e-36  7.06463e-35  -8.7791e-37 -3.40152e-34 -8.95155e-36  4.84644e-34 -4.22026e-36 -7.52404e-35 -2.40899e-35  4.25312e-34  5.98422e-36 -1.31407e-33 -4.76792e-36  1.98548e-34  1.86891e-35 -1.96275e-33  5.11503e-35  7.44284e-33  5.83243e-35 -3.16583e-33 -7.78038e-35  1.43599e-33   6.8279e-35 -8.98888e-34 -1.36123e-34  6.22725e-34  1.16735e-35  4.01627e-34  7.27975e-37 -3.02187e-34   -4.282e-35 -6.52645e-36 -1.06254e-34 -1.43504e-34  8.96354e-35 -1.65244e-34 -4.29572e-35  4.01915e-33 -2.22656e-35 -2.62494e-32 -4.38373e-35  1.57681e-31  2.31296e-36  -8.6219e-31  -4.1516e-36  4.37821e-30 -1.52523e-35 -2.06901e-29  2.62689e-36  9.09685e-29 -8.37331e-36 -3.71985e-28  4.76363e-35  1.41384e-27 -1.89907e-34 -4.99026e-27  6.72628e-34  1.63368e-26  -2.2923e-33 -4.95285e-26  7.30579e-33  1.38788e-25 -2.18598e-32 -3.58613e-25  6.13499e-32  8.51987e-25   -1.614e-31 -1.85466e-24  3.97678e-31  3.68372e-24 -9.16749e-31 -6.64145e-24  1.97483e-30  1.07999e-23 -3.96967e-30  -1.5713e-23  7.43387e-30  2.02406e-23  -1.2945e-29  -2.2758e-23  2.09171e-29  2.18801e-23 -3.12881e-29 -1.74055e-23  4.32091e-29  1.07661e-23  -5.4927e-29 -4.39867e-24  6.40552e-29  3.01389e-25  -6.8273e-29  1.10196e-24  6.62282e-29 -8.32552e-25 -5.81947e-29   2.1828e-25  4.60736e-29  7.12227e-26 -3.26665e-29 -7.06005e-26  2.05953e-29   1.2375e-26 -1.14503e-29  6.31172e-27  5.55664e-30 -2.70505e-27 -2.32345e-30 -1.62863e-28  8.22975e-31  2.09513e-28 -2.41237e-31 -5.15425e-30   5.6604e-32 -7.73404e-30 -1.01129e-32  2.22486e-31  1.26859e-33  1.11241e-31 -9.61102e-35 -5.55022e-34  3.03732e-36 -1.93342e-34
-1.02591e-35  1.66649e-37  8.91687e-35   1.6641e-37 -1.19892e-34  8.85429e-36  6.08319e-35  5.10215e-36  -3.9502e-34 -2.05222e-35  4.66407e-34  3.85683e-36 -3.64486e-35 -3.37814e-35  5.29191e-34 -4.98075e-36 -1.19786e-33  5.05182e-37  4.33161e-34 -8.98528e-36  -2.5251e-33  5.83243e-35  8.48317e-33  6.45213e-35 -3.82659e-33 -1.11473e-34  1.78522e-33  9.68579e-35 -9.84536e-34 -1.61418e-34  5.86607e-34   3.6943e-36  3.17052e-34  1.13832e-35  4.83157e-35 -1.63322e-35 -9.66886e-35 -1.07857e-34  7.42364e-34  9.55094e-35 -5.96079e-33 -3.64844e-35   4.2066e-32 -2.05024e-35 -2.56511e-31 -5.60387e-35  1.45524e-30  5.03008e-37 -7.66377e-30 -3.54986e-36  3.75435e-29 -1.81732e-35 -1.71127e-28  1.37363e-35  7.25593e-28 -5.55632e-35 -2.86056e-27  2.34171e-34  1.04776e-26 -8.79592e-34 -3.56178e-26  3.06801e-33  1.12218e-25 -1.01026e-32  -3.2711e-25  3.11984e-32  8.80293e-25 -9.04061e-32 -2.18135e-24  2.45651e-31  4.96149e-24 -6.25408e-31 -1.03186e-23  1.49043e-30  1.95306e-23 -3.32102e-30 -3.34504e-23  6.90971e-30  5.14694e-23 -1.34031e-29 -7.04943e-23  2.41958e-29  8.48975e-23 -4.05686e-29 -8.83738e-23  6.30327e-29  7.74715e-23 -9.05221e-29 -5.46807e-23  1.19814e-28  2.81716e-23 -1.45689e-28  -7.3231e-24  1.62162e-28 -2.93985e-24 -1.64564e-28   4.2765e-24  1.51578e-28 -1.93963e-24 -1.26092e-28  5.91147e-26  9.41996e-29  3.67191e-25 -6.27995e-29 -1.48352e-25  3.70872e-29 -1.01222e-26 -1.92344e-29   2.1006e-26  8.66742e-30 -2.71375e-27 -3.34739e-30 -1.36396e-27  1.08776e-30  2.84244e-28 -2.89839e-31  4.81613e-29  6.09799e-32 -9.93024e-30 -9.55938e-33 -8.94233e-31  1.01348e-33  9.55444e-32 -6.00964e-35  4.24848e-33  1.14703e-36
-2.90239e-39 -1.74185e-35  3.98589e-37  1.06074e-34  2.56467e-37 -1.30594e-34  6.87018e-36   4.4182e-35  1.21531e-35 -4.07158e-34 -3.27946e-35  3.64027e-34  8.03362e-36 -4.76989e-37 -4.02933e-35  5.94836e-34 -1.90804e-35 -1.05237e-33   9.6111e-36  7.27646e-34 -4.21564e-35 -3.16583e-33  6.45213e-35   9.6035e-33  6.90452e-35 -4.42138e-33 -1.38039e-34  2.06264e-33  1.26661e-34 -1.05356e-33 -1.85363e-34  5.32043e-34 -1.03089e-35  1.92789e-34  2.43828e-35  5.55476e-34  1.06941e-35 -1.18193e-33 -1.02716e-34  9.19404e-33  1.01312e-34 -6.28737e-32 -2.77069e-35  4.00144e-31 -1.64901e-35 -2.34913e-30 -6.98337e-35  1.28273e-29 -2.87959e-36 -6.51461e-29 -2.25066e-37  3.07832e-28 -3.11597e-35 -1.35328e-27  6.87215e-35  5.53297e-27 -2.79652e-34  -2.1026e-26  1.09065e-33   7.4197e-26 -3.94796e-33 -2.42839e-25  1.33927e-32   7.3599e-25 -4.27051e-32  -2.0616e-24   1.2777e-31  5.32453e-24 -3.58582e-31 -1.26429e-23  9.43274e-31  2.75029e-23 -2.32379e-30 -5.45796e-23  5.35554e-30  9.82973e-23 -1.15322e-29 -1.59627e-22   2.3168e-29  2.31834e-22 -4.33515e-29 -2.97935e-22  7.54088e-29   3.3391e-22 -1.21673e-28 -3.19535e-22  1.81658e-28  2.52337e-22 -2.50261e-28 -1.54022e-22  3.17149e-28  6.08138e-23  -3.6843e-28 -1.88765e-24  3.90826e-28 -1.72376e-23 -3.76944e-28  1.22691e-23  3.28968e-28 -2.92793e-24 -2.58406e-28 -1.22546e-24  1.81615e-28  1.06646e-24 -1.13451e-28 -1.60242e-25  6.25124e-29 -1.04497e-25 -3.01102e-29  3.99645e-26  1.25377e-29   3.5791e-27 -4.44783e-30 -3.25726e-27  1.31751e-30  1.96408e-29 -3.16488e-31  1.24158e-28  5.90009e-32 -1.93813e-30 -7.96014e-33 -1.80984e-30  6.87434e-34 -2.67758e-33 -2.89718e-35  3.11958e-33
