 4.26794e-17 -3.63858e-29 -2.69619e-15  2.11981e-27  6.52295e-14 -3.43615e-26 -9.24851e-13  3.06899e-25  8.74559e-12 -1.81191e-24 -5.80357e-11  7.42834e-24  2.72823e-10 -2.09444e-23 -8.82813e-10  3.86589e-23  1.80121e-09 -4.21627e-23 -1.84703e-09  2.17816e-23  4.49776e-10
-3.63858e-29  3.87476e-15 -1.18205e-27 -1.37438e-13  4.05125e-26   2.4906e-12 -4.48948e-25 -2.86382e-11  2.87359e-24  2.26679e-10 -1.20998e-23 -1.27037e-09  3.29639e-23  4.99477e-09 -4.91041e-23 -1.30468e-08  9.41867e-24  1.96307e-08  7.75149e-23 -1.13988e-08 -6.40368e-23
-2.69619e-15 -1.18205e-27  1.71266e-13 -1.75677e-26  -4.1666e-12  3.58505e-25   5.9406e-11 -2.34368e-24 -5.64822e-10  7.02503e-24  3.76714e-09  2.26663e-24 -1.77821e-08 -1.17644e-22  5.76495e-08  5.23472e-22 -1.17188e-07  -1.1356e-21  1.17689e-07  1.11701e-21 -2.59401e-08
 2.11981e-27 -1.37438e-13 -1.75677e-26   4.9022e-12 -1.28851e-25  -8.9336e-11   9.5029e-25  1.03295e-09  5.90473e-24 -8.21957e-09 -9.57982e-23  4.62796e-08  5.79887e-22 -1.82537e-07 -2.12467e-21  4.76589e-07  4.88751e-21 -7.09654e-07 -6.36271e-21  3.92992e-07  3.10889e-21
 6.52295e-14  4.05125e-26  -4.1666e-12 -1.28851e-25  1.01938e-10 -1.30307e-25 -1.46159e-09 -1.37013e-23  1.39727e-08  1.88944e-22 -9.36621e-08 -1.19262e-21  4.43893e-07  4.71976e-21 -1.44145e-06 -1.23756e-20   2.9171e-06  2.02906e-20 -2.86045e-06 -1.69462e-20  5.55616e-07
-3.43615e-26   2.4906e-12  3.58505e-25  -8.9336e-11 -1.30307e-25  1.63723e-09  7.14802e-24 -1.90361e-08 -1.94467e-22  1.52277e-07  1.55597e-21 -8.61317e-07 -7.10819e-21  3.40738e-06  2.14443e-20 -8.88876e-06 -4.25619e-20  1.30809e-05   4.9584e-20 -6.85387e-06 -2.25451e-20
-9.24851e-13 -4.48948e-25   5.9406e-11   9.5029e-25 -1.46159e-09  7.14802e-24  2.10735e-08  8.27136e-23 -2.02553e-07 -1.33049e-21  1.36448e-06  7.71154e-21 -6.49177e-06 -2.70429e-20  2.11099e-05  6.29941e-20 -4.25058e-05 -9.29553e-20   4.0591e-05  7.11723e-20 -6.69023e-06
 3.06899e-25 -2.86382e-11 -2.34368e-24  1.03295e-09 -1.37013e-23 -1.90361e-08  8.27136e-23  2.22541e-07  5.22456e-22 -1.78937e-06 -5.86571e-21  1.01659e-05  2.53885e-20 -4.03294e-05 -6.78392e-20   0.00010509  1.18166e-19 -0.000152737 -1.21301e-19  7.51375e-05  4.95367e-20
 8.74559e-12  2.87359e-24 -5.64822e-10  5.90473e-24  1.39727e-08 -1.94467e-22 -2.02553e-07  5.22456e-22  1.95704e-06  2.16992e-21 -1.32459e-05 -1.72044e-20  6.32511e-05  5.34778e-20 -0.000205937  -1.0091e-19  0.000412581  1.16084e-19 -0.000383354 -6.72386e-20  5.07334e-05
-1.81191e-24  2.26679e-10  7.02503e-24 -8.21957e-09  1.88944e-22  1.52277e-07 -1.33049e-21 -1.78937e-06  2.16992e-21  1.44571e-05  5.94107e-21 -8.24759e-05 -3.00302e-20   0.00032806  5.17995e-20 -0.000854106 -3.23864e-20   0.00122725 -2.45532e-20 -0.000564527  2.95594e-20
-5.80357e-11 -1.20998e-23  3.76714e-09 -9.57982e-23 -9.36621e-08  1.55597e-21  1.36448e-06 -5.86571e-21 -1.32459e-05  5.94107e-21  9.00377e-05  8.98116e-21 -0.000431406 -8.94616e-21   0.00140668  -7.3962e-20  -0.00280832  2.21155e-19   0.00254934 -2.30939e-19 -0.000249569
 7.42834e-24 -1.27037e-09  2.26663e-24  4.62796e-08 -1.19262e-21 -8.61317e-07  7.71154e-21  1.01659e-05 -1.72044e-20 -8.24759e-05  8.98116e-21  0.000472225 -2.75336e-21   -0.0018834  1.13993e-19   0.00490655  -3.8637e-19  -0.00700875  5.51465e-19   0.00304124 -2.67852e-19
 2.72823e-10  3.29639e-23 -1.77821e-08  5.79887e-22  4.43893e-07 -7.10819e-21 -6.49177e-06  2.53885e-20  6.32511e-05 -3.00302e-20 -0.000431406 -2.75336e-21   0.00207338 -5.36195e-20  -0.00677864  3.71383e-19    0.0135586 -7.62253e-19   -0.0122319  6.66405e-19  0.000792192
-2.09444e-23  4.99477e-09 -1.17644e-22 -1.82537e-07  4.71976e-21  3.40738e-06 -2.70429e-20 -4.03294e-05  5.34778e-20   0.00032806 -8.94616e-21   -0.0018834 -5.36195e-20   0.00753628 -1.52626e-19   -0.0197396  6.64122e-19    0.0285045 -9.24333e-19   -0.0122015  4.36304e-19
-8.82813e-10 -4.91041e-23  5.76495e-08 -2.12467e-21 -1.44145e-06  2.14443e-20  2.11099e-05 -6.78392e-20 -0.000205937  5.17995e-20   0.00140668  1.13993e-19  -0.00677864 -1.52626e-19    0.0223044 -2.61787e-19   -0.0453804  7.99323e-19    0.0426931 -7.38656e-19  -0.00178242
 3.86589e-23 -1.30468e-08  5.23472e-22  4.76589e-07 -1.23756e-20 -8.88876e-06  6.29941e-20   0.00010509  -1.0091e-19 -0.000854106  -7.3962e-20   0.00490655  3.71383e-19   -0.0197396 -2.61787e-19    0.0526805 -3.12911e-19   -0.0803383  6.82156e-19    0.0385602 -3.68444e-19
 1.80121e-09  9.41867e-24 -1.17188e-07  4.88751e-21   2.9171e-06 -4.25619e-20 -4.25058e-05  1.18166e-19  0.000412581 -3.23864e-20  -0.00280832  -3.8637e-19    0.0135586  6.64122e-19   -0.0453804 -3.12911e-19    0.0977648 -2.72142e-19    -0.107693  4.14118e-19   0.00590446
-4.21627e-23  1.96307e-08  -1.1356e-21 -7.09654e-07  2.02906e-20  1.30809e-05 -9.29553e-20 -0.000152737  1.16084e-19   0.00122725  2.21155e-19  -0.00700875 -7.62253e-19    0.0285045  7.99323e-19   -0.0803383 -2.72142e-19     0.143551 -1.73307e-19    -0.103645  1.66015e-19
-1.84703e-09  7.75149e-23  1.17689e-07 -6.36271e-21 -2.86045e-06   4.9584e-20   4.0591e-05 -1.21301e-19 -0.000383354 -2.45532e-20   0.00254934  5.51465e-19   -0.0122319 -9.24333e-19    0.0426931  6.82156e-19    -0.107693 -1.73307e-19     0.181551 -8.24338e-20   -0.0384223
 2.17816e-23 -1.13988e-08  1.11701e-21  3.92992e-07 -1.69462e-20 -6.85387e-06  7.11723e-20  7.51375e-05 -6.72386e-20 -0.000564527 -2.30939e-19   0.00304124  6.66405e-19   -0.0122015 -7.38656e-19    0.0385602  4.14118e-19    -0.103645 -8.24338e-20     0.239664 -3.53427e-20
 4.49776e-10 -6.40368e-23 -2.59401e-08  3.10889e-21  5.55616e-07 -2.25451e-20 -6.69023e-06  4.95367e-20  5.07334e-05  2.95594e-20 -0.000249569 -2.67852e-19  0.000792192  4.36304e-19  -0.00178242 -3.68444e-19   0.00590446  1.66015e-19   -0.0384223 -3.53427e-20     0.252296
