 1.83855e-06 -2.77398e-21 -2.15486e-05  4.96611e-20  8.76298e-05 -2.60417e-19 -0.000182088  7.17728e-19  0.000203024 -1.17256e-18 -9.88233e-05  1.13236e-18 -1.61935e-05 -5.72496e-19  3.38381e-05  7.77876e-20 -4.62256e-06  4.01125e-20 -3.41354e-06  -9.1419e-21  3.62164e-07
-2.77398e-21  3.16806e-05 -2.94089e-20 -0.000200024   3.7878e-19   0.00057699 -1.60153e-18 -0.000896847  3.63766e-18  0.000717945 -4.83383e-18 -0.000158265  3.60932e-18 -0.000162591 -1.18473e-18  9.24275e-05 -8.71351e-20  8.81785e-06  1.19763e-19 -8.73555e-06 -7.71695e-21
-2.15486e-05 -2.94089e-20  0.000255915  -1.8596e-19  -0.00106081  1.86018e-18   0.00226723  -6.4247e-18  -0.00264247  1.19611e-17    0.0014094 -1.27016e-17  0.000140685  6.99915e-18 -0.000495607 -1.10099e-18  0.000110198 -5.33566e-19  4.73084e-05  1.50842e-19 -9.00587e-06
 4.96611e-20 -0.000200024  -1.8596e-19   0.00128734 -8.46417e-19  -0.00381866  6.77718e-18   0.00619131  -1.9166e-17  -0.00532838  2.90054e-17   0.00150887 -2.40781e-17   0.00111848   9.0522e-18 -0.000857628  2.36603e-19    8.367e-06 -9.25957e-19  8.30253e-05  8.86261e-20
 8.76298e-05   3.7878e-19  -0.00106081 -8.46417e-19   0.00452147 -2.96741e-18   -0.0100689  1.92688e-17    0.0125191 -4.46038e-17  -0.00760898  5.43673e-17  3.68546e-05 -3.42577e-17   0.00260667  7.40873e-18 -0.000941872  2.14935e-18   -0.0001854 -8.69902e-19  7.65022e-05
-2.60417e-19   0.00057699  1.86018e-18  -0.00381866 -2.96741e-18    0.0117985  -8.2652e-18   -0.0203359  4.38782e-17    0.0193974 -8.30973e-17  -0.00741253  8.07202e-17  -0.00317686 -3.69532e-17    0.0038969  2.38298e-18 -0.000607505  3.12473e-18 -0.000333721 -4.21384e-19
-0.000182088 -1.60153e-18   0.00226723  6.77718e-18   -0.0100689  -8.2652e-18    0.0238127  -1.8642e-17    -0.032481  8.14881e-17    0.0235041 -1.26218e-16  -0.00368028  9.64411e-17  -0.00706873 -2.98563e-17   0.00433321 -2.66316e-18  -4.6932e-05  2.39578e-18  -0.00031034
 7.17728e-19 -0.000896847  -6.4247e-18   0.00619131  1.92688e-17   -0.0203359  -1.8642e-17    0.0383462 -3.45747e-17   -0.0422164  1.25336e-16    0.0225212 -1.58701e-16   0.00254553  9.37757e-17   -0.0101729  -1.7287e-17   0.00385901 -4.34323e-18  0.000385704   7.5784e-19
 0.000203024  3.63766e-18  -0.00264247  -1.9166e-17    0.0125191  4.38782e-17    -0.032481 -3.45747e-17    0.0507554 -5.34827e-17   -0.0461233  1.61926e-16    0.0170353  -1.6731e-16   0.00902466  7.47241e-17   -0.0117435 -6.48106e-18   0.00293886  -2.3426e-18  0.000428177
-1.17256e-18  0.000717945  1.19611e-17  -0.00532838 -4.46038e-17    0.0193974  8.14881e-17   -0.0422164 -5.34827e-17    0.0571892 -6.99355e-17   -0.0442328  1.77805e-16   0.00975859  -1.4886e-16     0.014083  4.84298e-17   -0.0119914 -1.42489e-18   0.00211337  3.32979e-19
-9.88233e-05 -4.83383e-18    0.0014094  2.90054e-17  -0.00760898 -8.30973e-17    0.0235041  1.25336e-16   -0.0461233 -6.99355e-17    0.0574368 -7.81643e-17    -0.039448  1.66602e-16   0.00322268 -1.09956e-16    0.0173579  2.32274e-17   -0.0115259 -2.64418e-19   0.00156038
 1.13236e-18 -0.000158265 -1.27016e-17   0.00150887  5.43673e-17  -0.00741253 -1.26218e-16    0.0225212  1.61926e-16   -0.0442328 -7.81643e-17    0.0544467 -7.48583e-17   -0.0349056   1.3033e-16  -0.00152052 -5.99976e-17    0.0192717  1.30612e-18   -0.0106121  1.63656e-18
-1.61935e-05  3.60932e-18  0.000140685 -2.40781e-17  3.68546e-05  8.07202e-17  -0.00368028 -1.58701e-16    0.0170353  1.77805e-16    -0.039448 -7.48583e-17     0.051581 -5.99691e-17   -0.0322662  7.53608e-17  -0.00451803 -5.29261e-18    0.0200214 -1.82714e-17  -0.00817733
-5.72496e-19 -0.000162591  6.99915e-18   0.00111848 -3.42577e-17  -0.00317686  9.64411e-17   0.00254553  -1.6731e-16   0.00975859  1.66602e-16   -0.0349056 -5.99691e-17    0.0507587 -3.55074e-17   -0.0319532  8.03119e-18  -0.00573148  5.03578e-17     0.018158 -3.14138e-17
 3.38381e-05 -1.18473e-18 -0.000495607   9.0522e-18   0.00260667 -3.69532e-17  -0.00706873  9.37757e-17   0.00902466  -1.4886e-16   0.00322268   1.3033e-16   -0.0322662 -3.55074e-17    0.0526415 -4.19794e-18   -0.0344439 -6.45193e-17  -0.00324784  9.22223e-17    0.0104884
 7.77876e-20  9.24275e-05 -1.10099e-18 -0.000857628  7.40873e-18    0.0038969 -2.98563e-17   -0.0101729  7.47241e-17     0.014083 -1.09956e-16  -0.00152052  7.53608e-17   -0.0319532 -4.19794e-18     0.057967  3.13105e-17   -0.0423268  -1.3068e-16   0.00710775  1.01219e-16
-4.62256e-06 -8.71351e-20  0.000110198  2.36603e-19 -0.000941872  2.38298e-18   0.00433321  -1.7287e-17   -0.0117435  4.84298e-17    0.0173579 -5.99976e-17  -0.00451803  8.03119e-18   -0.0344439  3.13105e-17    0.0697168  6.20812e-17   -0.0609343 -1.50687e-16    0.0210128
 4.01125e-20  8.81785e-06 -5.33566e-19    8.367e-06  2.14935e-18 -0.000607505 -2.66316e-18   0.00385901 -6.48106e-18   -0.0119914  2.32274e-17    0.0192717 -5.29261e-18  -0.00573148 -6.45193e-17   -0.0423268  6.20812e-17    0.0938584  8.71515e-17   -0.0860054 -1.39566e-16
-3.41354e-06  1.19763e-19  4.73084e-05 -9.25957e-19   -0.0001854  3.12473e-18  -4.6932e-05 -4.34323e-18   0.00293886 -1.42489e-18   -0.0115259  1.30612e-18    0.0200214  5.03578e-17  -0.00324784  -1.3068e-16   -0.0609343  8.71515e-17     0.126431  5.42366e-17   -0.0821207
 -9.1419e-21 -8.73555e-06  1.50842e-19  8.30253e-05 -8.69902e-19 -0.000333721  2.39578e-18  0.000385704  -2.3426e-18   0.00211337 -2.64418e-19   -0.0106121 -1.82714e-17     0.018158  9.22223e-17   0.00710775 -1.50687e-16   -0.0860054  5.42366e-17     0.129666  8.69454e-17
 3.62164e-07 -7.71695e-21 -9.00587e-06  8.86261e-20  7.65022e-05 -4.21384e-19  -0.00031034   7.5784e-19  0.000428177  3.32979e-19   0.00156038  1.63656e-18  -0.00817733 -3.14138e-17    0.0104884  1.01219e-16    0.0210128 -1.39566e-16   -0.0821207  8.69454e-17    0.0674967
