   0.0863574  7.19997e-17   -0.0445324 -5.06329e-17   -0.0273992 -2.30581e-17  -0.00987669 -1.14169e-17  -0.00272105   3.4271e-18 -0.000608147  2.96246e-18 -0.000110041   9.0156e-19  -1.5382e-05  1.50309e-19 -1.51783e-06  1.41131e-20 -8.98869e-08  6.18455e-22  -2.0396e-09
 7.19997e-17     0.159857  7.66832e-17  -0.00858577 -4.54023e-18   -0.0273688 -3.93452e-17   -0.0139063 -6.35354e-18  -0.00450723  5.48637e-18  -0.00105319  2.97313e-18 -0.000178705  6.99775e-19 -2.11151e-05  9.03796e-20 -1.57871e-06  6.10498e-21 -5.94242e-08  1.45717e-22
  -0.0445324  7.66832e-17     0.157528  8.62059e-17    0.0376544  5.52154e-18  -0.00522262 -1.78513e-17  -0.00671736  3.08002e-18   -0.0025188  5.47972e-18 -0.000570119  1.91841e-18 -8.39134e-05  3.39713e-19 -7.74722e-06  3.27092e-20 -3.91955e-07  1.45841e-21 -6.95419e-09
-5.06329e-17  -0.00858577  8.62059e-17     0.134193  8.16055e-17    0.0661279  1.81336e-17    0.0183115  6.26689e-18   0.00347955   8.4619e-18  0.000533859   4.0082e-18  8.38023e-05  9.42156e-19  1.32616e-05  1.22819e-19  1.51622e-06  8.37622e-21  8.64594e-08  2.02295e-22
  -0.0273992 -4.54023e-18    0.0376544  8.16055e-17     0.121761  7.23448e-17    0.0771214  3.35691e-17    0.0303721  1.78075e-17   0.00877508   8.1358e-18   0.00192192  2.28218e-18  0.000310353  3.78539e-19  3.42838e-05   3.5655e-20  2.23042e-06  1.58417e-21  5.50713e-08
-2.30581e-17   -0.0273688  5.52154e-18    0.0661279  7.23448e-17     0.111769  6.73223e-17    0.0719635   3.8235e-17      0.02908  1.68439e-17   0.00819846  5.20541e-18   0.00163561  1.03591e-18  0.000223306  1.25769e-19  1.91104e-05  8.32095e-21  8.21512e-07  1.99144e-22
 -0.00987669 -3.93452e-17  -0.00522262  1.81336e-17    0.0771214  6.73223e-17    0.0932884  5.82068e-17    0.0544807   3.0148e-17    0.0201368   1.0588e-17   0.00505131  2.48426e-18    0.0008617  3.74199e-19  9.53289e-05  3.35372e-20  6.01779e-06  1.45512e-21  1.41799e-07
-1.14169e-17   -0.0139063 -1.78513e-17    0.0183115  3.35691e-17    0.0719635  5.82068e-17    0.0664716  4.11744e-17     0.033334  1.76448e-17    0.0106851  4.96552e-18   0.00228589  9.16731e-19  0.000321814   1.0617e-19  2.76851e-05   6.8356e-21  1.17743e-06  1.61256e-22
 -0.00272105 -6.35354e-18  -0.00671736  6.26689e-18    0.0303721   3.8235e-17    0.0544807  4.11744e-17    0.0392437  2.29688e-17    0.0164528  7.97705e-18   0.00444529  1.80904e-18  0.000789527  2.64498e-19  8.89255e-05  2.32206e-20  5.63205e-06   9.9428e-22  1.31899e-07
  3.4271e-18  -0.00450723  3.08002e-18   0.00347955  1.78075e-17      0.02908   3.0148e-17     0.033334  2.29688e-17    0.0189484  1.01358e-17   0.00655212  2.84884e-18   0.00146535  5.20282e-19  0.000211264   5.9607e-20  1.83605e-05  3.80508e-21  7.81793e-07   8.9187e-23
-0.000608147  5.48637e-18   -0.0025188   8.4619e-18   0.00877508  1.68439e-17    0.0201368  1.76448e-17    0.0164528  1.01358e-17    0.0074438  3.57415e-18    0.0021062  8.12866e-19  0.000384214  1.18587e-19  4.38801e-05  1.03745e-20  2.79412e-06  4.42608e-22  6.54204e-08
 2.96246e-18  -0.00105319  5.47972e-18  0.000533859   8.1358e-18   0.00819846   1.0588e-17    0.0106851  7.97705e-18   0.00655212  3.57415e-18   0.00237383  1.01438e-18  0.000546039  1.85941e-19    7.999e-05  2.13132e-20  7.00668e-06  1.35914e-21  2.99091e-07  3.17979e-23
-0.000110041  2.97313e-18 -0.000570119   4.0082e-18   0.00192192  5.20541e-18   0.00505131  4.96552e-18   0.00444529  2.84884e-18    0.0021062  1.01438e-18  0.000613194   2.3223e-19  0.000113777  3.39858e-20   1.3116e-05  2.97598e-21  8.38718e-07  1.26916e-22  1.96537e-08
  9.0156e-19 -0.000178705  1.91841e-18  8.38023e-05  2.28218e-18   0.00163561  2.48426e-18   0.00228589  1.80904e-18   0.00146535  8.12866e-19  0.000546039   2.3223e-19  0.000127796  4.27574e-20  1.89113e-05  4.91177e-21  1.66532e-06  3.13438e-22  7.12345e-08  7.33075e-24
 -1.5382e-05  6.99775e-19 -8.39134e-05  9.42156e-19  0.000310353  1.03591e-18    0.0008617  9.16731e-19  0.000789527  5.20282e-19  0.000384214  1.85941e-19  0.000113777  4.27574e-20  2.13308e-05   6.2749e-21  2.47347e-06   5.5021e-22  1.58623e-07  2.34729e-23  3.72025e-09
 1.50309e-19 -2.11151e-05  3.39713e-19  1.32616e-05  3.78539e-19  0.000223306  3.74199e-19  0.000321814  2.64498e-19  0.000211264  1.18587e-19    7.999e-05  3.39858e-20  1.89113e-05   6.2749e-21   2.8155e-06   7.2204e-22  2.48754e-07  4.61109e-23  1.06561e-08  1.07857e-24
-1.51783e-06  9.03796e-20 -7.74722e-06  1.22819e-19  3.42838e-05  1.25769e-19  9.53289e-05   1.0617e-19  8.89255e-05   5.9607e-20  4.38801e-05  2.13132e-20   1.3116e-05  4.91177e-21  2.47347e-06   7.2204e-22  2.87809e-07  6.33716e-23  1.84905e-08   2.7046e-24  4.33966e-10
 1.41131e-20 -1.57871e-06  3.27092e-20  1.51622e-06   3.5655e-20  1.91104e-05  3.35372e-20  2.76851e-05  2.32206e-20  1.83605e-05  1.03745e-20  7.00668e-06  2.97598e-21  1.66532e-06   5.5021e-22  2.48754e-07  6.33716e-23  2.20198e-08  4.04916e-24  9.44191e-10  9.47331e-26
-8.98869e-08  6.10498e-21 -3.91955e-07  8.37622e-21  2.23042e-06  8.32095e-21  6.01779e-06   6.8356e-21  5.63205e-06  3.80508e-21  2.79412e-06  1.35914e-21  8.38718e-07  3.13438e-22  1.58623e-07  4.61109e-23  1.84905e-08  4.04916e-24  1.18917e-09  1.72866e-25  2.79241e-11
 6.18455e-22 -5.94242e-08  1.45841e-21  8.64594e-08  1.58417e-21  8.21512e-07  1.45512e-21  1.17743e-06   9.9428e-22  7.81793e-07  4.42608e-22  2.99091e-07  1.26916e-22  7.12345e-08  2.34729e-23  1.06561e-08   2.7046e-24  9.44191e-10  1.72866e-25    4.051e-11  4.04536e-27
 -2.0396e-09  1.45717e-22 -6.95419e-09  2.02295e-22  5.50713e-08  1.99144e-22  1.41799e-07  1.61256e-22  1.31899e-07   8.9187e-23  6.54204e-08  3.17979e-23  1.96537e-08  7.33075e-24  3.72025e-09  1.07857e-24  4.33966e-10  9.47331e-26  2.79241e-11  4.04536e-27  6.55975e-13
