    0.289816  8.14721e-16    0.0630093  7.34384e-16    0.0186245  5.19217e-16   0.00646713  1.44337e-16   0.00195934  2.90671e-18  0.000438618 -8.57639e-18  6.91587e-05 -2.49146e-18  7.49893e-06  -3.3413e-19  5.32022e-07 -2.44135e-20  2.17874e-08 -1.20875e-21  3.37811e-10
 8.14721e-16     0.249872  1.56074e-15     0.118972  1.33273e-15    0.0459572  6.09882e-16    0.0139273  1.17817e-16    0.0031587 -5.33405e-18  0.000523405  -7.4922e-18  6.21773e-05  -1.6031e-18  5.09994e-06 -1.67417e-19  2.65457e-07 -1.03876e-20  7.05519e-09 -4.22263e-22
   0.0630093  1.56074e-15      0.18453  1.97311e-15     0.106899  1.24618e-15     0.039963  3.96832e-16    0.0104841  4.43055e-17   0.00197596 -9.79475e-18  0.000268804 -4.22312e-18  2.59073e-05 -6.44369e-19  1.67494e-06 -5.26178e-20  6.37211e-08 -2.95449e-21  9.31399e-10
 7.34384e-16     0.118972  1.97311e-15     0.136361  1.69496e-15    0.0690683  7.58393e-16    0.0220812  1.62863e-16   0.00488328  2.88156e-18  0.000773417 -6.84941e-18   8.7812e-05 -1.64388e-18    6.922e-06 -1.83288e-19  3.48475e-07 -1.27306e-20  9.00996e-09  -5.6665e-22
   0.0186245  1.33273e-15     0.106899  1.69496e-15    0.0820325  1.01499e-15    0.0333917  3.19373e-16   0.00885666  3.95158e-17   0.00164934 -5.90042e-18  0.000220545 -2.94569e-18  2.09051e-05  -4.6601e-19  1.33219e-06 -4.07314e-20  5.00807e-08 -2.59277e-21  7.25016e-10
 5.19217e-16    0.0459572  1.24618e-15    0.0690683  1.01499e-15    0.0381472  4.33137e-16    0.0124495  9.10088e-17   0.00275473  1.68577e-18  0.000434163 -3.72256e-18  4.90164e-05 -8.94296e-19  3.84496e-06 -1.02324e-19   1.9284e-07 -7.88111e-21  4.97288e-09 -3.82964e-22
  0.00646713  6.09882e-16     0.039963  7.58393e-16    0.0333917  4.33137e-16    0.0139108   1.2955e-16   0.00371104  1.40321e-17  0.000691784 -3.10854e-18  9.25053e-05 -1.32705e-18  8.77041e-06 -2.05767e-19  5.59326e-07 -1.89723e-20  2.10549e-08 -1.34782e-21  3.05384e-10
 1.44337e-16    0.0139273  3.96832e-16    0.0220812  3.19373e-16    0.0124495   1.2955e-16   0.00409244  2.37462e-17  0.000908951 -1.25569e-18  0.000143693 -1.56409e-18  1.62736e-05 -3.36481e-19  1.28092e-06  -3.8328e-20  6.44828e-08 -3.21817e-21  1.66951e-09 -1.65771e-22
  0.00195934  1.17817e-16    0.0104841  1.62863e-16   0.00885666  9.10088e-17   0.00371104  2.37462e-17  0.000994533  4.07278e-19  0.000186237 -1.54354e-18   2.5023e-05 -4.58286e-19  2.38437e-06 -6.59362e-20  1.52855e-07  -6.2719e-21   5.7847e-09  -4.7972e-22  8.43563e-11
 2.90671e-18    0.0031587  4.43055e-17   0.00488328  3.95158e-17   0.00275473  1.40321e-17  0.000908951  4.07278e-19  0.000202894   -1.429e-18  3.22561e-05 -5.39371e-19  3.67497e-06 -9.71974e-20   2.9104e-07 -1.06956e-20  1.47422e-08 -9.47435e-22  3.84055e-10 -4.99516e-23
 0.000438618 -5.33405e-18   0.00197596  2.88156e-18   0.00164934  1.68577e-18  0.000691784 -1.25569e-18  0.000186237   -1.429e-18  3.50813e-05 -5.74602e-19  4.74415e-06 -1.24173e-19  4.55092e-07 -1.61568e-20   2.9372e-08 -1.54598e-21  1.11904e-09 -1.22453e-22  1.64268e-11
-8.57639e-18  0.000523405 -9.79475e-18  0.000773417 -5.90042e-18  0.000434163 -3.10854e-18  0.000143693 -1.54354e-18  3.22561e-05 -5.74602e-19  5.16218e-06 -1.39577e-19  5.92262e-07 -2.14229e-20  4.72378e-08 -2.25053e-21  2.40968e-09 -2.04232e-22  6.32117e-11 -1.07487e-23
 6.91587e-05  -7.4922e-18  0.000268804 -6.84941e-18  0.000220545 -3.72256e-18  9.25053e-05 -1.56409e-18   2.5023e-05 -5.39371e-19  4.74415e-06 -1.39577e-19  6.46133e-07 -2.47136e-20  6.24342e-08 -2.94791e-21  4.05889e-09 -2.80717e-22  1.55747e-10 -2.24749e-23  2.30228e-12
-2.49146e-18  6.21773e-05 -4.22312e-18   8.7812e-05 -2.94569e-18  4.90164e-05 -1.32705e-18  1.62736e-05 -4.58286e-19  3.67497e-06 -1.24173e-19  5.92262e-07 -2.47136e-20  6.84509e-08 -3.40257e-21  5.49994e-09 -3.45021e-22  2.82609e-10 -3.16715e-23  7.46644e-12 -1.64317e-24
 7.49893e-06  -1.6031e-18  2.59073e-05 -1.64388e-18  2.09051e-05 -8.94296e-19  8.77041e-06 -3.36481e-19  2.38437e-06 -9.71974e-20  4.55092e-07 -2.14229e-20  6.24342e-08 -3.40257e-21  6.07773e-09  -3.8472e-22  3.98032e-10 -3.65922e-23  1.53836e-11 -2.91588e-24  2.29002e-13
 -3.3413e-19  5.09994e-06 -6.44369e-19    6.922e-06  -4.6601e-19  3.84496e-06 -2.05767e-19  1.28092e-06 -6.59362e-20   2.9104e-07 -1.61568e-20  4.72378e-08 -2.94791e-21  5.49994e-09  -3.8472e-22  4.45182e-10 -3.84283e-23  2.30416e-11 -3.49458e-24  6.13066e-13 -1.74584e-25
 5.32022e-07 -1.67417e-19  1.67494e-06 -1.83288e-19  1.33219e-06 -1.02324e-19  5.59326e-07  -3.8328e-20  1.52855e-07 -1.06956e-20   2.9372e-08 -2.25053e-21  4.05889e-09 -3.45021e-22  3.98032e-10 -3.84283e-23  2.62572e-11 -3.56481e-24  1.02203e-12 -2.65249e-25  1.53192e-14
-2.44135e-20  2.65457e-07 -5.26178e-20  3.48475e-07 -4.07314e-20   1.9284e-07 -1.89723e-20  6.44828e-08  -6.2719e-21  1.47422e-08 -1.54598e-21  2.40968e-09 -2.80717e-22  2.82609e-10 -3.65922e-23  2.30416e-11 -3.56481e-24  1.20108e-12 -2.88186e-25  3.21783e-14 -1.25681e-26
 2.17874e-08 -1.03876e-20  6.37211e-08 -1.27306e-20  5.00807e-08 -7.88111e-21  2.10549e-08 -3.21817e-21   5.7847e-09 -9.47435e-22  1.11904e-09 -2.04232e-22  1.55747e-10 -3.16715e-23  1.53836e-11 -3.49458e-24  1.02203e-12 -2.88186e-25  4.00575e-14 -1.70077e-26  6.04456e-16
-1.20875e-21  7.05519e-09 -2.95449e-21  9.00996e-09 -2.59277e-21  4.97288e-09 -1.34782e-21  1.66951e-09  -4.7972e-22  3.84055e-10 -1.22453e-22  6.32117e-11 -2.24749e-23  7.46644e-12 -2.91588e-24  6.13066e-13 -2.65249e-25  3.21783e-14 -1.70077e-26  8.67891e-16  -5.5543e-28
 3.37811e-10 -4.22263e-22  9.31399e-10  -5.6665e-22  7.25016e-10 -3.82964e-22  3.05384e-10 -1.65771e-22  8.43563e-11 -4.99516e-23  1.64268e-11 -1.07487e-23  2.30228e-12 -1.64317e-24  2.29002e-13 -1.74584e-25  1.53192e-14 -1.25681e-26  6.04456e-16  -5.5543e-28  9.18045e-18
