 4.22581e-08  1.76102e-22 -5.19919e-07 -4.14633e-21   2.2158e-06  2.80558e-20 -4.83397e-06 -1.04236e-19  5.70369e-06  2.57759e-19 -3.03669e-06 -4.63728e-19 -3.03266e-07  6.32735e-19  8.85024e-07 -6.61218e-19  8.12188e-08  5.22687e-19 -2.23472e-07 -3.09202e-19 -7.34681e-08  1.50416e-19  3.28113e-08  -8.8574e-20   3.0352e-08  6.99839e-20  5.45259e-09 -4.47512e-20 -4.26983e-09  1.57393e-20 -3.35834e-09  6.97725e-22 -9.10314e-10 -4.81114e-21  1.62187e-10  3.37378e-21  2.65951e-10 -6.19891e-22  1.26033e-10 -8.05678e-22  2.88951e-11  5.29356e-22 -3.29138e-12  1.74012e-23 -6.40845e-12 -1.18677e-22 -3.33817e-12  4.01293e-23 -1.10033e-12  1.33638e-24 -2.17031e-13 -6.60707e-24  6.34066e-15  1.42525e-24  2.77702e-14  1.45585e-24   1.4744e-14 -6.49233e-25  5.31477e-15 -8.27427e-26  1.49122e-15  4.06844e-26  3.27486e-16  1.97284e-26  4.98312e-17  5.45525e-27  1.18476e-18 -5.69987e-27 -2.61604e-18 -2.05391e-27 -1.23251e-18  5.24469e-29 -3.88316e-19   4.0891e-28 -9.98114e-20  1.65319e-28 -2.21919e-20 -3.58187e-29 -4.37202e-21 -2.45407e-29 -7.71162e-22  4.67111e-30 -1.22112e-22  3.56726e-30 -1.72959e-23 -9.28994e-32 -2.16611e-24 -2.98078e-31 -2.33654e-25 -3.41406e-32 -2.03449e-26  6.25883e-33 -1.12977e-27  2.00605e-34  3.39725e-29 -3.99284e-34  2.12559e-29  1.11538e-34  3.81924e-30  1.04993e-34   4.9926e-31  1.89183e-35  5.36956e-32 -3.43522e-36   4.9366e-33 -1.94144e-36  3.93182e-34 -2.41207e-37  2.71937e-35  2.17336e-38  1.62603e-36  9.11903e-39  8.31602e-38  7.71773e-40  3.57704e-39 -4.23403e-41  1.26651e-40 -1.34988e-41  3.63453e-42 -1.12913e-42  8.37711e-44  -4.3415e-44  1.49931e-45 -5.68446e-46  1.69024e-47  5.18245e-48
 1.76102e-22   7.7996e-07  2.47163e-21 -5.37731e-06  -4.0042e-20  1.69973e-05  2.15542e-19 -2.92813e-05 -6.77283e-19  2.68795e-05  1.46717e-18 -8.75611e-06 -2.36478e-18 -4.66422e-06  2.92752e-18  2.99711e-06 -2.78166e-18  1.40257e-06  1.97926e-18 -5.74848e-07 -1.03436e-18 -5.15386e-07  4.57874e-19 -2.74129e-08  -2.9145e-19  1.15432e-07  2.44248e-19  5.80595e-08   -1.461e-19  2.00366e-09  4.40665e-20   -1.164e-08  5.61678e-21 -6.75714e-09 -1.65022e-20  -1.4881e-09   1.1225e-20   4.2424e-10 -1.55662e-21  5.19409e-10 -2.97444e-21  2.37015e-10  1.62653e-21  5.78751e-11  1.40185e-22 -1.54975e-12 -3.49025e-22  -9.2578e-12  1.05242e-22 -5.27424e-12  7.08942e-24 -1.91554e-12 -2.28488e-23 -4.80816e-13  4.93837e-24 -6.12384e-14  4.53317e-24  1.52046e-14  -1.6416e-24  1.39818e-14 -4.25805e-25  6.00376e-15  8.32259e-26  1.92966e-15  9.97888e-26  5.06341e-16  2.26533e-26  1.10009e-16 -1.95687e-26   1.9039e-17 -9.76377e-27  2.17708e-18 -4.83304e-28 -5.55665e-20  1.76485e-27 -1.23004e-19  6.42997e-28 -4.49344e-20  -1.3296e-28 -1.18181e-20 -7.83189e-29 -2.59402e-21  1.73788e-29  -4.9891e-22   1.1328e-29 -8.59339e-23 -2.43892e-31 -1.34043e-23 -8.62158e-31 -1.90474e-24 -1.14058e-31 -2.47295e-25  6.51897e-33 -2.93644e-26 -2.46532e-33 -3.18777e-27 -9.88331e-34 -3.15912e-28  7.69442e-34 -2.85098e-29  4.49575e-34 -2.33517e-30  6.65819e-35 -1.72863e-31 -1.33621e-35 -1.15051e-32 -6.33179e-36 -6.84204e-34 -6.93143e-37  -3.6074e-35  6.70912e-38 -1.67027e-36  2.41043e-38  -6.7233e-38  1.79525e-39 -2.32408e-39 -1.20527e-40 -6.65355e-41 -3.20496e-41  -1.3659e-42 -2.52487e-42 -9.31991e-45 -9.44466e-44   4.2037e-46 -1.35291e-45  7.61446e-48
-5.19919e-07  2.47163e-21   7.0196e-06   1.9463e-20 -3.31838e-05 -2.37482e-19  8.17203e-05  1.05238e-18 -0.000112748 -2.84943e-18  7.85606e-05  5.47581e-18 -8.60085e-06 -7.98274e-18 -2.04139e-05  9.02822e-18  3.84266e-06 -7.82336e-18  5.99352e-06  4.99012e-18  1.04183e-07 -2.26768e-18 -1.55557e-06  9.18035e-19 -5.77812e-07 -6.71994e-19  1.46501e-07  5.87241e-19  2.05163e-07 -3.22045e-19  6.86599e-08  8.37299e-20 -8.74514e-09  1.60305e-20 -1.92588e-08 -3.84362e-20 -9.26232e-09  2.64659e-20 -1.75448e-09  -2.5224e-21  6.31077e-10 -7.40364e-21  6.79769e-10  3.35327e-21  3.08171e-10  4.50825e-22  8.22607e-11 -6.82432e-22  5.23936e-12  2.04426e-22 -7.90684e-12  1.36197e-23 -5.28415e-12 -5.47542e-23 -2.11923e-12  1.12582e-23 -6.22609e-13  1.02865e-23 -1.30207e-13 -2.87278e-24 -1.20935e-14  -1.3361e-24  4.83042e-15   9.3238e-26  3.38783e-15  3.06235e-25  1.30401e-15  7.55929e-26  3.89848e-16 -4.80031e-26  9.79445e-17 -3.10943e-26  2.12085e-17  -2.5934e-27  3.96276e-18  4.99775e-27    6.242e-19  1.66991e-27   7.6539e-20  -3.3498e-28  4.98559e-21 -1.69372e-28  -7.6643e-22  4.53381e-29 -3.89281e-22  2.55397e-29  -9.8672e-23 -2.70184e-31 -1.94503e-23 -1.72215e-30 -3.26833e-24 -2.80171e-31  -4.8443e-25 -2.53613e-32 -6.43294e-26 -1.57891e-32 -7.71074e-27 -1.53477e-33 -8.36821e-28  2.91625e-33 -8.22522e-29    1.312e-33 -7.30906e-30  1.66672e-34 -5.85054e-31 -3.31117e-35 -4.19533e-32  -1.3736e-35 -2.67478e-33 -1.29162e-36 -1.50087e-34  1.50841e-37 -7.31343e-36  4.44175e-38 -3.04162e-37  2.80546e-39 -1.05417e-38 -2.42301e-40 -2.92067e-40 -5.27026e-41 -5.90011e-42 -3.76147e-42 -6.68848e-44 -1.23747e-43 -7.23264e-48 -1.26957e-45
-4.14633e-21 -5.37731e-06   1.9463e-20  4.10696e-05  1.05187e-19 -0.000145684 -1.01806e-18  0.000288066  3.80472e-18 -0.000319515 -9.00883e-18  0.000159244  1.55273e-17  2.56772e-05 -2.06574e-17 -5.21487e-05   2.1484e-17 -6.18479e-06 -1.70122e-17  1.41055e-05  9.64984e-18  4.78367e-06 -3.70485e-18 -2.32965e-06  1.38885e-18 -2.10673e-06 -1.26196e-18 -3.18633e-07  1.11566e-18  3.56142e-07 -5.49639e-19  2.55094e-07  1.28542e-19  5.87831e-08  2.57562e-20  -2.0795e-08 -7.16243e-20 -2.38691e-08  5.12305e-20 -1.01718e-08 -2.62506e-21 -1.79601e-09 -1.43876e-20   6.5065e-10  5.29903e-21  6.84446e-10  9.18393e-22   3.1599e-10 -1.01354e-21  9.28456e-11  3.55725e-22  1.32687e-11  1.13496e-23 -3.71546e-12 -1.06388e-22  -3.6617e-12  2.00381e-23 -1.66286e-12  1.96309e-23 -5.50898e-13 -4.15431e-24 -1.42602e-13 -3.25392e-24 -2.76842e-14 -8.62104e-27 -2.91069e-15  7.26636e-25  5.37976e-16  2.10186e-25  4.36491e-16 -9.68408e-26  1.63518e-16 -7.65533e-26  4.68796e-17 -7.42831e-27  1.13566e-17  1.09302e-26  2.41032e-18  3.34095e-27  4.55196e-19 -6.79023e-28  7.69152e-20 -2.86793e-28  1.16095e-20   9.6086e-29  1.55053e-21  4.77115e-29  1.79085e-22  4.54145e-31   1.6914e-23  -2.7207e-30  1.08234e-24 -6.04292e-31 -9.51805e-27 -1.50376e-31 -1.71415e-26 -5.50983e-32 -3.45424e-27 -1.20072e-33 -4.89008e-28  7.96854e-33 -5.65077e-29  3.00627e-33  -5.5742e-30  3.42057e-34 -4.77047e-31 -6.04068e-35 -3.55672e-32 -2.25519e-35 -2.30385e-33 -1.69171e-36 -1.28618e-34  2.89541e-37 -6.10912e-36  6.67708e-38 -2.42468e-37  3.42691e-39  -7.8254e-39 -3.83492e-40   -1.946e-40 -6.79301e-41 -3.22776e-42 -4.18627e-42 -1.94272e-44  -1.0671e-43  1.99516e-46
  2.2158e-06  -4.0042e-20 -3.31838e-05  1.05187e-19  0.000175729  4.26792e-19 -0.000492493 -3.38816e-18  0.000796743  1.08718e-17 -0.000705446 -2.27865e-17  0.000216335  3.55783e-17  0.000137753 -4.35788e-17 -8.56859e-05  4.19517e-17 -4.20679e-05 -3.03841e-17  1.87819e-05  1.51117e-17  1.63606e-05 -4.62963e-18  1.86461e-07  1.66388e-18 -4.22309e-06 -2.05505e-18 -1.91653e-06  1.76079e-18  9.43823e-08 -7.61876e-19  4.95385e-07  1.80193e-19  2.51087e-07  1.84338e-20  3.83176e-08 -1.15819e-19 -2.81255e-08  8.60091e-20 -2.41871e-08 -3.50743e-22 -9.59243e-09 -2.30666e-20 -1.73146e-09  6.66992e-21  4.81375e-10  1.28062e-21  5.53572e-10 -1.19364e-21  2.66091e-10  5.96038e-22  8.57048e-11 -8.38048e-24  1.76614e-11 -1.77898e-22  4.15603e-13  3.10352e-23 -1.62063e-12  3.35197e-23 -9.25199e-13 -5.65801e-24 -3.46157e-13 -6.83162e-24  -1.0208e-13 -3.79061e-25 -2.47182e-14  1.46114e-24 -4.83768e-15  4.92228e-25 -6.84863e-16 -1.69436e-25 -2.85903e-17 -1.54851e-25  2.29408e-17 -1.53504e-26  1.05488e-17  1.97852e-26  3.09168e-18  5.42971e-27  7.33938e-19 -1.20257e-27  1.50786e-19  -4.0558e-28   2.7562e-20  1.75434e-28  4.54424e-21  7.92583e-29  6.80704e-22  3.23809e-30  9.29834e-23 -3.57654e-30  1.15993e-23  -1.2446e-30  1.32124e-24 -4.77368e-31  1.37233e-25 -1.43007e-31  1.29661e-26  1.38016e-33  1.11055e-27  1.73413e-32  8.58492e-29  5.73504e-33  5.95728e-30  6.08803e-34  3.68684e-31 -8.41216e-35  2.01934e-32 -2.88319e-35  9.70127e-34 -1.34492e-36   4.0445e-35  4.99778e-37  1.43977e-36  8.79251e-38  4.24264e-38  3.53197e-39  9.82675e-40 -4.93912e-40  1.86597e-41 -7.10227e-41  4.82285e-43 -3.54419e-42  1.46817e-44 -5.56895e-44
 2.80558e-20  1.69973e-05 -2.37482e-19 -0.000145684  4.26792e-19  0.000586621  1.36814e-18  -0.00134278 -9.11781e-18   0.00179656  2.54678e-17  -0.00124192 -4.77399e-17  0.000125675  6.81744e-17    0.0003535 -7.75964e-17 -7.46288e-05  6.96258e-17  -0.00011066 -4.61069e-17  3.15549e-06  1.96178e-17  3.24282e-05 -4.18607e-18   1.0254e-05  1.61613e-18 -4.46721e-06 -2.99876e-18 -4.66854e-06   2.3533e-18 -1.23428e-06 -8.67356e-19  4.38663e-07  2.58782e-19  5.22156e-07 -2.69049e-20  2.09522e-07 -1.71578e-19  1.91402e-08  1.27985e-19 -2.85369e-08   6.2543e-21 -2.09534e-08 -3.11395e-20 -8.04135e-09  6.62202e-21 -1.59642e-09   1.0482e-21  2.27191e-10 -1.12599e-21  3.60397e-10  9.58299e-22  1.85339e-10 -4.69968e-23   6.5004e-11 -2.62418e-22  1.65265e-11  4.72427e-23  2.52681e-12  5.34737e-23 -1.97387e-13 -8.15151e-24 -3.24504e-13 -1.30506e-23 -1.49571e-13 -1.30863e-24 -4.98229e-14  2.59076e-24 -1.36161e-14  9.85702e-25 -3.17188e-15 -2.63907e-25  -6.3414e-16  -2.6604e-25 -1.06752e-16 -2.46984e-26  -1.4082e-17   3.0832e-26 -1.04696e-18  7.30275e-27  1.27529e-19 -1.95896e-27  7.62511e-20 -5.02329e-28  2.07252e-20  2.85048e-28  4.32805e-21  1.22446e-28  7.67443e-22   1.0183e-29  1.19848e-22 -4.06109e-30  1.67606e-23 -2.52149e-30  2.11622e-24 -1.16615e-30  2.42118e-25 -3.05939e-31  2.51221e-26  7.16731e-33  2.36111e-27  3.15283e-32  2.00411e-28  9.40106e-33  1.52912e-29  9.66399e-34   1.0419e-30 -8.57789e-35  6.28439e-32 -2.75204e-35   3.3165e-33  2.45941e-37  1.50751e-34  7.81445e-37  5.77172e-36  1.05177e-37  1.79979e-37  3.25179e-39  4.35006e-39 -5.25108e-40  7.72131e-41 -6.04152e-41  1.02057e-42 -2.20751e-42   9.1278e-45
-4.83397e-06  2.15542e-19  8.17203e-05 -1.01806e-18 -0.000492493  1.36814e-18   0.00159193  3.57955e-18  -0.00304512 -2.03642e-17   0.00338293  5.00497e-17  -0.00173782  -8.4666e-17 -0.000272307  1.11653e-16  0.000628762 -1.19319e-16  4.89359e-05  1.00581e-16 -0.000190356 -6.07867e-17 -5.21058e-05  2.11609e-17  4.03314e-05 -1.84491e-18  2.92323e-05  1.32812e-18  1.47258e-06 -3.99496e-18 -6.88346e-06  2.65684e-18 -3.89518e-06  -7.8862e-19 -4.91253e-07  4.01789e-19  5.99254e-07  -1.2312e-19  4.58954e-07 -2.41448e-19  1.55576e-07  1.69596e-19  7.40246e-09  1.89204e-20 -2.35444e-08 -3.51942e-20 -1.58694e-08  4.75503e-21 -6.07489e-09 -3.03949e-22 -1.37213e-09 -8.50856e-22  8.46858e-12  1.42354e-21  1.81454e-10  -1.0472e-22  1.05156e-10 -3.44666e-22  4.01427e-11  7.88148e-23  1.16859e-11  8.27434e-23  2.57698e-12 -1.27787e-23  3.51113e-13 -2.32249e-23 -2.35755e-14  -3.2471e-24 -3.64268e-14  4.11455e-24 -1.55073e-14  1.71122e-24 -4.81659e-15 -3.71865e-25 -1.24369e-15 -3.95647e-25 -2.78939e-16 -3.09399e-26 -5.53322e-17  4.24935e-26 -9.76692e-18   8.0465e-27  -1.5302e-18 -3.02506e-27 -2.10099e-19 -5.72728e-28 -2.44854e-20  4.22927e-28 -2.21886e-21  1.81895e-28 -1.03778e-22  2.39855e-29  1.31965e-23 -4.32063e-30  4.74348e-24 -4.97878e-30  8.69288e-25 -2.40887e-30  1.22875e-25 -5.68592e-31  1.45978e-26  1.46356e-32   1.5019e-27  4.90953e-32  1.35338e-28  1.34867e-32  1.07081e-29  1.38837e-33  7.41757e-31 -4.71996e-35  4.46601e-32 -1.49804e-35  2.31016e-33  3.17763e-36  1.00906e-34  1.09678e-36  3.62479e-36  1.15556e-37  1.02661e-37  2.77683e-39  2.14881e-39 -4.63395e-40  3.11586e-41 -4.10604e-41   3.2856e-43  -8.8973e-43
-1.04236e-19 -2.92813e-05  1.05238e-18  0.000288066 -3.38816e-18  -0.00134278  3.57955e-18   0.00361429  7.81424e-18  -0.00587305 -3.84179e-17   0.00540073   8.3774e-17  -0.00183945 -1.28903e-16  -0.00107007  1.58604e-16  0.000820515 -1.61111e-16   0.00033068   1.2882e-16 -0.000222246   -7.079e-17 -0.000150791  1.84362e-17  1.91482e-05  2.23895e-18  5.03553e-05  1.11027e-18  1.69079e-05 -4.91764e-18 -4.98549e-06  2.44373e-18 -6.87212e-06 -4.98001e-19 -2.63799e-06  6.49043e-19  2.92122e-08 -2.62475e-19  5.86566e-07 -3.28692e-19  3.53573e-07  1.98649e-19  1.06904e-07  3.80782e-20  2.97005e-09 -3.17069e-20 -1.62429e-08  1.50482e-21 -1.05829e-08 -3.01418e-21 -4.13048e-09 -5.51211e-22 -1.06127e-09  1.87577e-21 -1.09239e-10 -2.01413e-22  6.07241e-11 -4.04469e-22  4.64309e-11   1.4494e-22  1.96916e-11  1.27531e-22  6.34493e-12  -2.0328e-23  1.65336e-12 -3.86894e-23  3.45483e-13 -6.73004e-24   5.2063e-14  5.87216e-24  2.39452e-15  2.59912e-24 -1.89178e-15  -4.8049e-25 -9.20804e-16 -5.14017e-25 -2.83388e-16 -2.69966e-26 -7.04277e-17   5.2938e-26 -1.51153e-17  6.79406e-27 -2.88104e-18 -4.47914e-27  -4.9446e-19  -6.3246e-28 -7.69638e-20  5.90422e-28 -1.09028e-20  2.66511e-28 -1.40725e-21  4.73263e-29 -1.65384e-22 -5.24049e-30 -1.76589e-23 -9.36571e-30 -1.70684e-24  -4.3853e-30 -1.48562e-25 -9.48901e-31 -1.15611e-26  1.73784e-32 -7.96654e-28  6.62171e-32 -4.79673e-29  1.71027e-32 -2.47596e-30  1.81917e-33 -1.06371e-31  3.90529e-35 -3.60774e-33  8.55071e-36  -8.5453e-35  6.93248e-36 -8.30486e-37  1.36725e-36  2.35755e-38  1.15764e-37  5.00778e-40  2.20566e-39 -2.99075e-41 -3.38321e-40 -5.14008e-43 -2.12339e-41  2.57693e-44
 5.70369e-06 -6.77283e-19 -0.000112748  3.80472e-18  0.000796743 -9.11781e-18  -0.00304512  7.81424e-18   0.00701478  1.44549e-17  -0.00979944 -6.19623e-17   0.00736859   1.2059e-16  -0.00115985 -1.69902e-16   -0.0021792   1.9733e-16  0.000724638 -1.93564e-16  0.000739566  1.48642e-16 -0.000129792 -7.38398e-17 -0.000264167  1.14827e-17 -4.83352e-05  7.22953e-18  5.74409e-05   1.3894e-18  3.97556e-05 -5.65026e-18  4.71101e-06  1.57829e-18 -7.55902e-06 -3.22348e-20 -5.45121e-06  1.02233e-18 -1.50047e-06 -4.12573e-19  2.66947e-07 -4.34119e-19  4.72993e-07  2.00845e-19  2.46051e-07  6.18389e-20  7.00506e-08 -1.84116e-20  2.66107e-09 -1.80231e-21 -9.35196e-09  -6.7388e-21 -6.17866e-09 -4.57664e-22 -2.49687e-09  2.09335e-21 -7.17078e-10 -4.00205e-22 -1.29875e-10 -4.25904e-22  2.41981e-12  2.70999e-22  1.39918e-11  1.97029e-22  7.25056e-12 -3.03004e-23  2.59626e-12 -6.01121e-23  7.50673e-13 -1.21823e-23  1.83067e-13  7.49537e-24  3.78867e-14  3.46371e-24  6.47988e-15 -5.78028e-25  8.25286e-16 -5.83124e-25  3.98902e-17 -5.10375e-27 -1.76131e-17  6.08329e-26 -7.65354e-18  3.09871e-27 -2.01652e-18 -6.34331e-27 -4.25959e-19  -6.8837e-28 -7.75086e-20  8.07002e-28 -1.25055e-20  3.91222e-28 -1.81404e-21   8.1892e-29 -2.38248e-22 -8.63073e-30 -2.84214e-23 -1.64842e-29 -3.08205e-24 -7.20089e-30  -3.0351e-25  -1.4551e-30 -2.70732e-26  3.28246e-33 -2.17857e-27  7.73274e-32 -1.57251e-28  1.92399e-32 -1.01039e-29  2.18355e-33 -5.72092e-31  1.62719e-34 -2.81652e-32  3.81964e-35 -1.18432e-33  1.04933e-35 -4.15462e-35  1.50232e-36 -1.18048e-36  1.03989e-37 -2.61451e-38  1.57482e-39 -4.15813e-40 -2.00845e-40 -3.41597e-42 -7.29346e-42
 2.57759e-19  2.68795e-05 -2.84943e-18 -0.000319515  1.08718e-17   0.00179656 -2.03642e-17  -0.00587305  1.44549e-17    0.0118405  2.29084e-17   -0.0143424 -8.61371e-17   0.00858913  1.50041e-16  0.000508409 -1.94461e-16  -0.00329598  2.16214e-16  0.000177991 -2.09264e-16   0.00114555  1.56967e-16  0.000136526 -6.99184e-17 -0.000331236  1.61823e-18 -0.000159334  1.19779e-17  3.11601e-05   2.5351e-18  5.99972e-05 -6.12815e-18  2.27705e-05  6.73431e-20 -2.78944e-06  5.18452e-19 -7.19067e-06  1.51235e-18 -3.70733e-06 -5.23827e-19 -7.32879e-07 -5.53069e-19  2.98395e-07  1.64177e-19  3.31011e-07  8.56426e-20  1.57382e-07  4.51493e-21   4.4406e-08 -3.29917e-21  3.38089e-09 -1.04497e-20 -4.33266e-09  -6.9838e-22  -3.0971e-09  1.79287e-21 -1.31413e-09 -8.14868e-22  -4.1317e-10 -4.08286e-22 -9.67898e-11  4.80527e-22 -1.36533e-11  3.01208e-22  1.19347e-12 -4.02961e-23  1.69094e-12 -8.66499e-23  7.43658e-13 -1.96617e-23   2.3966e-13  8.43457e-24  6.41005e-14  4.02293e-24  1.48367e-14 -6.60394e-25  3.02022e-15 -5.69214e-25  5.42324e-16  4.01927e-26  8.51582e-17   6.5763e-26  1.13791e-17  -2.8531e-27  1.19866e-18 -8.50715e-27  7.16665e-20 -6.82737e-28 -6.76145e-21  1.12828e-27 -3.25326e-21  5.77013e-28 -7.00128e-22  1.27292e-28  -1.1473e-22 -1.69924e-29 -1.58002e-23 -2.69042e-29 -1.89265e-24 -1.08277e-29 -1.99991e-25 -2.08394e-30 -1.87358e-26 -4.28506e-32   -1.556e-27  7.69511e-32 -1.14124e-28  1.91465e-32 -7.34028e-30  2.40914e-33 -4.09661e-31  2.97256e-34 -1.95467e-32  6.60831e-35 -7.81289e-34  1.27738e-35 -2.54589e-35  1.44702e-36 -6.53318e-37  8.21223e-38 -1.25843e-38  9.55537e-40 -1.61002e-40 -9.25452e-41 -7.70164e-43
-3.03669e-06  1.46717e-18  7.85606e-05 -9.00883e-18 -0.000705446  2.54678e-17   0.00338293 -3.84179e-17  -0.00979944  2.29084e-17    0.0176372  3.13592e-17   -0.0186318  -1.0377e-16   0.00842934  1.61412e-16   0.00302931 -1.92458e-16   -0.0039955  2.08685e-16 -0.000833815 -2.05662e-16   0.00135691  1.54268e-16  0.000556318 -6.10198e-17 -0.000282426  -9.2349e-18 -0.000282137  1.55258e-17 -3.90629e-05  4.71858e-18  6.21087e-05  -6.3608e-18  4.40823e-05 -1.94417e-18    8.989e-06   1.0374e-18 -5.50401e-06  2.07995e-18 -5.49267e-06 -5.44936e-19 -2.26214e-06 -6.74391e-19 -3.18226e-07  8.34328e-20  2.30461e-07  1.02909e-19  2.05562e-07  3.39886e-20  9.30802e-08 -1.18299e-21  2.70656e-08 -1.25973e-20  3.52266e-09 -1.17737e-21  -1.4273e-09  7.13148e-22 -1.28013e-09 -1.58852e-21 -5.83951e-10 -3.72552e-22 -1.98138e-10  7.84476e-22 -5.34892e-11  4.46501e-22 -1.12843e-11 -4.61099e-23 -1.58024e-12 -1.15388e-22   2.1406e-14  -2.8675e-23  1.09592e-13  8.07695e-24   4.7378e-14  3.96798e-24  1.44263e-14 -7.35348e-25   3.6303e-15 -4.56281e-25  7.94892e-16  1.08931e-25  1.54921e-16  6.79788e-26  2.71792e-17 -1.03128e-26  4.31576e-18  -1.0658e-26  6.21423e-19 -4.31265e-28  8.10682e-20  1.65693e-27  9.54874e-21  8.47532e-28  1.00886e-21   1.8033e-28  9.45573e-23 -3.27753e-29  7.71345e-24 -4.06356e-29  5.27877e-25 -1.50717e-29  2.77246e-26 -2.81736e-30  7.65309e-28 -1.32996e-31 -4.40664e-29  6.20768e-32  -8.7713e-30  1.66652e-32 -8.05136e-31  2.45297e-33 -5.32636e-32  4.09516e-34 -2.73787e-33   8.4614e-35 -1.10738e-34  1.31248e-35 -3.50925e-36   1.2153e-36 -8.76124e-38  5.58343e-38 -1.72612e-39  4.59721e-40 -2.11804e-41 -2.89306e-41
-4.63728e-19 -8.75611e-06  5.47581e-18  0.000159244 -2.27865e-17  -0.00124192  5.00497e-17   0.00540073 -6.19623e-17   -0.0143424  3.13592e-17    0.0234936  3.73442e-17   -0.0217131 -1.08801e-16   0.00661718  1.49231e-16   0.00592703 -1.61824e-16  -0.00391144  1.75899e-16  -0.00213546 -1.85491e-16   0.00120254  1.43778e-16   0.00102846 -5.00713e-17 -7.56137e-05 -1.93749e-17 -0.000363066  1.74625e-17  -0.00014458    7.862e-18  3.23835e-05 -6.41825e-18  5.82749e-05 -4.22478e-18  2.56714e-05  1.41132e-18  1.19183e-06  2.66884e-18  -5.2705e-06 -4.39244e-19 -3.64864e-06 -7.81871e-19 -1.28362e-06 -3.71998e-20 -1.35032e-07  1.06516e-19  1.41901e-07  6.45219e-20   1.1388e-07  5.69706e-21  5.06346e-08 -1.14834e-20  1.54966e-08 -1.54902e-21  2.86949e-09 -1.29324e-21 -1.44735e-10 -2.84657e-21 -3.97957e-10 -3.58155e-22 -2.08486e-10  1.17215e-21 -7.65457e-11  6.31129e-22 -2.26282e-11 -4.25532e-23 -5.58448e-12 -1.41476e-22 -1.14446e-12 -3.81854e-23  -1.8354e-13  5.92749e-24   -1.743e-14  3.06153e-24  1.77048e-15 -8.21747e-25  1.46241e-15 -2.54614e-25   4.7692e-16  1.93703e-25  1.17587e-16  6.75391e-26  2.44939e-17 -1.82675e-26  4.48671e-18 -1.22327e-26  7.36257e-19   4.1415e-28  1.09275e-19  2.53485e-27  1.47421e-20  1.22166e-27  1.81186e-21  2.35094e-28  2.02948e-22 -5.73229e-29  2.06958e-23 -5.69024e-29  1.91695e-24 -1.95815e-29  1.60702e-25 -3.61636e-30  1.21332e-26 -2.68226e-31  8.19648e-28  3.39286e-32  4.91184e-29   1.2349e-32  2.58175e-30  2.31739e-33   1.1724e-31  4.72605e-34  4.50435e-33  8.95857e-35  1.41825e-34  1.16106e-35  3.45478e-36  8.83732e-37  5.73265e-38  3.18883e-38  4.57968e-40  1.58623e-40  1.40153e-43
-3.03266e-07 -2.36478e-18 -8.60085e-06  1.55273e-17  0.000216335 -4.77399e-17  -0.00173782   8.3774e-17   0.00736859 -8.61371e-17   -0.0186318  3.73442e-17    0.0283475  3.90597e-17   -0.0229316  -9.9956e-17   0.00337184  1.16625e-16    0.0085643 -1.09715e-16   -0.0028956  1.25761e-16  -0.00341666 -1.54823e-16  0.000612115  1.29719e-16    0.0014023 -3.97614e-17  0.000276536 -2.78385e-17 -0.000347576  1.79848e-17  -0.00025566  1.16792e-17 -3.25778e-05 -6.38881e-18  5.36831e-05 -6.52731e-18  4.11166e-05  1.55369e-18   1.2271e-05  3.22139e-18 -1.81498e-06 -1.95586e-19 -3.89782e-06 -8.57355e-19 -2.19342e-06 -1.84594e-19 -6.98129e-07  9.05152e-20 -6.72675e-08  8.95221e-20  7.13699e-08  1.75153e-20  5.57983e-08 -5.70086e-21  2.49397e-08 -1.30365e-21  8.07538e-09 -4.19492e-21  1.86888e-09 -4.64082e-21  2.10493e-10 -4.10579e-22 -6.53581e-11  1.60811e-21 -5.37529e-11  8.42615e-22 -2.24709e-11 -2.46554e-23 -7.20635e-12 -1.59086e-22 -1.93655e-12 -4.68344e-23 -4.49649e-13  1.78995e-24 -9.09725e-14  1.22667e-24 -1.59133e-14 -9.43749e-25 -2.33082e-15 -9.29667e-28 -2.58425e-16  2.79501e-25 -1.21846e-17  6.33442e-26  3.56047e-18 -2.57414e-26  1.39384e-18 -1.23933e-26  3.17418e-19  2.34853e-27  5.72995e-20  3.91026e-27  8.83679e-21  1.70372e-27   1.1982e-21   2.8407e-28  1.44668e-22 -8.99499e-29  1.56358e-23 -7.41489e-29  1.51437e-24 -2.38969e-29   1.3118e-25 -4.41481e-30  1.01184e-26 -4.33747e-31  6.90204e-28 -1.88921e-33  4.12356e-29  7.27704e-33  2.12958e-30  2.04579e-33  9.33862e-32  4.75367e-34   3.3907e-33  8.15263e-35  9.80356e-35  8.90704e-36  2.10266e-36  5.50378e-37  2.86022e-38  1.47762e-38  1.58758e-40  3.15307e-41
 6.32735e-19 -4.66422e-06 -7.98274e-18  2.56772e-05  3.55783e-17  0.000125675  -8.4666e-17  -0.00183945   1.2059e-16   0.00858913  -1.0377e-16   -0.0217131  3.90597e-17    0.0313987  3.65936e-17   -0.0221724 -8.19948e-17 -0.000703435  7.41621e-17    0.0103872 -4.93573e-17  -0.00106917  6.92392e-17  -0.00434861 -1.20217e-16  -0.00035034   1.1567e-16     0.001534 -3.18514e-17  0.000703566 -3.44402e-17 -0.000204612   1.7694e-17 -0.000330367  1.57715e-17 -0.000121132 -6.33345e-18  2.31244e-05 -8.64861e-18  4.70964e-05  1.41857e-18  2.43657e-05  3.68973e-18  4.80894e-06  1.69454e-19 -2.20179e-06 -8.84407e-19 -2.46198e-06 -3.40037e-19 -1.21993e-06  5.14272e-20 -3.70979e-07  1.02902e-19 -4.28791e-08  3.34995e-20  2.82503e-08  5.50501e-21  2.36084e-08  7.39605e-23  1.08426e-08 -7.76471e-21  3.70316e-09 -6.90761e-21  9.84914e-10 -5.64809e-22  1.91608e-10  2.03714e-21  1.68426e-11  1.05934e-21 -6.36664e-12  1.12214e-23 -4.29677e-12 -1.62906e-22 -1.60152e-12 -5.32854e-23 -4.67815e-13 -4.11858e-24 -1.16306e-13  -1.4087e-24 -2.54165e-14 -1.12233e-24 -4.95524e-15  2.49596e-25 -8.67502e-16  3.45674e-25 -1.36533e-16   5.2764e-26 -1.92496e-17 -3.18416e-26 -2.40817e-18 -1.00316e-26 -2.62085e-19  5.92723e-27 -2.37555e-20  5.88515e-27 -1.58405e-21   2.2751e-27 -3.35791e-23  3.19964e-28  1.09282e-23 -1.27637e-28  2.32592e-24 -9.03133e-29  3.04198e-25 -2.75247e-29  3.11239e-26 -5.11967e-30   2.6431e-27  -6.0022e-31  1.89717e-28 -3.71494e-32  1.15313e-29  2.64411e-33  5.88855e-31  1.70133e-33   2.4851e-32  4.24443e-34  8.42847e-34  6.47838e-35   2.1821e-35  5.92144e-36  3.83863e-37  2.88432e-37  3.23597e-39  5.22718e-39 -2.83249e-42
 8.85024e-07  2.92752e-18 -2.04139e-05 -2.06574e-17  0.000137753  6.81744e-17 -0.000272307 -1.28903e-16  -0.00115985  1.50041e-16   0.00842934 -1.08801e-16   -0.0229316  3.65936e-17    0.0323902  3.20878e-17   -0.0198357 -6.33008e-17  -0.00488235  3.49144e-17    0.0111003  5.29222e-18   0.00124587  1.62545e-17  -0.00469601 -8.65457e-17  -0.00151118  1.03762e-16   0.00133822 -2.70895e-17   0.00109915  -3.9466e-17  5.81033e-05  1.72867e-17 -0.000330061  1.97344e-17 -0.000208495 -6.26164e-18 -3.15049e-05 -1.04596e-17  3.68448e-05   1.0051e-18  3.22687e-05   4.0399e-18  1.28143e-05  6.17351e-19  1.49962e-06 -8.51553e-19 -1.62219e-06  -4.8424e-19 -1.37797e-06 -1.13192e-20 -6.33177e-07  1.00447e-19 -1.92549e-07  5.22298e-20 -2.98266e-08  2.20393e-20  7.42752e-09  2.93515e-21  8.21635e-09 -1.16145e-20  4.00931e-09 -9.45866e-21  1.44218e-09 -8.32478e-22  4.18803e-10  2.39634e-21  9.95393e-11  1.25607e-21  1.85163e-11  6.66612e-23  2.14779e-12 -1.49619e-22 -1.44509e-13 -5.65351e-23 -1.80714e-13 -1.11608e-23 -6.79646e-14  -4.5282e-24 -1.88699e-14 -1.36785e-24  -4.3916e-15  4.35923e-25 -8.95489e-16   3.6967e-25 -1.63276e-16  3.24132e-26 -2.69042e-17 -3.54338e-26 -4.02939e-18 -3.83423e-27 -5.50094e-19  1.16168e-26 -6.85272e-20   8.4596e-27 -7.78717e-21  2.89131e-27 -8.06068e-22  3.37513e-28  -7.5823e-23 -1.65579e-28 -6.45977e-24 -1.03283e-28  -4.9628e-25 -3.00206e-29 -3.41925e-26 -5.62347e-30 -2.09793e-27  -7.3202e-31 -1.13606e-28 -6.39338e-32 -5.36521e-30 -6.74002e-34 -2.17374e-31  1.34244e-33 -7.38025e-33  3.39222e-34 -2.03436e-34  4.51709e-35 -4.42528e-36  3.38546e-36 -7.70733e-38  1.23419e-37 -1.03727e-39  1.21943e-39
-6.61218e-19  2.99711e-06  9.02822e-18 -5.21487e-05 -4.35788e-17    0.0003535  1.11653e-16  -0.00107007 -1.69902e-16  0.000508409  1.61412e-16   0.00661718  -9.9956e-17   -0.0221724  3.20878e-17    0.0316178  2.85005e-17   -0.0165996  -5.1215e-17  -0.00857123   8.8904e-18    0.0107027  4.41084e-17   0.00365817 -2.69047e-17  -0.00437446 -5.62559e-17   -0.0026492  9.46779e-17  0.000812819 -2.54903e-17   0.00135558  -4.3289e-17  0.000394193  1.72953e-17 -0.000234214  2.32435e-17 -0.000264567 -6.13719e-18 -9.82156e-05 -1.19039e-17  8.52006e-06  3.54028e-19  3.09957e-05   4.2515e-18  1.91156e-05  1.09873e-18  6.24613e-06 -7.54487e-19  3.59664e-07 -6.02281e-19 -9.37037e-07 -9.57936e-20 -6.91035e-07  8.05562e-20 -3.05378e-07  7.20168e-20 -9.55483e-08  4.29345e-20  -1.9129e-08  7.34095e-21 -2.22805e-11 -1.52727e-20  2.09506e-09 -1.20127e-20  1.18729e-09 -1.19874e-21  4.56282e-10  2.63044e-21  1.41085e-10  1.41119e-21  3.68697e-11  1.40888e-22   8.2486e-12 -1.18833e-22  1.56168e-12 -5.60736e-23  2.37537e-13 -1.83844e-23  2.36548e-14 -7.69695e-24 -7.57032e-16 -1.67736e-24 -1.14407e-15  5.03873e-25 -3.66622e-16  3.32046e-25 -8.51428e-17  1.42907e-28  -1.6475e-17 -3.45964e-26 -2.78149e-18  7.53986e-27 -4.18092e-19  1.96161e-26 -5.65007e-20  1.14944e-26 -6.89571e-21  3.48667e-27 -7.61078e-22  3.34505e-28 -7.58938e-23  -1.9841e-28  -6.8187e-24 -1.11367e-28 -5.49452e-25 -3.10634e-29  -3.9452e-26 -5.82959e-30 -2.50213e-27 -7.99304e-31  -1.3854e-28 -7.73772e-32 -6.59253e-30 -2.37224e-33 -2.63866e-31  1.00846e-33 -8.61701e-33  2.43198e-34 -2.19851e-34  2.75717e-35  -4.1306e-36  1.63814e-36 -5.27264e-38  4.07101e-38 -3.40955e-40
 8.12188e-08 -2.78166e-18  3.84266e-06   2.1484e-17 -8.56859e-05 -7.75964e-17  0.000628762  1.58604e-16   -0.0021792 -1.94461e-16   0.00302931  1.49231e-16   0.00337184 -8.19948e-17   -0.0198357  2.85005e-17    0.0297083  2.76914e-17   -0.0131352 -4.81535e-17   -0.0114428 -8.82127e-20   0.00940763  6.27948e-17   0.00582742 -5.80251e-17  -0.00344341   -2.984e-17  -0.00356103  8.80799e-17  3.22012e-05 -2.66761e-17   0.00139512 -4.61227e-17  0.000732316  1.79668e-17 -4.84845e-05  2.61012e-17  -0.00026419  -5.9044e-18 -0.000158055 -1.29752e-17 -3.30933e-05 -4.62157e-19   1.8087e-05  4.31692e-18  2.05052e-05   1.5661e-18  1.02836e-05 -5.96832e-19  2.94527e-06 -6.86927e-19  9.00404e-08 -1.98417e-19 -4.46028e-07  4.42888e-20 -3.08677e-07   9.1193e-20 -1.34627e-07  6.64685e-20  -4.3794e-08  1.30087e-20 -1.05063e-08  -1.8286e-20 -1.41959e-09 -1.42615e-20  2.24832e-10  -1.6303e-21  2.45521e-10  2.70487e-21  1.08737e-10  1.51256e-21  3.60823e-11  2.30704e-22  1.00033e-11 -7.31711e-23  2.40861e-12 -5.18727e-23  5.11894e-13 -2.47096e-23  9.65024e-14 -1.04621e-23  1.60776e-14 -2.03843e-24  2.33218e-15  4.15846e-25  2.83707e-16  2.22069e-25   2.5955e-17 -4.23441e-26  9.38107e-19 -2.62377e-26 -2.70559e-19  2.51333e-26 -8.45309e-20  2.96998e-26 -1.56647e-20  1.47098e-26 -2.29123e-21   3.9857e-27 -2.83613e-22  3.11705e-28 -3.04739e-23 -2.21615e-28 -2.86951e-24 -1.13633e-28 -2.37194e-25 -3.05107e-29 -1.71543e-26 -5.68244e-30 -1.07738e-27 -7.88468e-31 -5.80717e-29 -7.69808e-32 -2.64055e-30  -2.6909e-33 -9.87981e-32  7.19148e-34  -2.9328e-33  1.55995e-34 -6.55015e-35  1.46019e-35 -1.02389e-36  6.51475e-37 -9.92244e-39    8.969e-39
 5.22687e-19  1.40257e-06 -7.82336e-18 -6.18479e-06  4.19517e-17 -7.46288e-05 -1.19319e-16  0.000820515   1.9733e-16  -0.00329598 -1.92458e-16   0.00592703  1.16625e-16 -0.000703435 -6.33008e-17   -0.0165996  2.76914e-17    0.0273304  2.91103e-17  -0.00991634 -5.08536e-17     -0.01343  5.91021e-18   0.00751814  6.23683e-17   0.00752972 -7.78363e-17   -0.0020578 -6.79875e-18  -0.00410497  8.30562e-17 -0.000880418 -3.01132e-17   0.00118769 -4.79813e-17  0.000996334  1.92733e-17  0.000196215  2.82394e-17 -0.000195723 -5.51787e-18 -0.000191056 -1.36899e-17 -7.74539e-05 -1.35289e-18 -4.91939e-06  4.24288e-18  1.50727e-05  1.98493e-18  1.17378e-05 -3.89266e-19  5.17064e-06 -7.39372e-19  1.39174e-06 -3.14687e-19  6.48775e-08 -5.10145e-21 -1.72651e-07  1.08261e-19 -1.20194e-07  9.03883e-20 -5.28055e-08  1.93398e-20 -1.78414e-08 -2.03235e-20 -4.80257e-09  -1.5952e-20 -9.85011e-10 -2.09064e-21 -1.16199e-10  2.61246e-21  1.60852e-11  1.55924e-21  1.57455e-11  3.30539e-22  6.27747e-12 -1.76057e-23  1.88926e-12 -4.42635e-23  4.78901e-13 -2.91512e-23  1.06433e-13  -1.2455e-23  2.11332e-14 -2.43798e-24  3.78574e-15  1.56909e-25  6.14911e-16   4.3031e-26  9.07515e-17  -8.7397e-26  1.21691e-17 -6.31485e-27  1.47988e-18  4.92483e-26  1.62625e-19  4.11431e-26  1.60575e-20  1.77249e-26  1.41271e-21  4.31804e-27  1.09369e-22  2.71993e-28  7.30599e-24 -2.32547e-28  4.06856e-25  -1.1002e-28   1.7531e-26 -2.84276e-29  4.53974e-28 -5.18989e-30   -6.729e-30 -7.06217e-31 -1.61335e-30  -6.6058e-32 -1.06737e-31 -2.17635e-33 -4.50454e-33  4.82045e-34 -1.30411e-34  8.88846e-35 -2.62279e-36  6.59597e-36 -4.28986e-38  2.01132e-37 -5.28381e-40
-2.23472e-07  1.97926e-18  5.99352e-06 -1.70122e-17 -4.20679e-05  6.96258e-17  4.89359e-05 -1.61111e-16  0.000724638  2.16214e-16   -0.0039955 -1.61824e-16    0.0085643  7.41621e-17  -0.00488235  -5.1215e-17   -0.0131352  2.91103e-17    0.0249872  2.99661e-17  -0.00717177 -5.28343e-17   -0.0146374  2.14216e-17   0.00532445  4.72852e-17   0.00866518 -8.83332e-17  -0.00041015   1.3547e-17  -0.00421598  7.84643e-17  -0.00178673 -3.52252e-17  0.000752825 -4.87899e-17   0.00112425  2.09972e-17  0.000452034  2.96834e-17 -6.51116e-05 -4.96429e-18 -0.000182675 -1.40684e-17 -0.000111373 -2.22434e-18 -3.25237e-05  4.05354e-18   3.2183e-06  2.34032e-18  9.44235e-06 -1.47212e-19  6.03419e-06  -7.6732e-19  2.46214e-06 -4.39347e-19  6.64404e-07 -6.28157e-20  6.51951e-08   1.2196e-19 -4.98744e-08  1.12226e-19 -3.91003e-08  2.55225e-20 -1.77445e-08 -2.12548e-20 -6.21071e-09  -1.6955e-20 -1.79247e-09 -2.55486e-21 -4.32096e-10  2.37176e-21 -8.46906e-11  1.55902e-21 -1.19697e-11  4.32706e-22 -4.51823e-13  4.16976e-23  4.31167e-13 -3.37913e-23  1.96028e-13 -3.10181e-23  5.74438e-14 -1.34694e-23  1.36409e-14 -2.87076e-24  2.79923e-15 -2.61303e-25  5.09963e-16 -1.84035e-25  8.35905e-17 -1.21133e-25  1.24153e-17  2.91261e-26  1.67681e-18  7.90137e-26  2.06206e-19  5.27705e-26  2.30818e-20  2.01301e-26  2.34776e-21  4.43276e-27  2.16358e-22  2.19428e-28  1.79873e-23 -2.30744e-28  1.34126e-24 -1.01248e-28  8.90214e-26 -2.50831e-29   5.2066e-27 -4.42638e-30  2.64823e-28 -5.75761e-31  1.15091e-29 -4.98349e-32  4.17229e-31 -1.38856e-33  1.21919e-32  2.99031e-34   2.7173e-34   4.4435e-35  4.12018e-36  2.46579e-36  3.05114e-38  4.17856e-38
-3.09202e-19 -5.74848e-07  4.99012e-18  1.41055e-05 -3.03841e-17  -0.00011066  1.00581e-16   0.00033068 -1.93564e-16  0.000177991  2.08685e-16  -0.00391144 -1.09715e-16    0.0103872  3.49144e-17  -0.00857123 -4.81535e-17  -0.00991634  2.99661e-17    0.0229503  2.67501e-17  -0.00493885 -4.81859e-17   -0.0152387  4.02917e-17   0.00305014  2.33945e-17   0.00923007 -9.14027e-17   0.00131464  3.16643e-17  -0.00389817   7.3202e-17  -0.00256142 -4.14322e-17  0.000149672 -4.85288e-17   0.00108087  2.28296e-17  0.000666221  3.04931e-17  0.000105332  -4.2743e-18 -0.000128516  -1.4133e-17 -0.000123183 -2.99337e-18 -5.68321e-05   3.7917e-18 -1.22093e-05  2.63771e-18  3.53654e-06  1.12149e-19  4.95055e-06 -7.81202e-19  2.81938e-06 -5.65961e-19  1.10662e-06 -1.23102e-19  3.11575e-07  1.31367e-19  5.00452e-08  1.29691e-19 -7.09828e-09  3.06938e-20  -9.7128e-09 -2.11785e-20 -4.82559e-09 -1.72968e-20 -1.76456e-09 -3.01658e-21 -5.32822e-10  2.01915e-21 -1.38076e-10  1.52328e-21 -3.10976e-11  5.28151e-22 -6.06524e-12  9.86729e-23 -9.99945e-13 -2.10976e-23 -1.29332e-13 -3.00416e-23 -9.43826e-15 -1.34956e-23   1.1097e-15 -3.33994e-24  6.48782e-16 -7.97488e-25  1.70964e-16 -4.20019e-25  3.44152e-17 -1.25816e-25  5.84546e-18  8.22775e-26  8.68165e-19  1.12149e-25  1.14521e-19  6.31361e-26  1.35105e-20  2.15732e-26  1.42853e-21  4.30893e-27  1.35244e-22  1.58776e-28   1.1425e-23 -2.17591e-28  8.56207e-25 -8.86062e-29  5.64515e-26  -2.0907e-29  3.23755e-27  -3.5139e-30  1.59061e-28 -4.27475e-31  6.55701e-30 -3.32908e-32  2.20339e-31 -7.03357e-34  5.78311e-33  1.68397e-34  1.10232e-34  1.91089e-35   1.2987e-36  7.20037e-37  5.46285e-39
-7.34681e-08 -1.03436e-18  1.04183e-07  9.64984e-18  1.87819e-05 -4.61069e-17 -0.000190356   1.2882e-16  0.000739566 -2.09264e-16 -0.000833815  1.75899e-16   -0.0028956 -4.93573e-17    0.0111003   8.8904e-18   -0.0114428 -5.08536e-17  -0.00717177  2.67501e-17       0.0213  1.71665e-17  -0.00315092 -3.44209e-17   -0.0154063  5.73085e-17  0.000841677 -3.64161e-18   0.00927881 -8.81683e-17   0.00296442  4.77772e-17  -0.00320605  6.64649e-17  -0.00310952 -4.81521e-17 -0.000538699 -4.73112e-17  0.000862578  2.44463e-17  0.000793052  3.07056e-17   0.00028242 -3.52785e-18 -3.59837e-05 -1.39211e-17 -0.000106497 -3.59945e-18 -7.00762e-05  3.51433e-18  -2.6741e-05  2.89706e-18 -4.45046e-06  3.72393e-19  2.05202e-06 -7.89986e-19  2.23235e-06 -6.86342e-19  1.19105e-06 -1.79724e-19  4.60706e-07  1.36079e-19  1.36718e-07  1.41096e-19  2.91597e-08  3.41281e-20  2.56554e-09 -2.03853e-20 -1.34856e-09 -1.71377e-20 -9.45183e-10 -3.48254e-21 -3.80651e-10  1.59918e-21 -1.20652e-10  1.46246e-21 -3.25426e-11  6.07968e-22 -7.70521e-12  1.48529e-22 -1.62479e-12 -6.82858e-24 -3.07042e-13 -2.64009e-23 -5.20403e-14 -1.27017e-23 -7.87725e-15 -3.84504e-24 -1.05322e-15 -1.37914e-24 -1.21501e-16 -6.12486e-25 -1.14496e-17  -8.4748e-26 -7.38526e-19  1.51865e-25   2.0362e-21  1.45098e-25  1.01435e-20  7.08037e-26  2.00602e-21  2.18352e-26  2.72106e-22   3.9602e-27  2.96688e-23  9.54779e-29  2.71997e-24 -1.95629e-28  2.12716e-25 -7.36833e-29  1.42092e-26 -1.64101e-29  8.05207e-28 -2.58777e-30  3.81797e-29 -2.88696e-31  1.48264e-30 -1.97032e-32   4.5678e-32  -2.6567e-34  1.06195e-33  8.41971e-35  1.68996e-35  6.84452e-36  1.40302e-37  1.42288e-37
 1.50416e-19 -5.15386e-07 -2.26768e-18  4.78367e-06  1.51117e-17  3.15549e-06 -6.07867e-17 -0.000222246  1.48642e-16   0.00114555 -2.05662e-16  -0.00213546  1.25761e-16  -0.00106917  5.29222e-18    0.0107027 -8.82127e-20     -0.01343 -5.28343e-17  -0.00493885  1.71665e-17    0.0200059  1.41929e-18    -0.001709 -1.31799e-17   -0.0152779  6.86443e-17  -0.00121815 -2.93176e-17   0.00889195 -7.90521e-17   0.00442779  6.19888e-17  -0.00222394  5.79638e-17  -0.00337339 -5.47789e-17  -0.00122157  -4.5354e-17  0.000495229  2.55638e-17  0.000802904  3.03042e-17  0.000429898 -2.85363e-18  7.73568e-05 -1.35029e-17 -6.23794e-05 -4.01377e-18 -6.71766e-05  3.28073e-18 -3.57739e-05  3.14192e-18 -1.20859e-05  6.18913e-19 -1.81082e-06 -7.98149e-19  8.41878e-07 -7.90483e-19  8.60003e-07 -2.26403e-19  4.46123e-07  1.36439e-19  1.72397e-07  1.45715e-19  5.34529e-08  3.54123e-20  1.33084e-08 -1.92597e-20  2.45475e-09 -1.67034e-20  2.00095e-10 -3.95638e-21 -8.03725e-11  1.15736e-21 -5.16341e-11  1.38454e-21 -1.87208e-11  6.65595e-22 -5.35329e-12  1.88624e-22 -1.30891e-12  8.44872e-24 -2.82664e-13 -2.06431e-23  -5.4784e-14  -1.1365e-23 -9.61208e-15 -4.35968e-24 -1.53399e-15 -1.90611e-24 -2.23199e-16 -7.06135e-25 -2.96311e-17   1.1661e-26 -3.58736e-18  2.32196e-25  -3.9548e-19  1.73588e-25 -3.96055e-20  7.46554e-26 -3.59131e-21  2.08782e-26 -2.93641e-22  3.43263e-27 -2.15391e-23  3.55616e-29 -1.40856e-24 -1.67888e-28 -8.14935e-26  -5.8111e-29 -4.13084e-27 -1.20858e-29 -1.81081e-28 -1.76156e-30 -6.73572e-30 -1.76868e-31 -2.06087e-31 -1.02863e-32 -4.90046e-33  -5.5379e-35 -8.13553e-35  3.63907e-35 -7.89118e-37  1.92431e-36 -3.89295e-39
 3.28113e-08  4.57874e-19 -1.55557e-06 -3.70485e-18  1.63606e-05  1.96178e-17 -5.21058e-05   -7.079e-17 -0.000129792  1.56967e-16   0.00135691 -1.85491e-16  -0.00341666  6.92392e-17   0.00124587  4.41084e-17   0.00940763  5.91021e-18   -0.0146374 -4.81859e-17  -0.00315092  1.41929e-18    0.0189968 -1.76791e-17 -0.000521615  1.09881e-17   -0.0149516  7.17007e-17  -0.00309015 -5.07262e-17   0.00815514 -6.42913e-17   0.00563174  7.43701e-17  -0.00104877  4.80173e-17  -0.00333204 -6.06537e-17  -0.00181414 -4.28674e-17  2.74031e-05  2.59899e-17   0.00068716  2.92274e-17  0.000516437 -2.41828e-18  0.000188018 -1.29908e-17  6.90331e-07 -4.24378e-18 -4.74754e-05  3.13579e-18 -3.61577e-05  3.38636e-18  -1.6899e-05  8.38274e-19 -5.37741e-06 -8.04899e-19 -8.85119e-07 -8.67497e-19  2.28694e-07  -2.5739e-19  2.72834e-07  1.33675e-19  1.43209e-07  1.43977e-19  5.58427e-08  3.45583e-20  1.78445e-08  -1.8147e-20  4.80998e-09 -1.61922e-20  1.09102e-09 -4.41815e-21  2.00001e-10  7.38149e-22  2.52628e-11  1.29695e-21  6.08173e-14  6.99115e-22 -1.22175e-12  2.18893e-22 -4.85491e-13  2.43153e-23 -1.33605e-13 -1.35263e-23 -3.02757e-14 -9.77397e-24 -5.96121e-15 -4.81047e-24 -1.04389e-15 -2.26372e-24 -1.64472e-16 -6.57336e-25 -2.34535e-17  1.60859e-25 -3.03492e-18  3.13567e-25 -3.56537e-19   1.9352e-25 -3.79787e-20  7.41451e-26 -3.65816e-21  1.88516e-26 -3.17276e-22  2.79584e-27 -2.46332e-23 -1.49929e-29 -1.69873e-24 -1.37409e-28 -1.02987e-25 -4.33364e-29 -5.41486e-27 -8.31859e-30 -2.42412e-28 -1.10392e-30 -9.00428e-30 -9.78645e-32 -2.66983e-31 -4.69306e-33 -5.93523e-33  1.33704e-35 -8.84454e-35  1.31058e-35 -6.98141e-37  3.67483e-37
 -8.8574e-20 -2.74129e-08  9.18035e-19 -2.32965e-06 -4.62963e-18  3.24282e-05  2.11609e-17 -0.000150791 -7.38398e-17  0.000136526  1.54268e-16   0.00120254 -1.54823e-16  -0.00434861  1.62545e-17   0.00365817  6.27948e-17   0.00751814  2.14216e-17   -0.0152387 -3.44209e-17    -0.001709 -1.76791e-17    0.0182014 -3.56375e-17  0.000481688  3.27036e-17   -0.0144924  6.49626e-17  -0.00476127 -6.65866e-17   0.00714823 -4.45488e-17   0.00653469  8.49372e-17   0.00022202  3.74545e-17  -0.00299618  -6.5059e-17  -0.00224717 -3.99277e-17 -0.000478715  2.56741e-17  0.000458842  2.74149e-17  0.000522108 -2.39876e-18  0.000272172 -1.25288e-17  6.89365e-05  -4.3305e-18 -1.50815e-05  3.09414e-18  -2.7299e-05  3.62443e-18 -1.72782e-05  1.01668e-18  -7.4612e-06 -8.05693e-19 -2.34697e-06 -9.07528e-19 -4.66566e-07 -2.68176e-19  1.32698e-08  1.29813e-19  6.47697e-08  1.37389e-19  3.72232e-08  3.20248e-20  1.49286e-08 -1.72277e-20     4.88e-09 -1.56932e-20  1.36617e-09 -4.80852e-21  3.33957e-10  3.86856e-22  7.16325e-11  1.21052e-21  1.33864e-11  7.12692e-22  2.12482e-12  2.41678e-22  2.66487e-13  4.05146e-23  1.95088e-14 -5.83808e-24  -1.8146e-15 -8.13335e-24 -1.10976e-15 -5.07269e-24 -2.83529e-16 -2.34662e-24 -5.47486e-17 -4.48679e-25  -8.8697e-18  3.46362e-25 -1.25034e-18  3.84143e-25 -1.55749e-19  2.01932e-25 -1.72514e-20  6.94205e-26 -1.70126e-21  1.60567e-26 -1.49046e-22  2.12912e-27 -1.15426e-23  -5.1467e-29 -7.84013e-25 -1.06968e-28 -4.61934e-26 -3.04458e-29 -2.32516e-27  -5.3276e-30 -9.78816e-29 -6.33858e-31 -3.34129e-30 -4.85979e-32 -8.81512e-32 -1.84218e-33  -1.6556e-33  2.01328e-35 -1.88498e-35  3.69716e-36 -8.35603e-38
