 1.11175e-05 -9.16629e-23 -9.98111e-05  1.19243e-21  0.000298532 -2.37853e-21 -0.000422772 -5.39479e-22  0.000261528  4.18679e-21  7.62566e-06 -1.88065e-21 -7.93354e-05 -1.00099e-21  1.26571e-05 -1.22319e-22  1.14978e-05  9.81991e-22 -1.42193e-06 -3.36339e-22 -3.68048e-07
-9.16629e-23  0.000148489 -8.65035e-22 -0.000712707  5.22733e-21   0.00148688 -1.79963e-21  -0.00150142 -1.42747e-20   0.00051479  1.30446e-20   0.00027816  7.37898e-21 -0.000218475 -1.10611e-20 -2.32814e-05  8.56062e-22   3.0849e-05  2.16701e-21  1.02471e-06 -3.55027e-22
-9.98111e-05 -8.65035e-22  0.000925171 -2.97303e-21  -0.00289379  3.20178e-21   0.00437995  3.59061e-20  -0.00306271 -6.89539e-20  0.000192903  1.62312e-20  0.000925131  4.51405e-20 -0.000273485 -3.22666e-20  -0.00013111  1.85829e-21   3.7252e-05  2.89787e-21  4.58964e-06
 1.19243e-21 -0.000712707 -2.97303e-21   0.00357616 -1.53304e-21  -0.00794916 -5.04419e-20   0.00887286  1.81971e-19  -0.00390814 -1.77748e-19  -0.00126414 -1.73042e-20   0.00166392  1.17745e-19 -6.73955e-05 -5.66504e-20 -0.000254177  7.48275e-22  1.78071e-05  2.56511e-21
 0.000298532  5.22733e-21  -0.00289379 -1.53304e-21   0.00963508  2.55591e-20   -0.0159829 -2.45156e-19    0.0131225  4.93665e-19  -0.00258853 -3.03663e-19   -0.0036152 -1.07829e-19   0.00194804  2.00099e-19  0.000381273 -6.93358e-20 -0.000298495 -4.53011e-21 -8.27394e-06
-2.37853e-21   0.00148688  3.20178e-21  -0.00794916  2.55591e-20    0.0193195  1.20457e-19    -0.024704  -6.5831e-19    0.0145211  9.37536e-19     0.001145 -3.82631e-19  -0.00582642 -2.20715e-19   0.00148444  2.50251e-19  0.000847091 -5.94023e-20  -0.00023116 -1.17633e-20
-0.000422772 -1.79963e-21   0.00437995 -5.04419e-20   -0.0159829  1.20457e-19     0.030188  3.20066e-19   -0.0305322 -1.26713e-18    0.0119141  1.38338e-18   0.00597303 -3.97621e-19  -0.00694724   -2.797e-19  0.000472246  2.49361e-19   0.00109846 -2.53617e-20 -0.000104803
-5.39479e-22  -0.00150142  3.59061e-20   0.00887286 -2.45156e-19    -0.024704  3.20066e-19    0.0382864  6.16386e-19   -0.0314287 -1.92025e-18   0.00652396  1.68092e-18     0.010188 -4.04505e-19  -0.00678179 -2.53575e-19 -0.000643569  2.17372e-19   0.00104516  2.78882e-20
 0.000261528 -1.42747e-20  -0.00306271  1.81971e-19    0.0131225  -6.5831e-19   -0.0305322  6.16386e-19    0.0412132  9.40096e-19   -0.0283333 -2.37694e-18  0.000615152  1.72653e-18    0.0129336 -4.47711e-19  -0.00574178 -2.35545e-19  -0.00150071  1.84572e-19  0.000718621
 4.18679e-21   0.00051479 -6.89539e-20  -0.00390814  4.93665e-19    0.0145211 -1.26713e-18   -0.0314287  9.40096e-19    0.0397676  1.16721e-18   -0.0238092 -2.36281e-18  -0.00429499  1.50102e-18    0.0143335 -4.35904e-19  -0.00433924 -4.24826e-19  -0.00190904  1.48585e-19
 7.62566e-06  1.30446e-20  0.000192903 -1.77748e-19  -0.00258853  9.37536e-19    0.0119141 -1.92025e-18   -0.0283333  1.16721e-18    0.0366078  1.13628e-18   -0.0198796 -1.73956e-18  -0.00793528  1.14403e-18    0.0148972 -1.13887e-19  -0.00290159 -1.02795e-18  -0.00174239
-1.88065e-21   0.00027816  1.62312e-20  -0.00126414 -3.03663e-19     0.001145  1.38338e-18   0.00652396 -2.37694e-18   -0.0238092  1.13628e-18    0.0339594  7.51838e-19     -0.01723 -8.85792e-19   -0.0107174  9.93363e-19    0.0150413  8.23226e-19  -0.00157497 -2.05597e-18
-7.93354e-05  7.37898e-21  0.000925131 -1.73042e-20   -0.0036152 -3.82631e-19   0.00597303  1.68092e-18  0.000615152 -2.36281e-18   -0.0198796  7.51838e-19    0.0327107  2.32357e-19   -0.0157182 -9.18877e-19   -0.0131462  1.50016e-18    0.0149532   2.6618e-18 -0.000426322
-1.00099e-21 -0.000218475  4.51405e-20   0.00166392 -1.07829e-19  -0.00582642 -3.97621e-19     0.010188  1.72653e-18  -0.00429499 -1.73956e-18     -0.01723  2.32357e-19    0.0329053  2.66072e-19   -0.0150494 -3.25809e-18   -0.0156296  3.22184e-18    0.0145711  6.45349e-18
 1.26571e-05 -1.10611e-20 -0.000273485  1.17745e-19   0.00194804 -2.20715e-19  -0.00694724 -4.04505e-19    0.0129336  1.50102e-18  -0.00793528 -8.85792e-19   -0.0157182  2.66072e-19    0.0344693  1.72457e-18   -0.0150736 -9.28692e-18   -0.0185026  7.19561e-18    0.0136249
-1.22319e-22 -2.32814e-05 -3.22666e-20 -6.73955e-05  2.00099e-19   0.00148444   -2.797e-19  -0.00678179 -4.47711e-19    0.0143335  1.14403e-18   -0.0107174 -9.18877e-19   -0.0150494  1.72457e-18    0.0376015  5.28609e-18   -0.0158871 -2.25741e-17   -0.0224349  9.26178e-18
 1.14978e-05  8.56062e-22  -0.00013111 -5.66504e-20  0.000381273  2.50251e-19  0.000472246 -2.53575e-19  -0.00574178 -4.35904e-19    0.0148972  9.93363e-19   -0.0131462 -3.25809e-18   -0.0150736  5.28609e-18    0.0430513  1.29476e-17   -0.0176271 -5.67876e-17   -0.0294786
 9.81991e-22   3.0849e-05  1.85829e-21 -0.000254177 -6.93358e-20  0.000847091  2.49361e-19 -0.000643569 -2.35545e-19  -0.00433924 -1.13887e-19    0.0150413  1.50016e-18   -0.0156296 -9.28692e-18   -0.0158871  1.29476e-17    0.0527067  3.78908e-17   -0.0214631 -1.79274e-16
-1.42193e-06  2.16701e-21   3.7252e-05  7.48275e-22 -0.000298495 -5.94023e-20   0.00109846  2.17372e-19  -0.00150071 -4.24826e-19  -0.00290159  8.23226e-19    0.0149532  3.22184e-18   -0.0185026 -2.25741e-17   -0.0176271  3.78908e-17    0.0684795  8.80199e-17   -0.0379391
-3.36339e-22  1.02471e-06  2.89787e-21  1.78071e-05 -4.53011e-21  -0.00023116 -2.53617e-20   0.00104516  1.84572e-19  -0.00190904 -1.02795e-18  -0.00157497   2.6618e-18    0.0145711  7.19561e-18   -0.0224349 -5.67876e-17   -0.0214631  8.80199e-17     0.142247  7.51766e-16
-3.68048e-07 -3.55027e-22  4.58964e-06  2.56511e-21 -8.27394e-06 -1.17633e-20 -0.000104803  2.78882e-20  0.000718621  1.48585e-19  -0.00174239 -2.05597e-18 -0.000426322  6.45349e-18    0.0136249  9.26178e-18   -0.0294786 -1.79274e-16   -0.0379391  7.51766e-16      0.30219
