  1.4918e-05  2.67911e-22 -0.000141096 -7.00209e-21  0.000481204  2.09778e-20  -0.00085659 -3.32203e-20  0.000788215  6.32492e-20 -0.000174583 -6.12242e-20 -0.000330279  1.42395e-20   0.00022431  1.08902e-20  7.47619e-05  6.28509e-21 -7.75942e-05  -1.6326e-20 -9.29238e-06
 2.67911e-22  0.000204673  5.20766e-21  -0.00105719  -4.4365e-20   0.00256747   8.0576e-20   -0.0033501 -1.68792e-19   0.00193417   2.8349e-19  0.000536093 -1.87283e-19  -0.00130551  2.13569e-20  0.000218924  9.62727e-21  0.000421226  5.58527e-20 -9.45588e-05 -3.59199e-20
-0.000141096  5.20766e-21   0.00133536  2.59869e-20  -0.00455954 -9.10423e-20    0.0081346  1.62736e-19  -0.00752181 -5.22307e-19   0.00170445   6.5041e-19   0.00317828 -2.93436e-19  -0.00228142   1.1064e-20 -0.000611305 -7.74738e-20  0.000801079  1.47553e-19  1.44682e-05
-7.00209e-21  -0.00105719  2.59869e-20   0.00546864  3.89938e-20   -0.0133277  -4.9612e-21    0.0175339  3.46105e-19   -0.0103912 -1.09354e-18  -0.00250676  8.75904e-19   0.00698837 -2.03359e-19  -0.00164531  4.48364e-21  -0.00206192  -2.7046e-19  0.000763764  2.14867e-19
 0.000481204  -4.4365e-20  -0.00455954  3.89938e-20    0.0156288  -4.5604e-20   -0.0281488  1.29566e-19    0.0266877  9.81718e-19  -0.00712625 -1.57465e-18   -0.0104706  6.09102e-19   0.00887485   2.0801e-19   0.00100523  3.11678e-20   -0.0029923 -4.36303e-19  0.000470896
 2.09778e-20   0.00256747 -9.10423e-20   -0.0133277  -4.5604e-20    0.0328019 -1.78025e-19   -0.0442129 -4.26055e-19    0.0283374  2.20729e-18   0.00345235 -1.54835e-18   -0.0175723 -2.67612e-19    0.0069303  9.59867e-19   0.00385308 -1.02417e-19  -0.00301429 -3.64957e-19
 -0.00085659   8.0576e-20    0.0081346  -4.9612e-21   -0.0281488 -1.78025e-19    0.0519288  5.90562e-20   -0.0523847 -2.28595e-18    0.0193427  3.45207e-18    0.0157215 -1.01098e-18   -0.0196454 -1.56538e-18    0.0030965  1.73033e-18   0.00545829 -3.45251e-20  -0.00249068
-3.32203e-20   -0.0033501  1.62736e-19    0.0175339  1.29566e-19   -0.0442129  5.90562e-20    0.0631707  1.03775e-18   -0.0478023 -4.67362e-18   0.00560743  4.05932e-18    0.0230908 -1.65483e-19   -0.0179197 -3.14948e-18 -2.98136e-05  2.73108e-18   0.00592666 -1.07173e-18
 0.000788215 -1.68792e-19  -0.00752181  3.46105e-19    0.0266877 -4.26055e-19   -0.0523847  1.03775e-18    0.0609822   2.3446e-18   -0.0362079 -5.99021e-18  -0.00430851  3.93495e-18    0.0254518  9.35967e-19   -0.0157729  -4.0781e-18  -0.00203318  1.85653e-18    0.0043209
 6.32492e-20   0.00193417 -5.22307e-19   -0.0103912  9.81718e-19    0.0283374 -2.28595e-18   -0.0478023   2.3446e-18    0.0509772  3.02081e-18   -0.0273617 -5.71211e-18  -0.00884684  3.43684e-18    0.0264101  1.89332e-18   -0.0140964 -4.51151e-18  -0.00162377  5.34892e-18
-0.000174583   2.8349e-19   0.00170445 -1.09354e-18  -0.00712625  2.20729e-18    0.0193427 -4.67362e-18   -0.0362079  3.02081e-18     0.043308  2.65384e-18    -0.023894 -4.59704e-18   -0.0114307  2.09767e-18    0.0270496  3.65563e-18   -0.0144157 -5.06281e-18   0.00196728
-6.12242e-20  0.000536093   6.5041e-19  -0.00250676 -1.57465e-18   0.00345235  3.45207e-18   0.00560743 -5.99021e-18   -0.0273617  2.65384e-18    0.0409973  2.48687e-18   -0.0226916 -6.66258e-18   -0.0130091  7.72833e-18    0.0288332 -5.67782e-18   -0.0183092 -2.37978e-18
-0.000330279 -1.87283e-19   0.00317828  8.75904e-19   -0.0104706 -1.54835e-18    0.0157215  4.05932e-18  -0.00430851 -5.71211e-18    -0.023894  2.48687e-18    0.0410642  8.97623e-19   -0.0230166 -2.92162e-18   -0.0148521 -4.32312e-18    0.0341484  1.74847e-17   -0.0180152
 1.42395e-20  -0.00130551 -2.93436e-19   0.00698837  6.09102e-19   -0.0175723 -1.01098e-18    0.0230908  3.93495e-18  -0.00884684 -4.59704e-18   -0.0226916  8.97623e-19    0.0429376  1.15956e-17   -0.0241203 -3.43271e-17   -0.0193314  5.38188e-17     0.034033 -5.36962e-17
  0.00022431  2.13569e-20  -0.00228142 -2.03359e-19   0.00887485 -2.67612e-19   -0.0196454 -1.65483e-19    0.0254518  3.43684e-18   -0.0114307 -6.66258e-18   -0.0230166  1.15956e-17    0.0458628  -1.6322e-17   -0.0230479  3.50956e-17   -0.0180901   -7.178e-17    0.0172679
 1.08902e-20  0.000218924   1.1064e-20  -0.00164531   2.0801e-19    0.0069303 -1.56538e-18   -0.0179197  9.35967e-19    0.0264101  2.09767e-18   -0.0130091 -2.92162e-18   -0.0241203  -1.6322e-17    0.0475456  7.84023e-17   -0.0300692 -1.64886e-16   0.00530527  2.32217e-16
 7.47619e-05  9.62727e-21 -0.000611305  4.48364e-21   0.00100523  9.59867e-19    0.0030965 -3.14948e-18   -0.0157729  1.89332e-18    0.0270496  7.72833e-18   -0.0148521 -3.43271e-17   -0.0230479  7.84023e-17    0.0564979 -1.47399e-16   -0.0591444  2.23285e-16    0.0295625
 6.28509e-21  0.000421226 -7.74738e-20  -0.00206192  3.11678e-20   0.00385308  1.73033e-18 -2.98136e-05  -4.0781e-18   -0.0140964  3.65563e-18    0.0288332 -4.32312e-18   -0.0193314  3.50956e-17   -0.0300692 -1.47399e-16    0.0919605  3.34605e-16   -0.0965479 -5.15905e-16
-7.75942e-05  5.58527e-20  0.000801079  -2.7046e-19   -0.0029923 -1.02417e-19   0.00545829  2.73108e-18  -0.00203318 -4.51151e-18   -0.0144157 -5.67782e-18    0.0341484  5.38188e-17   -0.0180901 -1.64886e-16   -0.0591444  3.34605e-16     0.129755 -4.63246e-16   -0.0814569
 -1.6326e-20 -9.45588e-05  1.47553e-19  0.000763764 -4.36303e-19  -0.00301429 -3.45251e-20   0.00592666  1.85653e-18  -0.00162377 -5.06281e-18   -0.0183092  1.74847e-17     0.034033   -7.178e-17   0.00530527  2.23285e-16   -0.0965479 -4.63246e-16     0.123936  6.63525e-16
-9.29238e-06 -3.59199e-20  1.44682e-05  2.14867e-19  0.000470896 -3.64957e-19  -0.00249068 -1.07173e-18    0.0043209  5.34892e-18   0.00196728 -2.37978e-18   -0.0180152 -5.36962e-17    0.0172679  2.32217e-16    0.0295625 -5.15905e-16   -0.0814569  6.63525e-16    0.0536219
