 2.92112e-05 -8.74177e-22 -0.000232693  6.82971e-21   0.00060434 -1.71414e-20 -0.000708671  2.88155e-20  0.000300558 -3.37606e-20   0.00010469  2.41066e-20  -0.00010656 -1.34035e-20  -9.6777e-06  8.06629e-21  1.57636e-05 -2.35077e-21  1.01243e-06 -1.22735e-22 -4.14072e-07
-8.74177e-22  0.000348351  -3.2008e-21  -0.00147886  1.22557e-20   0.00265406 -2.09246e-20  -0.00213997  3.92938e-20  0.000308712 -4.22133e-20  0.000570568  2.34343e-20 -0.000192953 -2.44938e-20 -8.95651e-05  2.04149e-20  2.58798e-05 -3.79011e-21   5.6766e-06 -5.49595e-22
-0.000232693  -3.2008e-21   0.00193489 -2.80307e-21  -0.00533639 -1.12101e-20   0.00685879  2.05832e-20   -0.0035575  6.08516e-21 -0.000693728  1.50249e-20   0.00130266 -1.44863e-20 -6.24956e-05 -4.70503e-20 -0.000214449  3.85958e-20  1.01754e-05 -3.51884e-21  7.48244e-06
 6.82971e-21  -0.00147886 -2.80307e-21    0.0066622  1.35381e-20   -0.0130195 -8.93832e-20    0.0121008  9.57167e-20  -0.00320718 -9.66662e-20    -0.002915  2.01877e-19   0.00175204 -8.88395e-20  0.000367464 -8.87777e-20 -0.000283989  5.52621e-20 -2.34692e-05 -1.74039e-21
  0.00060434  1.22557e-20  -0.00533639  1.35381e-20    0.0159967  5.48252e-20   -0.0232714 -1.63516e-19    0.0153859  1.03643e-19   1.9847e-05 -3.18804e-19  -0.00545895  5.65562e-19   0.00140754 -1.76735e-19  0.000906557 -1.37723e-19 -0.000229769  5.96771e-20 -3.92233e-05
-1.71414e-20   0.00265406 -1.12101e-20   -0.0130195  5.48252e-20    0.0286634  8.43486e-20   -0.0320945 -8.34326e-21    0.0142081 -1.00037e-19   0.00527154 -7.16002e-19  -0.00703253  1.06018e-18  0.000303237 -2.46882e-19   0.00126124 -1.69327e-19  -8.9121e-05  4.57951e-20
-0.000708671 -2.09246e-20   0.00685879 -8.93832e-20   -0.0232714  8.43486e-20    0.0402878  -2.5608e-20   -0.0356929  7.20921e-19   0.00883137 -5.88439e-19    0.0104705 -1.24975e-18  -0.00703381  1.52813e-18  -0.00107719 -2.73533e-19   0.00127386 -1.71071e-19  3.23614e-05
 2.88155e-20  -0.00213997  2.05832e-20    0.0121008 -1.63516e-19   -0.0320945  -2.5608e-20    0.0465547 -4.72493e-19   -0.0335879  2.23835e-18   0.00175653 -1.28299e-18    0.0140787 -1.74005e-18  -0.00576674    1.798e-18  -0.00223469 -2.42236e-19  0.000974956 -1.48339e-19
 0.000300558  3.92938e-20   -0.0035575  9.57167e-20    0.0153859 -8.34326e-21   -0.0356929 -4.72493e-19    0.0466566 -1.38167e-18   -0.0283764  4.32193e-18  -0.00462934 -1.97915e-18    0.0158551 -2.01155e-18  -0.00388092  1.82507e-18   -0.0028925 -1.71725e-19  0.000500094
-3.37606e-20  0.000308712  6.08516e-21  -0.00320718  1.03643e-19    0.0142081  7.20921e-19   -0.0335879 -1.38167e-18    0.0431891 -2.61856e-18   -0.0230213  6.29495e-18  -0.00943925   -2.443e-18    0.0163354 -2.10391e-18  -0.00187028  1.76676e-18  -0.00294099 -1.00431e-19
  0.00010469 -4.22133e-20 -0.000693728 -9.66662e-20   1.9847e-05 -1.00037e-19   0.00883137  2.23835e-18   -0.0283764 -2.61856e-18     0.039329 -3.77048e-18   -0.0189847  7.48863e-18   -0.0129651 -2.53708e-18     0.016096  -2.2243e-18  2.46963e-05  1.89283e-18  -0.00226246
 2.41066e-20  0.000570568  1.50249e-20    -0.002915 -3.18804e-19   0.00527154 -5.88439e-19   0.00175653  4.32193e-18   -0.0230213 -3.77048e-18    0.0367948 -4.44671e-18   -0.0163485  7.86414e-18   -0.0158381 -2.42229e-18    0.0154391 -2.43788e-18   0.00168592  2.10089e-18
 -0.00010656  2.34343e-20   0.00130266  2.01877e-19  -0.00545895 -7.16002e-19    0.0104705 -1.28299e-18  -0.00462934  6.29495e-18   -0.0189847 -4.44671e-18    0.0358926 -4.68211e-18   -0.0146998  8.09213e-18   -0.0185975 -2.78042e-18    0.0143688 -2.58843e-18   0.00282329
-1.34035e-20 -0.000192953 -1.44863e-20   0.00175204  5.65562e-19  -0.00703253 -1.24975e-18    0.0140787 -1.97915e-18  -0.00943925  7.48863e-18   -0.0163485 -4.68211e-18    0.0364307 -4.90748e-18   -0.0136687  8.82206e-18   -0.0216746 -4.58939e-18    0.0124933 -2.58468e-18
 -9.6777e-06 -2.44938e-20 -6.24956e-05 -8.88395e-20   0.00140754  1.06018e-18  -0.00703381 -1.74005e-18    0.0158551   -2.443e-18   -0.0129651  7.86414e-18   -0.0146998 -4.90748e-18    0.0383378  -5.2605e-18   -0.0130141   1.0012e-17   -0.0255522 -7.59345e-18   0.00812249
 8.06629e-21 -8.95651e-05 -4.70503e-20  0.000367464 -1.76735e-19  0.000303237  1.52813e-18  -0.00576674 -2.01155e-18    0.0163354 -2.53708e-18   -0.0158381  8.09213e-18   -0.0136687  -5.2605e-18    0.0418907 -5.01901e-18   -0.0125025  1.15151e-17   -0.0310767 -8.09513e-18
 1.57636e-05  2.04149e-20 -0.000214449 -8.87777e-20  0.000906557 -2.46882e-19  -0.00107719    1.798e-18  -0.00388092 -2.10391e-18     0.016096 -2.42229e-18   -0.0185975  8.82206e-18   -0.0130141 -5.01901e-18    0.0478886 -3.52265e-18   -0.0118618  1.33297e-17   -0.0360073
-2.35077e-21  2.58798e-05  3.85958e-20 -0.000283989 -1.37723e-19   0.00126124 -2.73533e-19  -0.00223469  1.82507e-18  -0.00187028  -2.2243e-18    0.0154391 -2.78042e-18   -0.0216746   1.0012e-17   -0.0125025 -3.52265e-18    0.0582369 -3.09994e-18  -0.00622879  1.49147e-17
 1.01243e-06 -3.79011e-21  1.01754e-05  5.52621e-20 -0.000229769 -1.69327e-19   0.00127386 -2.42236e-19   -0.0028925  1.76676e-18  2.46963e-05 -2.43788e-18    0.0143688 -4.58939e-18   -0.0255522  1.15151e-17   -0.0118618 -3.09994e-18    0.0802232 -1.27356e-17    0.0278005
-1.22735e-22   5.6766e-06 -3.51884e-21 -2.34692e-05  5.96771e-20  -8.9121e-05 -1.71071e-19  0.000974956 -1.71725e-19  -0.00294099  1.89283e-18   0.00168592 -2.58843e-18    0.0124933 -7.59345e-18   -0.0310767  1.33297e-17  -0.00622879 -1.27356e-17     0.144891 -9.30575e-18
-4.14072e-07 -5.49595e-22  7.48244e-06 -1.74039e-21 -3.92233e-05  4.57951e-20  3.23614e-05 -1.48339e-19  0.000500094 -1.00431e-19  -0.00226246  2.10089e-18   0.00282329 -2.58468e-18   0.00812249 -8.09513e-18   -0.0360073  1.49147e-17    0.0278005 -9.30575e-18     0.209762
