 3.97284e-15 -4.35798e-30 -1.12956e-13  2.17927e-28  1.21325e-12 -3.12708e-27 -7.56215e-12  2.43175e-26  3.13134e-11 -1.23018e-25 -9.15149e-11  4.40542e-25  1.93677e-10 -1.17215e-24 -2.96941e-10  2.40244e-24  3.19976e-10 -3.96218e-24 -2.19823e-10  5.66622e-24   6.2837e-11 -7.81451e-24  3.31791e-11    1.098e-23 -3.20012e-11 -1.46602e-23 -1.26568e-12  1.65345e-23   9.2274e-12 -1.43016e-23 -1.84019e-13  8.48275e-24 -2.43237e-12 -2.29892e-24 -1.77987e-13 -1.56316e-24  5.65371e-13  3.03067e-24  1.56502e-13 -3.36976e-24 -8.78372e-14  3.23784e-24  -5.8594e-14 -2.61436e-24 -7.04131e-16  1.63455e-24  1.11625e-14 -6.96718e-25  4.25729e-15  7.74609e-26 -3.02916e-16  1.90843e-25 -8.30759e-16 -2.10458e-25 -2.99833e-16  1.24423e-25  -5.3087e-18 -4.54834e-26  3.94441e-17  1.00531e-26   1.8035e-17 -1.02428e-27  3.14842e-18 -1.48067e-27 -6.65194e-19  2.53187e-27 -6.26635e-19 -1.91938e-27 -2.07806e-19  7.04384e-28 -3.24421e-20 -5.33092e-30   3.6962e-21 -1.45698e-28  4.03458e-21  1.05279e-28  1.37389e-21 -5.11076e-29   2.8191e-22  1.63826e-29  2.74052e-23 -1.69385e-30 -4.79371e-24 -9.87969e-31 -3.00899e-24  3.95436e-31 -8.20872e-25  7.68753e-33  -1.5277e-25 -3.91626e-32 -1.96423e-26  5.91558e-33 -1.22645e-27  2.34859e-33  1.71282e-28 -6.84628e-34  7.23093e-29 -7.30074e-35  1.42494e-29  3.30158e-35  2.01771e-30  4.07914e-36  2.20915e-31  5.66133e-37  1.86285e-32  -4.5303e-37  1.11385e-33 -3.87554e-38  2.96394e-35  1.94732e-38 -2.69158e-36  1.01949e-39 -4.64183e-37 -1.03851e-40 -3.89837e-38  -3.9164e-42 -2.22983e-39 -3.18698e-42 -9.01826e-41 -3.52996e-43 -2.55275e-42 -6.21274e-45 -5.34428e-44  1.59998e-46 -4.31968e-46  5.03555e-49
-4.35798e-30  1.64164e-13 -1.30675e-28 -2.64295e-12  4.55039e-27  2.15052e-11  -5.2285e-26 -1.10392e-10  3.43851e-25  3.90956e-10 -1.51173e-24 -9.95611e-10  4.77183e-24  1.84863e-09 -1.12603e-23 -2.47548e-09  2.04981e-23  2.27541e-09 -3.01255e-23 -1.22427e-09  3.92292e-23  1.00374e-10 -5.18326e-23  3.29221e-10   7.2424e-23 -1.44177e-10 -9.48321e-23  -6.3783e-11  1.01058e-22  4.81519e-11 -7.89372e-23   1.5953e-11  3.85554e-23 -1.18694e-11 -3.22691e-24 -5.36687e-12 -1.42004e-23  1.96497e-12  1.85568e-23  1.67701e-12 -1.88576e-23  7.58696e-16  1.75796e-23  -3.5617e-13 -1.36919e-23   -1.172e-13  8.10618e-24  2.70858e-14 -3.15055e-24  3.16999e-14  1.13482e-25  7.84713e-15  1.05868e-24 -1.98284e-15 -1.02039e-24 -2.05507e-15  5.48489e-25 -5.97922e-16 -1.80338e-25  1.98134e-17  3.63984e-26   8.5529e-17 -4.92563e-27  3.55259e-17  -5.3084e-27  6.15964e-18  1.05337e-26 -9.79336e-19 -8.11951e-27 -1.01843e-18  3.03094e-27 -3.50041e-19 -1.37064e-28 -6.43164e-20 -4.92367e-28 -3.02131e-22  3.59659e-28  4.27829e-21 -1.76284e-28  1.68874e-21  5.71394e-29  3.96586e-22 -5.00361e-30  5.85059e-23 -4.25933e-30  2.34481e-24  1.56446e-30 -1.60547e-24  8.94656e-32 -5.98277e-25 -1.66073e-31  -1.3005e-25  1.62777e-32 -2.04662e-26  1.03345e-32 -2.33469e-27 -1.90476e-33 -1.56029e-28 -3.68332e-34   5.7303e-30  7.15413e-35  3.66183e-30  2.47296e-35  6.60884e-31  3.38549e-36  8.18016e-32  -1.5222e-36  7.77781e-33 -1.25198e-37  5.81243e-34  5.16917e-38   3.3624e-35  3.46535e-39  1.41941e-36 -9.27048e-41  3.51685e-38 -1.66549e-41 -1.16162e-40 -8.91377e-42 -5.12255e-41 -7.94366e-43 -2.23487e-42 -1.08606e-44  -5.5624e-44  5.28914e-46 -3.44268e-46
-1.12956e-13 -1.30675e-28  3.33027e-12 -2.23537e-27 -3.71732e-11  5.93283e-26  2.41413e-10 -5.64663e-25  -1.0449e-09   3.1961e-24  3.20533e-09   -1.234e-23 -7.16113e-09  3.45556e-23  1.16916e-08 -7.25779e-23 -1.36235e-08  1.17497e-22  1.04927e-08 -1.54092e-22 -4.01725e-09  1.84663e-22 -9.08971e-10 -2.39711e-22  1.64305e-09    3.382e-22 -2.22653e-10 -4.32597e-22 -4.36603e-10  4.30726e-22   1.0056e-10 -2.98394e-22  1.18183e-10  1.11798e-22 -1.79986e-11  2.19449e-23 -3.20792e-11 -7.05788e-23 -1.65163e-12  7.47657e-23   7.0266e-12 -7.24438e-23   2.2903e-12  6.62281e-23  -7.7534e-13 -4.96394e-23 -7.22882e-13  2.77156e-23 -1.14717e-13 -9.70011e-24  8.69847e-14 -5.32143e-25  5.47023e-14  3.96049e-24  8.65968e-15 -3.35974e-24 -4.66756e-15  1.62733e-24 -3.27749e-15 -4.78641e-25  -8.1481e-16  9.49414e-26  5.20766e-17 -2.16534e-26  1.19042e-16 -1.13386e-26  4.70109e-17  2.99554e-26   8.5699e-18  -2.3537e-26 -6.91579e-19  8.94236e-27 -1.03674e-18 -7.05879e-28 -3.79448e-19 -1.10825e-27 -7.99477e-20  8.30422e-28 -6.70507e-21 -4.21908e-28  2.21939e-21  1.43153e-28  1.19299e-21 -1.12313e-29  3.19986e-22 -1.25713e-29  5.79589e-23  4.37341e-30  6.58098e-24  4.00299e-31  5.55675e-26 -4.84408e-31 -1.84144e-25  2.44048e-32 -5.30799e-26  3.04926e-32 -9.70344e-27 -2.94662e-33 -1.32726e-27 -1.18749e-33 -1.38123e-28  6.08089e-35 -1.00772e-29  8.20611e-35 -2.96305e-31  1.23294e-35  4.67409e-32 -3.20718e-36  9.70066e-33 -2.94951e-37  1.06549e-33  8.79685e-38    8.391e-35  7.69679e-39  5.01797e-36  2.36816e-40  2.28069e-37 -2.70033e-41   7.6573e-39 -1.60568e-41  1.82821e-40 -1.24046e-42  2.61028e-42 -1.26347e-44  1.45178e-44  5.90637e-46
 2.17927e-28 -2.64295e-12 -2.23537e-27  4.42155e-11 -2.66906e-26 -3.74747e-10  5.68701e-25  2.00952e-09 -4.59132e-24  -7.4613e-09   2.2669e-23  2.00166e-08 -7.75005e-23 -3.94215e-08  1.93493e-22  5.66065e-08 -3.62559e-22 -5.69833e-08   5.2197e-22  3.56565e-08  -6.1146e-22 -7.38248e-09   6.8493e-22 -7.35052e-09 -8.99907e-22  5.15183e-09  1.29225e-21  8.64338e-10 -1.59866e-21 -1.62764e-09  1.46759e-21 -1.48312e-10  -8.8177e-22   4.3712e-10  2.18621e-22  7.85752e-11  1.63215e-22 -9.75077e-11  -2.4936e-22 -3.86474e-11  2.32003e-22   1.2834e-11 -2.21283e-22  1.21631e-11  1.99422e-22  1.19921e-12 -1.43504e-22 -2.00816e-12  7.54757e-23 -9.74262e-13  -2.3504e-23 -2.13277e-14 -3.91776e-24  1.56778e-13  1.15972e-23  6.95057e-14 -8.66861e-24  6.33694e-15  3.72951e-24 -7.06842e-15 -9.75401e-25  -3.9739e-15  2.15905e-25 -8.93654e-16 -8.03713e-26  6.08809e-17 -1.42915e-26  1.22765e-16  6.70474e-26  4.78318e-17   -5.381e-26  9.46568e-18  2.08607e-26 -1.63908e-21 -2.26921e-27 -7.31302e-19 -1.87919e-27 -2.96868e-19  1.47089e-27 -7.02592e-20 -8.09616e-28  -9.6002e-21  3.00844e-28  1.42194e-22 -2.31934e-29  5.01639e-22 -2.97605e-29  1.64064e-22  9.99895e-30  3.43194e-23  1.22379e-30  5.13089e-24 -1.12799e-30  4.97476e-25  6.34463e-33  6.73439e-27  7.08934e-32 -9.10192e-27 -1.42255e-33 -2.29483e-27 -2.89525e-33 -3.62492e-28 -1.12118e-34 -4.31425e-29  1.95379e-34 -4.01434e-30  3.31605e-35 -2.87044e-31  -4.7223e-36 -1.43738e-32 -5.60119e-37 -3.05499e-34   1.0472e-37  2.52661e-35  1.28374e-38  3.36529e-36  1.03309e-39  2.13693e-37  -1.3138e-41  8.79927e-39 -2.15723e-41  2.40231e-40 -1.49565e-42  3.65244e-42 -1.07123e-44  1.86116e-44
 1.21325e-12  4.55039e-27 -3.71732e-11 -2.66906e-26  4.32162e-10 -2.43463e-25 -2.93077e-09  4.30801e-24  1.32891e-08 -3.00258e-23 -4.28824e-08  1.30683e-22  1.01345e-07 -3.98214e-22 -1.76484e-07  8.89702e-22  2.22458e-07 -1.48875e-21 -1.91085e-07  1.90294e-21  9.16694e-08 -1.99285e-21  2.09863e-09  2.13515e-21 -3.02926e-08 -2.92952e-21  9.77887e-09   4.2728e-21  6.91641e-09 -5.04147e-21 -3.66454e-09  4.20617e-21 -1.82521e-09 -2.12697e-21  9.06127e-10  2.10639e-22  5.75041e-10  6.39134e-22 -1.28855e-10 -6.90226e-22 -1.65536e-10  5.93499e-22 -1.37925e-11 -5.71279e-22  3.20165e-11  5.07763e-22  1.34374e-11 -3.50295e-22 -1.53363e-12  1.73944e-22 -3.10547e-12 -4.76118e-23 -9.66402e-13 -1.46445e-23  1.21101e-13  2.83186e-23  2.04619e-13 -1.85506e-23   7.1107e-14  6.92245e-24  2.86706e-15 -1.60091e-24 -8.00185e-15  4.69576e-25 -3.92465e-15  -2.4166e-25 -8.44661e-16 -1.32997e-27  3.75494e-17  1.24595e-25  9.83274e-17 -1.02542e-25  3.90731e-17  4.07596e-26  8.48115e-18 -5.45752e-27  5.79897e-19 -2.43248e-27 -3.45565e-19  2.03469e-27 -1.70921e-19 -1.32105e-27 -4.51774e-20  5.67422e-28 -7.81302e-21 -4.69067e-29 -6.87265e-22 -6.04877e-29  8.47155e-23  1.98291e-29   5.1286e-23  2.97745e-30  1.27565e-23  -2.2343e-30  2.21289e-24 -8.40058e-32  2.86211e-25  1.39341e-31  2.59719e-26  6.80614e-33  1.01709e-27 -5.72189e-33 -1.64045e-28 -5.83022e-34 -4.43845e-29  3.69233e-34 -6.21604e-30   7.1536e-35 -6.31288e-31 -4.53644e-36  -4.9666e-32 -8.82877e-37  -3.0537e-33  7.74628e-38 -1.43388e-34  1.69668e-38  -4.8448e-36  2.21718e-39 -1.00513e-37   3.6703e-41 -4.28288e-40 -2.29044e-41  4.14673e-41 -1.40537e-42  7.73601e-43 -6.02736e-45
-3.12708e-27  2.15052e-11  5.93283e-26 -3.74747e-10 -2.43463e-25  3.31631e-09 -1.78709e-24 -1.86216e-08  2.68944e-23  7.26628e-08 -1.64025e-22 -2.05829e-07  6.34608e-22   4.3086e-07  -1.7325e-21 -6.64355e-07  3.47269e-21  7.31755e-07  -5.1869e-21 -5.25358e-07  5.86449e-21  1.69625e-07 -5.49599e-21  7.13024e-08  5.82537e-21 -8.54602e-08 -8.57583e-21  3.72503e-09  1.25536e-20  2.49627e-08 -1.39104e-20 -3.31858e-09  1.03863e-20 -6.96773e-09  -4.2237e-21  4.23218e-10 -3.96476e-22   1.8596e-09  1.83633e-21  2.39901e-10 -1.56913e-21 -3.86503e-10  1.30251e-21 -1.60561e-10  -1.2887e-21  3.41126e-11    1.126e-21  4.47699e-11 -7.45161e-22  9.69567e-12  3.51528e-22  -4.5687e-12 -8.34084e-23 -3.55951e-12 -4.08744e-23 -7.36793e-13  5.97727e-23  2.38522e-13 -3.38641e-23  2.12923e-13  1.05065e-23  6.19544e-14 -2.14528e-24  4.24707e-16  1.00026e-24 -7.20911e-15 -5.95258e-25 -3.26577e-15  4.55144e-26 -7.06266e-16  1.96657e-25  2.97738e-19 -1.67652e-25  6.15589e-17  6.87827e-26  2.58886e-17  -1.0434e-26  6.15604e-18 -2.16516e-27   7.4618e-19   2.0024e-27 -7.99023e-20 -1.89069e-27 -7.00226e-20  9.95223e-28 -2.12241e-20  -9.1901e-29 -4.25714e-21 -1.09575e-28 -5.79011e-22   3.5193e-29 -3.58565e-23  6.17696e-30  6.64111e-24 -3.90587e-30  2.76122e-24 -3.11446e-31  5.66524e-25  2.41097e-31  8.38346e-26  2.68727e-32  9.53888e-27 -9.48145e-33   8.2046e-28 -1.44592e-33  4.66859e-29  5.82056e-34  4.24751e-31  1.29527e-34 -2.74318e-31 -1.03723e-36 -3.88701e-32 -1.17468e-36 -3.30791e-33 -2.81542e-39 -2.02111e-34  1.82307e-38 -9.14173e-36  3.47263e-39 -2.98857e-37  1.07151e-40 -6.59726e-39 -1.96858e-41 -8.08114e-41 -9.88361e-43 -3.93586e-43
-7.56215e-12  -5.2285e-26  2.41413e-10  5.68701e-25 -2.93077e-09 -1.78709e-24  2.08095e-08 -1.09204e-23 -9.91095e-08  1.42269e-22  3.37288e-07 -7.67391e-22 -8.45262e-07  2.65715e-21  1.57324e-06 -6.52527e-21 -2.14711e-06  1.17503e-20   2.0497e-06 -1.56313e-20 -1.18641e-06  1.55274e-20  1.62803e-07 -1.30481e-20  3.03286e-07  1.43541e-20 -1.70833e-07 -2.30366e-20 -4.91395e-08   3.3212e-20  5.89416e-08 -3.40425e-20  1.06095e-08  2.23543e-20 -1.62789e-08 -6.73895e-21   -4.293e-09 -2.63826e-21  3.56528e-09  4.22977e-21  1.78182e-09 -3.00442e-21 -4.04132e-10  2.52126e-21 -5.19101e-10 -2.59104e-21 -7.94228e-11  2.21334e-21  7.86777e-11 -1.41055e-21  4.49448e-11  6.38841e-22  3.26528e-12 -1.29031e-22 -6.48084e-12 -9.47461e-23 -3.29434e-12   1.1163e-22 -4.36171e-13 -5.34165e-23   2.8313e-13  1.26407e-23  1.85726e-13 -2.31799e-24  4.78328e-14  2.04039e-24 -2.65376e-16 -1.22689e-24 -5.31107e-15  1.40296e-25 -2.32246e-15   2.6463e-25 -5.22251e-16 -2.39521e-25 -2.68385e-17  1.02058e-25  2.91871e-17 -1.59613e-26  1.37836e-17 -4.18365e-28  3.58402e-18  5.57044e-28  5.74189e-19  -2.4164e-27  2.53817e-20  1.65111e-27 -1.76805e-20 -1.69204e-28 -7.00956e-21 -1.80922e-28 -1.60324e-21  5.70464e-29 -2.62247e-22  1.13578e-29 -3.02208e-23 -6.17961e-30 -1.75644e-24 -7.44448e-31  1.90393e-25  3.77019e-31  7.57046e-26  6.34375e-32  1.34405e-26 -1.33521e-32  1.70462e-27 -2.68565e-33  1.67568e-28  7.86566e-34  1.29075e-29  2.02504e-34  7.54798e-31  6.42263e-36  2.99048e-32 -1.34306e-36  4.11657e-34 -1.21621e-37  -4.1448e-35  1.61208e-38 -3.68532e-36  4.39247e-39 -1.57359e-37   1.6283e-40 -3.82277e-39 -1.36583e-41 -4.48297e-41 -4.55384e-43
 2.43175e-26 -1.10392e-10 -5.64663e-25  2.00952e-09  4.30801e-24 -1.86216e-08 -1.09204e-23  1.09809e-07 -5.68998e-23 -4.51593e-07   6.5054e-22  1.35444e-06 -3.13016e-21  -3.0211e-06  9.75319e-21  5.01165e-06 -2.16094e-20  -6.0394e-06  3.49632e-20  4.92958e-06 -4.12384e-20  -2.1457e-06  3.55786e-20 -2.63386e-07 -2.69326e-20  8.39644e-07  3.28099e-20 -2.08028e-07 -5.73404e-20 -2.13773e-07  7.96836e-20    8.919e-08 -7.44894e-20  5.88286e-08  4.20916e-20 -2.24828e-08 -7.78904e-21 -1.82339e-08 -8.11796e-21   2.7597e-09  8.08217e-21  5.10038e-09 -4.90809e-21   6.7977e-10  4.39836e-21 -9.45287e-10 -4.69762e-21  -4.5931e-10  3.89996e-21  2.73937e-11 -2.41447e-21  9.91987e-11  1.06524e-21   3.4944e-11 -1.78099e-22  -2.4686e-12 -1.91842e-22 -6.73115e-12  1.87477e-22 -2.58797e-12 -7.28172e-23 -1.96831e-13   1.0402e-23   2.5558e-13 -1.92402e-24  1.39752e-13  3.86386e-24  3.35746e-14  -2.1528e-24  1.60912e-16  2.82219e-25  -3.2167e-15  2.98332e-25 -1.41228e-15 -3.04047e-25 -3.36461e-16  1.34419e-25 -3.37642e-17 -1.82957e-26  9.31105e-18   3.2628e-27  5.72683e-18 -3.36629e-27  1.64441e-18 -2.78602e-27  3.11294e-19  2.60489e-27  3.50525e-20 -2.87622e-28 -6.61708e-22 -2.76014e-28 -1.42647e-21  8.58309e-29 -4.03893e-22  1.89725e-29 -7.51817e-23 -9.01551e-30 -1.04526e-23 -1.43198e-30 -1.07806e-24  5.42432e-31 -7.01271e-26  1.19055e-31  4.01066e-28 -1.58984e-32  8.78084e-28 -4.14554e-33  1.46169e-28  9.25386e-34  1.57851e-29  2.78734e-34  1.27853e-30  1.67894e-35  8.00836e-32 -1.35812e-36  3.85117e-33 -2.47244e-37  1.37147e-34  1.18122e-38  3.34046e-36  4.67388e-39  4.56713e-38  1.74664e-40  1.53029e-40 -7.33749e-42 -1.91843e-42
 3.13134e-11  3.43851e-25  -1.0449e-09 -4.59132e-24  1.32891e-08  2.68944e-23 -9.91095e-08 -5.68998e-23  4.97378e-07 -2.57349e-22  -1.7907e-06  2.61031e-21  4.77265e-06  -1.1283e-20 -9.51862e-06  3.17765e-20  1.40869e-05  -6.3651e-20 -1.49155e-05  9.24181e-20   1.0178e-05 -9.58989e-20 -2.81882e-06  7.04485e-20 -1.78468e-06 -4.85777e-20  1.72771e-06  7.10972e-20  4.08634e-08 -1.32694e-19 -5.46432e-07  1.74115e-19  4.02163e-08 -1.46442e-19  1.58135e-07  6.90495e-20 -1.28302e-09 -3.24602e-21 -4.25878e-08 -1.85087e-20 -7.47234e-09  1.29276e-20  8.75135e-09 -6.87368e-21  4.15719e-09  7.03597e-21 -6.69279e-10 -7.72366e-21 -1.11533e-09  6.20621e-21 -2.76108e-10 -3.79048e-21  1.05601e-10  1.65733e-21  9.32495e-11 -2.18349e-22  2.16015e-11 -3.49545e-22 -5.51859e-12  2.86435e-22 -5.69742e-12 -8.42697e-23  -1.7895e-12  5.29876e-25 -6.51298e-14 -1.10034e-24  1.87927e-13  6.65637e-24  9.20904e-14 -3.24929e-24  2.16321e-14  4.53965e-25   7.3449e-16  2.64884e-25 -1.57719e-15 -3.51917e-25 -7.26646e-16  1.57371e-25 -1.84947e-16 -1.04088e-26 -2.61039e-17  8.90577e-27  9.06928e-19  -1.0931e-26  1.73369e-18  -2.9103e-27  5.76398e-19  3.90421e-27   1.2318e-19 -4.51016e-28  1.83707e-20  -3.9234e-28  1.58858e-21  1.21707e-28 -6.81393e-23  2.93026e-29 -5.82199e-23 -1.22993e-29 -1.33493e-23 -2.38077e-30 -2.08976e-24  7.26593e-31 -2.50016e-25  1.92877e-31 -2.31561e-26 -1.54528e-32 -1.57485e-27 -5.55432e-33 -6.11311e-29  9.56018e-34  1.61647e-30  3.42791e-34  5.13975e-31  2.74797e-35  4.93694e-32 -1.28077e-36  3.07679e-33  -3.4586e-37  1.35244e-34  7.27869e-39  4.12246e-36  4.24511e-39  7.97703e-38  1.40707e-40  7.99826e-40 -2.65682e-42
-1.23018e-25  3.90956e-10   3.1961e-24  -7.4613e-09 -3.00258e-23  7.26628e-08  1.42269e-22 -4.51593e-07 -2.57349e-22  1.96421e-06 -1.02445e-21 -6.25872e-06  9.30051e-21  1.49221e-05 -3.63249e-20 -2.66988e-05  9.27967e-20  3.52296e-05 -1.68241e-19 -3.24993e-05  2.18578e-19   1.7825e-05    -1.97e-19 -1.47803e-06  1.18809e-19 -5.31494e-06 -7.67016e-20  2.61777e-06  1.48132e-19   1.0041e-06 -2.85541e-19 -9.81924e-07  3.47543e-19 -2.34747e-07 -2.59294e-19   2.8229e-07  9.70662e-20  8.91262e-08  1.32679e-20 -6.27185e-08 -3.43473e-20 -3.53953e-08    1.707e-20  6.68041e-09 -8.24649e-21  1.02124e-08  1.04541e-20  1.80194e-09 -1.15222e-20 -1.52961e-09   8.9662e-21 -9.40503e-10 -5.53381e-21 -8.50313e-11  2.43849e-21  1.33146e-10 -2.29474e-22  7.16985e-11 -5.84149e-22  1.05668e-11  4.01329e-22 -5.87712e-12 -7.78884e-23 -4.12376e-12 -1.92006e-23 -1.12119e-12 -4.86488e-25 -1.79916e-14  1.03278e-23   1.1541e-13 -4.22866e-24   5.3367e-14  6.40538e-25  1.27102e-14  1.44978e-25   9.2974e-16 -3.91631e-25 -5.96024e-16  1.62044e-25 -3.09492e-16  1.78018e-26 -8.47085e-17  1.60253e-26 -1.46514e-17 -2.31309e-26 -1.03478e-18  -2.7454e-27  3.06566e-19  5.54029e-27  1.44842e-19 -6.59875e-28  3.51748e-20 -5.22443e-28  6.05627e-21  1.65111e-28  7.58265e-22  4.24283e-29  5.89135e-23 -1.58407e-29 -6.69169e-25 -3.54213e-30 -1.15235e-24  9.12718e-31 -2.32167e-25  2.79929e-31 -3.08864e-26 -1.08011e-32 -3.12438e-27  -6.6089e-33 -2.47809e-28  8.72071e-34 -1.52595e-29  3.81422e-34 -6.93436e-31  3.54572e-35  -1.9839e-32 -1.22004e-36 -8.05948e-35  -3.9487e-37  2.28366e-35  3.99197e-39  1.12221e-36  3.27901e-39  2.41137e-38  8.40588e-41  1.85013e-40
-9.15149e-11 -1.51173e-24  3.20533e-09   2.2669e-23 -4.28824e-08 -1.64025e-22  3.37288e-07   6.5054e-22  -1.7907e-06 -1.02445e-21  6.84695e-06 -3.62947e-21 -1.94797e-05  2.97088e-20  4.17674e-05 -1.05357e-19 -6.71859e-05  2.44823e-19  7.88562e-05 -4.01835e-19 -6.25158e-05  4.64785e-19  2.55164e-05  -3.5617e-19  5.17029e-06  1.63282e-19 -1.14096e-05  -1.0614e-19  2.37002e-06  2.98161e-19  3.13536e-06 -5.70969e-19 -1.16323e-06  6.35238e-19 -8.96321e-07  -4.1348e-19  3.07213e-07  1.11697e-19  2.82158e-07  4.87339e-20 -3.63542e-08 -5.33657e-20 -8.01906e-08  1.75468e-20 -1.19797e-08 -8.47503e-21  1.51367e-08  1.45225e-20  7.71286e-09 -1.55171e-20 -3.93448e-10  1.18063e-20 -1.69169e-09 -7.62138e-21 -6.15062e-10  3.42489e-21  3.96834e-11 -1.80545e-22  1.19927e-10 -9.06592e-22  4.73106e-11  5.18218e-22  3.90666e-12  -4.4474e-23 -4.65088e-12 -4.84193e-23  -2.6195e-12 -1.19129e-24 -6.50073e-13  1.43387e-23 -1.13636e-14 -4.70796e-24  5.93598e-14  8.70221e-25  2.70525e-14 -4.83931e-26  6.68567e-15 -4.59948e-25  7.56938e-16  1.41479e-25 -1.48873e-16  7.77822e-26 -1.04943e-16  2.36861e-26 -3.14271e-17 -4.04217e-26 -6.21495e-18 -2.28612e-27 -7.75168e-19  7.41661e-27 -1.48603e-20 -9.18433e-28  2.16892e-20 -6.54429e-28  6.81858e-21   2.1725e-28  1.32557e-21  5.82679e-29   1.9138e-22  -1.9355e-29   2.0941e-23 -4.81296e-30  1.60283e-24  1.07908e-30  4.95322e-26  3.71042e-31 -8.07694e-27 -1.90877e-33  -1.7522e-27 -7.08194e-33 -2.00608e-28  7.08133e-34 -1.64447e-29  3.88651e-34 -1.02216e-30  3.85819e-35 -4.82352e-32 -1.24865e-36 -1.67714e-33 -3.88334e-37 -4.02022e-35  2.25216e-39  -5.8459e-37  2.10556e-39 -3.76907e-39  3.31995e-41
 4.40542e-25 -9.95611e-10   -1.234e-23  2.00166e-08  1.30683e-22 -2.05829e-07 -7.67391e-22  1.35444e-06  2.61031e-21 -6.25872e-06 -3.62947e-21  2.12786e-05 -1.15487e-20 -5.44463e-05  8.57603e-20  0.000105428 -2.77282e-19 -0.000152615  5.87361e-19  0.000158591 -8.72109e-19 -0.000105647  8.90889e-19  2.64935e-05 -5.59117e-19  2.15272e-05  1.56878e-19  -1.9049e-05 -1.29824e-19 -1.11104e-06   5.7791e-19   6.4339e-06 -1.06051e-18 -3.36411e-07  1.06532e-18  -1.9424e-06 -5.91694e-19 -1.07927e-08   9.0171e-20  5.41943e-07  1.07124e-19  1.00403e-07 -6.92111e-20 -1.15739e-07  1.10039e-20 -5.62894e-08  -7.6674e-21  9.37108e-09  1.88241e-20  1.56826e-08 -1.86138e-20  3.88035e-09  1.42207e-20 -1.57183e-09 -1.00462e-20 -1.37806e-09  4.61368e-21 -3.17045e-10 -2.94895e-23  8.70027e-11 -1.31714e-21  8.81438e-11  6.17651e-22  2.77171e-11   2.1129e-23   9.3552e-13 -8.30773e-23 -3.00598e-12 -4.47882e-24 -1.47973e-12  1.76227e-23 -3.51969e-13 -4.37658e-24  -1.3656e-14    1.263e-24    2.514e-14 -2.57305e-25  1.18233e-14 -6.22183e-25  3.07136e-15  9.26587e-26  4.55426e-16  1.79035e-25 -5.34219e-18  3.06264e-26 -2.61392e-17 -6.23288e-26 -9.07404e-18 -1.51922e-27 -1.99337e-18  9.33633e-27  -3.0955e-19 -1.24436e-27 -3.02597e-20 -7.74402e-28 -2.69096e-23  2.79959e-28  7.21811e-22  7.66369e-29  1.80889e-22 -2.24431e-29  2.92403e-23 -6.04976e-30  3.57579e-24  1.20207e-30  3.41025e-25  4.53676e-31  2.47642e-26  9.70086e-33  1.22094e-27  -6.9066e-33    1.871e-29  5.24382e-34 -3.30857e-30  3.67169e-34  -3.9375e-31  3.64361e-35 -2.49495e-32 -1.34653e-36 -1.04202e-33 -3.35329e-37 -2.85218e-35  1.48824e-39 -4.56977e-37  1.06523e-39 -2.82436e-39
 1.93677e-10  4.77183e-24 -7.16113e-09 -7.75005e-23  1.01345e-07  6.34608e-22 -8.45262e-07 -3.13016e-21  4.77265e-06  9.30051e-21 -1.94797e-05 -1.15487e-20  5.94442e-05 -3.32572e-20 -0.000137626  2.25239e-19  0.000241452 -6.66258e-19 -0.000314443  1.28853e-18   0.00028706 -1.72759e-18 -0.000154554  1.53944e-18  8.42676e-06 -7.35175e-19  5.09843e-05  1.18876e-20 -2.41683e-05 -1.46257e-19 -1.03201e-05  1.07085e-18  9.73272e-06 -1.83035e-18  2.47481e-06  1.64159e-18 -2.94929e-06 -7.52493e-19 -9.48384e-07  6.00381e-21  6.92685e-07  1.84714e-19  3.90331e-07 -7.17414e-20 -8.16163e-08 -4.46011e-21 -1.18757e-07 -7.05936e-21 -1.95869e-08  2.24588e-20  1.91856e-08 -1.92891e-20  1.14237e-08  1.57419e-20  8.47911e-10 -1.28414e-20 -1.75893e-09  5.96483e-21 -9.16759e-10  2.71885e-22 -1.24064e-10 -1.80045e-21  8.30089e-11  6.77365e-22  5.57671e-11  1.17441e-22  1.48355e-11 -1.15385e-22  5.43953e-14 -1.12069e-23 -1.63797e-12  1.86512e-23 -7.45659e-13 -3.20832e-24 -1.76908e-13  2.05859e-24 -1.28626e-14 -3.81148e-25  8.35511e-15 -9.57807e-25  4.34687e-15  1.79574e-26  1.19838e-15  3.24952e-25  2.11346e-16  3.53242e-26  1.67041e-17 -8.71682e-26 -3.67979e-18 -3.46139e-28 -1.89429e-18  1.10216e-26 -4.70287e-19 -1.67437e-27 -8.24679e-20 -8.70358e-28 -1.06684e-20   3.5461e-28 -9.20111e-22  9.72327e-29 -1.79331e-23 -2.46065e-29  1.08376e-23 -7.09076e-30  2.45071e-24  1.26139e-30  3.34797e-25  5.13951e-31  3.40581e-26  2.12209e-32  2.70103e-27 -6.19646e-33  1.67051e-28  3.79008e-34  7.81159e-30  3.25568e-34  2.54263e-31  3.02459e-35  4.37649e-33 -1.41809e-36 -3.74762e-35 -2.54702e-37  -3.9217e-36  1.02109e-39 -7.43234e-38  3.68709e-40
-1.17215e-24  1.84863e-09  3.45556e-23 -3.94215e-08 -3.98214e-22   4.3086e-07  2.65715e-21  -3.0211e-06  -1.1283e-20  1.49221e-05  2.97088e-20 -5.44463e-05 -3.32572e-20   0.00015032  -8.7244e-20 -0.000316508  5.41352e-19  0.000504287 -1.46936e-18 -0.000589797  2.59719e-18   0.00046719 -3.13469e-18 -0.000188553  2.39009e-18 -4.49237e-05 -7.25378e-19  9.20224e-05 -3.99721e-19 -1.89758e-05 -1.72407e-19 -2.65308e-05  1.88301e-18  1.01792e-05 -2.93858e-18  7.84824e-06  2.32572e-18 -2.90444e-06 -8.31308e-19 -2.57797e-06 -1.61449e-19  4.06372e-07  2.66476e-19  7.77983e-07 -4.97026e-20  9.82873e-08 -2.70836e-20 -1.59988e-07 -9.01132e-21 -7.65993e-08  2.38864e-20  6.99135e-09 -1.59154e-20  1.86244e-08  1.61444e-20  6.33496e-09 -1.60673e-20 -6.94899e-10  7.38635e-21 -1.39988e-09  7.66047e-22 -5.23065e-10 -2.32343e-21  -3.0525e-11  6.75502e-22   5.8795e-11  2.35637e-22  3.12319e-11 -1.34905e-22  7.42703e-12 -2.11669e-23 -2.36164e-14  1.56284e-23 -7.57002e-13 -1.61878e-24  -3.3316e-13  3.59584e-24 -8.09972e-14 -2.98043e-25 -8.90692e-15 -1.53308e-24  1.89331e-15 -7.40861e-26  1.29109e-15  5.09065e-25  3.84603e-16  3.59554e-26  7.63005e-17 -1.12024e-25  9.74082e-18  1.49174e-27  2.95635e-19  1.21678e-26 -2.31371e-19 -2.25894e-27 -7.57887e-20 -9.36101e-28 -1.48905e-20   4.4031e-28 -2.16747e-21  1.19473e-28 -2.41442e-22 -2.53306e-29 -1.95757e-23 -7.78143e-30 -8.67483e-25  1.24635e-30  4.15415e-26  5.39864e-31  1.34037e-26  2.94918e-32  1.60368e-27 -5.18722e-33  1.30397e-28  3.03663e-34  7.85629e-30  2.73679e-34  3.53116e-31  2.21136e-35  1.14816e-32 -1.36552e-36  2.51182e-34 -1.68374e-37  3.17015e-36  5.66532e-40  1.42059e-38
-2.96941e-10 -1.12603e-23  1.16916e-08  1.93493e-22 -1.76484e-07  -1.7325e-21  1.57324e-06  9.75319e-21 -9.51862e-06 -3.63249e-20  4.17674e-05  8.57603e-20 -0.000137626  -8.7244e-20  0.000346146 -2.09672e-19 -0.000665703  1.19676e-18  0.000964675 -2.98819e-18  -0.00100965  4.83012e-18   0.00068024 -5.22442e-18   -0.0001714  3.30377e-18 -0.000147605 -2.66738e-19  0.000133804 -1.22621e-18  6.56606e-06 -2.57424e-19 -4.74108e-05  3.12566e-18  3.58006e-06 -4.39598e-18  1.50001e-05  3.02717e-18 -3.92499e-07 -7.52246e-19 -4.45173e-06 -4.15046e-19 -6.73046e-07  3.26104e-19  1.04153e-06  4.56842e-21  4.58233e-07 -5.00187e-20 -1.09393e-07 -1.63189e-20 -1.43914e-07  2.09797e-20 -3.04647e-08 -7.26702e-21  1.74186e-08  1.55776e-20  1.32648e-08  -1.9757e-20  2.63882e-09  8.73697e-21 -1.07288e-09  1.47487e-21 -9.12138e-10  -2.8383e-21 -2.64845e-10  5.93113e-22  1.50586e-12  3.60948e-22  3.42778e-11 -1.30445e-22  1.57089e-11 -3.25613e-23  3.52354e-12  6.76866e-24   4.8866e-14 -4.70206e-25 -2.92938e-13  6.23156e-24 -1.30028e-13  9.84469e-26 -3.28905e-14 -2.36905e-24  -4.7247e-15 -1.68919e-25  1.02053e-16  7.13136e-25  2.86454e-16  3.02999e-26  9.72855e-17 -1.33071e-25  2.11814e-17  4.43747e-27  3.28894e-18  1.25207e-26  3.29918e-19 -3.04353e-27  4.41277e-21 -9.73373e-28 -6.49016e-21  5.32207e-28 -1.67781e-21  1.42221e-28 -2.71551e-22 -2.42328e-29 -3.30672e-23 -8.00011e-30 -3.14802e-24  1.16064e-30 -2.31446e-25  5.24914e-31 -1.22162e-26  3.22208e-32 -3.36299e-28 -4.12881e-33  1.14454e-29  2.94612e-34  2.01204e-30   2.1911e-34  1.28347e-31  1.41058e-35  4.96462e-33 -1.15694e-36  1.17133e-34 -9.45295e-38  1.39245e-36  1.95318e-40
 2.40244e-24 -2.47548e-09 -7.25779e-23  5.66065e-08  8.89702e-22 -6.64355e-07 -6.52527e-21  5.01165e-06  3.17765e-20 -2.66988e-05 -1.05357e-19  0.000105428  2.25239e-19 -0.000316508 -2.09672e-19  0.000729627 -4.63933e-19  -0.00128639   2.4444e-18   0.00169644 -5.62718e-18  -0.00157942  8.31972e-18  0.000875234 -8.01412e-18 -5.63646e-05  3.98135e-18  -0.00030132  9.86755e-19  0.000154025 -2.59546e-18  6.03223e-05 -4.88771e-19 -6.50765e-05  4.88484e-18  -1.3891e-05 -6.14004e-18  2.09848e-05  3.60897e-18  5.69763e-06 -4.49586e-19  -5.4201e-06 -7.30452e-19 -2.65347e-06  3.31107e-19  8.08796e-07  9.01724e-20  9.12909e-07  -6.1831e-20  1.02475e-07 -3.10031e-20 -1.73218e-07  1.14288e-20 -8.95952e-08  6.95928e-21 -1.39234e-09  1.45403e-20  1.66566e-08 -2.38443e-20  7.67269e-09  9.85451e-21  6.95567e-10  2.39009e-21 -8.81707e-10 -3.29108e-21 -5.14457e-10  4.15135e-22   -1.228e-10  4.75435e-22  6.45869e-12 -9.21333e-23  1.70312e-11  -4.1886e-23  7.12595e-12 -9.39531e-24  1.57923e-12  -8.8071e-25   7.6075e-14   1.0214e-23 -9.14216e-14  8.59739e-25 -4.32602e-14 -3.41648e-24 -1.14912e-14 -2.47472e-25 -1.96187e-15   9.0811e-25 -1.42325e-16  1.57434e-26  3.74801e-17  -1.4623e-25  1.80182e-17  9.05301e-27  4.37412e-18  1.19548e-26  7.56798e-19 -4.04171e-27  9.73828e-20 -9.90967e-28  8.55369e-21  6.20913e-28  2.44102e-22  1.63558e-28 -7.75667e-23 -2.12186e-29 -1.84315e-23 -7.68141e-30 -2.50303e-24  1.02267e-30 -2.49798e-25  4.70677e-31 -1.93208e-26  2.89123e-32 -1.16292e-27 -3.18575e-33 -5.31434e-29   3.2205e-34 -1.73411e-30  1.66524e-34 -3.46615e-32   7.6374e-36 -1.94142e-34 -8.41356e-37  7.49335e-36 -4.28338e-38  1.11084e-37
 3.19976e-10  2.04981e-23 -1.36235e-08 -3.62559e-22  2.22458e-07  3.47269e-21 -2.14711e-06 -2.16094e-20  1.40869e-05  9.27967e-20 -6.71859e-05 -2.77282e-19  0.000241452  5.41352e-19 -0.000665703 -4.63933e-19   0.00141433 -9.49254e-19  -0.00229317  4.63142e-18   0.00275101 -9.84949e-18  -0.00225691  1.33193e-17  0.000967032 -1.13305e-17  0.000199185   3.9704e-18 -0.000484773  3.39518e-18  0.000122116 -4.56481e-18  0.000141512 -9.82592e-19 -6.63288e-05  7.18524e-18 -4.28493e-05 -8.02502e-18  2.08109e-05  3.91217e-18  1.50943e-05  1.07427e-19 -3.84777e-06 -1.05445e-18 -5.07677e-06  2.52104e-19 -2.84452e-07  1.94904e-19  1.21343e-06 -4.93205e-20  4.82536e-07 -5.31167e-20 -9.88207e-08 -6.51274e-21 -1.43977e-07  2.58388e-20 -4.05488e-08  1.36808e-20  9.70607e-09 -2.81219e-20  1.16433e-08  1.06041e-20  3.77147e-09   3.4773e-21 -3.34764e-11 -3.63274e-21 -5.56901e-10  1.29925e-22 -2.58771e-10  5.60942e-22 -5.37747e-11  -1.3131e-23   3.9038e-12 -4.44318e-23  7.27474e-12 -3.37094e-23  2.89969e-12 -3.88333e-24  6.55784e-13  1.55506e-23  5.81587e-14  1.95671e-24 -2.09002e-14 -4.54778e-24 -1.18129e-14 -2.89324e-25 -3.33957e-15  1.05807e-24 -6.39153e-16 -1.04755e-26 -7.81341e-17 -1.48012e-25  -1.6949e-18  1.58568e-26  2.00353e-18  1.05232e-26  6.23112e-19 -5.21136e-27  1.19191e-19 -1.00102e-27  1.70033e-20  6.93637e-28  1.86708e-21  1.80808e-28  1.51378e-22 -1.65723e-29  7.25819e-24 -6.83407e-30  -1.5979e-25  8.60508e-31  -7.6542e-26   3.8696e-31 -9.17823e-27  2.10374e-32 -7.19616e-28 -2.39924e-33 -4.09616e-29   3.4944e-34 -1.70452e-30  1.18821e-34  -4.9866e-32  3.28277e-36 -9.31822e-34 -5.10697e-37 -8.75534e-36 -1.36831e-38
-3.96218e-24  2.27541e-09  1.17497e-22 -5.69833e-08 -1.48875e-21  7.31755e-07  1.17503e-20  -6.0394e-06  -6.3651e-20  3.52296e-05  2.44823e-19 -0.000152615 -6.66258e-19  0.000504287  1.19676e-18  -0.00128639 -9.49254e-19   0.00253183 -1.80305e-18  -0.00378521  8.16919e-18   0.00412431 -1.60794e-17  -0.00293777  1.98855e-17   0.00084951 -1.47758e-17  0.000612136  2.74559e-18 -0.000648494  7.22587e-18  9.13469e-06 -7.08164e-18  0.000235034  -1.8564e-18 -3.63129e-05  9.96206e-18 -7.79321e-05 -9.83621e-18  9.00914e-06  3.79384e-18  2.52342e-05  8.96082e-19  1.65534e-06 -1.31371e-18 -6.78128e-06  7.31428e-20 -2.31747e-06  2.96663e-19  1.00022e-06 -1.91151e-21  9.16008e-07 -8.02079e-20  1.23272e-07 -3.31632e-20 -1.46947e-07  4.73002e-20 -8.83097e-08  1.34985e-20 -1.16773e-08 -3.22673e-20  1.02516e-08  1.09257e-20  6.72929e-09  4.69502e-21  1.62534e-09 -3.82811e-21 -1.75776e-10 -2.71399e-22 -2.94813e-10  6.01473e-22 -1.18037e-10   1.0926e-22 -2.27635e-11 -3.54475e-23  1.33162e-12 -6.61346e-23  2.64928e-12 -1.00617e-23  1.04324e-12  2.19171e-23  2.44909e-13  3.28206e-24  3.08712e-14  -5.5701e-24 -2.32423e-15  -2.7723e-25 -2.47627e-15  1.12652e-24 -7.73983e-16  -5.0696e-26 -1.61168e-16 -1.36353e-25 -2.40897e-17  2.51041e-26 -2.29659e-18  8.45841e-27  -1.1565e-20  -6.4467e-27  4.82124e-20 -1.01414e-27  1.17983e-20  7.36872e-28  1.84434e-21  1.90969e-28  2.17855e-22 -1.09256e-29   2.0163e-23  -5.5486e-30  1.44789e-24  7.02601e-31   7.5975e-26  2.89124e-31   2.3262e-27  1.13558e-32 -2.42906e-29 -1.72408e-33 -7.63555e-30  3.50858e-34 -4.70214e-31    7.831e-35 -1.61171e-32  9.08085e-37 -3.04725e-34 -2.45644e-37 -2.13879e-36
-2.19823e-10 -3.01255e-23  1.04927e-08   5.2197e-22 -1.91085e-07  -5.1869e-21   2.0497e-06  3.49632e-20 -1.49155e-05 -1.68241e-19  7.88562e-05  5.87361e-19 -0.000314443 -1.46936e-18  0.000964675   2.4444e-18  -0.00229317 -1.80305e-18   0.00420177 -3.19022e-18   -0.0058054  1.34567e-17   0.00572768 -2.45598e-17   -0.0034595  2.77804e-17  0.000424831 -1.77781e-17   0.00115285 -1.40261e-19 -0.000720764  1.25433e-17 -0.000197877 -9.97538e-18  0.000310355 -3.19196e-18  3.47934e-05  1.30541e-17 -0.000106909  -1.1328e-17 -1.75456e-05  3.16674e-18   3.1244e-05  1.83642e-18  1.11896e-05 -1.43247e-18 -6.15913e-06 -2.01098e-19 -4.82215e-06  3.69164e-19 -2.43943e-08   8.4055e-20  1.15905e-06 -1.07808e-19  4.65314e-07 -6.67821e-20 -5.28355e-08  6.86172e-20  -1.1688e-07  1.40831e-20 -4.33716e-08 -3.59464e-20  1.93485e-10  1.08566e-20  7.14118e-09   6.0209e-21  3.39007e-09 -3.85857e-21  6.35376e-10 -7.94108e-22  -1.2874e-10  5.85105e-22 -1.35008e-10  2.73069e-22 -4.91331e-11 -1.17291e-23  -9.3456e-12 -1.05574e-22   1.4642e-13 -1.93223e-23  8.01219e-13  2.86438e-23  3.24158e-13  4.68337e-24  7.95375e-14 -6.25699e-24  1.23842e-14 -2.01925e-25  5.90669e-16  1.08359e-24 -3.36407e-16 -1.06005e-25 -1.33838e-16 -1.11192e-25 -3.04615e-17  3.65885e-26  -5.0432e-18  6.12113e-27 -6.23317e-19 -7.59276e-27 -5.21469e-20 -1.03549e-27 -1.23022e-21  7.39802e-28  4.91347e-22  1.91455e-28  1.08752e-22 -5.11015e-30  1.40807e-23 -3.99021e-30  1.34164e-24  5.68375e-31   9.8795e-26  1.93547e-31  5.63483e-27  2.74198e-33  2.42725e-28 -1.10547e-33  7.44728e-30  3.18379e-34  1.42869e-31  4.67716e-35  1.11007e-33 -3.81918e-38 -8.21015e-36  -8.1643e-38
 5.66622e-24 -1.22427e-09 -1.54092e-22  3.56565e-08  1.90294e-21 -5.25358e-07 -1.56313e-20  4.92958e-06  9.24181e-20 -3.24993e-05 -4.01835e-19  0.000158591  1.28853e-18 -0.000589797 -2.98819e-18   0.00169644  4.63142e-18  -0.00378521 -3.19022e-18   0.00648846 -5.27368e-18  -0.00830025  2.07579e-17   0.00737824 -3.51994e-17  -0.00363038  3.64443e-17 -0.000358603 -1.97391e-17    0.0017359 -4.87692e-18 -0.000626111  1.91422e-17 -0.000482774 -1.29888e-17  0.000327525 -5.00353e-18  0.000144498  1.62242e-17 -0.000113058 -1.22752e-17 -5.66665e-05  2.02694e-18  2.72713e-05  2.80538e-18  2.27262e-05 -1.35365e-18 -1.84828e-06 -5.44328e-19 -6.72795e-06  3.90034e-19 -1.86059e-06  2.02913e-19  9.19485e-07 -1.30814e-19  7.99362e-07 -1.03494e-19   1.4888e-07  8.71594e-20 -9.26206e-08  1.50181e-20  -7.0733e-08 -3.89573e-20  -1.7516e-08  1.05114e-20  2.92548e-09   7.4702e-21  4.00669e-09 -3.71832e-21  1.53593e-09 -1.43635e-21  2.36128e-10  5.06205e-22  -6.3355e-11  4.71622e-22 -5.39727e-11  2.68977e-23 -1.85857e-11 -1.49858e-22 -3.64181e-12  -3.0925e-23 -1.42569e-13  3.47863e-23  1.89839e-13  6.01536e-24  8.40621e-14 -6.39143e-24  2.16821e-14 -6.57184e-26  3.84209e-15  9.12767e-25  4.13102e-16  -1.7535e-25 -5.89024e-18  -7.4627e-26 -1.47655e-17  4.95517e-26 -4.03243e-18  3.91191e-27 -7.24837e-19 -8.47928e-27 -9.86197e-20 -1.06355e-27 -1.03642e-20    6.973e-28  -8.0234e-22  1.80938e-28 -3.61783e-23  4.89387e-32   8.9446e-25   -2.374e-30  3.65788e-25  4.63028e-31  4.09438e-26  1.13102e-31  2.98433e-27 -2.89407e-33  1.55866e-28 -5.38571e-34  5.81997e-30  2.59297e-34  1.46837e-31   2.4774e-35  2.17593e-33 -2.08076e-37  1.22072e-35
  6.2837e-11  3.92292e-23 -4.01725e-09  -6.1146e-22  9.16694e-08  5.86449e-21 -1.18641e-06 -4.12384e-20   1.0178e-05  2.18578e-19 -6.25158e-05 -8.72109e-19   0.00028706  2.59719e-18  -0.00100965 -5.62718e-18   0.00275101  8.16919e-18   -0.0058054 -5.27368e-18   0.00935658 -8.16521e-18   -0.0110983  3.00537e-17   0.00882025 -4.74622e-17  -0.00327874  4.50763e-17  -0.00147388 -2.02448e-17   0.00223011 -1.12607e-17 -0.000311613  2.65604e-17 -0.000795269 -1.58378e-17  0.000249725 -7.22603e-18  0.000273712  1.92016e-17 -8.07614e-05 -1.25209e-17 -9.93487e-05  4.60045e-19  8.95951e-06  3.66501e-18  3.20722e-05 -1.05616e-18  6.37477e-06 -9.14388e-19 -6.65033e-06  3.48129e-19 -4.04099e-06  3.40164e-19   1.4173e-08 -1.45205e-19  9.22677e-07  -1.3788e-19   4.0549e-07  1.01149e-19   3.5424e-09  1.55013e-20 -7.31114e-08 -4.13509e-20 -3.57812e-08  1.00255e-20   -5.833e-09  9.09254e-21  2.36584e-09 -3.40871e-21  1.92829e-09 -2.18351e-21  6.38628e-10  3.68366e-22   8.8052e-11   6.9407e-22 -2.36044e-11  7.68893e-23 -1.87328e-11 -1.95924e-22   -6.299e-12 -4.37865e-23 -1.29755e-12  3.92616e-23 -1.16689e-13  7.18916e-24  3.00137e-14 -5.81121e-24  1.72423e-14  1.16253e-25  4.76457e-15   6.1553e-25  9.18051e-16 -2.54904e-25  1.26659e-16 -3.05695e-26  1.03571e-17  6.27611e-26 -3.42178e-19   2.1782e-27 -3.08775e-19 -8.96213e-27 -6.64511e-20 -1.09136e-27 -9.69526e-21  6.11593e-28 -1.08315e-21  1.59927e-28 -9.50816e-23  3.92124e-30 -6.46663e-24 -9.24004e-31  -3.2024e-25  3.79072e-31  -9.2466e-27  5.44289e-32  7.79057e-29 -5.10485e-33  2.44028e-29 -7.32525e-35  1.32507e-30  1.88332e-34  3.75893e-32  1.13054e-35  5.08093e-34 -1.11057e-37
-7.81451e-24  1.00374e-10  1.84663e-22 -7.38248e-09 -1.99285e-21  1.69625e-07  1.55274e-20  -2.1457e-06 -9.58989e-20   1.7825e-05  4.64785e-19 -0.000105647 -1.72759e-18   0.00046719  4.83012e-18  -0.00157942 -9.84949e-18   0.00412431  1.34567e-17  -0.00830025 -8.16521e-18     0.012645 -1.18636e-17   -0.0139227  4.09099e-17   0.00977736  -6.0351e-17   -0.0023073  5.28166e-17  -0.00280404 -1.92638e-17   0.00248829  -1.8671e-17  0.000228808  3.41749e-17  -0.00105828 -1.82749e-17  5.81922e-05 -9.72809e-18  0.000388388  2.17311e-17 -2.50769e-06 -1.20082e-17 -0.000130988 -1.37519e-18   -2.387e-05   4.2958e-18  3.39586e-05 -5.62395e-19  1.69447e-05 -1.26347e-18 -3.48905e-06   2.4721e-19  -5.6624e-06  4.75649e-19 -1.46679e-06 -1.49413e-19  6.44362e-07 -1.64082e-19  6.01958e-07  1.10172e-19  1.55773e-07   1.4644e-20 -3.50108e-08 -4.34675e-20 -4.33779e-08  9.48401e-21  -1.5858e-08  1.09424e-20   -1.587e-09 -2.93688e-21   1.3012e-09 -3.00289e-21  8.17109e-10  1.87346e-22  2.46143e-10  9.26639e-22  3.38416e-11  1.31632e-22 -6.52484e-12 -2.40187e-22 -5.53809e-12 -5.69482e-23  -1.8689e-12  4.10197e-23 -4.05797e-13  8.19605e-24 -5.23398e-14 -4.44842e-24  7.24512e-16  3.17371e-25  2.50819e-15  2.12686e-25  7.97399e-16 -3.38051e-25  1.64825e-16  1.60105e-26  2.53569e-17  7.47504e-26  2.89647e-18  1.14754e-27  2.11941e-19 -8.95734e-27  1.41871e-22 -1.10926e-27 -2.84375e-21  4.92191e-28  -5.2892e-22  1.30841e-28 -6.27121e-23  6.18402e-30 -5.55409e-24  1.75836e-31 -3.80318e-25  3.03527e-31 -2.00453e-26  1.77772e-32 -7.88449e-28 -4.68918e-33 -2.16725e-29  2.28989e-34 -3.62196e-31  1.20268e-34 -2.44651e-33  4.21817e-36  5.80546e-36
 3.31791e-11 -5.18326e-23 -9.08971e-10   6.8493e-22  2.09863e-09 -5.49599e-21  1.62803e-07  3.55786e-20 -2.81882e-06    -1.97e-19  2.55164e-05  8.90889e-19 -0.000154554 -3.13469e-18   0.00068024  8.31972e-18  -0.00225691 -1.60794e-17   0.00572768  2.07579e-17   -0.0110983 -1.18636e-17    0.0160756 -1.61951e-17   -0.0164413  5.24086e-17    0.0100211 -7.25162e-17 -0.000731619  5.89783e-17  -0.00415917 -1.72413e-17    0.0023874 -2.61896e-17  0.000942472   4.1346e-17  -0.00118674 -2.01291e-17 -0.000236492 -1.23418e-17  0.000447634  2.36134e-17  0.000115629 -1.07887e-17 -0.000135449 -3.27963e-18 -6.56144e-05  4.62431e-18  2.40299e-05  6.63467e-20  2.65346e-05 -1.54895e-18  2.89527e-06   1.0474e-19 -5.67544e-06  5.88138e-19  -3.0881e-06   -1.449e-19   -9.828e-08 -1.77088e-19  6.02129e-07  1.15304e-19  3.07323e-07  1.18345e-20  4.14297e-08 -4.58544e-20 -3.07094e-08  8.87119e-21 -2.15816e-08  1.30316e-20 -6.36873e-09 -2.32318e-21 -3.57907e-10 -3.84225e-21  5.69272e-10 -7.96025e-24  3.07423e-10  1.15468e-21  8.77526e-11  1.83492e-22  1.30103e-11 -2.78989e-22 -1.09165e-12 -7.00009e-23 -1.34372e-12  3.92214e-23 -4.70208e-13  9.09509e-24 -1.07158e-13 -2.35544e-24 -1.66747e-14  5.02912e-25 -1.31251e-15 -2.58242e-25  1.69219e-16 -4.16204e-25  9.09078e-17  6.00403e-26  2.10566e-17  8.41516e-26  3.45959e-18  9.04008e-28  4.37522e-19   -8.457e-27  4.26565e-20 -1.10751e-27  2.99022e-21  3.54138e-28  1.05561e-22  9.75238e-29 -6.68899e-24  6.84256e-30 -1.53422e-24  8.24934e-31 -1.49275e-25  2.26631e-31  -9.7374e-27  -1.0773e-33 -4.52274e-28 -3.01042e-33 -1.46429e-29  3.46039e-34 -3.03527e-31  6.55606e-35 -3.22413e-33  1.12145e-36
   1.098e-23  3.29221e-10 -2.39711e-22 -7.35052e-09  2.13515e-21  7.13024e-08 -1.30481e-20 -2.63386e-07  7.04485e-20 -1.47803e-06  -3.5617e-19  2.64935e-05  1.53944e-18 -0.000188553 -5.22442e-18  0.000875234  1.33193e-17  -0.00293777 -2.45598e-17   0.00737824  3.00537e-17   -0.0139227 -1.61951e-17    0.0193016 -2.07763e-17   -0.0183414  6.31849e-17   0.00943207 -8.24757e-17   0.00131326  6.32449e-17  -0.00531827 -1.50279e-17   0.00186505 -3.28314e-17   0.00172423   4.7553e-17  -0.00111179 -2.13121e-17 -0.000591806 -1.48933e-17  0.000415903  2.47273e-17  0.000252649 -9.00932e-18  -0.00010074 -5.05265e-18 -0.000105358  4.63677e-18  9.95402e-07  7.44796e-19  3.09336e-05 -1.74104e-18  1.12635e-05 -5.33173e-20 -3.35197e-06  6.59719e-19 -4.16255e-06 -1.35875e-19 -1.15447e-06  -1.7383e-19  3.18344e-07  1.18813e-19  3.78098e-07  7.03321e-21  1.30792e-07 -4.90793e-20  3.38167e-09  8.06898e-21 -1.79919e-08  1.52844e-20 -9.42401e-09 -1.61538e-21 -2.38451e-09 -4.63515e-21 -8.26916e-11 -1.78717e-22  2.05666e-10  1.36519e-21  1.02246e-10  2.26676e-22  2.85131e-11 -3.09042e-22  4.68755e-12 -8.32624e-23  6.02028e-14  3.34047e-23 -2.48175e-13  9.97196e-24 -9.59967e-14  2.89012e-25 -2.29771e-14  6.34668e-25 -3.96263e-15 -7.49418e-25 -4.74809e-16 -4.80453e-25  -2.5583e-17  9.72257e-26  4.58354e-18  9.00073e-26  1.67103e-18  1.40376e-27  3.05877e-19 -7.52481e-27  4.05776e-20 -1.07795e-27  4.18994e-21   2.1505e-28   3.4036e-22  6.43396e-29  2.12278e-23  6.17409e-30  9.38297e-25  1.02777e-30  2.14743e-26  1.47275e-31 -5.09541e-28 -8.10876e-33 -6.96012e-29 -1.27972e-33 -2.99121e-30   3.1482e-34 -6.44575e-32  2.87382e-35 -5.02851e-34
