   7.776e-35  -1.2574e-41 -2.32766e-35 -2.01866e-40 -1.20447e-34  1.35066e-39  3.15937e-35  1.51842e-39  9.98853e-36 -5.90136e-39 -5.01014e-35 -1.34535e-38   3.3773e-35  1.05696e-38  1.50654e-35 -1.54142e-38 -1.44834e-35  2.21045e-38 -1.35075e-36  8.32703e-39  1.87626e-36   7.0284e-39  1.04678e-36  9.51703e-39  1.31852e-36  8.92752e-39 -1.18367e-37  8.31242e-39  6.35209e-37  1.23474e-39 -4.29191e-38  5.87817e-40  -1.7962e-37 -2.31301e-41 -2.05499e-38  1.03973e-39 -2.97323e-38  1.00703e-39 -1.21216e-38  6.08061e-40  3.68454e-39 -4.34143e-41  3.09099e-39 -6.25763e-41 -6.10885e-40  1.07737e-40  1.67219e-40 -2.37285e-41  1.36403e-40  2.78654e-41   -3.641e-40 -1.07174e-41  2.48082e-40 -2.16944e-42  1.39781e-40 -2.64684e-43 -3.15773e-41 -5.68286e-43  1.98901e-41 -5.40378e-43 -7.17756e-42  1.32105e-43 -7.23668e-42  -2.7676e-44  2.20303e-42 -3.18164e-44  1.11121e-42  3.02215e-44  -3.7702e-43 -7.11366e-45 -2.77999e-44 -4.29531e-45 -3.72858e-44  1.36844e-45  1.75601e-44 -7.10083e-46  5.05264e-45  2.08066e-46  1.10861e-45 -9.33955e-47 -1.95532e-45 -8.64857e-47  2.63766e-46  1.33983e-47  -6.0107e-48  4.70972e-48 -1.65133e-47  -2.3441e-49  7.07528e-48 -2.54037e-49  4.41514e-48 -5.88651e-50 -2.08021e-48 -1.50905e-50   7.8349e-49 -4.99072e-51 -1.13463e-49  2.11123e-52 -3.76551e-50 -9.76486e-52  7.14792e-51 -3.76573e-52 -2.10559e-51  2.06172e-52  2.25179e-52 -4.15334e-53  8.89862e-54  8.42347e-54  3.30261e-53 -1.31768e-54 -5.37313e-54  3.95248e-55  4.21301e-55 -3.65561e-55 -1.10098e-55  3.23651e-55  6.39457e-56 -2.45287e-55 -4.75007e-56  1.48819e-55  3.17419e-56 -6.58174e-56 -1.35844e-56  1.83857e-56  3.06774e-57 -2.10526e-57
 -1.2574e-41  2.10487e-34  -1.1517e-40 -3.41543e-35 -1.45397e-39 -3.25881e-34  7.86372e-39  5.52757e-35  4.26065e-39  3.06587e-35 -1.93549e-38 -8.23755e-35  -7.1917e-38  6.03139e-35  4.54756e-38  9.14259e-36 -6.37959e-38  -2.4911e-35  5.36547e-38 -1.68921e-36 -1.43325e-39   2.7079e-36  5.61447e-38  3.10184e-36  3.77034e-38  3.47327e-36  3.18954e-39 -4.02596e-37  3.05529e-38  1.37969e-36 -5.14225e-39   1.1726e-37  2.50052e-40 -4.14488e-37 -1.50885e-39 -9.78723e-38  2.50492e-39 -6.15614e-38  3.54052e-39 -4.35566e-38  2.11649e-39  2.44712e-39 -3.61715e-40  1.05558e-38 -1.80832e-40 -1.16014e-39  3.52057e-40  1.24146e-39 -4.14759e-41  2.57952e-40  6.62308e-41 -1.44602e-39 -4.18592e-41  8.40324e-40 -1.05696e-41   4.6852e-40  1.84358e-42 -8.39637e-41 -2.35275e-42  6.31421e-41 -1.88307e-42 -2.74078e-41  4.98982e-43 -2.28817e-41 -1.05633e-43  7.16055e-42 -1.45036e-43  3.87194e-42  9.40442e-44 -1.16571e-42  -2.4208e-44   1.6236e-45 -1.38204e-44 -1.53876e-43  4.38614e-45  4.78052e-44  -2.5325e-45  1.14432e-44  1.09613e-45  6.30209e-45 -5.08634e-46  -7.3427e-45 -3.08781e-46  1.31274e-45  6.85105e-47 -1.01273e-46  1.52553e-47 -8.13666e-47 -2.92999e-48  3.36688e-47 -4.68058e-49  1.45519e-47 -2.52939e-49 -7.62596e-48 -9.76014e-52   2.7877e-48 -2.42593e-50  -3.1473e-49  -5.3206e-51 -1.31516e-49 -2.08002e-51  2.10104e-50 -2.34117e-51 -8.34947e-51   1.0777e-51  9.67345e-52 -2.27027e-52 -2.68054e-53  4.42428e-53  1.12667e-52 -9.39469e-54 -1.77037e-53  5.86214e-54  2.27176e-54 -5.59431e-54 -1.42857e-54  4.63024e-54  1.17276e-54 -3.10442e-54 -8.03489e-55  1.59427e-54  4.00711e-55  -5.6641e-55 -1.23241e-55  1.10939e-55   1.5282e-56
-2.32766e-35  -1.1517e-40  4.53445e-34 -5.09466e-40  -3.0877e-35 -6.46226e-39 -6.15654e-34  3.15255e-38  4.42494e-35 -2.04395e-39   5.2517e-35 -2.96032e-38 -9.46859e-35 -2.58508e-37  8.20539e-35  1.24455e-37 -1.58505e-35 -1.91087e-37 -2.93091e-35  9.03537e-38 -1.11256e-36  -6.7397e-38  2.74159e-36  1.92981e-37  6.46814e-36   9.0042e-38  6.86992e-36 -4.59831e-38 -8.94722e-37  8.17043e-38  1.87869e-36 -2.81478e-38  8.03214e-37 -3.85073e-39  -6.7551e-37 -6.96171e-39 -2.82922e-37  2.78639e-39 -9.30406e-38  8.83113e-39  -1.1603e-37  5.25939e-39 -7.66391e-39 -1.48311e-39   2.2978e-38 -3.23756e-40 -1.85136e-39  7.80179e-40  5.08521e-39  -3.5329e-41  2.37006e-40  9.82406e-41 -4.00274e-39 -1.13153e-40  1.98143e-39 -3.44977e-41  1.10003e-39  1.07651e-41 -1.30795e-40  -6.0344e-42  1.41392e-40 -4.82613e-42 -7.57036e-41  1.18628e-42 -5.00947e-41 -2.40888e-43  1.53394e-41  -4.3355e-43  1.00615e-41  1.83772e-43 -2.96189e-42 -5.57554e-44  3.94824e-43 -2.83613e-44 -4.45744e-43   9.0745e-45  7.66725e-44  -6.2911e-45  1.51428e-44  3.78971e-45  2.20756e-44 -1.74426e-45  -2.0129e-44 -7.82221e-46  4.41418e-45  2.17562e-46 -4.40073e-46  3.57526e-47 -2.74268e-46 -1.36264e-47  1.10003e-46   2.0796e-49  3.05116e-47 -7.61779e-49 -1.83698e-47  1.28829e-49  6.71656e-48 -7.45901e-50 -5.24698e-49 -3.30692e-50 -3.16138e-49   1.0672e-51  4.09664e-50 -9.80352e-51 -2.24978e-50  3.88949e-51  2.71967e-51 -8.40754e-52 -2.33444e-52  1.84931e-52    2.789e-52 -7.41187e-53 -5.27441e-53   6.4535e-53  2.05697e-53 -5.72521e-53 -1.74712e-53  4.23389e-53  1.29627e-53 -2.47337e-53 -7.31407e-54  1.06332e-53  2.82072e-54 -2.91527e-54 -5.91392e-55  3.30247e-55
-2.01866e-40 -3.41543e-35 -5.09466e-40   8.6201e-34 -8.07286e-40  -4.2402e-36 -2.09525e-38 -9.17019e-34  1.02338e-37   1.0957e-35 -6.53166e-38  4.34295e-35  2.43674e-38 -9.88175e-35 -7.15109e-37  9.81038e-35  2.47894e-37 -5.32119e-35 -4.64437e-37 -2.77386e-35  1.31536e-37  2.10316e-36 -2.34998e-37  3.01812e-36  4.73194e-37  1.12732e-35  1.59311e-37  1.17169e-35 -1.79847e-37 -1.76021e-36  1.79019e-37  1.68638e-36 -7.19179e-38  2.44474e-36 -1.61815e-38 -8.71686e-37 -2.03282e-38 -6.19678e-37 -1.66917e-39 -1.25996e-37  1.82479e-38 -2.61559e-37  1.07583e-38 -2.96574e-38 -4.30161e-39  3.77827e-38  -3.6844e-40 -3.11926e-39  1.37579e-39  1.45904e-38   1.5197e-43 -1.52965e-40  9.76375e-41 -8.95039e-39 -2.41341e-40  3.73795e-39 -8.98308e-41  2.09387e-39  3.39349e-41  -9.4801e-41 -1.10193e-41  2.58946e-40 -1.06433e-41  -1.7203e-40  2.04716e-42 -8.65386e-41 -2.54846e-43  2.40298e-41 -1.00791e-42   2.2652e-41  2.21552e-43  -7.1778e-42 -1.01599e-43  1.89554e-42 -3.84941e-44 -1.05198e-42  1.26403e-44  5.04545e-44 -1.24277e-44  9.20224e-45  1.01735e-44     5.81e-44 -4.53766e-45 -4.57639e-44 -1.61584e-45  1.16713e-44  5.18736e-46 -1.24518e-45  7.21105e-47  -7.4291e-46 -4.42411e-47  2.90517e-46  4.02082e-48  4.28218e-47   -1.899e-48 -3.28478e-47  5.36737e-49  1.24367e-47 -1.66503e-49 -4.39229e-49 -1.23329e-49 -6.02205e-49  2.40288e-50  6.03452e-50 -3.19159e-50 -4.77919e-50  1.12928e-50  5.99788e-51 -2.62571e-51 -9.47932e-52  8.57224e-52  6.78242e-52 -5.98629e-52 -2.56082e-52  5.45919e-52  1.94515e-52 -4.39638e-52 -1.54957e-52  2.88254e-52   9.7998e-53 -1.45212e-52 -4.51356e-53  5.09658e-53  1.31151e-53 -9.92262e-54 -1.55772e-54
-1.20447e-34 -1.45397e-39  -3.0877e-35 -8.07286e-40  1.39993e-33  4.57229e-39  4.27701e-35 -5.35529e-38 -1.10715e-33  2.86447e-37  -1.3702e-35 -3.18336e-37 -7.93448e-36   3.0775e-37 -1.15286e-34 -1.60466e-36  1.10624e-34   3.6356e-37 -9.73978e-35 -9.49205e-37  -2.7282e-35  2.00551e-37  9.84536e-36 -5.20915e-37  5.54021e-36  9.58942e-37  1.72758e-35  2.20889e-37  1.78622e-35  -4.3737e-37 -3.47249e-36  3.37895e-37   6.1629e-37 -1.27956e-37  5.40336e-36  -4.1945e-38 -9.01442e-37 -4.64772e-38 -1.11475e-36 -1.49834e-38 -1.70505e-37  3.33004e-38 -5.23517e-37  1.90468e-38   -6.253e-38 -9.93573e-39  5.04617e-38 -1.15977e-40 -5.57456e-39  2.08475e-39  3.29937e-38  2.55967e-41 -1.16215e-39  5.62539e-41 -1.71688e-38 -4.23338e-40  5.96455e-39 -2.02316e-40  3.42862e-39  8.26551e-41  1.36806e-40 -1.42987e-41  4.15315e-40 -2.16391e-41 -3.38738e-40  2.58508e-42 -1.22069e-40  5.39245e-43  2.58249e-41 -1.94921e-42  4.67929e-41   1.4475e-44 -1.67126e-41 -1.59642e-43  5.82253e-42 -2.07511e-44 -2.15222e-42  8.22583e-45 -1.39976e-43 -2.03671e-44 -1.23028e-44  2.27748e-44  1.24886e-43 -9.73177e-45 -9.03168e-44 -2.86486e-45  2.58407e-44  1.00034e-45 -2.73316e-45  1.39564e-46 -1.72353e-45 -1.17698e-46  6.64597e-46  1.53181e-47  2.55953e-47  -4.2078e-48 -4.32987e-47   1.4385e-48  1.80673e-47 -2.65453e-49  5.15394e-49 -3.59856e-49 -9.61544e-49  1.05324e-49  7.07211e-50  -8.6686e-50  -8.5753e-50  2.89681e-50  1.18589e-50  -8.5913e-51 -3.51422e-51  4.88565e-51   2.4715e-51 -4.31436e-51 -1.78789e-51  3.72758e-51  1.48318e-51 -2.70659e-51 -1.03771e-51   1.5629e-51  5.54255e-52 -6.67196e-52 -2.04289e-52  1.82496e-52  4.13735e-53 -2.07014e-53
 1.35066e-39 -3.25881e-34 -6.46226e-39  -4.2402e-36  4.57229e-39  1.94742e-33  4.17491e-38  8.39031e-35 -1.13464e-37 -1.08649e-33  7.07206e-37 -2.18523e-35 -1.03053e-36 -8.11975e-35  1.14436e-36   -1.595e-34 -2.99261e-36  1.30179e-34  3.33313e-37 -1.50317e-34 -1.65956e-36 -4.06635e-35  3.57527e-37  2.32385e-35 -8.75359e-37  1.27469e-35  1.71125e-36  2.34545e-35  2.24996e-37  2.44459e-35 -8.36132e-37 -6.76504e-36  5.66534e-37 -1.15224e-36 -1.74065e-37  9.75675e-36 -8.64628e-38 -7.05663e-37 -9.00029e-38 -1.70018e-36 -3.92554e-38 -2.33194e-37  5.55461e-38 -9.51779e-37  2.98693e-38 -9.87711e-38 -1.93952e-38   5.7956e-38  6.39511e-40 -9.51011e-39  2.88067e-39  6.28226e-38 -5.03863e-41 -2.99209e-39 -1.07451e-42 -2.91949e-38  -6.1016e-40  8.28882e-39  -4.1299e-40  4.97985e-39  1.74198e-40  6.65799e-40 -1.01041e-41  6.13772e-40 -4.18763e-41 -5.96553e-40  1.93832e-42  -1.3768e-40  3.78079e-42  8.21564e-42 -3.22131e-42  9.06777e-41 -7.71095e-43 -3.63498e-41 -2.36254e-43  1.40505e-41  6.16152e-44 -3.94115e-42   -1.359e-44 -6.65118e-43 -2.78866e-44 -5.23761e-44   4.4318e-44  2.29409e-43 -1.81223e-44 -1.58307e-43 -4.43995e-45  4.95749e-44  1.60643e-45 -4.98971e-45  2.81477e-46 -3.54203e-45 -2.75185e-46  1.36875e-45  4.12608e-47 -6.97441e-47 -8.54689e-48 -3.29555e-47  3.01412e-48  1.90601e-47 -2.09225e-49  3.14796e-48 -8.99597e-49 -1.32736e-48  3.24004e-49  7.35031e-50 -2.09184e-49 -1.39247e-49  7.52342e-50  2.69929e-50 -3.57508e-50  -1.6116e-50  2.96417e-50  1.38539e-50 -2.68545e-50 -1.19146e-50  2.13536e-50  9.08752e-51 -1.38938e-50 -5.51005e-51  6.97901e-51   2.4502e-51 -2.45062e-51 -6.92093e-52  4.78609e-52  8.03819e-53
 3.15937e-35  7.86372e-39 -6.15654e-34 -2.09525e-38  4.27701e-35  4.17491e-38  2.33939e-33  1.90732e-37  8.76164e-35 -2.07262e-37  -8.5157e-34  1.54348e-36 -3.75977e-35 -2.63008e-36 -1.49446e-34  3.03679e-36 -2.33089e-34 -4.66676e-36  1.74851e-34 -7.93056e-38 -2.20464e-34 -2.50732e-36 -8.14347e-35  6.95254e-37  4.35588e-35 -1.16617e-36  2.68228e-35   2.7678e-36  2.79616e-35  8.66561e-38  2.99537e-35 -1.35648e-36 -1.22755e-35  8.61858e-37 -3.15311e-36 -1.80529e-37  1.51353e-35 -1.55364e-37 -3.31417e-37 -1.53459e-37 -2.21098e-36 -7.20802e-38  -3.0066e-37  8.63792e-38 -1.59186e-36  4.21787e-38 -1.22314e-37 -3.32266e-38  6.28394e-38  2.01574e-39 -1.40828e-38  3.85471e-39  1.04958e-37 -3.39422e-40  -5.7525e-39 -3.64938e-41 -4.49155e-38 -6.76303e-40  1.01885e-38 -7.85723e-40  6.52212e-39   3.3426e-40  1.51299e-39  9.07336e-42  8.80049e-40 -7.77896e-41 -9.62098e-40 -1.05784e-42 -1.08016e-40  1.24516e-41 -4.46624e-41  -4.5406e-42  1.65658e-40 -2.57695e-42  -7.2514e-41 -3.64017e-43  2.87617e-41  2.46364e-43 -6.57118e-42  -5.8041e-44 -1.74073e-42 -3.12778e-44 -1.15071e-43    7.732e-44  3.70757e-43 -3.05564e-44  -2.5007e-43 -5.96097e-45   8.4189e-44  2.12731e-45 -7.83102e-45  6.06694e-46 -6.59479e-45 -5.85548e-46  2.60216e-45  9.23281e-47 -3.18121e-46 -1.60019e-47  2.50917e-47   5.2064e-48  7.72108e-48  4.35489e-49  8.38771e-48  -2.0238e-48  -1.6329e-48  8.40759e-49  1.11679e-49  -4.9697e-49 -2.41162e-49  2.40651e-49  9.73803e-50 -1.81276e-49  -8.9417e-50  1.69197e-49  8.24713e-50 -1.45504e-49 -6.78774e-50  1.05277e-49  4.59492e-50 -6.07762e-50 -2.38617e-50  2.60115e-50  8.59521e-51 -7.14561e-51 -1.70865e-51  8.14813e-52
 1.51842e-39  5.52757e-35  3.15255e-38 -9.17019e-34 -5.35529e-38  8.39031e-35  1.90732e-37  2.47249e-33  6.32189e-37  3.75125e-35 -3.36467e-37 -4.88703e-34  2.95366e-36 -8.94616e-35 -5.66557e-36 -2.04682e-34  6.61788e-36 -3.20597e-34  -5.9901e-36  2.61579e-34 -1.17675e-36 -3.17316e-34 -3.28524e-36 -1.58212e-34  1.31059e-36  7.36633e-35 -1.20004e-36  4.88314e-35  4.11074e-36  2.86793e-35 -3.16611e-37  3.28166e-35 -1.94117e-36 -2.01024e-35   1.2079e-36 -4.79728e-36 -1.19783e-37   2.0715e-35 -2.55634e-37  2.21691e-38 -2.35604e-37 -2.40404e-36 -1.05896e-37   -3.316e-37  1.26535e-37  -2.4706e-36  5.47742e-38 -1.08327e-37 -5.14207e-38  7.55698e-38  4.01372e-39 -1.63843e-38  5.28536e-39  1.58133e-37 -9.16014e-40 -9.44137e-39 -5.91824e-41 -6.33355e-38 -3.91104e-40  1.10937e-38 -1.41376e-39  7.76294e-39  5.97241e-40  2.54684e-39  5.03379e-41  1.29055e-39 -1.38166e-40 -1.44723e-39 -7.86144e-42 -8.23328e-42  3.09779e-41 -1.48058e-40 -5.23106e-42  2.84796e-40 -5.83452e-42 -1.32154e-40  -6.1876e-43  5.19854e-41  5.46873e-43 -1.00652e-41 -1.14114e-43 -3.58335e-42 -2.74008e-44 -2.17673e-43  1.24567e-43  5.39386e-43 -4.86184e-44 -3.60162e-43 -6.52415e-45  1.28423e-43  2.10816e-45 -1.07067e-44  1.34647e-45 -1.13324e-44 -1.15331e-45  4.64651e-45  1.82047e-46 -8.20294e-46 -2.72911e-47  1.66812e-46  7.32369e-48  -2.6454e-47  2.62871e-48  1.71934e-47 -4.30146e-48 -1.95561e-48  2.10255e-48  4.09965e-49 -1.38287e-48 -6.25218e-49  1.01174e-48  4.97489e-49  -9.4978e-49 -4.99082e-49  8.74185e-49  4.41839e-49 -6.95286e-49 -3.29675e-49  4.53323e-49  1.95391e-49 -2.28587e-49 -8.52628e-50  8.06676e-50  2.37144e-50 -1.58379e-50  -2.7196e-51
 9.98853e-36  4.26065e-39  4.42494e-35  1.02338e-37 -1.10715e-33 -1.13464e-37  8.76164e-35  6.32189e-37  2.39195e-33  1.67639e-36 -6.73625e-35 -4.91545e-37 -1.08963e-34  4.87747e-36 -1.79639e-34 -1.07055e-35 -2.59064e-34  1.25212e-35 -3.93218e-34 -5.92677e-36  3.96342e-34 -3.23747e-36 -4.45456e-34 -3.70632e-36 -2.70324e-34  2.25796e-36  1.17759e-34 -7.75284e-37   7.7875e-35  5.64692e-36  2.42304e-35 -1.12823e-36  3.22297e-35 -2.51589e-36  -2.9604e-35  1.57745e-36  -5.5111e-36  2.49086e-38  2.53989e-35 -3.96613e-37  1.20359e-38 -3.30558e-37 -2.02893e-36 -1.29944e-37 -2.69603e-37  1.75241e-37 -3.58432e-36  6.78537e-38 -2.57655e-38 -7.38198e-38  1.12526e-37  6.67125e-39 -1.09536e-38  7.64141e-39  2.18929e-37 -1.77937e-39 -1.38672e-38 -1.99465e-40 -8.24751e-38  5.97264e-40  1.03997e-38 -2.41843e-39  8.41855e-39  1.00141e-39  3.43204e-39  1.17926e-40  2.00278e-39 -2.33076e-40   -2.057e-39 -2.03686e-41  1.75948e-40  6.48943e-41 -3.11491e-40 -4.13925e-42  4.59588e-40 -1.07673e-41 -2.20901e-40 -1.12129e-42  8.50434e-41  9.19387e-43 -1.42283e-41 -1.40944e-43 -6.33997e-42 -1.86768e-44 -4.09627e-43  1.91491e-43  7.23675e-43 -7.61285e-44 -4.78547e-43 -4.35425e-45  1.77945e-43  7.23016e-46 -1.26884e-44  2.91512e-45 -1.82889e-44 -2.11773e-45    7.884e-45  3.24641e-46 -1.69578e-45 -4.11364e-47  4.33332e-46  7.16554e-48 -9.54965e-47  8.57006e-48  3.08324e-47 -9.43352e-48 -3.14707e-48  5.99538e-48  2.13145e-48 -5.07613e-48  -2.6267e-48  4.83264e-48    2.654e-48 -4.70084e-48 -2.54664e-48  4.07105e-48  2.07368e-48  -2.9566e-48 -1.37901e-48  1.71491e-48  7.05051e-49 -7.37772e-49 -2.50711e-49  2.03688e-49  4.93088e-50 -2.33235e-50
-5.90136e-39  3.06587e-35 -2.04395e-39   1.0957e-35  2.86447e-37 -1.08649e-33 -2.07262e-37  3.75125e-35  1.67639e-36  2.26573e-33  3.72037e-36 -2.25302e-34  -6.3057e-37   2.0186e-34  6.74007e-36 -2.78277e-34 -1.82007e-35 -3.28409e-34  2.11965e-35 -4.19033e-34 -3.33538e-36  5.69103e-34 -6.38981e-36 -6.01615e-34 -3.48903e-36 -4.06448e-34  3.50924e-36  1.78926e-34  2.53322e-37  1.10736e-34  7.22371e-36   1.4997e-35 -2.47763e-36  2.86638e-35 -3.02189e-36 -3.96049e-35  1.93744e-36 -4.80106e-36  2.53245e-37  2.81208e-35 -5.88953e-37 -7.60754e-37  -4.2877e-37 -9.31353e-37 -1.34081e-37 -7.61653e-38  2.29154e-37 -4.89519e-36  8.51247e-38  1.57747e-37 -1.01028e-37  1.89719e-37  1.04508e-38  9.49316e-39  1.14886e-38  2.82261e-37 -2.88317e-39 -1.84403e-38 -7.51054e-40 -9.94462e-38  2.74948e-39  7.31128e-39 -3.93191e-39   8.3322e-39  1.57824e-39  3.61301e-39  2.11146e-40  3.27142e-39  -3.7183e-40 -2.78128e-39 -4.10939e-41  4.38533e-40  1.20102e-40 -5.34613e-40  2.83342e-43  6.95688e-40 -1.71731e-41 -3.41067e-40 -2.00867e-42  1.28103e-40  1.23589e-42 -1.86138e-41 -5.91331e-44 -1.00037e-41 -2.12813e-44 -7.93337e-43  2.90985e-43  9.25314e-43 -1.21357e-43 -5.95655e-43   3.6335e-45  2.26223e-43 -3.37421e-45 -1.25493e-44  5.93271e-45 -2.81837e-44 -3.63231e-45  1.27941e-44  5.28358e-46 -3.06596e-45 -5.05251e-47  8.63845e-46 -1.67825e-48 -2.11679e-46  2.49203e-47  5.30624e-47  -2.4774e-47 -9.98481e-48  2.17438e-47    1.124e-47 -2.23778e-47 -1.29174e-47  2.29158e-47  1.30965e-47 -2.14108e-47 -1.16043e-47  1.71293e-47  8.54462e-48 -1.12253e-47 -4.99999e-48   5.6889e-48  2.15835e-48 -2.01652e-48 -5.94882e-49  3.97237e-49  6.76995e-50
-5.01014e-35 -1.93549e-38   5.2517e-35 -6.53166e-38  -1.3702e-35  7.07206e-37  -8.5157e-34 -3.36467e-37 -6.73625e-35  3.72037e-36  2.28341e-33  7.09634e-36 -4.35993e-34 -6.37702e-37  3.87582e-34  7.21161e-36  -3.4342e-34 -2.83317e-35 -4.15512e-34  3.27323e-35 -3.74406e-34  2.51853e-36  7.55219e-34 -1.05117e-35 -7.75201e-34 -2.45349e-36 -5.46896e-34  4.94718e-36  2.55807e-34  1.91566e-36  1.42333e-34  8.68236e-36   3.5576e-36 -4.44158e-36  2.37783e-35 -3.44182e-36 -4.89002e-35  2.25813e-36  -2.2616e-36  5.42475e-37  2.81493e-35 -8.39316e-37 -2.59231e-36 -5.20157e-37  8.52041e-37 -1.12595e-37  2.32375e-37  2.81382e-37 -6.33747e-36  1.15622e-37  4.69946e-37 -1.35494e-37  3.14802e-37  1.67682e-38  5.15738e-38  1.73019e-38  3.42577e-37 -4.24696e-39 -2.18926e-38 -2.14305e-39 -1.10774e-37  6.57789e-39  5.63633e-40 -6.05976e-39  7.61014e-39  2.33926e-39   2.3435e-39  3.22912e-40   5.4272e-39 -5.60788e-40 -3.57835e-39 -7.29447e-41  7.48792e-40   2.0191e-40 -8.06388e-40  9.65321e-42  9.89409e-40 -2.42891e-41 -4.90317e-40 -3.37051e-42  1.80059e-40  1.27771e-42 -2.26072e-41  2.47523e-43  -1.4332e-41 -7.52865e-44 -1.54049e-42   4.4986e-43   1.1807e-42 -1.99323e-43 -7.10864e-43   2.2209e-44  2.66866e-43 -1.21418e-44 -8.89555e-45  1.11477e-44 -4.20591e-44 -5.81526e-45  1.98989e-44  7.80772e-46 -5.02655e-45 -3.26799e-47  1.48828e-45 -4.13676e-47 -3.91958e-46  7.90972e-47  1.01776e-46 -8.57216e-47 -4.65012e-47  9.33147e-47  5.62182e-47 -1.02059e-46 -6.12389e-47  1.02233e-46   5.8341e-47 -8.92468e-47 -4.71536e-47  6.51628e-47  3.10342e-47 -3.79698e-47 -1.57236e-47  1.63952e-47  5.54803e-48 -4.53726e-48 -1.08395e-48  5.19943e-49
-1.34535e-38 -8.23755e-35 -2.96032e-38  4.34295e-35 -3.18336e-37 -2.18523e-35  1.54348e-36 -4.88703e-34 -4.91545e-37 -2.25302e-34  7.09634e-36   2.5697e-33  1.18478e-35 -6.88628e-34 -2.86733e-37  4.04999e-34   4.2623e-36  -3.4891e-34 -4.08444e-35 -5.03188e-34  4.67524e-35  -2.5055e-34  1.14419e-35  9.22293e-34 -1.52241e-35  -9.5099e-34  -5.9057e-37 -6.68996e-34  6.39755e-36  3.40592e-34  4.08425e-36  1.66904e-34  9.92239e-36 -5.88657e-36 -7.01871e-36  1.98618e-35 -3.80334e-36 -5.67981e-35  2.52506e-36  2.43268e-36  8.41227e-37  2.52787e-35  -1.1402e-36 -5.50377e-36 -5.98666e-37  3.05043e-36 -6.63685e-38  5.67453e-37  3.20804e-37 -7.82995e-36  1.74186e-37  9.27401e-37 -1.82169e-37  4.81626e-37  2.84211e-38  1.17229e-37  2.52207e-38  3.96124e-37 -6.10482e-39 -2.21272e-38 -4.83698e-39 -1.13005e-37  1.25381e-38 -1.18088e-38 -8.82911e-39  6.71824e-39  3.26789e-39 -1.22459e-39  4.38834e-40  8.80145e-39 -8.02441e-40  -4.3553e-39 -1.17986e-40  1.05628e-39  3.14064e-40 -1.10892e-39  2.51232e-41  1.32696e-39 -3.08506e-41  -6.6173e-40 -5.16632e-42  2.38911e-40  7.59496e-43 -2.56668e-41   9.1926e-43 -1.87875e-41 -2.53589e-43 -2.89701e-42  7.14351e-43   1.5805e-42 -3.32934e-43 -8.41836e-43  5.78034e-44   2.9665e-43 -2.80178e-44 -2.99114e-46  1.92064e-44  -6.1333e-44 -8.66533e-45  2.96341e-44  1.01413e-45 -7.62266e-45  8.87615e-47  2.33919e-45    -2.05e-46 -6.95196e-46  2.98031e-46  2.64813e-46 -3.57903e-46 -2.24353e-46  4.16324e-46  2.61032e-46 -4.46767e-46 -2.66664e-46  4.22344e-46  2.34277e-46 -3.39715e-46 -1.71205e-46  2.23508e-46  9.94204e-47 -1.13587e-46 -4.26333e-47  4.03172e-47  1.16833e-47 -7.93993e-48 -1.32304e-48
  3.3773e-35  -7.1917e-38 -9.46859e-35  2.43674e-38 -7.93448e-36 -1.03053e-36 -3.75977e-35  2.95366e-36 -1.08963e-34  -6.3057e-37 -4.35993e-34  1.18478e-35  3.15499e-33  1.75577e-35 -9.47542e-34  7.33366e-37  2.18755e-34 -4.32141e-36  -3.0179e-34 -5.48787e-35 -5.58325e-34  6.24265e-35 -5.36166e-35  2.20652e-35  1.04018e-33 -1.99948e-35 -1.11213e-33  1.92096e-36 -7.53639e-34  7.67571e-36  4.19622e-34  6.46107e-36  1.79496e-34  1.09373e-35 -9.05039e-36 -1.01239e-35  1.91893e-35 -4.16058e-36 -6.34789e-35  2.75153e-36  9.52365e-36  1.06428e-36  1.98529e-35 -1.45747e-36 -9.14155e-36 -6.66172e-37  5.19286e-36 -3.00598e-39  7.85596e-37  3.31879e-37 -9.28724e-36  2.79835e-37   1.5273e-36  -2.4815e-37   6.7113e-37  4.96367e-38  1.99374e-37  3.48089e-38  4.44346e-37  -9.0028e-39 -1.63859e-38 -9.18476e-39 -1.03571e-37  2.08859e-38 -3.24379e-38 -1.21404e-38  6.47009e-39  4.32443e-39  -7.8832e-39   5.3736e-40  1.35992e-38 -1.09711e-39 -4.95751e-39 -1.74875e-40   1.3064e-39  4.57799e-40 -1.42522e-39  4.68659e-41  1.68742e-39 -3.54082e-41 -8.45587e-40 -7.16064e-42  3.02715e-40  -6.1783e-43 -2.77076e-41    2.101e-42 -2.25211e-41 -6.64591e-43  -5.1689e-42  1.15039e-42  2.27615e-42   -5.512e-43 -1.03033e-42  1.17607e-43  3.17772e-43 -5.33629e-44  1.45859e-44  3.02598e-44 -8.76149e-44 -1.19243e-44  4.21816e-44  9.89625e-46 -1.08908e-44   6.1631e-46  3.57128e-45 -9.16024e-46 -1.40982e-45  1.26273e-45  9.44149e-46 -1.56873e-45 -1.01988e-45  1.79707e-45  1.11576e-45 -1.82981e-45 -1.05839e-45  1.60657e-45  8.49455e-46 -1.17679e-45 -5.55628e-46  6.86933e-46  2.79912e-46 -2.96705e-46  -9.8278e-47  8.20043e-47  1.91201e-47 -9.36916e-48
 1.05696e-38  6.03139e-35 -2.58508e-37 -9.88175e-35   3.0775e-37 -8.11975e-35 -2.63008e-36 -8.94616e-35  4.87747e-36   2.0186e-34 -6.37702e-37 -6.88628e-34  1.75577e-35  3.98982e-33  2.33728e-35 -1.15229e-33  2.68515e-36 -1.85489e-34 -2.00471e-35 -2.40098e-34 -6.88507e-35 -5.44241e-34  7.85839e-35  1.98646e-34  3.20538e-35  1.09094e-33 -2.42973e-35 -1.24242e-33   4.7555e-36 -7.90404e-34  8.61304e-36  4.76614e-34  8.61282e-36  1.77296e-34   1.1795e-35 -3.48194e-36 -1.35951e-35  2.36486e-35 -4.56944e-36 -7.00919e-35  2.98755e-36  1.91542e-35  1.09307e-36   1.2634e-35 -1.72095e-36 -1.28177e-35 -7.32848e-37  6.71815e-36  6.39417e-38  7.36586e-37  2.95008e-37 -1.06235e-35  4.51956e-37  2.23553e-36  -3.4101e-37  8.59832e-37   8.5586e-38  2.78913e-37  4.49007e-38  4.97662e-37 -1.37581e-38 -1.71165e-39 -1.53072e-38 -8.17031e-38  3.15407e-38 -6.41856e-38 -1.57491e-38  7.86473e-39  5.46775e-39 -1.81491e-38  5.92673e-40  1.97552e-38  -1.4476e-39  -5.1813e-39 -2.35414e-40  1.46343e-39   6.3083e-40 -1.74794e-39  7.39454e-41  2.04882e-39 -3.68806e-41 -1.03262e-39 -8.91718e-42  3.71016e-40 -3.09485e-42 -2.95277e-41  3.92119e-42 -2.44256e-41 -1.44222e-42 -8.67943e-42   1.8338e-42  3.46261e-42  -8.8288e-43 -1.33938e-42  2.07382e-43  3.37703e-43 -8.93619e-44  3.69158e-44  4.34224e-44  -1.2227e-43 -1.47362e-44  5.74692e-44 -2.08163e-46 -1.52345e-44  2.87643e-45  6.05912e-45 -4.07946e-45 -3.86729e-45  5.49236e-45  3.83199e-45 -6.69274e-45 -4.29436e-45  7.30382e-45  4.38065e-45 -6.94818e-45 -3.82816e-45  5.60274e-45  2.78233e-45 -3.68905e-45 -1.60798e-45   1.8734e-45  6.86604e-46 -6.63442e-46 -1.87495e-46  1.30155e-46  2.11778e-47
 1.50654e-35  4.54756e-38  8.20539e-35 -7.15109e-37 -1.15286e-34  1.14436e-36 -1.49446e-34 -5.66557e-36 -1.79639e-34  6.74007e-36  3.87582e-34 -2.86733e-37 -9.47542e-34  2.33728e-35  4.97629e-33  2.82731e-35 -1.23643e-33  5.57025e-36  -7.8407e-34   -4.282e-35 -2.13647e-34  -8.0502e-35 -4.36421e-34  9.38849e-35   4.7978e-34  3.87568e-35  1.07501e-33 -2.77304e-35 -1.32823e-33  7.53128e-36 -7.79356e-34  9.04823e-36  4.97291e-34  1.00718e-35  1.60534e-34  1.25685e-35  9.98671e-36 -1.72024e-35  3.47396e-35 -5.07612e-36  -7.8635e-35  3.32104e-36  3.13534e-35  7.86169e-37  4.57389e-36 -1.82388e-36 -1.56962e-35 -8.11936e-37  7.13073e-36  1.15007e-37  3.21669e-37  1.87672e-37 -1.17463e-35  7.05057e-37  2.97073e-36 -4.66112e-37  1.03369e-36  1.41441e-37  3.24583e-37  5.36123e-38  5.77928e-37 -2.12509e-38  2.45501e-38 -2.30439e-38 -4.90991e-38  4.40134e-38 -1.09345e-37  -1.9301e-38  1.17941e-38  6.68865e-39 -3.20273e-38  5.82755e-40   2.6831e-38 -1.86543e-39 -4.81861e-39 -2.81629e-40   1.5342e-39  8.26161e-40  -2.0856e-39  1.04966e-40  2.39518e-39 -3.52318e-41 -1.21785e-39 -9.87027e-42  4.46435e-40 -6.77222e-42 -3.30978e-41  6.46648e-42 -2.32863e-41 -2.71684e-42 -1.36899e-41  2.82709e-42  5.33258e-42 -1.34498e-42 -1.83837e-42  3.27949e-43   3.6572e-43 -1.34364e-43  6.76895e-44  5.57928e-44 -1.66233e-43 -1.42692e-44   7.6138e-44 -6.47771e-45  -2.3214e-44  1.27241e-44  1.39366e-44 -1.78556e-44 -1.36513e-44  2.32058e-44  1.54804e-44 -2.70065e-44 -1.67062e-44  2.76627e-44  1.57947e-44 -2.43326e-44 -1.26194e-44  1.78195e-44  8.21997e-45  -1.0384e-44 -4.12632e-45  4.47085e-45  1.44471e-45 -1.22998e-45 -2.80594e-46  1.39695e-46
-1.54142e-38  9.14259e-36  1.24455e-37  9.81038e-35 -1.60466e-36   -1.595e-34  3.03679e-36 -2.04682e-34 -1.07055e-35 -2.78277e-34  7.21161e-36  4.04999e-34  7.33366e-37 -1.15229e-33  2.82731e-35  5.99975e-33  3.14713e-35 -1.15506e-33  8.95974e-36  -1.5104e-33 -7.05011e-35 -2.59178e-34 -8.72209e-35 -2.34968e-34  1.07001e-34  7.55875e-34  4.00474e-35   1.0111e-33 -3.00443e-35 -1.36091e-33  9.93158e-36 -7.29216e-34  8.79728e-36  4.73679e-34  1.04964e-35  1.32875e-34  1.32504e-35  2.69186e-35 -2.06561e-35  5.37812e-35 -5.72727e-36 -9.16762e-35  3.86856e-36  4.60339e-35  -1.4079e-40 -3.43715e-36 -1.63377e-36 -1.70578e-35 -9.09275e-37  6.15173e-36  1.23319e-37 -4.63465e-37  -1.3473e-38 -1.25433e-35  1.04358e-36  3.58824e-36 -6.23774e-37  1.20205e-36  2.21249e-37  2.96209e-37  5.85989e-38  7.17516e-37 -3.21108e-38  6.44699e-38 -3.19876e-38 -9.95221e-39  5.74417e-38 -1.68705e-37  -2.2427e-38  1.87051e-38  8.03943e-39 -4.88338e-38   5.0415e-40  3.40183e-38 -2.37551e-39 -3.73081e-39 -2.85247e-40   1.5846e-39  1.03084e-39 -2.46335e-39  1.39694e-40  2.72198e-39 -3.21123e-41 -1.40382e-39  -9.4492e-42  5.35836e-40 -1.15214e-41 -4.14844e-41  9.74005e-42 -1.80412e-41  -4.5633e-42 -2.02861e-41  4.14351e-42  8.00788e-42 -1.92777e-42 -2.57658e-42  4.70648e-43  4.06284e-43 -1.81017e-43  1.08901e-43  5.89738e-44 -2.22203e-43  5.34014e-46  1.04521e-43 -3.47419e-44 -4.69683e-44  5.49494e-44  4.44704e-44 -7.50691e-44 -5.22446e-44  9.29645e-44  5.92414e-44 -1.01946e-43 -6.00435e-44  9.70839e-44   5.2293e-44 -7.81974e-44 -3.78743e-44  5.13521e-44  2.18252e-44 -2.59738e-44 -9.30071e-45  9.14991e-45  2.53806e-45 -1.78353e-45 -2.87051e-46
-1.44834e-35 -6.37959e-38 -1.58505e-35  2.47894e-37  1.10624e-34 -2.99261e-36 -2.33089e-34  6.61788e-36 -2.59064e-34 -1.82007e-35  -3.4342e-34   4.2623e-36  2.18755e-34  2.68515e-36 -1.23643e-33  3.14713e-35  6.95402e-33  3.27277e-35 -9.05677e-34  1.20145e-35 -2.26697e-33 -9.91943e-35 -3.83447e-34 -8.66232e-35  3.21669e-35  1.16771e-34  9.87081e-34  3.50141e-35  9.29913e-34  -3.1088e-35 -1.34014e-33  1.18293e-35 -6.53239e-34  7.62959e-36  4.06509e-34  9.84613e-36  1.01253e-34  1.36959e-35  4.02474e-35  -2.3622e-35  8.20264e-35 -6.59286e-36 -1.11931e-34  4.75556e-36  6.29986e-35 -1.38654e-36 -1.07708e-35  -1.0126e-36 -1.65366e-35 -1.01124e-36  3.81012e-36  5.26283e-38 -1.51694e-36  -3.2949e-37 -1.28703e-35  1.45847e-36  3.87298e-36 -8.07499e-37  1.40505e-36  3.26956e-37  1.51084e-37  5.75977e-38  9.53551e-37 -4.64374e-38  1.19428e-37 -4.15732e-38  2.98856e-38   7.0746e-38  -2.4079e-37 -2.48779e-38  2.83278e-38  9.63864e-39 -6.71624e-38  3.92178e-40  4.02847e-38 -3.01601e-39 -1.93516e-39 -2.10964e-40  1.74245e-39  1.22504e-39   -2.918e-39  1.81452e-40  3.03766e-39 -3.13172e-41  -1.6016e-39 -7.19244e-42  6.50259e-40 -1.68834e-41 -5.82331e-41  1.35886e-41 -8.12016e-42 -6.93046e-42 -2.82524e-41  5.70593e-42  1.14654e-41 -2.57985e-42 -3.55113e-42  6.10625e-43    4.493e-43 -2.07322e-43  1.70428e-43  2.32491e-44 -3.07284e-43  7.60529e-44   1.7515e-43 -1.55866e-43   -1.367e-43  2.28436e-43   1.6362e-43 -2.98903e-43 -1.95951e-43  3.49463e-43  2.11719e-43  -3.5796e-43 -1.99389e-43  3.14247e-43  1.58877e-43 -2.29336e-43 -1.03266e-43  1.33012e-43  5.17813e-44 -5.69359e-44 -1.81388e-44  1.55575e-44  3.53311e-45 -1.75363e-45
 2.21045e-38  -2.4911e-35 -1.91087e-37 -5.32119e-35   3.6356e-37  1.30179e-34 -4.66676e-36 -3.20597e-34  1.25212e-35 -3.28409e-34 -2.83317e-35  -3.4891e-34 -4.32141e-36 -1.85489e-34  5.57025e-36 -1.15506e-33  3.27277e-35  7.75638e-33  3.24102e-35 -5.31624e-34  1.37512e-35 -2.94799e-33 -1.24192e-34 -5.62193e-34 -7.72227e-35   3.1717e-34  1.22309e-34  1.13172e-33  2.42292e-35  8.64992e-34 -3.07485e-35 -1.27695e-33  1.33804e-35 -5.64815e-34  5.26594e-36  3.04916e-34  8.49786e-36  7.50564e-35  1.36275e-35  4.21996e-35 -2.57551e-35  1.20428e-34 -7.78269e-36 -1.41668e-34  6.08951e-36  8.19516e-35 -3.44857e-36 -1.71637e-35  1.59951e-37 -1.42344e-35 -1.07688e-36  4.36366e-37 -1.42642e-37 -2.65086e-36 -7.75265e-37 -1.25501e-35  1.92692e-36  3.55226e-36 -1.00441e-36  1.70928e-36  4.57796e-37 -1.47388e-37  4.92134e-38   1.3176e-36 -6.37151e-38  1.89747e-37  -5.1165e-38  6.45826e-38  8.28688e-38 -3.21593e-37 -2.66504e-38  3.95502e-38  1.16334e-38 -8.50471e-38  3.41849e-40  4.46518e-38 -3.83182e-39  3.23404e-40 -2.33267e-41  2.18257e-39  1.38202e-39 -3.48832e-39  2.39621e-40  3.35992e-39 -3.89752e-41 -1.82868e-39 -2.78429e-42  8.02893e-40 -2.19611e-41 -8.62163e-41  1.75987e-41  6.23219e-42 -9.56893e-42 -3.69808e-41  7.31293e-42  1.54823e-41 -3.19421e-42 -4.67623e-42  6.86851e-43  4.49857e-43 -1.37915e-43  3.01524e-43 -1.71287e-43 -5.05784e-43  4.03566e-43   4.2441e-43 -6.50082e-43 -4.82591e-43  9.01987e-43  6.04714e-43 -1.11851e-42 -6.95487e-43  1.22582e-42  7.03994e-43 -1.16404e-42 -6.11699e-43  9.33676e-43  4.42476e-43 -6.09893e-43 -2.54972e-43  3.06555e-43  1.08864e-43 -1.07233e-43 -2.98496e-44  2.07437e-44  3.40599e-45
-1.35075e-36  5.36547e-38 -2.93091e-35 -4.64437e-37 -9.73978e-35  3.33313e-37  1.74851e-34  -5.9901e-36 -3.93218e-34  2.11965e-35 -4.15512e-34 -4.08444e-35  -3.0179e-34 -2.00471e-35  -7.8407e-34  8.95974e-36 -9.05677e-34  3.24102e-35  8.35195e-33  3.12886e-35 -1.07732e-34  1.34481e-35 -3.46252e-33 -1.41212e-34 -7.53475e-34  -5.8915e-35  5.68373e-34  1.23074e-34  1.15326e-33  9.52887e-36  8.44804e-34  -2.8939e-35 -1.19426e-33  1.50498e-35 -4.74393e-34  1.39422e-36  1.83736e-34  7.22895e-36  6.45871e-35  1.27068e-35  2.65134e-35 -2.67535e-35  1.69001e-34 -9.44085e-36 -1.81962e-34  7.93219e-36    1.025e-34 -6.20416e-36 -2.27086e-35  1.96719e-36 -1.06763e-35 -1.03975e-36 -3.44207e-36 -5.12795e-37 -3.63194e-36 -1.35535e-36 -1.13885e-35  2.41588e-36  2.33592e-36 -1.19839e-36  2.19025e-36    6.101e-37 -6.19935e-37  3.37826e-38   1.8233e-36 -8.30155e-38   2.7354e-37 -6.00965e-38  9.04511e-38  9.30294e-38 -4.04943e-37  -2.8043e-38  5.04545e-38  1.41149e-38 -1.00311e-37  5.22776e-40  4.65391e-38 -4.86339e-39  2.54583e-39   3.0491e-40  3.09191e-39  1.46925e-39 -4.20178e-39  3.31276e-40  3.70678e-39 -6.34458e-41 -2.10303e-39  4.01205e-42  1.00484e-39 -2.53439e-41  -1.2623e-40  2.09947e-41  2.37938e-41 -1.19855e-41 -4.54712e-41  8.61892e-42  1.96168e-41 -3.57286e-42 -5.74344e-42  5.14232e-43  2.56578e-43  3.22286e-43  7.18792e-43 -1.01191e-42 -1.16843e-42   1.7321e-42  1.36812e-42 -2.55543e-42 -1.75454e-42  3.35568e-42  2.13507e-42 -3.91515e-42 -2.31336e-42  3.99635e-42  2.17651e-42 -3.49144e-42 -1.73365e-42  2.53333e-42  1.12828e-42 -1.45966e-42 -5.67812e-43  6.20335e-43  2.00302e-43 -1.68232e-43  -3.9478e-44  1.88198e-44
 8.32703e-39 -1.68921e-36  9.03537e-38 -2.77386e-35 -9.49205e-37 -1.50317e-34 -7.93056e-38  2.61579e-34 -5.92677e-36 -4.19033e-34  3.27323e-35 -5.03188e-34 -5.48787e-35 -2.40098e-34   -4.282e-35  -1.5104e-33  1.20145e-35 -5.31624e-34  3.12886e-35  8.71189e-33  3.02075e-35  2.83583e-34  1.09701e-35 -3.74976e-33 -1.47478e-34 -9.16568e-34 -3.30458e-35  7.47523e-34  1.18883e-34  1.02768e-33 -6.55126e-36   8.8887e-34 -2.56492e-35 -1.12348e-33  1.75451e-35 -3.88294e-34 -4.31107e-36  5.95912e-35   7.0362e-36  7.89407e-35   1.0655e-35 -9.71078e-36 -2.64173e-35  2.25985e-34 -1.17176e-35 -2.31922e-34  1.02787e-35  1.24141e-34 -9.61284e-36 -2.77573e-35  4.44488e-36 -6.63909e-36 -8.21355e-37  -7.2642e-36 -1.10283e-36  -4.2277e-36 -2.06016e-36 -9.20852e-36  2.88867e-36 -1.84825e-38 -1.37536e-36  2.90591e-36  7.77457e-37 -1.26213e-36   1.4033e-38  2.45616e-36 -1.03457e-37   3.6467e-37  -6.7658e-38  1.07856e-37  1.00912e-37 -4.83489e-37  -2.9591e-38  5.84757e-38  1.70014e-38 -1.11032e-37    1.183e-39   4.6071e-38 -6.13696e-39  4.02284e-39   7.8662e-40  4.61393e-39  1.45048e-39  -5.0578e-39   4.8094e-40   4.0838e-39 -1.14921e-40 -2.43437e-39  1.34834e-41  1.25938e-39 -2.51439e-41 -1.75873e-40  2.26009e-41  4.25006e-41 -1.34391e-41 -5.24437e-41  9.08407e-42  2.31873e-41 -3.24989e-42 -6.28377e-42 -5.95964e-43 -6.76517e-43  2.35203e-42  2.28754e-42 -4.38942e-42 -3.61588e-42  6.81534e-42  4.81824e-42 -9.45791e-42 -6.15698e-42  1.17069e-41  7.10493e-42 -1.27749e-41  -7.1983e-42  1.20668e-41   6.2608e-42 -9.61938e-42 -4.54161e-42  6.24112e-42  2.63198e-42 -3.11456e-42  -1.1347e-42   1.0815e-42  3.15901e-43 -2.07717e-43 -3.68715e-44
 1.87626e-36 -1.43325e-39 -1.11256e-36  1.31536e-37  -2.7282e-35 -1.65956e-36 -2.20464e-34 -1.17675e-36  3.96342e-34 -3.33538e-36 -3.74406e-34  4.67524e-35 -5.58325e-34 -6.88507e-35 -2.13647e-34 -7.05011e-35 -2.26697e-33  1.37512e-35 -1.07732e-34  3.02075e-35  8.83168e-33  2.98202e-35  5.74155e-34  6.81693e-36 -3.78416e-33 -1.42327e-34 -1.02646e-33  -2.0216e-36  8.41394e-34  1.09904e-34  7.48444e-34 -2.14257e-35  1.00803e-33 -2.10196e-35 -1.09752e-33  2.16599e-35 -3.09022e-34 -1.21724e-35 -5.27795e-35  8.82291e-36  1.23728e-34  7.38471e-36  -6.5016e-35 -2.46903e-35  2.87199e-34  -1.4734e-35 -2.88153e-34    1.305e-35  1.46245e-34 -1.35844e-35 -3.27749e-35  7.57972e-36 -2.92972e-36 -3.53277e-37 -1.05946e-35 -1.93878e-36 -4.24686e-36 -2.86306e-36 -5.89665e-36  3.31311e-36  -3.6299e-36 -1.52912e-36  3.86999e-36  9.51119e-37 -2.03796e-36 -4.77431e-39  3.17023e-36 -1.24749e-37  4.50512e-37 -7.30763e-38  1.22227e-37  1.06726e-37 -5.50109e-37 -3.18641e-38   6.0649e-38  1.99214e-38 -1.16016e-37   2.6415e-39  4.42434e-38  -7.6633e-39  3.95969e-39  1.42004e-39  6.77494e-39  1.28818e-39 -6.00772e-39  7.17876e-40  4.47078e-39 -2.04693e-40 -2.81509e-39  2.60588e-41  1.55649e-39  -1.9222e-41 -2.29298e-40  2.08994e-41  5.98893e-41 -1.28872e-41 -5.64525e-41   7.6409e-42  2.50404e-41  -6.8324e-43 -4.96427e-42 -5.34386e-42 -4.38661e-42   1.0475e-41  8.22023e-42  -1.7203e-41  -1.2477e-41  2.51139e-41  1.67428e-41 -3.28695e-41 -2.04874e-41  3.81765e-41  2.22385e-41 -3.87451e-41   -2.098e-41  3.36346e-41  1.67913e-41 -2.42383e-41 -1.10175e-41  1.38674e-41  5.61646e-42 -5.85223e-42 -2.01982e-42  1.57657e-42  4.09278e-43  -1.7533e-43
  7.0284e-39   2.7079e-36  -6.7397e-38  2.10316e-36  2.00551e-37 -4.06635e-35 -2.50732e-36 -3.17316e-34 -3.23747e-36  5.69103e-34  2.51853e-36  -2.5055e-34  6.24265e-35 -5.44241e-34  -8.0502e-35 -2.59178e-34 -9.91943e-35 -2.94799e-33  1.34481e-35  2.83583e-34  2.98202e-35   8.7329e-33  3.04884e-35  7.21487e-34  1.85313e-36 -3.57191e-33 -1.27227e-34 -1.07853e-33  3.13615e-35  8.63709e-34  9.66225e-35  3.27209e-34 -3.29659e-35  1.20663e-33 -1.53958e-35 -1.14246e-33  2.80702e-35 -2.36323e-34   -2.249e-35 -1.42858e-34  1.30496e-35   1.9928e-34  3.10428e-36 -1.33686e-34 -2.16637e-35  3.45989e-34 -1.85603e-35 -3.44734e-34  1.61041e-35  1.68024e-34 -1.79923e-35 -3.81908e-35  1.13132e-35 -1.95402e-37  3.99238e-37  -1.3219e-35 -3.01451e-36 -3.56953e-36 -3.71891e-36 -1.44766e-36  3.66887e-36 -8.43141e-36 -1.66555e-36   5.0361e-36   1.1206e-36 -2.87916e-36  -1.5416e-38  3.89464e-36 -1.47593e-37    5.108e-37 -7.55522e-38  1.43782e-37  1.11107e-37 -5.99443e-37  -3.5157e-38   5.3973e-38  2.21358e-38 -1.15203e-37    5.275e-39  4.28787e-38 -9.45105e-39  1.66999e-39  2.19627e-39  9.40251e-39   9.4572e-40  -6.9344e-39  1.07104e-39  4.81303e-39 -3.43984e-40 -3.21414e-39  4.22376e-41  1.86998e-39 -5.56801e-42 -2.78107e-40   1.3996e-41  7.35394e-41 -8.36773e-42 -5.55154e-41  1.05773e-42  2.23129e-41  9.98781e-42  2.78546e-42 -2.39859e-41 -1.82913e-41  4.10578e-41  2.97293e-41 -6.30156e-41 -4.30228e-41  8.69096e-41  5.56693e-41 -1.07017e-40 -6.44807e-41  1.16092e-40  6.56175e-41 -1.08947e-40 -5.74831e-41  8.62636e-41  4.21661e-41 -5.55884e-41 -2.48466e-41  2.75589e-41  1.09721e-41 -9.51214e-42 -3.15889e-42  1.81764e-42  3.85815e-43
 1.04678e-36  5.61447e-38  2.74159e-36 -2.34998e-37  9.84536e-36  3.57527e-37 -8.14347e-35 -3.28524e-36 -4.45456e-34 -6.38981e-36  7.55219e-34  1.14419e-35 -5.36166e-35  7.85839e-35 -4.36421e-34 -8.72209e-35 -3.83447e-34 -1.24192e-34 -3.46252e-33  1.09701e-35  5.74155e-34  3.04884e-35   8.4665e-33  3.23294e-35  7.07953e-34 -3.14205e-36 -3.14326e-33 -1.05301e-34 -1.08398e-33  6.45639e-35  8.47585e-34  7.98102e-35 -2.08699e-34  -3.9761e-35  1.48391e-33 -9.33264e-36 -1.27094e-33  3.71513e-35 -1.68349e-34 -3.55081e-35  -2.0506e-34  1.94736e-35  2.99955e-34 -1.64022e-36 -2.06907e-34 -1.75364e-35  3.94004e-34 -2.32228e-35 -3.93901e-34  1.92636e-35  1.88518e-34 -2.26898e-35 -4.42789e-35  1.55457e-35  1.17973e-36  1.42057e-36 -1.51471e-35 -4.28395e-36 -2.16789e-36  -4.5648e-36  4.00648e-36  3.95203e-36  -1.4146e-35 -1.80283e-36  6.30072e-36  1.27447e-36 -3.69304e-36 -9.94661e-39  4.54994e-36 -1.73715e-37  5.18784e-37 -7.43993e-38  1.86065e-37  1.14878e-37 -6.29247e-37 -3.91481e-38   3.5988e-38  2.25297e-38 -1.09935e-37  9.50699e-39   4.4353e-38 -1.15346e-38 -3.19828e-39  3.11326e-39  1.20584e-38  3.89006e-40 -7.64018e-39  1.56256e-39  5.02252e-39 -5.42158e-40 -3.57725e-39  6.21405e-41  2.15906e-39  1.76521e-41 -3.12863e-40 -1.51442e-42  8.04469e-41  6.21236e-42   -4.461e-41 -2.26982e-41  5.45755e-42  5.08097e-41  3.32639e-41 -9.33313e-41 -6.81833e-41  1.49632e-40  1.03881e-40 -2.16972e-40 -1.43025e-40  2.82272e-40  1.76194e-40 -3.25842e-40 -1.92565e-40  3.28569e-40  1.83488e-40  -2.8336e-40 -1.49034e-40   2.0289e-40  9.98746e-41 -1.15382e-40 -5.24392e-41  4.84365e-41  1.96334e-41 -1.29938e-41 -4.19646e-42  1.44099e-42
 9.51703e-39  3.10184e-36  1.92981e-37  3.01812e-36 -5.20915e-37  2.32385e-35  6.95254e-37 -1.58212e-34 -3.70632e-36 -6.01615e-34 -1.05117e-35  9.22293e-34  2.20652e-35  1.98646e-34  9.38849e-35 -2.34968e-34 -8.66232e-35 -5.62193e-34 -1.41212e-34 -3.74976e-33  6.81693e-36  7.21487e-34  3.23294e-35  8.11238e-33  3.53211e-35  5.32028e-34 -7.86472e-36 -2.54445e-33 -8.05394e-35 -1.06103e-33   9.5656e-35  8.32194e-34  6.04867e-35   -8.201e-34 -4.11587e-35  1.83332e-33  -3.5432e-36 -1.47936e-33  4.88864e-35 -1.02672e-34 -5.13636e-35 -2.38166e-34  2.70812e-35  4.14865e-34 -6.00049e-36 -2.74714e-34 -1.25502e-35  4.22721e-34  -2.8735e-35 -4.27409e-34  2.23564e-35  2.06607e-34 -2.75253e-35 -5.10843e-35   2.0136e-35  1.07892e-36  2.64073e-36 -1.65321e-35 -5.66261e-36 -1.19419e-37 -5.32386e-36  1.01944e-35  4.17539e-36 -2.03159e-35 -1.96693e-36  7.52713e-36  1.40128e-36 -4.37936e-36  1.87118e-38  5.07047e-36 -2.05491e-37  4.45017e-37 -6.92564e-38  2.63837e-37  1.18712e-37 -6.41304e-37 -4.26178e-38  5.66501e-39   1.9686e-38 -1.03063e-37  1.58036e-38   5.1142e-38 -1.40087e-38  -1.0464e-38  4.19118e-39  1.40203e-38  -4.1148e-40 -7.85645e-39  2.20108e-39  4.99314e-39 -8.03978e-40 -3.83488e-39  8.39568e-41  2.37445e-39  5.43417e-41 -3.23078e-40 -3.66339e-41  7.20737e-41   5.4105e-41 -5.56458e-42 -1.08633e-40 -5.95401e-41  2.00364e-40  1.43013e-40 -3.37454e-40 -2.39638e-40  5.12549e-40  3.47655e-40 -7.02465e-40 -4.55528e-40  8.59596e-40  5.32821e-40 -9.26616e-40 -5.49559e-40  8.64172e-40  4.90657e-40   -6.802e-40 -3.69534e-40  4.35988e-40  2.25711e-40 -2.15189e-40 -1.04562e-40  7.40325e-41  3.20367e-41 -1.41213e-41 -4.22952e-42
