   0.0310888  4.23979e-18   -0.0398964 -1.66407e-17   -0.0102894   1.7887e-18  0.000682437  1.39991e-17   0.00139754 -6.43048e-18  0.000562708 -1.41743e-18  0.000139026  3.89936e-19  2.33961e-05  1.83262e-19  2.62183e-06  -2.4601e-20  1.72882e-07 -1.28017e-20  4.37124e-09
 4.23979e-18    0.0913052  1.34854e-17   -0.0476748 -3.40441e-17   -0.0292109  3.74714e-18  -0.00756486  1.22057e-17 -0.000795797  -8.2545e-18  0.000138818 -2.00642e-18  7.19955e-05  5.20147e-19  1.37291e-05   1.0603e-19  1.39862e-06 -6.61329e-20   6.6507e-08 -1.10347e-20
  -0.0398964  1.34854e-17     0.128989  2.21793e-17   -0.0217842 -3.90349e-17   -0.0350753  3.14706e-18   -0.0153311  9.76372e-19  -0.00416444 -9.74087e-18 -0.000797051   -2.009e-18 -0.000111016  3.02565e-19 -1.10564e-05 -9.12426e-20 -7.07383e-07  -7.2404e-20 -1.89606e-08
-1.66407e-17   -0.0476748  2.21793e-17     0.127573  2.15115e-17     0.012676  -3.0304e-17   -0.0234933 -2.93043e-18    -0.014837   -1.163e-17  -0.00496914 -1.06424e-17   -0.0011011 -1.85207e-18  -0.00016535 -1.34677e-19  -1.5755e-05 -2.05728e-19 -7.68548e-07 -3.87359e-20
  -0.0102894 -3.40441e-17   -0.0217842  2.15115e-17     0.113215  9.72941e-18    0.0399374 -2.14599e-17  -0.00343254 -1.43058e-17  -0.00717769 -1.99718e-17  -0.00286758 -9.86733e-18 -0.000644672 -1.68765e-18 -8.81554e-05 -4.36825e-19 -6.69594e-06 -1.65757e-19 -1.87185e-07
  1.7887e-18   -0.0292109 -3.90349e-17     0.012676  9.72941e-18     0.104999 -7.00644e-18    0.0579981 -2.25636e-17    0.0147975 -2.58618e-17   0.00141973 -2.16733e-17  -0.00024779 -7.55959e-18 -9.87166e-05 -1.43204e-18 -1.31063e-05 -4.24361e-19 -7.15089e-07 -6.71512e-20
 0.000682437  3.74714e-18   -0.0350753  -3.0304e-17    0.0399374 -7.00644e-18      0.10198 -2.22504e-17    0.0658111 -3.03658e-17    0.0243252 -3.08865e-17   0.00604499 -1.76403e-17   0.00105759 -4.83142e-18  0.000127752  -1.0197e-18  9.48546e-06  -2.3396e-19  2.81527e-07
 1.39991e-17  -0.00756486  3.14706e-18   -0.0234933 -2.14599e-17    0.0579981 -2.22504e-17    0.0959035   -3.289e-17    0.0616325   -3.536e-17    0.0237871 -2.71526e-17     0.006111 -1.12605e-17   0.00105107 -2.62228e-18  0.000112972 -5.57533e-19  6.12861e-06 -7.19074e-20
  0.00139754  1.22057e-17   -0.0153311 -2.93043e-18  -0.00343254 -2.25636e-17    0.0658111   -3.289e-17    0.0812274   -3.703e-17    0.0475563  -3.2205e-17    0.0170131 -1.83322e-17   0.00394704 -5.77938e-18  0.000580352 -1.21078e-18  4.81243e-05 -2.15544e-19  1.47957e-06
-6.43048e-18 -0.000795797  9.76372e-19    -0.014837 -1.43058e-17    0.0147975 -3.03658e-17    0.0616325   -3.703e-17    0.0591407 -3.35946e-17    0.0299911 -2.28891e-17   0.00935957 -9.72596e-18   0.00184268 -2.43761e-18  0.000216231 -4.59262e-19   1.2339e-05  -5.0761e-20
 0.000562708  -8.2545e-18  -0.00416444   -1.163e-17  -0.00717769 -2.58618e-17    0.0243252   -3.536e-17    0.0475563 -3.35946e-17    0.0360117 -2.44793e-17     0.015347 -1.27937e-17   0.00402166 -4.12026e-18  0.000642565 -8.55694e-19  5.62421e-05 -1.31909e-19  1.78568e-06
-1.41743e-18  0.000138818 -9.74087e-18  -0.00496914 -1.99718e-17   0.00141973 -3.08865e-17    0.0237871  -3.2205e-17    0.0299911 -2.44793e-17    0.0180365 -1.41864e-17   0.00632881 -5.65177e-18   0.00135166 -1.41207e-18  0.000167664 -2.46307e-19  9.92092e-06  -2.4207e-20
 0.000139026 -2.00642e-18 -0.000797051 -1.06424e-17  -0.00286758 -2.16733e-17   0.00604499 -2.71526e-17    0.0170131 -2.28891e-17     0.015347 -1.41864e-17   0.00734486 -6.48996e-18   0.00208648 -1.97936e-18   0.00035264   -3.942e-19  3.20722e-05 -5.44691e-20  1.04415e-06
 3.89936e-19  7.19955e-05   -2.009e-18   -0.0011011 -9.86733e-18  -0.00024779 -1.76403e-17     0.006111 -1.83322e-17   0.00935957 -1.27937e-17   0.00632881 -6.48996e-18   0.00240686 -2.33187e-18  0.000543936 -5.50977e-19  7.01864e-05 -8.85685e-20  4.26622e-06 -7.83348e-21
 2.33961e-05  5.20147e-19 -0.000111016 -1.85207e-18 -0.000644672 -7.55959e-18   0.00105759 -1.12605e-17   0.00394704 -9.72596e-18   0.00402166 -5.65177e-18   0.00208648 -2.33187e-18  0.000627243 -6.56054e-19  0.000110339 -1.21933e-19  1.03194e-05 -1.51539e-20  3.42385e-07
 1.83262e-19  1.37291e-05  3.02565e-19  -0.00016535 -1.68765e-18 -9.87166e-05 -4.83142e-18   0.00105107 -5.77938e-18   0.00184268 -4.12026e-18   0.00135166 -1.97936e-18  0.000543936 -6.56054e-19  0.000127966  -1.4436e-19  1.69887e-05 -2.11939e-20   1.0533e-06 -1.68299e-21
 2.62183e-06   1.0603e-19 -1.10564e-05 -1.34677e-19 -8.81554e-05 -1.43204e-18  0.000127752 -2.62228e-18  0.000580352 -2.43761e-18  0.000642565 -1.41207e-18   0.00035264 -5.50977e-19  0.000110339  -1.4436e-19  1.99736e-05 -2.47891e-20  1.90628e-06 -2.75049e-21  6.41413e-08
 -2.4601e-20  1.39862e-06 -9.12426e-20  -1.5755e-05 -4.36825e-19 -1.31063e-05  -1.0197e-18  0.000112972 -1.21078e-18  0.000216231 -8.55694e-19  0.000167664   -3.942e-19  7.01864e-05 -1.21933e-19  1.69887e-05 -2.47891e-20  2.30194e-06  -3.2674e-21  1.44792e-07 -2.27226e-22
 1.72882e-07 -6.61329e-20 -7.07383e-07 -2.05728e-19 -6.69594e-06 -4.24361e-19  9.48546e-06 -5.57533e-19  4.81243e-05 -4.59262e-19  5.62421e-05 -2.46307e-19  3.20722e-05 -8.85685e-20  1.03194e-05 -2.11939e-20  1.90628e-06  -3.2674e-21  1.84598e-07 -3.09707e-22  6.27484e-09
-1.28017e-20   6.6507e-08  -7.2404e-20 -7.68548e-07 -1.65757e-19 -7.15089e-07  -2.3396e-19  6.12861e-06 -2.15544e-19   1.2339e-05 -1.31909e-19  9.92092e-06 -5.44691e-20  4.26622e-06 -1.51539e-20   1.0533e-06 -2.75049e-21  1.44792e-07 -3.09707e-22  9.20163e-09 -1.72797e-23
 4.37124e-09 -1.10347e-20 -1.89606e-08 -3.87359e-20 -1.87185e-07 -6.71512e-20  2.81527e-07 -7.19074e-20  1.47957e-06  -5.0761e-20  1.78568e-06  -2.4207e-20  1.04415e-06 -7.83348e-21  3.42385e-07 -1.68299e-21  6.41413e-08 -2.27226e-22  6.27484e-09 -1.72797e-23  2.14841e-10
