 2.61974e-34   1.6912e-41 -2.19061e-34 -1.01346e-40   8.9992e-36 -1.44634e-40  5.91945e-36 -6.70858e-40   -3.392e-35 -2.27203e-40  4.35977e-35  1.64445e-39 -2.03717e-35 -8.92876e-41  1.20415e-35 -1.20694e-38  -4.8662e-36   5.5501e-39  1.00298e-36  3.14935e-39  1.58618e-36 -1.84721e-38 -1.13971e-36  2.49796e-39  2.87447e-37  5.20504e-39  4.64231e-37  4.12494e-39 -3.92904e-37  1.00177e-39  2.51255e-37 -8.14454e-40 -5.08198e-38 -2.29992e-39  1.03119e-38  1.40684e-39   1.0915e-38  5.34287e-40  3.21694e-39 -9.89394e-41 -1.31061e-38  1.66994e-40  1.77787e-39  2.07017e-40  1.20848e-39 -5.47063e-41  9.56068e-42  5.49045e-41  6.49767e-40 -4.02674e-41  2.05295e-40  5.36615e-42  2.16903e-41  4.38545e-43  2.64974e-41  5.58214e-43  3.32392e-42   1.4834e-43 -1.91269e-41 -7.82784e-44 -3.17733e-42 -5.39698e-43  -4.2303e-42  2.59757e-44 -9.14862e-43  3.06435e-44  2.10466e-43 -2.08662e-45  2.39278e-43 -2.08272e-45  -2.3343e-43 -1.52328e-45  9.16844e-44 -6.76883e-46 -1.67666e-44  7.73818e-46  1.44451e-44 -2.39867e-46 -5.85545e-45  8.21051e-47  8.84395e-47 -2.75414e-47  5.37674e-47 -1.40925e-47 -2.16991e-47  3.04364e-48  2.98042e-47 -3.32311e-49 -7.75392e-48  -3.0802e-49  4.06676e-48 -3.40891e-49  2.42372e-48  1.02577e-49  2.35786e-49  7.99791e-50  -1.8206e-49  6.88788e-51  6.83541e-51 -1.46194e-51 -1.29019e-50  1.89582e-52  3.60487e-51  8.96081e-54 -5.15832e-52  3.67048e-53 -3.13847e-53 -1.05711e-53 -1.95622e-53  1.06824e-54  5.51502e-54 -4.34432e-55  -1.1045e-54 -3.33984e-56  1.89789e-55  1.45381e-55 -3.65336e-56 -1.17752e-55   5.7128e-58  6.46976e-56  4.91971e-58 -2.57741e-56  1.41115e-58  6.54254e-57 -9.37433e-59 -6.85812e-58
  1.6912e-41   5.0301e-34  1.89413e-40 -2.88786e-34 -8.46409e-40 -5.70274e-36 -1.53118e-39 -3.51046e-35 -3.61597e-39 -2.07442e-35  3.89885e-40  5.04209e-35  1.08228e-39 -2.80471e-35 -5.77897e-39  1.36089e-35 -4.42938e-38   -5.202e-36  2.27481e-38   1.4282e-36  4.77774e-39  5.17176e-36 -7.02672e-38 -1.63972e-36  1.33074e-38  2.18006e-37  1.73082e-38  7.68949e-37  1.44287e-38 -6.77623e-37   4.3712e-39  5.58018e-37 -1.62883e-39 -1.49798e-37 -7.28506e-39  7.46722e-38  4.39481e-39  1.22409e-38  1.53491e-39  1.12657e-38 -3.26841e-40 -3.82249e-38  8.41563e-40  3.13151e-39  7.03803e-40  5.55231e-39 -2.30217e-40 -1.19052e-39  1.64853e-40  2.47556e-39  -1.1384e-40  7.56618e-40  1.07954e-41  1.19023e-40 -2.11749e-42  1.27944e-40  6.70936e-43 -6.86511e-42  1.09875e-42 -4.96737e-41 -1.03821e-43 -2.22701e-41 -2.19544e-42 -1.09927e-41  1.28816e-43 -3.05526e-42  1.02419e-43  8.71949e-43 -8.13846e-45  9.04205e-43 -1.72907e-45 -8.94382e-43  -8.1494e-45  3.46774e-43 -4.13908e-45 -6.71758e-44  2.40182e-45  4.73544e-44  -6.1973e-46 -2.21267e-44  2.33702e-46 -1.87145e-46 -1.31282e-46  3.33403e-46 -5.83023e-47 -6.00078e-47  1.62983e-47  1.14632e-46 -1.61339e-48 -2.98543e-47 -1.46195e-48    1.458e-47    -1.45e-48  9.81148e-48  4.71608e-49  8.08157e-49   2.9083e-49 -6.42613e-49  2.25537e-50  1.14706e-50 -7.16358e-51 -4.39646e-50  1.14183e-51  1.41364e-50 -2.58182e-53 -2.38693e-51  1.49339e-52 -7.34222e-53 -4.20224e-53 -7.37511e-53  2.62992e-54  1.78658e-53    5.538e-55 -3.21685e-54 -2.04608e-54  5.39664e-55  1.89288e-54 -9.13684e-56 -1.20266e-54  1.02153e-56   5.6527e-55 -9.27634e-57  -1.8421e-55   4.7249e-57    3.324e-56 -7.69589e-58
-2.19061e-34  1.89413e-40  6.51619e-34  1.23152e-39 -3.49404e-34 -4.67607e-39  3.86435e-35 -8.09965e-39 -8.92831e-35 -1.40634e-38 -5.19204e-36  4.41603e-39  4.66329e-35 -1.82043e-38 -2.16354e-35 -3.04673e-38  6.25747e-38  -1.1728e-37 -5.91117e-36  7.15796e-38  2.68757e-36   1.2417e-39  1.06408e-35 -1.89763e-37 -6.39755e-37  4.23217e-38 -1.40635e-37  4.29755e-38  8.81814e-37  3.58055e-38 -8.87667e-37  1.13479e-38  9.22684e-37 -1.04603e-39 -3.47345e-37  -1.6568e-38  2.67722e-37  1.00117e-38 -1.87467e-38  3.10722e-39  2.56399e-38 -7.26203e-40 -8.16268e-38  2.55568e-39  1.89818e-39  1.64995e-39  1.60792e-38 -6.53939e-40  -4.7168e-39  3.30823e-40  6.03649e-39  -2.1503e-40  2.00769e-39  6.81237e-42  3.23233e-40  -1.2592e-41  4.23091e-40 -8.79783e-43 -6.08574e-41    4.042e-42   -8.274e-41  5.01858e-43 -8.02536e-41 -6.37529e-42 -1.63548e-41  4.86566e-43 -7.74364e-42  2.51374e-43   2.6704e-42 -3.58618e-44  2.36764e-42  9.41993e-45 -2.36277e-42 -3.06526e-44  9.15303e-43 -1.46354e-44 -1.84304e-43  4.94947e-45  1.03343e-43 -9.28242e-46 -5.97772e-44  3.15759e-46 -1.92433e-45 -4.48522e-46  1.19236e-45 -1.63118e-46 -9.05723e-47  5.69952e-47    3.013e-46 -5.22685e-48 -8.08817e-47 -4.50196e-48  3.46956e-47 -4.27705e-48  2.74147e-47  1.44103e-48  2.11272e-48  7.33349e-49  -1.6237e-48  5.00761e-50  1.65234e-50 -2.31925e-50 -1.09948e-49  4.20215e-51  3.97963e-50 -2.27897e-52 -7.40078e-51  4.10132e-52 -1.03089e-52 -9.90065e-53 -1.82588e-52 -1.25913e-53  3.78513e-53  2.09431e-53 -6.00848e-54 -2.06121e-53    1.208e-54   1.4686e-53 -4.34501e-55  -7.9831e-54  2.46727e-55  3.17159e-54 -1.24779e-55 -8.04993e-55  3.18241e-56  8.45851e-56
-1.01346e-40 -2.88786e-34  1.23152e-39  7.85192e-34  5.64653e-39  -4.4026e-34 -1.97913e-38  9.72709e-35 -2.86416e-38 -1.11539e-34  -4.5145e-38 -4.74495e-36  1.20908e-38  5.27529e-35 -9.97863e-38  6.16619e-37  -9.4429e-38  -2.9673e-35 -2.59486e-37 -8.30456e-36  1.85578e-37  4.98732e-36 -2.79909e-39  1.63662e-35 -4.12902e-37  2.67885e-36  1.01548e-37   -4.995e-37  9.07691e-38    9.769e-37  7.12289e-38 -1.31143e-36  2.19741e-38  1.37912e-36   3.4199e-39 -6.73439e-37 -3.13168e-38  6.63451e-37   1.9137e-38 -1.16774e-37  5.23964e-39  4.05114e-38 -1.20486e-39 -1.48168e-37  5.81556e-39 -4.91855e-39  3.03955e-39  3.57113e-38 -1.47195e-39 -1.10008e-38   5.0043e-40  1.08581e-38 -3.07835e-40  4.51839e-39 -2.79664e-41  5.09865e-40 -3.76788e-41  1.10092e-39 -5.08507e-42 -2.17456e-40  1.04759e-41  -9.0856e-41  3.28129e-42 -2.10861e-40 -1.50659e-41 -6.87164e-42  1.45692e-42 -1.71249e-41  5.19431e-43  6.76337e-42 -1.28653e-43  4.89702e-42  4.09327e-44 -4.93717e-42 -9.03956e-44  1.93212e-42  -3.8305e-44 -4.00407e-43  7.63564e-45  1.68353e-43 -5.44469e-46 -1.33423e-43 -2.01206e-46 -7.08186e-45 -1.24346e-45  3.22911e-45  -3.5349e-46  1.38196e-47  1.55593e-46  6.20355e-46 -1.32633e-47 -1.74002e-46 -1.05941e-47  6.11258e-47 -1.00805e-47  6.13412e-47  3.40091e-48   4.8571e-48  1.47989e-48  -3.4045e-48  8.61451e-50  5.60148e-50 -5.85464e-50 -2.33931e-49  1.16313e-50  9.16512e-50 -7.96464e-52 -1.78064e-50  7.98032e-52 -8.05313e-53 -6.35403e-53 -3.46486e-52 -1.80238e-52  6.14481e-53  1.77336e-52  -1.1625e-53 -1.38156e-52  6.10672e-54  8.49478e-53 -4.12061e-54 -3.98187e-53  2.20915e-54  1.29882e-53 -7.38614e-55 -2.35259e-54  9.68346e-56
  8.9992e-36 -8.46409e-40 -3.49404e-34  5.64653e-39  9.39247e-34  1.97885e-38 -5.54914e-34 -6.78849e-38  1.22336e-34 -7.54326e-38 -9.66923e-35 -1.23807e-37 -1.77385e-35  4.72618e-39  8.21931e-35 -3.20997e-37  3.98587e-35 -2.12859e-37 -7.43832e-35 -5.02792e-37  -7.8232e-36  4.05171e-37   8.0019e-36  2.18402e-38  2.02585e-35 -7.59736e-37  8.22808e-36  2.03308e-37 -3.76759e-37  1.70627e-37  1.45519e-36  1.18021e-37 -2.50714e-36  3.44979e-38  2.04067e-36  1.42626e-38   -1.107e-36 -5.27043e-38   1.2915e-36  3.24915e-38 -3.16517e-37   7.7442e-39  3.56135e-38  -1.4845e-39 -2.44848e-37   1.0801e-38 -1.86651e-38  4.57714e-39  6.59147e-38 -2.81072e-39 -1.91225e-38  5.78797e-40  1.47615e-38 -3.42898e-40  9.26997e-39 -1.28101e-40  2.22572e-40 -8.36905e-41  2.40393e-39 -1.03646e-41 -5.75519e-40  2.14513e-41 -3.69029e-41  1.11119e-41  -4.5505e-40 -3.04872e-41   4.2937e-41  3.57916e-42 -3.38566e-41  9.36529e-43  1.47111e-41 -3.52062e-43  8.35534e-42  8.56018e-44 -8.55335e-42 -2.18974e-43  3.42782e-42 -8.10789e-44 -7.37084e-43  9.16421e-45  2.01518e-43  1.48248e-45 -2.60556e-43 -2.44623e-45 -1.80414e-44 -2.93178e-45  7.37647e-45 -6.20046e-46  6.08006e-46  3.56485e-46  1.04094e-45 -2.79294e-47 -3.07041e-46 -2.05318e-47  7.78952e-47 -2.00451e-47   1.1717e-46  6.54681e-48  1.00973e-47  2.53735e-48  -6.2737e-48  1.19743e-49  2.25941e-49    -1.24e-49 -4.47304e-49  2.62351e-50  1.81388e-49 -1.57437e-51 -3.54863e-50  5.70679e-52  4.50553e-53  9.17609e-52 -5.67913e-52 -1.28071e-51  1.17216e-52  1.07048e-51 -6.11703e-53 -7.31428e-52  4.82732e-53  3.94557e-52 -2.91277e-53 -1.57078e-52  1.18632e-53  4.00819e-53 -2.58591e-54 -4.24952e-54
-1.44634e-40 -5.70274e-36 -4.67607e-39  -4.4026e-34  1.97885e-38  1.13735e-33  5.51794e-38  -6.5724e-34 -1.94476e-37  9.49365e-35  -1.5592e-37 -6.79169e-35 -2.91525e-37 -3.13257e-35 -8.78607e-38  1.33177e-34  -7.8164e-37  9.93671e-35 -3.79014e-37 -1.33226e-34 -8.62881e-37  3.29944e-36  7.62303e-37  1.21053e-35  1.37578e-37  2.09267e-35 -1.21217e-36  1.49615e-35  3.59582e-37   6.9765e-37  2.92185e-37  2.75128e-36   1.6367e-37  -5.0193e-36  4.49328e-38  3.05385e-36  3.25138e-38 -1.55558e-36 -8.25385e-38  2.10753e-36  5.04577e-38 -6.38005e-37  9.81427e-39 -2.83047e-38 -1.23756e-39 -3.82079e-37  1.70676e-38  -3.6905e-38  5.60482e-39  1.05927e-37 -4.71566e-39 -2.72651e-38   4.7042e-40  1.36653e-38 -2.86944e-40  1.79689e-38 -3.40473e-40 -1.44705e-39 -1.53352e-40  4.58135e-39 -9.67327e-42 -1.28515e-39  3.65842e-41  1.04285e-40  2.81857e-41 -8.54615e-40 -5.42923e-41  1.68573e-40  7.44137e-42 -5.89583e-41  1.46155e-42  2.80141e-41 -7.61318e-43  1.18268e-41  8.71018e-44 -1.23819e-41 -4.46905e-43  5.20815e-42 -1.43705e-43 -1.20626e-42  9.29063e-45  1.35318e-43  6.06248e-45 -4.58205e-43 -8.21572e-45 -3.68163e-44 -6.03629e-45  1.50048e-44 -8.82258e-46  2.44472e-45  7.09894e-46  1.40757e-45 -4.94832e-47 -4.40442e-46 -3.47122e-47  5.22679e-47 -3.43875e-47  1.98549e-46  1.04097e-47  1.87932e-47  3.83193e-48 -1.04165e-47  1.34635e-49  6.83969e-49 -2.29764e-49 -7.86468e-49  4.88631e-50  3.17107e-49  8.05827e-52 -6.11441e-50 -4.92963e-51  5.66239e-52  7.38578e-51 -1.15145e-51  -7.0799e-51  5.51877e-52  5.30899e-51 -4.44825e-52 -3.23431e-51  3.01662e-52    1.519e-51 -1.44886e-52 -4.98946e-52  4.31304e-53  9.13498e-53 -5.16092e-54
 5.91945e-36 -1.53118e-39  3.86435e-35 -1.97913e-38 -5.54914e-34  5.51794e-38  1.34624e-33  1.24836e-37 -6.97979e-34 -4.75037e-37  1.68211e-35 -2.60095e-37 -5.17619e-35 -5.87355e-37 -3.80484e-35 -4.23008e-37  1.92164e-34 -1.57131e-36  1.81585e-34 -5.58733e-37  -2.0441e-34 -1.30816e-36  3.06003e-35  1.26823e-36  1.88955e-35  4.26261e-37  1.81816e-35 -1.69862e-36  2.14785e-35  5.81102e-37  3.01398e-36  4.64289e-37  5.16145e-36  1.83991e-37 -9.03572e-36  4.59822e-38  4.51886e-36  5.67017e-38 -1.86721e-36 -1.23749e-37  3.00052e-36  7.27983e-38 -1.07701e-36   9.4827e-39 -2.05242e-37 -5.69423e-40 -5.70264e-37  2.34096e-38 -5.30941e-38  5.16849e-39    1.534e-37 -7.07193e-39  -3.4097e-38  1.41324e-40  2.02155e-39 -1.53996e-40   3.3331e-38 -7.18391e-40 -5.80894e-39 -2.41708e-40   7.8277e-39  1.15907e-41 -2.54752e-39  5.34242e-41  3.11667e-40  5.92726e-41 -1.44368e-39 -8.65823e-41   4.0618e-40  1.33952e-41 -8.78825e-41  1.87957e-42   4.7255e-41 -1.34995e-42  1.33197e-41 -1.00706e-43 -1.43925e-41 -7.76525e-43  6.75257e-42 -2.13819e-43 -1.83201e-42  1.17491e-44 -1.09363e-43  1.33918e-44 -7.37137e-43 -1.97524e-44 -6.45268e-44  -1.1054e-44  2.79278e-44 -9.63919e-46  6.82142e-45  1.24828e-45   1.3827e-45 -7.13607e-47 -4.75171e-46 -5.50397e-47 -6.33037e-47   -5.079e-47  3.07036e-46  1.32103e-47  3.07518e-47  5.24757e-48 -1.57151e-47  1.14379e-49  1.59197e-48 -3.77957e-49 -1.28538e-48  6.55138e-50  5.00531e-49  2.76041e-50 -9.54487e-50 -3.89556e-50  3.89493e-51  4.01477e-50 -4.58285e-51 -3.33379e-50  3.50398e-51  2.26283e-50 -2.56785e-51 -1.22396e-50  1.41864e-51  4.91344e-51 -5.29906e-52 -1.26954e-51  1.06995e-52  1.36829e-52
-6.70858e-40 -3.51046e-35 -8.09965e-39  9.72709e-35 -6.78849e-38  -6.5724e-34  1.24836e-37  1.49485e-33  2.30158e-37  -6.5755e-34 -1.00608e-36 -9.02584e-35 -3.56307e-37 -5.84294e-35 -1.00415e-36 -4.48313e-35 -1.24917e-36   2.4166e-34 -2.72821e-36  2.81462e-34  -7.1188e-37 -2.82087e-34 -1.73782e-36  7.33319e-35  1.91811e-36  3.06671e-35  9.47787e-37  1.25495e-35 -2.09353e-36  2.68472e-35  8.72008e-37  6.58517e-36  6.98021e-37  8.76664e-36  1.45889e-37 -1.42009e-35  2.45617e-38  6.41895e-36   8.3184e-38 -1.87929e-36 -1.80246e-37  3.83697e-36  9.84133e-38 -1.61093e-36  3.62341e-39 -5.48426e-37 -8.36618e-40 -8.10473e-37  2.80109e-38 -5.84415e-38  2.24106e-39  2.06284e-37 -9.52008e-39 -4.00126e-38 -3.31776e-40   -2.633e-38 -1.95233e-41  5.90654e-38 -1.30829e-39 -1.42865e-38 -3.32516e-40  1.22256e-38  7.52259e-41 -4.59604e-39  6.77589e-41  4.81198e-40  1.08034e-40 -2.23927e-39 -1.25241e-40  7.77375e-40  2.11921e-41 -1.06688e-40  1.68363e-42  7.10856e-41  -2.0175e-42  9.65843e-42 -7.50697e-43 -1.09748e-41 -1.14095e-42  7.17871e-42 -2.57166e-43 -2.68632e-42   2.7377e-44 -5.92777e-43  2.21787e-44 -1.09455e-42  -3.9184e-44 -1.01818e-43 -1.82558e-44  4.81077e-44 -6.00345e-46  1.55838e-44  1.94224e-45  4.29071e-46 -7.04993e-47 -2.42306e-46 -9.04666e-47 -3.22821e-46 -6.20005e-47  4.43721e-46  1.11916e-47  4.33124e-47  6.72199e-48 -2.15378e-47  2.73378e-50  3.01632e-48  -5.1902e-49 -1.97225e-48 -1.43476e-50  7.34363e-49  1.83831e-49 -1.49762e-49 -2.04022e-49  2.52198e-50  1.83777e-49 -2.44657e-50 -1.38104e-49   1.8671e-50  8.45556e-50 -1.15527e-50 -4.01058e-50  5.15897e-51  1.33609e-50 -1.43943e-51 -2.49033e-51  1.62595e-52
  -3.392e-35 -3.61597e-39 -8.92831e-35 -2.86416e-38  1.22336e-34 -1.94476e-37 -6.97979e-34  2.30158e-37  1.56044e-33  3.41344e-37 -5.70084e-34 -1.87556e-36  -1.9231e-34 -4.11537e-37 -7.75873e-35 -1.42764e-36 -6.63951e-35 -2.83604e-36  2.66337e-34 -4.21425e-36  3.81854e-34  -8.3874e-37 -3.54987e-34 -1.99927e-36  1.23879e-34  2.71691e-36  4.93998e-35  1.68493e-36  4.17332e-36  -2.2337e-36  3.11191e-35  1.21732e-36  1.10821e-35  1.01394e-36  1.34419e-35  1.52513e-38 -1.97059e-35 -4.16451e-38  8.59864e-36  1.08102e-37 -1.49223e-36 -2.55992e-37   4.5133e-36  1.25409e-37  -2.2245e-36  -1.0896e-38 -1.08848e-36 -5.54597e-39 -1.08264e-36  2.89432e-38 -4.47052e-38 -3.95291e-39  2.64905e-37 -1.13949e-38 -4.71057e-38 -7.54115e-40 -7.72102e-38 -5.53932e-42  9.92169e-38 -2.12933e-39   -2.792e-38 -3.97552e-40  1.77049e-38  2.06569e-40 -7.66799e-39  7.47902e-41  4.03836e-40  1.74305e-40 -3.23281e-39 -1.66198e-40  1.27475e-39  2.97215e-41 -9.15852e-41   8.5129e-47  9.55588e-41 -2.60109e-42 -3.43089e-42 -2.28303e-42  3.26734e-42 -1.36181e-42  5.29933e-42 -2.12969e-43 -3.91489e-42  7.49502e-44 -1.31703e-42  2.90955e-44 -1.50742e-42 -6.77192e-44 -1.50274e-43 -2.74745e-44  7.68995e-44  5.22528e-46  3.08488e-44  2.63771e-45 -2.13029e-45  9.40829e-48  4.83748e-46 -1.67021e-46 -7.75192e-46 -5.26948e-47  6.11967e-46  -1.7958e-48   5.0657e-47  8.42156e-48 -2.66954e-47 -3.24498e-49  4.86931e-48 -3.25556e-49 -2.90372e-48 -6.26103e-49  1.07446e-48  9.24357e-49 -3.00752e-49 -9.08159e-49  1.40333e-49  7.46974e-49 -1.19063e-49 -5.11337e-49  8.04792e-50  2.79897e-49 -4.15488e-50 -1.14136e-49  1.46583e-50  3.00587e-50 -2.81149e-51 -3.31078e-51
-2.27203e-40 -2.07442e-35 -1.40634e-38 -1.11539e-34 -7.54326e-38  9.49365e-35 -4.75037e-37  -6.5755e-34  3.41344e-37  1.60248e-33  3.88936e-37 -4.99796e-34 -3.12361e-36 -2.59128e-34 -4.38933e-37 -8.99931e-35 -1.59218e-36 -1.12186e-34  -5.3169e-36  2.56329e-34 -5.92735e-36  4.55609e-34 -1.02486e-36  -4.0853e-34 -1.96259e-36  1.70437e-34  3.71633e-36  7.60505e-35  2.50189e-36 -8.15138e-36 -1.94842e-36  3.53013e-35  1.56667e-36  1.57862e-35  1.45141e-36   1.8908e-35 -2.32217e-37 -2.45976e-35 -1.86721e-37  1.08047e-35  1.30005e-37 -7.32492e-37 -3.53328e-37  4.97842e-36  1.51596e-37 -2.94939e-36 -3.49114e-38 -1.81658e-36 -2.08818e-38 -1.33846e-36  2.49643e-38 -6.15918e-39 -1.36186e-38  3.33135e-37 -1.17226e-38  -5.7715e-38 -8.51739e-40 -1.55228e-37 -2.40196e-40  1.56699e-37 -3.15209e-39 -4.67904e-38 -4.00974e-40  2.40159e-38  4.28434e-40 -1.19959e-38  6.99456e-41 -2.21683e-40  2.50461e-40 -4.38436e-39 -2.05014e-40  1.85661e-39  3.71015e-41 -1.44692e-41 -4.38307e-42  1.14377e-40 -2.98283e-42 -3.11666e-41 -5.25973e-42  3.53848e-41 -1.12856e-42 -2.31756e-43  4.41994e-47 -5.72455e-42  1.76749e-43 -2.19162e-42  2.87806e-44 -1.92901e-42 -1.04822e-43 -2.13942e-43 -3.79436e-44  1.13946e-43  2.72996e-45  5.43631e-44  2.98637e-45 -6.94491e-45  2.82824e-46  1.93928e-45 -3.40762e-46  -1.4531e-45  3.69856e-48  8.19343e-46 -3.42627e-47  4.47414e-47  1.12897e-47 -2.98072e-47 -2.09967e-48   7.0844e-48  1.80621e-48 -4.38084e-48 -3.61733e-48  1.87649e-48  4.03774e-48 -9.19593e-49 -3.63317e-48  6.58613e-49  2.75017e-48 -4.90016e-49 -1.70762e-48  2.85023e-49  8.24005e-49 -1.20788e-49  -2.8005e-49  3.21736e-50  5.33556e-50 -3.48636e-51
 4.35977e-35  3.89885e-40 -5.19204e-36  -4.5145e-38 -9.66923e-35  -1.5592e-37  1.68211e-35 -1.00608e-36 -5.70084e-34  3.88936e-37  1.71674e-33  2.93388e-37 -4.96574e-34 -4.72154e-36  -2.7478e-34 -5.50879e-37 -8.18316e-35 -1.09175e-36 -1.78748e-34 -8.49148e-36  2.08663e-34 -7.75188e-36  4.74359e-34  -1.4437e-36 -4.29207e-34 -1.63642e-36  2.01136e-34  5.04213e-36  1.10594e-34  3.14055e-36  -2.7143e-35 -1.09872e-36  4.09406e-35  1.82424e-36  1.96054e-35  2.07569e-36   2.4761e-35 -6.01768e-37 -2.81138e-35 -4.55882e-37  1.27642e-35  1.51224e-37   2.3862e-37 -4.70638e-37  5.20888e-36  1.75154e-37 -3.90412e-36 -6.43417e-38 -2.68346e-36 -5.53971e-38 -1.50616e-36  1.64484e-38  6.02178e-38 -2.61882e-38    4.183e-37 -9.29981e-39  -7.2643e-38 -3.35812e-40 -2.62929e-37 -8.11822e-40  2.31259e-37 -4.28809e-39 -6.95441e-38 -3.08621e-40  3.07025e-38  7.55356e-40  -1.7853e-38  4.70526e-41 -1.72692e-39  3.17271e-40 -5.62159e-39 -2.39619e-40  2.45626e-39  4.13529e-41  1.45894e-40 -1.28703e-41  1.20457e-40 -3.22532e-42 -7.96689e-41 -1.03452e-41  9.34153e-41 -2.48918e-44 -1.07077e-41  4.62719e-43    -8.32e-42   3.4706e-43  -3.0215e-42  1.45914e-44 -2.28929e-42 -1.47612e-43  -2.9971e-43 -4.82262e-44  1.56259e-43   6.3799e-45  8.65458e-44  2.39091e-45 -1.43579e-44  9.52447e-46  4.28812e-45 -7.08675e-46 -2.36206e-45  1.46989e-46  1.07622e-45 -9.73426e-47  1.84407e-47  1.95369e-47 -3.05062e-47 -1.08687e-47  1.05973e-47  1.27159e-47 -7.94262e-48 -1.61808e-47  4.78326e-48  1.60099e-47 -3.47076e-48 -1.33275e-47  2.62489e-48  9.26112e-48 -1.70162e-48 -5.16384e-48  8.37132e-49  2.14948e-48 -2.83084e-49 -5.78512e-49  5.23076e-50  6.51083e-50
 1.64445e-39  5.04209e-35  4.41603e-39 -4.74495e-36 -1.23807e-37 -6.79169e-35 -2.60095e-37 -9.02584e-35 -1.87556e-36 -4.99796e-34  2.93388e-37  1.96656e-33  4.53041e-38 -5.69105e-34  -6.5954e-36 -2.38339e-34 -9.80121e-37 -5.12122e-35  5.41724e-37 -2.51166e-34 -1.16962e-35  1.27545e-34 -9.62627e-36  4.19477e-34 -2.28453e-36 -4.08447e-34 -1.27414e-36  2.07395e-34    6.892e-36  1.52626e-34  3.25912e-36  -5.6123e-35  3.78032e-37  4.96642e-35  1.85555e-36   2.1224e-35  2.97814e-36  3.04136e-35 -1.07697e-36 -2.98523e-35 -9.00476e-37    1.425e-35  1.76169e-37  1.19313e-36 -5.99761e-37  5.15553e-36  1.94964e-37 -5.31826e-36  -8.8559e-38 -3.61712e-36 -1.18632e-37 -1.50966e-36  6.18752e-39  1.56041e-37 -4.03033e-38  5.30371e-37 -2.85284e-39 -9.07604e-38  1.03541e-39 -3.99808e-37 -1.74526e-39   3.1755e-37 -5.40381e-39 -9.31754e-38 -9.88748e-41  3.70612e-38  1.19142e-39 -2.56648e-38 -8.28004e-42 -4.36328e-39  3.40096e-40 -6.84298e-39  -2.7334e-40  3.00402e-39  4.17413e-41  3.90925e-40 -2.68495e-41  1.08795e-40  -3.6456e-42 -1.56087e-40 -1.82222e-41  1.85031e-40  2.38235e-42 -2.71182e-41  1.22248e-42 -1.18061e-41  5.74863e-43 -3.53221e-42 -1.98839e-44 -2.49834e-42 -1.90638e-43 -4.16071e-43 -5.62732e-44  1.98358e-43  1.19984e-44  1.25458e-43 -9.25797e-48 -2.40545e-44  2.33416e-45  7.50544e-45 -1.41048e-45 -3.46513e-45  4.31553e-46  1.38868e-45 -2.10143e-46 -2.84565e-47  5.15407e-47 -3.31439e-47 -5.02233e-47  2.12392e-47  5.90671e-47 -2.02147e-47 -6.44169e-47  1.60562e-47  5.87237e-47 -1.27932e-47 -4.52392e-47  8.95554e-48  2.86341e-47 -5.00748e-48 -1.41066e-47  2.04156e-48  4.89649e-48 -5.26062e-49 -9.51868e-49  5.55353e-50
-2.03717e-35  1.08228e-39  4.66329e-35  1.20908e-38 -1.77385e-35 -2.91525e-37 -5.17619e-35 -3.56307e-37  -1.9231e-34 -3.12361e-36 -4.96574e-34  4.53041e-38  2.34862e-33  -1.9216e-37 -6.87475e-34 -8.69142e-36 -1.59716e-34 -2.04063e-36 -7.15549e-36   3.7213e-36 -3.10043e-34 -1.38498e-35  2.37483e-35 -1.15992e-35   2.8925e-34 -3.60411e-36 -3.44045e-34 -1.40545e-36  1.85211e-34  9.49384e-36  2.01904e-34  2.49571e-36 -9.72733e-35  2.42301e-36  6.29165e-35  1.51426e-36  1.94214e-35  4.26618e-36  3.49432e-35   -1.626e-36 -2.97191e-35 -1.56901e-36  1.50994e-35  2.06127e-37  1.96253e-36 -7.24319e-37  4.70426e-36  2.10253e-37  -7.5284e-36 -9.08211e-38 -4.55115e-36 -2.18816e-37 -1.29698e-36 -2.24208e-40  2.83342e-37 -5.39967e-38   6.8133e-37   8.7547e-39 -1.11156e-37  3.41068e-39 -5.61107e-37  -3.0198e-39  4.04163e-37 -6.36618e-39 -1.13127e-37  2.30362e-40  4.20851e-38  1.73373e-39  -3.6154e-38 -1.30212e-40 -8.16411e-39  2.66991e-40 -7.92355e-39 -3.16866e-40   3.4528e-39  4.05861e-41  6.93293e-40 -4.75188e-41   8.0123e-41 -4.76269e-42 -2.68669e-40  -2.9451e-41  3.15562e-40  6.39729e-42 -4.98898e-41  2.26037e-42 -1.60946e-41  8.05949e-43 -3.43665e-42 -7.88128e-44  -2.4504e-42 -2.25945e-43 -5.71374e-43 -5.97071e-44  2.34175e-43  2.05398e-44  1.66123e-43 -5.28996e-45 -3.47345e-44   4.8604e-45  1.12485e-44 -2.62051e-45 -4.65825e-45  9.38564e-46  1.74213e-45 -4.30054e-46  -7.6068e-47  1.83386e-46 -5.98119e-47 -2.12098e-46  6.36541e-47  2.38077e-46 -6.55401e-47 -2.37287e-46  5.59359e-47  2.01043e-46 -4.23252e-47 -1.42537e-46   2.6307e-47  8.11142e-47 -1.25192e-47 -3.44462e-47  4.11314e-48  9.44269e-48 -7.44379e-49 -1.07933e-48
-8.92876e-41 -2.80471e-35 -1.82043e-38  5.27529e-35  4.72618e-39 -3.13257e-35 -5.87355e-37 -5.84294e-35 -4.11537e-37 -2.59128e-34 -4.72154e-36 -5.69105e-34  -1.9216e-37  2.80489e-33 -2.89413e-38 -8.03839e-34 -1.10403e-35 -5.47737e-35 -4.02952e-36  3.38083e-35  8.69818e-36 -3.38891e-34 -1.37053e-35 -8.68309e-35  -1.3856e-35  9.89191e-35 -5.14427e-36 -2.39447e-34 -2.74769e-36  1.34568e-34  1.30294e-35  2.58259e-34  5.31157e-37  -1.4975e-34  4.82007e-36  8.19153e-35  6.82058e-37  1.35135e-35  6.04279e-36   3.6941e-35 -2.21439e-36 -2.77616e-35 -2.49582e-36  1.51949e-35  2.32314e-37  2.56696e-36 -8.20715e-37  3.68687e-36  2.19792e-37 -1.09394e-35 -5.10278e-38  -5.4497e-36 -3.60176e-37 -8.65993e-37  5.34344e-39   4.4614e-37  -6.5039e-38  8.85293e-37  2.63232e-38 -1.37527e-37  6.80984e-39 -7.36582e-37 -4.62274e-39   4.7422e-37 -7.11346e-39 -1.23665e-37  6.63451e-40  4.44081e-38  2.38079e-39 -5.04462e-38 -3.85696e-40 -1.28185e-38  3.08417e-41 -8.72077e-39 -3.87819e-40  3.79614e-39  4.49811e-41  9.96419e-40 -7.58194e-41  4.43759e-41  -7.1577e-42 -4.26254e-40  -4.4267e-41  4.85806e-40  1.20214e-41 -7.86664e-41   3.4764e-42 -2.08524e-41  9.32915e-43 -2.53306e-42 -1.62335e-43 -2.02817e-42  -2.4313e-43 -7.73574e-43 -5.65249e-44  2.60597e-43  3.37198e-44  2.00679e-43 -1.46254e-44 -4.39542e-44  9.05699e-45  1.47531e-44 -4.56199e-45 -5.73093e-45   1.8544e-45  2.06156e-45 -9.82107e-46 -4.39303e-47  7.11411e-46 -1.95505e-46 -8.33505e-46  2.25192e-46  8.84532e-46 -2.20926e-46 -8.19848e-46  1.80242e-46  6.44023e-46 -1.23327e-46 -4.15778e-46  6.68542e-47  2.08657e-46 -2.66251e-47 -7.36141e-47  6.75928e-48   1.4498e-47 -7.11758e-49
 1.20415e-35 -5.77897e-39 -2.16354e-35 -9.97863e-38  8.21931e-35 -8.78607e-38 -3.80484e-35 -1.00415e-36 -7.75873e-35 -4.38933e-37  -2.7478e-34  -6.5954e-36 -6.87475e-34 -2.89413e-38  3.25886e-33  1.08655e-36 -8.75397e-34 -1.37588e-35  5.94177e-35  -7.1005e-36  5.07802e-35  1.54992e-35 -3.28859e-34 -1.02208e-35 -1.85406e-34 -1.67149e-35 -1.25454e-34 -6.19674e-36 -1.02712e-34 -5.99853e-36  5.82495e-35  1.75405e-35  3.20857e-34 -2.86545e-36 -2.08491e-34  7.18757e-36  1.07727e-34 -6.92282e-37  3.78671e-36  8.37846e-36  3.45287e-35 -2.81768e-36 -2.40584e-35 -3.68966e-36  1.44437e-35  2.30654e-37  3.28658e-36 -8.63127e-37  1.94478e-36  2.21365e-37 -1.59516e-35  4.98552e-38 -6.31758e-36 -5.40547e-37 -2.74357e-37  3.25327e-38  6.51605e-37 -7.13884e-38  1.15929e-36  5.01974e-38  -1.8299e-37  1.10856e-38  -9.0957e-37 -6.60083e-39  5.07503e-37 -7.72829e-39 -1.18392e-37  1.17918e-39  4.22844e-38  3.14277e-39 -7.00528e-38 -8.81962e-40 -1.76024e-38 -4.42501e-40 -9.08157e-39 -5.07222e-40  4.07135e-39  6.75556e-41  1.22291e-39 -1.12428e-40  2.27013e-41 -1.14213e-41  -6.3668e-40 -6.23332e-41  6.90338e-40  1.87949e-41 -1.12221e-40  4.70972e-42 -2.54969e-41  8.02148e-43 -8.11822e-43 -2.66588e-43 -1.11057e-42 -2.28769e-43 -1.03213e-42 -4.64773e-44  2.81086e-43   5.4321e-44  2.19723e-43 -2.91478e-44 -4.82765e-44  1.55689e-44  1.67902e-44 -7.69818e-45 -6.28205e-45  3.82818e-45  2.09186e-45 -2.75217e-45     3.44e-46  2.72885e-45  -7.2796e-46 -3.08657e-45   7.7535e-46  3.08771e-45  -6.9723e-46 -2.66503e-45  5.20747e-46  1.92435e-45 -3.16601e-46 -1.11352e-45  1.47899e-46  4.79506e-46 -4.82019e-47 -1.32824e-46  8.76654e-48  1.52777e-47
-1.20694e-38  1.36089e-35 -3.04673e-38  6.16619e-37 -3.20997e-37  1.33177e-34 -4.23008e-37 -4.48313e-35 -1.42764e-36 -8.99931e-35 -5.50879e-37 -2.38339e-34 -8.69142e-36 -8.03839e-34  1.08655e-36  3.64898e-33  3.66677e-36 -8.80531e-34 -1.69508e-35  1.69312e-34 -1.11524e-35  2.20709e-35  2.39136e-35 -2.80197e-34 -2.89003e-36 -2.53402e-34 -2.05945e-35 -3.55367e-34 -5.60792e-36   5.3352e-35 -1.15646e-35 -3.88319e-35   2.2847e-35  3.87249e-34 -7.80623e-36 -2.64333e-34   9.0177e-36  1.41401e-34 -2.56648e-36 -8.25832e-36  1.12837e-35  2.56643e-35 -3.42658e-36 -1.87749e-35 -5.12458e-36  1.27931e-35  1.62086e-37  4.63807e-36 -8.31972e-37 -5.86328e-37  2.12245e-37  -2.2862e-35  2.24924e-37  -7.1942e-36  -7.4989e-37  3.74604e-37   9.0773e-38  9.11114e-37 -7.16589e-38  1.52391e-36  8.02939e-38 -2.72761e-37  1.58847e-38 -1.05677e-36 -9.05428e-39  4.83478e-37 -8.47932e-39 -9.07893e-38  1.77045e-39  3.36594e-38  4.04887e-39 -9.66769e-38 -1.76026e-39 -2.14048e-38 -1.21971e-39 -8.85541e-39 -6.93195e-40  4.34823e-39  1.25331e-40  1.28808e-39 -1.57604e-40  4.69529e-41 -1.84434e-41 -9.04045e-40 -8.24905e-41  9.17163e-40  2.56898e-41 -1.48618e-40  5.79779e-42 -2.92034e-41  2.44174e-43  1.45697e-42 -3.88195e-43  4.09385e-43 -1.64428e-43 -1.35922e-42  -3.3288e-44   3.0668e-43  8.64318e-44   2.1474e-43 -5.00196e-44 -4.37484e-44  2.56223e-44   1.5622e-44 -1.36866e-44 -5.44773e-45  9.37602e-45  1.01606e-45 -9.05576e-45  1.97021e-45  1.00729e-44 -2.52467e-45 -1.08346e-44  2.44559e-45  1.01708e-44   -1.999e-45  -8.1225e-45  1.34713e-45  5.31995e-45  -7.2227e-46 -2.70054e-45   2.8739e-46  9.60199e-46 -7.38914e-47 -1.89805e-46  7.98024e-48
 -4.8662e-36 -4.42938e-38  6.25747e-38  -9.4429e-38  3.98587e-35  -7.8164e-37  1.92164e-34 -1.24917e-36 -6.63951e-35 -1.59218e-36 -8.18316e-35 -9.80121e-37 -1.59716e-34 -1.10403e-35 -8.75397e-34  3.66677e-36  3.94613e-33  7.91647e-36 -8.25653e-34 -2.05311e-35  2.69025e-34 -1.57716e-35  -6.9666e-35  3.35172e-35  -2.0123e-34  8.10915e-36 -2.76295e-34 -2.59549e-35 -5.66343e-34 -1.98149e-36  2.09936e-34 -1.93163e-35 -1.49635e-34  2.85085e-35  4.52829e-34 -1.42542e-35 -3.05506e-34   9.7713e-36  1.84203e-34 -4.79642e-36 -2.00211e-35  1.46927e-35  8.71305e-36 -4.04178e-36 -1.23532e-35 -6.73552e-36  1.02792e-35 -1.91854e-38  7.25892e-36 -7.22908e-37 -3.81834e-36  1.90735e-37  -3.1758e-35   4.7731e-37 -8.14016e-36 -9.70105e-37   9.6769e-37  1.87099e-37  1.24122e-36 -6.55113e-38  2.00279e-36  1.16308e-37 -4.42705e-37  2.06295e-38 -1.14903e-36 -1.20315e-38  3.84233e-37 -9.79888e-39 -3.47142e-38  2.46496e-39  1.63935e-38  5.14773e-39 -1.31848e-37 -3.17048e-39 -2.28649e-38 -2.34157e-39 -7.91968e-39 -9.53139e-40  4.71029e-39  2.36033e-40  1.11224e-39 -2.10577e-40  1.56416e-40 -3.02485e-41 -1.22566e-39  -1.0256e-40  1.14923e-39  3.10749e-41 -1.85718e-40  6.66012e-42 -3.08702e-41  -8.7175e-43  3.68129e-42 -5.36554e-43  2.58984e-42 -2.25191e-44 -1.76418e-42 -2.76834e-44  3.51904e-43  1.35975e-43  1.80892e-43 -7.96815e-44 -2.63744e-44   4.3432e-44  8.57214e-45 -2.91998e-44 -9.68428e-46   2.7987e-44 -3.67518e-45 -3.16625e-44  7.42682e-45  3.55235e-44 -7.92766e-45 -3.60444e-44  7.01012e-45  3.15099e-44 -5.20808e-45 -2.30265e-44  3.15557e-45  1.34422e-44 -1.48499e-45 -5.81853e-45  4.93764e-46  1.61365e-45 -9.25089e-47 -1.85042e-46
  5.5501e-39   -5.202e-36  -1.1728e-37  -2.9673e-35 -2.12859e-37  9.93671e-35 -1.57131e-36   2.4166e-34 -2.83604e-36 -1.12186e-34 -1.09175e-36 -5.12122e-35 -2.04063e-36 -5.47737e-35 -1.37588e-35 -8.80531e-34  7.91647e-36  4.15518e-33  1.35147e-35  -7.4355e-34 -2.40529e-35  3.62612e-34 -2.02537e-35 -2.31472e-34  4.37292e-35 -1.05915e-34  2.19863e-35 -2.47456e-34 -3.32043e-35  -7.4041e-34  5.94165e-36  3.41532e-34 -2.84609e-35 -2.65159e-34  3.38627e-35  5.11072e-34 -2.19812e-35 -3.20059e-34  9.01113e-36  2.37954e-34 -7.14502e-36 -2.83486e-35  1.84676e-35 -1.69144e-35 -4.66211e-36 -5.69477e-36 -8.41998e-36  7.07477e-36 -3.49838e-37  1.17379e-35 -5.51871e-37 -7.51442e-36  1.57982e-37 -4.24274e-35  7.98011e-37 -9.22917e-36 -1.17626e-36  1.42766e-36  3.23941e-37  1.66373e-36 -5.38664e-38   2.6201e-36  1.58056e-37 -7.33263e-37  2.45474e-38 -1.15319e-36 -1.53317e-38  1.96548e-37 -1.21838e-38  5.50906e-38  3.33911e-39 -1.13138e-38  6.49774e-39 -1.76457e-37  -5.2281e-39 -2.06098e-38 -3.80622e-39 -6.21955e-39  -1.2761e-39  5.23786e-39  4.11883e-40  6.25713e-40 -2.68188e-40  3.92931e-40 -5.13882e-41 -1.59034e-39 -1.19245e-40   1.3677e-39  3.27514e-41 -2.21999e-40  7.37449e-42 -2.90135e-41 -2.56483e-42  4.97264e-42 -7.56177e-43  5.38741e-42  2.40277e-43 -2.23593e-42 -5.14858e-44   4.2557e-43  2.13563e-43   1.1846e-43  -1.2793e-43  8.55012e-45  8.60045e-44 -1.00051e-44 -7.98959e-44  1.36662e-44  9.36452e-44 -1.92077e-44 -1.10135e-43   2.3689e-44  1.19121e-43 -2.27174e-44 -1.13093e-43    1.845e-44  9.11195e-44 -1.25054e-44 -6.00505e-44  6.80958e-45  3.05629e-44 -2.78211e-45  -1.0854e-44  7.38044e-46  2.13442e-45 -8.14069e-47
 1.00298e-36  2.27481e-38 -5.91117e-36 -2.59486e-37 -7.43832e-35 -3.79014e-37  1.81585e-34 -2.72821e-36  2.66337e-34  -5.3169e-36 -1.78748e-34  5.41724e-37 -7.15549e-36 -4.02952e-36  5.94177e-35 -1.69508e-35 -8.25653e-34  1.35147e-35  4.30741e-33  1.95468e-35 -6.84823e-34 -2.66386e-35  4.63145e-34 -2.37035e-35 -4.55807e-34  5.39007e-35  -1.0779e-35  3.75576e-35 -1.70662e-34 -4.25799e-35   -8.651e-34  1.88376e-35  4.17806e-34 -3.75925e-35  -3.7572e-34  3.81496e-35  5.54585e-34 -3.05201e-35 -2.98435e-34  6.53139e-36  3.05356e-34 -9.30607e-36  -3.0435e-35  2.24254e-35 -5.03348e-35 -5.27501e-36 -1.86189e-37 -1.00458e-35  3.49064e-36 -8.37553e-37  1.84498e-35 -3.52322e-37 -1.13602e-35   1.1876e-37 -5.43109e-35  1.16622e-36 -1.05531e-35 -1.33935e-36  1.75287e-36  4.97447e-37   2.2031e-36 -3.88675e-38  3.39584e-36  2.05822e-37 -1.18005e-36  2.67511e-38 -1.03512e-36 -1.82852e-38 -8.70642e-38 -1.60368e-38  1.82366e-37  4.51939e-39 -5.03171e-38  8.14555e-39 -2.30293e-37 -7.96275e-39 -1.35474e-38 -5.56097e-39 -3.81573e-39 -1.62678e-39  6.00008e-39  6.51767e-40 -2.36414e-40 -3.22694e-40  7.96913e-40 -9.06393e-41 -1.97983e-39 -1.28131e-40  1.55621e-39  2.80575e-41 -2.57458e-40  8.20515e-42 -2.16396e-41 -4.66472e-42  4.25536e-42 -1.15799e-42  8.59667e-42   6.9248e-43 -2.71569e-42 -1.46088e-43  5.21186e-43  3.47998e-43  2.97487e-44 -2.36125e-43   7.1223e-44  2.19238e-43 -5.54973e-44 -2.58485e-43  5.70283e-44  3.21367e-43 -6.50585e-44 -3.69475e-43  6.83539e-44   3.7741e-43  -6.0484e-44 -3.32074e-43  4.54471e-44  2.43501e-43 -2.81867e-44 -1.42173e-43  1.36771e-44  6.13292e-44 -4.68121e-45 -1.68861e-44  8.84644e-46  1.91464e-45
 3.14935e-39   1.4282e-36  7.15796e-38 -8.30456e-36 -5.02792e-37 -1.33226e-34 -5.58733e-37  2.81462e-34 -4.21425e-36  2.56329e-34 -8.49148e-36 -2.51166e-34   3.7213e-36  3.38083e-35  -7.1005e-36  1.69312e-34 -2.05311e-35  -7.4355e-34  1.95468e-35  4.44975e-33  2.46139e-35 -7.04417e-34 -2.70802e-35  5.88064e-34 -2.51858e-35 -7.20559e-34  6.34274e-35  6.83099e-35  5.34917e-35 -5.99003e-35 -5.40365e-35 -9.31145e-34  3.64534e-35  4.08966e-34 -4.49222e-35 -4.73436e-34  4.07006e-35  5.76691e-34 -3.91365e-35 -2.35458e-34  2.43432e-36  3.90035e-34 -1.09422e-35 -2.48271e-35  2.63774e-35 -8.91864e-35 -5.85769e-36   2.4865e-36 -1.14629e-35 -8.71941e-38  -1.4436e-36  2.74513e-35  -1.6376e-37 -1.50779e-35  8.02423e-38 -6.65173e-35  1.55224e-36 -1.22372e-35 -1.43042e-36  2.03715e-36  6.96934e-37   2.8793e-36 -2.35727e-38  4.33947e-36   2.6048e-37 -1.80369e-36  2.63395e-38 -7.63823e-37 -1.96298e-38 -4.67861e-37 -2.14989e-38  3.48476e-37  6.17004e-39 -9.98519e-38  1.00938e-38  -2.9173e-37 -1.12738e-38 -1.14498e-39 -7.50784e-39 -9.25691e-40   -1.942e-39  7.05768e-39  9.33364e-40 -1.54855e-39 -3.58999e-40  1.40703e-39 -1.62527e-40 -2.37412e-39 -1.23756e-40  1.70472e-39  1.40583e-41 -2.94222e-40  9.55009e-42 -6.22176e-42 -6.74621e-42  4.65821e-43 -1.95503e-42  1.18064e-41  1.44628e-42  -3.0753e-42 -4.02349e-43  6.17739e-43  6.41407e-43 -9.50437e-44 -5.65813e-43  1.93526e-43  6.82377e-43 -1.72277e-43  -8.8008e-43  1.80021e-43   1.0766e-42 -1.91707e-43 -1.17689e-42  1.84817e-43  1.12097e-42 -1.52939e-43  -9.0408e-43  1.06631e-43  5.94508e-43 -5.99201e-44 -3.00904e-43  2.50092e-44  1.05889e-43 -6.56208e-45 -2.05524e-44   6.6459e-46
 1.58618e-36  4.77774e-39  2.68757e-36  1.85578e-37  -7.8232e-36 -8.62881e-37  -2.0441e-34  -7.1188e-37  3.81854e-34 -5.92735e-36  2.08663e-34 -1.16962e-35 -3.10043e-34  8.69818e-36  5.07802e-35 -1.11524e-35  2.69025e-34 -2.40529e-35 -6.84823e-34  2.46139e-35  4.63349e-33  2.70725e-35  -8.4599e-34 -2.41034e-35  7.51893e-34 -2.38694e-35 -9.94159e-34  7.18579e-35  1.19111e-34  6.84879e-35  6.40996e-35 -6.71933e-35 -9.31133e-34  5.75086e-35  2.93583e-34 -4.86336e-35 -5.54985e-34  4.11349e-35   5.7314e-34 -4.68566e-35 -1.31372e-34 -2.87787e-36  4.96021e-34  -1.1735e-35 -1.21959e-35   3.0165e-35 -1.30075e-34 -6.39104e-36  6.57838e-37  -1.2516e-35 -3.30395e-36 -2.07579e-36  3.84717e-35 -1.45657e-38 -1.85439e-35  4.87709e-38 -7.79048e-35  1.92258e-36 -1.44508e-35 -1.42582e-36   2.4633e-36  9.05904e-37  3.69595e-36 -1.14504e-38  5.44275e-36  3.23231e-37  -2.6017e-36  2.24702e-38 -3.16565e-37 -1.75914e-38 -9.40046e-37 -2.83367e-38  5.51327e-37  8.47149e-39 -1.57009e-37  1.22626e-38 -3.57641e-37 -1.49085e-38  1.63969e-38 -9.52334e-39  2.05784e-39  -2.1298e-39  8.47301e-39  1.20711e-39 -3.41209e-39 -3.51862e-40  2.26462e-39 -2.88077e-40 -2.75949e-39 -9.97165e-41  1.81148e-39 -1.21381e-41   -3.364e-40  1.17943e-41  2.00568e-41 -8.09228e-42 -7.17699e-42 -3.50665e-42  1.44099e-41  2.71943e-42 -3.13025e-42 -1.07952e-42  7.09586e-43  1.47385e-42 -3.18218e-43 -1.70354e-42  4.75317e-43  2.29012e-42 -4.86032e-43 -2.94851e-42  5.19577e-43  3.43913e-42  -5.2959e-43  -3.5225e-42   4.8014e-43   3.0946e-42 -3.72032e-43 -2.25936e-42  2.37077e-43  1.30926e-42 -1.15872e-43  -5.5861e-43  3.81078e-44  1.51536e-43 -6.22832e-45 -1.68493e-44
-1.84721e-38  5.17176e-36   1.2417e-39  4.98732e-36  4.05171e-37  3.29944e-36 -1.30816e-36 -2.82087e-34  -8.3874e-37  4.55609e-34 -7.75188e-36  1.27545e-34 -1.38498e-35 -3.38891e-34  1.54992e-35  2.20709e-35 -1.57716e-35  3.62612e-34 -2.66386e-35 -7.04417e-34  2.70725e-35  4.90344e-33  2.53298e-35 -1.12776e-33 -1.67194e-35  9.58916e-34 -1.91084e-35 -1.24418e-33  7.89563e-35  1.35254e-34  8.13645e-35  1.79946e-34   -8.138e-35 -8.60137e-34  7.99005e-35  6.60887e-35 -4.72731e-35  -6.2317e-34  3.94883e-35  5.43496e-34 -5.25734e-35  8.03574e-36 -8.79232e-36   6.2659e-34 -1.14403e-35  4.43616e-36   3.3672e-35 -1.69299e-34 -6.88068e-36  -7.0177e-36 -1.30555e-35 -5.92986e-36 -2.59852e-36  5.09965e-35   9.4728e-38 -2.18692e-35  2.55414e-38 -8.72158e-35  2.24588e-36 -1.73979e-35 -1.31265e-36  3.27176e-36  1.10473e-36  4.62635e-36 -5.82686e-39  6.67339e-36   3.9487e-37 -3.54484e-36  1.43769e-38  3.15247e-37 -1.02155e-38 -1.48904e-36 -3.59415e-38  7.84274e-37  1.15973e-38  -2.1661e-37  1.44553e-38 -4.23629e-37 -1.84727e-38  3.81543e-38 -1.14866e-38   4.5828e-39 -2.07106e-39  1.03199e-38   1.3936e-39 -5.96692e-39 -2.63946e-40  3.42044e-39 -4.94218e-40  -3.1359e-39 -4.88378e-41  1.88237e-39 -5.28851e-41 -3.88936e-40   1.5074e-41  5.96886e-41 -7.66968e-42 -1.88904e-41 -6.43261e-42  1.57149e-41  5.08203e-42 -2.72973e-42 -3.05153e-42  9.01322e-43  4.20923e-42 -8.63745e-43 -5.64313e-42  1.21472e-42  7.63873e-42 -1.35015e-42 -9.43774e-42  1.44567e-42  1.03427e-41 -1.41386e-42  -9.8202e-42  1.20405e-42  7.86942e-42 -8.53609e-43 -5.12632e-42  4.72442e-43   2.5617e-42 -1.81592e-43 -8.86559e-43  3.73237e-44  1.68404e-43 -1.33084e-45
-1.13971e-36 -7.02672e-38  1.06408e-35 -2.79909e-39   8.0019e-36  7.62303e-37  3.06003e-35 -1.73782e-36 -3.54987e-34 -1.02486e-36  4.74359e-34 -9.62627e-36  2.37483e-35 -1.37053e-35 -3.28859e-34  2.39136e-35  -6.9666e-35 -2.02537e-35  4.63145e-34 -2.70802e-35  -8.4599e-34  2.53298e-35  5.28858e-33  1.81338e-35 -1.53364e-33 -4.53804e-36  1.19884e-33 -1.04414e-35 -1.44608e-33  8.46967e-35  1.17237e-34  9.10975e-35  2.72496e-34 -9.57826e-35 -7.17759e-34  1.01154e-34 -2.59358e-34 -4.00784e-35 -6.86311e-34  3.62123e-35  4.91844e-34 -5.52262e-35  1.71896e-34   -1.462e-35  7.82739e-34 -9.93333e-36  2.01571e-35  3.68076e-35 -2.03583e-34   -7.374e-36 -2.14233e-35 -1.29463e-35 -7.88191e-36 -2.86205e-36  6.44034e-35   2.0093e-37   -2.542e-35  2.48201e-39 -9.32382e-35  2.49777e-36  -2.1275e-35   -1.093e-36  4.71116e-36  1.27465e-36  5.60313e-36 -9.46687e-39  7.97131e-36  4.74806e-37 -4.57901e-36   1.3692e-39  1.12029e-36  4.11156e-39 -2.08896e-36 -4.34595e-38   1.0354e-36  1.56951e-38 -2.71643e-37  1.63425e-38 -4.84559e-37 -2.14741e-38  6.27024e-38 -1.33064e-38  5.99313e-39  -1.6237e-39   1.2684e-38  1.38553e-39 -9.38631e-39  -4.5614e-41  4.93797e-39 -8.11334e-40 -3.51934e-39  3.64153e-41  1.92723e-39 -1.09272e-40 -4.55554e-40  1.89281e-41  1.13918e-40 -3.97596e-42 -3.41543e-41 -1.20793e-41  1.52065e-41  1.03885e-41 -1.99527e-42 -9.35357e-42  1.66326e-42  1.34642e-41 -2.42823e-42 -1.87234e-41  3.28627e-42  2.44215e-41 -3.75522e-42  -2.8461e-41  3.93046e-42    2.902e-41 -3.62412e-42 -2.52876e-41  2.80418e-42  1.82561e-41 -1.70219e-42 -1.04261e-41  7.17217e-43  4.36639e-42 -1.51417e-43  -1.1566e-42  -8.4863e-45  1.24658e-43
 2.49796e-39 -1.63972e-36 -1.89763e-37  1.63662e-35  2.18402e-38  1.21053e-35  1.26823e-36  7.33319e-35 -1.99927e-36  -4.0853e-34  -1.4437e-36  4.19477e-34 -1.15992e-35 -8.68309e-35 -1.02208e-35 -2.80197e-34  3.35172e-35 -2.31472e-34 -2.37035e-35  5.88064e-34 -2.41034e-35 -1.12776e-33  1.81338e-35  5.79616e-33  4.82349e-36 -2.01234e-33  1.20751e-35  1.44722e-33  2.45305e-36  -1.5887e-33   8.9194e-35  7.18588e-35    9.687e-35  3.38319e-34 -1.09638e-34 -5.09973e-34  1.18965e-34 -6.50818e-34 -2.71784e-35 -7.55557e-34  3.20297e-35   4.2661e-34 -5.40138e-35  3.45069e-34  -1.9727e-35  9.61831e-34 -7.22608e-36  2.92208e-35  3.94633e-35 -2.30524e-34 -7.96315e-36  -4.3029e-35 -1.20746e-35 -9.14262e-36 -2.74573e-36   7.8088e-35  3.75818e-37 -2.97713e-35 -4.08086e-38 -9.49657e-35  2.66272e-36 -2.61976e-35 -7.85429e-37  6.98061e-36  1.40216e-36  6.51787e-36 -2.44097e-38   9.2497e-36  5.60188e-37 -5.63271e-36 -1.70855e-38  2.06306e-36  2.61069e-38 -2.70043e-36 -5.00249e-38  1.28762e-36  2.08718e-38 -3.14264e-37  1.74792e-38 -5.35308e-37 -2.33901e-38   8.8491e-38 -1.49368e-38  5.62524e-39 -6.30089e-40  1.56462e-38  1.05456e-39 -1.38472e-38  3.62537e-40  6.88568e-39 -1.26864e-39 -3.93568e-39  1.62936e-40  1.95444e-39  -1.8008e-40 -5.36361e-40  2.16078e-41  1.81795e-40  5.81392e-42 -5.18389e-41 -2.43439e-41  1.30782e-41  2.50059e-41 -1.90687e-42 -3.01412e-41  4.55505e-42   4.3862e-41 -7.09829e-42 -5.96847e-41  9.19097e-42  7.36491e-41 -1.03013e-41 -8.01527e-41  1.01456e-41  7.53652e-41 -8.38134e-42 -5.96156e-41  5.38001e-42  3.82017e-41 -2.28307e-42 -1.86985e-41  2.98057e-43  6.30231e-42  2.60181e-43 -1.15631e-42 -9.92378e-44
