  0.00541514  1.61948e-18   -0.0167819 -1.26385e-17    0.0120916  1.65923e-17   0.00379376 -5.45127e-18  -0.00556774 -8.59726e-18  -0.00239268  2.89283e-19   0.00212071    6.697e-18   0.00163411 -1.01884e-19 -0.000462541 -9.83697e-19 -0.000869386 -1.12668e-18 -0.000117593   7.4686e-19  0.000313427  2.57086e-20   0.00017409  1.05669e-19  -4.6548e-05 -1.48871e-19 -8.46538e-05 -7.28942e-20 -2.21705e-05  2.48537e-20  1.79363e-05 -6.64953e-21  1.56609e-05  2.40771e-20  2.39892e-06  3.98469e-21 -3.11926e-06 -5.47081e-21 -2.20238e-06 -2.81841e-21 -4.16736e-07 -1.03035e-21  2.35902e-07  2.78402e-22  1.94068e-07  3.29491e-22  6.09847e-08  1.62039e-22   5.6031e-09  1.73201e-23 -2.93784e-09  -3.8876e-24 -1.36954e-09 -2.51634e-24 -2.75791e-10 -9.82111e-25 -2.82241e-11 -1.21035e-25  -1.0299e-12
 1.61948e-18    0.0260422   1.0027e-17   -0.0397294 -3.55441e-17     0.010941  3.77459e-17    0.0159528  1.98708e-18   -0.0049502 -1.91781e-17  -0.00810519 -7.73301e-18  0.000730614  9.69345e-18   0.00392889  3.05238e-18  0.000805091   3.2335e-20  -0.00147934 -2.12994e-18 -0.000864241  3.50746e-19  0.000294696   2.5469e-19  0.000465831  5.80873e-19  7.88445e-05 -1.15168e-19 -0.000139949 -1.96952e-19 -9.13055e-05 -7.19847e-20  4.87654e-06 -1.43109e-20  3.16349e-05  6.32112e-20  1.42154e-05  2.13415e-20 -1.59919e-06 -5.04558e-21 -4.45112e-06 -8.47414e-21 -1.95774e-06 -3.83009e-21 -1.24119e-07 -2.84953e-22   2.7309e-07  7.28058e-22  1.52408e-07  4.37848e-22  4.03919e-08  8.94935e-23  4.69395e-09  9.50558e-24 -3.71507e-10 -1.75216e-24 -1.99098e-10 -9.39698e-25 -2.21985e-11 -7.25069e-26
  -0.0167819   1.0027e-17    0.0561861   2.0779e-17   -0.0486429 -5.45568e-17  -0.00568327  4.39394e-17    0.0233574  2.12658e-17   0.00336327 -1.69462e-17   -0.0109042 -1.94771e-17  -0.00360781  3.03613e-18   0.00430117  5.94209e-18   0.00285233  2.55749e-18  -0.00106564 -2.40605e-18  -0.00161904  -1.1765e-18 -0.000134613  3.06592e-19  0.000618708  1.24489e-18  0.000308491  1.83116e-19 -0.000103726 -2.25225e-19 -0.000159869  -2.5219e-19 -3.93095e-05 -5.89167e-20  3.31028e-05  9.59393e-20  2.87022e-05  5.48709e-20  5.53566e-06   5.2983e-21 -4.42895e-06  -1.2898e-20 -3.62783e-06 -8.28357e-21 -1.05378e-06 -1.78797e-21  5.18997e-08  9.62102e-22  1.63434e-07  6.95914e-22  6.77337e-08  1.82108e-22  1.50621e-08  3.29953e-23  1.87196e-09  2.14109e-24  1.03891e-10 -2.14075e-25  5.29309e-13
-1.26385e-17   -0.0397294   2.0779e-17    0.0708091  2.25942e-17   -0.0342022 -6.58212e-17    -0.022433  2.22369e-17    0.0194263  4.00405e-17    0.0115124 -3.80367e-19  -0.00855884 -2.43598e-17  -0.00719221 -7.78634e-18   0.00262195  6.50557e-18   0.00416419  4.78114e-18  1.73745e-05 -1.99525e-18  -0.00190556 -3.18717e-18 -0.000700703 -1.95041e-19  0.000545386   1.6304e-18  0.000516786  6.60661e-19  1.14115e-05 -1.14239e-19 -0.000189506 -4.49456e-19 -9.55944e-05 -1.50967e-19  1.53534e-05  1.01641e-19  3.76501e-05  9.46099e-20  1.57272e-05  2.24657e-20 -1.09295e-06 -1.37643e-20 -4.14605e-06   -1.281e-20 -2.04152e-06 -3.67592e-21 -4.22157e-07  8.41908e-22  3.77048e-08  7.60697e-22  5.08632e-08  2.28434e-22   1.5414e-08  4.65724e-23   2.4016e-09  4.56438e-24  1.75864e-10  1.60497e-25
   0.0120916 -3.55441e-17   -0.0486429  2.25942e-17    0.0596098  2.89795e-17   -0.0144837 -6.94763e-17   -0.0264675 -8.66998e-18    0.0109968  4.86932e-17    0.0144964  1.79436e-17   -0.0046333 -2.00826e-17  -0.00849832 -1.45506e-17  0.000563104  5.66752e-18   0.00449058  6.57618e-18   0.00109821 -1.03883e-18  -0.00178501 -4.89413e-18  -0.00117813 -1.17882e-18  0.000323115  1.56475e-18  0.000643695  1.18668e-18  0.000161037  5.89413e-20 -0.000172216  -6.1401e-19 -0.000144978 -2.69791e-19 -1.69303e-05  7.94328e-20  3.63969e-05  1.23318e-19  2.49595e-05  3.87371e-20  4.77482e-06 -1.15649e-20 -2.80951e-06 -1.57527e-20 -2.42737e-06 -5.10158e-21  -8.6496e-07  4.25969e-22 -1.53378e-07  6.05922e-22  -1.5501e-09  1.99269e-22  5.38379e-09  3.94639e-23  1.04643e-09  3.44227e-24  5.85063e-11
 1.65923e-17     0.010941 -5.45568e-17   -0.0342022  2.89795e-17    0.0395028  4.36222e-17  -0.00479313 -6.45733e-17   -0.0234622 -3.04186e-17   0.00573618  4.57445e-17    0.0143558  2.86616e-17  -0.00176652 -1.31674e-17  -0.00857637 -1.63957e-17  -0.00107613  4.57269e-18   0.00431367  8.87213e-18   0.00196681   3.7637e-19  -0.00145301 -5.84824e-18  -0.00151918 -2.22126e-18  2.98378e-05  1.27821e-18  0.000683441  1.67705e-18  0.000312376  2.24801e-19 -0.000114372 -7.02051e-19 -0.000175565  -3.7357e-19 -5.59264e-05  4.35791e-20  2.40136e-05  1.29887e-19  2.96565e-05  4.85103e-20  1.12187e-05 -7.76441e-21  1.76586e-07 -1.61108e-20 -1.82843e-06 -5.38327e-21  -9.6461e-07  7.99187e-24 -2.68637e-07  3.61123e-22 -4.37672e-08  1.26088e-22 -3.67282e-09  2.10021e-23 -8.33562e-11  1.22751e-24
  0.00379376  3.77459e-17  -0.00568327 -6.58212e-17   -0.0144837  4.36222e-17    0.0291993  5.04305e-17  -0.00361615 -5.88222e-17   -0.0207519 -4.24432e-17   0.00308472  3.55449e-17    0.0138679  3.22369e-17   0.00025367 -9.10337e-18  -0.00831157 -1.66228e-17  -0.00238249  3.65169e-18   0.00390536  1.16451e-17   0.00264598  1.89784e-18  -0.00100577 -5.98253e-18  -0.00172878 -2.97415e-18 -0.000290537  1.03397e-18   0.00064285  2.04122e-18  0.000444005   3.6636e-19 -2.63963e-05 -6.80879e-19 -0.000180837 -4.18925e-19 -9.32307e-05  1.08377e-20  2.47227e-06  1.15539e-19  2.75647e-05  5.03143e-20  1.58714e-05 -4.08714e-21  3.76959e-06 -1.40142e-20 -3.98924e-07 -4.47458e-21 -6.22792e-07 -1.80915e-22 -2.27942e-07  1.63968e-22 -4.54325e-08  5.78241e-23 -4.90824e-09  6.25415e-24 -1.96406e-10
-5.45127e-18    0.0159528  4.39394e-17    -0.022433 -6.94763e-17  -0.00479313  5.04305e-17    0.0262248  5.11156e-17   -0.0025979 -5.47168e-17   -0.0196296  -4.9039e-17   0.00104346  2.49313e-17    0.0133584  3.19305e-17   0.00191434 -8.66881e-18  -0.00782159 -1.75353e-17  -0.00345019  2.92353e-18   0.00334105  1.37591e-17   0.00314966  2.99443e-18 -0.000494117  -5.4882e-18  -0.00181355 -3.36122e-18 -0.000606895    8.787e-19  0.000532565  2.17052e-18  0.000540681  4.81695e-19   7.9247e-05  -5.5436e-19 -0.000158616 -3.84202e-19 -0.000120986 -9.03506e-21 -2.40153e-05   8.8071e-20   1.8285e-05  4.37982e-20   1.6749e-05 -3.07695e-21  6.48065e-06 -1.11111e-20  1.18895e-06 -3.16198e-21 -5.46465e-08 -2.08175e-22 -8.67367e-08  5.34481e-23 -2.06035e-08  1.70956e-23 -1.99717e-09  4.39306e-25
 -0.00556774  1.98708e-18    0.0233574  2.22369e-17   -0.0264675 -6.45733e-17  -0.00361615  5.11156e-17    0.0243379  5.39328e-17  -0.00116434 -4.98957e-17   -0.0183775  -5.0431e-17 -0.000673472  1.86751e-17    0.0126203  2.92779e-17   0.00325741 -1.03176e-17  -0.00716927 -1.92571e-17  -0.00428972  2.23864e-18   0.00268707  1.40978e-17   0.00348899  3.35891e-18  4.10798e-05 -4.66832e-18  -0.00178516 -3.46461e-18  -0.00089568  6.95965e-19   0.00036623  1.99643e-18  0.000592341  5.47269e-19  0.000189182 -3.63157e-19 -0.000110663 -2.80232e-19 -0.000132863 -1.62742e-20 -4.97762e-05  5.37566e-20  3.50965e-06   2.7409e-20  1.30206e-05 -7.60069e-21  7.03738e-06 -9.83638e-21  2.10869e-06 -2.49549e-21  3.70138e-07 -2.78386e-22  3.04644e-08 -1.02019e-24 -4.72818e-10  3.55667e-25 -1.63292e-10
-8.59726e-18   -0.0049502  2.12658e-17    0.0194263 -8.66998e-18   -0.0234622 -5.88222e-17   -0.0025979  5.39328e-17    0.0216891  5.72428e-17 -0.000177653 -4.33223e-17   -0.0170948 -4.62389e-17  -0.00192978  1.74478e-17    0.0118331  2.51562e-17   0.00430719 -1.20686e-17  -0.00645145 -2.05227e-17  -0.00493517  1.46184e-18   0.00199114  1.24588e-17   0.00368386  3.17253e-18  0.000572387 -3.74464e-18  -0.00165749 -3.35171e-18  -0.00113985  3.62082e-19   0.00015878   1.5297e-18  0.000593315  5.23755e-19  0.000290022 -1.55882e-19 -4.22755e-05 -1.38486e-19 -0.000124935 -1.60102e-20 -6.86717e-05  1.61587e-20 -1.31437e-05  5.69964e-22   5.5658e-06 -1.85062e-20  5.12203e-06 -1.13794e-20   1.9418e-06 -2.80689e-21  4.39269e-07 -4.21536e-22  5.93465e-08 -2.54618e-23  3.97952e-09 -2.65591e-24
 -0.00239268 -1.91781e-17   0.00336327  4.00405e-17    0.0109968 -3.04186e-17   -0.0207519 -5.47168e-17  -0.00116434  5.72428e-17    0.0198678  5.62274e-17  0.000334263 -3.58594e-17     -0.01606 -3.74827e-17  -0.00288574  1.88034e-17    0.0110714  2.10876e-17    0.0051546 -1.24022e-17  -0.00570415 -2.00529e-17  -0.00542428  5.90546e-19   0.00127764  9.57476e-18   0.00375136  2.91926e-18   0.00108084 -2.73789e-18  -0.00144385 -3.01693e-18  -0.00132644  -1.5103e-19 -7.40677e-05  8.54796e-19  0.000541788  3.97949e-19  0.000369039   4.0803e-20  3.80862e-05  1.24679e-20 -9.64898e-05 -9.22005e-21 -7.53531e-05 -2.00257e-20 -2.68453e-05 -3.21608e-20 -3.00053e-06 -3.23743e-20  1.74342e-06 -1.42715e-20  1.00469e-06 -3.40524e-21  2.51701e-07 -4.81847e-22   3.2652e-08 -2.59397e-23  1.54595e-09
 2.89283e-19  -0.00810519 -1.69462e-17    0.0115124  4.86932e-17   0.00573618 -4.24432e-17   -0.0196296 -4.98957e-17 -0.000177653  5.62274e-17    0.0185569  4.86523e-17  0.000787531 -2.88474e-17   -0.0151689 -2.65827e-17  -0.00367908  2.00152e-17    0.0103301  1.84499e-17   0.00584862  -1.0718e-17  -0.00494328 -1.74163e-17  -0.00578004 -3.59795e-19  0.000562854  6.45364e-18   0.00370473   2.9757e-18   0.00155158 -1.52016e-18  -0.00115727 -2.43781e-18  -0.00144537 -7.59564e-19 -0.000315808  1.00532e-19  0.000439768  2.14716e-19  0.000414933  2.30536e-19  0.000119316  1.59717e-19   -5.072e-05  9.42213e-21 -6.67642e-05  -4.7067e-20 -3.29627e-05 -6.02798e-20 -9.22779e-06 -4.23039e-20  -1.2594e-06 -1.55262e-20  5.94304e-08 -3.36626e-21  5.18616e-08 -3.71556e-22  6.70727e-09 -1.26317e-23
  0.00212071 -7.73301e-18   -0.0109042 -3.80367e-19    0.0144964  4.57445e-17   0.00308472  -4.9039e-17   -0.0183775 -4.33223e-17  0.000334263  4.86523e-17    0.0174202  3.68185e-17   0.00117042 -2.32922e-17   -0.0143739 -1.67618e-17  -0.00433086  1.94478e-17   0.00961528  1.73559e-17   0.00641729 -7.23055e-18  -0.00418024 -1.31787e-17  -0.00602069 -1.55474e-18 -0.000142004  3.76279e-18   0.00355506  3.42562e-18   0.00197232  1.73862e-20 -0.000810817 -1.65685e-18  -0.00148899 -1.32847e-18 -0.000549144 -5.98394e-19  0.000293301  5.89626e-20  0.000418843  4.25692e-19  0.000188533   2.9648e-19  4.92884e-06  4.32172e-20 -4.37115e-05 -5.68235e-20  -2.9112e-05 -7.23885e-20  -1.0664e-05 -4.24665e-20 -2.48638e-06 -1.34413e-20 -3.61904e-07 -2.48727e-21 -2.87615e-08  -1.8437e-22 -7.87022e-10
   6.697e-18  0.000730614 -1.94771e-17  -0.00855884  1.79436e-17    0.0143558  3.55449e-17   0.00104346  -5.0431e-17   -0.0170948 -3.58594e-17  0.000787531  3.68185e-17    0.0164645   2.4717e-17    0.0014575 -1.92222e-17   -0.0136753 -1.08556e-17  -0.00487848  1.65522e-17   0.00893076  1.67876e-17   0.00688824 -2.70822e-18  -0.00342003 -8.63834e-18  -0.00616039 -3.26529e-18 -0.000829093   1.6852e-18   0.00331119  4.15211e-18   0.00233209  1.80829e-18 -0.000418059 -8.07587e-19  -0.00145187 -1.75995e-18 -0.000756053 -1.14038e-18  0.000112835 -4.07689e-21  0.000375684  6.10386e-19  0.000232557  4.04671e-19  5.91153e-05   8.5114e-20 -1.19858e-05 -4.61245e-20 -1.70684e-05  -6.4141e-20 -7.56636e-06 -3.28523e-20 -1.95977e-06 -9.01822e-21 -3.04474e-07 -1.32577e-21  -2.3755e-08 -5.13136e-23
  0.00163411  9.69345e-18  -0.00360781 -2.43598e-17   -0.0046333  2.86616e-17    0.0138679  2.49313e-17 -0.000673472 -4.62389e-17     -0.01606 -2.88474e-17   0.00117042   2.4717e-17    0.0156776  1.51879e-17   0.00170117 -1.60991e-17   -0.0130595 -9.88401e-18  -0.00535437  1.16281e-17   0.00827314  1.57268e-17   0.00728032  1.91174e-18  -0.00266388 -5.23213e-18  -0.00620857 -5.59502e-18  -0.00149206  9.11522e-20   0.00298028  4.96556e-18    0.0026203  3.56655e-18  6.31851e-06  -7.2323e-20  -0.00133115 -2.03615e-18 -0.000918078 -1.48181e-18 -8.63901e-05  1.99764e-20   0.00028582  7.27737e-19  0.000240194  4.54539e-19  9.82451e-05  1.19332e-19  1.81918e-05 -2.12103e-20 -2.73638e-06 -4.20508e-20 -2.76265e-06 -1.92265e-20 -8.03136e-07 -4.61829e-21 -1.14386e-07 -4.81892e-22  -5.8212e-09
-1.01884e-19   0.00392889  3.03613e-18  -0.00719221 -2.00826e-17  -0.00176652  3.22369e-17    0.0133584  1.86751e-17  -0.00192978 -3.74827e-17   -0.0151689 -2.32922e-17    0.0014575  1.51879e-17    0.0150121  9.46808e-18   0.00191399 -1.35426e-17   -0.0125108 -1.28239e-17  -0.00577565  5.65691e-18   0.00763781  1.41462e-17   0.00760678  5.95342e-18  -0.00191147 -3.83009e-18  -0.00617143 -8.32669e-18  -0.00212489 -1.23041e-18   0.00256849  5.63438e-18    0.0028263  4.88104e-18    0.0004458  3.92933e-19  -0.00112723 -2.18847e-18  -0.00101701 -1.63421e-18 -0.000284176   6.0043e-20  0.000156909   7.1571e-19  0.000205506  4.25014e-19  0.000110299  1.30532e-19  3.59269e-05  4.05411e-21  7.09463e-06 -1.86611e-20  6.45694e-07 -8.11808e-21 -3.27998e-08 -1.77169e-21 -1.10363e-08 -1.02569e-22
-0.000462541  3.05238e-18   0.00430117 -7.78634e-18  -0.00849832 -1.31674e-17   0.00025367  3.19305e-17    0.0126203  1.74478e-17  -0.00288574 -2.65827e-17   -0.0143739 -1.92222e-17   0.00170117  9.46808e-18    0.0144446    8.042e-18   0.00210071 -1.16569e-17   -0.0120196 -1.75401e-17  -0.00615711   3.3671e-20   0.00702001  1.29556e-17   0.00787757   9.1199e-18  -0.00116154 -4.33656e-18  -0.00605237 -1.09549e-17  -0.00272118 -2.38318e-18   0.00208165  5.88951e-18   0.00293914  5.41416e-18  0.000881333  5.35901e-19 -0.000844807 -2.23643e-18   -0.0010362 -1.63438e-18 -0.000455848  4.13049e-20  5.54805e-06  5.61733e-19  0.000132114  3.23647e-19   9.1055e-05  1.12902e-19  3.59519e-05  1.74716e-20  9.32435e-06 -3.32305e-21  1.57474e-06 -2.20959e-21  1.55198e-07 -4.94777e-22  5.91821e-09
-9.83697e-19  0.000805091  5.94209e-18   0.00262195 -1.45506e-17  -0.00857637 -9.10337e-18   0.00191434  2.92779e-17    0.0118331  1.88034e-17  -0.00367908 -1.67618e-17   -0.0136753 -1.60991e-17   0.00191399    8.042e-18    0.0139619  1.06781e-17   0.00227134 -1.06074e-17   -0.0115777 -2.18543e-17  -0.00651026  -3.9795e-18   0.00641436  1.30487e-17    0.0080993  1.12876e-17 -0.000412417 -5.81254e-18  -0.00585238 -1.28256e-17  -0.00327341 -3.29718e-18   0.00152602  5.52355e-18   0.00294766  5.11336e-18   0.00129067  4.54042e-19 -0.000494445 -2.15127e-18 -0.000962759 -1.50646e-18 -0.000573908 -4.82779e-20 -0.000141862  3.23567e-19  3.72326e-05  1.87933e-19  4.94567e-05  7.44458e-20  2.26513e-05  1.71917e-20  6.14778e-06  2.56037e-21   1.0066e-06 -2.60699e-22  8.29239e-08 -9.33218e-23
-0.000869386   3.2335e-20   0.00285233  6.50557e-18  0.000563104 -1.63957e-17  -0.00831157 -8.66881e-18   0.00325741  2.51562e-17    0.0110714  2.00152e-17  -0.00433086 -1.08556e-17   -0.0130595 -1.35426e-17   0.00210071  1.06781e-17    0.0135509  1.59566e-17   0.00243127 -1.01304e-17   -0.0111775 -2.42867e-17  -0.00684357 -5.78032e-18   0.00581519  1.44256e-17   0.00827606  1.23835e-17  0.000337472 -7.00093e-18  -0.00557046 -1.33771e-17  -0.00377237 -3.82396e-18  0.000909193  4.55975e-18   0.00284088  4.28345e-18    0.0016479  3.60137e-19 -9.44494e-05 -1.86334e-18 -0.000790906 -1.24046e-18 -0.000611378 -1.41283e-19 -0.000251051  1.00317e-19 -4.94941e-05    6.787e-20  5.52809e-06   3.3215e-20  6.82959e-06  1.04736e-20  2.07897e-06  2.85685e-21  3.05749e-07  2.88842e-23  1.59737e-08
-1.12668e-18  -0.00147934  2.55749e-18   0.00416419  5.66752e-18  -0.00107613 -1.66228e-17  -0.00782159 -1.03176e-17   0.00430719  2.10876e-17    0.0103301  1.94478e-17  -0.00487848 -9.88401e-18   -0.0125108 -1.16569e-17   0.00227134  1.59566e-17    0.0132011  2.14151e-17   0.00258465 -9.71044e-18   -0.0108127 -2.43807e-17   -0.0071639 -5.57321e-18   0.00521677  1.61642e-17   0.00840972  1.25238e-17   0.00108929 -6.95786e-18  -0.00520389 -1.24171e-17  -0.00420663 -3.89939e-18  0.000241159  3.29322e-18   0.00260888  3.41021e-18   0.00192322  4.63342e-19   0.00032699 -1.30326e-18 -0.000526319 -8.04011e-19 -0.000548387  -1.3688e-19 -0.000289282 -2.17401e-20 -9.79531e-05 -7.46294e-23 -2.14789e-05  5.75341e-21 -2.71442e-06  4.86962e-21 -1.11744e-07  1.59607e-21  1.06945e-08  1.74417e-24
-0.000117593 -2.12994e-18  -0.00106564  4.78114e-18   0.00449058  4.57269e-18  -0.00238249 -1.75353e-17  -0.00716927 -1.20686e-17    0.0051546  1.84499e-17   0.00961528  1.65522e-17  -0.00535437 -1.28239e-17   -0.0120196 -1.06074e-17   0.00243127  2.14151e-17    0.0129054  2.45104e-17   0.00273529 -9.03887e-18   -0.0104779  -2.2623e-17  -0.00747672 -4.17062e-18   0.00461317   1.7132e-17   0.00850011  1.21223e-17   0.00184342 -5.44474e-18  -0.00474859 -1.02535e-17  -0.00456197 -3.65572e-18 -0.000464315  2.07751e-18   0.00224424  2.83108e-18   0.00208356  8.43682e-19  0.000730316  -4.6154e-19 -0.000191975 -1.90299e-19 -0.000384906  2.06838e-20 -0.000244027 -1.63296e-20 -9.63026e-05 -1.23432e-20 -2.57544e-05 -3.49575e-21 -4.57742e-06  2.48102e-21 -4.82791e-07  6.18271e-22  -1.9973e-08
  7.4686e-19 -0.000864241 -2.40605e-18  1.73745e-05  6.57618e-18   0.00431367  3.65169e-18  -0.00345019 -1.92571e-17  -0.00645145 -1.24022e-17   0.00584862  1.73559e-17   0.00893076  1.16281e-17  -0.00577565 -1.75401e-17   -0.0115777 -1.01304e-17   0.00258465  2.45104e-17    0.0126577  2.39328e-17   0.00288621 -8.16529e-18   -0.0101682 -2.00947e-17  -0.00778642 -2.66814e-18   0.00399826  1.67089e-17   0.00854509  1.17052e-17   0.00259911 -2.87893e-18  -0.00419942 -7.58215e-18  -0.00482087 -3.43723e-18  -0.00118812  1.03071e-18   0.00174439  2.52458e-18   0.00209491  1.40599e-18   0.00106382  5.53228e-19  0.000163499  5.18315e-19 -0.000156559  2.85395e-19 -0.000139075  6.97515e-20  -5.9915e-05  4.88747e-21 -1.60945e-05 -1.78884e-21 -2.65472e-06  1.67021e-21 -2.21989e-07  1.61574e-22
 0.000313427  3.50746e-19  -0.00161904 -1.99525e-18   0.00109821  8.87213e-18   0.00390536  2.92353e-18  -0.00428972 -2.05227e-17  -0.00570415  -1.0718e-17   0.00641729  1.67876e-17   0.00827314  5.65691e-18  -0.00615711 -2.18543e-17   -0.0111775 -9.71044e-18   0.00273529  2.39328e-17    0.0124535  2.03608e-17   0.00304015 -7.37229e-18  -0.00987916 -1.79961e-17  -0.00809662 -2.11009e-18   0.00336567  1.49635e-17    0.0085405  1.15827e-17   0.00335396  2.52084e-20  -0.00355072 -5.22256e-18  -0.00496212 -3.68222e-18  -0.00190381 -2.72811e-20   0.00111569  2.19189e-18   0.00192634  1.91899e-18   0.00126349  1.49372e-18  0.000461651  1.12938e-18  6.41435e-05  5.26106e-19   -2.734e-05  1.52362e-19  -1.8862e-05  2.05063e-20 -5.28026e-06   1.4732e-21 -7.55398e-07   1.0014e-21 -3.90771e-08
 2.57086e-20  0.000294696  -1.1765e-18  -0.00190556 -1.03883e-18   0.00196681  1.16451e-17   0.00334105  2.23864e-18  -0.00493517 -2.00529e-17  -0.00494328 -7.23055e-18   0.00688824  1.57268e-17   0.00763781   3.3671e-20  -0.00651026 -2.42867e-17   -0.0108127 -9.03887e-18   0.00288621  2.03608e-17    0.0122891  1.59441e-17   0.00319964 -6.94228e-18  -0.00960655 -1.71679e-17  -0.00841024 -3.17193e-18   0.00270864  1.23433e-17   0.00848002  1.17105e-17   0.00410334  2.61098e-18  -0.00279704 -3.82169e-18  -0.00496059 -4.66459e-18  -0.00257466 -1.34584e-18   0.00037842  1.51264e-18    0.0015552  2.09357e-18   0.00126133  2.04032e-18  0.000613399  1.42152e-18  0.000199237  6.17363e-19  4.24135e-05   1.7226e-19  5.16765e-06  2.12585e-20  1.80645e-07  2.22978e-21 -2.43609e-08  3.72166e-22
  0.00017409   2.5469e-19 -0.000134613 -3.18717e-18  -0.00178501   3.7637e-19   0.00264598  1.37591e-17   0.00268707  1.46184e-18  -0.00542428 -1.74163e-17  -0.00418024 -2.70822e-18   0.00728032  1.41462e-17   0.00702001  -3.9795e-18  -0.00684357 -2.43807e-17   -0.0104779 -8.16529e-18   0.00304015  1.59441e-17     0.012162  1.29053e-17   0.00336715 -6.87881e-18  -0.00934637 -1.77931e-17  -0.00872964 -5.90392e-18   0.00202001  9.34279e-18   0.00835489  1.18634e-17   0.00483945  4.48145e-18  -0.00193429 -3.59342e-18  -0.00478676 -6.25626e-18  -0.00315148 -2.99277e-18 -0.000428791  3.28153e-19  0.000980818  1.69222e-18   0.00101871  1.96623e-18  0.000569898  1.29688e-18  0.000215095  5.30586e-19  5.67588e-05  1.30378e-19  1.01283e-05  1.26058e-20  1.08505e-06  1.31752e-21  4.59614e-08
 1.05669e-19  0.000465831  3.06592e-19 -0.000700703 -4.89413e-18  -0.00145301  1.89784e-18   0.00314966  1.40978e-17   0.00199114  5.90546e-19  -0.00578004 -1.31787e-17  -0.00342003  1.91174e-18   0.00760678  1.29556e-17   0.00641436 -5.78032e-18   -0.0071639  -2.2623e-17   -0.0101682 -7.37229e-18   0.00319964  1.29053e-17    0.0120704  1.23965e-17    0.0035452 -6.80304e-18  -0.00909459 -1.94168e-17  -0.00905661 -9.63828e-18   0.00129212  6.45558e-18   0.00815345  1.19623e-17   0.00555021  5.59767e-18 -0.000960733 -4.20423e-18  -0.00440803  -7.9622e-18  -0.00357307 -4.82389e-18  -0.00123872  -1.3187e-18  0.000258401  6.80028e-19  0.000579407  1.31002e-18  0.000370065  8.69263e-19  0.000144555  3.42197e-19  3.72704e-05   6.8037e-20  6.04163e-06  4.40168e-21  5.02563e-07  4.15227e-22
 -4.6548e-05  5.80873e-19  0.000618708 -1.95041e-19  -0.00117813 -5.84824e-18  -0.00100577  2.99443e-18   0.00348899  1.24588e-17   0.00127764 -3.59795e-19  -0.00602069 -8.63834e-18  -0.00266388  5.95342e-18   0.00787757  1.30487e-17   0.00581519 -5.57321e-18  -0.00747672 -2.00947e-17  -0.00987916 -6.94228e-18   0.00336715  1.23965e-17    0.0120129  1.42706e-17   0.00373643 -6.22911e-18  -0.00884699 -2.12127e-17  -0.00939232 -1.31756e-17  0.000516628   4.2957e-18   0.00786069  1.22641e-17    0.0062184  6.26438e-18    0.0001199 -4.95296e-18  -0.00379406 -9.24647e-18   -0.0037635 -6.59825e-18  -0.00193213 -3.17385e-18 -0.000465027 -6.66845e-19  8.96941e-05  3.95861e-19  0.000128485  3.86134e-19  5.59034e-05   1.5972e-19  1.36965e-05  2.21001e-20  1.84544e-06  6.20795e-22  9.25876e-08
-1.48871e-19  7.88445e-05  1.24489e-18  0.000545386 -1.17882e-18  -0.00151918 -5.98253e-18 -0.000494117  3.35891e-18   0.00368386  9.57476e-18  0.000562854 -1.55474e-18  -0.00616039 -5.23213e-18  -0.00191147   9.1199e-18    0.0080993  1.44256e-17   0.00521677 -4.17062e-18  -0.00778642 -1.79961e-17  -0.00960655 -6.87881e-18    0.0035452  1.42706e-17    0.0119892  1.75346e-17   0.00394377 -4.99394e-18  -0.00859901 -2.23185e-17  -0.00973736 -1.52605e-17 -0.000315465  3.54793e-18   0.00745825  1.31974e-17   0.00681897  6.89977e-18   0.00129141  -5.2106e-18   -0.0029193 -9.83535e-18  -0.00362107   -8.025e-18  -0.00232809 -4.77134e-18 -0.000974389 -1.84908e-18 -0.000266759 -3.58887e-19 -4.08568e-05  5.16231e-20  -4.3586e-07  4.54148e-20  1.06295e-06  1.88877e-21  1.55445e-07  -1.2024e-22
-8.46538e-05 -1.15168e-19  0.000308491   1.6304e-18  0.000323115 -2.22126e-18  -0.00172878  -5.4882e-18  4.10798e-05  3.17253e-18   0.00375136  6.45364e-18 -0.000142004 -3.26529e-18  -0.00620857 -3.83009e-18  -0.00116154  1.12876e-17   0.00827606  1.61642e-17   0.00461317 -2.66814e-18  -0.00809662 -1.71679e-17  -0.00934637 -6.80304e-18   0.00373643  1.75346e-17    0.0119992  2.09478e-17   0.00417059 -3.40382e-18  -0.00834561 -2.21495e-17   -0.0100915 -1.51513e-17  -0.00121307  4.62077e-18   0.00692306  1.48941e-17   0.00731318   7.6559e-18   0.00252208 -4.79723e-18   -0.0017587 -9.71769e-18  -0.00303058 -8.74651e-18  -0.00224951 -5.58548e-18  -0.00110293 -2.43639e-18 -0.000386004 -7.04195e-19 -9.68423e-05 -8.29862e-20 -1.66747e-05 -6.14731e-22 -1.74352e-06 -2.14634e-21 -7.28811e-08
-7.28942e-20 -0.000139949  1.83116e-19  0.000516786  1.56475e-18  2.98378e-05 -2.97415e-18  -0.00181355 -4.66832e-18  0.000572387  2.91926e-18   0.00370473  3.76279e-18 -0.000829093 -5.59502e-18  -0.00617143 -4.33656e-18 -0.000412417  1.23835e-17   0.00840972   1.7132e-17   0.00399826 -2.11009e-18  -0.00841024 -1.77931e-17  -0.00909459 -6.22911e-18   0.00394377  2.09478e-17     0.012044  2.34202e-17   0.00442065 -2.03054e-18  -0.00808103 -2.06494e-17   -0.0104527 -1.29518e-17  -0.00218558  7.24113e-18   0.00622335  1.67902e-17    0.0076485  8.20765e-18   0.00376956 -3.98157e-18 -0.000309774 -8.95856e-18  -0.00195264 -8.45314e-18  -0.00166644 -5.35144e-18 -0.000860771 -2.33179e-18 -0.000305604 -6.66341e-19 -7.48305e-05 -8.65572e-20 -1.17834e-05 -8.61607e-21 -9.65438e-07 -1.10188e-21
-2.21705e-05 -1.96952e-19 -0.000103726  6.60661e-19  0.000643695  1.27821e-18 -0.000290537 -3.36122e-18  -0.00178516 -3.74464e-18   0.00108084   2.9757e-18   0.00355506   1.6852e-18  -0.00149206 -8.32669e-18  -0.00605237 -5.81254e-18  0.000337472  1.25238e-17   0.00850011  1.67089e-17   0.00336567 -3.17193e-18  -0.00872964 -1.94168e-17  -0.00884699 -4.99394e-18   0.00417059  2.34202e-17    0.0121249  2.41237e-17    0.0046984 -1.45492e-18   -0.0077976  -1.8329e-17   -0.0108172 -9.49686e-18  -0.00324574  1.03392e-17   0.00532183  1.77026e-17    0.0077679  7.93356e-18    0.0049598 -3.18443e-18   0.00131575  -7.6489e-18 -0.000559474  -7.1431e-18  -0.00079156 -4.27992e-18 -0.000441087 -1.77426e-18 -0.000152075 -4.42966e-19 -3.35172e-05 -4.88043e-20 -4.26682e-06 -5.07502e-21  -2.0744e-07
 2.48537e-20 -9.13055e-05 -2.25225e-19  1.14115e-05  1.18668e-18  0.000683441  1.03397e-18 -0.000606895 -3.46461e-18  -0.00165749 -2.73789e-18   0.00155158  3.42562e-18   0.00331119  9.11522e-20  -0.00212489 -1.09549e-17  -0.00585238 -7.00093e-18   0.00108929  1.21223e-17   0.00854509  1.49635e-17   0.00270864 -5.90392e-18  -0.00905661 -2.12127e-17  -0.00859901 -3.40382e-18   0.00442065  2.41237e-17    0.0122443   2.2465e-17   0.00501003 -2.08191e-18  -0.00748616 -1.59491e-17   -0.0111824  -5.9189e-18  -0.00440434  1.23496e-17   0.00418926  1.63859e-17    0.0075941  6.31087e-18   0.00590661 -2.74924e-18   0.00279051 -6.03167e-18  0.000741097 -5.24569e-18  1.00244e-05 -2.91277e-18  -8.0173e-05 -1.11339e-18 -3.44437e-05  -2.2171e-19 -7.17355e-06 -1.87798e-20  -6.9312e-07 -1.59459e-21
 1.79363e-05 -7.19847e-20 -0.000159869 -1.14239e-19  0.000161037  1.67705e-18   0.00064285    8.787e-19  -0.00089568 -3.35171e-18  -0.00144385 -1.52016e-18   0.00197232  4.15211e-18   0.00298028 -1.23041e-18  -0.00272118 -1.28256e-17  -0.00557046 -6.95786e-18   0.00184342  1.17052e-17    0.0085405  1.23433e-17   0.00202001 -9.63828e-18  -0.00939232 -2.23185e-17  -0.00834561 -2.03054e-18    0.0046984   2.2465e-17    0.0124061  1.82518e-17   0.00536284 -3.86883e-18  -0.00713868 -1.39986e-17   -0.0115408 -3.25473e-18  -0.00565479  1.17619e-17   0.00279249  1.21372e-17   0.00696277  3.17783e-18   0.00625387 -2.90928e-18   0.00363435 -4.51289e-18   0.00150723 -3.39791e-18  0.000454376 -1.74402e-18  9.77764e-05 -5.87952e-19  1.42284e-05 -8.38416e-20  1.23836e-06 -5.18867e-21  4.31079e-08
-6.64953e-21  4.87654e-06  -2.5219e-19 -0.000189506  5.89413e-20  0.000312376  2.04122e-18  0.000532565  6.95965e-19  -0.00113985 -3.01693e-18  -0.00115727  1.73862e-20   0.00233209  4.96556e-18   0.00256849 -2.38318e-18  -0.00327341 -1.33771e-17  -0.00520389 -5.44474e-18   0.00259911  1.15827e-17   0.00848002  9.34279e-18   0.00129212 -1.31756e-17  -0.00973736 -2.21495e-17  -0.00808103 -1.45492e-18   0.00501003  1.82518e-17    0.0126156  1.21701e-17   0.00576252 -6.02364e-18  -0.00674229 -1.24199e-17   -0.0118641 -2.32235e-18  -0.00698433  7.65747e-18   0.00103671  5.09318e-18   0.00560183 -1.19831e-18   0.00561442 -3.72266e-18   0.00350773 -3.41605e-18   0.00155948 -2.04915e-18  0.000505448 -9.67764e-19  0.000116537 -2.63841e-19  1.76348e-05 -2.28574e-20  1.41024e-06 -1.04391e-21
 1.56609e-05 -1.43109e-20 -3.93095e-05 -4.49456e-19 -0.000172216  2.24801e-19  0.000444005  2.17052e-18   0.00036623  3.62082e-19  -0.00132644 -2.43781e-18 -0.000810817  1.80829e-18    0.0026203  5.63438e-18   0.00208165 -3.29718e-18  -0.00377237 -1.24171e-17  -0.00474859 -2.87893e-18   0.00335396  1.17105e-17   0.00835489  6.45558e-18  0.000516628 -1.52605e-17   -0.0100915 -2.06494e-17   -0.0077976 -2.08191e-18   0.00536284  1.21701e-17     0.012876  6.10553e-18   0.00621889 -7.12677e-18  -0.00626395 -1.08822e-17   -0.0121159 -3.71817e-18  -0.00842842  1.12264e-19  -0.00123141 -3.71641e-18   0.00332045 -6.06923e-18   0.00391201  -4.8797e-18    0.0025111 -2.74569e-18   0.00109333  -1.2592e-18  0.000333184 -5.21221e-19  6.83963e-05 -9.95012e-20  8.34745e-06  -3.8787e-21  3.96378e-07
 2.40771e-20  3.16349e-05 -5.89167e-20 -9.55944e-05  -6.1401e-19 -0.000114372   3.6636e-19  0.000540681  1.99643e-18   0.00015878  -1.5103e-19  -0.00144537 -1.65685e-18 -0.000418059  3.56655e-18    0.0028263  5.88951e-18   0.00152602 -3.82396e-18  -0.00420663 -1.02535e-17  -0.00419942  2.52084e-20   0.00410334  1.18634e-17   0.00815345   4.2957e-18 -0.000315465 -1.51513e-17   -0.0104527  -1.8329e-17  -0.00748616 -3.86883e-18   0.00576252  6.10553e-18    0.0131946  2.59675e-18    0.0067609 -5.93145e-18  -0.00566494 -9.33545e-18   -0.0123064 -7.58284e-18   -0.0100553  -9.5323e-18  -0.00401086 -1.24193e-17  0.000353054 -1.02187e-17   0.00161819 -5.70068e-18   0.00117135 -2.25635e-18  0.000500085 -8.25218e-19  0.000138812 -2.69835e-19  2.39481e-05  -2.9611e-20   2.0972e-06 -2.34459e-22
 2.39892e-06  6.32112e-20  3.31028e-05 -1.50967e-19 -0.000144978 -7.02051e-19 -2.63963e-05  4.81695e-19  0.000592341   1.5297e-18 -7.40677e-05 -7.59564e-19  -0.00148899 -8.07587e-19  6.31851e-06  4.88104e-18   0.00293914  5.52355e-18  0.000909193 -3.89939e-18  -0.00456197 -7.58215e-18  -0.00355072  2.61098e-18   0.00483945  1.19623e-17   0.00786069  3.54793e-18  -0.00121307 -1.29518e-17   -0.0108172 -1.59491e-17  -0.00713868 -6.02364e-18   0.00621889  2.59675e-18    0.0135975  3.39063e-18   0.00742085 -2.32233e-18   -0.0049559 -8.15592e-18   -0.0124707  -1.3078e-17   -0.0117468 -1.87069e-17  -0.00683245 -1.86962e-17  -0.00251214 -1.23471e-17 -0.000436837 -5.56435e-18  8.86123e-05 -1.73294e-18  8.20075e-05  -5.3819e-19  2.45959e-05 -1.24219e-19  3.65037e-06 -5.73834e-21  1.93091e-07
 3.98469e-21  1.42154e-05  9.59393e-20  1.53534e-05 -2.69791e-19 -0.000175565 -6.80879e-19   7.9247e-05  5.47269e-19  0.000593315  8.54796e-19 -0.000315808 -1.32847e-18  -0.00145187  -7.2323e-20    0.0004458  5.41416e-18   0.00294766  4.55975e-18  0.000241159 -3.65572e-18  -0.00482087 -5.22256e-18  -0.00279704  4.48145e-18   0.00555021  1.22641e-17   0.00745825  4.62077e-18  -0.00218558 -9.49686e-18   -0.0111824 -1.39986e-17  -0.00674229 -7.12677e-18    0.0067609  3.39063e-18    0.0141133  8.16592e-18   0.00817878  2.54663e-18   -0.0041729 -7.52274e-18    -0.012451 -1.80983e-17   -0.0129271 -2.43676e-17  -0.00875355 -2.07571e-17   -0.0043077 -1.18066e-17  -0.00158588 -4.41737e-18 -0.000435156 -1.16006e-18 -8.62421e-05 -3.13037e-19 -1.14284e-05 -4.52089e-20 -8.23234e-07 -2.71379e-22
-3.11926e-06  2.13415e-20  2.87022e-05  1.01641e-19 -1.69303e-05  -3.7357e-19 -0.000180837  -5.5436e-19  0.000189182  5.23755e-19  0.000541788  1.00532e-19 -0.000549144 -1.75995e-18  -0.00133115  3.92933e-19  0.000881333  5.11336e-18   0.00284088  3.29322e-18 -0.000464315 -3.43723e-18  -0.00496212 -3.82169e-18  -0.00193429  5.59767e-18    0.0062184  1.31974e-17   0.00692306  7.24113e-18  -0.00324574  -5.9189e-18   -0.0115408 -1.24199e-17  -0.00626395 -5.93145e-18   0.00742085  8.16592e-18    0.0147173  1.47446e-17   0.00898795  7.33821e-18  -0.00316201 -6.59204e-18   -0.0116653 -1.99098e-17   -0.0126679  -2.4482e-17  -0.00889034 -1.83923e-17  -0.00452928 -9.09078e-18  -0.00171841 -2.80276e-18 -0.000478318 -6.54538e-19 -9.24143e-05 -1.49859e-19 -1.08522e-05 -1.08804e-20 -5.04699e-07
-5.47081e-21 -1.59919e-06  5.48709e-20  3.76501e-05  7.94328e-20 -5.59264e-05 -4.18925e-19 -0.000158616 -3.63157e-19  0.000290022  3.97949e-19  0.000439768 -5.98394e-19 -0.000756053 -2.03615e-18  -0.00112723  5.35901e-19   0.00129067  4.28345e-18   0.00260888  2.07751e-18  -0.00118812 -3.68222e-18  -0.00496059 -3.59342e-18 -0.000960733  6.26438e-18   0.00681897  1.48941e-17   0.00622335  1.03392e-17  -0.00440434 -3.25473e-18   -0.0118641 -1.08822e-17  -0.00566494 -2.32233e-18   0.00817878  1.47446e-17    0.0153577  2.09218e-17   0.00998866  1.19641e-17  -0.00137641  -3.5742e-18  -0.00929578 -1.67035e-17   -0.0103316 -1.93375e-17  -0.00711073 -1.31396e-17  -0.00346495 -5.54915e-18  -0.00122273 -1.38916e-18 -0.000304243 -3.09226e-19 -4.91448e-05 -5.49457e-20 -4.14272e-06 -1.01395e-21
-2.20238e-06 -5.04558e-21  5.53566e-06  9.46099e-20  3.63969e-05  4.35791e-20 -9.32307e-05 -3.84202e-19 -0.000110663 -1.55882e-19  0.000369039  2.14716e-19  0.000293301 -1.14038e-18 -0.000918078 -2.18847e-18 -0.000844807  4.54042e-19    0.0016479  3.41021e-18   0.00224424  1.03071e-18  -0.00190381 -4.66459e-18  -0.00478676 -4.20423e-18    0.0001199  6.89977e-18   0.00731318  1.67902e-17   0.00532183  1.23496e-17  -0.00565479 -2.32235e-18   -0.0121159 -9.33545e-18   -0.0049559  2.54663e-18   0.00898795  2.09218e-17    0.0161685  2.63797e-17    0.0116942  1.78055e-17   0.00187902  2.89915e-18  -0.00499624 -9.02119e-18  -0.00624938 -1.14661e-17  -0.00422102 -7.32139e-18  -0.00192254  -2.5341e-18 -0.000609261 -5.17778e-19 -0.000129267 -1.23112e-19 -1.62055e-05 -1.34636e-20 -7.85719e-07
-2.81841e-21 -4.45112e-06   5.2983e-21  1.57272e-05  1.23318e-19  2.40136e-05  1.08377e-20 -0.000120986 -2.80232e-19 -4.22755e-05   4.0803e-20  0.000414933  5.89626e-20  0.000112835 -1.48181e-18  -0.00101701 -2.23643e-18 -0.000494445  3.60137e-19   0.00192322  2.83108e-18   0.00174439 -2.72811e-20  -0.00257466 -6.25626e-18  -0.00440803 -4.95296e-18   0.00129141   7.6559e-18    0.0076485  1.77026e-17   0.00418926  1.17619e-17  -0.00698433 -3.71817e-18   -0.0123064 -8.15592e-18   -0.0041729  7.33821e-18   0.00998866  2.63797e-17    0.0176505  3.27628e-17    0.0147161  2.61435e-17     0.006712  1.21677e-17  0.000484758  2.43322e-19  -0.00172068 -4.06384e-18   -0.0014384 -2.77157e-18 -0.000651103 -7.06822e-19 -0.000187153 -1.37452e-19 -3.30515e-05 -4.03655e-20 -2.94045e-06 -1.38967e-21
-4.16736e-07 -8.47414e-21 -4.42895e-06  2.24657e-20  2.49595e-05  1.29887e-19  2.47227e-06 -9.03506e-21 -0.000132863 -1.38486e-19  3.80862e-05  2.30536e-19  0.000418843 -4.07689e-21 -8.63901e-05 -1.63421e-18   -0.0010362 -2.15127e-18 -9.44494e-05  4.63342e-19   0.00208356  2.52458e-18   0.00111569 -1.34584e-18  -0.00315148  -7.9622e-18  -0.00379406  -5.2106e-18   0.00252208  8.20765e-18    0.0077679  1.63859e-17   0.00279249  7.65747e-18  -0.00842842 -7.58284e-18   -0.0124707 -7.52274e-18  -0.00316201  1.19641e-17    0.0116942  3.27628e-17    0.0203869  4.15874e-17    0.0190182  3.61492e-17    0.0120828  2.12979e-17   0.00549385  7.52822e-18   0.00176366  7.97674e-19  0.000368277 -1.83385e-19  3.63595e-05  3.41865e-20 -2.83927e-06 -2.59115e-20 -1.16422e-06 -9.38174e-21  -7.7846e-08
-1.03035e-21 -1.95774e-06  -1.2898e-20 -1.09295e-06  3.87371e-20  2.96565e-05  1.15539e-19 -2.40153e-05 -1.62742e-20 -0.000124935  1.24679e-20  0.000119316  4.25692e-19  0.000375684  1.99764e-20 -0.000284176 -1.63438e-18 -0.000962759 -1.86334e-18   0.00032699  8.43682e-19   0.00209491  2.19189e-18   0.00037842 -2.99277e-18  -0.00357307 -9.24647e-18   -0.0029193 -4.79723e-18   0.00376956  7.93356e-18    0.0075941  1.21372e-17   0.00103671  1.12264e-19   -0.0100553  -1.3078e-17    -0.012451 -6.59204e-18  -0.00137641  1.78055e-17    0.0147161  4.15874e-17    0.0242946  5.18522e-17    0.0234044    4.454e-17    0.0161499  2.67143e-17    0.0084555  1.07355e-17   0.00340722  2.81038e-18   0.00104475  7.36427e-19   0.00023439  1.59646e-19  3.52377e-05  -4.9479e-21  2.84559e-06 -8.32508e-22
 2.35902e-07 -3.83009e-21 -3.62783e-06 -1.37643e-20  4.77482e-06  4.85103e-20  2.75647e-05   8.8071e-20 -4.97762e-05 -1.60102e-20 -9.64898e-05  1.59717e-19  0.000188533  6.10386e-19   0.00028582   6.0043e-20 -0.000455848 -1.50646e-18 -0.000790906 -1.30326e-18  0.000730316  1.40599e-18   0.00192634  1.51264e-18 -0.000428791 -4.82389e-18   -0.0037635 -9.83535e-18   -0.0017587 -3.98157e-18    0.0049598  6.31087e-18   0.00696277  5.09318e-18  -0.00123141  -9.5323e-18   -0.0117468 -1.80983e-17   -0.0116653  -3.5742e-18   0.00187902  2.61435e-17    0.0190182  5.18522e-17    0.0281304  5.97726e-17    0.0259637  4.75209e-17    0.0173968  2.65103e-17   0.00882074  1.01188e-17   0.00339281  2.83942e-18  0.000965405  7.14424e-19  0.000191207  9.12252e-20  2.30076e-05   -9.781e-22    1.094e-06
 2.78402e-22 -1.24119e-07 -8.28357e-21 -4.14605e-06 -1.15649e-20  1.12187e-05  5.03143e-20   1.8285e-05  5.37566e-20 -6.86717e-05 -9.22005e-21   -5.072e-05   2.9648e-19  0.000232557  7.27737e-19  0.000156909  4.13049e-20 -0.000573908 -1.24046e-18 -0.000526319  -4.6154e-19   0.00106382  1.91899e-18    0.0015552  3.28153e-19  -0.00123872 -6.59825e-18  -0.00362107 -9.71769e-18 -0.000309774 -3.18443e-18   0.00590661  3.17783e-18   0.00560183 -3.71641e-18  -0.00401086 -1.87069e-17   -0.0129271 -1.99098e-17  -0.00929578  2.89915e-18     0.006712  3.61492e-17    0.0234044  5.97726e-17    0.0299694  6.11716e-17    0.0252793  4.34258e-17    0.0155945  2.15638e-17   0.00722155  7.44455e-18   0.00248903  1.99817e-18  0.000613863  4.05679e-19  9.91326e-05  2.91578e-20  8.39972e-06  2.16357e-22
 1.94068e-07 -2.84953e-22 -1.05378e-06   -1.281e-20 -2.80951e-06 -7.76441e-21  1.58714e-05  4.37982e-20  3.50965e-06  1.61587e-20 -7.53531e-05  9.42213e-21  4.92884e-06  4.04671e-19  0.000240194   7.1571e-19  5.54805e-06 -4.82779e-20 -0.000611378 -8.04011e-19 -0.000191975  5.53228e-19   0.00126349  2.09357e-18  0.000980818  -1.3187e-18  -0.00193213   -8.025e-18  -0.00303058 -8.95856e-18   0.00131575 -2.74924e-18   0.00625387 -1.19831e-18   0.00332045 -1.24193e-17  -0.00683245 -2.43676e-17   -0.0126679 -1.67035e-17  -0.00499624  1.21677e-17    0.0120828    4.454e-17    0.0259637  6.11716e-17    0.0284402   5.4497e-17    0.0213818  3.38421e-17    0.0118158  1.46257e-17    0.0048557  4.51015e-18   0.00145315  1.08541e-18  0.000298711  1.57911e-19  3.68774e-05  5.89022e-21  1.78101e-06
 3.29491e-22   2.7309e-07 -1.78797e-21 -2.04152e-06 -1.57527e-20  1.76586e-07 -4.08714e-21   1.6749e-05   2.7409e-20 -1.31437e-05 -2.00257e-20 -6.67642e-05  4.32172e-20  5.91153e-05  4.54539e-19  0.000205506  5.61733e-19 -0.000141862 -1.41283e-19 -0.000548387 -1.90299e-19  0.000163499  1.49372e-18   0.00126133  1.69222e-18  0.000258401 -3.17385e-18  -0.00232809 -8.74651e-18  -0.00195264  -7.6489e-18   0.00279051 -2.90928e-18   0.00561442 -6.06923e-18  0.000353054 -1.86962e-17  -0.00875355  -2.4482e-17   -0.0103316 -9.02119e-18  0.000484758  2.12979e-17    0.0161499  4.75209e-17    0.0252793   5.4497e-17    0.0236722  4.18779e-17     0.015659  2.24307e-17   0.00762682  8.36185e-18   0.00272857  2.29135e-18  0.000691551  4.58411e-19  0.000113849  4.22139e-20  9.76903e-06  9.03414e-22
 6.09847e-08  7.28058e-22  5.18997e-08 -3.67592e-21 -2.42737e-06 -1.61108e-20  3.76959e-06 -3.07695e-21  1.30206e-05  5.69964e-22 -2.68453e-05  -4.7067e-20 -4.37115e-05   8.5114e-20  9.82451e-05  4.25014e-19  0.000132114  3.23567e-19 -0.000251051  -1.3688e-19 -0.000384906  5.18315e-19  0.000461651  2.04032e-18   0.00101871  6.80028e-19 -0.000465027 -4.77134e-18  -0.00224951 -8.45314e-18 -0.000559474 -6.03167e-18   0.00363435 -3.72266e-18   0.00391201 -1.02187e-17  -0.00251214 -2.07571e-17  -0.00889034 -1.93375e-17  -0.00624938  2.43322e-19   0.00549385  2.67143e-17    0.0173968  4.34258e-17    0.0213818  4.18779e-17    0.0171663  2.75863e-17   0.00991592  1.26162e-17   0.00420604  4.05898e-18   0.00128794  9.70811e-19  0.000269121  1.46112e-19  3.35982e-05  7.48467e-21  1.63396e-06
 1.62039e-22  1.52408e-07  9.62102e-22 -4.22157e-07 -5.10158e-21 -1.82843e-06 -1.40142e-20  6.48065e-06 -7.60069e-21   5.5658e-06 -3.21608e-20 -3.29627e-05 -5.68235e-20 -1.19858e-05  1.19332e-19  0.000110299  3.23647e-19  3.72326e-05  1.00317e-19 -0.000289282  2.06838e-20 -0.000156559  1.12938e-18  0.000613399  1.96623e-18  0.000579407 -6.66845e-19 -0.000974389 -5.58548e-18  -0.00166644  -7.1431e-18  0.000741097 -4.51289e-18   0.00350773  -4.8797e-18   0.00161819 -1.23471e-17   -0.0043077 -1.83923e-17  -0.00711073 -1.14661e-17  -0.00172068  7.52822e-18    0.0084555  2.65103e-17    0.0155945  3.38421e-17     0.015659  2.75863e-17    0.0108089   1.5476e-17   0.00542015  6.01141e-18   0.00197976  1.67434e-18  0.000509273  3.33573e-19  8.47169e-05  3.32844e-20  7.31936e-06  8.68349e-22
