 1.45515e-33 -1.21412e-36 -3.72194e-34  1.61744e-36  8.35599e-34 -9.18067e-36  5.15006e-34 -1.42748e-35   -5.072e-35 -1.15602e-36  3.08045e-34  2.42909e-36  4.94324e-35  1.56868e-36  1.34162e-34  1.01834e-35 -5.75615e-35  2.77864e-37  8.50133e-35 -2.94559e-37 -7.47476e-36  9.03888e-37  9.44868e-36 -3.38727e-37 -6.83172e-36  3.59868e-38  1.02536e-36   3.3784e-39  1.57052e-36 -2.68576e-38 -1.79833e-37  -2.7777e-38  3.04015e-37  2.94193e-38 -4.73597e-37  9.13723e-39  1.90074e-37 -7.41121e-39 -2.31003e-38  4.88255e-40  2.30211e-38 -1.10263e-39   -1.243e-37  4.69833e-40  4.95846e-37  5.92852e-40  -1.7361e-36 -3.03832e-40   5.4422e-36  5.41013e-41 -1.55775e-35 -5.56037e-41  4.06665e-35  2.39081e-40 -9.65978e-35 -6.79257e-40  2.08171e-34  1.89182e-39 -4.05466e-34  -4.9566e-39  7.10337e-34  1.21198e-38 -1.11229e-33  -2.7624e-38  1.54386e-33   5.8671e-38 -1.87803e-33  -1.1603e-37   1.9698e-33   2.1342e-37 -1.73667e-33 -3.64599e-37  1.23008e-33  5.77529e-37 -6.31861e-34 -8.46483e-37  1.55722e-34  1.14519e-36  8.06815e-35 -1.42581e-36   -1.088e-34  1.62787e-36  4.79112e-35 -1.69696e-36  1.84732e-36  1.60665e-36 -1.27767e-35 -1.37258e-36  4.94987e-36  1.04954e-36  9.12035e-37 -7.11022e-37 -1.21286e-36  4.21364e-37  1.43005e-37 -2.15159e-37  1.51186e-37  9.33633e-38 -3.77726e-38  -3.4663e-38 -1.49178e-38  1.21505e-38   5.0943e-39 -5.25014e-39  1.01705e-39  3.08095e-39 -3.32169e-40 -1.85262e-39 -8.90785e-41  9.32425e-40  2.53262e-41 -3.69819e-40 -6.62015e-43  1.13343e-40  8.95847e-43  -2.6344e-41 -3.35619e-43  4.50539e-42  3.87692e-44 -5.38993e-43 -3.41335e-45  4.12741e-44  2.90697e-46 -1.68925e-45 -9.05942e-48  2.15443e-47
-1.21412e-36  2.39424e-33 -5.21931e-36  -4.2368e-34  7.43212e-36  1.70607e-33 -2.47158e-35  9.10133e-34 -3.97482e-35  -1.2366e-34 -8.68846e-36  5.03001e-34   6.0378e-36  5.25503e-35  6.43572e-36  2.59685e-34  1.89771e-35 -1.27914e-34  2.99615e-36  1.72073e-34 -9.46568e-37 -3.79004e-36   2.2651e-36  1.42212e-35 -2.33113e-37 -1.51731e-35  2.12574e-37  4.45754e-36 -7.83339e-38  3.58288e-36 -4.36261e-38 -1.25327e-36 -5.77037e-38  1.34527e-36  4.19959e-38 -1.24521e-36  3.37146e-38  3.92188e-37 -1.33812e-38 -2.92604e-37   1.7081e-39  1.14108e-36 -4.73343e-39 -4.50358e-36  1.61091e-39  1.62362e-35   1.9341e-39 -5.33269e-35 -9.31408e-40  1.59786e-34  4.46249e-40 -4.37018e-34 -1.21929e-39   1.0889e-33  4.15896e-39 -2.46535e-33  -1.2031e-38  5.05497e-33  3.26106e-38 -9.34632e-33 -8.26003e-38  1.54968e-32  1.95222e-37 -2.28761e-32 -4.30241e-37  2.97746e-32  8.83582e-37 -3.37083e-32 -1.68941e-36  3.25278e-32   3.0037e-36 -2.58721e-32 -4.95878e-36  1.58747e-32  7.58772e-36 -6.23442e-33  -1.0738e-35  3.79021e-35  1.40174e-35    1.998e-33 -1.68253e-35 -1.41152e-33  1.84978e-35  3.04998e-34 -1.85379e-35   2.0401e-34  1.68337e-35 -1.66158e-34 -1.37451e-35  1.97405e-35  9.99027e-36  2.68112e-35  -6.3745e-36 -1.07888e-35  3.49924e-36 -1.95026e-36 -1.60028e-36  1.81761e-36  5.74996e-37   4.6491e-38 -1.41784e-37 -2.08444e-37  1.37248e-38  6.56931e-39  2.59787e-39  1.64548e-38  2.73437e-39 -3.83688e-40 -4.70445e-39 -9.17574e-40  3.16556e-39  8.82206e-42 -1.36298e-39  1.55398e-41  4.14445e-40   5.9019e-42 -9.06222e-41 -1.18511e-42  1.39709e-41    6.674e-44 -1.43843e-42 -8.47571e-45  8.85606e-44  5.89321e-46 -2.50788e-45 -6.39758e-48
-3.72194e-34 -5.21931e-36  4.26868e-33  -1.0805e-35 -9.22608e-34  2.46632e-35   1.8926e-33 -4.73277e-35  8.97915e-34 -7.15634e-35  5.72992e-35 -3.33404e-35  6.85525e-34  8.50462e-36 -8.70208e-35  1.19744e-35   3.7635e-34  2.64035e-35 -2.06304e-34  8.33253e-36  2.53807e-34 -2.09826e-36  8.29755e-36  3.87825e-36  1.50965e-35  3.44953e-37 -2.49764e-35  5.64216e-37  1.26218e-35 -2.64809e-37  5.83334e-36 -3.51964e-38  -3.7683e-36 -9.20576e-38  3.83414e-36  1.45513e-38 -2.66007e-36  8.16469e-38  1.87032e-36 -1.38662e-38 -6.83616e-36  4.40043e-39  2.79736e-35 -1.27839e-38 -1.04815e-34  4.25785e-39  3.59568e-34  4.71311e-39 -1.12761e-33 -3.20229e-39  3.22972e-33  5.45397e-39 -8.43629e-33 -1.70835e-38  2.00511e-32  5.25737e-38 -4.32358e-32  -1.4774e-37  8.42587e-32  3.87488e-37 -1.47683e-31 -9.48809e-37  2.31336e-31  2.16779e-36 -3.21151e-31 -4.61868e-36  3.90619e-31  9.16968e-36 -4.09448e-31 -1.69472e-35  3.60426e-31  2.91215e-35  -2.5439e-31 -4.64554e-35  1.29488e-31   6.8669e-35 -3.04919e-32 -9.38442e-35 -1.80974e-32  1.18246e-34  2.31515e-32 -1.36914e-34 -9.91182e-33   1.4508e-34 -6.07167e-34 -1.39972e-34  2.78529e-33  1.22159e-34 -1.03818e-33 -9.56258e-35 -2.15877e-34  6.63705e-35  2.62252e-34 -4.01697e-35 -2.63842e-35  2.06502e-35 -3.46174e-35 -8.59221e-36  8.18821e-36  2.57624e-36  3.37086e-36 -3.15373e-37 -1.07422e-36 -1.88433e-37   -2.583e-37  1.41887e-37  8.21966e-38 -4.33378e-38  1.58216e-38  5.71059e-40 -3.22061e-39   6.0694e-39 -7.51334e-40 -3.27341e-39  2.87988e-41  1.01049e-39   2.8414e-41 -2.07104e-40 -1.47444e-42   2.8339e-41  3.39489e-44  -2.4422e-42 -1.98645e-44  1.14378e-43  5.51753e-46 -1.83283e-45
 1.61744e-36  -4.2368e-34  -1.0805e-35   7.0515e-33 -1.02575e-35 -1.43993e-33  6.36779e-35  1.25653e-33 -7.78392e-35  3.36312e-34 -9.45257e-35  5.14719e-34 -8.16634e-35  9.65967e-34  9.34044e-36 -4.01507e-34  1.26891e-35  4.62117e-34  3.35839e-35 -2.71052e-34  1.45237e-35  3.10446e-34 -4.09709e-36  1.75985e-35  5.36051e-36  1.43144e-35  1.24815e-36 -3.52172e-35  9.69671e-37  2.63114e-35 -4.71906e-37  7.41936e-36  1.31349e-38 -8.02603e-36 -1.41871e-37  9.39617e-36 -7.24443e-38 -1.06441e-35   1.5372e-37   3.2203e-35 -5.01655e-39 -1.37182e-34  8.59419e-39  5.37599e-34 -2.60307e-38 -1.92738e-33  8.56269e-39  6.32241e-33  1.27488e-38 -1.89569e-32  -2.0392e-38  5.18827e-32  5.88592e-38 -1.29361e-31 -1.82171e-37   2.9308e-31   5.3245e-37 -6.01324e-31 -1.44594e-36  1.11249e-30  3.66534e-36 -1.84555e-30 -8.67333e-36  2.72545e-30  1.91503e-35 -3.54796e-30 -3.94293e-35  4.01593e-30  7.56439e-35 -3.87203e-30 -1.35082e-34  3.07322e-30  2.24254e-34 -1.87589e-30 -3.45561e-34  7.24324e-31  4.93317e-34  1.13934e-32 -6.50942e-34 -2.47106e-31  7.91682e-34  1.70179e-31 -8.84411e-34 -3.46005e-32  9.03649e-34  -2.6192e-32 -8.39968e-34  2.03985e-32  7.05449e-34 -2.15593e-33 -5.30489e-34 -3.40746e-33  3.52746e-34  1.30556e-33 -2.03606e-34  2.72966e-34  9.89514e-35 -2.30939e-34 -3.81233e-35 -8.26871e-36  9.82397e-36  2.66486e-35 -2.07929e-37 -5.46895e-37 -1.40649e-36 -2.14357e-36  8.55379e-37  3.61913e-38 -2.86068e-37   1.1262e-37  4.82362e-38  4.46742e-39  4.94786e-39 -3.81305e-39 -5.84616e-39 -3.33968e-40  1.89694e-39  6.66335e-41 -3.61686e-40  3.06864e-42  4.29661e-41  1.70266e-43 -2.97765e-42 -3.32896e-44  9.65092e-44  2.82168e-47
 8.35599e-34  7.43212e-36 -9.22608e-34 -1.02575e-35  9.63228e-33  5.19581e-36  -1.7468e-33  1.29938e-34   3.2677e-34 -1.15647e-34 -5.57091e-34 -9.35572e-35  9.78148e-34 -1.46627e-34  1.36708e-33  1.18772e-35 -8.09678e-34  4.15304e-36  4.85607e-34  4.20168e-35 -2.94587e-34  1.88235e-35  3.34222e-34 -7.13042e-36  1.04294e-35  6.57015e-36  1.38777e-35  2.13755e-36 -4.37732e-35  1.16834e-36  4.32678e-35 -5.34678e-37  8.05763e-36  1.04795e-37 -1.77338e-35 -2.31837e-37  4.02547e-35 -2.18617e-37 -1.32385e-34  2.41538e-37  5.67021e-34  1.34836e-38 -2.32289e-33  1.21056e-38  8.70843e-33 -4.11015e-38 -2.98765e-32  6.07098e-39  9.37429e-32  6.08756e-38 -2.68696e-31  -1.7193e-37  7.02379e-31  5.40276e-37 -1.67065e-30 -1.62202e-36  3.60507e-30   4.5605e-36 -7.03073e-30 -1.19604e-35  1.23313e-29  2.92857e-35 -1.93274e-29 -6.69357e-35  2.68426e-29  1.42745e-34 -3.26542e-29 -2.83854e-34  3.42181e-29  5.25901e-34 -3.00862e-29 -9.06863e-34  2.11707e-29  1.45362e-33 -1.06858e-29 -2.16248e-33  2.40327e-30  2.97997e-33  1.61989e-30 -3.79504e-33 -1.98109e-30  4.45371e-33  8.26425e-31 -4.79953e-33  6.87155e-32  4.72875e-33 -2.43724e-31 -4.23608e-33  8.75881e-32  3.42582e-33  2.04156e-32 -2.47768e-33 -2.29262e-32  1.58161e-33  1.97998e-33 -8.73768e-34  3.15118e-33   4.0422e-34 -7.04788e-34 -1.46366e-34 -3.11308e-34  3.37282e-35  9.40976e-35  1.41369e-36  2.42586e-35 -5.97883e-36 -7.14708e-36  3.31107e-36 -1.55777e-36 -1.09109e-36  2.81939e-37  2.15012e-37  7.87342e-38 -1.05938e-38 -5.15362e-39 -8.11235e-39 -1.92079e-39    2.913e-39 -3.54275e-42 -5.09298e-40  1.16441e-41  5.08703e-41  9.48149e-43 -2.66731e-42 -2.11045e-44  4.86577e-44
-9.18067e-36  1.70607e-33  2.46632e-35 -1.43993e-33  5.19581e-36  1.14843e-32   3.3396e-35 -1.96586e-33  2.14094e-34 -2.07638e-34 -1.53146e-34 -1.41774e-33 -6.53087e-35  1.16967e-33 -2.08341e-34  1.78719e-33   2.0758e-35 -1.17765e-33 -1.30991e-35  4.10082e-34  5.12957e-35 -2.54997e-34  1.94524e-35  3.33644e-34 -1.09209e-35 -1.93371e-35  7.58392e-36  1.31982e-35   2.6454e-36  -4.6883e-35  8.83385e-37  5.64963e-35 -2.91129e-37  2.02177e-35  2.31528e-37 -1.03524e-34 -3.93363e-37  4.58694e-34 -4.02931e-37 -2.04909e-33  3.28679e-37  8.73857e-33  3.92601e-38 -3.42523e-32   5.4907e-39  1.22889e-31 -3.30832e-38 -4.03394e-31 -8.39497e-38  1.21045e-30  4.36156e-37 -3.31552e-30 -1.40136e-36  8.27354e-30  4.33832e-36 -1.87601e-29 -1.25884e-35  3.85227e-29  3.41368e-35 -7.13265e-29 -8.64228e-35  1.18415e-28  2.04276e-34 -1.74982e-28 -4.50678e-34  2.27893e-28  9.27629e-34 -2.57984e-28 -1.78018e-33  2.48623e-28  3.18261e-33 -1.97004e-28 -5.29518e-33  1.19701e-28  8.18854e-33 -4.54812e-29 -1.17512e-32 -1.69586e-30    1.562e-32  1.64575e-29 -1.91861e-32 -1.10813e-29  2.17144e-32  2.12223e-30  -2.2564e-32  1.80382e-30  2.14316e-32 -1.35146e-30 -1.85012e-32  1.25823e-31  1.44106e-32  2.33867e-31 -1.00291e-32 -8.58318e-32   6.1525e-33 -2.00897e-32 -3.26001e-33  1.57837e-32  1.44173e-33  7.32746e-34 -4.95715e-34 -1.84532e-33  1.05849e-34  2.04609e-35  7.19251e-36  1.49713e-34 -1.91138e-35 -5.58078e-37  9.89095e-36 -8.21337e-36 -3.12076e-36 -3.54772e-37  6.19742e-37  2.78312e-37 -5.37516e-38  2.15149e-38 -8.88379e-39 -3.64925e-39  3.79358e-39 -4.05647e-40 -5.92647e-40  1.70283e-42  4.74806e-41  1.72055e-42 -1.69868e-42   1.1317e-44
 5.15006e-34 -2.47158e-35   1.8926e-33  6.36779e-35  -1.7468e-33   3.3396e-35  1.27816e-32  5.74774e-35 -2.33416e-33  2.92528e-34  4.11827e-35 -1.76035e-34 -1.98122e-33 -2.19971e-35  1.00719e-33 -2.45354e-34  2.09526e-33  3.78275e-35 -1.40908e-33 -3.32028e-35  2.19276e-34  5.89042e-35 -1.52119e-34  1.66852e-35  3.24641e-34  -1.4811e-35 -6.65924e-35   8.4431e-36  9.90435e-36  2.55074e-36 -3.54353e-35 -2.76712e-38  2.46051e-35  3.41183e-37  2.50203e-34   3.7852e-37 -1.35605e-33 -6.55217e-37   6.5562e-33 -5.91625e-37 -2.92211e-32  3.93186e-37  1.19699e-31   7.7821e-38  -4.4905e-31 -6.19594e-38   1.5418e-30  1.74721e-37 -4.84167e-30  -8.8477e-37  1.38897e-29  3.25252e-36 -3.63403e-29 -1.03903e-35  8.65163e-29   3.1147e-35 -1.86865e-28 -8.72389e-35  3.64763e-28  2.28214e-34  -6.4033e-28 -5.57403e-34  1.00444e-27  1.27096e-33 -1.39596e-27 -2.70449e-33  1.69899e-27  5.36814e-33 -1.78045e-27  -9.9327e-33  1.56431e-27  1.71185e-32 -1.09804e-27 -2.74523e-32   5.5002e-28  4.09139e-32 -1.18167e-28 -5.65824e-32 -8.97016e-29  7.24766e-32  1.05586e-28 -8.57865e-32 -4.30177e-29  9.35618e-32 -4.48004e-30 -9.36872e-32  1.32703e-29  8.57428e-32 -4.61203e-30 -7.13083e-32 -1.19102e-30  5.34871e-32  1.25216e-30 -3.58245e-32 -9.28878e-32  2.11293e-32 -1.77861e-31 -1.07483e-32  3.78022e-32  4.55403e-33  1.78896e-32 -1.49556e-33  -5.1446e-33   3.0302e-34 -1.42599e-33  2.09445e-35   3.9271e-34 -5.01851e-35  9.48949e-35  2.44491e-35 -1.62576e-35 -7.27608e-36 -4.58966e-36  1.38251e-36  2.77513e-37 -1.31344e-37  1.09237e-37 -7.79872e-39  1.97729e-39  4.29844e-39 -8.65446e-40 -5.74716e-40 -4.56335e-41  3.43638e-41  8.05729e-43  -6.7277e-43
-1.42748e-35  9.10133e-34 -4.73277e-35  1.25653e-33  1.29938e-34 -1.96586e-33  5.74774e-35  1.38619e-32  5.77354e-35  -3.0101e-33  3.40996e-34  9.85256e-34 -1.71486e-34 -2.15263e-33  1.61724e-35  5.83805e-34 -2.47236e-34  2.22599e-33   6.0222e-35 -1.48392e-33 -4.82301e-35 -6.08506e-35   6.1677e-35 -1.34066e-35  1.23516e-35  3.17718e-34   -1.805e-35 -1.18576e-34  8.98678e-36 -7.98694e-36  1.85491e-36  8.02835e-35 -1.48642e-36 -5.91717e-34  1.33381e-36  3.66564e-33  5.33681e-37 -1.88115e-32 -1.03662e-36  8.80031e-32 -7.46603e-37 -3.76912e-31  3.98316e-37  1.47837e-30  2.08418e-37  -5.3084e-30 -5.28966e-37  1.74405e-29   1.8279e-36  -5.2381e-29 -6.73558e-36  1.43612e-28  2.26646e-35 -3.58722e-28 -7.01914e-35  8.14212e-28  2.03088e-34 -1.67363e-27 -5.48669e-34  3.10193e-27  1.38402e-33 -5.15477e-27 -3.25916e-33  7.62407e-27  7.16308e-33 -9.93677e-27 -1.46883e-32   1.1254e-26  2.80869e-32 -1.08449e-26 -5.00523e-32  8.58339e-27  8.30596e-32 -5.19508e-27 -1.28228e-31  1.94454e-27  1.83947e-31  1.13392e-28 -2.44843e-31 -7.43526e-28  3.01852e-31  4.90892e-28 -3.43906e-31 -8.87159e-29   3.6108e-31 -8.40287e-29 -3.48123e-31  6.09087e-29  3.06791e-31 -4.96143e-30 -2.45683e-31 -1.09037e-29  1.77411e-31   3.8558e-30 -1.14339e-31  9.89089e-31   6.4836e-32 -7.33036e-31 -3.16702e-32 -4.14464e-32  1.28652e-32  8.70085e-32 -4.04518e-33 -1.64112e-34  7.86929e-34 -7.17474e-33  4.59759e-35 -3.91718e-35 -1.13002e-34  4.03354e-34  5.18577e-35  1.83882e-35 -1.43923e-35 -1.33163e-35  2.54129e-36 -1.13448e-36 -2.32762e-37  1.70751e-37 -5.98127e-39  2.22409e-38  4.31387e-39 -1.94477e-40 -4.61809e-40 -7.82543e-41  1.82791e-41 -7.66312e-43
  -5.072e-35 -3.97482e-35  8.97915e-34 -7.78392e-35   3.2677e-34  2.14094e-34 -2.33416e-33  5.77354e-35  1.48695e-32  2.77073e-35 -3.97482e-33  3.49631e-34  2.16129e-33 -1.36336e-34 -1.94056e-33  3.33748e-35  5.80839e-35 -2.19328e-34  2.19965e-33  8.17725e-35  -1.4446e-33 -5.22953e-35 -3.64644e-34  5.75369e-35  1.17087e-34  8.41717e-36  3.10078e-34 -1.99686e-35 -1.39576e-34   8.8981e-36 -2.32148e-34  7.25389e-37  1.56323e-33 -3.22379e-36 -9.13928e-33  2.56437e-36  4.92127e-32  6.98023e-37 -2.41109e-31 -1.54806e-36  1.08027e-30 -8.10836e-37 -4.43032e-30  1.91989e-37  1.66346e-29   1.0212e-36 -5.71666e-29 -3.68612e-36  1.79691e-28  1.31808e-35 -5.16011e-28 -4.54262e-35  1.35148e-27  1.45916e-34 -3.22098e-27 -4.36146e-34  6.96462e-27  1.21692e-33 -1.36102e-26 -3.16951e-33  2.39189e-26  7.70537e-33 -3.75599e-26 -1.74818e-32  5.22515e-26  3.70044e-32 -6.36439e-26 -7.30499e-32  6.67245e-26  1.34421e-31 -5.86087e-26 -2.30424e-31   4.1063e-26  3.67682e-31 -2.04317e-26  -5.4565e-31  4.19709e-27  7.52283e-31  3.55796e-27 -9.62272e-31 -4.05542e-27   1.1401e-30  1.61781e-27 -1.24856e-30   2.0062e-28  1.26042e-30 -5.20398e-28 -1.16881e-30   1.7556e-28  9.91042e-31  4.95896e-29 -7.63757e-31 -4.93974e-29  5.30743e-31  3.15032e-30 -3.29052e-31  7.21718e-30  1.79353e-31 -1.46575e-30 -8.41058e-32 -7.40436e-31  3.27495e-32   2.0379e-31 -9.86054e-33  6.04326e-32  1.84744e-33 -1.57979e-32  8.25533e-35 -4.08266e-33 -2.23965e-34  6.67037e-34  9.64877e-35  1.94135e-34 -2.47092e-35 -1.03952e-35  3.96542e-36 -4.72059e-36 -3.26856e-37 -1.06518e-37 -5.37917e-39  3.84101e-38  3.86059e-39  1.92153e-39 -3.00186e-40 -2.84731e-41  6.14926e-42
-1.15602e-36  -1.2366e-34 -7.15634e-35  3.36312e-34 -1.15647e-34 -2.07638e-34  2.92528e-34  -3.0101e-33  2.77073e-35  1.57938e-32 -2.18459e-35  -5.0274e-33   3.2682e-34  2.99098e-33 -7.81377e-35  -1.4016e-33  2.59008e-35 -4.21031e-34 -1.77919e-34  2.08843e-33   9.6104e-35 -1.36392e-33 -4.37943e-35 -6.10659e-34  4.64588e-35  2.04169e-34  5.77171e-36  2.42481e-34 -1.99386e-35  2.77157e-34   7.8608e-36 -3.39344e-33 -6.20835e-37   2.1101e-32 -4.91237e-36 -1.18232e-31  3.86829e-36  6.06019e-31  8.95246e-37 -2.84005e-30 -2.22682e-36  1.21795e-29 -5.45171e-37 -4.78167e-29 -1.20186e-36  1.71859e-28  6.44111e-36 -5.65203e-28 -2.41869e-35  1.69932e-27  8.52154e-35 -4.66415e-27  -2.8226e-34  1.16637e-26  8.72461e-34 -2.65052e-26 -2.51468e-33  5.45484e-26  6.76361e-33 -1.01225e-25 -1.69756e-32   1.6842e-25  3.97531e-32  -2.4939e-25 -8.68375e-32  3.25383e-25  1.76883e-31 -3.68821e-25 -3.35829e-31  3.55545e-25  5.93984e-31 -2.81231e-25 -9.78116e-31  1.69686e-25   1.4985e-30 -6.26553e-26 -2.13416e-30 -4.91742e-27  2.82283e-30  2.52158e-26 -3.46361e-30  -1.6372e-26  3.93669e-30  2.80032e-27 -4.13691e-30  2.93156e-27  4.00931e-30 -2.06716e-27 -3.57145e-30  1.46839e-28  2.91084e-30  3.81945e-28 -2.15736e-30 -1.30916e-28  1.44207e-30 -3.62146e-29 -8.59817e-31  2.56355e-29  4.50345e-31  1.68775e-30 -2.02653e-31 -3.09474e-30  7.55807e-32  -1.8805e-32 -2.17632e-32  2.59721e-31  3.91822e-33  3.11864e-33  1.27284e-34 -1.47984e-32 -3.97622e-34 -7.34458e-34  1.59795e-34  4.85235e-34 -3.73436e-35  4.49156e-35  5.33529e-36 -6.28515e-36 -3.74055e-37 -8.61639e-37 -7.05035e-39  6.77329e-39  3.04916e-39  2.90881e-39 -1.49047e-40  3.26365e-41
 3.08045e-34 -8.68846e-36  5.72992e-35 -9.45257e-35 -5.57091e-34 -1.53146e-34  4.11827e-35  3.40996e-34 -3.97482e-33 -2.18459e-35  1.65874e-32 -7.34887e-35 -5.88132e-33  2.91192e-34  3.06217e-33 -9.81607e-36 -6.42962e-34  1.57545e-36 -7.45809e-34 -1.40603e-34   1.9742e-33  9.93004e-35 -1.31454e-33 -2.51553e-35  -7.4025e-34  3.03664e-35  3.24622e-34  3.87604e-36 -6.65604e-34 -1.72557e-35   6.6051e-33  5.69159e-36 -4.44928e-32  -2.0072e-36   2.6209e-31 -6.32717e-36 -1.40568e-30  5.10099e-36  6.89097e-30  1.21228e-36 -3.09038e-29 -3.38775e-36  1.26864e-28   1.5704e-36 -4.76809e-28 -1.00838e-35  1.64032e-27  4.08906e-35 -5.16165e-27 -1.49918e-34  1.48396e-26  5.12462e-34 -3.89134e-26 -1.63666e-33   9.2859e-26  4.87606e-33 -2.01047e-25 -1.35496e-32  3.93411e-25  3.51235e-32 -6.92321e-25 -8.49249e-32  1.08861e-24  1.91487e-31 -1.51635e-24 -4.02501e-31  1.84905e-24  7.88376e-31 -1.94019e-24  -1.4382e-30   1.7046e-24   2.4422e-30 -1.19288e-24 -3.85789e-30   5.9021e-25  5.66548e-30 -1.16144e-25  -7.7292e-30 -1.08972e-25  9.78821e-30  1.20948e-25  -1.1496e-29 -4.73786e-26  1.25075e-29 -6.74699e-27 -1.25863e-29  1.58403e-26   1.1689e-29  -5.2096e-27 -9.98731e-30 -1.58878e-27  7.81558e-30  1.51621e-27 -5.56668e-30 -8.34532e-29  3.57788e-30 -2.27134e-28 -2.05108e-30   4.4379e-29  1.03207e-30  2.37794e-29 -4.45435e-31 -6.31653e-30   1.5895e-31 -1.98177e-30 -4.36784e-32  4.98194e-31  7.51731e-33  1.35255e-31  1.77979e-34 -2.11984e-32  -6.4026e-34 -6.43852e-33   2.3791e-34  3.11689e-34 -5.01272e-35  1.58937e-34  6.23723e-36  3.96202e-36 -3.49353e-37 -1.28913e-36 -9.97358e-39 -6.61749e-38  2.05506e-39   8.6497e-40 -4.86177e-41
 2.42909e-36  5.03001e-34 -3.33404e-35  5.14719e-34 -9.35572e-35 -1.41774e-33 -1.76035e-34  9.85256e-34  3.49631e-34  -5.0274e-33 -7.34887e-35  1.71792e-32 -1.16365e-34 -6.31346e-33  2.60228e-34  2.29743e-33  5.64406e-35  1.69404e-34 -2.62924e-35 -8.66611e-34 -1.18201e-34  1.91538e-33  9.11132e-35 -1.33067e-33 -1.14217e-36 -8.84034e-34  1.22915e-35  1.85544e-33  1.20977e-36 -1.25796e-32 -1.11495e-35   8.6927e-32  2.40939e-36 -5.37955e-31 -3.33408e-36   3.0228e-30 -7.43774e-36 -1.55057e-29  6.13582e-36  7.27297e-29  2.12276e-36 -3.12199e-28 -7.22063e-36  1.22695e-27  1.51053e-35 -4.41457e-27 -6.47771e-35   1.4535e-26  2.47212e-34 -4.37532e-26 -8.76083e-34  1.20242e-25  2.89334e-33 -3.01089e-25  -8.9134e-33  6.85155e-25  2.56076e-32 -1.41208e-24 -6.86056e-32  2.62422e-24  1.71389e-31 -4.37269e-24 -3.99157e-31  6.48436e-24  8.66339e-31 -8.47199e-24 -1.75154e-30  9.61463e-24  3.29693e-30 -9.27627e-24 -5.77423e-30  7.33734e-24   9.4036e-30  -4.4172e-24 -1.42307e-29  1.61164e-24  1.99993e-29  1.57019e-25 -2.60849e-29 -6.79846e-25  3.15571e-29  4.35396e-25 -3.53896e-29 -7.07968e-26  3.67627e-29 -8.11465e-26 -3.53377e-29  5.59649e-26  3.13786e-29 -3.47284e-27  -2.5669e-29 -1.06437e-26  1.92622e-29   3.5583e-27  -1.3175e-29  1.04693e-27  8.13974e-30 -7.15703e-28 -4.48617e-30 -5.28858e-29  2.16839e-30  8.79438e-29  -8.9717e-31  1.09352e-30  3.05948e-31 -7.50507e-30  -8.0024e-32 -1.27431e-31  1.30765e-32  4.32539e-31  2.44285e-34  2.32623e-32 -9.43358e-34 -1.42501e-32  3.20597e-34 -1.39404e-33 -6.00801e-35  1.85935e-34  6.34833e-36  2.63928e-35 -2.60147e-37 -1.65462e-37  -1.1734e-38 -8.85041e-38  1.10399e-39 -1.06228e-39
 4.94324e-35   6.0378e-36  6.85525e-34 -8.16634e-35  9.78148e-34 -6.53087e-35 -1.98122e-33 -1.71486e-34  2.16129e-33   3.2682e-34 -5.88132e-33 -1.16365e-34  1.74648e-32 -1.50491e-34 -6.26613e-33   2.4322e-34  9.43516e-34   1.1205e-34  8.46684e-34 -4.56761e-35 -7.94156e-34 -1.12038e-34  1.90308e-33  7.48123e-35 -1.16878e-33  2.30265e-35 -3.30323e-33 -4.63545e-36  2.23574e-32 -3.93403e-36  -1.5875e-31 -1.00378e-36  1.02752e-30 -1.72769e-36 -6.04937e-30 -4.59637e-36  3.24828e-29 -8.31433e-36 -1.59389e-28  6.44176e-36  7.15508e-28  6.63984e-36 -2.94032e-27  -2.7388e-35  1.10633e-26  9.68881e-35 -3.81047e-26 -3.84531e-34  1.20055e-25  1.41235e-33  -3.4561e-25 -4.83133e-33  9.07534e-25  1.54024e-32 -2.16879e-24 -4.57819e-32   4.7027e-24  1.26872e-31 -9.21669e-24 -3.27766e-31  1.62455e-23  7.89198e-31 -2.55857e-23 -1.77042e-30   3.5696e-23  3.69844e-30 -4.35936e-23 -7.19043e-30  4.58008e-23  1.30013e-29 -4.02708e-23 -2.18472e-29  2.81688e-23  3.40913e-29 -1.38759e-23 -4.93641e-29  2.62368e-24  6.62836e-29  2.69804e-24 -8.24877e-29 -2.93122e-24  9.51023e-29  1.13114e-24 -1.01556e-28  1.79786e-25  1.00429e-28 -3.91718e-25 -9.19374e-29  1.26209e-25  7.78427e-29  4.10214e-26 -6.08335e-29 -3.78949e-26  4.37094e-29  1.81907e-27 -2.86886e-29  5.80621e-27   1.7035e-29  -1.1006e-27 -9.02786e-30 -6.19864e-28  4.19202e-30  1.60433e-28 -1.66216e-30  5.26132e-29  5.41014e-31 -1.28683e-29 -1.34308e-31 -3.63011e-30  2.06783e-32  5.51287e-31  3.57269e-34  1.74257e-31 -1.27937e-33 -7.84271e-33  3.92693e-34 -4.34861e-33 -6.44532e-35 -1.16541e-34  5.60804e-36  3.52469e-35 -1.43819e-37  1.87319e-36 -1.06005e-38 -2.24308e-38  4.04477e-40
 1.56868e-36  5.25503e-35  8.50462e-36  9.65967e-34 -1.46627e-34  1.16967e-33 -2.19971e-35 -2.15263e-33 -1.36336e-34  2.99098e-33  2.91192e-34 -6.31346e-33 -1.50491e-34  1.73604e-32 -1.81196e-34 -5.84607e-33  2.40444e-34 -5.81492e-34  1.51844e-34   1.2431e-33 -5.02551e-35  -5.4738e-34 -1.16562e-34  1.52877e-33  5.61432e-35  2.63984e-33  4.30741e-35 -3.62499e-32 -1.79335e-35   2.7011e-31 -1.27434e-35 -1.83251e-30  1.33022e-35  1.13039e-29 -6.18586e-36 -6.35581e-29 -5.98488e-36  3.26345e-28 -8.45033e-36 -1.53227e-27  2.25708e-36  6.58449e-27  3.31439e-35 -2.59067e-26 -1.43419e-34  9.33254e-26  5.64985e-34  -3.0767e-25 -2.15186e-33  9.27407e-25  7.62685e-33 -2.55235e-24 -2.51859e-32  6.40082e-24  7.75147e-32 -1.45887e-23 -2.22382e-31  3.01166e-23  5.94663e-31 -5.60648e-23 -1.48184e-30  9.35838e-23  3.43976e-30 -1.39024e-22 -7.43404e-30  1.81955e-22  1.49489e-29 -2.06832e-22 -2.79473e-29  1.99819e-22  4.85336e-29 -1.58154e-22 -7.82181e-29   9.5089e-23  1.16875e-28 -3.43493e-23 -1.61767e-28 -3.94086e-24  2.07241e-28  1.51202e-23 -2.45602e-28 -9.58135e-24  2.69186e-28   1.4904e-24 -2.72898e-28   1.8496e-24  2.56026e-28 -1.25444e-24 -2.22421e-28  6.86361e-26  1.78969e-28  2.44854e-25 -1.33254e-28  -8.0369e-26  9.15152e-29  -2.4829e-26 -5.75984e-29   1.6564e-26  3.28748e-29  1.33075e-27 -1.67613e-29 -2.07154e-27  7.47993e-30  -3.5445e-29 -2.84172e-30   1.7963e-28  8.81766e-31  3.70365e-30 -2.07133e-31 -1.04818e-29  2.98023e-32 -5.98733e-31  5.65803e-34   3.4879e-31 -1.60227e-33  3.53965e-32  4.38128e-34 -4.57994e-33 -6.18774e-35  -6.6921e-34  4.26173e-36   3.3215e-36 -4.51944e-38  2.25245e-36 -6.99791e-39  2.81548e-38
 1.34162e-34  6.43572e-36 -8.70208e-35  9.34044e-36  1.36708e-33 -2.08341e-34  1.00719e-33  1.61724e-35 -1.94056e-33 -7.81377e-35  3.06217e-33  2.60228e-34 -6.26613e-33 -1.81196e-34  1.68772e-32 -2.11304e-34  -5.2477e-33  2.46288e-34 -1.87666e-33  1.73183e-34   1.2675e-33 -4.06104e-35  3.25399e-34 -1.24536e-34 -4.19618e-33   4.1784e-35  5.25561e-32   5.6456e-35 -4.28981e-31 -2.61456e-35    3.057e-30 -2.54819e-35 -1.97745e-29  3.11083e-35  1.16471e-28 -1.00512e-35 -6.25981e-28  -8.5441e-36  3.07477e-27 -3.18479e-36  -1.3818e-26 -2.96919e-35  5.68503e-26  1.86646e-34 -2.14172e-25 -7.91228e-34  7.38636e-25  3.09921e-33 -2.33046e-24 -1.13877e-32  6.71881e-24  3.89731e-32 -1.76705e-23  -1.2429e-31   4.2298e-23   3.6942e-31 -9.18762e-23 -1.02336e-30  1.80391e-22  2.64165e-30 -3.18556e-22 -6.35194e-30  5.02674e-22  1.42198e-29 -7.02667e-22  -2.9617e-29  8.59761e-22  5.73431e-29 -9.04874e-22 -1.03107e-28  7.96702e-22  1.71984e-28 -5.57478e-22 -2.65806e-28  2.73775e-22  3.80183e-28 -4.99584e-23 -5.02648e-28  -5.5692e-23   6.1368e-28  5.95238e-23 -6.91388e-28  -2.2708e-23  7.18643e-28 -3.93254e-24 -6.89473e-28  8.11512e-24  6.11321e-28 -2.57548e-24 -5.01854e-28 -8.80596e-25  3.82183e-28  7.95268e-25 -2.70205e-28 -3.40104e-26  1.77008e-28 -1.24353e-25 -1.06763e-28   2.3096e-26  5.86017e-29  1.35192e-26 -2.87728e-29 -3.44438e-27  1.23501e-29 -1.16664e-27 -4.49578e-30  2.80867e-28  1.32831e-30  8.15015e-29 -2.94327e-31 -1.21494e-29  3.92375e-32 -3.95834e-30    9.119e-34  1.70359e-31 -1.85473e-33   9.9902e-32  4.45266e-34  2.81833e-33 -5.30065e-35 -8.14247e-34  2.73942e-36 -4.44986e-35  9.29922e-39  5.03931e-37 -2.97293e-39
 1.01834e-35  2.59685e-34  1.19744e-35 -4.01507e-34  1.18772e-35  1.78719e-33 -2.45354e-34  5.83805e-34  3.33748e-35  -1.4016e-33 -9.81607e-36  2.29743e-33   2.4322e-34 -5.84607e-33 -2.11304e-34  1.61376e-32 -2.38026e-34 -4.66933e-33  2.53501e-34 -2.64258e-33  1.75982e-34  3.29744e-34 -2.26426e-35  8.36647e-33 -1.31479e-34 -7.50693e-32   3.7638e-35  6.36477e-31  6.26344e-35 -4.78056e-30 -2.89486e-35  3.24526e-29 -4.13816e-35  -2.0034e-28  5.08096e-35  1.12749e-27 -1.13665e-35  -5.7952e-27 -1.80737e-35  2.72403e-26  3.57587e-35 -1.17197e-25 -2.20367e-34  4.61698e-25  1.03127e-33 -1.66546e-24 -4.22536e-33   5.4985e-24  1.60762e-32 -1.65994e-23 -5.70494e-32  4.57578e-23   1.8862e-31 -1.14949e-22 -5.81181e-31  2.62464e-22  1.66896e-30 -5.42849e-22 -4.46622e-30  1.01256e-21  1.11342e-29 -1.69365e-21 -2.58456e-29   2.5213e-21  5.58249e-29 -3.30689e-21 -1.12101e-28  3.76678e-21  2.09066e-28  -3.6459e-21 -3.61679e-28  2.88955e-21  5.79619e-28  -1.7369e-21 -8.59209e-28   6.2263e-22  1.17631e-27  8.08989e-23 -1.48507e-27 -2.84637e-22  1.72654e-27  1.79047e-22  -1.8466e-27 -2.68664e-23  1.81624e-27 -3.56256e-23  -1.6438e-27  2.38922e-23  1.37164e-27 -1.17574e-24 -1.05879e-27 -4.77139e-24  7.59258e-28  1.54866e-24 -5.07566e-28  4.95979e-25  3.16365e-28 -3.26242e-25 -1.82777e-28 -2.76918e-26  9.65863e-29  4.15022e-26 -4.57437e-29  8.32058e-28  1.89091e-29 -3.65553e-27 -6.59738e-30 -8.35404e-29  1.85389e-30  2.16292e-28 -3.86225e-31  1.28229e-29  4.72879e-32 -7.29169e-30  1.39264e-33 -7.57287e-31 -1.98192e-33  9.66461e-32  4.11359e-34  1.44253e-32 -4.02684e-35 -6.01591e-35  1.44542e-36  -4.9005e-35  2.17748e-38  -6.2858e-37
-5.75615e-35  1.89771e-35   3.7635e-34  1.26891e-35 -8.09678e-34   2.0758e-35  2.09526e-33 -2.47236e-34  5.80839e-35  2.59008e-35 -6.42962e-34  5.64406e-35  9.43516e-34  2.40444e-34  -5.2477e-33 -2.38026e-34  1.53244e-32 -2.55596e-34 -4.31461e-33  2.56614e-34 -2.06055e-33  1.63437e-34 -9.67884e-33 -4.38814e-36  1.02461e-31 -1.37255e-34 -8.89971e-31  4.73349e-35  7.02005e-30  6.29386e-35 -5.00557e-29 -2.71404e-35  3.24066e-28 -5.86763e-35  -1.9106e-27  6.93192e-35  1.02795e-26 -3.01436e-36 -5.05492e-26 -6.68084e-35  2.27444e-25  2.63083e-34 -9.36968e-25 -1.25907e-33  3.53472e-24  5.42427e-33 -1.22085e-23  -2.1454e-32  3.85794e-23  7.89474e-32 -1.11411e-22 -2.70719e-31   2.9353e-22  8.65094e-31 -7.03936e-22 -2.57653e-30  1.53204e-21  7.15175e-30 -3.01426e-21 -1.84966e-29  5.33445e-21  4.45538e-29 -8.43653e-21 -9.98882e-29  1.18203e-20  2.08267e-28 -1.44965e-20 -4.03414e-28  1.52915e-20  7.25054e-28 -1.34903e-20  -1.2074e-27  9.45116e-21  1.85988e-27 -4.63428e-21 -2.64535e-27  8.20959e-22   3.4674e-27  9.79809e-22 -4.18008e-27  -1.0353e-21  4.62598e-27  3.92001e-22 -4.69236e-27  7.23818e-23  4.35904e-27 -1.43976e-22 -3.71029e-27  4.52822e-23  2.90068e-27  1.60715e-23 -2.09329e-27 -1.43274e-23  1.40459e-27   5.6559e-25 -8.83012e-28   2.2814e-24  5.22047e-28 -4.19852e-25 -2.88847e-28 -2.52149e-25  1.47234e-28  6.39278e-26 -6.74335e-29  2.20952e-26  2.68951e-29 -5.30033e-27  -8.9981e-30 -1.56505e-27    2.402e-30  2.32384e-28 -4.68934e-31  7.70908e-29   5.2259e-32 -3.26857e-30  1.93302e-33 -1.97278e-30  -1.9488e-33 -5.72422e-32  3.43959e-34  1.62641e-32 -2.68446e-35    9.051e-34  5.91928e-37 -9.99139e-36  1.25985e-38
 2.77864e-37 -1.27914e-34  2.64035e-35  4.62117e-34  4.15304e-36 -1.17765e-33  3.78275e-35  2.22599e-33 -2.19328e-34 -4.21031e-34  1.57545e-36  1.69404e-34   1.1205e-34 -5.81492e-34  2.46288e-34 -4.66933e-33 -2.55596e-34  1.46662e-32 -2.60035e-34 -5.10278e-33  2.53624e-34  9.41986e-33   1.4215e-34  -1.2647e-31  7.27634e-36  1.17071e-30 -1.44759e-34 -9.69927e-30    7.129e-35  7.26725e-29  6.00918e-35  -4.9374e-28 -2.26269e-35  3.05103e-27 -7.41812e-35 -1.71892e-26  7.81425e-35   8.8453e-26   5.0135e-35 -4.16287e-25 -3.26416e-34  1.79336e-24  1.47411e-33 -7.07496e-24 -6.56373e-33  2.55595e-23  2.70225e-32 -8.45201e-23 -1.03227e-31  2.55593e-22  3.67207e-31 -7.05845e-22 -1.21731e-30  1.77657e-21   3.7613e-30 -4.06473e-21 -1.08329e-29  8.42506e-21  2.90774e-29 -1.57506e-20 -7.27131e-29  2.64073e-20  1.69307e-28 -3.94088e-20 -3.66785e-28  5.18184e-20  7.38573e-28 -5.91749e-20 -1.38069e-27  5.74162e-20  2.39273e-27 -4.56004e-20 -3.83756e-27  2.74351e-20  5.68515e-27 -9.78531e-21 -7.76268e-27 -1.39491e-21  9.74608e-27  4.62195e-21 -1.12227e-26 -2.89589e-21  1.18225e-26  4.23591e-22 -1.13673e-26  5.90963e-22  9.95979e-27 -3.94125e-22  -7.9509e-27  1.80264e-23  5.79723e-27  8.02691e-23 -3.88547e-27 -2.59602e-23  2.42036e-27 -8.50645e-24 -1.42062e-27  5.57486e-24  7.93479e-28  4.86545e-25  -4.2059e-28 -7.20779e-25  2.07481e-28 -1.52463e-26 -9.22464e-29  6.44838e-26  3.55885e-29  1.51818e-27 -1.14249e-29 -3.87443e-27  2.89369e-30 -2.32904e-28 -5.27607e-31  1.32677e-28  5.30428e-32  1.39313e-29  2.39597e-33 -1.78428e-30 -1.75455e-33 -2.69341e-31  2.58417e-34  1.06172e-33  -1.5433e-35  9.28239e-34  1.66592e-37  1.20836e-35
 8.50133e-35  2.99615e-36 -2.06304e-34  3.35839e-35  4.85607e-34 -1.30991e-35 -1.40908e-33   6.0222e-35  2.19965e-33 -1.77919e-34 -7.45809e-34 -2.62924e-35  8.46684e-34  1.51844e-34 -1.87666e-33  2.53501e-34 -4.31461e-33 -2.60035e-34  1.51449e-32 -2.52103e-34 -1.76535e-32  2.45838e-34  1.45655e-31  1.20802e-34 -1.44337e-30  8.78195e-36   1.2619e-29 -1.57115e-34 -9.94388e-29  1.06508e-34  7.09466e-28  5.75508e-35 -4.59773e-27 -1.88623e-35  2.71363e-26 -7.95503e-35  -1.4617e-25  4.08189e-35   7.1969e-25  3.28312e-34 -3.24256e-24 -1.66147e-33  1.33771e-23  7.52707e-33 -5.05425e-23 -3.21235e-32  1.74854e-22  1.27441e-31  -5.5351e-22 -4.70463e-31  1.60142e-21  1.61818e-30 -4.22751e-21 -5.18803e-30  1.01596e-20  1.55064e-29 -2.21603e-20 -4.32045e-29  4.37022e-20  1.12188e-28 -7.75325e-20 -2.71369e-28  1.22937e-19  6.11055e-28 -1.72708e-19 -1.27972e-27  2.12398e-19  2.48988e-27 -2.24672e-19 -4.49437e-27  1.98736e-19  7.51407e-27 -1.39533e-19 -1.16134e-26  6.84274e-20  1.65562e-26 -1.18564e-20 -2.17154e-26  -1.4937e-20  2.61302e-26  1.56798e-20 -2.87558e-26 -5.91781e-21   2.8845e-26 -1.14145e-21 -2.62876e-26  2.22401e-21  2.17046e-26 -6.97758e-22 -1.62135e-26 -2.53541e-22  1.09757e-26  2.25303e-22  -6.7815e-27 -8.62914e-24  3.88278e-27 -3.64514e-23 -2.10692e-27  6.72931e-24  1.10584e-27  4.08815e-24 -5.62254e-28 -1.04333e-24  2.69902e-28 -3.63398e-25 -1.17138e-28  8.79904e-26  4.38596e-29  2.61289e-26 -1.35212e-29 -3.92569e-27  3.24505e-30 -1.30851e-27 -5.50734e-31  5.64211e-29  4.95261e-32  3.40663e-29  2.63499e-33  9.91409e-31 -1.43658e-33  -2.8565e-31  1.72483e-34 -1.60233e-32  -7.4267e-36  1.77893e-34  2.19342e-38
-2.94559e-37  1.72073e-34  8.33253e-36 -2.71052e-34  4.20168e-35  4.10082e-34 -3.32028e-35 -1.48392e-33  8.17725e-35  2.08843e-33 -1.40603e-34 -8.66611e-34 -4.56761e-35   1.2431e-33  1.73183e-34 -2.64258e-33  2.56614e-34 -5.10278e-33 -2.52103e-34  2.77558e-32 -2.36993e-34 -1.66895e-31  2.36475e-34  1.67435e-30  1.07634e-34 -1.54667e-29  3.24876e-37  1.28359e-28 -1.75211e-34 -9.62509e-28  1.47061e-34  6.54577e-27  5.91963e-35 -4.04935e-26  -2.4245e-35  2.28405e-25 -4.00376e-35 -1.17683e-24 -2.21442e-34  5.54605e-24  1.71852e-33 -2.39272e-23 -8.17971e-33  9.45419e-23  3.60847e-32 -3.42118e-22 -1.48525e-31  1.13333e-21  5.69096e-31 -3.43375e-21 -2.03121e-30  9.50178e-21  6.75757e-30 -2.39668e-20 -2.09612e-29  5.49604e-20  6.06254e-29 -1.14193e-19 -1.63472e-28   2.1403e-19  4.10798e-28  -3.5981e-19 -9.61535e-28  5.38483e-19  2.09465e-27 -7.10143e-19 -4.24254e-27  8.13432e-19  7.97916e-27 -7.91677e-19 -1.39135e-26  6.30581e-19  2.24527e-26   -3.802e-19 -3.34592e-26  1.35327e-19  4.59283e-26  2.05833e-20 -5.79027e-26 -6.56773e-20  6.68221e-26  4.11344e-20 -7.03237e-26 -5.93944e-21  6.72086e-26 -8.56505e-21 -5.80705e-26    5.714e-21  4.51656e-26 -2.54243e-22 -3.15169e-26 -1.18274e-21  1.97248e-26   3.8428e-22 -1.11426e-26  1.27072e-22  5.78934e-27 -8.38765e-23 -2.86374e-27 -7.32325e-24  1.40158e-27  1.10107e-23 -6.85697e-28   2.2346e-25   3.2325e-28 -1.00059e-24 -1.38056e-28 -2.25584e-26  5.03795e-29   6.1134e-26 -1.49269e-29  3.63753e-27  3.38976e-30 -2.13228e-27 -5.33765e-31 -2.23615e-28   4.2612e-32  2.92739e-29  2.56384e-33  4.41878e-30 -1.06001e-33 -1.90309e-32  1.00467e-34 -1.55346e-32 -2.82494e-36 -2.03114e-34
-7.47476e-36 -9.46568e-37  2.53807e-34  1.45237e-35 -2.94587e-34  5.12957e-35  2.19276e-34 -4.82301e-35  -1.4446e-33   9.6104e-35   1.9742e-33 -1.18201e-34 -7.94156e-34 -5.02551e-35   1.2675e-33  1.75982e-34 -2.06055e-33  2.53624e-34 -1.76535e-32 -2.36993e-34  1.81335e-31 -2.21735e-34 -1.83812e-30  2.28958e-34  1.78776e-29  1.07858e-34 -1.56424e-28  -1.5124e-35  1.23395e-27 -1.96739e-34 -8.81283e-27  1.84722e-34  5.71751e-26  7.16932e-35 -3.37855e-25 -7.09046e-35  1.82219e-24  2.10965e-34 -8.98422e-24 -1.56745e-33   4.0538e-23   8.3467e-33 -1.67503e-22 -3.82897e-32  6.33947e-22  1.63446e-31 -2.19714e-21 -6.49868e-31  6.96859e-21  2.40703e-30 -2.02031e-20 -8.30953e-30  5.34506e-20  2.67484e-29 -1.28753e-19 -8.03015e-29  2.81538e-19  2.24823e-28 -5.56683e-19 -5.86874e-28  9.90379e-19  1.42772e-27   -1.575e-18 -3.23482e-27  2.21953e-18  6.81989e-27 -2.73847e-18 -1.33638e-26  2.90645e-18  2.43053e-26 -2.57965e-18 -4.09592e-26  1.81692e-18  6.38272e-26 -8.92766e-19 -9.17544e-26  1.52682e-19  1.21337e-25   1.9984e-19 -1.47124e-25 -2.09443e-19  1.62942e-25  7.91611e-20 -1.64103e-25  1.56297e-20  1.49525e-25 -3.02957e-20 -1.22553e-25  9.54909e-21  8.97952e-26  3.50129e-21 -5.84664e-26 -3.13271e-21  3.36998e-26   1.2347e-22 -1.72486e-26  5.13739e-22  7.99722e-27 -9.63941e-23 -3.52968e-27 -5.83502e-23  1.59135e-27   1.5172e-23 -7.54413e-28  5.25616e-24  3.54846e-28 -1.30219e-24 -1.50905e-28 -3.84045e-25  5.39474e-29  5.93547e-26 -1.53745e-29   1.9605e-26  3.29883e-30 -8.88054e-28 -4.80519e-31 -5.21172e-28  3.38496e-32 -1.47961e-29   2.2009e-33  4.46901e-30 -6.96133e-34  2.50081e-31  4.95621e-35 -2.88425e-33 -7.35554e-37
 9.03888e-37 -3.79004e-36 -2.09826e-36  3.10446e-34  1.88235e-35 -2.54997e-34  5.89042e-35 -6.08506e-35 -5.22953e-35 -1.36392e-33  9.93004e-35  1.91538e-33 -1.12038e-34  -5.4738e-34 -4.06104e-35  3.29744e-34  1.63437e-34  9.41986e-33  2.45838e-34 -1.66895e-31 -2.21735e-34   1.9027e-30  -2.1217e-34 -1.95053e-29  2.25655e-34   1.8008e-28  1.22187e-34 -1.49593e-27 -3.35827e-35  1.12291e-26 -2.16624e-34 -7.64515e-26   2.0784e-34  4.73513e-25  1.20013e-34 -2.67433e-24 -3.06275e-34  1.37983e-23   1.4574e-33 -6.51245e-23 -7.90809e-33  2.81416e-22   3.8316e-32 -1.11384e-21 -1.69816e-31  4.03807e-21  7.00631e-31 -1.34031e-20 -2.69272e-30  4.06938e-20   9.6455e-30 -1.12859e-19  -3.2218e-29   2.8535e-19   1.0038e-28 -6.56026e-19 -2.91748e-28  1.36675e-18  7.90925e-28 -2.56904e-18 -1.99934e-27  4.33205e-18  4.71013e-27 -6.50422e-18 -1.03334e-26  8.60696e-18  2.10906e-26 -9.89418e-18 -3.99966e-26  9.66545e-18  7.03692e-26 -7.72769e-18 -1.14648e-25  4.67558e-18   1.7259e-25 -1.66623e-18 -2.39443e-25 -2.63436e-19  3.05199e-25  8.25961e-19 -3.56104e-25 -5.19062e-19  3.78717e-25  7.50474e-20 -3.65243e-25  1.09685e-19  3.17507e-25 -7.36491e-20 -2.47017e-25  3.36397e-21  1.70562e-25  1.54372e-20 -1.03557e-25 -5.08244e-21  5.47916e-26 -1.67154e-21 -2.51598e-26  1.12399e-21  1.01755e-26  9.53151e-23 -3.86601e-27 -1.49649e-22  1.56995e-27 -2.59344e-24  -7.3329e-28  1.38145e-23  3.54419e-28  2.72358e-25  -1.5274e-28 -8.59469e-25  5.38265e-29 -4.92895e-26 -1.47664e-29  3.06201e-26  2.98958e-30  3.16584e-27 -4.01803e-31 -4.31902e-28  2.48717e-32 -6.44153e-29  1.65939e-33  3.41984e-31 -3.99527e-34  2.32404e-31  1.95623e-35  3.01894e-33
 9.44868e-36   2.2651e-36  8.29755e-36 -4.09709e-36  3.34222e-34  1.94524e-35 -1.52119e-34   6.1677e-35 -3.64644e-34 -4.37943e-35 -1.31454e-33  9.11132e-35  1.90308e-33 -1.16562e-34  3.25399e-34 -2.26426e-35 -9.67884e-33   1.4215e-34  1.45655e-31  2.36475e-34 -1.83812e-30  -2.1217e-34  2.00861e-29 -2.10953e-34 -1.95934e-28  2.27357e-34  1.71583e-27  1.47053e-34 -1.35494e-26 -5.20393e-35  9.68783e-26 -2.26941e-34 -6.29279e-25  1.90156e-34  3.72335e-24  3.22809e-34 -2.01098e-23  -1.4064e-33  9.92996e-23  7.19693e-33 -4.48779e-22 -3.60467e-32  1.85758e-21  1.66547e-31 -7.04343e-21 -7.13191e-31  2.44598e-20  2.84412e-30 -7.77438e-20   -1.057e-29  2.25906e-19  3.66305e-29 -5.99124e-19 -1.18421e-28  1.44693e-18  3.57217e-28  -3.1727e-18 -1.00543e-27  6.29188e-18  2.64004e-27 -1.12289e-17 -6.46443e-27  1.79169e-17  1.47517e-26 -2.53386e-17 -3.13456e-26  3.13807e-17   6.1953e-26 -3.34379e-17 -1.13738e-25  2.98016e-17  1.93638e-25 -2.10794e-17 -3.05105e-25  1.03984e-17  4.43863e-25 -1.77377e-18 -5.94516e-25 -2.36992e-18  7.30697e-25  2.49254e-18 -8.20796e-25 -9.48169e-19  8.38655e-25 -1.87669e-19 -7.74969e-25  3.67638e-19  6.43137e-25 -1.17294e-19 -4.75243e-25 -4.27363e-20  3.09388e-25  3.89104e-20 -1.75116e-25  -1.6729e-21  8.48082e-26 -6.45135e-21 -3.45621e-26   1.2471e-21  1.18025e-26  7.40421e-22 -3.59993e-27 -1.98636e-22    1.248e-27 -6.75114e-23 -6.01893e-28  1.73591e-23   3.1804e-28  5.01797e-24 -1.42738e-28 -8.11457e-25   4.9963e-29 -2.61875e-25 -1.32064e-29  1.28545e-26  2.52052e-30  7.13636e-27 -3.11893e-31  1.91323e-28  1.69198e-32 -6.29272e-29  1.09054e-33 -3.47539e-30 -1.94578e-34  4.30034e-32  5.35772e-36
-3.38727e-37  1.42212e-35  3.87825e-36  1.75985e-35 -7.13042e-36  3.33644e-34  1.66852e-35 -1.34066e-35  5.75369e-35 -6.10659e-34 -2.51553e-35 -1.33067e-33  7.48123e-35  1.52877e-33 -1.24536e-34  8.36647e-33 -4.38814e-36  -1.2647e-31  1.20802e-34  1.67435e-30  2.28958e-34 -1.95053e-29 -2.10953e-34  2.01524e-28 -2.17104e-34 -1.86274e-27   2.3334e-34  1.54898e-26  1.76418e-34 -1.16405e-25 -7.10288e-35  7.93486e-25 -2.09438e-34 -4.92102e-24  3.37871e-35  2.78325e-23  1.22531e-33 -1.43822e-22  -6.3244e-33  6.79911e-22  3.21529e-32 -2.94318e-21 -1.54081e-31  1.16711e-20  6.85571e-31  -4.2397e-20 -2.83692e-30  1.41028e-19  1.09379e-29 -4.29171e-19 -3.93213e-29   1.1932e-18  1.31874e-28 -3.02483e-18 -4.12742e-28  6.97377e-18  1.20572e-27 -1.45728e-17 -3.28729e-27  2.74802e-17  8.36246e-27 -4.64977e-17 -1.98393e-26  7.00681e-17  4.38644e-26 -9.30824e-17 -9.02989e-26  1.07448e-16  1.72871e-25 -1.05429e-16 -3.07322e-25  8.46885e-17  5.06435e-25 -5.14929e-17 -7.71941e-25  1.84387e-17   1.0856e-24  2.95241e-18 -1.40429e-24 -9.27609e-18  1.66486e-24  5.87249e-18 -1.80113e-24 -8.63387e-19  1.76883e-24 -1.25216e-18 -1.56682e-24  8.51755e-19  1.24194e-24 -4.21349e-20 -8.72121e-25 -1.80082e-19  5.35524e-25   6.0624e-20 -2.82529e-25  1.95245e-20  1.24927e-25 -1.35393e-20 -4.46386e-26 -1.07747e-21  1.22354e-26   1.8261e-21 -2.50561e-27  2.21025e-23  5.91496e-28 -1.71249e-22 -3.66188e-28 -2.55295e-24  2.50361e-28  1.08641e-23 -1.22508e-28  5.81818e-25  4.30077e-29  -3.9652e-25 -1.09717e-29 -3.98512e-26  1.97383e-30  5.78296e-27 -2.24418e-31  8.41814e-28  1.06377e-32  -5.9046e-30  6.16785e-34 -3.13706e-30 -7.60954e-35 -4.00137e-32
