 5.33433e-36  1.93201e-50 -3.93666e-36  1.16105e-48 -9.08008e-37  7.67551e-48 -6.00108e-36   -2.456e-46  3.74943e-36  9.13383e-46 -3.60668e-36 -2.86893e-45  4.15269e-35  -5.1182e-45 -4.35006e-34 -1.13371e-44  3.99333e-33  -3.8084e-44 -3.15756e-32  2.83395e-43  2.15853e-31 -5.03817e-43 -1.28615e-30  7.97286e-43  6.72407e-30  4.11148e-42 -3.09998e-29 -2.96253e-41  1.26492e-28   1.5307e-40 -4.57953e-28 -6.75897e-40  1.47316e-27  2.70027e-39 -4.21222e-27 -9.78967e-39  1.06982e-26  3.23939e-38 -2.40906e-26 -9.80296e-38   4.7944e-26  2.72111e-37 -8.39145e-26 -6.95071e-37  1.28238e-25  1.64053e-36 -1.69293e-25 -3.59725e-36  1.89952e-25  7.38049e-36 -1.76385e-25  -1.4294e-35  1.28963e-25  2.63858e-35 -6.58257e-26 -4.68242e-35  1.30334e-26  8.02788e-35  1.26585e-26  -1.3289e-34 -1.35129e-26  2.11092e-34  4.44002e-27 -3.18663e-34  1.68789e-27  4.52302e-34 -2.06415e-27 -5.97705e-34  3.57986e-28  7.29324e-34  4.09201e-28 -8.16243e-34 -1.95937e-28  8.33255e-34 -4.97533e-29 -7.72133e-34  4.88287e-29   6.4652e-34  4.18313e-30 -4.86912e-34 -9.22614e-30  3.28222e-34 -2.70274e-31 -1.96952e-34  1.34654e-30  1.04529e-34   1.1124e-31 -4.86695e-35 -1.84436e-31  1.96464e-35 -1.67088e-32 -6.73605e-36  1.27019e-32  1.87757e-36  4.79432e-33 -3.75683e-37 -1.06182e-33  2.44355e-38 -3.02865e-34  1.91557e-38  -1.7384e-35 -1.02094e-38  1.98915e-35  2.88189e-39  3.15216e-36 -5.35695e-40 -3.50831e-37  8.32827e-41 -1.20329e-37 -2.15917e-41 -9.84455e-39  7.49745e-42   9.4342e-40 -1.85749e-42  3.13549e-40  2.86224e-43  1.51725e-41 -2.63893e-44 -1.23551e-42  1.45104e-45 -7.75777e-44 -7.73018e-47 -2.15047e-45  6.37103e-48 -1.05696e-46 -1.99876e-49
 1.93201e-50   1.6669e-35  2.46628e-49 -6.04216e-36  8.69614e-48 -7.83604e-36  1.40784e-46 -1.22117e-35 -2.88928e-45  2.41915e-35  8.87434e-45 -1.53608e-34 -2.48494e-44  1.80078e-33 -4.93794e-44 -1.81282e-32 -1.12368e-43  1.55154e-31 -2.39917e-43 -1.14184e-30  1.49444e-42  7.29547e-30  -3.0292e-45 -4.07763e-29 -1.43384e-41  2.00534e-28  1.30429e-40 -8.71508e-28 -7.06744e-40  3.35728e-27  3.31181e-39 -1.14864e-26 -1.38605e-38  3.49343e-26  5.26325e-38 -9.44366e-26 -1.81716e-37  2.26628e-25  5.72002e-37 -4.81619e-25 -1.64417e-36  9.02792e-25  4.32322e-36 -1.48386e-24 -1.04193e-35  2.12004e-24  2.30788e-35   -2.599e-24 -4.71724e-35  2.67877e-24  8.95306e-35 -2.24105e-24 -1.59257e-34   1.4151e-24  2.68884e-34 -5.40888e-25 -4.37272e-34 -4.29233e-26  6.93815e-34  2.21419e-25 -1.08023e-33 -1.35846e-25  1.64281e-33  1.05585e-26 -2.40902e-33  3.50449e-26  3.35151e-33 -1.81658e-26 -4.35785e-33  -2.6615e-27  5.23303e-33  5.32694e-27 -5.75202e-33 -6.73797e-28  5.74858e-33 -1.03252e-27 -5.19546e-33  2.80511e-28   4.2258e-33  1.68687e-28 -3.07861e-33 -5.90805e-29  1.99896e-33 -2.53345e-29 -1.15055e-33  8.03924e-30  5.83437e-34  3.90391e-30 -2.58726e-34 -8.21064e-31  9.92816e-35  -4.4807e-31 -3.23522e-35  1.20217e-32  8.57616e-36  4.86147e-32 -1.62567e-36  2.66305e-33  9.14675e-38 -2.14609e-33  7.99145e-38 -6.09717e-34 -3.79342e-38  3.78527e-35  8.79328e-39  2.96173e-35  -9.6457e-40  2.53473e-36  9.20176e-42  -3.8113e-37 -2.28925e-41 -1.11034e-37  1.98436e-41 -7.39769e-39 -6.00917e-42  8.24519e-40  1.02473e-42  1.22537e-40 -1.12492e-43  3.30108e-42   8.6106e-45 -3.29669e-44 -4.94499e-46 -8.32893e-45  1.85271e-47 -2.26656e-46
-3.93666e-36  2.46628e-49  3.72344e-35  1.57631e-48  -9.5058e-36 -2.54561e-47 -1.56776e-35  1.55128e-45   -4.152e-35 -2.26863e-44  4.07965e-34  5.77487e-44  -5.0261e-33 -1.48144e-43  5.53802e-32 -2.96225e-43 -5.14786e-31 -8.71288e-43  4.08865e-30 -8.37616e-44 -2.80639e-29 -1.20872e-42  1.67927e-28  5.49863e-41 -8.81858e-28 -3.84484e-40  4.08475e-27  2.26043e-39 -1.67502e-26 -1.11476e-38  6.09605e-26   4.9234e-38 -1.97186e-25 -1.96449e-37  5.67125e-25  7.12057e-37 -1.44936e-24 -2.34842e-36  3.28537e-24  7.05847e-36 -6.58479e-24  -1.9352e-35  1.16131e-23  4.84354e-35 -1.78944e-23  -1.1075e-34   2.3839e-23  2.31594e-34  -2.7023e-23 -4.43789e-34  2.53947e-23  7.82306e-34 -1.88508e-23 -1.27793e-33    9.852e-24  1.95928e-33 -2.13071e-24  -2.8744e-33 -1.77016e-24  4.13161e-33   2.0179e-24 -5.93189e-33 -7.10775e-25  8.53833e-33 -2.28549e-25 -1.21385e-32   3.1527e-25  1.66239e-32 -6.38547e-26 -2.14101e-32 -6.01542e-26  2.54665e-32   3.2002e-26 -2.76384e-32  6.68814e-27  2.71477e-32  -7.8914e-27 -2.39923e-32 -3.79863e-28  1.89834e-32  1.47482e-27 -1.33834e-32  3.26382e-30  8.36545e-33 -2.26024e-28 -4.61139e-33 -7.49733e-30  2.22901e-33  2.93071e-29  -9.3878e-34  2.74082e-30  3.41594e-34 -2.63107e-30 -1.05679e-34 -6.16727e-31  2.66595e-35  1.65263e-31 -4.77103e-36  5.85366e-32  1.95773e-37 -7.82666e-35  2.50457e-37 -3.53292e-33 -1.04773e-37 -4.63613e-34  1.93418e-38  6.69454e-35 -2.94136e-40  2.24867e-35  -5.6873e-40  1.53403e-36  2.96732e-41 -2.58904e-37   4.3679e-41 -5.33263e-38 -1.53671e-41 -1.98454e-39  2.79458e-42  1.81529e-40 -3.30505e-43  1.79347e-41  2.58313e-44  6.94348e-43 -1.20526e-45  3.93833e-46  2.21042e-47
 1.16105e-48 -6.04216e-36  1.57631e-48   7.0158e-35  1.81083e-48 -2.71981e-35 -1.13125e-45  2.02657e-35  1.23171e-44  -7.5497e-34 -1.37909e-43  1.08549e-32  2.94797e-43  -1.3125e-31 -7.21478e-43  1.32958e-30 -1.15839e-42 -1.14287e-29 -6.64908e-42  8.44518e-29  1.71979e-41 -5.41876e-28  -1.2554e-40  3.04224e-27  9.63366e-40  -1.5032e-26 -5.66212e-39  6.56524e-26  2.96601e-38 -2.54236e-25 -1.38093e-37  8.74643e-25  5.80883e-37 -2.67571e-24 -2.21584e-36  7.27808e-24  7.68579e-36 -1.75814e-23 -2.42721e-35  3.76267e-23  6.98547e-35 -7.10654e-23 -1.83285e-34  1.17762e-22  4.38436e-34 -1.69757e-22 -9.55882e-34  2.10181e-22   1.8986e-33 -2.19102e-22 -3.43483e-33  1.85829e-22  5.66462e-33  -1.1956e-22 -8.54418e-33  4.74321e-23  1.18901e-32  2.17782e-24 -1.55512e-32 -1.84171e-23  1.97403e-32  1.19109e-23 -2.53302e-32 -1.26082e-24  3.37603e-32 -2.93928e-24 -4.63043e-32  1.65438e-24  6.28797e-32  1.75346e-25  -8.1119e-32 -4.71515e-25  9.65667e-32  7.55282e-26 -1.04298e-31  8.95888e-26   1.0124e-31  -2.8499e-26 -8.77958e-32 -1.43052e-26  6.77026e-32  5.90154e-27 -4.62136e-32  2.18221e-27  2.77878e-32 -8.51806e-28 -1.46424e-32 -3.32897e-28  6.72678e-33  8.55641e-29 -2.68162e-33  4.33062e-29  9.23058e-34 -3.60176e-30 -2.71403e-34 -4.41846e-30   6.5586e-35 -2.29047e-31  -1.1184e-35  2.49004e-31   2.6722e-37  5.34131e-32  6.55512e-37 -5.41381e-33 -2.45801e-37 -2.94465e-33  3.59728e-38 -2.26486e-34  3.07466e-39  4.89735e-35 -1.98039e-39  1.16978e-35  1.01108e-40   5.2649e-37  1.06632e-40 -9.52797e-38 -3.65607e-41 -1.22468e-38  6.57535e-42 -4.17926e-40 -7.52089e-43   1.2073e-41  5.15078e-44  1.33391e-42 -1.68721e-45  1.44745e-44
-9.08008e-37  8.69614e-48  -9.5058e-36  1.81083e-48  1.25909e-34 -6.91698e-47 -1.22012e-34 -1.29038e-44  1.13016e-33   7.6527e-44 -1.90207e-32 -6.92565e-43   2.5526e-31  1.28464e-42 -2.83005e-30 -3.24763e-42  2.64122e-29 -9.21751e-43  -2.1063e-28 -5.68994e-41  1.45189e-27  2.83465e-40 -8.72666e-27  -1.9028e-39  4.60435e-26  1.19988e-38 -2.14332e-25 -6.56246e-38  8.83513e-25  3.23051e-37 -3.23325e-24 -1.43305e-36  1.05197e-23  5.76174e-36 -3.04433e-23 -2.10473e-35  7.83142e-23  6.99784e-35 -1.78768e-22 -2.11981e-34  3.60995e-22  5.85365e-34  -6.4182e-22 -1.47347e-33  9.97674e-22  3.37911e-33 -1.34201e-21 -7.05242e-33  1.53789e-21  1.33736e-32 -1.46375e-21 -2.29954e-32  1.10426e-21  3.57742e-32 -5.91739e-22 -5.02817e-32  1.39564e-22  6.39504e-32  9.80119e-23 -7.43378e-32 -1.20619e-22  8.13209e-32  4.56508e-23 -8.89435e-32  1.20343e-23  1.04992e-31 -1.92637e-23 -1.37213e-31  4.52091e-24  1.87466e-31  3.50772e-24 -2.47509e-31 -2.09512e-24  3.00193e-31 -3.40853e-25 -3.26667e-31  5.08918e-25   3.1582e-31  5.21325e-27 -2.70003e-31 -9.47971e-26  2.03412e-31   3.1523e-27 -1.34523e-31  1.48313e-26  7.77403e-32   -8.673e-29 -3.90615e-32 -1.94808e-27  1.69899e-32 -1.29969e-28 -6.38307e-33  1.92036e-28   2.0738e-33  3.44368e-29 -5.82149e-34 -1.21462e-29  1.36902e-34 -4.01762e-30 -2.28759e-35  1.69521e-31  2.71734e-37  2.51657e-31  1.46358e-36  2.75478e-32 -5.05185e-37  -5.6161e-33   5.8768e-38 -1.63821e-33  1.06186e-38 -8.06239e-35 -3.96601e-39  2.28057e-35 -8.23446e-41  3.71411e-36  2.86288e-40  1.16638e-37 -8.24839e-41 -1.53306e-38  1.35351e-41 -1.57082e-39 -1.36266e-42 -4.28357e-41  7.30692e-44  4.12963e-43 -1.33736e-45
 7.67551e-48 -7.83604e-36 -2.54561e-47 -2.71981e-35 -6.91698e-47  2.68548e-34 -8.20943e-46 -1.61496e-33 -9.72897e-44  2.79967e-32  3.91362e-43 -4.19365e-31 -2.99902e-42  5.11606e-30   5.2326e-42 -5.20355e-29 -1.61409e-41  4.49097e-28  4.10806e-41 -3.33271e-27 -5.42326e-40  2.14799e-26  3.37081e-39 -1.21163e-25 -2.15103e-38  6.01652e-25  1.25053e-37  -2.6415e-24 -6.48583e-37  1.02857e-23  3.03748e-36 -3.55927e-23 -1.28763e-35   1.0956e-22  4.95661e-35 -2.99968e-22 -1.73595e-34  7.29687e-22  5.53919e-34 -1.57331e-21 -1.61155e-33  2.99536e-21  4.27597e-33 -5.00672e-21 -1.03437e-32  7.28592e-21  2.27906e-32 -9.11637e-21  -4.5663e-32  9.61861e-21   8.2992e-32 -8.27775e-21  -1.3636e-31  5.43279e-21  2.01621e-31 -2.24033e-21 -2.66743e-31 -2.54623e-23  3.13749e-31  8.19712e-22 -3.26683e-31 -5.61564e-22  3.03513e-31  7.63099e-23 -2.64787e-31  1.31538e-22  2.50201e-31 -8.09794e-23 -2.99896e-31 -5.20467e-24  4.28549e-31  2.23632e-23 -6.08999e-31 -4.42742e-24  7.79292e-31 -4.13568e-24 -8.72175e-31  1.54305e-24  8.49633e-31  6.42474e-25 -7.20639e-31 -3.17458e-25  5.32043e-31  -9.7819e-26 -3.41171e-31  4.72769e-26  1.89261e-31  1.52642e-26 -9.03859e-32 -4.98766e-27  3.70273e-32 -2.13149e-27 -1.30331e-32  2.81373e-28   3.9886e-33  2.25804e-28 -1.08032e-33  6.25217e-30  2.54554e-34 -1.44599e-29 -4.37713e-35 -2.50434e-30  5.97458e-37  3.80742e-31  2.79144e-36  1.60123e-31 -9.04502e-37  9.49898e-33  8.01167e-38 -3.23516e-33  2.26454e-38 -6.36657e-34 -4.76325e-39 -1.87509e-35 -1.25221e-39  6.04741e-36  7.32481e-40  7.06207e-37 -1.70282e-40  2.00979e-38   2.3976e-41 -1.20771e-39  -1.9645e-42 -7.72696e-41  7.28775e-44 -6.54695e-43
-6.00108e-36  1.40784e-46 -1.56776e-35 -1.13125e-45 -1.22012e-34 -8.20943e-46  1.92893e-33 -5.60318e-45  -3.5349e-32 -5.66819e-43  5.92173e-31  1.71655e-42 -7.99665e-30 -1.17208e-41  8.90284e-29  2.31622e-41 -8.34255e-28 -1.05924e-40  6.68131e-27  6.06371e-40 -4.62613e-26 -5.25071e-39  2.79369e-25  3.41461e-38 -1.48133e-24 -2.07642e-37  6.93176e-24  1.14039e-36 -2.87319e-23 -5.63521e-36   1.0576e-22   2.5198e-35 -3.46229e-22 -1.02226e-34  1.00853e-21  3.77166e-34  -2.6125e-21 -1.26765e-33  6.00787e-21  3.88544e-33 -1.22286e-20 -1.08667e-32  2.19281e-20  2.77321e-32 -3.44045e-20  -6.4543e-32  4.67556e-20  1.36826e-31 -5.42029e-20 -2.63675e-31  5.22933e-20  4.60521e-31 -4.01328e-20 -7.25821e-31  2.20802e-20  1.02593e-30 -5.66819e-21 -1.28893e-30  -3.3151e-21  1.42048e-30  4.46601e-21 -1.34632e-30 -1.82021e-21  1.06612e-30 -3.75919e-22 -6.84226e-31  7.28469e-22  3.83675e-31 -1.96941e-22 -3.41109e-31 -1.25147e-22  6.24883e-31  8.50017e-23 -1.14245e-30  9.82183e-24  1.67884e-30 -2.02881e-23 -2.00786e-30  6.10023e-25  2.00662e-30  3.76622e-24  -1.7033e-30 -2.78006e-25  1.23726e-30 -5.97563e-25 -7.70028e-31   2.7765e-26  4.09406e-31  8.06618e-26 -1.85035e-31  2.49759e-27  7.08773e-32  -8.4384e-27 -2.31789e-32 -1.17324e-27  6.67438e-33  5.74739e-28 -1.78183e-33  1.63086e-28  4.40381e-34 -1.38074e-29 -8.25573e-35 -1.11375e-29    2.781e-36 -9.61156e-31  4.48906e-36   2.9447e-31 -1.37014e-36  7.21021e-32  7.30928e-38  2.11326e-33    3.622e-38 -1.18243e-33  1.04963e-40 -1.63792e-34 -4.75686e-39 -3.56764e-36  1.64727e-39  8.72886e-37 -3.10003e-40  7.53261e-38  3.57867e-41  1.50474e-39 -2.20965e-42 -2.61662e-41  4.54309e-44
  -2.456e-46 -1.22117e-35  1.55128e-45  2.02657e-35 -1.29038e-44 -1.61496e-33 -5.60318e-45  3.83023e-32 -2.70207e-44 -7.26076e-31 -2.73208e-42  1.09286e-29  6.80963e-42 -1.33864e-28 -4.48453e-41  1.36708e-27   1.3318e-40  -1.1849e-26 -8.80652e-40  8.83248e-26   6.4109e-39 -5.71956e-25 -4.81214e-38  3.24232e-24  3.06695e-37 -1.61846e-23 -1.77603e-36  7.14504e-23  9.27551e-36 -2.79845e-22 -4.37504e-35  9.74358e-22  1.87086e-34 -3.01884e-21 -7.27115e-34  8.32281e-21  2.57358e-33 -2.03954e-20 -8.30718e-33  4.43233e-20   2.4476e-32 -8.51023e-20 -6.58504e-32  1.43557e-19  1.61747e-31 -2.11014e-19 -3.62457e-31  2.66993e-19  7.39948e-31 -2.85332e-19 -1.37309e-30  2.49387e-19  2.30834e-30 -1.67155e-19 -3.49856e-30  7.17419e-20  4.74617e-30 -1.72825e-21 -5.70004e-30 -2.45537e-20  5.95251e-30  1.79171e-20 -5.23312e-30 -3.00804e-21  3.61339e-30 -3.94623e-21 -1.58223e-30  2.68062e-21 -1.09148e-31  5.68973e-23  7.94254e-31 -7.14499e-22 -2.41718e-31  1.71881e-22 -1.21451e-30  1.27545e-22  2.85886e-30 -5.61661e-23 -3.97782e-30 -1.90539e-23   4.2023e-30  1.15094e-23 -3.61396e-30  2.86215e-24  2.59592e-30  -1.7572e-24 -1.56988e-30 -4.61969e-25  7.98365e-31  1.95891e-25 -3.39538e-31  6.90863e-26  1.20375e-31 -1.30847e-26  -3.6131e-32 -7.83534e-27  9.80579e-33  4.58706e-29 -2.68735e-33  5.53694e-28   7.3882e-34    7.713e-29 -1.56989e-34 -1.74025e-29  1.04925e-35 -5.85728e-30  5.78286e-36 -2.17487e-31 -1.62146e-36  1.39732e-31 -1.81884e-38     2.31e-32  4.04219e-38  2.96053e-34  1.89938e-38 -2.64701e-34 -1.24302e-38 -2.70229e-35  3.18173e-39 -5.20875e-37 -4.85581e-40  6.10133e-38  4.40074e-41  3.03452e-39 -1.84581e-42  2.33831e-41
 3.74943e-36 -2.88928e-45   -4.152e-35  1.23171e-44  1.13016e-33 -9.72897e-44  -3.5349e-32 -2.70207e-44  7.76833e-31 -9.12345e-44 -1.31489e-29 -1.14228e-41  1.78275e-28   2.7113e-41 -1.99285e-27 -1.95789e-40   1.8754e-26  9.95357e-40  -1.5087e-25 -7.77617e-39  1.04956e-24  5.84087e-38 -6.36974e-24 -4.05492e-37  3.39522e-23  2.47885e-36 -1.59755e-22 -1.36699e-35  6.66045e-22  6.80598e-35 -2.46679e-21 -3.06803e-34  8.12831e-21  1.25608e-33  -2.3841e-20 -4.68101e-33  6.22125e-20  1.59067e-32 -1.44192e-19 -4.93457e-32  2.95966e-19  1.39846e-31 -5.35546e-19 -3.62131e-31  8.48568e-19  8.56562e-31  -1.1658e-18 -1.84903e-30  1.36816e-18  3.63701e-30 -1.33905e-18 -6.50306e-30   1.0465e-18  1.05326e-29 -5.91889e-19 -1.53728e-29   1.6502e-19  2.00641e-29  7.88049e-20 -2.31348e-29 -1.18384e-19  2.30833e-29  5.20795e-20 -1.91397e-29  7.82771e-21  1.19162e-29 -1.96974e-20  -3.4636e-30  6.10924e-21 -3.48034e-30  3.14304e-21  6.74104e-30 -2.46901e-21 -5.74482e-30 -1.66476e-22  1.70944e-30  5.77593e-22  3.11194e-30 -4.26295e-23 -6.62965e-30 -1.06609e-22  7.82953e-30  1.27757e-23 -6.94565e-30  1.71093e-23  4.96614e-30  -1.5765e-24 -2.92258e-30  -2.3808e-24  1.41822e-30   2.3511e-26 -5.63405e-31  2.62832e-25  1.82215e-31  2.63784e-26 -4.92927e-32 -1.94833e-26  1.27423e-32  -4.5946e-27 -3.85419e-33  6.31733e-28  1.24257e-33  3.51694e-28 -2.98937e-34  2.12306e-29  3.07652e-35 -1.08928e-29  4.75249e-36 -2.22869e-30 -1.04891e-36 -1.52701e-32 -2.70582e-37  4.33019e-32  8.01019e-39  5.13845e-33  6.41468e-38  4.10459e-35 -2.58772e-38 -3.43538e-35  5.25418e-39 -2.49208e-36 -6.42878e-40   -3.718e-38  4.32349e-41  1.16147e-39 -9.99398e-43
 9.13383e-46  2.41915e-35 -2.26863e-44  -7.5497e-34   7.6527e-44  2.79967e-32 -5.66819e-43 -7.26076e-31 -9.12345e-44  1.39796e-29 -1.30287e-43 -2.11328e-28 -4.38378e-41  2.59908e-27  1.29304e-40 -2.66562e-26 -1.12324e-39  2.32077e-25  8.20265e-39 -1.73813e-24 -6.56618e-38  1.13114e-23  4.77292e-37  -6.4459e-23 -3.11915e-36  3.23538e-22  1.81783e-35 -1.43666e-21 -9.55322e-35  5.66154e-21  4.54124e-34 -1.98408e-20 -1.95866e-33  6.18971e-20  7.68519e-33   -1.719e-19 -2.74869e-32  4.24542e-19  8.97449e-32 -9.30327e-19 -2.67747e-31  1.80232e-18   7.3028e-31 -3.06992e-18 -1.82102e-30  4.56066e-18  4.14949e-30 -5.83923e-18 -8.63158e-30  6.32556e-18  1.63633e-29 -5.62006e-18 -2.82003e-29  3.85137e-18   4.4021e-29 -1.72233e-18 -6.19147e-29  1.03828e-19  7.78419e-29  5.46705e-19 -8.63879e-29 -4.27666e-19  8.27915e-29  8.63739e-20  -6.5536e-29  8.75243e-20   3.8012e-29  -6.6322e-20  -7.8809e-30  1.54853e-21 -1.59783e-29  1.69791e-20   2.7417e-29 -4.90836e-21 -2.55937e-29 -2.89321e-21  1.47389e-29  1.52023e-21 -1.46527e-30  4.07485e-22 -8.59118e-30 -3.10464e-22  1.29061e-29 -5.93832e-23 -1.21491e-29  4.84734e-23  8.72394e-30  1.00128e-23 -5.00666e-30 -5.69161e-24  2.31231e-30 -1.62874e-24 -8.50313e-31  4.31119e-25  2.45845e-31   2.0117e-25 -5.83484e-32 -9.42004e-27  1.49125e-32 -1.56388e-26 -5.55439e-33 -1.66785e-27  2.12726e-33  5.77204e-28 -5.59861e-34  1.57931e-28  7.58383e-35  1.70001e-30 -2.38712e-36  -4.4223e-30  1.35586e-36   -6.157e-31 -7.40102e-37  4.97898e-33 -1.13027e-37  8.59731e-33  1.48605e-37  7.51916e-34 -4.51043e-38  6.56571e-36  7.39652e-39 -2.15862e-36 -7.05837e-40 -9.06495e-38   3.2095e-41 -5.93915e-40
-3.60668e-36  8.87434e-45  4.07965e-34 -1.37909e-43 -1.90207e-32  3.91362e-43  5.92173e-31 -2.73208e-42 -1.31489e-29 -1.30287e-43  2.23589e-28  1.19871e-42 -3.04388e-27 -1.70857e-40  3.41713e-26  8.17207e-40 -3.23018e-25 -7.98877e-39  2.61086e-24   6.6084e-38 -1.82534e-23 -5.12248e-37   1.1136e-22  3.54246e-36 -5.96859e-22 -2.19172e-35  2.82477e-21   1.2165e-34 -1.18495e-20 -6.09909e-34  4.41719e-20  2.77179e-33 -1.46554e-19 -1.14513e-32  4.32999e-19  4.31061e-32 -1.13869e-18 -1.48102e-31  2.66111e-18  4.64988e-31  -5.5108e-18 -1.33509e-30  1.00676e-17  3.50665e-30 -1.61191e-17 -8.42422e-30  2.24014e-17  1.84992e-29 -2.66332e-17 -3.70908e-29  2.64659e-17   6.7779e-29 -2.10842e-17 -1.12595e-28   1.2274e-17  1.69411e-28 -3.70802e-18 -2.29643e-28 -1.40636e-18  2.78233e-28  2.41774e-18 -2.97532e-28 -1.15093e-18  2.74675e-28  -1.0919e-19 -2.09163e-28  4.09626e-19  1.15841e-28 -1.45404e-19  -2.0273e-29 -5.93726e-20 -5.18732e-29  5.52361e-20  8.56681e-29  9.89294e-22  -8.1923e-29 -1.26255e-20  5.41545e-29  1.54075e-21 -2.02682e-29  2.30861e-21 -5.80181e-30 -3.99295e-22  1.83817e-29 -3.73873e-22 -1.93175e-29   5.4361e-23   1.4115e-29  5.36949e-23 -7.92721e-30 -3.03524e-24  3.47753e-30 -6.25908e-24 -1.17205e-30 -3.74559e-25  2.94959e-31  5.04903e-25  -5.9289e-32  9.61795e-26  1.67393e-32 -2.02495e-26 -8.51493e-33 -8.47724e-27  3.68916e-33 -2.61235e-28 -1.01782e-33  3.05386e-28  1.66387e-34  5.19584e-29  -2.2136e-35 -1.08785e-30  6.92489e-36 -1.20933e-30 -1.38589e-36  -1.2137e-31  -3.9756e-37  1.23968e-33  2.78509e-37  1.01414e-33 -6.70664e-38  6.26306e-35  8.81412e-39  5.87149e-37 -6.24302e-40 -3.93191e-38  1.56451e-41
-2.86893e-45 -1.53608e-34  5.77487e-44  1.08549e-32 -6.92565e-43 -4.19365e-31  1.71655e-42  1.09286e-29 -1.14228e-41 -2.11328e-28  1.19871e-42  3.20774e-27  1.68005e-41 -3.96198e-26 -7.86427e-40  4.08167e-25  6.09461e-39 -3.57043e-24 -6.00617e-38  2.68737e-23   4.9695e-37 -1.75807e-22 -3.66332e-36  1.00738e-21  2.40145e-35 -5.08583e-21 -1.41031e-34  2.27224e-20  7.45995e-34 -9.01259e-20 -3.57269e-33  3.18018e-19   1.5543e-32 -9.99353e-19 -6.15835e-32   2.7969e-18  2.22654e-31 -6.96457e-18 -7.35608e-31  1.53968e-17  2.22291e-30 -3.01118e-17 -6.14724e-30  5.18186e-17  1.55584e-29 -7.78512e-17 -3.60277e-29  1.00933e-16  7.62712e-29  -1.1092e-16  -1.4743e-28  1.00271e-16  2.59715e-28 -7.03335e-17 -4.15856e-28  3.28045e-17  6.02995e-28 -3.18473e-18 -7.87616e-28 -9.55989e-18  9.19497e-28  8.07897e-18 -9.47653e-28 -1.92528e-18  8.43727e-28 -1.51271e-18 -6.20604e-28  1.29704e-18  3.33271e-28 -9.04869e-20 -5.81998e-29 -3.16957e-19 -1.38611e-28  1.09441e-19  2.27009e-28  5.07349e-20 -2.18426e-28 -3.23725e-20  1.52036e-28 -6.50383e-21 -7.23241e-29   6.5871e-21  1.08261e-29  8.88346e-22  2.09037e-29 -1.04986e-21 -2.75685e-29 -1.59464e-22  2.09658e-29  1.29365e-22 -1.16024e-29  2.91957e-23  4.83706e-30 -1.08659e-23 -1.48324e-30 -4.01067e-24  3.16362e-31  3.91353e-25 -5.31734e-32  3.45193e-25  2.11061e-32  2.50799e-26 -1.41801e-32  -1.4774e-26   6.3764e-33 -3.29899e-27 -1.78856e-33  7.14568e-29  3.36631e-34  1.09024e-28 -6.43318e-35  1.26029e-29  1.69944e-35 -4.56384e-31 -1.99264e-36 -2.17588e-31 -9.17433e-37 -1.60726e-32  4.42503e-37  7.16061e-35 -8.54265e-38  5.91438e-35  8.76333e-39  2.12806e-36 -4.20949e-40  1.05647e-38
 4.15269e-35 -2.48494e-44  -5.0261e-33  2.94797e-43   2.5526e-31 -2.99902e-42 -7.99665e-30  6.80963e-42  1.78275e-28 -4.38378e-41 -3.04388e-27  1.68005e-41  4.16154e-26  1.56307e-40 -4.69283e-25 -4.59343e-39  4.45707e-24  4.61244e-38 -3.62046e-23 -4.34292e-37  2.54446e-22  3.44067e-36 -1.56091e-21  -2.3999e-35  8.41477e-21   1.4913e-34 -4.00697e-20 -8.32781e-34  1.69178e-19  4.20312e-33 -6.34985e-19 -1.92558e-32  2.12209e-18  8.03102e-32  -6.3182e-18 -3.05591e-31   1.6752e-17  1.06257e-30 -3.94928e-17 -3.37977e-30  8.25542e-17   9.8406e-30  -1.5235e-16 -2.62345e-29  2.46629e-16  6.40311e-29 -3.46946e-16 -1.43006e-28  4.18187e-16  2.91986e-28  -4.2229e-16 -5.44257e-28  3.43284e-16   9.2432e-28 -2.05928e-16 -1.42639e-27  6.72538e-17  1.99267e-27  1.94356e-17 -2.50693e-27 -3.97561e-17  2.81868e-27  2.05385e-17 -2.79862e-27   8.2263e-19  2.40326e-27 -6.84203e-18 -1.71043e-27  2.77804e-18  8.97931e-28  8.70837e-19 -1.71182e-28 -9.94316e-19 -3.20164e-28  3.34304e-20   5.3037e-28  2.21139e-19 -5.10895e-28 -3.89772e-20  3.64384e-28 -3.98503e-20 -1.91971e-28  9.40497e-21   5.9113e-29  6.49219e-21  1.26007e-29 -1.36202e-21  -3.3867e-29 -9.63438e-22  2.81616e-29  1.07423e-22 -1.55992e-29  1.18911e-22  6.23037e-30  1.84272e-24 -1.74916e-30 -1.04345e-23  3.20271e-31 -1.53253e-24 -5.38459e-32  4.96024e-25  3.50052e-32  1.62092e-25 -2.48624e-32 -6.62687e-28  1.08019e-32 -6.79244e-27 -3.04243e-33 -9.45673e-28  6.40134e-34  5.51398e-29 -1.41707e-34  2.68764e-29  3.22998e-35  2.22411e-30  -2.1587e-36 -7.90755e-32 -1.68812e-36 -2.37117e-32  6.05123e-37 -1.24253e-33 -9.27186e-38 -2.75506e-36  7.07286e-39  1.04557e-36 -1.88051e-40
 -5.1182e-45  1.80078e-33 -1.48144e-43  -1.3125e-31  1.28464e-42  5.11606e-30 -1.17208e-41 -1.33864e-28   2.7113e-41  2.59908e-27 -1.70857e-40 -3.96198e-26  1.56307e-40  4.91557e-25  1.29125e-39 -5.08801e-24 -3.08142e-38  4.47289e-23  3.29842e-37 -3.38429e-22 -2.91773e-36  2.22623e-21  2.18455e-35 -1.28307e-20 -1.44031e-34  6.51748e-20  8.49141e-34 -2.93076e-19 -4.51581e-33  1.17043e-18  2.17795e-32 -4.15995e-18 -9.56069e-32   1.3173e-17  3.82925e-31 -3.71691e-17 -1.40171e-30  9.33622e-17  4.69485e-30 -2.08326e-16 -1.43985e-29   4.1152e-16  4.04472e-29  -7.1589e-16 -1.04071e-28  1.08839e-15  2.45184e-28 -1.42989e-15 -5.28527e-28  1.59539e-15  1.04131e-27  -1.4688e-15 -1.87228e-27  1.05571e-15  3.06571e-27  -5.1398e-16 -4.55887e-27  6.90718e-17  6.13377e-27  1.35812e-16 -7.42857e-27 -1.25186e-16  8.03836e-27  3.46995e-17 -7.68304e-27  2.09963e-17  6.35978e-27 -2.07735e-17 -4.38098e-27  2.46133e-18  2.25678e-27  4.80613e-18 -4.81709e-28 -1.97948e-18 -6.51453e-28 -7.05064e-19  1.11417e-27  5.62018e-19  -1.0761e-27  7.65375e-20  7.80386e-28 -1.13834e-19 -4.37298e-28 -8.89393e-21   1.7215e-28   1.8489e-20 -2.31233e-29  1.79746e-21  -3.0827e-29 -2.38396e-21  3.27741e-29 -4.02139e-22 -1.89392e-29  2.19017e-22  7.45736e-30  6.37589e-23 -2.01406e-30 -1.04559e-23  3.74706e-31 -6.15771e-24 -9.72599e-32 -2.17592e-25  7.04947e-32  3.03552e-25 -4.35941e-32  5.47998e-26  1.77292e-32 -3.52348e-27 -5.02427e-33 -2.17075e-27  1.15195e-33 -2.01462e-28 -2.67214e-34   1.5642e-29  5.22084e-35  4.44475e-30 -1.41861e-36  2.70197e-31  -2.6101e-36 -6.22001e-33  7.13462e-37 -1.30594e-33 -8.45046e-38 -4.01453e-35  4.38658e-39 -1.18908e-37
-4.35006e-34 -4.93794e-44  5.53802e-32 -7.21478e-43 -2.83005e-30   5.2326e-42  8.90284e-29 -4.48453e-41 -1.99285e-27  1.29304e-40  3.41713e-26 -7.86427e-40 -4.69283e-25  1.29125e-39  5.31698e-24  9.84711e-39 -5.07502e-23 -2.08951e-37  4.14404e-22   2.1763e-36 -2.92853e-21 -1.80009e-35  1.80698e-20  1.26866e-34 -9.80117e-20  -7.9061e-34  4.69741e-19  4.42654e-33 -1.99687e-18 -2.24531e-32  7.54929e-18   1.0367e-31  -2.5423e-17 -4.36972e-31  7.63102e-17  1.68443e-30 -2.04083e-16 -5.94475e-30  4.85585e-16  1.92208e-29 -1.02514e-15 -5.69481e-29  1.91218e-15  1.54612e-28 -3.13175e-15 -3.84523e-28   4.4626e-15  8.75498e-28 -5.45747e-15 -1.82326e-27  5.60522e-15  3.46864e-27 -4.65428e-15 -6.01822e-27  2.88025e-15  9.50237e-27 -1.01455e-15 -1.36151e-26 -2.08676e-16  1.76363e-26  5.41786e-16 -2.05491e-26  -3.0482e-16  2.13826e-26  4.39414e-18 -1.96552e-26  9.43972e-17  1.56692e-26 -4.39093e-17 -1.04436e-26 -9.97124e-18  5.28744e-27  1.48198e-17 -1.25989e-27 -1.30485e-18 -1.17163e-27 -3.18864e-18  2.12946e-27  7.61294e-19 -2.07737e-27  5.62006e-19   1.5362e-27 -1.76334e-19 -9.06164e-28 -9.16765e-20  4.11383e-28   2.6719e-20 -1.19728e-28  1.40824e-20 -2.84051e-30 -2.52492e-21  2.87927e-29  -1.8493e-21 -1.99752e-29  6.49662e-23  8.44594e-30  1.76849e-22 -2.52871e-30  1.82503e-23  6.51443e-31 -9.73356e-24  -2.4845e-31 -2.51216e-24  1.43622e-31  1.19891e-25 -7.35193e-32  1.23476e-25  2.80315e-32   1.3566e-26 -8.06317e-33 -1.54834e-27  1.95959e-33 -4.88516e-28 -4.48359e-34 -3.17552e-29  7.41475e-35  2.39564e-30  4.96506e-37  4.53328e-31 -3.45272e-36  1.97115e-32  7.20324e-37 -1.55239e-34 -6.28806e-38 -2.24399e-35  1.81651e-39
-1.13371e-44 -1.81282e-32 -2.96225e-43  1.32958e-30 -3.24763e-42 -5.20355e-29  2.31622e-41  1.36708e-27 -1.95789e-40 -2.66562e-26  8.17207e-40  4.08167e-25 -4.59343e-39 -5.08801e-24  9.84711e-39  5.29274e-23   6.9255e-38 -4.67727e-22    -1.34e-36  3.55849e-21  1.31297e-35 -2.35445e-20   -1.013e-34  1.36531e-19  6.70615e-34 -6.98012e-19 -3.94904e-33  3.16028e-18  2.10152e-32 -1.27122e-17 -1.01849e-31  4.55278e-17  4.51289e-31 -1.45341e-16 -1.83181e-30  4.13637e-16  6.81747e-30 -1.04855e-15  -2.3271e-29  2.36277e-15  7.28504e-29 -4.71688e-15 -2.09095e-28  8.30006e-15  5.49966e-28 -1.27782e-14 -1.32471e-27  1.70238e-14  2.91963e-27 -1.93007e-14 -5.88135e-27  1.81141e-14  1.08135e-26 -1.33556e-14 -1.81148e-26  6.79215e-15   2.7587e-26 -1.16914e-15 -3.80832e-26 -1.60175e-15  4.74786e-26  1.63048e-15 -5.31908e-26 -5.20091e-16  5.31804e-26 -2.37592e-16 -4.69671e-26  2.79095e-16  3.60261e-26 -4.74945e-17 -2.32228e-26  -6.0457e-17  1.15683e-26  2.98148e-17  -3.0462e-27  7.79816e-18  -1.8419e-27 -8.14864e-18  3.73745e-27 -5.88671e-19 -3.73682e-27  1.64004e-18  2.84856e-27  3.19476e-20 -1.77277e-27 -2.70942e-19  8.93805e-28 -1.10266e-20 -3.42602e-28  3.64802e-20  8.00093e-29  4.11331e-21  5.70701e-30 -3.63416e-21 -1.66017e-29 -8.15699e-22  9.64641e-30  2.10977e-22 -3.94453e-30  9.05488e-23  1.47017e-30 -7.17185e-25 -5.99153e-31 -5.14026e-24  2.69975e-31 -7.28974e-25  -1.1685e-31  9.19182e-26  4.26334e-32  3.57084e-26 -1.25463e-32  2.48213e-27  3.13527e-33 -3.69308e-28 -6.79431e-34 -7.49934e-29  9.37301e-35 -3.55465e-30  3.37898e-36  1.88983e-31 -3.92309e-36  2.38126e-32  6.13195e-37   6.1479e-34 -3.61288e-38  1.71824e-37
 3.99333e-33 -1.12368e-43 -5.14786e-31 -1.15839e-42  2.64122e-29 -1.61409e-41 -8.34255e-28   1.3318e-40   1.8754e-26 -1.12324e-39 -3.23018e-25  6.09461e-39  4.45707e-24 -3.08142e-38 -5.07502e-23   6.9255e-38  4.86947e-22  4.46492e-37 -3.99818e-21 -7.90788e-36   2.8419e-20   7.1862e-35  -1.7643e-19 -5.15087e-34  9.63161e-19  3.19234e-33 -4.64771e-18  -1.7738e-32  1.99001e-17  8.97671e-32 -7.58086e-17 -4.16649e-31  2.57361e-16  1.77835e-30 -7.79145e-16  -6.9837e-30  2.10282e-15  2.52205e-29  -5.0523e-15 -8.36791e-29  1.07782e-14  2.54811e-28 -2.03325e-14 -7.11383e-28  3.37122e-14  1.81898e-27 -4.86948e-14 -4.25546e-27  6.04686e-14  9.09889e-27 -6.32243e-14  -1.7759e-26  5.36798e-14  3.15937e-26 -3.43056e-14 -5.11392e-26  1.30039e-14  7.51453e-26  1.66996e-15 -9.99536e-26 -6.24204e-15  1.19906e-25  3.84157e-15 -1.29099e-25 -2.64633e-16  1.23931e-25 -1.09594e-15 -1.05073e-25  5.86487e-16  7.74947e-26  8.61291e-17 -4.83157e-26 -1.86496e-16  2.37236e-26  2.73417e-17 -6.83785e-27  3.85051e-17 -2.44575e-27  -1.2059e-17  6.09738e-27 -6.56125e-18 -6.39774e-27  2.72189e-18  5.10933e-27  1.06352e-18 -3.37178e-27 -4.27639e-19  1.84563e-27  -1.6961e-19 -8.14306e-28   4.5513e-20  2.69904e-28  2.38969e-20 -5.21701e-29 -2.29466e-21 -7.26801e-30 -2.50347e-21  1.27495e-29 -1.43399e-22  -7.5433e-30  1.57557e-22  3.31142e-30  3.18054e-23 -1.24758e-30 -3.39971e-24  4.56522e-31 -1.87017e-24 -1.73715e-31 -1.50078e-25  6.24267e-32  3.19374e-26  -1.8822e-32  7.38989e-27  4.68846e-33  3.39814e-28 -9.34962e-34 -5.20041e-29  1.05905e-34 -7.22052e-30  6.45674e-36 -2.47977e-31 -3.80959e-36  5.93206e-33  4.27758e-37  3.98239e-34 -1.39139e-38
 -3.8084e-44  1.55154e-31 -8.71288e-43 -1.14287e-29 -9.21751e-43  4.49097e-28 -1.05924e-40  -1.1849e-26  9.95357e-40  2.32077e-25 -7.98877e-39 -3.57043e-24  4.61244e-38  4.47289e-23 -2.08951e-37 -4.67727e-22  4.46492e-37  4.15622e-21  2.62038e-36 -3.18048e-20 -4.22601e-35  2.11726e-19  3.51849e-34 -1.23571e-18  -2.3212e-33  6.36073e-18   1.3363e-32 -2.90063e-17 -6.97555e-32  1.17568e-16  3.35684e-31 -4.24462e-16 -1.49816e-30  1.36665e-15  6.20336e-30 -3.92491e-15 -2.37765e-29  1.00462e-14  8.40908e-29 -2.28734e-14 -2.73585e-28  4.61747e-14  8.16697e-28 -8.22392e-14  -2.2324e-27  1.28297e-13   5.5788e-27 -1.73465e-13 -1.27293e-26   2.0001e-13  2.64886e-26 -1.91543e-13 -5.02081e-26  1.45028e-13  8.65664e-26 -7.70907e-14 -1.35534e-25  1.62111e-14   1.9228e-25  1.58889e-14 -2.46494e-25 -1.81635e-14  2.84517e-25  6.61594e-15 -2.94317e-25  2.19287e-15  2.71166e-25 -3.19901e-15 -2.20616e-25  7.22258e-16  1.56445e-25  6.38665e-16 -9.44442e-26 -3.81029e-16  4.58566e-26 -6.68674e-17 -1.43495e-26  1.00337e-16 -2.50103e-27  7.32608e-19  9.46902e-27 -2.00106e-17 -1.07514e-26  8.63938e-19  9.12645e-27  3.35476e-18 -6.37513e-27 -6.72175e-20  3.69775e-27 -4.71027e-19 -1.75108e-27 -2.60755e-20   6.4859e-28  5.06234e-20 -1.63826e-28  8.29352e-21  6.62702e-30 -3.42416e-21  2.17146e-29 -1.10825e-21 -1.54008e-29  6.82073e-23  6.75476e-30  7.30072e-23 -2.25504e-30  7.62314e-24  6.91605e-31 -1.75681e-24 -2.41478e-31 -4.92007e-25  8.81079e-32  -2.1696e-26 -2.70127e-32  6.79067e-27   6.5125e-33   1.0594e-27  -1.1695e-33  3.46102e-29  1.06889e-34 -3.99468e-30  8.65564e-36 -3.64129e-31 -3.11774e-36 -7.61784e-33  2.31267e-37  2.81151e-35
-3.15756e-32 -2.39917e-43  4.08865e-30 -6.64908e-42  -2.1063e-28  4.10806e-41  6.68131e-27 -8.80652e-40  -1.5087e-25  8.20265e-39  2.61086e-24 -6.00617e-38 -3.62046e-23  3.29842e-37  4.14404e-22    -1.34e-36 -3.99818e-21  2.62038e-36  3.30189e-20  1.38448e-35 -2.36139e-19 -2.00227e-34  1.47547e-18   1.4936e-33 -8.10987e-18 -8.85272e-33  3.94161e-17  4.63101e-32 -1.70054e-16 -2.23994e-31  6.53037e-16  1.02317e-30 -2.23593e-15 -4.43443e-30  6.83058e-15  1.81332e-29 -1.86131e-14 -6.92812e-29  4.51825e-14   2.4498e-28 -9.74579e-14 -7.95895e-28  1.86052e-13  2.36415e-27 -3.12511e-13 -6.40169e-27  4.57909e-13  1.57747e-26 -5.77869e-13 -3.53362e-26  6.15658e-13  7.19011e-26 -5.35038e-13 -1.32794e-25  3.53475e-13  2.22399e-25 -1.43882e-13 -3.37303e-25 -8.10488e-15   4.6243e-25  6.16507e-14 -5.71642e-25  -4.1742e-14   6.3505e-25  5.16805e-15 -6.31252e-25  1.08358e-14  5.58274e-25 -6.72318e-15 -4.36027e-25  -4.7582e-16   2.9763e-25  2.00843e-15 -1.74459e-25 -4.23974e-16  8.41722e-26 -3.93184e-16 -2.83207e-26   1.5955e-16 -1.37372e-27  6.35513e-17  1.46954e-26 -3.53735e-17 -1.84607e-26  -1.0095e-17   1.6654e-26  5.72954e-18 -1.21209e-26  1.68107e-18  7.23408e-27  -6.6641e-19 -3.50507e-27 -2.58008e-19    1.328e-27  4.50288e-20 -3.44516e-28  2.99259e-20  1.66182e-29  1.83476e-22  4.38304e-29 -2.14425e-21 -3.03008e-29 -3.25917e-22  1.23025e-29  6.43465e-23 -3.58461e-30  2.38739e-23  9.37578e-31  1.15232e-24 -3.15061e-31 -5.25882e-25  1.19833e-31 -9.38845e-26 -3.67639e-32 -2.25625e-27  8.35492e-33  8.93918e-28 -1.32752e-33  9.68275e-29  9.59773e-35  2.35068e-30     9.14e-36 -1.31383e-31 -2.09247e-36 -5.95024e-33  8.41623e-38
 2.83395e-43 -1.14184e-30 -8.37616e-44  8.44518e-29 -5.68994e-41 -3.33271e-27  6.06371e-40  8.83248e-26 -7.77617e-39 -1.73813e-24   6.6084e-38  2.68737e-23 -4.34292e-37 -3.38429e-22   2.1763e-36  3.55849e-21 -7.90788e-36 -3.18048e-20  1.38448e-35  2.44875e-19  6.43728e-35 -1.64069e-18 -8.03141e-34  9.64103e-18  5.04638e-33  -4.9984e-17 -2.46779e-32  2.29672e-16   1.0658e-31 -9.38396e-16 -4.44206e-31  3.41684e-15   1.9011e-30 -1.11008e-14 -8.40655e-30  3.21872e-14  3.68049e-29 -8.32317e-14 -1.51987e-28  1.91587e-13  5.74161e-28 -3.91335e-13 -1.95681e-27  7.05929e-13  5.98943e-27 -1.11678e-12  -1.6459e-26  1.53362e-12  4.06566e-26 -1.79998e-12 -9.04129e-26   1.7607e-12  1.81245e-25 -1.37048e-12 -3.27797e-25  7.61835e-13  5.35009e-25 -1.89582e-13 -7.87714e-25 -1.33295e-13  1.04508e-24  1.75277e-13   -1.247e-24 -7.25196e-14  1.33441e-24 -1.61355e-14  -1.2757e-24  3.16595e-14  1.08422e-24 -9.07518e-15 -8.14369e-25 -5.68996e-15  5.36722e-25  4.18849e-15 -3.07028e-25   3.9655e-16  1.48051e-25 -1.06147e-15 -5.26843e-26  6.45224e-17  9.10478e-28  2.08862e-16  2.46073e-26 -2.35604e-17 -3.35718e-26 -3.54256e-17  3.14047e-26  3.13181e-18  -2.3147e-26  5.18355e-18  1.37848e-26 -3.44135e-20 -6.59453e-27 -5.99767e-19  2.43432e-27 -6.30552e-20 -5.91172e-28  4.61951e-20  1.84179e-30  1.12782e-20  9.01537e-29 -1.51512e-21 -5.51832e-29 -8.79084e-22  2.00865e-29 -5.77106e-23  -5.0431e-30   2.6858e-23   1.1319e-30   5.7118e-24 -3.88262e-31  8.06111e-26  1.56626e-31 -1.02255e-25 -4.70383e-32 -1.25955e-26  9.84568e-33 -1.89784e-28 -1.36247e-33  6.64591e-29  7.61152e-35  4.71329e-30   7.8018e-36  7.38812e-32 -1.09039e-36 -7.96704e-34
 2.15853e-31  1.49444e-42 -2.80639e-29  1.71979e-41  1.45189e-27 -5.42326e-40 -4.62613e-26   6.4109e-39  1.04956e-24 -6.56618e-38 -1.82534e-23   4.9695e-37  2.54446e-22 -2.91773e-36 -2.92853e-21  1.31297e-35   2.8419e-20 -4.22601e-35 -2.36139e-19  6.43728e-35   1.6997e-18  2.49022e-34 -1.06928e-17 -2.36084e-33  5.91955e-17  9.06598e-33 -2.89893e-16 -1.04161e-32  1.26075e-15 -1.08982e-31 -4.88269e-15  9.16212e-31  1.68686e-14 -4.12075e-30 -5.20259e-14  1.17431e-29  1.43216e-13 -1.19207e-29  -3.5144e-13 -9.37265e-29  7.66926e-13  7.46698e-28 -1.48262e-12 -3.43419e-27  2.52467e-12  1.22184e-26 -3.75557e-12  -3.6331e-26  4.82061e-12  9.32904e-26 -5.23821e-12 -2.10417e-25  4.66447e-12  4.20988e-25 -3.18877e-12 -7.51576e-25  1.39104e-12  1.20143e-24 -1.58247e-14 -1.72275e-24 -5.26939e-13  2.21675e-24  3.95529e-13 -2.55768e-24 -7.10952e-14  2.64103e-24 -9.18204e-14 -2.43338e-24  6.69104e-14  1.99312e-24 -2.01117e-16 -1.44556e-24 -1.86747e-14  9.25287e-25  5.30811e-15 -5.20497e-25  3.40298e-15  2.51934e-25 -1.79762e-15 -9.19619e-26 -5.03884e-16  1.10249e-27  3.93011e-16   4.7273e-26  7.61457e-17 -6.52506e-26 -6.53553e-17  6.07312e-26 -1.34138e-17 -4.39302e-26  8.16984e-18   2.5417e-26  2.31377e-18 -1.16891e-26 -6.62169e-19  4.06442e-27 -3.03312e-19 -8.60197e-28   1.6695e-20 -7.55478e-29  2.48303e-20  1.74385e-28   2.5864e-21 -9.20125e-29 -9.49854e-22  2.95317e-29 -2.57977e-22 -6.26159e-30 -2.79877e-24  1.20059e-30  7.18049e-24 -4.55359e-31  1.00193e-24  1.95677e-31 -3.78294e-27 -5.61182e-32 -1.26992e-26  1.05982e-32 -1.09618e-27 -1.25714e-33 -1.33398e-29  5.27175e-35  2.19994e-30  5.33156e-36  7.56388e-32 -3.83542e-37
-5.03817e-43  7.29547e-30 -1.20872e-42 -5.41876e-28  2.83465e-40  2.14799e-26 -5.25071e-39 -5.71956e-25  5.84087e-38  1.13114e-23 -5.12248e-37 -1.75807e-22  3.44067e-36  2.22623e-21 -1.80009e-35 -2.35445e-20   7.1862e-35  2.11726e-19 -2.00227e-34 -1.64069e-18  2.49022e-34  1.10678e-17  6.57985e-34 -6.55049e-17 -1.16605e-33  3.42191e-16 -4.44302e-32 -1.58497e-15  5.04574e-31  6.53088e-15 -3.38245e-30 -2.39939e-14  1.70905e-29  7.86967e-14 -6.98623e-29 -2.30502e-13  2.36432e-28  6.02503e-13  -6.5962e-28 -1.40296e-12  1.45568e-27  2.90148e-12 -2.16311e-27 -5.30488e-12  3.04144e-29  8.51689e-12  1.37919e-26  -1.1889e-11 -6.04777e-26   1.4217e-11   1.8018e-25  -1.4219e-11 -4.33262e-25    1.139e-11  8.87514e-25 -6.62452e-12 -1.58612e-24  1.90687e-12  2.50369e-24  9.42315e-13  -3.5142e-24 -1.47878e-12  4.40153e-24   6.9293e-13 -4.92608e-24   8.6859e-14   4.9249e-24  -2.7277e-13  -4.3918e-24  9.67813e-14  3.48611e-24  4.24992e-14 -2.45966e-24 -3.99968e-14  1.54347e-24  -6.4801e-16 -8.61641e-25  9.72024e-15  4.18005e-25 -1.31135e-15  -1.4826e-25 -1.87442e-15 -1.34792e-26  3.63816e-16  1.02406e-25   3.2023e-16 -1.32399e-25 -5.44356e-17  1.18031e-25 -4.88424e-17 -8.17109e-26  3.80217e-18  4.50198e-26  6.09037e-18 -1.95061e-26  2.70273e-19  6.20835e-27  -5.2803e-19 -1.04244e-27 -9.37389e-20 -2.70704e-28   2.3193e-20  3.09362e-28  9.01324e-21 -1.40231e-28  1.99209e-22   3.9133e-29 -3.41298e-22 -6.74822e-30 -5.56777e-23  1.08225e-30   1.3924e-24 -5.11926e-31  1.29382e-24  2.31952e-31  1.25419e-25  -6.1949e-32  -1.0447e-27  1.03563e-32 -9.13174e-28  -1.0343e-33 -5.17588e-29  3.13334e-35 -4.91883e-31  2.78755e-36  1.44138e-32
-1.28615e-30  -3.0292e-45  1.67927e-28  -1.2554e-40 -8.72666e-27  3.37081e-39  2.79369e-25 -4.81214e-38 -6.36974e-24  4.77292e-37   1.1136e-22 -3.66332e-36 -1.56091e-21  2.18455e-35  1.80698e-20   -1.013e-34  -1.7643e-19  3.51849e-34  1.47547e-18 -8.03141e-34 -1.06928e-17  6.57985e-34  6.77518e-17 -4.19129e-34 -3.77926e-16  5.18204e-32  1.86564e-15 -6.50857e-31 -8.18253e-15  4.88127e-30  3.19742e-14 -2.75485e-29 -1.11516e-13  1.26674e-28  3.47414e-13 -4.91357e-28 -9.66654e-13    1.633e-27   2.3994e-12 -4.66886e-27 -5.30078e-12   1.1407e-26  1.03842e-11 -2.32634e-26 -1.79399e-11  3.70722e-26  2.71146e-11 -3.55239e-26 -3.54318e-11 -2.77554e-26  3.93071e-11   2.4197e-25 -3.59026e-11 -7.36552e-25  2.54219e-11  1.64434e-24 -1.18628e-11 -3.02669e-24  8.94686e-13  4.78801e-24  3.91956e-12 -6.63633e-24 -3.29636e-12  8.14112e-24  7.82608e-13  -8.8876e-24  6.67096e-13  8.65675e-24 -5.83028e-13 -7.52928e-24  4.44953e-14  5.84862e-24  1.50644e-13 -4.06201e-24 -5.57992e-14  2.53034e-24 -2.47788e-14 -1.41257e-24  1.74736e-14  6.78126e-25  3.11622e-15  -2.1253e-25  -3.7717e-15 -7.76569e-26 -4.11171e-16  2.32378e-25  6.41696e-16 -2.70408e-25  7.98298e-17  2.25595e-25 -8.53583e-17 -1.47099e-25 -1.67764e-17  7.61275e-26    7.909e-18 -3.05807e-26  2.59497e-18   8.6464e-27 -3.51232e-19   -9.466e-28 -2.46142e-19 -6.48151e-28 -1.33745e-20  5.01212e-28  1.15497e-20 -1.95357e-28  2.34878e-21  4.65389e-29 -8.84215e-23  -6.0232e-30 -8.29485e-23  7.54425e-31  -8.8651e-24 -5.54311e-31  3.88198e-25  2.58671e-31  1.52411e-25 -6.27999e-32  1.03944e-26  9.11832e-33 -4.35351e-29 -7.49884e-34 -3.00252e-29  1.55178e-35 -8.20461e-31  9.75202e-37
 7.97286e-43 -4.07763e-29  5.49863e-41  3.04224e-27  -1.9028e-39 -1.21163e-25  3.41461e-38  3.24232e-24 -4.05492e-37  -6.4459e-23  3.54246e-36  1.00738e-21  -2.3999e-35 -1.28307e-20  1.26866e-34  1.36531e-19 -5.15087e-34 -1.23571e-18   1.4936e-33  9.64103e-18 -2.36084e-33 -6.55049e-17 -4.19129e-34  3.90636e-16 -2.19605e-32 -2.05701e-15  5.28735e-31  9.60847e-15 -5.00874e-30 -3.99468e-14  3.27253e-29  1.48155e-13 -1.69049e-28 -4.90829e-13  7.29147e-28  1.45305e-12 -2.69562e-27 -3.84153e-12  8.65448e-27  9.05478e-12 -2.42631e-26 -1.89732e-11  5.93673e-26  3.51853e-11 -1.25845e-25 -5.73738e-11  2.26778e-25  8.14843e-11 -3.31767e-25  -9.9371e-11  3.41025e-25  1.01723e-10 -5.82345e-26 -8.39452e-11  -7.9059e-25  5.11045e-11  2.45991e-24 -1.67288e-11 -5.02165e-24 -5.50661e-12  8.21708e-24   1.0979e-11 -1.14388e-23 -5.82296e-12  1.39048e-23 -2.12761e-13 -1.49621e-23  2.05627e-12  1.43604e-23 -8.91109e-13  -1.2345e-23  -2.5966e-13  9.52851e-24  3.34075e-13 -6.61905e-24  -2.0982e-14   4.1458e-24  -7.7329e-14 -2.31714e-24  1.69656e-14  1.07016e-24  1.44581e-14 -2.44488e-25 -4.26929e-15 -2.71029e-25 -2.47046e-15  5.18738e-25  6.79745e-16 -5.39475e-25  3.93376e-16  4.17066e-25 -6.53964e-17 -2.53952e-25 -5.31355e-17  1.22318e-25  1.24738e-18 -4.49106e-26  5.16945e-18  1.08513e-26  5.99913e-19 -3.06986e-28 -2.81308e-19 -1.26342e-27 -7.84296e-20  7.42652e-28   2.4997e-21 -2.48575e-28  3.67619e-21  4.90597e-29  4.47025e-22 -3.80259e-30 -3.74913e-23  2.50011e-31 -1.39432e-23 -5.78369e-31 -1.02237e-24   2.6899e-31  4.55902e-26 -5.79977e-32  1.06078e-26   7.1653e-33  4.78343e-28 -4.70734e-34  6.33665e-31   6.0473e-36 -2.03061e-31
