 3.62316e-34 -5.34002e-38 -5.19668e-34 -6.01062e-38 -1.24699e-34 -1.88813e-36  1.44461e-34 -1.31423e-36  9.91516e-35 -2.60441e-36 -7.39307e-35 -1.85865e-36  7.71247e-37  5.17062e-37  4.94561e-35  9.71436e-37  8.00497e-36   3.2534e-37  2.73464e-36  -7.5993e-37 -9.78837e-36 -9.28757e-38  2.89723e-36 -2.94695e-37  9.05451e-37  1.21352e-38 -2.13024e-36 -7.66951e-38  1.39813e-36  3.35225e-38 -5.54452e-37 -3.16436e-38  3.24746e-38   1.0307e-39 -7.47754e-38 -9.10413e-40  1.99533e-38 -5.92509e-40  3.97105e-38  1.44144e-39 -2.09117e-38  1.29878e-39  5.74791e-40  2.77033e-40  2.44141e-39  6.54385e-41  1.16488e-39 -9.36881e-41  9.29217e-41  4.81291e-41  8.95728e-40 -1.22962e-41 -4.91114e-40 -6.33333e-42 -7.00095e-41  5.76461e-42  2.78091e-41 -8.57243e-42 -1.32405e-40 -6.39377e-43  2.37852e-40 -1.39077e-42 -5.99452e-40  1.07536e-42  1.42058e-39 -2.58823e-42 -3.12285e-39  6.58887e-42  6.27619e-39 -1.60475e-41 -1.14498e-38  3.67756e-41  1.88571e-38 -7.87761e-41 -2.78377e-38  1.57846e-40   3.6503e-38 -2.95411e-40 -4.20051e-38  5.15675e-40     4.17e-38  -8.3824e-40 -3.47931e-38  1.26645e-39  2.33111e-38 -1.77464e-39 -1.13324e-38  2.30074e-39  2.68221e-39 -2.75205e-39  1.21403e-39  3.02763e-39 -1.58474e-39 -3.05237e-39  6.90859e-40  2.80842e-39 -3.98039e-41   -2.347e-39 -9.48488e-41  1.77178e-39  2.55808e-41 -1.20058e-39  1.71545e-41  7.24814e-40 -1.36793e-41  -3.8648e-40  3.87813e-42  1.80137e-40 -6.92341e-43 -7.24952e-41  2.86886e-43   2.4821e-41 -1.23743e-43 -7.10172e-42  2.28754e-44  1.66131e-42 -3.62222e-46 -3.09188e-43 -5.44128e-46  4.41508e-44  1.42529e-46 -4.57152e-45 -2.30063e-47  3.04638e-46  1.69045e-48 -8.64546e-48
-5.34002e-38  1.39444e-33 -1.45349e-37 -1.08832e-33  3.42094e-37  -1.4252e-34 -6.57036e-36  1.08374e-34 -4.07172e-36  2.07109e-34 -8.52819e-36 -1.49906e-34 -5.22885e-36 -3.53176e-35  7.70024e-37  1.17433e-34  2.80219e-36 -1.38339e-35  7.43091e-37  1.78463e-35 -1.89476e-36 -2.36315e-35 -6.21011e-38  4.93628e-36  -6.8791e-37  6.24961e-36  1.42231e-37 -6.64283e-36 -1.55809e-37  3.91749e-36  9.19902e-38 -1.58386e-36 -7.17646e-38 -1.02096e-37  2.48852e-39 -4.36497e-38 -2.15539e-39 -4.73302e-39 -3.03737e-39  9.52161e-38  4.56401e-39 -8.28269e-38  3.56307e-39 -2.10749e-39  4.14665e-40  5.27543e-39  1.92452e-40  6.11663e-39 -2.88382e-40 -1.19693e-40  1.72024e-40  3.37204e-39 -1.64144e-41 -1.37393e-39 -2.83232e-41  -6.4582e-40  1.68812e-41   8.8622e-40 -2.57742e-41 -2.74066e-39 -1.62243e-42  7.00316e-39 -8.96571e-42 -1.75438e-38  1.64928e-41  4.03575e-38 -4.33305e-41 -8.49201e-38  1.09038e-40  1.62616e-37 -2.57767e-40 -2.81887e-37  5.71224e-40  4.39559e-37 -1.18405e-39 -6.11644e-37  2.29411e-39  7.51538e-37 -4.14901e-39 -8.03734e-37  6.99366e-39    7.325e-37 -1.09682e-38 -5.49672e-37  1.59724e-38  3.17651e-37 -2.15486e-38 -1.17344e-37  2.68629e-38  1.02826e-39 -3.08521e-38  3.24763e-38  3.25348e-38 -2.16312e-38 -3.13806e-38  4.95097e-39  2.75607e-38  1.81546e-39 -2.19284e-38 -1.41376e-39  1.57115e-38  1.88048e-41 -1.00668e-38  2.93411e-40  5.72074e-39  -1.2104e-40 -2.85524e-39  1.76212e-41  1.23695e-39  -3.4939e-42 -4.58529e-40  3.05744e-42  1.42911e-40 -1.07015e-42 -3.66423e-41  1.46048e-43  7.51983e-42 -8.01273e-45 -1.19251e-42  2.56264e-46  1.39324e-43  1.90119e-46 -1.11046e-44 -4.38749e-47  5.00221e-46  1.95825e-48
-5.19668e-34 -1.45349e-37  2.64654e-33  3.45647e-37 -1.24179e-33  2.36155e-36 -2.72853e-35 -1.45005e-35 -2.54724e-35 -8.30047e-36  2.93427e-34 -1.85556e-35 -2.49045e-34 -1.06234e-35 -1.20606e-34  1.27064e-36  2.04922e-34  5.35702e-36 -5.99857e-35  1.85401e-36  3.25952e-35 -3.46388e-36 -3.56976e-35  2.16743e-37  2.05722e-36 -1.12112e-36  1.77906e-35  5.05937e-37 -1.42205e-35  -2.4859e-37  7.54326e-36  1.82875e-37  -2.7738e-36 -1.17311e-37 -7.69832e-37  5.35436e-39  3.05543e-37 -2.12328e-39 -1.83597e-37 -1.05203e-38  1.79327e-37  1.02043e-38 -2.27386e-37   6.6844e-39 -6.38118e-39 -1.51058e-40  3.97355e-39  3.97106e-40  1.86718e-38 -6.01266e-40 -1.28718e-39  4.40296e-40  7.91555e-39  2.65472e-41 -1.01643e-39 -8.42763e-41 -7.74599e-39  3.44194e-41  2.01005e-38 -5.99776e-41 -5.74247e-38  1.33896e-41  1.49389e-37 -7.83477e-41 -3.59396e-37  1.97334e-40  7.91284e-37  -5.1259e-40 -1.58854e-36  1.25249e-39  2.89431e-36 -2.86779e-39 -4.75881e-36  6.14841e-39  7.01065e-36 -1.23273e-38 -9.16894e-36  2.30879e-38  1.05152e-35 -4.03359e-38  -1.0391e-35  6.56284e-38  8.61279e-36 -9.92603e-38 -5.70975e-36  1.39259e-37  2.71759e-36 -1.80793e-37 -5.89774e-37  2.16599e-37 -3.37957e-37 -2.38715e-37  3.95904e-37   2.4115e-37 -1.58985e-37 -2.22374e-37 -2.02741e-39  1.86295e-37  2.99428e-38 -1.41004e-37 -9.06685e-39  9.57994e-38 -2.85318e-39 -5.79801e-38  2.49627e-39   3.0976e-38 -4.84566e-40 -1.44489e-38  -7.8812e-42  5.80619e-39 -2.31534e-41 -1.97688e-39  2.13239e-41  5.58491e-40 -4.79225e-42 -1.27454e-40  4.14178e-43  2.26853e-41 -4.85372e-44 -3.00389e-42   7.9253e-45  2.76676e-43  3.26405e-47 -1.57894e-44 -5.25835e-47  3.86022e-46
-6.01062e-38 -1.08832e-33  3.45647e-37  3.29977e-33  3.59243e-36 -9.15681e-34  6.89365e-36  2.13813e-34 -2.35374e-35 -1.96875e-34 -1.26868e-35  3.14949e-34 -3.16211e-35 -3.49995e-34  -1.6969e-35 -2.40689e-34  2.16899e-36  3.04893e-34  8.23144e-36 -1.16655e-34  4.12319e-36  3.44118e-35 -5.39481e-36  -3.7323e-35  9.75512e-37 -9.83692e-36 -1.51059e-36  3.41147e-35  1.19601e-36  -2.3893e-35 -3.84183e-37  1.12677e-35  3.01013e-37 -3.22448e-36 -1.61199e-37 -2.53605e-36  1.24063e-38  1.26709e-36  3.72219e-39 -6.96133e-37 -2.72858e-38  2.97273e-37  1.82477e-38 -4.96834e-37  9.77627e-39 -7.73885e-39 -2.35558e-39 -8.57897e-39  6.92813e-40  4.10708e-38 -9.48377e-40 -1.32219e-39   9.3868e-40  4.92824e-39  1.82072e-40  3.41259e-38 -2.00635e-40  -1.2825e-37  7.03508e-41  3.71494e-37 -1.70925e-40 -1.01532e-36  2.24853e-40  2.54787e-36 -7.30084e-40 -5.86483e-36  1.92691e-39  1.23312e-35 -4.86236e-39 -2.35847e-35  1.15059e-38  4.08232e-35 -2.54998e-38 -6.35419e-35  5.28861e-38  8.82169e-35 -1.02526e-37 -1.08076e-34  1.85548e-37  1.15133e-34 -3.13014e-37 -1.04358e-34  4.91367e-37  7.76641e-35 -7.16353e-37 -4.42247e-35  9.67724e-37  1.57212e-35 -1.20828e-36  4.89562e-37   1.3903e-36 -4.83673e-36 -1.46935e-36  3.02414e-36  1.42087e-36  -5.8374e-37 -1.25168e-36 -3.36996e-37   9.9935e-37  2.31784e-37 -7.18868e-37 -1.37868e-38   4.6264e-37 -3.43835e-38 -2.64169e-37  1.20006e-38  1.32496e-37  2.44381e-41 -5.76617e-38 -3.45376e-40  2.14447e-38 -2.12075e-40 -6.68554e-39  9.88589e-41  1.70413e-39 -1.12525e-41 -3.43567e-40  6.26928e-43  5.23425e-41 -2.40961e-43 -5.64379e-42  2.77213e-44  3.89006e-43  1.11132e-46 -1.40305e-44  -3.5724e-47
-1.24699e-34  3.42094e-37 -1.24179e-33  3.59243e-36  3.30299e-33  1.33995e-35 -4.94287e-34  1.28819e-35  5.16263e-34 -2.99156e-35 -3.86025e-34 -1.45695e-35   2.4891e-34 -4.53819e-35 -4.00188e-34 -2.20095e-35 -3.61154e-34  3.03653e-36  4.07791e-34  1.07859e-35 -1.68245e-34  7.52174e-36  1.82593e-35 -7.58556e-36 -2.15392e-35  2.37036e-36 -3.15669e-35  -1.8212e-36  5.05415e-35   2.2105e-36 -3.35921e-35 -6.10163e-37  1.33213e-35  4.36555e-37 -1.72242e-36  -1.9981e-37 -5.99845e-36  2.80729e-38  3.07485e-36  2.33849e-38 -1.74465e-36 -5.75571e-38  4.26599e-37  2.71648e-38 -9.21392e-37  1.14893e-38 -1.81018e-39 -7.14461e-39 -3.54058e-38  1.10266e-39  6.04793e-38 -1.14376e-39  4.67956e-38   1.7693e-39 -1.73212e-37  5.26925e-40  6.55803e-37 -4.47619e-40 -2.05181e-36  2.79361e-40   5.8249e-36 -8.79868e-40 -1.52596e-35  2.16096e-39  3.66873e-35   -6.162e-39 -8.07132e-35  1.59984e-38  1.61865e-34 -3.91048e-38 -2.94535e-34  8.95682e-38  4.83503e-34  -1.9207e-37  -7.1088e-34  3.85236e-37  9.27381e-34  -7.2183e-37 -1.06002e-33  1.26179e-36  1.04275e-33 -2.05441e-36 -8.58589e-34  3.10989e-36  5.63029e-34 -4.36772e-36 -2.61953e-34  5.67785e-36  5.10964e-35 -6.81334e-36  3.77765e-35   7.5239e-36 -4.02087e-35 -7.61906e-36  1.50301e-35  7.04657e-36  1.04256e-36 -5.92436e-36 -3.35706e-36   4.5033e-36   9.9159e-37 -3.07522e-36  2.52703e-37  1.87238e-36 -2.13438e-37 -1.00727e-36  2.35494e-38  4.73516e-37  1.08104e-38  -1.9188e-37 -5.32944e-40   6.5877e-38 -1.36367e-39 -1.87395e-38  2.75973e-40   4.2873e-39 -4.52419e-42 -7.57091e-40  1.73489e-42  9.72007e-41 -8.58143e-43 -8.26303e-42  4.17915e-44  3.94083e-43   7.3201e-46 -6.86702e-45
-1.88813e-36  -1.4252e-34  2.36155e-36 -9.15681e-34  1.33995e-35  3.28922e-33  3.31615e-35 -2.73301e-34  1.72325e-35  7.93873e-34  -3.1063e-35 -5.91396e-34 -1.07572e-35  1.13304e-34 -5.75318e-35 -3.48195e-34 -2.37351e-35 -4.56435e-34  3.14778e-36  5.03898e-34   1.2124e-35 -2.02921e-34  1.14771e-35 -1.01519e-35 -9.84518e-36  1.44082e-35  4.30539e-36 -5.91873e-35 -2.08389e-36  6.10679e-35  3.43078e-36 -4.10771e-35 -9.68672e-37  1.16952e-35  5.81938e-37  2.92683e-36 -2.34697e-37 -1.15355e-35  5.68995e-38  5.74178e-36  6.74674e-38 -3.47878e-36 -1.04162e-37  4.94349e-37  3.39926e-38 -1.50946e-36   1.0335e-38  3.99272e-39  -1.4993e-38 -2.87207e-38  1.65462e-39 -1.24291e-37 -9.75212e-40  8.71085e-37  3.02054e-39 -3.03246e-36  1.20956e-39  9.83779e-36  -1.2511e-39 -2.92045e-35  1.96072e-39  7.97326e-35 -6.15354e-39 -2.00114e-34  1.70384e-38  4.60265e-34 -4.61085e-38 -9.66833e-34  1.16288e-37  1.84707e-33 -2.75171e-37 -3.19268e-33  6.09902e-37  4.96087e-33 -1.26506e-36 -6.87227e-33  2.45291e-36  8.39554e-33 -4.44042e-36 -8.90969e-33  7.49365e-36  8.03235e-33 -1.17694e-35 -5.92798e-33    1.717e-35  3.32442e-33 -2.32156e-35 -1.13271e-33  2.90201e-35 -8.77855e-35 -3.34417e-35  3.90061e-34  3.54108e-35  -2.3028e-34 -3.43262e-35  3.75788e-35  3.03319e-35  3.01951e-35 -2.43111e-35 -1.88482e-35  1.75724e-35  1.06701e-36 -1.13766e-35  2.54508e-36  6.54361e-36 -7.49049e-37 -3.31103e-36 -9.90235e-38  1.45609e-36  5.62963e-38 -5.48131e-37  8.93229e-39  1.73209e-37 -5.34356e-39 -4.47735e-38  2.61691e-40  9.13786e-39  4.47797e-41 -1.39907e-39  1.10571e-41  1.48474e-40 -1.82765e-42 -9.52521e-42  7.86572e-45   2.7554e-43   5.9636e-46
 1.44461e-34 -6.57036e-36 -2.72853e-35  6.89365e-36 -4.94287e-34  3.31615e-35  3.69708e-33  6.23714e-35 -2.72579e-34  1.73571e-35  9.90799e-34 -2.77163e-35 -8.08972e-34  6.19236e-37 -4.07212e-35 -6.71154e-35 -1.79696e-34 -2.16886e-35 -5.29522e-34  2.03516e-36  5.87458e-34  1.13776e-35 -2.13319e-34  1.51763e-35 -3.68028e-35 -1.18478e-35   6.8921e-35  6.41396e-36 -8.48542e-35 -2.41325e-36  6.08641e-35   4.6671e-36 -4.46669e-35 -1.48014e-36  4.95839e-36  7.36796e-37  1.16681e-35 -2.72912e-37 -1.90765e-35  1.02373e-37  8.96695e-36  1.45864e-37 -5.92219e-36 -1.66999e-37  3.80687e-37  3.50441e-38 -2.21582e-36   4.9173e-39  -1.6013e-37 -2.55346e-38  7.49118e-37  2.37126e-39 -3.35898e-36  -3.0747e-40  1.26321e-35  4.56915e-39 -4.22166e-35  3.11055e-39  1.30401e-34  -5.5991e-39 -3.71125e-34   1.4337e-38  9.71637e-34  -4.2907e-38  -2.3346e-33  1.18403e-37  5.13194e-33 -3.08954e-37 -1.02816e-32  7.54902e-37  1.86859e-32 -1.72882e-36 -3.06285e-32  3.70693e-36  4.49472e-32  -7.4345e-36  -5.8494e-32    1.393e-35  6.66457e-32 -2.43512e-35  -6.5269e-32  3.96529e-35  5.33884e-32 -6.00392e-35 -3.46258e-32   8.4355e-35  1.57291e-32 -1.09722e-34 -2.69444e-33  1.31776e-34 -2.60872e-33 -1.45693e-34  2.55346e-33  1.47778e-34 -8.92047e-34 -1.36977e-34 -1.08421e-34  1.15503e-34  2.24389e-34   -8.814e-35 -6.17804e-35  6.04943e-35 -1.69175e-35 -3.70728e-35  1.27218e-35  2.01093e-35    -7.02e-37 -9.55197e-36 -9.69865e-37  3.92077e-36  9.56531e-38 -1.36735e-36  6.87303e-38   3.9629e-37 -1.10005e-38 -9.26335e-38 -1.14392e-39    1.674e-38  5.55119e-41 -2.19417e-39  4.07218e-41  1.87684e-40 -1.70211e-42 -8.52301e-42 -5.23139e-44  1.13579e-43
-1.31423e-36  1.08374e-34 -1.45005e-35  2.13813e-34  1.28819e-35 -2.73301e-34  6.23714e-35  4.43477e-33  9.44529e-35 -4.17512e-34  1.40146e-35  1.10071e-33 -2.30505e-35 -1.03052e-33  1.83585e-35 -1.65787e-34 -7.46151e-35  7.09473e-35 -1.70019e-35 -6.04906e-34 -1.37145e-37  6.56908e-34  8.22832e-36 -1.94954e-34   1.7943e-35 -4.57094e-35 -1.31721e-35  1.38007e-34  8.23434e-36 -9.97048e-35 -3.01856e-36  4.77921e-35  5.74396e-36 -4.33316e-35 -2.14091e-36 -7.00609e-36  9.09366e-37  2.51272e-35 -3.24407e-37 -2.80074e-35   1.6826e-37  1.21845e-35  2.61898e-37 -8.92227e-36 -2.41364e-37 -1.31958e-37  2.69707e-38 -2.45053e-36 -6.00625e-39 -2.97538e-36 -3.75212e-38  1.23418e-35  3.17493e-39 -4.70151e-35  1.15339e-39  1.63938e-34  4.76587e-39  -5.2656e-34  1.23067e-38  1.56069e-33 -3.30759e-38 -4.26025e-33  9.61794e-38   1.0686e-32 -2.76685e-37 -2.45605e-32  7.43438e-37  5.15472e-32  -1.8766e-36 -9.83737e-32  4.43908e-36  1.69819e-31 -9.83628e-36  -2.6344e-31  2.03969e-35  3.64186e-31 -3.95385e-35 -4.43701e-31  7.15568e-35  4.69137e-31 -1.20731e-34 -4.20704e-31  1.89583e-34  3.07905e-31 -2.76541e-34 -1.69993e-31  3.73907e-34  5.53075e-32 -4.67461e-34  7.20843e-33  5.38885e-34 -2.13683e-32 -5.71012e-34  1.19562e-32  5.54153e-34  -1.6193e-33 -4.90522e-34 -1.76765e-33  3.94155e-34  1.01079e-33 -2.85923e-34 -3.74961e-35  1.86028e-34 -1.38175e-34 -1.07717e-34  3.51279e-35  5.49895e-35  7.95295e-36 -2.44645e-35 -3.56593e-36  9.34798e-36 -3.89003e-37 -3.01048e-36  2.40435e-37  7.96868e-37  2.03524e-39  -1.6744e-37 -4.85717e-39  2.65444e-38  -3.7868e-40 -2.92996e-39  7.50954e-41  1.95033e-40  1.03066e-42  -5.6385e-42 -3.60931e-44
 9.91516e-35 -4.07172e-36 -2.54724e-35 -2.35374e-35  5.16263e-34  1.72325e-35 -2.72579e-34  9.44529e-35   5.1817e-33  1.18318e-34 -6.77625e-34  1.13219e-35  1.15331e-33 -1.97095e-35 -1.24505e-33  3.81044e-35 -2.47715e-34 -8.07076e-35  3.32502e-34 -1.13513e-35 -7.05167e-34 -2.61224e-36   7.1008e-34  3.27907e-36 -1.44729e-34  1.94535e-35  -2.5927e-35 -1.34001e-35  2.17333e-34  9.46796e-36 -9.73128e-35 -4.17684e-36  2.22603e-35  6.57864e-36 -3.62425e-35 -2.92836e-36  -2.2771e-35  1.11638e-36  4.36163e-35 -3.95352e-37 -3.72571e-35  2.62717e-37  1.47012e-35  4.05412e-37  -1.1873e-35 -3.16542e-37 -2.76511e-36  7.56723e-39  5.58957e-36 -2.35293e-38 -4.09378e-35 -4.89991e-38  1.60542e-34  3.20513e-39 -5.81088e-34  6.24422e-39  1.94221e-33 -7.77137e-39 -5.99279e-33  6.69246e-38  1.70464e-32 -2.01685e-37 -4.46076e-32  5.90126e-37  1.07115e-31 -1.64034e-36 -2.35285e-31  4.27271e-36  4.70952e-31 -1.04393e-35 -8.54959e-31  2.38983e-35  1.39942e-30 -5.12226e-35    -2.05e-30  1.02686e-34  2.66172e-30 -1.92313e-34 -3.02331e-30  3.36015e-34  2.94808e-30 -5.46864e-34 -2.39582e-30  8.27555e-34  1.53669e-30 -1.16207e-33 -6.80851e-31  1.51075e-33  9.93469e-32 -1.81363e-33  1.28663e-31  2.00463e-33 -1.16977e-31 -2.03331e-33  3.81962e-32  1.88545e-33  6.69401e-33 -1.59142e-33 -1.06381e-32  1.21658e-33  2.67873e-33 -8.37434e-34  8.69873e-34  5.15486e-34 -5.73919e-34 -2.81418e-34  1.03932e-35  1.34889e-34  5.09149e-35 -5.60578e-35 -4.80023e-36  1.98778e-35 -3.04904e-36 -5.88892e-36  3.78175e-37  1.41648e-36  8.41771e-38 -2.65594e-37 -5.28338e-39  3.64997e-38  -1.6371e-39  -3.3176e-39  4.28046e-41  1.62931e-40  3.63944e-42 -2.39749e-42
-2.60441e-36  2.07109e-34 -8.30047e-36 -1.96875e-34 -2.99156e-35  7.93873e-34  1.73571e-35 -4.17512e-34  1.18318e-34  5.72923e-33  1.23235e-34 -1.05522e-33  1.37926e-35  1.19269e-33 -1.77203e-35  -1.4451e-33  5.42046e-35 -3.01966e-34 -8.49657e-35  5.17656e-34 -5.86919e-36 -8.33803e-34 -4.41082e-36  7.39095e-34  -2.0712e-36  -6.1235e-35  1.97679e-35  2.36649e-35 -1.21992e-35  3.02485e-34  1.01616e-35 -7.59659e-35  -6.1557e-36 -1.41727e-35  7.21988e-36 -2.22114e-35 -3.80524e-36 -3.98335e-35  1.38234e-36  6.70883e-35 -4.80004e-37 -4.53984e-35  4.02104e-37  1.51371e-35  5.47858e-37 -9.68814e-36  -3.7562e-37 -2.97564e-35 -2.40108e-38  1.19163e-34 -4.87243e-38 -5.04654e-34 -5.67365e-38  1.89746e-33 -3.24355e-39 -6.59541e-33  3.47114e-38  2.11793e-32 -1.01595e-37 -6.27485e-32  3.86604e-37  1.71209e-31 -1.16855e-36 -4.29216e-31  3.34109e-36  9.85875e-31 -8.98893e-36 -2.06753e-30  2.26766e-35  3.94192e-30 -5.36264e-35 -6.79667e-30  1.18779e-34  1.05277e-29 -2.46189e-34 -1.45253e-29  4.76964e-34   1.7651e-29  -8.6265e-34 -1.85967e-29  1.45438e-33  1.65907e-29 -2.28186e-33 -1.20423e-29  3.32535e-33  6.54342e-30 -4.49149e-33 -2.02489e-30  5.60911e-33 -3.85554e-31 -6.45893e-33  8.78828e-31  6.83672e-33 -4.67223e-31 -6.62884e-33  5.04431e-32  5.86413e-33  7.65066e-32 -4.71161e-33 -4.03131e-32  3.42019e-33  4.55975e-34 -2.22935e-33  5.78637e-33  1.29535e-33  -1.2897e-33 -6.65065e-34 -3.90631e-34  2.98479e-34  1.50574e-34  -1.1551e-34  1.72324e-35  3.78724e-35 -9.23588e-36 -1.02749e-35 -4.14996e-37  2.23217e-36  2.36793e-37 -3.70077e-37   1.4145e-38  4.34015e-38 -2.64923e-39 -3.14563e-39 -8.52499e-41  1.03956e-40     1.83e-42
-7.39307e-35 -8.52819e-36  2.93427e-34 -1.26868e-35 -3.86025e-34  -3.1063e-35  9.90799e-34  1.40146e-35 -6.77625e-34  1.23235e-34  6.07504e-33  1.04045e-34   -1.539e-33  2.32122e-35  1.26472e-33  -1.5013e-35 -1.63975e-33  6.22097e-35 -3.48815e-34 -8.57513e-35  5.45378e-34 -7.71884e-37 -9.75872e-34 -4.74212e-36  7.30165e-34 -6.22262e-36  5.27555e-35  1.92812e-35  9.30376e-35 -9.35661e-36  3.87534e-34  1.07238e-35 -3.86657e-35 -9.11848e-36 -6.03926e-35  7.83843e-36  5.79486e-37 -4.71984e-36 -5.55474e-35   1.7347e-36  9.46988e-35 -5.57303e-37 -4.89471e-35   6.0966e-37  1.14697e-36  6.42876e-37   5.7768e-35 -3.97933e-37 -3.50534e-34 -6.71878e-38  1.46409e-33 -8.41096e-38 -5.74189e-33 -5.03349e-38  2.07516e-32 -4.95458e-38 -6.93279e-32  2.02111e-37  2.13851e-31 -6.57103e-37 -6.08072e-31  2.14688e-36  1.59051e-30 -6.33618e-36 -3.81718e-30  1.75847e-35  8.37914e-30 -4.58125e-35 -1.67582e-29  1.11902e-34  3.03916e-29 -2.56106e-34  -4.9682e-29  5.48724e-34  7.26588e-29  -1.0995e-33 -9.41355e-29  2.05791e-33  1.06609e-28 -3.59288e-33 -1.03524e-28   5.8419e-33  8.35959e-29 -8.83038e-33 -5.30263e-29  1.23833e-32  2.28926e-29  -1.6074e-32 -2.72159e-30  1.92633e-32 -4.88805e-30 -2.12516e-32  4.16134e-30  2.15125e-32 -1.26762e-30 -1.99082e-32 -2.96357e-31  1.67723e-32  3.89126e-31 -1.28026e-32 -8.86482e-32  8.80546e-33 -3.50105e-32  -5.4218e-33  2.04407e-32  2.96576e-33  2.39636e-34 -1.42784e-33 -1.96285e-33  5.98057e-34  1.53973e-34 -2.14738e-34   1.1441e-34  6.48223e-35 -1.12296e-35 -1.60191e-35 -3.64347e-36  3.11993e-36  2.01404e-37 -4.52066e-37  5.92562e-38  4.42825e-38  -7.9274e-40 -2.43443e-39 -1.60806e-40  4.41429e-41
-1.85865e-36 -1.49906e-34 -1.85556e-35  3.14949e-34 -1.45695e-35 -5.91396e-34 -2.77163e-35  1.10071e-33  1.13219e-35 -1.05522e-33  1.04045e-34  6.34854e-33  6.36271e-35 -2.09445e-33  3.78097e-35  1.41656e-33 -9.58381e-36 -1.86088e-33  6.04323e-35 -3.95408e-34 -8.12845e-35  3.63853e-34  4.32093e-36 -1.11093e-33 -3.21889e-36  6.69227e-34 -8.04039e-36  1.87249e-34   1.8672e-35  1.62921e-34 -4.81169e-36  4.63989e-34  1.18017e-35   9.1049e-36 -1.30628e-35 -1.16559e-34  8.67709e-36  3.43278e-35  -5.6031e-36 -6.73602e-35  2.18965e-36   1.2009e-34 -5.97443e-37 -1.76387e-35  9.06191e-37 -1.75949e-34  6.34432e-37  8.88625e-34 -3.65351e-37 -3.98987e-33 -1.17932e-37  1.61781e-32 -1.42902e-37 -6.08026e-32  2.20703e-38  2.11274e-31 -3.18578e-37 -6.78265e-31  1.12741e-36  2.00891e-30 -3.64289e-36 -5.47926e-30  1.12279e-35  1.37302e-29 -3.21681e-35 -3.15196e-29  8.65259e-35  6.60559e-29  -2.1831e-34 -1.25833e-28  5.16257e-34  2.16727e-28 -1.14337e-33 -3.35234e-28  2.36928e-33  4.61691e-28 -4.58848e-33 -5.59676e-28  8.29419e-33  5.87659e-28 -1.39726e-32 -5.21645e-28  2.18995e-32  3.75552e-28 -3.18716e-32 -2.00794e-28   4.2977e-32  5.88466e-29 -5.35634e-32  1.52428e-29  6.15327e-32 -2.87327e-29 -6.49547e-32   1.4541e-29  6.27888e-32 -1.16349e-30 -5.53641e-32 -2.61282e-30  4.43336e-32  1.27458e-30 -3.20783e-32  2.21055e-32  2.08518e-32 -1.94154e-31 -1.20942e-32  3.80647e-32  6.20858e-33  1.44207e-32 -2.79319e-33 -4.88155e-33  1.08772e-33 -6.62407e-34 -3.60808e-34   2.9675e-34  9.97724e-35  2.06987e-35 -2.23153e-35 -8.20391e-36  3.86095e-36   -5.264e-37 -4.81534e-37  8.18615e-38  3.81981e-38  3.72774e-39 -1.45881e-39  -6.3013e-41
 7.71247e-37 -5.22885e-36 -2.49045e-34 -3.16211e-35   2.4891e-34 -1.07572e-35 -8.08972e-34 -2.30505e-35  1.15331e-33  1.37926e-35   -1.539e-33  6.36271e-35  6.70622e-33  1.15579e-35  -2.6789e-33  5.36734e-35  1.69554e-33 -1.17903e-36 -2.14976e-33  4.99564e-35 -4.38199e-34 -7.08745e-35 -3.04221e-35  9.89061e-36 -1.22535e-33  1.18857e-37  5.49543e-34 -7.15719e-36  3.24601e-34  1.88361e-35  2.09086e-34   1.2495e-36  5.22187e-34  1.41133e-35   6.2823e-35 -1.78163e-35 -1.83629e-34  9.97379e-36  7.95569e-35 -6.36677e-36 -6.34687e-35  2.72874e-36  7.55306e-35 -5.78159e-37  3.96363e-34  1.29484e-36 -2.20574e-33  4.72049e-37  1.00936e-32 -2.73716e-37 -4.26673e-32 -1.55818e-37  1.66593e-31 -2.98197e-37 -6.01941e-31  4.32012e-37  2.01056e-30 -1.75497e-36 -6.20033e-30  5.91207e-36  1.76249e-29 -1.86094e-35 -4.60838e-29  5.52232e-35  1.10549e-28 -1.53394e-34 -2.42529e-28  3.99781e-34  4.84709e-28 -9.76916e-34 -8.78243e-28  2.23658e-33  1.43402e-27 -4.79311e-33 -2.09405e-27  9.60495e-33  2.70755e-27 -1.79754e-32 -3.05782e-27  3.13721e-32  2.95745e-27 -5.09775e-32 -2.37335e-27    7.698e-32  1.48888e-27 -1.07803e-31  -6.2573e-28  1.39675e-31  5.63968e-29 -1.66991e-31  1.49897e-28  1.83688e-31  -1.2028e-28 -1.85291e-31  3.40773e-29  1.70769e-31  1.02019e-29 -1.43204e-31 -1.15318e-29  1.08758e-31  2.35554e-30 -7.44087e-32  1.13717e-30  4.55812e-32  -5.9438e-31 -2.48224e-32 -2.34017e-32   1.1915e-32    6.041e-32 -4.98881e-33 -3.61904e-33  1.79803e-33 -3.57611e-33 -5.48179e-34  2.78625e-34  1.38026e-34  1.19853e-34  -2.7725e-35 -5.24401e-36  4.21262e-36 -1.85572e-36 -4.42975e-37  8.13387e-39  2.71176e-38  5.29388e-39  -5.8985e-40
 5.17062e-37 -3.53176e-35 -1.06234e-35 -3.49995e-34 -4.53819e-35  1.13304e-34  6.19236e-37 -1.03052e-33 -1.97095e-35  1.19269e-33  2.32122e-35 -2.09445e-33  1.15579e-35   7.2627e-33 -3.98446e-35  -3.2499e-33  6.67057e-35  2.13218e-33  8.68614e-36 -2.52898e-33  3.35426e-35 -4.76684e-34 -5.54128e-35 -5.86246e-34  1.63008e-35 -1.31518e-33  4.79577e-36  3.75932e-34 -3.77378e-36  4.44153e-34  2.07646e-35  2.08192e-34  8.24841e-36  5.55183e-34  1.83167e-35  1.21746e-34 -2.30708e-35 -2.59225e-34  1.18745e-35  1.14555e-34 -6.90838e-36  9.43421e-35  3.27549e-36 -8.02217e-34 -5.04047e-37    5.038e-33  1.74622e-36 -2.40714e-32  1.31457e-37  1.05535e-31 -1.57063e-37 -4.28368e-31 -7.79914e-38  1.60904e-30 -9.28138e-37 -5.59007e-30  2.53851e-36  1.79427e-29 -8.95435e-36 -5.31308e-29   2.9166e-35   1.4487e-28 -8.91124e-35 -3.62888e-28  2.55898e-34  8.32676e-28  -6.8903e-34 -1.74402e-27  1.74011e-33   3.3198e-27 -4.11886e-33 -5.71231e-27  9.13009e-33  8.82476e-27 -1.89338e-32 -1.21334e-26  3.66905e-32  1.46751e-26 -6.63479e-32 -1.53594e-26  1.11783e-31  1.35683e-26 -1.75156e-31 -9.69021e-27  2.54738e-31  5.09709e-27 -3.43083e-31 -1.40791e-27  4.26812e-31 -4.75863e-28 -4.89072e-31  7.75031e-28  5.14556e-31 -3.73914e-28 -4.95315e-31  1.91624e-29  4.34518e-31  7.32898e-29 -3.45855e-31 -3.32277e-29   2.4853e-31 -1.58895e-30 -1.60331e-31   5.3846e-30   9.2257e-32 -9.25105e-31 -4.69951e-32 -4.29994e-31  2.10025e-32  1.29091e-31 -8.14438e-33  2.10879e-32  2.70192e-33  -7.9934e-33 -7.52473e-34 -7.25442e-34  1.71269e-34  2.27297e-34 -3.06036e-35  1.70715e-35  4.02325e-36 -2.17152e-36  -3.4626e-37 -1.21348e-37    1.502e-38  1.63664e-39
 4.94561e-35  7.70024e-37 -1.20606e-34  -1.6969e-35 -4.00188e-34 -5.75318e-35 -4.07212e-35  1.83585e-35 -1.24505e-33 -1.77203e-35  1.26472e-33  3.78097e-35  -2.6789e-33 -3.98446e-35  8.06192e-33 -7.98934e-35 -3.75699e-33  7.37181e-35  2.71226e-33  1.80323e-35 -2.97989e-33  1.42443e-35 -5.21436e-34 -3.69973e-35 -1.20918e-33  2.39562e-35 -1.37967e-33  9.78642e-36  1.63021e-34  1.82851e-36  5.31347e-34  2.53569e-35    1.444e-34  1.51234e-35  5.63638e-34  2.49247e-35  1.84861e-34 -2.84183e-35 -2.98553e-34  1.43564e-35 -1.36504e-34 -7.12731e-36   1.9736e-33   3.6869e-36 -1.07547e-32 -4.18583e-37   5.3936e-32  2.18907e-36 -2.45802e-31 -3.52666e-37  1.03663e-30 -1.72006e-37  -4.0475e-30   6.1835e-37  1.46223e-29 -3.87202e-36 -4.88335e-29  1.27593e-35   1.5057e-28 -4.29575e-35 -4.27909e-28  1.35651e-34  1.11853e-27  -4.0208e-34 -2.68222e-27  1.11907e-33  5.88165e-27 -2.92143e-33 -1.17477e-26  7.15106e-33   2.1269e-26 -1.63999e-32  -3.4693e-26  3.52048e-32  5.05921e-26  -7.0659e-32 -6.52931e-26  1.32425e-31  7.35491e-26 -2.31392e-31 -7.08648e-26  3.76323e-31  5.65274e-26 -5.68528e-31  -3.5074e-26  7.96102e-31  1.43361e-26 -1.03071e-30 -8.53601e-28  1.23044e-30 -3.83027e-27 -1.35021e-30   2.9128e-27  1.35728e-30 -7.64557e-28 -1.24513e-30 -2.85992e-28  1.03797e-30  2.85882e-28 -7.82563e-31 -5.18528e-29  5.30757e-31 -3.06668e-29 -3.21881e-31  1.44955e-29  1.73349e-31  9.67962e-31 -8.22435e-32 -1.54768e-30  3.40488e-32  6.35386e-32 -1.21576e-32   9.4103e-32  3.68805e-33 -5.68698e-33 -9.31164e-34 -3.23837e-33  1.89877e-34  1.03104e-34 -2.98228e-35  4.95569e-35  3.32472e-36  1.33099e-37 -2.23596e-37 -1.41467e-37  5.65445e-39
 9.71436e-37  1.17433e-34  1.27064e-36 -2.40689e-34 -2.20095e-35 -3.48195e-34 -6.71154e-35 -1.65787e-34  3.81044e-35  -1.4451e-33  -1.5013e-35  1.41656e-33  5.36734e-35  -3.2499e-33 -7.98934e-35  9.07463e-33 -1.02546e-34 -4.13021e-33  7.24682e-35  3.36164e-33  2.59446e-35  -3.4428e-33 -5.65866e-36  -5.8842e-34 -1.81482e-35 -1.78667e-33  3.36358e-35 -1.41183e-33  1.33706e-35 -7.05959e-35  9.70264e-36  5.87275e-34  3.32042e-35  1.44496e-35  2.04311e-35  5.67224e-34  3.42207e-35  1.82065e-34 -3.33734e-35  2.17654e-34  1.71839e-35 -3.72949e-33 -6.95098e-36  2.22387e-32  3.76987e-36 -1.13912e-31 -3.97709e-37  5.40132e-31  2.49725e-36 -2.36711e-30 -7.87243e-37  9.60559e-30   -9.753e-37 -3.60782e-29  4.28222e-36  1.25329e-28 -1.75494e-35 -4.02225e-28   5.9588e-35  1.19085e-27 -1.94288e-34 -3.24635e-27  5.95221e-34  8.12957e-27 -1.71192e-33 -1.86471e-26  4.62157e-33  3.90375e-26 -1.17025e-32 -7.42626e-26  2.77767e-32  1.27677e-25 -6.17459e-32 -1.97026e-25  1.28411e-31  2.70491e-25 -2.49529e-31 -3.26472e-25  4.52411e-31  3.40667e-25 -7.64032e-31 -2.99554e-25  1.19959e-30  2.12265e-25  -1.7473e-30 -1.09832e-25  2.35543e-30  2.84382e-26 -2.93069e-30  1.22192e-26  3.35554e-30 -1.77031e-26 -3.52367e-30  8.15214e-27  3.38105e-30 -1.75188e-28 -2.95212e-30 -1.73538e-27  2.33471e-30  7.33616e-28 -1.66384e-30  5.85868e-29   1.0623e-30 -1.26478e-28 -6.03682e-31  1.88848e-29  3.03076e-31  1.07417e-29 -1.33273e-31 -2.87822e-30  5.08114e-32 -5.60981e-31 -1.65887e-32  1.83162e-31  4.56392e-33  2.03726e-32 -1.03481e-33 -5.28583e-33  1.86917e-34  -4.6743e-34 -2.54064e-35  4.93074e-35  2.33392e-36  3.23652e-36 -1.12927e-37 -3.40864e-38
 8.00497e-36  2.80219e-36  2.04922e-34  2.16899e-36 -3.61154e-34 -2.37351e-35 -1.79696e-34 -7.46151e-35 -2.47715e-34  5.42046e-35 -1.63975e-33 -9.58381e-36  1.69554e-33  6.67057e-35 -3.75699e-33 -1.02546e-34  1.02144e-32 -1.07345e-34 -4.28408e-33  6.12069e-35  3.96432e-33  3.34264e-35 -3.84037e-33 -2.51653e-35 -6.84892e-34 -1.12968e-36 -2.21587e-33  4.67031e-35 -1.39386e-33  1.31847e-35 -3.07837e-34  2.03235e-35  6.34845e-34  4.43974e-35 -1.84463e-34  2.26952e-35  7.17483e-34  4.61383e-35 -7.90252e-34 -3.73966e-35   6.9166e-33  1.99141e-35 -4.25606e-32  -6.3635e-36   2.2817e-31  3.31901e-36 -1.12221e-30 -5.07473e-37  5.11127e-30  2.40813e-36 -2.15547e-29 -3.94775e-37  8.41553e-29 -5.39426e-36  -3.0401e-28  2.12643e-35  1.01521e-27  -7.8062e-35  -3.1299e-27  2.61465e-34  8.89365e-27 -8.27645e-34 -2.32428e-26  2.46156e-33  5.57209e-26 -6.87363e-33 -1.22142e-25  1.80135e-32  2.43844e-25 -4.42737e-32 -4.41187e-25  1.01971e-31  7.19014e-25 -2.19868e-31 -1.04727e-24  4.43277e-31  1.34933e-24 -8.34466e-31 -1.51632e-24   1.4644e-30  1.45576e-24 -2.39126e-30 -1.15453e-24  3.62578e-30  7.08631e-25 -5.09285e-30 -2.81446e-25  6.60941e-30   7.6029e-27 -7.90185e-30  8.34494e-26  8.67434e-30 -6.04236e-26  -8.7117e-30  1.46258e-26    7.972e-30  6.73051e-27 -6.61708e-30 -6.06494e-27  4.95689e-30  9.65388e-28 -3.33228e-30  7.02557e-28  1.99757e-30 -3.02797e-28 -1.06015e-30 -2.86705e-29  4.94052e-31  3.38689e-29 -2.00268e-31 -7.62265e-31   6.9834e-32 -2.12029e-30 -2.06689e-32  9.44397e-32  5.10408e-33  7.44141e-32 -1.02662e-33 -1.52335e-33  1.61849e-34 -1.13685e-33 -1.86401e-35 -1.01699e-35   1.3493e-36   3.2038e-36 -3.87994e-38
  3.2534e-37 -1.38339e-35  5.35702e-36  3.04893e-34  3.03653e-36 -4.56435e-34 -2.16886e-35  7.09473e-35 -8.07076e-35 -3.01966e-34  6.22097e-35 -1.86088e-33 -1.17903e-36  2.13218e-33  7.37181e-35 -4.13021e-33 -1.07345e-34  1.13691e-32  -9.8469e-35  -4.1445e-33  3.83584e-35  4.40959e-33   4.3323e-35 -4.10899e-33 -4.45235e-35 -7.98453e-34  1.23999e-35 -2.42378e-33  6.49788e-35 -1.30121e-33  6.66431e-36 -5.37213e-34   3.4324e-35  7.38906e-34  5.84139e-35 -6.40748e-34   2.0912e-35  2.56449e-33  6.01267e-35 -1.25312e-32 -3.99501e-35  7.76395e-32  2.19534e-35 -4.31907e-31 -5.42148e-36  2.20967e-30  2.14852e-36 -1.04561e-29 -6.66227e-37   4.5822e-29  1.10173e-36 -1.85942e-28   3.9823e-36  6.98381e-28 -2.52284e-35 -2.42598e-27  9.40281e-35  7.78538e-27 -3.29197e-34 -2.30478e-26  1.07588e-33  6.28223e-26 -3.30957e-33 -1.57292e-25  9.56551e-33  3.60694e-25 -2.59599e-32 -7.54838e-25  6.61171e-32  1.43525e-24 -1.57907e-31  -2.4659e-24  3.53308e-31  3.80172e-24  -7.3972e-31 -5.21241e-24  1.44728e-30  6.27935e-24 -2.64192e-30 -6.53414e-24  4.49146e-30  5.72055e-24 -7.09685e-30 -4.02291e-24   1.0398e-29  2.04755e-24 -1.40904e-29 -4.93911e-25  1.76087e-29 -2.65321e-25 -2.02288e-29  3.49092e-25  2.12864e-29 -1.53607e-25 -2.04361e-29 -1.43779e-27  1.78213e-29  3.53881e-26 -1.40469e-29 -1.39883e-26  9.95223e-30 -1.58706e-27 -6.29876e-30  2.56428e-27  3.53608e-30 -3.28695e-28 -1.74674e-30 -2.30105e-28  7.52248e-31  5.52797e-29  -2.7943e-31  1.27078e-29  8.84155e-32 -3.62828e-30  -2.3477e-32 -4.80107e-31  5.13457e-33  1.05857e-31 -9.01184e-34  1.09075e-32  1.21514e-34 -9.66925e-34 -1.15033e-35  -7.3588e-35   6.0581e-37  5.84438e-37
 2.73464e-36  7.43091e-37 -5.99857e-35  8.23144e-36  4.07791e-34  3.14778e-36 -5.29522e-34 -1.70019e-35  3.32502e-34 -8.49657e-35 -3.48815e-34  6.04323e-35 -2.14976e-33  8.68614e-36  2.71226e-33  7.24682e-35 -4.28408e-33  -9.8469e-35  1.24419e-32 -8.25177e-35 -3.68737e-33  2.61486e-36   4.6429e-33    5.959e-35 -4.21939e-33 -6.48348e-35 -8.97551e-34   2.1482e-35 -2.37545e-33  9.02198e-35 -1.10994e-33 -8.13049e-36  -7.8597e-34  5.20473e-35  1.27584e-33  7.41252e-35 -3.75333e-33  1.49985e-35   2.2348e-32  7.50791e-35 -1.34581e-31 -4.06012e-35  7.76434e-31  2.26554e-35 -4.12754e-30 -4.23404e-36  2.02991e-29  4.37288e-38 -9.24381e-29 -1.82697e-37  3.89831e-28 -4.52597e-36 -1.52204e-27   2.4671e-35  5.49843e-27 -1.06028e-34 -1.83614e-26  3.81977e-34  5.66065e-26 -1.29508e-33 -1.60838e-25  4.12253e-33  4.20294e-25  -1.2342e-32 -1.00742e-24  3.47234e-32  2.20777e-24  -9.1748e-32 -4.40602e-24  2.27509e-31  7.96782e-24 -5.28956e-31 -1.29761e-23  1.15179e-30  1.88809e-23 -2.34569e-30 -2.42912e-23  4.46107e-30  2.72386e-23  -7.9086e-30  -2.6064e-23  1.30428e-29  2.05568e-23 -1.99649e-29  -1.2484e-23  2.82929e-29  4.81389e-24 -3.70146e-29  3.63575e-26  4.45643e-29 -1.57725e-24  -4.9204e-29  1.09183e-24  4.96283e-29   -2.424e-25 -4.55304e-29 -1.35892e-25  3.78119e-29  1.12002e-25 -2.82731e-29 -1.54152e-26  1.89193e-29 -1.39214e-26 -1.12521e-29  5.50827e-27  5.90117e-30  6.79781e-28 -2.70433e-30 -6.44702e-28  1.07146e-30  2.83925e-30 -3.62444e-31  4.15583e-29  1.03136e-31 -1.23731e-30 -2.42567e-32 -1.48445e-30  4.61574e-33  1.45535e-32 -6.90658e-34  2.27049e-32  7.73392e-35  3.36614e-34 -5.73951e-36 -6.29946e-35  1.82647e-37
 -7.5993e-37  1.78463e-35  1.85401e-36 -1.16655e-34  1.07859e-35  5.03898e-34  2.03516e-36 -6.04906e-34 -1.13513e-35  5.17656e-34 -8.57513e-35 -3.95408e-34  4.99564e-35 -2.52898e-33  1.80323e-35  3.36164e-33  6.12069e-35  -4.1445e-33 -8.25177e-35  1.33869e-32 -6.58615e-35 -2.96724e-33 -4.66135e-35  4.69163e-33  8.63663e-35 -4.17703e-33 -8.75113e-35 -9.43076e-34  2.58849e-35 -2.07706e-33  1.23319e-34 -7.58736e-34  -3.1579e-35 -1.52444e-33  7.31552e-35  5.95899e-33  8.99407e-35 -3.49984e-32  5.95862e-36  2.22874e-31  8.94057e-35 -1.32615e-30 -3.91523e-35   7.3274e-30  2.14278e-35   -3.745e-29 -2.86209e-36  1.77221e-28   -3.559e-36 -7.76671e-28  3.73394e-36  3.15184e-27 -2.56538e-35 -1.18386e-26  1.04897e-34  4.11257e-26 -4.03689e-34 -1.31983e-25  1.41549e-33  3.90721e-25 -4.67343e-33 -1.06497e-24   1.4515e-32  2.66622e-24  -4.2411e-32 -6.11319e-24  1.16502e-31  1.27904e-23 -3.00639e-31 -2.43112e-23  7.28128e-31  4.17474e-23 -1.65317e-30 -6.43137e-23   3.5138e-30  8.80804e-23 -6.98071e-30 -1.05934e-22  1.29389e-29  1.09955e-22 -2.23296e-29 -9.58716e-23  3.57984e-29  6.69295e-23 -5.31797e-29 -3.35102e-23  7.29978e-29   7.4781e-24 -9.23017e-29  4.97005e-24  1.07142e-28 -6.03138e-24 -1.13743e-28  2.53864e-24  1.09971e-28  1.04968e-25 -9.63841e-29 -6.31073e-25  7.61816e-29  2.33835e-25 -5.39857e-29  3.47614e-26  3.40735e-29   -4.555e-26 -1.90094e-29  4.92887e-27  9.29188e-30  4.29854e-27 -3.93822e-30 -9.29034e-28  1.42932e-30 -2.49409e-28 -4.37517e-31  6.30238e-29  1.10872e-31   9.7354e-30 -2.27401e-32 -1.85653e-30  3.67457e-33  -2.2044e-31 -4.52584e-34  1.65712e-32  4.01721e-35  1.45706e-33 -2.14862e-36 -8.25574e-36
-9.78837e-36 -1.89476e-36  3.25952e-35  4.12319e-36 -1.68245e-34   1.2124e-35  5.87458e-34 -1.37145e-37 -7.05167e-34 -5.86919e-36  5.45378e-34 -8.12845e-35 -4.38199e-34  3.35426e-35 -2.97989e-33  2.59446e-35  3.96432e-33  3.83584e-35 -3.68737e-33 -6.58615e-35  1.42271e-32  -5.2376e-35 -2.11763e-33 -1.08653e-34  4.65358e-33   1.2717e-34 -4.00658e-33 -1.13767e-34 -8.98339e-34  2.61764e-35 -1.63449e-33  1.63485e-34  4.06399e-34 -6.18808e-35 -8.02228e-33  9.64804e-35  5.29431e-32  1.04063e-34 -3.47682e-31 -4.34694e-36  2.15644e-30  1.01277e-34 -1.23758e-29 -3.57465e-35  6.57445e-29  1.78075e-35 -3.23315e-28 -1.06594e-36  1.47243e-27 -1.04692e-35  -6.2101e-27   1.9577e-35  2.42486e-26 -9.52051e-35 -8.76058e-26  3.68052e-34  2.92571e-25 -1.35275e-33 -9.02019e-25  4.64098e-33  2.56303e-24 -1.50095e-32 -6.69757e-24  4.57317e-32   1.6053e-23 -1.31194e-31 -3.51761e-23  3.54053e-31  7.01856e-23 -8.97838e-31 -1.26879e-22  2.13668e-30   2.0652e-22 -4.76467e-30 -3.00253e-22  9.93884e-30  3.85811e-22 -1.93559e-29 -4.31802e-22  3.51194e-29   4.1193e-22 -5.92276e-29 -3.23207e-22  9.26062e-29  1.94259e-22  -1.3387e-28 -7.26731e-23  1.78375e-28 -3.21405e-24 -2.18342e-28  2.62134e-23  2.44629e-28 -1.74115e-23 -2.49856e-28  3.52366e-24  2.31604e-28  2.39266e-24 -1.93876e-28 -1.82458e-24   1.4575e-28  2.13007e-25 -9.77871e-29  2.42021e-25  5.81338e-29 -8.84259e-26 -3.03698e-29 -1.35365e-26  1.38055e-29  1.08238e-26 -5.39619e-30  1.43153e-28    1.787e-30 -7.18073e-28 -4.92017e-31  1.14343e-29  1.09909e-31   2.6086e-29 -1.92972e-32    5.354e-33  2.55908e-33 -3.99949e-31 -2.44831e-34 -8.18478e-33  1.58348e-35  1.09243e-33 -5.03692e-37
-9.28757e-38 -2.36315e-35 -3.46388e-36  3.44118e-35  7.52174e-36 -2.02921e-34  1.13776e-35  6.56908e-34 -2.61224e-36 -8.33803e-34 -7.71884e-37  3.63853e-34 -7.08745e-35 -4.76684e-34  1.42443e-35  -3.4428e-33  3.34264e-35  4.40959e-33  2.61486e-36 -2.96724e-33  -5.2376e-35  1.50443e-32  -4.2239e-35 -1.32028e-33 -1.81198e-34  4.65777e-33  1.84288e-34  -3.7402e-33 -1.44236e-34 -6.59468e-34  2.38007e-35 -1.97808e-33  2.07754e-34  9.57636e-33 -9.51282e-35  -7.4557e-32  1.20184e-34  5.17593e-31  1.14776e-34 -3.33487e-30 -1.37612e-35  1.99105e-29   1.0898e-34 -1.09944e-28 -3.09074e-35  5.61927e-28  1.15278e-35  -2.6594e-27  1.80116e-36  1.16562e-26 -2.38378e-35  -4.7308e-26  6.12586e-35  1.77715e-25 -2.65643e-34 -6.17427e-25  1.00854e-33  1.98169e-24 -3.64206e-33 -5.86713e-24  1.23971e-32  1.59929e-23 -3.98783e-32 -4.00406e-23  1.21076e-31   9.1805e-23 -3.46446e-31 -1.92063e-22  9.32697e-31  3.64993e-22 -2.35818e-30 -6.26553e-22  5.58852e-30  9.64691e-22 -1.23882e-29 -1.32001e-21  2.56315e-29  1.58535e-21 -4.93868e-29 -1.64183e-21  8.84057e-29  1.42618e-21 -1.46649e-28 -9.88734e-22  2.24818e-28  4.87052e-22 -3.17586e-28  -9.9752e-23  4.12089e-28 -8.15409e-23 -4.89457e-28  9.23785e-23  5.30126e-28  -3.7235e-23 -5.21387e-28 -2.77272e-24  4.63483e-28  9.96129e-24  -3.7046e-28 -3.46811e-24  2.64694e-28 -6.43306e-25 -1.67941e-28  7.17434e-25   9.3897e-29 -6.40577e-26 -4.58482e-29 -7.09406e-26  1.93402e-29  1.38314e-26 -6.95349e-30  4.30165e-27  2.09399e-30 -9.71502e-28 -5.15901e-31 -1.72788e-28  1.00609e-31  2.88782e-29  -1.4805e-32  3.91466e-30  1.53385e-33 -2.50974e-31 -1.02125e-34 -2.54862e-32  3.96019e-36  9.30458e-35
 2.89723e-36 -6.21011e-38 -3.56976e-35 -5.39481e-36  1.82593e-35  1.14771e-35 -2.13319e-34  8.22832e-36   7.1008e-34 -4.41082e-36 -9.75872e-34  4.32093e-36 -3.04221e-35 -5.54128e-35 -5.21436e-34 -5.65866e-36 -3.84037e-33   4.3323e-35   4.6429e-33 -4.66135e-35 -2.11763e-33  -4.2239e-35  1.59475e-32 -3.20879e-35 -7.56222e-34  -2.6025e-34  4.82729e-33  2.58268e-34 -3.50397e-33 -1.78699e-34  8.53042e-34  2.10104e-35 -1.25681e-32  2.51123e-34  1.00328e-31 -1.26172e-34 -7.31264e-31  1.42145e-34  4.91726e-30  1.20683e-34 -3.05324e-29 -2.05133e-35  1.75313e-28  1.11304e-34 -9.31353e-28 -2.56831e-35  4.58071e-27  3.55211e-36 -2.08643e-26   2.1738e-36  8.80098e-26 -2.80504e-35 -3.43704e-25  6.76162e-35  1.24194e-24 -3.12499e-34 -4.14824e-24  1.28334e-33  1.27912e-23 -5.05295e-33 -3.63504e-23  1.87942e-32  9.49995e-23  -6.5757e-32 -2.27715e-22   2.1542e-31  4.98994e-22 -6.58569e-31 -9.95569e-22  1.87439e-30  1.79945e-21 -4.95774e-30 -2.92794e-21  1.21682e-29  4.25428e-21 -2.76752e-29 -5.46115e-21  5.82457e-29  6.10223e-21 -1.13263e-28 -5.80564e-21  2.03154e-28  4.53326e-21 -3.35457e-28  -2.6976e-21  5.08821e-28  9.78506e-22 -7.07163e-28  8.12456e-23  8.97965e-28 -3.87242e-22 -1.03843e-27  2.47639e-22  1.08962e-27 -4.53647e-23 -1.03314e-27 -3.72073e-23  8.81036e-28  2.65026e-23 -6.72162e-28 -2.55822e-24  4.56017e-28 -3.73391e-24 -2.73218e-28  1.26637e-24  1.43404e-28  2.32651e-25 -6.53085e-29 -1.62061e-25  2.55051e-29 -4.91975e-27 -8.41398e-30  1.10586e-26  2.29775e-30  -3.2004e-29 -5.04601e-31 -4.08476e-28  8.52377e-32 -3.92671e-30 -1.02872e-32  6.28367e-30  7.75043e-34  1.62767e-31 -2.74603e-35 -1.69056e-32  2.36128e-37
-2.94695e-37  4.93628e-36  2.16743e-37  -3.7323e-35 -7.58556e-36 -1.01519e-35  1.51763e-35 -1.94954e-34  3.27907e-36  7.39095e-34 -4.74212e-36 -1.11093e-33  9.89061e-36 -5.86246e-34 -3.69973e-35  -5.8842e-34 -2.51653e-35 -4.10899e-33    5.959e-35  4.69163e-33 -1.08653e-34 -1.32028e-33 -3.20879e-35   1.7033e-32 -1.63556e-35 -5.67941e-34 -3.40329e-34  5.35753e-33  3.47439e-34  -4.5982e-33 -2.15888e-34  1.52433e-32  2.05155e-35  -1.2862e-31  2.87433e-34  9.86702e-31 -1.50027e-34   -6.911e-30   1.6041e-34  4.46744e-29  1.20827e-34 -2.66774e-28 -2.38286e-35  1.47337e-27  1.08188e-34 -7.53152e-27 -2.36632e-35  3.56498e-26  6.28304e-36 -1.56281e-25 -5.27647e-35  6.34401e-25  1.95394e-34 -2.38361e-24 -7.96958e-34   8.2829e-24  2.73176e-33   -2.659e-23 -8.56145e-33  7.87394e-23  2.40544e-32  -2.1467e-22 -5.92295e-32  5.37546e-22  1.21257e-31 -1.23263e-21 -1.74809e-31  2.57893e-21  7.66969e-33 -4.90085e-21  1.12334e-30  8.41161e-21 -5.25679e-30 -1.29467e-20  1.70786e-29  1.77037e-20 -4.57905e-29 -2.12385e-20  1.06788e-28  2.19529e-20 -2.21486e-28  -1.9005e-20  4.12965e-28  1.30898e-20  -6.9587e-28  -6.3459e-21  1.06215e-27  1.18201e-21 -1.46915e-27  1.18559e-21   1.8398e-27 -1.26626e-21 -2.08187e-27  4.89372e-22  2.12275e-27  5.31638e-23 -1.94333e-27 -1.40546e-22  1.59037e-27  4.60874e-23 -1.15749e-27  1.03197e-23    7.447e-28 -1.01182e-23 -4.20558e-28  7.22294e-25  2.06745e-28  1.04514e-24 -8.75905e-29 -1.84279e-25  3.15835e-29  -6.5951e-26 -9.53555e-30  1.34249e-26  2.35611e-30  2.71906e-27 -4.60221e-31 -4.02564e-28  6.70549e-32 -6.18143e-29 -6.52131e-33  3.39166e-30  3.23105e-34   3.9819e-31 -1.01989e-36 -7.37492e-34
