 0.000647001  5.56653e-21  -0.00287508 -6.06595e-20   0.00372929  1.32321e-19  -0.00141754 -8.36475e-20 -0.000680185 -1.00307e-20  0.000496853  8.46766e-21  0.000107097  1.15293e-20 -8.79094e-05 -1.24577e-21 -1.26715e-05 -2.31646e-21  6.00058e-06  3.33578e-22  3.82151e-07
 5.56653e-21    0.0044231  4.19566e-20   -0.0103553 -2.78979e-19   0.00868173   4.0943e-19 -0.000900266 -1.39291e-19  -0.00242885 -6.51112e-20  0.000642685 -7.33843e-21  0.000456078  3.59241e-20  -0.00012243 -1.53198e-21 -4.62514e-05 -2.72452e-21  6.33416e-06  1.82789e-22
 -0.00287508  4.19566e-20    0.0140738   1.6352e-19   -0.0211749 -7.33024e-19    0.0113054  7.37808e-19   0.00242632 -6.95407e-20  -0.00420659 -1.34489e-19  9.14045e-05 -5.87248e-20  0.000854753  5.54473e-20 -6.22608e-05 -9.71909e-22 -7.46443e-05 -9.34541e-22  2.30335e-06
-6.06595e-20   -0.0103553   1.6352e-19    0.0279286  4.06113e-19   -0.0295422 -1.31048e-18   0.00886675  8.81979e-19   0.00710675  1.51907e-19  -0.00481322 -1.64169e-19 -0.000966138 -1.08575e-19   0.00107348  4.88152e-20  5.87279e-05 -1.85026e-21 -7.64581e-05  9.89833e-22
  0.00372929 -2.78979e-19   -0.0211749  4.06113e-19     0.039402  7.20173e-19   -0.0310258 -1.73923e-18   0.00279056  7.01984e-19     0.010829  4.07739e-19  -0.00408703 -1.33827e-19  -0.00203966 -1.03655e-19   0.00104847  1.68708e-20  0.000169014 -4.69747e-21 -5.08725e-05
 1.32321e-19   0.00868173 -7.33024e-19   -0.0295422  7.20173e-19    0.0433207  9.82093e-19   -0.0266848 -1.80877e-18  -0.00354347  3.03084e-19    0.0126287  5.23492e-19  -0.00265253 -6.46486e-20  -0.00280898 -3.10371e-20  0.000853083 -1.94325e-20  0.000216547 -6.47104e-21
 -0.00141754   4.0943e-19    0.0113054 -1.31048e-18   -0.0310258  9.82093e-19     0.040528    1.085e-18   -0.0206033 -1.52397e-18  -0.00813456 -6.13665e-20    0.0129461  3.94212e-19   -0.0011265  1.60651e-20  -0.00321098  7.51437e-20   0.00058797 -3.96235e-20  0.000179282
-8.36475e-20 -0.000900266  7.37808e-19   0.00886675 -1.73923e-18   -0.0266848    1.085e-18    0.0353447   1.0021e-18   -0.0156622 -1.03405e-18   -0.0109372 -2.08472e-19    0.0125604  3.39872e-20  0.000201002  8.97508e-20  -0.00329948  1.65349e-19  0.000327746 -3.44792e-20
-0.000680185 -1.39291e-19   0.00242632  8.81979e-19   0.00279056 -1.80877e-18   -0.0206033   1.0021e-18    0.0310002   7.6259e-19   -0.0124611 -4.53168e-19   -0.0126671 -1.34902e-19    0.0119762 -4.63845e-19   0.00126763  1.44048e-19  -0.00312986   2.0137e-19  0.000120509
-1.00307e-20  -0.00242885 -6.95407e-20   0.00710675  7.01984e-19  -0.00354347 -1.52397e-18   -0.0156622   7.6259e-19    0.0283467  3.90278e-19   -0.0105231  2.28046e-19   -0.0139279  6.10042e-20    0.0114073 -9.76715e-19   0.00208629  1.78701e-19  -0.00271277  1.84925e-19
 0.000496853 -6.51112e-20  -0.00420659  1.51907e-19     0.010829  3.03084e-19  -0.00813456 -1.03405e-18   -0.0124611  3.90278e-19    0.0270519 -1.26425e-19  -0.00933527  1.07432e-18   -0.0150613   2.8766e-19      0.01092 -1.36152e-18   0.00266365   1.5008e-19  -0.00198296
 8.46766e-21  0.000642685 -1.34489e-19  -0.00481322  4.07739e-19    0.0126287 -6.13665e-20   -0.0109372 -4.53168e-19   -0.0105231 -1.26425e-19    0.0266973 -8.13265e-19  -0.00861038  2.06471e-18   -0.0162623   4.4212e-19     0.010521 -1.49769e-18   0.00295522 -1.53172e-19
 0.000107097 -7.33843e-21  9.14045e-05 -1.64169e-19  -0.00408703  5.23492e-19    0.0129461 -2.08472e-19   -0.0126671  2.28046e-19  -0.00933527 -8.13265e-19    0.0270881 -1.63945e-18  -0.00822071    3.009e-18   -0.0176802  4.39338e-19    0.0101788 -1.42411e-18   0.00278602
 1.15293e-20  0.000456078 -5.87248e-20 -0.000966138 -1.33827e-19  -0.00265253  3.94212e-19    0.0125604 -1.34902e-19   -0.0139279  1.07432e-18  -0.00861038 -1.63945e-18    0.0282202 -2.42827e-18  -0.00812489  3.60068e-18   -0.0194813  7.50925e-19   0.00979076 -1.59234e-18
-8.79094e-05  3.59241e-20  0.000854753 -1.08575e-19  -0.00203966 -6.46486e-20   -0.0011265  3.39872e-20    0.0119762  6.10042e-20   -0.0150613  2.06471e-18  -0.00822071 -2.42827e-18    0.0302469  -2.8798e-18  -0.00834405  3.59291e-18   -0.0218714  2.97936e-18   0.00927562
-1.24577e-21  -0.00012243  5.54473e-20   0.00107348 -1.03655e-19  -0.00280898  1.60651e-20  0.000201002 -4.63845e-19    0.0114073   2.8766e-19   -0.0162623    3.009e-18  -0.00812489  -2.8798e-18    0.0335289 -2.98085e-18  -0.00901648  3.21348e-18   -0.0253989  8.17982e-18
-1.26715e-05 -1.53198e-21 -6.22608e-05  4.88152e-20   0.00104847 -3.10371e-20  -0.00321098  8.97508e-20   0.00126763 -9.76715e-19      0.01092   4.4212e-19   -0.0176802  3.60068e-18  -0.00834405 -2.98085e-18    0.0388516 -3.98063e-18   -0.0102248  4.13771e-18   -0.0316457
-2.31646e-21 -4.62514e-05 -9.71909e-22  5.87279e-05  1.68708e-20  0.000853083  7.51437e-20  -0.00329948  1.44048e-19   0.00208629 -1.36152e-18     0.010521  4.39338e-19   -0.0194813  3.59291e-18  -0.00901648 -3.98063e-18    0.0480309 -9.00442e-18   -0.0132915  1.74822e-17
 6.00058e-06 -2.72452e-21 -7.46443e-05 -1.85026e-21  0.000169014 -1.94325e-20   0.00058797  1.65349e-19  -0.00312986  1.78701e-19   0.00266365 -1.49769e-18    0.0101788  7.50925e-19   -0.0218714  3.21348e-18   -0.0102248 -9.00442e-18    0.0632303 -1.57003e-17   -0.0297231
 3.33578e-22  6.33416e-06 -9.34541e-22 -7.64581e-05 -4.69747e-21  0.000216547 -3.96235e-20  0.000327746   2.0137e-19  -0.00271277   1.5008e-19   0.00295522 -1.42411e-18   0.00979076  2.97936e-18   -0.0253989  4.13771e-18   -0.0132915 -1.57003e-17     0.132474 -1.27845e-16
 3.82151e-07  1.82789e-22  2.30335e-06  9.89833e-22 -5.08725e-05 -6.47104e-21  0.000179282 -3.44792e-20  0.000120509  1.84925e-19  -0.00198296 -1.53172e-19   0.00278602 -1.59234e-18   0.00927562  8.17982e-18   -0.0316457  1.74822e-17   -0.0297231 -1.27845e-16     0.279566
