  6.5489e-34 -2.78771e-38 -2.27553e-34 -1.21495e-35  5.89694e-34    3.631e-36  4.69158e-34  2.07936e-35 -5.93035e-34  1.93277e-35  4.42917e-35  1.05495e-35 -5.17164e-35 -4.51092e-36 -1.11269e-34 -1.52529e-36   1.7049e-34  2.02134e-37 -6.62015e-34 -1.57638e-36  4.87455e-33 -2.82492e-37 -3.14921e-32 -4.95587e-38   1.7887e-31  2.62917e-37 -8.98087e-31 -8.28076e-40  4.00238e-30 -6.14323e-38 -1.58776e-29 -1.67925e-38  5.61716e-29  1.10081e-37 -1.77379e-28 -4.13694e-37  4.99958e-28  1.61692e-36 -1.25657e-27 -5.79623e-36  2.81042e-27  1.91447e-35 -5.57515e-27 -5.83734e-35  9.76143e-27   1.6442e-34 -1.49788e-26 -4.28145e-34  1.99389e-26  1.03141e-33 -2.26734e-26 -2.29982e-33  2.14886e-26  4.74828e-33 -1.62297e-26 -9.07934e-33  8.81548e-27  1.60805e-32 -2.26824e-27 -2.63802e-32 -1.24081e-27  4.00844e-32  1.68894e-27 -5.64084e-32 -6.97387e-28   7.3506e-32 -1.20748e-28 -8.86822e-32  2.59344e-28  9.90371e-32 -7.46528e-29 -1.02355e-31 -4.00731e-29  9.78726e-32  2.92427e-29 -8.65655e-32  2.20926e-30  7.08038e-32 -6.44705e-30 -5.35451e-32  4.20529e-31  3.74369e-32  1.10331e-30 -2.41991e-32  -1.2244e-31  1.44603e-32  -1.6259e-31 -7.98269e-33  1.41725e-32  4.06285e-33  2.04691e-32 -1.89774e-33 -2.24174e-34  8.06809e-34 -2.02365e-33 -3.08179e-34 -1.86704e-34  1.03835e-34  1.34145e-34 -3.00936e-35  2.85106e-35  7.23802e-36 -3.91864e-36 -1.36051e-36 -1.87968e-36   1.7323e-37  -9.7225e-38 -5.97425e-39  5.09496e-38 -3.39032e-39  8.56123e-39  9.32994e-40 -3.40208e-43 -1.14849e-40 -1.36083e-40  1.78432e-42 -1.25815e-41  1.71124e-42  6.39218e-45  -2.3523e-43  5.37061e-44  7.69238e-45  2.92243e-45  3.77495e-46  1.51116e-47    -1.11e-47
-2.78771e-38  2.36159e-33  2.61131e-37  -4.7199e-34  -4.4617e-35  4.61658e-34  6.33015e-36  1.00574e-33  3.78667e-35 -1.36056e-33  4.06911e-35  1.71899e-34  2.36812e-35 -6.60621e-35 -1.20501e-35 -4.67754e-34 -2.13808e-36  3.38409e-33  1.72404e-37 -2.55642e-32  -2.7483e-36  1.76575e-31 -3.69099e-37 -1.07034e-30 -7.92394e-38  5.72247e-30  6.06776e-37 -2.71096e-29  -5.1336e-38  1.14187e-28 -3.09898e-38 -4.28624e-28 -3.86973e-37  1.43581e-27  1.74954e-36 -4.29414e-27 -6.96487e-36  1.14605e-26  2.61528e-35 -2.72546e-26 -9.01914e-35   5.7603e-26  2.86741e-34 -1.07763e-25 -8.41501e-34   1.7741e-25  2.28166e-33 -2.54861e-25 -5.71984e-33  3.15552e-25  1.32644e-32 -3.30358e-25 -2.84657e-32  2.83152e-25  5.65433e-32 -1.86311e-25 -1.03969e-31  7.86186e-26  1.76966e-31 -1.95464e-27 -2.78801e-31 -2.59745e-26  4.06497e-31  1.87798e-26 -5.48393e-31 -3.26378e-27  6.84391e-31 -3.87257e-27 -7.89932e-31  2.66931e-27  8.43014e-31  2.20456e-30 -8.31598e-31 -6.62584e-28  7.58031e-31  1.71265e-28 -6.38275e-31  1.08094e-28  4.96293e-31 -5.11971e-29 -3.56282e-31 -1.44022e-29  2.36154e-31  9.74988e-30 -1.44583e-31  1.94062e-30   8.1819e-32 -1.39692e-30 -4.28165e-32 -2.90853e-31  2.07022e-32  1.47686e-31 -9.21296e-33  4.15319e-32  3.74125e-33   -9.879e-33 -1.36622e-33 -4.48116e-33  4.39246e-34  1.83672e-34 -1.20813e-34  2.99036e-34  2.73036e-35  2.96037e-35 -4.73725e-36  -9.3168e-36  5.30443e-37 -2.33242e-36 -4.69399e-39 -1.52767e-38 -1.30649e-38  5.19996e-38  3.15173e-39  6.22508e-39 -3.76541e-40 -6.84146e-41  8.01184e-42 -6.27156e-41  4.57894e-42 -4.16673e-42 -5.69494e-43 -2.43527e-44  1.27885e-44  6.50269e-45  7.28622e-46  9.55282e-47
-2.27553e-34  2.61131e-37  4.62492e-33  1.47345e-36 -8.19719e-34 -9.97846e-35 -2.48352e-34  9.83987e-36  1.38613e-33  3.89167e-35  -1.9837e-33  6.02948e-35  3.15583e-34   3.8965e-35  8.62606e-34 -2.02968e-35  -1.0646e-32 -1.63771e-37  9.08857e-32  3.66803e-37 -6.72256e-31 -3.84779e-36  4.35501e-30 -2.21733e-37 -2.48202e-29 -2.24274e-37  1.25091e-28  1.17957e-36 -5.59727e-28 -3.33971e-37  2.22992e-27  9.31428e-37 -7.92446e-27  -4.8508e-36  2.51429e-26  2.07356e-35 -7.12241e-26 -8.08825e-35  1.79967e-25  2.91613e-34 -4.04799e-25 -9.67904e-34  8.07889e-25  2.96315e-33 -1.42373e-24 -8.37586e-33  2.20008e-24  2.18776e-32 -2.95118e-24 -5.28337e-32  3.38472e-24  1.18013e-31 -3.23954e-24 -2.43865e-31  2.47651e-24  4.66232e-31 -1.36907e-24 -8.24647e-31  3.69972e-25  1.34923e-30  1.80547e-25 -2.04159e-30 -2.62217e-25  2.85629e-30  1.13372e-25 -3.69374e-30  1.60865e-26  4.41404e-30 -4.09502e-26 -4.87285e-30  1.27778e-26  4.96788e-30  6.05122e-27 -4.67574e-30 -4.84453e-27  4.06108e-30 -2.31709e-28 -3.25344e-30  1.05852e-27  2.40294e-30  -9.7068e-29 -1.63565e-30 -1.81137e-28  1.02614e-30  2.54215e-29 -5.93763e-31  2.69187e-29  3.17393e-31 -3.13248e-30 -1.57045e-31 -3.46823e-30   7.1996e-32  1.26792e-31 -3.05009e-32   3.5614e-31  1.18348e-32  2.45537e-32 -4.13552e-33 -2.48337e-32  1.26938e-33 -4.67402e-33 -3.31097e-34  8.25294e-34  7.01447e-35  3.38188e-34 -1.11964e-35  1.12982e-35  1.10014e-36 -9.86591e-36  1.42549e-38 -1.52454e-36 -3.10249e-38   2.4602e-38  7.01707e-39  2.66538e-38 -8.47096e-40  2.24595e-39  2.26412e-41 -1.87006e-41  8.54876e-42  -1.1725e-41 -9.46195e-43 -5.07825e-43  1.39035e-44 -1.67344e-45  6.47537e-46
-1.21495e-35  -4.7199e-34  1.47345e-36  6.94635e-33  2.59772e-36 -1.41766e-33 -1.60639e-34 -9.91282e-34  1.95713e-35  1.37266e-33   2.0325e-35 -1.98354e-33  6.86041e-35 -1.90959e-33  5.28589e-35  2.68373e-32 -2.63879e-35  -2.5131e-31  5.82157e-36  2.00425e-30  1.46822e-36 -1.39011e-29 -5.16008e-36  8.45615e-29  5.46028e-38 -4.53821e-28   -7.107e-37  2.15862e-27  2.36602e-36 -9.13101e-27 -2.48507e-36  3.44295e-26  1.07441e-35 -1.15882e-25 -4.81834e-35  3.48318e-25  1.97783e-34 -9.34584e-25 -7.44798e-34  2.23518e-24  2.58395e-33 -4.75268e-24 -8.26186e-33  8.94894e-24  2.43757e-32 -1.48355e-23 -6.64205e-32  2.14741e-23  1.67255e-31 -2.68109e-23 -3.89374e-31  2.83354e-23   8.3823e-31 -2.45597e-23 -1.66876e-30  1.63991e-23  3.07203e-30 -7.10233e-24 -5.22848e-30  3.26479e-25  8.22476e-30   2.2549e-24 -1.19543e-29 -1.70139e-24  1.60481e-29  3.30225e-25 -1.98914e-29   3.3679e-25   2.2756e-29 -2.48492e-25   -2.402e-29  6.33754e-27  2.33858e-29  6.03857e-26 -2.09926e-29 -1.74366e-26  1.73659e-29 -9.57877e-27 -1.32303e-29   5.0751e-27  9.27586e-30   1.2255e-27 -5.98075e-30 -9.68996e-28  3.54568e-30   -1.607e-28  -1.9346e-30  1.41089e-28  9.73984e-31  2.49095e-29  -4.5429e-31 -1.54452e-29  1.97024e-31 -3.79313e-30  -7.9406e-32  1.11123e-30  2.94666e-32  4.35044e-31 -9.86769e-33 -2.96318e-32  2.89347e-33 -3.10318e-32 -7.14618e-34 -2.49317e-33  1.41311e-34  1.06869e-33 -2.06351e-35  2.34262e-34  1.78824e-36  -2.2987e-36   4.5611e-38 -5.85214e-36  -5.2488e-38 -6.21845e-37  1.20469e-38  1.55208e-38 -1.54338e-39   7.2078e-39  4.98178e-41  4.33616e-40  1.26267e-41 -9.77126e-43 -1.19829e-42 -7.31498e-43  1.00688e-44 -1.01983e-44
 5.89694e-34  -4.4617e-35 -8.19719e-34  2.59772e-36  9.18306e-33  -1.2383e-36  -2.1128e-33 -2.01103e-34 -1.44549e-33  3.72581e-35  7.71057e-34 -7.97531e-36  3.00804e-33  5.95154e-35 -5.68927e-32  6.06812e-35   5.7651e-31 -2.81487e-35 -4.95684e-30  1.58489e-35  3.68877e-29  4.22707e-36 -2.39855e-28 -6.71317e-36  1.37223e-27  3.23634e-37 -6.94391e-27 -2.06122e-36  3.12037e-26  6.90941e-36 -1.24875e-25 -2.03995e-35  4.45883e-25  9.37645e-35 -1.42184e-24 -4.02479e-34  4.04927e-24  1.58893e-33 -1.02896e-23 -5.76632e-33  2.32843e-23  1.92786e-32 -4.67703e-23 -5.94402e-32  8.29946e-23  1.69173e-31 -1.29215e-22 -4.44763e-31  1.74756e-22   1.0806e-30 -2.02272e-22  -2.4269e-30  1.95654e-22  5.03859e-30 -1.51535e-22 -9.66928e-30  8.53809e-23  1.71476e-29 -2.42908e-23 -2.80921e-29 -1.03858e-23  4.24968e-29  1.63061e-23 -5.93356e-29 -7.40923e-24  7.64293e-29 -8.05188e-25 -9.07818e-29  2.58836e-24  9.93949e-29    -8.79e-25 -1.00279e-28 -3.61209e-25  9.31974e-29  3.22039e-25 -7.97583e-29  5.74172e-27  6.28184e-29 -6.95767e-26 -4.54955e-29  8.46726e-27  3.02637e-29  1.18719e-26 -1.84677e-29 -2.06929e-27  1.03307e-29 -1.77826e-27 -5.30201e-30  2.67936e-28  2.50556e-30  2.34658e-28 -1.09761e-30  -1.5592e-29  4.49152e-31 -2.50409e-29  -1.7215e-31 -1.09647e-30  6.12096e-32  1.84526e-30 -1.96908e-32  3.00652e-31  5.51957e-33 -6.92158e-32 -1.28695e-33 -2.41407e-32  2.35668e-34 -3.46144e-34 -3.11554e-35  7.73803e-34   2.4295e-36  1.06615e-34   4.4005e-38 -3.74193e-36 -6.40375e-38  -2.1023e-36  1.70699e-38 -1.58701e-37  -2.4313e-39  3.29294e-39  8.82933e-41  9.61727e-40  1.54742e-41  3.64383e-41 -1.17382e-42  7.10357e-44  4.04638e-45
   3.631e-36  4.61658e-34 -9.97846e-35 -1.41766e-33  -1.2383e-36  1.11138e-32 -1.69739e-35  -2.5805e-33 -2.05173e-34 -1.28679e-33    5.576e-35 -7.04945e-33 -3.31677e-35  1.02356e-31  3.72219e-35 -1.12955e-30  5.82165e-35  1.04938e-29 -2.34694e-35 -8.39554e-29  2.84377e-35  5.84513e-28  8.98486e-36 -3.56934e-27 -8.12417e-36  1.92335e-26  1.07013e-36 -9.18767e-26 -7.99924e-36  3.90397e-25  3.58732e-35 -1.47906e-24 -1.56457e-34   5.0033e-24  7.03771e-34 -1.51193e-23 -2.91039e-33  4.07972e-23  1.10675e-32 -9.81605e-23 -3.87343e-32  2.10063e-22  1.24954e-31 -3.98261e-22 -3.71918e-31   6.6515e-22  1.02216e-30 -9.70606e-22 -2.59529e-30   1.2227e-21  6.08932e-30 -1.30537e-21 -1.32038e-29  1.14512e-21  2.64562e-29 -7.76809e-22 -4.89702e-29   3.4593e-22  8.37016e-29 -2.37975e-23 -1.32041e-28 -1.04806e-22  1.92133e-28  8.29563e-23 -2.57723e-28 -1.79599e-23  3.18496e-28 -1.56224e-23  -3.6244e-28  1.24515e-23  3.79639e-28 -6.74336e-25 -3.65916e-28 -2.94933e-24  3.24465e-28  9.54837e-25 -2.64606e-28  4.50894e-25   1.9835e-28 -2.70823e-25 -1.36524e-28 -5.43115e-26  8.61398e-29  5.17819e-26 -4.97176e-29  6.79349e-27  2.62054e-29 -7.66276e-27 -1.26173e-29  -1.0988e-27  5.57431e-30  8.68228e-28 -2.28299e-30  1.82016e-28  8.78722e-31 -6.67931e-29 -3.20378e-31 -2.25176e-29  1.09519e-31  2.28439e-30 -3.39712e-32  1.72623e-30  9.10941e-33  1.02659e-31 -1.99442e-33 -6.54467e-32  3.33292e-34 -1.25702e-32 -3.90152e-35   3.8759e-34  2.87514e-36  3.52302e-34 -7.94425e-38  3.29204e-35 -4.76853e-38 -1.44365e-36  2.07829e-38 -4.43382e-37 -3.39469e-39 -2.36333e-38  1.26012e-40  2.34417e-40  1.60137e-41  4.65361e-41 -8.59823e-43  6.18377e-43
 4.69158e-34  6.33015e-36 -2.48352e-34 -1.60639e-34  -2.1128e-33 -1.69739e-35  1.23813e-32 -4.74706e-35 -3.23492e-33 -1.75535e-34  8.99281e-33  6.51605e-35 -1.60247e-31 -4.85504e-35  1.92392e-30  1.51732e-35 -1.93774e-29   4.3573e-35  1.67081e-28 -1.02782e-35 -1.24788e-27  4.13203e-35  8.14546e-27  1.54581e-35 -4.67902e-26 -9.50817e-36  2.37788e-25  7.17308e-36 -1.07338e-24 -4.59981e-35   4.3161e-24  2.31527e-34  -1.5489e-23 -1.07193e-33  4.96558e-23  4.65478e-33 -1.42217e-22 -1.85619e-32  3.63564e-22  6.80979e-32 -8.27983e-22 -2.30132e-31  1.67456e-21  7.17255e-31 -2.99348e-21 -2.06342e-30  4.69791e-21  5.48241e-30 -6.40954e-21 -1.34576e-29  7.49176e-21  3.05226e-29 -7.32919e-21 -6.39565e-29  5.75662e-21  1.23773e-28 -3.31041e-21 -2.21129e-28  9.93423e-22  3.64487e-28  3.64117e-22 -5.53897e-28  -6.2858e-22  7.75449e-28  3.01268e-22 -9.99361e-28  2.22013e-23  1.18475e-27 -1.01326e-22 -1.29126e-27  3.75963e-23  1.29332e-27  1.31311e-23 -1.19019e-27 -1.32907e-23  1.00629e-27  1.94114e-25 -7.81581e-28  2.83124e-24  5.57408e-28 -4.40921e-25 -3.64569e-28 -4.80166e-25  2.18164e-28  1.02793e-25 -1.19054e-28  7.23983e-26  5.90514e-29 -1.38669e-26 -2.65955e-29 -9.79175e-27  1.09309e-29  9.93887e-28 -4.16077e-30  1.08831e-27  1.50051e-30  1.71876e-29  -5.2114e-31 -8.50144e-29  1.72291e-31  -1.1606e-29 -5.18267e-32  3.56375e-30  1.33035e-32  1.06063e-30 -2.70992e-33 -8.31556e-33  4.01722e-34 -3.76667e-32 -3.94334e-35 -4.53583e-33  3.05321e-36  2.70454e-34 -4.24256e-37  1.02824e-34  9.58207e-39  6.77847e-36  2.23873e-38 -2.50248e-37 -4.21612e-39 -4.86443e-38  1.44041e-40 -1.65659e-39  1.38432e-41  1.29906e-42 -4.14229e-43
 2.07936e-35  1.00574e-33  9.83987e-36 -9.91282e-34 -2.01103e-34  -2.5805e-33 -4.74706e-35  1.34267e-32 -8.68174e-35 -1.61057e-32 -1.26919e-34   2.1698e-31  6.23212e-35 -2.88148e-30 -5.42747e-35  3.15993e-29  8.09005e-36 -2.94484e-28  1.83446e-35  2.36456e-27  1.22409e-35  -1.6526e-26  5.24208e-35  1.01327e-25  2.34735e-35 -5.48349e-25 -1.60123e-35  2.63128e-24  5.10262e-35 -1.12341e-23 -2.89218e-34  4.27768e-23  1.44191e-33 -1.45477e-22 -6.55337e-33  4.42103e-22  2.74533e-32 -1.20012e-21 -1.05707e-31  2.90604e-21  3.74745e-31 -6.26142e-21 -1.22467e-30  1.19582e-20  3.69298e-30 -2.01301e-20 -1.02824e-29  2.96285e-20  2.64449e-29 -3.76814e-20 -6.28325e-29  4.06671e-20  1.37907e-28 -3.61373e-20 -2.79522e-28  2.49334e-20   5.2295e-28 -1.14366e-20 -9.02466e-28  1.06603e-21  1.43541e-27   3.2806e-21 -2.10231e-27 -2.74004e-21  2.83252e-27  6.60649e-22 -3.50745e-27  4.85521e-22  3.98821e-27 -4.22628e-22 -4.16144e-27  3.60179e-23  3.98314e-27  9.70769e-23 -3.49706e-27  -3.5384e-23  2.81694e-27  -1.4131e-23 -2.08238e-27   9.7857e-24  1.41242e-27  1.55168e-24 -8.77793e-28 -1.87168e-24  4.98296e-28  -1.7743e-25 -2.57085e-28  2.81399e-25   1.1986e-28  3.05409e-26   -5.033e-29 -3.29828e-26  1.91252e-29 -5.71718e-27 -6.71191e-30  2.70343e-27  2.25661e-30   7.7835e-28 -7.49138e-31 -1.11602e-28  2.41924e-31 -6.46579e-29 -7.11856e-32 -2.33487e-30  1.75079e-32  2.70132e-30 -3.26859e-33  4.49918e-31  4.05278e-34 -2.59691e-32  -2.7971e-35 -1.43058e-32  2.94952e-36 -1.14813e-33 -1.04201e-36  8.04905e-35  1.06046e-37    1.837e-35  2.18671e-38  8.54746e-37  -4.6241e-39 -1.72121e-38  1.30265e-40 -2.03817e-39  9.49481e-42 -2.47318e-41
-5.93035e-34  3.78667e-35  1.38613e-33  1.95713e-35 -1.44549e-33 -2.05173e-34 -3.23492e-33 -8.68174e-35  2.72243e-32 -1.21827e-34 -2.66203e-31 -7.54686e-35  3.82568e-30  5.31104e-35 -4.58872e-29 -5.38234e-35  4.63751e-28  2.41389e-35 -4.01329e-27 -1.26149e-35  3.00898e-26  4.27079e-35  -1.9721e-25  6.01858e-35  1.13771e-24  3.70933e-35 -5.80805e-24 -6.10137e-35  2.63431e-23  3.19153e-34 -1.06462e-22 -1.69527e-33    3.841e-22  8.16374e-33 -1.23834e-21 -3.59405e-32  3.56799e-21  1.45486e-31 -9.17948e-21 -5.41868e-31  2.10478e-20  1.85967e-30 -4.28787e-20 -5.88715e-30  7.72531e-20  1.72041e-29 -1.22273e-19 -4.64323e-29  1.68386e-19  1.15761e-28 -1.98885e-19 -2.66589e-28  1.96939e-19  5.66942e-28 -1.57021e-19 -1.11285e-27  9.22854e-20  2.01478e-27 -2.92548e-20 -3.36151e-27 -8.93951e-21  5.16301e-27  1.73635e-20 -7.29181e-27 -8.81103e-21   9.4582e-27 -3.26971e-22 -1.12541e-26   2.8387e-21  1.22714e-26 -1.15549e-21 -1.22526e-26 -3.33635e-22  1.11987e-26  3.93536e-22  -9.3711e-27 -1.95586e-23  7.18446e-27 -8.23702e-23 -5.05065e-27   1.6031e-23   3.2567e-27  1.38293e-23 -1.92353e-27 -3.61565e-24  1.03639e-27 -2.09437e-24 -5.05683e-28  5.05114e-25   2.2139e-28  2.90594e-25 -8.63407e-29 -4.16664e-26  3.00879e-29 -3.37481e-26 -9.62488e-30  5.41447e-28  2.99586e-30  2.80254e-27 -9.57351e-31  3.04904e-28  3.06973e-31  -1.3039e-28 -8.94996e-32  -3.3063e-29  2.11355e-32  1.14824e-30 -3.53441e-33  1.31164e-30  3.18199e-34  1.34668e-31 -1.99509e-36 -1.25815e-32  2.54611e-36 -3.59453e-33 -1.88661e-36 -2.00555e-34  2.21806e-37   1.2054e-35  1.97734e-38  1.76587e-36 -4.41837e-39  5.29739e-38  9.05712e-41 -2.56546e-40  4.46768e-42
 1.93277e-35 -1.36056e-33  3.89167e-35  1.37266e-33  3.72581e-35 -1.28679e-33 -1.75535e-34 -1.61057e-32 -1.21827e-34  2.92903e-31 -1.38227e-34 -4.53404e-30 -3.32141e-35  5.96825e-29  4.70687e-35 -6.56579e-28 -5.09691e-35  6.14145e-27  6.18123e-35 -4.95036e-26 -4.27354e-35  3.47394e-25  7.84156e-35 -2.13917e-24  6.08702e-35   1.1629e-23  8.47056e-35 -5.60693e-23  -3.2082e-34  2.40597e-22  1.76136e-33 -9.21031e-22 -8.95836e-33  3.15001e-21  4.16438e-32 -9.63027e-21 -1.77493e-31  2.63087e-20  6.95863e-31  -6.4138e-20 -2.51261e-30  1.39196e-19  8.36578e-30 -2.67911e-19 -2.57064e-29  4.54795e-19  7.29412e-29 -6.75551e-19 -1.91172e-28  8.67936e-19  4.62814e-28 -9.47591e-19  -1.0347e-27  8.53708e-19  2.13522e-27 -5.99784e-19 -4.06432e-27  2.83824e-19  7.12931e-27 -3.38048e-20 -1.15117e-26 -7.63934e-20  1.70885e-26  6.77877e-20 -2.32877e-26 -1.81709e-20  2.90916e-26 -1.11452e-20 -3.32662e-26  1.07406e-20  3.47766e-26  -1.2767e-21 -3.32074e-26 -2.37775e-21  2.89548e-26  9.80752e-22 -2.30656e-26  3.23895e-22   1.6809e-26 -2.64543e-22 -1.12259e-26 -3.05272e-23  6.87867e-27  5.05538e-23 -3.86272e-27  2.84412e-24   1.9773e-27 -7.71687e-24 -9.13129e-28 -5.52385e-25  3.75072e-28  9.35289e-25 -1.35226e-28  1.27448e-25  4.27388e-29 -8.14684e-26 -1.22481e-29 -1.97383e-26  3.49138e-30  3.91196e-27 -1.08868e-30  1.79896e-27  3.55873e-31  1.68607e-29 -1.04759e-31  -8.3058e-29  2.38917e-32 -1.17797e-29 -3.46838e-33  1.10245e-30  1.36014e-34  4.32673e-31  3.81758e-35  2.86883e-32   1.8103e-36 -3.14091e-33 -2.80711e-36 -5.67186e-34  3.24797e-37 -2.23342e-35  1.67605e-38  7.87919e-37  -3.6046e-39   6.6784e-38  4.53635e-41  7.17673e-40
 4.42917e-35  4.06911e-35  -1.9837e-33   2.0325e-35  7.71057e-34    5.576e-35  8.99281e-33 -1.26919e-34 -2.66203e-31 -1.38227e-34  4.80483e-30  -1.2693e-34 -6.97899e-29  -7.0709e-36  8.39338e-28  5.10827e-35 -8.51358e-27 -4.80193e-35  7.39618e-26  1.11493e-34 -5.56795e-25 -6.59992e-35  3.66497e-24  1.18959e-34 -2.12393e-23  3.36624e-35  1.08947e-22  3.08505e-34 -4.96642e-22 -1.61298e-33  2.01785e-21   8.6376e-33 -7.32129e-21 -4.24199e-32  2.37454e-20  1.90995e-31  -6.8852e-20 -7.90059e-31  1.78337e-19  3.00876e-30 -4.11866e-19 -1.05616e-29  8.45551e-19  3.42064e-29 -1.53611e-18 -1.02282e-28  2.45334e-18  2.82467e-28 -3.41226e-18 -7.20525e-28  4.07543e-18  1.69733e-27 -4.08802e-18 -3.69092e-27  3.31197e-18  7.40388e-27 -1.99206e-18  -1.3688e-26  6.67803e-19   2.3296e-26  1.63753e-19 -3.64492e-26 -3.69939e-19  5.23463e-26  1.99532e-19 -6.88863e-26 -1.93127e-22  8.29188e-26 -6.12262e-20 -9.11354e-26  2.74633e-20  9.13202e-26  6.29863e-21 -8.33356e-26  -8.9952e-21  6.92421e-26  7.89763e-22 -5.24302e-26  1.84191e-21  3.62605e-26 -4.41254e-22 -2.29768e-26 -3.04492e-22  1.33739e-26  9.71743e-23 -7.14578e-27  4.61637e-23   3.4808e-27 -1.39974e-23 -1.52338e-27 -6.57956e-24  5.86591e-28  1.28176e-24 -1.94369e-28  8.01839e-25  5.48522e-29 -4.25672e-26 -1.36887e-29 -7.10415e-26  3.50321e-30 -5.63081e-27 -1.09433e-30  3.65302e-27  3.80424e-31  7.83135e-28  -1.1618e-31 -5.37623e-29  2.59535e-32 -3.51079e-29 -3.16255e-33 -2.95646e-30 -1.20093e-34  4.25788e-31  8.86689e-35  9.64867e-32  7.76033e-37  4.32499e-33 -3.59083e-36 -4.21219e-34  3.83802e-37 -4.93254e-35  1.32732e-38 -1.26411e-36 -2.43212e-39  1.35463e-38  1.37949e-41
 1.05495e-35  1.71899e-34  6.02948e-35 -1.98354e-33 -7.97531e-36 -7.04945e-33  6.51605e-35   2.1698e-31 -7.54686e-35 -4.53404e-30  -1.2693e-34  7.35178e-29 -8.75077e-35 -9.71551e-28  1.32069e-36  1.07269e-26  6.64751e-35 -1.00725e-25 -4.48048e-35  8.15217e-25  1.59835e-34 -5.74546e-24 -7.98445e-35  3.55398e-23  1.76328e-34 -1.94129e-22 -1.17267e-34  9.40733e-22  1.30152e-33 -4.05833e-21 -7.21417e-33  1.56236e-20  3.75155e-32 -5.37542e-20 -1.78958e-31  1.65383e-19  7.84107e-31 -4.54855e-19 -3.16077e-30  1.11687e-18  1.17394e-29 -2.44254e-18 -4.02132e-29  4.74007e-18  1.27138e-28 -8.11858e-18 -3.71156e-28  1.21773e-17  1.00066e-27 -1.58152e-17 -2.49129e-27  1.74804e-17  5.72544e-27  -1.5981e-17 -1.21386e-26  1.14458e-17  2.37204e-26 -5.59618e-18 -4.26753e-26  8.19013e-19  7.05885e-26  1.39847e-18 -1.07174e-25 -1.32908e-18  1.49088e-25  3.95424e-19 -1.89633e-25  1.99063e-19  2.20076e-25 -2.16182e-19 -2.32539e-25  3.35823e-20  2.23286e-25  4.57728e-20 -1.94579e-25 -2.15067e-20  1.53848e-25 -5.68343e-21 -1.10525e-25  5.65743e-21  7.23948e-26  4.00007e-22 -4.34578e-26 -1.07851e-21  2.40212e-26  -1.6195e-23 -1.22284e-26  1.66993e-22  5.68194e-27  5.32954e-24  -2.3611e-27 -2.09228e-23  8.51445e-28 -2.04619e-24 -2.57324e-28   1.9333e-24  6.33798e-29  3.84676e-25 -1.30785e-29 -1.05446e-25  2.86875e-30 -3.92089e-26 -9.48931e-31  8.69349e-28  3.76521e-31  2.01071e-27 -1.24135e-31   2.3568e-28  2.79339e-32 -3.41405e-29 -2.81598e-33  -1.0291e-29 -4.08076e-34 -5.26227e-31  1.42167e-34  9.31587e-32 -3.58098e-37   1.3776e-32 -4.03614e-36   4.3324e-34   3.8197e-37 -2.60807e-35  9.58498e-39 -1.71896e-36  -1.2804e-39 -1.60362e-38
-5.17164e-35  2.36812e-35  3.15583e-34  6.86041e-35  3.00804e-33 -3.31677e-35 -1.60247e-31  6.23212e-35  3.82568e-30 -3.32141e-35 -6.97899e-29 -8.75077e-35  1.01993e-27 -2.85279e-35 -1.23118e-26 -4.27386e-36  1.25365e-25  8.95541e-35 -1.09356e-24 -3.88668e-35  8.26796e-24  1.95194e-34 -5.46692e-23 -8.99891e-35  3.18339e-22  3.02175e-34 -1.64119e-21 -7.31932e-34  7.52149e-21  5.07283e-33 -3.07325e-20 -2.79621e-32  1.12173e-19  1.42135e-31 -3.66124e-19  -6.6369e-31  1.06876e-18  2.85006e-30  -2.7881e-18 -1.12687e-29  6.48837e-18  4.10657e-29 -1.34298e-17 -1.38034e-28  2.46139e-17  4.28177e-28 -3.96898e-17 -1.22603e-27  5.57885e-17  3.24055e-27 -6.74244e-17 -7.90423e-27  6.85684e-17  1.77825e-26 -5.65045e-17 -3.68696e-26  3.48264e-17  7.03765e-26 -1.23554e-17 -1.23507e-25 -2.29575e-18   1.9896e-25  6.35403e-18 -2.93654e-25 -3.65806e-18  3.96256e-25   1.4811e-19 -4.87703e-25  1.06191e-18    5.461e-25 -5.27643e-19 -5.54892e-25 -9.01911e-20   5.1044e-25  1.65834e-19 -4.24374e-25 -2.14617e-20  3.18772e-25 -3.30356e-20 -2.16769e-25   9.6588e-21  1.34131e-25   5.3369e-21 -7.61331e-26 -2.08984e-21  3.99601e-26 -8.05847e-22 -1.94248e-26  3.09374e-22   8.6395e-27  1.18197e-22 -3.41689e-27 -3.07808e-23  1.15217e-27 -1.52074e-23  -3.1436e-28  1.48247e-24  6.52798e-29  1.44481e-24  -9.9514e-30  6.80012e-26  1.58386e-30 -8.19594e-26 -6.52839e-31 -1.46143e-26  3.41484e-31  1.66305e-27 -1.29415e-31  7.53594e-28  3.06273e-32  4.85942e-29 -2.65441e-33 -1.12008e-29 -6.76866e-34 -2.07356e-30  1.88965e-34 -6.74095e-32 -1.24519e-36  1.14346e-32 -4.02308e-36  1.10416e-33  3.23897e-37  2.29952e-35  6.02506e-39 -4.57793e-37 -4.55888e-40
-4.51092e-36 -6.60621e-35   3.8965e-35 -1.90959e-33  5.95154e-35  1.02356e-31 -4.85504e-35 -2.88148e-30  5.31104e-35  5.96825e-29  -7.0709e-36 -9.71551e-28 -2.85279e-35  1.28888e-26   3.4746e-35 -1.42857e-25 -1.57816e-35   1.3469e-24  1.13959e-34 -1.09482e-23  -2.7313e-35   7.7511e-23  2.12168e-34 -4.81763e-22 -1.15514e-34  2.64485e-21  6.21085e-34 -1.28853e-20 -2.60742e-33  5.59016e-20  1.63288e-32 -2.16496e-19 -8.95614e-32  7.49589e-19  4.52054e-31 -2.32173e-18  -2.0973e-30  6.43114e-18  8.94667e-30 -1.59116e-17 -3.51129e-29  3.50818e-17  1.26878e-28  -6.8678e-17 -4.22369e-28  1.18746e-16  1.29592e-27 -1.79962e-16 -3.66551e-27  2.36423e-16  9.55736e-27 -2.64755e-16 -2.29637e-26  2.45846e-16  5.08131e-26 -1.79703e-16 -1.03455e-25  9.09061e-17  1.93579e-25  -1.5895e-17 -3.32393e-25 -2.08239e-17  5.22836e-25  2.14075e-17  -7.5178e-25 -7.05889e-18  9.85782e-25 -2.84767e-18 -1.17559e-24  3.57097e-18  1.27122e-24 -6.96462e-19 -1.24262e-24 -7.16042e-19  1.09479e-24  3.86686e-19  -8.6745e-25  7.75998e-20   6.1779e-25 -9.91366e-20 -3.96501e-25 -2.37673e-21  2.31014e-25  1.88147e-20   -1.237e-25 -5.60063e-22  6.16768e-26 -2.95126e-21 -2.87327e-26  3.37344e-23  1.22916e-26  3.82196e-22 -4.63876e-27  2.18044e-23  1.45837e-27 -3.74246e-23 -3.54188e-28  -5.8678e-24  5.86831e-29  2.28258e-24 -4.60748e-30  6.90551e-25 -1.65503e-31 -4.20476e-26 -2.19606e-31 -3.96658e-26  2.70288e-31 -3.64791e-27 -1.32423e-31  8.26342e-28  3.46255e-32  1.98919e-28 -2.82541e-33  6.77335e-30 -8.80122e-34 -2.20488e-30  2.19158e-34 -2.71846e-31 -1.56625e-36 -6.08316e-33 -3.55611e-36  6.71783e-34  2.32629e-37  3.60294e-35  3.05648e-39  2.82699e-37
-1.11269e-34 -1.20501e-35  8.62606e-34  5.28589e-35 -5.68927e-32  3.72219e-35  1.92392e-30 -5.42747e-35 -4.58872e-29  4.70687e-35  8.39338e-28  1.32069e-36 -1.23118e-26   3.4746e-35  1.49198e-25    8.469e-35 -1.52542e-24 -2.34802e-35  1.33636e-23    1.333e-34 -1.01496e-22 -8.55407e-36  6.74332e-22  2.06855e-34 -3.94653e-21 -1.43356e-34  2.04551e-20  1.04914e-33 -9.42747e-20 -5.46891e-33  3.87506e-19  3.53175e-32 -1.42334e-18 -2.04061e-31  4.67686e-18  1.07786e-30 -1.37497e-17  -5.1899e-30  3.61413e-17  2.27816e-29 -8.47889e-17 -9.12984e-29  1.77026e-16  3.34651e-28 -3.27496e-16 -1.12384e-27  5.33481e-16  3.46239e-27 -7.58311e-16 -9.79457e-27  9.28067e-16  2.54515e-26 -9.57685e-16 -6.07517e-26   8.0355e-16  1.33153e-25 -5.08161e-16 -2.67772e-25  1.90872e-16  4.93541e-25  2.43575e-17 -8.32518e-25 -9.05837e-17  1.28288e-24  5.59236e-17 -1.80193e-24 -4.55618e-18  2.30099e-24 -1.52336e-17 -2.66314e-24  8.43896e-18  2.78414e-24  9.55309e-19  -2.6194e-24 -2.53768e-18  2.20976e-24  4.44901e-19  -1.6666e-24  4.88182e-19  1.12262e-24 -1.73741e-19  -6.7752e-25 -7.62169e-20  3.70115e-25  3.70849e-20 -1.86443e-25  1.13664e-20  8.84251e-26 -5.62771e-21 -3.97062e-26 -1.72052e-21  1.64423e-26  6.00069e-22 -5.93311e-27  2.35878e-22  1.72913e-27 -3.60595e-23 -3.66368e-28 -2.42148e-23  4.40401e-29 -2.63777e-25  1.69353e-30  1.51629e-24 -2.04348e-30  2.18202e-25  3.42551e-31 -3.90026e-26  1.54637e-31 -1.33227e-26 -1.32883e-31   -5.681e-28  3.99517e-32  2.38596e-28 -3.31984e-33  3.65895e-29 -9.86762e-34  6.61793e-31  2.25666e-34 -2.51156e-31 -1.24956e-36 -2.03338e-32 -2.76444e-36 -3.13444e-34  1.38263e-37  1.16843e-35  1.06878e-39
-1.52529e-36 -4.67754e-34 -2.02968e-35  2.68373e-32  6.06812e-35 -1.12955e-30  1.51732e-35  3.15993e-29 -5.38234e-35 -6.56579e-28  5.10827e-35  1.07269e-26 -4.27386e-36 -1.42857e-25    8.469e-35  1.58989e-24  1.06611e-34 -1.50546e-23 -1.89716e-35  1.22926e-22  1.42191e-34 -8.74474e-22  2.52836e-35  5.46275e-21  1.06942e-34 -3.01507e-20   3.4503e-34   1.4772e-19 -1.57934e-33 -6.44696e-19  7.45073e-33  2.51257e-18 -1.53351e-32 -8.75776e-18 -6.12806e-32  2.73186e-17  9.48616e-31 -7.62447e-17 -6.84008e-30  1.90163e-16  3.73985e-29 -4.22894e-16 -1.71509e-28  8.35574e-16  6.86374e-28 -1.45928e-15 -2.44488e-27  2.23596e-15  7.83759e-27 -2.97346e-15   -2.276e-26   3.3763e-15  6.01056e-26 -3.18737e-15 -1.44668e-25  2.38053e-15    3.177e-25 -1.24754e-15 -6.36734e-25  2.55131e-16  1.16417e-24   2.5781e-16 -1.93984e-24 -2.90332e-16  2.94125e-24  1.05987e-16 -4.04956e-24  3.30449e-17  5.04929e-24 -4.95947e-17 -5.68308e-24  1.18283e-17  5.75168e-24  9.29422e-18 -5.21167e-24 -5.84141e-18   4.2088e-24  -8.1017e-19 -3.01718e-24  1.45759e-18  1.91649e-24 -3.72597e-20 -1.08248e-24 -2.74638e-19  5.51335e-25  2.17896e-20 -2.60401e-25  4.35661e-20  1.17843e-25 -2.61053e-21  -5.1471e-26 -5.83167e-21  2.07944e-26 -7.44381e-23 -7.17375e-27  6.05062e-22  1.91644e-27  6.92538e-23 -3.43647e-28 -4.08507e-23  2.48169e-29 -9.99587e-24  6.83923e-30  1.10995e-24 -3.66846e-30  6.52104e-25   1.0405e-30  4.24633e-26 -1.25333e-32 -1.62811e-26 -1.30207e-31 -3.18822e-27  4.58709e-32 -4.44088e-29 -3.96435e-33  4.29782e-29 -9.85983e-34  4.44364e-30  2.07063e-34  5.12437e-32 -5.42703e-37 -1.40582e-32 -1.85682e-36 -6.29325e-34  6.45135e-38 -3.90591e-36
  1.7049e-34 -2.13808e-36  -1.0646e-32 -2.63879e-35   5.7651e-31  5.82165e-35 -1.93774e-29  8.09005e-36  4.63751e-28 -5.09691e-35 -8.51358e-27  6.64751e-35  1.25365e-25 -1.57816e-35 -1.52542e-24  1.06611e-34  1.56633e-23  9.32655e-35 -1.37845e-22  3.52562e-36  1.05195e-21  1.29858e-34 -7.02452e-21  1.46767e-34  4.13309e-20 -6.59989e-34 -2.15431e-19  5.24878e-33  9.98823e-19    -3.05e-32  -4.1315e-18  1.57844e-31  1.52769e-17 -6.99081e-31 -5.05537e-17  2.66126e-30  1.49746e-16 -8.50384e-30 -3.96774e-16  2.12958e-29   9.3884e-16 -3.10017e-29 -1.97821e-15 -5.66992e-29  3.69609e-15  6.88213e-28 -6.08605e-15 -3.48104e-27  8.75425e-15  1.33253e-26 -1.08578e-14 -4.29178e-26  1.13789e-14  1.20826e-25 -9.73133e-15 -3.02599e-25   6.3221e-15  6.80299e-25 -2.51469e-15 -1.37961e-24 -1.77907e-16  2.52971e-24   1.0937e-15 -4.19749e-24 -7.27978e-16  6.29986e-24  9.02781e-17 -8.54039e-24  1.84189e-16  1.04329e-23 -1.14703e-16 -1.14471e-23 -6.39345e-18  1.12339e-23  3.28733e-17 -9.81137e-24 -7.45003e-18  7.58308e-24 -6.04483e-18 -5.15836e-24  2.62808e-18  3.07824e-24  8.96199e-19 -1.61707e-24 -5.54807e-19  7.62024e-25 -1.30054e-19 -3.36099e-25  8.61204e-20  1.46087e-25  2.04167e-20 -6.29462e-26 -9.75114e-21  2.50228e-26 -3.02958e-21 -8.21216e-27  6.84539e-22  1.96786e-27  3.40103e-22 -2.83612e-28 -1.06684e-23  7.36211e-30 -2.35943e-23  8.32797e-30 -2.58979e-24 -4.74398e-30  7.36183e-25  1.88595e-30  1.97219e-25 -2.28457e-31  3.42191e-27 -1.24099e-31 -4.22807e-27  5.09955e-32 -5.37762e-28 -4.49539e-33 -1.41621e-31 -8.87534e-34  4.58812e-30  1.68662e-34  3.12962e-31   1.4465e-37  2.80091e-33  -1.0442e-36 -2.40398e-34  2.05618e-38
 2.02134e-37  3.38409e-33 -1.63771e-37  -2.5131e-31 -2.81487e-35  1.04938e-29   4.3573e-35 -2.94484e-28  2.41389e-35  6.14145e-27 -4.80193e-35 -1.00725e-25  8.95541e-35   1.3469e-24 -2.34802e-35 -1.50546e-23  9.32655e-35    1.432e-22  4.67189e-35  -1.1749e-21  5.07105e-35  8.40036e-21  4.52632e-35  -5.2757e-20  7.69216e-34  2.92828e-19 -5.22865e-33 -1.44324e-18  3.55382e-32  6.33856e-18 -2.07844e-31 -2.48684e-17  1.06848e-30  8.72949e-17 -4.82951e-30 -2.74353e-16  1.93599e-29  7.71834e-16 -6.90407e-29 -1.94149e-15    2.184e-28  4.35707e-15 -6.04875e-28 -8.69369e-15  1.41788e-27  1.53451e-14 -2.55709e-27  -2.3787e-14   2.1913e-27  3.20439e-14  7.49961e-27 -3.69239e-14 -5.01831e-26  3.54722e-14  1.83473e-25 -2.71002e-14 -5.23935e-25  1.47301e-14  1.26749e-24 -3.46524e-15 -2.67945e-24 -2.68983e-15  5.02146e-24  3.37442e-15 -8.40172e-24 -1.36303e-15  1.25899e-23   -3.095e-16 -1.69069e-23  5.89101e-16  2.03218e-23 -1.68807e-16 -2.18021e-23 -1.01286e-16  2.07883e-23   7.5444e-17 -1.75168e-23  5.83933e-18  1.29538e-23 -1.82804e-17 -8.34494e-24  1.44452e-18  4.65645e-24  3.40644e-18 -2.25588e-24 -4.61949e-19  9.72804e-25 -5.45137e-19 -3.98794e-25  6.31571e-20  1.68719e-25  7.54434e-20 -7.32517e-26  -2.7881e-21  2.88555e-26  -8.3022e-21 -8.88232e-27 -5.85072e-22  1.82897e-27  6.16735e-22 -1.89476e-28  1.19481e-22 -2.60671e-31 -2.16473e-23  4.02493e-30 -9.06328e-24 -5.16419e-30 -3.19775e-25  2.86683e-30   2.6805e-25 -4.73142e-31  4.28202e-26 -1.14862e-31 -4.79119e-28  5.37074e-32 -7.04866e-28 -4.67883e-33 -6.07512e-29 -7.18711e-34  1.38279e-31  1.20827e-34  2.45812e-31  5.07105e-37  9.27489e-33 -4.63327e-37  3.96534e-35
-6.62015e-34  1.72404e-37  9.08857e-32  5.82157e-36 -4.95684e-30 -2.34694e-35  1.67081e-28  1.83446e-35 -4.01329e-27  6.18123e-35  7.39618e-26 -4.48048e-35 -1.09356e-24  1.13959e-34  1.33636e-23 -1.89716e-35 -1.37845e-22  4.67189e-35  1.21893e-21 -2.39598e-35 -9.34931e-21  1.45383e-34  6.27648e-20 -3.23111e-34 -3.71383e-19   3.6966e-33  1.94734e-18 -2.77029e-32 -9.08559e-18  1.85373e-31  3.78323e-17 -1.06812e-30 -1.40882e-16  5.36879e-30  4.69699e-16 -2.38553e-29  -1.4024e-15  9.49335e-29  3.74747e-15 -3.41253e-28 -8.94781e-15  1.11207e-27  1.90378e-14 -3.27965e-27 -3.59451e-14   8.6833e-27  5.98672e-14 -2.02933e-26 -8.72033e-14  4.04391e-26  1.09695e-13 -6.30409e-26 -1.16856e-13  5.29411e-26  1.01968e-13  9.43768e-26  -6.8136e-14 -6.09624e-25  2.87002e-14  1.89549e-24  4.37838e-16 -4.50145e-24 -1.13445e-14  8.95647e-24  8.19351e-15 -1.54409e-23 -1.37895e-15  2.34074e-23 -1.90014e-15 -3.14021e-23  1.34506e-15  3.73474e-23 -2.70246e-18 -3.93255e-23 -3.65434e-16  3.65188e-23  1.04165e-16 -2.97233e-23  6.32874e-17  2.10262e-23 -3.39943e-17 -1.27968e-23 -8.64518e-18  6.63652e-24  7.10665e-18 -2.92997e-24   1.1842e-18  1.13696e-24 -1.12617e-18 -4.30929e-25 -1.94808e-19  1.82283e-25  1.34549e-19 -8.21686e-26  3.22443e-20  3.21192e-26 -1.06571e-20 -9.00013e-27 -4.03939e-21  1.44835e-27  3.36659e-22 -7.01186e-29  3.12922e-22  9.59722e-30  2.32611e-23 -6.99182e-30 -1.15612e-23 -5.04711e-30 -2.46546e-24   3.9162e-30  3.37257e-26 -7.09196e-31   6.3482e-26 -1.03188e-31  6.61169e-27  5.27667e-32 -1.55062e-28 -4.41115e-33 -7.10226e-29 -5.18185e-34 -4.05183e-30  7.49836e-35 -2.72605e-33  5.03989e-37  4.12113e-33 -1.40316e-37
-1.57638e-36 -2.55642e-32  3.66803e-37  2.00425e-30  1.58489e-35 -8.39554e-29 -1.02782e-35  2.36456e-27 -1.26149e-35 -4.95036e-26  1.11493e-34  8.15217e-25 -3.88668e-35 -1.09482e-23    1.333e-34  1.22926e-22  3.52562e-36  -1.1749e-21 -2.39598e-35  9.68841e-21 -1.09898e-34 -6.96414e-20  3.53783e-34  4.39842e-19 -1.63292e-33 -2.45591e-18  1.57536e-32  1.21807e-17 -1.25742e-31 -5.38532e-17  8.38055e-31  2.12778e-16  -4.7011e-30 -7.52507e-16  2.28024e-29  2.38383e-15 -9.79369e-29 -6.76318e-15  3.79443e-28  1.71661e-14 -1.34233e-27  -3.8897e-14  4.36136e-27  7.84206e-14 -1.30148e-26 -1.39984e-13   3.5492e-26   2.1968e-13 -8.76239e-26 -3.00007e-13  1.93027e-25  3.51114e-13  -3.7054e-25 -3.43592e-13  5.91492e-25  2.68821e-13 -6.89385e-25 -1.51711e-13  2.28653e-25    4.051e-14  1.60211e-24   2.3798e-14 -5.93474e-24  -3.4049e-14  1.38524e-23  1.52203e-14  -2.5689e-23  2.25174e-15  4.02706e-23 -6.05851e-15 -5.46443e-23  2.06211e-15  6.47902e-23  9.29699e-16 -6.72729e-23  -8.4374e-16  6.10173e-23 -1.32784e-17  -4.8038e-23  1.97804e-16  3.24973e-23 -2.73062e-17 -1.86311e-23 -3.62536e-17   8.9086e-24  7.30976e-18 -3.52143e-24  5.83199e-18  1.19542e-24 -1.06743e-18 -4.16798e-25 -8.34953e-19  1.86159e-25  7.94402e-20 -9.04377e-26  9.76995e-20  3.47179e-26  2.23175e-21 -8.36766e-27 -7.96551e-21  7.88336e-28 -1.16562e-21  6.05727e-29  3.39705e-22  4.15198e-29   1.0733e-22 -2.38062e-29  2.81832e-26 -4.67635e-30  -3.7528e-24  4.90128e-30 -4.82378e-25 -8.91388e-31   2.1776e-26 -8.97546e-32  9.86932e-27  4.78463e-32  6.93944e-28 -3.75025e-33 -1.49033e-29 -3.26344e-34 -3.65654e-30  3.93781e-35 -1.15857e-31  3.05339e-37 -2.14864e-34
 4.87455e-33  -2.7483e-36 -6.72256e-31  1.46822e-36  3.68877e-29  2.84377e-35 -1.24788e-27  1.22409e-35  3.00898e-26 -4.27354e-35 -5.56795e-25  1.59835e-34  8.26796e-24  -2.7313e-35 -1.01496e-22  1.42191e-34  1.05195e-21  5.07105e-35 -9.34931e-21 -1.09898e-34  7.20941e-20 -2.06973e-34 -4.86724e-19   7.2495e-34  2.89716e-18 -5.63571e-33  -1.5287e-17  6.44354e-32  7.17995e-17 -5.44062e-31 -3.01084e-16  3.54719e-30  1.12957e-15 -1.89408e-29 -3.79589e-15  8.67642e-29  1.14293e-14 -3.52899e-28 -3.08158e-14  1.30717e-27  7.42864e-14 -4.48266e-27 -1.59688e-13  1.43356e-26   3.0487e-13 -4.27054e-26 -5.13937e-13  1.17674e-25  7.58637e-13 -2.96866e-25 -9.68668e-13  6.77535e-25   1.0499e-12 -1.37916e-24 -9.35749e-13  2.45415e-24  6.43885e-13 -3.68261e-24 -2.87174e-13  4.26696e-24   1.1171e-14 -2.58141e-24  1.02101e-13 -3.71153e-24 -8.06569e-14   1.6862e-23  1.73112e-14 -3.75667e-23  1.68385e-14  6.34788e-23 -1.37609e-14 -8.88369e-23  8.36032e-16  1.06103e-22  3.51787e-15 -1.09287e-22  -1.2425e-15  9.71513e-23 -5.60863e-16  -7.4104e-23  3.80678e-16  4.79251e-23  6.64968e-17 -2.57896e-23  -7.8814e-17  1.12472e-23   -7.937e-18  -3.8701e-24   1.2725e-17  1.08766e-24   1.4091e-18 -3.48344e-25 -1.59711e-18  1.83925e-25 -2.79591e-19 -9.96937e-26  1.39886e-19  3.65536e-26  4.06155e-20  -6.7979e-27 -6.16957e-21 -1.57579e-28 -3.56582e-21   1.8529e-28 -1.26925e-22  9.46768e-29  1.54189e-22 -4.35776e-29  2.60288e-23 -4.37237e-30 -1.42753e-24  5.64742e-30 -8.17542e-25 -9.82493e-31 -6.74244e-26 -7.50438e-32  3.94927e-27  3.97184e-32  9.43262e-28 -2.86875e-33  4.39374e-29 -1.74022e-34  -4.8237e-31   1.6845e-35  -6.0064e-32  1.10077e-37
-2.82492e-37  1.76575e-31 -3.84779e-36 -1.39011e-29  4.22707e-36  5.84513e-28  4.13203e-35  -1.6526e-26  4.27079e-35  3.47394e-25 -6.59992e-35 -5.74546e-24  1.95194e-34   7.7511e-23 -8.55407e-36 -8.74474e-22  1.29858e-34  8.40036e-21  1.45383e-34 -6.96414e-20 -2.06973e-34  5.03418e-19  -2.5631e-34 -3.19847e-18  8.36475e-34  1.79717e-17 -2.17115e-32 -8.97291e-17   3.0327e-31  3.99508e-16 -2.51236e-30 -1.59028e-15  1.52325e-29  5.66871e-15 -7.44486e-29 -1.81087e-14  3.10862e-28  5.18369e-14 -1.15759e-27 -1.32829e-13  3.98021e-27  3.04064e-13 -1.29543e-26 -6.19792e-13  4.03239e-26  1.11959e-12 -1.19472e-25 -1.78002e-12  3.32146e-25   2.4663e-12 -8.52241e-25 -2.93427e-12  1.98862e-24  2.92783e-12  -4.1661e-24 -2.34852e-12  7.73382e-24  1.37753e-12 -1.24948e-23 -4.12968e-13  1.70015e-23 -1.78151e-13 -1.79849e-23   3.0114e-13  1.06093e-23 -1.49125e-13  9.81686e-24 -1.09129e-14 -4.48276e-23  5.44117e-14    8.994e-23  -2.1858e-14 -1.34245e-22 -7.12867e-15  1.63951e-22  8.24708e-15 -1.68808e-22 -3.92359e-16  1.47685e-22 -1.86035e-15 -1.09347e-22  3.81682e-16  6.75801e-23  3.32626e-16 -3.39827e-23 -9.39863e-17  1.33135e-23 -5.34891e-17 -3.79467e-24  1.43464e-17  7.66915e-25  7.93137e-18 -2.30149e-25 -1.32496e-18  1.83457e-25 -9.91667e-19 -1.11955e-25  3.11322e-20  3.74346e-26  8.88359e-20 -4.16939e-27  8.85565e-21 -1.34553e-27 -4.45861e-21  2.86132e-28 -1.08415e-21  1.61782e-28  4.75638e-23 -6.21581e-29  4.51939e-23 -4.34996e-30  4.49842e-24   5.9932e-30 -4.35241e-25 -9.67598e-31 -1.19069e-25 -5.95706e-32 -6.50521e-27  2.99763e-32  3.37845e-28 -1.96737e-33  4.68158e-29 -7.44209e-35  1.22134e-30  5.47125e-36 -1.80214e-33
-3.14921e-32 -3.69099e-37  4.35501e-30 -5.16008e-36 -2.39855e-28  8.98486e-36  8.14546e-27  5.24208e-35  -1.9721e-25  7.84156e-35  3.66497e-24 -7.98445e-35 -5.46692e-23  2.12168e-34  6.74332e-22  2.52836e-35 -7.02452e-21  4.52632e-35  6.27648e-20  3.53783e-34 -4.86724e-19  -2.5631e-34   3.3056e-18  1.47849e-34 -1.98002e-17  2.38709e-33  1.05173e-16 -1.52342e-31 -4.97455e-16  1.83336e-30  2.10159e-15 -1.32407e-29  -7.9469e-15  7.06707e-29  2.69295e-14 -3.04004e-28 -8.18074e-14   1.1109e-27   2.2267e-13 -3.60757e-27 -5.42246e-13  1.09238e-26  1.17837e-12 -3.23214e-26 -2.27626e-12  9.59105e-26  3.88658e-12 -2.82782e-25 -5.81842e-12  8.01771e-25  7.54749e-12 -2.11452e-24 -8.33108e-12  5.06828e-24  7.59239e-12 -1.08845e-23 -5.38593e-12  2.07344e-23  2.54287e-12 -3.46653e-23 -2.33474e-13  5.00162e-23  -8.0241e-13  -6.0186e-23  7.00509e-13  5.52375e-23 -1.84538e-13 -2.55221e-23 -1.28308e-13 -3.22711e-23  1.23851e-13  1.09792e-22 -1.50376e-14 -1.86856e-22 -2.94774e-14  2.38753e-22   1.2833e-14 -2.48219e-22  4.16424e-15  2.14773e-22 -3.72388e-15 -1.54688e-22 -3.68264e-16  9.13161e-23   7.6263e-16 -4.26712e-23  2.60357e-17  1.46885e-23 -1.25173e-16 -3.12627e-24 -5.95725e-18  2.15403e-25  1.64538e-17 -8.13933e-26  1.86074e-18  1.95313e-25  -1.5747e-18 -1.28782e-25 -3.42275e-19  3.70391e-26  8.62502e-20 -5.01281e-28  3.50138e-20 -2.66997e-27 -3.34472e-22    3.485e-28 -1.76912e-21  2.30138e-28 -2.29157e-22 -7.52924e-29  2.65814e-23 -4.62945e-30  9.09672e-24  5.85272e-30  5.51113e-25 -8.59383e-31 -6.63352e-26 -4.42144e-32 -1.08275e-26   2.0427e-32  -3.9005e-28 -1.19991e-33  1.16704e-29 -2.27016e-35  7.54099e-31  1.14041e-36
-4.95587e-38 -1.07034e-30 -2.21733e-37  8.45615e-29 -6.71317e-36 -3.56934e-27  1.54581e-35  1.01327e-25  6.01858e-35 -2.13917e-24  1.18959e-34  3.55398e-23 -8.99891e-35 -4.81763e-22  2.06855e-34  5.46275e-21  1.46767e-34  -5.2757e-20 -3.23111e-34  4.39842e-19   7.2495e-34 -3.19847e-18  1.47849e-34  2.04496e-17  1.03055e-33 -1.15668e-16  7.06762e-32  5.81579e-16 -1.39206e-30 -2.60872e-15  1.25496e-29  1.04663e-14 -7.63162e-29 -3.76208e-14  3.54443e-28   1.2125e-13 -1.33098e-27 -3.50371e-13  4.18021e-27  9.06891e-13 -1.13335e-26 -2.09851e-12  2.78925e-26  4.32748e-12 -6.80315e-26 -7.91613e-12  1.81255e-25  1.27602e-11 -5.33887e-25 -1.79522e-11  1.59964e-24  2.17324e-11 -4.48725e-24 -2.21334e-11  1.12968e-23   1.8223e-11 -2.51299e-23 -1.11193e-11  4.91295e-23  3.70876e-12 -8.40702e-23  1.11044e-12  1.24932e-22 -2.35073e-12 -1.58422e-22  1.29246e-12  1.64499e-22  2.08343e-15 -1.23901e-22 -4.29113e-13  2.99263e-23  2.03106e-13  1.02057e-22  4.42699e-14 -2.35465e-22 -7.09146e-14  3.26932e-22  8.09788e-15 -3.47857e-22   1.5264e-14  2.99422e-22 -4.34202e-15  -2.1028e-22 -2.62837e-15  1.18498e-22  1.01964e-15 -5.11026e-23  4.18572e-16  1.49354e-23  -1.6108e-16 -1.74806e-24 -6.44294e-17  -5.4504e-25   1.6934e-17  6.66864e-26  8.68648e-18  2.29613e-25 -8.44543e-19 -1.50406e-25 -8.59914e-19  3.49745e-26 -4.37077e-20  3.98099e-27  4.99832e-20 -3.97007e-27  9.26282e-21  3.65065e-28  -9.7476e-22  2.84829e-28 -4.71227e-22 -7.99833e-29 -3.32215e-23 -5.04405e-30  6.38177e-24    5.254e-30  1.24319e-24 -6.91863e-31   4.7166e-26 -3.02386e-32 -5.31596e-27  1.24684e-32 -5.19305e-28 -6.40164e-34 -1.06401e-29 -3.19533e-36   7.1671e-32
