 9.62257e-35  1.54644e-48 -9.77233e-34  3.50048e-48  2.97915e-32 -1.75431e-46 -6.61604e-31  7.50399e-45  1.04213e-29 -1.74387e-43 -1.24667e-28  2.37194e-42  1.18319e-27 -2.61226e-41  -9.1698e-27  2.39664e-40  5.92061e-26 -1.88502e-39 -3.23071e-25  1.28904e-38   1.5054e-24  -7.7374e-38 -6.03446e-24  4.11959e-37  2.09142e-23 -1.95934e-36 -6.28589e-23  8.37203e-36  1.64023e-22 -3.22842e-35 -3.71289e-22  1.12744e-34  7.26977e-22  -3.5749e-34 -1.22433e-21  1.03103e-33  1.75713e-21 -2.70758e-33 -2.11672e-21  6.47708e-33  2.08614e-21 -1.41118e-32 -1.60231e-21  2.79807e-32   8.5319e-22 -5.04224e-32 -1.82061e-22   8.2423e-32 -1.56486e-22 -1.21913e-31  1.67303e-22  1.62665e-31 -4.71546e-23 -1.95073e-31 -2.79643e-23  2.09382e-31  2.53625e-23 -2.00204e-31 -8.88406e-25  1.69568e-31  -6.4443e-24   -1.261e-31  1.59895e-24  8.05214e-32  1.26869e-24 -4.06421e-32 -4.92756e-25  9.39224e-33 -2.35093e-25  1.34213e-32  1.01611e-25 -2.82517e-32  4.49018e-26  3.48415e-32 -1.51783e-26 -3.34806e-32 -8.35145e-27  2.63424e-32  1.35567e-27 -1.70709e-32  1.30952e-27  9.00154e-33  2.42818e-29 -3.74283e-33 -1.45893e-28  1.13984e-33   -2.827e-29 -1.98575e-34  8.36542e-30 -1.52372e-35  4.04907e-30  2.26296e-35  1.74906e-31 -7.39561e-36 -2.34828e-31  1.37116e-36 -5.87435e-32 -2.47327e-37  3.66453e-34  7.88397e-38  2.67449e-33 -1.53193e-38  5.01352e-34 -1.93566e-39  6.89333e-36  8.34994e-40  -1.2404e-35  4.42847e-40 -2.13791e-36 -3.03596e-40 -1.06026e-37   7.5442e-41  1.36274e-38 -8.79303e-42  2.79099e-39  3.14601e-43  1.91889e-40  2.47073e-44  2.17922e-42 -1.28644e-44 -4.25253e-43  3.75206e-45 -2.12415e-44 -3.60409e-46 -2.64202e-46  8.27637e-48
 1.54644e-48  1.47811e-33  3.61251e-47 -6.14262e-32  3.11644e-46  1.70397e-30 -1.31065e-44 -3.16729e-29    3.134e-43  4.33332e-28 -5.24581e-42 -4.61364e-27  6.38188e-41  3.95984e-26 -6.39547e-40 -2.80619e-25  5.40557e-39  1.66996e-24 -3.93805e-38 -8.44782e-24  2.50654e-37   3.6648e-23 -1.40824e-36 -1.37185e-22  7.04734e-36  4.44895e-22 -3.16269e-35  -1.2526e-21   1.2797e-34  3.06248e-21 -4.68825e-34 -6.49057e-21  1.56009e-33  1.18759e-20  -4.7262e-33 -1.86263e-20  1.30537e-32  2.47522e-20 -3.28949e-32 -2.73421e-20   7.5634e-32  2.42739e-20 -1.58577e-31  -1.6154e-20  3.02812e-31   6.5588e-21 -5.25692e-31  2.63307e-22  8.27681e-31 -2.46149e-21 -1.17828e-30  1.47773e-21  1.51114e-30 -2.49342e-23 -1.73867e-30 -4.34108e-22  1.78675e-30  1.73085e-22 -1.63334e-30  6.44379e-23  1.32502e-30 -6.07483e-23 -9.55015e-31 -4.28276e-24  6.14424e-31   1.4627e-23 -3.50826e-31 -3.47403e-25  1.62791e-31 -2.97675e-24  -2.7254e-32  7.82739e-26 -7.01085e-32  5.35408e-25  1.27393e-31  2.07801e-26 -1.40459e-31 -8.08597e-26  1.17276e-31 -1.23539e-26 -7.74077e-32  8.94339e-27  4.03883e-32  2.88109e-27 -1.61513e-32 -4.94023e-28   4.5158e-33 -3.77482e-28 -5.97771e-34 -2.81106e-29 -1.42837e-34  2.49949e-29  9.82534e-35  7.07753e-30  -2.2258e-35 -1.40849e-31   1.6792e-36 -4.25408e-31 -1.90094e-37 -7.82753e-32  2.71928e-37  2.34098e-33 -7.78719e-38  3.21892e-33  6.23439e-40  5.11761e-34  -9.0176e-40  7.59179e-36  3.32475e-39 -8.76135e-36  -1.5715e-39 -1.37621e-36   3.5337e-40 -7.57897e-38  -3.8778e-41  3.62749e-39  1.07406e-42  8.18094e-40  1.57269e-43  4.58822e-41 -4.66756e-44  7.01532e-43  1.00435e-44 -2.14067e-44 -6.73776e-46 -3.50987e-46
-9.77233e-34  3.61251e-47  7.61056e-32  3.50669e-46 -2.77668e-30  1.28049e-44  6.23737e-29 -3.95022e-43 -9.89308e-28   7.5306e-42  1.19182e-26 -1.06366e-40 -1.13948e-25  1.17244e-39   8.8993e-25 -1.07454e-38 -5.79258e-24  8.37664e-38  3.18779e-23 -5.65815e-37 -1.49873e-22  3.35482e-36  6.06453e-22 -1.76381e-35 -2.12286e-21  8.29192e-35  6.44802e-21 -3.50852e-34 -1.70153e-20  1.34313e-33  3.89822e-20  -4.6709e-33  -7.7322e-20  1.48004e-32  1.32074e-19 -4.28183e-32 -1.92538e-19  1.13236e-31  2.36097e-19 -2.73844e-31 -2.37644e-19  6.05382e-31  1.87574e-19  -1.2221e-30 -1.04319e-19  2.24902e-30  2.60019e-20 -3.76409e-30  1.63382e-20  5.71195e-30 -2.01685e-20  -7.8296e-30  6.67678e-21  9.65117e-30   2.8938e-21 -1.06432e-29 -3.21079e-21  1.04433e-29  3.11955e-22 -9.07416e-30  7.71436e-22  6.97286e-30 -2.50495e-22 -4.77726e-30  -1.4355e-22  2.99674e-30  7.31358e-23 -1.79712e-30  2.55778e-23  1.04017e-30 -1.52726e-23 -5.03201e-31 -4.96161e-24  7.09978e-32  2.43483e-24  2.38537e-31  9.88569e-25 -3.75704e-31 -2.63778e-25  3.51346e-31  -1.7006e-25 -2.40188e-31  8.75778e-27  1.24313e-31  2.12093e-26 -4.73977e-32   2.8115e-27  1.17196e-32 -1.50443e-27 -7.71915e-34 -5.37027e-28  -7.1578e-34  8.12627e-30  2.99405e-34  3.83854e-29 -3.58907e-35  7.37499e-30 -7.79795e-36 -5.25216e-31    1.864e-36 -4.39151e-31  6.58601e-37 -6.45651e-32 -2.78452e-37  2.43331e-33  3.78669e-38  2.18465e-33 -1.98279e-38  3.03364e-34  1.46839e-38    7.459e-36  -5.4629e-39 -3.13365e-36  1.12045e-39 -4.59566e-37  -1.1445e-40 -2.44445e-38  2.33407e-42  1.84141e-40  4.99118e-43   8.2824e-41  -1.0166e-43   3.5986e-42  1.62124e-44  4.64772e-44 -6.26568e-46
 3.50048e-48 -6.14262e-32  3.50669e-46  3.23873e-30 -8.85141e-46 -9.09658e-29  3.30181e-43  1.70249e-27 -8.25639e-42 -2.34567e-26  1.35836e-40  2.51581e-25 -1.69974e-39 -2.17597e-24  1.70784e-38  1.55452e-23 -1.43701e-37 -9.32963e-23  1.03503e-36  4.76177e-22 -6.48903e-36 -2.08519e-21  3.58532e-35  7.88315e-21 -1.76306e-34 -2.58344e-20   7.7783e-34  7.35505e-20 -3.09884e-33 -1.81971e-19  1.12067e-32  3.90615e-19 -3.69391e-32 -7.24657e-19  1.11307e-31  1.15392e-18 -3.07214e-31 -1.55966e-18  7.77432e-31  1.75696e-18  -1.8039e-30 -1.59774e-18  3.83489e-30  1.09938e-18 -7.45766e-30 -4.76871e-19  1.32363e-29  9.78676e-21 -2.13762e-29  1.59913e-19  3.12938e-29 -1.07139e-19 -4.13379e-29  8.27181e-21  4.90002e-29  2.89034e-20 -5.17818e-29 -1.37725e-20  4.84319e-29  -3.5765e-21 -3.98155e-29  4.53919e-21  2.86888e-29 -6.51416e-24  -1.8333e-29 -1.06581e-21  1.09018e-29  1.01827e-22 -6.62909e-30  2.16677e-22  4.35701e-30 -2.18475e-23 -2.77227e-30 -4.00517e-23  1.28695e-30  1.32859e-24 -3.55554e-32  6.41919e-24 -6.75457e-31  5.33986e-25  8.03442e-31   -7.879e-25 -5.84018e-31  -1.8669e-25  3.00333e-31  5.67107e-26  -1.0737e-31  2.92969e-26  2.15812e-32  4.07453e-28  1.41654e-33 -2.33322e-27 -2.57981e-33 -5.03364e-28  7.26557e-34  4.82545e-29  1.58693e-36  3.85236e-29 -5.28937e-35  5.38196e-30  1.05071e-35 -5.75947e-31  1.24152e-36 -3.03736e-31  -8.2658e-37 -3.76173e-32  2.18123e-37  1.12722e-33 -1.01479e-37  9.29318e-34  4.78921e-38  1.17036e-34  -1.4754e-38  3.99125e-36  2.75946e-39 -5.88527e-37 -2.59617e-40 -8.04299e-38   3.8696e-42   -3.782e-39  1.03155e-42 -3.84485e-41 -1.53637e-43  2.62026e-42  1.73011e-44  4.68672e-44
 2.97915e-32  3.11644e-46 -2.77668e-30 -8.85141e-46  1.02751e-28 -9.92537e-44 -2.32411e-27  6.44495e-42  3.71222e-26 -1.38166e-40 -4.50506e-25  2.02116e-39  4.34043e-24 -2.28422e-38 -3.41729e-23   2.1021e-37   2.2432e-22 -1.62964e-36  -1.2455e-21  1.08672e-35  5.91061e-21 -6.33091e-35 -2.41537e-20  3.26042e-34  8.54337e-20  -1.4986e-33 -2.62378e-19   6.1964e-33  7.00555e-19 -2.32005e-32 -1.62528e-18  7.90903e-32  3.26778e-18 -2.46546e-31 -5.66473e-18   7.0504e-31  8.39409e-18 -1.85337e-30 -1.04856e-17  4.48269e-30   1.0788e-17 -9.97357e-30 -8.75747e-18  2.03877e-29   5.0878e-18 -3.82088e-29 -1.45182e-18  6.54544e-29 -6.53943e-19 -1.02106e-28  9.64303e-19  1.44375e-28  -3.7058e-19 -1.84006e-28 -1.12315e-19  2.09956e-28  1.60693e-19 -2.12724e-28 -2.60035e-20  1.89517e-28 -3.61002e-20 -1.46891e-28  1.50485e-20  9.82882e-29  6.18796e-21 -5.73493e-29 -4.21722e-21   3.1291e-29 -1.02514e-21 -1.88835e-29   8.8958e-22  1.38673e-29  2.00988e-22 -1.04031e-29 -1.49476e-22  6.23593e-30 -4.39436e-23 -2.12852e-30  1.84614e-23 -5.41769e-31  8.47169e-24  1.41864e-30 -1.17369e-24 -1.15421e-30 -1.19292e-24   5.8997e-31 -8.25891e-26  -1.9065e-31  1.01045e-25  2.33635e-32   2.6994e-26   1.1986e-32 -2.51086e-27 -7.42586e-33 -2.39598e-27   1.4313e-33 -3.37594e-28  2.41877e-34  5.96893e-29 -1.92512e-34  2.75763e-29  3.53999e-35  2.99367e-30  1.79626e-36 -3.62527e-31 -2.17437e-36  -1.4689e-31  8.26456e-37 -1.60883e-32 -3.49072e-37  1.90097e-34  1.25621e-37   2.5098e-34 -3.27631e-38  2.86345e-35  5.56205e-39  1.11627e-36 -4.78876e-40 -4.65781e-38  5.81772e-42 -6.54219e-39  1.50479e-42 -2.37628e-40 -1.68333e-43 -2.18058e-42  1.13022e-44
-1.75431e-46  1.70397e-30  1.28049e-44 -9.09658e-29 -9.92537e-44  2.57274e-27  -2.2822e-42 -4.84897e-26  1.03852e-40  6.73005e-25 -1.96632e-39 -7.27386e-24   2.5958e-38  6.34213e-23 -2.67628e-37 -4.56923e-22  2.26611e-36  2.76668e-21 -1.62431e-35  -1.4253e-20  1.00521e-34  6.30297e-20 -5.44925e-34 -2.40767e-19  2.61698e-33  7.97728e-19 -1.12375e-32 -2.29772e-18  4.34873e-32  5.75583e-18 -1.52702e-31 -1.25212e-17  4.89397e-31  2.35669e-17 -1.43857e-30 -3.81263e-17  3.89295e-30  5.24526e-17 -9.72235e-30 -6.03057e-17  2.24323e-29  5.62212e-17  -4.7801e-29  -4.0025e-17  9.39178e-29  1.85109e-17 -1.69663e-28 -1.44312e-18  2.80742e-28 -5.48346e-18 -4.23513e-28  4.13301e-18  5.79191e-28  -5.6752e-19 -7.13275e-28 -1.01088e-18  7.84559e-28  5.77121e-19 -7.62974e-28  9.28134e-20  6.47609e-28 -1.78967e-19 -4.72136e-28  1.34411e-20  2.90659e-28  4.07415e-20 -1.50832e-28 -7.15611e-21  7.19179e-29 -8.22429e-21 -4.23469e-29  1.54194e-21  3.58018e-29  1.55883e-21 -3.10816e-29 -1.80277e-22  2.12632e-29 -2.65062e-22 -9.77594e-30   -2.529e-24  1.62889e-30  3.58436e-23  1.68364e-30  5.76055e-24 -1.79618e-30  -3.1263e-24  9.12102e-31 -1.16297e-24 -2.38515e-31  7.03516e-26 -1.66625e-32   1.1163e-25  4.39419e-32  1.74182e-26 -1.78715e-32  -3.8086e-27  2.13621e-33  -1.7919e-27  1.05542e-33 -1.71099e-28 -5.40024e-34  4.37401e-29  9.32413e-35  1.46463e-29  1.66455e-36  1.32464e-30 -5.18683e-36  -1.4296e-31  2.44898e-36 -4.98213e-32 -9.42785e-37 -4.97034e-33  2.76257e-37 -3.78735e-35 -6.14913e-38  4.03669e-35  9.40755e-39  4.11471e-36 -7.41328e-40  1.56356e-37  9.40595e-42 -3.80811e-40  1.57133e-42 -1.81623e-40 -1.32749e-43 -2.50628e-42
-6.61604e-31 -1.31065e-44  6.23737e-29  3.30181e-43 -2.32411e-27  -2.2822e-42  5.29388e-26 -3.79666e-41 -8.51797e-25  1.44376e-39  1.04169e-23 -2.45559e-38 -1.01172e-22  2.95297e-37  8.03284e-22  -2.7965e-36 -5.31981e-21  2.18845e-35   2.9813e-20 -1.45556e-34  -1.4287e-19  8.38184e-34  5.89889e-19 -4.23592e-33 -2.10934e-18  1.89877e-32  6.55329e-18 -7.61682e-32 -1.77138e-17  2.75579e-31    4.164e-17 -9.05649e-31 -8.49161e-17  2.72084e-30  1.49492e-16 -7.51529e-30 -2.25332e-16  1.91741e-29  2.86962e-16 -4.53367e-29 -3.02023e-16  9.95079e-29  2.52363e-16 -2.02698e-28  -1.5318e-16  3.82438e-28  4.92878e-17 -6.65967e-28   1.5161e-17  1.06522e-27 -2.82605e-17 -1.55594e-27  1.25156e-17  2.06135e-27  2.40681e-18 -2.45725e-27 -4.91205e-18  2.61021e-27  1.13381e-18 -2.44055e-27  1.01444e-18  1.97577e-27 -5.41511e-19  -1.3535e-27 -1.52813e-19  7.60107e-28   1.4661e-19 -3.38896e-28  2.17085e-20  1.28841e-28 -3.11535e-20 -7.26221e-29 -4.24552e-21  7.79824e-29  5.47218e-21 -7.94535e-29  1.08666e-21  5.96263e-29 -7.47278e-22 -3.12856e-29 -2.46201e-22  9.89282e-30  6.38044e-23 -1.43661e-31  3.99129e-23 -1.73262e-30 -6.21142e-26  8.79676e-31 -3.98513e-24  -6.0747e-32 -7.71471e-25 -1.76869e-31  1.64109e-25  1.20126e-31  8.84811e-26 -3.65389e-32  7.93419e-27  1.54406e-33 -3.21493e-27  3.21591e-33 -1.02099e-27 -1.28021e-33 -6.96074e-29  2.07316e-34  2.16763e-29 -5.35611e-37  5.81955e-30 -1.12524e-35  4.70068e-31  6.04243e-36  -3.4599e-32 -2.12191e-36 -1.14892e-32  5.21106e-37 -1.04263e-33 -9.88833e-38 -2.26088e-35  1.35133e-38  3.33129e-36 -9.83752e-40  2.97722e-37  1.61292e-41   8.8498e-39  1.12905e-42  5.14737e-41 -6.83039e-44
 7.50399e-45 -3.16729e-29 -3.95022e-43  1.70249e-27  6.44495e-42 -4.84897e-26 -3.79666e-41  9.20636e-25 -5.29338e-40 -1.28762e-23  1.77517e-38  1.40289e-22  -2.7418e-37 -1.23353e-21  3.02468e-36   8.9659e-21 -2.64563e-35 -5.47944e-20   1.9217e-34  2.85049e-19 -1.19028e-33 -1.27355e-18  6.39669e-33  4.91782e-18 -3.02049e-32 -1.64821e-17  1.26567e-31  4.80556e-17 -4.74606e-31 -1.21955e-16  1.60476e-30  2.69027e-16 -4.92803e-30 -5.14055e-16  1.38402e-29  8.45507e-16 -3.57858e-29 -1.18489e-15     8.57e-29   1.3915e-15 -1.90991e-28 -1.33104e-15  3.97223e-28  9.81071e-16 -7.71311e-28 -4.82908e-16  1.39535e-27  6.41199e-17 -2.34156e-27  1.24343e-16  3.62306e-27 -1.06695e-16  -5.1314e-27  2.11451e-17  6.59768e-27  2.32165e-17 -7.62843e-27 -1.60467e-17  7.84246e-27 -1.13201e-18 -7.06532e-27  4.67513e-18  5.46591e-27 -7.17212e-19 -3.52018e-27 -1.02249e-18  1.79093e-27  2.75879e-19 -6.54573e-28  2.03073e-19  1.56902e-28 -5.99825e-20  -8.1511e-29  -3.9362e-20  1.48781e-28  8.55959e-21 -1.82584e-28  7.11984e-21  1.47338e-28 -5.30045e-22 -8.37997e-29 -1.05974e-21  3.35637e-29 -9.12347e-23 -8.78172e-30  1.08239e-22   1.3937e-30   2.9131e-23 -6.21232e-31 -4.78228e-24  8.01141e-31 -3.44398e-24 -6.07499e-31 -3.35456e-25  2.72429e-31  1.63411e-25 -6.28658e-32  5.34943e-26  -3.9504e-33  2.48566e-27  8.10993e-33 -1.86849e-27 -2.65922e-33 -4.52273e-28  4.02554e-34 -2.44001e-29 -7.62233e-36  7.44707e-30 -2.21419e-35  1.70431e-30  1.28245e-35  1.28428e-31  -4.1014e-36 -4.38581e-33  8.53954e-37 -1.67797e-33  -1.3692e-37 -1.34959e-34  1.65502e-38 -3.69755e-36 -1.13635e-39  9.94773e-38  2.50186e-41  7.70246e-39  4.83746e-43  9.00803e-41
 1.04213e-29    3.134e-43 -9.89308e-28 -8.25639e-42  3.71222e-26  1.03852e-40 -8.51797e-25 -5.29338e-40  1.38112e-23 -6.48614e-39 -1.70263e-22  1.96029e-37  1.66762e-21 -2.77101e-36 -1.33578e-20  2.82051e-35  8.92859e-20 -2.28952e-34 -5.05261e-19  1.54981e-33  2.44622e-18 -8.97069e-33 -1.02096e-17  4.51282e-32  3.69264e-17 -1.99622e-31 -1.16118e-16   7.8355e-31  3.17935e-16 -2.75037e-30 -7.57727e-16  8.69515e-30   1.5683e-15 -2.49332e-29 -2.80584e-15  6.53202e-29  4.30524e-15 -1.57533e-28  -5.5941e-15  3.52402e-28  6.02817e-15 -7.36223e-28 -5.18884e-15  1.44351e-27  3.29109e-15 -2.66127e-27 -1.18012e-15  4.60547e-27 -2.22935e-16 -7.44315e-27  5.85759e-16  1.11488e-26 -2.97907e-16 -1.53357e-26 -2.82273e-17   1.9177e-26  1.05758e-16 -2.15573e-26 -3.24325e-17  2.15017e-26 -1.95451e-17 -1.87129e-26  1.35594e-17  1.38715e-26  2.33415e-18 -8.41698e-27 -3.55451e-18  3.86493e-27 -2.07092e-19 -1.08597e-27  7.58246e-19  2.62335e-29   3.7464e-20  -2.0712e-30 -1.38414e-19  2.64333e-28 -1.52648e-20 -3.93917e-28  2.05539e-20  3.35336e-28  4.65331e-21 -2.02079e-28  -2.1199e-21  9.32355e-29  -9.0766e-22 -3.56857e-29  8.08182e-23  1.34555e-29  1.07175e-22 -6.18413e-30  1.34691e-23  3.27029e-30 -6.05339e-24    -1.55e-30 -2.21941e-24   5.3107e-31 -7.12525e-26 -8.63586e-32  1.09204e-25 -2.20286e-32  2.54918e-26  1.78248e-32  5.09388e-28 -4.92076e-33 -7.88433e-28   6.9793e-34 -1.55867e-28 -2.55534e-35 -7.63532e-30  -3.9508e-35  1.73382e-30  2.38921e-35  3.53212e-31   -6.925e-36  2.49396e-32  1.22327e-36 -8.17716e-35 -1.62874e-37 -1.36838e-34  1.72385e-38 -9.15515e-36 -1.15348e-39  -2.1449e-37  3.10524e-41 -8.50837e-41  6.12556e-44
-1.74387e-43  4.33332e-28   7.5306e-42 -2.34567e-26 -1.38166e-40  6.73005e-25  1.44376e-39 -1.28762e-23 -6.48614e-39  1.81542e-22 -7.13213e-38 -1.99465e-21  1.96445e-36  1.76937e-20  -2.5571e-35   -1.298e-19  2.41331e-34  8.01002e-19  -1.8256e-33 -4.20968e-18  1.15581e-32  1.90114e-17 -6.27233e-32 -7.42503e-17  2.96243e-31  2.51856e-16 -1.23088e-30  -7.4374e-16  4.53668e-30  1.91329e-15 -1.49362e-29 -4.28267e-15  4.42099e-29  8.31351e-15 -1.18415e-28 -1.39122e-14  2.89067e-28  1.98754e-14 -6.48367e-28 -2.38617e-14  1.34841e-27  2.34394e-14 -2.62462e-27 -1.78986e-14  4.82027e-27  9.36198e-15 -8.39224e-27 -1.73679e-15  1.38465e-26 -2.04712e-15 -2.15288e-26  2.03604e-15  3.12424e-26 -5.31293e-16 -4.18218e-26 -3.82871e-16  5.09926e-26   3.2738e-16 -5.58829e-26 -4.94155e-18  5.42293e-26 -8.91402e-17  -4.5727e-26  2.14231e-17  3.25898e-26  1.84583e-17  -1.8708e-26 -7.16585e-18   7.7675e-27 -3.55144e-18 -1.54522e-27  1.57262e-18 -5.00221e-28  7.01331e-19  2.52334e-28 -2.49984e-19  4.87942e-28 -1.35969e-19 -8.30201e-28  2.44126e-20  7.26554e-28  2.24141e-20  -4.5727e-28  1.33623e-22  2.33364e-28 -2.64221e-21 -1.06455e-28 -4.87232e-22  4.72787e-29  1.64938e-22 -2.10129e-29  7.52919e-23   8.9391e-30  2.47509e-24 -3.31779e-30  -4.6777e-24  8.96262e-31 -1.11596e-24 -7.63957e-32    1.733e-26 -6.58853e-32    5.378e-26  3.48713e-32  9.73715e-27 -8.18529e-33  7.79505e-29  1.10491e-33 -2.42732e-28 -6.59787e-35 -4.09605e-29 -6.42437e-35 -2.01242e-30  3.96095e-35  2.54365e-31 -1.03129e-35  4.82256e-32  1.53318e-36  3.07535e-33 -1.64662e-37  4.17696e-35  1.51287e-38 -4.85639e-36 -1.02823e-39 -2.28551e-37   2.8378e-41 -2.21716e-39
-1.24667e-28 -5.24581e-42  1.19182e-26  1.35836e-40 -4.50506e-25 -1.96632e-39  1.04169e-23  1.77517e-38 -1.70263e-22 -7.13213e-38   2.1167e-21 -7.11928e-37 -2.09152e-20  1.80014e-35  1.69088e-19 -2.16878e-34 -1.14122e-18  1.90585e-33  6.52416e-18 -1.34842e-32  -3.1927e-17  8.00994e-32  1.34766e-16 -4.08708e-31 -4.93278e-16  1.81718e-30   1.5709e-15 -7.11049e-30 -4.35948e-15  2.46698e-29  1.05405e-14 -7.63591e-29  -2.2157e-14  2.12032e-28  4.03147e-14  -5.3119e-28 -6.30183e-14  1.20844e-27  8.36161e-14 -2.51654e-27 -9.23337e-14  4.84585e-27  8.19406e-14 -8.73218e-27 -5.43171e-14  1.49074e-26  2.15046e-14 -2.43378e-26   1.8784e-15  3.81061e-26 -9.21947e-15 -5.69104e-26  5.38615e-15  8.00976e-26  3.22154e-17 -1.04611e-25 -1.72037e-15  1.24763e-25  6.76263e-16 -1.33726e-25  2.71659e-16  1.26653e-25 -2.54897e-16 -1.03815e-25 -1.84376e-17  7.14264e-26  6.46115e-17 -3.90312e-26 -2.05853e-18   1.4811e-26 -1.37714e-17 -1.94254e-27   5.6169e-19 -1.66986e-27  2.60048e-18  6.58645e-28  5.60871e-20  1.05015e-27  -4.1611e-19  -1.7592e-27 -5.59897e-20  1.53419e-27  4.95409e-20 -9.95386e-28  1.47599e-20  5.46529e-28 -3.14157e-21  -2.7381e-28 -2.11033e-21  1.27868e-28  -1.1652e-22  -5.4253e-29   1.5278e-22  2.01394e-29  4.00285e-23 -6.19289e-30 -1.68518e-24  1.28895e-30 -2.62849e-24  2.78151e-32 -4.50676e-25 -1.53681e-31  2.14758e-26  6.13369e-32  2.00449e-26 -1.23263e-32  2.98442e-27  1.64341e-33   2.4275e-29 -1.47395e-34 -5.31411e-29 -9.62476e-35  -7.8567e-30  5.89982e-35 -3.93654e-31 -1.36094e-35  1.98312e-32  1.67383e-36   3.8496e-33 -1.38018e-37  2.02402e-34  1.09829e-38  3.35593e-36 -7.89299e-40 -3.54344e-38  1.65866e-41
 2.37194e-42 -4.61364e-27 -1.06366e-40  2.51581e-25  2.02116e-39 -7.27386e-24 -2.45559e-38  1.40289e-22  1.96029e-37 -1.99465e-21 -7.11928e-37  2.21095e-20 -6.50109e-36 -1.97944e-19  1.51749e-34  1.46623e-18 -1.69952e-33 -9.14063e-18  1.39566e-32   4.8555e-17 -9.26394e-32 -2.21763e-16  5.17716e-31  8.76461e-16 -2.48989e-30 -3.01056e-15  1.04458e-29  9.00974e-15  -3.8581e-29 -2.35101e-14  1.26298e-28  5.34339e-14 -3.68398e-28 -1.05452e-13  9.61896e-28  1.79681e-13  -2.2585e-27 -2.61901e-13  4.79419e-27  3.21721e-13 -9.26651e-27 -3.24818e-13  1.64747e-26  2.57137e-13 -2.73196e-26 -1.42724e-13  4.29828e-26  3.37758e-14 -6.52175e-26  2.55911e-14  9.62874e-26 -3.03489e-14 -1.37834e-25  9.92426e-15  1.88434e-25  4.70275e-15 -2.40964e-25 -5.18198e-15  2.82244e-25  5.15765e-16 -2.97015e-25  1.30523e-15  2.75525e-25 -4.46449e-16 -2.20335e-25  -2.4962e-16  1.47037e-25  1.37705e-16 -7.71454e-26  4.51645e-17  2.73776e-26 -3.04647e-17 -2.59062e-27 -9.02713e-18  -3.3317e-27   5.2097e-18  7.12608e-28  1.91065e-18  2.62697e-27 -6.28242e-19 -3.78197e-27 -3.55149e-19  3.19653e-27  3.18731e-20  -2.1094e-27   4.8318e-20  1.21523e-27  5.07631e-21 -6.37298e-28  -3.8495e-21  2.98876e-28 -1.21552e-21 -1.19939e-28   5.8815e-23  3.96376e-29  9.77448e-23  -1.0199e-29   1.6638e-23  1.49139e-30  -1.8224e-24  3.18806e-31  -1.1328e-24 -3.04096e-31 -1.49273e-25  9.75528e-32  9.24605e-27 -1.69542e-32  5.63497e-27  2.37615e-33  7.19588e-28 -2.90623e-34  1.14491e-29 -1.34993e-34 -7.81201e-30  7.94818e-35 -1.02208e-30 -1.59253e-35 -4.93746e-32  1.57347e-36  4.10159e-34 -9.05991e-38  1.43622e-34  6.37811e-39  5.01201e-36 -4.93601e-40  3.88995e-38
 1.18319e-27  6.38188e-41 -1.13948e-25 -1.69974e-39  4.34043e-24   2.5958e-38 -1.01172e-22  -2.7418e-37  1.66762e-21  1.96445e-36 -2.09152e-20 -6.50109e-36  2.08581e-19 -5.46321e-35 -1.70265e-18  1.18269e-33  1.16089e-17 -1.23592e-32 -6.70782e-17   9.5141e-32  3.31964e-16 -5.93998e-31 -1.41792e-15  3.12998e-30  5.25527e-15 -1.42171e-29 -1.69593e-14  5.63877e-29  4.77326e-14 -1.96963e-28 -1.17162e-13  6.09599e-28   2.5031e-13 -1.67928e-27 -4.63531e-13  4.13242e-27  7.38759e-13 -9.11478e-27 -1.00182e-12  1.80896e-26  1.13465e-12 -3.24833e-26   -1.039e-12    5.325e-26  7.19952e-13  -8.0856e-26 -3.12366e-13  1.16177e-25   5.5634e-16 -1.62024e-25  1.14772e-13  2.23653e-25 -7.73748e-14  -3.0604e-25   5.9857e-15  4.07449e-25   2.1989e-14 -5.12764e-25 -1.09105e-14  5.93014e-25 -2.70828e-15 -6.15522e-25  3.76164e-15  5.61457e-25 -8.89778e-17 -4.39772e-25  -9.1736e-16  2.86201e-25  1.17719e-16 -1.45791e-25  1.94003e-16  5.02054e-26 -2.75401e-17 -5.34327e-27 -3.77397e-17 -3.91846e-27  2.86133e-18 -1.36364e-27  6.48162e-18  6.87404e-27  2.82342e-19 -8.16462e-27 -8.72272e-19  6.57957e-27 -1.70343e-19  -4.3594e-27  7.31134e-20  2.57451e-27  3.14705e-20 -1.36811e-27 -8.79604e-22  6.28241e-28 -2.86294e-21 -2.36503e-28 -5.22538e-22  6.96935e-29  8.24933e-23 -1.47619e-29  4.75197e-23  1.11056e-30  5.54918e-24  9.03036e-31 -9.38304e-25 -5.27311e-31 -3.80315e-25   1.4084e-31 -4.09445e-26 -2.16051e-32   2.3264e-27  3.43811e-33  1.16288e-27 -5.05674e-34  1.30402e-28 -1.80491e-34  3.30811e-30  9.72766e-35 -6.93376e-31 -1.64719e-35 -8.00856e-32  1.24366e-36  -3.3094e-33 -3.91414e-38 -2.51118e-35  2.77701e-39  1.41695e-36 -2.16805e-40
-2.61226e-41  3.95984e-26  1.17244e-39 -2.17597e-24 -2.28422e-38  6.34213e-23  2.95297e-37 -1.23353e-21 -2.77101e-36  1.76937e-20  1.80014e-35 -1.97944e-19 -5.46321e-35  1.78939e-18 -4.24591e-34 -1.33898e-17  8.55874e-33  8.43673e-17 -8.37246e-32 -4.53208e-16  6.05745e-31  2.09448e-15 -3.56485e-30 -8.38161e-15  1.77439e-29  2.91717e-14 -7.62439e-29 -8.85319e-14  2.86325e-28  2.34485e-13 -9.47327e-28 -5.41521e-13  2.77653e-27  1.08729e-12 -7.23644e-27 -1.88791e-12  1.68171e-26  2.80995e-12  -3.4923e-26 -3.53497e-12  6.49482e-26  3.67157e-12 -1.08541e-25 -3.01521e-12  1.64074e-25  1.77385e-12 -2.27298e-25 -5.08425e-13  2.95553e-25 -2.46497e-13 -3.73824e-25  3.65655e-13   4.7696e-25 -1.45612e-13 -6.21892e-25 -4.27723e-14   8.1009e-25  6.58623e-14 -1.01103e-24 -1.22666e-14  1.16266e-24 -1.50764e-14 -1.19677e-24  7.07804e-15    1.078e-24  2.54103e-15 -8.30499e-25 -2.06236e-15  5.30371e-25 -4.02582e-16  -2.6597e-25  4.58792e-16  9.31775e-26  8.01118e-17 -1.60696e-26 -8.29484e-17  1.54159e-27 -1.95038e-17 -1.00116e-26  1.14549e-17  1.73021e-26  4.27813e-18 -1.73681e-26 -9.45055e-19  1.32927e-26 -6.83401e-19 -8.74653e-27 -1.41193e-20  5.19022e-27  6.69031e-20 -2.73228e-27  1.45162e-20  1.20902e-27 -2.48643e-21 -4.23569e-28 -1.56061e-21  1.10384e-28 -1.67917e-22 -1.83675e-29  5.08735e-23 -3.84922e-31   1.8199e-23   1.8571e-30  1.53421e-24 -8.13721e-31 -3.20237e-25  1.85254e-31 -9.87959e-26 -2.61073e-32 -9.17796e-27  5.01866e-33  3.36246e-28  -7.7382e-34  1.67057e-28 -2.33387e-34  1.64443e-29  1.08444e-34  5.14014e-31 -1.49447e-35 -2.99048e-32  7.85087e-37 -3.05481e-33  -6.0648e-40 -8.38177e-35  7.78161e-40 -4.65012e-37
 -9.1698e-27 -6.39547e-40   8.8993e-25  1.70784e-38 -3.41729e-23 -2.67628e-37  8.03284e-22  3.02468e-36 -1.33578e-20  -2.5571e-35  1.69088e-19  1.51749e-34 -1.70265e-18 -4.24591e-34  1.40405e-17 -3.06493e-33 -9.67551e-17  5.77279e-32  5.65355e-16 -5.30092e-31 -2.83102e-15  3.61241e-30  1.22431e-14 -2.00746e-29 -4.59757e-14  9.45252e-29  1.50443e-13 -3.84728e-28 -4.29726e-13  1.36966e-27  1.07155e-12 -4.29743e-27 -2.32848e-12  1.19426e-26  4.39207e-12 -2.94895e-26   -7.143e-12  6.48241e-26  9.90872e-12 -1.26978e-25 -1.15211e-11  2.21754e-25  1.08951e-11 -3.45599e-25 -7.89344e-12  4.82206e-25  3.73043e-12  -6.0809e-25 -3.05054e-13  7.09266e-25 -1.15746e-12 -8.00531e-25  9.09625e-13  9.29437e-25 -1.43766e-13 -1.15095e-24 -2.25554e-13  1.47998e-24  1.41382e-13 -1.85366e-24  1.71028e-14   2.1394e-24 -4.48067e-14 -2.19723e-24  5.45217e-15  1.96283e-24  1.04079e-14  -1.4938e-24 -2.49357e-15  9.42741e-25 -2.15949e-15 -4.73044e-25  5.75756e-16  1.76803e-25  4.30858e-16 -4.91895e-26 -8.38083e-17  2.46734e-26 -7.95037e-17 -3.43875e-26  4.55278e-18  4.05024e-26    1.201e-17 -3.57822e-26  1.22043e-18  2.61123e-26 -1.23195e-18 -1.69221e-26 -3.57067e-19  9.93214e-27  5.12564e-20 -5.09886e-27  4.14839e-20  2.15026e-27  4.57845e-21 -6.95186e-28 -1.87754e-21  1.57494e-28 -6.63429e-22 -1.84339e-29 -3.95681e-23 -3.50952e-30  2.12279e-23  3.16503e-30  5.55407e-24  -1.1261e-30  3.65792e-25  2.23033e-31 -7.59762e-26 -3.09055e-32 -1.93205e-26  7.26707e-33 -1.60374e-27 -1.03716e-33  1.87161e-29 -2.93134e-34  1.52592e-29  1.10248e-34  1.27855e-30 -1.17288e-35  3.88718e-32  3.42755e-37 -3.06249e-34  1.67892e-38 -3.35844e-35  7.38942e-41
 2.39664e-40 -2.80619e-25 -1.07454e-38  1.55452e-23   2.1021e-37 -4.56923e-22  -2.7965e-36   8.9659e-21  2.82051e-35   -1.298e-19 -2.16878e-34  1.46623e-18  1.18269e-33 -1.33898e-17 -3.06493e-33  1.01266e-16 -2.06269e-32 -6.45237e-16  3.64105e-31  3.50708e-15 -3.14579e-30 -1.64096e-14   2.0229e-29  6.65304e-14 -1.06305e-28 -2.34775e-13  4.74095e-28  7.23025e-13 -1.82966e-27 -1.94513e-12   6.1807e-27  4.56785e-12  -1.8407e-26 -9.33864e-12  4.85468e-26  1.65374e-11 -1.13686e-25 -2.51569e-11  2.36657e-25  3.24408e-11 -4.37866e-25 -3.46947e-11  7.19257e-25   2.9578e-11 -1.04721e-24 -1.84247e-11  1.35033e-24  6.18751e-12 -1.54786e-24  1.79027e-12  1.60544e-24 -3.64093e-12 -1.58461e-24   1.7376e-12  1.63688e-24  2.62666e-13 -1.92089e-24 -6.86999e-13  2.48179e-24   1.9197e-13   -3.178e-24  1.38578e-13  3.72397e-24 -8.93774e-14 -3.83946e-24  -1.8488e-14  3.41445e-24  2.48396e-14 -2.57779e-24  1.94676e-15   1.6204e-24 -5.53458e-15 -8.27964e-25 -3.53024e-16  3.41955e-25  1.04701e-15 -1.34864e-25  1.27918e-16  8.82096e-26 -1.60292e-16 -9.08421e-26 -3.82668e-17  8.75577e-26  1.69154e-17 -7.05739e-26  7.55423e-18  4.94462e-26 -6.27694e-19 -3.13718e-26 -9.04804e-19  1.80015e-26 -1.19934e-19  -8.9151e-27  5.09087e-20  3.55367e-27  1.94192e-20 -1.05009e-27  7.70189e-22  2.00805e-28 -9.29312e-22 -1.16583e-29 -2.26303e-22 -8.48977e-30 -6.68895e-24  4.66262e-30  6.46662e-24 -1.40208e-30  1.34165e-24   2.4755e-31  7.65407e-26 -3.70311e-32 -1.22158e-26  1.01466e-32  -2.7011e-27 -1.20976e-33 -2.00602e-28 -3.54876e-34 -1.61673e-30    1.022e-34  7.54809e-31 -7.76726e-36  4.96677e-32  3.49459e-38  1.06507e-33  1.63574e-38  2.70375e-36
 5.92061e-26  5.40557e-39 -5.79258e-24 -1.43701e-37   2.2432e-22  2.26611e-36 -5.31981e-21 -2.64563e-35  8.92859e-20  2.41331e-34 -1.14122e-18 -1.69952e-33  1.16089e-17  8.55874e-33 -9.67551e-17 -2.06269e-32  6.74243e-16 -1.29849e-31 -3.98623e-15  2.15363e-30  2.02091e-14 -1.75413e-29 -8.85421e-14  1.06601e-28  3.37098e-13 -5.30381e-28 -1.11924e-12  2.24251e-27  3.24687e-12 -8.21292e-27 -8.23123e-12  2.63448e-26  1.82069e-11 -7.45214e-26   -3.501e-11   1.8665e-25  5.81537e-11 -4.14807e-25  -8.2598e-11  8.18305e-25  9.86874e-11 -1.43131e-24 -9.64627e-11  2.21369e-24  7.30905e-11 -3.01447e-24 -3.74403e-11  3.59509e-24  5.80412e-12 -3.74025e-24  9.56864e-12  3.41683e-24 -8.92974e-12  -2.8696e-24  2.13132e-12  2.54401e-24  1.86866e-12 -2.83679e-24 -1.50821e-12  3.82162e-24 -1.16848e-14 -5.14747e-24  4.38004e-13  6.20199e-24 -1.00134e-13 -6.44828e-24 -9.51573e-14  5.72203e-24   3.6216e-14 -4.30143e-24  1.89817e-14  2.71584e-24 -8.37117e-15 -1.43691e-24 -3.86081e-15   6.6539e-25  1.39293e-15 -3.28736e-25  7.71907e-16  2.30819e-25  -1.4271e-16 -2.05076e-25 -1.31646e-16  1.75205e-25 -4.20659e-19 -1.32414e-25  1.60607e-17  8.96764e-26  2.95865e-18 -5.54659e-26  -1.0351e-18  3.08578e-26 -4.72594e-19 -1.46322e-26 -1.54361e-20  5.47631e-27  2.98014e-20 -1.46163e-27  7.17219e-21   2.2398e-28 -8.87994e-23  5.02278e-30  -3.4036e-22 -1.49596e-29 -6.27121e-23  6.02643e-30  -8.9448e-25 -1.57053e-30   1.4479e-24  2.56385e-31  2.49797e-25 -4.55567e-32  1.34041e-26  1.33241e-32   -1.221e-27 -1.21302e-33 -2.47804e-28 -4.07554e-34 -1.57853e-29   8.6259e-35 -2.74316e-31 -4.13748e-36  1.43754e-32 -9.92306e-38  5.81066e-34  8.13031e-39
-1.88502e-39  1.66996e-24  8.37664e-38 -9.32963e-23 -1.62964e-36  2.76668e-21  2.18845e-35 -5.47944e-20 -2.28952e-34  8.01002e-19  1.90585e-33 -9.14063e-18 -1.23592e-32  8.43673e-17  5.77279e-32 -6.45237e-16 -1.29849e-31  4.15978e-15  -7.6677e-31 -2.28905e-14   1.1975e-29  1.08505e-13 -9.21007e-29 -4.45985e-13  5.29618e-28  1.59678e-12 -2.49729e-27 -4.99367e-12  1.00185e-26  1.36559e-11 -3.48436e-26 -3.26358e-11  1.06195e-25   6.7994e-11 -2.85466e-25 -1.22911e-10  6.79306e-25  1.91275e-10 -1.43326e-24  -2.5308e-10  2.68046e-24  2.78965e-10 -4.43378e-24 -2.47063e-10  6.45869e-24   1.6282e-10 -8.22803e-24 -6.26279e-11  9.07352e-24 -8.69915e-12 -8.54431e-24  3.03885e-11  6.78773e-24 -1.72641e-11 -4.64663e-24  -5.2967e-13  3.29398e-24  5.95815e-12 -3.56826e-24  -2.2942e-12  5.44657e-24 -9.99573e-13 -8.02808e-24   9.2374e-13  1.00398e-23  7.19783e-14  -1.0529e-23 -2.45147e-13  9.31961e-24  8.55553e-15 -6.99533e-24  5.43702e-14  4.47335e-24 -2.64831e-15 -2.48273e-24  -1.0684e-14  1.28144e-24 -1.26154e-16 -7.22509e-25  1.78582e-15  5.10198e-25  2.23388e-16 -4.12535e-25  -2.2351e-16  3.26002e-25 -6.41822e-17 -2.35673e-25  1.52549e-17  1.55122e-25  9.70003e-18 -9.32313e-26  4.50857e-19  4.99939e-26 -7.35766e-19 -2.25785e-26 -1.87382e-19  7.88677e-27  9.35211e-21 -1.87198e-27   1.2715e-20  2.07093e-28  2.14438e-21   3.3008e-29 -1.05561e-22  -2.1777e-29 -9.50816e-23   6.8368e-30 -1.40807e-23 -1.57755e-30 -1.59785e-25  2.52609e-31  2.31445e-25 -5.67394e-32  3.40585e-26  1.61946e-32  1.75214e-27 -1.01898e-33 -6.11269e-29 -4.35957e-34 -1.29076e-29  6.60563e-35 -6.31291e-31 -1.58007e-36 -9.69963e-33 -1.01435e-37  2.95881e-35
-3.23071e-25 -3.93805e-38  3.18779e-23  1.03503e-36  -1.2455e-21 -1.62431e-35   2.9813e-20   1.9217e-34 -5.05261e-19  -1.8256e-33  6.52416e-18  1.39566e-32 -6.70782e-17 -8.37246e-32  5.65355e-16  3.64105e-31 -3.98623e-15  -7.6677e-31  2.38596e-14 -4.25753e-30 -1.22541e-13  6.27232e-29  5.44279e-13 -4.56146e-28 -2.10231e-12  2.48463e-27  7.08762e-12 -1.11126e-26 -2.08974e-11  4.23295e-26  5.39035e-11 -1.39885e-25  -1.2147e-10  4.05275e-25  2.38324e-10  -1.0357e-24 -4.04699e-10  2.34228e-24  5.89121e-10 -4.69271e-24 -7.24009e-10   8.3205e-24  7.32142e-10 -1.30141e-23 -5.80368e-10  1.78494e-23   3.2093e-10 -2.12569e-23 -7.16721e-11  2.16355e-23 -6.48109e-11 -1.83407e-23  7.42281e-11  1.24143e-23 -2.39012e-11 -6.36712e-24 -1.23459e-11  2.92437e-24  1.34629e-11 -3.49305e-24 -1.34339e-12  7.40963e-24 -3.53975e-12 -1.24424e-23  1.25572e-12   1.6108e-23  6.94846e-13 -1.69144e-23 -4.06141e-13  1.48744e-23 -1.27558e-13 -1.11654e-23  9.41763e-14  7.28499e-24  2.61412e-14  -4.2696e-24 -1.69933e-14  2.40729e-24 -5.81361e-15 -1.45086e-24  2.20352e-15  1.00075e-24  1.14905e-15 -7.55012e-25 -1.35446e-16  5.66544e-25 -1.66601e-16 -3.97569e-25 -1.45971e-17  2.55312e-25  1.42609e-17 -1.48719e-25  4.20329e-18  7.65473e-26 -2.90481e-19 -3.28006e-26 -3.62016e-19  1.06299e-26 -5.79166e-20 -2.19525e-27  7.50346e-21  1.31915e-28  4.18994e-21  7.06482e-29   5.2892e-22 -2.71264e-29 -3.61782e-23   6.7113e-30  -2.0163e-23 -1.41061e-30 -2.50303e-24  2.43162e-31 -4.15428e-26 -6.93804e-32  2.47645e-26    1.807e-32  3.12434e-27 -6.73493e-34  1.46172e-28 -4.26948e-34 -4.24883e-31   4.5574e-35 -2.87046e-31 -2.57399e-37 -7.77733e-33 -4.99101e-38
 1.28904e-38 -8.44782e-24 -5.65815e-37  4.76177e-22  1.08672e-35  -1.4253e-20 -1.45556e-34  2.85049e-19  1.54981e-33 -4.20968e-18 -1.34842e-32   4.8555e-17   9.5141e-32 -4.53208e-16 -5.30092e-31  3.50708e-15  2.15363e-30 -2.28905e-14 -4.25753e-30  1.27606e-13 -2.22737e-29 -6.13186e-13   3.1001e-28  2.55691e-12 -2.13419e-27 -9.29498e-12  1.10215e-26  2.95413e-11 -4.67909e-26 -8.21843e-11  1.69337e-25   2.0005e-10 -5.32002e-25 -4.25115e-10  1.46578e-24  7.85182e-10 -3.56226e-24 -1.25124e-09  7.65792e-24   1.7004e-09 -1.45692e-23 -1.93372e-09  2.44864e-23  1.78045e-09 -3.61971e-23 -1.24055e-09  4.66965e-23  5.37698e-10 -5.18863e-23  8.94519e-12  4.85505e-23 -2.14232e-10 -3.66752e-23  1.45159e-10  2.03615e-23 -1.11862e-11 -6.15158e-24 -4.31908e-11 -4.80361e-25  2.21583e-11 -1.92096e-24  5.29836e-12  1.04362e-23 -7.94262e-12 -1.99581e-23  3.35829e-13  2.60985e-23  2.00031e-12 -2.69948e-23  -3.1247e-13  2.34073e-23 -4.37096e-13 -1.75792e-23  7.74007e-14  1.17668e-23  8.86627e-14 -7.27704e-24 -9.88446e-15   4.3637e-24 -1.60911e-14 -2.68683e-24 -2.01551e-16  1.78103e-24  2.32052e-15  -1.2714e-24  3.86263e-16  9.22904e-25 -2.14563e-16 -6.35788e-25 -8.21673e-17  3.99341e-25  4.90421e-18 -2.24936e-25   8.1926e-18  1.10804e-25  1.33283e-18 -4.49201e-26 -2.74751e-19  1.34183e-26 -1.36147e-19 -2.33231e-27 -1.42033e-20 -1.12584e-29  2.99023e-21  1.12625e-28  1.08315e-21 -2.89745e-29  1.08752e-22   5.4616e-30 -7.25821e-24 -1.10714e-30 -3.14801e-24  2.34982e-31 -3.34798e-25 -8.09144e-32  -8.0767e-27  1.84498e-32  1.57482e-27 -2.80437e-34   1.6757e-28 -3.76746e-34  6.21595e-30  2.79361e-35   4.6739e-32  1.48003e-37 -1.11368e-33
  1.5054e-24  2.50654e-37 -1.49873e-22 -6.48903e-36  5.91061e-21  1.00521e-34  -1.4287e-19 -1.19028e-33  2.44622e-18  1.15581e-32  -3.1927e-17 -9.26394e-32  3.31964e-16  6.05745e-31 -2.83102e-15 -3.14579e-30  2.02091e-14   1.1975e-29 -1.22541e-13 -2.22737e-29   6.3801e-13 -1.09976e-28  -2.8748e-12   1.4479e-27  1.12738e-11 -9.44501e-27 -3.86232e-11  4.62809e-26  1.15836e-10 -1.86627e-25 -3.04274e-10  6.42049e-25  6.99172e-10 -1.91853e-24 -1.40101e-09  5.02883e-24  2.43452e-09 -1.16254e-23 -3.63591e-09  2.37589e-23    4.601e-09 -4.29197e-23   -4.818e-09  6.83504e-23  3.99716e-09 -9.54114e-23 -2.37824e-09  1.15581e-22  6.85125e-10 -1.19441e-22   3.5254e-10  1.02047e-22 -5.27242e-10 -6.74374e-23  2.16914e-10  2.82464e-23  6.15685e-11  5.51604e-25 -1.01579e-10 -9.90076e-24  2.12098e-11  9.65518e-25  2.35719e-11  1.72348e-23 -1.22448e-11 -3.41686e-23 -3.87804e-12  4.31576e-23  3.68321e-12 -4.30006e-23  5.74548e-13  3.64216e-23 -8.54892e-13 -2.73644e-23 -1.14058e-13  1.88469e-23  1.63594e-13 -1.22099e-23   3.1202e-14   7.5762e-24 -2.44822e-14 -4.61524e-24 -7.77101e-15  2.90667e-24  2.34436e-15  -1.9817e-24  1.38259e-15  1.41309e-24 -2.63731e-17 -9.64406e-25 -1.50332e-16  5.93289e-25 -2.77175e-17 -3.22505e-25  6.80031e-18  1.51733e-25  3.46901e-18 -5.80673e-26  2.96914e-19  1.58638e-26 -1.29894e-19 -2.19505e-27 -4.05776e-20 -2.17725e-28 -2.84375e-21  1.50679e-28   8.0234e-22 -2.57788e-29  2.17855e-22  3.19961e-30  1.84315e-23 -7.41016e-31  -8.6748e-25  2.31171e-31 -3.41026e-25  -8.8308e-32 -3.08862e-26  1.72252e-32 -8.78103e-28   4.6511e-35  4.66874e-29 -2.94554e-34  4.01428e-30  1.48024e-35  8.18007e-32  1.19507e-37
 -7.7374e-38   3.6648e-23  3.35482e-36 -2.08519e-21 -6.33091e-35  6.30297e-20  8.38184e-34 -1.27355e-18 -8.97069e-33  1.90114e-17  8.00994e-32 -2.21763e-16 -5.93998e-31  2.09448e-15  3.61241e-30 -1.64096e-14 -1.75413e-29  1.08505e-13  6.27232e-29 -6.13186e-13 -1.09976e-28  2.98918e-12 -5.13189e-28 -1.26547e-11   6.3979e-27   4.6745e-11 -3.95801e-26 -1.51106e-10  1.84152e-25  4.28028e-10 -7.05772e-25 -1.06217e-09  2.30933e-24  2.30445e-09  -6.5662e-24  -4.3532e-09  1.63796e-23  7.11107e-09 -3.60275e-23 -9.93617e-09  7.00021e-23  1.16698e-08 -1.20052e-22 -1.11796e-08  1.81052e-22  8.23179e-09 -2.38368e-22 -3.97223e-09  2.70508e-22  3.46366e-10 -2.58737e-22  1.27692e-09  1.99636e-22 -1.04455e-09 -1.11518e-22    1.865e-10    2.742e-23  2.60648e-10  2.27733e-23 -1.77968e-10 -2.85973e-23 -1.50499e-11   1.7789e-24  5.72846e-11  3.49123e-23 -9.46963e-12 -6.23139e-23 -1.34767e-11  7.26331e-23  4.06855e-12 -6.82356e-23  2.84764e-12  5.59837e-23 -9.86352e-13 -4.20957e-23 -5.92018e-13  2.98446e-23  1.61763e-13 -2.00185e-23  1.17088e-13  1.25358e-23 -1.39773e-14 -7.37494e-24 -1.93568e-14  4.36825e-24 -1.03761e-15 -2.86589e-24  2.22926e-15  2.03748e-24  5.28901e-16 -1.38851e-24 -1.20849e-16  8.37119e-25 -7.22229e-17 -4.38401e-25 -5.54119e-18  1.96753e-25  3.85425e-18 -7.09455e-26  1.14872e-18   1.7549e-26  3.88595e-20 -1.73369e-27 -4.26565e-20 -4.66129e-28 -9.69526e-21  1.75759e-28 -4.91347e-22 -1.71743e-29  1.51378e-22  3.31495e-31  3.30672e-23  -3.9252e-31  2.45071e-24  2.29553e-31 -4.95329e-26 -8.93077e-32 -2.31559e-26  1.47051e-32 -1.70463e-27   2.3522e-34 -4.43835e-29 -1.99723e-34  2.96275e-31  6.40509e-36  1.86282e-32
-6.03446e-24 -1.40824e-36  6.06453e-22  3.58532e-35 -2.41537e-20 -5.44925e-34  5.89889e-19  6.39669e-33 -1.02096e-17 -6.27233e-32  1.34766e-16  5.17716e-31 -1.41792e-15 -3.56485e-30  1.22431e-14   2.0229e-29 -8.85421e-14 -9.21007e-29  5.44279e-13   3.1001e-28  -2.8748e-12 -5.13189e-28  1.31511e-11 -2.26593e-27 -5.24036e-11  2.67746e-26  1.82589e-10 -1.57204e-25 -5.57513e-10  6.94933e-25  1.49269e-09 -2.53276e-24 -3.50088e-09  7.88601e-24   7.1718e-09 -2.13449e-23 -1.27665e-08  5.06892e-23  1.95826e-08 -1.06101e-22 -2.55438e-08  1.96003e-22  2.77267e-08  -3.1903e-22 -2.40858e-08  4.55299e-22  1.53782e-08 -5.64475e-22 -5.38871e-09  5.98184e-22 -1.43593e-09 -5.25944e-22  3.21577e-09  3.60048e-22 -1.64568e-09 -1.58374e-22 -1.83481e-10 -3.67613e-24  6.50746e-10  7.55918e-23 -2.13066e-10 -5.72291e-23 -1.26632e-10 -1.05994e-23  9.73797e-11  7.86551e-23  1.39315e-11 -1.17208e-22 -2.75843e-11  1.22643e-22 -4.69256e-13 -1.07076e-22  6.37223e-12  8.46837e-23 -4.94852e-16 -6.38388e-23 -1.27729e-12  4.65055e-23 -7.42915e-14 -3.18531e-23  2.13131e-13   1.9699e-23  3.66604e-14 -1.09687e-23 -2.57744e-14   6.0407e-24 -8.98958e-15 -3.84322e-24  1.49419e-15  2.76961e-24  1.25511e-15 -1.89861e-24  1.07727e-16  1.12187e-24 -8.51911e-17 -5.65294e-25 -2.61459e-17   2.4189e-25  5.24746e-20 -8.20375e-26  1.49651e-18  1.81222e-26  3.05877e-19 -9.57642e-28 -1.41871e-22 -7.21538e-28 -1.03642e-20  1.80972e-28 -1.84434e-21 -4.31522e-30 -7.75667e-23 -2.56984e-30  1.95757e-23 -1.17812e-31  3.57579e-24  2.24422e-31  2.32166e-25 -8.33391e-32   4.0113e-28   1.1467e-32 -8.20466e-28  2.79301e-34  -4.3142e-29  -1.1368e-34 -6.60897e-31  1.95776e-36
 4.11959e-37 -1.37185e-22 -1.76381e-35  7.88315e-21  3.26042e-34 -2.40767e-19 -4.23592e-33  4.91782e-18  4.51282e-32 -7.42503e-17 -4.08708e-31  8.76461e-16  3.12998e-30 -8.38161e-15 -2.00746e-29  6.65304e-14  1.06601e-28 -4.45985e-13 -4.56146e-28  2.55691e-12   1.4479e-27 -1.26547e-11 -2.26593e-27  5.44358e-11 -9.47625e-27 -2.04497e-10  1.06214e-25  6.72953e-10 -5.92278e-25 -1.94274e-09  2.48913e-24  4.91962e-09 -8.63161e-24 -1.09083e-08   2.5586e-23   2.1098e-08 -6.59505e-23 -3.53678e-08  1.49144e-22  5.08696e-08 -2.97137e-22  -6.1771e-08  5.21865e-22  6.16244e-08 -8.05905e-22 -4.79369e-08  1.08737e-21  2.55189e-08 -1.26698e-21 -4.55889e-09  1.24849e-21 -6.38159e-09 -9.99141e-22  6.47974e-09  5.88995e-22 -1.80858e-09 -1.69219e-22 -1.28377e-09 -1.08968e-22  1.20728e-09   1.7961e-22 -6.13107e-11 -8.71611e-23 -3.46643e-10 -6.23153e-23  1.05633e-10  1.76291e-22  7.36932e-11 -2.18784e-22 -3.72434e-11  2.03946e-22 -1.44581e-11 -1.64506e-22  8.99876e-12  1.25415e-22  3.04328e-12 -9.51243e-23 -1.64722e-12  7.09506e-23 -6.69782e-13  -4.8917e-23  2.07992e-13  2.93218e-23  1.29464e-13 -1.51553e-23 -9.85154e-15  7.64078e-24 -1.81954e-14 -4.76059e-24 -2.20923e-15  3.55067e-24   1.4518e-15 -2.46645e-24  5.01067e-16  1.42822e-24 -1.31181e-17 -6.91965e-25 -3.86308e-17  2.82395e-25 -7.39689e-18 -8.99084e-26  5.08339e-19  1.73866e-26  4.37522e-19  5.78873e-29  6.64511e-20 -9.43446e-28 -1.23022e-21  1.64185e-28 -1.86708e-21  1.03387e-29 -2.71551e-22 -4.95858e-30 -1.08376e-23  6.61784e-32  1.60283e-24  2.10228e-31  2.50016e-25 -7.16135e-32  1.34405e-26  8.13403e-33  1.64042e-28  2.25156e-34 -1.00769e-29  -5.1189e-35 -2.20919e-31
