   0.0727658  1.51104e-18   -0.0541401  -6.7486e-18   -0.0176781  2.15326e-17   0.00603865  -1.2284e-17   0.00519914  8.46449e-19  0.000750438  7.21086e-19 -0.000445216 -1.05607e-19 -0.000220183 -1.63497e-20 -3.34961e-05 -1.12717e-20  1.98322e-07   1.9956e-22  3.10073e-07
 1.51104e-18     0.119415 -1.04533e-17   -0.0367546  1.33088e-17   -0.0318452  1.44158e-17   0.00103863  -9.9732e-18   0.00722328  1.31894e-18   0.00227575  4.66816e-19 -0.000235689  -6.2926e-20 -0.000303862 -4.41877e-20 -6.90552e-05 -2.68469e-20 -4.91757e-06  7.24922e-22
  -0.0541401 -1.04533e-17     0.102033  -2.6363e-17   -0.0124669  2.60491e-17    -0.033737  3.80553e-18  -0.00473221 -4.96912e-18   0.00696039  1.66396e-18   0.00352225  2.81708e-19  0.000291127  2.71915e-20 -0.000225637 -1.13917e-19  -6.7822e-05 -3.72863e-20  -4.8872e-06
 -6.7486e-18   -0.0367546  -2.6363e-17    0.0730693 -2.75204e-17 -0.000613196  1.95521e-17   -0.0310949 -3.28213e-18  -0.00898482 -1.18819e-18   0.00547172  1.42833e-18   0.00415485  4.71842e-19    0.0008616  4.34745e-20 -4.25884e-05 -1.95208e-19 -3.29941e-05 -3.38572e-20
  -0.0176781  1.33088e-17   -0.0124669 -2.75204e-17    0.0564746 -1.43356e-17   0.00426534  6.26044e-18   -0.0280899 -6.15897e-18   -0.0121007  5.80048e-20   0.00329135  1.08999e-18   0.00405353  8.90359e-19   0.00121108 -4.04493e-20  0.000116019 -2.37304e-19 -2.29405e-06
 2.15326e-17   -0.0318452  2.60491e-17 -0.000613196 -1.43356e-17    0.0482494  1.41296e-19   0.00699627 -2.15938e-18   -0.0253916 -5.60862e-18   -0.0145391 -1.02381e-19  0.000629853  1.48674e-18   0.00317464  1.40062e-18   0.00115435 -1.59461e-19  0.000147693 -1.93967e-19
  0.00603865  1.44158e-17    -0.033737  1.95521e-17   0.00426534  1.41296e-19    0.0436343  7.58839e-18   0.00912485 -3.87993e-18   -0.0228563 -3.59201e-18   -0.0164385  7.52247e-20  -0.00228172  2.98305e-18   0.00167411  1.85445e-18  0.000728109 -2.67766e-19  7.47366e-05
 -1.2284e-17   0.00103863  3.80553e-18   -0.0310949  6.26044e-18   0.00699627  7.58839e-18    0.0409632   7.7042e-18    0.0112217 -2.60273e-18    -0.020157 -2.32615e-18   -0.0175783  1.44284e-18  -0.00491711  5.12143e-18  6.67061e-05  1.88028e-18  0.000232463 -3.01088e-19
  0.00519914  -9.9732e-18  -0.00473221 -3.28213e-18   -0.0280899 -2.15938e-18   0.00912485   7.7042e-18    0.0396867  4.01551e-18     0.013712 -2.40621e-18   -0.0167448 -2.74405e-18   -0.0172985  3.93776e-18  -0.00638036  6.69531e-18 -0.000923998  1.17834e-18 -1.95136e-05
 8.46449e-19   0.00722328 -4.96912e-18  -0.00898482 -6.15897e-18   -0.0253916 -3.87993e-18    0.0112217  4.01551e-18    0.0396719 -4.59149e-19    0.0171228 -5.59865e-18   -0.0117978 -4.17003e-18   -0.0146957  6.71906e-18  -0.00589147  6.31779e-18 -0.000949113  1.82335e-19
 0.000750438  1.31894e-18   0.00696039 -1.18819e-18   -0.0121007 -5.60862e-18   -0.0228563 -2.60273e-18     0.013712 -4.59149e-19    0.0411092  -6.1742e-18    0.0221263 -1.28699e-17   -0.0045925 -5.38554e-18  -0.00950329  8.11868e-18  -0.00370471  3.76502e-18 -0.000424433
 7.21086e-19   0.00227575  1.66396e-18   0.00547172  5.80048e-20   -0.0145391 -3.59201e-18    -0.020157 -2.40621e-18    0.0171228  -6.1742e-18     0.044413 -1.67846e-17    0.0290532  -2.3149e-17   0.00437502 -5.66454e-18  -0.00318457  6.69009e-18  -0.00129481  8.86893e-19
-0.000445216  4.66816e-19   0.00352225  1.42833e-18   0.00329135 -1.02381e-19   -0.0164385 -2.32615e-18   -0.0167448 -5.59865e-18    0.0221263 -1.67846e-17    0.0496357  -3.4307e-17    0.0366578 -3.23794e-17    0.0123752 -4.97873e-18   0.00144971  3.14207e-18 -4.68074e-05
-1.05607e-19 -0.000235689  2.81708e-19   0.00415485  1.08999e-18  0.000629853  7.52247e-20   -0.0175783 -2.74405e-18   -0.0117978 -1.28699e-17    0.0290532  -3.4307e-17    0.0551759 -5.31734e-17    0.0412771  -3.4605e-17    0.0156285 -3.78709e-18   0.00265665   2.7927e-19
-0.000220183  -6.2926e-20  0.000291127  4.71842e-19   0.00405353  1.48674e-18  -0.00228172  1.44284e-18   -0.0172985 -4.17003e-18   -0.0045925  -2.3149e-17    0.0366578 -5.31734e-17    0.0570085 -6.13743e-17    0.0386975 -2.74096e-17    0.0128191 -2.55048e-18   0.00146935
-1.63497e-20 -0.000303862  2.71915e-20    0.0008616  8.90359e-19   0.00317464  2.98305e-18  -0.00491711  3.93776e-18   -0.0146957 -5.38554e-18   0.00437502 -3.23794e-17    0.0412771 -6.13743e-17    0.0508114 -5.16875e-17    0.0284365 -1.55063e-17   0.00689691 -1.31746e-18
-3.34961e-05 -4.41877e-20 -0.000225637  4.34745e-20   0.00121108  1.40062e-18   0.00167411  5.12143e-18  -0.00638036  6.71906e-18  -0.00950329 -5.66454e-18    0.0123752  -3.4605e-17    0.0386975 -5.16875e-17    0.0365117 -3.07751e-17    0.0153992 -5.99254e-18   0.00213834
-1.12717e-20 -6.90552e-05 -1.13917e-19 -4.25884e-05 -4.04493e-20   0.00115435  1.85445e-18  6.67061e-05  6.69531e-18  -0.00589147  8.11868e-18  -0.00318457 -4.97873e-18    0.0156285 -2.74096e-17    0.0284365 -3.07751e-17    0.0198393 -1.23489e-17   0.00564042 -1.44578e-18
 1.98322e-07 -2.68469e-20  -6.7822e-05 -1.95208e-19  0.000116019 -1.59461e-19  0.000728109  1.88028e-18 -0.000923998  6.31779e-18  -0.00370471  6.69009e-18   0.00144971 -3.78709e-18    0.0128191 -1.55063e-17    0.0153992 -1.23489e-17   0.00755398 -3.11498e-18   0.00117004
  1.9956e-22 -4.91757e-06 -3.72863e-20 -3.29941e-05 -2.37304e-19  0.000147693 -2.67766e-19  0.000232463  1.17834e-18 -0.000949113  3.76502e-18  -0.00129481  3.14207e-18   0.00265665 -2.55048e-18   0.00689691 -5.99254e-18   0.00564042 -3.11498e-18   0.00178326 -4.36796e-19
 3.10073e-07  7.24922e-22  -4.8872e-06 -3.38572e-20 -2.29405e-06 -1.93967e-19  7.47366e-05 -3.01088e-19 -1.95136e-05  1.82335e-19 -0.000424433  8.86893e-19 -4.68074e-05   2.7927e-19   0.00146935 -1.31746e-18   0.00213834 -1.44578e-18   0.00117004 -4.36796e-19   0.00019561
