  2.8666e-06  1.37502e-20 -3.28068e-05 -2.43028e-19  0.000133432  1.08365e-18 -0.000287327 -2.36703e-18  0.000353722  3.03568e-18 -0.000227459 -2.41509e-18  2.79047e-05   1.1609e-18  5.81377e-05 -2.91999e-19 -3.22888e-05  1.75928e-20  2.45315e-06  6.45567e-21  1.01371e-06
 1.37502e-20    4.791e-05   1.5143e-19 -0.000297425  -1.6705e-18  0.000866888   5.4843e-18  -0.00142217 -9.40786e-18   0.00131705  9.74872e-18 -0.000533932  -6.3042e-18 -0.000137625  2.42992e-18  0.000229369 -4.80587e-19 -6.79173e-05  2.27558e-20 -2.16128e-06  6.35422e-21
-3.28068e-05   1.5143e-19  0.000377577  8.41083e-19  -0.00154954 -6.45795e-18   0.00338457  1.62425e-17  -0.00426569 -2.22789e-17   0.00287025   1.8777e-17 -0.000457364 -9.84312e-18  -0.00071882   3.0467e-18   0.00047817 -5.06293e-19 -7.54656e-05   2.2853e-20 -6.91411e-06
-2.43028e-19 -0.000297425  8.41083e-19   0.00186323  2.95001e-18  -0.00550963 -1.67199e-17    0.0092518  3.30325e-17  -0.00892509 -3.66304e-17   0.00400341  2.51295e-17  0.000682645 -1.06416e-17  -0.00168023  2.76663e-18  0.000662517 -4.58497e-19 -5.22797e-05   1.1213e-20
 0.000133432  -1.6705e-18  -0.00154954  2.95001e-18   0.00645203  7.20836e-18   -0.0144226 -3.12503e-17    0.0188889  4.92991e-17    -0.013695 -4.44296e-17   0.00313344  2.46385e-17    0.0030163  -8.5757e-18   -0.0026271  2.23159e-18   0.00068739 -3.90136e-19 -2.87305e-05
 1.08365e-18  0.000866888 -6.45795e-18  -0.00550963  7.20836e-18    0.0166725  1.29801e-17    -0.029056 -4.40403e-17    0.0298972  5.60067e-17   -0.0156113 -4.07291e-17 -0.000430984  1.79856e-17   0.00575957 -5.88028e-18  -0.00313853  2.01822e-18  0.000576669 -2.23705e-19
-0.000287327   5.4843e-18   0.00338457 -1.67199e-17   -0.0144226  1.29801e-17    0.0334466  1.77576e-17   -0.0465142  -4.7966e-17    0.0377171  4.90713e-17   -0.0128681 -2.75806e-17  -0.00555917  9.82558e-18   0.00778553 -4.71915e-18  -0.00305598  1.83105e-18  0.000364637
-2.36703e-18  -0.00142217  1.62425e-17    0.0092518 -3.12503e-17    -0.029056  1.77576e-17    0.0537007  1.90099e-17   -0.0609365 -4.08955e-17    0.0390396  3.16344e-17   -0.0066246 -1.11259e-17   -0.0100749  4.65195e-18     0.008353 -5.04122e-18  -0.00239096  1.04396e-18
 0.000353722 -9.40786e-18  -0.00426569  3.30325e-17    0.0188889 -4.40403e-17   -0.0465142  1.90099e-17     0.071071  1.59281e-17   -0.0676712 -2.56663e-17    0.0346321  8.88255e-18 -0.000157081  3.06869e-18   -0.0121533  4.01889e-18   0.00720898 -4.81836e-18  -0.00127444
 3.03568e-18   0.00131705 -2.22789e-17  -0.00892509  4.92991e-17    0.0298972  -4.7966e-17   -0.0609365  1.59281e-17    0.0803633  9.94261e-18   -0.0669339 -5.08474e-18    0.0285729 -1.55568e-17   0.00333253   1.0913e-17   -0.0108905  6.29812e-18   0.00460682 -2.58991e-18
-0.000227459  9.74872e-18   0.00287025 -3.66304e-17    -0.013695  5.60067e-17    0.0377171 -4.08955e-17   -0.0676712  9.94261e-18    0.0815343  1.55822e-18   -0.0631885  2.05602e-17    0.0253146 -3.62904e-17   0.00200781  8.87415e-18  -0.00658353  7.63301e-18   0.00170159
-2.41509e-18 -0.000533932   1.8777e-17   0.00400341 -4.44296e-17   -0.0156113  4.90713e-17    0.0390396 -2.56663e-17   -0.0669339  1.55822e-18    0.0791432 -9.62767e-18   -0.0616866  4.69527e-17    0.0275814 -4.19645e-17  -0.00383133  -2.2534e-18   -0.0014228  4.64533e-18
 2.79047e-05  -6.3042e-18 -0.000457364  2.51295e-17   0.00313344 -4.07291e-17   -0.0128681  3.16344e-17    0.0346321 -5.08474e-18   -0.0631885 -9.62767e-18    0.0787036 -2.21561e-17   -0.0657204  6.00978e-17    0.0349801 -2.34111e-17   -0.0106281 -1.20272e-17   0.00129014
  1.1609e-18 -0.000137625 -9.84312e-18  0.000682645  2.46385e-17 -0.000430984 -2.75806e-17   -0.0066246  8.88255e-18    0.0285729  2.05602e-17   -0.0616866 -2.21561e-17    0.0836908 -2.95641e-17   -0.0747083  4.43841e-17     0.042394  8.46176e-18   -0.0127844 -9.07133e-18
 5.81377e-05  2.42992e-18  -0.00071882 -1.06416e-17    0.0030163  1.79856e-17  -0.00555917 -1.11259e-17 -0.000157081 -1.55568e-17    0.0253146  4.69527e-17   -0.0657204 -2.95641e-17    0.0934207 -2.37394e-17   -0.0821945  4.40107e-18    0.0416564  2.46413e-17  -0.00813873
-2.91999e-19  0.000229369   3.0467e-18  -0.00168023  -8.5757e-18   0.00575957  9.82558e-18   -0.0100749  3.06869e-18   0.00333253 -3.62904e-17    0.0275814  6.00978e-17   -0.0747083 -2.37394e-17     0.100896 -5.44799e-18   -0.0778848 -2.78399e-17    0.0293596  1.37527e-17
-3.22888e-05 -4.80587e-19   0.00047817  2.76663e-18   -0.0026271 -5.88028e-18   0.00778553  4.65195e-18   -0.0121533   1.0913e-17   0.00200781 -4.19645e-17    0.0349801  4.43841e-17   -0.0821945 -5.44799e-18    0.0949824  1.19657e-17   -0.0572949 -2.72842e-17    0.0124604
 1.75928e-20 -6.79173e-05 -5.06293e-19  0.000662517  2.23159e-18  -0.00313853 -4.71915e-18     0.008353  4.01889e-18   -0.0108905  8.87415e-18  -0.00383133 -2.34111e-17     0.042394  4.40107e-18   -0.0778848  1.19657e-17    0.0707613  1.48267e-17   -0.0293758 -8.36378e-18
 2.45315e-06  2.27624e-20 -7.54656e-05 -4.58502e-19   0.00068739    2.019e-18  -0.00305598 -5.04172e-18   0.00720898  6.29761e-18  -0.00658353  -2.2515e-18   -0.0106281   8.4467e-18    0.0416564 -2.78227e-17   -0.0572949  1.48074e-17    0.0379507  6.59715e-18  -0.00870705
 6.45542e-21 -2.16128e-06  2.28681e-20 -5.22797e-05 -3.90203e-19  0.000576669  1.83109e-18  -0.00239096 -4.81857e-18   0.00460682  7.63132e-18   -0.0014228 -1.20281e-17   -0.0127844  2.46414e-17    0.0293596 -2.72944e-17   -0.0293758  6.59715e-18    0.0128604  4.29273e-19
 1.01371e-06  6.35396e-21 -6.91411e-06  1.12145e-20 -2.87305e-05 -2.23714e-19  0.000364637  1.04391e-18  -0.00127444 -2.58994e-18   0.00170159   4.6453e-18   0.00129014 -9.07171e-18  -0.00813873   1.3753e-17    0.0124604 -8.36328e-18  -0.00870705  4.29179e-19   0.00205867
