   0.0116818  2.28878e-06    0.0318075  3.27746e-06    0.0283307  1.86435e-06   0.00927416  1.68635e-07  -0.00256676 -3.90882e-07  -0.00364145 -2.52682e-07   -0.0015206  -7.4015e-08 -0.000314912 -1.03298e-08 -2.53114e-05 -2.15268e-10  1.51086e-06  8.94471e-11  2.48881e-07
 2.28878e-06    0.0472668  6.37471e-06    0.0698691  5.94235e-06    0.0426127  2.21014e-06   0.00627288  -3.7095e-07  -0.00793661 -7.87975e-07  -0.00624513 -3.97346e-07  -0.00228448 -1.10096e-07 -0.000485107 -1.77857e-08 -5.81595e-05 -1.50863e-09 -3.19065e-06 -4.36606e-11
   0.0318075  6.37471e-06    0.0914506  9.85283e-06    0.0908283   6.6074e-06    0.0397738  1.51767e-06  -0.00103297 -9.17969e-07   -0.0114697 -9.77087e-07  -0.00719352 -4.40117e-07  -0.00248435 -1.19279e-07 -0.000529045 -1.96289e-08  -6.4685e-05 -1.64491e-09  -3.0588e-06
 3.27746e-06    0.0698691  9.85283e-06     0.114897  1.06654e-05    0.0871569  5.66708e-06    0.0296875  7.86817e-07   -0.0051535 -1.06175e-06   -0.0114043 -9.11005e-07  -0.00645185 -3.82906e-07  -0.00209516 -9.66968e-08 -0.000405081 -1.37491e-08  -3.9002e-05  -7.3637e-10
   0.0283307  5.94235e-06    0.0908283  1.06654e-05     0.110482  9.45961e-06     0.073111   4.5767e-06     0.023403  6.18615e-07  -0.00375286 -7.77503e-07  -0.00822856 -6.42633e-07  -0.00440838 -2.50286e-07  -0.00128804 -5.45841e-08 -0.000202453  -5.7098e-09  -1.1599e-05
 1.86435e-06    0.0426127   6.6074e-06    0.0871569  9.45961e-06    0.0943459  8.00502e-06    0.0628957  4.13924e-06    0.0239705  1.00645e-06   0.00180983 -2.19527e-07  -0.00331675 -2.79195e-07  -0.00190741 -1.03207e-07 -0.000487537   -1.815e-08 -5.52593e-05 -1.09971e-09
  0.00927416  2.21014e-06    0.0397738  5.66708e-06     0.073111  8.00502e-06    0.0819815  7.24211e-06    0.0602785  4.33184e-06     0.029181  1.67587e-06   0.00880734  3.77215e-07   0.00134506  2.97365e-08 -1.50294e-05 -5.69843e-09 -3.41563e-05  -1.1986e-09 -2.68269e-06
 1.68635e-07   0.00627288  1.51767e-06    0.0296875   4.5767e-06    0.0628957  7.24211e-06    0.0774684  7.14591e-06    0.0624953  4.78126e-06    0.0350218  2.25752e-06    0.0139653  7.58996e-07   0.00393143  1.76336e-07   0.00073419  2.52615e-08  7.39115e-05  1.46071e-09
 -0.00256676  -3.7095e-07  -0.00103297  7.86817e-07     0.023403  4.13924e-06    0.0602785  7.14591e-06    0.0778577  7.28972e-06    0.0646608  5.01498e-06    0.0371742  2.41459e-06    0.0149302  8.00472e-07   0.00400997  1.68983e-07  0.000633137  1.82554e-08  3.82674e-05
-3.90882e-07  -0.00793661 -9.17969e-07   -0.0051535  6.18615e-07    0.0239705  4.33184e-06    0.0624953  7.28972e-06    0.0779601  7.14724e-06    0.0618379  4.65103e-06    0.0331645  2.05007e-06    0.0118968  5.87799e-07   0.00264702  9.66592e-08  0.000294611  5.96091e-09
 -0.00364145 -7.87975e-07   -0.0114697 -1.06175e-06  -0.00375286  1.00645e-06     0.029181  4.78126e-06    0.0646608  7.14724e-06    0.0726416  6.32064e-06    0.0516851  3.64998e-06    0.0242187  1.37673e-06   0.00723207   3.1637e-07   0.00121933  3.58735e-08  7.61905e-05
-2.52682e-07  -0.00624513 -9.77087e-07   -0.0114043 -7.77503e-07   0.00180983  1.67587e-06    0.0350218  5.01498e-06    0.0618379  6.32064e-06    0.0596508  4.81568e-06    0.0363902  2.35878e-06    0.0142251   7.2479e-07   0.00334356  1.24359e-07  0.000384172  7.84532e-09
  -0.0015206 -3.97346e-07  -0.00719352 -9.11005e-07  -0.00822856 -2.19527e-07   0.00880734  2.25752e-06    0.0371742  4.65103e-06    0.0516851  4.81568e-06    0.0415649    3.065e-06    0.0210558  1.23068e-06   0.00660918  2.94162e-07   0.00114887  3.41356e-08  7.30085e-05
 -7.4015e-08  -0.00228448 -4.40117e-07  -0.00645185 -6.42633e-07  -0.00331675  3.77215e-07    0.0139653  2.41459e-06    0.0331645  3.64998e-06    0.0363902    3.065e-06    0.0239466  1.59384e-06    0.0098163   5.0854e-07    0.0023767  8.92883e-08  0.000277917  5.70644e-09
-0.000314912 -1.10096e-07  -0.00248435 -3.82906e-07  -0.00440838 -2.79195e-07   0.00134506  7.58996e-07    0.0149302  2.05007e-06    0.0242187  2.35878e-06    0.0210558  1.59384e-06    0.0111773  6.64023e-07    0.0036121  1.62392e-07  0.000639174  1.91031e-08  4.10334e-05
-1.03298e-08 -0.000485107 -1.19279e-07  -0.00209516 -2.50286e-07  -0.00190741  2.97365e-08   0.00393143  8.00472e-07    0.0118968  1.37673e-06    0.0142251  1.23068e-06    0.0098163  6.64023e-07   0.00414215  2.16752e-07     0.001021  3.85911e-08  0.000120675   2.4863e-09
-2.53114e-05 -1.77857e-08 -0.000529045 -9.66968e-08  -0.00128804 -1.03207e-07 -1.50294e-05  1.76336e-07   0.00400997  5.87799e-07   0.00723207   7.2479e-07   0.00660918   5.0854e-07    0.0036121  2.16752e-07   0.00118841  5.37593e-08  0.000212614  6.37774e-09  1.37368e-05
-2.15268e-10 -5.81595e-05 -1.96289e-08 -0.000405081 -5.45841e-08 -0.000487537 -5.69843e-09   0.00073419  1.68983e-07   0.00264702   3.1637e-07   0.00334356  2.94162e-07    0.0023767  1.62392e-07     0.001021  5.37593e-08  0.000254464  9.65451e-09  3.02775e-05  6.25174e-10
 1.51086e-06 -1.50863e-09  -6.4685e-05 -1.37491e-08 -0.000202453   -1.815e-08 -3.41563e-05  2.52615e-08  0.000633137  9.66592e-08   0.00121933  1.24359e-07   0.00114887  8.92883e-08  0.000639174  3.85911e-08  0.000212614  9.65451e-09  3.82964e-05   1.1514e-09  2.48427e-06
 8.94471e-11 -3.19065e-06 -1.64491e-09  -3.9002e-05  -5.7098e-09 -5.52593e-05  -1.1986e-09  7.39115e-05  1.82554e-08  0.000294611  3.58735e-08  0.000384172  3.41356e-08  0.000277917  1.91031e-08  0.000120675  6.37774e-09  3.02775e-05   1.1514e-09  3.61739e-06  7.47945e-11
 2.48881e-07 -4.36606e-11  -3.0588e-06  -7.3637e-10  -1.1599e-05 -1.09971e-09 -2.68269e-06  1.46071e-09  3.82674e-05  5.96091e-09  7.61905e-05  7.84532e-09  7.30085e-05  5.70644e-09  4.10334e-05   2.4863e-09  1.37368e-05  6.25174e-10  2.48427e-06  7.47945e-11  1.61549e-07
