 3.46824e-35  2.41533e-50 -2.16184e-35 -9.65544e-48  3.04444e-35  7.00218e-47 -4.28485e-35  6.81817e-46  1.78857e-34 -1.11006e-45 -2.33033e-33  1.05231e-45  2.73658e-32  4.39628e-44 -2.65983e-31 -3.01465e-44  2.16956e-30 -7.63151e-44 -1.50651e-29  2.30475e-42  9.00504e-29 -2.00454e-41 -4.67246e-28  1.33791e-40  2.11767e-27 -8.39282e-40 -8.42133e-27  4.60081e-39  2.94734e-26 -2.27029e-38  -9.0939e-26   1.0162e-37  2.47476e-25 -4.14796e-37 -5.93475e-25  1.54917e-36  1.25124e-24  -5.3084e-36 -2.30981e-24  1.67279e-35  3.70953e-24 -4.85746e-35 -5.13266e-24  1.30205e-34  6.02727e-24 -3.22652e-34 -5.86108e-24  7.40043e-34  4.51122e-24 -1.57256e-33 -2.47595e-24  3.09795e-33  6.29626e-25 -5.65992e-33  3.64176e-25  9.59002e-33 -4.76019e-25 -1.50636e-32  1.80038e-25  2.19166e-32  4.93698e-26 -2.94957e-32 -7.53302e-26  3.66467e-32  1.55432e-26 -4.19232e-32  1.47035e-26  4.40064e-32  -7.6417e-27 -4.21971e-32   -1.853e-27  3.67497e-32  1.94085e-27 -2.88492e-32  1.70949e-28  2.02027e-32 -3.76491e-28 -1.24302e-32  -2.1567e-29   6.5559e-33  6.14456e-29 -2.82714e-33  5.29716e-30   8.8181e-34 -7.82776e-30  -9.6137e-35 -1.48343e-30 -1.04102e-34  7.71567e-31  9.28855e-35  2.33181e-31 -4.61065e-35 -3.35657e-32  1.60043e-35 -2.48637e-32 -3.80836e-36  -1.4959e-33  4.54064e-37  1.35121e-33  7.24006e-38  2.96452e-34 -5.09858e-38  -1.3145e-35  1.20839e-38  -1.3922e-35 -1.00327e-39  -1.6999e-36 -2.74571e-40  9.52044e-38   1.1608e-40  5.43617e-38 -2.19423e-41  5.31519e-39  2.99516e-42 -1.60847e-40 -4.30415e-43 -5.32044e-41  5.53203e-44 -3.26793e-42  -1.5252e-45 -9.23035e-44  -7.8354e-46  2.06483e-45  1.03378e-46  2.55887e-46 -3.27676e-48
 2.41533e-50  5.48987e-35   1.2482e-48 -8.36584e-35 -1.50359e-46  1.28716e-34  8.29534e-46 -5.92195e-34  7.61709e-45  7.99264e-33 -4.68232e-45 -1.04601e-31 -3.00242e-45  1.12108e-30  4.09385e-43 -9.98814e-30 -4.63845e-44  7.52413e-29 -4.41701e-42 -4.85451e-28  4.97272e-41  2.70865e-27 -3.75671e-40 -1.31652e-26  2.40703e-39  5.60385e-26 -1.40291e-38 -2.09682e-25  7.30514e-38  6.91331e-25 -3.44183e-37 -2.01065e-24  1.47442e-36  5.15742e-24 -5.76579e-36 -1.16495e-23  2.06445e-35  2.30994e-23 -6.78544e-35 -4.00036e-23  2.05187e-34  6.00357e-23 -5.71971e-34 -7.71547e-23   1.4723e-33  8.33316e-23 -3.50485e-33 -7.32482e-23  7.72576e-33  4.91282e-23 -1.57856e-32 -2.09848e-23  2.99206e-32  4.97255e-25 -5.26351e-32  6.96214e-24  8.59475e-32 -4.87776e-24 -1.30232e-31  6.48078e-25  1.82976e-31  1.14665e-24 -2.38054e-31 -6.75497e-25  2.86213e-31 -6.93106e-26 -3.17131e-31  1.92953e-25   3.2266e-31  -2.8411e-26 -3.00035e-31 -3.84869e-26  2.53457e-31  1.10298e-26 -1.92987e-31  6.64503e-27  1.31045e-31 -2.31777e-27 -7.81457e-32 -1.11452e-27  3.99311e-32  3.40166e-28 -1.66911e-32  1.76582e-28  5.07273e-33 -2.98508e-29 -5.82959e-34 -2.47596e-29 -5.06826e-34  5.40542e-31  4.44448e-34  2.41549e-30 -2.10656e-34  3.23797e-31   6.8914e-35 -1.39329e-31 -1.51461e-35 -4.45959e-32  1.51505e-36  1.03983e-33  3.39137e-37  2.41843e-33 -1.85133e-37  3.52778e-34  3.55239e-38  -3.1089e-35 -1.43751e-40  -1.5263e-35 -1.89164e-39 -1.55461e-36  5.97755e-40  9.86148e-38 -1.10617e-40  3.48548e-38  1.58506e-41  2.40365e-39 -2.08775e-42 -1.32329e-41  1.91457e-43 -1.12057e-41  3.68098e-45 -7.74404e-43 -3.12278e-45 -1.53914e-44  2.46298e-46  1.26354e-46
-2.16184e-35   1.2482e-48  1.45258e-34  2.82974e-47 -2.70944e-34 -1.43319e-45  1.18361e-33  6.66681e-45 -1.81041e-32   5.5087e-44  2.65899e-31  1.21592e-44 -3.16071e-30 -5.94967e-44  3.08911e-29  2.11103e-42 -2.53246e-28  4.87392e-42  1.76777e-27 -7.69307e-41 -1.06251e-26  6.71746e-40  5.54513e-26 -4.69401e-39 -2.52858e-25  2.87778e-38  1.01203e-24 -1.59169e-37 -3.56609e-24  7.92662e-37  1.10824e-23 -3.57905e-36   -3.039e-23  1.47091e-35  7.34727e-23 -5.52099e-35 -1.56257e-22  1.89789e-34  2.91161e-22 -5.98974e-34  -4.7238e-22  1.73926e-33  6.60968e-22 -4.65554e-33 -7.86037e-22  1.15074e-32  7.75756e-22 -2.63054e-32 -6.08374e-22  5.56892e-32  3.43555e-22  -1.0931e-31 -9.51424e-23  1.99127e-31 -4.46513e-23 -3.36881e-31  6.53535e-23  5.29479e-31 -2.68971e-23 -7.73046e-31  -5.6281e-24  1.04779e-30  1.06046e-23 -1.31676e-30  -2.6148e-24  1.53116e-30 -1.95354e-24 -1.64274e-30   1.1728e-24  1.61987e-30  2.13745e-25 -1.46082e-30 -2.91925e-25  1.19714e-30 -1.19278e-26 -8.84203e-31  5.67754e-26   5.8214e-31  5.46844e-28 -3.36323e-31 -9.36443e-27  1.66333e-31 -4.22861e-28 -6.72423e-32  1.26728e-27  1.97958e-32  1.70383e-28 -2.28898e-33 -1.29438e-28  -1.7282e-33 -3.32515e-29  1.46904e-33  7.17027e-30 -6.61329e-34   3.8914e-30  2.03115e-34   8.6461e-32  -4.1107e-35 -2.36139e-31  3.42113e-36 -4.35168e-32  9.70055e-37  3.95775e-33 -4.21693e-37  2.38586e-33  5.38958e-38  2.47048e-34  1.24944e-38 -2.78549e-35  -8.1162e-39  -9.5531e-36  2.20952e-39 -7.25162e-37 -4.02238e-40  3.82099e-38  5.71162e-41  9.75842e-39 -6.52893e-42  6.31613e-40  3.93347e-43  9.52343e-42  3.11969e-44  -1.1396e-42 -7.14157e-45    -3.93e-44  2.88096e-46
-9.65544e-48 -8.36584e-35  2.82974e-47  3.96199e-34  4.01963e-46 -1.82778e-33 -9.86225e-45  3.09063e-32  4.34545e-44 -5.16886e-31  3.00283e-43  6.86312e-30  2.73956e-43 -7.39536e-29 -9.92386e-44  6.62219e-28  3.95192e-42  -5.0148e-27  8.37313e-41   3.2534e-26 -8.74089e-40 -1.82584e-25  6.81172e-39  8.92866e-25 -4.51991e-38 -3.82503e-24  2.66387e-37  1.44097e-23 -1.41351e-36  -4.7851e-23  6.77043e-36  1.40229e-22 -2.94175e-35  -3.6261e-22  1.16358e-34  8.26139e-22  -4.2028e-34 -1.65334e-21  1.38991e-33  2.89202e-21  -4.2185e-33 -4.38794e-21  1.17751e-32   5.7082e-21 -3.02848e-32 -6.25176e-21   7.1894e-32  5.58862e-21 -1.57783e-31 -3.83472e-21  3.20604e-31  1.70867e-21 -6.03955e-31 -1.03321e-22  1.05606e-30 -5.24916e-22  -1.7157e-30  3.95698e-22  2.59154e-30 -6.68434e-23 -3.64027e-30 -8.68756e-23  4.75354e-30  5.72554e-23 -5.76411e-30  2.97375e-24  6.47773e-30 -1.57383e-23  -6.7266e-30  3.05326e-24  6.42794e-30  3.04191e-24 -5.62249e-30 -1.06785e-24  4.47095e-30 -5.13088e-25 -3.20397e-30  2.24126e-25  2.04541e-30  8.59723e-26 -1.14457e-30 -3.39692e-26  5.47413e-31 -1.42747e-26 -2.13598e-31  3.44306e-27  6.05942e-32  2.09309e-27 -6.80785e-33 -1.40214e-28 -4.76689e-33 -2.24497e-28  3.86979e-33 -2.08145e-29 -1.64575e-33   1.4556e-29  4.73138e-34  3.78411e-30 -8.84293e-35 -2.55067e-31  6.49409e-36 -2.37688e-31  1.78349e-36 -2.80164e-32 -5.86285e-37  4.26125e-33 -1.74201e-38  1.52566e-33  6.64532e-38  1.18177e-34 -2.70424e-38 -1.42011e-35  6.67455e-39 -3.44458e-36 -1.17448e-39 -2.17546e-37  1.57812e-40  4.69561e-39 -1.51341e-41  1.47785e-39  4.98684e-43  7.73616e-41  9.25885e-44  6.02232e-43 -1.03905e-44 -1.55468e-44
 3.04444e-35 -1.50359e-46 -2.70944e-34  4.01963e-46  2.19096e-33  4.06837e-45 -4.21207e-32 -5.25326e-44  8.10748e-31  2.49189e-43 -1.21321e-29   1.3183e-42  1.44999e-28  1.92066e-42  -1.4243e-27  3.04962e-42   1.1738e-26 -3.79427e-41 -8.23889e-26  8.25565e-40  4.98073e-25 -7.42942e-39 -2.61528e-24   5.4784e-38  1.20024e-23 -3.51845e-37 -4.83643e-23  2.01311e-36  1.71644e-22 -1.03509e-35 -5.37471e-22  4.80222e-35  1.48572e-21 -2.01913e-34 -3.62279e-21  7.72092e-34  7.77551e-21 -2.69332e-33  -1.4632e-20  8.59366e-33  2.39946e-20 -2.51395e-32 -3.39729e-20  6.75662e-32  4.09426e-20 -1.67157e-31 -4.10418e-20  3.81332e-31  3.28252e-20 -8.03511e-31 -1.90927e-20  1.56635e-30  5.73973e-21 -2.82922e-30  2.12749e-21  4.74218e-30 -3.57954e-21 -7.38608e-30  1.60537e-21   1.0702e-29  2.35639e-22 -1.44356e-29 -5.94745e-22   1.8129e-29   1.7309e-22 -2.11812e-29  1.01864e-22  2.29815e-29 -7.16866e-23 -2.30853e-29 -8.84757e-24  2.13757e-29  1.74716e-23 -1.81387e-29 -1.58238e-25  1.40012e-29 -3.39273e-24 -9.73884e-30  1.37296e-25  6.03011e-30  5.68409e-25 -3.26797e-30 -1.52935e-27  1.51039e-30  -8.0382e-26 -5.67783e-31 -6.83524e-27  1.54454e-31  8.71131e-27 -1.63539e-32  1.79868e-27 -1.12673e-32 -5.70537e-28  8.60754e-33 -2.38851e-28 -3.44073e-33  4.84229e-30  9.25492e-34  1.63688e-29 -1.62631e-34  2.44008e-30  1.31112e-35 -3.83957e-31  1.19025e-36 -1.62675e-31  2.99159e-38 -1.28283e-32 -4.20989e-37  2.60652e-33  2.32096e-37  6.54895e-34 -7.56558e-38  3.93457e-35  1.71695e-38 -3.78419e-36 -2.85444e-39 -7.44265e-37   3.5113e-40 -4.16502e-38 -2.74095e-41  1.00853e-40  2.42909e-43  9.79284e-41  1.68915e-43  2.20508e-42 -8.93303e-45
 7.00218e-47  1.28716e-34 -1.43319e-45 -1.82778e-33  4.06837e-45   4.6722e-32  3.13821e-44 -1.05354e-30 -2.24088e-43  1.79578e-29   1.3081e-42 -2.39774e-28  4.73853e-42  2.59674e-27   1.0101e-41  -2.3375e-26  2.52112e-41  1.77991e-25 -3.86926e-40 -1.16144e-24  5.40323e-39  6.55791e-24 -4.74033e-38 -3.22755e-23  3.48064e-37  1.39205e-22 -2.22456e-36 -5.28166e-22  1.25914e-35  1.76718e-21   -6.367e-35 -5.22031e-21   2.8929e-34   1.3614e-20 -1.18708e-33 -3.12994e-20  4.41743e-33  6.32516e-20 -1.49598e-32 -1.11811e-19  4.62417e-32  1.71612e-19 -1.30798e-31 -2.26128e-19  3.39308e-31  2.51325e-19 -8.08869e-31  -2.2868e-19  1.77521e-30  1.60691e-19 -3.59312e-30 -7.47408e-20  6.71891e-30  7.28981e-21 -1.16279e-29   2.1055e-20  1.86581e-29 -1.72046e-20 -2.78097e-29  3.55987e-21  3.85684e-29  3.48261e-21 -4.98409e-29 -2.59684e-21  6.00627e-29 -1.77129e-24 -6.74863e-29  6.83957e-22  7.05963e-29 -1.68513e-22 -6.85479e-29 -1.26912e-22  6.14913e-29  5.46539e-23 -5.06351e-29  2.06285e-23   3.7961e-29 -1.14514e-23 -2.56448e-29 -3.43962e-24  1.54077e-29  1.79469e-24 -8.08745e-30  5.97873e-25  3.61004e-30 -2.00234e-25 -1.30513e-30 -9.36811e-26  3.38839e-31  1.16854e-26 -3.27879e-32  1.09845e-26 -2.35097e-32  5.46307e-28  1.66772e-32 -7.97378e-28 -6.24247e-33 -1.67025e-28  1.58046e-33  2.12599e-29 -2.74715e-34   1.2352e-29  3.33813e-35  1.09356e-30 -6.00051e-36 -2.88983e-31  3.29558e-36 -7.92134e-32 -1.70889e-36  -4.3455e-33  6.50802e-37  9.78684e-34 -1.83579e-37  1.86086e-34  3.82621e-38  9.67972e-36 -5.88659e-39 -5.25328e-37  6.46505e-40 -9.09314e-38 -3.96525e-41 -3.66848e-39 -4.88589e-43 -9.88418e-42  2.04301e-43  8.40767e-43
-4.28485e-35  8.29534e-46  1.18361e-33 -9.86225e-45 -4.21207e-32  3.13821e-44  1.14836e-30   1.9213e-43 -2.26037e-29 -7.79672e-43  3.40129e-28  6.52064e-42 -4.08568e-27  1.10323e-41  4.03443e-26  7.67996e-41 -3.34323e-25 -1.52692e-40  2.36024e-24 -2.71051e-40 -1.43556e-23  1.63738e-38  7.58628e-23 -1.89235e-37 -3.50517e-22  1.58613e-36   1.4225e-21 -1.08713e-35 -5.08651e-21  6.37262e-35  1.60547e-20 -3.26634e-34 -4.47559e-20   1.4837e-33  1.10119e-19 -6.02906e-33 -2.38633e-19  2.20664e-32  4.53745e-19 -7.31214e-32 -7.52526e-19   2.2027e-31  1.07881e-18 -6.05173e-31 -1.31848e-18   1.5205e-30  1.34351e-18 -3.50164e-30  -1.0969e-18  7.40648e-30  6.57805e-19 -1.44155e-29 -2.14015e-19  2.58665e-29  -6.0119e-20  -4.2874e-29  1.20976e-19   6.5785e-29 -5.92361e-20 -9.36584e-29 -5.11615e-21  1.24027e-28  2.05425e-20 -1.53122e-28 -6.99938e-21  1.76566e-28 -3.20161e-21 -1.90311e-28  2.69945e-21  1.91582e-28  1.75464e-22 -1.79624e-28 -6.42812e-22  1.56068e-28  4.01217e-23  -1.2476e-28  1.24216e-22  9.09136e-29 -1.18869e-23 -5.97023e-29  -2.1132e-23  3.48298e-29  1.19464e-24  -1.7712e-29  3.11057e-24  7.63259e-30  1.07084e-25  -2.6494e-30 -3.59641e-25  6.53406e-31 -5.59571e-26 -5.58138e-32  2.68942e-26 -4.40455e-32   8.8574e-27  2.87124e-32 -6.39761e-28 -1.00629e-32 -6.92646e-28  2.44932e-33 -7.86611e-29 -4.66588e-34  2.09611e-29  9.69134e-35  6.72712e-30 -3.22972e-35  3.46144e-31  1.31779e-35 -1.38198e-31 -4.93491e-36  -2.7468e-32  1.55987e-36 -1.16989e-33 -3.92005e-37  2.22962e-34  7.45482e-38   3.4065e-35 -1.04288e-38  1.51303e-36  1.00069e-39 -3.25834e-38 -4.60215e-41 -4.58789e-39 -1.38122e-42 -9.23697e-41  1.50459e-43
 6.81817e-46 -5.92195e-34  6.66681e-45  3.09063e-32 -5.25326e-44 -1.05354e-30   1.9213e-43  2.43858e-29  9.59636e-43 -4.18044e-28 -2.37723e-42  5.60996e-27  3.40904e-41 -6.10755e-26 -5.01511e-41  5.52819e-25  1.02026e-39 -4.23391e-24 -6.48318e-39   2.7796e-23   3.7526e-38 -1.57954e-22  -1.5301e-37   7.8264e-22  2.67125e-37  -3.3996e-21  2.41021e-36  1.29956e-20 -3.17891e-35 -4.38277e-20  2.33544e-34  1.30561e-19  -1.3271e-33 -3.43545e-19  6.33054e-33  7.97403e-19 -2.62421e-32 -1.62803e-18  9.62887e-32  2.90998e-18 -3.16272e-31 -4.52084e-18  9.36948e-31  6.03797e-18  -2.5168e-30 -6.81523e-18  6.15421e-30  6.31745e-18 -1.37409e-29 -4.55062e-18  2.80839e-29  2.21068e-18 -5.26547e-29 -2.98087e-19  9.07497e-29 -5.64239e-19 -1.44083e-28  5.04427e-19  2.11242e-28 -1.24643e-19 -2.86791e-28 -9.25272e-20  3.61711e-28   7.9276e-20 -4.25268e-28 -4.09709e-21  4.67589e-28 -1.98913e-20 -4.81883e-28  6.09138e-21  4.65647e-28  3.49557e-21 -4.20941e-28 -1.86382e-21  3.54112e-28 -5.35768e-22 -2.74957e-28  3.89936e-22  1.94962e-28  8.78573e-23 -1.24607e-28 -6.30105e-23  7.06591e-29 -1.61389e-23  -3.4831e-29  7.58404e-24  1.44873e-29  2.75795e-24 -4.82146e-30 -5.51444e-25  1.12459e-30 -3.55845e-25 -8.12827e-32 -7.49859e-28 -7.48877e-32  2.89262e-26  4.46305e-32  4.72469e-27 -1.47808e-32 -1.02228e-27  3.64066e-33  -4.2525e-28 -8.67288e-34 -2.39477e-29  2.72245e-34  1.24543e-29 -1.02643e-34  2.70818e-30   3.6783e-35  8.13499e-32 -1.17805e-35 -4.34118e-32  3.27908e-36 -6.68248e-33 -7.41932e-37  -2.4941e-34  1.27708e-37  2.92979e-35 -1.59954e-38  3.54042e-36  1.31229e-39  1.18223e-37  -4.2376e-41 -2.57926e-40 -1.78509e-42 -4.09442e-41
 1.78857e-34  7.61709e-45 -1.81041e-32  4.34545e-44  8.10748e-31 -2.24088e-43 -2.26037e-29  9.59636e-43  4.47548e-28  4.03117e-42 -6.76858e-27 -9.97228e-42  8.17331e-26  2.24607e-40 -8.11537e-25 -1.33482e-39  6.76403e-24  1.38746e-38 -4.80436e-23 -1.02197e-37  2.94089e-22  6.44503e-37 -1.56461e-21 -3.38103e-36  7.28056e-21  1.44905e-35 -2.97684e-20 -4.70729e-35  1.07288e-19  8.22775e-35 -3.41482e-19  2.57839e-34  9.60447e-19 -3.39726e-33  -2.3856e-18  2.05681e-32  5.22234e-18 -9.42659e-32 -1.00389e-17  3.61472e-31  1.68483e-17 -1.20551e-30 -2.44716e-17  3.56525e-30  3.03526e-17 -9.45692e-30 -3.14659e-17  2.26613e-29  2.62491e-17 -4.92981e-29 -1.62455e-17  9.77082e-29   5.7037e-18 -1.76923e-28  1.13342e-18  2.93371e-28 -2.91408e-18 -4.46512e-28  1.56192e-18  6.25396e-28  4.29637e-20 -8.08629e-28   -5.044e-19  9.68976e-28  2.00315e-19 -1.08111e-27   6.9219e-20  1.12872e-27 -7.23374e-20 -1.10755e-27 -4.31708e-22  1.02376e-27   1.6774e-20 -8.90443e-28 -2.02469e-21  7.24858e-28 -3.21201e-21 -5.47079e-28  5.09851e-22  3.78016e-28  5.53786e-22 -2.35538e-28 -6.56333e-23  1.30014e-28 -8.48154e-23 -6.21841e-29  1.77225e-24  2.49691e-29  1.04779e-23  -7.9601e-30   1.0901e-24  1.74991e-30 -8.79019e-25 -1.01517e-31 -2.26967e-25 -1.16522e-31  3.20084e-26  6.38007e-32  2.06006e-26 -2.05694e-32  1.56923e-27  5.61266e-33 -7.71007e-28 -1.78673e-33 -1.93953e-28  6.92343e-34 -3.84744e-30 -2.59443e-34  5.00548e-30  8.48121e-35  8.06209e-31 -2.44012e-35  1.69479e-32  6.11821e-36 -8.82038e-33 -1.24945e-36  -1.0758e-33  1.92999e-37 -3.57031e-35 -2.13209e-38   1.8327e-36  1.45896e-39  1.60175e-37 -2.99951e-41  2.91742e-39 -1.29305e-42
-1.11006e-45  7.99264e-33   5.5087e-44 -5.16886e-31  2.49189e-43  1.79578e-29 -7.79672e-43 -4.18044e-28  4.03117e-42  7.20285e-27  1.55125e-41 -9.71679e-26 -9.62181e-41  1.06371e-24  1.96948e-39  -9.6839e-24 -1.77601e-38  7.46188e-23  1.61318e-37 -4.93018e-22 -1.17981e-36  2.82053e-21   7.3525e-36 -1.40746e-20 -3.92156e-35  6.15944e-20  1.79132e-34 -2.37319e-19 -6.93226e-34  8.07054e-19  2.20022e-33 -2.42552e-18 -5.17769e-33  6.44252e-18  5.04004e-33 -1.51046e-17  3.09568e-32  3.11727e-17 -2.44076e-31 -5.63726e-17  1.11053e-30  8.87035e-17 -3.97141e-30 -1.20165e-16  1.20606e-29  1.37853e-16 -3.21089e-29 -1.30297e-16   7.6173e-29  9.63061e-17 -1.62558e-28 -4.88879e-17  3.13936e-28  8.42631e-18  -5.5088e-28  1.11327e-17  8.80976e-28  -1.1021e-17 -1.28731e-27  3.19455e-18   1.7234e-27  1.78788e-18 -2.12083e-27 -1.79962e-18  2.40961e-27  1.90455e-19 -2.54226e-27  4.26793e-19  2.50825e-27 -1.60645e-19 -2.33096e-27 -6.95696e-20  2.05142e-27  4.68649e-20 -1.71156e-27  9.65648e-21  1.34703e-27 -9.78656e-21 -9.89128e-28 -1.51571e-21   6.6737e-28  1.62553e-21 -4.06345e-28  3.01547e-22  2.18796e-28 -2.08752e-22 -1.01695e-28 -5.81465e-23  3.94585e-29  1.77374e-23 -1.20542e-29  8.39895e-24  2.49589e-30 -4.54327e-25 -1.09592e-31 -7.68039e-25 -1.67688e-31 -9.09241e-26  8.64566e-32  3.37617e-26 -2.89291e-32  1.06563e-26  9.59859e-33  2.03703e-28 -3.83622e-33 -3.84039e-28  1.57756e-33 -6.69935e-29 -5.63723e-34  4.08344e-32  1.70251e-34  1.38297e-30  -4.4759e-35  1.73715e-31  1.01926e-35  3.39939e-33 -1.87588e-36 -1.07349e-33  2.57618e-37 -1.00814e-34 -2.46931e-38 -2.71592e-36  1.36466e-39  3.20765e-38 -1.52175e-41  1.43033e-39
-2.33033e-33 -4.68232e-45  2.65899e-31  3.00283e-43 -1.21321e-29   1.3081e-42  3.40129e-28 -2.37723e-42 -6.76858e-27  1.55125e-41  1.02905e-25  7.12663e-41 -1.24948e-24 -1.18719e-39  1.24782e-23  1.94104e-38 -1.04637e-22  -1.9111e-37   7.4798e-22  1.61491e-36 -4.60946e-21 -1.13446e-35  2.46972e-20  6.82737e-35 -1.15782e-19 -3.55827e-34  4.77138e-19  1.61414e-33   -1.734e-18 -6.36948e-33  5.56778e-18  2.16901e-32 -1.58068e-17 -6.23503e-32  3.96544e-17  1.42679e-31 -8.77383e-17 -2.09379e-31  1.70609e-16 -1.21347e-31 -2.89931e-16  2.32105e-30  4.26954e-16 -1.06875e-29 -5.37828e-16  3.55581e-29  5.67713e-16 -9.79104e-29 -4.84356e-16  2.33704e-28  3.09646e-16 -4.94011e-28 -1.17006e-16  9.35478e-28 -1.43811e-17 -1.59776e-27   5.3796e-17  2.47206e-27 -3.16762e-17 -3.47576e-27  9.61195e-19  4.45349e-27    9.458e-18 -5.21701e-27 -4.37398e-18  5.61262e-27 -1.08137e-18 -5.58163e-27  1.48335e-18  5.17718e-27 -8.14271e-20 -4.52704e-27 -3.33309e-19   3.7692e-27  6.20604e-20 -3.00319e-27   6.2865e-20  2.28169e-27 -1.46857e-20 -1.63207e-27 -1.09509e-20  1.07828e-27    2.114e-21 -6.43682e-28  1.74699e-21   3.3913e-28 -1.47819e-22 -1.53585e-28 -2.31102e-22  5.77271e-29 -1.15177e-23 -1.69513e-29  2.15614e-23  3.32534e-30  4.24116e-24 -1.07646e-31 -1.02731e-24 -2.27751e-31 -4.61205e-25  1.17122e-31 -1.59429e-26 -4.44194e-32  2.09204e-26  1.81465e-32  4.15994e-27 -8.03069e-33 -8.26878e-29  3.23698e-33 -1.34971e-28 -1.08657e-33 -1.75619e-29  3.04143e-34  1.25312e-31 -7.34017e-35  2.55466e-31  1.52041e-35  2.53559e-32 -2.51182e-36  5.24625e-34  3.03385e-37 -6.58964e-35 -2.47238e-38 -4.29478e-36  1.05179e-39 -6.58364e-38 -4.62159e-42
 1.05231e-45 -1.04601e-31  1.21592e-44  6.86312e-30   1.3183e-42 -2.39774e-28  6.52064e-42  5.60996e-27 -9.97228e-42 -9.71679e-26  7.12663e-41  1.31805e-24  5.20326e-40 -1.45126e-23 -1.32353e-38  1.32926e-22  1.86293e-37 -1.03082e-21 -1.79767e-36  6.85663e-21   1.4297e-35 -3.95043e-20 -9.56822e-35    1.986e-19  5.51687e-34 -8.75974e-19 -2.77347e-33  3.40313e-18  1.22364e-32 -1.16749e-17 -4.74976e-32  3.54153e-17   1.6194e-31 -9.50023e-17 -4.81275e-31  2.25098e-16  1.22366e-30 -4.69853e-16  -2.5417e-30  8.60169e-16   3.7221e-30 -1.37178e-15 -7.75302e-31  1.88627e-15 -1.90112e-29 -2.20111e-15  8.66334e-29  2.12326e-15 -2.63769e-28  -1.6119e-15  6.51694e-28  8.55364e-16  -1.3844e-27 -1.79709e-16  2.59222e-27 -1.70273e-16 -4.33275e-27  1.89747e-16  6.51052e-27  -6.3703e-17 -8.83306e-27 -2.62492e-17  1.08543e-26  3.21114e-17 -1.21175e-26 -5.22323e-18  1.23407e-26 -7.11884e-18 -1.15405e-26  3.28522e-18   1.0012e-26  1.03985e-18 -8.17454e-27   -9.195e-19   6.3837e-27 -1.19263e-19  -4.8249e-27  1.91427e-19  3.52956e-27  1.64936e-20 -2.46307e-27 -3.25897e-20  1.59997e-27 -3.83816e-21  -9.4095e-28  4.43464e-21  4.87367e-28  9.04467e-22 -2.16048e-28 -4.25614e-22  7.90849e-29 -1.51435e-22 -2.25127e-29  1.90009e-23  4.26249e-30  1.57516e-23 -1.15218e-31  1.13031e-24 -3.04145e-31  -8.3406e-25  1.70417e-31 -2.03722e-25 -7.68343e-32  5.54049e-27  3.55612e-32  9.04327e-27 -1.57814e-32  1.24901e-27  6.02086e-33 -5.32099e-29 -1.88575e-33 -3.36153e-29  4.88469e-34 -3.41532e-30 -1.08083e-34   1.1801e-32  2.03215e-35  2.90884e-32 -2.99571e-36    2.216e-33  3.13958e-37  4.33083e-35 -2.11425e-38 -1.38521e-36  6.36334e-40  -3.7255e-38
 2.73658e-32 -3.00242e-45 -3.16071e-30  2.73956e-43  1.44999e-28  4.73853e-42 -4.08568e-27  3.40904e-41  8.17331e-26 -9.62181e-41 -1.24948e-24  5.20326e-40  1.52592e-23  4.95824e-39 -1.53318e-22 -1.30295e-37   1.2939e-21  1.65825e-36 -9.31143e-21 -1.52221e-35  5.77884e-20  1.14344e-34 -3.11935e-19 -7.27559e-34  1.47386e-18  4.00621e-33 -6.12417e-18 -1.93201e-32  2.24514e-17  8.21788e-32 -7.27603e-17 -3.09462e-31  2.08604e-16  1.03248e-30 -5.28831e-16  -3.0436e-30  1.18327e-15   7.8631e-30 -2.32885e-15 -1.74781e-29  4.00996e-15  3.19925e-29 -5.99117e-15 -4.21432e-29  7.67078e-15  1.27481e-29 -8.25166e-15  1.44627e-28  7.20695e-15 -6.03097e-28 -4.76337e-15  1.63459e-27  1.93244e-15 -3.57208e-27  1.01398e-16  6.69049e-27 -7.94502e-16 -1.10168e-26  5.16473e-16  1.61483e-26 -4.53358e-17 -2.12112e-26  -1.4118e-16  2.50642e-26  7.62589e-17 -2.67202e-26  1.20729e-17  2.57858e-26    -2.43e-17 -2.26533e-26  2.89511e-18  1.83038e-26  5.25271e-18 -1.38365e-26 -1.37863e-18  1.00186e-26 -9.66942e-19 -7.10857e-27  3.16453e-19  4.98329e-27  1.69384e-19 -3.39939e-27 -4.88219e-20  2.18453e-27 -2.82189e-20 -1.27522e-27  4.58647e-21  6.54259e-28  4.01646e-21 -2.86178e-28 -4.10973e-23  1.03099e-28 -4.15643e-22 -2.89518e-29 -5.79675e-23  5.48572e-30  2.42306e-23 -1.68572e-31  8.06219e-24 -4.26874e-31 -1.21999e-25   2.7846e-31 -4.41434e-25  -1.4297e-31 -6.81908e-26  6.78495e-32  5.15246e-27 -2.86588e-32  2.84219e-27  1.02029e-32  2.90349e-28  -2.9686e-33 -1.39507e-29  7.08515e-34  -5.7315e-30 -1.43071e-34 -4.62006e-31   2.4309e-35 -2.13689e-33 -3.17161e-36  1.74431e-33  2.83201e-37  9.01081e-35 -1.50663e-38  1.09193e-36   2.6409e-40
 4.39628e-44  1.12108e-30 -5.94967e-44 -7.39536e-29  1.92066e-42  2.59674e-27  1.10323e-41 -6.10755e-26  2.24607e-40  1.06371e-24 -1.18719e-39 -1.45126e-23  4.95824e-39  1.60766e-22  4.71316e-38 -1.48194e-21 -1.15528e-36  1.15695e-20  1.35997e-35 -7.75006e-20 -1.17997e-34  4.49844e-19  8.38851e-34 -2.27925e-18 -5.07344e-33  1.01364e-17  2.66419e-32 -3.97238e-17 -1.22912e-31  1.37539e-16  5.01809e-31 -4.21315e-16 -1.82081e-30    1.142e-15  5.88303e-30 -2.73605e-15 -1.69156e-29  5.77953e-15  4.31148e-29 -1.07181e-14 -9.65053e-29  1.73359e-14  1.85882e-28 -2.42143e-14 -2.93583e-28  2.87653e-14  3.26143e-28 -2.83449e-14 -3.89721e-29  2.21227e-14 -1.03771e-27 -1.22762e-14  3.60601e-27  3.04549e-15 -8.45311e-27  2.07646e-15  1.61014e-26 -2.66652e-15 -2.63337e-26  1.02777e-15  3.78377e-26  2.96369e-16 -4.82891e-26 -4.66289e-16  5.50384e-26   1.0416e-16 -5.61897e-26  9.50915e-17   5.1504e-26 -5.41503e-17 -4.25471e-26 -1.16667e-17  3.19404e-26  1.45854e-17 -2.21687e-26   8.0782e-19  1.46612e-26 -3.02039e-18 -9.60411e-27 -4.91834e-20  6.39374e-27  5.25598e-19 -4.27479e-27  2.60479e-20  2.74562e-27 -7.54447e-20 -1.61086e-27 -1.01289e-20  8.29058e-28  8.02312e-21 -3.62794e-28  2.12639e-21  1.31002e-28 -4.79557e-22 -3.73258e-29 -2.57349e-22   7.4121e-30 -5.12776e-24 -2.98915e-31  1.61888e-23 -6.69373e-31  3.02823e-24  4.97129e-31 -2.76332e-25 -2.66457e-31 -1.68984e-25   1.2168e-31 -1.76352e-26 -4.78429e-32  1.92246e-27  1.58022e-32  6.47509e-28 -4.25372e-33  5.14254e-29  9.29385e-34 -1.94131e-30  -1.7005e-34 -6.17402e-31  2.59426e-35 -3.83793e-32 -2.96251e-36 -3.93228e-34   2.1944e-37  3.85225e-35 -8.49364e-39  7.60905e-37
-2.65983e-31  4.09385e-43  3.08911e-29 -9.92386e-44  -1.4243e-27   1.0101e-41  4.03443e-26 -5.01511e-41 -8.11537e-25  1.96948e-39  1.24782e-23 -1.32353e-38 -1.53318e-22  4.71316e-38  1.55033e-21  4.13944e-37 -1.31717e-20 -9.38189e-36  9.54597e-20  1.03282e-34 -5.96849e-19 -8.47008e-34  3.24697e-18  5.70769e-33 -1.54684e-17 -3.28219e-32  6.48347e-17  1.64273e-31 -2.39878e-16 -7.23938e-31  7.84992e-16  2.82969e-30 -2.27394e-15  -9.8554e-30  5.82848e-15  3.06617e-29  -1.3196e-14 -8.52579e-29  2.63037e-14  2.11489e-28 -4.59212e-14  -4.6552e-28  6.96608e-14  8.98839e-28 -9.07256e-14 -1.48516e-27  9.95477e-14  1.97588e-27 -8.90905e-14 -1.70148e-27   6.0929e-14 -5.84331e-28  -2.6478e-14  6.63422e-27  3.57025e-16 -1.82168e-26  9.64759e-15  3.61758e-26 -6.97144e-15 -5.93529e-26  1.01412e-15  8.40312e-26  1.72048e-15 -1.04567e-25 -1.09398e-15  1.15327e-25 -8.27223e-17 -1.13138e-25  3.26871e-16  9.88604e-26 -6.17449e-17 -7.70396e-26 -6.72341e-17  5.37625e-26  2.39025e-17 -3.40354e-26  1.19028e-17  2.01781e-26 -5.39354e-18 -1.18714e-26 -2.08018e-18  7.36806e-27     8.75e-19 -4.84864e-27    3.638e-19   3.1732e-27 -9.66466e-20 -1.91332e-27 -5.62552e-20  1.00896e-27  4.58037e-21 -4.51473e-28  6.47769e-21  1.67714e-28  5.32216e-22  -5.0054e-29 -4.47196e-22  1.07141e-29 -1.11814e-22 -4.81033e-31   8.9895e-24 -1.16923e-30   7.4807e-24  9.06069e-31  8.48195e-25 -4.73825e-31 -1.41986e-25   2.0205e-31 -4.80974e-26 -7.33234e-32 -3.58403e-27  2.24055e-32  4.28613e-28 -5.55439e-33  1.03048e-28   1.1014e-33  6.54276e-30  -1.8084e-34 -1.25036e-31  2.45598e-35 -3.60587e-32 -2.41652e-36 -1.51185e-33  1.42216e-37 -1.27576e-35 -3.30024e-39
-3.01465e-44 -9.98814e-30  2.11103e-42  6.62219e-28  3.04962e-42  -2.3375e-26  7.67996e-41  5.52819e-25 -1.33482e-39  -9.6839e-24  1.94104e-38  1.32926e-22 -1.30295e-37 -1.48194e-21  4.13944e-37  1.37524e-20  3.34515e-36 -1.08124e-19 -7.06033e-35  7.29679e-19  7.31338e-34 -4.26851e-18 -5.67763e-33  2.18059e-17  3.63131e-32 -9.78206e-17 -1.98629e-31  3.86878e-16  9.47298e-31 -1.35256e-15 -3.98435e-30    4.186e-15  1.48875e-29 -1.14711e-14 -4.96515e-29  2.78058e-14  1.48227e-28 -5.94769e-14 -3.96559e-28  1.11806e-13  9.50116e-28  -1.8354e-13 -2.03203e-27  2.60617e-13  3.85107e-27 -3.15449e-13 -6.36979e-27  3.17823e-13  8.89273e-27 -2.55266e-13 -9.57668e-27  1.48172e-13  5.17073e-27 -4.24305e-14  8.55234e-27 -2.04175e-14 -3.53255e-26  3.13205e-14   7.6063e-26 -1.37817e-14 -1.26683e-25 -2.49856e-15  1.77625e-25  5.63843e-15 -2.16217e-25 -1.63343e-15  2.31466e-25 -1.03213e-15 -2.19012e-25   7.3846e-16    1.833e-25  9.14749e-17 -1.35481e-25 -1.91464e-16  8.82656e-26  3.81264e-18 -5.08318e-26  3.92959e-17  2.64424e-26 -2.28559e-18  -1.3328e-26 -6.96857e-18  7.40075e-27  1.60037e-19 -4.84041e-27  1.05233e-18  3.36781e-27  6.81594e-20 -2.17537e-27 -1.22684e-19  1.21479e-27 -2.30419e-20 -5.71697e-28   8.9511e-21  2.24116e-28  3.40226e-21 -7.12357e-29  -1.4541e-22  1.62033e-29 -2.54397e-22 -5.58461e-31 -3.46485e-23 -2.13457e-30  6.75667e-24  1.59628e-30  2.56316e-24 -7.85737e-31  1.79211e-25  3.08988e-31 -4.37564e-26  -1.0314e-31 -1.01124e-26   2.9099e-32 -5.74662e-28 -6.60626e-33  5.81103e-29  1.17555e-33  1.05813e-29 -1.70985e-34  5.25728e-31  2.04385e-35 -1.46613e-33 -1.69246e-36 -8.06341e-34   7.3068e-38 -1.25896e-35
 2.16956e-30 -4.63845e-44 -2.53246e-28  3.95192e-42   1.1738e-26  2.52112e-41 -3.34323e-25  1.02026e-39  6.76403e-24 -1.77601e-38 -1.04637e-22  1.86293e-37   1.2939e-21 -1.15528e-36 -1.31717e-20  3.34515e-36  1.12699e-19  2.50813e-35 -8.22842e-19 -4.96488e-34  5.18497e-18  4.85801e-33 -2.84397e-17 -3.57607e-32  1.36662e-16  2.17313e-31 -5.78067e-16 -1.13119e-30  2.15951e-15  5.14056e-30 -7.13955e-15 -2.06258e-29  2.09076e-14  7.36008e-29 -5.42136e-14 -2.34692e-28  1.24274e-13  6.70769e-28 -2.51048e-13 -1.72096e-27  4.44688e-13  3.96353e-27 -6.85432e-13  -8.1777e-27  9.08826e-13  1.50392e-26 -1.01807e-12 -2.43952e-26  9.34515e-13  3.41492e-26 -6.61858e-13 -3.91803e-26  3.07474e-13   3.1175e-26 -2.32869e-14 -3.74464e-28  -9.8033e-14 -6.03961e-26  7.95139e-14  1.50504e-25 -1.62357e-14 -2.57784e-25 -1.73603e-14  3.59465e-25  1.31862e-14  -4.2908e-25 -4.66491e-17  4.47064e-25 -3.67533e-15 -4.09555e-25  9.82349e-16    3.301e-25  7.07147e-16 -2.33078e-25 -3.36902e-16   1.4288e-25 -1.17274e-16 -7.50712e-26    7.518e-17  3.35353e-26  2.01327e-17 -1.33023e-26 -1.26915e-17   5.9102e-27 -3.73814e-18 -3.98375e-27  1.56531e-18  3.29702e-27  6.40498e-19 -2.45822e-27 -1.11129e-19   1.5129e-27 -8.29738e-20 -7.65253e-28 -1.66611e-21  3.18873e-28  6.68783e-21 -1.06473e-28  1.22353e-21  2.45442e-29 -2.18512e-22 -1.76203e-31 -1.03759e-22 -3.81669e-30 -7.41741e-24  2.64131e-30  2.75405e-24 -1.20455e-30  6.64419e-25  4.34466e-31  2.94715e-26 -1.33131e-31 -8.85922e-27  3.46063e-32  -1.5132e-27 -7.14406e-33   -6.955e-29  1.12371e-33  4.34148e-30 -1.42284e-34   6.0212e-31  1.47413e-35  2.04494e-32 -9.88463e-37  7.64346e-35  2.59002e-38
-7.63151e-44  7.52413e-29  4.87392e-42  -5.0148e-27 -3.79427e-41  1.77991e-25 -1.52692e-40 -4.23391e-24  1.38746e-38  7.46188e-23  -1.9111e-37 -1.03082e-21  1.65825e-36  1.15695e-20 -9.38189e-36 -1.08124e-19  2.50813e-35   8.5641e-19  1.75879e-34 -5.82474e-18 -3.28217e-33  3.43544e-17   3.0418e-32 -1.77025e-16 -2.12605e-31  8.01399e-16  1.22858e-30 -3.20018e-15 -6.08851e-30  1.13027e-14  2.63669e-29 -3.53605e-14 -1.00899e-28  9.80206e-14  3.43646e-28 -2.40537e-13 -1.04664e-27   5.2134e-13  2.85948e-27 -9.94094e-13 -7.01986e-27  1.65751e-12   1.5491e-26 -2.39458e-12 -3.06884e-26  2.95576e-12   5.4374e-26 -3.04782e-12 -8.54888e-26  2.52148e-12  1.17371e-25 -1.53141e-12 -1.35835e-25  4.97727e-13  1.20292e-25  1.60526e-13 -4.96202e-26 -3.12581e-13 -8.77913e-26  1.56598e-13  2.83671e-25  1.34387e-14  -5.0534e-25 -5.76582e-14  7.02159e-25  2.09944e-14 -8.22796e-25  9.09983e-15  8.36078e-25 -8.48489e-15 -7.44268e-25 -3.16086e-16  5.80954e-25  2.11217e-15 -3.94963e-25 -2.10561e-16  2.30049e-25 -4.27176e-16 -1.11131e-25  6.06325e-17  4.18296e-26  7.69102e-17  -1.0957e-26 -8.08379e-18   2.2294e-27  -1.2206e-17  -2.0952e-27  1.16507e-19  3.07874e-27  1.55264e-18 -2.94842e-27  1.79964e-19  2.04162e-27 -1.32587e-19  -1.1039e-27 -3.64327e-20  4.78737e-28  4.63967e-21 -1.61927e-28  3.29445e-21  3.58373e-29  2.83887e-22   1.2237e-30 -1.18749e-22 -6.43423e-30 -3.19004e-23  4.05548e-30 -9.87543e-25 -1.70257e-30  7.51722e-25  5.61434e-31  1.29396e-25 -1.57608e-31  4.03094e-27  3.76509e-32  -1.1527e-27 -7.00237e-33 -1.48946e-28  9.53571e-34  -5.5496e-30 -1.02553e-34  1.37831e-31  9.01068e-36  1.34871e-32 -4.55001e-37  1.70799e-34
-1.50651e-29 -4.41701e-42  1.76777e-27  8.37313e-41 -8.23889e-26 -3.86926e-40  2.36024e-24 -6.48318e-39 -4.80436e-23  1.61318e-37   7.4798e-22 -1.79767e-36 -9.31143e-21  1.35997e-35  9.54597e-20 -7.06033e-35 -8.22842e-19  1.75879e-34  6.05473e-18  1.16038e-33 -3.84667e-17 -2.04863e-32  2.12821e-16  1.80163e-31 -1.03203e-15 -1.19693e-30   4.4075e-15  6.58186e-30 -1.66334e-14  -3.1066e-29  5.55866e-14  1.28227e-28 -1.64652e-13 -4.67963e-28  4.32177e-13  1.52073e-27 -1.00368e-12 -4.42115e-27  2.05623e-12  1.15345e-26 -3.69823e-12 -2.70528e-26  5.79673e-12   5.7071e-26 -7.83158e-12 -1.08195e-25  8.96489e-12  1.83778e-25 -8.44872e-12 -2.77899e-25  6.20162e-12   3.6931e-25 -3.07421e-12 -4.19669e-25  4.14937e-13  3.80605e-25  8.42272e-13 -2.10868e-25 -7.77681e-13 -1.01346e-25  2.05995e-13  5.21503e-25  1.45631e-13 -9.68775e-25 -1.35543e-13  1.33814e-24  1.10613e-14 -1.53796e-24  3.49151e-14  1.52584e-24 -1.25435e-14 -1.32401e-24 -6.10592e-15  1.00595e-24  3.95915e-15 -6.63043e-25  8.98276e-16  3.70096e-25 -8.75539e-16   -1.657e-25 -1.45783e-16  5.15332e-26  1.52762e-16 -4.87778e-27  2.96088e-17 -4.49092e-27 -2.05156e-17  8.30874e-28 -5.88163e-18  3.09955e-27  1.81364e-18 -4.02832e-27  8.79112e-19   3.0369e-27  -4.7211e-20 -1.69282e-27 -8.27032e-20  7.36085e-28 -1.00843e-20 -2.42512e-28  3.66809e-21  4.92095e-29  1.18749e-21   4.2861e-30    2.849e-23 -1.00543e-29 -4.17528e-23   5.7528e-30 -7.51744e-24 -2.21758e-30 -5.52636e-26  6.66532e-31  1.41223e-25 -1.70991e-31  1.82744e-26   3.7421e-32  4.71227e-28 -6.19227e-33 -8.76817e-29   7.0853e-34 -8.28561e-30 -6.23754e-35 -2.19805e-31  4.49622e-36  7.47072e-34 -1.43202e-37
 2.30475e-42 -4.85451e-28 -7.69307e-41   3.2534e-26  8.25565e-40 -1.16144e-24 -2.71051e-40   2.7796e-23 -1.02197e-37 -4.93018e-22  1.61491e-36  6.85663e-21 -1.52221e-35 -7.75006e-20  1.03282e-34  7.29679e-19 -4.96488e-34 -5.82474e-18  1.16038e-33  3.99421e-17  7.23322e-33 -2.37621e-16 -1.21098e-31  1.23562e-15  1.01189e-30 -5.64762e-15 -6.39516e-30   2.2782e-14  3.34827e-29  -8.1331e-14 -1.50576e-28  2.57354e-13  5.92508e-28 -7.22079e-13 -2.06235e-27  1.79498e-12  6.39394e-27 -3.94476e-12 -1.77379e-26  7.63546e-12  4.41629e-26  -1.2941e-11 -9.88528e-26  1.90374e-11  1.99039e-25  -2.3986e-11 -3.60218e-25  2.53377e-11  5.84408e-25 -2.16126e-11  -8.4514e-25   1.3738e-11  1.07721e-24 -5.00242e-12   -1.182e-24 -9.61505e-13  1.05476e-24  2.68077e-12  -6.2856e-25 -1.52952e-12 -8.35539e-26  2.72908e-15  9.71493e-25  5.03493e-13  -1.8506e-24 -2.26858e-13  2.51956e-24 -6.36049e-14 -2.83087e-24  8.31821e-14  2.74216e-24 -4.02411e-15  -2.3244e-24 -1.97603e-14  1.72492e-24  3.72946e-15 -1.10664e-24  3.90197e-15  5.94183e-25 -9.47498e-16 -2.46899e-25 -7.09457e-16  6.10623e-26  1.45969e-16  7.85145e-27  1.18434e-16 -1.54419e-26 -1.13457e-17  4.46115e-27 -1.64481e-17  4.17313e-27 -7.00111e-19 -6.34813e-27  1.61225e-18  4.84654e-27  3.09263e-19 -2.66498e-27 -8.09769e-20   1.1227e-27 -3.54314e-20 -3.49493e-28 -1.11159e-21  6.26318e-29  1.64722e-21    9.489e-30  3.25111e-22 -1.44674e-29 -6.18597e-24  7.52862e-30 -1.03669e-23 -2.66164e-30 -1.35229e-24  7.26614e-31  2.95108e-27  -1.6984e-31  1.76207e-26  3.39186e-32   1.7322e-27 -4.90871e-33  4.02847e-29  4.50874e-34 -3.16318e-30 -3.05681e-35 -1.85508e-31  1.70757e-36  -1.8889e-33
 9.00504e-29  4.97272e-41 -1.06251e-26 -8.74089e-40  4.98073e-25  5.40323e-39 -1.43556e-23   3.7526e-38  2.94089e-22 -1.17981e-36 -4.60946e-21   1.4297e-35  5.77884e-20 -1.17997e-34 -5.96849e-19  7.31338e-34  5.18497e-18 -3.28217e-33 -3.84667e-17  7.23322e-33  2.46503e-16  4.27209e-32 -1.37625e-15 -6.79303e-31  6.73808e-15  5.39827e-30  -2.9069e-14 -3.24752e-29  1.10882e-13  1.61964e-28 -3.74774e-13 -6.94247e-28  1.12355e-12  2.60506e-27 -2.98712e-12 -8.64953e-27  7.03305e-12  2.55848e-26 -1.46229e-11 -6.77186e-26  2.67248e-11  1.60842e-25 -4.26331e-11  -3.4336e-25  5.87426e-11   6.5909e-25 -6.87807e-11 -1.13659e-24  6.66166e-11  1.75618e-24 -5.07199e-11 -2.41796e-24  2.67847e-11  2.93463e-24 -5.13758e-12 -3.07064e-24 -6.14029e-12  2.62638e-24  6.59216e-12 -1.53501e-24 -2.16725e-12 -7.88444e-26 -1.00626e-12  1.91507e-24  1.20073e-12 -3.58692e-24 -1.93495e-13  4.74464e-24 -2.81427e-13 -5.18347e-24  1.33248e-13  4.89658e-24  4.23868e-14 -4.05729e-24   -3.943e-14  2.94306e-24 -4.76007e-15 -1.83673e-24  8.63554e-15  9.45292e-25  6.24315e-16 -3.60358e-25  -1.5492e-15  6.35788e-26 -1.57891e-16  3.30841e-26  2.23471e-16 -3.22356e-26  4.18404e-17  7.84056e-27 -2.30046e-17  7.72234e-27  -7.6583e-18 -1.08709e-26  1.16812e-18  7.91664e-27  8.54187e-19  -4.1616e-27  5.11202e-20  1.65987e-27 -4.81365e-20  -4.7819e-28 -1.11639e-20   7.3165e-29  4.16269e-22  1.68177e-29  5.16039e-22 -1.91222e-29  6.86931e-23  9.08402e-30 -3.13777e-24 -2.94354e-30 -1.82538e-24  7.26878e-31  -1.8015e-25 -1.54331e-31   1.8919e-28  2.79919e-32  1.32899e-27 -3.45792e-33  9.46676e-29  2.36389e-34  1.75989e-30 -1.09513e-35 -3.09243e-32  4.17229e-37
-2.00454e-41  2.70865e-27  6.71746e-40 -1.82584e-25 -7.42942e-39  6.55791e-24  1.63738e-38 -1.57954e-22  6.44503e-37  2.82053e-21 -1.13446e-35 -3.95043e-20  1.14344e-34  4.49844e-19 -8.47008e-34 -4.26851e-18  4.85801e-33  3.43544e-17 -2.04863e-32 -2.37621e-16  4.27209e-32  1.42654e-15  2.39516e-31 -7.48935e-15 -3.62093e-30  3.45788e-14  2.73832e-29 -1.40984e-13 -1.56885e-28  5.09022e-13  7.45641e-28 -1.63009e-12 -3.04752e-27  4.63228e-12  1.09081e-26 -1.16728e-11 -3.45567e-26  2.60297e-11  9.75365e-26 -5.11831e-11 -2.46316e-25  8.82513e-11  5.58025e-25 -1.32316e-10 -1.13564e-24  1.70328e-10  2.07648e-24  -1.8451e-10 -3.40726e-24  1.62425e-10  5.00226e-24 -1.08086e-10   -6.532e-24  4.36481e-11  7.50129e-24  3.56854e-12 -7.40228e-24 -1.98998e-11  5.93357e-24   1.2979e-11 -3.17226e-24 -1.09578e-12 -4.07073e-25  -3.7721e-12  4.08365e-24  2.09587e-12 -7.12806e-24  3.21937e-13  9.01069e-24   -7.015e-13 -9.51428e-24  9.62134e-14  8.74689e-24  1.57268e-13 -7.07578e-24 -4.63514e-14  5.00376e-24 -2.98481e-14 -3.02027e-24  1.12168e-14  1.47298e-24  5.43237e-15 -5.00065e-25 -1.86241e-15  4.14011e-26 -9.57688e-16  8.11744e-26  1.98087e-16 -5.66465e-26  1.46322e-16  8.96402e-27 -5.87359e-18  1.59245e-26  -1.6376e-17 -1.88441e-26 -1.91971e-18  1.27328e-26  1.05144e-18 -6.29654e-27  3.15349e-19  2.34656e-27 -1.15978e-20  -6.1681e-28 -1.87293e-20  7.76789e-29   -2.651e-21  2.55182e-29   2.5289e-22 -2.31804e-29  1.17929e-22  1.00971e-29    1.124e-23 -2.99828e-30 -6.10496e-25  6.66883e-31 -2.18676e-25 -1.28312e-31 -1.65054e-26  2.10122e-32 -8.07667e-29  -2.1397e-33  4.98088e-29  9.42546e-35  2.12411e-30 -2.11441e-36  1.64915e-32
-4.67246e-28 -3.75671e-40  5.54513e-26  6.81172e-39 -2.61528e-24 -4.74033e-38  7.58628e-23  -1.5301e-37 -1.56461e-21   7.3525e-36  2.46972e-20 -9.56822e-35 -3.11935e-19  8.38851e-34  3.24697e-18 -5.67763e-33 -2.84397e-17   3.0418e-32  2.12821e-16 -1.21098e-31 -1.37625e-15  2.39516e-31  7.75766e-15  1.27623e-30 -3.83664e-14 -1.83556e-29   1.6729e-13  1.32166e-28 -6.45346e-13 -7.21448e-28   2.2074e-12  3.26897e-27 -6.70198e-12  -1.2744e-26  1.80603e-11   4.3526e-26 -4.31406e-11 -1.31602e-25  9.11006e-11  3.54513e-25 -1.69324e-10 -8.54303e-25  2.75152e-10  1.84601e-24 -3.87015e-10 -3.58063e-24  4.63974e-10  6.23295e-24 -4.62297e-10 -9.72084e-24  3.65383e-10  1.35328e-23 -2.05266e-10 -1.67014e-23  5.06598e-11  1.80373e-23  3.77863e-11 -1.65971e-23 -4.87969e-11  1.21623e-23   1.9394e-11 -5.43189e-24  5.52282e-12 -2.21731e-24 -9.23056e-12  9.25624e-24  2.26328e-12 -1.44906e-23  1.91774e-12  1.72862e-23 -1.20218e-12 -1.75572e-23 -2.19964e-13    1.567e-23  3.36207e-13 -1.23359e-23  6.90538e-15  8.45447e-24 -7.26806e-14 -4.88516e-24  1.64045e-15  2.21541e-24  1.33426e-14 -6.32199e-25  1.33123e-16 -4.10252e-26 -2.05167e-15  1.67821e-25 -1.97784e-16 -8.97524e-26  2.38633e-16   4.2852e-27  5.33013e-17  3.17063e-26 -1.65402e-17 -3.16457e-26 -7.36919e-18  1.97056e-26  8.55146e-20 -9.10841e-27  5.16567e-19  3.14942e-27  8.39581e-20 -7.47351e-28 -1.10858e-20  7.38356e-29 -5.29694e-21  3.41058e-29 -4.80698e-22 -2.57155e-29  6.85434e-23  1.03213e-29  1.95476e-23 -2.81079e-30  1.39942e-24   5.6113e-31 -6.29783e-26   -9.781e-32 -1.62242e-26  1.43537e-32 -8.92771e-28 -1.14548e-33 -7.77301e-30  2.24331e-35  5.57867e-31  2.02959e-37
 1.33791e-40 -1.31652e-26 -4.69401e-39  8.92866e-25   5.4784e-38 -3.22755e-23 -1.89235e-37   7.8264e-22 -3.38103e-36 -1.40746e-20  6.82737e-35    1.986e-19 -7.27559e-34 -2.27925e-18  5.70769e-33  2.18059e-17 -3.57607e-32 -1.77025e-16  1.80163e-31  1.23562e-15 -6.79303e-31 -7.48935e-15  1.27623e-30  3.97177e-14  6.46765e-30 -1.85341e-13 -8.85419e-29  7.64209e-13   6.0725e-28 -2.79219e-12 -3.15945e-27  9.05521e-12  1.36534e-26 -2.60799e-11 -5.07893e-26  6.66656e-11  1.65577e-25 -1.50961e-10 -4.77936e-25  3.01799e-10  1.22909e-24 -5.29847e-10 -2.82681e-24  8.10394e-10   5.8266e-24 -1.06691e-09 -1.07705e-23  1.18641e-09  1.78418e-23 -1.07891e-09 -2.64228e-23  7.51852e-10  3.48174e-23 -3.34003e-10 -4.04724e-23   4.8305e-12  4.08413e-23  1.28293e-10 -3.45807e-23 -9.64424e-11  2.23845e-23  1.58762e-11 -6.83546e-24    2.422e-11  -8.7023e-24 -1.67449e-11  2.14137e-23 -7.02009e-13 -2.97496e-23  5.10999e-12  3.33256e-23 -1.19729e-12 -3.24897e-23 -1.06014e-12  2.80835e-23  4.58056e-13 -2.14132e-23  1.87722e-13  1.41062e-23 -1.08078e-13 -7.69846e-24 -3.35998e-14  3.16153e-24  1.88806e-14 -6.72247e-25  6.32417e-15 -2.43382e-25 -2.35503e-15  3.13036e-25 -1.08515e-15 -1.30426e-25  1.57962e-16 -1.15938e-26  1.39833e-16  5.84463e-26  5.74051e-18 -5.04726e-26 -1.09831e-17  2.90097e-26 -2.27096e-18 -1.25122e-26  3.11903e-19  3.99942e-27  1.77342e-19 -8.48871e-28  1.59675e-20  6.09144e-29  -4.0289e-21  4.07152e-29 -1.11762e-21 -2.59982e-29 -6.77202e-23  9.67204e-30  1.13113e-23 -2.42225e-30  2.25019e-24  4.33544e-31  1.24277e-25 -6.87316e-32 -3.09785e-27  8.94805e-33 -6.15788e-28 -5.20443e-34 -2.02319e-29 -1.50042e-36 -1.01398e-31
