   0.0354324  3.31818e-18   -0.0439228 -2.09571e-17 -0.000429113  -1.7175e-18    0.0096771  1.06602e-17   0.00140857 -1.76938e-18   -0.0015403 -9.37848e-19 -0.000487836  1.85529e-19  9.80647e-05  6.31801e-21  5.77384e-05  6.32049e-21  3.40301e-06  1.97045e-21 -6.16995e-07
 3.31818e-18    0.0806691  2.73043e-17   -0.0483097 -4.83174e-17   -0.0148254 -2.92111e-19    0.0117208  1.12311e-17   0.00467054 -1.68448e-18  -0.00167822 -7.40845e-19  -0.00103524  1.97341e-20  2.72481e-05 -4.05747e-20  8.61267e-05  2.12972e-20  9.57875e-06  2.07223e-21
  -0.0439228  2.73043e-17    0.0897706  4.25563e-17   -0.0311889 -4.76157e-17   -0.0241487 -6.62342e-19    0.0091467  7.93775e-18    0.0071456  -8.4855e-19  -0.00104911 -2.03639e-19   -0.0014022  -2.6875e-19 -0.000119149 -6.90533e-20  7.69648e-05  2.67738e-20  9.53334e-06
-2.09571e-17   -0.0483097  4.25563e-17    0.0723813  3.77543e-17   -0.0158375 -3.17533e-17   -0.0266416 -3.05711e-19   0.00565733  4.18305e-18   0.00845308  6.11834e-19 -0.000122194  2.40746e-19  -0.00151671 -4.99449e-19 -0.000266004 -5.09318e-20  3.92662e-05  1.82077e-20
-0.000429113 -4.83174e-17   -0.0311889  3.77543e-17    0.0548656  2.36329e-17  -0.00785442  -1.6978e-17   -0.0263301 -9.26111e-19   0.00264645  1.58429e-18   0.00896509  2.22842e-18  0.000860245   3.0658e-19  -0.00138766 -5.57378e-19 -0.000348638  -2.0112e-20  1.85315e-06
 -1.7175e-18   -0.0148254 -4.76157e-17   -0.0158375  2.36329e-17    0.0447274  1.19015e-17  -0.00397405 -8.29556e-18   -0.0254821 -3.47337e-18  0.000142224  4.41271e-19   0.00896695  3.23442e-18   0.00179307  3.34279e-20  -0.00104427 -4.53624e-19 -0.000319892 -7.84592e-21
   0.0096771 -2.92111e-19   -0.0241487 -3.17533e-17  -0.00785442  1.19015e-17    0.0392826  6.44246e-18   -0.0016858 -4.79009e-18   -0.0247109 -6.68232e-18   -0.0020716  6.39759e-19    0.0085697  3.25732e-18   0.00259517 -2.16549e-19 -0.000547689 -2.71383e-19 -0.000180815
 1.06602e-17    0.0117208 -6.62342e-19   -0.0266416  -1.6978e-17  -0.00397405  6.44246e-18    0.0360925  6.28288e-18 -4.19837e-05  -4.4275e-18   -0.0241288  -8.4648e-18  -0.00418672   1.5451e-18   0.00776071  2.62196e-18   0.00313558 -1.55412e-19 -4.38758e-05 -9.62937e-20
  0.00140857  1.12311e-17    0.0091467 -3.05711e-19   -0.0263301 -8.29556e-18   -0.0016858  6.28288e-18     0.034189  8.53203e-18   0.00133413 -5.31344e-18   -0.0237349 -8.00183e-18  -0.00636133  2.09259e-18   0.00642641   1.8699e-18   0.00318296   1.0289e-19  0.000217469
-1.76938e-18   0.00467054  7.93775e-18   0.00565733 -9.26111e-19   -0.0254821 -4.79009e-18 -4.19837e-05  8.53203e-18    0.0332015  1.01447e-17   0.00266216  -6.0346e-18   -0.0234815 -6.41947e-18  -0.00872196  1.41209e-18   0.00439216  1.19954e-18   0.00248309   2.0454e-19
  -0.0015403 -1.68448e-18    0.0071456  4.18305e-18   0.00264645 -3.47337e-18   -0.0247109  -4.4275e-18   0.00133413  1.01447e-17    0.0329782  9.74726e-18   0.00412786 -5.92029e-18   -0.0232557 -5.64767e-18   -0.0112869 -6.22021e-19    0.0016552  5.01641e-19   0.00116046
-9.37848e-19  -0.00167822  -8.4855e-19   0.00845308  1.58429e-18  0.000142224 -6.68232e-18   -0.0241288 -5.31344e-18   0.00266216  9.74726e-18    0.0334977  8.25622e-18   0.00596216 -5.02429e-18     -0.02276 -6.92536e-18   -0.0136402 -3.18226e-18  -0.00103632 -1.11359e-19
-0.000487836 -7.40845e-19  -0.00104911  6.11834e-19   0.00896509  4.41271e-19   -0.0020716  -8.4648e-18   -0.0237349  -6.0346e-18   0.00412786  8.25622e-18    0.0348678  7.84168e-18   0.00858229 -3.88693e-18   -0.0211545 -9.80832e-18   -0.0143432 -4.64028e-18  -0.00200998
 1.85529e-19  -0.00103524 -2.03639e-19 -0.000122194  2.22842e-18   0.00896695  6.39759e-19  -0.00418672 -8.00183e-18   -0.0234815 -5.92029e-18   0.00596216  7.84168e-18     0.037422  1.02815e-17    0.0129194  -3.2248e-18   -0.0166107 -1.19089e-17   -0.0112947 -3.57785e-18
 9.80647e-05  1.97341e-20   -0.0014022  2.40746e-19  0.000860245  3.23442e-18    0.0085697   1.5451e-18  -0.00636133 -6.41947e-18   -0.0232557 -5.02429e-18   0.00858229  1.02815e-17    0.0419998  1.51074e-17    0.0206664  -3.3834e-18  -0.00735762 -1.04068e-17    -0.004865
 6.31801e-21  2.72481e-05  -2.6875e-19  -0.00151671   3.0658e-19   0.00179307  3.25732e-18   0.00776071  2.09259e-18  -0.00872196 -5.64767e-18     -0.02276 -3.88693e-18    0.0129194  1.51074e-17    0.0500888  1.85944e-17    0.0326525 -3.68213e-18   0.00403847 -5.33216e-18
 5.77384e-05 -4.05747e-20 -0.000119149 -4.99449e-19  -0.00138766  3.34279e-20   0.00259517  2.62196e-18   0.00642641  1.41209e-18   -0.0112869 -6.92536e-18   -0.0211545  -3.2248e-18    0.0206664  1.85944e-17    0.0619673  1.65937e-17    0.0438411 -2.82626e-18   0.00877321
 6.32049e-21  8.61267e-05 -6.90533e-20 -0.000266004 -5.57378e-19  -0.00104427 -2.16549e-19   0.00313558   1.8699e-18   0.00439216 -6.22021e-19   -0.0136402 -9.80832e-18   -0.0166107  -3.3834e-18    0.0326525  1.65937e-17    0.0714594  9.92869e-18    0.0422428 -9.54721e-19
 3.40301e-06  2.12972e-20  7.69648e-05 -5.09318e-20 -0.000348638 -4.53624e-19 -0.000547689 -1.55412e-19   0.00318296  1.19954e-18    0.0016552 -3.18226e-18   -0.0143432 -1.19089e-17  -0.00735762 -3.68213e-18    0.0438411  9.92869e-18    0.0652483  3.89364e-18    0.0233362
 1.97045e-21  9.57875e-06  2.67738e-20  3.92662e-05  -2.0112e-20 -0.000319892 -2.71383e-19 -4.38758e-05   1.0289e-19   0.00248309  5.01641e-19  -0.00103632 -4.64028e-18   -0.0112947 -1.04068e-17   0.00403847 -2.82626e-18    0.0422428  3.89364e-18    0.0389214  1.10862e-18
-6.16995e-07  2.07223e-21  9.53334e-06  1.82077e-20  1.85315e-06 -7.84592e-21 -0.000180815 -9.62937e-20  0.000217469   2.0454e-19   0.00116046 -1.11359e-19  -0.00200998 -3.57785e-18    -0.004865 -5.33216e-18   0.00877321 -9.54721e-19    0.0233362  1.10862e-18    0.0109374
