 7.69269e-35   3.3511e-50 -4.68183e-35 -2.36551e-49  2.26809e-35 -2.98496e-48 -3.49275e-35  4.43223e-48  2.17356e-35 -2.86675e-46 -7.21284e-36  1.46422e-45  4.56188e-36 -1.20936e-45 -4.73713e-36  5.40365e-45  1.52705e-36  2.04238e-44  4.63901e-37 -8.32462e-44  3.37088e-37  7.29833e-44 -1.91069e-36  1.01135e-43  4.23912e-36  -6.8523e-44 -1.95685e-35  1.34191e-44  1.07814e-34  1.55876e-43 -5.45513e-34  1.11475e-43  2.48333e-33  4.61999e-43  -1.0184e-32 -1.37964e-43  3.76714e-32  5.48009e-43 -1.25758e-31  1.30958e-42  3.78805e-31 -9.16493e-42 -1.02867e-30  5.64395e-41  2.51421e-30 -2.36234e-40 -5.51712e-30   8.7892e-40  1.08308e-29 -2.98597e-39 -1.89287e-29  9.26911e-39  2.92537e-29 -2.63932e-38  -3.9608e-29  6.90573e-38  4.63535e-29 -1.66229e-37 -4.59324e-29  3.68328e-37  3.72098e-29 -7.51289e-37   -2.294e-29  1.40999e-36  8.68342e-30  -2.4324e-36  5.60893e-31  3.85129e-36 -3.40727e-30 -5.58511e-36  2.19175e-30  7.39822e-36 -3.03117e-31 -8.92021e-36  -4.6425e-31  9.74615e-36   2.9308e-31 -9.59411e-36  1.54376e-33  8.44543e-36 -6.80678e-32 -6.58078e-36  1.78014e-32  4.47462e-36  9.41881e-33 -2.59815e-36 -4.44824e-33  1.24227e-36 -1.33425e-33 -4.54619e-37  1.03088e-33  1.02987e-37 -5.24994e-35  2.32893e-39 -6.69679e-36  -1.1289e-38 -5.77094e-35  1.78329e-39  2.79419e-35  2.72406e-39 -5.45073e-36 -2.37132e-39  1.57722e-36  1.02481e-39 -6.06743e-37 -2.69203e-40  8.04289e-38  4.18029e-41  7.35764e-39 -5.52926e-42 -3.41723e-39  2.88503e-42  1.03184e-39 -1.50788e-42 -2.39368e-40  4.47645e-43  2.66222e-41 -7.84423e-44 -1.46756e-42  7.93919e-45  1.58294e-44 -4.02812e-46  6.43054e-45  5.69454e-48 -3.15025e-46   1.0274e-49
  3.3511e-50  1.46512e-34  5.47724e-49 -1.19018e-34 -3.06502e-48  8.68176e-35 -5.11919e-47 -5.99656e-35  6.59443e-47   1.5416e-35 -3.00179e-45  6.96646e-36  1.39639e-44 -1.97918e-36 -1.16127e-44 -1.93619e-36  4.04598e-44 -1.46477e-36  1.47738e-43  1.85174e-36  -5.5514e-43  3.19853e-36  4.70015e-43 -2.05311e-35  8.74953e-43  1.19292e-34 -5.66183e-43 -7.01233e-34  -5.2946e-43  3.74672e-33  1.02935e-42 -1.79975e-32   1.9136e-42  7.78296e-32  4.14525e-42 -3.03463e-31 -4.02116e-42  1.06772e-30  1.13582e-41 -3.39055e-30 -1.46857e-41   9.7123e-30 -9.89364e-42 -2.50655e-29  3.21981e-40  5.81626e-29   -1.852e-39 -1.20983e-28  8.09123e-39   2.2465e-28 -3.00609e-38 -3.70257e-28  9.83695e-38  5.37397e-28 -2.88721e-37 -6.79277e-28  7.67451e-37  7.35531e-28 -1.85802e-36 -6.64479e-28  4.11082e-36  4.77101e-28 -8.32678e-36 -2.42663e-28  1.54525e-35  5.13222e-29 -2.62672e-35  4.25181e-29  4.08598e-35 -4.87773e-29 -5.80626e-35  1.85671e-29  7.51819e-35  3.81919e-30 -8.84001e-35 -7.04496e-30  9.39586e-35  1.99669e-30 -8.97336e-35  9.82494e-31  7.63869e-35 -7.34533e-31 -5.73203e-35 -2.78257e-32  3.73094e-35  1.43995e-31 -2.05341e-35 -1.39074e-32   9.1254e-36 -2.31793e-32 -2.94277e-36  4.94342e-33  4.36987e-37  1.74246e-33  1.73697e-37  1.06373e-34 -1.38184e-37 -5.24421e-34  3.07307e-38  1.23545e-34   1.1684e-38 -1.25199e-35 -1.21407e-38  1.04437e-35  4.71102e-39 -3.42741e-36 -8.67439e-40  1.73403e-37  -2.6379e-41   3.0002e-38  4.85191e-41 -5.41763e-39 -5.38825e-42   3.8033e-39 -2.67889e-42 -7.88587e-40  1.13077e-42  6.19665e-41 -1.96348e-43 -3.68686e-42  1.73767e-44  5.38087e-44 -6.88994e-46  1.32916e-44  6.15506e-48 -3.05495e-46
-4.68183e-35  5.47724e-49  2.30114e-34  6.12945e-48 -2.24251e-34 -2.20233e-47  1.46466e-34  -5.5617e-46 -5.14626e-35  5.27839e-46 -2.60263e-35 -2.03743e-44  3.75405e-35  9.01898e-44 -1.42554e-35  -7.8499e-44  5.98027e-36  2.03242e-43 -7.42979e-36  7.49047e-43 -4.24443e-36 -2.58686e-42  7.06583e-35  2.13872e-42 -4.95774e-34  5.20563e-42  3.11432e-33 -3.42775e-42 -1.76001e-32 -4.57723e-42  8.92673e-32  4.82077e-42 -4.07223e-31  1.04738e-41  1.67394e-30     3.73e-41 -6.20764e-30 -8.46072e-41  2.07782e-29  2.81209e-40 -6.27638e-29 -8.29504e-40  1.70946e-28  2.19564e-39  -4.1913e-28 -4.26796e-39  9.22783e-28  3.54802e-39 -1.81791e-27  1.96781e-38  3.18896e-27 -1.38712e-37 -4.94791e-27  5.74317e-37  6.72741e-27 -1.89393e-36  -7.9086e-27  5.36306e-36  7.87486e-27  -1.3439e-35  -6.4135e-27  3.02415e-35   3.9783e-27   -6.159e-35  -1.5188e-27  1.13997e-34 -9.27767e-29 -1.92126e-34  5.98047e-28  2.94948e-34 -3.89284e-28 -4.12085e-34   5.5831e-29  5.22927e-34  8.23931e-29 -6.00806e-34 -5.30333e-29  6.22186e-34  5.87946e-32 -5.77203e-34  1.23456e-29  4.75646e-34 -3.30396e-30  -3.4402e-34 -1.76449e-30  2.14504e-34  8.96887e-31 -1.11948e-34  1.91384e-31  4.61854e-35 -1.58014e-31 -1.29438e-35 -1.30055e-32  7.82128e-37    1.513e-32  1.47815e-36  4.22731e-33 -8.51882e-37 -2.60554e-33  1.79671e-37  7.51928e-35  4.78849e-38 -2.12298e-35 -5.01974e-38  5.90972e-35    1.738e-38 -9.54458e-36 -2.23924e-39 -4.15162e-37 -5.44909e-40 -6.17265e-38  2.99454e-40  1.69297e-39 -4.89053e-41  1.21291e-38 -1.48785e-42 -1.45051e-39  1.94597e-42  8.44445e-41 -3.29821e-43 -8.30759e-42  2.43372e-44  2.85466e-44 -6.91371e-46   1.6193e-44  3.31797e-48
-2.36551e-49 -1.19018e-34  6.12945e-48  3.54129e-34  4.89944e-47 -3.44405e-34 -7.32485e-47  1.82787e-34 -4.48725e-45  7.07362e-37  2.50805e-45 -8.93411e-35 -1.03292e-43   6.5057e-35  4.58252e-43 -2.20463e-35 -4.25321e-43  1.26508e-35  7.82935e-43  9.84361e-36  3.17821e-42 -2.10237e-34 -9.81557e-42  1.62795e-33  7.93877e-42 -1.09107e-32   2.4654e-41  6.52685e-32 -1.63095e-41 -3.49777e-31 -2.36772e-41  1.68397e-30  2.63056e-41 -7.29975e-30 -3.46949e-42  2.85346e-29  4.01631e-40 -1.00668e-28 -1.33801e-39  3.20581e-28  4.75531e-39 -9.21073e-28 -1.55143e-38  2.38466e-27  4.59232e-38 -5.55204e-27 -1.19398e-37  1.15898e-26  2.65992e-37 -2.16021e-26 -4.65328e-37  3.57464e-26  4.37479e-37 -5.21045e-26  9.27706e-37  6.61621e-26 -6.81591e-36 -7.19949e-26  2.46825e-35  6.53919e-26 -6.92418e-35 -4.72398e-26  1.65052e-34  2.42124e-26  -3.4601e-34 -5.21212e-27  6.48137e-34 -4.23071e-27 -1.09341e-33  4.93174e-27  1.66738e-33 -1.90904e-27 -2.30089e-33 -3.75502e-28  2.87084e-33  7.23412e-28  -3.2307e-33 -2.10809e-28   3.2656e-33  -1.0037e-28 -2.94678e-33  7.75383e-29  2.35311e-33  2.34754e-30 -1.64167e-33  -1.5441e-29  9.81061e-34  1.82556e-30 -4.85481e-34   2.2971e-30  1.85489e-34 -4.27616e-31 -4.41536e-35 -2.68047e-31 -2.13747e-36  3.59765e-32  7.84855e-36  3.63217e-32 -3.74539e-36 -5.38503e-33  6.99541e-37 -1.53488e-33  1.92741e-37 -3.48347e-34 -1.78756e-37  2.26119e-34  5.58864e-38 -2.12873e-36  -5.6413e-39 -1.71804e-36 -2.10629e-39 -8.73704e-37  9.56077e-40 -4.16083e-38  -1.5616e-40  2.88296e-38  3.81188e-42 -9.70191e-40  2.69482e-42   1.3701e-40 -4.27196e-43  -1.4609e-41  2.44769e-44 -1.89381e-43 -4.28504e-46  9.10796e-45
 2.26809e-35 -3.06502e-48 -2.24251e-34  4.89944e-47  5.13984e-34  2.86326e-46 -4.72917e-34  2.88913e-46  1.93148e-34 -2.88684e-44  7.99153e-35  4.34148e-45 -1.43014e-34 -4.10625e-43  7.03774e-35  1.95228e-42 -1.41013e-35 -1.92808e-42 -4.14841e-35    2.394e-42  5.42293e-34  1.23865e-41 -4.48654e-33  -3.2333e-41  3.19628e-32  2.54465e-41 -2.02581e-31  9.83885e-41  1.14792e-30 -6.06929e-41 -5.83569e-30 -1.09579e-40  2.66861e-29  2.26599e-40 -1.09978e-28  -7.1018e-40   4.0895e-28  4.44989e-39 -1.37276e-27 -1.66012e-38  4.15924e-27  5.94554e-38 -1.13646e-26 -1.95681e-37  2.79589e-26  5.87819e-37 -6.17777e-26 -1.59661e-36  1.22169e-25  3.88889e-36 -2.15177e-25 -8.33498e-36  3.35308e-25  1.51108e-35 -4.58013e-25  -2.0784e-35  5.41118e-25  1.15954e-35 -5.41746e-25  4.84831e-35  4.43907e-25 -2.33627e-34 -2.77366e-25  6.68671e-34  1.07071e-25 -1.52328e-33  5.88011e-27  2.96961e-33 -4.20908e-26 -5.09564e-33  2.78207e-26  7.79531e-33  -4.1832e-27 -1.06928e-32 -5.85821e-27  1.31745e-32  3.86564e-27 -1.45652e-32 -3.69848e-29  1.44007e-32 -9.01646e-28 -1.26592e-32  2.52096e-28   9.8065e-33  1.28072e-28 -6.60439e-33 -6.86063e-29  3.78426e-33 -1.30975e-29 -1.77512e-33  1.15957e-29  6.26004e-34  1.23933e-30 -1.22041e-34 -1.40754e-30 -2.40566e-35 -1.89793e-31  3.18217e-35   1.4887e-31 -1.31717e-35  1.49775e-32  2.12813e-36 -5.80892e-33  6.85042e-37 -2.74869e-33 -5.44953e-37  4.13103e-34    1.556e-37  7.47831e-35 -1.37513e-38  7.00484e-36 -5.41536e-39 -2.69307e-36  2.20764e-39  -3.7439e-37 -3.36786e-40  3.03356e-38  1.21071e-41  1.28728e-39  3.27592e-42  3.61132e-40 -4.48753e-43  -1.2448e-41  1.79388e-44 -3.34903e-43 -1.40343e-46
-2.98496e-48  8.68176e-35 -2.20233e-47 -3.44405e-34  2.86326e-46  6.95358e-34  1.22228e-45  -5.9413e-34  6.03824e-45  1.80615e-34 -1.54515e-43  1.57056e-34 -4.08482e-44 -1.64271e-34 -1.28633e-42  4.38088e-35  7.22895e-42  1.17509e-34 -7.44003e-42 -1.22993e-33  5.62119e-42  1.06686e-32  4.65801e-41  -8.0821e-32 -9.54267e-41  5.43199e-31  7.31994e-41 -3.25741e-30  3.37131e-40   1.7497e-29 -1.49173e-40 -8.44439e-29 -6.32346e-40  3.66998e-28  2.30417e-39 -1.43852e-27 -9.68153e-39  5.08965e-27   4.4728e-38 -1.62578e-26 -1.69243e-37  4.68623e-26  5.96672e-37 -1.21743e-25 -1.93479e-36  2.84476e-25  5.75262e-36 -5.96134e-25 -1.56259e-35  1.11568e-24  3.86132e-35 -1.85426e-24 -8.61228e-35  2.71545e-24  1.71005e-34 -3.46543e-24 -2.94281e-34  3.79161e-24  4.12152e-34 -3.46482e-24 -3.76663e-34  2.52069e-24 -1.41388e-34   -1.304e-24  1.70803e-33  2.87519e-25 -5.08617e-33  2.25593e-25  1.10202e-32 -2.68669e-25 -1.98281e-32  1.06204e-25  3.09272e-32  1.95889e-26 -4.25704e-32 -4.00397e-26  5.20994e-32  1.20829e-26 -5.68027e-32  5.48916e-27  5.50738e-32 -4.42708e-27 -4.72461e-32 -8.01814e-29  3.55478e-32  8.81388e-28 -2.31287e-32 -1.15927e-28   1.2712e-32  -1.3054e-28 -5.65034e-33  2.53009e-29   1.8319e-33  1.64083e-29 -2.75562e-34 -2.88473e-30 -1.17745e-34 -1.85489e-30  1.06283e-34  2.16668e-31 -3.90693e-35  1.40564e-31  5.41165e-36  4.51725e-33  2.06565e-36 -1.01872e-32 -1.42238e-36 -5.11423e-34  3.72494e-37  1.95581e-34 -3.01053e-38  5.70948e-35 -1.10617e-38 -1.17751e-36  4.08812e-39 -1.05066e-36 -5.61493e-40 -4.51503e-38  1.90472e-41   5.7084e-40  3.67525e-42  6.45166e-40 -3.90026e-43  3.42548e-42  9.20917e-45 -1.05116e-43
-3.49275e-35 -5.11919e-47  1.46466e-34 -7.32485e-47 -4.72917e-34  1.22228e-45  8.71525e-34  3.48175e-45 -6.88488e-34  5.00082e-44  1.56167e-34 -7.08695e-43  2.09315e-34 -4.81417e-43 -1.41898e-34 -2.99951e-42 -1.93917e-34  2.38015e-41  2.43146e-33 -2.45702e-41 -2.23032e-32  8.00436e-42   1.7985e-31  1.70608e-40 -1.28346e-30 -2.56466e-40  8.15289e-30  2.02196e-40 -4.63061e-29  9.59504e-40  2.35985e-28  1.61677e-40 -1.08195e-27 -4.83544e-39  4.47119e-27  2.17995e-38 -1.66744e-26 -9.46839e-38  5.61454e-26  3.95186e-37 -1.70667e-25 -1.46899e-36   4.6794e-25  5.04973e-36 -1.15543e-24 -1.59907e-35  2.56297e-24   4.6585e-35 -5.08941e-24 -1.24634e-34  9.00356e-24   3.0544e-34 -1.40963e-23 -6.82699e-34  1.93525e-23  1.38188e-33 -2.29898e-23 -2.50279e-33  2.31561e-23  3.96624e-33 -1.91051e-23 -5.23781e-33  1.20388e-23  4.97958e-33 -4.71134e-24 -8.22074e-34 -2.16896e-25 -1.04128e-32  1.83908e-24  3.17249e-32 -1.23885e-24 -6.42032e-32  1.97269e-25  1.05181e-31  2.58278e-25 -1.47469e-31 -1.75787e-25  1.80774e-31  3.64196e-27 -1.95344e-31  4.09107e-26  1.86319e-31 -1.20526e-26 -1.56301e-31  -5.7328e-27  1.14374e-31  3.25248e-27 -7.19542e-32  5.70761e-28  3.79506e-32 -5.52122e-28  -1.5979e-32 -5.44104e-29  4.74187e-33  7.01924e-29 -4.93599e-34  7.13316e-30 -4.23258e-34 -6.76493e-30  3.03815e-34  -9.1717e-31 -1.00584e-34    3.945e-31  1.18965e-35  1.05247e-31  5.30615e-36 -1.51693e-32  -3.2054e-36 -4.91235e-33  7.68634e-37 -1.88584e-34 -5.64459e-38  1.44398e-34 -1.92921e-38  1.46625e-35  6.37357e-39 -7.94172e-37 -7.64473e-40 -1.83259e-37  1.98535e-41  -9.9384e-39  3.84094e-42  4.39607e-40 -2.81175e-43  1.26002e-41  2.94439e-45
 4.43223e-48 -5.99656e-35  -5.5617e-46  1.82787e-34  2.88913e-46  -5.9413e-34  3.48175e-45  1.01999e-33  2.76654e-45 -7.53261e-34  2.96627e-43   1.3827e-34 -2.84955e-42   2.0963e-34 -3.10092e-42   2.1481e-34 -3.72425e-42 -4.17755e-33  7.07519e-41  4.14792e-32  -6.9062e-41 -3.56884e-31 -8.83719e-42  2.70813e-30  6.00314e-40 -1.82431e-29 -6.40854e-40  1.09655e-28  6.38085e-40 -5.90465e-28    1.767e-39  2.85716e-27  5.94522e-39 -1.24518e-26 -3.97117e-38  4.89503e-26  1.83288e-37  -1.7373e-25 -7.79113e-37  5.56771e-25  3.08277e-36 -1.61046e-24 -1.11367e-35  4.19924e-24  3.71621e-35 -9.85086e-24 -1.14427e-34   2.0729e-23  3.24941e-34 -3.89674e-23 -8.50151e-34  6.50715e-23  2.04579e-33 -9.57794e-23 -4.51519e-33  1.22908e-22  9.09935e-33  -1.3529e-22 -1.66266e-32  1.24469e-22  2.72251e-32 -9.12795e-23 -3.91082e-32  4.77387e-23   4.7111e-32 -1.08472e-23 -4.18449e-32 -8.11282e-24  1.08192e-32  9.93051e-24   5.7393e-32 -4.02587e-24 -1.66384e-31 -6.79964e-25  3.05381e-31  1.50382e-24 -4.47515e-31 -4.73286e-25  5.56385e-31 -2.01973e-25 -5.99936e-31  1.71824e-25  5.65134e-31  6.33157e-28 -4.64711e-31  -3.4126e-26  3.31215e-31  4.99137e-27 -2.01663e-31  5.07785e-27  1.02115e-31 -1.07442e-27 -4.07164e-32 -6.47624e-28  1.10082e-32  1.29377e-28 -6.13525e-34  7.18176e-29 -1.24837e-33 -8.78988e-30  7.60269e-34 -6.20088e-30 -2.28676e-34  4.81445e-32  2.30079e-35  3.85099e-31  1.17864e-35  2.84425e-32 -6.30256e-36 -1.05346e-32   1.3762e-36 -2.22421e-33 -8.88531e-38  7.07824e-35 -2.97956e-38  4.23755e-35  8.59074e-39  2.63772e-36 -8.73257e-40 -1.43432e-37  1.32029e-41 -2.17632e-38  3.63789e-42  -2.9582e-40 -1.64741e-43  2.97419e-42
 2.17356e-35  6.59443e-47 -5.14626e-35 -4.48725e-45  1.93148e-34  6.03824e-45 -6.88488e-34  2.76654e-45  1.14126e-33 -3.99349e-44 -8.05868e-34  1.42364e-42   1.7065e-34 -1.02337e-41 -2.82999e-34 -1.51649e-41  6.37859e-33  8.54561e-42  -6.9221e-32  1.91837e-40  6.37429e-31 -1.60985e-40 -5.15176e-30 -1.23168e-40  3.68496e-29  2.00269e-39 -2.34632e-28   -1.608e-39  1.33596e-27  2.90326e-39 -6.82626e-27 -3.61536e-39  3.13844e-26  5.89853e-38  -1.3008e-25 -3.07365e-37  4.86623e-25  1.37727e-36 -1.64396e-24 -5.65772e-36  5.01473e-24   2.1487e-35 -1.38007e-23 -7.51199e-35  3.42112e-23  2.42732e-34 -7.62058e-23 -7.24874e-34  1.52002e-22  2.00023e-33 -2.70189e-22 -5.09694e-33  4.25188e-22   1.1979e-32 -5.86961e-22 -2.59136e-32  7.01493e-22  5.14362e-32 -7.11309e-22 -9.32294e-32  5.91407e-22  1.53152e-31 -3.76289e-22 -2.25229e-31  1.49681e-22  2.89986e-31  5.15309e-24 -3.11759e-31 -5.76901e-23  2.43958e-31  3.97595e-23 -4.54816e-32 -6.76497e-24 -2.94788e-31 -8.16153e-24  7.36861e-31  5.76688e-24 -1.18768e-30 -1.99174e-25   1.5278e-30 -1.33338e-24 -1.65949e-30  4.16891e-25  1.55164e-30  1.83528e-25 -1.25424e-30 -1.11432e-25  8.72146e-31 -1.75933e-26 -5.14403e-31   1.9074e-26  2.50189e-31   1.5771e-27 -9.44516e-32 -2.46323e-27  2.31511e-32 -2.06663e-28 -1.19645e-34  2.38261e-28 -3.16348e-33  3.11442e-29  1.69047e-33  -1.5368e-29 -4.64371e-34 -3.38131e-30  3.95202e-35  5.29605e-31  2.29524e-35  1.91243e-31 -1.09104e-35  2.83536e-33  2.15138e-36 -5.29243e-33 -1.15779e-37 -5.19939e-34 -4.14589e-38  3.12038e-35   1.0156e-38   7.6515e-36 -8.47861e-40  2.77417e-37  2.57492e-42 -1.30858e-38  2.97135e-42 -5.87844e-40 -7.09223e-44
-2.86675e-46   1.5416e-35  5.27839e-46  7.07362e-37 -2.88684e-44  1.80615e-34  5.00082e-44 -7.53261e-34 -3.99349e-44  1.25397e-33 -3.26136e-43 -8.99965e-34  5.82582e-42  8.36322e-34 -3.33453e-41 -8.92862e-33  -6.1611e-41  1.04456e-31  8.09422e-41 -1.03178e-30  4.77571e-40  8.89786e-30 -2.84244e-40 -6.76745e-29 -6.13845e-40  4.56967e-28  6.36447e-39 -2.75358e-27 -5.04706e-39  1.48666e-26  1.81977e-38 -7.21384e-26  -7.1731e-38   3.1532e-25  4.57595e-37 -1.24347e-24 -2.17456e-36  4.42794e-24   9.3607e-36 -1.42407e-23 -3.70384e-35  4.13454e-23  1.35397e-34 -1.08236e-22 -4.57138e-34   2.5498e-22  1.42801e-33 -5.38966e-22 -4.12837e-33  1.01804e-21  1.10457e-32 -1.70878e-21 -2.73397e-32  2.52912e-21  6.25436e-32 -3.26504e-21 -1.32033e-31  3.61787e-21   2.5659e-31 -3.35357e-21 -4.57389e-31  2.48154e-21  7.43812e-31 -1.31427e-21 -1.09427e-30  3.09518e-22  1.43634e-30  2.17485e-22 -1.64011e-30 -2.75464e-22  1.54131e-30  1.15027e-22 -1.00174e-30  1.72638e-23 -8.59606e-33 -4.23828e-23  1.34951e-30  1.40045e-23 -2.71817e-30  5.52372e-24  3.74712e-30 -5.01472e-24 -4.15727e-30  6.53274e-26  3.88358e-30  9.92269e-25 -3.09634e-30 -1.62884e-25  2.10442e-30 -1.47969e-25 -1.20356e-30  3.46701e-26  5.62499e-31  1.89788e-26 -2.01018e-31 -4.26361e-27  4.44367e-32 -2.13435e-27   2.1251e-33  3.01002e-28 -7.06225e-33  1.92979e-28  3.37563e-33  -5.3473e-30 -8.49359e-34 -1.19309e-29  6.07161e-35 -8.63512e-31   3.9546e-35  3.73535e-31  -1.6726e-35  6.71799e-32   2.9462e-36 -2.79355e-33 -1.21273e-37 -1.41522e-33 -5.21791e-38 -8.21602e-35  1.05887e-38  5.82163e-36 -7.01665e-40  6.81587e-37 -6.30409e-42  1.19108e-38  1.94839e-42 -1.57606e-40
-7.21284e-36 -3.00179e-45 -2.60263e-35  2.50805e-45  7.99153e-35 -1.54515e-43  1.56167e-34  2.96627e-43 -8.05868e-34 -3.26136e-43  1.40918e-33 -1.68544e-42 -1.71696e-33  2.09284e-41  1.18366e-32   -9.985e-41 -1.43408e-31 -2.16907e-40  1.52127e-30  3.61285e-40 -1.40261e-29  1.09422e-39  1.13613e-28 -2.16467e-40 -8.14584e-28 -2.46564e-39  5.19971e-27  2.00168e-38  -2.9685e-26 -2.42534e-38  1.52106e-25  1.24957e-37 -7.01406e-25 -6.01807e-37  2.91632e-24  3.13139e-36 -1.09464e-23 -1.40844e-35  3.71113e-23   5.8167e-35  -1.1363e-22 -2.21416e-34  3.13964e-22  7.79231e-34 -7.81606e-22 -2.53725e-33  1.74891e-21  7.65203e-33 -3.50525e-21 -2.13838e-32   6.2629e-21  5.53783e-32 -9.91051e-21  -1.3287e-31  1.37636e-20  2.95148e-31 -1.65578e-20 -6.06224e-31  1.69135e-20   1.1491e-30 -1.41834e-20 -2.00427e-30  9.12347e-21  3.20314e-30 -3.69847e-21 -4.66079e-30 -7.43875e-23   6.1141e-30  1.39906e-21 -7.11312e-30 -9.90579e-22  7.11508e-30  1.81464e-22 -5.69162e-30  1.98941e-22  2.78266e-30 -1.46971e-22  1.14135e-30  7.49416e-24 -5.14763e-30  3.36166e-23   8.1704e-30 -1.12361e-23 -9.46083e-30  -4.5172e-24  8.90745e-30  2.97204e-24 -7.03342e-30  4.07739e-25  4.68162e-30  -5.1196e-25 -2.59875e-30 -3.27513e-26  1.16752e-30  6.69373e-26 -3.94842e-31   4.4507e-27  7.82649e-32 -6.61554e-27  8.11276e-33 -7.64104e-28 -1.41114e-32  4.47091e-28   6.1033e-33  8.78807e-29 -1.40907e-33 -1.59806e-29  8.43673e-35 -5.45084e-30  6.04805e-35  2.37934e-33 -2.27389e-35  1.54482e-31  3.52771e-36  1.42978e-32 -9.35001e-38 -1.06953e-33 -5.90344e-38 -2.27412e-34  9.70304e-39 -7.24072e-36 -4.90963e-40  4.04121e-37 -9.60737e-42  1.94062e-38  8.84399e-43
 1.46422e-45  6.96646e-36 -2.03743e-44 -8.93411e-35  4.34148e-45  1.57056e-34 -7.08695e-43   1.3827e-34  1.42364e-42 -8.99965e-34 -1.68544e-42  2.31615e-33 -7.10067e-42 -1.44214e-32  6.71955e-41   1.7995e-31  -2.7743e-40 -2.05081e-30 -6.78842e-40  2.02593e-29  1.25256e-39 -1.75083e-28  2.29033e-39  1.33478e-27   1.1025e-39 -9.03572e-27 -9.73008e-39  5.45924e-26  6.78686e-38 -2.95577e-25  -1.5167e-37  1.43855e-24  8.34409e-37 -6.30788e-24 -4.11279e-36   2.4959e-23  1.95823e-35 -8.91943e-23  -8.4163e-35  2.87944e-22  3.33472e-34  -8.3935e-22  -1.2202e-33  2.20667e-21  4.13167e-33 -5.22203e-21 -1.29592e-32  1.10916e-20   3.7686e-32 -2.10592e-20 -1.01658e-31  3.55446e-20  2.54425e-31 -5.29252e-20   -5.907e-31  6.87736e-20  1.27156e-30 -7.67601e-20 -2.53527e-30   7.1743e-20  4.67438e-30  -5.3622e-20 -7.95028e-30  2.88075e-20  1.24298e-29  -7.0689e-21 -1.77722e-29 -4.59593e-21  2.30609e-29  6.07023e-21 -2.68313e-29 -2.62224e-21  2.74197e-29 -3.35952e-22 -2.36194e-29   9.4859e-22  1.53999e-29 -3.31185e-22 -4.27379e-30 -1.18622e-22 -7.03564e-30  1.16505e-22  1.56118e-29 -3.76044e-24 -1.95697e-29 -2.29188e-23  1.87951e-29  4.25418e-24 -1.47709e-29  3.41258e-24  9.65013e-30 -8.93723e-25 -5.20385e-30 -4.39528e-25  2.24776e-30  1.11962e-25 -7.19034e-31  5.03874e-26  1.26933e-31  -8.3675e-27  2.07174e-32 -4.70996e-27 -2.55221e-32  2.17592e-28  1.00603e-32  3.01183e-28 -2.13516e-33  1.85698e-29  1.08894e-34 -1.01829e-29  8.17154e-35 -1.63966e-30 -2.72692e-35  9.09357e-32  3.65362e-36  3.77016e-32 -3.41497e-38  1.94728e-33 -5.91146e-38 -1.72904e-34  7.70197e-39 -1.83164e-35 -2.83901e-40  -2.9899e-37 -7.60031e-42  5.45284e-39
 4.56188e-36  1.39639e-44  3.75405e-35 -1.03292e-43 -1.43014e-34 -4.08482e-44  2.09315e-34 -2.84955e-42   1.7065e-34  5.82582e-42 -1.71696e-33 -7.10067e-42  1.56692e-32 -2.62664e-41 -2.06466e-31  1.94977e-40  2.53452e-30 -7.19459e-40 -2.68923e-29 -1.92372e-39  2.48456e-28  3.75801e-39 -2.01728e-27  4.17923e-39     1.45e-26   8.2764e-39 -9.28049e-26 -4.31056e-38  5.31322e-25  2.74346e-37 -2.73068e-24   -9.844e-37  1.26321e-23  5.25424e-36 -5.26992e-23 -2.52752e-35  1.98514e-22  1.13611e-34 -6.75575e-22 -4.67663e-34  2.07687e-21  1.77753e-33 -5.76304e-21 -6.24737e-33  1.44124e-20  2.03362e-32 -3.24056e-20 -6.13753e-32  6.52866e-20  1.71885e-31 -1.17299e-19 -4.46938e-31  1.86731e-19  1.07932e-30 -2.61024e-19 -2.42073e-30  3.16274e-19  5.04049e-30 -3.25681e-19 -9.73595e-30  2.75702e-19   1.7421e-29 -1.79525e-19 -2.88176e-29   7.4357e-20  4.39359e-29  2.34825e-22 -6.14694e-29 -2.74313e-20  7.84172e-29  2.00416e-20 -9.03457e-29 -3.97722e-21  9.25645e-29 -3.90937e-21 -8.20334e-29  3.04327e-21  5.92106e-29 -2.13318e-22  -2.8719e-29 -6.85535e-22 -1.92447e-30  2.46785e-22  2.52075e-29  8.91576e-23 -3.67025e-29 -6.45016e-23  3.65871e-29  -7.3285e-24 -2.87927e-29  1.11589e-23   1.8507e-29  4.77787e-25 -9.70269e-30 -1.47736e-24   4.0292e-30 -6.91668e-26 -1.21813e-30  1.49586e-25  1.89845e-31   1.4503e-26  4.33531e-32 -1.05133e-26 -4.21494e-32 -1.85142e-27  1.52163e-32  4.02525e-28 -2.98105e-33  1.23834e-28  1.38512e-34 -1.88815e-30   9.5763e-35 -3.70957e-30 -2.83559e-35 -3.11924e-31  3.18085e-36  2.95384e-32  3.78264e-38  5.47901e-33 -5.09328e-38  1.53506e-34  5.13436e-39  -1.1088e-35 -1.30041e-40 -4.86277e-37 -3.48131e-42
-1.20936e-45 -1.97918e-36  9.01898e-44   6.5057e-35 -4.10625e-43 -1.64271e-34 -4.81417e-43   2.0963e-34 -1.02337e-41  8.36322e-34  2.09284e-41 -1.44214e-32 -2.62664e-41  2.16421e-31 -8.79279e-41  -2.8764e-30  5.14314e-40  3.28754e-29  -1.7442e-39  -3.2545e-28 -5.01741e-39  2.81922e-27  1.03073e-38 -2.15473e-26  4.94471e-39  1.46254e-25  4.37831e-38 -8.86156e-25 -2.23004e-37  4.81233e-24  1.34113e-36  -2.3496e-23 -6.11343e-36  1.03377e-22  3.11021e-35  -4.1051e-22 -1.44005e-34   1.4726e-21  6.16944e-34 -4.77321e-21  -2.4332e-33  1.39737e-20  8.86893e-33 -3.69052e-20 -2.99187e-32  8.77611e-20  9.35404e-32 -1.87375e-19 -2.71332e-31  3.57748e-19  7.30845e-31 -6.07447e-19 -1.82914e-30  9.10362e-19  4.25541e-30  -1.1914e-18 -9.20379e-30  1.34029e-18   1.8503e-29 -1.26409e-18 -3.45551e-29  9.55328e-19  5.98826e-29 -5.21506e-19 -9.61264e-29  1.33965e-19  1.42559e-28  7.92925e-20 -1.94577e-28 -1.10208e-19  2.43069e-28  4.94651e-20 -2.75664e-28  5.10254e-21  2.80297e-28 -1.74813e-20 -2.50261e-28  6.48857e-21  1.88477e-28  2.06796e-21 -1.08242e-28 -2.23439e-21  2.90804e-29   1.2128e-22  3.08632e-29  4.35738e-22 -6.19686e-29 -9.19786e-23  6.58281e-29 -6.45325e-23 -5.22702e-29  1.90653e-23  3.31387e-29  8.33253e-24 -1.69011e-29 -2.43411e-24  6.74483e-30  -9.7458e-25 -1.92437e-30  1.92273e-25  2.61478e-31  9.43037e-26  7.92591e-32 -6.36478e-27 -6.40644e-32 -6.30354e-27  2.12741e-32 -2.97956e-28 -3.88477e-33  2.27575e-28  1.90198e-34  3.29398e-29  9.25735e-35 -2.43129e-30 -2.44601e-35 -8.27653e-31  2.15838e-36 -3.71013e-32  9.23376e-38  4.26951e-33  -3.5763e-38  4.08773e-34  2.70961e-39  5.62567e-36 -4.46026e-41  -1.4126e-37
-4.73713e-36 -1.16127e-44 -1.42554e-35  4.58252e-43  7.03774e-35 -1.28633e-42 -1.41898e-34 -3.10092e-42 -2.82999e-34 -3.33453e-41  1.18366e-32  6.71955e-41 -2.06466e-31 -8.79279e-41  3.00033e-30 -2.69606e-40 -3.70663e-29  1.23465e-39  3.94193e-28 -3.93642e-39 -3.65057e-27 -1.22963e-38   2.9715e-26  2.74082e-38 -2.14163e-25 -1.13746e-38  1.37462e-24  2.32259e-37 -7.89368e-24 -1.26742e-36  4.06988e-23  7.28184e-36 -1.88912e-22 -3.58166e-35  7.90956e-22  1.73605e-34 -2.99086e-21 -7.70473e-34  1.02197e-20  3.15569e-33 -3.15532e-20  -1.1924e-32  8.79581e-20  4.16648e-32 -2.21043e-19 -1.34816e-31  4.99601e-19  4.04482e-31 -1.01215e-18 -1.12641e-30  1.82942e-18  2.91425e-30  -2.9312e-18 -7.00963e-30  4.12636e-18  1.56832e-29  -5.0388e-18 -3.26496e-29  5.23444e-18  6.32471e-29 -4.47734e-18 -1.13967e-28  2.95515e-18  1.90874e-28 -1.25372e-18   -2.967e-28  2.04838e-20  4.27073e-28  4.47986e-19 -5.67307e-28 -3.39359e-19  6.92006e-28  7.33033e-20 -7.69564e-28  6.37487e-20  7.71895e-28 -5.27561e-20 -6.86555e-28  4.84881e-21  5.25469e-28   1.1646e-20 -3.24309e-28 -4.54991e-21  1.30575e-28 -1.44867e-21  1.48102e-29  1.17308e-21 -9.27209e-29  1.02442e-22  1.09582e-28 -2.03469e-22 -8.86377e-29 -3.86387e-24  5.55748e-29  2.72766e-23 -2.75813e-29  6.65803e-25  1.05683e-29 -2.83127e-24 -2.83867e-30 -2.15513e-25  3.29555e-31  2.07067e-25  1.30724e-31  3.20811e-26 -9.03816e-32 -8.53412e-27   2.7772e-32 -2.33277e-27 -4.82251e-33  7.53228e-29  2.98461e-34  7.48685e-29  6.23073e-35   5.5523e-30 -1.52734e-35 -6.79385e-31  8.52236e-37 -1.10679e-31  1.02857e-37  -2.5641e-33 -1.78842e-38  2.55637e-34  1.00385e-39  1.00296e-35 -1.12945e-41
 5.40365e-45 -1.93619e-36  -7.8499e-44 -2.20463e-35  1.95228e-42  4.38088e-35 -2.99951e-42   2.1481e-34 -1.51649e-41 -8.92862e-33   -9.985e-41   1.7995e-31  1.94977e-40  -2.8764e-30 -2.69606e-40  3.85757e-29 -7.59831e-40 -4.42021e-28  2.68225e-39  4.38625e-27 -8.13367e-39 -3.80925e-26 -2.94848e-38  2.91925e-25  7.81274e-38 -1.98712e-24  -1.5256e-37  1.20765e-23    1.298e-36 -6.57929e-23  -7.3397e-36  3.22325e-22  4.03227e-35 -1.42328e-21 -1.98259e-34  5.67355e-21  9.17199e-34 -2.04354e-20 -3.89769e-33  6.65246e-20  1.52791e-32 -1.95648e-19 -5.53102e-32  5.19249e-19  1.85222e-31 -1.24124e-18 -5.74567e-31  2.66493e-18  1.65296e-30 -5.11856e-18 -4.41481e-30   8.7474e-18  1.09568e-29 -1.32015e-17 -2.52885e-29    1.741e-17  5.43153e-29 -1.97545e-17 -1.08619e-28  1.88165e-17  2.02306e-28 -1.43945e-17 -3.50939e-28  7.99821e-18   5.6674e-28 -2.15965e-18 -8.51158e-28 -1.14314e-18  1.18656e-27  1.69051e-18 -1.53076e-27 -7.91776e-19  1.81924e-27 -5.96887e-20 -1.97859e-27  2.71943e-19  1.95025e-27 -1.07956e-19 -1.71669e-27  -2.9864e-20  1.31692e-27  3.62676e-20 -8.39637e-28 -2.87378e-21  3.92632e-28 -6.98661e-21 -6.17974e-29  1.68519e-21 -1.18621e-28   1.0245e-21  1.68807e-28   -3.449e-22 -1.40796e-28 -1.32245e-22  8.75341e-29  4.48782e-23 -4.22678e-29  1.57905e-23  1.55249e-29 -3.73412e-24    -3.91e-30 -1.58815e-24  3.73655e-31  1.48021e-25  1.98922e-31  1.11574e-25 -1.19676e-31  3.38614e-27  3.43776e-32 -4.30299e-27 -5.87513e-33 -5.53242e-28  5.11876e-34  5.42034e-29 -2.11176e-37  1.53696e-29 -2.28296e-36  5.69985e-31 -3.30118e-37 -8.96517e-32  6.26439e-38  -7.6823e-33 -2.98947e-39 -8.31803e-35  1.89387e-40  3.04348e-36
 1.52705e-36  4.04598e-44  5.98027e-36 -4.25321e-43 -1.41013e-35  7.22895e-42 -1.93917e-34 -3.72425e-42  6.37859e-33  -6.1611e-41 -1.43408e-31  -2.7743e-40  2.53452e-30  5.14314e-40 -3.70663e-29 -7.59831e-40  4.59185e-28 -1.96652e-39 -4.89513e-27  5.15994e-39  4.54483e-26 -1.44554e-38 -3.70939e-25 -7.58139e-38  2.68109e-24  2.73349e-37  -1.7261e-23 -1.08495e-36  9.94397e-23  7.38995e-36  -5.1445e-22 -4.14983e-35  2.39658e-21  2.17909e-34 -1.00728e-20 -1.04038e-33  3.82442e-20    4.601e-33 -1.31247e-19 -1.87223e-32  4.07091e-19  7.02884e-32 -1.14038e-18 -2.43799e-31  2.88085e-18  7.82418e-31 -6.54771e-18 -2.32611e-30  1.33447e-17  6.41324e-30 -2.42755e-17 -1.64137e-29  3.91671e-17  3.90314e-29 -5.55577e-17  -8.6312e-29   6.8416e-17  1.77637e-28 -7.17536e-17 -3.40507e-28  6.20739e-17  6.08311e-28 -4.15838e-17 -1.01326e-27  1.81142e-17  1.57372e-27 -6.92824e-19 -2.27783e-27 -6.22294e-18  3.06825e-27  4.91334e-18 -3.83626e-27 -1.15932e-18   4.4336e-27 -8.79848e-19 -4.70662e-27  7.82064e-19  4.54771e-27 -9.11386e-20 -3.94591e-27 -1.68226e-19  3.01004e-27  7.18971e-20 -1.94367e-27  1.96857e-20  9.74364e-28 -1.82531e-20 -2.69395e-28 -1.06498e-21 -1.17384e-28   3.1688e-21  2.40493e-28 -2.48085e-23 -2.10081e-28 -4.29965e-22  1.29826e-28  4.50812e-25 -6.09438e-29  4.57768e-23   2.1399e-29  2.42052e-24 -5.01871e-30 -3.48936e-24  3.63866e-31 -4.62062e-25  2.85229e-31  1.54774e-25  -1.5117e-31  3.72374e-26  4.13065e-32  -1.9744e-27 -7.26707e-33 -1.29307e-27  8.76429e-34  -8.1524e-29 -9.07066e-35  1.33258e-29  1.13005e-35  1.90706e-30 -1.00695e-36  3.30646e-32 -7.86778e-39 -5.01733e-33  4.81257e-39 -1.76461e-34 -2.05175e-42
 2.04238e-44 -1.46477e-36  2.03242e-43  1.26508e-35 -1.92808e-42  1.17509e-34  2.38015e-41 -4.17755e-33  8.54561e-42  1.04456e-31 -2.16907e-40 -2.05081e-30 -7.19459e-40  3.28754e-29  1.23465e-39 -4.42021e-28 -1.96652e-39  5.07723e-27 -4.65025e-39 -5.05104e-26  8.05114e-39  4.39843e-25 -1.53311e-38 -3.38042e-24 -2.42515e-37  2.30803e-23  1.22834e-36  -1.4072e-22 -6.68468e-36  7.69272e-22  4.13186e-35 -3.78242e-21 -2.25097e-34  1.67663e-20     1.13e-33 -6.71082e-20 -5.18848e-33  2.42766e-19  2.19615e-32 -7.93944e-19 -8.56176e-32  2.34647e-18  3.08035e-31 -6.26016e-18 -1.02415e-30  1.50483e-17  3.15053e-30 -3.25023e-17 -8.97676e-30  6.28295e-17  2.37126e-29 -1.08119e-16 -5.81227e-29  1.64407e-16  1.32308e-28 -2.18622e-16 -2.79953e-28  2.50375e-16  5.51115e-28 -2.41062e-16 -1.01038e-27  1.86878e-16  1.72686e-27 -1.05873e-16 -2.75405e-27  3.01524e-17  4.10139e-27  1.39862e-17 -5.70449e-27 -2.23124e-17  7.40494e-27  1.09526e-17 -8.95297e-27  4.92903e-19  1.00439e-26 -3.63542e-18 -1.03918e-26  1.55286e-18  9.82737e-27  3.60947e-19 -8.38519e-27  -5.0724e-19  6.33096e-27   5.4482e-20 -4.09476e-27  9.61116e-20  2.12283e-27 -2.66153e-20 -7.16938e-28 -1.38739e-20  -5.2418e-29  5.38461e-21  3.16449e-28  1.78242e-21  -2.9535e-28 -7.13855e-22  1.81753e-28 -2.17459e-22 -8.27877e-29   6.2376e-23   2.7665e-29  2.28557e-23 -5.96818e-30 -2.85387e-24  2.58211e-31 -1.69715e-24  3.94626e-31 -1.82241e-26 -1.86515e-31  7.01539e-26  4.96713e-32  7.84676e-27  -9.3283e-33  -1.0274e-27  1.40644e-33 -2.45549e-28 -1.92832e-34 -6.90477e-30  2.14945e-35  1.62231e-30 -1.01378e-36   1.2382e-31 -7.05309e-38  9.23946e-34  5.45925e-39 -5.65589e-35
 4.63901e-37  1.47738e-43 -7.42979e-36  7.82935e-43 -4.14841e-35 -7.44003e-42  2.43146e-33  7.07519e-41  -6.9221e-32  8.09422e-41  1.52127e-30 -6.78842e-40 -2.68923e-29  -1.7442e-39  3.94193e-28  2.68225e-39 -4.89513e-27 -4.65025e-39  5.23173e-26 -9.88322e-39 -4.87046e-25  4.96569e-39  3.98656e-24  4.77303e-38 -2.89019e-23 -1.03546e-36  1.86673e-22  6.40671e-36  -1.0791e-21 -3.82649e-35  5.60303e-21  2.22334e-34 -2.62027e-20 -1.16407e-33  1.10582e-19  5.59067e-33 -4.21682e-19 -2.46232e-32  1.45383e-18  9.98656e-32 -4.53161e-18 -3.73301e-31   1.2761e-17  1.28812e-30 -3.24175e-17 -4.10786e-30  7.41212e-17  1.21193e-29 -1.52035e-16 -3.31058e-29  2.78485e-16  8.37964e-29 -4.52691e-16 -1.96673e-28  6.47408e-16  4.28327e-28 -8.04517e-16 -8.66305e-28  8.52524e-16  1.62873e-27 -7.46643e-16 -2.84983e-27  5.08359e-16  4.64718e-27 -2.27898e-16 -7.07354e-27  1.42251e-17  1.00654e-26  7.46578e-17 -1.34056e-26 -6.17987e-17  1.67162e-26  1.59693e-17 -1.94928e-26  1.04184e-17  2.11874e-26 -1.00702e-17 -2.13387e-26  1.45134e-18  1.97325e-26   2.0966e-18 -1.65366e-26 -9.88712e-19   1.2325e-26 -2.25256e-19 -7.93277e-27  2.46715e-19  4.17232e-27  6.55384e-21 -1.54777e-27 -4.27879e-20  1.24415e-28   1.6289e-21  3.83972e-28  5.87177e-21 -3.92619e-28 -1.76394e-22  2.40709e-28 -6.41591e-22 -1.06008e-28  -1.7217e-23  3.34627e-29  5.10546e-23 -6.48504e-30  5.53288e-24 -2.89956e-33 -2.43546e-24  5.40936e-31 -5.10204e-25 -2.31442e-31  4.03513e-26  6.14739e-32  1.93756e-26 -1.23495e-32  9.80615e-28  2.05347e-33 -2.26297e-28 -2.80513e-34 -2.83945e-29  2.51962e-35 -2.96306e-31 -5.04989e-37  8.53917e-32 -9.33829e-38  2.68995e-33  2.58371e-39
-8.32462e-44  1.85174e-36  7.49047e-43  9.84361e-36    2.394e-42 -1.22993e-33 -2.45702e-41  4.14792e-32  1.91837e-40 -1.03178e-30  3.61285e-40  2.02593e-29 -1.92372e-39  -3.2545e-28 -3.93642e-39  4.38625e-27  5.15994e-39 -5.05104e-26 -9.88322e-39  5.03857e-25 -1.77022e-38 -4.40015e-24 -4.37571e-38  3.39205e-23   5.3845e-37 -2.32346e-22 -5.29645e-36  1.42147e-21   3.4608e-35 -7.79905e-21 -2.06635e-34  3.84954e-20  1.14124e-33 -1.71339e-19 -5.72588e-33  6.88789e-19  2.63343e-32 -2.50327e-18 -1.11242e-31  8.22712e-18  4.32782e-31 -2.44426e-17 -1.55268e-30  6.55761e-17  5.14347e-30 -1.58577e-16 -1.57472e-29  3.44703e-16  4.45918e-29 -6.70936e-16 -1.16861e-28  1.16318e-15  2.83572e-28 -1.78312e-15 -6.37437e-28  2.39238e-15  1.32802e-27 -2.76744e-15 -2.56589e-27  2.69567e-15  4.60173e-27 -2.12014e-15 -7.66999e-27  1.22676e-15  1.19015e-26 -3.69531e-16 -1.72304e-26 -1.46606e-16  2.33338e-26  2.56883e-16 -2.96325e-26 -1.32742e-16  3.53538e-26 -1.61742e-18 -3.96338e-26  4.23185e-17  4.16486e-26 -1.95708e-17 -4.07868e-26  -3.6503e-18  3.68677e-26  6.19454e-18 -3.03372e-26 -8.61898e-19  2.22938e-26 -1.14836e-18 -1.42245e-26  3.67076e-19  7.50483e-27  1.61905e-19 -2.91595e-27 -7.34934e-20  4.61791e-28 -2.05606e-20  4.29379e-28  9.92238e-21 -4.95594e-28  2.56585e-21   3.0209e-28 -9.08132e-22  -1.2782e-28 -2.83914e-22  3.76203e-29  4.67912e-23 -6.22247e-30   2.2444e-23 -5.06018e-31 -2.74524e-25  7.52102e-31 -9.99014e-25 -2.96141e-31 -9.41688e-26  7.89966e-32  1.68213e-26 -1.63555e-32   3.4138e-27  2.69255e-33  6.01964e-29 -3.26467e-34 -2.56174e-29  2.17836e-35 -1.73279e-30  1.29379e-37 -5.92578e-33 -7.26308e-38  9.19964e-34
 3.37088e-37  -5.5514e-43 -4.24443e-36  3.17821e-42  5.42293e-34  5.62119e-42 -2.23032e-32  -6.9062e-41  6.37429e-31  4.77571e-40 -1.40261e-29  1.25256e-39  2.48456e-28 -5.01741e-39 -3.65057e-27 -8.13367e-39  4.54483e-26  8.05114e-39 -4.87046e-25 -1.77022e-38  4.54715e-24 -1.80366e-38 -3.73327e-23 -3.68374e-37  2.71532e-22  3.54488e-36 -1.75981e-21 -2.83731e-35  1.02101e-20  1.82665e-34 -5.32192e-20 -1.05607e-33  2.49905e-19  5.56663e-33 -1.05927e-18 -2.67553e-32  4.05807e-18   1.1796e-31 -1.40602e-17 -4.78255e-31  4.40561e-17  1.78683e-30 -1.24757e-16 -6.15954e-30  3.18825e-16  1.96102e-29  -7.3365e-16 -5.77022e-29  1.51519e-15  1.56997e-28   -2.796e-15 -3.95109e-28  4.58167e-15  9.19931e-28 -6.61026e-15 -1.98182e-27  8.29511e-15  3.95107e-27 -8.88862e-15   -7.292e-27    7.889e-15  1.24661e-26 -5.46659e-15 -1.97631e-26  2.52758e-15  2.91089e-26 -2.24164e-16 -3.99421e-26 -7.82353e-16  5.12456e-26   6.8347e-16 -6.17373e-26 -1.93769e-16  7.01194e-26 -1.06764e-16 -7.52563e-26  1.13969e-16  7.62507e-26 -1.99319e-17 -7.25341e-26 -2.27784e-17  6.41013e-26  1.19691e-17 -5.18243e-26   2.1623e-18  3.75504e-26 -2.92965e-18 -2.37028e-26  2.42145e-20  1.24547e-26  5.06438e-19 -4.93733e-27 -3.66425e-20  9.88399e-28 -7.02066e-20  4.44381e-28  4.44625e-21 -5.96933e-28  7.87771e-21  3.59467e-28  -2.0614e-23  -1.4454e-28 -6.55571e-22  3.87036e-29  -5.4079e-23 -4.75883e-30  3.36226e-23 -1.37551e-30  6.04035e-24  1.07206e-30  -6.8318e-25 -3.93138e-31 -2.54385e-25  1.03574e-31 -9.29687e-27 -2.08966e-32  3.36539e-27  3.14551e-33  3.68674e-28 -3.14454e-34   7.6758e-31  1.36154e-35 -1.27652e-30  5.08942e-37 -3.58014e-32 -3.29157e-38
 7.29833e-44  3.19853e-36 -2.58686e-42 -2.10237e-34  1.23865e-41  1.06686e-32  8.00436e-42 -3.56884e-31 -1.60985e-40  8.89786e-30  1.09422e-39 -1.75083e-28  3.75801e-39  2.81922e-27 -1.22963e-38 -3.80925e-26 -1.44554e-38  4.39843e-25  4.96569e-39 -4.40015e-24 -1.80366e-38  3.85433e-23  6.23148e-38 -2.98091e-22 -2.25888e-36  2.04886e-21  2.03417e-35 -1.25806e-20 -1.48728e-34  6.92921e-20  9.21405e-34 -3.43429e-19 -5.10872e-33  1.53525e-18  2.57486e-32 -6.20047e-18 -1.18621e-31  2.26458e-17  5.01879e-31 -7.48184e-17 -1.95494e-30  2.23531e-16  7.02248e-30 -6.03289e-16 -2.32878e-29  1.46822e-15  7.13443e-29 -3.21341e-15 -2.02012e-28  6.30084e-15  5.28772e-28  -1.1011e-14 -1.27949e-27  1.70268e-14  2.86166e-27 -2.30646e-14 -5.91423e-27  2.69698e-14  1.12919e-26  -2.6602e-14 -1.99144e-26  2.12514e-14  3.24473e-26 -1.25799e-14 -4.88799e-26  4.01673e-15  6.81958e-26  1.32159e-15 -8.83828e-26 -2.60683e-15  1.06901e-25  1.42449e-15 -1.21425e-25 -3.26537e-17  1.30432e-25 -4.33163e-16 -1.33263e-25  2.18327e-16  1.29721e-25   3.0374e-17 -1.19731e-25 -6.67152e-17   1.0354e-25  1.16702e-17 -8.23854e-26  1.20191e-17  5.89277e-26  -4.4654e-18 -3.67734e-26 -1.63649e-18  1.91515e-26  8.85579e-19 -7.61632e-27  2.03145e-19  1.68547e-27 -1.21691e-19  4.33522e-28 -2.59704e-20 -6.89469e-28    1.164e-20  4.04765e-28  3.05926e-21 -1.51698e-28 -6.63965e-22    3.506e-29 -2.60063e-22 -1.58928e-30  1.03234e-23 -2.77834e-30  1.25398e-23  1.55476e-30  9.46396e-25 -5.32121e-31 -2.40828e-25  1.34121e-31 -4.16142e-26 -2.50051e-32 -2.13008e-28  3.24572e-33  3.56587e-28 -2.48893e-34  2.11973e-29  4.82999e-36 -3.45553e-32  5.01442e-37 -1.32157e-32
-1.91069e-36  4.70015e-43  7.06583e-35 -9.81557e-42 -4.48654e-33  4.65801e-41   1.7985e-31 -8.83719e-42 -5.15176e-30 -2.84244e-40  1.13613e-28  2.29033e-39 -2.01728e-27  1.03073e-38   2.9715e-26 -2.94848e-38 -3.70939e-25 -1.53311e-38  3.98656e-24 -4.37571e-38 -3.73327e-23  6.23148e-38  3.07499e-22  6.52122e-37 -2.24423e-21 -1.26061e-35  1.45981e-20  1.08224e-34 -8.50241e-20 -7.44153e-34  4.45009e-19  4.40586e-33 -2.09881e-18 -2.33679e-32  8.93761e-18  1.12747e-31 -3.44096e-17 -4.98263e-31  1.19848e-16  2.02521e-30 -3.77638e-16 -7.58746e-30  1.07579e-15  2.62376e-29 -2.76682e-15 -8.38109e-29  6.41034e-15  2.47412e-28 -1.33366e-14 -6.75079e-28  2.48057e-14  1.70239e-27 -4.09989e-14 -3.96631e-27  5.97124e-14  8.53303e-27 -7.57236e-14 -1.69398e-26  8.21211e-14  3.10077e-26 -7.39393e-14  -5.2298e-26  5.22162e-14  8.12383e-26 -2.49515e-14 -1.16238e-25  2.91646e-15  1.53369e-25  7.22041e-15 -1.87133e-25 -6.70914e-15   2.1225e-25  2.08949e-15 -2.25634e-25  9.50818e-16   2.2726e-25 -1.14396e-15 -2.19273e-25   2.3926e-16  2.03992e-25  2.17216e-16  -1.8244e-25 -1.28677e-16  1.54667e-25 -1.70264e-17 -1.21507e-25  3.08231e-17  8.60204e-26 -1.43566e-18 -5.30963e-26 -5.29574e-18  2.73131e-26  5.91105e-19 -1.07599e-26   7.4038e-19  2.45978e-27 -7.55939e-20  4.19007e-28 -8.53616e-20 -7.66074e-28  3.10924e-21  4.28082e-28  7.44466e-21 -1.44106e-28  4.04025e-22  2.48435e-29 -4.10669e-22  3.87641e-30 -6.18252e-23    -4.91e-30  9.88364e-24  2.24697e-30  2.94605e-24 -7.12678e-31  5.98913e-26  1.66194e-31 -4.42223e-26 -2.74355e-32 -4.19492e-27  2.92057e-33  3.51743e-29 -1.54827e-34  1.69074e-29 -9.92153e-37   4.1772e-31  2.59925e-37
 1.01135e-43 -2.05311e-35  2.13872e-42  1.62795e-33  -3.2333e-41  -8.0821e-32  1.70608e-40  2.70813e-30 -1.23168e-40 -6.76745e-29 -2.16467e-40  1.33478e-27  4.17923e-39 -2.15473e-26  2.74082e-38  2.91925e-25 -7.58139e-38 -3.38042e-24  4.77303e-38  3.39205e-23 -3.68374e-37 -2.98091e-22  6.52122e-37  2.31334e-21  4.05813e-36 -1.59584e-20  -6.6167e-35  9.83693e-20  5.40662e-34 -5.44041e-19 -3.52261e-33  2.70822e-18  1.98948e-32 -1.21632e-17 -1.00895e-31   4.9367e-17  4.66401e-31 -1.81252e-16 -1.97898e-30  6.02189e-16  7.73564e-30 -1.80989e-15 -2.79089e-29  4.91592e-15   9.3031e-29 -1.20456e-14 -2.86663e-28  2.65569e-14  8.16667e-28 -5.24842e-14 -2.15071e-27  9.25036e-14   5.2335e-27  -1.4438e-13 -1.17588e-26    1.976e-13  2.43714e-26 -2.33751e-13 -4.65404e-26  2.33696e-13  8.17788e-26 -1.89854e-13 -1.32045e-25  1.15163e-13   1.9568e-25 -3.90407e-14 -2.65928e-25 -1.02106e-14  3.31459e-25  2.35047e-14 -3.79637e-25 -1.36475e-14  4.01528e-25  8.21869e-16 -3.95926e-25  3.92657e-15  3.69519e-25 -2.17302e-15 -3.32633e-25 -1.96365e-16  2.93272e-25  6.38378e-16 -2.53646e-25 -1.37568e-16  2.11552e-25 -1.10775e-16 -1.65034e-25  4.82866e-17  1.16199e-25  1.43178e-17 -7.10807e-26  -9.4913e-18  3.60212e-26 -1.70337e-18    -1.39e-26  1.32653e-18  3.12913e-27  2.23599e-19  4.38072e-28 -1.32364e-19 -8.16884e-28 -2.85723e-20  4.17022e-28  8.25848e-21 -1.15883e-28  2.65133e-21  6.05736e-30 -1.94971e-22  1.22769e-29  -1.3962e-22 -7.94758e-30 -7.67889e-24  3.16066e-30  3.04355e-24  -9.1785e-31  4.46541e-25   1.9243e-31 -4.60265e-27 -2.71597e-32 -4.40855e-27  2.24432e-33 -2.27079e-28 -6.61335e-35  1.86585e-30 -2.72011e-36  1.68821e-31
