 1.47024e-09  4.87629e-24 -2.26959e-08 -8.85274e-23  1.25308e-07  8.68245e-22 -3.72595e-07 -6.10516e-21  6.59285e-07  2.51016e-20 -6.83804e-07 -5.84607e-20  3.36438e-07  6.33544e-20  3.72827e-08  4.30078e-20 -1.04184e-07 -2.82402e-19   -1.514e-09  5.16552e-19  2.80449e-08  -5.4205e-19  4.57293e-09  3.26494e-19 -6.07698e-09 -6.33659e-20 -2.95227e-09 -5.66215e-20  3.91973e-10  3.79368e-20  8.33286e-10   2.7876e-21  2.80683e-10 -8.11296e-21 -4.33702e-11 -1.14636e-21 -7.81125e-11  2.91411e-21 -3.19726e-11 -2.16854e-22 -2.67985e-12  -6.7697e-22  4.11361e-12  1.76548e-22  2.70947e-12   9.3985e-23  8.63504e-13 -3.89488e-23  8.22705e-14 -1.53011e-23 -7.39691e-14  8.15744e-24 -5.16983e-14  2.28852e-24 -1.93524e-14 -1.15622e-24 -4.59419e-15 -4.78169e-25 -3.94288e-16  1.61717e-25  2.47119e-16  9.53657e-26  1.62363e-16 -7.69608e-27  6.00349e-17 -1.86578e-26  1.64469e-17 -5.31876e-27  3.43195e-18  1.70892e-27  4.81402e-19  1.51638e-27   5.5703e-21  2.99134e-28  -2.3876e-20 -8.58836e-29 -9.93423e-21 -7.11918e-29 -2.77978e-21 -1.72261e-29 -6.27717e-22  2.70701e-31 -1.20542e-22  2.11789e-30  -2.0029e-23  9.81502e-31 -2.87759e-24  1.97126e-31 -3.50606e-25 -6.25458e-33 -3.41626e-26 -1.94916e-32 -2.13798e-27 -9.46863e-33  5.52272e-29 -3.26474e-33  4.40266e-29 -8.80149e-34  8.63019e-30 -1.96496e-34  1.21386e-30 -3.83821e-35  1.39524e-31 -6.65679e-36  1.36471e-32 -9.97068e-37   1.1526e-33 -1.25278e-37  8.43193e-35 -1.32227e-38  5.32253e-36 -1.19077e-39  2.87446e-37 -9.00105e-41   1.3093e-38 -5.43601e-42  4.90952e-40 -2.53506e-43  1.45421e-41 -9.01787e-45  3.22797e-43 -2.30827e-46  4.97583e-45 -3.58162e-48  4.37746e-47 -2.14537e-50
 4.87629e-24   3.3668e-08  1.80966e-23 -2.92354e-07  3.07743e-23  1.20773e-06  2.68371e-21 -2.89202e-06 -3.39583e-20    4.195e-06  1.56495e-19 -3.44918e-06 -3.81085e-19  1.03231e-06  4.92684e-19  5.96572e-07 -1.09716e-19 -4.10499e-07 -8.29994e-19  -1.4939e-07  1.71515e-18  1.00017e-07 -1.77037e-18  5.69958e-08  9.74935e-19 -1.11623e-08 -1.03606e-19 -1.76544e-08  -2.1835e-19 -3.88923e-09  1.03744e-19  2.43729e-09  2.81802e-20  1.95576e-09 -2.92979e-20  4.25604e-10 -4.43895e-21  -1.7956e-10  8.52588e-21 -1.75703e-10 -4.40722e-22 -6.16198e-11 -1.71656e-21  -3.2907e-12  4.13407e-22  8.29452e-12  2.21424e-22  5.14765e-12 -9.16111e-23  1.67098e-12 -3.88577e-23  2.26333e-13  2.00915e-23 -8.96135e-14  6.14844e-24 -7.64483e-14 -3.08034e-24 -3.13106e-14 -1.22246e-24 -8.66522e-15  5.31105e-25  -1.4799e-15  2.77347e-25  2.37775e-17 -3.95417e-26  1.34069e-16 -6.46209e-26  6.26438e-17 -1.67237e-26  1.98167e-17  6.24921e-27  4.91731e-18  5.20926e-27   9.7865e-19  1.05043e-27  1.47786e-19 -2.81676e-28  1.21893e-20 -2.29038e-28 -1.72054e-21 -5.41313e-29 -1.09676e-21  2.11793e-30 -3.19151e-22  7.41685e-30 -7.06284e-23  3.19568e-30 -1.31176e-23  5.92013e-31 -2.11839e-24 -4.07736e-32 -3.01954e-25 -7.10949e-32 -3.81965e-26 -3.30304e-32 -4.28522e-27  -1.0968e-32 -4.23742e-28 -2.85001e-33 -3.64397e-29 -6.10363e-34  -2.6538e-30 -1.13167e-34 -1.54281e-31 -1.84683e-35 -5.94239e-33 -2.59438e-36  1.88222e-35 -3.05594e-37  2.81182e-35 -3.01745e-38  2.96993e-36 -2.52541e-39  2.05022e-37 -1.75971e-40    1.064e-38 -9.73284e-42  4.21263e-40  -4.1069e-43  1.23904e-41 -1.28072e-44  2.54372e-43 -2.70251e-46  3.32491e-45 -3.01182e-48  1.86033e-47
-2.26959e-08  1.80966e-23  3.76792e-07 -3.87609e-22 -2.25273e-06  7.13143e-21  7.32581e-06  -1.4114e-20 -1.44094e-05  -9.8287e-20  1.71716e-05   5.9916e-19 -1.08189e-05 -1.52243e-18  9.34024e-07  2.09606e-18  2.88436e-06 -1.10867e-18 -6.86388e-07 -1.50817e-18 -8.11352e-07  3.88661e-18  1.00655e-07 -3.98483e-18  2.36191e-07   1.9956e-18  3.86293e-08 -1.70252e-20  -4.5839e-08  -5.5188e-19  -2.6916e-08  1.90505e-19 -9.42569e-10  9.31435e-20   5.5059e-09 -6.41202e-20  2.89474e-09 -1.20517e-20  3.73094e-10  1.61006e-20 -3.57783e-10  -3.6821e-22 -2.62434e-10 -2.83666e-21 -8.33089e-11  6.87844e-22 -3.71312e-12  3.41156e-22  1.07477e-11 -1.59277e-22  6.58375e-12 -6.81093e-23  2.22655e-12  3.49753e-23   3.9914e-13  1.05714e-23 -4.54003e-14 -5.99714e-24 -6.86734e-14 -1.85241e-24 -3.17535e-14  1.35767e-24 -9.94157e-15  5.65717e-25 -2.24174e-15  -1.3685e-25 -2.99361e-16 -1.60921e-25  2.34616e-17 -3.69412e-26  3.11262e-17  1.63309e-26  1.23877e-17  1.27131e-26  3.54617e-18  2.56621e-27  8.23145e-19 -6.29829e-28  1.59809e-19 -5.00112e-28  2.57558e-20 -1.10277e-28  3.24707e-21  1.08066e-29  2.44839e-22  1.85928e-29 -1.72753e-23   7.2422e-30 -1.16062e-23  1.17735e-30  -2.9042e-24 -1.62676e-31 -5.41264e-25 -1.83655e-31 -8.40894e-26 -7.99691e-32  -1.1322e-26 -2.53055e-32 -1.34331e-27 -6.28983e-33 -1.41447e-28 -1.28562e-33 -1.32444e-29 -2.25875e-34 -1.10122e-30 -3.46851e-35 -8.09685e-32 -4.56758e-36 -5.22949e-33 -5.03442e-37 -2.93901e-34  -4.6339e-38  -1.4189e-35 -3.58476e-39 -5.77917e-37 -2.28413e-40 -1.93401e-38 -1.14236e-41 -5.15025e-40 -4.27516e-43 -1.04332e-41  -1.1334e-44 -1.45279e-43 -1.85994e-46 -1.03175e-45 -1.20594e-48
-8.85274e-23 -2.92354e-07 -3.87609e-22  2.74731e-06 -5.71355e-21 -1.23806e-05  6.81319e-20   3.2732e-05  -1.7962e-19  -5.3539e-05 -1.01111e-19   5.2119e-05  1.63965e-18 -2.33743e-05  -4.4413e-18 -4.65425e-06   6.2778e-18  8.22372e-06 -4.14086e-18  5.39248e-07 -1.78816e-18 -2.33002e-06  6.98229e-18 -4.65767e-07 -7.17435e-18  5.22706e-07  3.24891e-18  2.73629e-07  3.23624e-19 -3.49112e-08 -1.06871e-18 -7.98122e-08  2.63525e-19 -2.69691e-08  2.02256e-19  4.93533e-09 -1.01121e-19   8.1636e-09 -2.47441e-20  3.25142e-09  2.21625e-20  1.80675e-10   4.5602e-23 -4.92013e-10 -3.36411e-21 -3.05626e-10  1.01974e-21 -9.22084e-11  3.96181e-22  -5.3827e-12 -2.36436e-22  1.02076e-11 -9.72663e-23  6.45762e-12  4.61814e-23  2.30864e-12  1.15397e-23  5.10512e-13 -9.73883e-24  2.41533e-14 -1.32755e-24 -3.87161e-14  3.00521e-24 -2.22393e-14    9.465e-25 -7.85668e-15 -3.55215e-25 -2.08103e-15  -3.2774e-25 -4.15941e-16 -6.56321e-26  -5.2528e-17  3.50147e-26  1.89542e-18  2.53664e-26  3.66307e-18  5.11488e-27  1.38814e-18 -1.05528e-27  3.73777e-19 -8.30014e-28  8.23124e-20 -1.56084e-28  1.54855e-20  3.82624e-29  2.52422e-21    3.852e-29   3.5564e-22  1.32021e-29  4.24053e-23  1.74852e-30  4.02155e-24 -4.63532e-31  2.39345e-25 -3.82075e-31 -8.09933e-27  -1.5429e-31 -5.17989e-27 -4.61984e-32 -9.73327e-28 -1.09229e-32 -1.32305e-28 -2.12221e-33 -1.46953e-29 -3.52608e-34 -1.38551e-30 -5.08958e-35 -1.12348e-31 -6.27357e-36 -7.85049e-33 -6.45289e-37  -4.7032e-34 -5.51314e-38 -2.38834e-35  -3.9185e-39 -1.00902e-36 -2.26341e-40 -3.44807e-38 -1.00968e-41 -9.13634e-40 -3.27772e-43 -1.75655e-41 -7.10766e-45 -2.11282e-43 -8.25082e-47  -9.9774e-46
 1.25308e-07  3.07743e-23 -2.25273e-06 -5.71355e-21  1.46803e-05 -4.11784e-20 -5.25247e-05  3.80569e-19   0.00011537 -9.77476e-19 -0.000157936  4.63985e-19  0.000123562  3.38147e-18 -3.25585e-05 -1.02038e-17 -2.49425e-05  1.46253e-17  1.52039e-05 -1.05247e-17  6.48081e-06 -9.38082e-19 -3.98727e-06  1.06073e-17 -2.45803e-06 -1.10059e-17  4.84131e-07  4.47939e-18  7.93216e-07   9.8272e-19  1.68298e-07 -1.69686e-18 -1.22635e-07  2.73126e-19 -9.43344e-08    3.384e-19 -1.82716e-08 -1.19929e-19  1.07023e-08 -3.96811e-20   9.3362e-09  2.20918e-20  3.02747e-09  1.35073e-23 -1.24911e-11 -2.74247e-21 -5.25937e-10  1.52963e-21 -2.96348e-10  4.04292e-22 -8.86276e-11 -2.94865e-22 -8.06554e-12 -1.22136e-22   7.2568e-12  3.92167e-23  5.04148e-12  1.22039e-24  1.92747e-12 -1.41384e-23  4.98084e-13  1.78774e-24  7.15659e-14  5.88848e-24 -8.70169e-15  1.39561e-24  -1.0354e-14  -7.3627e-25 -4.34523e-15 -5.69082e-25 -1.30649e-15 -9.67032e-26   -3.114e-16  6.55766e-26  -5.9147e-17  4.40401e-26 -8.21821e-18  9.05458e-27 -4.61152e-19   -1.235e-27  1.76065e-19 -1.03362e-27  8.13309e-20 -1.20095e-28  2.18992e-20  1.04339e-28  4.64502e-21  6.98794e-29   8.3609e-22    2.058e-29  1.31417e-22  1.96118e-30  1.82595e-23 -1.02689e-30  2.25172e-24 -6.71121e-31  2.46075e-25 -2.50424e-31  2.36695e-26 -7.06395e-32  1.97615e-27 -1.58226e-32  1.39398e-28 -2.91245e-33  7.83103e-30 -4.56599e-34  2.91461e-31 -6.18407e-35 -6.37353e-34 -7.11904e-36 -1.22277e-33 -6.80998e-37 -1.22485e-34 -5.37368e-38 -7.89837e-36 -3.48521e-39 -3.75444e-37 -1.80702e-40 -1.33426e-38 -7.07714e-42  -3.4461e-40 -1.93947e-43 -5.96676e-42 -3.25446e-45 -5.50343e-44 -2.17677e-47
 8.68245e-22  1.20773e-06  7.13143e-21 -1.23806e-05 -4.11784e-20  6.13174e-05 -2.01729e-19 -0.000180157  1.52883e-18  0.000333671 -3.64364e-18 -0.000382634   2.9286e-18  0.000232508  5.28312e-18 -1.22005e-05 -1.92561e-17 -6.90377e-05  2.79284e-17  1.52937e-05 -2.08719e-17  2.03922e-05  1.57128e-18 -2.61556e-06  1.41385e-17 -6.25881e-06 -1.49112e-17 -9.29232e-07   5.4151e-18  1.34728e-06  1.91878e-18  7.49137e-07 -2.29591e-18 -9.32931e-09  1.73748e-19 -1.78999e-07  4.65508e-19 -8.61002e-08 -1.00468e-19 -6.52178e-09 -4.96607e-20  1.38736e-08  1.27726e-20  8.88907e-09  -2.1268e-21   2.4789e-09 -1.12105e-21 -1.09197e-10   2.3245e-21 -4.60477e-10  5.16297e-22 -2.46786e-10 -2.48199e-22 -7.55403e-11 -1.34484e-22 -1.01481e-11 -7.05881e-24  3.59863e-12 -3.17499e-23  3.12571e-12 -1.97997e-23   1.3003e-12  8.55073e-24  3.78805e-13   1.0216e-23  7.73813e-14  1.87766e-24  7.33385e-15 -1.26985e-24 -2.28167e-15 -8.54632e-25 -1.55979e-15 -1.14027e-25 -5.54464e-16  1.12208e-25 -1.49769e-16  6.96018e-26 -3.32566e-17  1.52438e-26 -6.17743e-18 -4.35234e-28 -9.40874e-19 -7.60113e-28 -1.07144e-19  1.12933e-28 -5.30514e-21  2.34493e-28  1.41173e-21  1.14503e-28   5.5705e-22  2.84874e-29   1.2479e-22  1.50976e-30  2.19183e-23 -1.86059e-30  3.25938e-24 -1.01964e-30  4.22522e-25 -3.51756e-31  4.83595e-26 -9.32469e-32   4.9118e-27 -1.97281e-32  4.43004e-28 -3.43048e-33  3.53923e-29 -5.06249e-34  2.49181e-30 -6.41892e-35  1.53401e-31 -6.88132e-36  8.16762e-33 -6.09671e-37  3.70491e-34 -4.41766e-38  1.40246e-35 -2.59377e-39  4.30775e-37 -1.19306e-40   1.0283e-38 -4.02349e-42  1.76693e-40 -8.97484e-44  1.86566e-42 -1.06177e-45  7.86697e-45
-3.72595e-07  2.68371e-21  7.32581e-06  6.81319e-20 -5.25247e-05 -2.01729e-19  0.000208537 -7.47848e-19  -0.00051512  4.79216e-18  0.000812466 -1.04689e-17 -0.000776303  9.59877e-18  0.000341086  5.87274e-18  8.12577e-05 -3.06412e-17  -0.00013334  4.51125e-17 -8.75168e-06 -3.43045e-17  4.06237e-05  5.71209e-18  7.38241e-06  1.69258e-17  -1.0107e-05 -1.82764e-17 -4.89407e-06  5.86311e-18    1.007e-06  3.00802e-18  1.65054e-06 -2.71139e-18  4.77263e-07 -5.78465e-20 -1.60584e-07  5.40606e-19 -1.87486e-07 -3.29695e-20  -6.4508e-08 -4.47082e-20  2.73558e-09 -4.95231e-21  1.38551e-08  -8.2312e-21   7.3668e-09  2.83319e-22  1.86706e-09  3.26947e-21 -1.01391e-10  9.84792e-22  -3.3735e-10  6.50752e-23 -1.78572e-10 -1.07063e-22 -5.71005e-11 -1.10441e-22 -1.02573e-11 -9.87994e-23  7.73371e-13 -2.88137e-23  1.47403e-12  1.85101e-23  6.96536e-13  1.55717e-23  2.25047e-13  2.29248e-24  5.51054e-14 -1.87814e-24  9.79733e-15 -1.11082e-24  8.33356e-16 -8.80723e-26 -2.23131e-16  1.82179e-25 -1.39825e-16  1.04463e-25 -4.55947e-17  2.57044e-26 -1.14197e-17  2.60562e-27 -2.39061e-18  4.92866e-28 -4.30474e-19  6.84308e-28 -6.71404e-20  4.53374e-28 -8.98818e-21  1.72814e-28 -9.99067e-22   3.6106e-29 -8.33139e-23  3.58941e-31 -2.95843e-24 -2.84545e-30  6.11171e-25 -1.35987e-30  1.73505e-25 -4.34964e-31  2.79755e-26 -1.08243e-31  3.49752e-27 -2.15831e-32  3.64395e-28 -3.53648e-33  3.24287e-29 -4.90025e-34  2.48359e-30 -5.80098e-35  1.63444e-31 -5.77138e-36  9.16838e-33 -4.71318e-37  4.32056e-34 -3.11504e-38  1.67254e-35 -1.64015e-39  5.14258e-37 -6.59695e-41  1.18862e-38  -1.8679e-42  1.86459e-40 -3.21275e-44  1.57026e-42 -2.18494e-46
-6.10516e-21 -2.89202e-06  -1.4114e-20   3.2732e-05  3.80569e-19 -0.000180157 -7.47848e-19  0.000594045 -2.21682e-18   -0.0012551  1.22579e-17   0.00169564 -2.44798e-17  -0.00133147  2.30683e-17  0.000353617  3.16353e-18   0.00028885 -4.18034e-17 -0.000186581  6.28791e-17 -7.58222e-05 -4.83621e-17  5.48756e-05  1.08832e-17  3.06452e-05  1.84798e-17 -8.89388e-06 -2.06559e-17 -1.12498e-05  5.75922e-18 -1.66677e-06  4.11229e-18   2.2181e-06 -2.83265e-18  1.41399e-06  -4.1456e-19  1.64369e-07   5.2729e-19 -2.32974e-07  7.65791e-20 -1.59854e-07 -1.52523e-20 -4.12767e-08 -2.53628e-20  7.19531e-09 -1.92759e-20  1.15541e-08 -6.56161e-22  5.46251e-09  3.79734e-21   1.3332e-09  2.02668e-21 -3.93503e-11  8.46127e-22 -2.06721e-10  1.93504e-23 -1.12032e-10 -2.68079e-22 -3.78423e-11 -2.04067e-22 -8.35686e-12 -4.43135e-23 -6.25694e-13  2.89108e-23  4.53195e-13  2.05471e-23  2.82171e-13  2.37673e-24   1.0252e-13 -2.44734e-24  2.83005e-14 -1.23286e-24  6.23199e-15  2.34885e-26  1.06277e-15  2.88698e-25  1.15016e-16  1.54645e-25 -4.52092e-18  4.41719e-26 -6.59166e-18  9.63109e-27 -2.20221e-18  3.29313e-27 -5.29224e-19   1.7236e-27 -1.04879e-19  7.75822e-28 -1.79285e-20  2.43484e-28 -2.69373e-21  4.31529e-29 -3.58431e-22 -1.13235e-30 -4.22815e-23 -3.74696e-30  -4.4029e-24 -1.60775e-30 -4.00565e-25  -4.7877e-31 -3.12044e-26 -1.11837e-31 -1.99745e-27 -2.09822e-32 -9.44529e-29 -3.23215e-33 -1.91678e-30 -4.19402e-34  1.90971e-31 -4.62128e-35  2.79859e-32 -4.24982e-36  2.15917e-33  -3.1812e-37  1.19257e-34  -1.9027e-38  4.95423e-36 -8.88185e-40   1.5287e-37 -3.06681e-41  3.30707e-39 -7.03885e-43  4.35363e-41 -8.51301e-45   2.2492e-43
 6.59285e-07 -3.39583e-20 -1.44094e-05  -1.7962e-19   0.00011537  1.52883e-18  -0.00051512 -2.21682e-18    0.0014473 -5.43911e-18  -0.00264961   2.6344e-17   0.00307245 -4.80921e-17  -0.00192896  4.45251e-17  0.000129781 -4.11332e-18   0.00061043 -4.93426e-17 -0.000166564  7.65268e-17 -0.000189682 -5.98323e-17  3.96272e-05  1.62524e-17  6.44997e-05  1.85927e-17  4.50211e-06 -2.19246e-17 -1.68238e-05  5.16054e-18 -7.57197e-06  5.14173e-18  1.15899e-06 -2.62064e-18  2.42303e-06 -8.62582e-19   9.3196e-07  4.03866e-19 -5.74498e-08  2.07355e-19 -2.30564e-07  4.47076e-20 -1.17761e-07 -3.89268e-20 -2.34379e-08  -3.4471e-20  7.54071e-09 -6.28475e-21  8.34181e-09  2.90796e-21  3.67916e-09  3.63464e-21  9.10987e-10   2.2428e-21  2.13434e-11  3.31003e-22 -1.03302e-10 -4.40911e-22 -6.00584e-11 -3.35505e-22 -2.15906e-11 -6.81826e-23 -5.51703e-12  3.50827e-23 -8.86011e-13  2.27839e-23  1.54681e-14  1.64586e-24  7.47748e-14 -2.89401e-24  3.38379e-14 -1.11588e-24  1.05044e-14  2.70008e-25  2.60567e-15  4.52578e-25  5.37009e-16  2.30911e-25  9.16294e-17  7.59527e-26  1.22625e-17  2.25397e-26  1.01045e-18  8.11276e-27 -5.62131e-20  3.29885e-27 -4.62548e-20  1.19811e-27 -1.22683e-20  3.23208e-28 -2.39166e-21  4.99877e-29 -3.86758e-22 -2.31385e-30 -5.40527e-23 -4.29965e-30 -6.64374e-24 -1.69608e-30 -7.23594e-25 -4.72578e-31 -6.99886e-26 -1.03687e-31 -6.00434e-27 -1.82816e-32 -4.55062e-28 -2.64182e-33 -3.02676e-29 -3.20135e-34 -1.75022e-30 -3.27202e-35 -8.68551e-32 -2.76857e-36 -3.63454e-33 -1.88732e-37 -1.25165e-34   -1.012e-38 -3.42255e-36 -4.12896e-40 -7.01565e-38 -1.19421e-41 -9.75079e-40 -2.10678e-43 -7.36308e-42 -1.46177e-45
 2.51016e-20    4.195e-06  -9.8287e-20  -5.3539e-05 -9.77476e-19  0.000333671  4.79216e-18   -0.0012551 -5.43911e-18   0.00306502  -1.1321e-17  -0.00491073  4.85944e-17   0.00487747 -8.10817e-17  -0.00231962  7.18162e-17 -0.000456203 -1.51315e-17  0.000968278 -5.03948e-17 -1.23044e-06  8.16631e-17 -0.000321223 -6.60836e-17 -3.02261e-05  2.12015e-17  9.37985e-05  1.73799e-17  3.44716e-05 -2.23001e-17 -1.52502e-05  4.19453e-18 -1.54856e-05  6.07605e-18 -2.81166e-06 -2.09825e-18  2.53674e-06 -1.35166e-18  1.96546e-06  1.64533e-19  4.78128e-07  3.29415e-19 -1.55825e-07  1.35666e-19 -1.85511e-07  -3.4861e-20 -7.78887e-08  -5.0978e-20  -1.2465e-08 -1.82027e-20  5.70339e-09 -5.94198e-22  5.29628e-09  5.43533e-21  2.25982e-09  4.23356e-21  5.88424e-10  9.10436e-22  5.18379e-11 -5.51855e-22 -3.89541e-11 -4.59638e-22 -2.66867e-11 -9.76055e-23  -1.0345e-11  3.23628e-23 -2.94281e-12  1.96952e-23 -6.23914e-13 -4.96533e-25 -8.21228e-14 -3.20677e-24  3.85724e-15 -6.84226e-25   6.6795e-15  6.99899e-25  2.62143e-15  7.00845e-25  7.33574e-16  3.47436e-25  1.67665e-16  1.26655e-25  3.26495e-17  4.27566e-26   5.4875e-18  1.51232e-26  7.92474e-19  5.37041e-27  9.57983e-20  1.69245e-27  8.95418e-21  4.06444e-28  4.52011e-22  5.72122e-29 -4.46401e-23 -2.54734e-30 -1.71602e-23 -4.32307e-30 -3.09328e-24 -1.60269e-30 -4.20845e-25 -4.20296e-31  -4.7365e-26 -8.67285e-32 -4.54728e-27  -1.4359e-32  -3.7631e-28 -1.94254e-33  -2.6862e-29 -2.19193e-34 -1.64439e-30 -2.07009e-35 -8.53263e-32 -1.60312e-36 -3.68461e-33 -9.87671e-38 -1.28786e-34 -4.69429e-39 -3.48831e-36 -1.64367e-40 -6.80328e-38 -3.84667e-42 -8.26877e-40 -4.76011e-44 -4.06122e-42
-6.83804e-07  1.56495e-19  1.71716e-05 -1.01111e-19 -0.000157936 -3.64364e-18  0.000812466  1.22579e-17  -0.00264961  -1.1321e-17   0.00571679 -2.03817e-17  -0.00807749   7.8273e-17   0.00682228 -1.19136e-16  -0.00218149  9.87367e-17  -0.00142956 -2.65486e-17   0.00120444 -4.38224e-17  0.000348809  7.59086e-17 -0.000404747 -6.61248e-17 -0.000163446  2.55687e-17  9.26172e-05  1.52347e-17   7.6601e-05 -2.22266e-17  3.90035e-07  2.99425e-18 -2.11539e-05  6.94279e-18 -9.74559e-06 -1.32006e-18  5.45802e-07 -1.82648e-18  2.62563e-06 -1.83677e-19  1.31159e-06  4.11326e-19  1.77124e-07   2.5224e-19 -1.62986e-07 -4.17499e-21 -1.29396e-07 -6.42954e-20 -4.75847e-08 -3.64159e-20 -6.70194e-09 -7.70163e-21  3.41088e-09  6.68106e-21  2.96214e-09  6.54596e-21  1.25785e-09  1.78806e-21   3.5013e-10  -5.0481e-22  5.22249e-11 -5.25216e-22 -8.08103e-12 -1.22512e-22 -9.22985e-12  1.89245e-23   -4.012e-12  9.77319e-24 -1.24972e-12  -4.4127e-24 -3.06095e-13 -3.39624e-24 -5.86266e-14  1.08538e-25 -7.72402e-15  1.35589e-24 -1.43508e-16  1.06168e-24  3.06638e-16  5.17553e-25  1.21983e-16  1.99926e-25  3.22564e-17  7.04658e-26  6.88905e-18  2.40163e-26  1.25807e-18    7.767e-27  2.01018e-19  2.20727e-27   2.8369e-20  4.85258e-28  3.54304e-21  6.49837e-29  3.90052e-22 -1.53894e-30  3.74493e-23 -3.80306e-30  3.06836e-24 -1.35811e-30  2.04752e-25 -3.37664e-31  9.76251e-27 -6.56676e-32   1.3288e-28 -1.02045e-32 -3.38623e-29 -1.28987e-33 -4.63293e-30 -1.35112e-34 -3.76487e-31 -1.17401e-35 -2.26307e-32 -8.27032e-37 -1.04781e-33 -4.56338e-38 -3.70474e-35 -1.89551e-39 -9.58099e-37 -5.55844e-41 -1.65061e-38 -9.98535e-43 -1.51299e-40 -7.07535e-45
-5.84607e-20 -3.44918e-06   5.9916e-19   5.2119e-05  4.63985e-19 -0.000382634 -1.04689e-17   0.00169564   2.6344e-17  -0.00491073 -2.03817e-17    0.0094962 -3.22884e-17   -0.0119015  1.11813e-16   0.00842346 -1.54384e-16   -0.0012476  1.16603e-16  -0.00265211 -3.36365e-17    0.0011291 -3.05679e-17  0.000848651  5.97185e-17 -0.000358014 -6.08202e-17 -0.000336403   2.9576e-17  3.51251e-05  1.27044e-17  0.000114681 -2.21804e-17  3.27109e-05  1.65265e-18 -1.83085e-05  7.77738e-18  -1.7412e-05 -3.45102e-19 -4.16153e-06  -2.2365e-18  1.97827e-06 -6.24749e-19  2.05525e-06  4.27095e-19  7.56525e-07   3.8401e-19  2.83776e-08  5.78368e-20 -1.26623e-07 -6.91054e-20 -8.07774e-08 -5.89291e-20 -2.73858e-08 -1.87931e-20  -3.8818e-09  6.40721e-21  1.61146e-09  8.66055e-21  1.44319e-09  2.89773e-21  6.24713e-10   -2.208e-22  1.86256e-10 -4.77327e-22  3.70241e-11 -1.26152e-22  2.09025e-12 -1.91087e-24 -2.07503e-12 -6.04065e-24 -1.17533e-12 -9.73259e-24 -4.08234e-13 -3.33989e-24 -1.10255e-13  1.31862e-24 -2.44795e-14  2.27588e-24 -4.48358e-15  1.55656e-24  -6.4644e-16  7.47711e-25 -5.93738e-17  2.95004e-25  2.22246e-18  1.04023e-25  2.60424e-18  3.39399e-26   7.4901e-19  1.01993e-26  1.55582e-19   2.6745e-27  2.66741e-20  5.49805e-28  3.94507e-21  7.25216e-29  5.12868e-22   4.9999e-31  5.90941e-23 -2.89332e-30  6.05185e-24 -1.02983e-30  5.50465e-25 -2.45152e-31  4.43182e-26 -4.50754e-32  3.13969e-27 -6.57468e-33  1.94062e-28 -7.75072e-34   1.0344e-29 -7.51202e-35  4.68085e-31 -5.97651e-36  1.76008e-32 -3.80249e-37  5.33454e-34 -1.85851e-38   1.2454e-35 -6.62543e-40  2.08022e-37 -1.57206e-41  2.15557e-39 -1.97902e-43  8.96118e-42
 3.36438e-07 -3.81085e-19 -1.08189e-05  1.63965e-18  0.000123562   2.9286e-18 -0.000776303 -2.44798e-17   0.00307245  4.85944e-17  -0.00807749 -3.22884e-17    0.0141879 -4.57801e-17   -0.0158383  1.43876e-16   0.00914547 -1.78163e-16  0.000554361  1.17705e-16  -0.00383127 -3.24303e-17  0.000603918 -1.31367e-17   0.00137714  3.60114e-17 -0.000120422 -5.22516e-17 -0.000491115  3.35581e-17 -8.86153e-05  1.03215e-17  0.000124421 -2.24954e-17  7.56801e-05  2.15486e-19 -1.77397e-06  8.59457e-18 -2.13959e-05  7.74892e-19 -1.07093e-05 -2.54391e-18 -6.76492e-07 -1.13668e-18  2.07075e-06  3.60573e-19  1.35881e-06  5.16974e-19  3.91326e-07  1.50316e-19 -2.13098e-08 -6.03078e-20 -8.18806e-08 -8.19344e-20 -4.58511e-08 -3.33562e-20 -1.49684e-08  3.71871e-21 -2.39431e-09  9.91733e-21    5.485e-10  4.06081e-21  5.96074e-10  3.23002e-22  2.70163e-10 -2.77849e-22  8.59585e-11 -8.96321e-23  2.02697e-11 -2.13052e-23  3.11083e-12 -2.36433e-23   -6.937e-15 -1.49452e-23 -2.12971e-13 -2.59849e-24 -9.43579e-14  3.06608e-24 -2.84918e-14  3.49472e-24 -6.93101e-15  2.19124e-24 -1.42628e-15  1.03199e-24 -2.51942e-16  4.05237e-25 -3.80036e-17  1.39887e-25 -4.74757e-18  4.36062e-26 -4.45111e-19  1.23146e-26 -1.80925e-20  3.02331e-27  3.98931e-21   5.8997e-28  1.28455e-21  7.81912e-29  2.33466e-22  2.95402e-30  3.29614e-23 -1.84181e-30  3.89344e-24 -6.93808e-31  3.95053e-25 -1.60498e-31  3.47567e-26 -2.80391e-32  2.65372e-27 -3.84168e-33  1.74989e-28 -4.21681e-34  9.86778e-30 -3.76842e-35  4.68541e-31 -2.73009e-36  1.83048e-32 -1.55552e-37  5.68239e-34 -6.64284e-39  1.32584e-35 -1.98383e-40  2.10506e-37 -3.61392e-42  1.80904e-39 -2.60342e-44
 6.33544e-20  1.03231e-06 -1.52243e-18 -2.33743e-05  3.38147e-18  0.000232508  9.59877e-18  -0.00133147 -4.80921e-17   0.00487747   7.8273e-17   -0.0119015 -4.57801e-17    0.0192425 -5.91746e-17   -0.0191841  1.69621e-16   0.00860186 -1.84675e-16   0.00303136  9.88473e-17  -0.00460978 -2.15779e-17 -0.000383248  5.31875e-18   0.00175839  8.95134e-18  0.000310338 -4.26982e-17 -0.000552374  3.77013e-17 -0.000260853  8.45082e-18  8.35719e-05 -2.32836e-17  0.000114014 -1.29126e-18  2.87393e-05   9.3861e-18 -1.67706e-05  1.99422e-18 -1.64607e-05 -2.72858e-18 -5.15834e-06 -1.69381e-18  7.86437e-07  2.06514e-19  1.58303e-06   6.3509e-19  7.99168e-07   2.6688e-19  1.88944e-07 -3.40593e-20  -2.4762e-08 -1.00561e-19 -4.57355e-08 -4.99374e-20  -2.3758e-08 -1.88698e-21 -7.72478e-09  9.69857e-21 -1.45807e-09  5.01345e-21  7.50712e-11  1.06965e-21  1.96988e-10  7.62389e-23  9.81057e-11  1.03962e-24  3.33367e-11 -2.69895e-23  8.76113e-12 -3.62263e-23  1.78434e-12 -1.73658e-23  2.47889e-13 -3.41429e-25  4.26086e-15   5.5547e-24 -1.12163e-14  5.03698e-24 -4.65932e-15  2.94747e-24 -1.29015e-15  1.34957e-24 -2.88339e-16  5.18452e-25 -5.50275e-17  1.73216e-25 -9.17147e-18  5.15688e-26  -1.3467e-18  1.37797e-26 -1.74325e-19  3.19714e-27 -1.97649e-20  5.97997e-28 -1.93139e-21  8.01679e-29 -1.57006e-22   5.0934e-30 -9.68733e-24 -8.88112e-31 -2.98358e-25  -4.0855e-31  2.49681e-26 -9.42014e-32  5.51496e-27 -1.57645e-32   5.9785e-28 -2.03286e-33  4.74353e-29 -2.07495e-34  2.96411e-30 -1.70352e-35  1.47803e-31 -1.11677e-36  5.80498e-33  -5.6399e-38  1.73323e-34 -2.06771e-39  3.67481e-36 -4.99941e-41  4.80474e-38 -6.38492e-43  2.51066e-40
 3.72827e-08  4.92684e-19  9.34024e-07  -4.4413e-18 -3.25585e-05  5.28312e-18  0.000341086  2.30683e-17  -0.00192896 -8.10817e-17   0.00682228  1.11813e-16   -0.0158383 -5.91746e-17    0.0239075 -7.11782e-17   -0.0213089  1.86727e-16   0.00671177 -1.73419e-16   0.00576927  6.29939e-17  -0.00469478 -2.79556e-18  -0.00169435  2.18082e-17   0.00182424 -1.74428e-17  0.000864122 -3.38018e-17 -0.000457247  4.19335e-17 -0.000436118  7.20267e-18 -1.62047e-05 -2.44664e-17  0.000127691 -2.82314e-18  6.64115e-05  1.01396e-17  -7.5404e-07  3.26983e-18 -1.77862e-05 -2.78775e-18 -1.00699e-05 -2.26871e-18 -1.87829e-06 -3.12208e-20  1.03655e-06   7.2171e-19   1.0153e-06  3.96625e-19  4.31987e-07  1.12471e-20  8.93934e-08 -1.10012e-19 -1.48736e-08 -6.63554e-20 -2.22415e-08 -1.02799e-20 -1.11616e-08    7.625e-21 -3.69508e-09   5.4728e-21 -8.13433e-10  1.88714e-21 -6.14672e-11  5.45405e-22  4.44744e-11  1.48587e-22  2.81158e-11 -7.04138e-24  1.04252e-11 -3.58986e-23  2.96759e-12 -1.36438e-23  6.88049e-13  4.50484e-24  1.29998e-13  9.01652e-24  1.88084e-14  6.89452e-24  1.51451e-15   3.7777e-24 -1.87831e-16  1.66657e-24  -1.1861e-16  6.19281e-25 -3.31232e-17  1.98987e-25 -6.99645e-18  5.65822e-26 -1.23648e-18  1.43661e-26 -1.89611e-19  3.16861e-27 -2.56366e-20  5.71148e-28 -3.07796e-21  7.72907e-29 -3.28875e-22  6.37898e-30 -3.12406e-23 -1.85433e-31 -2.62877e-24 -2.02407e-31 -1.94761e-25 -4.89663e-32  -1.2595e-26 -7.96418e-33  -7.0259e-28 -9.70603e-34  -3.3272e-29  -9.2073e-35 -1.30877e-30 -6.91825e-36 -4.14721e-32 -4.07421e-37 -1.01196e-33 -1.80064e-38 -1.77037e-35 -5.53574e-40 -1.95102e-37 -1.02864e-41 -1.00027e-39  -7.5236e-44
 4.30078e-20  5.96572e-07  2.09606e-18 -4.65425e-06 -1.02038e-17 -1.22005e-05  5.87274e-18  0.000353617  4.45251e-17  -0.00231962 -1.19136e-16   0.00842346  1.43876e-16   -0.0191841 -7.11782e-17    0.0274691 -8.13834e-17   -0.0218727  1.95765e-16   0.00372944 -1.49101e-16   0.00827107  1.82239e-17  -0.00396083  2.01701e-17  -0.00308075  3.39999e-17   0.00147682  -4.0268e-17   0.00141511 -2.62316e-17 -0.000182647  4.59715e-17  -0.00055432  6.42571e-18 -0.000161927 -2.58783e-17  0.000100007 -4.29714e-18  9.83151e-05  1.08606e-17  2.50139e-05  4.56382e-18 -1.16941e-05 -2.72886e-18 -1.30963e-05 -2.83314e-18  -5.2397e-06 -3.42501e-19 -4.05182e-07  7.61084e-19  8.00997e-07  5.25614e-19  5.75434e-07  7.41217e-20  2.19285e-07 -1.06833e-19  4.32825e-08 -8.01593e-20 -5.87954e-09 -2.06479e-20 -9.30314e-09  3.68968e-21 -4.67356e-09  5.21895e-21 -1.59465e-09  2.60178e-21 -3.95899e-10  1.05527e-21 -6.18022e-11  3.41914e-22  1.64397e-12  4.62454e-23  5.46295e-12 -1.59526e-23  2.44515e-12 -7.38777e-25  7.60768e-13  1.28787e-23  1.91032e-13  1.35822e-23  4.04439e-14  8.99446e-24  7.29269e-15  4.60549e-24  1.10477e-15  1.94209e-24  1.33136e-16  6.92747e-25   1.0318e-17  2.13258e-25 -2.99528e-19  5.79185e-26 -3.11288e-19   1.4007e-26 -7.51269e-20  2.94684e-27 -1.29961e-20  5.13028e-28 -1.84199e-21  6.96164e-29 -2.23235e-22  6.62946e-30  -2.3525e-23  2.23971e-31 -2.16832e-24 -7.55705e-32 -1.74748e-25 -2.19719e-32 -1.22558e-26 -3.57477e-33 -7.41446e-28 -4.15265e-34 -3.81758e-29 -3.66448e-35 -1.64056e-30 -2.51074e-36 -5.71853e-32 -1.31701e-37 -1.54773e-33 -5.01166e-39 -3.02362e-35 -1.24981e-40 -3.68998e-37 -1.63079e-42 -1.81761e-39
-1.04184e-07 -1.09716e-19  2.88436e-06   6.2778e-18 -2.49425e-05 -1.92561e-17  8.12577e-05  3.16353e-18  0.000129781  7.18162e-17  -0.00218149 -1.54384e-16   0.00914547  1.69621e-16   -0.0213089 -8.13834e-17    0.0294884 -9.00149e-17    -0.020917  1.98755e-16  0.000138682 -1.19372e-16    0.0101167 -2.52801e-17  -0.00248083  4.32508e-17   -0.0042638  4.04563e-17   0.00072232 -5.80353e-17   0.00182101  -1.9813e-17  0.000242013  4.94516e-17 -0.000561268  5.76656e-18 -0.000320359 -2.73814e-17   2.5471e-05 -5.60671e-18  0.000109622  1.15782e-17  5.39144e-05  5.85111e-18  2.42664e-06 -2.55766e-18 -1.19268e-05 -3.35702e-18 -7.94806e-06 -7.12515e-19 -2.41652e-06  7.40421e-19   6.5283e-08  6.38575e-19  4.88815e-07   1.4943e-19  2.94975e-07 -9.00234e-20  1.05566e-07 -8.92565e-20  2.16073e-08 -3.16885e-20 -1.08219e-09 -1.73026e-21 -3.22667e-09  4.15876e-21 -1.69515e-09  3.04693e-21 -6.01177e-10  1.51673e-21 -1.62827e-10   5.5862e-22  -3.3312e-11  1.33895e-22 -4.21276e-12  2.69914e-23  2.35037e-13  2.29414e-23  3.50153e-13  2.51047e-23  1.34339e-13  1.91311e-23  3.71042e-14  1.11752e-23  8.42009e-15  5.33397e-24  1.63977e-15  2.13679e-24  2.78789e-16  7.27873e-25  4.15781e-17  2.14128e-25   5.4153e-18  5.55309e-26  6.06317e-19  1.28071e-26  5.61709e-20  2.57416e-27  3.86739e-21  4.32831e-28  1.08419e-22  5.83993e-29 -1.99697e-23  6.00324e-30 -4.46264e-24  3.84975e-31 -5.64614e-25 -1.09226e-32 -5.43057e-26 -7.99676e-33 -4.23716e-27 -1.39423e-33  -2.7277e-28 -1.57239e-34 -1.44484e-29 -1.29622e-35 -6.19588e-31 -8.07421e-37 -2.08584e-32 -3.73502e-38 -5.22771e-34 -1.19765e-39  -8.8429e-36 -2.30283e-41 -8.03267e-38 -1.72516e-43
-2.82402e-19 -4.10499e-07 -1.10867e-18  8.22372e-06  1.46253e-17 -6.90377e-05 -3.06412e-17   0.00028885 -4.11332e-18 -0.000456203  9.87367e-17   -0.0012476 -1.78163e-16   0.00860186  1.86727e-16   -0.0218727 -9.00149e-17    0.0299166 -9.70769e-17   -0.0188001  1.97098e-16  -0.00352245 -9.18447e-17    0.0110707 -5.86254e-17 -0.000481921  6.33922e-17  -0.00501636  4.07056e-17 -0.000335029 -7.03985e-17   0.00196617 -1.38746e-17  0.000741598  5.20676e-17 -0.000427589  4.77156e-18 -0.000447242 -2.89404e-17 -8.60891e-05 -6.66807e-18  8.93112e-05  1.23277e-17  7.60351e-05  7.12408e-18  2.18621e-05 -2.26758e-18 -5.41021e-06 -3.80578e-18 -8.48831e-06  -1.1207e-18 -4.25216e-06  6.52838e-19  -1.0302e-06  7.20876e-19  1.24753e-07  2.28499e-19  2.52809e-07 -6.16748e-20  1.37714e-07 -9.25675e-20   4.7996e-08 -4.20073e-20  1.06998e-08 -7.99966e-21  5.29468e-10  2.34305e-21 -8.47012e-10  3.10663e-21 -5.08684e-10  1.85016e-21 -1.90477e-10  7.71178e-22 -5.50366e-11  2.49816e-22 -1.28331e-11  9.16299e-23 -2.37098e-12  5.66568e-23 -3.05095e-13  4.05259e-23 -6.82122e-15  2.52022e-23  1.08753e-14  1.31907e-23   4.2652e-15  5.86283e-24  1.10196e-15  2.22176e-24  2.29562e-16   7.2019e-25  4.08918e-17   2.0209e-25   6.3807e-18  5.00176e-26  8.81805e-19  1.10038e-26  1.08414e-19  2.11365e-27  1.18627e-20  3.42742e-28  1.15218e-21  4.55809e-29  9.87887e-23  4.85228e-30  7.41285e-24  3.83386e-31  4.80601e-25  1.38543e-32  2.64128e-26 -1.88892e-33  1.19392e-27 -4.49399e-34  4.20565e-29 -5.14668e-35  1.01866e-30 -4.01192e-36  9.35598e-33 -2.27034e-37 -4.20958e-34 -9.15497e-39 -2.07274e-35 -2.40021e-40 -3.96741e-37  -3.2579e-42 -2.61306e-39
  -1.514e-09 -8.29994e-19 -6.86388e-07 -4.14086e-18  1.52039e-05  2.79284e-17  -0.00013334 -4.18034e-17   0.00061043 -1.51315e-17  -0.00142956  1.16603e-16  0.000554361 -1.84675e-16   0.00671177  1.95765e-16    -0.020917 -9.70769e-17     0.029048 -1.01569e-16    -0.016031  1.90403e-16   -0.0068186 -7.18364e-17    0.0111051 -7.65735e-17   0.00173996  7.89471e-17  -0.00521323    3.516e-17  -0.00152923  -7.7625e-17    0.0017915 -7.57754e-18   0.00121668  5.36765e-17  -0.00015878  3.01308e-18 -0.000500731 -3.06345e-17 -0.000210993 -7.47462e-18  3.49511e-05  1.31149e-17   8.1528e-05  8.38566e-18  4.09969e-05 -1.83729e-18  5.62172e-06 -4.13806e-18 -5.88294e-06 -1.53768e-18 -5.01832e-06   5.0087e-19 -2.08688e-06  7.60923e-19 -4.29064e-07  3.00211e-19  7.58807e-08 -2.68824e-20   1.1282e-07 -9.05065e-20  5.82063e-08 -5.05937e-20  2.02464e-08 -1.44479e-20  4.95947e-09 -7.08584e-23  6.51289e-10  2.73715e-21 -1.17083e-10  2.00371e-21 -1.15402e-10  9.53659e-22  -4.8006e-11  3.82038e-22 -1.47561e-11  1.71761e-22  -3.7037e-12  9.70668e-23 -7.80876e-13  5.74384e-23 -1.37795e-13  3.10297e-23 -1.95076e-14  1.47534e-23 -1.87838e-15  6.11029e-24  2.48797e-18  2.18502e-24  5.42793e-17  6.72425e-25  1.59746e-17  1.79717e-25   3.2343e-18  4.24176e-26  5.32254e-19  8.89807e-27  7.48975e-20  1.63239e-27   9.1989e-21   2.5466e-28  9.94555e-22  3.31054e-29  9.48755e-23  3.54981e-30  7.97194e-24  3.04082e-31  5.87077e-25  1.79341e-32  3.75829e-26  1.95053e-34  2.06671e-27 -1.02563e-34  9.60017e-29 -1.38292e-35  3.67818e-30 -1.05546e-36  1.12216e-31 -5.45966e-38  2.57843e-33  -1.8947e-39  4.03837e-35 -3.88114e-41   3.4274e-37 -3.05075e-43
 5.16552e-19  -1.4939e-07 -1.50817e-18  5.39248e-07 -1.05247e-17  1.52937e-05  4.51125e-17 -0.000186581 -4.93426e-17  0.000968278 -2.65486e-17  -0.00265211  1.17705e-16   0.00303136 -1.73419e-16   0.00372944  1.98755e-16   -0.0188001 -1.01569e-16    0.0273605 -1.01435e-16   -0.0130934  1.76931e-16  -0.00949726 -6.14327e-17    0.0103497 -7.82526e-17    0.0039039   8.9242e-17  -0.00484003  2.48501e-17  -0.00267944 -8.01406e-17   0.00130354 -1.27695e-19   0.00156979   5.4364e-17  0.000206082  2.24046e-19 -0.000453847 -3.26061e-17 -0.000318014 -8.12882e-18  -4.5372e-05  1.38805e-17  6.43007e-05  9.62943e-18  5.30396e-05 -1.24019e-18  1.83034e-05 -4.30689e-18 -2.64347e-07 -1.92271e-18 -4.07737e-06  2.99379e-19 -2.61934e-06  7.52834e-19 -9.65055e-07  3.53125e-19 -1.85025e-07  7.16964e-21  2.91668e-08  -8.5083e-20  4.30501e-08 -5.71927e-20  2.18783e-08 -2.06009e-20  7.70793e-09 -2.89232e-21  2.04406e-09  1.96146e-21  3.83084e-10  1.95973e-21  2.76702e-11  1.08611e-21 -1.46413e-11  5.14821e-22 -8.61199e-12  2.57232e-22 -2.94743e-12  1.38734e-22 -7.87853e-13  7.34002e-23 -1.76926e-13  3.57096e-23 -3.42759e-14  1.56043e-23 -5.77387e-15  6.03388e-24 -8.41613e-16  2.03387e-24 -1.03925e-16  5.93356e-25 -1.02582e-17  1.50867e-25 -6.57685e-19  3.39245e-26  1.26432e-20  6.77971e-27   1.2316e-20   1.1864e-27  2.39714e-21  1.77536e-28  3.28304e-22  2.23895e-29  3.62207e-23  2.37128e-30  3.35028e-24  2.07696e-31  2.63044e-25  1.40389e-32  1.75266e-26  5.87281e-34   9.8249e-28 -2.68252e-36  4.55691e-29 -2.60841e-36  1.70244e-30 -2.21347e-37  4.90918e-32 -1.07792e-38  1.01629e-33 -3.18424e-40   1.3076e-35 -4.71493e-42  6.75968e-38
 2.80449e-08  1.71515e-18 -8.11352e-07 -1.78816e-18  6.48081e-06 -2.08719e-17 -8.75168e-06  6.28791e-17 -0.000166564 -5.03948e-17   0.00120444 -3.36365e-17  -0.00383127  9.88473e-17   0.00576927 -1.49101e-16  0.000138682  1.97098e-16    -0.016031 -1.01435e-16    0.0253359 -9.43966e-17   -0.0103329  1.55171e-16   -0.0114862 -5.96519e-17   0.00901442 -6.63988e-17   0.00579756  9.38579e-17  -0.00397042   1.1018e-17  -0.00362932 -7.83419e-17    0.0005648  9.09569e-18   0.00172741  5.44579e-17  0.000604785 -3.58672e-18 -0.000301979 -3.49704e-17 -0.000377055 -8.82909e-18 -0.000134638  1.44844e-17  2.46032e-05  1.08142e-17  5.24031e-05 -4.63113e-19  2.85529e-05 -4.26636e-18  6.97756e-06 -2.22487e-18 -1.39412e-06  7.62682e-20 -2.27765e-06  6.98754e-19  -1.2401e-06   3.7822e-19 -4.26147e-07  3.28168e-20 -8.41853e-08 -7.95075e-20  5.68107e-09 -6.24087e-20  1.35378e-08 -2.63227e-20  7.09429e-09 -5.96875e-21  2.55915e-09   8.4524e-22  7.19816e-10  1.72951e-21  1.59796e-10  1.15563e-21  2.58419e-11  6.31019e-22  1.74108e-12  3.35841e-22  -6.9171e-13  1.75301e-22 -3.70577e-13  8.58297e-23  -1.1352e-13  3.84426e-23 -2.72269e-14  1.55867e-23 -5.52077e-15  5.64226e-24 -9.75061e-16   1.7926e-24 -1.52005e-16   4.9536e-25 -2.10269e-17  1.19703e-25 -2.58161e-18  2.56165e-26 -2.80212e-19  4.87129e-27 -2.66562e-20  8.11741e-28 -2.18797e-21  1.16143e-28 -1.50553e-22  1.41116e-29 -8.16212e-24  1.45484e-30 -2.87535e-25  1.26083e-31   1.0913e-27  8.80856e-33    1.119e-27  4.52721e-34  1.01081e-28  1.36873e-35  5.76073e-30 -5.52077e-38  2.33586e-31  -2.9994e-38  6.69606e-33 -1.59133e-39  1.25508e-34 -4.03533e-41  1.23644e-36 -3.63187e-43
 -5.4205e-19  1.00017e-07  3.88661e-18 -2.33002e-06 -9.38082e-19  2.03922e-05 -3.43045e-17 -7.58222e-05  7.65268e-17 -1.23044e-06 -4.38224e-17    0.0011291 -3.24303e-17  -0.00460978  6.29939e-17   0.00827107 -1.19372e-16  -0.00352245  1.90403e-16   -0.0130934 -9.43966e-17    0.0233378 -7.92417e-17  -0.00792788  1.25396e-16   -0.0128396 -6.32015e-17    0.0073177 -4.57608e-17   0.00729428  9.21688e-17  -0.00272956 -5.28637e-18  -0.00426994 -7.26795e-17 -0.000326454  2.04269e-17   0.00165244  5.44785e-17  0.000966884 -8.07592e-18 -6.38917e-05 -3.77189e-17 -0.000367277 -9.81009e-18  -0.00021131  1.47206e-17 -3.04317e-05  1.18468e-17  3.68284e-05  4.73766e-19  3.24689e-05 -3.98299e-18  1.35796e-05  -2.3894e-18  2.35347e-06 -1.30283e-19 -1.03346e-06  6.09818e-19 -1.09078e-06  3.71432e-19 -5.37027e-07  4.38134e-20 -1.79022e-07 -7.73512e-20 -3.86835e-08 -6.74727e-20 -1.62364e-09 -3.18029e-20  3.18816e-09 -9.21767e-21  1.88821e-09 -5.28908e-22  7.10537e-10  1.34227e-21  2.09001e-10  1.15531e-21  5.05768e-11  7.14568e-22  1.00997e-11  3.95795e-22  1.59192e-12  2.00995e-22  1.62843e-13  9.26861e-23 -4.52311e-15    3.876e-23 -7.56207e-15  1.46927e-23 -2.38504e-15  4.99373e-24 -5.36054e-16  1.49629e-24 -9.89963e-17  3.91507e-25 -1.57337e-17  8.98407e-26 -2.19475e-18  1.82763e-26 -2.71097e-19  3.30234e-27 -2.97482e-20  5.22993e-28 -2.89912e-21  7.13058e-29 -2.50178e-22  8.29501e-30 -1.90135e-23  8.23033e-31 -1.26258e-24  6.91043e-32 -7.24562e-26   4.7594e-33 -3.54037e-27  2.54607e-34 -1.44304e-28  9.78887e-36 -4.76561e-30  2.30144e-37 -1.22036e-31  1.04168e-39 -2.25283e-33 -1.22192e-40 -2.59644e-35 -3.21572e-42  -1.2092e-37
 4.57293e-09 -1.77037e-18  1.00655e-07  6.98229e-18 -3.98727e-06  1.57128e-18  4.06237e-05 -4.83621e-17 -0.000189682  8.16631e-17  0.000348809 -3.05679e-17  0.000603918 -2.15779e-17  -0.00469478  1.82239e-17    0.0101167 -9.18447e-17   -0.0068186  1.76931e-16   -0.0103329 -7.92417e-17    0.0215717 -5.68656e-17  -0.00592173  9.02876e-17   -0.0136726 -6.74445e-17   0.00544378 -2.13746e-17   0.00834352  8.33821e-17  -0.00125954 -2.34342e-17   -0.0045458 -6.38698e-17  -0.00125861  3.37896e-17   0.00134665  5.50184e-17   0.00122832 -1.25961e-17  0.000222969 -4.06551e-17  -0.00028243 -1.12574e-17 -0.000255061  1.43634e-17 -8.84415e-05  1.25846e-17  8.46243e-06  1.50578e-18  2.77724e-05 -3.44783e-18  1.71903e-05 -2.36849e-18  5.97109e-06 -2.78125e-19  7.67117e-07  5.04984e-19  -5.2071e-07  3.35089e-19 -4.55133e-07  3.69766e-20 -2.11413e-07 -8.14874e-20 -7.01103e-08  -7.3739e-20 -1.67173e-08 -3.73874e-20 -2.16622e-09 -1.26033e-20  3.77462e-10   -2.075e-21  3.73025e-10  8.35397e-22  1.55157e-10   1.0834e-21  4.79256e-11  7.53107e-22  1.21851e-11  4.28215e-22  2.63751e-12  2.12016e-22  4.90057e-13   9.2994e-23  7.73494e-14  3.66484e-23  9.96289e-15  1.30659e-23  9.15407e-16  4.18157e-24  1.83958e-17  1.18279e-24  -1.5321e-17  2.93017e-25 -4.35119e-18  6.38078e-26 -7.97726e-19  1.23249e-26 -1.16511e-19  2.11278e-27 -1.43591e-20  3.17322e-28 -1.52544e-21  4.10866e-29 -1.40717e-22  4.54999e-30 -1.12703e-23  4.30445e-31 -7.79517e-25  3.44925e-32 -4.60889e-26  2.27872e-33 -2.29307e-27  1.19056e-34  -9.3798e-29  4.68898e-36 -3.04621e-30  1.30479e-37 -7.42914e-32  2.23547e-39  -1.2313e-33  1.49098e-41 -1.10234e-35 -5.88624e-44
 3.26494e-19  5.69958e-08 -3.98483e-18 -4.65767e-07  1.06073e-17 -2.61556e-06  5.71209e-18  5.48756e-05 -5.98323e-17 -0.000321223  7.59086e-17  0.000848651 -1.31367e-17 -0.000383248 -2.79556e-18  -0.00396083 -2.52801e-17    0.0110707 -7.18364e-17  -0.00949726  1.55171e-16  -0.00792788 -5.68656e-17    0.0201093 -3.05354e-17  -0.00427745   5.4375e-17   -0.0141107 -6.74197e-17   0.00352702  2.75445e-18   0.00894928  6.69861e-17  0.000305075  -4.3183e-17  -0.00444918 -5.30502e-17  -0.00212538  4.86029e-17   0.00084539  5.65779e-17    0.0013425 -1.63203e-17  0.000510788 -4.33914e-17  -0.00013233 -1.32304e-17 -0.000252081  1.32287e-17 -0.000135096  1.28618e-17 -2.64885e-05  2.52811e-18  1.47435e-05 -2.68452e-18  1.62488e-05 -2.13308e-18  8.18276e-06  -3.2966e-19  2.51853e-06  4.07573e-19   2.8693e-07  2.77635e-19 -1.99536e-07  1.30675e-20 -1.64157e-07 -9.31529e-20 -7.42557e-08 -8.20944e-20 -2.48076e-08 -4.33276e-20  -6.3981e-09 -1.60715e-20 -1.19303e-09 -3.70128e-21 -9.67767e-11  2.50462e-22  3.76906e-11  9.43841e-22  2.33615e-11  7.40525e-22  8.04759e-12  4.29054e-22  2.15453e-12  2.07374e-22  4.85454e-13  8.70402e-23   9.4887e-14  3.25329e-23  1.62936e-14  1.09599e-23   2.4665e-15  3.31159e-24  3.27983e-16  8.85273e-25   3.7861e-17   2.0767e-25  3.69523e-18  4.28882e-26  2.86198e-19  7.85665e-27   1.4112e-20  1.27567e-27 -2.61302e-22  1.81293e-28 -1.64844e-22  2.22161e-29 -2.37411e-23  2.32954e-30 -2.36598e-24  2.08448e-31 -1.84653e-25  1.57547e-32 -1.16323e-26  9.79859e-34 -5.91437e-28  4.82945e-35 -2.38263e-29  1.80701e-36 -7.32178e-31  4.84424e-38 -1.60083e-32  8.32534e-40 -2.15979e-34  6.98951e-42 -1.16388e-36
