 3.22963e-07  3.08105e-21  -3.3781e-06 -5.23483e-20  1.18919e-05  2.30112e-19 -2.03613e-05 -4.82663e-19  1.67113e-05  5.73332e-19  -3.0805e-06  -5.2889e-19  -3.8336e-06  8.71392e-19  8.37326e-07 -1.78749e-18   1.1303e-06  2.39875e-18  7.68639e-08 -1.84051e-18 -2.57097e-07   6.2445e-19 -1.25113e-07   1.4134e-19  2.11507e-09 -2.08156e-19  2.95346e-08  4.21988e-20  1.55953e-08  3.10516e-20  2.68683e-09 -1.46715e-20 -1.54864e-09 -4.17572e-21 -1.45172e-09  2.64242e-21 -6.09683e-10  6.93749e-22 -1.26805e-10 -1.26368e-22  2.10766e-11 -5.83542e-23  3.28021e-11 -8.13455e-23  1.72407e-11 -3.33883e-23  6.07447e-12  9.90047e-24  1.45944e-12   1.5051e-23  1.38397e-13  5.94644e-24 -8.28654e-14 -3.37203e-25 -6.17119e-14 -1.50568e-24 -2.63075e-14 -8.06865e-25 -8.70293e-15 -2.24318e-25 -2.39156e-15   2.4678e-26 -5.52024e-16  4.24625e-26 -1.03544e-16   1.4056e-26 -1.36013e-17  3.98368e-27 -1.34781e-19  1.83714e-27  6.61196e-19  1.02991e-27  2.80899e-19  6.18536e-28  8.25805e-20  3.23531e-28  2.01675e-20  1.24796e-28  4.32856e-21   3.5113e-29  8.37052e-22  7.59135e-30  1.47749e-22  1.25164e-30  2.39815e-23  9.28622e-32  3.59498e-24  -3.5465e-32  4.98956e-25 -1.81687e-32  6.41942e-26 -4.63641e-33  7.65779e-27 -8.44185e-34  8.46543e-28 -1.23138e-34  8.66115e-29 -1.32195e-35  8.18459e-30 -4.10535e-37  7.12292e-31  2.00546e-37  5.68674e-32  5.35821e-38  4.14376e-33  8.46646e-39  2.73769e-34  1.04428e-39  1.62591e-35  1.06274e-40  8.58198e-37  8.81883e-42  3.96727e-38  5.89813e-43  1.57603e-39  3.18067e-44  5.24098e-41  1.36378e-45  1.40385e-42    4.439e-47  2.85358e-44  1.01513e-48  3.97891e-46  1.41716e-50   3.0274e-48  7.84187e-53
 3.08105e-21  5.11667e-06   3.3643e-20 -2.98875e-05  -3.9038e-19  7.73458e-05  1.32545e-18 -0.000102148 -2.17188e-18  5.96188e-05  1.69544e-18  4.17908e-06 -3.24409e-19 -1.70221e-05  5.97357e-19 -1.86545e-06 -3.39114e-18  4.22612e-06  5.52103e-18  1.68993e-06 -4.21207e-18 -4.57696e-07  1.23583e-18 -6.13897e-07  4.20294e-19  -1.8632e-07  -4.6066e-19  4.37678e-08   8.4332e-20  6.53481e-08  6.89207e-20  2.85654e-08 -3.03226e-20  3.86948e-09 -1.13656e-20  -3.1344e-09  4.47612e-21 -2.65297e-09  2.36206e-21 -1.11606e-09  4.42212e-22 -2.64951e-10 -1.72282e-22  6.80179e-12 -3.72602e-22  4.27649e-11 -1.44801e-22  2.53662e-11  3.07185e-23  9.91401e-12  5.60181e-23  2.88081e-12  2.42213e-23  5.80611e-13  2.30061e-25  3.42006e-14 -5.11043e-24 -3.62677e-14 -3.14374e-24  -2.2485e-14 -1.00241e-24 -8.76731e-15 -4.28537e-26 -2.73814e-15  8.98041e-26 -7.30696e-16  4.13118e-26 -1.70482e-16  1.92782e-26 -3.49132e-17  1.09046e-26  -6.1941e-18   5.8259e-27 -9.10836e-19  2.98402e-27 -9.53791e-20  1.35012e-27 -1.02358e-21  4.82664e-28  2.86198e-21  1.33854e-28  9.84117e-22  3.00026e-29  2.32819e-22  5.51926e-30  4.56249e-23  7.07079e-31  7.83032e-24  1.91224e-33  1.20504e-24 -2.78067e-32  1.68213e-25 -8.27924e-33    2.142e-26 -1.56879e-33  2.49407e-27  -2.3399e-34  2.65583e-28   -2.582e-35  2.58252e-29 -1.07135e-36  2.28637e-30  2.83302e-37  1.83486e-31  7.85372e-38  1.32693e-32  1.19918e-38   8.5816e-34  1.40804e-39  4.91463e-35  1.35089e-40  2.46086e-36  1.04538e-41  1.05968e-37  6.44143e-43  3.83932e-39  3.15228e-44  1.13501e-40   1.2006e-45  2.61417e-42  3.36001e-47  4.34918e-44   6.2308e-49  4.51928e-46  6.10684e-51  1.89576e-48
 -3.3781e-06   3.3643e-20  3.94563e-05  2.08485e-19 -0.000157439  -1.8063e-18  0.000313975  4.95901e-18 -0.000321294 -6.65379e-18  0.000119035   3.4081e-18   5.3956e-05  2.37587e-18 -3.82359e-05 -2.94609e-18 -1.82408e-05 -3.61897e-18  6.61628e-06  8.79693e-18  6.89485e-06 -6.61206e-18  9.43529e-07  1.61291e-18  -1.3038e-06  7.42715e-19 -8.72743e-07 -6.80116e-19 -1.63037e-07  1.34911e-19  1.02326e-07  1.08783e-19  9.48636e-08 -4.73581e-20  3.66516e-08  -2.4005e-20  4.31859e-09   4.3554e-21  -4.0183e-09  5.68464e-21 -3.28358e-09   2.3017e-21 -1.41468e-09 -2.80984e-22 -3.83452e-10 -1.01136e-21 -3.44708e-11 -4.20348e-22  3.06895e-11  6.13297e-23  2.29603e-11  1.46398e-22  1.00387e-11   6.7768e-23  3.32602e-12  4.18551e-24   8.6867e-13 -1.21155e-23  1.67597e-13 -8.50365e-24  1.47195e-14 -3.12598e-24 -5.64774e-15 -5.20479e-25 -3.87731e-15  4.66396e-26 -1.48415e-15  7.41628e-26 -4.49149e-16  5.87778e-26 -1.16727e-16  3.76964e-26 -2.69153e-17  1.98372e-26 -5.59226e-18   9.3731e-27 -1.05478e-18  3.87356e-27 -1.81064e-19  1.30935e-27 -2.82501e-20  3.57962e-28 -3.98369e-21  8.19646e-29 -5.01668e-22  1.60427e-29 -5.50554e-23  2.50698e-30 -4.97608e-24   2.4353e-31 -3.07779e-25 -3.83397e-33  2.05686e-27 -6.57606e-33   4.4218e-27 -1.51336e-33  8.69765e-28 -2.44531e-34  1.20041e-28 -2.77173e-35  1.35426e-29 -1.05404e-36   1.3066e-30  3.18621e-37  1.09572e-31  8.15988e-38  8.02109e-33  1.16902e-38  5.11328e-34   1.2886e-39  2.81726e-35  1.15523e-40  1.32501e-36  8.27509e-42  5.22458e-38  4.66069e-43  1.68402e-39  2.04911e-44  4.27373e-41  6.83234e-46  8.04199e-43  1.60419e-47  1.00981e-44  2.28825e-49  6.69774e-47  1.28549e-51
-5.23483e-20 -2.98875e-05  2.08485e-19  0.000197455  8.86182e-19 -0.000588759 -6.03773e-18  0.000929751  1.38862e-17 -0.000727878 -1.59588e-17  0.000114969  5.63804e-18  0.000185905  9.28358e-18 -3.98504e-05 -1.12143e-17 -5.78411e-05 -1.89702e-18 -2.64104e-06  1.14824e-17  1.48138e-05 -8.12768e-18  6.66816e-06  1.52916e-18 -6.81481e-07  8.90858e-19 -1.97625e-06 -7.91524e-19 -9.17967e-07  2.18708e-19 -8.32904e-08  1.54361e-19  1.47312e-07 -6.68466e-20   1.0744e-07 -4.58369e-20  3.85871e-08  9.15698e-22  4.65018e-09   1.1104e-20 -3.74507e-09  5.96868e-21 -3.14004e-09 -2.99202e-22 -1.40903e-09  -2.1132e-21 -4.29961e-10  -9.3729e-22 -7.60224e-11  1.05694e-22  7.70638e-12  3.12549e-22   1.3411e-11  1.52423e-22   6.9423e-12  1.62703e-23  2.58147e-12  -2.3297e-23  7.76718e-13 -1.87631e-23   1.9409e-13  -7.9227e-24  3.93256e-14  -2.0783e-24     5.68e-15 -3.20115e-25  1.59146e-16  7.49677e-26 -2.60227e-16  1.35045e-25 -1.21596e-16  9.57771e-26 -3.79957e-17  5.01972e-26 -9.77106e-18  2.25896e-26  -2.1984e-18  8.78171e-27 -4.44384e-19  2.84503e-27 -8.18259e-20  7.66672e-28 -1.38331e-20  1.77226e-28  -2.1571e-21  3.58129e-29 -3.11126e-22  6.11727e-30 -4.15669e-23   8.1906e-31 -5.14682e-24  7.90745e-32 -5.90503e-25  4.74115e-33 -6.27241e-26 -6.43085e-35 -6.15935e-27 -7.69256e-35 -5.57937e-28  -1.0279e-35 -4.64824e-29  4.74338e-37 -3.54734e-30  3.92431e-37 -2.46662e-31  7.48998e-38 -1.55164e-32  9.45652e-39 -8.74695e-34  9.48844e-40  -4.3639e-35  7.80006e-41 -1.89516e-36  5.10192e-42 -7.00385e-38  2.59415e-43 -2.13358e-39   1.0101e-44 -5.11204e-41  2.88953e-46 -8.93132e-43  5.49186e-48 -9.82027e-45   5.4956e-50 -4.37536e-47
 1.18919e-05  -3.9038e-19 -0.000157439  8.86182e-19  0.000721541  2.80145e-18   -0.0016919 -1.55328e-17   0.00214648  3.08261e-17  -0.00123639 -3.16297e-17 -0.000109756  8.51018e-18  0.000394637  2.06011e-17  3.63341e-05 -2.32271e-17 -0.000109875  5.35482e-19 -3.93235e-05  1.33471e-17  1.65616e-05 -8.01525e-18  1.74917e-05  1.00389e-18  4.07869e-06  6.37092e-19 -2.20532e-06 -8.19316e-19  -2.1987e-06  3.65571e-19 -7.86664e-07  2.26064e-19 -1.45055e-09 -8.88396e-20  1.60943e-07 -8.01841e-20  1.02126e-07 -6.77314e-21   3.5578e-08  1.86536e-20  5.06291e-09  1.15092e-20    -2.57e-09  -2.9668e-22 -2.40633e-09 -3.77185e-21  -1.1431e-09 -1.72004e-21 -3.85944e-10  1.91929e-22 -9.24955e-11  5.86425e-22 -1.05509e-11  2.97578e-22  3.71253e-12  4.36936e-23  3.11538e-12 -3.88746e-23  1.36113e-12 -3.62283e-23  4.58952e-13  -1.7334e-23  1.30086e-13 -5.76365e-24  3.18841e-14 -1.38588e-24   6.7862e-15 -3.28649e-26  1.23225e-15  2.51158e-25  1.79346e-16  1.96021e-25  1.61695e-17  1.02842e-25 -1.18845e-18  4.47691e-26 -1.04274e-18  1.66473e-26 -3.24959e-19   5.2138e-27 -7.64263e-20   1.3839e-27 -1.52595e-20  3.19996e-28 -2.69586e-21  6.54667e-29  -4.2945e-22  1.16311e-29 -6.22813e-23  1.74475e-30 -8.26337e-24  2.23062e-31 -1.00513e-24  2.56455e-32 -1.12108e-25   2.7033e-33 -1.14506e-26  2.51079e-34 -1.06825e-27  2.38664e-35 -9.06708e-29  3.32209e-36 -6.96516e-30  5.29478e-37 -4.80942e-31  6.88068e-38 -2.95906e-32  7.13578e-39 -1.60418e-33  6.22281e-40 -7.55322e-35  4.54405e-41 -3.03068e-36  2.65277e-42  -1.0097e-37   1.1944e-43 -2.69078e-39  4.03345e-45 -5.41402e-41  9.61445e-47 -7.43064e-43  1.39858e-48 -5.51992e-45   7.9965e-51
 2.30112e-19  7.73458e-05  -1.8063e-18 -0.000588759  2.80145e-18   0.00205443  6.87983e-18  -0.00391376 -3.18123e-17   0.00400545  5.60446e-17  -0.00154279 -5.34384e-17  -0.00070715  1.22328e-17  0.000573568  3.48046e-17  0.000244879 -3.56805e-17 -0.000127308  1.20185e-18 -0.000108089  1.44243e-17 -4.29123e-06 -5.92119e-18  2.75577e-05   3.3985e-19   1.4713e-05 -1.34747e-19  9.59301e-07 -8.78202e-19 -2.99232e-06  5.79061e-19 -2.00622e-06  3.45497e-19 -5.84378e-07 -1.08593e-19  4.65799e-08 -1.26037e-19   1.4429e-07 -1.81319e-20  8.45141e-08  2.80027e-20  2.95565e-08  1.82248e-20   5.2612e-09 -7.10203e-22 -1.14346e-09  -6.0919e-21 -1.46662e-09   -2.716e-21 -7.56663e-10  3.88118e-22 -2.79126e-10  1.01258e-21 -7.95127e-11  5.28534e-22 -1.66468e-11  9.60642e-23 -1.66682e-12 -5.86512e-23  5.64668e-13 -6.35525e-23  4.28737e-13 -3.37373e-23   1.7377e-13 -1.28505e-23  5.51273e-14 -3.60696e-24  1.49292e-14 -3.60378e-25  3.56877e-15  3.90701e-25   7.6454e-16  3.38598e-25  1.47706e-16  1.78439e-25  2.57382e-17  7.57849e-26    4.021e-18  2.72198e-26  5.54671e-19  8.28422e-27  6.52414e-20  2.16326e-27  5.94987e-21  4.96781e-28  2.61862e-22  1.01562e-28 -4.45762e-23   1.8277e-29 -1.54715e-23  2.86444e-30 -2.93323e-24  3.98311e-31 -4.35983e-25    5.086e-32 -5.50449e-26  5.96507e-33 -6.07648e-27  6.27484e-34  -5.9334e-28  6.17113e-35 -5.14288e-29  6.31401e-36 -3.95217e-30  6.66005e-37 -2.68005e-31  6.41887e-38 -1.59107e-32  5.36351e-39 -8.17568e-34  3.91909e-40 -3.57971e-35  2.45176e-41 -1.30705e-36  1.23929e-42 -3.85952e-38   4.8093e-44 -8.80228e-40  1.36742e-45 -1.43783e-41  2.60152e-47 -1.45237e-43   2.6271e-49 -5.84502e-46
-2.03613e-05  1.32545e-18  0.000313975 -6.03773e-18   -0.0016919  6.87983e-18   0.00475127  1.34395e-17   -0.0075177 -5.27973e-17   0.00616386  8.53532e-17  -0.00119088 -7.89228e-17  -0.00167382  1.65475e-17  0.000521766  4.98147e-17  0.000573824 -4.46685e-17 -3.94882e-05 -2.02355e-18 -0.000183717  1.45605e-17 -6.07672e-05 -1.99244e-18  2.32389e-05 -8.54373e-22  2.80437e-05 -1.34974e-18  9.51296e-06 -1.09176e-18 -1.28489e-06  8.19236e-19 -2.98947e-06  5.12086e-19 -1.59274e-06 -1.19132e-19 -3.97007e-07 -1.75628e-19  5.58051e-08 -2.94624e-20  1.09848e-07  3.88624e-20  6.18947e-08  2.45787e-20  2.22595e-08 -2.44327e-21  4.89299e-09 -9.23149e-21 -4.58206e-11 -3.80672e-21 -6.67376e-10  8.07269e-22 -3.98553e-10  1.65634e-21 -1.60782e-10  8.78642e-22 -5.12926e-11  1.84707e-22 -1.33514e-11 -8.21876e-23 -2.74445e-12 -1.03309e-22 -3.68934e-13 -5.93843e-23  1.31471e-14 -2.44741e-23   3.0258e-14 -7.38247e-24  1.30303e-14 -1.02749e-24  4.06745e-15  5.13534e-25   1.0644e-15  5.06979e-25  2.45225e-16  2.69329e-25  5.08719e-17  1.12184e-25  9.61787e-18  3.91496e-26  1.66877e-18  1.16129e-26  2.66826e-19  2.97891e-27  3.94109e-20  6.75659e-28  5.38394e-21  1.36796e-28   6.8056e-22  2.45482e-29  7.95863e-23  3.89218e-30  8.60481e-24  5.54483e-31  8.59287e-25  7.23782e-32  7.91484e-26   8.5991e-33  6.71277e-27  9.13857e-34  5.23047e-28  8.84514e-35  3.73277e-29  8.16518e-36  2.42931e-30  7.18807e-37  1.43263e-31  5.72066e-38  7.58494e-33  3.98923e-39  3.55702e-34  2.44032e-40  1.44937e-35  1.28222e-41  4.99301e-37  5.46428e-43  1.39808e-38  1.77414e-44  2.99578e-40  4.09022e-46   4.4249e-42  5.82664e-48  3.56507e-44  3.30451e-50
-4.82663e-19 -0.000102148  4.95901e-18  0.000929751 -1.55328e-17  -0.00391376  1.34395e-17   0.00919161  2.10254e-17   -0.0122653 -7.12357e-17   0.00788039  1.10942e-16  0.000185935 -1.04512e-16  -0.00274861   2.0281e-17  4.51332e-05  6.43098e-17  0.000904082 -4.75225e-17  0.000201858 -9.61652e-18 -0.000209226  1.33122e-17 -0.000146147  3.12161e-18 -1.02477e-05  3.67391e-19  3.43053e-05 -2.74413e-18   2.2078e-05 -1.49937e-18  4.71083e-06   1.0161e-18 -2.25458e-06  6.90435e-19 -2.48599e-06 -1.18708e-19 -1.14311e-06 -2.15808e-19 -2.59825e-07  -3.3457e-20   4.0614e-08  5.14048e-20  7.17263e-08  2.84851e-20  4.01822e-08 -6.74268e-21  1.50678e-08 -1.34026e-20  3.92521e-09 -4.83401e-21  4.86654e-10   1.6017e-21 -1.73326e-10  2.60555e-21 -1.55285e-10  1.38743e-21 -7.11293e-11  3.21042e-22 -2.49298e-11 -1.08621e-22 -7.28013e-12 -1.56985e-22 -1.81656e-12 -9.54542e-23 -3.85826e-13 -4.11137e-23 -6.69817e-14 -1.28707e-23 -8.12719e-15 -2.11817e-24 -4.33282e-17  5.63066e-25  3.57836e-16  6.68523e-25  1.40544e-16  3.59739e-25  3.84074e-17  1.47506e-25  8.71677e-18  5.01993e-26  1.73549e-18  1.45362e-26  3.10466e-19  3.65719e-27  5.05174e-20  8.15735e-28  7.52614e-21  1.62517e-28  1.03018e-21  2.87924e-29  1.29745e-22  4.53827e-30  1.50343e-23  6.45124e-31  1.60084e-24  8.36074e-32  1.56262e-25  9.79272e-33  1.39343e-26  1.02283e-33  1.12979e-27  9.61023e-35  8.27819e-29  8.30323e-36  5.43898e-30  6.56923e-37  3.17273e-31  4.60602e-38  1.62243e-32  2.79963e-39  7.15355e-34  1.46873e-40  2.65992e-35  6.51267e-42   8.0867e-37  2.31441e-43  1.92003e-38  6.14017e-45  3.30274e-40  1.10038e-46  3.55535e-42  1.06226e-48  1.54542e-44
 1.67113e-05 -2.17188e-18 -0.000321294  1.38862e-17   0.00214648 -3.18123e-17   -0.0075177  2.10254e-17    0.0152142  2.58434e-17   -0.0173005 -7.65654e-17   0.00829286  1.25452e-16   0.00259069 -1.27475e-16  -0.00347085  2.15271e-17 -0.000903117  7.79469e-17   0.00103921 -4.35887e-17  0.000572151 -2.01865e-17 -0.000121174  1.02749e-17  -0.00022579  8.41317e-18  -7.6773e-05  1.53873e-18  2.07508e-05 -3.95483e-18  3.23238e-05 -2.01381e-18  1.45752e-05  1.10444e-18  1.57083e-06  8.18724e-19 -2.24534e-06 -1.15583e-19 -1.81312e-06  -2.3248e-19 -7.60951e-07 -2.10052e-20 -1.70384e-07  6.61619e-20   1.8783e-08  2.77975e-20  3.97389e-08 -1.48679e-20  2.28667e-08 -1.87834e-20  9.00306e-09  -5.6042e-21  2.66232e-09  2.95316e-21  5.50196e-10  3.96079e-21  3.56124e-11  2.09276e-21 -3.40623e-11  5.14293e-22 -2.18619e-11 -1.35834e-22 -8.73402e-12 -2.23467e-22 -2.79443e-12 -1.40962e-22 -7.66451e-13  -6.2097e-23 -1.85115e-13 -1.98244e-23 -3.97883e-14 -3.62927e-24 -7.61549e-15   4.8571e-25 -1.28567e-15  7.83403e-25 -1.86369e-16   4.3005e-25 -2.15547e-17   1.7414e-25 -1.46655e-18  5.79374e-26  1.29516e-19   1.6391e-26  7.47456e-20  4.03851e-27  1.82543e-20  8.82814e-28   3.4007e-21   1.7226e-28  5.36396e-22  2.99262e-29  7.43077e-23   4.6397e-30   9.1851e-24  6.48884e-31  1.02006e-24  8.23218e-32  1.01994e-25  9.38773e-33  9.17283e-27   9.5184e-34  7.39508e-28  8.61366e-35  5.31471e-29  7.02718e-36  3.37838e-30  5.12864e-37  1.87959e-31   3.2654e-38  9.02583e-33  1.77822e-39  3.67179e-34  8.18978e-41  1.23331e-35   3.1103e-42  3.29583e-37  9.22709e-44  6.61504e-39  1.96745e-45  9.00751e-41  2.60804e-47  6.60153e-43  1.39256e-49
 5.73332e-19  5.96188e-05 -6.65379e-18 -0.000727878  3.08261e-17   0.00400545 -5.27973e-17   -0.0122653  2.58434e-17    0.0219547  2.27507e-17   -0.0214102 -6.00574e-17   0.00685252  1.26501e-16   0.00556749 -1.46956e-16  -0.00339105  1.84441e-17  -0.00214728   9.0525e-17  0.000799985 -3.39384e-17  0.000959838 -3.12069e-17  0.000110319  5.50295e-18 -0.000247233  1.27939e-17 -0.000160218  3.25087e-18 -2.03205e-05 -4.65445e-18  3.07859e-05 -2.45398e-18  2.44576e-05  1.05456e-18  8.44881e-06  8.33926e-19  6.39271e-08 -1.24377e-19 -1.74925e-06 -2.15021e-19 -1.19057e-06   1.5329e-20  -4.7633e-07  8.32362e-20 -1.12637e-07   2.0712e-20  1.95765e-09 -2.76757e-20  1.79442e-08 -2.53439e-20  1.11202e-08 -5.85085e-21  4.62793e-09  5.06279e-21  1.50177e-09  5.81473e-21  3.86839e-10   3.0194e-21   7.3073e-11  7.69667e-22  5.67019e-12 -1.59005e-22 -2.88173e-12  -2.9752e-22 -1.85517e-12 -1.91979e-22  -7.0065e-13 -8.53528e-23 -2.11094e-13 -2.75227e-23 -5.48204e-14 -5.43423e-24 -1.26665e-14  2.55763e-25 -2.64554e-15  8.18948e-25 -5.03835e-16  4.63584e-25 -8.79181e-17  1.85998e-25  -1.4091e-17  6.06126e-26 -2.07586e-18  1.67602e-26 -2.80929e-19  4.03847e-27 -3.48636e-20  8.62839e-28 -3.95605e-21   1.6431e-28 -4.08752e-22  2.78555e-29 -3.82419e-23  4.21821e-30 -3.21583e-24  5.75422e-31 -2.40709e-25  7.08745e-32 -1.58306e-26  7.81108e-33 -8.98793e-28  7.63059e-34 -4.30043e-29   6.6121e-35 -1.68026e-30   5.0979e-36 -5.22362e-32  3.46184e-37  -1.4082e-33  2.02511e-38 -5.34756e-35  9.99943e-40 -3.37995e-36  4.09247e-41 -1.95383e-37  1.34369e-42 -7.98143e-39  3.32673e-44 -2.13439e-40  5.58448e-46 -3.30749e-42  5.05095e-48 -1.95549e-44
 -3.0805e-06  1.69544e-18  0.000119035 -1.59588e-17  -0.00123639  5.60446e-17   0.00616386 -7.12357e-17   -0.0173005  2.27507e-17    0.0280903  7.64188e-18   -0.0235533 -1.99862e-17   0.00362336  1.17996e-16    0.0083734 -1.63242e-16  -0.00229853  1.01947e-17  -0.00334085  1.01116e-16  0.000124049 -2.06494e-17   0.00120484 -4.00738e-17  0.000453515  -3.3818e-19 -0.000165295  1.54087e-17  -0.00022622  5.00236e-18 -8.40357e-05 -4.66537e-18  9.85686e-06 -2.63129e-18  2.79638e-05  8.78891e-19   1.6102e-05  6.99484e-19  4.48086e-06  -1.5538e-19 -3.83042e-07 -1.58076e-19 -1.15214e-06  7.80936e-20 -7.11354e-07  1.01285e-19 -2.80479e-07  5.97521e-21 -7.28236e-08 -4.52419e-20 -6.21826e-09 -3.26337e-20  5.87419e-09 -5.17216e-21  4.40088e-09  8.13895e-21  1.97355e-09  8.22769e-21  6.89324e-10  4.16952e-21  1.99596e-10  1.08838e-21   4.8363e-11 -1.69074e-22   9.4735e-12 -3.69084e-22  1.28608e-12 -2.41651e-22  6.62579e-15 -1.07594e-22 -7.05714e-14 -3.48513e-23 -3.06427e-14 -7.28346e-24  -9.2502e-15 -1.06258e-25  -2.3168e-15  7.62804e-25 -5.08771e-16  4.52764e-25 -1.00389e-16  1.80708e-25 -1.80273e-17  5.77795e-26  -2.9676e-18  1.56198e-26 -4.49686e-19  3.67642e-27 -6.28648e-20  7.66042e-28 -8.11469e-21   1.4197e-28  -9.6697e-22  2.34013e-29 -1.06252e-22   3.4441e-30 -1.07437e-23  4.55603e-31  -9.9672e-25  5.41797e-32 -8.44951e-26    5.741e-33 -6.51075e-27  5.37415e-34 -4.52913e-28  4.43718e-35 -2.81967e-29  3.22653e-36 -1.55357e-30  2.04142e-37 -7.46648e-32  1.09996e-38 -3.07068e-33   4.9355e-40 -1.05275e-34  1.79824e-41 -2.89811e-36  5.09993e-43  -6.0453e-38  1.04227e-44 -8.62888e-40  1.32283e-46 -6.68594e-42    6.739e-49
 -5.2889e-19  4.17908e-06   3.4081e-18  0.000114969 -3.16297e-17  -0.00154279  8.53532e-17   0.00788039 -7.65654e-17   -0.0214102  7.64188e-18    0.0323965 -2.01959e-17   -0.0233193  3.68456e-17 -0.000753691  1.07263e-16    0.0103037 -1.76158e-16 -0.000318814 -2.50712e-18  -0.00411177  1.08016e-16 -0.000893218 -6.13655e-18   0.00116744 -4.49483e-17  0.000818165 -6.18519e-18   3.2469e-05  1.58591e-17 -0.000235399  6.27498e-18 -0.000151258 -4.00531e-18 -3.08056e-05 -2.44227e-18  1.91434e-05  6.13532e-19  2.04703e-05  4.20914e-19  9.65153e-06 -2.04074e-19  2.28648e-06 -6.06316e-20 -3.42157e-07  1.63611e-19 -6.56372e-07  1.17038e-19 -3.85879e-07 -1.69402e-20 -1.53381e-07 -6.65669e-20 -4.39668e-08 -3.96067e-20  -7.5153e-09  -2.9861e-21  7.17571e-10  1.23776e-20  1.26408e-09  1.12094e-20  6.56227e-10  5.52057e-21  2.47989e-10  1.46985e-21    7.747e-11 -1.52165e-22    2.086e-11 -4.24124e-22  4.91135e-12 -2.81285e-22  1.00918e-12 -1.24964e-22  1.77172e-13 -4.05363e-23  2.48835e-14 -8.85147e-24  2.13504e-15 -5.32656e-25 -1.69838e-16  6.28335e-25 -1.35204e-16  4.01683e-25 -4.02907e-17  1.60304e-25 -9.07635e-18  5.03826e-26 -1.73209e-18  1.33197e-26 -2.91454e-19  3.05944e-27  -4.4028e-20  6.20614e-28  -6.0238e-21  1.11688e-28 -7.49485e-22  1.78484e-29 -8.49034e-23  2.54345e-30 -8.74961e-24  3.24885e-31  -8.1821e-25  3.71469e-32 -6.91503e-26  3.76907e-33 -5.25199e-27  3.36579e-34 -3.55811e-28  2.63605e-35 -2.12957e-29  1.80185e-36 -1.11205e-30  1.05998e-37 -4.98459e-32  5.24896e-39 -1.87615e-33  2.13259e-40 -5.75051e-35  6.87836e-42 -1.37124e-36  1.66695e-43 -2.36029e-38  2.73927e-45 -2.53374e-40  2.41926e-47 -1.09473e-42
 -3.8336e-06 -3.24409e-19   5.3956e-05  5.63804e-18 -0.000109756 -5.34384e-17  -0.00119088  1.10942e-16   0.00829286 -6.00574e-17   -0.0235533 -2.01959e-17    0.0342637 -5.73039e-17   -0.0210344  9.81131e-17  -0.00538096  1.00415e-16    0.0109608 -1.84231e-16   0.00216169 -1.75369e-17  -0.00420848  1.09493e-16  -0.00203532  7.37119e-18  0.000787105 -4.51385e-17   0.00108776 -1.09812e-17  0.000314704  1.42661e-17 -0.000161124   6.7409e-18 -0.000194502 -2.85992e-18 -8.18185e-05 -1.92309e-18 -3.94285e-06  2.89363e-19  1.74779e-05   4.2659e-20  1.31064e-05 -2.48548e-19  5.43507e-06  7.53377e-20  1.18917e-06  2.62687e-19 -1.76642e-07  1.25825e-19 -3.21783e-07 -4.74726e-20 -1.87309e-07 -8.93744e-20 -7.60903e-08 -4.45575e-20 -2.37351e-08  1.45316e-21  -5.4978e-09  1.79333e-20 -6.82449e-10  1.47137e-20  1.53242e-10  7.03165e-21  1.45591e-10  1.91452e-21  6.44072e-11  -9.1065e-23   2.1856e-11 -4.47319e-22  6.28622e-12 -3.02331e-22  1.59134e-12 -1.33988e-22  3.60888e-13 -4.34663e-23  7.39573e-14 -9.82153e-24  1.37428e-14 -9.27923e-25  2.31408e-15  4.49531e-25  3.51383e-16     3.24e-25  4.75902e-17  1.30177e-25  5.62133e-18   4.0304e-26  5.50246e-19  1.04246e-26  3.80804e-20  2.33505e-27  2.30323e-22  4.60477e-28 -4.97289e-22  8.03222e-29 -1.08753e-22  1.24152e-29 -1.60883e-23   1.7079e-30 -1.92542e-24   2.0994e-31 -1.96083e-25  2.30016e-32 -1.73028e-26  2.22693e-33 -1.32983e-27  1.88956e-34 -8.88452e-29  1.39774e-35 -5.12332e-30  8.94469e-37 -2.51979e-31   4.8731e-38 -1.03856e-32  2.20662e-39 -3.49745e-34  8.05838e-41 -9.27091e-36  2.27482e-42 -1.82439e-37  4.61533e-44 -2.40326e-39  5.81192e-46 -1.67634e-41  2.93036e-48
 8.71392e-19 -1.70221e-05  2.37587e-18  0.000185905  8.51018e-18  -0.00070715 -7.89228e-17  0.000185935  1.25452e-16   0.00685252 -1.99862e-17   -0.0233193 -5.73039e-17    0.0338612 -9.72492e-17   -0.0174993  1.51182e-16   -0.0094785  9.93789e-17    0.0103324 -1.85295e-16   0.00466991 -3.21198e-17  -0.00357093  1.04692e-16  -0.00304793  1.82264e-17  0.000102814 -4.10438e-17   0.00116205 -1.40174e-17  0.000614599  1.11883e-17 -2.55993e-06  6.36764e-18 -0.000188656 -1.50991e-18 -0.000126253 -1.24503e-18 -3.71038e-05  -8.8501e-20  5.25886e-06 -3.70469e-19  1.23117e-05 -2.57742e-19  7.61556e-06  2.44102e-19   2.9329e-06  3.62323e-19  6.52266e-07  1.22921e-19 -4.60702e-08 -8.34381e-20 -1.31285e-07 -1.10071e-19 -7.91065e-08 -4.52357e-20 -3.31756e-08  8.95404e-21 -1.10449e-08  2.48835e-20  -2.9913e-09  1.86465e-20 -6.33399e-10  8.65385e-21 -8.40993e-11   2.4245e-21  6.03735e-12  3.06378e-23  8.98129e-12  -4.2609e-22  3.88321e-12 -2.98718e-22  1.24194e-12 -1.32526e-22  3.34473e-13 -4.30019e-23  7.93843e-14 -9.97943e-24  1.69633e-14 -1.20095e-24  3.30177e-15  2.68087e-25  5.89402e-16  2.37496e-25  9.68954e-17  9.69503e-26  1.47056e-17  2.96458e-26  2.06309e-18  7.50646e-27  2.67677e-19  1.63884e-27  3.21126e-20  3.13817e-28  3.55936e-21  5.29742e-29  3.64011e-22  7.90377e-30  3.42806e-23  1.04695e-30   2.9648e-24  1.23493e-31  2.34614e-25  1.29266e-32  1.69031e-26  1.19033e-33  1.10133e-27  9.56045e-35  6.43111e-29  6.65085e-36  3.32487e-30  3.96628e-37  1.49704e-31  1.99059e-38  5.73953e-33  8.18412e-40   1.8153e-34   2.6584e-41  4.51932e-36  6.45792e-43   8.2057e-38  1.06178e-44   9.3749e-40  9.37598e-47  4.34355e-42
 8.37326e-07  5.97357e-19 -3.82359e-05  9.28358e-18  0.000394637  1.22328e-17  -0.00167382 -1.04512e-16   0.00259069  1.26501e-16   0.00362336  3.68456e-17   -0.0210344 -9.72492e-17    0.0319067 -1.32921e-16   -0.0135841  1.87349e-16   -0.0126051  1.02058e-16   0.00869057 -1.77879e-16   0.00680858 -4.38261e-17  -0.00231252  9.40658e-17  -0.00372011  2.55751e-17 -0.000766721 -3.38232e-17  0.000989376 -1.50551e-17  0.000851798  7.45899e-18  0.000212783   5.4027e-18  -0.00012135 -2.45507e-19  -0.00014557 -6.55808e-19 -7.06156e-05  -5.4144e-19 -1.43548e-05 -7.57271e-19  5.99881e-06 -2.07198e-19  7.38822e-06  4.32772e-19  4.08024e-06  4.47309e-19  1.52316e-06  1.05089e-19  3.69047e-07 -1.20648e-19  1.60719e-08  -1.2401e-19 -4.06632e-08 -3.91814e-20 -2.76782e-08   2.0205e-20 -1.21971e-08  3.31882e-20 -4.27642e-09   2.2877e-20  -1.2616e-09  1.03367e-20 -3.17712e-10  2.99954e-21 -6.73954e-11  2.22421e-22  -1.1321e-11 -3.54753e-22 -1.14848e-12 -2.68739e-22  1.12966e-13 -1.20407e-22  1.04046e-13  -3.9161e-23  3.65488e-14 -9.28056e-24  9.72475e-15 -1.29586e-24  2.19616e-15  1.18992e-25  4.38505e-16  1.58047e-25  7.89006e-17   6.6332e-26  1.29216e-17  2.00912e-26  1.93652e-18  4.98366e-27   2.6629e-19  1.06011e-27  3.36268e-20  1.96915e-28  3.89737e-21  3.21234e-29  4.13863e-22  4.61804e-30  4.01504e-23  5.87699e-31  3.54415e-24  6.63493e-32  2.83138e-25  6.61686e-33  2.03312e-26  5.77708e-34  1.30078e-27  4.37565e-35  7.33286e-29  2.84994e-36  3.59015e-30  1.57562e-37  1.49785e-31  7.23771e-39  5.18892e-33  2.67753e-40  1.43808e-34  7.62948e-42  3.00981e-36  1.55731e-43  4.29743e-38  1.97031e-45  3.32172e-40  9.97411e-48
-1.78749e-18 -1.86545e-06 -2.94609e-18 -3.98504e-05  2.06011e-17  0.000573568  1.65475e-17  -0.00274861 -1.27475e-16   0.00556749  1.17996e-16 -0.000753691  9.81131e-17   -0.0174993 -1.32921e-16    0.0292595 -1.58674e-16  -0.00992596  2.03432e-16   -0.0146701  1.04657e-16   0.00642133 -1.62229e-16   0.00833906 -5.13113e-17 -0.000648727  7.91626e-17  -0.00393103   2.9301e-17   -0.0016649  -2.4985e-17   0.00057805 -1.42342e-17  0.000957021  4.00575e-18  0.000436913  4.27377e-18  1.45728e-06  7.10439e-19 -0.000126622 -3.90147e-19 -9.23836e-05 -1.09777e-18 -3.59212e-05 -1.07853e-18 -4.92693e-06 -9.45543e-20  4.07635e-06  6.17559e-19  3.89478e-06  5.01557e-19  2.01625e-06  7.16834e-20  7.51137e-07 -1.53087e-19  2.02332e-07 -1.26192e-19  2.93853e-08 -2.42675e-20 -6.52344e-09  3.55416e-20 -7.23512e-09  4.26465e-20 -3.54704e-09  2.72415e-20 -1.31633e-09  1.20248e-20 -4.09926e-10   3.6287e-21 -1.11212e-10  4.80653e-22 -2.66977e-11 -2.37306e-22 -5.69487e-12 -2.15811e-22 -1.07355e-12  -9.9511e-23 -1.75427e-13 -3.26163e-23  -2.3608e-14 -7.86358e-24 -2.19986e-15 -1.20811e-24  8.38763e-18  2.09235e-26   6.5743e-17   9.5554e-26  1.97813e-17  4.18031e-26  4.18106e-18  1.25758e-26  7.30916e-19  3.05761e-27  1.11128e-19  6.33429e-28  1.50039e-20  1.14021e-28  1.81582e-21  1.79511e-29  1.97693e-22  2.48223e-30  1.93651e-23  3.02846e-31  1.70262e-24  3.26442e-32  1.33754e-25  3.09321e-33  9.32571e-27  2.55246e-34   5.7185e-28  1.81605e-35  3.04692e-29  1.10216e-36  1.38818e-30  5.61587e-38  5.29164e-32  2.34286e-39  1.63691e-33  7.71129e-41  3.92596e-35   1.8928e-42  6.77386e-37  3.13681e-44  7.26394e-39   2.7891e-46  3.12379e-41
  1.1303e-06 -3.39114e-18 -1.82408e-05 -1.12143e-17  3.63341e-05  3.48046e-17  0.000521766   2.0281e-17  -0.00347085 -1.46956e-16    0.0083734  1.07263e-16  -0.00538096  1.51182e-16   -0.0135841 -1.58674e-16    0.0265946 -1.71553e-16  -0.00683519  2.01044e-16    -0.015813  1.04156e-16   0.00388298 -1.40344e-16   0.00918236 -5.44891e-17    0.0011803  6.19905e-17  -0.00365669  2.97305e-17  -0.00243971 -1.60417e-17 -1.17254e-05 -1.18883e-17  0.000890215  1.68034e-18  0.000615306   3.4583e-18  0.000156373  1.25974e-18 -6.68566e-05 -5.79964e-19 -9.23227e-05 -1.76201e-18 -5.21048e-05 -1.32267e-18 -1.74022e-05  5.34594e-20 -1.75255e-06  7.63633e-19  2.11061e-06  5.09999e-19  1.80656e-06  2.51115e-20  9.06472e-07  -1.7382e-19  3.42128e-07  -1.1234e-19  1.00943e-07  6.59848e-22  2.17915e-08  5.47205e-20  2.08302e-09  5.28561e-20 -9.43658e-10  3.15338e-20 -7.04642e-10  1.36453e-20 -2.95696e-10  4.28121e-21 -9.79548e-11  7.85103e-22   -2.781e-11 -8.76445e-23 -6.99546e-12 -1.47799e-22 -1.58519e-12 -7.32757e-23 -3.26546e-13 -2.45059e-23 -6.14591e-14  -6.0057e-24 -1.05944e-14 -9.80403e-25 -1.67368e-15 -2.55226e-26 -2.42082e-16  5.29559e-26  -3.1979e-17   2.4409e-26 -3.84204e-18  7.29953e-27 -4.17132e-19  1.73896e-27 -4.05324e-20  3.50538e-28 -3.47175e-21  6.10723e-29 -2.55354e-22  9.26533e-30 -1.52891e-23  1.23011e-30 -6.39911e-25  1.43572e-31 -4.41101e-27  1.47395e-32  2.32532e-27  1.32328e-33  2.72386e-28  1.02858e-34  1.97766e-29  6.84594e-36  1.06147e-30  3.85124e-37  4.31338e-32  1.79635e-38  1.28473e-33   6.7429e-40  2.52681e-35  1.94674e-41  2.21734e-37  4.01671e-43 -2.45469e-39  5.12726e-45 -7.15245e-41  2.61641e-47
 2.39875e-18  4.22612e-06 -3.61897e-18 -5.78411e-05 -2.32271e-17  0.000244879  4.98147e-17  4.51332e-05  2.15271e-17  -0.00339105 -1.63242e-16    0.0103037  1.00415e-16   -0.0094785  1.87349e-16  -0.00992596 -1.71553e-16    0.0242811 -1.71505e-16   -0.0043617  1.84743e-16   -0.0162612  9.95652e-17   0.00133768 -1.15151e-16   0.00937385  -5.4172e-17   0.00296384  4.43526e-17  -0.00294992  2.72565e-17  -0.00297332 -8.29278e-18 -0.000687353 -8.39907e-18  0.000648152  1.10586e-18  0.000701447  3.36484e-18  0.000308918  1.45831e-18  2.41174e-05 -1.19352e-18 -6.61901e-05 -2.48705e-18 -5.63225e-05 -1.49776e-18 -2.72014e-05  1.87273e-19 -8.35319e-06  8.31579e-19 -8.61363e-07  4.61994e-19  8.48043e-07 -2.91564e-20  7.22613e-07  -1.7638e-19  3.61121e-07 -8.00717e-20  1.38858e-07  3.52345e-20  4.36984e-08  7.67735e-20  1.12942e-08  6.31905e-20  2.26636e-09  3.54907e-20  2.65229e-10   1.5095e-20 -3.66805e-11  4.90216e-21 -3.63713e-11  1.10032e-21 -1.47963e-11  7.31434e-23 -4.58138e-12 -7.50983e-23 -1.20489e-12 -4.58097e-23 -2.80296e-13 -1.61275e-23 -5.88139e-14 -4.03888e-24 -1.12511e-14 -6.82484e-25 -1.97468e-15 -3.28465e-26 -3.19159e-16  2.78218e-26 -4.76024e-17  1.33842e-26 -6.55771e-18   3.9593e-27 -8.34374e-19  9.21599e-28 -9.79667e-20  1.80379e-28  -1.0597e-20  3.03574e-29 -1.05337e-21  4.42935e-30 -9.58916e-23  5.63427e-31 -7.95775e-24  6.27597e-32 -5.98463e-25  6.12013e-33 -4.04771e-26  5.18999e-34 -2.43811e-27  3.78614e-35 -1.29141e-28  2.34652e-36  -5.9161e-30  1.21639e-37 -2.29235e-31  5.15282e-39 -7.28261e-33  1.72055e-40 -1.81142e-34  4.27806e-42  -3.2715e-36  7.16722e-44 -3.70486e-38  6.43248e-46 -1.69712e-40
 7.68639e-08  5.52103e-18  6.61628e-06 -1.89702e-18 -0.000109875 -3.56805e-17  0.000573824  6.43098e-17 -0.000903117  1.84441e-17  -0.00229853 -1.76158e-16    0.0109608  9.93789e-17   -0.0126051  2.03432e-16  -0.00683519 -1.71505e-16    0.0224277 -1.60836e-16  -0.00241716  1.60145e-16   -0.0162324  9.18126e-17  -0.00105577 -8.94278e-17    0.0090096 -5.14684e-17   0.00454496  2.74223e-17  -0.00191084  2.20751e-17  -0.00319541 -2.72888e-18  -0.00134589 -4.16058e-18  0.000262129  2.54867e-18  0.000667732  4.24739e-18  0.000422704  1.50889e-18  0.000126842 -2.02451e-18 -1.74618e-05 -3.16312e-18 -4.52516e-05 -1.61504e-18 -3.05075e-05  2.52911e-19 -1.34195e-05  7.90152e-19 -4.04185e-06  3.56119e-19 -5.70574e-07 -8.27452e-20   2.3586e-07 -1.56141e-19  2.37535e-07 -2.97547e-20  1.22402e-07  7.73298e-20  4.81789e-08  1.00014e-19  1.58055e-08  7.28199e-20  4.45004e-09  3.87902e-20  1.08045e-09  1.62393e-20  2.22283e-10  5.41763e-21  3.63642e-11  1.38242e-21  3.61816e-12  2.21678e-22 -3.32674e-13 -8.11257e-24 -3.05398e-13 -2.09014e-23 -1.04792e-13  -8.6229e-24 -2.71617e-14 -2.25996e-24 -5.96382e-15 -3.85555e-25 -1.15539e-15  -1.8653e-26 -2.01232e-16  1.50919e-26 -3.18121e-17  7.08742e-27 -4.58723e-18  2.03669e-27 -6.04636e-19  4.59433e-28 -7.28653e-20  8.68846e-29  -8.0183e-21  1.40752e-29 -8.03636e-22  1.96926e-30 -7.30767e-23  2.39332e-31 -5.99758e-24  2.53695e-32 -4.41274e-25  2.34266e-33 -2.88544e-26  1.86995e-34 -1.65835e-27  1.27496e-35 -8.25815e-29  7.31948e-37 -3.49639e-30   3.4724e-38 -1.22652e-31  1.32331e-39  -3.4351e-33  3.87466e-41 -7.25132e-35  8.09565e-43 -1.04236e-36  1.04459e-44 -8.09776e-39  5.38129e-47
-1.84051e-18  1.68993e-06  8.79693e-18 -2.64104e-06  5.35482e-19 -0.000127308 -4.46685e-17  0.000904082  7.79469e-17  -0.00214728  1.01947e-17 -0.000318814 -1.84231e-16    0.0103324  1.02058e-16   -0.0146701  2.01044e-16   -0.0043617 -1.60836e-16    0.0209947 -1.43266e-16 -0.000874482  1.32472e-16    -0.015894   8.2873e-17  -0.00321846  -6.4975e-17   0.00820527  -4.7265e-17    0.0058229   1.1659e-17 -0.000659677  1.41483e-17  -0.00308363  -1.7922e-20  -0.00189263  3.60884e-19 -0.000211041  5.83791e-18  0.000510775  6.15789e-18  0.000468538  1.71158e-18  0.000217194 -2.73803e-18  4.33244e-05 -3.63125e-18 -2.02366e-05 -1.67207e-18 -2.54085e-05  2.15839e-19 -1.49902e-05  6.31136e-19 -6.26832e-06  2.04676e-19 -1.93501e-06 -1.24726e-19 -3.76468e-07   -1.112e-19  1.63661e-08  3.52981e-20  5.70261e-08  1.23254e-19   3.2984e-08  1.22235e-19   1.3548e-08   8.0798e-20  4.58761e-09  4.10811e-20  1.34578e-09  1.69297e-20  3.49484e-10  5.74979e-21  8.11153e-11  1.58942e-21   1.6863e-11  3.37821e-22  3.12539e-12  4.50651e-23  5.09095e-13 -1.23745e-24   7.0427e-14 -2.75123e-24   7.5233e-15 -8.65861e-25  3.83432e-16 -1.41969e-25 -7.85314e-17  1.39305e-27 -3.15834e-17  9.55735e-27 -6.97944e-18  3.80016e-27 -1.21077e-18  1.01961e-27 -1.78661e-19  2.18999e-28  -2.3098e-20  3.96228e-29 -2.64912e-21  6.13869e-30 -2.70782e-22  8.19605e-31 -2.46709e-23  9.47851e-32 -1.99746e-24  9.52478e-33 -1.42892e-25  8.29615e-34 -8.95553e-27  6.20694e-35 -4.86024e-28  3.93577e-36  -2.2483e-29  2.08014e-37 -8.67565e-31  8.95758e-39 -2.70868e-32  3.03539e-40 -6.53749e-34  7.65053e-42 -1.13159e-35  1.29731e-43 -1.21331e-37   1.1766e-45 -5.19768e-40
-2.57097e-07 -4.21207e-18  6.89485e-06  1.14824e-17 -3.93235e-05  1.20185e-18 -3.94882e-05 -4.75225e-17   0.00103921   9.0525e-17  -0.00334085 -2.50712e-18   0.00216169 -1.85295e-16   0.00869057  1.04657e-16    -0.015813  1.84743e-16  -0.00241716 -1.43266e-16    0.0198911 -1.22898e-16  0.000379669  1.05689e-16   -0.0153596  7.48781e-17  -0.00512211 -4.22962e-17   0.00707233 -4.19749e-17   0.00674412 -2.98702e-18  0.000682779  3.37494e-18  -0.00265632 -5.31074e-19  -0.00225383  4.54506e-18 -0.000701065  1.03629e-17  0.000251049  8.93501e-18  0.000431214  2.37787e-18  0.000272741 -2.96308e-18   0.00010145 -3.72012e-18   1.2909e-05 -1.64346e-18 -1.27111e-05  8.04229e-20 -1.22473e-05  3.79705e-19 -6.67974e-06  3.53238e-20 -2.72789e-06 -1.42554e-19 -8.76162e-07 -4.26283e-20 -2.12105e-07  1.09356e-19  -2.8591e-08  1.68364e-19  5.61498e-09  1.41065e-19  5.99949e-09  8.62126e-20   2.8079e-09   4.2046e-20   1.0021e-09  1.70388e-20  3.02984e-10   5.8374e-21  8.07631e-11  1.69175e-21  1.93521e-11  4.09064e-22  4.21355e-12  8.00975e-23  8.38927e-13  1.19687e-23  1.53314e-13  1.19526e-24  2.57704e-14   6.9327e-26   3.9877e-15  2.36711e-26  5.68051e-16  1.73726e-26  7.44428e-17  7.30569e-27    8.964e-18  2.17617e-27  9.90227e-19  5.15351e-28  1.00171e-19  1.02375e-28  9.26288e-21  1.74214e-29  7.81852e-22  2.55305e-30  6.01941e-23  3.22762e-31  4.22831e-24  3.53004e-32  2.71361e-25  3.34464e-33  1.59349e-26  2.73365e-34   8.5556e-28   1.9067e-35  4.17116e-29  1.11757e-36  1.81489e-30  5.39701e-38   6.8339e-32  2.08853e-39  2.12566e-33  6.20067e-41  5.10098e-35  1.31216e-42  8.45119e-37  1.71236e-44  7.61683e-39  8.90969e-47
  6.2445e-19 -4.57696e-07 -6.61206e-18  1.48138e-05  1.33471e-17 -0.000108089 -2.02355e-18  0.000201858 -4.35887e-17  0.000799985  1.01116e-16  -0.00411177 -1.75369e-17   0.00466991 -1.77879e-16   0.00642133  1.04156e-16   -0.0162612  1.60145e-16 -0.000874482 -1.22898e-16    0.0190295 -1.03392e-16   0.00142948  8.21711e-17   -0.0147014  6.95814e-17   -0.0067661 -2.07699e-17   0.00570771 -3.55441e-17   0.00729018 -1.67121e-17   0.00200685 -1.01468e-17   -0.0019624 -4.37873e-18  -0.00238338  7.59479e-18  -0.00113636  1.51669e-17 -7.19558e-05  1.22255e-17  0.000312742  3.72755e-18  0.000278484 -2.40505e-18   0.00014215 -3.29519e-18  4.56127e-05 -1.48352e-18  4.24351e-06 -1.03789e-19 -5.86652e-06  9.44263e-20 -5.07677e-06 -1.12361e-19 -2.65414e-06  -1.2406e-19 -1.07381e-06   4.5738e-20 -3.56775e-07  1.85316e-19 -9.79204e-08  2.07912e-19 -2.12147e-08  1.54409e-19 -2.92745e-09  8.83673e-20   1.8398e-10  4.14807e-20  3.11685e-10  1.64994e-20  1.39404e-10  5.65392e-21  4.58426e-11  1.67924e-21  1.26679e-11  4.32489e-22  3.08098e-12  9.66639e-23  6.73923e-13  1.89051e-23  1.34136e-13  3.33668e-24  2.44592e-14  5.77733e-25  4.10243e-15   1.1213e-25  6.34318e-16  2.55098e-26  9.05005e-17  6.08235e-27  1.19137e-17   1.3589e-27  1.44572e-18  2.72334e-28   1.6143e-19  4.84065e-29  1.65419e-20  7.57143e-30  1.54991e-21   1.0329e-30  1.32151e-22  1.22221e-31  1.01911e-23  1.25281e-32  7.05294e-25  1.11064e-33  4.33726e-26  8.45789e-35  2.34007e-27  5.46089e-36  1.08944e-28   2.9358e-37  4.28047e-30  1.28333e-38  1.37605e-31  4.40672e-40  3.45683e-33  1.12432e-41   6.2948e-35  1.92806e-43  7.17712e-37   1.7663e-45  3.30599e-39
-1.25113e-07  1.23583e-18  9.43529e-07 -8.12768e-18  1.65616e-05  1.44243e-17 -0.000183717 -9.61652e-18  0.000572151 -3.39384e-17  0.000124049  1.08016e-16  -0.00420848 -3.21198e-17   0.00680858 -1.62229e-16   0.00388298  9.95652e-17   -0.0162324  1.32472e-16  0.000379669 -1.03392e-16     0.018344  -8.7527e-17   0.00233284  6.28098e-17   -0.0139642  6.81821e-17  -0.00816288  8.60255e-19   0.00419146 -2.76027e-17   0.00746676  -2.9497e-17   0.00321963 -2.59049e-17  -0.00107111  -1.1438e-17  -0.00226479  8.61818e-18  -0.00145455  1.91283e-17 -0.000407464  1.55335e-17  0.000131744  5.79883e-18  0.000230593 -9.42933e-19  0.000154728 -2.30393e-18  6.91589e-05 -1.14049e-18  2.06827e-05 -2.52908e-19  2.22226e-06 -1.45199e-19 -1.99773e-06 -1.95654e-19 -1.76081e-06 -6.05063e-20 -9.11011e-07  1.47675e-19 -3.68097e-07  2.55903e-19  -1.2488e-07  2.37897e-19 -3.64896e-08  1.60845e-19 -9.22022e-09  8.69407e-20 -1.98241e-09  3.93606e-20 -3.42656e-10  1.53314e-20 -3.80755e-11  5.21624e-21  2.04478e-12  1.56232e-21  2.75409e-12  4.13956e-22  1.01159e-12  9.76627e-23  2.74095e-13  2.07592e-23  6.24399e-14  4.06131e-24  1.25037e-14  7.57293e-25  2.24569e-15   1.4033e-25  3.65437e-16  2.64041e-26  5.41611e-17  4.95775e-27  7.32769e-18  8.96678e-28  9.05281e-19  1.52018e-28  1.02001e-19  2.37063e-29  1.04551e-20  3.33687e-30  9.71132e-22   4.1626e-31  8.13205e-23  4.54474e-32  6.09753e-24  4.31506e-33  4.05868e-25  3.54299e-34  2.37186e-26  2.49048e-35  1.19967e-27  1.47482e-36   5.1536e-29  7.20033e-38  1.83247e-30  2.81513e-39  5.19698e-32  8.43847e-41   1.1099e-33  1.80226e-42  1.61274e-35  2.37246e-44  1.26543e-37  1.24421e-46
  1.4134e-19 -6.13897e-07  1.61291e-18  6.66816e-06 -8.01525e-18 -4.29123e-06  1.45605e-17 -0.000209226 -2.01865e-17  0.000959838 -2.06494e-17 -0.000893218  1.09493e-16  -0.00357093 -4.38261e-17   0.00833906 -1.40344e-16   0.00133768  9.18126e-17    -0.015894  1.05689e-16   0.00142948  -8.7527e-17      0.01779 -7.71492e-17   0.00312905  4.73967e-17   -0.0131753  7.13191e-17  -0.00932985  2.38947e-17   0.00258799 -1.76418e-17   0.00729503 -4.08786e-17   0.00424673 -4.29085e-17 -6.30496e-05 -2.13635e-17  -0.00190976  6.80706e-18  -0.00161047  2.11874e-17 -0.000702397  1.82911e-17  -8.0523e-05   8.4023e-18  0.000137337  1.32025e-18  0.000135486 -8.01276e-19  7.73291e-05 -5.77356e-19  3.19963e-05 -2.73913e-19  9.55124e-06 -2.60615e-19  1.51291e-06 -1.80618e-19 -4.00579e-07  4.99839e-20 -4.76286e-07  2.54987e-19 -2.56547e-07  3.14709e-19 -1.04838e-07  2.55686e-19 -3.59928e-08  1.59868e-19 -1.07876e-08  8.20675e-20 -2.87279e-09  3.58649e-20  -6.8512e-10  1.36452e-20 -1.46532e-10  4.58077e-21 -2.79723e-11  1.36758e-21 -4.70087e-12  3.65199e-22 -6.73437e-13  8.78044e-23 -7.53979e-14  1.91814e-23 -4.41427e-15  3.85783e-24   6.7345e-16  7.27154e-25  3.05954e-16  1.30814e-25   7.0579e-17  2.26679e-26  1.26233e-17  3.76563e-27  1.91138e-18  5.92962e-28  2.52904e-19  8.76548e-29  2.96321e-20    1.204e-29  3.08988e-21  1.51218e-30  2.86835e-22  1.70342e-31  2.36358e-23  1.69405e-32  1.71906e-24   1.4718e-33  1.09429e-25  1.10643e-34  6.02617e-27   7.0995e-36  2.82597e-28   3.8128e-37  1.10443e-29  1.66972e-38  3.48906e-31  5.75116e-40  8.51245e-33  1.47303e-41  1.48795e-34  2.53746e-43  1.60936e-36   2.3355e-45  6.94636e-39
