    0.120626  4.10401e-16   -0.0119636 -1.62364e-16   -0.0583745 -8.88712e-17   -0.0109714  2.20064e-17    0.0190519  1.71581e-17    0.0108565  5.64239e-18  -0.00310246 -2.52287e-18  -0.00532136 -2.64437e-18  -0.00107748  -2.5236e-18   0.00150115  5.07469e-19   0.00107715  2.03745e-18 -3.85549e-05  5.46587e-19 -0.000401549 -7.18245e-19 -0.000185525 -5.68108e-19   4.1356e-05  9.94176e-20  8.20393e-05  2.08412e-19  3.07082e-05  5.83526e-20 -7.77837e-06 -1.79587e-20  -1.2965e-05 -2.62656e-20 -5.26387e-06 -1.20285e-20  1.40517e-07  7.43682e-22  1.23799e-06   2.6102e-21   6.8049e-07  7.77035e-22  1.74756e-07  1.80497e-22  6.40137e-10  5.99473e-23 -1.80053e-08 -1.41183e-23  -7.7626e-09 -1.80546e-23 -1.85199e-09 -4.28592e-24 -2.73504e-10  4.72424e-26 -2.30748e-11  8.16638e-26 -7.43623e-13
 4.10401e-16     0.187983 -8.36167e-17   -0.0040597 -6.54927e-17   -0.0459878 -1.28405e-17   -0.0136029 -6.93169e-19    0.0123039  3.67713e-18    0.0107821  7.71432e-18 -0.000655234   2.6843e-18  -0.00504731 -3.22815e-18  -0.00202231 -4.61722e-18   0.00123833  3.97701e-19   0.00145033  2.79608e-18  0.000203851   1.1507e-18 -0.000475376 -9.83122e-19 -0.000325114 -8.44648e-19  2.48663e-06  6.33791e-20  0.000116332   2.6266e-19  6.44005e-05  1.22581e-19 -8.88678e-09  5.04588e-21 -1.91669e-05 -3.77631e-20 -1.14099e-05  -2.3648e-20 -2.05242e-06 -1.62031e-21  1.32264e-06  2.49562e-21  1.18741e-06  1.00388e-21  4.68619e-07  5.76928e-22  1.00074e-07  2.45593e-22  4.07988e-09  1.12965e-23  -4.6011e-09  -2.5966e-23 -1.57279e-09  -6.6682e-24 -2.49231e-10 -4.02788e-26 -1.82767e-11  5.56033e-26
  -0.0119636 -8.36167e-17    0.0265775  1.08713e-16    0.0113337  6.61197e-18    -0.019616 -3.79934e-17   -0.0135477 -1.44887e-17     0.007052  9.71722e-18    0.0103272  8.73864e-18  0.000591486  3.73649e-18  -0.00494584 -3.77264e-18  -0.00257296 -5.46211e-18    0.0010749 -7.51923e-20   0.00170096  3.24672e-18  0.000409845  1.54711e-18 -0.000498576 -1.11669e-18 -0.000440321 -9.85099e-19 -5.49056e-05  -4.3348e-20  0.000131425  2.58254e-19  9.73391e-05  1.84769e-19  1.56916e-05   4.1811e-20 -2.01872e-05 -4.12507e-20 -1.70736e-05 -3.09106e-20  -5.6403e-06 -4.87596e-21  2.75373e-07  3.33264e-22  1.23931e-06  6.03314e-22  6.79432e-07  8.89588e-22  2.16551e-07  4.47348e-22  4.41637e-08  5.02537e-23  5.29085e-09 -2.67943e-23  2.14203e-10 -7.05494e-24 -2.52521e-11 -1.14599e-25 -2.19298e-12
-1.62364e-16   -0.0040597  1.08713e-16    0.0414494  7.00356e-17   0.00819856 -2.31464e-17   -0.0233926 -2.10047e-17   -0.0132123 -5.61352e-18   0.00753009  2.33633e-18    0.0103969  5.54068e-18  0.000883313  6.21685e-18  -0.00490932 -2.89576e-18  -0.00292055 -6.18507e-18  0.000877387 -9.05526e-19   0.00185607  3.63869e-18  0.000620566  1.76674e-18 -0.000469065 -1.10823e-18  -0.00053545 -1.06005e-18 -0.000129111 -1.93762e-19  0.000126815  2.14838e-19  0.000125898  2.39954e-19  3.73665e-05  7.79414e-20 -1.50814e-05 -3.75962e-20 -2.04831e-05 -3.13318e-20   -9.627e-06 -8.31185e-21 -1.76253e-06 -3.26275e-21  6.36697e-07 -4.76488e-22  6.14457e-07  9.25487e-22  2.48351e-07   5.6577e-22  6.38657e-08  7.42128e-23  1.09587e-08 -2.42023e-23  1.18814e-09 -5.78012e-24  6.65069e-11 -1.16607e-25
  -0.0583745 -6.54927e-17    0.0113337  7.00356e-17    0.0376708  2.20887e-17   0.00537907 -5.99918e-18   -0.0196152  -6.4068e-18   -0.0117669 -6.44721e-18   0.00599206 -4.30557e-18   0.00974786  5.64753e-18   0.00151216  7.87229e-18  -0.00459361 -2.57646e-18  -0.00324736 -6.85502e-18  0.000598558 -1.18026e-18   0.00194875  3.97921e-18   0.00083551  1.80597e-18 -0.000398078 -9.84743e-19 -0.000607168 -1.09436e-18 -0.000213031 -3.63737e-19  0.000102546  1.53657e-19  0.000145627  2.81492e-19  6.19653e-05  1.04494e-19 -3.78774e-06 -2.66423e-20 -2.00691e-05 -2.51741e-20 -1.26528e-05 -1.16419e-20 -4.16375e-06 -7.48626e-21 -4.85584e-07 -2.10686e-21  2.42102e-07  6.73847e-22  1.55549e-07  5.68331e-22  4.58102e-08  7.64612e-23  8.07786e-09  -1.8895e-23  8.05346e-10 -3.53419e-24  3.04673e-11
-8.88712e-17   -0.0459878  6.61197e-18   0.00819856  2.20887e-17    0.0264225  1.01222e-17   0.00547531  4.72241e-18   -0.0158768 -2.38369e-18   -0.0112907  -6.6548e-18   0.00481325  -6.6285e-18   0.00946075   6.2014e-18   0.00202127  8.30084e-18  -0.00435609 -2.33293e-18  -0.00351497 -7.36956e-18   0.00032274 -9.64418e-19   0.00198678  4.11884e-18   0.00103707  1.81157e-18 -0.000291917  -7.6505e-19 -0.000650265  -1.1045e-18 -0.000300323  -5.4012e-19  5.93891e-05  9.55067e-20  0.000152711  3.05147e-19  8.57144e-05  1.19413e-19  1.25365e-05 -7.74851e-21 -1.49431e-05 -1.43351e-20  -1.3339e-05 -1.41225e-20 -5.94331e-06 -1.14409e-20 -1.63509e-06 -3.82435e-21 -2.42057e-07  3.04859e-22  5.54171e-09  4.99764e-22  1.10442e-08  6.70424e-23  2.29121e-09 -1.13043e-23  1.92482e-10 -1.46168e-24
  -0.0109714 -1.28405e-17    -0.019616 -2.31464e-17   0.00537907  1.01222e-17    0.0228913  7.18431e-18   0.00572588  4.05986e-18   -0.0146367  2.00917e-18   -0.0110127 -6.26424e-18    0.0042108 -7.48677e-18   0.00918964  6.67268e-18   0.00239294  8.64359e-18  -0.00407803 -2.46074e-18  -0.00371346 -7.72959e-18  2.35418e-05 -5.07756e-19    0.0019671   4.0494e-18   0.00122579  1.87314e-18 -0.000153569 -4.88298e-19 -0.000662154 -1.11789e-18 -0.000384634 -7.04479e-19 -2.53631e-07  5.27876e-20  0.000144192  3.08236e-19  0.000104257  1.27065e-19  3.14184e-05  1.94836e-20 -5.31465e-06  2.44258e-23 -1.07905e-05 -1.42032e-20 -6.14306e-06 -1.39974e-20 -2.19328e-06 -4.94893e-21 -5.42057e-07  3.72855e-23 -9.27311e-08  4.13772e-22 -1.03776e-08  5.34061e-23 -6.59188e-10 -4.49307e-24 -1.52372e-11
 2.20064e-17   -0.0136029 -3.79934e-17   -0.0233926 -5.99918e-18   0.00547531  7.18431e-18    0.0216929 -4.29939e-19   0.00517049  3.56882e-18   -0.0134458  5.77067e-18   -0.0104574 -7.39283e-18   0.00357593 -7.38088e-18   0.00882389  7.31518e-18   0.00276122  8.91332e-18  -0.00375211 -3.26159e-18  -0.00387701 -7.75912e-18 -0.000294152 -4.24439e-20   0.00189965  3.86129e-18   0.00139605  2.01304e-18  1.04388e-05 -1.97358e-19  -0.00063999 -1.16839e-18 -0.000458582 -8.44089e-19 -7.24493e-05  2.25029e-20  0.000118335  2.88019e-19  0.000113143  1.34115e-19  4.91733e-05   5.3739e-20   7.1697e-06  1.83007e-20 -5.17301e-06 -1.04121e-20 -4.40989e-06 -1.41823e-20 -1.84769e-06 -5.06915e-21 -5.10486e-07 -4.19859e-23 -9.60314e-08  3.21722e-22 -1.15808e-08  3.76085e-23 -7.27741e-10 -1.01732e-24
   0.0190519 -6.93169e-19   -0.0135477 -2.10047e-17   -0.0196152  4.72241e-18   0.00572588 -4.29939e-19    0.0189057 -3.08954e-18   0.00472136  5.53116e-18   -0.0121161  6.34734e-18   -0.0100647 -8.92083e-18   0.00295071 -6.62178e-18   0.00852107  7.95101e-18   0.00311606  8.66378e-18  -0.00342092 -4.55237e-18   -0.0040046 -7.45894e-18 -0.000618565  2.65629e-19   0.00178491  3.68358e-18   0.00154074  2.26151e-18  0.000194808  6.62615e-20 -0.000581482 -1.27047e-18 -0.000514686 -9.53879e-19 -0.000151486 -1.48986e-20  7.53046e-05  2.39437e-19  0.000108533   1.4143e-19  6.13273e-05  9.02229e-20  1.93874e-05   3.9856e-20  1.90622e-06 -3.11723e-21 -1.43253e-06  -1.2107e-20 -8.80134e-07 -4.36703e-21 -2.64074e-07 -1.39802e-23 -4.79734e-08   2.1899e-22 -4.93814e-09  2.23575e-23 -1.92586e-10
 1.71581e-17    0.0123039 -1.44887e-17   -0.0132123  -6.4068e-18   -0.0158768  4.05986e-18   0.00517049 -3.08954e-18    0.0171392 -4.22656e-18   0.00468379  6.99959e-18   -0.0111996  5.39591e-18  -0.00982216 -9.62435e-18   0.00244133  -5.6203e-18   0.00824498  8.89935e-18   0.00343468  7.67653e-18  -0.00307105 -6.04911e-18  -0.00409079  -7.1058e-18 -0.000949893  3.49228e-19   0.00162261  3.60785e-18   0.00165444   2.6501e-18   0.00039309  2.84065e-19 -0.000485851 -1.39515e-18 -0.000545254 -1.03042e-18 -0.000229677 -8.82378e-20  1.77716e-05  1.55074e-19  8.81761e-05  1.38672e-19  6.35327e-05   1.1954e-19  2.73232e-05  5.97751e-20  7.72728e-06  4.72837e-21  1.30525e-06 -9.12766e-21  5.04042e-08 -3.36551e-21 -3.33435e-08  5.64849e-24 -8.15994e-09  1.23036e-22 -7.23656e-10  9.98459e-24
   0.0108565  3.67713e-18     0.007052 -5.61352e-18   -0.0117669 -2.38369e-18   -0.0146367  3.56882e-18   0.00472136 -4.22656e-18    0.0160348 -5.87258e-18   0.00453389  7.68939e-18   -0.0104697  3.55508e-18  -0.00955901   -9.852e-18    0.0019753 -3.92382e-18   0.00795816  1.05666e-17   0.00373892  6.09033e-18  -0.00269704 -7.48489e-18  -0.00414033 -6.99618e-18   -0.0012849  1.65602e-19   0.00141459  3.65408e-18   0.00173041  3.17178e-18  0.000597078  4.74035e-19 -0.000353834 -1.47352e-18 -0.000542886 -1.06995e-18 -0.000297521 -2.19306e-19 -4.84816e-05  2.79066e-20  5.26486e-05  1.08361e-19  5.31028e-05  1.29777e-19  2.76433e-05  7.02729e-20  9.85156e-06  9.43256e-21  2.53946e-06 -6.67603e-21  4.71338e-07 -2.44077e-21  6.00521e-08 -1.53661e-23  4.64326e-09  5.82304e-23  1.43874e-10
 5.64239e-18    0.0107821  9.71722e-18   0.00753009 -6.44721e-18   -0.0112907  2.00917e-18   -0.0134458  5.53116e-18   0.00468379 -5.87258e-18    0.0149521  -5.9501e-18    0.0043469  7.25883e-18  -0.00978457  6.18651e-19  -0.00933846 -1.01264e-17   0.00152007 -1.02544e-18   0.00768256  1.27607e-17   0.00403493   4.3789e-18   -0.0023045 -8.62258e-18  -0.00415157 -7.26573e-18   -0.0016179 -3.29149e-19   0.00116139  3.79228e-18   0.00176116  3.76831e-18  0.000797125  6.81142e-19  -0.00018851 -1.42075e-18 -0.000501349  -1.0671e-18 -0.000344153 -4.04702e-19 -0.000114242 -1.41449e-19  6.64152e-06  3.99818e-20   3.1095e-05  1.13979e-19  1.99507e-05  6.70524e-20   7.8561e-06  9.56504e-21  2.14953e-06 -5.11073e-21  4.09206e-07 -1.67678e-21  5.04627e-08 -3.89076e-23  3.25741e-09  2.35041e-23
 -0.00310246  7.71432e-18    0.0103272  2.33633e-18   0.00599206  -6.6548e-18   -0.0110127  5.77067e-18   -0.0121161  6.99959e-18   0.00453389  -5.9501e-18    0.0140212 -3.76779e-18    0.0042657  5.64137e-18  -0.00919544 -3.18184e-18  -0.00917721  -1.0725e-17   0.00109159  2.88307e-18   0.00741441  1.49709e-17   0.00431757  3.10789e-18  -0.00189086 -9.31991e-18  -0.00412026 -7.91584e-18  -0.00194413 -1.14285e-18  0.000864044  3.95691e-18   0.00173918  4.34811e-18  0.000981492  9.63287e-19  3.81304e-06 -1.16452e-18  -0.00041674 -1.00549e-18 -0.000358446 -6.04866e-19 -0.000167167   -3.316e-19 -4.01738e-05 -5.47338e-20  3.79878e-06  7.84499e-20  7.94528e-06  5.37346e-20  3.71829e-06  6.82682e-21  1.03383e-06 -3.90319e-21  1.82296e-07 -1.06248e-21  1.85445e-08 -3.37358e-23  7.20778e-10
-2.52287e-18 -0.000655234  8.73864e-18    0.0103969 -4.30557e-18   0.00481325 -6.26424e-18   -0.0104574  6.34734e-18   -0.0111996  7.68939e-18    0.0043469 -3.76779e-18    0.0133092 -2.13898e-19   0.00420203  3.61213e-18  -0.00869688 -7.65068e-18  -0.00904014 -1.15853e-17  0.000680643  7.10579e-18   0.00714238  1.68395e-17   0.00458972  2.66019e-18  -0.00145328 -9.53391e-18   -0.0040433 -8.91791e-18  -0.00225728 -2.24145e-18  0.000525015  4.04179e-18   0.00165679  4.80461e-18   0.00113618  1.37123e-18  0.000212722 -6.69556e-19 -0.000289222 -8.46221e-19 -0.000330956 -7.48312e-19 -0.000193278 -4.92622e-19 -7.43577e-05 -1.40888e-19 -1.87965e-05  4.14596e-20 -2.46149e-06  3.86922e-20  1.79419e-07  3.96837e-21  1.52115e-07  -2.6426e-21  2.97815e-08  -6.1906e-22  2.45206e-09 -1.15736e-23
 -0.00532136   2.6843e-18  0.000591486  5.54068e-18   0.00974786  -6.6285e-18    0.0042108 -7.39283e-18   -0.0100647  5.39591e-18   -0.0104697  7.25883e-18    0.0042657 -2.13898e-19     0.012703  3.90764e-18   0.00413784  1.73277e-18  -0.00824639 -1.27696e-17  -0.00892839 -1.23701e-17  0.000273787  1.08539e-17   0.00686563  1.83525e-17   0.00485243  3.20772e-18 -0.000991361 -9.29478e-18  -0.00391583 -1.02366e-17  -0.00254901 -3.56491e-18  0.000148231  3.89724e-18   0.00150681  5.02188e-18   0.00124506  1.91392e-18  0.000422683  4.65148e-20 -0.000125113 -5.37811e-19 -0.000256949 -7.58458e-19 -0.000181172 -5.64177e-19 -8.40875e-05 -1.81586e-19 -2.84668e-05  1.98597e-20 -7.18118e-06  2.77734e-20 -1.33042e-06  2.39766e-21 -1.72044e-07 -1.50014e-21 -1.37173e-08 -3.32619e-22 -4.44578e-10
-2.64437e-18  -0.00504731  3.73649e-18  0.000883313  5.64753e-18   0.00946075 -7.48677e-18   0.00357593 -8.92083e-18  -0.00982216  3.55508e-18  -0.00978457  5.64137e-18   0.00420203  3.90764e-18    0.0121728  8.07534e-18   0.00410352 -1.14484e-19  -0.00783898 -1.83227e-17  -0.00884621 -1.29433e-17 -0.000130321  1.35197e-17   0.00658075  1.97367e-17   0.00510322  4.80178e-18 -0.000503805 -8.66349e-18   -0.0037317 -1.17416e-17  -0.00280931 -5.02003e-18 -0.000259857  3.35363e-18   0.00128359  4.89038e-18   0.00129026  2.52566e-18  0.000612501  9.07962e-19   6.0849e-05 -6.10547e-20 -0.000141463 -6.01126e-19 -0.000129734 -5.18367e-19 -6.71795e-05 -1.65798e-19 -2.43466e-05  1.63748e-20 -6.41228e-06   2.1041e-20 -1.20071e-06   1.8328e-21 -1.47431e-07 -7.91412e-22 -9.54578e-09 -1.33849e-22
 -0.00107748 -3.22815e-18  -0.00494584  6.21685e-18   0.00151216   6.2014e-18   0.00918964 -7.38088e-18   0.00295071 -9.62435e-18  -0.00955901  6.18651e-19  -0.00919544  3.61213e-18   0.00413784  8.07534e-18    0.0117317  1.22363e-17   0.00408975 -2.23025e-18  -0.00747313 -2.38695e-17  -0.00878628 -1.36436e-17 -0.000535503  1.47713e-17   0.00628163  2.11862e-17   0.00534004  7.37135e-18  1.04105e-05 -7.67517e-18   -0.0034843 -1.31385e-17  -0.00302573 -6.46707e-18 -0.000689228  2.28697e-18  0.000984288   4.3435e-18   0.00125359  3.06539e-18  0.000755603  1.78161e-18   0.00024265  5.16411e-19  -5.5464e-06 -3.24686e-19 -5.47188e-05 -3.88569e-19 -3.46078e-05  -1.1542e-19 -1.30325e-05  2.07917e-20 -3.30786e-06  1.58206e-20 -5.56654e-07   1.4699e-21 -5.52119e-08 -4.58842e-22 -2.11793e-09
 -2.5236e-18  -0.00202231 -3.77264e-18  -0.00490932  7.87229e-18   0.00202127  6.67268e-18   0.00882389 -6.62178e-18   0.00244133   -9.852e-18  -0.00933846 -3.18184e-18  -0.00869688  1.73277e-18   0.00410352  1.22363e-17    0.0113603  1.67558e-17   0.00408835 -4.61082e-18  -0.00713679 -2.88879e-17  -0.00874583 -1.49982e-17 -0.000947464  1.44916e-17   0.00596348  2.26794e-17   0.00555965  1.06439e-17  0.000551077 -6.33709e-18  -0.00316626 -1.40314e-17  -0.00318301 -7.74408e-18  -0.00112521  6.96223e-19  0.000611215  3.38274e-18    0.0011192  3.35496e-18  0.000820833  2.48366e-18  0.000381659  1.03242e-18   0.00011358 -4.78799e-20   1.5114e-05 -2.47875e-19 -3.95947e-06 -6.44395e-20 -2.81836e-06  2.20079e-20 -7.80357e-07  1.08628e-20  -1.1931e-07  9.36218e-22 -8.81676e-09 -2.13612e-22
  0.00150115 -4.61722e-18  -0.00257296 -2.89576e-18  -0.00459361  8.30084e-18   0.00239294  7.31518e-18   0.00852107  -5.6203e-18    0.0019753 -1.01264e-17  -0.00917721 -7.65068e-18  -0.00824639 -1.14484e-19   0.00408975  1.67558e-17    0.0110422  2.17772e-17   0.00410395 -6.80073e-18  -0.00682367 -3.28526e-17  -0.00872437 -1.72679e-17  -0.00136956  1.27519e-17    0.0056208  2.40183e-17    0.0057569  1.41255e-17   0.00111698 -4.68538e-18  -0.00276983 -1.40864e-17  -0.00326298 -8.72914e-18  -0.00154669 -1.27326e-18  0.000174988  2.06058e-18  0.000876661  3.23459e-18  0.000776277  2.81877e-18   0.00043519  1.30644e-18  0.000177257  1.13714e-19  5.43105e-05 -1.53989e-19  1.25105e-05 -3.30329e-20  2.11524e-06  1.71427e-20   2.4892e-07  6.82671e-21   1.8119e-08  3.84525e-22  5.47016e-10
 5.07469e-19   0.00123833 -5.46211e-18  -0.00292055 -2.57646e-18  -0.00435609  8.64359e-18   0.00276122  7.95101e-18   0.00824498 -3.92382e-18   0.00152007  -1.0725e-17  -0.00904014 -1.27696e-17  -0.00783898 -2.23025e-18   0.00408835  2.17772e-17    0.0107754  2.68362e-17   0.00413627 -8.12594e-18   -0.0065302 -3.53603e-17   -0.0087193 -2.02644e-17  -0.00180525  9.88886e-18    0.0052469  2.49807e-17   0.00592515  1.72209e-17   0.00170512  -2.8078e-18  -0.00228774 -1.31766e-17  -0.00324414 -9.38331e-18  -0.00192439 -3.39102e-18 -0.000302938  4.48799e-19  0.000526899   2.6278e-18  0.000604181  2.67528e-18  0.000380454  1.25786e-18  0.000169803   1.2475e-19  5.67871e-05 -1.14747e-19  1.42527e-05  -2.0553e-20   2.5925e-06  1.04219e-20  3.13329e-07  4.18606e-21  2.01683e-08  6.70136e-23
  0.00107715  3.97701e-19    0.0010749 -6.18507e-18  -0.00324736 -2.33293e-18  -0.00407803  8.91332e-18   0.00311606  8.89935e-18   0.00795816 -1.02544e-18   0.00109159 -1.15853e-17  -0.00892839 -1.83227e-17  -0.00747313 -4.61082e-18   0.00410395  2.68362e-17    0.0105542  3.11458e-17   0.00418366 -8.15062e-18  -0.00625097 -3.62948e-17  -0.00872852  -2.3512e-17  -0.00225834  6.50849e-18   0.00483459  2.54277e-17   0.00605564  1.94409e-17   0.00230972 -7.87023e-19  -0.00171366 -1.14153e-17  -0.00310182 -9.72785e-18    -0.002221 -5.43128e-18 -0.000786173 -1.33728e-18  9.79271e-05  1.61849e-18  0.000327182  2.12505e-18  0.000239166  9.63562e-19  0.000110914  4.10209e-20   3.6578e-05 -1.01682e-19  8.64634e-06 -1.65367e-20  1.39654e-06  6.29786e-21  1.35328e-07  2.34538e-21   5.1316e-09
 2.03745e-18   0.00145033 -7.51923e-20  0.000877387 -6.85502e-18  -0.00351497 -2.46074e-18  -0.00375211  8.66378e-18   0.00343468  1.05666e-17   0.00768256  2.88307e-18  0.000680643 -1.23701e-17  -0.00884621 -2.38695e-17  -0.00713679 -6.80073e-18   0.00413627  3.11458e-17    0.0103727  3.41101e-17   0.00424725 -6.94618e-18  -0.00598144 -3.59131e-17  -0.00875036 -2.65276e-17  -0.00273216  3.30719e-18   0.00437565  2.53073e-17   0.00613673   2.0579e-17   0.00292166  1.37469e-18   -0.0010436 -9.05885e-18   -0.0028113 -9.76744e-18  -0.00239104  -7.1817e-18  -0.00121181 -3.05201e-18 -0.000335019  4.86952e-19  2.19187e-05  1.41729e-18  7.45987e-05  5.97925e-19  4.14124e-05  -4.8661e-20  1.37486e-05 -8.70096e-20    2.996e-06 -1.28294e-20  4.08445e-07  4.90874e-21  2.83878e-08  7.64692e-22
-3.85549e-05  2.79608e-18   0.00170096 -9.05526e-19  0.000598558 -7.36956e-18  -0.00371346 -3.26159e-18  -0.00342092  7.67653e-18   0.00373892  1.27607e-17   0.00741441  7.10579e-18  0.000273787 -1.29433e-17  -0.00878628 -2.88879e-17  -0.00682367 -8.12594e-18   0.00418366  3.41101e-17    0.0102283  3.56035e-17   0.00432786 -4.98052e-18   -0.0057177  -3.4781e-17  -0.00878252 -2.89841e-17  -0.00322996  8.07414e-19   0.00386049  2.45963e-17   0.00615395  2.07801e-17   0.00352709  3.76467e-18 -0.000280459 -6.33664e-18   -0.0023507 -9.39871e-18  -0.00237464 -8.35836e-18  -0.00148122  -4.2967e-18 -0.000655425 -3.85389e-19  -0.00020918  8.33421e-19 -4.56625e-05  3.11862e-19 -5.46362e-06 -8.88062e-20  1.57254e-07 -6.45284e-20  1.79505e-07 -7.31769e-21  2.68905e-08  3.51286e-21  1.22079e-09
 5.46587e-19  0.000203851  3.24672e-18   0.00185607 -1.18026e-18   0.00032274 -7.72959e-18  -0.00387701 -4.55237e-18  -0.00307105  6.09033e-18   0.00403493  1.49709e-17   0.00714238  1.08539e-17 -0.000130321 -1.36436e-17  -0.00874583 -3.28526e-17   -0.0065302 -8.15062e-18   0.00424725  3.56035e-17    0.0101189  3.59217e-17    0.0044262 -2.83169e-18  -0.00545538 -3.35641e-17   -0.0088225 -3.07254e-17  -0.00375501 -8.37587e-19    0.0032787  2.32627e-17   0.00608919  2.04635e-17   0.00410306  6.49543e-18  0.000562379 -3.30192e-18  -0.00169791 -8.37722e-18  -0.00209853 -8.59853e-18  -0.00148684  -4.6884e-18 -0.000760865 -7.29194e-19 -0.000298413   5.1708e-19 -9.09407e-05   1.5709e-19 -2.12808e-05 -7.93612e-20 -3.67625e-06 -4.25812e-20 -4.29318e-07  -2.0702e-21 -2.71561e-08  1.02112e-21
-0.000401549   1.1507e-18  0.000409845  3.63869e-18   0.00194875 -9.64418e-19  2.35418e-05 -7.75912e-18   -0.0040046 -6.04911e-18  -0.00269704   4.3789e-18   0.00431757  1.68395e-17   0.00686563  1.35197e-17 -0.000535503 -1.49982e-17  -0.00872437 -3.53603e-17  -0.00625097 -6.94618e-18   0.00432786  3.59217e-17    0.0100426  3.55752e-17   0.00454387  -9.7269e-19  -0.00519003 -3.27762e-17  -0.00886753  -3.1735e-17  -0.00430975 -1.88874e-18   0.00261898  2.12782e-17   0.00591731  2.01066e-17   0.00461522  9.62971e-18   0.00146451  1.55686e-19 -0.000836913 -6.46485e-18  -0.00151745  -7.6851e-18  -0.00118635 -4.13455e-18 -0.000635809 -5.54029e-19 -0.000254234  4.23667e-19 -7.69268e-05  9.97816e-20 -1.72412e-05 -5.27074e-20 -2.69579e-06 -2.74183e-20 -2.56625e-07  1.21359e-22 -9.66677e-09
-7.18245e-19 -0.000475376  1.54711e-18  0.000620566  3.97921e-18   0.00198678 -5.07756e-19 -0.000294152 -7.45894e-18  -0.00409079 -7.48489e-18   -0.0023045  3.10789e-18   0.00458972  1.83525e-17   0.00658075  1.47713e-17 -0.000947464 -1.72679e-17   -0.0087193 -3.62948e-17  -0.00598144 -4.98052e-18    0.0044262  3.55752e-17   0.00999868  3.51147e-17   0.00468276   3.1604e-19  -0.00491704 -3.26016e-17  -0.00891352 -3.21076e-17  -0.00489555 -2.91713e-18   0.00186636  1.86388e-17   0.00560581  1.99856e-17   0.00502414  1.30926e-17   0.00239203  4.02985e-18   0.00019534 -3.75972e-18 -0.000692729 -5.84389e-18 -0.000668275  -2.9498e-18 -0.000372169 -1.18229e-19 -0.000145349  4.11555e-19 -4.10916e-05  8.03684e-20 -8.19958e-06 -3.70243e-20 -1.06286e-06 -1.75723e-20 -7.18838e-08 -4.72491e-22
-0.000185525 -9.83122e-19 -0.000498576  1.76674e-18   0.00083551  4.11884e-18    0.0019671 -4.24439e-20 -0.000618565  -7.1058e-18  -0.00414033 -8.62258e-18  -0.00189086  2.66019e-18   0.00485243  1.97367e-17   0.00628163  1.44916e-17  -0.00136956 -2.02644e-17  -0.00872852 -3.59131e-17   -0.0057177 -2.83169e-18   0.00454387  3.51147e-17     0.009987  3.50027e-17   0.00484509  9.69793e-19  -0.00463063 -3.28257e-17  -0.00895481 -3.20208e-17  -0.00551519 -4.57937e-18   0.00100351  1.53635e-17   0.00512436  2.00052e-17   0.00528131  1.64937e-17   0.00325227  7.81323e-18    0.0012398 -9.12085e-19  0.000169756 -3.74921e-18  -0.00012917 -1.67229e-18 -0.000109568  2.66746e-19 -4.57632e-05  3.71487e-19 -1.23229e-05  5.78184e-20 -2.15514e-06 -3.55585e-20 -2.19186e-07 -9.66415e-21 -8.53069e-09
-5.68108e-19 -0.000325114 -1.11669e-18 -0.000469065  1.80597e-18   0.00103707   4.0494e-18   0.00189965  2.65629e-19 -0.000949893 -6.99618e-18  -0.00415157 -9.31991e-18  -0.00145328  3.20772e-18   0.00510322  2.11862e-17   0.00596348  1.27519e-17  -0.00180525  -2.3512e-17  -0.00875036  -3.4781e-17  -0.00545538  -9.7269e-19   0.00468276  3.50027e-17     0.010008  3.54676e-17   0.00503434  1.14817e-18  -0.00432362 -3.28937e-17  -0.00898672 -3.16978e-17  -0.00617083 -7.32093e-18  2.23788e-05  1.14639e-17   0.00444305  1.96575e-17   0.00528813  1.89753e-17   0.00384181  1.04689e-17   0.00201754   1.1243e-18  0.000799542 -2.13157e-18  0.000239796  -7.3412e-19  5.32091e-05  4.27671e-19  8.29725e-06  2.83293e-19  8.21991e-07  2.10963e-20  4.14592e-08 -3.32996e-20  5.03725e-10 -2.80989e-21
  4.1356e-05 -8.44648e-19 -0.000440321 -1.10823e-18 -0.000398078  1.81157e-18   0.00122579  3.86129e-18   0.00178491  3.49228e-19   -0.0012849 -7.26573e-18  -0.00412026 -9.53391e-18 -0.000991361  4.80178e-18   0.00534004  2.26794e-17    0.0056208  9.88886e-18  -0.00225834 -2.65276e-17  -0.00878252 -3.35641e-17  -0.00519003   3.1604e-19   0.00484509  3.54676e-17    0.0100633  3.63884e-17    0.0052553  1.20031e-18  -0.00399018 -3.21332e-17  -0.00900326  -3.1342e-17  -0.00685135 -1.11706e-17  -0.00107679  6.88199e-18   0.00349466  1.81661e-17   0.00486132  1.94542e-17   0.00388993   1.1011e-17    0.0022661  1.71244e-18   0.00102265 -1.32337e-18   0.00036356 -2.63683e-19  0.000101099  3.83571e-19  2.13462e-05  1.81136e-19  3.21067e-06 -1.60689e-20  2.99488e-07 -1.93012e-20  1.12363e-08
 9.94176e-20  2.48663e-06 -9.85099e-19  -0.00053545 -9.84743e-19 -0.000291917  1.87314e-18   0.00139605  3.68358e-18   0.00162261  1.65602e-19   -0.0016179 -7.91584e-18   -0.0040433 -9.29478e-18 -0.000503805  7.37135e-18   0.00555965  2.40183e-17    0.0052469  6.50849e-18  -0.00273216 -2.89841e-17   -0.0088225 -3.27762e-17  -0.00491704  9.69793e-19   0.00503434  3.63884e-17    0.0101563  3.73068e-17   0.00551121  1.54436e-18  -0.00362353 -3.00819e-17  -0.00898421 -3.10786e-17  -0.00753405 -1.58253e-17  -0.00232244  1.51448e-18   0.00215299  1.49326e-17   0.00380973   1.7354e-17   0.00323719   9.2689e-18   0.00192602  9.75468e-19   0.00086718 -1.14615e-18  0.000300255 -1.32233e-19  7.88277e-05   2.6252e-19  1.50287e-05  9.58042e-20  1.89831e-06 -2.99881e-20  1.26968e-07  1.05166e-22
 8.20393e-05  6.33791e-20 -5.49056e-05 -1.06005e-18 -0.000607168  -7.6505e-19 -0.000153569  2.01304e-18   0.00154074  3.60785e-18   0.00141459 -3.29149e-19  -0.00194413 -8.91791e-18  -0.00391583 -8.66349e-18  1.04105e-05  1.06439e-17    0.0057569  2.49807e-17   0.00483459  3.30719e-18  -0.00322996 -3.07254e-17  -0.00886753 -3.26016e-17  -0.00463063  1.14817e-18    0.0052553  3.73068e-17    0.0102883  3.76044e-17   0.00580593  2.49896e-18  -0.00320301 -2.67751e-17  -0.00889801 -3.10188e-17   -0.0082226 -2.09062e-17  -0.00378544 -4.48704e-18  0.000331843  1.01587e-17   0.00213443  1.32251e-17   0.00201655  6.09232e-18   0.00120502 -3.39704e-19  0.000521667 -1.18021e-18  0.000167892 -1.27816e-19  3.94801e-05  1.75248e-19  6.40129e-06  3.86874e-20  6.25358e-07 -1.13223e-20  2.39516e-08
 2.08412e-19  0.000116332  -4.3348e-20 -0.000129111 -1.09436e-18 -0.000650265 -4.88298e-19  1.04388e-05  2.26151e-18   0.00165444  3.65408e-18   0.00116139 -1.14285e-18  -0.00225728 -1.02366e-17   -0.0037317 -7.67517e-18  0.000551077  1.41255e-17   0.00592515  2.54277e-17   0.00437565  8.07414e-19  -0.00375501  -3.1735e-17  -0.00891352 -3.28257e-17  -0.00432362  1.20031e-18   0.00551121  3.76044e-17    0.0104615  3.68249e-17    0.0061569  4.13468e-18  -0.00269811 -2.28429e-17  -0.00874144 -3.13477e-17  -0.00895664 -2.59439e-17  -0.00546792 -1.02769e-17  -0.00181224  5.07261e-18  0.000176161   8.5388e-18  0.000642953  2.79683e-18  0.000448456 -1.40925e-18   0.00019432  -1.1124e-18  5.83711e-05  -9.1502e-20  1.20993e-05  1.45262e-19   1.6055e-06  1.74178e-20  1.09955e-07  1.80658e-20
 3.07082e-05   2.6266e-19  0.000131425 -1.93762e-19 -0.000213031  -1.1045e-18 -0.000662154 -1.97358e-19  0.000194808   2.6501e-18   0.00173041  3.79228e-18  0.000864044 -2.24145e-18  -0.00254901 -1.17416e-17   -0.0034843 -6.33709e-18   0.00111698  1.72209e-17   0.00605564  2.53073e-17   0.00386049 -8.37587e-19  -0.00430975 -3.21076e-17  -0.00895481 -3.28937e-17  -0.00399018  1.54436e-18   0.00580593  3.68249e-17    0.0106915   3.4999e-17   0.00659031  6.21609e-18  -0.00210954 -1.92245e-17  -0.00854677 -3.20824e-17  -0.00969441  -2.9991e-17   -0.0071096 -1.43043e-17   -0.0037837  1.32497e-18  -0.00148891  4.75827e-18   -0.0004178  3.93311e-19 -7.22366e-05 -1.80628e-18 -2.17344e-06 -8.65412e-19  2.57792e-06  3.01081e-20  7.18251e-07  1.35577e-19  8.51486e-08  3.34827e-20  3.40188e-09
 5.83526e-20  6.44005e-05  2.58254e-19  0.000126815 -3.63737e-19 -0.000300323 -1.11789e-18  -0.00063999  6.62615e-20   0.00039309  3.17178e-18   0.00176116  3.95691e-18  0.000525015 -3.56491e-18  -0.00280931 -1.31385e-17  -0.00316626 -4.68538e-18   0.00170512  1.94409e-17   0.00613673  2.45963e-17    0.0032787 -1.88874e-18  -0.00489555 -3.20208e-17  -0.00898672 -3.21332e-17  -0.00362353  2.49896e-18    0.0061569   3.4999e-17    0.0110025  3.27307e-17   0.00709918  8.41169e-18  -0.00147484 -1.64138e-17  -0.00826117 -3.25031e-17   -0.0101325 -3.14959e-17  -0.00814703 -1.50675e-17  -0.00494705 -5.52786e-20    -0.002375  2.54111e-18 -0.000914562 -7.90566e-19 -0.000281415 -1.59565e-18 -6.77356e-05 -4.96215e-19 -1.21779e-05  1.84672e-19 -1.48902e-06  1.22778e-19  -9.8735e-08  5.65662e-20
-7.77837e-06  1.22581e-19  9.73391e-05  2.14838e-19  0.000102546  -5.4012e-19 -0.000384634 -1.16839e-18 -0.000581482  2.84065e-19  0.000597078  3.76831e-18   0.00173918  4.04179e-18  0.000148231 -5.02003e-18  -0.00302573 -1.40314e-17  -0.00276983  -2.8078e-18   0.00230972   2.0579e-17   0.00615395  2.32627e-17   0.00261898 -2.91713e-18  -0.00551519 -3.16978e-17  -0.00900326 -3.00819e-17  -0.00320301  4.13468e-18   0.00659031  3.27307e-17    0.0113845  3.10383e-17   0.00763876  1.08697e-17 -0.000745791 -1.37103e-17  -0.00757914 -3.10188e-17  -0.00971497 -2.90246e-17  -0.00799392 -1.21316e-17   -0.0049231  7.50472e-19  -0.00237148  1.66799e-18   -0.0009013 -1.00304e-18 -0.000266941 -1.08757e-18 -5.95759e-05 -8.42672e-20 -9.37567e-06  2.75134e-19 -9.04593e-07  1.17554e-19 -3.47018e-08
-1.79587e-20 -8.88678e-09  1.84769e-19  0.000125898  1.53657e-19  5.93891e-05 -7.04479e-19 -0.000458582 -1.27047e-18 -0.000485851  4.74035e-19  0.000797125  4.34811e-18   0.00165679  3.89724e-18 -0.000259857 -6.46707e-18  -0.00318301 -1.40864e-17  -0.00228774 -7.87023e-19   0.00292166  2.07801e-17   0.00608919  2.12782e-17   0.00186636 -4.57937e-18  -0.00617083  -3.1342e-17  -0.00898421 -2.67751e-17  -0.00269811  6.21609e-18   0.00709918  3.10383e-17      0.01179  3.12373e-17   0.00825036   1.4679e-17  0.000369824 -9.42132e-18  -0.00598996 -2.61134e-17  -0.00797366 -2.23861e-17  -0.00647581 -6.51569e-18  -0.00385128  2.63211e-18  -0.00175795  1.50545e-18 -0.000619769 -7.34052e-19  -0.00016572  -5.2555e-19 -3.21273e-05  2.63922e-19 -4.11654e-06  2.67576e-19 -2.78578e-07  1.08231e-19
 -1.2965e-05  5.04588e-21  1.56916e-05  2.39954e-19  0.000145627  9.55067e-20 -2.53631e-07 -8.44089e-19 -0.000514686 -1.39515e-18 -0.000353834  6.81142e-19  0.000981492  4.80461e-18   0.00150681  3.35363e-18 -0.000689228 -7.74408e-18  -0.00326298 -1.31766e-17  -0.00171366  1.37469e-18   0.00352709  2.04635e-17   0.00591731  1.86388e-17   0.00100351 -7.32093e-18  -0.00685135 -3.10786e-17  -0.00889801 -2.28429e-17  -0.00210954  8.41169e-18   0.00763876  3.12373e-17    0.0122572   3.4853e-17   0.00921397  2.13139e-17   0.00233425 -2.33084e-18  -0.00315829 -1.77481e-17  -0.00497305 -1.30472e-17  -0.00403432 -1.62038e-19  -0.00229247  4.31253e-18 -0.000973182  1.47461e-18 -0.000311043 -3.78637e-19 -7.30719e-05 -4.63415e-21 -1.18722e-05  4.29665e-19 -1.16407e-06  2.15442e-19 -4.47883e-08
-2.62656e-20 -1.91669e-05   4.1811e-20  3.73665e-05  2.81492e-19  0.000152711  5.27876e-20 -7.24493e-05 -9.53879e-19 -0.000545254 -1.47352e-18  -0.00018851  9.63287e-19   0.00113618  5.02188e-18   0.00128359  2.28697e-18  -0.00112521 -8.72914e-18  -0.00324414 -1.14153e-17   -0.0010436  3.76467e-18   0.00410306  2.01066e-17   0.00560581  1.53635e-17  2.23788e-05 -1.11706e-17  -0.00753405 -3.10188e-17  -0.00874144 -1.92245e-17  -0.00147484  1.08697e-17   0.00825036   3.4853e-17    0.0130617  4.29381e-17    0.0109592  3.09368e-17   0.00537585  6.72539e-18  0.000640429  -7.7673e-18  -0.00143587 -3.41625e-18  -0.00149835  4.99795e-18 -0.000872178  4.98138e-18 -0.000352115  1.27314e-18 -0.000102134 -6.16462e-20 -2.07753e-05  3.89303e-19 -2.72893e-06  3.99292e-19  -1.8598e-07  1.53399e-19
-5.26387e-06 -3.77631e-20 -2.01872e-05  7.79414e-20  6.19653e-05  3.05147e-19  0.000144192  2.25029e-20 -0.000151486 -1.03042e-18 -0.000542886 -1.42075e-18  3.81304e-06  1.37123e-18   0.00124506  4.89038e-18  0.000984288  6.96223e-19  -0.00154669 -9.38331e-18  -0.00310182 -9.05885e-18 -0.000280459  6.49543e-18   0.00461522  1.99856e-17   0.00512436  1.14639e-17  -0.00107679 -1.58253e-17   -0.0082226 -3.13477e-17  -0.00854677 -1.64138e-17 -0.000745791   1.4679e-17   0.00921397  4.29381e-17     0.014622  5.45532e-17    0.0136495  4.09948e-17   0.00906958  1.48903e-17   0.00447447  1.21628e-18   0.00161543  4.30235e-18  0.000390126  7.77074e-18  3.99281e-05  4.51066e-18 -1.14189e-05  9.10064e-19 -6.08132e-06  2.48263e-19 -1.28616e-06  5.41916e-19 -1.36642e-07  2.85372e-19 -5.08133e-09
-1.20285e-20 -1.14099e-05 -4.12507e-20 -1.50814e-05  1.04494e-19  8.57144e-05  3.08236e-19  0.000118335 -1.48986e-20 -0.000229677 -1.06995e-18 -0.000501349 -1.16452e-18  0.000212722  1.91392e-18   0.00129026   4.3435e-18  0.000611215 -1.27326e-18  -0.00192439 -9.72785e-18   -0.0028113 -6.33664e-18  0.000562379  9.62971e-18   0.00502414  2.00052e-17   0.00444305  6.88199e-18  -0.00232244 -2.09062e-17  -0.00895664 -3.20824e-17  -0.00826117 -1.37103e-17  0.000369824  2.13139e-17    0.0109592  5.45532e-17    0.0170802  6.56734e-17    0.0167761   4.6962e-17    0.0123585  1.92214e-17   0.00722498  7.36803e-18   0.00342615  8.83778e-18   0.00132385   7.9978e-18  0.000412981  3.30304e-18  0.000101437  5.97789e-19  1.86761e-05  4.99097e-19  2.34123e-06  4.60917e-19  1.59081e-07  1.72014e-19
 1.40517e-07  -2.3648e-20 -1.70736e-05 -3.75962e-20 -3.78774e-06  1.19413e-19  0.000104257  2.88019e-19  7.53046e-05 -8.82378e-20 -0.000297521  -1.0671e-18  -0.00041674 -6.69556e-19  0.000422683  2.52566e-18   0.00125359  3.38274e-18  0.000174988 -3.39102e-18    -0.002221 -9.76744e-18   -0.0023507 -3.30192e-18   0.00146451  1.30926e-17   0.00528131  1.96575e-17   0.00349466  1.51448e-18  -0.00378544 -2.59439e-17  -0.00969441 -3.25031e-17  -0.00757914 -9.42132e-18   0.00233425  3.09368e-17    0.0136495  6.56734e-17    0.0199014  7.04271e-17     0.019223  4.52803e-17    0.0141041  1.88225e-17   0.00821626  1.02566e-17   0.00385124  1.00255e-17   0.00144697   6.4144e-18  0.000427748  1.97216e-18  9.58768e-05  4.94731e-19  1.52173e-05  5.59538e-19  1.48524e-06   2.9689e-19   5.7774e-08
 7.43682e-22 -2.05242e-06 -3.09106e-20 -2.04831e-05 -2.66423e-20  1.25365e-05  1.27065e-19  0.000113143  2.39437e-19  1.77716e-05 -2.19306e-19 -0.000344153 -1.00549e-18 -0.000289222  4.65148e-20  0.000612501  3.06539e-18    0.0011192  2.06058e-18 -0.000302938 -5.43128e-18  -0.00239104 -9.39871e-18  -0.00169791  1.55686e-19   0.00239203  1.64937e-17   0.00528813  1.81661e-17   0.00215299 -4.48704e-18  -0.00546792  -2.9991e-17   -0.0101325 -3.10188e-17  -0.00598996 -2.33084e-18   0.00537585  4.09948e-17    0.0167761  7.04271e-17    0.0219531  6.47085e-17    0.0198657  3.61361e-17    0.0137518  1.52077e-17   0.00752655  1.04349e-17   0.00327956  8.65402e-18   0.00112688   4.1558e-18  0.000297567  1.01264e-18  5.74905e-05  5.16637e-19  7.39091e-06  4.28956e-19  5.04525e-07   1.5718e-19
 1.23799e-06 -1.62031e-21  -5.6403e-06 -3.13318e-20 -2.00691e-05 -7.74851e-21  3.14184e-05  1.34115e-19  0.000108533  1.55074e-19 -4.84816e-05 -4.04702e-19 -0.000358446 -8.46221e-19 -0.000125113  9.07962e-19  0.000755603  3.35496e-18  0.000876661  4.48799e-19 -0.000786173  -7.1817e-18  -0.00237464 -8.37722e-18 -0.000836913  4.02985e-18   0.00325227  1.89753e-17   0.00486132  1.49326e-17  0.000331843 -1.02769e-17   -0.0071096 -3.14959e-17  -0.00971497 -2.61134e-17  -0.00315829  6.72539e-18   0.00906958   4.6962e-17     0.019223  6.47085e-17    0.0221205  4.94066e-17    0.0182527  2.34753e-17    0.0116014  1.07885e-17   0.00581089  8.81295e-18   0.00229509  6.04754e-18  0.000703554  2.18822e-18  0.000161638  5.63393e-19  2.60359e-05  4.74036e-19  2.55725e-06  2.50557e-19  9.93973e-08
  2.6102e-21  1.32264e-06 -4.87596e-21   -9.627e-06 -2.51741e-20 -1.49431e-05  1.94836e-20  4.91733e-05   1.4143e-19  8.81761e-05  2.79066e-20 -0.000114242 -6.04866e-19 -0.000330956 -5.37811e-19   6.0849e-05  1.78161e-18  0.000820833  3.23459e-18  0.000526899 -1.33728e-18  -0.00121181 -8.35836e-18  -0.00209853 -6.46485e-18   0.00019534  7.81323e-18   0.00384181  1.94542e-17   0.00380973  1.01587e-17  -0.00181224 -1.43043e-17  -0.00814703 -2.90246e-17  -0.00797366 -1.77481e-17  0.000640429  1.48903e-17    0.0123585  4.52803e-17    0.0198657  4.94066e-17    0.0199919  3.01762e-17    0.0148431  1.21949e-17   0.00853948  7.16489e-18   0.00385845  6.34856e-18   0.00136089  3.46112e-18  0.000365935  9.70083e-19  7.15279e-05  4.21702e-19  9.25398e-06  3.26875e-19  6.32929e-07  1.18612e-19
  6.8049e-07  2.49562e-21  2.75373e-07 -8.31185e-21 -1.26528e-05 -1.43351e-20 -5.31465e-06   5.3739e-20  6.13273e-05  1.38672e-19  5.26486e-05 -1.41449e-19 -0.000167167 -7.48312e-19 -0.000256949 -6.10547e-20   0.00024265  2.48366e-18  0.000776277   2.6278e-18  9.79271e-05 -3.05201e-18  -0.00148122 -8.59853e-18  -0.00151745 -3.75972e-18    0.0012398  1.04689e-17   0.00388993   1.7354e-17   0.00213443  5.07261e-18   -0.0037837 -1.50675e-17  -0.00799392 -2.23861e-17  -0.00497305  -7.7673e-18   0.00447447  1.92214e-17    0.0141041  3.61361e-17    0.0182527  3.01762e-17    0.0160837  1.37233e-17     0.010677  5.08539e-18   0.00551352  4.66195e-18   0.00222541  3.89459e-18  0.000692653  1.61804e-18  0.000160764  4.40524e-19  2.60561e-05  3.28526e-19  2.56681e-06   1.7374e-19  9.97975e-08
 7.77035e-22  1.18741e-06  3.33264e-22 -1.76253e-06 -1.16419e-20  -1.3339e-05  2.44258e-23   7.1697e-06  9.02229e-20  6.35327e-05  1.08361e-19  6.64152e-06   -3.316e-19 -0.000193278 -7.58458e-19 -0.000141463  5.16411e-19  0.000381659  2.81877e-18  0.000604181  1.61849e-18 -0.000335019  -4.2967e-18  -0.00148684  -7.6851e-18 -0.000692729 -9.12085e-19   0.00201754   1.1011e-17   0.00323719  1.32251e-17  0.000176161  1.32497e-18  -0.00494705 -1.21316e-17  -0.00647581 -1.30472e-17  -0.00143587  1.21628e-18   0.00722498  1.88225e-17    0.0137518  2.34753e-17    0.0148431  1.37233e-17    0.0114895  3.79675e-18   0.00679716  1.97798e-18   0.00313162  2.95366e-18   0.00111974  2.01133e-18  0.000303927  6.36319e-19  5.97686e-05  2.70499e-19  7.75919e-06  2.04877e-19  5.31379e-07  7.42156e-20
 1.74756e-07  1.00388e-21  1.23931e-06 -3.26275e-21 -4.16375e-06 -1.41225e-20 -1.07905e-05  1.83007e-20  1.93874e-05   1.1954e-19  5.31028e-05  3.99818e-20 -4.01738e-05 -4.92622e-19 -0.000181172 -6.01126e-19  -5.5464e-06  1.03242e-18   0.00043519  2.67528e-18  0.000327182  4.86952e-19 -0.000655425  -4.6884e-18  -0.00118635 -5.84389e-18  0.000169756   1.1243e-18    0.0022661   9.2689e-18   0.00201655   8.5388e-18  -0.00148891 -5.52786e-20   -0.0049231 -6.51569e-18  -0.00403432 -3.41625e-18   0.00161543  7.36803e-18   0.00821626  1.52077e-17    0.0116014  1.21949e-17     0.010677  3.79675e-18   0.00728288   1.0251e-20   0.00383063   1.1146e-18   0.00156609  1.73519e-18  0.000491789  8.65387e-19  0.000114825  2.55192e-19  1.86792e-05   1.8625e-19  1.84354e-06  9.92905e-20   7.1705e-08
 1.80497e-22  4.68619e-07  6.03314e-22  6.36697e-07 -7.48626e-21 -5.94331e-06 -1.42032e-20 -5.17301e-06   3.9856e-20  2.73232e-05  1.29777e-19   3.1095e-05 -5.47338e-20 -7.43577e-05 -5.64177e-19 -0.000129734 -3.24686e-19   0.00011358  1.30644e-18  0.000380454  2.12505e-18  2.19187e-05 -3.85389e-19 -0.000760865 -4.13455e-18 -0.000668275 -3.74921e-18  0.000799542  1.71244e-18   0.00192602  6.09232e-18  0.000642953  4.75827e-18    -0.002375  7.50472e-19  -0.00385128 -1.62038e-19  -0.00149835  4.30235e-18   0.00342615  1.02566e-17   0.00752655  1.07885e-17   0.00853948  5.08539e-18   0.00679716   1.0251e-20    0.0040945 -3.48613e-19   0.00190991  9.11765e-19  0.000688793  8.95818e-19  0.000188058  3.20049e-19  3.71243e-05  1.39911e-19  4.83021e-06  1.05732e-19  3.31101e-07   3.8399e-20
 6.40137e-10  5.76928e-22  6.79432e-07 -4.76488e-22 -4.85584e-07 -1.14409e-20 -6.14306e-06 -1.04121e-20  1.90622e-06  5.97751e-20  2.76433e-05  1.13979e-19  3.79878e-06 -1.40888e-19 -8.40875e-05 -5.18367e-19 -5.47188e-05 -4.78799e-20  0.000177257  1.25786e-18  0.000239166  1.41729e-18  -0.00020918 -7.29194e-19 -0.000635809  -2.9498e-18  -0.00012917 -2.13157e-18   0.00102265  9.75468e-19   0.00120502  2.79683e-18   -0.0004178  2.54111e-18  -0.00237148  2.63211e-18  -0.00229247  4.99795e-18  0.000390126  8.83778e-18   0.00385124  1.04349e-17   0.00581089  7.16489e-18   0.00551352  1.97798e-18   0.00383063 -3.48613e-19   0.00203962  1.90058e-19  0.000840917  6.89416e-19   0.00026561  3.92803e-19  6.22588e-05  1.22574e-19  1.01528e-05  8.73058e-20  1.00332e-06  4.66298e-20  3.90384e-08
 5.99473e-23  1.00074e-07  8.89588e-22  6.14457e-07 -2.10686e-21 -1.63509e-06 -1.39974e-20 -4.40989e-06 -3.11723e-21  7.72728e-06  7.02729e-20  1.99507e-05  7.84499e-20 -1.87965e-05 -1.81586e-19 -6.71795e-05 -3.88569e-19   1.5114e-05  1.13714e-19  0.000169803  9.63562e-19  7.45987e-05  8.33421e-19 -0.000298413 -5.54029e-19 -0.000372169 -1.67229e-18  0.000239796 -1.32337e-18   0.00086718 -3.39704e-19  0.000448456  3.93311e-19 -0.000914562  1.66799e-18  -0.00175795  4.31253e-18 -0.000872178  7.77074e-18   0.00132385  1.00255e-17   0.00327956  8.81295e-18   0.00385845  4.66195e-18   0.00313162   1.1146e-18   0.00190991  1.90058e-19  0.000898381  4.63992e-19  0.000325875  4.08257e-19  8.93253e-05  1.48607e-19  1.76794e-05  6.19387e-20  2.30378e-06  4.48955e-20  1.58028e-07  1.62789e-20
