 1.14953e-34  8.75415e-41 -1.11835e-35  2.82301e-38  2.80968e-35 -5.26109e-38 -1.44614e-34  3.73986e-38  4.23181e-35  -4.0856e-38  1.69911e-35  -3.5978e-37  -5.4687e-35  6.10254e-37  2.50891e-35 -7.52211e-37 -1.28997e-35 -1.19128e-37 -4.43491e-36 -7.75233e-38  4.34242e-36 -6.53506e-38 -2.62718e-36  1.18798e-37  2.24008e-37 -9.22165e-38  1.45617e-37  7.74501e-38 -7.49534e-38 -9.67899e-39  1.44796e-37 -1.22243e-39  8.60269e-38   3.9323e-39 -1.34438e-37 -2.53378e-39  5.18556e-38  1.58779e-40   -1.509e-38  1.11943e-39  1.30233e-38 -1.24285e-40  -3.4998e-39 -6.80679e-41 -1.97331e-40 -1.97456e-41  -1.5856e-39  5.28367e-41 -4.06747e-40 -3.37825e-41 -1.34436e-40  1.89356e-41 -8.81458e-41  5.38983e-42 -4.70406e-41  4.50505e-44 -5.15447e-41 -1.60958e-43  2.41533e-43  1.08389e-42 -1.45472e-42 -3.86553e-43  4.85765e-42  4.97085e-44  1.27811e-43  1.01052e-43 -3.67475e-43  4.40578e-45  6.94576e-44  4.97225e-45  2.24733e-44  4.46761e-45 -1.78495e-44   5.1976e-46 -3.75193e-45 -6.55632e-47  3.20241e-45 -5.80391e-46 -9.07382e-46 -1.24206e-47  3.00839e-46 -5.43556e-47 -3.23289e-46  1.28491e-47  1.98774e-47 -9.08052e-48 -3.68789e-47  1.57956e-48  2.55958e-48 -1.74992e-50  3.32072e-48 -1.63963e-49 -8.60373e-49 -3.28183e-50  6.64055e-49 -3.08045e-50 -8.92023e-50  3.82084e-51  3.37816e-50 -1.71677e-51 -7.13568e-51  1.43997e-52  2.76804e-51  9.11738e-53 -1.06477e-51 -4.98105e-52  7.46622e-52  9.67523e-52 -7.57684e-52 -1.41528e-51  7.19499e-52  1.67269e-51 -5.95187e-52 -1.62717e-51   4.2332e-52   1.2974e-51 -2.51515e-52 -8.30736e-52  1.20414e-52  4.10716e-52 -4.38689e-53 -1.46099e-52  1.09931e-53  3.24044e-53 -1.50462e-54 -2.89841e-54
 8.75415e-41    3.552e-34  5.48214e-39  -1.8233e-34  1.80697e-37  2.41674e-34  -2.9155e-37 -2.67131e-34  2.59566e-38  4.78995e-35 -5.27473e-38  6.48046e-35 -1.35563e-36 -1.19028e-34  1.96591e-36  4.65983e-35  -2.2932e-36 -2.11893e-35 -3.26084e-37 -1.76705e-35 -3.09823e-37   8.9145e-36 -1.92379e-37   -6.557e-36  1.80779e-37  -1.8045e-36 -2.41393e-37  4.91299e-37  1.91177e-37  1.06594e-37 -1.79337e-38  2.57469e-37 -3.47718e-39  2.85257e-37  9.03106e-39 -3.69416e-37  -4.8644e-39  1.24657e-37  1.47399e-40 -2.40217e-38  3.01976e-39  2.44817e-38  -5.1653e-40 -9.48934e-39  1.13341e-41 -1.12776e-39 -5.21787e-41 -4.77053e-39  1.87475e-40 -1.99425e-39 -1.20228e-40 -1.20114e-41  6.25666e-41 -1.79883e-40  1.93227e-41  -1.2543e-40  1.58343e-42 -1.77064e-40  6.72923e-43 -5.21588e-42  3.45352e-42  1.09593e-42 -1.18809e-42  1.48416e-41   1.4824e-43  1.18829e-43  3.79944e-43 -1.00392e-42  1.16641e-44  2.74149e-43  5.60995e-45  8.04719e-44   1.2865e-44 -3.98021e-44  9.04807e-46 -2.40186e-44  6.32345e-46  1.38075e-44 -2.46235e-45 -5.16107e-45 -1.64484e-47  1.43607e-45 -2.41462e-46 -1.21103e-45  3.99539e-47   9.1177e-47 -3.10686e-47 -1.47363e-46  6.50991e-48   1.1681e-47   9.1108e-51  1.08204e-47 -8.25603e-49 -3.18841e-48  -9.9463e-50  2.18285e-48  -1.2165e-49 -3.17047e-49    1.458e-50  1.05922e-49 -4.40403e-51 -2.44929e-50 -5.61158e-51  1.31758e-50  1.16443e-50 -9.42552e-51  -1.9161e-50  9.13566e-51  2.62947e-50 -9.14057e-51 -3.08041e-50   8.1109e-51  3.07125e-50 -6.22274e-51  -2.5759e-50  4.04877e-51  1.77979e-50 -2.16544e-51 -9.79545e-51  9.10081e-52   4.0644e-51 -2.79004e-52 -1.15085e-51  5.39379e-53  1.76742e-52 -4.24636e-54
-1.11835e-35  5.48214e-39  7.28942e-34  5.73677e-38 -5.45807e-34  7.53395e-37  5.65492e-34 -1.04459e-36 -3.48486e-34 -2.46726e-37 -9.93999e-36  6.81447e-38   1.4342e-34 -3.36052e-36 -1.74125e-34  4.32373e-36   5.6195e-35 -4.89331e-36 -1.79125e-35 -6.50247e-37 -4.21061e-35 -8.16836e-37  1.43018e-35 -4.14442e-37 -1.33997e-35  1.65416e-37 -6.24346e-36 -4.71373e-37  7.57117e-37  3.35761e-37  1.11555e-36 -1.76505e-38  1.86151e-37 -1.68539e-39  6.82577e-37  1.45164e-38 -6.82639e-37 -6.01402e-39  2.13807e-37 -5.61718e-40 -1.51099e-38   5.7648e-39  1.60154e-38 -1.12765e-39 -1.46425e-38   5.3276e-40 -4.20739e-39 -9.19087e-41  -1.0132e-38  4.31878e-40 -6.11647e-39 -2.99824e-40  8.88705e-40  1.41259e-40 -1.28797e-40  4.78747e-41 -2.43283e-40   6.7307e-42 -4.19258e-40  5.43696e-42 -2.63022e-41  7.35223e-42  1.61025e-41 -2.57948e-42  3.11503e-41  3.36242e-43 -2.99346e-43  1.03732e-42 -1.88856e-42  1.92766e-44  7.54146e-43 -2.08609e-44  1.60139e-43  2.61421e-44 -3.29096e-44  1.38304e-46  -9.1762e-44  3.88691e-45  4.34535e-44 -7.23455e-45 -1.71357e-44  3.30565e-47  4.59424e-45 -7.46792e-46 -3.14314e-45  8.94858e-47  2.52322e-46 -7.22483e-47 -4.13193e-46  1.75176e-47  3.89928e-47  1.08815e-49  2.48843e-47 -2.68463e-48 -8.46885e-48 -2.33114e-49  4.88667e-48 -3.16757e-49 -7.66058e-49  3.34534e-51  2.48492e-49  5.87647e-50 -8.43629e-50 -1.40261e-49  7.58647e-50  2.20545e-49 -7.71311e-50 -3.02453e-49  7.91832e-50  3.61563e-49 -7.47563e-50 -3.74711e-49   6.1663e-50   3.3236e-49 -4.35824e-50 -2.47474e-49  2.57511e-50  1.50318e-49 -1.22588e-50 -7.12739e-50  4.44109e-51  2.45102e-50 -1.10679e-51 -5.28742e-51  1.50678e-52  4.62192e-52
 2.82301e-38  -1.8233e-34  5.73677e-38  1.22816e-33  3.30994e-37 -9.79586e-34  2.37221e-36  8.31452e-34 -2.79862e-36 -3.56485e-34 -1.10969e-36 -1.20611e-34   4.7471e-37  2.17047e-34 -6.40591e-36 -1.94646e-34   7.5239e-36  4.73125e-35 -8.42601e-36  1.29203e-38  -1.1443e-36 -7.79152e-35 -1.56639e-36  2.33665e-35 -7.69082e-37  -2.4364e-35   9.0528e-38 -1.20326e-35  -7.6216e-37  7.50838e-37  4.64712e-37  3.46627e-36 -2.90093e-40 -1.82946e-37  1.54164e-38   1.3068e-36   2.0156e-38 -9.61401e-37  -5.5274e-39  2.96915e-37 -3.07086e-39  2.74414e-38  9.35213e-39 -4.70009e-38 -1.56233e-39 -9.92817e-39  1.94084e-39 -1.12973e-38 -1.09443e-40 -1.77831e-38  7.53765e-40 -1.41395e-38 -6.04847e-40    3.155e-39  2.47028e-40  3.35344e-40  9.58907e-41 -4.18938e-40  1.82548e-41 -7.94186e-40  2.03888e-41 -7.54817e-41  1.20249e-41  5.61843e-41 -4.69146e-42  5.07542e-41  7.16579e-43 -9.87519e-43  2.32909e-42 -3.06046e-42   1.6784e-44  1.79352e-42 -1.28051e-43  1.36088e-43  4.42229e-44  8.76181e-44 -3.77159e-45 -2.64326e-43  1.30798e-44    1.123e-43 -1.71433e-44 -4.16019e-44  2.41521e-46  1.15171e-44 -1.86787e-45 -6.52893e-45  1.68673e-46  5.34897e-46 -1.30079e-46 -9.50727e-46  3.57257e-47   1.0611e-46  2.55061e-49  4.72852e-47 -6.66556e-48 -1.87906e-47 -6.31485e-49  8.54185e-48 -3.82688e-49 -1.50793e-48  -5.8778e-49  6.26814e-49  1.13999e-48 -4.29676e-49 -1.86158e-48  5.00564e-49  2.59833e-48 -5.44268e-49 -3.20825e-48  5.40329e-49  3.47547e-48 -4.76433e-49 -3.26382e-48  3.63625e-49  2.61137e-48 -2.35119e-49 -1.73696e-48  1.24977e-49  9.26528e-49 -5.21951e-50 -3.74536e-49   1.5901e-50  1.03743e-49 -3.05506e-51 -1.56382e-50  2.39075e-52
 2.80968e-35  1.80697e-37 -5.45807e-34  3.30994e-37  1.77012e-33  1.31251e-36 -1.28618e-33  5.97885e-36  9.28987e-34 -5.96125e-36  -3.0599e-34 -2.76262e-36 -2.32755e-34   1.3227e-36  2.46852e-34 -1.00765e-35 -1.68531e-34  1.10038e-35  2.17206e-35 -1.23375e-35  2.98475e-35 -1.93753e-36 -1.22666e-34 -2.27634e-36  4.07365e-35 -1.28225e-36 -3.94878e-35  1.02795e-38 -1.72236e-35 -1.04935e-36  6.90721e-37  5.08072e-37  7.24614e-36  3.46714e-38 -8.32019e-37  6.21873e-38  2.08258e-36  2.85151e-38 -1.04564e-36 -4.40953e-39  3.42614e-37 -9.10793e-39  1.16259e-37  1.42622e-38 -2.04613e-37 -1.21977e-39  1.69901e-38   4.7144e-39 -2.37561e-38 -4.89236e-41 -2.79983e-38  1.04782e-39 -2.67522e-38 -1.04293e-39  6.95877e-39  3.40271e-40  1.51696e-39   1.6538e-40 -7.18368e-40  3.84319e-41  -1.2842e-39   5.5869e-41 -1.62489e-40  1.59698e-41  1.34369e-40 -7.80329e-42   6.4476e-41  1.56163e-42 -4.49116e-44  4.46832e-42 -5.19896e-42 -2.07071e-44  4.02542e-42 -4.12143e-43 -2.97568e-43  6.90966e-44  4.55405e-43 -1.37329e-44 -6.26766e-43  3.33692e-44  2.48335e-43 -3.49732e-44 -8.09239e-44  8.13039e-46  2.42302e-44 -4.01632e-45 -1.15461e-44    2.875e-46    9.769e-46 -1.86881e-46  -1.9177e-45  5.79201e-47  2.46058e-46  2.62587e-49  8.06392e-47 -1.29006e-47 -3.73987e-47 -3.26295e-48   1.2505e-47  3.12486e-48 -3.13086e-48 -7.74431e-48  2.40957e-48  1.25076e-47 -2.61939e-48 -1.80798e-47  3.09803e-48  2.31628e-47 -3.26074e-48 -2.62838e-47  3.05178e-48  2.61167e-47 -2.50008e-48 -2.23774e-47   1.7551e-48  1.61876e-47 -1.02942e-48 -9.59478e-48  4.86344e-49  4.45504e-48 -1.74832e-49 -1.50456e-48  4.32383e-50  3.19521e-49 -5.84326e-51 -2.75545e-50
-5.26109e-38  2.41674e-34  7.53395e-37 -9.79586e-34  1.31251e-36  2.17965e-33  3.93945e-36 -1.35947e-33    1.244e-35  8.80396e-34 -1.04662e-35 -2.48138e-34 -4.94484e-36 -2.89221e-34  2.73946e-36  2.18718e-34 -1.36975e-35 -1.00317e-34  1.39466e-35 -1.19061e-35 -1.57105e-35  6.50161e-35 -3.21561e-36 -1.71003e-34 -2.49073e-36  6.98507e-35 -1.93366e-36 -5.73901e-35 -2.97674e-38  -1.9826e-35 -1.23892e-36  1.23131e-36  3.96623e-37  1.19694e-35  7.35676e-38 -1.64731e-36  1.49494e-37  2.80703e-36  4.47465e-38 -7.72934e-37 -4.21216e-39  3.13465e-37 -2.09863e-38  2.55103e-37  2.17284e-38 -4.85388e-37  2.59387e-40   7.6928e-38   9.1815e-39 -4.10922e-38   1.6011e-40 -4.21312e-38  1.15384e-39 -4.34307e-38 -1.57597e-39  1.16039e-38  3.38168e-40  3.64845e-39  2.52397e-40 -1.27185e-39  6.69666e-41 -1.84564e-39  1.26018e-40 -2.89815e-40  1.78963e-41  2.58821e-40 -1.25218e-41  5.47451e-41  3.45395e-42  8.09383e-42  7.40299e-42 -1.02444e-41 -1.43851e-43  8.64696e-42 -1.01908e-42 -1.61867e-42  1.09539e-43  1.20737e-42 -3.35938e-44 -1.27851e-42  7.16119e-44  4.80875e-43 -6.37884e-44 -1.32642e-43   2.0949e-45  4.45663e-44 -7.66659e-45  -1.8037e-44  4.61912e-46  1.65954e-45 -2.06398e-46 -3.50956e-45  7.52354e-47  5.00254e-46  -3.0116e-48  1.31586e-46 -1.26103e-47 -7.04404e-47 -2.63664e-47  1.82076e-47  4.17605e-47 -1.02866e-47 -7.16518e-47   1.2472e-47  1.06286e-46 -1.50381e-47 -1.41844e-46  1.68865e-47  1.68634e-46 -1.67697e-47  -1.7704e-46  1.46528e-47  1.61888e-46 -1.10863e-47 -1.26595e-46  7.10193e-48   8.2546e-47 -3.73748e-48 -4.32699e-47  1.54487e-48  1.72236e-47 -4.65846e-49 -4.70602e-48  8.86486e-50  7.00849e-49  -6.8772e-51
-1.44614e-34  -2.9155e-37  5.65492e-34  2.37221e-36 -1.28618e-33  3.93945e-36  2.34723e-33  9.45075e-36 -1.24273e-33  2.17878e-35  7.87455e-34 -1.55525e-35 -2.27641e-34 -6.81266e-36 -2.57804e-34  4.78606e-36  1.45824e-34 -1.67267e-35 -5.04117e-36  1.55506e-35 -4.15923e-35 -1.75756e-35  9.73023e-35 -5.12924e-36   -2.156e-34 -1.81269e-36  1.10506e-34 -2.64825e-36 -7.61314e-35 -1.82833e-38 -1.86375e-35 -1.24258e-36  3.22024e-36   9.1169e-38  1.66993e-35  8.96745e-38 -2.50047e-36  2.78723e-37  3.18073e-36  7.37536e-38 -1.24028e-38 -5.35235e-39  1.69884e-37 -4.14669e-38  4.32375e-37  3.36567e-38 -8.89644e-37  2.47446e-39  1.73658e-37  1.52659e-38 -5.97147e-38  5.74665e-40  -6.3461e-38  9.06313e-40 -6.24673e-38 -2.10191e-39  1.53658e-38   1.1324e-40  6.82014e-39  3.42295e-40 -2.24674e-39  9.80989e-41 -2.43394e-39  2.47059e-40  -4.5056e-40  1.81168e-41  4.27392e-40 -1.98517e-41 -5.86686e-42  7.42507e-42  3.42217e-41  1.05208e-41 -2.16132e-41 -4.44715e-43  1.74232e-41 -2.14013e-42 -4.32509e-42  1.86382e-43  2.38272e-42 -6.81418e-44 -2.30257e-42  1.36044e-43  8.29445e-43 -1.06701e-43 -1.89829e-43  4.56545e-45  7.37522e-44 -1.32341e-44  -2.5519e-44  7.16642e-46  2.74486e-45 -1.42532e-46 -5.93653e-45  8.66942e-47  9.10256e-46 -4.64818e-47   2.1795e-46  7.51394e-47 -1.35331e-46 -2.15048e-46  4.27583e-47  3.52845e-46  -4.9656e-47 -5.45283e-46  6.51918e-47  7.56192e-46 -7.64902e-47 -9.41794e-46  8.05306e-47  1.04274e-45  -7.4739e-47 -1.01422e-45    6.049e-47  8.52792e-46 -4.19127e-47 -6.06644e-46  2.42336e-47  3.54197e-46 -1.12772e-47 -1.62234e-46  3.99359e-48  5.41159e-47 -9.74295e-49 -1.13641e-47  1.30204e-49  9.70116e-49
 3.73986e-38 -2.67131e-34 -1.04459e-36  8.31452e-34  5.97885e-36 -1.35947e-33  9.45075e-36   2.3427e-33  1.87651e-35 -1.05494e-33  3.25542e-35  7.35886e-34 -2.00414e-35 -2.47585e-34 -7.27298e-36  -1.4082e-34  7.38803e-36  5.57371e-35 -1.90614e-35  1.01747e-34  1.53242e-35 -5.75227e-35 -1.73883e-35  1.19239e-34 -7.67547e-36 -2.49135e-34 -1.34465e-37  1.58304e-34 -3.32816e-36 -9.43643e-35  2.93517e-38 -1.38287e-35  -1.0167e-36  7.37739e-36  -3.9466e-37  2.03118e-35  5.23913e-38 -3.28396e-36  4.40532e-37  2.89367e-36  1.15912e-37  1.31863e-36 -6.14447e-39 -1.23492e-37 -7.34981e-38  6.15866e-37  5.21943e-38 -1.38234e-36  4.00017e-39  2.99867e-37  2.22207e-38 -7.23781e-38  1.21385e-39 -9.72676e-38   1.9735e-40 -8.16493e-38 -2.44075e-39  1.57926e-38 -4.93094e-40  1.09654e-38  4.04461e-40 -3.76935e-39  1.17841e-40 -3.03548e-39  4.34065e-40 -6.27734e-40  1.96307e-41  6.23788e-40 -3.10569e-41 -1.53793e-40  1.50066e-41  9.40983e-41   1.2412e-41 -4.34734e-41 -1.07264e-42  3.22224e-41 -3.98861e-42 -8.64003e-42   3.3581e-43  3.78467e-42  -1.2253e-43 -3.72279e-42  2.35852e-43  1.29281e-42 -1.66679e-43 -2.45203e-43  8.65529e-45  1.12335e-43 -2.08809e-44  -3.3218e-44  1.10594e-45  4.49753e-45 -5.35269e-48  -9.3732e-45  2.21516e-46  1.49745e-45 -4.41197e-46  3.95656e-46  8.42875e-46 -3.02769e-46 -1.56875e-45   1.8091e-46  2.47625e-45  -2.4741e-46 -3.57862e-45  3.09271e-46  4.66091e-45 -3.41965e-46 -5.43221e-45   3.3548e-46  5.60233e-45 -2.88287e-46 -5.04126e-45   2.1377e-46  3.88489e-45 -1.33874e-46 -2.49921e-45  6.87412e-47  1.29378e-45 -2.77171e-47 -5.09024e-46  8.17444e-48  1.37577e-46 -1.53045e-48 -2.02828e-47  1.17695e-49
 4.23181e-35  2.59566e-38 -3.48486e-34 -2.79862e-36  9.28987e-34    1.244e-35 -1.24273e-33  1.87651e-35  2.33793e-33  3.15917e-35 -8.91843e-34  4.18768e-35  7.49494e-34 -2.30318e-35 -2.67187e-34 -5.68705e-36   3.1192e-35  1.02796e-35 -2.39678e-35 -2.10656e-35  2.12499e-34  1.32867e-35 -5.81249e-35 -1.53896e-35   1.2638e-34 -1.06249e-35  -2.6608e-34  2.29249e-36  2.05972e-34 -3.90189e-36 -1.11874e-34   9.5589e-38 -7.02837e-36 -5.88498e-37    1.407e-35 -9.86559e-37  2.17248e-35 -6.04112e-38 -3.87928e-36  6.19259e-37  1.73614e-36  1.63571e-37  3.24424e-36  -3.2958e-39 -5.87684e-37 -1.19813e-37  7.52443e-37  7.91017e-38 -1.90018e-36  2.55848e-39  4.36021e-37  2.84529e-38 -6.88269e-38   2.0784e-39 -1.49736e-37 -9.70703e-40 -9.92743e-38 -2.32192e-39  1.04199e-38 -1.64347e-39  1.58581e-38  3.89516e-40 -5.81915e-39  1.03085e-40 -3.69589e-39  6.96292e-40 -7.93102e-40  2.82331e-41  8.16212e-40 -4.72221e-41 -4.29143e-40   2.8063e-41  2.04912e-40   1.0864e-41 -7.87703e-41 -2.23823e-42  5.39813e-41 -6.75304e-42 -1.41689e-41  6.07637e-43   4.8562e-42  -2.0014e-43 -5.46245e-42  3.80729e-43  1.84447e-42 -2.46101e-43 -2.97261e-43  1.43334e-44  1.60599e-43 -3.03268e-44 -4.00025e-44  1.90215e-45  7.31144e-45 -2.91975e-46 -1.38677e-44  1.58661e-45   2.1831e-45 -3.34911e-45  8.84084e-46  6.09261e-45 -8.83173e-46 -1.01532e-44  8.51412e-46  1.52194e-44 -1.11288e-45 -2.07185e-44   1.2941e-45  2.53629e-44 -1.32994e-45 -2.76536e-44  1.20139e-45  2.65177e-44 -9.40295e-46 -2.20031e-44  6.25915e-46  1.54573e-44 -3.45747e-46 -8.91799e-45  1.53305e-46  4.03839e-45 -5.19223e-47 -1.33239e-45  1.22789e-47  2.76876e-46 -1.62633e-48 -2.34023e-47
 -4.0856e-38  4.78995e-35 -2.46726e-37 -3.56485e-34 -5.96125e-36  8.80396e-34  2.17878e-35 -1.05494e-33  3.15917e-35  2.46639e-33   4.5891e-35 -7.89184e-34  4.66015e-35  8.04842e-34 -2.45005e-35 -2.27056e-34 -2.49666e-36  2.13592e-34  1.30618e-35   -7.558e-35 -2.33348e-35  3.29983e-34  9.96913e-36 -5.27992e-35 -1.25742e-35  1.18546e-34 -1.35573e-35  -2.6357e-34  4.98004e-36  2.45573e-34 -4.35607e-36 -1.29221e-34  1.74175e-37 -7.74518e-37 -6.00171e-38  2.32799e-35 -1.56178e-36  2.00144e-35 -2.54181e-37 -4.11522e-36  8.00124e-37 -3.18042e-37  2.00369e-37  5.71492e-36  6.82479e-39  -1.2151e-36 -1.82476e-37  7.75584e-37  1.15166e-37   -2.369e-36 -4.43394e-39  5.52584e-37  3.15587e-38 -3.78445e-38  3.25642e-39 -2.25882e-37 -2.46448e-39 -1.14974e-37 -1.37175e-39 -2.33442e-39 -3.47363e-39  2.10589e-38  2.32319e-40 -8.13711e-39  2.43587e-41 -4.54289e-39  1.03138e-39 -9.05743e-40  5.14384e-41  9.57629e-40 -6.83884e-41 -8.64355e-40  4.82855e-41  3.77908e-40  3.20862e-42   -1.262e-40 -4.18315e-42  8.13274e-41 -1.05293e-41 -1.96702e-41  1.05492e-42  4.63874e-42 -2.97977e-43  -7.3215e-42  5.80287e-43   2.4393e-42 -3.45549e-43 -3.54704e-43   2.0694e-44  2.19448e-43  -4.1153e-44 -4.42129e-44  4.90805e-45  1.17435e-44 -4.69793e-45 -1.91115e-44  1.14511e-44  2.43958e-45 -2.19303e-44  2.58319e-45  3.76162e-44 -3.11626e-45 -5.88417e-44  3.60142e-45  8.35388e-44 -4.34056e-45 -1.07219e-43  4.62533e-45  1.23241e-43 -4.31523e-45 -1.25455e-43  3.47815e-45  1.11489e-43 -2.37508e-45 -8.48829e-44  1.34129e-45  5.39653e-44 -6.09096e-46 -2.76141e-44   2.1574e-46  1.07407e-44 -5.74395e-47 -2.87035e-45  1.04969e-47  4.18523e-46 -8.69956e-49
 1.69911e-35 -5.27473e-38 -9.93999e-36 -1.10969e-36  -3.0599e-34 -1.04662e-35  7.87455e-34  3.25542e-35 -8.91843e-34   4.5891e-35  2.76751e-33  5.82576e-35  -7.4269e-34  4.47853e-35   8.6456e-34 -2.53122e-35 -8.18213e-35  7.22877e-37  3.65023e-34  1.54012e-35 -9.54487e-35  -2.6344e-35  4.61343e-34  6.19365e-36 -5.83661e-35 -1.02472e-35  9.95777e-35 -1.60139e-35 -2.41582e-34  7.41801e-36  2.70347e-34 -4.73272e-36 -1.46805e-34  2.56568e-37  2.47876e-36  4.10745e-37  3.47638e-35 -1.98146e-36  1.44893e-35 -5.18568e-37 -3.78584e-36  9.74904e-37 -3.10197e-36  2.04401e-37  8.58847e-36  2.75836e-38 -1.95357e-36 -2.62592e-37  6.20601e-37  1.59891e-37 -2.72154e-36 -1.91568e-38  6.15093e-37  2.86496e-38  2.95422e-38  5.12417e-39 -3.27138e-37  -4.0447e-39 -1.29949e-37  8.92311e-40 -2.23931e-38 -6.07163e-39  2.57883e-38 -1.38286e-40 -1.01875e-38 -1.47428e-40 -5.80677e-39  1.41936e-39  -9.1302e-40  9.65194e-41  9.85366e-40 -9.21658e-41  -1.4676e-39  7.63466e-41  6.08268e-40 -1.30162e-41 -1.76995e-40 -7.09066e-42  1.09412e-40 -1.52438e-41 -2.30939e-41  1.71037e-42   1.8705e-42 -3.99536e-43 -8.98859e-42  8.42952e-43  3.03165e-42 -4.61809e-43 -4.35689e-43  2.70106e-44  2.91458e-43 -5.63514e-44 -4.34634e-44  2.14311e-44  1.82908e-44 -3.57916e-44 -2.36222e-44  7.17977e-44  1.09547e-47 -1.28076e-43  8.73798e-45  2.08036e-43 -1.10182e-44 -3.08052e-43  1.27234e-44  4.13642e-43 -1.36754e-44 -4.99934e-43  1.26708e-44  5.38342e-43 -9.84449e-45 -5.09967e-43   6.1279e-45  4.18049e-43 -2.79522e-45 -2.90138e-43   7.2459e-46  1.65356e-43  5.54107e-47 -7.39569e-44 -1.23593e-46  2.40965e-44  3.86416e-47 -4.94446e-45 -3.20698e-48  4.12702e-46
 -3.5978e-37  6.48046e-35  6.81447e-38 -1.20611e-34 -2.76262e-36 -2.48138e-34 -1.55525e-35  7.35886e-34  4.18768e-35 -7.89184e-34  5.82576e-35  3.22198e-33  6.51917e-35 -7.37734e-34  3.65894e-35  8.96026e-34 -2.66316e-35  1.75805e-34  1.93146e-36  4.63117e-34   1.7233e-35 -9.25857e-35  -3.0127e-35  6.07607e-34  2.74299e-36 -9.09355e-35 -9.43224e-36  7.59185e-35 -1.76962e-35 -2.02713e-34  9.23962e-36  2.75481e-34 -5.09909e-36 -1.63996e-34  3.00635e-37  1.34257e-36  6.43667e-37  4.83109e-35 -2.13503e-36  4.83691e-36 -8.36875e-37  -2.7439e-36  1.14338e-36 -6.32972e-36  1.55022e-37   1.1618e-35  6.29531e-38 -2.69476e-36 -3.60375e-37  2.43692e-37  2.11658e-37 -2.90668e-36 -4.27187e-38   5.9096e-37  1.69414e-38  1.36355e-37  8.58709e-39 -4.49368e-37 -5.43826e-39 -1.46629e-37  5.04596e-39 -4.76199e-38 -9.47841e-39   2.8789e-38 -7.85948e-40 -1.11906e-38 -4.32673e-40 -7.83773e-39   1.8184e-39  -7.5599e-40  1.68201e-40  8.18087e-40 -1.11956e-40 -2.20494e-39  1.10923e-40  8.65119e-40  -3.9327e-41 -2.12888e-40 -1.09302e-41  1.29614e-40 -2.05895e-41 -2.19393e-41  2.54563e-42 -4.76177e-42 -4.66599e-43 -1.00986e-41  1.17464e-42  3.60109e-42 -5.88241e-43 -5.60897e-43  4.25992e-44  3.81399e-43  -1.0401e-43 -3.41197e-44  1.16263e-43  2.59158e-44 -2.17506e-43 -2.22512e-44  4.01927e-43  -1.2142e-44 -6.77937e-43  2.74419e-44  1.04497e-42 -3.15832e-44 -1.46567e-42  3.09509e-44   1.8579e-42 -2.44004e-44 -2.10944e-42  1.19066e-44  2.12092e-42  2.44983e-45 -1.86125e-42 -1.29876e-44   1.3989e-42  1.59911e-44 -8.77589e-43 -1.23247e-44  4.42897e-43  6.36765e-45 -1.69814e-43 -2.08151e-45  4.47133e-44  3.62373e-46 -6.42137e-45 -2.00711e-47
 -5.4687e-35 -1.35563e-36   1.4342e-34   4.7471e-37 -2.32755e-34 -4.94484e-36 -2.27641e-34 -2.00414e-35  7.49494e-34  4.66015e-35  -7.4269e-34  6.51917e-35  3.80367e-33  6.45483e-35 -7.63958e-34  2.40151e-35  8.73063e-34 -2.91972e-35  5.06815e-34 -3.22984e-37  5.12265e-34  1.87782e-35 -8.28992e-35 -3.41083e-35  7.56215e-34  1.10446e-37 -1.58178e-34 -1.04683e-35  5.46419e-35  -1.8602e-35 -1.51528e-34  1.02615e-35  2.58062e-34 -5.50875e-36  -1.7886e-34  2.08631e-37 -3.98888e-36  4.71913e-37  6.39398e-35 -1.98174e-36 -8.63494e-36 -1.19845e-36 -1.02116e-36  1.31121e-36 -9.72018e-36  4.17778e-38  1.44603e-35  1.19219e-37 -3.27441e-36 -4.75571e-37 -3.61596e-37  2.68412e-37 -2.88778e-36 -7.46381e-38  4.56473e-37 -5.54969e-39  2.76344e-37  1.52422e-38 -5.81888e-37 -6.43932e-39 -1.68152e-37  1.17072e-38 -7.39525e-38 -1.37102e-38  2.82984e-38  -1.7549e-39 -1.02175e-38 -8.38052e-40 -1.11092e-38  2.16519e-39 -3.76451e-40  2.66417e-40  3.50709e-40  -1.1533e-40 -2.98785e-39   1.4798e-40  1.08574e-39 -7.58311e-41 -2.06636e-40 -1.52741e-41   1.3052e-40 -2.59948e-41 -1.38287e-41  3.41538e-42 -1.62618e-41 -4.34699e-43 -1.03346e-41  1.58344e-42  4.17832e-42 -7.35444e-43 -7.41803e-43  1.42583e-43  4.94687e-43 -3.52312e-43  -9.5091e-45  6.29517e-43  2.88164e-44 -1.17096e-42 -4.78227e-45  2.04636e-42 -4.04059e-44 -3.27818e-42  5.06095e-44  4.79362e-42 -2.72349e-44 -6.35821e-42 -2.38815e-44  7.58826e-42  9.68712e-44 -8.06588e-42 -1.71497e-43  7.53826e-42  2.17011e-43 -6.09266e-42 -2.11218e-43  4.16575e-42  1.58357e-43 -2.33683e-42 -8.84516e-44  1.02772e-42   3.4361e-44 -3.28931e-43 -8.16344e-45  6.62399e-44  8.93847e-46 -5.42224e-45
 6.10254e-37 -1.19028e-34 -3.36052e-36  2.17047e-34   1.3227e-36 -2.89221e-34 -6.81266e-36 -2.47585e-34 -2.30318e-35  8.04842e-34  4.47853e-35 -7.37734e-34  6.45483e-35  4.49764e-33  5.63438e-35 -8.17563e-34  9.81206e-36  7.74597e-34 -3.29421e-35  8.35198e-34 -6.07448e-36  5.39643e-34  2.03177e-35 -8.17492e-35 -3.71769e-35  8.82026e-34 -1.54007e-36 -2.56121e-34 -1.29661e-35  4.15492e-35 -1.90158e-35 -9.33671e-35  1.04221e-35  2.17046e-34 -5.96796e-36 -1.88759e-34 -1.61481e-37 -1.18735e-35 -2.33822e-37  8.19147e-35 -1.57225e-36 -2.47807e-35 -1.60658e-36  1.09537e-36  1.48777e-36 -1.31142e-35 -1.27182e-37  1.67129e-35  2.05852e-37 -3.48875e-36 -6.07905e-37 -1.15709e-36  3.28722e-37 -2.63498e-36 -1.12527e-37  2.02615e-37  -3.9455e-38  4.31975e-37  2.73249e-38  -7.0793e-37 -7.00261e-39 -1.98193e-37  2.14506e-38 -9.60971e-38 -1.87916e-38  2.22429e-38 -3.06316e-39 -6.31208e-39 -1.35959e-39 -1.61915e-38  2.38246e-39  2.82015e-40  3.84239e-40  -5.4833e-40 -8.34421e-41 -3.67297e-39  1.80726e-40   1.1777e-39 -1.21328e-40  -1.2574e-40 -1.91776e-41  9.99947e-41 -3.06445e-41  2.93466e-42  4.00485e-42 -3.29512e-41 -2.30073e-43 -9.55655e-42  2.12795e-42  4.86086e-42 -1.05977e-42 -9.66925e-43  7.48996e-43  6.34578e-43  -1.6668e-42  3.49897e-44  3.20097e-42   3.7632e-44 -5.74694e-42 -2.11089e-44  9.55049e-42  6.13011e-44 -1.45305e-41 -2.42705e-43  2.01198e-41  5.82605e-43 -2.51661e-41 -1.04249e-42  2.81744e-41  1.51437e-42 -2.79079e-41 -1.82247e-42  2.41027e-41  1.80766e-42  -1.7806e-41 -1.44734e-42  1.09641e-41  9.01543e-43 -5.42232e-42 -4.11602e-43  2.03377e-42  1.24673e-43 -5.22911e-43   -2.073e-44  7.32055e-44  1.12476e-45
 2.50891e-35  1.96591e-36 -1.74125e-34 -6.40591e-36  2.46852e-34  2.73946e-36 -2.57804e-34 -7.27298e-36 -2.67187e-34 -2.45005e-35   8.6456e-34  3.65894e-35 -7.63958e-34  5.63438e-35  5.28581e-33  4.25982e-35  -8.9884e-34 -3.62069e-36  5.90264e-34 -3.70967e-35  1.07198e-33 -1.38145e-35  5.81499e-34  2.18848e-35 -9.80803e-35 -3.80133e-35  9.55988e-34 -2.22574e-36 -3.71234e-34 -1.60736e-35  3.99375e-35 -1.93537e-35 -3.29408e-35  9.70095e-36  1.53741e-34 -6.41154e-36 -1.91567e-34 -9.46781e-37 -1.98776e-35 -1.55824e-36  1.02575e-34 -1.04011e-36 -4.15987e-35 -2.07687e-36  3.07254e-36  1.68751e-36 -1.65355e-35 -3.20522e-37  1.79743e-35  3.34142e-37 -3.12579e-36 -7.57034e-37 -2.06586e-36  3.92794e-37 -2.11978e-36 -1.52073e-37 -1.61248e-37 -8.38781e-38  5.74515e-37  4.73546e-38 -8.06782e-37 -7.28813e-39 -2.41336e-37  3.47069e-38 -1.08667e-37 -2.47826e-38  8.67278e-39 -4.69854e-39  1.39875e-39 -1.99503e-39 -2.36866e-38  2.39435e-39  1.28565e-39  5.05883e-40 -2.03048e-39  7.69559e-42 -4.07859e-39  2.00418e-40  1.03068e-39 -1.73995e-40  6.12087e-41 -2.12374e-41  2.75675e-41 -3.35668e-41   2.9089e-41  3.84021e-42 -5.42086e-41  1.09446e-43 -7.91577e-42  3.19724e-42  5.81123e-42 -2.50368e-42 -1.20533e-42  3.93959e-42  8.49162e-43 -8.08849e-42 -4.56171e-44  1.50918e-41  4.41987e-43 -2.59228e-41 -9.70949e-43  4.09536e-41  2.11062e-42 -5.90555e-41 -4.07661e-42  7.71939e-41  6.81811e-42 -9.06942e-41 -9.84214e-42  9.47788e-41  1.21976e-41 -8.69515e-41  -1.2801e-41  6.88584e-41   1.1122e-41 -4.60304e-41 -7.73433e-42  2.51818e-41  4.09256e-42 -1.07695e-41 -1.52191e-42  3.34112e-42  3.46396e-43  -6.4996e-43 -3.57852e-44  5.12225e-44
-7.52211e-37  4.65983e-35  4.32373e-36 -1.94646e-34 -1.00765e-35  2.18718e-34  4.78606e-36  -1.4082e-34 -5.68705e-36 -2.27056e-34 -2.53122e-35  8.96026e-34  2.40151e-35 -8.17563e-34  4.25982e-35  6.12535e-33  2.64929e-35 -1.00725e-33 -1.47555e-35  3.30833e-34 -4.05677e-35  1.14597e-33 -2.11371e-35  6.66649e-34  2.31223e-35 -1.32379e-34 -3.55589e-35  9.55936e-34  -1.9568e-36 -4.85783e-34 -1.88704e-35  5.05086e-35  -1.9946e-35   2.6661e-35  8.08665e-36  7.24892e-35 -6.68776e-36 -1.86934e-34 -2.20948e-36 -2.56231e-35 -3.54866e-36  1.26084e-34 -5.64774e-37  -5.6507e-35 -2.62592e-36  4.21758e-36  1.93618e-36 -2.01733e-35 -4.85893e-37  1.79187e-35  5.13682e-37 -2.00512e-36 -9.21484e-37 -2.99057e-36  4.62871e-37 -1.31763e-36 -1.87483e-37 -6.06195e-37  -1.3668e-37  6.66707e-37  7.75102e-38 -8.57624e-37 -7.63677e-39 -3.03675e-37  5.16836e-38 -1.07502e-37 -3.17878e-38 -1.36741e-38 -6.60869e-39  1.36406e-38 -2.76104e-39 -3.41306e-38  2.14739e-39  2.73184e-39  6.04905e-40 -4.24522e-39  1.83765e-40 -4.01727e-39  1.97851e-40  5.36398e-40  -2.3235e-40  3.77379e-40 -1.98862e-41 -9.40042e-41 -3.38433e-41  6.45716e-41  2.55926e-42 -7.84259e-41 -1.74425e-43 -5.92545e-42  6.86995e-42  7.30625e-42 -9.67963e-42 -1.65401e-42  1.90563e-41  1.90473e-42 -3.69057e-41 -2.17731e-42  6.57504e-41  5.55286e-42 -1.07576e-40 -1.15551e-41  1.61159e-40  2.18606e-41  -2.1949e-40 -3.68931e-41  2.69642e-40  5.49972e-41 -2.95936e-40 -7.16356e-41  2.86722e-40  8.03182e-41 -2.41551e-40 -7.58863e-41  1.73497e-40  5.86383e-41 -1.03456e-40 -3.54985e-41  4.93124e-41  1.57823e-41 -1.77246e-41 -4.63629e-42  4.33787e-42  7.36069e-43 -5.73609e-43 -3.61974e-44
-1.28997e-35  -2.2932e-36   5.6195e-35   7.5239e-36 -1.68531e-34 -1.36975e-35  1.45824e-34  7.38803e-36   3.1192e-35 -2.49666e-36 -8.18213e-35 -2.66316e-35  8.73063e-34  9.81206e-36  -8.9884e-34  2.64929e-35  6.94049e-33  1.13345e-35  -1.1352e-33 -2.28715e-35  3.36228e-35 -4.23064e-35  1.02901e-33  -2.5786e-35  8.05159e-34  2.34401e-35 -1.78659e-34  -2.9431e-35  8.73927e-34 -6.69562e-37 -5.83585e-34 -2.07201e-35  7.24012e-35 -2.08655e-35  8.40534e-35  5.61584e-36 -1.93385e-35 -6.55554e-36 -1.76931e-34 -3.87565e-36 -2.74828e-35 -6.22761e-36  1.52237e-34 -3.18854e-37 -6.68587e-35 -3.25505e-36  3.80362e-36  2.27879e-36  -2.4292e-35 -5.60081e-37  1.63638e-35  7.48522e-37 -1.85446e-38 -1.09641e-36 -3.83893e-36  5.42561e-37 -2.18831e-37 -2.12516e-37 -1.08522e-36  -1.9509e-37  6.68057e-37  1.18887e-37 -8.44598e-37 -8.49306e-39 -3.92877e-37  7.23406e-38 -9.08178e-38 -3.99485e-38 -4.48941e-38 -8.67597e-39  3.09708e-38 -3.70668e-39 -4.78815e-38  1.63163e-39  4.76401e-39  6.43209e-40 -7.30256e-39  4.66975e-40 -3.33893e-39  1.65073e-40 -3.88435e-40 -2.95933e-40  8.32136e-40 -1.37851e-41 -2.68883e-40 -3.12315e-41  1.09038e-40  1.20818e-42 -1.03144e-40 -5.32623e-42 -4.73457e-42   2.2855e-41  1.06817e-41 -4.27688e-41 -5.42344e-42  8.46346e-41  1.18024e-41 -1.55728e-40 -2.45605e-41  2.63817e-40  5.29836e-41  -4.0945e-40   -1.023e-40   5.7922e-40  1.78392e-40 -7.41176e-40 -2.78043e-40  8.50206e-40  3.83018e-40 -8.64639e-40 -4.59615e-40   7.6879e-40  4.71232e-40  -5.8705e-40 -4.02083e-40   3.7596e-40  2.75239e-40 -1.95416e-40 -1.43293e-40  7.85561e-41  5.22063e-41 -2.25871e-41 -1.15094e-41  3.99692e-42  1.11567e-42 -2.79502e-43
-1.19128e-37 -2.11893e-35 -4.89331e-36  4.73125e-35  1.10038e-35 -1.00317e-34 -1.67267e-35  5.57371e-35  1.02796e-35  2.13592e-34  7.22877e-37  1.75805e-34 -2.91972e-35  7.74597e-34 -3.62069e-36 -1.00725e-33  1.13345e-35  7.63364e-33 -3.36481e-37 -1.26405e-33 -2.77665e-35 -2.44622e-34 -4.15201e-35  7.44947e-34 -2.65479e-35  9.86706e-34  2.24007e-35 -2.28781e-34  -2.0111e-35  7.17931e-34  1.65844e-36 -6.54092e-34 -2.14789e-35  1.04678e-34 -2.18735e-35  1.38835e-34  2.45409e-36  -1.1268e-34 -5.70177e-36 -1.65708e-34 -5.71026e-36 -2.49096e-35 -9.60117e-36  1.80418e-34 -4.18771e-37 -7.05221e-35  -3.9364e-36  1.20015e-36  2.78366e-36 -2.90941e-35 -4.85511e-37  1.33165e-35  1.03556e-36  2.83599e-36 -1.27059e-36 -4.54772e-36  6.35108e-37  1.15671e-36 -2.22064e-37 -1.53756e-36 -2.56325e-37  5.42025e-37  1.70865e-37 -7.62076e-37 -1.03235e-38 -5.16963e-37  9.64338e-38 -5.98338e-38  -4.9428e-38  -8.3738e-38  -1.0676e-38  5.37611e-38 -4.91518e-39 -6.50135e-38  8.95118e-40  7.55729e-39  5.72188e-40 -1.12279e-38  8.70168e-40 -1.97386e-39  9.68792e-41 -1.78319e-39 -3.65391e-40  1.41913e-39 -1.62206e-42 -5.00081e-40 -2.85211e-41  1.62173e-40  7.65311e-42 -1.24333e-40 -3.46209e-41 -9.51186e-42  9.21017e-41  2.79334e-41 -1.82119e-40  -4.2667e-41  3.45578e-40  1.01112e-40 -6.03902e-40 -2.18189e-40  9.68928e-40  4.37502e-40 -1.41862e-39 -7.94891e-40  1.88266e-39  1.30104e-39 -2.24494e-39 -1.89787e-39  2.37976e-39  2.43451e-39 -2.21282e-39 -2.69874e-39  1.77421e-39  2.52625e-39 -1.19922e-39 -1.93496e-39  6.62467e-40  1.15974e-39 -2.85986e-40 -5.08683e-40  8.99568e-41  1.46274e-40 -1.82157e-41 -2.23072e-41  1.79781e-42  9.90195e-43
-4.43491e-36 -3.26084e-37 -1.79125e-35 -8.42601e-36  2.17206e-35  1.39466e-35 -5.04117e-36 -1.90614e-35 -2.39678e-35  1.30618e-35  3.65023e-34  1.93146e-36  5.06815e-34 -3.29421e-35  5.90264e-34 -1.47555e-35  -1.1352e-33 -3.36481e-37  8.11034e-33 -7.35997e-36 -1.36654e-33 -2.95683e-35 -4.45825e-34 -3.77532e-35   3.5846e-34 -2.35879e-35  1.18771e-33  2.01204e-35 -2.76678e-34 -8.85727e-36  5.09062e-34  4.78556e-36 -6.93871e-34 -2.15307e-35  1.47239e-34 -2.24897e-35  1.90609e-34  -1.0267e-36 -1.99235e-34 -3.78477e-36 -1.58282e-34 -7.34378e-36 -1.83582e-35 -1.36569e-35  2.09678e-34 -8.95476e-37 -6.63277e-35 -4.60827e-36 -4.00451e-36  3.53735e-36 -3.45732e-35 -2.28624e-37  8.98064e-36  1.36691e-36  6.43438e-36 -1.42362e-36 -5.09679e-36  7.41177e-37  2.74737e-36 -2.13987e-37  -1.8959e-36 -3.17894e-37  2.63724e-37  2.30811e-37 -6.18607e-37 -1.35831e-38 -6.81577e-37  1.23608e-37  -1.8696e-38 -6.04024e-38 -1.27833e-37 -1.22345e-38  8.21179e-38 -6.49105e-39 -8.52333e-38  4.52864e-41  1.12616e-38  3.37645e-40 -1.59251e-38  1.39124e-39  3.65409e-41 -7.82261e-42 -3.63506e-39 -4.42647e-40  2.11858e-39  2.12087e-41 -7.91309e-40 -4.09629e-41  2.20251e-40  5.77709e-41 -1.25234e-40 -1.66209e-40  -6.1831e-41  3.71253e-40  1.65575e-40 -7.17126e-40 -3.70128e-40  1.29111e-39  8.40135e-40 -2.13296e-39 -1.74461e-39  3.21951e-39  3.31432e-39 -4.40776e-39 -5.70178e-39  5.42662e-39  8.80063e-39 -5.94248e-39  -1.2039e-38  5.70814e-39  1.43701e-38 -4.72261e-39  -1.4665e-38  3.28237e-39  1.24516e-38 -1.84834e-39 -8.47046e-39  7.96029e-40  4.37009e-39 -2.35378e-40 -1.56921e-39  3.57363e-41  3.37036e-40  1.32796e-42 -3.08462e-41  -8.4272e-43
-7.75233e-38 -1.76705e-35 -6.50247e-37  1.29203e-38 -1.23375e-35 -1.19061e-35  1.55506e-35  1.01747e-34 -2.10656e-35   -7.558e-35  1.54012e-35  4.63117e-34 -3.22984e-37  8.35198e-34 -3.70967e-35  3.30833e-34 -2.28715e-35 -1.26405e-33 -7.35997e-36   8.3072e-33 -1.02196e-35 -1.41542e-33 -2.87194e-35 -5.30356e-34 -3.09252e-35 -5.05274e-35 -1.81631e-35   1.3822e-33  1.74751e-35 -3.20594e-34  2.57783e-36  2.76749e-34  8.02871e-36 -7.05622e-34 -2.16635e-35  2.00454e-34 -2.21382e-35  2.38359e-34 -4.21884e-36 -2.74027e-34 -4.99577e-37 -1.58953e-34 -8.34846e-36 -8.90999e-36 -1.83504e-35  2.38865e-34 -1.69345e-36 -5.42562e-35 -5.18363e-36  -1.1889e-35  4.62918e-36 -4.03985e-35  2.05833e-37  3.72304e-36   1.7359e-36  1.05269e-35 -1.52486e-36 -5.50709e-36  8.57164e-37  4.44519e-36 -1.90709e-37 -2.09593e-36 -3.77418e-37 -1.73753e-37   2.9424e-37 -4.37912e-37 -1.87541e-38 -8.86327e-37  1.53477e-37  2.63051e-38 -7.30514e-38  -1.7423e-37 -1.28119e-38  1.15684e-37 -8.53718e-39 -1.07832e-37 -7.66088e-40  1.59147e-38 -1.10068e-40 -2.11663e-38  2.00825e-39  2.53195e-39 -1.43319e-40 -5.88417e-39 -5.35145e-40  2.90023e-39  7.79992e-41 -1.13754e-39 -1.32002e-40  2.39604e-40  2.91431e-40  2.74349e-41 -6.85311e-40 -5.16678e-40  1.39675e-39  1.30836e-39 -2.57029e-39 -3.03027e-39  4.35744e-39  6.56843e-39  -6.7419e-39 -1.30387e-38   9.4552e-39  2.35647e-38 -1.19033e-38 -3.84196e-38  1.32847e-38  5.58898e-38 -1.29226e-38 -7.15368e-38  1.06916e-38  7.91283e-38 -7.23625e-39 -7.38669e-38  3.72039e-39   5.6351e-38 -1.18495e-39 -3.35639e-38 -1.93358e-41  1.45723e-38  2.58414e-40 -4.11657e-39 -1.37571e-40  6.06056e-40  3.01167e-41  -2.4394e-41
 4.34242e-36 -3.09823e-37 -4.21061e-35  -1.1443e-36  2.98475e-35 -1.57105e-35 -4.15923e-35  1.53242e-35  2.12499e-34 -2.33348e-35 -9.54487e-35   1.7233e-35  5.12265e-34 -6.07448e-36  1.07198e-33 -4.05677e-35  3.36228e-35 -2.77665e-35 -1.36654e-33 -1.02196e-35  8.21261e-33 -1.08741e-35 -1.39393e-33 -2.60265e-35 -4.88503e-34 -2.13642e-35 -4.14903e-34 -1.19626e-35  1.55074e-33  1.60186e-35 -3.62685e-34   1.2292e-35  5.35565e-35  1.02646e-35 -6.95493e-34 -2.28274e-35  2.63591e-34 -2.03028e-35  2.80428e-34 -6.32727e-36  -3.3684e-34  4.35187e-36 -1.69965e-34 -8.34599e-36  2.20841e-36 -2.35836e-35  2.66697e-34 -2.69502e-36 -3.53428e-35 -5.57072e-36 -2.21042e-35  6.12957e-36  -4.5871e-35   7.6978e-37 -1.99642e-36  2.14395e-36  1.47622e-35 -1.53532e-36 -5.82124e-36  9.75052e-37  6.09976e-36  -1.6008e-37 -2.08601e-36 -4.32062e-37 -7.56132e-37  3.55415e-37 -2.55845e-37 -2.64307e-38 -1.12149e-36  1.85633e-37  6.80081e-38 -8.75266e-38 -2.20051e-37 -1.17493e-38  1.53329e-37 -1.11305e-38 -1.31691e-37 -1.37417e-39  2.13687e-38 -8.00024e-40 -2.66218e-38   2.6739e-39  5.25271e-39 -2.87358e-40 -8.43275e-39 -6.78131e-40  3.69749e-39  2.67574e-40 -1.41719e-39 -5.34593e-40  -1.8182e-40  1.19115e-39  1.45704e-39 -2.50862e-39 -4.27777e-39  4.75536e-39   1.0421e-38 -8.20864e-39 -2.34502e-38  1.29208e-38  4.86563e-38 -1.83561e-38 -9.22435e-38  2.32539e-38  1.58537e-37 -2.58001e-38 -2.44544e-37  2.43677e-38  3.34332e-37   -1.858e-38 -3.98719e-37  9.99893e-39  4.06275e-37 -1.65295e-39 -3.44036e-37 -3.62619e-39  2.32988e-37   4.9233e-39  -1.1931e-37 -3.53905e-39   4.2301e-38  1.60586e-39 -8.87472e-39 -4.24934e-40  7.69932e-40  4.34903e-41
-6.53506e-38   8.9145e-36 -8.16836e-37 -7.79152e-35 -1.93753e-36  6.50161e-35 -1.75756e-35 -5.75227e-35  1.32867e-35  3.29983e-34  -2.6344e-35 -9.25857e-35  1.87782e-35  5.39643e-34 -1.38145e-35  1.14597e-33 -4.23064e-35 -2.44622e-34 -2.95683e-35 -1.41542e-33 -1.08741e-35  7.87286e-33   -1.215e-35 -1.30217e-33 -2.26462e-35 -3.39482e-34 -9.79561e-36 -6.99441e-34 -6.43495e-36  1.68396e-33   1.7653e-35 -4.06467e-34  1.85299e-35 -1.29755e-34  1.01436e-35 -6.69814e-34 -2.58462e-35  3.33001e-34 -1.66447e-35  3.14959e-34 -6.50453e-36 -3.91823e-34  1.08073e-35 -1.90875e-34 -7.11684e-36  1.40297e-35 -2.91816e-35  2.91737e-34 -3.75828e-36 -1.13623e-35 -5.69959e-36 -3.38322e-35  8.06981e-36 -4.99856e-35  1.37823e-36 -7.70922e-36  2.60471e-36  1.87303e-35 -1.41337e-36 -6.07033e-36  1.08438e-36  7.52843e-36 -1.35152e-37 -1.83382e-36 -4.77877e-37 -1.44901e-36  4.08251e-37  -1.1331e-37 -3.73789e-38 -1.36663e-36   2.1951e-37  9.98319e-38  -1.0386e-37 -2.62973e-37 -8.39222e-39  1.92836e-37 -1.43034e-38 -1.55376e-37 -1.64459e-39  2.72868e-38  -1.7181e-39 -3.19258e-38  3.30258e-39  7.86448e-39 -3.66004e-40 -1.10775e-38 -1.01632e-39  4.11038e-39   9.4267e-40 -4.61998e-40 -1.99689e-39 -4.44082e-39  4.18028e-39  1.32667e-38 -8.07041e-39 -3.40238e-38  1.41116e-38  7.98155e-38 -2.22789e-38 -1.72755e-37  3.14216e-38  3.43065e-37 -3.87351e-38 -6.20213e-37  4.01626e-38  1.01159e-36 -3.20393e-38  -1.4719e-36   1.3749e-38  1.88362e-36  1.02907e-38 -2.08175e-36  -3.1524e-38  1.93976e-36   4.1693e-38 -1.47487e-36 -3.81824e-38  8.73516e-37   2.5723e-38 -3.75665e-37 -1.24814e-38  1.04365e-37  4.00987e-39  -1.4857e-38 -6.83212e-40  5.40864e-40
-2.62718e-36 -1.92379e-37  1.43018e-35 -1.56639e-36 -1.22666e-34 -3.21561e-36  9.73023e-35 -1.73883e-35 -5.81249e-35  9.96913e-36  4.61343e-34  -3.0127e-35 -8.28992e-35  2.03177e-35  5.81499e-34 -2.11371e-35  1.02901e-33 -4.15201e-35 -4.45825e-34 -2.87194e-35 -1.39393e-33   -1.215e-35  7.38158e-33 -1.68548e-35 -1.15631e-33 -1.99592e-35 -1.21003e-34  2.78256e-36 -9.05226e-34 -2.37119e-36  1.78083e-33  2.41805e-35 -4.53367e-34  1.98956e-35 -2.48772e-34  6.44007e-36 -6.32383e-34 -3.11654e-35  4.01254e-34 -1.10627e-35  3.40415e-34  -4.0526e-36 -4.45371e-34  1.87222e-35 -2.18735e-34 -4.67851e-36   2.6067e-35 -3.48779e-35  3.12291e-34 -4.75428e-36  1.55959e-35 -5.54506e-36 -4.58401e-35  1.04309e-35  -5.1613e-35  1.92553e-36 -1.30081e-35  3.14232e-36  2.20094e-35 -1.12375e-36 -6.23449e-36  1.17618e-36  8.52864e-36 -1.32828e-37 -1.32674e-36  -5.0936e-37  -2.2032e-36  4.47289e-37 -4.64316e-38 -5.24786e-38 -1.59222e-36  2.54117e-37  1.17091e-37 -1.21786e-37 -3.01376e-37  -2.2785e-39  2.30755e-37 -1.80328e-38 -1.77342e-37 -1.52424e-39  3.32402e-38 -2.77258e-39 -3.67089e-38  3.72803e-39  9.78417e-39 -1.44307e-40 -1.27079e-38 -2.03638e-39  8.18413e-40  3.14314e-39  1.15699e-38 -6.46234e-39 -3.98676e-38   1.2415e-38  1.06108e-37 -2.15878e-38 -2.59279e-37  3.33116e-38  5.85137e-37 -4.44187e-38 -1.21501e-36  4.81884e-38  2.30583e-36 -3.50376e-38 -3.96642e-36 -3.45288e-39  6.12193e-36  6.77618e-38 -8.37124e-36 -1.44581e-37   9.9792e-36  2.08116e-37 -1.01553e-35 -2.31898e-37  8.57781e-36   2.0566e-37 -5.78366e-36 -1.43959e-37  2.94008e-36   7.6893e-38 -1.02945e-36 -2.92792e-38  2.11027e-37  6.89541e-39 -1.73359e-38 -6.49717e-40
 1.18798e-37   -6.557e-36 -4.14442e-37  2.33665e-35 -2.27634e-36 -1.71003e-34 -5.12924e-36  1.19239e-34 -1.53896e-35 -5.27992e-35  6.19365e-36  6.07607e-34 -3.41083e-35 -8.17492e-35  2.18848e-35  6.66649e-34  -2.5786e-35  7.44947e-34 -3.77532e-35 -5.30356e-34 -2.60265e-35 -1.30217e-33 -1.68548e-35  6.85607e-33 -2.69048e-35 -9.82151e-34 -1.93577e-35  1.23793e-34  1.53647e-35 -1.06087e-33  1.79571e-37  1.84392e-33    3.688e-35 -4.99846e-34  1.54957e-35 -2.89141e-34 -1.59995e-36 -5.83144e-34  -3.8715e-35  4.58027e-34 -3.70219e-36  3.55869e-34  1.36085e-36 -5.03163e-34    2.778e-35 -2.48947e-34 -1.30605e-36  3.83543e-35 -4.03171e-35  3.26298e-34 -5.59295e-36  4.35453e-35 -5.13718e-36 -5.66442e-35  1.31445e-35 -4.97864e-35  2.30665e-36 -1.75727e-35  3.78369e-36  2.41962e-35 -6.48182e-37 -6.20689e-36  1.24781e-36  8.88899e-36 -1.71682e-37 -5.64807e-37 -5.19425e-37 -2.96339e-36  4.68467e-37 -7.64103e-38 -7.24775e-38 -1.76455e-36  2.87711e-37  1.17922e-37 -1.40494e-37 -3.34171e-37  6.66113e-39  2.62627e-37 -2.22288e-38  -1.9624e-37 -1.09972e-39  3.87651e-38 -3.72915e-39 -4.00769e-38  3.58489e-39  8.10775e-39  1.02582e-39 -4.35611e-39 -4.97942e-39 -3.35767e-38  9.02303e-39  1.13375e-37 -1.68174e-38 -3.17386e-37  2.78338e-38  8.05815e-37 -3.88608e-38 -1.89377e-36  4.05354e-38  4.10582e-36 -1.50866e-38 -8.16354e-36 -6.19711e-38  1.47746e-35  2.12212e-37 -2.41172e-35 -4.36317e-37  3.51054e-35  6.96283e-37 -4.49187e-35 -9.14383e-37  4.95995e-35  1.00249e-36 -4.61273e-35 -9.13621e-37  3.49513e-35  6.80181e-37 -2.05811e-35 -4.00681e-37  8.76597e-36  1.76901e-37 -2.39421e-36 -5.29941e-38  3.29173e-37  8.55863e-39 -1.06902e-38
