 9.34432e-07  4.35958e-22    -1.19e-05 -6.19265e-21  5.31772e-05   2.5772e-20 -0.000123691 -5.42824e-20  0.000160363   5.7715e-20 -0.000103361 -1.26897e-20  7.56565e-06 -4.18588e-20  2.79802e-05  5.29885e-20 -9.79833e-06  -2.8084e-20 -1.94612e-06   6.3872e-21  5.97867e-07
 4.35958e-22  1.74399e-05  3.44634e-21 -0.000119975 -3.33517e-20  0.000382107   1.0531e-19 -0.000671666 -1.57247e-19  0.000645274  6.74261e-20 -0.000248336  1.35674e-19 -8.89004e-05 -2.46038e-19  0.000102268  1.78176e-19 -9.51688e-06 -6.14669e-20 -8.12284e-06  7.03698e-21
   -1.19e-05  3.44634e-21  0.000152915  1.54194e-20   -0.0006925 -1.13428e-19   0.00164309  2.72227e-19  -0.00219709 -2.45488e-19   0.00149849 -1.52798e-19 -0.000170654  5.88998e-19 -0.000409751 -6.09199e-19  0.000181825  3.05358e-19  1.96739e-05 -6.53169e-20 -1.16603e-05
-6.19265e-21 -0.000119975  1.54194e-20  0.000836478  5.00914e-20  -0.00271775 -2.94663e-19   0.00492399  5.26507e-19  -0.00497302 -1.86663e-19   0.00215795  -7.0162e-19  0.000571222  1.22499e-18 -0.000906836 -9.05424e-19  0.000164695  3.12133e-19  6.48147e-05 -3.26958e-20
 5.31772e-05 -3.33517e-20   -0.0006925  5.00914e-20    0.0031993  1.32093e-19  -0.00782121 -6.33515e-19    0.0109585  8.59021e-19  -0.00814559 -2.31798e-20   0.00151658  -1.2511e-18   0.00210455  1.58555e-18  -0.00128206 -8.73295e-19  1.22883e-05  1.84618e-19  7.73732e-05
  2.5772e-20  0.000382107 -1.13428e-19  -0.00271775  1.32093e-19   0.00909674  2.95727e-19    -0.017242 -1.19985e-18    0.0187517  1.44368e-18  -0.00963457 -2.72331e-19  -0.00115945 -1.15762e-18   0.00389043  1.33399e-18  -0.00124618   -5.339e-19 -0.000168428  5.18959e-20
-0.000123691   1.0531e-19   0.00164309 -2.94663e-19  -0.00782121  2.95727e-19    0.0199927  5.82605e-19   -0.0300117 -2.18548e-18    0.0252148  2.84913e-18  -0.00756342 -1.57598e-18  -0.00531607 -2.90717e-19    0.0050896   7.0545e-19 -0.000832989 -1.85341e-19 -0.000212209
-5.42824e-20 -0.000671666  2.72227e-19   0.00492399 -6.33515e-19    -0.017242  5.82605e-19    0.0349618   1.0744e-18   -0.0423231 -4.02635e-18    0.0270573   5.5343e-18  -0.00200491  -3.5006e-18  -0.00941621  5.33841e-19   0.00529095  2.02033e-19 -0.000370626 -4.14841e-20
 0.000160363 -1.57247e-19  -0.00219709  5.26507e-19    0.0109585 -1.19985e-18   -0.0300117   1.0744e-18    0.0499447   1.9334e-18   -0.0497304 -6.95615e-18    0.0234487  8.45815e-18   0.00500557 -4.26116e-18   -0.0121864  6.03816e-19   0.00475211  6.58287e-20 -0.000151438
  5.7715e-20  0.000645274 -2.45488e-19  -0.00497302  8.59021e-19    0.0187517 -2.18548e-18   -0.0423231   1.9334e-18    0.0600556  3.22525e-18   -0.0505307 -9.83208e-18    0.0165412  8.94885e-18     0.011189 -2.93994e-18   -0.0133728  3.51959e-19   0.00395699  -3.0948e-20
-0.000103361  6.74261e-20   0.00149849 -1.86663e-19  -0.00814559  1.44368e-18    0.0252148 -4.02635e-18   -0.0497304  3.22525e-18    0.0632357  4.45025e-18   -0.0467655 -1.00445e-17   0.00944128  5.81576e-18    0.0154517 -1.22786e-18   -0.0133435  4.12294e-20   0.00288654
-1.26897e-20 -0.000248336 -1.52798e-19   0.00215795 -2.31798e-20  -0.00963457  2.84913e-18    0.0270573 -6.95615e-18   -0.0505307  4.45025e-18    0.0614517  4.50317e-18   -0.0420575 -6.43664e-18   0.00412903  2.29021e-18    0.0177197 -1.54305e-18   -0.0119841  1.54243e-18
 7.56565e-06  1.35674e-19 -0.000170654  -7.0162e-19   0.00151658 -2.72331e-19  -0.00756342   5.5343e-18    0.0234487 -9.83208e-18   -0.0467655  4.50317e-18    0.0585031  2.85144e-18   -0.0390752 -2.16197e-18   0.00128741   2.1487e-18     0.017537 -1.35596e-18  -0.00802374
-4.18588e-20 -8.89004e-05  5.88998e-19  0.000571222  -1.2511e-18  -0.00115945 -1.57598e-18  -0.00200491  8.45815e-18    0.0165412 -1.00445e-17   -0.0420575  2.85144e-18    0.0573261  9.90874e-19   -0.0390782 -2.73579e-18   0.00186361  7.53658e-18    0.0129647 -1.09597e-17
 2.79802e-05 -2.46038e-19 -0.000409751  1.22499e-18   0.00210455 -1.15762e-18  -0.00531607  -3.5006e-18   0.00500557  8.94885e-18   0.00944128 -6.43664e-18   -0.0390752  9.90874e-19    0.0594313  6.09996e-19   -0.0435357 -5.72439e-18   0.00850837  4.46798e-18   0.00374721
 5.29885e-20  0.000102268 -6.09199e-19 -0.000906836  1.58555e-18   0.00389043 -2.90717e-19  -0.00941621 -4.26116e-18     0.011189  5.81576e-18   0.00412903 -2.16197e-18   -0.0390782  6.09996e-19    0.0665354  5.12775e-18   -0.0557552 -1.99355e-17    0.0216637  4.16556e-17
-9.79833e-06  1.78176e-19  0.000181825 -9.05424e-19  -0.00128206  1.33399e-18    0.0050896  5.33841e-19   -0.0121864 -2.93994e-18    0.0154517  2.29021e-18   0.00128741 -2.73579e-18   -0.0435357  5.12775e-18    0.0822482 -6.20274e-19   -0.0763476  2.37411e-18    0.0285506
 -2.8084e-20 -9.51688e-06  3.05358e-19  0.000164695 -8.73295e-19  -0.00124618   7.0545e-19   0.00529095  6.03816e-19   -0.0133728 -1.22786e-18    0.0177197   2.1487e-18   0.00186361 -5.72439e-18   -0.0557552 -6.20274e-19      0.10729  3.27047e-17   -0.0893392 -9.91845e-17
-1.94612e-06 -6.14669e-20  1.96739e-05  3.12133e-19  1.22883e-05   -5.339e-19 -0.000832989  2.02033e-19   0.00475211  3.51959e-19   -0.0133435 -1.54305e-18     0.017537  7.53658e-18   0.00850837 -1.99355e-17   -0.0763476  3.27047e-17     0.124443 -4.69259e-17    -0.065672
  6.3872e-21 -8.12284e-06 -6.53169e-20  6.48147e-05  1.84618e-19 -0.000168428 -1.85341e-19 -0.000370626  6.58287e-20   0.00395699  4.12294e-20   -0.0119841 -1.35596e-18    0.0129647  4.46798e-18    0.0216637  2.37411e-18   -0.0893392 -4.69259e-17     0.101038   1.4473e-16
 5.97867e-07  7.03698e-21 -1.16603e-05 -3.26958e-20  7.73732e-05  5.18959e-20 -0.000212209 -4.14841e-20 -0.000151438  -3.0948e-20   0.00288654  1.54243e-18  -0.00802374 -1.09597e-17   0.00374721  4.16556e-17    0.0285506 -9.91845e-17    -0.065672   1.4473e-16    0.0402387
