 2.13713e-34  8.29944e-41 -2.12951e-34  3.52013e-39  6.44371e-36  4.74444e-38  2.42652e-35  1.85533e-37 -2.46115e-35 -5.74642e-37 -1.63383e-35  -5.2729e-37  1.59227e-36  1.51686e-36  2.06065e-35 -3.33369e-37 -4.71006e-36 -5.74527e-37 -8.35429e-36  1.82166e-37  2.10884e-36  2.78165e-39   1.9086e-36  1.61775e-37 -6.97646e-38 -1.04517e-38  3.98022e-38  1.59196e-38   3.4762e-37  2.92179e-38  1.21373e-37 -4.96147e-39 -1.42821e-37 -7.93268e-39  1.23635e-39  5.83284e-39  5.31983e-39 -2.01582e-39  3.89636e-39  1.37511e-39  9.76754e-39 -7.69316e-41  -1.8608e-39  3.49199e-41 -5.13691e-40 -8.47394e-41 -4.27958e-40 -1.08551e-40  3.71106e-40   -6.375e-41   -1.306e-40  2.52394e-41  7.76941e-41 -7.04232e-42 -1.05263e-40  2.93238e-42  2.72106e-41  4.84461e-44 -2.45576e-41  3.20627e-43  5.13271e-42 -2.81687e-43 -5.24685e-42  2.74573e-43  1.81818e-42 -9.58155e-44 -1.95369e-43  3.65552e-45  1.06307e-43 -9.90707e-45  4.94964e-44  6.82827e-45 -2.06945e-44  4.84297e-46   6.7343e-45  7.15246e-46 -4.78979e-45 -3.87352e-47  1.97742e-45  1.68463e-46 -1.20245e-45 -4.89093e-47  3.68569e-46  2.17898e-47 -1.57928e-46 -2.01436e-48  3.99622e-47  1.60237e-48 -1.15395e-47 -7.48684e-49  4.43224e-48  7.84192e-50 -1.02102e-48  7.42458e-51  1.88974e-49  7.20862e-51 -1.15544e-49 -1.15275e-50  4.95536e-50  9.42442e-51 -1.13754e-50 -1.35795e-50  2.47042e-51  1.91336e-50 -5.24166e-52 -2.44727e-50  5.47966e-52  2.81299e-50 -4.98257e-52 -2.88105e-50  4.81541e-52  2.59732e-50 -4.05742e-52 -2.02788e-50  2.91627e-52  1.34152e-50 -1.74418e-52 -7.29279e-51  8.36743e-53  3.11259e-51 -3.04153e-53 -9.67715e-52  7.57328e-54  1.89323e-52 -1.02555e-54 -1.50362e-53
 8.29944e-41  4.67518e-34  1.08962e-38 -2.03766e-34 -6.49771e-39 -9.01239e-35  1.53286e-37  2.46627e-35  8.16996e-37  2.36652e-35 -2.17583e-36  -6.9614e-35  -1.8658e-36 -2.02158e-36  4.35994e-36   5.1015e-35 -1.19846e-36 -9.59102e-36 -9.66791e-37 -1.53104e-35  5.99814e-37  5.02048e-36 -1.23004e-37  5.65274e-36   4.2312e-37 -9.24841e-37  -9.1519e-38  -8.6382e-37  3.28042e-38  1.43224e-36  7.91837e-38  2.45109e-37 -1.61202e-38 -3.58308e-37 -1.85416e-38 -4.24144e-39  1.85538e-38 -2.10298e-39 -6.38644e-39  1.41259e-38  3.00582e-39  3.52408e-38 -4.48067e-40 -8.60749e-39  4.93554e-40  4.65314e-40 -2.22049e-40 -2.19244e-39 -3.56313e-40  1.50106e-39 -1.90555e-40 -6.20914e-40  8.32701e-41  3.11726e-40  -2.3878e-41 -3.38142e-40  1.05038e-41  1.01768e-40 -1.16687e-42 -8.54494e-41  1.65614e-42  1.51204e-41 -1.58386e-42 -1.61942e-41   9.8275e-43   5.3635e-42 -3.67343e-43 -6.37118e-43  2.46516e-44  2.25042e-43  -4.0461e-44  2.49175e-43   2.5287e-44 -8.36009e-44  9.75842e-46  3.71272e-44  2.33622e-45  -2.0571e-44 -3.28814e-46  8.13508e-45  7.47401e-46  -4.4316e-45 -2.40558e-46  1.17417e-45  9.57202e-47 -5.56294e-46 -1.24644e-47  1.54888e-46  7.22053e-48 -4.70078e-47 -2.66189e-48  1.91987e-47  3.86107e-49 -4.53564e-48  1.69588e-50  7.70745e-49  7.61303e-50 -4.45696e-49 -1.19775e-49  1.91957e-49  1.51985e-49 -4.44658e-50 -2.19518e-49  1.23682e-50  2.93983e-49 -6.16296e-51 -3.56071e-49   6.8398e-51  3.86562e-49 -6.64577e-51 -3.72072e-49   5.9356e-51  3.13027e-49 -4.58214e-51 -2.25888e-49  2.98828e-51  1.36256e-49 -1.59759e-51 -6.62006e-50  6.69295e-52  2.44551e-50 -2.04006e-52 -6.20425e-51   3.9106e-53   8.5753e-52 -3.04244e-54
-2.12951e-34  1.08962e-38  6.28181e-34  1.19719e-37 -7.08107e-35 -1.13027e-37 -2.94091e-34  2.52565e-37  7.43689e-35  2.38915e-36  1.21976e-34 -5.42888e-36 -1.48428e-34 -4.38472e-36 -1.82953e-35  8.20784e-36   7.8146e-35 -2.92185e-36 -9.67101e-36 -8.01204e-37 -1.61969e-35  1.35215e-36  6.21488e-36 -4.17775e-37  1.34976e-35  8.14706e-37 -3.06655e-36 -2.52806e-37 -3.51692e-36  4.62279e-38  3.63695e-36   1.4869e-37  3.88915e-37 -4.00015e-38 -5.53999e-37 -2.44705e-38 -9.12628e-38  4.22261e-38 -6.24206e-39 -1.50265e-38   2.2663e-38  4.19975e-39  8.85237e-38 -1.37093e-39 -2.65957e-38  1.86379e-39  5.94645e-39 -4.10853e-40 -7.48084e-39 -7.64217e-40  4.10864e-39 -4.02947e-40 -2.07445e-39  1.95822e-40   8.5712e-40  -6.1538e-41 -7.76672e-40  2.94131e-41  2.54739e-40 -6.57879e-42  -2.0493e-40   5.3212e-42  2.88003e-41 -5.41548e-42 -3.22294e-41  2.48457e-42  9.75616e-42 -1.02922e-42 -1.05103e-42  1.00694e-43  1.67623e-43 -1.17786e-43  8.05273e-43  6.67016e-44 -2.28265e-43  -1.6374e-45  1.24045e-43  5.74772e-45 -5.47387e-44 -1.70894e-45   2.1661e-44  2.38989e-45 -1.10215e-44 -8.14569e-46  2.68094e-45  3.01058e-46 -1.44663e-45 -4.42064e-47  4.40835e-46  2.19293e-47 -1.42138e-46 -6.49033e-48   5.8881e-47  1.33943e-48 -1.40521e-47  -2.3521e-49  2.24196e-48  7.57843e-49 -1.19921e-48 -1.20553e-48   5.3114e-49   1.7374e-48 -1.43912e-49 -2.42567e-48  6.84174e-50  3.09051e-48 -5.87094e-50  -3.5488e-48   6.2353e-50  3.63645e-48 -5.83128e-50 -3.28342e-48  4.81401e-50  2.56979e-48 -3.40367e-50 -1.70543e-48  2.00854e-50  9.30611e-49 -9.53984e-51 -3.98862e-49  3.44556e-51  1.24559e-49 -8.55431e-52  -2.4477e-50  1.15854e-52  1.95208e-51
 3.52013e-39 -2.03766e-34  1.19719e-37  8.68692e-34  6.91866e-37  5.65842e-35 -4.94923e-37 -6.25234e-34  1.08031e-37   2.0023e-34  5.36876e-36  2.24131e-34 -1.03688e-35 -2.35335e-34  -7.9904e-36 -4.14666e-35  1.17269e-35   7.2699e-35  -5.5704e-36 -5.69668e-37  8.66331e-38 -6.56976e-36  2.44828e-36  3.19608e-36 -8.54002e-37  2.68399e-35  1.29854e-36 -6.65177e-36 -4.76737e-37 -8.78104e-36  4.06913e-38  6.97503e-36  2.25219e-37  6.08188e-37 -8.47328e-38 -5.77721e-37 -1.08749e-38 -3.94578e-37   7.9624e-38  3.71973e-38  -3.0404e-38  1.26005e-38  4.26998e-39  1.83093e-37 -3.05355e-39 -6.71975e-38  4.63139e-39  2.05876e-38 -6.32743e-40 -1.94367e-38 -1.18773e-39  8.79519e-39 -6.98173e-40 -5.50563e-39  3.80276e-40   1.8888e-39 -1.37277e-40 -1.47046e-39  7.16597e-41  4.92845e-40 -2.13325e-41  -3.8784e-40  1.25968e-41  3.63581e-41 -1.39465e-41 -4.38832e-41  5.08983e-42  1.06108e-41 -2.40463e-42 -1.83115e-43  3.10837e-43 -5.21896e-43 -2.87243e-43  2.01969e-42  1.47001e-43 -4.78488e-43 -1.79968e-44  3.10884e-43  1.25971e-44  -1.0683e-43   -6.198e-45  4.43201e-44  6.25367e-45 -2.16943e-44  -2.1944e-45  5.26057e-45  7.73551e-46 -3.24179e-45 -1.16382e-46  1.05478e-45  5.29997e-47 -3.56407e-46 -1.32601e-47  1.45424e-46  4.80577e-48 -3.46433e-47 -3.59916e-48  5.33479e-48  7.00791e-48 -2.67449e-48 -1.10156e-47  1.30824e-48  1.59207e-47 -5.44736e-49 -2.12888e-47  4.38723e-49  2.58089e-47 -4.47553e-49 -2.80824e-47  4.46914e-49  2.71184e-47 -3.92185e-49 -2.29077e-47  2.98958e-49  1.66089e-47 -1.93184e-49 -1.00713e-47  1.02704e-49  4.92075e-48 -4.29661e-50  -1.8284e-48   1.3136e-50  4.66574e-49 -2.53604e-51 -6.48493e-50  1.99297e-52
 6.44371e-36 -6.49771e-39 -7.08107e-35  6.91866e-37  1.33289e-33  2.69141e-36  1.07204e-34 -1.28462e-36 -1.00724e-33 -6.20135e-37  3.69445e-34  9.86676e-36  2.66894e-34 -1.61673e-35 -3.02792e-34 -1.21197e-35 -5.70696e-35  1.35427e-35  7.42345e-36 -8.81074e-36   1.8776e-35  1.42772e-36  1.38033e-35  3.79346e-36 -4.45935e-36 -1.33844e-36  4.49268e-35  1.78014e-36 -1.11911e-35 -7.33231e-37 -1.73871e-35 -6.55317e-39  1.11502e-35  2.92193e-37  9.65182e-37 -1.55115e-37 -3.09078e-37   3.9178e-38 -1.06735e-36  1.31543e-37  1.88829e-37 -5.59747e-38  -3.7069e-38  3.78609e-39  3.32407e-37 -5.50154e-39 -1.46422e-37  9.05855e-39  4.98699e-38 -8.99547e-40 -4.13088e-38 -1.24787e-39  1.56552e-38 -1.05468e-39  -1.2235e-38  6.50242e-40   3.5585e-39 -2.76366e-40 -2.41755e-39   1.5497e-40  7.66735e-40 -5.19633e-41 -6.01351e-40  2.35031e-41  1.37607e-41 -2.95228e-41 -2.92703e-41  8.93005e-42 -7.37882e-43 -4.92742e-42  4.65739e-42   7.9187e-43 -2.57185e-42 -6.29185e-43  4.26178e-42    2.918e-43 -7.95338e-43 -7.27739e-44  6.41247e-43  2.62707e-44  -1.6097e-43 -1.74502e-44  7.56959e-44  1.40662e-44 -3.66812e-44  -5.0095e-45  9.86445e-45  1.71205e-45  -6.6441e-45 -2.53377e-46  2.21956e-45  1.11554e-46 -7.66019e-46 -2.98693e-47  3.04252e-46  2.44334e-47 -7.20315e-47 -3.38964e-47  1.13118e-47  5.79323e-47 -5.79305e-48 -8.84008e-47  3.67143e-48  1.23743e-46 -2.67177e-48 -1.58075e-46  2.74064e-48  1.82233e-46 -2.81688e-48 -1.87633e-46  2.63339e-48  1.70357e-46 -2.15167e-48 -1.34151e-46  1.51124e-48  8.96177e-47 -8.89728e-49 -4.92429e-47  4.23828e-49  2.12565e-47 -1.54461e-49 -6.68564e-48  3.89289e-50  1.32293e-48 -5.37645e-51  -1.0619e-49
 4.74444e-38 -9.01239e-35 -1.13027e-37  5.65842e-35  2.69141e-36  1.95181e-33  7.82802e-36  5.71531e-35 -2.18797e-36 -1.29448e-33 -2.16961e-36  5.27782e-34  1.53852e-35  2.06873e-34 -2.13375e-35 -3.23102e-34 -1.59888e-35 -4.94764e-35  1.31344e-35 -1.28326e-34 -1.19823e-35  4.51515e-35  2.77507e-36  4.20334e-35  5.18266e-36 -1.44368e-35 -1.74092e-36   6.4377e-35  2.15702e-36 -1.55206e-35 -9.91466e-37 -2.97263e-35 -1.16273e-37  1.58307e-35  3.29069e-37  1.43206e-36 -2.43573e-37  3.08306e-37   1.3872e-37 -2.21728e-36  1.94854e-37  5.04878e-37 -9.59925e-38 -1.47739e-37  5.26329e-39  5.46072e-37 -8.34167e-39 -2.81346e-37  1.50726e-38  9.89048e-38 -1.29531e-39 -7.50269e-38 -3.35781e-40  2.39404e-38 -1.43669e-39 -2.34714e-38  1.01606e-39  5.90472e-39 -5.09349e-40 -3.51005e-39  2.99057e-40  9.35822e-40 -1.04347e-40 -7.50606e-40  3.53066e-41 -8.27184e-41 -5.38142e-41  4.67263e-41  1.38437e-41  -3.6595e-41 -9.10429e-42  1.75396e-41  1.74364e-42 -6.87006e-42 -1.28107e-42  7.90889e-42  5.45205e-43 -1.02625e-42 -2.11091e-43  1.15305e-42  5.30598e-44  -1.8557e-43 -4.07483e-44  1.15328e-43  2.79491e-44 -5.71282e-44 -1.00547e-44  1.87689e-44  3.36318e-45 -1.27389e-44 -4.91538e-46  4.18528e-45   2.3178e-46 -1.43429e-45 -1.11715e-46  5.55525e-46  1.62027e-46 -1.32066e-46 -2.65026e-46  2.42273e-47  4.27197e-46 -1.55011e-47 -6.28118e-46  1.40747e-47  8.43982e-46 -1.42864e-47 -1.02871e-45  1.52598e-47  1.12631e-45 -1.49892e-47 -1.09514e-45  1.30707e-47  9.31969e-46 -9.89902e-48 -6.81019e-46  6.38793e-48  4.16323e-46 -3.41582e-48 -2.05106e-46  1.45025e-48  7.68462e-47 -4.54283e-49 -1.97698e-47  9.05535e-50  2.76916e-48 -7.36924e-51
 2.42652e-35  1.53286e-37 -2.94091e-34 -4.94923e-37  1.07204e-34  7.82802e-36  2.53139e-33  1.80497e-35  -6.2371e-35  -2.1272e-36 -1.38299e-33  -4.5364e-36  6.42123e-34  2.08736e-35  3.98267e-35 -2.43403e-35 -2.82578e-34 -1.88795e-35 -5.42741e-36  1.10126e-35 -3.25903e-34 -1.44299e-35   7.1507e-35  3.86696e-36  7.40731e-35  6.33202e-36   -2.218e-35 -1.92921e-36  8.01628e-35  2.40128e-36 -1.80482e-35 -1.21416e-36 -4.56003e-35 -2.95795e-37  2.09036e-35  3.06537e-37  1.82174e-36 -3.22696e-37  1.29374e-36  2.91998e-37 -3.86384e-36  2.60603e-37  1.02847e-36 -1.54617e-37 -3.40804e-37  1.28738e-38  8.25948e-37  -1.0694e-38  -4.8463e-37  2.23247e-38  1.70889e-37 -1.98831e-39 -1.19783e-37  2.26569e-39  3.19747e-38  -1.7941e-39 -3.96306e-38  1.48375e-39  8.70315e-39 -8.62896e-40 -4.45379e-39  5.17762e-40  7.45972e-40 -1.81188e-40 -6.62449e-40  4.15215e-41 -3.16085e-40 -8.69062e-41  2.28292e-40  1.93736e-41 -1.10299e-40 -1.54568e-41   4.3061e-41  3.41593e-42 -1.42271e-41 -2.46127e-42  1.32769e-41  9.80557e-43 -8.96882e-43 -5.01247e-43  1.89239e-42  1.03131e-43 -1.47392e-43 -8.23314e-44  1.68782e-43  4.99549e-44 -8.80275e-44 -1.81832e-44  3.63896e-44  6.00068e-45  -2.2979e-44 -9.49984e-46  7.14509e-45  6.20026e-46 -2.36818e-45 -6.52123e-46  9.07757e-46  1.11369e-45 -2.27452e-46 -1.84123e-45  6.35597e-47  2.84327e-45 -5.79184e-47 -4.01677e-45  6.48196e-47   5.1667e-45 -7.13913e-47 -6.00095e-45  7.34642e-47  6.22872e-45 -6.76015e-47 -5.70364e-45  5.46584e-47  4.53154e-45 -3.81877e-47 -3.05504e-45  2.25976e-47  1.69431e-45 -1.09774e-47 -7.38182e-46   4.1478e-48  2.34295e-46 -1.09931e-48 -4.67695e-47  1.60691e-49  3.78519e-48
 1.85533e-37  2.46627e-35  2.52565e-37 -6.25234e-34 -1.28462e-36  5.71531e-35  1.80497e-35  2.90569e-33  3.42412e-35 -1.83279e-34  5.82157e-37 -1.27397e-33 -7.58337e-36  7.16093e-34  2.50946e-35 -2.07148e-34 -2.41922e-35 -1.86115e-34 -2.02301e-35  8.61263e-35  8.16552e-36 -5.65007e-34 -1.59008e-35   8.9343e-35   4.7848e-36  1.04945e-34  6.94335e-36 -2.19642e-35 -1.80967e-36  8.72772e-35  2.61824e-36 -1.71603e-35 -1.34797e-36 -6.40734e-35 -5.32291e-37   2.6549e-35  1.84193e-37  1.80236e-36 -3.45446e-37   2.6789e-36  4.91904e-37  -5.9463e-36  3.13887e-37  1.79779e-36 -2.34549e-37  -6.3854e-37  3.11386e-38  1.16425e-36 -1.12212e-38  -7.5876e-37  3.03685e-38  2.65246e-37 -3.19052e-39 -1.71169e-37  7.16161e-39  3.73188e-38 -2.05185e-39 -5.96186e-38  2.04947e-39  1.12729e-38 -1.34497e-39 -4.68309e-39   8.0967e-40 -1.61307e-40 -2.80444e-40   -9.204e-41  3.20238e-41 -7.54653e-40 -1.26728e-40  5.58988e-40  2.49013e-41 -2.31844e-40  -2.4463e-41  8.48494e-41  6.07911e-42 -2.51175e-41 -4.48377e-42  2.05754e-41  1.70636e-42 -9.23674e-44 -1.02962e-42  2.95312e-42  1.90611e-43  -3.9854e-44 -1.48147e-43  2.55973e-43  8.14013e-44 -1.41881e-43 -3.02029e-44  6.97822e-44  1.00727e-44 -3.90054e-44 -2.33122e-45  1.11377e-44  2.64648e-45 -3.49426e-45 -4.20188e-45  1.37708e-45  7.24449e-45 -4.18719e-46 -1.16629e-44  2.21027e-46  1.73079e-44 -2.49781e-46 -2.34597e-44  2.88204e-46  2.88414e-44 -3.06661e-46 -3.18656e-44  2.93403e-46  3.12781e-44 -2.48256e-46 -2.68788e-44  1.83917e-46  1.98373e-44 -1.18002e-46  -1.2249e-44  6.44551e-47  6.09493e-45 -2.89057e-47 -2.30597e-45  9.85188e-48  5.98879e-46 -2.16703e-48 -8.46437e-47  1.93207e-49
-2.46115e-35  8.16996e-37  7.43689e-35  1.08031e-37 -1.00724e-33 -2.18797e-36  -6.2371e-35  3.42412e-35  3.03779e-33  5.48139e-35  -2.5721e-34  7.30306e-36 -1.05427e-33 -1.12961e-35  7.75663e-34  2.70804e-35 -4.91717e-34 -2.07714e-35 -5.07852e-35 -1.95776e-35  2.34003e-34  5.37593e-36 -8.23045e-34   -1.673e-35  9.21766e-35  5.82873e-36  1.27939e-34  6.77433e-36 -8.19196e-36 -1.36335e-36  8.20751e-35  3.03755e-36  -1.1643e-35 -1.33194e-36 -8.35638e-35 -7.94121e-37  3.31454e-35 -8.19921e-38   9.9203e-37 -2.55616e-37  4.53787e-36   7.1972e-37 -8.37534e-36  3.36685e-37  2.85934e-36 -3.35925e-37 -1.06233e-36  6.31421e-38  1.54425e-36 -8.45716e-39 -1.09074e-36  3.88171e-38  3.75499e-37  -5.0751e-39 -2.21031e-37  1.45966e-38  3.69885e-38 -2.09512e-39 -8.04227e-38  2.69112e-39  1.23118e-38 -1.93022e-39   -3.323e-39  1.15171e-39 -2.18982e-39 -3.95737e-40  1.23394e-39 -5.66322e-42 -1.43938e-39 -1.69061e-40  1.06754e-39  2.98744e-41  -4.0256e-40 -3.65071e-41  1.43983e-40  9.99164e-42 -3.95575e-41 -7.74899e-42  2.99221e-41  2.85789e-42  1.56653e-42 -1.88488e-42  4.52498e-42  3.32058e-43  8.57555e-44 -2.42483e-43  4.17839e-43  1.22403e-43 -2.41616e-43 -4.72898e-44  1.28504e-43  1.76433e-44 -6.23475e-44 -9.09379e-45  1.60191e-44  1.48898e-44 -4.72882e-45 -2.61314e-44  2.10252e-45  4.39438e-44 -9.70162e-46 -6.83234e-44  8.39871e-46  9.74482e-44 -9.69819e-46 -1.26561e-43   1.0381e-45  1.48457e-43 -9.89961e-46 -1.55667e-43   8.3014e-46  1.44031e-43 -6.11215e-46 -1.15636e-43  4.00146e-46  7.87768e-44 -2.37895e-46 -4.41423e-44   1.2825e-46   1.9427e-44 -5.83895e-47  -6.2265e-45  1.91478e-47  1.25458e-45 -3.37299e-48 -1.02438e-46
-5.74642e-37  2.36652e-35  2.38915e-36   2.0023e-34 -6.20135e-37 -1.29448e-33  -2.1272e-36 -1.83279e-34  5.48139e-35  3.02314e-33  7.54039e-35 -2.91069e-34  1.79146e-35 -8.35561e-34 -1.58625e-35  8.41845e-34  2.64432e-35 -7.67035e-34 -1.48015e-35  1.03938e-34 -1.65667e-35  4.42247e-34  2.93915e-36 -1.07984e-33 -1.76679e-35   7.8206e-35  7.23798e-36  1.35016e-34  5.69443e-36  2.31437e-35 -6.61358e-37  6.28688e-35    3.937e-36 -9.88978e-37 -1.12977e-36   -1.022e-34 -1.04029e-36  4.10985e-35  -5.2417e-37 -9.17247e-37 -5.49734e-39  6.98176e-36  9.46566e-37 -1.10895e-35  3.13091e-37  4.26853e-36 -4.56243e-37 -1.62521e-36   1.0907e-37  1.94197e-36 -1.38001e-39 -1.44743e-36  4.73371e-38  4.87107e-37 -7.69368e-39 -2.57761e-37  2.42749e-38  2.74987e-38 -1.77044e-39    -9.73e-38  3.36465e-39  9.88365e-39 -2.55454e-39  7.35624e-40  1.49951e-39 -5.66991e-39 -5.18549e-40  3.53349e-39  -8.4516e-41 -2.33619e-39 -2.08056e-40  1.75179e-39  3.40386e-41 -6.10363e-40 -5.18179e-41   2.1807e-40  1.53768e-41 -5.72262e-41 -1.26946e-41  4.14101e-41  4.56684e-42  3.92363e-42 -3.13197e-42  6.90821e-42  5.43083e-43  1.05733e-43 -3.67557e-43  7.17668e-43  1.73271e-43 -4.21362e-43 -7.51099e-44  2.23769e-43  4.17754e-44 -9.41808e-44 -4.82037e-44  2.16507e-44  8.76188e-44 -6.26325e-45 -1.53277e-43  3.62377e-45  2.49474e-43 -2.53968e-45 -3.73742e-43  2.43547e-45  5.11835e-43 -2.30118e-45 -6.35878e-43  1.72854e-45  7.10055e-43 -8.47907e-46 -7.04461e-43  7.99459e-48  6.11874e-43  4.41226e-46 -4.56371e-43 -4.17139e-46  2.84723e-43  1.54173e-46 -1.43103e-43  4.34019e-47  5.46674e-44  -7.3765e-47 -1.43293e-44  3.02791e-47  2.04311e-45 -3.73649e-48
-1.63383e-35 -2.17583e-36  1.21976e-34  5.36876e-36  3.69445e-34 -2.16961e-36 -1.38299e-33  5.82157e-37  -2.5721e-34  7.54039e-35  3.01684e-33  9.03661e-35 -3.33443e-34  3.03438e-35 -7.05189e-34 -2.13955e-35  9.11836e-34  2.34237e-35 -9.88497e-34 -7.63959e-36  2.62707e-34 -1.11132e-35  7.05685e-34  8.22817e-37 -1.31756e-33 -1.94364e-35   5.0962e-35   8.9351e-36   1.1923e-34  3.72563e-36  7.30311e-35  1.46139e-37  2.99558e-35  5.53276e-36  1.45306e-35 -7.66556e-37 -1.18328e-34 -1.23689e-36  5.06677e-35 -1.14957e-36 -4.06613e-36  4.26433e-37  1.01275e-35  1.13566e-36 -1.40748e-35  2.34746e-37  6.06707e-36 -5.91491e-37  -2.3182e-36  1.65669e-37  2.32621e-36  9.96763e-39 -1.77225e-36  5.54676e-38  5.75905e-37 -1.09427e-38 -2.66665e-37  3.53316e-38    4.713e-39 -9.26757e-40 -1.04654e-37  4.01235e-39   1.6736e-39 -3.12548e-39  8.60539e-39  1.79486e-39  -1.0689e-38 -6.40556e-40  6.85736e-39 -2.16462e-40 -3.28867e-39 -2.36859e-40    2.565e-39   3.7586e-41  -8.2759e-40 -7.03532e-41   3.0152e-40  2.24016e-41  -7.7783e-41 -1.96941e-41  5.51591e-41  6.90859e-42  6.40429e-42 -4.78178e-42  1.04478e-41  8.34885e-43  -1.5712e-43 -5.28122e-43  1.23625e-42  2.46457e-43 -7.24558e-43 -1.50082e-43  3.67156e-43  1.61142e-43 -1.35353e-43 -2.73759e-43  2.81692e-44  4.98605e-43 -8.28803e-45 -8.48543e-43  5.24034e-45  1.33332e-42 -2.02031e-45 -1.92177e-42 -2.33862e-45   2.5229e-42  8.72743e-45 -2.99142e-42 -1.61138e-44   3.1705e-42  2.16908e-44 -2.96463e-42  -2.2661e-44  2.40485e-42  1.83318e-44 -1.65477e-42 -1.10487e-44  9.36199e-43  4.54367e-45 -4.15821e-43 -1.01493e-45  1.34442e-43  4.41521e-48 -2.73142e-44   4.0543e-47   2.2479e-45
 -5.2729e-37  -6.9614e-35 -5.42888e-36  2.24131e-34  9.86676e-36  5.27782e-34  -4.5364e-36 -1.27397e-33  7.30306e-36 -2.91069e-34  9.03661e-35  3.15358e-33  9.53991e-35 -4.35964e-34  4.12566e-35   -7.072e-34 -2.75117e-35  9.57306e-34  1.86955e-35 -1.12086e-33 -9.73769e-37  4.15747e-34 -3.58334e-36   1.0063e-33 -1.02055e-36  -1.5196e-33 -2.22591e-35   1.8137e-35  1.04267e-35   7.7764e-35  1.06717e-36  1.38627e-34  8.59001e-37 -1.46163e-35   7.8786e-36  3.40791e-35 -3.38954e-37 -1.30973e-34  -1.3776e-36  6.18334e-35 -1.94033e-36 -8.39833e-36  1.02538e-36  1.40592e-35  1.24462e-36 -1.73345e-35   1.0418e-37  8.24137e-36 -7.37833e-37 -3.09334e-36  2.26784e-37  2.65479e-36  2.40992e-38 -1.98493e-36  6.23994e-38  6.07976e-37 -1.46113e-38 -2.30443e-37   4.6495e-38 -3.61845e-38  4.92554e-40 -9.74278e-38  4.58475e-39 -1.44472e-38 -3.54686e-39   2.1027e-38  1.97666e-39 -1.69068e-38 -7.53905e-40  1.09786e-38 -4.11663e-40 -3.99483e-39 -2.47929e-40  3.40995e-39  4.11528e-41 -1.01334e-39 -9.15923e-41  3.87089e-40   3.1124e-41 -1.01179e-40 -2.89044e-41  7.12322e-41    9.839e-42  8.18991e-42  -6.7695e-42  1.53717e-41  1.22097e-42 -8.80745e-43 -7.62515e-43  2.06365e-42  4.37298e-43  -1.1997e-42 -4.89467e-43  5.68437e-43  8.19491e-43 -1.84247e-43 -1.52155e-42  2.95588e-44   2.7036e-42  5.10165e-45 -4.45017e-42 -2.84681e-44  6.73869e-42  6.75947e-44 -9.32761e-42 -1.22698e-43  1.17117e-41   1.8538e-43 -1.32147e-41 -2.36081e-43  1.32439e-41  2.51223e-43 -1.16161e-41 -2.18905e-43   8.7452e-42  1.50981e-43  -5.5046e-42  -7.8041e-44  2.78991e-42  2.74957e-44 -1.07423e-42 -5.38894e-45  2.83677e-43  2.38408e-46 -4.07343e-44   4.7529e-47
 1.59227e-36  -1.8658e-36 -1.48428e-34 -1.03688e-35  2.66894e-34  1.53852e-35  6.42123e-34 -7.58337e-36 -1.05427e-33  1.79146e-35 -3.33443e-34  9.53991e-35  3.50873e-33   8.9662e-35 -6.22955e-34   4.7446e-35  -8.4319e-34 -3.31893e-35  9.35679e-34  1.30374e-35 -1.14469e-33   3.5149e-36  5.56374e-34  5.20184e-36  1.31338e-33 -2.45011e-36 -1.67159e-33 -2.56006e-35 -1.04311e-35  1.09129e-35  1.33524e-35 -1.91541e-36  2.13679e-34  1.26305e-36  -6.7442e-35  1.08098e-35  5.66547e-35  1.83172e-38 -1.40044e-34  -1.5007e-36  7.42305e-35 -2.86771e-36 -1.36908e-35  1.74175e-36  1.87969e-35  1.22789e-36 -2.08272e-35 -6.50564e-38  1.06786e-35 -8.92758e-37 -3.84881e-36  2.84745e-37  2.86729e-36  3.81613e-38 -1.98613e-36  6.69405e-38  5.41791e-37 -1.85157e-38 -1.30309e-37   5.6419e-38 -1.00073e-37  2.32362e-39  -7.2683e-38  5.06778e-39 -3.96302e-38 -3.74695e-39  3.79198e-38  1.98961e-39 -2.34138e-38 -8.48014e-40  1.53224e-38  -6.7836e-40 -4.02952e-39 -2.32843e-40  4.14537e-39  4.56225e-41 -1.12127e-39 -1.14242e-40  4.68282e-40  4.13639e-41 -1.27741e-40 -4.00887e-41  8.93339e-41  1.31498e-41  8.68464e-42 -8.97329e-42  2.15782e-41   1.7876e-42 -2.17908e-42 -1.31975e-42  3.29012e-42  1.31607e-42 -1.88923e-42 -2.30251e-42   8.1727e-43   4.3909e-42 -1.93917e-43 -8.10968e-42 -8.43998e-44  1.39599e-41  2.65117e-43 -2.21714e-41 -5.27813e-43  3.22892e-41  9.15022e-43 -4.28202e-41 -1.38498e-42  5.12717e-41  1.81923e-42 -5.48531e-41 -2.04682e-42  5.17507e-41  1.93301e-42 -4.23333e-41 -1.48849e-42  2.93593e-41  8.95702e-43 -1.67323e-41 -3.94418e-43  7.48254e-42   1.1349e-43 -2.43462e-42 -1.66946e-44  4.97597e-43  3.83352e-46 -4.11869e-44
 1.51686e-36 -2.02158e-36 -4.38472e-36 -2.35335e-34 -1.61673e-35  2.06873e-34  2.08736e-35  7.16093e-34 -1.12961e-35 -8.35561e-34  3.03438e-35 -4.35964e-34   8.9662e-35  4.09823e-33  7.60532e-35 -8.82649e-34  4.69767e-35 -1.07942e-33 -3.71165e-35   8.0687e-34  7.04354e-36 -1.05814e-33  4.46831e-36  6.76788e-34  1.41895e-35  1.58889e-33 -3.11064e-36 -1.76432e-33 -2.82294e-35 -2.47818e-35  9.56928e-36 -6.70024e-35 -4.76353e-36  2.90253e-34  1.16587e-36  -1.2437e-34   1.3954e-35    8.145e-35  1.96551e-37 -1.46215e-34 -1.69112e-36  8.71645e-35 -3.91191e-36 -1.96117e-35  2.50345e-36  2.42758e-35  1.04001e-36 -2.44151e-35 -2.51168e-37  1.31414e-35   -1.055e-36 -4.42263e-36  3.32219e-37  2.87759e-36  4.84766e-38  -1.6679e-36  6.78317e-38  3.33161e-37 -2.26995e-38  5.14597e-38  6.41112e-38 -1.90227e-37  4.06728e-39  -3.0974e-38  5.49926e-39 -7.32202e-38 -3.69433e-39  5.79702e-38  1.78622e-39 -2.86975e-38 -9.03282e-40  1.89709e-38 -1.02241e-39 -2.92031e-39  -1.8189e-40  4.60729e-39  5.17212e-41 -1.11174e-39 -1.35947e-40  5.41923e-40  5.24941e-41 -1.57979e-40 -5.24818e-41  1.08342e-40  1.65145e-41   8.1272e-42 -1.13987e-41  2.84778e-41  3.11442e-42  -4.0532e-42 -3.62832e-42  4.97069e-42   6.0143e-42 -2.73752e-42 -1.19795e-41  8.64938e-43  2.29944e-41  4.21646e-43 -4.13176e-41 -1.54606e-42  6.87019e-41  3.11113e-42 -1.05056e-40 -5.47392e-42  1.46783e-40  8.56482e-42 -1.85948e-40 -1.18028e-41   2.1158e-40  1.41328e-41 -2.13717e-40 -1.44366e-41  1.88815e-40  1.22679e-41 -1.43101e-40 -8.37327e-42  9.06242e-41   4.3605e-42 -4.61872e-41 -1.59797e-42  1.78747e-41  3.56256e-43 -4.74259e-42  -3.4065e-44  6.84078e-43 -1.14638e-46
 2.06065e-35  4.35994e-36 -1.82953e-35  -7.9904e-36 -3.02792e-34 -2.13375e-35  3.98267e-35  2.50946e-35  7.75663e-34 -1.58625e-35 -7.05189e-34  4.12566e-35 -6.22955e-34  7.60532e-35  4.89064e-33  5.96254e-35  -1.1758e-33  3.95225e-35 -1.35663e-33 -3.83158e-35  5.49526e-34  1.00964e-36 -8.72957e-34  1.07561e-36  7.64792e-34  2.24289e-35   1.7966e-33 -2.52799e-36 -1.79685e-33 -2.85719e-35 -1.65104e-35  5.89017e-36 -1.55232e-34 -7.05969e-36  3.61111e-34  4.28893e-37 -1.81344e-34   1.6814e-35  1.07958e-34  1.69649e-37 -1.50521e-34 -2.05811e-36  9.97031e-35 -5.07537e-36  -2.5767e-35  3.23402e-36  3.03331e-35  6.41262e-37 -2.78473e-35 -4.28746e-37  1.52763e-35 -1.22349e-36  -4.5998e-36  3.64173e-37  2.57138e-36  5.13168e-38 -9.29277e-37  6.44031e-38 -5.67943e-38 -2.76495e-38  3.27111e-37  6.93375e-38 -3.05629e-37  4.84452e-39  2.27403e-38  5.95925e-39 -1.12114e-37 -3.38991e-39  7.83747e-38  1.32156e-39 -3.07637e-38 -8.84019e-40   2.0762e-38 -1.44568e-39 -2.63052e-40 -8.41357e-41  4.64275e-39  5.94415e-41 -9.65352e-40 -1.53158e-40  6.10189e-40  6.32522e-41 -1.92346e-40 -6.48645e-41  1.25904e-40  1.99027e-41  8.04992e-42 -1.51723e-41  3.49725e-41  8.56194e-42 -6.27496e-42 -1.53989e-41  6.74662e-42  3.08788e-41  -2.6321e-42  -6.1785e-41 -1.99037e-42  1.15723e-40  7.48108e-42 -2.01106e-40 -1.57566e-41  3.22241e-40  2.87375e-41 -4.73241e-40 -4.69269e-41  6.32509e-40  6.81405e-41 -7.62839e-40 -8.68758e-41  8.21536e-40  9.56529e-41 -7.79721e-40  -8.8974e-41  6.41261e-40  6.78629e-41 -4.46859e-40 -4.06931e-41  2.55752e-40   1.8013e-41 -1.14802e-40 -5.30777e-42  3.74812e-41  8.50668e-43   -7.685e-42 -4.05051e-44  6.38106e-43
-3.33369e-37   5.1015e-35  8.20784e-36 -4.14666e-35 -1.21197e-35 -3.23102e-34 -2.43403e-35 -2.07148e-34  2.70804e-35  8.41845e-34 -2.13955e-35   -7.072e-34   4.7446e-35 -8.82649e-34  5.96254e-35  5.81534e-33  4.52385e-35 -1.45245e-33  2.60348e-35   -1.604e-33 -3.65982e-35  1.71611e-34 -4.97656e-36  -6.0743e-34 -6.82765e-36  8.03782e-34  2.93393e-35  1.91167e-33 -2.63658e-37 -1.77724e-33 -2.52346e-35  2.00172e-35 -5.48853e-38 -2.45418e-34 -8.57302e-36  4.21621e-34 -1.00886e-36 -2.35278e-34  1.89052e-35  1.35785e-34  3.84588e-39 -1.53881e-34  -2.6894e-36  1.10809e-34 -6.38205e-36 -3.17037e-35  3.87027e-36  3.66943e-35  5.89018e-39 -3.07833e-35 -5.74195e-37  1.66609e-35 -1.39624e-36 -4.13527e-36  3.79576e-37  1.81376e-36  4.35417e-38  3.04528e-37  5.73488e-38 -6.50927e-37 -3.44402e-38   6.9746e-37  7.28679e-38 -4.37808e-37  3.47078e-39  7.87795e-38  6.52807e-39 -1.50481e-37 -2.83472e-39  9.48342e-38  5.43515e-40 -2.74167e-38 -7.33925e-40  1.94748e-38 -1.94344e-39  4.15651e-39  7.13392e-41  4.14866e-39  6.74316e-41 -6.93438e-40 -1.61403e-40  6.81561e-40  7.19154e-41 -2.31318e-40 -7.64461e-41  1.38384e-40  2.57573e-41  1.13916e-41 -2.77307e-41  3.92111e-41  3.61826e-41 -7.00094e-42 -7.64185e-41  4.02468e-42  1.57556e-40  9.71297e-42 -3.07435e-40 -3.28823e-41  5.57434e-40  7.20712e-41 -9.34162e-40 -1.37135e-40  1.43877e-39  2.34528e-40 -2.02351e-39 -3.59092e-40  2.57869e-39  4.86756e-40  -2.9497e-39 -5.75512e-40  2.99335e-39  5.82144e-40  -2.6552e-39 -4.90975e-40  2.01926e-39  3.33247e-40 -1.28249e-39  -1.7297e-40  6.55236e-40  6.34263e-41 -2.54115e-40  -1.4302e-41  6.75508e-41  1.45363e-42 -9.76159e-42 -1.21603e-44
-4.71006e-36 -1.19846e-36   7.8146e-35  1.17269e-35 -5.70696e-35 -1.59888e-35 -2.82578e-34 -2.41922e-35 -4.91717e-34  2.64432e-35  9.11836e-34 -2.75117e-35  -8.4319e-34  4.69767e-35  -1.1758e-33  4.52385e-35  6.77023e-33  3.57322e-35 -1.66924e-33   8.2394e-36  -1.7562e-33 -3.25507e-35 -2.89065e-34 -1.08457e-35 -2.80965e-34 -1.87549e-35  7.76762e-34  3.47946e-35  1.92696e-33  3.90532e-36  -1.7206e-33 -1.75207e-35   8.7085e-35 -7.57318e-36 -3.35368e-34 -9.33567e-36  4.70353e-34 -3.12301e-36 -2.84642e-34  1.99065e-35  1.64322e-34 -1.94375e-37 -1.56701e-34  -3.5969e-36  1.19464e-34 -7.86404e-36 -3.68667e-35  4.37397e-36   4.2956e-35 -8.68465e-37 -3.28396e-35 -6.70988e-37  1.68799e-35 -1.57033e-36 -2.79158e-36  3.82405e-37  4.69795e-37  2.28286e-38  2.06178e-36  4.92473e-38 -1.44362e-36 -4.46948e-38  1.14556e-36   7.6445e-38 -5.68112e-37 -1.33677e-39  1.22994e-37   7.2216e-39 -1.79922e-37 -1.98602e-39  1.01854e-37 -6.16879e-40  -1.6652e-38 -3.77072e-40  1.40713e-38 -2.50207e-39  1.02772e-38  2.92719e-40  3.10479e-39  7.26771e-41  -3.4129e-40 -1.56402e-40   7.7028e-40  7.80727e-41 -2.75893e-40 -9.14563e-41  1.40928e-40  5.01739e-41  2.36049e-41 -8.93747e-41  3.37619e-41  1.78266e-40   1.1293e-41 -3.83331e-40 -4.70116e-41  7.76016e-40   1.3525e-40 -1.46594e-39  -3.0515e-40  2.56453e-39  6.05872e-40 -4.13365e-39 -1.08584e-39   6.1026e-39  1.75186e-39 -8.19397e-39 -2.51946e-39  9.92131e-39  3.18724e-39 -1.07199e-38 -3.48642e-39  1.02016e-38  3.22447e-39 -8.40785e-39 -2.44633e-39  5.86844e-39   1.4592e-39 -3.36271e-39 -6.42416e-40  1.51076e-39  1.88285e-40 -4.93568e-40 -3.01094e-41  1.01261e-40  1.48412e-42 -8.41406e-42
-5.74527e-37 -9.59102e-36 -2.92185e-36   7.2699e-35  1.35427e-35 -4.94764e-35 -1.88795e-35 -1.86115e-34 -2.07714e-35 -7.67035e-34  2.34237e-35  9.57306e-34 -3.31893e-35 -1.07942e-33  3.95225e-35 -1.45245e-33  3.57322e-35  7.63772e-33  3.12642e-35 -1.80176e-33 -1.17225e-35 -1.76862e-33 -2.71042e-35 -7.75376e-34  -1.6399e-35  8.72446e-35 -3.35995e-35  6.72627e-34  3.90089e-35  1.85389e-33  9.82148e-36 -1.64515e-33   -5.769e-36  1.83887e-34 -1.55495e-35 -4.26113e-34 -9.58613e-36  5.08239e-34 -5.82104e-36 -3.29482e-34  1.97751e-35  1.92494e-34 -3.71643e-37 -1.58675e-34 -4.67796e-36  1.24746e-34 -9.54389e-36 -4.05238e-35  4.73496e-36  4.85701e-35 -1.95367e-36 -3.36365e-35 -7.13634e-37  1.56108e-35 -1.74334e-36 -3.86728e-37  3.81484e-37  -1.5636e-36 -1.24939e-38  4.30538e-36  4.44423e-38 -2.38874e-36 -6.02669e-38   1.6317e-36  8.24138e-38 -6.66297e-37 -1.06503e-38  1.37509e-37  7.92855e-39 -1.90052e-37  -7.2185e-40    9.336e-38 -2.25162e-39  2.92361e-39  2.74173e-40  3.94386e-39 -3.09934e-39  1.77456e-38  5.81592e-40   1.5902e-39  7.14121e-41  1.80335e-41 -1.38027e-40  8.93627e-40  9.17634e-41 -3.26747e-40 -1.42268e-40   1.2267e-40  1.79405e-40  6.94053e-41 -4.04425e-40 -4.34254e-41  8.86182e-40  2.08096e-40 -1.86544e-39 -5.27328e-40  3.66311e-39   1.2112e-39 -6.67824e-39 -2.50523e-39   1.1243e-38  4.70176e-39  -1.7384e-38 -7.98233e-39  2.45288e-38  1.21519e-38 -3.13403e-38 -1.63919e-38  3.59207e-38  1.92958e-38 -3.65036e-38 -1.94353e-38  3.24083e-38   1.6318e-38 -2.46564e-38 -1.10181e-38  1.56603e-38  5.68133e-39 -7.99869e-39 -2.06462e-39   3.1006e-39  4.59327e-40 -8.23785e-40 -4.55792e-41  1.18991e-40  3.23164e-43
-8.35429e-36 -9.66791e-37 -9.67101e-36  -5.5704e-36  7.42345e-36  1.31344e-35 -5.42741e-36 -2.02301e-35 -5.07852e-35 -1.48015e-35 -9.88497e-34  1.86955e-35  9.35679e-34 -3.71165e-35 -1.35663e-33  2.60348e-35 -1.66924e-33  3.12642e-35  8.30973e-33  2.97201e-35 -1.84905e-33 -3.15394e-35 -1.62566e-33 -2.09852e-35 -1.22822e-33  -2.1278e-35  4.76431e-34 -4.96796e-35  4.91372e-34  4.23007e-35   1.7183e-33  1.68636e-35   -1.568e-33  8.62383e-36  3.07591e-34 -2.28298e-35 -5.20027e-34 -9.57855e-36  5.36894e-34  -8.9901e-36 -3.70824e-34  1.87798e-35   2.1873e-34 -6.16742e-37 -1.58771e-34  -5.7132e-36  1.25834e-34 -1.14222e-35 -4.17004e-35  4.96599e-36  5.28468e-35 -3.19013e-36 -3.28343e-35 -7.09215e-37  1.26942e-35 -1.91551e-36  3.15638e-36   3.8875e-37  -4.3209e-36 -6.36479e-38  6.91904e-36  4.80372e-38 -3.39124e-36 -8.26322e-38  2.09123e-36  9.30549e-38 -6.91081e-37 -2.49949e-38  1.01891e-37  8.38107e-39 -1.69458e-37  1.16871e-39  6.35911e-38 -4.47648e-39  3.17381e-38  1.30495e-39 -1.08819e-38 -3.70831e-39  2.59766e-38  9.28033e-40 -2.23568e-40  6.51914e-41  3.00162e-40 -1.27667e-40  1.06214e-39   1.7895e-40 -3.65989e-40 -4.04486e-40  1.04741e-41  8.45662e-40  3.55395e-40 -1.96125e-39 -7.41103e-40   4.2694e-39  1.94206e-39 -8.71047e-39 -4.54207e-39  1.65189e-38  9.76181e-39 -2.89934e-38 -1.91617e-38  4.68545e-38  3.41773e-38 -6.93081e-38  -5.4949e-38  9.31853e-38  7.87844e-38 -1.12916e-37 -9.93726e-38  1.22032e-37  1.08362e-37 -1.16101e-37 -9.98582e-38  9.56197e-38  7.54148e-38 -6.66696e-38 -4.47061e-38   3.8152e-38  1.95059e-38 -1.71148e-38 -5.63634e-39  5.58275e-39  8.77745e-40 -1.14367e-39 -3.97428e-41  9.49143e-41
 1.82166e-37 -1.53104e-35 -8.01204e-37 -5.69668e-37 -8.81074e-36 -1.28326e-34  1.10126e-35  8.61263e-35 -1.95776e-35  1.03938e-34 -7.63959e-36 -1.12086e-33  1.30374e-35   8.0687e-34 -3.83158e-35   -1.604e-33   8.2394e-36 -1.80176e-33  2.97201e-35  8.71297e-33  2.77354e-35  -1.8301e-33 -4.90285e-35 -1.33998e-33 -1.43681e-35 -1.60308e-33 -2.50342e-35  8.62728e-34 -6.48449e-35  2.45416e-34  4.48548e-35  1.55325e-33  2.40057e-35 -1.50208e-33    2.354e-35  4.54769e-34 -2.86422e-35 -6.18758e-34 -9.33358e-36  5.57011e-34 -1.25691e-35 -4.09677e-34  1.74395e-35  2.41129e-34 -1.19917e-36 -1.55316e-34 -6.40783e-36  1.21961e-34 -1.34758e-35 -3.91694e-35  5.09161e-36  5.49945e-35 -4.49394e-36 -3.01598e-35 -6.75901e-37  8.16768e-36 -2.09173e-36  7.77125e-36  4.15867e-37 -7.73619e-36 -1.31123e-37  9.70274e-36   6.4047e-38 -4.30595e-36 -1.12118e-37  2.43656e-36  1.09782e-37 -5.93012e-37 -4.40784e-38 -5.18474e-39  8.18218e-39 -1.07018e-37   3.9626e-39  8.17502e-39 -7.42499e-39  6.90346e-38  2.77956e-39 -2.96314e-38 -4.30314e-39  3.42722e-38  1.29959e-39 -2.10561e-39  9.17177e-41  4.46405e-40  -2.5317e-40  1.21782e-39  6.85213e-40 -1.80343e-40  -1.7513e-39 -8.45769e-40  4.11499e-39  2.67605e-39 -9.32507e-39 -6.66083e-39  1.97239e-38  1.61407e-38 -3.88604e-38 -3.60191e-38  7.09845e-38  7.38339e-38 -1.19666e-37 -1.38123e-37  1.85167e-37  2.34008e-37 -2.61315e-37 -3.55578e-37   3.3376e-37  4.78712e-37 -3.82211e-37 -5.62252e-37  3.87907e-37  5.64712e-37 -3.43806e-37 -4.72331e-37  2.61044e-37  3.17214e-37 -1.65425e-37 -1.62272e-37  8.42898e-38  5.82348e-38 -3.25936e-38 -1.26694e-38  8.63895e-39  1.19105e-39 -1.24513e-39 -1.91695e-42
 2.10884e-36  5.99814e-37 -1.61969e-35  8.66331e-38   1.8776e-35 -1.19823e-35 -3.25903e-34  8.16552e-36  2.34003e-34 -1.65667e-35  2.62707e-34 -9.73769e-37 -1.14469e-33  7.04354e-36  5.49526e-34 -3.65982e-35  -1.7562e-33 -1.17225e-35 -1.84905e-33  2.77354e-35  8.82383e-33  2.18783e-35 -1.77526e-33 -6.25387e-35 -9.44756e-34 -6.87827e-36 -1.87921e-33 -2.72301e-35  1.22084e-33 -7.67289e-35 -4.35323e-35  4.66006e-35  1.39152e-33  3.00205e-35 -1.45465e-33  3.67547e-35   6.2253e-34 -3.28881e-35 -7.21855e-34 -8.45302e-36  5.67518e-34 -1.66224e-35 -4.45997e-34  1.63847e-35   2.5769e-34 -2.53373e-36 -1.46142e-34 -6.46401e-36  1.12347e-34  -1.5664e-35 -3.15315e-35  5.13434e-36  5.42045e-35 -5.77087e-36 -2.54259e-35  -6.3907e-37  2.25013e-36 -2.28173e-36  1.32337e-35  4.69663e-37 -1.16266e-35 -2.13561e-37  1.23816e-35  9.31117e-38 -4.94625e-36 -1.47232e-37  2.56355e-36  1.32456e-37 -3.19742e-37 -6.66742e-38 -2.03618e-37  6.89179e-39  6.43601e-39  7.95388e-39  -7.4751e-38  -1.1233e-38  1.12803e-37  4.71948e-39 -5.07759e-38 -4.85297e-39  4.19674e-38  1.59115e-39 -3.85494e-39  3.77993e-40  6.03465e-40 -1.16405e-39  7.14905e-40  3.30006e-39  2.18936e-39 -8.30813e-39  -8.0382e-39  1.94135e-38  2.18793e-38 -4.25832e-38 -5.44075e-38  8.70261e-38  1.26246e-37 -1.65194e-37 -2.69923e-37  2.89995e-37  5.28719e-37 -4.68472e-37 -9.41935e-37  6.92357e-37  1.51279e-36 -9.29597e-37 -2.16632e-36  1.12437e-36  2.72808e-36 -1.21244e-36 -2.96837e-36  1.15054e-36  2.72695e-36 -9.44873e-37 -2.05018e-36  6.56775e-37  1.20718e-36 -3.74638e-37 -5.21186e-37  1.67514e-37  1.47918e-37 -5.44678e-38 -2.21946e-38  1.11247e-38  8.63879e-40 -9.20786e-40
 2.78165e-39  5.02048e-36  1.35215e-36 -6.56976e-36  1.42772e-36  4.51515e-35 -1.44299e-35 -5.65007e-34  5.37593e-36  4.42247e-34 -1.11132e-35  4.15747e-34   3.5149e-36 -1.05814e-33  1.00964e-36  1.71611e-34 -3.25507e-35 -1.76862e-33 -3.15394e-35  -1.8301e-33  2.18783e-35  8.66769e-33  9.68674e-36 -1.71632e-33  -7.1319e-35 -4.82754e-34  2.10756e-36 -2.05954e-33 -2.75145e-35  1.52912e-33 -8.31794e-35 -3.50269e-34  4.72686e-35  1.25973e-33  3.37556e-35 -1.42752e-33  4.66287e-35  8.08751e-34 -3.61883e-35 -8.26334e-34 -6.10814e-36  5.65708e-34 -2.13803e-35 -4.78006e-34  1.61916e-35  2.66467e-34 -5.07932e-36 -1.28782e-34 -5.65908e-36   9.6185e-35 -1.79357e-35  -1.7401e-35  5.10114e-36  4.97684e-35  -6.9325e-36 -1.85415e-35 -6.26909e-37 -4.71956e-36 -2.49778e-36  1.91815e-35  5.47449e-37 -1.56975e-35 -3.05947e-37  1.46302e-35    1.305e-37 -5.10344e-36 -1.84382e-37  2.36255e-36   1.5908e-37  1.76364e-37 -9.06985e-38 -5.08756e-37   4.1462e-39  1.76172e-37  1.33937e-38 -1.83561e-37 -1.60059e-38  1.59844e-37  7.06404e-39 -7.21629e-38 -5.24318e-39  4.86575e-38  1.36741e-39 -5.77676e-39  2.08103e-39  2.56608e-39 -5.98564e-39 -6.12819e-39  1.58975e-38     2.34e-38 -3.86579e-38 -6.73205e-38  8.76922e-38  1.74965e-37 -1.85715e-37 -4.21332e-37  3.65805e-37  9.38749e-37 -6.67649e-37 -1.92238e-36  1.12398e-36  3.59428e-36 -1.73601e-36 -6.08628e-36  2.44434e-36  9.24148e-36 -3.11361e-36 -1.24282e-35  3.55477e-36  1.45729e-35 -3.59567e-36 -1.46003e-35  3.17541e-36  1.21665e-35 -2.40187e-36  -8.1251e-36  1.51613e-36  4.12031e-36 -7.69473e-37 -1.45758e-36  2.96388e-37  3.08678e-37 -7.82666e-38 -2.69927e-38  1.12422e-38 -1.74027e-40
  1.9086e-36 -1.23004e-37  6.21488e-36  2.44828e-36  1.38033e-35  2.77507e-36   7.1507e-35 -1.59008e-35 -8.23045e-34  2.93915e-36  7.05685e-34 -3.58334e-36  5.56374e-34  4.46831e-36 -8.72957e-34 -4.97656e-36 -2.89065e-34 -2.71042e-35 -1.62566e-33 -4.90285e-35 -1.77526e-33  9.68674e-36  8.30553e-33 -9.63904e-36 -1.67878e-33 -7.56565e-35  3.72778e-36   1.3034e-35 -2.16343e-33 -2.56487e-35  1.77575e-33 -8.27954e-35 -6.51786e-34  4.66014e-35  1.17513e-33   3.4373e-35 -1.41814e-33  5.26336e-35  1.01125e-33  -3.9663e-35 -9.26979e-34 -1.24264e-36  5.48097e-34 -2.72112e-35 -5.02123e-34  1.72447e-35  2.65637e-34 -9.20457e-36 -1.00808e-34 -3.90435e-36  7.27183e-35 -2.02288e-35  4.33207e-36    4.972e-36  4.11936e-35  -7.9089e-36 -9.50385e-36 -6.67603e-37  -1.2371e-35 -2.74983e-36  2.51668e-35  6.33732e-37 -1.95696e-35 -3.97842e-37  1.61108e-35  1.65251e-37  -4.5749e-36 -2.18201e-37  1.73358e-36  1.86045e-37  9.28791e-37 -1.13471e-37 -9.27577e-37 -2.31421e-40  4.01581e-37  2.04284e-38 -3.12519e-37 -2.17387e-38  2.05989e-37   9.5263e-39 -9.15132e-38 -4.84233e-39  5.53609e-38  -1.3926e-39 -1.25251e-38  1.07247e-38  2.20007e-38 -2.90881e-38 -6.68144e-38  7.34749e-38  1.98356e-37 -1.72474e-37 -5.36233e-37  3.77955e-37  1.34242e-36 -7.71546e-37 -3.11285e-36  1.46195e-36  6.65477e-36 -2.56064e-36 -1.30345e-35  4.12548e-36  2.32185e-35 -6.07831e-36  -3.7277e-35  8.13304e-36  5.33434e-35 -9.80014e-36 -6.70943e-35  1.05252e-35  7.28608e-35 -9.94544e-36 -6.67315e-35  8.13146e-36   4.9937e-35 -5.62655e-36 -2.91931e-35  3.19488e-36  1.24591e-35 -1.42213e-36 -3.46501e-36  4.60411e-37  4.97315e-37 -9.36571e-38 -1.54323e-38  7.72414e-39
 1.61775e-37  5.65274e-36 -4.17775e-37  3.19608e-36  3.79346e-36  4.20334e-35  3.86696e-36   8.9343e-35   -1.673e-35 -1.07984e-33  8.22817e-37   1.0063e-33  5.20184e-36  6.76788e-34  1.07561e-36  -6.0743e-34 -1.08457e-35 -7.75376e-34 -2.09852e-35 -1.33998e-33 -6.25387e-35 -1.71632e-33 -9.63904e-36  7.81518e-33  -3.5017e-35  -1.6778e-33 -7.66806e-35    4.799e-34  2.57999e-35 -2.21707e-33 -2.14883e-35  1.96238e-33 -7.53926e-35 -9.30693e-34  4.46207e-35  1.14487e-33  3.14728e-35  -1.4212e-33  5.55167e-35  1.22628e-33 -4.45284e-35 -1.01702e-33  7.06273e-36  5.11582e-34  -3.4515e-35   -5.136e-34  1.96681e-35  2.53582e-34 -1.50608e-35 -6.03284e-35 -1.27036e-36  4.14508e-35 -2.24563e-35  3.42213e-35  4.69248e-36  2.82806e-35 -8.65353e-36  1.63122e-36 -7.88927e-37 -2.03858e-35 -3.03931e-36   3.0728e-35  6.99893e-37 -2.28222e-35 -4.72729e-37  1.65209e-35   1.8112e-37  -3.1971e-36 -2.42464e-37  6.04529e-37  2.08878e-37  1.94687e-36 -1.32088e-37 -1.45482e-36 -6.16152e-39  6.74622e-37  2.90072e-38 -4.51861e-37 -2.80526e-38  2.47054e-37  1.09088e-38 -1.09452e-37 -4.30966e-40  7.42458e-38 -1.60727e-38 -6.53682e-38  5.13978e-38  1.88688e-37  -1.3348e-37 -5.62526e-37  3.24064e-37  1.57345e-36 -7.34215e-37 -4.08921e-36  1.55139e-36  9.86114e-36 -3.04786e-36 -2.19778e-35  5.54591e-36  4.50199e-35 -9.30454e-36 -8.41878e-35  1.43168e-35  1.42549e-34 -2.00758e-35 -2.16363e-34  2.54605e-35  2.90718e-34 -2.89334e-35 -3.40367e-34  2.91249e-35  3.40167e-34 -2.55925e-35 -2.82377e-34  1.92598e-35  1.87464e-34 -1.20954e-35 -9.41793e-35  6.10776e-36  3.27969e-35 -2.34115e-36 -6.73685e-36   6.1539e-37  5.38271e-37  -8.8028e-38  9.26262e-39
