 6.12445e-19 -1.22448e-28 -2.36996e-17  3.99243e-27  3.68545e-16 -3.91231e-26 -3.55987e-15  2.66216e-25  2.46563e-14 -1.41655e-24 -1.31605e-13  6.03869e-24  5.64894e-13 -2.11363e-23 -2.00378e-12  6.20825e-23  5.98058e-12 -1.55702e-22 -1.51956e-11  3.38224e-22  3.30899e-11 -6.44305e-22 -6.18927e-11  1.08882e-21  9.91643e-11 -1.65063e-21 -1.34801e-10  2.26921e-21  1.52198e-10  -2.8555e-21 -1.36087e-10  3.30759e-21  8.42566e-11 -3.52417e-21 -1.43157e-11  3.42369e-21 -4.30424e-11 -2.98065e-21  6.29045e-11  2.26539e-21  -4.3427e-11 -1.44578e-21  6.31256e-12  7.23776e-22  2.08494e-11 -2.38211e-22 -2.48393e-11  6.79467e-24  1.22625e-11  5.01291e-23  1.72109e-12 -3.46624e-23 -7.71207e-12  1.21113e-23  6.38554e-12  -1.7853e-24 -2.94099e-12 -2.45183e-25  7.57879e-13  1.17999e-25 -7.47753e-14
-1.22448e-28  3.36474e-17 -2.11336e-27 -7.46361e-16  2.75076e-26  8.91586e-15 -1.30246e-25 -7.20931e-14  4.31648e-25  4.35579e-13 -8.32543e-25 -2.07688e-12 -1.15132e-24  8.08402e-12  1.78073e-23 -2.62615e-11 -8.76566e-23  7.22473e-11  2.97143e-22 -1.69852e-10 -7.84307e-22   3.4276e-10  1.68325e-21 -5.93597e-10 -2.98657e-21   8.7702e-10  4.38263e-21 -1.08933e-09 -5.22352e-21  1.10168e-09  4.77657e-21 -8.39058e-10 -2.71459e-21  3.58972e-10  -4.8422e-22  1.44053e-10  3.62768e-21 -4.42427e-10 -5.46078e-21  4.27287e-10  5.43712e-21 -1.84393e-10 -3.99757e-21 -7.90855e-11  2.14876e-21  1.96391e-10 -7.43138e-22 -1.48381e-10  5.76957e-23  3.33029e-11  1.06792e-22  4.59786e-11 -6.86363e-23 -5.88893e-11  1.86043e-23  3.55051e-11 -6.14577e-25 -1.24103e-11 -9.78064e-25  2.17761e-12  2.80706e-25
-2.36996e-17 -2.11336e-27  9.17915e-16  -4.9537e-27 -1.42862e-14 -1.46231e-25  1.38103e-13   2.0928e-24 -9.57219e-13 -1.44622e-23   5.1126e-12  7.25447e-23 -2.19575e-11 -2.90528e-22  7.79239e-11  9.63596e-22 -2.32655e-10 -2.70088e-21  5.91237e-10  6.47707e-21  -1.2874e-09 -1.33915e-20  2.40707e-09  2.39698e-20 -3.85318e-09 -3.71765e-20  5.22899e-09  4.98153e-20 -5.88484e-09 -5.71967e-20   5.2271e-09  5.53217e-20  -3.1782e-09 -4.35062e-20  4.39444e-10  2.54759e-20   1.7791e-09 -7.68277e-21 -2.50552e-09 -4.27342e-21   1.6858e-09  8.54066e-21 -1.94144e-10 -7.16926e-21 -8.74128e-10  3.81584e-21  1.00635e-09 -1.17559e-21 -4.81574e-10  9.50557e-24 -8.67703e-11  1.84936e-22  3.24444e-10 -8.44784e-23  -2.6481e-10  1.08507e-23  1.21369e-10  4.02468e-24 -3.12149e-11 -1.47819e-24  3.07807e-12
 3.99243e-27 -7.46361e-16  -4.9537e-27  1.65696e-14  1.17436e-25 -1.98093e-13 -3.03281e-24  1.60295e-12  2.48773e-23  -9.6914e-12 -1.35758e-22  4.62372e-11  5.77998e-22 -1.80064e-10 -2.02154e-21  5.85185e-10  5.95747e-21 -1.61029e-09 -1.50189e-20  3.78598e-09  3.26967e-20 -7.63849e-09 -6.18267e-20  1.32205e-08  1.01845e-19  -1.9509e-08 -1.46162e-19  2.41762e-08  1.82153e-19 -2.43412e-08 -1.95592e-19  1.83491e-08  1.78257e-19  -7.5353e-09 -1.33944e-19 -3.69106e-09  7.78306e-20  1.02125e-08 -2.85589e-20 -9.63436e-09 -1.68652e-21  3.97618e-09  1.20467e-20  2.02505e-09 -1.00707e-20 -4.60654e-09  4.67688e-21  3.39885e-09 -9.76702e-22 -6.98986e-10 -2.62667e-22 -1.12804e-09  2.55866e-22  1.40209e-09 -5.81231e-23 -8.39034e-10 -1.25198e-23  2.92414e-10  1.03665e-23 -5.12533e-11 -4.39835e-24
 3.68545e-16  2.75076e-26 -1.42862e-14  1.17436e-25  2.22523e-13  1.38525e-24  -2.1527e-12 -2.18219e-23   1.4931e-11  1.44297e-22 -7.97975e-11  -6.8415e-22  3.42898e-10  2.59738e-21 -1.21743e-09 -8.21619e-21    3.636e-09  2.21124e-20 -9.24147e-09 -5.12546e-20  2.01217e-08  1.03086e-19 -3.76075e-08 -1.80701e-19  6.01497e-08  2.76585e-19 -8.14925e-08 -3.69307e-19  9.14287e-08  4.28274e-19 -8.06862e-08 -4.27407e-19  4.81798e-08  3.60913e-19 -5.11505e-09 -2.49698e-19 -2.93578e-08  1.31777e-19  4.00113e-08 -4.19294e-20 -2.62687e-08 -5.14654e-21   2.2431e-09  1.68893e-20  1.46178e-08 -1.14001e-20 -1.63293e-08  3.74268e-21  7.58776e-09  6.59187e-23   1.6625e-09 -6.42026e-22 -5.44461e-09  2.28262e-22  4.38894e-09  2.32822e-23 -2.00291e-09 -4.15746e-23  5.14236e-10  1.13529e-23 -5.06832e-11
-3.91231e-26  8.91586e-15 -1.46231e-25 -1.98093e-13  1.38525e-24  2.37002e-12  8.39549e-24 -1.91913e-11 -1.01812e-22  1.16103e-10  5.80243e-22 -5.54235e-10  -2.4578e-21  2.15942e-09  8.46485e-21 -7.02041e-09 -2.45438e-20   1.9323e-08  6.09791e-20  -4.5433e-08 -1.31076e-19  9.16456e-08  2.45154e-19 -1.58526e-07 -4.00244e-19  2.33658e-07   5.7077e-19 -2.88918e-07 -7.09276e-19  2.89639e-07  7.63204e-19 -2.16156e-07 -7.02589e-19  8.51108e-08  5.41284e-19  4.97518e-08 -3.34139e-19 -1.26516e-07   1.4858e-19  1.16814e-07 -2.93061e-20 -4.61249e-08  -1.9058e-20 -2.73434e-08  2.18752e-20  5.79178e-08 -9.86621e-21 -4.18292e-08  1.01126e-21    7.875e-09  1.38964e-21  1.47361e-08 -7.37676e-22  -1.7862e-08 -8.42201e-25  1.06199e-08  1.48577e-22 -3.69169e-09 -7.42158e-23  6.46445e-10  4.56235e-23
-3.55987e-15 -1.30246e-25  1.38103e-13 -3.03281e-24  -2.1527e-12  8.39549e-24  2.08398e-11   3.5606e-23 -1.44637e-10 -3.62256e-22  7.73443e-10   1.8404e-21 -3.32524e-09 -7.07535e-21  1.18108e-08  2.23586e-20 -3.52848e-08 -5.99819e-20  8.96945e-08  1.38581e-19 -1.95281e-07 -2.77714e-19  3.64849e-07  4.84755e-19 -5.83067e-07 -7.38536e-19  7.88721e-07  9.81368e-19 -8.82266e-07 -1.13241e-18  7.73776e-07  1.12419e-18 -4.53893e-07 -9.43708e-19  3.36052e-08  6.48251e-19  2.99062e-07  -3.3908e-19 -3.95995e-07  1.07188e-19  2.54073e-07  1.10287e-20 -1.43919e-08 -3.80513e-20 -1.50712e-07  2.30878e-20  1.64016e-07 -5.06177e-21  -7.4194e-08 -2.19244e-21 -1.89667e-08  1.83325e-21  5.62897e-08 -8.39267e-23 -4.49018e-08 -4.99581e-22  2.04155e-08   3.0574e-22 -5.23368e-09 -8.47156e-23  5.15605e-10
 2.66216e-25 -7.20931e-14   2.0928e-24  1.60295e-12 -2.18219e-23 -1.91913e-11   3.5606e-23  1.55501e-10  1.19974e-22 -9.41303e-10 -1.08132e-21  4.49578e-09  4.99706e-21 -1.75243e-08 -1.76307e-20   5.6992e-08  5.16235e-20 -1.56899e-07 -1.29158e-19  3.68922e-07  2.79013e-19  -7.4403e-07 -5.22984e-19   1.2863e-06  8.53338e-19 -1.89385e-06 -1.21328e-18  2.33689e-06  1.49959e-18 -2.33317e-06  -1.5998e-18  1.72452e-06  1.45259e-18 -6.50759e-07 -1.09313e-18 -4.45374e-07  6.45021e-19  1.05728e-06 -2.56462e-19 -9.57469e-07  2.11562e-20   3.6225e-07   5.9157e-20  2.45341e-07 -4.81898e-20 -4.90502e-07  1.58633e-20   3.4769e-07  2.03946e-21 -6.01232e-08 -3.84728e-21 -1.28726e-07  3.95218e-22  1.52893e-07  1.38679e-21 -9.04122e-08 -1.06774e-21   3.1361e-08  4.27512e-22   -5.487e-09 -3.26853e-22
 2.46563e-14  4.31648e-25 -9.57219e-13  2.48773e-23   1.4931e-11 -1.01812e-22 -1.44637e-10  1.19974e-22  1.00443e-09  3.50704e-22 -5.37404e-09 -2.89135e-21  2.31151e-08   1.2272e-20 -8.21327e-08 -4.01082e-20  2.45438e-07  1.09824e-19 -6.23987e-07 -2.57844e-19  1.35845e-06  5.22342e-19 -2.53717e-06 -9.16491e-19  4.05159e-06  1.39695e-18 -5.47269e-06 -1.84991e-18  6.10484e-06  2.11854e-18 -5.32291e-06 -2.07525e-18  3.06932e-06  1.70197e-18 -1.30581e-07 -1.11877e-18 -2.17139e-06  5.29973e-19  2.80414e-06 -1.13306e-19 -1.76183e-06 -7.07187e-20  5.25098e-08  8.36983e-20  1.10562e-06 -3.43617e-20 -1.17708e-06 -2.12997e-21  5.20254e-07   9.0176e-21  1.49634e-07  -1.9376e-21 -4.13383e-07 -3.57129e-21  3.26984e-07  3.78606e-21 -1.48221e-07 -1.92519e-21  3.79497e-08  6.45572e-22  -3.7372e-09
-1.41655e-24  4.35579e-13 -1.44622e-23  -9.6914e-12  1.44297e-22  1.16103e-10 -3.62256e-22 -9.41303e-10  3.50704e-22  5.70108e-09  9.39537e-22  -2.7242e-08 -7.14042e-21   1.0623e-07  2.79845e-20 -3.45587e-07  -8.5659e-20  9.51583e-07  2.21248e-19 -2.23758e-06  -4.8919e-19  4.51188e-06  9.29198e-19 -7.79641e-06 -1.52334e-18  1.14673e-05  2.16241e-18 -1.41231e-05 -2.65479e-18  1.40475e-05  2.79686e-18 -1.02898e-05 -2.48572e-18  3.72361e-06  1.79994e-18   2.9307e-06 -9.80585e-19 -6.57932e-06  3.08512e-19  5.85786e-06  5.16793e-20 -2.13025e-06 -1.24016e-19 -1.61663e-06   5.6526e-20  3.08759e-06  1.15559e-20 -2.15519e-06  -2.8599e-20  3.45943e-07  1.28455e-20  8.28747e-07  3.86774e-21 -9.69338e-07 -8.39457e-21  5.70795e-07  5.04368e-21 -1.97647e-07 -1.71819e-21  3.45568e-08  1.55405e-21
-1.31605e-13 -8.32543e-25   5.1126e-12 -1.35758e-22 -7.97975e-11  5.80243e-22  7.73443e-10 -1.08132e-21 -5.37404e-09  9.39537e-22  2.87666e-08  2.33679e-21 -1.23784e-07 -1.63176e-20   4.3998e-07  5.98174e-20 -1.31511e-06 -1.74182e-19  3.34386e-06  4.27545e-19 -7.27933e-06 -8.90428e-19  1.35915e-05  1.58122e-18 -2.16896e-05 -2.41167e-18   2.9259e-05  3.17023e-18 -3.25575e-05 -3.57749e-18  2.82366e-05  3.41946e-18 -1.60239e-05 -2.68854e-18  2.02711e-07   1.6251e-18  1.20762e-05 -6.16357e-19 -1.52694e-05 -1.66868e-20  9.42053e-06  1.99087e-19 -5.76312e-08 -1.02194e-19 -6.19856e-06 -3.55547e-20  6.48514e-06  8.53898e-20 -2.81541e-06 -5.62244e-20 -8.78381e-07  9.81936e-21  2.31334e-06  1.48251e-20 -1.81871e-06 -1.60171e-20  8.22557e-07  9.14785e-21 -2.10397e-07 -4.22472e-21  2.07119e-08
 6.03869e-24 -2.07688e-12  7.25447e-23  4.62372e-11  -6.8415e-22 -5.54235e-10   1.8404e-21  4.49578e-09 -2.89135e-21  -2.7242e-08  2.33679e-21  1.30227e-07  5.33321e-21 -5.08003e-07 -3.46398e-20  1.65308e-06  1.22208e-19 -4.55261e-06 -3.44418e-19  1.07055e-05  8.05748e-19 -2.15835e-05 -1.57467e-18  3.72797e-05  2.60127e-18 -5.47846e-05 -3.66897e-18  6.73602e-05  4.42783e-18 -6.67775e-05 -4.52823e-18  4.85207e-05  3.82414e-18  -1.6877e-05 -2.50382e-18 -1.49919e-05  1.04302e-18  3.21937e-05   2.4582e-20 -2.82614e-05 -4.23063e-19  9.93377e-06  2.84906e-19  8.26119e-06  1.51038e-20 -1.52476e-05 -1.83433e-19  1.05241e-05  1.69647e-19 -1.60265e-06 -7.55862e-20 -4.14226e-06  8.04142e-22  4.79776e-06  2.27938e-20 -2.81721e-06 -1.43241e-20  9.74321e-07  3.39549e-21 -1.70258e-07 -4.08264e-21
 5.64894e-13 -1.15132e-24 -2.19575e-11  5.77998e-22  3.42898e-10  -2.4578e-21 -3.32524e-09  4.99706e-21  2.31151e-08 -7.14042e-21 -1.23784e-07  5.33321e-21   5.3284e-07  1.12362e-20 -1.89449e-06  -7.1001e-20  5.66391e-06  2.49771e-19 -1.44028e-05 -6.85579e-19  3.13526e-05  1.51737e-18 -5.85252e-05 -2.76056e-18  9.33428e-05  4.21456e-18  -0.00012578 -5.46158e-18  0.000139663  5.98812e-18 -0.000120573 -5.44002e-18  6.74658e-05   3.8701e-18  9.61936e-07 -1.78841e-18 -5.36643e-05 -1.89101e-20  6.67178e-05  9.19007e-19 -4.05713e-05 -8.37022e-19 -5.14229e-07  2.59667e-19  2.76826e-05  2.24119e-19 -2.86121e-05 -3.58998e-19   1.2292e-05  2.44392e-19   3.9901e-06 -8.01187e-20 -1.02654e-05 -1.88186e-20  8.04392e-06  4.23078e-20 -3.63327e-06 -3.31195e-20  9.28732e-07  2.24607e-20 -9.13952e-08
-2.11363e-23  8.08402e-12 -2.90528e-22 -1.80064e-10  2.59738e-21  2.15942e-09 -7.07535e-21 -1.75243e-08   1.2272e-20   1.0623e-07 -1.63176e-20 -5.08003e-07  1.12362e-20  1.98226e-06  2.30989e-20 -6.45197e-06 -1.50789e-19  1.77715e-05  5.33294e-19 -4.17917e-05 -1.40108e-18  8.42472e-05   2.8864e-18 -0.000145465 -4.84773e-18  0.000213619  6.80959e-18 -0.000262301 -8.07182e-18  0.000259325  7.97757e-18 -0.000187162 -6.30142e-18  6.28782e-05  3.47149e-18  6.16845e-05 -4.82906e-19 -0.000128091 -1.51593e-18  0.000111261  1.93313e-18 -3.81428e-05  -1.1412e-18 -3.38128e-05  9.88879e-20  6.10458e-05  4.75848e-19 -4.18896e-05 -5.02937e-19  6.27994e-06  2.71792e-19  1.65554e-05 -5.41769e-20 -1.91183e-05 -3.81926e-20  1.12144e-05  2.90812e-20 -3.87627e-06  2.57617e-21  6.77101e-07 -2.23115e-21
-2.00378e-12  1.78073e-23  7.79239e-11 -2.02154e-21 -1.21743e-09  8.46485e-21  1.18108e-08 -1.76307e-20 -8.21327e-08  2.79845e-20   4.3998e-07 -3.46398e-20 -1.89449e-06  2.30989e-20  6.73745e-06  5.04028e-20 -2.01463e-05 -3.44316e-19  5.12353e-05  1.17988e-18  -0.00011153 -2.87464e-18  0.000208154  5.43147e-18  -0.00033185 -8.37642e-18  0.000446802  1.08226e-17 -0.000495314 -1.17373e-17  0.000426097   1.0441e-17 -0.000235754 -7.05279e-18 -8.54392e-06  2.57192e-18  0.000195678  1.34707e-18 -0.000240361 -3.23454e-18  0.000144815  2.82079e-18  3.50365e-06 -1.20839e-18 -0.000101017  -1.9112e-19  0.000103816   7.4014e-19 -4.45988e-05 -6.34158e-19 -1.42766e-05  3.08106e-19  3.69585e-05 -4.79559e-20  -2.8971e-05  -6.2543e-20  1.30845e-05  8.73729e-20 -3.34388e-06 -9.14573e-20  3.28958e-07
 6.20825e-23 -2.62615e-11  9.63596e-22  5.85185e-10 -8.21619e-21 -7.02041e-09  2.23586e-20   5.6992e-08 -4.01082e-20 -3.45587e-07  5.98174e-20  1.65308e-06  -7.1001e-20 -6.45197e-06  5.04028e-20  2.10042e-05  1.19755e-19  -5.7862e-05 -8.06175e-19  0.000136076  2.55201e-18 -0.000274299 -5.64197e-18  0.000473517  9.72586e-18  -0.00069505 -1.37824e-17  0.000852666  1.64235e-17 -0.000841398 -1.63782e-17  0.000604345  1.31741e-17  -0.00019777 -7.48485e-18 -0.000208502  1.11291e-18  0.000423449  3.51087e-18 -0.000365596 -4.82366e-18  0.000123925  3.33105e-18  0.000112927  -1.0272e-18 -0.000202263 -4.56588e-19   0.00013899  8.15139e-19 -2.16446e-05 -5.22925e-19 -5.37047e-05  9.88435e-20  6.24107e-05  1.35592e-19 -3.66589e-05 -1.14756e-19   1.2675e-05 -1.24828e-20  -2.2137e-06  7.32338e-20
 5.98058e-12 -8.76566e-23 -2.32655e-10  5.95747e-21    3.636e-09 -2.45438e-20 -3.52848e-08  5.16235e-20  2.45438e-07  -8.5659e-20 -1.31511e-06  1.22208e-19  5.66391e-06 -1.50789e-19 -2.01463e-05  1.19755e-19  6.02501e-05  2.89146e-19 -0.000153239 -1.79473e-18  0.000333581  5.09577e-18 -0.000622538 -1.01503e-17  0.000992276  1.59604e-17   -0.0013354 -2.08689e-17   0.00147903  2.30523e-17  -0.00126965 -2.13026e-17  0.000697548  1.56108e-17  3.53199e-05 -7.28921e-18 -0.000595354 -8.32019e-19   0.00072683  5.59823e-18 -0.000436972 -5.81705e-18 -1.10383e-05  3.21911e-18  0.000305744 -5.12404e-19 -0.000315097 -9.13661e-19   0.00013732  1.18488e-18  4.01002e-05 -8.74795e-19 -0.000109145  4.45624e-19  8.60372e-05 -1.53945e-19 -3.89222e-05 -4.52836e-20  9.95054e-06  2.31396e-19 -9.78564e-07
-1.55702e-22  7.22473e-11 -2.70088e-21 -1.61029e-09  2.21124e-20   1.9323e-08 -5.99819e-20 -1.56899e-07  1.09824e-19  9.51583e-07 -1.74182e-19 -4.55261e-06  2.49771e-19  1.77715e-05 -3.44316e-19  -5.7862e-05  2.89146e-19  0.000159414  6.48647e-19 -0.000374925 -3.59546e-18  0.000755784  9.07341e-18  -0.00130465 -1.63192e-17   0.00191477  2.35151e-17  -0.00234823 -2.85128e-17   0.00231548  2.94457e-17  -0.00165964 -2.54864e-17  0.000536172  1.70347e-17  0.000585944 -6.15923e-18  -0.00117911 -3.09212e-18   0.00101801   7.1608e-18 -0.000347944 -6.00129e-18 -0.000310144  2.74954e-18  0.000561363 -3.19768e-19 -0.000390176 -5.28026e-19   6.7453e-05  2.47387e-19  0.000141653  5.08746e-19 -0.000168039 -1.03204e-18   9.9195e-05  8.98976e-19 -3.43517e-05 -2.89993e-19  6.00037e-06 -3.14337e-19
-1.51956e-11  2.97143e-22  5.91237e-10 -1.50189e-20 -9.24147e-09  6.09791e-20  8.96945e-08 -1.29158e-19 -6.23987e-07  2.21248e-19  3.34386e-06 -3.44418e-19 -1.44028e-05  5.33294e-19  5.12353e-05 -8.06175e-19 -0.000153239  6.48647e-19   0.00038978  1.30418e-18 -0.000848566 -6.32926e-18   0.00158374   1.4185e-17  -0.00252456 -2.30819e-17   0.00339778  3.06588e-17  -0.00376337 -3.47458e-17   0.00323025   3.3998e-17  -0.00177289 -2.79356e-17  -9.5524e-05  1.69129e-17   0.00152592 -4.07626e-18  -0.00186578 -5.20389e-18   0.00113038  7.61735e-18  1.32736e-05 -4.97375e-18 -0.000772612  1.31725e-18  0.000808044   1.1487e-18 -0.000364285 -2.37457e-18 -8.49612e-05  2.72708e-18  0.000264207 -2.53301e-18 -0.000211202  2.11647e-18  9.59629e-05 -1.33082e-18 -2.45639e-05  1.00519e-19  2.41479e-06
 3.38224e-22 -1.69852e-10  6.47707e-21  3.78598e-09 -5.12546e-20  -4.5433e-08  1.38581e-19  3.68922e-07 -2.57844e-19 -2.23758e-06  4.27545e-19  1.07055e-05 -6.85579e-19 -4.17917e-05  1.17988e-18  0.000136076 -1.79473e-18 -0.000374925  1.30418e-18  0.000881874  2.27345e-18  -0.00177796 -9.64451e-18   0.00306982  1.92833e-17   -0.0045069 -2.85257e-17      0.00553  3.51935e-17  -0.00545758 -3.78925e-17   0.00391848  3.58702e-17  -0.00127463 -2.81051e-17  -0.00137421  1.48754e-17   0.00278656  -1.0792e-18  -0.00242582 -6.81766e-18  0.000858524  7.15105e-18  0.000697558 -3.97567e-18  -0.00131154  1.54259e-18  0.000935222 -9.93159e-19 -0.000192381  2.07327e-18 -0.000298901 -4.20751e-18  0.000371381  5.92628e-18 -0.000221655 -5.65769e-18  7.70436e-05  3.19717e-18  -1.3466e-05   3.2495e-19
 3.30899e-11 -7.84307e-22  -1.2874e-09  3.26967e-20  2.01217e-08 -1.31076e-19 -1.95281e-07  2.79013e-19  1.35845e-06  -4.8919e-19 -7.27933e-06  8.05748e-19  3.13526e-05 -1.40108e-18  -0.00011153  2.55201e-18  0.000333581 -3.59546e-18 -0.000848566  2.27345e-18   0.00184767  3.41362e-18  -0.00344945 -1.26386e-17   0.00550126  2.24785e-17   -0.0074101 -3.04347e-17   0.00821889  3.54133e-17  -0.00707375 -3.73504e-17   0.00391141  3.51826e-17  0.000161868 -2.59881e-17  -0.00330466  1.09997e-17    0.0040905  2.29294e-18  -0.00253156 -7.20852e-18  5.45653e-05  4.97998e-18   0.00162622 -8.30704e-19  -0.00175747  -2.7177e-18  0.000841397  6.00867e-18  0.000115288  -9.0373e-18 -0.000515174  1.12558e-17  0.000424175 -1.20869e-17 -0.000194505  1.00937e-17  4.99283e-05 -4.64591e-18 -4.90622e-06
-6.44305e-22   3.4276e-10 -1.33915e-20 -7.63849e-09  1.03086e-19  9.16456e-08 -2.77714e-19  -7.4403e-07  5.22342e-19  4.51188e-06 -8.90428e-19 -2.15835e-05  1.51737e-18  8.42472e-05 -2.87464e-18 -0.000274299  5.09577e-18  0.000755784 -6.32926e-18  -0.00177796  3.41362e-18   0.00358572  4.39104e-18  -0.00619465 -1.41902e-17   0.00910356  2.24164e-17   -0.0111892  -2.8101e-17    0.0110775  3.20906e-17  -0.00801015 -3.48812e-17   0.00269526  3.28377e-17   0.00267346 -2.15867e-17   -0.0055992  5.50807e-18   0.00497332  5.18018e-18  -0.00188538  -6.2708e-18  -0.00125474  3.00622e-18   0.00257191  -1.4427e-18  -0.00192168  3.07021e-18  0.000500185 -7.98212e-18  0.000477145  1.58945e-17 -0.000658083 -2.35051e-17  0.000401861  2.53987e-17 -0.000140757 -1.83509e-17    2.464e-05  3.77361e-18
-6.18927e-11  1.68325e-21  2.40707e-09 -6.18267e-20 -3.76075e-08  2.45154e-19  3.64849e-07 -5.22984e-19 -2.53717e-06  9.29198e-19  1.35915e-05 -1.57467e-18 -5.85252e-05   2.8864e-18  0.000208154 -5.64197e-18 -0.000622538  9.07341e-18   0.00158374 -9.64451e-18  -0.00344945  4.39104e-18   0.00644373  4.77178e-18   -0.0102878 -1.31316e-17    0.0138837  1.84796e-17   -0.0154509 -2.21675e-17    0.0133882  2.71712e-17  -0.00754671 -3.22244e-17 -5.63292e-05   2.8977e-17    0.0060196 -1.44095e-17  -0.00766576 -1.90266e-18   0.00493907  8.72452e-18   -0.0003996 -6.62914e-18  -0.00280666  2.52398e-18   0.00323131  1.62267e-18  -0.00170171 -8.71648e-18   2.6144e-06  1.98879e-17  0.000766148 -3.31422e-17 -0.000673773  4.38686e-17  0.000315017 -4.39275e-17 -8.13548e-05  2.74695e-17  7.99046e-06
 1.08882e-21 -5.93597e-10  2.39698e-20  1.32205e-08 -1.80701e-19 -1.58526e-07  4.84755e-19   1.2863e-06 -9.16491e-19 -7.79641e-06  1.58122e-18  3.72797e-05 -2.76056e-18 -0.000145465  5.43147e-18  0.000473517 -1.01503e-17  -0.00130465   1.4185e-17   0.00306982 -1.26386e-17  -0.00619465  4.77178e-18    0.0107138  4.41399e-18    -0.015776 -9.92668e-18    0.0194579  1.24702e-17   -0.0193891 -1.64611e-17    0.0142285  2.48405e-17  -0.00512538 -3.10771e-17  -0.00421702  2.41674e-17   0.00951712 -7.40466e-18  -0.00877974 -3.56093e-18   0.00371358  6.91212e-19   0.00167642  8.71006e-18  -0.00417089 -1.47695e-17   0.00337786   1.3598e-17  -0.00116738 -2.03524e-18 -0.000465301 -2.27323e-17  0.000872104  5.46447e-17 -0.000561657 -7.64213e-17  0.000200145  6.93862e-17 -3.51681e-05 -2.72527e-17
 9.91643e-11 -2.98657e-21 -3.85318e-09  1.01845e-19  6.01497e-08 -4.00244e-19 -5.83067e-07  8.53338e-19  4.05159e-06 -1.52334e-18 -2.16896e-05  2.60127e-18  9.33428e-05 -4.84773e-18  -0.00033185  9.72586e-18  0.000992276 -1.63192e-17  -0.00252456  1.92833e-17   0.00550126 -1.41902e-17   -0.0102878  4.41399e-18    0.0164581   2.7264e-18   -0.0222891 -4.80091e-18    0.0249626  5.96486e-18   -0.0219059 -1.30604e-17    0.0127931  2.53627e-17 -0.000697438 -2.80684e-17  -0.00907111  1.21241e-17    0.0122116  1.11893e-17  -0.00841437 -2.55984e-17   0.00146129  3.22051e-17   0.00379895 -4.11495e-17  -0.00495152  5.21005e-17   0.00301152   -5.226e-17 -0.000556062  2.94863e-17 -0.000712998  1.87278e-17  0.000764173  -7.8903e-17  -0.00037553  1.17302e-16  9.84752e-05 -9.74266e-17 -9.66731e-06
-1.65063e-21   8.7702e-10 -3.71765e-20  -1.9509e-08  2.76585e-19  2.33658e-07 -7.38536e-19 -1.89385e-06  1.39695e-18  1.14673e-05 -2.41167e-18 -5.47846e-05  4.21456e-18  0.000213619 -8.37642e-18  -0.00069505  1.59604e-17   0.00191477 -2.30819e-17   -0.0045069  2.24785e-17   0.00910356 -1.31316e-17    -0.015776   2.7264e-18    0.0233126  1.46812e-18    -0.028933  -1.1857e-18     0.029167  4.21877e-18   -0.0219641 -1.70315e-17   0.00881974  3.13133e-17   0.00505586 -2.96752e-17   -0.0134651  1.54112e-17    0.0132802 -1.37127e-17  -0.00656736   4.1702e-17   -0.0012048 -9.25841e-17   0.00537484  1.49951e-16  -0.00501957 -1.97684e-16   0.00239283  2.11516e-16 -0.000155077 -1.62965e-16 -0.000653816  4.85462e-17  0.000509276  8.56453e-17 -0.000191419 -1.57198e-16  3.40406e-05  1.00999e-16
-1.34801e-10  4.38263e-21  5.22899e-09 -1.46162e-19 -8.14925e-08   5.7077e-19  7.88721e-07 -1.21328e-18 -5.47269e-06  2.16241e-18   2.9259e-05 -3.66897e-18  -0.00012578  6.80959e-18  0.000446802 -1.37824e-17   -0.0013354  2.35151e-17   0.00339778 -2.85257e-17   -0.0074101  2.24164e-17    0.0138837 -9.92668e-18   -0.0222891  1.46812e-18    0.0303737 -6.36866e-19    -0.034395  1.66759e-18    0.0308469  5.62309e-18   -0.0190827 -2.20153e-17   0.00289767  2.59383e-17     0.010837   1.3761e-18    -0.016271 -5.26889e-17    0.0124806  1.13081e-16  -0.00385197 -1.91756e-16  -0.00349575  3.08269e-16   0.00609087 -4.54955e-16  -0.00461141  5.80858e-16   0.00190607 -6.12558e-16 -0.000132925  4.92951e-16 -0.000356556 -2.31479e-16  0.000230037  -5.7636e-17 -6.46867e-05  1.95044e-16  6.35427e-06
 2.26921e-21 -1.08933e-09  4.98153e-20  2.41762e-08 -3.69307e-19 -2.88918e-07  9.81368e-19  2.33689e-06 -1.84991e-18 -1.41231e-05  3.17023e-18  6.73602e-05 -5.46158e-18 -0.000262301  1.08226e-17  0.000852666 -2.08689e-17  -0.00234823  3.06588e-17      0.00553 -3.04347e-17   -0.0111892  1.84796e-17    0.0194579 -4.80091e-18    -0.028933 -6.36866e-19    0.0363015 -5.12234e-19   -0.0373307 -1.81813e-18    0.0293333  1.83158e-17   -0.0137268 -4.29554e-17  -0.00359567  5.63884e-17    0.0152395 -6.80778e-17   -0.0169596  1.27002e-16     0.010348 -2.83011e-16  -0.00121895  5.53067e-16  -0.00487877 -9.18444e-16   0.00610325   1.3166e-15  -0.00418878 -1.61854e-15   0.00181973  1.65038e-15 -0.000434896 -1.30157e-15  1.19509e-06  6.59179e-16  3.13024e-05 -3.50517e-17 -6.86993e-06 -2.05534e-16
 1.52198e-10 -5.22352e-21 -5.88484e-09  1.82153e-19  9.14287e-08 -7.09276e-19 -8.82266e-07  1.49959e-18  6.10484e-06 -2.65479e-18 -3.25575e-05  4.42783e-18  0.000139663 -8.07182e-18 -0.000495314  1.64235e-17   0.00147903 -2.85128e-17  -0.00376337  3.51935e-17   0.00821889  -2.8101e-17   -0.0154509  1.24702e-17    0.0249626  -1.1857e-18    -0.034395 -5.12234e-19    0.0397102 -1.85156e-18   -0.0369447 -3.43995e-18    0.0249686  1.77675e-17  -0.00729807 -9.85944e-18  -0.00902825 -6.32353e-17    0.0174372  2.26131e-16   -0.0159201 -5.03098e-16   0.00793655  9.53901e-16  0.000574709 -1.64044e-15  -0.00538094  2.53466e-15   0.00591637 -3.43929e-15  -0.00412413  4.00294e-15    0.0021084 -3.85932e-15 -0.000824429    2.876e-15  0.000246592 -1.38531e-15 -5.17866e-05  1.36805e-16  5.02705e-06
 -2.8555e-21  1.10168e-09 -5.71967e-20 -2.43412e-08  4.28274e-19  2.89639e-07 -1.13241e-18 -2.33317e-06  2.11854e-18  1.40475e-05 -3.57749e-18 -6.67775e-05  5.98812e-18  0.000259325 -1.17373e-17 -0.000841398  2.30523e-17   0.00231548 -3.47458e-17  -0.00545758  3.54133e-17    0.0110775 -2.21675e-17   -0.0193891  5.96486e-18     0.029167  1.66759e-18   -0.0373307 -1.85156e-18    0.0397596  5.63504e-18   -0.0334904 -3.05174e-17    0.0191444  8.29195e-17  -0.00158968 -1.59656e-16   -0.0123035  3.06056e-16    0.0176327 -6.52596e-16   -0.0142447  1.37438e-15   0.00620167 -2.61368e-15   0.00139943  4.39157e-15  -0.00551136 -6.49152e-15   0.00599655  8.35788e-15  -0.00443004 -9.17128e-15   0.00247503  8.24771e-15  -0.00104459 -5.62681e-15   0.00030876  2.37385e-15 -5.12718e-05 -9.86406e-17
-1.36087e-10  4.77657e-21   5.2271e-09 -1.95592e-19 -8.06862e-08  7.63204e-19  7.73776e-07  -1.5998e-18 -5.32291e-06  2.79686e-18  2.82366e-05 -4.52823e-18 -0.000120573  7.97757e-18  0.000426097 -1.63782e-17  -0.00126965  2.94457e-17   0.00323025 -3.78925e-17  -0.00707375  3.20906e-17    0.0133882 -1.64611e-17   -0.0219059  4.21877e-18    0.0308469 -1.81813e-18   -0.0369447  5.63504e-18     0.036671 -7.26802e-18   -0.0283398  1.11973e-17    0.0137539 -7.58207e-17   0.00208381   3.1883e-16    -0.013431 -8.97252e-16    0.0169019  2.02645e-15   -0.0130416   -3.999e-15   0.00542967  7.06502e-15   0.00174171 -1.11465e-14  -0.00581333   1.5518e-14   0.00639481 -1.87466e-14  -0.00474687  1.91513e-14   0.00256594 -1.58019e-14 -0.000979633  9.56574e-15  0.000233234 -3.20768e-15 -2.26527e-05
 3.30759e-21 -8.39058e-10  5.53217e-20  1.83491e-08 -4.27407e-19 -2.16156e-07  1.12419e-18  1.72452e-06 -2.07525e-18 -1.02898e-05  3.41946e-18  4.85207e-05 -5.44002e-18 -0.000187162   1.0441e-17  0.000604345 -2.13026e-17  -0.00165964   3.3998e-17   0.00391848 -3.73504e-17  -0.00801015  2.71712e-17    0.0142285 -1.30604e-17   -0.0219641  5.62309e-18    0.0293333 -3.43995e-18   -0.0334904 -7.26802e-18    0.0318075  5.95174e-17    -0.023438 -2.01514e-16    0.0102657  5.09342e-16   0.00356241 -1.18205e-15   -0.0134383  2.64224e-15    0.0164565 -5.50946e-15   -0.0127319  1.04042e-14   0.00516523 -1.75587e-14   0.00220878  2.62726e-14   -0.0063724 -3.44768e-14   0.00668454  3.89563e-14  -0.00461401 -3.67365e-14   0.00221669  2.72907e-14 -0.000700025 -1.39976e-14  0.000118131  2.88686e-15
 8.42566e-11 -2.71459e-21  -3.1782e-09  1.78257e-19  4.81798e-08 -7.02589e-19 -4.53893e-07  1.45259e-18  3.06932e-06 -2.48572e-18 -1.60239e-05  3.82414e-18  6.74658e-05 -6.30142e-18 -0.000235754  1.31741e-17  0.000697548 -2.54864e-17  -0.00177289  3.58702e-17   0.00391141 -3.48812e-17  -0.00754671  2.48405e-17    0.0127931 -1.70315e-17   -0.0190827  1.83158e-17    0.0249686 -3.05174e-17   -0.0283398  5.95174e-17    0.0271296 -1.41177e-16   -0.0203428    4.246e-16   0.00896635 -1.25893e-15   0.00381798  3.24672e-15   -0.0136019 -7.29402e-15    0.0168209  1.45493e-14   -0.0128829 -2.59594e-14   0.00473906   4.1326e-14   0.00292002  -5.8185e-14  -0.00669087  7.14374e-14   0.00628969 -7.47894e-14  -0.00381981  6.42283e-14    0.0015438 -4.18975e-14 -0.000374661  1.69582e-14  3.61128e-05
-3.52417e-21  3.58972e-10 -4.35062e-20  -7.5353e-09  3.60913e-19  8.51108e-08 -9.43708e-19 -6.50759e-07  1.70197e-18  3.72361e-06 -2.68854e-18  -1.6877e-05   3.8701e-18  6.28782e-05 -7.05279e-18  -0.00019777  1.56108e-17  0.000536172 -2.79356e-17  -0.00127463  3.51826e-17   0.00269526 -3.22244e-17  -0.00512538  2.53627e-17   0.00881974 -2.20153e-17   -0.0137268  1.77675e-17    0.0191444  1.11973e-17    -0.023438 -1.41177e-16    0.0242241  5.45464e-16   -0.0194173 -1.57416e-15   0.00892994  3.96316e-15   0.00416735 -9.09178e-15   -0.0145205  1.89926e-14    0.0175697 -3.58153e-14    -0.012755  6.05141e-14   0.00399003 -9.09224e-14   0.00330801    1.202e-13  -0.00607138 -1.37476e-13   0.00495619  1.32272e-13  -0.00255686  -1.0176e-13   0.00082877  5.60056e-14 -0.000139573 -1.47574e-14
-1.43157e-11  -4.8422e-22  4.39444e-10 -1.33944e-19 -5.11505e-09  5.41284e-19  3.36052e-08 -1.09313e-18 -1.30581e-07  1.79994e-18  2.02711e-07 -2.50382e-18  9.61936e-07  3.47149e-18 -8.54392e-06 -7.48485e-18  3.53199e-05  1.70347e-17  -9.5524e-05 -2.81051e-17  0.000161868  3.28377e-17 -5.63292e-05 -3.10771e-17 -0.000697438  3.13133e-17   0.00289767 -4.29554e-17  -0.00729807  8.29195e-17    0.0137539 -2.01514e-16   -0.0203428  5.45464e-16    0.0234794 -1.54941e-15   -0.0197636  4.23723e-15   0.00881302 -1.05271e-14   0.00526276  2.34207e-14   -0.0157633 -4.66927e-14    0.0178819  8.34239e-14   -0.0121299 -1.33069e-13   0.00354452  1.87986e-13   0.00255371 -2.32153e-13  -0.00422352  2.45452e-13   0.00298715 -2.14388e-13  -0.00127306  1.44309e-13  0.000310817 -6.26754e-14 -2.91727e-05
 3.42369e-21  1.44053e-10  2.54759e-20 -3.69106e-09 -2.49698e-19  4.97518e-08  6.48251e-19 -4.45374e-07 -1.11877e-18   2.9307e-06   1.6251e-18 -1.49919e-05 -1.78841e-18  6.16845e-05  2.57192e-18 -0.000208502 -7.28921e-18  0.000585944  1.69129e-17  -0.00137421 -2.59881e-17   0.00267346   2.8977e-17  -0.00421702 -2.80684e-17   0.00505586  2.59383e-17  -0.00359567 -9.85944e-18  -0.00158968 -7.58207e-17    0.0102657    4.246e-16   -0.0194173 -1.54941e-15    0.0240069  4.59126e-15   -0.0200216 -1.18693e-14   0.00792391  2.75237e-14   0.00666514 -5.75729e-14   -0.0164263  1.08413e-13    0.0174676 -1.82943e-13   -0.0116741  2.74793e-13    0.0043357 -3.63695e-13  0.000336894  4.17391e-13  -0.00159316 -4.04515e-13   0.00105529  3.15686e-13 -0.000360925  -1.7905e-13  5.82358e-05  5.18815e-14
-4.30424e-11  3.62768e-21   1.7791e-09  7.78306e-20 -2.93578e-08 -3.34139e-19  2.99062e-07  6.45021e-19 -2.17139e-06 -9.80585e-19  1.20762e-05  1.04302e-18 -5.36643e-05 -4.82906e-19  0.000195678  1.11291e-18 -0.000595354 -6.15923e-18   0.00152592  1.48754e-17  -0.00330466 -2.15867e-17    0.0060196  2.41674e-17  -0.00907111 -2.96752e-17     0.010837  5.63884e-17  -0.00902825 -1.59656e-16   0.00208381  5.09342e-16   0.00896635 -1.57416e-15   -0.0197636  4.59126e-15    0.0244405  -1.2392e-14   -0.0194738  3.03746e-14    0.0067069 -6.70897e-14   0.00739681  1.33239e-13   -0.0161419 -2.37413e-13    0.0170136  3.77876e-13   -0.0124209 -5.33056e-13   0.00670716  6.58153e-13  -0.00273024 -6.97086e-13  0.000870292  6.12063e-13  -0.00024181 -4.17027e-13  6.01175e-05  1.86576e-13 -7.90864e-06
-2.98065e-21 -4.42427e-10 -7.68277e-21  1.02125e-08  1.31777e-19 -1.26516e-07  -3.3908e-19  1.05728e-06  5.29973e-19 -6.57932e-06 -6.16357e-19  3.21937e-05 -1.89101e-20 -0.000128091  1.34707e-18  0.000423449 -8.32019e-19  -0.00117911 -4.07626e-18   0.00278656  1.09997e-17   -0.0055992 -1.44095e-17   0.00951712  1.21241e-17   -0.0134651   1.3761e-18    0.0152395 -6.32353e-17   -0.0123035   3.1883e-16   0.00356241 -1.25893e-15   0.00892994  4.23723e-15   -0.0200216  -1.2392e-14    0.0240536  3.20868e-14   -0.0185656 -7.44522e-14   0.00619355  1.55426e-13   0.00702091 -2.91713e-13   -0.0156036  4.90498e-13    0.0176368 -7.34285e-13   -0.0147323  9.69079e-13   0.00987009 -1.11007e-12  -0.00538734  1.07573e-12   0.00232353 -8.42301e-13 -0.000722067  4.82999e-13  0.000128224 -1.45842e-13
 6.29045e-11 -5.46078e-21 -2.50552e-09 -2.85589e-20  4.00113e-08   1.4858e-19 -3.95995e-07 -2.56462e-19  2.80414e-06  3.08512e-19 -1.52694e-05   2.4582e-20  6.67178e-05 -1.51593e-18 -0.000240361  3.51087e-18   0.00072683 -3.09212e-18  -0.00186578  -1.0792e-18    0.0040905  5.50807e-18  -0.00766576 -7.40466e-18    0.0122116  1.54112e-17    -0.016271 -6.80778e-17    0.0174372  3.06056e-16    -0.013431 -1.18205e-15   0.00381798  3.96316e-15   0.00881302 -1.18693e-14   -0.0194738  3.20868e-14    0.0232914 -7.82571e-14   -0.0183597  1.71921e-13   0.00687177 -3.39744e-13   0.00623361  6.02479e-13   -0.0159998 -9.54385e-13    0.0197177  1.34016e-12   -0.0176485 -1.64781e-12    0.0122442  1.73947e-12  -0.00652825  -1.5246e-12   0.00252727  1.04029e-12 -0.000620626 -4.69963e-13  6.29636e-05
 2.26539e-21  4.27287e-10 -4.27342e-21 -9.63436e-09 -4.19294e-20  1.16814e-07  1.07188e-19 -9.57469e-07 -1.13306e-19  5.85786e-06 -1.66868e-20 -2.82614e-05  9.19007e-19  0.000111261 -3.23454e-18 -0.000365596  5.59823e-18   0.00101801 -5.20389e-18  -0.00242582  2.29294e-18   0.00497332 -1.90266e-18  -0.00877974  1.11893e-17    0.0132802 -5.26889e-17   -0.0169596  2.26131e-16    0.0176327 -8.97252e-16   -0.0134383  3.24672e-15   0.00416735 -1.05271e-14   0.00792391  3.03746e-14   -0.0185656 -7.82571e-14    0.0232265  1.80897e-13   -0.0193735 -3.75964e-13   0.00804086  7.02022e-13   0.00628598  -1.1739e-12   -0.0177343  1.74736e-12    0.0221467 -2.29296e-12   -0.0192878  2.61214e-12    0.0124735 -2.51897e-12  -0.00588752  1.96544e-12   0.00187367 -1.12694e-12 -0.000324073  3.45178e-13
 -4.3427e-11  5.43712e-21   1.6858e-09 -1.68652e-21 -2.62687e-08 -2.93061e-20  2.54073e-07  2.11562e-20 -1.76183e-06  5.16793e-20  9.42053e-06 -4.23063e-19 -4.05713e-05  1.93313e-18  0.000144815 -4.82366e-18 -0.000436972   7.1608e-18   0.00113038 -6.81766e-18  -0.00253156  5.18018e-18   0.00493907 -3.56093e-18  -0.00841437 -1.37127e-17    0.0124806  1.27002e-16   -0.0159201 -6.52596e-16    0.0169019  2.64224e-15   -0.0136019 -9.09178e-15   0.00526276  2.75237e-14    0.0067069 -7.44522e-14   -0.0183597  1.80897e-13    0.0243857 -3.95324e-13   -0.0209006   7.7667e-13   0.00839612 -1.36872e-12   0.00761344  2.15394e-12   -0.0195823 -3.00397e-12    0.0227836  3.66793e-12   -0.0180854 -3.84535e-12    0.0103234  3.34845e-12  -0.00409903 -2.27243e-12   0.00100187  1.02447e-12 -9.89456e-05
-1.44578e-21 -1.84393e-10  8.54066e-21  3.97618e-09 -5.14654e-21 -4.61249e-08  1.10287e-20   3.6225e-07 -7.07187e-20 -2.13025e-06  1.99087e-19  9.93377e-06 -8.37022e-19 -3.81428e-05  2.82079e-18  0.000123925 -5.81705e-18 -0.000347944  7.61735e-18  0.000858524 -7.20852e-18  -0.00188538  8.72452e-18   0.00371358 -2.55984e-17  -0.00656736  1.13081e-16     0.010348 -5.03098e-16   -0.0142447  2.02645e-15    0.0164565 -7.29402e-15   -0.0145205  2.34207e-14   0.00666514 -6.70897e-14   0.00619355  1.71921e-13   -0.0193735 -3.95324e-13    0.0260599  8.16816e-13   -0.0215982 -1.51528e-12   0.00746649  2.51592e-12   0.00891598 -3.71682e-12   -0.0192038  4.83886e-12    0.0199144 -5.46728e-12   -0.0139108  5.22821e-12   0.00677118 -4.04572e-12   -0.0021601   2.3027e-12   0.00036689 -7.04034e-13
 6.31256e-12 -3.99757e-21 -1.94144e-10  1.20467e-20   2.2431e-09  -1.9058e-20 -1.43919e-08   5.9157e-20  5.25098e-08 -1.24016e-19 -5.76312e-08  2.84906e-19 -5.14229e-07  -1.1412e-18  3.50365e-06  3.33105e-18 -1.10383e-05 -6.00129e-18  1.32736e-05  7.15105e-18  5.45653e-05  -6.2708e-18   -0.0003996  6.91212e-19   0.00146129   4.1702e-17  -0.00385197 -2.83011e-16   0.00793655  1.37438e-15   -0.0130416 -5.50946e-15    0.0168209  1.89926e-14   -0.0157633 -5.75729e-14   0.00739681  1.55426e-13   0.00687177 -3.75964e-13   -0.0209006  8.16816e-13    0.0268923 -1.59396e-12    -0.020966  2.78818e-12    0.0065912 -4.35249e-12   0.00771697  6.01798e-12   -0.0148005 -7.28122e-12    0.0135846  7.56036e-12  -0.00818411 -6.51764e-12   0.00328438  4.37784e-12 -0.000788428 -1.95402e-12  7.45752e-05
 7.23776e-22 -7.90855e-11 -7.16926e-21  2.02505e-09  1.68893e-20 -2.73434e-08 -3.80513e-20  2.45341e-07  8.36983e-20 -1.61663e-06 -1.02194e-19  8.26119e-06  2.59667e-19 -3.38128e-05 -1.20839e-18  0.000112927  3.21911e-18 -0.000310144 -4.97375e-18  0.000697558  4.97998e-18  -0.00125474 -6.62914e-18   0.00167642  3.22051e-17   -0.0012048 -1.91756e-16  -0.00121895  9.53901e-16   0.00620167   -3.999e-15   -0.0127319  1.45493e-14    0.0175697 -4.66927e-14   -0.0164263  1.33239e-13   0.00702091 -3.39744e-13   0.00804086   7.7667e-13   -0.0215982 -1.59396e-12    0.0263713  2.93458e-12   -0.0203583 -4.83189e-12   0.00832711  7.07384e-12   0.00218921 -9.12005e-12  -0.00664358  1.01976e-11   0.00572888 -9.64369e-12  -0.00293818  7.37425e-12  0.000913799 -4.14434e-12 -0.000141617  1.25119e-12
 2.08494e-11  2.14876e-21 -8.74128e-10 -1.00707e-20  1.46178e-08  2.18752e-20 -1.50712e-07 -4.81898e-20  1.10562e-06   5.6526e-20 -6.19856e-06  1.51038e-20  2.76826e-05  9.88879e-20 -0.000101017  -1.0272e-18  0.000305744  2.74954e-18 -0.000772612 -3.97567e-18   0.00162622  3.00622e-18  -0.00280666  8.71006e-18   0.00379895 -9.25841e-17  -0.00349575  5.53067e-16  0.000574709 -2.61368e-15   0.00542967  1.04042e-14   -0.0128829 -3.58153e-14    0.0178819  1.08413e-13   -0.0161419 -2.91713e-13   0.00623361  7.02022e-13   0.00839612 -1.51528e-12    -0.020966  2.93458e-12    0.0258544 -5.08973e-12   -0.0223705  7.87145e-12    0.0144955 -1.07735e-11   -0.0071562  1.28927e-11   0.00279434 -1.32292e-11  -0.00100267  1.12588e-11  0.000396741 -7.45635e-12  -0.00013762  3.27574e-12   2.1233e-05
-2.38211e-22  1.96391e-10  3.81584e-21 -4.60654e-09 -1.14001e-20  5.79178e-08  2.30878e-20 -4.90502e-07 -3.43617e-20  3.08759e-06 -3.55547e-20 -1.52476e-05  2.24119e-19  6.10458e-05  -1.9112e-19 -0.000202263 -5.12404e-19  0.000561363  1.31725e-18  -0.00131154 -8.30704e-19   0.00257191  2.52398e-18  -0.00417089 -4.11495e-17   0.00537484  3.08269e-16  -0.00487877 -1.64044e-15   0.00139943  7.06502e-15   0.00516523 -2.59594e-14    -0.012755  8.34239e-14    0.0174676 -2.37413e-13   -0.0156036  6.02479e-13   0.00628598 -1.36872e-12   0.00746649  2.78818e-12   -0.0203583 -5.08973e-12    0.0279478   8.3014e-12    -0.028807 -1.20275e-11    0.0243733   1.5332e-11   -0.0173466 -1.69337e-11    0.0102554  1.57996e-11  -0.00479602 -1.19029e-11   0.00160369  6.57747e-12 -0.000304104  -1.9453e-12
-2.48393e-11 -7.43138e-22  1.00635e-09  4.67688e-21 -1.63293e-08 -9.86621e-21  1.64016e-07  1.58633e-20 -1.17708e-06  1.15559e-20  6.48514e-06 -1.83433e-19 -2.86121e-05  4.75848e-19  0.000103816 -4.56588e-19 -0.000315097 -3.19768e-19  0.000808044  1.54259e-18  -0.00175747  -1.4427e-18   0.00323131 -1.47695e-17  -0.00495152  1.49951e-16   0.00609087 -9.18444e-16  -0.00538094  4.39157e-15   0.00174171 -1.75587e-14   0.00473906  6.05141e-14   -0.0121299 -1.82943e-13    0.0170136  4.90498e-13   -0.0159998  -1.1739e-12   0.00761344  2.51592e-12    0.0065912 -4.83189e-12   -0.0223705   8.3014e-12    0.0344479 -1.27042e-11   -0.0387995  1.71885e-11    0.0345841 -2.03114e-11   -0.0245891  2.05548e-11    0.0135853 -1.72271e-11  -0.00548041  1.12128e-11   0.00140955 -4.82566e-12 -0.000150831
 6.79467e-24 -1.48381e-10 -1.17559e-21  3.39885e-09  3.74268e-21 -4.18292e-08 -5.06177e-21   3.4769e-07 -2.12997e-21 -2.15519e-06  8.53898e-20  1.05241e-05 -3.58998e-19 -4.18896e-05   7.4014e-19   0.00013899 -9.13661e-19 -0.000390176   1.1487e-18  0.000935222  -2.7177e-18  -0.00192168  1.62267e-18   0.00337786  5.21005e-17  -0.00501957 -4.54955e-16   0.00610325  2.53466e-15  -0.00551136 -1.11465e-14   0.00220878   4.1326e-14   0.00399003 -1.33069e-13   -0.0116741  3.77876e-13    0.0176368 -9.54385e-13   -0.0177343  2.15394e-12   0.00891598 -4.35249e-12   0.00832711  7.87145e-12    -0.028807 -1.27042e-11    0.0444349  1.81934e-11   -0.0487104 -2.28971e-11    0.0409235  2.49354e-11    -0.026468 -2.29056e-11    0.0127369  1.69561e-11  -0.00418953 -9.17978e-12  0.000758415  2.64283e-12
 1.22625e-11  5.76957e-23 -4.81574e-10 -9.76702e-22  7.58776e-09  1.01126e-21  -7.4194e-08  2.03946e-21  5.20254e-07  -2.8599e-20 -2.81541e-06  1.69647e-19   1.2292e-05 -5.02937e-19 -4.45988e-05  8.15139e-19   0.00013732 -5.28026e-19 -0.000364285 -9.93159e-19  0.000841397  3.07021e-18  -0.00170171   1.3598e-17   0.00301152 -1.97684e-16  -0.00461141   1.3166e-15   0.00591637 -6.49152e-15  -0.00581333  2.62726e-14   0.00292002 -9.09224e-14   0.00354452  2.74793e-13   -0.0124209 -7.34285e-13    0.0197177  1.74736e-12   -0.0195823 -3.71682e-12   0.00771697  7.07384e-12    0.0144955 -1.20275e-11   -0.0387995  1.81934e-11    0.0541806 -2.43001e-11    -0.054079  2.83098e-11    0.0408059 -2.82016e-11    -0.023127  2.32227e-11   0.00935406 -1.48119e-11   -0.0023746  6.21886e-12  0.000248082
 5.01291e-23  3.33029e-11  9.50557e-24 -6.98986e-10  6.59187e-23    7.875e-09 -2.19244e-21 -6.01232e-08   9.0176e-21  3.45943e-07 -5.62244e-20 -1.60265e-06  2.44392e-19  6.27994e-06 -6.34158e-19 -2.16446e-05  1.18488e-18   6.7453e-05 -2.37457e-18 -0.000192381  6.00867e-18  0.000500185 -8.71648e-18  -0.00116738   -5.226e-17   0.00239283  5.80858e-16  -0.00418878 -3.43929e-15   0.00599655   1.5518e-14   -0.0063724  -5.8185e-14   0.00330801  1.87986e-13    0.0043357 -5.33056e-13   -0.0147323  1.34016e-12    0.0221467 -3.00397e-12   -0.0192038  6.01798e-12   0.00218921 -1.07735e-11    0.0243733  1.71885e-11   -0.0487104 -2.43001e-11     0.059138   3.0149e-11   -0.0522302 -3.23176e-11     0.034587   2.9167e-11   -0.0167723 -2.11615e-11   0.00550166  1.11866e-11 -0.000986011 -3.11802e-12
