   0.0135208  2.28391e-06    0.0326263  2.75636e-06    0.0224366  9.89069e-07   0.00158674 -3.45898e-07  -0.00536732 -3.83198e-07  -0.00244163 -7.60326e-08  4.47826e-05  3.15898e-08  0.000338633  1.91715e-08  0.000105798  3.59738e-09  1.17171e-05  2.01674e-10  1.93124e-07
 2.28391e-06    0.0499512  5.77119e-06    0.0642119  4.35137e-06    0.0270743   6.1225e-07  -0.00614794 -9.88921e-07    -0.010311 -6.08198e-07  -0.00328544 -7.41239e-08  0.000345629  5.70752e-08  0.000524269   2.7542e-08  0.000144675   4.7398e-09  1.49593e-05   2.4572e-10
   0.0326263  5.77119e-06    0.0877006  8.06572e-06    0.0744382  4.12316e-06    0.0177262 -3.19882e-07   -0.0144864 -1.45276e-06   -0.0129363 -6.97497e-07  -0.00351878 -7.19326e-08  0.000398892  5.87638e-08  0.000514308  2.57607e-08  0.000127045  3.75191e-09  9.45205e-06
 2.75636e-06    0.0642119  8.06572e-06      0.10036  7.96126e-06       0.0641  2.94301e-06   0.00610326 -1.02791e-06   -0.0189661 -1.63923e-06     -0.01382 -7.36577e-07  -0.00387286 -1.03461e-07  6.75969e-05  3.50347e-08  0.000328168  1.58312e-08   6.9591e-05  1.57726e-09
   0.0224366  4.35137e-06    0.0744382  7.96126e-06    0.0894997  6.58446e-06    0.0491035  1.94038e-06 -0.000723769 -1.31581e-06   -0.0201024 -1.66655e-06   -0.0140592 -7.75726e-07  -0.00448503 -1.60551e-07 -0.000482109 -8.07274e-11  8.59566e-05  4.75653e-09  1.73609e-05
 9.89069e-07    0.0270743  4.12316e-06       0.0641  6.58446e-06    0.0728309  5.31421e-06    0.0390502   1.4433e-06  -0.00284746 -1.32184e-06   -0.0194004 -1.61084e-06   -0.0138635 -7.96343e-07  -0.00496266 -2.06569e-07 -0.000904235 -2.46225e-08 -6.07723e-05  -6.3911e-10
  0.00158674   6.1225e-07    0.0177262  2.94301e-06    0.0491035  5.31421e-06     0.061038  4.58047e-06    0.0344743  1.31817e-06  -0.00205208 -1.15155e-06   -0.0172763 -1.45564e-06   -0.0127094 -7.42327e-07  -0.00472357 -2.01954e-07 -0.000914324 -2.58325e-08 -6.39738e-05
-3.45898e-07  -0.00614794 -3.19882e-07   0.00610326  1.94038e-06    0.0390502  4.58047e-06    0.0549618  4.26369e-06    0.0335013  1.43777e-06  0.000982441 -8.05715e-07   -0.0133026 -1.14645e-06  -0.00999848 -5.73654e-07  -0.00351683 -1.40611e-07 -0.000562872 -1.22075e-08
 -0.00536732 -9.88921e-07   -0.0144864 -1.02791e-06 -0.000723769   1.4433e-06    0.0344743  4.26369e-06    0.0527228  4.22676e-06    0.0352471  1.77894e-06   0.00641181 -2.55508e-07  -0.00720516 -6.76602e-07   -0.0059061 -3.24049e-07   -0.0018166 -6.21247e-08 -0.000183096
-3.83198e-07    -0.010311 -1.45276e-06   -0.0189661 -1.31581e-06  -0.00284746  1.31817e-06    0.0335013  4.22676e-06    0.0533615  4.43126e-06    0.0395901   2.3352e-06    0.0139702  4.44113e-07  1.17941e-05  -1.5963e-07  -0.00177669 -9.86097e-08 -0.000493041 -1.26085e-08
 -0.00244163 -6.08198e-07   -0.0129363 -1.63923e-06   -0.0201024 -1.32184e-06  -0.00205208  1.43777e-06    0.0352471  4.43126e-06    0.0566407  4.84607e-06    0.0457771  2.98679e-06    0.0216892  1.07965e-06   0.00584863   2.0834e-07   0.00075097  1.55296e-08  2.37093e-05
-7.60326e-08  -0.00328544 -6.97497e-07     -0.01382 -1.66655e-06   -0.0194004 -1.15155e-06  0.000982441  1.77894e-06    0.0395901  4.84607e-06    0.0616131  5.31084e-06    0.0510949  3.43337e-06    0.0259953   1.3681e-06   0.00795703  3.08948e-07   0.00122263  2.66013e-08
 4.47826e-05 -7.41239e-08  -0.00351878 -7.36577e-07   -0.0140592 -1.61084e-06   -0.0172763 -8.05715e-07   0.00641181   2.3352e-06    0.0457771  5.31084e-06    0.0652893  5.47653e-06    0.0512685  3.33479e-06     0.024175  1.19522e-06   0.00632034  2.09891e-07  0.000612783
 3.15898e-08  0.000345629 -7.19326e-08  -0.00387286 -7.75726e-07   -0.0138635 -1.45564e-06   -0.0133026 -2.55508e-07    0.0139702  2.98679e-06    0.0510949  5.47653e-06    0.0631598  4.97877e-06    0.0435512  2.61489e-06    0.0171482  7.41912e-07    0.0032313   7.6367e-08
 0.000338633  5.70752e-08  0.000398892 -1.03461e-07  -0.00448503 -7.96343e-07   -0.0127094 -1.14645e-06  -0.00720516  4.44113e-07    0.0216892  3.43337e-06    0.0512685  4.97877e-06    0.0525175  3.77853e-06    0.0298681  1.59096e-06   0.00896874  3.14479e-07  0.000960898
 1.91715e-08  0.000524269  5.87638e-08  6.75969e-05 -1.60551e-07  -0.00496266 -7.42327e-07  -0.00999848 -6.76602e-07  1.17941e-05  1.07965e-06    0.0259953  3.33479e-06    0.0435512  3.77853e-06    0.0357243  2.28803e-06    0.0158402  7.17274e-07   0.00324564  7.91816e-08
 0.000105798   2.7542e-08  0.000514308  3.50347e-08 -0.000482109 -2.06569e-07  -0.00472357 -5.73654e-07   -0.0059061  -1.5963e-07   0.00584863   1.3681e-06     0.024175  2.61489e-06    0.0298681  2.28803e-06    0.0190328  1.05747e-06   0.00617418  2.22911e-07  0.000697824
 3.59738e-09  0.000144675  2.57607e-08  0.000328168 -8.07274e-11 -0.000904235 -2.01954e-07  -0.00351683 -3.24049e-07  -0.00177669   2.0834e-07   0.00795703  1.19522e-06    0.0171482  1.59096e-06    0.0158402  1.05747e-06   0.00757377  3.52718e-07   0.00163365  4.06322e-08
 1.17171e-05   4.7398e-09  0.000127045  1.58312e-08  8.59566e-05 -2.46225e-08 -0.000914324 -1.40611e-07   -0.0018166 -9.86097e-08   0.00075097  3.08948e-07   0.00632034  7.41912e-07   0.00896874  7.17274e-07   0.00617418  3.52718e-07   0.00210712  7.75323e-08  0.000246564
 2.01674e-10  1.49593e-05  3.75191e-09   6.9591e-05  4.75653e-09 -6.07723e-05 -2.58325e-08 -0.000562872 -6.21247e-08 -0.000493041  1.55296e-08   0.00122263  2.09891e-07    0.0032313  3.14479e-07   0.00324564  2.22911e-07   0.00163365  7.75323e-08  0.000364759  9.19072e-09
 1.93124e-07   2.4572e-10  9.45205e-06  1.57726e-09  1.73609e-05  -6.3911e-10 -6.39738e-05 -1.22075e-08 -0.000183096 -1.26085e-08  2.37093e-05  2.66013e-08  0.000612783   7.6367e-08  0.000960898  7.91816e-08  0.000697824  4.06322e-08  0.000246564  9.19072e-09  2.95439e-05
