    0.261916  7.85185e-15    0.0668116 -1.14668e-16   -0.0237031  -1.1306e-15   -0.0120991  -1.7281e-16   0.00147473  1.35143e-16   0.00210745  5.48827e-17  0.000322325 -2.57675e-18 -0.000140917 -5.45139e-18 -5.75713e-05 -1.00945e-18 -5.42081e-06 -1.57488e-20  1.45338e-07
 7.85185e-15     0.135259  3.81909e-15    0.0218014 -5.92731e-16   -0.0240946 -1.07713e-15   -0.0119394 -1.73252e-16   0.00179629  1.68647e-16   0.00281614   7.8447e-17  0.000575522  4.13581e-19 -0.000150751 -6.84005e-18 -7.82973e-05  -1.4575e-18 -8.94811e-06 -6.18097e-20
   0.0668116  3.81909e-15    0.0708987  2.31289e-15    0.0137675  -5.1915e-16   -0.0209923 -9.91432e-16   -0.0118616  -1.8866e-16   0.00155556  1.74258e-16   0.00316805  9.41038e-17   0.00084128  6.99608e-18 -8.19881e-05   -5.521e-18 -6.79301e-05 -1.23546e-18 -6.73146e-06
-1.14668e-16    0.0218014  2.31289e-15    0.0494734  1.78816e-15    0.0113179 -4.43695e-16   -0.0188235  -9.2303e-16   -0.0119309 -2.11129e-16  0.000999107  1.62223e-16    0.0032441  1.02721e-16   0.00107583  1.53664e-17  3.40137e-05 -2.29203e-18 -3.45706e-05 -5.37866e-19
  -0.0237031 -5.92731e-16    0.0137675  1.78816e-15    0.0402008  1.48949e-15    0.0100788  -3.7924e-16   -0.0171336 -8.65071e-16   -0.0121346 -2.40232e-16   0.00017504  1.34885e-16   0.00303458  1.02581e-16    0.0012018  2.21139e-17  0.000136711  7.80305e-19 -4.30903e-06
 -1.1306e-15   -0.0240946  -5.1915e-16    0.0113179  1.48949e-15    0.0346194  1.30298e-15   0.00954092 -3.19785e-16   -0.0157453 -8.15849e-16   -0.0124675  -2.7866e-16 -0.000912713  9.13027e-17   0.00249018  9.00818e-17   0.00112474  2.28285e-17   0.00015955  1.59707e-18
  -0.0120991 -1.07713e-15   -0.0209923 -4.43695e-16    0.0100788  1.30298e-15    0.0311973  1.18084e-15   0.00947292 -2.62488e-16   -0.0145204 -7.75583e-16   -0.0128901 -3.29145e-16  -0.00225156  3.09666e-17    0.0015877  6.29522e-17  0.000805824  1.58249e-17  9.29586e-05
 -1.7281e-16   -0.0119394 -9.91432e-16   -0.0188235  -3.7924e-16   0.00954092  1.18084e-15    0.0291058  1.10114e-15   0.00979124 -2.02018e-16   -0.0133067 -7.42942e-16   -0.0132915 -3.87803e-16  -0.00371987 -3.96356e-17  0.000460785  2.68526e-17   0.00036459  5.83149e-18
  0.00147473 -1.73252e-16   -0.0118616  -9.2303e-16   -0.0171336 -3.19785e-16   0.00947292  1.10114e-15    0.0279579  1.06145e-15    0.0105215  -1.3006e-16   -0.0118822 -7.07048e-16   -0.0133834 -4.35903e-16  -0.00493406 -1.00056e-16  -0.00049897 -2.19955e-18  4.87536e-05
 1.35143e-16   0.00179629  -1.8866e-16   -0.0119309 -8.65071e-16   -0.0157453 -2.62488e-16   0.00979124  1.06145e-15    0.0276003  1.06902e-15    0.0118052 -3.21024e-17  -0.00984818  -6.3971e-16    -0.012576 -4.37287e-16  -0.00523266 -1.20667e-16 -0.000834639  -1.0208e-17
  0.00210745  1.68647e-16   0.00155556 -2.11129e-16   -0.0121346 -8.15849e-16   -0.0145204 -2.02018e-16    0.0105215  1.06902e-15    0.0280574  1.13444e-15    0.0139709  1.17183e-16  -0.00655432 -4.98473e-16    -0.010118 -3.56679e-16  -0.00413974 -8.94658e-17 -0.000515754
 5.48827e-17   0.00281614  1.74258e-16  0.000999107 -2.40232e-16   -0.0124675 -7.75583e-16   -0.0133067  -1.3006e-16    0.0118052  1.13444e-15    0.0295661  1.27165e-15    0.0175468  3.48929e-16   -0.0014037 -2.58366e-16  -0.00586901 -2.03294e-16  -0.00211759 -3.53899e-17
 0.000322325   7.8447e-17   0.00316805  1.62223e-16   0.00017504  -2.7866e-16   -0.0128901 -7.42942e-16   -0.0118822 -3.21024e-17    0.0139709  1.27165e-15     0.032553  1.49368e-15    0.0228297  6.62495e-16   0.00512732  3.15079e-17  -0.00121097 -5.23751e-17 -0.000469202
-2.57675e-18  0.000575522  9.41038e-17    0.0032441  1.34885e-16 -0.000912713 -3.29145e-16   -0.0132915 -7.07048e-16  -0.00984818  1.17183e-16    0.0175468  1.49368e-15    0.0371529  1.77555e-15    0.0287193  9.63546e-16    0.0105775  2.38554e-16   0.00154841  1.64099e-17
-0.000140917  4.13581e-19   0.00084128  1.02721e-16   0.00303458  9.13027e-17  -0.00225156 -3.87803e-16   -0.0133834  -6.3971e-16  -0.00655432  3.48929e-16    0.0228297  1.77555e-15    0.0419959  1.99213e-15    0.0318975   1.0709e-15    0.0117826  2.56688e-16    0.0015196
-5.45139e-18 -0.000150751  6.99608e-18   0.00107583  1.02581e-16   0.00249018  3.09666e-17  -0.00371987 -4.35903e-16    -0.012576 -4.98473e-16   -0.0014037  6.62495e-16    0.0287193  1.99213e-15    0.0434372  1.93587e-15    0.0287162  8.72527e-16   0.00825802  1.33273e-16
-5.75713e-05 -6.84005e-18 -8.19881e-05  1.53664e-17    0.0012018  9.00818e-17    0.0015877 -3.96356e-17  -0.00493406 -4.37287e-16    -0.010118 -2.58366e-16   0.00512732  9.63546e-16    0.0318975  1.93587e-15    0.0376878  1.50005e-15    0.0193667   4.8422e-16     0.003284
-1.00945e-18 -7.82973e-05   -5.521e-18  3.40137e-05  2.21139e-17   0.00112474  6.29522e-17  0.000460785 -1.00056e-16  -0.00523266 -3.56679e-16  -0.00586901  3.15079e-17    0.0105775   1.0709e-15    0.0287162  1.50005e-15    0.0252747  8.54247e-16   0.00889702  1.55522e-16
-5.42081e-06  -1.4575e-18 -6.79301e-05 -2.29203e-18  0.000136711  2.28285e-17  0.000805824  2.68526e-17  -0.00049897 -1.20667e-16  -0.00413974 -2.03294e-16  -0.00121097  2.38554e-16    0.0117826  8.72527e-16    0.0193667  8.54247e-16     0.012005  3.21711e-16   0.00232056
-1.57488e-20 -8.94811e-06 -1.23546e-18 -3.45706e-05  7.80305e-19   0.00015955  1.58249e-17   0.00036459 -2.19955e-18 -0.000834639 -8.94658e-17  -0.00211759 -5.23751e-17   0.00154841  2.56688e-16   0.00825802   4.8422e-16   0.00889702  3.21711e-16   0.00355178  6.50463e-17
 1.45338e-07 -6.18097e-20 -6.73146e-06 -5.37866e-19 -4.30903e-06  1.59707e-18  9.29586e-05  5.83149e-18  4.87536e-05  -1.0208e-17 -0.000515754 -3.53899e-17 -0.000469202  1.64099e-17    0.0015196  1.33273e-16     0.003284  1.55522e-16   0.00232056  6.50463e-17  0.000489114
