   0.0172166  3.31591e-19   -0.0306264 -1.94369e-18   0.00697715  4.16672e-19   0.00707985   2.0618e-18  -0.00112064  -5.1205e-19  -0.00152423 -7.84763e-19 -2.42983e-05  1.50755e-19  0.000191102  1.09616e-19  2.91274e-05 -2.39642e-21 -6.33832e-06 -3.87284e-21 -9.14021e-07
 3.31591e-19    0.0525425   1.8889e-18   -0.0468933 -5.92036e-18  -0.00203887 -8.88222e-20    0.0126857  4.97036e-18   0.00101588  -5.5256e-19  -0.00255171 -1.61241e-18 -0.000475515  9.35424e-20  0.000261176  1.98256e-19  7.36562e-05  1.27225e-20 -2.65131e-06 -3.03554e-21
  -0.0306264   1.8889e-18    0.0761966  4.98762e-18   -0.0414249 -1.08313e-17    -0.014206 -1.72014e-18    0.0135475  8.02503e-18   0.00403335 -7.99936e-21  -0.00272061 -2.31815e-18  -0.00101114 -1.22245e-19  0.000207236  2.29718e-19  9.87667e-05  2.71959e-20  2.77251e-06
-1.94369e-18   -0.0468933  4.98762e-18    0.0741007  8.92228e-18   -0.0269434  -1.5566e-17   -0.0214161 -4.05659e-18    0.0113249  1.04859e-17   0.00642543  1.04437e-18  -0.00223411  -2.7005e-18  -0.00141244 -4.04965e-19  7.10041e-05  1.86747e-19  8.65936e-05  2.50138e-20
  0.00697715 -5.92036e-18   -0.0414249  8.92228e-18    0.0600301  1.30616e-17   -0.0156471 -1.97493e-17   -0.0239286 -6.67241e-18   0.00839116  1.19592e-17   0.00793324  2.36369e-18  -0.00141711 -2.67288e-18  -0.00159529 -6.41992e-19 -8.23355e-05  9.39012e-20  4.45997e-05
 4.16672e-19  -0.00203887 -1.08313e-17   -0.0269434  1.30616e-17    0.0480026  1.70829e-17   -0.0093625 -2.29607e-17   -0.0243879 -9.32563e-18   0.00568317  1.23406e-17   0.00877051  3.66516e-18 -0.000464853  -2.2591e-18  -0.00153737 -7.40005e-19 -0.000183323  7.58238e-21
  0.00707985 -8.88222e-20    -0.014206  -1.5566e-17   -0.0156471  1.70829e-17    0.0409122  2.05885e-17  -0.00591823 -2.47497e-17   -0.0243008 -1.17813e-17   0.00328519  1.17398e-17   0.00912759  4.73237e-18  0.000520283 -1.55304e-18  -0.00123848 -6.42166e-19  -0.00017009
  2.0618e-18    0.0126857 -1.72014e-18   -0.0214161 -1.97493e-17   -0.0093625  2.05885e-17    0.0369786  2.31893e-17   -0.0037188 -2.50543e-17   -0.0241802 -1.38409e-17   0.00106393  1.03814e-17   0.00907881  5.44704e-18   0.00144956 -6.78441e-19 -0.000741161 -3.56623e-19
 -0.00112064  4.97036e-18    0.0135475 -4.05659e-18   -0.0239286 -2.29607e-17  -0.00591823  2.31893e-17    0.0347229   2.4761e-17  -0.00207474 -2.41999e-17   -0.0241789 -1.54774e-17  -0.00114137  8.47739e-18   0.00858417  5.72995e-18   0.00216435  1.68062e-19  -0.00021319
 -5.1205e-19   0.00101588  8.02503e-18    0.0113249 -6.67241e-18   -0.0243879 -2.47497e-17   -0.0037188   2.4761e-17    0.0335129  2.54773e-17 -0.000669765 -2.26491e-17   -0.0243422  -1.6854e-17  -0.00349843  6.08252e-18   0.00747465  5.41429e-18   0.00234905   5.9464e-19
 -0.00152423  -5.5256e-19   0.00403335  1.04859e-17   0.00839116 -9.32563e-18   -0.0243008 -2.50543e-17  -0.00207474  2.54773e-17    0.0331084  2.57059e-17  0.000700939 -2.08108e-17   -0.0246641 -1.82775e-17  -0.00618085  3.01399e-18   0.00546795  4.13523e-18   0.00163839
-7.84763e-19  -0.00255171 -7.99936e-21   0.00642543  1.19592e-17   0.00568317 -1.17813e-17   -0.0241802 -2.41999e-17 -0.000669765  2.57059e-17    0.0334392  2.59187e-17   0.00223162 -1.89206e-17   -0.0250641 -2.01525e-17  -0.00926676 -9.72859e-19   0.00251515  1.79942e-18
-2.42983e-05 -1.61241e-18  -0.00272061  1.04437e-18   0.00793324  1.23406e-17   0.00328519 -1.38409e-17   -0.0241789 -2.26491e-17  0.000700939  2.59187e-17     0.034555  2.66861e-17   0.00419108 -1.69688e-17   -0.0252188 -2.26353e-17   -0.0122112 -5.22261e-18 -0.000239348
 1.50755e-19 -0.000475515 -2.31815e-18  -0.00223411  2.36369e-18   0.00877051  1.17398e-17   0.00106393 -1.54774e-17   -0.0243422 -2.08108e-17   0.00223162  2.66861e-17    0.0366526  2.88203e-17    0.0071223 -1.44265e-17   -0.0239674 -2.42033e-17   -0.0128512 -6.55146e-18
 0.000191102  9.35424e-20  -0.00101114  -2.7005e-18  -0.00141711  3.66516e-18   0.00912759  1.03814e-17  -0.00114137  -1.6854e-17   -0.0246641 -1.89206e-17   0.00419108  2.88203e-17    0.0402388  3.37769e-17    0.0123936 -8.89706e-18   -0.0185561 -2.00701e-17  -0.00838577
 1.09616e-19  0.000261176 -1.22245e-19  -0.00141244 -2.67288e-18 -0.000464853  4.73237e-18   0.00907881  8.47739e-18  -0.00349843 -1.82775e-17   -0.0250641 -1.69688e-17    0.0071223  3.37769e-17    0.0466223  4.47141e-17    0.0225978   5.0931e-18   -0.0068986 -7.56417e-18
 2.91274e-05  1.98256e-19  0.000207236 -4.04965e-19  -0.00159529  -2.2591e-18  0.000520283  5.44704e-18   0.00858417  6.08252e-18  -0.00618085 -2.01525e-17   -0.0252188 -1.44265e-17    0.0123936  4.47141e-17     0.058129  6.68803e-17    0.0381947  2.80726e-17   0.00473349
-2.39642e-21  7.36562e-05  2.29718e-19  7.10041e-05 -6.41992e-19  -0.00153737 -1.55304e-18   0.00144956  5.72995e-18   0.00747465  3.01399e-18  -0.00926676 -2.26353e-17   -0.0239674 -8.89706e-18    0.0225978  6.68803e-17    0.0742968  9.82295e-17    0.0486216  3.83265e-17
-6.33832e-06  1.27225e-20  9.87667e-05  1.86747e-19 -8.23355e-05 -7.40005e-19  -0.00123848 -6.78441e-19   0.00216435  5.41429e-18   0.00546795 -9.72859e-19   -0.0122112 -2.42033e-17   -0.0185561   5.0931e-18    0.0381947  9.82295e-17    0.0825733  1.09993e-16    0.0359169
-3.87284e-21 -2.65131e-06  2.71959e-20  8.65936e-05  9.39012e-20 -0.000183323 -6.42166e-19 -0.000741161  1.68062e-19   0.00234905  4.13523e-18   0.00251515 -5.22261e-18   -0.0128512 -2.00701e-17   -0.0068986  2.80726e-17    0.0486216  1.09993e-16     0.063076  6.84695e-17
-9.14021e-07 -3.03554e-21  2.77251e-06  2.50138e-20  4.45997e-05  7.58238e-21  -0.00017009 -3.56623e-19  -0.00021319   5.9464e-19   0.00163839  1.79942e-18 -0.000239348 -6.55146e-18  -0.00838577 -7.56417e-18   0.00473349  3.83265e-17    0.0359169  6.84695e-17    0.0230928
