 2.00993e-34 -3.46722e-38 -2.23992e-35  6.96456e-38 -8.84053e-35 -2.89908e-37  1.93016e-35  5.97059e-37 -2.09831e-35 -1.27959e-36  5.30302e-35 -3.80419e-37  -7.0576e-35   3.7131e-37  2.53649e-35  -2.4141e-37 -4.86484e-35  2.49299e-37  1.10851e-35 -9.21026e-38  6.56896e-36  2.39723e-39  1.97007e-36 -2.15199e-37 -1.63484e-36   4.5307e-39 -1.01479e-36 -2.99477e-38 -1.63924e-37  6.53057e-38  5.58541e-37  1.35429e-39 -2.03004e-37  8.16745e-39 -6.11181e-38 -1.39332e-39 -3.66668e-38 -4.35633e-39    5.203e-38  1.64318e-39 -2.59908e-38 -3.43369e-40   8.6725e-39  3.40412e-40 -7.27811e-39 -1.20671e-41  1.83864e-39 -6.38754e-41 -6.69449e-40 -5.78528e-42   5.1824e-40 -3.21016e-41  3.04216e-40   7.7036e-42 -7.59997e-41 -8.06459e-42  1.64469e-41  3.19133e-42 -2.58078e-41  2.19637e-43  1.11617e-41  1.09915e-43  2.22054e-42  2.76356e-43 -2.14643e-42 -1.12538e-43 -7.67902e-46 -1.52016e-44  2.31556e-43  2.55606e-45 -1.58871e-43 -8.33657e-45  2.18607e-44 -1.89825e-45  1.94663e-44 -7.59177e-47 -6.91484e-45   4.6428e-46  -2.7363e-46 -7.99696e-46  6.73741e-45  1.08833e-45 -1.34452e-44 -2.13648e-45  2.41374e-44    3.932e-45 -3.83554e-44 -6.66569e-45  5.48009e-44  1.05508e-44 -7.02401e-44 -1.54988e-44  8.02905e-44  2.10675e-44 -8.14536e-44 -2.63934e-44   7.3299e-44  3.03373e-44 -5.90663e-44 -3.18243e-44  4.38216e-44  3.02789e-44 -3.13881e-44 -2.59372e-44  2.26061e-44  1.98287e-44 -1.62013e-44 -1.33859e-44   1.0889e-44  7.87691e-45 -6.44887e-45 -3.97586e-45  3.23382e-45  1.68665e-45 -1.34381e-45 -5.85684e-46   4.5471e-46   1.6069e-46 -1.21597e-46 -3.31529e-47  2.42511e-47  4.77352e-48 -3.23989e-48 -4.19745e-49  2.29022e-49  1.51881e-50
-3.46722e-38  2.88885e-34 -2.42811e-37 -2.41374e-35  3.77392e-37 -8.84047e-35 -1.24715e-36  3.59775e-35  1.38379e-36 -8.08692e-35 -3.62889e-36  1.81719e-34  5.51066e-37 -1.63276e-34 -1.86941e-38  8.23317e-35 -2.06289e-37 -1.21789e-34   3.9109e-37   2.5407e-35 -1.73795e-37  1.39592e-35 -3.03513e-38  5.63208e-36 -4.44642e-37 -6.16646e-36 -4.57157e-38 -1.31429e-36 -7.18601e-38 -5.28835e-37  1.73649e-37  1.68682e-36  3.65652e-39 -7.48951e-37   1.9301e-38 -1.34166e-37  4.27809e-39 -9.22403e-38  -1.5548e-38  1.52987e-37  4.43529e-39 -7.49081e-38 -6.95079e-40  2.25467e-38  6.13525e-40 -1.27631e-38   6.1163e-41  2.32838e-39 -2.56591e-40 -2.48211e-39 -3.85301e-42  1.51848e-39 -9.46869e-41  9.14895e-40  1.55674e-41 -1.61001e-40 -2.52528e-41  6.21407e-41  1.07559e-41  -8.7937e-41  1.76759e-42  3.55372e-41  1.67452e-43  6.80742e-42  8.79284e-43 -6.41877e-42 -3.74472e-43  3.59541e-44  -1.7025e-44  8.23397e-43 -1.01142e-44 -5.79516e-43 -3.41709e-44  9.23675e-44 -4.71034e-45  3.71307e-44 -2.71795e-45  2.58286e-44  4.10266e-45 -9.50845e-44 -8.56283e-45  2.04706e-43   1.5374e-44 -3.73103e-43  -2.9321e-44  6.18539e-43  5.22039e-44  -9.2333e-43 -8.62504e-44  1.23518e-42  1.32598e-43 -1.46954e-42 -1.88908e-43  1.54123e-42  2.48506e-43 -1.41263e-42 -3.00546e-43  1.12582e-42  3.32494e-43 -7.85838e-43  -3.3449e-43  4.99029e-43  3.03849e-43 -3.13582e-43 -2.47148e-43  2.11194e-43  1.78178e-43 -1.47912e-43 -1.12435e-43   9.6391e-44   6.1132e-44 -5.36901e-44 -2.80647e-44  2.46544e-44  1.05904e-44 -9.22917e-45  -3.1648e-45  2.78005e-45  7.09063e-46 -6.48596e-46 -1.09071e-46  1.08067e-46  9.78218e-48 -1.10045e-47 -3.41161e-49  4.40677e-49
-2.23992e-35 -2.42811e-37  4.88996e-34 -8.81905e-37  -9.4201e-35  1.30187e-36  1.63418e-35 -4.09913e-36 -3.61572e-35  2.13175e-36 -1.74312e-34 -6.92199e-36  3.97145e-34  5.28515e-36 -2.52351e-34  -1.9205e-36  1.55453e-34  7.04626e-37 -2.09784e-34   1.4612e-37  3.95054e-35 -8.66803e-38  2.50566e-35  2.02383e-38  8.03048e-36   -5.245e-37 -1.36015e-35 -2.49782e-37 -1.02057e-36 -9.50638e-38 -1.10818e-36  3.15414e-37  3.53414e-36  1.95527e-38 -1.80756e-36   3.1144e-38 -1.96472e-37  2.89149e-38 -1.85106e-37 -3.60579e-38   2.9857e-37   9.1581e-39 -1.42977e-37  -6.5089e-40  3.89413e-38  4.60354e-40 -7.55802e-39  3.27659e-40 -9.16603e-40 -7.06608e-40 -6.93563e-39  1.13289e-41  3.50094e-39  -1.9194e-40  1.77142e-39  1.41351e-41 -2.46731e-40 -5.58182e-41  2.03312e-40  2.53213e-41 -2.26122e-40  6.45265e-42  8.82673e-41 -1.30691e-44   1.1116e-41  2.00757e-42   -1.313e-41 -8.93871e-43 -1.35249e-43  7.99532e-44   2.2684e-42 -7.28901e-44 -1.62976e-42  -1.0275e-43  4.41985e-43 -3.86083e-45 -3.41707e-43   -2.291e-44  9.94299e-43  3.85921e-44 -2.13138e-42 -8.25413e-44  4.07156e-42  1.58711e-43 -7.03628e-42 -2.94568e-43  1.10063e-41  5.10026e-43 -1.54585e-41 -8.21034e-43  1.93312e-41  1.22723e-42  -2.1302e-41 -1.69698e-42  2.04304e-41  2.16213e-42 -1.68175e-41 -2.52642e-42  1.17306e-41  2.69253e-42 -6.93112e-42 -2.60034e-42  3.63982e-42  2.25809e-42  -1.9792e-42 -1.74671e-42  1.29971e-42  1.18977e-42 -9.28261e-43 -7.03399e-43  5.90053e-43  3.54311e-43 -3.04697e-43 -1.48361e-43  1.26007e-43  4.99029e-44 -4.20349e-44 -1.28129e-44  1.11909e-44  2.30733e-45 -2.24512e-45 -2.45433e-46  3.01563e-46  8.53927e-48 -2.12972e-47  3.96302e-49
 6.96456e-38 -2.41374e-35 -8.81905e-37  8.79026e-34 -1.95682e-36 -2.08726e-34  3.26673e-36  2.41679e-34 -1.11866e-35 -2.66455e-34  2.50647e-36 -2.81467e-34 -1.09272e-35  6.64866e-34  1.65162e-35 -2.79655e-34 -6.03817e-36  1.99948e-34  3.32686e-36 -2.89918e-34 -4.97157e-37   4.9767e-35  3.68967e-37  4.32305e-35  3.95569e-37  3.89691e-36 -2.53299e-37 -2.25991e-35 -6.71737e-37 -2.86672e-37 -4.57676e-38 -2.05651e-36  4.40094e-37  6.02147e-36  6.90973e-38 -3.37327e-36  3.66948e-38 -2.10654e-37  8.48383e-38 -3.28608e-37 -6.44476e-38   4.4119e-37  1.69577e-38 -2.06835e-37  3.46177e-40  5.14393e-38 -7.42454e-40  2.02721e-38  9.60443e-40 -1.00277e-38 -1.54441e-39 -1.62826e-38  3.58844e-41  7.14848e-39 -3.06856e-40  2.56025e-39 -1.64105e-41 -4.26944e-40 -9.85827e-41  5.89577e-40  4.79779e-41 -5.02118e-40  1.68649e-41  1.94336e-40 -7.12189e-43  4.99602e-42   3.8333e-42 -2.21884e-41 -1.74887e-42 -1.10581e-42  4.77141e-43   5.8613e-42 -2.44299e-43  -4.9888e-42 -2.70152e-43  4.19147e-42  4.70258e-44 -8.11689e-42 -1.75483e-43  1.79184e-41   3.4459e-43 -3.56341e-41  -7.1829e-43  6.44777e-41  1.38032e-42 -1.05764e-40 -2.49645e-42  1.56269e-40  4.20861e-42 -2.06197e-40 -6.59433e-42  2.40459e-40  9.57749e-42 -2.44601e-40 -1.28458e-41  2.13437e-40  1.58433e-41 -1.56384e-40 -1.78788e-41  9.37647e-41  1.83521e-41 -4.51066e-41 -1.70156e-41  1.83179e-41   1.4131e-41 -8.55601e-42 -1.04042e-41   6.1583e-42  6.70566e-42 -4.73885e-42 -3.72284e-42  2.89935e-42  1.74339e-42 -1.35007e-42 -6.69329e-43  4.93024e-43  2.02252e-43 -1.45625e-43 -4.51371e-44  3.41047e-44  6.63588e-45 -5.75579e-45 -4.87469e-46  5.88302e-46 -8.51835e-50  -2.3443e-47
-8.84053e-35  3.77392e-37  -9.4201e-35 -1.95682e-36  1.43842e-33 -2.49698e-36 -3.82111e-34  6.33742e-36  5.42491e-34 -2.56464e-35 -6.97207e-34  2.15556e-36 -3.64151e-34  -1.6193e-35  9.19171e-34  3.51998e-35 -1.88183e-34 -1.26923e-35  1.63863e-34  8.25797e-36 -3.43897e-34  -1.0309e-36  5.83844e-35  1.25198e-36  6.95423e-35  1.39971e-36 -1.07513e-35  4.49276e-37 -3.16341e-35 -1.27926e-36  9.21459e-37  1.20709e-37 -3.67028e-36  4.77771e-37  8.89219e-36   1.6969e-37 -5.18398e-36   2.6475e-38 -1.62993e-37  1.78222e-37 -5.09564e-37   -9.532e-38  5.01593e-37  2.98193e-38 -2.29723e-37  2.56178e-39  5.48633e-38 -3.78367e-39  7.86763e-38  2.22136e-39 -2.48363e-38 -2.85288e-39   -3.332e-38  5.09098e-41   1.3227e-38 -4.04241e-40   2.9782e-39 -1.05879e-40  -1.0667e-39 -1.42707e-40  1.47832e-39   7.7239e-41 -1.00224e-39  3.65992e-41  3.89949e-40 -2.20241e-42 -3.13587e-41  6.53146e-42  -3.4597e-41 -2.89607e-42 -5.65049e-42  1.50457e-42  2.03283e-41 -5.60566e-43  -3.0631e-41 -7.46005e-43  5.82843e-41  5.30103e-43 -1.27778e-40 -1.34002e-42  2.64968e-40  2.78047e-42 -5.01537e-40 -5.62465e-42  8.62942e-40  1.05912e-41 -1.34134e-39 -1.86455e-41  1.86877e-39  3.05656e-41 -2.31072e-39 -4.65237e-41   2.5043e-39  6.55412e-41 -2.34019e-39 -8.51287e-41  1.84378e-39  1.01486e-40 -1.18581e-39 -1.10463e-40  5.92619e-40   1.0909e-40 -2.13827e-40 -9.70215e-41  5.49135e-41  7.70083e-41 -2.31745e-41 -5.39489e-41  2.53217e-41  3.29005e-41 -2.14785e-41 -1.71607e-41  1.20625e-41  7.47998e-42 -4.86785e-42 -2.63923e-42   1.5452e-42  7.19708e-43 -4.05876e-43  -1.4091e-43  8.31801e-44  1.72828e-44 -1.13585e-44 -9.39634e-46  7.98914e-46 -4.29854e-48
-2.89908e-37 -8.84047e-35  1.30187e-36 -2.08726e-34 -2.49698e-36  2.19078e-33 -1.78177e-37 -6.80152e-34  9.91074e-36  8.59689e-34 -4.99283e-35 -1.33748e-33   6.8469e-37 -3.58454e-34 -2.40138e-35  1.07156e-33  5.92719e-35  4.84963e-35 -2.14984e-35  2.13883e-35  1.54106e-35 -3.68109e-34 -6.08603e-37  7.33332e-35  2.35059e-36  9.97152e-35  3.26284e-36 -3.50625e-35  1.48044e-36 -4.00007e-35 -1.95704e-36  2.80488e-36  4.10205e-37 -6.16826e-36    3.726e-37  1.17036e-35  3.23949e-37 -6.72464e-36 -8.22872e-39 -9.35376e-38  3.06036e-37 -6.64176e-37 -1.20807e-37  3.90249e-37  5.03234e-38 -1.67689e-37  5.68683e-39  4.85275e-38 -9.55413e-39  1.66331e-37   4.4727e-39 -4.15074e-38 -4.62334e-39 -6.07807e-38  3.16932e-41  2.22891e-38  -4.3582e-40  3.16425e-39 -2.93415e-40 -2.90902e-39 -1.64139e-40   3.2055e-39  1.08335e-40 -1.81831e-39   7.1214e-41   7.1453e-40 -4.59477e-42 -1.29504e-40  1.02707e-41 -4.35522e-41 -3.95593e-42 -5.25578e-41  3.47897e-42  1.56464e-40 -6.72842e-43 -3.54163e-40 -2.77986e-42  8.01964e-40  4.24706e-42 -1.72485e-39 -9.71477e-42  3.41234e-39  2.01423e-41 -6.15342e-39 -3.95533e-41  1.00547e-38  7.24926e-41 -1.47792e-38 -1.23955e-40  1.93663e-38  1.97174e-40 -2.23652e-38 -2.90918e-40  2.24239e-38  3.96773e-40 -1.91208e-38 -4.98213e-40  1.34505e-38  5.73233e-40 -7.42439e-39  -6.0098e-40  2.91246e-39  5.70305e-40 -6.10989e-40 -4.85952e-40 -2.46726e-41   3.6821e-40 -2.02255e-41 -2.45137e-40   1.0583e-40  1.41258e-40 -8.99235e-41 -6.91086e-41  4.28214e-41  2.79813e-41 -1.43413e-41 -9.05032e-42  3.96574e-42  2.21978e-42 -9.45341e-43 -3.79566e-43  1.66462e-43  3.86186e-44 -1.71463e-44 -1.55635e-45  6.71464e-46
 1.93016e-35 -1.24715e-36  1.63418e-35  3.26673e-36 -3.82111e-34 -1.78177e-37  3.20648e-33  7.87935e-36  -1.1876e-33  1.28849e-35  1.16449e-33 -8.37272e-35 -2.12848e-33 -2.13116e-36 -1.94095e-34 -3.52262e-35  1.03856e-33  8.38793e-35  4.06998e-34 -3.10907e-35 -2.04865e-34  2.38871e-35 -3.74265e-34  1.48684e-36  1.03701e-34  3.22984e-36   1.2445e-34  5.99068e-36 -6.23359e-35    2.588e-36 -4.81891e-35 -2.57567e-36  5.46122e-36  7.78836e-37 -9.51111e-36  1.16932e-37  1.38275e-35  5.14711e-37 -7.34398e-36 -7.17113e-38 -1.09254e-37  4.56894e-37 -6.81439e-37 -1.32921e-37  3.10787e-38  8.07407e-38  2.52879e-38  8.98154e-39  3.61328e-38 -1.89473e-38  2.70254e-37  8.13599e-39 -5.18151e-38 -6.75275e-39 -1.00588e-37 -3.03434e-41   3.4417e-38 -3.48152e-40  4.07601e-39 -6.24467e-40 -7.00084e-39 -1.27533e-40  6.08704e-39  1.33552e-40 -3.01017e-39  1.29798e-40  1.20899e-39 -7.52151e-42 -3.82494e-40  1.51175e-41   1.3224e-40 -3.68437e-42 -6.90623e-40  5.71247e-42  1.86365e-39  2.56972e-42 -4.47655e-39 -1.44233e-41  1.00275e-38  2.94252e-41 -2.07047e-38 -6.42493e-41  3.90876e-38  1.30317e-40 -6.70605e-38 -2.48159e-40  1.03859e-37  4.41259e-40 -1.44008e-37 -7.31358e-40  1.76931e-37  1.12688e-39 -1.90045e-37 -1.60917e-39  1.75239e-37  2.12201e-39 -1.35098e-37 -2.57317e-39  8.34428e-38  2.85482e-39 -3.80099e-38 -2.88057e-39  1.00783e-38  2.62455e-39  5.15148e-40 -2.14068e-39 -1.42857e-39  1.54664e-39  6.85017e-41 -9.77008e-40  4.93345e-40  5.30816e-40 -3.42256e-40  -2.4283e-40  1.26196e-40  9.09178e-41 -3.39605e-41 -2.67738e-41  8.57053e-42  5.84253e-42 -1.90373e-42 -8.55739e-43  2.72561e-43  6.91604e-44 -1.87662e-44 -1.72765e-45
 5.97059e-37  3.59775e-35 -4.09913e-36  2.41679e-34  6.33742e-36 -6.80152e-34  7.87935e-36  4.56934e-33  2.31609e-35 -1.94883e-33  1.41688e-35  1.45045e-33 -1.22768e-34 -2.92444e-33 -6.06252e-36  1.56997e-34  -4.8592e-35  7.86257e-34  1.03054e-34  8.16505e-34 -3.92526e-35 -4.51635e-34   3.2291e-35 -3.79077e-34  5.40957e-36  1.54169e-34  3.45097e-36  1.32622e-34  9.28229e-36 -8.20798e-35  3.46026e-36  -5.7766e-35 -3.05717e-36  8.84907e-36  1.14946e-36 -1.34375e-35 -2.38158e-37   1.4525e-35  7.10356e-37 -6.43889e-36  -1.6142e-37 -3.77426e-37  6.14017e-37  -4.4146e-37 -1.25949e-37 -6.22695e-37  1.21827e-37  3.91797e-37  1.18634e-38  2.28512e-38 -3.26837e-38  3.66678e-37  1.35959e-38  -4.3485e-38 -9.09785e-39 -1.53223e-37 -1.03074e-40  4.92018e-38 -9.40679e-41  7.51081e-39 -1.14445e-39 -1.43591e-38  3.87356e-42  1.02844e-38  1.43342e-40 -4.62755e-39  2.26054e-40  2.13359e-39 -9.39644e-42 -1.68211e-39   2.0366e-41  3.01991e-39  2.27272e-42 -8.83636e-39  7.31721e-43  2.25444e-38  2.91556e-41 -5.27218e-38 -8.28513e-41  1.13583e-37  1.79695e-40 -2.24232e-37 -3.78472e-40  4.03405e-37  7.45189e-40  -6.5728e-37 -1.37414e-39   9.6264e-37  2.36632e-39 -1.25552e-36 -3.79717e-39  1.44089e-36  5.66266e-39 -1.43207e-36 -7.82282e-39  1.20515e-36  9.97321e-39 -8.29276e-37 -1.16805e-38  4.38007e-37  1.24993e-38 -1.52057e-37 -1.21419e-38  1.28387e-38  1.06235e-38  1.90421e-38  -8.2932e-39 -9.40661e-39  5.70987e-39 -5.00651e-40  -3.4178e-39  2.32793e-39  1.74659e-39 -1.11438e-39 -7.44192e-40  2.89332e-40  2.56053e-40 -6.34109e-41 -6.79651e-41  1.65796e-41  1.29698e-41 -3.37204e-42 -1.57293e-42  3.50053e-43  9.21381e-44 -1.28283e-44
-2.09831e-35  1.38379e-36 -3.61572e-35 -1.11866e-35  5.42491e-34  9.91074e-36  -1.1876e-33  2.31609e-35  6.30281e-33  4.37714e-35 -2.91991e-33  1.30675e-35  1.69344e-33 -1.59702e-34 -3.52743e-33 -1.05076e-35  6.44175e-34 -6.01504e-35  3.59118e-34  1.11867e-34  1.18425e-33 -4.36505e-35 -6.48161e-34  3.92534e-35  -3.9151e-34  1.06404e-35  2.22639e-34  2.81237e-36  1.15049e-34  1.25734e-35 -8.35732e-35  3.82173e-36 -7.09542e-35 -3.39729e-36  1.30291e-35  1.45053e-36 -1.76177e-35  -6.0683e-37  1.31287e-35  8.75875e-37 -3.63353e-36 -2.67298e-37 -1.10546e-36  7.58612e-37  1.26424e-37 -9.85887e-38 -1.58236e-36  1.72018e-37   9.6192e-37  1.46022e-38  1.25376e-38 -5.10638e-38  4.24439e-37  2.10945e-38 -2.30888e-39 -1.15791e-38 -2.17411e-37 -9.78892e-41  6.60781e-38  3.50029e-40  1.56085e-38 -1.89082e-39 -2.54756e-38  2.52197e-40  1.59246e-38  1.27184e-40 -7.62352e-39  3.76874e-40  6.98218e-39 -5.26876e-42 -1.48166e-38  2.04515e-41  3.89726e-38  3.28111e-41 -1.03765e-37 -5.48858e-41  2.53324e-37  1.84217e-40 -5.69128e-37 -4.44733e-40  1.17377e-36  9.54686e-40 -2.21155e-36 -1.94142e-39  3.78515e-36  3.69865e-39 -5.84479e-36 -6.59802e-39  8.07398e-36  1.09975e-38 -9.87191e-36 -1.70886e-38  1.05351e-35  2.46849e-38 -9.62614e-36  -3.3036e-38  7.31837e-36  4.07925e-38 -4.41126e-36 -4.62424e-38  1.90247e-36  4.78362e-38 -4.02872e-37 -4.48325e-38 -1.26966e-37  3.77376e-38  1.34547e-37 -2.82317e-38  -3.4632e-38  1.85309e-38 -9.68091e-39 -1.05032e-38  9.52695e-39  5.03722e-39 -2.81675e-39 -1.99026e-39  4.45344e-40  6.24504e-40 -9.76446e-41 -1.47466e-40  3.12716e-41  2.40224e-41  -5.0834e-42 -2.28657e-42  3.19484e-43  7.89946e-44
-1.27959e-36 -8.08692e-35  2.13175e-36 -2.66455e-34 -2.56464e-35  8.59689e-34  1.28849e-35 -1.94883e-33  4.37714e-35  8.29481e-33  6.39018e-35 -3.96176e-33  9.39946e-36  1.82915e-33 -1.86997e-34 -3.76308e-33 -1.49787e-35  1.15161e-33 -6.43964e-35 -1.32603e-34  1.07884e-34  1.43209e-33 -4.28724e-35 -7.49923e-34  4.38194e-35 -4.08605e-34  1.62673e-35  3.02103e-34  1.45211e-36  6.67287e-35  1.51926e-35 -5.88908e-35  3.51142e-36 -8.99408e-35 -3.64689e-36  1.82836e-35  1.66062e-36 -2.16885e-35 -9.14938e-37  9.27958e-36  9.82109e-37  1.10261e-36 -3.72635e-37  -2.5068e-36  8.73221e-37  9.91886e-37 -5.56601e-38  -2.8219e-36   2.2766e-37   1.7406e-36  1.86358e-38  7.78787e-39 -7.37407e-38  4.10033e-37  3.06796e-38  8.35932e-38 -1.43044e-38 -2.90294e-37  1.32149e-40  8.49867e-38  9.61598e-40  3.01135e-38 -2.88855e-39 -4.06527e-38  6.08683e-40  2.64221e-38  7.35913e-41  -2.5221e-38   5.9543e-40  5.78284e-38  2.08876e-41 -1.62925e-37 -1.40533e-41  4.41627e-37   1.6955e-40 -1.12159e-36 -3.54991e-40  2.62589e-36  9.10041e-40 -5.65219e-36 -2.04639e-39    1.114e-35   4.2568e-39 -1.99998e-35 -8.34493e-39  3.25032e-35  1.53572e-38  -4.7453e-35 -2.65054e-38  6.16429e-35  4.28238e-38 -7.03772e-35 -6.46178e-38  6.94574e-35  9.07865e-38 -5.78673e-35 -1.18311e-37  3.91926e-35  1.42327e-37 -2.00909e-35 -1.57139e-37  6.41718e-36  1.58115e-37 -1.00023e-38 -1.43791e-37 -1.23701e-36  1.17016e-37   6.0124e-37  -8.4206e-38 -5.15543e-38  5.28148e-38 -6.78013e-38 -2.83598e-38  3.02292e-38  1.27421e-38 -4.45747e-39 -4.64663e-39  2.30852e-40  1.31756e-39 -1.67266e-40 -2.72132e-40  5.78035e-41  3.65732e-41 -5.86262e-42 -2.49199e-42  1.68631e-43
 5.30302e-35 -3.62889e-36 -1.74312e-34  2.50647e-36 -6.97207e-34 -4.99283e-35  1.16449e-33  1.41688e-35 -2.91991e-33  6.39018e-35  1.02839e-32  7.55445e-35 -4.87489e-33  3.60772e-36  1.77542e-33 -2.00151e-34 -3.55391e-33 -1.94795e-35  1.55518e-33 -5.68031e-35 -5.60268e-34  9.13431e-35  1.52503e-33 -3.71435e-35 -7.50905e-34  4.55202e-35 -4.22753e-34   2.1471e-35   3.8482e-34 -2.32561e-37 -1.31278e-35  1.65516e-35 -4.36595e-36  2.54077e-36  -1.1595e-34 -3.87717e-36  2.47957e-35  1.83552e-36 -2.50596e-35 -1.14241e-36  3.09952e-36   1.0088e-36  7.41649e-36 -4.56042e-37 -4.74306e-36  9.45018e-37   2.0006e-36 -8.78572e-39 -4.27443e-36  2.84414e-37  2.69603e-36  2.61846e-38  1.29899e-38 -9.96526e-38  2.93822e-37  4.22419e-38  2.18127e-37  -1.7664e-38 -3.68039e-37  7.81603e-40  1.06609e-37  1.65117e-39  5.42982e-38 -4.15416e-39 -7.10434e-38  1.02466e-39   8.8068e-38  -2.9063e-41 -2.10601e-37  8.74689e-40  6.18768e-37  1.18574e-40  -1.7508e-36  -1.8939e-40  4.60808e-36  6.72267e-40 -1.12287e-35 -1.47575e-39  2.52025e-35  3.40799e-39 -5.19016e-35 -7.23865e-39  9.76103e-35  1.44183e-38 -1.66688e-34 -2.71344e-38  2.56678e-34  4.81961e-38 -3.53353e-34 -8.07563e-38  4.30143e-34  1.27446e-37 -4.56404e-34 -1.88925e-37  4.13743e-34  2.62014e-37 -3.10912e-34 -3.38155e-37  1.83798e-34  4.03441e-37 -7.60068e-35 -4.41485e-37  1.32215e-35  4.39155e-37   7.5705e-36 -3.93048e-37 -6.58679e-36  3.12848e-37  1.77226e-36  -2.1847e-37  2.55918e-37  1.31701e-37 -2.99217e-37 -6.71791e-38  6.46844e-38  2.82567e-38  4.25853e-40 -9.46309e-39 -6.38721e-40  2.39787e-39 -4.25728e-40 -4.23536e-40   9.0702e-41  4.45863e-41 -4.20005e-42 -1.77489e-42
-3.80419e-37  1.81719e-34 -6.92199e-36 -2.81467e-34  2.15556e-36 -1.33748e-33 -8.37272e-35  1.45045e-33  1.30675e-35 -3.96176e-33  7.55445e-35  1.19322e-32  7.18366e-35 -5.46349e-33 -2.95977e-36  1.48349e-33 -1.99288e-34 -2.95188e-33 -2.42969e-35  1.78069e-33 -3.61869e-35 -8.27925e-34  6.43461e-35  1.47753e-33 -2.82795e-35 -6.71919e-34   4.4233e-35  -4.3317e-34  2.59083e-35  4.66003e-34 -1.76992e-36 -1.22377e-34  1.62793e-35  7.93019e-35  1.12549e-36 -1.48322e-34 -4.15029e-36  3.20018e-35  2.10039e-36 -2.66218e-35 -1.33768e-36 -4.80549e-36  9.42053e-37  1.46041e-35 -4.94038e-37 -7.83791e-36  9.68332e-37  2.88875e-36   2.4844e-38 -5.82496e-36   3.3932e-37  3.75508e-36  3.92104e-38  3.74757e-38 -1.27181e-37  5.69752e-38  5.56058e-38  3.91947e-37 -2.23399e-38 -4.44994e-37  2.07133e-39  1.24083e-37  2.25577e-39  1.27987e-37 -5.70921e-39 -2.67654e-37  1.41586e-39  7.21188e-37 -1.92009e-40 -2.19855e-36   1.1784e-39  6.45563e-36  3.48828e-40 -1.76619e-35 -5.77885e-40   4.4743e-35  1.57129e-39 -1.04616e-34 -3.13783e-39  2.24883e-34  6.35554e-39 -4.42493e-34 -1.20146e-38  7.92818e-34  2.16706e-38  -1.2853e-33 -3.79561e-38  1.87078e-33  6.51962e-38 -2.42092e-33 -1.10248e-37  2.75039e-33  1.82368e-37 -2.69672e-33  -2.9076e-37  2.22612e-33  4.38664e-37 -1.48644e-33 -6.15235e-37  7.42341e-34  7.90075e-37 -2.20287e-34 -9.17247e-37 -1.53581e-35  9.51963e-37  5.36771e-35 -8.73686e-37 -2.44654e-35  7.00925e-37  2.24796e-36 -4.85039e-37  2.29252e-36  2.84828e-37 -8.90113e-37 -1.38991e-37  4.71028e-38  5.47946e-38  2.56476e-38 -1.67655e-38 -4.47296e-40  3.74308e-39 -1.08351e-39 -5.47614e-40  9.56911e-41   4.1278e-41 -1.03504e-42
 -7.0576e-35  5.51066e-37  3.97145e-34 -1.09272e-35 -3.64151e-34   6.8469e-37 -2.12848e-33 -1.22768e-34  1.69344e-33  9.39946e-36 -4.87489e-33  7.18366e-35  1.29495e-32  5.01914e-35 -5.60612e-33 -7.84579e-36  9.78702e-34 -1.88282e-34 -2.11709e-33 -2.93121e-35  1.82573e-33 -5.53119e-36 -8.99588e-34  2.98724e-35  1.33741e-33  -1.8941e-35 -5.39026e-34  4.00366e-35 -4.51835e-34  2.97818e-35   5.4537e-34 -2.78486e-36 -2.57089e-34  1.42525e-35  1.87603e-34 -3.24525e-37 -1.83981e-34 -4.50284e-36  3.80665e-35  2.60473e-36 -2.46239e-35  -1.5962e-36  -1.3527e-35  7.69137e-37  2.16996e-35 -4.63166e-37 -1.15827e-35  9.45186e-37  3.32836e-36   2.6141e-38 -7.30364e-36  3.92523e-37   4.8094e-36  5.81205e-38  9.43507e-38 -1.54436e-37 -3.00864e-37  7.05865e-38  5.75034e-37 -2.91837e-38 -4.88825e-37  4.21399e-39  1.73713e-38  2.56075e-39  7.22183e-37 -7.60393e-39 -2.28905e-36  1.70884e-39  7.32748e-36 -5.21451e-40  -2.2316e-35  1.76404e-39  6.33717e-35  -2.4676e-40 -1.66871e-34  1.74092e-39  4.06109e-34 -5.17662e-39 -9.10333e-34  1.49803e-38  1.87192e-33 -3.74107e-38 -3.51409e-33  8.41945e-38  5.98775e-33  -1.7088e-37 -9.19537e-33  3.12517e-37   1.2616e-32 -5.13246e-37  -1.5292e-32  7.50952e-37  1.61351e-32 -9.64899e-37 -1.45158e-32  1.05958e-36  1.07872e-32 -9.36283e-37 -6.26038e-33  5.48202e-37  2.48756e-33   4.9062e-38 -3.46443e-34 -6.92972e-37 -3.15868e-34  1.17729e-36  2.41369e-34 -1.35589e-36 -6.07898e-35  1.21921e-36 -9.57114e-36 -8.86903e-37  9.62784e-36  5.24235e-37 -1.55276e-36 -2.48818e-37 -2.59967e-37  9.24097e-38  7.15307e-38 -2.56989e-38  6.72932e-39  4.96087e-39 -1.88899e-39  -5.7225e-40  4.00795e-41  2.52688e-41
  3.7131e-37 -1.63276e-34  5.28515e-36  6.64866e-34  -1.6193e-35 -3.58454e-34 -2.13116e-36 -2.92444e-33 -1.59702e-34  1.82915e-33  3.60772e-36 -5.46349e-33  5.01914e-35  1.32052e-32  1.33717e-35 -5.30119e-33 -7.81084e-36  3.62458e-34 -1.72166e-34 -1.25797e-33 -3.34308e-35   1.7405e-33  2.91062e-35 -7.96257e-34 -8.78235e-36  1.15872e-33 -1.16458e-35 -3.68083e-34  3.31551e-35 -4.99719e-34  3.36111e-35  6.26434e-34 -3.08305e-36 -4.11658e-34  1.05408e-35  3.13008e-34 -1.26763e-36 -2.17588e-34 -4.94162e-36  3.98875e-35  3.45678e-36 -1.69153e-35 -2.01343e-36 -2.21432e-35  4.73187e-37  2.76119e-35 -3.40259e-37 -1.54772e-35  8.83301e-37  2.98757e-36 -2.02565e-38 -8.48912e-36  4.47683e-37  5.73251e-36  8.07761e-38  1.89414e-37 -1.79415e-37  -7.4123e-37  8.69265e-38  6.48646e-37 -3.89484e-38  -1.4508e-37  7.35767e-39 -1.58792e-36  2.37956e-39  6.82632e-36  -1.0029e-38 -2.29425e-35  2.23264e-39  7.25525e-35 -2.39624e-39  -2.1376e-34  6.79099e-39  5.84627e-34 -1.38864e-38  -1.4799e-33  3.97148e-38  3.45621e-33 -1.02072e-37 -7.41934e-33  2.44655e-37  1.45747e-32 -5.41224e-37 -2.60617e-32  1.10593e-36  4.21479e-32 -2.08234e-36 -6.11625e-32  3.60213e-36    7.885e-32 -5.70305e-36 -8.91462e-32  8.22355e-36  8.68423e-32 -1.07304e-35 -7.10373e-32  1.25605e-35  4.67714e-32 -1.30295e-35 -2.27585e-32  1.17573e-35  6.25042e-33 -8.93894e-36  9.15164e-34  5.35342e-36 -1.84064e-33 -2.03541e-36    7.776e-34 -2.18159e-37 -5.41351e-35   1.1869e-36  -7.5991e-35 -1.19543e-36  2.54651e-35  7.86237e-37  2.06057e-37 -3.78292e-37 -1.20278e-36  1.34199e-37  6.41818e-38 -3.37643e-38  2.60389e-38  5.48613e-39 -1.73516e-39  -4.5753e-40 -2.52165e-41
 2.53649e-35 -1.86941e-38 -2.52351e-34  1.65162e-35  9.19171e-34 -2.40138e-35 -1.94095e-34 -6.06252e-36 -3.52743e-33 -1.86997e-34  1.77542e-33 -2.95977e-36 -5.60612e-33  1.33717e-35  1.27711e-32 -3.20156e-35 -4.66368e-33  1.25976e-37 -2.22386e-34 -1.54437e-34 -5.64803e-34 -3.46868e-35  1.59024e-33  6.08912e-35 -5.73904e-34 -4.80951e-35  9.78176e-34 -8.00972e-36 -1.62596e-34    2.394e-35 -5.96512e-34   3.7906e-35  7.14384e-34 -2.64475e-36 -5.78236e-34  5.32512e-36   4.4599e-34 -1.13297e-36 -2.42458e-34 -5.44936e-36  3.37119e-35  4.66486e-36 -1.52981e-36 -2.63502e-36 -2.99929e-35  2.94077e-38   3.1298e-35 -1.00322e-37 -1.87514e-35  7.92464e-37  1.59119e-36 -1.19899e-37 -9.13385e-36  5.10612e-37  6.41158e-36  1.02288e-37  2.67349e-37 -1.99827e-37 -1.00189e-36  1.04083e-37 -3.71617e-37 -5.19066e-38  4.38013e-36   1.1455e-38 -1.88709e-35   1.9023e-39  6.78409e-35 -1.42572e-38   -2.225e-34  6.87349e-39  6.79937e-34 -1.80546e-38  -1.9304e-33  5.18647e-38  5.07908e-33 -1.37822e-37 -1.23484e-32   3.6068e-37  2.76458e-32 -8.75286e-37 -5.67633e-32  1.97857e-36  1.06368e-31 -4.15315e-36 -1.80845e-31   8.0813e-36  2.76976e-31 -1.45399e-35 -3.78733e-31  2.41156e-35   4.5711e-31  -3.6738e-35 -4.79622e-31  5.11791e-35  4.28201e-31 -6.48463e-35 -3.14661e-31    7.423e-35  1.79222e-31 -7.61145e-35  -6.8292e-32  6.91282e-35  7.01453e-33 -5.47423e-35  1.05504e-32  3.69089e-35 -7.23873e-33 -2.03285e-35  1.64412e-33  8.34314e-36  3.53396e-34  -1.7884e-36 -2.82772e-34 -6.05461e-37  3.51575e-35  8.45285e-37  1.10241e-35 -4.69469e-37 -2.47294e-36  1.64927e-37 -1.70325e-37 -3.74503e-38   4.5483e-38  4.91147e-39  -2.6533e-41 -2.43195e-40
 -2.4141e-37  8.23317e-35  -1.9205e-36 -2.79655e-34  3.51998e-35  1.07156e-33 -3.52262e-35  1.56997e-34 -1.05076e-35 -3.76308e-33 -2.00151e-34  1.48349e-33 -7.84579e-36 -5.30119e-33 -3.20156e-35  1.18794e-32 -7.84903e-35 -3.87699e-33   1.7302e-35 -6.39061e-34 -1.35648e-34 -1.64091e-34 -3.10971e-35  1.42576e-33  8.45401e-35 -2.97896e-34 -8.43257e-35  8.04547e-34 -8.44773e-36  7.80129e-35  1.28075e-35 -7.50488e-34  4.29648e-35  8.13623e-34 -1.56872e-36 -7.46596e-34 -1.15782e-36  5.76435e-34  5.67329e-37  -2.5198e-34 -5.99931e-36  1.60836e-35  6.11215e-36  2.26332e-35 -3.42803e-36 -3.68362e-35 -5.94841e-37  3.19476e-35  2.86473e-37 -2.04879e-35  6.81322e-37 -1.02164e-36 -2.63924e-37 -9.03274e-36  5.86431e-37  6.86839e-36  1.15802e-37 -2.50792e-37 -2.12556e-37  1.36892e-36  1.20919e-37 -1.24022e-35 -6.73356e-38  5.12499e-35  1.56298e-38 -1.89341e-34  3.86831e-39  6.45651e-34 -2.95801e-38 -2.04509e-33   4.4848e-38  6.02411e-33 -1.34176e-37 -1.64641e-32  3.77921e-37   4.1638e-32 -9.98579e-37 -9.71341e-32  2.48568e-36  2.08232e-31 -5.76858e-36 -4.08389e-31  1.24757e-35  7.28811e-31 -2.50896e-35  -1.1758e-30  4.68188e-35  1.70114e-30 -8.08535e-35 -2.18481e-30   1.2882e-34  2.45808e-30 -1.88666e-34 -2.37898e-30  2.52901e-34  1.92814e-30 -3.08683e-34 -1.25138e-30  3.40939e-34  5.92556e-31 -3.38166e-34 -1.48996e-31  2.98343e-34 -3.56287e-32 -2.31239e-34  5.27246e-32  1.54838e-34 -2.05591e-32 -8.74059e-35  7.63222e-34  3.99625e-35   2.2349e-33 -1.36495e-35 -6.51715e-34  2.69854e-36 -3.47736e-35  2.54414e-37  3.71164e-35 -4.27926e-37 -1.67105e-36  1.66165e-37 -6.98904e-37 -3.42135e-38  3.35776e-38  3.35836e-39  1.31583e-39
-4.86484e-35 -2.06289e-37  1.55453e-34 -6.03817e-36 -1.88183e-34  5.92719e-35  1.03856e-33  -4.8592e-35  6.44175e-34 -1.49787e-35 -3.55391e-33 -1.99288e-34  9.78702e-34 -7.81084e-36 -4.66368e-33 -7.84903e-35  1.08262e-32  -1.2032e-34 -3.12926e-33  4.24135e-35 -7.93722e-34 -1.13777e-34 -1.03596e-34 -2.18283e-35  1.27421e-33  9.77142e-35 -2.38789e-35  -1.1383e-34  6.22117e-34 -1.23145e-35  3.47468e-34   1.3056e-37 -9.53672e-34  4.88875e-35  9.25944e-34 -1.14825e-38 -9.05285e-34 -8.62225e-36  6.95314e-34  4.14626e-36  -2.4113e-34 -6.57669e-36 -1.53087e-35  7.57876e-36  5.53525e-35 -4.28789e-36 -4.28622e-35 -1.43295e-36  2.91386e-35  8.55145e-37 -1.98284e-35  5.56575e-37 -4.80934e-36 -4.27638e-37 -8.30487e-36  6.76355e-37  8.31582e-36  1.14079e-37  -7.1658e-36 -2.13005e-37  3.08775e-35  1.35236e-37 -1.32946e-34 -8.21816e-38  5.03739e-34  1.41256e-38 -1.77597e-33  2.73959e-38  5.83074e-33 -1.17151e-37 -1.78104e-32  3.01777e-37  5.05325e-32 -8.78533e-37 -1.32845e-31  2.39089e-36  3.22648e-31 -6.09916e-36 -7.21463e-31  1.45669e-35  1.47914e-30 -3.24742e-35 -2.76678e-30  6.74769e-35  4.69377e-30 -1.30411e-34 -7.16946e-30  2.33883e-34  9.77054e-30 -3.88168e-34  -1.1742e-29  5.94274e-34  1.22511e-29 -8.36132e-34 -1.08533e-29  1.07641e-33  7.88446e-30 -1.26139e-33 -4.40394e-30  1.33722e-33  1.60322e-30 -1.27294e-33 -9.92568e-32  1.07821e-33 -2.95715e-31 -8.03384e-34  1.84386e-31  5.18858e-34 -3.68597e-32 -2.84705e-34 -1.11355e-32  1.28933e-34  7.27084e-33 -4.59684e-35 -6.85618e-34  1.17375e-35 -3.35408e-34 -1.57931e-36   6.3109e-35 -1.65073e-37  5.23458e-36  1.28313e-37 -1.08967e-36 -2.46814e-38 -1.40865e-38  1.51724e-39
 2.49299e-37 -1.21789e-34  7.04626e-37  1.99948e-34 -1.26923e-35  4.84963e-35  8.38793e-35  7.86257e-34 -6.01504e-35  1.15161e-33 -1.94795e-35 -2.95188e-33 -1.88282e-34  3.62458e-34  1.25976e-37 -3.87699e-33  -1.2032e-34  9.87222e-33 -1.54577e-34 -2.56484e-33  7.14952e-35 -6.51713e-34 -8.58701e-35 -3.61132e-34 -8.02703e-36  1.14549e-33  1.01117e-34  2.11857e-34 -1.33724e-34  4.03572e-34 -1.83341e-35  6.25935e-34 -1.38388e-35 -1.18364e-33  5.57284e-35  1.04989e-33  1.85121e-36 -1.04391e-33 -1.67014e-35  7.96226e-34  9.68312e-36 -2.07611e-34 -7.20122e-36 -6.11895e-35  8.80707e-36  9.50654e-35 -5.08034e-36  -4.8562e-35 -2.50318e-36  2.29332e-35  1.63983e-36 -1.62753e-35  4.25328e-37 -9.03881e-36 -5.73243e-37  -9.7303e-36  7.75549e-37  2.38007e-35  9.12381e-38  -7.8024e-35  -1.9445e-37  3.24442e-34  1.41942e-37 -1.27466e-33 -8.39932e-38  4.64505e-33 -2.83096e-38   -1.579e-32  1.88437e-37  4.99949e-32 -6.35845e-37 -1.47175e-31   1.8242e-36   4.0193e-31  -5.1106e-36 -1.01555e-30  1.34078e-35  2.36647e-30   -3.295e-35 -5.06635e-30   7.5736e-35  9.92011e-30 -1.62516e-34 -1.76685e-29  3.24989e-34  2.84362e-29 -6.04347e-34 -4.10178e-29   1.0425e-33  5.24808e-29 -1.66337e-33  -5.8756e-29  2.44666e-33  5.64915e-29 -3.30479e-33  -4.5357e-29  4.08061e-33  2.90024e-29 -4.58141e-33 -1.33408e-29  4.64748e-33  3.02087e-30  -4.2276e-33  1.08358e-30  3.41697e-33 -1.29637e-30 -2.42626e-33  4.65266e-31  1.49197e-33  6.87118e-34 -7.79781e-34 -5.70796e-32  3.37605e-34  1.45381e-32 -1.16564e-34  1.40617e-33  3.01178e-35 -9.32026e-34 -5.08767e-36  2.64768e-35  3.25366e-37  1.77329e-35  6.20801e-38 -6.05929e-37 -1.29686e-38 -3.92159e-38
 1.10851e-35   3.9109e-37 -2.09784e-34  3.32686e-36  1.63863e-34 -2.14984e-35  4.06998e-34  1.03054e-34  3.59118e-34 -6.43964e-35  1.55518e-33 -2.42969e-35 -2.11709e-33 -1.72166e-34 -2.22386e-34   1.7302e-35 -3.12926e-33 -1.54577e-34  9.18387e-33  -1.8062e-34 -2.26442e-33  9.89335e-35  -2.3555e-34 -4.99546e-35 -8.64628e-34  7.15343e-36  1.04322e-33    9.752e-35  3.93554e-34 -1.42597e-34  1.25298e-34 -2.51423e-35  8.80575e-34 -2.89429e-35 -1.40996e-33  6.36343e-35  1.18131e-33   3.8349e-36 -1.15556e-33 -2.49035e-35  8.76311e-34  1.69936e-35 -1.52334e-34 -7.94245e-36  -1.2069e-34  9.58964e-36  1.39267e-34 -5.70282e-36 -5.45323e-35 -3.78647e-36  1.40254e-35  2.65992e-36 -1.07751e-35  2.99685e-37 -7.52664e-36 -6.56823e-37 -4.17513e-35  8.73509e-37  1.82052e-34  4.34149e-38 -7.61195e-34 -1.45667e-37  3.06645e-33  1.22061e-37 -1.15663e-32 -1.06101e-38  4.06966e-32 -3.11901e-37 -1.33497e-31  1.12427e-36  4.07545e-31 -3.48891e-36 -1.15551e-30  9.95074e-36  3.03518e-30 -2.68639e-35 -7.36429e-30  6.79659e-35  1.64471e-29 -1.61018e-34 -3.36703e-29   3.5667e-34  6.28693e-29 -7.37423e-34 -1.06424e-28  1.42032e-33  1.62122e-28 -2.54272e-33 -2.20198e-28  4.22003e-33  2.63493e-28 -6.47326e-33 -2.73359e-28  9.14526e-33  2.40271e-28 -1.18512e-32 -1.72502e-28  1.40202e-32  9.43989e-29  -1.5057e-32 -3.26696e-29  1.45831e-32  4.94282e-31 -1.26375e-32  7.12982e-30  9.70601e-33 -4.07254e-30 -6.53004e-33  6.97782e-31  3.79266e-33  2.96655e-31 -1.86618e-33 -1.63102e-31  7.58615e-34  1.07619e-32 -2.45854e-34  8.46249e-33  6.01254e-35 -1.33361e-33 -1.00579e-35 -1.47412e-34  9.06989e-37  2.36839e-35 -2.77714e-39  5.57876e-37 -4.07227e-39
-9.21026e-38   2.5407e-35   1.4612e-37 -2.89918e-34  8.25797e-36  2.13883e-35 -3.10907e-35  8.16505e-34  1.11867e-34 -1.32603e-34 -5.68031e-35  1.78069e-33 -2.93121e-35 -1.25797e-33 -1.54437e-34 -6.39061e-34  4.24135e-35 -2.56484e-33  -1.8062e-34  8.82622e-33  -1.9886e-34 -2.24877e-33   1.1906e-34  3.88521e-34 -6.29167e-36 -1.51416e-33  1.93781e-35  9.71567e-34  9.02841e-35  5.21214e-34 -1.40919e-34 -2.20578e-34 -3.17741e-35  1.07228e-33  -4.4976e-35 -1.60181e-33  7.28528e-35  1.31458e-33  5.73667e-36 -1.23811e-33 -3.25848e-35  9.36216e-34  2.56209e-35 -7.92574e-35 -8.91901e-36 -1.91562e-34  9.84985e-36  1.85132e-34 -6.14131e-36 -6.15105e-35   -5.206e-36  5.40025e-36  3.90155e-36  -1.5262e-35   2.0139e-37  5.86932e-35 -6.38848e-37 -3.79735e-34  9.58244e-37  1.69427e-33 -3.52967e-38 -7.04488e-33 -3.54426e-38  2.74555e-32 -1.85417e-38 -9.99843e-32  4.61016e-37  3.39666e-31 -1.88087e-36 -1.07485e-30  6.03777e-36  3.16217e-30 -1.78954e-35 -8.62927e-30  4.95789e-35  2.17836e-29 -1.29144e-34  -5.0705e-29  3.15288e-34   1.0841e-28 -7.20582e-34  -2.1193e-28  1.53933e-33  3.76726e-28 -3.06814e-33 -6.04855e-28  5.69407e-33  8.69867e-28 -9.81606e-33 -1.10875e-27  1.56753e-32  1.23522e-27 -2.31138e-32 -1.17971e-27  3.13535e-32  9.38131e-28 -3.89568e-32 -5.90679e-28  4.41136e-32  2.63381e-28 -4.52564e-32 -5.24502e-29    4.177e-32 -2.73713e-29 -3.43954e-32  2.78328e-29  2.50159e-32 -9.16228e-30 -1.58731e-32 -4.21183e-31  8.65292e-33  1.27211e-30 -3.97354e-33 -2.82197e-31  1.49755e-33 -4.10204e-32 -4.46692e-34  2.00901e-32  9.98761e-35 -1.85922e-34 -1.52845e-35 -4.00633e-34  1.33025e-36  9.09239e-36 -3.61338e-38  9.41948e-37
 6.56896e-36 -1.73795e-37  3.95054e-35 -4.97157e-37 -3.43897e-34  1.54106e-35 -2.04865e-34 -3.92526e-35  1.18425e-33  1.07884e-34 -5.60268e-34 -3.61869e-35  1.82573e-33 -3.34308e-35 -5.64803e-34 -1.35648e-34 -7.93722e-34  7.14952e-35 -2.26442e-33  -1.9886e-34  8.79027e-33 -2.09708e-34 -2.49385e-33  1.27687e-34  1.12897e-33  4.24934e-35 -2.20179e-33  2.44468e-35  9.35486e-34  8.20253e-35  6.02866e-34  -1.3091e-34 -6.20385e-34   -3.796e-35  1.16496e-33 -6.14863e-35   -1.734e-33   8.3597e-35  1.44365e-33  7.31863e-36 -1.29403e-33 -3.89613e-35  9.79172e-34  3.48488e-35  5.22508e-36 -1.02775e-35 -2.70401e-34  9.68699e-36  2.30505e-34 -6.50029e-36  -7.3376e-35 -6.61939e-36  2.02578e-35  5.30164e-36 -1.45999e-34  1.64271e-37  7.52008e-34 -4.97309e-37 -3.58068e-33  1.02765e-36  1.54442e-32 -1.77285e-37 -6.22441e-32   2.7325e-37  2.34493e-31 -7.55974e-37 -8.24751e-31  2.92486e-36  2.70412e-30 -9.74151e-36 -8.25057e-30  2.97243e-35  2.33768e-29 -8.48937e-35 -6.13536e-29  2.27466e-34  1.48715e-28 -5.72107e-34 -3.31735e-28  1.34847e-33   6.7814e-28 -2.97455e-33 -1.26399e-27  6.13081e-33  2.13506e-27 -1.17845e-32 -3.24377e-27  2.10791e-32    4.391e-27 -3.49979e-32 -5.23175e-27  5.37779e-32  5.39666e-27 -7.62181e-32 -4.70568e-27  9.92396e-32   3.3377e-27 -1.18163e-31 -1.78754e-27   1.2797e-31  5.84522e-28 -1.25258e-31  2.31065e-29  1.09982e-31  -1.5033e-28 -8.58557e-32   7.9092e-29  5.89455e-32 -1.11885e-29 -3.51255e-32 -6.79093e-30  1.78694e-32  3.21506e-30 -7.59844e-33 -1.19835e-31   2.6259e-33 -1.84427e-31 -7.09242e-34  2.41069e-32  1.41214e-34  3.58111e-33 -1.88006e-35 -4.54304e-34   1.3759e-36 -1.55271e-35 -3.04996e-38
 2.39723e-39  1.39592e-35 -8.66803e-38   4.9767e-35  -1.0309e-36 -3.68109e-34  2.38871e-35 -4.51635e-34 -4.36505e-35  1.43209e-33  9.13431e-35 -8.27925e-34 -5.53119e-36   1.7405e-33 -3.46868e-35 -1.64091e-34 -1.13777e-34 -6.51713e-34  9.89335e-35 -2.24877e-33 -2.09708e-34  9.02926e-33 -2.13133e-34 -2.94726e-33  1.23079e-34   1.8872e-33  9.22796e-35 -2.82762e-33  1.95514e-35  9.36102e-34   7.3869e-35  6.47043e-34 -1.15966e-34 -1.03964e-33 -4.41517e-35   1.1334e-33 -7.76161e-35 -1.78972e-33  9.58424e-35  1.56227e-33  8.29891e-36 -1.32868e-33 -4.31726e-35  1.00949e-33  4.37478e-35  9.31787e-35 -1.21542e-35 -3.53555e-34  9.36893e-36  2.79819e-34 -6.99268e-36 -1.30014e-34 -7.83214e-36  2.78095e-34  6.74351e-36 -1.50213e-33  2.34003e-37  7.23647e-33 -2.45569e-37  -3.2363e-32  1.12589e-36  1.34905e-31 -5.59221e-37 -5.25723e-31  1.43769e-36  1.91369e-30 -4.34908e-36 -6.49856e-30  1.46743e-35  2.05539e-29 -4.60039e-35 -6.04319e-29  1.35154e-34   1.6479e-28 -3.72791e-34 -4.15622e-28  9.65385e-34  9.66381e-28 -2.34555e-33 -2.06346e-27  5.33959e-33  4.02745e-27 -1.13726e-32 -7.14533e-27  2.26236e-32  1.14449e-26 -4.19512e-32 -1.64104e-26  7.23436e-32  2.08379e-26 -1.15707e-31    -2.31e-26  1.71102e-31  2.19136e-26 -2.33083e-31  -1.7256e-26  2.91257e-31  1.06922e-26 -3.32201e-31 -4.61019e-27  3.43843e-31  7.79586e-28  -3.2076e-31  5.92794e-28  2.67507e-31  -5.2835e-28  -1.9752e-31  1.58731e-28  1.27618e-31  1.55088e-29 -7.11163e-32 -2.49869e-29  3.35692e-32  4.78499e-30 -1.31136e-32  9.78646e-31  4.10967e-33 -3.79616e-31 -9.88867e-34 -4.31174e-33   1.7084e-34  7.99273e-33 -1.88556e-35 -9.75388e-35  1.02382e-36 -1.94825e-35
 1.97007e-36 -3.03513e-38  2.50566e-35  3.68967e-37  5.83844e-35 -6.08603e-37 -3.74265e-34   3.2291e-35 -6.48161e-34 -4.28724e-35  1.52503e-33  6.43461e-35 -8.99588e-34  2.91062e-35  1.59024e-33 -3.10971e-35 -1.03596e-34 -8.58701e-35  -2.3555e-34   1.1906e-34 -2.49385e-33 -2.13133e-34  9.48629e-33  -2.0873e-34 -3.54132e-33  1.06168e-34  2.57151e-33  1.38795e-34 -3.31093e-33  4.00736e-36  9.64503e-34  6.54502e-35  6.58121e-34 -9.98505e-35 -1.42889e-33 -5.12893e-35  9.66923e-34 -9.20641e-35 -1.76017e-33  1.09164e-34  1.66357e-33  8.35962e-36 -1.34804e-33 -4.43955e-35   1.0308e-33  5.12663e-35  1.77438e-34   -1.463e-35 -4.46855e-34  9.27234e-36  4.01826e-34 -7.89057e-36 -6.25989e-34 -8.63374e-36  2.83583e-33  8.06886e-36 -1.40739e-32  4.70803e-37  6.49286e-32   2.5243e-38 -2.79884e-31  1.49066e-36    1.128e-30  -2.0286e-36 -4.24853e-30  6.44275e-36  1.49372e-29 -2.06901e-35  -4.8953e-29  6.64772e-35   1.4928e-28 -2.00571e-34  -4.2268e-28  5.69036e-34  1.10845e-27 -1.51684e-33 -2.68414e-27  3.79661e-33  5.98038e-27 -8.91399e-33 -1.22078e-26  1.96061e-32  2.27146e-26 -4.03355e-32 -3.82862e-26  7.74775e-32  5.80137e-26 -1.38655e-31 -7.82695e-26  2.30619e-31  9.28543e-26 -3.55466e-31 -9.52307e-26  5.06037e-31  8.23667e-26 -6.62737e-31 -5.76979e-26   7.9484e-31  3.02056e-26 -8.68281e-31 -9.26241e-27  8.58497e-31 -9.68935e-28 -7.62563e-31  2.80635e-27  6.03144e-31  -1.3648e-27   -4.203e-31  1.50046e-28  2.54736e-31   1.3579e-28 -1.32161e-31 -5.61698e-29  5.75282e-32  3.96501e-31 -2.04691e-32  3.53618e-30  5.74632e-33 -3.76256e-31  -1.2094e-33 -7.54199e-32  1.75892e-34  7.66247e-33 -1.51368e-35  3.54981e-34  4.89805e-37
-2.15199e-37  5.63208e-36  2.02383e-38  4.32305e-35  1.25198e-36  7.33332e-35  1.48684e-36 -3.79077e-34  3.92534e-35 -7.49923e-34 -3.71435e-35  1.47753e-33  2.98724e-35 -7.96257e-34  6.08912e-35  1.42576e-33 -2.18283e-35 -3.61132e-34 -4.99546e-35  3.88521e-34  1.27687e-34 -2.94726e-33  -2.0873e-34  1.01083e-32 -1.95964e-34 -4.20194e-33  8.00394e-35  3.10532e-33   1.7882e-34 -3.59515e-33 -2.07345e-35  9.96762e-34  5.55024e-35  6.35805e-34 -8.59218e-35 -1.73269e-33 -6.04137e-35  6.68506e-34 -1.03208e-34 -1.64215e-33  1.22694e-34  1.73914e-33  7.17313e-36 -1.35611e-33 -4.19886e-35  1.04229e-33  5.63688e-35  2.68376e-34  -1.7696e-35 -6.62991e-34  9.78667e-36  1.28209e-33    -9.45e-36 -5.25061e-33 -8.84695e-36   2.6222e-32   9.1008e-36 -1.24905e-31  9.81819e-37  5.56441e-31 -1.59633e-38 -2.31884e-30  3.16768e-36  9.03441e-30 -8.26776e-36 -3.28763e-29  2.77543e-35  1.11598e-28 -8.95188e-35 -3.52793e-28  2.77343e-34  1.03665e-27  -8.0832e-34 -2.82477e-27  2.21623e-33  7.11814e-27 -5.71077e-33 -1.65331e-26  1.38184e-32  3.52569e-26 -3.13633e-32 -6.87065e-26  6.66798e-32  1.21663e-25 -1.32579e-31 -1.94411e-25  2.46057e-31  2.77936e-25 -4.25299e-31 -3.51592e-25  6.82812e-31  3.87829e-25 -1.01508e-30 -3.65413e-25  1.39222e-30   2.8488e-25 -1.75414e-30   -1.736e-25  2.02016e-30  7.21784e-26 -2.11404e-30  -9.8003e-27  1.99633e-30  -1.1231e-26 -1.68727e-30    8.955e-27  1.26393e-30 -2.43773e-27 -8.29379e-31 -3.87998e-28  4.69956e-31  4.36728e-28 -2.25902e-31 -7.10725e-29  9.00575e-32 -1.99621e-29  -2.8901e-32  6.36024e-30  7.16414e-33  2.13629e-31 -1.28957e-33 -1.41523e-31  1.51717e-34  2.85967e-34 -9.23415e-36  3.54869e-34
