 4.72402e-17 -1.57108e-28 -1.65725e-15  4.15197e-27  2.32537e-14 -3.40727e-26 -2.01554e-13  1.64507e-25  1.24456e-12 -5.79005e-25 -5.87671e-12    1.658e-24  2.21083e-11 -4.19367e-24 -6.79533e-11  1.00832e-23  1.73251e-10 -2.37939e-23 -3.69164e-10  5.45379e-23  6.57679e-10 -1.18537e-22 -9.71533e-10  2.37842e-22  1.16365e-09 -4.28525e-22 -1.07089e-09  6.75626e-22  6.43863e-10 -9.10314e-22 -4.41885e-11  1.02195e-21 -4.15211e-10 -9.21533e-22  4.92487e-10  6.18975e-22 -2.21818e-10 -2.40361e-22 -1.13761e-10 -4.86753e-23  2.40791e-10  1.56727e-22 -1.28308e-10 -1.16845e-22 -4.09428e-11  3.26407e-23  9.86719e-11  1.68424e-23 -4.41534e-11 -2.06973e-23  -1.9204e-11  7.40814e-24  2.96313e-11  7.69738e-25 -8.37286e-12 -1.57355e-24 -5.35074e-12  4.53736e-25  4.46329e-12 -1.47703e-26 -8.34205e-13
-1.57108e-28  2.35523e-15 -1.84081e-27 -4.72465e-14  1.96637e-26  5.07813e-13  3.23454e-26 -3.67239e-12 -1.18687e-24   1.9704e-11  8.43008e-24 -8.27267e-11 -3.74983e-23  2.80627e-10  1.23601e-22 -7.84423e-10   -3.223e-22  1.82701e-09  6.86103e-22 -3.55976e-09 -1.20213e-21  5.78075e-09  1.70669e-21 -7.71166e-09 -1.85794e-21  8.16099e-09  1.27714e-21 -6.25886e-09  1.37876e-22  2.38041e-09 -1.94941e-21   1.6442e-09  3.29473e-21 -3.62024e-09 -3.43967e-21  2.72374e-09  2.35731e-21 -2.53149e-10  -7.7882e-22 -1.53662e-09 -3.80025e-22  1.46656e-09  6.98441e-22 -2.49161e-10 -4.22281e-22 -6.40989e-10  6.06252e-23  5.70642e-10  9.40039e-23 -4.91812e-11 -7.15892e-23 -2.26878e-10  1.45755e-23  1.44294e-10  7.53507e-24  5.71987e-12 -5.23127e-24 -4.38981e-11  9.80854e-25  1.72468e-11 -1.02479e-27
-1.65725e-15 -1.84081e-27  5.81695e-14 -3.77705e-27 -8.16581e-13 -2.36405e-25  7.08059e-12  3.93558e-24 -4.37351e-11 -2.88689e-23  2.06556e-10  1.39054e-22 -7.77136e-10 -5.01077e-22  2.38848e-09  1.43418e-21 -6.08781e-09 -3.37368e-21  1.29643e-08  6.64003e-21 -2.30725e-08 -1.09739e-20  3.40228e-08  1.50726e-20 -4.06233e-08 -1.67018e-20  3.71523e-08  1.38419e-20 -2.19493e-08 -6.44653e-21  8.23779e-10 -2.68772e-21  1.51289e-08  9.25557e-21  -1.7451e-08 -1.03779e-20  7.54735e-09  6.68069e-21  4.40226e-09 -1.56564e-21 -8.72288e-09 -1.65122e-21   4.4934e-09  2.04495e-21  1.62248e-09  -9.2244e-22 -3.61689e-09 -6.28432e-23   1.5686e-09  3.13471e-22  7.38576e-10   -1.548e-22 -1.09305e-09  5.66841e-24  3.02015e-10  2.59979e-23  2.00283e-10 -1.09268e-23 -1.64914e-10  1.40391e-24   3.0724e-11
 4.15197e-27 -4.72465e-14 -3.77705e-27  9.48218e-13  1.41281e-25 -1.01957e-11 -4.80909e-24  7.37578e-11   4.6679e-23 -3.95842e-10 -2.66417e-22  1.66217e-09  1.08897e-21 -5.63851e-09 -3.45993e-21  1.57585e-08  8.93237e-21 -3.66888e-08  -1.9241e-20  7.14317e-08  3.50094e-20 -1.15852e-07 -5.38037e-20  1.54209e-07  6.90128e-20 -1.62527e-07 -7.17696e-20  1.23488e-07   5.6476e-20 -4.50397e-08 -2.65503e-20 -3.55672e-08  -5.3809e-21  7.40901e-08  2.49928e-20 -5.44647e-08 -2.61027e-20  3.69798e-09  1.42766e-20  3.22631e-08 -1.10342e-21 -2.99453e-08  -5.2218e-21  4.54508e-09  4.45976e-21  1.35945e-08 -1.24868e-21 -1.17969e-08 -6.52047e-22  8.64414e-10  7.49207e-22  4.80713e-09 -2.42868e-22  -3.0132e-09 -3.76861e-23  -1.3283e-10  5.62978e-23  9.22568e-10 -1.67866e-23 -3.61099e-10  1.26875e-24
 2.32537e-14  1.96637e-26 -8.16581e-13  1.41281e-25  1.14678e-11  2.19273e-24 -9.94723e-11 -4.50494e-23  6.14583e-10  3.40608e-22 -2.90316e-09  -1.6481e-21  1.09235e-08  5.92267e-21 -3.35707e-08 -1.68868e-20  8.55446e-08  3.97003e-20 -1.82079e-07 -7.86594e-20  3.23751e-07  1.32378e-19 -4.76663e-07 -1.88532e-19  5.67564e-07  2.23807e-19 -5.16174e-07  -2.1423e-19  3.00089e-07   1.5288e-19 -2.53437e-09 -6.09614e-20 -2.19336e-07 -2.13958e-20  2.47137e-07  6.10881e-20 -1.03089e-07  -5.3655e-20 -6.68703e-08  2.20911e-20   1.2592e-07  4.61635e-21 -6.30965e-08  -1.2795e-20 -2.49998e-08  7.60218e-21    5.272e-08 -6.59414e-22 -2.23615e-08 -2.01831e-21 -1.10906e-08  1.40421e-21  1.60008e-08 -3.00529e-22 -4.38799e-09 -1.16153e-22  -2.9228e-09   8.9591e-23   2.3992e-09 -1.90739e-23 -4.46459e-10
-3.40727e-26  5.07813e-13 -2.36405e-25 -1.01957e-11  2.19273e-24  1.09668e-10  1.87569e-23  -7.9359e-10 -2.91239e-22  4.25994e-09  1.84108e-21 -1.78901e-08 -7.77164e-21  6.06886e-08   2.4879e-20  -1.6959e-07 -6.41447e-20  3.94706e-07  1.37999e-19 -7.67996e-07 -2.52154e-19  1.24422e-06   3.9269e-19 -1.65304e-06 -5.17231e-19  1.73604e-06   5.6494e-19 -1.30823e-06 -4.91216e-19  4.58906e-07  3.07285e-19  4.06552e-07  -8.6953e-20 -8.10504e-07 -7.59855e-20  5.84388e-07  1.29094e-19 -2.72472e-08 -9.01657e-20 -3.60334e-07   2.1938e-20  3.27351e-07  2.09101e-20 -4.52052e-08  -2.5208e-20 -1.52843e-07  1.04904e-20   1.3039e-07  1.47361e-21 -8.59626e-09 -4.22024e-21  -5.3863e-08  2.20748e-21  3.36008e-08 -3.11962e-22  1.39136e-09 -2.09082e-22 -1.01793e-08  1.09769e-22  3.98677e-09 -1.29505e-23
-2.01554e-13  3.23454e-26  7.08059e-12 -4.80909e-24 -9.94723e-11  1.87569e-23  8.63079e-10  1.14844e-22 -5.33372e-09 -1.45529e-21  2.51994e-08  7.93577e-21 -9.48227e-08  -2.9584e-20  2.91401e-07   8.4881e-20 -7.42399e-07 -1.98806e-19  1.57952e-06  3.92803e-19 -2.80642e-06 -6.63464e-19  4.12662e-06   9.5693e-19 -4.90225e-06 -1.16407e-18  4.43732e-06  1.16393e-18  -2.5439e-06 -9.07408e-19 -4.43274e-08  4.76626e-19  1.95427e-06 -5.20779e-20 -2.16122e-06  -2.0075e-19  8.75225e-07  2.33544e-19  6.16347e-07 -1.25616e-19 -1.11876e-06  4.31399e-21  5.49766e-07    5.078e-20  2.31464e-07 -4.16335e-20 -4.71767e-07   1.2317e-20  1.98037e-07    5.104e-21  1.00135e-07 -7.01739e-21  -1.4341e-07  3.03285e-21  3.97936e-08 -2.65152e-22  2.55123e-08 -2.82079e-22 -2.11431e-08  9.72733e-23  3.94025e-09
 1.64507e-25 -3.67239e-12  3.93558e-24  7.37578e-11 -4.50494e-23  -7.9359e-10  1.14844e-22  5.74401e-09  5.53161e-22  -3.0839e-08 -5.94893e-21  1.29526e-07  2.83676e-20 -4.39401e-07 -9.37827e-20  1.22776e-06  2.41865e-19 -2.85677e-06 -5.16421e-19  5.55585e-06  9.40448e-19 -8.99328e-06 -1.47288e-18  1.19304e-05  1.97131e-18 -1.24936e-05 -2.21465e-18  9.35141e-06  2.02039e-18 -3.17115e-06 -1.39518e-18 -3.08625e-06  5.77009e-19  5.95248e-06  9.95997e-20 -4.22951e-06 -4.12202e-19  1.29241e-07  3.66926e-19  2.68728e-06 -1.49315e-19  -2.4074e-06  -3.4194e-20  3.13399e-07   9.2336e-20  1.14261e-06  -6.0468e-20 -9.68034e-07  1.32672e-20  6.37024e-08   9.6189e-21  3.99822e-07 -9.97931e-21 -2.51269e-07  3.64017e-21 -7.42482e-09 -1.42462e-22  7.36231e-08  -2.9066e-22 -2.90231e-08  4.83421e-23
 1.24456e-12 -1.18687e-24 -4.37351e-11   4.6679e-23  6.14583e-10 -2.91239e-22 -5.33372e-09  5.53161e-22  3.29679e-08  2.20655e-21 -1.55779e-07 -2.05038e-20  5.86218e-07  8.56901e-20 -1.80148e-06 -2.51033e-19    4.589e-06   5.8264e-19 -9.76062e-06 -1.13797e-18   1.7333e-05  1.91912e-18 -2.54627e-05 -2.80106e-18  3.01963e-05  3.49407e-18 -2.72337e-05 -3.63679e-18  1.54411e-05   3.0321e-18  5.94457e-07 -1.84486e-18 -1.23399e-05  5.44749e-19  1.34661e-05  3.79506e-19 -5.34366e-06 -6.96578e-19 -3.97342e-06  5.16657e-19  7.05491e-06 -1.60069e-19 -3.43616e-06 -8.72758e-20 -1.48167e-06  1.40334e-19  2.98688e-06 -8.06395e-20 -1.25999e-06  1.38627e-20 -6.23232e-07  1.44568e-20  9.06066e-07 -1.24162e-20 -2.60603e-07  3.69577e-21 -1.51847e-07  4.72755e-24  1.29393e-07 -1.94122e-22 -2.42375e-08
-5.79005e-25   1.9704e-11 -2.88689e-23 -3.95842e-10  3.40608e-22  4.25994e-09 -1.45529e-21  -3.0839e-08  2.20655e-21  1.65595e-07  7.48103e-21 -6.95573e-07 -6.01662e-20  2.35972e-06  2.19013e-19 -6.59316e-06  -5.6586e-19  1.53388e-05  1.18162e-18 -2.98217e-05 -2.12018e-18  4.82459e-05  3.33697e-18 -6.39382e-05 -4.58093e-18  6.68255e-05  5.37462e-18 -4.97781e-05 -5.23399e-18  1.64517e-05  4.04012e-18  1.71557e-05 -2.19977e-18 -3.23646e-05  4.10973e-19  2.27979e-05  7.33869e-19 -4.90663e-07 -1.02221e-18  -1.4744e-05  6.77909e-19  1.31432e-05 -1.67594e-19 -1.70557e-06 -1.44084e-19 -6.24958e-06  1.89835e-19  5.32473e-06 -1.00816e-19 -3.99446e-07  1.33663e-20 -2.15956e-06  1.90519e-20  1.38901e-06 -1.33177e-20  8.36315e-09  3.09711e-21   -3.813e-07  4.51934e-23  1.52607e-07  -5.6414e-23
-5.87671e-12  8.43008e-24  2.06556e-10 -2.66417e-22 -2.90316e-09  1.84108e-21  2.51994e-08 -5.94893e-21 -1.55779e-07  7.48103e-21  7.36155e-07  2.16563e-20 -2.77043e-06 -1.48981e-19  8.51381e-06  4.65308e-19 -2.16866e-05 -1.04817e-18  4.61203e-05   1.9626e-18 -8.18781e-05 -3.25843e-18   0.00012022  4.86043e-18 -0.000142429 -6.39049e-18  0.000128176  7.18501e-18 -7.21608e-05  -6.6969e-18 -3.80591e-06  4.94954e-18  5.92484e-05  -2.5454e-18  -6.4206e-05  3.05217e-19  2.52852e-05  1.08616e-18  1.91899e-05 -1.36675e-18 -3.38845e-05  8.51803e-19   1.6584e-05 -1.79897e-19  6.99551e-06  -1.9811e-19 -1.43443e-05  2.37288e-19  6.19993e-06 -1.17269e-19  2.83796e-06  1.01463e-20 -4.31984e-06   2.1867e-20  1.32594e-06 -1.19274e-20  6.47368e-07  2.22521e-21 -5.84654e-07 -1.01868e-22  1.10683e-07
   1.658e-24 -8.27267e-11  1.39054e-22  1.66217e-09  -1.6481e-21 -1.78901e-08  7.93577e-21  1.29526e-07 -2.05038e-20 -6.95573e-07  2.16563e-20  2.92193e-06  5.27491e-20 -9.91311e-06 -3.01837e-19  2.76982e-05  7.81351e-19  -6.4438e-05 -1.48477e-18  0.000125271  2.45833e-18 -0.000202631  -3.8456e-18  0.000268441  5.65437e-18 -0.000280336 -7.42333e-18  0.000208351   8.3255e-18 -6.79188e-05 -7.77962e-18 -7.35657e-05  5.84512e-18  0.000137401 -3.08018e-18 -9.66795e-05  3.45536e-19  2.10858e-06  1.40789e-18   6.2674e-05 -1.71972e-18 -5.62251e-05  1.02569e-18  7.81845e-06 -1.91364e-19  2.62837e-05  -2.4966e-19   -2.289e-05  2.78386e-19  2.20212e-06 -1.24562e-19  8.89367e-06  4.91316e-21  -5.9803e-06   2.0489e-20  1.92099e-07  -8.7625e-21  1.46716e-06  1.58184e-21 -6.04708e-07 -1.17307e-22
 2.21083e-11 -3.74983e-23 -7.77136e-10  1.08897e-21  1.09235e-08 -7.77164e-21 -9.48227e-08  2.83676e-20  5.86218e-07 -6.01662e-20 -2.77043e-06  5.27491e-20  1.04268e-05  1.03998e-19 -3.20446e-05 -4.62045e-19  8.16304e-05  8.82005e-19 -0.000173613 -1.20412e-18  0.000308238  1.61036e-18 -0.000452603 -2.62789e-18  0.000536206  4.53006e-18 -0.000482409  -6.7771e-18  0.000271113  8.35209e-18  1.56206e-05 -8.51056e-18 -0.000225182  6.96356e-18  0.000244223 -3.92646e-18 -9.70622e-05  4.97384e-19 -7.20007e-05  1.73137e-18  0.000129065 -2.05236e-18 -6.45967e-05  1.16655e-18 -2.50505e-05 -1.89343e-19  5.43256e-05 -3.00198e-19 -2.46479e-05   3.0667e-19 -9.63089e-06 -1.20608e-19  1.61188e-05  2.93911e-21 -5.46324e-06  1.37065e-20 -1.96514e-06 -5.20395e-21  1.99828e-06  1.14586e-21 -3.85909e-07
-4.19367e-24  2.80627e-10 -5.01077e-22 -5.63851e-09  5.92267e-21  6.06886e-08  -2.9584e-20 -4.39401e-07  8.56901e-20  2.35972e-06 -1.48981e-19 -9.91311e-06  1.03998e-19  3.36343e-05  1.49994e-19 -9.39882e-05 -3.86012e-19  0.000218692  5.76982e-20 -0.000425249    1.023e-18  0.000688081 -2.06649e-18 -0.000911987  1.73155e-18  0.000953063   5.5846e-19 -0.000709122 -4.03132e-18  0.000231791  7.35528e-18  0.000250602 -9.23433e-18 -0.000470198  8.46082e-18  0.000333714 -4.92145e-18 -1.14163e-05  5.70019e-19 -0.000212566  2.07161e-18  0.000194752 -2.30598e-18 -3.13222e-05  1.25114e-18 -8.72234e-05 -1.70938e-19  7.93763e-05 -3.45985e-19 -1.05338e-05  3.15225e-19 -2.85046e-05  -1.1089e-19   2.0656e-05  9.98043e-21 -1.82645e-06  4.33766e-21 -4.19221e-06 -2.79955e-21  1.82882e-06   2.6868e-22
-6.79533e-11  1.23601e-22  2.38848e-09 -3.45993e-21 -3.35707e-08   2.4879e-20  2.91401e-07 -9.37827e-20 -1.80148e-06  2.19013e-19  8.51381e-06 -3.01837e-19 -3.20446e-05  1.49994e-19   9.8495e-05  9.51398e-20 -0.000250959  4.64452e-19  0.000533925 -2.82159e-18  -0.00094844  6.61551e-18   0.00139375 -9.68498e-18  -0.00165327  9.68393e-18   0.00149066 -6.12633e-18 -0.000842194  2.72737e-19 -4.21583e-05  6.04613e-18  0.000693674  -1.0349e-17 -0.000760544  1.01336e-17  0.000311585  -5.6412e-18  0.000213265  4.15517e-19 -0.000399313   2.3501e-18  0.000208922 -2.44215e-18  6.78188e-05  1.29806e-18 -0.000165767 -1.45155e-19  8.13392e-05 -3.75287e-19  2.37025e-05   3.0054e-19  -4.7881e-05 -1.06372e-19  1.86471e-05  2.62064e-20  3.79395e-06 -4.20939e-21 -5.12459e-06  -3.5166e-22  1.02842e-06
 1.00832e-23 -7.84423e-10  1.43418e-21  1.57585e-08 -1.68868e-20  -1.6959e-07   8.4881e-20  1.22776e-06 -2.51033e-19 -6.59316e-06  4.65308e-19  2.76982e-05 -4.62045e-19 -9.39882e-05  9.51398e-20  0.000262703 -2.60751e-19 -0.000611503  2.87119e-18   0.00118983 -8.85535e-18  -0.00192715  1.61947e-17   0.00255831 -2.07994e-17  -0.00268074  1.99599e-17   0.00200568 -1.40294e-17 -0.000671596  4.74465e-18 -0.000688007  5.34762e-18   0.00132212  -1.1879e-17 -0.000958521  1.13981e-17  5.94661e-05 -5.74083e-18  0.000583922  1.46626e-19  -0.00055739  2.44469e-18  0.000110732 -2.50202e-18  0.000230306  1.34426e-18 -0.000226143 -1.20687e-19  4.27162e-05 -3.68986e-19  7.08924e-05  2.66409e-19  -5.8067e-05 -1.12661e-19  9.72677e-06  4.06442e-20  8.37336e-06 -6.25046e-21 -4.13702e-06  9.41829e-22
 1.73251e-10   -3.223e-22 -6.08781e-09  8.93237e-21  8.55446e-08 -6.41447e-20 -7.42399e-07  2.41865e-19    4.589e-06  -5.6586e-19 -2.16866e-05  7.81351e-19  8.16304e-05 -3.86012e-19 -0.000250959 -2.60751e-19  0.000639698  -1.1951e-18  -0.00136194  7.49742e-18   0.00242202 -1.81823e-17  -0.00356558   2.8412e-17   0.00424201 -3.27702e-17  -0.00384582   2.9798e-17   0.00220444 -2.09804e-17  5.84598e-05   7.9079e-18  -0.00175356  5.71597e-18   0.00197016 -1.32536e-17 -0.000853789  1.16577e-17 -0.000496916 -5.33072e-18   0.00101634  9.46182e-20 -0.000571341  2.33713e-18 -0.000130924 -2.57191e-18  0.000410866  1.38376e-18 -0.000226282  -1.0809e-19 -3.62102e-05  -3.0715e-19  0.000113164  2.23295e-19 -5.31615e-05   -1.234e-19 -1.50795e-06  4.68388e-20   9.2177e-06 -1.03343e-20 -2.01678e-06
-2.37939e-23  1.82701e-09 -3.37368e-21 -3.66888e-08  3.97003e-20  3.94706e-07 -1.98806e-19 -2.85677e-06   5.8264e-19  1.53388e-05 -1.04817e-18  -6.4438e-05  8.82005e-19  0.000218692  4.64452e-19 -0.000611503  -1.1951e-18   0.00142445 -2.92523e-18  -0.00277496  1.42397e-17   0.00450317 -2.90251e-17  -0.00599654     3.96e-17   0.00631746 -4.16393e-17  -0.00478076  3.64381e-17   0.00168324 -2.53639e-17   0.00152339   9.0462e-18  -0.00308541  6.71376e-18   0.00232332 -1.35594e-17 -0.000253652  1.08001e-17  -0.00130224 -4.97043e-18   0.00133299  4.85886e-19 -0.000342982  2.16558e-18 -0.000478021 -2.65646e-18  0.000533333  1.35408e-18  -0.00014455 -1.29619e-19 -0.000131237 -1.93442e-19  0.000132812  1.85001e-19 -3.67664e-05 -1.20241e-19 -8.51942e-06  3.34349e-20  6.36289e-06 -3.13956e-21
-3.69164e-10  6.86103e-22  1.29643e-08  -1.9241e-20 -1.82079e-07  1.37999e-19  1.57952e-06 -5.16421e-19 -9.76062e-06  1.18162e-18  4.61203e-05 -1.48477e-18 -0.000173613  5.76982e-20  0.000533925  2.87119e-18  -0.00136194 -2.92523e-18   0.00290317 -5.37829e-18  -0.00517313  2.16132e-17   0.00763986 -3.75463e-17   -0.0091375  4.50737e-17   0.00836676 -4.43525e-17  -0.00492331  3.87594e-17  8.32411e-05 -2.68026e-17    0.0036462   8.4832e-18  -0.00428064  7.18837e-18    0.0020225 -1.21454e-17  0.000878289  9.36558e-18  -0.00213364  -5.1985e-18   0.00133413  1.16803e-18  0.000133622  2.07416e-18 -0.000821718 -2.61801e-18  0.000533382  1.22015e-18 -7.39865e-07 -2.28232e-19 -0.000207021 -4.32907e-20   0.00012581  1.38349e-19 -1.99113e-05 -9.30259e-20 -8.30391e-06  3.22362e-20  2.49019e-06
 5.45379e-23 -3.55976e-09  6.64003e-21  7.14317e-08 -7.86594e-20 -7.67996e-07  3.92803e-19  5.55585e-06 -1.13797e-18 -2.98217e-05   1.9626e-18  0.000125271 -1.20412e-18 -0.000425249 -2.82159e-18   0.00118983  7.49742e-18  -0.00277496 -5.37829e-18   0.00541671 -7.97962e-18  -0.00881849  2.66969e-17    0.0118046 -3.91626e-17   -0.0125502  4.17427e-17   0.00968161 -4.07168e-17  -0.00369282  3.75275e-17  -0.00267019 -2.57561e-17   0.00598491  7.23294e-18  -0.00478781  5.94588e-18  0.000862826 -9.13659e-18   0.00232412    8.178e-18  -0.00267075 -6.01333e-18  0.000918058  1.71368e-18  0.000739324  2.00224e-18  -0.00103634  -2.2674e-18  0.000404131  1.00931e-18  0.000152343 -3.70624e-19 -0.000241625  5.39325e-20  0.000104674  1.15016e-19 -1.16355e-05 -5.87901e-20 -3.77137e-06 -3.88932e-21
 6.57679e-10 -1.20213e-21 -2.30725e-08  3.50094e-20  3.23751e-07 -2.52154e-19 -2.80642e-06  9.40448e-19   1.7333e-05 -2.12018e-18 -8.18781e-05  2.45833e-18  0.000308238    1.023e-18  -0.00094844 -8.85535e-18   0.00242202  1.42397e-17  -0.00517313 -7.97962e-18   0.00924777 -9.63639e-18   -0.0137286  2.60786e-17    0.0165624 -3.10626e-17   -0.0154114  3.03412e-17   0.00945072 -3.33156e-17 -0.000796987   3.4015e-17  -0.00617186 -2.27239e-17   0.00780724  6.46427e-18  -0.00416398  2.49379e-18  -0.00102418 -5.44739e-18    0.0036566   7.7112e-18   -0.0026635  -6.8012e-18  0.000166524  1.80238e-18   0.00128333  1.70783e-18  -0.00105802 -1.60317e-18  0.000203416   8.8052e-19  0.000265108 -5.87096e-19 -0.000240541  1.81254e-19  8.59953e-05    1.375e-20 -1.13839e-05 -2.51767e-20 -1.91602e-07
-1.18537e-22  5.78075e-09 -1.09739e-20 -1.15852e-07  1.32378e-19  1.24422e-06 -6.63464e-19 -8.99328e-06  1.91912e-18  4.82459e-05 -3.25843e-18 -0.000202631  1.61036e-18  0.000688081  6.61551e-18  -0.00192715 -1.81823e-17   0.00450317  2.16132e-17  -0.00881849 -9.63639e-18    0.0144312 -9.07767e-18   -0.0194809  1.77138e-17     0.021014 -1.45072e-17   -0.0167023  1.53875e-17   0.00712702 -2.52857e-17    0.0034784  2.85192e-17  -0.00956019  -1.8086e-17   0.00839339  7.07522e-18  -0.00235926 -2.56738e-18   -0.0031593 -2.26072e-18   0.00444539  7.71546e-18  -0.00209063 -6.79073e-18 -0.000687337  1.51622e-18   0.00161769   9.4794e-19 -0.000922792 -7.44339e-19  1.02899e-05  7.48712e-19  0.000323412 -5.45667e-19 -0.000224991  3.11405e-20  7.47451e-05   9.2429e-20 -1.16126e-05  2.31052e-20
-9.71533e-10  1.70669e-21  3.40228e-08 -5.38037e-20 -4.76663e-07   3.9269e-19  4.12662e-06 -1.47288e-18 -2.54627e-05  3.33697e-18   0.00012022  -3.8456e-18 -0.000452603 -2.06649e-18   0.00139375  1.61947e-17  -0.00356558 -2.90251e-17   0.00763986  2.66969e-17   -0.0137286 -9.07767e-18    0.0205509 -5.54581e-18   -0.0251356  2.76278e-18    0.0239812  4.94045e-18   -0.0156246  2.52987e-18   0.00281274 -1.79068e-17    0.0082203  2.04211e-17    -0.011845 -1.25907e-17   0.00743039  9.31209e-18  0.000183418 -7.72318e-18  -0.00493943  -3.4314e-19   0.00450222  7.39706e-18  -0.00117609 -5.59721e-18  -0.00140297  1.19687e-18   0.00172174 -1.44171e-19 -0.000726564 -1.47811e-19 -0.000130734  9.01529e-19  0.000344639 -7.27733e-19 -0.000206618  2.98565e-19  6.27244e-05 -1.39746e-19 -7.38666e-06
 2.37842e-22 -7.71166e-09  1.50726e-20  1.54209e-07 -1.88532e-19 -1.65304e-06   9.5693e-19  1.19304e-05 -2.80106e-18 -6.39382e-05  4.86043e-18  0.000268441 -2.62789e-18 -0.000911987 -9.68498e-18   0.00255831   2.8412e-17  -0.00599654 -3.75463e-17    0.0118046  2.60786e-17   -0.0194809 -5.54581e-18    0.0266545  4.90695e-19   -0.0294163 -1.40522e-17     0.024457  1.99757e-17   -0.0120707 -4.84795e-18  -0.00260703 -1.02055e-17    0.0122175  9.64705e-18   -0.0124068 -7.53207e-18   0.00522702  1.24666e-17    0.0027396 -1.12296e-17    -0.005971  3.31251e-19   0.00397382  5.95827e-18 -0.000232231 -3.41599e-18  -0.00187436  1.14039e-18   0.00168149 -1.27235e-18 -0.000544977  2.87096e-19 -0.000222481  5.22624e-19  0.000343846  9.03075e-21   -0.0001778 -3.39201e-19  4.24579e-05  6.08315e-20
 1.16365e-09 -1.85794e-21 -4.06233e-08  6.90128e-20  5.67564e-07 -5.17231e-19 -4.90225e-06  1.97131e-18  3.01963e-05 -4.58093e-18 -0.000142429  5.65437e-18  0.000536206  1.73155e-18  -0.00165327 -2.07994e-17   0.00424201     3.96e-17   -0.0091375 -3.91626e-17    0.0165624  1.77138e-17   -0.0251356  4.90695e-19     0.031433  7.16545e-18   -0.0311799 -2.63327e-17    0.0221438  2.54145e-17  -0.00684201 -7.11123e-18  -0.00777394 -7.80197e-19    0.0145495 -2.20637e-18   -0.0113418 -4.09113e-18   0.00254748  1.49717e-17   0.00471399 -1.18783e-17  -0.00626197   3.3923e-19   0.00319654  3.24573e-18  0.000542539  -1.0461e-18   -0.0021467   1.5437e-18   0.00159017 -2.03034e-18 -0.000395416  1.53065e-19 -0.000276693  8.15544e-19  0.000312345 -7.24631e-19  -0.00012888  7.10478e-19  1.85416e-05
-4.28525e-22  8.16099e-09 -1.67018e-20 -1.62527e-07  2.23807e-19  1.73604e-06 -1.16407e-18 -1.24936e-05  3.49407e-18  6.68255e-05 -6.39049e-18 -0.000280336  4.53006e-18  0.000953063  9.68393e-18  -0.00268074 -3.27702e-17   0.00631746  4.50737e-17   -0.0125502 -3.10626e-17     0.021014  2.76278e-18   -0.0294163  7.16545e-18    0.0336962  1.19151e-17   -0.0299976 -2.91781e-17    0.0177417  2.06222e-17  -0.00137087 -6.99944e-18    -0.011513  1.01119e-17    0.0150626 -1.23417e-17  -0.00936898 -2.51656e-18  0.000144751  1.51239e-17   0.00594322 -9.58645e-18   -0.0061147  6.56153e-19   0.00244034 -7.64381e-19   0.00113306  1.55406e-18  -0.00230775  1.17408e-18   0.00147948 -1.32836e-18 -0.000274185 -2.86037e-19 -0.000278494 -9.27848e-20  0.000236627  8.84484e-19 -6.90543e-05 -6.31471e-19
-1.07089e-09  1.27714e-21  3.71523e-08 -7.17696e-20 -5.16174e-07   5.6494e-19  4.43732e-06 -2.21465e-18 -2.72337e-05  5.37462e-18  0.000128176 -7.42333e-18 -0.000482409   5.5846e-19   0.00149066  1.99599e-17  -0.00384582 -4.16393e-17   0.00836676  4.17427e-17   -0.0154114 -1.45072e-17    0.0239812 -1.40522e-17   -0.0311799  1.19151e-17    0.0329685  1.27154e-17   -0.0264901  -2.1513e-17    0.0127047  8.98583e-18   0.00298156 -7.00305e-18   -0.0134287  2.01711e-17    0.0143674 -1.82966e-17  -0.00733241 -1.93344e-18  -0.00165255  1.17097e-17   0.00665031 -4.77015e-18  -0.00583034  9.49897e-19   0.00177743 -3.61261e-18     0.001602  1.30842e-18  -0.00238668   3.2311e-18   0.00134962 -2.77442e-18 -0.000207361  8.01909e-19 -0.000205144  3.03249e-19  0.000132028 -1.59027e-18 -2.19969e-05
 6.75626e-22 -6.25886e-09  1.38419e-20  1.23488e-07  -2.1423e-19 -1.30823e-06  1.16393e-18  9.35141e-06 -3.63679e-18 -4.97781e-05  7.18501e-18  0.000208351  -6.7771e-18 -0.000709122 -6.12633e-18   0.00200568   2.9798e-17  -0.00478076 -4.43525e-17   0.00968161  3.03412e-17   -0.0167023  4.94045e-18     0.024457 -2.63327e-17   -0.0299976  1.27154e-17    0.0298408  9.04598e-18   -0.0221089 -6.15989e-18   0.00851144 -4.57044e-18   0.00561973 -7.80929e-18   -0.0139967  2.63521e-17    0.0133353 -1.89776e-17  -0.00568918 -1.26104e-18   -0.0029715  5.29453e-18     0.007127  4.22419e-20  -0.00551342  3.76194e-18   0.00117313 -9.08582e-18   0.00195808  5.99363e-18   -0.0023726 -3.26255e-18   0.00123646  4.60019e-18 -0.000234386 -3.64209e-18 -7.61607e-05  4.60424e-19   4.2298e-05   1.8391e-18
 6.43863e-10  1.37876e-22 -2.19493e-08   5.6476e-20  3.00089e-07 -4.91216e-19  -2.5439e-06  2.02039e-18  1.54411e-05 -5.23399e-18 -7.21608e-05   8.3255e-18  0.000271113 -4.03132e-18 -0.000842194 -1.40294e-17   0.00220444  3.64381e-17  -0.00492331 -4.07168e-17   0.00945072  1.53875e-17   -0.0156246  1.99757e-17    0.0221438 -2.91781e-17   -0.0264901  9.04598e-18    0.0257611  2.00623e-18    -0.018394  1.18842e-17   0.00589929 -1.58504e-17   0.00689241  -8.5887e-18   -0.0140723   2.6553e-17    0.0125035 -1.50784e-17   -0.0043954   9.9389e-19  -0.00407155 -4.38697e-18   0.00747792  6.98132e-18  -0.00513993    9.947e-19  0.000645155 -2.30092e-18   0.00216023 -6.38462e-18  -0.00229968  1.09742e-17   0.00120059 -9.79042e-18  -0.00033759  6.57372e-18  3.89666e-05 -5.62373e-19  8.89348e-08
-9.10314e-22  2.38041e-09 -6.44653e-21 -4.50397e-08   1.5288e-19  4.58906e-07 -9.07408e-19 -3.17115e-06   3.0321e-18  1.64517e-05  -6.6969e-18 -6.79188e-05  8.35209e-18  0.000231791  2.72737e-19 -0.000671596 -2.09804e-17   0.00168324  3.87594e-17  -0.00369282 -3.33156e-17   0.00712702  2.52987e-18   -0.0120707  2.54145e-17    0.0177417  -2.1513e-17   -0.0221089  2.00623e-18    0.0222879 -6.29362e-18   -0.0161646  2.74661e-17    0.0046166 -2.23431e-17   0.00762131 -8.00478e-18   -0.0142321  2.00862e-17    0.0118821 -7.51896e-18  -0.00322261  3.29443e-18  -0.00503553 -1.09642e-17   0.00766194  5.04524e-18  -0.00474152  1.18292e-17  0.000275714 -1.85645e-17    0.0022233  1.93643e-17  -0.00224659 -2.38038e-17   0.00123332  2.33643e-17 -0.000420429 -1.35508e-17   7.9455e-05 -4.47939e-19
-4.41885e-11 -1.94941e-21  8.23779e-10 -2.65503e-20 -2.53437e-09  3.07285e-19 -4.43274e-08 -1.39518e-18  5.94457e-07  4.04012e-18 -3.80591e-06 -7.77962e-18  1.56206e-05  7.35528e-18 -4.21583e-05  4.74465e-18  5.84598e-05 -2.53639e-17  8.32411e-05  3.75275e-17 -0.000796987 -2.52857e-17   0.00281274 -4.84795e-18  -0.00684201  2.06222e-17    0.0127047 -6.15989e-18    -0.018394 -6.29362e-18    0.0202668 -1.35281e-17   -0.0152277   3.6587e-17   0.00387319 -2.31008e-17   0.00839775  -5.3801e-18   -0.0145109  8.64247e-18    0.0112558  2.13048e-19   -0.0021121  9.28183e-18   -0.0057831 -2.29317e-17   0.00769963  1.78747e-17  -0.00443604 -1.24607e-17  8.26493e-05  2.49614e-17   0.00223479 -3.97715e-17  -0.00221771  4.42426e-17    0.0012137 -3.86477e-17 -0.000388252  1.97287e-17   5.0491e-05
 1.02195e-21   1.6442e-09 -2.68772e-21 -3.55672e-08 -6.09614e-20  4.06552e-07  4.76626e-19 -3.08625e-06 -1.84486e-18  1.71557e-05  4.94954e-18 -7.35657e-05 -8.51056e-18  0.000250602  6.04613e-18 -0.000688007   7.9079e-18   0.00152339 -2.68026e-17  -0.00267019   3.4015e-17    0.0034784 -1.79068e-17  -0.00260703 -7.11123e-18  -0.00137087  8.98583e-18   0.00851144  1.18842e-17   -0.0161646 -1.35281e-17    0.0195242 -1.77936e-17   -0.0148133  3.71287e-17    0.0030731 -1.86701e-17    0.0092629 -2.64238e-19   -0.0146871 -6.57312e-18    0.0105766  9.68349e-18  -0.00118843  8.47905e-18  -0.00630077 -1.53099e-17   0.00772542 -6.14247e-18  -0.00427439  2.99466e-17 -2.23499e-05 -4.68605e-17   0.00221242  6.77064e-17  -0.00207142 -7.89668e-17    0.0010124  6.16345e-17 -0.000246336 -1.76695e-17
-4.15211e-10  3.29473e-21  1.51289e-08  -5.3809e-21 -2.19336e-07  -8.6953e-20  1.95427e-06  5.77009e-19 -1.23399e-05 -2.19977e-18  5.92484e-05  5.84512e-18 -0.000225182 -9.23433e-18  0.000693674  5.34762e-18  -0.00175356   9.0462e-18    0.0036462 -2.57561e-17  -0.00617186  2.85192e-17    0.0082203 -1.02055e-17  -0.00777394 -6.99944e-18   0.00298156 -4.57044e-18   0.00589929  2.74661e-17   -0.0152277 -1.77936e-17    0.0192968 -1.79281e-17   -0.0143235  2.88909e-17    0.0021757 -1.02207e-17   0.00997719  6.14599e-18   -0.0147051 -2.11289e-17    0.0100017  1.47664e-17 -0.000507895  1.39447e-17  -0.00671911 -2.65425e-17   0.00781114  2.68486e-17  -0.00416652 -4.92028e-17 -7.13353e-05  8.78893e-17   0.00199703 -1.16447e-16  -0.00164603  1.20986e-16  0.000643071 -8.39061e-17 -9.18319e-05
-9.21533e-22 -3.62024e-09  9.25557e-21  7.40901e-08 -2.13958e-20 -8.10504e-07 -5.20779e-20  5.95248e-06  5.44749e-19 -3.23646e-05  -2.5454e-18  0.000137401  6.96356e-18 -0.000470198  -1.0349e-17   0.00132212  5.71597e-18  -0.00308541   8.4832e-18   0.00598491 -2.27239e-17  -0.00956019  2.04211e-17    0.0122175 -7.80197e-19    -0.011513 -7.00305e-18   0.00561973 -1.58504e-17    0.0046166   3.6587e-17   -0.0148133 -1.79281e-17     0.018986 -1.38611e-17   -0.0137189  1.36968e-17   0.00143903   5.2703e-19    0.0104671  1.14811e-17   -0.0147375  -2.9027e-17   0.00962306  1.04073e-17  4.65774e-05  2.19797e-17  -0.00711628 -2.21746e-17   0.00785493 -2.68067e-18  -0.00405915  3.68987e-17   0.00010825 -9.35888e-17   0.00139713  1.53145e-16 -0.000975721 -1.58885e-16  0.000270838    7.982e-17
 4.92487e-10 -3.43967e-21  -1.7451e-08  2.49928e-20  2.47137e-07 -7.59855e-20 -2.16122e-06  9.95997e-20  1.34661e-05  4.10973e-19  -6.4206e-05 -3.08018e-18  0.000244223  8.46082e-18 -0.000760544  -1.1879e-17   0.00197016  6.71376e-18  -0.00428064  7.23294e-18   0.00780724  -1.8086e-17    -0.011845  9.64705e-18    0.0145495  1.01119e-17   -0.0134287 -7.80929e-18   0.00689241 -2.23431e-17   0.00387319  3.71287e-17   -0.0143235 -1.38611e-17    0.0185527 -6.44994e-18   -0.0132698 -4.44431e-18   0.00095547  7.34268e-18    0.0109069  2.72322e-17   -0.0148971 -5.94578e-17   0.00933332  5.82852e-17   0.00055328 -6.03616e-17  -0.00736783  8.33746e-17   0.00776987 -7.62971e-17  -0.00413008  8.66317e-18  0.000735623  9.30593e-17   0.00047839 -1.83738e-16 -0.000324103  1.89642e-16  5.25499e-05
 6.18975e-22  2.72374e-09 -1.03779e-20 -5.44647e-08  6.10881e-20  5.84388e-07  -2.0075e-19 -4.22951e-06  3.79506e-19  2.27979e-05  3.05217e-19 -9.66795e-05 -3.92646e-18  0.000333714  1.01336e-17 -0.000958521 -1.32536e-17   0.00232332  7.18837e-18  -0.00478781  6.46427e-18   0.00839339 -1.25907e-17   -0.0124068 -2.20637e-18    0.0150626  2.01711e-17   -0.0139967  -8.5887e-18   0.00762131 -2.31008e-17    0.0030731  2.88909e-17   -0.0137189 -6.44994e-18    0.0182713  4.09283e-18   -0.0130813 -2.83915e-17  0.000554467  3.15698e-17    0.0114173 -1.34486e-17   -0.0150756   4.1462e-17   0.00904894 -1.37589e-16  0.000863205  2.44268e-16  -0.00734255 -3.19425e-16    0.0077278  3.40652e-16  -0.00462417 -2.50004e-16   0.00170856  4.16532e-17 -0.000369978  1.55851e-16  4.37978e-05 -1.77317e-16
-2.21818e-10  2.35731e-21  7.54735e-09 -2.61027e-20 -1.03089e-07  1.29094e-19  8.75225e-07 -4.12202e-19 -5.34366e-06  7.33869e-19  2.52852e-05  3.45536e-19 -9.70622e-05 -4.92145e-18  0.000311585  1.13981e-17 -0.000853789 -1.35594e-17    0.0020225  5.94588e-18  -0.00416398  7.07522e-18   0.00743039 -7.53207e-18   -0.0113418 -1.23417e-17    0.0143674  2.63521e-17   -0.0140723 -8.00478e-18   0.00839775 -1.86701e-17    0.0021757  1.36968e-17   -0.0132698  4.09283e-18    0.0182514  7.95016e-18   -0.0129863 -2.27076e-17  0.000113091 -2.75026e-17    0.0118816   1.4607e-16   -0.0151744 -2.94249e-16    0.0089344  4.91593e-16  0.000800399 -7.58871e-16  -0.00719847  9.89265e-16   0.00799817 -1.01729e-15  -0.00540552  7.69672e-16   0.00249746 -3.16051e-16 -0.000746331 -9.43259e-17  9.80489e-05
-2.40361e-22 -2.53149e-10  6.68069e-21  3.69798e-09  -5.3655e-20 -2.72472e-08  2.33544e-19  1.29241e-07 -6.96578e-19 -4.90663e-07  1.08616e-18  2.10858e-06  4.97384e-19 -1.14163e-05  -5.6412e-18  5.94661e-05  1.16577e-17 -0.000253652 -1.21454e-17  0.000862826  2.49379e-18  -0.00235926  9.31209e-18   0.00522702 -4.09113e-18  -0.00936898 -1.82966e-17    0.0133353   2.6553e-17   -0.0142321  -5.3801e-18    0.0092629 -1.02207e-17   0.00143903 -4.44431e-18   -0.0130813  7.95016e-18    0.0183269  4.00345e-17   -0.0128611 -1.11745e-16 -0.000242091  1.92568e-16    0.0121806 -3.74064e-16   -0.0153603  7.61529e-16   0.00919967 -1.32853e-15  0.000510559  1.93905e-15  -0.00723322 -2.39218e-15   0.00842319  2.40085e-15  -0.00580709 -1.77983e-15   0.00255306  7.60937e-16 -0.000605183  6.31258e-17
-1.13761e-10  -7.7882e-22  4.40226e-09  1.42766e-20 -6.68703e-08 -9.01657e-20  6.16347e-07  3.66926e-19 -3.97342e-06 -1.02221e-18  1.91899e-05  1.40789e-18 -7.20007e-05  5.70019e-19  0.000213265 -5.74083e-18 -0.000496916  1.08001e-17  0.000878289 -9.13659e-18  -0.00102418 -2.56738e-18  0.000183418  1.24666e-17   0.00254748 -2.51656e-18  -0.00733241 -1.89776e-17    0.0125035  2.00862e-17   -0.0145109 -2.64238e-19   0.00997719   5.2703e-19   0.00095547 -2.83915e-17   -0.0129863  4.00345e-17    0.0183738 -4.41661e-17   -0.0128385  1.54175e-16 -0.000373446 -4.89986e-16    0.0124744  1.10804e-15   -0.0158625 -2.06083e-15   0.00970127  3.34255e-15  0.000330208 -4.64811e-15  -0.00728804  5.36397e-15   0.00821949  -4.9421e-15   -0.0051446  3.32719e-15   0.00183889 -1.22354e-15 -0.000257856
-4.86753e-23 -1.53662e-09 -1.56564e-21  3.22631e-08  2.20911e-20 -3.60334e-07 -1.25616e-19  2.68728e-06  5.16657e-19  -1.4744e-05 -1.36675e-18   6.2674e-05  1.73137e-18 -0.000212566  4.15517e-19  0.000583922 -5.33072e-18  -0.00130224  9.36558e-18   0.00232412 -5.44739e-18   -0.0031593 -7.72318e-18    0.0027396  1.49717e-17  0.000144751 -1.93344e-18  -0.00568918 -1.50784e-17    0.0118821  8.64247e-18   -0.0146871  6.14599e-18    0.0104671  7.34268e-18  0.000554467 -2.27076e-17   -0.0128611 -4.41661e-17    0.0185269   2.4955e-16   -0.0130675 -6.48673e-16  -0.00043399  1.42914e-15    0.0130018 -2.86857e-15   -0.0165291  5.04422e-15      0.01005 -7.61406e-15  0.000126761  9.79605e-15  -0.00649869 -1.04852e-14   0.00660193  8.81602e-15  -0.00343851 -5.12726e-15   0.00087236  1.20643e-15
 2.40791e-10 -3.80025e-22 -8.72288e-09 -1.10342e-21   1.2592e-07   2.1938e-20 -1.11876e-06 -1.49315e-19  7.05491e-06  6.77909e-19 -3.38845e-05 -1.71972e-18  0.000129065  2.07161e-18 -0.000399313  1.46626e-19   0.00101634 -4.97043e-18  -0.00213364    8.178e-18    0.0036566 -2.26072e-18  -0.00493943 -1.12296e-17   0.00471399  1.51239e-17  -0.00165255 -1.26104e-18   -0.0043954 -7.51896e-18    0.0112558 -6.57312e-18   -0.0147051  1.14811e-17    0.0109069  3.15698e-17  0.000113091 -1.11745e-16   -0.0128385   2.4955e-16    0.0189388 -6.38394e-16   -0.0133991  1.63396e-15 -0.000668188 -3.60614e-15    0.0135986   6.8208e-15   -0.0169108 -1.12174e-14    0.0103275    1.592e-14  -0.00100358 -1.90596e-14   -0.0040253   1.8598e-14    0.0037096 -1.38248e-14  -0.00150296  6.49492e-15  0.000214858
 1.56727e-22  1.46656e-09 -1.65122e-21 -2.99453e-08  4.61635e-21  3.27351e-07  4.31399e-21  -2.4074e-06 -1.60069e-19  1.31432e-05  8.51803e-19 -5.62251e-05 -2.05236e-18  0.000194752   2.3501e-18  -0.00055739  9.46182e-20   0.00133299  -5.1985e-18  -0.00267075   7.7112e-18   0.00444539  -3.4314e-19    -0.005971 -1.18783e-17   0.00594322  1.17097e-17   -0.0029715   9.9389e-19  -0.00322261  2.13048e-19    0.0105766 -2.11289e-17   -0.0147375  2.72322e-17    0.0114173 -2.75026e-17 -0.000242091  1.54175e-16   -0.0130675 -6.38394e-16    0.0194616  1.80862e-15   -0.0135836 -4.21026e-15 -0.000904609  8.56089e-15    0.0137618 -1.52004e-14   -0.0170264  2.33158e-14    0.0114421 -3.05723e-14  -0.00391124  3.35562e-14 -0.000183537 -2.94465e-14  0.000742958  1.86392e-14 -0.000231547 -5.89373e-15
-1.28308e-10  6.98441e-22   4.4934e-09  -5.2218e-21 -6.30965e-08  2.09101e-20  5.49766e-07  -3.4194e-20 -3.43616e-06 -1.67594e-19   1.6584e-05  1.02569e-18 -6.45967e-05 -2.30598e-18  0.000208922  2.44469e-18 -0.000571341  4.85886e-19   0.00133413 -6.01333e-18   -0.0026635  7.71546e-18   0.00450222  3.31251e-19  -0.00626197 -9.58645e-18   0.00665031  5.29453e-18  -0.00407155  3.29443e-18   -0.0021121  9.68349e-18    0.0100017  -2.9027e-17   -0.0148971 -1.34486e-17    0.0118816  1.92568e-16 -0.000373446 -6.48673e-16   -0.0133991  1.80862e-15    0.0198433  -4.5302e-15   -0.0137942  9.91978e-15 -0.000602933 -1.88407e-14    0.0134542  3.11209e-14   -0.0177725 -4.44487e-14    0.0142275  5.39074e-14  -0.00806961 -5.37658e-14   0.00337841  4.14631e-14 -0.000999014 -2.10423e-14  0.000142914
-1.16845e-22 -2.49161e-10  2.04495e-21  4.54508e-09  -1.2795e-20 -4.52052e-08    5.078e-20  3.13399e-07 -8.72758e-20 -1.70557e-06 -1.79897e-19  7.81845e-06  1.16655e-18 -3.13222e-05 -2.44215e-18  0.000110732  2.33713e-18 -0.000342982  1.16803e-18  0.000918058  -6.8012e-18  -0.00209063  7.39706e-18   0.00397382   3.3923e-19   -0.0061147 -4.77015e-18     0.007127 -4.38697e-18  -0.00503553  9.28183e-18  -0.00118843  1.47664e-17   0.00962306 -5.94578e-17   -0.0150756   1.4607e-16    0.0121806 -4.89986e-16  -0.00043399  1.63396e-15   -0.0135836  -4.5302e-15    0.0202566  1.06287e-14   -0.0145896 -2.16691e-14  0.000310124  3.85559e-14    0.0135642  -5.9454e-14   -0.0199637  7.85342e-14     0.017949  -8.7056e-14   -0.0113719  7.76841e-14   0.00492945 -5.08371e-14  -0.00120133  1.78139e-14
-4.09428e-11 -4.22281e-22  1.62248e-09  4.45976e-21 -2.49998e-08  -2.5208e-20  2.31464e-07   9.2336e-20 -1.48167e-06 -1.44084e-19  6.99551e-06 -1.91364e-19 -2.50505e-05  1.25114e-18  6.78188e-05 -2.50202e-18 -0.000130924  2.16558e-18  0.000133622  1.71368e-18  0.000166524 -6.79073e-18  -0.00117609  5.95827e-18   0.00319654  6.56153e-19  -0.00583034  4.22419e-20   0.00747792 -1.09642e-17   -0.0057831  8.47905e-18 -0.000507895  1.04073e-17   0.00933332   4.1462e-17   -0.0151744 -3.74064e-16    0.0124744  1.42914e-15 -0.000668188 -4.21026e-15   -0.0137942  1.06287e-14    0.0212656 -2.32984e-14   -0.0160592  4.43606e-14  0.000940363  -7.3386e-14    0.0149065  1.04918e-13   -0.0226993 -1.27617e-13    0.0200906  1.28142e-13   -0.0116938 -1.00129e-13   0.00413626  5.23333e-14 -0.000594716
 3.26407e-23 -6.40989e-10  -9.2244e-22  1.35945e-08  7.60218e-21 -1.52843e-07 -4.16335e-20  1.14261e-06  1.40334e-19 -6.24958e-06  -1.9811e-19  2.62837e-05 -1.89343e-19 -8.72234e-05  1.29806e-18  0.000230306 -2.57191e-18 -0.000478021  2.07416e-18  0.000739324  1.80238e-18 -0.000687337 -5.59721e-18 -0.000232231  3.24573e-18   0.00244034  9.49897e-19  -0.00551342  6.98132e-18   0.00766194 -2.29317e-17  -0.00630077  1.39447e-17  4.65774e-05  5.82852e-17   0.00904894 -2.94249e-16   -0.0153603  1.10804e-15    0.0130018 -3.60614e-15 -0.000904609  9.91978e-15   -0.0145896 -2.32984e-14    0.0229633  4.74577e-14   -0.0172957 -8.42643e-14  0.000450716    1.298e-13    0.0164807 -1.71472e-13   -0.0231528  1.90299e-13    0.0182348 -1.70473e-13  -0.00880157  1.12799e-13    0.0022106  -4.1186e-14
 9.86719e-11  6.06252e-23 -3.61689e-09 -1.24868e-21    5.272e-08  1.04904e-20 -4.71767e-07  -6.0468e-20  2.98688e-06  1.89835e-19 -1.43443e-05  -2.4966e-19  5.43256e-05 -1.70938e-19 -0.000165767  1.34426e-18  0.000410866 -2.65646e-18 -0.000821718  2.00224e-18   0.00128333  1.51622e-18  -0.00140297 -3.41599e-18  0.000542539 -7.64381e-19   0.00177743  3.76194e-18  -0.00513993  5.04524e-18   0.00769963 -1.53099e-17  -0.00671911  2.19797e-17   0.00055328 -1.37589e-16    0.0089344  7.61529e-16   -0.0158625 -2.86857e-15    0.0135986  8.56089e-15 -0.000602933 -2.16691e-14   -0.0160592  4.74577e-14    0.0244356  -9.0293e-14   -0.0174322  1.49153e-13 -0.000123362 -2.12693e-13    0.0152707   2.5803e-13   -0.0187503 -2.58697e-13    0.0123973  2.02314e-13  -0.00458165 -1.06526e-13  0.000652168
 1.68424e-23  5.70642e-10 -6.28432e-23 -1.17969e-08 -6.59414e-22   1.3039e-07   1.2317e-20 -9.68034e-07 -8.06395e-20  5.32473e-06  2.37288e-19   -2.289e-05 -3.00198e-19  7.93763e-05 -1.45155e-19 -0.000226143  1.38376e-18  0.000533333 -2.61801e-18  -0.00103634  1.70783e-18   0.00161769  1.19687e-18  -0.00187436  -1.0461e-18   0.00113306 -3.61261e-18   0.00117313    9.947e-19  -0.00474152  1.78747e-17   0.00772542 -2.65425e-17  -0.00711628 -6.03616e-17  0.000863205  4.91593e-16   0.00919967 -2.06083e-15   -0.0165291   6.8208e-15    0.0137618 -1.88407e-14  0.000310124  4.43606e-14   -0.0172957  -9.0293e-14    0.0248024  1.59784e-13   -0.0175032 -2.45084e-13   0.00231861  3.22332e-13   0.00867664 -3.56083e-13  -0.00989192  3.17669e-13    0.0053138 -2.09833e-13  -0.00134022  7.74272e-14
-4.41534e-11  9.40039e-23   1.5686e-09 -6.52047e-22 -2.23615e-08  1.47361e-21  1.98037e-07  1.32672e-20 -1.25999e-06 -1.00816e-19  6.19993e-06  2.78386e-19 -2.46479e-05 -3.45985e-19  8.13392e-05 -1.20687e-19 -0.000226282  1.35408e-18  0.000533382  -2.2674e-18  -0.00105802   9.4794e-19   0.00172174  1.14039e-18   -0.0021467  1.55406e-18     0.001602 -9.08582e-18  0.000645155  1.18292e-17  -0.00443604 -6.14247e-18   0.00781114 -2.21746e-17  -0.00736783  2.44268e-16  0.000800399 -1.32853e-15   0.00970127  5.04422e-15   -0.0169108 -1.52004e-14    0.0134542  3.85559e-14  0.000940363 -8.42643e-14   -0.0174322  1.59784e-13    0.0250926 -2.62795e-13   -0.0206286  3.72635e-13    0.0103154 -4.49066e-13  -0.00244021  4.47043e-13 -0.000266159 -3.47134e-13  0.000237678  1.81728e-13 -5.10835e-06
-2.06973e-23 -4.91812e-11  3.13471e-22  8.64414e-10 -2.01831e-21 -8.59626e-09    5.104e-21  6.37024e-08  1.38627e-20 -3.99446e-07 -1.17269e-19  2.20212e-06   3.0667e-19 -1.05338e-05 -3.75287e-19  4.27162e-05  -1.0809e-19  -0.00014455  1.22015e-18  0.000404131 -1.60317e-18 -0.000922792 -1.44171e-19   0.00168149   1.5437e-18  -0.00230775  1.30842e-18   0.00195808 -2.30092e-18  0.000275714 -1.24607e-17  -0.00427439  2.68486e-17   0.00785493  8.33746e-17  -0.00734255 -7.58871e-16  0.000510559  3.34255e-15      0.01005 -1.12174e-14   -0.0170264  3.11209e-14    0.0135642  -7.3386e-14  0.000450716  1.49153e-13   -0.0175032 -2.62795e-13    0.0284269  4.00559e-13   -0.0292704  -5.2283e-13    0.0225668  5.72537e-13   -0.0134559  -5.0577e-13   0.00589095   3.3061e-13  -0.00153566 -1.20966e-13
