  0.00387585 -4.90442e-19   -0.0119677  3.12392e-18   0.00518442 -3.76462e-18   0.00271874  2.13102e-18  0.000189019 -1.65757e-18 -0.000214615   2.9908e-20 -9.44636e-05  5.17164e-19  -2.0372e-05 -8.26471e-20 -2.58387e-06  1.83799e-21  -1.8097e-07  4.21386e-21 -4.72335e-09
-4.90442e-19    0.0214084 -2.30093e-18   -0.0327585  8.95085e-18   0.00284849 -5.71521e-18   0.00662608  3.47825e-18   0.00214058 -3.90871e-18   0.00021882 -7.78248e-20 -5.22537e-05  6.72536e-19 -2.20261e-05 -4.24581e-20 -3.37101e-06  2.12113e-20 -2.24302e-07  4.16699e-21
  -0.0119677 -2.30093e-18    0.0548183 -6.02434e-18   -0.0491584  1.48299e-17   -0.0103171 -5.75744e-19   0.00623938  4.74983e-18   0.00400079 -5.75178e-18     0.001064 -3.78538e-19  0.000152775  4.49009e-19  1.00657e-05  1.99684e-20 -5.99388e-08  3.15096e-20 -2.62618e-08
 3.12392e-18   -0.0327585 -6.02434e-18    0.0882784 -1.20452e-17   -0.0472705  1.72256e-17    -0.026894   1.3115e-17 -0.000761225  7.29945e-18   0.00314275 -5.67576e-18   0.00128872 -8.31235e-19  0.000263491  3.23529e-20  3.02196e-05  3.94575e-20  1.67135e-06  2.07337e-20
  0.00518442  8.95085e-18   -0.0491584 -1.20452e-17     0.104179 -2.28006e-17   -0.0288665  1.51555e-17   -0.0361685  2.87199e-17   -0.0100986  1.03495e-17   -0.0002588 -4.23486e-18  0.000549706 -1.48863e-18  0.000153797  -3.3016e-19  1.80892e-05  2.08184e-20  7.16184e-07
-3.76462e-18   0.00284849  1.48299e-17   -0.0472705 -2.28006e-17     0.102174 -4.26921e-17  -0.00491933   7.7794e-18   -0.0337019  3.52666e-17   -0.0154933  1.01145e-17  -0.00339953 -3.83903e-18 -0.000357517 -2.27036e-18 -5.39648e-06  -4.7034e-19  1.79423e-06  2.90146e-21
  0.00271874 -5.71521e-18   -0.0103171  1.72256e-17   -0.0288665 -4.26921e-17    0.0941884 -7.29231e-17     0.017339 -7.61396e-18   -0.0215282  2.59766e-17   -0.0140111  3.78451e-18  -0.00405578 -5.43273e-18   -0.0006593 -2.64569e-18 -5.75195e-05 -3.61774e-19 -1.83478e-06
 2.13102e-18   0.00662608 -5.75744e-19    -0.026894  1.51555e-17  -0.00491933 -7.29231e-17    0.0895633 -1.07195e-16    0.0362263 -3.09613e-17  -0.00483708   4.4851e-18  -0.00755228 -6.12027e-18  -0.00254131 -7.05823e-18 -0.000419158 -2.17667e-18 -3.13936e-05 -1.52068e-19
 0.000189019  3.47825e-18   0.00623938   1.3115e-17   -0.0361685   7.7794e-18     0.017339 -1.07195e-16    0.0896588 -1.33979e-16    0.0504536 -5.46691e-17    0.0100402 -1.73099e-17 -0.000672194 -1.33249e-17 -0.000682316 -6.55025e-18  -0.00011697 -1.18658e-18 -5.88266e-06
-1.65757e-18   0.00214058  4.74983e-18 -0.000761225  2.87199e-17   -0.0337019 -7.61396e-18    0.0362263 -1.33979e-16    0.0902863 -1.42934e-16    0.0567795 -6.74547e-17    0.0179307 -2.84821e-17   0.00311344 -1.39578e-17  0.000271575 -4.17559e-18  7.75379e-06  -3.7424e-19
-0.000214615 -3.90871e-18   0.00400079  7.29945e-18   -0.0100986  3.52666e-17   -0.0215282 -3.09613e-17    0.0504536 -1.42934e-16    0.0855519 -1.30355e-16    0.0526949 -6.36018e-17    0.0176389  -2.6738e-17   0.00344011 -9.65668e-18  0.000363349 -1.76432e-18  1.40331e-05
  2.9908e-20   0.00021882 -5.75178e-18   0.00314275  1.03495e-17   -0.0154933  2.59766e-17  -0.00483708 -5.46691e-17    0.0567795 -1.30355e-16    0.0719929 -1.01132e-16    0.0399913 -4.72574e-17    0.0123004 -1.77673e-17   0.00211754 -4.64101e-18   0.00017174 -4.35512e-19
-9.44636e-05 -7.78248e-20     0.001064 -5.67576e-18   -0.0002588  1.01145e-17   -0.0140111   4.4851e-18    0.0100402 -6.74547e-17    0.0526949 -1.01132e-16    0.0515752 -6.61151e-17    0.0244741 -2.79248e-17   0.00637902  -8.7162e-18  0.000861762  -1.5082e-18  4.08998e-05
 5.17164e-19 -5.22537e-05 -3.78538e-19   0.00128872 -4.23486e-18  -0.00339953  3.78451e-18  -0.00755228 -1.73099e-17    0.0179307 -6.36018e-17    0.0399913 -6.61151e-17    0.0305096 -3.59864e-17    0.0118823  -1.3061e-17   0.00246274 -3.12692e-18  0.000231396 -2.90676e-19
 -2.0372e-05  6.72536e-19  0.000152775 -8.31235e-19  0.000549706 -3.83903e-18  -0.00405578 -6.12027e-18 -0.000672194 -2.84821e-17    0.0176389 -4.72574e-17    0.0244741 -3.59864e-17    0.0145415 -1.60629e-17   0.00448466 -4.74663e-18  0.000690248 -7.78452e-19  3.62629e-05
-8.26471e-20 -2.20261e-05  4.49009e-19  0.000263491 -1.48863e-18 -0.000357517 -5.43273e-18  -0.00254131 -1.33249e-17   0.00311344  -2.6738e-17    0.0123004 -2.79248e-17    0.0118823 -1.60629e-17   0.00545231  -5.7554e-18   0.00127947 -1.29122e-18  0.000132358 -1.16096e-19
-2.58387e-06 -4.24581e-20  1.00657e-05  3.23529e-20  0.000153797 -2.27036e-18   -0.0006593 -7.05823e-18 -0.000682316 -1.39578e-17   0.00344011 -1.77673e-17   0.00637902  -1.3061e-17   0.00448466  -5.7554e-18   0.00156333 -1.60144e-18  0.000264307 -2.44818e-19   1.4938e-05
 1.83799e-21 -3.37101e-06  1.99684e-20  3.02196e-05  -3.3016e-19 -5.39648e-06 -2.64569e-18 -0.000419158 -6.55025e-18  0.000271575 -9.65668e-18   0.00211754  -8.7162e-18   0.00246274 -4.74663e-18   0.00127947 -1.60144e-18  0.000329596 -3.27876e-19  3.66512e-05 -2.74242e-20
 -1.8097e-07  2.12113e-20 -5.99388e-08  3.94575e-20  1.80892e-05  -4.7034e-19 -5.75195e-05 -2.17667e-18  -0.00011697 -4.17559e-18  0.000363349 -4.64101e-18  0.000861762 -3.12692e-18  0.000690248 -1.29122e-18  0.000264307 -3.27876e-19  4.80238e-05 -4.49197e-20  2.87148e-06
 4.21386e-21 -2.24302e-07  3.15096e-20  1.67135e-06  2.08184e-20  1.79423e-06 -3.61774e-19 -3.13936e-05 -1.18658e-18  7.75379e-06 -1.76432e-18   0.00017174  -1.5082e-18  0.000231396 -7.78452e-19  0.000132358 -2.44818e-19  3.66512e-05 -4.49197e-20  4.31162e-06 -3.34415e-21
-4.72335e-09  4.16699e-21 -2.62618e-08  2.07337e-20  7.16184e-07  2.90146e-21 -1.83478e-06 -1.52068e-19 -5.88266e-06  -3.7424e-19  1.40331e-05 -4.35512e-19  4.08998e-05 -2.90676e-19  3.62629e-05 -1.16096e-19   1.4938e-05 -2.74242e-20  2.87148e-06 -3.34415e-21  1.79481e-07
