    0.114282 -9.57808e-16    0.0599234 -1.14733e-16   -0.0321925   1.6017e-16   -0.0367093  9.98015e-17 -0.000453268 -2.89574e-17    0.0142992 -4.36479e-17   0.00560714 -8.76728e-20  -0.00328814  1.90388e-17  -0.00346113   4.2907e-18 -0.000233316 -2.90528e-18   0.00116952 -2.09064e-18   0.00061614 -6.33132e-20 -0.000122711  4.64637e-19 -0.000272371  5.37051e-19 -9.62325e-05  1.69676e-19   3.8259e-05 -1.36036e-19    5.048e-05 -1.17199e-19  1.63559e-05 -2.19917e-20 -5.01059e-06   1.8065e-20 -7.18205e-06  1.66202e-20 -2.96146e-06  3.95986e-21 -1.54209e-07 -1.65161e-21  4.85947e-07  -9.6916e-22  3.02725e-07 -2.12098e-22  9.86653e-08 -1.13773e-22  1.77949e-08 -6.69419e-23  5.33036e-10  -1.8337e-23 -6.18988e-10 -1.05442e-24 -1.68661e-10  3.90241e-25 -1.98128e-11   8.4496e-26  -8.0591e-13
-9.57808e-16     0.189987 -3.52163e-16    0.0469614  1.00103e-16   -0.0374457  1.10839e-16   -0.0277875     2.62e-17    0.0041836 -3.53906e-17    0.0129094 -3.08455e-17    0.0039144  1.03769e-17  -0.00363497  1.22668e-17  -0.00342209  1.57498e-18 -0.000181533   -3.014e-18   0.00133288 -1.57459e-18  0.000776938 -4.33052e-19 -0.000112934  4.18313e-19 -0.000362352  8.84264e-19 -0.000161334  3.18938e-19  3.68252e-05 -1.49459e-19  7.62911e-05 -1.72888e-19  3.36679e-05 -5.59508e-20 -2.45612e-06  2.01714e-20 -1.08446e-05  2.98794e-20 -6.10858e-06  9.25068e-21 -1.34935e-06 -5.41822e-22  3.64006e-07 -5.99291e-22  4.31617e-07 -2.68811e-22  1.89769e-07 -2.75731e-22  5.21846e-08 -1.60223e-22  9.49167e-09  -4.3007e-23  1.07985e-09 -4.48125e-24  6.25558e-11  2.66447e-25   5.7695e-13  8.65012e-26
   0.0599234 -3.52163e-16    0.0463157 -7.88913e-17  -0.00105507  1.05853e-17    -0.024315  5.77668e-17   -0.0149775  2.05945e-17   0.00394977 -2.81721e-17    0.0103058  -2.3759e-17   0.00370674  7.79751e-18  -0.00322642  8.79062e-18  -0.00358686  1.01741e-18 -0.000409991 -2.53569e-18   0.00142917  -1.9086e-18  0.000978356 -1.34106e-18 -5.55622e-05   4.2698e-19 -0.000433116  1.17753e-18  -0.00023459  4.80289e-19  1.95645e-05 -1.30338e-19  9.48859e-05 -2.34843e-19  5.33475e-05   -1.104e-19  4.97276e-06  1.42877e-20 -1.18452e-05  3.92639e-20 -8.98204e-06   1.4437e-20 -3.16385e-06  2.55657e-21  -2.9714e-07  8.64756e-22  3.01062e-07  8.51988e-23  1.94151e-07 -2.92939e-22  6.49551e-08  -2.0207e-22  1.41521e-08 -5.36855e-23  2.02123e-09 -6.43686e-24  1.70125e-10   2.1772e-25  5.58202e-12
-1.14733e-16    0.0469614 -7.88913e-17    0.0396298 -4.53107e-17    0.0103547 -6.02617e-18   -0.0175765  4.26204e-17   -0.0163526  1.77053e-17   0.00180592  -3.4487e-17    0.0102477 -1.79587e-17   0.00432621  6.78898e-18  -0.00312663  8.97425e-18  -0.00388845  1.10287e-18  -0.00060871 -1.82218e-18   0.00150387 -2.86089e-18   0.00115313 -2.41566e-18  2.27063e-05  3.04181e-19 -0.000475033  1.37059e-18 -0.000306105   6.8354e-19 -1.28075e-05 -6.28778e-20  0.000102746 -2.98175e-19  7.25918e-05 -1.76309e-19  1.67546e-05 -9.39985e-22 -9.24112e-06  3.85504e-20 -1.04833e-05  1.65004e-20 -4.97252e-06  5.84134e-21 -1.30273e-06  2.84245e-21 -8.36205e-08    8.616e-22   8.2948e-08 -1.03095e-22  3.94721e-08 -1.59568e-22  9.35513e-09 -4.68485e-23  1.28173e-09 -6.02351e-24  8.67257e-11  1.63442e-25
  -0.0321925  1.00103e-16  -0.00105507 -4.53107e-17    0.0310982 -6.00185e-17    0.0120364  1.18439e-17   -0.0160824   5.0379e-17    -0.015267  9.84591e-18   0.00204101 -3.53815e-17    0.0099219 -1.41836e-17   0.00424372  6.70043e-18  -0.00302433  8.54927e-18  -0.00397897  2.66608e-18 -0.000792729 -3.87061e-19   0.00149397 -3.98917e-18   0.00129827 -3.48934e-18  0.000131063 -9.17998e-22 -0.000485634  1.48783e-18 -0.000373734  9.29411e-19 -5.89486e-05  5.18816e-20  9.80063e-05 -3.45997e-19  8.83401e-05 -2.28485e-19  3.13198e-05 -2.18528e-20 -2.78898e-06  2.55328e-20 -9.63601e-06  1.26363e-20 -5.93684e-06  6.82235e-21 -2.18508e-06  4.29226e-21 -5.22359e-07   1.6399e-21 -7.20528e-08  1.56234e-22 -1.42782e-09 -8.05533e-23  1.43613e-09  -3.5751e-23  2.42561e-10 -4.40917e-24  1.15228e-11
  1.6017e-16   -0.0374457  1.05853e-17    0.0103547 -6.00185e-17    0.0302999 -4.66351e-17   0.00765252  2.02255e-17   -0.0155488   5.3985e-17   -0.0134343  4.56656e-18   0.00197901 -2.82737e-17   0.00927864 -1.31131e-17   0.00429689  4.97156e-18  -0.00274644  7.88765e-18  -0.00404865  5.79334e-18  -0.00103128  1.36636e-18   0.00143434   -4.792e-18   0.00143049 -4.32567e-18  0.000261781 -4.12129e-19  -0.00046752  1.50018e-18 -0.000432215  1.16619e-18 -0.000115307  1.86009e-19  7.93039e-05 -3.50821e-19  9.71299e-05 -2.40618e-19   4.6157e-05 -4.07692e-20  6.81196e-06  3.61992e-21 -5.99526e-06  2.30607e-21 -5.34396e-06  4.15204e-21   -2.415e-06  4.35281e-21 -7.37247e-07  1.92184e-21 -1.59741e-07  3.16883e-22 -2.41654e-08 -2.49204e-23 -2.36883e-09 -2.76403e-23 -1.22147e-10   -2.347e-24
  -0.0367093  1.10839e-16    -0.024315 -6.02617e-18    0.0120364 -4.66351e-17    0.0240831 -4.11389e-17   0.00636155  2.03219e-17   -0.0131236  5.42813e-17   -0.0123511  4.90637e-18   0.00135686 -2.22904e-17   0.00878235 -1.39525e-17   0.00449111  1.67235e-18  -0.00246743  7.44421e-18  -0.00411547  9.50549e-18  -0.00127388   3.1057e-18   0.00133764 -4.90004e-18   0.00153707 -4.78108e-18  0.000407249 -8.70882e-19 -0.000418406  1.37382e-18 -0.000475498  1.33234e-18 -0.000177812  3.03101e-19  4.63884e-05 -2.96042e-19  9.58099e-05 -2.03492e-19  5.79936e-05 -5.02051e-20  1.77149e-05 -1.98253e-20 -6.23695e-08  -1.1827e-20  -3.0646e-06 -1.24191e-21 -1.77183e-06  3.02653e-21 -6.02848e-07  1.63626e-21  -1.3822e-07  3.51409e-22 -2.10968e-08 -5.79995e-24 -1.91055e-09 -1.92645e-23 -6.74749e-11
 9.98015e-17   -0.0277875  5.77668e-17   -0.0175765  1.18439e-17   0.00765252 -4.11389e-17     0.020304  -4.4849e-17   0.00651978  2.32971e-17   -0.0117966    5.094e-17   -0.0118597  7.89132e-18   0.00100812 -1.88953e-17   0.00845478 -1.50325e-17    0.0046297 -2.88852e-18  -0.00219815  6.93187e-18  -0.00413644  1.24348e-17  -0.00151656  4.58107e-18    0.0011958 -4.31087e-18   0.00161406 -4.81769e-18  0.000564336 -1.32139e-18 -0.000338064  1.13884e-18 -0.000498322  1.38374e-18 -0.000240862  3.76312e-19  8.17936e-07 -1.89532e-19  8.20548e-05 -1.27697e-19  6.32228e-05 -4.49998e-20  2.70302e-05 -3.65487e-20  6.49736e-06 -2.46265e-20  1.16881e-07 -6.63144e-21 -5.93952e-07  1.20248e-21 -2.61104e-07  1.15517e-21 -6.15584e-08  3.30507e-22 -8.52297e-09 -3.13169e-24 -5.85257e-10 -8.92006e-24
-0.000453268     2.62e-17   -0.0149775  4.26204e-17   -0.0160824  2.02255e-17   0.00636155  -4.4849e-17    0.0190657 -5.01915e-17   0.00610406  2.41106e-17   -0.0111128  4.43389e-17   -0.0112785  1.09452e-17   0.00075875 -1.50417e-17   0.00807763  -1.5658e-17   0.00475303 -7.88127e-18  -0.00188378  5.99211e-18  -0.00412119  1.35933e-17  -0.00176879  5.54792e-18   0.00101285 -3.28146e-18   0.00165966 -4.52863e-18  0.000726218 -1.71668e-18 -0.000227898  8.66826e-19 -0.000495062   1.3071e-18 -0.000297395  3.98984e-19 -5.37977e-05 -5.52725e-20  5.51692e-05 -3.09518e-20  5.87454e-05 -2.15288e-20  3.14089e-05 -4.01265e-20  1.11993e-05 -3.07816e-20  2.74545e-06 -9.40473e-21  4.27999e-07 -1.25786e-22  2.82924e-08  8.46295e-22 -3.16631e-09  2.96031e-22 -7.86591e-10 -1.94637e-25   -4.061e-11
-2.89574e-17    0.0041836  2.05945e-17   -0.0163526   5.0379e-17   -0.0155488  2.03219e-17   0.00651978 -5.01915e-17    0.0175109 -5.14735e-17   0.00548617   1.8476e-17   -0.0102695   3.6655e-17   -0.0107199  1.23672e-17  0.000423004  -9.9174e-18   0.00770555 -1.57944e-17   0.00490692 -1.20377e-17  -0.00154601  4.48557e-18  -0.00408123   1.2975e-17  -0.00202119  5.99572e-18  0.000793171 -2.12118e-18   0.00166765 -4.13289e-18  0.000884894 -2.02551e-18 -9.01109e-05  6.09495e-19 -0.000460742   1.1185e-18 -0.000339313  3.84427e-19 -0.000111369  8.48727e-20   1.7024e-05  7.52776e-20  4.31936e-05   2.1579e-20  2.83555e-05 -2.84255e-20  1.19562e-05 -2.79874e-20  3.63437e-06 -8.97263e-21  8.12059e-07 -6.15549e-22  1.30044e-07  7.56252e-22  1.37943e-08  2.39726e-22  7.82918e-10  3.19435e-24
   0.0142992 -3.53906e-17   0.00394977  1.77053e-17    -0.015267   5.3985e-17   -0.0131236  2.32971e-17   0.00610406 -5.14735e-17     0.015876 -4.67399e-17   0.00521983  1.07806e-17  -0.00949554  2.86328e-17   -0.0103487  1.19535e-17  8.70717e-05 -4.54044e-18   0.00738049 -1.57936e-17   0.00506302 -1.47217e-17  -0.00119539  2.61836e-18  -0.00400712  1.13798e-17  -0.00226732  6.13255e-18  0.000536651 -1.08949e-18   0.00163231 -3.84046e-18   0.00103183 -2.22186e-18   7.0792e-05  3.74394e-19 -0.000391883  8.56733e-19 -0.000357872  3.58717e-19 -0.000163274  2.20509e-19 -2.71191e-05  1.86294e-19  1.84916e-05  7.90472e-20  1.80836e-05 -5.63267e-21  8.63048e-06 -1.87838e-20  2.76703e-06 -6.88932e-21  6.23089e-07 -5.50901e-22   9.5124e-08  7.07462e-22  8.69313e-09  1.56439e-22  3.11066e-10
-4.36479e-17    0.0129094 -2.81721e-17   0.00180592  9.84591e-18   -0.0134343  5.42813e-17   -0.0117966  2.41106e-17   0.00548617 -4.67399e-17    0.0148448  -3.6821e-17   0.00507973  5.92448e-18   -0.0089254   2.0511e-17   -0.0100477  1.14701e-17  -0.00021608  1.24614e-19    0.0070614 -1.58984e-17   0.00521233 -1.59736e-17  -0.00082169  8.33609e-19  -0.00389506  9.65753e-18  -0.00250423  6.17341e-18  0.000245628 -3.70775e-19   0.00154856 -3.73339e-18   0.00115651 -2.30179e-18  0.000247457  1.39266e-19 -0.000287339  5.72037e-19 -0.000344796  3.44215e-19 -0.000198919  3.44743e-19 -6.81905e-05  2.92209e-19 -9.04786e-06  1.35536e-19  4.51059e-06  1.85722e-20  3.41673e-06 -8.87757e-21  1.19371e-06  -5.1255e-21  2.59245e-07 -3.39608e-22  3.45324e-08  5.54318e-22  2.32458e-09  6.79768e-23
  0.00560714 -3.08455e-17    0.0103058  -3.4487e-17   0.00204101  4.56656e-18   -0.0123511    5.094e-17   -0.0111128   1.8476e-17   0.00521983  -3.6821e-17    0.0140382 -2.56723e-17   0.00487638  3.61295e-18  -0.00842206  1.36241e-17  -0.00976921   1.2806e-17 -0.000527691  3.59586e-18   0.00673928 -1.58106e-17   0.00536435 -1.60231e-17 -0.000424996 -4.65178e-19  -0.00374421  8.32658e-18  -0.00272499  6.26204e-18 -7.60037e-05 -6.00082e-20   0.00141087 -3.78175e-18   0.00124678   -2.314e-18  0.000429219   -1.288e-19 -0.000149802  2.99518e-19 -0.000294041  3.34322e-19  -0.00020719   4.3697e-19 -9.44481e-05  3.68312e-19 -3.00553e-05  1.70415e-19 -6.44225e-06  3.42367e-20 -7.47394e-07 -3.04693e-21  2.38769e-08 -4.42297e-21  2.42107e-08 -2.10787e-22  3.53877e-09  3.09107e-22  1.58417e-10
-8.76728e-20    0.0039144  -2.3759e-17    0.0102477 -3.53815e-17   0.00197901  4.90637e-18   -0.0118597  4.43389e-17   -0.0102695  1.07806e-17   0.00507973 -2.56723e-17    0.0132697 -1.69456e-17   0.00472162  1.51508e-18  -0.00794626  9.34133e-18  -0.00954831  1.59545e-17 -0.000851227  5.71617e-18    0.0064219 -1.51984e-17   0.00551492 -1.51902e-17 -7.91409e-06 -1.04588e-18  -0.00354913  7.72502e-18  -0.00292121  6.50031e-18 -0.000423606 -1.32136e-19   0.00121466 -3.90952e-18   0.00128928 -2.34262e-18  0.000601294  -4.5838e-19  1.25588e-05  3.12365e-20 -0.000204223  2.81959e-19 -0.000179826  4.59359e-19 -9.59609e-05  3.84425e-19 -3.69809e-05  1.70769e-19 -1.07367e-05  3.72093e-20  -2.3468e-06 -2.31061e-21 -3.73676e-07 -4.25342e-21 -3.99122e-08 -2.07294e-22 -2.30401e-09   9.3487e-23
 -0.00328814  1.03769e-17   0.00370674 -1.79587e-17    0.0099219 -2.82737e-17   0.00135686  7.89132e-18   -0.0112785   3.6655e-17  -0.00949554  5.92448e-18   0.00487638 -1.69456e-17    0.0126329 -1.13496e-17   0.00463461 -1.25197e-18  -0.00753056  8.04923e-18  -0.00937508  1.94102e-17   -0.0011759  6.37603e-18   0.00610093 -1.43884e-17   0.00565805 -1.39728e-17  0.000431225 -8.40649e-19  -0.00330419  8.10444e-18  -0.00308383  6.92925e-18 -0.000789955 -4.26065e-19   0.00095719  -4.0099e-18   0.00126974 -2.43389e-18  0.000744573  -8.5265e-19  0.000184596 -2.77179e-19 -8.23313e-05  1.30218e-19 -0.000117635  3.83247e-19 -7.16888e-05  3.30201e-19 -2.94743e-05  1.41567e-19 -8.81418e-06  3.04979e-20 -1.91465e-06 -4.41522e-21 -2.87077e-07 -3.85183e-21 -2.60474e-08 -2.35959e-22   -9.319e-10
 1.90388e-17  -0.00363497  7.79751e-18   0.00432621 -1.41836e-17   0.00927864 -2.22904e-17   0.00100812  1.09452e-17   -0.0107199  2.86328e-17   -0.0089254  3.61295e-18   0.00472162 -1.13496e-17    0.0121258 -8.28974e-18   0.00456256 -4.02227e-18   -0.0071614  9.44079e-18  -0.00922991  2.17596e-17  -0.00150866  5.46139e-18   0.00576832 -1.41725e-17   0.00579206 -1.29674e-17  0.000892546  3.86464e-20  -0.00300423  9.42948e-18  -0.00320139  7.46973e-18  -0.00116454 -6.84563e-19  0.000638523 -3.93067e-18   0.00117437 -2.53296e-18  0.000836343 -1.26629e-18  0.000342542 -6.50261e-19  5.14469e-05 -1.25518e-19  -3.6364e-05  2.25008e-19 -3.30853e-05  2.30362e-19 -1.47783e-05  1.01823e-19 -4.35697e-06  2.02856e-20  -8.7198e-07 -6.32043e-21 -1.11064e-07 -2.93709e-21 -7.29054e-09 -1.73757e-22
 -0.00346113  1.22668e-17  -0.00322642  6.78898e-18   0.00424372 -1.31131e-17   0.00878235 -1.88953e-17   0.00075875  1.23672e-17   -0.0103487   2.0511e-17  -0.00842206  1.51508e-18   0.00463461 -8.28974e-18    0.0116858 -7.83961e-18   0.00450832 -5.71186e-18  -0.00681731  1.28526e-17  -0.00911368  2.25864e-17  -0.00185476  3.14599e-18   0.00542102 -1.50721e-17   0.00591265 -1.26552e-17   0.00137442  1.27845e-18  -0.00264313  1.12048e-17  -0.00326018  7.93181e-18  -0.00153295 -6.44284e-19   0.00026356 -3.50173e-18  0.000992466 -2.49179e-18  0.000851607 -1.59566e-18  0.000453117 -1.02884e-18  0.000163089 -4.05365e-19  3.60963e-05  4.80474e-20  1.70853e-06  1.30498e-19 -2.04199e-06  6.97802e-20 -8.39217e-07  1.13812e-20 -1.68844e-07 -6.25345e-21 -1.80436e-08 -1.71178e-21 -7.06828e-10
  4.2907e-18  -0.00342209  8.79062e-18  -0.00312663  6.70043e-18   0.00429689 -1.39525e-17   0.00845478 -1.50417e-17  0.000423004  1.19535e-17   -0.0100477  1.36241e-17  -0.00794626 -1.25197e-18   0.00456256 -7.83961e-18    0.0113067 -1.03789e-17    0.0044834 -5.69061e-18  -0.00649826  1.73547e-17  -0.00902495  2.23514e-17  -0.00221398  8.89864e-20   0.00505333 -1.69527e-17   0.00601352 -1.31967e-17   0.00187489  2.42928e-18  -0.00221482  1.26369e-17  -0.00324446  8.12492e-18  -0.00187539 -1.38694e-19 -0.000155198  -2.6116e-18  0.000719301 -2.13991e-18   0.00076601 -1.70072e-18  0.000479792 -1.27503e-18  0.000216874 -5.91223e-19  7.45913e-05  -7.9347e-20  1.97445e-05  6.60804e-20  3.97808e-06   5.1654e-20  5.89303e-07  5.83458e-21  5.93361e-08 -4.28337e-21  3.29604e-09 -6.19801e-22
-0.000233316  1.57498e-18  -0.00358686  8.97425e-18  -0.00302433  4.97156e-18   0.00449111 -1.50325e-17   0.00807763  -9.9174e-18  8.70717e-05  1.14701e-17  -0.00976921  9.34133e-18  -0.00753056 -4.02227e-18   0.00450832 -1.03789e-17    0.0109928 -1.54386e-17   0.00447929 -4.10387e-18  -0.00620117  2.19187e-17  -0.00895741  2.17518e-17  -0.00258895 -2.76786e-18   0.00465829 -1.92157e-17   0.00608796 -1.43628e-17   0.00239021  3.06717e-18  -0.00171413   1.3043e-17   -0.0031361  7.96722e-18  -0.00216522  8.26646e-19  -0.00059547 -1.26962e-18  0.000360216 -1.37694e-18  0.000566872 -1.47599e-18  0.000402855 -1.26923e-18  0.000197979 -6.17472e-19  7.29755e-05 -1.28864e-19  2.04563e-05  4.38179e-20  4.26989e-06  4.29341e-20  6.25307e-07  3.68978e-21  5.60767e-08 -1.76488e-21  2.00122e-09
-2.90528e-18 -0.000181533  1.01741e-18  -0.00388845  8.54927e-18  -0.00274644  1.67235e-18    0.0046297  -1.5658e-17   0.00770555 -4.54044e-18  -0.00021608   1.2806e-17  -0.00954831  8.04923e-18   -0.0071614 -5.71186e-18    0.0044834 -1.54386e-17    0.0107298 -2.14165e-17   0.00449278 -1.66253e-18  -0.00591816  2.56139e-17  -0.00890836  2.12445e-17  -0.00298286 -4.62662e-18   0.00422949 -2.12095e-17   0.00612729 -1.56545e-17   0.00291391  2.95615e-18  -0.00113719  1.21582e-17  -0.00291475  7.48028e-18  -0.00236919  2.06127e-18  -0.00102317  3.76374e-19 -5.80746e-05 -2.62172e-19  0.000275533 -9.45321e-19  0.000243041 -1.01698e-18  0.000126169 -5.17148e-19  4.62651e-05 -1.17557e-19  1.23409e-05  4.75574e-20  2.33271e-06   3.6863e-20  2.87408e-07  3.56359e-21  1.85303e-08 -1.71841e-22
  0.00116952   -3.014e-18 -0.000409991  1.10287e-18  -0.00397897  7.88765e-18  -0.00246743 -2.88852e-18   0.00475303 -1.57944e-17   0.00738049  1.24614e-19 -0.000527691  1.59545e-17  -0.00937508  9.44079e-18  -0.00681731 -5.69061e-18   0.00447929 -2.14165e-17      0.01051 -2.63465e-17    0.0045265  7.57543e-19  -0.00564535  2.78185e-17  -0.00887566  2.10536e-17   -0.0033976 -5.16682e-18   0.00375945 -2.24806e-17   0.00612028 -1.65355e-17   0.00343647  2.08761e-18 -0.000482411   1.0124e-17  -0.00256034  6.67902e-18  -0.00244884   3.2347e-18  -0.00138451  2.03554e-18  -0.00046949  9.42821e-19 -3.73772e-05 -2.92271e-19  6.21824e-05 -6.56849e-19  4.39771e-05 -3.81626e-19  1.68996e-05 -7.94551e-20  4.27611e-06  5.61749e-20  7.09167e-07   2.9749e-20  6.87666e-08  3.36869e-21  2.56173e-09
-2.09064e-18   0.00133288 -2.53569e-18  -0.00060871  2.66608e-18  -0.00404865  7.44421e-18  -0.00219815 -7.88127e-18   0.00490692 -1.57936e-17    0.0070614  3.59586e-18 -0.000851227  1.94102e-17  -0.00922991  1.28526e-17  -0.00649826 -4.10387e-18   0.00449278 -2.63465e-17    0.0103322 -2.90235e-17   0.00457983  2.46174e-18  -0.00537931  2.84644e-17  -0.00885591  2.13462e-17  -0.00383542 -4.58982e-18   0.00323947 -2.27717e-17   0.00605329 -1.66576e-17   0.00394437  5.73454e-19  0.000245823  7.24578e-18  -0.00205725  5.46019e-18  -0.00235681   3.9422e-18  -0.00159607  3.29784e-18 -0.000768827  1.85765e-18 -0.000273304   2.3554e-19 -7.03715e-05 -3.60364e-19 -1.20371e-05 -2.82675e-19 -9.61966e-07 -3.98973e-20  9.12712e-08  5.61431e-20  3.23957e-08  2.07934e-20  2.85469e-09  2.02443e-21
  0.00061614 -1.57459e-18   0.00142917 -1.82218e-18 -0.000792729  5.79334e-18  -0.00411547  6.93187e-18  -0.00188378 -1.20377e-17   0.00506302 -1.58984e-17   0.00673928  5.71617e-18   -0.0011759  2.17596e-17  -0.00911368  1.73547e-17  -0.00620117 -1.66253e-18    0.0045265 -2.90235e-17    0.0101924 -2.94969e-17   0.00465238  3.16521e-18  -0.00511533  2.80725e-17    -0.008846  2.21985e-17   -0.0042987 -3.36794e-18   0.00266027 -2.19374e-17      0.00591 -1.59943e-17   0.00441669 -1.49152e-18   0.00103247  3.74803e-18  -0.00139256  3.59267e-18  -0.00203399  3.80649e-18  -0.00156169   3.7724e-18 -0.000857354  2.19659e-18  -0.00036215  4.81913e-19 -0.000120165 -2.20911e-19 -3.11742e-05 -2.33104e-19 -6.15056e-06 -1.16977e-20 -8.67392e-07  4.40874e-20 -7.62226e-08  1.11488e-20 -2.70859e-09
-6.33132e-20  0.000776938  -1.9086e-18   0.00150387 -3.87061e-19  -0.00103128  9.50549e-18  -0.00413644  5.99211e-18  -0.00154601 -1.47217e-17   0.00521233 -1.58106e-17    0.0064219  6.37603e-18  -0.00150866  2.25864e-17  -0.00902495  2.19187e-17  -0.00591816  7.57543e-19   0.00457983 -2.94969e-17    0.0100878 -2.86287e-17   0.00474564  2.99968e-18  -0.00484911  2.74302e-17  -0.00884279  2.34468e-17  -0.00478909 -1.88996e-18   0.00201229 -1.99351e-17   0.00566868 -1.48208e-17   0.00482139 -4.07041e-18   0.00185439 -2.96036e-19 -0.000556459  8.85537e-19  -0.00143844  2.66986e-18  -0.00123605  3.33085e-18  -0.00071323  1.95961e-18 -0.000307712  4.58003e-19 -0.000101667 -2.22065e-19 -2.54389e-05 -2.08005e-19 -4.62283e-06 -1.00052e-21 -5.56925e-07  2.46961e-20  -3.5556e-08  3.61397e-21
-0.000122711 -4.33052e-19  0.000978356 -2.86089e-18   0.00149397  1.36636e-18  -0.00127388  1.24348e-17  -0.00412119  4.48557e-18  -0.00119539 -1.59736e-17   0.00536435 -1.51984e-17   0.00610093  5.46139e-18  -0.00185476  2.23514e-17  -0.00895741  2.56139e-17  -0.00564535  2.46174e-18   0.00465238 -2.86287e-17    0.0100173 -2.73926e-17   0.00486097  2.30636e-18  -0.00457635  2.71345e-17  -0.00884209  2.47127e-17  -0.00530692 -2.36501e-19   0.00128348 -1.68561e-17   0.00530002 -1.35219e-17   0.00512064 -7.08025e-18   0.00268075 -4.77442e-18  0.000423957 -2.49539e-18 -0.000615382  8.00969e-19 -0.000692791  2.25688e-18 -0.000421192  1.42158e-18 -0.000179112  2.84513e-19 -5.58954e-05 -2.86359e-19 -1.26693e-05 -1.85863e-19 -1.97381e-06 -6.89838e-21 -1.84936e-07  7.17209e-21 -6.78459e-09
 4.64637e-19 -0.000112934 -1.34106e-18   0.00115313 -3.98917e-18   0.00143434   3.1057e-18  -0.00151656  1.35933e-17  -0.00408123  2.61836e-18  -0.00082169 -1.60231e-17   0.00551492 -1.43884e-17   0.00576832  3.14599e-18  -0.00221398  2.17518e-17  -0.00890836  2.78185e-17  -0.00537931  3.16521e-18   0.00474564 -2.73926e-17   0.00998035 -2.65679e-17   0.00499998  1.40858e-18  -0.00429175  2.73112e-17    -0.008838  2.56272e-17  -0.00585317  1.80574e-18  0.000458275  -1.2902e-17   0.00477537 -1.22943e-17   0.00527385 -1.01682e-17    0.0034397 -9.18214e-18   0.00141928 -5.82048e-18  0.000254274 -1.12073e-18 -0.000117977  1.11394e-18 -0.000123322  9.19654e-19 -5.75939e-05  8.04152e-20 -1.74526e-05 -3.42617e-19 -3.55957e-06 -1.62621e-19 -4.59042e-07 -1.85467e-20 -3.03287e-08 -1.09217e-21
-0.000272371  4.18313e-19 -5.55622e-05 -2.41566e-18   0.00129827   -4.792e-18   0.00133764  4.58107e-18  -0.00176879   1.2975e-17  -0.00400712  8.33609e-19 -0.000424996 -1.51902e-17   0.00565805 -1.41725e-17   0.00542102  8.89864e-20  -0.00258895  2.12445e-17  -0.00887566  2.84644e-17  -0.00511533  2.99968e-18   0.00486097 -2.65679e-17   0.00997663 -2.67211e-17   0.00516545  4.97879e-19  -0.00398842  2.76087e-17    -0.008825  2.60157e-17   -0.0064301  4.51676e-18 -0.000472144 -8.28781e-18   0.00407214 -1.08868e-17   0.00520684 -1.25323e-17   0.00396384 -1.24883e-17    0.0021802  -8.0355e-18  0.000910351 -2.35645e-18  0.000290731  4.02415e-19  6.98292e-05  6.28692e-19  1.21008e-05 -9.49276e-20  1.39695e-06 -3.57204e-19  9.15503e-08 -1.37344e-19  2.31422e-09 -2.21558e-20  1.18952e-11
 5.37051e-19 -0.000362352   4.2698e-19  2.27063e-05 -3.48934e-18   0.00143049 -4.90004e-18    0.0011958  5.54792e-18  -0.00202119  1.13798e-17  -0.00389506 -4.65178e-19 -7.91409e-06 -1.39728e-17   0.00579206 -1.50721e-17   0.00505333 -2.76786e-18  -0.00298286  2.10536e-17  -0.00885591  2.80725e-17  -0.00484911  2.30636e-18   0.00499998 -2.67211e-17    0.0100072  -2.8076e-17   0.00536176 -3.78311e-19  -0.00366019  2.73872e-17  -0.00879843   2.5857e-17  -0.00702986  7.96286e-18  -0.00150347 -3.11144e-18   0.00314434  -8.5989e-18   0.00476853 -1.31065e-17   0.00400567 -1.35885e-17   0.00244526  -8.4159e-18   0.00116297 -2.54905e-18  0.000440277   2.8353e-19  0.000132461  5.07362e-19  3.10131e-05 -2.22218e-19  5.39414e-06 -3.23765e-19  6.34436e-07 -1.03584e-19  4.02389e-08 -1.39148e-20
-9.62325e-05  8.84264e-19 -0.000433116  3.04181e-19  0.000131063 -4.32567e-18   0.00153707 -4.31087e-18   0.00101285  5.99572e-18  -0.00226732  9.65753e-18  -0.00374421 -1.04588e-18  0.000431225 -1.29674e-17   0.00591265 -1.69527e-17   0.00465829 -4.62662e-18   -0.0033976  2.13462e-17    -0.008846  2.74302e-17  -0.00457635  1.40858e-18   0.00516545  -2.8076e-17    0.0100748 -3.02519e-17   0.00559244 -1.27521e-18  -0.00330211  2.59866e-17  -0.00874276  2.51299e-17   -0.0076284  1.19156e-17  -0.00264823  2.69228e-18   0.00188761 -4.73133e-18   0.00377417 -1.12303e-17   0.00338647 -1.21257e-17   0.00212194 -7.09346e-18   0.00101309 -1.87154e-18  0.000376633   5.6666e-19  0.000108256  4.24884e-19  2.33208e-05 -2.81662e-19   3.5281e-06 -2.46678e-19  3.26153e-07 -6.12686e-20  1.19542e-08
 1.69676e-19 -0.000161334  1.17753e-18 -0.000475033 -9.17998e-22  0.000261781 -4.78108e-18   0.00161406 -3.28146e-18  0.000793171  6.13255e-18  -0.00250423  8.32658e-18  -0.00354913 -8.40649e-19  0.000892546 -1.26552e-17   0.00601352 -1.92157e-17   0.00422949 -5.16682e-18  -0.00383542  2.21985e-17  -0.00884279  2.71345e-17  -0.00429175  4.97879e-19   0.00536176 -3.02519e-17    0.0101814 -3.22323e-17   0.00585953  -2.2976e-18   -0.0028986  2.30158e-17  -0.00862618  2.38183e-17  -0.00821722  1.60353e-17  -0.00396614   9.1187e-18  0.000201736  6.65687e-19   0.00217938 -7.33655e-18   0.00218373 -8.91304e-18   0.00137963 -4.93629e-18  0.000637018 -7.97996e-19  0.000222069  9.21175e-19  5.79679e-05  3.20736e-19   1.0881e-05 -2.50818e-19  1.34203e-06 -1.44501e-19  8.70226e-08  -2.3616e-20
  3.8259e-05  3.18938e-19  -0.00023459  1.37059e-18 -0.000485634 -4.12129e-19  0.000407249 -4.81769e-18   0.00165966 -2.12118e-18  0.000536651  6.17341e-18  -0.00272499  7.72502e-18  -0.00330419  3.86464e-20   0.00137442 -1.31967e-17   0.00608796 -2.12095e-17   0.00375945 -4.58982e-18   -0.0042987  2.34468e-17  -0.00884209  2.73112e-17  -0.00398842 -3.78311e-19   0.00559244 -3.22323e-17    0.0103274  -3.2813e-17    0.0061755  -3.5426e-18  -0.00241876  1.86203e-17  -0.00843449  2.20831e-17  -0.00883163   2.0012e-17  -0.00548973  1.56148e-17  -0.00182535  6.38666e-18  0.000249295 -2.91987e-18  0.000765729 -5.46841e-18  0.000555163 -2.89557e-18  0.000256283  2.37013e-19  8.39575e-05  1.12492e-18  1.96263e-05  2.43081e-19  3.11722e-06 -1.40102e-19  2.95184e-07 -5.46309e-20  1.08672e-08
-1.36036e-19  3.68252e-05  4.80289e-19 -0.000306105  1.48783e-18  -0.00046752 -8.70882e-19  0.000564336 -4.52863e-18   0.00166765 -1.08949e-18  0.000245628  6.26204e-18  -0.00292121  8.10444e-18  -0.00300423  1.27845e-18   0.00187489 -1.43628e-17   0.00612729 -2.24806e-17   0.00323947 -3.36794e-18  -0.00478909  2.47127e-17    -0.008838  2.76087e-17  -0.00366019 -1.27521e-18   0.00585953  -3.2813e-17    0.0105234 -3.13024e-17   0.00656741 -5.01307e-18  -0.00185204  1.35251e-17  -0.00819844  2.02419e-17  -0.00946936  2.33791e-17  -0.00704069  2.08443e-17  -0.00378303  1.05794e-17  -0.00148463  3.37224e-19 -0.000398139 -3.04987e-18 -5.20629e-05 -1.43125e-18  9.51032e-06  1.02261e-18  6.99117e-06  1.16811e-18   1.8229e-06  2.52648e-19  2.57651e-07 -1.19814e-20  1.73058e-08 -8.18451e-21
   5.048e-05 -1.49459e-19  1.95645e-05   6.8354e-19 -0.000373734  1.50018e-18 -0.000418406 -1.32139e-18  0.000726218 -4.13289e-18   0.00163231 -3.70775e-19 -7.60037e-05  6.50031e-18  -0.00308383  9.42948e-18  -0.00264313  2.42928e-18   0.00239021 -1.56545e-17   0.00612028 -2.27717e-17   0.00266027 -1.88996e-18  -0.00530692  2.56272e-17    -0.008825  2.73872e-17  -0.00330211  -2.2976e-18    0.0061755 -3.13024e-17    0.0107948 -2.79418e-17   0.00704024 -6.60642e-18  -0.00123489  8.57705e-18  -0.00790777  1.83545e-17  -0.00991193  2.52522e-17  -0.00813574  2.32038e-17  -0.00506346  1.19013e-17  -0.00250817  1.53343e-18  -0.00100632 -2.00737e-18 -0.000327283 -4.41677e-19 -8.50765e-05  1.55611e-18 -1.70954e-05  1.15763e-18 -2.48453e-06  3.22796e-19 -2.26747e-07  5.72608e-20 -8.40389e-09
-1.17199e-19  7.62911e-05 -1.30338e-19 -1.28075e-05  9.29411e-19 -0.000432215  1.37382e-18 -0.000338064 -1.71668e-18  0.000884894 -3.84046e-18   0.00154856 -6.00082e-20 -0.000423606  6.92925e-18  -0.00320139  1.12048e-17  -0.00221482  3.06717e-18   0.00291391 -1.65355e-17   0.00605329 -2.19374e-17   0.00201229 -2.36501e-19  -0.00585317  2.60157e-17  -0.00879843  2.59866e-17   -0.0028986  -3.5426e-18   0.00656741 -2.79418e-17    0.0111439 -2.38144e-17    0.0075506  -8.4085e-18 -0.000561843  3.94226e-18   -0.0073384  1.58372e-17  -0.00966815  2.45608e-17  -0.00818579  2.18706e-17  -0.00522146   1.0315e-17  -0.00262968  8.35788e-19  -0.00105822 -1.83166e-18 -0.000337719  4.07766e-19 -8.33546e-05  1.91597e-18 -1.51464e-05  1.14543e-18 -1.84176e-06  3.53735e-19 -1.19489e-07  4.69386e-20
 1.63559e-05 -1.72888e-19  9.48859e-05 -6.28778e-20 -5.89486e-05  1.16619e-18 -0.000475498  1.13884e-18 -0.000227898 -2.02551e-18   0.00103183 -3.73339e-18   0.00141087 -1.32136e-19 -0.000789955  7.46973e-18  -0.00326018  1.26369e-17  -0.00171413  2.95615e-18   0.00343647 -1.66576e-17      0.00591 -1.99351e-17   0.00128348  1.80574e-18   -0.0064301   2.5857e-17  -0.00874276  2.30158e-17  -0.00241876 -5.01307e-18   0.00704024 -2.38144e-17    0.0115246 -2.05461e-17   0.00809756 -1.11991e-17  0.000382985 -1.26946e-18  -0.00602595  1.17454e-17  -0.00823115  2.08308e-17  -0.00690627  1.74579e-17  -0.00428054  6.85087e-18  -0.00205895 -8.84704e-19 -0.000776224 -1.66875e-18 -0.000226621   1.3173e-18 -4.95561e-05  2.12567e-18 -7.59776e-06  1.07047e-18 -7.10394e-07  2.76777e-19 -2.62844e-08
-2.19917e-20  3.36679e-05 -2.34843e-19  0.000102746  5.18816e-20 -0.000115307  1.33234e-18 -0.000498322  8.66826e-19 -9.01109e-05 -2.22186e-18   0.00115651 -3.78175e-18   0.00121466 -4.26065e-19  -0.00116454  7.93181e-18  -0.00324446   1.3043e-17  -0.00113719  2.08761e-18   0.00394437 -1.59943e-17   0.00566868 -1.68561e-17  0.000458275  4.51676e-18  -0.00702986  2.51299e-17  -0.00862618  1.86203e-17  -0.00185204 -6.60642e-18    0.0075506 -2.05461e-17    0.0119332 -2.01097e-17   0.00888845  -1.6511e-17   0.00203103  -8.2972e-18  -0.00356361  5.70225e-18  -0.00551411  1.48155e-17   -0.0045915  1.16038e-17  -0.00272189  2.76616e-18   -0.0012235 -2.53061e-18 -0.000421725 -9.03428e-19 -0.000109682  2.19442e-18 -2.05974e-05  2.11488e-18 -2.54774e-06  8.55909e-19 -1.65937e-07  1.30264e-19
-5.01059e-06 -5.59508e-20  5.33475e-05 -2.98175e-19  9.80063e-05  1.86009e-19 -0.000177812  1.38374e-18 -0.000495062  6.09495e-19   7.0792e-05 -2.30179e-18   0.00124678 -3.90952e-18   0.00095719 -6.84563e-19  -0.00153295  8.12492e-18   -0.0031361  1.21582e-17 -0.000482411  5.73454e-19   0.00441669 -1.48208e-17   0.00530002  -1.2902e-17 -0.000472144  7.96286e-18   -0.0076284  2.38183e-17  -0.00843449  1.35251e-17  -0.00123489  -8.4085e-18   0.00809756 -2.01097e-17    0.0125739 -2.45008e-17    0.0103317 -2.56624e-17   0.00470581 -1.73155e-17   -4.483e-05  -1.3733e-18  -0.00207201  8.23383e-18  -0.00199215  5.87989e-18  -0.00117864 -9.58108e-19 -0.000500763 -3.15128e-18 -0.000157316  4.77996e-19 -3.59508e-05  2.75172e-18 -5.64228e-06  1.81506e-18  -5.3153e-07  5.24993e-19 -1.95585e-08
  1.8065e-20 -2.45612e-06   -1.104e-19  7.25918e-05 -3.45997e-19  7.93039e-05  3.03101e-19 -0.000240862   1.3071e-18 -0.000460742  3.74394e-19  0.000247457   -2.314e-18   0.00128928  -4.0099e-18  0.000638523 -6.44284e-19  -0.00187539  7.96722e-18  -0.00291475   1.0124e-17  0.000245823 -1.49152e-18   0.00482139 -1.35219e-17   0.00477537 -8.28781e-18  -0.00150347  1.19156e-17  -0.00821722  2.20831e-17  -0.00819844  8.57705e-18 -0.000561843 -1.11991e-17   0.00888845 -2.45008e-17    0.0138472 -3.48109e-17    0.0126995 -3.81787e-17   0.00818261  -2.6586e-17   0.00377321 -7.55734e-18   0.00113504  2.72476e-18  0.000110024  1.08631e-18 -9.46905e-05 -3.53471e-18 -6.28936e-05 -2.34061e-18 -2.11179e-05  1.93678e-18 -4.45701e-06  2.75622e-18 -5.74638e-07  1.27942e-18 -3.69888e-08  2.06317e-19
-7.18205e-06  2.01714e-20  4.97276e-06 -1.76309e-19  8.83401e-05 -3.50821e-19  4.63884e-05  3.76312e-19 -0.000297395   1.1185e-18 -0.000391883  1.39266e-19  0.000429219 -2.34262e-18   0.00126974 -3.93067e-18   0.00026356 -1.38694e-19  -0.00216522  7.48028e-18  -0.00256034  7.24578e-18   0.00103247 -4.07041e-18   0.00512064 -1.22943e-17   0.00407214 -3.11144e-18  -0.00264823  1.60353e-17  -0.00883163  2.02419e-17  -0.00790777  3.94226e-18  0.000382985  -1.6511e-17    0.0103317 -3.48109e-17    0.0160083 -4.98584e-17    0.0156918 -5.09681e-17    0.0115757 -3.31209e-17   0.00680683 -1.11088e-17   0.00326874   -1.059e-18   0.00129271 -2.51056e-18   0.00041961  -4.3356e-18  0.000109968 -5.11831e-19  2.24585e-05  2.81696e-18   3.3373e-06    2.229e-18  3.12627e-07  6.88213e-19  1.19173e-08
 1.66202e-20 -1.08446e-05  1.42877e-20  1.67546e-05 -2.28485e-19  9.71299e-05 -2.96042e-19  8.17936e-07  3.98984e-19 -0.000339313  8.56733e-19 -0.000287339   -1.288e-19  0.000601294 -2.43389e-18   0.00117437 -3.50173e-18 -0.000155198  8.26646e-19  -0.00236919  6.67902e-18  -0.00205725  3.74803e-18   0.00185439 -7.08025e-18   0.00527385 -1.08868e-17   0.00314434  2.69228e-18  -0.00396614   2.0012e-17  -0.00946936  1.83545e-17   -0.0073384 -1.26946e-18   0.00203103 -2.56624e-17    0.0126995 -4.98584e-17    0.0187332 -6.54919e-17    0.0183576 -5.93646e-17    0.0137517 -3.44907e-17   0.00824776 -1.15842e-17   0.00402289 -3.41314e-18    0.0015946 -4.59987e-18  0.000506633 -3.29498e-18   0.00012538  1.34717e-18  2.29591e-05  2.82365e-18  2.82385e-06  1.43479e-18  1.85851e-07  2.39714e-19
-2.96146e-06  2.98794e-20 -1.18452e-05 -9.39985e-22  3.13198e-05 -2.40618e-19  9.58099e-05 -1.89532e-19 -5.37977e-05  3.84427e-19 -0.000357872  5.72037e-19 -0.000149802  -4.5838e-19  0.000744573 -2.53296e-18  0.000992466  -2.6116e-18  -0.00059547  2.06127e-18  -0.00244884  5.46019e-18  -0.00139256 -2.96036e-19   0.00268075 -1.01682e-17   0.00520684  -8.5989e-18   0.00188761   9.1187e-18  -0.00548973  2.33791e-17  -0.00991193  1.58372e-17  -0.00602595  -8.2972e-18   0.00470581 -3.81787e-17    0.0156918 -6.54919e-17    0.0210516 -7.57866e-17    0.0195543 -5.96835e-17    0.0139791 -3.03979e-17   0.00796853 -9.96888e-18   0.00365647 -4.77998e-18   0.00134279 -4.84309e-18  0.000386997  -1.2037e-18  8.43134e-05  2.37412e-18  1.29673e-05  2.16005e-18  1.22286e-06  6.97358e-19  4.58406e-08
 3.95986e-21 -6.10858e-06  3.92639e-20 -9.24112e-06 -2.18528e-20   4.6157e-05 -2.03492e-19  8.20548e-05 -5.52725e-20 -0.000111369  3.58717e-19 -0.000344796  2.99518e-19  1.25588e-05  -8.5265e-19  0.000836343 -2.49179e-18  0.000719301 -1.26962e-18  -0.00102317   3.2347e-18  -0.00235681  3.59267e-18 -0.000556459 -4.77442e-18    0.0034397 -1.25323e-17   0.00476853 -4.73133e-18  0.000201736  1.56148e-17  -0.00704069  2.52522e-17  -0.00966815  1.17454e-17  -0.00356361 -1.73155e-17   0.00818261 -5.09681e-17    0.0183576 -7.57866e-17    0.0218218 -7.60303e-17    0.0186232  -5.1506e-17    0.0123159 -2.28377e-17   0.00647527 -7.77545e-18   0.00271707 -5.16827e-18  0.000899953 -3.44785e-18  0.000229134  7.23758e-19  4.26777e-05  2.36475e-18  5.28769e-06  1.28287e-18  3.47731e-07  2.19607e-19
-1.54209e-07  9.25068e-21 -8.98204e-06  3.85504e-20 -2.78898e-06 -4.07692e-20  5.79936e-05 -1.27697e-19  5.51692e-05  8.48727e-20 -0.000163274  3.44215e-19 -0.000294041  3.12365e-20  0.000184596 -1.26629e-18  0.000851607 -2.13991e-18  0.000360216  3.76374e-19  -0.00138451   3.9422e-18  -0.00203399  8.85537e-19  0.000423957 -9.18214e-18   0.00396384 -1.31065e-17   0.00377417  6.65687e-19  -0.00182535  2.08443e-17  -0.00813574  2.45608e-17  -0.00823115  5.70225e-18   -4.483e-05  -2.6586e-17    0.0115757 -5.93646e-17    0.0195543 -7.60303e-17    0.0204143  -6.5569e-17    0.0157585 -3.79393e-17   0.00948815 -1.48063e-17   0.00453068 -5.94414e-18   0.00171224 -4.41688e-18  0.000503387 -1.36797e-18  0.000111081  1.67874e-18  1.72031e-05  1.70782e-18  1.62578e-06  5.69375e-19   6.0834e-08
-1.65161e-21 -1.34935e-06   1.4437e-20 -1.04833e-05  2.55328e-20  6.81196e-06 -5.02051e-20  6.32228e-05 -3.09518e-20   1.7024e-05  2.20509e-19 -0.000198919  3.34322e-19 -0.000204223 -2.77179e-19  0.000342542 -1.59566e-18   0.00076601 -1.37694e-18 -5.80746e-05  2.03554e-18  -0.00159607  3.80649e-18  -0.00143844 -2.49539e-18   0.00141928 -1.24883e-17   0.00400567 -1.12303e-17   0.00217938  6.38666e-18  -0.00378303  2.32038e-17  -0.00818579  2.08308e-17  -0.00551411  -1.3733e-18   0.00377321 -3.31209e-17    0.0137517 -5.96835e-17    0.0186232  -6.5569e-17    0.0170729 -4.82331e-17    0.0118347 -2.36917e-17   0.00643029 -8.57725e-18   0.00276191 -4.50246e-18  0.000929852 -2.79701e-18  0.000239343  2.93005e-19  4.48752e-05  1.64779e-18   5.5775e-06  9.37748e-19  3.66907e-07  1.63312e-19
 4.85947e-07 -5.41822e-22 -3.16385e-06  1.65004e-20 -9.63601e-06  3.61992e-21  1.77149e-05 -4.49998e-20  5.87454e-05  7.52776e-20 -2.71191e-05  3.44743e-19  -0.00020719  2.81959e-19 -8.23313e-05 -6.50261e-19  0.000453117 -1.70072e-18  0.000566872 -2.62172e-19  -0.00046949  3.29784e-18  -0.00156169  2.66986e-18 -0.000615382 -5.82048e-18    0.0021802 -1.35885e-17   0.00338647 -7.33655e-18  0.000249295  1.05794e-17  -0.00506346  2.18706e-17  -0.00690627  1.48155e-17  -0.00207201 -7.55734e-18   0.00680683 -3.44907e-17    0.0139791  -5.1506e-17    0.0157585 -4.82331e-17    0.0127239 -2.99441e-17   0.00789311 -1.24933e-17   0.00384794 -4.78034e-18   0.00147543 -3.11232e-18   0.00043808  -1.0631e-18  9.72882e-05  1.01139e-18  1.51214e-05  1.11741e-18  1.43099e-06  3.81116e-19    5.352e-08
 -9.6916e-22  3.64006e-07  2.55657e-21 -4.97252e-06  1.26363e-20 -5.99526e-06 -1.98253e-20  2.70302e-05 -2.15288e-20  4.31936e-05  1.86294e-19 -6.81905e-05   4.3697e-19 -0.000179826  1.30218e-19  5.14469e-05 -1.02884e-18  0.000479792 -1.47599e-18  0.000275533  9.42821e-19 -0.000768827   3.7724e-18  -0.00123605  8.00969e-19  0.000254274  -8.0355e-18   0.00244526 -1.21257e-17   0.00218373 -2.91987e-18  -0.00148463  1.19013e-17  -0.00522146  1.74579e-17   -0.0045915  8.23383e-18   0.00113504 -1.11088e-17   0.00824776 -3.03979e-17    0.0123159 -3.79393e-17    0.0118347 -2.99441e-17   0.00844465  -1.5445e-17   0.00467851 -5.65615e-18   0.00203674 -2.75781e-18  0.000692117 -1.71669e-18  0.000179259  1.00713e-19  3.37388e-05  9.62955e-19   4.2015e-06   5.6577e-19  2.76502e-07  9.96945e-20
 3.02725e-07 -5.99291e-22  -2.9714e-07  5.84134e-21 -5.93684e-06  2.30607e-21 -6.23695e-08 -3.65487e-20  3.14089e-05   2.1579e-20  1.84916e-05  2.92209e-19 -9.44481e-05  4.59359e-19 -0.000117635 -1.25518e-19  0.000163089 -1.27503e-18  0.000402855 -9.45321e-19 -3.73772e-05  1.85765e-18 -0.000857354  3.33085e-18 -0.000692791 -1.12073e-18  0.000910351  -8.4159e-18   0.00212194 -8.91304e-18  0.000765729  3.37224e-19  -0.00250817   1.0315e-17  -0.00428054  1.16038e-17  -0.00199215  2.72476e-18   0.00326874 -1.15842e-17   0.00796853 -2.28377e-17   0.00948815 -2.36917e-17   0.00789311  -1.5445e-17    0.0049907 -6.49594e-18   0.00246473  -2.3874e-18  0.000953548 -1.58853e-18  0.000284853  -5.8911e-19  6.35101e-05  5.25459e-19  9.89389e-06  6.07184e-19  9.37194e-07  2.10138e-19  3.50474e-08
-2.12098e-22  4.31617e-07  8.64756e-22 -1.30273e-06  6.82235e-21 -5.34396e-06  -1.1827e-20  6.49736e-06 -4.01265e-20  2.83555e-05  7.90472e-20 -9.04786e-06  3.68312e-19 -9.59609e-05  3.83247e-19  -3.6364e-05 -4.05365e-19  0.000216874 -1.26923e-18  0.000243041 -2.92271e-19 -0.000273304  2.19659e-18  -0.00071323  2.25688e-18 -0.000117977 -2.35645e-18   0.00116297 -7.09346e-18   0.00137963 -5.46841e-18 -0.000398139  1.53343e-18  -0.00262968  6.85087e-18  -0.00272189  5.87989e-18  0.000110024   -1.059e-18   0.00402289 -9.96888e-18   0.00647527 -1.48063e-17   0.00643029 -1.24933e-17   0.00467851 -6.49594e-18   0.00262538  -2.2413e-18   0.00115298 -1.10829e-18  0.000394162 -7.78157e-19  0.000102499  4.46246e-20    1.934e-05  4.71274e-19   2.4116e-06    2.816e-19  1.58766e-07   4.9984e-20
 9.86653e-08 -2.68811e-22  3.01062e-07  2.84245e-21 -2.18508e-06  4.15204e-21  -3.0646e-06 -2.46265e-20  1.11993e-05 -2.84255e-20  1.80836e-05  1.35536e-19 -3.00553e-05  3.84425e-19 -7.16888e-05  2.25008e-19  3.60963e-05 -5.91223e-19  0.000197979 -1.01698e-18  6.21824e-05   2.3554e-19  -0.00036215  1.95961e-18 -0.000421192  1.11394e-18  0.000290731 -2.54905e-18   0.00101309 -4.93629e-18  0.000555163 -3.04987e-18  -0.00100632  8.35788e-19  -0.00205895  2.76616e-18  -0.00117864  1.08631e-18   0.00129271 -3.41314e-18   0.00365647 -7.77545e-18   0.00453068 -8.57725e-18   0.00384794 -5.65615e-18   0.00246473  -2.2413e-18   0.00122786 -7.49042e-19  0.000477875 -5.89693e-19  0.000143336 -2.41858e-19  3.20425e-05  2.32818e-19  4.99953e-06  2.72293e-19  4.73909e-07  9.50176e-20  1.77224e-08
-1.13773e-22  1.89769e-07  8.51988e-23 -8.36205e-08  4.29226e-21   -2.415e-06 -1.24191e-21  1.16881e-07 -3.07816e-20  1.19562e-05 -5.63267e-21  4.51059e-06  1.70415e-19 -3.69809e-05  3.30201e-19 -3.30853e-05  4.80474e-20  7.45913e-05 -6.17472e-19  0.000126169 -6.56849e-19 -7.03715e-05  4.81913e-19 -0.000307712  1.42158e-18 -0.000123322  4.02415e-19  0.000440277 -1.87154e-18  0.000637018 -2.89557e-18 -5.20629e-05 -2.00737e-18  -0.00105822 -8.84704e-19   -0.0012235 -9.58108e-19 -9.46905e-05 -2.51056e-18    0.0015946 -4.77998e-18   0.00271707 -5.94414e-18   0.00276191 -4.78034e-18   0.00203674  -2.3874e-18   0.00115298 -7.49042e-19  0.000509372 -3.66361e-19  0.000174847 -2.88748e-19  4.55925e-05  1.90626e-20  8.61742e-06  1.89764e-19  1.07555e-06  1.14471e-19  7.08294e-08  2.04104e-20
