 8.09763e-34  -2.6769e-36 -7.06176e-34 -1.90274e-35   5.4049e-34  -8.6104e-36  4.64294e-34  -3.4825e-36 -3.96026e-34 -2.00137e-35   4.1137e-34 -5.74862e-36 -1.33917e-34  1.21513e-36 -1.67561e-35 -2.54164e-36  9.27174e-36 -3.90031e-37 -2.64055e-34  2.46906e-36  1.59557e-33 -8.16744e-37 -1.04922e-32   8.8736e-37  6.10131e-32 -9.98001e-38  -3.1389e-31  9.61252e-38  1.43437e-30 -6.37281e-38 -5.83968e-30  7.04945e-38  2.12229e-29 -6.36397e-38 -6.89221e-29   1.9829e-37  2.00037e-28 -7.91807e-37 -5.18469e-28  2.89043e-36  1.19792e-27  -9.7292e-36 -2.46007e-27   3.0239e-35  4.47071e-27 -8.69169e-35 -7.14454e-27  2.31262e-34  9.94959e-27 -5.70037e-34 -1.19143e-26  1.30242e-33  1.20146e-26 -2.75954e-33 -9.84258e-27  5.42349e-33  6.07879e-27 -9.88885e-33 -2.24606e-27  1.67288e-32 -2.36658e-28 -2.62563e-32  9.58222e-28  3.82311e-32 -5.75387e-28 -5.16389e-32  4.51288e-29  6.46935e-32  1.45197e-28 -7.51641e-32 -7.63137e-29  8.09746e-32 -9.27309e-30 -8.08624e-32  2.13739e-29  7.48113e-32  -3.2438e-30 -6.40569e-32 -3.86728e-30  5.06693e-32  1.20695e-30 -3.69106e-32  5.72223e-31  2.46379e-32 -2.36852e-31  -1.4953e-32 -8.01105e-32  8.15416e-33  3.24386e-32 -3.92252e-33  1.10042e-32  1.61399e-33 -3.01848e-33 -5.34411e-34  -1.3382e-33  1.19718e-34   1.4613e-34 -1.47302e-36  1.18518e-34 -1.45908e-35  4.40043e-36  8.38676e-36 -6.46596e-36 -2.89669e-36 -1.00652e-36   6.6592e-37  1.26174e-37 -8.58778e-38  5.20379e-38 -2.66418e-39  2.54166e-39  3.93852e-39 -7.37029e-40 -8.81659e-40  -1.2223e-40  9.60114e-41 -3.43267e-42 -2.91836e-42  7.71864e-43 -4.95222e-43  5.62037e-44   5.3887e-44  7.47368e-46 -1.41923e-45 -1.58337e-47 -4.82088e-48
 -2.6769e-36  2.21791e-33 -1.46571e-35 -1.76948e-33   -6.479e-35  1.51125e-33 -3.65502e-35  1.07542e-33 -3.15012e-36 -4.57084e-34 -3.50747e-35  5.20206e-34 -9.32977e-36 -1.90489e-34  2.14675e-36 -1.76606e-34 -3.45585e-36  1.01241e-33 -1.17068e-36 -8.40265e-33  5.36224e-36  5.86767e-32 -2.05297e-36 -3.63795e-31  2.10402e-36  1.99178e-30 -3.12611e-37 -9.67021e-30  3.06297e-37  4.17773e-29  -2.0731e-37 -1.60994e-28  3.22288e-37  5.54229e-28 -8.81643e-37 -1.70544e-27  3.41711e-36  4.68948e-27 -1.29974e-35 -1.15082e-26  4.55411e-35   2.5147e-26  -1.4725e-34 -4.87522e-26  4.39934e-34  8.34168e-26 -1.21594e-33 -1.25027e-25  3.11163e-33  1.62374e-25 -7.37719e-33 -1.79747e-25  1.62112e-32  1.65132e-25 -3.30284e-32  -1.1979e-25  6.23979e-32  6.08613e-26 -1.09314e-31 -1.20746e-26  1.77572e-31 -1.16548e-26 -2.67432e-31  1.26017e-26  3.73355e-31 -4.33608e-27 -4.83094e-31 -1.40537e-27   5.7928e-31  1.91333e-27 -6.43676e-31 -4.01885e-28   6.6278e-31 -3.45652e-28 -6.32419e-31  1.91919e-28  5.59168e-31  3.29115e-29 -4.57933e-31 -4.49516e-29  3.46973e-31 -5.09392e-31 -2.42648e-31  7.87752e-30  1.55929e-31  -2.8826e-31 -9.13991e-32 -1.14514e-30  4.83022e-32   1.8676e-32 -2.25999e-32  1.37406e-31  9.08624e-33   7.0958e-33 -2.96533e-33 -1.24885e-32  6.75674e-34   -1.832e-33 -3.23466e-35   7.0358e-34  -6.0868e-35  2.02443e-34  3.58442e-35 -1.28022e-35 -1.20748e-35 -1.07183e-35  2.66862e-36 -9.26333e-37 -3.29764e-37  2.16559e-37 -8.07217e-39  4.67506e-38  1.27078e-38  1.40117e-39 -2.62051e-39 -5.08577e-40  2.54235e-40 -5.83481e-41 -5.71517e-42 -8.30824e-43 -1.15646e-42  1.40888e-43  9.34263e-44  6.40063e-45 -1.43687e-45  5.76894e-47
-7.06176e-34 -1.46571e-35  4.69926e-33 -4.39788e-35 -3.10774e-33 -1.32245e-34  2.54905e-33 -8.69333e-35  1.41802e-33  5.92546e-37 -1.81443e-34 -3.56698e-35  3.70299e-34 -3.37946e-36  8.00471e-35  3.03945e-36 -3.50121e-33  -2.2147e-36  2.93907e-32 -2.72711e-36 -2.22758e-31   8.4784e-36  1.47535e-30 -3.77201e-36 -8.60635e-30  3.73358e-36    4.443e-29 -8.53056e-37 -2.03798e-28  7.94658e-37  8.33031e-28 -8.65008e-37 -3.04024e-27  2.58305e-36  9.91733e-27 -1.03091e-35 -2.89196e-26  4.03692e-35   7.5331e-26 -1.47337e-34 -1.74978e-25  4.95897e-34  3.61375e-25 -1.54124e-33 -6.60716e-25  4.42853e-33  1.06278e-24 -1.17752e-32 -1.49057e-24  2.89936e-32  1.79891e-24 -6.61414e-32  -1.8302e-24  1.39835e-31  1.51522e-24 -2.74027e-31 -9.49094e-25  4.97745e-31  3.60441e-25 -8.37923e-31  2.94766e-26  1.30705e-30 -1.48885e-25 -1.88865e-30  9.27468e-26  2.52729e-30 -9.06069e-27   -3.131e-30 -2.27666e-26  3.59053e-30  1.26765e-26 -3.81119e-30  1.19835e-27  3.74501e-30 -3.49098e-27 -3.40785e-30   6.1319e-28  2.87301e-30  6.22721e-28 -2.24476e-30 -2.15923e-28  1.62514e-30 -9.07943e-29 -1.08863e-30  4.23763e-29  6.72354e-31  1.26739e-29 -3.80255e-31 -5.91365e-30  1.94686e-31 -1.78243e-30 -8.86096e-32  5.76342e-31  3.48122e-32  2.24773e-31 -1.11862e-32 -3.11671e-32  2.57312e-33 -2.10371e-32 -1.90467e-34 -3.33728e-34 -1.71033e-34   1.2026e-33  1.04276e-34  1.69908e-34 -3.42385e-35  -2.7901e-35  7.25231e-36 -9.41469e-36 -8.53137e-37 -3.81435e-37 -1.71095e-38  1.53295e-37  2.77435e-38  2.28545e-38 -5.23269e-39  3.52716e-40   4.4819e-40 -1.49746e-40 -6.75575e-42 -1.08557e-41 -1.75425e-42 -1.46655e-43  1.00255e-43  5.92995e-45 -6.76007e-46
-1.90274e-35 -1.76948e-33 -4.39788e-35  8.05655e-33 -8.83122e-35 -4.10197e-33 -1.89701e-34  3.24272e-33 -1.43857e-34  1.34028e-33  5.76194e-36  2.41065e-34 -1.89471e-35 -6.18815e-34  1.66577e-35  8.35503e-33  2.07769e-36 -8.14808e-32  1.35162e-36  6.62022e-31 -5.28584e-36 -4.69512e-30  1.16332e-35   2.9221e-29  -5.7001e-36 -1.60559e-28  5.62456e-36  7.82479e-28   -2.076e-36 -3.39402e-27  2.42422e-36  1.31347e-26 -6.01286e-36 -4.54189e-26  2.44166e-35  1.40422e-25 -1.00036e-34 -3.88054e-25  3.79745e-34  9.57374e-25 -1.33138e-33 -2.10384e-24  4.30739e-33  4.10338e-24 -1.28759e-32 -7.06671e-24  3.55985e-32  1.06664e-23 -9.11008e-32 -1.39595e-23   2.1592e-31  1.55864e-23 -4.74128e-31 -1.44623e-23  9.64733e-31  1.06224e-23 -1.81897e-30 -5.49971e-24   3.1775e-30  1.16794e-24  -5.1412e-30  1.00327e-24  7.70186e-30 -1.14075e-24 -1.06778e-29   4.1338e-25  1.36936e-29  1.17145e-25 -1.62372e-29  -1.7657e-25  1.77962e-29  4.10734e-26 -1.80269e-29  3.09047e-26  1.68802e-29 -1.86506e-26 -1.46203e-29 -2.61872e-27  1.17241e-29   4.3303e-27 -8.71506e-30 -6.31605e-29  6.01113e-30 -7.59829e-28 -3.84687e-30  4.78244e-29  2.27887e-30  1.11703e-28 -1.24218e-30 -4.70685e-30  6.16028e-31 -1.37284e-29 -2.72865e-31 -3.79158e-31  1.04809e-31  1.29346e-30 -3.31452e-32  1.61021e-31  7.65447e-33 -7.79971e-32 -7.15032e-34 -1.98045e-32 -3.72487e-34  1.77144e-33  2.38388e-34  1.14017e-33 -7.62232e-35  8.00092e-35  1.54222e-35  -2.5212e-35 -1.71679e-36 -4.95931e-36 -2.91407e-38  -8.7314e-38  4.71392e-38  6.03803e-38 -8.08651e-39  6.05956e-39  6.07339e-40  6.57039e-41 -5.23222e-42 -1.74648e-41 -1.95892e-42 -7.49914e-43  7.29802e-44 -4.87913e-45
  5.4049e-34   -6.479e-35 -3.10774e-33 -8.83122e-35  1.11923e-32 -1.29547e-34  -4.3132e-33 -2.02805e-34  3.36297e-33 -1.82859e-34  9.25267e-34  1.08035e-35  1.90828e-33  6.79075e-36  -1.8298e-32  4.81191e-35  1.86002e-31 -3.80818e-36 -1.63394e-30  7.10317e-36  1.24253e-29 -8.63362e-36 -8.26282e-29  1.47066e-35  4.83766e-28 -7.27015e-36 -2.50694e-27  7.69266e-36  1.15454e-26 -5.47477e-36 -4.73923e-26  1.23996e-35  1.73739e-25 -4.91683e-35 -5.69424e-25  2.08304e-34  1.66881e-24 -8.26003e-34 -4.37013e-24  3.01744e-33  1.02083e-23 -1.01687e-32 -2.12103e-23   3.1642e-32  3.90307e-23 -9.10185e-32 -6.32207e-23  2.42242e-31  8.93433e-23 -5.96903e-31 -1.08734e-22  1.36233e-30  1.11685e-22 -2.88057e-30  -9.3524e-23  5.64297e-30   5.9485e-23 -1.02402e-29 -2.32711e-23  1.72085e-29 -1.30421e-24  -2.6768e-29  9.25312e-24  3.85193e-29 -6.00498e-24  -5.1244e-29   7.1475e-25  6.29811e-29   1.4253e-24 -7.14652e-29 -8.46232e-25  7.48281e-29 -5.52982e-26 -7.22777e-29   2.2839e-25  6.44134e-29 -4.63275e-26 -5.30032e-29 -3.99725e-26  4.03285e-29  1.55205e-26 -2.84338e-29  5.70318e-27   1.8622e-29 -3.04514e-27 -1.13489e-29 -7.89915e-28  6.43288e-30   4.3308e-28 -3.37528e-30  1.13851e-28  1.62137e-30 -4.40282e-29 -6.99541e-31 -1.50303e-29   2.6298e-31  2.64366e-30 -8.18601e-32  1.48628e-30  1.89017e-32 -1.04358e-32 -2.03703e-33 -9.03624e-32   -6.638e-34 -1.10794e-32  4.54169e-34  2.38518e-33 -1.41212e-34  6.90214e-34  2.71864e-35   1.9049e-35 -2.84878e-36 -1.26898e-35 -4.12331e-38 -1.67425e-36  6.57379e-38 -9.07386e-39 -1.02296e-38  1.23176e-38  6.71864e-40  8.40203e-40 -2.40378e-42  8.14338e-42 -1.66067e-42 -5.66362e-43  3.33457e-44
 -8.6104e-36  1.51125e-33 -1.32245e-34 -4.10197e-33 -1.29547e-34  1.29047e-32   -1.458e-34 -3.79946e-33 -1.61674e-34  3.26816e-33 -1.90064e-34   -1.839e-33  1.45779e-35  3.31479e-32  2.94561e-35 -3.64452e-31  8.36482e-35  3.45177e-30 -1.69449e-35 -2.82139e-29  1.48166e-35  2.00806e-28 -1.21575e-35 -1.25433e-27  1.71976e-35  6.91839e-27 -8.06762e-36 -3.38524e-26  1.17103e-35   1.4746e-25 -2.24272e-35  -5.7322e-25    8.648e-35  1.99157e-24 -3.78072e-34 -6.18825e-24  1.56188e-33  1.71922e-23 -5.95385e-33 -4.26553e-23  2.09111e-32  9.43006e-23 -6.77743e-32 -1.85113e-22  2.02943e-31  3.21008e-22 -5.62008e-31 -4.88171e-22  1.44047e-30  6.44172e-22 -3.41891e-30 -7.25914e-22   7.5167e-30  6.80818e-22 -1.53096e-29 -5.06814e-22  2.88838e-29  2.67817e-22 -5.04628e-29 -6.10089e-23   8.1604e-29 -4.60407e-23 -1.22067e-28   5.5524e-23  1.68772e-28  -2.1266e-23 -2.15492e-28 -5.12189e-24  2.53852e-28  8.75891e-24 -2.75642e-28 -2.26084e-24  2.75656e-28 -1.47298e-24 -2.53753e-28  9.76472e-25  2.15006e-28  1.04778e-25 -1.67801e-28 -2.24279e-25  1.20842e-28  9.72671e-27 -8.05468e-29  3.93337e-26  4.98963e-29 -3.65399e-27 -2.88467e-29 -5.84389e-27  1.55981e-29  4.19493e-28 -7.86632e-30  7.35816e-28  3.66101e-30  6.05151e-31 -1.54079e-30 -7.20827e-29   5.6788e-31 -7.20519e-30 -1.74118e-31  4.63626e-30  4.00727e-32  1.03158e-30 -4.73747e-33 -1.27238e-31  -9.9351e-34 -6.48117e-32  7.44612e-34 -3.47674e-33 -2.24586e-34  1.59417e-33  4.09522e-35  2.78811e-34 -4.02235e-36  1.04057e-36 -4.72395e-38 -3.80818e-36  7.70709e-38 -3.44538e-37 -1.09058e-38  -1.3881e-39  6.28374e-40  1.17176e-39 -2.24013e-43  4.50367e-41 -1.04777e-42  2.20318e-43
 4.64294e-34 -3.65502e-35  2.54905e-33 -1.89701e-34  -4.3132e-33   -1.458e-34  1.28544e-32 -1.30184e-34 -3.25774e-33 -8.46717e-35   6.4799e-33 -1.69614e-34  -5.0709e-32   1.5093e-35  6.19523e-31  4.10379e-35 -6.36386e-30  1.15875e-34   5.6035e-29 -3.72449e-35 -4.27667e-28   2.4078e-35  2.85434e-27 -1.51649e-35 -1.67753e-26  1.86211e-35  8.72824e-26  -1.0439e-35 -4.03679e-25  3.37057e-35   1.6645e-24 -1.35369e-34 -6.13098e-24  6.07921e-34  2.01952e-23 -2.61957e-33 -5.95011e-23  1.04211e-32  1.56697e-22 -3.81788e-32 -3.68239e-22   1.2896e-31  7.70023e-22  -4.0219e-31 -1.42676e-21  1.15944e-30  2.32825e-21 -3.09241e-30 -3.31707e-21  7.63586e-30  4.07344e-21 -1.74628e-29 -4.22705e-21  3.69955e-29  3.58341e-21 -7.26031e-29 -2.31719e-21  1.31956e-28  9.35725e-22 -2.22017e-28  2.65533e-23  3.45582e-28 -3.55944e-22 -4.97248e-28  2.41737e-22  6.60732e-28 -3.44356e-23 -8.09886e-28 -5.50959e-23  9.14616e-28  3.51332e-23 -9.50445e-28  1.19501e-24  9.07772e-28 -9.25923e-24 -7.96127e-28  2.16498e-24  6.40851e-28  1.58043e-24 -4.73697e-28 -6.93344e-25  3.22122e-28 -2.18524e-25 -2.02284e-28  1.35955e-25  1.18004e-28  2.97898e-26 -6.44138e-29 -1.96963e-26   3.3098e-29 -4.41355e-27 -1.60141e-29  2.08505e-27  7.22489e-30  6.15929e-28 -2.97277e-30 -1.37451e-28  1.07693e-30 -6.47686e-29  -3.2568e-31    2.175e-30  7.45239e-32  4.21394e-30 -9.35308e-33  4.31065e-31  -1.2643e-33 -1.25168e-31  1.07211e-33 -3.13176e-32 -3.12383e-34 -3.60698e-34  5.36368e-35  6.46756e-34 -4.92581e-36  7.55746e-35 -3.87543e-38 -4.78109e-37  7.66026e-38 -6.40771e-37 -9.96619e-39 -3.95328e-38  5.08391e-40 -1.95301e-40  4.87219e-43  3.21178e-41  -4.3887e-43
 -3.4825e-36  1.07542e-33 -8.69333e-35  3.24272e-33 -2.02805e-34 -3.79946e-33 -1.30184e-34  1.20049e-32 -9.55502e-35 -7.00454e-33 -1.39778e-36  7.26175e-32 -1.35809e-34 -9.26828e-31  1.02927e-35  1.03625e-29  4.05064e-35 -9.85947e-29  1.39964e-34  8.08684e-28 -6.19268e-35 -5.77664e-27  3.41448e-35  3.62217e-26 -1.75069e-35 -2.00592e-25  2.16772e-35  9.85701e-25 -3.50726e-35   -4.313e-24   1.8372e-34  1.68457e-23 -8.77678e-34 -5.88221e-23  3.94245e-33  1.83748e-22 -1.63872e-32 -5.13375e-22  6.26718e-32  1.28138e-21 -2.20791e-31 -2.85098e-21  7.17612e-31  5.63493e-21 -2.15461e-30 -9.84393e-21  5.98241e-30  1.50904e-20 -1.53729e-29 -2.00887e-20  3.65805e-29  2.28626e-20 -8.06304e-29 -2.16905e-20  1.64642e-28  1.63819e-20 -3.11402e-28 -8.84885e-21  5.45361e-28  2.16516e-21 -8.83857e-28   1.4151e-21  1.32457e-27 -1.82904e-21 -1.83373e-27  7.42952e-22  2.34231e-27  1.46287e-22 -2.75686e-27 -2.93901e-22  2.98531e-27  8.43167e-23 -2.96946e-27   4.6989e-23  2.70887e-27 -3.46563e-23  -2.2631e-27  -2.5013e-24  1.72984e-27  7.85619e-24 -1.20966e-27 -5.92162e-25  7.75107e-28 -1.37406e-24 -4.56985e-28   1.7476e-25  2.49803e-28  2.06092e-25 -1.27998e-28 -2.18538e-26  6.21836e-29 -2.66026e-26 -2.87964e-29  7.87236e-28  1.26072e-29  2.71513e-27  -5.0888e-30  1.98849e-28  1.81872e-30 -1.86225e-28 -5.43579e-31 -3.57351e-29  1.23403e-31  5.99705e-30 -1.60501e-32  2.48264e-30 -1.37407e-33  8.70952e-32  1.37487e-33 -6.81599e-32  -3.8425e-34 -1.04791e-32  6.16481e-35  1.33035e-34 -5.29603e-36  1.62781e-34 -9.39288e-39  1.31483e-35  6.42747e-38 -7.07225e-38 -7.88724e-39 -5.24626e-38  3.59774e-40 -1.80386e-39  2.92152e-43 -6.15203e-42
-3.96026e-34 -3.15012e-36  1.41802e-33 -1.43857e-34  3.36297e-33 -1.61674e-34 -3.25774e-33 -9.55502e-35  1.54973e-32 -6.17395e-35  -8.6359e-32   6.5626e-35  1.23362e-30 -1.02259e-34  -1.5033e-29  2.89413e-37  1.55048e-28  3.21417e-35 -1.37014e-27  1.53372e-34  1.04953e-26 -8.64504e-35 -7.03161e-26  4.43203e-35  4.14928e-25 -2.24442e-35  -2.1681e-24   4.9811e-35  1.00726e-23 -2.14892e-34 -4.17302e-23  1.13434e-33  1.54482e-22 -5.36877e-33 -5.11569e-22  2.33375e-32  1.51575e-21 -9.32893e-32 -4.01574e-21  3.43129e-31  9.49732e-21 -1.16322e-30 -1.99956e-20  3.63989e-30  3.73216e-20 -1.05262e-29 -6.13871e-20  2.81597e-29  8.82181e-20 -6.97384e-29  -1.0938e-19   1.5996e-28  1.14756e-19 -3.39897e-28 -9.85722e-20  6.69088e-28  6.48829e-20 -1.21988e-27  -2.7097e-20  2.05895e-27  2.72186e-23 -3.21489e-27  9.79461e-21  4.63948e-27 -6.99568e-21 -6.18086e-27   1.1753e-21  7.59105e-27  1.51856e-21 -8.58086e-27 -1.04861e-21  8.91162e-27  -5.7383e-25 -8.48655e-27  2.68758e-22  7.39556e-27 -7.23573e-23 -5.88597e-27   -4.439e-23  4.27119e-27   2.2243e-23 -2.82352e-27  5.86297e-24  1.70177e-27 -4.35718e-24 -9.38784e-28 -7.76044e-25  4.78219e-28  6.42622e-25 -2.28357e-28  1.18794e-25  1.04172e-28 -7.07425e-26 -4.60177e-29 -1.77776e-26  1.95851e-29  5.07107e-27 -7.79538e-30  2.00848e-27   2.7633e-30  -1.3115e-28 -8.18534e-31 -1.40686e-28  1.83957e-31  -1.1306e-29  -2.4301e-32  4.67991e-30  -1.2796e-33  1.01103e-30  1.58695e-33 -7.98836e-33 -4.20298e-34 -2.35653e-32  6.23315e-35 -2.41806e-33 -5.03725e-36  5.21096e-35  3.92174e-38  2.39192e-35  4.46126e-38  1.30996e-36 -5.43466e-39 -8.83508e-40  2.20692e-40 -1.27792e-39  3.02062e-44
-2.00137e-35 -4.57084e-34  5.92546e-37  1.34028e-33 -1.82859e-34  3.26816e-33 -8.46717e-35 -7.00454e-33 -6.17395e-35  9.94248e-32 -4.07354e-35 -1.45883e-30  1.09197e-34  1.95417e-29 -7.75302e-35 -2.19282e-28 -1.18132e-35  2.09369e-27  2.22333e-35 -1.72355e-26  1.54746e-34   1.2359e-25 -1.06347e-34 -7.78095e-25  5.68837e-35  4.32743e-24 -5.38872e-35 -2.13607e-23  2.47137e-34  9.39104e-23 -1.31891e-33 -3.68642e-22  6.62507e-33   1.2941e-21 -3.02428e-32 -4.06531e-21  1.26569e-31  1.14262e-20 -4.86796e-31 -2.87017e-20  1.72346e-30  6.42945e-20 -5.62627e-30 -1.28005e-19  1.69597e-29  2.25378e-19 -4.72603e-29 -3.48455e-19  1.21858e-28  4.68249e-19  -2.9092e-28 -5.38564e-19  6.43345e-28  5.17287e-19 -1.31807e-27 -3.96781e-19  2.50166e-27  2.19408e-19 -4.39715e-27  -5.7701e-20  7.15352e-27 -3.21209e-20 -1.07625e-26  4.50849e-20  1.49582e-26  -1.9487e-20 -1.91795e-26 -2.95901e-21  2.26513e-26  7.37297e-21  -2.4595e-26  -2.3548e-21  2.45014e-26 -1.10521e-21 -2.23422e-26  9.21528e-22  1.86026e-26   3.2203e-23 -1.41063e-26 -2.05622e-22  9.71792e-27  2.28509e-23 -6.07051e-27  3.57641e-23  3.43693e-27 -5.96716e-24 -1.76851e-27 -5.40707e-24  8.34516e-28  7.90407e-25 -3.68001e-28  7.16065e-25  1.56104e-28 -4.62917e-26  -6.5451e-29  -7.6307e-26  2.71595e-29 -3.34847e-27 -1.07461e-29  5.58526e-27  3.80746e-30  9.01917e-28 -1.12197e-30 -2.06742e-28  2.48966e-31 -7.07096e-29 -3.27675e-32 -9.62113e-31 -1.04479e-33  2.17332e-30  1.66254e-33  2.90298e-31 -4.08792e-34 -9.70471e-33   5.5138e-35 -5.20294e-33  -4.2541e-36  -3.6849e-34  9.45475e-38  6.51975e-36  2.42877e-38  1.74699e-36  -3.2572e-39  5.35762e-38  1.11907e-40  9.36749e-41
  4.1137e-34 -3.50747e-35 -1.81443e-34  5.76194e-36  9.25267e-34 -1.90064e-34   6.4799e-33 -1.39778e-36  -8.6359e-32 -4.07354e-35     1.55e-30 -3.29413e-35 -2.28386e-29  1.35776e-34  2.80106e-28 -6.62792e-35 -2.89915e-27 -2.15597e-35  2.57129e-26  1.62876e-35 -1.97717e-25   1.4395e-34  1.33003e-24 -1.21109e-34 -7.88197e-24  9.32044e-35  4.13711e-23 -2.51864e-34 -1.93119e-22  1.40652e-33  8.04115e-22 -7.41149e-33 -2.99264e-21   3.5664e-32  9.96612e-21  -1.5678e-31 -2.97061e-20  6.32046e-31  7.92024e-20 -2.34186e-30 -1.88587e-19  7.98935e-30  3.99935e-19 -2.51366e-29 -7.52305e-19   7.3037e-29  1.24787e-18 -1.96207e-28 -1.80989e-18  4.87759e-28  2.26716e-18 -1.12279e-27 -2.40661e-18  2.39421e-27  2.09656e-18 -4.72997e-27 -1.40644e-18  8.65633e-27   6.0851e-19 -1.46695e-26  -1.9407e-20  2.30044e-26 -2.07452e-19 -3.33509e-26  1.56689e-19  4.46444e-26 -3.06722e-20 -5.50974e-26 -3.20736e-20  6.25774e-26  2.42176e-20 -6.52713e-26 -8.50182e-22  6.23763e-26 -6.00743e-21 -5.44704e-26  1.86227e-21  4.33385e-26  9.50128e-22  -3.1317e-26 -5.51373e-22   2.0485e-26 -1.17164e-22 -1.20911e-26  1.07834e-22  6.42538e-27   1.4679e-23 -3.07584e-27 -1.61791e-23  1.33606e-27 -2.34403e-24 -5.37829e-28     1.85e-24  2.09085e-28  3.85581e-25 -8.25116e-29 -1.43137e-25  3.35519e-29 -4.75395e-26 -1.33708e-29  4.95893e-27  4.78959e-30   3.6132e-27  -1.4109e-30  2.03458e-28  3.08003e-31 -1.34278e-28 -3.95388e-32 -2.48839e-29 -8.34664e-34  7.95805e-31  1.59206e-33  6.61098e-31 -3.50935e-34   5.8488e-32   4.1895e-35 -2.45904e-33  -3.1869e-36 -6.87024e-34  1.37417e-37 -3.29041e-35  8.76499e-39  2.59717e-37 -1.67405e-39  3.91321e-38  4.06219e-41
-5.74862e-36  5.20206e-34 -3.56698e-35  2.41065e-34  1.08035e-35   -1.839e-33 -1.69614e-34  7.26175e-32   6.5626e-35 -1.45883e-30 -3.29413e-35   2.4059e-29 -3.32364e-35 -3.24077e-28  1.58126e-34  3.64996e-27 -7.06815e-35  -3.4977e-26 -2.56056e-35  2.89041e-25  1.71584e-35 -2.08103e-24  1.24687e-34  1.31578e-23 -1.47852e-34 -7.35085e-23  2.74629e-34  3.64578e-22 -1.34468e-33 -1.61092e-21  7.48926e-33  6.35732e-21 -3.80942e-32  -2.2443e-20  1.76721e-31   7.0925e-20 -7.49884e-31 -2.00614e-19  2.91793e-30  5.07337e-19 -1.04335e-29  -1.1447e-18   3.4344e-29  2.29667e-18 -1.04243e-28 -4.07761e-18  2.92165e-28  6.36181e-18    -7.57e-28 -8.63485e-18   1.8149e-27   1.0044e-17 -4.02895e-27 -9.77493e-18  8.28494e-27  7.62283e-18 -1.57835e-26 -4.32136e-18   2.7853e-26  1.22157e-18 -4.55086e-26  5.67378e-19  6.87922e-26 -8.79829e-19 -9.61043e-26  4.06004e-19  1.23908e-25  4.30001e-20 -1.47188e-25 -1.46248e-19  1.60763e-25  5.20972e-20 -1.61077e-25  2.01653e-20  1.47663e-25 -1.94162e-20 -1.23485e-25  8.88913e-23  9.38885e-26  4.25052e-21 -6.46606e-26 -6.43552e-22  4.01684e-26 -7.32474e-22 -2.24068e-26  1.56346e-22  1.11737e-26  1.11384e-22 -4.96674e-27 -2.16294e-23  1.97352e-27 -1.51467e-23 -7.14534e-28   1.6037e-24  2.48738e-28  1.68991e-24  -9.0948e-29  1.87368e-26  3.65777e-29 -1.32207e-25 -1.50212e-29 -1.72788e-26   5.5354e-30  5.54569e-27 -1.64011e-30  1.57908e-27  3.50303e-31  -1.8861e-29 -4.27071e-32 -5.46324e-29 -8.44466e-34 -6.22458e-30  1.40225e-33  3.80569e-31 -2.60519e-34  1.31225e-31  2.60564e-35   7.9462e-33 -2.09832e-36 -2.75303e-34  1.52045e-37 -4.58898e-35  1.67689e-40 -1.24222e-36  -7.0441e-40  4.07573e-40
-1.33917e-34 -9.32977e-36  3.70299e-34 -1.89471e-35  1.90828e-33  1.45779e-35  -5.0709e-32 -1.35809e-34  1.23362e-30  1.09197e-34 -2.28386e-29 -3.32364e-35  3.40166e-28 -3.76713e-35 -4.18726e-27  1.86989e-34  4.34978e-26 -9.00419e-35 -3.87271e-25 -2.27423e-35  2.98998e-24  2.32208e-35 -2.01996e-23  1.13848e-34  1.20247e-22 -2.78511e-34 -6.34169e-22  1.18061e-33  2.97522e-21 -6.70234e-33 -1.24544e-20  3.63341e-32  4.66125e-20 -1.79248e-31 -1.56158e-19  8.06294e-31  4.68415e-19 -3.31531e-30 -1.25732e-18   1.2489e-29  3.01535e-18 -4.31938e-29 -6.44391e-18  1.37421e-28   1.2222e-17 -4.02886e-28 -2.04553e-17   1.0901e-27  2.99604e-17 -2.72558e-27 -3.79418e-17  6.30393e-27  4.07817e-17 -1.34975e-26 -3.60656e-17  2.67668e-26  2.46875e-17 -4.91718e-26  -1.1083e-17  8.36664e-26  7.10358e-19 -1.31792e-25  3.53346e-18  1.92029e-25 -2.84018e-18   -2.585e-25  6.41311e-19  3.20996e-25  5.41449e-19 -3.66992e-25 -4.52395e-19  3.85444e-25  3.30618e-20 -3.70939e-25  1.07989e-19  3.26154e-25 -3.85997e-20 -2.61158e-25 -1.61157e-20  1.89732e-25  1.10361e-20 -1.24535e-25  1.78278e-21  7.34865e-26 -2.15301e-21 -3.87559e-26  -1.9968e-22  1.81419e-26  3.28328e-22 -7.48147e-27  3.40236e-23  2.70384e-27 -3.89582e-23 -8.63881e-28 -6.46848e-24  2.58642e-28  3.23527e-24 -8.46111e-29  8.92941e-25  3.43264e-29 -1.37742e-25 -1.51877e-29 -7.44603e-26   5.9178e-30 -2.18209e-27 -1.77687e-30  3.09113e-27  3.68147e-31  4.84946e-28 -4.10673e-32 -3.06755e-29 -1.19485e-33 -1.49109e-29  1.14198e-33  -1.1033e-30 -1.58814e-34   7.8905e-32  1.13447e-35  1.58607e-32 -1.18018e-36  6.48514e-34  1.35153e-37 -1.16575e-35 -2.61332e-39 -9.63664e-37 -2.10551e-40
 1.21513e-36 -1.90489e-34 -3.37946e-36 -6.18815e-34  6.79075e-36  3.31479e-32   1.5093e-35 -9.26828e-31 -1.02259e-34  1.95417e-29  1.35776e-34 -3.24077e-28 -3.76713e-35   4.3828e-27  -4.5221e-35 -4.95428e-26  2.26047e-34  4.76588e-25 -1.19999e-34 -3.95441e-24 -1.25857e-35  2.85929e-23  2.44127e-35 -1.81602e-22  1.70941e-34   1.0194e-21  -8.8145e-34 -5.08142e-21  5.14097e-33  2.25724e-20 -2.98485e-32 -8.95825e-20  1.59045e-31  3.18139e-19 -7.69013e-31 -1.01177e-18  3.38089e-30   2.8811e-18 -1.35494e-29 -7.33837e-18  4.96288e-29  1.66845e-17 -1.66555e-28 -3.37506e-17  5.13325e-28  6.04552e-17 -1.45592e-27 -9.52349e-17  3.80688e-27  1.30645e-16  -9.1908e-27 -1.53798e-16  2.05131e-26  1.51791e-16  -4.2366e-26 -1.20473e-16   8.1019e-26  7.01138e-17 -1.43504e-25 -2.12967e-17  2.35403e-25 -8.03175e-18  -3.5745e-25  1.40895e-17  5.01975e-25 -6.96517e-18 -6.51082e-25 -4.12546e-19  7.78616e-25  2.37622e-18  -8.5669e-25 -9.46405e-19  8.65086e-25  -2.9313e-19 -7.99476e-25  3.35849e-19  6.74044e-25  -1.5695e-20 -5.16623e-25 -7.18403e-20  3.58529e-25  1.41768e-20 -2.24244e-25  1.22041e-20  1.25701e-25 -3.28811e-21  -6.2706e-26  -1.8607e-21  2.75783e-26  4.71254e-22  -1.0556e-26  2.60102e-22  3.45535e-27 -4.05091e-23  -9.5085e-28 -3.04953e-23  2.26119e-28   8.0548e-25 -5.97227e-29  2.55674e-24  2.58782e-29  2.52649e-25 -1.36945e-29 -1.20395e-25   5.9034e-30 -2.85208e-26 -1.81114e-30  1.24156e-27  3.59247e-31  1.12107e-27 -3.46328e-32  1.05661e-28 -1.85083e-33 -1.06723e-29   8.6302e-34 -2.70148e-30 -6.71725e-35 -1.34357e-31   4.5838e-37  8.09893e-33 -5.19668e-37  9.85438e-34  9.73141e-38  2.30278e-35 -2.21137e-39 -7.26552e-38
-1.67561e-35  2.14675e-36  8.00471e-35  1.66577e-35  -1.8298e-32  2.94561e-35  6.19523e-31  1.02927e-35  -1.5033e-29 -7.75302e-35  2.80106e-28  1.58126e-34 -4.18726e-27  -4.5221e-35  5.17332e-26 -5.57293e-35  -5.3948e-25  2.71917e-34  4.82264e-24  -1.5316e-34 -3.73935e-23  6.69541e-36  2.53765e-22  -4.1729e-37 -1.51787e-21  4.30356e-34  8.04547e-21 -2.94311e-33 -3.79468e-20  1.91308e-32  1.59743e-19 -1.14427e-31 -6.01435e-19  6.15611e-31  2.02764e-18 -2.97389e-30 -6.12306e-18  1.29507e-29  1.65532e-17 -5.10655e-29 -4.00014e-17  1.83072e-28  8.61837e-17 -5.98936e-28 -1.64902e-16   1.7939e-27  2.78625e-16  -4.9326e-27 -4.12369e-16  1.24805e-26   5.2832e-16 -2.91157e-26 -5.75461e-16  6.27296e-26  5.17115e-16 -1.24974e-25 -3.61628e-16  2.30443e-25  1.68688e-16 -3.93469e-25 -1.64369e-17  6.22124e-25 -4.97995e-17 -9.10472e-25  4.29166e-17  1.23215e-24 -1.10857e-17 -1.53968e-24 -7.49763e-18  1.77308e-24  7.03899e-18 -1.87723e-24 -7.99795e-19  1.82222e-24 -1.60529e-18 -1.61668e-24  6.63851e-19  1.30647e-24  2.21157e-19 -9.58033e-25 -1.83616e-19  6.34775e-25 -2.02352e-20  -3.7816e-25  3.56861e-20  2.01339e-25  1.68897e-21 -9.50448e-26 -5.52535e-21   3.9328e-26 -3.33435e-22  -1.4002e-26  6.79795e-22  4.14657e-27   8.3804e-23 -9.54028e-28 -6.03499e-23  1.48148e-28 -1.35861e-23 -1.66192e-29  3.01484e-24  1.17142e-29  1.26408e-24 -1.07788e-29 -2.49117e-27  5.56259e-30 -5.87802e-26 -1.75645e-30 -7.62297e-27  3.27097e-31  8.13041e-28 -2.47233e-32  2.77936e-28 -2.61494e-33  1.63152e-29  6.05367e-34 -1.93845e-30 -5.13096e-37 -3.02633e-31 -5.60357e-36 -1.01309e-32 -1.18164e-37   3.3967e-34  5.57112e-38   1.9631e-35 -9.75743e-40
-2.54164e-36 -1.76606e-34  3.03945e-36  8.35503e-33  4.81191e-35 -3.64452e-31  4.10379e-35  1.03625e-29  2.89413e-37 -2.19282e-28 -6.62792e-35  3.64996e-27  1.86989e-34 -4.95428e-26 -5.57293e-35  5.62186e-25 -6.78077e-35 -5.43005e-24  3.17471e-34  4.52482e-23 -1.79928e-34 -3.28654e-22  2.43023e-35  2.09737e-21  3.20445e-35 -1.18328e-20  4.70637e-34  5.92974e-20 -5.54423e-33 -2.64894e-19  4.87673e-32  1.05755e-18 -3.41981e-31  -3.7795e-18   2.0023e-30  1.21005e-17 -1.00935e-29 -3.47032e-17  4.47031e-29  8.90637e-17 -1.76327e-28 -2.04141e-16  6.25383e-28   4.1656e-16 -2.00855e-27 -7.53198e-16   5.8731e-27  1.19872e-15 -1.57014e-26 -1.66312e-15  3.85102e-26  1.98298e-15 -8.68932e-26 -1.98647e-15  1.80781e-25  1.60634e-15 -3.47422e-25 -9.61038e-16   6.1755e-25  3.13445e-16 -1.01613e-24  9.23536e-17  1.54809e-24 -1.89739e-16 -2.18304e-24  1.00854e-16  2.84649e-24   1.1945e-18 -3.42644e-24 -3.23866e-17  3.79932e-24  1.44698e-17 -3.87016e-24  3.42219e-18  3.61044e-24 -4.88532e-18 -3.07401e-24  4.49655e-19  2.37983e-24  1.01571e-18 -1.66852e-24 -2.54588e-19   1.0547e-24 -1.68897e-19 -5.98024e-25  5.72154e-20  3.02268e-25  2.56944e-20 -1.35061e-25 -8.45138e-21  5.26761e-26 -3.69751e-21 -1.75192e-26  8.07602e-22  4.71413e-27   4.5801e-22 -8.78379e-28 -3.23639e-23  3.45084e-29 -4.13283e-23  3.99621e-29 -2.68113e-24 -6.38859e-30  2.17258e-24 -7.01545e-30  4.23759e-25   5.0379e-30 -3.58983e-26 -1.64109e-30 -1.92147e-26  2.79287e-31 -1.41873e-27 -1.35708e-32  2.34563e-28  -3.2059e-33  4.64058e-29  3.91949e-34  1.76027e-30  3.60033e-35 -1.85206e-31 -7.42762e-36 -1.76911e-32  7.14768e-38  -3.4369e-34  2.40351e-38  2.53171e-36
 9.27174e-36 -3.45585e-36 -3.50121e-33  2.07769e-36  1.86002e-31  8.36482e-35 -6.36386e-30  4.05064e-35  1.55048e-28 -1.18132e-35 -2.89915e-27 -7.06815e-35  4.34978e-26  2.26047e-34  -5.3948e-25 -6.78077e-35  5.64863e-24 -7.86734e-35 -5.07122e-23  3.53858e-34   3.9499e-22 -1.68262e-34 -2.69335e-21 -1.91963e-34  1.61913e-20  1.73572e-33 -8.62801e-20 -8.49279e-33  4.09239e-19  2.92534e-32 -1.73304e-18 -3.07025e-32  6.56616e-18  -4.6325e-31 -2.22851e-17  4.60815e-30  6.77756e-17  -2.8041e-29 -1.84614e-16  1.34787e-28  4.49737e-16 -5.49996e-28 -9.77369e-16  1.96666e-27  1.88755e-15 -6.27062e-27 -3.22161e-15  1.80224e-26  4.82107e-15 -4.70385e-26 -6.25329e-15  1.12096e-25  6.90806e-15 -2.44921e-25 -6.31386e-15  4.92257e-25  4.51629e-15 -9.12458e-25 -2.19176e-15  1.56293e-24  2.88835e-16 -2.47709e-24  5.92059e-16  3.63478e-24 -5.52023e-16 -4.93705e-24  1.62023e-16  6.20119e-24  8.64599e-17  -7.1899e-24 -9.31154e-17  7.67575e-24  1.46298e-17 -7.52185e-24  2.01008e-17  6.74218e-24 -9.67523e-18 -5.50659e-24 -2.46841e-18  4.08142e-24   2.5911e-18 -2.73356e-24  1.49725e-19  1.64676e-24 -5.00773e-19 -8.87698e-25  5.25238e-22  4.25542e-25  7.86131e-20 -1.79953e-25    1.098e-21  6.62967e-26 -1.00227e-20  -2.0742e-26 -7.92404e-22  5.13883e-27  9.48704e-22 -7.59876e-28  1.68289e-22 -9.38827e-29 -5.41069e-23  1.02305e-28 -1.79639e-23 -2.59187e-29  7.13575e-25  -3.1298e-30  9.41778e-25  4.48621e-30  9.67113e-26 -1.49448e-30 -1.67487e-26  2.24751e-31  -4.3591e-27 -3.60011e-33 -1.82731e-28 -3.38611e-33  3.85349e-29    2.308e-34  4.85881e-30  4.63463e-35   1.2277e-31 -6.51195e-36 -7.56836e-33  1.16062e-37 -3.36887e-34  6.75537e-39
-3.90031e-37  1.01241e-33  -2.2147e-36 -8.14808e-32 -3.80818e-36  3.45177e-30  1.15875e-34 -9.85947e-29  3.21417e-35  2.09369e-27 -2.15597e-35  -3.4977e-26 -9.00419e-35  4.76588e-25  2.71917e-34 -5.43005e-24 -7.86734e-35  5.26729e-23 -8.47737e-35 -4.40907e-22  3.52894e-34  3.21779e-21  1.63748e-34 -2.06386e-20 -2.96015e-33  1.17059e-19  2.01159e-32 -5.89923e-19 -1.05942e-31  2.65103e-18  4.53307e-31 -1.06507e-17 -1.52178e-30  3.83185e-17  3.45163e-30 -1.23553e-16 -3.69094e-31  3.57016e-16 -4.82475e-29 -9.23642e-16  3.26425e-28  2.13531e-15  -1.5017e-27 -4.39754e-15  5.62329e-27  8.03098e-15 -1.81463e-26  -1.2921e-14  5.18056e-26  1.81431e-14 -1.32784e-25  -2.1927e-14  3.08435e-25  2.23154e-14 -6.53565e-25 -1.84053e-14  1.26955e-24  1.13344e-14 -2.26935e-24 -3.96573e-15  3.74371e-24 -8.59652e-16 -5.71136e-24   2.1865e-15  8.06673e-24 -1.25479e-15 -1.05492e-23  4.55493e-17  1.27608e-23  3.76424e-16 -1.42496e-23 -1.89543e-16  1.46461e-23 -3.15646e-17 -1.38062e-23  6.07809e-17  1.18875e-23 -8.58798e-18 -9.30899e-24  -1.2196e-17  6.60074e-24     3.83e-18 -4.21884e-24  1.96451e-18  2.41896e-24 -8.41555e-19 -1.23771e-24   -2.959e-19  5.61807e-25  1.27657e-19 -2.24653e-25  4.39317e-20  7.83654e-26 -1.32481e-20 -2.33097e-26 -5.79733e-21  5.45824e-27  7.25363e-22 -6.58355e-28  5.66872e-22 -2.11264e-28  1.55694e-23  1.62217e-28 -3.32009e-23 -4.43525e-29 -5.20351e-24  2.10793e-31  7.42298e-25  4.02172e-30  2.79268e-25 -1.33587e-30  1.44635e-26  1.71267e-31 -4.22799e-27  3.33513e-33 -6.74448e-28 -3.07154e-33 -1.64974e-29  1.19954e-34  3.46226e-30  3.99501e-35  2.69336e-31 -4.46743e-36  4.05974e-33  8.51336e-38 -5.92773e-35
-2.64055e-34 -1.17068e-36  2.93907e-32  1.35162e-36 -1.63394e-30 -1.69449e-35   5.6035e-29  1.39964e-34 -1.37014e-27  2.22333e-35  2.57129e-26 -2.56056e-35 -3.87271e-25 -1.19999e-34  4.82264e-24  3.17471e-34 -5.07122e-23 -8.47737e-35  4.57344e-22 -7.55061e-35 -3.57923e-21   9.1785e-35  2.45293e-20  3.18023e-33 -1.48247e-19 -2.63814e-32   7.9443e-19  1.65443e-31 -3.79057e-18 -8.52111e-31  1.61535e-17  3.69167e-30  -6.1612e-17 -1.34357e-29   2.1059e-16  4.00132e-29 -6.45293e-16 -8.87718e-29  1.77182e-15  8.58293e-29 -4.35332e-15  4.32511e-28  9.54759e-15 -3.29931e-27 -1.86215e-14  1.42367e-26  3.21243e-14 -4.82517e-26 -4.86405e-14  1.39209e-25  6.39208e-14 -3.53449e-25 -7.16786e-14  8.03763e-25  6.67005e-14 -1.65497e-24  -4.8859e-14  3.10865e-24  2.46959e-14 -5.35675e-24  -4.1244e-15  8.50408e-24  -6.0148e-15 -1.24765e-23   6.1373e-15   1.6948e-23 -2.03595e-15 -2.13267e-23 -8.35032e-16  2.48381e-23  1.06289e-15 -2.67118e-23 -2.16969e-16  2.64345e-23 -2.14491e-16 -2.39698e-23  1.21356e-16  1.98209e-23   2.2049e-17 -1.48744e-23 -3.14622e-17  1.00815e-23 -1.04921e-19 -6.14173e-24  6.03084e-18  3.34634e-24  -3.2409e-19 -1.62182e-24 -9.58122e-19  6.95211e-25  3.55354e-20 -2.62316e-25  1.26541e-19  8.68393e-26  4.04079e-21 -2.49407e-26 -1.27545e-20  5.75885e-27 -1.66959e-21 -6.40018e-28  8.16612e-22 -2.95583e-28  2.15348e-22  2.13442e-28 -1.89309e-23 -5.96911e-29 -1.28849e-23  2.54251e-30 -9.62895e-25   3.6834e-30  2.82623e-25 -1.17061e-30  5.81564e-26  1.24093e-31  1.31382e-27   6.4748e-33 -6.39752e-28 -2.36583e-33 -6.63328e-29  5.15662e-35  -1.0421e-30  2.70011e-35  1.37263e-31 -2.46392e-36   4.9376e-33   3.6728e-38
 2.46906e-36 -8.40265e-33 -2.72711e-36  6.62022e-31  7.10317e-36 -2.82139e-29 -3.72449e-35  8.08684e-28  1.53372e-34 -1.72355e-26  1.62876e-35  2.89041e-25 -2.27423e-35 -3.95441e-24  -1.5316e-34  4.52482e-23  3.53858e-34 -4.40907e-22 -7.55061e-35  3.70833e-21  3.17997e-35 -2.72005e-20 -2.18082e-33  1.75393e-19  2.60554e-32 -1.00041e-18 -1.92925e-31  5.07166e-18  1.14247e-30 -2.29351e-17 -5.66597e-30   9.2759e-17  2.40236e-29 -3.36086e-16 -8.76027e-29  1.09181e-15  2.72895e-28 -3.18012e-15 -7.06476e-28  8.29753e-15  1.39606e-27 -1.93576e-14 -1.38606e-27  4.02572e-14 -3.97321e-27 -7.42996e-14  2.98668e-26  1.20924e-13 -1.15841e-25  -1.7197e-13  3.48192e-25  2.10838e-13 -8.87342e-25 -2.18193e-13  1.98741e-24  1.83753e-13  -3.9863e-24 -1.16622e-13  7.24455e-24  4.37254e-14 -1.20275e-23  6.26158e-15  1.83543e-23 -2.18352e-14  -2.5863e-23  1.35941e-14  3.37513e-23 -1.16033e-15 -4.08389e-23 -3.77331e-15  4.57808e-23  2.15563e-15 -4.74189e-23  2.13152e-16  4.51905e-23 -6.54634e-16 -3.94197e-23  1.28085e-16  3.12988e-23  1.25526e-16 -2.24959e-23 -4.91964e-17  1.45605e-23 -1.92684e-17 -8.44409e-24  1.06267e-17  4.36418e-24   2.8345e-18 -1.99798e-24 -1.65088e-18  8.05476e-25 -4.35839e-19 -2.85482e-25  1.83446e-19  8.98443e-26  6.21419e-20 -2.54859e-26 -1.21886e-20   6.1496e-27 -6.65852e-21 -7.55592e-28  1.03785e-22 -3.35863e-28  4.35282e-22  2.52914e-28  5.21887e-23   -7.063e-29 -1.22255e-23  3.65556e-30 -3.47327e-24   3.4366e-30 -9.30042e-26 -9.94941e-31  6.41945e-26  8.58635e-32  8.35166e-27  6.25455e-33  6.82511e-29 -1.50194e-33 -5.44455e-29   1.4784e-35 -3.50594e-30  1.48207e-35 -3.50799e-32 -1.05734e-36  1.08807e-33
 1.59557e-33  5.36224e-36 -2.22758e-31 -5.28584e-36  1.24253e-29  1.48166e-35 -4.27667e-28 -6.19268e-35  1.04953e-26  1.54746e-34 -1.97717e-25  1.71584e-35  2.98998e-24 -1.25857e-35 -3.73935e-23 -1.79928e-34   3.9499e-22  3.52894e-34 -3.57923e-21  3.17997e-35  2.81529e-20  8.79457e-34 -1.93968e-19 -1.87427e-32  1.17889e-18  1.80305e-31 -6.35513e-18 -1.24831e-30  3.05143e-17  7.01336e-30 -1.30905e-16 -3.33365e-29  5.02821e-16  1.36765e-28 -1.73154e-15 -4.88317e-28  5.34815e-15  1.51656e-27 -1.48095e-14 -4.05005e-27  3.67169e-14  9.00272e-27 -8.13104e-14  -1.5135e-26  1.60251e-13  1.15663e-26 -2.79603e-13   4.0397e-26  4.28653e-13  -2.4153e-25 -5.71172e-13  8.04144e-25  6.50723e-13 -2.10026e-24 -6.17131e-13  4.67175e-24  4.63483e-13 -9.15681e-24 -2.44237e-13  1.61096e-23  4.95875e-14  -2.5746e-23   5.2621e-14  3.77071e-23  -5.9654e-14 -5.09433e-23  2.22781e-14  6.37757e-23   6.7138e-15 -7.41365e-23 -1.05833e-14  7.99736e-23  2.70416e-15 -7.97977e-23  1.96178e-15  7.32603e-23 -1.32514e-15  -6.1488e-23 -1.47314e-16  4.68675e-23  3.32105e-16 -3.22423e-23 -1.80808e-17  1.99095e-23 -6.29008e-17 -1.09774e-23  7.09384e-18  5.37203e-24  1.00871e-17 -2.31533e-24 -9.60808e-19   8.7205e-25 -1.37997e-18 -2.87661e-25  2.78641e-20  8.60579e-26  1.48135e-19 -2.49504e-26  1.23996e-20  6.72685e-27 -1.05415e-20 -1.02185e-27 -2.17452e-21 -3.35614e-28  3.35836e-22  2.80482e-28  1.51783e-22 -7.64274e-29   6.7221e-24  3.57298e-30 -4.02029e-24  3.20289e-30 -6.62957e-25 -8.05436e-31  7.23652e-28  5.71942e-32    9.048e-27  3.97491e-33  7.72943e-28 -7.27387e-34  2.95746e-30 -1.65444e-36 -2.09336e-30  6.59946e-36 -6.22592e-32 -3.09483e-37
-8.16744e-37  5.86767e-32   8.4784e-36 -4.69512e-30 -8.63362e-36  2.00806e-28   2.4078e-35 -5.77664e-27 -8.64504e-35   1.2359e-25   1.4395e-34 -2.08103e-24  2.32208e-35  2.85929e-23  6.69541e-36 -3.28654e-22 -1.68262e-34  3.21779e-21   9.1785e-35 -2.72005e-20  8.79457e-34   2.0058e-19  6.91674e-33 -1.30066e-18 -1.27588e-31  7.46293e-18    1.127e-30 -3.80725e-17  -7.3559e-30   1.7332e-16  3.92788e-29 -7.05931e-16  -1.7864e-28  2.57691e-15  7.05689e-28 -8.43798e-15 -2.44377e-27  2.47854e-14  7.43317e-27 -6.52539e-14 -1.97512e-26  1.53705e-13  4.50829e-26 -3.22977e-13 -8.47279e-26  6.02797e-13  1.15069e-25 -9.93102e-13 -3.99281e-26  1.43148e-12 -3.91883e-25 -1.78186e-12  1.68871e-24  1.87693e-12 -4.68177e-24 -1.61576e-12  1.04626e-23  1.05811e-12 -2.01163e-23 -4.24613e-13  3.42758e-23 -3.12284e-14 -5.26647e-23  1.90689e-13  7.38679e-23  -1.2955e-13 -9.54621e-23  1.75644e-14  1.14426e-22  3.28529e-14 -1.27652e-22 -2.14986e-14  1.32486e-22 -7.00353e-16 -1.27406e-22  6.15483e-15   1.1275e-22 -1.58115e-15 -9.10805e-23 -1.11164e-15  6.66287e-23  5.47016e-16 -4.38387e-23  1.58109e-16  2.57997e-23 -1.16511e-16 -1.35109e-23 -2.21005e-17  6.25139e-24  1.84941e-17 -2.52624e-24  3.54722e-18  8.79321e-25 -2.18049e-18 -2.64833e-25 -5.61491e-19   7.4975e-26  1.66664e-19 -2.34836e-26   6.7219e-20   7.5434e-27 -4.56967e-21 -1.41248e-27 -4.93787e-21 -3.11247e-28 -4.07746e-22   2.9751e-28  1.67778e-22 -7.67087e-29  3.70865e-23  2.50366e-30 -1.27571e-25  2.90177e-30 -8.34992e-25 -6.07063e-31 -8.80734e-26  3.73608e-32  1.15218e-27  1.19455e-33  7.33169e-28 -1.98972e-34  3.90916e-29  -6.9596e-36  1.43779e-31  2.31605e-36 -1.65596e-32
-1.04922e-32 -2.05297e-36  1.47535e-30  1.16332e-35 -8.26282e-29 -1.21575e-35  2.85434e-27  3.41448e-35 -7.03161e-26 -1.06347e-34  1.33003e-24  1.24687e-34 -2.01996e-23  2.44127e-35  2.53765e-22  2.43023e-35 -2.69335e-21  1.63748e-34  2.45293e-20 -2.18082e-33 -1.93968e-19  6.91674e-33  1.34394e-18  4.61505e-32 -8.21679e-18 -7.84226e-31  4.45741e-17  6.48763e-30  -2.1545e-16 -4.00565e-29  9.30795e-16   2.0353e-28 -3.60205e-15 -8.85171e-28  1.25027e-14  3.35927e-27 -3.89427e-14 -1.12308e-26  1.08806e-13  3.31805e-26 -2.72353e-13 -8.63972e-26  6.09351e-13  1.96245e-25 -1.21429e-12 -3.79452e-25  2.14426e-12  5.87202e-25 -3.33087e-12  -5.8136e-25   4.5039e-12 -2.57693e-25 -5.21789e-12  3.12309e-24  5.04858e-12    -9.81e-24 -3.89204e-12  2.23812e-23  2.14009e-12 -4.24024e-23 -5.13185e-13  6.99896e-23 -3.97504e-13   -1.032e-22  5.11278e-13  1.38225e-22 -2.14397e-13 -1.70345e-22 -4.36932e-14  1.95014e-22  9.26395e-14  -2.0851e-22 -2.89498e-14  2.08211e-22 -1.53671e-14  -1.9314e-22  1.27052e-14  1.64916e-22   5.3252e-16 -1.28272e-22 -3.06876e-15  9.00189e-23   3.6028e-16 -5.65875e-23  5.71115e-16  3.17081e-23 -1.03598e-16 -1.57662e-23 -9.21004e-17  6.89489e-24  1.51516e-17 -2.60067e-24  1.30556e-17  8.21123e-25 -1.05201e-18 -2.16345e-25 -1.49555e-18  5.69935e-26 -4.99945e-20 -2.13536e-26  1.17714e-19  8.59153e-27  1.82029e-20 -1.86077e-27 -4.69448e-21 -2.86349e-28 -1.54471e-21  3.05242e-28 -1.39964e-23 -7.14271e-29  4.90516e-23  7.97071e-31  6.43596e-24  2.48691e-30 -2.09979e-25 -4.14984e-31 -1.10406e-25  2.47661e-32 -7.65132e-27 -8.82506e-34    9.434e-29  5.84528e-35  2.73652e-29 -7.01055e-36  6.76177e-31    5.758e-37
  8.8736e-37 -3.63795e-31 -3.77201e-36   2.9221e-29  1.47066e-35 -1.25433e-27 -1.51649e-35  3.62217e-26  4.43203e-35 -7.78095e-25 -1.21109e-34  1.31578e-23  1.13848e-34 -1.81602e-22  -4.1729e-37  2.09737e-21 -1.91963e-34 -2.06386e-20  3.18023e-33  1.75393e-19 -1.87427e-32 -1.30066e-18  4.61505e-32  8.48438e-18  2.81057e-31 -4.89885e-17  -4.4569e-30  2.51583e-16  3.47347e-29 -1.15338e-15 -2.03331e-28  4.73281e-15  9.84075e-28 -1.74135e-14  -4.0925e-27  5.74999e-14  1.49043e-26 -1.70412e-13 -4.79894e-26  4.52944e-13  1.37112e-25 -1.07783e-12 -3.47178e-25  2.28975e-12  7.73578e-25 -4.32443e-12 -1.49198e-24  7.21706e-12  2.39893e-24 -1.05522e-11  -2.8945e-24  1.33477e-11  1.45265e-24 -1.43249e-11  4.68402e-24  1.26194e-11 -1.92638e-23 -8.53703e-12  4.58809e-23  3.66216e-12 -8.60751e-23  2.69799e-14  1.37608e-22 -1.46534e-12 -1.94224e-22  1.09445e-12  2.47482e-22 -2.05057e-13 -2.89655e-22 -2.49201e-13  3.15678e-22  1.89451e-13 -3.23002e-22 -6.34136e-15  3.10441e-22 -5.07779e-14 -2.78193e-22  1.66425e-14   2.2952e-22   8.4471e-15 -1.71962e-22 -5.31762e-15  1.15673e-22 -1.05357e-15 -6.93645e-23  1.11814e-15  3.69739e-23  1.30484e-16 -1.74756e-23 -1.80938e-16  7.23914e-24 -2.23414e-17  -2.5375e-24  2.24989e-17  7.02719e-25  4.18729e-18  -1.4489e-25 -1.92325e-18  3.33361e-26 -5.81379e-19 -1.89208e-26  7.94959e-20  9.80213e-27  4.86828e-20 -2.27273e-27  2.06495e-21 -2.83844e-28 -1.96465e-21  3.03765e-28  -3.3864e-22 -6.10284e-29   1.4598e-23 -1.10583e-30  9.40305e-24  1.96415e-30  7.81795e-25 -2.49299e-31 -3.43933e-26   1.7295e-32  -8.5486e-27 -1.76105e-33 -3.70754e-28  1.19589e-34  1.85876e-30  -4.8797e-36  2.14773e-31
