 3.41041e-10 -6.59222e-25 -5.74133e-09  2.07699e-23  3.49235e-08  -1.8803e-22 -1.16131e-07  9.28955e-22  2.35533e-07 -3.01022e-21 -2.94189e-07  6.92439e-21  2.03515e-07 -1.16602e-20 -3.67011e-08  1.42399e-20  -4.5125e-08 -1.15828e-20  1.85122e-08  3.70274e-21  1.16816e-08  5.37804e-21 -4.09162e-09 -1.08296e-20 -3.71053e-09  1.11538e-20  1.35211e-10 -8.61315e-21  9.41226e-10  5.94945e-21  3.01585e-10 -3.91204e-21 -9.19329e-11  2.08847e-21 -1.04728e-10 -5.53576e-22 -2.92756e-11 -2.45027e-22   6.4792e-12  3.34845e-22  8.76487e-12   -1.534e-22  3.37814e-12  1.34032e-23  2.97033e-13  3.11149e-23 -3.84041e-13 -2.69381e-23 -2.52688e-13  1.34935e-23 -8.20009e-14 -4.91435e-24 -1.03691e-14  1.56179e-24  4.77377e-15 -6.16439e-25  3.77087e-15  2.14397e-25  1.45858e-15  1.70482e-26  3.68378e-16 -4.48955e-26  4.81624e-17  1.58289e-26 -8.55391e-18 -7.77515e-27 -8.05393e-18  3.01993e-27 -3.14672e-18  5.79642e-28  -8.8122e-19 -3.04837e-28 -1.90673e-19 -1.52823e-28 -3.05535e-20 -2.47735e-30 -2.56452e-21  2.82011e-29  4.33523e-22  6.18131e-30  2.71137e-22 -1.02259e-30  8.02879e-23 -1.05122e-30  1.80172e-23 -1.23214e-31  3.36297e-24   7.9557e-32  5.38684e-25  2.95425e-32  7.47004e-26  1.71312e-33  8.91445e-27 -8.74897e-34  8.92956e-28  1.82259e-34  7.00116e-29  1.49227e-34   3.2538e-30 -2.34218e-35  -1.4384e-31 -1.86888e-35 -5.73939e-32 -7.99315e-37  -8.4356e-33  7.19191e-37 -8.98999e-34  9.12352e-38  -7.7154e-35 -8.33793e-39 -5.49252e-36 -2.30756e-39 -3.25701e-37 -9.28853e-41 -1.60059e-38  1.71811e-41 -6.51482e-40  2.19721e-42 -2.13939e-41  5.21267e-45 -4.97348e-43 -1.19739e-44 -4.86629e-45 -3.40942e-46  2.85278e-47   8.5653e-48
-6.59222e-25  8.48561e-09 -1.24078e-23 -8.04551e-08  2.70316e-22   3.6711e-07 -1.95444e-21 -9.88154e-07  8.18184e-21  1.66129e-06 -2.31926e-20 -1.69661e-06  4.75263e-20  8.61257e-07 -7.18884e-20  5.87142e-08  7.85523e-20 -2.67626e-07 -5.50476e-20  1.90221e-08  8.97661e-21   7.4101e-08  3.45838e-20   2.5217e-09 -5.41668e-20 -1.88578e-08   4.9264e-20 -5.54369e-09 -3.50508e-20  2.82014e-09  2.35713e-20  2.33595e-09 -1.54771e-20  3.19744e-10  7.86392e-21 -3.62343e-10 -1.58795e-21 -2.36097e-10  -1.2738e-21 -4.48188e-11  1.30515e-21  2.14149e-11 -5.21155e-22  1.91869e-11  2.50849e-23  6.61328e-12  1.09391e-22  5.05529e-13 -8.50162e-23 -7.21738e-13  3.86841e-23 -4.64519e-13 -1.26223e-23 -1.56019e-13  3.87668e-24 -2.61732e-14 -1.89449e-24  4.21315e-15  7.12404e-25  5.05288e-15  7.67607e-26  2.18403e-15 -1.09163e-25  6.32454e-16  2.27297e-26  1.23816e-16 -2.55815e-26  9.25077e-18  9.83466e-27 -4.71698e-18  3.56492e-27 -2.74662e-18 -7.65376e-28 -9.09172e-19 -7.51799e-28 -2.29079e-19 -8.34999e-29 -4.65663e-20  9.71129e-29 -7.55958e-21  3.46468e-29 -8.82129e-22 -3.92777e-31 -3.27151e-23 -3.68976e-30  1.78985e-23 -6.23627e-31  6.58701e-24  2.39464e-31  1.49993e-24  1.05877e-31  2.71145e-25  6.86823e-33  4.15593e-26  -2.0614e-33  5.53964e-27  1.42159e-33  6.48781e-28  6.00779e-34  6.69268e-29 -1.03626e-34  6.06359e-30 -6.47989e-35  4.78632e-31 -2.77672e-36  3.24385e-32  2.07887e-36  1.83866e-33  2.71904e-37  8.27449e-35 -1.84782e-38  2.59996e-36 -6.06394e-39  2.68049e-38  -3.0014e-40 -2.97533e-39  3.71456e-41 -2.56894e-40  4.58236e-42 -1.20449e-41 -5.69858e-44 -2.79613e-43 -2.29159e-44  3.23725e-46 -3.18088e-46  6.06954e-47
-5.74133e-09 -1.24078e-23  1.03264e-07 -1.31784e-22 -6.75003e-07  2.17374e-21  2.43166e-06 -1.29916e-20 -5.41002e-06  4.69447e-20  7.58375e-06 -1.17789e-19 -6.23911e-06  2.16784e-19  2.02273e-06 -2.96139e-19   9.8179e-07  2.90018e-19 -8.32535e-07 -1.72749e-19  -2.0606e-07  -2.5516e-21  2.26033e-07  1.39321e-19  8.52407e-08  -1.7963e-19 -4.12786e-08  1.45175e-19 -3.30997e-08 -9.58993e-20 -9.98044e-10  6.41002e-20  7.39036e-09  -4.2501e-20  3.32878e-09  2.03713e-20 -8.92863e-11 -2.72563e-21 -7.28688e-10 -4.11795e-21 -3.46391e-10  3.39738e-21 -4.26015e-11 -1.20075e-21   3.8902e-11  1.95342e-23  2.80705e-11  2.59903e-22  9.08676e-12 -1.83433e-22  7.70142e-13  7.47411e-23 -8.54925e-13 -2.06978e-23 -5.66406e-13  6.18078e-24 -2.00355e-13 -4.32293e-24 -4.17927e-14  1.61912e-24 -5.51291e-16  3.08073e-25  3.84974e-15  -1.4271e-25  1.98759e-15 -1.71119e-26  6.50452e-16 -7.18595e-26  1.56114e-16  2.21492e-26  2.59498e-17  1.33716e-26  1.46113e-18 -6.73759e-28 -9.04569e-19 -2.31817e-27 -4.52881e-19 -4.72908e-28 -1.35868e-19  2.14972e-28  -3.1762e-20   1.1701e-28 -6.16136e-21  1.01881e-29 -1.00569e-21 -7.91423e-30 -1.35706e-22 -1.82008e-30 -1.40368e-23  4.80659e-31 -7.72965e-25  2.40862e-31  8.82836e-26  1.19825e-32  3.67717e-26 -1.55152e-33  7.29984e-27  5.80768e-33  1.09891e-27  1.69434e-33  1.37519e-28 -2.86441e-34  1.47715e-29 -1.55278e-34  1.37885e-30 -7.29392e-36  1.12214e-31    4.079e-36  7.94239e-33  5.49007e-37  4.85596e-34 -2.98657e-38  2.53928e-35 -1.12284e-38   1.1198e-36 -6.20742e-40  4.04814e-38  5.06746e-41  1.12024e-39  5.16918e-42  2.11819e-41 -2.56658e-43  3.14446e-43 -2.89123e-44  6.04638e-45 -1.33465e-46
 2.07699e-23 -8.04551e-08 -1.31784e-22  8.19359e-07 -9.66572e-22  -4.0426e-06  1.27182e-20    1.188e-05 -6.43852e-20 -2.21511e-05  2.03768e-19  2.58951e-05 -4.57094e-19 -1.66343e-05  7.61007e-19  2.02724e-06 -9.43363e-19  4.29154e-06  8.28711e-19 -1.43227e-06 -4.10872e-19 -1.16789e-06 -9.53529e-20  3.31072e-07  4.18675e-19  3.70022e-07 -4.57618e-19  -1.4887e-09  3.29074e-19 -9.46473e-08 -2.03601e-19 -3.27236e-08   1.3889e-19  9.38413e-09 -9.37837e-20  1.14316e-08  4.18435e-20  3.25466e-09 -2.52927e-21 -7.70003e-10 -9.90898e-21 -1.02863e-09  6.83405e-21 -3.94042e-10 -2.18471e-21 -2.88749e-11  -1.4144e-23  5.01176e-11  4.86437e-22  3.19668e-11 -3.14326e-22  1.01299e-11  1.12208e-22  1.11278e-12 -2.26862e-23 -7.10429e-13  6.70777e-24 -5.18499e-13 -8.69937e-24 -1.95845e-13  2.80672e-24 -4.81498e-14  1.03168e-24 -5.68694e-15  1.67041e-26  1.46379e-15 -1.64618e-25  1.18204e-15 -1.89485e-25   4.4863e-16  3.65663e-26  1.23737e-16  3.74979e-26   2.6419e-17  2.35861e-27  4.15386e-18 -5.35221e-27  3.26342e-19 -1.62765e-27 -6.67875e-20  3.26849e-28 -3.86533e-20   2.9248e-28 -1.12184e-20  4.86993e-29 -2.48595e-21 -1.06155e-29 -4.59288e-22 -3.53279e-30 -7.29178e-23  7.71328e-31 -1.00382e-23  3.80645e-31 -1.19296e-24 -2.47351e-33 -1.19909e-25  5.06729e-33 -9.64925e-27  1.66487e-32 -5.15679e-28  3.87857e-33  3.41153e-30 -5.82727e-34  5.23225e-30 -2.94785e-34  8.17071e-31 -1.55256e-35  8.68113e-32  6.26342e-36  7.26267e-33  8.53462e-37  4.97337e-34 -4.48291e-38  2.81181e-35 -1.71647e-38  1.30371e-36 -1.01968e-39   4.8139e-38  3.89961e-41  1.31227e-39  1.80116e-42  2.36655e-41 -5.54819e-43  3.01923e-43 -2.64129e-44  3.27433e-45
 3.49235e-08  2.70316e-22 -6.75003e-07 -9.66572e-22  4.76808e-06 -5.35822e-21 -1.87059e-05  5.81878e-20  4.58534e-05 -2.54122e-19 -7.22714e-05  7.12879e-19  7.00091e-05 -1.44223e-18 -3.29163e-05  2.18636e-18 -4.70842e-06 -2.47022e-18  1.15961e-05  1.94667e-18 -3.14632e-07 -7.77143e-19  -3.3866e-06 -4.07038e-19  -2.1533e-07  1.01147e-18  8.92798e-07 -9.51285e-19  2.81894e-07  6.06005e-19 -1.40339e-07 -3.55252e-19 -1.20486e-07  2.55876e-19 -1.58663e-08 -1.76649e-19  2.02302e-08  7.20261e-20  1.29691e-08   1.3491e-21  2.25952e-09 -1.91054e-20 -1.37733e-09  1.12788e-20 -1.14834e-09 -3.37472e-21 -3.77608e-10 -6.04739e-23 -1.59171e-11  7.68352e-22  5.02387e-11 -4.57833e-22  3.00581e-11  1.39385e-22  9.63221e-12 -9.79051e-24  1.40138e-12  3.59024e-24 -3.95437e-13 -1.67225e-23 -3.66059e-13  3.61631e-24 -1.50393e-13  2.83217e-24 -4.19916e-14  7.14478e-25 -7.73767e-15 -4.73049e-25 -3.68138e-16 -4.58155e-25   3.9707e-16  3.72328e-26  2.04812e-16  8.52857e-26  6.52421e-17  1.32154e-26  1.60541e-17 -9.87044e-27  3.19671e-18 -4.18279e-27  5.06587e-19  2.73476e-28   5.6629e-20  5.87306e-28  1.46262e-21  1.41146e-28 -1.33294e-21 -3.68752e-30 -4.57383e-22 -4.18258e-30 -1.01091e-22  1.14229e-30  -1.7874e-23  3.66382e-31 -2.68543e-24  -8.0999e-32 -3.51036e-25  2.26728e-32  -4.0309e-26  3.74194e-32 -4.07538e-27  7.61804e-33 -3.61807e-28  -9.2439e-34 -2.80009e-29 -4.65252e-34 -1.86504e-30 -2.67764e-35 -1.04679e-31   8.0459e-36 -4.77112e-33   1.0722e-36 -1.63161e-34 -6.87091e-38 -3.17564e-36 -2.31017e-38  4.49277e-38  -1.4762e-39  5.97072e-39 -1.29822e-41  1.84383e-40 -5.20925e-42  1.80191e-42 -7.70951e-43  2.64229e-44 -1.59327e-44
 -1.8803e-22   3.6711e-07  2.17374e-21  -4.0426e-06 -5.35822e-21  2.17041e-05 -2.36405e-20 -7.00361e-05     2.17e-19   0.00014546 -8.29382e-19 -0.000194601  2.08348e-18   0.00015381 -3.83185e-18 -4.52376e-05  5.32206e-18 -2.83928e-05 -5.50329e-18  2.15464e-05  3.88831e-18  6.28384e-06 -1.18214e-18 -6.27833e-06 -1.14555e-18 -2.53097e-06  2.04857e-18  1.23374e-06 -1.66599e-18  1.01065e-06  9.28242e-19  1.48392e-08 -5.24692e-19 -2.44399e-07  4.16717e-19 -1.05983e-07 -2.93396e-19  7.36704e-09  1.06648e-19  2.64732e-08  1.12402e-20  1.18258e-08 -3.06284e-20  9.95084e-10  1.57859e-20 -1.65771e-09 -4.66087e-21 -1.07793e-09 -7.85165e-23 -3.20892e-10  1.06652e-21  -1.0745e-11 -5.94357e-22  4.06938e-11  1.51393e-22  2.39231e-11  2.83067e-23  7.93068e-12 -3.90896e-24  1.46385e-12  -3.1672e-23 -8.90779e-14  2.47325e-24 -1.94264e-13  6.51163e-24 -9.04751e-14  2.55408e-24 -2.81581e-14 -9.34712e-25  -6.4327e-15 -9.92784e-25 -9.73477e-16 -1.26432e-26 -1.70468e-17  1.64093e-25  5.03115e-17  3.92601e-26  2.17681e-17 -1.48225e-26  6.20499e-18 -8.72682e-27  1.40494e-18 -2.12161e-28  2.65477e-19  9.86115e-28  4.22255e-20  3.12743e-28  5.52763e-21  2.62501e-29  5.45634e-22 -4.23685e-33  2.55052e-23  1.80501e-30 -4.41025e-24 -6.39224e-32  -1.5575e-24 -2.91355e-31 -2.93793e-25  5.24882e-32 -4.26367e-26  6.97769e-32 -5.15979e-27   1.3179e-32 -5.35794e-28 -1.15115e-33 -4.82511e-29 -6.20201e-34 -3.77585e-30 -3.65328e-35 -2.55856e-31  9.21608e-36 -1.48941e-32  1.13184e-36 -7.34961e-34 -1.01095e-37 -3.00799e-35 -2.79085e-38 -9.88829e-37 -1.96135e-39 -2.54057e-38 -9.83325e-41 -5.17102e-40 -1.23204e-41 -7.76342e-42 -7.21968e-43 -3.83726e-44
-1.16131e-07 -1.95444e-21  2.43166e-06  1.27182e-20 -1.87059e-05 -2.36405e-20  8.04966e-05 -8.58222e-20 -0.000218769  6.77725e-19  0.000389224 -2.29357e-18 -0.000441835  5.20666e-18  0.000276347 -8.77076e-18 -2.62266e-05  1.12281e-17 -7.91055e-05 -1.06701e-17  2.53916e-05  6.75172e-18  2.25243e-05 -1.40707e-18 -6.59662e-06 -2.53053e-18 -7.45233e-06  3.57377e-18  1.97082e-07 -2.50246e-18  2.06606e-06  1.18557e-18   6.6133e-07  -6.6638e-19 -2.54577e-07  6.16446e-19 -2.67333e-07 -4.37989e-19 -6.62384e-08  1.37196e-19  2.53922e-08  2.79377e-20  2.66588e-08  -4.1558e-20  9.15563e-09  1.91656e-20  3.84324e-11 -6.00522e-21 -1.57413e-09 -3.12752e-23 -8.81384e-10  1.32842e-21  -2.4961e-10  -7.2148e-22 -1.21723e-11  1.57333e-22   2.6797e-11  1.04952e-22  1.62036e-11 -1.37634e-23  5.64042e-12 -5.88604e-23   1.2509e-12 -3.51357e-24  9.01912e-14  1.28626e-23 -6.83777e-14  6.41911e-24  -4.1175e-14 -1.41679e-24 -1.44028e-14  -1.9204e-24 -3.76609e-15 -1.74579e-25 -7.59883e-16  2.73682e-25 -1.08177e-16  8.88591e-26 -4.89209e-18 -1.77093e-26  3.12262e-18 -1.54434e-26  1.36579e-18 -1.44226e-27  3.66771e-19  1.40881e-27  7.77414e-20   5.7375e-28   1.3885e-20  9.54331e-29    2.139e-21  1.48852e-29  2.85875e-22  3.18995e-30   3.2923e-23 -1.20973e-30  3.19128e-24 -7.07343e-31  2.44642e-25  8.77561e-32  1.18475e-26  1.11541e-31 -2.45342e-28   2.0362e-32 -1.41814e-28 -1.05309e-33 -2.02957e-29 -6.92117e-34 -2.02859e-30 -3.61031e-35 -1.60093e-31  1.03462e-35 -1.03022e-32  1.08966e-36  -5.4189e-34 -1.26885e-37 -2.29121e-35 -2.98966e-38 -7.54543e-37 -2.37109e-39 -1.87887e-38 -1.81443e-40 -3.50574e-40 -1.51312e-41 -4.08887e-42 -4.14832e-43
 9.28955e-22 -9.88154e-07 -1.29916e-20    1.188e-05  5.81878e-20 -7.00361e-05 -8.58222e-20  0.000250205 -2.62302e-19 -0.000582753  1.80618e-18  0.000894703 -5.46631e-18 -0.000857001   1.1309e-17  0.000398933 -1.75778e-17  6.82104e-05  2.08669e-17 -0.000154704 -1.83024e-17   5.0851e-06  1.03585e-17  4.81214e-05 -1.14546e-18  1.92226e-06 -4.68727e-18 -1.37756e-05  5.47566e-18 -3.86682e-06 -3.25073e-18  2.56267e-06  1.22913e-18  1.93318e-06  -7.3261e-19   1.4346e-07  8.45131e-19 -3.98738e-07 -5.94303e-19  -2.2227e-07  1.52611e-19 -2.47963e-08  4.93593e-20  3.28619e-08 -4.78606e-20   2.2485e-08  2.06096e-20  6.28298e-09 -7.42559e-21 -4.04589e-10  8.51553e-23 -1.25011e-09  1.48024e-21 -6.40159e-10  -8.7093e-22 -1.80117e-10  1.79675e-22 -1.50412e-11  2.40423e-22  1.39528e-11 -1.92321e-23  9.24758e-12 -1.05336e-22  3.42192e-12 -1.87949e-23  8.71105e-13  2.22784e-23  1.33492e-13  1.33811e-23 -5.83361e-15 -1.61649e-24 -1.26917e-14 -3.33742e-24 -5.39394e-15  -5.2815e-25 -1.58819e-15  4.01367e-25 -3.69583e-16  1.68609e-25 -6.95864e-17 -1.47128e-26 -1.01934e-17 -2.37726e-26 -9.43212e-19 -3.66047e-27    3.554e-20  1.70618e-27  4.13397e-20  9.06517e-28  1.17829e-20  2.18189e-28  2.41398e-21  4.70825e-29  4.06111e-22  5.81957e-30  5.85992e-23  -3.2956e-30  7.38262e-24 -1.38098e-30  8.17674e-25  1.12019e-31  7.96697e-26  1.55819e-31  6.80224e-27  2.83153e-32  5.04683e-28 -4.58419e-34  3.20873e-29 -6.13812e-34  1.70892e-30   -1.511e-35   7.3224e-32  1.27222e-35  2.31482e-33  1.14678e-36  4.05467e-35 -1.19252e-37 -4.66846e-37 -2.74298e-38 -5.76551e-38 -2.52782e-39 -2.22824e-39 -2.18288e-40 -6.12282e-41 -1.21199e-41 -7.03298e-43
 2.35533e-07  8.18184e-21 -5.41002e-06 -6.43852e-20  4.58534e-05     2.17e-19 -0.000218769 -2.62302e-19  0.000665433 -6.86055e-19  -0.00134588  4.16302e-18   0.00179063 -1.13664e-17  -0.00142894  2.16087e-17  0.000429135 -3.12243e-17  0.000280486  3.45893e-17 -0.000226406 -2.81346e-17  -6.0678e-05  1.42281e-17  7.22619e-05 -1.27849e-19   2.5705e-05 -7.54696e-18 -1.66179e-05   7.4834e-18 -1.16729e-05 -3.64544e-18  7.87605e-07  9.25216e-19  3.36827e-06  -6.9648e-19  1.21536e-06  1.08977e-18 -2.55152e-07 -7.37159e-19 -4.02383e-07  1.42713e-19 -1.50088e-07  7.02789e-20  3.35022e-09  -4.6035e-20  3.10561e-08  2.01736e-20  1.66269e-08 -8.84512e-21  3.98151e-09  2.59151e-22 -4.40442e-10  1.41088e-21 -8.50859e-10 -1.12321e-21 -4.16113e-10  2.43672e-22 -1.20129e-10   4.6566e-22 -1.54092e-11  -6.9888e-24  5.17325e-12 -1.78476e-22  4.32359e-12  -4.9201e-23  1.73381e-12  3.43275e-23  4.91199e-13  2.44648e-23   1.0036e-13 -1.07254e-24  1.14715e-14 -5.26193e-24 -1.41316e-15 -1.15211e-24 -1.29381e-15   5.2111e-25 -4.61529e-16  2.80379e-25 -1.20831e-16 -1.41287e-27 -2.57904e-17 -3.22803e-26 -4.62134e-18 -6.93313e-27 -6.93054e-19  1.67979e-27 -8.35335e-20  1.26169e-27  -6.9357e-21  4.01512e-28 -4.00402e-23  1.01407e-28  1.27677e-22  1.00426e-29  3.20048e-23 -6.36169e-30  5.39308e-24 -2.31729e-30  7.29833e-25  1.01541e-31  8.35153e-26  1.91978e-31  8.23905e-27   3.5565e-32   7.0527e-28  6.74879e-34  5.23537e-29 -3.46538e-34  3.35108e-30  3.37065e-35  1.83008e-31  1.76975e-35   8.3903e-33  1.54018e-36  3.15811e-34 -5.75466e-38  9.48283e-36 -2.02591e-38  2.15455e-37 -2.29968e-39  3.12884e-39  -1.9037e-40  1.43061e-41 -5.93888e-42
-3.01022e-21  1.66129e-06  4.69447e-20 -2.21511e-05 -2.54122e-19   0.00014546  6.77725e-19 -0.000582753 -6.86055e-19   0.00153871 -1.55363e-18  -0.00273029   8.3778e-18   0.00315145 -2.08052e-17  -0.00204498  3.66563e-17  0.000232918 -4.96348e-17  0.000616269  5.16531e-17 -0.000234251 -3.91777e-17 -0.000181026  1.77108e-17   7.1628e-05  1.72473e-18  6.51594e-05 -1.08222e-17 -7.92881e-06  9.24917e-18  -2.1036e-05 -3.46482e-18 -4.96203e-06  2.14704e-19  3.64297e-06 -5.68403e-19  2.83808e-06  1.33504e-18  4.50271e-07 -8.36683e-19  -4.2806e-07   1.0224e-19 -3.21159e-07  8.35662e-20 -8.48999e-08 -3.49441e-20  1.55403e-08  1.87482e-20  2.42635e-08 -9.89308e-21  1.10974e-08  5.47959e-22  2.42171e-09  9.69777e-22 -2.86397e-10 -1.61678e-21 -4.99053e-10  3.60093e-22 -2.41357e-10  8.21999e-22 -7.28784e-11  4.37107e-23 -1.26374e-11   -2.836e-22  7.37865e-13 -1.01099e-22   1.5521e-12  4.74944e-23  7.08929e-13  4.03103e-23  2.20872e-13  7.43179e-25  5.26443e-14 -7.60345e-24  9.43554e-15 -2.09817e-24  1.01512e-15  5.98443e-25 -7.16483e-17  4.19713e-25 -7.48834e-17  2.61629e-26 -2.48231e-17  -3.8853e-26 -5.98535e-18  -1.1109e-26 -1.18484e-18  1.12273e-27 -2.00295e-19  1.56818e-27 -2.93091e-20  6.41204e-28 -3.71094e-21  1.78345e-28 -4.00929e-22  1.57755e-29 -3.55857e-23   -1.021e-29 -2.32327e-24  -3.4652e-30 -5.82153e-26  3.10772e-32  1.15446e-26  2.08236e-31  2.37293e-27   4.0309e-32  2.79955e-28  2.21031e-33  2.50422e-29  9.79018e-35  1.80608e-30  1.09733e-34  1.06521e-31  2.57698e-35  5.10685e-33  2.36603e-36  1.95285e-34   5.2354e-38  5.76705e-36 -1.03765e-38  1.22392e-37 -1.73148e-39     1.49e-39 -1.19507e-40  4.05904e-42
-2.94189e-07 -2.31926e-20  7.58375e-06  2.03768e-19 -7.22714e-05 -8.29382e-19  0.000389224  1.80618e-18  -0.00134588 -1.55363e-18   0.00313353 -3.07087e-18  -0.00491721  1.48144e-17    0.0049127 -3.37334e-17  -0.00247622  5.55944e-17  -0.00031378 -7.11527e-17   0.00101022  7.00677e-17 -0.000103967 -4.98937e-17  -0.00033496  2.02368e-17  1.76952e-05  4.20855e-18  0.000108482 -1.40897e-17  1.95185e-05  1.04827e-17 -2.58735e-05  -2.6237e-18 -1.47178e-05  -8.5254e-19  9.44379e-07  -3.9711e-19  4.18281e-06  1.56295e-18  1.78528e-06 -8.65324e-19 -5.56932e-08  3.39624e-20 -4.19477e-07  8.26118e-20 -2.18471e-07 -1.69019e-20 -4.10121e-08  1.74649e-20  1.65025e-08 -9.80856e-21  1.64509e-08  1.19435e-21   6.8077e-09 -2.74742e-24  1.44999e-09  -2.5454e-21 -1.15927e-10  5.08979e-22 -2.49494e-10  1.35454e-21  -1.2336e-10  1.59573e-22 -3.93134e-11 -4.21358e-22 -8.36655e-12 -1.79865e-22 -6.94759e-13    5.928e-23   3.4944e-13  6.08405e-23  2.18862e-13   4.2632e-24  7.66574e-14 -1.01693e-23  2.03158e-14 -3.36782e-24  4.32577e-15  6.00244e-25  7.33183e-16  5.76642e-25  8.91336e-17  7.05879e-26  3.48245e-18  -4.1195e-26  -1.9198e-18  -1.5874e-26 -7.31347e-19 -1.27005e-28 -1.71508e-19  1.75529e-27 -3.18373e-20  9.21349e-28 -4.99878e-21  2.72741e-28 -6.81085e-22  2.24282e-29 -8.13836e-23 -1.44334e-29 -8.55371e-24  -4.7303e-30 -7.89116e-25 -1.19391e-31 -6.34823e-26  1.94932e-31  -4.4018e-27   4.0899e-32 -2.58084e-28  3.85464e-33 -1.23825e-29  6.52829e-34 -4.55575e-31  2.02554e-34 -1.07404e-32   3.5932e-35 -1.24545e-35   3.4592e-36  1.21628e-35  1.73797e-37  6.03489e-37 -1.25826e-39  1.49561e-38 -1.04085e-39  1.22246e-40 -4.80517e-41
 6.92439e-21 -1.69661e-06 -1.17789e-19  2.58951e-05  7.12879e-19 -0.000194601 -2.29357e-18  0.000894703  4.16302e-18  -0.00273029 -3.07087e-18   0.00568071 -5.32303e-18  -0.00793301  2.30946e-17   0.00681475  -4.8639e-17  -0.00242579  7.57832e-17   -0.0012493 -9.25595e-17   0.00131922  8.69454e-17  0.000215489 -5.86312e-17 -0.000464029  2.15557e-17 -0.000106983  6.86951e-18  0.000130834 -1.69425e-17  6.58342e-05  1.10642e-17 -1.77993e-05 -1.20981e-18 -2.53215e-05 -2.12566e-18  -5.8852e-06 -2.54637e-19  3.79891e-06  1.75265e-18   3.3184e-06  -8.0556e-19  8.49283e-07 -5.04625e-20 -2.66015e-07  6.39863e-20 -3.23377e-07  2.56747e-21 -1.32274e-07  1.68524e-20  -1.7393e-08 -7.54881e-21  1.23706e-08  2.70188e-21  9.89501e-09 -1.61837e-21  3.86841e-09 -4.13681e-21   8.5348e-10  6.33068e-22 -7.75892e-12  2.10004e-21  -1.0283e-10  3.68743e-22 -5.43072e-11 -5.85964e-22  -1.8367e-11 -2.87977e-22 -4.49272e-12  6.67331e-23 -7.20961e-13   8.5069e-23 -1.22616e-14  9.63898e-24  4.20468e-14 -1.27128e-23  1.90274e-14 -4.90342e-24  5.66801e-15  5.05479e-25  1.33761e-15  7.38683e-25  2.62554e-16  1.32494e-25  4.31789e-17 -3.74844e-26  5.79658e-18 -2.08723e-26   5.7374e-19 -2.13118e-27  2.22941e-20  1.77916e-27  -6.5723e-21  1.21764e-27 -2.13295e-21  3.74596e-28 -4.04525e-22  2.90926e-29 -5.98776e-23 -1.85152e-29 -7.42311e-24 -6.00331e-30 -7.90844e-25  -3.5923e-31 -7.31024e-26  1.47361e-31 -5.87156e-27  3.63544e-32 -4.08213e-28  5.24626e-33 -2.43602e-29  1.21428e-33 -1.23145e-30  2.94241e-34 -5.17341e-32  4.57546e-35 -1.75458e-33  4.43392e-36 -4.56828e-35  2.58222e-37 -8.30719e-37  4.18406e-39 -9.17923e-39 -4.70738e-40 -5.54351e-41
 2.03515e-07  4.75263e-20 -6.23911e-06 -4.57094e-19  7.00091e-05  2.08348e-18 -0.000441835 -5.46631e-18   0.00179063   8.3778e-18  -0.00491721 -5.32303e-18   0.00925353  -8.1012e-18   -0.0115553   3.1736e-17   0.00842582 -6.24537e-17  -0.00163727  9.31942e-17  -0.00246688 -1.09805e-16   0.00135983  9.92728e-17  0.000711192 -6.41318e-17 -0.000485915  2.18385e-17 -0.000291371  9.14907e-18  0.000102295 -1.91288e-17  0.000119187  1.10728e-17   9.5082e-06  5.54049e-19 -3.04286e-05  -3.3977e-18 -1.59424e-05 -2.12518e-19  2.93254e-07  1.88124e-18  4.06993e-06 -6.55684e-19  2.10142e-06 -1.32412e-19   2.6874e-07  2.92273e-20 -2.80803e-07   1.6207e-20 -2.13771e-07  1.62266e-20  -7.3661e-08 -2.07214e-21 -6.99394e-09   5.8044e-21  7.45602e-09 -3.88702e-21  5.31698e-09  -6.6112e-21  2.03026e-09   6.4625e-22  4.80637e-10   3.0735e-21  3.33009e-11  6.93656e-22 -3.20942e-11 -7.65165e-22 -1.98255e-11 -4.23309e-22 -7.20353e-12    6.731e-23 -1.94583e-12  1.11151e-22 -3.99197e-13  1.66039e-23 -5.47537e-14 -1.50083e-23  -5.8018e-16 -6.59963e-24   2.5783e-15  3.12046e-25  1.03142e-15  8.94543e-25  2.76187e-16  2.10406e-25   5.9364e-17 -2.69989e-26  1.07971e-17 -2.58274e-26  1.69288e-18 -4.80792e-27   2.2936e-19  1.64295e-27  2.65453e-20  1.50351e-27  2.53648e-21  4.71803e-28  1.81374e-22  3.49105e-29  5.82411e-24 -2.19624e-29 -8.31179e-25 -7.19105e-30 -1.99714e-25 -6.84034e-31 -2.58517e-26  6.73804e-32  -2.5191e-27  2.67411e-32 -1.98285e-28  6.07778e-33 -1.28449e-29  1.67396e-33 -6.83564e-31  3.65024e-34 -2.94239e-32   5.2263e-35 -9.92455e-34  4.87983e-36 -2.46586e-35  2.74465e-37 -4.00421e-37  5.29843e-39 -3.43615e-39 -1.38729e-40
-1.16602e-20  8.61257e-07  2.16784e-19 -1.66343e-05 -1.44223e-18   0.00015381  5.20666e-18 -0.000857001 -1.13664e-17   0.00315145  1.48144e-17  -0.00793301  -8.1012e-18    0.0136588 -1.07864e-17   -0.0153055  3.82499e-17   0.00925993 -7.12952e-17 -1.68729e-05  1.03604e-16  -0.00371337 -1.19215e-16  0.000980072  1.04782e-16   0.00128747 -6.58715e-17 -0.000327126  2.15934e-17 -0.000488762  1.05673e-17  2.52676e-06 -2.06056e-17  0.000156523  1.07197e-17  5.51197e-05  2.39808e-18 -2.27776e-05 -4.46458e-18 -2.55691e-05 -3.19248e-19  -6.6211e-06  1.92592e-18  2.87077e-06 -4.31591e-19  3.11062e-06 -1.90426e-19   1.1219e-06 -1.50151e-20   5.7774e-09  1.70763e-20 -2.12714e-07  1.36674e-20 -1.26197e-07  7.34951e-21 -3.87619e-08  1.13167e-20 -3.15747e-09 -6.70115e-21  3.71895e-09 -1.01277e-20  2.53997e-09  4.56252e-22  9.71423e-10  4.25847e-21  2.49224e-10  1.14309e-21  3.40926e-11 -9.42123e-22 -5.43817e-12 -5.78223e-22 -5.57834e-12  5.98137e-23 -2.27073e-12  1.36705e-22 -6.67032e-13  2.44503e-23 -1.55268e-13 -1.69267e-23 -2.87792e-14 -8.33213e-24 -3.92275e-15  3.65701e-26  -2.3556e-16  1.03659e-24  6.75258e-17  3.00663e-25  3.12076e-17 -1.05483e-26  8.01131e-18 -3.06085e-26  1.59696e-18 -7.91745e-27  2.67395e-19  1.40154e-27   3.8732e-20  1.75685e-27  4.91302e-21  5.53676e-28  5.47815e-22  3.94137e-29  5.36039e-23 -2.44269e-29  4.57309e-24 -8.23586e-30  3.36029e-25 -1.07458e-30  2.08247e-26 -3.64696e-32  1.04748e-27  1.32946e-32   3.9269e-29  6.20418e-33  8.05855e-31  1.95309e-33 -1.71236e-32  3.99771e-34 -2.39277e-33   5.3211e-35 -1.11837e-34  4.59047e-36 -2.92006e-36  2.26323e-37 -3.77847e-38   3.6516e-39  -1.7426e-40
-3.67011e-08 -7.18884e-20  2.02273e-06  7.61007e-19 -3.29163e-05 -3.83185e-18  0.000276347   1.1309e-17  -0.00142894 -2.08052e-17    0.0049127  2.30946e-17   -0.0115553 -1.07864e-17    0.0184159 -1.24205e-17   -0.0185598  3.98923e-17   0.00894688 -7.19066e-17   0.00229622  1.04125e-16  -0.00465833 -1.18655e-16  0.000131273   1.0255e-16   0.00178475  -6.4103e-17  4.01883e-05  2.14485e-17 -0.000626837  1.08564e-17 -0.000165079 -2.14936e-17  0.000151126  1.02313e-17  0.000108006  4.09633e-18  1.96124e-06 -5.17331e-18 -2.91649e-05 -5.86797e-19 -1.53163e-05  1.86691e-18 -9.49951e-07 -1.63788e-19   3.0562e-06 -2.05203e-19  1.96367e-06 -5.86009e-20  5.21369e-07  3.22289e-22 -6.79757e-08  6.61703e-21 -1.33494e-07  2.09499e-20 -6.79949e-08  1.99119e-20 -1.96205e-08 -9.87247e-21 -1.81441e-09 -1.47338e-20  1.50956e-09 -5.41623e-24  1.06087e-09  5.60463e-21  4.14693e-10  1.70597e-21  1.14644e-10 -1.09865e-21  2.14708e-11 -7.39838e-22  1.27461e-12  4.51217e-23 -9.75668e-13   1.5934e-22 -5.30382e-13  3.21532e-23  -1.7364e-13 -1.84762e-23 -4.41031e-14 -9.99158e-24 -9.23427e-15 -2.92231e-25  -1.6116e-15  1.16091e-24  -2.2865e-16  3.97175e-25 -2.37646e-17  9.40476e-27 -9.20748e-19 -3.52244e-26  3.21269e-19 -1.10909e-26  1.07923e-19  1.14767e-27  2.15322e-20  1.96469e-27  3.36559e-21  6.13742e-28  4.41628e-22  4.26381e-29  4.99146e-23 -2.57801e-29  4.90779e-24 -9.11612e-30   4.2068e-25 -1.49742e-30   3.1344e-26 -1.50278e-31  2.01569e-27 -1.76835e-33  1.10624e-28  5.68955e-33  5.09626e-30  2.02253e-33  1.92407e-31  3.92571e-34  5.74928e-33  4.80929e-35  1.29699e-34  3.67242e-36   2.0872e-36  1.46036e-37   2.0773e-38  1.48481e-39
 1.42399e-20  5.87142e-08 -2.96139e-19  2.02724e-06  2.18636e-18 -4.52376e-05 -8.77076e-18  0.000398933  2.16087e-17  -0.00204498 -3.37334e-17   0.00681475   3.1736e-17   -0.0153055 -1.24205e-17    0.0228626 -1.20243e-17   -0.0207424  3.48639e-17   0.00737274 -6.31511e-17   0.00495374  9.43322e-17  -0.00500459 -1.08146e-16  -0.00109775  9.31048e-17   0.00203048 -5.96239e-17  0.000576583  2.19155e-17 -0.000632296  1.00006e-17 -0.000367839 -2.19795e-17  8.42223e-05  9.75009e-18  0.000148847  5.52058e-18  4.16777e-05  -5.4446e-18 -2.14804e-05 -9.89144e-19 -2.23131e-05  1.69046e-18 -6.90085e-06  1.09476e-19  1.30225e-06 -1.63865e-19  2.27898e-06 -9.07774e-20   1.0887e-06 -3.59422e-20  2.18092e-07 -7.16961e-21 -6.18318e-08  3.84951e-20 -7.27506e-08  3.19009e-20 -3.37464e-08  -1.3206e-20 -9.57532e-09 -2.03322e-20 -1.17566e-09 -7.56803e-22  4.59797e-10  7.03278e-21  3.75136e-10  2.34896e-21  1.53345e-10  -1.2188e-21  4.52438e-11 -8.91486e-22  1.00537e-11   2.6476e-23  1.50803e-12  1.77258e-22  3.58604e-14  3.86196e-23 -7.10804e-14  -1.9789e-23 -3.09749e-14 -1.15064e-23 -8.82085e-15 -6.42322e-25 -2.00194e-15   1.2652e-24 -3.82864e-16  4.91176e-25 -6.28855e-17  2.90157e-26 -8.88288e-18  -3.9759e-26 -1.06303e-18 -1.39016e-26  -1.0306e-19  9.84529e-28 -7.00346e-21  2.12447e-27 -7.90747e-23  6.50717e-28  6.97525e-23  4.49532e-29  1.40278e-23 -2.61209e-29  1.81938e-24 -9.82887e-30  1.84596e-25 -1.90712e-30   1.5403e-26 -2.57231e-31  1.07177e-27 -1.57373e-32  6.20591e-29  4.76859e-33  2.95121e-30  1.90234e-33  1.12434e-31   3.4786e-34  3.29676e-33  3.83568e-35  7.00162e-35  2.46826e-36  9.71935e-37   7.1019e-38  6.08583e-39
 -4.5125e-08  7.85523e-20   9.8179e-07 -9.43363e-19 -4.70842e-06  5.32206e-18 -2.62266e-05 -1.75778e-17  0.000429135  3.66563e-17  -0.00247622  -4.8639e-17   0.00842582  3.82499e-17   -0.0185598 -1.20243e-17    0.0263539 -9.06518e-18   -0.0215132  2.33691e-17   0.00472054 -4.67426e-17   0.00750692  7.64485e-17   -0.0045874 -8.97173e-17  -0.00250151  7.80804e-17   0.00189856 -5.34196e-17   0.00118033  2.32342e-17 -0.000459037   8.1935e-18 -0.000550655 -2.22292e-17 -4.48736e-05  9.29566e-18  0.000156395  6.64413e-18  8.67087e-05 -5.27007e-18 -4.25047e-07 -1.47144e-18 -2.34319e-05  1.39158e-18 -1.31224e-05  3.51016e-19 -2.14058e-06 -6.23239e-20   1.6065e-06 -1.03382e-19  1.40859e-06 -9.07877e-20  5.50948e-07 -2.87163e-20  8.69083e-08  5.94705e-20 -3.69529e-08  4.70819e-20 -3.49605e-08 -1.65766e-20 -1.53952e-08  -2.6676e-20 -4.43629e-09 -1.75213e-21 -7.16963e-10  8.44458e-21  7.23932e-11  3.01862e-21   1.0547e-10 -1.29176e-21  4.71389e-11 -1.01506e-21  1.48051e-11  9.22594e-24  3.64168e-12  1.89769e-22  7.05512e-13   4.2996e-23  9.82273e-14   -2.105e-23  4.94814e-15 -1.28415e-23 -2.38375e-15 -9.83794e-25 -1.04965e-15  1.34631e-24 -2.76132e-16  5.71521e-25 -5.71017e-17   4.3759e-26   -9.956e-18 -4.42772e-26 -1.50344e-18 -1.59558e-26 -1.98788e-19  9.96507e-28 -2.30767e-20  2.24206e-27 -2.34453e-21  6.67566e-28 -2.06579e-22  4.67319e-29  -1.5512e-23 -2.57126e-29 -9.59899e-25 -1.03639e-29 -4.53688e-26 -2.25123e-30 -1.25214e-27 -3.40889e-31  2.48491e-29  -2.6098e-32  5.67411e-30  3.73883e-33  3.97545e-31  1.64522e-33  1.78343e-32  2.78148e-34  5.48645e-34   2.6719e-35  1.13115e-35  1.35841e-36  1.39174e-37  2.28339e-38
-1.15828e-20 -2.67626e-07  2.90018e-19  4.29154e-06 -2.47022e-18 -2.83928e-05  1.12281e-17  6.82104e-05 -3.12243e-17  0.000232918  5.55944e-17  -0.00242579 -6.24537e-17   0.00925993  3.98923e-17   -0.0207424 -9.06518e-18    0.0284653 -3.83439e-18   -0.0208599  7.87765e-18   0.00139628 -2.67509e-17   0.00954554  5.45319e-17  -0.00341849 -6.66759e-17  -0.00382131   5.9642e-17   0.00135052 -4.63527e-17   0.00171642  2.53415e-17 -0.000107177  5.75558e-18  -0.00065274 -2.23495e-17 -0.000214994  8.79068e-18  0.000115792  7.50915e-18   0.00012207 -4.69348e-18   3.1017e-05 -1.96569e-18 -1.56311e-05  9.76039e-19 -1.68808e-05  5.33087e-19 -6.38083e-06  9.46678e-20 -1.71882e-07 -9.33796e-20  1.19423e-06 -1.61334e-19  7.66884e-07 -5.72798e-20  2.61956e-07  8.32987e-20  3.60922e-08  6.46964e-20  -1.6928e-08 -1.99712e-20 -1.47722e-08 -3.33892e-20 -6.37366e-09 -2.88745e-21 -1.89668e-09  9.73262e-21 -3.76837e-10  3.64696e-21  -2.2367e-11 -1.31388e-21  1.99331e-11 -1.09386e-21  1.12421e-11  1.58185e-26  3.84144e-12  1.97526e-22  1.01582e-12  4.49325e-23  2.20231e-13 -2.23894e-23  3.93891e-14 -1.39715e-23  5.59131e-15 -1.28777e-24  5.33177e-16  1.39928e-24  -2.1331e-18  6.26166e-25 -1.55279e-17   4.9509e-26 -4.45123e-18 -4.87107e-26 -8.77457e-19 -1.69662e-26 -1.40005e-19  1.23084e-27 -1.90015e-20  2.32815e-27 -2.23741e-21  6.69401e-28 -2.30338e-22  4.80757e-29 -2.07604e-23 -2.48669e-29  -1.6333e-24 -1.06833e-29  -1.1143e-25 -2.47841e-30 -6.52508e-27 -3.88724e-31 -3.23167e-28 -3.12366e-32 -1.32605e-29  2.83718e-33 -4.37751e-31  1.31495e-33 -1.11175e-32  1.99578e-34 -1.99354e-34  1.59753e-35 -1.97032e-36  5.80133e-37 -2.21213e-39
 1.85122e-08 -5.50476e-20 -8.32535e-07  8.28711e-19  1.15961e-05 -5.50329e-18 -7.91055e-05  2.08669e-17  0.000280486 -4.96348e-17  -0.00031378  7.57832e-17  -0.00163727 -7.12952e-17   0.00894688  3.48639e-17   -0.0215132 -3.83439e-18    0.0291046  2.52095e-18   -0.0190619 -7.69074e-18  -0.00211473 -8.09437e-18    0.0108045  3.31248e-17  -0.00166413 -4.26544e-17  -0.00481994  3.99301e-17  0.000443661 -3.90037e-17   0.00205597  2.79479e-17  0.000374447  3.04912e-18 -0.000627071 -2.23971e-17 -0.000387539  8.12077e-18  2.52662e-05  8.18283e-18  0.000132337 -3.78861e-18  6.48325e-05 -2.40798e-18  1.29794e-06   4.6152e-19 -1.56358e-05  6.43347e-19 -9.82828e-06  2.95371e-19 -2.65422e-06 -6.39886e-20  3.39304e-07 -2.43786e-19  7.07427e-07 -9.02942e-20  3.78633e-07  1.09468e-19  1.19258e-07  8.34985e-20  1.67578e-08 -2.34769e-20 -5.90663e-09 -4.00098e-20 -5.38526e-09 -4.02442e-21 -2.34083e-09  1.07878e-20 -7.23287e-10  4.15875e-21 -1.65197e-10 -1.28965e-21   -2.404e-11 -1.11551e-21  4.41867e-13  5.48453e-24  1.74379e-12  2.02371e-22  7.27836e-13  4.47038e-23   2.0985e-13 -2.37797e-23   4.8748e-14 -1.48398e-23  9.55211e-15 -1.52021e-24  1.60048e-15  1.41915e-24  2.28067e-16  6.44943e-25  2.68354e-17  4.37952e-26  2.37767e-18 -5.27375e-26  9.88342e-20 -1.67757e-26 -1.54995e-20  1.69668e-27 -4.81025e-21   2.3948e-27 -7.92619e-22  6.61322e-28 -9.93047e-23  4.87558e-29 -1.02203e-23 -2.38174e-29 -8.85927e-25 -1.07186e-29 -6.50769e-26 -2.54944e-30 -4.03431e-27 -3.95113e-31 -2.08525e-28  -3.0905e-32 -8.80132e-30  2.16406e-33 -2.93522e-31  9.69849e-34 -7.32196e-33  1.27019e-34 -1.22393e-34  7.95558e-36 -1.01711e-36   1.6715e-37
 3.70274e-21  1.90221e-08 -1.72749e-19 -1.43227e-06  1.94667e-18  2.15464e-05 -1.06701e-17 -0.000154704  3.45893e-17  0.000616269 -7.11527e-17   -0.0012493  9.31942e-17 -1.68729e-05 -7.19066e-17   0.00737274  2.33691e-17   -0.0208599  2.52095e-18    0.0284911  8.39695e-18   -0.0165594 -1.95205e-17  -0.00538986  5.22293e-18    0.0112021  1.59809e-17  0.000421432 -2.08033e-17   -0.0053374  2.06996e-17 -0.000691505 -3.16715e-17   0.00210981  3.06687e-17  0.000901558  4.10557e-19 -0.000455019 -2.24082e-17 -0.000517147  7.19318e-18 -0.000101564  8.72367e-18  0.000107231 -2.64228e-18  9.01519e-05 -2.75304e-18  2.40109e-05 -1.22597e-19 -8.23508e-06  6.87152e-19 -1.07736e-05  5.23875e-19 -4.97934e-06 -2.41442e-20 -9.73409e-07 -3.34144e-19  3.10413e-07 -1.23746e-19  3.58705e-07  1.37524e-19  1.71613e-07  1.01927e-19  5.21771e-08   -2.721e-20  8.41021e-09 -4.60376e-20 -1.32884e-09 -5.02433e-21 -1.62573e-09  1.15034e-20  -7.3771e-10   4.4787e-21 -2.37271e-10   -1.232e-21 -5.92964e-11 -1.07461e-21 -1.13729e-11  3.06336e-23 -1.42019e-12   2.0675e-22  2.12235e-14  4.31288e-23   7.7627e-14 -2.49804e-23  2.86257e-14 -1.53273e-23  7.33539e-15 -1.63628e-24  1.52615e-15  1.40459e-24  2.70664e-16  6.22943e-25  4.17198e-17  2.68692e-26  5.62703e-18 -5.56852e-26   6.6339e-19 -1.53307e-26  6.77839e-20  2.37772e-27  5.88928e-21  2.45257e-27  4.17576e-22  6.46925e-28  2.16668e-23  4.83753e-29  4.60229e-25 -2.26374e-29 -5.63609e-26 -1.03918e-29 -8.80241e-27 -2.44835e-30 -7.36501e-28 -3.62797e-31 -4.41794e-29 -2.62326e-32 -1.99234e-30  1.68923e-33 -6.66957e-32    6.547e-34 -1.56025e-33  7.03175e-35 -2.16283e-35  3.11595e-36 -9.76392e-38
 1.16816e-08  8.97661e-21  -2.0606e-07 -4.10872e-19 -3.14632e-07  3.88831e-18  2.53916e-05 -1.83024e-17 -0.000226406  5.16531e-17   0.00101022 -9.25595e-17  -0.00246688  1.03604e-16   0.00229622 -6.31511e-17   0.00472054  7.87765e-18   -0.0190619  8.39695e-18    0.0270315  1.23985e-17   -0.0138003  -2.5415e-17  -0.00815482  1.13107e-17    0.0108126  5.30176e-18   0.00257183 -3.31766e-18  -0.00531247  3.18804e-18  -0.00189012  -2.4471e-17   0.00184619  3.31539e-17   0.00137664 -1.89614e-18 -0.000151638 -2.24214e-17 -0.000564422  5.97112e-18  -0.00023853  9.16654e-18  4.57519e-05 -1.34619e-18    9.677e-05 -2.98286e-18  4.62751e-05  -7.3702e-19  4.31576e-06  6.85782e-19  -8.1337e-06  7.62786e-19 -6.13383e-06  1.34718e-20  -2.2961e-06 -4.28371e-19 -3.33663e-07 -1.52821e-19  1.75828e-07   1.6696e-19  1.59252e-07  1.18357e-19  7.13158e-08 -3.12021e-20   2.1627e-08 -5.09785e-20  4.11674e-09 -5.77982e-21  2.34562e-11  1.17796e-20 -3.70451e-10  4.53841e-21 -1.89644e-10 -1.16189e-21 -6.42465e-11 -9.74654e-22 -1.70642e-11  7.71526e-23 -3.69583e-12  2.12816e-22 -6.44947e-13  4.12993e-23 -8.29156e-14 -2.55633e-23 -4.51205e-15 -1.52522e-23  1.38953e-15 -1.58164e-24  5.97179e-16  1.36137e-24  1.45579e-16  5.63184e-25  2.76338e-17  2.16405e-27  4.40674e-18 -5.65198e-26  6.07578e-19 -1.26338e-26  7.33138e-20  3.24613e-27  7.77582e-21  2.50796e-27  7.24619e-22  6.27697e-28  5.90975e-23  4.66136e-29  4.18806e-24 -2.12424e-29  2.55161e-25 -9.65292e-30  1.31667e-26 -2.18935e-30   5.6353e-28 -3.02068e-31  1.94137e-29 -1.92444e-32  5.14129e-31  1.32131e-33   9.6901e-33  3.98313e-34  1.15051e-34  3.27797e-35  8.70682e-37  8.32118e-37
 5.37804e-21   7.4101e-08  -2.5516e-21 -1.16789e-06 -7.77143e-19  6.28384e-06  6.75172e-18   5.0851e-06 -2.81346e-17 -0.000234251  7.00677e-17   0.00131922 -1.09805e-16  -0.00371337  1.04125e-16   0.00495374 -4.67426e-17   0.00139628 -7.69074e-18   -0.0165594  1.23985e-17    0.0251664  1.39329e-17   -0.0111298 -2.55193e-17   -0.0102986  1.06109e-17   0.00980362  1.57834e-18   0.00456527  8.68482e-18  -0.00477319 -1.18499e-17  -0.00299166 -1.74428e-17   0.00129077  3.51781e-17   0.00171159 -3.70476e-18  0.000238646 -2.24803e-17 -0.000506424  4.48101e-18  -0.00035364  9.52377e-18 -4.26273e-05  4.19389e-21  7.86995e-05 -3.10847e-18  6.08344e-05 -1.33597e-18  1.88881e-05  6.71031e-19 -2.02784e-06  9.94988e-19 -5.38375e-06  3.51831e-20 -3.08004e-06 -5.22126e-19  -9.9786e-07 -1.72661e-19  -1.2045e-07  1.97095e-19  7.55332e-08  1.31408e-19  6.18608e-08 -3.52708e-20  2.68126e-08 -5.43707e-20  8.25611e-09 -6.23136e-21   1.8059e-09  1.15316e-20  2.00934e-10  4.28377e-21 -4.50309e-11  -1.1063e-21  -3.6028e-11 -8.28597e-22 -1.35299e-11  1.42138e-22 -3.80437e-12  2.21488e-22 -8.78008e-13  4.02077e-23 -1.71063e-13 -2.50198e-23 -2.81671e-14 -1.44102e-23 -3.82056e-15 -1.30399e-24  -3.9083e-16  1.30334e-24 -1.91319e-17  4.77216e-25  3.25578e-18 -2.41561e-26  1.19029e-18 -5.39874e-26  2.29076e-19 -8.72022e-27  3.36794e-20  4.26571e-27  4.10073e-21  2.56035e-27  4.25171e-22  6.03102e-28  3.78956e-23  4.33956e-29  2.90448e-24 -1.94737e-29  1.90295e-25 -8.51673e-30  1.05339e-26 -1.81576e-30  4.83683e-28 -2.27671e-31  1.79117e-29 -1.20866e-32  5.11783e-31  9.86812e-34  1.04713e-32  2.13236e-34  1.33828e-34  1.21219e-35  7.48727e-37
-4.09162e-09  3.45838e-20  2.26033e-07 -9.53529e-20  -3.3866e-06 -1.18214e-18  2.25243e-05  1.03585e-17  -6.0678e-05 -3.91777e-17 -0.000103967  8.69454e-17   0.00135983 -1.19215e-16  -0.00465833  9.43322e-17   0.00750692 -2.67509e-17  -0.00211473 -1.95205e-17   -0.0138003  1.39329e-17    0.0232521  1.34208e-17  -0.00874831 -2.19564e-17   -0.0118371  5.26774e-18   0.00837123  3.87698e-18   0.00625106  1.50237e-17  -0.00380933 -2.40423e-17  -0.00386747 -1.06242e-17  0.000513576  3.66738e-17   0.00184441 -4.95025e-18  0.000653037   -2.262e-17 -0.000342144  2.80283e-18 -0.000417322  9.79409e-18 -0.000139975  1.30799e-18   3.6491e-05 -3.16488e-18  6.18014e-05 -1.87195e-18   3.1112e-05  6.77263e-19  6.08924e-06  1.20415e-18 -2.63655e-06  2.90409e-20 -2.91238e-06 -6.10472e-19 -1.40804e-06 -1.79156e-19  -4.1876e-07  2.27004e-19 -5.15959e-08  1.40239e-19  2.47769e-08 -3.89155e-20  2.06274e-08 -5.57961e-20  8.90272e-09 -6.36175e-21  2.80269e-09  1.07053e-20  6.75746e-10  3.68398e-21  1.16357e-10 -1.09434e-21    8.048e-12 -6.57674e-22  -3.5555e-12  2.17694e-22 -1.95026e-12  2.31819e-22 -6.12823e-13  4.04037e-23 -1.49757e-13 -2.29196e-23  -3.0666e-14 -1.26466e-23 -5.40878e-15 -7.72115e-25  -8.2969e-16  1.24978e-24 -1.10584e-16  3.83033e-25 -1.26599e-17 -4.45643e-26 -1.20922e-18  -4.6931e-26 -8.94018e-20 -3.68815e-27 -3.80028e-21  5.38095e-27  1.81128e-22  2.59958e-27  6.12967e-23  5.71176e-28  8.02163e-24  3.89126e-29  7.49297e-25 -1.72195e-29  5.49486e-26 -7.07876e-30   3.2325e-27 -1.38961e-30  1.51614e-28  -1.5445e-31  5.52261e-30 -6.31679e-33  1.48296e-31  6.68744e-34  2.66052e-33  9.68348e-35   2.5846e-35  3.07632e-36
-1.08296e-20   2.5217e-09  1.39321e-19  3.31072e-07 -4.07038e-19 -6.27833e-06 -1.40707e-18  4.81214e-05  1.42281e-17 -0.000181026 -4.98937e-17  0.000215489  9.92728e-17  0.000980072 -1.18655e-16  -0.00500459  7.64485e-17   0.00954554 -8.09437e-18  -0.00538986  -2.5415e-17   -0.0111298  1.34208e-17    0.0215106  1.20205e-17  -0.00672717 -1.76643e-17   -0.0128576 -1.87245e-18   0.00669406  1.03417e-17    0.0075498  1.61776e-17  -0.00254118 -3.33102e-17  -0.00443367 -4.07015e-18 -0.000389751  3.77117e-17   0.00174747 -5.65215e-18   0.00102392 -2.28463e-17 -9.23046e-05  1.05607e-18 -0.000409704  9.97189e-18 -0.000224343  2.45937e-18 -2.24311e-05 -3.20068e-18   4.6724e-05  -2.3011e-18  3.67984e-05  7.32579e-19  1.38265e-05  1.37423e-18  1.43954e-06 -1.32152e-20 -1.71564e-06 -6.88001e-19 -1.36547e-06 -1.69728e-19 -5.93913e-07  2.55506e-19 -1.70628e-07  1.44756e-19 -2.51314e-08  -4.1285e-20  5.40753e-09 -5.48859e-20  5.65794e-09 -6.17218e-21   2.5195e-09  9.29821e-21  8.14293e-10   2.7416e-21  2.08943e-10 -1.15129e-21  4.28696e-11 -4.88273e-22  6.57469e-12  2.91753e-22  5.09848e-13  2.40942e-22 -1.00542e-13  4.18072e-23 -5.76925e-14 -1.90711e-23 -1.65171e-14 -9.93296e-24 -3.61039e-15  5.14984e-27 -6.59129e-16   1.2199e-24 -1.03882e-16  3.00757e-25 -1.43362e-17  -5.2122e-26 -1.74208e-18 -3.47206e-26 -1.86474e-19  2.22894e-27 -1.75224e-20  6.50078e-27 -1.43519e-21  2.60585e-27 -1.01301e-22  5.29511e-28 -6.05514e-24  3.35335e-29 -2.98164e-25 -1.45072e-29  -1.1525e-26 -5.50004e-30 -3.14835e-28  -9.7517e-31 -4.09004e-30 -9.33965e-32  9.00766e-32 -2.56427e-33  5.80791e-33  3.93466e-34  1.19575e-34  3.50188e-35  9.33733e-37
