    0.108058  2.12212e-16   -0.0528767  -1.7319e-16   -0.0270154  2.59835e-17   0.00151091  1.08304e-17   0.00532543 -4.89169e-19   0.00165324  1.87488e-18 -0.000105104  2.45133e-19 -0.000196525 -3.93326e-19 -5.08585e-05 -1.42309e-19 -4.67622e-06 -1.19333e-20 -2.93478e-08
 2.12212e-16     0.136034  1.20858e-16   -0.0223466 -6.48209e-17   -0.0351686  1.59295e-17  -0.00486828  1.04906e-18   0.00586835  6.18595e-18   0.00305669  6.80714e-18  0.000318984  1.15576e-18 -0.000184403 -5.41447e-19 -6.87518e-05 -1.96005e-19 -7.84798e-06 -1.07935e-20
  -0.0528767  1.20858e-16    0.0970888   9.4021e-18  -0.00156382 -1.48348e-17   -0.0324856 -1.32487e-17  -0.00958045 -1.17099e-17   0.00465132   1.2428e-17   0.00382307  1.19356e-17  0.000860228  2.45409e-18 -3.77854e-05  -3.6897e-19  -4.5025e-05 -1.30718e-19 -4.50756e-06
 -1.7319e-16   -0.0223466   9.4021e-18    0.0671331 -6.96246e-18   0.00542643 -1.15565e-17   -0.0285191 -5.18025e-17   -0.0125963 -2.71249e-17   0.00270132  1.46808e-17   0.00388227  1.47169e-17   0.00125911  3.24816e-18  0.000134727 -3.88734e-20 -6.94547e-06  -3.2976e-20
  -0.0270154 -6.48209e-17  -0.00156382 -6.96246e-18    0.0534061  3.05725e-17   0.00821653 -1.97619e-17   -0.0251795 -8.77178e-17   -0.0147276  -4.2578e-17  0.000333917  1.20022e-17   0.00322267  1.35341e-17   0.00131516   3.0019e-18  0.000211387  1.62146e-19  9.42871e-06
 2.59835e-17   -0.0351686 -1.48348e-17   0.00542643  3.05725e-17    0.0463505  8.18932e-17    0.0100527 -2.57432e-17   -0.0222974 -1.11827e-16   -0.0163105 -5.38744e-17  -0.00227981  4.80495e-18   0.00192512  8.79144e-18  0.000974773  1.89192e-18  0.000156578  1.25483e-19
  0.00151091  1.59295e-17   -0.0324856 -1.15565e-17   0.00821653  8.18932e-17    0.0421848  1.29825e-16    0.0117197  -2.5585e-17   -0.0195355 -1.18837e-16   -0.0173141 -5.95096e-17  -0.00480774 -5.04739e-18  0.000327684  2.83504e-18  0.000430286  6.46209e-19  5.44419e-05
 1.08304e-17  -0.00486828 -1.32487e-17   -0.0285191 -1.97619e-17    0.0100527  1.29825e-16    0.0398058  1.63081e-16    0.0136197 -1.89334e-17   -0.0164509 -1.10038e-16   -0.0173323 -6.04422e-17  -0.00658487 -1.37606e-17 -0.000944691 -1.44553e-18  1.94587e-05 -2.10506e-20
  0.00532543  1.04906e-18  -0.00958045 -5.18025e-17   -0.0251795 -2.57432e-17    0.0117197  1.63081e-16       0.0388  1.76505e-16    0.0161573 -6.53806e-18   -0.0123894 -9.12847e-17   -0.0156138 -5.66305e-17  -0.00678845 -1.72097e-17  -0.00134095 -2.58089e-18  -8.4952e-05
-4.89169e-19   0.00586835 -1.17099e-17   -0.0125963 -8.77178e-17   -0.0222974  -2.5585e-17    0.0136197  1.76505e-16    0.0391271  1.74981e-16    0.0198759  9.89778e-18  -0.00658087 -6.79997e-17   -0.0115428 -4.66666e-17  -0.00513976 -1.41906e-17 -0.000916183 -1.47916e-18
  0.00165324  6.18595e-18   0.00465132 -2.71249e-17   -0.0147276 -1.11827e-16   -0.0195355 -1.89334e-17    0.0161573  1.74981e-16    0.0410454   1.6756e-16     0.025298  2.72605e-17   0.00119209 -4.32004e-17  -0.00563366 -3.12864e-17  -0.00253194 -7.75291e-18  -0.00030558
 1.87488e-18   0.00305669   1.2428e-17   0.00270132  -4.2578e-17   -0.0163105 -1.18837e-16   -0.0164509 -6.53806e-18    0.0198759   1.6756e-16    0.0448336  1.58766e-16    0.0321352  4.17836e-17    0.0094898 -1.97272e-17 -1.01516e-05 -1.53464e-17 -0.000504639 -2.41983e-18
-0.000105104  6.80714e-18   0.00382307  1.46808e-17  0.000333917 -5.38744e-17   -0.0173141 -1.10038e-16   -0.0123894  9.89778e-18     0.025298  1.58766e-16    0.0499206  1.47151e-16     0.038174  4.99133e-17    0.0151065 -2.13526e-18   0.00293086 -4.52531e-18  0.000183352
 2.45133e-19  0.000318984  1.19356e-17   0.00388227  1.20022e-17  -0.00227981 -5.95096e-17   -0.0173323 -9.12847e-17  -0.00658087  2.72605e-17    0.0321352  1.47151e-16    0.0537631  1.29349e-16    0.0395278  4.87202e-17     0.015317   5.8654e-18   0.00274504 -3.43019e-19
-0.000196525  1.15576e-18  0.000860228  1.47169e-17   0.00322267  4.80495e-18  -0.00480774 -6.04422e-17   -0.0156138 -6.79997e-17   0.00119209  4.17836e-17     0.038174  1.29349e-16     0.052236  1.03462e-16    0.0335748   3.7926e-17    0.0107466  5.54651e-18   0.00119769
-3.93326e-19 -0.000184403  2.45409e-18   0.00125911  1.35341e-17   0.00192512 -5.04739e-18  -0.00658487 -5.66305e-17   -0.0115428 -4.32004e-17    0.0094898  4.99133e-17    0.0395278  1.03462e-16    0.0428198  7.13276e-17    0.0221848  2.22689e-17   0.00505509  2.27621e-18
-5.08585e-05 -5.41447e-19 -3.77854e-05  3.24816e-18   0.00131516  8.79144e-18  0.000327684 -1.37606e-17  -0.00678845 -4.66666e-17  -0.00563366 -1.97272e-17    0.0151065  4.87202e-17    0.0335748  7.13276e-17    0.0279293  3.96439e-17    0.0107701  9.05923e-18   0.00138472
-1.42309e-19 -6.87518e-05  -3.6897e-19  0.000134727   3.0019e-18  0.000974773  2.83504e-18 -0.000944691 -1.72097e-17  -0.00513976 -3.12864e-17 -1.01516e-05 -2.13526e-18     0.015317   3.7926e-17    0.0221848  3.96439e-17    0.0136852  1.64065e-17   0.00353483  2.15319e-18
-4.67622e-06 -1.96005e-19  -4.5025e-05 -3.88734e-20  0.000211387  1.89192e-18  0.000430286 -1.44553e-18  -0.00134095 -1.41906e-17  -0.00253194 -1.53464e-17   0.00293086   5.8654e-18    0.0107466  2.22689e-17    0.0107701  1.64065e-17   0.00468658  4.53513e-18  0.000657599
-1.19333e-20 -7.84798e-06 -1.30718e-19 -6.94547e-06  1.62146e-19  0.000156578  6.46209e-19  1.94587e-05 -2.58089e-18 -0.000916183 -7.75291e-18 -0.000504639 -4.52531e-18   0.00274504  5.54651e-18   0.00505509  9.05923e-18   0.00353483  4.53513e-18  0.000994638  6.77538e-19
-2.93478e-08 -1.07935e-20 -4.50756e-06  -3.2976e-20  9.42871e-06  1.25483e-19  5.44419e-05 -2.10506e-20  -8.4952e-05 -1.47916e-18  -0.00030558 -2.41983e-18  0.000183352 -3.43019e-19   0.00119769  2.27621e-18   0.00138472  2.15319e-18  0.000657599  6.77538e-19  9.81593e-05
