 1.74998e-35  3.63035e-52 -1.36828e-35  1.68411e-51 -8.59386e-36 -1.43487e-52  8.12934e-36 -9.94405e-51 -2.84448e-36 -5.83353e-51 -1.20424e-36 -1.95417e-51  1.44017e-36 -6.10185e-51 -2.40093e-37 -3.06332e-52 -3.72084e-37  1.86497e-51  3.36143e-38  2.35988e-52  4.32771e-37 -1.68155e-50 -1.49642e-37   2.0292e-51 -9.53277e-38  1.69131e-49 -3.19512e-38  1.42426e-49  4.07337e-38 -6.50624e-49  4.05828e-39 -3.39728e-48  2.38289e-39 -7.70541e-48 -5.87505e-39 -8.93256e-48      9.4e-40 -6.04994e-48  2.23602e-39  3.29009e-48 -2.13121e-39 -4.79753e-47   1.7232e-40 -1.98581e-46  4.85659e-40 -3.04487e-46 -1.46978e-40  -3.4208e-46 -4.84515e-41 -1.67482e-46  7.34955e-41 -1.10873e-46 -2.02112e-41 -2.61481e-46 -4.06308e-42  -3.0923e-46  3.78963e-42 -3.96078e-46 -2.77604e-43  8.63301e-47 -1.40395e-43  1.44525e-46 -2.09765e-43  1.82487e-46 -8.26352e-44  2.86096e-47 -3.63718e-45 -1.45862e-46  4.28564e-44 -1.16999e-47   -1.759e-44  9.24199e-48 -1.56562e-45  6.17708e-47  -3.6458e-45 -5.90852e-48  1.98979e-45 -1.58283e-47 -7.14381e-46 -1.88925e-47  4.03962e-47 -3.55873e-48 -1.05726e-47  6.19046e-49  8.86784e-48 -1.71058e-49  2.62713e-47   2.2976e-48 -3.10005e-47 -4.08061e-48  4.35316e-47  6.85637e-48 -6.45455e-47 -1.07149e-47  9.04355e-47  1.54041e-47 -1.17623e-46  -2.0423e-47   1.4147e-46  2.48563e-47 -1.56537e-46 -2.76439e-47  1.58325e-46  2.79327e-47 -1.45084e-46 -2.54718e-47  1.19088e-46  2.07923e-47 -8.63795e-47 -1.50418e-47  5.45456e-47  9.52383e-48 -2.95289e-47 -5.19287e-48  1.34989e-47  2.38619e-48 -5.12926e-48 -8.96554e-49  1.58554e-48  2.63287e-49 -3.82754e-49 -5.61025e-50  6.59298e-50  7.49814e-51 -6.44726e-51 -4.05777e-52
 3.63035e-52   4.1748e-35  3.30441e-51 -2.08574e-35  6.85793e-51 -7.24683e-36 -3.67354e-52  8.91567e-36  -2.9127e-50 -3.31805e-36 -1.72604e-50 -4.06362e-36 -6.98279e-51  3.95312e-36 -1.31646e-50  3.57439e-37  -1.7212e-51 -1.82163e-36  6.21293e-51  1.99128e-37   2.1595e-51  1.00864e-36 -2.07564e-49 -1.96011e-37 -7.16938e-51 -2.25342e-37  1.68448e-48 -1.82306e-37  1.35058e-48  1.19395e-37 -6.39518e-48  2.63759e-38 -3.62343e-47  1.01804e-38  -7.8907e-47 -2.03373e-38 -8.83874e-47  3.64219e-39 -5.67088e-47  4.63254e-39  1.57592e-47 -6.42468e-39 -4.37307e-46  9.61402e-40 -1.64644e-45  1.32145e-39 -2.47073e-45 -3.95701e-40 -2.66654e-45 -1.60043e-40 -1.31442e-45  2.03396e-40 -8.14607e-46 -6.01903e-41 -1.79821e-45 -1.50067e-41 -1.99934e-45  1.50952e-41  -2.3374e-45 -1.93889e-42  4.55447e-46 -5.13012e-44  8.73613e-46 -6.52653e-43  1.08917e-45 -1.28467e-43  2.18199e-46 -2.89758e-44 -9.33401e-46  1.63947e-43 -6.09281e-47 -7.62512e-44  3.48132e-47 -1.86915e-45  3.51952e-46 -1.35366e-44 -2.67284e-47  7.70279e-45 -7.58916e-47 -2.92076e-45 -8.75558e-47  1.94822e-46  -1.5944e-47 -3.76211e-47  8.92082e-48  4.01711e-48 -1.22059e-47  1.48158e-46  3.07215e-47 -1.75318e-46 -5.30461e-47  2.18159e-46  8.51166e-47 -2.68074e-46 -1.26538e-46  3.07259e-46  1.73388e-46  -3.2891e-46 -2.18579e-46  3.33733e-46   2.5234e-46 -3.23183e-46 -2.65438e-46  2.94186e-46  2.52867e-46 -2.40747e-46 -2.16584e-46  1.64484e-46  1.65324e-46 -8.23692e-47 -1.11243e-46   1.8904e-47  6.50714e-47  1.21126e-47 -3.24899e-47 -1.63712e-47  1.35044e-47  9.66027e-48 -4.50652e-48 -3.51033e-48  1.14088e-48  7.92272e-49 -1.98122e-49 -9.81198e-50  1.87413e-50  4.18476e-51
-1.36828e-35  3.30441e-51  5.12615e-35  1.51262e-50 -2.19678e-35  1.90627e-50 -4.85693e-36  3.59369e-52  1.13113e-35 -5.44226e-50 -4.49713e-36 -3.10409e-50 -1.03379e-35 -1.49577e-50  8.61253e-36 -2.78379e-50  2.83086e-36 -1.42358e-50 -4.49084e-36  1.45172e-50  1.84663e-38 -7.16358e-50  1.64351e-36 -1.81178e-48  1.23026e-37 -3.70682e-49  -3.6455e-37  1.15745e-47 -5.27214e-37  8.41212e-48  2.32851e-37 -4.39019e-47  7.15784e-38 -2.66091e-46  2.63666e-38 -5.61002e-46 -4.15545e-38 -6.23654e-46  1.04358e-38 -4.15231e-46   3.7538e-39 -6.83828e-47 -1.33183e-38 -2.85602e-45  2.85231e-39 -9.54111e-45  2.46871e-39 -1.39481e-44 -6.79579e-40 -1.43884e-44 -3.92615e-40 -7.10725e-45  4.10258e-40 -4.07256e-45 -1.33585e-40 -8.40343e-45 -4.57916e-41 -8.83405e-45  4.36059e-41 -9.24003e-45 -6.45311e-42  1.55346e-45  1.08845e-42  3.67682e-45 -1.91754e-42  4.50611e-45  2.91398e-43  1.14415e-45 -1.50973e-43  -4.2249e-45  4.52741e-43  -2.5269e-46 -2.29801e-43  1.44143e-47  7.78011e-45  1.37171e-45 -3.57041e-44 -9.44056e-47  2.13092e-44 -2.56916e-46 -8.50405e-45 -2.73779e-46  7.98412e-46 -6.65783e-47  -3.0205e-46  8.47269e-47  4.48998e-46 -1.42525e-46 -6.26108e-46  2.75812e-46  1.63425e-45 -4.55031e-46 -3.21577e-45  6.95123e-46  5.36141e-45 -9.81452e-46 -7.80841e-45   1.2757e-45  9.99347e-45 -1.52138e-45 -1.12595e-44  1.65674e-45  1.12013e-44  -1.6385e-45 -9.91514e-45  1.46221e-45   7.9272e-45 -1.16837e-45 -5.83753e-45  8.28059e-46  4.00341e-45 -5.14395e-46  -2.5196e-45   2.7582e-46  1.39353e-45 -1.25048e-46 -6.39126e-46  4.65562e-47  2.28646e-46 -1.36201e-47 -5.95861e-47   2.9094e-48  1.02189e-47 -3.92524e-49 -9.18993e-49  2.16008e-50
 1.68411e-51 -2.08574e-35  1.51262e-50  4.74016e-35  4.45784e-50 -2.20691e-35  4.19395e-50 -7.19583e-36  5.91214e-51  2.11908e-35 -7.30774e-50  -7.0953e-36 -3.86546e-50 -2.20267e-35 -3.03007e-50  1.45234e-35 -1.09605e-49   8.7399e-36 -1.23856e-49 -7.67416e-36  -1.0353e-49 -1.19274e-36 -1.21541e-48  2.00758e-36 -1.26371e-47  1.04056e-36  -4.6106e-48  -4.0193e-37  6.35902e-47 -1.09399e-36  3.89782e-47   3.5644e-37 -2.42468e-46   1.2316e-37 -1.55663e-45  4.78795e-38 -3.19339e-45 -5.92949e-38 -3.59093e-45  2.64271e-38 -2.62096e-45 -6.04586e-39 -1.50491e-45 -2.19513e-38 -1.52454e-44  6.06066e-39 -4.45719e-44  3.58253e-39 -6.32041e-44  -8.0465e-40 -6.20254e-44 -8.08392e-40 -3.04606e-44  7.18478e-40 -1.58852e-44 -2.66805e-40 -3.05267e-44 -1.13493e-40 -3.06416e-44  1.01875e-40 -2.76995e-44 -1.45479e-41   3.6673e-45   5.1385e-42   1.2385e-44 -5.54885e-42  1.49641e-44   2.2402e-42    4.819e-45 -5.55108e-43 -1.54811e-44   1.0328e-42 -9.17639e-46 -5.55192e-43 -4.85726e-46  4.93247e-44  4.23671e-45 -7.71863e-44  -2.9411e-46  4.86278e-44 -7.25745e-46 -2.13016e-44 -6.20363e-46  5.45083e-45 -3.45409e-46 -7.73645e-45  6.20469e-46  1.59005e-44 -1.07514e-45 -3.03412e-44  1.86567e-45  5.45588e-44 -2.91817e-45 -8.80019e-44   4.2169e-45  1.27262e-43 -5.61514e-45 -1.64454e-43  6.86294e-45  1.89039e-43 -7.66747e-45 -1.92579e-43  7.79086e-45  1.73728e-43  -7.1582e-45 -1.39473e-43  5.90704e-45  1.00942e-43 -4.34305e-45 -6.70458e-44  2.81725e-45  4.12399e-44 -1.59257e-45 -2.30837e-44  7.71863e-46  1.12207e-44 -3.13545e-46 -4.45232e-45  1.03212e-46   1.3489e-45 -2.60741e-47 -2.87714e-46  4.57818e-48  3.75001e-47 -4.43927e-49 -1.94017e-48
-8.59386e-36  6.85793e-51 -2.19678e-35  4.45784e-50  4.55731e-35  9.44695e-50 -2.59467e-35  7.65318e-50 -1.71987e-35  2.25822e-50  4.14382e-35  -6.8764e-50 -9.03016e-36 -3.27687e-50 -4.00419e-35 -1.14622e-49  1.87722e-35 -6.59873e-49  1.90126e-35 -9.50016e-49  -9.9407e-36 -1.87243e-48 -3.81021e-36 -1.11878e-47   1.6593e-36 -7.43065e-47  2.54052e-36 -3.77842e-47 -1.95764e-37  2.97285e-46 -1.82476e-36  1.36512e-46  4.72099e-37 -1.13815e-45  1.35284e-37 -7.70088e-45   6.3535e-38  -1.5421e-44 -5.98036e-38 -1.77378e-44   6.0976e-38 -1.44359e-44 -2.95143e-38 -1.24274e-44 -3.02528e-38 -6.97766e-44  1.03713e-38  -1.7778e-43  4.07967e-39 -2.43582e-43 -5.35391e-40 -2.26543e-43  -1.4967e-39  -1.0932e-43  1.20237e-39 -5.09699e-44 -5.26589e-40 -9.02101e-44 -2.23068e-40 -8.79457e-44  2.00714e-40  -6.4149e-44 -2.40704e-41  4.67235e-45  1.53114e-41  3.52289e-44 -1.44689e-41  4.24445e-44  7.52718e-42  1.73244e-44 -1.59326e-42 -4.83618e-44  2.04116e-42 -2.93181e-45 -1.13528e-42 -3.05464e-45  1.60926e-43  1.10132e-44 -1.46901e-43 -7.88381e-46  1.04286e-43 -1.92199e-45 -6.83637e-44  -7.6456e-46  7.15111e-44  -1.9176e-45 -1.42827e-43  3.60264e-45   2.8264e-43 -6.05499e-45 -5.11661e-43  9.70321e-45  8.44334e-43 -1.42045e-44 -1.25691e-42  1.91201e-44    1.678e-42 -2.35758e-44 -1.99575e-42  2.65026e-44  2.10044e-42 -2.70181e-44 -1.94541e-42   2.4826e-44  1.58306e-42  -2.0421e-44 -1.13913e-42  1.49232e-44  7.38534e-43 -9.60801e-45 -4.43182e-43  5.40076e-45  2.49347e-43 -2.62419e-45 -1.27967e-43  1.08919e-45  5.61804e-44 -3.79659e-46 -1.95699e-44  1.07787e-46  5.01129e-45 -2.33944e-47 -8.53271e-46  3.36337e-48  7.75347e-47 -2.05217e-49
-1.43487e-52 -7.24683e-36  1.90627e-50 -2.20691e-35  9.44695e-50  5.69092e-35  1.53068e-49 -3.59917e-35  1.18538e-49  -3.6908e-35  5.50808e-50  7.12143e-35 -3.30627e-50 -6.57072e-36 -3.52281e-50   -6.308e-35 -6.93969e-49  1.77738e-35 -3.93171e-48  3.29127e-35 -6.36926e-48 -9.79698e-36 -1.64172e-47 -7.49788e-36 -7.61916e-47   2.3191e-37 -3.79743e-46   4.3068e-36 -2.40462e-46  3.21142e-37  1.22579e-45 -2.56754e-36  3.29525e-46  5.85253e-37 -4.66464e-45  4.11657e-38 -3.32728e-44   5.8795e-38 -6.51887e-44 -3.47122e-38 -7.70649e-44  1.27701e-37 -6.95888e-44 -6.73133e-38 -7.17984e-44 -3.50153e-38 -2.80435e-43  1.53944e-38 -6.24373e-43  3.25117e-39 -8.23562e-43  3.01033e-40   -7.243e-43  -2.6619e-39 -3.37656e-43  2.02867e-39  -1.3827e-43 -1.05649e-39 -2.18922e-43 -3.37151e-40 -2.13985e-43  3.41309e-40 -1.06234e-43 -2.77457e-41 -7.33673e-45  3.62824e-41  8.68891e-44 -3.27236e-41    1.066e-43  1.85304e-41  5.47428e-44 -3.80898e-42 -1.32335e-43  3.56307e-42 -8.24045e-45 -2.01776e-42 -1.19475e-44  4.02739e-43  2.48391e-44 -3.01228e-43 -1.62104e-45  3.41363e-43 -5.29751e-45 -5.15093e-43  1.52439e-45  1.00219e-42 -9.07502e-45 -2.02784e-42  1.60117e-44  3.80212e-42   -2.502e-44 -6.49368e-42  3.63046e-44  1.00436e-41 -4.77219e-44 -1.39625e-41  5.66026e-44  1.73105e-41 -5.98795e-44  -1.8973e-41  5.55184e-44  1.82181e-41  -4.3825e-44 -1.52048e-41  2.77875e-44  1.09967e-41 -1.19733e-44 -6.95616e-42  4.09908e-46  3.96921e-42  5.22971e-45 -2.14182e-42 -5.94565e-45  1.11487e-42  4.17519e-45 -5.31904e-43 -2.10876e-45  2.11488e-43  7.75272e-46 -6.39551e-44 -1.98598e-46  1.35006e-44    3.183e-47 -1.74276e-45 -2.45203e-48  9.04508e-47
 8.12934e-36 -3.67354e-52 -4.85693e-36  4.19395e-50 -2.59467e-35  1.53068e-49   8.5736e-35  1.96554e-49  -5.1871e-35  1.58269e-49 -6.76463e-35  9.86479e-50   1.0587e-34   6.2916e-52  3.39574e-36 -2.81346e-49 -8.75512e-35 -4.20657e-48  9.15246e-36 -2.10611e-47  4.79961e-35 -3.75585e-47 -6.48349e-36 -1.06317e-46 -1.12416e-35 -4.22556e-46 -2.35677e-36 -1.71951e-45  5.85421e-36 -1.26962e-45  1.04223e-36  4.56646e-45 -3.08539e-36  2.36028e-46  7.09573e-37 -1.69243e-44 -2.24017e-37 -1.28037e-43  2.56444e-38 -2.46003e-43  1.22315e-38 -2.98949e-43   2.4232e-37  -2.9557e-43 -1.14748e-37 -3.31236e-43 -3.19894e-38 -1.00431e-42  2.12214e-38 -1.96815e-42  4.57881e-40 -2.48967e-42  1.77011e-39 -2.07067e-42 -4.78673e-39 -9.09818e-43  3.47965e-39  -3.2281e-43 -2.11076e-39 -4.24467e-43 -3.43806e-40 -4.45347e-43  5.07855e-40 -6.83772e-44 -1.27011e-41 -7.19985e-44  7.42136e-41  1.88424e-43 -6.43556e-41  2.42988e-43  3.77387e-41  1.54492e-43 -7.90457e-42 -3.22585e-43  5.54024e-42 -2.05571e-44 -3.22903e-42 -3.62619e-44  1.08605e-42  4.93581e-44 -1.34748e-42 -1.92545e-45  2.80101e-42  -1.4816e-44 -6.03591e-42  1.21121e-44  1.26152e-41 -2.95324e-44 -2.45403e-41  4.45597e-44  4.36585e-41 -5.66114e-44 -7.04756e-41  6.01146e-44  1.02503e-40 -4.48725e-44 -1.33209e-40  3.25796e-45  1.53185e-40  6.53799e-44 -1.54142e-40 -1.50186e-43   1.3406e-40  2.29514e-43 -9.95828e-41 -2.78694e-43  6.27772e-41  2.81862e-43 -3.39971e-41 -2.40664e-43  1.66784e-41  1.73329e-43 -8.10228e-42 -1.04241e-43  3.99681e-42   5.1386e-44 -1.79859e-42 -2.01655e-44  6.42017e-43  6.01909e-45 -1.64229e-43 -1.26622e-45  2.74356e-44  1.61697e-46 -2.45458e-45 -8.04177e-48
-9.94405e-51  8.91567e-36  3.59369e-52 -7.19583e-36  7.65318e-50 -3.59917e-35  1.96554e-49  1.32204e-34  2.02802e-49 -7.10576e-35  1.76511e-49 -1.08319e-34  1.14515e-49  1.38456e-34 -2.56423e-49  2.13756e-35 -2.37242e-48 -1.08551e-34 -2.30679e-47 -7.09489e-36 -1.01539e-46  6.10822e-35 -1.96603e-46 -3.89046e-37 -5.63034e-46 -1.38013e-35 -1.99536e-45 -5.77759e-36 -6.98947e-45  6.74597e-36  -5.7587e-45  1.67263e-36  1.56407e-44 -3.07607e-36 -2.72444e-45  8.26813e-37 -5.46725e-44 -6.94779e-37 -4.44339e-43 -2.99456e-38 -8.39811e-43  6.66628e-38 -1.04629e-42  4.18392e-37 -1.11656e-42 -1.63567e-37 -1.29217e-42 -1.60738e-38 -3.23841e-42  2.91815e-38  -5.6421e-42 -4.65993e-39 -6.81373e-42  3.91677e-39 -5.37641e-42 -8.80992e-39 -2.14567e-42  5.93689e-39 -6.60372e-43 -4.06075e-39 -5.79222e-43 -4.28095e-41 -7.89456e-43  6.66105e-40   3.2679e-43  3.57362e-41 -2.90926e-43  1.37295e-40  3.61663e-43  -1.1187e-40  5.12344e-43  6.72607e-41  3.93316e-43 -1.47331e-41   -7.088e-43  8.02276e-42 -4.60597e-44 -5.93679e-42 -9.25936e-44  6.18362e-42  8.84508e-44 -1.36769e-41 -2.64063e-45  3.21931e-41 -2.72607e-44 -7.05864e-41  1.28757e-44  1.42999e-40 -7.13874e-45 -2.65421e-40 -4.74349e-44  4.48232e-40  1.82702e-43 -6.83799e-40 -4.34691e-43  9.34659e-40   8.2893e-43 -1.13345e-39 -1.34835e-42  1.20507e-39  1.91549e-42  -1.1073e-39 -2.39782e-42  8.64535e-40  2.64942e-42 -5.62986e-40 -2.57687e-42  3.01451e-40  2.19242e-42 -1.34396e-40 -1.61606e-42  5.48954e-41  1.01818e-42 -2.46049e-41 -5.38218e-43  1.21153e-41  2.32619e-43 -5.19629e-42 -7.91812e-44   1.6222e-42  2.00258e-44 -3.36431e-43 -3.39592e-45  4.18956e-44  3.05888e-46 -2.13658e-45
-2.84448e-36  -2.9127e-50  1.13113e-35  5.91214e-51 -1.71987e-35  1.18538e-49  -5.1871e-35  2.02802e-49  1.93588e-34  1.59296e-49 -9.00371e-35  9.46016e-50 -1.54572e-34  -9.1642e-50  1.62293e-34  -2.6607e-48  4.48605e-35 -1.54081e-47  -1.2146e-34 -1.14375e-46 -2.86274e-35  -4.4575e-46  6.95006e-35 -9.23114e-46   7.1322e-36 -2.55008e-45 -1.42982e-35 -8.22464e-45 -9.32191e-36 -2.57447e-44  6.77359e-36 -2.29098e-44  1.82594e-36  4.98841e-44  -2.2098e-36 -1.90801e-44  8.54291e-37 -1.57046e-43 -1.35133e-36 -1.40188e-42  -8.9653e-38  -2.6183e-42  1.14528e-37 -3.33035e-42  6.61868e-37 -3.78898e-42 -2.06149e-37 -4.40147e-42  1.81262e-38 -9.47844e-42  4.22861e-38 -1.48551e-41 -1.20741e-38 -1.70241e-41  6.97769e-39 -1.28386e-41 -1.62099e-38 -4.38934e-42  9.81944e-39 -1.22289e-42 -7.34487e-39 -1.62013e-43  8.28579e-40 -1.16425e-42  7.72921e-40  1.75512e-42  1.23965e-40 -8.76789e-43   2.3778e-40  6.15315e-43 -1.75551e-40  1.01511e-42   1.0908e-40  9.10099e-43 -2.68281e-41   -1.417e-42   1.6461e-41 -9.15598e-44 -2.79746e-41 -2.14595e-43  6.44132e-41  1.67036e-43 -1.57625e-40 -6.53597e-44  3.61749e-40   1.1038e-43 -7.64471e-40  -3.5255e-43  1.48177e-39   8.1042e-43 -2.61931e-39 -1.70188e-42  4.19486e-39  3.20724e-42 -6.03895e-39 -5.43641e-42  7.74114e-39  8.31944e-42  -8.7337e-39  -1.1493e-41  8.54751e-39  1.43021e-41 -7.12418e-39 -1.59687e-41  4.93874e-39   1.5906e-41  -2.7638e-39 -1.40266e-41  1.20889e-39   1.0843e-41 -4.13389e-40 -7.25449e-42  1.33542e-40  4.13122e-42 -6.13164e-41 -1.95824e-42  3.29385e-41  7.48941e-43 -1.32547e-41 -2.20692e-43  3.43342e-42  4.64645e-44 -5.43294e-43 -6.03488e-45  4.60719e-44  3.11772e-46
-5.83353e-51 -3.31805e-36 -5.44226e-50  2.11908e-35  2.25822e-50  -3.6908e-35  1.58269e-49 -7.10576e-35  1.59296e-49  2.64506e-34  2.25254e-50 -1.05411e-34 -5.15235e-49 -1.99661e-34 -1.50219e-48  1.73104e-34 -1.75079e-47  6.96273e-35 -8.41484e-47 -1.23473e-34 -5.17273e-46 -5.16657e-35 -1.80025e-45  7.18895e-35 -3.92755e-45  1.43514e-35 -1.01275e-44 -1.26251e-35 -3.00457e-44 -1.20997e-35 -8.65487e-44  6.03438e-36 -8.09837e-44   1.1906e-36  1.49393e-43 -1.96699e-37  -8.0845e-44  6.48078e-37 -3.96823e-43 -2.10708e-36 -4.03987e-42 -1.33433e-37 -7.50775e-42  1.57485e-37 -9.70367e-42  9.66161e-37 -1.16589e-41 -2.40019e-37 -1.33636e-41  7.51517e-38 -2.53456e-41  6.50512e-38 -3.62102e-41 -2.14472e-38 -3.90479e-41  1.16218e-38 -2.85086e-41 -2.88944e-38 -7.53909e-42  1.54884e-38 -2.20054e-42 -1.23444e-38  2.20026e-42  2.52017e-39 -1.33018e-42  7.99439e-40  5.58012e-42  2.33499e-40 -2.19403e-42  3.96819e-40  9.24938e-43 -2.56632e-40  1.91484e-42  1.72235e-40  1.92839e-42 -7.02109e-41 -2.60515e-42  1.06739e-40  -1.3439e-43 -2.81805e-40 -5.37325e-43  7.19628e-40  5.44553e-43 -1.71712e-39  -8.1818e-43   3.7828e-39  1.79992e-42 -7.65485e-39 -3.97941e-42  1.41605e-38  7.92944e-42 -2.38012e-38  -1.4542e-41  3.60847e-38  2.44388e-41 -4.89099e-38 -3.75403e-41   5.8624e-38  5.25759e-41 -6.12903e-38 -6.68866e-41   5.4907e-38  7.69274e-41 -4.11565e-38  -7.9506e-41  2.49609e-38  7.32903e-41 -1.16505e-38 -5.97008e-41  3.87127e-39  4.24751e-41 -8.39854e-40 -2.60047e-41  1.89051e-40  1.34368e-41 -1.36128e-40 -5.70739e-42  8.58763e-41  1.91945e-42 -3.01262e-41 -4.82334e-43  5.96223e-42  8.17944e-44 -6.65652e-43 -7.42712e-45  3.22103e-44
-1.20424e-36 -1.72604e-50 -4.49713e-36 -7.30774e-50  4.14382e-35  5.50808e-50 -6.76463e-35  1.76511e-49 -9.00371e-35  2.25254e-50  3.37183e-34 -5.48617e-49  -1.1487e-34 -3.85715e-48 -2.36547e-34 -8.94391e-48  1.69965e-34 -9.50393e-47  9.16017e-35 -4.02825e-46 -1.14374e-34 -2.15125e-45 -7.21579e-35 -6.74338e-45  6.83187e-35 -1.52856e-44  1.97978e-35 -3.58313e-44 -9.51917e-36 -9.82142e-44  -1.3332e-35 -2.67147e-43  4.91082e-36 -2.56345e-43 -3.11676e-37  4.21738e-43  3.12055e-36 -2.60153e-43  4.27013e-38 -8.55809e-43 -2.81253e-36 -1.06525e-41 -1.52371e-37 -1.99055e-41  2.23943e-37 -2.60238e-41  1.30967e-36 -3.28085e-41 -2.70463e-37 -3.66884e-41  1.57036e-37  -6.2246e-41  1.02677e-37 -8.22845e-41 -3.23797e-38 -8.25001e-41  1.90731e-38 -5.94742e-41 -4.88567e-38 -9.78079e-42  2.31426e-38 -4.31845e-42 -1.91943e-38  9.35466e-42  5.15193e-39 -8.73684e-43  7.67341e-40  1.41556e-41   2.9854e-40 -4.72884e-42  6.58277e-40   1.2197e-42 -3.86457e-40  3.46946e-42  3.57135e-40  3.78902e-42 -4.48331e-40 -4.51789e-42  1.14411e-39  1.25317e-43 -3.06173e-39 -1.92452e-42  7.59701e-39  3.19982e-42  -1.7422e-38 -6.70459e-42  3.67787e-38  1.42742e-41 -7.11419e-38 -2.86322e-41  1.25389e-37  5.29161e-41 -2.00016e-37 -9.02259e-41  2.86404e-37  1.41479e-40 -3.64443e-37 -2.03326e-40  4.06936e-37  2.66771e-40 -3.92268e-37 -3.18011e-40  3.19349e-37  3.42436e-40 -2.12788e-37  -3.3074e-40  1.10467e-37  2.84072e-40 -4.07974e-38  -2.1468e-40  8.50103e-39  1.40863e-40 -5.63057e-41 -7.88928e-41 -1.01515e-40  3.68727e-41  -3.4034e-40 -1.39393e-41  2.21324e-40  4.07048e-42 -5.92868e-41 -8.51759e-43  8.03977e-42  1.10354e-43 -5.77881e-43 -5.71527e-45
-1.95417e-51 -4.06362e-36 -3.10409e-50  -7.0953e-36  -6.8764e-50  7.12143e-35  9.86479e-50 -1.08319e-34  9.46016e-50 -1.05411e-34 -5.48617e-49  4.02882e-34 -3.56506e-48 -1.17907e-34 -2.03106e-47 -2.60325e-34 -4.42984e-47    1.552e-34 -4.54751e-46  1.07965e-34 -1.72491e-45 -9.62651e-35 -8.28697e-45 -8.67271e-35 -2.35745e-44  5.99464e-35 -5.48889e-44  2.26642e-35 -1.14195e-43  -6.3322e-36 -2.88906e-43 -1.26098e-35 -7.61331e-43  3.98284e-36 -7.29145e-43 -2.44391e-36  1.12106e-42  7.67836e-36  -6.4834e-43 -1.09683e-36 -1.44145e-42 -3.27794e-36 -2.56645e-41 -1.55854e-37 -4.90019e-41   3.6769e-37 -6.45426e-41    1.657e-36 -8.50805e-41 -3.09938e-37 -9.20375e-41  2.61496e-37 -1.40984e-40  1.59913e-37 -1.75439e-40 -4.47072e-38 -1.60786e-40  3.09942e-38 -1.17716e-40 -7.76456e-38 -4.93819e-42  3.27309e-38 -9.94829e-42 -2.75711e-38  2.61707e-41  8.58057e-39  6.73013e-43  7.99737e-40  3.09835e-41  1.61549e-40 -8.88329e-42  1.18411e-39  1.41244e-42 -9.27785e-40  6.01951e-42  1.78699e-39   7.1452e-42 -4.46475e-39 -8.05694e-42  1.21921e-38  2.86886e-42 -3.14374e-38  -9.7942e-42   7.4992e-38  2.03457e-41 -1.64993e-37 -4.35599e-41  3.33383e-37  8.82427e-41 -6.15456e-37  -1.6651e-40  1.03162e-36  2.90621e-40 -1.55825e-36 -4.68202e-40  2.10159e-36  6.93875e-40 -2.50186e-36 -9.42251e-40  2.59057e-36  1.16705e-39 -2.28791e-36 -1.31117e-39  1.67652e-36  1.32745e-39  -9.7676e-37 -1.20149e-39  4.18817e-37  9.62838e-40 -1.08832e-37 -6.75021e-40  2.54561e-39  4.07791e-40  8.37914e-39 -2.08153e-40 -1.15385e-39  8.74294e-41 -1.13013e-39 -2.91023e-41   5.3504e-40  7.24529e-42 -9.36528e-41 -1.21884e-42  7.56902e-42  1.10006e-43 -3.16434e-43
 1.44017e-36 -6.98279e-51 -1.03379e-35 -3.86546e-50 -9.03016e-36 -3.30627e-50   1.0587e-34  1.14515e-49 -1.54572e-34 -5.15235e-49  -1.1487e-34 -3.56506e-48  4.54427e-34 -1.90466e-47 -1.15878e-34 -9.45422e-47 -2.69863e-34 -1.96611e-46  1.33608e-34 -1.96658e-45  1.17072e-34 -6.68595e-45 -7.25638e-35 -2.97675e-44 -9.32134e-35 -7.72903e-44  4.85222e-35 -1.83318e-43  2.29011e-35 -3.30648e-43 -4.64097e-36 -7.66673e-43 -9.99821e-36 -2.01538e-42  3.89566e-36 -1.86172e-42 -4.67902e-36  2.78708e-42  1.31485e-35 -1.09665e-42 -2.83899e-36 -1.20853e-42 -3.31266e-36 -5.61516e-41 -1.69702e-37 -1.12371e-40  6.51594e-37 -1.48651e-40  1.96354e-36 -2.04745e-40 -3.74326e-37 -2.12632e-40  3.80362e-37 -2.95403e-40  2.40187e-37 -3.53138e-40 -5.87244e-38 -2.88854e-40  4.91008e-38 -2.23082e-40  -1.1577e-37  2.21128e-41  4.38904e-38 -2.53578e-41 -3.65195e-38  5.94832e-41  1.22682e-38  3.52745e-42  1.24504e-39   6.0491e-41 -7.25464e-40 -1.44991e-41   3.2475e-39  1.60967e-42 -5.78332e-39  9.57588e-42  1.63096e-38  1.42953e-41 -4.57699e-38 -1.83916e-41  1.22102e-37  2.10938e-41 -3.02732e-37  -5.4378e-41  6.93512e-37   1.1724e-40 -1.46223e-36 -2.42627e-40  2.82394e-36  4.68718e-40  -4.9668e-36 -8.41114e-40  7.90083e-36  1.39665e-39 -1.12717e-35 -2.13939e-39  1.42727e-35  3.01189e-39 -1.58304e-35 -3.87997e-39  1.51158e-35  4.55003e-39 -1.21326e-35 -4.82765e-39  7.89889e-36  4.60051e-39  -3.9242e-36 -3.90279e-39  1.29872e-36  2.91558e-39 -1.53375e-37 -1.89223e-39 -8.61456e-38  1.04858e-39  4.11173e-38 -4.84952e-40 -7.26805e-40  1.81388e-40 -3.95273e-39 -5.23913e-41  1.08421e-39  1.08397e-41  -1.0217e-40 -1.38836e-42  4.02242e-42  7.11184e-44
-6.10185e-51  3.95312e-36 -1.49577e-50 -2.20267e-35 -3.27687e-50 -6.57072e-36   6.2916e-52  1.38456e-34  -9.1642e-50 -1.99661e-34 -3.85715e-48 -1.17907e-34 -1.90466e-47  4.88522e-34 -9.11048e-47  -1.1137e-34 -4.02245e-46 -2.67828e-34 -7.85664e-46  1.11291e-34  -7.7888e-45  1.17738e-34 -2.36388e-44 -4.68189e-35 -1.00336e-43 -9.08724e-35 -2.38538e-43  3.59529e-35 -5.73724e-43  2.10507e-35 -8.76546e-43 -5.85439e-36 -1.83431e-42 -5.94103e-36 -4.99406e-42  5.19715e-36 -4.23579e-42 -6.32297e-36  6.38684e-42  1.89672e-35 -8.05613e-44 -5.17818e-36   3.6014e-42 -2.77238e-36 -1.09964e-40 -2.27912e-37 -2.40702e-40  1.12196e-36 -3.19116e-40  2.18128e-36 -4.60205e-40 -4.77291e-37  -4.5501e-40  4.98532e-37 -5.73678e-40  3.45494e-37 -6.75193e-40 -7.52786e-38 -4.76747e-40  7.45756e-38 -4.07928e-40 -1.62191e-37  1.02046e-40    5.588e-38 -6.42768e-41 -4.43328e-38  1.16615e-40  1.49924e-38  7.25332e-42  3.58605e-39  1.07224e-40 -6.41154e-39 -2.02619e-41  1.96477e-38  3.19521e-42 -5.50063e-38  1.10314e-41  1.61686e-37  3.67753e-41 -4.46737e-37  -6.4074e-41  1.14969e-36  1.23129e-40 -2.73992e-36 -2.87149e-40  6.02187e-36  6.06674e-40 -1.21516e-35 -1.20474e-39  2.23943e-35   2.2264e-39 -3.74525e-35 -3.81715e-39  5.64061e-35  6.05136e-39  -7.5783e-35 -8.83956e-39  8.97584e-35  1.18489e-38 -9.22973e-35 -1.45043e-38  8.07124e-35  1.61214e-38 -5.82604e-35 -1.61604e-38  3.30824e-35  1.44913e-38 -1.34384e-35 -1.15098e-38   2.8992e-36  7.99874e-39  4.06567e-37 -4.78941e-39 -4.98951e-37  2.42203e-39  1.11604e-37 -1.00708e-39   1.5857e-38  3.31461e-40 -1.13274e-38  -8.1466e-41  1.58315e-39  1.35043e-41 -4.67727e-41 -1.19876e-42   7.9788e-43
-2.40093e-37 -1.31646e-50  8.61253e-36 -3.03007e-50 -4.00419e-35 -3.52281e-50  3.39574e-36 -2.56423e-49  1.62293e-34 -1.50219e-48 -2.36547e-34 -2.03106e-47 -1.15878e-34 -9.11048e-47  5.06637e-34 -3.93251e-46 -1.07323e-34 -1.57503e-45 -2.59162e-34 -2.80358e-45  9.42711e-35 -2.85033e-44  1.08791e-34 -7.65936e-44 -2.18202e-35  -3.1923e-43 -8.03689e-35 -6.95116e-43  2.40164e-35 -1.69452e-42  1.79175e-35 -2.14608e-42 -1.09173e-35 -3.94042e-42 -1.02766e-36 -1.17107e-41   8.1682e-36 -8.42581e-42 -6.69649e-36  1.31087e-41  2.44338e-35  8.99369e-42 -8.04685e-36  2.44354e-41 -1.60089e-36 -1.86342e-40  -3.6409e-37 -4.82766e-40  1.78579e-36   -6.407e-40  2.26319e-36 -9.72142e-40 -6.24585e-37 -9.05447e-40  5.93696e-37 -1.03309e-39  4.77098e-37 -1.23359e-39 -9.57347e-38 -7.17541e-40  1.07417e-37 -7.23694e-40  -2.1401e-37  2.88646e-40  6.73423e-38 -1.52154e-40   -4.799e-38  2.01611e-40  1.23423e-38  1.04934e-41  1.97175e-38  1.74688e-40 -5.64693e-38 -2.43414e-41  1.78407e-37   1.4383e-41 -5.38105e-37 -1.07617e-41  1.54285e-36   1.3349e-40 -4.11971e-36 -2.88205e-40  1.02042e-35  6.35624e-40  -2.3355e-35 -1.40212e-39  4.91861e-35   2.8623e-39 -9.48505e-35 -5.45664e-39  1.66506e-34   9.6683e-39 -2.64215e-34 -1.58747e-38  3.75748e-34  2.40721e-38 -4.73822e-34 -3.35815e-38   5.2265e-34  4.29041e-38 -4.95304e-34 -4.99346e-38  3.93246e-34  5.26113e-38 -2.51677e-34 -4.98048e-38  1.21177e-34  4.19802e-38 -3.70294e-35 -3.11587e-38  2.00032e-36   2.0085e-38  4.03109e-36 -1.10472e-38 -1.71446e-36  5.06543e-39  1.31918e-37 -1.87531e-39  9.06569e-38  5.34885e-40 -2.34426e-38 -1.08947e-40  1.15657e-39  1.36847e-41  4.45306e-41 -6.84532e-43
-3.06332e-52  3.57439e-37 -2.78379e-50  1.45234e-35 -1.14622e-49   -6.308e-35 -2.81346e-49  2.13756e-35  -2.6607e-48  1.73104e-34 -8.94391e-48 -2.60325e-34 -9.45422e-47  -1.1137e-34 -3.93251e-46   5.1423e-34 -1.53647e-45  -1.0636e-34 -5.68704e-45 -2.48906e-34 -8.78839e-45  8.71314e-35 -9.70368e-44  8.93554e-35 -2.27913e-43  8.79041e-37 -9.63949e-43 -6.36316e-35 -1.91759e-42  1.42235e-35 -4.75454e-42  1.41989e-35 -4.91219e-42 -2.01523e-35   -7.534e-42   4.2564e-36 -2.63929e-41  1.26868e-35 -1.39679e-41 -5.31872e-36  2.25519e-41  2.88485e-35  4.78361e-41 -1.13282e-35  9.12642e-41  1.47286e-37 -2.48446e-40 -6.08262e-37 -9.08885e-40  2.60434e-36 -1.20684e-39   2.1643e-36 -1.94164e-39  -8.1013e-37 -1.67912e-39  6.37342e-37 -1.72265e-39  6.36465e-37 -2.16577e-39 -1.21748e-37 -9.70292e-40  1.45797e-37 -1.24854e-39 -2.66111e-37  6.64497e-40  7.44558e-38 -3.29171e-40 -3.64911e-38  3.08856e-40 -2.93711e-38  1.07539e-41  1.65417e-37  2.66067e-40 -5.38732e-37 -3.29603e-41  1.70029e-36  7.75528e-41 -5.04168e-36 -1.66673e-40  1.39635e-35  5.86219e-40 -3.59207e-35 -1.35073e-39  8.55352e-35  3.00387e-39 -1.87802e-34 -6.34985e-39  3.78475e-34  1.24913e-38 -6.96331e-34 -2.28905e-38  1.16207e-33  3.89434e-38  -1.7454e-33 -6.13177e-38  2.33677e-33  8.90282e-38 -2.75503e-33 -1.18693e-37  2.81563e-33   1.4459e-37 -2.44129e-33 -1.60003e-37  1.74006e-33  1.59732e-37 -9.67603e-34 -1.42667e-37  3.76376e-34  1.12859e-37 -6.86596e-35  -7.8091e-38  -2.0606e-35  4.65247e-38  1.74617e-35 -2.33839e-38 -3.83142e-36  9.64678e-39 -3.50793e-37 -3.14212e-39  2.79848e-37   7.6149e-40 -2.98056e-38 -1.23849e-40 -8.37082e-40  1.07164e-41  6.16102e-41
-3.72084e-37  -1.7212e-51  2.83086e-36 -1.09605e-49  1.87722e-35 -6.93969e-49 -8.75512e-35 -2.37242e-48  4.48605e-35 -1.75079e-47  1.69965e-34 -4.42984e-47 -2.69863e-34 -4.02245e-46 -1.07323e-34 -1.53647e-45  5.18947e-34 -5.43972e-45 -1.10401e-34 -1.89495e-44  -2.4047e-34 -2.33379e-44  9.18955e-35 -3.09046e-43  5.96533e-35 -6.22224e-43  2.11126e-35 -2.77619e-42  -4.3512e-35 -5.01984e-42  7.78553e-36 -1.27493e-41  1.02246e-35 -1.07134e-41 -3.32452e-35 -1.26321e-41  9.68879e-36 -5.83526e-41  1.81696e-35 -1.64897e-41 -2.03129e-36  2.57458e-41  3.16417e-35  1.77122e-40 -1.48562e-35  2.74504e-40  2.31267e-36 -1.58896e-40 -9.91937e-37 -1.61113e-39   3.5104e-36 -2.13902e-39   1.8404e-36 -3.68852e-39 -1.01525e-36 -2.90195e-39  5.97896e-37 -2.64825e-39  8.25307e-37 -3.67181e-39 -1.54539e-37 -1.14253e-39   1.8477e-37 -2.09286e-39 -3.07227e-37  1.34002e-39  5.28524e-38 -6.48923e-40  7.91613e-38  4.15595e-40 -4.32358e-37  1.37381e-42  1.55682e-36  3.97763e-40 -5.08677e-36 -1.06978e-40  1.56362e-35  3.95956e-40 -4.48724e-35 -9.77376e-40  1.19804e-34   2.6545e-39 -2.96554e-34 -6.09363e-39  6.78131e-34  1.32179e-38 -1.42651e-33 -2.68975e-38  2.74683e-33  5.09892e-38 -4.81289e-33 -8.99093e-38  7.61897e-33  1.47006e-37 -1.08021e-32 -2.22126e-37  1.35679e-32  3.08948e-37 -1.48887e-32 -3.93732e-37  1.40109e-32  4.57301e-37 -1.10133e-32 -4.80969e-37  6.94047e-33  4.54607e-37 -3.24979e-33  -3.8261e-37  9.23295e-34  2.83511e-37  3.39118e-36 -1.82366e-37 -1.32159e-34  1.00008e-37  5.09797e-35 -4.56551e-38 -3.73099e-36  1.67904e-38 -2.39902e-36 -4.74115e-39  5.42732e-37   9.5122e-40 -7.76756e-39 -1.16834e-40  -2.9059e-39  5.65625e-42
 1.86497e-51 -1.82163e-36 -1.42358e-50   8.7399e-36 -6.59873e-49  1.77738e-35 -4.20657e-48 -1.08551e-34 -1.54081e-47  6.96273e-35 -9.50393e-47    1.552e-34 -1.96611e-46 -2.67828e-34 -1.57503e-45  -1.0636e-34 -5.43972e-45  5.28671e-34 -1.74145e-44  -1.2039e-34 -5.82549e-44 -2.34961e-34 -4.72427e-44   1.0736e-34 -9.25161e-43     2.17e-35 -1.55028e-42  4.00188e-35 -7.65794e-42 -2.31581e-35 -1.24989e-41  5.61693e-36 -3.28409e-41  5.93415e-36 -2.29119e-41 -4.93664e-35 -1.81869e-41  1.53483e-35 -1.29395e-40  2.36168e-35  -1.4096e-42  2.98454e-36 -1.56718e-41  3.24619e-35   5.4684e-40  -1.8407e-35  7.25764e-40   4.6668e-36  4.51095e-40 -1.56083e-36 -2.70114e-39  4.44532e-36 -3.57741e-39  1.24747e-36 -6.70339e-39 -1.21169e-36 -4.66101e-39  4.46792e-37  -3.7184e-39  1.04345e-36 -6.03409e-39 -1.91713e-37 -1.08205e-39  2.05981e-37 -3.39641e-39 -2.76184e-37  2.44037e-39 -2.22525e-37 -1.17042e-39  1.15117e-36  4.80644e-40 -4.25447e-36 -5.05806e-41   1.4486e-35  6.74166e-40 -4.60875e-35 -5.76083e-40  1.37023e-34  1.88729e-39 -3.79412e-34 -4.72096e-39  9.75508e-34  1.16419e-38 -2.32108e-33 -2.60591e-38  5.09097e-33   5.4725e-38 -1.02463e-32 -1.07402e-37  1.88201e-32  1.96286e-37 -3.13415e-32  -3.3325e-37  4.69474e-32  5.23911e-37 -6.26374e-32 -7.59913e-37  7.35187e-32  1.01261e-36 -7.46888e-32 -1.23345e-36  6.42273e-32  1.36539e-36 -4.52266e-32 -1.36398e-36  2.46516e-32  1.21935e-36 -9.19592e-33 -9.65546e-37  1.38903e-33  6.68695e-37  6.99166e-34 -3.98589e-37 -4.87181e-34  2.00265e-37  9.80275e-35 -8.24628e-38  1.06831e-35  2.67416e-38  -6.9633e-36 -6.42617e-39   5.5931e-37  1.02973e-39  4.85558e-38 -8.69145e-41 -2.22455e-39
 3.36143e-38  6.21293e-51 -4.49084e-36 -1.23856e-49  1.90126e-35 -3.93171e-48  9.15246e-36 -2.30679e-47  -1.2146e-34 -8.41484e-47  9.16017e-35 -4.54751e-46  1.33608e-34 -7.85664e-46 -2.59162e-34 -5.68704e-45 -1.10401e-34 -1.74145e-44  5.49954e-34 -5.00282e-44 -1.35999e-34 -1.64962e-43 -2.31562e-34 -3.88089e-44  1.29037e-34 -2.61375e-42 -2.07198e-35 -3.47872e-42   5.9726e-35 -2.02984e-41 -5.14345e-36 -2.96679e-41  8.29821e-36 -8.15917e-41  1.14121e-36  -4.9794e-41 -6.74033e-35 -2.22632e-41  2.15715e-35 -2.92434e-40  2.77562e-35  6.77368e-41  9.30843e-36 -2.22683e-40  3.12107e-35  1.49159e-39 -2.17035e-35  1.74759e-39   6.9725e-36  2.41843e-39 -2.39112e-36 -4.31333e-39  5.40033e-36 -5.66065e-39  3.46403e-37 -1.17182e-38 -1.36834e-36 -6.90826e-39  1.68109e-37 -4.67638e-39   1.2804e-36 -9.63433e-39 -2.02428e-37 -5.91687e-40  7.29917e-38 -5.30881e-39   3.7718e-37  4.07767e-39 -2.90621e-36 -1.94863e-39  1.11676e-35  4.77512e-40 -3.92873e-35 -3.19456e-40  1.29401e-34  1.62907e-39 -3.98318e-34 -2.95583e-39   1.1432e-33    8.476e-39 -3.05076e-33  -2.0818e-38  7.54643e-33  4.87212e-38 -1.72408e-32  -1.0572e-37  3.62253e-32   2.1464e-37   -6.965e-32 -4.06586e-37  1.21808e-31  7.16562e-37 -1.92365e-31 -1.17161e-36  2.71903e-31  1.77119e-36 -3.40185e-31 -2.46596e-36  3.71381e-31   3.1474e-36 -3.47055e-31 -3.66286e-36  2.70111e-31  3.86199e-36 -1.67631e-31 -3.66104e-36   7.6327e-32  3.09153e-36 -2.00705e-32 -2.29915e-36 -1.33328e-33   1.4845e-36  3.57193e-33  -8.1705e-37 -1.25293e-33  3.74134e-37  6.73187e-35 -1.37835e-37  6.21432e-35  3.88936e-38 -1.19861e-35 -7.76447e-39 -1.64171e-37  9.41983e-40  8.87208e-38 -4.44852e-41
 2.35988e-52  1.99128e-37  1.45172e-50 -7.67416e-36 -9.50016e-49  3.29127e-35 -2.10611e-47 -7.09489e-36 -1.14375e-46 -1.23473e-34 -4.02825e-46  1.07965e-34 -1.96658e-45  1.11291e-34 -2.80358e-45 -2.48906e-34 -1.89495e-44  -1.2039e-34 -5.00282e-44  5.87063e-34 -1.26576e-43 -1.55352e-34 -4.28514e-43  -2.2848e-34  2.50257e-43  1.49811e-34 -6.99182e-42 -6.29544e-35  -6.8156e-42  8.27682e-35 -5.18131e-41  9.40183e-36 -6.72773e-41  1.59546e-35 -1.96054e-40 -4.02061e-36 -1.13203e-40  -8.6249e-35  -2.6416e-41  2.88875e-35 -6.75009e-40   2.9258e-35  2.68208e-40  1.64584e-35 -9.19888e-40  2.80425e-35  3.69249e-39 -2.44565e-35  3.90306e-39  9.05607e-36  7.43411e-39 -3.60183e-36 -6.63369e-39  6.44117e-36 -8.49545e-39 -8.83975e-37 -1.97984e-38 -1.46181e-36 -9.30843e-39 -2.21511e-37 -5.03642e-39  1.45955e-36  -1.4958e-38  1.11589e-37  5.19658e-40  -1.4954e-36 -7.94791e-39  6.85824e-36  6.31944e-39 -2.79382e-35 -3.06021e-39  1.01788e-34  5.74259e-40 -3.46638e-34 -1.64061e-39  1.10424e-33  5.66909e-39 -3.28303e-33 -1.36769e-38  9.08723e-33  3.61171e-38 -2.33502e-32 -8.62939e-38  5.55139e-32  1.94271e-37 -1.21635e-31  -4.0801e-37  2.44484e-31  8.00601e-37 -4.48302e-31 -1.46399e-36  7.44976e-31  2.48785e-36  -1.1129e-30 -3.91681e-36   1.4797e-30  5.69224e-36 -1.72894e-30 -7.60406e-36  1.74595e-30  9.29119e-36 -1.48897e-30 -1.03235e-35  1.03569e-30  1.03585e-35 -5.53107e-31  -9.3076e-36  1.97412e-31  7.41321e-36 -2.32519e-32 -5.16743e-36 -1.92573e-32  3.10187e-36  1.16021e-32    -1.57e-36 -2.07552e-33  6.51218e-37 -3.18352e-34 -2.12579e-37  1.60295e-34  5.13273e-38 -9.38305e-36 -8.23235e-39 -1.50535e-36  6.90385e-40   5.3577e-38
 4.32771e-37   2.1595e-51  1.84663e-38  -1.0353e-49  -9.9407e-36 -6.36926e-48  4.79961e-35 -1.01539e-46 -2.86274e-35 -5.17273e-46 -1.14374e-34 -1.72491e-45  1.17072e-34  -7.7888e-45  9.42711e-35 -8.78839e-45  -2.4047e-34 -5.82549e-44 -1.35999e-34 -1.26576e-43  6.41639e-34 -2.69078e-43 -1.75053e-34 -1.01218e-42 -2.23906e-34  1.84513e-42   1.6127e-34 -1.77537e-41 -1.00888e-34 -1.07066e-41  1.11264e-34 -1.27495e-40  2.12883e-35  -1.4601e-40  2.80511e-35 -4.56285e-40 -8.69194e-36 -2.70441e-40 -1.05056e-34 -5.23581e-41  3.79476e-35 -1.57196e-39  2.69862e-35  7.46203e-40  2.40593e-35 -2.88411e-39  2.33593e-35  8.42251e-39 -2.64541e-35  8.17206e-39  1.08738e-35  1.86113e-38 -5.35423e-36  -9.9871e-39  7.69915e-36 -1.21201e-38 -2.42407e-36  -3.2451e-38 -1.50603e-36 -1.10402e-38 -5.57605e-37 -4.05391e-39  9.19893e-37 -2.25726e-38  3.61403e-36  2.34823e-39 -1.65368e-35 -1.13484e-38  6.67753e-35  9.20919e-39 -2.52026e-34 -4.82278e-39  8.87411e-34  1.91214e-39 -2.92397e-33  -7.6802e-39  9.00056e-33  2.28547e-38 -2.58239e-32 -5.85125e-38  6.88785e-32  1.46525e-37 -1.70259e-31  -3.3952e-37  3.88621e-31  7.38257e-37 -8.15578e-31 -1.49964e-36  1.56574e-30  2.84287e-36 -2.73304e-30 -5.01657e-36  4.30574e-30  8.21635e-36 -6.06734e-30 -1.24489e-35  7.56092e-30  1.73816e-35  -8.2113e-30 -2.22636e-35  7.61929e-30  2.60222e-35 -5.87038e-30 -2.75804e-35  3.58612e-30  2.63079e-35 -1.58548e-30 -2.23774e-35  3.81585e-31  1.67821e-35  5.42613e-32 -1.09397e-35 -8.33496e-32  6.08558e-36  2.65703e-32 -2.81932e-36 -7.15742e-34  1.05161e-36 -1.46708e-33 -3.00508e-37  2.39769e-34  6.07106e-38  9.61817e-36 -7.43539e-39 -2.12337e-36   3.5237e-40
-1.68155e-50  1.00864e-36 -7.16358e-50 -1.19274e-36 -1.87243e-48 -9.79698e-36 -3.75585e-47  6.10822e-35  -4.4575e-46 -5.16657e-35 -2.15125e-45 -9.62651e-35 -6.68595e-45  1.17738e-34 -2.85033e-44  8.71314e-35 -2.33379e-44 -2.34961e-34 -1.64962e-43 -1.55352e-34 -2.69078e-43   7.1296e-34 -4.11764e-43 -1.90733e-34 -2.13361e-42 -2.16564e-34  8.28341e-42  1.55497e-34 -4.28668e-41 -1.32115e-34 -9.03932e-42  1.46033e-34 -3.02421e-40  3.30993e-35 -3.03584e-40  4.31653e-35 -1.02887e-39 -1.11656e-35 -6.64612e-40 -1.23359e-34 -1.86372e-40  4.94151e-35 -3.62348e-39  2.02565e-35  1.75937e-39  3.19041e-35 -7.80943e-39  1.78233e-35  1.78718e-38 -2.76821e-35  1.61494e-38  1.25542e-35  4.12327e-38 -7.82982e-36 -1.50208e-38  9.31979e-36 -1.64703e-38 -4.15364e-36 -5.17244e-38 -1.77559e-36 -1.05931e-38  5.44112e-37 -7.66472e-40  -6.5076e-36 -3.30723e-38  3.69826e-35  4.79807e-39  -1.5394e-34 -1.54737e-38  5.97373e-34  1.30603e-38 -2.17385e-33 -8.83815e-39  7.40589e-33  9.74764e-39 -2.35907e-32 -3.34742e-38  7.01189e-32  9.28373e-38 -1.93999e-31 -2.35396e-37  4.98185e-31  5.66151e-37 -1.18344e-30 -1.27041e-36  2.59028e-30  2.67016e-36 -5.19938e-30 -5.24188e-36  9.51771e-30  9.59317e-36 -1.57821e-29 -1.63234e-35   2.3512e-29  2.57464e-35 -3.11516e-29 -3.75106e-35  3.62326e-29  5.02744e-35 -3.63661e-29 -6.16895e-35  3.07511e-29  6.89097e-35 -2.11206e-29  -6.9599e-35  1.10403e-29  6.30388e-35  -3.7539e-30 -5.06884e-35  3.02182e-31  3.57297e-35  4.54005e-31 -2.17266e-35 -2.42111e-31  1.11598e-35  3.74407e-32 -4.70593e-36  8.30517e-33  1.56432e-36  -3.3224e-33 -3.85177e-37  1.28392e-34  6.30582e-38  3.70074e-35 -5.39684e-39 -1.04094e-36
-1.49642e-37 -2.07564e-49  1.64351e-36 -1.21541e-48 -3.81021e-36 -1.64172e-47 -6.48349e-36 -1.96603e-46  6.95006e-35 -1.80025e-45 -7.21579e-35 -8.28697e-45 -7.25638e-35 -2.36388e-44  1.08791e-34 -9.70368e-44  9.18955e-35 -4.72427e-44 -2.31562e-34 -4.28514e-43 -1.75053e-34 -4.11764e-43    7.987e-34 -5.55451e-44 -1.98088e-34 -3.84013e-42 -2.05732e-34  3.03728e-41  1.26896e-34 -9.85222e-41 -1.56226e-34  2.05072e-41  1.85921e-34 -6.90906e-40  4.83255e-35 -6.04629e-40  5.88519e-35 -2.24662e-39 -9.18309e-36 -1.63017e-39 -1.40994e-34 -6.75722e-40  6.37521e-35 -8.12086e-39  9.07933e-36  3.75121e-39  3.98462e-35 -1.91003e-38  1.23864e-35  3.55082e-38 -2.84296e-35  3.02581e-38  1.43986e-35   8.3606e-38 -1.11757e-35 -2.30003e-38  1.13193e-35 -2.13584e-38 -5.42116e-36  -8.0248e-38 -4.94232e-36 -5.64903e-39   1.5807e-35  5.86626e-39 -7.75592e-35 -4.70054e-38  3.39053e-34  7.58746e-39 -1.35826e-33 -2.05776e-38   5.1023e-33  1.98568e-38 -1.79652e-32  -2.2244e-38  5.91924e-32  4.54583e-38 -1.82165e-31 -1.37043e-37  5.22461e-31  3.63069e-37 -1.39278e-30 -8.95499e-37  3.44031e-30  2.07772e-36 -7.84522e-30  -4.5092e-36  1.64446e-29  9.15542e-36 -3.15221e-29 -1.73503e-35  5.49165e-29  3.06199e-35 -8.63061e-29 -5.01853e-35  1.21238e-28   7.6146e-35 -1.50474e-28 -1.06566e-34  1.62551e-28  1.36968e-34 -1.49743e-28 -1.60855e-34  1.14175e-28  1.71564e-34 -6.86077e-29  -1.6497e-34  2.93873e-29  1.41732e-34 -6.36231e-30  -1.0759e-34 -1.52775e-30   7.1152e-35  1.71435e-30 -4.02517e-35 -4.95274e-31  1.90111e-35 -2.78057e-33 -7.24792e-36  3.09992e-32  2.12252e-36 -4.26803e-33  -4.4064e-37 -2.94198e-34  5.56125e-38  4.32436e-35 -2.72371e-39
  2.0292e-51 -1.96011e-37 -1.81178e-48  2.00758e-36 -1.11878e-47 -7.49788e-36 -1.06317e-46 -3.89046e-37 -9.23114e-46  7.18895e-35 -6.74338e-45 -8.67271e-35 -2.97675e-44 -4.68189e-35 -7.65936e-44  8.93554e-35 -3.09046e-43   1.0736e-34 -3.88089e-44  -2.2848e-34 -1.01218e-42 -1.90733e-34 -5.55451e-44  8.95959e-34  2.83663e-42 -1.94104e-34 -5.14733e-42  -1.9087e-34  9.80998e-41  7.35698e-35  -2.1565e-40 -1.73994e-34  1.42933e-40  2.27592e-34 -1.51811e-39  7.00719e-35 -1.15128e-39  7.17483e-35 -4.74589e-39 -6.06076e-37 -3.89666e-39 -1.57816e-34 -2.10762e-39  8.08814e-35 -1.74693e-38 -5.63801e-36  7.50522e-39  4.75324e-35 -4.30994e-38  8.30548e-36  6.63618e-38 -2.93241e-35  5.39245e-38  1.68165e-35   1.5785e-37 -1.53114e-35 -3.61702e-38  1.27371e-35 -2.64866e-38 -9.58451e-37  -1.2113e-37 -3.60731e-35  6.82229e-39  1.61056e-34  1.67402e-38 -7.15147e-34 -6.48905e-38  2.96205e-33  1.07272e-38 -1.14885e-32 -2.89598e-38  4.17878e-32  3.87874e-38 -1.42353e-31  -7.3602e-38   4.5337e-31  1.89481e-37 -1.34713e-30 -5.28157e-37   3.7254e-30  1.34672e-36 -9.56073e-30 -3.21439e-36  2.26928e-29  7.19869e-36 -4.96162e-29 -1.50857e-35  9.94573e-29  2.95477e-35 -1.81747e-28 -5.39719e-35  3.00713e-28  9.17171e-35 -4.46754e-28 -1.44593e-34  5.89807e-28  2.10784e-34  -6.8282e-28  -2.8305e-34   6.8107e-28  3.48545e-34   -5.709e-28 -3.91457e-34  3.86981e-28  3.98392e-34 -1.97738e-28 -3.64485e-34  6.36754e-29  2.96825e-34 -2.37787e-30 -2.12507e-34  -9.3858e-30  1.31636e-34  4.48981e-30  -6.9088e-35 -5.78677e-31  2.98615e-35 -1.87924e-31 -1.02075e-35  6.16727e-32  2.59351e-36 -1.17602e-33 -4.39848e-37 -7.77772e-34  3.91836e-38  1.69006e-35
