  2.0188e-22  3.57465e-38 -9.70717e-21  -2.6658e-36  1.80914e-19  5.91062e-35 -2.01749e-18 -7.40625e-34  1.55164e-17  6.32191e-33 -8.82795e-17  -4.0125e-32  3.86751e-16  1.98925e-31 -1.33645e-15 -7.93467e-31  3.69315e-15  2.58807e-30 -8.20912e-15 -6.92057e-30  1.46526e-14  1.48779e-29 -2.07746e-14 -2.38072e-29  2.28105e-14  1.92311e-29 -1.83383e-14  3.69926e-29  9.25412e-15 -2.13593e-28 -9.62774e-16   5.9371e-28 -2.41194e-15 -1.21977e-27  1.52102e-15   2.0134e-27  1.29701e-16 -2.73313e-27 -4.83132e-16  3.04965e-27  6.75669e-17 -2.74548e-27  1.20662e-16  1.90832e-27  -2.6306e-17 -9.26602e-28   -2.941e-17   2.3759e-28  5.07563e-18 -2.55284e-29  7.04089e-18  1.40691e-28  -1.9578e-19 -2.91378e-28 -1.46197e-18  2.94896e-28 -2.47504e-19 -1.63927e-28  2.10963e-19  1.45818e-29  9.47615e-20   6.3842e-29 -8.68476e-21 -6.39084e-29 -1.68838e-20  3.07635e-29 -3.84529e-21 -5.67515e-30  1.04143e-21 -1.40559e-30  8.11535e-22  2.20367e-31  1.47211e-22  7.60018e-31 -3.72444e-23 -3.99973e-31  -2.6938e-23 -9.57046e-33 -5.69046e-24  1.22721e-31  3.19636e-25  -1.3728e-31  5.33048e-25  1.16934e-31  1.51636e-25 -6.85651e-32  1.55334e-26  2.75716e-32  -3.5467e-27 -8.44832e-33 -1.83104e-27  1.98565e-33  -3.7581e-28 -3.40661e-35 -3.40287e-29 -2.81828e-34   3.6088e-30  1.48411e-34   1.8951e-30 -4.16691e-35  3.57429e-31  7.00252e-36  3.87712e-32 -2.28829e-37  1.59703e-33 -3.01724e-37 -2.66517e-34  9.52005e-38 -6.43568e-35 -1.23442e-38 -7.33587e-36  1.06415e-39 -5.26789e-37 -1.14785e-40 -2.15998e-38  7.88667e-42 -8.96662e-41 -2.84173e-42  4.48722e-41  2.98322e-43  3.03576e-42    2.743e-45  9.32359e-44 -7.94618e-47  6.59251e-46    1.712e-47
 3.57465e-38  1.39643e-20  1.54411e-36 -3.81414e-19 -7.98023e-35  5.41064e-18  1.41556e-33 -5.00369e-17 -1.50348e-32  3.32443e-16  1.12201e-31 -1.67239e-15 -6.34872e-31  6.57159e-15  2.84623e-30  -2.0549e-14 -1.03941e-29  5.16385e-14  3.14423e-29 -1.04539e-13 -7.92428e-29  1.69577e-13  1.64548e-28 -2.16901e-13 -2.68017e-28  2.11206e-13  2.81997e-28  -1.4425e-13  6.57549e-29  5.22791e-14  -1.2385e-27  1.10085e-14  3.74419e-27 -2.33049e-14 -7.73671e-27  7.31568e-15   1.2513e-26  4.39406e-15 -1.63611e-26 -3.28954e-15  1.72318e-26 -6.10045e-16 -1.41122e-26  9.46748e-16  8.09365e-27  1.07884e-16 -1.96407e-27 -2.30377e-16 -1.65757e-27 -3.81259e-17  2.08596e-27  4.72479e-17 -6.49139e-28  1.46904e-17 -7.75264e-28 -6.87517e-18  1.18863e-27  -4.2028e-18 -7.36732e-28  2.51332e-19   7.7908e-29  7.73858e-19  2.93382e-28   1.7371e-19 -3.01247e-28 -6.43901e-20  1.47258e-28 -4.39194e-20 -3.04515e-29 -5.56754e-21  -1.0496e-30  3.49336e-21 -3.86994e-30  1.78128e-21   5.7546e-30  2.35416e-22 -2.09701e-30 -9.03773e-23 -2.59686e-31 -5.09001e-23  6.70192e-31 -9.76535e-24 -6.74995e-31   4.7331e-25   5.6892e-31  7.92774e-25 -3.28439e-31   2.2233e-25  1.28797e-31  2.63649e-26 -3.86782e-32 -2.61742e-27   8.8891e-33 -1.83958e-27 -8.16169e-35 -4.06254e-28 -1.21499e-33 -4.70559e-29  6.04151e-34  -4.3693e-31 -1.61017e-34  9.93831e-31  2.52647e-35  2.20849e-31 -5.41183e-37  2.73376e-32 -1.07309e-36  1.98054e-33  2.99037e-37  3.01505e-35 -2.96152e-38 -1.21468e-35  1.73249e-39 -1.73422e-36 -2.03054e-40 -1.30415e-37  3.85558e-42 -6.07173e-39 -6.74045e-42 -1.69849e-40  6.91232e-43 -1.26449e-42   7.7225e-45  4.39755e-44  7.41446e-47  3.66435e-46
-9.70717e-21  1.54411e-36  4.75409e-19  3.76997e-35 -9.03226e-18 -1.47807e-33  1.02777e-16  2.16752e-32  -8.0741e-16 -1.98193e-31  4.69782e-15  1.30299e-30 -2.10764e-14  -6.5923e-30  7.47038e-14  2.67209e-29 -2.12157e-13  -8.9127e-29  4.85841e-13  2.49093e-28 -8.96311e-13  -5.8876e-28  1.31962e-12  1.17199e-27  -1.5159e-12  -1.9037e-27  1.29375e-12  2.25519e-27 -7.22814e-13 -9.35375e-28  1.37233e-13  -4.1494e-27  1.50105e-13  1.50865e-26 -1.24032e-13 -3.20484e-26  5.65139e-15  5.11782e-26  3.51928e-14 -6.44647e-26 -9.90377e-15  6.34601e-26 -8.12425e-15 -4.55615e-26  3.34247e-15  1.77504e-26  1.95553e-15   6.9248e-27 -7.56393e-16 -1.83917e-26 -5.05579e-16   1.6121e-26  1.06674e-16 -7.34833e-27  1.21624e-16 -1.10304e-28  1.81338e-18  2.93798e-27 -2.22921e-17 -2.12909e-27 -5.72691e-18  2.02967e-28  2.18076e-18  9.89205e-28  1.50919e-18 -1.02231e-27  1.32674e-19  5.01794e-28 -1.64333e-19 -1.09406e-28 -6.96346e-20   1.1672e-29  -3.5248e-21 -2.88199e-29  6.41583e-21   2.7002e-29  2.51252e-21 -8.17009e-30  2.54239e-22 -1.29648e-30 -1.26936e-22  2.37853e-30  -6.1748e-23   -2.253e-30 -1.13533e-23  1.89775e-30  2.46609e-25 -1.07944e-30  7.18445e-25  4.13481e-31  2.05242e-25 -1.22666e-31  2.78663e-26  2.79407e-32 -2.63575e-28 -2.51804e-34 -1.02744e-27 -3.53836e-33 -2.52217e-28  1.68376e-33  -3.3898e-29 -4.28444e-34  -2.0959e-30  6.23652e-35    1.807e-31 -6.45495e-37  6.54881e-32 -2.60479e-36  9.08695e-33  6.46692e-37  7.76176e-34 -4.42186e-38   3.8739e-35  9.23483e-40  2.78567e-37 -2.09338e-40 -1.22469e-37 -2.54305e-41 -1.04799e-38 -1.06106e-41 -4.58184e-40  1.05395e-42 -1.05101e-41  1.22469e-44 -9.85716e-44  1.72372e-46
 -2.6658e-36 -3.81414e-19  3.76997e-35  1.06199e-17  6.37105e-34 -1.53714e-16 -1.99503e-32   1.4519e-15  2.47289e-31 -9.86365e-15 -1.96764e-30  5.08033e-14  1.14472e-29 -2.04695e-13 -5.17968e-29  6.57484e-13  1.89255e-28 -1.70087e-12 -5.73521e-28  3.55469e-12  1.47153e-27 -5.97557e-12 -3.24278e-27  7.96616e-12  6.15862e-27 -8.16476e-12 -9.90051e-27  5.99871e-12  1.25932e-26 -2.54863e-12 -9.66795e-27 -1.48679e-13 -6.12599e-27  9.33557e-13  4.15001e-26 -4.08566e-13 -9.55904e-26 -1.30913e-13  1.52996e-25  1.58712e-13 -1.85144e-25   4.5743e-15  1.65621e-25 -4.38937e-14 -9.23578e-26  1.71952e-15 -3.35894e-27  1.09504e-14  7.53457e-26  7.17759e-17 -9.59516e-26 -2.48123e-15  7.30233e-26 -3.41178e-16 -3.56087e-26  4.51638e-16  7.59658e-27  1.56347e-16  4.15599e-27 -4.73451e-17 -4.30588e-27 -3.89679e-17  1.72354e-28 -2.90651e-18  2.82935e-27   5.1073e-18 -2.90114e-27  1.96961e-18   1.4138e-27 -5.80542e-20 -3.06437e-28 -2.62904e-19  6.20697e-29 -8.04788e-20  -1.2014e-28  8.81991e-22  9.62619e-29  8.15429e-21 -2.66307e-29  2.67091e-21 -3.95751e-30  2.28707e-22  6.38019e-30 -1.22586e-22 -5.84332e-30 -5.52294e-23  4.98996e-30 -1.01534e-23 -2.80625e-30 -1.53498e-25  1.05336e-30   4.4209e-25 -3.11466e-31  1.33628e-25   7.1121e-32  2.02917e-26 -1.11468e-33  9.80029e-28 -8.02395e-33 -3.23745e-28  3.71406e-33 -9.82709e-29  -9.0868e-34 -1.47025e-29  1.21244e-34 -1.28992e-30  7.22014e-38 -3.45541e-32  -4.9767e-36  8.37276e-33  1.11946e-36  1.51662e-33 -4.32417e-38  1.39466e-34  -2.0098e-39  8.01726e-36 -1.20937e-40  2.71136e-37 -8.35426e-41   2.7674e-39 -1.25136e-41 -1.93228e-40  1.19507e-42 -7.40807e-42  1.22161e-44 -7.52688e-44
 1.80914e-19 -7.98023e-35 -9.03226e-18  6.37105e-34   1.7509e-16  8.15858e-33  -2.0348e-15 -2.10841e-31  1.63438e-14  2.24283e-30  -9.7346e-14 -1.56341e-29  4.47704e-13  8.05776e-29 -1.62939e-12 -3.24921e-28  4.76085e-12  1.06181e-27 -1.12445e-11 -2.89057e-27  2.14651e-11  6.72347e-27 -3.28505e-11 -1.36769e-26  3.95105e-11  2.47068e-26 -3.57849e-11 -3.94741e-26  2.19828e-11  5.36268e-26 -5.92678e-12 -5.50749e-26 -3.37511e-12  2.35967e-26  3.84378e-12  5.93524e-26 -6.49669e-13 -1.89154e-25 -9.48183e-13  3.18388e-25  4.34358e-13 -3.65257e-25   1.9004e-13  2.64486e-25 -1.37705e-13  -3.1773e-26 -4.30468e-14 -2.23596e-25  3.35175e-14  3.71626e-25  1.22102e-14 -3.61495e-25 -6.22602e-15  2.47636e-25 -3.50771e-15 -1.22184e-25  6.27061e-16   3.9062e-26  8.02979e-16 -2.00165e-27  7.72196e-17 -5.26725e-27 -1.16463e-16 -8.75609e-28 -4.49196e-17  7.21241e-27  4.12411e-18    -7.31e-27   7.5576e-18  3.49734e-27  1.88413e-18 -7.04993e-28 -2.94972e-19  1.87063e-28 -3.09288e-19 -3.76597e-28 -7.38648e-20  2.83422e-28  4.31747e-21 -7.52151e-29  7.85656e-21 -8.86614e-30  2.28492e-21   1.3641e-29  1.90577e-22 -1.23359e-29 -8.59122e-23  1.09232e-29 -3.80889e-23 -6.11032e-30 -7.19786e-24  2.25723e-30 -3.77996e-25 -6.71681e-31  1.82962e-25  1.55061e-31   6.2603e-26 -4.29483e-33  1.04261e-26 -1.49661e-32  8.75176e-28  6.88997e-33 -3.36641e-29 -1.63422e-33 -2.31878e-29  1.95777e-34 -3.92234e-30  2.21555e-36 -3.95639e-31 -7.90704e-36 -2.33584e-32  1.65873e-36 -2.33278e-34 -1.90479e-38  1.03154e-34 -6.21816e-39  1.11947e-35  1.03834e-42  6.36164e-37 -1.52839e-40  2.15188e-38 -1.13422e-41  3.76314e-40  1.03496e-42  2.35283e-42  7.09197e-45
 5.91062e-35  5.41064e-18 -1.47807e-33 -1.53714e-16  8.15858e-33  2.27228e-15  8.33464e-32 -2.19428e-14  -1.8169e-30  1.52584e-13  1.67527e-29 -8.05478e-13 -1.02587e-28  3.33139e-12  4.66817e-28 -1.10038e-11  -1.6607e-27  2.93382e-11  4.76737e-27 -6.33708e-11 -1.13561e-26  1.10521e-10   2.3213e-26 -1.53715e-10 -4.25309e-26  1.65906e-10  7.29727e-26 -1.30885e-10 -1.19207e-25  6.37973e-11  1.79869e-25  -4.1471e-12 -2.33887e-25 -1.89165e-11  2.34146e-25  1.11434e-11 -1.30939e-25  1.39952e-12 -7.02288e-26 -3.81239e-12  2.56933e-25   4.5806e-13 -2.38405e-25  9.95689e-13 -1.12423e-25 -2.05691e-13  6.99224e-25 -2.50084e-13 -1.21048e-24  4.26191e-14  1.35415e-24  6.15927e-14 -1.10407e-24 -1.98789e-15  6.86038e-25 -1.32708e-14 -3.36678e-25 -2.15212e-15  1.32602e-25  2.02348e-15 -3.55499e-26  8.81099e-16  1.66171e-27 -1.01619e-16 -4.82101e-27 -1.67254e-16  1.66796e-26 -3.56467e-17 -1.68303e-26   1.1662e-17  7.81444e-27  8.31768e-18 -1.34256e-27  1.38222e-18  4.05284e-28 -4.41184e-19 -9.78471e-28 -2.87861e-19  7.20057e-28 -5.69714e-20 -1.86611e-28  4.94264e-21 -1.56888e-29  5.98586e-21  2.34846e-29  1.62018e-21 -2.14391e-29   1.4819e-22  2.04622e-29 -4.35932e-23 -1.14832e-29 -2.04425e-23  4.19598e-30 -4.03427e-24  -1.2699e-30 -3.40378e-25  2.97874e-31  4.38355e-26 -1.29643e-32  2.06373e-26  -2.3524e-32  3.75995e-27  1.11327e-32  3.95937e-28 -2.58261e-33  1.56108e-29  2.68353e-34 -2.63227e-30  5.76899e-36 -6.09408e-31 -1.07055e-35 -6.69421e-32  2.19038e-36 -4.60436e-33  2.37799e-38 -1.84689e-34 -9.63913e-39 -1.57937e-36  8.18226e-41  2.81587e-37 -2.01056e-40  1.68448e-38 -7.69758e-42  3.96938e-40  6.67814e-43  3.08965e-42
-2.01749e-18  1.41556e-33  1.02777e-16 -1.99503e-32  -2.0348e-15  8.33464e-32   2.4176e-14  7.01678e-31 -1.98747e-13 -1.30923e-29  1.21311e-12  1.05191e-28 -5.72571e-12 -5.64637e-28  2.14214e-11  2.24377e-27 -6.44713e-11 -6.87527e-27  1.57239e-10   1.6571e-26  -3.1096e-10 -3.19324e-26  4.95247e-10  5.10146e-26 -6.24184e-10 -7.50405e-26  5.99856e-10  1.22734e-25 -4.03032e-10 -2.38826e-25  1.39294e-10  4.71284e-25  3.89228e-11 -8.14916e-25 -6.99332e-11  1.17025e-24  2.06583e-11 -1.38943e-24  1.41645e-11  1.42286e-24 -1.01802e-11 -1.45643e-24 -2.06751e-12  1.84571e-24  3.07882e-12 -2.77366e-24  3.60299e-13  3.90429e-24  -7.8114e-13  -4.5033e-24 -1.25033e-13  4.07877e-24  1.67985e-13 -2.87851e-24  5.01077e-14  1.62026e-24 -2.62572e-14 -7.89225e-25  -1.5183e-14  3.65342e-25  1.35617e-15 -1.42431e-25  2.99821e-15  3.09495e-26  6.05417e-16 -1.41615e-26 -2.83217e-16  3.52577e-26 -1.74158e-16  -3.5897e-26 -1.77303e-17  1.59663e-26  1.58134e-17 -2.02979e-27  7.32364e-18   6.4018e-28  8.00373e-19 -2.21041e-27 -4.40792e-19  1.62011e-27  -2.2059e-19 -4.09373e-28 -3.84469e-20 -2.34163e-29  3.44798e-21  3.12851e-29  3.66792e-21 -2.99914e-29  9.59657e-22  3.32914e-29  1.01411e-22 -1.89512e-29 -1.48659e-23  6.88738e-30 -8.42471e-24 -2.14592e-30 -1.75715e-24  5.12181e-31   -1.908e-25  -3.1687e-32   5.5069e-28 -3.13217e-32  4.43735e-27  1.60562e-32  9.23051e-28 -3.67179e-33  1.09233e-28  3.12388e-34  7.54309e-30  9.54102e-36  9.79906e-32  -1.2431e-35  -4.4339e-32   2.6463e-36 -5.87787e-33  7.01188e-38 -4.13218e-34 -1.03685e-38 -1.79249e-35  9.59654e-41 -4.37962e-37 -2.03054e-40 -3.41192e-39  -3.4985e-42  5.24758e-41  2.84943e-43
-7.40625e-34 -5.00369e-17  2.16752e-32   1.4519e-15 -2.10841e-31 -2.19428e-14  7.01678e-31  2.16871e-13   4.9732e-30 -1.54532e-12 -8.01252e-29  8.37052e-12  5.60993e-28  -3.5579e-11 -2.61328e-27     1.21e-10  8.82802e-27 -3.32902e-10 -2.18727e-26  7.44122e-10  3.77683e-26 -1.34806e-09 -3.54335e-26  1.95819e-09   -1.997e-26 -2.22693e-09  1.32694e-25  1.88392e-09 -1.96693e-25 -1.03772e-09 -4.23787e-26  1.77536e-10  8.85835e-25  2.39232e-10 -2.45501e-24 -1.90629e-10  4.51731e-24  6.17267e-12 -6.57431e-24  5.70732e-11  8.23441e-24 -1.61081e-11 -9.58768e-24 -1.35787e-11  1.11147e-23  5.80429e-12 -1.29632e-23  3.33592e-12  1.42735e-23 -1.40185e-12  -1.3645e-23 -8.89758e-13   1.0646e-23  2.21022e-13 -6.58536e-24  2.25189e-13  3.33936e-24  -3.8089e-15 -1.62953e-24 -4.43923e-14  8.79709e-25  -1.0007e-14 -4.11384e-25  4.97991e-15  1.05917e-25  3.02436e-15 -2.98491e-26  1.56413e-16  6.85756e-26 -3.76278e-16 -7.13556e-26 -1.42261e-16  2.99231e-26 -1.55708e-18 -1.99914e-27  1.53991e-17   5.9163e-28  5.39036e-18 -4.46645e-27  3.80686e-19  3.28243e-27 -3.35285e-19 -7.96241e-28 -1.42196e-19 -3.39741e-29 -2.32074e-20  2.61215e-29  1.54844e-21 -3.04157e-29  1.80622e-21  4.73811e-29  4.71253e-22 -2.77254e-29  5.74392e-23  1.00781e-29 -2.31668e-24 -3.28234e-30 -2.56681e-24  7.95463e-31 -5.78525e-25 -6.52159e-32 -7.27647e-26 -3.47126e-32 -3.88175e-27   2.1085e-32  4.77248e-28 -4.77248e-33   1.4351e-28  3.00193e-34  1.85841e-29   1.1208e-35  1.49238e-30 -1.22369e-35  6.90848e-32  2.97123e-36  3.61322e-34  1.03672e-37 -2.00611e-34 -7.97289e-39 -1.53832e-35  6.90853e-41 -5.67068e-37 -1.59858e-40 -1.03974e-38 -6.14019e-43 -6.23639e-41
 1.55164e-17 -1.50348e-32  -8.0741e-16  2.47289e-31  1.63438e-14  -1.8169e-30 -1.98747e-13   4.9732e-30  1.67419e-12    3.008e-29 -1.04847e-11 -4.19775e-28  5.08482e-11  2.54183e-27 -1.95807e-10 -1.00129e-26  6.07806e-10  2.67562e-26 -1.53274e-09 -4.18278e-26  3.14432e-09 -7.59394e-27 -5.21779e-09  2.69371e-25  6.89797e-09 -9.18536e-25 -7.03462e-09   1.9264e-24   5.1485e-09 -2.75221e-24 -2.16046e-09  2.28685e-24 -1.81408e-10  6.79389e-25  8.57893e-10 -6.65438e-24 -3.74505e-10  1.49151e-23  -1.2495e-10 -2.37484e-23  1.53596e-10  3.14078e-23  3.02202e-12 -3.71244e-23 -4.40749e-11  4.11444e-23  2.66144e-12 -4.33874e-23  1.14136e-11  4.22219e-23 -2.67228e-13  -3.5707e-23 -2.72086e-12  2.46779e-23 -2.79493e-13 -1.34262e-23  5.34826e-13  6.08293e-24  1.61161e-13 -3.04096e-24 -6.56929e-14  1.92098e-24 -4.53945e-14 -9.88848e-25 -1.27166e-15  2.53655e-25  6.80826e-15 -4.71754e-26   2.2709e-15  1.23887e-25 -2.14072e-16 -1.32458e-25  -3.6027e-16  5.13163e-26  -9.5249e-17  6.00682e-28  6.96612e-18 -4.08721e-28  1.19034e-17 -8.22697e-27  3.41796e-18  6.05695e-27  1.65151e-19  -1.3714e-27 -2.02736e-19 -6.11156e-29 -7.77238e-20 -1.02748e-29 -1.25215e-20 -1.06397e-29  3.32256e-22  5.91207e-29  7.02363e-22 -3.60562e-29  1.88253e-22  1.31804e-29  2.58098e-23 -4.58458e-30  7.15873e-25  1.12162e-30 -5.29733e-25 -1.16428e-31 -1.38031e-25 -2.98542e-32 -1.90932e-26  2.56653e-32 -1.52893e-27 -5.72794e-33  -2.5264e-29  2.14054e-34  1.15543e-29   8.2775e-36  1.81788e-30 -9.77212e-36  1.52869e-31  3.12237e-36   8.0533e-33  1.16669e-37  2.42294e-34 -3.68211e-39  1.73936e-36  3.46373e-41 -1.34147e-37 -9.68959e-41 -3.72143e-39  3.47162e-43
 6.32191e-33  3.32443e-16 -1.98193e-31 -9.86365e-15  2.24283e-30  1.52584e-13 -1.30923e-29 -1.54532e-12    3.008e-29  1.12972e-11  1.56341e-28  -6.2871e-11 -1.88182e-27  2.74999e-10  9.64019e-27 -9.64216e-10 -2.99676e-26  2.74122e-09  4.73745e-26 -6.34951e-09  5.95159e-26  1.19646e-08 -6.60749e-25 -1.81735e-08  2.41877e-24  2.17934e-08 -5.90959e-24 -1.97517e-08  1.06944e-23   1.2162e-08 -1.44305e-23 -3.24312e-09  1.31427e-23 -2.00136e-09  -3.0976e-24  2.27717e-09 -1.68211e-23 -4.02833e-10  4.39959e-23 -5.77732e-10 -7.29731e-23  2.82073e-10  9.78168e-23  1.15128e-10 -1.14641e-22 -9.35146e-11    1.224e-22 -2.56989e-11 -1.20774e-22  2.40845e-11  1.07931e-22  7.56868e-12   -8.301e-23  -4.8903e-12  5.15253e-23 -2.36107e-12 -2.45944e-23  6.15658e-13  9.84982e-24  5.97611e-13 -5.24893e-24  2.49369e-14  3.87982e-24 -9.91237e-14 -2.07736e-24 -3.18946e-14  4.90103e-25  5.89191e-15 -5.20366e-26  6.45249e-15  2.10568e-25  1.29111e-15 -2.29541e-25 -3.76804e-16  8.00007e-26 -2.75857e-16  9.18619e-27 -5.40937e-17  -3.4714e-27  8.28794e-18 -1.40072e-26  7.61615e-18  1.02645e-26  1.90477e-18  -2.0753e-27  7.97715e-20 -1.43528e-28 -9.84892e-20 -1.02242e-28 -3.58947e-20  4.32093e-29 -5.91432e-21  6.47172e-29 -1.05994e-22 -4.14519e-29  2.07026e-22  1.53173e-29  5.94215e-23 -5.88679e-30  8.91717e-24  1.43916e-30   6.1354e-25 -1.84275e-31 -5.48931e-26 -1.43058e-32 -2.21659e-26  2.94434e-32 -3.35387e-27  -6.3743e-33 -3.09473e-28  5.63112e-35 -1.61231e-29 -3.72506e-37  7.16517e-33 -5.43376e-36  8.14048e-32  3.07484e-36   7.5293e-33  1.12634e-37  3.71476e-34  5.56082e-40  1.04455e-35  5.85479e-42  1.43054e-37 -4.32878e-41  4.79297e-40
-8.82795e-17  1.12201e-31  4.69782e-15 -1.96764e-30  -9.7346e-14  1.67527e-29  1.21311e-12 -8.01252e-29 -1.04847e-11  1.56341e-28   6.7458e-11   6.9788e-28 -3.36618e-10 -7.12283e-27  1.33608e-09  2.91027e-26 -4.28358e-09 -5.48014e-26  1.11853e-08 -8.74908e-26 -2.38365e-08  1.07334e-24  4.12705e-08 -4.49404e-24 -5.72932e-08  1.26493e-23   6.2022e-08  -2.6803e-23 -4.92956e-08  4.41645e-23  2.43055e-08 -5.61047e-23 -1.58151e-09    5.059e-23 -7.53367e-09 -1.84623e-23  4.60913e-09 -4.09052e-23  4.93446e-10  1.18548e-22 -1.62269e-09 -1.99069e-22  2.48592e-10    2.657e-22  4.31829e-10 -3.05996e-22 -1.12075e-10  3.15406e-22 -1.11395e-10 -2.94785e-22  2.64696e-11  2.45791e-22  2.89203e-11 -1.74192e-22 -2.84619e-12  9.77095e-23 -6.78208e-12 -4.05941e-23 -6.80681e-13  1.41851e-23  1.18264e-12 -8.57668e-24  4.15564e-13  7.31467e-24 -9.41626e-14 -3.89437e-24 -9.47527e-14  7.96333e-25 -1.44645e-14 -2.37003e-26    8.842e-15  3.41731e-25  4.79801e-15 -3.70505e-25  5.30999e-16  1.12071e-25 -3.57737e-16  2.88147e-26 -1.77185e-16  -1.0039e-26  -2.7025e-17 -2.22938e-26  5.97738e-18  1.60835e-26   4.1098e-18 -2.70076e-27  9.41125e-19 -3.55784e-28    4.642e-20 -2.76875e-28  -3.7993e-20  1.41062e-28 -1.38097e-20  6.27549e-29 -2.36821e-21 -4.12652e-29 -1.34613e-22  1.54971e-29  4.20774e-23   -6.991e-30  1.42051e-23  1.67985e-30   2.2949e-24 -2.62914e-31  2.11744e-25  1.15007e-32  4.38075e-27  3.23079e-32  -2.0028e-27 -6.56401e-33 -3.67208e-28 -1.46453e-34 -3.59677e-29 -1.33473e-35 -2.21617e-30 -3.02669e-37  -7.6096e-32  2.83289e-36 -9.16501e-35  1.01012e-37    1.243e-34  3.27274e-39  5.52339e-36 -1.53245e-41  9.21353e-38  -1.2594e-41
 -4.0125e-32 -1.67239e-15  1.30299e-30  5.08033e-14 -1.56341e-29 -8.05478e-13  1.05191e-28  8.37052e-12 -4.19775e-28  -6.2871e-11   6.9788e-28  3.59993e-10  2.64267e-27 -1.62275e-09 -2.18097e-26  5.87486e-09  5.77136e-26 -1.72848e-08  7.12768e-26   4.1552e-08 -1.32094e-24 -8.15623e-08  6.55853e-24  1.29721e-07 -2.13795e-23 -1.64187e-07  5.22531e-23  1.59337e-07 -1.00148e-22 -1.08805e-07  1.52528e-22  3.87397e-08  -1.8204e-22   1.0411e-08  1.57682e-22 -2.00716e-08 -6.23026e-23  6.51123e-09 -9.75668e-23  3.99022e-09  2.95212e-22 -3.25203e-09 -4.92653e-22 -4.96664e-10  6.48841e-22  1.01362e-09 -7.31162e-22  6.03539e-11  7.27873e-22 -2.69746e-10 -6.47458e-22 -2.53013e-11  5.07187e-22  6.27945e-11 -3.33192e-22  1.38209e-11  1.69061e-22 -1.13242e-11 -6.02449e-23 -5.09273e-12   1.8111e-23   1.0259e-12 -1.35755e-23  1.18824e-12  1.29003e-23  1.52947e-13 -6.56767e-24 -1.44922e-13  1.09717e-24  -6.7741e-14  4.71936e-26 -1.72464e-15  5.36521e-25  8.13589e-15 -5.54497e-25  2.95565e-15  1.38155e-25  1.23038e-16  6.53793e-26 -2.53296e-16 -2.15245e-26 -9.81069e-17 -3.35002e-26 -1.23971e-17   2.3446e-26  3.18228e-18 -2.85019e-27  1.87907e-18 -8.06257e-28  4.10553e-19 -5.60644e-28  2.71604e-20  2.81663e-28 -1.11888e-20  5.69453e-29 -4.31801e-21 -3.34556e-29 -7.75411e-22  1.28889e-29 -6.67967e-23  -7.7299e-30  4.14603e-24  1.77715e-30  2.39889e-24 -3.42814e-31  4.21675e-25   4.3636e-32  4.41892e-26  3.42872e-32  2.54118e-27 -6.19872e-33 -2.34173e-29 -3.48436e-34 -2.09404e-29 -2.69245e-35 -2.25344e-30  4.24723e-36 -1.37381e-31  2.43436e-36  -5.0821e-33  8.89788e-38 -9.98508e-35  4.06139e-39 -4.76807e-37 -2.37481e-41  7.87333e-39
 3.86751e-16 -6.34872e-31 -2.10764e-14  1.14472e-29  4.47704e-13 -1.02587e-28 -5.72571e-12  5.60993e-28  5.08482e-11 -1.88182e-27 -3.36618e-10  2.64267e-27    1.731e-09  8.16763e-27 -7.09275e-09 -4.64947e-26  2.35247e-08 -2.57296e-26 -6.37094e-08  1.27447e-24  1.41265e-07 -7.77944e-24 -2.55582e-07   2.9716e-23  3.73067e-07 -8.38085e-23 -4.28943e-07  1.84654e-22  3.69427e-07  -3.2538e-22 -2.09506e-07  4.60851e-22  3.95784e-08  -5.1573e-22  4.81103e-08  4.22672e-22 -4.15992e-08 -1.62505e-22  3.00445e-09 -2.28761e-22  1.24469e-08  6.83259e-22 -4.32793e-09 -1.11978e-21 -2.90777e-09  1.44879e-21  1.59373e-09 -1.59423e-21  7.12634e-10  1.53231e-21   -4.171e-10  -1.2991e-21 -2.01311e-10  9.58368e-22  7.91204e-11 -5.84513e-22  5.67808e-11   2.6733e-22 -6.80749e-12 -7.97318e-23 -1.29271e-11  2.04482e-23  -1.7917e-12 -2.12136e-23  1.84506e-12  2.12269e-23  8.25323e-13 -9.96087e-24 -4.06395e-14   1.2653e-24 -1.33478e-13  1.19119e-25 -3.81374e-14  8.20413e-25  3.96324e-15  -7.6324e-25  5.76249e-15  1.43413e-25  1.56188e-15  1.23661e-25 -2.07262e-17 -3.87654e-26 -1.44998e-16 -4.79762e-26 -4.75538e-17  3.20019e-26 -5.42723e-18 -1.95052e-27  1.29743e-18 -1.61189e-27  7.23053e-19 -9.78444e-28  1.55517e-19  4.47051e-28  1.34698e-20  5.74886e-29 -2.26757e-21 -1.72261e-29 -1.05639e-21  7.11814e-30  -1.9974e-22 -8.02735e-30 -2.11413e-23  1.68817e-30 -5.40229e-25 -4.13677e-31  2.44966e-25   7.5326e-32  5.16494e-26  3.53897e-32  5.77625e-27 -5.26793e-33   4.0402e-28 -4.98472e-34  1.48369e-29 -3.66833e-35 -2.01719e-31  7.08972e-36 -5.97436e-32  1.94097e-36 -3.49273e-33  7.73129e-38 -1.01143e-34  3.39332e-39 -1.29291e-36 -1.65578e-41
 1.98925e-31  6.57159e-15  -6.5923e-30 -2.04695e-13  8.05776e-29  3.33139e-12 -5.64637e-28  -3.5579e-11  2.54183e-27  2.74999e-10 -7.12283e-27 -1.62275e-09  8.16763e-27  7.55103e-09  1.81073e-26 -2.82744e-08 -9.56557e-27  8.62388e-08 -9.64942e-25 -2.15529e-07  7.57116e-24  4.41441e-07 -3.44649e-23  -7.3629e-07  1.12944e-22  9.84732e-07 -2.86057e-22 -1.02315e-06  5.77865e-22  7.70356e-07 -9.43894e-22 -3.40677e-07  1.24683e-21 -1.64677e-08 -1.30554e-21  1.34037e-07  1.00173e-21 -6.61426e-08 -3.52461e-22 -1.68094e-08 -5.20863e-22  2.69766e-08  1.47294e-21 -1.35878e-09  -2.3554e-21 -7.82509e-09  2.98964e-21  1.14893e-09 -3.21014e-21  2.09821e-09  2.97695e-21 -2.55282e-10 -2.40446e-21  -5.3913e-10   1.6698e-21 -2.25897e-12 -9.43798e-22   1.2026e-10  3.85779e-22  2.34411e-11 -9.23803e-23 -1.88127e-11  2.07464e-23 -9.08813e-12 -3.30276e-23  8.44949e-13  3.23843e-23  1.74666e-12 -1.34615e-23   4.0822e-13  1.17947e-24 -1.18876e-13  4.27181e-26 -9.35714e-14  1.21848e-24 -1.71529e-14 -9.52236e-25   4.6458e-15  1.10657e-25   3.3752e-15  2.04567e-25  7.28865e-16 -6.15234e-26 -3.81656e-17 -6.60787e-26 -6.90901e-17  4.11902e-26   -2.028e-17  6.51572e-28 -2.28845e-18 -2.84877e-27  3.95147e-19 -1.55585e-27  2.30002e-19  6.02283e-28  4.98143e-20  7.96504e-29  5.27184e-21  6.72407e-30 -1.99295e-22 -1.52043e-30 -1.90004e-22 -7.92515e-30 -3.86831e-23   1.4102e-30 -4.56293e-24 -4.68005e-31 -2.85112e-25  9.87863e-32  6.21052e-27   3.5499e-32  3.65749e-27 -3.87574e-33  4.46359e-28 -5.57839e-34  3.20419e-29 -3.96331e-35  1.42753e-30  7.76931e-36  3.29909e-32  1.42106e-36 -5.30747e-35  6.28912e-38  -2.1335e-35  2.08676e-39 -2.92987e-37
-1.33645e-15  2.84623e-30  7.47038e-14 -5.17968e-29 -1.62939e-12  4.66817e-28  2.14214e-11 -2.61328e-27 -1.95807e-10  9.64019e-27  1.33608e-09 -2.18097e-26 -7.09275e-09  1.81073e-26  3.00568e-08  9.57974e-27 -1.03319e-07  5.51843e-25  2.90735e-07 -6.00021e-24 -6.71977e-07  3.34188e-23  1.27265e-06 -1.28782e-22 -1.95621e-06  3.76932e-22  2.39095e-06 -8.72938e-22 -2.22811e-06  1.63211e-21  1.43249e-06 -2.48324e-21 -4.27727e-07  3.06349e-21 -2.14506e-07 -2.99395e-21   2.8632e-07  2.13071e-21 -6.81425e-08 -6.49532e-22 -6.90768e-08 -1.13138e-21  4.27562e-08  2.95814e-21  1.20751e-08 -4.60748e-21 -1.44096e-08  5.74298e-21 -2.33967e-09 -6.01855e-21  3.94401e-09  5.37997e-21  7.58216e-10 -4.13278e-21 -9.04126e-10  2.69505e-21 -2.95093e-10 -1.40459e-21  1.50161e-10  5.05261e-22  9.21475e-11 -8.99518e-23 -8.14391e-12  2.08335e-23 -1.91667e-11 -5.10626e-23 -3.96483e-12   4.5337e-23  1.92126e-12 -1.58149e-23  1.20294e-12  8.52972e-25  1.23666e-13 -4.93075e-25   -1.144e-13  1.73694e-24  -5.3912e-14   -1.046e-24 -6.10773e-15   2.6966e-26  3.27886e-15  3.02627e-25  1.69002e-15 -8.83344e-26  3.08327e-16 -8.82577e-26 -2.15665e-17  5.03982e-26 -2.75988e-17  5.52387e-27 -7.56709e-18 -4.49225e-27 -8.99925e-19 -2.32183e-27  7.96991e-20  7.02292e-28  5.86243e-20   1.3926e-28   1.3042e-20  3.63957e-29  1.57927e-21 -1.20237e-29  4.92741e-23 -7.55776e-30  -2.2029e-23  9.84844e-31 -5.28778e-24 -5.03573e-31 -6.64819e-25  1.07622e-31 -5.15253e-26  3.43874e-32 -1.89045e-27 -2.23427e-33  8.40974e-29 -5.14465e-34   1.7195e-29 -3.55212e-35  1.21695e-30  6.60572e-36  4.84983e-32  9.36785e-37  1.05455e-33  4.42851e-38  9.31738e-36  8.59591e-40
-7.93467e-31  -2.0549e-14  2.67209e-29  6.57484e-13 -3.24921e-28 -1.10038e-11  2.24377e-27     1.21e-10 -1.00129e-26 -9.64216e-10  2.91027e-26  5.87486e-09 -4.64947e-26 -2.82744e-08  9.57974e-27  1.09717e-07 -1.71813e-25 -3.47601e-07  3.67944e-24  9.04933e-07 -2.67695e-23 -1.93771e-06   1.2405e-22  3.39544e-06 -4.23793e-22 -4.80532e-06  1.13014e-21  5.34709e-06 -2.41847e-21 -4.42075e-06  4.21051e-21  2.33194e-06  -5.9865e-21 -2.69222e-07  6.90111e-21 -6.79326e-07 -6.27583e-21  4.87758e-07   4.1019e-21  9.73403e-09 -1.01152e-21 -1.66352e-07 -2.30662e-21  4.22456e-08  5.52944e-21  4.31074e-08 -8.40944e-21 -1.76273e-08  1.03249e-20 -1.11949e-08 -1.05696e-20  4.70591e-09  9.09653e-21   3.1347e-09 -6.62842e-21 -8.24753e-10  4.04106e-21 -8.44064e-10 -1.92476e-21  2.69812e-11  5.92998e-22  1.80033e-10 -6.59127e-23  3.85136e-11  2.66202e-23 -2.25215e-11 -7.74081e-23 -1.30758e-11  5.72247e-23 -4.19584e-13 -1.51208e-23  1.80089e-12  6.14118e-25   6.5478e-13 -1.97727e-24 -5.45597e-15  2.33356e-24 -7.80771e-14   -9.423e-25 -2.65744e-14 -1.07955e-25 -1.66596e-15  4.05244e-25  1.76486e-15 -1.16882e-25  7.35212e-16 -1.15049e-25  1.20441e-16  5.91196e-26 -7.46264e-18   1.2958e-26 -9.17177e-18 -6.37378e-27 -2.43105e-18 -3.30637e-27 -3.12417e-19  7.04648e-28   4.6867e-21  2.46438e-28  1.13558e-20  6.89875e-29  2.67637e-21 -2.28565e-29  3.52933e-22 -7.08369e-30  2.36437e-23  4.88153e-31 -9.22141e-25  -5.2336e-31 -4.55531e-25  9.89038e-32 -6.18514e-26  3.18313e-32 -5.05305e-27 -6.15994e-34 -2.55265e-28 -3.87036e-34 -5.85374e-30 -2.66064e-35  1.56919e-31  4.45462e-36  1.64242e-32  5.37739e-37  4.77837e-34   2.4612e-38  4.28718e-36
 3.69315e-15 -1.03941e-29 -2.12157e-13  1.89255e-28  4.76085e-12  -1.6607e-27 -6.44713e-11  8.82802e-27  6.07806e-10 -2.99676e-26 -4.28358e-09  5.77136e-26  2.35247e-08 -9.56557e-27 -1.03319e-07 -1.71813e-25  3.68871e-07 -1.21438e-24 -1.08082e-06  1.67251e-23  2.60948e-06 -9.95106e-23 -5.18375e-06  4.05197e-22  8.40594e-06 -1.25525e-21 -1.09347e-05  3.08568e-21  1.10176e-05 -6.14426e-21 -7.95029e-06  1.00044e-20  3.18492e-06 -1.33238e-20  5.22576e-07  1.43513e-20 -1.52824e-06 -1.20971e-20  6.33909e-07  7.17616e-21  2.56256e-07 -1.27694e-21 -2.96076e-07 -4.35893e-21 -9.13013e-09  9.60266e-21  9.22671e-08 -1.43548e-20 -6.34289e-09  1.74461e-20 -2.56442e-08  -1.7468e-20  1.13609e-09  1.44536e-20   6.6065e-09 -9.95552e-21  5.05081e-10  5.63744e-21 -1.43192e-09 -2.41819e-21 -3.87393e-10  6.06098e-22  2.04447e-10 -2.03067e-23  1.25984e-10  4.94054e-23 -1.85206e-12  -1.1325e-22 -2.16871e-11  6.28682e-23 -6.50082e-12 -9.09386e-24  1.02365e-12   1.2719e-24  1.21594e-12 -5.02101e-24  2.91204e-13  2.88715e-24 -3.64818e-14 -5.28777e-25 -4.28827e-14 -2.75526e-25 -1.15206e-14  4.94713e-25 -3.31475e-16 -1.44736e-25  7.69704e-16 -1.46842e-25   2.7913e-16  6.70006e-26  4.35186e-17  2.28183e-26 -1.40537e-18  -8.1834e-27 -2.48057e-18 -4.52805e-27 -6.55393e-19  5.84079e-28 -9.06874e-20  4.00091e-28 -3.42172e-21  1.01438e-28  1.50111e-21 -3.23123e-29  4.07076e-22 -6.60768e-30  5.68227e-23  1.10055e-32  4.77871e-24 -5.32701e-31  1.59629e-25  7.41404e-32 -1.75957e-26  2.77638e-32 -3.24236e-27  7.20492e-34 -2.65511e-28 -2.17104e-34 -1.31184e-29  -1.6253e-35 -3.79434e-31  2.27241e-36 -4.87917e-33  2.54418e-37  1.09092e-35  9.17999e-39
 2.58807e-30  5.16385e-14  -8.9127e-29 -1.70087e-12  1.06181e-27  2.93382e-11 -6.87527e-27 -3.32902e-10  2.67562e-26  2.74122e-09 -5.48014e-26 -1.72848e-08 -2.57296e-26  8.62388e-08  5.51843e-25 -3.47601e-07 -1.21438e-24  1.14656e-06 -5.60438e-24 -3.11652e-06  6.25551e-23  6.99242e-06 -3.24363e-22 -1.28999e-05  1.19109e-21  1.93524e-05 -3.38997e-21 -2.30802e-05  7.74106e-21  2.08951e-05  -1.4416e-20 -1.28245e-05    2.203e-20  3.21697e-06 -2.75334e-20  2.51619e-06  2.76938e-20 -2.75002e-06 -2.15272e-20  4.78441e-07  1.14099e-20  7.58253e-07 -1.11645e-21 -3.89053e-07 -7.55798e-21 -1.55804e-07  1.54493e-20  1.41197e-07 -2.29566e-20  3.46558e-08  2.78041e-20 -3.98736e-08 -2.72703e-20 -1.07729e-08  2.16573e-20   9.1074e-09 -1.40397e-20  3.78753e-09  7.31653e-21 -1.41228e-09 -2.75779e-21 -1.10133e-09  5.00494e-22  2.35314e-11  3.52105e-23  2.14235e-10  1.05748e-22  5.69905e-11 -1.57593e-22 -1.79838e-11  5.48443e-23 -1.44838e-11  4.39654e-24 -2.25186e-12  4.16281e-24  1.13023e-12 -1.02179e-23  6.63177e-13  3.18629e-24   1.0765e-13  2.89536e-25 -2.88225e-14 -4.38819e-25 -1.98622e-14  5.52715e-25 -4.48529e-15 -1.69968e-25 -5.59965e-17  -1.8336e-25  2.76348e-16  7.37134e-26  9.19255e-17  3.44838e-26  1.42591e-17 -9.53308e-27  1.06163e-19 -5.97226e-27  -5.2363e-19  3.43385e-28  -1.4315e-19  5.85837e-28 -2.09962e-20  1.30811e-28 -1.49046e-21 -3.89559e-29  9.23165e-23 -6.13581e-30  4.19355e-23 -3.62914e-31  6.24078e-24  -5.3505e-31  5.64776e-25  3.87899e-32  3.06916e-26  2.23914e-32  5.13735e-28  1.60119e-33 -6.56166e-29 -5.29465e-35 -6.23952e-30 -7.35064e-36 -2.59328e-31  7.14942e-37 -5.30562e-33  8.99337e-38 -3.59011e-35
-8.20912e-15  3.14423e-29  4.85841e-13 -5.73521e-28 -1.12445e-11  4.76737e-27  1.57239e-10 -2.18727e-26 -1.53274e-09  4.73745e-26  1.11853e-08  7.12768e-26 -6.37094e-08 -9.64942e-25  2.90735e-07  3.67944e-24 -1.08082e-06 -5.60438e-24    3.306e-06 -2.10778e-23 -8.35859e-06  2.04189e-22  1.74585e-05 -9.50031e-22 -2.99319e-05  3.19254e-21  4.15071e-05 -8.41854e-21 -4.52167e-05  1.79569e-20  3.63716e-05 -3.14032e-20 -1.81598e-05  4.51762e-20  9.58483e-07 -5.30721e-20  6.29767e-06  4.97906e-20 -4.00889e-06 -3.54417e-20 -3.76609e-07  1.64052e-20   1.5176e-06 -4.64243e-23 -2.95143e-07 -1.18947e-20 -4.23764e-07  2.29208e-20  1.41358e-07 -3.44407e-20  1.15103e-07  4.19265e-20 -3.87719e-08 -4.03458e-20 -3.25374e-08  3.06921e-20   6.3109e-09 -1.86273e-20  8.64681e-09  8.81698e-21  1.83886e-10 -2.79318e-21 -1.78737e-09  2.43778e-22 -4.78776e-10  7.43655e-23  2.02289e-10  2.15197e-22  1.42734e-10 -2.06089e-22  1.17167e-11  2.44324e-23 -1.76318e-11  2.66224e-23 -7.56921e-12  1.09784e-23 -3.55178e-13 -1.79487e-23  7.63659e-13  2.95893e-24  3.07001e-13   1.5591e-24  3.36957e-14 -5.52737e-25 -1.52561e-14   5.6536e-25 -7.91707e-15 -1.91044e-25 -1.58789e-15 -2.22948e-25 -2.25195e-17  7.87186e-26  8.11152e-17  4.69031e-26  2.58342e-17   -1.007e-26  4.08611e-18 -7.56839e-27  1.84954e-19  1.65465e-29 -7.93118e-20  7.78742e-28 -2.41574e-20  1.54489e-28 -3.70498e-21 -4.20067e-29 -3.31603e-22 -5.58824e-30 -8.51559e-24 -5.74983e-31  2.36122e-24 -5.28809e-31  4.24813e-25   5.4128e-34  3.90072e-26  1.62239e-32  2.23665e-27  1.97601e-33  7.49769e-29  6.75082e-35  8.28468e-31  -1.4114e-36 -3.38999e-32 -4.09645e-38 -1.14218e-33  1.88636e-38
-6.92057e-30 -1.04539e-13  2.49093e-28  3.55469e-12 -2.89057e-27 -6.33708e-11   1.6571e-26  7.44122e-10 -4.18278e-26 -6.34951e-09 -8.74908e-26   4.1552e-08  1.27447e-24 -2.15529e-07 -6.00021e-24  9.04933e-07  1.67251e-23 -3.11652e-06 -2.10778e-23   8.8693e-06 -6.89387e-23  -2.0908e-05  5.97637e-22  4.07134e-05 -2.53561e-21 -6.48886e-05  7.86983e-21  8.30525e-05 -1.93397e-20 -8.22083e-05  3.86984e-20  5.77752e-05 -6.37782e-20 -2.14717e-05  8.66201e-20 -5.74183e-06 -9.57897e-20  1.20679e-05  8.36673e-20 -4.43762e-06 -5.39958e-20 -2.37663e-06  2.10378e-20  2.32744e-06  2.43663e-21  2.01111e-07 -1.67133e-20  -7.7036e-07  3.11105e-20  1.64617e-08 -4.85216e-20  2.21969e-07  5.99963e-20  2.28689e-10 -5.67289e-20 -5.81002e-08  4.12418e-20 -7.01101e-09 -2.32836e-20  1.25293e-08  9.81784e-21  4.03281e-09  -2.3812e-21 -1.69009e-09  -1.7169e-22 -1.22653e-09  5.74139e-23 -3.57119e-11  3.95824e-22  1.99065e-10 -2.50599e-22  6.91327e-11 -3.65031e-23  -6.3658e-12  5.73707e-23 -1.15684e-11  2.33344e-23 -3.24024e-12 -2.81987e-23  1.78002e-13  1.95331e-24  3.99936e-13  3.25522e-24  1.24231e-13 -5.82622e-25   9.3503e-15    5.261e-25 -6.25992e-15 -2.05772e-25 -2.73097e-15  -2.6195e-25 -5.10763e-16  8.10919e-26 -1.55266e-17  5.87438e-26  1.89346e-17   -9.603e-27  6.03288e-18 -9.17949e-27  9.80547e-19 -3.37194e-28   7.2981e-20  9.50215e-28 -6.70992e-21  1.70295e-28 -2.93263e-21 -4.15282e-29 -4.72424e-22 -4.86212e-30 -4.62594e-23 -6.01671e-31 -2.55443e-24 -5.07425e-31  7.18117e-28  -3.2972e-32  1.43489e-26  9.99581e-33  1.40221e-27   1.9146e-33  7.30928e-29  1.27558e-34  2.18365e-30  1.46042e-36  3.19455e-32 -2.04095e-37  1.17055e-34
 1.46526e-14 -7.92428e-29 -8.96311e-13  1.47153e-27  2.14651e-11 -1.13561e-26  -3.1096e-10  3.77683e-26  3.14432e-09  5.95159e-26 -2.38365e-08 -1.32094e-24  1.41265e-07  7.57116e-24 -6.71977e-07 -2.67695e-23  2.60948e-06  6.25551e-23 -8.35859e-06 -6.89387e-23  2.21986e-05 -2.01869e-22 -4.88952e-05  1.59255e-21  8.88697e-05 -6.22297e-21  -0.00013166  1.79487e-20  0.000155183 -4.12807e-20 -0.000138532   7.7763e-20  8.28289e-05 -1.21178e-19 -1.80905e-05  1.55822e-19 -1.92307e-05 -1.62432e-19  1.90124e-05  1.31725e-19  -2.5686e-06 -7.59457e-20 -5.74355e-06  2.32587e-20  2.66348e-06  6.56875e-21  1.29024e-06 -2.02813e-20 -1.03135e-06  3.80658e-20 -3.07007e-07 -6.42421e-20  3.01797e-07  8.17094e-20  9.58728e-08 -7.60053e-20 -6.99006e-08   5.2666e-20 -3.30417e-08 -2.74438e-20  1.05082e-08  9.99936e-21  9.46505e-09 -1.42207e-21  1.14591e-10 -7.19802e-22 -1.80016e-09 -6.25153e-23  -5.4458e-10  6.58348e-22  1.33938e-10 -2.80041e-22  1.28597e-10 -1.32988e-22  2.41153e-11  9.46782e-23 -8.71296e-12  4.21507e-23 -6.00421e-12 -4.04704e-23 -1.16528e-12  5.68146e-26  1.91442e-13  5.27932e-24  1.73769e-13 -5.25375e-25   4.4816e-14  4.34662e-25  2.56742e-15 -2.09753e-25 -2.06212e-15 -2.94581e-25 -8.10327e-16   7.9607e-26 -1.46771e-16  6.85992e-26 -7.91764e-18 -8.19201e-27  3.30779e-18 -1.06156e-26  1.12674e-18 -6.46371e-28  1.88179e-19  1.07644e-27  1.75813e-20  1.76696e-28  2.06629e-22 -3.83527e-29 -2.22412e-22 -3.90815e-30 -4.03064e-23 -4.56167e-31 -4.04842e-24 -4.63103e-31 -2.55817e-25 -5.62071e-32 -8.73585e-27  4.49406e-33  3.35983e-29  1.56585e-33  1.88311e-29  1.32801e-34  8.38547e-31  2.06092e-36  1.43877e-32 -1.14051e-37
 1.48779e-29  1.69577e-13  -5.8876e-28 -5.97557e-12  6.72347e-27  1.10521e-10 -3.19324e-26 -1.34806e-09 -7.59394e-27  1.19646e-08  1.07334e-24 -8.15623e-08 -7.77944e-24  4.41441e-07  3.34188e-23 -1.93771e-06 -9.95106e-23  6.99242e-06  2.04189e-22  -2.0908e-05 -2.01869e-22  5.19605e-05 -5.37826e-22  -0.00010714  3.90147e-21  0.000181928  -1.4133e-20 -0.000250402  3.80411e-20  0.000270894  -8.2145e-20  -0.00021576  1.46126e-19   0.00010482 -2.16013e-19 -1.20771e-06  2.63795e-19 -4.09022e-05 -2.59562e-19  2.46374e-05  1.94643e-19  3.39726e-06 -9.79731e-20 -1.00637e-05  2.00796e-20  1.69269e-06  1.19161e-20  2.96578e-06 -1.94557e-20 -9.07167e-07  4.07083e-20 -8.37217e-07 -7.99704e-20  2.58223e-07  1.06214e-19  2.42542e-07  -9.7274e-20 -4.11143e-08   6.4058e-20  -6.5449e-08 -3.05112e-20 -2.83204e-09  9.11455e-21  1.35907e-08  1.09801e-22  4.00827e-09 -1.33918e-21 -1.47806e-09 -3.28574e-22 -1.15638e-09  1.00039e-21 -1.23259e-10  -2.8274e-22  1.36019e-10 -2.64419e-22  6.40818e-11  1.35126e-22  4.86041e-12  6.70194e-23 -5.86591e-12 -5.38471e-23 -2.62049e-12 -2.58637e-24 -3.60904e-13  7.48091e-24  1.03296e-13 -4.24312e-25  6.43279e-14   2.9242e-25  1.45636e-14 -1.95397e-25  7.95898e-16 -3.13603e-25 -5.43212e-16   7.3152e-26 -2.03341e-16  7.52135e-26 -3.65334e-17 -6.16137e-27 -2.82317e-18 -1.16722e-26   3.6906e-19 -8.43451e-28  1.59151e-19  1.14505e-27   2.7451e-20  1.73113e-28  2.84385e-21 -3.37705e-29  1.47564e-22  -2.7774e-30 -5.90058e-24 -1.82861e-31 -1.99349e-24 -3.92214e-31 -2.05484e-25 -6.68567e-32 -1.25229e-26  3.45872e-34 -4.63351e-28  1.10103e-33 -8.73479e-30  1.03563e-34 -1.80091e-32  1.48022e-36  1.14662e-33
-2.07746e-14  1.64548e-28  1.31962e-12 -3.24278e-27 -3.28505e-11   2.3213e-26  4.95247e-10 -3.54335e-26 -5.21779e-09 -6.60749e-25  4.12705e-08  6.55853e-24 -2.55582e-07 -3.44649e-23  1.27265e-06   1.2405e-22 -5.18375e-06 -3.24363e-22  1.74585e-05  5.97637e-22 -4.88952e-05 -5.37826e-22  0.000113999 -1.31716e-21 -0.000220422  8.84739e-21  0.000349895 -2.98424e-20 -0.000446946   7.5174e-20  0.000441733 -1.52777e-19 -0.000308918  2.57373e-19  0.000111231 -3.62186e-19  3.68578e-05  4.21472e-19 -6.94631e-05 -3.91964e-19  2.44743e-05  2.70204e-19  1.48399e-05  -1.1424e-19 -1.38904e-05  7.81675e-21 -1.49254e-06  1.69891e-20   4.8223e-06 -9.66583e-21 -3.77355e-08  3.51125e-20  -1.4422e-06 -9.36054e-20  -1.8262e-08  1.32163e-19  3.89245e-07 -1.19217e-19  5.18734e-08  7.43857e-20 -8.59379e-08 -3.19807e-20  -2.9184e-08  7.04797e-21  1.16246e-08  2.14991e-21  8.94008e-09 -1.93997e-21  3.87824e-10 -7.67232e-22 -1.44559e-09  1.40268e-21 -5.33399e-10 -2.49933e-22  3.61913e-11  -4.2288e-22   8.6223e-11  1.74694e-22   2.6036e-11   9.5803e-23  -6.0748e-13 -6.72033e-23 -2.94326e-12 -5.51112e-24 -9.93704e-13  9.69875e-24  -1.0047e-13  -3.6987e-25  4.06151e-14  9.69682e-26  2.04444e-14 -1.52734e-25  4.25543e-15 -3.11833e-25  2.72156e-16   6.1359e-26 -1.10449e-16  7.76972e-26 -4.19461e-17 -4.02312e-27 -7.56922e-18 -1.21826e-26 -7.23058e-19 -8.79712e-28  8.04563e-21  1.15746e-27  1.54452e-20   1.6022e-28  2.85432e-21 -2.91012e-29  3.06703e-22 -1.61343e-30  2.02971e-23  1.53477e-31  5.67921e-25 -2.99224e-31 -3.55351e-26 -6.58629e-32 -4.99107e-27 -2.15414e-33 -2.70352e-28  6.62274e-34 -7.66626e-30   6.3449e-35  -9.6158e-32  6.44951e-37
-2.38072e-29 -2.16901e-13  1.17199e-27  7.96616e-12 -1.36769e-26 -1.53715e-10  5.10146e-26  1.95819e-09  2.69371e-25 -1.81735e-08 -4.49404e-24  1.29721e-07   2.9716e-23  -7.3629e-07 -1.28782e-22  3.39544e-06  4.05197e-22 -1.28999e-05 -9.50031e-22  4.07134e-05  1.59255e-21  -0.00010714 -1.31716e-21  0.000234907  -2.9867e-21 -0.000426567  1.86677e-20  0.000633223 -5.87994e-20 -0.000749403  1.38861e-19  0.000672209 -2.66083e-19 -0.000402547  4.25692e-19  8.39546e-05 -5.72492e-19  0.000101831  6.37278e-19 -9.91251e-05 -5.60879e-19   1.2651e-05  3.52391e-19   3.1552e-05 -1.16405e-19 -1.46393e-05 -1.74138e-20 -7.38021e-06  1.90786e-20  5.94249e-06  1.45864e-20  1.81173e-06     1.72e-20 -1.80958e-06 -1.02967e-19 -5.83364e-07  1.57869e-19  4.34942e-07 -1.40279e-19  2.08204e-07  8.26927e-20 -6.76159e-08 -3.15474e-20  -6.1685e-08  3.84036e-21 -8.35807e-10  4.54727e-21  1.20385e-08 -2.41706e-21  3.73783e-09 -1.37655e-21 -8.88128e-10  1.82871e-21 -8.91218e-10 -1.79521e-22 -1.76808e-10 -5.93044e-22  5.76842e-11  2.09917e-22  4.24836e-11  1.24666e-22  8.87762e-12 -7.94892e-23 -1.10805e-12 -7.96287e-24 -1.20696e-12  1.18059e-23 -3.34073e-13 -4.82659e-25 -2.70736e-14 -1.60376e-25   1.2458e-14 -7.25507e-26  5.54649e-15 -2.84178e-25  1.10007e-15  4.51565e-26  8.74469e-17  7.57072e-26 -1.57838e-17 -2.33327e-27 -6.81688e-18 -1.20641e-26 -1.24627e-18 -7.35431e-28 -1.33395e-19  1.12628e-27 -5.64294e-21  1.40012e-28  8.01066e-22 -2.53107e-29  1.91398e-22 -5.96442e-31  2.08201e-23  4.81824e-31  1.40922e-24 -1.96643e-31   5.7568e-26 -5.64885e-32  9.39826e-28 -3.10403e-33 -2.89374e-29  3.32586e-34 -1.66795e-30  2.97445e-35 -1.99338e-32
