 3.13844e-14   3.8201e-30 -8.23025e-13  -1.9294e-28  8.11019e-12  2.91093e-27 -4.60673e-11 -2.49146e-26  1.72332e-10  1.45629e-25 -4.49636e-10  -6.3227e-25  8.34906e-10  2.12928e-24 -1.09175e-09 -5.68749e-24  9.48919e-10  1.21583e-23 -4.46113e-10 -2.07514e-23  -2.0284e-11  2.78084e-23  1.43259e-10 -2.80177e-23 -3.52753e-11  1.88465e-23 -3.48289e-11 -4.58901e-24  1.19406e-11  -5.5943e-24  9.50843e-12  5.55384e-24 -2.15075e-12  2.31214e-24 -2.68273e-12 -1.04067e-23  -5.9566e-14  1.35869e-23  5.93649e-13 -1.20115e-23  1.89729e-13  8.20935e-24 -6.03758e-14 -4.21604e-24 -5.93388e-14  1.24343e-24 -1.14308e-14   1.7913e-25  6.00559e-15  -3.9458e-25  4.46968e-15  2.00845e-25  9.75054e-16 -9.06697e-26 -2.44887e-16  9.47308e-26 -2.49708e-16 -1.08578e-25 -8.09406e-17  9.28153e-26 -5.67514e-18 -5.82605e-26  6.90828e-18  2.46758e-26  3.76948e-18 -4.96256e-27  1.00027e-18 -1.14245e-27   9.0969e-20  1.16348e-27  -4.7159e-20 -3.68804e-28 -2.75811e-20  2.36716e-29 -8.12241e-21  4.21487e-29 -1.46794e-21 -2.69595e-29 -8.49822e-23  6.63288e-30  4.90052e-23  1.15932e-30  2.23967e-23 -9.87704e-31  5.74093e-24 -6.61069e-32  1.04524e-24  1.66881e-31   1.3186e-25 -3.66494e-32  7.22523e-27 -4.05144e-33 -1.60191e-27  2.73792e-33 -6.17169e-28 -2.43327e-34 -1.24615e-28  3.17588e-35 -1.85777e-29   1.9424e-36 -2.18554e-30 -9.48228e-36 -2.03272e-31  1.98737e-36 -1.41446e-32  5.45012e-37 -5.77036e-34 -1.31038e-37  1.44533e-35 -1.58365e-38  5.27378e-36  3.84478e-39  5.62124e-37  3.78531e-40  3.96792e-38 -3.24996e-41  2.04358e-39 -3.54353e-42  7.71999e-41  7.53912e-44  2.21503e-42  1.67373e-44  4.09577e-44  1.13896e-46  3.49904e-46 -1.16749e-47
  3.8201e-30  1.19863e-12  1.11137e-28 -1.77872e-11 -3.89334e-27   1.3264e-10  4.70714e-26 -6.19444e-10 -3.42859e-25  1.97663e-09  1.76336e-24 -4.47453e-09 -6.87782e-24  7.23525e-09  2.10899e-23 -8.14248e-09 -5.17375e-23  5.81312e-09  1.02078e-22 -1.76047e-09 -1.60977e-22 -8.42745e-10   1.9841e-22  8.51588e-10 -1.80681e-22  3.90499e-11  1.02688e-22  -2.4683e-10 -6.04908e-24 -2.22056e-12 -4.79563e-23  6.52863e-11  3.27577e-23  8.19393e-12  2.17758e-23 -1.45788e-11  -6.5692e-23 -5.25393e-12  7.59659e-23  1.86326e-12 -6.17917e-23  1.71229e-12  3.97096e-23  2.01396e-13 -1.91133e-23 -2.62175e-13  4.67801e-24 -1.40513e-13  1.62508e-24 -1.12811e-14  -1.9967e-24  1.87956e-14  7.21825e-25   1.0038e-14 -1.85562e-25  1.68223e-15  3.05888e-25  -6.4897e-16 -4.34586e-25 -5.19269e-16  3.80202e-25 -1.58298e-16 -2.31472e-25 -1.27103e-17  9.27969e-26   1.1189e-17 -1.60424e-26  6.31148e-18 -5.61037e-27  1.77672e-18  4.61433e-27  2.40428e-19 -1.35909e-27 -3.57885e-20  6.83306e-29 -3.20997e-20  1.55867e-28 -1.06791e-20  -9.6426e-29 -2.29141e-21  2.27065e-29 -2.95818e-22  5.99119e-30  2.90261e-24 -4.43317e-30  1.38478e-23 -1.67063e-31  4.51279e-24  6.04974e-31  9.58198e-25 -1.17778e-31  1.51706e-25  -1.7632e-32  1.76328e-26  7.67634e-33  1.19454e-27 -7.07422e-35  -5.4786e-29  2.37079e-34 -3.32449e-29 -3.79484e-35 -6.35102e-30 -3.46981e-35 -8.48723e-31  8.39209e-36   -8.869e-32  1.89999e-36 -7.45001e-33 -4.15257e-37 -5.00783e-34 -5.20703e-38 -2.60081e-35  1.02348e-38 -9.46175e-37  1.16888e-39 -1.61427e-38 -5.97041e-41   5.2863e-40 -9.20913e-42  5.18692e-41  3.94189e-44  2.06441e-42  2.81349e-44  4.04483e-44  5.21348e-47  2.31564e-46
-8.23025e-13  1.11137e-28  2.24631e-11     1.83e-27 -2.30961e-10 -4.86777e-26  1.37304e-09  4.88127e-25 -5.39664e-09 -3.08234e-24   1.4871e-08  1.41141e-23 -2.93836e-08 -4.98579e-23  4.13929e-08  1.40009e-22 -3.97379e-08 -3.16751e-22  2.23567e-08  5.78409e-22  -2.3288e-09    -8.44e-22 -5.81918e-09  9.55995e-22  2.63136e-09 -7.81266e-22  1.16839e-09   3.5805e-22 -8.60129e-10  7.32788e-23  -3.1466e-10 -2.49932e-22  2.05129e-10  1.21901e-22  1.08213e-10  1.24965e-22 -2.91751e-11 -2.80467e-22 -3.24856e-11  2.88914e-22 -2.71019e-12 -2.16975e-22  6.10597e-12  1.31766e-22  2.70529e-12 -5.94921e-23  -1.6799e-13  1.12312e-23 -5.68535e-13  7.85019e-24 -2.08024e-13 -6.81728e-24  4.59017e-15  1.50415e-24  3.46667e-14  1.88012e-25  1.49743e-14  5.86827e-25  2.03381e-15 -1.20099e-24 -1.01048e-15  1.07441e-24 -7.12215e-16 -6.33997e-25 -2.12572e-16  2.41506e-25 -2.19751e-17 -3.55848e-26  1.07961e-17 -1.74693e-26  6.75815e-18  1.24154e-26  2.04427e-18 -3.46987e-27  3.55678e-19  1.64169e-28  5.41832e-21  3.89404e-28 -2.02708e-20 -2.46698e-28 -8.17913e-21  5.92613e-29 -2.01245e-21  1.90722e-29 -3.43075e-22 -1.33777e-29 -3.43044e-23 -3.62707e-31  1.44964e-24  1.53652e-30  1.57529e-24  -2.5262e-31  4.22285e-25 -5.26298e-32  7.74931e-26  1.34192e-32  1.09323e-26  1.81283e-33  1.19624e-27   9.5236e-34  9.41565e-29 -1.93479e-34  3.38513e-30 -8.84498e-35 -4.14789e-31  2.35872e-35  -1.0249e-31  4.67523e-36 -1.27564e-32 -8.99475e-37 -1.14876e-33 -1.18518e-37 -8.01948e-35  1.85172e-38 -4.39324e-36  2.42127e-39 -1.86768e-37  -6.5146e-41 -6.01443e-39  -1.5111e-41 -1.36297e-40 -5.99546e-44 -1.75051e-42  2.62706e-44 -8.42392e-45 -9.83384e-47
 -1.9294e-28 -1.77872e-11     1.83e-27  2.75382e-10  2.08644e-26 -2.14839e-09 -4.43945e-25  1.05328e-08  3.78386e-24 -3.54395e-08 -2.10204e-23  8.51089e-08  8.65498e-23 -1.47346e-07 -2.78864e-22  1.80428e-07   7.2087e-22 -1.45485e-07 -1.50965e-21    5.928e-08  2.55788e-21  1.08645e-08 -3.45735e-21 -2.31275e-08  3.59347e-21  3.34281e-09 -2.60843e-21   6.2223e-09  8.79801e-22  -1.3615e-09  5.85596e-22 -1.73046e-09 -9.60244e-22  1.98343e-10  3.25441e-22   4.7034e-10  5.23388e-22  5.07342e-11 -9.32268e-22 -9.68547e-11   8.6115e-22 -4.01962e-11 -6.00186e-22  7.32002e-12  3.46952e-22   1.0829e-11 -1.47162e-22  2.76961e-12  1.83824e-23 -8.61625e-13  2.72246e-23 -8.47283e-13 -1.82705e-23 -2.29025e-13  1.46373e-24  2.87605e-14  2.51193e-24  4.64571e-14  6.00771e-25  1.74217e-14 -2.64678e-24  2.10536e-15  2.41333e-24  -1.1057e-15 -1.38247e-24 -7.41296e-16   5.0392e-25 -2.23546e-16 -6.29645e-26 -2.98647e-17 -4.11002e-26   6.4129e-18  2.61678e-26  5.17531e-18 -7.11824e-27  1.70971e-18  4.32232e-28  3.53211e-19  7.49273e-28  3.59489e-20 -5.25105e-28 -5.71706e-21  1.36793e-28 -3.89785e-21  4.62984e-29 -1.12399e-21  -3.1855e-29 -2.24731e-22 -9.34473e-31 -3.25794e-23  3.15239e-30 -2.92949e-24 -4.05751e-31   4.6877e-26 -1.26451e-31  8.23048e-26  1.46153e-32  1.98426e-26  7.79638e-33  3.21893e-27  2.70904e-33  4.04234e-28 -5.62932e-34  4.05431e-29 -1.79806e-34  3.20807e-30   5.1727e-35  1.87088e-31  9.33122e-36  5.99367e-33 -1.53526e-36 -1.99669e-34 -2.14838e-37  -4.5722e-35   2.6203e-38 -3.73558e-36  3.87313e-39 -2.01025e-37  -3.8754e-41 -7.59442e-39 -1.77308e-41  -1.9352e-40 -1.21717e-43 -2.76226e-42  1.35515e-44  -1.4857e-44
 8.11019e-12 -3.89334e-27 -2.30961e-10  2.08644e-26  2.48407e-09  1.80222e-25 -1.54952e-08 -3.17362e-24  6.41508e-08  2.34197e-23 -1.87151e-07 -1.15841e-22  3.94343e-07  4.32579e-22 -5.99234e-07 -1.27935e-21  6.34307e-07  3.05872e-21 -4.18168e-07 -5.95001e-21  9.85591e-08  9.37581e-21  8.10535e-08 -1.17486e-20 -6.15197e-08  1.11789e-20 -9.44268e-09 -7.09943e-21  1.93117e-08  1.39795e-21  1.94838e-09  2.61025e-21 -5.19899e-09 -2.94683e-21 -1.10606e-09  6.24534e-22   1.1241e-09  1.73619e-21  5.23481e-10 -2.55713e-21  -1.1961e-10   2.1315e-21 -1.53591e-10 -1.38796e-21 -2.73017e-11  7.71206e-22  2.09187e-11 -3.07906e-22  1.35034e-11  1.55561e-23  1.78511e-12  7.57551e-23 -1.55845e-12 -4.10106e-23 -9.80003e-13 -2.60288e-24 -2.04358e-13   9.7946e-24   4.7174e-14 -3.80419e-25  4.93037e-14 -4.92842e-24  1.69172e-14  4.55544e-24  2.05093e-15 -2.54706e-24  -8.9694e-16  8.97848e-25 -6.13941e-16 -9.48129e-26 -1.91516e-16 -7.86679e-26  -3.1686e-17  4.55838e-26  1.38666e-18 -1.24871e-26  2.84615e-18  1.21923e-27   1.0657e-18  1.14638e-27  2.50825e-19 -9.89646e-28  3.82614e-20  2.90825e-28  1.92199e-21  9.41476e-29 -9.66866e-22 -6.41186e-29 -3.93921e-22 -2.68443e-30 -9.16116e-23  5.53779e-30 -1.56555e-23 -4.86631e-31  -2.0283e-24 -2.62635e-31 -1.83171e-25   2.7897e-33 -5.91313e-27  2.10984e-32  1.65525e-27  6.08085e-33  4.28423e-28  -1.2305e-33  6.31153e-29 -3.07903e-34  6.94147e-30  9.46981e-35  6.05272e-31  1.59395e-35  4.23302e-32 -2.19024e-36  2.34342e-33 -3.27855e-37  9.88573e-35   3.0593e-38  2.89923e-36  5.05025e-39  4.26862e-38  1.06654e-41  -7.2041e-40 -1.50879e-41 -4.79241e-41 -9.67152e-44 -7.29772e-43  2.24441e-45
 2.91093e-27   1.3264e-10 -4.86777e-26 -2.14839e-09  1.80222e-25  1.75838e-08  1.24173e-24 -9.07498e-08 -1.85364e-23  3.22842e-07  1.20166e-22 -8.24603e-07 -5.34643e-22  1.53167e-06  1.82449e-21 -2.04207e-06 -4.98157e-21  1.84975e-06  1.10639e-20 -9.48774e-07 -2.00563e-20  1.86102e-08   2.9455e-20  2.96741e-07 -3.42361e-20 -1.04846e-07  2.97221e-20 -6.82736e-08 -1.61396e-20  3.77467e-08  3.54757e-22  1.89545e-08   8.6883e-21 -9.05821e-09 -7.54013e-21 -6.20126e-09    7.128e-22  1.10128e-09  4.77832e-21  1.76933e-09 -5.97803e-21  2.48411e-10  4.52267e-21 -3.12049e-10 -2.77537e-21 -1.62764e-10  1.50105e-21  7.79061e-13 -5.65454e-22  3.13445e-11 -2.10448e-23  1.30633e-11  1.79081e-22  3.50286e-13 -7.99968e-23 -1.94324e-12 -1.69237e-23 -9.39002e-13  2.64926e-23 -1.58001e-13 -3.33001e-24  5.10434e-14 -7.97849e-24  4.32521e-14  7.42857e-24  1.41674e-14 -4.10147e-24  1.90115e-15  1.41739e-24 -5.31759e-16 -1.24866e-25 -4.09513e-16 -1.27405e-25 -1.34748e-16  6.68055e-26 -2.63258e-17 -1.93805e-26   -1.579e-18  3.23182e-27  1.02234e-18  1.34791e-27  4.86817e-19  -1.7031e-27  1.29498e-19  5.72275e-28  2.40366e-20  1.69429e-28  2.92373e-21 -1.13473e-28  7.94852e-23 -7.19159e-30 -6.90139e-23  8.60556e-30 -2.23203e-23 -3.70254e-31 -4.42278e-24 -4.91334e-31 -6.61426e-25 -3.03507e-32 -7.76934e-26  4.50544e-32  -6.9983e-27  1.13999e-32 -4.21382e-28 -2.22512e-33 -3.78086e-30 -4.58387e-34  2.97432e-30   1.5019e-34  4.65703e-31  2.39283e-35  4.48715e-32 -2.70291e-36  3.19155e-33 -4.33974e-37  1.73961e-34  3.00806e-38  7.22769e-36  5.50376e-39  2.20185e-37  6.27436e-41  4.48474e-39 -8.61277e-42  5.32954e-41 -3.14627e-44   2.7193e-43
-4.60673e-11  4.70714e-26  1.37304e-09 -4.43945e-25 -1.54952e-08  1.24173e-24   1.0173e-07  7.05528e-24 -4.44969e-07 -9.08911e-23  1.37834e-06  5.23794e-22 -3.10522e-06 -2.11493e-21   5.0994e-06  6.64121e-21 -5.94771e-06 -1.68307e-20  4.53153e-06  3.48681e-20 -1.62711e-06 -5.90869e-20  -5.2858e-07  8.10387e-20  7.55073e-07 -8.73931e-20 -5.43457e-08  6.88992e-20 -2.20338e-07  -3.0828e-20  3.19243e-08 -6.74406e-21  6.30074e-08  2.36202e-20  -3.1554e-09 -1.65055e-20 -1.70513e-08 -3.51435e-22  -2.7547e-09  1.12358e-20  3.41684e-09  -1.2158e-20  1.65393e-09  8.39314e-21 -2.02546e-10 -4.90905e-21 -4.21039e-10  2.62603e-21 -1.23449e-10 -9.36144e-22  2.89806e-11 -1.31682e-22   3.4496e-11  3.72226e-22  1.03484e-11 -1.38797e-22 -8.00796e-13 -5.05923e-23 -1.91215e-12  5.72607e-23 -7.76418e-13 -8.96367e-24 -1.12922e-13 -1.13651e-23  4.16021e-14  1.06085e-23  3.20108e-14 -5.91141e-24  1.03569e-14  2.03245e-24  1.60932e-15 -1.40893e-25 -2.00153e-16 -1.78415e-25  -2.1727e-16  8.11944e-26 -7.72368e-17 -2.71489e-26 -1.71669e-17  7.55786e-27 -2.13081e-18  9.70193e-28  1.24665e-19 -2.71633e-27  1.50865e-19  1.04016e-27  4.76871e-20  2.79769e-28  1.01219e-20 -1.81286e-28  1.58082e-21 -1.67894e-29  1.69549e-22  1.20897e-29  6.27039e-24   3.8042e-32 -2.22239e-24 -8.49042e-31 -6.75136e-25 -8.79018e-32 -1.18037e-25  8.20301e-32 -1.54802e-26  1.84751e-32 -1.61429e-27 -3.49599e-33 -1.34809e-28 -6.06366e-34 -8.77122e-30  2.11095e-34 -4.05038e-31  3.20214e-35 -8.48762e-33 -2.95884e-36  5.13502e-34 -5.08205e-37  6.55163e-35  2.46908e-38  3.76024e-36   5.0614e-39  1.34693e-37    9.809e-41  2.92825e-39 -2.10652e-42  3.23905e-41  6.65561e-45
-2.49146e-26 -6.19444e-10  4.88127e-25  1.05328e-08 -3.17362e-24 -9.07498e-08  7.05528e-24  4.94706e-07  3.38289e-23  -1.8669e-06 -3.81328e-22  5.08734e-06  1.97317e-21 -1.01652e-05  -7.2881e-21  1.47758e-05  2.11945e-20 -1.49858e-05 -5.01091e-20  9.32227e-06  9.72218e-20  -1.7061e-06 -1.54479e-19 -2.18867e-06  1.98251e-19  1.39911e-06 -1.98358e-19  3.35437e-07  1.41095e-19 -4.74102e-07 -4.87155e-20 -7.76332e-08 -2.93768e-20  1.31815e-07  5.47487e-20  3.56185e-08 -3.14086e-20 -2.85634e-08 -4.47764e-21 -1.53809e-08  2.30242e-20  2.73218e-09   -2.181e-20  4.39182e-09  1.38089e-20  9.12233e-10 -7.81526e-21 -5.76963e-10  4.21812e-21  -4.1048e-10 -1.42858e-21 -6.33183e-11 -3.72056e-22  4.52906e-11  6.95698e-22  3.08489e-11 -2.17261e-22  6.98583e-12 -1.13663e-22 -1.30312e-12  1.04443e-22 -1.57049e-12 -1.70285e-23 -5.68753e-13 -1.41975e-23 -7.86207e-14  1.33177e-23  2.63284e-14 -7.78463e-24  2.00905e-14  2.69323e-24  6.59561e-15 -1.16839e-25  1.18804e-15 -2.18053e-25 -5.85175e-18  7.52912e-26 -8.76011e-17 -3.46923e-26 -3.53014e-17  1.54602e-26  -8.7416e-18 -4.67944e-28 -1.44398e-18 -4.04156e-27 -1.10567e-19  1.74823e-27  2.25114e-20     4.34e-28  1.15487e-20 -2.66672e-28  2.86769e-21 -3.40362e-29  5.12932e-22  1.56105e-29  7.02831e-23  7.10068e-31  7.12411e-24 -1.37532e-30  4.18192e-25 -1.63754e-31 -1.81412e-26  1.32224e-31 -9.15179e-27  2.64808e-32  -1.5041e-27 -4.91382e-33 -1.72019e-28 -7.24185e-34 -1.52473e-29  2.66927e-34 -1.07527e-30  3.85137e-35 -6.01632e-32 -2.93653e-36  -2.6093e-33 -5.35025e-37 -8.32103e-35  1.58221e-38 -1.74549e-36  3.91854e-39 -1.74594e-38   1.0617e-40  5.67345e-41  1.33342e-42  2.15048e-42
 1.72332e-10 -3.42859e-25 -5.39664e-09  3.78386e-24  6.41508e-08 -1.85364e-23 -4.44969e-07  3.38289e-23  2.06399e-06  1.39187e-22  -6.8129e-06 -1.38797e-21  1.64645e-05  6.50506e-21 -2.92949e-05 -2.21417e-20   3.7664e-05  5.99971e-20  -3.2868e-05 -1.32985e-19   1.5798e-05  2.42595e-19  7.71284e-07 -3.62543e-19 -5.69171e-06  4.36219e-19   1.7015e-06 -4.04812e-19  1.43073e-06  2.57483e-19 -6.79059e-07 -5.97631e-20 -4.09848e-07 -8.33648e-20  1.68593e-07  1.10934e-19  1.33908e-07 -5.24385e-20 -1.91162e-08 -1.45548e-20 -3.82958e-08  4.16902e-20 -6.27575e-09 -3.48324e-20  6.77501e-09  2.03271e-20  3.77977e-09 -1.13633e-20   3.9834e-11   6.3383e-21 -7.28582e-10 -2.04994e-21 -3.17559e-10 -8.07095e-22  -1.1995e-11  1.18697e-21  4.70903e-11   -3.087e-22  2.35991e-11 -2.13553e-22  4.18673e-12  1.65071e-22 -1.23048e-12 -2.57988e-23 -1.10682e-12 -1.51299e-23 -3.74419e-13  1.46007e-23 -5.40471e-14 -9.57237e-24   1.2579e-14  3.33452e-24  1.06077e-14 -2.59349e-27  3.61524e-15 -2.31709e-25  7.40491e-16  3.25312e-26  5.75148e-17 -4.05362e-26 -2.33416e-17    2.792e-26 -1.23281e-17 -3.44203e-27 -3.41616e-18 -5.62669e-27 -6.61156e-19  2.73066e-27  -8.7526e-20  6.40798e-28  -4.7784e-21 -3.66898e-28  1.27174e-21 -6.06294e-29  4.95837e-22  1.87863e-29  1.03664e-22  1.41915e-30  1.60138e-23 -2.10402e-30  1.94596e-24 -2.42521e-31  1.85637e-25  1.92719e-31  1.30124e-26     3.41e-32   4.8719e-28 -6.29345e-33 -2.51395e-29    -7.89e-34 -6.57536e-30  3.07054e-34 -6.90389e-31  4.18708e-35 -4.96276e-32 -2.69541e-36 -2.64052e-33 -5.14177e-37 -1.04093e-34   5.6943e-39 -2.90886e-36  2.51338e-39 -5.28985e-38  8.77994e-41 -5.07814e-40  1.47158e-42
 1.45629e-25  1.97663e-09 -3.08234e-24 -3.54395e-08  2.34197e-23  3.22842e-07 -9.08911e-23  -1.8669e-06  1.39187e-22  7.50456e-06  4.97514e-22 -2.19034e-05 -4.42826e-21  4.72432e-05   1.8945e-20 -7.50413e-05 -5.98434e-20  8.50877e-05  1.51998e-19 -6.27768e-05 -3.17398e-19  2.06645e-05  5.46569e-19  9.20944e-06 -7.70681e-19 -1.10848e-05  8.71179e-19  3.44334e-07   -7.494e-19  3.45977e-06  4.20926e-19  -3.9064e-07 -4.25905e-20 -1.02716e-06 -1.89882e-19  2.75269e-08  1.99692e-19  2.85573e-07 -7.70601e-20  5.12655e-08 -3.38225e-20 -5.88048e-08  6.73657e-20 -2.98112e-08 -4.98104e-20   3.5047e-09  2.69126e-20   7.7789e-09 -1.52905e-20  2.32955e-09  9.06027e-21 -5.56506e-10 -2.81492e-21 -6.71733e-10 -1.50079e-21 -2.03624e-10  1.86722e-21  1.65936e-11 -3.96935e-22  3.89523e-11 -3.50746e-22  1.59586e-11  2.28883e-22  2.34537e-12 -3.22464e-23 -8.70467e-13 -1.25148e-23 -6.77407e-13  1.36502e-23 -2.22162e-13 -1.12792e-23 -3.55573e-14  3.87881e-24  3.89285e-15  2.81493e-25  4.60254e-15 -2.08839e-25  1.67187e-15 -6.30684e-26  3.81002e-16 -4.29479e-26  5.05132e-17  4.50641e-26 -1.38913e-18 -8.31073e-27 -2.97422e-18  -7.3479e-27 -9.84376e-19  3.99105e-27 -2.14606e-19  9.04009e-28  -3.4637e-20 -4.78075e-28 -3.99473e-21  -9.6014e-29 -2.30417e-22  2.13467e-29   2.8028e-23  1.73688e-30  1.11762e-23 -3.04859e-30  2.06531e-24 -3.04462e-31  2.76862e-25  2.57153e-31  2.92585e-26  3.98687e-32  2.48297e-27 -7.42947e-33  1.67179e-28 -7.86608e-34  8.51328e-30  3.24487e-34  2.82812e-31  4.13933e-35  1.78627e-33 -2.32453e-36 -4.45132e-34 -4.57811e-37  -3.0074e-35 -3.20498e-39 -1.02257e-36  1.28487e-39 -1.89957e-38  5.43046e-41 -1.34977e-40
-4.49636e-10  1.76336e-24   1.4871e-08 -2.10204e-23 -1.87151e-07  1.20166e-22  1.37834e-06 -3.81328e-22  -6.8129e-06  4.97514e-22  2.40747e-05  1.55908e-21 -6.26781e-05 -1.24777e-20  0.000121259  4.90838e-20 -0.000172137 -1.44888e-19  0.000171149  3.47019e-19 -0.000103607 -6.86063e-19  1.57739e-05  1.11984e-18  2.75309e-05 -1.49489e-18 -1.64081e-05   1.5911e-18  -4.7052e-06 -1.26762e-18  5.96379e-06  6.17621e-19  1.11949e-06  3.62424e-20 -1.74033e-06 -3.70744e-19 -4.97889e-07  3.22863e-19  3.95143e-07 -9.92606e-20   2.1832e-07 -6.45467e-20 -4.06357e-08  9.78239e-20 -6.50137e-08 -6.39059e-20 -1.32184e-08  3.20618e-20  9.13719e-09 -1.92807e-20  6.39337e-09  1.24986e-20  9.28256e-10 -3.74743e-21 -7.64167e-10 -2.50493e-21 -5.06865e-10  2.72484e-21 -1.11296e-10 -4.54318e-22  2.43936e-11   -5.154e-22  2.72773e-11  2.78928e-22   9.7548e-12 -3.30625e-23  1.29937e-12 -4.72326e-24  -4.8659e-13   1.0157e-23 -3.60176e-13 -1.31263e-23 -1.17934e-13  4.24467e-24 -2.13217e-14  8.37019e-25  6.24699e-17 -1.47788e-25  1.55905e-15 -2.21723e-25  6.33441e-16 -4.00085e-26  1.58477e-16  6.57474e-26  2.67803e-17 -1.52424e-26  2.28843e-18 -9.03228e-27 -3.21235e-19  5.49364e-27    -1.89e-19  1.21429e-27 -4.82102e-20  -5.9548e-28 -8.76244e-21 -1.36246e-28 -1.22558e-21  2.32115e-29  -1.2995e-22  1.13763e-30 -9.02598e-24 -4.18392e-30 -3.38699e-26  -3.3347e-31  1.04149e-25  3.16308e-31  1.90369e-26  4.25648e-32  2.22475e-27 -8.13942e-33  1.96562e-28 -7.12323e-34  1.36567e-29  3.18359e-34  7.47546e-31   3.7548e-35  3.15998e-32 -1.89579e-36  9.87186e-34 -3.81912e-37  2.10343e-35 -8.79757e-39  2.59594e-37  4.77278e-40  1.05314e-39  2.19769e-41
 -6.3227e-25 -4.47453e-09  1.41141e-23  8.51089e-08 -1.15841e-22 -8.24603e-07  5.23794e-22  5.08734e-06 -1.38797e-21 -2.19034e-05  1.55908e-21  6.88276e-05   4.3112e-21 -0.000160993 -3.12148e-20  0.000280429  1.13701e-19 -0.000355631 -3.15878e-19   0.00030704   7.1784e-19 -0.000144335 -1.35056e-18 -1.23744e-05  2.09879e-18  5.73759e-05 -2.66236e-18 -1.64423e-05  2.67493e-18 -1.52353e-05 -1.97157e-18   7.1768e-06   8.1159e-19  4.50415e-06  2.17272e-19 -1.91107e-06 -6.40094e-19 -1.52461e-06  4.72345e-19  2.45879e-07 -1.10197e-19  4.59647e-07 -1.06432e-19  6.84204e-08  1.28285e-19 -8.80467e-08 -7.33378e-20 -4.70985e-08  3.40916e-20  8.18457e-10  -2.3061e-20  9.97838e-09  1.68203e-20  4.14701e-09 -4.86335e-21  3.98667e-11 -3.84932e-21 -6.90387e-10  3.69974e-21 -3.29986e-10 -4.42842e-22 -5.33931e-11 -6.86421e-22   2.0424e-11  2.95418e-22  1.66392e-11 -2.61843e-23  5.46002e-12   9.4296e-24  7.33812e-13   4.5106e-24 -2.12655e-13 -1.55302e-23 -1.64637e-13  4.36774e-24 -5.51256e-14  1.76255e-24 -1.11694e-14 -5.92899e-26 -8.43363e-16 -4.42541e-25  3.59626e-16 -2.95235e-26  1.87507e-16  8.75744e-26  5.18576e-17 -2.41913e-26  1.00803e-17 -1.05053e-26  1.36199e-18  7.15209e-27   8.6102e-20  1.53899e-27 -1.53726e-20 -7.13248e-28 -6.63847e-21 -1.73801e-28 -1.41206e-21  2.45172e-29 -2.19369e-22  -8.0337e-31 -2.68092e-23 -5.43119e-30  -2.5971e-24 -3.23964e-31 -1.91374e-25  3.59734e-31 -9.06187e-27  4.14941e-32  5.40826e-30    -8.31e-33  5.17766e-29 -5.71865e-34  5.98741e-30  2.93717e-34  4.28177e-31  3.17139e-35  2.17485e-32 -1.45173e-36  7.91018e-34 -2.98999e-37  1.96019e-35 -1.02156e-38  2.89898e-37   9.4463e-41  1.63279e-39
 8.34906e-10 -6.87782e-24 -2.93836e-08  8.65498e-23  3.94343e-07 -5.34643e-22 -3.10522e-06  1.97317e-21  1.64645e-05 -4.42826e-21 -6.26781e-05   4.3112e-21   0.00017682  1.05624e-20 -0.000373822 -6.95402e-20  0.000587857  2.36247e-19 -0.000664521 -6.22445e-19  0.000490312  1.35099e-18   -0.0001589 -2.43219e-18 -7.94265e-05  3.61585e-18  9.37468e-05 -4.37719e-18 -2.82404e-06  4.16393e-18 -3.08216e-05 -2.83565e-18  3.89638e-06  9.46594e-19  9.57991e-06  5.36861e-19 -4.72465e-07  -9.9487e-19 -2.82328e-06  6.28221e-19 -4.36422e-07  -1.0056e-19  6.34048e-07  -1.5564e-19  2.98394e-07  1.52447e-19 -5.14999e-08 -7.43567e-20  -8.6885e-08  3.14636e-20 -2.34246e-08 -2.64803e-20  7.84232e-09  2.22221e-20  7.94501e-09 -6.12876e-21  2.19644e-09 -5.53412e-21 -3.21054e-10  4.67501e-21 -4.99513e-10 -3.20637e-22 -1.91647e-10 -8.33944e-22 -2.36033e-11  2.61877e-22  1.30014e-11  -1.2061e-23  8.94966e-12  3.03074e-23  2.80596e-12  -2.2779e-24  4.13058e-13  -1.8992e-23 -6.62698e-14  4.23383e-24 -6.32045e-14  3.11455e-24  -2.2174e-14  3.19362e-26 -4.95045e-15 -7.10044e-25 -6.38724e-16 -8.74085e-27  2.28185e-17  1.07493e-25  3.92146e-17 -3.48816e-26  1.27528e-17 -1.16392e-26  2.75785e-18  8.81396e-27  4.44396e-19  1.81485e-27  5.19356e-20 -8.23888e-28  3.32049e-21 -1.98833e-28 -2.50237e-22  2.55838e-29 -1.19671e-22  -4.1896e-30 -2.24702e-23 -6.65357e-30 -2.99987e-24 -2.82889e-31 -3.13807e-25  3.78184e-31 -2.63391e-26  3.66094e-32 -1.76329e-27 -7.93442e-33 -9.10965e-29 -3.82993e-34 -3.32868e-30  2.58721e-34 -6.19497e-32   2.5475e-35  1.27522e-33 -1.02149e-36   1.3345e-34 -2.16795e-37  4.29853e-36  -8.2311e-39  6.06375e-38 -1.07868e-41
 2.12928e-24  7.23525e-09 -4.98579e-23 -1.47346e-07  4.32579e-22  1.53167e-06 -2.11493e-21 -1.01652e-05  6.50506e-21  4.72432e-05 -1.24777e-20 -0.000160993  1.05624e-20  0.000411072  2.29627e-20 -0.000789434 -1.38049e-19   0.00112263  4.40874e-19  -0.00112616 -1.11113e-18   0.00069152  2.32011e-18 -0.000105997 -4.02098e-18 -0.000195019  5.75011e-18  0.000121133 -6.67589e-18  3.31493e-05  6.03484e-18 -4.65787e-05 -3.79185e-18 -7.50625e-06  9.57625e-19  1.44737e-05  1.01237e-18  3.61209e-06 -1.40815e-18 -3.60424e-06  7.61226e-19 -1.78317e-06 -6.40915e-20  4.73972e-07  -2.0528e-19  5.96355e-07  1.64661e-19  9.46847e-08 -6.43104e-20 -9.92709e-08  2.30114e-20 -6.08004e-08  -2.9565e-20   -6.023e-09  2.88636e-20   8.8969e-09 -7.40295e-21  5.18512e-09 -7.52231e-21  9.56603e-10  5.48356e-21 -3.52366e-10 -5.42769e-23 -3.08967e-10 -9.25162e-22 -1.01721e-10  1.71181e-22 -1.04357e-11  6.10287e-24  6.69971e-12  5.73021e-23  4.24754e-12 -8.92235e-24  1.31355e-12  -2.3922e-23  2.19085e-13  3.91214e-24 -8.63036e-15  4.86541e-24 -1.94775e-14  8.75717e-26 -7.44193e-15 -9.94533e-25 -1.80636e-15  2.59061e-26 -2.97039e-16  1.22821e-25 -2.39235e-17 -4.67336e-26  3.90375e-18 -1.23708e-26  2.12847e-18  1.02491e-26  5.30841e-19  1.94977e-27  9.50829e-20 -9.18475e-28  1.31742e-20 -2.01839e-28   1.3976e-21   2.6818e-29  1.00901e-22 -8.66302e-30  1.74292e-24 -7.67011e-30 -8.28144e-25 -2.25774e-31 -1.59679e-25  3.66224e-31 -1.85016e-26   2.8483e-32 -1.59171e-27  -7.1214e-33 -1.06494e-28 -1.75018e-34 -5.55689e-30   2.2089e-34 -2.21435e-31   1.9914e-35 -6.43834e-33 -6.37529e-37  -1.2547e-34 -1.41304e-37 -1.36603e-36 -4.78548e-39 -4.89948e-39
-1.09175e-09  2.10899e-23  4.13929e-08 -2.78864e-22 -5.99234e-07  1.82449e-21   5.0994e-06  -7.2881e-21 -2.92949e-05   1.8945e-20  0.000121259 -3.12148e-20 -0.000373822  2.29627e-20  0.000870066  4.42233e-20  -0.00152423 -2.43583e-19   0.00196127  7.38183e-19   -0.0017328 -1.79805e-18  0.000844749  3.64199e-18  6.18369e-05 -6.11822e-18 -0.000351329  8.46984e-18  0.000113474 -9.48757e-18  9.48801e-05  8.18708e-18  -5.2233e-05 -4.73943e-18 -2.87617e-05  7.89459e-19  1.53482e-05  1.62937e-18   1.0456e-05 -1.82936e-18 -2.59132e-06   8.3995e-19 -3.50786e-06 -9.41225e-22  -3.0779e-07 -2.47688e-19  7.83185e-07  1.62463e-19  3.56799e-07 -4.22886e-20 -3.73581e-08  8.03907e-21 -9.19382e-08 -3.25657e-20 -3.28389e-08  3.67654e-20  2.43875e-09 -8.39369e-21  6.96778e-09 -9.73064e-21  2.92439e-09  5.93491e-21  3.38513e-10  3.66393e-22 -2.54365e-10 -9.32408e-22  -1.6836e-10  2.86761e-23 -5.01421e-11  2.33714e-23 -5.00686e-12  8.89884e-23  2.80901e-12 -1.43231e-23  1.76204e-12 -3.04365e-23   5.5062e-13  3.57164e-24   1.0369e-13  6.87456e-24  5.30868e-15  5.81412e-26 -4.34078e-15 -1.25734e-24  -1.9911e-15  7.85294e-26 -5.26382e-16  1.32309e-25 -9.91337e-17 -5.87034e-26 -1.29508e-17 -1.26733e-26 -7.50133e-19  1.11597e-26  1.58611e-19  1.83855e-27  6.36188e-20 -9.88095e-28  1.31359e-20 -1.76982e-28  1.99438e-21  2.85621e-29  2.38942e-22  -1.3427e-29  2.27916e-23 -8.29002e-30  1.67388e-24  -1.6931e-31  8.32974e-26  3.24108e-31  1.05093e-27  1.81822e-32 -2.88585e-28 -6.06258e-33 -3.53085e-29   1.6865e-35 -2.43271e-30  1.84531e-34 -1.14668e-31  1.53385e-35 -3.72868e-33  -3.3426e-37 -7.76952e-35 -7.90218e-38 -8.32969e-37 -1.80283e-39
-5.68749e-24 -8.14248e-09  1.40009e-22  1.80428e-07 -1.27935e-21 -2.04207e-06  6.64121e-21  1.47758e-05 -2.21417e-20 -7.50413e-05  4.90838e-20  0.000280429 -6.95402e-20 -0.000789434  4.42233e-20   0.00168558   7.4961e-20   -0.0027033 -3.79187e-19   0.00314543  1.10417e-18  -0.00241812 -2.63389e-18  0.000850705  5.22697e-18  0.000378898 -8.58089e-18 -0.000513573  1.15893e-17   4.0791e-05 -1.26177e-17  0.000173969  1.04527e-17 -3.42154e-05 -5.56706e-18  -5.6856e-05  4.15399e-19  7.38794e-06  2.33677e-18  1.83166e-05 -2.19295e-18  1.44056e-06   8.4102e-19 -4.73819e-06   8.0636e-20 -1.79612e-06 -2.77851e-19  5.84706e-07  1.48298e-19  6.48039e-07 -9.03993e-21  1.29601e-07 -1.36184e-20 -8.25718e-08 -3.60018e-20 -6.29867e-08  4.56957e-20 -1.36976e-08 -8.66245e-21   4.5565e-09 -1.20209e-20   4.4467e-09  5.86033e-21  1.47601e-09  9.17791e-22  9.51378e-11 -8.41372e-22 -1.45783e-10 -1.49393e-22  -8.1924e-11  3.48766e-23 -2.30842e-11  1.23463e-22 -2.59461e-12 -1.79226e-23  9.21107e-13 -3.81709e-23  6.25979e-13  3.47073e-24  2.01727e-13  8.88884e-24  4.20614e-14 -1.11886e-25  4.71835e-15 -1.46028e-24 -4.47933e-16  1.52448e-25 -3.89757e-16  1.36747e-25 -1.17143e-16 -6.91071e-26 -2.42814e-17 -1.24938e-26 -3.78129e-18  1.12283e-26 -4.26189e-19  1.39242e-27 -2.54504e-20 -1.02621e-27  2.26747e-21 -1.24785e-28  9.67626e-22  3.09288e-29  1.74428e-22 -1.74477e-29  2.24997e-23 -8.36116e-30  2.27536e-24 -1.24668e-31  1.84501e-25   2.5808e-31  1.19314e-26  7.08133e-33  5.97743e-28 -4.96609e-33   2.1634e-29  1.61643e-34   4.5987e-31  1.50527e-34 -7.31579e-34  1.15226e-35 -3.95603e-34  -1.3271e-37 -1.12222e-35 -3.52582e-38 -9.57084e-38
 9.48919e-10 -5.17375e-23 -3.97379e-08   7.2087e-22  6.34307e-07 -4.98157e-21 -5.94771e-06  2.11945e-20   3.7664e-05 -5.98434e-20 -0.000172137  1.13701e-19  0.000587857 -1.38049e-19  -0.00152423   7.4961e-20   0.00300325  1.10151e-19  -0.00442266 -5.12227e-19   0.00464378    1.461e-18  -0.00304657 -3.47699e-18  0.000598244   6.8465e-18  0.000842053 -1.10955e-17 -0.000619454  1.47637e-17 -0.000117698 -1.57684e-17  0.000246622  1.26284e-17  1.87457e-05 -6.17932e-18 -8.23486e-05 -1.51803e-19 -1.28326e-05  3.05279e-18  2.33071e-05 -2.43356e-18  8.75798e-06  7.58889e-19 -4.17178e-06  1.65183e-19 -3.63739e-06 -2.96614e-19 -2.32733e-07   1.2944e-19  7.78536e-07  3.37555e-20  3.75884e-07 -4.14533e-20 -3.16874e-10 -4.06651e-20 -7.50352e-08   5.5088e-20 -3.53443e-08   -7.708e-21 -3.98617e-09 -1.42005e-20  3.77301e-09  5.16592e-21  2.45601e-09  1.54394e-21  6.86172e-10   -6.567e-22  2.22368e-11 -3.41719e-22 -6.97452e-11  3.74053e-23 -3.56727e-11  1.58576e-22  -9.8575e-12 -1.97987e-23 -1.32728e-12 -4.61595e-23  2.04164e-13   3.9247e-24  1.83676e-13  1.05821e-23  6.26261e-14 -4.75048e-25  1.41756e-14 -1.57673e-24  2.14332e-15  2.47668e-25  1.26913e-16  1.38791e-25 -4.25721e-17 -7.55925e-26 -1.82144e-17 -1.16973e-26 -4.23729e-18  1.02044e-26 -7.25985e-19  5.74601e-28 -9.68756e-20 -1.03083e-27 -9.90012e-21 -5.29467e-29 -6.83219e-22  3.36988e-29 -9.64988e-24 -1.97642e-29  5.56491e-24 -7.81766e-30  1.01041e-24 -9.48685e-32  1.11275e-25  1.78855e-31  9.07015e-27 -3.37081e-33  5.70864e-28  -3.9868e-33  2.77216e-29  2.42079e-34  1.01167e-30   1.1809e-34  2.62578e-32  8.17143e-36    4.354e-34 -2.83053e-38  3.61283e-36 -1.07592e-38
 1.21583e-23  5.81312e-09 -3.16751e-22 -1.45485e-07  3.05872e-21  1.84975e-06 -1.68307e-20 -1.49858e-05  5.99971e-20  8.50877e-05 -1.44888e-19 -0.000355631  2.36247e-19   0.00112263 -2.43583e-19   -0.0027033  1.10151e-19   0.00494295  1.35507e-19  -0.00670052 -5.78255e-19   0.00632419  1.67471e-18   -0.0034278 -4.09601e-18  2.05307e-06    8.144e-18   0.00139242 -1.32057e-17 -0.000592235  1.75372e-17 -0.000358463 -1.85945e-17  0.000276632  1.45198e-17  0.000108208 -6.51625e-18 -9.05885e-05 -8.61597e-19 -4.44172e-05  3.68006e-18  2.03348e-05 -2.50275e-18  1.78253e-05  6.11616e-19 -6.41934e-07  2.33478e-19 -4.96385e-06 -3.12118e-19 -1.66185e-06  1.15864e-19  5.19993e-07  8.44109e-20  5.95796e-07 -7.40328e-20    1.577e-07 -4.75131e-20  -4.4389e-08  6.40366e-20  -5.0462e-08 -5.12606e-21 -1.70251e-08 -1.60425e-20 -3.49032e-10  3.87584e-21  2.34523e-09  2.17278e-21  1.20976e-09 -4.02407e-22  3.00879e-10 -5.29389e-22  7.15521e-12  2.98766e-23 -2.81139e-11  1.91786e-22 -1.37902e-11 -2.04986e-23 -3.83356e-12 -5.28425e-23 -6.13247e-13  5.26464e-24  7.63975e-15  1.16325e-23  4.14947e-14 -1.06686e-24  1.58072e-14 -1.60072e-24  3.84987e-15  3.57912e-25  6.76866e-16  1.42002e-25  8.01617e-17 -7.54258e-26  2.83645e-18 -1.00645e-26 -1.46366e-18  8.00492e-27 -4.74503e-19 -5.71823e-28 -9.09694e-20 -1.00542e-27 -1.31274e-20  2.53007e-29 -1.50485e-21  3.63528e-29 -1.37514e-22 -1.97873e-29  -9.6623e-24  -6.7084e-30 -4.58741e-25 -7.67111e-32 -5.56175e-27  9.87449e-32  1.40691e-27 -1.19055e-32  1.60483e-28 -3.18847e-33  1.01323e-29  2.58724e-34  4.27149e-31  8.69209e-35  1.19197e-32  5.22917e-36  1.95814e-34  6.61019e-39  1.24701e-36
-4.46113e-10  1.02078e-22  2.23567e-08 -1.50965e-21 -4.18168e-07  1.10639e-20  4.53153e-06 -5.01091e-20  -3.2868e-05  1.51998e-19  0.000171149 -3.15878e-19 -0.000664521  4.40874e-19   0.00196127 -3.79187e-19  -0.00442266  1.35507e-19   0.00754644  1.26768e-19  -0.00943567 -4.90923e-19   0.00795424  1.58446e-18  -0.00335932 -4.21828e-18 -0.000955913  8.70341e-18   0.00191463 -1.43992e-17 -0.000365846  1.94358e-17 -0.000643944 -2.07797e-17  0.000225988  1.59803e-17  0.000220288 -6.55819e-18  -6.6406e-05 -1.63868e-18 -8.02081e-05  4.12394e-18  5.26722e-06 -2.38156e-18  2.51217e-05  4.40191e-19  6.07812e-06    2.675e-19 -4.62264e-06 -3.38573e-19 -3.30132e-06  1.16739e-19 -2.60793e-07  1.41809e-19  6.26057e-07 -1.08763e-19  3.42553e-07 -5.73978e-20  3.98145e-08  7.14061e-20 -4.33896e-08 -8.01051e-22 -2.82773e-08 -1.73345e-20 -7.28165e-09  2.14754e-21  4.74193e-10  2.74316e-21  1.21187e-09  -1.1578e-22  5.39509e-10 -7.01293e-22  1.26097e-10  1.24715e-23  4.93045e-12  2.19587e-22 -9.38999e-12 -2.07685e-23 -4.64952e-12 -5.62582e-23 -1.32239e-12  7.79894e-24 -2.42392e-13  1.18213e-23 -1.82222e-14 -1.88805e-24  5.92235e-15 -1.55056e-24  3.03293e-15  4.68714e-25  8.09429e-16  1.49479e-25  1.55941e-16 -6.61403e-26  2.26835e-17 -7.36188e-27  2.32555e-18  4.78634e-27  9.99911e-20  -1.9182e-27 -2.06479e-20 -9.57922e-28 -6.34619e-21  9.48545e-29 -1.04105e-21  3.82494e-29 -1.25947e-22  -1.7469e-29 -1.20325e-23 -5.19282e-30 -9.21883e-25 -6.51448e-32 -5.61399e-26  2.85489e-32  -2.6336e-27 -1.76609e-32 -8.87044e-29 -2.55352e-33   -1.766e-30  2.26868e-34 -1.47711e-33  5.82596e-35  9.40805e-34  2.86335e-36  1.99106e-35  7.51131e-39
-2.07514e-23 -1.76047e-09  5.78409e-22    5.928e-08 -5.95001e-21 -9.48774e-07  3.48681e-20  9.32227e-06 -1.32985e-19 -6.27768e-05  3.47019e-19   0.00030704 -6.22445e-19  -0.00112616  7.38183e-19   0.00314543 -5.12227e-19  -0.00670052  1.26768e-19    0.0107303  5.54295e-20   -0.0123947 -1.74438e-19   0.00923963   1.0657e-18  -0.00268697 -3.62094e-18  -0.00219938  8.16552e-18   0.00225914 -1.42356e-17  8.66218e-05  2.00805e-17 -0.000904766 -2.21088e-17  7.00905e-05  1.69327e-17  0.000325264 -6.31532e-18 -9.59938e-07 -2.40116e-18 -0.000107334  4.30789e-18 -2.24555e-05 -2.08491e-18  2.60188e-05   3.0116e-19  1.46396e-05  2.55442e-19  -1.7023e-06 -3.92513e-19 -4.37964e-06  1.36868e-19 -1.46022e-06  2.05278e-19   3.2159e-07 -1.41895e-19  4.56731e-07 -7.06538e-20  1.58601e-07  7.60577e-20 -4.40006e-09  4.94437e-21 -2.89081e-08 -1.79483e-20 -1.39018e-08  2.47935e-22 -2.86699e-09  3.23091e-21  3.92246e-10  1.64202e-22  5.38587e-10 -8.54698e-22  2.18667e-10 -1.49946e-23  5.03087e-11   2.3685e-22  3.59424e-12 -2.13752e-23 -2.46582e-12 -5.44362e-23  -1.3279e-12  1.17771e-23 -3.91958e-13  1.11221e-23 -7.93209e-14 -2.88803e-24 -1.00704e-14 -1.46521e-24 -6.01176e-17  5.58222e-25   3.7621e-16  1.62646e-25  1.22784e-16 -4.63962e-26  2.57858e-17 -3.46568e-27   4.1144e-18  9.49382e-28  5.13774e-19 -3.27367e-27  4.84833e-20 -8.98544e-28  2.88281e-21  1.43071e-28 -2.62484e-23  3.88782e-29 -3.35881e-23 -1.32897e-29 -5.15829e-24 -3.50353e-30 -5.17395e-25 -5.70811e-32 -3.88567e-26 -2.47034e-32 -2.24632e-27 -2.03236e-32  -9.9044e-29 -2.02674e-33 -3.21274e-30  1.69012e-34 -7.13074e-32  3.43595e-35 -9.31758e-34  1.24637e-36 -4.54165e-36
 -2.0284e-11 -1.60977e-22  -2.3288e-09  2.55788e-21  9.85591e-08 -2.00563e-20 -1.62711e-06  9.72218e-20   1.5798e-05 -3.17398e-19 -0.000103607   7.1784e-19  0.000490312 -1.11113e-18   -0.0017328  1.10417e-18   0.00464378 -5.78255e-19  -0.00943567  5.54295e-20    0.0142681 -9.75883e-20   -0.0152427  3.87191e-19   0.00989387  1.08625e-19  -0.00136095 -2.23696e-18  -0.00355993  6.35601e-18   0.00228257 -1.24715e-17   0.00073323  1.92818e-17  -0.00105559 -2.25127e-17 -0.000188545  1.73683e-17  0.000384124 -5.80847e-18  0.000102128 -3.07608e-18 -0.000110739  4.18164e-18 -5.80461e-05 -1.65729e-18   1.6602e-05  2.54345e-19  2.20938e-05  1.95344e-19  3.84839e-06 -4.87699e-19 -4.01604e-06  1.74436e-19 -2.67967e-06  2.73809e-19 -3.43796e-07 -1.68953e-19   3.9252e-07 -8.66708e-20  2.60388e-07  7.71481e-20   6.0355e-08  1.13159e-20 -1.26351e-08 -1.79088e-20 -1.56824e-08 -1.50745e-21 -6.17964e-09  3.66097e-21  -1.0857e-09  4.10536e-22  1.88574e-10  -9.9059e-22  2.07482e-10 -5.43697e-23   8.0012e-11  2.36612e-22  1.86993e-11 -2.31298e-23  2.04641e-12 -4.59343e-23 -4.34425e-13  1.73475e-23  -3.0621e-13  9.74833e-24 -9.60917e-14 -3.95805e-24 -2.09142e-14 -1.39423e-24 -3.27905e-15  6.01488e-25 -3.12416e-16   1.8069e-25  8.28745e-18 -1.67293e-26  1.11272e-17  1.52042e-27  2.83222e-18 -2.93974e-27  4.89252e-19 -4.43253e-27  6.55125e-20 -8.37243e-28  7.01823e-21  1.63167e-28  5.97157e-22  3.80645e-29  3.84015e-23 -8.08632e-30  1.56204e-24 -1.88851e-30 -2.37943e-27 -5.26489e-32 -6.49748e-27 -5.85109e-32 -6.00082e-28 -2.01423e-32 -3.28161e-29 -1.56104e-33 -1.18525e-30   1.0688e-34 -2.69655e-32  1.70615e-35 -3.14564e-34  3.69406e-37
 2.78084e-23 -8.42745e-10    -8.44e-22  1.08645e-08  9.37581e-21  1.86102e-08 -5.90869e-20  -1.7061e-06  2.42595e-19  2.06645e-05 -6.86063e-19 -0.000144335  1.35099e-18   0.00069152 -1.79805e-18  -0.00241812    1.461e-18   0.00632419 -4.90923e-19   -0.0123947 -9.75883e-20    0.0178172  -3.2399e-19   -0.0176147  1.10609e-18   0.00971614 -1.12522e-18   0.00053591 -2.31906e-19  -0.00481138  3.37513e-18   0.00189159 -9.13737e-18   0.00148186  1.70867e-17   -0.0010199 -2.20765e-17 -0.000514431  1.73269e-17  0.000360454 -5.05092e-18  0.000224394 -3.60751e-18 -7.86992e-05  3.72242e-18 -9.15621e-05 -1.16193e-18 -4.24887e-06  3.48946e-19  2.46898e-05  9.64257e-20  1.08348e-05 -6.30326e-19 -1.64745e-06  2.20925e-19 -3.31927e-06  3.44984e-19 -1.20813e-06 -1.85588e-19  9.36221e-08 -1.03637e-19  2.79063e-07  7.44189e-20  1.25703e-07  1.71686e-20  1.88087e-08 -1.74312e-20 -9.29003e-09 -2.83636e-21 -7.34003e-09   4.0972e-21 -2.52988e-09  6.19155e-22 -4.11606e-10 -1.10615e-21  6.36215e-11 -1.09186e-22  6.86522e-11  2.10812e-22  2.59978e-11 -2.70624e-23  6.26788e-12 -3.03732e-23  9.00624e-13  2.45047e-23 -1.05414e-14  8.13176e-24 -5.17665e-14 -4.94175e-24  -1.8489e-14 -1.38415e-24  -4.2999e-15  5.77425e-25 -7.48267e-16  2.00822e-25 -9.73208e-17  2.01625e-26 -8.14877e-18  7.21566e-27  8.98353e-21 -6.28973e-27  1.54154e-19 -5.22941e-27  3.41557e-20 -7.81687e-28  4.93991e-21  1.55531e-28  5.47283e-22  3.60193e-29  4.83611e-23  -2.8032e-30  3.42563e-24 -5.53234e-31  1.91454e-25 -5.37904e-32  8.11588e-27 -7.42585e-32  2.39275e-28 -1.78079e-32  3.78238e-30 -1.13989e-33  -1.8464e-32  5.58117e-35 -1.98512e-33  6.64756e-36 -2.24681e-35
 1.43259e-10   1.9841e-22 -5.81918e-09 -3.45735e-21  8.10535e-08   2.9455e-20  -5.2858e-07 -1.54479e-19  7.71284e-07  5.46569e-19  1.57739e-05 -1.35056e-18   -0.0001589  2.32011e-18  0.000844749 -2.63389e-18  -0.00304657  1.67471e-18   0.00795424 -1.74438e-19   -0.0152427  -3.2399e-19    0.0209898 -5.75561e-19    -0.019205  1.78318e-18   0.00864797 -2.30675e-18   0.00280071  1.98848e-18  -0.00572514 -3.92027e-19   0.00107372 -4.53515e-18   0.00219911  1.37656e-17 -0.000754621 -2.10135e-17 -0.000844355  1.68699e-17  0.000233368 -4.03918e-18  0.000335554 -3.95694e-18 -8.21028e-06  2.93244e-18 -0.000110397 -6.67547e-19 -3.34808e-05  6.11625e-19  1.93009e-05  -2.2165e-20  1.69394e-05 -8.16026e-19  2.56829e-06  2.63212e-19  -2.8181e-06  4.14146e-19 -1.93705e-06 -1.88639e-19 -3.91659e-07  -1.1862e-19  1.68244e-07  6.83776e-20  1.55795e-07  2.12646e-20  5.37044e-08 -1.68995e-20  4.71817e-09 -3.56854e-21 -4.85116e-09  4.61184e-21 -3.03401e-09  8.12814e-22 -9.60716e-10 -1.18832e-21 -1.57572e-10 -1.83143e-22  1.35213e-11  1.52066e-22  1.89993e-11 -3.45729e-23   7.3094e-12 -8.78353e-24  1.82706e-12  3.30372e-23  3.10406e-13  6.82873e-24   2.5533e-14 -5.66571e-24 -4.56809e-15 -1.46563e-24 -2.53465e-15  4.76102e-25 -6.54274e-16  2.19199e-25 -1.21814e-16  5.97947e-26 -1.76579e-17  1.30152e-26 -1.99248e-18 -8.63778e-27 -1.62311e-19  -5.5816e-27 -6.29591e-21 -7.36086e-28  6.65162e-22  1.26718e-28  1.73238e-22  3.32142e-29  2.16302e-23  1.74109e-30  1.91786e-24   3.7942e-31  1.29551e-25 -6.16302e-32  6.72319e-27 -7.57696e-32  2.62379e-28 -1.42359e-32  7.31776e-30 -7.72299e-34  1.31738e-31  2.25059e-35  1.20274e-33  1.73397e-36
-2.80177e-23  8.51588e-10  9.55995e-22 -2.31275e-08 -1.17486e-20  2.96741e-07  8.10387e-20 -2.18867e-06 -3.62543e-19  9.20944e-06  1.11984e-18 -1.23744e-05 -2.43219e-18 -0.000105997  3.64199e-18  0.000850705 -3.47699e-18   -0.0034278  1.58446e-18   0.00923963  3.87191e-19   -0.0176147 -5.75561e-19    0.0234457  -7.6932e-19   -0.0198418  2.16102e-18   0.00678707 -3.01904e-18   0.00515928  3.85333e-18  -0.00612628 -4.35725e-18 -9.63654e-05  8.42536e-19   0.00274275   9.7493e-18 -0.000265352 -1.96162e-17  -0.00110233   1.6056e-17  6.53405e-06 -2.75573e-18   0.00040127 -4.09983e-18  9.20267e-05  1.83632e-18 -0.000103355 -2.36352e-19  -6.3955e-05  1.03955e-18  4.93112e-06 -1.34829e-19  1.94137e-05 -1.02951e-18  7.59342e-06  2.87083e-19 -9.47544e-07  4.74252e-19 -2.14044e-06 -1.77073e-19 -9.00848e-07 -1.28039e-19 -6.52445e-08  6.02971e-20   1.2195e-07   2.2596e-20  7.43289e-08 -1.67802e-20  2.10131e-08 -3.69711e-21  9.73094e-10  5.24656e-21 -2.03659e-09  1.03593e-21 -1.11401e-09 -1.21221e-21 -3.36589e-10 -2.77644e-22 -5.88176e-11  5.60483e-23  7.17637e-14 -4.73755e-23   4.1593e-12  1.63967e-23  1.71375e-12  4.24989e-23  4.45918e-13  6.37581e-24  8.38161e-14 -5.98342e-24  1.07823e-14 -1.64502e-24  5.14174e-16  3.03464e-25 -1.79722e-16  2.32097e-25 -6.57872e-17  9.68764e-26 -1.35148e-17  1.82309e-26 -2.07183e-18 -9.76115e-27 -2.52237e-19 -5.50349e-27 -2.46191e-20 -7.00765e-28 -1.87947e-21  8.67739e-29 -1.02883e-22  3.01526e-29 -2.69643e-24  5.00644e-30  1.62001e-25  8.82386e-31  2.63058e-26 -7.44912e-32  1.86111e-27 -6.77664e-32   8.4412e-29 -1.03244e-32  2.49837e-30  -4.7476e-34  4.32019e-32  5.91649e-36  2.85851e-34
