   4.684e-20 -1.86491e-30 -3.42917e-18  1.06555e-28  9.78909e-17 -1.85746e-27 -1.67529e-15  1.86048e-26  1.96922e-14 -1.25141e-25 -1.68972e-13  5.89944e-25  1.08559e-12 -1.93403e-24 -5.21541e-12   4.1775e-24  1.80957e-11 -5.15685e-24 -4.07518e-11   2.3017e-24   3.9192e-11
-1.86491e-30  4.91255e-18  -5.6307e-29 -2.04049e-16  2.05828e-27  4.41962e-15 -2.64806e-26 -6.23497e-14  2.06116e-25  6.26717e-13  -1.0883e-24  -4.6762e-12  3.92664e-24  2.62138e-11 -9.09847e-24 -1.08667e-10  1.09464e-23  3.13166e-10 -2.74362e-25 -5.16808e-10 -9.01204e-24
-3.42917e-18  -5.6307e-29  2.53368e-16 -8.66851e-28 -7.30405e-15  2.14279e-26  1.26323e-13 -2.00965e-25 -1.50187e-12  1.15505e-24   1.3048e-11 -4.27754e-24 -8.49836e-11  8.81416e-24  4.14554e-10 -1.19413e-24  -1.4633e-09 -4.26563e-23  3.35957e-09  8.73699e-23 -3.28298e-09
 1.06555e-28 -2.04049e-16 -8.66851e-28  8.55886e-15 -7.90882e-27 -1.87335e-13    1.276e-25  2.67285e-12  -7.5747e-25 -2.71982e-11  2.14686e-24  2.05686e-10  1.83184e-24 -1.17035e-09 -4.46568e-23  4.93343e-09  1.90905e-22 -1.44888e-08 -3.89541e-22  2.44026e-08  2.85572e-22
 9.78909e-17  2.05828e-27 -7.30405e-15 -7.90882e-27  2.12776e-13 -4.07148e-26 -3.72157e-12  2.78884e-25  4.47878e-11  8.94748e-25 -3.94311e-10 -1.89453e-23  2.60609e-09   1.2304e-22  -1.2922e-08 -4.68334e-22    4.646e-08  1.07152e-21 -1.08884e-07 -1.23154e-21  1.08064e-07
-1.85746e-27  4.41962e-15  2.14279e-26 -1.87335e-13 -4.07148e-26  4.14665e-12 -4.10662e-26 -5.98841e-11 -2.33131e-24  6.17437e-10  3.09313e-23 -4.73726e-09 -1.95317e-22  2.73903e-08  7.85085e-22 -1.17553e-07 -2.05131e-21  3.52307e-07   3.1251e-21 -6.06314e-07   -1.818e-21
-1.67529e-15 -2.64806e-26  1.26323e-13    1.276e-25 -3.72157e-12 -4.10662e-26  6.58838e-11  1.18189e-24 -8.03335e-10 -2.83869e-23   7.1744e-09  2.15131e-22 -4.81711e-08 -9.72636e-22  2.43093e-07  2.90719e-21 -8.91535e-07 -5.46298e-21  2.13597e-06  5.17786e-21 -2.15077e-06
 1.86048e-26 -6.23497e-14 -2.00965e-25  2.67285e-12  2.78884e-25 -5.98841e-11  1.18189e-24  8.76192e-10  1.14045e-23 -9.16331e-09 -1.64608e-22  7.14108e-08  9.15553e-22 -4.20102e-07  -3.1533e-21  1.83837e-06  7.00162e-21 -5.63151e-06 -8.82068e-21   9.9165e-06  3.85419e-21
 1.96922e-14  2.06116e-25 -1.50187e-12  -7.5747e-25  4.47878e-11 -2.33131e-24 -8.03335e-10  1.14045e-23  9.93516e-09  6.10785e-23 -9.01149e-08  -6.3198e-22  6.15506e-07  2.64842e-21 -3.16606e-06 -6.75655e-21  1.18641e-05    1.012e-20 -2.91078e-05 -6.31855e-21  2.96762e-05
-1.25141e-25  6.26717e-13  1.15505e-24 -2.71982e-11  8.94748e-25  6.17437e-10 -2.83869e-23 -9.16331e-09  6.10785e-23  9.73249e-08  2.22257e-22 -7.71468e-07 -1.66398e-21  4.62495e-06  4.93162e-21 -2.06722e-05 -7.80158e-21  6.48503e-05  3.87424e-21 -0.000117017  3.62371e-21
-1.68972e-13  -1.0883e-24   1.3048e-11  2.14686e-24 -3.94311e-10  3.09313e-23   7.1744e-09 -1.64608e-22 -9.01149e-08  2.22257e-22   8.3135e-07  5.52595e-22 -5.78573e-06 -2.64769e-21  3.03903e-05  3.50695e-21 -0.000116594  3.70644e-21  0.000293516 -1.66934e-20 -0.000301874
 5.89944e-25  -4.6762e-12 -4.27754e-24  2.05686e-10 -1.89453e-23 -4.73726e-09  2.15131e-22  7.14108e-08  -6.3198e-22 -7.71468e-07  5.52595e-22  6.23059e-06  7.78181e-22 -3.81362e-05 -2.85386e-22  0.000174475 -1.11517e-20   -0.0005618  3.51915e-20   0.00104048 -3.39426e-20
 1.08559e-12  3.92664e-24 -8.49836e-11  1.83184e-24  2.60609e-09 -1.95317e-22 -4.81711e-08  9.15553e-22  6.15506e-07 -1.66398e-21 -5.78573e-06  7.78181e-22  4.11083e-05 -3.42446e-22 -0.000220982   1.2188e-20  0.000870136 -4.65396e-20   -0.0022528  7.13784e-20    0.0023218
-1.93403e-24  2.62138e-11  8.81416e-24 -1.17035e-09   1.2304e-22  2.73903e-08 -9.72636e-22 -4.20102e-07  2.64842e-21  4.62495e-06 -2.64769e-21 -3.81362e-05 -3.42446e-22  0.000238873 -5.23899e-21  -0.00112149  4.00253e-20   0.00371657 -9.11608e-20  -0.00707712  7.20889e-20
-5.21541e-12 -9.09847e-24  4.14554e-10 -4.46568e-23  -1.2922e-08  7.85085e-22  2.43093e-07  -3.1533e-21 -3.16606e-06  4.93162e-21  3.03903e-05 -2.85386e-22 -0.000220982 -5.23899e-21     0.001219 -1.57501e-20  -0.00494076  7.59669e-20      0.01319 -1.09925e-19   -0.0134642
  4.1775e-24 -1.08667e-10 -1.19413e-24  4.93343e-09 -4.68334e-22 -1.17553e-07  2.90719e-21  1.83837e-06 -6.75655e-21 -2.06722e-05  3.50695e-21  0.000174475   1.2188e-20  -0.00112149 -1.57501e-20   0.00541965 -2.93532e-20    -0.018543  9.67358e-20    0.0363639 -7.65376e-20
 1.80957e-11  1.09464e-23  -1.4633e-09  1.90905e-22    4.646e-08 -2.05131e-21 -8.91535e-07  7.00162e-21  1.18641e-05 -7.80158e-21 -0.000116594 -1.11517e-20  0.000870136  4.00253e-20  -0.00494076 -2.93532e-20    0.0206799  -3.7963e-20   -0.0570758  8.21081e-20    0.0566998
-5.15685e-24  3.13166e-10 -4.26563e-23 -1.44888e-08  1.07152e-21  3.52307e-07 -5.46298e-21 -5.63151e-06    1.012e-20  6.48503e-05  3.70644e-21   -0.0005618 -4.65396e-20   0.00371657  7.59669e-20    -0.018543  -3.7963e-20    0.0656852 -3.42172e-20    -0.132773  4.10474e-20
-4.07518e-11 -2.74362e-25  3.35957e-09 -3.89541e-22 -1.08884e-07   3.1251e-21  2.13597e-06 -8.82068e-21 -2.91078e-05  3.87424e-21  0.000293516  3.51915e-20   -0.0022528 -9.11608e-20      0.01319  9.67358e-20   -0.0570758 -3.42172e-20     0.162922 -2.03408e-20    -0.160515
  2.3017e-24 -5.16808e-10  8.73699e-23  2.44026e-08 -1.23154e-21 -6.06314e-07  5.17786e-21   9.9165e-06 -6.31855e-21 -0.000117017 -1.66934e-20   0.00104048  7.13784e-20  -0.00707712 -1.09925e-19    0.0363639  8.21081e-20    -0.132773 -2.03408e-20      0.27564 -7.63721e-21
  3.9192e-11 -9.01204e-24 -3.28298e-09  2.85572e-22  1.08064e-07   -1.818e-21 -2.15077e-06  3.85419e-21  2.96762e-05  3.62371e-21 -0.000301874 -3.39426e-20    0.0023218  7.20889e-20   -0.0134642 -7.65376e-20    0.0566998  4.10474e-20    -0.160515 -7.63721e-21     0.468147
