 1.20967e-17 -8.95901e-32 -4.21723e-16  4.43054e-30  5.61905e-15 -7.60751e-29 -4.40664e-14  8.29223e-28  2.33704e-13 -6.59597e-27 -8.95242e-13  4.04338e-26  2.56299e-12 -1.97139e-25 -5.56784e-12   7.8149e-25  9.17513e-12 -2.55904e-24 -1.12523e-11  6.99755e-24  9.73419e-12   -1.608e-23 -5.06774e-12  3.11057e-23  4.45661e-13 -5.04548e-23  1.34693e-12  6.77674e-23 -6.83962e-13 -7.31841e-23 -1.97904e-13  5.89679e-23  2.31393e-13 -2.65796e-23  3.07618e-14  -1.1151e-23 -6.16884e-14  3.66744e-23 -1.03084e-14 -3.92758e-23  1.39506e-14  2.21016e-23  4.47505e-15  1.27192e-24 -2.23508e-15 -1.72409e-23 -1.46596e-15  2.05086e-23  6.33817e-17 -1.46344e-23  3.00083e-16  6.59381e-24  8.38716e-17 -1.18903e-24 -2.33552e-17 -7.38956e-25 -2.19899e-17  6.88909e-25 -4.55566e-18 -2.25171e-25  1.43902e-18 -8.56085e-27  1.17897e-18  3.37885e-26  2.84564e-19 -8.28479e-27   -2.573e-20 -2.36504e-27 -4.16483e-20  1.39378e-27 -1.40601e-20  1.17607e-28  -1.6673e-21 -1.70556e-28  5.65988e-22 -1.70716e-29  3.52765e-22  2.95501e-29  9.29528e-23 -1.61698e-30  1.10994e-23 -2.83825e-30 -1.59358e-24  2.89858e-32 -1.16392e-24  4.07622e-31 -3.15988e-25  1.04957e-34 -5.18674e-26  -5.5743e-32 -3.85823e-27  5.42522e-34  6.37691e-28  3.99246e-33  2.95798e-28  9.01585e-34  6.18169e-29 -2.58371e-34  8.70512e-30 -9.65244e-35  8.26707e-31 -1.90321e-36  3.55599e-32  4.89682e-36 -4.25362e-33  8.54275e-37 -1.16726e-33  6.76155e-39 -1.51398e-34 -2.56221e-38 -1.35851e-35 -5.31707e-39 -8.92918e-37 -1.49689e-40 -4.21008e-38  5.06752e-41 -1.24746e-39  6.39331e-42 -1.14574e-41  5.84403e-43  7.37784e-43  3.17286e-44  3.61869e-44  5.29834e-46  6.14545e-46  9.63507e-48
-8.95901e-32  6.10106e-16 -2.14123e-30  -1.2061e-14  7.26618e-29  1.22011e-13 -1.01491e-27 -7.90679e-13  9.68881e-27  3.60459e-12 -6.98858e-26 -1.21247e-11   3.9525e-25   3.0829e-11  -1.7956e-24 -5.97345e-11  6.67671e-24  8.75356e-11 -2.06123e-23  -9.4139e-11  5.33623e-23  6.85646e-11 -1.16524e-22 -2.54084e-11  2.14927e-22 -5.73142e-12 -3.33532e-22  1.07681e-11  4.30218e-22 -2.17022e-12 -4.48546e-22 -2.60458e-12  3.52566e-22  1.01953e-12 -1.61695e-22  6.33678e-13 -4.77467e-23 -2.67361e-13  1.85585e-22 -1.75706e-13 -2.05428e-22  4.38111e-14  1.29958e-22  4.77182e-14 -2.55708e-23  2.44114e-16 -4.73888e-23   -9.956e-15  6.74901e-23 -2.79221e-15 -4.99871e-23  1.04352e-15  2.26751e-23   8.4273e-16 -4.10591e-24  1.13952e-16 -2.41259e-24 -9.40629e-17  2.18683e-24 -5.25459e-17 -6.51304e-25 -6.91055e-18 -6.92015e-26   4.2728e-18  1.14819e-25  2.56199e-18 -2.20632e-26  5.33524e-19 -1.01149e-26 -6.10794e-20  4.58826e-27 -7.76146e-20  6.55482e-28 -2.52387e-20 -6.01481e-28 -3.34714e-21 -8.33945e-29  6.62754e-22  1.08479e-28  4.87176e-22 -6.57658e-30  1.37026e-22 -1.00445e-29  2.07394e-23  4.70559e-31  7.41516e-27  1.47317e-30 -9.70917e-25 -6.67863e-32 -3.11115e-25 -2.03331e-31 -5.91405e-26  4.90295e-33 -7.04346e-27  1.54379e-32 -2.51624e-28  3.09622e-33  1.08813e-28 -8.94773e-34  3.16787e-29 -3.45824e-34  5.16868e-30 -9.14381e-36  5.94179e-31  1.59223e-35  4.81787e-32  2.92434e-36  2.23548e-33  7.40014e-38 -4.78826e-35 -7.44954e-38 -2.08088e-35 -1.53211e-38 -2.24263e-36 -4.42185e-40 -1.53209e-37  1.19023e-40 -7.30163e-39  1.44697e-41 -2.39712e-40  1.30029e-42  -5.1743e-42  6.47507e-44 -4.77038e-44  1.07056e-45 -5.46798e-47
-4.21723e-16 -2.14123e-30  1.51233e-14 -2.76183e-29 -2.07586e-13  6.98975e-28  1.68001e-12 -8.27274e-27 -9.21357e-12  7.13381e-26  3.65873e-11 -4.77187e-25 -1.08921e-10  2.52842e-24  2.47068e-10 -1.08146e-23  -4.2762e-10  3.79903e-23  5.56026e-10 -1.11132e-22 -5.19396e-10  2.73386e-22   3.0771e-10 -5.68814e-22 -6.01563e-11  1.00237e-21 -6.37593e-11 -1.49031e-21  4.70207e-11  1.84792e-21   4.1188e-12 -1.86137e-21 -1.45919e-11  1.42866e-21  6.81996e-13 -6.68558e-22  3.91391e-12 -1.14443e-22  -9.2727e-14  6.10203e-22 -9.83705e-13 -6.91738e-22  -1.1005e-13  4.62828e-22  2.04882e-13 -1.45505e-22  6.92099e-14  -7.8544e-23 -2.48782e-14  1.51312e-22 -2.07898e-14 -1.17776e-22 -1.82108e-15  5.40514e-23  3.08353e-15 -9.83066e-24   1.3932e-15 -5.53681e-24  2.49039e-17  4.88905e-24 -1.97798e-16 -1.32966e-24 -8.05442e-17 -2.35828e-25 -6.10422e-18  2.70926e-25  7.36399e-18 -4.14452e-26  3.65732e-18 -2.75162e-26  6.98917e-19  1.05927e-26  -7.5197e-20  1.98553e-27 -9.23434e-20 -1.45253e-27 -2.99324e-20 -2.33596e-28 -4.55584e-21  2.68966e-28  3.37186e-22 -2.22017e-29  4.05592e-22 -2.38682e-29  1.24743e-22  2.67611e-30  2.22566e-23  3.69209e-30  1.71249e-24  -3.9308e-31 -3.49231e-25 -5.24156e-31 -1.65019e-25  2.16941e-32 -3.61349e-26  4.19507e-32 -5.26063e-27  7.50238e-33 -4.86869e-28 -2.19558e-33 -1.01574e-29 -8.57983e-34  5.93651e-30 -2.56415e-35  1.32914e-30  3.60137e-35  1.74171e-31  6.85529e-36  1.63253e-32  2.65323e-37  1.11641e-33 -1.46881e-37  5.14625e-35  -2.9524e-38  1.01214e-36 -7.82136e-40 -5.91225e-38  1.93434e-40 -6.47322e-39  2.21809e-41 -2.92017e-40  1.87238e-42 -7.73262e-42  7.85772e-44 -9.36413e-44  8.97857e-46
 4.43054e-30  -1.2061e-14 -2.76183e-29  2.45619e-13 -2.28127e-28  -2.5638e-12  4.45953e-27  1.71758e-11 -4.64972e-26 -8.11297e-11  3.77197e-25  2.83532e-10 -2.41058e-24 -7.51683e-10  1.21977e-23  1.52594e-09 -4.97189e-23 -2.35966e-09  1.66306e-22  2.71085e-09 -4.63431e-22 -2.16646e-09  1.08735e-21   9.7787e-10  -2.1614e-21  4.24055e-11  3.64582e-21 -3.36507e-10 -5.19977e-21  1.20764e-10  6.20166e-21  6.69531e-11 -6.03464e-21 -4.73473e-11  4.51813e-21 -1.40878e-11 -2.14516e-21  1.30521e-11 -1.43146e-22  4.20064e-12  1.52613e-21 -2.81037e-12 -1.76564e-21 -1.42013e-12   1.2163e-21  3.59728e-13 -4.61118e-22  3.90878e-13  -7.3328e-23  3.03647e-14  2.66227e-22 -6.74077e-14  -2.2145e-22 -2.72449e-14  1.03549e-22  2.50645e-15 -1.90491e-23  5.40811e-15 -1.02505e-23  1.62937e-15  8.88215e-24 -1.64415e-16 -2.22741e-24 -2.88002e-16 -5.47429e-25 -9.39047e-17  5.15452e-25 -3.45631e-18 -6.56151e-26  9.00627e-18 -5.71658e-26  3.98375e-18  1.99493e-26  7.41984e-19  4.28681e-27 -5.30691e-20 -2.76117e-27 -7.97731e-20 -4.60088e-28 -2.65629e-20    5.151e-28 -4.61453e-21 -6.51083e-29 -8.12837e-23 -4.32923e-29  2.19775e-22   9.8408e-30  7.80003e-23  7.41973e-30  1.57947e-23 -1.37658e-30  1.91531e-24 -1.10496e-30  3.45871e-26   6.6536e-32 -4.62916e-26  9.20657e-32  -1.2977e-26  1.47595e-32 -2.16966e-27 -4.38325e-33 -2.54117e-28 -1.69043e-33 -1.97514e-29 -5.07116e-35 -5.37945e-31  6.53598e-35  1.12519e-31  1.27468e-35  2.20664e-32  6.34367e-37  2.31575e-33 -2.24943e-37  1.69247e-34 -4.36415e-38  8.94309e-36 -9.22569e-40  3.29849e-37  2.54242e-40  7.60285e-39  2.65515e-41   6.5743e-41  1.97721e-42 -1.37254e-42  6.21507e-44 -2.06584e-44
 5.61905e-15  7.26618e-29 -2.07586e-13 -2.28127e-28  2.93995e-12 -1.22074e-27  -2.4593e-11  1.80594e-26  1.39696e-10 -1.76915e-25 -5.76003e-10  1.46521e-24  1.78606e-09  -9.4203e-24   -4.237e-09  4.68253e-23  7.71338e-09 -1.84775e-22 -1.06439e-08  5.94002e-22  1.07276e-08 -1.58606e-21 -7.15546e-09  3.56332e-21  2.10948e-09 -6.78558e-21  1.03518e-09  1.09769e-20 -1.17519e-09 -1.50354e-20  9.76125e-11  1.72556e-20  3.27849e-10 -1.62111e-20 -7.84319e-11   1.1813e-20 -8.56299e-11  -5.6394e-21  2.09322e-11  8.04501e-23    2.331e-11  3.10505e-21 -2.38876e-12 -3.66086e-21  -5.8833e-12  2.56051e-21 -6.92792e-13 -1.07321e-21  1.08937e-12  2.21173e-23  4.43797e-13     3.88e-22 -7.49942e-14 -3.53156e-22 -1.05928e-13  1.69745e-22   -2.399e-14 -3.19295e-23  8.51074e-15 -1.61411e-23  6.90288e-15  1.38802e-23  1.46109e-15  -3.2729e-24 -3.49525e-16 -9.89279e-25 -3.23832e-16  8.42349e-25 -9.01239e-17 -9.70962e-26 -1.42262e-18 -9.79681e-26  8.44172e-18  3.23914e-26  3.50363e-18  7.30943e-27  6.67457e-19 -4.28934e-27 -1.22678e-20 -6.69774e-28 -5.15862e-20  7.86681e-28 -1.82411e-20 -1.65087e-28 -3.55668e-21 -6.11602e-29 -2.86496e-22  2.76366e-29  6.88598e-23  1.26921e-29  3.36242e-23 -3.62086e-30  7.70068e-24 -2.01992e-30  1.14857e-24  1.59732e-31  9.94603e-26  1.72142e-31 -1.95249e-27  2.48308e-32 -2.47881e-27 -7.49906e-33 -5.11488e-28 -2.78241e-33 -6.79919e-29 -7.33524e-35 -6.52497e-30  1.01129e-34 -4.40447e-31  2.00379e-35 -1.63984e-32  1.19432e-36  4.03837e-34 -2.79738e-37  1.15105e-34 -5.18486e-38    9.492e-36 -6.43193e-40  4.82618e-37  2.87808e-40  1.59575e-38  2.60471e-41  3.15407e-40   1.5721e-42   2.8917e-42   2.9556e-44
-7.60751e-29  1.22011e-13  6.98975e-28  -2.5638e-12 -1.22074e-27  2.76592e-11 -3.18663e-27 -1.91885e-10   2.2941e-26  9.40726e-10 -3.23603e-25 -3.42175e-09  3.86333e-24  9.47493e-09  -2.8442e-23 -2.01851e-08  1.46157e-22  3.29829e-08 -5.71378e-22 -4.04988e-08  1.78636e-21  3.54108e-08 -4.60152e-21 -1.88728e-08  9.94149e-21  1.90217e-09 -1.81892e-20  5.13397e-09  2.82752e-20 -2.84922e-09 -3.72407e-20 -6.83628e-10  4.11396e-20  9.96947e-10 -3.72819e-20  7.27037e-11  2.63627e-20 -2.79439e-10 -1.25251e-20 -2.56277e-11   9.2121e-22  6.91964e-11  5.33901e-21  1.56366e-11 -6.40325e-21 -1.33188e-11  4.51111e-21 -6.44551e-12 -2.01665e-21  1.16479e-12  2.55838e-22  1.63529e-12  4.79621e-22  2.91956e-13 -4.94655e-22 -1.97341e-13  2.46696e-22 -1.20081e-13 -4.79201e-23 -1.28708e-14 -2.21912e-23  1.31916e-14  1.91871e-23  7.00586e-15 -4.39109e-24  1.05836e-15 -1.46992e-24 -4.34388e-16  1.22552e-24  -2.9717e-16 -1.42462e-25 -7.45504e-17 -1.44663e-25 -1.06409e-18  4.59557e-26  6.25714e-18  1.03943e-26  2.54367e-18 -5.30678e-27  5.10721e-19 -6.72148e-28  1.89955e-20   9.2284e-28  -2.4448e-20 -3.65162e-28 -9.69261e-21 -6.23008e-29 -2.09191e-21  6.39941e-29 -2.56709e-22  1.91088e-29  1.41902e-24 -7.80216e-30  9.22262e-24 -3.29869e-30  2.54791e-24  3.18758e-31  4.34492e-25  2.81685e-31  5.08081e-26  3.65295e-32  3.47899e-27 -1.12679e-32 -6.65087e-29 -3.90937e-33  -5.8498e-29  -6.9555e-35 -9.58705e-30  1.38567e-34 -1.01423e-30  2.77008e-35 -7.77761e-32  1.90706e-36  -4.3268e-33 -2.83876e-37 -1.60967e-34 -5.00208e-38 -2.73076e-36  5.20564e-41  7.70974e-38  2.86768e-40  6.20732e-39  2.11345e-41  1.47332e-40  9.15141e-43  1.09546e-42
-4.40664e-14 -1.01491e-27  1.68001e-12  4.45953e-27  -2.4593e-11 -3.18663e-27  2.13022e-10  1.24339e-26  -1.2556e-09 -3.09231e-25  5.38562e-09  1.24494e-24 -1.74262e-08  3.43655e-24   4.3312e-08  -6.1628e-23 -8.30726e-08  3.70234e-22  1.21803e-07 -1.49112e-21 -1.32409e-07  4.60856e-21  9.86744e-08  -1.1547e-20 -3.84789e-08  2.41063e-20 -7.43803e-09 -4.25114e-20  1.65906e-08  6.36426e-20 -4.16244e-09 -8.07084e-20 -3.94787e-09  8.58507e-20  1.96057e-09  -7.4966e-20   9.4107e-10  5.12561e-20 -5.61633e-10 -2.39723e-20 -2.73445e-10  2.73159e-21  1.14872e-10  7.96028e-21  8.38157e-11 -9.66763e-21 -1.01831e-11  6.82672e-21 -2.09178e-11 -3.20847e-21 -3.48792e-12  6.43922e-22  3.13381e-12  5.06121e-22  1.67338e-12 -6.23782e-22  1.72318e-14  3.25007e-22 -2.75607e-13 -6.53537e-23  -1.0665e-13 -2.69739e-23 -4.79132e-16  2.37499e-23  1.46302e-14 -5.52996e-24  5.95418e-15 -1.83113e-24  6.54613e-16   1.6268e-24 -3.98619e-16 -2.07086e-25 -2.29319e-16 -1.90082e-25 -5.44642e-17  5.56605e-26  -1.6726e-18   1.2856e-26  3.68185e-18 -4.39192e-27  1.52896e-18 -2.19679e-28  3.28011e-19  6.50593e-28  2.80773e-20 -7.16357e-28 -7.61397e-21 -2.49947e-29  -3.8872e-21  1.27542e-28 -9.29512e-22  2.59205e-29 -1.40646e-22 -1.43907e-29 -1.06835e-23 -4.88982e-30  1.04035e-24  5.47904e-31  5.27439e-25  4.09659e-31  1.04945e-25   4.7372e-32  1.40817e-26 -1.50414e-32  1.34443e-27   -4.708e-33  8.14431e-29 -6.57038e-36  6.72119e-31  1.73385e-34 -5.20801e-31  3.46869e-35  -7.2142e-32  2.69096e-36 -5.85257e-33 -2.25897e-37 -3.28501e-34 -3.82851e-38 -1.28936e-35  8.89273e-40  -3.3618e-37  2.50079e-40 -4.98453e-39  1.39138e-41 -3.13844e-41  3.43996e-43
 8.29223e-28 -7.90679e-13 -8.27274e-27  1.71758e-11  1.80594e-26 -1.91885e-10  1.24339e-26  1.38123e-09  2.13919e-25 -7.04212e-09 -3.18751e-24  2.67126e-08  1.53391e-23 -7.74093e-08 -3.08497e-23  1.73386e-07 -5.99449e-23 -2.99865e-07  7.32375e-22  3.93862e-07 -3.29281e-21 -3.76032e-07  1.03134e-20  2.31919e-07 -2.53996e-20 -5.21505e-08  5.15234e-20 -4.63328e-08 -8.78876e-20  3.93469e-08  1.27028e-19  8.17574e-10 -1.55355e-19 -1.23109e-08  1.59203e-19  1.64688e-09 -1.33795e-19  3.39883e-09  8.80812e-20 -4.51925e-10 -4.00695e-20 -9.23861e-10  5.51533e-21   4.4374e-12  1.05054e-20  2.23584e-10 -1.27793e-20  4.59668e-11  9.01681e-21 -3.76296e-11  -4.4492e-21 -2.01154e-11  1.15534e-21  1.23532e-12  4.53052e-22  4.17046e-12 -7.23796e-22  1.25152e-12  3.93289e-22 -2.31016e-13 -8.08635e-23 -2.83653e-13 -2.89865e-23 -7.76954e-14   2.6296e-23  7.59828e-15 -6.68232e-24  1.29553e-14 -1.89456e-24  4.38791e-15  2.01308e-24  3.76314e-16 -2.84578e-25 -2.88815e-16 -2.29963e-25 -1.50908e-16  5.23868e-26 -3.53484e-17  1.46105e-26 -2.09763e-18   6.0289e-28    1.679e-18  9.08968e-28  7.52514e-19 -3.78284e-28  1.73397e-19 -1.26754e-27   2.1424e-20  7.27958e-29 -7.71753e-22  2.24705e-28 -1.10211e-21  3.23522e-29 -3.03805e-22 -2.33028e-29 -5.24706e-23  -6.6333e-30 -5.95576e-24  8.31137e-31 -2.94282e-25  5.34807e-31  4.66992e-26  5.41456e-32  1.47827e-26 -1.78702e-32  2.27514e-27 -4.78255e-33  2.43486e-28  1.45369e-34  1.90132e-29  2.03723e-34  1.02762e-30  4.02854e-35  2.82632e-32  3.43457e-36  -8.9229e-34 -1.18314e-37 -1.48664e-34 -2.10886e-38 -8.52983e-36  1.49018e-39  -2.7916e-37  1.86378e-40 -4.98544e-39  7.04051e-42 -3.38217e-41
 2.33704e-13  9.68881e-27 -9.21357e-12 -4.64972e-26  1.39696e-10   2.2941e-26  -1.2556e-09  2.13919e-25  7.69577e-09  1.56982e-24 -3.44122e-08 -1.91818e-23  1.16439e-07  8.89087e-23 -3.03847e-07  -2.3156e-22  6.15185e-07  2.27906e-22 -9.59842e-07  9.62342e-22  1.12563e-06 -6.08134e-21 -9.32097e-07  2.01316e-20  4.51048e-07 -4.94186e-20  -3.2679e-09  9.80403e-20  -1.5142e-07 -1.62407e-19  6.69958e-08  2.27276e-19  2.69079e-08 -2.68603e-19  -2.6368e-08  2.65395e-19 -4.64605e-09 -2.14399e-19  7.72832e-09   1.3523e-19  1.43614e-09 -5.89956e-20 -1.90837e-09  8.57685e-21 -6.18843e-10  1.25244e-20  3.44547e-10 -1.49069e-20  2.18445e-10  1.04911e-20 -1.82234e-11 -5.49081e-21 -5.03918e-11  1.71609e-21 -1.24403e-11  3.41121e-22  5.07809e-12 -7.91223e-22  3.99369e-12  4.39107e-22  6.66695e-13 -8.90264e-23 -3.55194e-13 -2.68799e-23 -2.36906e-13  2.55548e-23 -4.80844e-14 -7.92912e-24  9.89721e-15 -1.53135e-24  9.60324e-15  2.38104e-24  2.87084e-15 -3.46538e-25  2.23526e-16  -2.6864e-25 -1.68492e-16  2.31169e-26 -8.48449e-17  1.67506e-26 -2.01966e-17  1.22555e-26 -1.86832e-18  2.82002e-27   5.4813e-19 -2.49389e-27  2.95677e-19 -2.05278e-27  7.37115e-20  2.43037e-28  1.11914e-20  3.56165e-28  6.60701e-22  3.80572e-29 -1.78945e-22  -3.3639e-29   -6.877e-23 -8.25996e-30 -1.34335e-23  1.13487e-30 -1.79709e-24  6.31731e-31 -1.62867e-25  5.43098e-32 -6.78913e-27 -1.86907e-32  7.18988e-28 -3.85348e-33  1.88984e-28  3.98094e-34  2.29256e-29    2.301e-34  1.90236e-30  4.41431e-35  1.14454e-31  4.00892e-36  4.89912e-33  6.03641e-39  1.35341e-34 -4.71911e-39  1.66713e-36  1.61994e-39 -2.13355e-38  1.14225e-40 -8.76761e-40  2.37459e-42
-6.59597e-27  3.60459e-12  7.13381e-26 -8.11297e-11 -1.76915e-25  9.40726e-10 -3.09231e-25 -7.04212e-09  1.56982e-24  3.74254e-08    8.389e-24 -1.48393e-07 -8.88237e-23  4.51058e-07  3.84605e-22 -1.06457e-06 -1.02962e-21  1.95245e-06  1.61859e-21 -2.74663e-06 -2.82215e-23   2.8601e-06 -9.01514e-21 -2.01376e-06  3.42873e-20  6.81628e-07 -8.55528e-20  2.46078e-07  1.67268e-19 -3.60804e-07 -2.70299e-19  6.16345e-08  3.67499e-19  9.72428e-08 -4.20805e-19 -3.69196e-08  4.01429e-19 -2.50324e-08 -3.11401e-19  1.10924e-08  1.87056e-19  7.28353e-09  -7.6837e-20 -2.16538e-09  1.04215e-20 -2.14624e-09  1.38247e-20  9.32971e-11 -1.53746e-20  5.09059e-10  1.07945e-20  1.17885e-10  -6.1428e-21 -6.86405e-11  2.22982e-21 -4.52456e-11  2.30529e-22  -3.2267e-12 -8.38214e-22  6.60089e-12  4.49174e-22  3.03805e-12 -8.28714e-23  1.94646e-13 -1.93736e-23 -3.51062e-13  2.05584e-23 -1.68494e-13 -9.52083e-24 -2.62712e-14  -7.2646e-25  8.22297e-15  2.78267e-24  6.09887e-15 -3.40962e-25  1.68875e-15 -3.22939e-25  1.42725e-16 -4.64667e-26 -7.84005e-17  2.17512e-26 -4.03988e-17  3.28921e-26 -9.96818e-18  5.45749e-27 -1.23556e-18 -5.87799e-27  9.18461e-20 -3.08018e-27  8.83253e-20  4.76321e-28  2.44501e-20  5.14028e-28  4.23606e-21  4.34695e-29  4.46986e-22  -4.3682e-29  5.43456e-24 -9.42979e-30 -9.06369e-24  1.42301e-30 -2.23834e-24  6.81415e-31 -3.35038e-25  4.77917e-32 -3.57824e-26 -1.65663e-32 -2.69759e-27 -1.87951e-33 -1.16316e-28  7.34396e-34  2.12767e-30  2.53269e-34  8.71914e-31  4.60169e-35  8.33944e-32  4.28739e-36  4.91177e-33  1.08509e-37  1.93313e-34  6.01871e-39  4.89011e-36  1.31743e-39   6.9605e-38  5.40253e-41   3.4571e-40
-8.95242e-13 -6.98858e-26  3.65873e-11  3.77197e-25 -5.76003e-10 -3.23603e-25  5.38562e-09 -3.18751e-24 -3.44122e-08    8.389e-24  1.60822e-07  3.65173e-23 -5.70486e-07 -3.42911e-22   1.5668e-06  1.37576e-21 -3.35629e-06 -3.57745e-21  5.58298e-06  6.17204e-21 -7.06813e-06 -5.00471e-21  6.47959e-06 -9.31022e-21 -3.75199e-06  5.06524e-20  6.16982e-07 -1.32249e-19  9.32873e-07  2.57121e-19 -6.58407e-07 -4.07365e-19 -7.13283e-08  5.40318e-19  2.27028e-07 -6.01557e-19 -1.38324e-08  5.55293e-19 -6.58617e-08 -4.13362e-19  4.08248e-09  2.34763e-19  1.81309e-08 -8.84485e-20  1.07154e-09  9.09216e-21 -4.32289e-09   1.4598e-20 -1.16533e-09 -1.39386e-20  6.83766e-10  9.81157e-21   4.4239e-10 -6.36332e-21 -9.65652e-13  2.60483e-21 -8.50705e-11  2.12107e-22 -3.01382e-11 -8.87881e-22  3.19317e-12  4.09295e-22   6.0351e-12 -5.56105e-23  1.92408e-12 -4.84916e-24 -5.80992e-14  1.09633e-23 -2.72004e-13  -1.1968e-23 -1.05181e-13  3.96524e-25 -1.33393e-14  3.33852e-24  5.20574e-15 -2.05705e-25  3.34911e-15  -4.2175e-25  8.93891e-16 -1.67055e-25  9.09458e-17  3.31306e-26 -2.77307e-17  6.36847e-26 -1.59716e-17  8.63444e-27 -4.14635e-18 -1.04432e-26 -6.23782e-19 -4.32652e-27 -2.08984e-20  7.34736e-28  1.78843e-20  6.81116e-28   6.0388e-21   4.9798e-29  1.16356e-21 -5.12421e-29  1.51902e-22 -9.80405e-30  1.19209e-23   1.6788e-30 -8.21382e-26   6.8158e-31 -1.99526e-25  3.81976e-32 -3.69264e-26 -1.09263e-32 -4.31504e-27  9.03747e-34 -3.64322e-28  1.10671e-33 -2.23362e-29   2.7169e-34 -9.13779e-31  4.55758e-35 -1.60036e-32  4.18327e-36  7.14923e-34  1.62377e-37  6.27916e-35   9.8143e-39  2.05157e-36   8.2085e-40   2.9843e-38  1.70446e-41
 4.04338e-26 -1.21247e-11 -4.77187e-25  2.83532e-10  1.46521e-24 -3.42175e-09  1.24494e-24  2.67126e-08 -1.91818e-23 -1.48393e-07  3.65173e-23  6.16733e-07  1.35789e-22 -1.97172e-06 -1.14624e-21  4.91636e-06  4.25051e-21 -9.58449e-06  -1.0495e-20  1.44656e-05  1.81572e-20 -1.64246e-05  -1.9302e-20  1.30813e-05 -1.55583e-21 -5.85509e-06  6.39281e-20 -4.55979e-07 -1.82847e-19  2.32154e-06  3.57117e-19 -8.66521e-07 -5.57761e-19 -4.84296e-07  7.25404e-19  3.81857e-07 -7.89098e-19  9.83255e-08  7.07408e-19 -1.17376e-07 -5.05448e-19 -2.99289e-08  2.69051e-19  2.93678e-08 -8.92025e-20  1.16941e-08  2.87083e-21 -5.12384e-09  1.53458e-20 -3.90282e-09 -1.08801e-20  1.26644e-10  7.83201e-21   8.6548e-10 -6.29052e-21  2.52293e-10  2.77686e-21 -7.71979e-11  3.87275e-22 -7.31248e-11 -9.64217e-22 -1.48482e-11  3.04845e-22  5.64351e-12 -3.23956e-24  4.44471e-12  1.90984e-23  1.04781e-12 -2.72937e-24 -1.29599e-13 -1.60615e-23 -1.76146e-13  1.61612e-24 -5.87817e-14  4.22445e-24 -6.67005e-15  1.03323e-25  2.61512e-15 -6.00396e-25  1.58755e-15 -3.40013e-25   4.2133e-16  5.46135e-26  5.23085e-17  1.03906e-25 -6.33352e-18  1.21523e-26 -5.06215e-18 -1.57749e-26 -1.41108e-18 -5.73979e-27 -2.42122e-19  9.53748e-28 -2.20194e-20  8.33264e-28   1.4354e-21   5.8535e-29  1.00944e-21 -5.42813e-29  2.24086e-22 -9.12852e-30  3.28137e-23  1.92153e-30  3.38996e-24   6.5104e-31  2.19581e-25  3.24053e-32  1.23746e-27 -1.78168e-33 -1.79636e-27  4.04119e-33 -2.67304e-28  1.44726e-33 -2.37907e-29   2.8079e-34 -1.48409e-30  4.25045e-35 -6.57519e-32  3.69452e-36 -1.96786e-33  1.63511e-37 -3.47069e-35  8.52623e-39 -2.30449e-37  3.79623e-40  9.53226e-40
 2.56299e-12   3.9525e-25 -1.08921e-10 -2.41058e-24  1.78606e-09  3.86333e-24 -1.74262e-08  1.53391e-23  1.16439e-07 -8.88237e-23 -5.70486e-07  1.35789e-22  2.12804e-06  4.43067e-22 -6.16949e-06 -3.39315e-21  1.40218e-05  1.16219e-20 -2.49264e-05 -2.69269e-20  3.41134e-05  4.49708e-20 -3.45459e-05 -5.09681e-20  2.34072e-05  2.14939e-20  -7.0386e-06  6.67809e-20 -3.72607e-06 -2.26268e-19  4.45932e-06  4.48506e-19 -5.22987e-07 -6.94408e-19 -1.31697e-06  8.91279e-19  4.18399e-07 -9.53898e-19    3.586e-07  8.35299e-19 -1.33253e-07 -5.73972e-19 -1.06183e-07  2.83531e-19  2.55378e-08 -7.68943e-20  3.12258e-08   -8.988e-21 -1.27522e-10    1.665e-20 -7.33803e-09 -6.86454e-21 -1.97684e-09  5.44342e-21  9.43893e-10 -6.20302e-21  7.05282e-10  2.72122e-21  7.17846e-11  8.43332e-22 -9.77182e-11 -1.08074e-21 -4.96236e-11  1.22333e-22 -4.64996e-12  7.30675e-23  5.25672e-12  5.56922e-23  2.78932e-12 -1.92071e-23  5.06877e-13 -2.27326e-23 -1.08178e-13  2.72258e-24 -9.80046e-14  5.62574e-24 -2.97186e-14  5.78179e-25 -3.38295e-15 -8.91423e-25  1.03213e-15 -5.53582e-25  6.41952e-16  8.90142e-26   1.7343e-16  1.50758e-25  2.54745e-17  1.59805e-26 -1.04475e-19 -2.11681e-26 -1.20253e-18 -7.24743e-27 -3.78053e-19   1.0553e-27  -7.1575e-20  9.44391e-28 -8.79544e-21   7.0628e-29 -4.64413e-22 -5.15814e-29  8.14127e-23 -7.29756e-30   2.7489e-23  2.20603e-30  4.53447e-24  6.24351e-31  5.19621e-25  3.81653e-32  4.32257e-26  1.01085e-32  2.43725e-27  6.98099e-33  5.94128e-29  1.68664e-33 -4.38693e-30  2.74909e-34 -6.20648e-31  3.68479e-35 -3.89183e-32  2.92377e-36 -1.49203e-33  1.28157e-37 -3.43688e-35  5.23784e-39 -3.86911e-37  1.14654e-40
-1.97139e-25   3.0829e-11  2.52842e-24 -7.51683e-10  -9.4203e-24  9.47493e-09  3.43655e-24 -7.74093e-08  8.89087e-23  4.51058e-07 -3.42911e-22 -1.97172e-06  4.43067e-22  6.65238e-06  1.29129e-21 -1.75806e-05 -9.03309e-21  3.65395e-05  2.85736e-20 -5.93046e-05 -6.16513e-20  7.34671e-05  9.72653e-20 -6.57936e-05 -1.09018e-19  3.66097e-05  6.54179e-20 -4.40032e-06  5.40848e-20 -1.05774e-05 -2.51158e-19  6.73633e-06  5.08475e-19  1.14335e-06 -7.84113e-19 -2.51721e-06  1.00176e-18  5.04872e-08  -1.0656e-18  7.65201e-07  9.19695e-19   -2.039e-08 -6.10841e-19 -2.16409e-07  2.77371e-19 -1.95191e-08 -5.28894e-20  5.23472e-08 -2.59023e-20  1.58401e-08  1.89309e-20 -8.21067e-09 -2.63595e-21 -5.83585e-09  3.30525e-21 -1.20917e-10 -6.43443e-21  1.10931e-09  2.45258e-21  4.23028e-10  1.63245e-21   -3.308e-11 -1.23259e-21 -8.19665e-11 -1.47777e-22 -2.80191e-11  1.66046e-22  9.27454e-14  1.08187e-22  3.71636e-12 -3.67172e-23  1.54015e-12 -3.27236e-23  2.27051e-13  3.66771e-24 -6.37719e-14  7.66927e-24 -4.73328e-14  1.13422e-24 -1.35946e-14 -1.31551e-24 -1.69248e-15 -7.83595e-25  2.98291e-16  1.37123e-25  2.16323e-16  1.99973e-25  6.07377e-17  2.04316e-26  1.01442e-17 -2.57526e-26  6.74037e-19  -8.7631e-27 -1.78306e-19   9.7022e-28 -7.50475e-20   9.9309e-28  -1.5686e-20  8.57448e-29  -2.2208e-21 -4.31591e-29 -2.08081e-22 -4.37745e-30 -7.49536e-24  2.60059e-30  1.47233e-24  6.37829e-31  3.58563e-25  6.04876e-32  4.53823e-26  2.31955e-32  4.00886e-27  9.21486e-33  2.58384e-28  1.77443e-33  1.17882e-29  2.50781e-34  3.33343e-31  2.92831e-35  2.55975e-33  2.04864e-36 -1.98111e-34  8.07096e-38 -7.43749e-36  2.32131e-39 -7.31957e-38
-5.56784e-12  -1.7956e-24  2.47068e-10  1.21977e-23   -4.237e-09  -2.8442e-23   4.3312e-08 -3.08497e-23 -3.03847e-07  3.84605e-22   1.5668e-06 -1.14624e-21 -6.16949e-06  1.29129e-21   1.8951e-05  3.40523e-21 -4.58581e-05 -2.18739e-20  8.73905e-05  6.38995e-20 -0.000129563 -1.27658e-19  0.000144827  1.87318e-19 -0.000113216 -1.98946e-19  4.84185e-05  1.27683e-19  6.78475e-06  2.98797e-20 -2.17148e-05 -2.52808e-19  7.39855e-06  5.17669e-19   4.9697e-06 -7.96378e-19 -3.58514e-06  1.02529e-18   -1.084e-06  -1.1008e-18  1.15856e-06  9.49367e-19  3.33507e-07 -6.15815e-19 -2.99825e-07  2.55964e-19 -1.29254e-07 -2.19589e-20  5.32561e-08 -4.62137e-20  4.34964e-08  2.23218e-20 -8.68506e-10  1.31439e-21 -9.79286e-09  1.91495e-21 -3.00165e-09 -7.28328e-21  8.64416e-10  2.01366e-21  8.70121e-10  2.76038e-21  1.86892e-10 -1.39539e-21 -6.53833e-11 -5.07181e-22 -5.46829e-11  2.63672e-22 -1.35911e-11  1.78211e-22  1.34938e-12 -5.37155e-23  2.17886e-12 -4.61464e-23  7.63564e-13  4.69882e-24  9.88199e-14  1.03612e-23  -2.9107e-14  1.60948e-24 -1.98104e-14 -1.87641e-24 -5.56915e-15  -9.9968e-25 -7.84658e-16  1.96844e-25  4.63941e-17  2.47014e-25  5.82971e-17  2.62438e-26  1.75176e-17 -2.86633e-26  3.22158e-18  -1.0185e-26  3.48559e-19  6.63945e-28  -8.6578e-22  9.68945e-28 -9.64956e-21  1.02153e-28  -2.4097e-21 -3.02202e-29 -3.74867e-22  -5.8623e-31  -4.1488e-23  3.15086e-30 -3.14805e-24  7.12826e-31 -1.13188e-25  9.85486e-32  8.56687e-27  3.53406e-32  1.89376e-27  1.03967e-32  1.81687e-28  1.69493e-33  1.14798e-29  2.10191e-34  5.02295e-31  2.10409e-35  1.46943e-32  1.25209e-36  2.56761e-34  4.05125e-38  1.97555e-36  6.64174e-40
  7.8149e-25 -5.97345e-11 -1.08146e-23  1.52594e-09  4.68253e-23 -2.01851e-08  -6.1628e-23  1.73386e-07  -2.3156e-22 -1.06457e-06  1.37576e-21  4.91636e-06 -3.39315e-21 -1.75806e-05  3.40523e-21  4.94469e-05  8.20664e-21 -0.000109982 -4.86107e-20  0.000192571  1.31137e-19 -0.000260714 -2.41392e-19   0.00026165   3.2503e-19 -0.000174933 -3.15968e-19  4.93558e-05   1.9012e-19  3.21496e-05  1.42829e-20 -3.56879e-05 -2.39854e-19  3.39134e-06    4.681e-19  1.12328e-05 -7.12984e-19 -3.39081e-06  9.44081e-19 -3.19162e-06 -1.04865e-18  1.15084e-06  9.22568e-19   9.7434e-07 -5.95707e-19 -2.30443e-07  2.29508e-19 -2.95329e-07  9.10506e-21  6.44638e-10 -6.79502e-20  7.18094e-08  2.66913e-20  1.96599e-08   4.9686e-21  -9.5855e-09  1.47157e-21 -7.25136e-09  -8.9508e-21 -7.43226e-10  1.45623e-21  1.03573e-09   4.1856e-21   5.3286e-10 -1.53119e-21  5.14451e-11 -9.45296e-22 -5.72478e-11   3.5248e-22 -3.09875e-11  2.63683e-22 -5.83586e-12 -6.95745e-23  1.13663e-12 -6.21068e-23  1.09659e-12  6.41394e-24  3.43627e-13  1.35617e-23  4.31003e-14  1.79488e-24 -1.02905e-14 -2.56198e-24 -7.09648e-15 -1.17547e-24  -2.0038e-15  2.62753e-25 -3.17942e-16  2.88349e-25 -8.30247e-18   3.4491e-26  1.15627e-17 -2.91985e-26  3.98318e-18 -1.13845e-26  7.94042e-19  1.57254e-28  1.05342e-19  8.76804e-28  7.59587e-21  1.17488e-28  -4.0077e-22 -1.46666e-29 -2.26081e-22  3.75375e-30 -4.05885e-23  3.84645e-30 -4.85254e-24  8.44282e-31 -4.22299e-25  1.44909e-31 -2.62293e-26  4.43077e-32 -9.91472e-28  1.04153e-32 -1.15558e-30  1.47188e-33  2.65736e-30  1.59982e-34  1.87549e-31  1.34777e-35   6.8704e-33   6.5396e-37  1.34489e-34  1.54896e-38  9.53828e-37
 9.17513e-12  6.67671e-24  -4.2762e-10 -4.97189e-23  7.71338e-09  1.46157e-22 -8.30726e-08 -5.99449e-23  6.15185e-07 -1.02962e-21 -3.35629e-06  4.25051e-21  1.40218e-05 -9.03309e-21 -4.58581e-05  8.20664e-21  0.000118693  1.82186e-20 -0.000243475 -9.98461e-20  0.000392286  2.48728e-19 -0.000484396 -4.20025e-19  0.000433143  5.12096e-19 -0.000239386 -4.38543e-19  2.43227e-05  2.14391e-19  7.56422e-05  4.58239e-20 -4.73083e-05 -2.36366e-19 -8.96755e-06  3.67498e-19  1.87451e-05 -5.34996e-19 -3.12388e-07  7.60332e-19 -5.95287e-06 -9.12446e-19  1.80149e-07   8.4464e-19   1.7551e-06 -5.61175e-19   1.4708e-07  2.10325e-19 -4.44904e-07  3.34768e-20 -1.31646e-07  -8.9741e-20  7.42405e-08  3.17344e-20  5.15233e-08  8.81529e-21  3.75915e-10  1.88731e-21 -1.03696e-08  -1.1514e-20 -3.87828e-09   8.1974e-22  3.67081e-10  5.82434e-21  7.96589e-10  -1.5992e-21   2.6945e-10  -1.4353e-21 -2.81952e-12  4.21636e-22 -3.72813e-11  3.57165e-22 -1.54511e-11 -8.50561e-23 -2.30717e-12 -7.85935e-23  6.33904e-13  9.69745e-24  4.79926e-13  1.70169e-23  1.40495e-13  1.48963e-24  1.85759e-14  -3.3501e-24 -2.60515e-15 -1.29903e-24 -2.12275e-15  3.26204e-25 -6.16474e-16  3.22186e-25 -1.07858e-16  4.62951e-26 -8.82682e-18 -2.69277e-26  1.29808e-18 -1.21937e-26  6.64945e-19 -4.66217e-28  1.46049e-19  7.37685e-28  2.15595e-20  1.30142e-28    2.189e-21  1.59987e-30  1.18906e-22  8.26652e-30 -6.08054e-24  4.60738e-30  -2.3691e-24  1.00042e-30 -3.22257e-25  1.87777e-31 -2.90771e-26  4.84326e-32 -1.89196e-27  9.40629e-33 -8.81493e-29  1.15997e-33 -2.73771e-30  1.09395e-34 -4.49852e-32  7.57266e-36  6.69726e-35  2.82756e-37  1.32481e-35  3.94039e-39
-2.55904e-24  8.75356e-11  3.79903e-23 -2.35966e-09 -1.84775e-22  3.29829e-08  3.70234e-22 -2.99865e-07  2.27906e-22  1.95245e-06 -3.57745e-21 -9.58449e-06  1.16219e-20  3.65395e-05 -2.18739e-20 -0.000109982  1.82186e-20  0.000263141  3.74917e-20 -0.000499259 -1.90631e-19  0.000740939  4.38548e-19 -0.000832482 -6.76778e-19  0.000655658  7.36532e-19  -0.00028134 -5.26322e-19 -4.48417e-05  1.45011e-19  0.000135427  1.75223e-19 -4.70038e-05 -2.75918e-19 -3.21845e-05   2.3733e-19  2.41134e-05 -2.85087e-19  7.09891e-06  4.97899e-19 -8.18855e-06 -7.06828e-19 -2.23089e-06  7.23097e-19  2.24174e-06 -5.22904e-19  9.16291e-07  2.10158e-19 -4.32256e-07  4.61618e-20 -3.30349e-07 -1.11445e-19  1.61429e-08  3.70108e-20   8.0042e-08  1.36876e-20  2.29421e-08  2.92478e-21 -8.02841e-09 -1.49196e-20 -7.36661e-09  1.14642e-22 -1.46994e-09  7.55593e-21  6.21092e-10 -1.56721e-21     4.84e-10 -1.93228e-21  1.15922e-10    4.661e-22 -1.42341e-11  4.45565e-22 -2.00611e-11 -1.02315e-22 -6.93128e-12 -9.27481e-23  -8.8371e-13  1.55396e-23  2.70464e-13  2.04404e-23  1.82561e-13  5.64673e-25   5.1682e-14 -4.21579e-24  7.51493e-15 -1.37914e-24 -3.13312e-16  3.76067e-25 -5.07497e-16  3.48361e-25 -1.56707e-16  6.24005e-26 -2.96114e-17 -2.17393e-26 -3.43923e-18 -1.24073e-26 -7.83625e-20 -1.07084e-27  6.86005e-20  5.85537e-28  1.86906e-20  1.40509e-28  3.00018e-21   1.7223e-29  3.42106e-22  1.25593e-29  2.76923e-23  5.29894e-30  1.33444e-24  1.13416e-30  -1.1121e-26  2.15419e-31 -9.05769e-27  4.71898e-32 -9.45755e-28  7.69937e-33 -5.93093e-29  8.26076e-34 -2.47265e-30   6.6437e-35 -6.63367e-32  3.65364e-36 -9.95982e-34  9.55032e-38 -5.29145e-36
-1.12523e-11 -2.06123e-23  5.56026e-10  1.66306e-22 -1.06439e-08 -5.71378e-22  1.21803e-07  7.32375e-22 -9.59842e-07  1.61859e-21  5.58298e-06  -1.0495e-20 -2.49264e-05  2.85736e-20  8.73905e-05 -4.86107e-20 -0.000243475  3.74917e-20  0.000540708  7.18769e-20 -0.000951276 -3.39833e-19    0.0013009  7.22209e-19  -0.00132486 -1.01544e-18  0.000902894  9.70958e-19 -0.000261577 -5.26306e-19 -0.000172894 -7.80643e-20  0.000199644    4.501e-19 -2.23357e-05 -3.87476e-19 -6.49566e-05  1.04504e-19  2.18437e-05 -5.19199e-21  1.89712e-05  1.99635e-19 -7.85799e-06 -4.51955e-19 -6.03992e-06  5.62514e-19  1.76009e-06 -4.88991e-19  1.95047e-06  2.38217e-19 -8.48567e-08   4.5256e-20  -5.1398e-07 -1.34182e-19 -1.23195e-07  4.18674e-20  7.78525e-08  2.04526e-20  5.28101e-08   4.3821e-21  3.67235e-09 -1.89784e-20 -8.49474e-09 -6.82678e-22 -4.04392e-09  9.22702e-21 -2.83146e-10 -1.41965e-21  4.92094e-10 -2.37549e-21  2.49329e-10   4.8756e-22  4.35503e-11  5.11681e-22 -1.07813e-11 -1.24386e-22 -9.27689e-12 -1.01475e-22 -2.83304e-12  2.47913e-23  -3.4184e-13  2.36149e-23  8.96796e-14  -9.8741e-25   5.9648e-14 -5.13502e-24  1.67756e-14 -1.44422e-24  2.69434e-15  4.00147e-25   9.2257e-17  3.67461e-25 -8.86142e-17   8.2753e-26 -3.14194e-17 -1.38429e-26  -6.3571e-18 -1.18117e-26 -8.67326e-19 -1.49812e-27 -6.99704e-20  4.59896e-28  9.56357e-22  1.51181e-28  1.39461e-21  3.15241e-29  2.65369e-22   1.6245e-29  3.22222e-23  5.77063e-30  2.83277e-24  1.20103e-30  1.80903e-25  2.20612e-31  7.70711e-27  4.13657e-32  1.40605e-28   5.7124e-33 -6.52834e-30  5.28084e-34 -5.96336e-31  3.53277e-35  -2.0322e-32  1.46556e-36 -3.04938e-34   2.1846e-38
 6.99755e-24  -9.4139e-11 -1.11132e-22  2.71085e-09  5.94002e-22 -4.04988e-08 -1.49112e-21  3.93862e-07  9.62342e-22 -2.74663e-06  6.17204e-21  1.44656e-05 -2.69269e-20 -5.93046e-05  6.38995e-20  0.000192571 -9.98461e-20 -0.000499259  7.18769e-20   0.00103309  1.28861e-19  -0.00168907 -5.67568e-19   0.00212798  1.11517e-18  -0.00195299 -1.42627e-18   0.00111913   1.1777e-18 -0.000133165 -3.87635e-19 -0.000361682 -5.00568e-19  0.000244465  8.95059e-19  3.76862e-05  -5.7696e-19 -9.98044e-05 -1.00994e-20  5.85244e-06  2.48654e-19  3.29194e-05 -7.86353e-20 -2.64761e-06  -1.6653e-19 -1.02619e-05  3.61531e-19   -3.398e-07  -4.6446e-19  2.81838e-06  3.00056e-19  6.89738e-07  3.24513e-20  -5.3521e-07 -1.59707e-19 -3.21149e-07  4.52962e-20  1.62602e-08  2.96339e-20  7.37091e-08  6.23175e-21  2.43809e-08  -2.3356e-20 -4.09395e-09 -1.62032e-21 -5.88544e-09  1.06589e-20 -1.80643e-09 -1.15946e-21  1.05103e-10  -2.6958e-21  2.92803e-10  4.92722e-22  1.13074e-10   5.3736e-22  1.48543e-11 -1.54328e-22 -5.55341e-12 -1.02204e-22 -3.74257e-12  3.79295e-23 -1.05754e-12  2.64694e-23 -1.32966e-13 -3.03333e-24    2.176e-14 -6.08297e-24  1.63392e-14 -1.53363e-24  4.67478e-15  3.87265e-25  8.16892e-16  3.79767e-25  6.96305e-17  1.06257e-25 -8.35101e-18 -3.74467e-27 -4.60127e-18 -1.02413e-26 -1.01988e-18  -1.6077e-27 -1.51746e-19  3.95676e-28 -1.58152e-20  1.65694e-28 -9.80917e-22  4.42119e-29  1.16987e-23   1.8965e-29  1.18111e-23  5.90374e-30  1.69007e-24  1.17555e-30  1.51904e-25  2.03024e-31  9.67446e-27  3.27314e-32  4.38631e-28  3.82894e-33  1.34064e-29  3.00192e-34  2.38384e-31  1.61222e-35  1.45559e-33  4.60979e-37 -9.00573e-36
 9.73419e-12  5.33623e-23 -5.19396e-10 -4.63431e-22  1.07276e-08  1.78636e-21 -1.32409e-07 -3.29281e-21  1.12563e-06 -2.82215e-23 -7.06813e-06  1.81572e-20  3.41134e-05 -6.16513e-20 -0.000129563  1.31137e-19  0.000392286 -1.90631e-19 -0.000951276  1.28861e-19    0.0018408  2.16617e-19  -0.00280226 -8.90138e-19   0.00324926  1.61949e-18  -0.00266422 -1.88586e-18   0.00122076  1.32156e-18  0.000144813 -8.02502e-20 -0.000590788 -1.13725e-18  0.000236936  1.49508e-18  0.000136238 -8.10955e-19 -0.000122568 -1.01316e-19 -2.76477e-05  4.12083e-19  4.35538e-05 -2.76404e-19  8.84942e-06  1.38258e-19  -1.2863e-05  1.13428e-19 -4.24129e-06  -4.5264e-19  2.83661e-06  3.96772e-19   1.7751e-06  1.28219e-20 -2.35416e-07 -1.89313e-19 -4.93886e-07  4.58773e-20  -1.1351e-07   4.1077e-20  6.26205e-08   8.6458e-21  4.63847e-08 -2.75785e-20   7.1367e-09 -2.75004e-21 -4.95359e-09  1.16658e-20 -3.23246e-09 -8.03071e-22 -6.69577e-10 -2.82771e-21   1.4374e-10  4.89691e-22   1.4481e-10  5.07314e-22  4.62755e-11 -1.94353e-22  4.91095e-12 -9.35497e-23  -2.2249e-12  5.49003e-23 -1.31819e-12  2.90989e-23 -3.57276e-13 -5.31726e-24 -4.93553e-14  -7.0274e-24  2.88863e-15 -1.68412e-24  3.59621e-15  3.29792e-25   1.0797e-15  3.84618e-25  2.01593e-16  1.30846e-25  2.35271e-17  7.79881e-27  6.93427e-19 -7.64599e-27 -4.06142e-19 -1.31868e-27 -1.13112e-19  4.12713e-28 -1.81206e-20  1.86295e-28 -2.06204e-21  5.49211e-29 -1.69144e-22  2.04307e-29 -8.92523e-24  5.64922e-30 -1.06434e-25    1.059e-30   3.2208e-26  1.68591e-31  3.64617e-27  2.33767e-32  2.21065e-28  2.30467e-33  8.47179e-30  1.49729e-34  1.96813e-31   6.1183e-36  2.24254e-33  9.85338e-38
  -1.608e-23  6.85646e-11  2.73386e-22 -2.16646e-09 -1.58606e-21  3.54108e-08  4.60856e-21 -3.76032e-07 -6.08134e-21   2.8601e-06 -5.00471e-21 -1.64246e-05  4.49708e-20  7.34671e-05 -1.27658e-19 -0.000260714  2.48728e-19  0.000740939 -3.39833e-19  -0.00168907  2.16617e-19   0.00306744  3.41951e-19  -0.00435502 -1.31247e-18   0.00463875  2.21714e-18  -0.00335437 -2.36311e-18   0.00110986  1.38743e-18  0.000588777  3.91603e-19 -0.000813086 -1.96749e-18  0.000143655  2.18973e-18  0.000262611 -1.00897e-18 -0.000115063 -1.83014e-19 -7.68071e-05   4.1754e-19   4.3388e-05  -3.3838e-19  2.57572e-05  4.62227e-19 -1.12314e-05 -1.89502e-19 -9.23022e-06 -4.57221e-19  1.32382e-06  5.24127e-19  2.77465e-06 -6.06906e-21  4.55634e-07 -2.22656e-19 -5.11508e-07  4.19576e-20  -2.7963e-07  5.37835e-20  2.24028e-09  1.18967e-20  5.53479e-08  -3.1084e-20  2.22824e-08 -4.10532e-21  9.09593e-11  1.20869e-20 -3.42828e-09 -3.69789e-22 -1.50623e-09 -2.72275e-21 -2.07623e-10  4.83999e-22  9.06208e-11  4.12373e-22  6.18987e-11 -2.45242e-22   1.7358e-11 -7.56828e-23  1.69466e-12  7.50682e-23  -7.0815e-13  3.17132e-23 -4.00963e-13 -7.51081e-24 -1.07101e-13 -7.92119e-24 -1.63877e-14 -1.91606e-24 -3.83412e-16    2.262e-25  5.84523e-16   3.8062e-25  1.97167e-16  1.53876e-25  3.89974e-17  1.98534e-26  5.25899e-18 -4.14358e-27  4.30883e-19 -6.37983e-28 -1.05204e-21  5.08621e-28   -7.101e-21  2.11945e-28 -1.36108e-21  6.29231e-29 -1.62813e-22   2.0485e-29 -1.40372e-23  5.04188e-30 -8.83503e-25  8.76391e-31 -3.82742e-26  1.26554e-31 -8.98068e-28  1.50297e-32   7.4554e-30  1.23451e-33  1.34483e-30    6.425e-35  4.06577e-32  1.82196e-36  3.79509e-34
-5.06774e-12 -1.16524e-22   3.0771e-10  1.08735e-21 -7.15546e-09 -4.60152e-21  9.86744e-08  1.03134e-20 -9.32097e-07 -9.01514e-21  6.47959e-06  -1.9302e-20 -3.45459e-05  9.72653e-20  0.000144827 -2.41392e-19 -0.000484396  4.38548e-19    0.0013009 -5.67568e-19  -0.00280226  3.41951e-19   0.00479304  5.07019e-19  -0.00635543 -1.81885e-18   0.00619965  2.86622e-18  -0.00387563 -2.83203e-18  0.000699176  1.39718e-18    0.0011737  9.90316e-19   -0.0009594 -2.94874e-18 -5.63799e-05   2.8808e-18  0.000389613 -1.04799e-18 -6.09535e-05 -2.82749e-19 -0.000131938  1.99314e-19  2.53165e-05 -2.25412e-19   4.4051e-05  8.15894e-19 -3.23709e-06  -5.4893e-19 -1.35534e-05 -4.83501e-19 -1.99876e-06  6.71658e-19  3.07864e-06  -1.5735e-20  1.41929e-06 -2.57012e-19 -2.54363e-07  3.21153e-20 -4.05511e-07  6.60257e-20 -1.03157e-07  1.61838e-20  3.65852e-08 -3.33385e-20  3.37762e-08 -5.69098e-21  8.42273e-09  1.18273e-20 -1.49389e-09  1.30685e-22 -1.84151e-09 -2.35995e-21 -6.18712e-10  4.76025e-22 -5.48457e-11  2.51247e-22  4.21919e-11 -3.06232e-22  2.32285e-11 -5.03282e-23  5.99642e-12  9.72538e-23  6.19003e-13  3.45322e-23 -1.73002e-13 -9.28126e-24 -1.02961e-13  -8.6995e-24 -2.76915e-14 -2.22421e-24 -4.61613e-15  8.29242e-26 -3.59011e-16  3.66579e-25  5.40913e-17  1.72734e-25  2.63886e-17  3.14114e-26  5.63809e-18 -3.34138e-29  8.18691e-19  3.34924e-28   8.4101e-20  6.58108e-28  5.32289e-21  2.37789e-28 -4.43059e-25  6.72301e-29 -4.88875e-23  1.91626e-29 -7.00561e-24  4.18729e-30 -6.08034e-25  6.65269e-31 -3.67957e-26  8.58465e-32  -1.5633e-27  8.65482e-33 -4.41365e-29  5.80888e-34 -7.19505e-31  2.29831e-35 -4.56217e-33  3.69054e-37
 3.11057e-23 -2.54084e-11 -5.68814e-22   9.7787e-10  3.56332e-21 -1.88728e-08  -1.1547e-20  2.31919e-07  2.01316e-20 -2.01376e-06 -9.31022e-21  1.30813e-05 -5.09681e-20 -6.57936e-05  1.87318e-19   0.00026165 -4.20025e-19 -0.000832482  7.22209e-19   0.00212798 -8.90138e-19  -0.00435502  5.07019e-19   0.00704131  7.04949e-19     -0.00873 -2.36349e-18   0.00776333  3.50248e-18  -0.00406229 -3.28978e-18 -5.77366e-05  1.41892e-18   0.00182548  1.66441e-18 -0.000953418 -4.04462e-18 -0.000359099  3.44999e-18  0.000476963 -7.79691e-19  4.67887e-05  -4.2865e-19 -0.000176019 -2.99821e-19 -1.39891e-05  7.46821e-20   5.6893e-05  1.21593e-18  1.14556e-05 -9.53129e-19  -1.4784e-05 -5.37748e-19 -6.63599e-06  8.22445e-19  2.09478e-06 -8.88344e-21  2.31286e-06  -2.8736e-19  3.07005e-07  1.57919e-20 -3.93731e-07  7.57813e-20 -2.18384e-07  2.14746e-20 -1.50077e-08 -3.40009e-20  3.22182e-08  -7.4922e-21  1.64891e-08  1.08922e-20  2.43846e-09  7.07726e-22 -1.18936e-09 -1.74956e-21 -8.33851e-10  4.61005e-22 -2.30409e-10  3.05627e-23 -1.34424e-11 -3.75277e-22   1.5804e-11  -2.0457e-23  7.66404e-12  1.19827e-22  1.89204e-12   3.7658e-23  2.22915e-13 -1.03621e-23 -2.82243e-14 -9.28561e-24 -2.14747e-14 -2.57635e-24 -5.95764e-15 -8.52695e-26 -1.05832e-15   3.4264e-25   -1.169e-16  1.85443e-25  -2.4809e-18  4.15142e-26  2.15946e-18  4.24071e-27  5.62969e-19  1.42996e-27  8.67917e-20  8.19834e-28  9.56877e-21  2.56601e-28  7.65839e-22  6.70362e-29  4.04856e-23  1.67133e-29  7.34155e-25  3.22802e-30 -9.59185e-26   4.6229e-31 -1.11516e-26  5.24925e-32  -6.2806e-28  4.42812e-33 -2.11706e-29  2.35485e-34  -3.9632e-31  6.46672e-36 -2.72633e-33
