   1.692e-35  2.83777e-51 -2.43938e-35 -4.53349e-51  4.80333e-36 -1.66443e-50   3.9418e-36 -3.43845e-51 -7.06942e-36  1.27059e-50  7.59584e-36  1.01084e-50 -8.62217e-37 -8.91623e-51 -9.30694e-37  -4.8705e-51  -1.8388e-36  2.06307e-51  1.36105e-36  1.72985e-51 -5.07049e-39  8.64942e-53  8.23801e-38  2.57586e-51 -1.62422e-37  5.95366e-52  -1.6124e-38 -1.41825e-50  2.26447e-38 -2.39291e-50  2.02111e-38 -5.51528e-49 -2.01945e-38 -1.30461e-48  9.79592e-39 -1.13967e-48  1.27635e-39 -1.00987e-48 -3.59908e-39  1.21779e-48  7.53807e-40   1.5632e-47  7.63911e-41  4.38874e-47 -2.01825e-40  5.50708e-47  1.60086e-40  1.35492e-46 -1.13552e-41  1.55877e-46  -1.9954e-42  1.58676e-46 -2.18777e-41  1.67413e-46  1.94837e-41   1.4211e-46  8.36965e-43  3.72386e-48 -2.60399e-42 -8.29528e-47  4.28298e-42 -2.10398e-46 -1.25407e-42 -3.22327e-46   -3.002e-43 -3.26499e-46  1.61395e-43 -3.46269e-46  8.79596e-45 -6.30894e-47 -2.81548e-44 -1.12718e-47  1.41719e-44  2.68717e-48 -2.40741e-45  1.06229e-47 -2.19225e-46   7.2993e-48  1.76938e-46  2.17926e-49 -3.14447e-46  2.61042e-48  7.47365e-47  1.59323e-48  6.77398e-48 -6.44812e-49  -6.7358e-48  4.33359e-49  1.21513e-48 -3.00595e-49 -3.70023e-48  5.70123e-49  6.85231e-48 -9.23826e-49 -1.05571e-47  1.42018e-48  1.49028e-47 -2.02557e-48 -1.91055e-47  2.64565e-48  2.22102e-47 -3.16366e-48  -2.3322e-47  3.43964e-48  2.19658e-47 -3.37584e-48 -1.84081e-47  2.96462e-48  1.36059e-47 -2.30459e-48 -8.78489e-48  1.56457e-48   4.9021e-48 -9.11747e-49 -2.33371e-48  4.45767e-49  9.31146e-49 -1.77161e-49  -3.0283e-49   5.4628e-50   7.6497e-50 -1.21139e-50   -1.368e-50  1.66726e-51  1.38509e-51 -9.18014e-53
 2.83777e-51  4.63344e-35  1.58033e-50 -3.84184e-35 -1.59176e-50  3.13448e-37 -4.90449e-50  7.91884e-36  -1.5288e-50 -1.25529e-35  2.45332e-50  1.25692e-35  2.61823e-50  8.17505e-37  -1.4629e-50 -1.44311e-36 -5.10775e-51 -4.94795e-36  6.37183e-51  3.38716e-36  1.17118e-50 -2.31494e-37  4.73986e-51  2.93016e-37  5.75739e-50 -3.02901e-37  6.19652e-50 -8.72983e-38 -1.51811e-49  6.55521e-38 -3.40644e-49  5.35641e-38 -5.93607e-48 -6.95167e-38 -1.34659e-47  3.86183e-38 -1.03025e-47 -9.19004e-40 -5.32565e-48 -8.42279e-39  1.32658e-47  1.79409e-39  1.47754e-46  3.89031e-40  4.03411e-46 -9.27317e-40  4.81505e-46  4.96962e-40  1.17094e-45  6.90667e-42  1.28246e-45 -3.28367e-41  1.26602e-45 -5.42962e-41  1.26794e-45  6.67054e-41  1.03533e-45 -2.29089e-42  1.89814e-46 -7.03044e-42 -5.24547e-46  1.43772e-41 -1.33176e-45 -4.00009e-42 -2.03176e-45 -9.79414e-43 -2.08157e-45  4.54606e-43 -2.15865e-45  8.56352e-44 -3.17539e-46 -1.11159e-43 -4.44926e-47  5.23564e-44  1.79905e-47 -8.57859e-45  5.44495e-47 -9.38524e-46  3.28328e-47  6.59121e-46  5.14308e-49 -1.21207e-45  1.23564e-47  2.39913e-46  7.34576e-48  4.35574e-47 -3.82361e-48 -3.66882e-47  3.68421e-48  2.54156e-47 -4.65576e-48 -5.03765e-47  8.18277e-48  8.02994e-47 -1.30422e-47 -1.14251e-46  1.93434e-47   1.4796e-46 -2.64772e-47 -1.72457e-46  3.32097e-47  1.79259e-46 -3.80063e-47 -1.64066e-46  3.94123e-47  1.29855e-46  -3.6738e-47 -8.66109e-47  3.04827e-47  4.66962e-47 -2.22429e-47 -1.87135e-47  1.40569e-47  4.23174e-48 -7.54257e-48  6.47134e-49  3.34531e-48 -1.09992e-48 -1.18052e-48   5.2696e-49  3.12558e-49 -1.43244e-49 -5.60202e-50   2.1181e-50  5.38617e-51 -1.10342e-51
-2.43938e-35  1.58033e-50  6.88272e-35  4.92953e-50 -4.35302e-35 -2.99752e-50  -8.7504e-36 -9.81302e-50   1.2863e-35  -4.7516e-50 -1.61687e-35  3.02218e-50  1.40721e-35  4.27625e-50  3.40525e-36 -1.23306e-50 -6.01722e-37  5.45756e-51 -8.89773e-36  2.10333e-50  5.81402e-36  8.83402e-50 -7.74826e-37  6.28639e-50  6.25073e-37  6.57389e-49 -2.78965e-37  9.02652e-49 -2.07657e-37 -1.20309e-48  9.39922e-38  -3.1313e-48  1.21073e-37 -4.46966e-47 -1.61151e-37 -9.67328e-47  9.03339e-38 -6.35362e-47 -8.05926e-39    -1.04e-47 -1.38123e-38  9.25027e-47  2.80719e-39  9.62605e-46  1.56648e-39  2.53859e-45 -2.96856e-39  2.88504e-45  1.13573e-39  6.93718e-45  1.66567e-40  7.23031e-45 -1.82267e-40  6.93096e-45 -7.07597e-41  6.58461e-45  1.55833e-40  5.15624e-45 -1.42728e-41  1.72885e-45 -1.46302e-41 -2.26338e-45  3.41961e-41 -5.81583e-45 -9.14375e-42 -8.73386e-45 -2.05027e-42 -9.12156e-45  7.99052e-43 -9.29198e-45  3.59548e-43 -1.05187e-45 -3.18474e-43 -1.03224e-46  1.44993e-43  8.40602e-47 -2.35203e-44  1.90988e-46 -2.86201e-45  9.94048e-47  1.58844e-45  1.22172e-48 -3.25685e-45  3.91194e-47  4.94562e-46   2.6719e-47  2.04152e-46 -2.23745e-47 -2.04192e-46  3.11467e-47  2.51674e-46 -4.97505e-47  -4.2052e-46  8.35029e-47  6.07778e-46 -1.29117e-46  -7.8504e-46  1.84658e-46  8.97504e-46 -2.42979e-46 -8.82044e-46   2.9244e-46  7.07053e-46 -3.20071e-46 -4.01487e-46  3.16199e-46  5.68278e-47 -2.79457e-46  2.12982e-46  2.18559e-46 -3.34227e-46 -1.49211e-46    3.119e-46  8.73867e-47 -2.12591e-46 -4.29037e-47  1.10085e-46  1.71052e-47 -4.30336e-47 -5.28433e-48  1.22122e-47  1.17211e-48 -2.29723e-48 -1.61022e-49  2.27937e-49  8.82539e-51
-4.53349e-51 -3.84184e-35  4.92953e-50  8.72285e-35  1.07181e-49 -5.23438e-35 -3.04836e-50 -1.85029e-35 -1.57102e-49  1.74063e-35 -1.07159e-49 -1.50447e-35  2.11106e-50  1.21194e-35  5.23248e-50  4.74643e-36  4.59226e-51  1.83897e-36  4.59367e-50 -1.28347e-35  1.04601e-49  8.24605e-36  5.96497e-49 -1.81074e-36  5.24017e-49  9.45524e-37  5.44214e-48  1.07487e-37  8.22555e-48 -3.17229e-37 -8.17111e-48  2.62679e-38 -2.22272e-47  2.60409e-37 -2.71205e-46 -2.96999e-37 -5.58005e-46   1.5657e-37 -3.07326e-46 -2.02879e-38  5.59933e-47 -1.76457e-38  4.89366e-46  3.10966e-39  5.00145e-45  4.67961e-39  1.26604e-44 -7.55778e-39  1.37134e-44  2.23744e-39  3.25922e-44  6.53096e-40  3.22459e-44 -6.06328e-40  3.00418e-44 -1.45268e-42  2.70673e-44  2.81991e-40   2.0238e-44 -3.66608e-41  9.91063e-45 -2.79871e-41 -7.68273e-45  6.63897e-41 -2.02562e-44 -1.73398e-41 -2.95099e-44  -3.0545e-42 -3.17226e-44  8.60321e-43 -3.18798e-44  1.04363e-42  -2.5767e-45 -7.54163e-43 -1.20364e-46  3.42679e-43  3.13054e-46  -5.6701e-44   5.3239e-46 -6.77177e-45  2.29445e-46  2.61262e-45  1.10701e-47 -6.91767e-45  8.30819e-47  5.51265e-46  1.10888e-46  9.83898e-46 -1.52363e-46 -1.29262e-45   2.5523e-46   1.9219e-45 -4.29961e-46 -2.89665e-45  6.95592e-46  3.81417e-45 -1.03993e-45 -4.32647e-45  1.43365e-45  3.98023e-45 -1.81347e-45 -2.45555e-45  2.09237e-45 -1.28699e-46 -2.18738e-45  3.08319e-45  2.05503e-45 -5.37753e-45 -1.71802e-45  6.19831e-45  1.26255e-45 -5.45413e-45 -8.03131e-46  3.78966e-45  4.33472e-46 -2.08414e-45 -1.93227e-46  8.94392e-46  6.84645e-47 -2.90124e-46 -1.81786e-47  6.67565e-47  3.26268e-48  -9.4738e-48 -3.13539e-49  5.34899e-49
 4.80333e-36 -1.59176e-50 -4.35302e-35  1.07181e-49  1.17408e-34  1.82249e-49 -6.88821e-35 -7.61033e-52 -2.95258e-35 -2.13525e-49  1.88711e-35 -1.85146e-49 -8.82029e-36 -5.07605e-51  9.72526e-36  6.84916e-50  3.04371e-36  7.63802e-50  5.31798e-36  2.46568e-49 -1.59277e-35   6.6948e-49  1.03275e-35  3.45327e-48 -3.40698e-36  3.33156e-48  9.65826e-37  3.61077e-47  9.98111e-37   5.6709e-47 -3.39676e-37 -4.99262e-47  -2.3501e-37 -1.30814e-46  5.20773e-37 -1.40249e-45 -4.65905e-37 -2.73917e-45  2.17174e-37 -1.22612e-45 -3.57138e-38   6.5619e-46 -1.71783e-38  2.11565e-45  2.16524e-39   2.2042e-44  1.10018e-38   5.3199e-44 -1.62264e-38  5.49735e-44  4.07773e-39  1.29016e-43  1.63778e-39   1.2064e-43 -1.48411e-39  1.09268e-43  2.68197e-40  9.33981e-44  4.05858e-40  6.62359e-44 -5.99271e-41  4.34423e-44 -5.18623e-41 -2.17056e-44  1.11646e-40 -5.97863e-44 -2.91254e-41  -8.2905e-44  -2.9684e-42 -9.28715e-44   6.1471e-44 -9.24413e-44   2.3856e-42 -4.65333e-45  -1.5422e-42  1.50417e-46   7.2115e-43  9.76163e-46 -1.25175e-43  1.26655e-45 -1.24254e-44  3.97672e-46  1.97547e-45  1.11425e-46 -1.14801e-44  1.24497e-48  -1.7945e-45  6.24218e-46  6.32767e-45 -1.09474e-45 -1.01437e-44  1.92155e-45  1.59414e-44 -3.21137e-45 -2.29429e-44  5.02049e-45  2.86048e-44 -7.24818e-45 -2.94727e-44  9.62463e-45  2.19108e-44 -1.16924e-44 -4.53754e-45  1.29135e-44 -1.94295e-44 -1.28698e-44  4.22057e-44  1.14705e-44 -5.50775e-44 -9.04263e-45  5.37842e-44  6.21962e-45 -4.12651e-44 -3.66764e-45  2.51001e-44  1.81187e-45 -1.20099e-44 -7.26335e-46  4.42564e-45  2.25434e-46 -1.20401e-45 -5.01901e-47  2.21096e-46  6.91341e-48 -2.18417e-47 -3.79422e-49
-1.66443e-50  3.13448e-37 -2.99752e-50 -5.23438e-35  1.82249e-49  1.61598e-34  2.62837e-49  -8.5877e-35  5.97427e-50 -4.18695e-35 -2.49826e-49  1.58041e-35 -2.57858e-49 -1.81595e-36 -2.85799e-50  1.16562e-35  2.31696e-49 -2.44025e-36  4.85191e-49  8.90895e-36  1.39451e-48 -1.75635e-35   4.1159e-48  1.18292e-35  1.72426e-47 -5.36446e-36  1.71288e-47  3.13667e-37  2.01203e-46  2.39924e-36  3.19045e-46 -2.40468e-37 -2.77406e-46 -7.59897e-37 -6.61233e-46  9.47521e-37 -6.36469e-45 -6.48437e-37 -1.18074e-44  2.46658e-37 -4.10142e-45 -5.05902e-38  3.80136e-45 -9.77598e-39  7.81569e-45  2.46366e-40  8.53635e-44  2.14172e-38  1.94964e-43 -3.03803e-38  1.92353e-43  7.10094e-39  4.45168e-43  3.13135e-39  3.90957e-43 -2.94049e-39   3.4413e-43   8.9432e-40  2.79376e-43  4.41248e-40  1.86013e-43 -5.74464e-41  1.57502e-43 -9.30169e-41 -5.24885e-44  1.68804e-40 -1.54835e-43 -4.52297e-41  -1.9923e-43 -3.66027e-43 -2.36425e-43 -2.25312e-42  -2.3393e-43  4.53413e-42 -5.18283e-45 -2.77148e-42  1.24778e-45  1.37575e-42  2.59863e-45 -2.56519e-43  2.74501e-45 -1.50639e-44  2.97873e-46 -7.94267e-45  9.07257e-46 -5.36457e-45 -1.43842e-45 -3.03548e-44  4.09771e-45  6.22456e-44 -7.56974e-45  -1.0884e-43   1.3185e-44  1.74672e-43 -2.14729e-44 -2.50374e-43  3.24402e-44  3.11701e-43 -4.51706e-44 -3.23327e-43  5.76913e-44  2.53305e-43 -6.71945e-44 -9.75297e-44  7.08829e-44 -1.03392e-43 -6.71699e-44  2.75604e-43   5.6613e-44 -3.53667e-43 -4.19225e-44  3.23109e-43  2.68574e-44 -2.25644e-43 -1.45908e-44  1.22246e-43  6.54311e-45 -5.10521e-44 -2.33104e-45  1.60546e-44  6.21999e-46 -3.60048e-45 -1.12135e-46  5.03882e-46  1.08194e-47 -2.83948e-47
  3.9418e-36 -4.90449e-50  -8.7504e-36 -3.04836e-50 -6.88821e-35  2.62837e-49  2.08796e-34  3.40545e-49 -9.69052e-35  1.33567e-49 -5.15164e-35  -2.4848e-49  9.55816e-36 -2.98924e-49 -9.30143e-37  5.40128e-50  2.17863e-35  1.33313e-48  -1.0962e-35  2.82581e-48  1.16544e-35  7.42026e-48 -1.76353e-35  2.21793e-47    1.285e-35  7.49765e-47 -7.20703e-36   7.2169e-47 -1.28511e-36  9.68328e-46  4.12797e-36  1.52597e-45 -4.82069e-38 -1.39769e-45 -1.56619e-36 -2.92505e-45  1.57307e-36   -2.579e-44  -8.3101e-37 -4.55821e-44  2.24694e-37 -1.13698e-44 -5.97476e-38  1.63523e-44  6.17204e-39  2.55098e-44 -9.27822e-40  2.97426e-43  3.56376e-38  6.37377e-43 -5.07172e-38  6.00676e-43  1.19219e-38  1.36886e-42  4.85463e-39  1.11973e-42 -4.98833e-39  9.56689e-43  2.07282e-39  7.39468e-43  2.54464e-40  4.54966e-43   1.4637e-41  4.92546e-43  -1.6002e-40  -1.0992e-43  2.36782e-40 -3.60361e-43 -6.70791e-41 -4.15468e-43  6.14038e-42 -5.34331e-43 -6.51041e-42 -5.27199e-43  7.33453e-42  1.70501e-45 -4.40242e-42  4.03263e-45  2.40397e-42  5.83932e-45 -4.96852e-43  6.07764e-45  1.93482e-44 -2.04667e-45 -9.58419e-44  6.49486e-45  1.60792e-43 -1.26336e-44 -3.96856e-43  2.68144e-44   7.6965e-43 -4.89228e-44 -1.35128e-42  8.31075e-44  2.14165e-42 -1.31138e-43 -3.01874e-42   1.9122e-43  3.71165e-42 -2.56347e-43  -3.8626e-42  3.14263e-43  3.20852e-42 -3.50099e-43 -1.80623e-42  3.51772e-43  1.12619e-43 -3.15931e-43  1.22521e-42  2.50844e-43 -1.77116e-42  -1.7368e-43  1.56304e-42  1.03048e-43 -9.97963e-43 -5.11981e-44  4.78058e-43  2.06335e-44 -1.71966e-43 -6.43647e-45  4.53441e-44  1.44006e-45 -8.13605e-45  -1.9935e-46  7.96333e-46  1.09989e-47
-3.43845e-51  7.91884e-36 -9.81302e-50 -1.85029e-35 -7.61033e-52  -8.5877e-35  3.40545e-49   2.4883e-34  4.09755e-49 -1.03838e-34  2.00283e-49 -5.21145e-35 -1.97787e-49  3.45208e-36 -2.67619e-49 -1.15994e-35  7.53908e-49   4.0661e-35  7.24244e-48 -2.00534e-35  1.48256e-47  1.27083e-35  3.49492e-47 -1.67888e-35  1.03853e-46  1.38742e-35  2.85187e-46 -8.30862e-36  2.43758e-46  -3.7977e-36  4.10238e-45  5.79982e-36  6.36905e-45  1.80475e-37 -6.35493e-45 -2.62931e-36 -1.14287e-44  2.42054e-36 -9.43342e-44 -1.02271e-36 -1.59752e-43  1.45789e-37 -2.44629e-44  -5.7128e-38   5.7467e-44  3.02645e-38  7.57654e-44  2.06164e-39  9.48232e-43  5.16161e-38  1.88896e-42 -7.68147e-38  1.70015e-42  1.92804e-38  3.81081e-42   6.2214e-39  2.87282e-42 -7.54996e-39   2.3772e-42  4.04154e-39  1.75732e-42  -3.1842e-40  9.74353e-43  2.08871e-40  1.36365e-42  -2.6424e-40 -1.98291e-43  3.17905e-40  -7.6777e-43 -9.72012e-41  -7.5503e-43   1.7412e-41 -1.08796e-42 -1.26063e-41 -1.07296e-42  1.01261e-41  2.70084e-44 -6.17307e-42  9.87137e-45  3.91228e-42  9.89058e-45 -1.02475e-42  1.69909e-44  4.65163e-43 -1.89336e-44 -1.13191e-42  4.28072e-44  2.41327e-42 -8.55606e-44 -5.02469e-42  1.66088e-43  9.42906e-42 -2.94637e-43 -1.60422e-41  4.85199e-43  2.45273e-41 -7.39654e-43 -3.32874e-41  1.03899e-42  3.94374e-41 -1.33801e-42 -3.97829e-41  1.57052e-42  3.27225e-41 -1.66872e-42 -1.99109e-41  1.59191e-42  6.01387e-42    -1.35e-42  3.92263e-42  1.00537e-42 -7.62969e-42 -6.47451e-43  6.52858e-42  3.53439e-43 -3.75302e-42 -1.59214e-43  1.55699e-42  5.69678e-44  -4.7194e-43  -1.5267e-44  1.01889e-43  2.76502e-45 -1.39813e-44 -2.68177e-46  7.85582e-46
-7.06942e-36  -1.5288e-50   1.2863e-35 -1.57102e-49 -2.95258e-35  5.97427e-50 -9.69052e-35  4.09755e-49  2.80049e-34  4.65676e-49 -1.15146e-34  2.53477e-49 -3.95738e-35 -7.20587e-50   1.1546e-36  1.53961e-50 -3.50769e-35  4.46667e-48  6.46039e-35  3.49902e-47 -2.58735e-35  6.93409e-47  1.14979e-35   1.4372e-46 -1.62928e-35  4.24749e-46  1.54794e-35  9.45484e-46 -8.07588e-36  5.95979e-46 -6.77289e-36  1.55175e-44  6.88564e-36  2.36422e-44  4.25088e-37 -2.59847e-44 -3.91775e-36  -3.9518e-44  3.51221e-36 -3.13658e-43 -1.26386e-36 -5.13489e-43  2.32635e-38 -2.96368e-44 -3.62585e-38  1.70803e-43  5.89332e-38  2.10505e-43  1.38478e-38  2.80098e-42    6.564e-38  5.13667e-42 -1.07282e-37  4.40965e-42  2.99987e-38  9.72165e-42  6.49053e-39  6.66445e-42  -1.0579e-38  5.32248e-42  7.07502e-39  3.79229e-42 -1.43224e-39  1.81851e-42   5.6953e-40  3.40214e-42  -4.2188e-40  -2.9629e-43  4.21161e-40 -1.52055e-42 -1.39246e-40 -1.18681e-42  3.36556e-41 -2.01854e-42 -1.98315e-41 -1.99193e-42  1.16965e-41  8.45759e-44 -7.72797e-42  2.37219e-44  6.55185e-42  2.13741e-45 -3.70424e-42  6.94331e-44  5.93831e-42 -1.24697e-43 -1.37724e-41  2.64092e-43  2.94908e-41 -5.20152e-43 -5.83342e-41  9.64944e-43  1.04996e-40 -1.65732e-42 -1.70883e-40  2.63744e-42  2.49139e-40 -3.87503e-42 -3.21491e-40  5.23171e-42  3.61281e-40  -6.4557e-42 -3.45361e-40  7.23496e-42  2.70256e-40 -7.30922e-42  -1.6015e-40  6.59695e-42  5.59954e-41 -5.26123e-42  9.50909e-42  3.65741e-42 -3.05868e-41  -2.1779e-42  2.45335e-41  1.08568e-42  -1.2278e-41 -4.38921e-43  4.27371e-42  1.37347e-43 -1.06228e-42 -3.08327e-44  1.82721e-43   4.2851e-45 -1.77403e-44 -2.37628e-46
 1.27059e-50 -1.25529e-35  -4.7516e-50  1.74063e-35 -2.13525e-49 -4.18695e-35  1.33567e-49 -1.03838e-34  4.65676e-49  3.08676e-34  5.07488e-49 -1.39687e-34  3.13341e-49 -1.54464e-35  2.79194e-49  5.54455e-36  1.34999e-48 -6.81331e-35  2.12628e-47  8.67626e-35  1.52128e-46 -2.44631e-35  2.89914e-46  7.93705e-36  5.12107e-46 -1.74382e-35  1.52179e-45  1.78423e-35  2.68686e-45 -6.13421e-36  5.24799e-46  -9.4137e-36  5.30143e-44  6.84565e-36  7.93107e-44  7.48743e-37 -9.52954e-44  -5.4256e-36 -1.20172e-43  4.86982e-36 -9.51854e-43 -1.62029e-36 -1.52614e-42  -1.1429e-37  5.70118e-44  9.48294e-39  4.31756e-43  8.39221e-38  5.60024e-43  3.89095e-38   7.7365e-42  7.33647e-38   1.2936e-41  -1.4065e-37  1.05598e-41  4.49755e-38   2.2945e-41  5.06776e-39   1.4066e-41 -1.42393e-38   1.0788e-41  1.14503e-38  7.50369e-42 -3.17144e-39  2.89594e-42  1.11072e-39  7.74777e-42  -6.5463e-40 -3.11685e-43   5.6341e-40 -2.83575e-42 -1.97617e-40 -1.56669e-42  5.50751e-41   -3.446e-42 -2.73788e-41 -3.39674e-42  1.12081e-41  1.76181e-43 -1.12167e-41  7.76288e-44  1.86685e-41 -1.02614e-43 -3.06648e-41  3.62425e-43  6.97879e-41 -7.47171e-43 -1.56596e-40    1.533e-42  3.23508e-40 -2.93872e-42 -6.11668e-40  5.25822e-42  1.05051e-39 -8.72404e-42 -1.62608e-39  1.33841e-41  2.24633e-39 -1.89086e-41 -2.73474e-39   2.4477e-41  2.88507e-39 -2.88647e-41 -2.57474e-39  3.07969e-41  1.87042e-39 -2.94868e-41 -1.02602e-39  2.50858e-41  3.39674e-40 -1.87333e-41  2.86511e-41  1.20927e-41  -1.2096e-40 -6.61473e-42  8.43942e-41  2.98508e-42 -3.50109e-41 -1.06986e-42  9.82387e-42  2.87214e-43 -1.94965e-42 -5.21267e-44  2.59321e-43  5.07049e-45 -1.47982e-44
 7.59584e-36  2.45332e-50 -1.61687e-35 -1.07159e-49  1.88711e-35 -2.49826e-49 -5.15164e-35  2.00283e-49 -1.15146e-34  5.07488e-49  3.44538e-34  5.30124e-49 -1.81392e-34  4.43077e-49  1.33892e-35     1.48e-48   1.8108e-35  6.50299e-48 -1.04434e-34  8.86468e-47  9.96115e-35  6.00035e-46 -1.34821e-35  1.08793e-45  2.50429e-36  1.54873e-45 -2.07884e-35  4.75507e-45   2.0434e-35   6.2468e-45 -2.48861e-36   -4.569e-45 -1.08288e-35  1.65331e-43  5.30101e-36  2.44274e-43  1.29698e-36 -3.12235e-43 -7.17537e-36 -3.14842e-43  6.50401e-36 -2.64021e-42 -2.16713e-36 -4.22374e-42 -2.31702e-37  5.58874e-43  8.67767e-38  9.02908e-43  9.04246e-38  1.44605e-42  7.95658e-38  2.01106e-41  7.15644e-38  3.03852e-41 -1.76724e-37  2.34522e-41  6.51815e-38  5.04961e-41  1.85967e-39  2.71014e-41   -1.905e-38  1.98233e-41  1.73674e-38  1.37389e-41 -5.47491e-39  3.69531e-42  1.79555e-39  1.62625e-41 -9.85263e-40  1.11194e-44  7.67159e-40 -5.03306e-42 -2.77198e-40 -1.57714e-42  8.41551e-41 -5.46747e-42 -3.82221e-41 -5.33236e-42  1.89693e-41  2.23331e-43 -5.17686e-41  3.74035e-43  1.37533e-40 -8.02905e-43 -3.25979e-40  2.00943e-42  7.56575e-40  -4.2118e-42  -1.6314e-39  8.38528e-42  3.22746e-39 -1.55726e-41 -5.82281e-39  2.68967e-41  9.51236e-39 -4.30226e-41 -1.39516e-38  6.34918e-41  1.81768e-38 -8.60569e-41 -2.07508e-38  1.06555e-40  2.03812e-38 -1.19769e-40 -1.67774e-38    1.213e-40   1.1099e-38 -1.09703e-40 -5.43225e-39  8.76322e-41  1.52166e-39 -6.09922e-41  2.02282e-40  3.63495e-41 -4.74554e-40  -1.8129e-41  2.63304e-40  7.33089e-42 -8.53948e-41 -2.29415e-42  1.84847e-41  5.15066e-43 -2.88942e-42 -7.16173e-44  2.84251e-43  3.97694e-45
 1.01084e-50  1.25692e-35  3.02218e-50 -1.50447e-35 -1.85146e-49  1.58041e-35  -2.4848e-49 -5.21145e-35  2.53477e-49 -1.39687e-34  5.30124e-49  3.96301e-34  4.29478e-49  -2.3736e-34  6.85685e-49  3.78153e-35   5.3483e-48  3.86337e-35  2.21716e-47 -1.36543e-34   3.2943e-46  9.78424e-35  2.15326e-45  6.52287e-36  3.67008e-45 -3.93355e-36  3.73156e-45 -2.57736e-35  1.27172e-44  2.21715e-35  1.01655e-44  2.38966e-36 -3.57042e-44 -1.03606e-35   4.7601e-43  2.16668e-36  7.03235e-43  2.24484e-36 -9.06427e-43 -9.18647e-36 -6.71323e-43    8.405e-36 -6.68327e-42 -2.97285e-36 -1.09563e-41 -2.96034e-37  2.48596e-42  2.01992e-37  1.38732e-42  5.55327e-38  3.62397e-42  1.33955e-37  4.94096e-41  5.98935e-38  6.69193e-41 -2.17715e-37  4.83785e-41  9.15687e-38   1.0429e-40 -2.45246e-39   4.7678e-41 -2.59072e-38  3.29489e-41  2.48309e-38  2.34987e-41 -8.06661e-39  2.93956e-42  2.52353e-39  3.16975e-41 -1.42606e-39  1.26253e-42  1.05548e-39 -8.57199e-42 -3.86533e-40 -6.83238e-43  1.39471e-40 -8.18068e-42 -9.93487e-41 -7.60821e-42  1.75388e-40 -2.73178e-43 -5.26483e-40  2.08142e-42  1.39544e-39  -4.8251e-42 -3.37081e-39  1.09043e-41  7.56604e-39 -2.24278e-41 -1.56318e-38  4.32385e-41  2.95447e-38 -7.76028e-41 -5.07598e-38  1.29234e-40  7.86712e-38 -1.98926e-40 -1.08969e-37  2.81833e-40  1.33319e-37 -3.65705e-40 -1.41903e-37  4.32108e-40  1.28733e-37 -4.61746e-40 -9.66096e-38    4.426e-40  5.71016e-38 -3.76807e-40 -2.39983e-38  2.81467e-40  4.93665e-39 -1.81664e-40  1.55712e-39  9.93136e-41 -1.75988e-39 -4.47732e-41  7.20146e-40  1.60246e-41 -1.70749e-40 -4.29465e-42  2.74328e-41  7.78015e-43 -3.46766e-42 -7.55552e-44  2.18281e-43
-8.62217e-37  2.61823e-50  1.40721e-35  2.11106e-50 -8.82029e-36 -2.57858e-49  9.55816e-36 -1.97787e-49 -3.95738e-35  3.13341e-49 -1.81392e-34  4.29478e-49   4.6732e-34 -5.53379e-49 -2.98881e-34  5.20083e-50  4.97979e-35  1.45877e-47  6.51372e-35  5.22165e-47 -1.57909e-34  1.09019e-45  8.04045e-35  7.02191e-45  3.20638e-35  1.10998e-44 -1.04688e-35   5.4965e-45 -3.08837e-35  2.75359e-44  2.19537e-35  1.32335e-45  7.60696e-36 -1.67915e-43 -7.83943e-36  1.28269e-42 -2.31918e-36  1.93298e-42  3.71484e-36 -2.28746e-42 -1.14315e-35 -9.43186e-43    1.055e-35 -1.53485e-41 -4.09176e-36 -2.68088e-41 -2.80754e-37  8.58281e-42  3.59597e-37  5.84977e-43 -5.15235e-38  8.71133e-42  1.94741e-37   1.1504e-40  4.18316e-38  1.38697e-40 -2.68398e-37  9.25462e-41  1.24826e-37  2.03207e-40 -6.32515e-39   7.6255e-41   -3.594e-38  4.91532e-41  3.35323e-38  3.79312e-41  -1.0422e-38 -1.72586e-42  3.13381e-39  5.77004e-41 -1.96449e-39  4.65448e-42  1.45545e-39 -1.41075e-41  -5.8005e-40  1.92938e-42  3.96839e-40 -1.19463e-41 -7.34733e-40 -9.06824e-42  1.99297e-39 -4.00257e-42 -5.50583e-39  1.14796e-41  1.39457e-38 -2.62532e-41 -3.25751e-38     5.65e-41  7.01766e-38 -1.12846e-40 -1.38694e-37  2.10283e-40  2.50004e-37 -3.64105e-40  -4.0818e-37  5.83786e-40  5.98597e-37 -8.63275e-40 -7.80355e-37  1.17199e-39  8.92541e-37 -1.45298e-39 -8.80405e-37  1.63462e-39  7.31426e-37 -1.65633e-39 -4.93954e-37  1.49812e-39  2.54987e-37 -1.19631e-39 -8.72086e-38  8.31958e-40  8.95598e-39 -4.95166e-40  9.13392e-39  2.46495e-40 -5.77442e-39 -9.94294e-41  1.63144e-39  3.10192e-41 -2.58297e-40 -6.93835e-42  3.09749e-41  9.60682e-43  -3.4764e-42 -5.31113e-44
-8.91623e-51  8.17505e-37  4.27625e-50  1.21194e-35 -5.07605e-51 -1.81595e-36 -2.98924e-49  3.45208e-36 -7.20587e-50 -1.54464e-35  4.43077e-49  -2.3736e-34 -5.53379e-49  5.53246e-34 -6.76583e-48 -3.54201e-34 -1.06732e-47  4.44694e-35  1.92304e-47  9.41212e-35  2.22815e-47 -1.64473e-34  3.16668e-45  5.08465e-35  2.06753e-44  5.78922e-35  2.97868e-44 -1.64951e-35 -7.35577e-45 -3.43116e-35  3.90342e-44  1.92552e-35 -7.31344e-44  1.20287e-35 -6.24447e-43 -3.64922e-36  3.29246e-42 -7.67979e-36  5.19224e-42   5.7001e-36 -4.78374e-42 -1.38123e-35  4.86075e-43  1.29296e-35  -3.1544e-41 -5.56474e-36 -6.22916e-41 -1.63406e-37  2.55539e-41  5.58371e-37 -6.23841e-42 -2.65448e-37  1.97259e-41  2.49048e-37  2.54214e-40  2.43719e-38  2.71141e-40 -3.34931e-37  1.63272e-40     1.65e-37  3.75137e-40 -7.48299e-39  1.09513e-40 -5.02344e-38  6.46397e-41  4.27882e-38   5.8415e-41  -1.1804e-38 -1.37536e-41  3.43657e-39  9.85067e-41 -2.58405e-39  1.24616e-41  2.12662e-39 -2.26687e-41 -1.42442e-39  7.77136e-42  2.67279e-39 -1.88427e-41 -7.34846e-39 -3.90453e-42  2.05189e-38 -2.48006e-41 -5.39249e-38  6.03554e-41  1.31082e-37 -1.33898e-40 -2.94141e-37  2.77773e-40  6.06995e-37 -5.36778e-40 -1.14585e-36  9.65439e-40  1.96624e-36 -1.61052e-39 -3.04379e-36  2.48265e-39  4.21135e-36 -3.52145e-39 -5.14775e-36  4.57332e-39  5.47707e-36 -5.40658e-39 -4.97281e-36  5.77846e-39  3.74607e-36 -5.53775e-39 -2.24042e-36  4.71158e-39  9.78814e-37 -3.51551e-39 -2.46489e-37  2.26516e-39 -1.51238e-38 -1.23543e-39  4.07616e-38  5.55237e-40 -1.57248e-38 -1.97931e-40  2.77613e-39  5.27824e-41 -2.44774e-40 -9.50404e-42  2.82386e-41   9.1636e-43 -2.81476e-42
-9.30694e-37  -1.4629e-50  3.40525e-36  5.23248e-50  9.72526e-36 -2.85799e-50 -9.30143e-37 -2.67619e-49   1.1546e-36  2.79194e-49  1.33892e-35  6.85685e-49 -2.98881e-34 -6.76583e-48  6.42898e-34 -4.02362e-47 -3.92223e-34 -8.75687e-47  2.09946e-35 -9.58671e-47   1.2127e-34 -6.39728e-46 -1.55513e-34  7.75099e-45  1.59478e-35   5.4081e-44  7.87825e-35  6.90432e-44 -2.19349e-35 -1.01865e-43 -3.46568e-35 -2.16442e-44  1.44541e-35 -3.70366e-43  1.45344e-35 -1.96838e-42  1.41306e-36  8.22596e-42 -1.33489e-35  1.39045e-41  8.02323e-36 -7.06984e-42 -1.61735e-35   9.8582e-42  1.55744e-35 -5.62223e-41 -7.42054e-36 -1.38408e-40  8.11544e-38  6.84165e-41  7.85354e-37  -3.2816e-41 -6.15978e-37   4.1227e-41  2.79663e-37  5.33617e-40  1.67183e-38  5.00504e-40  -4.2262e-37  2.62658e-40  2.11077e-37  6.58327e-40 -3.21707e-39     1.37e-40 -6.95057e-38  7.18298e-41  5.15935e-38  8.67147e-41 -1.14106e-38 -3.70619e-41  3.36473e-39  1.58107e-40 -3.67435e-39   2.8761e-41  4.81932e-39 -3.65911e-41 -8.80192e-39  2.16444e-41  2.51547e-38 -4.00512e-41 -7.23473e-38  3.66871e-41  1.96332e-37 -1.30831e-40 -4.95597e-37  3.00972e-40  1.15732e-36 -6.46051e-40 -2.49068e-36  1.29482e-39  4.91647e-36 -2.41687e-39 -8.85011e-36  4.19094e-39  1.44275e-35 -6.72764e-39 -2.11215e-35  9.95832e-39  2.74812e-35 -1.35296e-38  -3.1364e-35  1.67811e-38  3.08668e-35  -1.8882e-38 -2.55902e-35  1.91293e-38  1.72675e-35 -1.72918e-38 -8.95098e-36  1.37933e-38  3.14506e-36 -9.57648e-39 -4.38895e-37  5.68626e-39 -2.13186e-37 -2.82153e-39  1.40596e-37  1.13328e-39 -3.28473e-38   -3.516e-40  2.69313e-39  7.80931e-41 -4.13973e-41 -1.07177e-41  2.97141e-41  5.86136e-43
 -4.8705e-51 -1.44311e-36 -1.23306e-50  4.74643e-36  6.84916e-50  1.16562e-35  5.40128e-50 -1.15994e-35  1.53961e-50  5.54455e-36     1.48e-48  3.78153e-35  5.20083e-50 -3.54201e-34 -4.02362e-47  7.22654e-34 -2.02101e-46 -4.06279e-34 -5.09095e-46 -1.73943e-35 -1.00799e-45  1.42434e-34 -4.83027e-45 -1.33496e-34  1.40117e-44 -1.66063e-35  1.20778e-43  9.11152e-35  1.28245e-43 -2.73431e-35 -5.27447e-43 -3.13559e-35 -4.25419e-43  8.76645e-36 -1.25995e-42  1.42526e-35 -5.38928e-42  6.39755e-36  2.04532e-41 -1.88096e-35  3.74693e-41  1.03453e-35 -5.37947e-43 -1.83418e-35  4.64152e-41  1.85546e-35 -7.97957e-41 -9.66875e-36 -2.96237e-40  4.86884e-37  1.68464e-40  1.00925e-36 -1.13611e-40 -1.11461e-36   7.7654e-41  2.67139e-37  1.06461e-39  2.88269e-38  8.72384e-40 -5.33514e-37  3.76721e-40  2.60661e-37  1.10099e-39  9.24462e-39  1.37148e-40 -9.38342e-38  5.94518e-41  5.88684e-38  1.24986e-40 -8.88387e-39 -7.43493e-41  4.22767e-39  2.38445e-40 -1.03874e-38  6.14245e-41  2.76006e-38 -6.44873e-41 -8.05756e-38   6.5356e-41  2.40457e-37 -1.31792e-40 -6.75475e-37  2.51492e-40  1.76828e-36 -6.42273e-40 -4.29262e-36  1.42553e-39  9.62381e-36 -2.95941e-39  -1.9838e-35  5.73014e-39     3.74e-35 -1.03206e-38 -6.40776e-35   1.7238e-38  9.90089e-35 -2.66011e-38 -1.36679e-34  3.77649e-38  1.66613e-34  -4.9078e-38  -1.7668e-34  5.80439e-38  1.59764e-34 -6.20428e-38 -1.19769e-34  5.94426e-38  7.12446e-35 -5.05379e-38 -3.09993e-35  3.76601e-38  7.90467e-36 -2.42176e-38   2.4154e-37  1.31708e-38  -1.0609e-36 -5.89599e-39  3.69539e-37  2.09064e-39 -4.39078e-38 -5.53591e-40 -1.34658e-39  9.87633e-41  1.73256e-40 -9.40936e-42  3.63886e-41
 -1.8388e-36 -5.10775e-51 -6.01722e-37  4.59226e-51  3.04371e-36  2.31696e-49  2.17863e-35  7.53908e-49 -3.50769e-35  1.34999e-48   1.8108e-35   5.3483e-48  4.97979e-35 -1.06732e-47 -3.92223e-34 -2.02101e-46  7.82242e-34 -9.17541e-46 -3.96564e-34 -2.48158e-45 -6.40981e-35 -5.85815e-45  1.54511e-34 -2.46385e-44 -1.03039e-34  6.05053e-45 -4.04988e-35  2.04199e-43  9.37433e-35  1.37693e-43  -3.3907e-35  -2.0853e-42  -2.4744e-35  -2.0246e-42  3.88599e-36 -3.40088e-42  1.07095e-35   -1.287e-41  1.04521e-35  5.14027e-41 -2.36705e-35  1.01137e-40  1.22203e-35  4.67357e-41 -2.01609e-35  1.61212e-40  2.19367e-35  -6.0555e-41 -1.22817e-35 -6.15086e-40  1.09646e-36  3.87103e-40  1.17682e-36 -3.25769e-40 -1.74019e-36  1.27077e-40  1.92235e-37  2.01984e-39  7.06796e-38  1.43445e-39 -6.64836e-37  4.57918e-40  3.09837e-37  1.75788e-39  3.24117e-38  7.36121e-41 -1.22705e-37  1.46138e-41  6.45574e-38  1.75023e-40  -7.8333e-39 -1.23753e-40  2.10217e-38  3.34807e-40  -7.5534e-38  1.30779e-40  2.45212e-37 -1.46198e-40 -7.56031e-37  2.44406e-40  2.20075e-36 -5.62657e-40 -5.97337e-36  1.28179e-39  1.50604e-35 -2.99266e-39  -3.5138e-35  6.42886e-39  7.55479e-35 -1.29037e-38 -1.48951e-34  2.41264e-38  2.67735e-34 -4.18979e-38 -4.35676e-34  6.73498e-38  6.36387e-34 -9.98145e-38 -8.25681e-34  1.35754e-37  9.39001e-34 -1.68525e-37 -9.19929e-34  1.89738e-37  7.58184e-34 -1.92278e-37 -5.07601e-34  1.73788e-37  2.60286e-34  -1.3854e-37 -8.99957e-35  9.60642e-38  1.21638e-35 -5.69218e-38  5.84872e-36  2.81567e-38 -3.57214e-36  -1.1259e-38  6.86379e-37   3.4716e-39 -4.36537e-39 -7.64592e-40 -9.73927e-39  1.03745e-40 -4.58639e-41 -5.58747e-42
 2.06307e-51 -4.94795e-36  5.45756e-51  1.83897e-36  7.63802e-50 -2.44025e-36  1.33313e-48   4.0661e-35  4.46667e-48 -6.81331e-35  6.50299e-48  3.86337e-35  1.45877e-47  4.44694e-35 -8.75687e-47 -4.06279e-34 -9.17541e-46  8.18673e-34 -3.83723e-45 -3.70016e-34 -1.07078e-44 -1.10552e-34  -2.7266e-44  1.55837e-34 -1.04576e-43 -6.94227e-35 -9.78367e-44 -5.22991e-35  1.12492e-43  8.80701e-35 -2.38597e-43 -4.33211e-35 -7.07849e-42 -1.58856e-35 -7.13782e-42  1.53833e-36  -7.4365e-42  3.87931e-36 -2.64232e-41  1.29699e-35  1.30843e-40 -2.76715e-35  2.69553e-40  1.31772e-35  2.29124e-40 -2.14938e-35   4.7428e-40  2.57092e-35  1.21172e-40 -1.51708e-35 -1.24651e-39  1.95166e-36  8.39002e-40  1.21617e-36 -8.25387e-40 -2.42857e-36  1.66169e-40   3.8297e-38  3.64652e-39  1.52635e-37  2.22073e-39 -8.08974e-37  4.02913e-40  3.53199e-37  2.68279e-39  6.86843e-38 -1.06456e-40 -1.57119e-37 -7.25267e-41  7.85043e-38  2.35281e-40 -4.89762e-38 -1.71292e-40  2.01277e-37  4.19262e-40 -7.01371e-37  3.11928e-40  2.25992e-36 -4.71643e-40 -6.80831e-36  1.05539e-39  1.91532e-35 -2.55895e-39 -5.01184e-35  5.96248e-39  1.21576e-34  -1.3312e-38 -2.72339e-34  2.76786e-38  5.60798e-34 -5.36934e-38 -1.05586e-33  9.68911e-38  1.80599e-33 -1.62124e-37 -2.78463e-33  2.50613e-37  3.83383e-33 -3.56356e-37 -4.65751e-33  4.63772e-37  4.91708e-33 -5.49172e-37 -4.42031e-33  5.87573e-37  3.28733e-33 -5.63301e-37 -1.93297e-33  4.79013e-37  8.25426e-34  -3.5683e-37  -2.0178e-34  2.29223e-37 -1.06354e-35 -1.24422e-37  2.79481e-35  5.55255e-38 -8.66958e-36 -1.95976e-38  6.38454e-37  5.15483e-39  1.43087e-37 -9.11008e-40 -1.45508e-38  8.56518e-41 -5.78717e-40
 1.36105e-36  6.37183e-51 -8.89773e-36  4.59367e-50  5.31798e-36  4.85191e-49  -1.0962e-35  7.24244e-48  6.46039e-35  2.12628e-47 -1.04434e-34  2.21716e-47  6.51372e-35  1.92304e-47  2.09946e-35 -5.09095e-46 -3.96564e-34 -3.83723e-45  8.36292e-34 -1.49212e-44 -3.37635e-34 -4.19797e-44 -1.48015e-34 -1.10808e-43  1.46088e-34 -3.93731e-43 -3.72244e-35 -6.11195e-43 -5.20371e-35 -1.01609e-42  7.75739e-35 -2.15416e-42 -5.74641e-35 -2.15344e-41 -6.39024e-36 -2.13891e-41  3.13281e-36 -1.22605e-41 -5.84194e-36  -4.4345e-41  1.36251e-35  3.33577e-40 -3.06594e-35  6.97873e-40  1.28073e-35  7.87685e-40 -2.21906e-35  1.23878e-39  2.97122e-35  7.48285e-40 -1.81684e-35 -2.47582e-39  3.07496e-36  1.72968e-39  1.04915e-36 -1.89943e-39 -3.07192e-36  1.21862e-40 -2.06676e-37  6.26914e-39  2.86382e-37  3.22665e-39 -9.54874e-37  3.22592e-41  3.83166e-37   3.9166e-39  1.25119e-37 -4.70289e-40 -2.21099e-37 -2.00862e-40  2.05121e-37  2.90592e-40  -5.2441e-37 -1.65149e-40  1.92181e-36  3.67867e-40 -6.42478e-36  9.35929e-40  2.00527e-35 -1.92233e-39 -5.84267e-35  4.74231e-39  1.58568e-34 -1.14868e-38 -3.99584e-34  2.63016e-38  9.31627e-34 -5.67021e-38  -2.0012e-33  1.14062e-37  3.94096e-33 -2.13761e-37 -7.07308e-33  3.72076e-37  1.14876e-32 -5.99445e-37 -1.67386e-32  8.90315e-37  2.16488e-32 -1.21336e-36 -2.45189e-32  1.50909e-36  2.38904e-32 -1.70189e-36 -1.95442e-32  1.72708e-36  1.29459e-32 -1.56266e-36 -6.52736e-33  1.24651e-36  2.18306e-33 -8.64403e-37 -2.51972e-34  5.11874e-37 -1.61363e-34 -2.52812e-37  8.69446e-35  1.00814e-37  -1.3895e-35 -3.09494e-38 -8.72264e-37   6.7715e-39   3.6197e-37 -9.09885e-40 -4.37275e-39  4.83087e-41
 1.72985e-51  3.38716e-36  2.10333e-50 -1.28347e-35  2.46568e-49  8.90895e-36  2.82581e-48 -2.00534e-35  3.49902e-47  8.67626e-35  8.86468e-47 -1.36543e-34  5.22165e-47  9.41212e-35 -9.58671e-47 -1.73943e-35 -2.48158e-45 -3.70016e-34 -1.49212e-44  8.43535e-34 -5.42937e-44 -3.10643e-34 -1.51822e-43 -1.69228e-34 -4.07147e-43  1.26002e-34 -1.35399e-42 -9.52761e-36 -2.55878e-42 -4.30114e-35 -6.15595e-42  6.70726e-35 -8.93115e-42 -7.78321e-35  -5.9939e-41  1.66884e-36 -5.71001e-41  9.58084e-36 -9.38549e-42 -1.77141e-35 -5.04523e-41  1.23596e-35  8.37152e-40 -3.25787e-35  1.73218e-39  1.08401e-35  2.27211e-39 -2.20496e-35   2.9354e-39    3.361e-35  2.40751e-39 -2.10248e-35 -4.82662e-39   4.4471e-36  3.41463e-39  6.11453e-37 -4.02734e-39 -3.53072e-36  -1.7254e-40 -5.48369e-37  1.02727e-38  4.85097e-37  4.37759e-39 -1.08821e-36 -9.16235e-40  3.79097e-37  5.47249e-39  2.63818e-37 -1.09297e-39 -5.68865e-37 -3.42338e-40  1.43739e-36  2.71825e-40 -5.03804e-36  9.75511e-41  1.74477e-35 -3.72037e-40  -5.6325e-35  3.50362e-39  1.69909e-34 -8.44171e-39 -4.77929e-34  2.10467e-38  1.25014e-33 -4.99054e-38 -3.03081e-33  1.11145e-37  6.78388e-33 -2.31825e-37 -1.39549e-32  4.50958e-37  2.62386e-32  -8.1603e-37  -4.4802e-32  1.36918e-36  6.89256e-32 -2.12217e-36 -9.46231e-32  3.02539e-36  1.14524e-31 -3.94702e-36 -1.20312e-31  4.68456e-36  1.07439e-31 -5.02262e-36 -7.91518e-32  4.82398e-36   4.5878e-32 -4.10837e-36 -1.90958e-32  3.06387e-36   4.3509e-33  -1.9694e-36  4.41403e-34  1.06895e-36 -6.88085e-34 -4.76624e-37  1.90334e-34  1.67887e-37 -7.10604e-36 -4.40032e-38 -4.76558e-36  7.73194e-39  4.17371e-37 -7.20422e-40  1.24076e-38
-5.07049e-39  1.17118e-50  5.81402e-36  1.04601e-49 -1.59277e-35  1.39451e-48  1.16544e-35  1.48256e-47 -2.58735e-35  1.52128e-46  9.96115e-35   3.2943e-46 -1.57909e-34  2.22815e-47   1.2127e-34 -1.00799e-45 -6.40981e-35 -1.07078e-44 -3.37635e-34 -5.42937e-44  8.48923e-34  -1.8575e-43 -2.97391e-34 -5.11495e-43 -1.69563e-34 -1.37658e-42  9.73431e-35 -4.32144e-42  1.21589e-35 -8.92035e-42 -3.10946e-35  -2.4137e-41  6.19019e-35 -2.90084e-41 -1.04794e-34 -1.54372e-40  5.80069e-36  -1.3872e-40  2.12322e-35  3.14393e-41 -3.07741e-35  9.88712e-42  9.40609e-36  2.03498e-39 -3.35061e-35   4.0868e-39  7.20286e-36   5.8198e-39 -2.08107e-35  6.38298e-39    3.693e-35  6.19479e-39 -2.34248e-35 -9.22396e-39  5.98827e-36   6.4882e-39 -1.25591e-37 -7.93418e-39 -3.65738e-36 -1.03266e-39  -9.8436e-37  1.60588e-38  7.57379e-37  5.49875e-39 -1.16843e-36 -2.76715e-39  1.93165e-37  7.32426e-39  1.08682e-36 -2.05453e-39 -3.60537e-36 -3.87037e-40  1.27954e-35 -1.21152e-40 -4.52966e-35  1.49121e-39  1.51187e-34 -4.27154e-39 -4.71834e-34  1.46685e-38  1.37474e-33 -3.70283e-38 -3.72988e-33  9.06785e-38  9.39473e-33  -2.0909e-37 -2.18891e-32  4.51616e-37   4.6977e-32 -9.11469e-37 -9.24013e-32  1.71357e-36  1.65581e-31 -2.99201e-36 -2.68388e-31  4.83521e-36  3.90058e-31 -7.20289e-36 -5.02791e-31  9.84472e-36  5.66946e-31 -1.22779e-35 -5.49162e-31  1.38826e-35  4.45586e-31 -1.41221e-35   -2.916e-31  1.28057e-35  1.44107e-31 -1.02346e-35 -4.61559e-32  7.10868e-36  4.01501e-33 -4.21463e-36  4.08881e-33  2.08305e-36 -1.93817e-33 -8.30693e-37  2.57435e-34  2.54797e-37  3.43802e-35 -5.56287e-38 -9.28388e-36  7.44485e-39  9.14584e-38 -3.92543e-40
 8.64942e-53 -2.31494e-37  8.83402e-50  8.24605e-36   6.6948e-49 -1.75635e-35  7.42026e-48  1.27083e-35  6.93409e-47 -2.44631e-35  6.00035e-46  9.78424e-35  1.09019e-45 -1.64473e-34 -6.39728e-46  1.42434e-34 -5.85815e-45 -1.10552e-34 -4.19797e-44 -3.10643e-34  -1.8575e-43  8.58815e-34 -5.99622e-43 -3.02193e-34 -1.61597e-42 -1.47548e-34 -4.32558e-42  6.32196e-35 -1.29232e-41  2.74073e-35  -2.7547e-41 -2.37082e-35 -7.84183e-41  6.70563e-35   -8.167e-41 -1.36905e-34  -3.7024e-40  3.31374e-36 -3.09844e-40  3.78298e-35  1.93344e-40 -4.39995e-35  2.73585e-40  5.38576e-36  4.73617e-39 -3.37152e-35  9.12265e-39  2.06205e-36  1.35857e-38 -1.82129e-35   1.2817e-38    3.916e-35   1.3977e-38 -2.50233e-35 -1.72208e-38  7.55133e-36  1.19082e-38 -1.13928e-36 -1.46027e-38 -3.32725e-36 -2.97525e-39 -1.49355e-36  2.39696e-38   1.0503e-36  6.29849e-39 -8.79446e-37 -5.85455e-39 -1.53899e-36  9.41625e-39  8.18696e-36 -3.48887e-39 -3.09566e-35  1.05939e-40  1.12766e-34 -2.21751e-39 -3.88316e-34  7.89238e-39   1.2532e-33 -2.21699e-38 -3.77982e-33  6.29567e-38  1.06298e-32 -1.58352e-37 -2.77942e-32  3.77619e-37  6.73456e-32 -8.44806e-37 -1.50622e-31  1.76758e-36  3.09514e-31 -3.45021e-36 -5.81163e-31  6.26428e-36  9.90554e-31 -1.05451e-35  -1.5204e-30  1.63969e-35    2.081e-30 -2.34482e-35 -2.50882e-30  3.06829e-35  2.62194e-30  -3.6521e-35 -2.32475e-30  3.92638e-35  1.69524e-30 -3.78087e-35 -9.66964e-31  3.22784e-35   3.9057e-31 -2.41262e-35 -8.10343e-32  1.55396e-35 -1.40949e-32 -8.44988e-36  1.53429e-32  3.77331e-36 -3.79182e-33 -1.33061e-36  1.51569e-35  3.48961e-37  1.19747e-34 -6.13067e-38 -8.88045e-36  5.70449e-39 -3.02224e-37
 8.23801e-38  4.73986e-51 -7.74826e-37  5.96497e-49  1.03275e-35   4.1159e-48 -1.76353e-35  3.49492e-47  1.14979e-35  2.89914e-46 -1.34821e-35  2.15326e-45  8.04045e-35  3.16668e-45 -1.55513e-34 -4.83027e-45  1.54511e-34  -2.7266e-44 -1.48015e-34 -1.51822e-43 -2.97391e-34 -5.99622e-43  8.77812e-34 -1.83095e-42 -3.25972e-34 -4.80919e-42 -1.04897e-34 -1.27082e-41  2.85133e-35 -3.64229e-41  3.61377e-35 -7.73209e-41 -2.85485e-35 -2.25781e-40  8.63187e-35 -2.06836e-40 -1.70617e-34 -8.29647e-40  -8.1037e-36 -6.38625e-40  5.84227e-35  6.70748e-40 -5.65005e-35  1.02542e-39  1.43386e-36  1.04798e-38 -3.37257e-35   1.9228e-38 -4.14966e-36  2.93261e-38 -1.41141e-35  2.38394e-38  3.98725e-35  2.86705e-38 -2.54938e-35 -3.12652e-38  8.93322e-36  2.11534e-38 -2.35055e-36 -2.52025e-38 -2.48608e-36 -6.74103e-39 -1.92734e-36  3.41819e-38  7.18916e-37  6.38129e-39  2.72322e-36 -1.04593e-38 -1.72976e-35  1.17673e-38  7.13059e-35 -5.91179e-39 -2.68911e-34  3.06119e-39  9.55854e-34 -1.19084e-38 -3.18782e-33  3.62412e-38  9.94785e-33 -1.00226e-37 -2.89792e-32  2.66448e-37  7.86009e-32 -6.55876e-37 -1.97885e-31  1.51863e-36  4.60749e-31 -3.29269e-36 -9.87924e-31  6.66782e-36  1.94083e-30  -1.2578e-35 -3.47241e-30  2.20345e-35  5.61679e-30 -3.57226e-35 -8.14131e-30  5.33802e-35  1.04578e-29 -7.31774e-35 -1.17382e-29  9.15282e-35  1.12997e-29 -1.03779e-34 -9.08894e-30  1.05855e-34  5.87068e-30 -9.62384e-35 -2.83722e-30  7.71105e-35   8.6308e-31  -5.3691e-35 -4.42559e-32  3.19092e-35 -9.26569e-32  -1.5808e-35  3.89819e-32  6.31865e-36 -4.20825e-33 -1.94253e-36 -9.31683e-34  4.25053e-37  1.96664e-34  -5.7009e-38 -5.38935e-37  3.01202e-39
 2.57586e-51  2.93016e-37  6.28639e-50 -1.81074e-36  3.45327e-48  1.18292e-35  2.21793e-47 -1.67888e-35   1.4372e-46  7.93705e-36  1.08793e-45  6.52287e-36  7.02191e-45  5.08465e-35  7.75099e-45 -1.33496e-34 -2.46385e-44  1.55837e-34 -1.10808e-43 -1.69228e-34 -5.11495e-43 -3.02193e-34 -1.83095e-42  9.10832e-34 -5.29671e-42 -3.67665e-34 -1.35227e-41 -4.62547e-35 -3.50373e-41   5.9922e-39 -9.70929e-41  3.80176e-35 -1.99724e-40 -5.21496e-35 -5.92485e-40  1.21474e-34 -4.79286e-40 -2.00692e-34 -1.73863e-39 -2.94387e-35  -1.2121e-39  8.12698e-35  1.86458e-39 -6.76982e-35  2.77312e-39 -7.60773e-37  2.19661e-38 -3.42843e-35  3.82514e-38 -1.07252e-35  5.90779e-38 -8.63479e-36  4.10972e-38  3.88358e-35  5.44562e-38 -2.45834e-35 -5.49363e-38  9.90106e-36  3.63909e-38  -3.5993e-36  -4.0902e-38 -1.38067e-36 -1.32527e-38 -9.53008e-37  4.65761e-38 -6.35852e-36  5.32023e-39  3.63686e-35 -1.68484e-38 -1.56947e-34  1.49809e-38  6.14893e-34 -1.18376e-38 -2.25696e-33  1.70229e-38  7.77604e-33 -5.47963e-38 -2.50928e-32  1.58409e-37  7.56749e-32  -4.2853e-37 -2.12768e-31  1.09677e-36  5.56117e-31 -2.62585e-36 -1.34671e-30  5.89537e-36  3.00959e-30 -1.23768e-35 -6.17782e-30  2.42356e-35  1.15835e-29 -4.41391e-35 -1.97072e-29  7.45248e-35  3.01767e-29 -1.16214e-34 -4.11762e-29  1.66654e-34  4.94406e-29  -2.1866e-34 -5.13906e-29  2.60944e-34  4.52267e-29 -2.81256e-34 -3.26239e-29  2.71513e-34  1.82888e-29 -2.32376e-34 -7.14127e-30  1.74123e-34  1.31349e-30 -1.12439e-34  3.64636e-31  6.13027e-35 -3.07688e-31 -2.74517e-35  6.77973e-32  9.70987e-36  2.09337e-33 -2.55504e-36 -2.54846e-33  4.50613e-37  1.55573e-34 -4.21228e-38  7.05224e-36
