   0.783167 5.15589e-16    0.259067 2.15464e-16   0.0881198 7.23089e-17   0.0265676 2.10865e-17  0.00685672 5.12136e-18  0.00147753 1.01905e-18  0.00025803 1.60716e-19 3.49615e-05 1.90229e-20 3.41864e-06 1.53132e-21 2.08975e-07 6.67294e-23 5.16716e-09
5.15589e-16   0.0849931 2.14839e-16   0.0428188 8.16649e-17   0.0166886 2.67921e-17  0.00529988 7.36222e-18  0.00137766 1.67002e-18 0.000289271 3.04784e-19 4.76693e-05 4.29304e-20 5.85602e-06 4.34672e-21 4.86894e-07 2.74293e-22  2.1835e-08  6.9847e-24
   0.259067 2.14839e-16   0.0920354 9.63823e-17   0.0331931 3.45823e-17   0.0105221 1.05676e-17  0.00283836 2.67335e-18 0.000636479 5.51136e-19  0.00011528 8.96929e-20 1.61575e-05 1.09227e-20 1.63091e-06 9.02626e-22 1.02739e-07 4.03089e-23 2.61442e-09
2.15464e-16   0.0428188 9.63823e-17   0.0219195 3.81243e-17  0.00866652 1.28878e-17  0.00278871 3.62871e-18 0.000733852 8.40559e-19 0.000155885 1.56291e-19 2.59743e-05 2.23908e-20 3.22507e-06 2.30295e-21 2.70936e-07 1.47481e-22 1.22739e-08 3.80845e-24
  0.0881198 8.16649e-17   0.0331931 3.81243e-17   0.0125092 1.41738e-17  0.00410736   4.443e-18    0.001141 1.14893e-18 0.000262419 2.41433e-19 4.86027e-05 3.99644e-20 6.95008e-06 4.94251e-21 7.14486e-07 4.14304e-22 4.57769e-08 1.87505e-23 1.18346e-09
7.23089e-17   0.0166886 3.45823e-17  0.00866652 1.41738e-17   0.0034701 4.91606e-18  0.00112941  1.4127e-18 0.000300338 3.32928e-19 6.44248e-05 6.28434e-20 1.08343e-05 9.12568e-21 1.35711e-06 9.50263e-22 1.14978e-07 6.15566e-23 5.25149e-09 1.60682e-24
  0.0265676 2.67921e-17   0.0105221 1.28878e-17  0.00410736 4.91606e-18   0.0013854 1.56955e-18 0.000393323 4.12264e-19 9.21311e-05 8.78099e-20 1.73364e-05   1.471e-20 2.51415e-06 1.83904e-21 2.61761e-07 1.55703e-22 1.69672e-08 7.11286e-24 4.43415e-10
2.10865e-17  0.00529988 1.05676e-17  0.00278871   4.443e-18  0.00112941 1.56955e-18  0.00037134 4.57733e-19  9.9664e-05 1.09233e-19 2.15617e-05 2.08467e-20 3.65504e-06 3.05729e-21 4.61294e-07 3.21258e-22 3.93638e-08  2.0987e-23 1.81037e-09 5.52201e-25
 0.00685672 7.36222e-18  0.00283836 3.62871e-18    0.001141  1.4127e-18 0.000393323 4.57733e-19 0.000113608 1.21746e-19 2.69948e-05 2.62136e-20 5.14243e-06 4.43373e-21 7.53881e-07  5.5915e-22 7.92582e-08 4.77223e-23  5.1834e-09 2.19649e-24 1.36585e-10
5.12136e-18  0.00137766 2.67335e-18 0.000733852 1.14893e-18 0.000300338 4.12264e-19  9.9664e-05 1.21746e-19  2.6972e-05 2.93628e-20  5.8798e-06 5.65602e-21 1.00378e-06 8.36427e-22 1.27527e-07 8.85634e-23  1.0951e-08 5.82674e-24 5.06682e-10 1.54335e-25
 0.00147753 1.67002e-18 0.000636479 8.40559e-19 0.000262419 3.32928e-19 9.21311e-05 1.09233e-19 2.69948e-05 2.93628e-20 6.49038e-06 6.38045e-21 1.24891e-06 1.08798e-21 1.84719e-07 1.38221e-22 1.95753e-08 1.18772e-23 1.28955e-09 5.50147e-25 3.42102e-11
1.01905e-18 0.000289271 5.51136e-19 0.000155885 2.41433e-19 6.44248e-05 8.78099e-20 2.15617e-05 2.62136e-20  5.8798e-06 6.38045e-21 1.29067e-06 1.23892e-21 2.21749e-07 1.84536e-22  2.8341e-08  1.9668e-23 2.44742e-09 1.30191e-24 1.13846e-10 3.46827e-26
 0.00025803 3.04784e-19  0.00011528 1.56291e-19 4.86027e-05 6.28434e-20 1.73364e-05 2.08467e-20 5.14243e-06 5.65602e-21 1.24891e-06 1.23892e-21 2.42397e-07 2.12762e-22  3.6123e-08 2.72045e-23 3.85412e-09 2.35156e-24 2.55476e-10 1.09528e-25  6.8167e-12
1.60716e-19 4.76693e-05 8.96929e-20 2.59743e-05 3.99644e-20 1.08343e-05   1.471e-20 3.65504e-06 4.43373e-21 1.00378e-06 1.08798e-21 2.21749e-07 2.12762e-22 3.83224e-08 3.18929e-23  4.9246e-09   3.419e-24 4.27452e-10 2.27544e-25 1.99805e-11 6.09261e-27
3.49615e-05 4.29304e-20 1.61575e-05 2.23908e-20 6.95008e-06 9.12568e-21 2.51415e-06 3.05729e-21 7.53881e-07 8.36427e-22 1.84719e-07 1.84536e-22  3.6123e-08 3.18929e-23 5.41904e-09 4.10151e-24  5.8164e-10 3.56422e-25 3.87662e-11 1.66836e-26 1.03965e-12
1.90229e-20 5.85602e-06 1.09227e-20 3.22507e-06 4.94251e-21 1.35711e-06 1.83904e-21 4.61294e-07  5.5915e-22 1.27527e-07 1.38221e-22  2.8341e-08 2.72045e-23  4.9246e-09 4.10151e-24 6.36034e-10 4.42014e-25 5.54689e-11 2.95614e-26 2.60444e-12 7.95169e-28
3.41864e-06 4.34672e-21 1.63091e-06 2.30295e-21 7.14486e-07 9.50263e-22 2.61761e-07 3.21258e-22 7.92582e-08 8.85634e-23 1.95753e-08  1.9668e-23 3.85412e-09   3.419e-24  5.8164e-10 4.42014e-25 6.27653e-11 3.85979e-26 4.20397e-12 1.81492e-27 1.13262e-13
1.53132e-21 4.86894e-07 9.02626e-22 2.70936e-07 4.14304e-22 1.14978e-07 1.55703e-22 3.93638e-08 4.77223e-23  1.0951e-08 1.18772e-23 2.44742e-09 2.35156e-24 4.27452e-10 3.56422e-25 5.54689e-11 3.85979e-26 4.85891e-12 2.59303e-27 2.29095e-13 7.00455e-29
2.08975e-07 2.74293e-22 1.02739e-07 1.47481e-22 4.57769e-08 6.15566e-23 1.69672e-08  2.0987e-23  5.1834e-09 5.82674e-24 1.28955e-09 1.30191e-24 2.55476e-10 2.27544e-25 3.87662e-11 2.95614e-26 4.20397e-12 2.59303e-27 2.82855e-13 1.22441e-28 7.65282e-15
6.67294e-23  2.1835e-08 4.03089e-23 1.22739e-08 1.87505e-23 5.25149e-09 7.11286e-24 1.81037e-09 2.19649e-24 5.06682e-10 5.50147e-25 1.13846e-10 1.09528e-25 1.99805e-11 1.66836e-26 2.60444e-12 1.81492e-27 2.29095e-13 1.22441e-28 1.08443e-14 3.32061e-30
5.16716e-09  6.9847e-24 2.61442e-09 3.80845e-24 1.18346e-09 1.60682e-24 4.43415e-10 5.52201e-25 1.36585e-10 1.54335e-25 3.42102e-11 3.46827e-26  6.8167e-12 6.09261e-27 1.03965e-12 7.95169e-28 1.13262e-13 7.00455e-29 7.65282e-15 3.32061e-30 2.07869e-16
