 1.39027e-09  1.36746e-23 -3.05908e-08 -3.68587e-22  2.54043e-07  2.65845e-21 -1.21824e-06 -1.00337e-20  3.84186e-06   2.3917e-20 -8.40526e-06 -3.87628e-20  1.29617e-05  4.35448e-20 -1.38979e-05 -3.31033e-20  9.84416e-06  1.57107e-20 -4.05437e-06 -3.74614e-21  6.36218e-07
 1.36746e-23  4.41041e-08  2.20073e-22 -5.40552e-07  -3.7327e-21  3.33524e-06  2.00206e-20 -1.28693e-05 -5.97847e-20   3.3744e-05  1.15928e-19 -6.21109e-05 -1.54328e-19  8.03446e-05  1.41416e-19 -7.08651e-05 -8.50741e-20  3.93139e-05  2.95041e-20 -1.10705e-05 -3.84641e-21
-3.05908e-08  2.20073e-22  6.75815e-07  1.79404e-21  -5.6354e-06 -2.13715e-20  2.71378e-05  8.82737e-20 -8.59508e-05 -2.11083e-19  0.000188878  3.33713e-19 -0.000292601 -3.63237e-19   0.00031522  2.67811e-19 -0.000224376 -1.23426e-19  9.28847e-05  2.85183e-20 -1.46541e-05
-3.68587e-22 -5.40552e-07  1.79404e-21  6.65238e-06  9.29363e-21 -4.12179e-05 -8.18842e-20  0.000159728  2.64186e-19 -0.000420664 -5.06233e-19  0.000777819  6.48884e-19   -0.0010109 -5.70861e-19  0.000895978  3.30869e-19  -0.00049959 -1.10577e-19  0.000141429  1.37826e-20
 2.54043e-07  -3.7327e-21  -5.6354e-06  9.29363e-21   4.7189e-05  3.35208e-20 -0.000228219 -2.22923e-19  0.000726001  5.60443e-19  -0.00160264 -8.51011e-19   0.00249435  8.71385e-19   -0.0027002 -6.07343e-19   0.00193171  2.66572e-19 -0.000803878 -5.83426e-20  0.000127526
 2.65845e-21  3.33524e-06 -2.13715e-20 -4.12179e-05  3.35208e-20  0.000256481  8.72626e-20 -0.000998288 -4.35665e-19   0.00264102  8.32908e-19  -0.00490608 -9.70498e-19   0.00640696    7.694e-19  -0.00570705 -4.11245e-19   0.00319881  1.28201e-19 -0.000910501 -1.43976e-20
-1.21824e-06  2.00206e-20  2.71378e-05 -8.18842e-20 -0.000228219  8.72626e-20   0.00110858  1.63458e-19  -0.00354251 -5.85746e-19   0.00785638   7.8507e-19   -0.0122864 -6.32391e-19    0.0133666  3.56149e-19   -0.0096119 -1.38367e-19   0.00402163  2.65855e-20 -0.000641612
-1.00337e-20 -1.28693e-05  8.82737e-20  0.000159728 -2.22923e-19 -0.000998288  1.63458e-19   0.00390313  2.06917e-19   -0.0103738 -4.44801e-19    0.0193632  2.50378e-19   -0.0254121   3.4096e-21    0.0227525 -4.13095e-20   -0.0128213  9.90733e-21   0.00366996 -1.94078e-21
 3.84186e-06 -5.97847e-20 -8.59508e-05  2.64186e-19  0.000726001 -4.35665e-19  -0.00354251  2.06917e-19    0.0113727  1.32416e-19   -0.0253423  6.53508e-20     0.039828 -4.70058e-19   -0.0435514  4.17617e-19    0.0314849 -1.33531e-19   -0.0132468  1.39566e-20    0.0021258
  2.3917e-20   3.3744e-05 -2.11083e-19 -0.000420664  5.60443e-19   0.00264102 -5.85746e-19   -0.0103738  1.32416e-19    0.0277035 -7.91405e-20   -0.0519648  6.38585e-19    0.0685464 -7.64253e-19   -0.0616982  2.93409e-19    0.0349602 -1.21954e-21   -0.0100652 -8.95159e-21
-8.40526e-06  1.15928e-19  0.000188878 -5.06233e-19  -0.00160264  8.32908e-19   0.00785638 -4.44801e-19   -0.0253423 -7.91405e-20    0.0567497 -2.96734e-19   -0.0896423  7.66115e-19    0.0985411 -3.65634e-19   -0.0716315 -1.09217e-19    0.0303118  9.02657e-20  -0.00489387
-3.87628e-20 -6.21109e-05  3.33713e-19  0.000777819 -8.51011e-19  -0.00490608   7.8507e-19    0.0193632  6.53508e-20   -0.0519648 -2.96734e-19     0.097969 -3.23794e-19    -0.129912  2.88427e-19     0.117575  2.97726e-19   -0.0670041 -3.17627e-19    0.0194069  5.77995e-20
 1.29617e-05 -1.54328e-19 -0.000292601  6.48884e-19   0.00249435 -9.70498e-19   -0.0122864  2.50378e-19     0.039828  6.38585e-19   -0.0896423 -3.23794e-19     0.142347 -1.04828e-19    -0.157334 -3.77391e-19     0.115023  6.13489e-19   -0.0489649 -2.26296e-19   0.00795532
 4.35448e-20  8.03446e-05 -3.63237e-19   -0.0010109  8.71385e-19   0.00640696 -6.32391e-19   -0.0254121 -4.70058e-19    0.0685464  7.66115e-19    -0.129912 -1.04828e-19     0.173214  1.76538e-19    -0.157658 -6.78557e-19    0.0903824  4.55106e-19   -0.0263423 -6.65493e-20
-1.38979e-05  1.41416e-19   0.00031522 -5.70861e-19   -0.0027002    7.694e-19    0.0133666   3.4096e-21   -0.0435514 -7.64253e-19    0.0985411  2.88427e-19    -0.157334  1.76538e-19     0.174891  3.04554e-19    -0.128618 -5.17831e-19    0.0550939  1.67521e-19  -0.00901001
-3.31033e-20 -7.08651e-05  2.67811e-19  0.000895978 -6.07343e-19  -0.00570705  3.56149e-19    0.0227525  4.17617e-19   -0.0616982 -3.65634e-19     0.117575 -3.77391e-19    -0.157658  3.04554e-19     0.144352  2.33579e-19   -0.0832689 -2.08158e-19    0.0244279  2.00643e-20
 9.84416e-06 -8.50741e-20 -0.000224376  3.30869e-19   0.00193171 -4.11245e-19   -0.0096119 -4.13095e-20    0.0314849  2.93409e-19   -0.0716315  2.97726e-19     0.115023 -6.78557e-19    -0.128618  2.33579e-19    0.0951763  9.84513e-20   -0.0410351 -3.07541e-20   0.00675713
 1.57107e-20  3.93139e-05 -1.23426e-19  -0.00049959  2.66572e-19   0.00319881 -1.38367e-19   -0.0128213 -1.33531e-19    0.0349602 -1.09217e-19   -0.0670041  6.13489e-19    0.0903824 -5.17831e-19   -0.0832689  9.84513e-20    0.0483467  1.52789e-20   -0.0142806   6.0923e-21
-4.05437e-06  2.95041e-20  9.28847e-05  -1.1058e-19 -0.000803878  1.28223e-19   0.00402163   9.7412e-21   -0.0132468 -1.04677e-21    0.0303118 -3.17304e-19   -0.0489649  4.54593e-19    0.0550939 -2.07708e-19   -0.0410351  1.49242e-20    0.0178137 -3.96221e-21  -0.00295465
-3.74615e-21 -1.10705e-05   2.8519e-20  0.000141429  -5.8342e-20 -0.000910501  2.65681e-20   0.00366996   1.3999e-20   -0.0100652  9.02095e-20    0.0194069 -2.26497e-19   -0.0263423  1.67248e-19    0.0244279 -3.10343e-20   -0.0142806 -3.96221e-21   0.00424878 -1.64812e-21
 6.36218e-07 -3.84641e-21 -1.46541e-05  1.37826e-20  0.000127526 -1.43974e-20 -0.000641612  -1.9437e-21    0.0021258 -8.94919e-21  -0.00489387  5.77974e-20   0.00795532 -6.65289e-20  -0.00901001  2.00608e-20   0.00675713  6.09611e-21  -0.00295465 -1.64707e-21  0.000493842
