     0.30219 -2.81905e-17    0.0379391  4.44828e-18   -0.0294786 -4.86712e-17   -0.0136249 -1.51938e-17 -0.000426322   7.4719e-18   0.00174239  2.81486e-18  0.000718621  3.89366e-19  0.000104803  7.48853e-20 -8.27394e-06  6.16117e-21 -4.58964e-06  5.66151e-23 -3.68048e-07
-2.81905e-17     0.142247  7.73831e-17    0.0214631 -1.24482e-17   -0.0224349 -7.48015e-17   -0.0145711 -1.60073e-17  -0.00157497  5.66007e-18   0.00190904  2.20289e-18   0.00104516  6.86877e-19   0.00023116  1.90095e-19  1.78071e-05  3.43838e-20 -1.02471e-06  2.30777e-21
   0.0379391  7.73831e-17    0.0684795   1.2267e-16    0.0176271 -3.01559e-17   -0.0185026 -7.04033e-17   -0.0149532 -1.48848e-17  -0.00290159  5.49062e-19   0.00150071  8.28987e-19   0.00109846  6.22163e-19  0.000298495  2.32054e-19   3.7252e-05  4.73013e-20  1.42193e-06
 4.44828e-18    0.0214631   1.2267e-16    0.0527067  1.35603e-16    0.0158871 -2.66197e-17   -0.0156296 -4.64666e-17   -0.0150413 -1.23652e-17  -0.00433924 -3.36124e-18  0.000643569 -4.46909e-19  0.000847091  3.20603e-19  0.000254177  2.08643e-19   3.0849e-05  3.21975e-20
  -0.0294786 -1.24482e-17    0.0176271  1.35603e-16    0.0430513  1.12437e-16    0.0150736 -1.24596e-17   -0.0131462 -2.18008e-17   -0.0148972 -1.00187e-17  -0.00574178 -5.31211e-18 -0.000472246 -1.49805e-18  0.000381273  2.77535e-20   0.00013111   1.4881e-19  1.14978e-05
-4.86712e-17   -0.0224349 -3.01559e-17    0.0158871  1.12437e-16    0.0376015  7.13254e-17    0.0150494  5.51188e-21   -0.0107174 -7.46514e-18   -0.0143335 -9.10611e-18  -0.00678179 -6.42979e-18  -0.00148444 -2.20483e-18 -6.73955e-05 -7.85582e-20  2.32814e-05  8.08993e-20
  -0.0136249 -7.48015e-17   -0.0185026 -2.66197e-17    0.0150736  7.13254e-17    0.0344693  3.61825e-17    0.0157182  6.91628e-18  -0.00793528 -2.59949e-18   -0.0129336 -9.10093e-18  -0.00694724  -6.9645e-18  -0.00194804 -2.13296e-18 -0.000273485  1.47418e-20 -1.26571e-05
-1.51938e-17   -0.0145711 -7.04033e-17   -0.0156296 -1.24596e-17    0.0150494  3.61825e-17    0.0329053  1.96325e-17      0.01723  1.13388e-17  -0.00429499 -4.20205e-19    -0.010188 -8.10838e-18  -0.00582642 -5.95046e-18  -0.00166392 -1.16695e-18 -0.000218475  1.10048e-19
-0.000426322 -1.60073e-17   -0.0149532 -4.64666e-17   -0.0131462  5.51188e-21    0.0157182  1.96325e-17    0.0327107  2.08001e-17    0.0198796   1.8472e-17  0.000615152  4.65227e-18  -0.00597303 -4.47992e-18   -0.0036152 -3.05323e-18 -0.000925131 -3.66604e-20 -7.93354e-05
  7.4719e-18  -0.00157497 -1.48848e-17   -0.0150413 -2.18008e-17   -0.0107174  6.91628e-18      0.01723  2.08001e-17    0.0339594  3.39312e-17    0.0238092  3.13953e-17   0.00652396  1.36598e-17    -0.001145  1.30965e-18  -0.00126414   1.8742e-19  -0.00027816   3.7818e-19
  0.00174239  5.66007e-18  -0.00290159 -1.23652e-17   -0.0148972 -7.46514e-18  -0.00793528  1.13388e-17    0.0198796  3.39312e-17    0.0366078  5.46032e-17    0.0283333  4.81917e-17    0.0119141  2.31158e-17   0.00258853   6.3163e-18  0.000192903  1.71347e-18 -7.62566e-06
 2.81486e-18   0.00190904  5.49062e-19  -0.00433924 -1.00187e-17   -0.0143335 -2.59949e-18  -0.00429499   1.8472e-17    0.0238092  5.46032e-17    0.0397676  7.77279e-17    0.0314287  6.15891e-17    0.0145211  2.75917e-17   0.00390814  7.61327e-18   0.00051479  1.22707e-18
 0.000718621  2.20289e-18   0.00150071 -3.36124e-18  -0.00574178 -9.10611e-18   -0.0129336 -4.20205e-19  0.000615152  3.13953e-17    0.0283333  7.77279e-17    0.0412132  9.38841e-17    0.0305322  6.32967e-17    0.0131225  2.42368e-17   0.00306271  5.28393e-18  0.000261528
 3.89366e-19   0.00104516  8.28987e-19  0.000643569 -5.31211e-18  -0.00678179 -9.10093e-18    -0.010188  4.65227e-18   0.00652396  4.81917e-17    0.0314287  9.38841e-17    0.0382864   9.3013e-17     0.024704  5.11793e-17   0.00887286  1.55456e-17   0.00150142  2.06454e-18
 0.000104803  6.86877e-19   0.00109846 -4.46909e-19 -0.000472246 -6.42979e-18  -0.00694724 -8.10838e-18  -0.00597303  1.36598e-17    0.0119141  6.15891e-17    0.0305322   9.3013e-17     0.030188  7.35685e-17    0.0159829   3.1805e-17   0.00437995  6.93537e-18  0.000422772
 7.48853e-20   0.00023116  6.22163e-19  0.000847091 -1.49805e-18  -0.00148444  -6.9645e-18  -0.00582642 -4.47992e-18    -0.001145  2.31158e-17    0.0145211  6.32967e-17     0.024704  7.35685e-17    0.0193195  4.53443e-17   0.00794916  1.46744e-17   0.00148688  1.86895e-18
-8.27394e-06  1.90095e-19  0.000298495  3.20603e-19  0.000381273 -2.20483e-18  -0.00194804 -5.95046e-18   -0.0036152  1.30965e-18   0.00258853  2.75917e-17    0.0131225  5.11793e-17    0.0159829  4.53443e-17   0.00963508  2.11666e-17   0.00289379  4.71747e-18  0.000298532
 6.16117e-21  1.78071e-05  2.32054e-19  0.000254177  2.77535e-20 -6.73955e-05 -2.13296e-18  -0.00166392 -3.05323e-18  -0.00126414   6.3163e-18   0.00390814  2.42368e-17   0.00887286   3.1805e-17   0.00794916  2.11666e-17   0.00357616  7.16591e-18  0.000712707  9.05369e-19
-4.58964e-06  3.43838e-20   3.7252e-05  2.08643e-19   0.00013111 -7.85582e-20 -0.000273485 -1.16695e-18 -0.000925131   1.8742e-19  0.000192903  7.61327e-18   0.00306271  1.55456e-17   0.00437995  1.46744e-17   0.00289379  7.16591e-18  0.000925171  1.62373e-18  9.98111e-05
 5.66151e-23 -1.02471e-06  4.73013e-20   3.0849e-05   1.4881e-19  2.32814e-05  1.47418e-20 -0.000218475 -3.66604e-20  -0.00027816  1.71347e-18   0.00051479  5.28393e-18   0.00150142  6.93537e-18   0.00148688  4.71747e-18  0.000712707  1.62373e-18  0.000148489  2.03191e-19
-3.68048e-07  2.30777e-21  1.42193e-06  3.21975e-20  1.14978e-05  8.08993e-20 -1.26571e-05  1.10048e-19 -7.93354e-05   3.7818e-19 -7.62566e-06  1.22707e-18  0.000261528  2.06454e-18  0.000422772  1.86895e-18  0.000298532  9.05369e-19  9.98111e-05  2.03191e-19  1.11175e-05
