 4.04267e-14 -5.32763e-28 -1.04934e-12  2.16399e-26  1.02276e-11 -2.68316e-25 -5.74098e-11  1.92288e-24   2.1198e-10  -9.5157e-24 -5.45017e-10  3.50862e-23  9.94794e-10 -1.00165e-22  -1.2733e-09  2.26503e-22  1.07357e-09 -4.13278e-22 -4.73889e-10  6.24423e-22 -4.85438e-11 -8.23194e-22  1.62735e-10  1.04172e-21 -3.05329e-11 -1.39122e-21 -4.13565e-11  1.93848e-21  1.05935e-11 -2.54495e-21   1.1277e-11  2.88468e-21 -1.52999e-12 -2.69712e-21 -3.02287e-12  2.03223e-21 -3.01793e-13 -1.21445e-21  6.03864e-13  5.69546e-22   2.4883e-13 -2.12242e-22 -4.10522e-14  6.82442e-23 -6.41004e-14 -2.13254e-23 -1.72304e-14  4.89637e-24  4.39366e-15  1.21913e-24  4.78046e-15 -2.05486e-24  1.38824e-15  1.07776e-24 -1.01118e-16 -2.93825e-25 -2.43223e-16 -3.36296e-27 -9.79217e-17  5.41791e-26  -1.4621e-17 -2.46089e-26  4.72292e-18 -3.26228e-27  3.75207e-18  5.66591e-27  1.22233e-18  3.59964e-28  1.94974e-19 -1.35938e-27 -2.00702e-20  4.65119e-29 -2.41891e-20  1.68679e-28 -8.71159e-21  1.47288e-29 -1.95043e-21 -4.65693e-30  -2.4419e-22 -1.17822e-29  1.40089e-23 -5.52115e-31  1.73725e-23  1.09215e-30  5.54072e-24  5.76934e-31  1.18428e-24 -3.87427e-32  1.85226e-25 -6.62599e-32  1.94241e-26 -1.26676e-32  4.81513e-28  1.41905e-33 -3.42073e-28  1.26893e-33 -9.80658e-29  3.85821e-34 -1.72605e-29  3.10758e-35 -2.31174e-30 -8.47942e-36  -2.4727e-31 -3.52106e-36 -2.11087e-32 -8.40185e-37 -1.37452e-33 -9.64453e-38 -5.75698e-35  7.82587e-39  1.71269e-38  4.83014e-39  2.54137e-37  1.00324e-39  2.58376e-38  1.37853e-40  1.59424e-39  1.33481e-41  6.75272e-41  9.08464e-43  2.04332e-42   4.0912e-44  4.16051e-44  1.08342e-45  4.29663e-46  1.12698e-47
-5.32763e-28  1.52864e-12 -1.22024e-26 -2.24513e-11   3.4391e-25  1.65572e-10 -3.42758e-24 -7.63947e-10  2.09897e-23  2.40525e-09 -9.16713e-23  -5.3621e-09  3.03681e-22  8.51346e-09 -7.85721e-22 -9.35653e-09  1.61189e-21   6.4362e-09 -2.64637e-21 -1.73713e-09  3.52031e-21 -1.06941e-09 -3.93606e-21  9.14362e-10  4.11376e-21  1.00478e-10 -4.78691e-21 -2.70718e-10  6.45478e-21 -2.09116e-11 -8.56812e-21  7.03084e-11  9.71909e-21   1.4124e-11 -8.87346e-21 -1.45978e-11  6.35476e-21 -6.74671e-12 -3.49768e-21  1.40656e-12  1.45154e-21   1.8963e-12 -4.62587e-22  3.69792e-13  1.37631e-22 -2.32909e-13 -5.15399e-23  -1.6128e-13   1.6459e-23 -2.58349e-14  7.31939e-25   1.5868e-14 -4.06584e-24   1.1099e-14   2.3139e-24   2.6389e-15 -8.63045e-25 -3.49806e-16  2.09853e-25 -5.07796e-16  6.04369e-26 -1.91236e-16 -6.94518e-26 -2.97654e-17 -2.63656e-27  6.80017e-18  1.60516e-26  6.02243e-18  2.46827e-27  2.06201e-18 -5.03696e-27  3.94224e-19  -1.5551e-28  8.90863e-21  7.08103e-28 -2.42747e-20  1.16328e-28 -1.04254e-20 -3.64071e-29 -2.66652e-21 -4.70609e-29  -4.5539e-22 -2.29112e-30  -3.7983e-23  4.62106e-30  6.34826e-24  2.13121e-30  3.58018e-24 -1.30378e-31  9.20216e-25 -2.42555e-31   1.6904e-25 -4.83716e-32  2.36872e-26  3.90625e-33   2.4298e-27  4.74858e-33  1.35132e-28   1.4684e-33 -1.00322e-29  1.46399e-34 -4.10425e-30 -2.15714e-35 -6.87264e-31 -1.12441e-35 -8.23172e-32  -2.6591e-36 -7.74759e-33 -2.75808e-37 -5.86739e-34  2.79214e-38 -3.56269e-35  1.44628e-38 -1.68538e-36  2.74571e-39 -5.80067e-38  3.40786e-40 -1.23275e-39  2.95075e-41 -3.90343e-42   1.7455e-42  7.36483e-43  6.44984e-44  2.41576e-44  1.21681e-45  1.89111e-46
-1.04934e-12 -1.22024e-26  2.83617e-11 -1.57821e-25 -2.88585e-10  3.38061e-24   1.6964e-09 -2.80601e-23 -6.58577e-09  1.49759e-22  1.78983e-08 -5.84865e-22 -3.48025e-08  1.75804e-21  4.80717e-08 -4.15792e-21 -4.49228e-08  7.80614e-21  2.40616e-08 -1.16465e-20 -1.46495e-09  1.37754e-20 -6.76672e-09 -1.30386e-20  2.59423e-09  1.07574e-20  1.47837e-09 -1.02377e-20 -8.61651e-10  1.36201e-20 -4.06754e-10  -1.9148e-20  1.94681e-10  2.23146e-20  1.31468e-10 -2.00998e-20 -2.09734e-11  1.36848e-20 -3.59877e-11 -6.85828e-21 -5.79254e-12  2.42806e-21  5.80721e-12 -6.09649e-22   3.2576e-12  1.71529e-22  1.18905e-13 -9.11635e-23 -5.53311e-13  3.63085e-23 -2.54168e-13 -1.77986e-24 -1.91661e-14 -4.93175e-24  3.11426e-14  2.81261e-24  1.69687e-14 -1.65183e-24   3.4969e-15  8.93095e-25 -5.78607e-16 -9.09329e-26 -6.90045e-16 -1.43894e-25 -2.52743e-16  8.27749e-27 -4.33392e-17  3.66744e-26  4.90621e-18  8.15695e-27  6.05154e-18 -1.39109e-26  2.23132e-18 -9.98553e-28  4.92737e-19  2.11343e-27  5.02822e-20  4.29937e-28 -1.07073e-20 -1.42585e-28 -7.01783e-21 -1.29809e-28 -2.07605e-21 -6.18921e-30 -4.21887e-22  1.32554e-29 -5.92728e-23  5.55484e-30 -3.91278e-24 -3.21981e-31   7.1097e-25 -6.22415e-31  3.21175e-25 -1.28293e-31  7.12123e-26  8.43965e-33  1.15289e-26  1.26653e-32  1.46391e-27  3.90331e-33  1.45564e-28  4.41744e-34   1.0518e-29 -3.29213e-35  3.68854e-31 -2.35905e-35 -3.27534e-32 -5.46051e-36 -7.75868e-33  -4.8836e-37 -8.70466e-34  7.10643e-38 -6.94148e-35  2.94484e-38 -4.21532e-36  5.02962e-39 -1.95739e-37   5.5813e-40 -6.87586e-39  4.24973e-41  -1.7355e-40  2.12503e-42 -2.64938e-42  6.09641e-44 -2.06888e-44  6.67171e-46
 2.16399e-26 -2.24513e-11 -1.57821e-25    3.442e-10  -1.4099e-24 -2.65718e-09  2.41983e-23  1.28791e-08 -1.71582e-22 -4.27901e-08  8.10616e-22  1.01299e-07 -2.86136e-21 -1.72432e-07  7.86807e-21  2.06659e-07 -1.71297e-20 -1.61425e-07  2.96435e-20    6.101e-08 -4.05471e-20  1.57272e-08  4.31121e-20 -2.54814e-08 -3.46813e-20  2.24143e-09  2.12499e-20  7.10052e-09 -1.40906e-20 -1.03257e-09  1.95603e-20  -1.9684e-09 -3.23606e-20  7.16913e-11  4.03854e-20  5.09963e-10 -3.63423e-20  9.36892e-11  2.35103e-20 -9.40409e-11 -1.05544e-20 -4.94623e-11  2.98526e-21   3.2946e-12 -4.66591e-22  1.12391e-11  1.46273e-22  3.76187e-12  -1.4208e-22 -5.09114e-13  6.00817e-23   -8.698e-13 -3.58452e-24 -3.00181e-13 -3.56673e-24 -1.11107e-15  1.04524e-24  4.30392e-14 -2.31059e-24  2.00385e-14  2.32122e-24  3.81973e-15 -5.69031e-25  -6.0769e-16 -2.58776e-25 -7.01595e-16  4.29861e-26 -2.57997e-16  7.79819e-26 -4.97592e-17  1.81324e-26  4.82018e-19 -3.21713e-26  4.19136e-18 -2.93178e-27  1.73431e-18  5.10325e-27  4.31771e-19  1.11769e-27  6.64099e-20 -3.96351e-28  1.78543e-21 -2.87175e-28  -2.6232e-21 -1.23584e-29 -1.00686e-21  3.02951e-29 -2.36382e-22  1.17234e-29  -4.0645e-23 -6.86407e-31 -5.06355e-24 -1.29158e-30 -3.52899e-25 -2.69683e-31  2.42253e-26  1.81987e-32  1.33034e-26  2.78473e-32  2.69921e-27  8.39751e-33  3.88903e-28  1.03367e-33   4.4046e-29 -2.36076e-35  4.01448e-30 -3.65731e-35  2.91272e-31 -8.24272e-36  1.59743e-32 -5.72062e-37  5.53585e-34  1.44398e-37 -6.80241e-37  4.69524e-38 -1.61626e-36  7.10137e-39 -1.22906e-37  6.95172e-40  -5.4511e-39  4.55816e-41 -1.52181e-40  1.85591e-42  -2.4013e-42  3.76521e-44 -1.42946e-44
 1.02276e-11   3.4391e-25 -2.88585e-10  -1.4099e-24  3.07343e-09 -9.52148e-24 -1.89691e-08  1.35578e-22  7.76261e-08   -8.373e-22 -2.23547e-07  3.54619e-21  4.64059e-07 -1.14153e-20 -6.92574e-07  2.89072e-20  7.15778e-07 -5.82588e-20 -4.53559e-07  9.34675e-20  9.08742e-08 -1.18079e-19  9.75135e-08   1.1408e-19 -6.39967e-08 -7.87346e-20 -1.45058e-08  3.28405e-20  2.05038e-08 -6.99209e-21  3.53065e-09  1.52236e-20 -5.40761e-09 -4.26976e-20  -1.5889e-09  6.12512e-20   1.0765e-09 -5.58801e-20   6.3639e-10  3.42825e-20 -7.29883e-11 -1.34583e-20 -1.64228e-10  2.63507e-21 -4.17926e-11  3.52327e-23  1.73666e-11  9.57764e-23  1.49341e-11 -2.12486e-22  3.09829e-12  7.85251e-23 -1.21841e-12  9.52002e-25 -1.04506e-12 -6.16425e-26 -2.89747e-13 -4.42628e-24   1.5951e-14 -2.15928e-24  4.62296e-14  4.66759e-24  1.95234e-14 -1.59082e-24  3.67763e-15 -4.30763e-25 -4.16634e-16  1.29757e-25 -5.58023e-16  1.57026e-25 -2.11899e-16  2.94923e-26 -4.58642e-17 -6.48359e-26 -3.23252e-18 -6.16512e-27  1.90647e-18   1.0492e-26  9.83988e-19  2.30932e-27  2.75021e-19 -8.82326e-28  5.21235e-20 -5.40607e-28   5.8899e-21 -1.82653e-29 -1.64508e-22  5.90407e-29 -2.77018e-22  2.11498e-29 -8.17209e-23 -1.32894e-30 -1.61946e-23 -2.28919e-30 -2.44396e-24 -4.70087e-31 -2.82089e-25   4.1617e-32  -2.2408e-26  5.35634e-32 -5.01155e-28  1.55703e-32  2.01951e-28  2.03907e-33  4.43181e-29  3.74526e-35  5.79918e-30 -4.17169e-35  5.69615e-31 -9.24552e-36  4.42791e-32 -3.35702e-37  2.74822e-33  2.43173e-37  1.34355e-34  6.19149e-38  5.00631e-36  8.16268e-39  1.34009e-37   6.9318e-40  2.20495e-39  3.80912e-41  1.25492e-41  1.19499e-42 -1.45871e-43  1.39708e-44
-2.68316e-25  1.65572e-10  3.38061e-24 -2.65718e-09 -9.52148e-24  2.15342e-08 -5.12041e-23 -1.09953e-07  6.20198e-22  3.86563e-07 -3.38793e-21 -9.74279e-07  1.30006e-20  1.78167e-06 -3.84508e-20 -2.32969e-06  9.01599e-20  2.05329e-06 -1.68952e-19   -9.977e-07  2.52417e-19  -3.0095e-08 -2.96274e-19  3.34823e-07  2.62626e-19 -9.81004e-08  -1.5761e-19 -8.20971e-08  3.88296e-20  3.62378e-08  2.54605e-20  2.31759e-08 -1.19484e-20 -8.13311e-09  -4.2508e-20 -7.23653e-09  8.06322e-20  6.09388e-10 -7.58097e-20  1.90025e-09   4.3938e-20  4.12133e-10 -1.45331e-20 -2.84638e-10  1.18269e-21 -1.88862e-10  7.81736e-22 -1.57635e-11  9.99815e-23  2.94585e-11 -3.11937e-22  1.53632e-11  8.36372e-23  1.75034e-12  1.69185e-23 -1.67066e-12  3.78038e-24  -1.0301e-12 -1.42516e-23 -2.42391e-13 -7.15647e-26  2.27449e-14  7.85668e-24  4.04278e-14 -3.43768e-24   1.6193e-14 -6.73037e-25  3.17789e-15  3.20834e-25 -1.39734e-16  2.94439e-25 -3.48917e-16   3.4114e-26 -1.41219e-16 -1.16176e-25 -3.39365e-17 -1.03484e-26 -4.36111e-18  1.88771e-26  3.68481e-19  3.99378e-27  3.89766e-19 -1.67064e-27  1.26865e-19 -8.91747e-28   2.7655e-20 -1.66292e-29  4.29936e-21  1.01778e-28   4.0178e-22  3.35969e-29 -1.27568e-23 -2.33153e-30 -1.48882e-23 -3.54643e-30 -3.75746e-24 -6.86751e-31 -6.48317e-25  9.47652e-32 -8.67616e-26  9.30354e-32 -9.22623e-27  2.57944e-32 -7.59527e-28  3.55069e-33 -4.28764e-29  1.86685e-34 -6.49432e-31 -2.89933e-35  1.93778e-31 -6.83806e-36  2.85742e-32  3.04305e-37  2.44001e-33  3.46039e-37  1.49394e-34  6.93688e-38  6.80475e-36  7.84371e-39  2.26528e-37  5.65813e-40  5.17916e-39  2.51071e-41  7.05508e-41  5.52745e-43  3.77526e-43
-5.74098e-11 -3.42758e-24   1.6964e-09  2.41983e-23 -1.89691e-08 -5.12041e-23  1.23309e-07 -2.26885e-22 -5.33548e-07  2.38262e-21  1.63295e-06 -1.16617e-20 -3.62851e-06   4.0915e-20  5.86159e-06 -1.11886e-19 -6.69305e-06  2.43986e-19  4.93591e-06 -4.26545e-19 -1.62273e-06  5.95429e-19  -6.8583e-07 -6.52328e-19  8.11278e-07  5.34941e-19 -1.20838e-08 -2.83568e-19 -2.44283e-07  3.00832e-20  1.87567e-08  9.77648e-20  6.96134e-08 -7.28686e-20   1.6347e-09 -2.52998e-20 -1.79941e-08  9.43019e-20  -4.2884e-09 -9.30121e-20  3.21059e-09  5.06212e-20   1.9637e-09  -1.3263e-20 -4.05598e-11 -1.16793e-21 -4.26075e-10   1.5375e-21 -1.59779e-10  2.28134e-22   1.4043e-11 -4.42401e-22  3.45541e-11  7.67476e-23  1.30282e-11  4.46838e-23  4.65907e-13  4.14408e-24 -1.71997e-12 -2.76315e-23 -8.68135e-13  5.67728e-24 -1.83724e-13  1.13991e-23  1.88733e-14 -6.47241e-24   2.9379e-14 -9.76227e-25  1.15693e-14  6.92582e-25   2.4393e-15  5.07083e-25  6.93891e-17  1.99782e-26 -1.66135e-16 -1.87264e-25 -7.55532e-17 -1.43499e-26  -2.0005e-17  3.02119e-26 -3.39519e-18  5.90622e-27 -2.11779e-19 -2.78881e-27  8.81362e-20  -1.3088e-27  4.03098e-20  5.61444e-30  1.01115e-20  1.58711e-28  1.83931e-21  4.79878e-29  2.49399e-22 -3.58996e-30  2.23577e-23  -4.8179e-30  2.59776e-25 -8.21088e-31 -3.73116e-25   2.0115e-31 -8.99886e-26  1.48708e-31 -1.37998e-26  3.90731e-32 -1.61981e-27  5.60506e-33 -1.52263e-28  4.50053e-34 -1.15173e-29   7.6789e-36 -6.85582e-31 -6.19164e-37 -3.00736e-32  1.22836e-36 -7.81103e-34  4.21406e-37  5.01918e-36  6.69679e-38   1.6179e-36  6.38197e-39  8.08475e-38  3.80594e-40  2.09709e-39  1.29051e-41  2.68662e-41  1.62454e-43
 1.92288e-24 -7.63947e-10 -2.80601e-23  1.28791e-08  1.35578e-22 -1.09953e-07 -2.26885e-22  5.93462e-07 -8.48731e-22 -2.21522e-06  7.84742e-21  5.96277e-06 -3.47987e-20 -1.17456e-05  1.12513e-19  1.67774e-05 -2.85958e-19 -1.66175e-05   5.8186e-19   9.9202e-06 -9.51287e-19 -1.44266e-06  1.24371e-18 -2.54488e-06 -1.27622e-18  1.41754e-06  9.74803e-19  4.57631e-07 -4.64018e-19 -4.91084e-07 -5.65902e-22 -1.17337e-07  2.16349e-19  1.33748e-07 -1.70405e-19  4.77121e-08  1.10452e-20 -2.65513e-08  9.95264e-20 -1.81318e-08 -1.05049e-19  1.36749e-09  5.32659e-20  4.59829e-09 -9.84397e-21  1.30931e-09 -3.90444e-21 -4.62135e-10    2.083e-21 -4.44803e-10  4.78527e-22 -1.01413e-10 -5.91363e-22  3.41457e-11  7.23161e-23  3.22825e-11  7.73818e-23  9.51353e-12 -4.83541e-24 -2.96035e-13  -4.1667e-23 -1.44265e-12  1.74397e-23 -6.41292e-13  1.42744e-23 -1.29766e-13 -1.11157e-23  1.00536e-14 -1.29552e-24  1.77886e-14  1.32543e-24  7.10869e-15  7.98358e-25  1.62783e-15  -2.3613e-26  1.48034e-16 -2.73161e-25 -5.36903e-17 -1.62301e-26 -3.14509e-17  4.34325e-26 -9.24339e-18  7.47191e-27  -1.8483e-18 -4.20156e-27 -2.36284e-19 -1.72078e-27 -4.50648e-21  6.57653e-29  7.27395e-21  2.27338e-28  2.41724e-21  6.28842e-29  5.03788e-22 -4.55036e-30  7.92525e-23 -5.63207e-30  9.68807e-24 -7.19504e-31   8.7617e-25  3.87406e-31  4.44075e-26  2.21294e-31 -2.29947e-27  5.49288e-32 -8.99836e-28  8.13545e-33 -1.30419e-28  8.22706e-34  -1.3231e-29  6.54519e-35 -1.03591e-30  8.05684e-36 -6.39739e-32  2.14597e-36 -3.09803e-33  4.43037e-37 -1.14511e-34  5.60754e-38 -3.06277e-36  4.41393e-39  -5.3889e-38   2.0971e-40 -5.01862e-40  4.94851e-42 -1.04032e-42
  2.1198e-10  2.09897e-23 -6.58577e-09 -1.71582e-22  7.76261e-08  6.20198e-22 -5.33548e-07 -8.48731e-22  2.45035e-06 -2.73051e-21 -7.99929e-06  2.25212e-20    1.909e-05 -9.13832e-20 -3.34651e-05  2.74153e-19  4.22251e-05  -6.5024e-19 -3.58608e-05  1.23741e-18  1.62726e-05 -1.89476e-18  1.70382e-06  2.32375e-18 -6.27611e-06 -2.23909e-18  1.52226e-06   1.6018e-18  1.66741e-06 -6.96122e-19 -6.32339e-07 -5.24171e-20 -4.85493e-07   3.7211e-19  1.46102e-07 -2.95621e-19  1.52573e-07  6.32974e-20 -8.46661e-09  9.55282e-20 -4.04021e-08 -1.10672e-19 -9.69978e-09   5.1837e-20  6.07183e-09 -5.09609e-21  4.30545e-09 -6.40721e-21  4.12659e-10   2.3267e-21 -6.75969e-10  7.61255e-22 -3.67165e-10 -7.29285e-22 -4.49294e-11  9.31672e-23  3.99942e-11  1.00205e-22  2.55286e-11 -3.05345e-23  6.21199e-12 -5.07309e-23  -5.1005e-13  3.79396e-23 -1.02079e-12  1.49918e-23 -4.20502e-13 -1.77475e-23 -8.59207e-14   -1.567e-24  2.25424e-15  2.25886e-24  8.84157e-15  1.14916e-24  3.71124e-15 -9.83607e-26  9.22801e-16 -3.60739e-25  1.28741e-16 -1.34251e-26   -5.691e-18   5.6371e-26  -9.4555e-18    7.875e-27 -3.24215e-18 -5.80219e-27 -7.31718e-19 -2.02517e-27  -1.1929e-19  1.80995e-28 -1.26827e-20  3.02982e-28 -1.74187e-22  7.75664e-29  2.92621e-22 -3.94819e-30  8.28024e-23 -5.30266e-30  1.48891e-23 -1.99503e-31  2.04662e-24  6.74779e-31  2.24174e-25  3.08664e-31  1.94427e-26  7.22765e-32  1.25914e-27  1.09217e-32  4.77358e-29  1.25553e-33 -1.04213e-30  1.31653e-34 -3.53507e-31  1.65793e-35 -3.35203e-32  2.74428e-36 -2.06284e-33  4.04354e-37  -9.0118e-35  4.07818e-38 -2.75453e-36  2.58537e-39 -5.43659e-38  9.26331e-41 -5.52424e-40  1.23933e-42
 -9.5157e-24  2.40525e-09  1.49759e-22 -4.27901e-08   -8.373e-22  3.86563e-07  2.38262e-21 -2.21522e-06 -2.73051e-21  8.81645e-06 -7.66938e-21 -2.54464e-05   5.7096e-20  5.41815e-05 -2.13915e-19 -8.47307e-05  5.98872e-19  9.41268e-05 -1.32936e-18 -6.72305e-05  2.36882e-18  2.00689e-05 -3.39944e-18  1.13644e-05  3.91432e-18  -1.1683e-05 -3.54803e-18 -3.10924e-07  2.38786e-18  3.76019e-06 -9.63454e-19 -1.77122e-07 -1.12244e-19 -1.11424e-06  5.38306e-19 -5.00103e-08 -4.29589e-19  2.96908e-07  1.24789e-19  7.60906e-08  8.31158e-20 -5.46414e-08 -1.09944e-19 -3.48312e-08  4.71968e-20  6.37777e-10  -1.6738e-22  7.80505e-09  -8.1524e-21  2.97103e-09  2.32019e-21 -2.77339e-10  9.41897e-22 -6.68705e-10 -8.08128e-22 -2.53521e-10  1.58192e-22 -8.02224e-12  8.98635e-23  3.49523e-11 -8.06557e-23  1.76881e-11 -4.62442e-23  3.75759e-12  6.97472e-23 -4.00609e-13  1.19786e-23 -6.17617e-13 -2.65264e-23 -2.45257e-13 -1.76445e-24 -5.25359e-14  3.42968e-24 -1.82366e-15  1.51149e-24  3.45842e-15 -1.90844e-25   1.6095e-15 -4.28546e-25  4.34128e-16 -3.11159e-27  7.61771e-17  6.61443e-26  5.71816e-18  6.28846e-27 -1.58749e-18 -7.41087e-27 -8.03859e-19 -2.10743e-27 -2.07802e-19  3.63509e-28 -3.87143e-20  3.81081e-28  -5.4431e-21  9.33834e-29 -5.36785e-22  2.64907e-31 -2.08356e-23 -3.04127e-30   5.0033e-24   8.9796e-31  1.45296e-24  1.06816e-30  2.32785e-25  4.04844e-31   2.7741e-26  8.93359e-32  2.62393e-27  1.35754e-32  1.99748e-28  1.66086e-33  1.21025e-29  1.88308e-34  5.62259e-31  2.23322e-35  1.82489e-32  2.85034e-36  2.91095e-34  3.21214e-37 -5.87352e-36  2.56755e-38 -4.83467e-37  1.26656e-39  -1.1755e-38  3.11833e-41 -9.33916e-41
-5.45017e-10 -9.16713e-23  1.78983e-08  8.10616e-22 -2.23547e-07 -3.38793e-21  1.63295e-06  7.84742e-21 -7.99929e-06 -7.66938e-21  2.79869e-05 -1.90559e-20  -7.2044e-05  1.29481e-19  0.000137541 -4.51614e-19 -0.000192059  1.18496e-18  0.000186658  -2.4651e-18 -0.000108447  4.11333e-18   1.2305e-05  -5.5319e-18  3.12711e-05  5.98264e-18 -1.63351e-05 -5.10657e-18 -6.12619e-06  3.24458e-18  6.08574e-06 -1.23759e-18  1.60588e-06  -1.5348e-19 -1.74474e-06  6.76285e-19 -6.50863e-07 -5.50626e-19   3.6498e-07  1.88784e-19  2.54092e-07  6.42452e-20 -2.15306e-08 -1.04082e-19 -6.76438e-08  4.06831e-20 -1.88894e-08   3.8457e-21  7.43325e-09 -8.86002e-21  6.89895e-09  2.17512e-21  1.50842e-09  9.26954e-22 -5.91207e-10 -7.56011e-22 -5.29696e-10  2.68993e-22 -1.51942e-10  1.32624e-23  7.97799e-12 -1.62113e-22  2.51648e-11 -1.76664e-23  1.09667e-11  1.14697e-22  2.16535e-12  4.35775e-24 -2.06642e-13 -3.71522e-23 -3.19176e-13 -1.97534e-24 -1.26303e-13  4.61741e-24 -2.88823e-14  1.80538e-24 -2.64044e-15 -2.73045e-25  9.46746e-16 -4.50176e-25  5.57942e-16   1.7232e-26  1.64965e-16  7.00043e-26  3.33858e-17  2.22703e-27  4.42499e-18 -8.77208e-27  1.50646e-19 -1.86267e-27 -1.11545e-19  6.19523e-28 -3.93031e-20  4.61156e-28 -8.34036e-21  1.14708e-28 -1.32922e-21  1.06246e-29 -1.65751e-22  1.82041e-30 -1.57353e-23  2.64113e-30 -9.70391e-25  1.54629e-30 -6.81459e-29  4.99639e-31  9.65746e-27  1.03731e-31   1.5515e-27  1.56021e-32  1.59922e-28  1.94021e-33  1.23696e-29  2.19857e-34  7.42965e-31  2.39045e-35  3.45321e-32  2.49983e-36   1.2069e-33  2.21982e-37  2.99503e-35  1.38749e-38  4.72289e-37   5.0565e-40  3.61247e-39  6.97424e-42
 3.50862e-23  -5.3621e-09 -5.84865e-22  1.01299e-07  3.54619e-21 -9.74279e-07 -1.16617e-20  5.96277e-06  2.25212e-20 -2.54464e-05 -1.90559e-20  7.91699e-05 -4.24128e-20 -0.000183077  2.65943e-19  0.000314552 -8.69675e-19 -0.000391948  2.14377e-18  0.000329715  -4.1776e-18 -0.000146329  6.51988e-18 -2.11478e-05 -8.21204e-18  6.22166e-05   8.3413e-18 -1.44538e-05 -6.70572e-18 -1.74345e-05  4.03201e-18  6.62865e-06 -1.48563e-18  5.25517e-06 -1.40145e-19 -1.65998e-06  7.47619e-19 -1.71992e-06 -6.43557e-19  1.27159e-07  2.50851e-19  4.82852e-07  4.20622e-20  1.08055e-07 -9.50303e-20 -7.98601e-08  3.36038e-20 -5.35843e-08  6.22504e-21 -3.78383e-09 -8.59166e-21  9.36272e-09  1.93509e-21  4.80873e-09  7.49237e-22  4.72464e-10 -4.66942e-22 -5.99963e-10  4.04643e-22 -3.58433e-10 -1.72888e-22 -8.17601e-11 -2.81275e-22  1.04336e-11  4.44827e-23  1.55087e-11  1.73468e-22  6.15059e-12 -7.04135e-24  1.20069e-12 -4.86254e-23 -6.15794e-14 -2.43984e-24 -1.38712e-13  5.43109e-24 -5.65263e-14  1.91972e-24 -1.38621e-14 -3.12823e-25 -1.90315e-15 -4.01781e-25  9.39476e-17  4.89711e-26  1.43109e-16  6.63553e-26  4.86917e-17 -4.10558e-27  1.09758e-17 -9.55095e-27   1.8014e-18 -1.20699e-27  1.98046e-19  9.55168e-28  5.45522e-21  5.51082e-28 -3.64071e-21  1.48739e-28 -1.08731e-21  2.94306e-29 -1.97461e-22   9.5466e-30 -2.71836e-23  4.94832e-30 -2.98298e-24  2.05778e-30 -2.61484e-25  5.79595e-31 -1.76453e-26  1.12914e-31 -8.03991e-28  1.65451e-32 -9.03194e-30  2.02262e-33   2.3387e-30  2.19684e-34  2.56265e-31  2.15513e-35  1.56266e-32  1.88334e-36  6.37424e-34  1.32905e-37  1.72274e-35  6.33455e-39  2.73233e-37  1.55894e-40  1.65583e-39
 9.94794e-10  3.03681e-22 -3.48025e-08 -2.86136e-21  4.64059e-07  1.30006e-20 -3.62851e-06 -3.47987e-20    1.909e-05   5.7096e-20  -7.2044e-05 -4.24128e-20   0.00020124 -8.56807e-20 -0.000420543  5.01307e-19  0.000651979 -1.54508e-18 -0.000723117  3.57687e-18  0.000517377 -6.51133e-18   -0.0001521  9.48222e-18 -9.55228e-05 -1.11765e-17  9.75838e-05  1.06603e-17  2.57473e-06  -8.0603e-18 -3.31254e-05  4.58906e-18  2.05093e-06 -1.68175e-18  1.03124e-05 -3.42773e-20  2.22386e-07  7.28204e-19 -2.92913e-06  -7.0641e-19 -6.70747e-07  3.08556e-19  5.96614e-07  2.11529e-20  3.49644e-07 -8.47453e-20 -2.29008e-08  2.69459e-20 -8.79043e-08  6.79851e-21 -3.04493e-08 -7.82534e-21  4.90229e-09  1.46495e-21  8.00366e-09  6.09527e-22  2.78729e-09  2.08949e-22 -4.13045e-11   5.3204e-22 -4.58895e-10 -5.17667e-22 -2.14722e-10 -4.46329e-22 -4.10233e-11  1.43517e-22  7.37434e-12  2.45304e-22  8.30268e-12 -1.88602e-23  3.12419e-12 -5.90796e-23  6.32096e-13 -3.48663e-24   6.3099e-15  5.36955e-24 -4.88535e-14  1.71988e-24 -2.14481e-14 -2.92848e-25 -5.64197e-15 -2.72529e-25 -9.68426e-16  9.11013e-26 -6.83822e-17  5.54354e-26  2.13122e-17 -1.16553e-26  1.03632e-17 -9.34094e-27  2.64192e-18 -7.27776e-29  4.88498e-19  1.38733e-27  6.86542e-20  6.68972e-28  6.90781e-21  2.03681e-28  3.25657e-22  5.77486e-29  -4.6315e-23  1.97535e-29 -1.50448e-23  7.56533e-30 -2.43136e-24  2.52708e-30 -2.87011e-25   6.3067e-31 -2.67048e-26  1.14876e-31 -1.99413e-27  1.61541e-32 -1.18675e-28  1.89319e-33 -5.47146e-30  1.91921e-34 -1.83542e-31  1.67639e-35 -3.81308e-33  1.22695e-36 -1.77554e-35  6.83326e-38   1.3643e-36  2.37484e-39  3.06035e-38  3.22797e-41
-1.00165e-22  8.51346e-09  1.75804e-21 -1.72432e-07 -1.14153e-20  1.78167e-06   4.0915e-20 -1.17456e-05 -9.13832e-20  5.41815e-05  1.29481e-19 -0.000183077 -8.56807e-20  0.000462884 -1.59473e-19  -0.00087854  8.80063e-19   0.00123091 -2.56182e-18  -0.00120921  5.54676e-18  0.000714483 -9.38069e-18 -8.24664e-05   1.2705e-17 -0.000218178 -1.40117e-17  0.000119884  1.25475e-17  4.28421e-05 -8.88145e-18 -4.73391e-05  4.77423e-18  -1.1044e-05  -1.8192e-18  1.45339e-05  1.95571e-19  4.79981e-06  6.19265e-19 -3.38787e-06 -7.51156e-19 -2.08684e-06  3.58652e-19  3.19635e-07  7.05471e-21  6.25636e-07 -7.42853e-20   1.4566e-07  2.15598e-20 -8.53688e-08  5.92961e-21 -6.64197e-08 -7.50809e-21 -1.16075e-08  3.94039e-22  7.38071e-09  8.44361e-22  5.50535e-09  1.46481e-21  1.38454e-09  6.33189e-22 -1.90163e-10 -1.06343e-21 -2.92629e-10 -6.70802e-22 -1.16472e-10  2.70714e-22 -1.99602e-11  3.27625e-22  3.75627e-12 -2.51468e-23   3.8623e-12 -6.57941e-23   1.4257e-12 -5.33818e-24  3.06591e-13  3.96352e-24  2.16762e-14  1.06695e-24 -1.27546e-14 -2.30598e-25 -6.64375e-15 -7.45871e-26 -1.88813e-15  1.38868e-25 -3.71758e-16  3.92262e-26 -4.76959e-17 -1.86798e-26 -1.31077e-18 -7.70332e-27  1.27227e-18  1.60384e-27  4.30618e-19  1.95127e-27  8.95332e-20  8.39843e-28  1.40559e-20  2.85466e-28  1.73502e-21  9.44869e-29  1.64846e-22  3.13252e-29  1.06374e-23  1.00997e-29  1.53927e-25  2.87114e-30 -7.19371e-26  6.42133e-31 -1.22051e-26  1.08881e-31 -1.24086e-27  1.44941e-32 -9.26373e-29  1.59662e-33 -5.28973e-30  1.48136e-34 -2.29949e-31  1.13681e-35 -7.35679e-33  6.90913e-37 -1.61285e-34  2.96928e-38  -2.0905e-36  6.91564e-40 -1.03153e-38
 -1.2733e-09 -7.85721e-22  4.80717e-08  7.86807e-21 -6.92574e-07 -3.84508e-20  5.86159e-06  1.12513e-19 -3.34651e-05 -2.13915e-19  0.000137541  2.65943e-19 -0.000420543 -1.59473e-19  0.000969327 -2.78315e-19  -0.00167796  1.46206e-18   0.00212557  -4.0089e-18  -0.00183429  8.04594e-18  0.000848518 -1.25323e-17  0.000109392  1.57307e-17 -0.000376956 -1.62655e-17  0.000101771  1.36732e-17  0.000107908 -8.95283e-18 -4.90073e-05   4.4998e-18  -3.3607e-05 -1.91945e-18  1.38271e-05  5.66585e-19  1.18518e-05  4.51829e-19 -1.80452e-06 -7.97724e-19 -3.71842e-06   3.9368e-19 -6.01396e-07  4.22559e-21  7.35083e-07 -6.30974e-20  4.13549e-07  1.88441e-20 -1.59472e-09  4.41742e-21 -8.89059e-08 -9.03396e-21 -3.91153e-08 -1.88209e-21 -1.20769e-09  1.81297e-21  6.34483e-09  3.51648e-21  3.25111e-09  7.41571e-22  6.05768e-10 -1.82562e-21 -1.67847e-10 -9.75421e-22 -1.61791e-10  4.01267e-22 -5.79455e-11  4.15269e-22 -9.64719e-12 -1.84856e-23  1.39051e-12 -6.54922e-23  1.54198e-12 -7.83894e-24  5.74887e-13  9.68534e-25  1.32306e-13  -1.4899e-25  1.59746e-14  -1.8866e-25 -1.74427e-15  1.52135e-25 -1.57009e-15  1.82821e-25 -4.99269e-16  2.05252e-26 -1.08473e-16 -2.32292e-26 -1.72603e-17 -4.25136e-27  -1.8251e-18  3.88446e-27 -3.87967e-20  2.69469e-27  3.54124e-20  1.08604e-27  1.00675e-20  3.94025e-28  1.77612e-21   1.3598e-28  2.38518e-22  4.25694e-29  2.55843e-23  1.21117e-29  2.19964e-24  3.02258e-30   1.4708e-25  6.10258e-31  6.92445e-27  9.58496e-32   1.3846e-28  1.19295e-32 -1.07225e-29  1.21512e-33 -1.33157e-30  1.01487e-34 -7.77326e-32   6.7394e-36 -2.86123e-33  3.33989e-37 -6.51782e-35  1.05988e-38  -7.5406e-37  1.35855e-40
 2.26503e-22 -9.35653e-09 -4.15792e-21  2.06659e-07  2.89072e-20 -2.32969e-06 -1.11886e-19  1.67774e-05  2.74153e-19 -8.47307e-05 -4.51614e-19  0.000314552  5.01307e-19  -0.00087854 -2.78315e-19   0.00185794 -4.64555e-19  -0.00294378  2.33575e-18   0.00336878 -5.98028e-18  -0.00252014  1.09653e-17  0.000815605 -1.55374e-17  0.000452884  1.80346e-17  -0.00053171 -1.76092e-17  1.40243e-05  1.38853e-17  0.000186527 -8.17287e-18 -2.46429e-05  3.74924e-18 -6.13951e-05 -2.03662e-18  3.52863e-06  1.07475e-18  1.91936e-05  2.83557e-19  2.88547e-06 -8.63148e-19 -4.59143e-06  4.00425e-19  -2.1648e-06  1.26473e-20  4.07055e-07 -4.90228e-20  6.70894e-07  2.15901e-20  1.82736e-07  3.44236e-21 -6.34271e-08 -1.40618e-20 -6.52319e-08 -6.15184e-21 -1.86356e-08  3.72657e-21  2.49766e-09  6.55765e-21  4.25741e-09  9.71496e-22  1.71061e-09 -2.77046e-21  2.43341e-10 -1.38493e-21 -1.02526e-10  4.94949e-22 -7.88009e-11  4.99506e-22 -2.65189e-11  7.70926e-24 -4.59112e-12 -5.49731e-23  3.02624e-13 -1.02399e-23  5.13634e-13 -3.46291e-24  1.99846e-13 -1.96714e-24  4.91184e-14 -2.66745e-25  7.74973e-15    3.444e-25  3.56034e-16  2.09183e-25 -2.36835e-16  1.61546e-27 -9.74959e-17 -2.37715e-26 -2.34781e-17   1.2301e-27 -4.17862e-18  6.80179e-27 -5.67696e-19  3.65382e-27 -5.49765e-20  1.41391e-27  -2.3736e-21  5.20703e-28  3.86695e-22    1.764e-28  1.16338e-22  5.16032e-29   1.8042e-23  1.32346e-29  2.05013e-24  2.95082e-30  1.83392e-25  5.40054e-31  1.31302e-26  7.81485e-32  7.46821e-28  8.99019e-33  3.28357e-29  8.34485e-34  1.05506e-30  6.17513e-35  2.18976e-32  3.48282e-36  1.91012e-34  1.36545e-37 -2.14742e-36  2.93964e-39 -4.19564e-38
 1.07357e-09  1.61189e-21 -4.49228e-08 -1.71297e-20  7.15778e-07  9.01599e-20 -6.69305e-06 -2.85958e-19  4.22251e-05  5.98872e-19 -0.000192059 -8.69675e-19  0.000651979  8.80063e-19  -0.00167796 -4.64555e-19   0.00327527 -7.56285e-19  -0.00476402  3.63757e-18    0.0049136 -8.56878e-18  -0.00311896  1.40602e-17  0.000505542 -1.78219e-17  0.000935656  1.91717e-17 -0.000616037 -1.79876e-17 -0.000160434  1.32535e-17  0.000252088 -6.54487e-18  3.55082e-05  2.57935e-18 -8.37677e-05 -2.25553e-18 -1.90298e-05  1.68779e-18  2.26177e-05  1.88422e-19  1.05918e-05 -9.49522e-19 -3.40509e-06  3.61872e-19 -3.90264e-06   2.4469e-20 -5.45405e-07 -2.93483e-20  7.15862e-07  3.43875e-20  4.23812e-07  4.62793e-21  3.64338e-08 -2.41186e-20 -6.73776e-08 -1.32943e-20 -3.88298e-08  6.47428e-21 -7.17628e-09  1.06955e-20  2.73194e-09  1.52171e-21  2.42563e-09 -3.79985e-21  8.23024e-10 -1.91828e-21  9.62345e-11  5.03142e-22 -4.93079e-11  5.67489e-22  -3.3879e-11  5.63992e-23 -1.10817e-11 -3.19944e-23 -2.07139e-12 -1.11953e-23 -3.36907e-14 -8.71713e-24  1.34656e-13 -4.32128e-24  5.78439e-14 -5.74787e-25  1.51788e-14  4.29806e-25  2.78929e-15  2.02181e-25  3.18581e-16 -1.67278e-26 -2.18404e-18 -1.96919e-26 -1.18033e-17  8.66358e-27 -3.51574e-18  1.03054e-26 -6.90061e-19  4.81835e-27 -1.03855e-19  1.80265e-27  -1.2343e-20  6.48395e-28 -1.12866e-21  2.09021e-28 -6.96546e-23  5.68538e-29 -8.59054e-25  1.32818e-29  4.53846e-25  2.67211e-30  7.25035e-26  4.44047e-31  6.96082e-27  5.88556e-32  4.87395e-28  6.19004e-33  2.57989e-29  5.16309e-34  1.02099e-30   3.3279e-35  2.88792e-32  1.55556e-36  5.30548e-34  4.59115e-38  5.03641e-36   5.5021e-40
-4.13278e-22   6.4362e-09  7.80614e-21 -1.61425e-07 -5.82588e-20  2.05329e-06  2.43986e-19 -1.66175e-05  -6.5024e-19  9.41268e-05  1.18496e-18 -0.000391948 -1.54508e-18   0.00123091  1.46206e-18  -0.00294378 -7.56285e-19   0.00533386 -1.21883e-18  -0.00713991  5.56932e-18    0.0066086 -1.18425e-17  -0.00343295  1.69163e-17 -0.000158215 -1.87364e-17    0.0014875  1.89334e-17 -0.000553038 -1.76906e-17 -0.000411779  1.20159e-17  0.000267143 -4.12853e-18  0.000130079  1.11695e-18 -8.56311e-05 -2.68083e-18 -5.16755e-05  2.33824e-18  1.71168e-05  2.40765e-19   1.9332e-05 -1.03528e-18  8.31638e-07  2.62613e-19 -4.86776e-06   2.2741e-20 -2.02813e-06  -2.6976e-21  3.36815e-07  6.30534e-20  6.00677e-07  1.01449e-20  2.01636e-07 -4.00411e-20 -2.36523e-08 -2.41375e-20 -4.86159e-08  9.51878e-21 -1.98759e-08  1.58821e-20 -2.14298e-09  2.64115e-21  1.85875e-09 -4.75272e-21  1.21638e-09 -2.57415e-21  3.68538e-10  3.81472e-22  4.05116e-11  6.03118e-22 -1.90447e-11  1.24761e-22 -1.27374e-11   3.8409e-24 -4.15726e-12 -9.05676e-24 -8.45738e-13 -1.38223e-23 -7.05545e-14 -7.03227e-24  2.37536e-14 -1.19626e-24  1.31983e-14  3.46899e-25  3.75868e-15   1.4823e-25  7.61237e-16 -3.52928e-26  1.12724e-16 -1.14511e-26  1.04625e-17  1.76021e-26 -1.20823e-19  1.42026e-26 -2.89476e-19  6.10319e-27 -7.15798e-20   2.2018e-27 -1.18168e-20  7.55033e-28 -1.50882e-21  2.27995e-28 -1.54561e-22  5.74993e-29 -1.26935e-23  1.22973e-29 -8.09376e-25  2.24399e-30 -3.62899e-26  3.38488e-31 -7.07094e-28  4.08343e-32  4.63115e-29  3.88345e-33  5.39279e-30   2.8685e-34  2.82354e-31   1.5785e-35  8.91102e-33  5.90833e-37  1.59678e-34   1.2012e-38  1.08728e-36
-4.73889e-10 -2.64637e-21  2.40616e-08  2.96435e-20 -4.53559e-07 -1.68952e-19  4.93591e-06   5.8186e-19 -3.58608e-05 -1.32936e-18  0.000186658  2.14377e-18 -0.000723117 -2.56182e-18   0.00212557  2.33575e-18  -0.00476402 -1.21883e-18   0.00805825 -1.95662e-18   -0.0099467  8.40135e-18   0.00820449 -1.57983e-17  -0.00326192  1.89311e-17  -0.00117778 -1.76648e-17   0.00198371   1.7469e-17 -0.000282132 -1.73053e-17 -0.000695421  1.04456e-17  0.000195343 -9.90388e-19  0.000241686 -4.43182e-19 -5.27514e-05 -3.41473e-18 -8.58983e-05  2.92019e-18 -7.74181e-07  4.96363e-19  2.52695e-05 -1.07389e-18  8.00365e-06  9.58909e-20 -3.93702e-06 -1.61953e-20 -3.54715e-06  2.90273e-20 -5.47551e-07  1.12992e-19  5.50793e-07  2.26698e-20  3.70582e-07 -6.14389e-20  6.98311e-08 -3.92696e-20 -3.34144e-08  1.19244e-20 -2.85201e-08  2.18629e-20 -9.08094e-09  4.55946e-21 -4.31144e-10 -5.42749e-21  9.95566e-10 -3.31724e-21  5.45584e-10  1.04694e-22  1.54695e-10   5.8997e-22  1.84054e-11  2.03804e-22 -5.68304e-12  5.05441e-23 -4.09921e-12 -2.40856e-24 -1.36571e-12 -1.77108e-23 -2.99808e-13 -9.84014e-24 -3.93394e-14 -2.15666e-24  7.42733e-16  6.43206e-26  2.11572e-15  4.08183e-26  7.04733e-16 -5.54831e-26  1.55075e-16 -3.64037e-28   2.5803e-17  2.72342e-26  3.26848e-18  1.81324e-26  2.83904e-19  7.34596e-27    6.915e-21  2.54117e-27 -3.03701e-21  8.19615e-28 -7.23324e-22  2.30022e-28 -1.02573e-22  5.36798e-29 -1.09053e-23  1.05308e-29 -9.16946e-25  1.74653e-30 -6.15878e-26  2.38674e-31 -3.26655e-27  2.60229e-32 -1.32636e-28  2.21203e-33 -3.88283e-30  1.42338e-34 -7.23269e-32  6.51858e-36 -5.86741e-34  1.85404e-37  2.80024e-36  2.12393e-39
 6.24423e-22 -1.73713e-09 -1.16465e-20    6.101e-08  9.34675e-20   -9.977e-07 -4.26545e-19   9.9202e-06  1.23741e-18 -6.72305e-05  -2.4651e-18  0.000329715  3.57687e-18  -0.00120921  -4.0089e-18   0.00336878  3.63757e-18  -0.00713991 -1.95662e-18    0.0113403 -3.12057e-18   -0.0129275  1.24527e-17   0.00939963 -2.03038e-17  -0.00246564  1.93354e-17  -0.00245791 -1.41637e-17    0.0022718  1.53251e-17  0.000212937 -1.75516e-17 -0.000937027  8.70066e-18  1.69751e-05  2.81053e-18  0.000337961 -1.84312e-18  2.12828e-05 -4.52504e-18 -0.000108061  3.29564e-18  -3.0453e-05  9.74793e-19  2.38339e-05 -1.00227e-18  1.63692e-05 -1.30639e-19 -3.77889e-07 -1.16617e-19 -4.28852e-06  5.97063e-20 -1.76108e-06  1.86996e-19   1.5454e-07  4.50271e-20  4.40967e-07 -8.64319e-20  1.85506e-07 -5.88304e-20  1.27345e-08  1.25367e-20 -2.46881e-08  2.81656e-20 -1.45007e-08  7.40116e-21  -3.8238e-09 -5.62251e-21 -2.45722e-11 -4.07219e-21  4.45265e-10 -3.21039e-22  2.19596e-10  5.16187e-22  6.05095e-11  2.80354e-22  8.38939e-12  1.03865e-22  -1.1094e-12   9.3584e-24 -1.08642e-12 -1.95538e-23 -3.80305e-13 -1.24694e-23 -8.90517e-14 -3.40993e-24 -1.44815e-14 -4.07931e-25 -1.23682e-15 -1.15734e-25   1.4522e-16 -7.79133e-26  8.86168e-17   1.1855e-26  2.23428e-17   3.6486e-26  4.02255e-18  2.16014e-26  5.65876e-19  8.33919e-27  6.29263e-20  2.75061e-27  5.30224e-21  8.28585e-28  2.80782e-22  2.15268e-28 -2.41764e-24  4.64054e-29 -2.59613e-24  8.35081e-30 -3.48494e-25  1.25856e-30 -3.01989e-26  1.55291e-31 -1.92468e-27  1.51807e-32 -9.19874e-29   1.1385e-33 -3.22135e-30   6.2571e-35 -7.75789e-32  2.30242e-36 -1.11627e-33  4.54426e-38 -6.19344e-36
-4.85438e-11  3.52031e-21 -1.46495e-09 -4.05471e-20  9.08742e-08  2.52417e-19 -1.62273e-06 -9.51287e-19  1.62726e-05  2.36882e-18 -0.000108447  -4.1776e-18  0.000517377  5.54676e-18  -0.00183429 -5.98028e-18    0.0049136  5.56932e-18   -0.0099467 -3.12057e-18    0.0149278 -4.90629e-18   -0.0157322  1.80482e-17   0.00991435 -2.50515e-17   -0.0010174  1.72793e-17  -0.00381443 -8.10378e-18   0.00221425  1.33787e-17  0.000887269 -1.90535e-17  -0.00105088  6.72932e-18 -0.000258437  7.19111e-18  0.000379504 -2.78189e-18  0.000129512 -6.01185e-18 -0.000103504  3.31529e-18 -6.58544e-05  1.64867e-18  1.16679e-05 -7.57741e-19  2.27265e-05 -3.93286e-19  5.56565e-06 -2.95435e-19 -3.42836e-06  7.98229e-20 -2.84668e-06  2.83444e-19 -5.68118e-07  7.95037e-20  3.15387e-07 -1.11847e-19  2.66732e-07 -8.23423e-20  7.85655e-08  1.02681e-20 -4.03001e-09  3.41394e-20 -1.40533e-08  1.11124e-20 -6.59943e-09 -5.18481e-21 -1.52795e-09 -4.72993e-21  1.25988e-11 -8.52972e-22  1.68455e-10  3.80099e-22  7.87206e-11  3.41046e-22  2.16514e-11  1.58196e-22  3.50842e-12   2.5695e-23 -4.67103e-15 -1.90332e-23 -2.19543e-13 -1.47011e-23  -8.5867e-14 -4.84665e-24 -2.13888e-14 -1.01881e-24 -3.90508e-15 -3.05316e-25 -5.07923e-16 -1.01376e-25 -3.34163e-17  2.35506e-26  4.27008e-18  4.42043e-26  1.94826e-18  2.40862e-26  4.04206e-19  8.88857e-27  6.07561e-20  2.78231e-27  7.21036e-21  7.80004e-28  6.89581e-22  1.87196e-28  5.26473e-23  3.72082e-29  3.07422e-24  6.13377e-30  1.20485e-25  8.38451e-31  1.32369e-27  9.29653e-32 -2.12704e-28   8.0724e-33 -1.83053e-29  5.26033e-34 -7.96165e-31  2.40723e-35 -2.02383e-32  6.74983e-37  -2.5559e-34   7.5513e-39
-8.23194e-22 -1.06941e-09  1.37754e-20  1.57272e-08 -1.18079e-19  -3.0095e-08  5.95429e-19 -1.44266e-06 -1.89476e-18  2.00689e-05  4.11333e-18 -0.000146329 -6.51133e-18  0.000714483  8.04594e-18  -0.00252014 -8.56878e-18    0.0066086  8.40135e-18   -0.0129275 -4.90629e-18      0.01846 -7.54136e-18   -0.0179956  2.54636e-17   0.00956846 -2.95559e-17  0.000974433  1.19829e-17  -0.00501428  2.27149e-19    0.0017317   1.2665e-17   0.00163767 -2.21244e-17  -0.00096564   4.2774e-18 -0.000588471  1.19878e-17  0.000332477 -2.96111e-18  0.000250362 -7.78632e-18 -6.22415e-05  2.85292e-18 -9.61873e-05   2.4447e-18 -1.13825e-05 -2.98787e-19  2.33906e-05 -6.56331e-19  1.23973e-05 -5.55326e-19 -5.69412e-07  7.90422e-20 -3.20003e-06  3.95802e-19 -1.40723e-06  1.27046e-19 -3.68413e-08 -1.33879e-19   2.5077e-07  -1.0865e-19  1.35328e-07  4.39635e-21  2.89638e-08  3.90393e-20 -5.36416e-09  1.54267e-20 -6.73296e-09 -4.05364e-21  -2.7345e-09 -5.16694e-21 -5.90673e-10 -1.41593e-21 -4.10092e-12  1.94695e-22  5.32073e-11  3.77081e-22  2.46903e-11  2.08074e-22  6.89453e-12    4.496e-23   1.2664e-12 -1.64289e-23  1.02959e-13 -1.64172e-23 -2.68417e-14  -6.3174e-24 -1.45945e-14 -1.68723e-24 -3.96793e-15 -5.02586e-25 -7.79961e-16 -1.22791e-25 -1.17688e-16  3.34203e-26 -1.32163e-17  4.93835e-26 -8.89802e-19  2.51711e-26  2.86778e-20  8.87443e-27  2.00462e-20  2.62613e-27  3.67751e-21  6.83846e-28  4.62532e-22  1.51387e-28  4.49496e-23   2.7687e-29  3.47932e-24  4.17102e-30  2.14592e-25   5.1539e-31   1.0353e-26  5.10298e-32  3.75734e-28   3.8919e-33  9.52786e-30  2.16223e-34  1.44088e-31  7.95444e-36  7.50576e-34  1.55138e-37 -4.47778e-36
 1.62735e-10 -3.93606e-21 -6.76672e-09  4.31121e-20  9.75135e-08 -2.96274e-19  -6.8583e-07  1.24371e-18  1.70382e-06 -3.39944e-18   1.2305e-05  6.51988e-18   -0.0001521 -9.38069e-18  0.000848518  1.09653e-17  -0.00311896 -1.18425e-17   0.00820449  1.24527e-17   -0.0157322 -7.54136e-18    0.0215459 -1.12628e-17   -0.0194278  3.48715e-17   0.00833217 -3.32061e-17   0.00328671  2.92127e-18  -0.00583355  1.01046e-17  0.000829831  1.41363e-17    0.0023253 -2.66416e-17 -0.000647924  9.97214e-19 -0.000905468  1.69158e-17  0.000181133 -2.15348e-18  0.000351891 -9.67435e-18  1.60223e-05  1.84478e-18 -0.000108899  3.25834e-18 -4.11974e-05  3.77498e-19  1.56912e-05 -8.80954e-19  1.76377e-05 -8.81862e-19  3.90291e-06  4.96777e-20 -2.33212e-06  5.13819e-19 -2.00528e-06  1.86682e-19 -5.35842e-07 -1.48988e-19  1.04217e-07 -1.36009e-19   1.4803e-07 -5.23153e-21  6.05241e-08  4.21345e-20  9.64545e-09   1.9881e-20 -3.18862e-09 -2.28726e-21 -2.80066e-09 -5.27298e-21 -1.03676e-09 -1.91522e-21 -2.20586e-10 -1.10684e-23 -9.84653e-12  3.88018e-22  1.34292e-11  2.49812e-22  6.58095e-12  6.49209e-23  1.88989e-12 -1.24733e-23  3.79812e-13 -1.75934e-23  4.93251e-14 -7.65986e-24  1.02231e-15 -2.31927e-24 -1.54316e-15 -6.78401e-25 -5.24424e-16  -1.3818e-25 -1.11737e-16  4.06113e-26 -1.80913e-17  5.13796e-26 -2.31982e-18  2.46702e-26 -2.32821e-19  8.29029e-27 -1.68422e-20  2.31179e-27 -5.67616e-22  5.58445e-28  5.69564e-23  1.13882e-28  1.27541e-23  1.91161e-29   1.3782e-24  2.62284e-30  1.04407e-25  2.91566e-31  5.90011e-27   2.5573e-32   2.4807e-28  1.68934e-33   7.4497e-30  7.80531e-35  1.45606e-31  2.18911e-36  1.47495e-33  2.42492e-38
 1.04172e-21  9.14362e-10 -1.30386e-20 -2.54814e-08   1.1408e-19  3.34823e-07 -6.52328e-19 -2.54488e-06  2.32375e-18  1.13644e-05  -5.5319e-18 -2.11478e-05  9.48222e-18 -8.24664e-05 -1.25323e-17  0.000815605  1.40602e-17  -0.00343295 -1.57983e-17   0.00939963  1.80482e-17   -0.0179956 -1.12628e-17    0.0238593 -1.62872e-17   -0.0198848  4.62993e-17   0.00633137 -3.53656e-17   0.00563621 -1.00068e-17  -0.00611203  2.04579e-17 -0.000399602  1.84115e-17   0.00280993 -3.20548e-17 -0.000114863 -3.38725e-18  -0.00113312  2.15771e-17 -6.45306e-05 -2.74994e-19  0.000400369  -1.1449e-17  0.000119723  3.20377e-19 -9.39227e-05  3.97893e-18 -6.98854e-05  1.22801e-18 -6.15314e-07  -1.0363e-18  1.86315e-05 -1.24603e-18  8.75329e-06 -1.03355e-20 -1.50169e-07  6.26061e-19 -1.99446e-06  2.55461e-19 -9.97438e-07 -1.54699e-19 -1.47954e-07 -1.62306e-19  9.42309e-08 -1.81548e-20  7.31209e-08  4.28103e-20  2.46509e-08  2.38786e-20  3.10234e-09 -6.64572e-23 -1.37634e-09 -4.97957e-21 -1.01896e-09 -2.25516e-21 -3.57341e-10 -1.95371e-22 -7.76494e-11  3.83094e-22 -6.97238e-12  2.82678e-22  2.40129e-12   8.3504e-23  1.42297e-12  -8.0318e-24  4.28774e-13 -1.82454e-23  9.18185e-14 -8.72046e-24  1.44252e-14 -2.82644e-24  1.44873e-15 -8.06441e-25 -1.56408e-18  -1.4414e-25 -3.91389e-17  4.46963e-26 -1.04243e-17  5.00521e-26 -1.82076e-18  2.26852e-26 -2.45147e-19  7.24328e-27 -2.65065e-20  1.89788e-27  -2.3094e-21  4.24767e-28 -1.58317e-22  7.96654e-29 -7.95154e-24  1.22364e-29 -2.25152e-25  1.52242e-30  3.97816e-27  1.51302e-31  8.69941e-28  1.16359e-32  5.18576e-29  6.53944e-34  1.76451e-30    2.427e-35  3.34875e-32  4.73666e-37  2.39049e-34
