 9.61747e-07  -1.6004e-21 -1.24433e-05  2.24528e-20  5.81761e-05 -9.44001e-20 -0.000147736  2.10647e-19  0.000224659 -2.75308e-19 -0.000200595  2.07356e-19  8.28197e-05 -7.77522e-20  1.54482e-05  5.38138e-21  -3.1276e-05  2.70121e-21  1.05319e-05  9.77576e-22  -6.4551e-07
 -1.6004e-21  1.80963e-05 -1.25674e-20 -0.000127714  1.23302e-19   0.00043142 -4.05864e-19 -0.000846792  7.00975e-19   0.00100212 -6.54103e-19 -0.000653443  2.68623e-19  0.000112937  3.19257e-20  0.000144097 -6.11844e-20  -9.9338e-05  7.53793e-21  1.89526e-05   2.9907e-21
-1.24433e-05 -1.25674e-20  0.000161324 -5.73383e-20 -0.000756886  4.31032e-19   0.00193335 -1.10131e-18  -0.00296929   1.3655e-18   0.00269978 -6.82017e-19  -0.00116564 -2.01286e-19 -0.000178479  3.84647e-19  0.000445467 -1.28168e-19  -0.00017419 -5.14808e-21  1.71196e-05
 2.24528e-20 -0.000127714 -5.73383e-20  0.000904585 -1.88276e-19  -0.00307456  1.09612e-18   0.00609808 -2.02114e-18  -0.00735116  1.36011e-18   0.00497971  5.56071e-19  -0.00103731 -1.43683e-18  -0.00102585  7.97778e-19   0.00082311 -1.12758e-19 -0.000197106 -1.72887e-20
 5.81761e-05  1.23302e-19 -0.000756886 -1.88276e-19   0.00357334 -4.68328e-19  -0.00922566  1.96701e-18    0.0144333   -2.003e-18    -0.013586 -1.01562e-18   0.00641395  3.76359e-18  0.000431025 -3.09729e-18  -0.00224291   9.9226e-19   0.00104822 -4.41632e-20 -0.000138918
-9.44001e-20   0.00043142  4.31032e-19  -0.00307456 -4.68328e-19    0.0105631 -8.39334e-19   -0.0213405  1.95696e-18    0.0265801  1.33386e-18   -0.0192601 -7.23532e-18   0.00535857  8.43422e-18   0.00305574 -4.39687e-18  -0.00320263   8.9786e-19  0.000944149 -7.74592e-21
-0.000147736 -4.05864e-19   0.00193335  1.09612e-18  -0.00922566 -8.39334e-19    0.0242613 -8.21488e-19   -0.0391754 -1.20591e-18    0.0390895  1.01186e-17   -0.0212627 -1.66466e-17   0.00167001  1.27508e-17   0.00555564 -4.75426e-18  -0.00328306   6.5766e-19  0.000538532
 2.10647e-19 -0.000846792 -1.10131e-18   0.00609808  1.96701e-18   -0.0213405 -8.21488e-19    0.0444846   4.7894e-19   -0.0584929 -9.47228e-18    0.0471293  2.35558e-17    -0.018607  -2.5936e-17  -0.00263177  1.48443e-17   0.00640159 -4.16246e-18   -0.0023643  3.72324e-19
 0.000224659  7.00975e-19  -0.00296929 -2.02114e-18    0.0144333  1.95696e-18   -0.0391754   4.7894e-19    0.0667013  3.95609e-18    -0.073037  -2.2182e-17    0.0484575   3.7211e-17   -0.0138168 -3.12552e-17  -0.00469374  1.40531e-17   0.00499644 -2.92732e-18  -0.00101372
-2.75308e-19   0.00100212   1.3655e-18  -0.00735116   -2.003e-18    0.0265801 -1.20591e-18   -0.0584929  3.95609e-18    0.0841004  9.24057e-18   -0.0793905  -3.5176e-17    0.0456678  4.55765e-17   -0.0111534 -3.07858e-17  -0.00306018  1.09428e-17   0.00231014  -1.4354e-18
-0.000200595 -6.54103e-19   0.00269978  1.36011e-18    -0.013586  1.33386e-18    0.0390895 -9.47228e-18    -0.073037  9.24057e-18    0.0927799   1.4686e-17   -0.0799294 -4.34233e-17    0.0441039   4.5835e-17    -0.013098  -2.5324e-17  0.000872089   6.6973e-18   0.00026245
 2.07356e-19 -0.000653443 -6.82017e-19   0.00497971 -1.01562e-18   -0.0192601  1.01186e-17    0.0471293  -2.2182e-17   -0.0793905   1.4686e-17    0.0949783  1.81585e-17   -0.0805759 -4.41225e-17    0.0470879  3.88543e-17    -0.017767 -1.71527e-17   0.00365721  2.76077e-18
 8.28197e-05  2.68623e-19  -0.00116564  5.56071e-19   0.00641395 -7.23532e-18   -0.0212627  2.35558e-17    0.0484575  -3.5176e-17   -0.0799294  1.81585e-17     0.096781  1.85532e-17   -0.0851144 -3.80277e-17    0.0521433  2.78023e-17   -0.0198204 -9.00238e-18    0.0030814
-7.77522e-20  0.000112937 -2.01286e-19  -0.00103731  3.76359e-18   0.00535857 -1.66466e-17    -0.018607   3.7211e-17    0.0456678 -4.34233e-17   -0.0805759  1.85532e-17     0.102104  1.61023e-17   -0.0905019 -2.80143e-17    0.0519337  1.62872e-17   -0.0155552 -3.12459e-18
 1.54482e-05  3.19257e-20 -0.000178479 -1.43683e-18  0.000431025  8.43422e-18   0.00167001  -2.5936e-17   -0.0138168  4.55765e-17    0.0441039 -4.41225e-17   -0.0851144  1.61023e-17      0.10766  1.20118e-17   -0.0878041 -1.73526e-17    0.0411981  7.25977e-18    -0.007317
 5.38138e-21  0.000144097  3.84647e-19  -0.00102585 -3.09729e-18   0.00305574  1.27508e-17  -0.00263177 -3.12552e-17   -0.0111534   4.5835e-17    0.0470879 -3.80277e-17   -0.0905019  1.20118e-17     0.103895  7.62329e-18   -0.0705346 -8.63113e-18    0.0234394  2.08915e-18
 -3.1276e-05 -6.11844e-20  0.000445467  7.97778e-19  -0.00224291 -4.39687e-18   0.00555564  1.48443e-17  -0.00469374 -3.07858e-17    -0.013098  3.88543e-17    0.0521433 -2.80143e-17   -0.0878041  7.62329e-18    0.0838497  3.96506e-18   -0.0431665 -3.15769e-18   0.00807746
 2.70121e-21  -9.9338e-05 -1.28168e-19   0.00082311   9.9226e-19  -0.00320263 -4.75426e-18   0.00640159  1.40531e-17  -0.00306018  -2.5324e-17    -0.017767  2.78023e-17    0.0519337 -1.73526e-17   -0.0705346  3.96506e-18     0.052379  1.58407e-18   -0.0183038 -7.14208e-19
 1.05319e-05  7.54527e-21  -0.00017419 -1.12706e-19   0.00104822  8.98047e-19  -0.00328306 -4.16272e-18   0.00499644   1.0943e-17  0.000872089 -1.71527e-17   -0.0198204  1.62874e-17    0.0411981 -8.63265e-18   -0.0431665  1.58728e-18    0.0233546  4.33709e-19  -0.00449046
 9.77628e-22  1.89526e-05 -5.14489e-21 -0.000197106 -4.42053e-20  0.000944149  6.57736e-19   -0.0023643 -2.92787e-18   0.00231014  6.69745e-18   0.00365721 -9.00245e-18   -0.0155552  7.25754e-18    0.0234394 -3.15751e-18   -0.0183038  4.33709e-19   0.00657318  6.70533e-20
 -6.4551e-07  2.99063e-21  1.71196e-05  -1.7288e-20 -0.000138918 -7.75114e-21  0.000538532  3.72334e-19  -0.00101372  -1.4354e-18   0.00026245  2.76075e-18    0.0030814  -3.1245e-18    -0.007317  2.08919e-18   0.00807746 -7.14197e-19  -0.00449046  6.70839e-20  0.000876342
