 3.71669e-34 -6.34207e-38 -2.66389e-34 -1.35486e-37  1.78915e-36 -2.08513e-37  3.98594e-35 -7.90566e-37 -3.62287e-35  1.84882e-36 -5.83788e-35 -1.32323e-36  3.02578e-35  2.02606e-36 -4.22484e-35 -6.77315e-37  2.37624e-35   1.4647e-36 -4.97439e-36 -3.29545e-38  -8.7693e-37  5.11203e-37  2.20186e-36  3.47784e-38 -2.18877e-36  2.48139e-38  9.73951e-37  3.12116e-38 -5.12081e-37 -2.77293e-38  1.24663e-37   1.2725e-38  8.40584e-38 -4.30566e-39 -9.91876e-38  4.38133e-39 -3.22627e-39 -3.16648e-39   1.5257e-38  1.11161e-39  1.21015e-38 -4.62935e-40 -5.06413e-39  3.19941e-40 -3.12103e-39 -2.70727e-41  2.54909e-39 -7.38024e-42  4.42269e-40   6.8986e-42 -3.39723e-40  1.60971e-41   4.7449e-41 -1.17715e-41 -1.53994e-40  3.22123e-42   2.5948e-41 -2.11885e-43 -9.77655e-42  1.22743e-42   3.1856e-42 -4.29491e-44  3.16861e-42  8.61083e-44 -8.57846e-43 -9.11146e-44   3.0044e-43 -3.12908e-45 -2.78688e-43  1.57691e-44  1.42874e-43 -9.88402e-45 -2.23131e-44 -1.33986e-45 -2.23028e-44 -4.58755e-46  3.27109e-45  3.32081e-46  1.65212e-45   1.2136e-47  1.25419e-45 -7.14574e-47 -2.11526e-46  3.79843e-48   1.9102e-47  2.72819e-48  5.92893e-50 -7.66712e-48 -1.65616e-47  1.15376e-47  2.35966e-48  -1.8597e-47 -1.64808e-48  3.13003e-47  6.36149e-49 -4.88531e-47 -2.00336e-49  7.04769e-47  1.70706e-49 -9.35127e-47 -2.58736e-49  1.13531e-46   3.9657e-49 -1.25368e-46 -5.41211e-49  1.25022e-46  6.54307e-49 -1.11622e-46 -6.85465e-49   8.8281e-47  6.09913e-49 -6.10335e-47 -4.52502e-49  3.62623e-47  2.74555e-49 -1.81022e-47   -1.332e-49  7.35888e-48  5.01654e-50 -2.32615e-48 -1.40054e-50  5.30224e-49   2.6517e-51 -7.52619e-50 -2.72451e-52  4.29139e-51
-6.34207e-38  6.26765e-34 -4.44747e-37 -2.82511e-34 -6.48763e-37  3.89965e-35  -6.5502e-37  6.60533e-35 -2.98819e-36 -9.79778e-35  5.31962e-36 -1.41545e-34 -4.37197e-36  4.88256e-35  4.88021e-36 -7.23068e-35 -1.70577e-36  5.08182e-35  3.46844e-36 -1.05179e-35 -6.48363e-38 -7.08231e-36  1.08288e-36  4.85117e-36  9.00918e-38 -4.59226e-36  8.47652e-38  2.96035e-36  4.05628e-38 -1.47419e-36 -6.28914e-38  1.08836e-37  3.32828e-38  3.52187e-37 -7.30935e-39 -2.63555e-37  1.09014e-38 -1.25272e-38 -7.58529e-39  5.04865e-38  2.34493e-39   1.8067e-38 -1.57492e-39 -1.00205e-38   9.4779e-40 -1.14979e-38 -1.01153e-40  8.28282e-39 -3.94075e-41  1.31675e-39 -1.55784e-41 -1.00286e-39  3.85092e-41  2.47186e-40 -3.24839e-41 -5.63774e-40  1.03252e-41  8.69867e-41  -1.9063e-42 -2.94031e-41  4.91361e-42  9.90889e-42 -4.19806e-43  1.06306e-41   3.1178e-43 -3.40311e-42 -3.36137e-43  8.85509e-43 -1.23877e-44 -7.82172e-43  6.45937e-44  4.80424e-43 -3.71373e-44 -5.47622e-44 -6.67637e-45 -8.78238e-44 -1.03764e-45  1.62353e-44  1.14367e-45  4.31182e-45  7.71368e-47  5.00316e-45 -3.06223e-46 -6.69714e-46  4.46493e-48   7.8468e-47  4.57709e-47  6.55718e-48 -9.12092e-47 -5.50176e-47  1.61383e-46  9.61842e-48 -2.74962e-46 -4.86177e-48  4.46062e-46 -3.32582e-49 -6.70273e-46  3.00143e-48  9.28475e-46 -3.85116e-48 -1.18004e-45  3.39072e-48  1.36844e-45  -1.5532e-48 -1.43849e-45 -1.27411e-48  1.35991e-45  4.10019e-48 -1.14516e-45 -5.74071e-48  8.48812e-46  5.62703e-48 -5.45516e-46 -4.18082e-48  2.98092e-46  2.39254e-48 -1.34878e-46 -1.04735e-48  4.86619e-47  3.42693e-49 -1.32071e-47 -7.96642e-50  2.43448e-48  1.16064e-50 -2.41715e-49 -6.89538e-52
-2.66389e-34 -4.44747e-37  7.43912e-34 -1.73678e-36 -3.60781e-34 -2.04042e-36  2.04981e-34 -1.01818e-36  1.44309e-36 -7.72443e-36 -1.07542e-34   9.9348e-36 -2.59808e-34 -9.56081e-36  5.60893e-35  7.55332e-36 -7.23589e-35 -2.56242e-36  7.76362e-35  5.61383e-36 -1.58108e-35 -1.95769e-37 -1.95391e-35  1.63715e-36  8.29003e-36   1.6049e-37 -6.28938e-36  2.21594e-37   5.9567e-36 -1.19816e-38 -3.12021e-36 -1.05063e-37 -1.50434e-37  5.87192e-38  8.95794e-37 -5.65349e-39 -4.74899e-37  1.77025e-38 -2.42933e-38 -1.21047e-38  1.26806e-37  3.39341e-39  8.91334e-40 -3.53986e-39 -1.00579e-38   1.7875e-39 -2.89606e-38 -2.44899e-40  1.84158e-38 -1.44458e-40  2.68825e-39 -1.30445e-40  -2.1742e-39  5.52166e-41  7.38653e-40 -6.21914e-41 -1.40784e-39  2.46845e-41  2.24392e-40 -7.36421e-42 -7.41918e-41  1.40644e-41  2.08798e-41 -1.80448e-42  2.60544e-41  8.19062e-43 -9.21452e-42 -8.66116e-43  1.60005e-42 -4.86993e-44 -1.48938e-42  1.81263e-43   1.1424e-42 -9.87364e-44 -9.79172e-44 -2.11979e-44 -2.38387e-43 -6.58628e-46  5.28354e-44  2.80647e-45  6.07704e-45  3.03557e-46  1.43817e-44 -8.56992e-46 -1.51437e-45 -1.47653e-46  2.44237e-46  4.92581e-46   2.2265e-47 -9.38457e-46 -1.12022e-46  1.68216e-45 -3.69377e-48 -2.82311e-45  4.24459e-47  4.41493e-45 -8.57883e-47  -6.3806e-45  1.22203e-46  8.48178e-45 -1.43716e-46 -1.03179e-44  1.41091e-46  1.14167e-44  -1.1014e-46  -1.1408e-44  5.93078e-47  1.02046e-44 -7.78693e-48 -8.08449e-45 -2.56054e-47  5.59706e-45  3.44074e-47  -3.3286e-45 -2.63058e-47   1.6622e-45   1.4003e-47 -6.75394e-46 -5.38551e-48  2.13163e-46  1.48382e-48 -4.84471e-47 -2.76413e-49  6.84482e-48   2.8434e-50 -3.87629e-49
-1.35486e-37 -2.82511e-34 -1.73678e-36  1.05587e-33  -4.6148e-36  -5.3625e-34 -4.97543e-36   4.7541e-34 -2.70891e-37 -1.84194e-34 -1.58691e-35 -4.76444e-35  1.40525e-35 -3.77066e-34 -1.60723e-35  4.04603e-35  8.59746e-36 -2.48823e-35 -2.56596e-36  9.60867e-35  7.43635e-36 -1.97562e-35 -6.25478e-37 -3.67268e-35  2.10315e-36  1.25845e-35  2.30801e-37 -5.42414e-36  4.87213e-37  9.27114e-36 -1.78689e-37 -5.59631e-36 -1.42545e-37 -7.70829e-37  7.72464e-38  1.72458e-36   4.6259e-39 -6.69635e-37  1.91178e-38 -3.69759e-38 -1.34524e-38  2.72522e-37  3.93903e-39 -5.96965e-38 -5.78709e-39  1.75883e-39  2.27238e-39 -5.79456e-38 -4.57347e-40  3.30553e-38 -4.32204e-40  4.29458e-39  -4.3266e-40 -4.12394e-39  3.93094e-41  1.58164e-39 -9.21262e-41 -2.79482e-39  5.16202e-41  5.21589e-40 -2.04563e-41 -1.77117e-40  3.25751e-41  3.29266e-41 -5.27515e-42  5.41808e-41  1.79372e-42 -2.01929e-41 -1.79264e-42  1.85378e-42 -1.77559e-43 -2.17851e-42  4.03314e-43    2.207e-42  -2.1534e-43 -1.73575e-43 -5.05802e-44 -5.14517e-43  3.58769e-45  1.31061e-43  5.77025e-45   1.8766e-45   6.7726e-46  3.39386e-44 -1.34354e-45 -2.77291e-45 -1.93778e-45  6.69267e-46  4.39183e-45 -1.19597e-46 -8.19476e-45  1.70793e-46  1.43288e-44 -6.84836e-46 -2.33034e-44  1.19012e-45  3.51133e-44 -1.76515e-45 -4.87861e-44  2.27198e-45  6.21979e-44 -2.52982e-45 -7.23589e-44  2.39185e-45  7.63069e-44   -1.852e-45 -7.23653e-44  1.09226e-45  6.11195e-44  -3.9484e-46 -4.54252e-44 -3.17114e-47   2.9261e-44  1.66248e-46 -1.60169e-44 -1.32073e-46  7.25405e-45  6.31578e-47 -2.61693e-45 -2.04676e-47  7.09229e-46  4.55808e-48 -1.30318e-46 -6.47291e-49  1.28689e-47  3.89276e-50
 1.78915e-36 -6.48763e-37 -3.60781e-34  -4.6148e-36  1.62171e-33 -9.09021e-36 -7.40158e-34 -1.00175e-35  7.37392e-34   2.9667e-36 -4.44198e-34 -2.74474e-35    6.627e-35  1.63081e-35 -4.57618e-34 -2.20108e-35 -1.36315e-35  7.40832e-36  7.00602e-35 -1.56044e-36  9.97133e-35  8.88359e-36 -2.09661e-35 -1.50373e-36 -5.59513e-35  2.48796e-36  1.72735e-35  2.91294e-37  3.71815e-38  9.33048e-37  1.17467e-35 -5.04203e-37 -8.87422e-36 -1.57628e-37 -1.90572e-36  7.16229e-38  2.74062e-36  2.51749e-38 -7.75339e-37  6.25198e-39 -6.76543e-38 -7.14395e-39  5.25006e-37  3.92515e-39 -1.76247e-37  -6.5382e-39  3.07599e-38  1.36827e-39 -9.80707e-38 -7.10183e-40  5.19364e-38  -1.1164e-39  5.46452e-39 -1.01992e-39 -7.35771e-39 -4.68517e-41  2.62788e-39 -1.02337e-40 -4.70478e-39  9.94067e-41  1.12951e-39 -4.66035e-41 -3.94423e-40  6.38375e-41  3.51247e-41 -1.19941e-41  1.02013e-40  3.47337e-42 -3.86256e-41 -3.14952e-42  8.44463e-43 -5.56982e-43  -2.5515e-42  7.56295e-43  3.66227e-42 -4.09285e-43  -3.6859e-43 -9.68543e-44 -9.36597e-43  1.64771e-44  2.63099e-43  1.13468e-44 -1.44375e-44 -8.88816e-46  6.89535e-44  3.49068e-45 -4.76801e-45 -1.69076e-44  2.90638e-45   3.4071e-44  -3.5781e-45 -6.18676e-44  6.72344e-45  1.04726e-43 -1.20283e-44 -1.64467e-43  1.85952e-44  2.38685e-43  -2.5504e-44 -3.18676e-43  3.07644e-44  3.89398e-43 -3.21579e-44 -4.32817e-43  2.85028e-44  4.34423e-43 -2.07088e-44 -3.90291e-43   1.1608e-44   3.1048e-43 -4.32276e-45 -2.15762e-43  3.89331e-46  1.28734e-43  7.38186e-46 -6.44515e-44 -5.70691e-46  2.62318e-44  2.29269e-46 -8.28282e-45 -5.88391e-47  1.88036e-45  1.00688e-47 -2.64808e-46  -1.0164e-48  1.49067e-47
-2.08513e-37  3.89965e-35 -2.04042e-36  -5.3625e-34 -9.09021e-36  2.30956e-33 -1.38448e-35 -8.95557e-34 -1.71042e-35  8.42758e-34  9.53853e-36 -6.83529e-34 -4.11202e-35  2.22824e-34  1.67987e-35 -4.97308e-34 -2.52401e-35 -1.07608e-34  4.53727e-36  1.93673e-34 -1.12462e-37  8.35999e-35  1.01613e-35  -1.6071e-35 -2.73329e-36 -7.53632e-35  2.81497e-36  2.15203e-35  3.38419e-37  1.14453e-35  1.59117e-36  1.20536e-35 -1.01003e-36 -1.26049e-35 -1.38739e-37 -3.74973e-36  2.53815e-38  3.74733e-36  5.34739e-38 -7.47211e-37 -3.15972e-38 -1.62573e-37  1.10598e-38  9.28849e-37  3.33058e-39 -3.47186e-37 -2.75278e-39  7.87591e-38 -2.23265e-39 -1.45749e-37 -9.53967e-40  7.57952e-38 -2.53828e-39  4.92537e-39 -1.95378e-39 -1.25846e-38 -2.51118e-40  3.47536e-39 -5.86177e-41 -6.95815e-39  1.78461e-40  2.26546e-39  -9.1854e-41 -7.94829e-40  1.08033e-40  1.74215e-42 -2.25948e-41  1.80118e-40  6.15103e-42 -6.72791e-41 -4.83243e-42 -1.75468e-42 -1.49251e-42 -2.53981e-42  1.23666e-42  5.38151e-42 -6.99446e-43 -8.62257e-43 -1.52822e-43 -1.48867e-42  4.16076e-44  4.38193e-43  2.76984e-44 -4.48426e-44 -2.23391e-44  1.26772e-43  5.27717e-44 -1.73897e-44 -1.23479e-43  2.99296e-44  2.35504e-43 -5.52237e-44 -4.14571e-43  9.87857e-44  6.78384e-43 -1.60391e-43  -1.0279e-42  2.32805e-43  1.43619e-42 -2.99965e-43 -1.84157e-42  3.38778e-43  2.15487e-42 -3.29677e-43 -2.28561e-42  2.69958e-43  2.17989e-42  -1.7949e-43 -1.85126e-42  9.10425e-44  1.38306e-42 -3.03897e-44 -8.95176e-43    2.733e-45  4.92072e-43  3.45689e-45 -2.23633e-43 -2.18548e-45   8.0877e-44  6.65768e-46 -2.19449e-44 -1.23529e-46  4.03006e-45  1.54011e-47 -3.96824e-46 -9.64251e-49
 3.98594e-35  -6.5502e-37  2.04981e-34 -4.97543e-36 -7.40158e-34 -1.38448e-35  2.96693e-33 -1.65531e-35 -9.46045e-34 -2.50921e-35   6.9101e-34  1.88672e-35 -8.08104e-34 -5.43296e-35  4.21021e-34  1.69908e-35 -5.23204e-34 -2.45465e-35  -2.1811e-34   1.1718e-36  3.18575e-34  8.57057e-37  4.28447e-35  1.13956e-35 -8.58244e-38 -3.92529e-36   -9.449e-35  3.10799e-36  2.50634e-35  3.61191e-37  2.87447e-35  2.45598e-36  8.98006e-36 -1.68058e-36 -1.61059e-35 -9.81608e-38 -6.46677e-36  -6.8678e-38   4.4824e-36  8.18634e-38 -6.04596e-37 -1.04413e-37 -3.85286e-37   4.3147e-38  1.52924e-36   1.7874e-39 -5.55447e-37  9.30706e-39  1.45365e-37 -9.78879e-39 -1.95858e-37 -1.13528e-39  1.07979e-37 -5.12808e-39  5.84612e-40 -3.22899e-39 -2.04564e-38 -6.34826e-40  3.59956e-39  8.81264e-41 -9.23454e-39  2.99677e-40  4.17693e-39 -1.61069e-40 -1.42805e-39  1.59086e-40  -1.1721e-40  -3.6588e-41  3.04108e-40  1.01573e-41 -1.09419e-40 -6.58056e-42 -4.69073e-42 -3.46892e-42 -2.74392e-42  1.80226e-42  7.13013e-42 -1.09407e-42 -1.89354e-42 -1.94004e-43 -2.12599e-42  6.26328e-44  6.11407e-43  1.09642e-43 -9.97156e-44 -1.84633e-43  2.69926e-43  3.97115e-43 -1.85782e-43 -8.05047e-43  3.78233e-43  1.47814e-42 -7.02774e-43  -2.5192e-42   1.1933e-42  3.98318e-42  -1.8276e-42 -5.82026e-42  2.50033e-42   7.8245e-42 -3.02185e-42 -9.62738e-42  3.17983e-42  1.07749e-41 -2.85782e-42 -1.08887e-41  2.13565e-42  9.84772e-42 -1.27395e-42  -7.8842e-42  5.63785e-43  5.51231e-42 -1.53833e-43 -3.30748e-42  3.65411e-45  1.66433e-42  1.69041e-44 -6.80337e-43 -7.24015e-45  2.15553e-43  1.44469e-45 -4.90401e-44 -1.65359e-46  6.90935e-45  1.49173e-47 -3.88197e-46
-7.90566e-37  6.60533e-35 -1.01818e-36   4.7541e-34 -1.00175e-35 -8.95557e-34 -1.65531e-35  3.49663e-33 -1.53695e-35 -8.94857e-34 -3.19155e-35  2.74738e-34  2.86443e-35 -7.65413e-34 -6.42706e-35  6.50681e-34  1.84669e-35 -5.64617e-34 -2.03346e-35 -3.06854e-34 -1.59276e-36  4.21987e-34  6.41102e-37 -2.61058e-35  1.24705e-35  3.01459e-35 -4.56749e-36 -1.13182e-34  3.43363e-36  2.90658e-35  3.29073e-37  5.04753e-35  3.47438e-36  1.70015e-36 -2.45439e-36 -1.84991e-35 -8.43462e-38 -1.00954e-35 -2.02184e-37  4.64822e-36  9.76853e-38 -4.55116e-37 -2.18835e-37 -7.82247e-37  8.71001e-38  2.36045e-36 -1.71126e-39 -7.73056e-37   3.2951e-38  2.32652e-37 -2.21896e-38 -2.45117e-37 -1.22995e-39   1.5521e-37 -9.27902e-39 -1.04709e-38 -4.76806e-39  -3.1173e-38  -1.2742e-39  2.66683e-39  3.97053e-40 -1.11275e-38  4.74534e-40  7.08231e-39 -2.55911e-40 -2.27834e-39   2.0301e-40 -4.03866e-40 -5.22727e-41  4.96565e-40  1.57699e-41 -1.68617e-40 -8.03295e-42 -4.01847e-42 -7.11393e-42 -4.71729e-42  2.37968e-42  8.56174e-42 -1.59311e-42 -3.61806e-42 -1.40297e-43 -2.85745e-42 -6.63073e-44   8.1596e-43  6.00811e-43 -4.96556e-43 -1.22402e-42  1.31856e-42  2.51109e-42 -2.26594e-42 -4.81607e-42  4.43552e-42   8.5523e-42 -7.89093e-42 -1.41027e-41  1.27177e-41  2.15342e-41 -1.84079e-41 -3.03224e-41  2.36838e-41  3.91833e-41 -2.67427e-41 -4.62031e-41  2.60674e-41  4.93787e-41 -2.14547e-41 -4.74448e-41  1.44468e-41  4.05831e-41 -7.57018e-42 -3.05302e-41  2.80208e-42  1.98917e-41 -5.44086e-43 -1.10027e-41 -6.70783e-44  5.02938e-42  7.52894e-44 -1.82835e-42 -1.91046e-44  4.98305e-43  1.82832e-45 -9.18238e-44 -6.61511e-47  9.05919e-45  8.04195e-48
-3.62287e-35 -2.98819e-36  1.44309e-36 -2.70891e-37  7.37392e-34 -1.71042e-35 -9.46045e-34 -1.53695e-35  3.90073e-33 -1.05433e-35 -8.03411e-34  -3.5493e-35 -3.28856e-34  3.54456e-35 -5.60859e-34 -6.91004e-35  8.75016e-34  2.16866e-35 -6.24856e-34 -1.43591e-35  -3.4183e-34 -3.16861e-36  4.93725e-34 -9.14024e-37 -1.21604e-34  1.31345e-35  7.20104e-35 -4.29265e-36  -1.3033e-34  3.92473e-36  3.59019e-35  1.99557e-37  7.45698e-35  4.54817e-36 -9.94932e-36  -3.2261e-36  -1.8874e-35 -1.80066e-37 -1.45099e-35 -3.51658e-37  3.92838e-36  8.50783e-38 -4.91602e-37 -3.76717e-37 -1.34516e-36  1.36208e-37  3.43249e-36 -8.91173e-39 -9.71332e-37  6.97031e-38  3.50781e-37 -3.97149e-38 -2.95766e-37 -1.30038e-39    2.263e-37  -1.5153e-38 -3.14357e-38 -6.44614e-39 -4.42033e-38 -2.24858e-39   9.0983e-40  9.24654e-40 -1.22125e-38   7.1954e-40  1.11161e-38 -3.73464e-40 -3.22046e-39  2.19412e-40 -9.72015e-40 -6.75204e-41  7.90102e-40  2.30062e-41 -2.48394e-40 -8.86907e-42  7.30241e-42  -1.3062e-41 -1.06515e-41  2.91417e-42  9.07262e-42 -2.27711e-42 -5.67393e-42  3.98706e-43 -4.40795e-42 -1.25158e-42  2.70375e-42  3.51253e-42 -5.47721e-42 -7.31971e-42  1.27205e-41  1.45071e-41 -2.53123e-41 -2.68304e-41  4.71967e-41  4.61191e-41 -7.99173e-41 -7.35263e-41  1.22056e-40  1.08323e-40 -1.66588e-40 -1.46815e-40  2.00871e-40  1.82096e-40 -2.10897e-40  -2.0541e-40  1.89167e-40   2.0918e-40 -1.41221e-40 -1.90602e-40  8.44087e-41  1.53711e-40 -3.78153e-41 -1.08228e-40  1.09566e-41  6.53829e-41  -9.7482e-43 -3.31179e-41 -6.46779e-43  1.36235e-41  2.69506e-43 -4.34238e-42 -3.30124e-44  9.93464e-43 -8.53088e-46 -1.40669e-43  1.92697e-46  7.93496e-45
 1.84882e-36 -9.79778e-35 -7.72443e-36 -1.84194e-34   2.9667e-36  8.42758e-34 -2.50921e-35 -8.94857e-34 -1.05433e-35  4.24834e-33  -4.6943e-36 -7.43992e-34 -3.48107e-35 -9.93828e-34  3.62232e-35 -2.50235e-34 -6.85371e-35  1.03664e-33  2.57255e-35 -6.77916e-34 -8.68706e-36 -3.13415e-34 -3.51221e-36  5.36559e-34 -3.43637e-36  -2.3464e-34  1.32276e-35  1.16108e-34 -3.08357e-36 -1.43641e-34  4.72323e-36  4.77411e-35 -5.24527e-38  9.94232e-35  5.54672e-36 -2.52252e-35 -3.86436e-36 -1.63528e-35 -4.84257e-37 -1.94691e-35 -4.86832e-37  2.01256e-36  2.87971e-38 -9.52783e-37 -5.75447e-37 -1.99486e-36    1.798e-37  4.72055e-36 -2.21811e-38 -1.13388e-36  1.18228e-37  5.20722e-37 -6.18825e-38  -3.5765e-37 -1.57655e-39  3.28098e-37 -2.24858e-38 -6.45534e-38 -8.13916e-39 -5.83972e-38 -3.60623e-39 -6.36997e-40   1.7047e-39 -1.21164e-38   1.0645e-39  1.63022e-38 -5.05599e-40 -4.00102e-39  1.86808e-40  -1.9525e-39 -8.13637e-41  1.23168e-39  3.13154e-41 -3.51878e-40 -8.98947e-42  3.82334e-41 -2.17743e-41  -2.1899e-41  3.62514e-42  6.68516e-42 -3.92329e-42 -4.29446e-42  3.64031e-42 -1.52817e-41  -8.6461e-42  2.67037e-41  1.99375e-41 -6.19148e-41 -4.08269e-41  1.32951e-40  7.84229e-41 -2.58451e-40 -1.40388e-40  4.59097e-40  2.33451e-40 -7.38295e-40 -3.59405e-40  1.06599e-39  5.10158e-40 -1.36767e-39 -6.64428e-40  1.53918e-39  7.89466e-40  -1.4943e-39 -8.50013e-40  1.22387e-39  8.22643e-40 -8.19204e-40 -7.08641e-40  4.26268e-40  5.36788e-40 -1.56779e-40 -3.52118e-40  3.08276e-41  1.96081e-40   2.7527e-42 -9.02325e-41 -3.37379e-42  3.30247e-41   6.9313e-43 -9.06225e-42 -6.17271e-45  1.68144e-42 -9.62098e-45 -1.67025e-43  2.83992e-46
-5.83788e-35  5.31962e-36 -1.07542e-34 -1.58691e-35 -4.44198e-34  9.53853e-36   6.9101e-34 -3.19155e-35 -8.03411e-34  -4.6943e-36  4.59725e-33 -1.23012e-36 -7.58924e-34  -3.0424e-35 -1.58506e-33  2.99763e-35   8.2801e-35 -6.35383e-35  1.08403e-33  2.89381e-35 -6.88111e-34 -4.58767e-36 -2.36221e-34 -2.93853e-36  5.61063e-34 -6.28027e-36 -3.50914e-34  1.28439e-35  1.49245e-34 -1.32231e-36 -1.50694e-34  5.86487e-36  6.47007e-35 -3.99499e-37  1.24551e-34  6.32681e-36 -4.24124e-35 -4.24665e-36 -1.00591e-35 -1.08211e-36 -2.47216e-35  -5.8262e-37 -1.32914e-36 -8.07995e-38 -2.05418e-36 -8.09426e-37 -2.59857e-36  2.05119e-37  6.16042e-36 -4.40803e-38 -1.26688e-36  1.74071e-37  7.71133e-37 -8.73936e-38 -4.47088e-37 -2.53992e-39  4.59202e-37 -3.04791e-38 -1.09389e-37 -9.78174e-39 -7.26425e-38 -5.30954e-39  -2.1591e-40  2.72594e-39 -1.05986e-38   1.5595e-39  2.25571e-38 -6.38204e-40 -4.26215e-39  9.04015e-41 -3.46493e-39 -9.57719e-41  1.88638e-39  3.92536e-41 -4.81381e-40  -8.5399e-42  9.54465e-41 -3.37401e-41 -3.33541e-41  6.42188e-42 -1.30343e-41 -1.15325e-41  3.74774e-41  2.19266e-41 -1.27026e-40 -4.99643e-41  2.88704e-40  1.07802e-40 -6.41508e-40 -2.14861e-40   1.3078e-39  4.00009e-40 -2.43237e-39 -6.92954e-40  4.11107e-39  1.11329e-39  -6.2647e-39  -1.6524e-39    8.527e-39  2.25568e-39 -1.02468e-38 -2.81717e-39  1.07118e-38  3.19915e-39 -9.55411e-39 -3.27901e-39  7.07869e-39  3.00671e-39 -4.18592e-39 -2.43988e-39   1.8445e-39  1.72859e-39  -5.1772e-40 -1.05084e-39  3.87032e-41  5.35716e-40  3.22379e-41 -2.21866e-40 -1.18516e-41  7.12262e-41  9.77522e-43 -1.64214e-41  1.65147e-43  2.34461e-42 -1.96229e-44 -1.33449e-43
-1.32323e-36 -1.41545e-34   9.9348e-36 -4.76444e-35 -2.74474e-35 -6.83529e-34  1.88672e-35  2.74738e-34  -3.5493e-35 -7.43992e-34 -1.23012e-36  4.95371e-33 -1.96295e-36 -8.54448e-34 -2.41144e-35 -1.99294e-33  1.84974e-35  3.54213e-34 -5.54895e-35  9.98527e-34     2.98e-35 -6.33163e-34 -2.01256e-36 -1.38738e-34 -1.81591e-36   5.7883e-34 -8.79621e-36 -4.55601e-34  1.23369e-35  1.59681e-34  3.12244e-37  -1.5042e-34  7.19258e-36  8.36864e-35 -7.43867e-37  1.50484e-34  6.76075e-36 -5.90909e-35  -4.3028e-36  8.89949e-37 -2.01227e-36  -3.0113e-35 -6.27468e-37 -6.10153e-36  -2.4384e-37 -3.91277e-36 -1.07142e-36  -3.0118e-36  1.99598e-37  7.65173e-36 -7.65312e-38 -1.40063e-36  2.30486e-37   1.1292e-36 -1.14242e-37 -5.81929e-37 -4.96462e-39  6.03494e-37 -3.78424e-38 -1.61136e-37 -1.14199e-38 -8.69909e-38  -7.1761e-39  4.23164e-39  3.91575e-39 -7.65599e-39  2.27293e-39  2.97063e-38 -7.49149e-40   -3.609e-39 -7.07528e-41 -5.58471e-39 -1.16583e-40  2.83544e-39  4.40883e-41 -6.34162e-40 -6.93536e-42  1.64916e-40 -5.21991e-41  1.00286e-41  2.26158e-41 -1.94443e-40 -5.30882e-41  4.98424e-40  1.20483e-40 -1.26694e-39 -2.66762e-40  2.89485e-39  5.53816e-40 -6.14811e-39 -1.07092e-39  1.19655e-38  1.93005e-39 -2.12181e-38   -3.231e-39  3.40543e-38  5.00619e-39 -4.90474e-38 -7.14944e-39  6.27298e-38  9.36548e-39 -7.03093e-38 -1.11897e-38  6.78938e-38  1.21122e-38 -5.52027e-38 -1.17832e-38  3.65677e-38  1.02025e-38 -1.87228e-38 -7.76842e-39  6.68328e-39   5.1232e-39 -1.19908e-39 -2.86912e-39 -1.76987e-40  1.32845e-39  1.54073e-40 -4.89527e-40 -2.75767e-41  1.35364e-40 -7.74589e-43 -2.53362e-41  5.31306e-43  2.54204e-42 -1.54237e-44
 3.02578e-35 -4.37197e-36 -2.59808e-34  1.40525e-35    6.627e-35 -4.11202e-35 -8.08104e-34  2.86443e-35 -3.28856e-34 -3.48107e-35 -7.58924e-34 -1.96295e-36   5.2884e-33 -5.71531e-36 -1.01484e-33 -1.80399e-35 -2.15871e-33  5.57223e-36  5.02937e-34 -4.55622e-35  8.03563e-34  2.73171e-35 -5.14039e-34  1.15754e-37 -4.94322e-35   -1.966e-37  5.97571e-34 -1.05098e-35 -5.37549e-34  1.21803e-35  1.41798e-34   1.0386e-36 -1.43909e-34  8.37612e-36  9.86813e-35 -9.33757e-37  1.78059e-34  6.77331e-36 -7.27662e-35 -4.05064e-36  1.72497e-35 -3.24165e-36 -3.56499e-35 -6.22544e-37 -1.19026e-35 -4.50414e-37 -6.49571e-36 -1.35294e-36 -3.12289e-36  1.52887e-37   9.0689e-36 -1.19696e-37 -1.57934e-36  2.80209e-37  1.60815e-36  -1.4008e-37 -7.73815e-37  -9.8508e-39  7.26641e-37 -4.29919e-38 -2.09619e-37 -1.32445e-38 -1.03943e-37 -8.84246e-39  1.44525e-38  5.13655e-39 -3.63985e-39  3.27472e-39  3.74918e-38 -8.05121e-40 -1.70488e-39 -2.80851e-40 -8.31654e-39 -1.52249e-40  4.15181e-39  4.00857e-41 -7.54158e-40  3.21292e-42  5.75651e-41 -9.90679e-41  6.50598e-40  1.12993e-40 -2.00074e-39 -2.74033e-40  5.10776e-39  6.25974e-40 -1.22415e-38 -1.34471e-39  2.70299e-38  2.70075e-39 -5.49345e-38  -5.0564e-39  1.02054e-37  8.80652e-39 -1.72187e-37 -1.42198e-38  2.61812e-37   2.1205e-38 -3.55353e-37 -2.90737e-38  4.25463e-37  3.64603e-38 -4.42625e-37 -4.15661e-38  3.92219e-37  4.27657e-38  -2.8794e-37 -3.93625e-38  1.67929e-37  3.20657e-38 -7.22575e-38 -2.28115e-38  1.91849e-38  1.39303e-38  -7.9222e-40 -7.13811e-39 -1.47917e-39  2.97385e-39   4.7974e-40  -9.6142e-40 -3.08281e-41  2.23518e-40 -7.96589e-42 -3.22342e-41    7.984e-43  1.85672e-42
 2.02606e-36  4.88256e-35 -9.56081e-36 -3.77066e-34  1.63081e-35  2.22824e-34 -5.43296e-35 -7.65413e-34  3.54456e-35 -9.93828e-34  -3.0424e-35 -8.54448e-34 -5.71531e-36  5.56806e-33 -8.89591e-36 -1.21435e-33 -1.38968e-35 -2.08485e-33  -4.8959e-36  5.03552e-34 -3.45789e-35  5.52287e-34  2.09468e-35 -3.48924e-34  3.06895e-36  1.25426e-35  2.48454e-36  6.19843e-34 -1.12059e-35 -5.91044e-34  1.27591e-35  9.81595e-35  1.87195e-37 -1.33977e-34  9.04456e-36  1.02483e-34  -8.1373e-37  2.07586e-34  6.38024e-36 -8.16931e-35 -3.60594e-36  3.93574e-35 -4.65647e-36 -4.15121e-35 -5.71951e-37 -1.77938e-35 -6.83983e-37 -9.61427e-36 -1.64404e-36 -2.87944e-36   5.8332e-38  1.02795e-35 -1.71058e-37 -1.84165e-36  3.17512e-37  2.19591e-36 -1.62855e-37 -1.02039e-36 -1.81901e-38  7.78432e-37 -4.43497e-38 -2.39447e-37 -1.55925e-38 -1.29445e-37 -9.77597e-39  3.13478e-38  6.19593e-39   6.6088e-40  4.60558e-39  4.55743e-38  -7.5928e-40  1.62388e-39 -5.11713e-40 -1.15485e-38 -2.07427e-40  5.72092e-39  7.97386e-42 -2.24059e-40  6.77716e-41 -2.12412e-39  -2.9641e-40  7.23329e-39  5.85311e-40 -1.95388e-38 -1.38768e-39  4.84858e-38  3.08698e-39 -1.11557e-37 -6.42382e-39  2.36441e-37  1.24801e-38 -4.59462e-37 -2.25782e-38   8.1354e-37  3.79281e-38 -1.30318e-36 -5.89488e-38  1.87226e-36  8.44203e-38 -2.38678e-36 -1.10866e-37  2.66377e-36   1.3277e-37 -2.55759e-36 -1.44038e-37  2.06311e-36  1.40441e-37 -1.35093e-36 -1.21891e-37  6.78904e-37  9.30591e-38 -2.33555e-37 -6.15647e-38  3.65976e-38  3.46095e-38   9.1005e-39 -1.61008e-38 -6.03515e-39  5.96836e-39  9.64947e-40 -1.66272e-39  4.85527e-41  3.14133e-40 -2.01862e-41 -3.18857e-41  4.66923e-43
-4.22484e-35  4.88021e-36  5.60893e-35 -1.60723e-35 -4.57618e-34  1.67987e-35  4.21021e-34 -6.42706e-35 -5.60859e-34  3.62232e-35 -1.58506e-33 -2.41144e-35 -1.01484e-33 -8.89591e-36  5.77121e-33 -7.48326e-36 -1.42128e-33 -1.24044e-35 -1.82796e-33 -1.06492e-35  3.66146e-34 -2.32895e-35  3.03137e-34  1.03791e-35 -1.59773e-34  7.42321e-36  3.90956e-35  7.44311e-36  6.44965e-34 -1.09465e-35 -6.15459e-34  1.41772e-35   3.8592e-35 -2.62686e-36 -1.23764e-34  8.96183e-36  8.91772e-35 -2.92227e-37  2.38291e-34  5.71124e-36 -8.55582e-35  -3.1583e-36  6.67861e-35 -6.07485e-36 -4.80235e-35 -4.70027e-37 -2.23252e-35 -9.26882e-37 -1.29631e-35 -1.93387e-36 -2.28813e-36 -8.59528e-38  1.11687e-35 -2.25433e-37 -2.19909e-36  3.39715e-37  2.84867e-36 -1.81591e-37 -1.30102e-36 -3.05501e-38  7.02013e-37 -4.06565e-38 -2.31406e-37 -1.89067e-38 -1.73155e-37 -9.34568e-39  5.47589e-38  6.86445e-39   4.0282e-39  6.24095e-39  5.35911e-38 -5.51824e-40  6.18788e-39 -7.38625e-40 -1.45885e-38 -2.58336e-40  5.58569e-39 -1.42336e-40  7.21023e-39  4.27456e-40 -2.47944e-38 -1.25801e-39  7.01711e-38  2.91397e-39 -1.81206e-37 -6.69932e-39  4.33431e-37  1.44317e-38 -9.57447e-37 -2.90466e-38  1.94357e-36  5.45069e-38 -3.60573e-36 -9.51003e-38  6.07333e-36  1.53774e-37 -9.21426e-36 -2.29564e-37  1.24705e-35  3.15018e-37  -1.4875e-35  -3.9532e-37  1.53979e-35  4.50947e-37 -1.35518e-35 -4.64252e-37  9.85282e-36  4.27643e-37 -5.66149e-36 -3.48753e-37  2.37275e-36  2.48498e-37 -5.89453e-37 -1.52101e-37 -6.14135e-40  7.81953e-38  5.65257e-38 -3.27262e-38 -1.63847e-38  1.06458e-38  7.89702e-40 -2.49545e-39  3.00126e-40  3.63754e-40 -2.53016e-41 -2.12415e-41
-6.77315e-37 -7.23068e-35  7.55332e-36  4.04603e-35 -2.20108e-35 -4.97308e-34  1.69908e-35  6.50681e-34 -6.91004e-35 -2.50235e-34  2.99763e-35 -1.99294e-33 -1.80399e-35 -1.21435e-33 -7.48326e-36  5.88975e-33    9.943e-37 -1.60042e-33  -1.3143e-35 -1.47777e-33 -1.17736e-35  1.25768e-34 -1.27509e-35  9.77806e-35 -4.47751e-36  3.84019e-35  1.25431e-35  2.95889e-35  1.61909e-35  6.72266e-34 -1.00248e-35 -6.14105e-34  1.61494e-35 -2.28111e-35 -7.41766e-36 -1.15177e-34  8.14848e-36  5.63246e-35  6.01273e-37  2.68162e-34  5.00004e-36  -8.5676e-35 -2.92037e-36   9.8099e-35 -7.28039e-36  -5.5594e-35 -2.94113e-37 -2.37759e-35 -1.16477e-36 -1.61846e-35 -2.21311e-36 -1.39365e-36 -2.76151e-37  1.16654e-35 -2.76441e-37 -2.62186e-36  3.47532e-37  3.49207e-36  -1.9703e-37 -1.57874e-36 -4.65562e-38    4.482e-37  -3.1212e-38 -1.64751e-37 -2.36564e-38 -2.47665e-37 -6.94196e-39  8.36721e-38  6.89266e-39  4.86881e-39  8.06108e-39  6.16339e-38 -1.08389e-40  9.98423e-39 -9.87718e-40  -1.1262e-38 -1.45116e-40 -1.60294e-38 -8.54449e-40  8.15982e-38  2.25107e-39   -2.385e-37 -5.86556e-39  6.40039e-37   1.3767e-38 -1.59104e-36 -3.06365e-38  3.65869e-36  6.37978e-38 -7.74947e-36 -1.23989e-37  1.50417e-35  2.24334e-37 -2.65935e-35 -3.76731e-37  4.25166e-35  5.85169e-37 -6.09284e-35 -8.37305e-37  7.74159e-35  1.09849e-36 -8.60235e-35 -1.31409e-36  8.21097e-35  1.42411e-36  -6.5694e-35  -1.3873e-36  4.24997e-35  1.20336e-36 -2.09385e-35 -9.18646e-37  6.91463e-36  6.08131e-37 -9.06424e-37 -3.42425e-37 -3.64604e-37  1.59768e-37   1.9876e-37 -5.94985e-38 -2.81302e-38  1.66881e-38 -2.18716e-39 -3.18266e-39  6.44359e-40  3.27158e-40 -1.08002e-41
 2.37624e-35 -1.70577e-36 -7.23589e-35  8.59746e-36 -1.36315e-35 -2.52401e-35 -5.23204e-34  1.84669e-35  8.75016e-34 -6.85371e-35   8.2801e-35  1.84974e-35 -2.15871e-33 -1.38968e-35 -1.42128e-33    9.943e-37  5.92878e-33  1.65153e-35 -1.71851e-33 -1.46496e-35 -1.12996e-33 -1.01955e-35 -1.73322e-34 -4.53151e-36 -4.88017e-35 -2.32344e-35  2.40542e-34  1.66374e-35 -1.39711e-35  2.98793e-35  7.03776e-34 -8.84571e-36 -5.93168e-34  1.80183e-35 -7.12798e-35 -1.38507e-35 -1.07975e-34  6.88833e-36  6.04692e-36  1.69448e-36  2.94099e-34  4.53683e-36 -8.45323e-35 -3.07067e-36  1.30833e-34 -8.07043e-36 -6.46307e-35 -8.70882e-39 -2.05772e-35 -1.38771e-36 -1.89298e-35 -2.47816e-36 -2.49818e-37 -5.01817e-37  1.17659e-35 -3.19377e-37 -3.03903e-36  3.44234e-37  4.03008e-36 -2.11833e-37 -1.80878e-36  -6.4457e-38 -9.39677e-39 -1.59928e-38 -1.98263e-38 -3.02321e-38 -3.66654e-37 -2.11653e-39  1.16935e-37  6.02532e-39  4.20331e-40  9.82851e-39  7.44332e-38  7.01879e-40  -5.0491e-39 -1.52002e-39  5.76954e-38  9.20642e-40 -2.45498e-37 -4.22495e-39  7.70486e-37  1.08759e-38 -2.14299e-36 -2.68329e-38  5.53203e-36  6.15041e-38 -1.32305e-35 -1.32289e-37  2.92067e-35  2.65896e-37 -5.92322e-35 -4.98125e-37  1.09745e-34  8.67362e-37 -1.84533e-34 -1.39926e-36  2.79342e-34  2.08358e-36 -3.76958e-34 -2.85141e-36  4.47917e-34  3.56824e-36 -4.61297e-34 -4.05901e-36  4.03155e-34  4.16769e-36 -2.90187e-34 -3.82995e-36  1.64168e-34  3.11745e-36 -6.68859e-35 -2.21856e-36   1.5385e-35  1.35758e-36   8.0674e-37  -6.9865e-37 -1.81614e-36    2.932e-37  4.73035e-37 -9.58494e-38 -1.39594e-38  2.26419e-38 -9.71462e-39 -3.33742e-39  6.82858e-40   1.9789e-40
  1.4647e-36  5.08182e-35 -2.56242e-36 -2.48823e-35  7.40832e-36 -1.07608e-34 -2.45465e-35 -5.64617e-34  2.16866e-35  1.03664e-33 -6.35383e-35  3.54213e-34  5.57223e-36 -2.08485e-33 -1.24044e-35 -1.60042e-33  1.65153e-35  5.90796e-33  3.67552e-35 -1.75144e-33 -1.47144e-35 -8.61058e-34 -8.51265e-36  -4.9241e-34 -5.82137e-37 -1.44928e-34 -4.46748e-35  4.47963e-34  1.73384e-35 -8.98653e-35  4.86084e-35  7.45215e-34 -7.74492e-36 -5.60782e-34  1.89017e-35 -9.42805e-35 -2.13642e-35 -9.98697e-35  5.62702e-36  -5.5247e-35  2.69737e-36  3.12244e-34  4.59595e-36 -8.48033e-35 -3.71249e-36  1.61756e-34 -8.30712e-36 -7.54035e-35  4.18815e-37 -1.17968e-35 -1.58779e-36 -2.08946e-35 -2.73558e-36   1.1041e-36 -7.45104e-37  1.15458e-35 -3.54627e-37 -3.35529e-36  3.34221e-37   4.3608e-36 -2.30154e-37 -1.95084e-36 -8.10139e-38 -6.63633e-37  4.36087e-39  2.19529e-37 -3.88337e-38 -5.42697e-37  5.28812e-39  1.56459e-37  4.03417e-39 -2.36635e-38  1.11213e-38  1.40913e-37  2.32553e-39 -2.08521e-37 -3.63732e-39  7.42153e-37  6.53846e-39 -2.35547e-36 -1.95929e-38  6.81924e-36   4.9217e-38 -1.82618e-35 -1.16781e-37  4.53841e-35   2.5908e-37 -1.04307e-34 -5.37759e-37   2.2075e-34  1.04159e-36 -4.27989e-34  -1.8776e-36  7.55538e-34  3.14054e-36 -1.20554e-33 -4.85741e-36  1.72314e-33   6.9195e-36 -2.18204e-33 -9.03653e-36  2.41384e-33  1.07605e-35 -2.29013e-33 -1.16087e-35  1.81684e-33  1.12599e-35 -1.16067e-33 -9.72863e-36  5.59952e-34  7.40203e-36 -1.76753e-34 -4.88794e-36  1.80827e-35  2.74886e-36  1.19762e-35  -1.2831e-36 -5.59486e-36  4.79094e-37  6.85801e-37 -1.35119e-37  8.01335e-38   2.6006e-38 -1.78699e-38 -2.70995e-39  1.89703e-40
-4.97439e-36  3.46844e-36  7.76362e-35 -2.56596e-36  7.00602e-35  4.53727e-36  -2.1811e-34 -2.03346e-35 -6.24856e-34  2.57255e-35  1.08403e-33 -5.54895e-35  5.02937e-34  -4.8959e-36 -1.82796e-33  -1.3143e-35 -1.71851e-33  3.67552e-35   5.8602e-33  5.79206e-35 -1.68954e-33 -1.09029e-35 -7.12026e-34  -8.8412e-36 -8.06919e-34 -2.76925e-36 -2.11159e-34 -6.66078e-35  6.62335e-34  1.25718e-35 -1.96903e-34  7.10103e-35  8.04999e-34 -6.80899e-36 -5.25888e-34  1.79419e-35 -8.30744e-35 -2.93511e-35  -8.7602e-35  4.82401e-36 -1.18197e-34  3.26791e-36  3.18448e-34  5.36396e-36 -8.82415e-35 -4.86219e-36  1.87335e-34 -7.95674e-36 -8.78549e-35  9.96703e-37  2.48218e-36 -1.75535e-36 -2.18306e-35 -3.00429e-36  2.65378e-36  -9.8053e-37  1.11576e-35 -3.90244e-37 -3.48041e-36  3.21885e-37  4.39669e-36  -2.5666e-37 -1.98073e-36 -9.19082e-38 -1.47162e-36  2.86776e-38  5.65205e-37 -4.93672e-38 -7.90736e-37  1.50235e-38  2.34749e-37  8.62377e-40 -1.96553e-37  1.09619e-38  7.22451e-37   6.7539e-39 -2.14886e-36 -1.31479e-38   6.9108e-36  3.22252e-38 -2.06478e-35 -8.59756e-38  5.73561e-35  2.09432e-37 -1.47991e-34 -4.79248e-37  3.53777e-34  1.02598e-36 -7.80418e-34 -2.05169e-36  1.58115e-33    3.823e-36 -2.92566e-33 -6.61905e-36  4.91082e-33  1.06144e-35 -7.41694e-33 -1.57074e-35  9.97896e-33  2.13584e-35 -1.18109e-32 -2.65538e-35     1.21e-32  3.00082e-35 -1.04988e-32 -3.06124e-35  7.47862e-33  2.79562e-35 -4.16228e-33 -2.26232e-35  1.64484e-33  1.60177e-35 -3.45447e-34 -9.76178e-36 -4.04248e-35    5.011e-36  5.01304e-35 -2.10215e-36 -1.17331e-35  6.88958e-37  8.60949e-38  -1.6379e-37  2.73824e-37  2.44161e-38 -1.59116e-38 -1.47289e-39
-3.29545e-38 -1.05179e-35  5.61383e-36  9.60867e-35 -1.56044e-36  1.93673e-34   1.1718e-36 -3.06854e-34 -1.43591e-35 -6.77916e-34  2.89381e-35  9.98527e-34 -4.55622e-35  5.03552e-34 -1.06492e-35 -1.47777e-33 -1.46496e-35 -1.75144e-33  5.79206e-35  5.82513e-33  7.57438e-35 -1.53929e-33 -1.30298e-36  -6.8411e-34 -1.21146e-35 -1.10658e-33 -1.22261e-35 -2.68998e-34  -8.6129e-35  8.80915e-34  1.39947e-36 -3.32907e-34  9.43077e-35  8.91637e-34 -5.78873e-36 -4.96711e-34  1.46002e-35 -3.29467e-35 -3.73405e-35 -6.85899e-35  4.83048e-36 -1.72313e-34   3.0995e-36   3.0894e-34  6.89197e-36 -9.49041e-35 -6.46451e-36  2.04284e-34  -7.1046e-36 -1.01375e-34  1.69059e-36  2.10291e-35 -1.87643e-36  -2.1549e-35 -3.31357e-36   4.4039e-36 -1.17581e-36  1.08094e-35 -4.42326e-37 -3.36247e-36  3.11418e-37  4.08592e-36 -2.95308e-37 -1.89642e-36 -9.26743e-38 -2.36493e-36  5.54748e-38  1.03857e-36 -6.13299e-38 -1.19172e-36  2.62337e-38  6.75003e-37 -2.74846e-39 -1.71749e-36  6.05617e-39  5.98239e-36   2.2735e-38  -1.9358e-35 -5.43864e-38  5.96909e-35   1.4082e-37 -1.71696e-34 -3.55694e-37   4.5963e-34  8.37218e-37  -1.1418e-33 -1.84676e-36  2.62264e-33   3.8079e-36 -5.54564e-33 -7.32377e-36  1.07394e-32  1.31047e-35 -1.89292e-32 -2.17503e-35  3.01425e-32  3.33703e-35 -4.29707e-32 -4.71405e-35  5.42264e-32  6.10342e-35 -5.97119e-32 -7.20388e-35     5.63e-32  7.70241e-35 -4.42751e-32 -7.40421e-35  2.79148e-32  6.34105e-35 -1.31693e-32 -4.78405e-35  3.95204e-33  3.13492e-35 -2.73694e-34 -1.75165e-35 -3.34204e-34  8.13925e-36  1.36939e-34 -3.03394e-36 -1.40716e-35  8.57622e-37 -2.45326e-36 -1.66328e-37  4.33897e-37   1.7584e-38 -1.95647e-39
 -8.7693e-37 -6.48363e-38 -1.58108e-35  7.43635e-36  9.97133e-35 -1.12462e-37  3.18575e-34 -1.59276e-36  -3.4183e-34 -8.68706e-36 -6.88111e-34     2.98e-35  8.03563e-34 -3.45789e-35  3.66146e-34 -1.17736e-35 -1.12996e-33 -1.47144e-35 -1.68954e-33  7.57438e-35  5.84066e-33   8.6418e-35 -1.32208e-33   1.4651e-35 -7.45821e-34  -1.7933e-35 -1.38902e-33 -2.87931e-35 -3.34273e-34 -1.00299e-34  1.09479e-33 -1.54706e-35 -4.93032e-34  1.14852e-34  1.01034e-33 -4.16908e-36 -4.79134e-34  8.90967e-36  5.73621e-35 -4.51199e-35 -4.26047e-35  5.83598e-36 -2.07757e-34  2.00705e-36  2.81216e-34  9.08334e-36 -1.03061e-34 -8.42047e-36  2.10017e-34 -5.93985e-36 -1.14602e-34  2.41718e-36   4.1639e-35 -1.93303e-36 -1.99428e-35 -3.69626e-36  6.35665e-36 -1.29433e-36    1.073e-35 -5.32476e-37 -3.01419e-36  3.07583e-37  3.42896e-36 -3.48286e-37 -1.71003e-36 -7.99247e-38 -3.29925e-36  8.31992e-38   1.8238e-36 -7.35502e-38 -2.51767e-36  3.66865e-38  4.46415e-36 -2.68529e-39 -1.52916e-35  -1.6557e-38  5.18822e-35  8.61897e-38 -1.64865e-34 -2.22925e-37   4.9079e-34  5.69961e-37 -1.36196e-33 -1.38214e-36  3.51296e-33  3.13656e-36 -8.39353e-33 -6.66043e-36  1.85021e-32  1.32043e-35 -3.74479e-32 -2.43807e-35   6.9197e-32  4.18106e-35 -1.15942e-31 -6.63805e-35  1.74701e-31  9.72087e-35  -2.3433e-31 -1.30745e-34  2.76233e-31  1.60708e-34 -2.81468e-31 -1.79478e-34  2.42404e-31  1.80866e-34 -1.70809e-31 -1.63112e-34  9.34368e-32  1.30331e-34  -3.5716e-32 -9.11255e-35  6.71365e-33  5.48762e-35  1.35956e-33 -2.78731e-35 -1.20945e-33  1.15982e-35  2.53408e-34  -3.7852e-36  4.81765e-36  9.01294e-37 -6.76457e-36 -1.35638e-37  3.19541e-37  8.34376e-39
 5.11203e-37 -7.08231e-36 -1.95769e-37 -1.97562e-35  8.88359e-36  8.35999e-35  8.57057e-37  4.21987e-34 -3.16861e-36 -3.13415e-34 -4.58767e-36 -6.33163e-34  2.73171e-35  5.52287e-34 -2.32895e-35  1.25768e-34 -1.01955e-35 -8.61058e-34 -1.09029e-35 -1.53929e-33   8.6418e-35  5.93654e-33  8.73918e-35  -1.0711e-33  3.56008e-35 -8.46812e-34 -2.48459e-35  -1.6517e-33 -5.08185e-35 -4.16047e-34 -1.07035e-34  1.29007e-33 -3.57027e-35 -6.69237e-34  1.28968e-34  1.15996e-33 -1.38142e-36 -4.75498e-34  1.59611e-36  1.86306e-34 -5.27562e-35 -1.28993e-35  7.88218e-36 -2.16801e-34 -6.12822e-39  2.34981e-34  1.17123e-35 -1.09821e-34  -1.0611e-35  2.02898e-34 -4.71448e-36 -1.25356e-34  3.05414e-36  6.15725e-35 -1.90571e-36 -1.70419e-35 -4.17856e-36  8.47889e-36 -1.29962e-36  1.11241e-35 -6.82682e-37  -2.5201e-36  3.16795e-37  2.47146e-36 -4.15485e-37 -1.36303e-36 -5.24018e-38 -4.61878e-36  1.10263e-37  4.71332e-36 -8.31901e-38 -1.18834e-35  3.95532e-38  3.79795e-35  1.85344e-38 -1.32422e-34 -1.07482e-37   4.3572e-34  3.34264e-37  -1.3415e-33  -8.6862e-37  3.85649e-33  2.15469e-36 -1.03201e-32 -5.02819e-36  2.56261e-32  1.09821e-35 -5.88244e-32 -2.24131e-35  1.24276e-31  4.26436e-35 -2.40379e-31   -7.544e-35  4.23024e-31  1.23717e-34 -6.72221e-31 -1.87424e-34  9.55719e-31   2.6124e-34 -1.20179e-30 -3.33458e-34  1.31712e-30  3.87668e-34 -1.23391e-30  -4.0786e-34  9.61575e-31  3.85382e-34  -5.9794e-31 -3.24067e-34  2.75398e-31  2.39837e-34 -7.80274e-32 -1.54071e-34  2.37082e-33  8.43995e-35  8.10534e-33 -3.84963e-35 -2.95268e-33  1.41305e-35  2.41551e-34  -3.9565e-36  6.41441e-35  7.67168e-37 -9.27126e-36 -8.21486e-38  -1.7673e-38
 2.20186e-36  1.08288e-36 -1.95391e-35 -6.25478e-37 -2.09661e-35  1.01613e-35  4.28447e-35  6.41102e-37  4.93725e-34 -3.51221e-36 -2.36221e-34 -2.01256e-36 -5.14039e-34  2.09468e-35  3.03137e-34 -1.27509e-35 -1.73322e-34 -8.51265e-36 -7.12026e-34 -1.30298e-36 -1.32208e-33  8.73918e-35   6.1314e-33  7.79284e-35 -8.26743e-34  5.82768e-35 -9.33208e-34 -3.08824e-35 -1.88707e-33 -7.54474e-35 -5.18881e-34 -1.05899e-34  1.45094e-33 -5.58831e-35 -8.51451e-34  1.33831e-34  1.33148e-33  2.93968e-36 -4.84317e-34 -6.00467e-36  3.49703e-34 -6.05126e-35  1.36704e-35  1.09102e-35 -1.94873e-34 -2.71055e-36  1.72863e-34  1.44591e-35 -1.12207e-34 -1.29063e-35  1.82258e-34 -3.68884e-36 -1.30786e-34   3.4649e-36  7.81453e-35 -1.77669e-36 -1.30918e-35 -4.76886e-36   1.0667e-35 -1.16188e-36   1.2123e-35  -9.0895e-37 -1.99238e-36  3.47529e-37  1.13643e-36 -4.94665e-37  3.21068e-38 -1.12149e-38 -1.02774e-35  1.34089e-37  2.60197e-35 -8.17467e-38 -9.16019e-35  1.09346e-38  3.24452e-34  1.28129e-37 -1.10247e-33 -4.53002e-37  3.51109e-33  1.25305e-36 -1.04497e-32 -3.17976e-36  2.89911e-32  7.61017e-36 -7.47518e-32 -1.70803e-35   1.7851e-31   3.5844e-35 -3.93196e-31 -7.01852e-35  7.94989e-31  1.27906e-34 -1.46696e-30 -2.16321e-34  2.45344e-30  3.38392e-34   -3.688e-30 -4.87729e-34   4.9313e-30  6.44801e-34 -5.78909e-30 -7.77832e-34  5.86604e-30  8.50923e-34 -5.01302e-30 -8.38085e-34  3.49259e-30  7.36769e-34 -1.87583e-30 -5.72166e-34  6.91264e-31  3.87602e-34  -1.1292e-31 -2.25494e-34 -3.65107e-32  1.10427e-34   2.5831e-32 -4.43078e-35 -4.80789e-33  1.40001e-35 -2.44771e-34 -3.26007e-36  1.47571e-34  4.88369e-37 -5.48084e-36 -3.06645e-38
 3.47784e-38  4.85117e-36  1.63715e-36 -3.67268e-35 -1.50373e-36  -1.6071e-35  1.13956e-35 -2.61058e-35 -9.14024e-37  5.36559e-34 -2.93853e-36 -1.38738e-34  1.15754e-37 -3.48924e-34  1.03791e-35  9.77806e-35 -4.53151e-36  -4.9241e-34  -8.8412e-36  -6.8411e-34   1.4651e-35  -1.0711e-33  7.79284e-35   6.4313e-33  5.92908e-35 -6.30165e-34  7.82474e-35 -9.60314e-34 -3.41559e-35 -2.08349e-33 -9.93127e-35 -6.45405e-34 -9.84305e-35  1.56344e-33 -7.24095e-35 -1.03004e-33  1.28117e-34  1.50874e-33  8.78735e-36 -5.00996e-34 -1.22437e-35  5.40248e-34 -6.86879e-35  2.77315e-35  1.48036e-35 -1.41179e-34 -5.64553e-36  1.00551e-34  1.69463e-35 -1.08226e-34 -1.51648e-35  1.48265e-34 -3.07989e-36 -1.27808e-34  3.53068e-36  8.93227e-35 -1.53157e-36 -8.62203e-36 -5.44873e-36  1.27325e-35 -8.65555e-37  1.36851e-35 -1.21562e-36 -1.21126e-36  4.09307e-37 -2.34194e-36 -5.82375e-37  1.10302e-35  4.17951e-38  -5.6188e-35  1.46443e-37  2.07155e-34 -4.01198e-38 -7.64374e-34 -1.34454e-37  2.67612e-33  5.65728e-37  -8.8093e-33 -1.69147e-36  2.71305e-32  4.43953e-36 -7.79826e-32 -1.08918e-35  2.08628e-31  2.50888e-35 -5.17821e-31  -5.4095e-35  1.18788e-30  1.08911e-34 -2.50731e-30 -2.04262e-34   4.8438e-30  3.55865e-34 -8.51043e-30 -5.74063e-34  1.34952e-29  8.54216e-34 -1.91335e-29 -1.16731e-33  2.39722e-29  1.45732e-33 -2.61456e-29 -1.65198e-33  2.43318e-29  1.68793e-33 -1.87829e-29 -1.54106e-33  1.15112e-29  1.24405e-33  -5.1663e-30 -8.76809e-34  1.36967e-30  5.31265e-34  2.25961e-32 -2.71533e-34 -1.73507e-31  1.14332e-34   5.6627e-32 -3.84624e-35 -3.35787e-33  9.89409e-36 -1.45898e-33 -1.79998e-36  1.75156e-34  1.89455e-37  1.57952e-36
