 3.75354e-13 -2.01944e-28 -8.87013e-12  8.39835e-27  7.81709e-11 -9.63267e-26 -3.93262e-10  5.70601e-25  1.28613e-09 -2.04967e-24 -2.87997e-09  4.59334e-24  4.45942e-09 -5.56637e-24 -4.61537e-09 -7.50642e-25  2.79395e-09  1.73449e-23  -4.0978e-10 -3.63204e-23 -6.51836e-10  4.19789e-23  3.10832e-10 -2.78398e-23  1.34657e-10  6.71284e-24 -9.26918e-11  2.94567e-24 -3.93271e-11  2.04938e-24  1.93134e-11 -8.33367e-24  1.32012e-11  3.28621e-24 -1.49869e-12  1.16313e-23 -3.44018e-12 -2.43103e-23 -7.79628e-13  2.54723e-23  4.43244e-13 -1.69602e-23  3.26518e-13  7.18283e-24  4.89723e-14 -1.52897e-24 -3.82028e-14 -4.98883e-25  -2.5404e-14  1.23038e-24 -5.38711e-15  -1.5624e-24  1.39682e-15   1.4144e-24  1.44203e-15 -9.35471e-25  4.97124e-16  4.75655e-25  5.33154e-17 -1.88047e-25 -3.40383e-17  4.87482e-26 -2.21211e-17 -2.06724e-27 -6.86712e-18 -2.99871e-27 -1.05354e-18   5.3152e-28  1.31986e-19  1.25843e-28  1.45676e-19 -1.22261e-28  5.35977e-20  7.98993e-29  1.26728e-20 -2.81516e-30  1.83159e-21 -1.70473e-29  6.30485e-25  4.17691e-30 -9.52818e-23  1.62796e-30 -3.52112e-23 -1.22008e-30 -8.42393e-24  2.39975e-31 -1.51261e-24  7.54653e-32 -2.02416e-25 -4.38026e-32 -1.65974e-26 -1.41252e-34  5.27179e-28  3.14368e-33   5.2168e-28  6.25228e-35  1.21424e-28 -1.32708e-34  1.96946e-29 -1.81192e-35  2.53132e-30  3.56468e-36  2.67041e-31  1.40793e-36   2.3198e-32  -1.3074e-37  1.62477e-33 -1.02291e-37  8.62064e-35 -1.45082e-39  2.79212e-36  4.12991e-39 -2.88676e-38  2.96473e-40 -1.14665e-38 -6.04143e-41 -8.75873e-40 -4.73695e-42 -4.05475e-41  4.52266e-43 -1.20629e-42  3.11083e-44 -2.47734e-44 -1.15642e-45 -2.93121e-46 -3.98814e-47
-2.01944e-28   1.2956e-11 -5.19578e-27 -1.73094e-10  1.49599e-25  1.15257e-09 -1.36637e-24 -4.75507e-09   6.7948e-24  1.32095e-08 -2.09269e-23 -2.54798e-08  3.99479e-23  3.38953e-08 -3.71564e-23 -2.92678e-08 -2.76001e-23  1.29771e-08  1.55183e-22  1.52164e-09 -2.66483e-22 -4.50563e-09  2.60788e-22  6.65418e-10 -1.35475e-22  1.19767e-09  5.20317e-24 -2.09705e-10  2.57166e-23 -3.31878e-10  2.56908e-23  8.57752e-12 -6.09077e-23  8.36812e-11  1.85202e-23  1.89478e-11  7.09628e-23 -1.34555e-11 -1.32259e-22   -8.626e-12  1.25858e-22 -3.56286e-13 -7.58464e-23  1.57463e-12  2.86797e-23  7.23231e-13 -5.34864e-24  3.16025e-14 -1.71588e-24 -1.09032e-13  4.40404e-24 -5.54296e-14 -5.97087e-24 -9.47731e-15  5.48679e-24  3.42696e-15  -3.5495e-24  2.91583e-15  1.73008e-24   9.6718e-16 -6.48175e-25   1.1951e-16  1.50172e-25  -4.9271e-17  4.06928e-27 -3.53057e-17 -1.26592e-26 -1.16851e-17  1.64246e-27 -2.23121e-18  4.24395e-28 -5.43147e-20 -4.59018e-28  1.40623e-19  3.34385e-28  6.28577e-20 -4.49469e-30  1.70179e-20 -7.00492e-29  3.20562e-21  1.75191e-29  3.59416e-22  4.63029e-30 -1.43828e-23 -4.25074e-30 -1.95769e-23  9.43051e-31 -5.96642e-24  2.67928e-31 -1.24913e-24 -1.55931e-31 -2.02966e-25 -6.09524e-33 -2.59443e-26  1.14739e-32 -2.44604e-27  9.29368e-34 -1.17593e-28 -4.56085e-34  1.21365e-29 -1.00868e-34  4.13807e-30  1.03831e-35  6.61199e-31  6.05837e-36  7.74613e-32 -3.43792e-37  7.24521e-33 -3.64568e-37  5.54363e-34 -5.06404e-39  3.47897e-35   1.2665e-38  1.76443e-36  7.72858e-40  7.00911e-38  -1.6452e-40  2.08352e-39 -1.07619e-41  4.47083e-41  1.05102e-42  5.43255e-43  5.59325e-44  3.74437e-46 -1.66379e-45 -9.19376e-47
-8.87013e-12 -5.19578e-27  2.19292e-10 -7.57915e-26 -2.02799e-09  1.65486e-24   1.0747e-08 -1.24533e-23 -3.72087e-08  5.28845e-23  8.88293e-08 -1.40812e-22 -1.48265e-07  2.28378e-22  1.68844e-07 -1.49554e-22 -1.18765e-07 -2.63677e-22  3.20808e-08  8.99579e-22  2.04002e-08  -1.2949e-21 -1.66669e-08  1.06475e-21 -2.58455e-09 -3.95705e-22  4.97391e-09 -1.10992e-22  7.44319e-10  1.08348e-22 -1.25718e-09  1.75581e-22  -3.8787e-10 -2.91356e-22  2.26338e-10  6.51632e-23  1.52033e-10  2.96603e-22 -4.41402e-12  -4.9027e-22 -3.45381e-11  4.21586e-22 -1.20843e-11 -2.28767e-22  1.96176e-12  7.70652e-23  3.10241e-12 -1.32017e-23  1.02005e-12 -2.83393e-24   -5.916e-14  9.93707e-24 -1.90273e-13 -1.53579e-23  -8.1258e-14  1.45903e-23 -1.20059e-14 -9.26683e-24  4.99377e-15  4.32556e-24  3.88968e-15  -1.5378e-24  1.28482e-15  3.14215e-25  1.91485e-16  3.61437e-26 -3.83975e-17 -3.44905e-26 -3.53564e-17  3.32264e-27 -1.27128e-17  6.61628e-28 -2.85065e-18  -1.2078e-27 -3.16105e-19  1.01198e-27  5.41486e-20  -4.4644e-30  4.05887e-20 -1.92135e-28  1.28767e-20  4.92869e-29  2.84656e-21  7.60227e-30  4.59025e-22 -1.04482e-29  4.62391e-23  2.68141e-30  -8.2704e-25   6.9036e-31 -1.66628e-24 -3.98706e-31 -4.62074e-25 -3.04967e-32 -8.72063e-26  2.92689e-32 -1.29149e-26  4.06713e-33 -1.55307e-27 -1.06283e-33 -1.50546e-28 -3.27986e-34 -1.11143e-29   2.1355e-35 -4.94131e-31   1.7211e-35  1.16902e-32 -7.08799e-37  5.13551e-33 -8.89415e-37  6.20718e-34 -9.86711e-39  5.09216e-35   2.6442e-38  3.15761e-36   1.3293e-39  1.49955e-37 -3.01054e-40  5.41069e-39 -1.50773e-41  1.45953e-40  1.65318e-42  2.68465e-42  6.07697e-44   2.6091e-44 -1.26124e-45
 8.39835e-27 -1.73094e-10 -7.57915e-26  2.42639e-09 -7.67785e-25  -1.7009e-08  1.33994e-23  7.41956e-08 -8.50931e-23 -2.19196e-07  3.12573e-22  4.53465e-07 -7.23639e-22 -6.56111e-07  9.89916e-22  6.34364e-07  -3.6687e-22 -3.47725e-07 -1.58006e-21  2.14124e-08  3.94881e-21  9.85852e-08 -4.82034e-21 -3.55077e-08  3.27286e-21 -2.31344e-08 -6.75421e-22  1.14509e-08 -7.36194e-22   6.7565e-09  2.68966e-22  -2.2987e-09   8.3239e-22 -2.13517e-09  -1.0644e-21  6.98212e-11  1.60345e-22  5.23963e-10  9.78269e-22  1.52653e-10 -1.42804e-21 -5.88953e-11  1.10254e-21 -5.42272e-11 -5.35428e-22 -1.07092e-11  1.60808e-22  5.49905e-12 -2.74562e-23  4.35633e-12  5.82205e-25  1.08759e-12  1.50241e-23 -1.75697e-13 -3.04639e-23 -2.45384e-13  3.07506e-23 -9.36057e-14 -1.92393e-23 -1.31558e-14  8.58214e-24  5.07151e-15 -2.90663e-24    3.923e-15  5.15336e-25  1.32535e-15  1.18698e-25  2.36656e-16 -7.07821e-26 -1.07186e-17  5.24165e-27 -2.44278e-17 -4.39533e-28  -9.8933e-18 -2.60966e-27 -2.51973e-18  2.51251e-27 -4.14953e-19 -5.33278e-31 -2.09922e-20 -4.03789e-28  1.34322e-20  1.08661e-28  5.92301e-21  4.23278e-30  1.52471e-21 -2.11622e-29  2.91265e-22  6.34307e-30   4.2522e-23  1.51494e-30  4.35144e-24  -8.4158e-31  1.53736e-25 -9.68453e-32 -5.52217e-26  6.00559e-32 -1.66324e-26  1.16115e-32 -2.93236e-27 -1.96062e-33 -3.94178e-28 -7.82128e-34 -4.30081e-29  3.99128e-35 -3.87261e-30  3.78612e-35 -2.86339e-31 -1.43572e-36 -1.69496e-32 -1.71702e-36 -7.52068e-34 -1.15048e-38 -2.01229e-35  4.32264e-38  1.28676e-37  1.67595e-39  4.48132e-38  -4.2442e-40  2.47257e-39 -1.38845e-41  8.05628e-41  1.98257e-42  1.54219e-42   4.3897e-44  1.12703e-44
 7.81709e-11  1.49599e-25 -2.02799e-09 -7.67785e-25  1.97408e-08 -5.91795e-24 -1.10531e-07  8.54433e-23  4.06328e-07 -4.66078e-22 -1.03699e-06  1.49557e-21  1.86954e-06 -3.02107e-21 -2.34236e-06  3.43837e-21  1.89375e-06 -1.92609e-22 -7.37355e-07 -7.08727e-21 -1.84057e-07   1.4026e-20  3.03655e-07  -1.4586e-20 -2.01759e-08  7.90919e-21 -8.69754e-08  1.55002e-23  8.18555e-09 -2.84981e-21  2.44719e-08  2.81739e-22  1.04632e-09  3.04707e-21 -6.06074e-09 -3.17621e-21 -1.76193e-09  2.60622e-22  9.10133e-10  2.69943e-21  7.01113e-10  -3.4628e-21  6.13609e-11   2.3794e-21 -1.19667e-10 -1.02682e-21 -6.21174e-11  2.76726e-22 -5.05998e-12 -5.19703e-23  8.59828e-12  1.84981e-23  4.84433e-12   1.1017e-23  9.57677e-13 -4.87707e-23 -2.50419e-13  5.46086e-23 -2.52862e-13 -3.37094e-23 -9.03086e-14  1.43225e-23 -1.32951e-14 -4.66119e-24  3.69387e-15  7.00752e-25   3.1224e-15  2.71318e-25   1.1028e-15 -1.14717e-25  2.29592e-16   7.5589e-27  1.35396e-17 -6.07284e-27 -1.10691e-17 -5.01483e-27 -5.58612e-18  5.32678e-27 -1.60467e-18  2.95401e-29 -3.22761e-19 -6.73546e-28 -4.21114e-20  2.01645e-28 -8.20939e-22 -1.97235e-29  1.39839e-21 -3.81025e-29  4.89129e-22  1.31359e-29  1.08601e-22  3.02763e-30  1.84767e-23 -1.54378e-30  2.49919e-24 -2.38034e-31  2.62078e-25  1.04835e-31  1.84636e-26  2.55304e-32  1.34451e-28 -3.10626e-33 -2.08237e-28 -1.49759e-33 -4.03774e-29   7.8138e-35 -5.02958e-30  6.90849e-35  -4.8155e-31  -2.9162e-36 -3.70932e-32 -2.77882e-36 -2.31989e-33 -4.14996e-39 -1.16733e-34   5.8103e-38 -4.62967e-36   1.4991e-39 -1.39663e-37 -4.83847e-40 -3.01438e-39 -6.76237e-42 -3.75629e-41  1.85143e-42 -8.50087e-44  1.97337e-44
-9.63267e-26  1.15257e-09  1.65486e-24  -1.7009e-08 -5.91795e-24   1.2595e-07 -3.65919e-23  -5.8283e-07  4.47841e-22  1.83693e-06 -2.12704e-21 -4.08697e-06    6.008e-21  6.44241e-06  -1.0605e-20 -6.95837e-06  9.80907e-21  4.57899e-06  3.18541e-21 -9.77276e-07 -2.56466e-20 -9.77514e-07  4.18368e-20  6.47034e-07 -3.70147e-20  1.62059e-07    1.501e-20 -2.07195e-07  4.76483e-21 -4.63385e-08 -8.25669e-21  5.34595e-08 -8.64806e-22  2.04544e-08  9.14486e-21 -9.34743e-09 -8.04961e-21 -7.48793e-09  1.21024e-22 -1.04748e-10  6.43993e-21  1.64817e-09  -7.2088e-21  6.44747e-10  4.35429e-21 -7.58952e-11 -1.65753e-21 -1.57538e-10  4.07677e-22 -5.61911e-11 -9.01813e-23  1.56259e-12  6.50572e-23  9.95518e-12 -1.78909e-23  4.52579e-12 -6.34988e-23  7.47482e-13  8.47023e-23 -2.50322e-13 -5.14567e-23 -2.16272e-13  2.07468e-23 -7.50974e-14 -6.59162e-24 -1.23343e-14  8.04701e-25  1.76564e-15  4.93929e-25  1.97099e-15 -1.44265e-25  7.45228e-16  1.25491e-26  1.75908e-16 -2.17428e-26  2.24519e-17 -9.06861e-27 -2.09176e-18  9.77541e-27 -2.17296e-18  1.66896e-28 -7.33123e-19  -8.6263e-28 -1.69152e-19  3.31591e-28 -2.88379e-20 -8.82704e-29 -3.33034e-21 -6.41738e-29 -9.76899e-23  2.43572e-29  6.94494e-23  5.65926e-30  2.24782e-23 -2.51995e-30  4.47541e-24 -4.86327e-31  6.84784e-25  1.60752e-31  8.49218e-26  4.62583e-32  8.59743e-27 -4.53646e-33  6.92423e-28 -2.41362e-33  4.04377e-29  1.58768e-34  1.06272e-30  1.08672e-34 -1.01184e-31 -5.50923e-36  -1.7999e-32 -3.87758e-36 -1.59452e-33  1.46702e-38 -9.91323e-35  6.51269e-38 -4.57297e-36  6.69692e-40 -1.55587e-37 -4.54362e-40 -3.64789e-39   2.2984e-42 -4.91391e-41   1.3035e-42 -1.91995e-43
-3.93262e-10 -1.36637e-24   1.0747e-08  1.33994e-23 -1.10531e-07 -3.65919e-23  6.56336e-07 -1.87919e-22  -2.5711e-06   1.9853e-21  7.03816e-06 -8.29843e-21 -1.37431e-05  2.07551e-20  1.89605e-05 -3.19971e-20 -1.74953e-05  2.30985e-20  8.91191e-06  1.95053e-20  7.96858e-08 -7.80092e-20  -2.9337e-06  1.07301e-19  8.63388e-07 -8.01706e-20  7.49621e-07  2.08939e-20 -3.06105e-07   2.0333e-20 -2.23027e-07 -1.94687e-20  6.15688e-08 -5.83504e-21  6.99666e-08  2.33785e-20  2.39241e-10 -1.77783e-20 -1.71102e-08 -9.45985e-22 -5.54381e-09  1.35694e-20  1.86008e-09  -1.3118e-20  1.90668e-09  6.84324e-21  4.10221e-10 -2.28644e-21 -1.89493e-10  5.30549e-22   -1.606e-10 -1.35505e-22 -4.21066e-11  1.52565e-22  6.05649e-12 -9.29484e-23  9.35152e-12 -6.51624e-23  3.68737e-12  1.17712e-22  5.50976e-13 -6.96839e-23 -1.90698e-13  2.66216e-23 -1.56082e-13 -8.46141e-24 -5.43004e-14  7.50834e-25 -1.01645e-14  7.53641e-25  2.42545e-16 -1.19139e-25  9.59379e-16  2.67455e-26  4.04361e-16 -5.42397e-26  1.06235e-16 -1.60349e-26  1.84263e-17  1.55161e-26  1.28559e-18  5.86149e-28 -4.54641e-19 -6.74001e-28 -2.26229e-19  5.08185e-28 -6.05829e-20 -2.33035e-28 -1.19288e-20 -1.04421e-28 -1.81311e-21  4.08824e-29 -2.02725e-22  9.92357e-30 -1.20495e-23 -3.70524e-30   1.1677e-24 -8.53569e-31  5.04543e-25  2.21915e-31   9.5504e-26  7.14251e-32  1.31892e-26 -6.52401e-33  1.45779e-27 -3.36672e-33  1.32459e-28  3.07252e-34  9.91799e-30  1.50978e-34  6.03296e-31 -9.13743e-36  2.87724e-32 -4.72541e-36  9.91662e-34  3.96545e-38  1.88633e-35  6.01442e-38 -2.16574e-37 -6.14973e-40 -2.93331e-38 -3.52477e-40 -9.38533e-40   7.9683e-42 -1.12587e-41  6.08412e-43
 5.70601e-25 -4.75507e-09 -1.24533e-23  7.41956e-08  8.54433e-23  -5.8283e-07 -1.87919e-22  2.87297e-06 -8.21588e-22 -9.69823e-06  7.59868e-21  2.32884e-05 -2.81947e-20 -4.00955e-05  6.27247e-20  4.83425e-05 -8.42329e-20 -3.75046e-05  4.40237e-20  1.32788e-05  7.43697e-20  4.87303e-06 -2.04653e-19 -6.33156e-06  2.40491e-19  1.08846e-07 -1.49481e-19  1.93727e-06  1.42362e-20  -1.0546e-07  5.82028e-20 -5.63232e-07 -3.90299e-20 -4.11019e-08 -1.98276e-20  1.42549e-07  5.22888e-20   4.5433e-08 -3.48445e-20 -2.16964e-08 -4.37912e-21  -1.7894e-08   2.5632e-20  -1.7324e-09 -2.10765e-20  3.12434e-09  9.25229e-21   1.6703e-09 -2.72962e-21  1.40002e-10  6.27914e-22 -2.38649e-10 -1.52412e-22 -1.36448e-10  2.84141e-22 -2.71951e-11 -2.35478e-22  7.35202e-12 -4.62125e-23  7.44043e-12  1.49456e-22  2.68116e-12 -8.44561e-23    3.987e-13  3.08013e-23 -1.11371e-13 -1.00795e-23 -9.51531e-14  4.27587e-25 -3.39898e-14   9.7486e-25 -7.20666e-15  1.49631e-26 -4.75483e-16  6.28503e-26  3.27081e-16 -1.08547e-25   1.7077e-16  -2.8135e-26  4.99414e-17  2.09236e-26  1.02729e-17  1.53645e-27  1.41241e-18  3.61761e-28  5.60235e-20  7.64637e-28 -3.62814e-20 -4.84994e-28 -1.37987e-20 -1.65972e-28 -3.14884e-21    6.249e-29 -5.45762e-22  1.62039e-29 -7.54947e-23 -4.94276e-30 -8.25961e-24 -1.30771e-30 -6.57392e-25  2.82523e-31 -2.36896e-26  9.55447e-32  3.20934e-27 -9.59544e-33  8.16539e-28 -4.13615e-33  1.07305e-28  5.34676e-34  1.03566e-29  1.88315e-34  7.88122e-31 -1.29766e-35  4.80633e-32 -5.04099e-36  2.33398e-33  5.81512e-38  8.82277e-35  4.33687e-38  2.47707e-36 -1.88438e-39  4.69676e-38 -2.24059e-40  5.10604e-40  7.92724e-42  2.68081e-42
 1.28613e-09   6.7948e-24 -3.72087e-08 -8.50931e-23  4.06328e-07  4.47841e-22  -2.5711e-06 -8.21588e-22  1.07826e-05 -3.11517e-21 -3.17965e-05  2.55082e-20  6.74945e-05 -8.46107e-20 -0.000102744     1.68e-19  0.000107769 -1.95525e-19 -6.83711e-05  6.26301e-20  1.21469e-05  2.22219e-19  1.67998e-05 -4.71314e-19 -1.00788e-05  4.76505e-19 -3.11755e-06 -2.40006e-19  3.46556e-06 -2.70711e-20  8.96537e-07  1.33959e-19 -9.36563e-07 -6.85699e-20 -3.85357e-07 -5.08504e-20  1.70699e-07  1.04387e-19  1.43298e-07 -6.13924e-20  2.01221e-09 -1.26429e-20 -3.28954e-08  4.38667e-20 -1.29276e-08 -2.99965e-20  1.71817e-09  1.06451e-20   3.3457e-09 -2.89498e-21   1.1789e-09  6.84828e-22 -5.35241e-11 -5.72253e-23 -2.25377e-10  4.52622e-22 -1.00858e-10 -4.58332e-22 -1.58626e-11  -7.2188e-24  6.22779e-12   1.7563e-22  5.12326e-12 -9.16752e-23  1.75881e-12   3.2928e-23  2.81617e-13  -1.1257e-23 -4.62842e-14 -3.46612e-25 -4.83409e-14  1.03238e-24  -1.8164e-14  3.10701e-25 -4.29138e-15  1.40423e-25 -5.53258e-16 -1.83003e-25  4.81559e-17 -4.86506e-26   5.2148e-17  2.26053e-26  1.77241e-17  3.22548e-27   4.1205e-18  2.82931e-27  7.12797e-19  1.17446e-27   8.5886e-20 -8.60376e-28  3.84716e-21 -2.55837e-28 -1.33414e-21   8.7341e-29 -4.75248e-22  2.44209e-29 -9.67022e-23  -6.0103e-30 -1.49175e-23 -1.75865e-30 -1.86056e-24  3.40426e-31 -1.90296e-25  1.11201e-31  -1.5739e-26 -1.42997e-32 -9.96927e-28 -4.52472e-33 -3.98408e-29  8.21377e-34  2.46729e-31  2.13522e-34  2.04272e-31 -1.55528e-35   2.0072e-32 -4.67179e-36  1.23992e-33  5.68776e-38  5.40493e-35  1.99583e-38  1.64566e-36 -2.64107e-39   3.1826e-38 -1.14539e-40  3.15119e-40  4.21272e-42
-2.04967e-24  1.32095e-08  5.28845e-23 -2.19196e-07 -4.66078e-22  1.83693e-06   1.9853e-21 -9.69823e-06 -3.11517e-21  3.52462e-05  -1.0393e-20 -9.17786e-05  7.60413e-20  0.000173229 -2.26802e-19 -0.000233367  4.02894e-19   0.00021112 -4.03097e-19 -0.000104058  4.29225e-20 -5.36875e-06  5.58757e-19  3.81664e-05 -9.65103e-19 -1.04101e-05  8.41733e-19 -1.03356e-05 -3.28225e-19  4.07142e-06 -1.34954e-19  3.17268e-06  2.64479e-19 -8.81218e-07 -1.08468e-19 -1.03093e-06 -1.08816e-19  5.20575e-09  1.88957e-19  2.66233e-07 -9.80838e-20  8.39351e-08 -2.93025e-20 -3.23127e-08  6.84984e-20 -3.13258e-08 -3.76326e-20 -6.23258e-09  1.00886e-20  3.54305e-09 -2.94177e-21  2.80392e-09   6.5348e-22  6.90564e-10  2.80429e-22 -1.37754e-10  6.51523e-22 -1.76261e-10 -7.55255e-22 -6.67975e-11  3.89949e-23 -8.89231e-12  1.91245e-22  4.13006e-12 -8.85318e-23  3.07727e-12  3.40034e-23  1.04035e-12 -1.16118e-23  1.86642e-13 -1.81836e-24 -8.79886e-15  7.50263e-25 -1.97736e-14  7.91316e-25  -8.0997e-15  2.84456e-25 -2.10272e-15 -2.64352e-25  -3.6166e-16 -8.15204e-26 -2.48746e-17  1.53915e-26  8.93483e-18  5.61174e-27  4.40881e-18  7.28324e-27  1.17629e-18  1.85275e-27  2.31434e-19 -1.34499e-27  3.53589e-20 -3.76496e-28  4.04506e-21  1.11974e-28  2.72451e-22  3.37333e-29 -1.29446e-23 -6.68072e-30 -7.85755e-24 -2.06705e-30 -1.53696e-24  3.98192e-31  -2.1265e-25  1.11496e-31 -2.33092e-26 -2.08031e-32 -2.09093e-27 -4.43721e-33 -1.54361e-28  1.11397e-33 -9.28427e-30  2.22734e-34  -4.4339e-31 -1.53306e-35  -1.5962e-32  -3.6791e-36 -3.83942e-34  3.11082e-38 -3.74093e-36 -2.20458e-39  9.16088e-38 -2.64265e-39  3.20994e-39 -4.54328e-41  2.55654e-41
-2.87997e-09 -2.09269e-23  8.88293e-08  3.12573e-22 -1.03699e-06 -2.12704e-21  7.03816e-06  7.59868e-21 -3.17965e-05  -1.0393e-20  0.000101597 -3.08677e-20  -0.00023564  2.03356e-19  0.000397194 -5.48056e-19 -0.000473015  8.72367e-19  0.000363654 -7.41309e-19 -0.000124838 -9.67853e-20 -5.38949e-05  1.22287e-18  6.62158e-05 -1.77417e-18 -5.19053e-07  1.33386e-18 -2.14446e-05 -3.69717e-19  1.27674e-06 -3.43347e-19  6.54933e-06  4.63932e-19  3.86805e-07 -1.59099e-19  -1.7658e-06 -2.03473e-19 -5.29187e-07  3.14131e-19  3.00586e-07 -1.42733e-19   2.3029e-07 -5.87015e-20   1.4862e-08  9.79444e-20 -4.52954e-08 -4.08368e-20 -2.24826e-08  7.22043e-21  -1.0358e-09 -3.35098e-21  3.75453e-09  3.90225e-22  1.98064e-09  9.93826e-22  3.41893e-10   8.9423e-22  -1.3955e-10    -1.09e-21 -1.19145e-10  6.93065e-23 -4.04435e-11  1.88764e-22 -5.09382e-12 -7.52952e-23  2.19263e-12  3.64752e-23  1.60724e-12 -1.03057e-23  5.49197e-13 -4.20585e-24  1.10951e-13 -8.59565e-26  5.21286e-15  1.41731e-24 -5.99218e-15  5.21618e-25 -2.90636e-15 -3.25141e-25 -8.28157e-16 -1.30315e-25 -1.67395e-16 -6.95072e-27 -2.25963e-17  8.18254e-27 -8.27726e-19  1.40348e-26  5.91262e-19  2.92899e-27  2.19911e-19 -1.88447e-27  4.95634e-20 -5.20952e-28   8.5107e-21  1.31954e-28  1.17061e-21  4.24774e-29    1.284e-22 -6.78729e-30  1.05234e-23 -2.08095e-30  4.72448e-25  4.60132e-31 -2.80918e-26  9.27641e-32 -9.29404e-27 -2.85639e-32 -1.24682e-27 -3.92125e-33 -1.18452e-28  1.34155e-33 -8.72732e-30  2.17012e-34 -5.08827e-31 -1.15301e-35 -2.33043e-32 -2.33022e-36 -8.15113e-34 -1.06139e-38 -2.06477e-35 -1.64291e-38 -3.47873e-37 -2.02102e-39 -3.29215e-39 -1.26642e-41
 4.59334e-24 -2.54798e-08 -1.40812e-22  4.53465e-07  1.49557e-21 -4.08697e-06 -8.29843e-21  2.32884e-05  2.55082e-20 -9.17786e-05 -3.08677e-20  0.000260858 -8.24061e-20 -0.000542737  4.92023e-19  0.000819424 -1.20312e-18 -0.000859601  1.71732e-18  0.000547647 -1.21771e-18 -9.42869e-05 -4.98055e-19 -0.000145019  2.37573e-18  8.87836e-05 -2.94992e-18  2.73694e-05  1.90481e-18 -3.25878e-05 -3.09599e-19 -7.82853e-06 -6.74118e-19  9.46413e-06  7.41015e-19  3.58729e-06 -2.23705e-19 -1.94451e-06 -3.42094e-19 -1.46789e-06   4.8465e-19  5.32105e-08  -1.8907e-19  3.79533e-07 -1.05081e-19  1.32599e-07  1.28179e-19 -2.97076e-08 -3.63345e-20 -4.08806e-08  2.81399e-21 -1.27768e-08  -4.7966e-21  1.61314e-09 -3.97658e-22  3.03074e-09  2.12993e-21  1.22989e-09  1.22618e-21  1.46585e-10 -1.38873e-21 -1.03038e-10   6.0226e-23 -7.10775e-11  1.56424e-22 -2.26191e-11 -5.70083e-23 -3.02661e-12  4.36018e-23  9.04035e-13 -5.88851e-24  7.19535e-13 -7.51847e-24  2.54085e-13  -1.6979e-24  5.70608e-14  2.06167e-24  6.52097e-15  8.75032e-25 -9.83945e-16 -3.25621e-25 -7.83543e-16 -1.96745e-25 -2.53047e-16 -5.02663e-26 -5.72107e-17  9.84735e-27 -9.67656e-18   2.2934e-26 -1.13718e-18  4.49147e-27 -4.70844e-20 -2.38773e-27  1.81051e-20 -6.70292e-28  6.21315e-21  1.42928e-28  1.23709e-21  4.84774e-29  1.87246e-22 -6.26161e-30  2.29449e-23 -1.69041e-30  2.31068e-24  5.26738e-31  1.89261e-25  5.62573e-32  1.20868e-26 -3.63553e-32  5.27522e-28 -3.15481e-33  6.03513e-30  1.44444e-33 -1.38185e-30  2.01709e-34 -1.48357e-31 -4.70163e-36 -8.84873e-33 -9.91743e-37 -3.53865e-34 -5.06431e-38 -9.42079e-36 -2.03721e-38 -1.51773e-37 -1.16118e-39 -1.03245e-39
 4.45942e-09  3.99479e-23 -1.48265e-07 -7.23639e-22  1.86954e-06    6.008e-21 -1.37431e-05 -2.81947e-20  6.74945e-05  7.60413e-20  -0.00023564 -8.24061e-20  0.000601626  -1.9936e-19  -0.00112946  1.08483e-18   0.00152991 -2.41521e-18  -0.00140421  3.09173e-18  0.000708705 -1.78185e-18  3.48408e-05 -1.35556e-18  -0.00027583  4.15032e-18  8.29938e-05 -4.46218e-18  7.68877e-05  2.45985e-18 -3.50296e-05 -1.07662e-19 -2.45276e-05 -1.12199e-18  8.72132e-06  1.09974e-18  8.60405e-06 -3.11285e-19 -5.85498e-07 -5.28305e-19  -2.4905e-06  6.99775e-19 -6.45652e-07 -2.26062e-19  3.80887e-07 -1.71109e-19  3.01272e-07  1.52551e-19  4.28854e-08 -2.18879e-20 -4.40568e-08 -9.73173e-22 -2.89971e-08 -7.79411e-21 -5.73326e-09 -2.13857e-21  2.24345e-09  3.54433e-21  2.05502e-09  1.71197e-21  6.92181e-10 -1.54127e-21  5.81302e-11  3.32034e-24 -6.15679e-11  7.88659e-23 -3.77165e-11 -4.42724e-23 -1.16774e-11  5.81814e-23 -1.78036e-12   3.5826e-24  2.51947e-13 -1.13639e-23   2.6813e-13  -4.2695e-24  1.00458e-13  2.50938e-24  2.46795e-14  1.35917e-24  3.94661e-15 -2.20755e-25  1.81158e-16 -2.79107e-25 -1.30661e-16 -1.18107e-25 -5.59602e-17  9.06728e-27 -1.42288e-17  3.32374e-26 -2.71297e-18  6.52246e-27 -4.03558e-19 -2.74605e-27 -4.49241e-20 -7.96342e-28 -2.90787e-21  1.41622e-28  1.51428e-22  4.96777e-29  8.39772e-23 -5.13256e-30  1.58879e-23 -8.78356e-31  2.13203e-24  5.90317e-31   2.2644e-25  7.95904e-33  1.96404e-26 -4.26998e-32  1.39839e-27 -2.38613e-33  8.09304e-29  1.39969e-33  3.71634e-30  1.83581e-34  1.29395e-31  3.32872e-36  3.12566e-33  2.18315e-38  4.14977e-35 -7.27868e-38 -3.85981e-38 -1.64369e-38 -9.85408e-39 -4.44181e-40
-5.56637e-24  3.38953e-08  2.28378e-22 -6.56111e-07 -3.02107e-21  6.44241e-06  2.07551e-20 -4.00955e-05 -8.46107e-20  0.000173229  2.03356e-19 -0.000542737  -1.9936e-19   0.00125532 -4.40109e-19  -0.00213684  2.19321e-18   0.00259741 -4.45901e-18  -0.00206212   5.1161e-18  0.000752775 -2.30103e-18   0.00030272 -2.87574e-18 -0.000417565  6.57932e-18  2.05767e-05 -6.16807e-18  0.000140981  2.88196e-18 -1.68883e-05  2.28997e-19 -4.58278e-05 -1.64661e-18  4.23761e-07  1.54403e-18  1.36995e-05 -4.36763e-19  3.11951e-06 -7.63067e-19 -2.82423e-06  9.51641e-19 -1.75411e-06 -2.38234e-19  4.16028e-08 -2.56034e-19  4.27468e-07  1.62316e-19  1.76193e-07  2.48489e-21  -9.0126e-09 -9.12854e-22 -3.89642e-08 -1.22382e-20 -1.73447e-08 -5.27545e-21 -1.89078e-09   4.8363e-21   1.8486e-09  2.39144e-21   1.2216e-09  -1.4168e-21   3.6165e-10 -8.07437e-23  2.48439e-11 -5.87731e-23 -3.05971e-11 -5.22271e-23  -1.7757e-11  8.11165e-23 -5.50147e-12  2.01217e-23 -9.69945e-13 -1.48605e-23  1.22765e-14 -7.90815e-24   7.8394e-14  2.48901e-24  3.27773e-14  1.97598e-24   8.7372e-15  2.90121e-26  1.66487e-15 -3.71224e-25  2.03655e-16 -2.09893e-25   1.3665e-18  4.25793e-27 -7.28415e-18  4.36454e-26 -2.38911e-18  8.85725e-27 -5.10924e-19 -2.86263e-27 -8.45623e-20 -8.69731e-28  -1.1267e-20   1.2638e-28 -1.19862e-21  4.48695e-29 -9.52012e-23 -3.50033e-30 -4.12624e-24  2.56496e-31  2.40058e-25  6.35261e-31  7.59873e-26 -4.34712e-32  9.75766e-27 -4.65053e-32  8.82595e-28 -1.84706e-33  6.14432e-29  1.22921e-33  3.34919e-30  1.67153e-34  1.41266e-31  1.01873e-35  4.45395e-33  5.62733e-37  9.82829e-35 -7.14661e-38  1.31039e-36 -9.44807e-39  6.27316e-39
-4.61537e-09 -3.71564e-23  1.68844e-07  9.89916e-22 -2.34236e-06  -1.0605e-20  1.89605e-05  6.27247e-20 -0.000102744 -2.26802e-19  0.000397194  4.92023e-19  -0.00112946 -4.40109e-19   0.00238447 -8.91936e-19  -0.00369521   4.0877e-18   0.00402514  -7.6088e-18  -0.00271256  7.81553e-18  0.000563196 -2.56233e-18  0.000716194 -5.20074e-18 -0.000512264  9.52701e-18 -0.000119412 -7.81647e-18  0.000197791  3.07803e-18  3.15399e-05  6.21009e-19 -6.29028e-05 -2.17812e-18 -1.77854e-05  2.08339e-18  1.53788e-05  -6.1627e-19  9.00044e-06 -1.04746e-18 -1.45536e-06  1.22416e-18 -2.84998e-06 -2.07299e-19 -7.42804e-07 -3.53948e-19  3.56302e-07  1.48041e-19  3.22737e-07   3.3666e-20  7.61249e-08  6.39119e-21  -2.6469e-08 -1.70492e-20 -2.70834e-08 -1.00487e-20 -9.11052e-09  5.37939e-21  -3.1173e-10  3.22097e-21  1.19231e-09 -8.94868e-22  6.50738e-10 -1.37938e-22  1.78192e-10 -2.64429e-22  1.31999e-11 -9.73915e-23 -1.25554e-11  1.10525e-22 -7.32602e-12  4.52554e-23 -2.31825e-12 -1.67442e-23 -4.64561e-13 -1.26331e-23 -3.56486e-14  1.73047e-24  1.53356e-14  2.71198e-24  8.34223e-15  4.45934e-25  2.44663e-15 -4.62409e-25  5.20116e-16 -3.19776e-25  8.27026e-17 -5.63029e-27  8.76466e-18  5.25405e-26  1.38472e-19  1.11977e-26 -1.99987e-19 -2.68155e-27  -5.8368e-20 -8.70412e-28 -1.08895e-20   9.7264e-29 -1.57418e-21  3.42157e-29 -1.85303e-22 -1.50879e-30 -1.79526e-23   1.5186e-30  -1.4142e-24  6.43522e-31 -8.68383e-26 -8.96907e-32 -3.66483e-27 -4.75237e-32 -4.69556e-29 -1.67032e-33  7.67713e-30  9.86667e-34   7.8663e-31   1.5263e-34  4.28576e-32   1.3994e-35    1.515e-33   6.7326e-37  3.38156e-35 -5.30488e-38  3.85981e-37 -3.53504e-39
-7.50642e-25 -2.92678e-08 -1.49554e-22  6.34364e-07  3.43837e-21 -6.95837e-06 -3.19971e-20  4.83425e-05     1.68e-19 -0.000233367 -5.48056e-19  0.000819424  1.08483e-18  -0.00213684 -8.91936e-19    0.0041463 -1.66811e-18   -0.0058693  7.05663e-18   0.00571002 -1.20525e-17  -0.00316386  1.10636e-17  3.90207e-05 -2.31448e-18   0.00122554 -8.31888e-18 -0.000484005  1.26602e-17 -0.000334607 -9.09665e-18  0.000213176  3.02847e-18  0.000110448  9.15187e-19 -6.24389e-05 -2.63644e-18 -4.40161e-05   2.7356e-18   9.4444e-06 -8.57836e-19  1.52534e-05 -1.38565e-18  2.30776e-06  1.49267e-18  -3.1419e-06 -1.15136e-19 -1.82893e-06 -4.52839e-19 -5.21856e-08  1.01771e-19  3.80055e-07  6.53427e-20  1.91663e-07  2.32584e-20  2.01292e-08 -2.01526e-20 -2.48001e-08 -1.62599e-20 -1.60704e-08  4.46672e-21 -4.34497e-09  4.03352e-21  1.14873e-10  9.53661e-23  6.46054e-10 -9.16618e-23  3.13557e-10 -5.33548e-22  8.30514e-11 -1.93106e-22  8.00768e-12  1.41976e-22 -4.06497e-12  7.96036e-23 -2.58703e-12 -1.56668e-23 -8.50942e-13 -1.83954e-23 -1.88824e-13   3.0641e-26 -2.53785e-14  3.53475e-24  4.75615e-16  1.02512e-24  1.45949e-15 -5.38866e-25  5.11598e-16 -4.36752e-25  1.19678e-16  -2.0573e-26  2.14806e-17  5.83803e-26  3.00886e-18  1.31887e-26  3.07964e-19  -2.2043e-27   1.5521e-20 -7.95777e-28 -1.97494e-21  5.60427e-29 -6.97859e-22  1.93615e-29 -1.19522e-22  6.73892e-31 -1.50515e-23  2.67262e-30 -1.51328e-24  6.02526e-31  -1.2437e-25  -1.2523e-31 -8.36784e-27 -4.63506e-32 -4.55194e-28 -1.84224e-33 -1.94954e-29  7.32253e-34 -6.26848e-31  1.36771e-34 -1.38128e-32  1.41522e-35 -1.64532e-34  5.20542e-37  1.69203e-38 -2.96366e-38  1.34216e-38
 2.79395e-09 -2.76001e-23 -1.18765e-07  -3.6687e-22  1.89375e-06  9.80907e-21 -1.74953e-05 -8.42329e-20  0.000107769  4.02894e-19 -0.000473015 -1.20312e-18   0.00152991  2.19321e-18  -0.00369521 -1.66811e-18     0.006634 -2.89201e-18  -0.00860124  1.13293e-17   0.00742852 -1.77897e-17  -0.00319325    1.456e-17 -0.000856894 -1.34562e-18   0.00171865  -1.2001e-17 -0.000264661  1.54846e-17 -0.000588195  -9.7174e-18  0.000151435  2.81467e-18  0.000204896  9.12858e-19 -3.14814e-05 -2.95739e-18 -7.05712e-05  3.52359e-18 -6.84473e-06 -1.15075e-18  1.85057e-05 -1.78597e-18  8.13723e-06   1.7246e-18 -1.76449e-06  5.22098e-20 -2.74819e-06 -5.35066e-19 -8.04549e-07  1.95432e-20  2.30085e-07  8.88474e-20  2.78184e-07  4.97852e-20  9.44967e-08 -1.89003e-20 -2.08962e-09 -2.31314e-20 -1.69675e-08  1.53567e-21 -8.47637e-09   4.5506e-21 -1.94619e-09  1.54225e-21  1.24436e-10  1.33023e-22  3.00779e-10  -8.4796e-22   1.3653e-10 -3.45293e-22   3.6194e-11  1.69945e-22  4.62577e-12   1.2282e-22 -8.93768e-13 -1.05773e-23 -7.50738e-13 -2.51083e-23 -2.63245e-13 -2.69319e-24 -6.33312e-14  4.38844e-24  -1.0798e-14  1.72917e-24 -1.02506e-15 -5.86566e-25  9.19979e-17 -5.46313e-25  6.94663e-17  -3.9235e-26  1.91687e-17  6.01218e-26  3.77165e-18  1.45321e-26   5.8673e-19 -1.48798e-27  7.37657e-20 -6.62168e-28  7.34757e-21  6.34937e-30   5.2875e-22  3.08901e-30  1.64142e-23  2.87528e-30 -2.27887e-24  3.51705e-30 -4.99627e-25  5.11287e-31   -5.731e-26 -1.48486e-31 -4.76306e-27 -4.39714e-32  -3.0536e-28 -2.21341e-33 -1.52096e-29  5.09981e-34  -5.7672e-31  1.16082e-34 -1.58531e-32  1.14616e-35 -2.85435e-34  2.92537e-37 -2.63933e-36 -1.11369e-38
 1.73449e-23  1.29771e-08 -2.63677e-22 -3.47725e-07 -1.92609e-22  4.57899e-06  2.30985e-20 -3.75046e-05 -1.95525e-19   0.00021112  8.72367e-19 -0.000859601 -2.41521e-18   0.00259741   4.0877e-18   -0.0058693 -2.89201e-18   0.00981377 -4.66622e-18    -0.011679  1.69756e-17   0.00886702 -2.45491e-17  -0.00261366  1.78622e-17  -0.00206121  4.29647e-19   0.00204158 -1.58025e-17   0.00017468  1.74459e-17 -0.000810496 -9.48444e-18 -8.82327e-06  2.60679e-18  0.000284878  4.20088e-19  3.57097e-05 -3.11522e-18 -8.50182e-05  4.46717e-18 -3.24019e-05 -1.45842e-18  1.49096e-05 -2.25876e-18  1.42737e-05  1.88175e-18  1.70507e-06  3.00272e-19 -2.81624e-06  -5.7954e-19 -1.68201e-06 -9.64366e-20 -1.84705e-07  9.48433e-20  2.54978e-07  8.32546e-20  1.65161e-07 -1.08467e-20  3.97177e-08  -2.9361e-20 -6.73818e-09 -3.60972e-21  -9.6382e-09  4.45668e-21 -4.06924e-09  3.34106e-21 -8.44944e-10  5.80405e-22  5.60853e-11 -1.18092e-21  1.20275e-10 -5.50406e-22  5.31509e-11  1.89944e-22  1.44082e-11  1.73903e-22  2.30397e-12 -1.02714e-24 -3.22019e-14 -3.26494e-23  -1.6501e-13 -6.37414e-24 -6.55905e-14  5.19083e-24 -1.70029e-14   2.4891e-24 -3.28737e-15 -5.95127e-25  -4.6609e-16 -6.33497e-25 -3.79314e-17 -5.92088e-26  2.56228e-18  5.75234e-26  1.75735e-18   1.5089e-26  4.18148e-19 -6.28008e-28  7.09147e-20 -4.98825e-28  9.56654e-21 -4.61004e-29  1.05897e-21 -1.13579e-29  9.64399e-23  4.94962e-30  7.09097e-24  3.94455e-30  3.98881e-25  3.81616e-31  1.44807e-26 -1.60893e-31  2.41862e-29 -4.11564e-32 -4.11004e-29 -2.56598e-33 -3.34066e-30   3.3831e-34 -1.55228e-31  8.99564e-35 -4.56977e-33  7.54052e-36 -7.72342e-35  1.15224e-37 -4.89425e-37
 -4.0978e-10  1.55183e-22  3.20808e-08 -1.58006e-21 -7.37355e-07  3.18541e-21  8.91191e-06  4.40237e-20 -6.83711e-05 -4.03097e-19  0.000363654  1.71732e-18  -0.00140421 -4.45901e-18   0.00402514  7.05663e-18  -0.00860124 -4.66622e-18    0.0134863 -7.03036e-18   -0.0147546  2.38105e-17   0.00969549 -3.17633e-17  -0.00134346  2.04724e-17  -0.00340513  2.91371e-18   0.00204189 -1.91496e-17  0.000800765  1.80651e-17 -0.000915822 -8.34213e-18 -0.000260497  2.61323e-18  0.000312779 -6.99512e-19  0.000131951 -3.13337e-18 -7.42101e-05  5.57335e-18 -6.10693e-05 -1.71843e-18  2.00369e-06 -2.81119e-18  1.77894e-05  1.92424e-18  6.75573e-06  6.22659e-19 -1.44134e-06 -5.65373e-19 -2.25512e-06 -2.36739e-19 -7.87157e-07  7.54931e-20  6.45596e-08  1.18384e-19  1.83746e-07  5.37777e-21  8.48417e-08 -3.33998e-20  1.45575e-08 -1.06698e-20  -5.1929e-09  3.51509e-21 -4.75511e-09  5.31447e-21 -1.80007e-09  1.24244e-21 -3.61427e-10 -1.50692e-21  1.14221e-11 -7.96606e-22  4.05138e-11  2.00398e-22  1.81316e-11  2.31643e-22  5.08427e-12  1.27242e-23  9.52683e-13  -4.0809e-23  8.03597e-14 -1.07913e-23 -2.12181e-14  5.83746e-24 -1.21546e-14  3.21273e-24 -3.49496e-15 -5.61564e-25 -7.34599e-16 -6.86585e-25 -1.20558e-16 -7.77025e-26 -1.52219e-17  5.12023e-26 -1.29336e-18  1.49177e-26 -1.48923e-20  2.65536e-28  1.97472e-20 -3.37237e-28  4.62309e-21 -9.37454e-29  6.91275e-22 -2.10637e-29  7.96555e-23  6.81227e-30  7.42724e-24  3.96394e-30  5.67424e-25  2.34132e-31  3.53588e-26 -1.64975e-31    1.766e-27 -3.80959e-32  6.84078e-29 -2.70868e-33  1.93848e-30  2.14999e-34  3.58241e-32  6.15425e-35  3.21078e-34  3.95112e-36 -1.29477e-37  2.61597e-38
-3.63204e-23  1.52164e-09  8.99579e-22  2.14124e-08 -7.08727e-21 -9.77276e-07  1.95053e-20  1.32788e-05  6.26301e-20 -0.000104058 -7.41309e-19  0.000547647  3.09173e-18  -0.00206212  -7.6088e-18   0.00571002  1.13293e-17    -0.011679 -7.03036e-18    0.0172996 -9.91894e-18   -0.0174161  3.13427e-17   0.00966073 -3.86296e-17  0.000551394  2.19567e-17  -0.00464833  5.83336e-18    0.0016189  -2.1492e-17   0.00151569  1.70587e-17 -0.000829536 -6.36222e-18 -0.000562664  3.01359e-18  0.000256208 -2.48983e-18  0.000235787 -3.08103e-18 -2.99463e-05  6.82959e-18 -8.25331e-05 -1.85096e-18 -1.94702e-05 -3.44082e-18  1.56124e-05   1.8162e-18  1.17923e-05  9.99382e-19  1.48786e-06 -4.76234e-19 -2.04033e-06 -3.85333e-19 -1.34646e-06  2.65587e-20 -2.77563e-07  1.48401e-19  1.09474e-07  2.94236e-20  1.06882e-07 -3.38844e-20  3.91942e-08 -1.88728e-20  4.85965e-09  1.67987e-21 -2.81442e-09  7.26006e-21 -2.07209e-09  2.05392e-21 -7.34724e-10 -1.81232e-21 -1.50667e-10 -1.06769e-21  -3.8822e-12   2.0334e-22  1.09585e-11  2.94878e-22  5.25495e-12  2.98243e-23  1.53775e-12  -4.9195e-23  3.20736e-13 -1.55835e-23  4.44012e-14   6.2185e-24  1.47024e-15  3.80054e-24 -1.33444e-15  -4.9239e-25 -5.03353e-16 -7.00331e-25 -1.16795e-16 -9.24217e-26 -2.07313e-17  4.24195e-26 -2.96076e-18   1.4227e-26  -3.4058e-19  1.08795e-27  -3.0171e-20 -2.01036e-28 -1.71638e-21 -1.28357e-28  1.13445e-23 -2.41286e-29  1.78071e-23  8.45101e-30  2.67981e-24  3.67671e-30  2.64063e-25  9.13959e-32  1.96162e-26 -1.62563e-31  1.13154e-27 -3.44813e-32  5.03183e-29  -2.5535e-33  1.66822e-30  1.28888e-34  3.85091e-32  3.59038e-35  5.38466e-34  1.55345e-36  3.01276e-36
-6.51836e-10 -2.66483e-22  2.04002e-08  3.94881e-21 -1.84057e-07 -2.56466e-20  7.96858e-08  7.43697e-20  1.21469e-05  4.29225e-20 -0.000124838 -1.21771e-18  0.000708705   5.1161e-18  -0.00271256 -1.20525e-17   0.00742852  1.69756e-17   -0.0147546 -9.91894e-18     0.020819 -1.31352e-17   -0.0192925  3.88004e-17   0.00866272 -4.42568e-17   0.00286275  2.20584e-17  -0.00554108  8.81869e-18   0.00076026  -2.2472e-17   0.00217789  1.44003e-17 -0.000514713 -3.68925e-18 -0.000847665  3.90492e-18  0.000101216 -4.89637e-18  0.000315946 -3.05898e-18  4.61377e-05   8.2023e-18 -8.54548e-05 -1.77306e-18 -4.47686e-05 -4.13011e-18  5.96902e-06  1.53205e-18  1.45229e-05   1.3978e-18   5.3428e-06 -3.04342e-19 -7.50891e-07 -5.22003e-19 -1.54784e-06 -5.11576e-20 -6.60169e-07  1.66656e-19 -6.11831e-08  5.90609e-20  8.17908e-08 -3.00839e-20  5.37969e-08 -2.71494e-20  1.67622e-08 -8.43837e-22  1.63019e-09  9.00902e-21 -1.20934e-09  2.90689e-21 -7.98165e-10 -2.10205e-21 -2.74006e-10 -1.34803e-21 -5.91352e-11  2.03517e-22 -5.02821e-12  3.62303e-22  2.09857e-12  4.90748e-23  1.23215e-12 -5.71487e-23  3.83383e-13 -2.02763e-23  8.61812e-14  6.24857e-24  1.44998e-14  4.16682e-24  1.64241e-15 -4.02836e-25  3.78978e-17 -6.77484e-25 -3.75919e-17 -1.02271e-25 -1.17859e-17  3.26747e-26 -2.31828e-18  1.32649e-26  -3.5196e-19  1.75163e-27 -4.34917e-20 -1.00863e-28  -4.4316e-21 -1.43119e-28 -3.69187e-22 -2.00937e-29 -2.43189e-23  9.89205e-30  -1.1549e-24  3.22209e-30 -2.62724e-26  -2.8506e-32  1.37424e-27  -1.5417e-31  1.91846e-28  -2.9923e-32  1.15174e-29 -2.13737e-33  4.31395e-31  6.96858e-35  9.98462e-33  1.70695e-35  1.18215e-34  3.90684e-37
 4.19789e-23 -4.50563e-09  -1.2949e-21  9.85852e-08   1.4026e-20 -9.77514e-07 -7.80092e-20  4.87303e-06  2.22219e-19 -5.36875e-06 -9.67853e-20 -9.42869e-05 -1.78185e-18  0.000752775  7.81553e-18  -0.00316386 -1.77897e-17   0.00886702  2.38105e-17   -0.0174161 -1.31352e-17    0.0236353 -1.63566e-17   -0.0201513  4.52486e-17    0.0067827 -4.78648e-17   0.00529214   2.0768e-17  -0.00589025  1.15274e-17 -0.000449644 -2.20501e-17    0.0026389  1.03061e-17  1.22916e-05  -4.7218e-19  -0.00103855  5.28366e-18 -0.000139617 -7.78699e-18  0.000340396 -3.18075e-18  0.000140774  9.63976e-18 -6.17579e-05 -1.41514e-18 -6.59755e-05  -4.8439e-18  -1.0395e-05  1.06228e-18  1.28177e-05  1.77643e-18  8.80776e-06 -5.30534e-20  1.47794e-06 -6.26091e-19 -1.13631e-06 -1.51472e-19 -9.04535e-07   1.6829e-19 -2.78046e-07  9.05736e-20  4.00042e-09 -2.22023e-20  4.60175e-08 -3.43993e-20  2.41934e-08 -3.61756e-21  6.77616e-09  1.04753e-20  6.26987e-10  3.67899e-21 -4.18314e-10 -2.39917e-21 -2.68525e-10 -1.62648e-21 -9.15364e-11  2.06132e-22 -2.09355e-11  4.31848e-22 -2.78814e-12  6.91668e-23  1.38971e-13 -6.37425e-23  2.12192e-13 -2.43258e-23  7.46435e-14  5.90174e-24  1.79355e-14  4.26127e-24  3.32066e-15 -3.12929e-25  4.79084e-16  -6.2789e-25  5.00302e-17 -1.07565e-25  2.39258e-18  2.32668e-26 -4.07111e-19  1.21982e-26 -1.37836e-19  2.19057e-27 -2.40848e-20 -3.55525e-29 -3.12283e-21 -1.34893e-28 -3.24279e-22 -1.00193e-29 -2.75731e-23  1.11298e-29  -1.9222e-24  2.71953e-30 -1.08554e-25 -1.15453e-31 -4.84194e-27  -1.3964e-31  -1.6315e-28 -2.43811e-32 -3.83011e-30 -1.58402e-33 -5.25831e-32  3.12577e-35 -2.10328e-34  6.12397e-36  2.18504e-36
 3.10832e-10  2.60788e-22 -1.66669e-08 -4.82034e-21  3.03655e-07  4.18368e-20  -2.9337e-06 -2.04653e-19  1.67998e-05  5.58757e-19 -5.38949e-05 -4.98055e-19  3.48408e-05 -2.30103e-18  0.000563196  1.10636e-17  -0.00319325 -2.45491e-17   0.00969549  3.13427e-17   -0.0192925 -1.63566e-17    0.0254692 -1.91783e-17   -0.0199517  4.97755e-17   0.00425391 -4.89813e-17   0.00752765  1.83332e-17  -0.00560492  1.37657e-17  -0.00185131 -2.05407e-17   0.00278194  5.15803e-18  0.000682998  3.18496e-18  -0.00107047  7.06672e-18 -0.000427558 -1.09864e-17  0.000286706 -3.55358e-18  0.000231423  1.10773e-17 -1.03666e-05 -7.35309e-19 -7.43503e-05 -5.53135e-18 -2.98425e-05  4.17209e-19  5.71016e-06  2.09123e-18  1.02923e-05  2.62646e-19  4.02192e-06 -6.80652e-19  -7.0507e-08 -2.63722e-19 -8.40864e-07  1.51482e-19 -4.48494e-07   1.1958e-19 -1.04218e-07 -1.14291e-20  1.25784e-08 -3.97582e-20  2.15786e-08 -6.05993e-21  9.86137e-09  1.16786e-20  2.60964e-09  4.26539e-21  2.79829e-10 -2.73675e-21  -1.1133e-10 -1.89765e-21 -7.68955e-11  2.14121e-22 -2.66296e-11  4.99893e-22 -6.41855e-12  8.87867e-23 -1.07189e-12 -6.79129e-23 -8.30082e-14 -2.71848e-23  1.91372e-14  5.23686e-24  1.02278e-14  4.08412e-24  2.73758e-15  -2.4158e-25  5.41241e-16  -5.6537e-25  8.53456e-17 -1.09681e-25  1.08739e-17   1.4979e-26  1.08774e-18  1.10423e-26  7.58308e-20  2.36254e-27  1.51455e-21  2.35882e-30  -5.2392e-22 -1.05607e-28 -1.00785e-22   3.7866e-30 -1.14345e-23  1.20651e-29 -9.60865e-25  2.23555e-30 -6.27676e-26  -1.6731e-31 -3.19657e-27 -1.19372e-31 -1.24127e-28 -1.83146e-32 -3.50052e-30 -1.03493e-33 -6.52065e-32  9.74709e-36 -6.39742e-34  1.38705e-36
-2.78398e-23  6.65418e-10  1.06475e-21 -3.55077e-08  -1.4586e-20  6.47034e-07  1.07301e-19 -6.33156e-06 -4.71314e-19  3.81664e-05  1.22287e-18 -0.000145019 -1.35556e-18   0.00030272 -2.56233e-18  3.90207e-05    1.456e-17  -0.00261366 -3.17633e-17   0.00966073  3.88004e-17   -0.0201513 -1.91783e-17    0.0262334 -2.11883e-17   -0.0188352  5.16974e-17   0.00139058 -4.75764e-17   0.00931587  1.52126e-17  -0.00470789  1.55572e-17  -0.00325117 -1.85494e-17   0.00254894 -6.01262e-19   0.00139317  7.23397e-18 -0.000908371  9.13644e-18 -0.000706362 -1.43092e-17  0.000149955 -4.26151e-18  0.000292123  1.24428e-17  6.11555e-05  2.71028e-19 -6.33857e-05 -6.13225e-18 -4.66168e-05 -3.72346e-19 -5.90803e-06  2.30304e-18  8.56947e-06  6.17915e-19  5.92911e-06 -6.75956e-19  1.39675e-06 -3.74686e-19 -3.99951e-07  1.17936e-19 -4.76476e-07  1.42006e-19 -1.97875e-07  2.80519e-22 -3.63634e-08 -4.27809e-20  7.72759e-09 -7.57659e-21  8.70527e-09  1.27349e-20  3.64769e-09  4.60427e-21  9.48366e-10 -3.14449e-21  1.26578e-10 -2.16021e-21 -1.88647e-11  2.26048e-22 -1.78851e-11  5.60791e-22 -6.50012e-12  1.06569e-22  -1.6408e-12 -6.87201e-23 -3.09521e-13 -2.83918e-23 -4.09662e-14  4.39874e-24 -2.18346e-15  3.68834e-24  6.72304e-16 -2.00841e-25  2.68553e-16  -5.0347e-25   5.9386e-17 -1.10349e-25  9.90184e-18  7.98303e-27  1.33502e-18  9.67219e-27  1.48384e-19  2.25244e-27  1.35413e-20   2.0611e-29  9.87466e-22  -6.2003e-29  5.33692e-23  1.83266e-29  1.60156e-24  1.25035e-29 -4.39985e-26  1.78572e-30 -9.54878e-27 -1.87643e-31 -6.91344e-28 -9.51183e-32 -3.12682e-29 -1.24891e-32 -9.19284e-31 -5.90619e-34 -1.58665e-32  8.12175e-37 -1.05967e-34
