  0.00595272  4.13445e-13    0.0181226   7.0703e-13    0.0203612  5.28897e-13   0.00894874  6.11237e-14  -0.00388929 -2.26081e-13  -0.00702993 -1.68965e-13  -0.00224364  1.43054e-14   0.00217341  9.02657e-14   0.00228878  4.31465e-14  0.000243379 -1.79776e-14 -0.000908095 -2.92647e-14 -0.000609847 -8.46727e-15  4.61713e-05  7.48258e-15  0.000276456  7.68057e-15  0.000141134  1.58597e-15 -2.10666e-05  -1.8754e-15 -6.29856e-05 -1.68402e-15 -3.13625e-05 -4.26744e-16  3.19323e-07  2.42959e-16  9.33675e-06  2.73653e-16  5.89227e-06  1.14602e-16  1.57206e-06  1.27055e-17 -2.13152e-07 -1.36994e-17  -4.0131e-07 -1.01588e-17 -2.02452e-07 -3.96285e-18 -6.42382e-08 -1.04647e-18 -1.42551e-08 -1.95485e-19 -2.23052e-09 -2.53586e-20 -2.35455e-10 -2.11705e-21 -1.48322e-11  -9.2305e-23  -3.6836e-13
 4.13445e-13     0.025998  1.25654e-12    0.0445445  1.41543e-12    0.0334341  6.26279e-13   0.00386858 -2.71766e-13   -0.0145666 -5.01284e-13   -0.0111551 -1.69718e-13  0.000656404  1.49844e-13   0.00589899  1.69898e-13   0.00309843  2.69607e-14 -0.000971456 -6.26914e-14  -0.00196879 -4.85405e-14  -0.00072711 -1.60337e-15  0.000400959  1.91849e-14  0.000538098  1.23439e-14  0.000175368  3.80793e-16 -8.95894e-05 -4.22716e-15 -0.000119356 -2.87531e-15 -4.85854e-05 -5.48618e-16  4.45908e-06  4.85961e-16  1.68781e-05  4.80577e-16  1.03872e-05  2.10105e-16  3.22188e-06  4.00652e-17  1.24531e-07 -1.08992e-17 -4.25571e-07 -1.20054e-17 -2.54964e-07 -5.22912e-18 -8.81309e-08 -1.48594e-18 -2.08758e-08 -2.93978e-19 -3.42294e-09 -3.93024e-20 -3.62465e-10 -3.14085e-21 -2.00346e-11 -9.82105e-23
   0.0181226  1.25654e-12    0.0555128  2.16891e-12    0.0632119  1.65513e-12    0.0288876   2.2271e-13   -0.0114033 -7.09642e-13   -0.0229335 -5.83269e-13   -0.0088871 -5.40226e-15   0.00604703  2.88115e-13   0.00809261  1.78857e-13   0.00204011  -2.7095e-14  -0.00252851 -9.90676e-14  -0.00249394 -4.98112e-14 -0.000460306  1.11315e-14  0.000762873  2.79564e-14  0.000687069  1.40176e-14  0.000159709 -1.26216e-15 -0.000148528 -5.99486e-15 -0.000160336 -3.78114e-15 -6.40336e-05 -7.63637e-16  3.90444e-06  5.79201e-16  2.11467e-05  6.28414e-16  1.43314e-05  3.13772e-16  5.50584e-06  9.15884e-17  1.12117e-06  9.15761e-18 -7.46089e-08   -5.528e-18 -1.49659e-07 -3.40208e-18 -6.00228e-08 -1.02482e-18 -1.42354e-08 -1.94023e-19 -2.13822e-09 -2.26189e-20 -1.85072e-10  -1.3344e-21 -6.11225e-12
  7.0703e-13    0.0445445  2.16891e-12    0.0776984  2.51817e-12    0.0614108  1.23837e-12    0.0113302 -3.56159e-13   -0.0239957 -9.10029e-13   -0.0226368 -4.35009e-13  -0.00276416  1.77681e-13   0.00968489  3.35827e-13   0.00775031  1.33827e-13  0.000409291 -7.26668e-14  -0.00340932 -1.11608e-13  -0.00249644 -4.28976e-14 -0.000180094  1.98144e-14  0.000965573  3.24431e-14  0.000764172  1.51098e-14  0.000162007 -1.83962e-15 -0.000177032 -7.08007e-15 -0.000192106 -4.68204e-15 -8.47375e-05 -1.22197e-15 -3.81194e-06  4.80028e-16  2.13094e-05   6.9206e-16  1.69493e-05  4.00891e-16  7.78067e-06  1.50702e-16  2.41951e-06   3.8529e-17  4.96609e-07  6.00308e-18  5.07094e-08  2.01457e-19 -4.59937e-09 -1.51207e-19 -2.61192e-09  -3.8275e-20 -4.17549e-10 -4.09117e-21 -2.85737e-11 -1.49675e-22
   0.0203612  1.41543e-12    0.0632119  2.51817e-12    0.0759921  2.11114e-12    0.0418918  5.63209e-13  -0.00546117 -6.82101e-13   -0.0268222 -8.18928e-13   -0.0170576 -2.37808e-13   0.00180253  2.60404e-13    0.0102679  3.12616e-13   0.00649753  9.26037e-14 -0.000520663 -9.07267e-14  -0.00363834 -1.12619e-13   -0.0024309 -3.96468e-14 -7.71082e-05  2.31585e-14   0.00106333  3.54813e-14  0.000843705  1.71178e-14  0.000199414 -1.37658e-15 -0.000182802 -7.72413e-15 -0.000218553 -5.59996e-15 -0.000109645 -1.88198e-15 -1.81169e-05  1.77321e-16   1.6316e-05  6.24244e-16  1.67398e-05  4.25723e-16  8.87874e-06   1.8653e-16  3.30922e-06  6.00385e-17  9.26911e-07  1.46779e-17  1.97519e-07   2.7156e-18  3.14569e-08  3.67568e-19  3.55034e-09   3.3534e-20  2.49839e-10   1.6659e-21  7.17705e-12
 5.28897e-13    0.0334341  1.65513e-12    0.0614108  2.11114e-12    0.0568686  1.38788e-12    0.0230068  1.30534e-13   -0.0112119 -6.74954e-13   -0.0227441 -6.42919e-13   -0.0123602 -1.36198e-13    0.0031363  2.61432e-13   0.00960658  2.85159e-13   0.00580534  7.75242e-14 -0.000775115 -9.52363e-14   -0.0037266  -1.1511e-13  -0.00249533 -4.09988e-14 -8.16474e-05  2.43245e-14   0.00113109  3.83437e-14  0.000932949  1.97249e-14  0.000258845 -1.63405e-16 -0.000168144 -7.83711e-15 -0.000234594 -6.36268e-15 -0.000134719 -2.66095e-15 -3.78979e-05 -3.26226e-16  5.57241e-06  3.92444e-16  1.25536e-05  3.50067e-16  7.76044e-06  1.70706e-16  3.14329e-06  5.88138e-17  9.31156e-07  1.50299e-17  2.04665e-07  2.82028e-18  3.23444e-08  3.67628e-19  3.37172e-09   2.9112e-20  1.85802e-10  9.12269e-22
  0.00894874  6.26279e-13    0.0288876  1.23837e-12    0.0418918  1.38788e-12    0.0365035    8.922e-13    0.0143955  4.94076e-14  -0.00958055 -5.53118e-13   -0.0189526 -5.47093e-13   -0.0107145 -1.16073e-13    0.0031086  2.52046e-13   0.00931042  2.77937e-13   0.00566317  7.39608e-14 -0.000882867 -9.92982e-14  -0.00385928 -1.19383e-13   -0.0026053 -4.36224e-14  -0.00012332  2.42496e-14   0.00116506  4.04175e-14   0.00101304  2.25355e-14    0.0003364  1.86441e-15 -0.000128117 -7.22564e-15 -0.000234562 -6.80061e-15 -0.000155498 -3.43535e-15 -6.02494e-05 -9.62833e-16 -9.66802e-06  1.74392e-17  4.60829e-06  1.74279e-16  4.37691e-06  1.02261e-16  1.93549e-06  3.64364e-17  5.71056e-07  8.99372e-18  1.17796e-07  1.53699e-18  1.63838e-08  1.68829e-19  1.35527e-09  9.61113e-21  4.35831e-11
 6.11237e-14   0.00386858   2.2271e-13    0.0113302  5.63209e-13    0.0230068    8.922e-13    0.0272618  7.52226e-13    0.0140338  1.00301e-13  -0.00745688  -4.9403e-13   -0.0177252 -5.22832e-13   -0.0102697 -1.05983e-13   0.00332931  2.56524e-13   0.00934462  2.76126e-13   0.00555389  6.99356e-14 -0.000989011 -1.02138e-13  -0.00393615 -1.22156e-13  -0.00270252 -4.70653e-14 -0.000216691    2.216e-14   0.00114601  4.13418e-14   0.00107981  2.55228e-14  0.000432211  4.72027e-15 -6.15484e-05 -5.80273e-15  -0.00021416 -6.72805e-15 -0.000165788 -4.00443e-15 -7.97487e-05 -1.58109e-15 -2.56854e-05 -4.02004e-16 -4.72464e-06 -3.97958e-17  1.64436e-07  1.64871e-17  4.37328e-07  9.44901e-18  1.56482e-07  2.48239e-18   3.1636e-08  3.89877e-19  3.80297e-09  3.43779e-20  2.27404e-10  1.13789e-21
 -0.00388929 -2.71766e-13   -0.0114033 -3.56159e-13  -0.00546117  1.30534e-13    0.0143955  7.52226e-13    0.0257801  7.50924e-13    0.0141964   1.0125e-13  -0.00756748 -4.92627e-13   -0.0173712 -5.01235e-13  -0.00950716 -8.46035e-14   0.00370626  2.59315e-13    0.0092238  2.69741e-13   0.00540147  6.79242e-14 -0.000970585 -1.00619e-13  -0.00391926 -1.23714e-13  -0.00281615 -5.22139e-14 -0.000375663  1.79836e-14   0.00107671  4.11591e-14   0.00113016  2.84628e-14  0.000538569   8.2075e-15  2.90108e-05 -3.53193e-15 -0.000169295 -5.94398e-15 -0.000158507 -4.12381e-15  -8.9221e-05 -1.96108e-15 -3.66202e-05 -7.02772e-16 -1.15294e-05 -1.94965e-16 -2.81768e-06 -4.19218e-17 -5.30732e-07 -6.87865e-18 -7.52792e-08 -8.32581e-19 -7.66241e-09  -6.9355e-20  -4.9964e-10 -3.29795e-21 -1.39225e-11
-2.26081e-13   -0.0145666 -7.09642e-13   -0.0239957 -6.82101e-13   -0.0112119  4.94076e-14    0.0140338  7.50924e-13    0.0252254  7.05843e-13    0.0125429  5.65075e-14  -0.00812828 -4.82822e-13   -0.0164736  -4.6571e-13  -0.00864132 -6.94477e-14    0.0037574  2.52444e-13   0.00894957  2.63482e-13   0.00536399  7.11251e-14 -0.000810108 -9.59231e-14  -0.00385817 -1.25202e-13  -0.00295583 -5.87632e-14 -0.000584749  1.20837e-14  0.000958598  3.96213e-14   0.00115137   3.0899e-14  0.000643608  1.20446e-14  0.000138742 -4.60077e-16 -9.84627e-05 -4.32041e-15 -0.000128087 -3.57704e-15 -8.19415e-05 -1.89624e-15 -3.72114e-05 -7.50442e-16 -1.29473e-05  -2.3045e-16 -3.50709e-06 -5.48866e-17 -7.29281e-07 -9.85832e-18 -1.11476e-07 -1.25317e-18 -1.14203e-08 -9.82472e-20 -6.25983e-10 -3.09317e-21
 -0.00702993 -5.01284e-13   -0.0229335 -9.10029e-13   -0.0268222 -6.74954e-13  -0.00958055  1.00301e-13    0.0141964  7.05843e-13    0.0227986   6.2172e-13    0.0106674  3.05471e-14  -0.00788063 -4.52788e-13   -0.0153892 -4.36783e-13  -0.00817307 -6.72917e-14   0.00355489  2.42826e-13   0.00872381  2.60957e-13   0.00544747  7.76206e-14 -0.000577793 -8.95886e-14  -0.00376451  -1.2613e-13  -0.00309646 -6.59988e-14 -0.000832793  4.46924e-15  0.000783986   3.6327e-14   0.00112946  3.23559e-14  0.000733571  1.58237e-14  0.000257633  3.17794e-15 -5.68909e-06 -1.90274e-15 -7.40633e-05  -2.3195e-15 -5.64867e-05 -1.35352e-15 -2.70636e-05  -5.4947e-16 -9.44807e-06 -1.66009e-16 -2.46992e-06 -3.73925e-17 -4.75026e-07 -6.05086e-18 -6.33747e-08 -6.43706e-19 -5.12034e-09 -3.61058e-20 -1.62865e-10
-1.68965e-13   -0.0111551 -5.83269e-13   -0.0226368 -8.18928e-13   -0.0227441 -5.53118e-13  -0.00745688   1.0125e-13    0.0125429   6.2172e-13    0.0203182  5.62536e-13   0.00984378  3.17801e-14  -0.00728417   -4.262e-13    -0.014667 -4.21074e-13  -0.00799461 -6.96612e-14   0.00333487  2.34586e-13   0.00855084  2.59908e-13   0.00557049  8.56079e-14 -0.000289483  -8.1181e-14  -0.00361313 -1.25717e-13  -0.00322204 -7.36412e-14  -0.00111663 -4.87503e-15  0.000548921  3.10085e-14   0.00105197  3.23008e-14  0.000790419  1.89446e-14  0.000368934  6.89471e-15  9.63283e-05  9.41705e-16 -6.34012e-06 -6.47769e-16 -2.08576e-05 -5.61906e-16   -1.185e-05 -2.45017e-16 -4.19534e-06  -7.2146e-17 -1.03501e-06 -1.48908e-17 -1.77055e-07 -2.07075e-18 -1.94713e-08 -1.70951e-19 -1.10918e-09 -5.50585e-21
 -0.00224364 -1.69718e-13   -0.0088871 -4.35009e-13   -0.0170576 -6.42919e-13   -0.0189526  -4.9403e-13  -0.00756748  5.65075e-14    0.0106674  5.62536e-13    0.0189513  5.35057e-13   0.00951427  3.41431e-14  -0.00693801  -4.1018e-13   -0.0141871  -4.0946e-13  -0.00785266 -7.22101e-14   0.00310196  2.25419e-13   0.00835021  2.58632e-13   0.00571934   9.5469e-14  7.38771e-05 -7.01941e-14  -0.00339475 -1.23737e-13  -0.00332422 -8.13285e-14  -0.00142498 -1.56856e-14  0.000255025  2.34716e-14  0.000906256   3.0146e-14   0.00079309  2.06434e-14  0.000448463  9.87419e-15  0.000183261  3.44721e-15  5.41672e-05  8.44916e-16  1.05285e-05  1.17989e-16  7.49741e-07 -4.48075e-18 -2.77585e-07 -6.75986e-18 -1.11713e-07 -1.68223e-18 -1.97157e-08 -2.14575e-19  -1.8031e-09 -1.28563e-20 -5.95655e-11
 1.43054e-14  0.000656404 -5.40226e-15  -0.00276416 -2.37808e-13   -0.0123602 -5.47093e-13   -0.0177252 -4.92627e-13  -0.00812828  3.05471e-14   0.00984378  5.35057e-13    0.0181472  5.12004e-13   0.00905331  2.99073e-14   -0.0067287 -3.95663e-13   -0.0137022 -3.97898e-13  -0.00775178 -7.73208e-14   0.00278192   2.1403e-13   0.00812046  2.57717e-13   0.00591039  1.07367e-13  0.000507708 -5.68111e-14  -0.00310794 -1.19817e-13  -0.00338428  -8.8363e-14  -0.00173946 -2.75478e-14 -9.23388e-05  1.36537e-14  0.000683451  2.53753e-14  0.000719784  2.00256e-14  0.000465832   1.1075e-14  0.000225142  4.73867e-15  8.59294e-05  1.62058e-15  2.63648e-05  4.46066e-16   6.4914e-06  9.77662e-17  1.25769e-06  1.65495e-17  1.83347e-07   2.0319e-18  1.83231e-08  1.57901e-19  1.00057e-09  5.00818e-21
  0.00217341  1.49844e-13   0.00604703  1.77681e-13   0.00180253 -1.36198e-13   -0.0107145 -5.22832e-13   -0.0173712 -4.82822e-13  -0.00788063  3.17801e-14   0.00951427  5.12004e-13    0.0172606  4.85287e-13   0.00856528  2.78007e-14  -0.00642432   -3.793e-13   -0.0132357 -3.89116e-13  -0.00776381 -8.58592e-14   0.00239051   2.0147e-13   0.00788377  2.57209e-13   0.00612835  1.20652e-13  0.000999565 -4.10215e-14  -0.00274034 -1.13287e-13  -0.00337852 -9.39486e-14  -0.00203763 -3.98225e-14 -0.000478893  1.79233e-15  0.000382083  1.76466e-14  0.000552834  1.63576e-14  0.000397865  9.79784e-15  0.000205019   4.4193e-15  8.16755e-05  1.56178e-15  2.56103e-05  4.33584e-16  6.26243e-06  9.26123e-17  1.15583e-06  1.45209e-17  1.50672e-07   1.5225e-18  1.20564e-08  8.54228e-20  3.83804e-10
 9.02657e-14   0.00589899  2.88115e-13   0.00968489  2.60404e-13    0.0031363 -1.16073e-13   -0.0102697 -5.01235e-13   -0.0164736 -4.52788e-13  -0.00728417  3.41431e-14   0.00905331  4.85287e-13    0.0163938  4.63374e-13   0.00826607  3.04133e-14  -0.00607348 -3.64431e-13   -0.0128664 -3.83793e-13  -0.00785963 -9.62877e-14   0.00196079  1.87936e-13   0.00762331   2.5625e-13   0.00635109  1.34937e-13    0.0015485 -2.25863e-14  -0.00227876 -1.03532e-13   -0.0032829  -9.7128e-14  -0.00228814 -5.15094e-14 -0.000879221 -1.14991e-14  1.38227e-05  7.18464e-15  0.000297048  9.82137e-15  0.000252358  6.38628e-15  0.000135043  2.90603e-15  5.30895e-05  9.94554e-16  1.58402e-05  2.58124e-16  3.55481e-06  4.95521e-17  5.75741e-07  6.61492e-18  6.14451e-08  5.36623e-19  3.45502e-09  1.73047e-20
  0.00228878  1.69898e-13   0.00809261  3.35827e-13    0.0102679  2.61432e-13    0.0031086 -1.05983e-13  -0.00950716  -4.6571e-13   -0.0153892   -4.262e-13  -0.00693801  2.99073e-14   0.00856528  4.63374e-13    0.0157566  4.48372e-13   0.00808709  3.37491e-14  -0.00576756 -3.51853e-13   -0.0125608 -3.80119e-13  -0.00799764 -1.08178e-13   0.00148106  1.72674e-13   0.00731758  2.54342e-13   0.00656932  1.50011e-13   0.00215049 -1.48918e-15  -0.00171473 -8.99296e-14  -0.00306891  -9.6724e-14  -0.00245205 -6.12901e-14  -0.00125337 -2.48603e-14 -0.000377727 -4.45581e-15  2.01004e-06  2.08042e-15  7.72922e-05  2.26448e-15  5.11918e-05  1.13044e-15  2.06688e-05  3.80589e-16  5.87122e-06   9.1425e-17  1.18782e-06  1.53703e-17  1.63255e-07  1.66925e-18  1.33816e-08  9.49614e-20  4.26524e-10
 4.31465e-14   0.00309843  1.78857e-13   0.00775031  3.12616e-13   0.00960658  2.52046e-13   0.00332931 -8.46035e-14  -0.00864132 -4.36783e-13    -0.014667  -4.1018e-13   -0.0067287  2.78007e-14   0.00826607  4.48372e-13    0.0152724  4.35863e-13   0.00792421  3.67197e-14  -0.00547735 -3.39778e-13   -0.0122762 -3.77574e-13  -0.00818491 -1.22061e-13  0.000937714  1.55406e-13   0.00695979  2.51153e-13   0.00676832   1.6534e-13   0.00279352  2.21667e-14  -0.00104039 -7.18712e-14  -0.00270897 -9.15332e-14  -0.00248332 -6.72576e-14  -0.00153126 -3.55889e-14 -0.000703185 -1.42406e-14 -0.000244859  -4.2892e-15 -6.29277e-05 -9.19937e-16 -1.07794e-05 -1.14896e-16 -7.44219e-07   1.7614e-18  1.72342e-07  3.96539e-18  5.99249e-08  7.80272e-19  8.03689e-09  7.03821e-20  4.66825e-10  2.52399e-21
 0.000243379  2.69607e-14   0.00204011  1.33827e-13   0.00649753  2.85159e-13   0.00931042  2.56524e-13   0.00370626 -6.94477e-14  -0.00817307 -4.21074e-13   -0.0141871 -3.95663e-13  -0.00642432  3.04133e-14   0.00808709  4.35863e-13    0.0148318  4.24526e-13   0.00779981  4.09009e-14   -0.0051658 -3.27823e-13   -0.0120205 -3.76571e-13  -0.00842713 -1.37869e-13  0.000333942  1.36021e-13   0.00653669  2.45988e-13   0.00692498  1.80248e-13   0.00346279  4.81017e-14 -0.000256873 -4.90647e-14  -0.00217976 -8.01411e-14  -0.00231706 -6.65619e-14  -0.00161123 -4.00845e-14 -0.000856642 -1.90327e-14 -0.000365743 -7.33763e-15 -0.000127488 -2.31251e-15 -3.62447e-05 -5.90576e-16 -8.26789e-06 -1.19206e-16 -1.45972e-06 -1.81174e-17 -1.86176e-07 -1.88504e-18 -1.48658e-08 -1.05745e-19 -4.80102e-10
-1.79776e-14 -0.000971456  -2.7095e-14  0.000409291  9.26037e-14   0.00580534  2.77937e-13   0.00934462  2.59315e-13    0.0037574 -6.72917e-14  -0.00799461  -4.0946e-13   -0.0137022   -3.793e-13  -0.00607348  3.37491e-14   0.00792421  4.24526e-13     0.014454  4.15746e-13   0.00774336  4.64033e-14  -0.00484743 -3.16482e-13    -0.011797 -3.76809e-13  -0.00871141  -1.5537e-13 -0.000334278   1.1405e-13   0.00602806   2.3809e-13   0.00701483  1.93859e-13    0.0041308  7.55073e-14  0.000621938   -2.135e-14  -0.00145208 -6.07575e-14  -0.00187979 -5.64463e-14  -0.00141154 -3.60097e-14 -0.000784786 -1.76939e-14 -0.000343337 -6.91835e-15 -0.000120022 -2.15871e-15  -3.3297e-05 -5.28955e-16 -7.14749e-06 -9.82025e-17  -1.1296e-06 -1.29191e-17 -1.19413e-07 -1.04705e-18 -6.72941e-09 -3.34338e-20
-0.000908095 -6.26914e-14  -0.00252851 -7.26668e-14 -0.000520663  7.75242e-14   0.00566317  2.76126e-13    0.0092238  2.52444e-13   0.00355489 -6.96612e-14  -0.00785266 -3.97898e-13   -0.0132357 -3.64431e-13  -0.00576756  3.67197e-14   0.00779981  4.15746e-13    0.0141652  4.09416e-13   0.00773267  5.25163e-14  -0.00452886 -3.05438e-13   -0.0115888 -3.77833e-13  -0.00903294 -1.74688e-13  -0.00107622  8.90658e-14   0.00541568  2.26577e-13   0.00700154  2.04749e-13   0.00475563  1.03335e-13   0.00158155  1.14015e-14 -0.000508712 -3.26867e-14  -0.00115726 -3.69329e-14 -0.000951248 -2.45545e-14 -0.000535156  -1.1956e-14 -0.000228115 -4.48699e-15 -7.54573e-05 -1.30577e-15 -1.92338e-05 -2.89072e-16 -3.66123e-06 -4.65175e-17 -4.87579e-07 -4.96798e-18 -3.95249e-08 -2.81824e-19  -1.2655e-09
-2.92647e-14  -0.00196879 -9.90676e-14  -0.00340932 -9.07267e-14 -0.000775115  7.39608e-14   0.00555389  2.69741e-13   0.00894957  2.42826e-13   0.00333487 -7.22101e-14  -0.00775178 -3.89116e-13   -0.0128664 -3.51853e-13  -0.00547735  4.09009e-14   0.00774336  4.09416e-13    0.0139396  4.04645e-13    0.0077556  5.94173e-14  -0.00419529 -2.94229e-13   -0.0113879 -3.79556e-13  -0.00939095 -1.95825e-13  -0.00189591  6.06166e-14   0.00467236  2.10131e-13   0.00683851  2.11406e-13   0.00529761  1.30444e-13   0.00258582  4.75877e-14  0.000580073  8.46933e-16 -0.000272212  -1.2673e-14 -0.000376713 -1.03628e-14 -0.000231713 -5.18955e-15 -9.77204e-05 -1.87365e-15 -3.03985e-05 -5.02212e-16 -6.99817e-06 -9.82319e-17 -1.14994e-06 -1.32468e-17 -1.23464e-07 -1.08374e-18 -6.93512e-09 -3.53573e-20
-0.000609847 -4.85405e-14  -0.00249394 -1.11608e-13  -0.00363834 -9.52363e-14 -0.000882867  6.99356e-14   0.00540147  2.63482e-13   0.00872381  2.34586e-13   0.00310196 -7.73208e-14  -0.00776381 -3.83793e-13   -0.0125608 -3.39778e-13   -0.0051658  4.64033e-14   0.00773267  4.04645e-13    0.0137627   4.0148e-13    0.0078225  6.74376e-14   -0.0038414 -2.82765e-13   -0.0111897 -3.81712e-13   -0.0097775 -2.18738e-13  -0.00280423  2.79313e-14   0.00376662   1.8762e-13   0.00649059   2.1246e-13   0.00569764  1.53821e-13   0.00350097  8.12579e-14   0.00159566  3.18113e-14  0.000528891  8.67308e-15   0.00011115  1.18845e-15  3.58377e-06 -2.21129e-16 -7.58495e-06 -1.83357e-16 -3.29938e-06 -5.61044e-17 -7.75765e-07 -1.02582e-17 -1.11936e-07 -1.13904e-18 -9.06977e-09 -6.81177e-20 -2.71688e-10
-8.46727e-15  -0.00072711 -4.98112e-14  -0.00249644 -1.12619e-13   -0.0037266 -9.92982e-14 -0.000989011  6.79242e-14   0.00536399  2.60957e-13   0.00855084  2.25419e-13   0.00278192 -8.58592e-14  -0.00785963 -3.80119e-13   -0.0122762 -3.27823e-13  -0.00484743  5.25163e-14    0.0077556   4.0148e-13    0.0136425  4.00123e-13   0.00793402  7.65297e-14   -0.0034647 -2.70748e-13   -0.0109816 -3.83976e-13   -0.0101909 -2.43645e-13  -0.00381162 -9.31206e-15   0.00268869  1.58405e-13    0.0059119  2.04876e-13   0.00580418  1.66361e-13   0.00405998  1.02526e-13   0.00223516  5.08757e-14   0.00100519  2.08151e-14  0.000374669  7.07197e-15  0.000115882   1.9854e-15  2.94085e-05  4.52454e-16  5.96037e-06  8.07284e-17  9.16186e-07  1.05029e-17  9.67266e-08  8.45439e-19  5.56575e-09  2.48105e-20
 4.61713e-05 -1.60337e-15 -0.000460306 -4.28976e-14   -0.0024309  -1.1511e-13  -0.00385928 -1.02138e-13 -0.000970585  7.11251e-14   0.00544747  2.59908e-13   0.00835021   2.1403e-13   0.00239051 -9.62877e-14  -0.00799764 -3.77574e-13   -0.0120205 -3.16482e-13  -0.00452886  5.94173e-14    0.0078225  4.00123e-13    0.0135775  4.00406e-13   0.00808843  8.68824e-14  -0.00305409 -2.57826e-13   -0.0107575 -3.86276e-13   -0.0106267 -2.70148e-13  -0.00489948 -5.06662e-14    0.0014263  1.20458e-13   0.00497545  1.82151e-13   0.00536421  1.58638e-13   0.00397812  1.02922e-13   0.00229273  5.31737e-14    0.0010669  2.23419e-14  0.000404722  7.63933e-15   0.00012433  2.09697e-15  3.02912e-05  4.49096e-16  5.62938e-06   7.1315e-17  7.44014e-07  7.60214e-18  6.06428e-08   4.2303e-19  1.97313e-09
 7.48258e-15  0.000400959  1.11315e-14 -0.000180094 -3.96468e-14  -0.00249533 -1.19383e-13  -0.00393615 -1.00619e-13 -0.000810108  7.76206e-14   0.00557049  2.58632e-13   0.00812046   2.0147e-13   0.00196079 -1.08178e-13  -0.00818491 -3.76571e-13    -0.011797 -3.05438e-13  -0.00419529  6.74376e-14   0.00793402  4.00406e-13    0.0135639   4.0241e-13   0.00829303  9.87317e-14  -0.00260594 -2.43918e-13   -0.0105084 -3.87848e-13   -0.0110481 -2.96943e-13  -0.00604797 -9.69249e-14 -0.000105182  6.88994e-14   0.00348711  1.37265e-13   0.00418223  1.25702e-13   0.00317008  8.18537e-14   0.00180854  4.13683e-14  0.000814249  1.66354e-14  0.000292401  5.32219e-15  8.30203e-05  1.33174e-15  1.81582e-05  2.51459e-16  2.91107e-06  3.35046e-17  3.10888e-07   2.7207e-18  1.76359e-08  8.28094e-20
 0.000276456  1.91849e-14  0.000762873  1.98144e-14 -7.71082e-05 -4.09988e-14   -0.0026053 -1.22156e-13  -0.00391926 -9.59231e-14 -0.000577793  8.56079e-14   0.00571934  2.57717e-13   0.00788377  1.87936e-13   0.00148106 -1.22061e-13  -0.00842713 -3.76809e-13   -0.0115888 -2.94229e-13   -0.0038414  7.65297e-14   0.00808843   4.0241e-13    0.0136072  4.06262e-13   0.00854717  1.12024e-13  -0.00211357 -2.28224e-13   -0.0101913 -3.87005e-13   -0.0114172 -3.24002e-13  -0.00730722 -1.51356e-13  -0.00203112 -1.51642e-16   0.00137593  7.03702e-14   0.00235123  7.33621e-14   0.00187197  4.81614e-14   0.00104937  2.34782e-14  0.000448953  8.85328e-15   0.00014932  2.58985e-15  3.82625e-05  5.76044e-16  7.31504e-06   9.3117e-17  9.77213e-07  9.97584e-18  7.93617e-08  5.56162e-19  2.54239e-09
 7.68057e-15  0.000538098  2.79564e-14  0.000965573  2.31585e-14 -8.16474e-05 -4.36224e-14  -0.00270252 -1.23714e-13  -0.00385817 -8.95886e-14 -0.000289483   9.5469e-14   0.00591039  2.57209e-13   0.00762331  1.72674e-13  0.000937714 -1.37869e-13  -0.00871141 -3.77833e-13   -0.0113879 -2.82765e-13   -0.0034647  8.68824e-14   0.00829303  4.06262e-13    0.0137048  4.11794e-13    0.0088533  1.27438e-13    -0.001536 -2.09045e-13  -0.00976553  -3.8347e-13   -0.0117695  -3.5365e-13   -0.0087528 -2.15209e-13   -0.0043076 -8.15252e-14  -0.00108182 -5.93945e-15  0.000319573  1.72488e-14  0.000535375  1.50274e-14  0.000339923   7.6673e-15  0.000145051  2.78723e-15  4.53151e-05  7.47717e-16    1.043e-05  1.45875e-16  1.70734e-06  1.96259e-17   1.8198e-07  1.59722e-18  1.01096e-08  4.69714e-20
 0.000141134  1.23439e-14  0.000687069  3.24431e-14   0.00106333  2.43245e-14  -0.00012332 -4.70653e-14  -0.00281615 -1.25202e-13  -0.00376451  -8.1181e-14  7.38771e-05  1.07367e-13   0.00612835   2.5625e-13   0.00731758  1.55406e-13  0.000333942  -1.5537e-13  -0.00903294 -3.79556e-13   -0.0111897 -2.70748e-13  -0.00305409  9.87317e-14   0.00854717  4.11794e-13    0.0138572  4.19572e-13   0.00924833  1.46521e-13 -0.000837446  -1.8626e-13  -0.00926821 -3.79371e-13    -0.012159  -3.8563e-13   -0.0102645  -2.7968e-13  -0.00651854 -1.57297e-13  -0.00326894 -7.06468e-14  -0.00131728 -2.55832e-14 -0.000428498 -7.47835e-15 -0.000112533 -1.76727e-15 -2.39649e-05 -3.42739e-16 -4.22259e-06  -5.6705e-17 -6.37792e-07 -8.09158e-18 -8.21175e-08 -8.44092e-19 -7.69636e-09 -4.52148e-20 -3.14904e-10
 1.58597e-15  0.000175368  1.40176e-14  0.000764172  3.54813e-14   0.00113109  2.42496e-14 -0.000216691 -5.22139e-14  -0.00295583  -1.2613e-13  -0.00361313 -7.01941e-14  0.000507708  1.20652e-13   0.00635109  2.54342e-13   0.00695979  1.36021e-13 -0.000334278 -1.74688e-13  -0.00939095 -3.81712e-13   -0.0109816 -2.57826e-13  -0.00260594  1.12024e-13    0.0088533  4.19572e-13    0.0140994  4.31021e-13   0.00976216  1.69123e-13 -6.44162e-05 -1.62234e-13  -0.00875302 -3.73959e-13   -0.0124309 -4.09262e-13   -0.0113507 -3.23979e-13   -0.0079607 -2.04004e-13  -0.00453806 -1.05866e-13  -0.00214987 -4.58585e-14 -0.000851273  -1.6575e-14 -0.000280066 -4.94307e-15 -7.52405e-05 -1.18848e-15 -1.59909e-05 -2.21077e-16 -2.54659e-06 -2.94205e-17 -2.75092e-07 -2.36457e-18 -1.60178e-08 -7.30861e-20
-2.10666e-05  3.80793e-16  0.000159709  1.51098e-14  0.000843705  3.83437e-14   0.00116506    2.216e-14 -0.000375663 -5.87632e-14  -0.00309646 -1.25717e-13  -0.00339475 -5.68111e-14  0.000999565  1.34937e-13   0.00656932  2.51153e-13   0.00653669   1.1405e-13  -0.00107622 -1.95825e-13   -0.0097775 -3.83976e-13   -0.0107575 -2.43918e-13  -0.00211357  1.27438e-13   0.00924833  4.31021e-13     0.014459  4.45805e-13    0.0103398  1.92544e-13   0.00072117 -1.36297e-13  -0.00805844 -3.56031e-13   -0.0120731 -4.03209e-13   -0.0113067 -3.25438e-13   -0.0080428 -2.06718e-13  -0.00459708 -1.06815e-13  -0.00215155 -4.53006e-14 -0.000825809 -1.56938e-14 -0.000257205 -4.37006e-15 -6.35374e-05  -9.4932e-16 -1.19622e-05 -1.52506e-16  -1.5998e-06  -1.6262e-17 -1.31804e-07 -8.81398e-19 -4.33128e-09
 -1.8754e-15 -8.95894e-05 -1.26216e-15  0.000162007  1.71178e-14  0.000932949  4.04175e-14   0.00114601  1.79836e-14 -0.000584749 -6.59988e-14  -0.00322204 -1.23737e-13  -0.00310794 -4.10215e-14    0.0015485  1.50011e-13   0.00676832  2.45988e-13   0.00602806  8.90658e-14  -0.00189591 -2.18738e-13   -0.0101909 -3.86276e-13   -0.0105084 -2.28224e-13    -0.001536  1.46521e-13   0.00976216  4.45805e-13    0.0148775  4.61013e-13    0.0109115  2.17226e-13   0.00167625 -9.73786e-14  -0.00668219 -3.05105e-13   -0.0104352 -3.47913e-13  -0.00968063 -2.75214e-13  -0.00669177 -1.68594e-13  -0.00366178 -8.27872e-14  -0.00161642 -3.28501e-14 -0.000575602 -1.04604e-14 -0.000163114  -2.6195e-15 -3.57528e-05 -4.96696e-16 -5.75998e-06 -6.62932e-17  -6.1945e-07 -5.27256e-18  -3.5447e-08 -1.50204e-19
-6.29856e-05 -4.22716e-15 -0.000148528 -1.83962e-15  0.000199414  1.97249e-14   0.00101304  4.13418e-14   0.00107671  1.20837e-14 -0.000832793 -7.36412e-14  -0.00332422 -1.19817e-13  -0.00274034 -2.25863e-14   0.00215049   1.6534e-13   0.00692498   2.3809e-13   0.00541568  6.06166e-14  -0.00280423 -2.43645e-13   -0.0106267 -3.87848e-13   -0.0101913 -2.09045e-13 -0.000837446  1.69123e-13    0.0103398  4.61013e-13    0.0152825  4.76935e-13    0.0116289  2.53964e-13   0.00328546 -2.62659e-14  -0.00404632 -2.05578e-13  -0.00723899 -2.42065e-13  -0.00667045 -1.86325e-13  -0.00442642 -1.08451e-13  -0.00228135 -4.97521e-14 -0.000933503 -1.81495e-14  -0.00030303 -5.21746e-15 -7.67057e-05 -1.15222e-15 -1.46025e-05  -1.8589e-16 -1.95371e-06 -1.96434e-17 -1.59626e-07 -1.00898e-18  -5.1641e-09
-1.68402e-15 -0.000119356 -5.99486e-15 -0.000177032 -1.37658e-15  0.000258845  2.25355e-14   0.00107981  4.11591e-14  0.000958598  4.46924e-15  -0.00111663 -8.13285e-14  -0.00338428 -1.13287e-13  -0.00227876 -1.48918e-15   0.00279352  1.80248e-13   0.00701483  2.26577e-13   0.00467236  2.79313e-14  -0.00381162 -2.70148e-13   -0.0110481 -3.87005e-13  -0.00976553  -1.8626e-13 -6.44162e-05  1.92544e-13    0.0109115  4.76935e-13    0.0158235  5.04194e-13    0.0129634  3.20944e-13   0.00606445  8.90978e-14 -3.36082e-05 -6.33105e-14  -0.00294582 -1.08414e-13  -0.00309721 -8.71506e-14  -0.00205219 -4.92836e-14  -0.00100816 -2.12258e-14 -0.000382417 -7.08909e-15 -0.000112349 -1.81998e-15 -2.50531e-05 -3.47955e-16 -4.04827e-06  -4.6064e-17  -4.3167e-07  -3.4644e-18 -2.42505e-08 -7.05754e-20
-3.13625e-05 -2.87531e-15 -0.000160336 -7.08007e-15 -0.000182802 -1.63405e-16    0.0003364  2.55228e-14   0.00113016  3.96213e-14  0.000783986 -4.87503e-15  -0.00142498  -8.8363e-14  -0.00337852 -1.03532e-13  -0.00171473  2.21667e-14   0.00346279  1.93859e-13   0.00700154  2.10131e-13   0.00376662 -9.31206e-15  -0.00489948 -2.96943e-13   -0.0114172  -3.8347e-13  -0.00926821 -1.62234e-13   0.00072117  2.17226e-13    0.0116289  5.04194e-13    0.0169673  5.60439e-13    0.0153918  4.27746e-13    0.0100102   2.3726e-13   0.00468322  9.10174e-14   0.00137644  1.69351e-14  3.23603e-05 -5.92801e-15 -0.000233067 -6.87854e-15 -0.000155411 -3.39664e-15 -6.17116e-05 -1.11406e-15 -1.70635e-05  -2.5804e-16 -3.32522e-06 -4.11301e-17 -4.34231e-07 -3.78566e-18 -3.31659e-08 -3.97907e-20  -9.5652e-10
-4.26744e-16 -4.85854e-05 -3.78114e-15 -0.000192106 -7.72413e-15 -0.000168144  1.86441e-15  0.000432211  2.84628e-14   0.00115137   3.6327e-14  0.000548921 -1.56856e-14  -0.00173946 -9.39486e-14   -0.0032829 -8.99296e-14  -0.00104039  4.81017e-14    0.0041308  2.04749e-13   0.00683851   1.8762e-13   0.00268869 -5.06662e-14  -0.00604797 -3.24002e-13   -0.0117695 -3.79371e-13  -0.00875302 -1.36297e-13   0.00167625  2.53964e-13    0.0129634  5.60439e-13    0.0191775  6.54026e-13    0.0188399  5.59317e-13    0.0143074   3.8212e-13   0.00887049  2.16408e-13   0.00460824  1.03486e-13    0.0020319  4.21276e-14  0.000763261   1.4595e-14  0.000242912   4.2605e-15  6.43919e-05  1.02331e-15  1.37587e-05   1.9357e-16  2.23854e-06  2.70941e-17  2.50143e-07  2.66239e-18  1.51984e-08  1.44298e-19
 3.19323e-07 -5.48618e-16 -6.40336e-05 -4.68204e-15 -0.000218553 -7.83711e-15 -0.000128117  4.72027e-15  0.000538569   3.0899e-14   0.00112946  3.10085e-14  0.000255025 -2.75478e-14  -0.00203763  -9.7128e-14  -0.00306891 -7.18712e-14 -0.000256873  7.55073e-14   0.00475563  2.11406e-13   0.00649059  1.58405e-13    0.0014263 -9.69249e-14  -0.00730722  -3.5365e-13    -0.012159 -3.73959e-13  -0.00805844 -9.73786e-14   0.00328546  3.20944e-13    0.0153918  6.54026e-13    0.0223572  7.68186e-13    0.0224144  6.76463e-13    0.0176318  4.80453e-13    0.0113818  2.83124e-13   0.00613583  1.39779e-13   0.00277274  5.77459e-14   0.00104419  1.97648e-14  0.000322891  5.49701e-15  7.99159e-05  1.20243e-15  1.51832e-05  1.96162e-16  2.06102e-06  2.19881e-17  1.73168e-07  1.46697e-18  5.82638e-09
 2.42959e-16  4.45908e-06 -7.63637e-16 -8.47375e-05 -5.59996e-15 -0.000234594 -7.22564e-15 -6.15484e-05   8.2075e-15  0.000643608  3.23559e-14   0.00105197  2.34716e-14 -9.23388e-05 -3.98225e-14  -0.00228814  -9.6724e-14  -0.00270897 -4.90647e-14  0.000621938  1.03335e-13   0.00529761   2.1246e-13    0.0059119  1.20458e-13 -0.000105182 -1.51356e-13   -0.0087528  -3.8563e-13   -0.0124309 -3.56031e-13  -0.00668219 -2.62659e-14   0.00606445  4.27746e-13    0.0188399  7.68186e-13    0.0255884  8.62402e-13    0.0247523  7.35447e-13     0.018864  5.05231e-13    0.0117414  2.85838e-13   0.00604546  1.33969e-13   0.00257593  5.17963e-14  0.000900281  1.63027e-14  0.000253357  4.07795e-15  5.56379e-05  7.78532e-16  9.04326e-06  1.06055e-16  9.86822e-07  9.18726e-18  5.75792e-08  3.60566e-19
 9.33675e-06  4.85961e-16  3.90444e-06 -1.22197e-15 -0.000109645 -6.36268e-15 -0.000234562 -5.80273e-15  2.90108e-05  1.20446e-14  0.000733571  3.23008e-14  0.000906256  1.36537e-14 -0.000478893 -5.15094e-14  -0.00245205 -9.15332e-14  -0.00217976   -2.135e-14   0.00158155  1.30444e-13   0.00569764  2.04876e-13   0.00497545  6.88994e-14  -0.00203112 -2.15209e-13   -0.0102645 -4.09262e-13   -0.0120731 -3.05105e-13  -0.00404632  8.90978e-14    0.0100102  5.59317e-13    0.0224144  8.62402e-13    0.0274986  8.93022e-13    0.0247728  7.12287e-13    0.0176808  4.57994e-13    0.0102817  2.41405e-13   0.00491442  1.04583e-13   0.00192569  3.69685e-14  0.000611068  1.04811e-14  0.000153408  2.31191e-15  2.92814e-05  3.76778e-16  3.96231e-06     4.15e-17  3.29829e-07  2.57444e-18  1.09416e-08
 2.73653e-16  1.68781e-05  5.79201e-16 -3.81194e-06 -1.88198e-15 -0.000134719 -6.80061e-15  -0.00021416 -3.53193e-15  0.000138742  1.58237e-14  0.000790419   3.0146e-14  0.000683451  1.79233e-15 -0.000879221 -6.12901e-14  -0.00248332 -8.01411e-14  -0.00145208  1.14015e-14   0.00258582  1.53821e-13   0.00580418  1.82151e-13   0.00348711 -1.51642e-16   -0.0043076  -2.7968e-13   -0.0113507 -4.03209e-13   -0.0104352 -2.05578e-13 -3.36082e-05   2.3726e-13    0.0143074  6.76463e-13    0.0247523  8.93022e-13    0.0270235  8.38004e-13    0.0222679  6.14296e-13    0.0146367  3.63879e-13   0.00783373  1.76178e-13   0.00342952  6.96473e-14   0.00122046  2.22329e-14  0.000347244  5.60369e-15  7.66579e-05  1.07236e-15  1.24685e-05  1.45625e-16  1.35658e-06  1.23867e-17  7.86897e-08  4.56803e-19
 5.89227e-06  4.80577e-16  2.11467e-05  4.80028e-16 -1.81169e-05 -2.66095e-15 -0.000155498 -6.72805e-15 -0.000169295 -4.60077e-16  0.000257633  1.89446e-14   0.00079309  2.53753e-14  0.000382083 -1.14991e-14  -0.00125337 -6.72576e-14  -0.00231706 -6.07575e-14 -0.000508712  4.75877e-14   0.00350097  1.66361e-13   0.00536421  1.37265e-13   0.00137593 -8.15252e-14  -0.00651854 -3.23979e-13   -0.0113067 -3.47913e-13  -0.00723899 -6.33105e-14   0.00468322   3.8212e-13    0.0176318  7.35447e-13    0.0247728  8.38004e-13     0.023998  7.07913e-13    0.0179444  4.72949e-13    0.0107715  2.55951e-13   0.00526258  1.12907e-13   0.00209289  4.03884e-14  0.000670441  1.15322e-14  0.000169211   2.5523e-15  3.23642e-05  4.16049e-16  4.37706e-06  4.56079e-17  3.63393e-07  2.76831e-18  1.20031e-08
 1.14602e-16  1.03872e-05  6.28414e-16  2.13094e-05  1.77321e-16 -3.78979e-05 -3.43535e-15 -0.000165788 -5.94398e-15 -9.84627e-05  3.17794e-15  0.000368934  2.06434e-14  0.000719784  1.76466e-14  1.38227e-05 -2.48603e-14  -0.00153126 -6.65619e-14  -0.00187979 -3.26867e-14  0.000580073  8.12579e-14   0.00405998  1.58638e-13   0.00418223  7.03702e-14  -0.00108182 -1.57297e-13   -0.0079607 -3.25438e-13  -0.00968063 -2.42065e-13  -0.00294582  9.10174e-14   0.00887049  4.80453e-13     0.018864  7.12287e-13    0.0222679  7.07913e-13    0.0191825  5.37614e-13    0.0129757  3.26033e-13   0.00708067  1.60396e-13   0.00314082  6.40902e-14   0.00112743  2.05979e-14   0.00032247   5.2111e-15  7.13791e-05  9.98621e-16  1.16171e-05  1.35481e-16  1.26266e-06   1.1444e-17  7.30709e-08  4.11406e-19
 1.57206e-06  2.10105e-16  1.43314e-05   6.9206e-16   1.6316e-05 -3.26226e-16 -6.02494e-05 -4.00443e-15 -0.000158507 -4.32041e-15 -5.68909e-06  6.89471e-15  0.000448463  2.00256e-14  0.000552834  7.18464e-15 -0.000377727 -3.55889e-14  -0.00161123 -5.64463e-14  -0.00115726  8.46933e-16   0.00159566  1.02526e-13   0.00397812  1.25702e-13   0.00235123 -5.93945e-15  -0.00326894 -2.04004e-13   -0.0080428 -2.75214e-13  -0.00667045 -1.08414e-13   0.00137644  2.16408e-13    0.0113818  5.05231e-13    0.0176808  6.14296e-13    0.0179444  5.37614e-13    0.0137962  3.67283e-13   0.00843337  2.01746e-13   0.00417088  8.98898e-14   0.00167231   3.2366e-14   0.00053851  9.27812e-15   0.00013632  2.05745e-15  2.61064e-05  3.35496e-16  3.53041e-06  3.67026e-17  2.92757e-07  2.20569e-18  9.64995e-09
 1.27055e-17  3.22188e-06  3.13772e-16  1.69493e-05  6.24244e-16  5.57241e-06 -9.62833e-16 -7.97487e-05 -4.12381e-15 -0.000128087 -1.90274e-15  9.63283e-05  9.87419e-15  0.000465832  1.63576e-14  0.000297048 -4.45581e-15 -0.000703185 -4.00845e-14  -0.00141154 -3.69329e-14 -0.000272212  3.18113e-14   0.00223516  1.02922e-13   0.00317008  7.33621e-14  0.000319573 -7.06468e-14  -0.00453806 -2.06718e-13  -0.00669177 -1.86325e-13  -0.00309721  1.69351e-14   0.00460824  2.83124e-13    0.0117414  4.57994e-13    0.0146367  4.72949e-13    0.0129757  3.67283e-13   0.00893495  2.25967e-13   0.00493327   1.1224e-13   0.00220556  4.51355e-14  0.000795798   1.4565e-14  0.000228339  3.69327e-15   5.0627e-05  7.08416e-16  8.24364e-06  9.60738e-17  8.95594e-07  8.08756e-18  5.17661e-08  2.86935e-19
-2.13152e-07  4.00652e-17  5.50584e-06  4.00891e-16  1.67398e-05  3.92444e-16 -9.66802e-06 -1.58109e-15  -8.9221e-05 -3.57704e-15 -7.40633e-05  9.41705e-16  0.000183261   1.1075e-14  0.000397865  9.82137e-15  2.01004e-06 -1.42406e-14 -0.000856642 -3.60097e-14 -0.000951248  -1.2673e-14  0.000528891  5.08757e-14   0.00229273  8.18537e-14   0.00187197  1.72488e-14  -0.00131728 -1.05866e-13  -0.00459708 -1.68594e-13  -0.00442642 -8.71506e-14  3.23603e-05  1.03486e-13   0.00613583  2.85838e-13    0.0102817  3.63879e-13    0.0107715  3.26033e-13   0.00843337  2.25967e-13   0.00521529  1.25297e-13   0.00259926  5.61794e-14   0.00104752  2.03113e-14  0.000338423  5.83709e-15  8.58332e-05  1.29605e-15  1.64519e-05  2.11404e-16  2.22489e-06  2.31033e-17  1.84382e-07  1.38104e-18  6.07059e-09
-1.36994e-17  1.24531e-07  9.15884e-17  7.78067e-06  4.25723e-16  1.25536e-05  1.74392e-17 -2.56854e-05 -1.96108e-15 -8.19415e-05  -2.3195e-15 -6.34012e-06  3.44721e-15  0.000225142  9.79784e-15  0.000252358  2.08042e-15 -0.000244859 -1.90327e-14 -0.000784786 -2.45545e-14 -0.000376713  8.67308e-15   0.00100519  5.31737e-14   0.00180854  4.81614e-14  0.000535375 -2.55832e-14  -0.00214987 -1.06815e-13  -0.00366178 -1.08451e-13  -0.00205219 -5.92801e-15    0.0020319  1.39779e-13   0.00604546  2.41405e-13   0.00783373  2.55951e-13   0.00708067  2.01746e-13   0.00493327  1.25297e-13   0.00274474  6.26259e-14   0.00123337  2.52882e-14  0.000446508   8.1819e-15  0.000128382  2.07784e-15  2.84964e-05  3.98817e-16  4.64179e-06  5.40792e-17  5.04176e-07  4.54389e-18  2.91215e-08  1.60007e-19
 -4.0131e-07 -1.08992e-17  1.12117e-06  1.50702e-16  8.87874e-06  3.50067e-16  4.60829e-06 -4.02004e-16 -3.66202e-05 -1.89624e-15 -5.64867e-05 -6.47769e-16  5.41672e-05  4.73867e-15  0.000205019  6.38628e-15  7.72922e-05  -4.2892e-15 -0.000365743 -1.76939e-14 -0.000535156 -1.03628e-14   0.00011115  2.08151e-14    0.0010669  4.13683e-14   0.00104937  1.50274e-14 -0.000428498 -4.58585e-14  -0.00215155 -8.27872e-14  -0.00228135 -4.92836e-14 -0.000233067  4.21276e-14   0.00277274  1.33969e-13   0.00491442  1.76178e-13   0.00526258  1.60396e-13   0.00417088   1.1224e-13   0.00259926  6.26259e-14   0.00130206  2.81961e-14  0.000526507  1.02218e-14  0.000170468  2.94245e-15  4.32907e-05  6.53905e-16  8.30263e-06  1.06688e-16   1.1229e-06   1.1653e-17  9.30238e-08  6.94471e-19  3.06057e-09
-1.01588e-17 -4.25571e-07  9.15761e-18  2.41951e-06   1.8653e-16  7.76044e-06  1.74279e-16 -4.72464e-06 -7.02772e-16 -3.72114e-05 -1.35352e-15 -2.08576e-05  8.44916e-16  8.59294e-05   4.4193e-15  0.000135043  2.26448e-15 -6.29277e-05 -7.33763e-15 -0.000343337  -1.1956e-14 -0.000231713  1.18845e-15  0.000374669  2.23419e-14  0.000814249  2.34782e-14  0.000339923 -7.47835e-15 -0.000851273 -4.53006e-14  -0.00161642 -4.97521e-14  -0.00100816 -6.87854e-15  0.000763261  5.77459e-14   0.00257593  1.04583e-13   0.00342952  1.12907e-13   0.00314082  8.98898e-14   0.00220556  5.61794e-14   0.00123337  2.81961e-14  0.000556105  1.14168e-14   0.00020177  3.70036e-15  5.80942e-05  9.40693e-16  1.29047e-05  1.80639e-16  2.10264e-06  2.44937e-17  2.28357e-07  2.05589e-18  1.31846e-08  7.20806e-20
-2.02452e-07 -1.20054e-17 -7.46089e-08   3.8529e-17  3.30922e-06  1.70706e-16  4.37691e-06 -3.97958e-17 -1.15294e-05 -7.50442e-16 -2.70636e-05 -5.61906e-16  1.05285e-05  1.62058e-15  8.16755e-05  2.90603e-15  5.11918e-05 -9.19937e-16 -0.000127488 -6.91835e-15 -0.000228115 -5.18955e-15  3.58377e-06  7.07197e-15  0.000404722  1.66354e-14  0.000448953   7.6673e-15 -0.000112533  -1.6575e-14 -0.000825809 -3.28501e-14 -0.000933503 -2.12258e-14 -0.000155411   1.4595e-14   0.00104419  5.17963e-14   0.00192569  6.96473e-14   0.00209289  6.40902e-14   0.00167231  4.51355e-14   0.00104752  2.52882e-14  0.000526507  1.14168e-14  0.000213378  4.14635e-15  6.91861e-05  1.19491e-15  1.75851e-05  2.65706e-16  3.37403e-06    4.336e-17  4.56357e-07  4.73469e-18  3.77982e-08  2.81695e-19  1.24307e-09
-3.96285e-18 -2.54964e-07   -5.528e-18  4.96609e-07  6.00385e-17  3.14329e-06  1.02261e-16  1.64436e-07 -1.94965e-16 -1.29473e-05  -5.4947e-16   -1.185e-05  1.17989e-16  2.63648e-05  1.56178e-15  5.30895e-05  1.13044e-15 -1.07794e-05 -2.31251e-15 -0.000120022 -4.48699e-15 -9.77204e-05 -2.21129e-16  0.000115882  7.63933e-15  0.000292401  8.85328e-15  0.000145051 -1.76727e-15 -0.000280066 -1.56938e-14 -0.000575602 -1.81495e-14 -0.000382417 -3.39664e-15  0.000242912  1.97648e-14  0.000900281  3.69685e-14   0.00122046  4.03884e-14   0.00112743   3.2366e-14  0.000795798  2.03113e-14  0.000446508  1.02218e-14   0.00020177  4.14635e-15  7.33147e-05  1.34546e-15  2.11285e-05  3.42274e-16  4.69579e-06  6.57477e-17  7.65268e-07  8.91522e-18  8.31083e-08  7.47909e-19  4.79723e-09  2.61592e-20
