 0.000879177  3.80984e-21   -0.0036637 -9.88692e-20   0.00435392  2.09517e-19  -0.00131407 -1.03973e-19   -0.0009256 -6.57152e-20   0.00047337  5.71637e-20  0.000168698  9.52859e-21  -8.0451e-05 -6.29401e-21  -2.0715e-05 -4.05206e-21  4.96617e-06   8.9436e-22  5.78684e-07
 3.80984e-21   0.00566631   8.5398e-20   -0.0124131 -5.48938e-19   0.00937441  7.53928e-19 -0.000188309 -2.62767e-19  -0.00278708  -1.5728e-19  0.000438625  4.25654e-20  0.000546253  7.43702e-20 -8.24901e-05  -1.5004e-20 -5.61384e-05 -8.02329e-21  3.50699e-06  7.84058e-22
  -0.0036637   8.5398e-20     0.016999  3.34572e-19   -0.0238796   -1.344e-18    0.0110793  1.33828e-18   0.00376104 -1.67185e-19  -0.00432514 -3.56479e-19 -0.000322509 -4.57555e-20  0.000898617    1.645e-19   1.1497e-05 -1.65298e-20 -7.85544e-05 -9.27691e-21 -7.21348e-07
-9.88692e-20   -0.0124131  3.34572e-19    0.0318546  7.26207e-19   -0.0314023  -2.1853e-18   0.00736232  1.56697e-18   0.00851453  3.66663e-19  -0.00447059 -6.45102e-19  -0.00146981 -1.78252e-19   0.00102127  2.31241e-19  0.000146188 -9.91354e-21 -7.19812e-05  -6.1073e-21
  0.00435392 -5.48938e-19   -0.0238796  7.26207e-19    0.0426234  1.15065e-18   -0.0312567 -2.87995e-18  0.000596792   1.3614e-18     0.011797  1.23729e-18  -0.00334784 -9.35703e-19  -0.00249536 -3.01856e-19  0.000902355  2.42058e-19  0.000247727 -2.32049e-21 -4.24487e-05
 2.09517e-19   0.00937441   -1.344e-18   -0.0314023  1.15065e-18    0.0448577  1.58484e-18     -0.02577 -3.56281e-18  -0.00567368  9.49154e-19    0.0130444  2.16591e-18      -0.0017 -1.12355e-18   -0.0031472 -3.72539e-19  0.000643515  1.95248e-19  0.000272645 -3.45732e-22
 -0.00131407  7.53928e-19    0.0110793  -2.1853e-18   -0.0312567  1.58484e-18    0.0407936  2.13894e-18   -0.0194067 -4.47914e-18  -0.00988843  5.90324e-19    0.0129477  2.86909e-18 -9.60592e-05 -1.13115e-18  -0.00342016  -3.6114e-19  0.000349888  1.15334e-19  0.000207877
-1.03973e-19 -0.000188309  1.33828e-18   0.00736232 -2.87995e-18     -0.02577  2.13894e-18    0.0352272  2.91653e-18   -0.0146349 -5.63587e-18   -0.0123647  3.67213e-19    0.0122983   3.1632e-18   0.00125084 -9.52899e-19  -0.00339052  -2.5413e-19  9.48689e-05  3.65215e-20
  -0.0009256 -2.62767e-19   0.00376104  1.56697e-18  0.000596792 -3.56281e-18   -0.0194067  2.91653e-18    0.0309996  3.84788e-18   -0.0116385 -6.69639e-18   -0.0139051  2.03151e-19      0.01153  2.96344e-18   0.00232268 -6.65718e-19   -0.0031168 -7.36673e-20 -6.72686e-05
-6.57152e-20  -0.00278708 -1.67185e-19   0.00851453   1.3614e-18  -0.00567368 -4.47914e-18   -0.0146349  3.84788e-18    0.0285381  4.67789e-18  -0.00980835  -7.1958e-18   -0.0150769  4.66377e-20    0.0107995  2.24946e-18   0.00314932 -3.74063e-19  -0.00260961  1.13176e-19
  0.00047337  -1.5728e-19  -0.00432514  3.66663e-19     0.011797  9.49154e-19  -0.00988843 -5.63587e-18   -0.0116385  4.67789e-18    0.0273686  5.10946e-18  -0.00864502 -6.79752e-18   -0.0161838 -1.42062e-20    0.0101367  1.09665e-18   0.00374085 -1.26125e-19  -0.00180638
 5.71637e-20  0.000438625 -3.56479e-19  -0.00447059  1.23729e-18    0.0130444  5.90324e-19   -0.0123647 -6.69639e-18  -0.00980835  5.10946e-18    0.0270847  4.91452e-18  -0.00788682 -5.35852e-18   -0.0174054  1.54875e-19   0.00951511 -2.90943e-19   0.00404363  1.10439e-19
 0.000168698  4.25654e-20 -0.000322509 -6.45102e-19  -0.00334784  2.16591e-18    0.0129477  3.67213e-19   -0.0139051  -7.1958e-18  -0.00864502  4.91452e-18    0.0275225  3.92957e-18  -0.00740994 -2.92454e-18   -0.0188918  5.35657e-19   0.00885753 -1.75215e-18   0.00385301
 9.52859e-21  0.000546253 -4.57555e-20  -0.00146981 -9.35703e-19      -0.0017  2.86909e-18    0.0122983  2.03151e-19   -0.0150769 -6.79752e-18  -0.00788682  3.92957e-18     0.028695  2.08645e-18  -0.00715538  1.72559e-19   -0.0208246  8.77339e-19   0.00798046 -3.39524e-18
 -8.0451e-05  7.43702e-20  0.000898617 -1.78252e-19  -0.00249536 -1.12355e-18 -9.60592e-05   3.1632e-18      0.01153  4.66377e-20   -0.0161838 -5.35852e-18  -0.00740994  2.08645e-18    0.0307632 -3.93774e-19  -0.00709701  3.46725e-18   -0.0234557  1.11244e-18   0.00608754
-6.29401e-21 -8.24901e-05    1.645e-19   0.00102127 -3.01856e-19   -0.0031472 -1.13115e-18   0.00125084  2.96344e-18    0.0107995 -1.42062e-20   -0.0174054 -2.92454e-18  -0.00715538 -3.93774e-19    0.0340923  -2.9309e-18   -0.0072006  7.72352e-18   -0.0273752  3.83168e-18
 -2.0715e-05  -1.5004e-20   1.1497e-05  2.31241e-19  0.000902355 -3.72539e-19  -0.00342016 -9.52899e-19   0.00232268  2.24946e-18    0.0101367  1.54875e-19   -0.0188918  1.72559e-19  -0.00709701  -2.9309e-18    0.0394538 -6.12136e-18  -0.00762793  1.95345e-17   -0.0344045
-4.05206e-21 -5.61384e-05 -1.65298e-20  0.000146188  2.42058e-19  0.000643515  -3.6114e-19  -0.00339052 -6.65718e-19   0.00314932  1.09665e-18   0.00951511  5.35657e-19   -0.0208246  3.46725e-18   -0.0072006 -6.12136e-18    0.0487168 -1.58012e-17  -0.00713459  5.05235e-17
 4.96617e-06 -8.02329e-21 -7.85544e-05 -9.91354e-21  0.000247727  1.95248e-19  0.000349888  -2.5413e-19   -0.0031168 -3.74063e-19   0.00374085 -2.90943e-19   0.00885753  8.77339e-19   -0.0234557  7.72352e-18  -0.00762793 -1.58012e-17    0.0644216 -4.48368e-17   0.00748107
  8.9436e-22  3.50699e-06 -9.27691e-21 -7.19812e-05 -2.32049e-21  0.000272645  1.15334e-19  9.48689e-05 -7.36673e-20  -0.00260961 -1.26125e-19   0.00404363 -1.75215e-18   0.00798046  1.11244e-18   -0.0273752  1.95345e-17  -0.00713459 -4.48368e-17     0.129869 -1.68648e-16
 5.78684e-07  7.84058e-22 -7.21348e-07  -6.1073e-21 -4.24487e-05 -3.45732e-22  0.000207877  3.65215e-20 -6.72686e-05  1.13176e-19  -0.00180638  1.10439e-19   0.00385301 -3.39524e-18   0.00608754  3.83168e-18   -0.0344045  5.05235e-17   0.00748107 -1.68648e-16     0.263574
