  0.00056852  2.38102e-19  -0.00284581 -1.70257e-18   0.00325167  3.52126e-18  -0.00022171 -3.61697e-18 -0.000605781  1.34643e-18 -0.000145933  4.23603e-19  8.37567e-06 -3.34171e-19  1.10591e-05  4.46682e-21  2.40739e-06  3.27019e-20  2.31279e-07  7.03567e-22   7.3409e-09
 2.38102e-19   0.00470627  9.38352e-19   -0.0121083 -4.18988e-18   0.00782892  7.36754e-18   0.00195175 -7.14358e-18 -0.000957416  2.27894e-18 -0.000553941  6.23579e-19 -0.000105888 -3.72966e-19 -4.12091e-06  3.13324e-20  1.54027e-06  4.07007e-20  2.06636e-07  1.09115e-21
 -0.00284581  9.38352e-19    0.0179883  1.55768e-18   -0.0287532 -4.53959e-18   0.00872367  8.84345e-18   0.00666409 -8.78696e-18  0.000307203  1.96589e-18 -0.000660994  6.26291e-19 -0.000235748 -2.15301e-19 -3.64449e-05  8.37197e-20 -2.50229e-06  3.18595e-20 -4.25445e-08
-1.70257e-18   -0.0121083  1.55768e-18    0.0425186    5.412e-19   -0.0453366 -2.66268e-19  0.000778291  8.03317e-18    0.0102355 -8.04016e-18   0.00309278  6.47496e-19  4.26998e-05   4.6982e-19 -0.000162752  1.22128e-20 -3.71133e-05  1.09243e-19 -3.06491e-06  1.53468e-20
  0.00325167 -4.18988e-18   -0.0287532    5.412e-19    0.0706703 -3.14845e-18     -0.05115  6.97684e-18   -0.0143213  8.34163e-18   0.00831196 -5.40076e-18   0.00506827 -3.09783e-19   0.00104817  4.07462e-19  6.82757e-05  1.84215e-19 -6.30675e-06  8.46507e-20 -7.19788e-07
 3.52126e-18   0.00782892 -4.53959e-18   -0.0453366 -3.14845e-18    0.0900204 -9.17354e-18    -0.042501  1.31818e-17   -0.0289849  1.17535e-17   0.00064699 -1.13422e-18   0.00413791  2.44731e-19   0.00134497   6.1593e-19  0.000191926  2.39436e-19   1.1255e-05  3.81575e-20
 -0.00022171  7.36754e-18   0.00872367 -2.66268e-19     -0.05115 -9.17354e-18    0.0951315 -1.69453e-17   -0.0245462  1.54218e-17   -0.0362909  1.63484e-17  -0.00850158  4.01957e-18  0.000863562  1.95404e-18  0.000734943  8.73625e-19  0.000125192   1.8379e-19  6.28811e-06
-3.61697e-18   0.00195175  8.84345e-18  0.000778291  6.97684e-18    -0.042501 -1.69453e-17    0.0909516 -2.63885e-17  -0.00415814  1.24055e-17    -0.033715  1.84259e-17   -0.0138855  8.02727e-18  -0.00215633  3.24602e-18 -3.01882e-05  8.31802e-19   2.1858e-05  8.13342e-20
-0.000605781 -7.14358e-18   0.00666409  8.03317e-18   -0.0143213  1.31818e-17   -0.0245462 -2.63885e-17    0.0858331 -3.72458e-17    0.0154229   4.1146e-18   -0.0225726  1.57899e-17   -0.0129701  8.82927e-18  -0.00297546  3.05547e-18 -0.000310994   4.9583e-19 -1.01355e-05
 1.34643e-18 -0.000957416 -8.78696e-18    0.0102355  8.34163e-18   -0.0289849  1.54218e-17  -0.00415814 -3.72458e-17     0.084628 -4.82965e-17    0.0333423 -7.39778e-18  -0.00694954  9.31337e-18  -0.00741384  6.45686e-18  -0.00191229  1.82872e-18 -0.000192033  1.63583e-19
-0.000145933  2.27894e-18  0.000307203 -8.04016e-18   0.00831196  1.17535e-17   -0.0362909  1.24055e-17    0.0154229 -4.82965e-17    0.0870215 -5.70397e-17    0.0474579 -1.78259e-17     0.007163  2.24262e-18  -0.00143402  3.07465e-18 -0.000572469  6.77957e-19 -4.31712e-05
 4.23603e-19 -0.000553941  1.96589e-18   0.00309278 -5.40076e-18   0.00064699  1.63484e-17    -0.033715   4.1146e-18    0.0333423 -5.70397e-17    0.0886744 -5.99831e-17    0.0535717 -2.27376e-17    0.0144967 -2.20447e-18   0.00173693  7.75657e-19  5.09664e-05  1.30427e-19
 8.37567e-06  6.23579e-19 -0.000660994  6.47496e-19   0.00506827 -1.13422e-18  -0.00850158  1.84259e-17   -0.0225726 -7.39778e-18    0.0474579 -5.99831e-17    0.0837151 -5.44736e-17    0.0488233 -2.06469e-17    0.0139484 -3.14164e-18    0.0019508 -2.98747e-20  9.26203e-05
-3.34171e-19 -0.000105888  6.26291e-19  4.26998e-05 -3.09783e-19   0.00413791  4.01957e-18   -0.0138855  1.57899e-17  -0.00694954 -1.78259e-17    0.0535717 -5.44736e-17     0.068965 -4.13748e-17    0.0354692 -1.40417e-17   0.00895638 -2.04918e-18  0.000990917 -7.72868e-20
 1.10591e-05 -3.72966e-19 -0.000235748   4.6982e-19   0.00104817  2.44731e-19  0.000863562  8.02727e-18   -0.0129701  9.31337e-18     0.007163 -2.27376e-17    0.0488233 -4.13748e-17     0.047299 -2.54768e-17    0.0200908  -7.1333e-18   0.00399407 -8.02777e-19   0.00026316
 4.46682e-21 -4.12091e-06 -2.15301e-19 -0.000162752  4.07462e-19   0.00134497  1.95404e-18  -0.00215633  8.82927e-18  -0.00741384  2.24262e-18    0.0144967 -2.06469e-17    0.0354692 -2.54768e-17    0.0259869 -1.23129e-17   0.00860783 -2.62449e-18   0.00119071 -1.75456e-19
 2.40739e-06  3.13324e-20 -3.64449e-05  1.22128e-20  6.82757e-05   6.1593e-19  0.000734943  3.24602e-18  -0.00297546  6.45686e-18  -0.00143402 -2.20447e-18    0.0139484 -1.40417e-17    0.0200908 -1.23129e-17    0.0110198 -4.49335e-18   0.00266718 -6.54455e-19  0.000205908
 3.27019e-20  1.54027e-06  8.37197e-20 -3.71133e-05  1.84215e-19  0.000191926  8.73625e-19 -3.01882e-05  3.05547e-18  -0.00191229  3.07465e-18   0.00173693 -3.14164e-18   0.00895638  -7.1333e-18   0.00860783 -4.49335e-18   0.00344942 -1.17269e-18  0.000553385 -9.43074e-20
 2.31279e-07  4.07007e-20 -2.50229e-06  1.09243e-19 -6.30675e-06  2.39436e-19  0.000125192  8.31802e-19 -0.000310994  1.82872e-18 -0.000572469  7.75657e-19    0.0019508 -2.04918e-18   0.00399407 -2.62449e-18   0.00266718 -1.17269e-18  0.000746669 -1.99816e-19  6.46468e-05
 7.03567e-22  2.06636e-07  3.18595e-20 -3.06491e-06  8.46507e-20   1.1255e-05   1.8379e-19   2.1858e-05   4.9583e-19 -0.000192033  6.77957e-19  5.09664e-05 -2.98747e-20  0.000990917 -8.02777e-19   0.00119071 -6.54455e-19  0.000553385 -1.99816e-19  9.94469e-05 -1.81701e-20
  7.3409e-09  1.09115e-21 -4.25445e-08  1.53468e-20 -7.19788e-07  3.81575e-20  6.28811e-06  8.13342e-20 -1.01355e-05  1.63583e-19 -4.31712e-05  1.30427e-19  9.26203e-05 -7.72868e-20   0.00026316 -1.75456e-19  0.000205908 -9.43074e-20  6.46468e-05 -1.81701e-20  6.12393e-06
