 7.78349e-35  1.83235e-49 -7.65794e-35  4.38249e-48  2.62512e-35 -4.13708e-47 -9.73251e-36   1.7445e-46  5.00042e-36 -2.09338e-45 -8.23812e-35  1.10979e-44  1.10484e-33  -3.4744e-44 -1.14781e-32 -1.14838e-43  9.97892e-32 -3.50559e-44 -7.39683e-31 -4.12246e-43  4.72875e-30 -1.33954e-42 -2.62968e-29  1.47015e-41  1.28033e-28 -9.00996e-41 -5.48375e-28  5.40212e-40  2.07318e-27 -2.88554e-39 -6.93304e-27  1.39045e-38  2.05288e-26 -6.11722e-38 -5.38119e-26  2.46601e-37  1.24697e-25 -9.12855e-37 -2.54728e-25  3.10879e-36  4.56627e-25 -9.75293e-36 -7.13388e-25  2.82148e-35  9.61405e-25 -7.53239e-35 -1.10017e-24  1.85652e-34  1.04177e-24 -4.22536e-34 -7.78057e-25  8.87981e-34  4.08995e-25 -1.72264e-33 -9.00648e-26  3.08322e-33 -7.15077e-26 -5.08747e-33  8.18693e-26  7.73123e-33 -2.82381e-26 -1.08067e-32 -9.75387e-27  1.38732e-32  1.26967e-26 -1.63275e-32  -2.2903e-27  1.75801e-32 -2.53554e-27 -1.72767e-32  1.22361e-27   1.5456e-32  3.24406e-28 -1.25508e-32 -3.12135e-28  9.22197e-33 -2.96028e-29 -6.11056e-33  5.93051e-29  3.63787e-33  3.43944e-30 -1.93759e-33 -9.40214e-30  9.17797e-34 -7.76938e-31 -3.82548e-34  1.17349e-30  1.36984e-34  1.99439e-31 -3.94659e-35 -1.10207e-31  7.06171e-36 -3.05104e-32  9.49551e-37  4.57814e-33 -1.60853e-36  3.30624e-33  8.82524e-37  9.92555e-35 -3.30958e-37 -1.61266e-34    9.167e-38 -2.98475e-35 -1.84434e-38  1.31881e-36  2.45741e-39  1.47842e-36 -1.31286e-40  1.50771e-37 -3.38379e-41 -1.56103e-38  1.45902e-41 -3.58348e-39 -3.50318e-42 -3.22457e-40  5.34256e-43  5.80857e-42  -4.5766e-44  3.21321e-42  2.39594e-45  1.17844e-43 -2.35319e-46  1.25476e-45  2.33265e-47 -6.47469e-47 -6.30956e-49
 1.83235e-49  1.47975e-34  4.45923e-48 -9.49469e-35  7.60604e-47  3.71018e-35 -7.26374e-46 -4.30951e-35   2.8145e-45  3.06895e-34 -2.35605e-44 -4.21311e-33  1.03844e-43  4.80902e-32 -2.68144e-43 -4.56151e-31 -9.04397e-43  3.66359e-30 -7.20234e-43 -2.52464e-29  1.14346e-43  1.50754e-28 -3.16819e-41 -7.85869e-28  2.44597e-40  3.59643e-27  -1.4751e-39 -1.45077e-26  8.29387e-39  5.17275e-26 -4.21962e-38 -1.63275e-25  1.95434e-37  4.56434e-25 -8.28923e-37 -1.12919e-24  3.22787e-36  2.46713e-24 -1.15605e-35 -4.74348e-24  3.81365e-35  7.98115e-24 -1.16002e-34 -1.16542e-23  3.25605e-34  1.45853e-23 -8.43788e-34 -1.53389e-23  2.01932e-33  1.31033e-23 -4.46283e-33 -8.48321e-24  9.10658e-33  3.39475e-24 -1.71491e-32  1.24566e-25  2.97834e-32 -1.28094e-24 -4.76594e-32  8.24489e-25  7.01867e-32 -7.93448e-26 -9.49882e-32 -2.07015e-25  1.17937e-31  1.11465e-25 -1.34068e-31  1.52916e-26  1.39221e-31 -3.26473e-26 -1.31721e-31  4.13077e-27  1.13221e-31   6.4926e-27 -8.81355e-32 -1.73763e-27  6.19272e-32 -1.09198e-27 -3.91412e-32  3.63775e-28  2.21792e-32  1.76295e-28 -1.12301e-32 -5.25244e-29  5.06184e-33  -2.6767e-29  -2.0177e-33  4.64787e-30  6.99312e-34  3.53661e-30 -2.00272e-34 -1.02374e-31  3.91611e-35 -3.30774e-31  1.17404e-36 -4.11209e-32 -5.77788e-36  1.92463e-32  3.29918e-36  5.12752e-33 -1.21296e-36 -1.89294e-34   3.1883e-37 -2.63346e-34 -5.90999e-38 -3.66201e-35  7.13094e-39  3.89185e-36 -3.89608e-40  1.41737e-36 -7.31514e-41  9.70821e-38  4.19368e-41 -7.25771e-39 -1.21902e-41 -2.20081e-39  2.08041e-42 -1.37464e-40 -2.09699e-43  2.19079e-42   1.5139e-44  4.49035e-43 -1.07643e-45  1.62627e-44  4.90527e-47  5.68963e-47
-7.65794e-35  4.45923e-48  1.74445e-34  6.21403e-47 -9.94514e-35    8.053e-46  8.43777e-35 -7.78183e-45 -7.19065e-34  2.73406e-44  1.07018e-32  -1.7977e-43 -1.34923e-31  6.63844e-43  1.40215e-30 -1.45277e-42 -1.22409e-29 -4.34206e-42  9.11462e-29 -9.01948e-42 -5.85462e-28  3.77708e-41  3.27206e-27 -4.06077e-40 -1.60147e-26  2.72933e-39  6.89722e-26 -1.58559e-38  -2.6228e-25  8.47536e-38  8.82527e-25 -4.13077e-37 -2.63027e-24  1.84259e-36  6.94256e-24  -7.5481e-36 -1.62068e-23  2.84483e-35  3.33689e-23 -9.87813e-35 -6.03274e-23  3.16335e-34   9.5123e-23 -9.34953e-34 -1.29504e-22  2.55159e-33  1.49903e-22 -6.43155e-33 -1.43865e-22  1.49732e-32  1.09297e-22 -3.21903e-32 -5.89943e-23  6.38813e-32  1.42191e-23 -1.16947e-31  9.42696e-24  1.97337e-31 -1.17386e-23 -3.06588e-31   4.3805e-24  4.37975e-31  1.22974e-24 -5.74366e-31 -1.86484e-24  6.90155e-31  4.00577e-25 -7.58158e-31  3.55695e-25   7.5949e-31 -1.94476e-25 -6.91804e-31 -4.08024e-26  5.71149e-31  4.86533e-26 -4.25903e-31  2.63126e-27  2.85814e-31 -9.28296e-27 -1.71992e-31 -1.55078e-28  9.25123e-32  1.48672e-27 -4.43766e-32  6.81492e-29   1.8959e-32 -1.94236e-28 -7.20187e-33 -2.44818e-29  2.41101e-33  1.89022e-29 -6.85025e-34  4.61269e-30  1.42622e-34 -1.02403e-30 -4.98384e-36 -5.15325e-31 -1.41613e-35 -3.18941e-33  8.59225e-36  2.87098e-32 -3.09434e-36  4.78304e-33  7.61721e-37 -4.73694e-34 -1.25935e-37 -2.52294e-34  1.29566e-38 -2.05529e-35 -6.93699e-40  2.90062e-36 -1.14703e-40  7.11575e-37  1.00668e-40  4.80927e-38 -3.35418e-41 -2.64731e-39  5.92551e-42 -5.30015e-40 -6.25347e-43 -2.31047e-41  4.58697e-44 -2.04821e-44 -2.35047e-45  1.80408e-44  4.75729e-47
 4.38249e-48 -9.49469e-35  6.21403e-47  2.00706e-34  6.08559e-46 -1.60112e-34  6.13309e-45  1.21711e-33  -6.0577e-44 -2.07626e-32  1.92984e-43  2.91828e-31 -1.07284e-42 -3.33951e-30  3.37317e-42  3.18075e-29 -6.66804e-42 -2.56617e-28 -1.18213e-41   1.7768e-27 -8.77018e-41 -1.06628e-26  4.99768e-40  5.58771e-26 -3.81297e-39 -2.57132e-25  2.35522e-38  1.04331e-24 -1.30572e-37 -3.74288e-24  6.65499e-37  1.18913e-23 -3.11183e-36 -3.34721e-23   1.3382e-35  8.34171e-23 -5.30294e-35 -1.83688e-22  1.93857e-34  3.56151e-22 -6.54232e-34 -6.04713e-22  2.03927e-33  8.91837e-22  -5.8725e-33 -1.12855e-21  1.56245e-32  1.20202e-21 -3.84051e-32 -1.04272e-21  8.71884e-32  6.89373e-22  -1.8274e-31 -2.87319e-22  3.53391e-31 -1.40055e-25 -6.30056e-31  1.01664e-22  1.03459e-30  -6.9647e-23 -1.56274e-30  8.96443e-24  2.16809e-30  1.65506e-23 -2.75784e-30 -9.81615e-24  3.20956e-30 -8.89255e-25 -3.40914e-30  2.78061e-24  3.29566e-30 -4.63445e-25 -2.89032e-30 -5.38626e-25  2.29139e-30  1.72914e-25 -1.63568e-30  8.89833e-26  1.04705e-30 -3.61397e-26 -5.98664e-31  -1.4334e-26  3.04761e-31  5.36645e-27 -1.37941e-31  2.25815e-27  5.56036e-32 -5.30354e-28 -2.00532e-32 -3.12341e-28  6.47877e-33  2.12957e-29 -1.82924e-33  3.18908e-29  4.00414e-34  2.66684e-30 -3.09546e-35 -1.97436e-30 -2.78651e-35 -4.60011e-31  1.83445e-35  3.45014e-32 -6.44498e-36  2.72562e-32  1.45481e-36  2.86235e-33 -2.01041e-37  -4.8436e-34  1.43155e-38 -1.39359e-34 -3.75095e-40 -8.56699e-36 -2.96453e-40  1.12324e-36  2.53451e-40  2.30258e-37 -8.20583e-41  1.14994e-38   1.3799e-41 -3.35072e-40  -1.3973e-42 -5.42149e-41  9.06212e-44 -1.47855e-42 -3.02887e-45 -3.27499e-45
 2.62512e-35  7.60604e-47 -9.94514e-35  6.08559e-46  2.88885e-34  4.60451e-45 -1.69984e-33   3.5965e-44  3.24819e-32 -3.70427e-43 -5.14253e-31  1.07796e-42  6.52024e-30 -5.32746e-42 -6.80485e-29  1.47387e-41  5.96754e-28 -3.02569e-41 -4.46457e-27  2.01614e-41  2.88208e-26  -7.3685e-40 -1.61922e-25  4.49296e-39  7.96899e-25 -2.92416e-38 -3.45214e-24  1.67489e-37  1.32083e-23 -8.77389e-37 -4.47331e-23  4.24829e-36  1.34241e-22 -1.90157e-35 -3.56924e-22  7.87852e-35  8.39717e-22 -3.02321e-34 -1.74338e-21  1.07438e-33  3.18025e-21 -3.53486e-33 -5.06371e-21  1.07626e-32  6.96845e-21 -3.03088e-32 -8.16457e-21  7.89036e-32  7.94797e-21 -1.89783e-31 -6.14809e-21  4.21488e-31  3.41165e-21 -8.63732e-31 -8.97295e-22  1.63189e-30 -4.89059e-22 -2.83989e-30  6.72718e-22  4.54691e-30  -2.7202e-22 -6.68858e-30 -5.93479e-23  9.02491e-30  1.09379e-22  -1.1148e-29 -2.76437e-23  1.25777e-29 -1.97048e-23 -1.29268e-29   1.2342e-23  1.20648e-29  1.92025e-24 -1.01891e-29 -3.02799e-24  7.75514e-30 -3.17529e-26 -5.29594e-30  5.77685e-25  3.22956e-30 -1.55355e-26 -1.75065e-30 -9.37786e-26  8.40591e-31 -3.91216e-28  -3.5729e-31  1.27141e-26  1.35119e-31  1.07668e-27 -4.60602e-32 -1.31038e-27  1.43667e-32 -2.62249e-28 -4.05233e-33  8.22676e-29  9.27401e-34  3.24696e-29 -9.64722e-35 -8.79082e-31  -4.9015e-35  -2.0564e-30  3.51076e-35 -2.81329e-31 -1.19134e-35  4.61466e-32   2.3909e-36  1.72612e-32 -2.38172e-37  1.10657e-33 -1.43617e-39 -2.48711e-34  2.79073e-39 -5.20945e-35 -1.19813e-39 -2.62613e-36  6.51809e-40  2.64559e-37 -1.79685e-40  3.91754e-38  2.70589e-41  1.52486e-39 -2.45213e-42 -1.20423e-41  1.25899e-43 -1.40604e-42 -2.17799e-45
-4.13708e-47  3.71018e-35    8.053e-46 -1.60112e-34  4.60451e-45  2.00222e-33  2.84836e-44 -4.22256e-32  1.67386e-43  7.59454e-31 -1.86257e-42 -1.07469e-29  5.03011e-42  1.23526e-28 -2.30566e-41 -1.18187e-27  6.07263e-41  9.58044e-27 -1.63538e-40  -6.6666e-26  6.14357e-40  4.02177e-25 -5.77061e-39 -2.11922e-24  3.41469e-38  9.80901e-24 -1.96633e-37 -4.00448e-23  1.03101e-36  1.44595e-22 -5.01216e-36 -4.62548e-22  2.27569e-35   1.3115e-21 -9.66421e-35 -3.29381e-21  3.83979e-34  7.31326e-21 -1.42561e-33  -1.4306e-20   4.9353e-33  2.45247e-20 -1.58934e-32 -3.65513e-20  4.75046e-32  4.67973e-20 -1.31532e-31 -5.05171e-20  3.36833e-31  4.45395e-20 -7.96743e-31 -3.01032e-20  1.73884e-30  1.30805e-20 -3.49784e-30 -4.74798e-22  6.47887e-30 -4.30749e-21 -1.10378e-29  3.15872e-21  1.72746e-29 -5.14904e-22 -2.47994e-29 -7.03707e-22  3.26006e-29  4.63658e-22 -3.91617e-29   2.0048e-23  4.28827e-29 -1.26558e-22 -4.26804e-29   2.6734e-23  3.84792e-29  2.37177e-23  -3.1301e-29 -9.14752e-24  2.28692e-29 -3.80598e-24 -1.49306e-29  1.90641e-24  8.66201e-30  6.09709e-25 -4.44086e-30 -2.91348e-25  2.00327e-30 -9.97169e-26 -7.94839e-31  3.12729e-26  2.79885e-31  1.46479e-26 -8.96471e-32 -1.73522e-27  2.70399e-32  -1.6143e-27 -7.68886e-33 -7.43783e-29  1.83393e-33  1.09531e-28 -2.13936e-34  2.14171e-29 -8.71342e-35 -2.75432e-30  6.46162e-35  -1.4612e-30 -2.08053e-35 -1.14082e-31  3.56842e-36  3.14321e-32 -1.57541e-37  7.44956e-33 -5.80145e-38  3.36155e-34  1.41224e-38  -7.9336e-35 -4.15753e-39 -1.26788e-35  1.54249e-39  -5.0846e-37  -3.4676e-40  2.84746e-38  4.49653e-41  3.21682e-39 -3.41701e-42  7.79167e-41  1.21667e-43  1.07326e-43
-9.73251e-36 -7.26374e-46  8.43777e-35  6.13309e-45 -1.69984e-33  2.84836e-44  4.61362e-32  1.49717e-43 -9.54754e-31  6.19686e-43  1.52094e-29 -7.95742e-42 -1.93701e-28  2.06651e-41  2.03074e-27 -9.33329e-41 -1.78934e-26   2.8084e-40  1.34538e-25 -1.17788e-39 -8.73069e-25  6.70451e-39  4.93227e-24 -4.50435e-38 -2.44157e-23  2.45794e-37  1.06418e-22 -1.24915e-36 -4.09811e-22  5.83976e-36  1.39745e-21  -2.5516e-35 -4.22417e-21  1.05425e-34  1.13181e-20 -4.14649e-34 -2.68469e-20  1.55557e-33  5.62302e-20 -5.55102e-33  -1.0355e-19  1.87319e-32  1.66584e-19 -5.93662e-32 -2.31867e-19  1.75592e-31  2.75172e-19 -4.82262e-31 -2.71929e-19  1.22537e-30  2.14385e-19 -2.87292e-30 -1.22446e-19  6.20381e-30  3.50352e-20 -1.23219e-29  1.53608e-20  2.24844e-29 -2.38396e-20  -3.7652e-29  1.04635e-20  5.77913e-29   1.6483e-21 -8.11858e-29 -3.96205e-21  1.04204e-28  1.16797e-21 -1.21942e-28  6.64134e-22  1.29772e-28 -4.83901e-22 -1.25204e-28 -4.91974e-23  1.09112e-28  1.16259e-22 -8.55172e-29 -4.20853e-24  5.99702e-29 -2.21069e-23 -3.74066e-29  1.64979e-24  2.06158e-29  3.63732e-24  -9.9691e-30  -1.5374e-25   4.2047e-30 -5.10974e-25 -1.54512e-30 -2.10141e-26  5.01047e-31  5.58972e-26 -1.49359e-31  8.67976e-27   4.3666e-32  -3.9366e-27 -1.26766e-32 -1.25436e-27  3.13206e-33  8.89102e-29 -3.50128e-34  8.99714e-29 -1.74043e-34  9.51608e-30   1.2009e-34 -2.50587e-30 -3.58477e-35 -7.30949e-31  5.03209e-36 -3.14472e-32  1.70653e-37  1.31182e-32  -1.9633e-37  2.27477e-33  4.33117e-38  7.87286e-35 -1.12552e-38 -1.50914e-35  3.17801e-39 -1.80114e-36 -5.82205e-40   -5.856e-38  6.30486e-41  1.13196e-39 -3.72713e-42   7.5635e-41  7.24493e-44
  1.7445e-46 -4.30951e-35 -7.78183e-45  1.21711e-33   3.5965e-44 -4.22256e-32  1.49717e-43  1.02971e-30  6.87684e-43 -1.86676e-29   1.7608e-42   2.6533e-28 -2.99232e-41 -3.06359e-27  8.21158e-41  2.94511e-26 -4.13105e-40 -2.39931e-25  1.78878e-39  1.67835e-24 -1.04124e-38 -1.01811e-23  6.34667e-38  5.39606e-23 -3.63929e-37 -2.51296e-22  1.80562e-36  1.03255e-21 -8.10612e-36 -3.75392e-21  3.31039e-35  1.20955e-20 -1.25066e-34 -3.45592e-20  4.46177e-34  8.75057e-20 -1.53647e-33  -1.9599e-19  5.19725e-33  3.86996e-19  -1.7359e-32 -6.70182e-19  5.67422e-32  1.00998e-18 -1.78426e-31 -1.30918e-18  5.30346e-31  1.43342e-18 -1.47009e-30 -1.28563e-18  3.76708e-30  8.89259e-19 -8.87811e-30 -4.03196e-19    1.919e-29  2.96492e-20 -3.79847e-29  1.22473e-19  6.87886e-29 -9.67859e-20 -1.13883e-28  1.92871e-20  1.72209e-28  1.99714e-20 -2.37577e-28 -1.47773e-20  2.98563e-28  7.56746e-23 -3.41096e-28  3.86909e-21  3.53357e-28 -1.01165e-21 -3.30872e-28 -6.94652e-22   2.7894e-28  3.23893e-22 -2.10715e-28  1.06573e-22  1.41815e-28 -6.73122e-23 -8.44522e-29 -1.68274e-23   4.4143e-29  1.05688e-23 -2.00697e-29  2.87381e-24  7.86698e-30 -1.21549e-24  -2.6479e-30 -4.54362e-25  7.76593e-31  8.28256e-26 -2.11386e-31  5.43792e-26  5.99048e-32  2.88873e-28 -1.80284e-32 -4.07945e-27  4.52751e-33 -6.41412e-28 -3.43762e-34  1.32093e-28 -3.90534e-34  5.19579e-29  2.28155e-34  2.63828e-30 -6.17414e-35 -1.35049e-30   6.7577e-36 -2.64595e-31  9.70855e-37 -6.53419e-33 -4.79425e-37  3.55389e-33  1.03501e-37  4.66429e-34 -2.45671e-38  1.35468e-35  5.61934e-39 -1.48266e-36 -8.42883e-40 -1.28172e-37     7.36e-41 -2.66709e-39  -3.0329e-42  3.62467e-42
 5.00042e-36   2.8145e-45 -7.19065e-34  -6.0577e-44  3.24819e-32  1.67386e-43 -9.54754e-31  6.87684e-43  1.99759e-29  2.81455e-42 -3.19668e-28  3.46597e-42  4.08965e-27 -1.06578e-40 -4.30794e-26  3.84202e-40  3.81483e-25  -2.4726e-39 -2.88341e-24  1.51257e-38  1.88151e-23 -9.74631e-38 -1.06913e-22  5.74533e-37  5.32486e-22 -3.00507e-36 -2.33592e-21   1.3761e-35  9.05701e-21  -5.5931e-35 -3.11076e-20  2.02332e-34  9.47517e-20 -6.55773e-34 -2.55943e-19  1.92916e-33  6.12378e-19 -5.29334e-33 -1.29456e-18  1.42368e-32  2.40793e-18 -3.99666e-32 -3.91606e-18  1.20968e-31  5.51655e-18 -3.83067e-31 -6.63608e-18  1.19487e-30  6.66266e-18 -3.50279e-30 -5.35878e-18  9.41868e-30  3.15372e-18 -2.30076e-29 -9.78778e-19  5.09237e-29 -3.34382e-19 -1.02139e-28  6.03653e-19  1.85812e-28 -2.88189e-19 -3.06847e-28 -2.83876e-20  4.60145e-28  1.02363e-19  -6.2646e-28 -3.49967e-20  7.73629e-28 -1.56298e-20 -8.65208e-28  1.35428e-20   8.7425e-28  6.41054e-22 -7.95607e-28 -3.17843e-21  6.49428e-28  2.76028e-22 -4.73035e-28  6.00256e-22   3.0549e-28 -7.70424e-23 -1.73536e-28 -9.99653e-23  8.58612e-29  9.50761e-24 -3.65587e-29  1.45503e-23   1.3211e-29 -9.63029e-26  -4.0036e-30 -1.68977e-24  1.02593e-30 -1.85839e-25 -2.42817e-31  1.31862e-25  6.56701e-32  3.38336e-26   -2.083e-32 -4.36244e-27   4.9828e-33 -2.77397e-27  2.48439e-34 -2.04068e-28 -9.05653e-34  9.29829e-29  4.34057e-34  2.18591e-29 -1.04523e-34  3.75913e-31   8.2206e-36 -4.81899e-31  2.62361e-36 -6.93326e-32 -9.85518e-37 -1.16862e-33  2.05967e-37  5.92585e-34 -4.46453e-38  5.85126e-35  8.52382e-39  1.46208e-36  -1.0426e-39 -5.88086e-38  6.96451e-41 -2.74857e-39  -1.6048e-42
-2.09338e-45  3.06895e-34  2.73406e-44 -2.07626e-32 -3.70427e-43  7.59454e-31  6.19686e-43 -1.86676e-29  2.81455e-42  3.40015e-28  1.03244e-41 -4.85474e-27  5.60699e-42  5.63214e-26 -4.32797e-40 -5.44142e-25  2.54203e-39  4.45631e-24 -1.98519e-38 -3.13451e-23  1.38491e-37   1.9125e-22 -8.81934e-37 -1.01986e-21   4.9419e-36  4.78023e-21 -2.43081e-35 -1.97756e-20  1.05018e-34  7.24142e-20 -3.99721e-34 -2.35109e-19  1.33603e-33  6.77196e-19 -3.89268e-33  -1.7295e-18  9.75184e-33  3.90938e-18 -2.05203e-32 -7.79595e-18  3.50032e-32  1.36458e-17 -4.74658e-32 -2.08068e-17  6.83218e-32   2.7325e-17  -2.3896e-31 -3.03687e-17  1.20427e-30   2.7733e-17 -5.00232e-30 -1.96522e-17  1.66939e-29  9.30451e-18 -4.65571e-29 -1.03403e-18  1.11769e-28 -2.57895e-18 -2.35379e-28  2.21459e-18  4.40042e-28  -5.2647e-19 -7.35784e-28 -4.16544e-19  1.10535e-27  3.51152e-19 -1.49553e-27 -1.92734e-20  1.82384e-27 -8.76758e-20 -2.00373e-27  2.79798e-20   1.9797e-27  1.48666e-20 -1.75389e-27  -8.4898e-21  1.38755e-27 -2.12411e-21 -9.74884e-28  1.75927e-21  6.03962e-28  3.24454e-22 -3.26893e-28 -2.83203e-22  1.52712e-28 -5.86033e-23 -6.05761e-29  3.45929e-23   1.9943e-29   1.0199e-23 -5.28001e-30 -2.73364e-24  1.08784e-30 -1.34436e-24 -1.84806e-31  5.68695e-26  4.13633e-32  1.12086e-25 -1.41995e-32   1.3294e-26  1.87759e-33 -4.42697e-27  2.40067e-33 -1.35451e-27  -2.0216e-33 -2.66544e-29  8.01241e-34  4.23518e-29 -1.68623e-34  6.83841e-30  7.67655e-36 -3.91273e-33  5.67233e-36 -1.14957e-31 -1.77477e-36 -1.25559e-32  3.50399e-37 -1.97261e-34 -6.89327e-38  5.38933e-35  1.10999e-38  3.76796e-36 -1.08631e-39  6.42552e-38  5.05989e-41  -3.5187e-40
-8.23812e-35 -2.35605e-44  1.07018e-32  1.92984e-43 -5.14253e-31 -1.86257e-42  1.52094e-29   1.7608e-42 -3.19668e-28  1.03244e-41  5.13884e-27   3.2801e-41 -6.60565e-26  6.38262e-41  6.99306e-25 -2.53394e-39 -6.22517e-24   2.1406e-38  4.73127e-23 -1.74431e-37 -3.10528e-22  1.21669e-36  1.77532e-21 -7.41935e-36 -8.89924e-21  3.95708e-35  3.93054e-20 -1.85569e-34 -1.53495e-19  7.67458e-34  5.31217e-19 -2.79936e-33 -1.63112e-18  8.95757e-33   4.4438e-18 -2.48295e-32 -1.07298e-17  5.80226e-32  2.29053e-17 -1.07036e-31 -4.30561e-17  1.23398e-31  7.08312e-17  6.81116e-32 -1.01051e-16  -8.5787e-31  1.23306e-16  2.75685e-30 -1.25885e-16   -5.625e-30  1.03394e-16  6.41165e-30 -6.27649e-17  5.29016e-30  2.10688e-17 -5.33505e-29  5.33518e-18  1.79704e-28 -1.17499e-17 -4.41321e-28  6.11736e-18  8.93117e-28  2.49236e-19 -1.55617e-27 -2.02788e-18  2.38236e-27  8.01718e-19 -3.23778e-27  2.73117e-19  3.92655e-27 -2.91016e-19 -4.25735e-27  2.39663e-21  4.12555e-27  6.64794e-20 -3.56516e-27 -9.49801e-21  2.73663e-27 -1.24109e-20 -1.85517e-27  2.36668e-21  1.10188e-27  2.08722e-21 -5.67255e-28 -3.28238e-22  2.49298e-28 -3.14962e-22 -9.14104e-29  1.91704e-23  2.68855e-29  3.88835e-23 -5.83172e-30  2.43694e-24  7.02942e-31 -3.34207e-24  5.78555e-32 -6.74644e-25 -4.97031e-32  1.42519e-25  1.66148e-32  6.47467e-26 -1.03919e-32    2.476e-27  7.94554e-33 -2.57874e-27 -4.20049e-33 -4.91261e-28  1.39801e-33  7.56698e-30 -2.51319e-34  1.33066e-29   1.5889e-36  1.57981e-30  1.06591e-35 -8.74473e-33 -2.82715e-36 -1.73835e-32  5.15451e-37 -1.43405e-33 -9.14179e-38 -2.32001e-35  1.23692e-38  2.08484e-36 -9.29009e-40  7.55438e-38  2.45345e-41
 1.10979e-44 -4.21311e-33  -1.7977e-43  2.91828e-31  1.07796e-42 -1.07469e-29 -7.95742e-42   2.6533e-28  3.46597e-42 -4.85474e-27   3.2801e-41  6.96464e-26  7.16718e-41 -8.12033e-25  1.03996e-39  7.88661e-24 -2.00606e-38 -6.49456e-23  1.87115e-37  4.59478e-22 -1.47514e-36 -2.82066e-21  9.86368e-36  1.51386e-20 -5.72478e-35 -7.14395e-20  2.91404e-34  2.97666e-19 -1.31023e-33 -1.09827e-18  5.22149e-33  3.59448e-18 -1.84393e-32 -1.04418e-17  5.74259e-32  2.69102e-17  -1.5592e-31   -6.142e-17  3.60136e-31  1.23763e-16 -6.67284e-31 -2.19088e-16  8.12551e-31  3.38211e-16  2.14703e-31 -4.50315e-16 -4.90642e-30  5.08419e-16  1.76856e-29 -4.73171e-16 -4.35379e-29  3.43865e-16  8.22896e-29  -1.7011e-16 -1.16404e-28  2.53512e-17  9.39125e-29   4.2446e-17   8.4393e-29 -4.00238e-17  -5.5691e-28   1.1154e-17  1.45673e-27  6.71222e-18 -2.83243e-27  -6.5785e-18  4.56619e-27  7.01374e-19 -6.34509e-27  1.55406e-18  7.73158e-27 -6.01279e-19 -8.32571e-27 -2.43481e-19  7.94429e-27  1.74321e-19 -6.71221e-27  3.08111e-20  5.00474e-27 -3.59966e-20  -3.2736e-27 -4.35184e-21  1.86188e-27  5.92839e-21 -9.09029e-28  8.58195e-22  3.73599e-28 -7.64496e-22 -1.24961e-28 -1.72234e-22  3.15916e-29  6.79099e-23  -4.6295e-30  2.56309e-23 -5.12184e-31 -2.59697e-24  6.39013e-31  -2.3953e-24 -2.75876e-31 -1.87867e-25  1.00711e-31  1.12286e-25 -4.23311e-32  2.71999e-26  1.98635e-32 -5.02469e-28 -8.02658e-33 -1.02582e-27  2.26523e-33 -1.34524e-28 -3.36358e-34  4.60516e-30 -1.49811e-35  2.86475e-30  1.77266e-35   2.5881e-31 -3.97941e-36 -4.07824e-34  6.58071e-37 -1.48264e-33 -1.04521e-37 -8.57871e-35  1.16715e-38 -1.09842e-36 -6.18474e-40  1.42557e-38
 1.10484e-33  1.03844e-43 -1.34923e-31 -1.07284e-42  6.52024e-30  5.03011e-42 -1.93701e-28 -2.99232e-41  4.08965e-27  5.60699e-42 -6.60565e-26  7.16718e-41  8.53362e-25 -1.41261e-40 -9.08163e-24  1.20058e-38  8.12913e-23 -1.69804e-37 -6.21428e-22  1.54467e-36  4.10361e-21 -1.15302e-35 -2.36121e-20  7.31763e-35  1.19167e-19 -4.04119e-34 -5.30101e-19  1.96655e-33  2.08584e-18 -8.49544e-33  -7.2766e-18  3.26954e-32  2.25331e-17 -1.12116e-31 -6.19442e-17  3.41334e-31  1.51012e-16   -9.146e-31 -3.25707e-16  2.11829e-30  6.19087e-16  -4.0754e-30 -1.03085e-15  5.82671e-30  1.49041e-15 -3.20858e-30 -1.84621e-15 -1.45579e-29  1.91821e-15  6.79222e-29 -1.61046e-15 -1.84888e-28  1.00942e-15  3.86002e-28 -3.65495e-16  -6.5048e-28   -6.286e-17   8.6889e-28  1.83648e-16 -8.08448e-28 -1.04622e-16  1.34441e-28  1.69246e-18   1.4767e-27  3.21487e-17   -4.146e-27 -1.46961e-17  7.60918e-27  -3.6205e-18 -1.11743e-26  5.01498e-18  1.39086e-26 -3.31389e-19 -1.50103e-26  -1.1093e-18  1.41758e-26  2.29056e-19 -1.17431e-26  2.03364e-19  8.51416e-27 -5.40741e-20 -5.37079e-27 -3.44127e-20  2.91807e-27  8.04328e-21 -1.34407e-27  5.39113e-21  5.10992e-28 -6.75738e-22 -1.51847e-28 -7.09857e-22   2.9901e-29 -7.83812e-24 -1.51762e-31  6.70543e-23 -3.12741e-30  1.01062e-23  1.81616e-30 -3.46952e-24 -7.61319e-31 -1.19003e-24  2.90436e-31  3.69651e-27 -1.11249e-31  5.61832e-26  4.22683e-32  8.55019e-27 -1.40467e-32  -5.1095e-28  3.36771e-33 -2.89398e-28 -3.91187e-34 -2.77113e-29 -4.63223e-35  1.02272e-30  2.61167e-35   4.0029e-31 -4.91836e-36  2.74462e-32   7.2791e-37  1.37873e-34 -1.02737e-37 -5.56878e-35  9.10931e-39 -1.64112e-36 -2.79065e-40
 -3.4744e-44  4.80902e-32  6.63844e-43 -3.33951e-30 -5.32746e-42  1.23526e-28  2.06651e-41 -3.06359e-27 -1.06578e-40  5.63214e-26  6.38262e-41 -8.12033e-25 -1.41261e-40   9.5176e-24 -3.79431e-39 -9.29481e-23  1.12861e-37  7.69874e-22 -1.36793e-36 -5.48007e-21  1.17443e-35  3.38581e-20 -8.26579e-35 -1.82952e-19  4.97207e-34  8.69547e-19 -2.61479e-33 -3.65054e-18  1.21764e-32  1.35769e-17 -5.05776e-32 -4.48116e-17  1.88058e-31  1.31348e-16 -6.26246e-31 -3.41749e-16   1.8631e-30   7.8801e-16 -4.92064e-30 -1.60538e-15  1.13924e-29  2.87585e-15 -2.25351e-29 -4.49766e-15  3.58348e-29  6.07587e-15 -3.70849e-29 -6.97444e-15  -1.2327e-29  6.62117e-15  1.87529e-28 -4.93977e-15   -5.967e-28  2.55468e-15  1.33969e-27 -4.78226e-16 -2.41399e-27 -5.63883e-16  3.58729e-27  5.91999e-16 -4.30978e-27 -1.90976e-16  3.77524e-27 -8.57075e-17 -1.20461e-27  1.00636e-16 -3.70507e-27 -1.62103e-17  1.03894e-26 -2.22504e-17 -1.73758e-26  1.04388e-17  2.27456e-26  3.10617e-18 -2.49399e-26 -2.90576e-18  2.34743e-26 -3.08742e-19 -1.91287e-26   5.9709e-19  1.34969e-26  3.41864e-20 -8.19744e-27 -1.00387e-19  4.23443e-27 -8.32688e-21 -1.82138e-27  1.36104e-20  6.26304e-28  2.18878e-21  -1.5495e-28 -1.33447e-21  1.52817e-29 -3.86111e-22  9.84784e-30  6.95658e-23 -8.03057e-30   4.1104e-23    4.026e-30  1.41519e-24 -1.71923e-30 -2.25836e-24  6.70648e-31 -4.30644e-25 -2.41876e-31  2.98564e-26  7.97125e-32  1.98951e-26 -2.24639e-32  2.04291e-27  4.54867e-33 -1.72889e-28 -3.73228e-34 -5.71189e-29 -9.26477e-35 -4.15523e-30  3.39288e-35  1.09582e-31 -5.27924e-36  3.23326e-32  6.92898e-37  1.55689e-33 -8.59042e-38  1.17176e-35  5.58808e-39 -4.00518e-37
-1.14781e-32 -2.68144e-43  1.40215e-30  3.37317e-42 -6.80485e-29 -2.30566e-41  2.03074e-27  8.21158e-41 -4.30794e-26 -4.32797e-40  6.99306e-25  1.03996e-39 -9.08163e-24 -3.79431e-39  9.71829e-23  -3.9351e-38 -8.74964e-22  9.28034e-37  6.72958e-21 -1.01769e-35 -4.47253e-20  8.19798e-35  2.59096e-19 -5.44159e-34 -1.31698e-18   3.1044e-33   5.9027e-18 -1.55614e-32 -2.34113e-17  6.93978e-32  8.23622e-17  -2.7728e-31 -2.57333e-16  9.96014e-31   7.1416e-16 -3.21886e-30 -1.75874e-15  9.34273e-30  3.83469e-15 -2.42422e-29 -7.37461e-15  5.57335e-29   1.2437e-14 -1.11619e-28 -1.82361e-14  1.87925e-28  2.29498e-14 -2.42165e-28 -2.42887e-14  1.51622e-28  2.08653e-14   3.2521e-28 -1.35163e-14   -1.539e-27   5.2657e-15   3.8314e-27  5.09822e-16 -7.27844e-27 -2.37112e-15  1.13633e-26   1.4847e-15 -1.47768e-26 -1.08004e-16  1.56027e-26 -4.19024e-16 -1.20188e-26  2.22188e-16  3.31306e-27    3.562e-17  9.32492e-27 -7.12862e-17 -2.28424e-26  9.09428e-18  3.34047e-26   1.5154e-17 -3.80602e-26 -4.26135e-18  3.60554e-26 -2.70084e-18 -2.90159e-26  9.76133e-19  1.99248e-26  4.57201e-19 -1.16066e-26 -1.52622e-19  5.64495e-27 -7.45609e-20 -2.21918e-27    1.541e-20  6.53133e-28  1.05372e-20  -1.0599e-28 -5.09848e-22  -2.2239e-29 -1.09572e-21  2.87641e-29 -1.09644e-22 -1.66421e-29  6.66587e-23  7.98744e-30  1.75725e-23 -3.48726e-30  -9.7319e-25  1.36334e-30 -9.91832e-25 -4.63767e-31 -1.15694e-25  1.35527e-31  1.48097e-26 -3.27524e-32   5.1034e-27  5.52211e-33  3.73255e-28 -2.47219e-34 -3.27898e-29 -1.47099e-34 -7.46315e-30  3.85369e-35 -4.14998e-31 -4.83125e-36  4.43971e-33  5.60399e-37  1.17964e-33 -5.97124e-38  2.88528e-35  2.34955e-39
-1.14838e-43 -4.56151e-31 -1.45277e-42  3.18075e-29  1.47387e-41 -1.18187e-27 -9.33329e-41  2.94511e-26  3.84202e-40 -5.44142e-25 -2.53394e-39  7.88661e-24  1.20058e-38 -9.29481e-23  -3.9351e-38  9.13005e-22  -3.2852e-37 -7.60856e-21  6.88065e-36  5.45078e-20 -6.96461e-35 -3.39057e-19  5.26572e-34   1.8452e-18 -3.30045e-33 -8.83613e-18  1.78775e-32  3.73914e-17 -8.55052e-32 -1.40236e-16  3.65471e-31  4.66994e-16 -1.40534e-30 -1.38179e-15  4.87724e-30  3.63156e-15 -1.52883e-29  -8.4642e-15  4.32277e-29  1.74442e-14 -1.09862e-28 -3.16429e-14  2.49322e-28  5.01706e-14  -4.9935e-28 -6.88167e-14  8.63055e-28   8.0382e-14 -1.22455e-27 -7.79157e-14  1.22361e-27  5.97365e-14 -1.49331e-28 -3.23108e-14 -3.01771e-27  7.29062e-15  9.26484e-27  6.16107e-15  -1.8869e-26 -7.34152e-15  3.06059e-26  2.71698e-15 -4.13596e-26  8.71766e-16  4.66928e-26 -1.28718e-15 -4.25344e-26  2.82323e-16  2.73782e-26  2.62246e-16 -3.76221e-27 -1.50346e-16 -2.21153e-26 -3.04669e-17  4.28022e-26  4.02722e-17 -5.28638e-26  1.46429e-18  5.11635e-26 -8.21492e-18 -4.08556e-26  7.31569e-20  2.72589e-26  1.40656e-18 -1.50979e-26   2.6419e-20  6.76919e-27 -1.99947e-19 -2.30644e-27 -1.95502e-20  4.79352e-28  2.14058e-20  3.91316e-29  4.61108e-21 -9.75462e-29 -1.37259e-21  6.17163e-29 -5.76837e-22 -3.11838e-29   9.8387e-24  1.48097e-29  3.70819e-23 -6.54868e-30  5.38227e-24  2.51969e-30 -7.84202e-25  -8.0366e-31 -3.16103e-25   2.0935e-31 -2.33825e-26 -4.33868e-32  4.10941e-27  5.93517e-33   9.3253e-28 -7.82757e-36  5.12479e-29 -1.95826e-34 -3.49756e-30  3.77242e-35 -5.75077e-31 -3.64475e-36  -2.2722e-32   3.7691e-37 -9.43631e-36 -3.28275e-38  8.62549e-36
 9.97892e-32 -9.04397e-43 -1.22409e-29 -6.66804e-42  5.96754e-28  6.07263e-41 -1.78934e-26 -4.13105e-40  3.81483e-25  2.54203e-39 -6.22517e-24 -2.00606e-38  8.12913e-23  1.12861e-37 -8.74964e-22  -3.2852e-37  7.92575e-21 -2.43221e-36 -6.13518e-20  4.66344e-35  4.10515e-19 -4.39309e-34 -2.39513e-18  3.12207e-33  1.22661e-17 -1.85035e-32 -5.54142e-17  9.52806e-32  2.21632e-16 -4.35323e-31 -7.86651e-16   1.7852e-30  2.48102e-15 -6.61187e-30 -6.95458e-15  2.21802e-29  1.73104e-14  -6.7431e-29  -3.8177e-14  1.85561e-28  7.43303e-14 -4.60874e-28 -1.27049e-13  1.02785e-27  1.89065e-13  -2.0408e-27 -2.41929e-13  3.55289e-27  2.61046e-13 -5.26239e-27 -2.29685e-13  6.16077e-27  1.53916e-13 -4.27477e-27 -6.43648e-14 -3.14561e-27  -1.7227e-15  1.86571e-26  2.57768e-14 -4.29017e-26 -1.78483e-14  7.28302e-26  2.31193e-15 -1.01116e-25  4.56769e-15  1.17849e-25 -2.83009e-15 -1.14448e-25 -2.25924e-16  8.81488e-26  8.51806e-16 -4.44576e-26 -1.65802e-16  -4.3153e-27 -1.72088e-16  4.41404e-26  6.41823e-17 -6.53491e-26  2.93357e-17  6.63218e-26 -1.44279e-17 -5.28643e-26 -4.91767e-18  3.40791e-26  2.34598e-18  -1.7588e-26  8.39261e-19  6.89037e-27  -2.6698e-19 -1.68994e-27 -1.28812e-19 -7.11224e-29  1.56545e-20  3.45383e-28  1.48447e-20 -2.31788e-28  6.92267e-22  1.16059e-28 -1.04536e-21 -5.49175e-29 -2.09191e-22  2.60583e-29  2.69199e-23 -1.15127e-29  1.44653e-23  4.29071e-30  1.17228e-24  -1.2726e-30 -3.01989e-25  2.94718e-31 -7.42358e-26 -5.19414e-32 -3.63651e-27  5.49935e-33  7.09578e-28  3.05865e-34  1.14829e-28  -2.2264e-34  4.88124e-30  3.10048e-35 -1.79473e-31 -2.10654e-36 -2.04444e-32  2.03296e-37 -4.14277e-34 -1.24724e-38
-3.50559e-44  3.66359e-30 -4.34206e-42 -2.56617e-28 -3.02569e-41  9.58044e-27   2.8084e-40 -2.39931e-25  -2.4726e-39  4.45631e-24   2.1406e-38 -6.49456e-23 -1.69804e-37  7.69874e-22  9.28034e-37 -7.60856e-21 -2.43221e-36  6.38148e-20  -1.6403e-35  -4.6027e-19  2.90966e-34  2.88349e-18 -2.56115e-33 -1.58105e-17  1.71343e-32  7.63137e-17 -9.61519e-32 -3.25643e-16  4.71318e-31  1.23216e-15 -2.05993e-30 -4.14176e-15  8.11617e-30  1.23775e-14 -2.89903e-29 -3.28763e-14  9.40944e-29  7.74987e-14 -2.77569e-28 -1.61676e-13  7.43196e-28  2.97165e-13  -1.8014e-27 -4.78011e-13  3.93594e-27  6.66268e-13 -7.70041e-27 -7.92604e-13  1.33415e-26  7.85203e-13 -2.00632e-26 -6.19267e-13  2.50978e-26  3.50453e-13 -2.31701e-26 -9.26564e-14  7.25608e-27 -5.58084e-14  2.87233e-26  7.76452e-14 -8.57339e-26  -3.2769e-14  1.55984e-25 -6.89836e-15 -2.22605e-25  1.39919e-14  2.64385e-25 -3.95818e-15 -2.64431e-25 -2.56603e-15  2.18634e-25  1.83042e-15 -1.38991e-25  2.11345e-16  4.92748e-26 -4.71707e-16  2.50877e-26  1.67297e-17 -6.76161e-26  9.51505e-17  7.62385e-26 -7.67838e-18 -6.11954e-26 -1.65427e-17  3.75051e-26  8.47457e-19 -1.70583e-26  2.46179e-18  4.77955e-27  8.00126e-20  2.53221e-28 -2.86101e-19 -1.25632e-27 -4.24394e-20  9.01179e-28  2.15188e-20 -4.52372e-28  6.66455e-21  2.01446e-28 -5.50795e-22 -9.22188e-29  -5.0626e-22  4.37059e-29 -5.13147e-23 -1.90215e-29  1.46396e-23  6.77264e-30  4.16794e-24 -1.85094e-30  1.77101e-25  3.78239e-31  -7.4092e-26 -5.57138e-32 -1.26236e-26  4.13825e-33 -4.45901e-28  6.17153e-34   7.3227e-29 -2.16701e-34  8.49173e-30  2.02379e-35    2.637e-31 -7.35866e-37 -2.80316e-33  8.22174e-38 -1.49975e-34
-7.39683e-31 -7.20234e-43  9.11462e-29 -1.18213e-41 -4.46457e-27 -1.63538e-40  1.34538e-25  1.78878e-39 -2.88341e-24 -1.98519e-38  4.73127e-23  1.87115e-37 -6.21428e-22 -1.36793e-36  6.72958e-21  6.88065e-36 -6.13518e-20  -1.6403e-35  4.78134e-19 -1.01779e-34 -3.22212e-18  1.67798e-33  1.89408e-17 -1.38316e-32 -9.77709e-17  8.72201e-32  4.45397e-16 -4.64041e-31 -1.79716e-15  2.16861e-30  6.43859e-15 -9.08278e-30 -2.05087e-14  3.44484e-29  5.80966e-14 -1.18888e-28  -1.4624e-13  3.73943e-28   3.2643e-13 -1.07152e-27 -6.43864e-13  2.79253e-27  1.11618e-12 -6.60157e-27 -1.68709e-12  1.41024e-26  2.19689e-12 -2.70727e-26 -2.41906e-12  4.63057e-26  2.18221e-12 -6.95509e-26 -1.51408e-12  8.92166e-26  6.78183e-13 -9.15404e-26 -2.64686e-14   5.9356e-26  -2.3897e-13  2.06618e-26  1.84512e-13  -1.4845e-25 -3.45448e-14  3.04003e-25 -4.20406e-14 -4.49459e-25  3.08398e-14  5.41534e-25  7.91149e-17 -5.49527e-25 -8.66364e-15  4.69681e-25  2.34064e-15 -3.27758e-25  1.63476e-15  1.68073e-25  -8.0552e-16 -3.46717e-26 -2.58884e-16 -4.57448e-26  1.78667e-16  7.10346e-26  4.21019e-17 -5.85679e-26 -3.00106e-17  3.22576e-26 -7.60645e-18 -1.00179e-26  3.73456e-18 -1.54145e-27  1.29827e-18  4.44538e-27 -2.85736e-19 -3.42271e-27 -1.68319e-19  1.81304e-27  2.36055e-21 -7.89915e-28  1.36608e-20  3.29028e-28  1.96689e-21 -1.48328e-28 -4.89881e-22  6.98802e-29 -1.76128e-22 -2.95628e-29 -7.42996e-24  9.93477e-30  4.82986e-24  -2.4781e-30  8.97204e-25  4.41733e-31  1.85337e-26  -5.2741e-32 -1.18989e-26  2.06661e-33 -1.47202e-27  8.41313e-34 -4.11676e-29 -1.78796e-34  3.90531e-30  8.92884e-36    2.952e-31  9.41644e-38  4.84241e-33  2.12568e-38
-4.12246e-43 -2.52464e-29 -9.01948e-42   1.7768e-27  2.01614e-41  -6.6666e-26 -1.17788e-39  1.67835e-24  1.51257e-38 -3.13451e-23 -1.74431e-37  4.59478e-22  1.54467e-36 -5.48007e-21 -1.01769e-35  5.45078e-20  4.66344e-35  -4.6027e-19 -1.01779e-34  3.34345e-18 -5.83735e-34 -2.11036e-17  8.96505e-33  1.16631e-16 -6.92925e-32 -5.67662e-16  4.12263e-31  2.44372e-15 -2.08225e-30 -9.33296e-15  9.29434e-30  3.16826e-14 -3.73902e-29 -9.56796e-14  1.36862e-28  2.56989e-13  -4.5755e-28 -6.13064e-13  1.39782e-27  1.29547e-12 -3.89744e-27 -2.41439e-12  9.89608e-27  3.94314e-12 -2.28166e-26 -5.58958e-12   4.7595e-26   6.7783e-12 -8.93872e-26 -6.86963e-12  1.50081e-25  5.57888e-12 -2.22756e-25  -3.3044e-12  2.86467e-25  1.00289e-12 -3.06012e-25   4.1715e-13  2.41219e-25 -7.08916e-13 -6.56317e-26  3.40075e-13 -2.13107e-25  3.82817e-14  5.44085e-25 -1.30715e-13 -8.44771e-25  4.62681e-14  1.03143e-24  2.07769e-14 -1.05375e-24 -1.90918e-14  9.15299e-25 -6.15268e-16 -6.69779e-25  4.71989e-15  3.96336e-25 -5.30401e-16 -1.67414e-25 -9.35785e-16  2.38509e-26  1.52279e-16  3.31738e-26  1.64549e-16 -3.19553e-26 -2.17791e-17   9.1716e-27 -2.56251e-17  9.25625e-27  1.01569e-18 -1.50701e-26  3.22742e-18  1.21456e-26  2.66546e-19 -6.98052e-27 -2.78035e-19  3.18567e-27 -6.29125e-20 -1.27079e-27  1.11155e-20  5.09587e-28  5.80466e-21 -2.28636e-28  3.21419e-22   1.0634e-28 -2.15718e-22 -4.31992e-29 -4.57561e-23  1.35547e-29 -2.00469e-25 -3.05552e-30  1.07873e-24  4.67581e-31  1.42033e-25  -4.2761e-32  1.60071e-27 -2.61496e-34 -1.18319e-27  9.23186e-34 -1.04993e-28 -1.21786e-34 -2.29871e-30  4.92372e-37  7.47464e-32  3.35093e-37  2.16511e-33
 4.72875e-30  1.14346e-43 -5.85462e-28 -8.77018e-41  2.88208e-26  6.14357e-40 -8.73069e-25 -1.04124e-38  1.88151e-23  1.38491e-37 -3.10528e-22 -1.47514e-36  4.10361e-21  1.17443e-35 -4.47253e-20 -6.96461e-35  4.10515e-19  2.90966e-34 -3.22212e-18 -5.83735e-34  2.18771e-17 -3.10177e-33 -1.29621e-16  4.44212e-32  6.74688e-16 -3.22102e-31 -3.10068e-15  1.80937e-30   1.2628e-14 -8.68789e-30 -4.56885e-14  3.71246e-29  1.47057e-13 -1.43896e-28 -4.21225e-13  5.10125e-28  1.07292e-12 -1.65781e-27  -2.4255e-12  4.93428e-27  4.85006e-12 -1.34186e-26 -8.53391e-12  3.32437e-26  1.31118e-11 -7.47868e-26 -1.73903e-11  1.52219e-25  1.95601e-11 -2.79058e-25 -1.81091e-11  4.57973e-25  1.30205e-11  -6.6663e-25 -6.23467e-12  8.47288e-25  6.31661e-13 -9.12058e-25  1.90371e-12  7.71688e-25 -1.65864e-12  -3.8136e-25  4.09098e-13 -2.20116e-25  3.27365e-13  9.05784e-25  -2.9074e-13  -1.5018e-24  2.14206e-14   1.8564e-24  7.55534e-14 -1.89932e-24 -2.71006e-14  1.66149e-24 -1.29358e-14 -1.25043e-24  8.58274e-15  8.00697e-25  1.79002e-15 -4.24663e-25 -1.88203e-15  1.80932e-25 -2.67678e-16 -6.77745e-26  3.24977e-16  4.11003e-26  5.28748e-17 -4.69486e-26 -4.35007e-17  4.96433e-26 -1.06164e-17 -4.00301e-26  3.94867e-18  2.48912e-26   1.5985e-18 -1.23239e-26 -1.42988e-19  5.08278e-27 -1.50543e-19 -1.90554e-27 -1.34532e-20  7.50783e-28  6.90347e-21 -3.37439e-28  1.79292e-21  1.53691e-28 -8.50824e-24 -5.92847e-29  -6.3339e-23  1.71984e-29  -8.9689e-24 -3.46776e-30  1.50246e-25  4.45521e-31   1.6282e-25 -2.75731e-32  1.57124e-26 -2.32102e-33  1.55435e-28  8.60069e-34 -6.31454e-29 -6.43376e-35 -3.58547e-30 -3.43398e-36 -4.46423e-32  2.16665e-37
-1.33954e-42  1.50754e-28  3.77708e-41 -1.06628e-26  -7.3685e-40  4.02177e-25  6.70451e-39 -1.01811e-23 -9.74631e-38   1.9125e-22  1.21669e-36 -2.82066e-21 -1.15302e-35  3.38581e-20  8.19798e-35 -3.39057e-19 -4.39309e-34  2.88349e-18  1.67798e-33 -2.11036e-17 -3.10177e-33   1.3426e-16 -1.52824e-32 -7.48202e-16  2.04056e-31  3.67374e-15 -1.38767e-30 -1.59624e-14  7.36216e-30   6.1564e-14 -3.36602e-29 -2.11175e-13  1.38125e-28  6.44814e-13 -5.18053e-28 -1.75241e-12  1.78734e-27  4.23337e-12 -5.67269e-27 -9.06721e-12  1.65143e-26  1.71476e-11  -4.3931e-26 -2.84562e-11  1.06384e-25  4.10593e-11 -2.33674e-25 -5.08035e-11  4.63842e-25  5.27267e-11 -8.28545e-25 -4.41365e-11  1.32451e-24    2.737e-11 -1.87975e-24 -9.38943e-12  2.33757e-24 -2.50288e-12 -2.48602e-24  5.63539e-12  2.14064e-24 -3.07117e-12 -1.24908e-24 -7.12867e-14 -4.60417e-26  1.05689e-12  1.43817e-24 -4.60778e-13 -2.57694e-24 -1.35993e-13   3.2107e-24  1.72204e-13 -3.27116e-24 -8.70028e-15   2.8648e-24 -4.05873e-14  -2.1972e-24  8.07095e-15  1.48471e-24  7.83264e-15 -8.90348e-25 -2.05841e-15  4.92423e-25 -1.38468e-15 -2.83351e-25  3.23855e-16  1.97756e-25  2.25922e-16  -1.5998e-25 -2.84442e-17  1.24011e-25 -3.09248e-17 -8.18309e-26 -3.89449e-19  4.42645e-26  3.01993e-18 -1.96798e-26  4.68397e-19  7.47175e-27 -1.58822e-19 -2.67594e-27 -5.59987e-20  1.05415e-27  -1.0883e-22 -4.76201e-28  2.61736e-21  2.10479e-28  4.14147e-22 -7.62946e-29 -1.99416e-23  2.02788e-29  -1.3057e-23 -3.61824e-30 -1.31261e-24  3.77699e-31  2.96113e-26 -1.05088e-32  1.56042e-26  -3.7106e-33  1.08559e-27  6.96283e-34  1.16453e-29 -2.17421e-35  -1.2843e-30  -3.5137e-36 -2.63341e-32
-2.62968e-29 -3.16819e-41  3.27206e-27  4.99768e-40 -1.61922e-25 -5.77061e-39  4.93227e-24  6.34667e-38 -1.06913e-22 -8.81934e-37  1.77532e-21  9.86368e-36 -2.36121e-20 -8.26579e-35  2.59096e-19  5.26572e-34 -2.39513e-18 -2.56115e-33  1.89408e-17  8.96505e-33 -1.29621e-16 -1.52824e-32  7.74419e-16 -6.97675e-32 -4.06645e-15  8.67179e-31  1.88622e-14 -5.52268e-30 -7.75749e-14  2.76674e-29  2.83594e-13 -1.20693e-28  -9.2289e-13  4.77741e-28  2.67458e-12 -1.74464e-27 -6.89808e-12  5.89741e-27   1.5804e-11 -1.83914e-26 -3.20603e-11   5.2622e-26  5.73019e-11 -1.37393e-25 -8.95696e-11  3.25856e-25   1.2111e-10  -6.9931e-25 -1.39283e-10  1.35308e-24   1.3248e-10 -2.35105e-24 -9.87941e-11  3.64987e-24  5.04831e-11 -5.02582e-24 -8.11592e-12  6.06721e-24 -1.30656e-11 -6.28765e-24  1.30714e-11  5.34598e-24 -4.03736e-12 -3.26286e-24 -2.13895e-12  4.83421e-25  2.39018e-12  2.28512e-24 -3.61408e-13 -4.37795e-24 -5.66146e-13  5.43379e-24  2.65025e-13 -5.46962e-24   8.3352e-14  4.77059e-24 -7.85913e-14  -3.7103e-24  -8.4744e-15  2.61482e-24  1.70257e-14 -1.70238e-24  9.05764e-16  1.06904e-24 -3.00965e-15 -6.97558e-25 -2.31619e-16  4.96249e-25   4.2926e-16 -3.64981e-25  6.65663e-17  2.49453e-25 -4.43465e-17 -1.46529e-25 -1.25639e-17  7.14218e-26  2.45746e-18 -2.88939e-26  1.40507e-18  1.01664e-26  4.29333e-20 -3.52617e-27 -7.96173e-20  1.41267e-27 -1.50835e-20 -6.41616e-28  1.04797e-21  2.72497e-28  6.95804e-22 -9.19127e-29  7.23116e-23  2.21989e-29  -5.4427e-24 -3.46593e-30 -1.86235e-24   2.7897e-31 -1.37358e-25  4.76548e-33   2.2311e-27 -4.26998e-33  8.23706e-28  4.95527e-34  3.66423e-29  3.79529e-37  2.88608e-31 -1.80799e-36
 1.47015e-41 -7.85869e-28 -4.06077e-40  5.58771e-26  4.49296e-39 -2.11922e-24 -4.50435e-38  5.39606e-23  5.74533e-37 -1.01986e-21 -7.41935e-36  1.51386e-20  7.31763e-35 -1.82952e-19 -5.44159e-34   1.8452e-18  3.12207e-33 -1.58105e-17 -1.38316e-32  1.16631e-16  4.44212e-32 -7.48202e-16 -6.97675e-32  4.20633e-15 -2.94329e-31 -2.08456e-14  3.39302e-30  9.14641e-14 -2.01692e-29 -3.56428e-13   9.5314e-29  1.23608e-12 -3.97859e-28 -3.81851e-12  1.52973e-27  1.05069e-11 -5.49062e-27 -2.57206e-11  1.83577e-26  5.58791e-11 -5.66986e-26 -1.07316e-10   1.6035e-25  1.81109e-10 -4.12378e-25 -2.66234e-10  9.59594e-25   3.3644e-10  -2.0129e-24 -3.57946e-10  3.79369e-24  3.09156e-10 -6.40078e-24 -2.00782e-10  9.62245e-24  7.69303e-11 -1.28007e-23  1.09622e-11  1.49033e-23 -3.92159e-11 -1.48886e-23  2.43412e-11  1.22403e-23 -1.47343e-12 -7.35276e-24 -7.41854e-12  1.46214e-24  3.96587e-12  3.89488e-24  6.65614e-13 -7.56198e-24 -1.35119e-12  9.15897e-24  1.84449e-13 -9.01172e-24  3.00259e-13  7.78301e-24 -9.07432e-14 -6.11442e-24  -5.5472e-14  4.46054e-24  2.19759e-14 -3.08345e-24  9.75741e-15  2.08704e-24   -3.661e-15 -1.43998e-24 -1.67451e-15  1.02178e-24   4.0241e-16 -7.09247e-25   2.5152e-16  4.46206e-25 -1.74524e-17 -2.39571e-25  -2.7849e-17  1.06395e-25 -2.42694e-18 -3.92074e-26  1.80518e-18  1.27939e-26  4.50305e-19 -4.36411e-27  -3.0861e-20  1.80968e-27 -2.66707e-20  -8.2397e-28  -2.9799e-21  3.32701e-28  4.05678e-22 -1.03456e-28  1.33167e-22  2.25388e-29  9.54928e-24   -3.045e-30 -7.76516e-25   1.7177e-31 -1.72174e-25   1.5507e-32 -9.22983e-27 -4.07706e-33  4.77841e-29  3.10985e-34  1.71424e-29  6.04496e-36   2.7093e-31
