 1.83856e-06   -2.295e-22 -2.15487e-05  3.28061e-21  8.76303e-05 -1.37954e-20 -0.000182089  3.01308e-20  0.000203025 -3.84272e-20 -9.88238e-05  2.89507e-20 -1.61936e-05  -1.2168e-20  3.38382e-05  2.33966e-21 -4.62257e-06 -1.08898e-22 -3.41356e-06   4.8008e-23  3.62166e-07
  -2.295e-22  3.16808e-05 -1.86084e-21 -0.000200026  1.87746e-20  0.000576994 -6.19497e-20 -0.000896852  1.07653e-19  0.000717949 -1.06365e-19 -0.000158266  5.74303e-20 -0.000162592 -1.29526e-20  9.24279e-05 -1.52838e-21  8.81792e-06  1.01412e-21  -8.7356e-06 -7.26452e-24
-2.15487e-05 -1.86084e-21  0.000255917 -8.95479e-21  -0.00106082  6.92112e-20   0.00226724 -1.82681e-19  -0.00264249  2.51702e-19   0.00140941 -1.88201e-19  0.000140686  6.56821e-20 -0.000495609  1.91561e-21  0.000110198 -9.02115e-21  4.73087e-05   2.0569e-21 -9.00591e-06
 3.28061e-21 -0.000200026 -8.95479e-21   0.00128735 -3.10336e-20  -0.00381868   1.9076e-19   0.00619134 -4.05123e-19   -0.0053284  4.39433e-19   0.00150888 -2.43226e-19   0.00111848  4.34203e-20 -0.000857633  2.40956e-20  8.36684e-06 -1.43016e-20  8.30258e-05  1.88349e-21
 8.76303e-05  1.87746e-20  -0.00106082 -3.10336e-20   0.00452149 -8.34854e-20    -0.010069  4.14666e-19    0.0125192 -7.07964e-19  -0.00760902  6.04004e-19  3.68528e-05 -2.48891e-19   0.00260668  1.07196e-20 -0.000941876  3.55303e-20 -0.000185401 -1.38871e-20  7.65025e-05
-1.37954e-20  0.000576994  6.92112e-20  -0.00381868 -8.34854e-20    0.0117985  -1.8016e-19    -0.020336  7.25343e-19    0.0193975 -9.94236e-19  -0.00741257  6.81892e-19  -0.00317687 -2.27911e-19   0.00389692 -3.05632e-22 -0.000607507  2.81986e-20 -0.000333723 -1.17674e-20
-0.000182089 -6.19497e-20   0.00226724   1.9076e-19    -0.010069  -1.8016e-19    0.0238128 -3.15178e-19   -0.0324812  1.02285e-18    0.0235042 -1.13301e-18   -0.0036803  6.64706e-19  -0.00706876   -2.116e-19   0.00433323  1.93707e-20 -4.69312e-05  2.49454e-20 -0.000310342
 3.01308e-20 -0.000896852 -1.82681e-19   0.00619134  4.14666e-19    -0.020336 -3.15178e-19    0.0383465 -4.44183e-19   -0.0422167  1.14939e-18    0.0225213 -1.05584e-18   0.00254555  5.75602e-19    -0.010173 -1.93968e-19   0.00385903  4.16929e-20  0.000385707  5.62039e-20
 0.000203025  1.07653e-19  -0.00264249 -4.05123e-19    0.0125192  7.25343e-19   -0.0324812 -4.44183e-19    0.0507557 -4.93128e-19   -0.0461236  1.00583e-18    0.0170354 -8.04698e-19   0.00902471  4.11099e-19   -0.0117436 -1.87916e-19   0.00293888 -6.42114e-21   0.00042818
-3.84272e-20  0.000717949  2.51702e-19   -0.0053284 -7.07964e-19    0.0193975  1.02285e-18   -0.0422167 -4.93128e-19    0.0571894 -4.13646e-19    -0.044233  6.62249e-19   0.00975863 -4.65886e-19    0.0140831  2.34422e-19   -0.0119915 -2.94853e-19   0.00211338 -1.68676e-19
-9.88238e-05 -1.06365e-19   0.00140941  4.39433e-19  -0.00760902 -9.94236e-19    0.0235042  1.14939e-18   -0.0461236 -4.13646e-19    0.0574371 -2.44462e-19   -0.0394482     3.05e-19   0.00322269 -1.20247e-19     0.017358  3.92493e-19    -0.011526 -3.98737e-19   0.00156039
 2.89507e-20 -0.000158266 -1.88201e-19   0.00150888  6.04004e-19  -0.00741257 -1.13301e-18    0.0225213  1.00583e-18    -0.044233 -2.44462e-19     0.054447 -9.24167e-20   -0.0349058  2.18192e-20  -0.00152054  4.55379e-21    0.0192718  1.39815e-18   -0.0106121 -3.26636e-19
-1.61936e-05  5.74303e-20  0.000140686 -2.43226e-19  3.68528e-05  6.81892e-19   -0.0036803 -1.05584e-18    0.0170354  6.62249e-19   -0.0394482 -9.24167e-20    0.0515812  1.65202e-21   -0.0322663 -3.90592e-19  -0.00451806 -6.21893e-19    0.0200215   2.6731e-18  -0.00817741
 -1.2168e-20 -0.000162592  6.56821e-20   0.00111848 -2.48891e-19  -0.00317687  6.64706e-19   0.00254555 -8.04698e-19   0.00975863     3.05e-19   -0.0349058  1.65202e-21     0.050759  2.09753e-19   -0.0319534  -9.8397e-19  -0.00573151 -3.91289e-18     0.018158  5.30653e-18
 3.38382e-05 -1.29526e-20 -0.000495609  4.34203e-20   0.00260668 -2.27911e-19  -0.00706876  5.75602e-19   0.00902471 -4.65886e-19   0.00322269  2.18192e-20   -0.0322663  2.09753e-19    0.0526417  9.32498e-19   -0.0344441 -1.48704e-19  -0.00324791 -1.05514e-17    0.0104887
 2.33966e-21  9.24279e-05  1.91561e-21 -0.000857633  1.07196e-20   0.00389692   -2.116e-19    -0.010173  4.11099e-19    0.0140831 -1.20247e-19  -0.00152054 -3.90592e-19   -0.0319534  9.32498e-19    0.0579673  7.82891e-19   -0.0423271  1.26868e-17   0.00710786 -2.91205e-17
-4.62257e-06 -1.52838e-21  0.000110198  2.40956e-20 -0.000941876 -3.05632e-22   0.00433323 -1.93968e-19   -0.0117436  2.34422e-19     0.017358  4.55379e-21  -0.00451806  -9.8397e-19   -0.0344441  7.82891e-19    0.0697172 -2.30058e-18   -0.0609344  3.33418e-17    0.0210118
-1.08898e-22  8.81792e-06 -9.02115e-21  8.36684e-06  3.55303e-20 -0.000607507  1.93707e-20   0.00385903 -1.87916e-19   -0.0119915  3.92493e-19    0.0192718 -6.21893e-19  -0.00573151 -1.48704e-19   -0.0423271 -2.30058e-18     0.093859 -2.55843e-17   -0.0860061  7.86667e-17
-3.41356e-06  1.01412e-21  4.73087e-05 -1.43016e-20 -0.000185401  2.81986e-20 -4.69312e-05  4.16929e-20   0.00293888 -2.94853e-19    -0.011526  1.39815e-18    0.0200215 -3.91289e-18  -0.00324791  1.26868e-17   -0.0609344 -2.55843e-17      0.12643 -1.96718e-17   -0.0821182
  4.8008e-23  -8.7356e-06   2.0569e-21  8.30258e-05 -1.38871e-20 -0.000333723  2.49454e-20  0.000385707 -6.42114e-21   0.00211338 -3.98737e-19   -0.0106121   2.6731e-18     0.018158 -1.05514e-17   0.00710786  3.33418e-17   -0.0860061 -1.96718e-17     0.129667 -7.76535e-17
 3.62166e-07 -7.26452e-24 -9.00591e-06  1.88349e-21  7.65025e-05 -1.17674e-20 -0.000310342  5.62039e-20   0.00042818 -1.68676e-19   0.00156039 -3.26636e-19  -0.00817741  5.30653e-18    0.0104887 -2.91205e-17    0.0210118  7.86667e-17   -0.0821182 -7.76535e-17    0.0674922
