  0.00420113  6.23063e-19   -0.0122197 -3.34937e-18   0.00843136  3.76275e-18  0.000972994 -2.80759e-19  -0.00229694 -1.68628e-18 -0.000210568  8.21336e-19  0.000419238   -6.642e-20  6.05554e-05  3.26036e-20 -3.77076e-05 -2.43802e-20 -6.44346e-06  5.27239e-22  4.48292e-07
 6.23063e-19    0.0195822  2.31732e-18   -0.0295003 -9.11799e-18    0.0107072   7.5535e-18    0.0062279  3.85704e-19  -0.00349525 -2.76152e-18  -0.00136739  5.91094e-19  0.000609616  1.58003e-19  0.000224863  7.12399e-20 -4.06292e-05 -4.02535e-20 -1.25431e-05  -3.8876e-22
  -0.0122197  2.31732e-18    0.0426318  5.63515e-18    -0.040555 -1.63262e-17   0.00459431  1.03452e-17    0.0119024  1.42083e-18  -0.00260514 -2.64958e-18  -0.00271538 -4.35712e-19     0.000446  4.65131e-19  0.000382303  1.04428e-19 -1.27386e-05 -3.45249e-20 -1.09695e-05
-3.34937e-18   -0.0295003  5.63515e-18    0.0589124  9.44475e-18   -0.0388176 -2.11574e-17  -0.00518152  9.85614e-18    0.0147289   3.4063e-18 -0.000315254 -2.08846e-18  -0.00358888 -1.51497e-18  3.67848e-05  6.46665e-19   0.00044887  1.20101e-19  2.18255e-05 -1.33549e-20
  0.00843136 -9.11799e-18    -0.040555  9.44475e-18    0.0605166  1.18384e-17   -0.0294955 -2.17831e-17   -0.0129717  6.11507e-18    0.0146626   6.3164e-18   0.00215821 -1.86485e-18  -0.00384333 -2.13797e-18 -0.000426075  5.76454e-19  0.000406292   1.1809e-19  3.51736e-05
 3.76275e-18    0.0107072 -1.63262e-17   -0.0388176  1.18384e-17    0.0527497  1.24982e-17   -0.0202339  -2.0087e-17   -0.0173116  1.54471e-18    0.0131663  9.28296e-18   0.00420054 -1.92007e-18   -0.0036252 -2.24291e-18 -0.000806563  2.79357e-19  0.000279534  9.07341e-20
 0.000972994   7.5535e-18   0.00459431 -2.11574e-17   -0.0294955  1.24982e-17    0.0440485  1.26801e-17   -0.0140232 -1.91442e-17    -0.019384 -1.60539e-18    0.0113151  1.13101e-17   0.00573158 -1.59998e-18   -0.0030989  -2.0027e-18  -0.00102596 -3.82112e-20  0.000118786
-2.80759e-19    0.0062279  1.03452e-17  -0.00518152 -2.17831e-17   -0.0202339  1.26801e-17    0.0380853  1.36212e-17   -0.0103289 -2.03643e-17   -0.0204785 -3.01335e-18   0.00950432  1.17064e-17   0.00684249  -4.7149e-19  -0.00236551 -1.67253e-18  -0.00102442 -1.48496e-19
 -0.00229694  3.85704e-19    0.0119024  9.85614e-18   -0.0129717  -2.0087e-17   -0.0140232  1.36212e-17    0.0346907  1.55543e-17  -0.00801548 -2.25985e-17   -0.0212774   -3.788e-18   0.00778149  1.04512e-17   0.00761111  1.07896e-18  -0.00147994 -1.40004e-18  -0.00073716
-1.68628e-18  -0.00349525  1.42083e-18    0.0147289  6.11507e-18   -0.0173116 -1.91442e-17   -0.0103289  1.55543e-17    0.0328987   1.7648e-17  -0.00639306 -2.34234e-17   -0.0220795 -5.05708e-18   0.00607087  8.57879e-18   0.00804426    2.102e-18 -0.000505517 -9.70155e-19
-0.000210568 -2.76152e-18  -0.00260514   3.4063e-18    0.0146626  1.54471e-18    -0.019384 -2.03643e-17  -0.00801548   1.7648e-17    0.0321235  1.86859e-17   -0.0051242 -2.15063e-17   -0.0230366 -7.01487e-18   0.00423578  7.58544e-18   0.00802606   2.0802e-18  0.000323252
 8.21336e-19  -0.00136739 -2.64958e-18 -0.000315254   6.3164e-18    0.0131663 -1.60539e-18   -0.0204785 -2.25985e-17  -0.00639306  1.86859e-17     0.032136  1.82036e-17  -0.00401472 -1.81451e-17   -0.0242547 -8.88757e-18   0.00206224  7.52492e-18   0.00717151   1.3087e-18
 0.000419238  5.91094e-19  -0.00271538 -2.08846e-18   0.00215821  9.28296e-18    0.0113151 -3.01335e-18   -0.0212774 -2.34234e-17   -0.0051242  1.82036e-17    0.0328961  1.71229e-17  -0.00290344 -1.63644e-17   -0.0258246  -9.9277e-18 -0.000807906  6.10149e-18   0.00468953
  -6.642e-20  0.000609616 -4.35712e-19  -0.00358888 -1.86485e-18   0.00420054  1.13101e-17   0.00950432   -3.788e-18   -0.0220795 -2.15063e-17  -0.00401472  1.71229e-17    0.0344956  1.70904e-17   -0.0015887  -1.7637e-17   -0.0278032 -1.04315e-17  -0.00470163  1.98416e-18
 6.05554e-05  1.58003e-19     0.000446 -1.51497e-18  -0.00384333 -1.92007e-18   0.00573158  1.17064e-17   0.00778149 -5.05708e-18   -0.0230366 -1.81451e-17  -0.00290344  1.70904e-17    0.0371839  1.89784e-17  0.000287429 -1.91624e-17   -0.0297989 -1.08027e-17  -0.00782809
 3.26036e-20  0.000224863  4.65131e-19  3.67848e-05 -2.13797e-18   -0.0036252 -1.59998e-18   0.00684249  1.04512e-17   0.00607087 -7.01487e-18   -0.0242547 -1.63644e-17   -0.0015887  1.89784e-17    0.0414856  2.20162e-17   0.00376914 -1.58835e-17   -0.0286483 -8.81398e-18
-3.77076e-05  7.12399e-20  0.000382303  6.46665e-19 -0.000426075 -2.24291e-18   -0.0030989  -4.7149e-19   0.00761111  8.57879e-18   0.00423578 -8.88757e-18   -0.0258246  -1.7637e-17  0.000287429  2.20162e-17    0.0487466  2.53715e-17    0.0128029 -6.14285e-18   -0.0166333
-2.43802e-20 -4.06292e-05  1.04428e-19   0.00044887  5.76454e-19 -0.000806563  -2.0027e-18  -0.00236551  1.07896e-18   0.00804426  7.58544e-18   0.00206224  -9.9277e-18   -0.0278032 -1.91624e-17   0.00376914  2.53715e-17    0.0632527   3.1418e-17    0.0343362   5.0866e-18
-6.44346e-06 -4.02535e-20 -1.27386e-05  1.20101e-19  0.000406292  2.79357e-19  -0.00102596 -1.67253e-18  -0.00147994    2.102e-18   0.00802606  7.52492e-18 -0.000807906 -1.04315e-17   -0.0297989 -1.58835e-17    0.0128029   3.1418e-17    0.0916092  4.01845e-17    0.0547062
 5.27239e-22 -1.25431e-05 -3.45249e-20  2.18255e-05   1.1809e-19  0.000279534 -3.82112e-20  -0.00102442 -1.40004e-18 -0.000505517   2.0802e-18   0.00717151  6.10149e-18  -0.00470163 -1.08027e-17   -0.0286483 -6.14285e-18    0.0343362  4.01845e-17     0.117286  3.48347e-17
 4.48292e-07  -3.8876e-22 -1.09695e-05 -1.33549e-20  3.51736e-05  9.07341e-20  0.000118786 -1.48496e-19  -0.00073716 -9.70155e-19  0.000323252   1.3087e-18   0.00468953  1.98416e-18  -0.00782809 -8.81398e-18   -0.0166333   5.0866e-18    0.0547062  3.48347e-17    0.0804674
