  0.00141197 -2.59511e-19  -0.00648703  6.13867e-19   0.00868191  1.20409e-19  -0.00261207 -3.15828e-19  -0.00315211 -1.40154e-18   0.00137476  2.33118e-18   0.00121357 -1.47281e-18 -0.000272367  2.61174e-19 -0.000337416 -1.05067e-19 -2.86771e-05  4.61038e-20  1.44979e-05
-2.59511e-19   0.00976979  2.57859e-19   -0.0229272 -5.84104e-19    0.0179903  3.71192e-18   0.00221828 -3.53938e-19   -0.0084731 -4.19658e-18 -0.000423014  4.59277e-18   0.00294743 -1.34577e-18  0.000489988 -4.28258e-20 -0.000529752 -2.57327e-19  -0.00015637  2.66548e-20
 -0.00648703  2.57859e-19    0.0306264 -8.80173e-19   -0.0435764 -3.11359e-18    0.0170084  3.95533e-18    0.0140919   5.1105e-18  -0.00988357 -9.61965e-18  -0.00507965  5.80286e-18   0.00307144  3.86665e-19    0.0017174 -3.39647e-19 -0.000267168 -3.04513e-19 -0.000162433
 6.13867e-19   -0.0229272 -8.80173e-19    0.0570745  1.40868e-18   -0.0518945 -1.27976e-17   0.00263144  5.70054e-18     0.023564  8.32816e-18  -0.00505402 -1.27429e-17  -0.00887385  4.16838e-18   0.00131648  2.14466e-18   0.00238469 -2.39519e-19    0.0002107 -2.15344e-19
  0.00868191 -5.84104e-19   -0.0435764  1.40868e-18     0.070645   9.2343e-18   -0.0416236 -2.21448e-17    -0.013511  9.63942e-18    0.0246295  6.67491e-18   0.00164151  -1.1987e-17  -0.00990684   8.3294e-19 -0.000924782  2.59253e-18   0.00221828 -8.78517e-20  0.000451948
 1.20409e-19    0.0179903 -3.11359e-18   -0.0518945   9.2343e-18    0.0636969  1.37204e-17   -0.0252697  -2.5304e-17   -0.0216358  1.43124e-17    0.0209198  4.51759e-18   0.00657199 -9.02428e-18   -0.0091488 -1.06833e-18  -0.00278423  1.51041e-18     0.001381 -2.73313e-19
 -0.00261207  3.71192e-18    0.0170084 -1.27976e-17   -0.0416236  1.37204e-17    0.0488978  1.39551e-17   -0.0153144 -2.54438e-17   -0.0236925  1.68566e-17    0.0171362  4.69351e-18   0.00981928 -5.24969e-18  -0.00760677 -4.80359e-19  -0.00408922 -3.43345e-19  0.000189149
-3.15828e-19   0.00221828  3.95533e-18   0.00263144 -2.21448e-17   -0.0252697  1.39551e-17    0.0396921  1.23792e-17   -0.0114745 -2.21993e-17   -0.0245825  1.25359e-17    0.0140782  4.61786e-18    0.0122503  -1.3059e-18  -0.00553753   3.0252e-19  -0.00454065  -1.5247e-18
 -0.00315211 -3.53938e-19    0.0140919  5.70054e-18    -0.013511  -2.5304e-17   -0.0153144  1.23792e-17    0.0364968   8.3612e-18   -0.0092332 -1.44611e-17   -0.0256343  2.65185e-18    0.0112392  2.60013e-18    0.0141416  2.13623e-18  -0.00282443 -8.08705e-19  -0.00311434
-1.40154e-18   -0.0084731   5.1105e-18     0.023564  9.63942e-18   -0.0216358 -2.54438e-17   -0.0114745   8.3612e-18    0.0350649  3.83277e-18  -0.00726838 -6.41186e-18   -0.0267352 -4.79134e-18   0.00835971  1.97392e-18    0.0156142  3.71514e-18   0.00102675 -1.80725e-18
  0.00137476 -4.19658e-18  -0.00988357  8.32816e-18    0.0246295  1.43124e-17   -0.0236925 -2.21993e-17   -0.0092332  3.83277e-18    0.0342082  3.42576e-18   -0.0056659 -3.84971e-18    -0.028064 -5.09997e-18    0.0052066  3.65466e-18    0.0167538  2.34325e-18   0.00411509
 2.33118e-18 -0.000423014 -9.61965e-18  -0.00505402  6.67491e-18    0.0209198  1.68566e-17   -0.0245825 -1.44611e-17  -0.00726838  3.42576e-18    0.0341639  6.65132e-18  -0.00427247 -6.05365e-18    -0.029791 -2.42458e-18   0.00154537   2.8685e-18    0.0150748 -3.92445e-19
  0.00121357  4.59277e-18  -0.00507965 -1.27429e-17   0.00164151  4.51759e-18    0.0171362  1.25359e-17   -0.0256343 -6.41186e-18   -0.0056659  6.65132e-18    0.0349064  7.18392e-18  -0.00281245 -5.80736e-18   -0.0317195 -2.41843e-18  -0.00480716 -1.45554e-18   0.00650631
-1.47281e-18   0.00294743  5.80286e-18  -0.00887385  -1.1987e-17   0.00657199  4.69351e-18    0.0140782  2.65185e-18   -0.0267352 -3.84971e-18  -0.00427247  7.18392e-18    0.0364757  3.36113e-18 -0.000885936 -1.07887e-18   -0.0355217 -5.52641e-18    -0.016288 -3.99446e-18
-0.000272367 -1.34577e-18   0.00307144  4.16838e-18  -0.00990684 -9.02428e-18   0.00981928  4.61786e-18    0.0112392 -4.79134e-18    -0.028064 -6.05365e-18  -0.00281245  3.36113e-18    0.0395601  1.02232e-18   0.00116931 -8.17711e-20   -0.0406679 -9.14459e-18   -0.0198098
 2.61174e-19  0.000489988  3.86665e-19   0.00131648   8.3294e-19   -0.0091488 -5.24969e-18    0.0122503  2.60013e-18   0.00835971 -5.09997e-18    -0.029791 -5.80736e-18 -0.000885936  1.02232e-18    0.0430286  3.75594e-18   0.00310849 -4.34535e-18   -0.0339344 -7.21124e-18
-0.000337416 -4.28258e-20    0.0017174  2.14466e-18 -0.000924782 -1.06833e-18  -0.00760677  -1.3059e-18    0.0141416  1.97392e-18    0.0052066 -2.42458e-18   -0.0317195 -1.07887e-18   0.00116931  3.75594e-18    0.0490308  1.06658e-17    0.0216981 -1.14488e-18  -0.00473292
-1.05067e-19 -0.000529752 -3.39647e-19   0.00238469  2.59253e-18  -0.00278423 -4.80359e-19  -0.00553753  2.13623e-18    0.0156142  3.65466e-18   0.00154537 -2.41843e-18   -0.0355217 -8.17711e-20   0.00310849  1.06658e-17     0.069298  2.09163e-17    0.0570567  7.13126e-18
-2.86771e-05 -2.57327e-19 -0.000267168 -2.39519e-19   0.00221828  1.51041e-18  -0.00408922   3.0252e-19  -0.00282443  3.71514e-18    0.0167538   2.8685e-18  -0.00480716 -5.52641e-18   -0.0406679 -4.34535e-18    0.0216981  2.09163e-17     0.109018  2.71842e-17    0.0635717
 4.61038e-20  -0.00015637 -3.04513e-19    0.0002107 -8.78517e-20     0.001381 -3.43345e-19  -0.00454065 -8.08705e-19   0.00102675  2.34325e-18    0.0150748 -1.45554e-18    -0.016288 -9.14459e-18   -0.0339344 -1.14488e-18    0.0570567  2.71842e-17     0.108714  1.81595e-17
 1.44979e-05  2.66548e-20 -0.000162433 -2.15344e-19  0.000451948 -2.73313e-19  0.000189149  -1.5247e-18  -0.00311434 -1.80725e-18   0.00411509 -3.92445e-19   0.00650631 -3.99446e-18   -0.0198098 -7.21124e-18  -0.00473292  7.13126e-18    0.0635717  1.81595e-17    0.0482211
