  0.00223975 -9.73485e-18  -0.00660902  5.62055e-17   0.00315249 -6.28654e-17   0.00164007  3.50307e-17  -0.00010742 -6.21085e-17 -0.000443505  7.16366e-17 -0.000251471 -3.11301e-17 -6.89859e-05  7.01857e-18  7.24129e-06 -2.69612e-18  2.07511e-05 -5.48808e-19  1.44585e-05  6.71809e-19  7.02789e-06   7.2486e-19  2.67486e-06  6.82393e-20  7.83754e-07 -2.40431e-19  1.38857e-07 -8.53945e-20 -2.15177e-08   1.4594e-21 -3.61702e-08 -1.31041e-21 -2.25343e-08 -1.75824e-21 -1.07888e-08  1.81526e-21 -4.47488e-09  2.15692e-21 -1.68104e-09  1.02069e-21 -5.84626e-10  9.64564e-23 -1.90591e-10 -2.18944e-22 -5.86907e-11 -1.52681e-22 -1.71532e-11 -3.71481e-23 -4.77161e-12  7.99457e-24 -1.26521e-12  9.39036e-24 -3.19907e-13  3.56084e-24 -7.71059e-14  9.14786e-25 -1.76985e-14   3.3423e-25 -3.86318e-15  2.11186e-25 -8.00462e-16  1.18703e-25 -1.57117e-16  4.86095e-26 -2.91463e-17  1.28512e-26  -5.0967e-18  3.28059e-28 -8.37663e-19 -2.00824e-27  -1.2896e-19  -1.4334e-27 -1.85219e-20 -6.53518e-28 -2.46923e-21 -2.26065e-28 -3.03497e-22 -6.07984e-29 -3.40629e-23 -1.17502e-29  -3.4385e-24 -8.47777e-31 -3.03818e-25  5.34558e-31 -2.21326e-26  3.28211e-31 -1.09371e-27    1.164e-31  9.55505e-30  3.05518e-32  1.10547e-29  5.94641e-33  1.74847e-30  7.02076e-34  1.95878e-31 -3.33334e-35  1.79933e-32 -4.47139e-35  1.41663e-33 -1.41421e-35  9.71821e-35 -3.00441e-36  5.83853e-36 -4.78918e-37   3.0688e-37 -5.75245e-38  1.40432e-38 -4.84559e-39  5.55484e-40 -2.01041e-40  1.88481e-41  1.37927e-41  5.45228e-43  3.49503e-42  1.33644e-44  3.60572e-43  2.72005e-46  2.43841e-44  4.27836e-48  1.14281e-45  4.30149e-50   3.3936e-47  1.63306e-52  4.15833e-49
-9.73485e-18    0.0116371 -4.24835e-17    -0.017888  1.58216e-16   0.00288027 -1.00295e-16   0.00470687  1.90743e-17    0.0012373 -1.05561e-16 -0.000503998  1.14306e-16 -0.000638109 -3.45211e-17 -0.000327162  7.52969e-18 -9.16301e-05 -6.01976e-18   4.6829e-06 -2.31655e-18  2.38877e-05  1.76723e-18  1.79237e-05  2.13697e-18  9.42035e-06  3.27328e-19  4.02865e-06 -4.42671e-19  1.45965e-06 -2.08212e-19  4.46591e-07 -5.05683e-20  1.08699e-07   -2.806e-20  1.56991e-08 -9.42561e-21 -2.89705e-09  4.60844e-21 -3.66816e-09  6.54299e-21  -1.9864e-09  3.20353e-21 -8.38821e-10  2.73992e-22 -3.07693e-10 -6.50851e-22 -1.02003e-10 -4.29011e-22  -3.1136e-11  -1.0296e-22 -8.83721e-12   1.7867e-23 -2.34453e-12  2.33185e-23 -5.82894e-13  1.00338e-23 -1.35904e-13  3.64814e-24 -2.96947e-14  1.78544e-24 -6.06815e-15  1.02608e-24 -1.15575e-15  5.10124e-25  -2.0406e-16  1.95577e-25 -3.31197e-17  5.03553e-26 -4.87299e-18  1.95694e-27 -6.33428e-19 -6.79102e-27 -6.86733e-20 -4.78685e-27 -5.14756e-21 -2.12849e-27  4.91556e-23 -7.17484e-28  1.16048e-22 -1.87565e-28  2.89189e-23 -3.46533e-29  5.15836e-24 -1.93547e-30  7.67793e-25  1.77844e-30   1.0005e-25  9.88253e-31  1.16461e-26  3.27956e-31  1.22229e-27  7.97861e-32   1.1613e-28  1.38602e-32  9.99805e-30  1.19127e-33  7.79106e-31 -2.27141e-34  5.48007e-32 -1.32541e-34  3.46432e-33 -3.56672e-35  1.95673e-34 -6.78472e-36  9.79866e-36 -9.74007e-37   4.3077e-37 -1.03855e-37  1.64267e-38 -7.35206e-39  5.36245e-40 -1.61028e-40  1.48287e-41  3.76496e-41  3.47428e-43  6.09784e-42  7.01487e-45  5.24757e-43  1.22486e-46  3.03124e-44  1.66317e-48  1.16915e-45  1.25474e-50  2.47657e-47  1.49486e-53
 -0.00660902 -4.24835e-17    0.0290038 -1.06415e-16   -0.0278002  2.76739e-16   -0.0030084 -6.17982e-17   0.00665185 -5.25485e-17    0.0038537 -1.25359e-16  0.000446871  1.18062e-16 -0.000733724 -1.59694e-17 -0.000653051  5.90579e-18  -0.00031752 -1.14163e-17 -9.43457e-05 -5.40943e-18 -3.25889e-06  3.35871e-18  1.77239e-05  4.22568e-18  1.48621e-05  9.84608e-19  8.39822e-06 -4.39736e-19  3.89766e-06 -3.23246e-19  1.58055e-06 -1.61267e-19  5.75725e-07 -9.30788e-20  1.91083e-07 -2.96644e-20  5.82253e-08  7.48333e-21   1.6348e-08  1.36759e-20  4.23461e-09  6.60953e-21  1.01222e-09  3.65017e-22  2.23706e-10 -1.40012e-21  4.61582e-11  -8.6389e-22  9.17602e-12 -2.11135e-22  1.89021e-12  2.26598e-23  4.45846e-13  4.01077e-23  1.24336e-13  2.07075e-23   3.7894e-14  1.00322e-23  1.14795e-14  5.65704e-24  3.28202e-15  3.12957e-24  8.69011e-16   1.4598e-24  2.12172e-16  5.32861e-25  4.77999e-17  1.31966e-25  9.95594e-18  5.04736e-27  1.92076e-18 -1.64651e-26  3.43724e-19 -1.12244e-26  5.71038e-20 -4.83081e-27  8.80993e-21 -1.57558e-27  1.26196e-21 -3.95745e-28  1.67724e-22 -6.80345e-29  2.06598e-23 -1.89396e-30  2.35473e-24  4.22325e-30  2.47818e-25  2.07166e-30  2.40191e-26  6.34059e-31  2.13695e-27  1.40764e-31  1.73821e-28  2.10515e-32  1.28624e-29  8.70369e-34  8.60524e-31 -6.52327e-34  5.16388e-32 -2.59788e-34  2.75048e-33 -6.06287e-35   1.2815e-34 -1.03277e-35  5.10995e-36 -1.32721e-36  1.68146e-37 -1.23789e-37  4.24925e-39 -6.97773e-39  6.74949e-41   4.1427e-41  -2.3218e-44   5.7682e-41 -3.44923e-44  6.94546e-42 -8.50213e-46  5.02351e-43 -5.87851e-48  2.43563e-44  7.31601e-50  7.32383e-46  6.38086e-52  8.97273e-48
 5.62055e-17    -0.017888 -1.06415e-16    0.0467345 -1.92484e-16   -0.0294271  3.65415e-16   -0.0121477  5.26989e-17   0.00518259 -1.37051e-16   0.00622503 -1.27426e-16   0.00233899  9.21522e-17 -0.000140423  1.08106e-17 -0.000752851  3.35217e-18 -0.000559989 -1.96661e-17  -0.00026669 -9.61406e-18 -8.67917e-05  5.08846e-18 -1.21618e-05  6.66721e-18  8.05131e-06  2.19176e-18   8.7696e-06  -4.1281e-20   5.4215e-06  -3.4206e-19  2.68431e-06 -3.02459e-19  1.16048e-06 -1.92458e-19  4.54685e-07 -6.26629e-20  1.64817e-07  1.06755e-20   5.6013e-08  2.31052e-20  1.80179e-08  1.04854e-20  5.52547e-09 -2.30809e-23  1.62433e-09 -2.55787e-21  4.59563e-10 -1.47941e-21  1.25447e-10 -3.87728e-22  3.30711e-11  2.59538e-24   8.4163e-12  5.26513e-23  2.06431e-12   3.5824e-23  4.86784e-13  2.20772e-23  1.10028e-13  1.34677e-23  2.37619e-14  7.27711e-24  4.88755e-15  3.24647e-24  9.54582e-16  1.13218e-24  1.76527e-16  2.65726e-25  3.08268e-17  6.53299e-27  5.07072e-18 -3.31196e-26   7.8373e-19 -2.13563e-26  1.13539e-19 -8.81877e-27  1.53775e-20  -2.7596e-27  1.94168e-21 -6.57242e-28  2.27857e-22 -1.01594e-28  2.47609e-23  1.66791e-30  2.48084e-24  8.06657e-30  2.27933e-25  3.46086e-30  1.90686e-26  9.65134e-31  1.43845e-27  1.91871e-31  9.64293e-29  2.31615e-32  5.60664e-30 -7.13272e-34  2.69372e-31 -1.25821e-33  9.36868e-33 -3.90963e-34  9.27841e-35  -8.0069e-35 -1.83077e-35  -1.2196e-35 -1.91089e-36 -1.39165e-36 -1.21072e-37 -1.11083e-37 -5.80298e-39   -4.437e-39 -2.19481e-40  2.55292e-40 -6.50008e-42  6.26454e-41 -1.44583e-43  5.97062e-42 -2.22035e-45  3.62107e-43 -2.00334e-47  1.42923e-44 -7.56014e-50   3.0477e-46 -8.36102e-53
  0.00315249  1.58216e-16   -0.0278002 -1.92484e-16    0.0558988 -2.83203e-16   -0.0226275  4.06633e-16   -0.0198203  1.82074e-16  0.000598706 -1.82641e-16   0.00688765 -1.21267e-16   0.00436261  6.23439e-17    0.0011071  3.37213e-17 -0.000403367 -1.87975e-18 -0.000637864 -3.10896e-17 -0.000428485 -1.48374e-17 -0.000204826  6.19129e-18 -7.40849e-05  8.98683e-18 -1.80497e-05  3.92412e-18  -2.1943e-07  8.17358e-19  3.03559e-06  -1.9666e-19  2.34233e-06 -4.27738e-19  1.26607e-06 -3.03921e-19  5.75512e-07 -9.87658e-20  2.33359e-07  1.65956e-20  8.67479e-08  3.36479e-20  3.00165e-08  1.34336e-20  9.75762e-09 -1.48112e-21  2.99739e-09 -4.28926e-21  8.73243e-10  -2.3602e-21   2.4178e-10  -6.9971e-22  6.36803e-11 -7.96641e-23  1.59559e-11  4.84333e-23   3.8012e-12  5.41747e-23  8.60085e-13  4.12457e-23  1.84572e-13   2.6373e-23  3.75023e-14  1.39575e-23  7.20074e-15  5.98554e-24  1.30375e-15   1.9889e-24  2.22064e-16  4.34138e-25  3.54862e-17  -1.5667e-27  5.30397e-18 -5.83847e-26  7.38753e-19 -3.49236e-26  9.54472e-20 -1.37096e-26  1.13706e-20 -4.07744e-27  1.23857e-21 -9.06719e-28  1.21799e-22 -1.19756e-28  1.05819e-23  1.06669e-29  7.77597e-25  1.29386e-29  4.29472e-26  4.84907e-30  8.64592e-28  1.21782e-30 -1.83932e-28  2.11147e-31 -3.41822e-29  1.77332e-32 -3.84859e-30 -3.33949e-33 -3.41917e-31 -1.86732e-33 -2.55763e-32 -4.80635e-34 -1.64767e-33 -8.69695e-35 -9.20652e-35 -1.18062e-35 -4.45757e-36 -1.18261e-36  -1.8572e-37 -7.79183e-38 -6.56909e-39 -1.49822e-39 -1.92751e-40   3.5979e-40 -4.51198e-42  5.28253e-41 -7.87454e-44  4.09825e-42 -9.03273e-46  2.05686e-43 -5.08856e-48  6.27671e-45 -1.50782e-51  7.71154e-47
-6.28654e-17   0.00288027  2.76739e-16   -0.0294271 -2.83203e-16    0.0548035 -3.62355e-16   -0.0125029  4.07606e-16   -0.0234337   2.6281e-16  -0.00508607 -1.75928e-16   0.00551647 -1.07505e-16   0.00566322  4.97342e-17    0.0025967  4.93264e-17  0.000385645   -1.162e-17 -0.000426331 -4.51989e-17  -0.00047183 -2.12966e-17 -0.000299375  5.75045e-18 -0.000145733  1.06623e-17 -5.80513e-05  5.91855e-18 -1.88719e-05  2.00975e-18 -4.57564e-06  1.02676e-19 -4.36354e-07 -5.06675e-19  3.48341e-07 -3.99456e-19  2.99968e-07 -1.23589e-19  1.58093e-07  2.75104e-20  6.80788e-08  4.29216e-20  2.58175e-08   1.3476e-20  8.89406e-09 -4.84798e-21  2.82734e-09 -6.94685e-21  8.36606e-10 -3.71831e-21  2.31562e-10 -1.27265e-21  6.01125e-11 -2.80271e-22   1.4652e-11  9.87771e-24   3.3531e-12  7.25273e-23  7.19766e-13  6.75633e-23  1.44646e-13  4.44729e-23  2.71349e-14   2.3012e-23  4.73166e-15   9.4771e-24  7.62175e-16  2.98127e-24  1.12328e-16   5.8952e-25  1.49056e-17 -3.04994e-26  1.72731e-18 -9.23571e-26  1.62563e-19 -5.05281e-26  9.42688e-21 -1.86888e-26 -5.19603e-22 -5.22864e-27 -2.80817e-22 -1.06511e-27 -5.72912e-23 -1.09576e-28 -8.83092e-24  2.48912e-29 -1.14972e-24    1.783e-29 -1.31349e-25  5.84322e-30 -1.33845e-26  1.30365e-30 -1.22536e-27  1.88694e-31 -1.01047e-28  5.93121e-33 -7.50294e-30 -6.16614e-33 -5.00414e-31 -2.26959e-33 -2.98526e-32 -4.99218e-34 -1.58342e-33  -8.0056e-35 -7.40851e-35 -9.63108e-36 -3.02594e-36 -8.32586e-37 -1.06362e-37 -4.22539e-38 -3.15043e-39  5.11031e-40 -7.59868e-41  3.38648e-40 -1.40274e-42  3.61855e-41 -1.73942e-44  2.30455e-42 -9.55039e-47    9.314e-44  5.22994e-49  2.00342e-45  6.11662e-51
  0.00164007 -1.00295e-16   -0.0030084  3.65415e-16   -0.0226275 -3.62355e-16    0.0481848 -4.13258e-16  -0.00363836  3.75649e-16   -0.0233867  2.70878e-16   -0.0100849 -1.41086e-16   0.00271996 -8.15683e-17   0.00583349  6.14291e-17   0.00384319  5.94587e-17     0.001405 -2.54715e-17   7.3205e-05 -6.06956e-17 -0.000328687 -2.92954e-17 -0.000308569  3.10848e-18 -0.000190004  1.12303e-17 -9.43872e-05  7.71757e-18 -4.02978e-05  3.23179e-18 -1.51803e-05  4.44981e-19 -5.09603e-06 -5.48648e-19 -1.52202e-06  -4.6228e-19 -3.98049e-07 -1.28596e-19 -8.70934e-08  4.12847e-20 -1.37211e-08  4.65041e-20 -2.77705e-10  7.94869e-21  8.96445e-10 -1.13436e-20  4.66093e-10 -1.11663e-20   1.6444e-10 -5.91403e-21  4.72236e-11 -2.28038e-21  1.15103e-11  -6.6392e-22  2.36817e-12 -8.14964e-23  3.86851e-13  8.62304e-23  3.77254e-14  9.91459e-23   -4.194e-15  6.63525e-23 -3.59828e-15  3.34294e-23 -1.25564e-15  1.31669e-23 -3.35333e-16  3.88337e-24 -7.64603e-17  6.67405e-25 -1.54846e-17 -8.92803e-26 -2.83707e-18 -1.32427e-25 -4.74863e-19 -6.57156e-26 -7.30006e-20 -2.27107e-26 -1.03372e-20 -5.90906e-27 -1.35009e-21 -1.07459e-27 -1.62668e-22 -6.83871e-29 -1.80687e-23  4.14031e-29 -1.84769e-24  2.14174e-29 -1.73583e-25  6.13641e-30 -1.49399e-26  1.19283e-30 -1.17389e-27  1.31915e-31 -8.38391e-29 -8.11673e-33 -5.41347e-30 -8.20777e-33 -3.13944e-31 -2.33878e-33 -1.62194e-32 -4.47215e-34 -7.38902e-34 -6.35531e-35  -2.9295e-35 -6.71604e-36 -9.92864e-37 -4.87493e-37 -2.80002e-38 -1.60542e-38 -6.25837e-40  1.28649e-39  -9.8589e-42  2.47273e-40 -6.32168e-44  2.06232e-41  1.60549e-45  1.07083e-42  5.12621e-47  3.31875e-44  5.28283e-49  4.09581e-46
 3.50307e-17   0.00470687 -6.17982e-17   -0.0121477  4.06633e-16   -0.0125029 -4.13258e-16    0.0411217 -4.18433e-16    0.0024629  3.14064e-16   -0.0212767  2.17816e-16   -0.0136487 -1.08455e-16 -0.000667392 -4.14085e-17   0.00491924  9.27418e-17   0.00451416  6.62738e-17   0.00237574 -4.10954e-17  0.000747157 -7.59973e-17 -3.57765e-06 -3.88523e-17  -0.00019958  -1.8393e-18 -0.000174782  1.03903e-17 -0.000106176  8.80172e-18 -5.34347e-05  4.08931e-18 -2.36642e-05  6.50505e-19 -9.50067e-06 -6.00703e-19  -3.5209e-06 -4.97225e-19 -1.21985e-06 -1.19626e-19 -3.99069e-07  4.85264e-20 -1.24322e-07  3.76093e-20 -3.71522e-08 -6.52367e-21 -1.07149e-08 -2.26028e-20 -2.99549e-09 -1.78265e-20 -8.13636e-10 -9.38292e-21  -2.1472e-10 -3.89179e-21 -5.49391e-11 -1.27863e-21 -1.35793e-11 -2.36377e-22 -3.22798e-12  9.13076e-23 -7.34592e-13  1.32466e-22 -1.59349e-13  8.91429e-23 -3.28235e-14  4.34774e-23  -6.3992e-15  1.62735e-23 -1.17748e-15  4.43745e-24 -2.03991e-16  6.14085e-25 -3.32002e-17 -1.78029e-25  -5.0658e-18  -1.7288e-25 -7.23185e-19 -7.75213e-26 -9.63904e-20 -2.48361e-26 -1.19681e-20 -5.92978e-27 -1.38084e-21 -9.25572e-28 -1.47628e-22  -6.1493e-30 -1.45775e-23   5.5596e-29 -1.32441e-24  2.26419e-29 -1.10199e-25  5.64893e-30 -8.34984e-27  9.26329e-31 -5.71986e-28  6.07306e-32 -3.50888e-29 -1.96814e-32 -1.90226e-30 -8.86259e-33 -8.93323e-32 -2.08741e-33  -3.5119e-33  -3.5015e-34 -1.07507e-34 -4.39579e-35 -2.01776e-36 -4.02456e-36  1.75566e-38 -2.33399e-37  3.45319e-39 -2.05461e-39  1.71016e-40  1.21828e-39  5.60685e-42  1.47972e-40  1.34473e-43  9.88745e-42  2.31014e-45  4.08973e-43  2.48613e-47  8.88087e-45  1.06222e-49
 -0.00010742  1.90743e-17   0.00665185  5.26989e-17   -0.0198203  4.07606e-16  -0.00363836 -4.18433e-16    0.0358125 -3.69557e-16   0.00630848  2.32257e-16   -0.0183972  1.29016e-16   -0.0157894 -9.08289e-17  -0.00401871  1.07527e-17   0.00320019  1.33874e-16   0.00448247  7.07323e-17   0.00305806 -5.56714e-17   0.00142668 -8.97455e-17  0.000432044 -4.94286e-17  1.57122e-05 -8.58151e-18 -8.97559e-05  8.09043e-18 -8.05674e-05  8.75606e-18 -4.91619e-05  4.22967e-18 -2.48744e-05  5.44552e-19 -1.11208e-05 -7.22388e-19 -4.52721e-06 -5.29111e-19 -1.70727e-06 -1.17701e-19 -6.02985e-07  3.36027e-20 -2.00926e-07  8.05788e-21 -6.34813e-08 -3.35857e-20 -1.90777e-08 -4.03829e-20 -5.46358e-09 -2.77889e-20 -1.49218e-09 -1.44575e-20 -3.88605e-10 -6.18231e-21 -9.64295e-11 -2.12224e-21 -2.27715e-11 -4.47642e-22 -5.10962e-12  8.69906e-23 -1.08756e-12  1.63227e-22  -2.1917e-13  1.09147e-22 -4.17401e-14  5.11651e-23 -7.49743e-15   1.8043e-23 -1.26759e-15  4.45474e-24 -2.01291e-16  4.13856e-25 -2.99538e-17 -2.84514e-25 -4.16643e-18 -2.05977e-25 -5.40149e-19 -8.33677e-26 -6.50493e-20 -2.45653e-26 -7.24751e-21 -5.29113e-27  -7.4325e-22 -6.60636e-28 -6.96889e-23  5.89926e-29 -5.91829e-24  6.33043e-29 -4.48805e-25  2.11892e-29 -2.96658e-26   4.5542e-30 -1.62735e-27  5.91397e-31 -6.45478e-29 -3.07357e-33 -6.32158e-31 -2.57487e-32  1.87589e-31 -8.13921e-33  2.28017e-32 -1.63612e-33  1.74059e-33 -2.41652e-34  1.03154e-34 -2.66234e-35  4.99602e-36 -2.06506e-36  2.00317e-37 -8.58086e-38  6.63181e-39  2.89297e-39  1.79202e-40  8.28997e-40  3.87375e-42  7.44055e-41  6.45784e-44  3.99078e-42  7.64178e-46  1.25583e-43  5.10816e-48  1.55808e-45
-6.21085e-17    0.0012373 -5.25485e-17   0.00518259  1.82074e-16   -0.0234337  3.75649e-16    0.0024629 -3.69557e-16      0.03227 -2.76305e-16   0.00879649  1.46204e-16   -0.0154032  3.00486e-17   -0.0167957 -8.13168e-17  -0.00698573  7.13203e-17   0.00100298  1.76042e-16   0.00377884  7.36737e-17   0.00330146 -6.68391e-17   0.00194501 -1.00802e-16  0.000868472 -5.98261e-17  0.000285293 -1.60929e-17  4.77493e-05  4.58162e-18 -1.99495e-05   7.4144e-18 -2.55718e-05   3.4715e-18 -1.66973e-05  3.69197e-20  -8.5954e-06 -9.54064e-19 -3.83837e-06 -5.91504e-19 -1.54503e-06 -1.51897e-19 -5.71646e-07 -2.06522e-20 -1.96617e-07 -4.94823e-20 -6.33022e-08 -7.61029e-20 -1.91594e-08 -6.58892e-20 -5.46555e-09 -4.14556e-20 -1.47156e-09 -2.11398e-20 -3.74152e-10 -9.04601e-21 -8.98258e-11 -3.11733e-21 -2.03506e-11 -6.85322e-22 -4.34647e-12  7.68469e-23 -8.73953e-13  1.87377e-22 -1.65151e-13  1.22813e-22 -2.92683e-14  5.48593e-23  -4.8518e-15  1.80169e-23 -7.49857e-16  3.89377e-24 -1.07595e-16   1.0036e-25 -1.42517e-17 -3.86751e-25 -1.72849e-18 -2.24384e-25 -1.89538e-19 -8.19566e-26 -1.83837e-20 -2.20143e-26  -1.5076e-21 -4.17565e-27 -9.21608e-23 -3.54428e-28 -1.77196e-24  1.09033e-28   5.7266e-25  6.26515e-29   1.1681e-25    1.759e-29  1.49825e-26  3.18341e-30  1.53701e-27  2.79163e-31  1.34206e-28  -4.5268e-32  1.02047e-29 -2.59469e-32  6.81415e-31 -6.51552e-33  4.00065e-32 -1.13648e-33  2.05823e-33 -1.47722e-34  9.21375e-35 -1.41212e-35  3.55101e-36 -8.91996e-37   1.1615e-37 -1.84965e-38  3.16548e-39  3.24053e-39  7.02301e-41  4.53941e-40  1.22943e-42  3.17599e-41   1.6111e-44  1.34265e-42  1.39621e-46  2.94337e-44  5.18832e-49
-0.000443505 -1.05561e-16    0.0038537 -1.37051e-16  0.000598706   2.6281e-16   -0.0233867  3.14064e-16   0.00630848 -2.76305e-16    0.0298918 -1.63384e-16    0.0105442   6.8776e-17   -0.0125343 -5.74913e-17   -0.0169633 -6.40726e-17  -0.00941563  1.37834e-16  -0.00138614  2.14821e-16   0.00252674  7.69713e-17   0.00305177 -7.27394e-17   0.00217703  -1.0787e-16    0.0011926 -6.82671e-17  0.000535738 -2.30188e-17   0.00019908  4.14585e-19  5.83814e-05   4.9355e-18  1.06222e-05  1.88188e-18 -1.40536e-06 -8.33492e-19 -2.59061e-06 -1.29734e-18 -1.61979e-06 -7.13294e-19   -7.663e-07 -2.48633e-19 -3.10027e-07 -1.26864e-19 -1.12047e-07 -1.38777e-19 -3.69208e-08 -1.34775e-19 -1.12132e-08 -9.89334e-20 -3.15781e-09 -5.83263e-20 -8.27196e-10 -2.89333e-20 -2.01801e-10 -1.21585e-20 -4.58345e-11 -4.11314e-21 -9.67486e-12 -9.01745e-22 -1.89138e-12  6.73453e-23 -3.40466e-13  2.01846e-22  -5.5891e-14  1.27689e-22 -8.22594e-15  5.37971e-23 -1.04905e-15  1.61908e-23 -1.06333e-16  2.87771e-24 -5.84125e-18 -2.54549e-25  7.45724e-19 -4.60839e-25  3.26361e-19  -2.2385e-25  7.13245e-20 -7.37304e-26   1.2175e-20 -1.78504e-26  1.77818e-21  -2.8683e-27  2.29763e-22 -8.19339e-29  2.66628e-23  1.33376e-28  2.79857e-24  5.46119e-29   2.6648e-25  1.29191e-29  2.30293e-26  1.87593e-30  1.80385e-27  4.98321e-32  1.27702e-28 -6.26671e-32  8.13682e-30 -2.19494e-32  4.64006e-31  -4.6121e-33  2.35095e-32 -7.03628e-34  1.04854e-33 -8.01218e-35  4.06832e-35 -6.52019e-36  1.35281e-36 -3.09175e-37   3.7834e-38  3.67603e-39  8.69634e-40  2.15658e-39  1.59795e-41   2.0814e-40  2.26529e-43  1.15044e-41   2.3225e-45  3.67235e-43   1.4163e-47  4.58091e-45
 7.16366e-17 -0.000503998 -1.25359e-16   0.00622503 -1.82641e-16  -0.00508607  2.70878e-16   -0.0212767  2.32257e-16   0.00879649 -1.63384e-16    0.0282107 -6.01415e-17      0.01188  3.34859e-18  -0.00984772 -1.17811e-16   -0.0165171 -2.57773e-17   -0.0112601  2.09038e-16  -0.00374066  2.50222e-16   0.00089499  8.34449e-17   0.00233892 -7.17424e-17   0.00206046 -1.09276e-16    0.0013184 -7.27029e-17  0.000696454 -2.79316e-17  0.000318756 -3.65068e-18  0.000129355  1.77751e-18  4.70858e-05 -2.36218e-19  1.54434e-05 -1.91198e-18  4.55834e-06 -1.71752e-18  1.20172e-06 -9.10054e-19  2.78249e-07 -4.22684e-19  5.46991e-08 -2.88312e-19  8.47565e-09 -2.57844e-19  8.39215e-10 -2.06954e-19   1.0968e-11 -1.37317e-19  7.06576e-12 -7.67907e-20   1.8656e-11 -3.68419e-20  1.22115e-11 -1.50261e-20  5.35027e-12 -4.92128e-21  1.87721e-12  -1.0466e-21  5.64372e-13  6.44674e-23  1.50243e-13  2.04894e-22  3.60673e-14  1.23042e-22  7.89355e-15   4.8292e-23  1.58583e-15      1.3e-23  2.93746e-16  1.64509e-24  5.03051e-17 -5.68272e-25  7.97767e-18 -4.89972e-25  1.17244e-18 -2.04767e-25  1.59693e-19  -6.0675e-26  2.01486e-20 -1.30287e-26  2.35248e-21  -1.6481e-27  2.53786e-22  1.07841e-28  2.52464e-23  1.31504e-28  2.31003e-24  4.21817e-29  1.93805e-25  8.31119e-30  1.48526e-26  8.60275e-31  1.03502e-27 -7.93739e-32  6.52256e-29 -6.06913e-32  3.69236e-30 -1.61496e-32   1.8623e-31  -2.9124e-33  8.28361e-33 -3.89454e-34  3.20767e-34 -3.84846e-35   1.0634e-35 -2.57823e-36  2.95296e-37 -7.30404e-38  6.67787e-39  6.78248e-39  1.18859e-40  1.11088e-39  1.61182e-42  8.11176e-41  1.65055e-44  3.49795e-42  1.28052e-46  7.73695e-44  5.35797e-49
-0.000251471  1.14306e-16  0.000446871 -1.27426e-16   0.00688765 -1.75928e-16   -0.0100849  2.17816e-16   -0.0183972  1.46204e-16    0.0105442 -6.01415e-17    0.0269766  8.05167e-18    0.0129772    -5.43e-17  -0.00733354 -1.43192e-16   -0.0156095  3.79169e-17   -0.0125161   2.8336e-16  -0.00588478  2.84387e-16 -0.000928922  9.56937e-17   0.00126007 -6.24996e-17   0.00160272 -1.03272e-16   0.00120761 -7.13547e-17  0.000721462 -2.96659e-17  0.000370887 -6.83069e-18  0.000170333 -1.43406e-18  7.14253e-05 -2.44787e-18  2.77534e-05  -2.9923e-18  1.01048e-05 -2.16434e-18  3.47855e-06 -1.18246e-18   1.1407e-06 -6.72852e-19  3.58478e-07 -4.96858e-19  1.08439e-07 -3.98077e-19  3.16549e-08 -2.86247e-19  8.92268e-09 -1.76807e-19  2.42574e-09 -9.43192e-20  6.34463e-10 -4.35749e-20  1.59132e-10 -1.71153e-20  3.81373e-11 -5.37409e-21  8.70318e-12 -1.08536e-21  1.88522e-12  7.04247e-23  3.86538e-13  1.96229e-22  7.48354e-14  1.09964e-22  1.36514e-14  3.95789e-23  2.34189e-15  9.15036e-24  3.77125e-16  4.61712e-25  5.69073e-17  -7.7704e-25  8.03218e-18 -4.70131e-25  1.05841e-18 -1.71871e-25  1.29938e-19 -4.55762e-26  1.48278e-20 -8.46258e-27  1.56871e-21  -7.0311e-28  1.53403e-22  2.01899e-28  1.38176e-23  1.10752e-28  1.14171e-24  2.88638e-29  8.61115e-26  4.56684e-30  5.89316e-27  2.13105e-31  3.63226e-28 -1.24952e-31  1.99705e-29 -4.82117e-32   9.6698e-31 -1.05237e-32  4.04885e-32 -1.64916e-33  1.42463e-33 -1.92779e-34  3.99744e-35  -1.6258e-35  7.87081e-37  -8.3864e-37  5.43653e-39 -4.21027e-40 -2.95024e-40  4.58012e-39 -1.35729e-41  4.73845e-40 -2.94628e-43  2.69065e-41 -3.48918e-45   8.7002e-43 -1.78432e-47  1.09081e-44
-3.11301e-17 -0.000638109  1.18062e-16   0.00233899 -1.21267e-16   0.00551647 -1.41086e-16   -0.0136487  1.29016e-16   -0.0154032   6.8776e-17      0.01188  8.05167e-18    0.0260643  2.38806e-17    0.0139389 -1.10668e-16  -0.00495732 -1.35336e-16   -0.0143359  1.21395e-16   -0.0131928  3.57297e-16  -0.00767796  3.18608e-16  -0.00275222  1.14711e-16 -3.76846e-05 -4.44694e-17  0.000876595 -8.88094e-17  0.000877949 -6.33529e-17  0.000602555 -2.76699e-17  0.000341252 -8.55095e-18  0.000169699 -4.10454e-18  7.63694e-05 -4.33956e-18  3.16567e-05 -3.89864e-18  1.22265e-05 -2.59671e-18  4.43433e-06 -1.51906e-18  1.51847e-06 -9.82142e-19  4.92746e-07 -7.33698e-19  1.51868e-07 -5.44976e-19  4.45091e-08 -3.63223e-19  1.24081e-08 -2.11862e-19  3.28919e-09 -1.08045e-19  8.28416e-10 -4.78995e-20  1.98014e-10 -1.80158e-20  4.48594e-11 -5.38046e-21   9.6183e-12 -1.01198e-21  1.94884e-12  8.25099e-23  3.72572e-13  1.77035e-22  6.70981e-14  9.09902e-23  1.13646e-14  2.93887e-23  1.80709e-15  5.38215e-24  2.69259e-16 -4.64475e-25  3.75166e-17 -8.54192e-25  4.87672e-18 -4.10117e-25  5.89824e-19 -1.32341e-25  6.61681e-20 -3.11024e-26  6.85922e-21 -4.77465e-27   6.5402e-22 -9.91245e-29  5.70211e-23  2.16755e-28  4.51022e-24  8.15207e-29  3.20087e-25   1.7356e-29  2.00384e-26  2.00416e-30   1.0743e-27 -1.10158e-31  4.63027e-29 -1.18293e-31   1.3109e-30 -3.30932e-32 -7.38795e-33 -6.13545e-33 -4.08023e-33 -8.39457e-34 -3.30766e-34 -8.51087e-35 -1.80683e-35 -5.94633e-36  -7.5842e-37 -1.98866e-37 -2.50923e-38  1.16704e-38 -6.46794e-40   2.2579e-39 -1.24796e-41  1.71317e-40 -1.66459e-43  7.51741e-42 -1.30449e-45  1.67606e-43   -3.738e-48
-6.89859e-05 -3.45211e-17 -0.000733724  9.21522e-17   0.00436261 -1.07505e-16   0.00271996 -1.08455e-16   -0.0157894  3.00486e-17   -0.0125343  3.34859e-18    0.0129772  2.38806e-17    0.0254077 -2.01017e-17    0.0148367 -1.70721e-16  -0.00267371 -1.04202e-16   -0.0127482  2.11805e-16   -0.0132963  4.24753e-16  -0.00900273  3.51378e-16  -0.00438571   1.3909e-16  -0.00137624 -1.85756e-17  5.67165e-06 -6.63319e-17  0.000397629 -4.92109e-17  0.000370399  -2.2233e-17   0.00024089 -8.63212e-18  0.000130326 -5.85636e-18  6.21739e-05 -5.65404e-18  2.68874e-05 -4.54476e-18  1.07056e-05 -2.99659e-18  3.96251e-06 -1.89905e-18  1.37192e-06 -1.32075e-18  4.46114e-07 -9.72319e-19  1.36599e-07 -6.80459e-19  3.94459e-08 -4.27208e-19  1.07511e-08 -2.36928e-19  2.76623e-09 -1.15542e-19  6.71764e-10 -4.90066e-20  1.53885e-10 -1.75678e-20  3.32251e-11 -4.95408e-21  6.75403e-12 -8.49846e-22  1.29098e-12  9.46718e-23  2.31667e-13  1.49879e-22  3.89577e-14  6.93753e-23  6.12566e-15  1.94395e-23  8.98206e-16  2.26362e-24  1.22407e-16 -1.03221e-24  1.54373e-17 -8.11466e-25  1.79122e-18 -3.26786e-25  1.89649e-19 -9.33367e-26  1.80914e-20 -1.91105e-26   1.5216e-21 -2.20766e-27  1.07993e-22  2.00079e-28   5.7412e-24   1.8313e-28  1.09194e-25  5.28368e-29 -2.30724e-26  8.96651e-30  -4.0849e-27  5.38801e-31 -4.38557e-28  -2.1232e-31 -3.70448e-29 -8.92213e-32 -2.62373e-30 -2.00966e-32 -1.59182e-31 -3.21839e-33 -8.31949e-33 -3.84073e-34 -3.73505e-34 -3.32702e-35 -1.42732e-35 -1.81642e-36 -4.57039e-37 -1.48982e-38 -1.19679e-38  8.22952e-39  -2.4674e-40  9.07255e-40 -3.76458e-42  5.27328e-41 -3.80154e-44  1.72424e-42 -1.97713e-46  2.17155e-44
 7.01857e-18 -0.000327162 -1.59694e-17 -0.000140423  6.23439e-17   0.00566322 -8.15683e-17 -0.000667392 -9.08289e-17   -0.0167957 -5.74913e-17  -0.00984772    -5.43e-17    0.0139389 -2.01017e-17    0.0249721 -1.20498e-16    0.0157276 -2.36511e-16 -0.000430985 -6.43755e-17   -0.0108659  2.93466e-16   -0.0128242   4.7773e-16  -0.00976004  3.78301e-16  -0.00565463  1.65205e-16   -0.0025694  1.24939e-17  -0.00085965 -3.81186e-17 -0.000132648 -3.08797e-17  8.36827e-05 -1.44586e-17  0.000100539  -7.3425e-18  6.70254e-05 -6.62508e-18  3.55284e-05 -6.34926e-18  1.63167e-05 -4.94487e-18  6.72471e-06 -3.36523e-18  2.53235e-06   -2.293e-18  8.80427e-07 -1.65051e-18  2.84406e-07 -1.18299e-18  8.56991e-08 -7.86312e-19  2.41459e-08 -4.68702e-19  6.36945e-09  -2.4789e-19  1.57379e-09 -1.15514e-19  3.64145e-10 -4.67434e-20   7.8832e-11 -1.59021e-20  1.59425e-11 -4.20305e-21  3.00483e-12 -6.41188e-22  5.26045e-13  1.00688e-22  8.51191e-14  1.18361e-22  1.26361e-14  4.82849e-23  1.70065e-15  1.10244e-23  2.03165e-16  8.31691e-26   2.0612e-17 -1.24906e-24  1.56823e-18  -6.8651e-25   3.8337e-20 -2.38423e-25 -1.51552e-20 -6.00746e-26 -3.93279e-21 -1.03896e-26 -6.45763e-22 -6.84714e-28 -8.56354e-23  2.85002e-28  -9.7793e-24  1.31122e-28 -9.85942e-25  3.00346e-29 -8.87101e-26  3.74815e-30   -7.153e-27  -1.2541e-31 -5.17082e-28 -1.97908e-31 -3.34351e-29 -5.76629e-32 -1.92526e-30   -1.093e-32 -9.80761e-32 -1.52277e-33 -4.38072e-33 -1.57461e-34 -1.69542e-34 -1.13409e-35 -5.59566e-36 -4.19269e-37 -1.54087e-37  1.71112e-38 -3.43022e-39  3.92172e-39 -5.88114e-41  3.07499e-40 -7.15788e-43  1.36936e-41 -5.27091e-45  3.07394e-43 -1.47516e-47
 7.24129e-06  7.52969e-18 -0.000653051  1.08106e-17    0.0011071  4.97342e-17   0.00583349 -4.14085e-17  -0.00401871 -8.13168e-17   -0.0169633 -1.17811e-16  -0.00733354 -1.10668e-16    0.0148367 -1.20498e-16    0.0247431  -2.6369e-16    0.0166629 -3.07125e-16   0.00182636 -3.03804e-17  -0.00868769  3.52236e-16   -0.0117708  5.08211e-16  -0.00987439  3.93653e-16  -0.00641525  1.88236e-16  -0.00345049  4.46321e-17  -0.00157271 -7.93981e-18 -0.000605869 -1.12993e-17 -0.000189689 -5.95951e-18 -4.12252e-05 -5.28894e-18  -2.0578e-07 -6.63009e-18  6.01267e-06 -6.56474e-18  4.22219e-06 -5.17849e-18  2.07326e-06 -3.70674e-18  8.47261e-07  -2.6629e-18  3.04144e-07 -1.93058e-18  9.81565e-08 -1.33812e-18  2.87967e-08 -8.48022e-19  7.71627e-09 -4.81677e-19  1.88912e-09 -2.43158e-19  4.20917e-10 -1.08128e-19  8.45198e-11 -4.16284e-20  1.49812e-11 -1.33822e-20  2.23481e-12 -3.28837e-21  2.42225e-13 -4.31177e-22   4.2581e-15  9.70294e-23 -7.05983e-15  8.64502e-23 -2.55935e-15  3.01325e-23 -6.30037e-16  4.81042e-24 -1.28222e-16 -1.14719e-24 -2.28518e-17 -1.19816e-24 -3.65404e-18 -5.25034e-25 -5.30544e-19 -1.59335e-25 -7.03858e-20  -3.5036e-26 -8.55915e-21 -4.81394e-27 -9.55183e-22  5.11891e-29 -9.78139e-23  2.53217e-28 -9.18047e-24   8.1547e-29 -7.88097e-25  1.46827e-29 -6.16979e-26  1.01498e-30 -4.38807e-27 -3.16747e-31 -2.82162e-28  -1.4252e-31 -1.63065e-29 -3.28974e-32 -8.40739e-31 -5.35847e-33 -3.83218e-32 -6.49755e-34 -1.52668e-33  -5.7421e-35 -5.23849e-35 -3.25981e-36 -1.51848e-36 -4.29145e-38 -3.62016e-38  1.28461e-38 -6.82411e-40  1.49592e-39 -9.55071e-42  8.86435e-41  -8.8614e-44  2.92544e-42 -4.21804e-46  3.69807e-44
-2.69612e-18 -9.16301e-05  5.90579e-18 -0.000752851  3.37213e-17    0.0025967  6.14291e-17   0.00491924  1.07527e-17  -0.00698573 -6.40726e-17   -0.0165171 -1.43192e-16  -0.00495732 -1.70721e-16    0.0157276  -2.6369e-16    0.0247219 -4.28873e-16    0.0176911 -3.79145e-16   0.00415287 -1.27962e-17  -0.00620527   3.7871e-16   -0.0101401  5.10486e-16  -0.00930803   3.9262e-16  -0.00657627  2.03591e-16  -0.00390139  7.32314e-17  -0.00202174  1.98755e-17 -0.000935886  6.40003e-18 -0.000392728  1.61348e-18 -0.000151051 -3.19541e-18 -5.37701e-05 -6.24525e-18 -1.78969e-05 -6.52431e-18  -5.6385e-06 -5.33412e-18 -1.70752e-06 -4.01113e-18  -5.0597e-07 -2.96484e-18 -1.49185e-07 -2.12415e-18 -4.42027e-08 -1.41766e-18  -1.3143e-08 -8.57966e-19 -3.87703e-09 -4.65014e-19 -1.11685e-09 -2.24001e-19 -3.09579e-10 -9.48937e-20 -8.16566e-11 -3.46581e-20 -2.03435e-11 -1.04802e-20 -4.76532e-12 -2.37192e-21 -1.04668e-12 -2.54068e-22 -2.15231e-13  8.39963e-23 -4.13928e-14    5.766e-23 -7.43973e-15  1.62333e-23 -1.24886e-15   8.5957e-25 -1.95649e-16 -1.60865e-24 -2.85809e-17 -9.91742e-25  -3.8891e-18 -3.65818e-25 -4.92306e-19  -9.7333e-26 -5.78836e-20 -1.82655e-26 -6.30951e-21 -1.71638e-27 -6.36188e-22  2.97102e-28 -5.91807e-23  1.79814e-28 -5.06322e-24  4.41957e-29 -3.96948e-25  5.83761e-30 -2.83936e-26 -1.24285e-31 -1.84357e-27 -2.90393e-31 -1.07993e-28 -8.72079e-32 -5.66539e-30 -1.68106e-32 -2.63803e-31 -2.37471e-33 -1.07832e-32 -2.49225e-34 -3.81592e-34 -1.83464e-35 -1.14818e-35 -7.22632e-37 -2.86712e-37  2.21043e-38 -5.73933e-39  5.94401e-39  -8.7303e-41  4.78634e-40 -9.20326e-43  2.15706e-41 -5.56961e-45  4.86898e-43 -1.09772e-47
 2.07511e-05 -6.01976e-18  -0.00031752  3.35217e-18 -0.000403367  4.93264e-17   0.00384319  9.27418e-17   0.00320019  7.13203e-17  -0.00941563 -2.57773e-17   -0.0156095 -1.35336e-16  -0.00267371 -2.36511e-16    0.0166629 -4.28873e-16     0.024921 -5.92888e-16    0.0188566 -4.47492e-16   0.00659237 -1.63517e-17   -0.0034227  3.69764e-16   -0.0079667  4.83024e-16  -0.00808039  3.73142e-16  -0.00612011  2.08165e-16  -0.00387642  9.43247e-17  -0.00215347  4.15798e-17  -0.00107744  1.97332e-17 -0.000493955  7.02181e-18  -0.00021011 -1.66634e-18 -8.37222e-05 -5.83697e-18 -3.14888e-05 -6.42874e-18 -1.12449e-05  -5.4624e-18 -3.82917e-06 -4.24764e-18 -1.24681e-06   -3.156e-18 -3.88671e-07 -2.20549e-18 -1.15992e-07  -1.4131e-18 -3.31034e-08 -8.16987e-19 -9.01885e-09  -4.2259e-19  -2.3407e-09 -1.94067e-19 -5.77426e-10 -7.81663e-20 -1.35105e-10 -2.70002e-20 -2.99229e-11 -7.64137e-21 -6.26196e-12 -1.57513e-21 -1.23616e-12 -1.26497e-22 -2.29849e-13  6.49389e-23  -4.0196e-14  3.43672e-23 -6.60213e-15  6.81236e-24   -1.017e-15 -1.19406e-24 -1.46703e-16 -1.56473e-24 -1.97848e-17 -7.31888e-25 -2.49014e-18    -2.33e-25 -2.91911e-19 -5.40569e-26 -3.18005e-20 -8.28035e-27 -3.21114e-21 -2.73164e-28 -2.99675e-22  2.98281e-28  -2.5759e-23  1.08439e-28  -2.0313e-24  2.05428e-29 -1.46274e-25  1.53908e-30 -9.56576e-27 -4.24116e-31 -5.64372e-28 -2.00034e-31 -2.98008e-29 -4.69936e-32 -1.39448e-30  -7.7516e-33 -5.71079e-32 -9.51205e-34  -2.0139e-33  -8.5293e-35 -5.98267e-35  -4.9726e-36 -1.45052e-36 -8.12389e-38   -2.729e-38  1.77749e-38 -3.61832e-40  2.16188e-39 -2.57447e-42  1.30059e-40  5.50309e-45  4.32387e-42  2.33165e-46  5.48139e-44
-5.48808e-19   4.6829e-06 -1.14163e-17 -0.000559989 -1.87975e-18  0.000385645  5.94587e-17   0.00451416  1.33874e-16   0.00100298  1.37834e-16   -0.0112601  3.79169e-17   -0.0143359 -1.04202e-16 -0.000430985 -3.07125e-16    0.0176911 -5.92888e-16    0.0253574 -7.35154e-16    0.0201907 -5.06601e-16   0.00916221 -4.00834e-17  -0.00037913  3.28496e-16  -0.00533731   4.2917e-16  -0.00628481  3.36659e-16  -0.00511542  2.01036e-16  -0.00341265  1.05522e-16  -0.00198205  5.49165e-17  -0.00103308  2.74213e-17 -0.000492106  9.70524e-18 -0.000216838 -1.02644e-18 -8.91305e-05 -5.64017e-18 -3.43821e-05  -6.3851e-18 -1.24994e-05 -5.55839e-18 -4.29468e-06 -4.37209e-18 -1.39713e-06 -3.20449e-18 -4.30735e-07 -2.16541e-18 -1.25887e-07 -1.32906e-18 -3.48718e-08 -7.33833e-19 -9.15095e-09 -3.62051e-19 -2.27322e-09 -1.58295e-19 -5.34095e-10 -6.04864e-20 -1.18571e-10 -1.96936e-20 -2.48473e-11 -5.18671e-21 -4.90963e-12 -9.60512e-22 -9.13686e-13 -4.85387e-23 -1.59957e-13  4.43816e-23 -2.63092e-14  1.75078e-23 -4.05978e-15  1.28272e-24 -5.86842e-16 -1.91252e-24 -7.93257e-17 -1.26732e-24 -1.00078e-17  -4.8893e-25 -1.17581e-18 -1.35654e-25 -1.28321e-19  -2.6999e-26 -1.29701e-20 -3.05292e-27 -1.20992e-21  2.33247e-28  -1.0374e-22  2.14249e-28 -8.13462e-24  5.63927e-29 -5.79753e-25  7.76265e-30 -3.72613e-26 -1.20824e-31 -2.13743e-27 -3.79614e-31 -1.07869e-28 -1.16259e-31 -4.68642e-30 -2.26771e-32 -1.68865e-31 -3.23576e-33 -4.65865e-33 -3.43256e-34 -7.45884e-35 -2.56546e-35  9.19027e-37 -1.05133e-36  1.17622e-37  2.59972e-38   4.7145e-39  7.98639e-39  1.19131e-40  6.56035e-40  1.98616e-42  2.98366e-41  1.97731e-44  6.76318e-43  7.78167e-47
 1.44585e-05 -2.31655e-18 -9.43457e-05 -1.96661e-17 -0.000637864   -1.162e-17     0.001405  6.62738e-17   0.00448247  1.76042e-16  -0.00138614  2.09038e-16   -0.0125161  1.21395e-16   -0.0127482 -6.43755e-17   0.00182636 -3.79145e-16    0.0188566 -7.35154e-16    0.0260409 -8.41171e-16    0.0216963 -5.51679e-16    0.0118335 -7.88271e-17   0.00282979  2.62958e-16  -0.00240612  3.56442e-16  -0.00409309  2.87656e-16  -0.00371286  1.83474e-16   -0.0026215  1.06439e-16  -0.00158005  5.94968e-17 -0.000845759  2.95154e-17 -0.000410766  9.79862e-18 -0.000183421 -1.28182e-18 -7.59628e-05 -5.71166e-18  -2.9352e-05 -6.39276e-18 -1.06257e-05 -5.57477e-18   -3.614e-06 -4.34355e-18 -1.15705e-06 -3.09834e-18 -3.49117e-07 -2.01317e-18 -9.93412e-08  -1.1817e-18 -2.66652e-08 -6.22704e-19  -6.7515e-09 -2.92753e-19 -1.61204e-09 -1.21663e-19 -3.62802e-10 -4.39952e-20 -7.69141e-11 -1.34514e-20 -1.53476e-11 -3.27535e-21 -2.87981e-12 -5.35829e-22  -5.0757e-13 -9.68639e-24 -8.39214e-14  2.61906e-23 -1.29968e-14  6.71979e-24   -1.882e-15  -1.3595e-24 -2.54276e-16 -1.85513e-24 -3.19744e-17 -9.02857e-25 -3.73062e-18 -2.97759e-25 -4.02343e-19 -7.19248e-26 -3.99168e-20 -1.18633e-26  -3.6199e-21 -7.15747e-28  -2.9744e-22  3.03545e-28 -2.18573e-23  1.26373e-28 -1.40596e-24  2.50073e-29 -7.59691e-26   1.9521e-30 -3.10641e-27 -5.17481e-31 -5.68904e-29 -2.50008e-31  4.86288e-30 -5.93886e-32  6.73793e-31 -9.88122e-33  5.04948e-32 -1.22274e-33  2.83491e-33  -1.1075e-34  1.27313e-34 -6.56871e-36  4.63372e-36 -1.19728e-37  1.35394e-37   2.2135e-38  3.09098e-39  2.77559e-39  5.24279e-41  1.68821e-40  6.00679e-43  5.64315e-42  3.71286e-45  7.16774e-44
 6.71809e-19  2.38877e-05 -5.40943e-18  -0.00026669 -3.10896e-17 -0.000426331 -2.54715e-17   0.00237574  7.07323e-17   0.00377884  2.14821e-16  -0.00374066   2.8336e-16   -0.0131928  2.11805e-16   -0.0108659 -3.03804e-17   0.00415287 -4.47492e-16    0.0201907 -8.41171e-16    0.0269573 -9.03933e-16    0.0233291 -5.79602e-16    0.0145134 -1.25138e-16   0.00604066  1.84133e-16  0.000606281  2.74753e-16  -0.00174056  2.32346e-16  -0.00212071   1.5837e-16  -0.00166187  9.85303e-17  -0.00105486  5.65886e-17 -0.000581001  2.71167e-17 -0.000286508  7.94432e-18 -0.000128702 -2.18953e-18 -5.32302e-05 -5.95928e-18 -2.04125e-05 -6.37646e-18 -7.29236e-06 -5.45267e-18 -2.43497e-06 -4.14138e-18 -7.61632e-07 -2.84962e-18 -2.23496e-07 -1.77398e-18 -6.15833e-08 -9.94566e-19 -1.59415e-08  -4.9974e-19 -3.87719e-09 -2.23601e-19 -8.85787e-10 -8.81619e-20 -1.89997e-10 -3.00882e-20 -3.82316e-11 -8.60254e-21 -7.20892e-12 -1.92221e-21 -1.27189e-12 -2.72306e-22  -2.0957e-13  4.11502e-24 -3.21682e-14  1.25464e-23  -4.5848e-15  7.96963e-25 -6.04074e-16 -2.17254e-24 -7.31207e-17 -1.45873e-24 -8.05697e-18  -5.7888e-25 -7.96227e-19 -1.65647e-25 -6.86906e-20 -3.44209e-26 -4.87196e-21 -4.36251e-27 -2.33364e-22  1.08168e-28  2.12194e-24  2.25236e-28   2.2394e-24  6.33563e-29  3.41035e-25  8.97298e-30  3.67312e-26 -1.33947e-31  3.23359e-27 -4.47182e-31  2.42967e-28 -1.38249e-31  1.58241e-29 -2.71625e-32  8.96636e-31 -3.90173e-33  4.40698e-32   -4.169e-34  1.86365e-33 -3.14642e-35  6.69146e-35 -1.31893e-36  2.00034e-36  2.86818e-38  4.83788e-38  9.62692e-39  9.06175e-40  8.01293e-40   1.2225e-41  3.66778e-41  1.02928e-43  8.33814e-43  3.50344e-46
 7.02789e-06  1.76723e-18 -3.25889e-06 -9.61406e-18 -0.000428485 -4.51989e-17   7.3205e-05 -4.10954e-17   0.00305806  7.36737e-17   0.00252674  2.50222e-16  -0.00588478  3.57297e-16   -0.0132963  2.93466e-16  -0.00868769 -1.27962e-17   0.00659237 -5.06601e-16    0.0216963 -9.03933e-16    0.0280474 -9.23405e-16    0.0249809 -5.89211e-16    0.0170392 -1.71033e-16   0.00902985  1.03644e-16   0.00343594  1.94178e-16  0.000509308  1.77085e-16 -0.000564379  1.29372e-16 -0.000702275  8.44745e-17 -0.000518464  4.84942e-17 -0.000305869  2.18719e-17 -0.000155878  5.01073e-18 -7.09349e-05 -3.38503e-18 -2.93332e-05 -6.21562e-18 -1.11377e-05 -6.24019e-18 -3.90867e-06 -5.15279e-18 -1.27331e-06 -3.77469e-18 -3.86124e-07 -2.49171e-18 -1.09186e-07 -1.48277e-18 -2.88165e-08 -7.93119e-19 -7.09967e-09 -3.79605e-19 -1.63212e-09 -1.61413e-19 -3.49673e-10 -6.02538e-20  -6.9676e-11 -1.93482e-20 -1.28716e-11 -5.14865e-21 -2.19377e-12 -1.04705e-21  -3.4233e-13 -1.25851e-22 -4.82927e-14  5.26572e-24  -6.0166e-15  3.86206e-24  -6.2898e-16 -1.77357e-24 -4.71675e-17 -2.03095e-24 -3.63876e-19 -9.99953e-25  7.31218e-19 -3.37541e-25  1.80403e-19 -8.39903e-26  3.04932e-20 -1.45977e-26  4.24335e-21 -1.15054e-27  5.13059e-22  2.69722e-28  5.50923e-23  1.30847e-28  5.30559e-24  2.68612e-29  4.60052e-25  2.11767e-30  3.59364e-26  -5.8066e-31  2.52407e-27 -2.81088e-31  1.58795e-28 -6.71147e-32  8.89698e-30 -1.12238e-32  4.40465e-31 -1.39624e-33  1.90697e-32 -1.27259e-34  7.12211e-34 -7.62137e-36  2.25309e-35 -1.45732e-37  5.88764e-37   2.5084e-38  1.22559e-38  3.19916e-39  1.92071e-40   1.9595e-40  2.05049e-42  6.57384e-42  1.18601e-44  8.35865e-44
  7.2486e-19  1.79237e-05  3.35871e-18 -8.67917e-05 -1.48374e-17  -0.00047183 -6.06956e-17  0.000747157 -5.56714e-17   0.00330146  7.69713e-17   0.00089499  2.84387e-16  -0.00767796  4.24753e-16   -0.0128242  3.52236e-16  -0.00620527 -1.63517e-17   0.00916221 -5.51679e-16    0.0233291 -9.23405e-16     0.029191 -9.04717e-16    0.0264759 -5.81006e-16    0.0191913 -2.09351e-16    0.0115438  3.16338e-17   0.00581826  1.22954e-16   0.00241298  1.27054e-16  0.000759203  1.00024e-16  0.000116451  6.73661e-17 -6.07858e-05  3.77993e-17 -7.20563e-05  1.54598e-17 -4.58373e-05  1.83046e-18 -2.29457e-05 -4.51062e-18 -9.85873e-06 -6.31706e-18  -3.7616e-06 -5.91487e-18 -1.29564e-06 -4.67348e-18 -4.06253e-07 -3.28115e-18  -1.1639e-07  -2.0711e-18 -3.04734e-08 -1.17633e-18 -7.26626e-09 -5.99694e-19 -1.56454e-09 -2.73081e-19  -2.9883e-10 -1.10169e-19 -4.86673e-11 -3.88437e-20 -6.04083e-12  -1.1696e-20  -2.8915e-13 -2.88175e-21  1.29353e-13 -5.28991e-22  5.73264e-14 -5.34875e-23  1.55865e-14  2.13731e-24  3.43235e-15 -6.71918e-25  6.57313e-16 -2.38249e-24   1.1265e-16 -1.53081e-24  1.75192e-17 -6.14752e-25  2.49071e-18 -1.79675e-25  3.24967e-19 -3.85293e-26  3.89804e-20 -5.26867e-27   4.3004e-21 -3.59993e-29  4.36043e-22   2.1164e-28  4.05717e-23  6.34416e-29  3.45579e-24   9.1374e-30  2.68596e-25 -1.72014e-31  1.89709e-26 -4.78624e-31  1.21137e-27 -1.48016e-31  6.94866e-29 -2.91733e-32  3.55249e-30 -4.20604e-33  1.60283e-31 -4.51289e-34  6.30267e-33 -3.42376e-35  2.12519e-34 -1.44866e-36  6.01276e-36  3.03081e-38  1.38482e-37  1.05065e-38  2.48189e-39  8.80444e-40  3.21452e-41  4.04586e-41  2.60311e-43  9.21321e-43  8.52278e-46
