 1.79481e-07 -2.66723e-24 -2.87148e-06  6.16581e-23   1.4938e-05 -3.73302e-22 -3.62629e-05  9.94623e-22  4.08998e-05 -1.25669e-21 -1.40331e-05  8.10991e-22 -5.88266e-06 -1.09835e-21  1.83478e-06  2.24428e-21  7.16184e-07  -1.7986e-21  2.62618e-08  5.54015e-22 -4.72335e-09
-2.66723e-24  4.31162e-06 -3.71998e-23 -3.66512e-05  5.94782e-22  0.000132358 -2.62821e-21 -0.000231396  4.84575e-21   0.00017174 -2.86673e-21 -7.75379e-06 -1.43546e-21 -3.13936e-05 -1.50419e-21 -1.79423e-06  6.77921e-21  1.67135e-06 -3.86972e-21  2.24302e-07  6.47594e-22
-2.87148e-06 -3.71998e-23  4.80238e-05 -3.12448e-22 -0.000264307  3.64606e-21  0.000690248 -1.19674e-20 -0.000861762  1.50125e-20  0.000363349  8.73983e-22   0.00011697 -1.57949e-20 -5.75195e-05 -1.19378e-22 -1.80892e-05  1.22595e-20 -5.99388e-08  -3.2875e-21   1.8097e-07
 6.16581e-23 -3.66512e-05 -3.12448e-22  0.000329596 -1.83266e-21  -0.00127947  1.59845e-20   0.00246274 -3.98185e-20  -0.00211754  3.30435e-20  0.000271575   2.6596e-20  0.000419158 -5.38575e-20 -5.39648e-06  1.25419e-21 -3.02196e-05  1.34157e-20 -3.37101e-06   7.7852e-22
  1.4938e-05  5.94782e-22 -0.000264307 -1.83266e-21   0.00156333 -7.84232e-21  -0.00448466  5.22747e-20   0.00637902 -1.01737e-19  -0.00344011  5.18188e-20 -0.000682316  1.01076e-19    0.0006593 -1.11757e-19  0.000153797 -6.06956e-21 -1.00657e-05  9.62816e-21 -2.58387e-06
-3.73302e-22  0.000132358  3.64606e-21  -0.00127947 -7.84232e-21   0.00545231 -2.51138e-20   -0.0118823  1.31726e-19    0.0123004 -2.09029e-19  -0.00311344  5.19914e-20  -0.00254131  2.45281e-19  0.000357517 -1.46044e-19  0.000263491 -3.13835e-20  2.20261e-05  1.01851e-20
-3.62629e-05 -2.62821e-21  0.000690248  1.59845e-20  -0.00448466 -2.51138e-20    0.0145415  -6.1743e-20   -0.0244741  2.66136e-19    0.0176389  -3.6745e-19  0.000672194  7.57808e-21  -0.00405578  4.51002e-19 -0.000549706 -9.33111e-20  0.000152775 -5.99461e-20   2.0372e-05
 9.94623e-22 -0.000231396 -1.19674e-20   0.00246274  5.22747e-20   -0.0118823  -6.1743e-20    0.0305096 -1.20159e-19   -0.0399913  4.54634e-19    0.0179307 -5.93767e-19   0.00755228 -1.12141e-19  -0.00339953  6.78449e-19  -0.00128872  2.39542e-20 -5.22537e-05 -4.96597e-20
 4.08998e-05  4.84575e-21 -0.000861762 -3.98185e-20   0.00637902  1.31726e-19   -0.0244741 -1.20159e-19    0.0515752  -1.9162e-19   -0.0526949  6.93887e-19    0.0100402 -9.26822e-19    0.0140111  -3.5049e-19   -0.0002588  8.49722e-19    -0.001064  3.89611e-20 -9.44636e-05
-1.25669e-21   0.00017174  1.50125e-20  -0.00211754 -1.01737e-19    0.0123004  2.66136e-19   -0.0399913  -1.9162e-19    0.0719929 -2.56837e-19   -0.0567795  9.64856e-19  -0.00483708 -1.41793e-18    0.0154933 -7.27964e-19   0.00314275  7.62101e-19  -0.00021882 -1.08171e-19
-1.40331e-05 -2.86673e-21  0.000363349  3.30435e-20  -0.00344011 -2.09029e-19    0.0176389  4.54634e-19   -0.0526949 -2.56837e-19    0.0855519 -2.87872e-19   -0.0504536  1.16115e-18   -0.0215282 -2.10862e-18    0.0100986 -1.14355e-18   0.00400079  1.65532e-19  0.000214615
 8.10991e-22 -7.75379e-06  8.73983e-22  0.000271575  5.18188e-20  -0.00311344  -3.6745e-19    0.0179307  6.93887e-19   -0.0567795 -2.87872e-19    0.0902863 -2.54188e-19   -0.0362263  1.08229e-18   -0.0337019 -2.81582e-18  0.000761225 -1.38804e-18   0.00214058 -5.71178e-19
-5.88266e-06 -1.43546e-21   0.00011697   2.6596e-20 -0.000682316  5.19914e-20  0.000672194 -5.93767e-19    0.0100402  9.64856e-19   -0.0504536 -2.54188e-19    0.0896588 -6.33644e-20    -0.017339   8.6939e-19   -0.0361685 -2.64229e-18  -0.00623938 -1.34843e-18  0.000189019
-1.09835e-21 -3.13936e-05 -1.57949e-20  0.000419158  1.01076e-19  -0.00254131  7.57808e-21   0.00755228 -9.26822e-19  -0.00483708  1.16115e-18   -0.0362263 -6.33644e-20    0.0895633  8.89263e-19   0.00491933  1.95361e-18    -0.026894   -4.808e-19  -0.00662608 -9.98486e-19
 1.83478e-06 -1.50419e-21 -5.75195e-05 -5.38575e-20    0.0006593  2.45281e-19  -0.00405578 -1.12141e-19    0.0140111 -1.41793e-18   -0.0215282  1.08229e-18    -0.017339  8.89263e-19    0.0941884   4.5261e-18    0.0288665   6.5649e-18   -0.0103171  2.55765e-18  -0.00271874
 2.24428e-21 -1.79423e-06 -1.19378e-22 -5.39648e-06 -1.11757e-19  0.000357517  4.51002e-19  -0.00339953  -3.5049e-19    0.0154933 -2.10862e-18   -0.0337019   8.6939e-19   0.00491933   4.5261e-18     0.102174  1.31112e-17    0.0472705  1.34397e-17   0.00284849  3.08488e-18
 7.16184e-07  6.77921e-21 -1.80892e-05  1.25419e-21  0.000153797 -1.46044e-19 -0.000549706  6.78449e-19   -0.0002588 -7.27964e-19    0.0100986 -2.81582e-18   -0.0361685  1.95361e-18    0.0288665  1.31112e-17     0.104179  2.43012e-17    0.0491584  1.55862e-17   0.00518442
 -1.7986e-21  1.67135e-06  1.22595e-20 -3.02196e-05 -6.06956e-21  0.000263491 -9.33111e-20  -0.00128872  8.49722e-19   0.00314275 -1.14355e-18  0.000761225 -2.64229e-18    -0.026894   6.5649e-18    0.0472705  2.43012e-17    0.0882784  2.86838e-17    0.0327585  9.18479e-18
 2.62618e-08 -3.86972e-21 -5.99388e-08  1.34157e-20 -1.00657e-05 -3.13835e-20  0.000152775  2.39542e-20    -0.001064  7.62101e-19   0.00400079 -1.38804e-18  -0.00623938   -4.808e-19   -0.0103171  1.34397e-17    0.0491584  2.86838e-17    0.0548183  2.02026e-17    0.0119677
 5.54015e-22  2.24302e-07  -3.2875e-21 -3.37101e-06  9.62816e-21  2.20261e-05 -5.99461e-20 -5.22537e-05  3.89611e-20  -0.00021882  1.65532e-19   0.00214058 -1.34843e-18  -0.00662608  2.55765e-18   0.00284849  1.55862e-17    0.0327585  2.02026e-17    0.0214084  7.04514e-18
-4.72335e-09  6.47594e-22   1.8097e-07   7.7852e-22 -2.58387e-06  1.01851e-20   2.0372e-05 -4.96597e-20 -9.44636e-05 -1.08171e-19  0.000214615 -5.71178e-19  0.000189019 -9.98486e-19  -0.00271874  3.08488e-18   0.00518442  9.18479e-18    0.0119677  7.04514e-18   0.00387585
