    0.069126  -1.8416e-18   -0.0693003  5.88027e-18   -0.0183488  1.03288e-17    0.0189272  -1.1637e-17    0.0107069 -5.11773e-18  -0.00197605   2.7629e-18   -0.0034701  1.77308e-18  -0.00087027  1.68629e-19  0.000235342 -2.29201e-19  0.000157721 -6.69867e-20  2.01398e-05
 -1.8416e-18      0.13125 -4.84535e-18   -0.0481342  1.02866e-17   -0.0419632  2.20388e-17    0.0085128 -1.17021e-17    0.0166239 -9.60796e-18   0.00230231  1.97369e-18  -0.00380894  3.00756e-18  -0.00195893  7.19606e-19 -0.000164879 -1.40051e-19  8.38769e-05 -4.27844e-20
  -0.0693003 -4.84535e-18     0.101968 -1.67208e-17  -0.00763911  1.66728e-17   -0.0413886  2.42104e-17   -0.0017093 -1.09472e-17    0.0157499 -1.14544e-17   0.00552594  5.26906e-19  -0.00268028   3.3486e-18   -0.0023801  1.16761e-18 -0.000568645  5.28513e-20 -3.02581e-05
 5.88027e-18   -0.0481342 -1.67208e-17    0.0630413 -2.55551e-17 -4.03112e-05  2.24923e-17   -0.0337697  2.41811e-17  -0.00608559 -1.03302e-17    0.0138353 -1.28001e-17   0.00756059 -1.41888e-18   -0.0010568  2.72381e-18  -0.00206628  1.15082e-18 -0.000598505  1.00417e-19
  -0.0183488  1.02866e-17  -0.00763911 -2.55551e-17    0.0461563 -3.15628e-17   0.00151885  2.60101e-17   -0.0307669  2.49802e-17  -0.00901226 -7.61473e-18    0.0119007 -1.33468e-17   0.00899624 -3.55723e-18  0.000919318  1.27067e-18  -0.00102766  6.07347e-19 -0.000255513
 1.03288e-17   -0.0419632  1.66728e-17 -4.03112e-05 -3.15628e-17    0.0429815 -3.24428e-17   0.00316774  2.44226e-17   -0.0284819  2.55806e-17   -0.0116401 -3.45394e-18   0.00955281 -1.25198e-17   0.00980801 -5.19774e-18   0.00288985 -2.85457e-19  0.000136738  5.85698e-20
   0.0189272  2.20388e-17   -0.0413886  2.24923e-17   0.00151885 -3.24428e-17     0.038353 -3.16453e-17    0.0047956  2.07033e-17   -0.0265796  2.57396e-17   -0.0140831  7.81253e-19   0.00670629 -1.04521e-17   0.00955076 -5.52152e-18   0.00375895 -9.44628e-19  0.000477182
 -1.1637e-17    0.0085128  2.42104e-17   -0.0337697  2.60101e-17   0.00316774 -3.16453e-17    0.0357376 -2.96581e-17   0.00598512  1.65108e-17   -0.0251182  2.55251e-17   -0.0165543  4.57918e-18    0.0029096 -7.09145e-18   0.00715915 -3.92462e-18   0.00263918  -5.8616e-19
   0.0107069 -1.17021e-17   -0.0017093  2.41811e-17   -0.0307669  2.44226e-17    0.0047956 -2.96581e-17    0.0342844 -2.78704e-17   0.00730412  1.28672e-17   -0.0237918  2.50079e-17   -0.0193443  8.20854e-18  -0.00257196 -2.46535e-18   0.00259269 -1.37877e-18  0.000735075
-5.11773e-18    0.0166239 -1.09472e-17  -0.00608559  2.49802e-17   -0.0284819  2.07033e-17   0.00598512 -2.78704e-17    0.0336246 -2.69268e-17   0.00891211  1.00826e-17   -0.0225345  2.43109e-17   -0.0227077  1.14635e-17  -0.00862486  1.62021e-18  -0.00123846  1.37938e-19
 -0.00197605 -9.60796e-18    0.0157499 -1.03302e-17  -0.00901226  2.55806e-17   -0.0265796  1.65108e-17   0.00730412 -2.69268e-17    0.0337918  -2.6733e-17    0.0108599  7.73091e-18   -0.0212281  2.26168e-17      -0.0246   1.1988e-17   -0.0109118  2.79174e-18  -0.00166383
  2.7629e-18   0.00230231 -1.14544e-17    0.0138353 -7.61473e-18   -0.0116401  2.57396e-17   -0.0251182  1.28672e-17   0.00891211  -2.6733e-17    0.0346739 -2.67666e-17    0.0132507  4.64766e-18   -0.0173948  1.72224e-17   -0.0201453  8.14714e-18  -0.00722085   1.8523e-18
  -0.0034701  1.97369e-18   0.00552594 -1.28001e-17    0.0119007 -3.45394e-18   -0.0140831  2.55251e-17   -0.0237918  1.00826e-17    0.0108599 -2.67666e-17    0.0362325 -2.71565e-17    0.0184752 -1.39261e-18  -0.00646945  7.47536e-18  -0.00890845  3.20251e-18   -0.0019775
 1.77308e-18  -0.00380894  5.26906e-19   0.00756059 -1.33468e-17   0.00955281  7.81253e-19   -0.0165543  2.50079e-17   -0.0225345  7.73091e-18    0.0132507 -2.71565e-17    0.0407136 -2.93819e-17    0.0304206 -9.92637e-18   0.00963604 -1.05725e-18   0.00100208  1.43394e-18
 -0.00087027  3.00756e-18  -0.00268028 -1.41888e-18   0.00899624 -1.25198e-17   0.00670629  4.57918e-18   -0.0193443  2.43109e-17   -0.0212281  4.64766e-18    0.0184752 -2.93819e-17    0.0516541 -3.22037e-17    0.0452412 -1.49362e-17    0.0195149 -2.79505e-18   0.00310437
 1.68629e-19  -0.00195893   3.3486e-18   -0.0010568 -3.55723e-18   0.00980801 -1.04521e-17    0.0029096  8.20854e-18   -0.0227077  2.26168e-17   -0.0173948 -1.39261e-18    0.0304206 -3.22037e-17    0.0644612 -2.98214e-17    0.0494341 -1.19502e-17    0.0162534  2.59331e-20
 0.000235342  7.19606e-19   -0.0023801  2.72381e-18  0.000919318 -5.19774e-18   0.00955076 -7.09145e-18  -0.00257196  1.14635e-17      -0.0246  1.72224e-17  -0.00646945 -9.92637e-18    0.0452412 -2.98214e-17    0.0649374 -2.01545e-17    0.0365624 -4.83711e-18   0.00673844
-2.29201e-19 -0.000164879  1.16761e-18  -0.00206628  1.27067e-18   0.00288985 -5.52152e-18   0.00715915 -2.46535e-18  -0.00862486   1.1988e-17   -0.0201453  7.47536e-18   0.00963604 -1.49362e-17    0.0494341 -2.01545e-17    0.0469908 -8.94829e-18    0.0171337 -6.99068e-20
 0.000157721 -1.40051e-19 -0.000568645  1.15082e-18  -0.00102766 -2.85457e-19   0.00375895 -3.92462e-18   0.00259269  1.62021e-18   -0.0109118  8.14714e-18  -0.00890845 -1.05725e-18    0.0195149 -1.19502e-17    0.0365624 -8.94829e-18    0.0226391 -2.02271e-18   0.00436181
-6.69867e-20  8.38769e-05  5.28513e-20 -0.000598505  6.07347e-19  0.000136738 -9.44628e-19   0.00263918 -1.37877e-18  -0.00123846  2.79174e-18  -0.00722085  3.20251e-18   0.00100208 -2.79505e-18    0.0162534 -4.83711e-18    0.0171337 -2.02271e-18   0.00652521  1.64665e-19
 2.01398e-05 -4.27844e-20 -3.02581e-05  1.00417e-19 -0.000255513  5.85698e-20  0.000477182  -5.8616e-19  0.000735075  1.37938e-19  -0.00166383   1.8523e-18   -0.0019775  1.43394e-18   0.00310437  2.59331e-20   0.00673844 -6.99068e-20   0.00436181  1.64665e-19  0.000857467
