 1.89476e-35  7.86756e-51 -2.31548e-35 -9.17955e-51  1.73916e-35 -3.28175e-50 -3.09789e-35  3.28586e-49  2.77306e-35 -2.54962e-48 -1.83177e-35 -5.57305e-48  5.08028e-36  1.27268e-46 -2.34938e-36 -2.64489e-46     2.54e-36  1.08554e-45  4.56095e-37 -3.68331e-45 -8.47224e-37  3.79689e-45     4.95e-37 -6.00464e-46   2.4518e-37 -4.13701e-44 -1.38351e-37   1.2447e-44  1.94366e-37 -8.92256e-44 -1.99969e-37  2.19584e-43   7.6604e-38   2.4839e-43 -1.02756e-38  7.16108e-44 -1.36364e-38  9.94401e-43  5.40149e-39 -5.18566e-43 -1.83839e-39  1.02992e-42 -2.11193e-39 -1.42894e-43  5.37286e-39  1.27872e-43 -1.62242e-38  2.75073e-43   5.4461e-38 -2.15969e-43 -1.74042e-37  5.13692e-44  5.13093e-37 -2.00386e-43 -1.38512e-36 -6.36903e-44  3.41504e-36  3.88221e-43  -7.6687e-36 -1.15805e-42  1.56299e-35  2.77227e-42 -2.87882e-35  -6.6974e-42  4.76534e-35  1.51384e-41  -7.0388e-35 -3.18635e-41  9.19024e-35  6.23481e-41 -1.04694e-34 -1.13248e-40  1.02092e-34  1.90563e-40 -8.26325e-35 -2.96368e-40  5.23629e-35  4.24807e-40 -2.23313e-35 -5.59262e-40  2.18277e-36   6.7333e-40  5.31589e-36 -7.37269e-40 -4.33721e-36  7.28819e-40  1.17531e-36 -6.43803e-40  5.08952e-37  5.00411e-40 -5.53306e-37  -3.3351e-40  1.54675e-37  1.81001e-40  1.77369e-38  -6.9387e-41 -5.91131e-39  6.23831e-42 -1.60928e-38  1.74347e-41  1.07694e-38 -1.81834e-41 -2.44029e-39  1.09245e-41 -1.40001e-41 -4.24253e-42  1.50368e-40  6.93292e-43 -1.08434e-40   4.0635e-43   6.5583e-41 -4.18126e-43 -2.35209e-41  2.08475e-43  4.99439e-42  -7.0453e-44 -5.98277e-43  1.69124e-44 -2.36118e-45 -2.81962e-45  1.69283e-44   3.0301e-46 -2.99727e-45 -1.78002e-47  2.01018e-46  3.50694e-49
 7.86756e-51  5.95601e-35  4.25587e-50  -6.3182e-35 -5.93717e-51  3.89878e-35 -2.41568e-49 -6.05845e-35  3.37413e-48  4.86148e-35 -2.53124e-47 -3.17494e-35 -9.39423e-47   5.4685e-36   1.5233e-45 -1.79688e-36 -3.13962e-45  1.59591e-36  1.21115e-44  1.75755e-36 -3.57946e-44 -1.43765e-36  2.91139e-44  1.13793e-36  1.25009e-44  4.13305e-37 -3.39633e-43 -2.82229e-37  1.34311e-43  5.30793e-37 -7.09986e-43 -5.03372e-37  1.52845e-42  2.00206e-37  1.64776e-42 -1.96156e-38  2.01621e-43 -4.36961e-38  6.29593e-42  1.55337e-38 -3.10514e-42  1.12996e-39  5.55256e-42 -3.90106e-38 -8.74472e-43  1.45217e-37  1.35116e-42 -5.17713e-37  1.48568e-42  1.73222e-36 -7.98749e-43 -5.33578e-36  1.10498e-43  1.50625e-35 -1.28714e-43 -3.88756e-35 -2.24255e-42  9.15119e-35  7.35701e-42 -1.95868e-34 -2.01222e-41  3.79708e-34  4.98949e-41 -6.63441e-34 -1.17099e-40  1.03822e-33  2.56299e-40 -1.44325e-33  -5.2209e-40  1.76253e-33  9.88423e-40 -1.86139e-33 -1.73635e-39  1.65941e-33  2.82465e-39 -1.19746e-33 -4.24507e-39  6.38654e-34  5.87686e-39 -1.81684e-34 -7.46802e-39 -5.71958e-35  8.67242e-39  9.83341e-35 -9.15107e-39 -4.80737e-35  8.70736e-39  1.31156e-36  -7.3907e-39  1.14602e-35  5.50348e-39 -5.66394e-36 -3.49256e-39  1.94862e-37  1.77576e-39  6.07292e-37 -5.95583e-40  5.39944e-38 -2.72237e-41 -2.26437e-37  2.33898e-40  8.90111e-38 -2.17521e-40 -1.01022e-38  1.32333e-40 -3.86433e-40 -5.91548e-41  2.05182e-40  1.88395e-41 -6.59745e-40 -3.31031e-42  4.61106e-40 -4.28436e-43 -1.48992e-40  5.57714e-43   3.0694e-41 -2.19295e-43 -4.51345e-42  5.25108e-44  3.50506e-43 -8.04047e-45  1.17469e-44  7.28669e-46 -4.24963e-45 -3.06829e-47  1.94775e-46
-2.31548e-35  4.25587e-50  1.26287e-34  1.07288e-49   -1.081e-34  2.33424e-49  4.90559e-35 -2.09808e-48   -8.255e-35  1.73619e-47  5.61486e-35 -1.51943e-46 -3.48376e-35 -9.99155e-46 -7.62869e-37  1.25778e-44  2.63387e-36 -2.57231e-44 -4.17761e-36  9.18562e-44   3.9218e-36 -2.34921e-43 -1.81563e-36  1.49664e-43  1.85786e-36  1.88047e-43  3.93205e-37 -1.90261e-42 -3.97738e-37   9.5303e-43  1.02648e-36 -3.86985e-42  -8.7154e-37  7.34603e-42  3.51526e-37  7.65362e-42  -2.2484e-38 -4.76097e-43 -8.82481e-38  2.78647e-41 -4.17757e-39 -1.30971e-41  1.93824e-37  2.06165e-41 -8.93281e-37  -3.6162e-42  3.39519e-36  7.33172e-42   -1.188e-35  5.54934e-42  3.82281e-35 -1.26937e-42 -1.12793e-34 -2.14006e-42  3.04571e-34  9.05938e-42 -7.51031e-34 -3.38666e-41  1.68658e-33   9.7416e-41  -3.4374e-33 -2.55299e-40  6.33036e-33  6.20946e-40 -1.04756e-32 -1.41179e-39  1.54652e-32  2.99075e-39 -2.01748e-32 -5.89508e-39  2.29507e-32  1.07967e-38 -2.23291e-32 -1.83424e-38  1.80017e-32  2.88479e-38 -1.13198e-32 -4.19001e-38  4.72942e-33  5.60403e-38 -3.49402e-34 -6.87759e-38 -1.23515e-33  7.71113e-38  9.70898e-34 -7.85447e-38 -2.56021e-34  7.21456e-38  -1.1207e-34 -5.91382e-38  1.14568e-34   4.2578e-38 -2.47814e-35 -2.61981e-38 -1.05402e-35  1.30096e-38  4.71873e-36 -4.38702e-39  2.03495e-36  2.78997e-41 -1.75614e-36  1.37892e-39  3.58742e-37  -1.3005e-39 -5.47728e-39  7.91722e-40  1.24048e-38  -3.6053e-40 -5.14794e-39   1.2409e-40 -2.90263e-39 -3.01247e-41  1.95506e-39  3.73233e-42 -5.28498e-40  5.59655e-43  1.05779e-40 -4.12799e-43 -1.63556e-41  1.04373e-43  1.39899e-42 -1.46217e-44 -3.02964e-44   1.0679e-45 -2.78287e-45  -2.6384e-47
-9.17955e-51  -6.3182e-35  1.07288e-49  2.11338e-34 -1.50985e-49 -1.40317e-34  2.59225e-48  4.64188e-35 -1.79067e-47 -9.01442e-35  1.15966e-47  4.49649e-35 -5.49171e-46 -2.36289e-35 -7.99445e-45 -1.27558e-35  8.23628e-44  1.25532e-35 -1.66107e-43   -1.548e-35  5.45798e-43  7.38292e-36 -1.19896e-42 -2.55765e-36  5.83581e-43  2.47012e-36  1.47262e-42  1.69912e-37  -8.4175e-42 -4.73315e-37  5.18866e-42  1.61289e-36 -1.66191e-41 -1.17583e-36   2.8084e-41   4.6887e-37  2.88831e-41 -3.94003e-38 -7.28263e-42   3.6018e-38  9.93904e-41 -9.28287e-37 -4.47005e-41  4.39399e-36  6.07783e-41 -1.77104e-35 -1.17604e-41  6.48362e-35  2.85625e-41 -2.17885e-34  1.47997e-41  6.71699e-34  7.92836e-42 -1.89666e-33 -3.71522e-41  4.89614e-33    1.254e-40  -1.1527e-32 -3.77174e-40   2.4674e-32  1.02826e-39 -4.78327e-32  -2.6033e-39  8.35644e-32  6.14291e-39  -1.3073e-31 -1.35186e-38  1.81625e-31  2.77092e-38 -2.21587e-31 -5.28337e-38   2.3363e-31  9.35769e-38 -2.07693e-31 -1.53691e-37  1.49101e-31  2.33597e-37 -7.86103e-32 -3.27769e-37  2.13519e-32  4.23346e-37  8.14837e-33 -5.01577e-37 -1.27366e-32  5.42798e-37  6.05308e-33 -5.33663e-37 -9.10727e-35  4.73349e-37 -1.44745e-33 -3.75139e-37  6.56337e-34  2.61859e-37  3.56415e-35 -1.57192e-37 -1.12081e-34  7.73925e-38  9.24989e-36 -2.74885e-38  2.12875e-35  2.99672e-39 -7.97599e-36  5.06266e-39  3.18491e-37 -5.27103e-39    1.794e-38  3.23729e-39  1.69236e-37 -1.46888e-39 -3.38387e-38  5.09422e-40 -1.23443e-38 -1.31003e-40  5.61898e-39  2.21267e-41 -1.24715e-39 -1.23196e-42  2.65969e-40  -4.8668e-43 -3.96702e-41  1.50735e-43  2.94701e-42 -1.92168e-44 -8.79549e-44  1.04084e-45 -3.33966e-46
 1.73916e-35 -5.93717e-51   -1.081e-34 -1.50985e-49   2.9875e-34 -4.62129e-48 -1.56707e-34  2.24904e-47  3.94236e-35 -1.38081e-46 -8.20699e-35 -6.68682e-46  1.68879e-35 -2.53057e-46 -9.29401e-37 -5.18058e-44 -2.73698e-35  4.52247e-43  2.93066e-35 -8.92241e-43 -3.14922e-35  2.69441e-42   1.2921e-35 -5.03242e-42 -4.24807e-36  1.76427e-42  2.50936e-36  8.38238e-42 -6.25323e-39 -3.12243e-41 -5.43444e-37  2.31744e-41  2.15627e-36 -5.95361e-41 -1.29045e-36  9.03999e-41  5.99831e-37  9.42106e-41 -7.70779e-37 -4.06097e-41  3.84711e-36  3.02441e-40 -1.85943e-35 -1.30301e-40  7.80464e-35  1.50839e-40 -2.98624e-34 -3.29914e-41  1.04794e-33  9.33748e-41 -3.37436e-33  1.19597e-41  9.95933e-33  1.20945e-40 -2.68997e-32 -3.98937e-40  6.63459e-32  1.23219e-39 -1.49019e-31 -3.48258e-39   3.0375e-31  9.14685e-39   -5.594e-31 -2.24019e-38  9.25595e-31  5.11707e-38 -1.36601e-30 -1.08952e-37  1.78084e-30  2.16006e-37 -2.02355e-30 -3.98257e-37  1.96483e-30  6.81832e-37 -1.57839e-30 -1.08203e-36  9.85378e-31  1.58835e-36 -4.03563e-31 -2.15145e-36  2.03192e-32  2.68128e-36   1.1441e-31 -3.06395e-36 -8.68002e-32  3.19705e-36  2.18184e-32 -3.03053e-36  1.05457e-32  2.59267e-36  -1.0052e-32 -1.98435e-36  1.79068e-33  1.34163e-36  1.24465e-33 -7.85261e-37 -5.63059e-34  3.83176e-37 -1.18983e-34 -1.42343e-37  1.23274e-34  2.71896e-38 -1.61818e-35  1.17888e-38  -3.9402e-36 -1.59636e-38 -1.03077e-36  1.00903e-38  1.01362e-36  -4.5469e-39  -7.2306e-38   1.5557e-39 -4.37289e-38 -3.99275e-40  9.97693e-39  7.14501e-41 -2.18596e-39 -6.95676e-42  5.56368e-40 -2.16112e-43 -6.89261e-41  1.63373e-43  4.00881e-42  -1.8775e-44 -1.17171e-43  6.20867e-46
-3.28175e-50  3.89878e-35  2.33424e-49 -1.40317e-34 -4.62129e-48  3.74671e-34 -4.68408e-47  -1.6565e-34  1.75752e-46  3.31627e-35 -9.51397e-46 -6.25091e-35 -7.45558e-45 -2.11067e-35  1.31555e-44  2.48326e-35 -2.82954e-43 -4.11904e-35  2.14615e-42  5.28197e-35 -4.11176e-42 -5.03603e-35  1.14194e-41  2.09477e-35 -1.78712e-41 -6.53449e-36  3.90017e-42  1.07389e-36  3.84131e-41  3.24944e-37 -1.00281e-40 -6.58899e-37   8.8248e-41  2.56244e-36 -1.83666e-40 -1.55406e-36  2.52643e-40  3.07671e-36  2.74432e-40 -1.44615e-35 -1.60149e-40  6.88038e-35  8.09212e-40 -3.00382e-34 -3.34109e-40  1.19907e-33  3.27574e-40 -4.39261e-33 -9.31164e-41  1.47701e-32  3.05744e-40 -4.55498e-32 -2.24032e-40  1.28659e-31  1.12441e-39 -3.32227e-31 -3.49064e-39  7.82375e-31  1.02434e-38 -1.67507e-30 -2.78747e-38  3.24776e-30  7.07781e-38 -5.67414e-30  -1.6771e-37  8.87567e-30  3.70629e-37 -1.23266e-29 -7.63268e-37  1.50276e-29  1.46317e-36 -1.58227e-29 -2.60745e-36  1.40312e-29  4.31284e-36  -1.0025e-29 -6.60905e-36  5.22765e-30  9.36295e-36 -1.35451e-30 -1.22321e-35 -6.13265e-31  1.46939e-35  8.86519e-31 -1.61749e-35 -4.08598e-31  1.62497e-35 -1.79988e-33 -1.48258e-35  1.01605e-31  1.22095e-35 -4.32146e-32 -9.00368e-36 -4.70993e-33  5.87985e-36  8.87473e-33 -3.34335e-36 -1.07049e-33  1.60687e-36 -1.24499e-33 -6.12029e-37  4.07934e-34  1.49482e-37  4.18872e-35  1.01848e-38 -1.71961e-35 -3.71554e-38 -1.06861e-35  2.51539e-38  3.37315e-36 -1.13251e-38   1.4167e-37  3.79628e-39  -9.3088e-38 -9.50174e-40  5.46723e-39  1.68216e-40 -3.74438e-39 -1.80269e-41  9.86494e-40  4.86765e-43 -8.29147e-41  1.31229e-43  3.87875e-42 -1.32967e-44  -8.9788e-44
-3.09789e-35 -2.41568e-49  4.90559e-35  2.59225e-48 -1.56707e-34 -4.68408e-47  4.35797e-34 -3.69976e-46 -1.79482e-34  1.22686e-45  2.96696e-35  -5.8212e-45 -4.13477e-35 -5.25328e-44 -5.93254e-35  1.19657e-43   4.3644e-35 -1.33472e-42  -5.1775e-35  8.97321e-42  8.08081e-35 -1.66013e-41 -6.99009e-35  4.24401e-41  3.08851e-35 -5.44644e-41 -7.87041e-36  4.26105e-42 -2.97337e-36  1.48801e-40  1.64541e-36 -2.84246e-40 -1.04165e-36  2.93875e-40  3.94502e-36 -4.98187e-40 -9.11825e-36  6.25037e-40  4.58685e-35  7.27094e-40 -2.26881e-34 -5.08686e-40  1.02887e-33  1.94008e-39   -4.284e-33 -7.72079e-40  1.63785e-32  6.59846e-40 -5.74961e-32 -3.47873e-40  1.85212e-31  1.25949e-39 -5.46853e-31 -2.50831e-39  1.47757e-30  8.87149e-39 -3.64558e-30 -2.66564e-38  8.19092e-30  7.52542e-38 -1.67003e-29 -1.97992e-37  3.07617e-29  4.86342e-37 -5.09023e-29 -1.11484e-36  7.51134e-29  2.38301e-36 -9.78832e-29 -4.74533e-36  1.11126e-28  8.79271e-36  -1.0772e-28 -1.51386e-35   8.6257e-29  2.41792e-35 -5.34877e-29 -3.57565e-35  2.14827e-29  4.88495e-35 -5.74084e-31 -6.14952e-35 -6.57031e-30  7.11231e-35   4.8238e-30 -7.53141e-35 -1.14598e-30  7.27267e-35 -6.29014e-31 -6.37377e-35  5.62013e-31  5.04054e-35 -8.65266e-32 -3.57089e-35 -7.88257e-32  2.24428e-35  3.46068e-32 -1.23379e-35  5.65556e-33  5.79604e-36 -6.10926e-33 -2.22135e-36  3.66408e-34  6.12397e-37  4.28092e-34 -5.34793e-38  1.30393e-35 -6.44135e-38 -5.15614e-35   5.1107e-38  4.86739e-36 -2.33656e-38  1.23595e-36  7.67684e-39 -4.93373e-39  -1.8533e-39  -1.7266e-38  3.14531e-40 -8.26619e-39 -3.31343e-41  1.31152e-39  1.39836e-42 -6.27455e-41  7.29728e-44   3.0677e-42 -6.03927e-45
 3.28586e-49 -6.05845e-35 -2.09808e-48  4.64188e-35  2.24904e-47  -1.6565e-34 -3.69976e-46  4.93764e-34 -2.47779e-45  -2.1003e-34   7.5676e-45  3.46588e-35 -3.14677e-44 -3.18883e-35 -2.89395e-43 -8.80796e-35  7.04287e-43  4.90896e-35 -5.52579e-42 -5.82719e-35  3.35082e-41   1.0908e-34 -5.96512e-41 -8.80922e-35  1.40386e-40  4.12176e-35 -1.42912e-40 -6.16751e-36 -1.23542e-41 -1.05626e-35  5.01322e-40  4.68262e-36 -7.19552e-40 -4.89117e-36  8.71417e-40  2.54266e-35 -1.20622e-39 -1.30473e-34  1.38798e-39  6.71703e-34  1.77004e-39 -3.17933e-33 -1.37508e-39  1.38089e-32  4.22945e-39 -5.50928e-32  -1.6732e-39  2.01878e-31  1.45273e-39 -6.79092e-31 -1.90683e-39  2.09516e-30  6.91707e-39 -5.92049e-30 -1.96168e-38  1.52946e-29  6.26753e-38 -3.60325e-29 -1.82533e-37  7.71746e-29  4.97751e-37 -1.49679e-28 -1.26698e-36  2.61562e-28  3.01093e-36 -4.09177e-28 -6.67629e-36  5.68192e-28  1.38006e-35 -6.92354e-28 -2.65666e-35  7.28205e-28  4.75662e-35 -6.44387e-28 -7.90922e-35  4.58411e-28  1.21922e-34 -2.36555e-28 -1.73887e-34  5.83979e-29  2.28914e-34  3.09272e-29  -2.7742e-34 -4.18664e-29  3.08557e-34   1.8719e-29 -3.13864e-34  4.94556e-31  2.90805e-34 -4.89601e-30  -2.4428e-34  1.97917e-30  1.85015e-34  2.88504e-31 -1.25504e-34 -4.44131e-31  7.56044e-35  5.45532e-32 -3.99753e-35  5.65128e-32  1.82174e-35 -1.62162e-32 -6.91951e-36 -3.73662e-33  2.02353e-36  1.33453e-33 -3.33679e-37  4.01653e-34 -6.77936e-38 -1.36789e-34  8.41986e-38 -9.00499e-36 -4.04656e-38  2.54297e-36  1.31257e-38  6.35859e-37 -3.04043e-39 -1.93772e-38  4.84919e-40 -1.72856e-38 -4.74812e-41  9.47861e-40  2.05059e-42 -3.01396e-41  2.23307e-44  1.94807e-42
 2.77306e-35  3.37413e-48   -8.255e-35 -1.79067e-47  3.94236e-35  1.75752e-46 -1.79482e-34 -2.47779e-45  5.68458e-34 -1.44169e-44 -2.65009e-34   4.1288e-44  5.77877e-35 -1.49977e-43 -4.48861e-35 -1.33697e-42  -1.0136e-34  3.29261e-42  4.18022e-35 -2.03036e-41 -6.14883e-35  1.12922e-40  1.32731e-34 -1.93117e-40 -1.03275e-34  4.17887e-40  5.01311e-35 -3.19415e-40   2.8563e-37 -9.90135e-41 -2.28805e-35  1.49689e-39  1.67996e-35 -1.63784e-39 -5.90468e-35  2.33223e-39  3.38766e-34 -2.63784e-39 -1.81269e-33  2.79751e-39  8.94958e-33  3.98314e-39 -4.05693e-32 -3.27198e-39  1.68904e-31  8.53897e-39 -6.45966e-31 -3.76568e-39  2.26866e-30  4.74389e-39 -7.31147e-30 -1.22882e-38  2.15983e-29  4.29162e-38 -5.83859e-29 -1.32664e-37  1.44125e-28  4.03052e-37 -3.23971e-28  -1.1368e-36   6.6082e-28  2.99807e-36 -1.21767e-27  -7.3837e-36  2.01544e-27  1.69756e-35 -2.97435e-27 -3.64066e-35  3.87536e-27   7.2766e-35 -4.39705e-27 -1.35386e-34  4.25656e-27  2.34166e-34 -3.39895e-27 -3.75905e-34  2.09458e-27  5.59023e-34 -8.25414e-28 -7.68496e-34  2.42374e-30  9.74186e-34  2.71084e-28 -1.13555e-33 -1.93175e-28  1.21322e-33  4.32298e-29 -1.18376e-33  2.70548e-29  1.05048e-33 -2.28432e-29 -8.43854e-34  3.10872e-30  6.10358e-34  3.43113e-30 -3.95045e-34  -1.4423e-30  2.27105e-34 -2.36699e-31 -1.14866e-34  2.40477e-31  5.04146e-35 -3.98423e-33 -1.87514e-35 -2.19964e-32   5.6161e-36  4.45854e-34 -1.15977e-36  1.87269e-33   3.0706e-38   -1.192e-34  1.07473e-37 -6.05978e-35 -5.88635e-38 -2.72477e-36  1.91775e-38  1.89311e-36 -4.25696e-39  1.16524e-37  6.27682e-40 -2.17452e-38 -5.47373e-41 -1.97969e-40  2.06217e-42 -2.60316e-41 -4.93141e-46
-2.54962e-48  4.86148e-35  1.73619e-47 -9.01442e-35 -1.38081e-46  3.31627e-35  1.22686e-45  -2.1003e-34 -1.44169e-44    6.743e-34  -7.3922e-44   -3.444e-34  2.00825e-43  1.05246e-34   -6.299e-43 -8.13071e-35   -5.362e-42 -1.00152e-34  1.30727e-41  2.90462e-35 -6.67359e-41 -6.33321e-35  3.46301e-40  1.47518e-34 -5.69002e-40 -1.14199e-34  1.12882e-39  5.60715e-35 -5.84041e-40  1.39742e-35 -4.01636e-40  -5.4947e-35  4.01541e-39  1.42769e-34 -3.36104e-39 -8.01249e-34  5.69354e-39  4.49087e-33 -5.26072e-39 -2.31398e-32   5.1681e-39  1.09474e-31   8.3329e-39 -4.75658e-31 -7.09492e-39  1.89851e-30  1.66447e-38 -6.96016e-30 -1.08184e-38  2.34253e-29  2.37999e-38 -7.23117e-29 -7.83908e-38  2.04451e-28  2.63238e-37 -5.28456e-28 -8.13334e-37  1.24568e-27  2.38018e-36 -2.66941e-27 -6.49832e-36  5.17983e-27   1.6581e-35 -9.05546e-27  -3.9511e-35  1.41703e-26  8.78755e-35 -1.96792e-26 -1.82266e-34  2.39745e-26  3.52195e-34 -2.51971e-26 -6.33231e-34  2.22581e-26  1.05779e-33 -1.57734e-26 -1.63889e-33  8.05972e-27  2.35039e-33  -1.8936e-27 -3.11294e-33 -1.16034e-27  3.79746e-33  1.48572e-27 -4.25405e-33 -6.45345e-28  4.36131e-33  -3.1645e-29 -4.07628e-33  1.77821e-28  3.45835e-33 -6.88166e-29 -2.65057e-33 -1.20659e-29  1.82541e-33  1.63294e-29 -1.12302e-33 -1.85804e-30  6.13209e-34 -2.06393e-30 -2.94982e-34  5.37492e-31  1.23818e-34  1.66587e-31 -4.46594e-35  -5.6228e-32  1.34071e-35 -1.30798e-32 -3.07464e-36  4.29632e-33  3.69216e-37  5.39835e-34  8.76503e-38 -1.08904e-34   -7.081e-38 -2.74575e-35  2.40384e-38  1.84257e-36 -5.12684e-39  4.15708e-37  6.87103e-40 -3.69326e-39 -5.10059e-41 -8.58627e-40  1.45788e-42 -3.11432e-41
-1.83177e-35 -2.53124e-47  5.61486e-35  1.15966e-47 -8.20699e-35 -9.51397e-46  2.96696e-35   7.5676e-45 -2.65009e-34  -7.3922e-44  8.10827e-34 -3.37584e-43 -4.39841e-34  8.80027e-43  1.72583e-34 -2.32716e-42 -1.28786e-34 -1.90652e-41 -9.25325e-35  4.55677e-41  2.06568e-35 -1.97302e-40 -6.58147e-35  9.73279e-40  1.50779e-34 -1.53865e-39 -1.19724e-34  2.78504e-39  5.47216e-35 -7.55214e-40  6.51062e-35 -1.25753e-39 -3.23023e-34  9.77983e-39  1.76589e-33 -6.20726e-39 -1.02716e-32   1.2786e-38  5.52777e-32 -9.64368e-39 -2.73004e-31  8.81837e-39  1.23799e-30   1.6412e-38 -5.15676e-30 -1.49967e-38  1.97323e-29  3.50831e-38 -6.93395e-29 -4.49736e-38    2.236e-28  1.38065e-37  -6.6092e-28 -4.70145e-37  1.78775e-27  1.52314e-36 -4.41581e-27 -4.59257e-36  9.93229e-27  1.29897e-35 -2.02716e-26 -3.43226e-35  3.73744e-26  8.47403e-35   -6.189e-26 -1.95371e-34   9.1367e-26  4.20327e-34 -1.19057e-25 -8.43095e-34  1.35046e-25  1.57485e-33 -1.30604e-25 -2.73585e-33  1.04045e-25  4.41311e-33 -6.37556e-26 -6.59762e-33   2.4667e-26   9.1219e-33  5.15237e-28 -1.16348e-32 -8.66378e-27  1.36514e-32  6.01077e-27 -1.46868e-32 -1.26592e-27  1.44348e-32 -8.99645e-28 -1.29071e-32  7.23361e-28  1.04513e-32 -8.75433e-29 -7.62466e-33 -1.14166e-28  4.98426e-33  4.58541e-29 -2.90288e-33  8.26144e-30  1.49778e-33  -7.6933e-30 -6.80979e-34  -5.4625e-32  2.71409e-34  7.74614e-31 -9.41418e-35  -2.2211e-32  2.79414e-35 -5.80447e-32 -6.75321e-36  2.05204e-33  1.12379e-36  2.36348e-33 -1.76781e-38  7.96062e-35 -6.70029e-38 -6.56845e-35  2.57995e-38 -3.19791e-36 -5.32821e-39  5.10713e-37  6.35443e-40  3.12183e-38 -3.77874e-41 -7.17319e-41  6.49451e-43
-5.57305e-48 -3.17494e-35 -1.51943e-46  4.49649e-35 -6.68682e-46 -6.25091e-35  -5.8212e-45  3.46588e-35   4.1288e-44   -3.444e-34 -3.37584e-43  9.63873e-34 -1.38422e-42 -5.38478e-34  3.51232e-42  2.44239e-34 -7.51081e-42 -1.65615e-34 -6.09983e-41 -8.92925e-35  1.42413e-40  2.37488e-35 -5.26404e-40 -7.00646e-35  2.52237e-39  1.41082e-34 -3.84535e-39 -1.12845e-34    6.307e-39 -1.04416e-35 -1.13838e-40  5.70946e-34 -3.33992e-39 -3.61333e-33  2.18177e-38  2.18193e-32 -1.02345e-38 -1.22596e-31  2.65962e-38  6.32221e-31 -1.63257e-38 -2.99253e-30  1.38319e-38  1.30092e-29  3.16531e-38 -5.19536e-29 -3.59489e-38  1.90582e-28  9.79553e-38 -6.41834e-28 -2.31978e-37  1.98258e-27  7.87303e-37 -5.60926e-27 -2.62824e-36  1.45087e-26  8.22985e-36 -3.42241e-26 -2.40646e-35  7.33917e-26  6.58444e-35 -1.42509e-25 -1.68365e-34  2.49292e-25  4.02222e-34 -3.90307e-25 -8.97191e-34  5.42245e-25  1.86709e-33 -6.60659e-25 -3.62138e-33  6.94072e-25  6.53858e-33 -6.12306e-25 -1.09739e-32  4.32479e-25   1.7091e-32 -2.18974e-25 -2.46506e-32  4.89262e-26    3.285e-32  3.43653e-26 -4.03388e-32 -4.19716e-26  4.55045e-32  1.77468e-26 -4.69887e-32  1.26711e-27  4.42382e-32 -5.14266e-27    -3.78e-32  1.91439e-27  2.91656e-32  3.87072e-28 -2.02078e-32 -4.75171e-28  1.24991e-32  4.85092e-29 -6.86138e-33  6.14214e-29  3.32595e-33 -1.49037e-29 -1.41907e-33 -5.34006e-30  5.32819e-34  1.70841e-30  -1.7639e-34  3.84176e-31  5.13106e-35 -1.17623e-31 -1.27369e-35  -1.9889e-32  2.43732e-36  3.63747e-33 -2.40046e-37  8.22047e-34 -4.16736e-38 -5.21323e-35  2.35075e-38 -1.22464e-35 -4.77642e-39 -9.51061e-38   4.9165e-40  3.96166e-38 -2.12037e-41  6.87075e-40
 5.08028e-36 -9.39423e-47 -3.48376e-35 -5.49171e-46  1.68879e-35 -7.45558e-45 -4.13477e-35 -3.14677e-44  5.77877e-35  2.00825e-43 -4.39841e-34 -1.38422e-42  1.11434e-33  -5.1264e-42 -6.28436e-34  1.28993e-41  2.99893e-34 -2.07748e-41 -1.71074e-34 -1.77723e-40 -9.73229e-35  4.05468e-40  3.91103e-35 -1.26855e-39 -7.48922e-35  6.06186e-39   1.0806e-34  -8.9333e-39  3.59522e-36  1.31573e-38 -8.89894e-34  3.32216e-39  6.76586e-33 -7.82161e-39 -4.31831e-32  4.49303e-38  2.53441e-31 -1.47652e-38 -1.36501e-30  5.15075e-38  6.74528e-30 -2.53503e-38 -3.06051e-29   1.8512e-38   1.2756e-28  6.67905e-38 -4.88418e-28 -1.17662e-37  1.71746e-27  3.90162e-37  -5.5422e-27 -1.24146e-36  1.63938e-26  4.23625e-36  -4.4378e-26 -1.37132e-35  1.09701e-25  4.15319e-35  -2.4694e-25 -1.17577e-34  5.04394e-25  3.11278e-34 -9.30653e-25 -7.70205e-34  1.54219e-24  1.78033e-33 -2.27805e-24 -3.84181e-33  2.96962e-24  7.73276e-33 -3.36859e-24 -1.45019e-32   3.2559e-24  2.53071e-32   -2.589e-24 -4.10305e-32  1.57856e-24  6.16905e-32 -6.00158e-25 -8.58305e-32 -2.67193e-26  1.10227e-31  2.24533e-25 -1.30286e-31 -1.52132e-25  1.41258e-31  3.01676e-26 -1.39945e-31  2.41844e-26  1.26125e-31 -1.86472e-26 -1.02885e-31  2.00597e-27  7.55339e-32  3.06949e-27 -4.95956e-32  -1.1815e-27  2.89321e-32   -2.365e-28 -1.48996e-32  2.03372e-28  6.74068e-33  4.50517e-30 -2.67614e-33 -2.13416e-29  9.37883e-34  5.20757e-31 -2.94127e-34  1.55326e-30  8.34676e-35 -2.87736e-32 -2.10279e-35 -6.94746e-32  4.31671e-36 -2.07831e-33 -5.74606e-37  1.76797e-33  2.43579e-39  1.00568e-34  1.78629e-38 -1.34425e-35   -3.679e-39  -1.0294e-36  3.11078e-40  5.72095e-39 -7.85938e-42
 1.27268e-46   5.4685e-36 -9.99155e-46 -2.36289e-35 -2.53057e-46 -2.11067e-35 -5.25328e-44 -3.18883e-35 -1.49977e-43  1.05246e-34  8.80027e-43 -5.38478e-34  -5.1264e-42  1.24721e-33 -1.72163e-41 -7.02143e-34  4.39898e-41   3.2326e-34 -4.67368e-41 -1.36274e-34 -4.76682e-40 -1.14774e-34   1.0664e-39  5.96637e-35 -2.75443e-39 -6.18177e-35  1.35808e-38 -1.02447e-34 -1.93802e-38   1.4885e-33  2.53432e-38 -1.17778e-32  1.40856e-38  7.97542e-32 -1.64857e-38 -4.89912e-31  8.60354e-38  2.75671e-30 -1.76814e-38 -1.42247e-29  9.30223e-38  6.73705e-29 -3.40155e-38 -2.93058e-28  9.92282e-39  1.17114e-27  1.85655e-37 -4.29916e-27  -5.1403e-37  1.44893e-26  1.86542e-36 -4.47916e-26 -6.41069e-36  1.26831e-25  2.13837e-35 -3.28336e-25 -6.69843e-35  7.75173e-25  1.96246e-34 -1.66379e-24 -5.37622e-34   3.2335e-24  1.37713e-33 -5.66119e-24  -3.2969e-33  8.87043e-24  7.37276e-33 -1.23315e-23 -1.53896e-32  1.50306e-23  2.99565e-32 -1.57904e-23 -5.43143e-32  1.39182e-23  9.15987e-32 -9.80389e-24 -1.43448e-31  4.92297e-24  2.08195e-31 -1.04592e-24 -2.79394e-31 -8.34736e-25   3.4575e-31  9.79575e-25 -3.93314e-31 -4.04149e-25  4.09789e-31 -3.76013e-26 -3.89385e-31  1.22824e-25  3.35783e-31 -4.41621e-26 -2.61298e-31 -1.00513e-26  1.82303e-31  1.14181e-26 -1.13208e-31  -1.0354e-27  6.20862e-32 -1.51878e-27 -2.98437e-32  3.48355e-28   1.2505e-32  1.37249e-28  -4.5711e-33  -4.1726e-29  1.47771e-33 -9.80908e-30 -4.35483e-34  2.81025e-30  1.20511e-34  5.46616e-31 -3.07437e-35 -9.37906e-32  6.55284e-36 -2.08741e-32 -9.65265e-37  1.16603e-33  5.31206e-38   3.2436e-34  1.09351e-38   3.9126e-36 -2.41502e-39 -1.07935e-36  1.53197e-40 -1.76995e-38
-2.34938e-36   1.5233e-45 -7.62869e-37 -7.99445e-45 -9.29401e-37  1.31555e-44 -5.93254e-35 -2.89395e-43 -4.48861e-35   -6.299e-43  1.72583e-34  3.51232e-42 -6.28436e-34 -1.72163e-41  1.35582e-33 -5.25472e-41 -7.56472e-34  1.40349e-40    3.085e-34 -7.08236e-41  -6.9494e-35 -1.18986e-39 -1.29061e-34  2.62548e-39   5.1914e-35 -5.34514e-39  2.04913e-34  2.85109e-38 -2.46598e-33 -3.93931e-38  1.94751e-32    4.511e-38 -1.37963e-31  4.12904e-38  8.87781e-31 -3.16635e-38 -5.22175e-30  1.54251e-37   2.8143e-29 -1.43642e-38 -1.39156e-28  1.55161e-37  6.31801e-28 -2.49144e-38 -2.63514e-27  -8.7838e-38  1.00972e-26  7.17321e-37 -3.55335e-26 -2.50271e-36  1.14761e-25  9.14712e-36 -3.39756e-25 -3.13443e-35  9.20559e-25   1.0141e-34 -2.27773e-24  -3.0726e-34  5.13222e-24  8.70741e-34 -1.04933e-23 -2.30769e-33    1.938e-23   5.7184e-33  -3.2145e-23  -1.3243e-32   4.7524e-23  2.86453e-32  -6.1995e-23 -5.78264e-32  7.03531e-23  1.08835e-31 -6.79894e-23 -1.90741e-31  5.39926e-23  3.10822e-31 -3.27806e-23  -4.7011e-31  1.22611e-23  6.58566e-31  8.29544e-25 -8.52389e-31 -4.86633e-24  1.01638e-30  3.23003e-24  -1.1127e-30 -6.04074e-25  1.11396e-30  -5.4208e-25 -1.01508e-30  4.03397e-25  8.37319e-31 -3.85216e-26 -6.21233e-31 -6.89643e-26  4.11478e-31  2.55692e-26 -2.41232e-31  5.62942e-27  1.23986e-31 -4.53326e-27  -5.5328e-32 -1.52824e-28   2.1279e-32  4.88084e-28 -7.06367e-33 -8.35604e-30  2.07179e-33 -3.56896e-29 -5.68181e-34  3.04176e-31  1.54193e-34  1.65507e-30 -4.01104e-35  5.28823e-32  8.72849e-36 -4.07663e-32 -1.31536e-36 -2.63651e-33  9.36706e-38  3.14821e-34  5.00323e-39   2.5804e-35 -1.32951e-39 -1.21332e-37   5.1402e-41
-2.64489e-46 -1.79688e-36  1.25778e-44 -1.27558e-35 -5.18058e-44  2.48326e-35  1.19657e-43 -8.80796e-35 -1.33697e-42 -8.13071e-35 -2.32716e-42  2.44239e-34  1.28993e-41 -7.02143e-34 -5.25472e-41  1.44141e-33 -1.45803e-40 -7.91285e-34   4.2135e-40  2.61948e-34   1.9529e-41  4.03979e-36 -2.79616e-39 -9.27951e-35  6.13001e-39 -3.20424e-34 -9.08789e-39  3.64231e-33  5.63786e-38 -3.03736e-32  -7.5173e-38   2.2446e-31  7.41252e-38 -1.51163e-30  1.01484e-37   9.2982e-30 -5.58245e-38 -5.23598e-29  2.60463e-37  2.70351e-28  5.17836e-39  -1.2813e-27  2.26567e-37  5.57762e-27  9.56718e-38  -2.2307e-26 -6.73134e-37  8.19539e-26  3.27942e-36 -2.76447e-25 -1.21349e-35  8.55379e-25  4.33335e-35 -2.42442e-24 -1.44712e-34  6.28256e-24  4.53078e-34 -1.48481e-23 -1.32744e-33  3.19035e-23   3.6379e-33 -6.20709e-23 -9.32427e-33  1.08791e-22   2.2345e-32 -1.70642e-22 -5.00422e-32  2.37448e-22  1.04666e-31 -2.89639e-22 -2.04274e-31  3.04398e-22  3.71625e-31 -2.68211e-22 -6.29389e-31  1.88536e-22  9.90782e-31 -9.39851e-23 -1.44701e-30  1.90004e-23   1.9563e-30  1.70785e-23 -2.44193e-30  -1.9383e-23  2.80551e-30  7.82412e-24 -2.95583e-30  8.88512e-25  2.84347e-30 -2.48584e-24 -2.48476e-30  8.67019e-25  1.96035e-30  2.18086e-25 -1.38625e-30 -2.32881e-25  8.71052e-31  1.87466e-26 -4.81374e-31  3.18624e-26  2.31182e-31   -6.974e-27 -9.52255e-32 -2.96202e-27  3.32529e-32  8.61248e-28 -9.83552e-33  2.14931e-28  2.55075e-33  -5.8349e-29 -6.42024e-34 -1.23015e-29   1.7378e-34  1.99914e-30 -4.69535e-35  4.59803e-31  1.03398e-35 -2.28841e-32  -1.5245e-36 -7.30886e-33  1.11309e-37 -1.05603e-34  1.35394e-39  2.41213e-35 -5.91405e-40  4.11965e-37
    2.54e-36 -3.13962e-45  2.63387e-36  8.23628e-44 -2.73698e-35 -2.82954e-43   4.3644e-35  7.04287e-43  -1.0136e-34   -5.362e-42 -1.28786e-34 -7.51081e-42  2.99893e-34  4.39898e-41 -7.56472e-34 -1.45803e-40  1.51024e-33 -3.66993e-40 -8.08544e-34  1.19508e-39  2.02315e-34  6.83364e-40  1.49882e-35 -6.26255e-39  4.38087e-34  1.37376e-38 -5.09844e-33  -1.2867e-38  4.42708e-32  1.05572e-37  -3.4375e-31 -1.34738e-37  2.42348e-30  1.12031e-37 -1.55948e-29  2.22136e-37  9.17883e-29 -9.04127e-38 -4.95028e-28  4.14783e-37  2.44943e-27   7.0097e-38 -1.11293e-26  2.11189e-37  4.64557e-26  7.98029e-37 -1.78159e-25 -3.68525e-36  6.27533e-25  1.53871e-35 -2.02866e-24 -5.64773e-35  6.01208e-24  1.95371e-34 -1.63069e-23 -6.31877e-34  4.03932e-23   1.9127e-33 -9.11202e-23 -5.41693e-33  1.86526e-22  1.43506e-32  -3.4491e-22 -3.55565e-32  5.72782e-22  8.23665e-32 -8.47794e-22 -1.78298e-31  1.10709e-21  3.60417e-31 -1.25736e-21 -6.79749e-31   1.2155e-21  1.19482e-30 -9.64576e-22  -1.9547e-30  5.83631e-22  2.97156e-30 -2.15078e-22 -4.18955e-30 -1.93399e-23  5.46533e-30  9.01725e-23 -6.57848e-30 -5.88184e-23  7.28208e-30  1.04059e-23 -7.38394e-30  1.03611e-23  6.82611e-30 -7.48746e-24 -5.72079e-30  6.35224e-25  4.31701e-30  1.32484e-24 -2.90925e-30 -4.75957e-25  1.73338e-30 -1.13616e-25 -9.01916e-31  8.68706e-26  4.03645e-31  3.76416e-27 -1.52557e-31 -9.55604e-27  4.77363e-32  9.60126e-29 -1.22341e-32  7.08627e-28  2.67816e-33 -1.22035e-30 -6.03472e-34 -3.34648e-29  1.70208e-34 -1.19762e-30 -4.95359e-35  8.19668e-31  1.09857e-35  5.76368e-32 -1.53337e-36 -6.37484e-33  1.03592e-37 -5.48834e-34 -1.05204e-40  1.98579e-36 -1.89146e-40
 1.08554e-45  1.59591e-36 -2.57231e-44  1.25532e-35  4.52247e-43 -4.11904e-35 -1.33472e-42  4.90896e-35  3.29261e-42 -1.00152e-34 -1.90652e-41 -1.65615e-34 -2.07748e-41   3.2326e-34  1.40349e-40 -7.91285e-34 -3.66993e-40  1.57069e-33 -8.33033e-40 -8.15867e-34  3.21018e-39  1.97444e-34  3.38767e-39 -5.94979e-34 -1.35306e-38  6.72803e-33  2.98377e-38  -6.0882e-32 -1.27425e-38    4.957e-31  1.88242e-37  -3.6637e-30 -2.26544e-37  2.46758e-29  1.54492e-37 -1.51868e-28   4.4489e-37  8.55772e-28 -1.32099e-37 -4.42181e-27  6.12508e-37  2.09728e-26    2.999e-37  -9.1372e-26 -4.03139e-37  3.65752e-25  4.31664e-36 -1.34501e-24 -1.80204e-35  4.54152e-24  7.01465e-35 -1.40672e-23 -2.50361e-34  3.99158e-23  8.37022e-34 -1.03559e-22 -2.61672e-33  2.45052e-22   7.6533e-33 -5.27206e-22 -2.09411e-32  1.02708e-21  5.35988e-32 -1.80257e-21 -1.28298e-31  2.83113e-21  2.87103e-31 -3.94454e-21 -6.00312e-31  4.81698e-21  1.17202e-30 -5.06662e-21 -2.13464e-30  4.46511e-21  3.62297e-30 -3.13453e-21 -5.72219e-30  1.55301e-21  8.39649e-30 -2.99292e-22 -1.14235e-29 -3.00147e-22  1.43752e-29  3.31421e-22 -1.66827e-29  -1.3129e-22  1.77922e-29 -1.74029e-23 -1.73644e-29  4.34574e-23  1.54287e-29 -1.47727e-23 -1.24035e-29  -4.0407e-24  8.95426e-30  4.11128e-24 -5.75113e-30 -2.95466e-25  3.24851e-30 -5.77446e-25 -1.59009e-30   1.2166e-25  6.61601e-31  5.50102e-26 -2.28041e-31 -1.54326e-26  6.29066e-32 -4.06863e-27 -1.33579e-32  1.06017e-27  2.22294e-33  2.36423e-28 -4.19508e-34 -3.67432e-29  1.40764e-34 -8.83597e-30 -4.73107e-35  4.00863e-31  1.05276e-35  1.42157e-31 -1.35007e-36  2.33137e-33  7.84581e-38 -4.66922e-34  -2.9565e-40 -8.32628e-36
 4.56095e-37  1.21115e-44 -4.17761e-36 -1.66107e-43  2.93066e-35  2.14615e-42  -5.1775e-35 -5.52579e-42  4.18022e-35  1.30727e-41 -9.25325e-35 -6.09983e-41 -1.71074e-34 -4.67368e-41    3.085e-34   4.2135e-40 -8.08544e-34 -8.33033e-40  1.63485e-33  -1.6834e-39 -8.73407e-34  8.17673e-39   8.8765e-34  1.21467e-38 -8.29409e-33 -2.84889e-38   7.8971e-32  6.31742e-38 -6.74575e-31  8.04739e-40  5.22877e-30  3.21422e-37 -3.68863e-29 -3.56111e-37  2.37496e-28  1.91435e-37 -1.39881e-27  8.25659e-37  7.54951e-27  -1.5698e-37  -3.7385e-26  7.61063e-37  1.70008e-25   1.2512e-36 -7.10286e-25 -4.06211e-36  2.72662e-24  2.07655e-35 -9.61397e-24 -8.24855e-35  3.11139e-23  3.06512e-34 -9.23161e-23 -1.05794e-33  2.50704e-22  3.41543e-33 -6.21818e-22 -1.03115e-32  1.40463e-21  2.91213e-32 -2.87939e-21 -7.69337e-32  5.33215e-21  1.90101e-31 -8.86805e-21  -4.3925e-31  1.31452e-20   9.4871e-31 -1.71897e-20 -1.91435e-30  1.95465e-20   3.6064e-30 -1.89114e-20 -6.33739e-30  1.50064e-20  1.03766e-29 -9.05747e-21 -1.58097e-29  3.29454e-21  2.23763e-29  3.65262e-22 -2.93606e-29 -1.45248e-21  3.56259e-29  9.34099e-22 -3.98531e-29 -1.57067e-22  4.09478e-29 -1.71755e-22 -3.84674e-29  1.21256e-22  3.28576e-29 -9.18728e-24 -2.53461e-29 -2.21323e-23  1.75101e-29  7.75493e-24 -1.07212e-29  1.97804e-24  5.74123e-30  -1.4546e-24 -2.64229e-30 -7.45668e-26  1.02015e-30  1.63255e-25 -3.18736e-31  -6.8375e-28  7.59444e-32 -1.23034e-26 -1.23173e-32 -4.00875e-29  1.06587e-33  5.89329e-28 -1.00234e-34  2.33119e-29  9.15794e-35 -1.45133e-29  -4.1143e-35 -1.08042e-30   9.1331e-36  1.13261e-31  -1.0423e-36  1.01686e-32  4.84055e-38 -2.74871e-35 -1.18926e-40
-3.68331e-45  1.75755e-36  9.18562e-44   -1.548e-35 -8.92241e-43  5.28197e-35  8.97321e-42 -5.82719e-35 -2.03036e-41  2.90462e-35  4.55677e-41 -8.92925e-35 -1.77723e-40 -1.36274e-34 -7.08236e-41  2.61948e-34  1.19508e-39 -8.15867e-34  -1.6834e-39  1.76509e-33  -2.9432e-39 -1.67233e-33   1.9758e-38  9.75596e-33  3.67015e-38  -9.6481e-32 -5.88128e-38  8.66993e-31  1.30551e-37 -7.05331e-30  4.68145e-38  5.21497e-29  5.28566e-37 -3.51466e-28 -5.20221e-37   2.1646e-27  2.07822e-37 -1.22066e-26   1.4205e-36  6.31227e-26 -4.60241e-38 -2.99653e-25  3.25496e-37  1.30671e-24  5.51427e-36 -5.23587e-24 -2.18114e-35  1.92748e-23  9.39802e-35 -6.51571e-23 -3.59074e-34  2.02068e-22  1.28288e-33 -5.74106e-22 -4.27495e-33  1.49151e-21  1.33194e-32 -3.53443e-21 -3.88072e-32  7.61544e-21   1.0575e-31 -1.48593e-20 -2.69514e-31  2.61207e-20  6.42327e-31 -4.10926e-20 -1.43118e-30  5.73459e-20  2.98009e-30 -7.01365e-20 -5.79623e-30  7.38673e-20  1.05234e-29  -6.5148e-20 -1.78198e-29    4.571e-20  2.81149e-29 -2.25385e-20 -4.12754e-29  4.15384e-21  5.62941e-29  4.59938e-21 -7.11818e-29 -4.96876e-21  8.32347e-29  1.93832e-21 -8.97202e-29  2.89894e-22  8.87998e-29 -6.65922e-22 -8.03059e-29  2.21794e-22    6.596e-29  6.49696e-23 -4.88404e-29 -6.37634e-23  3.23023e-29   4.1426e-24 -1.88617e-29   9.1731e-24  9.57781e-30 -1.87779e-24 -4.14369e-30 -8.93368e-25  1.48233e-30  2.44251e-25 -4.17386e-31  6.73254e-26  8.36813e-32 -1.70507e-26 -8.61352e-33 -3.96546e-27 -7.05669e-34  5.96576e-28   2.9343e-34  1.49399e-28  3.60141e-35 -6.32868e-30 -3.28716e-35 -2.42803e-30  7.18724e-36 -4.36462e-32 -7.01941e-37  7.98017e-33    2.351e-38  1.47748e-34
-8.47224e-37 -3.57946e-44   3.9218e-36  5.45798e-43 -3.14922e-35 -4.11176e-42  8.08081e-35  3.35082e-41 -6.14883e-35 -6.67359e-41  2.06568e-35  1.42413e-40 -9.73229e-35 -4.76682e-40  -6.9494e-35   1.9529e-41  2.02315e-34  3.21018e-39 -8.73407e-34  -2.9432e-39  2.66968e-33 -4.12906e-39 -1.13759e-32  4.52964e-38  1.11339e-31  9.83845e-38 -1.05288e-30 -1.19141e-37  9.00054e-30  2.62644e-37 -6.97991e-29  1.58645e-37  4.92704e-28  8.41812e-37 -3.17457e-27 -7.00165e-37  1.87118e-26  1.96215e-37 -1.01073e-25  2.21014e-36  5.00953e-25  7.67256e-37 -2.28025e-24 -3.30349e-36  9.53658e-24  2.47511e-35 -3.66488e-23 -1.01509e-34  1.29374e-22  4.06723e-34 -4.19223e-22 -1.49819e-33  1.24551e-21  5.15765e-33 -3.38724e-21 -1.65818e-32  8.41393e-21  4.98346e-32 -1.90363e-20 -1.40028e-31  3.90879e-20  3.67886e-31 -7.25092e-20 -9.03647e-31  1.20807e-19  2.07492e-30 -1.79396e-19  -4.4525e-30   2.3501e-19  8.92593e-30 -2.67677e-19 -1.67088e-29  2.59334e-19  2.91895e-29 -2.05916e-19 -4.75532e-29  1.24109e-19   7.2178e-29 -4.46547e-20 -1.01951e-28 -5.80501e-21   1.3381e-28   2.0602e-20  -1.6287e-28 -1.31067e-20  1.83381e-28  2.10876e-21 -1.90376e-28  2.50187e-21  1.81471e-28 -1.73593e-21 -1.58002e-28   1.1886e-22  1.24832e-28  3.25744e-22 -8.87677e-29 -1.12111e-22  5.62357e-29 -3.01185e-23 -3.13304e-29   2.1564e-23  1.50912e-29  1.23757e-24 -6.13758e-30 -2.46711e-24  2.03237e-30 -3.01005e-28 -5.13013e-31  1.89036e-25  8.36427e-32  1.27851e-27  -2.4818e-33 -9.18535e-27 -2.77047e-33 -3.90664e-28  6.64841e-34  2.28606e-28 -1.05846e-35  1.77046e-29 -2.44905e-35 -1.79299e-30  5.12889e-36 -1.66503e-31  -4.0537e-37   3.3364e-34  7.92869e-39
 3.79689e-45 -1.43765e-36 -2.34921e-43  7.38292e-36  2.69441e-42 -5.03603e-35 -1.66013e-41   1.0908e-34  1.12922e-40 -6.33321e-35 -1.97302e-40  2.37488e-35  4.05468e-40 -1.14774e-34 -1.18986e-39  4.03979e-36  6.83364e-40  1.97444e-34  8.17673e-39 -1.67233e-33 -4.12906e-39  1.27451e-32 -3.37793e-39 -1.21981e-31   9.8533e-38  1.20908e-30  2.39758e-37  -1.0872e-29 -2.35899e-37  8.85104e-29   5.1199e-37 -6.54838e-28  3.88538e-37  4.41645e-27  1.30599e-36 -2.72209e-26  -8.6295e-37  1.53632e-25   2.2299e-37 -7.95183e-25  2.75115e-36  3.77853e-24  4.91366e-36 -1.64945e-23 -2.20258e-35  6.61661e-23  1.09617e-34 -2.43872e-22 -4.43221e-34  8.25453e-22  1.69478e-33 -2.56345e-21 -6.02166e-33  7.29384e-21  1.99879e-32 -1.89786e-20 -6.19763e-32   4.5048e-20  1.79585e-31 -9.72314e-20  -4.8634e-31  1.90065e-19  1.23089e-30 -3.34746e-19 -2.91113e-30  5.27648e-19  6.43239e-30 -7.37812e-19 -1.32749e-29  9.04143e-19  2.55795e-29 -9.53961e-19 -4.60019e-29  8.42545e-19  7.71747e-29 -5.91363e-19 -1.20708e-28  2.90624e-19  1.75893e-28 -5.14719e-20 -2.38559e-28 -6.21768e-20   3.0076e-28  6.60711e-20  -3.5185e-28 -2.54795e-20  3.81023e-28 -4.18056e-21 -3.80691e-28  9.04826e-21  3.49402e-28 -2.97008e-21 -2.92923e-28 -9.17866e-22  2.22706e-28  8.79015e-22 -1.52176e-28 -5.27139e-23  9.24018e-29 -1.29223e-22  -4.9146e-29  2.59719e-23  2.24647e-29  1.28382e-23 -8.58997e-30 -3.45809e-24  2.63152e-30 -9.84759e-25 -5.92879e-31  2.45512e-25  7.51194e-32  5.88364e-26  4.98642e-33 -8.69048e-27 -4.64504e-33 -2.24386e-27  9.15134e-34  9.10893e-29 -3.70322e-35  3.69031e-29 -1.74151e-35  7.05744e-31   3.3017e-36 -1.22041e-31  -1.9178e-37 -2.32813e-33
    4.95e-37  2.91139e-44 -1.81563e-36 -1.19896e-42   1.2921e-35  1.14194e-41 -6.99009e-35 -5.96512e-41  1.32731e-34  3.46301e-40 -6.58147e-35 -5.26404e-40  3.91103e-35   1.0664e-39 -1.29061e-34 -2.79616e-39  1.49882e-35  3.38767e-39   8.8765e-34   1.9758e-38 -1.13759e-32 -3.37793e-39  1.26606e-31  4.16775e-39 -1.31422e-30  2.03442e-37  1.24379e-29  5.38596e-37 -1.06402e-28 -4.53426e-37  8.25707e-28  9.62329e-37 -5.83277e-27  8.09261e-37  3.76108e-26  1.98991e-36 -2.21877e-25 -1.01041e-36  1.19958e-24  7.42414e-37 -5.95145e-24  6.04554e-37  2.71189e-23  2.42598e-35 -1.13548e-22 -1.07844e-34  4.36901e-22   4.7278e-34 -1.54435e-21 -1.85611e-33  5.01136e-21  6.82568e-33 -1.49112e-20 -2.33979e-32  4.06174e-20  7.49055e-32 -1.01066e-19 -2.23966e-31  2.29075e-19   6.2553e-31 -4.71267e-19  -1.6319e-30  8.75972e-19  3.97617e-30 -1.46251e-18 -9.04621e-30  2.17649e-18  1.92123e-29 -2.85747e-18 -3.80773e-29  3.26167e-18   7.0401e-29 -3.16619e-18 -1.21385e-28  2.51755e-18  1.95108e-28 -1.51698e-18 -2.92243e-28  5.41297e-19  4.07744e-28  7.94339e-20 -5.29598e-28 -2.59965e-19  6.39784e-28  1.64185e-19 -7.17861e-28  -2.5503e-20  7.46489e-28  -3.2358e-20 -7.17104e-28  2.22005e-20  6.33484e-28 -1.40208e-21  -5.1146e-28 -4.26787e-21   3.7441e-28  1.45385e-21 -2.46021e-28  4.05446e-22   1.4329e-28 -2.86048e-22 -7.28023e-29 -1.75946e-23  3.15928e-29  3.33306e-23   -1.136e-29   9.0377e-26  3.21904e-30 -2.59691e-24 -6.45433e-31 -2.28259e-26  5.97887e-32  1.28156e-25  1.20531e-32  5.69237e-27 -5.83575e-33 -3.23433e-27  9.79816e-34 -2.56941e-28  -4.0232e-35  2.56067e-29 -1.21582e-35  2.43604e-30  1.88389e-36 -3.79513e-33 -6.47641e-38
-6.00464e-46  1.13793e-36  1.49664e-43 -2.55765e-36 -5.03242e-42  2.09477e-35  4.24401e-41 -8.80922e-35 -1.93117e-40  1.47518e-34  9.73279e-40 -7.00646e-35 -1.26855e-39  5.96637e-35  2.62548e-39 -9.27951e-35 -6.26255e-39 -5.94979e-34  1.21467e-38  9.75596e-33  4.52964e-38 -1.21981e-31  4.16775e-39  1.35215e-30  2.89492e-38 -1.34826e-29  3.98977e-37  1.21316e-28  1.12531e-36 -9.88329e-28 -8.39788e-37  7.31742e-27  1.73758e-36 -4.93903e-26  1.50524e-36   3.0468e-25  3.03468e-36 -1.72118e-24 -1.45425e-36  8.91761e-24  4.03742e-36 -4.24205e-23 -1.55851e-35  1.85396e-22  1.10611e-34 -7.44634e-22 -4.79937e-34  2.74824e-21  1.97791e-33 -9.31568e-21 -7.50869e-33  2.89748e-20  2.66263e-32 -8.25791e-20 -8.80879e-32  2.15251e-19   2.7207e-31 -5.11883e-19 -7.84528e-31  1.10705e-18  2.11193e-30 -2.16857e-18 -5.30659e-30  3.82778e-18  1.24422e-29 -6.04755e-18 -2.72127e-29  8.47648e-18  5.54968e-29 -1.04125e-17 -1.05489e-28  1.10122e-17  1.86822e-28 -9.74648e-18 -3.08167e-28  6.84977e-18  4.73351e-28 -3.36086e-18 -6.76967e-28  5.75884e-19  9.01407e-28  7.48483e-19 -1.11742e-27  -7.8647e-19  1.28927e-27  3.01106e-19 -1.38349e-27  5.28675e-20  1.37844e-27 -1.10032e-19 -1.27143e-27  3.58271e-20  1.08052e-27  1.15051e-20 -8.40382e-28 -1.08729e-20  5.92799e-28  6.20282e-22 -3.74949e-28  1.62944e-21  2.09664e-28 -3.25295e-22 -1.01827e-28 -1.64785e-22  4.19642e-29  4.42401e-23 -1.41909e-29   1.2851e-23  3.72001e-30  -3.1964e-24  -6.6343e-31 -7.79793e-25  4.15471e-32  1.14861e-25  1.68314e-32  3.02002e-26 -6.00889e-33 -1.20919e-27  8.51404e-34 -5.04252e-28 -2.53328e-35 -9.97598e-30 -8.45501e-36  1.68767e-30  9.06456e-37  3.28618e-32
