  7.7901e-13   3.3928e-27  -2.0001e-11 -6.17173e-26  2.01856e-10  4.48045e-25 -1.23203e-09 -2.24075e-24  5.21797e-09  8.45347e-24 -1.63444e-08 -2.51451e-23  3.90384e-08  6.07308e-23  -7.1705e-08 -1.21389e-22  9.97975e-08  2.03002e-22 -9.93973e-08 -2.84966e-22   5.7774e-08  3.34414e-22  5.08133e-09  -3.2376e-22 -4.47883e-08  2.50775e-22  3.47018e-08 -1.44101e-22  3.40188e-09  4.70698e-23 -2.39516e-08   9.2007e-24  1.12363e-08 -2.23363e-23  8.53069e-09  1.24951e-23 -9.66677e-09 -1.22926e-24 -1.22079e-09 -3.02626e-24   5.1316e-09  2.30758e-24 -5.47016e-10 -5.77417e-25 -2.11793e-09 -1.01561e-25  4.44578e-10 -6.48163e-26  7.20778e-10  1.30102e-25 -1.43874e-10 -1.76871e-28 -1.92586e-10 -5.73276e-26  1.52372e-11  3.99147e-26  3.04673e-11 -1.20506e-26  2.19298e-12  6.17364e-28 -7.43623e-13
  3.3928e-27  2.85331e-11  2.16825e-26 -4.15366e-10  -2.0126e-25   3.1784e-09  9.81672e-25 -1.59841e-08  -3.9003e-24   5.7906e-08  1.28423e-23 -1.58028e-07 -3.54761e-23  3.31101e-07   8.3327e-23 -5.31379e-07 -1.67638e-22  6.32929e-07  2.88207e-22 -5.04525e-07 -4.19543e-22  1.59081e-07  5.11598e-22   1.8598e-07 -5.14492e-22 -2.78578e-07  4.13097e-22   9.8735e-08 -2.46004e-22  1.09955e-07   8.6988e-23 -1.26968e-07  4.59368e-24  5.03725e-10 -2.38902e-23  7.18838e-08  9.44676e-24 -2.71561e-08   4.1436e-24 -2.83878e-08 -7.76456e-24  2.01683e-08  4.60426e-24  8.81676e-09 -7.46118e-25 -9.54578e-09  3.43244e-25 -2.45206e-09 -1.02595e-24  3.25741e-09  4.14985e-25  7.23656e-10  2.56361e-25 -7.27741e-10 -3.10542e-25 -1.92482e-10  1.47689e-25  6.65069e-11 -2.44994e-26  1.82767e-11 -1.74872e-28
 -2.0001e-11  2.16825e-26  5.13555e-10  1.95562e-26 -5.18347e-09  4.18954e-25  3.16416e-08 -3.53514e-24 -1.34035e-07  1.49945e-23  4.19942e-07 -4.41436e-23 -1.00332e-06  9.67828e-23  1.84354e-06 -1.58611e-22 -2.56681e-06  1.83706e-22  2.55725e-06 -1.17564e-22 -1.48524e-06 -5.11169e-23 -1.36642e-07  2.62373e-22  1.16407e-06 -4.08677e-22 -9.04593e-07  4.07568e-22 -8.51486e-08 -2.75171e-22  6.25358e-07  1.18385e-22 -2.99488e-07 -3.29093e-23 -2.19186e-07  1.80206e-23  2.56625e-07 -2.18315e-23  2.68905e-08  2.28307e-23 -1.35328e-07  -1.8664e-23   1.8119e-08  7.08853e-24  5.52119e-08 -7.82753e-25 -1.37173e-08  3.74802e-24 -1.85445e-08 -3.74166e-24  4.64326e-09  1.23781e-25  4.93814e-09  1.33729e-24 -6.59188e-10  -9.5363e-25 -8.05346e-10  3.07808e-25 -2.52521e-11 -1.83785e-26  2.30748e-11
-6.17173e-26 -4.15366e-10  1.95562e-26  6.04728e-09 -3.86919e-25 -4.62824e-08  5.82671e-24  2.32814e-07 -3.08077e-23 -8.43739e-07  1.07437e-22  2.30378e-06  -2.8052e-22 -4.83021e-06  5.71342e-22  7.75919e-06 -9.17403e-22 -9.25398e-06  1.15902e-21  7.39091e-06 -1.13752e-21 -2.34123e-06  8.15487e-22 -2.72893e-06 -3.19233e-22  4.11654e-06 -1.14229e-22 -1.48902e-06  3.02716e-22  -1.6055e-06 -2.70086e-22  1.89831e-06  1.92829e-22 -4.14592e-08  -1.6834e-22 -1.06286e-06  1.42841e-22  4.29318e-07  -9.5692e-23  4.08445e-07  6.73591e-23 -3.13329e-07 -3.96686e-23  -1.1931e-07  6.61276e-24  1.47431e-07 -5.53335e-24  2.97815e-08  1.54163e-23 -5.04627e-08 -6.98452e-24 -8.15994e-09 -2.79165e-24  1.15808e-08  3.93638e-24  2.29121e-09 -1.99846e-24 -1.18814e-09  3.77905e-25 -2.49231e-10  1.46489e-27
 2.01856e-10  -2.0126e-25 -5.18347e-09 -3.86919e-25  5.23286e-08 -2.60043e-24 -3.19531e-07  2.66846e-23  1.35417e-06 -1.17912e-22 -4.24553e-06  3.60012e-22  1.01528e-05 -8.37411e-22 -1.86792e-05  1.53035e-21  2.60561e-05 -2.21739e-21 -2.60359e-05  2.57482e-21  1.52173e-05 -2.41311e-21  1.28616e-06   1.7665e-21 -1.18722e-05 -8.90154e-22  9.37567e-06  1.58541e-22  7.18251e-07  2.17324e-22 -6.40129e-06 -3.65903e-22  3.21067e-06  4.98548e-22  2.15514e-06 -5.41642e-22 -2.69579e-06  3.91663e-22 -1.79505e-07 -2.33678e-22  1.39654e-06  1.59076e-22  -2.4892e-07 -6.17211e-23 -5.56654e-07  2.60484e-24  1.72044e-07 -3.23576e-23  1.82296e-07  3.77995e-23 -6.00521e-08 -4.36023e-24 -4.79734e-08 -1.07116e-23  1.03776e-08  8.21622e-24  8.07786e-09 -2.93097e-24 -2.14203e-10  2.24509e-25 -2.73504e-10
 4.48045e-25   3.1784e-09  4.18954e-25 -4.62824e-08 -2.60043e-24  3.54336e-07  -1.0105e-23 -1.78334e-06  8.50706e-23  6.46789e-06  -3.2805e-22 -1.76794e-05  8.86958e-22  3.71243e-05  -1.8313e-21 -5.97686e-05  2.95303e-21  7.15279e-05 -3.78063e-21 -5.74905e-05  3.98753e-21  1.86761e-05 -3.55494e-21  2.07753e-05  2.59378e-21 -3.21273e-05 -1.40385e-21  1.21779e-05  3.98156e-22  1.20993e-05  3.00589e-22 -1.50287e-05 -9.33659e-22  8.21991e-07  1.42237e-21  8.19958e-06 -1.29701e-21 -3.67625e-06   7.7851e-22   -2.996e-06 -4.87998e-22   2.5925e-06  3.01509e-22  7.80357e-07 -5.28782e-23 -1.20071e-06  2.44627e-23 -1.52115e-07 -1.06589e-22  4.09206e-07  5.77163e-23  3.33435e-08   1.3323e-23 -9.60314e-08 -2.40296e-23 -1.10442e-08  1.30188e-23  1.09587e-08 -2.83858e-24  1.57279e-09 -5.37839e-27
-1.23203e-09  9.81672e-25  3.16416e-08  5.82671e-24 -3.19531e-07  -1.0105e-23  1.95218e-06 -3.03868e-23 -8.28013e-06  2.22447e-22  2.59903e-05 -7.58843e-22 -6.22588e-05  1.81643e-21  0.000114825 -3.28377e-21 -0.000160764  4.57097e-21  0.000161638 -5.15998e-21 -9.58768e-05  5.18739e-21 -6.08132e-06 -4.78123e-21  7.30719e-05  3.75116e-21 -5.95759e-05 -2.21613e-21 -2.57792e-06  5.88649e-22  3.94801e-05  1.09189e-21 -2.13462e-05 -2.79288e-21 -1.23229e-05  3.41543e-21  1.72412e-05 -2.42171e-21  1.57254e-07  1.33327e-21 -8.64634e-06 -9.30699e-22  2.11524e-06  4.07505e-22  3.30786e-06 -1.68348e-24 -1.33042e-06  1.55717e-22 -1.03383e-06 -2.26704e-22  4.71338e-07  4.49934e-23  2.64074e-07  4.83357e-23 -9.27311e-08 -3.98864e-23 -4.58102e-08  1.56782e-23  5.29085e-09 -1.45055e-24  1.85199e-09
-2.24075e-24 -1.59841e-08 -3.53514e-24  2.32814e-07  2.66846e-23 -1.78334e-06 -3.03868e-23  8.98289e-06 -7.81897e-23 -3.26202e-05  5.06899e-22  8.93253e-05 -1.53001e-21 -0.000188058  3.20272e-21  0.000303927 -4.91481e-21 -0.000365935  5.76509e-21  0.000297567 -6.08046e-21 -0.000101437  6.77319e-21 -0.000102134 -7.21882e-21   0.00016572  6.17099e-21 -6.77356e-05 -3.57101e-21 -5.83711e-05  9.35618e-23  7.88277e-05  3.97325e-21 -8.29725e-06 -7.08111e-21 -4.10916e-05  6.55813e-21  2.12808e-05 -3.72797e-21  1.37486e-05  2.22116e-21 -1.42527e-05  -1.4975e-21 -2.81836e-06  2.81604e-22  6.41228e-06 -2.43823e-23  1.79419e-07  4.82341e-22 -2.14953e-06 -3.29225e-22  5.04042e-08 -1.92057e-23  5.10486e-07  8.98363e-23  5.54171e-09 -5.29473e-23 -6.38657e-08  1.36061e-23  -4.6011e-09  5.80301e-26
 5.21797e-09  -3.9003e-24 -1.34035e-07 -3.08077e-23  1.35417e-06  8.50706e-23 -8.28013e-06 -7.81897e-23  3.51645e-05 -1.77964e-22 -0.000110583  1.02035e-21   0.00026561   -2.695e-21 -0.000491789  4.75339e-21  0.000692653 -5.79731e-21 -0.000703554  5.74524e-21  0.000427748 -7.16872e-21  1.14189e-05  1.05967e-20 -0.000311043 -1.26192e-20  0.000266941  1.05036e-20 -2.17344e-06 -4.82083e-21 -0.000167892 -2.95347e-21  0.000101099  1.11172e-20  4.57632e-05 -1.43916e-20 -7.69268e-05  1.01607e-20  5.46362e-06 -5.20704e-21   3.6578e-05  3.67026e-21 -1.25105e-05 -1.74903e-21 -1.30325e-05 -1.75597e-22  7.18118e-06   -3.896e-22  3.71829e-06  9.59751e-22 -2.53946e-06 -3.25109e-22 -8.80134e-07 -1.08676e-22  5.42057e-07  1.21608e-22  1.55549e-07 -5.71805e-23 -4.41637e-08  7.20677e-24  -7.7626e-09
 8.45347e-24   5.7906e-08  1.49945e-23 -8.43739e-07 -1.17912e-22  6.46789e-06  2.22447e-22 -3.26202e-05 -1.77964e-22  0.000118679  -3.5825e-22 -0.000325875   1.7957e-21  0.000688793 -4.00354e-21  -0.00111974  5.34648e-21   0.00136089 -4.30899e-21  -0.00112688  4.55809e-21  0.000412981 -1.08975e-20  0.000352115  1.95701e-20 -0.000619769 -2.22902e-20  0.000281415  1.60459e-20   0.00019432 -3.72217e-21 -0.000300255 -1.17778e-20  5.32091e-05  2.42768e-20  0.000145349 -2.34657e-20 -9.09407e-05  1.31128e-20 -4.14124e-05 -7.45117e-21  5.67871e-05   5.4485e-21  3.95947e-06 -9.63697e-22 -2.43466e-05 -6.40187e-22  2.46149e-06  -1.2898e-21   7.8561e-06  1.36076e-21 -1.30525e-06  -2.0589e-22 -1.84769e-06 -1.65269e-22  2.42057e-07  1.35179e-22  2.48351e-07 -4.87871e-23 -4.07988e-09  7.48523e-25
-1.63444e-08  1.28423e-23  4.19942e-07  1.07437e-22 -4.24553e-06  -3.2805e-22  2.59903e-05  5.06899e-22 -0.000110583  -3.5825e-22  0.000348711 -6.29237e-22 -0.000840917  2.67714e-21   0.00156609 -4.45571e-21  -0.00222541  2.68354e-21   0.00229509  7.52759e-22  -0.00144697  4.86786e-21  3.99281e-05   -2.181e-20  0.000973182  3.62889e-20   -0.0009013 -3.54876e-20  7.22366e-05  1.99071e-20  0.000521667  3.84412e-21  -0.00036356 -2.98778e-20 -0.000109568   4.2383e-20  0.000254234 -3.07878e-20 -4.56625e-05  1.51561e-20 -0.000110914 -1.12696e-20  5.43105e-05  6.30742e-21  3.46078e-05  1.14731e-21 -2.84668e-05 -3.89483e-22 -7.94528e-06 -2.51876e-21  9.85156e-06  1.45548e-21  1.43253e-06 -8.96555e-23 -2.19328e-06 -1.58397e-22 -2.42102e-07  1.31921e-22  2.16551e-07 -2.98416e-23  1.80053e-08
-2.51451e-23 -1.58028e-07 -4.41436e-23  2.30378e-06  3.60012e-22 -1.76794e-05 -7.58843e-22  8.93253e-05  1.02035e-21 -0.000325875 -6.29237e-22  0.000898381 -9.40683e-22  -0.00190991  3.04433e-21   0.00313162  -1.7184e-21  -0.00385845 -6.01207e-21   0.00327956  7.60773e-21  -0.00132385  1.30448e-20 -0.000872178 -4.49711e-20   0.00175795  6.07994e-20 -0.000914562 -4.84487e-20 -0.000448456  1.71159e-20   0.00086718  2.31176e-20 -0.000239796 -5.81523e-20 -0.000372169  5.96027e-20  0.000298413 -3.25003e-20  7.45987e-05  1.78299e-20 -0.000169803 -1.62024e-20   1.5114e-05  4.40705e-21  6.71795e-05   3.6893e-21 -1.87965e-05  1.07912e-21 -1.99507e-05 -3.49928e-21  7.72728e-06  1.27167e-21  4.40989e-06 -1.11454e-22 -1.63509e-06 -1.18881e-22 -6.14457e-07   1.1482e-22  1.00074e-07 -9.10094e-24
 3.90384e-08 -3.54761e-23 -1.00332e-06  -2.8052e-22  1.01528e-05  8.86958e-22 -6.22588e-05 -1.53001e-21   0.00026561   1.7957e-21 -0.000840917 -9.40683e-22   0.00203962 -1.09583e-21  -0.00383063  1.23894e-21   0.00551352  8.08185e-21  -0.00581089 -2.15166e-20   0.00385124  9.35479e-21 -0.000390126  3.73782e-20  -0.00229247 -8.27336e-20   0.00237148  8.91802e-20   -0.0004178 -5.55237e-20  -0.00120502  2.02617e-21   0.00102265  5.78561e-20   0.00012917 -9.13032e-20 -0.000635809   6.6722e-20   0.00020918 -2.79838e-20  0.000239166   2.3345e-20 -0.000177257 -1.93472e-20 -5.47188e-05 -1.05593e-21  8.40875e-05  4.88363e-21  3.79878e-06  3.40246e-21 -2.76433e-05 -3.76463e-21  1.90622e-06  1.09802e-21  6.14306e-06 -2.67787e-22 -4.85584e-07  -1.0042e-22 -6.79432e-07  8.42697e-23  6.40137e-10
 6.07308e-23  3.31101e-07  9.67828e-23 -4.83021e-06 -8.37411e-22  3.71243e-05  1.81643e-21 -0.000188058   -2.695e-21  0.000688793  2.67714e-21  -0.00190991 -1.09583e-21    0.0040945 -5.09177e-22  -0.00679716  -6.2764e-21   0.00853948  2.90773e-20  -0.00752655 -3.96167e-20   0.00342615 -4.19902e-21   0.00149835  8.28957e-20  -0.00385128 -1.31688e-19     0.002375  1.14994e-19  0.000642953 -5.24559e-20  -0.00192602 -2.91432e-20  0.000799542  1.05982e-19  0.000668275 -1.16845e-19 -0.000760865  5.67988e-20 -2.19187e-05 -2.18514e-20  0.000380454  3.16263e-20  -0.00011358 -1.65103e-20 -0.000129734 -8.50046e-21  7.43577e-05  3.49038e-21   3.1095e-05  5.46692e-21 -2.73232e-05 -3.37631e-21 -5.17301e-06  1.18059e-21  5.94331e-06 -4.09913e-22  6.36697e-07 -1.18202e-22 -4.68619e-07  4.30976e-23
 -7.1705e-08   8.3327e-23  1.84354e-06  5.71342e-22 -1.86792e-05  -1.8313e-21  0.000114825  3.20272e-21 -0.000491789 -4.00354e-21   0.00156609  3.04433e-21  -0.00383063 -5.09177e-22   0.00728288  2.26889e-21    -0.010677 -2.49235e-20    0.0116014  6.22718e-20  -0.00821626 -5.13256e-20   0.00161543 -3.95433e-20   0.00403432  1.45611e-19   -0.0049231 -1.82613e-19   0.00148891  1.33836e-19   0.00201655 -3.95619e-20   -0.0022661 -7.52941e-20  0.000169756  1.56091e-19   0.00118635 -1.19706e-19 -0.000655425  3.15545e-20 -0.000327182 -2.14994e-20   0.00043519  3.84503e-20   5.5464e-06 -5.50345e-21 -0.000181172 -1.45956e-20  4.01738e-05  2.85042e-24  5.31028e-05  6.21253e-21 -1.93874e-05 -2.79907e-21 -1.07905e-05  1.46654e-21  4.16375e-06 -3.98382e-22  1.23931e-06 -1.39076e-22 -1.74756e-07
-1.21389e-22 -5.31379e-07 -1.58611e-22  7.75919e-06  1.53035e-21 -5.97686e-05 -3.28377e-21  0.000303927  4.75339e-21  -0.00111974 -4.45571e-21   0.00313162  1.23894e-21  -0.00679716  2.26889e-21    0.0114895   9.7855e-21   -0.0148431 -5.91022e-20    0.0137518  1.02132e-19  -0.00722498 -4.86999e-20  -0.00143587 -9.18306e-20   0.00647581  2.11034e-19  -0.00494705 -2.25084e-19 -0.000176161  1.47872e-19   0.00323719 -2.17622e-20  -0.00201754  -1.2856e-19 -0.000692729  1.89069e-19   0.00148684 -9.09733e-20 -0.000335019  2.86598e-21 -0.000604181 -3.13567e-20  0.000381659  3.73309e-20  0.000141463  1.13504e-20 -0.000193278 -1.65747e-20 -6.64152e-06 -3.55772e-21  6.35327e-05  5.30878e-21  -7.1697e-06 -2.43773e-21  -1.3339e-05  1.68676e-21  1.76253e-06 -2.31665e-22  1.18741e-06 -1.18939e-22
 9.97975e-08 -1.67638e-22 -2.56681e-06 -9.17403e-22  2.60561e-05  2.95303e-21 -0.000160764 -4.91481e-21  0.000692653  5.34648e-21  -0.00222541  -1.7184e-21   0.00551352  -6.2764e-21    -0.010677   9.7855e-21    0.0160837  2.45013e-20   -0.0182527 -1.06503e-19    0.0141041  1.37668e-19  -0.00447447 -3.25291e-20  -0.00497305  -1.4394e-19   0.00799392  2.60136e-19   -0.0037837 -2.55076e-19  -0.00213443  1.65642e-19   0.00388993 -4.57374e-21   -0.0012398 -1.75765e-19  -0.00151745  1.86069e-19   0.00148122  -3.4977e-20  9.79271e-05 -1.28178e-20 -0.000776277 -4.85567e-20   0.00024265  2.41794e-20  0.000256949  2.80989e-20 -0.000167167 -1.41744e-20 -5.26486e-05    -4.95e-21  6.13273e-05  3.21962e-21  5.31465e-06 -2.37507e-21 -1.26528e-05  1.63921e-21 -2.75373e-07 -1.82523e-23   6.8049e-07
 2.03002e-22  6.32929e-07  1.83706e-22 -9.25398e-06 -2.21739e-21  7.15279e-05  4.57097e-21 -0.000365935 -5.79731e-21   0.00136089  2.68354e-21  -0.00385845  8.08185e-21   0.00853948 -2.49235e-20   -0.0148431  2.45013e-20    0.0199919   4.5886e-20   -0.0198657 -1.55168e-19    0.0123585  1.59671e-19 -0.000640429 -1.42023e-20  -0.00797366 -1.74922e-19   0.00814703  2.80946e-19  -0.00181224 -2.80153e-19  -0.00380973  1.95132e-19   0.00384181  1.12981e-20  -0.00019534 -2.03445e-19  -0.00209853  1.38187e-19   0.00121181  3.02443e-20  0.000526899   -3.662e-21 -0.000820833 -6.39178e-20   6.0849e-05  7.89919e-22  0.000330956  3.87439e-20 -0.000114242 -9.67006e-21 -8.81761e-05 -3.04512e-21  4.91733e-05  8.53478e-22  1.49431e-05 -2.46375e-21   -9.627e-06  1.33487e-21 -1.32264e-06  1.19517e-22
-9.93973e-08  2.88207e-22  2.55725e-06  1.15902e-21 -2.60359e-05 -3.78063e-21  0.000161638  5.76509e-21 -0.000703554 -4.30899e-21   0.00229509 -6.01207e-21  -0.00581089  2.90773e-20    0.0116014 -5.91022e-20   -0.0182527   4.5886e-20    0.0221205  6.84374e-20    -0.019223 -1.89799e-19   0.00906958  1.68647e-19   0.00315829 -9.01148e-21  -0.00971497 -1.72239e-19    0.0071096  2.78293e-19  0.000331843 -3.16059e-19  -0.00486132  2.33771e-19   0.00325227  3.22441e-20  0.000836913 -2.02654e-19  -0.00237464  5.15544e-20  0.000786173  7.93815e-20  0.000876661  3.06746e-20 -0.000755603 -6.76139e-20 -0.000125113 -2.57365e-20  0.000358446  4.04428e-20 -4.84816e-05 -6.18846e-21 -0.000108533  1.55663e-21  3.14184e-05 -9.01752e-22  2.00691e-05 -2.52397e-21  -5.6403e-06  8.94648e-22 -1.23799e-06
-2.84966e-22 -5.04525e-07 -1.17564e-22  7.39091e-06  2.57482e-21 -5.74905e-05 -5.15998e-21  0.000297567  5.74524e-21  -0.00112688  7.52759e-22   0.00327956 -2.15166e-20  -0.00752655  6.22718e-20    0.0137518 -1.06503e-19   -0.0198657  6.84374e-20    0.0219531  8.44177e-20   -0.0167761 -2.04499e-19   0.00537585  1.75478e-19   0.00598996 -2.70377e-20   -0.0101325 -1.38606e-19   0.00546792  2.72985e-19   0.00215299 -3.73693e-19  -0.00528813  2.63145e-19   0.00239203  6.77387e-20   0.00169791  -1.6942e-19  -0.00239104 -5.38897e-20  0.000302938  9.01179e-20    0.0011192  7.84689e-20 -0.000612501  -5.5114e-20 -0.000289222 -4.67617e-20  0.000344153  3.40676e-20  1.77716e-05 -5.60625e-21 -0.000113143  6.89663e-21  1.25365e-05 -1.59799e-21  2.04831e-05 -2.44597e-21 -2.05242e-06   4.0703e-22
  5.7774e-08 -4.19543e-22 -1.48524e-06 -1.13752e-21  1.52173e-05  3.98753e-21 -9.58768e-05 -6.08046e-21  0.000427748  4.55809e-21  -0.00144697  7.60773e-21   0.00385124 -3.96167e-20  -0.00821626  1.02132e-19    0.0141041 -1.55168e-19    -0.019223  8.44177e-20    0.0199014  9.04528e-20   -0.0136495  -2.0901e-19   0.00233425  1.93589e-19   0.00757914  -6.9582e-20  -0.00969441 -8.86816e-20   0.00378544  2.88278e-19   0.00349466 -4.44747e-19  -0.00528131   2.5454e-19   0.00146451  1.20889e-19    0.0023507 -1.02224e-19    -0.002221 -1.49614e-19 -0.000174988  5.30376e-20   0.00125359  1.21741e-19 -0.000422683 -2.92954e-20  -0.00041674 -5.58501e-20  0.000297521  2.24997e-20  7.53046e-05 -7.54227e-21 -0.000104257  1.08458e-20 -3.78774e-06 -1.34205e-21  1.70736e-05 -2.17236e-21  1.40517e-07
 3.34414e-22  1.59081e-07 -5.11169e-23 -2.34123e-06 -2.41311e-21  1.86761e-05  5.18739e-21 -0.000101437 -7.16872e-21  0.000412981  4.86786e-21  -0.00132385  9.35479e-21   0.00342615 -5.13256e-20  -0.00722498  1.37668e-19    0.0123585 -1.89799e-19   -0.0167761  9.04528e-20    0.0170802   9.1147e-20   -0.0109592 -2.20151e-19  0.000369824  2.29726e-19   0.00826117 -1.32566e-19  -0.00895664 -3.90822e-20   0.00232244   3.3239e-19   0.00444305 -4.99125e-19  -0.00502414  1.84128e-19  0.000562379  1.79085e-19    0.0028113  -2.3518e-21  -0.00192439 -2.06289e-19 -0.000611215 -2.35961e-20   0.00129026  1.44877e-19 -0.000212722  1.66614e-21 -0.000501349 -5.04151e-20  0.000229677  8.78517e-21  0.000118335 -1.01794e-20 -8.57144e-05  1.23079e-20 -1.50814e-05 -4.59203e-22  1.14099e-05 -1.56829e-21
 5.08133e-09  5.11598e-22 -1.36642e-07  8.15487e-22  1.28616e-06 -3.55494e-21 -6.08132e-06  6.77319e-21  1.14189e-05 -1.08975e-20  3.99281e-05  1.30448e-20 -0.000390126 -4.19902e-21   0.00161543 -4.86999e-20  -0.00447447  1.59671e-19   0.00906958 -2.04499e-19   -0.0136495   9.1147e-20     0.014622  9.47776e-20  -0.00921397 -2.46223e-19 -0.000745791  2.81125e-19   0.00854677  -2.1178e-19   -0.0082226  2.42502e-23   0.00107679  3.91275e-19   0.00512436 -4.99025e-19  -0.00461522  4.90146e-20 -0.000280459  2.12292e-19   0.00310182  1.21242e-19  -0.00154669 -2.03674e-19 -0.000984288 -1.17597e-19   0.00124506  1.41098e-19 -3.81304e-06  2.80971e-20 -0.000542886 -3.18201e-20  0.000151486  -4.2988e-21  0.000144192 -1.20543e-20 -6.19653e-05  1.15154e-20 -2.01872e-05  7.86088e-22  5.26387e-06
 -3.2376e-22   1.8598e-07  2.62373e-22 -2.72893e-06   1.7665e-21  2.07753e-05 -4.78123e-21 -0.000102134  1.05967e-20  0.000352115   -2.181e-20 -0.000872178  3.73782e-20   0.00149835 -3.95433e-20  -0.00143587 -3.25291e-20 -0.000640429  1.68647e-19   0.00537585  -2.0901e-19   -0.0109592  9.47776e-20    0.0130617  1.05023e-19  -0.00825036 -2.79445e-19  -0.00147484  3.40133e-19   0.00874144 -3.03637e-19  -0.00753405  2.52916e-20 -2.23788e-05   4.3817e-19   0.00560581 -4.18694e-19  -0.00410306 -1.25476e-19   -0.0010436  1.83162e-19   0.00324414  2.48537e-19  -0.00112521 -1.39067e-19  -0.00128359 -2.03159e-19   0.00113618  1.13589e-19   0.00018851  4.22345e-20 -0.000545254 -5.02797e-21  7.24493e-05 -1.38814e-20  0.000152711 -1.30519e-20 -3.73665e-05  9.26689e-21 -1.91669e-05  1.66697e-21
-4.47883e-08 -5.14492e-22  1.16407e-06 -3.19233e-22 -1.18722e-05  2.59378e-21  7.30719e-05 -7.21882e-21 -0.000311043  1.95701e-20  0.000973182 -4.49711e-20  -0.00229247  8.28957e-20   0.00403432 -9.18306e-20  -0.00497305 -1.42023e-20   0.00315829  1.75478e-19   0.00233425 -2.20151e-19  -0.00921397  1.05023e-19    0.0122572  1.16944e-19  -0.00763876 -3.02084e-19  -0.00210954   3.9989e-19   0.00889801 -3.98804e-19  -0.00685135  3.29521e-20  -0.00100351  4.50394e-19   0.00591731  -2.5374e-19  -0.00352709 -2.90978e-19  -0.00171366  6.56374e-20   0.00326298  3.52822e-19 -0.000689228 -2.89061e-20  -0.00150681 -2.60172e-19  0.000981492  7.17287e-20  0.000353834  4.07187e-20 -0.000514686  2.25359e-20  2.53631e-07 -1.76054e-20  0.000145627 -1.37469e-20 -1.56916e-05  6.09635e-21  -1.2965e-05
 2.50775e-22 -2.78578e-07 -4.08677e-22  4.11654e-06 -8.90154e-22 -3.21273e-05  3.75116e-21   0.00016572 -1.26192e-20 -0.000619769  3.62889e-20   0.00175795 -8.27336e-20  -0.00385128  1.45611e-19   0.00647581  -1.4394e-19  -0.00797366 -9.01148e-21   0.00598996  1.93589e-19  0.000369824 -2.46223e-19  -0.00825036  1.16944e-19      0.01179  1.20201e-19  -0.00709918 -2.98891e-19  -0.00269811   4.5346e-19   0.00898421 -4.73357e-19  -0.00617083  1.15349e-20  -0.00186636  4.16299e-19   0.00608919 -1.71384e-20  -0.00292166 -3.91582e-19  -0.00228774 -1.37633e-19   0.00318301  4.11115e-19 -0.000259857  9.74776e-20  -0.00165679 -2.76658e-19  0.000797125  2.57136e-20  0.000485851  2.56462e-20 -0.000458582  4.34009e-20 -5.93891e-05 -1.52763e-20  0.000125898 -1.40783e-20  8.88678e-09  2.43036e-21
 3.47018e-08  4.13097e-22 -9.04593e-07 -1.14229e-22  9.37567e-06 -1.40385e-21 -5.95759e-05  6.17099e-21  0.000266941 -2.22902e-20   -0.0009013  6.07994e-20   0.00237148 -1.31688e-19   -0.0049231  2.11034e-19   0.00799392 -1.74922e-19  -0.00971497 -2.70377e-20   0.00757914  2.29726e-19 -0.000745791 -2.79445e-19  -0.00763876  1.20201e-19    0.0113845  1.05859e-19  -0.00659031 -2.65473e-19  -0.00320301  4.86896e-19   0.00900326 -4.88167e-19  -0.00551519 -5.62304e-20  -0.00261898  3.27263e-19   0.00615395  2.66381e-19  -0.00230972 -3.85047e-19  -0.00276983 -3.89651e-19   0.00302573  4.13223e-19  0.000148231  2.06887e-19  -0.00173918 -2.47289e-19  0.000597078 -1.65221e-20  0.000581482  3.60076e-21 -0.000384634  5.27244e-20 -0.000102546 -9.12459e-21  9.73391e-05 -1.31835e-20  7.77837e-06
-1.44101e-22   9.8735e-08  4.07568e-22 -1.48902e-06  1.58541e-22  1.21779e-05 -2.21613e-21 -6.77356e-05  1.05036e-20  0.000281415 -3.54876e-20 -0.000914562  8.91802e-20     0.002375 -1.82613e-19  -0.00494705  2.60136e-19   0.00814703 -1.72239e-19   -0.0101325  -6.9582e-20   0.00826117  2.81125e-19  -0.00147484 -3.02084e-19  -0.00709918  1.05859e-19    0.0110025  7.20624e-20   -0.0061569 -2.08744e-19  -0.00362353  4.77665e-19   0.00898672 -4.03277e-19  -0.00489555 -1.80004e-19   -0.0032787  1.68936e-19   0.00613673  5.59974e-19  -0.00170512 -2.62588e-19  -0.00316626 -6.30865e-19   0.00280931  3.64808e-19  0.000525015  2.70299e-19  -0.00176116 -1.75787e-19   0.00039309 -4.84939e-20   0.00063999 -1.69745e-20 -0.000300323  5.00183e-20 -0.000126815 -1.09977e-21  6.44005e-05 -9.31337e-21
 3.40188e-09 -2.46004e-22 -8.51486e-08  3.02716e-22  7.18251e-07  3.98156e-22 -2.57792e-06 -3.57101e-21 -2.17344e-06  1.60459e-20  7.22366e-05 -4.84487e-20   -0.0004178  1.14994e-19   0.00148891 -2.25084e-19   -0.0037837  2.80946e-19    0.0071096 -1.38606e-19  -0.00969441 -1.32566e-19   0.00854677  3.40133e-19  -0.00210954 -2.98891e-19  -0.00659031  7.20624e-20    0.0106915  2.63105e-20  -0.00580593 -1.43454e-19  -0.00399018  4.08408e-19   0.00895481 -1.99611e-19  -0.00430975 -3.45861e-19  -0.00386049 -7.21494e-20   0.00605564  8.16621e-19  -0.00111698 -5.66477e-20   -0.0034843  -8.0458e-19   0.00254901  2.85276e-19  0.000864044  2.71407e-19  -0.00173041 -8.06981e-20  0.000194808 -6.33489e-20  0.000662154 -2.98178e-20 -0.000213031  3.87657e-20 -0.000131425  8.33326e-21  3.07082e-05
 4.70698e-23  1.09955e-07 -2.75171e-22  -1.6055e-06  2.17324e-22  1.20993e-05  5.88649e-22 -5.83711e-05 -4.82083e-21   0.00019432  1.99071e-20 -0.000448456 -5.55237e-20  0.000642953  1.33836e-19 -0.000176161 -2.55076e-19  -0.00181224  2.78293e-19   0.00546792 -8.86816e-20  -0.00895664  -2.1178e-19   0.00874144   3.9989e-19  -0.00269811 -2.65473e-19   -0.0061569  2.63105e-20    0.0104615 -1.62454e-20  -0.00551121 -9.13567e-20  -0.00432362  2.87234e-19   0.00891352   1.0986e-19  -0.00375501 -5.12485e-19  -0.00437565 -3.90345e-19   0.00592515  9.94695e-19 -0.000551077  1.70859e-19   -0.0037317 -8.80593e-19   0.00225728    2.018e-19   0.00116139  2.14286e-19  -0.00165444  6.92549e-21  1.04388e-05 -5.54917e-20  0.000650265 -3.52453e-20 -0.000129111   2.3415e-20 -0.000116332   1.4924e-20
-2.39516e-08   8.6988e-23  6.25358e-07 -2.70086e-22 -6.40129e-06  3.00589e-22  3.94801e-05  9.35618e-23 -0.000167892 -3.72217e-21  0.000521667  1.71159e-20  -0.00120502 -5.24559e-20   0.00201655  1.47872e-19  -0.00213443 -2.80153e-19  0.000331843  2.72985e-19   0.00378544 -3.90822e-20   -0.0082226 -3.03637e-19   0.00889801   4.5346e-19  -0.00320301 -2.08744e-19  -0.00580593 -1.62454e-20    0.0102883 -3.73589e-20   -0.0052553 -8.46593e-20  -0.00463063  1.49991e-19   0.00886753  4.89635e-19  -0.00322996 -6.27806e-19  -0.00483459 -7.50452e-19    0.0057569  1.08127e-18 -1.04105e-05  3.53288e-19  -0.00391583 -8.58946e-19   0.00194413  1.39315e-19   0.00141459  1.20776e-19  -0.00154074  5.95718e-20 -0.000153569 -2.54222e-20  0.000607168 -4.03342e-20 -5.49056e-05  7.93162e-21 -8.20393e-05
  9.2007e-24 -1.26968e-07  1.18385e-22  1.89831e-06 -3.65903e-22 -1.50287e-05  1.09189e-21  7.88277e-05 -2.95347e-21 -0.000300255  3.84412e-21   0.00086718  2.02617e-21  -0.00192602 -3.95619e-20   0.00323719  1.65642e-19  -0.00380973 -3.16059e-19   0.00215299  2.88278e-19   0.00232244  2.42502e-23  -0.00753405 -3.98804e-19   0.00898421  4.86896e-19  -0.00362353 -1.43454e-19  -0.00551121 -3.73589e-20    0.0101563 -1.92299e-20  -0.00503434 -1.66948e-19  -0.00491704  3.31423e-20    0.0088225  9.02571e-19  -0.00273216 -6.59026e-19   -0.0052469 -1.09565e-18   0.00555965   1.1009e-18  0.000503805  4.38649e-19   -0.0040433 -7.52797e-19    0.0016179  1.10514e-19   0.00162261  1.46548e-20  -0.00139605  7.06451e-20 -0.000291917  1.77087e-20   0.00053545 -5.35116e-20  2.48663e-06 -7.12078e-21
 1.12363e-08  4.59368e-24 -2.99488e-07  1.92829e-22  3.21067e-06 -9.33659e-22 -2.13462e-05  3.97325e-21  0.000101099 -1.17778e-20  -0.00036356  2.31176e-20   0.00102265 -2.91432e-20   -0.0022661 -2.17622e-20   0.00388993  1.95132e-19  -0.00486132 -3.73693e-19   0.00349466   3.3239e-19   0.00107679  2.52916e-20  -0.00685135 -4.73357e-19   0.00900326  4.77665e-19  -0.00399018 -9.13567e-20   -0.0052553 -1.92299e-20    0.0100633  5.66625e-20  -0.00484509 -3.81647e-19  -0.00519003 -5.95775e-20   0.00878252  1.32159e-18  -0.00225834 -6.16364e-19   -0.0056208 -1.36486e-18   0.00534004  1.09522e-18  0.000991361  3.94792e-19  -0.00412026 -5.72214e-19    0.0012849  1.14395e-19   0.00178491 -9.22619e-20  -0.00122579   5.7828e-20 -0.000398078  6.38425e-20  0.000440321 -7.43048e-20   4.1356e-05
-2.23363e-23  5.03725e-10 -3.29093e-23 -4.14592e-08  4.98548e-22  8.21991e-07 -2.79288e-21 -8.29725e-06  1.11172e-20  5.32091e-05 -2.98778e-20 -0.000239796  5.78561e-20  0.000799542 -7.52941e-20  -0.00201754 -4.57374e-21   0.00384181  2.33771e-19  -0.00528813 -4.44747e-19   0.00444305  3.91275e-19 -2.23788e-05  3.29521e-20  -0.00617083 -4.88167e-19   0.00898672  4.08408e-19  -0.00432362 -8.46593e-20  -0.00503434  5.66625e-20     0.010008  2.12016e-19  -0.00468276 -7.46405e-19  -0.00545538  -1.5926e-19   0.00875036  1.72079e-18  -0.00180525 -5.51137e-19  -0.00596348 -1.50502e-18   0.00510322  1.08635e-18   0.00145328  2.12767e-19  -0.00415157 -3.26985e-19  0.000949893  1.43839e-19   0.00189965  -1.9921e-19  -0.00103707  5.04438e-20 -0.000469065  1.12069e-19  0.000325114 -7.46277e-20
 8.53069e-09 -2.38902e-23 -2.19186e-07  -1.6834e-22  2.15514e-06  1.42237e-21 -1.23229e-05 -7.08111e-21  4.57632e-05  2.42768e-20 -0.000109568 -5.81523e-20   0.00012917  1.05982e-19  0.000169756  -1.2856e-19   -0.0012398  1.12981e-20   0.00325227  2.63145e-19  -0.00528131 -4.99125e-19   0.00512436   4.3817e-19  -0.00100351  1.15349e-20  -0.00551519 -4.03277e-19   0.00895481  2.87234e-19  -0.00463063 -1.66948e-19  -0.00484509  2.12016e-19     0.009987  4.64558e-19  -0.00454387  -1.2268e-18   -0.0057177 -2.94765e-19   0.00872852  2.05692e-18  -0.00136956 -5.25258e-19  -0.00628163 -1.47243e-18   0.00485243  1.05442e-18   0.00189086 -8.22563e-20  -0.00414033 -3.85241e-20  0.000618565  1.91236e-19    0.0019671 -3.06244e-19  -0.00083551  6.48696e-20 -0.000498576  1.51646e-19  0.000185525
 1.24951e-23  7.18838e-08  1.80206e-23 -1.06286e-06 -5.41642e-22  8.19958e-06  3.41543e-21 -4.10916e-05 -1.43916e-20  0.000145349   4.2383e-20 -0.000372169 -9.13032e-20  0.000668275  1.56091e-19 -0.000692729 -1.75765e-19  -0.00019534  3.22441e-20   0.00239203   2.5454e-19  -0.00502414 -4.99025e-19   0.00560581  4.50394e-19  -0.00186636 -5.62304e-20  -0.00489555 -1.99611e-19   0.00891352  1.49991e-19  -0.00491704 -3.81647e-19  -0.00468276  4.64558e-19   0.00999868    8.068e-19   -0.0044262 -1.73067e-18  -0.00598144 -4.50586e-19    0.0087193  2.26501e-18 -0.000947464 -5.73901e-19  -0.00658075 -1.22888e-18   0.00458972  9.48898e-19    0.0023045  -4.3036e-19  -0.00409079  2.57203e-19  0.000294152  2.45066e-19   0.00198678 -4.04225e-19 -0.000620566  9.48305e-20 -0.000475376  1.54228e-19
-9.66677e-09  9.44676e-24  2.56625e-07  1.42841e-22 -2.69579e-06 -1.29701e-21  1.72412e-05  6.55813e-21 -7.69268e-05 -2.34657e-20  0.000254234  5.96027e-20 -0.000635809 -1.16845e-19   0.00118635  1.89069e-19  -0.00151745 -2.03445e-19  0.000836913  6.77387e-20   0.00146451  1.84128e-19  -0.00461522 -4.18694e-19   0.00591731  4.16299e-19  -0.00261898 -1.80004e-19  -0.00430975   1.0986e-19   0.00886753  3.31423e-20  -0.00519003 -7.46405e-19  -0.00454387    8.068e-19    0.0100426  1.18583e-18  -0.00432786 -2.13546e-18  -0.00625097 -5.61045e-19   0.00872437  2.27974e-18 -0.000535503 -6.92773e-19  -0.00686563 -7.51045e-19   0.00431757  7.27995e-19   0.00269704 -7.61323e-19   -0.0040046  5.15649e-19 -2.35418e-05  2.80113e-19   0.00194875 -4.83405e-19 -0.000409845  1.21664e-19 -0.000401549
-1.22926e-24 -2.71561e-08 -2.18315e-23  4.29318e-07  3.91663e-22 -3.67625e-06 -2.42171e-21  2.12808e-05  1.01607e-20 -9.09407e-05 -3.07878e-20  0.000298413   6.6722e-20 -0.000760865 -1.19706e-19   0.00148684  1.86069e-19  -0.00209853 -2.02654e-19   0.00169791  1.20889e-19  0.000562379  4.90146e-20  -0.00410306  -2.5374e-19   0.00608919  3.27263e-19   -0.0032787 -3.45861e-19  -0.00375501  4.89635e-19    0.0088225 -5.95775e-20  -0.00545538  -1.2268e-18   -0.0044262  1.18583e-18    0.0101189  1.50838e-18  -0.00424725 -2.33902e-18   -0.0065302 -5.50023e-19   0.00874583  2.06681e-18 -0.000130321 -8.55012e-19  -0.00714238 -6.68898e-20   0.00403493  4.00977e-19   0.00307105 -1.02027e-18  -0.00387701  6.99411e-19  -0.00032274  2.68328e-19   0.00185607 -5.58808e-19 -0.000203851    6.934e-20
-1.22079e-09   4.1436e-24  2.68905e-08  -9.5692e-23 -1.79505e-07   7.7851e-22  1.57254e-07 -3.72797e-21  5.46362e-06  1.31128e-20 -4.56625e-05 -3.25003e-20   0.00020918  5.67988e-20 -0.000655425 -9.09733e-20   0.00148122  1.38187e-19  -0.00237464  -1.6942e-19    0.0023507  1.79085e-19 -0.000280459 -1.25476e-19  -0.00352709 -1.71384e-20   0.00615395  1.68936e-19  -0.00386049 -5.12485e-19  -0.00322996  9.02571e-19   0.00878252  -1.5926e-19   -0.0057177 -1.73067e-18  -0.00432786  1.50838e-18    0.0102283   1.6778e-18  -0.00418366 -2.30424e-18  -0.00682367 -3.84954e-19   0.00878628  1.63789e-18  0.000273787 -1.02579e-18  -0.00741441  7.11009e-19   0.00373892   3.9707e-20   0.00342092  -1.1795e-18  -0.00371346  8.07419e-19 -0.000598558  2.44003e-19   0.00170096 -6.27102e-19  3.85549e-05
-3.02626e-24 -2.83878e-08  2.28307e-23  4.08445e-07 -2.33678e-22   -2.996e-06  1.33327e-21  1.37486e-05 -5.20704e-21 -4.14124e-05  1.51561e-20  7.45987e-05 -2.79838e-20 -2.19187e-05  3.15545e-20 -0.000335019  -3.4977e-20   0.00121181  5.15544e-20  -0.00239104 -1.02224e-19    0.0028113  2.12292e-19   -0.0010436 -2.90978e-19  -0.00292166  2.66381e-19   0.00613673 -7.21494e-20  -0.00437565 -6.27806e-19  -0.00273216  1.32159e-18   0.00875036 -2.94765e-19  -0.00598144 -2.13546e-18  -0.00424725   1.6778e-18    0.0103727  1.64231e-18  -0.00413627 -2.06875e-18  -0.00713679 -9.40952e-20   0.00884621  1.03948e-18  0.000680643 -1.15774e-18  -0.00768256  1.42125e-18   0.00343468 -2.57899e-19   0.00375211  -1.2533e-18  -0.00351497  8.89709e-19 -0.000877387  2.70815e-19   0.00145033  -5.8328e-19
  5.1316e-09 -7.76456e-24 -1.35328e-07  6.73591e-23  1.39654e-06 -4.87998e-22 -8.64634e-06  2.22116e-21   3.6578e-05 -7.45117e-21 -0.000110914  1.78299e-20  0.000239166 -2.18514e-20 -0.000327182  2.86598e-21  9.79271e-05  3.02443e-20  0.000786173 -5.38897e-20    -0.002221  -2.3518e-21   0.00310182  1.83162e-19  -0.00171366 -3.91582e-19  -0.00230972  5.59974e-19   0.00605564 -3.90345e-19  -0.00483459 -6.59026e-19  -0.00225834  1.72079e-18   0.00872852 -4.50586e-19  -0.00625097 -2.33902e-18  -0.00418366  1.64231e-18    0.0105542  1.42348e-18  -0.00410395 -1.71588e-18  -0.00747313   2.7758e-19   0.00892839  3.28186e-19   0.00109159  -1.2022e-18  -0.00795816  1.95051e-18   0.00311606  -4.3512e-19   0.00407803 -1.26839e-18  -0.00324736  1.00962e-18   -0.0010749  2.62389e-19   0.00107715
 2.30758e-24  2.01683e-08  -1.8664e-23 -3.13329e-07  1.59076e-22   2.5925e-06 -9.30699e-22 -1.42527e-05  3.67026e-21  5.67871e-05 -1.12696e-20 -0.000169803   2.3345e-20  0.000380454 -2.14994e-20 -0.000604181 -1.28178e-20  0.000526899  7.93815e-20  0.000302938 -1.49614e-19  -0.00192439  1.21242e-19   0.00324414  6.56374e-20  -0.00228774 -3.85047e-19  -0.00170512  8.16621e-19   0.00592515 -7.50452e-19   -0.0052469 -6.16364e-19  -0.00180525  2.05692e-18    0.0087193 -5.61045e-19   -0.0065302 -2.30424e-18  -0.00413627  1.42348e-18    0.0107754  1.10142e-18  -0.00408835 -1.33094e-18  -0.00783898  7.21213e-19   0.00904014 -4.43129e-19   0.00152007 -1.14516e-18  -0.00824498  2.27115e-18   0.00276122 -5.39478e-19   0.00435609 -1.21208e-18  -0.00292055  1.22387e-18  -0.00123833   2.7614e-19
-5.47016e-10  4.60426e-24   1.8119e-08 -3.96686e-23  -2.4892e-07  3.01509e-22  2.11524e-06  -1.4975e-21 -1.25105e-05   5.4485e-21  5.43105e-05 -1.62024e-20 -0.000177257  3.16263e-20   0.00043519 -3.13567e-20 -0.000776277   -3.662e-21  0.000876661  9.01179e-20 -0.000174988 -2.06289e-19  -0.00154669  2.48537e-19   0.00326298 -1.37633e-19  -0.00276983 -2.62588e-19  -0.00111698  9.94695e-19    0.0057569 -1.09565e-18   -0.0056208 -5.51137e-19  -0.00136956  2.26501e-18   0.00872437 -5.50023e-19  -0.00682367 -2.06875e-18  -0.00410395  1.10142e-18    0.0110422  7.57398e-19  -0.00408975 -9.63829e-19  -0.00824639  1.22973e-18   0.00917721  -1.2148e-18    0.0019753 -9.93551e-19  -0.00852107  2.38856e-18   0.00239294 -7.43312e-19   0.00459361 -1.15606e-18  -0.00257296   1.5236e-18  -0.00150115
-5.77417e-25  8.81676e-09  7.08853e-24  -1.1931e-07 -6.17211e-23  7.80357e-07  4.07505e-22 -2.81836e-06 -1.74903e-21  3.95947e-06  6.30742e-21   1.5114e-05 -1.93472e-20  -0.00011358  3.84503e-20  0.000381659 -4.85567e-20 -0.000820833  3.06746e-20    0.0011192  5.30376e-20 -0.000611215 -2.03674e-19  -0.00112521  3.52822e-19   0.00318301 -3.89651e-19  -0.00316626 -5.66477e-20 -0.000551077  1.08127e-18   0.00555965 -1.36486e-18  -0.00596348 -5.25258e-19 -0.000947464  2.27974e-18   0.00874583 -3.84954e-19  -0.00713679 -1.71588e-18  -0.00408835  7.57398e-19    0.0113603  4.14662e-19  -0.00410352 -5.94484e-19  -0.00869688  1.69121e-18   0.00933846 -1.91108e-18   0.00244133 -6.99204e-19  -0.00882389  2.33583e-18   0.00202127 -1.21871e-18   0.00490932  -1.2526e-18  -0.00202231  1.42059e-18
-2.11793e-09 -7.46118e-25  5.52119e-08  6.61276e-24 -5.56654e-07 -5.28782e-23  3.30786e-06  2.81604e-22 -1.30325e-05 -9.63697e-22  3.46078e-05  4.40705e-21 -5.47188e-05 -1.65103e-20   5.5464e-06  3.73309e-20   0.00024265 -6.39178e-20 -0.000755603  7.84689e-20   0.00125359 -2.35961e-20 -0.000984288 -1.39067e-19 -0.000689228  4.11115e-19   0.00302573 -6.30865e-19   -0.0034843  1.70859e-19 -1.04105e-05   1.1009e-18   0.00534004 -1.50502e-18  -0.00628163 -5.73901e-19 -0.000535503  2.06681e-18   0.00878628 -9.40952e-20  -0.00747313 -1.33094e-18  -0.00408975  4.14662e-19    0.0117317  3.66922e-20  -0.00413784 -1.12704e-19  -0.00919544  1.88951e-18   0.00955901 -2.47155e-18   0.00295071  -1.8154e-19  -0.00918964  2.24218e-18   0.00151216 -1.82555e-18   0.00494584 -1.52673e-18  -0.00107748
-1.01561e-25 -9.54578e-09 -7.82753e-25  1.47431e-07  2.60484e-24 -1.20071e-06 -1.68348e-24  6.41228e-06 -1.75597e-22 -2.43466e-05  1.14731e-21  6.71795e-05 -1.05593e-21 -0.000129734 -5.50345e-21  0.000141463  2.41794e-20   6.0849e-05 -6.76139e-20 -0.000612501  1.21741e-19   0.00129026 -1.17597e-19  -0.00128359 -2.89061e-20 -0.000259857  4.13223e-19   0.00280931  -8.0458e-19   -0.0037317  3.53288e-19  0.000503805  1.09522e-18   0.00510322 -1.47243e-18  -0.00658075 -6.92773e-19 -0.000130321  1.63789e-18   0.00884621   2.7758e-19  -0.00783898 -9.63829e-19  -0.00410352  3.66922e-20    0.0121728 -4.17021e-19  -0.00420203  6.31101e-19  -0.00978457   1.7053e-18   0.00982216 -2.92583e-18   0.00357593  5.31619e-19  -0.00946075  2.46355e-18  0.000883313 -2.42479e-18   0.00504731 -2.13607e-18
 4.44578e-10  3.43244e-25 -1.37173e-08 -5.53335e-24  1.72044e-07  2.44627e-23 -1.33042e-06 -2.43823e-23  7.18118e-06 -6.40187e-22 -2.84668e-05   3.6893e-21  8.40875e-05 -8.50046e-21 -0.000181172  1.13504e-20  0.000256949  7.89919e-22 -0.000125113  -5.5114e-20 -0.000422683  1.44877e-19   0.00124506 -2.03159e-19  -0.00150681  9.74776e-20  0.000148231  3.64808e-19   0.00254901 -8.80593e-19  -0.00391583  4.38649e-19  0.000991361  1.08635e-18   0.00485243 -1.22888e-18  -0.00686563 -8.55012e-19  0.000273787  1.03948e-18   0.00892839  7.21213e-19  -0.00824639 -5.94484e-19  -0.00413784 -4.17021e-19     0.012703 -9.58148e-19   -0.0042657  1.69446e-18   -0.0104697  1.27988e-18    0.0100647 -3.44779e-18    0.0042108  1.37189e-18  -0.00974786  3.45879e-18  0.000591486  -3.1004e-18   0.00532136
-6.48163e-26 -2.45206e-09  3.74802e-24  2.97815e-08 -3.23576e-23 -1.52115e-07  1.55717e-22  1.79419e-07   -3.896e-22  2.46149e-06 -3.89483e-22 -1.87965e-05  4.88363e-21  7.43577e-05 -1.45956e-20 -0.000193278  2.80989e-20  0.000330956 -2.57365e-20 -0.000289222 -2.92954e-20 -0.000212722  1.41098e-19   0.00113618 -2.60172e-19  -0.00165679  2.06887e-19  0.000525015  2.85276e-19   0.00225728 -8.58946e-19   -0.0040433  3.94792e-19   0.00145328  1.05442e-18   0.00458972 -7.51045e-19  -0.00714238 -1.02579e-18  0.000680643  3.28186e-19   0.00904014  1.22973e-18  -0.00869688 -1.12704e-19  -0.00420203 -9.58148e-19    0.0133092 -1.59414e-18   -0.0043469  2.95188e-18   -0.0111996  8.69915e-19    0.0104574 -4.25012e-18   0.00481325  2.15037e-18   -0.0103969  5.12609e-18 -0.000655234 -2.09932e-18
 7.20778e-10 -1.02595e-24 -1.85445e-08  1.54163e-23  1.82296e-07 -1.06589e-22 -1.03383e-06  4.82341e-22  3.71829e-06  -1.2898e-21 -7.94528e-06  1.07912e-21  3.79878e-06  3.49038e-21  4.01738e-05 -1.65747e-20 -0.000167167  3.87439e-20  0.000358446 -4.67617e-20  -0.00041674  1.66614e-21 -3.81304e-06  1.13589e-19  0.000981492 -2.76658e-19  -0.00173918  2.70299e-19  0.000864044    2.018e-19   0.00194413 -7.52797e-19  -0.00412026  2.12767e-19   0.00189086  9.48898e-19   0.00431757 -6.68898e-20  -0.00741441 -1.15774e-18   0.00109159 -4.43129e-19   0.00917721  1.69121e-18  -0.00919544  6.31101e-19   -0.0042657 -1.59414e-18    0.0140212 -2.32391e-18  -0.00453389  4.16352e-18   -0.0121161  6.33054e-19    0.0110127 -5.40714e-18   0.00599206  2.10297e-18   -0.0103272  6.63086e-18  -0.00310246
 1.30102e-25  3.25741e-09 -3.74166e-24 -5.04627e-08  3.77995e-23  4.09206e-07 -2.26704e-22 -2.14953e-06  9.59751e-22   7.8561e-06 -2.51876e-21 -1.99507e-05  3.40246e-21   3.1095e-05  2.85042e-24 -6.64152e-06 -1.41744e-20 -0.000114242  4.04428e-20  0.000344153 -5.58501e-20 -0.000501349  2.80971e-20   0.00018851  7.17287e-20  0.000797125 -2.47289e-19  -0.00176116  2.71407e-19   0.00116139  1.39315e-19    0.0016179 -5.72214e-19  -0.00415157 -8.22563e-20    0.0023045  7.27995e-19   0.00403493  7.11009e-19  -0.00768256  -1.2022e-18   0.00152007  -1.2148e-18   0.00933846  1.88951e-18  -0.00978457  1.69446e-18   -0.0043469 -2.32391e-18    0.0149521 -3.06119e-18  -0.00468379  5.18519e-18   -0.0134458  5.09442e-19    0.0112907  -7.0571e-18   0.00753009  1.82274e-18   -0.0107821  7.21729e-18
