 4.87997e-08  1.31419e-22 -7.33813e-07  5.17706e-22  4.31613e-06 -9.09023e-21 -1.51845e-05  3.53093e-20  3.63934e-05 -8.03862e-20 -6.27376e-05  1.24381e-19  7.91579e-05 -1.35744e-19 -7.22927e-05  1.02772e-19  4.55787e-05 -4.86978e-20 -1.75615e-05  8.68561e-21  2.73372e-06
 1.31419e-22  1.04879e-06 -8.68432e-22 -8.94952e-06  2.11365e-20  3.98278e-05 -1.02022e-19  -0.00011481  2.66181e-19  0.000233052  -4.6477e-19 -0.000344541  5.75215e-19  0.000372151 -5.12619e-19 -0.000285846  3.25504e-19  0.000144708 -1.52022e-19 -3.92452e-05   7.9945e-20
-7.33813e-07 -8.68432e-22  1.10931e-05   -1.181e-20 -6.55913e-05  1.24192e-19  0.000231979 -4.27889e-19 -0.000558991   8.9541e-19  0.000968959 -1.28575e-18  -0.00122959  1.30687e-18   0.00112974 -9.13167e-19 -0.000716887  3.64689e-19  0.000278171  1.59785e-20 -4.36468e-05
 5.17706e-22 -8.94952e-06   -1.181e-20  7.67697e-05  -5.6674e-20 -0.000343445  4.03395e-19  0.000995308 -1.12195e-18  -0.00203136  1.97869e-18      0.00302 -2.44484e-18  -0.00328119  2.22498e-18   0.00253599 -1.56803e-18   -0.0012925  1.01509e-18  0.000353154 -8.59176e-19
 4.31613e-06  2.11365e-20 -6.55913e-05  -5.6674e-20  0.000389867 -1.62951e-19  -0.00138615   9.1527e-19   0.00335809 -2.14294e-18  -0.00585309  3.15653e-18   0.00747012 -3.14348e-18   -0.0069051  1.94512e-18   0.00441013  -2.1113e-19  -0.00172342 -1.02677e-18  0.000272585
-9.09023e-21  3.98278e-05  1.24192e-19 -0.000343445 -1.62951e-19   0.00154458 -3.58812e-19  -0.00450009  1.72572e-18    0.0092345 -3.54945e-18   -0.0138063  4.83428e-18    0.0150891 -5.15183e-18   -0.0117355  4.96455e-18   0.00602189 -4.99912e-18  -0.00165783  5.35945e-18
-1.51845e-05 -1.02022e-19  0.000231979  4.03395e-19  -0.00138615 -3.58812e-19   0.00495459  -6.0507e-19   -0.0120681   2.4723e-18    0.0211517  -3.9059e-18   -0.0271519  3.30891e-18     0.025252 -1.36097e-19    -0.016234 -4.51506e-18   0.00638978  7.63008e-18   -0.0010189
 3.53093e-20  -0.00011481 -4.27889e-19  0.000995308   9.1527e-19  -0.00450009  -6.0507e-19    0.0131817 -1.19877e-18   -0.0271996  4.24836e-18    0.0408986 -7.58676e-18    -0.044967  1.13783e-17    0.0351967 -1.61198e-17    -0.018186   2.0896e-17   0.00504535 -2.29164e-17
 3.63934e-05  2.66181e-19 -0.000558991 -1.12195e-18   0.00335809  1.72572e-18   -0.0120681 -1.19877e-18    0.0295569 -3.98122e-19   -0.0520988  5.98115e-19    0.0672743  3.56076e-18   -0.0629587 -1.35251e-17    0.0407474  2.67444e-17   -0.0161571 -3.35211e-17   0.00259802
-8.03862e-20  0.000233052   8.9541e-19  -0.00203136 -2.14294e-18    0.0092345   2.4723e-18   -0.0271996 -3.98122e-19    0.0564425 -4.85737e-18   -0.0853685  1.41168e-17    0.0944399 -2.98525e-17   -0.0744066  5.14387e-17    0.0387207 -7.01399e-17   -0.0108281  7.17466e-17
-6.27376e-05  -4.6477e-19  0.000968959  1.97869e-18  -0.00585309 -3.54945e-18    0.0211517  4.24836e-18   -0.0520988 -4.85737e-18    0.0923708  1.04416e-17    -0.120007  -2.7175e-17     0.113035  5.78642e-17   -0.0736675   -9.334e-17    0.0294349  1.04328e-16  -0.00477444
 1.24381e-19 -0.000344541 -1.28575e-18      0.00302  3.15653e-18   -0.0138063  -3.9059e-18    0.0408986  5.98115e-19   -0.0853685  1.04416e-17     0.129906 -3.51646e-17    -0.144632  8.05126e-17     0.114732 -1.40539e-16    -0.060151  1.84487e-16    0.0169614 -1.70156e-16
 7.91579e-05  5.75215e-19  -0.00122959 -2.44484e-18   0.00747012  4.83428e-18   -0.0271519 -7.58676e-18    0.0672743  1.41168e-17    -0.120007 -3.51646e-17     0.156907  8.32166e-17    -0.148794 -1.60426e-16    0.0976807  2.37458e-16   -0.0393447 -2.43661e-16   0.00644068
-1.35744e-19  0.000372151  1.30687e-18  -0.00328119 -3.14348e-18    0.0150891  3.30891e-18    -0.044967  3.56076e-18    0.0944399  -2.7175e-17    -0.144632  8.32166e-17     0.162114 -1.83693e-16    -0.129529  3.06917e-16     0.068444 -3.77821e-16   -0.0194707  3.09585e-16
-7.22927e-05 -5.12619e-19   0.00112974  2.22498e-18   -0.0069051 -5.15183e-18     0.025252  1.13783e-17   -0.0629587 -2.98525e-17     0.113035  8.05126e-17    -0.148794 -1.83693e-16     0.142115  3.33032e-16   -0.0940219 -4.58999e-16     0.038197  4.32724e-16  -0.00631452
 1.02772e-19 -0.000285846 -9.13167e-19   0.00253599  1.94512e-18   -0.0117355 -1.36097e-19    0.0351967 -1.35251e-17   -0.0744066  5.78642e-17     0.114732 -1.60426e-16    -0.129529  3.33032e-16     0.104294 -5.22942e-16   -0.0555768  5.95867e-16    0.0159611 -4.28357e-16
 4.55787e-05  3.25504e-19 -0.000716887 -1.56803e-18   0.00441013  4.96455e-18    -0.016234 -1.61198e-17    0.0407474  5.14387e-17   -0.0736675 -1.40539e-16    0.0976807  3.06917e-16   -0.0940219 -5.22942e-16    0.0627281   6.6879e-16   -0.0257221 -5.74471e-16   0.00429806
-4.86978e-20  0.000144708  3.64689e-19   -0.0012925  -2.1113e-19   0.00602189 -4.51506e-18    -0.018186  2.67444e-17    0.0387207   -9.334e-17    -0.060151  2.37458e-16     0.068444 -4.58999e-16   -0.0555768   6.6879e-16    0.0298913 -6.96107e-16  -0.00867469  4.31922e-16
-1.75615e-05 -1.52022e-19  0.000278171  1.01509e-18  -0.00172342 -4.99912e-18   0.00638978   2.0896e-17   -0.0161571 -7.01399e-17    0.0294349  1.84487e-16   -0.0393447 -3.77821e-16     0.038197  5.95867e-16   -0.0257221 -6.96107e-16    0.0106576   5.3431e-16  -0.00180235
 8.68561e-21 -3.92452e-05  1.59785e-20  0.000353154 -1.02677e-18  -0.00165783  7.63008e-18   0.00504535 -3.35211e-17   -0.0108281  1.04328e-16    0.0169614 -2.43661e-16   -0.0194707  4.32724e-16    0.0159611 -5.74471e-16  -0.00867469   5.3431e-16   0.00254754 -2.77811e-16
 2.73372e-06   7.9945e-20 -4.36468e-05 -8.59176e-19  0.000272585  5.35945e-18   -0.0010189 -2.29164e-17   0.00259802  7.17466e-17  -0.00477444 -1.70156e-16   0.00644068  3.09585e-16  -0.00631452 -4.28357e-16   0.00429806  4.31922e-16  -0.00180235 -2.77811e-16  0.000309104
