  0.00800972  1.12445e-18   -0.0190844 -4.91417e-18   0.00912096  2.49467e-18   0.00341325  3.17983e-18  -0.00230632 -3.17689e-18 -0.000845891  3.57901e-19   0.00033074  9.77042e-20  0.000150712  1.27031e-19 -1.52517e-05 -2.37836e-20  -9.8383e-06 -5.74407e-21 -2.77642e-07
 1.12445e-18    0.0313451  4.27523e-18   -0.0382624 -1.21078e-17   0.00709613  4.95829e-18   0.00981206  5.78304e-18   -0.0021416 -3.54134e-18  -0.00222165 -9.56255e-19  0.000223981   2.9361e-19  0.000316883   2.6179e-19  1.11618e-05 -2.17518e-20 -1.24766e-05 -6.52982e-21
  -0.0190844  4.27523e-18    0.0575659  8.30675e-18   -0.0438516 -1.92003e-17  -0.00293764  5.26588e-18     0.014072  9.09768e-18  7.77325e-05 -2.42951e-18  -0.00322293 -2.61012e-18 -0.000200114  3.21436e-19  0.000399193  3.52875e-19  5.08634e-05 -1.35828e-21 -7.10977e-06
-4.91417e-18   -0.0382624  8.30675e-18    0.0682229   1.2502e-17   -0.0356141 -2.57917e-17   -0.0129322  2.41473e-18    0.0145581  1.29358e-17   0.00284171 -9.79199e-19  -0.00349979  -3.7086e-18 -0.000710185  1.22429e-19  0.000364891  3.62909e-19  7.24208e-05  1.64484e-20
  0.00912096 -1.21078e-17   -0.0438516   1.2502e-17    0.0623804  1.75206e-17   -0.0239224  -3.1229e-17   -0.0187715 -2.53854e-18    0.0128251  1.60424e-17   0.00513514  3.26182e-19  -0.00320214 -4.10617e-18  -0.00112859 -2.27359e-19  0.000242283   2.8699e-19  5.75037e-05
 2.49467e-18   0.00709613 -1.92003e-17   -0.0356141  1.75206e-17    0.0513255  2.29309e-17   -0.0153815 -3.43354e-17   -0.0212615 -7.21778e-18    0.0104965  1.75044e-17   0.00676366  1.67414e-18  -0.00256061 -4.02283e-18   -0.0013666 -5.91627e-19  8.64243e-05  1.51896e-19
  0.00341325  4.95829e-18  -0.00293764 -2.57917e-17   -0.0239224  2.29309e-17    0.0427509   2.7196e-17   -0.0103963 -3.51895e-17   -0.0222264 -1.03651e-17   0.00823665  1.75195e-17   0.00785019  3.35192e-18  -0.00172494 -3.64121e-18  -0.00137766 -7.92392e-19 -2.97362e-05
 3.17983e-18   0.00981206  5.26588e-18   -0.0129322  -3.1229e-17   -0.0153815   2.7196e-17    0.0376902  2.95371e-17  -0.00744903 -3.46681e-17   -0.0227151 -1.26959e-17   0.00614235   1.6892e-17   0.00851927  5.28121e-18 -0.000779473  -3.0009e-18  -0.00112877 -6.49135e-19
 -0.00230632  5.78304e-18     0.014072  2.41473e-18   -0.0187715 -3.43354e-17   -0.0103963  2.95371e-17     0.034889  3.03522e-17  -0.00547095 -3.36126e-17   -0.0231456 -1.56107e-17   0.00412857  1.62692e-17   0.00881383  6.93693e-18  0.000197234 -2.00612e-18 -0.000631749
-3.17689e-18   -0.0021416  9.09768e-18    0.0145581 -2.53854e-18   -0.0212615 -3.51895e-17  -0.00744903  3.03522e-17    0.0333953  3.07723e-17  -0.00395825 -3.30214e-17    -0.023684 -1.96147e-17   0.00205548  1.56398e-17   0.00866673  7.63494e-18   0.00102919 -7.27689e-19
-0.000845891 -3.54134e-18  7.77325e-05  1.29358e-17    0.0128251 -7.21778e-18   -0.0222264 -3.46681e-17  -0.00547095  3.07723e-17     0.032795  3.22857e-17  -0.00265333 -3.37172e-17   -0.0244127 -2.38087e-17  -0.00026038  1.39862e-17   0.00783731  6.71474e-18   0.00127483
 3.57901e-19  -0.00222165 -2.42951e-18   0.00284171  1.60424e-17    0.0104965 -1.03651e-17   -0.0227151 -3.36126e-17  -0.00395825  3.22857e-17    0.0329477  3.57182e-17  -0.00137167 -3.53316e-17   -0.0253739 -2.71823e-17  -0.00306541  9.17994e-18   0.00586246  3.64702e-18
  0.00033074 -9.56255e-19  -0.00322293 -9.79199e-19   0.00513514  1.75044e-17   0.00823665 -1.26959e-17   -0.0231456 -3.30214e-17  -0.00265333  3.57182e-17    0.0338561   4.0183e-17   8.2853e-05 -3.62216e-17   -0.0265489 -3.08835e-17  -0.00656441 -3.97125e-19   0.00260382
 9.77042e-20  0.000223981 -2.61012e-18  -0.00349979  3.26182e-19   0.00676366  1.75195e-17   0.00614235 -1.56107e-17    -0.023684 -3.37172e-17  -0.00137167   4.0183e-17    0.0356495  4.43077e-17   0.00201143 -3.46147e-17   -0.0276292 -3.77335e-17   -0.0100176 -1.00227e-17
 0.000150712   2.9361e-19 -0.000200114  -3.7086e-18  -0.00320214  1.67414e-18   0.00785019   1.6892e-17   0.00412857 -1.96147e-17   -0.0244127 -3.53316e-17   8.2853e-05  4.43077e-17    0.0386418  4.99527e-17   0.00510796 -2.92356e-17   -0.0269564 -4.48866e-17   -0.0098374
 1.27031e-19  0.000316883  3.21436e-19 -0.000710185 -4.10617e-18  -0.00256061  3.35192e-18   0.00851927  1.62692e-17   0.00205548 -2.38087e-17   -0.0253739 -3.62216e-17   0.00201143  4.99527e-17     0.043598  6.43026e-17    0.0114749 -1.73203e-17   -0.0200606 -3.69837e-17
-1.52517e-05   2.6179e-19  0.000399193  1.22429e-19  -0.00112859 -4.02283e-18  -0.00172494  5.28121e-18   0.00881383  1.56398e-17  -0.00026038 -2.71823e-17   -0.0265489 -3.46147e-17   0.00510796  6.43026e-17    0.0526771  9.58274e-17    0.0254188  6.04199e-18  -0.00508042
-2.37836e-20  1.11618e-05  3.52875e-19  0.000364891 -2.27359e-19   -0.0013666 -3.64121e-18 -0.000779473  6.93693e-18   0.00866673  1.39862e-17  -0.00306541 -3.08835e-17   -0.0276292 -2.92356e-17    0.0114749  9.58274e-17    0.0698894  1.42574e-16    0.0457466  2.97291e-17
 -9.8383e-06 -2.17518e-20  5.08634e-05  3.62909e-19  0.000242283 -5.91627e-19  -0.00137766  -3.0009e-18  0.000197234  7.63494e-18   0.00783731  9.17994e-18  -0.00656441 -3.77335e-17   -0.0269564 -1.73203e-17    0.0254188  1.42574e-16     0.092454  1.70476e-16    0.0487665
-5.74407e-21 -1.24766e-05 -1.35828e-21  7.24208e-05   2.8699e-19  8.64243e-05 -7.92392e-19  -0.00112877 -2.00612e-18   0.00102919  6.71474e-18   0.00586246 -3.97125e-19   -0.0100176 -4.48866e-17   -0.0200606  6.04199e-18    0.0457466  1.70476e-16    0.0931309  1.20133e-16
-2.77642e-07 -6.52982e-21 -7.10977e-06  1.64484e-20  5.75037e-05  1.51896e-19 -2.97362e-05 -6.49135e-19 -0.000631749 -7.27689e-19   0.00127483  3.64702e-18   0.00260382 -1.00227e-17   -0.0098374 -3.69837e-17  -0.00508042  2.97291e-17    0.0487665  1.20133e-16    0.0467857
