 0.000613076 -3.41347e-20  -0.00315399  3.15114e-19   0.00498844 -7.03238e-19  -0.00244897   9.1399e-19  -0.00150339  -1.5027e-18   0.00147726  1.88551e-18  0.000717325 -6.67063e-19 -0.000676044 -4.40402e-19 -0.000446064  1.56661e-19   0.00022768  2.39762e-19  0.000260362 -1.08263e-19 -2.62515e-05  9.36373e-20 -0.000119285 -2.22007e-19 -3.03682e-05  1.55584e-19  3.55727e-05 -7.92605e-20  2.52327e-05  4.67011e-20 -2.29147e-06  7.60116e-21 -9.42308e-06 -1.52266e-20 -3.44364e-06  -3.0088e-21  1.17928e-06   1.5772e-21  1.47167e-06  5.38086e-22   4.1046e-07  1.00879e-21 -1.22547e-07 -7.63988e-23 -1.35592e-07 -1.75753e-22 -4.37772e-08 -5.60295e-23 -2.20631e-09 -7.62178e-24  3.30087e-09  8.23216e-25  1.31514e-09   3.1249e-24  2.38869e-10  3.08672e-25  2.07293e-11 -2.92522e-26   5.3648e-13
-3.41347e-20   0.00472824 -2.08125e-19   -0.0127313   1.2021e-18     0.012689 -2.08124e-18  -0.00128988  2.91361e-18  -0.00598821 -5.03163e-18   0.00134125  4.23526e-18   0.00301018 -3.44032e-20 -0.000395567  -1.2776e-18  -0.00151245 -1.81527e-19 -0.000123574  5.30894e-19  0.000658694 -1.29002e-20  0.000240171  2.89941e-19 -0.000204916 -4.74523e-19 -0.000167662  2.15094e-19  1.91972e-05 -1.65643e-19  6.99156e-05  8.81974e-20  2.15445e-05  4.81543e-20 -1.41879e-05  -2.4152e-20 -1.29596e-05 -1.33314e-20  -1.7832e-06 -2.37906e-21  2.60091e-06  1.35197e-21  1.66047e-06  2.74873e-21  2.45937e-07    4.657e-22 -1.84042e-07 -2.80765e-22 -1.22184e-07 -1.37229e-22 -3.18965e-08 -4.96576e-23 -2.22071e-09 -3.62783e-24  9.94189e-10  4.93047e-24  3.01067e-10  5.26423e-25  3.03162e-11 -2.37209e-26
 -0.00315399 -2.08125e-19    0.0168383  -6.3777e-19   -0.0284044   2.6377e-18    0.0166674 -3.83324e-18   0.00651474  6.63807e-18  -0.00998343 -1.00023e-17  -0.00248354  4.79973e-18   0.00498341  2.06213e-18   0.00169631 -1.49842e-18  -0.00214909 -9.82053e-19  -0.00123016  3.09749e-19  0.000685314  2.86566e-19  0.000732947  6.04432e-19 -6.79442e-05 -4.95441e-19 -0.000323337  1.30473e-19 -8.92755e-05 -2.94331e-19  8.69998e-05  9.92343e-20   6.6755e-05  1.12563e-19 -8.51588e-07 -1.09997e-20 -2.12052e-05 -2.31775e-20 -9.43916e-06 -1.32355e-20   1.1367e-06 -1.51819e-22  2.76558e-06  4.42193e-21  1.10176e-06  1.53679e-21  4.60521e-08 -7.17075e-23 -1.33211e-07 -1.44732e-22 -6.17524e-08 -9.49581e-23 -1.33416e-08 -9.82205e-24 -1.29297e-09  5.12517e-24  6.68136e-12  5.29947e-25  6.69083e-12
 3.15114e-19   -0.0127313  -6.3777e-19    0.0364517 -1.27066e-18   -0.0408894  3.87287e-18    0.0100668 -5.31588e-18    0.0170866  1.16258e-17  -0.00849979 -1.32049e-17  -0.00822256   2.1377e-18   0.00414129  4.07423e-18   0.00448504 -4.25185e-19  -0.00136008 -1.54229e-18  -0.00239801 -7.58599e-19   6.7629e-05  5.28462e-19   0.00109187  8.59886e-19  0.000299183 -9.54812e-20 -0.000355099 -3.77786e-21 -0.000245609 -4.67732e-19  4.08741e-05  5.63395e-20  0.000104642  1.69419e-19  3.08555e-05  2.84579e-20 -1.90449e-05 -2.22593e-20 -1.77314e-05  -2.6235e-20  -3.5026e-06 -5.32045e-21  2.39868e-06  4.54976e-21  1.87395e-06  2.41541e-21  5.05931e-07  4.50342e-22 -1.03552e-08 -1.79967e-23 -5.10985e-08  -9.9327e-23 -1.68876e-08 -9.63748e-24 -2.64744e-09  4.74277e-24 -1.82961e-10  3.70394e-25
  0.00498844   1.2021e-18   -0.0284044 -1.27066e-18    0.0533185 -1.78939e-18    -0.040091   3.3921e-18  -0.00411405 -5.97174e-18    0.0224837  1.56927e-17  -0.00181741 -1.22501e-17   -0.0117223 -2.16781e-18  0.000734149   4.5813e-18   0.00604909  1.55529e-18  0.000481482 -1.26811e-18  -0.00285613 -2.29954e-18 -0.000881442  3.93934e-19   0.00107442  8.65738e-19  0.000711442  6.04186e-19 -0.000220936 -4.19033e-20  -0.00036818 -6.45371e-19 -5.71527e-05 -4.25894e-20  0.000110516  1.87399e-19  6.76258e-05  8.22034e-20 -3.98586e-06 -5.89569e-21 -2.14063e-05 -3.39774e-20 -9.45954e-06 -1.24916e-20  1.38343e-07  2.21319e-21  1.88516e-06  2.24737e-21  8.90469e-07  9.55964e-22  1.81626e-07  1.66225e-22   1.1371e-09 -6.46546e-23 -7.89697e-09 -4.30261e-24  -1.6081e-09  3.70455e-24 -9.38022e-11
-7.03238e-19     0.012689   2.6377e-18   -0.0408894 -1.78939e-18    0.0560164 -1.34709e-18   -0.0275539 -4.67355e-19   -0.0157432 -5.22244e-18     0.020302  1.71141e-17   0.00511022 -8.54465e-18   -0.0115302 -5.82523e-18   -0.0029091  3.64489e-18   0.00589334  3.79156e-18    0.0023205 -2.38603e-19  -0.00254141 -3.53206e-18  -0.00172214 -2.88235e-19  0.000736792  5.98951e-19   0.00100862  1.32302e-18  2.05533e-05  8.17201e-20 -0.000411262 -7.60829e-19 -0.000171869 -1.81546e-19  7.90408e-05  1.50513e-19  9.47879e-05   1.2994e-19  1.96959e-05  2.35929e-20 -1.75863e-05 -3.12724e-20 -1.39132e-05 -1.79699e-20 -3.24145e-06 -2.14336e-21  8.95999e-07  7.94305e-22  8.92157e-07   1.0855e-21  2.97357e-07  2.65309e-22  5.04237e-08  -3.4337e-23  3.39356e-09 -1.92453e-24 -1.01663e-10  1.67789e-24
 -0.00244897 -2.08124e-18    0.0166674  3.87287e-18    -0.040091 -1.34709e-18    0.0453483  1.29711e-18   -0.0143912 -7.98234e-18   -0.0196274 -3.21286e-18     0.015013  1.68877e-17   0.00905373 -4.92638e-18  -0.00944126 -8.38454e-18  -0.00536728  1.77946e-18   0.00481172  5.92613e-18   0.00362228  1.13139e-18  -0.00181445 -3.80717e-18  -0.00227832 -1.43313e-18  0.000242026  1.39895e-19   0.00114363  1.84993e-18  0.000296009  3.44635e-19 -0.000371059 -7.50571e-19 -0.000272393 -3.30455e-19  1.83969e-05  6.15125e-20  0.000103139  1.52753e-19  4.47928e-05  5.85644e-20 -6.57351e-06 -1.71959e-20 -1.46145e-05 -1.82931e-20 -6.26637e-06 -6.69819e-21 -7.17291e-07  -1.2409e-21  4.52885e-07  8.04707e-22  2.46878e-07  2.26357e-22  5.69429e-08 -3.19184e-23  6.53117e-09 -3.74176e-24   2.5998e-10
  9.1399e-19  -0.00128988 -3.83324e-18    0.0100668   3.3921e-18   -0.0275539  1.29711e-18     0.032687  6.31538e-18  -0.00778467 -1.69758e-17   -0.0188568 -1.77674e-18    0.0108325  1.70756e-17    0.0106641 -2.15265e-18  -0.00725859 -1.03601e-17  -0.00678626 -8.33914e-19   0.00350633  7.52663e-18   0.00442589  2.55595e-18 -0.000947665 -2.94081e-18  -0.00256399 -2.69427e-18 -0.000296762 -4.49893e-19    0.0011285  2.08933e-18  0.000555302  6.80092e-19 -0.000262173 -5.87986e-19 -0.000339059 -4.53302e-19 -5.80341e-05  -6.1552e-20   8.9519e-05  1.41246e-19  6.40907e-05  8.84049e-20  8.80921e-06  5.11685e-21 -1.07488e-05 -1.20744e-20  -7.4993e-06  -9.1033e-21   -2.162e-06 -2.62029e-21 -1.71801e-07  4.46448e-22  8.16015e-08  1.33333e-22  2.80164e-08 -3.67212e-23  3.19594e-09 -4.03297e-24
 -0.00150339  2.91361e-18   0.00651474 -5.31588e-18  -0.00411405 -4.67355e-19   -0.0143912  6.31538e-18    0.0258467  1.22195e-17  -0.00588877 -2.38959e-17   -0.0177668 -2.64607e-18   0.00817944  1.78834e-17    0.0114551  6.91634e-19  -0.00535982  -1.1692e-17   -0.0076326 -3.81362e-18   0.00218636  7.89417e-18   0.00486535   3.9154e-18 -5.48964e-05 -1.27087e-18  -0.00262335 -3.67256e-18 -0.000816772 -1.12961e-18  0.000988013  2.01501e-18  0.000766862  1.01467e-18 -0.000104885 -3.00304e-19  -0.00036138 -5.21184e-19  -0.00013573 -1.93513e-19  5.58115e-05  9.72378e-20  7.20305e-05   1.0269e-19   2.4263e-05  2.97873e-20 -3.21552e-06 -6.32055e-22 -6.22469e-06 -7.86253e-21 -2.68073e-06 -2.46332e-21 -5.92944e-07    3.709e-22 -6.01499e-08   9.1309e-23  3.97041e-10 -2.51791e-23  3.58104e-10
 -1.5027e-18  -0.00598821  6.63807e-18    0.0170866 -5.97174e-18   -0.0157432 -7.98234e-18  -0.00778467  1.22195e-17    0.0235306  1.68961e-17  -0.00474493 -2.62738e-17   -0.0172612 -5.30116e-18   0.00605914  1.80344e-17    0.0119052  4.00561e-18  -0.00361725 -1.20088e-17  -0.00808497 -6.39443e-18   0.00090452  6.54976e-18   0.00501314  5.13003e-18  0.000802027  6.17912e-19  -0.00249549 -4.16587e-18  -0.00127751 -1.83572e-18  0.000750271  1.65589e-18  0.000911154  1.29434e-18  7.87008e-05  5.09704e-20 -0.000336282 -5.20192e-19 -0.000201108 -3.10459e-19  7.85822e-06  2.82735e-20  6.57408e-05  9.44297e-20  3.52121e-05  4.99913e-20  5.60529e-06  1.25209e-20 -2.87039e-06 -3.44815e-21 -2.03995e-06 -9.42868e-22 -5.96651e-07  5.92567e-22 -9.33656e-08  1.06384e-22 -6.76964e-09  -5.6455e-24
  0.00147726 -5.03163e-18  -0.00998343  1.16258e-17    0.0224837 -5.22244e-18   -0.0196274 -1.69758e-17  -0.00588877  1.68961e-17    0.0219282  1.89855e-17  -0.00335024 -2.45352e-17   -0.0167134 -7.87411e-18   0.00419542  1.68577e-17    0.0120154  7.29924e-18  -0.00203697 -1.12741e-17  -0.00822188  -8.0812e-18 -0.000286729  3.74454e-18   0.00492912  6.13719e-18   0.00158152  2.29606e-18  -0.00221983 -4.19231e-18  -0.00165367 -2.48934e-18  0.000444188  1.09208e-18   0.00097805  1.48961e-18   0.00026682  4.06948e-19 -0.000266789 -4.50183e-19 -0.000242956 -3.94461e-19 -4.57206e-05 -5.74547e-20  4.56274e-05  6.28854e-20  3.80747e-05  6.00889e-20  1.25945e-05  2.29796e-20  1.06221e-06  1.74091e-21 -7.28548e-07  8.29351e-22 -3.07732e-07   7.9362e-22 -5.09052e-08  1.11105e-22 -2.83275e-09
 1.88551e-18   0.00134125 -1.00023e-17  -0.00849979  1.56927e-17     0.020302 -3.21286e-18   -0.0188568 -2.38959e-17  -0.00474493  1.89855e-17    0.0201096  1.84783e-17  -0.00227362 -2.09699e-17   -0.0160138 -9.50802e-18    0.0026684  1.48778e-17    0.0118935  1.00327e-17 -0.000650076 -9.57069e-18  -0.00813569 -9.03798e-18  -0.00136218   3.6382e-19   0.00466921   6.9095e-18   0.00226245  3.63985e-18  -0.00183208 -3.84898e-18  -0.00193123 -3.03841e-18  9.70509e-05  4.22252e-19  0.000964496  1.58596e-18  0.000439307  7.33434e-19 -0.000160889 -3.19254e-19 -0.000253468 -4.34732e-19  -9.4834e-05 -1.49733e-19  1.55128e-05  1.54115e-20   3.1467e-05  5.78467e-20  1.50886e-05   2.7244e-20  3.71704e-06  4.87461e-21  3.86927e-07  1.70796e-21 -2.72037e-08  7.04985e-22 -9.28765e-09  6.97588e-23
 0.000717325  4.23526e-18  -0.00248354 -1.32049e-17  -0.00181741  1.71141e-17     0.015013 -1.77674e-18   -0.0177668 -2.62738e-17  -0.00335024  1.84783e-17    0.0186234  1.65418e-17  -0.00156476 -1.75481e-17    -0.015366 -1.07278e-17     0.001419  1.29415e-17    0.0116536  1.20234e-17   0.00056843 -6.87317e-18  -0.00789345 -9.77036e-18   -0.0023205 -2.66744e-18   0.00427483  7.42927e-18   0.00283513  4.70411e-18  -0.00136214 -3.21963e-18  -0.00210297 -3.47829e-18 -0.000265944 -2.73392e-19  0.000872847  1.58039e-18  0.000578234  1.01583e-18 -3.06492e-05 -1.40412e-19 -0.000229118 -4.26878e-19 -0.000129433 -2.31927e-19 -1.77858e-05 -3.35289e-20  1.70843e-05  4.57456e-20   1.2247e-05  2.44431e-20  4.03121e-06  4.70167e-21  7.53525e-07  1.40956e-21  7.38704e-08  3.86722e-22  2.45227e-09
-6.67063e-19   0.00301018  4.79973e-18  -0.00822256 -1.22501e-17   0.00511022  1.68877e-17    0.0108325 -2.64607e-18   -0.0172612 -2.45352e-17  -0.00227362  1.65418e-17    0.0175495  1.45392e-17 -0.000995711 -1.50161e-17   -0.0147929 -1.22286e-17  0.000352126  1.14377e-17    0.0113374  1.33572e-17   0.00164726 -3.38022e-18  -0.00753452 -1.06509e-17  -0.00316491 -4.90977e-18   0.00377643  7.65397e-18   0.00329474   5.5788e-18 -0.000835595 -2.38147e-18  -0.00216598 -3.82741e-18 -0.000621388 -9.39922e-19  0.000710028  1.48341e-18  0.000668471  1.23893e-18  0.000108574  6.72688e-20 -0.000171448 -3.71791e-19 -0.000141316 -2.81936e-19 -4.56421e-05 -6.75609e-20 -2.22623e-07  3.01202e-20  5.85036e-06  1.69411e-20   2.4856e-06  2.33342e-21  5.08157e-07  5.47935e-22  4.80596e-08  9.96289e-23
-0.000676044 -3.44032e-20   0.00498341   2.1377e-18   -0.0117223 -8.54465e-18   0.00905373  1.70756e-17   0.00817944 -5.30116e-18   -0.0167134 -2.09699e-17  -0.00156476  1.45392e-17    0.0166527  1.33568e-17 -0.000505295 -1.34776e-17   -0.0142604 -1.40747e-17 -0.000570693  1.00877e-17    0.0109681  1.43135e-17   0.00260475  2.64731e-19  -0.00708713 -1.17506e-17  -0.00390017 -6.45476e-18   0.00319763  7.53107e-18   0.00363924  6.33704e-18 -0.000274917 -1.43622e-18  -0.00212053  -4.0846e-18 -0.000947353 -1.52929e-18  0.000487187  1.31094e-18  0.000698403  1.37491e-18   0.00023907  2.77837e-19 -8.76755e-05 -2.75254e-19 -0.000126224  -2.8159e-19 -5.98169e-05 -7.57712e-20 -1.38811e-05  1.80337e-20 -4.79685e-07  8.97446e-21  6.16048e-07  3.10761e-24  1.52736e-07 -1.01583e-22  1.04546e-08
-4.40402e-19 -0.000395567  2.06213e-18   0.00414129 -2.16781e-18   -0.0115302 -4.92638e-18    0.0106641  1.78834e-17   0.00605914 -7.87411e-18   -0.0160138 -1.75481e-17 -0.000995711  1.33568e-17    0.0158781  1.32634e-17 -0.000102129 -1.29392e-17   -0.0137715 -1.59189e-17  -0.00137607  8.26959e-18    0.0105661  1.53054e-17   0.00345881  3.32396e-18  -0.00657129 -1.29096e-17  -0.00453204 -7.58346e-18   0.00255657  7.05317e-18   0.00386775  6.99933e-18  0.000299535 -5.10277e-19  -0.00196934  -4.2144e-18  -0.00122313 -1.99282e-18  0.000219675  1.06576e-18  0.000660919  1.39266e-18  0.000342084  4.62905e-19   9.1428e-06 -1.48777e-19 -8.60191e-05  -2.2834e-19 -5.57322e-05 -5.78029e-20 -1.87967e-05  1.34082e-20 -3.68456e-06  3.92818e-21 -3.72673e-07 -9.14193e-22 -1.08077e-08 -2.37669e-22
-0.000446064  -1.2776e-18   0.00169631  4.07423e-18  0.000734149 -5.82523e-18  -0.00944126 -2.15265e-18    0.0114551  1.80344e-17   0.00419542 -9.50802e-18    -0.015366 -1.50161e-17 -0.000505295  1.32634e-17    0.0152309  1.41166e-17  0.000238782 -1.31952e-17    -0.013329 -1.75184e-17  -0.00209184  5.67656e-18    0.0101427  1.66502e-17   0.00422541  5.42175e-18   -0.0059999 -1.38411e-17  -0.00506542 -8.44057e-18   0.00186752  6.29312e-18   0.00397955  7.50412e-18  0.000868416  2.85706e-19  -0.00171762 -4.17305e-18  -0.00142921 -2.30566e-18 -7.27998e-05  7.27656e-19  0.000554769   1.2779e-18  0.000399836  5.97587e-19  0.000100838 -1.19164e-20 -3.03576e-05 -1.40218e-19 -3.58377e-05 -2.39868e-20 -1.47133e-05  1.48812e-20 -3.39351e-06  2.40434e-21 -4.27812e-07 -6.41578e-22 -2.00662e-08
 1.56661e-19  -0.00151245 -1.49842e-18   0.00448504   4.5813e-18   -0.0029091 -8.38454e-18  -0.00725859  6.91634e-19    0.0119052  1.68577e-17    0.0026684 -1.07278e-17   -0.0147929 -1.34776e-17 -0.000102129  1.41166e-17    0.0146855  1.55857e-17  0.000538214 -1.35644e-17   -0.0129271 -1.88987e-17  -0.00273823  2.73625e-18   0.00970371  1.82953e-17   0.00491721  6.57507e-18  -0.00538128 -1.42442e-17  -0.00550373 -8.99556e-18   0.00114233  5.38107e-18   0.00397369  7.76171e-18   0.00141245  9.19667e-19  -0.00137338 -3.93901e-18  -0.00154757 -2.49521e-18  -0.00036606  2.70061e-19  0.000386283  1.04306e-18  0.000398482   6.6128e-19  0.000166455  1.05845e-19  2.38364e-05 -4.99522e-20 -1.01412e-05  9.35835e-21 -6.48158e-06  1.73773e-20 -1.57679e-06  2.67659e-21 -1.69435e-07 -1.36391e-22
  0.00022768 -1.81527e-19  -0.00214909 -4.25185e-19   0.00604909  3.64489e-18  -0.00536728 -1.03601e-17  -0.00535982  4.00561e-18    0.0120154  1.48778e-17     0.001419 -1.22286e-17   -0.0142604 -1.29392e-17  0.000238782  1.55857e-17    0.0142195   1.7225e-17  0.000804788 -1.31815e-17   -0.0125614 -2.01208e-17  -0.00333056  3.53999e-19   0.00925212  1.97955e-17    0.0055444  6.94551e-18  -0.00472053 -1.39635e-17  -0.00584862 -9.23039e-18  0.000391591  4.43862e-18    0.0038489  7.77385e-18   0.00191163  1.47291e-18 -0.000948228 -3.51076e-18  -0.00156254 -2.62421e-18 -0.000631634 -2.99997e-19  0.000171221  7.21569e-19  0.000332195  6.36787e-19  0.000187476  1.70264e-19  5.78134e-05  1.01318e-20  8.89551e-06  2.80556e-20 -5.53134e-08  1.65342e-20 -2.33489e-07  2.72132e-21 -2.13265e-08
 2.39762e-19 -0.000123574 -9.82053e-19  -0.00136008  1.55529e-18   0.00589334  1.77946e-18  -0.00678626  -1.1692e-17  -0.00361725  7.29924e-18    0.0118935  1.29415e-17  0.000352126 -1.40747e-17   -0.0137715 -1.31952e-17  0.000538214   1.7225e-17    0.0138229  1.84649e-17   0.00104658 -1.17309e-17   -0.0122287 -2.10741e-17  -0.00388167 -7.65783e-19   0.00878865  2.06351e-17   0.00611496  6.75098e-18  -0.00402036 -1.31104e-17  -0.00609978 -9.30612e-18  -0.00037442  3.51796e-18   0.00360377  7.67621e-18   0.00234451  2.09675e-18 -0.000458496 -2.88171e-18  -0.00146228  -2.7248e-18 -0.000837734 -9.07018e-19 -6.37427e-05  3.59817e-19  0.000208569  5.18912e-19   0.00015688  1.59872e-19  6.13266e-05   2.5567e-20  1.46871e-05  2.77405e-20  2.08367e-06  1.19514e-20  1.42925e-07  1.75218e-21
 0.000260362  5.30894e-19  -0.00123016 -1.54229e-18  0.000481482  3.79156e-18   0.00481172 -8.33914e-19   -0.0076326 -1.20088e-17  -0.00203697  1.00327e-17    0.0116536  1.14377e-17 -0.000570693 -1.59189e-17    -0.013329 -1.35644e-17  0.000804788  1.84649e-17    0.0134867  1.88062e-17   0.00127067 -9.82347e-18   -0.0119255 -2.16154e-17    -0.004402 -5.83568e-19   0.00831222  2.06413e-17   0.00663472  6.37271e-18  -0.00328183 -1.20121e-17  -0.00625476 -9.52777e-18  -0.00114472  2.58796e-18   0.00323722  7.62045e-18   0.00268779  2.90467e-18  7.33708e-05 -2.03349e-18  -0.00124129 -2.74507e-18 -0.000951683 -1.41257e-18 -0.000280486   1.7773e-20  5.42579e-05  3.32333e-19  8.81801e-05  8.64198e-20  4.05203e-05  7.18815e-21  1.03227e-05  1.51314e-20   1.4397e-06  6.30482e-21  7.50046e-08
-1.08263e-19  0.000658694  3.09749e-19  -0.00239801 -1.26811e-18    0.0023205  5.92613e-18   0.00350633 -3.81362e-18  -0.00808497 -1.12741e-17 -0.000650076  1.20234e-17    0.0113374  1.00877e-17  -0.00137607 -1.75184e-17   -0.0129271 -1.31815e-17   0.00104658  1.88062e-17    0.0132029  1.82192e-17   0.00148226 -8.52791e-18   -0.0116482 -2.18504e-17   -0.0049002  3.38224e-19   0.00782048  2.01226e-17   0.00710754  6.33286e-18  -0.00250496 -1.10027e-17  -0.00630891  -1.0141e-17  -0.00190665  1.56741e-18   0.00274932  7.60164e-18    0.0029162  3.88027e-18  0.000617103 -9.69704e-19 -0.000904115 -2.57052e-18 -0.000944226 -1.66883e-18 -0.000431824 -2.30418e-19 -8.55335e-05  1.37691e-19  1.38465e-05 -5.04871e-21  1.37539e-05 -1.96619e-20  3.74521e-06  1.52964e-21  4.31795e-07  2.11752e-21
-2.62515e-05 -1.29002e-20  0.000685314 -7.58599e-19  -0.00285613 -2.38603e-19   0.00362228  7.52663e-18   0.00218636 -6.39443e-18  -0.00822188 -9.57069e-18   0.00056843  1.33572e-17    0.0109681  8.26959e-18  -0.00209184 -1.88987e-17   -0.0125614 -1.17309e-17   0.00127067  1.82192e-17    0.0129659  1.73169e-17   0.00168571  -8.5067e-18   -0.0113937 -2.21359e-17  -0.00538359  1.23543e-18   0.00730995  1.96081e-17   0.00753533  7.02373e-18  -0.00168918  -1.0222e-17  -0.00625526 -1.11507e-17  -0.00264485  3.67985e-19   0.00214258  7.41194e-18   0.00300285  4.86787e-18   0.00113286  2.34065e-19 -0.000469923  -2.1117e-18 -0.000797035 -1.58835e-18 -0.000473036 -3.16264e-19 -0.000163464  4.96336e-21 -3.30996e-05 -6.53003e-20 -2.98479e-06 -3.49469e-20   1.1597e-07 -5.41286e-21  2.79444e-08
 9.36373e-20  0.000240171  2.86566e-19   6.7629e-05 -2.29954e-18  -0.00254141  1.13139e-18   0.00442589  7.89417e-18   0.00090452  -8.0812e-18  -0.00813569 -6.87317e-18   0.00164726  1.43135e-17    0.0105661  5.67656e-18  -0.00273823 -2.01208e-17   -0.0122287 -9.82347e-18   0.00148226  1.73169e-17    0.0127713  1.69929e-17   0.00188483  -9.5986e-18    -0.011159 -2.27669e-17  -0.00585844  1.52559e-18   0.00677615  1.94382e-17   0.00791799  8.45805e-18 -0.000833838 -9.56798e-18  -0.00608451 -1.23104e-17  -0.00333998 -1.07915e-18   0.00142368  6.77267e-18   0.00292044  5.63822e-18   0.00157051  1.41354e-18  2.20665e-05 -1.38726e-18 -0.000517522 -1.19082e-18 -0.000387486 -2.21049e-19 -0.000159545 -3.18828e-20 -4.14756e-05 -7.43562e-20 -6.60046e-06 -3.42415e-20  -5.3088e-07 -4.99185e-21
-0.000119285  2.89941e-19  0.000732947  5.28462e-19 -0.000881442 -3.53206e-18  -0.00181445  2.55595e-18   0.00486535  6.54976e-18 -0.000286729 -9.03798e-18  -0.00789345 -3.38022e-18   0.00260475  1.53054e-17    0.0101427  2.73625e-18  -0.00333056 -2.10741e-17   -0.0119255 -8.52791e-18   0.00168571  1.69929e-17    0.0126157  1.77665e-17   0.00208298  -1.1097e-17   -0.0109413 -2.37156e-17  -0.00633024  9.76703e-19   0.00621359  1.95622e-17   0.00825328  1.03101e-17   6.1266e-05 -8.80539e-18  -0.00578502 -1.32705e-17  -0.00396756 -2.80288e-18  0.000605975  5.52714e-18   0.00264451   5.9769e-18   0.00187052   2.3553e-18  0.000504249 -5.45917e-19 -0.000159817 -6.09255e-19 -0.000212306 -8.38851e-21 -9.82097e-05  5.26483e-21 -2.58009e-05 -4.78498e-20 -3.74206e-06 -2.37965e-20 -2.03308e-07
-2.22007e-19 -0.000204916  6.04432e-19   0.00109187  3.93934e-19  -0.00172214 -3.80717e-18 -0.000947665   3.9154e-18   0.00501314  3.74454e-18  -0.00136218 -9.77036e-18  -0.00753452  2.64731e-19   0.00345881  1.66502e-17   0.00970371  3.53999e-19  -0.00388167 -2.16154e-17   -0.0116482  -8.5067e-18   0.00188483  1.77665e-17    0.0124966   1.9415e-17   0.00228328  -1.2273e-17   -0.0107375 -2.46907e-17  -0.00680381 -3.20741e-19   0.00561575  1.96761e-17   0.00853651  1.21834e-17  0.000995207 -7.71501e-18  -0.00534306 -1.37579e-17  -0.00449652 -4.75847e-18 -0.000286367  3.74382e-18   0.00215894  5.75184e-18   0.00196524  2.86136e-18  0.000874845  1.77919e-19  0.000170472    -4.72e-20 -3.10156e-05  2.02413e-19 -2.98019e-05  6.42009e-20 -8.22001e-06 -1.55984e-20 -9.64128e-07 -1.10613e-20
-3.03682e-05 -4.74523e-19 -6.79442e-05  8.59886e-19   0.00107442 -2.88235e-19  -0.00227832 -2.94081e-18 -5.48964e-05  5.13003e-18   0.00492912   3.6382e-19   -0.0023205 -1.06509e-17  -0.00708713  3.32396e-18   0.00422541  1.82953e-17   0.00925212 -7.65783e-19    -0.004402 -2.18504e-17   -0.0113937  -9.5986e-18   0.00208298   1.9415e-17    0.0124121  2.11942e-17   0.00248874 -1.26918e-17   -0.0105448 -2.53985e-17  -0.00728348 -2.06986e-18     0.004975  1.95271e-17    0.0087602  1.38421e-17   0.00196496 -6.17193e-18  -0.00474347  -1.3666e-17  -0.00488727 -6.78333e-18   -0.0012131  1.67949e-18   0.00146192  4.94032e-18   0.00178708  2.79924e-18   0.00101947  5.61962e-19  0.000358643  3.12523e-19  7.80223e-05  3.13818e-19  8.97825e-06  1.02466e-19  2.07767e-07  3.09663e-21 -3.16764e-08
 1.55584e-19 -0.000167662 -4.95441e-19  0.000299183  8.65738e-19  0.000736792 -1.43313e-18  -0.00256399 -1.27087e-18  0.000802027  6.13719e-18   0.00466921 -2.66744e-18  -0.00316491 -1.17506e-17  -0.00657129  5.42175e-18   0.00491721  1.97955e-17   0.00878865 -5.83568e-19   -0.0049002 -2.21359e-17    -0.011159  -1.1097e-17   0.00228328  2.11942e-17    0.0123611  2.24051e-17   0.00270237 -1.22786e-17   -0.0103599 -2.57367e-17   -0.0077731 -3.90436e-18   0.00428248  1.90959e-17   0.00891341   1.5254e-17   0.00296403 -4.13048e-18  -0.00397006 -1.30095e-17  -0.00509003 -8.57557e-18  -0.00211458 -3.38825e-19  0.000577765   3.6298e-18    0.0013056  2.15319e-18  0.000879115  5.20067e-19  0.000357242  4.00961e-19  9.46871e-05  3.07061e-19    1.567e-05  1.05356e-19  1.33069e-06  6.86031e-21
 3.55727e-05  2.15094e-19 -0.000323337 -9.54812e-20  0.000711442  5.98951e-19  0.000242026 -2.69427e-18  -0.00262335  6.17912e-19   0.00158152   6.9095e-18   0.00427483 -4.90977e-18  -0.00390017 -1.29096e-17   -0.0059999  6.57507e-18    0.0055444  2.06351e-17   0.00831222  3.38224e-19  -0.00538359 -2.27669e-17   -0.0109413  -1.2273e-17   0.00248874  2.24051e-17     0.012343  2.28141e-17   0.00292734 -1.12719e-17   -0.0101795  -2.5811e-17  -0.00827601 -5.53365e-18   0.00352788  1.85093e-17   0.00898081  1.65006e-17   0.00398124 -1.57857e-18  -0.00300735  -1.1806e-17  -0.00504754  -9.7397e-18  -0.00290596 -2.00603e-18 -0.000408097  2.03508e-18  0.000596095  1.09286e-18  0.000522133  1.68408e-19   0.00022454  2.82188e-19  5.79415e-05  2.30275e-19  8.41825e-06   7.9882e-20  4.62205e-07
-7.92605e-20  1.91972e-05  1.30473e-19 -0.000355099  6.04186e-19   0.00100862  1.39895e-19 -0.000296762 -3.67256e-18  -0.00249549  2.29606e-18   0.00226245  7.42927e-18   0.00377643 -6.45476e-18  -0.00453204 -1.38411e-17  -0.00538128  6.94551e-18   0.00611496  2.06413e-17   0.00782048  1.23543e-18  -0.00585844 -2.37156e-17   -0.0107375 -1.26918e-17   0.00270237  2.28141e-17     0.012358  2.26582e-17   0.00316705 -1.00958e-17  -0.00999967 -2.58378e-17  -0.00879513 -6.86895e-18   0.00269911  1.78023e-17   0.00894232  1.76679e-17   0.00499839  1.45412e-18  -0.00184735  -1.0002e-17  -0.00469757 -9.89472e-18   -0.0034555 -3.03891e-18   -0.0013034  5.18143e-19  -0.00012722 -2.53391e-20  0.000130468 -2.52749e-19  7.50219e-05  8.70544e-20   1.8794e-05   1.4395e-19  2.12858e-06  4.15932e-20
 2.52327e-05 -1.65643e-19 -8.92755e-05 -3.77786e-21 -0.000220936  1.32302e-18   0.00114363 -4.49893e-19 -0.000816772 -4.16587e-18  -0.00221983  3.63985e-18   0.00283513  7.65397e-18   0.00319763 -7.58346e-18  -0.00506542 -1.42442e-17  -0.00472053  6.75098e-18   0.00663472  2.01226e-17   0.00730995  1.52559e-18  -0.00633024 -2.46907e-17   -0.0105448 -1.22786e-17   0.00292734  2.26582e-17    0.0124067  2.23519e-17   0.00342537 -9.15062e-18  -0.00981588 -2.60176e-17  -0.00933289 -8.07243e-18   0.00178281  1.67724e-17   0.00877187  1.87624e-17   0.00598315  4.81776e-18 -0.000496221 -7.51246e-18  -0.00396373 -8.77937e-18  -0.00356905  -3.1579e-18  -0.00183244 -5.03098e-19 -0.000600669 -8.20422e-19 -0.000120118 -5.47312e-19 -1.12576e-05 -6.90435e-20  2.77052e-07  7.73574e-20  8.95752e-08
 4.67011e-20  6.99156e-05 -2.94331e-19 -0.000245609 -4.19033e-20  2.05533e-05  1.84993e-18    0.0011285 -1.12961e-18  -0.00127751 -4.19231e-18  -0.00183208  4.70411e-18   0.00329474  7.53107e-18   0.00255657 -8.44057e-18  -0.00550373 -1.39635e-17  -0.00402036  6.37271e-18   0.00710754  1.96081e-17   0.00677615  9.76703e-19  -0.00680381 -2.53985e-17   -0.0103599 -1.12719e-17   0.00316705  2.23519e-17    0.0124904  2.22002e-17   0.00370669 -8.61407e-18  -0.00962288 -2.64346e-17  -0.00989028 -9.50084e-18    0.0007644   1.5058e-17   0.00843216  1.96405e-17   0.00688365  8.18529e-18   0.00103082 -4.32788e-18  -0.00276077 -6.34324e-18  -0.00306143 -2.21802e-18  -0.00179237 -7.94207e-19 -0.000689099 -1.11509e-18  -0.00017844 -6.56557e-19 -2.93627e-05 -1.32675e-19 -2.50909e-06  2.94229e-20
-2.29147e-06  8.81974e-20  8.69998e-05 -4.67732e-19  -0.00036818  8.17201e-20  0.000296009  2.08933e-18  0.000988013 -1.83572e-18  -0.00165367 -3.84898e-18  -0.00136214   5.5788e-18   0.00363924  7.05317e-18   0.00186752 -8.99556e-18  -0.00584862 -1.31104e-17  -0.00328183  6.33286e-18   0.00753533  1.94382e-17   0.00621359 -3.20741e-19  -0.00728348 -2.57367e-17   -0.0101795 -1.00958e-17   0.00342537  2.22002e-17    0.0126113  2.23239e-17   0.00401602 -8.37365e-18  -0.00941359 -2.70269e-17   -0.0104664 -1.15717e-17 -0.000375581  1.23579e-17   0.00787291   1.9993e-17   0.00763692  1.11027e-17   0.00269842 -6.54733e-19   -0.0010884 -2.89303e-18  -0.00194202 -4.66106e-19  -0.00124182 -4.78512e-19 -0.000482446 -1.00413e-18 -0.000119024  -6.2022e-19 -1.69434e-05 -1.19417e-19 -9.23512e-07
 7.60116e-21  2.15445e-05  9.92343e-20  4.08741e-05 -6.45371e-19 -0.000411262  3.44635e-19  0.000555302  2.01501e-18  0.000750271 -2.48934e-18  -0.00193123 -3.21963e-18 -0.000835595  6.33704e-18   0.00386775  6.29312e-18   0.00114233 -9.23039e-18  -0.00609978 -1.20121e-17  -0.00250496  7.02373e-18   0.00791799  1.95622e-17   0.00561575 -2.06986e-18   -0.0077731  -2.5811e-17  -0.00999967 -9.15062e-18   0.00370669  2.23239e-17    0.0127723  2.27612e-17      0.00436 -8.11104e-18  -0.00917844 -2.76593e-17   -0.0110611 -1.45778e-17  -0.00166043  8.64086e-18    0.0070446  1.94363e-17   0.00816203  1.30653e-17   0.00435933  2.92926e-18  0.000797827  7.85488e-19  -0.00055213  1.41727e-18 -0.000508331  8.41863e-20  -0.00020222 -7.19546e-19 -4.46958e-05 -5.01348e-19 -4.77197e-06 -7.35743e-20
-9.42308e-06  4.81543e-20   6.6755e-05  5.63395e-20 -5.71527e-05 -7.60829e-19 -0.000371059  6.80092e-19  0.000766862  1.65589e-18  0.000444188 -3.03841e-18  -0.00210297 -2.38147e-18 -0.000274917  6.99933e-18   0.00397955  5.38107e-18  0.000391591 -9.30612e-18  -0.00625476 -1.10027e-17  -0.00168918  8.45805e-18   0.00825328  1.96761e-17     0.004975 -3.90436e-18  -0.00827601 -2.58378e-17  -0.00981588 -8.61407e-18   0.00401602  2.27612e-17    0.0129776  2.35603e-17   0.00474737 -7.47182e-18  -0.00890843 -2.82322e-17   -0.0116734 -1.84575e-17  -0.00309998  4.22001e-18   0.00589765  1.76211e-17   0.00828186  1.34904e-17   0.00562594  5.48119e-18    0.0023451  3.63212e-18  0.000568155  2.72105e-18  4.10346e-05  5.80303e-19 -1.86256e-05 -4.64132e-19 -5.57209e-06 -3.46311e-19 -4.18776e-07
-1.52266e-20 -1.41879e-05  1.12563e-19  0.000104642 -4.25894e-20 -0.000171869 -7.50571e-19 -0.000262173  1.01467e-18  0.000911154  1.09208e-18  9.70509e-05 -3.47829e-18  -0.00216598 -1.43622e-18  0.000299535  7.50412e-18   0.00397369  4.43862e-18  -0.00037442 -9.52777e-18  -0.00630891  -1.0222e-17 -0.000833838  1.03101e-17   0.00853651  1.95271e-17   0.00428248 -5.53365e-18  -0.00879513 -2.60176e-17  -0.00962288 -8.37365e-18      0.00436  2.35603e-17    0.0132338   2.4751e-17    0.0051858 -6.22687e-18  -0.00859284 -2.86905e-17   -0.0122827  -2.2654e-17  -0.00468875  -4.3317e-19    0.0043162  1.42128e-17   0.00764068  1.17426e-17   0.00593359  6.12669e-18   0.00298454  4.91617e-18   0.00104148  3.19771e-18  0.000250289  8.56015e-19  3.86789e-05 -3.17442e-19  3.13491e-06 -1.79694e-19
-3.44364e-06  -2.4152e-20 -8.51588e-07  1.69419e-19  0.000110516 -1.81546e-19 -0.000272393 -5.87986e-19 -0.000104885  1.29434e-18   0.00097805  4.22252e-19 -0.000265944 -3.82741e-18  -0.00212053 -5.10277e-19  0.000868416  7.76171e-18    0.0038489  3.51796e-18  -0.00114472  -1.0141e-17  -0.00625526 -9.56798e-18   6.1266e-05  1.21834e-17    0.0087602  1.90959e-17   0.00352788 -6.86895e-18  -0.00933289 -2.64346e-17  -0.00941359 -8.11104e-18   0.00474737   2.4751e-17    0.0135461  2.62894e-17   0.00568386 -4.33051e-18  -0.00820108 -2.89208e-17   -0.0128474 -2.63385e-17  -0.00646656 -5.09259e-18   0.00206939  8.89367e-18   0.00584968   7.5494e-18   0.00493128  4.76293e-18   0.00256742   4.7246e-18   0.00090317  3.08241e-18  0.000210614  8.58242e-19  2.90076e-05 -2.20474e-19  1.55303e-06
 -3.0088e-21 -1.29596e-05 -1.09997e-20  3.08555e-05  1.87399e-19  7.90408e-05 -3.30455e-19 -0.000339059 -3.00304e-19  7.87008e-05  1.48961e-18  0.000964496 -2.73392e-19 -0.000621388  -4.0846e-18  -0.00196934  2.85706e-19   0.00141245  7.77385e-18   0.00360377  2.58796e-18  -0.00190665 -1.11507e-17  -0.00608451 -8.80539e-18  0.000995207  1.38421e-17   0.00891341  1.85093e-17   0.00269911 -8.07243e-18  -0.00989028 -2.70269e-17  -0.00917844 -7.47182e-18    0.0051858  2.62894e-17    0.0139202  2.81478e-17   0.00626887 -1.87426e-18  -0.00768285 -2.87504e-17   -0.0133653 -2.89742e-17  -0.00854907 -9.93182e-18 -0.000995234  1.75454e-18    0.0029259  1.66305e-18   0.00290363  2.30474e-18   0.00151248  3.77321e-18  0.000495596  2.69298e-18  9.95102e-05  6.47812e-19  1.00752e-05 -1.00871e-19
 1.17928e-06 -1.33314e-20 -2.12052e-05  2.84579e-20  6.76258e-05  1.50513e-19  1.83969e-05 -4.53302e-19  -0.00036138  5.09704e-20   0.00026682  1.58596e-18  0.000872847 -9.39922e-19 -0.000947353  -4.2144e-18  -0.00171762  9.19667e-19   0.00191163  7.67621e-18   0.00323722  1.56741e-18  -0.00264485 -1.23104e-17  -0.00578502 -7.71501e-18   0.00196496   1.5254e-17   0.00898081  1.78023e-17   0.00178281 -9.50084e-18   -0.0104664 -2.76593e-17  -0.00890843 -6.22687e-18   0.00568386  2.81478e-17    0.0143802  3.04574e-17    0.0069853  9.04853e-19  -0.00702989  -2.8126e-17   -0.0138962 -3.05592e-17   -0.0109147  -1.4955e-17  -0.00451895 -6.07116e-18 -0.000381656 -4.07914e-18  0.000721059  1.77117e-20  0.000477997  2.76819e-18   0.00015171  2.19026e-18  2.52403e-05  4.16083e-19  1.52731e-06
  1.5772e-21  -1.7832e-06 -2.31775e-20 -1.90449e-05  8.22034e-20  9.47879e-05  6.15125e-20 -5.80341e-05 -5.21184e-19 -0.000336282  4.06948e-19  0.000439307  1.58039e-18  0.000710028 -1.52929e-18  -0.00122313 -4.17305e-18  -0.00137338  1.47291e-18   0.00234451  7.62045e-18   0.00274932  3.67985e-19  -0.00333998 -1.32705e-17  -0.00534306 -6.17193e-18   0.00296403  1.65006e-17   0.00894232  1.67724e-17    0.0007644 -1.15717e-17   -0.0110611 -2.82322e-17  -0.00859284 -4.33051e-18   0.00626887  3.04574e-17    0.0149661   3.3323e-17   0.00783194  3.51825e-18  -0.00629543 -2.70824e-17   -0.0143442 -3.09946e-17   -0.0130078 -1.91725e-17  -0.00744596 -1.24493e-17  -0.00288737 -7.84153e-18 -0.000742912 -1.41446e-18  -0.00011351  2.06722e-18 -6.77677e-06  1.67236e-18  3.61069e-07   2.5656e-19
 1.47167e-06 -2.37906e-21 -9.43916e-06 -2.22593e-20 -3.98586e-06   1.2994e-19  0.000103139  -6.1552e-20  -0.00013573 -5.20192e-19 -0.000266789  7.33434e-19  0.000578234  1.48341e-18  0.000487187 -1.99282e-18  -0.00142921 -3.93901e-18 -0.000948228  2.09675e-18   0.00268779  7.60164e-18   0.00214258 -1.07915e-18  -0.00396756 -1.37579e-17  -0.00474347 -4.13048e-18   0.00398124  1.76679e-17   0.00877187   1.5058e-17 -0.000375581 -1.45778e-17   -0.0116734 -2.86905e-17  -0.00820108 -1.87426e-18    0.0069853   3.3323e-17    0.0156713  3.62726e-17   0.00874381  5.36796e-18  -0.00537693 -2.52062e-17   -0.0141028 -2.92898e-17   -0.0136949 -2.07993e-17  -0.00855369 -1.55402e-17  -0.00377215 -9.15969e-18  -0.00118567 -1.99381e-18 -0.000254682  1.77046e-18 -3.30448e-05  1.22344e-18  -1.7001e-06
 5.38086e-22  2.60091e-06 -1.32355e-20 -1.77314e-05 -5.89569e-21  1.96959e-05  1.52753e-19   8.9519e-05 -1.93513e-19 -0.000201108 -4.50183e-19 -0.000160889  1.01583e-18  0.000668471  1.31094e-18  0.000219675 -2.30566e-18  -0.00154757 -3.51076e-18 -0.000458496  2.90467e-18    0.0029162  7.41194e-18   0.00142368 -2.80288e-18  -0.00449652  -1.3666e-17  -0.00397006 -1.57857e-18   0.00499839  1.87624e-17   0.00843216  1.23579e-17  -0.00166043 -1.84575e-17   -0.0122827 -2.89208e-17  -0.00768285  9.04853e-19   0.00783194  3.62726e-17     0.016424  3.80787e-17   0.00980871  6.36837e-18  -0.00369402 -2.12454e-17   -0.0121253 -2.40598e-17   -0.0119762 -1.88476e-17   -0.0073913 -1.53552e-17  -0.00314491 -8.96958e-18 -0.000920477 -1.76262e-18 -0.000172551  1.75571e-18 -1.67575e-05  7.52171e-19
  4.1046e-07  1.35197e-21   1.1367e-06  -2.6235e-20 -2.14063e-05  2.35929e-20  4.47928e-05  1.41246e-19  5.58115e-05 -3.10459e-19 -0.000242956 -3.19254e-19 -3.06492e-05  1.23893e-18  0.000698403  1.06576e-18 -7.27998e-05 -2.49521e-18  -0.00156254 -2.88171e-18  7.33708e-05  3.88027e-18   0.00300285  6.77267e-18  0.000605975 -4.75847e-18  -0.00488727 -1.30095e-17  -0.00300735  1.45412e-18   0.00598315  1.96405e-17   0.00787291  8.64086e-18  -0.00309998  -2.2654e-17   -0.0128474 -2.87504e-17  -0.00702989  3.51825e-18   0.00874381  3.80787e-17    0.0173044  3.75932e-17    0.0115697  7.44824e-18 -0.000336434 -1.38829e-17  -0.00775245 -1.53739e-17  -0.00796255 -1.45462e-17  -0.00470652 -1.37429e-17  -0.00183209 -8.12373e-18 -0.000464848 -6.87964e-19 -6.86427e-05  1.65968e-18 -3.88454e-06
 1.00879e-21  1.66047e-06 -1.51819e-22  -3.5026e-06 -3.39774e-20 -1.75863e-05  5.85644e-20  6.40907e-05  9.72378e-20  7.85822e-06 -3.94461e-19 -0.000253468 -1.40412e-19  0.000108574  1.37491e-18  0.000660919  7.27656e-19  -0.00036606 -2.62421e-18  -0.00146228 -2.03349e-18  0.000617103  4.86787e-18   0.00292044  5.52714e-18 -0.000286367 -6.78333e-18  -0.00509003  -1.1806e-17  -0.00184735  4.81776e-18   0.00688365   1.9993e-17    0.0070446  4.22001e-18  -0.00468875 -2.63385e-17   -0.0133653  -2.8126e-17  -0.00629543  5.36796e-18   0.00980871  3.75932e-17    0.0188403  3.49271e-17    0.0148344  1.00505e-17     0.005048 -3.43565e-18  -0.00165455 -5.90215e-18  -0.00308058 -1.07242e-17  -0.00189513 -1.24434e-17 -0.000680543 -6.40937e-18 -0.000145289  7.23048e-19 -1.53642e-05  1.10791e-18
-1.22547e-07  2.74873e-21  2.76558e-06 -5.32045e-21 -9.45954e-06 -3.12724e-20 -6.57351e-06  8.84049e-20  7.20305e-05  2.82735e-20 -4.57206e-05 -4.34732e-19 -0.000229118  6.72688e-20   0.00023907  1.39266e-18  0.000554769  2.70061e-19 -0.000631634  -2.7248e-18  -0.00124129 -9.69704e-19   0.00113286  5.63822e-18   0.00264451  3.74382e-18   -0.0012131 -8.57557e-18  -0.00504754  -1.0002e-17 -0.000496221  8.18529e-18   0.00763692  1.94363e-17   0.00589765  -4.3317e-19  -0.00646656 -2.89742e-17   -0.0138962 -2.70824e-17  -0.00537693  6.36837e-18    0.0115697  3.49271e-17    0.0218032  3.15975e-17    0.0197613  1.47927e-17    0.0113748  7.26933e-18   0.00421083  4.54444e-19  0.000837078 -9.43493e-18 -2.27932e-05 -1.12942e-17 -6.07465e-05 -3.57598e-18 -1.42223e-05  1.49583e-18 -9.91745e-07
-7.63988e-23  2.45937e-07  4.42193e-21  2.39868e-06 -1.24916e-20 -1.39132e-05 -1.71959e-20  8.80921e-06   1.0269e-19  6.57408e-05 -5.74547e-20  -9.4834e-05 -4.26878e-19 -0.000171448  2.77837e-19  0.000342084   1.2779e-18  0.000386283 -2.99997e-19 -0.000837734 -2.74507e-18 -0.000904115  2.34065e-19   0.00157051   5.9769e-18   0.00215894  1.67949e-18  -0.00211458  -9.7397e-18  -0.00469757 -7.51246e-18   0.00103082  1.11027e-17   0.00816203  1.76211e-17    0.0043162 -5.09259e-18  -0.00854907 -3.05592e-17   -0.0143442 -2.52062e-17  -0.00369402  7.44824e-18    0.0148344  3.15975e-17    0.0262877  2.93934e-17     0.025036  2.05077e-17    0.0163804  1.42189e-17   0.00782233  1.49471e-18   0.00274824 -1.01426e-17  0.000691038 -8.90301e-18  0.000114969 -6.31747e-19  1.02337e-05  1.14147e-18
-1.35592e-07    4.657e-22  1.10176e-06  4.54976e-21  1.38343e-07 -1.79699e-20 -1.46145e-05  5.11685e-21   2.4263e-05  9.44297e-20  4.56274e-05 -1.49733e-19 -0.000129433 -3.71791e-19 -8.76755e-05  4.62905e-19  0.000399836  1.04306e-18  0.000171221 -9.07018e-19 -0.000951683 -2.57052e-18 -0.000469923  1.41354e-18   0.00187052  5.75184e-18   0.00146192 -3.38825e-19  -0.00290596 -9.89472e-18  -0.00396373 -4.32788e-18   0.00269842  1.30653e-17   0.00828186  1.42128e-17   0.00206939 -9.93182e-18   -0.0109147 -3.09946e-17   -0.0141028 -2.12454e-17 -0.000336434  1.00505e-17    0.0197613  2.93934e-17    0.0309091  2.90328e-17    0.0282706  2.46071e-17    0.0180739  1.49508e-17   0.00841823 -1.62286e-18   0.00283272 -1.03679e-17  0.000653858 -5.04617e-18  9.08684e-05  9.56976e-19  4.96366e-06
-1.75753e-22 -1.84042e-07  1.53679e-21  1.87395e-06  2.21319e-21 -3.24145e-06 -1.82931e-20 -1.07488e-05  2.97873e-20  3.52121e-05  6.28854e-20  1.55128e-05 -2.31927e-19 -0.000141316 -2.75254e-19   9.1428e-06  5.97587e-19  0.000398482  7.21569e-19 -6.37427e-05 -1.41257e-18 -0.000944226  -2.1117e-18  2.20665e-05   2.3553e-18   0.00196524  4.94032e-18  0.000577765 -2.00603e-18   -0.0034555 -8.77937e-18  -0.00276077 -6.54733e-19   0.00435933  1.34904e-17   0.00764068  8.89367e-18 -0.000995234  -1.4955e-17   -0.0130078 -2.92898e-17   -0.0121253 -1.38829e-17     0.005048  1.47927e-17     0.025036  2.90328e-17    0.0332512   2.9553e-17     0.027588  2.46352e-17    0.0161069  1.03069e-17   0.00676061 -5.46732e-18   0.00198794  -8.2797e-18  0.000377485 -1.40267e-18  3.72573e-05  8.92717e-19
-4.37772e-08 -2.80765e-22  4.60521e-08  2.41541e-21  1.88516e-06 -2.14336e-21 -6.26637e-06 -1.20744e-20 -3.21552e-06  4.99913e-20  3.80747e-05  1.54115e-20 -1.77858e-05 -2.81936e-19 -0.000126224 -1.48777e-19  0.000100838   6.6128e-19  0.000332195  3.59817e-19 -0.000280486 -1.66883e-18 -0.000797035 -1.38726e-18  0.000504249  2.86136e-18   0.00178708   3.6298e-18 -0.000408097 -3.03891e-18  -0.00356905 -6.34324e-18   -0.0010884  2.92926e-18   0.00562594  1.17426e-17   0.00584968  1.75454e-18  -0.00451895 -1.91725e-17   -0.0136949 -2.40598e-17  -0.00775245 -3.43565e-18    0.0113748  2.05077e-17    0.0282706   2.9553e-17     0.031494  2.87522e-17    0.0229943  1.99934e-17    0.0118438  3.67083e-18   0.00431099 -7.00557e-18   0.00105733  -4.5455e-18  0.000153724  4.29548e-19  8.66285e-06
-5.60295e-23 -1.22184e-07 -7.17075e-23  5.05931e-07  2.24737e-21  8.95999e-07 -6.69819e-21  -7.4993e-06 -6.32055e-22  5.60529e-06  6.00889e-20   3.1467e-05 -3.35289e-20 -4.56421e-05  -2.8159e-19 -8.60191e-05 -1.19164e-20  0.000166455  6.36787e-19  0.000208569   1.7773e-20 -0.000431824 -1.58835e-18 -0.000517522 -5.45917e-19  0.000874845  2.79924e-18    0.0013056  2.03508e-18   -0.0013034  -3.1579e-18  -0.00306143 -2.89303e-18  0.000797827  5.48119e-18   0.00593359   7.5494e-18    0.0029259 -6.07116e-18  -0.00744596 -2.07993e-17   -0.0119762 -1.53739e-17  -0.00165455  7.26933e-18    0.0163804  2.46071e-17     0.027588  2.87522e-17    0.0257816  2.47182e-17    0.0162972  1.25058e-17   0.00724794 -1.44094e-18   0.00222504 -5.60845e-18  0.000436119   -1.332e-18  4.40206e-05  5.45128e-19
