  2.8666e-06  1.24992e-21 -3.28068e-05 -1.67243e-20  0.000133432  6.09128e-20 -0.000287327 -1.05687e-19  0.000353722  9.89736e-20 -0.000227459 -5.54437e-20  2.79047e-05  3.04082e-20  5.81377e-05 -2.70598e-20 -3.22888e-05  1.83338e-20  2.45315e-06 -5.40089e-21  1.01371e-06
 1.24992e-21    4.791e-05  9.69155e-21 -0.000297425 -8.41304e-20  0.000866888  2.08785e-19  -0.00142217 -2.20617e-19   0.00131705  7.96088e-20 -0.000533932  8.83582e-21 -0.000137625  4.12898e-20  0.000229369  -8.3662e-20 -6.79173e-05   4.8799e-20 -2.16128e-06 -8.23171e-21
-3.28068e-05  9.69155e-21  0.000377577  4.04951e-20  -0.00154954 -2.26049e-19   0.00338457  2.95393e-19  -0.00426569  6.04201e-20   0.00287025 -4.33926e-19 -0.000457364  2.92763e-19  -0.00071882  8.10021e-20   0.00047817 -1.86728e-19 -7.54656e-05  7.43881e-20 -6.91411e-06
-1.67243e-20 -0.000297425  4.04951e-20   0.00186323  9.87494e-20  -0.00550963 -2.48303e-19    0.0092518 -3.89185e-19  -0.00892509  1.59969e-18   0.00400341  -1.8203e-18  0.000682645  7.49075e-19  -0.00168023  1.96195e-19  0.000662517 -2.84308e-19 -5.22797e-05  6.30271e-20
 0.000133432 -8.41304e-20  -0.00154954  9.87494e-20   0.00645203  9.94624e-20   -0.0144226   5.6311e-19    0.0188889  -3.0924e-18    -0.013695  5.13675e-18   0.00313344  -4.0072e-18    0.0030163  1.19571e-18   -0.0026271  3.35075e-19   0.00068739 -2.86728e-19 -2.87305e-05
 6.09128e-20  0.000866888 -2.26049e-19  -0.00550963  9.94624e-20    0.0166725 -2.88303e-19    -0.029056  3.47415e-18    0.0298972 -8.84246e-18   -0.0156113  1.04816e-17 -0.000430984 -6.40428e-18   0.00575957  1.49595e-18  -0.00313853  3.55446e-19  0.000576669 -1.68254e-19
-0.000287327  2.08785e-19   0.00338457 -2.48303e-19   -0.0144226 -2.88303e-19    0.0334466 -1.54873e-18   -0.0465142  9.25495e-18    0.0377171 -1.71206e-17   -0.0128681  1.62897e-17  -0.00555917 -8.32679e-18   0.00778553  1.67084e-18  -0.00305598  2.00238e-19  0.000364637
-1.05687e-19  -0.00142217  2.95393e-19    0.0092518   5.6311e-19    -0.029056 -1.54873e-18    0.0537007 -4.08216e-18   -0.0609365  1.73326e-17    0.0390396 -2.58989e-17   -0.0066246  2.09991e-17   -0.0100749 -9.38619e-18     0.008353   1.7816e-18  -0.00239096  2.54426e-21
 0.000353722 -2.20617e-19  -0.00426569 -3.89185e-19    0.0188889  3.47415e-18   -0.0465142 -4.08216e-18     0.071071 -7.41229e-18   -0.0676712  2.56851e-17    0.0346321  -3.3034e-17 -0.000157081  2.38002e-17   -0.0121533 -9.52876e-18   0.00720898  1.67617e-18  -0.00127444
 9.89736e-20   0.00131705  6.04201e-20  -0.00892509  -3.0924e-18    0.0298972  9.25495e-18   -0.0609365 -7.41229e-18    0.0803633 -1.09504e-17   -0.0669339  3.25757e-17    0.0285729 -3.75664e-17   0.00333253  2.44544e-17   -0.0108905 -8.62513e-18   0.00460682  1.11712e-18
-0.000227459  7.96088e-20   0.00287025  1.59969e-18    -0.013695 -8.84246e-18    0.0377171  1.73326e-17   -0.0676712 -1.09504e-17    0.0815343 -1.38056e-17   -0.0631885  3.70804e-17    0.0253146 -3.91058e-17   0.00200781  2.26679e-17  -0.00658353 -6.39494e-18   0.00170159
-5.54437e-20 -0.000533932 -4.33926e-19   0.00400341  5.13675e-18   -0.0156113 -1.71206e-17    0.0390396  2.56851e-17   -0.0669339 -1.38056e-17    0.0791432 -1.57481e-17   -0.0616866  3.89565e-17    0.0275814 -3.70732e-17  -0.00383133   1.8067e-17   -0.0014228 -3.22995e-18
 2.79047e-05  8.83582e-21 -0.000457364  -1.8203e-18   0.00313344  1.04816e-17   -0.0128681 -2.58989e-17    0.0346321  3.25757e-17   -0.0631885 -1.57481e-17    0.0787036 -1.65952e-17   -0.0657204  3.74991e-17    0.0349801 -3.09089e-17   -0.0106281  1.13015e-17   0.00129014
 3.04082e-20 -0.000137625  2.92763e-19  0.000682645  -4.0072e-18 -0.000430984  1.62897e-17   -0.0066246  -3.3034e-17    0.0285729  3.70804e-17   -0.0616866 -1.65952e-17    0.0836908 -1.60754e-17   -0.0747083  3.20635e-17     0.042394 -2.13234e-17   -0.0127844  4.67211e-18
 5.81377e-05  4.12898e-20  -0.00071882  7.49075e-19    0.0030163 -6.40428e-18  -0.00555917  2.09991e-17 -0.000157081 -3.75664e-17    0.0253146  3.89565e-17   -0.0657204 -1.60754e-17    0.0934207 -1.40013e-17   -0.0821945  2.33662e-17    0.0416564  -1.1197e-17  -0.00813873
-2.70598e-20  0.000229369  8.10021e-20  -0.00168023  1.19571e-18   0.00575957 -8.32679e-18   -0.0100749  2.38002e-17   0.00333253 -3.91058e-17    0.0275814  3.74991e-17   -0.0747083 -1.40013e-17     0.100896 -1.03395e-17   -0.0778848  1.34929e-17    0.0293596 -3.76909e-18
-3.22888e-05  -8.3662e-20   0.00047817  1.96195e-19   -0.0026271  1.49595e-18   0.00778553 -9.38619e-18   -0.0121533  2.44544e-17   0.00200781 -3.70732e-17    0.0349801  3.20635e-17   -0.0821945 -1.03395e-17    0.0949824 -6.28299e-18   -0.0572949  5.73159e-18    0.0124604
 1.83338e-20 -6.79173e-05 -1.86728e-19  0.000662517  3.35075e-19  -0.00313853  1.67084e-18     0.008353 -9.52876e-18   -0.0108905  2.26679e-17  -0.00383133 -3.09089e-17     0.042394  2.33662e-17   -0.0778848 -6.28299e-18    0.0707613 -2.86552e-18   -0.0293758  1.52278e-18
 2.45315e-06   4.8799e-20 -7.54656e-05 -2.84308e-19   0.00068739  3.55446e-19  -0.00305598   1.7816e-18   0.00720898 -8.62513e-18  -0.00658353   1.8067e-17   -0.0106281 -2.13234e-17    0.0416564  1.34929e-17   -0.0572949 -2.86552e-18    0.0379507 -9.09573e-19  -0.00870705
-5.40089e-21 -2.16128e-06  7.43881e-20 -5.22797e-05 -2.86728e-19  0.000576669  2.00238e-19  -0.00239096  1.67617e-18   0.00460682 -6.39494e-18   -0.0014228  1.13015e-17   -0.0127844  -1.1197e-17    0.0293596  5.73159e-18   -0.0293758 -9.09573e-19    0.0128604 -1.83445e-19
 1.01371e-06 -8.23171e-21 -6.91411e-06  6.30271e-20 -2.87305e-05 -1.68254e-19  0.000364637  2.54426e-21  -0.00127444  1.11712e-18   0.00170159 -3.22995e-18   0.00129014  4.67211e-18  -0.00813873 -3.76909e-18    0.0124604  1.52278e-18  -0.00870705 -1.83445e-19   0.00205867
