 1.01686e-22 -7.98388e-40 -4.97787e-21  3.99234e-38  9.45133e-20 -1.41568e-36 -1.07456e-18  3.69379e-35  8.43315e-18 -6.01871e-34 -4.90098e-17  6.58626e-33  2.19591e-16 -5.23229e-32 -7.77225e-16  3.18837e-31  2.20404e-15 -1.54879e-30 -5.03984e-15  6.16734e-30  9.28519e-15  -2.0557e-29 -1.36558e-14  5.82569e-29  1.56805e-14 -1.41936e-28 -1.33974e-14  2.99379e-28  7.52853e-15 -5.48238e-28 -1.49908e-15  8.70357e-28 -1.48874e-15 -1.18995e-27  1.26768e-15  1.38118e-27 -7.74551e-17 -1.32123e-27 -3.48508e-16  9.69232e-28   1.0423e-16  -4.1706e-28  7.80944e-17 -1.34406e-28 -3.42783e-17  4.69043e-28 -1.84003e-17  -4.6766e-28  7.73279e-18  1.75851e-28  4.72278e-18  2.18015e-28 -1.13429e-18 -4.96668e-28 -1.13985e-18  5.49688e-28  1.07628e-20 -4.22799e-28  2.11948e-19  2.43796e-28  4.86369e-20 -1.09855e-28  -2.2003e-20  4.20231e-29 -1.35967e-20 -1.65472e-29 -8.30843e-22  8.33933e-30  1.57293e-21 -5.23128e-30  6.01706e-22  3.10468e-30  1.19344e-23 -1.09113e-30 -6.08304e-23  -2.4546e-31 -2.13559e-23  5.19226e-31 -1.54855e-24 -2.22283e-31  1.26993e-24 -1.42911e-32  5.34237e-25   5.0349e-32  8.49913e-26 -2.25826e-32  -6.3571e-27  8.15493e-33 -6.71493e-27 -3.66821e-33 -1.69352e-27  9.42109e-34 -1.92028e-28  1.06216e-34  1.27944e-29 -1.17485e-34  9.92323e-30  3.45447e-35  2.10939e-30  -1.5124e-35  2.46688e-31  6.57148e-36   9.1424e-33 -1.60016e-36 -2.56451e-33  2.05796e-37  -6.1758e-34  1.80443e-41 -7.46964e-35 -8.19683e-39 -5.57016e-36  2.61985e-39 -2.04935e-37 -4.57135e-40  6.66751e-39  2.37739e-41  1.44312e-39  2.10022e-42  9.66448e-41 -2.14946e-43  3.77923e-42  1.66881e-44  8.55312e-44 -8.89818e-46  5.47945e-46  2.32406e-48
-7.98388e-40  7.15901e-21 -1.01789e-39 -1.99091e-19 -3.24991e-37  2.87755e-18 -1.06061e-35 -2.71351e-17  5.54704e-34  1.84004e-16 -9.81252e-33 -9.45782e-16  1.04172e-31  3.80227e-15 -7.78243e-31 -1.21841e-14  4.41571e-30  3.14417e-14 -1.99138e-29 -6.55455e-14   7.3603e-29  1.09914e-13 -2.27951e-28 -1.46202e-13  6.01236e-28  1.49605e-13 -1.36599e-27 -1.09919e-13  2.69147e-27  4.70168e-14 -4.60857e-27  2.13109e-15   6.8367e-27 -1.66469e-14 -8.70444e-27  7.43926e-15  9.32664e-27  2.21316e-15 -8.05868e-27 -2.81078e-15  4.97631e-27 -4.14373e-17 -1.00142e-27  7.61602e-16 -2.47441e-27 -4.09486e-17  4.23455e-27 -1.87153e-16 -3.79082e-27  1.81961e-18  1.62245e-27  4.20666e-17  1.03288e-27   5.0038e-18 -2.85884e-27 -7.67995e-18  3.24516e-27  -2.4606e-18 -2.53079e-27  8.39584e-19  1.50498e-27  6.27249e-19 -7.30183e-28  3.33199e-20  3.16112e-28 -8.48918e-20 -1.34109e-28 -3.01212e-20  5.86068e-29  1.77998e-21 -2.78813e-29  4.24994e-21  1.37119e-29  1.18614e-21 -3.87798e-30 -5.25759e-23 -2.17415e-30 -1.31772e-22  3.00418e-30 -3.91704e-23 -1.15588e-30 -2.31235e-24 -1.33152e-31  2.11817e-24  2.82404e-31  8.33554e-25 -1.13996e-31  1.35137e-25  3.70901e-32 -3.31279e-27 -1.62946e-32 -7.40859e-27  4.09246e-33 -1.96696e-27   4.3765e-34 -2.61765e-28 -4.37328e-34 -4.59908e-30  1.18182e-34  6.11696e-30  -5.5206e-35  1.51198e-30  2.37061e-35  2.01374e-31  -5.7189e-36  1.47225e-32  8.15283e-37  -6.7281e-35 -1.67039e-38 -1.70425e-34 -2.59277e-38 -2.41351e-35  7.61533e-39 -1.96515e-36 -1.23244e-39 -9.89559e-38  5.32299e-41 -2.50372e-39  4.37559e-42  2.44123e-41 -3.08656e-43  4.56246e-42  2.96021e-44  1.40677e-43 -1.34125e-45  1.12245e-45
-4.97787e-21 -1.01789e-39  2.48085e-19  6.66034e-37  -4.7994e-18 -2.89276e-35  5.56493e-17  9.83305e-35 -4.45855e-16  5.98446e-33  2.64825e-15 -1.16326e-31 -1.21432e-14  1.18006e-30  4.40527e-14 -8.20957e-30 -1.28279e-13  4.31051e-29  3.01901e-13 -1.79679e-28 -5.74202e-13   6.1414e-28  8.75522e-13 -1.76095e-27 -1.04927e-12  4.30661e-27  9.47399e-13 -9.08675e-27 -5.81161e-13   1.6647e-26  1.58222e-13 -2.65032e-26  8.60605e-14  3.64664e-26 -9.94222e-14 -4.27564e-26  1.73844e-14  4.14824e-26  2.39231e-14 -3.10462e-26 -1.11642e-14  1.37737e-26 -4.66162e-15  4.78635e-27  3.47447e-15 -1.85228e-26     1.03e-15   2.3399e-26 -8.35326e-16 -1.87715e-26 -2.88788e-16  7.56395e-27  1.54739e-16  4.72307e-27   8.2649e-17 -1.26745e-26 -1.62072e-17  1.41097e-26 -1.89198e-17 -1.08792e-26 -1.52828e-18  6.49228e-27  2.77767e-18 -3.24334e-27  1.00492e-18  1.47908e-27 -1.16567e-19 -6.46182e-28 -1.73951e-19  2.65175e-28 -3.99083e-20 -1.05198e-28  7.82136e-21   4.2035e-29  6.97443e-21 -7.73381e-30  1.52163e-21 -1.12127e-29 -1.44565e-22  1.20207e-29 -1.78188e-22 -4.18376e-30 -4.74674e-23 -6.85713e-31 -2.83449e-24  1.07997e-30  2.12381e-24 -3.92083e-31  8.22658e-25  1.14001e-31  1.39728e-25 -4.94145e-32  3.42863e-27  1.22079e-32  -4.6136e-27  1.16318e-33 -1.34954e-27 -1.04911e-33 -2.02016e-28  2.58774e-34 -1.31969e-29 -1.36757e-34  1.49272e-30  5.75395e-35   5.5045e-31 -1.39068e-35  8.18097e-32  2.26451e-36  7.35649e-33 -8.46428e-38  3.43073e-34 -5.66312e-38 -8.33332e-36  1.49364e-38  -2.9014e-36 -2.22173e-39 -2.54108e-37  7.27569e-41 -1.27957e-38  4.99605e-42 -3.89103e-40 -1.46808e-43  -5.3452e-42  3.29729e-44  2.41947e-45 -1.05539e-45
 3.99234e-38 -1.99091e-19  6.66034e-37  5.64132e-18  2.09134e-35 -8.31516e-17 -6.28018e-34  8.00425e-16  2.89045e-33 -5.54668e-15  6.10636e-32  2.91711e-14 -1.18505e-30 -1.20166e-13  1.11256e-29  3.95224e-13 -7.11062e-29 -1.04898e-12  3.43112e-28  2.25505e-12 -1.31632e-27 -3.91344e-12  4.14663e-27  5.41515e-12 -1.09713e-26 -5.81447e-12   2.4785e-26  4.56432e-12 -4.83455e-26 -2.21635e-12  8.18858e-26  1.49168e-13 -1.20305e-25  6.44013e-13  1.51823e-25 -3.79218e-13  -1.6082e-25 -4.57052e-14   1.3579e-25  1.27374e-13 -7.83688e-26 -1.56821e-14  5.57053e-27 -3.26774e-14  5.85072e-26  6.87057e-15 -9.50942e-26  8.06919e-15  9.72226e-26  -1.4182e-15 -6.88522e-26 -1.95831e-15  2.26933e-26  7.71932e-17  2.23587e-26  4.17388e-16 -4.89667e-26  6.35851e-17  5.16071e-26 -6.35381e-17 -3.85204e-26 -2.65169e-17   2.2551e-26  3.44792e-18 -1.12486e-26  5.06397e-18  5.22123e-27  1.00837e-18 -2.32104e-27 -3.69717e-19  9.28795e-28 -2.44399e-19 -3.23872e-28 -3.68364e-20  1.00479e-28  1.40302e-20 -3.12685e-30   8.3178e-21 -4.26467e-29  1.50549e-21  3.81858e-29 -1.88006e-22 -1.20837e-29 -1.74932e-22  -2.5528e-30 -4.37381e-23  3.24919e-30 -3.12123e-24 -1.05736e-30  1.43529e-24  2.72022e-31  5.79497e-25  -1.1808e-31  1.04352e-25  2.88034e-32  6.75916e-27  2.27204e-33 -1.66109e-27 -1.80016e-33 -6.00955e-28  3.98154e-34 -9.90802e-29 -2.64441e-34 -9.15302e-30  1.07074e-34 -1.49321e-31 -2.64503e-35  9.91163e-32  5.07376e-36  1.79388e-32 -2.46323e-37  1.76709e-33 -9.97983e-38  1.08275e-34  2.26681e-38  3.37371e-36  -3.0542e-39 -5.13667e-38  5.93045e-41  -1.0901e-38  2.34155e-42 -5.20112e-40   2.1447e-43 -1.06705e-41  2.47134e-44 -6.18908e-44
 9.45133e-20 -3.24991e-37  -4.7994e-18  2.09134e-35  9.46857e-17  3.65654e-34 -1.12068e-15 -8.32906e-33   9.1747e-15  2.92348e-32 -5.57504e-14  6.52448e-31  2.61876e-13 -1.09181e-29 -9.74747e-13   9.1936e-29  2.91775e-12 -5.33753e-28 -7.07523e-12   2.3551e-27  1.39073e-11 -8.29276e-27 -2.20077e-11  2.40261e-26  2.75508e-11   -5.852e-26 -2.62888e-11  1.21724e-25  1.75285e-11 -2.18505e-25 -6.00332e-12  3.39942e-25 -1.67828e-12 -4.56335e-25  2.97669e-12  5.19239e-25 -8.69119e-13 -4.79576e-25 -5.95084e-13  3.19278e-25  4.22741e-13 -7.56121e-26  8.57224e-14 -1.69449e-25 -1.25921e-13  3.35433e-25 -1.46677e-14 -3.85833e-25   3.1441e-14  3.30467e-25  4.97128e-15 -2.01573e-25 -6.65763e-15  4.15977e-26 -1.95472e-15  9.70699e-26  1.02886e-15  -1.6917e-25  5.83293e-16  1.65834e-25 -5.48925e-17 -1.18127e-25 -1.13977e-16  6.66635e-26 -2.21062e-17 -3.24672e-26  1.08504e-17  1.50622e-26  6.41124e-18 -6.82324e-27  5.86858e-19  2.73274e-27 -5.94204e-19 -8.63197e-28 -2.61968e-19  1.88532e-28 -2.52109e-20  4.59111e-29    1.668e-20  -1.3105e-28  7.78073e-21  1.01839e-28  1.24564e-21 -2.94256e-29 -1.56388e-22 -7.59493e-30  -1.3162e-22  8.16005e-30 -3.20599e-23 -2.36477e-30 -2.86272e-24  5.30275e-31  6.46472e-25 -2.35519e-31    2.991e-25  5.67823e-32  5.74169e-26   3.3653e-33  5.41876e-27 -2.11065e-33 -2.16461e-28  3.93052e-34 -1.70138e-28 -4.20352e-34 -3.13977e-29  1.58069e-34 -3.38137e-30 -4.15238e-35 -1.95463e-31  9.69968e-36  3.01078e-33 -5.13462e-37  1.90919e-33 -1.52647e-37  2.10213e-34   2.7923e-38  1.33633e-35 -3.33072e-39  5.21583e-37  3.38024e-42  1.05005e-38 -2.77645e-42 -1.27637e-41  5.05999e-43 -3.25135e-42  1.10968e-44
-1.41568e-36  2.87755e-18 -2.89276e-35 -8.31516e-17  3.65654e-34  1.25106e-15  4.45497e-33  -1.2305e-14 -7.81628e-32  8.72247e-14  1.15538e-31 -4.69848e-13  6.82064e-30  1.98528e-12 -9.12092e-29 -6.70916e-12  6.77309e-28  1.83353e-11 -3.55244e-27 -4.06935e-11  1.43069e-26  7.31654e-11 -4.62131e-26 -1.05426e-10  1.23093e-25  1.18856e-10 -2.75732e-25 -9.95823e-11  5.26911e-25  5.42036e-11 -8.66809e-25 -8.97696e-12  1.22969e-24 -1.24664e-11 -1.48849e-24  9.72789e-12  1.48526e-24 -2.52712e-13 -1.10766e-24 -2.88581e-12   3.8715e-25  7.88215e-13   4.6086e-25  6.78759e-13   -1.132e-24 -2.81273e-13  1.41859e-24  -1.6412e-13 -1.31705e-24  6.67916e-14  9.59824e-25  4.28703e-14 -4.85428e-25 -1.02975e-14   4.8629e-27 -1.06111e-14  3.64235e-25  1.50817e-16 -5.24599e-25  2.04938e-15   4.7649e-25  4.59013e-16 -3.21308e-25 -2.26549e-16   1.7252e-25 -1.35885e-16 -8.06363e-26 -6.53241e-18  3.70488e-26  1.67724e-17 -1.72813e-26  6.18327e-18  7.07782e-27  1.79292e-20 -2.05741e-27 -6.75102e-19  2.49256e-28 -2.27583e-19   2.3437e-28  -1.3517e-20 -3.40732e-28  1.48008e-20  2.35168e-28  5.93298e-21  -6.2318e-29  8.97643e-22 -1.90081e-29 -8.64383e-23  1.76863e-29 -7.72039e-23 -4.51667e-30 -1.88702e-23  8.60218e-31 -2.05314e-24 -4.04034e-31  1.60888e-25  9.61512e-32  1.11366e-25  3.68057e-33  2.30763e-26 -1.01733e-33  2.64686e-27  5.80009e-35  9.68256e-29  -5.5948e-34 -2.62048e-29  1.80978e-34 -6.17809e-30 -5.52774e-35 -7.29096e-31  1.63113e-35 -5.31463e-32 -8.21868e-37 -1.98175e-33 -2.11824e-37  4.04526e-35  2.83326e-38  1.03602e-35 -2.88032e-39  6.62916e-37 -7.84426e-41  2.22667e-38 -7.31208e-42  3.67311e-40  5.13474e-43  1.99771e-42
-1.07456e-18 -1.06061e-35  5.56493e-17 -6.28018e-34 -1.12068e-15  4.45497e-33  1.35526e-14   4.0888e-32 -1.13489e-13 -5.35184e-31  7.06245e-13 -1.02382e-30  -3.4021e-12  6.39479e-29  1.30073e-11 -6.83792e-28 -4.00695e-11  4.46837e-27  1.00231e-10 -2.11758e-26 -2.03852e-10  7.79319e-26  3.35172e-10 -2.31262e-25 -4.38698e-10  5.67004e-25   4.4246e-10 -1.16857e-24 -3.19596e-10  2.04932e-24  1.31412e-10 -3.07847e-24  1.26204e-11  3.95016e-24 -5.23538e-11 -4.23375e-24  2.20937e-11  3.52323e-24  7.75775e-12 -1.68164e-24 -9.03385e-12 -9.19699e-25 -2.85371e-13  3.41418e-24   2.5628e-12 -4.87897e-24 -1.23521e-13  4.93316e-24 -6.52446e-13 -3.91163e-24  7.96129e-15  2.44132e-24  1.52142e-13 -9.59906e-25    1.694e-14 -3.14644e-25 -2.91453e-14  1.17817e-24 -8.97561e-15 -1.46347e-24  3.46746e-15  1.23545e-24  2.43718e-15 -7.85574e-25  7.81909e-17  3.97317e-25 -3.56117e-16 -1.75642e-25 -1.18543e-16  7.97127e-26  1.10265e-17 -3.89828e-26  1.84394e-17  1.66194e-26  4.79053e-18 -4.46972e-27 -3.77645e-19  8.02478e-29 -5.98276e-19  7.61165e-28 -1.66698e-19 -7.69901e-28  -6.4867e-21  4.79759e-28  1.02597e-20 -1.17243e-28  3.75189e-21 -4.12915e-29  5.67356e-22  3.38237e-29 -2.73179e-23 -7.49152e-30 -3.50664e-23  1.15216e-30 -8.83243e-24 -6.06342e-31 -1.11801e-24  1.42307e-31 -8.91468e-27  2.60798e-33  2.81022e-26   2.3303e-33  6.58181e-27 -7.19093e-34  8.46176e-28 -6.17239e-34  5.96167e-29  1.37793e-34 -3.42149e-31 -6.34177e-35 -6.57329e-31  2.45973e-35 -8.87785e-32 -1.02298e-36 -6.86412e-33 -2.73064e-37 -3.29144e-34  2.34873e-38 -8.11359e-36 -1.88895e-39  4.47885e-38  -1.4974e-40  8.96061e-39 -8.50847e-42  1.92696e-40  2.84692e-43
 3.69379e-35 -2.71351e-17  9.83305e-35  8.00425e-16 -8.32906e-33  -1.2305e-14   4.0888e-32  1.23793e-13  2.90541e-31 -8.98604e-13 -2.48421e-30  4.96328e-12 -2.38456e-29 -2.15362e-11  5.19287e-28  7.48713e-11 -4.56951e-27  -2.1094e-10  2.64445e-26  4.83921e-10 -1.13661e-25 -9.02528e-10  3.83457e-25  1.35572e-09 -1.04834e-24 -1.60597e-09  2.37153e-24  1.43513e-09 -4.50364e-24 -8.67477e-10  7.24741e-24  2.21134e-10  -9.9108e-24  1.46873e-10  1.13958e-23 -1.58884e-10 -1.05267e-23  2.55139e-11  6.54518e-24   4.0503e-11  2.85562e-25 -1.86281e-11 -8.23988e-24 -8.13775e-12  1.45192e-23  6.12682e-12 -1.67884e-23  1.81124e-12  1.47883e-23 -1.54776e-12 -1.03149e-23 -5.16563e-13  5.51444e-24  3.05099e-13  -1.4789e-24   1.5439e-13 -1.54309e-24 -3.63444e-14  3.33286e-24 -3.75672e-14 -3.68913e-24 -2.00155e-15   2.9094e-24  6.00141e-15 -1.74137e-24  1.97924e-15  8.22597e-25 -3.34648e-16 -3.39096e-25 -3.83794e-16  1.52527e-25 -7.77145e-17 -8.02124e-26  2.16753e-17  3.60413e-26  1.59913e-17 -8.94389e-27  3.10555e-18 -8.07349e-28 -4.81821e-19  1.96804e-27 -4.32341e-19 -1.53732e-27 -1.05603e-19   8.7742e-28 -3.63824e-21 -1.99299e-28  5.63405e-21 -7.95636e-29  1.97146e-21  5.80321e-29  3.08812e-22 -1.08853e-29  1.00964e-24   1.2022e-30 -1.19497e-23 -8.03729e-31  -3.2132e-24  1.87491e-31 -4.53922e-25  6.42287e-34 -2.60318e-26  7.76322e-33  3.92357e-27  -1.8492e-33  1.25577e-27 -5.27086e-34  1.76463e-28 -2.29156e-36  1.50842e-29 -6.36074e-35  6.59454e-31   3.3701e-35 -1.70486e-32 -9.43658e-37 -5.17974e-33 -3.28491e-37 -4.19106e-34  1.53284e-38 -1.91185e-35 -7.91052e-40 -4.92573e-37  -1.7709e-40  -5.7714e-39 -6.23352e-42 -1.09371e-41
 8.43315e-18  5.54704e-34 -4.45855e-16  2.89045e-33   9.1747e-15 -7.81628e-32 -1.13489e-13  2.90541e-31  9.73169e-13  1.57392e-30  -6.2092e-12 -3.99021e-30  3.07107e-11 -2.62018e-28 -1.20754e-10  3.64495e-27  3.83307e-10 -2.72048e-26 -9.90337e-10  1.40742e-25  2.08672e-09 -5.51592e-25  -3.5692e-09   1.7129e-24  4.88941e-09  -4.3295e-24 -5.21421e-09  9.06365e-24   4.0696e-09 -1.58942e-23 -1.95114e-09  2.34835e-23  8.94389e-11 -2.91515e-23  6.18335e-10  2.96938e-23 -3.58742e-10 -2.26123e-23 -4.77378e-11   7.2942e-24  1.27014e-10  1.38823e-23 -1.63749e-11 -3.50307e-23 -3.36691e-11  4.85089e-23  7.72874e-12 -4.94015e-23  8.55769e-12   3.9227e-23  -1.7661e-12 -2.44744e-23 -2.16149e-12   1.1143e-23  1.58245e-13 -1.37582e-24  4.88828e-13 -5.08844e-24  5.81535e-14  8.37802e-24 -8.15417e-14  -8.4531e-24 -3.02036e-14  6.25749e-24  5.92726e-15 -3.52152e-24  6.49944e-15  1.54067e-24  1.05801e-15 -5.82628e-25 -5.73638e-16  2.62505e-25 -3.21298e-16 -1.53286e-25 -3.73115e-17  7.29726e-26  2.29206e-17 -1.65578e-26  1.14967e-17 -3.35671e-27  1.75471e-18   4.3348e-27  -3.8062e-19 -2.74196e-27 -2.60199e-19  1.45572e-27 -5.85495e-20 -3.10831e-28 -2.56751e-21 -1.38275e-28  2.43002e-21  9.05737e-29  8.51726e-22 -1.38799e-29   1.4037e-22  7.32828e-31   6.6125e-24  -9.4649e-31 -2.82398e-24  2.27758e-31 -8.75608e-25  2.89003e-34 -1.34437e-25  1.32068e-32 -1.13994e-26 -3.00871e-33 -5.43772e-29 -2.40744e-34  1.39314e-28 -2.44736e-34  2.27416e-29 -5.71002e-35  2.08605e-30  4.23252e-35  1.18749e-31 -4.94653e-37  3.36349e-33  -3.6512e-37 -5.52768e-35  7.10746e-39 -9.25446e-36  1.27856e-42  -3.5197e-37 -1.52158e-40 -5.37595e-39 -2.73594e-42
-6.01871e-34  1.84004e-16  5.98446e-33 -5.54668e-15  2.92348e-32  8.72247e-14 -5.35184e-31 -8.98604e-13  1.57392e-30  6.68766e-12  5.78543e-30 -3.79222e-11  5.93923e-29  1.69192e-10 -2.11579e-27 -6.05887e-10    2.232e-26  1.76212e-09 -1.44812e-25 -4.18421e-09  6.76081e-25  8.10549e-09 -2.42985e-24 -1.27083e-08  6.97563e-24  1.58316e-08 -1.63608e-23 -1.50834e-08  3.17964e-23  1.00543e-08 -5.16122e-23  -3.4055e-09  7.00694e-23 -1.06766e-09 -7.87186e-23  1.82497e-09  6.99469e-23 -5.41309e-10 -4.02987e-23 -3.75407e-10  -7.7975e-24  2.77864e-10  6.48765e-23  5.19652e-11 -1.14432e-22 -8.61654e-11  1.38385e-22  -7.7611e-12 -1.28492e-22  2.24958e-11  9.36075e-23  2.77014e-12 -5.27487e-23 -5.06986e-12  2.01946e-23 -1.26244e-12  1.08278e-24  8.69763e-13 -1.36499e-23  4.24544e-13  1.89745e-23  -6.9125e-14 -1.77173e-23 -9.30155e-14  1.23535e-23 -1.37103e-14 -6.52779e-24  1.05974e-14  2.61898e-24   5.2346e-15 -8.88416e-25  2.17283e-16  4.09598e-25 -5.89027e-16 -2.75757e-25 -2.21122e-16    1.387e-25 -1.12776e-17 -2.83677e-26  1.79037e-17 -9.08602e-27  7.05237e-18  8.38411e-27  9.03153e-19 -4.39762e-27 -2.20894e-19  2.21469e-27 -1.31257e-19 -4.51552e-28 -2.83412e-20 -2.19797e-28 -1.76676e-21  1.30239e-28  7.94083e-22 -1.54149e-29  2.95931e-22 -5.59787e-31  5.14911e-23 -9.97125e-31  4.09518e-24  2.74949e-31 -3.54848e-25  6.26899e-33 -1.67958e-25  1.44816e-32 -2.80481e-26 -3.77187e-33 -2.78354e-27  2.56483e-34 -1.40559e-28 -5.59029e-34  4.45097e-30 -4.82298e-35  1.56673e-30  4.89888e-35  1.53646e-31  2.43966e-37  8.80558e-33 -3.68576e-37  3.02048e-34  1.53288e-39  5.04898e-36  3.26445e-40 -1.07808e-39 -9.53394e-41 -7.35866e-40
-4.90098e-17 -9.81252e-33  2.64825e-15  6.10636e-32 -5.57504e-14  1.15538e-31  7.06245e-13 -2.48421e-30  -6.2092e-12  5.78543e-30  4.06713e-11  4.47178e-30 -2.06813e-10  7.89218e-28  8.37434e-10 -1.39443e-26 -2.74293e-09  1.20601e-25  7.33012e-09 -6.92942e-25  -1.6024e-08   2.9442e-24  2.85508e-08 -9.75578e-24 -4.09823e-08  2.59992e-23  4.62369e-08 -5.67851e-23  -3.8919e-08  1.02763e-22  2.13371e-08  -1.5476e-22 -3.50537e-09  1.93194e-22 -5.16452e-09 -1.95669e-22  4.12253e-09  1.48284e-22 -1.59282e-10 -5.18814e-23 -1.25754e-09 -7.85994e-23  3.82872e-10  2.15107e-22  2.98296e-10 -3.17962e-22 -1.42428e-10   3.4969e-22 -7.28971e-11 -3.01145e-22  3.63369e-11  2.03263e-22  1.98702e-11 -1.04017e-22 -6.48038e-12  3.27785e-23 -5.30892e-12  9.35926e-24  4.21677e-13 -3.17203e-23  1.13883e-12  3.91556e-23  1.89416e-13 -3.41738e-23 -1.50638e-13  2.24863e-23 -7.32489e-14 -1.11314e-23  1.42207e-15  4.04174e-24  1.09268e-14 -1.18611e-24  3.32315e-15  5.82817e-25 -2.48717e-16 -4.71443e-25 -4.60223e-16  2.48017e-25 -1.29754e-16 -4.48468e-26 -1.47656e-19 -2.00427e-26  1.12007e-17  1.44675e-26  3.75166e-18 -6.36412e-27  4.38964e-19  3.12408e-27 -9.72025e-20 -6.20335e-28 -5.51925e-20 -3.23604e-28 -1.17929e-20  1.74695e-28 -9.90784e-22 -1.45244e-29  1.78377e-22  -2.9583e-30  7.97905e-23 -9.58941e-31  1.46991e-23  3.68416e-31  1.48677e-24  2.46669e-32  2.41217e-26  6.27138e-33 -1.98248e-26 -3.86526e-33 -3.87884e-27  9.38511e-34 -4.14467e-28  -8.8327e-34 -2.72846e-29 -4.17928e-35  -8.4197e-31  5.23738e-35  3.03152e-32  1.03369e-36  4.95369e-33 -3.31443e-37  2.63955e-34 -6.11013e-40  7.18028e-36  2.98287e-40  8.62215e-38 -3.88659e-41
 6.58626e-33 -9.45782e-16 -1.16326e-31  2.91711e-14  6.52448e-31 -4.69848e-13 -1.02382e-30  4.96328e-12 -3.99021e-30 -3.79222e-11  4.47178e-30  2.21071e-10 -1.41291e-28 -1.01559e-09  6.18027e-27  3.75168e-09  -7.8526e-26   -1.128e-08   5.8111e-25  2.77649e-08 -2.99837e-24  -5.5947e-08   1.1677e-23  9.16794e-08 -3.58454e-23 -1.20234e-07  8.90184e-23  1.22121e-07 -1.81647e-22 -8.93021e-08  3.06958e-22  3.74612e-08 -4.29775e-22  3.44315e-09  4.93495e-22 -1.54866e-08   -4.482e-22  6.94564e-09   2.7934e-22  2.19927e-09 -1.24394e-23  -2.9095e-09 -3.01618e-22  2.13513e-11   5.9455e-22   8.4584e-10    -7.83e-22  -8.4798e-11   7.9879e-22 -2.23234e-10 -6.44019e-22  1.65632e-11  4.05004e-22  5.53582e-11 -1.88796e-22  2.56284e-12  4.74008e-23 -1.17082e-11  2.91044e-23 -2.73755e-12 -6.58202e-23  1.68631e-12  7.43032e-23  9.16204e-13 -6.09996e-23 -4.54958e-14  3.78866e-23 -1.60943e-13 -1.75048e-23 -4.19002e-14  5.64162e-24  9.31647e-15 -1.33556e-24  8.47663e-15  7.59665e-25  1.70491e-15 -7.70366e-25 -3.60029e-16  4.17394e-25 -2.94728e-16 -6.50292e-26 -6.68438e-17 -3.84673e-26  2.16074e-18  2.24578e-26  5.78072e-18 -8.31437e-27  1.74023e-18  4.13781e-27  2.02544e-19 -8.17257e-28 -3.14642e-20 -4.46517e-28 -1.90181e-20  2.21327e-28 -4.11212e-21 -1.06783e-29 -4.27981e-22 -6.70411e-30  1.81759e-23  -8.9626e-31  1.57307e-23  5.77433e-31  3.12839e-24  6.12493e-32  3.57954e-25 -1.58547e-32  2.06621e-26 -3.38426e-33 -7.80957e-28  1.73834e-33 -3.13423e-28 -1.14387e-33 -3.61526e-29 -4.00101e-35 -2.48311e-30  5.16845e-35 -1.03983e-31  1.59403e-36 -2.03349e-33 -2.60144e-37  2.40616e-35 -4.24211e-40   2.0188e-36   1.4688e-40  2.49833e-38
 2.19591e-16  1.04172e-31 -1.21432e-14 -1.18505e-30  2.61876e-13  6.82064e-30  -3.4021e-12 -2.38456e-29  3.07107e-11  5.93923e-29 -2.06813e-10 -1.41291e-28   1.0828e-09 -1.49381e-27 -4.52214e-09  3.78367e-26  1.53073e-08 -3.87694e-25 -4.23777e-08   2.5198e-24   9.6262e-08 -1.17989e-23 -1.78937e-07  4.23699e-23  2.69493e-07 -1.21005e-22 -3.21906e-07  2.80994e-22  2.91839e-07 -5.37283e-22   -1.805e-07   8.4994e-22  4.85667e-08 -1.10827e-21  3.03738e-08  1.17028e-21 -3.53936e-08 -9.45824e-22  6.87573e-09  4.54008e-22  8.95535e-09  1.98673e-22 -4.78318e-09 -8.78976e-22 -1.70111e-09  1.44626e-21  1.61975e-09 -1.74616e-21   3.5594e-10  1.67072e-21 -4.33465e-10  -1.2678e-21  -1.0734e-10  7.45193e-22  9.47137e-11 -3.17154e-22  3.67645e-11  6.05223e-23 -1.43089e-11   6.7859e-23 -1.03686e-11 -1.24137e-22  3.75461e-13  1.30666e-22  1.97044e-12 -1.01275e-22  4.80072e-13  5.92845e-23 -1.70989e-13 -2.54161e-23  -1.2369e-13  7.04806e-24 -1.62496e-14 -1.12768e-24  1.03262e-14  9.10772e-25  5.36943e-15 -1.20627e-24  7.15562e-16  6.60924e-25 -2.82971e-16 -8.55666e-26 -1.60058e-16 -6.61114e-26 -3.09754e-17  3.14466e-26  1.40563e-18 -9.77879e-27  2.47923e-18  5.22321e-27  7.00144e-19 -1.04327e-27  8.58859e-20 -5.83901e-28 -6.49569e-21  2.68084e-28 -5.20657e-21  -3.9271e-30 -1.16266e-21 -1.20083e-29 -1.39484e-22 -9.31939e-31 -4.01063e-24  9.86449e-31  2.00067e-24  1.19577e-31   4.6732e-25 -5.31594e-32  5.73904e-26 -2.79855e-33  4.28095e-27  2.55352e-33  1.36977e-28 -1.28166e-33 -9.47151e-30 -4.12339e-35 -1.59048e-30  4.69197e-35 -1.06772e-31  1.75209e-36 -4.07535e-33 -1.73962e-37 -8.38623e-35  3.56168e-40 -6.62285e-37  3.64222e-41
-5.23229e-32  3.80227e-15  1.18006e-30 -1.20166e-13 -1.09181e-29  1.98528e-12  6.39479e-29 -2.15362e-11 -2.62018e-28  1.69192e-10  7.89218e-28 -1.01559e-09 -1.49381e-27  4.81175e-09 -1.01657e-26 -1.83661e-08  1.95827e-25  5.71824e-08 -1.70613e-24 -1.46144e-07   9.9081e-24  3.06824e-07 -4.24445e-23 -5.26309e-07  1.41247e-22  7.27524e-07 -3.76699e-22  -7.8795e-07  8.20502e-22  6.29685e-07 -1.47402e-21 -3.14319e-07  2.18766e-21  2.24415e-08 -2.66026e-21  9.90072e-08  2.58085e-21 -6.33646e-08  -1.8356e-21 -5.01023e-09   5.8869e-22   2.2413e-08  8.47236e-22 -4.34085e-09 -2.18429e-21 -5.93243e-09  3.17716e-21  1.92668e-09  -3.5732e-21  1.53486e-09   3.2278e-21 -4.96329e-10 -2.31208e-21 -4.12379e-10  1.27242e-21  7.55127e-11 -4.95897e-22   1.0383e-10  6.75408e-23  2.56031e-12  1.33372e-22  -2.0364e-11  -2.1533e-22 -5.36009e-12  2.14373e-22  2.21181e-12 -1.57129e-22  1.52053e-12  8.63923e-23  1.13717e-13 -3.40593e-23 -1.84021e-13  7.68617e-24  -7.5151e-14 -3.12805e-25 -2.29475e-15  1.00952e-24   7.7773e-15 -1.81049e-24   2.8951e-15  9.84291e-25  2.49608e-16 -1.00107e-25 -1.65206e-16 -1.03298e-25 -7.49186e-17  3.95947e-26 -1.31094e-17 -1.02836e-26  4.74265e-19  6.39191e-27  8.76562e-19 -1.29552e-27  2.40529e-19 -7.31201e-28  3.17888e-20  3.13831e-28 -2.17274e-22  5.25362e-30 -1.07304e-21 -1.90617e-29 -2.55827e-22 -1.21601e-30 -3.35956e-23  1.66293e-30 -2.20007e-24  1.99488e-31  9.71677e-26  -1.0229e-31  4.39682e-26 -2.70016e-33  5.83431e-27  3.25877e-33  4.64681e-28 -1.27211e-33  2.24523e-29 -4.13602e-35  4.33692e-31  3.89446e-35 -1.99013e-32  1.52383e-36 -1.66372e-33 -9.57781e-38 -4.57561e-35  6.52473e-40 -3.95153e-37
-7.77225e-16 -7.78243e-31  4.40527e-14  1.11256e-29 -9.74747e-13 -9.12092e-29  1.30073e-11  5.19287e-28 -1.20754e-10 -2.11579e-27  8.37434e-10  6.18027e-27 -4.52214e-09 -1.01657e-26  1.95127e-08 -5.54479e-26 -6.83801e-08  8.87401e-25  1.96463e-07 -6.77039e-24 -4.64543e-07  3.55545e-23  9.02427e-07 -1.40229e-22 -1.42822e-06  4.34285e-22  1.80802e-06 -1.08518e-21 -1.76415e-06  2.22332e-21  1.21918e-06 -3.76182e-21 -4.46278e-07  5.24814e-21 -1.11792e-07  -5.9576e-21  2.33513e-07  5.30086e-21 -8.27149e-08 -3.26396e-21 -4.43387e-08  4.34927e-22  4.10702e-08  2.43665e-21  4.09972e-09 -4.83121e-21 -1.29237e-08  6.39691e-21  1.80897e-11 -6.76906e-21  3.52898e-09  5.79688e-21  8.14403e-11 -3.92469e-21 -8.68511e-10  2.02406e-21 -1.21601e-10 -7.26415e-22  1.74496e-10  6.62884e-23  5.91266e-11  2.30194e-22 -2.14969e-11 -3.46531e-22 -1.63973e-11  3.30126e-22 -6.98023e-13 -2.28834e-22  2.47929e-12  1.17495e-22  8.68511e-13 -4.20074e-23 -7.27527e-14  6.85117e-24 -1.37722e-13  1.34275e-24 -3.76327e-14  1.04376e-24  2.41221e-15 -2.60227e-24   4.6373e-15  1.37817e-24  1.36518e-15  -9.9472e-26  7.65561e-17 -1.47983e-25 -7.69627e-17  4.42727e-26 -3.03527e-17 -9.55396e-27 -5.06288e-18  7.71398e-27  4.72658e-20  -1.5592e-27  2.49607e-19 -8.85186e-28  6.87993e-20   3.5808e-28  9.76307e-21  1.63465e-29  4.15272e-22 -2.79933e-29 -1.48597e-22 -1.87289e-30 -4.14383e-23  2.61848e-30 -5.78952e-24   2.9621e-31 -4.81563e-25 -1.55481e-31  -1.5137e-26 -3.43437e-33  1.90098e-27  3.72886e-33  3.34149e-28 -1.13064e-33  2.67373e-29 -3.68871e-35   1.2865e-30  2.92897e-35   3.5594e-32  1.07746e-36  4.00664e-34 -4.09543e-38 -2.47725e-36  4.08317e-40
 3.18837e-31 -1.21841e-14 -8.20957e-30  3.95224e-13   9.1936e-29 -6.70916e-12 -6.83792e-28  7.48713e-11  3.64495e-27 -6.05887e-10 -1.39443e-26  3.75168e-09  3.78367e-26 -1.83661e-08 -5.54479e-26  7.25692e-08 -2.59106e-25 -2.34415e-07  3.59101e-24  6.23252e-07 -2.44353e-23 -1.36589e-06  1.17054e-22  2.45692e-06 -4.27228e-22 -3.58498e-06  1.23585e-21  4.14271e-06   -2.902e-21  -3.6082e-06  5.60711e-21  2.09039e-06 -8.95513e-21 -4.28024e-07  1.17639e-20 -4.71331e-07 -1.24747e-20  4.37375e-07  1.01528e-20 -4.78817e-08  -5.2805e-21 -1.28524e-07  -5.4856e-22  5.30261e-08   5.7996e-21  2.86641e-08 -9.71322e-21 -1.96694e-08  1.19168e-20 -6.74547e-09  -1.1947e-20  5.40907e-09  9.72357e-21  1.96874e-09 -6.22255e-21 -1.15143e-09  3.00841e-21  -6.1098e-10 -1.00506e-21  1.49703e-10  6.34324e-23   1.5764e-10  3.54943e-22  7.44176e-12 -5.20995e-22 -2.70661e-11  4.79951e-22 -8.87155e-12 -3.14204e-22  1.69798e-12  1.49359e-22  1.85795e-12 -4.73627e-23  3.69488e-13  3.85893e-24  -1.1405e-13  3.98362e-24 -8.22384e-14  1.02515e-24 -1.59607e-14 -3.57718e-24  2.58184e-15  1.81341e-24  2.30666e-15 -7.29392e-26   5.7357e-16 -1.95195e-25  2.42216e-17  4.25323e-26 -2.91312e-17 -7.70683e-27 -1.05769e-17  9.30309e-27 -1.74992e-18 -1.80035e-27 -4.41018e-20  -1.0448e-27  5.46719e-20  4.00393e-28  1.58217e-20  2.91767e-29  2.37855e-21 -3.87469e-29  1.75748e-22 -2.94679e-30 -8.90815e-24  3.78135e-30 -4.50907e-24  4.00232e-31 -6.76719e-25 -2.02481e-31 -6.09554e-26 -4.85591e-33 -3.25078e-27  3.87105e-33 -4.72296e-29 -9.02631e-34  7.60842e-30 -2.73522e-35  6.89072e-31  1.97071e-35  2.79434e-32  6.17847e-37  5.57299e-34 -1.20198e-38  3.62244e-36
 2.20404e-15  4.41571e-30 -1.28279e-13 -7.11062e-29  2.91775e-12  6.77309e-28 -4.00695e-11 -4.56951e-27  3.83307e-10    2.232e-26 -2.74293e-09  -7.8526e-26  1.53073e-08  1.95827e-25 -6.83801e-08 -2.59106e-25  2.48593e-07  -1.0697e-24 -7.42758e-07  1.31412e-23  1.83191e-06 -8.07377e-23 -3.72642e-06  3.55138e-22  6.20854e-06 -1.20456e-21  -8.3406e-06  3.26514e-21  8.75703e-06 -7.22499e-21 -6.71656e-06  1.31968e-20  3.08377e-06 -1.99358e-20  6.04445e-08  2.46968e-20 -1.19395e-06 -2.44729e-20  6.47564e-07  1.81524e-20  1.23151e-07 -7.67138e-21 -2.60111e-07 -3.33059e-21  2.92745e-08  1.21383e-20  7.47624e-08  -1.7969e-20 -1.72011e-08  2.06767e-20  -2.0224e-08 -1.97397e-20  4.48434e-09  1.52886e-20  5.44385e-09 -9.23741e-21 -5.18519e-10  4.18694e-21 -1.33082e-09 -1.32733e-21 -1.30678e-10  8.25988e-23  2.45251e-10   4.9156e-22  8.49769e-11 -7.36116e-22 -2.16455e-11  6.62474e-22 -2.06271e-11 -4.08611e-22 -2.89343e-12  1.77618e-22  2.09439e-12 -4.81091e-23  1.08355e-12 -1.76005e-24  1.05038e-13  7.59709e-24 -8.80168e-14  9.92064e-25 -4.13775e-14 -4.69787e-24 -5.90354e-15  2.24057e-24    1.541e-15 -1.04901e-26  9.78071e-16 -2.37207e-25  2.16724e-16  3.18075e-26  9.44444e-18 -5.33889e-27  -8.8851e-18  1.12757e-26  -3.1183e-18 -1.96647e-27 -5.23532e-19 -1.21196e-27 -3.02615e-20   4.3998e-28  8.33787e-21  4.40501e-29   2.7872e-21 -5.09046e-29  4.39593e-22 -4.36788e-30  4.02428e-23  4.99686e-30  1.15917e-24  4.98188e-31 -2.63236e-25 -2.33524e-31  -4.8741e-26 -6.38197e-33 -4.48217e-27  3.65769e-33 -2.54801e-28 -6.44681e-34 -8.33272e-30 -1.54633e-35 -7.90219e-32  1.16479e-35  4.35596e-33   2.7995e-37  1.36373e-34 -1.63625e-39
-1.54879e-30  3.14417e-14  4.31051e-29 -1.04898e-12 -5.33753e-28  1.83353e-11  4.46837e-27  -2.1094e-10 -2.72048e-26  1.76212e-09  1.20601e-25   -1.128e-08 -3.87694e-25  5.71824e-08  8.87401e-25 -2.34415e-07  -1.0697e-24  7.87365e-07 -3.97012e-24 -2.18263e-06  4.38712e-23  5.00407e-06 -2.45491e-22 -9.45855e-06  9.96649e-22  1.45943e-05 -3.15274e-21 -1.80118e-05  8.03146e-21  1.70689e-05 -1.67902e-20 -1.12908e-05  2.90591e-20  3.63582e-06 -4.16025e-20  1.54213e-06  4.86673e-20 -2.34718e-06 -4.50694e-20  6.74728e-07  3.03203e-20  5.31614e-07 -9.74474e-21  -3.9698e-07 -9.37838e-21 -7.55482e-08  2.29422e-20   1.3404e-07 -3.08279e-20  9.73278e-09  3.35808e-20 -3.78752e-08 -3.06495e-20 -3.55132e-09  2.25953e-20  9.35473e-09 -1.28585e-20  1.97978e-09  5.46297e-21 -1.81725e-09 -1.69506e-21 -7.81696e-10  1.71096e-22  1.91429e-10  6.08579e-22  1.97398e-10 -9.82569e-22   2.0524e-11  8.73022e-22 -2.67471e-11 -5.05778e-22 -1.15319e-11  1.97606e-22  8.22319e-14 -4.25912e-23  1.55315e-12 -1.00809e-23  5.20635e-13  1.19726e-23  6.93779e-15  1.00453e-24 -5.04421e-14 -5.89127e-24 -1.80717e-14   2.5954e-24 -1.98987e-15  9.45832e-26  6.78644e-16 -2.64613e-25  3.55517e-16  1.06214e-26  7.34291e-17 -3.44114e-27  4.14315e-18  1.37029e-26 -2.11114e-18 -1.99956e-27 -7.57123e-19 -1.39238e-27 -1.30208e-19  4.75723e-28 -1.08138e-20  6.15194e-29  6.19299e-22 -6.35478e-29  3.48695e-22 -5.95447e-30  5.84001e-23  6.06055e-30  5.82973e-24  5.75064e-31  3.29306e-25 -2.42257e-31  8.62338e-28 -7.31316e-33 -1.72425e-27  3.14268e-33  -1.7074e-28 -4.06432e-34 -8.88073e-30 -5.08422e-36  -2.6251e-31  5.88353e-36  -3.7454e-33  9.40924e-38 -1.25026e-35
-5.03984e-15 -1.99138e-29  3.01901e-13  3.43112e-28 -7.07523e-12 -3.55244e-27  1.00231e-10  2.64445e-26 -9.90337e-10 -1.44812e-25  7.33012e-09   5.8111e-25 -4.23777e-08 -1.70613e-24  1.96463e-07  3.59101e-24 -7.42758e-07 -3.97012e-24   2.3135e-06 -1.33947e-23 -5.96606e-06  1.34468e-22  1.27376e-05 -6.89747e-22 -2.23892e-05  2.59528e-21  3.19726e-05 -7.68068e-21 -3.61353e-05  1.84382e-20  3.06166e-05 -3.65077e-20 -1.68762e-05  6.00035e-20  2.54325e-06 -8.15621e-20   4.6543e-06  9.02074e-20 -3.75539e-06 -7.80556e-20  1.65213e-07  4.73364e-20  1.23491e-06 -1.01449e-20 -4.20026e-07  -2.0562e-20 -3.04308e-07  3.97181e-20  1.70583e-07 -4.93178e-20   7.6583e-08  5.12488e-20 -4.84208e-08 -4.48579e-20 -2.23751e-08  3.14537e-20  1.01604e-08 -1.67913e-20  6.71269e-09  6.68232e-21 -1.12994e-09 -2.12336e-21 -1.66366e-09  4.00882e-22  -1.6896e-10  6.60325e-22  2.67705e-10 -1.24492e-21  1.06062e-10  1.10449e-21 -1.14964e-11 -5.99181e-22 -1.97502e-11  2.05459e-22 -4.91874e-12 -2.99743e-23  8.82539e-13 -2.06817e-23  8.87333e-13  1.67055e-23  2.13088e-13  1.13229e-24 -1.31523e-14 -7.05582e-24 -2.35167e-14   2.8099e-24  -6.9732e-15  2.43656e-25 -6.48476e-16 -2.68185e-25  2.32948e-16 -2.09534e-26  1.10071e-16 -3.13497e-27  2.19389e-17   1.6579e-26  1.64246e-18 -1.86083e-27  -3.5996e-19 -1.59609e-27 -1.45506e-19  5.06406e-28 -2.57541e-20  8.18447e-29 -2.56641e-21 -7.52701e-29 -6.07528e-23 -7.45196e-30  2.63747e-23  6.77392e-30  5.14932e-24  6.17647e-31  5.29829e-25 -2.27566e-31  3.39442e-26 -7.21351e-33  1.17936e-27  2.44849e-33   -2.848e-30 -2.19297e-34 -2.41532e-30  1.21142e-36 -1.08265e-31  2.42722e-36 -1.84994e-33  1.98478e-38
 6.16734e-30 -6.55455e-14 -1.79679e-28  2.25505e-12   2.3551e-27 -4.06935e-11 -2.11758e-26  4.83921e-10  1.40742e-25 -4.18421e-09 -6.92942e-25  2.77649e-08   2.5198e-24 -1.46144e-07 -6.77039e-24  6.23252e-07  1.31412e-23 -2.18263e-06 -1.33947e-23  6.32512e-06 -4.13987e-23 -1.52103e-05   3.8024e-22  3.02863e-05 -1.79672e-21  -4.9525e-05  6.28729e-21  6.53753e-05 -1.74571e-20 -6.73564e-05  3.95939e-20  5.03186e-05 -7.44326e-20 -2.16898e-05  1.16434e-19 -2.14205e-06 -1.50535e-19  9.84499e-06  1.57578e-19 -4.77849e-06 -1.27347e-19 -1.35105e-06  6.90851e-20  2.13264e-06 -6.82655e-21   -1.258e-07 -3.87951e-20 -6.54039e-07  6.35187e-20    1.147e-07 -7.38731e-20  1.84077e-07  7.37341e-20 -3.05111e-08 -6.20435e-20 -5.03045e-08  4.13006e-20  2.25458e-09 -2.05531e-20  1.22397e-08  7.64854e-21   1.7782e-09 -2.64173e-21 -2.18497e-09   8.6002e-22 -8.93551e-10  5.92866e-22  1.60099e-10 -1.50342e-21  2.01203e-10  1.34857e-21  3.69499e-11 -6.83623e-22 -1.78826e-11  1.99117e-22 -1.10723e-11 -1.05207e-23 -1.54748e-12 -3.26588e-23  7.38888e-13  2.12489e-23  4.21044e-13  1.43924e-24  7.65087e-14 -8.07884e-24 -9.73922e-15  2.82672e-24 -9.21252e-15  4.32176e-25 -2.39504e-15 -2.41084e-25 -2.12796e-16 -6.12492e-26  6.20112e-17  -5.3003e-27  2.85201e-17  1.98203e-26  5.61699e-18 -1.55829e-27   5.2303e-19  -1.8361e-27 -3.33798e-20  5.30681e-28 -2.08248e-20  1.04381e-28 -3.84979e-21 -8.44039e-29 -4.18545e-22 -8.59672e-30  -2.3944e-23  7.00164e-30  5.09097e-25   6.1825e-31  2.58025e-25  -1.9374e-31  2.77889e-26 -6.11331e-33  1.72248e-27  1.72502e-33  6.42844e-29 -9.38908e-35  1.21911e-30  3.26499e-36  2.64689e-33  7.50526e-37 -1.57454e-34
 9.28519e-15   7.3603e-29 -5.74202e-13 -1.31632e-27  1.39073e-11  1.43069e-26 -2.03852e-10 -1.13661e-25  2.08672e-09  6.76081e-25  -1.6024e-08 -2.99837e-24   9.6262e-08   9.9081e-24 -4.64543e-07 -2.44353e-23  1.83191e-06  4.38712e-23 -5.96606e-06 -4.13987e-23  1.61339e-05 -1.17861e-22 -3.62566e-05  9.95644e-22  6.74114e-05 -4.35082e-21 -0.000102556  1.42013e-20  0.000124898 -3.70908e-20 -0.000116561  7.96839e-20  7.51478e-05 -1.42576e-19 -2.19328e-05  2.12737e-19 -1.28478e-05 -2.62059e-19  1.68167e-05  2.59882e-19 -4.15707e-06 -1.96024e-19 -4.25942e-06   9.4228e-20  2.83617e-06  2.66573e-21  7.18175e-07 -6.53866e-20 -1.01756e-06  9.43506e-20 -1.20364e-07 -1.03948e-19  2.98073e-07  1.00291e-19  4.05357e-08 -8.12689e-20  -7.4893e-08  5.11969e-20 -1.91897e-08 -2.35216e-20  1.44325e-08  8.15002e-21  7.11733e-09 -3.28494e-21 -1.35617e-09  1.63372e-21 -1.73779e-09  3.53804e-22 -2.43542e-10 -1.73624e-21  2.21166e-10  1.59674e-21  1.08741e-10 -7.56437e-22  3.82428e-12  1.78884e-22 -1.32692e-11  1.44284e-23 -5.07556e-12 -4.47622e-23 -2.90801e-13  2.50023e-23  4.15224e-13  1.96742e-24  1.71914e-13 -8.86066e-24  2.49373e-14  2.61298e-24 -4.29218e-15  6.50825e-25 -3.05993e-15 -1.80786e-25 -7.29388e-16  -1.0737e-25 -6.86604e-17 -1.02186e-26  1.20991e-17  2.32905e-26  6.00203e-18  -1.1639e-27  1.18702e-18 -2.12442e-27  1.27537e-19  5.46528e-28  1.97669e-21  1.27187e-28 -1.97825e-21 -8.94252e-29 -4.06583e-22 -9.18499e-30 -4.58079e-23  6.70869e-30 -3.17495e-24  5.77166e-31 -1.02189e-25  -1.4893e-31  4.07381e-27  -4.4347e-33  6.86073e-28  1.09845e-33  3.84245e-29 -2.41714e-35  1.10366e-30   2.6874e-36  1.39031e-32  1.40741e-37
 -2.0557e-29  1.09914e-13   6.1414e-28 -3.91344e-12 -8.29276e-27  7.31654e-11  7.79319e-26 -9.02528e-10 -5.51592e-25  8.10549e-09   2.9442e-24  -5.5947e-08 -1.17989e-23  3.06824e-07  3.55545e-23 -1.36589e-06 -8.07377e-23  5.00407e-06  1.34468e-22 -1.52103e-05 -1.17861e-22  3.84893e-05 -3.10374e-22 -8.09823e-05  2.42109e-21  0.000140732 -9.81501e-21 -0.000199117  2.99608e-20  0.000223088 -7.37937e-20 -0.000186874  1.50556e-19  0.000100357 -2.57052e-19 -1.15094e-05  3.66666e-19 -3.16096e-05  -4.3107e-19  2.38279e-05  4.05321e-19 -1.13281e-07 -2.85093e-19 -8.48976e-06  1.20016e-19  2.60794e-06  2.05292e-20  2.23108e-06  -1.0021e-19 -1.14333e-06  1.30653e-19 -5.87835e-07 -1.37789e-19  3.36761e-07  1.29289e-19  1.75202e-07 -1.00997e-19 -7.13324e-08  5.99295e-20 -5.28669e-08  -2.5035e-20  7.23167e-09  7.99227e-21  1.30948e-08 -4.07259e-21   1.6885e-09  2.77837e-21 -2.06298e-09 -9.65574e-23 -9.03798e-10 -1.92131e-21  6.36103e-11  1.84066e-21  1.60202e-10 -8.17906e-22  4.49032e-11  1.47323e-22 -5.45956e-12  4.27761e-23 -7.28849e-12 -5.56132e-23 -1.97729e-12  2.74203e-23  2.26615e-14  2.72337e-24  1.83957e-13 -9.33927e-24  6.15478e-14   2.1694e-24  7.65586e-15   8.8806e-25 -1.36847e-15 -9.01343e-26 -8.56726e-16 -1.55805e-25 -1.93807e-16 -1.73597e-26 -2.02069e-17  2.68301e-26  1.41941e-18 -8.08287e-28  9.78715e-19 -2.46556e-27  1.97879e-19  5.50542e-28  2.30614e-20  1.47097e-28  1.26123e-21 -8.93923e-29 -8.51803e-23 -9.12567e-30 -2.71451e-23  5.96522e-30 -3.14859e-24  5.02589e-31 -2.21268e-25 -1.02527e-31 -9.41863e-27 -2.72655e-33 -1.75099e-28  6.35519e-34  3.50352e-30  5.16145e-36  2.40599e-31   1.3718e-36  2.96518e-33
-1.36558e-14 -2.27951e-28  8.75522e-13  4.14663e-27 -2.20077e-11 -4.62131e-26  3.35172e-10  3.83457e-25  -3.5692e-09 -2.42985e-24  2.85508e-08   1.1677e-23 -1.78937e-07 -4.24445e-23  9.02427e-07  1.17054e-22 -3.72642e-06 -2.45491e-22  1.27376e-05   3.8024e-22 -3.62566e-05 -3.10374e-22  8.60661e-05 -7.58367e-22 -0.000169834  5.47948e-21  0.000276052 -2.06615e-20 -0.000362931  5.91237e-20  0.000372576 -1.37672e-19 -0.000276424   2.6747e-19  0.000115807 -4.36924e-19  1.72698e-05   5.9718e-19 -5.85339e-05 -6.71123e-19  2.71725e-05    5.987e-19  9.10626e-06 -3.92239e-19  -1.3073e-05  1.42547e-19  4.86126e-07  4.77141e-20  4.21226e-06 -1.40959e-19  -6.6433e-07  1.69101e-19 -1.23065e-06 -1.72516e-19  1.83637e-07  1.58338e-19  3.45988e-07 -1.19264e-19 -9.96428e-09  6.62154e-20 -8.59456e-08 -2.45288e-20 -1.40453e-08  7.02715e-21  1.54504e-08 -4.98268e-21  6.76554e-09  4.29569e-21 -1.04133e-09 -7.75799e-22 -1.50643e-09 -2.03725e-21 -3.08255e-10   2.0719e-21   1.2566e-10 -8.70796e-22  8.59392e-11  1.08495e-22  1.39961e-11  7.21934e-23 -5.05967e-12 -6.39411e-23 -3.27627e-12  2.81184e-23 -6.74585e-13  3.66892e-24  4.56017e-14 -9.50886e-24  6.74167e-14  1.53198e-24  1.94614e-14  1.13307e-24  2.26079e-15  2.28493e-26 -3.18361e-16 -2.03041e-25 -1.98409e-16 -2.53997e-26 -4.37113e-17  3.02714e-26 -5.02101e-18 -6.49096e-28 -1.81676e-20 -2.84967e-27  1.13941e-19  5.37783e-28  2.45755e-20  1.60358e-28  2.97462e-21 -8.42439e-29  2.13865e-22 -8.46004e-30  4.71288e-24  4.92053e-30 -8.64508e-25  4.07976e-31 -1.18761e-25 -6.23904e-32 -7.80206e-27 -1.39577e-33 -2.98315e-28  3.38973e-34 -6.09675e-30  1.12453e-35 -4.45964e-32  4.22594e-37
 5.82569e-29 -1.46202e-13 -1.76095e-27  5.41515e-12  2.40261e-26 -1.05426e-10 -2.31262e-25  1.35572e-09   1.7129e-24 -1.27083e-08 -9.75578e-24  9.16794e-08  4.23699e-23 -5.26309e-07 -1.40229e-22  2.45692e-06  3.55138e-22 -9.45855e-06 -6.89747e-22  3.02863e-05  9.95644e-22 -8.09823e-05 -7.58367e-22  0.000180761 -1.72334e-21 -0.000335045  1.15613e-20  0.000509587 -4.06362e-20 -0.000621652  1.09249e-19  0.000581443 -2.41125e-19 -0.000374408  4.47389e-19  0.000105397 -7.01245e-19  7.15122e-05  9.20548e-19 -8.99149e-05 -9.90424e-19  2.13201e-05   8.3862e-19  2.42016e-05 -5.11026e-19  -1.5859e-05  1.57557e-19  -4.3256e-06  8.28752e-20   5.9627e-06 -1.82843e-19  7.63153e-07  2.04954e-19 -1.81453e-06 -2.04564e-19 -2.60642e-07   1.8463e-19  4.71401e-07 -1.33997e-19  1.25196e-07  6.89717e-20  -9.3336e-08 -2.16744e-20 -4.75208e-08  5.17308e-21  8.75341e-09 -5.92918e-21  1.18314e-08  6.11565e-21  1.78047e-09 -1.67415e-21 -1.50359e-09 -2.06386e-21 -7.75199e-10  2.28148e-21 -3.92509e-11 -9.19262e-22  9.18568e-11  6.68257e-23   3.7353e-11  1.00663e-22  2.91531e-12 -6.87788e-23 -2.79014e-12  2.69578e-23 -1.25704e-12  4.71916e-24 -2.07834e-13 -9.42693e-24  2.16022e-14  7.65438e-25  2.07212e-14  1.37797e-24  5.41179e-15  1.46391e-25  6.31611e-16 -2.45954e-25 -4.82841e-17 -3.24829e-26 -3.67446e-17  3.34289e-26 -8.06066e-18 -8.21191e-28 -9.91681e-19 -3.24857e-27 -4.73994e-20   5.0281e-28  7.75341e-21  1.63681e-28  2.09232e-21 -7.48275e-29  2.58286e-22 -7.34128e-30  1.97497e-23   3.7582e-30  8.70216e-25   3.0809e-31  6.81113e-27 -3.29528e-32 -1.72541e-27 -5.82108e-34 -1.10017e-28  1.70276e-34 -2.87685e-30  7.83227e-36 -2.43722e-32
