 4.35537e-06 -1.73645e-20 -3.55455e-05  2.60031e-19  9.22326e-05 -9.64154e-19 -0.000103228  1.55219e-18  3.48697e-05 -1.06635e-18  1.98994e-05  9.33467e-20 -8.10575e-06 -3.70876e-20  -6.8352e-06   5.6827e-19 -1.83957e-07 -5.00668e-19  1.62099e-06 -6.57657e-22  8.26645e-07  2.27746e-19  6.15806e-08 -1.99828e-19 -1.51672e-07  1.28952e-19 -1.04912e-07 -3.69566e-20 -3.39756e-08 -2.18227e-20  -8.5011e-10  1.43924e-20  5.92047e-09  6.53959e-21  4.05675e-09 -6.11439e-21  1.66568e-09 -1.07844e-21  4.40377e-10  1.32164e-21  3.36148e-11   3.5274e-22 -4.16127e-11 -2.18694e-22  -3.1136e-11 -4.97004e-23 -1.42911e-11  1.00559e-23 -5.11647e-12  3.55986e-24 -1.50417e-12  2.00663e-24 -3.58605e-13 -1.03107e-24 -6.19749e-14 -8.88933e-25 -2.95577e-15  1.02114e-25   3.3649e-15  2.78466e-25  1.93197e-15  8.15371e-26  7.22878e-16 -2.60069e-26  2.22493e-16 -1.90628e-26  6.01915e-17 -5.81779e-28  1.47301e-17  1.31973e-27  3.31099e-18 -3.14488e-28   6.8984e-19 -3.37727e-28  1.34008e-19  4.08186e-31  2.43692e-20  6.91789e-29  4.16002e-21  2.75965e-29  6.67961e-22  1.99898e-30   1.0102e-22 -2.04862e-30  1.44022e-23 -8.83795e-31  1.93631e-24 -1.82346e-31  2.45453e-25 -2.75139e-32  2.93139e-26 -5.61015e-33  3.29339e-27  -1.2117e-33  3.47276e-28 -7.08692e-36  3.42582e-29  1.29881e-34  3.14821e-30  6.30665e-35  2.68067e-31  1.81717e-35   2.1012e-32   3.5341e-36  1.50464e-33  4.50383e-37  9.76059e-35  2.67483e-38  5.68546e-36 -3.66026e-39  2.94437e-37 -1.45507e-39  1.33251e-38  -2.5068e-40    5.034e-40 -2.67237e-41  1.38677e-41 -2.27177e-42  1.56228e-43  -2.7706e-43 -4.73892e-45 -3.53058e-44 -1.48672e-47 -2.44516e-45  1.18158e-47  -5.4717e-47
-1.73645e-20  5.48076e-05 -1.72345e-19 -0.000248141  1.76109e-18  0.000463802 -5.04146e-18 -0.000372919  6.34444e-18  3.67369e-05 -2.91677e-18  9.56952e-05   -6.431e-19 -6.07959e-07 -2.60771e-19 -2.55055e-05  2.26989e-18 -8.84862e-06 -1.49649e-18  2.61527e-06 -1.71477e-19  3.48224e-06  6.03607e-19  1.28269e-06 -4.88219e-19 -4.91649e-08  3.51925e-19 -3.13019e-07 -8.66495e-20 -1.88318e-07  -8.0471e-20 -5.92695e-08  4.27582e-20 -2.95275e-09  2.24808e-20  8.83533e-09  -1.7361e-20  6.39604e-09 -4.91526e-21  2.80994e-09  3.69186e-21  8.72094e-10  1.34033e-21  1.64078e-10 -4.48678e-22  -1.2028e-11 -1.79952e-22 -2.80873e-11  -2.7581e-24 -1.58265e-11  1.32853e-23  -6.4251e-12  6.69033e-24 -2.14989e-12 -4.15474e-24 -6.17646e-13 -3.30597e-24 -1.53668e-13  2.88464e-25 -3.25471e-14  9.90502e-25 -5.48266e-15  3.00817e-25 -5.40454e-16 -7.13625e-26  7.38281e-17 -5.35649e-26  6.19281e-17 -1.90534e-27  2.26828e-17  1.91457e-27  6.44407e-18  -2.0687e-27  1.57797e-18 -1.22431e-27  3.46324e-19  7.44191e-29  6.94114e-20  2.75821e-28  1.28338e-20  1.08154e-28  2.20185e-21  1.20277e-29  3.51699e-22 -5.18186e-30  5.23875e-23  -2.7237e-30  7.28065e-24 -7.07017e-31  9.43625e-25 -1.57981e-31  1.13911e-25 -3.84801e-32  1.27817e-26 -7.96114e-33  1.32948e-27 -5.39386e-34  1.27739e-28  4.26825e-34  1.12886e-29  2.28895e-34   9.1274e-31  6.62297e-35  6.70986e-32  1.30031e-35  4.45163e-33   1.7726e-36  2.64325e-34  1.44344e-37  1.39233e-35 -2.80938e-39  6.44308e-37 -3.25416e-39  2.57355e-38 -5.75934e-40  8.40558e-40 -6.15683e-41  1.85558e-41  -6.2021e-42  5.40502e-44 -7.78997e-43 -9.09691e-45 -7.45726e-44  9.24744e-47 -3.29566e-45  1.09389e-47
-3.55455e-05 -1.72345e-19  0.000334681 -9.64916e-19   -0.0010274  7.36356e-18   0.00144064 -1.67652e-17 -0.000796104  1.64306e-17 -0.000142685 -3.95268e-18  0.000228593 -3.60963e-18  7.12635e-05 -1.39877e-18  -4.2707e-05   5.8974e-18 -3.50692e-05 -2.80362e-18 -4.85714e-06 -6.49212e-19  6.30936e-06   9.3966e-19  4.71589e-06 -7.99347e-19  1.34333e-06  7.02212e-19 -2.15898e-07 -1.44618e-19 -4.26139e-07 -1.91787e-19 -2.36558e-07  8.91133e-20  -7.5372e-08  5.27159e-20 -7.26178e-09 -3.49603e-20  8.15903e-09 -1.35629e-20  6.63256e-09  6.78745e-21  3.14149e-09   3.3304e-21  1.10145e-09 -4.73278e-22  2.86943e-10 -3.92245e-22  4.33531e-11 -5.64566e-23 -6.49561e-12  3.04148e-23 -8.48743e-12  1.39909e-23 -4.26565e-12 -1.24274e-23   -1.617e-12 -9.02889e-24 -5.18351e-13  5.01436e-25 -1.46422e-13  2.41759e-24 -3.71218e-14  7.56806e-25 -8.51315e-15 -1.16096e-25 -1.76757e-15 -9.43236e-26 -3.30251e-16 -3.46827e-27 -5.46014e-17 -2.05188e-27 -7.67014e-18 -7.90856e-27 -8.11458e-19 -3.32935e-27 -2.83578e-20   3.3424e-28   1.5076e-20  7.72946e-28  5.56101e-21  3.04684e-28  1.30477e-21  4.67403e-29  2.49659e-22 -6.39318e-30  4.16095e-23 -5.42406e-30  6.20085e-24 -1.79809e-30   8.3628e-25 -5.10148e-31   1.0263e-25 -1.36659e-31  1.14819e-26 -2.86793e-32  1.17036e-27 -2.64007e-33  1.08431e-28   9.6908e-34  9.09404e-30  5.74805e-34  6.86512e-31  1.66603e-34  4.62959e-32  3.28766e-35  2.76301e-33  4.64718e-36  1.44487e-34  4.30919e-37  6.57316e-36  1.01533e-38  2.59783e-37 -4.44826e-39  8.74673e-39 -8.61587e-40   2.0602e-40 -9.95725e-41  -1.3745e-42 -1.16723e-41 -3.98924e-43 -1.32643e-42 -1.13719e-44   -9.109e-44  1.67189e-46 -2.13992e-45
 2.60031e-19 -0.000248141 -9.64916e-19   0.00132267 -3.73568e-18  -0.00300837  2.24228e-17    0.0032189 -4.13725e-17  -0.00106866  3.09867e-17 -0.000679257 -9.75173e-20  0.000306013 -9.84441e-18  0.000248387 -4.76816e-18 -1.06206e-05  1.14888e-17 -7.21743e-05 -3.61419e-18 -3.13054e-05 -1.36938e-18  1.91115e-06  8.14456e-19  8.83113e-06 -1.03884e-18  4.92827e-06  1.18113e-18   1.1282e-06 -2.04177e-19 -3.27884e-07 -3.50676e-19 -4.50742e-07  1.55051e-19 -2.40217e-07  9.91631e-20 -7.98035e-08  -5.7843e-20 -1.23442e-08 -2.85074e-20  4.69747e-09   9.2412e-21  5.00301e-09  6.33221e-21  2.60448e-09 -2.62084e-24  1.00846e-09 -6.08005e-22   3.1223e-10 -1.36286e-22   7.6008e-11  6.22218e-23  1.23112e-11  2.20948e-23 -2.72854e-13 -3.08576e-23 -1.24466e-12 -2.05868e-23 -6.44088e-13  3.47424e-25   -2.391e-13  4.60568e-24 -7.45091e-14   1.5049e-24 -2.05348e-14 -9.27887e-26 -5.12775e-15 -1.04884e-25 -1.17573e-15 -3.90595e-27 -2.49553e-16   -1.885e-26 -4.92963e-17 -2.25877e-26 -9.09642e-18  -7.7554e-27  -1.5722e-18  8.81606e-28 -2.55055e-19  1.74448e-27 -3.89049e-20  7.06088e-28 -5.58836e-21  1.37965e-28 -7.56977e-22  3.17568e-30  -9.6816e-23 -7.41794e-30 -1.17034e-23 -3.45224e-30 -1.33784e-24 -1.19263e-30 -1.44572e-25 -3.43285e-31 -1.47473e-26 -7.30836e-32 -1.41572e-27 -7.40764e-33 -1.27303e-28  1.84542e-33 -1.06539e-29  1.16982e-33 -8.23238e-31  3.36715e-34 -5.81735e-32  6.61723e-35 -3.71544e-33  9.45315e-36 -2.11138e-34  9.25069e-37  -1.0438e-35  4.13648e-38 -4.35773e-37 -3.85589e-39 -1.50681e-38 -9.88793e-40  -4.6221e-40 -1.34163e-40 -1.55623e-41 -1.68479e-41 -5.07104e-43 -1.56969e-42 -5.99896e-45 -7.10043e-44  1.33416e-46
 9.22326e-05  1.76109e-18   -0.0010274 -3.73568e-18    0.0038085 -1.09679e-17  -0.00674484  5.35581e-17   0.00549216  -8.1029e-17 -0.000631455  4.44755e-17  -0.00156157  1.32907e-17  0.000110002 -1.85692e-17  0.000485868 -1.15934e-17  0.000128281  1.77882e-17 -8.26397e-05 -2.83475e-18  -7.5526e-05 -1.94769e-18 -1.96233e-05 -1.66509e-19   7.4569e-06 -1.18624e-18  9.37684e-06  1.74572e-18  4.35243e-06 -2.75919e-19  8.39909e-07 -5.30561e-19 -3.35957e-07  2.44935e-19 -3.94302e-07  1.61996e-19 -2.07712e-07 -8.29261e-20 -7.31442e-08 -5.00001e-20 -1.56527e-08  9.13538e-21  6.70762e-10  9.77763e-21  2.65436e-09  1.06847e-21  1.61595e-09 -6.97326e-22  6.89398e-10  -1.6784e-22  2.38547e-10  1.35015e-22  6.96495e-11   3.1058e-23  1.71416e-11 -6.50207e-23  3.38873e-12 -4.08195e-23  4.34752e-13   -1.153e-24 -2.41669e-14  7.13853e-24 -4.04676e-14  2.51432e-24 -1.74555e-14  1.14835e-25 -5.59246e-15 -2.48282e-26 -1.52309e-15 -4.45642e-27 -3.69454e-16 -6.25308e-26  -8.1581e-17 -5.33945e-26 -1.65954e-17 -1.63052e-26 -3.13198e-18  1.63725e-27 -5.50759e-19  3.34268e-27 -9.04765e-20  1.41561e-27 -1.39038e-20  3.32217e-28 -1.99956e-21  3.87045e-29 -2.69015e-22 -5.29824e-30 -3.38208e-23 -5.24042e-30 -3.96626e-24 -2.22551e-30 -4.32805e-25 -6.81492e-31 -4.38055e-26 -1.45672e-31 -4.09607e-27 -1.47885e-32 -3.52144e-28   3.2763e-33 -2.76757e-29  2.06782e-33 -1.97492e-30  5.82512e-34 -1.26921e-31  1.12548e-34  -7.2709e-33  1.59084e-35 -3.66047e-34  1.57892e-36 -1.58529e-35  8.85927e-38 -5.72878e-37  -1.3618e-39 -1.68395e-38 -9.69159e-40 -4.26753e-40 -1.59777e-40 -1.15099e-41 -1.91117e-41 -2.68661e-43 -1.33726e-42 -3.42496e-46 -3.26883e-44
-9.64154e-19  0.000463802  7.36356e-18  -0.00300837 -1.09679e-17   0.00853341 -2.57772e-17    -0.012134  1.04873e-16   0.00731658 -1.31011e-16  0.000981755  4.83036e-17  -0.00243943  3.78574e-17  -0.00053484 -2.69059e-17  0.000620233 -2.19892e-17  0.000380392  2.25258e-17 -1.11128e-05   3.0493e-19 -0.000111924 -1.82835e-18 -6.01518e-05 -2.06416e-18 -7.61922e-06 -1.28577e-18  9.92467e-06  2.28352e-18  8.33091e-06 -4.01419e-19  3.43082e-06 -6.97617e-19  6.06475e-07  3.65635e-19 -2.59435e-07  2.41787e-19 -2.92082e-07 -1.04582e-19 -1.55661e-07 -7.63746e-20 -5.84066e-08  4.80679e-21 -1.55685e-08  1.25138e-20 -2.02239e-09  2.45583e-21  7.26931e-10 -5.61785e-22  6.97496e-10 -2.63178e-23   3.4302e-10  3.00421e-22  1.30721e-10  4.84333e-23  4.22435e-11 -1.17185e-22  1.19656e-11 -7.15608e-23  3.00746e-12 -5.57982e-24  6.70392e-13  9.06988e-24   1.3056e-13  3.67626e-24  2.12518e-14  6.62462e-25  2.49507e-15  2.13684e-25  4.06509e-17 -1.67025e-26 -8.93967e-17 -1.54489e-25 -3.51271e-17 -1.10423e-25 -9.46401e-18 -3.18355e-26 -2.11962e-18  2.07483e-27 -4.17842e-19  5.57794e-27 -7.42816e-20  2.51575e-27 -1.20525e-20  6.79598e-28 -1.79591e-21   1.1853e-28 -2.46488e-22  5.59407e-30  -3.1189e-23 -6.30714e-30 -3.63629e-24 -3.48751e-30  -3.8995e-25 -1.12949e-30  -3.8357e-26 -2.38947e-31 -3.44757e-27 -2.24763e-32 -2.81781e-28  5.68581e-33 -2.08184e-29  3.29155e-33  -1.3803e-30  8.91314e-34 -8.13962e-32  1.66875e-34 -4.21828e-33  2.29367e-35 -1.88561e-34  2.25251e-36 -7.03296e-36  1.39035e-37 -2.06805e-37  1.74537e-39 -4.55961e-39 -9.04082e-40 -9.71313e-41 -1.68222e-40 -3.34357e-42 -1.70315e-41 -6.14984e-44 -8.02916e-43   9.5271e-46
-0.000103228 -5.04146e-18   0.00144064  2.24228e-17  -0.00674484 -2.57772e-17    0.0155324 -5.02733e-17   -0.0180805  1.73492e-16   0.00750706 -1.79698e-16   0.00371152  3.60835e-17  -0.00273502  6.99494e-17  -0.00157665 -3.13635e-17   0.00044325 -3.46075e-17  0.000657012  2.35197e-17  0.000173567  5.76879e-18 -9.64168e-05 -6.10017e-19 -0.000103905 -4.46029e-18 -3.92763e-05 -1.35043e-18  4.04947e-07  2.62851e-18  9.60019e-06 -6.53206e-19  6.51312e-06 -8.33887e-19  2.50239e-06  5.19113e-19  4.54135e-07  3.39947e-19 -1.49663e-07 -1.14731e-19 -1.82842e-07 -1.03516e-19 -1.00819e-07 -4.23174e-21 -4.02558e-08   1.3098e-20 -1.24388e-08  3.45051e-21 -2.80238e-09 -2.21492e-22 -2.74075e-10  4.18209e-22  1.39383e-10  6.25173e-22  1.08787e-10  9.29931e-23  4.85698e-11  -1.8165e-22   1.7266e-11 -1.11914e-22  5.30148e-12 -1.46179e-23  1.45364e-12   9.2414e-24  3.62001e-13  4.93041e-24  8.26576e-14   1.7391e-24  1.74011e-14   6.6136e-25  3.38793e-15 -7.14911e-26  6.10889e-16 -3.24258e-25  1.02024e-16 -2.06623e-25  1.57658e-17 -5.86354e-26  2.24963e-18  9.44261e-28  2.95507e-19  8.19502e-27   3.5592e-20  4.01497e-27  3.91207e-21  1.21162e-27  3.90556e-22  2.56654e-28  3.53342e-23  2.92641e-29  2.91708e-24 -5.70235e-30  2.26928e-25 -4.73672e-30  1.80082e-26 -1.61328e-30  1.61669e-27  -3.3151e-31   1.6655e-28 -2.59632e-32  1.77853e-29  9.58443e-33  1.77561e-30  4.80027e-33  1.56899e-31   1.2275e-33  1.19909e-32  2.19576e-34  7.86712e-34  2.89359e-35  4.45139e-35   2.7603e-36  2.19988e-36  1.74296e-37  9.40349e-38  3.69792e-39  3.12831e-39 -8.58551e-40   5.8296e-41 -1.52297e-40  4.37541e-44 -1.17097e-41  6.02092e-45 -3.01354e-43
 1.55219e-18 -0.000372919 -1.67652e-17    0.0032189  5.35581e-17    -0.012134 -5.02733e-17    0.0237067 -8.34896e-17   -0.0228504  2.47905e-16   0.00535645   -2.137e-16   0.00685409  8.69068e-18  -0.00198057  1.02006e-16  -0.00268812 -2.99474e-17 -0.000157914 -4.73938e-17  0.000797947  1.97871e-17  0.000439258  1.26435e-17  7.09009e-06  1.69599e-18 -0.000119653 -6.56948e-18 -7.84208e-05 -1.26866e-18 -2.18447e-05  2.62958e-18  3.89712e-06 -1.11115e-18  7.69688e-06 -9.53783e-19  4.60864e-06  6.91931e-19  1.72358e-06  4.55631e-19  3.53697e-07 -1.04581e-19 -5.31916e-08 -1.25019e-19 -9.37674e-08 -1.67241e-20 -5.52874e-08  1.02823e-20 -2.34728e-08  3.09894e-21  -8.0203e-09  1.52828e-22 -2.24794e-09  1.24038e-21 -4.94596e-10  1.16536e-21 -6.73142e-11   1.9287e-22  6.49335e-12 -2.42436e-22  8.94429e-12  -1.5708e-22  4.11946e-12 -2.90508e-23  1.42836e-12  7.02585e-24  4.21845e-13  6.52327e-24  1.10942e-13  3.58339e-24  2.65438e-14  1.33453e-24  5.84775e-15 -2.22251e-25   1.1951e-15 -6.07878e-25  2.27674e-16 -3.57192e-25  4.05624e-17 -1.02513e-25  6.77262e-18  -3.8454e-27  1.06115e-18  1.05937e-26  1.56113e-19  5.79489e-27  2.15643e-20   1.9148e-27  2.79495e-21  4.53173e-28  3.39454e-22    6.643e-29  3.85551e-23 -2.93761e-30  4.08388e-24 -5.70494e-30  4.01974e-25  -2.0253e-30  3.66027e-26 -3.93767e-31  3.06659e-27 -2.01771e-32   2.3484e-28  1.52375e-32  1.63091e-29  6.45123e-33  1.01735e-30  1.53515e-33  5.63606e-32  2.59149e-34  2.73875e-33   3.2359e-35  1.15461e-34    2.949e-36  4.19403e-36  1.80389e-37  1.29493e-37  3.60842e-39  3.15592e-39 -8.04518e-40  4.78882e-41 -1.14499e-40  3.42624e-43 -5.92277e-42  8.20538e-45
 3.48697e-05  6.34444e-18 -0.000796104 -4.13725e-17   0.00549216  1.04873e-16   -0.0180805 -8.34896e-17    0.0311427 -1.20325e-16   -0.0249706  3.11163e-16   0.00110491 -2.24971e-16   0.00939708 -2.51695e-17 -0.000118249  1.26872e-16  -0.00341374 -2.31245e-17  -0.00110493 -5.87724e-17  0.000654689  1.18682e-17  0.000689168  1.94092e-17  0.000197617  4.63479e-18 -7.63824e-05 -7.52817e-18 -0.000104523 -7.96193e-19 -5.16847e-05  2.23678e-18 -1.07016e-05 -1.82014e-18  4.26025e-06 -1.10121e-18  5.36394e-06  8.50206e-19  2.98996e-06  5.80902e-19   1.1247e-06 -6.78849e-20  2.71201e-07 -1.33494e-19  6.49369e-09 -2.98511e-20 -3.58691e-08  3.44482e-21 -2.45246e-08  5.17377e-22 -1.11977e-08  2.81365e-22 -4.12213e-09   2.4115e-21 -1.29109e-09  1.93628e-21  -3.4951e-10  3.77054e-22 -8.11137e-11  -2.7605e-22  -1.5437e-11 -1.98704e-22 -2.03454e-12 -4.75841e-23  1.16522e-14  3.28199e-24  1.23963e-13   9.3227e-24  5.38737e-14  6.52354e-24  1.66549e-14  2.21905e-24  4.32167e-15 -5.36449e-25  9.92189e-16  -1.0422e-24  2.06337e-16  -5.7756e-25  3.93485e-17  -1.7013e-25  6.92836e-18 -1.49945e-26  1.13073e-18  1.18616e-26  1.71379e-19  7.58724e-27  2.41377e-20  2.71285e-27  3.15781e-21  6.87275e-28  3.83231e-22  1.12557e-28  4.30534e-23   1.5604e-30  4.46454e-24 -6.21121e-30  4.25771e-25 -2.26109e-30  3.71739e-26 -3.99184e-31  2.95512e-27 -2.03438e-33  2.12468e-28  2.22958e-32  1.37043e-29  7.99054e-33  7.85073e-31  1.75089e-33  3.94652e-32  2.76094e-34  1.71831e-33  3.23246e-35  6.41481e-35  2.76607e-36  2.04842e-36  1.55924e-37  5.53516e-38  2.00393e-39  1.14974e-39 -6.82683e-40  1.41427e-41 -6.87033e-41  1.44878e-43 -1.92655e-42
-1.06635e-18  3.67369e-05  1.64306e-17  -0.00106866  -8.1029e-17   0.00731658  1.73492e-16   -0.0228504 -1.20325e-16    0.0360671 -1.52508e-16   -0.0239958   3.4734e-16  -0.00420776 -2.14933e-16     0.010544 -5.35293e-17   0.00246418  1.41716e-16  -0.00340024 -1.30181e-17  -0.00214915 -6.81743e-17  0.000174055  1.28829e-18  0.000802602  2.43193e-17  0.000427122  7.46871e-18   3.7158e-05 -6.70727e-18 -9.46007e-05  3.55407e-19 -7.61988e-05  1.55204e-18 -3.11744e-05  -2.7499e-18 -4.91799e-06 -1.32691e-18  3.18141e-06  9.45977e-19  3.30224e-06  6.98448e-19  1.77763e-06 -3.98771e-21  6.86223e-07 -1.22784e-19  1.92059e-07 -4.01791e-20   2.9186e-08 -7.24741e-21 -6.68939e-09 -4.81262e-21 -7.87467e-09 -1.41204e-22 -4.10265e-09  3.78182e-21 -1.62921e-09  2.89118e-21 -5.47465e-10  6.62008e-22 -1.61861e-10 -2.59716e-22 -4.28614e-11 -2.26995e-22 -1.02453e-11 -6.59999e-23 -2.21328e-12  1.11976e-24 -4.29814e-13  1.50345e-23 -7.39036e-14  1.10148e-23 -1.08505e-14   3.2965e-24 -1.22743e-15  -1.0746e-24 -6.06714e-17 -1.65501e-24  1.79641e-17 -8.79514e-25  7.50394e-18 -2.67312e-25  1.83494e-18 -3.51467e-26  3.59415e-19  1.09578e-26  6.08056e-20  9.00615e-27  9.14609e-21  3.47001e-27   1.2392e-21  9.17614e-28  1.52129e-22  1.58002e-28  1.69538e-23  6.43763e-30  1.71403e-24 -6.22317e-30  1.56793e-25 -2.25534e-30  1.29208e-26 -3.35489e-31  9.53331e-28  2.75128e-32  6.24604e-29  2.96631e-32  3.59386e-30  9.10518e-33  1.78905e-31  1.82451e-33  7.56157e-33  2.66489e-34  2.67218e-34  2.89534e-35  8.06763e-36  2.28123e-36  2.32993e-37  1.12365e-37   6.8414e-39  1.71054e-40  1.50651e-40 -4.87629e-40  1.99115e-42 -3.09798e-41  4.64057e-44
 1.98994e-05 -2.91677e-18 -0.000142685  3.09867e-17 -0.000631455 -1.31011e-16   0.00750706  2.47905e-16   -0.0249706 -1.52508e-16     0.037726 -1.71214e-16   -0.0205929  3.47435e-16  -0.00933376 -1.93135e-16    0.0100424 -6.74479e-17   0.00515051  1.48809e-16  -0.00254804 -1.73557e-18   -0.0029843 -7.55337e-17 -0.000571861  -1.0276e-17  0.000690561  2.57552e-17  0.000616638  9.39689e-18  0.000201805 -3.92856e-18 -3.55653e-05  2.38366e-18 -7.98222e-05  8.10466e-19 -4.95557e-05 -3.78138e-18 -1.78991e-05  -1.6586e-18 -2.42065e-06  9.33576e-19  1.84271e-06  7.85006e-19  1.78827e-06  8.13713e-20   9.5553e-07  -9.0051e-20  3.81697e-07 -4.49307e-20   1.1982e-07 -2.09753e-20  2.80341e-08 -1.28932e-20  3.28361e-09 -1.36968e-21 -1.08617e-09  5.09679e-21 -9.70953e-10   3.9167e-21 -4.50724e-10  1.03705e-21 -1.64227e-10 -1.82542e-22 -5.14796e-11  -2.3387e-22 -1.44006e-11  -7.7027e-23 -3.66247e-12  6.07137e-24 -8.56118e-13  2.61587e-23 -1.85209e-13  1.76316e-23 -3.72556e-14  4.57806e-24  -6.9915e-15 -1.86408e-24 -1.22712e-15 -2.45321e-24 -2.01839e-16 -1.26591e-24 -3.11652e-17 -3.96557e-25 -4.52424e-18 -6.59102e-26 -6.18378e-19  7.02193e-27  -7.9679e-20  9.63929e-27 -9.68795e-21   4.0204e-27 -1.11194e-21  1.09202e-27 -1.20406e-22  1.90767e-28 -1.22777e-23  9.93595e-30  -1.1748e-24 -5.83309e-30 -1.04924e-25 -2.00088e-30 -8.68475e-27  -2.1029e-31 -6.60366e-28  6.31663e-32 -4.56546e-29  3.57619e-32 -2.83643e-30   9.5283e-33 -1.56217e-31  1.73818e-33 -7.49187e-33  2.33419e-34 -3.04015e-34  2.32708e-35 -9.90283e-36  1.64935e-36 -2.35062e-37  6.64876e-38 -3.44959e-39 -9.07802e-40 -2.22426e-41 -2.77789e-40  3.87296e-43 -9.11084e-42
 9.33467e-20  9.56952e-05 -3.95268e-18 -0.000679257  4.44755e-17  0.000981755 -1.79698e-16   0.00535645  3.11163e-16   -0.0239958 -1.71214e-16    0.0365716 -1.69936e-16   -0.0160018  3.11708e-16   -0.0133793 -1.72063e-16   0.00815795 -6.48481e-17   0.00737736  1.53106e-16  -0.00101164   9.8343e-18  -0.00336935   -8.036e-17  -0.00141812 -2.15383e-17  0.000333299  2.25559e-17  0.000687781  9.74209e-18  0.000372288  4.70875e-19  6.72746e-05  5.28246e-18 -5.18969e-05  2.98167e-19 -5.59491e-05 -4.73201e-18 -2.98083e-05 -2.08149e-18  -1.0094e-05  7.87909e-19 -1.46292e-06  8.19804e-19  8.11471e-07  1.78319e-19  8.30762e-07 -3.66712e-20  4.52193e-07 -4.29093e-20  1.87244e-07  -3.6552e-20  6.36524e-08 -2.32328e-20  1.79915e-08 -3.56702e-21  4.07402e-09  6.04134e-21  6.17954e-10  4.84524e-21 -1.54566e-11  1.45329e-21 -5.78545e-11 -5.49372e-23 -2.84655e-11 -2.15546e-22 -1.00999e-11 -7.09951e-23 -3.01446e-12  2.54552e-23 -7.96566e-13  4.56026e-23 -1.90817e-13  2.69784e-23 -4.19754e-14  6.12151e-24 -8.54477e-15 -2.87986e-24 -1.61743e-15 -3.41322e-24 -2.85542e-16 -1.72561e-24 -4.70976e-17 -5.54576e-25  -7.2636e-18 -1.06904e-25 -1.04744e-18 -2.92928e-28 -1.41129e-19  9.17203e-27 -1.77424e-20  4.21586e-27 -2.07688e-21  1.16385e-27 -2.25745e-22   2.0088e-28 -2.27043e-23  1.07018e-29 -2.10385e-24 -5.17651e-30 -1.78681e-25 -1.54596e-30 -1.38228e-26 -4.87838e-32 -9.66814e-28  9.69793e-32 -6.06011e-29  3.91056e-32 -3.36836e-30  9.14646e-33 -1.63865e-31   1.5139e-33 -6.85394e-33  1.85542e-34 -2.39489e-34  1.67505e-35 -6.63142e-36  1.03785e-36 -1.31918e-37  3.11015e-38 -1.57228e-39 -1.06928e-39 -4.87917e-42 -1.18498e-40  1.98682e-43
-8.10575e-06   -6.431e-19  0.000228593 -9.75173e-20  -0.00156157  4.83036e-17   0.00371152   -2.137e-16   0.00110491   3.4734e-16   -0.0205929 -1.69936e-16    0.0337616 -1.46258e-16   -0.0113673  2.48195e-16   -0.0160167 -1.61724e-16   0.00542001 -5.02245e-17   0.00880742  1.58738e-16  0.000906804  2.21287e-17   -0.0031966 -8.12784e-17   -0.0021715  -3.1678e-17 -0.000215215  1.43237e-17  0.000592109  8.08746e-18  0.000493209  5.73188e-18  0.000189942  8.80215e-18  7.40361e-06  2.45231e-19 -4.30797e-05 -5.41182e-18 -3.46909e-05 -2.54036e-18  -1.6896e-05  5.15301e-19 -5.66054e-06   7.9377e-19 -1.03317e-06  2.77019e-19  2.17808e-07  3.25235e-20  3.12045e-07 -3.46119e-20  1.80344e-07 -5.26493e-20  7.77605e-08 -3.49814e-20  2.79049e-08 -6.78945e-21  8.65223e-09  6.30158e-21  2.34575e-09  5.47883e-21  5.53149e-10  1.82097e-21  1.10138e-10  8.86188e-23  1.68076e-11 -1.73067e-22  1.13952e-12 -3.70673e-23 -4.26835e-13  6.70017e-23 -2.41359e-13   7.5993e-23 -7.93566e-14  3.95128e-23 -2.09656e-14  8.01161e-24 -4.81371e-15 -4.04296e-24 -9.90993e-16 -4.47797e-24 -1.85739e-16 -2.23091e-24  -3.1953e-17 -7.30974e-25  -5.0675e-18 -1.55247e-25 -7.42425e-19  -1.0599e-26 -1.00534e-19  7.49834e-27 -1.25746e-20  3.97478e-27 -1.45036e-21   1.1085e-27 -1.53873e-22  1.84381e-28 -1.49649e-23  8.43177e-30  -1.3284e-24 -4.35678e-30 -1.07058e-25 -9.75955e-31 -7.78252e-27  1.14874e-31 -5.06317e-28  1.21236e-31  -2.9203e-29  3.88824e-32 -1.47642e-30  8.04847e-33 -6.45052e-32  1.20473e-33 -2.38578e-33  1.33647e-34 -7.19396e-35  1.07495e-35 -1.63205e-36  5.61213e-37 -2.31139e-38  1.04209e-38 -8.89662e-41 -7.22655e-40  3.34913e-42 -3.28732e-41
-3.70876e-20 -6.07959e-07 -3.60963e-18  0.000306013  1.32907e-17  -0.00243943  3.60835e-17   0.00685409 -2.24971e-16  -0.00420776  3.47435e-16   -0.0160018 -1.46258e-16    0.0304695 -1.02085e-16  -0.00736589  1.69114e-16   -0.0173654 -1.66628e-16   0.00235814 -3.15044e-17   0.00935086   1.6674e-16   0.00288292  3.62081e-17  -0.00249271 -7.64286e-17  -0.00266993 -4.01534e-17 -0.000849797  1.61672e-18  0.000326212  4.37022e-18  0.000518192  1.08894e-17  0.000297315  1.24982e-17  8.56487e-05  7.42208e-19 -1.00819e-05 -5.68698e-18 -2.82232e-05 -2.96178e-18 -1.94734e-05  1.51953e-19 -9.04542e-06  7.14576e-19 -3.10899e-06  3.71477e-19 -7.21637e-07  1.11139e-19 -2.93011e-08 -2.15471e-20  8.03024e-08 -6.78673e-20  5.58929e-08 -4.70893e-20  2.57767e-08  -1.0975e-20  9.68739e-09  5.62916e-21  3.15734e-09  5.61802e-21  9.17052e-10  2.01891e-21  2.40672e-10  1.96209e-22  5.74749e-11 -1.10139e-22   1.2524e-11  3.52204e-23  2.48794e-12  1.37043e-22  4.48355e-13  1.18844e-22  7.24926e-14   5.5311e-23  1.02781e-14  1.03011e-23  1.21182e-15 -5.23959e-24  1.00202e-16  -5.5628e-24  -5.9999e-21  -2.7392e-24 -2.23525e-18 -9.08943e-25 -6.00364e-19 -2.05798e-25 -1.12381e-19 -2.27684e-26 -1.73218e-20  4.77404e-27 -2.31011e-21  3.31247e-27 -2.71739e-22  9.32822e-28 -2.83956e-23  1.44977e-28 -2.63782e-24  3.99565e-30 -2.17024e-25 -3.42386e-30 -1.56898e-26 -3.89437e-31 -9.84071e-28   2.4854e-31 -5.24954e-29  1.31129e-31 -2.30752e-30  3.52463e-32 -7.89709e-32  6.48901e-33 -1.82687e-33  8.74823e-34 -8.91193e-36  8.69681e-35  1.78686e-36  6.10488e-36  1.22153e-37  2.55382e-37   4.7551e-39  1.61458e-39  1.10775e-40  -3.2624e-40  1.43677e-42
 -6.8352e-06 -2.60771e-19  7.12635e-05 -9.84441e-18  0.000110002  3.78574e-17  -0.00273502  8.69068e-18   0.00939708 -2.14933e-16  -0.00933376  3.11708e-16   -0.0113673 -1.02085e-16     0.027459 -4.26776e-17  -0.00419938  8.71537e-17   -0.0177474 -1.85625e-16 -0.000642684 -1.64869e-17   0.00909192   1.7497e-16   0.00465407   5.2892e-17  -0.00137801 -6.44184e-17  -0.00281595  -4.6528e-17  -0.00144738 -1.40849e-17 -6.97809e-05 -1.08022e-18  0.000424382   1.5042e-17  0.000354617  1.58489e-17  0.000161655  1.71344e-18  3.62682e-05 -5.52404e-18  -9.9429e-06 -3.28412e-18 -1.56278e-05 -2.48199e-19 -9.90647e-06  6.04987e-19 -4.51002e-06   4.6106e-19 -1.61173e-06  1.93257e-19 -4.46552e-07 -5.20685e-21 -8.09477e-08 -8.07026e-20  2.62182e-09 -5.84347e-20  1.06184e-08 -1.59292e-20  6.03569e-09  3.88876e-21  2.46153e-09  5.08884e-21  8.40021e-10  1.91607e-21  2.52642e-10  2.13458e-22  6.86186e-11 -2.92109e-23  1.70615e-11  1.54243e-22  3.91664e-12  2.38666e-22  8.34796e-13   1.7379e-22   1.6586e-13  7.38394e-23  3.08068e-14  1.29321e-23   5.3608e-15 -6.35432e-24  8.75358e-16 -6.56944e-24  1.34282e-16 -3.19928e-24  1.93661e-17 -1.06807e-24  2.62646e-18 -2.52139e-25  3.34868e-19 -3.51616e-26  4.00973e-20   1.3903e-27   4.5009e-21  2.34038e-27  4.72278e-22  6.73265e-28  4.61431e-23  9.25821e-29   4.1764e-24 -1.00669e-30  3.47947e-25 -2.40717e-30  2.64776e-26  1.24132e-31  1.82328e-27  3.31102e-31   1.1234e-28  1.26074e-31  6.10661e-30   2.9192e-32  2.87639e-31   4.7901e-33  1.14773e-32  5.78429e-34  3.78063e-34  5.08779e-35  1.00479e-35  3.03451e-36  2.12138e-37  9.42754e-38  3.44113e-39 -6.42415e-40  3.94776e-41 -9.09909e-41
  5.6827e-19 -2.55055e-05 -1.39877e-18  0.000248387 -1.85692e-17  -0.00053484  6.99494e-17  -0.00198057 -2.51695e-17     0.010544 -1.93135e-16   -0.0133793  2.48195e-16  -0.00736589 -4.26776e-17    0.0250305    2.488e-17  -0.00178208  1.28207e-17   -0.0174939 -2.13651e-16  -0.00336524 -1.05511e-17   0.00819654  1.79705e-16   0.00604973  7.22024e-17 -1.62395e-05 -4.51993e-17   -0.0025833 -5.04452e-17  -0.00189703 -3.06785e-17 -0.000525466 -7.58414e-18  0.000218352   1.7587e-17  0.000338269  1.83983e-17  0.000212237  2.95198e-18  8.33727e-05 -4.99821e-18  1.60669e-05 -3.48004e-18 -5.48579e-06 -6.29667e-19  -7.3646e-06  4.95585e-19  -4.4921e-06  5.49279e-19 -2.03691e-06  2.74742e-19 -7.54066e-07  1.37303e-20 -2.33105e-07 -8.95637e-20 -5.90015e-08 -6.79297e-20 -1.10171e-08 -2.13327e-20 -7.21219e-10  1.06839e-21  5.59736e-10  3.76257e-21  3.54573e-10  1.40073e-21  1.40089e-10  1.01833e-22  4.49874e-11  7.20423e-23  1.26097e-11   3.2436e-22  3.17927e-12  3.70211e-22  7.32392e-13  2.38088e-22  1.55555e-13  9.38167e-23  3.06301e-14   1.5675e-23  5.61072e-15 -7.30309e-24  9.57969e-16 -7.40365e-24  1.52596e-16 -3.56066e-24  2.26788e-17 -1.18853e-24  3.14257e-18 -2.88017e-25  4.05454e-19 -4.60135e-26  4.86076e-20 -2.12298e-27  5.39993e-21  1.23465e-27  5.53985e-22   3.8379e-28  5.22636e-23  3.95502e-29    4.511e-24 -4.98127e-30  3.54042e-25 -1.36202e-30  2.50805e-26   5.0137e-31  1.58929e-27  3.56703e-31  8.90754e-29  1.09289e-31  4.35192e-30  2.21216e-32  1.81782e-31  3.23357e-33   6.3265e-33  3.47092e-34  1.77636e-34  2.65693e-35  3.88642e-36  1.29861e-36  6.40955e-38  2.62069e-38  7.67381e-40 -5.64975e-40  5.99119e-42
-1.83957e-07  2.26989e-18  -4.2707e-05 -4.76816e-18  0.000485868 -2.69059e-17  -0.00157665  1.02006e-16 -0.000118249 -5.35293e-17    0.0100424 -1.72063e-16   -0.0160167  1.69114e-16  -0.00419938    2.488e-17    0.0231822  9.32254e-17  6.89787e-05 -4.68704e-17   -0.0168578  -2.4413e-16  -0.00571935 -1.59646e-17   0.00684483   1.7769e-16   0.00698507    9.323e-17   0.00142534 -2.03858e-17  -0.00200561 -5.17177e-17  -0.00211949 -4.59199e-17 -0.000958243 -1.42391e-17 -6.64947e-05  1.83493e-17  0.000242774  1.98722e-17  0.000219567  4.19404e-18  0.000116884 -4.26541e-18  4.23542e-05  -3.5618e-18  8.30661e-06 -9.48645e-19 -1.87235e-06  4.15364e-19 -2.85769e-06  6.40826e-19 -1.75423e-06  3.53432e-19 -8.01641e-07  3.55578e-20 -3.04467e-07 -9.29661e-20 -9.98845e-08 -7.46574e-20 -2.86935e-08 -2.68115e-20 -7.20387e-09 -2.75923e-21 -1.54746e-09  1.56505e-21 -2.66041e-10  4.08962e-22 -2.76889e-11 -1.46836e-22  2.99831e-12  2.01457e-22  2.82291e-12  5.43809e-22  1.04517e-12  5.24437e-22  2.95459e-13  3.06566e-22  7.13172e-14  1.13244e-22  1.53011e-14  1.81223e-23   2.9729e-15 -8.05144e-24  5.28196e-16 -7.99127e-24  8.62637e-17 -3.78326e-24  1.29837e-17  -1.2553e-24  1.80247e-18 -3.08755e-25  2.30699e-19 -5.38407e-26  2.71823e-20 -5.22943e-27   2.9413e-21  1.86039e-28  2.91318e-22  1.18753e-28   2.6298e-23 -3.57362e-30  2.15234e-24 -6.96804e-30  1.58673e-25 -3.86833e-31  1.04523e-26  7.14544e-31  6.09045e-28  3.33497e-31  3.09824e-29  8.61005e-32  1.35146e-30  1.53462e-32  4.92682e-32  1.99212e-33  1.44655e-33  1.88115e-34  3.25407e-35   1.2261e-35  5.31524e-37  4.66485e-37  6.26114e-39  4.43164e-39  6.58974e-41 -1.86769e-40
-5.00668e-19 -8.84862e-06   5.8974e-18 -1.06206e-05 -1.15934e-17  0.000620233 -3.13635e-17  -0.00268812  1.26872e-16   0.00246418 -6.74479e-17   0.00815795 -1.61724e-16   -0.0173654  8.71537e-17  -0.00178208  9.32254e-17    0.0217924  1.55979e-16    0.0015251 -8.85731e-17   -0.0160036 -2.71147e-16  -0.00768972  -3.2258e-17   0.00519644  1.67572e-16   0.00743933  1.14317e-16   0.00279967  7.07514e-18  -0.00115821 -5.04344e-17  -0.00207573  -5.7921e-17  -0.00129059 -2.01042e-17 -0.000378604   1.7575e-17  8.22066e-05  2.02299e-17  0.000176727  5.19851e-18  0.000125453 -3.51244e-18  6.06477e-05 -3.56964e-18  2.14708e-05 -1.17952e-18  4.88365e-06  3.83848e-19 -8.70866e-08  7.38362e-19  -8.2433e-07  4.28349e-19 -5.54275e-07  6.09779e-20 -2.60734e-07 -8.99495e-20 -1.01153e-07 -7.80947e-20 -3.41681e-08 -3.20913e-20 -1.03009e-08 -7.51626e-21 -2.80785e-09 -1.52389e-21 -6.96808e-10  -1.0565e-21 -1.57905e-10 -5.05611e-22 -3.26708e-11  3.69167e-22 -6.15012e-12   8.0279e-22 -1.04481e-12  6.88642e-22 -1.57598e-13    3.721e-22 -2.03919e-14  1.29656e-22 -2.06851e-15  1.97601e-23 -1.08271e-16 -8.61004e-24  1.62017e-17 -8.28805e-24  6.61276e-18 -3.84465e-24  1.39702e-18 -1.26121e-24  2.29368e-19 -3.12183e-25  3.18582e-20 -5.77461e-26  3.85572e-21 -7.51068e-27   4.1109e-22  -6.5006e-28  3.86875e-23 -8.22064e-29   3.2007e-24 -3.09733e-29  2.30502e-25  -6.8797e-30  1.41933e-26  4.02334e-31  7.22828e-28  7.72148e-31  2.82606e-29  2.78373e-31  6.50481e-31  6.19197e-32 -1.08944e-32  9.74135e-33 -2.12835e-33  1.11658e-33 -1.28359e-34  9.14654e-35 -4.86443e-36  4.92861e-36 -1.17112e-37  1.34821e-37 -1.46939e-39 -6.07779e-41 -1.77846e-42
 1.62099e-06 -1.49649e-18 -3.50692e-05  1.14888e-17  0.000128281 -2.19892e-17   0.00044325 -2.99474e-17  -0.00341374  1.41716e-16   0.00515051 -6.48481e-17   0.00542001 -1.66628e-16   -0.0177474  1.28207e-17  6.89787e-05  1.55979e-16    0.0207319   2.0858e-16    0.0027117 -1.12079e-16   -0.0150292 -2.90844e-16  -0.00929686 -5.69909e-17    0.0033796  1.50242e-16   0.00743323    1.334e-16   0.00399014  3.36544e-17  -0.00013978 -4.70087e-17  -0.00176687 -6.55121e-17  -0.00146336 -2.43901e-17 -0.000659879  1.58059e-17 -0.000113341  1.96397e-17   8.9916e-05  5.80118e-18  0.000104492 -2.90623e-18  6.47655e-05 -3.55214e-18  2.96831e-05 -1.31531e-18  1.06372e-05  4.06676e-19  2.85341e-06  8.40124e-19  4.10841e-07  4.98253e-19 -1.10173e-07  9.00107e-20 -1.22262e-07 -8.06619e-20 -6.39287e-08 -7.84258e-20 -2.58266e-08 -3.72102e-20  -8.9145e-09 -1.32088e-20 -2.73439e-09 -5.47514e-21 -7.60329e-10 -2.92229e-21 -1.93903e-10 -9.19437e-22 -4.56942e-11  5.81353e-22 -1.00012e-11  1.08253e-21 -2.04055e-12  8.45929e-22 -3.89155e-13  4.26662e-22 -6.95114e-14  1.40569e-22 -1.16468e-14  2.01042e-23 -1.83251e-15 -9.01061e-24 -2.70928e-16 -8.28185e-24 -3.76441e-17 -3.74306e-24 -4.91358e-18 -1.20786e-24 -6.01826e-19 -2.98881e-25 -6.90346e-20 -5.75451e-26 -7.39466e-21 -8.74743e-27 -7.36708e-22 -1.18708e-27 -6.79165e-23 -2.02104e-28 -5.75725e-24 -4.22292e-29 -4.45374e-25 -5.32218e-30 -3.11617e-26  9.18966e-31  -1.9515e-27  7.10437e-31 -1.08074e-28  2.10273e-31 -5.21997e-30  4.07338e-32 -2.16426e-31  5.64938e-33 -7.55365e-33   5.6681e-34 -2.15564e-34  3.95243e-35 -4.76787e-36  1.68962e-36 -7.30407e-38  2.88803e-38  -5.6904e-40 -2.40371e-40
-6.57657e-22  2.61527e-06 -2.80362e-18 -7.21743e-05  1.77882e-17  0.000380392 -3.46075e-17 -0.000157914 -2.31245e-17  -0.00340024  1.48809e-16   0.00737736 -5.02245e-17   0.00235814 -1.85625e-16   -0.0174939 -4.68704e-17    0.0015251   2.0858e-16    0.0199037  2.48666e-16   0.00371187 -1.19489e-16   -0.0139905  -3.0185e-16   -0.0105744 -8.65172e-17   0.00149221  1.28246e-16   0.00701127  1.48396e-16   0.00491231  5.60645e-17  0.000942537 -4.21437e-17  -0.00122882 -6.83832e-17  -0.00144405 -2.66044e-17 -0.000857449  1.36911e-17 -0.000304956  1.83934e-17  -2.3084e-05  5.92933e-18  5.77343e-05 -2.56028e-18  5.27816e-05 -3.54965e-18  3.01901e-05 -1.36528e-18  1.34491e-05  4.74541e-19  4.92702e-06  9.38627e-19  1.48781e-06  5.59975e-19  3.50594e-07  1.20741e-19  4.90177e-08  -6.6956e-20 -7.21544e-09 -7.68624e-20 -8.87518e-09 -4.27024e-20 -4.30722e-09 -1.99768e-20 -1.59176e-09   -1.021e-20 -5.01663e-10 -5.05485e-21 -1.40602e-10 -1.32085e-21 -3.57659e-11   8.3375e-22 -8.35268e-12  1.35633e-21 -1.80339e-12  9.77662e-22 -3.61548e-13  4.62772e-22   -6.749e-14  1.44047e-22 -1.17484e-14  1.88589e-23 -1.90838e-15 -9.27527e-24 -2.89225e-16 -7.98877e-24  -4.0864e-17 -3.49602e-24 -5.37456e-18 -1.10457e-24 -6.56639e-19 -2.71747e-25 -7.43176e-20 -5.37104e-26 -7.76484e-21 -8.93988e-27  -7.4578e-22 -1.41577e-27 -6.55113e-23 -2.45888e-28 -5.23125e-24 -4.09774e-29 -3.76982e-25 -3.18065e-30 -2.43041e-26  1.14169e-30 -1.38723e-27  5.78896e-31 -6.92303e-29  1.44715e-31 -2.97629e-30  2.45215e-32 -1.08295e-31  2.98497e-33 -3.26157e-33  2.58934e-34 -7.86287e-35  1.49802e-35 -1.42317e-36  4.77993e-37 -1.65863e-38  3.69935e-39 -7.08293e-41
 8.26645e-07 -1.71477e-19 -4.85714e-06 -3.61419e-18 -8.26397e-05  2.25258e-17  0.000657012 -4.73938e-17  -0.00110493 -1.30181e-17  -0.00254804  1.53106e-16   0.00880742 -3.15044e-17 -0.000642684 -2.13651e-16   -0.0168578 -8.85731e-17    0.0027117  2.48666e-16    0.0192443  2.76026e-16   0.00457986 -1.14351e-16   -0.0129188 -3.04799e-16   -0.0115579 -1.16646e-16 -0.000392685  1.04746e-16   0.00622986  1.57564e-16   0.00551139  7.18811e-17   0.00198414 -3.67282e-17 -0.000524252 -6.70078e-17  -0.00123005  -2.6622e-17 -0.000933532  1.17943e-17 -0.000453798  1.67925e-17 -0.000137545  5.58085e-18 -3.81895e-06 -2.52666e-18  2.76806e-05 -3.58872e-18  2.27975e-05 -1.35313e-18  1.24565e-05   5.6431e-19  5.45885e-06  1.02024e-18   2.0307e-06  6.06981e-19   6.5454e-07  1.48341e-19  1.83065e-07 -5.27699e-20  4.35818e-08 -7.58082e-20  8.27428e-09 -4.96368e-20  9.50577e-10 -2.80615e-20 -1.10686e-10  -1.5587e-20 -1.15314e-10 -7.27985e-21 -4.67468e-11 -1.64797e-21 -1.44421e-11  1.10819e-21 -3.80646e-12  1.59303e-21 -8.91445e-13  1.06676e-21 -1.89078e-13  4.75051e-22 -3.66909e-14  1.39207e-22 -6.55072e-15  1.60358e-23 -1.07927e-15 -9.39544e-24 -1.64302e-16 -7.44659e-24  -2.3112e-17 -3.13563e-24 -3.00124e-18 -9.65853e-25 -3.59126e-19 -2.35143e-25 -3.94942e-20 -4.71832e-26   -3.978e-21 -8.27087e-27   -3.654e-22 -1.38945e-27 -3.04472e-23 -2.33227e-28 -2.28671e-24 -3.25945e-29 -1.53596e-25 -1.21916e-30 -9.14027e-27  1.11763e-30 -4.76453e-28     4.25e-31 -2.14653e-29  9.10328e-32  -8.2315e-31  1.34936e-32 -2.64279e-32  1.43084e-33 -6.97121e-34   1.0551e-34 -1.46492e-35  4.88612e-36 -2.26458e-37   1.0546e-37 -1.98669e-39  3.38088e-41
 2.27746e-19  3.48224e-06 -6.49212e-19 -3.13054e-05 -2.83475e-18 -1.11128e-05  2.35197e-17  0.000797947 -5.87724e-17  -0.00214915 -1.73557e-18  -0.00101164  1.58738e-16   0.00935086 -1.64869e-17  -0.00336524  -2.4413e-16   -0.0160036 -1.12079e-16   0.00371187  2.76026e-16     0.018714  2.92124e-16   0.00535237 -1.00867e-16   -0.0118309 -3.01302e-16   -0.0122798 -1.43227e-16  -0.00222084  8.25713e-17   0.00515023  1.59807e-16   0.00575834  7.98486e-17    0.0028906 -3.16863e-17  0.000266544 -6.24085e-17 -0.000847691 -2.46734e-17 -0.000872043  1.04524e-17 -0.000529681   1.5048e-17 -0.000228179  4.78488e-18 -6.51509e-05 -2.81064e-18 -3.68168e-06 -3.68799e-18  9.86461e-06 -1.31653e-18  8.15055e-06  6.41351e-19  4.38402e-06  1.06558e-18  1.90314e-06  6.28699e-19  7.10988e-07  1.64813e-19  2.35087e-07 -4.40253e-20  6.97728e-08 -7.86753e-20  1.87159e-08 -5.94158e-20  4.54584e-09 -3.76726e-20  9.96903e-10 -2.13763e-20  1.95578e-10   -9.404e-21  3.36163e-11 -1.85818e-21  4.81689e-12  1.37427e-21  4.91263e-13  1.76264e-21  4.09692e-15  1.10113e-21 -1.45358e-14  4.61472e-22 -4.84795e-15  1.26499e-22 -1.11281e-15  1.19826e-23 -2.10579e-16 -9.33106e-24 -3.46553e-17  -6.7081e-24 -5.06956e-18 -2.70217e-24 -6.65659e-19 -8.08311e-25 -7.87551e-20 -1.93908e-25 -8.39816e-21 -3.91231e-26 -8.05387e-22 -7.03156e-27 -6.91572e-23 -1.19552e-27 -5.28244e-24 -1.88947e-28 -3.55686e-25 -2.20595e-29 -2.08568e-26  1.38651e-31 -1.04798e-27  9.36355e-31 -4.41917e-29   2.8346e-31 -1.52784e-30  5.23867e-32 -4.28717e-32  6.77045e-33 -1.03937e-33   6.1847e-34 -2.65843e-35  3.78755e-35 -7.45993e-37  1.33264e-36 -1.53261e-38  1.61819e-38 -1.09217e-40
 6.15806e-08  6.03607e-19  6.30936e-06 -1.36938e-18  -7.5526e-05   3.0493e-19  0.000173567  1.97871e-17  0.000654689 -6.81743e-17   -0.0029843   9.8343e-18  0.000906804   1.6674e-16   0.00909192 -1.05511e-17  -0.00571935 -2.71147e-16   -0.0150292 -1.19489e-16   0.00457986  2.92124e-16    0.0182877  2.99311e-16   0.00605574 -8.31828e-17   -0.0107353 -2.92852e-16   -0.0127679 -1.62668e-16  -0.00395139  6.36698e-17   0.00383473  1.54855e-16     0.005646   7.9895e-17   0.00358286 -2.78061e-17   0.00105497 -5.58499e-17 -0.000347632 -2.12643e-17 -0.000681182  9.71495e-18 -0.000517551  1.32238e-17 -0.000275526  3.56523e-18 -0.000111598 -3.39609e-18 -3.28769e-05 -3.86951e-18 -4.63799e-06 -1.30632e-18  2.09847e-06  6.63117e-19  2.21605e-06  1.05109e-18  1.23647e-06  6.11177e-19  5.39472e-07  1.59783e-19  2.01405e-07 -4.78341e-20  6.67458e-08 -8.92386e-20  2.00124e-08 -7.33297e-20  5.49048e-09 -4.87904e-20  1.38851e-09 -2.72342e-20  3.25329e-10 -1.12354e-20  7.08811e-11 -1.93387e-21  1.44008e-11  1.59599e-21  2.73443e-12  1.84265e-21  4.86165e-13  1.07635e-21  8.10695e-14  4.23895e-22   1.2698e-14  1.07655e-22  1.87067e-15  7.30439e-24  2.59476e-16 -9.03011e-24   3.3908e-17 -5.83557e-24   4.1741e-18 -2.23756e-24  4.83482e-19  -6.4775e-25  5.25641e-20 -1.52494e-25  5.34278e-21  -3.0664e-26  5.04901e-22 -5.53673e-27  4.40478e-23 -9.25312e-28  3.51712e-24 -1.34992e-28  2.54447e-25 -1.27126e-29   1.6481e-26  8.19366e-31   9.4213e-28  6.93019e-31  4.66734e-29  1.72428e-31   1.9547e-30  2.75567e-32  6.67179e-32  3.08505e-33   1.7501e-33   2.3902e-34  3.17609e-35  1.17676e-35  3.15724e-37  2.89922e-37  6.40416e-40  1.24445e-39
-1.99828e-19  1.28269e-06   9.3966e-19  1.91115e-06 -1.94769e-18 -0.000111924  5.76879e-18  0.000439258  1.18682e-17  0.000174055 -7.55337e-17  -0.00336935  2.21287e-17   0.00288292   1.7497e-16   0.00819654 -1.59646e-17  -0.00768972 -2.90844e-16   -0.0139905 -1.14351e-16   0.00535237  2.99311e-16    0.0179489   2.9989e-16   0.00671003 -6.48074e-17  -0.00963454 -2.80138e-16   -0.0130443 -1.72377e-16  -0.00555237   4.9006e-17   0.00234542  1.43329e-16   0.00518623  7.29568e-17    0.0040012 -2.55751e-17   0.00175338 -4.85383e-17  0.000202607 -1.70495e-17 -0.000391742  9.37185e-18  -0.00042053  1.12394e-17 -0.000270672  1.92283e-18 -0.000132953 -4.26746e-18 -5.25985e-05 -4.16684e-18 -1.65835e-05 -1.38239e-18 -3.72573e-06  5.84679e-19 -2.19298e-07  9.52281e-19  3.37963e-07  5.39389e-19  2.42643e-07   1.2246e-19  1.12938e-07 -7.09911e-20  4.28968e-08 -1.10589e-19  1.42084e-08 -9.19781e-20  4.22538e-09 -6.09773e-20  1.14599e-09 -3.27004e-20  2.86147e-10 -1.26027e-20  6.61789e-11 -1.88049e-21  1.42341e-11  1.74086e-21  2.85483e-12  1.82312e-21  5.34816e-13  9.96638e-22  9.36689e-14  3.67683e-22  1.53408e-14  8.52899e-23  2.34851e-15  2.70553e-24  3.35735e-16 -8.45768e-24  4.47472e-17 -4.89564e-24  5.54805e-18 -1.77978e-24  6.38081e-19 -4.97071e-25  6.78303e-20 -1.14377e-25  6.63594e-21 -2.27286e-26  5.94371e-22 -4.05468e-27   4.8439e-23 -6.51958e-28  3.56532e-24 -8.60627e-29  2.34898e-25 -6.02675e-30  1.37013e-26  9.76084e-31  6.97717e-28  4.60004e-31  3.04499e-29  9.57903e-32  1.10945e-30  1.32193e-32  3.24308e-32  1.26918e-33  7.12138e-34  8.16192e-35  1.03931e-35  3.08161e-36  7.59123e-38  4.60473e-38  8.35195e-41
