 2.86861e-09 -2.96035e-26 -6.80099e-08  6.81792e-25  5.51327e-07 -4.33447e-24  -2.2592e-06  1.72465e-23  5.02654e-06 -5.72696e-23 -5.68633e-06  1.39933e-22  2.27725e-06 -1.98979e-22  5.83647e-07  1.35641e-22 -2.96827e-07 -3.52219e-23 -5.44526e-08  5.21478e-25  1.14802e-09
-2.96035e-26  1.00441e-07 -3.54571e-25 -1.27542e-06  3.59069e-24   7.2955e-06 -7.92002e-24 -2.23627e-05  2.61038e-23  3.68587e-05 -1.89163e-22 -2.78962e-05  5.81354e-22  2.93108e-06 -7.41105e-22  4.40858e-06  3.86543e-22 -1.10218e-07 -1.05967e-22 -1.60751e-07  1.14254e-23
-6.80099e-08 -3.54571e-25  1.63924e-06 -1.02441e-24  -1.3583e-05 -1.73559e-23  5.72917e-05  1.77626e-22 -0.000132432 -4.12701e-22  0.000157795  -1.1458e-22 -6.88423e-05  1.46114e-21 -1.63822e-05 -1.54035e-21  1.00374e-05  5.76064e-22  1.77198e-06 -2.50186e-22 -5.35011e-08
 6.81792e-25 -1.27542e-06 -1.02441e-24   1.6556e-05  1.43068e-23 -9.75129e-05 -3.53605e-22  0.000310735  1.76157e-21 -0.000539662 -3.21049e-21  0.000440845   1.0646e-21 -6.15173e-05  2.51428e-21 -7.54405e-05 -1.57517e-21  3.94695e-06   4.3938e-22  3.24891e-06 -3.63834e-22
 5.51327e-07  3.59069e-24  -1.3583e-05  1.43068e-23  0.000115905  1.92125e-22 -0.000508392 -2.52156e-21   0.00123858  8.95151e-21  -0.00158813 -1.24019e-20   0.00078761  3.71853e-21  0.000152117  2.73813e-21 -0.000130627  7.50584e-22 -2.05879e-05  2.93211e-22  1.04932e-06
-4.33447e-24   7.2955e-06 -1.73559e-23 -9.75129e-05  1.92125e-22   0.00059733  1.24391e-21  -0.00200644 -1.14835e-20   0.00374522  3.06501e-20  -0.00340818 -3.08216e-20  0.000684264   4.8699e-21  0.000624803 -4.89293e-22 -6.67011e-05  4.82039e-21 -3.36195e-05  6.91713e-22
 -2.2592e-06 -7.92002e-24  5.72917e-05 -3.53605e-22 -0.000508392  1.24391e-21   0.00235069  5.45799e-21  -0.00615187 -3.81679e-20   0.00872873  7.70335e-20   -0.0051683 -5.13232e-20 -0.000592281 -1.03173e-21  0.000989618  -1.3133e-20  0.000122236  4.70605e-21  -1.2457e-05
 1.72465e-23 -2.23627e-05  1.77626e-22  0.000310735 -2.52156e-21  -0.00200644  5.45799e-21    0.0072386   1.8004e-20   -0.0149123 -9.82618e-20    0.0157361  1.47175e-19  -0.00476993 -5.06848e-20  -0.00297988 -1.27729e-20   0.00065226 -4.26084e-20  0.000217518 -5.39508e-21
 5.02654e-06  2.61038e-23 -0.000132432  1.76157e-21   0.00123858 -1.14835e-20  -0.00615187   1.8004e-20    0.0177558  4.70065e-20    -0.028945 -2.02645e-19    0.0216643  2.14622e-19 -0.000218693  2.87071e-21  -0.00482967 -1.32446e-20 -0.000319902  -8.3013e-20  9.83589e-05
-5.72696e-23  3.68587e-05 -4.12701e-22 -0.000539662  8.95151e-21   0.00374522 -3.81679e-20   -0.0149123  4.70065e-20    0.0352128  1.00293e-19   -0.0454593    -3.43e-19    0.0216131  2.29388e-19   0.00779709  1.33659e-19  -0.00402101  2.83578e-20  -0.00091214 -9.52596e-20
-5.68633e-06 -1.89163e-22  0.000157795 -3.21049e-21  -0.00158813  3.06501e-20   0.00872873 -9.82618e-20    -0.028945  1.00293e-19    0.0573147  1.79666e-19   -0.0583395 -4.91451e-19    0.0123604  1.44581e-19    0.0149194  3.47567e-19  -0.00064617  1.43107e-19 -0.000531795
 1.39933e-22 -2.78962e-05  -1.1458e-22  0.000440845 -1.24019e-20  -0.00340818  7.70335e-20    0.0157361 -2.02645e-19   -0.0454593  1.79666e-19    0.0780367  2.79634e-19   -0.0617801 -6.38042e-19  -0.00454628 -6.74385e-20    0.0157805  6.22217e-19   0.00218761  2.80555e-19
 2.27725e-06  5.81354e-22 -6.88423e-05   1.0646e-21   0.00078761 -3.08216e-20   -0.0051683  1.47175e-19    0.0216643    -3.43e-19   -0.0583395  2.79634e-19    0.0914302  3.93223e-19   -0.0542038  -8.7504e-19   -0.0230584 -4.60479e-19   0.00890211  8.95396e-19   0.00191303
-1.98979e-22  2.93108e-06  1.46114e-21 -6.15173e-05  3.71853e-21  0.000684264 -5.13232e-20  -0.00476993  2.14622e-19    0.0216131 -4.91451e-19   -0.0617801  3.93223e-19    0.0963579  4.80838e-19   -0.0378765 -1.51653e-18   -0.0350483 -1.09377e-18 -0.000318212  9.83879e-19
 5.83647e-07 -7.41105e-22 -1.63822e-05  2.51428e-21  0.000152117   4.8699e-21 -0.000592281 -5.06848e-20 -0.000218693  2.29388e-19    0.0123604 -6.38042e-19   -0.0542038  4.80838e-19    0.0974875  2.70084e-19   -0.0147928 -3.09047e-18   -0.0332576 -1.63073e-18  -0.00377638
 1.35641e-22  4.40858e-06 -1.54035e-21 -7.54405e-05  2.73813e-21  0.000624803 -1.03173e-21  -0.00297988  2.87071e-21   0.00779709  1.44581e-19  -0.00454628  -8.7504e-19   -0.0378765  2.70084e-19     0.101844 -1.09002e-18    0.0141721 -5.59905e-18   -0.0176907 -1.22229e-18
-2.96827e-07  3.86543e-22  1.00374e-05 -1.57517e-21 -0.000130627 -4.89293e-22  0.000989618 -1.27729e-20  -0.00482967  1.33659e-19    0.0149194 -6.74385e-20   -0.0230584 -1.51653e-18   -0.0147928 -1.09002e-18     0.112501 -4.57239e-18    0.0416393 -7.10179e-18  -0.00149026
-3.52219e-23 -1.10218e-07  5.76064e-22  3.94695e-06  7.50584e-22 -6.67011e-05  -1.3133e-20   0.00065226 -1.32446e-20  -0.00402101  3.47567e-19    0.0157805 -4.60479e-19   -0.0350483 -3.09047e-18    0.0141721 -4.57239e-18     0.120304 -8.87106e-18    0.0495639  -4.9523e-18
-5.44526e-08 -1.05967e-22  1.77198e-06   4.3938e-22 -2.05879e-05  4.82039e-21  0.000122236 -4.26084e-20 -0.000319902  2.83578e-20  -0.00064617  6.22217e-19   0.00890211 -1.09377e-18   -0.0332576 -5.59905e-18    0.0416393 -8.87106e-18     0.104771 -9.45334e-18    0.0295743
 5.21478e-25 -1.60751e-07 -2.50186e-22  3.24891e-06  2.93211e-22 -3.36195e-05  4.70605e-21  0.000217518  -8.3013e-20  -0.00091214  1.43107e-19   0.00218761  8.95396e-19 -0.000318212 -1.63073e-18   -0.0176907 -7.10179e-18    0.0495639 -9.45334e-18    0.0603105 -4.75994e-18
 1.14802e-09  1.14254e-23 -5.35011e-08 -3.63834e-22  1.04932e-06  6.91713e-22  -1.2457e-05 -5.39508e-21  9.83589e-05 -9.52596e-20 -0.000531795  2.80555e-19   0.00191303  9.83879e-19  -0.00377638 -1.22229e-18  -0.00149026  -4.9523e-18    0.0295743 -4.75994e-18    0.0163543
