   0.0906785  3.66687e-16   -0.0205355  -7.3742e-16    -0.023287  3.91261e-16   -0.0137824   4.5966e-16  -0.00670917 -1.41444e-16   -0.0029494 -2.31969e-16  -0.00122501 -1.31783e-16 -0.000498081 -2.24565e-17  -0.00020436  1.41327e-17 -8.59911e-05  1.05458e-17 -3.68631e-05  3.29293e-18 -1.57126e-05  7.62972e-19 -6.47729e-06  5.18943e-19 -2.52829e-06  5.24402e-19 -9.22648e-07  3.79023e-19 -3.12838e-07  2.06322e-19 -9.83339e-08  9.29114e-20 -2.86494e-08  3.70829e-20  -7.7424e-09  1.34623e-20 -1.94251e-09  4.23058e-21 -4.52702e-10  8.99187e-22 -9.79804e-11 -1.02636e-22 -1.96672e-11 -2.63786e-22 -3.64935e-12 -1.91899e-22 -6.22018e-13 -1.02099e-22 -9.62173e-14 -4.51002e-23 -1.31798e-14 -1.72982e-23 -1.50805e-15 -5.89873e-24 -1.17861e-16 -1.82086e-24  2.38544e-18 -5.18105e-25  3.51833e-18 -1.38579e-25  9.54922e-19 -3.55425e-26  1.91355e-19 -8.90777e-27   3.2712e-20 -2.22675e-27  5.00393e-21 -5.70345e-28  6.99875e-22 -1.53938e-28   9.0526e-23 -4.40903e-29  1.08992e-23 -1.30273e-29  1.22619e-24 -3.79082e-30  1.29188e-25 -1.04435e-30   1.2761e-26 -2.65972e-31  1.18223e-27 -6.19032e-32  1.02698e-28 -1.31118e-32   8.3586e-30   -2.527e-33  6.36628e-31 -4.44212e-34  4.52995e-32 -7.15724e-35  3.00497e-33 -1.06522e-35  1.85355e-34 -1.47948e-36  1.05983e-35  -1.9366e-37   5.5967e-37 -2.39914e-38  2.71762e-38 -2.79467e-39  1.20709e-39 -3.00907e-40  4.87399e-41  -2.9305e-41  1.77562e-42 -2.53629e-42   5.7829e-44 -1.94232e-43  1.66459e-45 -1.34084e-44  4.17377e-47  -8.7046e-46  8.94464e-49 -5.49221e-47  1.59665e-50 -3.26083e-48  2.28779e-52 -1.64716e-49  2.48473e-54 -6.20639e-51   1.8486e-56 -1.45804e-52  7.48063e-59 -1.35859e-54
 3.66687e-16     0.121254  1.04218e-16    0.0130533 -4.87332e-16   -0.0168797  7.57817e-16   -0.0171412  4.07755e-16   -0.0111932 -3.10956e-16  -0.00617301 -4.28683e-16  -0.00311198 -2.20233e-16  -0.00148474  -3.9139e-17 -0.000680308  1.71435e-17 -0.000299951  1.49931e-17 -0.000126527  6.96857e-18 -5.06194e-05  3.89092e-18 -1.90481e-05  2.91809e-18 -6.69991e-06  2.06116e-18  -2.1939e-06  1.20594e-18 -6.67216e-07  5.93764e-19 -1.88193e-07  2.56451e-19 -4.91706e-08  9.99844e-20 -1.18805e-08  3.49076e-20 -2.64638e-09  1.00494e-20 -5.40356e-10  1.61568e-21 -1.00044e-10 -5.90504e-22 -1.64294e-11 -7.62739e-22 -2.27322e-12  -4.8404e-22  -2.2432e-13 -2.36917e-22  -3.3785e-16 -9.80672e-23  7.30248e-15  -3.5614e-23  2.47244e-15 -1.15976e-23  5.95658e-16  -3.4494e-24  1.21318e-16 -9.54725e-25  2.20448e-17 -2.50717e-25  3.66048e-18   -6.367e-26  5.62486e-19  -1.5951e-26  8.05808e-20 -4.04292e-27  1.08112e-20 -1.06862e-27   1.3623e-21 -3.00121e-28  1.61509e-22 -8.82776e-29   1.8033e-23 -2.60693e-29  1.89697e-24 -7.39657e-30  1.87999e-25 -1.95676e-30  1.75449e-26 -4.75099e-31  1.54063e-27 -1.05164e-31  1.27148e-28 -2.11884e-32  9.84786e-30 -3.89133e-33  7.14517e-31 -6.53981e-34  4.84595e-32  -1.0125e-34  3.06425e-33 -1.45776e-35   1.8011e-34 -1.97219e-36  9.80579e-36 -2.52439e-37  4.92445e-37 -3.05013e-38  2.27009e-38 -3.43231e-39  9.55052e-40 -3.52408e-40  3.64174e-41 -3.23748e-41  1.24811e-42 -2.63587e-42  3.80539e-44 -1.92143e-43  1.01893e-45 -1.29992e-44  2.35665e-47 -8.51945e-46  4.60546e-49  -5.3843e-47  7.37507e-51 -3.03286e-48  9.24721e-53 -1.35265e-49  8.42554e-55 -4.14065e-51  4.82171e-57 -6.76978e-53  1.11949e-59
  -0.0205355  1.04218e-16    0.0930126 -5.25678e-16    0.0316615  5.51963e-17  -0.00406379   9.3209e-16   -0.0133712  1.76484e-16   -0.0116772 -5.56773e-16  -0.00766155 -5.69416e-16  -0.00435018 -2.55114e-16  -0.00224102 -3.80099e-17  -0.00106632  2.42467e-17  -0.00047113  2.36013e-17 -0.000193259  1.56684e-17 -7.34507e-05  1.09232e-17 -2.58051e-05   7.5272e-18 -8.36257e-06  4.59515e-18 -2.49418e-06  2.42024e-18 -6.82572e-07  1.11832e-18 -1.70525e-07  4.63758e-19 -3.85254e-08  1.73691e-19 -7.72344e-09  5.68795e-20 -1.31589e-09  1.42887e-20 -1.67299e-10  1.06678e-21 -5.71257e-12 -1.71375e-21  5.41594e-12 -1.49682e-21  2.40298e-12 -8.37235e-22  7.06342e-13 -3.77964e-22  1.72519e-13 -1.46867e-22  3.73339e-14 -5.06105e-23  7.35843e-15 -1.57853e-23  1.34015e-15 -4.53961e-24  2.27453e-16 -1.22665e-24  3.61678e-17 -3.17382e-25  5.40719e-18 -8.01764e-26  7.61827e-19 -2.02437e-26  1.01308e-19 -5.26467e-27  1.27277e-20 -1.44833e-27  1.51142e-21 -4.21511e-28  1.69671e-22 -1.25468e-28  1.80026e-23 -3.64839e-29  1.80452e-24 -9.99754e-30  1.70752e-25 -2.52843e-30  1.52376e-26 -5.84437e-31  1.28075e-27 -1.23061e-31  1.01239e-28 -2.36126e-32  7.51228e-30 -4.14091e-33  5.22171e-31 -6.67441e-34  3.39147e-32 -9.97181e-35  2.05231e-33 -1.39533e-35  1.15324e-34 -1.84456e-36  5.99407e-36 -2.30714e-37   2.8686e-37 -2.70468e-38  1.25729e-38 -2.91754e-39  5.01482e-40 -2.83731e-40   1.8064e-41 -2.45403e-41  5.82209e-43 -1.89286e-42  1.65978e-44 -1.33857e-43  4.12467e-46 -9.08271e-45   8.7665e-48  -6.0249e-46  1.55287e-49 -3.70437e-47  2.20926e-51 -1.89928e-48  2.38364e-53 -7.17083e-50  1.76254e-55 -1.67819e-51   7.0917e-58 -1.55432e-53
 -7.3742e-16    0.0130533 -5.25678e-16    0.0701211  -6.9502e-16    0.0368496  6.48147e-16   0.00605113  9.24816e-16  -0.00705725 -1.03977e-16  -0.00904361 -7.33335e-16  -0.00689889 -5.82787e-16  -0.00423332 -2.11489e-16  -0.00225356 -2.78854e-18  -0.00107021  4.83201e-17 -0.000458516  4.32818e-17 -0.000177949  3.13687e-17 -6.25747e-05  2.15314e-17 -1.98802e-05  1.35222e-17  -5.6654e-06  7.50861e-18  -1.4257e-06  3.68123e-18  -3.0559e-07  1.61574e-18  -5.0298e-08  6.41318e-19 -3.51394e-09  2.27676e-19  1.65377e-09  6.80967e-20  1.00596e-09  1.35785e-20   3.6611e-10 -1.33401e-21  1.08248e-10 -3.33811e-21  2.80827e-11 -2.27712e-21  6.59913e-12 -1.14118e-21  1.42799e-12 -4.77747e-22  2.87327e-13 -1.74862e-22  5.40943e-14 -5.73706e-23  9.56939e-15 -1.72034e-23  1.59535e-15 -4.80328e-24  2.51171e-16 -1.27225e-24  3.73994e-17 -3.25831e-25  5.27197e-18 -8.24666e-26  7.03989e-19 -2.12212e-26  8.90798e-20 -5.72602e-27  1.06815e-20  -1.6414e-27  1.21351e-21 -4.89104e-28  1.30565e-22 -1.44947e-28  1.32957e-23     -4.1e-29  1.28036e-24 -1.07805e-29  1.16472e-25 -2.59966e-30  9.99617e-27 -5.71824e-31  8.08167e-28 -1.14625e-31  6.14404e-29 -2.09816e-32  4.38325e-30 -3.52315e-33  2.92747e-31 -5.46754e-34  1.82537e-32 -7.91981e-35  1.05924e-33 -1.08131e-35  5.69938e-35 -1.39803e-36  2.83143e-36 -1.70257e-37  1.29231e-37 -1.92292e-38  5.38718e-39 -1.97371e-39  2.03685e-40 -1.81086e-40  6.92621e-42 -1.47976e-41  2.09645e-43 -1.09753e-42   5.5758e-45 -7.71028e-44  1.28157e-46 -5.31392e-45  2.49005e-48 -3.50089e-46  3.96616e-50 -2.01449e-47  4.94832e-52 -9.03557e-49  4.48807e-54 -2.75977e-50  2.55754e-56 -4.48782e-52  5.91458e-59
   -0.023287 -4.87332e-16    0.0316615  -6.9502e-16    0.0601825 -1.23827e-17    0.0388913   1.2958e-15    0.0138557  8.93267e-16  1.90298e-05 -2.68127e-16  -0.00438361 -7.05232e-16  -0.00420916 -4.34994e-16  -0.00275922 -8.60013e-17  -0.00146499  7.06735e-17 -0.000661712  9.25717e-17  -0.00025804  7.35608e-17 -8.64854e-05  5.14349e-17 -2.41967e-05  3.30559e-17 -5.12788e-06  1.91504e-17 -4.69973e-07  9.89271e-18   2.5389e-07   4.5791e-18   1.9408e-07  1.91606e-18  8.68022e-08  7.23839e-19  3.12346e-08  2.39745e-19  9.79265e-09  6.27565e-20  2.76555e-09  7.39157e-21  7.15982e-10 -4.99472e-21  1.71738e-10 -4.96082e-21  3.84339e-11 -2.84962e-21  8.06437e-12 -1.29894e-21  1.59214e-12 -5.07432e-22  2.96549e-13   -1.757e-22  5.22134e-14  -5.5112e-23  8.70335e-15 -1.59582e-23  1.37496e-15 -4.34519e-24   2.0603e-16 -1.13356e-24  2.92976e-17 -2.89214e-25  3.95469e-18 -7.40828e-26  5.06755e-19 -1.96696e-26  6.16355e-20 -5.53968e-27  7.11326e-21 -1.64193e-27  7.78562e-22 -4.92851e-28  8.07619e-23 -1.43307e-28  7.93287e-24 -3.90848e-29  7.37063e-25 -9.82105e-30  6.46968e-26  -2.2554e-30  5.35701e-27 -4.72241e-31  4.17715e-28 -9.02401e-32  3.06126e-29 -1.57944e-32  2.10376e-30 -2.54831e-33   1.3522e-31 -3.82485e-34  8.10465e-33 -5.39554e-35  4.51424e-34  -7.2043e-36  2.32736e-35 -9.09258e-37  1.10551e-36 -1.07171e-37  4.81206e-38 -1.15733e-38  1.90713e-39 -1.12414e-39  6.82937e-41  -9.7352e-41  2.18916e-42 -7.59672e-42  6.20949e-44 -5.53783e-43  1.53591e-45 -3.94129e-44  3.25032e-47 -2.73898e-45  5.73458e-49 -1.73239e-46  8.12861e-51  -8.9734e-48  8.74087e-53 -3.38767e-49  6.44406e-55 -7.89242e-51  2.58579e-57  -7.2647e-53
 3.91261e-16   -0.0168797  5.51963e-17    0.0368496 -1.23827e-17    0.0554527  1.25463e-15     0.040773  1.94179e-15     0.020642  9.36598e-16   0.00736843 -2.00995e-16   0.00140086 -4.45356e-16 -0.000344442 -1.58966e-16  -0.00045026  9.26485e-17 -0.000210864  1.67022e-16 -4.04759e-05  1.46975e-16  2.24686e-05  1.06336e-16  2.89333e-05  6.99045e-17  1.91091e-05  4.19384e-17  9.70844e-06  2.26865e-17   4.1769e-06  1.10379e-17  1.58509e-06   4.8553e-18  5.42464e-07  1.93555e-18  1.69751e-07  6.89687e-19  4.90333e-08  2.08015e-19  1.31638e-08  4.35275e-20  3.30162e-09  -1.8287e-21  7.76729e-10  -8.5653e-21  1.71941e-10 -6.02416e-21  3.59048e-11 -3.04136e-21  7.08698e-12 -1.27665e-21  1.32435e-12 -4.68282e-22  2.34603e-13 -1.54131e-22  3.94342e-14  -4.6439e-23  6.29426e-15 -1.30471e-23  9.54485e-16 -3.48169e-24  1.37557e-16 -8.99985e-25  1.88428e-17 -2.30821e-25   2.4532e-18 -6.05813e-26  3.03501e-19 -1.67578e-26  3.56669e-20 -4.91404e-27  3.97941e-21 -1.48428e-27   4.2123e-22 -4.41499e-28  4.22665e-23 -1.24538e-28  4.01606e-24 -3.25588e-29  3.60914e-25 -7.80077e-30  3.06331e-26 -1.70561e-30  2.45161e-27  -3.4027e-31  1.84659e-28 -6.21041e-32  1.30621e-29 -1.04256e-32  8.65598e-31 -1.62305e-33  5.35864e-32 -2.36714e-34  3.08907e-33  -3.2628e-35  1.65204e-34 -4.25961e-36  8.16145e-36 -5.22376e-37  3.70584e-37  -5.9158e-38   1.5375e-38 -6.06853e-39  5.78772e-40 -5.56705e-40  1.96015e-41  -4.5815e-41  5.91097e-43 -3.47772e-42  1.56671e-44 -2.54988e-43  3.58965e-46 -1.84601e-44  6.95429e-48 -1.25982e-45  1.10474e-49 -7.36396e-47  1.37506e-51 -3.31202e-48  1.24465e-53 -1.00825e-49  7.08299e-56 -1.63024e-51  1.63661e-58
  -0.0137824  7.57817e-16  -0.00406379  6.48147e-16    0.0388913  1.25463e-15    0.0532563  2.56403e-15    0.0431048  2.43643e-15    0.0269323  1.06551e-15    0.0144976  8.36757e-17    0.0072906 -4.01715e-17    0.0036715  1.61328e-16   0.00191598  2.74334e-16   0.00101823  2.58687e-16  0.000527953  1.94695e-16  0.000257846  1.31139e-16   0.00011648  8.10752e-17  4.83837e-05   4.5677e-17  1.84882e-05  2.32839e-17  6.51935e-06  1.07455e-17  2.12996e-06  4.50182e-18  6.47387e-07  1.70236e-18  1.83746e-07  5.63777e-19  4.88646e-08  1.48151e-19  1.22113e-08  1.85734e-20  2.87485e-09 -1.05381e-20  6.38971e-10 -1.08157e-20  1.34321e-10 -6.23083e-21   2.6746e-11 -2.83828e-21  5.05082e-12 -1.10812e-21  9.05497e-13 -3.83973e-22  1.54232e-13 -1.20755e-22  2.49737e-14 -3.51246e-23  3.84578e-15 -9.62439e-24  5.63356e-16 -2.53175e-24  7.85078e-17 -6.53676e-25  1.04074e-17 -1.70496e-25  1.31211e-18 -4.64021e-26  1.57267e-19 -1.34111e-26   1.7911e-20 -4.04982e-27  1.93698e-21 -1.22546e-27  1.98744e-22 -3.56271e-28  1.93284e-23 -9.67237e-29  1.77962e-24 -2.41544e-29  1.54918e-25 -5.51276e-30  1.27305e-26 -1.14817e-30  9.85793e-28 -2.18589e-31  7.17859e-29 -3.82059e-32  4.90454e-30 -6.17513e-33  3.13555e-31 -9.31919e-34  1.87013e-32 -1.32608e-34  1.03696e-33 -1.78829e-35  5.32401e-35 -2.27567e-36  2.51934e-36 -2.69394e-37   1.0928e-37 -2.91053e-38  4.31718e-39 -2.82505e-39  1.54144e-40 -2.45571e-40  4.92786e-42 -1.94843e-41  1.39435e-43 -1.47281e-42  3.44123e-45 -1.10094e-43  7.26761e-47 -7.97453e-45  1.27987e-48  -5.1559e-46  1.81125e-50 -2.68772e-47  1.94545e-52 -1.01296e-48  1.43344e-54 -2.34809e-50  5.76189e-57 -2.14772e-52
  4.5966e-16   -0.0171412   9.3209e-16   0.00605113   1.2958e-15     0.040773  2.56403e-15     0.052905  3.47172e-15    0.0458949  2.67094e-15    0.0325316  1.23807e-15    0.0205704  4.69438e-16    0.0121493   3.7355e-16   0.00682823  4.35743e-16   0.00365072  4.12262e-16   0.00184034  3.20913e-16  0.000866728  2.21851e-16  0.000379166  1.40969e-16  0.000153746  8.23469e-17  5.78103e-05  4.38372e-17  2.01968e-05   2.1189e-17  6.57351e-06  9.30859e-18  1.99895e-06  3.70972e-18   5.6955e-07  1.31893e-18  1.52452e-07  3.95687e-19  3.84276e-08  8.20037e-20  9.14068e-09 -3.67217e-21   2.0556e-09 -1.61151e-20  4.37732e-10 -1.12379e-20  8.83831e-11 -5.64143e-21  1.69396e-11  -2.3591e-21  3.08465e-12 -8.63772e-22  5.34056e-13 -2.84414e-22  8.79593e-14 -8.59226e-23  1.37865e-14 -2.42579e-23  2.05682e-15 -6.51975e-24  2.92107e-16 -1.70298e-24  3.94874e-17 -4.43853e-25  5.07989e-18 -1.19257e-25  6.21691e-19 -3.39089e-26  7.23446e-20 -1.01767e-26   7.9997e-21 -3.11361e-27  8.39916e-22 -9.29016e-28   8.3654e-23 -2.61293e-28  7.89492e-24 -6.79299e-29  7.05119e-25 -1.61744e-29  5.95105e-26 -3.51642e-30  4.73815e-27  -6.9845e-31  3.55202e-28 -1.27175e-31  2.50175e-29 -2.13592e-32  1.65132e-30 -3.33862e-33  1.01861e-31 -4.90628e-34  5.85263e-33 -6.82876e-35  3.12064e-34 -8.99686e-36  1.53746e-35 -1.10987e-36  6.96378e-37 -1.25917e-37  2.88268e-38 -1.29089e-38  1.08294e-39 -1.18599e-39  3.66088e-41  -9.8698e-41  1.10214e-42 -7.71326e-42   2.9169e-44 -5.92313e-43  6.67438e-46 -4.48987e-44  1.29155e-47  -3.1534e-45  2.04963e-49 -1.86345e-46  2.54937e-51 -8.38508e-48  2.30935e-53 -2.54207e-49  1.31687e-55   -4.086e-51  3.08283e-58
 -0.00670917  4.07755e-16   -0.0133712  9.24816e-16    0.0138557  1.94179e-15    0.0431048  3.47172e-15    0.0537944  3.80054e-15    0.0485641  2.64846e-15    0.0366553  1.39222e-15    0.0245818  8.17443e-16    0.0150444  6.83307e-16   0.00848447  6.07846e-16   0.00441817  4.82186e-16   0.00212408  3.42232e-16  0.000943023  2.23334e-16  0.000387145  1.34832e-16    0.0001473  7.47336e-17  5.20863e-05  3.77689e-17  1.71689e-05  1.73752e-17   5.2913e-06  7.27067e-18  1.52901e-06  2.74258e-18  4.15347e-07  9.02246e-19  1.06311e-07  2.33296e-19  2.56925e-08   2.6934e-20  5.87315e-09 -1.81797e-20  1.27187e-09 -1.77677e-20  2.61272e-10 -1.00874e-20  5.09678e-11 -4.55853e-21  9.45021e-12 -1.77156e-21  1.66663e-12 -6.12705e-22  2.79722e-13 -1.92829e-22  4.46963e-14 -5.62725e-23    6.801e-15 -1.55085e-23  9.85534e-16 -4.11623e-24  1.36002e-16 -1.07776e-24  1.78696e-17 -2.87177e-25  2.23481e-18 -8.03479e-26  2.65905e-19 -2.38504e-26  3.00825e-20 -7.33132e-27  3.23358e-21 -2.23395e-27  3.29955e-22 -6.48997e-28  3.19282e-23 -1.75378e-28  2.92631e-24 -4.35333e-29  2.53682e-25 -9.87687e-30  2.07677e-26 -2.04696e-30  1.60264e-27 -3.88446e-31  1.16341e-28 -6.78467e-32  7.92621e-30 -1.09948e-32  5.05441e-31 -1.66976e-33  3.00763e-32 -2.39779e-34  1.66422e-33 -3.26487e-35  8.52862e-35 -4.18507e-36  4.02904e-36  -4.9706e-37  1.74505e-37  -5.3703e-38  6.88492e-39 -5.21361e-39  2.45541e-40 -4.56312e-40  7.84182e-42 -3.70145e-41  2.21693e-43 -2.91559e-42  5.46726e-45 -2.28709e-43  1.15395e-46 -1.71627e-44  2.03134e-48  -1.1279e-45  2.87355e-50 -5.89927e-47  3.08793e-52  -2.2169e-48  2.29014e-54 -5.11115e-50  9.28468e-57 -4.64517e-52
-1.41444e-16   -0.0111932  1.76484e-16  -0.00705725  8.93267e-16     0.020642  2.43643e-15    0.0458949  3.80054e-15    0.0550044  3.62788e-15     0.050045  2.44888e-15    0.0383268   1.4739e-15    0.0258175  1.03474e-15    0.0156124  8.40877e-16   0.00856211  6.67275e-16   0.00428386  4.85311e-16   0.00196428  3.25383e-16  0.000828869  2.02647e-16  0.000323174  1.16644e-16  0.000116884  6.15278e-17  3.93592e-05  2.96097e-17  1.23823e-05  1.29834e-17  3.65066e-06  5.16232e-18  1.01149e-06  1.82461e-18   2.6402e-07   5.3947e-19  6.50627e-08  1.06625e-19  1.51654e-08 -9.00633e-21  3.34884e-09 -2.40946e-20  7.01526e-10 -1.62437e-20  1.39571e-10 -8.03952e-21  2.63969e-11 -3.33531e-21  4.74945e-12 -1.21596e-21  8.13424e-13 -3.99864e-22  1.32665e-13 -1.20986e-22  2.06098e-14 -3.43042e-23  3.05019e-15 -9.28845e-24  4.30041e-16 -2.45533e-24  5.77509e-17 -6.52131e-25  7.38505e-18 -1.79912e-25  8.98909e-19 -5.26521e-26   1.0409e-19 -1.61595e-26  1.14588e-20 -5.00057e-27  1.19824e-21 -1.49515e-27  1.18907e-22 -4.19139e-28  1.11849e-23  -1.0836e-28   9.9598e-25 -2.56464e-29  8.38329e-26 -5.54586e-30  6.65858e-27 -1.09721e-30  4.98091e-28 -1.99434e-31  3.50137e-29 -3.35389e-32  2.30718e-30 -5.26832e-33    1.421e-31 -7.80603e-34  8.15379e-33 -1.09708e-34  4.34256e-34 -1.45757e-35  2.13732e-35 -1.80675e-36  9.67247e-37  -2.0519e-37  4.00106e-38 -2.10293e-38  1.50219e-39 -1.93919e-39  5.07573e-41 -1.63953e-40  1.52753e-42 -1.32657e-41  4.04167e-44 -1.06852e-42   9.2465e-46 -8.44011e-44   1.7893e-47 -6.06257e-45  2.84066e-49 -3.60767e-46  3.53292e-51 -1.62136e-47  3.21119e-53 -4.89227e-49  1.88632e-55 -7.81594e-51  4.52367e-58
  -0.0029494 -3.10956e-16   -0.0116772 -1.03977e-16  1.90298e-05  9.36598e-16    0.0269323  2.67094e-15    0.0485641  3.62788e-15    0.0552704  3.16288e-15    0.0492045  2.16319e-15    0.0369555  1.45759e-15    0.0242514  1.09762e-15    0.0141703  8.58249e-16   0.00745945  6.36945e-16   0.00356774  4.39019e-16   0.00156098  2.81872e-16  0.000628417  1.68148e-16  0.000233977  9.24109e-17  8.09354e-05  4.64742e-17  2.61146e-05  2.13283e-17  7.88737e-06  8.90584e-18  2.23677e-06  3.34354e-18  5.97186e-07  1.08714e-18  1.50454e-07  2.72213e-19  3.58399e-08  2.50069e-20  8.08607e-09  -2.6191e-20  1.73039e-09 -2.34236e-20  3.51648e-10 -1.29745e-20  6.79307e-11 -5.79139e-21  1.24844e-11 -2.23496e-21  2.18415e-12 -7.70356e-22  3.63929e-13 -2.42379e-22  5.77706e-14 -7.09246e-23  8.73828e-15 -1.96613e-23  1.25947e-15 -5.27082e-24  1.72963e-16  -1.4027e-24  2.26264e-17  -3.8295e-25  2.81853e-18 -1.10349e-25  3.34163e-19 -3.36274e-26  3.76836e-20 -1.05037e-26    4.039e-21 -3.21824e-27  4.11079e-22 -9.33596e-28   3.9687e-23 -2.51068e-28     3.63e-24 -6.19548e-29  3.14116e-25 -1.39772e-29  2.56744e-26 -2.88362e-30  1.97853e-27 -5.45768e-31  1.43456e-28 -9.53318e-32  9.76341e-30 -1.55036e-32  6.22052e-31 -2.37127e-33  3.69884e-32 -3.43731e-34  2.04548e-33 -4.72322e-35  1.04776e-34 -6.09232e-36  4.94808e-36  -7.2525e-37   2.1426e-37 -7.83433e-38   8.4523e-39 -7.61783e-39  3.01428e-40 -6.73826e-40  9.62721e-42 -5.61945e-41  2.72205e-43 -4.62862e-42  6.71442e-45 -3.79923e-43  1.41757e-46 -2.93501e-44  2.49717e-48 -1.95115e-45  3.53943e-50 -1.02151e-46  3.80009e-52 -3.82429e-48  2.85934e-54 -8.76716e-50  1.31179e-56 -7.91662e-52
-2.31969e-16  -0.00617301 -5.56773e-16  -0.00904361 -2.68127e-16   0.00736843  1.06551e-15    0.0325316  2.64846e-15     0.050045  3.16288e-15    0.0533532  2.61103e-15    0.0454319  1.85527e-15    0.0327437  1.35015e-15    0.0205846  1.03482e-15    0.0114967  7.79109e-16   0.00577738  5.51928e-16   0.00263745  3.65326e-16   0.00110229  2.25528e-16  0.000424489  1.28907e-16  0.000151448  6.76685e-17  5.02941e-05  3.24736e-17  1.56086e-05  1.42093e-17  4.54252e-06  5.62864e-18  1.24337e-06  1.97155e-18  3.20899e-07  5.69715e-19  7.82605e-08  1.03341e-19  1.80685e-08 -1.70558e-20  3.95532e-09 -2.97163e-20  8.22033e-10  -1.9147e-20  1.62373e-10 -9.30119e-21  3.05097e-11  -3.8194e-21  5.45711e-12 -1.38459e-21  9.29645e-13  -4.5434e-22  1.50891e-13 -1.37614e-22  2.33397e-14 -3.91861e-23  3.44076e-15 -1.06969e-23  4.83411e-16 -2.86674e-24  6.47149e-17 -7.78009e-25  8.25246e-18 -2.20892e-25  1.00199e-18 -6.65462e-26  1.15771e-19   -2.085e-26  1.27199e-20 -6.51334e-27  1.32786e-21 -1.94927e-27  1.31574e-22 -5.44412e-28  1.23606e-23 -1.39963e-28  1.09947e-24 -3.29347e-29  9.24589e-26 -7.08634e-30  7.33816e-27 -1.39719e-30  5.48593e-28 -2.53697e-31  3.85457e-29 -4.27578e-32  2.53904e-30 -6.75557e-33  1.56346e-31 -1.00974e-33  8.97019e-33 -1.43264e-34   4.7773e-34 -1.91767e-35  2.35149e-35 -2.38589e-36  1.06435e-36 -2.71086e-37  4.40387e-38  -2.7794e-38  1.65397e-39 -2.57966e-39  5.59084e-41 -2.22714e-40  1.68335e-42 -1.87465e-41  4.45638e-44  -1.5829e-42  1.02016e-45  -1.2954e-43  1.97529e-47 -9.46342e-45  3.14245e-49 -5.65326e-46  3.93515e-51 -2.53432e-47  3.55256e-53 -7.60786e-49  2.21814e-55 -1.20795e-50  8.16908e-58
 -0.00122501 -4.28683e-16  -0.00766155 -7.33335e-16  -0.00438361 -2.00995e-16    0.0144976  1.23807e-15    0.0366553  2.44888e-15    0.0492045  2.61103e-15    0.0486066  2.09991e-15    0.0390126  1.55714e-15    0.0266499  1.17934e-15    0.0159145  8.95707e-16   0.00845597  6.50825e-16   0.00404918  4.44004e-16   0.00176477  2.83313e-16  0.000705617  1.68104e-16  0.000260514  9.19741e-17  8.92959e-05  4.61107e-17  2.85464e-05  2.11132e-17  8.54414e-06  8.78855e-18  2.40218e-06  3.27681e-18  6.36165e-07   1.0478e-18  1.59071e-07  2.49836e-19  3.76304e-08  1.33513e-20  8.43623e-09 -3.16375e-20  1.79489e-09 -2.56996e-20  3.62844e-10 -1.38301e-20  6.97608e-11 -6.08483e-21  1.27658e-11 -2.32903e-21   2.2248e-12 -7.99483e-22  3.69426e-13 -2.51378e-22  5.84628e-14 -7.37546e-23   8.8188e-15 -2.05763e-23    1.268e-15 -5.57917e-24  1.73762e-16 -1.51271e-24  2.26886e-17 -4.24203e-25  2.82169e-18    -1.26e-25  3.34072e-19 -3.93618e-26  3.76286e-20  -1.2466e-26  4.02909e-21 -3.83435e-27  4.09736e-22 -1.10987e-27  3.95314e-23 -2.96981e-28  3.61395e-24 -7.28621e-29  3.12613e-25 -1.63502e-29  2.55456e-26 -3.35947e-30  1.96838e-27 -6.34555e-31  1.42719e-28 -1.10942e-31  9.71423e-30 -1.81229e-32  6.19039e-31 -2.79352e-33  3.68196e-32 -4.08781e-34  2.03689e-33 -5.66463e-35  1.04382e-34 -7.34418e-36  4.93201e-36 -8.75549e-37  2.13688e-37 -9.45765e-38  8.43513e-39 -9.22872e-39  3.01026e-40 -8.28554e-40  9.62162e-42 -7.14214e-41   2.7227e-43 -6.16181e-42  6.72211e-45 -5.26882e-43  1.42072e-46 -4.16487e-44  2.50415e-48 -2.78976e-45  3.57245e-50 -1.45939e-46  3.93316e-52  -5.4395e-48  2.85686e-54 -1.23973e-49  1.65331e-56 -1.11222e-51
-1.31783e-16  -0.00311198 -5.69416e-16  -0.00689889 -7.05232e-16   0.00140086  8.36757e-17    0.0205704  1.39222e-15    0.0383268  2.16319e-15    0.0454319  2.09991e-15    0.0413268  1.67492e-15    0.0310211  1.28007e-15    0.0199666  9.78079e-16     0.011287  7.25836e-16   0.00569756  5.09543e-16   0.00260017  3.35547e-16   0.00108314  2.06233e-16  0.000415032  1.17374e-16  0.000147203  6.13953e-17  4.85793e-05  2.93825e-17  1.49819e-05  1.28187e-17  4.33364e-06   5.0502e-18  1.17934e-06  1.74716e-18  3.02732e-07  4.89005e-19  7.34616e-08   7.7218e-20   1.6883e-08  -2.4107e-20  3.68046e-09 -3.09459e-20  7.62036e-10 -1.90138e-20  1.50014e-10 -9.05053e-21  2.81025e-11 -3.67501e-21  5.01308e-12 -1.32398e-21  8.51983e-13 -4.33399e-22  1.37999e-13 -1.31408e-22  2.13071e-14 -3.75934e-23  3.13622e-15 -1.03569e-23   4.4004e-16 -2.81969e-24  5.88433e-17  -7.8393e-25  7.49685e-18 -2.29399e-25  9.09579e-19 -7.10803e-26  1.05034e-19  -2.2683e-26  1.15355e-20 -7.13861e-27  1.20388e-21 -2.13596e-27  1.19273e-22 -5.94087e-28  1.12048e-23 -1.51884e-28  9.96762e-25 -3.55418e-29  8.38385e-26 -7.61216e-30  6.65596e-27 -1.49659e-30  4.97785e-28 -2.71677e-31  3.49921e-29 -4.59303e-32  2.30622e-30   -7.305e-33  1.42097e-31 -1.10177e-33  8.15823e-33 -1.57743e-34   4.3481e-34 -2.12513e-35  2.14194e-35 -2.65113e-36  9.70332e-37 -3.01271e-37  4.01846e-38 -3.09376e-38  1.51065e-39 -2.89995e-39  5.11146e-41 -2.57011e-40  1.54062e-42 -2.25839e-41  4.08321e-44 -1.99397e-42  9.35997e-46 -1.68046e-43  1.81611e-47  -1.2426e-44  2.88705e-49 -7.43389e-46  3.70213e-51  -3.3211e-47  3.66703e-53 -9.91578e-49  1.96807e-55 -1.56458e-50  1.35002e-57
-0.000498081 -2.20233e-16  -0.00435018 -5.82787e-16  -0.00420916 -4.45356e-16    0.0072906  4.69438e-16    0.0245818   1.4739e-15    0.0369555  1.85527e-15    0.0390126  1.67492e-15    0.0326163  1.33134e-15    0.0228315   1.0268e-15    0.0138212  7.73895e-16   0.00739185  5.56832e-16   0.00354654  3.77413e-16   0.00154429   2.3959e-16  0.000615823   1.4146e-16  0.000226539  7.70517e-17  7.73318e-05  3.84894e-17  2.46164e-05  1.75651e-17  7.33682e-06  7.27731e-18   2.0544e-06  2.68776e-18     5.42e-07   8.4051e-19   1.3505e-07    1.869e-19  3.18457e-08   -9.283e-22  7.11875e-09 -3.23529e-20  1.51067e-09 -2.40562e-20  3.04689e-10 -1.25702e-20  5.84622e-11 -5.44792e-21  1.06796e-11 -2.06744e-21  1.85844e-12  -7.0666e-22  3.08201e-13 -2.22055e-22  4.87226e-14 -6.53463e-23  7.34331e-15 -1.83621e-23  1.05515e-15 -5.04408e-24  1.44523e-16 -1.39675e-24  1.88644e-17 -4.03128e-25  2.34565e-18 -1.23412e-25  2.77696e-19 -3.94382e-26  3.12809e-20 -1.26335e-26  3.35003e-21  -3.8949e-27  3.40779e-22 -1.12413e-27  3.28912e-23 -2.99247e-28  3.00836e-24 -7.30062e-29  2.60375e-25 -1.63007e-29  2.12906e-26 -3.33737e-30  1.64169e-27 -6.29564e-31  1.19125e-28 -1.10267e-31  8.11508e-30  -1.8109e-32  5.17597e-31 -2.81466e-33  3.08152e-32 -4.15718e-34  1.70642e-33 -5.80452e-35  8.75384e-35 -7.55597e-36  4.14062e-36 -9.01534e-37  1.79602e-37 -9.74339e-38   7.0978e-39 -9.56502e-39  2.53602e-40 -8.75759e-40  8.11588e-42 -7.83918e-41  2.29968e-43 -7.08186e-42  5.68701e-45 -6.27446e-43  1.20474e-46  -5.0473e-44  2.13691e-48 -3.39579e-45  3.02329e-50 -1.77263e-46  3.65348e-52 -6.57496e-48  3.60024e-54 -1.48959e-49  1.24646e-56 -1.32774e-51
-2.24565e-17  -0.00148474 -2.55114e-16  -0.00423332 -4.34994e-16 -0.000344442 -4.01715e-17    0.0121493  8.17443e-16    0.0258175  1.45759e-15    0.0327437  1.55714e-15    0.0310211  1.33134e-15    0.0238673  1.04828e-15    0.0155854  7.98982e-16   0.00887881   5.8554e-16   0.00449734  4.06596e-16   0.00205384  2.65523e-16  0.000854704  1.62026e-16  0.000326847  9.16348e-17  0.000115633  4.76841e-17  3.80552e-05  2.27223e-17  1.17034e-05  9.86662e-18  3.37612e-06  3.85736e-18  9.16419e-07  1.31292e-18  2.34688e-07  3.52099e-19  5.68292e-08  4.41875e-20  1.30359e-08  -2.6781e-20  2.83711e-09 -2.77139e-20   5.8659e-10 -1.62779e-20  1.15338e-10 -7.59264e-21  2.15852e-11 -3.04829e-21  3.84747e-12 -1.09136e-21  6.53492e-13 -3.56426e-22  1.05803e-13 -1.08216e-22  1.63317e-14  -3.1124e-23   2.4036e-15  -8.6654e-24  3.37255e-16 -2.40183e-24  4.51053e-17 -6.85627e-25  5.74811e-18 -2.06925e-25   6.9767e-19 -6.58352e-26   8.0602e-20 -2.13423e-26  8.85723e-21 -6.75306e-27  9.24978e-22 -2.01808e-27   9.1708e-23 -5.58788e-28  8.62222e-24 -1.42071e-28  7.67688e-25 -3.30703e-29  6.46312e-26 -7.05342e-30  5.13617e-27 -1.38367e-30  3.84524e-28 -2.51323e-31  2.70599e-29 -4.26599e-32  1.78546e-30 -6.83468e-33   1.1014e-31 -1.04031e-33  6.33115e-33 -1.50201e-34  3.37854e-34 -2.03443e-35  1.66645e-35 -2.54258e-36  7.55918e-37 -2.88989e-37   3.1347e-38 -2.97736e-38  1.18002e-39 -2.82972e-39  3.99827e-41 -2.58757e-40   1.2069e-42 -2.37799e-41  3.20452e-44 -2.18664e-42  7.36793e-46 -1.88667e-43  1.43756e-47  -1.4065e-44  2.34672e-49 -8.41136e-46  2.87759e-51 -3.74234e-47  4.00041e-53 -1.11108e-48  4.46851e-55 -1.74216e-50  9.37775e-58
 -0.00020436  -3.9139e-17  -0.00224102 -2.11489e-16  -0.00275922 -1.58966e-16    0.0036715   3.7355e-16    0.0150444  1.03474e-15    0.0242514  1.35015e-15    0.0266499  1.28007e-15    0.0228315  1.04828e-15    0.0162184  8.08647e-16    0.0099008   5.9959e-16   0.00531824  4.23778e-16   0.00255617  2.83096e-16   0.00111322  1.77636e-16  0.000443564  1.03879e-16  0.000162949  5.61464e-17  5.55343e-05  2.78756e-17  1.76475e-05  1.26518e-17  5.25092e-06   5.2054e-18    1.468e-06  1.89853e-18  3.86738e-07  5.76828e-19   9.6242e-08  1.16199e-19    2.267e-08 -1.09973e-20  5.06311e-09 -2.84077e-20  1.07368e-09 -1.95745e-20  2.16436e-10 -9.94551e-21  4.15137e-11 -4.24726e-21    7.582e-12 -1.59829e-21  1.31933e-12 -5.44087e-22  2.18815e-13 -1.70921e-22  3.45994e-14 -5.04788e-23  5.21647e-15 -1.43024e-23  7.49884e-16 -3.98784e-24  1.02768e-16 -1.13042e-24  1.34229e-17 -3.36253e-25  1.67026e-18 -1.05992e-25    1.979e-19 -3.45593e-26  2.23122e-20 -1.11707e-26  2.39182e-21   -3.447e-27  2.43554e-22 -9.91385e-28  2.35327e-23 -2.62528e-28  2.15483e-24 -6.37007e-29  1.86723e-25 -1.41573e-29  1.52868e-26 -2.88985e-30  1.18024e-27 -5.44848e-31  8.57529e-29 -9.56862e-32  5.84952e-30 -1.58114e-32  3.73607e-31 -2.47892e-33  2.22739e-32 -3.69407e-34   1.2352e-33 -5.19207e-35  6.34567e-35 -6.77913e-36  3.00597e-36 -8.09196e-37   1.3058e-37 -8.75861e-38  5.16831e-39 -8.67691e-39  1.84942e-40 -8.14196e-40  5.92765e-42  -7.5948e-41  1.68285e-43 -7.16934e-42  4.17526e-45 -6.54388e-43    8.919e-47 -5.33161e-44  1.60995e-48 -3.59413e-45  2.56555e-50 -1.87034e-46  2.52929e-52 -6.90153e-48  6.20677e-54 -1.55416e-49  6.66679e-56 -1.37633e-51
 1.41327e-17 -0.000680308 -3.80099e-17  -0.00225356 -8.60013e-17  -0.00045026  1.61328e-16   0.00682823  6.83307e-16    0.0156124  1.09762e-15    0.0205846  1.17934e-15    0.0199666   1.0268e-15    0.0155854  8.08647e-16    0.0102653   6.0462e-16   0.00587652   4.3196e-16   0.00298397  2.93177e-16   0.00136403  1.87954e-16  0.000567665  1.13014e-16  0.000216975  6.31784e-17  7.67035e-05  3.25835e-17  2.52214e-05  1.54153e-17  7.74978e-06  6.64565e-18  2.23379e-06  2.57102e-18  6.05919e-07  8.57036e-19  1.55083e-07  2.17245e-19  3.75371e-08  1.76153e-20  8.60818e-09 -2.44725e-20  1.87323e-09  -2.1678e-20  3.87306e-10 -1.22254e-20  7.61654e-11 -5.59344e-21  1.42582e-11 -2.22129e-21  2.54248e-12 -7.90584e-22  4.32064e-13 -2.57698e-22  6.99965e-14 -7.83887e-23  1.08124e-14 -2.26867e-23   1.5926e-15 -6.39329e-24  2.23661e-16 -1.80813e-24   2.9942e-17 -5.30954e-25   3.8197e-18 -1.65245e-25  4.64125e-19 -5.38603e-26  5.36829e-20 -1.76894e-26  5.90633e-21  -5.6171e-27  6.17592e-22 -1.67502e-27  6.13124e-23 -4.61601e-28  5.77229e-24 -1.16725e-28  5.14659e-25 -2.70355e-29  4.33907e-26  -5.7452e-30  3.45325e-27 -1.12531e-30  2.58915e-28 -2.04688e-31  1.82481e-29  -3.4914e-32  1.20589e-30 -5.63791e-33  7.45037e-32 -8.65948e-34  4.28945e-33 -1.25983e-34  2.29266e-34 -1.71378e-35  1.13267e-35 -2.14424e-36  5.14625e-37 -2.43856e-37   2.1376e-38 -2.52623e-38  8.06015e-40 -2.44508e-39  2.73544e-41 -2.31734e-40   8.2704e-43 -2.22742e-41  2.20289e-44 -2.12252e-42  5.11172e-46 -1.86488e-43  1.02792e-47 -1.39722e-44  1.77956e-49 -8.34134e-46  3.42616e-51 -3.69416e-47  2.24587e-53 -1.09048e-48  1.30123e-54 -1.69912e-50  8.42637e-57
-8.59911e-05  1.71435e-17  -0.00106632 -2.78854e-18  -0.00146499  9.26485e-17   0.00191598  4.35743e-16   0.00848447  8.40877e-16    0.0141703  1.03482e-15    0.0159145  9.78079e-16    0.0138212  7.98982e-16    0.0099008   6.0462e-16   0.00607457   4.3482e-16   0.00327232  2.97858e-16   0.00157517  1.93703e-16  0.000686438  1.18933e-16  0.000273555  6.83741e-17  0.000100484  3.64774e-17   3.4238e-05  1.79304e-17  1.08775e-05  8.06886e-18   3.2359e-06  3.28746e-18  9.04563e-07  1.17975e-18  2.38302e-07  3.45535e-19  5.93093e-08  6.03238e-20  1.39737e-08 -1.45053e-20  3.12197e-09 -2.17396e-20  6.62353e-10 -1.40538e-20  1.33597e-10 -6.95888e-21  2.56422e-11 -2.93068e-21  4.68693e-12 -1.09415e-21  8.16281e-13 -3.71126e-22  1.35513e-13 -1.16616e-22    2.145e-14 -3.45914e-23  3.23757e-15  -9.8955e-24  4.65961e-16 -2.80615e-24  6.39371e-17 -8.16035e-25  8.36192e-18  -2.5034e-25  1.04192e-18  -8.1113e-26  1.23624e-19 -2.69087e-26   1.3958e-20 -8.75659e-27  1.49848e-21 -2.70108e-27  1.52819e-22 -7.73773e-28  1.47885e-23 -2.03824e-28  1.35628e-24 -4.92001e-29  1.17714e-25 -1.08887e-29  9.65277e-27 -2.21733e-30  7.46483e-28  -4.1816e-31  5.43275e-29 -7.37005e-32  3.71211e-30 -1.22622e-32  2.37493e-31 -1.93951e-33  1.41832e-32 -2.91449e-34   7.8788e-34 -4.11929e-35  4.05465e-35 -5.38986e-36  1.92405e-36 -6.43593e-37  8.37275e-38 -6.98686e-38  3.31978e-39  -7.0102e-39  1.19011e-40 -6.77425e-40  3.82057e-42 -6.59834e-41  1.08633e-43 -6.48542e-42  2.71649e-45 -6.06416e-43   6.0035e-47 -4.98454e-44  1.21385e-48 -3.36046e-45  2.26316e-50 -1.74208e-46  7.05489e-52 -6.39364e-48  2.65693e-54 -1.43105e-49   2.6785e-55 -1.25912e-51
 1.05458e-17 -0.000299951  2.42467e-17  -0.00107021  7.06735e-17 -0.000210864  2.74334e-16   0.00365072  6.07846e-16   0.00856211  8.58249e-16    0.0114967  8.95707e-16     0.011287  7.73895e-16   0.00887881   5.9959e-16   0.00587652   4.3482e-16   0.00337417  2.99456e-16   0.00171641  1.96273e-16  0.000785434  1.22142e-16  0.000327075  7.17038e-17  0.000125064  3.93484e-17  4.42243e-05  2.00108e-17  1.45455e-05  9.36329e-18  4.47074e-06   3.9948e-18  1.28911e-06  1.52429e-18  3.49833e-07  4.95002e-19  8.95877e-08  1.16502e-19  2.16983e-08  2.27182e-21  4.97969e-09 -1.90115e-20  1.08455e-09 -1.50081e-20  2.24451e-10  -8.1663e-21  4.41845e-11 -3.67029e-21  8.28051e-12  -1.4428e-21  1.47831e-12 -5.10764e-22  2.51535e-13  -1.6626e-22  4.08036e-14 -5.07068e-23  6.31164e-15 -1.47835e-23  9.30994e-16 -4.22426e-24   1.3094e-16 -1.22169e-24  1.75559e-17  -3.6954e-25  2.24312e-18 -1.18489e-25  2.72993e-19 -3.94597e-26  3.16272e-20 -1.30954e-26  3.48548e-21 -4.16626e-27  3.65073e-22  -1.2388e-27  3.63052e-23 -3.39714e-28  3.42389e-24 -8.54502e-29  3.05809e-25 -1.97004e-29  2.58282e-26 -4.17336e-30   2.0592e-27 -8.16779e-31   1.5467e-28 -1.48909e-31  1.09207e-29 -2.55445e-32  7.22979e-31 -4.15916e-33  4.47494e-32 -6.44434e-34   2.5811e-33  -9.4388e-35   1.3821e-34 -1.28824e-35  6.84068e-36  -1.6129e-36  3.11381e-37 -1.83684e-37  1.29578e-38 -1.91867e-38  4.89527e-40 -1.89991e-39   1.6648e-41  -1.8729e-40  5.03933e-43 -1.87976e-41  1.34364e-44 -1.84621e-42  3.19922e-46 -1.64415e-43   7.3192e-48 -1.23493e-44  1.78854e-49 -7.35217e-46  4.10077e-51 -3.24004e-47  1.92605e-52 -9.50853e-49   4.9851e-55 -1.47225e-50  4.04018e-56
-3.68631e-05  1.49931e-17  -0.00047113  4.83201e-17 -0.000661712  1.67022e-16   0.00101823  4.12262e-16   0.00441817  6.67275e-16   0.00745945  7.79109e-16   0.00845597  7.25836e-16   0.00739185   5.8554e-16   0.00531824   4.3196e-16   0.00327232  2.99456e-16   0.00176611  1.97107e-16   0.00085123  1.23515e-16  0.000371302  7.34816e-17  0.000148079  4.11899e-17  5.44293e-05  2.15524e-17   1.8558e-05  1.04383e-17  5.89996e-06  4.63967e-18  1.75648e-06   1.8655e-18  4.91411e-07  6.55953e-19  1.29577e-07  1.83467e-19  3.22817e-08  2.57383e-20    7.614e-09 -1.30247e-20  1.70308e-09 -1.46992e-20  3.61773e-10 -9.01193e-21  7.30656e-11  -4.3601e-21  1.40434e-11 -1.81279e-21  2.57058e-12 -6.71922e-22  4.48367e-13 -2.27227e-22  7.45504e-14 -7.14668e-23  1.18192e-14 -2.13121e-23  1.78687e-15 -6.16476e-24  2.57604e-16 -1.78173e-24  3.54078e-17 -5.32512e-25  4.63884e-18 -1.68469e-25  5.79035e-19 -5.59824e-26  6.88261e-20 -1.88421e-26  7.78509e-21 -6.16036e-27  8.37314e-22 -1.89756e-27  8.55496e-23 -5.41241e-28  8.29422e-24 -1.41827e-28  7.62107e-25 -3.40668e-29  6.62696e-26 -7.51133e-30  5.44456e-27 -1.52692e-30  4.21849e-28 -2.88267e-31    3.076e-29 -5.10323e-32  2.10581e-30 -8.55408e-33  1.34984e-31 -1.36494e-33  8.07678e-33 -2.06681e-34  4.49531e-34 -2.93454e-35  2.31786e-35 -3.84507e-36  1.10201e-36 -4.59416e-37  4.80498e-38 -5.01209e-38  1.90885e-39 -5.11369e-39  6.85766e-41 -5.11135e-40  2.20751e-42 -5.20082e-41  6.27271e-44 -5.29834e-42   1.5667e-45 -5.04878e-43  3.78738e-47 -4.17338e-44  1.13251e-48 -2.80986e-45  3.95617e-50 -1.45036e-46  1.01223e-51 -5.29354e-48  5.25549e-53  -1.1776e-49  1.04296e-55 -1.02945e-51
 3.29293e-18 -0.000126527  2.36013e-17 -0.000458516  9.25717e-17 -4.04759e-05  2.58687e-16   0.00184034  4.82186e-16   0.00428386  6.36945e-16   0.00577738  6.50825e-16   0.00569756  5.56832e-16   0.00449734  4.23778e-16   0.00298397  2.97858e-16   0.00171641  1.97107e-16  0.000874309   1.2393e-16  0.000400532  7.42216e-17  0.000166957  4.21777e-17  6.38998e-05  2.25536e-17  2.26173e-05  1.12435e-17  7.44634e-06  5.17915e-18  2.29114e-06  2.17836e-18  6.61386e-07  8.16647e-19    1.797e-07  2.56794e-19  4.60781e-08  5.47837e-20  1.11754e-08 -3.72824e-21  2.56837e-09 -1.28572e-20  5.60214e-10 -9.30063e-21  1.16119e-10 -4.90573e-21  2.28955e-11 -2.16947e-21  4.29795e-12 -8.44949e-22  7.68618e-13 -2.97728e-22   1.3101e-13 -9.68485e-23  2.12903e-14 -2.96398e-23  3.29926e-15 -8.71628e-24  4.87557e-16 -2.53016e-24  6.87015e-17 -7.49822e-25  9.22874e-18 -2.33806e-25  1.18142e-18 -7.71127e-26   1.4406e-19 -2.61633e-26  1.67225e-20 -8.75228e-27  1.84653e-21 -2.78588e-27  1.93789e-22 -8.25492e-28  1.93099e-23 -2.25242e-28  1.82472e-24 -5.63684e-29  1.63302e-25 -1.29408e-29  1.38199e-26 -2.73441e-30  1.10402e-27 -5.35134e-31   8.3091e-29 -9.78694e-32   5.8785e-30 -1.68966e-32  3.89954e-31 -2.77453e-33  2.41849e-32 -4.33464e-34  1.39775e-33 -6.38549e-35  7.49949e-35 -8.73618e-36  3.71929e-36 -1.09434e-36  1.69639e-37 -1.24957e-37  7.07447e-39 -1.32037e-38  2.67784e-40  -1.3438e-39  9.13112e-42 -1.38094e-40  2.77749e-43 -1.44279e-41  7.35144e-45 -1.45268e-42  1.73412e-46 -1.30612e-43  5.20121e-48 -9.81611e-45   2.6238e-49 -5.82359e-46  1.14061e-50 -2.55316e-47  2.68394e-52 -7.44872e-49  1.24604e-53 -1.14609e-50  1.61408e-56
-1.57126e-05  6.96857e-18 -0.000193259  4.32818e-17  -0.00025804  1.46975e-16  0.000527953  3.20913e-16   0.00212408  4.85311e-16   0.00356774  5.51928e-16   0.00404918  5.09543e-16   0.00354654  4.06596e-16   0.00255617  2.93177e-16   0.00157517  1.96273e-16   0.00085123   1.2393e-16  0.000410757  7.44346e-17  0.000179372  4.25937e-17  7.16168e-05  2.31046e-17   2.6355e-05  1.17778e-17  8.99698e-06  5.58935e-18  2.86405e-06  2.44284e-18  8.53832e-07  9.65436e-19  2.39224e-07  3.31059e-19  6.31755e-08  8.74429e-20   1.5764e-08  8.45559e-21  3.72427e-09 -9.40142e-21  8.34463e-10 -8.88575e-21  1.77571e-10 -5.21354e-21  3.59282e-11 -2.47099e-21   6.9183e-12 -1.01547e-21  1.26876e-12 -3.73987e-22  2.21726e-13 -1.26185e-22  3.69387e-14 -3.97565e-23  5.86784e-15 -1.19322e-23  8.88898e-16 -3.49579e-24  1.28407e-16 -1.03188e-24  1.76856e-17 -3.17403e-25  2.32177e-18 -1.03475e-25  2.90408e-19 -3.51722e-26  3.45904e-20 -1.19774e-26  3.92073e-21 -3.92728e-27  4.22567e-22 -1.20697e-27  4.32644e-23 -3.42691e-28  4.20334e-24 -8.93391e-29  3.87027e-25 -2.13607e-29  3.37245e-26 -4.69455e-30  2.77651e-27 -9.53314e-31  2.15575e-28  -1.8032e-31  1.57519e-29 -3.20892e-32   1.0806e-30 -5.42124e-33   6.9411e-32 -8.72482e-34  4.16181e-33 -1.33017e-34  2.32113e-34  -1.8954e-35   1.1993e-35 -2.48574e-36  5.71375e-37 -2.97374e-37   2.4966e-38 -3.26833e-38  9.94438e-40 -3.40543e-39  3.57799e-41  -3.5334e-40  1.15652e-42 -3.75126e-41  3.32694e-44 -3.94107e-42   8.0696e-46 -3.80959e-43   1.8819e-47 -3.15885e-44  9.98328e-49 -2.12174e-45  7.77934e-50 -1.09005e-46  3.39822e-51 -3.95608e-48   6.6181e-53 -8.74702e-50  2.35743e-54 -7.59754e-52
 7.62972e-19 -5.06194e-05  1.56684e-17 -0.000177949  7.35608e-17  2.24686e-05  1.94695e-16  0.000866728  3.42232e-16   0.00196428  4.39019e-16   0.00263745  4.44004e-16   0.00260017  3.77413e-16   0.00205384  2.83096e-16   0.00136403  1.93703e-16  0.000785434  1.23515e-16  0.000400532  7.44346e-17  0.000183704  4.27163e-17  7.66703e-05  2.33489e-17  2.93831e-05   1.2084e-17  1.04148e-05  5.86906e-18  3.43401e-06  2.64759e-18  1.05826e-06  1.09294e-18  3.05994e-07  4.00829e-19  8.32823e-08  1.21234e-19   2.1393e-08  2.26818e-20  5.19804e-09 -4.47373e-21   1.1969e-09 -7.70348e-21  2.61575e-10 -5.20854e-21  5.43254e-11 -2.67454e-21  1.07331e-11 -1.16576e-21  2.01895e-12 -4.50285e-22  3.61805e-13 -1.58048e-22  6.17986e-14 -5.14169e-23  1.00641e-14 -1.58058e-23  1.56291e-15 -4.69499e-24  2.31458e-16 -1.38723e-24  3.26849e-17 -4.22027e-25   4.4001e-18 -1.35669e-25  5.64501e-19 -4.59283e-26  6.89838e-20   -1.583e-26  8.02506e-21 -5.32625e-27   8.8807e-22  -1.6942e-27  9.34038e-23 -5.00056e-28  9.32734e-24 -1.35762e-28  8.83313e-25 -3.38107e-29   7.9223e-26 -7.73263e-30  6.71895e-27 -1.63076e-30  5.37909e-28 -3.19381e-31  4.05713e-29 -5.86433e-32  2.87648e-30 -1.01954e-32  1.91221e-31 -1.68844e-33  1.18847e-32 -2.65809e-34  6.88325e-34  -3.9345e-35  3.70098e-35 -5.39192e-36  1.83942e-36 -6.75853e-37  8.40761e-38 -7.75082e-38  3.51462e-39 -8.31548e-39  1.33625e-40 -8.73529e-40  4.54952e-42 -9.36515e-41  1.39552e-43 -1.01439e-41  3.83915e-45 -1.04175e-42  8.27069e-47 -9.42615e-44  2.25126e-48   -7.078e-45   2.5733e-49 -4.18222e-46  2.36396e-50  -1.8238e-47   9.3794e-52 -5.28942e-49  1.42141e-53 -8.08756e-51   3.0682e-55
