 9.07417e-35  4.35012e-50 -1.25519e-34  1.87669e-47  2.01263e-34 -2.09832e-46 -4.74589e-33   2.6343e-46  8.13703e-32 -2.68466e-45 -1.07313e-30  1.81631e-44  1.12625e-29 -4.29774e-43 -9.67909e-29  4.60838e-42  6.95174e-28 -3.35432e-41 -4.23434e-27  2.32898e-40  2.21101e-26 -1.37688e-39 -9.97557e-26        7e-39  3.91098e-25 -3.06852e-38 -1.33748e-24  1.14118e-37   3.9983e-24 -3.47676e-37 -1.04547e-23    7.795e-37  2.38859e-23 -6.66201e-37 -4.75471e-23 -4.77827e-36  8.20396e-23  3.49455e-35 -1.21689e-22  -1.5148e-34  1.53162e-22  5.17467e-34 -1.60146e-22 -1.49917e-33  1.33937e-22  3.79636e-33 -8.25991e-23 -8.53109e-33  2.87175e-23   1.7155e-32  5.56312e-24 -3.10133e-32 -1.39063e-23  5.05235e-32  6.97113e-24 -7.42143e-32  5.58021e-25  9.82046e-32  -2.3292e-24 -1.16767e-31  7.41388e-25  1.24176e-31  3.88293e-25 -1.17197e-31 -2.86497e-25  9.68724e-32 -3.63925e-26 -6.84273e-32  6.97238e-26   3.9153e-32   9.3165e-28 -1.54107e-32  -1.3836e-26  4.16446e-34  2.75461e-29  6.15627e-33   2.3783e-27 -6.93793e-33  1.17422e-28   5.0473e-33 -3.39841e-28 -2.76675e-33 -5.12155e-29  1.14751e-33  3.58041e-29 -3.20627e-34  1.08176e-29   2.0523e-35  -1.9649e-30  3.94326e-35 -1.32372e-30 -2.88137e-35 -7.32875e-32  1.26569e-35  8.43395e-32 -4.08719e-36  2.01748e-32  9.67842e-37 -9.58135e-34 -1.28218e-37 -1.15932e-33 -1.93643e-38 -1.73159e-34  1.91857e-38  1.10591e-35 -6.97487e-39  6.87975e-36  1.66461e-39  8.20729e-37 -3.05777e-40 -1.28476e-38  5.75973e-41 -1.31069e-38 -1.27294e-41 -1.49963e-39  2.35745e-42 -4.93564e-41  -2.6733e-43  4.43995e-42  1.23892e-44  4.51645e-43  4.33062e-46  1.14782e-44 -3.96533e-47  1.24405e-46 -4.01666e-49
 4.35012e-50  3.09007e-34 -2.06809e-48 -6.64307e-34  3.84041e-46  1.21185e-32 -3.38184e-45  -2.4595e-31  7.94029e-45  3.70268e-30 -8.96212e-44  -4.3505e-29  1.04132e-42  4.13178e-28 -1.35282e-41 -3.24951e-27  1.24511e-40  2.15309e-26 -9.16765e-40 -1.21712e-25  6.01655e-39  5.92438e-25  -3.4244e-38 -2.49988e-24  1.70083e-37  9.18776e-24 -7.39003e-37 -2.94991e-23  2.79615e-36  8.28563e-23 -9.10763e-36 -2.03557e-22  2.48283e-35  4.36596e-22 -5.24686e-35 -8.14387e-22  6.17203e-35   1.3126e-21  1.16315e-34 -1.80947e-21 -1.06869e-33  2.09917e-21  4.38584e-33 -1.99414e-21 -1.36186e-32  1.47214e-21  3.53869e-32 -7.41285e-22 -7.98748e-32  1.25298e-22    1.594e-31  1.62806e-22 -2.83848e-31 -1.53969e-22  4.53218e-31  3.87356e-23 -6.50245e-31  2.76432e-23  8.38379e-31 -2.31194e-23 -9.69687e-31  5.55004e-25  1.00221e-30  5.90503e-24 -9.19216e-31 -1.48763e-24  7.39305e-31 -1.12227e-24 -5.10067e-31   4.6509e-25  2.88113e-31  1.95283e-25 -1.16657e-31 -9.66045e-26  1.26531e-32 -3.52104e-26  3.17637e-32  1.48973e-26  -3.7834e-32   6.3877e-27  2.72983e-32 -1.53859e-27 -1.46522e-32 -1.00899e-27   5.9568e-33  5.02234e-29   -1.678e-33  1.16635e-28  1.75482e-34  1.39946e-29  1.29436e-34 -7.83927e-30 -1.00009e-34 -2.51305e-30  4.23703e-35  8.37977e-32 -1.29404e-35  1.67925e-31  2.80823e-36  2.70055e-32  -2.4677e-37 -2.67592e-33 -1.40167e-37 -1.53643e-33  9.44631e-38 -1.76139e-34 -3.38123e-38  1.23181e-35  8.54006e-39  5.65585e-36 -1.73817e-39  5.79038e-37  3.39704e-40  2.42983e-39 -6.45717e-41 -5.58751e-39  9.47297e-42 -5.29174e-40 -8.25958e-43 -1.68229e-41  2.23177e-44  4.35323e-43  1.83392e-45  3.23846e-44 -6.70195e-47  4.85212e-46
-1.25519e-34 -2.06809e-48  1.04277e-33 -4.87369e-47  -1.9986e-32  4.80765e-45  4.82361e-31 -3.84125e-44  -8.4049e-30  1.76034e-43  1.11527e-28 -2.23313e-42 -1.17745e-27  2.60675e-41  1.01828e-26 -2.72806e-40 -7.36179e-26  2.29188e-39  4.51518e-25 -1.62577e-38 -2.37483e-24  1.01269e-37  1.07969e-23 -5.52291e-37 -4.26722e-23   2.6509e-36  1.47177e-22 -1.12296e-35 -4.43962e-22  4.19518e-35  1.17204e-21 -1.37589e-34 -2.70534e-21  3.91651e-34  5.44486e-21 -9.42768e-34 -9.50766e-21  1.79524e-33  1.42891e-20 -2.09187e-33 -1.82519e-20 -1.85419e-33  1.94138e-20  2.05976e-32 -1.65853e-20  -7.7822e-32  1.05449e-20  2.16774e-31 -3.92661e-21 -5.01245e-31   -4.908e-22  1.00284e-30  1.72914e-21 -1.76895e-30 -9.50557e-22  2.77715e-30 -2.12689e-23 -3.89848e-30  2.96619e-22  4.90124e-30 -1.11136e-22 -5.51471e-30 -4.43781e-23  5.53635e-30  4.02007e-23 -4.92943e-30  2.56855e-24  3.85101e-30 -9.57315e-24 -2.58783e-30  4.30688e-25  1.43513e-30  1.89822e-24 -5.87179e-31 -1.16872e-25   9.3771e-32 -3.33332e-25  1.10817e-31  2.83937e-27 -1.41235e-31  5.00266e-26  1.00858e-31  4.67399e-27 -5.27533e-32 -5.73068e-27  2.08333e-32 -1.33864e-27 -5.78605e-33  3.87484e-28  7.31948e-34  1.90245e-28   2.7388e-34  1.03839e-30 -2.24014e-34 -1.40066e-29  8.81713e-35 -2.66571e-30 -2.37698e-35  3.02764e-31   3.8353e-36  1.89005e-31  4.32238e-37  2.16363e-32 -7.00992e-37 -2.98687e-33  3.56696e-37 -1.14485e-33 -1.22629e-37  -1.0886e-34  3.15615e-38  6.07233e-36 -6.67197e-39  2.44006e-36  1.27963e-39  2.28459e-37 -2.11844e-40  3.16498e-39  2.47993e-41 -9.35346e-40 -1.56862e-42 -7.75406e-41  7.14771e-45 -1.71823e-42  4.04581e-45  5.45128e-47 -4.77362e-47
 1.87669e-47 -6.64307e-34 -4.87369e-47  2.35779e-32 -5.36675e-46 -7.02104e-31  4.61801e-44  1.44047e-29 -4.02636e-43   -2.182e-28   3.2593e-42  2.57915e-27 -4.13054e-41 -2.46489e-26  4.48807e-40  1.95134e-25 -4.17671e-39 -1.30189e-24   3.2669e-38  7.41292e-24 -2.20252e-37 -3.63589e-23  1.30324e-36  1.54659e-22 -6.79367e-36 -5.73252e-22  3.13532e-35  1.85711e-21 -1.28491e-34 -5.26608e-21  4.67967e-34  1.30693e-20 -1.51203e-33 -2.83377e-20  4.31031e-33  5.34822e-20 -1.07087e-32  -8.7311e-20  2.25774e-32  1.22083e-19 -3.77752e-32 -1.43938e-19  3.88637e-32  1.39396e-19  2.95505e-32 -1.05534e-19  -2.9391e-31  5.53991e-20  9.81019e-31 -1.12781e-20 -2.41118e-30 -1.07779e-20  4.91483e-30  1.13876e-20   -8.657e-30 -3.35443e-21  1.34202e-29  -1.8113e-21 -1.84732e-29  1.78561e-21  2.26684e-29 -1.41407e-22 -2.48152e-29 -4.33525e-22  2.41865e-29  1.38044e-22 -2.08833e-29  7.80202e-23   1.5821e-29  -4.0911e-23 -1.03292e-29 -1.29456e-23  5.59876e-30   8.5398e-24  -2.2858e-30   2.3382e-24  4.38659e-31 -1.37576e-24  3.02663e-31 -4.51121e-25   -4.182e-31  1.59357e-25  2.94897e-31  7.76227e-26 -1.49649e-31  -9.1832e-27  5.69669e-32 -9.90846e-27 -1.53558e-32 -6.83097e-28  2.13548e-33  7.69657e-28  3.77746e-34  1.92778e-28 -3.33097e-34 -1.88391e-29  1.04976e-34 -1.54678e-29 -1.46458e-35 -1.88352e-30 -4.65894e-36  3.70777e-31  5.00611e-36  1.41227e-31 -2.75633e-36  1.21518e-32   1.1498e-36 -1.84069e-33 -3.72678e-37 -5.48889e-34   9.4598e-38 -4.59298e-35  -1.9914e-38  1.37379e-36  3.63666e-39    6.124e-37  -5.2303e-40  4.75299e-38  4.81084e-41  1.06221e-39 -1.95384e-42 -6.68877e-41 -5.11698e-44 -3.25624e-42  5.35958e-45 -3.54516e-44
 2.01263e-34  3.84041e-46  -1.9986e-32 -5.36675e-46  7.92755e-31 -4.59494e-45 -1.96163e-29  4.05625e-43   3.4386e-28 -4.52067e-42 -4.59021e-27  5.06669e-41  4.87661e-26 -6.06618e-40 -4.24516e-25  6.09465e-39  3.09032e-24 -5.21661e-38 -1.90914e-23  3.82685e-37  1.01181e-22 -2.44385e-36 -4.63705e-22  1.37385e-35  1.84823e-21 -6.83639e-35 -6.43171e-21  3.02539e-34  1.95856e-20 -1.19447e-33 -5.22277e-20  4.21354e-33  1.21855e-19  -1.3275e-32 -2.48098e-19  3.72462e-32  4.38684e-19 -9.24331e-32  -6.6844e-19  2.00084e-31  8.67106e-19 -3.66691e-31 -9.38974e-19  5.27342e-31  8.20102e-19 -4.35305e-31 -5.38008e-19 -4.88349e-31  2.14148e-19  3.26442e-30  1.29725e-20 -9.26882e-30 -8.52876e-20  1.97894e-29  5.16131e-20 -3.52241e-29 -1.76986e-21  5.42297e-29 -1.49404e-20 -7.34049e-29  6.56704e-21  8.80227e-29  1.92216e-21 -9.37677e-29 -2.23418e-21  8.86817e-29 -1.19018e-24 -7.41714e-29  5.18867e-22  5.44032e-29 -5.61219e-23 -3.44292e-29 -1.02383e-22  1.81721e-29  1.31424e-23 -7.33539e-30  1.83384e-23  1.55176e-30 -1.34265e-24    6.891e-31 -2.88732e-24 -1.04563e-30 -9.70381e-26  7.26291e-31  3.58323e-25 -3.56188e-31  6.10632e-26  1.29863e-31 -2.84972e-26 -3.36516e-32 -1.05715e-26  5.04792e-33  5.74101e-28   6.2553e-35  9.06965e-28 -1.46979e-34  1.30556e-28 -6.38182e-35 -2.84872e-29  8.42537e-35 -1.19304e-29 -4.90744e-35 -9.50976e-31  2.22082e-35  2.67262e-31 -8.96268e-36  7.40584e-32  3.23956e-36  5.23145e-33 -9.81046e-37 -6.84723e-34  2.40092e-37 -1.72925e-34 -4.89922e-38 -1.29679e-35  8.34454e-39  9.52685e-38 -1.02998e-39  7.81201e-38  7.16507e-41  5.10903e-39 -1.31305e-42  9.11187e-41 -1.29031e-43 -4.95992e-43  4.01212e-45
-2.09832e-46  1.21185e-32  4.80765e-45 -7.02104e-31 -4.59494e-45  2.16975e-29 -5.04703e-44  -4.4802e-28  3.81884e-42  6.82731e-27 -5.37606e-41 -8.12068e-26  6.68926e-40  7.81203e-25 -7.44361e-39 -6.22716e-24  6.94179e-38  4.18475e-23 -5.53653e-37 -2.40096e-22  3.82212e-36  1.18706e-21 -2.31081e-35 -5.09206e-21  1.23423e-34  1.90424e-20 -5.85761e-34 -6.22727e-20  2.48152e-33  1.78353e-19 -9.41421e-33 -4.47365e-19  3.20419e-32  9.81123e-19  -9.7873e-32 -1.87461e-18  2.67886e-31  3.10169e-18 -6.54268e-31 -4.40196e-18  1.41376e-30  5.27852e-18  -2.6578e-30 -5.21579e-18   4.1932e-30  4.05315e-18 -5.03843e-30 -2.21894e-18  2.81844e-30  5.29113e-19  6.57009e-30  3.73441e-19 -2.83775e-29 -4.49484e-19  6.69878e-29   1.5314e-19 -1.22751e-28  6.11124e-20  1.89172e-28 -7.34194e-20   -2.527e-28  1.00242e-20  2.96547e-28  1.67898e-20 -3.07473e-28 -6.66892e-21  2.82002e-28 -2.79802e-21 -2.28199e-28  1.89397e-21  1.61782e-28  4.27363e-22 -9.90279e-29 -3.96868e-22  5.07362e-29   -7.635e-23 -2.01113e-29  6.64032e-23  4.47772e-30  1.60349e-23  1.35923e-30 -8.41334e-24 -2.28932e-30 -3.08286e-24  1.56268e-30  6.41123e-25  -7.3851e-31  4.39813e-25  2.56898e-31  5.45955e-27 -6.40758e-32 -3.91587e-26  1.08812e-32 -7.47011e-27 -1.86658e-33  1.43851e-27  1.12588e-33  7.41904e-28 -8.23733e-34  6.02872e-29    4.477e-34  -2.3923e-29 -1.93492e-34 -6.75093e-30  7.19134e-35  -3.7026e-31 -2.48002e-35  1.25701e-31  8.03881e-36  2.77567e-32 -2.26923e-36  1.73826e-33  5.27867e-37 -1.50962e-34 -1.02527e-37 -3.43483e-35  1.60034e-38 -2.21203e-36 -1.66086e-39 -2.13901e-38  8.13077e-41  4.55757e-39  4.26317e-43  1.82325e-40 -1.63669e-43  1.75505e-42
-4.74589e-33 -3.38184e-45  4.82361e-31  4.61801e-44 -1.96163e-29 -5.04703e-44  4.88714e-28 -7.52712e-43 -8.61844e-27  4.00869e-41  1.15771e-25 -6.21606e-40 -1.23804e-24  7.64492e-39  1.08518e-23 -7.89515e-38 -7.95692e-23  6.86545e-37  4.95305e-22 -5.13193e-36 -2.64604e-21  3.34021e-35  1.22288e-20 -1.91212e-34 -4.91746e-20   9.7018e-34  1.72733e-19 -4.38812e-33 -5.31239e-19  1.77721e-32  1.43163e-18 -6.46622e-32 -3.37805e-18  2.11786e-31  6.96153e-18 -6.24896e-31  -1.2472e-17  1.65975e-30  1.92803e-17 -3.95725e-30 -2.54182e-17  8.42066e-30  2.80447e-17 -1.58182e-29 -2.50638e-17  2.56785e-29  1.69792e-17 -3.43554e-29 -7.21099e-18  3.28454e-29  1.31433e-21 -6.03396e-30  2.57779e-18 -6.42942e-29 -1.72655e-18  1.91393e-28  1.56373e-19 -3.72515e-28  4.59287e-19  5.81093e-28 -2.37075e-19 -7.69533e-28 -4.70139e-20  8.85257e-28  7.60153e-20 -8.93555e-28 -4.91526e-21  7.94166e-28 -1.71289e-20 -6.20921e-28  3.06318e-21  4.24709e-28  3.34425e-21 -2.50909e-28 -6.91151e-22  1.24451e-28  -6.0958e-22 -4.82009e-29  9.08227e-23   1.0986e-29  1.00752e-22  2.39346e-30 -3.26406e-24 -4.50137e-30 -1.35327e-23  3.01499e-30 -1.46942e-24 -1.37222e-30  1.23392e-24  4.56376e-31  3.47386e-25 -1.12215e-31 -4.63533e-26  2.40627e-32 -3.53168e-26 -8.78659e-33 -3.43248e-27   5.4144e-33  1.45815e-27 -3.08968e-33  4.50152e-28  1.45473e-33  1.84943e-29 -5.69809e-34 -1.34467e-29  1.91597e-34 -2.86485e-30  -5.9513e-35 -1.22236e-31  1.76656e-35  3.94035e-32 -4.65328e-36  7.27129e-33  1.01984e-36  4.18671e-34 -1.85985e-37 -1.73901e-35  2.61409e-38 -3.82295e-36 -2.21434e-39 -2.03223e-37  6.59748e-41 -2.67367e-39  2.30512e-42  5.36189e-41 -1.15305e-43
  2.6343e-46  -2.4595e-31 -3.84125e-44  1.44047e-29  4.05625e-43  -4.4802e-28 -7.52712e-43  9.30683e-27 -1.09339e-41 -1.42716e-25  4.32375e-40   1.7087e-24 -6.62409e-39  -1.6551e-23  7.71401e-38  1.32887e-22 -7.41627e-37 -8.99814e-22  6.03598e-36  5.20384e-21 -4.24146e-35 -2.59448e-20  2.60553e-34   1.1228e-19 -1.41231e-33 -4.23813e-19  6.80411e-33  1.39969e-18 -2.93017e-32 -4.05094e-18  1.13301e-31   1.0275e-17 -3.94673e-31  -2.2805e-17  1.24125e-30  4.41385e-17 -3.52816e-30 -7.40652e-17  9.06086e-30  1.06765e-16 -2.09831e-29 -1.30309e-16  4.36315e-29  1.31487e-16 -8.08236e-29  -1.0497e-16  1.31464e-28   5.9953e-17 -1.82441e-28 -1.64083e-17  2.01596e-28 -8.43783e-18 -1.37136e-28   1.1906e-17 -6.91316e-29 -4.65239e-18  4.52829e-28 -1.30506e-18 -9.92707e-28  2.02012e-18  1.59305e-27 -3.98412e-19 -2.10352e-27 -4.29435e-19  2.37675e-27  2.12331e-19  -2.3357e-27  6.37722e-20  2.00968e-27 -5.81336e-20 -1.51562e-27 -8.27305e-21  9.98118e-28  1.22074e-20 -5.67865e-28  1.41057e-21  2.72068e-28  -2.1117e-21 -1.02617e-28 -3.43898e-22  2.35339e-29  2.88446e-22  3.87126e-30  7.80216e-23 -8.11319e-30 -2.63674e-23  5.33515e-30 -1.27437e-23 -2.34742e-30  6.95862e-25  7.56971e-31   1.3027e-24 -1.95129e-31  1.75863e-25  5.81588e-32 -6.30687e-26   -2.922e-32  -2.3188e-26  1.69673e-32 -8.34231e-28 -8.72433e-33  9.62597e-28  3.83234e-33  2.09228e-28 -1.41052e-33   3.6459e-30  4.39505e-34 -5.30295e-30 -1.25495e-34 -9.10222e-31   3.4566e-35 -3.52265e-32 -8.51663e-36  7.93709e-33  1.74832e-36  1.25593e-33 -2.95817e-37  6.49398e-35  3.67195e-38 -5.42918e-37 -2.43471e-39  -2.0162e-37  2.93008e-41 -6.78997e-39  2.96797e-42 -5.08629e-41
 8.13703e-32  7.94029e-45  -8.4049e-30 -4.02636e-43   3.4386e-28  3.81884e-42 -8.61844e-27 -1.09339e-41  1.52941e-25  -1.3695e-40 -2.06796e-24  4.43607e-39  2.22672e-23 -6.41802e-38  -1.9659e-22  6.99935e-37  1.45242e-21 -6.28964e-36 -9.11319e-21  4.80511e-35  4.90933e-20 -3.17952e-34 -2.28892e-19  1.84423e-33  9.29006e-19 -9.46169e-33 -3.29542e-18  4.32442e-32   1.0241e-17 -1.77084e-31  -2.7905e-17   6.5268e-31  6.66263e-17 -2.17264e-30 -1.39058e-16  6.54745e-30  2.52585e-16 -1.78853e-29 -3.96413e-16  4.42865e-29  5.31524e-16 -9.92572e-29 -5.98011e-16  2.00682e-28  5.47356e-16 -3.63776e-28 -3.83199e-16   5.8484e-28  1.73349e-16 -8.17427e-28 -1.00319e-17  9.52447e-28 -5.50501e-17 -8.23753e-28  4.11171e-17  2.59451e-28 -6.05009e-18  8.23845e-28 -9.91926e-18 -2.32582e-27  6.04958e-18   3.9352e-27  6.78094e-19 -5.21892e-27 -1.82711e-18  5.80403e-27  2.44236e-19 -5.55266e-27  3.96397e-19  4.61899e-27  -1.0354e-19 -3.35291e-27 -7.59197e-20  2.12061e-27  2.30646e-20 -1.15911e-27   1.4036e-20  5.35476e-28 -3.41776e-21 -1.96371e-28 -2.44184e-21  4.48633e-29  2.68501e-22  5.93479e-30  3.55827e-22 -1.36717e-29  1.56915e-23  8.86351e-30 -3.67196e-23 -3.81193e-30 -7.61391e-24  1.23145e-30  1.92273e-24 -3.64367e-31  9.51076e-25  1.48492e-31  4.41294e-26 -8.22111e-32 -4.94593e-26  4.42515e-32 -1.16191e-26 -2.11428e-32  7.57472e-29  8.80711e-33  4.54246e-28 -3.06203e-33  7.56104e-29  8.87207e-34  5.75654e-31 -2.34657e-34 -1.46451e-30  6.05258e-35 -2.09759e-31 -1.39891e-35 -8.11415e-33   2.6772e-36   9.3563e-34 -4.15246e-37  1.27888e-34  4.44924e-38  5.55414e-36 -2.17346e-39  3.19336e-38  -8.8953e-42 -2.79223e-39  1.98315e-42
-2.68466e-45  3.70268e-30  1.76034e-43   -2.182e-28 -4.52067e-42  6.82731e-27  4.00869e-41 -1.42716e-25  -1.3695e-40   2.2029e-24 -1.48638e-39 -2.65566e-23  4.20479e-38  2.59096e-22 -5.68535e-37 -2.09606e-21  5.80796e-36   1.4306e-20  -4.8964e-35 -8.34283e-20  3.51869e-34  4.19616e-19 -2.19425e-33 -1.83282e-18  1.20151e-32  6.98609e-18 -5.82921e-32 -2.33119e-17  2.52392e-31  6.82132e-17 -9.81033e-31 -1.75053e-16   3.4395e-30  3.93423e-16  -1.0917e-29 -7.71822e-16   3.1451e-29  1.31435e-15 -8.23642e-29 -1.92579e-15  1.96127e-28  2.39432e-15 -4.24175e-28 -2.46923e-15  8.30878e-28  2.02692e-15 -1.46645e-27 -1.20812e-15  2.31166e-27  3.73705e-16 -3.20529e-27  1.34978e-16  3.79637e-27   -2.337e-16 -3.58623e-27  1.04193e-16  2.10664e-27  1.84972e-17  8.01356e-28 -4.10521e-17 -4.75329e-27   1.0792e-17  8.82167e-27  7.95364e-18 -1.18586e-26 -4.94199e-18   1.3009e-26 -9.75436e-19 -1.21103e-26  1.30772e-18  9.72107e-27  8.14939e-20 -6.77292e-27 -2.74483e-19  4.10081e-27 -1.07899e-20 -2.14757e-27  4.89047e-20  9.55509e-28  4.24915e-21  -3.4093e-28 -7.13858e-21  7.72721e-29 -1.33653e-21  8.96491e-30  7.48385e-22 -2.20346e-29  2.63135e-22  1.42087e-29  -3.7263e-23 -6.09113e-30   -3.127e-23  2.06958e-30 -2.44917e-24 -7.48568e-31  1.88747e-24  3.73188e-31   5.1655e-25 -2.05349e-31 -1.02492e-26  1.02361e-31 -2.73185e-26 -4.58978e-32 -4.56732e-27  1.81646e-32  1.50471e-28 -5.94254e-33  1.56838e-28   1.5943e-33  2.11264e-29 -3.91363e-34  1.79153e-31  9.52523e-35 -2.71926e-31 -2.07144e-35 -3.29351e-32  3.67783e-36 -1.25781e-33 -5.15781e-37  5.14843e-35  4.63847e-38  6.37444e-36 -1.52025e-39  1.78495e-37 -2.71496e-41  9.17139e-40
-1.07313e-30 -8.96212e-44  1.11527e-28   3.2593e-42 -4.59021e-27 -5.37606e-41  1.15771e-25  4.32375e-40 -2.06796e-24 -1.48638e-39  2.81545e-23 -1.43501e-38  -3.0535e-22  3.67994e-37  2.71628e-21 -4.66112e-36 -2.02279e-20  4.47574e-35  1.27982e-19 -3.55055e-34 -6.95511e-19  2.40321e-33   3.2728e-18 -1.41255e-32 -1.34132e-17  7.29656e-32  4.80718e-17 -3.34291e-31 -1.51027e-16  1.36859e-30  4.16322e-16 -5.03784e-30  -1.0064e-15  1.67586e-29  2.12863e-15  -5.0581e-29 -3.92261e-15  1.38921e-28  6.25443e-15 -3.47825e-28 -8.53578e-15  7.94346e-28  9.80109e-15 -1.65328e-27 -9.19568e-15  3.12817e-27  6.65812e-15 -5.35598e-27 -3.20333e-15   8.2353e-27  3.62034e-16 -1.12284e-26  8.90837e-16  1.32721e-26 -7.49986e-16 -1.29723e-26  1.53592e-16   9.1625e-27  1.60965e-16 -1.65305e-27 -1.17491e-16  -8.2685e-27 -3.62711e-18  1.80481e-26  3.33106e-17 -2.48714e-26 -6.96861e-18  2.69681e-26 -6.87594e-18 -2.44038e-26  2.49225e-18  1.88518e-26  1.27386e-18 -1.25581e-26 -5.52754e-19  7.24765e-27 -2.37616e-19 -3.62448e-27  8.83954e-20   1.5528e-27  4.37747e-20 -5.41248e-28 -9.13432e-21  1.21862e-28 -6.97272e-21  1.40304e-29  1.96962e-22 -3.49526e-29  8.11255e-22  2.26831e-29  1.13271e-22 -9.92213e-30 -5.36124e-23  3.69741e-30 -1.88907e-23 -1.61652e-30  2.66884e-25  8.81745e-31  1.22176e-24 -4.64035e-31  2.16316e-25   2.1499e-31 -1.58512e-26 -9.08047e-32 -1.12305e-26  3.40604e-32 -1.43137e-27 -1.04105e-32  6.09277e-29    2.565e-33  3.91683e-29 -5.83977e-34  4.41885e-30  1.35196e-34  6.72697e-32 -2.77495e-35 -3.12822e-32  4.54274e-36  -3.1529e-33 -5.66357e-37 -1.07128e-34  4.12491e-38  6.65222e-37 -7.70527e-40  9.05323e-38 -2.06304e-41
 1.81631e-44  -4.3505e-29 -2.23313e-42  2.57915e-27  5.06669e-41 -8.12068e-26 -6.21606e-40   1.7087e-24  4.43607e-39 -2.65566e-23 -1.43501e-38  3.22462e-22 -1.26287e-37 -3.16992e-21  3.00369e-36  2.58483e-20 -3.58413e-35 -1.77895e-19  3.24648e-34  1.04654e-18 -2.42822e-33  -5.3124e-18  1.54894e-32  2.34299e-17 -8.57833e-32 -9.02264e-17  4.17562e-31  3.04358e-16 -1.80351e-30 -9.00888e-16  6.96604e-30  2.34044e-15 -2.42192e-29 -5.32954e-15  7.62111e-29  1.06047e-14 -2.18023e-28 -1.83399e-14  5.68975e-28   2.7334e-14  -1.3576e-27 -3.46463e-14  2.96443e-27  3.65503e-14 -5.92055e-27 -3.08771e-14  1.07906e-26   1.9212e-14 -1.78698e-26 -6.63666e-15  2.67011e-26 -1.55743e-15 -3.55968e-26  3.59088e-15  4.15511e-26 -1.82244e-15 -4.09574e-26 -1.55607e-16  3.11924e-26  6.50371e-16 -1.24414e-26 -2.18433e-16 -1.14204e-26 -1.11289e-16  3.38657e-26  8.91076e-17 -4.84994e-26  9.26274e-18  5.20573e-26 -2.27808e-17 -4.57045e-26  4.13393e-19  3.38452e-26  4.76104e-18 -2.14385e-26  -1.9306e-19  1.17217e-26 -8.70675e-19 -5.57384e-27 -7.55909e-21  2.30306e-27  1.35115e-19 -7.91712e-28  1.47072e-20  1.78147e-28 -1.58729e-20   2.4036e-29 -3.99859e-21 -5.64189e-29   1.0797e-21  3.71316e-29  5.69615e-22 -1.68119e-29  8.68225e-24  6.92855e-30 -4.19176e-23 -3.45066e-30 -8.49598e-24  1.92449e-30  8.34228e-25 -9.57881e-31  5.83267e-25  4.14095e-31  7.16801e-26 -1.64987e-31 -8.10951e-27  5.84407e-32 -3.47685e-27 -1.65433e-32 -3.57485e-28  3.70055e-33  1.28953e-29 -7.79923e-34  6.78754e-30  1.73532e-34  6.48175e-31 -3.37182e-35  1.41843e-32   5.0452e-36 -1.90035e-33 -5.47121e-37 -1.51037e-34  3.07692e-38 -3.44289e-36 -2.27356e-40  -8.5303e-39
 1.12625e-29  1.04132e-42 -1.17745e-27 -4.13054e-41  4.87661e-26  6.68926e-40 -1.23804e-24 -6.62409e-39  2.22672e-23  4.20479e-38  -3.0535e-22 -1.26287e-37  3.33679e-21 -1.03366e-36  -2.9919e-20  2.31444e-35  2.24664e-19 -2.61497e-34 -1.43392e-18  2.23984e-33  7.86451e-18 -1.58116e-32  -3.7367e-17  9.50612e-32  1.54715e-16 -4.95775e-31 -5.60502e-16  2.27159e-30  1.78117e-15 -9.23427e-30 -4.97004e-15  3.35754e-29  1.21713e-14 -1.09946e-28 -2.61052e-14  3.26189e-28  4.88388e-14 -8.81215e-28 -7.91721e-14  2.17669e-27  1.10066e-13 -4.93043e-27 -1.29094e-13  1.02566e-26  1.24267e-13 -1.95923e-26 -9.31238e-14  3.42966e-26  4.75838e-14 -5.47862e-26 -7.90388e-15  7.93201e-26 -1.13558e-14 -1.02997e-25  1.09463e-14  1.17954e-25  -2.8949e-15 -1.15614e-25 -2.03027e-15  9.07652e-26  1.81521e-15 -4.55593e-26  -8.7264e-17 -9.39262e-27  -4.7973e-16  5.85867e-26   1.4165e-16 -8.85623e-26   9.2439e-17  9.41395e-26 -4.58716e-17 -7.99344e-26 -1.61508e-17  5.64228e-26  1.01594e-17 -3.37117e-26  3.00973e-18  1.73019e-26 -1.71798e-18 -7.77748e-27 -5.95075e-19  3.11633e-27  2.07681e-19 -1.07664e-27  1.05378e-19   2.4401e-28 -1.23284e-20  4.64282e-29 -1.38956e-20 -9.52634e-29 -9.95998e-22  6.32221e-29  1.11025e-21 -2.94533e-29  2.84216e-22   1.3095e-29 -2.71507e-23 -7.00443e-30 -2.31486e-23  3.86831e-30 -2.90084e-24 -1.81719e-30  5.42393e-25  7.34976e-31  2.13059e-25 -2.76376e-31  1.92699e-26  9.20789e-32 -2.53486e-27 -2.38917e-32 -7.98312e-28  4.77604e-33 -6.91694e-29 -9.29835e-34  1.31955e-30  2.01835e-34  7.55133e-31  -3.7218e-35  5.94573e-32  5.02549e-36  1.40976e-33  -4.6047e-37 -4.32826e-35  1.86779e-38 -2.16316e-36 -1.72455e-42
-4.29774e-43  4.13178e-28  2.60675e-41 -2.46489e-26 -6.06618e-40  7.81203e-25  7.64492e-39  -1.6551e-23 -6.41802e-38  2.59096e-22  3.67994e-37 -3.16992e-21 -1.03366e-36  3.14092e-20 -7.99304e-36 -2.58257e-19  1.70054e-34  1.79297e-18 -1.82482e-33 -1.06451e-17  1.47959e-32  5.45606e-17 -9.86013e-32 -2.43097e-16  5.58636e-31  9.46253e-16 -2.74247e-30 -3.22847e-15   1.1819e-29  9.67216e-15 -4.51642e-29 -2.54527e-14  1.54301e-28  5.87632e-14 -4.74696e-28 -1.18676e-13  1.32348e-27  2.08583e-13 -3.36326e-27 -3.16473e-13  7.82888e-27  4.09298e-13 -1.67581e-26 -4.42097e-13   3.3067e-26  3.84694e-13  -6.0179e-26 -2.49942e-13  1.00844e-25  9.55082e-14  -1.5496e-25  1.21331e-14  2.16844e-25 -4.46737e-14 -2.73482e-25  2.58278e-14  3.05979e-25  1.56037e-17 -2.95729e-25 -8.29855e-15   2.3391e-25  3.48297e-15 -1.29345e-25  1.18717e-15  8.60707e-27 -1.29055e-15  9.40813e-26 -1.93795e-17 -1.52542e-25  3.17688e-16  1.60344e-25 -3.28261e-17  -1.3101e-25 -6.57253e-17  8.74111e-26  8.51248e-18 -4.86543e-26   1.2292e-17  2.30908e-26 -9.55453e-19 -9.72943e-27 -2.02323e-18  3.83553e-27  -5.8199e-20 -1.37882e-27  2.63291e-19  3.14861e-28  4.38899e-20  9.87325e-29  -2.2093e-20 -1.69325e-28 -8.06216e-21  1.11017e-28  5.08287e-22 -5.19967e-29  7.23488e-22  2.40583e-29  1.02042e-22 -1.32989e-29 -2.36975e-23  7.17646e-30 -9.70834e-24 -3.18157e-30 -7.63315e-25  1.20544e-30  2.17743e-25 -4.27868e-31   5.9945e-26  1.33499e-31  4.28015e-27 -3.13419e-32 -5.14528e-28  5.47287e-33 -1.30385e-28 -9.82989e-34  -9.6858e-30  2.13042e-34   8.6825e-33 -3.73195e-35  4.68105e-32  4.46345e-36  2.78101e-33 -3.31913e-37  4.92707e-35  8.70138e-39 -7.94742e-38
-9.67909e-29 -1.35282e-41  1.01828e-26  4.48807e-40 -4.24516e-25 -7.44361e-39  1.08518e-23  7.71401e-38  -1.9659e-22 -5.68535e-37  2.71628e-21  3.00369e-36  -2.9919e-20 -7.99304e-36  2.70504e-19 -5.90221e-35 -2.04904e-18  1.19856e-33  1.31984e-17 -1.22246e-32 -7.30897e-17  9.38139e-32  3.50818e-16 -5.90096e-31 -1.46817e-15  3.15042e-30  5.37944e-15 -1.45582e-29 -1.73011e-14  5.90028e-29  4.88951e-14 -2.11836e-28 -1.21383e-13  6.79292e-28  2.64179e-13 -1.95966e-27 -5.02125e-13  5.12012e-27  8.28226e-13 -1.21931e-26 -1.17387e-12  2.66232e-26  1.40759e-12 -5.35764e-26 -1.39144e-12  9.97501e-26  1.08002e-12 -1.72123e-25 -5.85384e-13  2.75007e-25  1.27362e-13 -4.05237e-25  1.16375e-13  5.46795e-25 -1.31538e-13 -6.68377e-25  4.30587e-14  7.28575e-25  2.01137e-14 -6.90805e-25 -2.29579e-14  5.43403e-25  2.92449e-15 -3.13329e-25  5.58808e-15  6.15754e-26 -2.22685e-15    1.417e-25 -9.72403e-16 -2.49628e-25  6.73389e-16  2.58352e-25  1.51762e-16 -2.01545e-25  -1.4895e-16  1.25492e-25 -2.75907e-17 -6.37443e-26  2.63302e-17  2.72215e-26  6.06196e-18  -1.0607e-26 -3.55372e-18  4.27219e-27 -1.24077e-18 -1.69684e-27   2.9735e-19  3.79101e-28  1.88892e-19  2.18117e-28  -7.1198e-22 -3.10811e-28 -1.79568e-20  1.96159e-28 -3.21158e-21 -8.98167e-29  7.26581e-22  4.19703e-29  3.46137e-22 -2.35042e-29  2.52257e-23  1.23292e-29 -1.18284e-23 -5.15656e-30 -3.17875e-24  1.83067e-30 -1.60397e-25 -6.13396e-31  6.03259e-26  1.78312e-31   1.2783e-26  -3.7233e-32  7.75309e-28  5.47817e-33 -6.47767e-29 -9.09241e-34 -1.40319e-29  2.04277e-34 -8.69351e-31 -3.39252e-35 -9.28135e-33  3.49759e-36  1.21325e-33 -1.98883e-37  4.01363e-35    2.689e-39
 4.60838e-42 -3.24951e-27 -2.72806e-40  1.95134e-25  6.09465e-39 -6.22716e-24 -7.89515e-38  1.32887e-22  6.99935e-37 -2.09606e-21 -4.66112e-36  2.58483e-20  2.31444e-35 -2.58257e-19 -5.90221e-35  2.14207e-18 -4.18417e-34 -1.50084e-17   8.1152e-33  8.99692e-17 -7.85969e-32 -4.65827e-16  5.70469e-31  2.09779e-15 -3.38629e-30 -8.25825e-15  1.70406e-29   2.8514e-14   -7.416e-29 -8.65138e-14  2.82804e-28  2.30756e-13 -9.54244e-28   -5.405e-13  2.87161e-27  1.10869e-12 -7.76114e-27 -1.98189e-12  1.89655e-26  3.06367e-12 -4.21862e-26 -4.04646e-12  8.60064e-26  4.47918e-12 -1.61791e-25 -4.01822e-12  2.82452e-25  2.72695e-12 -4.59319e-25 -1.14384e-12  6.96133e-25 -3.79166e-14 -9.79962e-25  4.59806e-13  1.27182e-24 -3.04112e-13 -1.50427e-24  2.41942e-14   1.5951e-24  8.69753e-14 -1.47946e-24 -4.52509e-14  1.14871e-24 -9.29603e-15 -6.71494e-25  1.53727e-14  1.76242e-25 -1.13597e-15  2.03457e-25 -3.61773e-15 -3.90658e-25  7.19885e-16  3.94752e-25  7.34087e-16 -2.90551e-25 -1.73495e-16  1.65357e-25 -1.39769e-16 -7.37545e-26  2.53929e-17  2.66747e-26   2.4416e-17 -9.36407e-27 -1.48424e-18  4.29385e-27 -3.50803e-18 -2.06526e-27 -2.99336e-19  4.05142e-28  3.47795e-19  4.74805e-28  8.86109e-20 -5.70943e-28 -1.55546e-20  3.39397e-28 -9.95436e-21 -1.48346e-28 -7.97462e-22  6.86822e-29  4.54216e-22 -3.86637e-29  1.28028e-22  1.96735e-29  3.59664e-24 -7.75472e-30 -4.12565e-24  2.57952e-30 -8.17195e-25 -8.15971e-31 -2.92081e-26  2.19525e-31  1.15892e-26 -3.97943e-32  1.98211e-27  4.62261e-33  1.06598e-28 -7.16398e-34 -4.35166e-30  1.78017e-34 -8.69196e-31 -2.78147e-35  -4.0498e-32  2.37533e-36 -4.81741e-34 -9.35477e-38  5.14752e-36
 6.95174e-28  1.24511e-40 -7.36179e-26 -4.17671e-39  3.09032e-24  6.94179e-38 -7.95692e-23 -7.41627e-37  1.45242e-21  5.80796e-36 -2.02279e-20 -3.58413e-35  2.24664e-19  1.70054e-34 -2.04904e-18 -4.18417e-34   1.5664e-17 -2.84916e-33 -1.01872e-16  5.26787e-32  5.69882e-16 -4.83648e-31 -2.76465e-15  3.31757e-30  1.17009e-14 -1.85858e-29 -4.33848e-14  8.82131e-29    1.413e-13  -3.6189e-28 -4.04711e-13  1.29991e-27  1.01916e-12 -4.12639e-27 -2.25238e-12  1.16613e-26  4.35271e-12  -2.9529e-26 -7.31103e-12  6.74235e-26  1.05734e-11 -1.39748e-25  -1.2974e-11  2.64904e-25  1.31828e-11 -4.63014e-25 -1.06061e-11  7.52341e-25  6.09132e-12 -1.14408e-24 -1.63137e-12  1.63349e-24 -9.63186e-13 -2.18571e-24  1.32688e-12  2.72042e-24 -5.24173e-13 -3.10966e-24 -1.53536e-13  3.20637e-24  2.42295e-13  -2.9066e-24 -5.08798e-14  2.21893e-24 -5.32383e-14 -1.29425e-24  2.82708e-14  3.80626e-25  7.83434e-15  2.85063e-25 -8.09714e-15 -5.87237e-25 -9.31042e-16  5.71474e-25  1.78531e-15 -3.89425e-25  1.50119e-16   1.9507e-25 -3.27417e-16 -6.98608e-26 -4.21127e-17  1.73924e-26  4.82275e-17 -5.02855e-27  1.11482e-17  3.96262e-27 -4.93726e-18 -2.56055e-27 -2.05201e-18  3.14811e-28  2.01785e-19   9.8569e-28  2.33056e-19 -1.01987e-27   2.5097e-20  5.62848e-28 -1.29309e-20 -2.30751e-28 -4.13039e-21  1.04818e-28 -4.95666e-23 -5.92607e-29  1.92783e-22  2.92203e-29  3.74888e-23 -1.08414e-29  8.97836e-27  3.38029e-30 -1.04596e-24 -1.00955e-30 -1.62613e-25  2.49075e-31 -4.97637e-27  -3.7798e-32  1.47386e-27   2.9911e-33  2.07107e-28  -4.5179e-34  9.68336e-30  1.40928e-34 -9.37089e-32 -2.03658e-35 -2.36882e-32  1.35587e-36 -5.93492e-34 -2.99349e-38
-3.35432e-41  2.15309e-26  2.29188e-39 -1.30189e-24 -5.21661e-38  4.18475e-23  6.86545e-37 -8.99814e-22 -6.28964e-36   1.4306e-20  4.47574e-35 -1.77895e-19 -2.61497e-34  1.79297e-18  1.19856e-33 -1.50084e-17 -2.84916e-33  1.06173e-16 -1.85842e-32 -6.42931e-16  3.26616e-31  3.36448e-15 -2.83796e-30 -1.53224e-14  1.83896e-29  6.10373e-14 -9.72689e-29 -2.13407e-13  4.35832e-28  6.56157e-13 -1.68758e-27  -1.7751e-12  5.71794e-27  4.22128e-12 -1.71008e-26 -8.80124e-12  4.54435e-26  1.60145e-11 -1.07909e-25 -2.52438e-11  2.30226e-25  3.40809e-11 -4.44012e-25 -3.86984e-11  7.79786e-25  3.58226e-11 -1.25852e-24 -2.54015e-11  1.88663e-24  1.16231e-11 -2.65535e-24 -5.88033e-13  3.53667e-24  -3.9671e-12 -4.46509e-24  3.02829e-12  5.30895e-24 -4.76826e-13 -5.86062e-24  -7.5617e-13  5.88334e-24  4.90002e-13 -5.22061e-24  4.36974e-14  3.91644e-24  -1.5291e-13 -2.25902e-24  2.56311e-14  6.88805e-25  3.39632e-14  4.00098e-25  -1.0682e-14 -8.47962e-25 -6.65303e-15  7.78171e-25  2.51441e-15 -4.75011e-25  1.28084e-15  1.92459e-25   -4.118e-16 -3.90945e-26 -2.38649e-16 -5.01532e-27  4.11621e-17  2.71665e-27  3.80536e-17  3.69015e-27 -6.30819e-20 -3.26095e-27 -4.38246e-18 -5.83818e-29 -7.25249e-19  1.91886e-27  2.75164e-19 -1.73627e-27  1.10235e-19  8.82007e-28  1.21778e-21 -3.34821e-28 -6.63988e-21  1.48717e-28 -1.33238e-21 -8.46992e-29  5.29946e-23  4.04472e-29   6.0402e-23 -1.41161e-29  8.76751e-24  4.13263e-30 -1.07641e-25 -1.16502e-30 -1.90607e-25  2.60222e-31 -2.40671e-26 -3.11544e-32 -7.33479e-28  9.35931e-34  1.11938e-28 -1.84727e-34  1.27645e-29  1.01129e-34  4.63184e-31 -1.30877e-35  1.81493e-33  6.13737e-37 -1.21595e-34
-4.23434e-27 -9.16765e-40  4.51518e-25   3.2669e-38 -1.90914e-23 -5.53653e-37  4.95305e-22  6.03598e-36 -9.11319e-21  -4.8964e-35  1.27982e-19  3.24648e-34 -1.43392e-18 -1.82482e-33  1.31984e-17   8.1152e-33 -1.01872e-16 -1.85842e-32  6.69266e-16 -1.15641e-31 -3.78396e-15  1.92663e-30  1.85637e-14 -1.58253e-29 -7.95011e-14  9.68698e-29  2.98478e-13 -4.84096e-28  -9.8505e-13  2.04998e-27  2.86131e-12 -7.50225e-27 -7.31427e-12  2.40146e-26   1.6427e-11 -6.77768e-26 -3.23019e-11  1.69638e-25  5.52964e-11  -3.7827e-25 -8.16752e-11  7.54688e-25  1.02652e-10 -1.35359e-24 -1.07316e-10   2.1962e-24  8.95622e-11 -3.25222e-24  -5.4453e-11  4.45014e-24  1.72745e-11 -5.71408e-24  6.32585e-12  6.99138e-24 -1.13854e-11 -8.22722e-24  5.34902e-12  9.28775e-24  8.21153e-13 -9.90304e-24 -2.16066e-12  9.72096e-24  6.47426e-13 -8.49146e-24  4.14046e-13  6.28352e-24 -2.97464e-13 -3.57097e-24 -4.35915e-14  1.07709e-24  8.11067e-14  5.71869e-25  8.58726e-16 -1.16738e-24 -1.77508e-14  9.76976e-25  2.96251e-16 -4.98051e-25  3.35752e-15  1.20613e-25  1.00105e-16  3.51327e-26 -5.33387e-16 -4.35295e-26 -6.90523e-17  1.26349e-26  6.33102e-17  4.31462e-27  1.75541e-17 -4.11792e-27 -4.18031e-18 -1.01677e-27 -2.45571e-18  3.47381e-27 -7.91225e-20 -2.78207e-27  1.75481e-19  1.29461e-27  3.89788e-20 -4.50255e-28 -2.79486e-21  1.95646e-28 -2.48332e-21 -1.12853e-28 -3.41635e-22  5.22008e-29  2.63303e-23 -1.71539e-29  1.41976e-23   4.7344e-30  1.62458e-24 -1.25833e-30 -1.83503e-26  2.49907e-31 -2.38093e-26 -2.11283e-32 -2.45528e-27  -1.0353e-33 -7.46356e-29  2.18958e-35  4.10629e-30  6.54069e-35  3.57204e-31 -7.16026e-36  7.03271e-33   1.9076e-37
 2.32898e-40 -1.21712e-25 -1.62577e-38  7.41292e-24  3.82685e-37 -2.40096e-22 -5.13193e-36  5.20384e-21  4.80511e-35 -8.34283e-20 -3.55055e-34  1.04654e-18  2.23984e-33 -1.06451e-17 -1.22246e-32  8.99692e-17  5.26787e-32 -6.42931e-16 -1.15641e-31   3.9349e-15 -6.83769e-31 -2.08231e-14  1.07779e-29  9.59568e-14 -8.36476e-29 -3.87033e-13  4.83876e-28  1.37113e-12 -2.28664e-27 -4.27506e-12  9.16205e-27  1.17385e-11 -3.17335e-26 -2.83621e-11  9.61076e-26  6.01547e-11 -2.56385e-25 -1.11508e-10  6.05403e-25  1.79397e-10 -1.26971e-24 -2.47805e-10  2.37169e-24   2.8892e-10 -3.95643e-24  -2.7623e-10   5.9173e-24  2.04732e-10 -7.98669e-24 -1.01671e-10  9.84067e-24  1.28911e-11 -1.12778e-23  2.88608e-11  1.23343e-23 -2.58283e-11 -1.32035e-23  6.07862e-12  1.39805e-23  5.45164e-12 -1.44325e-23 -4.49165e-12  1.40227e-23   7.5491e-14 -1.22403e-23  1.28082e-12  9.04096e-24 -3.49173e-13 -5.07395e-24 -2.62435e-13  1.45748e-24   1.2288e-13  8.25864e-25  4.81312e-14 -1.50056e-24 -2.86311e-14   1.0745e-24  -9.2483e-15 -3.65456e-25   5.0272e-15 -7.65075e-26  1.86457e-15  1.70091e-25  -6.2296e-16 -9.64479e-26 -3.36245e-16  2.08369e-26  3.61468e-17  6.92815e-27  4.50377e-17 -4.70543e-27  3.65169e-18 -3.02357e-27 -3.60549e-18  5.82081e-27 -9.73925e-19 -4.16346e-27  7.92817e-20  1.77062e-27   7.7463e-20 -5.58132e-28  1.05085e-20  2.37676e-28 -1.63246e-21 -1.39895e-28 -7.08115e-22  6.27921e-29  -7.0864e-23 -1.95105e-29   6.7496e-24  5.11306e-30  2.46084e-24  -1.2773e-30   2.3027e-25  2.19995e-31 -4.05867e-28   -9.995e-33 -1.85841e-27  -2.4538e-33 -1.51034e-28   1.3552e-34 -3.95908e-30  3.76561e-35  4.08087e-32 -3.14644e-36  1.99529e-33
 2.21101e-26  6.01655e-39 -2.37483e-24 -2.20252e-37  1.01181e-22  3.82212e-36 -2.64604e-21 -4.24146e-35  4.90933e-20  3.51869e-34 -6.95511e-19 -2.42822e-33  7.86451e-18  1.47959e-32 -7.30897e-17 -7.85969e-32  5.69882e-16  3.26616e-31 -3.78396e-15 -6.83769e-31  2.16348e-14 -3.83028e-30 -1.07395e-13  5.70581e-29  4.65679e-13 -4.18444e-28 -1.77143e-12  2.28903e-27  5.92796e-12 -1.02391e-26 -1.74752e-11  3.88623e-26  4.53803e-11 -1.27549e-25 -1.03654e-10  3.65977e-25  2.07575e-10  -9.2415e-25  -3.6248e-10  2.06189e-24  5.47325e-10 -4.07354e-24 -7.05295e-10  7.13288e-24  7.59384e-10 -1.10715e-23 -6.57919e-10  1.52335e-23  4.23135e-10 -1.86005e-23 -1.54944e-10  2.02541e-23 -3.06621e-11 -1.99502e-23  8.38065e-11  1.83689e-23 -4.65204e-11 -1.67411e-23 -1.63213e-12   1.6024e-23  1.63941e-11  -1.6203e-23  -6.5881e-12  1.62514e-23 -2.56751e-12 -1.48316e-23  2.63642e-12  1.13035e-23  7.89818e-14 -6.34727e-24 -6.83163e-13  1.66074e-24  6.60307e-14   1.1621e-24  1.47307e-13 -1.71342e-24 -1.87268e-14  8.75444e-25  -2.8575e-14  8.36285e-26  2.21168e-15 -4.75609e-25     4.87e-15  3.76412e-25  1.43391e-16 -1.52299e-25 -6.55007e-16  1.98821e-26 -1.10863e-16  1.22294e-26   5.6477e-17 -3.86059e-27  2.09222e-17 -6.65635e-27 -1.28653e-18  8.99283e-27 -1.90445e-18  -5.7898e-27 -2.76745e-19  2.25024e-27  6.09185e-20 -6.34012e-28   2.5843e-20  2.64513e-28  2.18268e-21 -1.60607e-28 -5.36851e-22  7.03253e-29 -1.55052e-22  -2.0854e-29 -1.20039e-23  5.24589e-30  1.06775e-24 -1.22404e-30  2.99822e-25  1.76784e-31   2.3135e-26 -2.40954e-34   2.0604e-28 -3.06891e-33 -7.61707e-29  1.61062e-34 -4.31774e-30  1.88098e-35 -6.53882e-32 -9.61602e-37
-1.37688e-39  5.92438e-25  1.01269e-37 -3.63589e-23 -2.44385e-36  1.18706e-21  3.34021e-35 -2.59448e-20 -3.17952e-34  4.19616e-19  2.40321e-33  -5.3124e-18 -1.58116e-32  5.45606e-17  9.38139e-32 -4.65827e-16 -4.83648e-31  3.36448e-15  1.92663e-30 -2.08231e-14 -3.83028e-30  1.11499e-13 -2.02892e-29 -5.20221e-13  2.85545e-28  2.12591e-12 -1.97971e-27 -7.63639e-12  1.02499e-26  2.41617e-11 -4.34418e-26 -6.73882e-11  1.56353e-25  1.65562e-10 -4.86805e-25 -3.57511e-10  1.32486e-24  6.75742e-10 -3.17056e-24 -1.11064e-09   6.6924e-24  1.57122e-09 -1.24708e-23 -1.88293e-09  2.04931e-23   1.8611e-09 -2.96058e-23 -1.44233e-09  3.73917e-23  7.74102e-10 -4.09171e-23 -1.52815e-10  3.82564e-23 -1.76612e-10 -2.99274e-23  1.90371e-10  1.90855e-23 -6.00908e-11 -1.00384e-23 -3.20759e-11  5.89834e-24  3.52165e-11 -6.88852e-24 -4.19666e-12  1.03833e-23 -9.04852e-12 -1.26521e-23  3.61381e-12  1.12643e-23  1.63683e-12 -6.62143e-24 -1.15274e-12  1.44532e-24 -2.61186e-13  1.49454e-24  2.66747e-13 -1.49774e-24  4.83547e-14  1.40912e-26 -4.92806e-14  1.10419e-24 -1.10393e-14 -1.16766e-24  6.97053e-15  6.44358e-25  2.37445e-15  -1.8343e-25  -6.1809e-16 -1.14339e-27 -3.78883e-16  1.92242e-26  4.54757e-18  6.74912e-28  3.74831e-17 -1.24328e-26  6.56078e-18  1.27486e-26  -1.5695e-18  -7.4532e-27 -7.33052e-19  2.65634e-27 -5.31035e-20 -6.54583e-28  2.49626e-20  2.65188e-28  6.71567e-21 -1.69296e-28  3.58203e-22  7.31977e-29 -1.18978e-22 -2.10655e-29  -2.5586e-23  5.15791e-30 -1.62888e-24 -1.11239e-30   1.0054e-25   1.2892e-31   2.3489e-26  6.32695e-33  1.43514e-27 -2.92038e-33  2.03053e-29  1.29813e-34  -1.1082e-30  7.72095e-36 -2.54408e-32
-9.97557e-26  -3.4244e-38  1.07969e-23  1.30324e-36 -4.63705e-22 -2.31081e-35  1.22288e-20  2.60553e-34 -2.28892e-19 -2.19425e-33   3.2728e-18  1.54894e-32  -3.7367e-17 -9.86013e-32  3.50818e-16  5.70469e-31 -2.76465e-15 -2.83796e-30  1.85637e-14  1.07779e-29 -1.07395e-13 -2.02892e-29  5.39764e-13  -1.0154e-28 -2.37128e-12  1.35045e-27  9.14572e-12 -8.85794e-27 -3.10562e-11  4.34462e-26  9.29839e-11  -1.7464e-25 -2.45493e-10  5.96614e-25  5.70766e-10 -1.76383e-24 -1.16508e-09  4.55743e-24  2.07738e-09 -1.03462e-23 -3.20982e-09  2.06812e-23  4.24527e-09 -3.63839e-23 -4.71233e-09  5.61526e-23  4.24181e-09  -7.5495e-23 -2.88405e-09  8.72547e-23   1.1969e-09  -8.4448e-23  7.63925e-11  6.44104e-23 -5.31395e-10 -3.15839e-23  3.48842e-10 -3.51747e-24 -2.47525e-11  2.91379e-23 -1.05978e-10 -3.80785e-23  5.57367e-11   3.0967e-23   1.1694e-11 -1.52687e-23 -1.98688e-11  7.68015e-25  1.64932e-12  5.95585e-24  4.84966e-12 -4.75306e-24 -1.05405e-12   5.4511e-25 -1.01668e-12  1.54439e-24  2.67002e-13 -2.41561e-25  2.00856e-13  -2.1333e-24 -4.21041e-14  3.06399e-24  -3.6736e-14 -2.23658e-24  3.06579e-15  9.22984e-25  5.56512e-15 -1.40143e-25    3.831e-16 -5.45334e-26 -5.85041e-16  2.33326e-26 -1.39749e-16  1.23826e-26   2.8699e-17  -2.0481e-26  1.68027e-17  1.64617e-26   1.1974e-18 -8.85562e-27 -8.02314e-19  2.92196e-27 -2.17334e-19 -6.05577e-28 -5.24054e-21  2.30295e-28  7.05404e-21 -1.61224e-28  1.36634e-21  7.06042e-29  4.97349e-23 -2.02554e-29  -1.8023e-23  4.89934e-30 -3.03488e-24 -9.62184e-31 -1.64148e-25  8.46345e-32  4.68957e-27  9.13541e-33   1.0051e-27 -2.27419e-33  4.21962e-29   7.9269e-35  4.37901e-31  2.26014e-36
       7e-39 -2.49988e-24 -5.52291e-37  1.54659e-22  1.37385e-35 -5.09206e-21 -1.91212e-34   1.1228e-19  1.84423e-33 -1.83282e-18 -1.41255e-32  2.34299e-17  9.50612e-32 -2.43097e-16 -5.90096e-31  2.09779e-15  3.31757e-30 -1.53224e-14 -1.58253e-29  9.59568e-14  5.70581e-29 -5.20221e-13  -1.0154e-28  2.45912e-12  -4.8007e-28 -1.01889e-11   6.0373e-27  3.71363e-11 -3.74984e-26  -1.1933e-10  1.74399e-25  3.38331e-10 -6.65481e-25 -8.45944e-10  2.15979e-24  1.86149e-09  -6.0679e-24 -3.59104e-09  1.48964e-23   6.0357e-09 -3.21036e-23 -8.75425e-09  6.08136e-23  1.07947e-08 -1.01069e-22 -1.10412e-08  1.46538e-22  8.95142e-09 -1.83202e-22  -5.1743e-09  1.92858e-22   1.3658e-09  -1.6173e-22  8.94674e-10  8.99749e-23 -1.21954e-09  4.71602e-24  4.89459e-10 -9.33804e-23  1.46105e-10  1.49022e-22 -2.37593e-10 -1.58934e-22  5.32347e-11  1.29294e-22   5.3492e-11 -8.03664e-23 -3.04158e-11  3.53692e-23 -7.72703e-12 -8.77474e-24  9.02999e-12  7.17758e-25  8.10323e-13 -1.24016e-24 -2.07155e-12  6.75317e-25 -1.16475e-13  3.14717e-24  3.98349e-13 -6.53978e-24  3.98263e-14  6.43686e-24 -6.22438e-14 -3.71653e-24 -1.25299e-14  1.09487e-24  6.90393e-15  5.10899e-26   2.5709e-15 -1.48981e-25 -3.47349e-16  1.44045e-26 -3.16652e-16  3.55547e-26 -2.81566e-17 -3.01016e-26  1.90778e-17  1.91186e-26  5.59795e-18  -9.6979e-27 -1.51368e-20  3.02452e-27 -2.77398e-19 -4.87225e-28 -5.08317e-20  1.54349e-28  3.48258e-22  -1.3422e-28   1.4398e-21  6.28347e-29  2.14087e-22 -1.86866e-29  6.33089e-24  4.51736e-30 -1.77562e-24 -7.93532e-31  -2.3702e-25  4.94701e-32 -1.05512e-26  8.82194e-33  4.83725e-29 -1.47135e-33  1.64331e-29  3.62966e-35   2.6097e-31
