 8.87747e-17  2.68243e-32 -2.89494e-15 -1.56645e-30  3.59528e-14  2.66795e-29 -2.61687e-13 -2.51794e-28  1.28134e-12  1.58447e-27 -4.50151e-12 -7.22928e-27  1.17152e-11  2.49667e-26 -2.28509e-11 -6.66187e-26  3.31808e-11  1.37775e-25 -3.47066e-11 -2.16729e-25  2.38233e-11  2.41777e-25 -7.36947e-12 -1.37666e-25 -3.10001e-12 -1.22277e-25  3.63821e-12  4.80196e-25   -2.363e-13 -8.34006e-25 -9.93411e-13  1.10525e-24  1.78641e-13 -1.24857e-24   2.5885e-13  1.22283e-24 -3.61781e-14 -1.01202e-24 -6.72887e-14  6.77393e-25 -1.63031e-15  -3.3967e-25  1.48857e-14   9.5676e-26   3.8856e-15   2.9057e-26 -2.00905e-15 -6.29736e-26 -1.36866e-15  5.49156e-26 -7.39264e-17 -4.55397e-26  2.16016e-16  4.65748e-26  9.16867e-17 -4.66585e-26  9.25924e-19  3.70266e-26 -1.32677e-17 -2.25835e-26 -5.47188e-18  1.15161e-26 -5.00725e-19 -5.85275e-27  4.63013e-19   3.2207e-27  2.49122e-19 -1.62961e-27  5.40988e-20  6.34506e-28 -2.19537e-21 -1.92773e-28 -5.80599e-21  6.37545e-29 -2.15133e-21 -2.46582e-29 -4.04503e-22  7.22707e-30 -5.54954e-24 -2.30917e-30  2.36983e-23  1.34242e-30  8.97582e-24 -5.19506e-31  1.93407e-24  8.16994e-32  2.37597e-25  1.03971e-32 -3.34984e-27 -1.28032e-32   -9.864e-27  3.94152e-33  -2.8131e-27  3.38678e-34 -5.05848e-28 -5.92924e-34 -6.33962e-29  1.76726e-34 -4.79743e-30 -1.56745e-36  6.04312e-32 -1.02277e-35   8.7482e-32  1.17764e-36  1.63569e-32  1.82559e-37  1.98531e-33 -1.11812e-38  1.78305e-34  6.32787e-39  1.20021e-35 -9.57531e-40  5.71195e-37 -1.55921e-40  1.49468e-38  1.88365e-41 -2.30637e-40  3.87791e-43 -4.32095e-41  1.84615e-43 -2.13047e-42  4.04221e-44 -5.87235e-44  4.42343e-46 -7.02476e-46 -2.13051e-47
 2.68243e-32    4.194e-15  9.28827e-31 -7.75196e-14 -3.77697e-29  7.30455e-13  5.17447e-28  -4.3891e-12 -4.16498e-27  1.84472e-11  2.30659e-26 -5.67862e-11 -9.44086e-26   1.3083e-10  2.96169e-25 -2.26426e-10 -7.24121e-25  2.89691e-10  1.38177e-24   -2.606e-10 -2.02232e-24   1.4197e-10  2.14176e-24 -1.63352e-11 -1.29827e-24 -3.58676e-11 -4.59528e-25  1.92487e-11  2.59091e-24  5.26611e-12 -4.57402e-24 -6.40809e-12   6.2225e-24 -9.06921e-13 -7.34625e-24  1.70577e-12  7.44649e-24  3.31795e-13 -6.18403e-24 -3.78363e-13  3.99621e-24  -1.4124e-13 -1.84849e-24     5.49e-14  4.31013e-25  4.39627e-14  1.86794e-25  1.25233e-15  -3.0227e-25 -8.14002e-15  2.50981e-25 -2.96575e-15 -2.30531e-25  3.63119e-16  2.54003e-25  6.24759e-16 -2.46497e-25  1.85445e-16  1.82173e-25 -1.76113e-17 -1.03159e-25 -3.26182e-17  4.96948e-26  -1.1161e-17 -2.48339e-26 -7.14827e-19  1.37832e-26  9.49299e-19 -6.88695e-27  4.67551e-19  2.51726e-27  1.01379e-19  -6.7394e-28 -9.39592e-23  2.12288e-28 -8.26999e-21 -8.76863e-29 -3.23812e-21  2.43158e-29  -6.8012e-22 -7.10893e-30  -5.4138e-23  4.65219e-30  1.83024e-23 -1.91177e-30  9.08816e-24   3.4217e-31  2.22314e-24  3.89918e-32  3.49908e-25 -6.08948e-32  2.83682e-26   1.7181e-32 -2.64719e-27  1.46791e-33 -1.49453e-27 -2.01837e-33  -3.2231e-28  5.73521e-34 -4.73309e-29 -5.92912e-36 -5.04028e-30 -3.29977e-35  -3.5618e-31  3.91559e-36 -6.98138e-33   6.4653e-37  2.26616e-33 -1.23236e-38  3.99888e-34  1.30326e-38   4.0218e-35 -2.82721e-39  2.87773e-36 -1.81137e-40   1.5192e-37  5.84178e-41  5.79053e-39 -9.00868e-46  1.50729e-40  4.34464e-43  2.22517e-42  7.35832e-44 -5.89803e-46  4.45275e-46 -1.95033e-46
-2.89494e-15  9.28827e-31  9.73471e-14  1.82701e-29 -1.24878e-12  -5.6678e-28   9.4073e-12  6.46302e-27 -4.77859e-11  -4.5153e-26  1.74667e-10  2.22352e-25 -4.74735e-10 -8.21578e-25  9.72078e-10  2.34954e-24 -1.49337e-09  -5.2695e-24  1.67541e-09  9.26091e-24 -1.27307e-09 -1.25292e-23  5.03944e-10  1.23835e-23  8.73648e-11 -7.41559e-24 -2.00852e-10 -8.65566e-25  4.42909e-11   9.5327e-24  4.85485e-11 -1.73914e-23 -1.94663e-11  2.50282e-23 -1.21902e-11 -3.13492e-23  4.93911e-12  3.25859e-23  3.48182e-12 -2.65384e-23  -7.2963e-13  1.60599e-23  -9.4402e-13 -6.52208e-24 -5.07994e-14  1.01341e-24  1.86955e-13  8.60939e-25  6.52082e-14 -9.53525e-25 -1.49578e-14  7.49888e-25 -1.70197e-14 -8.07998e-25 -3.60899e-15  9.56033e-25  1.39943e-15 -8.89298e-25  1.10188e-15  6.08914e-25   2.4155e-16 -3.19706e-25  -4.9836e-17  1.46178e-25  -5.1093e-17 -7.24696e-26 -1.54075e-17  4.07481e-26 -8.33714e-19  -2.0094e-26  1.21369e-18  6.83371e-27  5.76432e-19 -1.55437e-27  1.29243e-19  4.72339e-28  6.01335e-21 -2.18216e-28 -6.96601e-21  5.49059e-29 -3.04015e-21 -1.36284e-29 -7.07651e-22  1.09837e-29 -8.96241e-23  -4.9633e-30  3.21017e-24   1.0775e-30  4.90204e-24  8.32432e-32   1.4211e-24 -1.93978e-31  2.60909e-25  5.02251e-32  3.21516e-26  4.48735e-33  1.91181e-27 -4.72193e-33 -2.30584e-28  1.29263e-33 -8.97062e-29 -1.96027e-35 -1.56703e-29 -7.13968e-35 -1.91256e-30  9.18288e-36 -1.73956e-31  1.60214e-36 -1.14292e-32  2.76107e-38 -4.43483e-34  1.49069e-38  4.86708e-36  -5.4354e-39  2.28999e-36  1.85581e-40   1.9469e-37  1.19057e-40  9.91439e-39 -1.53113e-42  3.35973e-40   6.7948e-43  7.00556e-42   8.3495e-44  7.15826e-44  1.90446e-46
-1.56645e-30 -7.75196e-14  1.82701e-29  1.47994e-12  2.50164e-28 -1.44303e-11  -6.2403e-27  8.99189e-11  6.06676e-26 -3.92946e-10 -3.72892e-25  1.26183e-09  1.64657e-24 -3.04584e-09 -5.52176e-24  5.55704e-09  1.44404e-23 -7.56884e-09 -2.97402e-23  7.38574e-09  4.80649e-23 -4.59832e-09 -5.97754e-23   1.0397e-09  5.43884e-23  8.79298e-10 -3.08342e-23 -7.10473e-10   5.2099e-26 -4.56802e-11  2.73017e-23  2.17902e-10 -5.31459e-23 -1.13946e-11  8.39405e-23 -5.90947e-11  -1.1199e-22    7.249e-13  1.17243e-22  1.49583e-11 -9.14954e-23  2.10252e-12  5.04135e-23 -3.03779e-12 -1.68981e-23 -1.18962e-12  6.38839e-25   3.1295e-13  2.96724e-24  3.33176e-13  -2.1115e-24  5.05033e-14  1.62013e-24 -4.21838e-14 -2.28428e-24 -2.42061e-14  2.87859e-24 -2.55438e-15 -2.53259e-24  2.63943e-15  1.59328e-24  1.43311e-15 -7.73584e-25  2.40866e-16  3.38132e-25 -7.70844e-17 -1.68142e-25 -5.99136e-17  9.61727e-26 -1.67449e-17 -4.67767e-26 -1.01937e-18  1.46292e-26  1.10662e-18 -2.65339e-27  5.31922e-19  8.08137e-28  1.25942e-19 -4.44696e-28    1.162e-20  9.35865e-29 -3.59848e-21 -1.58019e-29 -1.97714e-21  2.01294e-29 -5.10956e-22 -1.05045e-29 -8.19178e-23  2.85973e-30 -5.60961e-24  9.86872e-32  1.23643e-24 -4.83342e-31  5.41082e-25  1.14348e-31  1.15394e-25  1.07751e-32  1.69872e-26 -8.72072e-33  1.74475e-27  2.34352e-33  9.57723e-29 -4.95049e-35 -5.74408e-30 -1.18705e-34 -2.25659e-30  1.76867e-35 -3.31418e-31   3.2853e-36 -3.32192e-32  1.57325e-37 -2.47731e-33  5.18475e-39 -1.37624e-34 -7.57554e-39 -5.38154e-36  1.12818e-39 -1.20965e-37  1.81274e-40  2.32717e-40 -3.73797e-42  1.16694e-40  8.09218e-43   3.4392e-42  6.46581e-44  2.67295e-44
 3.59528e-14 -3.77697e-29 -1.24878e-12  2.50164e-28  1.65758e-11  2.61248e-27 -1.29465e-10 -5.42289e-26  6.83471e-10  4.57551e-25 -2.60396e-09  -2.5009e-24  7.40456e-09   9.9715e-24 -1.59431e-08 -3.04892e-23  2.59487e-08  7.31167e-23 -3.12347e-08 -1.38408e-22  2.61647e-08  2.05391e-22 -1.26168e-08 -2.33505e-22  4.99837e-11  1.93064e-22  4.05121e-09   -1.005e-22 -1.60204e-09  7.01385e-24 -7.89957e-10  6.24843e-23  6.04519e-10 -1.39087e-22  1.72404e-10  2.50667e-22 -1.65481e-10 -3.52731e-22  -5.4859e-11  3.63871e-22  3.49969e-11 -2.66473e-22  1.90604e-11   1.2994e-22 -3.96802e-12 -3.23531e-23 -5.17004e-12 -5.38501e-24 -6.46892e-13  7.76517e-24  8.21203e-13 -2.77403e-24  3.99625e-13  2.40936e-24 -2.42631e-15 -5.57771e-24 -6.80188e-14  7.36918e-24   -2.618e-14 -6.03862e-24 -4.00771e-16  3.44969e-24  3.48195e-15 -1.54281e-24  1.49691e-15  6.52083e-25  2.03274e-16 -3.29493e-25 -8.35788e-17  1.92357e-25 -5.60833e-17 -9.22482e-26  -1.5158e-17  2.61079e-26  -1.2244e-18 -3.31051e-27  7.39253e-19  1.13507e-27   3.8165e-19   -8.021e-28  9.65629e-20   1.1997e-28  1.26737e-20  5.61164e-31 -7.47096e-22   2.9572e-29 -8.85153e-22 -1.92135e-29 -2.61997e-22  6.59743e-30 -4.88035e-23 -1.87097e-32 -5.74887e-24 -1.00455e-30 -1.75559e-25  2.15239e-31  1.03265e-25  2.10678e-32  3.00759e-26  -1.3402e-32   5.0928e-27  3.65126e-33  6.20362e-28 -8.97529e-35  5.50623e-29  -1.5844e-34  3.12121e-30  2.99183e-35  1.77405e-32  6.01625e-36 -1.95057e-32  4.26543e-37  -2.5872e-33 -1.81973e-38 -2.05021e-34 -7.50234e-39 -1.13805e-35  2.49351e-39 -4.49031e-37   2.1414e-40 -1.19773e-38 -5.43751e-42 -1.88458e-40   7.6056e-43  -1.3795e-42  3.16454e-44
 2.66795e-29  7.30455e-13  -5.6678e-28 -1.44303e-11  2.61248e-27  1.45874e-10  2.19323e-26 -9.44435e-10 -3.88081e-25  4.29952e-09  2.88094e-24 -1.44304e-08 -1.41254e-23  3.65625e-08  5.11545e-23 -7.04405e-08 -1.43182e-22  1.02254e-07  3.15638e-22 -1.08156e-07 -5.49574e-22  7.61312e-08  7.47499e-22 -2.51025e-08 -7.72087e-22 -9.43868e-09  5.71806e-22  1.26391e-08 -2.66195e-22 -1.46527e-09  3.43347e-23  -3.4746e-09  1.07609e-22  9.18038e-10 -3.24079e-22  9.24824e-10  6.88764e-22 -2.33856e-10  -1.0009e-21 -2.58944e-10  9.95998e-22  2.32182e-11 -6.72096e-22   6.6016e-11  2.80441e-22  9.67898e-12 -3.95188e-23 -1.17824e-11 -2.82712e-23   -5.486e-12   1.5143e-23  5.37267e-13  1.34434e-24  1.20621e-12  1.41481e-24  3.47766e-13 -1.22586e-23 -6.67925e-14  1.65809e-23 -8.06543e-14 -1.24412e-23 -2.29501e-14  6.34841e-24  1.56619e-15  -2.6011e-24  3.58556e-15  1.08316e-24  1.31833e-15 -5.64185e-25  1.57791e-16  3.37009e-25 -6.85013e-17 -1.59416e-25 -4.31188e-17  3.98888e-26 -1.16564e-17 -2.34209e-27 -1.25984e-18   1.4074e-27  3.45039e-19 -1.35303e-27  2.13311e-19  9.59863e-29  5.83328e-20  5.91782e-29  9.47747e-21  3.38011e-29  4.83446e-22 -3.13154e-29 -2.40443e-22  1.34027e-29 -9.30913e-23 -4.12946e-31 -1.97334e-23 -1.80262e-30 -2.86997e-24  3.44873e-31 -2.68061e-25  3.39749e-32 -5.17381e-27 -1.75471e-32  3.62735e-27  5.11973e-33  8.39668e-28 -1.04315e-34  1.16105e-28 -1.70043e-34  1.16875e-29  4.62124e-35  8.81476e-31  1.01844e-35  4.76062e-32   8.6067e-37  1.48487e-33 -4.87038e-38 -1.43874e-35 -4.02022e-39 -4.72305e-36  3.77607e-39 -2.86224e-37  1.95509e-40 -9.43522e-39  -5.6802e-42 -1.64881e-40  5.50444e-43  -1.0834e-42
-2.61687e-13  5.17447e-28   9.4073e-12  -6.2403e-27 -1.29465e-10  2.19323e-26  1.05054e-09  1.53181e-25 -5.77577e-09 -2.35207e-24   2.2984e-08    1.553e-23 -6.85175e-08 -6.87989e-23  1.55432e-07  2.27439e-22 -2.68451e-07 -5.84803e-22  3.46945e-07  1.18758e-21 -3.19471e-07 -1.90278e-21  1.82141e-07  2.36676e-21 -2.68425e-08 -2.20431e-21 -4.51348e-08  1.43601e-21  2.82477e-08 -5.82899e-22  5.33126e-09  1.31437e-22 -9.61851e-09  9.24489e-23 -4.70659e-10 -6.93358e-22  2.71253e-09  1.76726e-21  2.28512e-10 -2.58271e-21 -6.79209e-10  2.43448e-21 -1.60006e-10 -1.48872e-21  1.29118e-10   5.0644e-22  6.71755e-11  3.83545e-24  -9.3122e-12 -8.72938e-23 -1.66112e-11  1.90979e-23 -3.71576e-12  2.12546e-23  1.73571e-12 -5.05847e-24  1.29353e-12 -2.49114e-23  2.18964e-13  3.34757e-23 -1.11009e-13  -2.2574e-23 -7.70114e-14  1.00442e-23 -1.71068e-14 -3.74128e-24  2.47106e-15  1.58446e-24  3.03176e-15 -8.62901e-25  1.00748e-15  5.28312e-25  1.18794e-16 -2.46952e-25  -4.3151e-17  5.26821e-26 -2.74572e-17  1.76898e-27 -7.61286e-18  1.76765e-27 -1.04357e-18 -2.22358e-27   8.5667e-20 -2.90877e-29  9.03463e-20  1.91603e-28  2.73799e-20  2.48844e-29  5.13587e-21 -4.62763e-29  5.54405e-22  2.42018e-29 -1.18762e-23 -1.19976e-30 -2.05991e-23 -2.85272e-30 -5.30446e-24  4.76277e-31 -8.79875e-25  4.48443e-32 -1.04847e-25 -1.96717e-32 -8.44802e-27  6.74456e-33 -2.54785e-28 -2.11348e-35  4.91823e-29 -1.38899e-34  1.04797e-29  6.67019e-35  1.18812e-30  1.60361e-35  9.50841e-32   1.4318e-36  5.63528e-33 -7.24974e-38  2.43931e-34    2.508e-39  7.23778e-36   4.3945e-39  1.22396e-37  1.30326e-40  4.36455e-40 -4.47911e-42 -1.67687e-41  2.69659e-43
-2.51794e-28  -4.3891e-12  6.46302e-27  8.99189e-11 -5.42289e-26 -9.44435e-10  1.53181e-25  6.36725e-09  9.11752e-25 -3.02646e-08 -1.23163e-23  1.06402e-07  7.29671e-23 -2.83591e-07 -2.93842e-22  5.78082e-07  8.90622e-22 -8.95689e-07 -2.11017e-21  1.02675e-06  3.95478e-21 -8.10958e-07 -5.83164e-21  3.48864e-07  6.61337e-21  3.86687e-08 -5.49902e-21 -1.36622e-07  3.07115e-21  4.09512e-08 -1.06228e-21  3.14238e-08  4.74662e-22 -1.77918e-08 -2.35687e-22 -7.60905e-09 -1.40299e-21  5.04298e-09  4.25295e-21  2.33691e-09  -6.0892e-21 -1.02596e-09  5.35755e-21 -7.48946e-10 -2.91922e-21  8.18866e-11  7.43174e-22  1.88956e-10  1.86736e-22  3.66978e-11 -2.06135e-22 -2.67574e-11  1.95546e-25 -1.61975e-11  7.83033e-23 -1.00823e-12  -2.2819e-23  2.39487e-12 -4.75826e-23  1.10736e-12  6.14994e-23  8.65025e-14 -3.65083e-23 -1.21057e-13  1.36369e-23 -6.21525e-14  -4.5632e-24 -1.13413e-14  2.07903e-24  2.29242e-15 -1.19677e-24   2.1584e-15  7.52379e-25  6.77346e-16 -3.49046e-25  8.64307e-17  5.96535e-26 -2.02029e-17  1.05545e-26 -1.43801e-17  2.67498e-27 -4.17248e-18 -3.64217e-27 -6.83957e-19 -3.05289e-28 -1.90177e-20  4.31619e-28    2.671e-20 -5.07849e-30  9.67825e-21 -6.25458e-29  2.03761e-21  3.91886e-29  2.86262e-22 -2.37386e-30  2.14683e-23 -4.03858e-30 -1.52711e-24  5.65679e-31 -8.44207e-25  4.61245e-32 -1.66528e-25 -1.84869e-32 -2.23732e-26  8.71369e-33 -2.22412e-27  2.48982e-34 -1.59344e-28 -6.49355e-35 -6.71022e-30   9.0908e-35  9.21457e-32  2.32774e-35   4.3685e-32  2.04293e-36  4.13863e-33 -7.51669e-38  2.41357e-34  1.00819e-38  9.49113e-36  4.06841e-39  2.43785e-37  4.99363e-41  3.60346e-39 -2.64502e-42  2.04287e-41
 1.28134e-12 -4.16498e-27 -4.77859e-11  6.06676e-26  6.83471e-10 -3.88081e-25 -5.77577e-09  9.11752e-25  3.31504e-08  4.70793e-24  -1.3812e-07 -5.65586e-23   4.3269e-07   3.0285e-22 -1.03649e-06 -1.11441e-21   1.9034e-06  3.10872e-21 -2.64417e-06 -6.80584e-21   2.6716e-06    1.179e-20 -1.76661e-06 -1.59951e-20  4.83126e-07  1.64693e-20  3.02622e-07 -1.20563e-20  -3.0644e-07  5.53926e-21  1.00006e-08 -1.62301e-21  9.32211e-08   1.6265e-21 -1.64457e-08 -1.54283e-21 -2.60479e-08 -2.76377e-21  4.23877e-09  9.59453e-21  7.30329e-09 -1.31609e-20 -1.06618e-10  1.06813e-20 -1.81163e-09 -5.08516e-21 -3.86706e-10  7.92358e-22  3.01789e-10   6.5338e-22   1.7194e-10 -4.01184e-22 -4.67465e-12 -8.26869e-23 -3.43911e-11  2.05592e-22  -1.1892e-11 -5.85853e-23  1.22673e-12 -8.60999e-23  2.38324e-12  1.03853e-22  7.94418e-13 -5.30151e-23 -4.43654e-16  1.55401e-23 -1.03239e-13 -4.57032e-24 -4.36913e-14  2.49405e-24 -6.98824e-15 -1.51996e-24  1.55158e-15   9.8491e-25  1.30619e-15 -4.57424e-25  4.01046e-16  5.53921e-26  5.80181e-17  2.53621e-26 -6.00439e-18  4.90685e-27 -6.05012e-18 -5.95983e-27 -1.88079e-18 -7.65837e-28 -3.52101e-19  8.05691e-28 -3.24551e-20 -5.96851e-29  3.95918e-21 -7.73555e-29  2.40655e-21  5.74075e-29  5.80129e-22 -3.73953e-30  9.38979e-23 -5.16747e-30  1.05297e-23   5.6351e-31  6.37729e-25  2.96848e-32 -3.73935e-26 -1.31798e-32 -1.66859e-26  1.14194e-32 -2.66747e-27  7.71132e-34 -2.90228e-28  3.58578e-35 -2.35011e-29  1.16981e-34 -1.41762e-30  3.07564e-35 -5.97474e-32  2.54608e-36  -1.3601e-33 -5.00196e-38  1.62537e-35  1.60663e-38  2.56389e-36  2.99739e-39  9.05884e-38 -9.04981e-42  1.37791e-39 -1.05438e-42
 1.58447e-27  1.84472e-11  -4.5153e-26 -3.92946e-10  4.57551e-25  4.29952e-09 -2.35207e-24 -3.02646e-08  4.70793e-24  1.50593e-07  2.13797e-23 -5.56047e-07 -2.30432e-22  1.56297e-06  1.12203e-21 -3.37897e-06 -3.78969e-21  5.59862e-06  9.76304e-21 -6.95884e-06 -1.97986e-20  6.13532e-06  3.17431e-20 -3.25577e-06 -3.95867e-20   2.5258e-07  3.67912e-20  9.75214e-07 -2.32182e-20  -5.1035e-07  8.11862e-21 -1.54461e-07 -2.18342e-21  1.91466e-07   5.1113e-21  2.41416e-08  -5.2543e-21 -5.63123e-08  -5.4199e-21 -8.66488e-09  2.02525e-20   1.4193e-08 -2.61573e-20  4.35832e-09  1.93881e-20 -2.59959e-09 -7.85868e-21 -1.64072e-09  2.69941e-22  1.21752e-10  1.58808e-21  3.83025e-10 -6.63278e-22  1.04248e-10 -2.96219e-22 -3.48718e-11  4.44436e-22 -3.17083e-11 -1.17237e-22 -6.63047e-12  -1.4784e-22  2.28849e-12   1.6245e-22  1.92178e-12 -6.93704e-23  4.95232e-13  1.37874e-23 -3.44983e-14 -3.36271e-24 -7.31012e-14  2.80075e-24 -2.72463e-14 -1.77536e-24 -4.13104e-15  1.19722e-24  7.90787e-16 -5.65378e-25   6.7008e-16  3.50836e-26  2.07131e-16  4.74811e-26  3.41391e-17  9.38368e-27  -6.7869e-20 -9.62386e-27 -1.94105e-18 -1.41876e-27 -6.77007e-19  1.32043e-27 -1.40802e-19 -1.33425e-28 -1.84328e-20 -8.65848e-29 -7.39985e-22  7.68092e-29  3.41478e-22 -4.89999e-30  1.11108e-22 -6.02038e-30  2.03395e-23  4.31242e-31  2.65175e-24 -9.68799e-33  2.49068e-25 -3.36962e-33  1.43659e-26  1.53318e-32 -8.31145e-29  1.54306e-33 -1.34357e-28   1.3826e-34 -1.83053e-29  1.41082e-34 -1.56181e-30  3.65861e-35 -9.52465e-32  2.79825e-36 -4.20296e-33 -2.64305e-39 -1.28917e-34  1.85755e-38 -2.48805e-36  1.70433e-39 -2.36458e-38 -2.92053e-41 -3.02709e-41
-4.50151e-12  2.30659e-26  1.74667e-10 -3.72892e-25 -2.60396e-09  2.88094e-24   2.2984e-08 -1.23163e-23  -1.3812e-07  2.13797e-23  6.04277e-07  8.63122e-23 -1.99499e-06 -8.40667e-22  5.06017e-06  3.74175e-21 -9.90426e-06 -1.16462e-20  1.48138e-05  2.77945e-20 -1.64104e-05 -5.23282e-20   1.2427e-05  7.77242e-20 -4.86382e-06 -8.89576e-20 -1.07064e-06  7.39961e-20  2.24824e-06 -3.88953e-20 -5.33636e-07  8.51986e-21 -5.77355e-07 -3.19298e-21  2.69829e-07  1.44263e-20   1.4915e-07 -1.39222e-20  -7.9996e-08 -1.06588e-20 -4.58078e-08  3.99381e-20  1.60388e-08 -4.79561e-20   1.4346e-08  3.21719e-20 -8.38705e-10  -1.0683e-20 -3.53596e-09 -1.39127e-21 -8.36171e-10  3.16993e-21  4.72116e-10 -9.40552e-22  3.28184e-10 -7.26173e-22  3.21798e-11  8.34421e-22 -4.53307e-11 -1.98283e-22 -2.34119e-11 -2.40457e-22 -2.59736e-12  2.36845e-22  2.29489e-12 -8.17685e-23  1.32235e-12  6.64262e-24  2.77672e-13 -8.47251e-25 -3.41957e-14  3.03594e-24  -4.4087e-14 -1.89999e-24 -1.51943e-14  1.36495e-24 -2.34948e-15 -6.72624e-25  2.84873e-16 -4.60589e-27  2.87042e-16  7.85365e-26  9.16618e-17  1.68728e-26  1.69439e-17 -1.50801e-26  1.15765e-18 -2.25503e-27 -4.13371e-19  1.94973e-27 -1.85602e-19 -2.08849e-28 -4.27966e-20  -8.4825e-29 -6.64988e-21  9.49365e-29 -6.47832e-22 -5.29931e-30 -7.75077e-24  -6.4111e-30  1.15416e-23  1.57858e-31  2.73612e-24 -7.12803e-32  3.98073e-25  1.10986e-32  4.22921e-26  2.07453e-32  3.34479e-27  2.47561e-33  1.84067e-28  2.18826e-34    4.878e-30  1.57649e-34 -2.38552e-31  3.88313e-35 -3.73386e-32  2.72865e-36 -2.35422e-33  5.11497e-38 -9.00966e-35  1.73004e-38 -2.08245e-36  6.84832e-40 -2.37772e-38 -1.97927e-41
-7.22928e-27 -5.67862e-11  2.22352e-25  1.26183e-09  -2.5009e-24 -1.44304e-08    1.553e-23  1.06402e-07 -5.65586e-23 -5.56047e-07  8.63122e-23  2.16323e-06  3.12477e-22 -6.43259e-06 -2.76695e-21  1.47916e-05  1.13083e-20 -2.62722e-05 -3.25515e-20  3.54499e-05  7.21754e-20  -3.4776e-05 -1.26415e-19  2.20427e-05  1.74062e-19 -5.10489e-06 -1.82359e-19 -4.62046e-06  1.34065e-19  4.01958e-06 -5.50824e-20  1.04586e-07  2.28601e-21  -1.3271e-06 -6.97295e-21  1.67512e-07  3.64107e-20  3.87917e-07 -3.13826e-20 -4.50211e-08 -2.08224e-20 -1.10889e-07  7.35308e-20 -2.69614e-09 -8.13641e-20  2.76462e-08  4.89693e-20   6.9402e-09 -1.24839e-20 -4.52149e-09 -4.84953e-21 -2.87575e-09  5.50679e-21 -9.07973e-12 -1.13369e-21  5.60499e-10 -1.45779e-21  2.11681e-10  1.39851e-21 -1.45178e-11 -2.93303e-22 -4.03886e-11 -3.69352e-22 -1.45656e-11  3.23574e-22 -4.16038e-13 -8.63555e-23  1.74629e-12 -6.70937e-24  7.99658e-13  2.64098e-24  1.45007e-13  3.28952e-24 -2.14761e-14 -1.82684e-24 -2.28342e-14  1.47712e-24 -7.56229e-15 -7.89232e-25 -1.25088e-15 -6.52768e-26  4.88763e-17  1.20749e-25  9.94408e-17  2.77107e-26  3.38844e-17 -2.25993e-26  6.89274e-18 -3.27064e-27  7.89307e-19  2.62663e-27 -2.31353e-20 -2.58409e-28 -3.51122e-20  -6.5962e-29 -9.47764e-21  1.10028e-28 -1.64757e-21 -4.27759e-30 -2.03182e-22 -6.21786e-30 -1.61583e-23 -2.30291e-31 -2.31122e-25 -1.47391e-31  1.69482e-25  3.01791e-32  3.29507e-26  2.74948e-32  3.83476e-27  3.41111e-33  3.22881e-28  2.64382e-34  2.02988e-29  1.60976e-34  9.29917e-31  3.64459e-35  2.83264e-32  2.37318e-36   4.0529e-34  9.27088e-38 -5.93846e-36   1.3366e-38  -3.4975e-37  1.43351e-40 -3.74557e-39
 1.17152e-11 -9.44086e-26 -4.74735e-10  1.64657e-24  7.40456e-09 -1.41254e-23 -6.85175e-08  7.29671e-23   4.3269e-07 -2.30432e-22 -1.99499e-06  3.12477e-22  6.96567e-06  1.02171e-21  -1.8771e-05 -8.26717e-21  3.92797e-05  3.11472e-20 -6.34036e-05 -8.31925e-20  7.70286e-05   1.7185e-19 -6.62507e-05 -2.80568e-19  3.35891e-05  3.58221e-19 -8.50575e-07 -3.42162e-19   -1.154e-05  2.18017e-19  5.44967e-06 -6.06039e-20  2.10982e-06 -1.68547e-20 -2.22599e-06 -2.00366e-20 -3.82918e-07  8.25096e-20   6.8558e-07 -6.23773e-20  1.30924e-07 -3.96554e-20 -1.77617e-07  1.26424e-19 -6.11432e-08 -1.28169e-19  3.28164e-08  6.85675e-20  2.26532e-08 -1.17818e-20 -1.20707e-09 -1.06757e-20 -5.30146e-09  8.57473e-21 -1.54988e-09 -1.11149e-21  4.67583e-10 -2.54623e-21  4.62369e-10  2.12781e-21  1.03918e-10 -3.86367e-22 -3.16608e-11 -5.34283e-22 -2.89078e-11  4.16329e-22 -7.90339e-12 -8.05524e-23  3.50142e-13 -2.57141e-23  1.09811e-12  6.37045e-24  4.32457e-13  3.65894e-24  7.25323e-14 -1.48183e-24 -9.68953e-15  1.54353e-24  -1.0112e-14 -9.36696e-25 -3.32143e-15 -1.47217e-25  -5.9844e-16  1.76513e-25 -1.98733e-17   4.1669e-26  2.60407e-17 -3.20636e-26  1.00988e-17 -4.48499e-27   2.2372e-18  3.24708e-27  3.22818e-19 -2.52027e-28  2.19854e-20 -2.46138e-29 -3.16758e-21  1.21991e-28  -1.3898e-21 -1.11376e-30 -2.75597e-22 -5.37096e-30  -3.7979e-23 -6.70046e-31 -3.84531e-24 -2.24663e-31  -2.6879e-25   5.3278e-32   -8.326e-27   3.4797e-32  8.07315e-28   4.1733e-33  1.56706e-28  2.73729e-34  1.43565e-29  1.47644e-34  8.83387e-31  2.98818e-35  3.82004e-32  1.85145e-36  1.12542e-33  1.09128e-37  2.04294e-35  8.52385e-39  1.75412e-37 -1.61108e-41
 2.49667e-26   1.3083e-10 -8.21578e-25 -3.04584e-09   9.9715e-24  3.65625e-08 -6.87989e-23 -2.83591e-07   3.0285e-22  1.56297e-06 -8.40667e-22 -6.43259e-06  1.02171e-21  2.03148e-05  3.03495e-21  -4.9869e-05 -2.25379e-20  9.52549e-05  7.85566e-20 -0.000139817 -1.95301e-19  0.000152387  3.76881e-19  -0.00011313  -5.7464e-19   4.1859e-05  6.80202e-19  1.26661e-05 -5.88799e-19 -2.19614e-05  3.14816e-19  4.55862e-06 -3.43023e-20  6.07081e-06 -5.48449e-20 -2.62747e-06 -5.59543e-20 -1.64038e-06  1.69038e-19  8.23175e-07 -1.11398e-19  5.14698e-07 -7.22705e-20 -1.70405e-07  2.03167e-19 -1.64262e-07 -1.88086e-19  7.99498e-09  8.85456e-20  4.14727e-08 -7.04761e-21  1.02426e-08 -1.91437e-20 -5.65958e-09  1.21936e-20 -4.06716e-09 -7.44651e-22 -4.21736e-10 -3.98633e-21  5.71626e-10  2.97217e-21  3.03136e-10 -4.58565e-22  3.55973e-11  -7.2631e-22 -2.96921e-11  5.07139e-22 -1.76581e-11 -6.40866e-23 -3.86159e-12 -4.84717e-23  4.02255e-13  9.37487e-24  5.89423e-13  4.18458e-24  2.10751e-13 -7.77339e-25  3.49958e-14  1.60005e-24 -2.93172e-15 -1.14429e-24 -3.76397e-15 -2.50206e-25 -1.26251e-15  2.46962e-25 -2.47348e-16   5.7981e-26 -2.16922e-17 -4.27975e-26  4.22421e-18 -5.93099e-27  2.29243e-18  3.69128e-27  5.60161e-19 -1.68254e-28  9.19775e-20   4.1612e-29  1.00578e-20   1.3263e-28  4.39209e-22  4.91617e-30 -9.41901e-23 -3.81742e-30 -2.79964e-23 -1.07325e-30 -4.33931e-24 -2.87259e-31 -4.78455e-25  7.87173e-32 -3.95022e-26    4.136e-32 -2.38437e-27  4.62682e-33 -9.21438e-29  2.53463e-34 -7.64661e-31  1.18585e-34  1.71461e-31   2.0953e-35  1.28861e-32  1.30359e-36  4.77021e-34   9.8634e-38  9.37965e-36  4.29847e-39  6.69226e-38
-2.28509e-11  2.96169e-25  9.72078e-10 -5.52176e-24 -1.59431e-08  5.11545e-23  1.55432e-07 -2.93842e-22 -1.03649e-06  1.12203e-21  5.06017e-06 -2.76695e-21  -1.8771e-05  3.03495e-21  5.39762e-05  8.22999e-21 -0.000121238 -5.63009e-20  0.000211887   1.8214e-19 -0.000282724 -4.22799e-19  0.000274834  7.64369e-19 -0.000171723 -1.09047e-18   3.6199e-05  1.19581e-18   4.0528e-05  -9.2968e-19  -3.3469e-05   3.9322e-19 -1.70271e-06  5.53729e-20  1.17587e-05 -1.13086e-19 -1.34426e-06 -1.37442e-19 -3.58743e-06  3.15375e-19  3.98442e-07 -1.80835e-19  1.06381e-06  -1.2435e-19  2.70149e-08  3.05575e-19 -2.75889e-07 -2.58035e-19  -6.9571e-08  1.05736e-19  4.73442e-08  2.77399e-21  3.01254e-08 -3.00812e-20 -1.29151e-10  1.60535e-20 -6.15078e-09   5.5466e-23 -2.31393e-09 -5.69291e-21  1.81045e-10  3.84165e-21  4.62332e-10 -4.95911e-22  1.66797e-10 -9.26763e-22   4.3343e-12  5.88322e-22 -2.06199e-11 -3.91615e-23 -9.50785e-12 -7.22216e-23 -1.75788e-12  1.06472e-23  2.44595e-13  4.78136e-24   2.7295e-13  3.91755e-25  9.23636e-14  1.71154e-24  1.59648e-14 -1.43959e-24 -2.87732e-16 -3.74115e-25 -1.13713e-15  3.29811e-25 -4.04093e-16  7.54176e-26 -8.53579e-17 -5.35497e-26 -1.07022e-17  -7.6042e-27  -6.6131e-20  3.86252e-27  3.49958e-19 -3.98671e-30  1.02458e-19  1.29774e-28  1.85408e-20  1.44881e-28  2.39673e-21  1.43957e-29   2.1302e-22 -1.51013e-30  8.56017e-24 -1.34813e-30 -1.01044e-24 -3.20993e-31 -2.60862e-25  1.03492e-31 -3.21612e-26  4.57825e-32 -2.75154e-27  4.71967e-33 -1.73652e-28  2.12467e-34  -8.0261e-30  7.95033e-35 -2.57006e-31  1.20236e-35 -4.92218e-33  8.31761e-37 -2.99693e-35  7.02516e-38  5.33879e-37   1.4964e-39
-6.66187e-26 -2.26426e-10  2.34954e-24  5.55704e-09 -3.04892e-23 -7.04405e-08  2.27439e-22  5.78082e-07 -1.11441e-21 -3.37897e-06  3.74175e-21  1.47916e-05 -8.26717e-21  -4.9869e-05  8.22999e-21  0.000131325  2.04552e-20 -0.000270927 -1.29322e-19  0.000433993  3.89516e-19 -0.000525679 -8.46966e-19  0.000451693  1.43893e-18 -0.000227347 -1.92446e-18  7.15502e-07  1.95224e-18  8.50402e-05 -1.34468e-18 -3.97255e-05  3.95886e-19 -1.64274e-05  2.46451e-19  1.72816e-05 -1.83108e-19  3.02949e-06 -2.95673e-19 -5.58949e-06  5.39439e-19 -1.04125e-06 -2.69014e-19   1.5236e-06 -2.00367e-19  5.10381e-07  4.30818e-19 -3.00975e-07 -3.32217e-19 -2.00849e-07  1.17178e-19  1.52836e-08  1.77728e-20  5.01483e-08 -4.28553e-20  1.39814e-08  1.97806e-20 -4.93196e-09  1.30999e-21 -4.55892e-09 -7.49925e-21 -9.73645e-10  4.62045e-21  3.47411e-10 -4.97854e-22  2.98503e-10 -1.10969e-21  7.96799e-11  6.54519e-22 -4.72838e-12 -9.50567e-24 -1.17936e-11 -9.40165e-23 -4.59912e-12  9.26261e-24 -7.69146e-13  5.17757e-24  1.04373e-13  2.13913e-24  1.08679e-13  1.97089e-24    3.599e-14 -1.83391e-24   6.6349e-15 -5.18601e-25  2.92534e-16  4.17391e-25 -2.58898e-16  9.22709e-26 -1.04822e-16 -6.27012e-26 -2.37973e-17 -9.38606e-27 -3.57696e-18  3.73312e-27 -2.88934e-19  2.22765e-28  1.98715e-20  2.30456e-28  1.21384e-20  1.61314e-28  2.53469e-21   2.7498e-29  3.58648e-22  1.54359e-30  3.74808e-23 -1.42607e-30   2.8238e-24 -3.17529e-31  1.26054e-25  1.23715e-31 -1.51769e-27  4.70839e-32 -8.56882e-28  4.49084e-33 -8.54116e-29  1.59066e-34 -5.20917e-30  3.91487e-35 -2.13748e-31  5.01117e-36 -5.71912e-33  4.78896e-37 -8.73522e-35   3.8118e-38 -4.89753e-37
 3.31808e-11 -7.24121e-25 -1.49337e-09  1.44404e-23  2.59487e-08 -1.43182e-22 -2.68451e-07  8.90622e-22   1.9034e-06 -3.78969e-21 -9.90426e-06  1.13083e-20  3.92797e-05 -2.25379e-20 -0.000121238  2.04552e-20  0.000293892  4.67479e-20 -0.000558716 -2.73897e-19  0.000821236  7.70425e-19 -0.000900528  -1.5748e-18  0.000674582  2.52303e-18 -0.000250758 -3.16988e-18 -8.20221e-05  2.96753e-18  0.000141364 -1.77277e-18 -3.04607e-05  2.40021e-19 -4.06352e-05  5.74509e-19   1.8646e-05 -2.42495e-19  1.12773e-05 -5.64995e-19 -6.20799e-06  8.50893e-19 -3.67727e-06 -3.69042e-19  1.40346e-06 -3.01038e-19   1.2449e-06  5.70267e-19 -1.04806e-07 -4.03179e-19 -3.38431e-07  1.21252e-19 -7.45781e-08  3.68461e-20  5.16565e-08 -5.65136e-20  3.41134e-08  2.30055e-20  2.58749e-09   2.9674e-21 -5.35626e-09 -9.17489e-21 -2.66206e-09  5.19132e-21 -2.54467e-10 -4.82508e-22  2.94046e-10  -1.2482e-21  1.64428e-10  7.03851e-22  3.40992e-11  2.14579e-23 -4.67552e-12  -1.1121e-22 -5.77177e-12  4.39853e-24 -2.01649e-12  4.87239e-24 -3.27798e-13  4.55424e-24  3.05226e-14   2.4909e-24  3.66013e-14 -2.30611e-24  1.22222e-14 -6.81433e-25  2.41293e-15  4.96158e-25  2.24133e-16  1.06209e-25 -3.53314e-17 -6.86823e-26 -2.07233e-17 -1.09832e-26 -5.15332e-18  3.37898e-27 -8.61785e-19  4.79542e-28 -9.85896e-20  3.28995e-28 -5.63374e-21  1.82651e-28  5.40926e-22  4.36518e-29  2.04191e-22   5.1878e-30  3.28815e-23 -1.28645e-30  3.66577e-24 -2.77617e-31  3.05082e-25  1.35736e-31   1.8868e-26  4.50935e-32  8.06711e-28  4.04135e-33  1.75893e-29  1.01265e-34 -3.53262e-31  6.11832e-36 -4.37724e-32  7.53598e-37  -1.5454e-33  2.43033e-37 -2.33654e-35  1.38125e-38
 1.37775e-25  2.89691e-10  -5.2695e-24 -7.56884e-09  7.31167e-23  1.02254e-07 -5.84803e-22 -8.95689e-07  3.10872e-21  5.59862e-06 -1.16462e-20 -2.62722e-05  3.11472e-20  9.52549e-05 -5.63009e-20 -0.000270927  4.67479e-20  0.000607373  9.84764e-20  -0.00106707 -5.35988e-19   0.00143982  1.41244e-18  -0.00142296 -2.72527e-18   0.00090919   4.1345e-18 -0.000199405 -4.89077e-18 -0.000223183   4.2098e-18  0.000193711 -2.10662e-18  6.00962e-06 -1.72032e-19 -7.06616e-05  1.06028e-18    1.041e-05 -2.55095e-19   2.2402e-05 -9.72728e-19 -3.45825e-06  1.24391e-18 -7.00847e-06 -4.69383e-19  1.26128e-07 -4.20765e-19  1.95969e-06  7.09784e-19   4.1353e-07 -4.63662e-19 -3.77722e-07  1.18527e-19 -2.13676e-07  5.78849e-20  1.21337e-08 -7.00134e-20  4.94133e-08  2.54008e-20   1.6735e-08   4.9162e-21 -2.37089e-09 -1.04582e-20 -3.89004e-09  5.46476e-21 -1.29147e-09 -4.85152e-22  1.64432e-11  -1.3234e-21  1.85662e-10  7.37441e-22  8.00283e-11  5.26259e-23  1.35735e-11 -1.21507e-22 -2.62458e-12 -4.68536e-24 -2.44901e-12  3.13398e-24 -8.00551e-13  7.64263e-24 -1.33948e-13  3.38492e-24  3.88717e-15 -2.79148e-24  1.00814e-14 -8.55667e-25  3.51701e-15  5.48558e-25  7.39831e-16   1.1415e-25  9.41079e-17 -7.04678e-26  1.47368e-18 -1.19312e-26 -2.72311e-18  2.98292e-27  -8.1571e-19  7.32913e-28 -1.48627e-19  4.09268e-28 -1.94317e-20  2.07054e-28 -1.79588e-21  6.13198e-29 -9.10602e-23  9.04257e-30  3.93089e-24 -9.69687e-31  1.49627e-24 -2.12014e-31  1.91371e-25  1.37424e-31  1.62432e-26   4.0479e-32  9.99612e-28  3.48537e-33  4.46482e-29  4.75415e-35  1.38164e-30 -1.42701e-35  2.64704e-32 -1.01035e-36  2.34404e-34  1.02279e-37  1.05868e-37
-3.47066e-11  1.38177e-24  1.67541e-09 -2.97402e-23 -3.12347e-08  3.15638e-22  3.46945e-07 -2.11017e-21 -2.64417e-06  9.76304e-21  1.48138e-05 -3.25515e-20 -6.34036e-05  7.85566e-20  0.000211887 -1.29322e-19 -0.000558716  9.84764e-20   0.00116336  1.91523e-19  -0.00189345 -9.70348e-19   0.00234467  2.40412e-18   -0.0020742 -4.40075e-18   0.00108973  6.35396e-18 -2.63223e-05 -7.09475e-18 -0.000417433  5.58498e-18  0.000214863 -2.20129e-18  7.75055e-05 -9.31861e-19 -9.64398e-05   1.6976e-18 -1.22019e-05 -1.77611e-19  3.27446e-05 -1.52615e-18  4.33393e-06  1.69231e-18 -9.59886e-06 -5.56382e-19 -2.62995e-06 -5.46184e-19  2.13825e-06  8.31742e-19  1.21124e-06 -5.08601e-19 -1.88769e-07  1.11874e-19   -3.458e-07  7.83455e-20 -7.90184e-08 -8.24345e-20  4.26398e-08  2.66749e-20  3.24051e-08  7.00076e-21  5.58254e-09 -1.10972e-20 -3.15609e-09  5.40641e-21 -2.26227e-09 -5.48678e-22 -5.36102e-10 -1.33311e-21  6.82403e-11  7.57131e-22  9.71623e-11  8.65211e-23  3.51563e-11  -1.2263e-22  5.24044e-12 -1.85903e-23 -1.07472e-12 -9.31643e-25  -8.9936e-13  1.12522e-23 -2.84616e-13  4.73555e-24 -5.05218e-14 -3.18283e-24 -1.74708e-15 -1.02682e-24  2.11959e-15  5.57217e-25  8.24862e-16  1.12418e-25   1.8448e-16 -6.79561e-26  2.76276e-17 -1.16866e-26  2.30518e-18  2.79637e-27 -1.14417e-19  9.61976e-28 -8.25973e-20  4.58827e-28 -1.73762e-20  2.30564e-28 -2.45044e-21  7.80926e-29 -2.55861e-22   1.2522e-29 -1.96135e-23 -5.70263e-31 -9.74595e-25 -1.38909e-31 -1.01861e-26  1.28958e-31    3.354e-27   3.4402e-32  3.64014e-28  2.90766e-33  2.14695e-29  5.86379e-36  8.07931e-31 -2.15056e-35  1.86268e-32  -1.1828e-36  2.13866e-34  3.05506e-38
-2.16729e-25   -2.606e-10  9.26091e-24  7.38574e-09 -1.38408e-22 -1.08156e-07  1.18758e-21  1.02675e-06 -6.80584e-21 -6.95884e-06  2.77945e-20  3.54499e-05 -8.31925e-20 -0.000139817   1.8214e-19  0.000433993 -2.73897e-19  -0.00106707  1.91523e-19   0.00207207  3.44124e-19   -0.0031309 -1.62572e-18   0.00355388  3.80299e-18  -0.00278526 -6.64708e-18   0.00112385  9.19129e-18  0.000303358 -9.71547e-18 -0.000634383  6.94139e-18  0.000171321 -1.89956e-18  0.000181372  -2.0976e-18 -0.000102307  2.44653e-18 -5.01385e-05  2.79035e-20  3.61555e-05  -2.2011e-18  1.72654e-05  2.14965e-18   -9.276e-06 -6.18073e-19 -6.51355e-06 -6.56847e-19  1.18159e-06  9.18391e-19  2.01635e-06  -5.3652e-19  3.07174e-07  1.05678e-19 -3.71435e-07  9.60012e-20 -2.02192e-07 -9.30742e-20 -9.00084e-10  2.65433e-20  3.89331e-08  9.02583e-21  1.65771e-08 -1.08931e-20   6.1752e-10  5.05538e-21 -2.31959e-09 -7.07722e-22 -1.12488e-09   -1.297e-21 -1.95711e-10  7.62141e-22  4.96796e-11  1.29184e-22  4.38053e-11 -1.11914e-22  1.40969e-11 -3.75664e-23   2.0155e-12 -8.21904e-24 -3.25202e-13  1.50154e-23 -2.81739e-13  6.55629e-24 -8.88055e-14 -3.34852e-24 -1.68299e-14 -1.17178e-24 -1.43455e-15  5.10231e-25  2.79205e-16  9.73665e-26  1.48397e-16 -6.20585e-26  3.58839e-17 -9.79046e-27  5.90578e-18  3.06514e-27  6.72981e-19  1.16464e-27   4.0639e-20   4.7322e-28 -2.75059e-21  2.48484e-28 -1.17295e-21  9.11887e-29 -1.88473e-22  1.49733e-29 -2.06581e-23 -2.08302e-31 -1.68402e-24  -7.7993e-32 -1.02421e-25  1.12704e-31 -4.41494e-27  2.80123e-32  -1.1317e-28  2.34824e-33 -2.14703e-31 -1.89051e-35   1.0028e-31 -1.91626e-35  3.29337e-33 -7.24611e-37  3.13781e-35
 2.38233e-11 -2.02232e-24 -1.27307e-09  4.80649e-23  2.61647e-08 -5.49574e-22 -3.19471e-07  3.95478e-21   2.6716e-06 -1.97986e-20 -1.64104e-05  7.21754e-20  7.70286e-05 -1.95301e-19 -0.000282724  3.89516e-19  0.000821236 -5.35988e-19  -0.00189345  3.44124e-19   0.00344246  5.70884e-19  -0.00483782  -2.5182e-18   0.00502253  5.59226e-18   -0.0034326  -9.4137e-18  0.000911057  1.25649e-17  0.000792496 -1.26144e-17 -0.000817004  8.09427e-18  3.42816e-05 -1.07014e-18    0.0002995 -3.66765e-18 -7.12365e-05  3.23519e-18 -9.76271e-05  3.79387e-19  2.57085e-05 -2.93751e-18  3.27539e-05  2.55541e-18 -3.91894e-06 -6.47797e-19 -1.02516e-05 -7.28408e-19 -1.26384e-06  9.55683e-19  2.34598e-06 -5.49757e-19  1.04582e-06  1.04389e-19 -1.87929e-07  1.09582e-19 -3.00108e-07 -1.01397e-19 -8.01894e-08  2.47178e-20  2.45102e-08  1.07464e-20  2.49074e-08 -9.74348e-21   6.8838e-09  4.52818e-21 -7.56223e-10 -9.71062e-22 -1.31747e-09 -1.25525e-21 -4.95914e-10  7.46138e-22  -6.5568e-11  1.88453e-22  2.47424e-11  -8.6272e-23  1.72548e-11 -6.11753e-23  5.16257e-12 -1.93815e-23  7.63324e-13  1.83443e-23 -6.28417e-14  8.75791e-24 -7.30901e-14 -3.16552e-24 -2.36357e-14 -1.26106e-24 -4.75322e-15  4.05619e-25 -5.73022e-16  6.64169e-26 -2.51527e-18 -5.44466e-26  1.80011e-17 -6.04726e-27  5.11891e-18  3.94194e-27  9.06641e-19   1.3532e-27  1.16159e-19  4.57479e-28  1.06423e-20  2.57064e-28   5.6576e-22  9.82394e-29 -1.31329e-23   1.5891e-29 -6.88575e-24  1.13378e-32 -8.74742e-25 -4.32767e-32 -7.15289e-26  9.22762e-32  -4.1727e-27    2.207e-32 -1.73935e-28   1.8168e-33 -4.92652e-30 -2.70211e-35 -8.40827e-32 -1.25352e-35 -6.38189e-34 -2.65632e-37
 2.41777e-25   1.4197e-10 -1.25292e-23 -4.59832e-09  2.05391e-22  7.61312e-08 -1.90278e-21 -8.10958e-07    1.179e-20  6.13532e-06 -5.23282e-20  -3.4776e-05   1.7185e-19  0.000152387 -4.22799e-19 -0.000525679  7.70425e-19   0.00143982 -9.70348e-19   -0.0031309  5.70884e-19   0.00535055  8.72251e-19  -0.00700421  -3.5958e-18   0.00662682   7.6385e-18  -0.00385212  -1.2531e-17  0.000372379  1.63053e-17   0.00139647 -1.56043e-17  -0.00089069  8.86557e-18 -0.000206553  3.51045e-19  0.000398259 -5.56455e-18  8.22521e-06  3.97103e-18 -0.000141274  8.63814e-19 -3.27925e-06 -3.64532e-18  4.53433e-05    2.846e-18  7.34792e-06 -6.46095e-19 -1.18182e-05 -7.37713e-19 -4.94195e-06  9.36438e-19  1.67426e-06 -5.53479e-19  1.76998e-06  1.10906e-19  2.43403e-07  1.19067e-19 -2.93373e-07 -1.06887e-19 -1.69067e-07   2.0947e-20 -1.57571e-08  1.18532e-20  2.30651e-08 -7.67764e-21  1.28879e-08  4.00487e-21  2.33772e-09 -1.30839e-21 -7.31169e-10 -1.26019e-21 -6.29955e-10  6.96366e-22 -1.98609e-10  2.71079e-22 -2.16146e-11  -4.2756e-23  9.58076e-12 -8.79706e-23  5.93459e-12 -3.45675e-23  1.70856e-12  2.05014e-23  2.71901e-13  1.11334e-23  -3.8423e-16 -2.55835e-24 -1.48401e-14 -1.26458e-24 -5.16524e-15  2.53152e-25 -1.09545e-15  1.91797e-26 -1.56702e-16 -4.70504e-26 -1.21183e-17 -6.51574e-28  8.02883e-19  5.41633e-27  4.70336e-19  1.54167e-27  9.43809e-20  4.24002e-28  1.28598e-20  2.54758e-28   1.3035e-21  9.80513e-29  9.76996e-23  1.51043e-29  4.88807e-24   3.6003e-32  8.37963e-26 -3.79895e-32 -1.07561e-26  7.12848e-32 -1.20608e-27  1.68644e-32 -6.61156e-29  1.31958e-33 -2.18569e-30 -2.34084e-35 -4.04869e-32 -6.07026e-36 -2.78834e-34
-7.36947e-12  2.14176e-24  5.03944e-10 -5.97754e-23 -1.26168e-08  7.47499e-22  1.82141e-07 -5.83164e-21 -1.76661e-06  3.17431e-20   1.2427e-05 -1.26415e-19 -6.62507e-05  3.76881e-19  0.000274834 -8.46966e-19 -0.000900528  1.41244e-18   0.00234467 -1.62572e-18  -0.00483782  8.72251e-19   0.00780288  1.22064e-18  -0.00952666 -4.70426e-18   0.00816926  9.66933e-18  -0.00387241 -1.57203e-17 -0.000517729  2.01852e-17   0.00202042 -1.84865e-17 -0.000782524  9.12742e-18 -0.000531756  2.32915e-18  0.000435141 -7.63587e-18  0.000134751  4.55861e-18 -0.000162401  1.43542e-18 -5.00095e-05 -4.22091e-18    4.791e-05  2.96759e-18  2.30649e-05  -6.2009e-19  -9.1143e-06 -6.68367e-19  -8.7969e-06  8.61991e-19 -2.85262e-07 -5.53888e-19  2.07665e-06  1.25395e-19  8.36302e-07  1.25539e-19 -1.19865e-07   -1.089e-19 -2.19601e-07  1.51131e-20 -7.24768e-08  1.19735e-20  6.17047e-09 -4.87984e-21  1.45101e-08  3.69798e-21  5.71787e-09 -1.64691e-21  6.40772e-10 -1.36249e-21 -4.20425e-10  5.95871e-22 -2.62486e-10  3.79648e-22 -7.33509e-11   2.0354e-23 -7.52443e-12 -1.15388e-22  2.92892e-12  -5.3228e-23  1.75984e-12  2.07416e-23  5.00459e-13  1.33725e-23  8.62432e-14 -1.53036e-24  5.33946e-15 -1.15963e-24 -2.05807e-15  7.27051e-26 -8.76385e-16 -4.18071e-26 -1.97551e-16 -4.15048e-26 -3.09614e-17  5.78781e-27 -3.36105e-18  7.29026e-27 -1.86226e-19  1.73184e-27  1.53323e-20  3.87759e-28  5.68076e-21   2.4259e-28  8.64886e-22  9.10016e-29  9.04259e-23  1.28446e-29  7.02864e-24 -1.17993e-31  4.07046e-25 -5.42299e-32  1.67661e-26  5.23585e-32  4.26757e-28  1.23888e-32   3.0963e-30  8.76138e-34 -1.71948e-31 -1.48885e-35 -4.73362e-33 -1.93833e-36
-1.37666e-25 -1.63352e-11  1.23835e-23   1.0397e-09 -2.33505e-22 -2.51025e-08  2.36676e-21  3.48864e-07 -1.59951e-20 -3.25577e-06  7.77242e-20  2.20427e-05 -2.80568e-19  -0.00011313  7.64369e-19  0.000451693  -1.5748e-18  -0.00142296  2.40412e-18   0.00355388  -2.5182e-18  -0.00700421  1.22064e-18    0.0107081  1.54705e-18   -0.0122053 -5.56973e-18   0.00940947  1.12899e-17  -0.00335945 -1.86414e-17  -0.00170932  2.39655e-17   0.00253355 -2.10885e-17 -0.000445262  8.83526e-18 -0.000889111  4.71981e-18  0.000371037 -9.67464e-18  0.000290021  4.91823e-18 -0.000142532  2.02536e-18 -0.000106287  -4.5696e-18   3.4148e-05  2.88679e-18  3.90788e-05 -5.80734e-19 -9.76507e-07 -5.15058e-19 -1.11403e-05  7.42001e-19 -3.30594e-06 -5.56348e-19  1.57396e-06   1.4494e-19  1.36779e-06  1.30696e-19   2.1809e-07 -1.06609e-19 -1.81846e-07  7.35286e-21 -1.21053e-07  1.06995e-20  -2.3376e-08  -1.6892e-21  8.52808e-09  3.80923e-21  7.35485e-09 -1.88081e-21  2.25609e-09 -1.59582e-21  1.38611e-10  4.28623e-22 -1.86552e-10  5.10446e-22 -9.66031e-11  1.02382e-22 -2.50694e-11 -1.39972e-22 -2.76724e-12 -7.40804e-23  6.73367e-13   1.8487e-23  4.38632e-13  1.51066e-23  1.26005e-13  -1.7479e-25  2.32282e-14 -9.38361e-25   2.4267e-15 -1.10301e-25 -8.98933e-17 -1.11082e-25 -1.03754e-16 -3.87417e-26 -2.62951e-17  1.23422e-26 -4.37888e-18  9.21222e-27 -5.33537e-19   1.9058e-27 -4.64735e-20  3.60953e-28 -2.30646e-21  2.23566e-28  6.35196e-23  7.88738e-29  2.74354e-23  9.66198e-30  3.24672e-24 -3.76045e-31  2.47036e-25 -7.75576e-32  1.32593e-26  3.67882e-32  4.98586e-28  8.58172e-33  1.23074e-29  5.15342e-34  1.70303e-31 -6.97008e-36  8.11005e-34
