   0.0482211  2.10238e-17   -0.0635717 -3.94485e-17  -0.00473292 -2.31628e-18    0.0198098  1.35278e-17   0.00650631  3.85953e-20  -0.00411509 -4.11982e-18  -0.00311434  -3.0235e-20 -0.000189149  3.01188e-19  0.000451948  2.78275e-20  0.000162433 -3.26498e-21  1.44979e-05
 2.10238e-17     0.108714  3.64005e-17   -0.0570567 -3.40088e-17   -0.0339344 -6.76058e-18     0.016288  1.43067e-17    0.0150748  2.09615e-18  -0.00102675  -3.1158e-18  -0.00454065 -1.16592e-19    -0.001381  9.85118e-20    0.0002107 -2.52486e-20   0.00015637 -2.61119e-21
  -0.0635717  3.64005e-17     0.109018  2.46883e-17   -0.0216981 -1.85323e-17   -0.0406679 -5.67371e-18   0.00480716  1.20202e-17    0.0167538   2.8936e-18   0.00282443 -9.60441e-19  -0.00408922 -2.23133e-19  -0.00221828 -4.03446e-19 -0.000267168 -1.50344e-19  2.86771e-05
-3.94485e-17   -0.0570567  2.46883e-17     0.069298  1.50692e-17  -0.00310849 -1.62566e-17   -0.0355217 -7.50699e-18  -0.00154537  7.33574e-18    0.0156142  2.86558e-18   0.00553753   3.8803e-19  -0.00278423 -8.08088e-19  -0.00238469 -9.75445e-19 -0.000529752 -1.99629e-19
 -0.00473292 -3.40088e-17   -0.0216981  1.50692e-17    0.0490308  9.58115e-18  -0.00116931 -1.59735e-17   -0.0317195 -1.17818e-17   -0.0052066  2.34342e-18    0.0141416  3.26719e-18   0.00760677  1.01286e-18 -0.000924782 -1.58715e-18   -0.0017174 -1.11911e-18 -0.000337416
-2.31628e-18   -0.0339344 -1.85323e-17  -0.00310849  9.58115e-18    0.0430286  1.38614e-17  0.000885936  -1.4598e-17    -0.029791 -1.34115e-17  -0.00835971  6.12831e-19    0.0122503  4.31277e-18    0.0091488  8.27684e-19   0.00131648 -1.97972e-18 -0.000489988 -6.72144e-19
   0.0198098 -6.76058e-18   -0.0406679 -1.62566e-17  -0.00116931  1.38614e-17    0.0395601  1.92179e-17   0.00281245 -1.11303e-17    -0.028064 -1.03828e-17   -0.0112392  2.40541e-18   0.00981928  4.54642e-18   0.00990684 -2.03061e-19   0.00307144 -1.58725e-18  0.000272367
 1.35278e-17     0.016288 -5.67371e-18   -0.0355217 -1.59735e-17  0.000885936  1.92179e-17    0.0364757  2.00135e-17   0.00427247  -7.1668e-18   -0.0267352  -4.2226e-18   -0.0140782  4.58132e-18   0.00657199  3.03574e-18   0.00887385 -1.07783e-18   0.00294743 -7.25262e-19
  0.00650631  1.43067e-17   0.00480716 -7.50699e-18   -0.0317195  -1.4598e-17   0.00281245  2.00135e-17    0.0349064  1.31042e-17    0.0056659 -4.43417e-18   -0.0256343  1.72102e-18   -0.0171362  4.43268e-18   0.00164151  8.43864e-19   0.00507965 -1.02903e-18   0.00121357
 3.85953e-20    0.0150748  1.20202e-17  -0.00154537 -1.17818e-17    -0.029791 -1.11303e-17   0.00427247  1.31042e-17    0.0341639  1.73814e-18   0.00726838  -2.1574e-18   -0.0245825  4.21456e-18   -0.0209198  2.21365e-18  -0.00505402 -4.97639e-19  0.000423014  -4.6329e-19
 -0.00411509  2.09615e-18    0.0167538  7.33574e-18   -0.0052066 -1.34115e-17    -0.028064  -7.1668e-18    0.0056659  1.73814e-18    0.0342082  -6.3704e-18    0.0092332 -1.07464e-19   -0.0236925  2.78646e-18   -0.0246295 -1.54416e-20  -0.00988357 -6.63302e-19  -0.00137476
-4.11982e-18  -0.00102675   2.8936e-18    0.0156142  2.34342e-18  -0.00835971 -1.03828e-17   -0.0267352 -4.43417e-18   0.00726838  -6.3704e-18    0.0350649 -7.60863e-18    0.0114745  7.45522e-19   -0.0216358  3.66093e-19    -0.023564 -7.57495e-19   -0.0084731 -2.79683e-19
 -0.00311434  -3.1158e-18   0.00282443  2.86558e-18    0.0141416  6.12831e-19   -0.0112392  -4.2226e-18   -0.0256343  -2.1574e-18    0.0092332 -7.60863e-18    0.0364968 -3.81052e-18    0.0153144  1.59857e-18    -0.013511  1.90583e-19   -0.0140919 -1.70409e-19  -0.00315211
 -3.0235e-20  -0.00454065 -9.60441e-19   0.00553753  3.26719e-18    0.0122503  2.40541e-18   -0.0140782  1.72102e-18   -0.0245825 -1.07464e-19    0.0114745 -3.81052e-18    0.0396921  2.86927e-18    0.0252697  4.79542e-18   0.00263144  2.09673e-18  -0.00221828  3.76864e-19
-0.000189149 -1.16592e-19  -0.00408922   3.8803e-19   0.00760677  4.31277e-18   0.00981928  4.58132e-18   -0.0171362  4.21456e-18   -0.0236925  7.45522e-19    0.0153144  2.86927e-18    0.0488978  1.08669e-17    0.0416236  8.87685e-18    0.0170084  3.08667e-18   0.00261207
 3.01188e-19    -0.001381 -2.23133e-19  -0.00278423  1.01286e-18    0.0091488  4.54642e-18   0.00657199  4.43268e-18   -0.0209198  2.78646e-18   -0.0216358  1.59857e-18    0.0252697  1.08669e-17    0.0636969  1.65853e-17    0.0518945  9.57108e-18    0.0179903  1.87375e-18
 0.000451948  9.85118e-20  -0.00221828 -8.08088e-19 -0.000924782  8.27684e-19   0.00990684  3.03574e-18   0.00164151  2.21365e-18   -0.0246295  3.66093e-19    -0.013511  4.79542e-18    0.0416236  1.65853e-17     0.070645  1.61521e-17    0.0435764  6.12653e-18   0.00868191
 2.78275e-20    0.0002107 -4.03446e-19  -0.00238469 -1.58715e-18   0.00131648 -2.03061e-19   0.00887385  8.43864e-19  -0.00505402 -1.54416e-20    -0.023564  1.90583e-19   0.00263144  8.87685e-18    0.0518945  1.61521e-17    0.0570745  1.03529e-17    0.0229272  2.10552e-18
 0.000162433 -2.52486e-20 -0.000267168 -9.75445e-19   -0.0017174 -1.97972e-18   0.00307144 -1.07783e-18   0.00507965 -4.97639e-19  -0.00988357 -7.57495e-19   -0.0140919  2.09673e-18    0.0170084  9.57108e-18    0.0435764  1.03529e-17    0.0306264  4.13321e-18   0.00648703
-3.26498e-21   0.00015637 -1.50344e-19 -0.000529752 -1.11911e-18 -0.000489988 -1.58725e-18   0.00294743 -1.02903e-18  0.000423014 -6.63302e-19   -0.0084731 -1.70409e-19  -0.00221828  3.08667e-18    0.0179903  6.12653e-18    0.0229272  4.13321e-18   0.00976979  8.59983e-19
 1.44979e-05 -2.61119e-21  2.86771e-05 -1.99629e-19 -0.000337416 -6.72144e-19  0.000272367 -7.25262e-19   0.00121357  -4.6329e-19  -0.00137476 -2.79683e-19  -0.00315211  3.76864e-19   0.00261207  1.87375e-18   0.00868191  2.10552e-18   0.00648703  8.59983e-19   0.00141197
