    0.148122   6.2867e-16   -0.0227797 -3.66385e-16   -0.0242299  -2.1981e-17   -0.0105558 -2.91051e-17  -0.00317591 -2.11697e-17 -0.000700088 -6.85998e-18 -0.000111947  -1.2745e-18 -1.24658e-05 -1.44273e-19 -8.94995e-07 -9.63395e-21 -3.54206e-08 -3.11877e-22 -4.83913e-10
  6.2867e-16     0.200642  6.00703e-16    0.0398853  3.76946e-17  -0.00102861 -1.16471e-18  -0.00333833 -3.17956e-17  -0.00111103 -1.59441e-17 -0.000195907 -3.89192e-18 -1.78362e-05 -5.58212e-19 -2.09393e-07 -4.79766e-20  1.14631e-07 -2.24809e-21   8.5805e-09 -3.80889e-23
  -0.0227797  6.00703e-16     0.167773   6.3699e-16    0.0791982  2.57387e-16    0.0261265  5.29405e-17   0.00735193 -2.31789e-18   0.00181656 -3.30358e-18  0.000367375   -7.212e-19  5.51336e-05 -7.88022e-20  5.54411e-06 -4.50465e-21  3.20884e-07  -1.0808e-22  6.93079e-09
-3.66385e-16    0.0398853   6.3699e-16     0.142569  6.48172e-16    0.0891116  2.92346e-16    0.0364572  8.05884e-17     0.011086  1.56104e-17   0.00252685  2.40552e-18  0.000419643  3.06379e-19  4.81895e-05  2.93433e-20  3.48025e-06  1.71671e-21  1.26465e-07  3.81936e-23
  -0.0242299  3.76946e-17    0.0791982  6.48172e-16      0.12468  5.35158e-16    0.0774645  2.34429e-16    0.0307087  6.91032e-17   0.00852881  1.48995e-17   0.00168435   2.3642e-18  0.000231704  2.64011e-19  2.09652e-05  1.87876e-20   1.0933e-06  6.77544e-22  2.14581e-08
 -2.1981e-17  -0.00102861  2.57387e-16    0.0891116  5.35158e-16    0.0976436  3.66175e-16    0.0533652  1.48357e-16    0.0186892  4.09869e-17   0.00448985  8.00441e-18  0.000747342  1.08993e-18  8.37844e-05  9.78474e-20  5.83543e-06  5.07079e-21  2.03576e-07  9.89889e-23
  -0.0105558 -1.16471e-18    0.0261265  2.92346e-16    0.0774645  3.66175e-16     0.063674  2.10015e-16    0.0291678  7.48214e-17   0.00868062   1.8064e-17   0.00175875   3.0066e-18  0.000242174  3.36386e-19  2.16432e-05  2.33621e-20   1.1073e-06  8.12311e-22  2.12596e-08
-2.91051e-17  -0.00333833  5.29405e-17    0.0364572  2.34429e-16    0.0533652  2.10015e-16    0.0337074  9.95536e-17    0.0127131  3.00865e-17   0.00316088   6.1364e-18  0.000532251  8.46854e-19  5.95934e-05  7.56848e-20  4.11621e-06  3.86747e-21  1.41899e-07  7.41088e-23
 -0.00317591 -3.17956e-17   0.00735193  8.05884e-17    0.0307087  1.48357e-16    0.0291678  9.95536e-17    0.0144063  3.85203e-17   0.00445285  9.69464e-18  0.000917256  1.64173e-18  0.000126867  1.84243e-19  1.13117e-05  1.27328e-20  5.75245e-07  4.38723e-22  1.09574e-08
-2.11697e-17  -0.00111103 -2.31789e-18     0.011086  6.91032e-17    0.0186892  7.48214e-17    0.0127131  3.85203e-17    0.0049846  1.21263e-17   0.00126295  2.52032e-18  0.000214275  3.50106e-19  2.40185e-05  3.12783e-20  1.65497e-06  1.59175e-21  5.68052e-08  3.03182e-23
-0.000700088 -1.59441e-17   0.00181656  1.56104e-17   0.00852881  4.09869e-17   0.00868062  3.00865e-17   0.00445285  1.21263e-17   0.00140351  3.11177e-18  0.000291753  5.31335e-19  4.04799e-05  5.97557e-20  3.60858e-06  4.12445e-21  1.83143e-07  1.41682e-22  3.47826e-09
-6.85998e-18 -0.000195907 -3.30358e-18   0.00252685  1.48995e-17   0.00448985   1.8064e-17   0.00316088  9.69464e-18   0.00126295  3.11177e-18  0.000323066  6.52578e-19  5.50429e-05  9.09661e-20  6.17714e-06  8.13048e-21   4.2542e-07  4.13275e-22   1.4582e-08  7.85604e-24
-0.000111947 -3.89192e-18  0.000367375  2.40552e-18   0.00168435  8.00441e-18   0.00175875   6.1364e-18  0.000917256  2.52032e-18  0.000291753  6.52578e-19  6.09229e-05   1.1188e-19  8.46911e-06  1.26003e-20  7.55327e-07    8.697e-22  3.83221e-08   2.9854e-23  7.27304e-10
 -1.2745e-18 -1.78362e-05   -7.212e-19  0.000419643   2.3642e-18  0.000747342   3.0066e-18  0.000532251  1.64173e-18  0.000214275  5.31335e-19  5.50429e-05   1.1188e-19  9.39822e-06  1.56247e-20  1.05575e-06  1.39751e-21  7.27357e-08  7.10426e-23  2.49327e-09  1.35022e-24
-1.24658e-05 -5.58212e-19  5.51336e-05  3.06379e-19  0.000231704  1.08993e-18  0.000242174  8.46854e-19  0.000126867  3.50106e-19  4.04799e-05  9.09661e-20  8.46911e-06  1.56247e-20  1.17868e-06  1.76152e-21    1.052e-07  1.21657e-22  5.34033e-09  4.17779e-24  1.01401e-10
-1.44273e-19 -2.09393e-07 -7.88022e-20  4.81895e-05  2.64011e-19  8.37844e-05  3.36386e-19  5.95934e-05  1.84243e-19  2.40185e-05  5.97557e-20  6.17714e-06  1.26003e-20  1.05575e-06  1.76152e-21    1.187e-07  1.57686e-22  8.18459e-09  8.02221e-24  2.80793e-10  1.52587e-25
-8.94995e-07 -4.79766e-20  5.54411e-06  2.93433e-20  2.09652e-05  9.78474e-20  2.16432e-05  7.56848e-20  1.13117e-05  3.12783e-20  3.60858e-06  8.13048e-21  7.55327e-07  1.39751e-21    1.052e-07  1.57686e-22  9.39796e-09  1.09007e-23  4.77576e-10  3.74728e-25  9.07872e-12
-9.63395e-21  1.14631e-07 -4.50465e-21  3.48025e-06  1.87876e-20  5.83543e-06  2.33621e-20  4.11621e-06  1.27328e-20  1.65497e-06  4.12445e-21   4.2542e-07    8.697e-22  7.27357e-08  1.21657e-22  8.18459e-09  1.09007e-23  5.64975e-10  5.55217e-25  1.94086e-11  1.05747e-26
-3.54206e-08 -2.24809e-21  3.20884e-07  1.71671e-21   1.0933e-06  5.07079e-21   1.1073e-06  3.86747e-21  5.75245e-07  1.59175e-21  1.83143e-07  4.13275e-22  3.83221e-08  7.10426e-23  5.34033e-09  8.02221e-24  4.77576e-10  5.55217e-25  2.43024e-11  1.91139e-26  4.62726e-13
-3.11877e-22   8.5805e-09  -1.0808e-22  1.26465e-07  6.77544e-22  2.03576e-07  8.12311e-22  1.41899e-07  4.38723e-22  5.68052e-08  1.41682e-22   1.4582e-08   2.9854e-23  2.49327e-09  4.17779e-24  2.80793e-10  3.74728e-25  1.94086e-11  1.91139e-26  6.67834e-13  3.64661e-28
-4.83913e-10 -3.80889e-23  6.93079e-09  3.81936e-23  2.14581e-08  9.89889e-23  2.12596e-08  7.41088e-23  1.09574e-08  3.03182e-23  3.47826e-09  7.85604e-24  7.27304e-10  1.35022e-24  1.01401e-10  1.52587e-25  9.07872e-12  1.05747e-26  4.62726e-13  3.64661e-28  8.82696e-15
