     0.01596  1.14309e-16   -0.0229288 -3.70925e-16  -0.00403482  1.52647e-16   0.00265871  5.74165e-19   0.00258532  9.66798e-17   0.00128417 -3.83441e-17  0.000419962 -5.57201e-17  5.69229e-05  1.43292e-17 -4.23677e-05  8.92312e-18 -4.63703e-05 -9.35307e-20 -2.97034e-05  -1.9331e-19 -1.54884e-05 -2.04761e-19 -7.15644e-06 -2.63763e-19 -3.04009e-06 -2.10052e-19 -1.21145e-06 -7.31738e-20 -4.58395e-07  6.82191e-22 -1.65927e-07  8.94407e-21 -5.76899e-08  4.56687e-21 -1.92939e-08   3.9437e-21 -6.20363e-09  3.71758e-21 -1.91397e-09  2.36923e-21 -5.65049e-10  1.00579e-21 -1.59123e-10  2.74013e-22 -4.26075e-11   3.6065e-23 -1.08144e-11 -1.29793e-24  -2.5942e-12  2.05971e-24 -5.86486e-13  3.09805e-24 -1.24598e-13  1.11258e-24 -2.47974e-14 -3.26567e-25 -4.60602e-15 -6.45361e-25 -7.94673e-16 -4.70117e-25 -1.26491e-16 -2.48243e-25 -1.83824e-17 -1.07666e-25 -2.39555e-18 -3.97741e-26 -2.70023e-19 -1.25406e-26 -2.39807e-20 -3.31819e-27 -1.07422e-21 -7.10225e-28  1.62259e-22 -1.13407e-28  5.81155e-23 -1.05011e-29  1.12289e-23  2.02222e-31  1.71768e-24  4.68875e-32  2.26336e-25 -1.38968e-31  2.65208e-26 -8.21569e-32    2.804e-27 -2.72963e-32  2.69402e-28 -6.31707e-33  2.35939e-29 -9.97643e-34  1.88477e-30 -6.35356e-35  1.37179e-31  2.27209e-35  9.07309e-33  1.10591e-35  5.43137e-34  3.05887e-36  2.92627e-35  6.63445e-37  1.40831e-36  1.21898e-37  5.99287e-38  1.94252e-38   2.2231e-39  2.68604e-39  7.03947e-41  3.18164e-40   1.8386e-42  3.15693e-41  3.70758e-44  2.54133e-42  4.82254e-46  1.58356e-43  4.22785e-49  7.05449e-45 -1.54588e-49  1.87412e-46 -3.92817e-51  9.62547e-49 -4.95989e-53 -9.40687e-50 -2.95743e-55 -1.68474e-51
 1.14309e-16    0.0486674  3.11969e-16   -0.0317172 -6.23962e-16   -0.0161525     6.46e-17 -0.000918526  8.89915e-17   0.00339718  1.68768e-16   0.00281793 -8.55657e-17   0.00145333 -8.22325e-17  0.000550645  1.25005e-17   0.00013934  1.15748e-17  1.13059e-06  2.14313e-18 -2.63893e-05   4.5721e-19 -2.14855e-05 -4.29916e-19  -1.2391e-05 -8.30093e-19 -6.05764e-06 -6.16124e-19 -2.65849e-06 -2.41271e-19 -1.07464e-06 -5.42826e-20 -4.05425e-07  -8.4929e-21  -1.4375e-07  4.40065e-21 -4.80656e-08  1.16844e-20 -1.51741e-08  1.15057e-20 -4.52161e-09  7.01831e-21 -1.27012e-09  2.98024e-21 -3.35625e-10  9.21169e-22 -8.31945e-11  2.29084e-22 -1.92727e-11  7.10902e-23 -4.15144e-12  3.60492e-23 -8.25438e-13  1.64784e-23 -1.49762e-13  3.63447e-24 -2.42959e-14 -1.58633e-24 -3.37813e-15 -2.26024e-24 -3.57638e-16 -1.50791e-24 -1.35329e-17 -7.56182e-25  6.22964e-18 -3.13979e-25  2.34862e-18 -1.10893e-25  5.56383e-19 -3.33288e-26   1.0752e-19 -8.39962e-27  1.81495e-20 -1.72149e-27  2.75127e-21 -2.70609e-28  3.79617e-22 -2.94206e-29  4.80145e-23 -2.58108e-30  5.58722e-24 -1.02072e-30  5.99087e-25 -6.00818e-31  5.91952e-26 -2.31536e-31  5.38401e-27 -6.28856e-32  4.49772e-28 -1.22936e-32  3.43945e-29 -1.48506e-33  2.39628e-30  3.56691e-35  1.51105e-31  8.03716e-35  8.54415e-33   2.7737e-35  4.27256e-34  6.75296e-36  1.84737e-35  1.34903e-36  6.61896e-37  2.31296e-37   1.7681e-38  3.44079e-38   2.0938e-40  4.41302e-39  -1.0953e-41  4.79584e-40 -9.31015e-43  4.30049e-41 -4.11782e-44  3.06281e-42   -1.303e-45  1.63224e-43  -3.0962e-47  5.80689e-45 -5.43881e-49   9.6862e-47  -6.6421e-51  -1.3139e-48 -4.90455e-53 -7.58285e-50 -1.41816e-55
  -0.0229288  3.11969e-16    0.0718061   4.8089e-16   -0.0220004 -6.47613e-16   -0.0250104 -9.35102e-17  -0.00824334  2.14176e-16   0.00111776  1.91182e-16   0.00317623 -1.24332e-16   0.00239134 -9.17147e-17   0.00127185  2.86239e-18  0.000541342  1.08355e-17  0.000187025  5.11126e-18  4.83594e-05  1.79394e-18  5.15772e-06 -7.32469e-19 -3.92283e-06 -1.65078e-18 -3.66219e-06 -1.20075e-18 -2.05809e-06  -5.4247e-19 -9.39835e-07 -2.00092e-19 -3.75665e-07 -6.59168e-20 -1.35254e-07 -1.85432e-21 -4.44032e-08  2.47506e-20 -1.33461e-08  2.46379e-20 -3.66654e-09  1.46774e-20 -9.13678e-10  6.36023e-21 -2.03008e-10  2.22472e-21 -3.87015e-11  7.44664e-22 -5.68476e-12  2.93457e-22 -3.46851e-13  1.27482e-22  1.56347e-13  4.51514e-23  8.45969e-14  7.07205e-24  2.75837e-14 -4.81564e-24  7.28906e-15  -5.4546e-24  1.68124e-15 -3.36383e-24  3.48753e-16 -1.59846e-24   6.6035e-17 -6.32091e-25  1.15066e-17 -2.12458e-25  1.85385e-18 -6.06911e-26  2.76894e-19  -1.4552e-26    3.839e-20 -2.86037e-27  4.94208e-21 -4.46982e-28  5.90379e-22 -5.71466e-29  6.53539e-23 -9.43911e-30  6.68858e-24 -3.38563e-30  6.30743e-25 -1.33889e-30  5.45419e-26 -4.11159e-31  4.29464e-27 -9.44906e-32  3.04676e-28 -1.52612e-32   1.9139e-29 -1.09125e-33  1.03063e-30  3.09766e-34  4.41149e-32  1.62074e-34  1.12814e-33  4.59184e-35 -2.88925e-35  1.00966e-35 -6.37503e-36  1.86997e-36 -5.29779e-37  2.99133e-37 -3.21082e-38  4.13951e-38 -1.57309e-39  4.89698e-39 -6.41526e-41  4.84646e-40 -2.18861e-42   3.8882e-41 -6.19514e-44  2.41288e-42 -1.42674e-45  1.06914e-43 -2.58456e-47  2.81245e-45 -3.48106e-49  1.30912e-47 -3.14824e-51 -1.46096e-48 -1.51508e-53 -2.58222e-50
-3.70925e-16   -0.0317172   4.8089e-16    0.0720225  5.16313e-16  -0.00577457 -5.24168e-16   -0.0259187 -1.24639e-16   -0.0147415  3.41415e-16  -0.00314984  1.70347e-16   0.00183156 -1.38215e-16   0.00253478 -9.02532e-17   0.00179119 -6.85866e-18  0.000977275   1.0426e-17  0.000453595  8.97303e-18  0.000186394   3.7093e-18  6.92586e-05 -9.43186e-19  2.36054e-05 -2.46445e-18  7.48644e-06  -1.8498e-18  2.25637e-06  -9.6475e-19  6.69015e-07 -4.38188e-19  2.04716e-07 -1.57745e-19  6.73202e-08 -8.83338e-21  2.38203e-08  4.52673e-20  8.72568e-09  4.34933e-20   3.1588e-09  2.54575e-20  1.09409e-09  1.13848e-20  3.56468e-10  4.43366e-21  1.08463e-10  1.73045e-21  3.07485e-11  7.19468e-22  8.12057e-12  2.85231e-22  1.99926e-12  8.63074e-23  4.59262e-13  8.54529e-24  9.85169e-14 -1.12886e-23  1.97458e-14 -1.05479e-23  3.69903e-15 -6.01741e-24  6.47646e-16 -2.69922e-24  1.05941e-16 -1.01212e-24  1.61778e-17 -3.22686e-25  2.30329e-18 -8.74453e-26  3.05163e-19 -1.99447e-26  3.75223e-20 -3.77474e-27  4.26529e-21 -5.95241e-28  4.45728e-22 -8.95173e-29  4.24574e-23 -1.95052e-29  3.63552e-24 -6.47168e-30  2.72847e-25 -2.09636e-30  1.69786e-26 -5.44761e-31  7.35452e-28 -1.06325e-31 -7.31431e-31 -1.31964e-32 -4.58969e-30  1.78794e-34 -6.33969e-31   6.7095e-34 -6.07401e-32  2.37999e-34  -4.7496e-33  5.87646e-35 -3.17919e-34  1.18405e-35 -1.85404e-35  2.03958e-36 -9.47297e-37  3.03888e-37 -4.23675e-38  3.89466e-38 -1.64974e-39   4.2226e-39 -5.54016e-41  3.77331e-40 -1.58207e-42  2.67537e-41  -3.7643e-44  1.41734e-42 -7.24342e-46  4.99377e-44  -1.0768e-47  8.07697e-46 -1.14603e-49 -1.25162e-47 -7.52522e-52 -6.75239e-49 -1.95959e-54
 -0.00403482 -6.23962e-16   -0.0220004  5.16313e-16    0.0603236  3.99007e-16   0.00627338  -3.9298e-16   -0.0217951  1.60927e-17   -0.0182602  4.42411e-16  -0.00755248  1.41026e-16  -0.00070355 -1.24709e-16   0.00168899 -8.02105e-17   0.00178063 -9.72037e-18   0.00120604  1.41415e-17  0.000667386  1.46246e-17  0.000325201  6.40241e-18   0.00014472  -6.5752e-19   6.0143e-05 -2.95096e-18  2.37017e-05  -2.4348e-18  8.95359e-06 -1.45299e-18  3.26464e-06 -7.25692e-19   1.1526e-06 -2.55258e-19  3.93967e-07 -4.39148e-21  1.30025e-07   7.5886e-20   4.1266e-08  6.79127e-20  1.25362e-08  3.91515e-20  3.62965e-09  1.81316e-20  9.97865e-10   7.6555e-21  2.59698e-10   3.2139e-21  6.38275e-11  1.32902e-21   1.4786e-11  4.85575e-22  3.22323e-12  1.26853e-22  6.60238e-13  3.33143e-24  1.26894e-13 -2.19202e-23   2.2846e-14 -1.73104e-23  3.84558e-15 -9.12592e-24  6.03685e-16   -3.851e-24  8.80818e-17 -1.36481e-24  1.18879e-17 -4.11786e-25  1.47352e-18 -1.05749e-25  1.65815e-19 -2.29709e-26  1.65961e-20 -4.21584e-27  1.41563e-21 -6.84027e-28  9.13756e-23 -1.19956e-28  2.09392e-24 -2.99019e-29  -5.7895e-25 -9.17101e-30 -1.29992e-25 -2.56828e-30 -1.81563e-26 -5.75187e-31 -2.04509e-27 -9.30781e-32 -1.98595e-28 -6.94427e-33 -1.70613e-29  1.79911e-33 -1.31144e-30   9.7577e-34 -9.06056e-32  2.80225e-34 -5.63032e-33  6.21414e-35 -3.14088e-34  1.15681e-35 -1.56661e-35  1.85465e-36 -6.94459e-37  2.56617e-37 -2.71371e-38  3.02978e-38 -9.24838e-40  2.98856e-39 -2.71061e-41  2.38684e-40 -6.70551e-43  1.47231e-41  -1.3642e-44   6.4648e-43 -2.19749e-46  1.66702e-44 -2.64043e-48   5.8928e-47 -2.12936e-50 -9.38363e-48 -9.08076e-53 -1.61367e-49
 1.52647e-16   -0.0161525 -6.47613e-16  -0.00577457  3.99007e-16    0.0493626  1.53417e-16    0.0128087 -2.99785e-16   -0.0163465  2.28493e-16   -0.0191137  4.92514e-16   -0.0110099  1.23727e-16  -0.00364448 -9.42606e-17  7.54217e-05 -6.25901e-17   0.00115696 -2.57279e-18   0.00107273  2.36157e-17  0.000702889  2.23982e-17  0.000386883  1.00784e-17  0.000189874  4.34133e-19    8.552e-05 -2.96129e-18  3.59247e-05 -2.89474e-18  1.42079e-05 -1.93642e-18  5.31824e-06 -9.95417e-19  1.88887e-06 -3.20647e-19  6.36982e-07  2.38835e-20  2.03855e-07  1.17911e-19  6.18395e-08  9.69626e-20  1.77537e-08  5.51752e-20  4.81566e-09  2.63534e-20    1.232e-09   1.1704e-20  2.96744e-10  5.02912e-21  6.71668e-11  2.01126e-21  1.42567e-11  6.74573e-22  2.83068e-12  1.47654e-22  5.24058e-13 -1.27843e-23  9.00703e-14 -3.64035e-23  1.42795e-14 -2.47977e-23  2.06712e-15 -1.20765e-23  2.68447e-16  -4.7825e-24  3.01788e-17 -1.59841e-24    2.678e-18 -4.55728e-25  1.21107e-19 -1.10894e-25  -1.7666e-20  -2.3012e-26 -6.38735e-21 -4.14111e-27 -1.23699e-21 -7.06048e-28 -1.89632e-22 -1.41387e-28  -2.5061e-23 -3.72239e-29 -2.94848e-24 -1.05074e-29 -3.13441e-25 -2.58772e-30 -3.03284e-26  -4.9715e-31 -2.68009e-27 -6.18822e-32 -2.16517e-28  6.90308e-34 -1.59807e-29  3.11699e-33 -1.07548e-30  1.11809e-33  -6.5788e-32  2.78121e-34 -3.64214e-33  5.63195e-35 -1.81469e-34  9.72687e-36  -8.0802e-36  1.44984e-36 -3.18696e-37  1.85534e-37 -1.10115e-38  2.00546e-38 -3.28628e-40  1.78427e-39 -8.31721e-42  1.25769e-40 -1.74144e-43  6.60704e-42 -2.91217e-45  2.29262e-43 -3.68682e-47  3.50794e-45 -3.22926e-49 -6.75186e-47 -1.63666e-51 -3.29924e-48  -2.8437e-54
  0.00265871     6.46e-17   -0.0250104 -5.24168e-16   0.00627338  1.53417e-16     0.042498 -1.70289e-16    0.0162085 -2.32334e-16   -0.0112161  3.88705e-16   -0.0182504  4.78926e-16   -0.0132217  1.11536e-16  -0.00638429 -6.33967e-17  -0.00192065 -4.10444e-17   4.5233e-05   1.2784e-17   0.00056285  3.73398e-17  0.000505836  3.13735e-17  0.000323237  1.44341e-17  0.000173585  2.16207e-18  8.28381e-05 -2.66182e-18  3.60454e-05 -3.27112e-18  1.44971e-05 -2.35719e-18   5.4301e-06 -1.18491e-18  1.90204e-06 -3.24668e-19  6.24304e-07  8.18268e-20   1.9214e-07  1.69698e-19  5.54304e-08  1.28711e-19  1.49733e-08  7.23971e-20  3.78034e-09  3.53053e-20   8.8963e-10  1.60306e-20  1.94365e-10  6.82891e-21  3.91857e-11  2.59531e-21  7.21953e-12  7.88806e-22  1.19483e-12  1.32764e-22   1.7156e-13  -4.0544e-23  1.95341e-14 -5.27035e-23  1.16066e-15 -3.15184e-23 -2.00866e-16  -1.4189e-23 -9.57479e-17 -5.26599e-24 -2.40535e-17 -1.65747e-24  -4.7895e-18 -4.46271e-25 -8.25366e-19  -1.0301e-25 -1.27288e-19 -2.05358e-26 -1.78492e-20 -3.67927e-27 -2.29503e-21 -6.70933e-28 -2.71812e-22 -1.48625e-28 -2.97208e-23 -3.92758e-29 -3.00277e-24 -1.01394e-29 -2.80253e-25 -2.19603e-30 -2.41356e-26 -3.51286e-31 -1.91436e-27 -2.60488e-32 -1.39475e-28  6.87344e-33 -9.30192e-30  3.73223e-33   -5.654e-31  1.07671e-33 -3.11516e-32  2.39742e-34 -1.54526e-33  4.47466e-35 -6.84256e-35  7.17955e-36 -2.67552e-36  9.92352e-37 -9.10737e-38  1.16853e-37 -2.64717e-39  1.14793e-38 -6.38927e-41   9.1169e-40 -1.22472e-42  5.58004e-41 -1.71162e-44  2.41951e-42 -1.36655e-46  6.05324e-44  2.70106e-49  1.05124e-46  2.06597e-50  -3.8363e-47   1.8893e-52 -6.35772e-49
 5.74165e-19 -0.000918526 -9.35102e-17   -0.0259187  -3.9298e-16    0.0128087 -1.70289e-16    0.0384397 -4.85319e-16    0.0182515 -1.82707e-16    -0.006712  4.34104e-16   -0.0163727  4.04918e-16   -0.0142343  8.62102e-17  -0.00854676 -4.61324e-17  -0.00390582 -2.14041e-17  -0.00130714   3.0997e-17 -0.000210595  5.15048e-17  0.000113213  3.96072e-17  0.000140267  1.84783e-17  9.34112e-05  3.81641e-18  4.92217e-05 -2.46193e-18  2.24038e-05  -3.6623e-18  9.11399e-06 -2.67666e-18  3.36713e-06 -1.25467e-18  1.13842e-06 -2.56675e-19  3.53227e-07   1.6605e-19  1.00491e-07  2.26551e-19  2.60864e-08  1.60253e-19  6.11362e-09  8.90359e-20  1.26544e-09  4.37351e-20  2.19858e-10  1.98226e-20  2.72626e-11  8.19216e-21  1.77322e-13  2.91602e-21 -1.29071e-12    7.836e-22 -5.37933e-13  7.82127e-23 -1.57121e-13 -7.57044e-23 -3.84029e-14 -6.74454e-23 -8.29504e-15 -3.59338e-23 -1.62176e-15  -1.4976e-23 -2.90585e-16 -5.20589e-24 -4.80573e-17 -1.54209e-24 -7.36669e-18 -3.92184e-25 -1.04927e-18 -8.61069e-26 -1.39049e-19 -1.66389e-26 -1.71524e-20 -3.02322e-27 -1.96909e-21   -5.947e-28 -2.10208e-22 -1.40345e-28 -2.08401e-23 -3.59557e-29 -1.91513e-24 -8.41413e-30 -1.62729e-25 -1.57948e-30 -1.27445e-26 -1.93733e-31 -9.16278e-28   2.9396e-33 -6.01683e-29  1.01158e-32 -3.58509e-30  3.61893e-33 -1.92158e-31  9.01872e-34 -9.15453e-33  1.82993e-34 -3.80826e-34  3.16318e-35 -1.34346e-35  4.71166e-36 -3.79358e-37   6.0159e-37 -7.29399e-39  6.47847e-38 -1.75019e-41  5.73385e-39  5.59894e-42  4.01267e-40   2.7367e-43  2.08531e-41  7.95617e-45  7.08639e-43  1.59332e-46  9.95556e-45   2.1625e-48 -2.53998e-46  1.76487e-50 -1.11086e-47  5.67317e-53
  0.00258532  8.89915e-17  -0.00824334 -1.24639e-16   -0.0217951 -2.99785e-16    0.0162085 -4.85319e-16    0.0358389 -6.96658e-16    0.0197152 -1.51261e-16  -0.00273686  3.73814e-16   -0.0138667  2.86867e-16   -0.0141719  3.72629e-17  -0.00991078 -4.80626e-17  -0.00553747 -8.53185e-18   -0.0026068  4.60976e-17  -0.00105406  6.19763e-17  -0.00036561  4.49362e-17 -0.000106054  2.08545e-17 -2.37518e-05  4.48012e-18 -2.91576e-06 -2.76766e-18  5.57806e-07 -4.12935e-18  4.70248e-07 -2.86231e-18  1.35766e-07 -1.19103e-18 -2.04653e-09 -1.24555e-19 -2.62246e-08  2.65793e-19  -1.8323e-08  2.81832e-19 -8.86345e-09  1.87994e-19 -3.52763e-09  1.02801e-19 -1.22426e-09  5.01322e-20 -3.80783e-10  2.22518e-20 -1.07783e-10  8.77857e-21 -2.80288e-11  2.88071e-21 -6.73823e-12  6.53119e-22 -1.50395e-12 -5.02666e-24  -3.1258e-13 -1.10202e-22 -6.06228e-14 -7.71364e-23 -1.09867e-14 -3.70485e-23 -1.86223e-15 -1.43219e-23 -2.95341e-16 -4.66323e-24 -4.38279e-17 -1.30005e-24 -6.08365e-18 -3.12702e-25 -7.89328e-19 -6.56288e-26 -9.56205e-20  -1.2449e-26 -1.07989e-20 -2.33704e-27 -1.13465e-21 -4.93755e-28 -1.10624e-22  -1.1951e-28 -9.97374e-24 -2.89347e-29 -8.27812e-25 -6.05475e-30 -6.28703e-26 -9.49005e-31  -4.3323e-27 -6.71592e-32 -2.67461e-28  1.98151e-32 -1.44893e-29  1.04708e-32 -6.61958e-31  3.01225e-33 -2.31007e-32  6.71018e-34 -3.85079e-34  1.25307e-34  2.30171e-35  2.00953e-35  2.84068e-36  2.77231e-36  1.82522e-37  3.25361e-37  8.74371e-39  3.18086e-38  3.34816e-40  2.50957e-39  1.03937e-41  1.52145e-40  2.59159e-43  6.49163e-42  5.05003e-45  1.55789e-43  7.30736e-47 -1.35259e-46  7.12779e-49 -1.14834e-46  3.73405e-51  -1.8243e-48
 9.66798e-17   0.00339718  2.14176e-16   -0.0147415  1.60927e-17   -0.0163465 -2.32334e-16    0.0182515 -6.96658e-16     0.034084 -7.53809e-16     0.020936 -1.32051e-16  0.000874372  2.54522e-16   -0.0109137  1.47617e-16   -0.0131418 -3.15412e-17    -0.010348 -6.58511e-17  -0.00654717  -4.1989e-18  -0.00357829  5.40458e-17  -0.00175524  6.60113e-17  -0.00079282  4.57931e-17 -0.000336439  2.04396e-17 -0.000136384  3.51737e-18 -5.35034e-05 -3.73271e-18 -2.04738e-05 -4.62612e-18 -7.65701e-06 -2.87776e-18 -2.78925e-06 -1.00174e-18 -9.83075e-07  5.10037e-20 -3.32713e-07  3.66696e-19 -1.07397e-07  3.28372e-19 -3.28899e-08  2.08146e-19 -9.52072e-09  1.11354e-19 -2.59871e-09   5.3178e-20 -6.67849e-10   2.2766e-20 -1.61454e-10  8.45423e-21 -3.66984e-11  2.50316e-21 -7.84036e-12  4.31972e-22   -1.574e-12 -9.55595e-23 -2.96843e-13 -1.35423e-22 -5.25696e-14 -7.95577e-23 -8.73746e-15 -3.47704e-23  -1.3619e-15 -1.24929e-23 -1.98867e-16 -3.81204e-24 -2.71659e-17 -1.00096e-24 -3.46522e-18 -2.28337e-25 -4.11733e-19 -4.61694e-26 -4.54212e-20 -8.73561e-27 -4.63146e-21 -1.71842e-27 -4.33757e-22 -3.83349e-28 -3.69606e-23 -9.19399e-29 -2.82196e-24 -2.05899e-29 -1.87724e-25 -3.76408e-30 -1.02188e-26  -4.4851e-31 -3.68649e-28  1.13048e-32  4.05598e-30  2.52689e-32  2.30042e-30  8.91882e-33  2.64471e-31  2.21695e-33   2.1701e-32  4.49616e-34   1.4547e-33  7.76709e-35  8.29366e-35  1.15504e-35  4.07547e-36  1.47041e-36  1.72866e-37  1.57651e-37  6.29248e-39  1.38685e-38  1.94228e-40  9.62339e-40   4.9886e-42   4.9355e-41  1.03636e-43   1.6327e-42  1.66699e-45   2.0202e-44  1.92981e-47 -7.25964e-46  1.39167e-49 -2.84459e-47  4.04203e-52
  0.00128417  1.68768e-16   0.00111776  3.41415e-16   -0.0182602  2.28493e-16   -0.0112161 -1.82707e-16    0.0197152 -7.53809e-16    0.0329328 -6.71301e-16    0.0221052 -1.14734e-16   0.00428535  1.22177e-16  -0.00758217  9.00254e-18   -0.0112261 -1.07169e-16  -0.00980335 -9.12038e-17  -0.00676453 -7.25848e-18  -0.00402119  5.36672e-17   -0.0021458    6.288e-17  -0.00105289  4.16664e-17 -0.000482403  1.68538e-17 -0.000208424   9.0625e-19 -8.54159e-05 -5.16331e-18 -3.32966e-05 -5.00477e-18 -1.23537e-05 -2.69164e-18 -4.35901e-06 -7.12018e-19 -1.46051e-06  2.42909e-19 -4.63855e-07   4.5421e-19 -1.39409e-07    3.597e-19 -3.95913e-08  2.17462e-19 -1.06118e-08  1.12983e-19 -2.68187e-09  5.21992e-20 -6.38574e-10  2.12801e-20 -1.43155e-10   7.3295e-21 -3.01949e-11  1.89109e-21 -5.98798e-12  1.79056e-22 -1.11552e-12 -1.70677e-22 -1.95011e-13 -1.45671e-22 -3.19469e-14 -7.45554e-23 -4.89544e-15 -2.98671e-23 -6.99968e-16 -9.99435e-24 -9.30706e-17 -2.86066e-24 -1.14522e-17 -7.08686e-25 -1.29472e-18 -1.54047e-25 -1.32945e-19 -3.03463e-26 -1.21503e-20 -5.82779e-27 -9.48038e-22  -1.2069e-27 -5.63675e-23 -2.77034e-28 -1.30044e-24 -6.38958e-29  2.70639e-25 -1.29443e-29  5.67233e-26 -1.97553e-30  7.20837e-27 -1.27839e-31  7.33117e-28  4.59279e-32  6.39268e-29   2.3161e-32  4.90438e-30  6.60693e-33  3.34574e-31  1.46823e-33  2.03664e-32  2.73851e-34   1.1054e-33   4.3847e-35  5.32897e-35  6.03304e-36  2.26676e-36  7.05226e-37  8.42676e-38  6.85639e-38  2.70212e-39  5.36822e-39  7.34103e-41  3.21817e-40  1.64809e-42  1.34621e-41  2.94872e-44   3.0568e-43  3.97283e-46 -1.38483e-45   3.6451e-48 -2.69904e-46  1.80949e-50 -4.10195e-48
-3.83441e-17   0.00281793  1.91182e-16  -0.00314984  4.42411e-16   -0.0191137  3.88705e-16    -0.006712 -1.51261e-16     0.020936 -6.71301e-16    0.0322818 -5.06233e-16    0.0233585 -9.55679e-17   0.00764124  2.51734e-18  -0.00389488 -1.13634e-16  -0.00851265 -1.75807e-16  -0.00830929 -1.15883e-16  -0.00614629 -1.51249e-17  -0.00385542  4.60972e-17  -0.00214887  5.35188e-17  -0.00109076  3.31496e-17 -0.000511575  1.06382e-17 -0.000223649 -2.75045e-18 -9.16216e-05 -6.61584e-18 -3.52784e-05 -5.09025e-18 -1.27872e-05 -2.29971e-18  -4.3659e-06 -3.62025e-19 -1.40427e-06  4.22849e-19 -4.25427e-07  5.16019e-19  -1.2135e-07  3.71138e-19  -3.2576e-08  2.14097e-19 -8.22567e-09  1.07198e-19 -1.95246e-09  4.74059e-20 -4.35295e-10  1.81846e-20 -9.10609e-11  5.70012e-21 -1.78497e-11  1.19835e-21 -3.27242e-12 -4.64341e-23 -5.59644e-13 -2.14934e-22 -8.89459e-14 -1.40011e-22 -1.30638e-14 -6.38817e-23 -1.75752e-15 -2.35915e-23 -2.13322e-16 -7.36699e-24 -2.26865e-17 -1.98089e-24 -1.97132e-18 -4.64382e-25 -1.07741e-19 -9.68941e-26  4.75679e-21 -1.88663e-26  2.58753e-21 -3.73317e-27  4.97731e-22 -8.07999e-28   7.2327e-23 -1.85283e-28  8.91961e-24 -4.00092e-29  9.71542e-25 -7.11317e-30   9.5112e-26 -8.12502e-31  8.43827e-27  3.39627e-32  6.80885e-28  5.12234e-32  5.00086e-29  1.77005e-32  3.33942e-30  4.37372e-33  2.02199e-31   8.8489e-34  1.10551e-32   1.5258e-34  5.42708e-34  2.26339e-35  2.37458e-35  2.87098e-36  9.17271e-37  3.06263e-37  3.09013e-38  2.67563e-38  8.93402e-40  1.83854e-39  2.16929e-41  9.28257e-41  4.29173e-43  2.96899e-42  6.61267e-45  3.02619e-44  7.36716e-47 -1.65477e-45  5.13156e-49 -5.85392e-47  1.44352e-51
 0.000419962 -8.55657e-17   0.00317623  1.70347e-16  -0.00755248  4.92514e-16   -0.0182504  4.34104e-16  -0.00273686 -1.32051e-16    0.0221052 -5.06233e-16    0.0320935  -3.2333e-16    0.0247987 -8.18991e-17    0.0110476 -9.88215e-17  0.000109201 -2.13095e-16  -0.00514275 -2.28613e-16  -0.00601323 -1.34764e-16  -0.00479646 -2.51778e-17  -0.00314062  3.36097e-17  -0.00179595  3.98153e-17 -0.000923632  2.17057e-17   -0.0004342  3.06072e-18 -0.000188403 -6.49663e-18 -7.59117e-05 -7.60885e-18 -2.85098e-05  -4.7722e-18 -1.00037e-05 -1.74177e-18 -3.28409e-06 -1.92759e-21 -1.00942e-06  5.65743e-19 -2.90555e-07  5.43889e-19  -7.8307e-08  3.60829e-19 -1.97473e-08  1.98283e-19 -4.65421e-09  9.49667e-20 -1.02332e-09  3.98077e-20 -2.09299e-10  1.41814e-20 -3.96462e-11  3.92995e-21 -6.90666e-12  5.68383e-22 -1.09345e-12 -2.04671e-22 -1.53871e-13  -2.2424e-22 -1.83268e-14 -1.21845e-22 -1.59192e-15 -5.03117e-23 -2.12842e-17 -1.72059e-23  3.08075e-17 -5.02429e-24  9.07274e-18 -1.27196e-24  1.82715e-18 -2.83528e-25  3.05737e-19 -5.73797e-26  4.50087e-20 -1.12234e-26  5.97177e-21 -2.30668e-27    7.227e-22 -5.12411e-28  8.02759e-23 -1.13958e-28  8.21049e-24 -2.24111e-29   7.7422e-25 -3.31307e-30  6.73054e-26 -1.85324e-31  5.38837e-27  8.86072e-32  3.96491e-28  4.21753e-32  2.67397e-29  1.18814e-32  1.64675e-30  2.62823e-33  9.21795e-32  4.88956e-34  4.66309e-33  7.80914e-35  2.11666e-34   1.0709e-35   8.5451e-36  1.24607e-36  3.03413e-37   1.2039e-37  9.34105e-39  9.34471e-39  2.44706e-40  5.52965e-40  5.31686e-42  2.25868e-41  9.23515e-44  4.76738e-43  1.21111e-45 -4.62841e-45  1.08397e-47 -5.19492e-46  5.25827e-50 -7.55494e-48
-5.57201e-17   0.00145333 -1.24332e-16   0.00183156  1.41026e-16   -0.0110099  4.78926e-16   -0.0163727  3.73814e-16  0.000874372 -1.14734e-16    0.0233585  -3.2333e-16    0.0323604 -1.73077e-16     0.026485 -8.73273e-17    0.0145364  -1.8683e-16   0.00431698 -2.88596e-16  -0.00135442 -2.62916e-16  -0.00319025 -1.46175e-16  -0.00295709 -3.54436e-17  -0.00205736  1.86417e-17  -0.00120716  2.40038e-17 -0.000624539  9.27565e-18 -0.000291265 -4.32189e-18 -0.000123983 -9.40568e-18 -4.85327e-05 -7.82496e-18 -1.75504e-05 -4.05988e-18  -5.8785e-06 -1.09864e-18 -1.82602e-06  3.17353e-19 -5.26001e-07  6.53902e-19 -1.40323e-07  5.35081e-19 -3.45628e-08  3.30358e-19 -7.81649e-09  1.72441e-19  -1.6069e-09  7.84386e-20 -2.94646e-10  3.08592e-20 -4.62484e-11  1.00387e-20 -5.52985e-12  2.33312e-21 -2.39303e-13  9.38765e-23  1.21399e-13 -2.83098e-22  5.19619e-14 -2.04616e-22  1.39705e-14 -9.69014e-23  3.07181e-15 -3.65855e-23  5.92064e-16 -1.16294e-23  1.02921e-16 -3.18281e-24  1.63676e-17 -7.61206e-25   2.4001e-18 -1.62494e-25  3.25993e-19 -3.23283e-26  4.11195e-20 -6.44744e-27  4.82297e-21 -1.37282e-27  5.26238e-22 -3.05231e-28  5.33968e-23 -6.39551e-29  5.03408e-24 -1.10485e-29  4.40319e-25 -1.19242e-30  3.56613e-26  7.93778e-32  2.66755e-27  8.70832e-32  1.83721e-28  2.93175e-32  1.16063e-29  7.18358e-33  6.69468e-31  1.44772e-33  3.50655e-32  2.48916e-34  1.65673e-33  3.68065e-35   7.0033e-35  4.64901e-36  2.62214e-36  4.93125e-37  8.58591e-38  4.27494e-38  2.41858e-39  2.90503e-39  5.73406e-41  1.44008e-40  1.10975e-42  4.41746e-42  1.67549e-44  3.25631e-44  1.83171e-46 -3.10807e-45  1.25351e-48 -1.00291e-46  3.46784e-51
 5.69229e-05 -8.22325e-17   0.00239134 -1.38215e-16  -0.00070355  1.23727e-16   -0.0132217  4.04918e-16   -0.0138667  2.54522e-16   0.00428535 -9.55679e-17    0.0247987 -1.73077e-16    0.0330682 -8.56777e-17    0.0284029 -1.23209e-16    0.0180264 -2.67555e-16   0.00850181  -3.4249e-16    0.0025059 -2.80227e-16 -0.000218208 -1.50596e-16 -0.000958882 -4.46372e-17 -0.000852071  3.32503e-18 -0.000544029   8.2884e-18 -0.000288345 -2.17349e-18 -0.000133237 -1.01495e-17 -5.48652e-05 -1.08908e-17 -2.03455e-05 -7.21093e-18 -6.82005e-06 -3.07653e-18 -2.06301e-06 -4.69728e-19 -5.58323e-07  5.55509e-19  -1.3239e-07  6.80158e-19 -2.61148e-08  4.92893e-19 -3.60378e-09  2.84556e-19  1.96706e-11  1.40592e-19  2.43285e-10   6.0301e-20  1.12199e-10  2.20126e-20  3.68587e-11  6.37347e-21  1.01776e-11  1.10099e-21  2.48985e-12 -1.95601e-22   5.5257e-13 -2.92451e-22   1.1266e-13  -1.6757e-22  2.12596e-14 -7.09089e-23  3.73047e-15 -2.46596e-23  6.10503e-16 -7.30935e-24  9.33569e-17 -1.88028e-24  1.33543e-17 -4.26948e-25  1.78788e-18 -8.81616e-26  2.24039e-19 -1.75088e-26  2.62679e-20 -3.59327e-27  2.87959e-21 -7.81971e-28  2.94835e-22 -1.69163e-28  2.81549e-23 -3.23714e-29  2.50312e-24 -4.61059e-30  2.06738e-25 -2.03344e-31  1.58211e-26  1.45435e-31  1.11837e-27  6.50579e-32  7.27575e-29  1.80513e-32  4.33735e-30  3.96831e-33  2.35714e-31  7.35593e-34  1.16058e-32  1.17098e-34  5.13873e-34   1.5995e-35   2.0275e-35  1.85151e-36  7.04775e-37  1.77644e-37  2.12738e-38  1.36558e-38   5.4717e-40   7.9615e-40  1.16869e-41  3.16091e-41  1.99777e-43  6.05056e-43  2.58097e-45 -1.04505e-44  2.27768e-47 -8.42295e-46  1.09026e-49 -1.17416e-47
 1.43292e-17  0.000550645 -9.17147e-17   0.00253478 -1.24709e-16  -0.00364448  1.11536e-16   -0.0142343  2.86867e-16   -0.0109137  1.22177e-16   0.00764124 -8.18991e-17     0.026485 -8.56777e-17    0.0341491 -7.22649e-17    0.0304255 -1.92013e-16    0.0213001 -3.42545e-16    0.0123246 -3.77245e-16   0.00602036 -2.83456e-16   0.00249051 -1.49173e-16  0.000859106 -5.19261e-17  0.000235681 -1.06033e-17  4.48907e-05 -5.40856e-18  2.97745e-06 -1.10748e-17 -7.26725e-07 -1.36129e-17   7.9211e-07 -1.08337e-17  1.30188e-06 -5.95435e-18   9.9055e-07 -2.00645e-18  5.54024e-07  5.67226e-20  2.56284e-07  6.91629e-19  1.03099e-07  6.48687e-19  3.70386e-08  4.25792e-19   1.2073e-08  2.30354e-19  3.60772e-09  1.07285e-19  9.95385e-10  4.30426e-20  2.54862e-10  1.43578e-20  6.07862e-11  3.53512e-21  1.35428e-11  2.88681e-22  2.82441e-12 -3.21534e-22  5.52267e-13 -2.56081e-22   1.0136e-13 -1.24996e-22  1.74749e-14 -4.79982e-23  2.83143e-15 -1.54598e-23  4.31247e-16  -4.2865e-24  6.17379e-17 -1.04037e-24  8.30532e-18 -2.25909e-25  1.04933e-18 -4.57087e-26  1.24418e-19 -9.19306e-27  1.38306e-20 -1.94089e-27  1.43958e-21  -4.2229e-28  1.40088e-22  -8.6267e-29  1.27217e-23 -1.44644e-29  1.07578e-24 -1.44876e-30  8.44967e-26  1.48853e-31   6.1461e-27  1.26974e-31  4.12565e-28  4.15386e-32  2.54534e-29   1.0076e-32  1.43639e-30  2.02047e-33  7.37206e-32  3.46128e-34  3.41767e-33   5.0986e-35  1.41936e-34  6.40934e-36  5.22693e-36  6.75578e-37  1.68509e-37  5.80668e-38  4.67788e-39  3.89695e-39  1.09391e-40  1.89119e-40   2.0899e-42  5.50777e-42  3.11702e-44  2.03273e-44  3.36859e-46 -4.92804e-45  2.28015e-48   -1.466e-46  6.24313e-51
-4.23677e-05  1.25005e-17   0.00127185 -9.02532e-17   0.00168899 -9.42606e-17  -0.00638429  8.62102e-17   -0.0141719  1.47617e-16  -0.00758217  2.51734e-18    0.0110476 -8.73273e-17    0.0284029 -7.22649e-17    0.0354363 -1.27152e-16    0.0322939 -2.85031e-16    0.0240221 -4.07636e-16    0.0153887 -3.93897e-16   0.00878275 -2.75119e-16   0.00458226 -1.42909e-16   0.00223355 -5.67179e-17   0.00103615 -2.17864e-17  0.000463881 -1.56753e-17   0.00020192 -1.65641e-17  8.54878e-05 -1.45779e-17  3.50263e-05 -9.52407e-18  1.37845e-05 -4.37637e-18  5.17239e-06 -1.02807e-18  1.83971e-06  4.26411e-19  6.17774e-07    7.268e-19  1.95386e-07  5.72943e-19  5.81324e-08  3.45221e-19  1.62641e-08  1.75062e-19  4.27917e-09  7.64777e-20  1.05914e-09  2.84146e-20  2.46719e-10   8.4594e-21  5.41143e-11  1.60265e-21  1.11806e-11 -1.52724e-22  2.17676e-12 -3.32429e-22  3.99433e-13 -1.98895e-22  6.90898e-14 -8.57376e-23  1.12643e-14 -3.01832e-23  1.73076e-15 -9.04386e-24  2.50531e-16 -2.35376e-24   3.4148e-17 -5.41867e-25  4.37978e-18 -1.13639e-25  5.28137e-19 -2.28623e-26  5.98122e-20 -4.70066e-27  6.35366e-21 -1.00976e-27  6.32107e-22 -2.13782e-28  5.87916e-23 -3.98676e-29  5.10145e-24 -5.43577e-30  4.11977e-25 -1.55019e-31  3.08768e-26  2.06309e-31  2.14066e-27  8.67575e-32  1.36762e-28  2.36714e-32  8.01563e-30  5.16581e-33  4.28724e-31  9.53328e-34   2.0795e-32  1.51168e-34  9.07835e-34  2.05564e-35  3.53445e-35   2.3659e-36  1.21322e-36  2.25268e-37  3.61873e-38  1.71315e-38  9.20301e-40  9.82079e-40  1.94475e-41  3.76947e-41  3.29085e-43  6.30442e-43  4.21081e-45 -1.83003e-44  3.68215e-47 -1.17431e-45  1.74725e-49 -1.57304e-47
 8.92312e-18   0.00013934  2.86239e-18   0.00179119 -8.02105e-17  7.54217e-05 -6.33967e-17  -0.00854676  3.72629e-17   -0.0131418  9.00254e-18  -0.00389488 -9.88215e-17    0.0145364 -1.23209e-16    0.0304255 -1.27152e-16    0.0366403 -2.30555e-16     0.033641 -3.84618e-16    0.0258101  -4.5496e-16    0.0173386 -3.92279e-16    0.0104992 -2.57028e-16   0.00584522 -1.32571e-16   0.00303334    -5.86e-17   0.00148068 -2.93029e-17  0.000683483 -2.18061e-17  0.000299049  -1.8576e-17  0.000124065 -1.34815e-17  4.87633e-05 -7.47999e-18   1.8135e-05 -2.80496e-18  6.37348e-06 -2.63785e-19  2.11463e-06  6.26774e-19  6.61913e-07  6.80086e-19  1.95397e-07  4.71375e-19  5.43928e-08  2.62773e-19  1.42792e-08  1.24741e-19   3.5358e-09  5.07908e-20  8.26026e-10  1.72306e-20  1.82107e-10  4.39052e-21  3.78949e-11  4.60163e-22   7.4442e-12 -3.24902e-22  1.38061e-12 -2.80631e-22  2.41726e-13 -1.40078e-22  3.99504e-14 -5.44383e-23  6.23085e-15 -1.76969e-23  9.16712e-16 -4.95238e-24  1.27158e-16 -1.21502e-24  1.66182e-17 -2.67281e-25  2.04446e-18 -5.48209e-26  2.36524e-19 -1.11193e-26  2.57004e-20 -2.33872e-27  2.61902e-21 -5.00976e-28  2.49881e-22 -1.00104e-28  2.22775e-23 -1.62596e-29  1.85158e-24 -1.47446e-30  1.43091e-25  2.30963e-31  1.02505e-26  1.61406e-31  6.78255e-28  5.12645e-32  4.12809e-29  1.22977e-32  2.29984e-30  2.45166e-33  1.16609e-31  4.18204e-34  5.34398e-33  6.13358e-35  2.19519e-34  7.66974e-36  8.00025e-36  8.02876e-37  2.55375e-37  6.83615e-38  7.02284e-39  4.52429e-39  1.62761e-40  2.14236e-40  3.08309e-42  5.84584e-42   4.5611e-44  -7.0915e-45  4.89101e-46 -6.72141e-45  3.28624e-48 -1.86185e-46  8.93515e-51
-4.63703e-05  1.15748e-17  0.000541342 -6.85866e-18   0.00178063 -6.25901e-17  -0.00192065 -4.61324e-17  -0.00991078 -3.15412e-17   -0.0112261 -1.13634e-16  0.000109201  -1.8683e-16    0.0180264 -1.92013e-16    0.0322939 -2.30555e-16    0.0373716 -3.53419e-16     0.034069 -4.69691e-16    0.0263458 -4.76619e-16    0.0179668 -3.72492e-16    0.0110646 -2.30905e-16   0.00624885 -1.18929e-16   0.00326958 -5.74066e-17   0.00159546 -3.27873e-17  0.000729094 -2.38764e-17    0.0003128 -1.77173e-17  0.000126171  -1.1083e-17  4.78869e-05  -5.2445e-18  1.71107e-05 -1.48136e-18   5.7581e-06  2.38832e-19  1.82562e-06  6.80295e-19  5.45541e-07  5.80338e-19   1.5371e-07  3.62541e-19  4.08516e-08  1.87759e-19  1.02453e-08  8.31932e-20  2.42555e-09  3.12934e-20  5.42254e-10  9.47914e-21  1.14503e-10  1.88843e-21   2.2842e-11 -1.01551e-22  4.30514e-12 -3.36261e-22  7.66613e-13  -2.0755e-22  1.28957e-13 -9.05991e-23  2.04878e-14 -3.21557e-23  3.07298e-15 -9.70599e-24  4.34935e-16 -2.54708e-24  5.80502e-17 -5.92423e-25  7.30043e-18  -1.2577e-25  8.64233e-19 -2.55892e-26  9.61933e-20 -5.28098e-27   1.0053e-20 -1.12517e-27  9.84875e-22 -2.34088e-28  9.02818e-23 -4.25657e-29  7.72711e-24 -5.50977e-30  6.15961e-25 -4.40536e-32  4.55998e-26   2.5612e-31  3.12466e-27  1.01552e-31  1.97422e-28  2.72269e-32  1.14494e-29  5.89397e-33  6.06253e-31  1.08223e-33  2.91256e-32  1.70851e-34  1.25994e-33  2.31179e-35  4.86269e-35  2.64409e-36  1.65529e-36  2.49662e-37  4.89817e-38  1.87628e-38  1.23624e-39  1.05525e-39  2.59347e-41  3.88999e-41  4.35824e-43  5.33967e-43  5.53971e-45  -2.6369e-44  4.81297e-47 -1.43007e-45  2.27014e-49 -1.84611e-47
-9.35307e-20  1.13059e-06  1.08355e-17  0.000977275 -9.72037e-18   0.00115696 -4.10444e-17  -0.00390582 -4.80626e-17    -0.010348 -1.07169e-16  -0.00851265 -2.13095e-16   0.00431698 -2.67555e-16    0.0213001 -2.85031e-16     0.033641 -3.53419e-16    0.0372196 -4.64703e-16    0.0332655 -5.22278e-16     0.025485 -4.68318e-16    0.0172832 -3.36443e-16    0.0105827 -1.99026e-16   0.00592652 -1.02965e-16     0.003062 -5.33183e-17   0.00146819 -3.25004e-17  0.000656027 -2.26316e-17  0.000273957 -1.49815e-17  0.000107149 -8.18617e-18  3.93142e-05 -3.23596e-18  1.35496e-05 -5.22609e-19  4.39131e-06  4.97294e-19  1.33956e-06  6.29533e-19  3.84941e-07  4.57371e-19  1.04282e-07  2.61234e-19  2.66499e-08  1.25859e-19  6.42825e-09  5.17934e-20  1.46423e-09  1.77602e-20  3.15069e-10  4.61421e-21  6.40623e-11  5.41172e-22  1.23104e-11 -2.99321e-22  2.23585e-12 -2.73689e-22  3.83782e-13 -1.38571e-22  6.22473e-14 -5.42539e-23  9.53708e-15 -1.77402e-23  1.37967e-15 -4.99536e-24  1.88341e-16 -1.23512e-24  2.42439e-17 -2.74434e-25  2.94003e-18  -5.6929e-26  3.35523e-19 -1.16433e-26  3.59879e-20 -2.44678e-27  3.62246e-21  -5.1806e-28  3.41591e-22 -1.01454e-28  3.01157e-23 -1.59157e-29  2.47658e-24 -1.25876e-30  1.89461e-25  3.04018e-31  1.34417e-26  1.81148e-31  8.81232e-28   5.5876e-32  5.31638e-29  1.32484e-32  2.93699e-30  2.62442e-33  1.47718e-31  4.45544e-34  6.71757e-33  6.50324e-35   2.7391e-34  8.08518e-36  9.91203e-36  8.40051e-37   3.1426e-37  7.07946e-38  8.58614e-39   4.6131e-39  1.97755e-40   2.1232e-40  3.72366e-42   5.3304e-42  5.47735e-44 -4.25127e-44  5.84142e-46 -8.00556e-45  3.90223e-48 -2.08341e-46   1.0561e-50
-2.97034e-05  2.14313e-18  0.000187025   1.0426e-17   0.00120604 -2.57279e-18   4.5233e-05 -2.14041e-17  -0.00553747 -6.58511e-17  -0.00980335 -1.75807e-16  -0.00514275 -2.88596e-16   0.00850181 -3.42545e-16    0.0240221 -3.84618e-16     0.034069 -4.64703e-16    0.0358678 -5.39287e-16     0.031112 -5.32681e-16    0.0233198 -4.31444e-16    0.0155163 -2.88436e-16   0.00932123  -1.6431e-16   0.00511337 -8.58643e-17   0.00258178 -4.68946e-17   0.00120663  -2.9255e-17  0.000524197 -1.92142e-17  0.000212361  -1.1422e-17  8.04283e-05 -5.43018e-18  2.85352e-05 -1.68407e-18  9.50004e-06  6.62505e-20   2.9721e-06  5.68753e-19  8.74838e-07  5.21256e-19  2.42536e-07  3.35376e-19   6.3387e-08  1.76552e-19  1.56292e-08  7.90396e-20  3.63799e-09  2.99697e-20  7.99831e-10  9.16628e-21  1.66157e-10  1.87234e-21  3.26241e-11  -6.3755e-23  6.05513e-12 -3.07192e-22  1.06238e-12 -1.93047e-22  1.76184e-13 -8.48537e-23  2.76107e-14  -3.0254e-23  4.08743e-15 -9.17279e-24  5.71296e-16 -2.42064e-24  7.53393e-17 -5.67327e-25  9.36635e-18 -1.21637e-25  1.09666e-18  -2.4998e-26  1.20785e-19 -5.18393e-27  1.24965e-20 -1.09884e-27  1.21252e-21  -2.2523e-28  1.10128e-22 -3.99147e-29  9.34284e-24  -4.8498e-30  7.38482e-25  9.43234e-32  5.42286e-26  2.81191e-31  3.68718e-27  1.05585e-31  2.31234e-28  2.78134e-32  1.33148e-29  5.96997e-33  7.00211e-31  1.09019e-33  3.34188e-32  1.71275e-34  1.43656e-33  2.30502e-35  5.51078e-35  2.61853e-36    1.865e-36  2.45017e-37   5.4879e-38  1.81751e-38  1.37765e-39  1.00035e-39  2.87525e-41  3.51244e-41  4.80783e-43  3.49435e-43  6.08222e-45  -3.2333e-44  5.26036e-47 -1.54026e-45   2.4648e-49 -1.92194e-47
 -1.9331e-19 -2.63893e-05  5.11126e-18  0.000453595  1.41415e-17   0.00107273   1.2784e-17  -0.00130714 -8.53185e-18  -0.00654717 -9.12038e-17  -0.00830929 -2.28613e-16  -0.00135442  -3.4249e-16    0.0123246 -4.07636e-16    0.0258101 -4.69691e-16    0.0332655 -5.39287e-16    0.0332026 -5.63767e-16      0.02774 -5.01498e-16     0.020164 -3.72847e-16    0.0130465   -2.345e-16   0.00762604 -1.29863e-16   0.00406852 -6.88548e-17   0.00199578  -3.8995e-17  0.000905158 -2.41902e-17  0.000381165 -1.48293e-17  0.000149532 -7.89536e-18  5.47992e-05 -3.19428e-18   1.8802e-05 -6.42497e-19  6.05123e-06  3.52451e-19  1.82973e-06  5.22659e-19  5.20502e-07  3.94863e-19  1.39462e-07   2.2982e-19  3.52296e-08  1.11932e-19  8.39721e-09  4.63856e-20  1.88984e-09  1.59991e-20  4.01797e-10   4.1935e-21  8.07316e-11  5.14174e-22  1.53336e-11 -2.55626e-22  2.75332e-12 -2.40368e-22  4.67384e-13 -1.22484e-22  7.49942e-14 -4.81152e-23  1.13708e-14 -1.57791e-23  1.62844e-15 -4.45965e-24  2.20148e-16 -1.10865e-24  2.80737e-17 -2.48263e-25  3.37387e-18 -5.20014e-26  3.81703e-19 -1.07224e-26  4.06003e-20 -2.25537e-27  4.05401e-21  -4.7319e-28  3.79343e-22 -9.08973e-29  3.31964e-23 -1.37118e-29   2.7105e-24 -8.88038e-31  2.05938e-25  3.46205e-31  1.45145e-26   1.8133e-31  9.45547e-28   5.4378e-32  5.66968e-29  1.27412e-32  3.11383e-30    2.507e-33  1.55731e-31  4.23424e-34  7.04357e-33  6.14827e-35  2.85705e-34  7.59642e-36   1.0287e-35  7.82914e-37  3.24571e-37   6.5244e-38  8.82662e-39  4.17857e-39  2.02385e-40  1.86071e-40  3.79444e-42  4.18536e-42  5.55805e-44 -7.45166e-44  5.90407e-46  -8.4296e-45  3.93022e-48 -2.07714e-46  1.04955e-50
-1.54884e-05   4.5721e-19  4.83594e-05  8.97303e-18  0.000667386  2.36157e-17   0.00056285   3.0997e-17   -0.0026068  -4.1989e-18  -0.00676453 -1.15883e-16  -0.00601323 -2.62916e-16    0.0025059 -3.77245e-16    0.0153887  -4.5496e-16    0.0263458 -5.22278e-16     0.031112 -5.63767e-16    0.0293654 -5.38182e-16    0.0235053 -4.38114e-16    0.0164699  -3.0266e-16    0.0103018 -1.80906e-16   0.00582843  -9.8331e-17   0.00301074 -5.30099e-17   0.00142988 -3.06043e-17  0.000627698 -1.84777e-17  0.000255773 -1.04679e-17  9.70711e-05 -4.93505e-18  3.44089e-05 -1.60693e-18  1.14185e-05 -4.52265e-20  3.55438e-06  4.31486e-19  1.03957e-06  4.20681e-19  2.86082e-07  2.76932e-19  7.41644e-08  1.47539e-19  1.81301e-08  6.65071e-20  4.18274e-09  2.53268e-20  9.11303e-10  7.77481e-21  1.87597e-10  1.59988e-21  3.65006e-11 -4.55314e-23  6.71401e-12 -2.56005e-22  1.16762e-12 -1.61717e-22  1.91966e-13 -7.12136e-23  2.98306e-14 -2.54277e-23  4.37987e-15 -7.72529e-24  6.07297e-16 -2.04568e-24  7.94685e-17 -4.82153e-25  9.80584e-18 -1.04224e-25  1.13982e-18 -2.16166e-26  1.24662e-19 -4.50739e-27  1.28105e-20 -9.52361e-28  1.23489e-21 -1.92594e-28  1.11456e-22 -3.32137e-29  9.39821e-24 -3.72809e-30  7.38521e-25   2.1343e-31  5.39261e-26  2.75495e-31  3.64671e-27   9.8445e-32    2.275e-28  2.54876e-32  1.30337e-29  5.42335e-33  6.82101e-31  9.84631e-34   3.2402e-32  1.53889e-34  1.38656e-33  2.05903e-35  5.29584e-35  2.32207e-36  1.78474e-36  2.15158e-37   5.2305e-38  1.57332e-38  1.30793e-39  8.44994e-40  2.71949e-41  2.79566e-41  4.53087e-43  1.41895e-43  5.71009e-45 -3.44917e-44  4.92252e-47 -1.48221e-45  2.30494e-49 -1.79295e-47
-2.04761e-19 -2.14855e-05  1.79394e-18  0.000186394  1.46246e-17  0.000702889  3.73398e-17 -0.000210595  4.60976e-17  -0.00357829 -7.25848e-18  -0.00614629 -1.34764e-16  -0.00319025 -2.80227e-16   0.00602036 -3.93897e-16    0.0173386 -4.76619e-16     0.025485 -5.32681e-16      0.02774 -5.38182e-16    0.0247232 -4.73537e-16     0.018893 -3.56744e-16    0.0127101  -2.3129e-16   0.00765643 -1.32692e-16   0.00417879 -7.14335e-17   0.00208434   -3.911e-17  0.000956378 -2.26284e-17  0.000405754 -1.30678e-17  0.000159831 -6.76149e-18  5.86521e-05 -2.75333e-18  2.01071e-05 -6.18273e-19  6.45467e-06  2.28059e-19   1.9441e-06  3.93943e-19  5.50312e-07  3.06834e-19  1.46609e-07  1.81044e-19  3.68031e-08   8.8818e-20  8.71387e-09  3.69476e-20  1.94754e-09  1.27666e-20  4.11133e-10  3.34811e-21  8.20168e-11  4.10349e-22  1.54662e-11  -2.0409e-22  2.75739e-12 -1.91748e-22  4.64786e-13 -9.76527e-23  7.40619e-14 -3.83524e-23  1.11534e-14 -1.25835e-23  1.58673e-15 -3.56249e-24  2.13127e-16 -8.88798e-25  2.70078e-17 -2.00263e-25  3.22598e-18 -4.23069e-26  3.62814e-19 -8.79355e-27  3.83701e-20 -1.85343e-27  3.81007e-21 -3.85879e-28  3.54605e-22  -7.2702e-29  3.08706e-23 -1.04803e-29  2.50796e-24 -4.90289e-31  1.89627e-25   3.4637e-31  1.33024e-26  1.63261e-31  8.62671e-28  4.76714e-32  5.15019e-29  1.10387e-32  2.81662e-30    2.157e-33  1.40295e-31  3.62328e-34  6.32053e-33  5.23193e-35  2.55407e-34  6.42127e-36  9.16249e-36  6.56073e-37  2.88075e-37  5.40114e-38  7.80753e-39  3.39326e-39  1.78432e-40  1.45367e-40   3.3348e-42  2.80937e-42  4.86935e-44 -9.35249e-44   5.1487e-46  -7.9273e-45  3.41977e-48 -1.86197e-46  9.27363e-51
