 0.000309104 -2.86337e-19   0.00180235 -1.14835e-18   0.00429806 -1.98543e-18   0.00631452 -2.45876e-18   0.00644068 -2.20847e-18   0.00477444 -1.45587e-18   0.00259802 -6.95671e-19    0.0010189 -2.32351e-19  0.000272585 -4.99299e-20  4.36468e-05 -5.56335e-21  2.73372e-06
-2.86337e-19   0.00254754 -3.38052e-18   0.00867469 -6.88549e-18    0.0159611 -9.25127e-18    0.0194707 -8.99754e-18    0.0169614 -6.49338e-18    0.0108281 -3.47322e-18   0.00504535 -1.34224e-18   0.00165783 -3.53909e-19  0.000353154 -5.58402e-20  3.92452e-05 -3.44541e-21
  0.00180235 -3.38052e-18    0.0106576 -1.03341e-17    0.0257221 -1.63286e-17     0.038197 -1.83319e-17    0.0393447 -1.51888e-17    0.0294349 -9.40248e-18    0.0161571 -4.28356e-18   0.00638978 -1.38052e-18   0.00172342 -2.88915e-19  0.000278171 -3.15787e-20  1.75615e-05
-1.14835e-18   0.00867469 -1.03341e-17    0.0298913 -2.04157e-17    0.0555768  -2.6989e-17     0.068444 -2.60302e-17     0.060151 -1.87635e-17    0.0387207 -1.00676e-17     0.018186 -3.91324e-18   0.00602189 -1.03982e-18    0.0012925 -1.65595e-19  0.000144708  -1.0326e-20
  0.00429806 -6.88549e-18    0.0257221 -2.04157e-17    0.0627281 -3.22408e-17    0.0940219 -3.64536e-17    0.0976807 -3.05777e-17    0.0736675 -1.92073e-17    0.0407474 -8.88206e-18     0.016234  -2.9052e-18   0.00441013 -6.16955e-19  0.000716887  -6.8419e-20  4.55787e-05
-1.98543e-18    0.0159611 -1.63286e-17    0.0555768 -3.22408e-17     0.104294 -4.30194e-17     0.129529  -4.2013e-17     0.114732 -3.07235e-17    0.0744066 -1.67214e-17    0.0351967 -6.58869e-18    0.0117355 -1.77387e-18   0.00253599  -2.8612e-19  0.000285846 -1.80663e-20
  0.00631452 -9.25127e-18     0.038197  -2.6989e-17    0.0940219 -4.30194e-17     0.142115 -4.91565e-17     0.148794 -4.17377e-17     0.113035 -2.65383e-17    0.0629587 -1.24147e-17     0.025252 -4.10598e-18    0.0069051  -8.8143e-19   0.00112974 -9.87942e-20  7.22927e-05
-2.45876e-18    0.0194707 -1.83319e-17     0.068444 -3.64536e-17     0.129529 -4.91565e-17     0.162114 -4.85344e-17     0.144632 -3.58902e-17    0.0944399 -1.97389e-17     0.044967 -7.85553e-18    0.0150891  -2.1355e-18   0.00328119 -3.47743e-19  0.000372151 -2.21656e-20
  0.00644068 -8.99754e-18    0.0393447 -2.60302e-17    0.0976807  -4.2013e-17     0.148794 -4.85344e-17     0.156907 -4.16632e-17     0.120007 -2.67597e-17    0.0672743 -1.26356e-17    0.0271519 -4.21647e-18   0.00747012 -9.13045e-19   0.00122959 -1.03216e-19  7.91579e-05
-2.20847e-18    0.0169614 -1.51888e-17     0.060151 -3.05777e-17     0.114732 -4.17377e-17     0.144632 -4.16632e-17     0.129906 -3.11173e-17    0.0853685 -1.72656e-17    0.0408986 -6.92789e-18    0.0138063 -1.89825e-18      0.00302 -3.11502e-19  0.000344541 -2.00071e-20
  0.00477444 -6.49338e-18    0.0294349 -1.87635e-17    0.0736675 -3.07235e-17     0.113035 -3.58902e-17     0.120007 -3.11173e-17    0.0923708  -2.0157e-17    0.0520988 -9.59065e-18    0.0211517  -3.2235e-18   0.00585309 -7.02914e-19  0.000968959 -8.00086e-20  6.27376e-05
-1.45587e-18    0.0108281 -9.40248e-18    0.0387207 -1.92073e-17    0.0744066 -2.65383e-17    0.0944399 -2.67597e-17    0.0853685  -2.0157e-17    0.0564425 -1.12659e-17    0.0271996 -4.55087e-18    0.0092345 -1.25501e-18   0.00203136  -2.0725e-19  0.000233052 -1.33947e-20
  0.00259802 -3.47322e-18    0.0161571 -1.00676e-17    0.0407474 -1.67214e-17    0.0629587 -1.97389e-17    0.0672743 -1.72656e-17    0.0520988 -1.12659e-17    0.0295569 -5.39494e-18    0.0120681 -1.82441e-18   0.00335809 -4.00208e-19  0.000558991 -4.58226e-20  3.63934e-05
-6.95671e-19   0.00504535 -4.28356e-18     0.018186 -8.88206e-18    0.0351967 -1.24147e-17     0.044967 -1.26356e-17    0.0408986 -9.59065e-18    0.0271996 -5.39494e-18    0.0131817 -2.19232e-18   0.00450009 -6.08082e-19  0.000995308  -1.0099e-19   0.00011481  -6.5641e-21
   0.0010189 -1.34224e-18   0.00638978 -3.91324e-18     0.016234 -6.58869e-18     0.025252 -7.85553e-18    0.0271519 -6.92789e-18    0.0211517 -4.55087e-18    0.0120681 -2.19232e-18   0.00495459 -7.45603e-19   0.00138615 -1.64471e-19  0.000231979 -1.89357e-20  1.51845e-05
-2.32351e-19   0.00165783 -1.38052e-18   0.00602189  -2.9052e-18    0.0117355 -4.10598e-18    0.0150891 -4.21647e-18    0.0138063  -3.2235e-18    0.0092345 -1.82441e-18   0.00450009 -7.45603e-19   0.00154458 -2.07951e-19  0.000343445 -3.47249e-20  3.98278e-05 -2.26937e-21
 0.000272585 -3.53909e-19   0.00172342 -1.03982e-18   0.00441013 -1.77387e-18    0.0069051  -2.1355e-18   0.00747012 -1.89825e-18   0.00585309 -1.25501e-18   0.00335809 -6.08082e-19   0.00138615 -2.07951e-19  0.000389867 -4.61203e-20  6.55913e-05 -5.33855e-21  4.31613e-06
-4.99299e-20  0.000353154 -2.88915e-19    0.0012925 -6.16955e-19   0.00253599  -8.8143e-19   0.00328119 -9.13045e-19      0.00302 -7.02914e-19   0.00203136 -4.00208e-19  0.000995308 -1.64471e-19  0.000343445 -4.61203e-20  7.67697e-05 -7.74278e-21  8.94952e-06  -5.0873e-22
 4.36468e-05 -5.58402e-20  0.000278171 -1.65595e-19  0.000716887  -2.8612e-19   0.00112974 -3.47743e-19   0.00122959 -3.11502e-19  0.000968959  -2.0725e-19  0.000558991  -1.0099e-19  0.000231979 -3.47249e-20  6.55913e-05 -7.74278e-21  1.10931e-05 -9.01035e-22  7.33813e-07
-5.56335e-21  3.92452e-05 -3.15787e-20  0.000144708  -6.8419e-20  0.000285846 -9.87942e-20  0.000372151 -1.03216e-19  0.000344541 -8.00086e-20  0.000233052 -4.58226e-20   0.00011481 -1.89357e-20  3.98278e-05 -5.33855e-21  8.94952e-06 -9.01035e-22  1.04879e-06 -5.95183e-23
 2.73372e-06 -3.44541e-21  1.75615e-05  -1.0326e-20  4.55787e-05 -1.80663e-20  7.22927e-05 -2.21656e-20  7.91579e-05 -2.00071e-20  6.27376e-05 -1.33947e-20  3.63934e-05  -6.5641e-21  1.51845e-05 -2.26937e-21  4.31613e-06  -5.0873e-22  7.33813e-07 -5.95183e-23  4.87997e-08
