 5.28817e-05  1.74225e-19 -0.000402101  -1.8492e-18   0.00102035   5.0534e-18  -0.00121719  -6.7618e-18   0.00059439  5.38546e-18  0.000111496 -2.68616e-18 -0.000217352  6.67072e-19  3.09311e-05  6.77206e-20   2.9817e-05 -7.73872e-20 -6.77522e-06  1.19855e-20 -5.47074e-07
 1.74225e-19  0.000597558   1.1359e-18  -0.00243187 -7.66391e-18   0.00430113  1.52776e-17  -0.00361646 -1.61813e-17   0.00081964  1.11965e-17   0.00084709 -5.18448e-18 -0.000520722  1.13259e-18 -4.57252e-05  1.38488e-19  8.06875e-05 -9.88949e-20 -6.65435e-06  1.08495e-20
-0.000402101   1.1359e-18   0.00315469  3.82905e-18  -0.00837807 -1.75017e-17    0.0107323   2.5851e-17  -0.00608382 -2.26872e-17 -0.000430908  1.51176e-17   0.00220019 -6.96891e-18 -0.000624237  1.38799e-18 -0.000253085  1.02515e-19   0.00011664 -6.33403e-20 -1.72284e-06
 -1.8492e-18  -0.00243187  3.82905e-18    0.0103539  7.84606e-18   -0.0195831 -2.42181e-17    0.0184423  2.59846e-17  -0.00609561 -2.11182e-17  -0.00358646   1.6017e-17    0.0034828 -7.48374e-18  -0.00030355  1.43543e-18 -0.000488428 -7.08754e-20  0.000111345 -1.78349e-20
  0.00102035 -7.66391e-18  -0.00837807  7.84606e-18    0.0237653  9.77954e-18   -0.0336765 -1.70677e-17    0.0232001  1.06389e-17  -0.00217769 -1.32922e-17  -0.00754967  1.43335e-17   0.00394465 -6.41005e-18  0.000316015  1.38539e-18 -0.000616768 -2.48881e-19  7.30707e-05
  5.0534e-18   0.00430113 -1.75017e-17   -0.0195831  9.77954e-18    0.0408371   5.1053e-18   -0.0449529  6.74302e-18    0.0219528 -1.22438e-17   0.00445928 -4.83088e-18   -0.0106715  1.01092e-17   0.00348054 -3.98537e-18  0.000898203  1.29528e-18  -0.00057924 -1.96361e-19
 -0.00121719  1.52776e-17    0.0107323 -2.42181e-17   -0.0336765   5.1053e-18    0.0552783 -6.88486e-18   -0.0488598  3.60353e-17    0.0155507 -2.86508e-17    0.0111371  1.32376e-18   -0.0121694  3.43704e-18   0.00257337 -1.35356e-18   0.00117423  1.18102e-18 -0.000383909
 -6.7618e-18  -0.00361646   2.5851e-17    0.0184423 -1.70677e-17   -0.0449529 -6.88486e-18    0.0619142 -2.07251e-17   -0.0456701  5.34419e-17   0.00747408 -3.04833e-17    0.0160163  5.96026e-18   -0.0123755 -3.92516e-18   0.00179048  2.95654e-19   0.00103824  2.32305e-19
  0.00059439 -1.61813e-17  -0.00608382  2.59846e-17    0.0232001  6.74302e-18   -0.0488598 -2.07251e-17    0.0607374 -2.82622e-17   -0.0392801  4.85533e-17  0.000668119 -1.97508e-17    0.0188887  1.01643e-17    -0.012039 -8.21206e-18   0.00146865 -7.83304e-19  0.000549412
 5.38546e-18   0.00081964 -2.26872e-17  -0.00609561  1.06389e-17    0.0219528  3.60353e-17   -0.0456701 -2.82622e-17    0.0557573 -2.45504e-17   -0.0334366   2.3812e-17  -0.00390375 -4.54777e-18    0.0204078  1.36387e-17   -0.0117019 -8.75442e-18   0.00159674  3.58515e-18
 0.000111496  1.11965e-17 -0.000430908 -2.11182e-17  -0.00217769 -1.22438e-17    0.0155507  5.34419e-17   -0.0392801 -2.45504e-17    0.0510081 -1.06793e-17   -0.0297526 -9.23093e-18  -0.00655835  7.36102e-18    0.0211505  1.13899e-17   -0.0113694  2.85184e-18   0.00158999
-2.68616e-18   0.00084709  1.51176e-17  -0.00358646 -1.32922e-17   0.00445928 -2.86508e-17   0.00747408  4.85533e-17   -0.0334366 -1.06793e-17    0.0483585  7.46277e-18   -0.0282867 -3.46823e-17  -0.00772176  5.36377e-18    0.0210238  1.87953e-17   -0.0101289 -2.79455e-17
-0.000217352 -5.18448e-18   0.00220019   1.6017e-17  -0.00754967 -4.83088e-18    0.0111371 -3.04833e-17  0.000668119   2.3812e-17   -0.0297526  7.46277e-18    0.0480322  2.30548e-17   -0.0288366 -4.25136e-17  -0.00710804   4.3672e-18    0.0187039 -1.76972e-17  -0.00646795
 6.67072e-19 -0.000520722 -6.96891e-18    0.0034828  1.43335e-17   -0.0106715  1.32376e-18    0.0160163 -1.97508e-17  -0.00390375 -9.23093e-18   -0.0282867  2.30548e-17    0.0499353  2.24567e-17   -0.0318957  7.31573e-19  -0.00302982 -7.52572e-17     0.012164  1.41283e-16
 3.09311e-05  1.13259e-18 -0.000624237 -7.48374e-18   0.00394465  1.01092e-17   -0.0121694  5.96026e-18    0.0188887 -4.54777e-18  -0.00655835 -3.46823e-17   -0.0288366  2.24567e-17    0.0546564   2.4593e-17   -0.0393921  -2.4839e-18    0.0067927  4.90973e-17   0.00287031
 6.77206e-20 -4.57252e-05  1.38799e-18  -0.00030355 -6.41005e-18   0.00348054  3.43704e-18   -0.0123755  1.01643e-17    0.0204078  7.36102e-18  -0.00772176 -4.25136e-17   -0.0318957   2.4593e-17    0.0642116 -7.20293e-17   -0.0535861  2.53455e-16    0.0195462 -4.56057e-16
  2.9817e-05  1.38488e-19 -0.000253085  1.43543e-18  0.000316015 -3.98537e-18   0.00257337 -3.92516e-18    -0.012039  1.36387e-17    0.0211505  5.36377e-18  -0.00710804  7.31573e-19   -0.0393921 -7.20293e-17    0.0808118  1.03336e-16   -0.0701545 -2.11427e-16    0.0222213
-7.73872e-20  8.06875e-05  1.02515e-19 -0.000488428  1.38539e-18  0.000898203 -1.35356e-18   0.00179048 -8.21206e-18   -0.0117019  1.13899e-17    0.0210238   4.3672e-18  -0.00302982  -2.4839e-18   -0.0535861  1.03336e-16    0.0994555 -4.71969e-16   -0.0715988   9.0948e-16
-6.77522e-06 -9.88949e-20   0.00011664 -7.08754e-20 -0.000616768  1.29528e-18   0.00117423  2.95654e-19   0.00146865 -8.75442e-18   -0.0113694  1.87953e-17    0.0187039 -7.52572e-17    0.0067927  2.53455e-16   -0.0701545 -4.71969e-16      0.10071  6.66383e-16   -0.0438117
 1.19855e-20 -6.65435e-06 -6.33403e-20  0.000111345 -2.48881e-19  -0.00057924  1.18102e-18   0.00103824 -7.83304e-19   0.00159674  2.85184e-18   -0.0101289 -1.76972e-17     0.012164  4.90973e-17    0.0195462 -2.11427e-16   -0.0715988  6.66383e-16     0.068222 -1.09293e-15
-5.47074e-07  1.08495e-20 -1.72284e-06 -1.78349e-20  7.30707e-05 -1.96361e-19 -0.000383909  2.32305e-19  0.000549412  3.58515e-18   0.00158999 -2.79455e-17  -0.00646795  1.41283e-16   0.00287031 -4.56057e-16    0.0222213   9.0948e-16   -0.0438117 -1.09293e-15      0.02215
