 7.25077e-20  4.61489e-36  -2.9615e-18 -4.00166e-34  4.65764e-17  8.85076e-33 -4.34988e-16 -9.96442e-32  2.77682e-15  6.88076e-31 -1.29739e-14 -3.02989e-30  4.60723e-14  7.23468e-30 -1.26958e-13  6.10257e-30  2.73886e-13 -1.47434e-28 -4.61634e-13  7.90634e-28  5.98591e-13 -2.82079e-27 -5.74371e-13  7.71553e-27  3.69506e-13 -1.69995e-26 -1.07113e-13  3.08328e-26  -5.0481e-14 -4.64647e-26  5.91882e-14  5.83091e-26 -7.61639e-15 -6.08122e-26 -1.51417e-14  5.25539e-26  5.04912e-15 -3.78062e-26   3.5316e-15  2.35549e-26  -1.4613e-15 -1.46736e-26 -9.08212e-16  1.17559e-26  2.81509e-16 -1.25979e-26  2.41146e-16  1.45044e-26 -2.17157e-17  -1.5362e-26 -5.42503e-17  1.40911e-26 -8.36221e-18 -1.10328e-26  7.93427e-18  7.50506e-27   3.7371e-18 -4.58763e-27 -1.80056e-19  2.52344e-27 -6.44821e-19 -1.16018e-27  -1.9081e-19  3.96497e-28  2.26882e-20 -1.07202e-28  3.27758e-20  5.49963e-29  9.17708e-21  -4.5503e-29 -3.00703e-22  2.55982e-29 -1.06351e-21 -8.94881e-30 -3.63388e-22  1.41646e-30 -3.94288e-23   1.3149e-30  1.50769e-23 -1.79263e-30  8.29289e-24  1.13948e-30  1.89013e-24  -4.3616e-31  1.41724e-25  1.07222e-31  -5.6353e-26 -2.31791e-32  -2.5004e-26  9.66612e-33 -5.25526e-27 -4.67012e-33 -5.87555e-28   1.5469e-33  1.28322e-29  -3.8474e-34  2.08005e-29   5.9352e-35  4.90187e-30  9.05167e-36  6.98951e-31 -4.62732e-36  6.22096e-32 -1.48961e-37  1.74361e-33  1.53803e-37 -4.71767e-34 -1.68747e-38 -9.69028e-35  6.03276e-39 -1.06188e-35 -4.09512e-40 -7.85214e-37 -5.49988e-41 -3.92878e-38  4.32014e-42 -1.11916e-39  1.53254e-43  2.09966e-42 -1.15745e-43  1.62516e-42  1.49458e-44  6.74347e-44  3.71512e-46  7.95681e-46 -2.21128e-47
 4.61489e-36  4.27159e-18  2.60795e-34 -9.90236e-17 -1.46023e-32  1.18403e-15  2.53408e-31 -9.15548e-15  -2.4364e-30  5.03794e-14  1.51997e-29  -2.0751e-13  -6.4442e-29  6.58258e-13  1.75281e-28 -1.63202e-12 -1.71707e-28  3.17504e-12  -1.0546e-27 -4.81196e-12  7.11996e-27  5.55025e-12 -2.59901e-26 -4.60743e-12  6.96165e-26  2.34928e-12 -1.47854e-25 -2.13912e-13  2.56547e-25 -6.31015e-13 -3.68122e-25  3.57151e-13   4.3826e-25   6.6091e-14  -4.3232e-25 -1.20056e-13   3.5289e-25  9.52671e-16 -2.40712e-25   3.2152e-14  1.44622e-25 -8.59339e-16 -8.95159e-26 -7.96995e-15  7.13614e-26 -5.27927e-16 -7.41825e-26  1.72382e-15  8.35781e-26   4.1973e-16 -8.83661e-26 -2.62874e-16  8.15188e-26 -1.45518e-16  -6.4082e-26   8.9664e-18  4.35882e-26  2.79204e-17 -2.64572e-26  7.26378e-18  1.42095e-26 -1.91722e-18 -6.16283e-27 -1.70794e-18  1.85025e-27 -3.42411e-19 -4.01771e-28  9.27205e-20  2.50697e-28  7.42553e-20 -2.45314e-28  1.72575e-20  1.40208e-28 -1.12492e-21 -4.77405e-29 -2.02303e-21  6.59575e-30 -6.43851e-22  7.08017e-30 -7.41779e-23 -8.52128e-30  1.95889e-23  4.97601e-30  1.15972e-23 -1.75219e-30  2.77606e-24   3.7206e-31  3.01414e-25 -6.10152e-32 -3.47038e-26  3.04812e-32 -2.30544e-26 -1.77449e-32 -5.41198e-27  5.87025e-33 -7.51835e-28   -1.342e-33 -4.51167e-29  1.78328e-34  6.96943e-30  4.59201e-35  2.51185e-30 -1.78052e-35  4.11879e-31 -8.67129e-37  4.43143e-32   4.7202e-37  3.05039e-33 -2.36166e-38  7.30179e-35  1.69734e-38 -1.18407e-35  -1.1186e-39 -1.85768e-36  -1.5213e-40 -1.46861e-37  2.73834e-41 -7.52618e-39   3.7214e-44 -2.50903e-40 -3.41795e-43 -4.73805e-42  2.97786e-44 -4.57691e-44  4.42997e-46 -1.75997e-46
 -2.9615e-18  2.60795e-34  1.23772e-16  7.53133e-33 -1.99414e-15 -3.09346e-31  1.91031e-14  4.40583e-30 -1.25269e-13 -3.67819e-29   6.0225e-13  2.06927e-28 -2.20516e-12 -8.20777e-28  6.28133e-12  2.23247e-27  -1.4053e-11 -3.24365e-27  2.46754e-11 -4.15596e-27 -3.35624e-11  4.46448e-26   3.4196e-11 -1.68091e-25 -2.40434e-11  4.40314e-25  8.76767e-12 -8.99616e-25  1.97744e-12  1.49066e-24 -3.88157e-12 -2.03357e-24  1.00412e-12  2.29393e-24  8.50846e-13 -2.13892e-24  -4.7288e-13  1.65149e-24 -1.72899e-13 -1.07694e-24  1.36496e-13  6.39444e-25  4.45443e-14 -4.09481e-25 -3.07438e-14  3.32219e-25 -1.37551e-14 -3.32357e-25  4.75597e-15   3.6011e-25  3.82957e-15 -3.74333e-25 -9.88161e-17  3.42525e-25 -7.58223e-16 -2.66427e-25 -1.94096e-16  1.78303e-25  7.12663e-17 -1.05714e-25  5.40754e-17  5.46782e-26  7.30526e-18 -2.20927e-26   -5.147e-18  5.63377e-27 -2.80528e-18  -8.6428e-28 -3.82289e-19  8.12313e-28  1.82133e-19 -9.28628e-28  1.08175e-19  5.30126e-28  2.21361e-20 -1.75678e-28 -1.63694e-21  2.14335e-29 -2.43404e-21  2.59285e-29 -7.50984e-22 -2.78391e-29 -9.71822e-23  1.49081e-29  1.33267e-23 -4.81276e-30  9.90366e-24  8.42966e-31  2.53352e-24 -6.96208e-32  3.46066e-25  6.18942e-32  3.04524e-27 -4.77787e-32 -1.11503e-26  1.55603e-32 -3.09569e-27 -3.22091e-33 -4.94268e-28  3.70506e-34 -4.82265e-29  1.43426e-34 -1.30092e-30 -4.60035e-35  4.97842e-31 -3.21147e-36  1.09832e-31  9.76077e-37  1.32934e-32   1.9829e-38  1.08933e-33  3.49892e-38   5.9205e-35 -2.48962e-39  1.57063e-36 -2.36875e-40 -5.03764e-38  8.62278e-41 -7.48225e-39  -5.8227e-43 -3.73979e-40 -6.00982e-43 -9.66318e-42  3.47564e-44   -1.229e-43  2.92243e-46
-4.00166e-34 -9.90236e-17  7.53133e-33  2.35156e-15  1.43128e-31 -2.88391e-14 -4.61864e-30  2.29036e-13  5.55871e-29 -1.29649e-12  -4.0821e-28   5.5038e-12  2.07584e-27 -1.80348e-11 -7.62581e-27  4.63203e-11  1.98957e-26 -9.37072e-11 -3.13484e-26  1.48484e-10 -6.26463e-27  -1.8063e-10  2.29657e-25  1.60859e-10  -8.8796e-25 -9.24185e-11  2.26141e-24  1.77034e-11 -4.42713e-24  1.93949e-11   6.9856e-24 -1.52107e-11 -9.04025e-24  -2.6265e-13  9.64445e-24  4.59571e-12 -8.48829e-24 -7.74836e-13  6.20106e-24  -1.1826e-12 -3.89022e-24  2.49023e-13   2.3261e-24  3.05335e-13 -1.57284e-24 -3.66668e-14  1.30315e-24 -7.52312e-14 -1.25166e-24 -4.47961e-15  1.29692e-24  1.48751e-14 -1.31566e-24  4.40564e-15  1.18398e-24 -1.64536e-15 -9.02378e-25 -1.26116e-15  5.87594e-25 -1.12385e-16 -3.36466e-25  1.63294e-16   1.6595e-25  7.22942e-17 -6.16719e-26   2.6635e-18  1.25781e-26 -8.44432e-18 -8.00204e-28 -3.41425e-18  2.18416e-27 -3.13959e-19 -2.83178e-27  2.38147e-19  1.59376e-27  1.18308e-19 -5.15173e-28   2.2602e-20  5.64534e-29 -1.29301e-21  7.48872e-29 -2.11701e-21 -7.22705e-29 -6.54882e-22  3.54279e-29 -9.64077e-23 -1.04614e-29  3.35031e-24  1.38893e-30  5.69555e-24  9.49273e-32  1.60178e-24  8.77647e-32  2.55045e-25 -1.05629e-31  1.83581e-26  3.31997e-32 -2.44015e-27 -6.12805e-33 -1.05283e-27  6.25953e-34 -1.91928e-28  3.36527e-34 -2.25465e-29 -9.26866e-35 -1.63457e-30 -8.88806e-36 -2.43647e-32   1.5219e-36  1.15961e-32  1.75335e-37   1.8317e-33  6.21711e-38  1.62154e-34 -4.98697e-39   9.6368e-36 -1.84098e-40   3.8109e-37  1.83212e-40   8.7326e-39 -1.42207e-42  4.67052e-41 -7.42318e-43 -2.16914e-42  2.61109e-44 -3.81016e-44
 4.65764e-17 -1.46023e-32 -1.99414e-15  1.43128e-31  3.29519e-14  2.00597e-30 -3.24182e-13 -5.30742e-29  2.18647e-12  5.51043e-28 -1.08304e-11 -3.59635e-27  4.09425e-11  1.65879e-26 -1.20713e-10 -5.62227e-26  2.80451e-10  1.38157e-25 -5.13655e-10 -2.16179e-25  7.33603e-10  3.59475e-26 -7.93843e-10  1.04923e-24  6.07876e-10 -4.08201e-24 -2.66516e-10  1.00114e-23 -1.35745e-11 -1.86815e-23  9.54275e-11  2.79759e-23  -3.8498e-11 -3.42578e-23  -1.6262e-11  3.44903e-23  1.53024e-11 -2.86003e-23  2.23669e-12  1.97599e-23 -4.36402e-12 -1.19863e-23 -5.20361e-13  7.31663e-24   1.0731e-12  -5.2482e-24  2.26844e-13  4.40955e-24 -2.13893e-13 -4.06764e-24 -8.81766e-14  4.03723e-24  2.53043e-14  -3.9928e-24  2.36017e-14  3.52157e-24  1.74652e-15 -2.61547e-24 -3.63482e-15  1.64506e-24 -1.43867e-15 -9.02511e-25  8.83979e-17  4.21106e-25  2.40742e-16   -1.417e-25  7.35762e-17  2.02936e-26 -3.91439e-18   2.1132e-27 -1.01488e-17  5.20137e-27 -3.33995e-18 -7.33824e-27 -2.15565e-19  4.03494e-27  2.30948e-19 -1.27835e-27  1.03185e-19  1.28846e-28  1.93901e-20  1.81456e-28 -4.05714e-22 -1.58355e-28 -1.38053e-21  7.09826e-29 -4.42329e-22  -1.9174e-29  -7.3263e-23  1.60188e-30 -2.75271e-24  7.09768e-31   2.1396e-24  7.37231e-32  7.11952e-25 -2.03527e-31  1.27379e-25  6.03087e-32  1.36023e-26 -9.78474e-33  3.49624e-28  9.35933e-34 -1.85402e-28  6.47178e-34 -4.38598e-29 -1.54622e-34 -5.79634e-30 -1.98844e-35 -5.16325e-31  1.77076e-36 -2.93314e-32   5.0161e-37 -5.48304e-34  1.00981e-37  7.96502e-35 -8.77109e-39  9.61453e-36   1.1744e-40  5.66813e-37  2.92944e-40  2.03125e-38 -1.81033e-42  4.23917e-40 -6.77761e-43   4.4211e-42  1.16239e-44
 8.85076e-33  1.18403e-15 -3.09346e-31 -2.88391e-14  2.00597e-30  3.63209e-13  2.21229e-29  -2.9665e-12 -4.94094e-28  1.72975e-11    4.494e-27 -7.57838e-11 -2.62837e-26  2.56874e-10  1.10348e-25 -6.84417e-10  -3.4464e-25  1.44177e-09  7.90035e-25 -2.39154e-09 -1.17969e-24  3.07093e-09  3.21815e-25 -2.93171e-09  4.45193e-24  1.87988e-09 -1.68647e-23 -5.33938e-10  3.93918e-23 -2.79922e-10 -6.96779e-23   3.2258e-10  9.86882e-23 -4.28892e-11 -1.14062e-22 -8.54618e-11  1.08138e-22    3.056e-11 -8.43193e-23  2.02133e-11  5.50515e-23 -9.45095e-12 -3.24368e-23 -5.31531e-12  2.04134e-23  2.02248e-12 -1.54686e-23  1.48996e-12  1.30492e-23 -2.26916e-13 -1.15667e-23 -3.65594e-13   1.1042e-23 -3.68077e-14 -1.06747e-23  6.15547e-14  9.22734e-24  2.41752e-14 -6.66113e-24 -3.30518e-15  4.02733e-24   -5.012e-15 -2.10393e-24 -1.18878e-15  9.22002e-25  3.02181e-16 -2.74852e-25  2.67832e-16  1.80267e-26  6.05026e-17  1.29976e-26 -8.52705e-18  1.13213e-26 -9.64427e-18 -1.66172e-26  -2.7527e-18  8.87567e-27 -1.47453e-19 -2.77609e-27  1.73509e-19  2.65757e-28  7.36104e-20  3.81592e-28   1.4139e-20 -3.02981e-28  3.33931e-22  1.24257e-28 -6.69048e-22 -3.08411e-29 -2.31874e-22  8.10862e-31 -4.24973e-23  2.16546e-30 -3.64071e-24 -2.58314e-32    4.069e-25  -3.5209e-31  2.14382e-25  9.60472e-32  4.33111e-26 -1.35454e-32  5.51695e-27  1.30792e-33  4.14105e-28  1.07412e-33  9.80062e-32 -2.19542e-34  -5.0021e-30 -3.77085e-35 -8.12167e-31  1.25814e-36 -7.89575e-32  1.02472e-36  -5.2384e-33  1.51727e-37 -2.29077e-34 -1.31481e-38 -5.04085e-36  6.57054e-40  7.14656e-38  3.70959e-40  8.79029e-39 -1.41029e-42  2.54538e-40 -4.54156e-43  2.33616e-42
-4.34988e-16  2.53408e-31  1.91031e-14 -4.61864e-30 -3.24182e-13  2.21229e-29  3.27982e-12   2.0017e-28 -2.27835e-11 -3.85395e-27  1.16442e-10  3.10753e-26 -4.55131e-10  -1.6399e-25  1.39099e-09  6.28765e-25 -3.36084e-09 -1.80927e-24  6.42968e-09  3.84658e-24  -9.6536e-09 -5.35207e-24  1.10994e-08  1.34454e-24 -9.23197e-09  1.78648e-23  4.73099e-09  -6.3636e-23 -4.12686e-10  1.40099e-22 -1.34161e-09 -2.33736e-22   7.8288e-10  3.12142e-22  1.33612e-10 -3.39731e-22 -2.73565e-10  3.02698e-22    1.043e-11  -2.2152e-22  7.57472e-11  1.36566e-22 -5.42809e-12 -7.85201e-23 -1.96946e-11  5.13182e-23 -2.36842e-13 -4.07562e-23  4.61029e-12  3.41896e-23  8.35785e-13 -2.91065e-23 -8.11333e-13  2.68355e-23 -3.63353e-13 -2.54757e-23  5.84598e-14  2.16307e-23  8.28833e-14  -1.5165e-23  1.59044e-14  8.78218e-24 -8.06066e-15 -4.34647e-24 -5.16415e-15  1.77605e-24 -6.99189e-16  -4.5351e-25  4.23043e-16 -1.98622e-26   2.4139e-16  4.05681e-26  4.22138e-17  2.28232e-26 -9.36252e-18  -3.3444e-26 -7.53257e-18  1.72981e-26 -1.96359e-18 -5.39305e-27 -1.13594e-19  5.10834e-28  1.02034e-19  7.11046e-28  4.31867e-20 -5.17654e-28  8.67308e-21  1.94962e-28  5.74253e-22 -4.49514e-29 -2.25683e-22 -1.72845e-30 -9.25135e-23  4.86448e-30 -1.85923e-23 -2.50593e-31  -2.1723e-24 -5.54961e-31 -5.29763e-26  1.36568e-31  3.80766e-26 -1.66933e-32  9.64287e-27  1.73808e-33  1.37768e-27   1.5953e-33  1.31062e-28 -2.67024e-34  7.43082e-30 -6.25073e-35  4.72383e-33 -3.92653e-37 -4.90171e-32  1.71276e-36 -5.73737e-33  2.08927e-37 -3.87815e-34 -1.66029e-38 -1.70935e-35  1.26396e-39  -4.7662e-37  3.81347e-40  -7.2413e-39 -5.88196e-43 -3.17381e-41 -2.01026e-43
-9.96442e-32 -9.15548e-15  4.40583e-30  2.29036e-13 -5.30742e-29  -2.9665e-12   2.0017e-28  2.49535e-11  1.52955e-27 -1.50103e-10 -2.57923e-26  6.79743e-10   1.8612e-25 -2.38703e-09 -8.91316e-25  6.60805e-09  3.13057e-24 -1.45172e-08 -8.30253e-24  2.52435e-08  1.63047e-23 -3.42496e-08 -2.07621e-23  3.50394e-08  3.09638e-24 -2.49007e-08  6.77301e-23   9.2631e-09 -2.20875e-22  2.07453e-09   4.5469e-22 -4.28759e-09 -7.12684e-22   1.2192e-09  8.95122e-22  9.38298e-10 -9.15656e-22 -5.90941e-10  7.65421e-22 -1.82098e-10 -5.24859e-22  1.79267e-10   3.0536e-22    4.641e-11 -1.72185e-22 -4.38118e-11   1.1751e-22 -1.56191e-11 -9.69395e-23  7.99515e-12  8.01857e-23  4.93787e-12 -6.54343e-23 -6.06877e-13  5.84591e-23 -1.14007e-12 -5.48239e-23 -2.00867e-13  4.58921e-23  1.43381e-13 -3.12489e-23  7.96065e-14  1.72808e-23  4.10823e-15 -8.06534e-24   -1.033e-14  3.04974e-24 -4.27831e-15 -6.29593e-25 -2.43179e-16 -1.38975e-25  4.19089e-16  9.67902e-26  1.83628e-16  4.27793e-26  2.62753e-17 -6.05009e-26 -7.29689e-18  3.02599e-26 -4.92707e-18 -9.51896e-27   -1.225e-18  9.36029e-28 -9.04635e-20  1.18914e-27  4.60721e-20 -8.02973e-28  2.06501e-20  2.80108e-28  4.38585e-21 -6.10978e-29  4.44633e-22 -6.51567e-30 -4.03532e-23  9.04623e-30 -2.68094e-23 -6.15588e-31 -5.99215e-24 -8.01714e-31 -8.22907e-25  1.75854e-31 -6.28652e-26 -1.89245e-32  1.38953e-27  2.12804e-33  1.23433e-27  2.17916e-33  2.07746e-28 -2.73136e-34  2.18173e-29  -9.2381e-35  1.56401e-30 -3.17929e-36  7.02517e-32  2.46581e-36   9.0362e-34  2.59926e-37 -1.26021e-34 -1.76592e-38 -1.04803e-35  1.68927e-39 -4.01037e-37  3.20622e-40  -7.9741e-39  2.25131e-44 -5.43772e-41
 2.77682e-15  -2.4364e-30 -1.25269e-13  5.55871e-29  2.18647e-12 -4.94094e-28 -2.27835e-11  1.52955e-27  1.63264e-10  1.00814e-26 -8.62306e-10 -1.50735e-25  3.49055e-09  9.80961e-25 -1.10766e-08 -4.28399e-24   2.7878e-08  1.38221e-23  -5.5797e-08 -3.38057e-23  8.81877e-08  6.11268e-23 -1.07807e-07 -7.00637e-23  9.72171e-08 -1.24589e-24 -5.71471e-08   2.4035e-22  1.17311e-08 -7.07114e-22  1.20922e-08  1.35424e-21 -1.02285e-08 -1.98871e-21  2.03465e-10   2.3446e-21    3.132e-09 -2.25063e-21  -7.1151e-10  1.76266e-21 -8.14683e-10 -1.13103e-21  2.42685e-10  6.20833e-22  2.18392e-10 -3.45204e-22  -4.7758e-11   2.4701e-22 -5.84424e-11 -2.09873e-22   1.8316e-12  1.69909e-22   1.3219e-11 -1.32384e-22  2.66723e-12  1.14898e-22 -1.91943e-12 -1.07255e-22  -1.0477e-12   8.8944e-23  1.51021e-14 -5.88414e-23  1.78365e-13  3.09778e-23  5.86435e-14 -1.35775e-23 -5.11181e-15  4.71338e-24 -9.78705e-15 -7.00805e-25  -2.9786e-15 -4.04643e-25  2.45348e-17  1.94868e-25  3.28949e-16  7.46034e-26  1.20962e-16 -9.91397e-26  1.53234e-17  4.79222e-26 -4.33197e-18 -1.54405e-26 -2.71233e-18  1.65857e-27  -6.6568e-19  1.79747e-27 -6.40158e-20 -1.14625e-27  1.48746e-20  3.75862e-28  7.86452e-21 -7.93243e-29  1.78284e-21 -1.34896e-29  2.28124e-22  1.45906e-29  5.30461e-24 -1.10399e-30 -5.02451e-24 -1.06194e-30 -1.36012e-24  2.08296e-31 -2.08291e-25 -2.07455e-32 -2.08042e-26   2.1902e-33 -1.10403e-27  2.79245e-33  4.15685e-29 -2.18448e-34   1.6255e-29 -1.23178e-34  1.93686e-30 -6.52844e-36  1.45522e-31  3.13166e-36  7.39105e-33  2.88452e-37  2.40228e-34 -1.59222e-38  3.86505e-36   1.7557e-39 -1.91536e-38  2.18145e-40 -1.56997e-39  1.59871e-43
 6.88076e-31  5.03794e-14 -3.67819e-29 -1.29649e-12  5.51043e-28  1.72975e-11 -3.85395e-27 -1.50103e-10  1.00814e-26  9.33054e-10  5.82403e-26 -4.37494e-09 -7.79734e-25  1.59445e-08  4.60568e-24 -4.59412e-08   -1.842e-23  1.05437e-07  5.47346e-23   -1.925e-07 -1.23545e-22  2.76303e-07  2.05106e-22 -3.02937e-07 -2.07831e-22  2.37369e-07 -5.23003e-23 -1.08723e-07  7.91068e-22 -2.55481e-09 -2.09028e-21  3.91255e-08  3.71512e-21 -1.78722e-08 -5.10267e-21 -6.07928e-09  5.63864e-21   7.1793e-09 -5.07278e-21  5.29598e-10  3.71835e-21 -2.11783e-09 -2.23063e-21 -7.49035e-11  1.15529e-21  5.57096e-10  -6.3706e-22  6.42791e-11  4.79379e-22 -1.25807e-10 -4.16473e-22  -3.6357e-11  3.27715e-22  1.97961e-11 -2.42202e-22  1.23002e-11   2.0462e-22 -5.39692e-13 -1.92042e-22 -2.42706e-12  1.58709e-22 -6.73305e-13 -1.02023e-22   1.7092e-13  5.09571e-23   1.6212e-13 -2.08998e-23  3.38436e-14  6.60986e-24  -9.0502e-15 -5.16557e-25 -7.53266e-15  -8.9349e-25 -1.80442e-15  3.45602e-25  1.07959e-16  1.21193e-25  2.13655e-16 -1.47914e-25  6.99887e-17  6.90456e-26   8.6097e-18 -2.32123e-26 -1.96145e-18  2.85847e-27 -1.24809e-18  2.46004e-27 -3.10313e-19 -1.52445e-27 -3.70905e-20  4.79731e-28  2.58265e-21 -9.97378e-29  2.28452e-21 -2.18418e-29  5.64711e-22  2.08838e-29  8.32276e-23 -1.68107e-30  6.35427e-24 -1.28501e-30 -3.50319e-25  2.32169e-31 -1.96712e-25  -2.3474e-32 -3.43978e-26  1.43288e-33 -3.84357e-27  3.39562e-33 -2.88266e-28 -9.74763e-35 -1.19684e-29 -1.49042e-34  1.91988e-31 -9.39268e-36   7.2851e-32  3.55083e-36  5.95148e-33  2.82297e-37  2.80609e-34 -1.23379e-38  8.01958e-36  1.46262e-39  1.21597e-37  1.15231e-40  5.94876e-40
-1.29739e-14  1.51997e-29   6.0225e-13  -4.0821e-28 -1.08304e-11    4.494e-27  1.16442e-10 -2.57923e-26 -8.62306e-10  5.82403e-26  4.71533e-09  2.98607e-25 -1.98042e-08 -3.60841e-24  6.53738e-08    1.945e-23 -1.71712e-07 -7.15047e-23  3.60191e-07  1.96156e-22 -6.00221e-07 -4.08941e-22  7.80899e-07   6.2166e-22 -7.62564e-07 -5.44701e-22  5.07583e-07 -3.11015e-22  -1.5842e-07  2.40157e-21 -6.96438e-08 -5.71064e-21  9.37579e-08  9.41373e-21 -1.79649e-08 -1.20814e-20 -2.41875e-08  1.24993e-20  1.12923e-08 -1.05279e-20  5.47703e-09  7.21743e-21 -3.65994e-09 -4.04625e-21 -1.45561e-09  1.97786e-21  8.92744e-10 -1.08745e-21  4.52471e-10  8.62612e-22  -1.4775e-10 -7.62079e-22 -1.30198e-10  5.78695e-22  3.02133e-12 -4.01445e-22  2.73566e-11   3.3078e-22  7.08512e-12 -3.16512e-22  -2.8242e-12  2.62507e-22  -2.1253e-12 -1.63893e-22 -2.69724e-13   7.7339e-23  2.23231e-13 -2.96164e-23  1.18781e-13  8.48475e-24  1.50792e-14  8.86886e-26 -8.60374e-15   -1.677e-24  -4.9205e-15  5.52719e-25 -9.82046e-16  1.84039e-25  9.00307e-17 -2.01486e-25   1.1685e-16  9.05946e-26  3.56931e-17 -3.25341e-26  4.60282e-18  4.78621e-27 -6.34653e-19  3.03532e-27 -4.71074e-19 -1.91236e-27 -1.21233e-19  5.91137e-28 -1.70234e-20 -1.21239e-28 -3.84021e-22 -3.00063e-29   4.6158e-22  2.68332e-29  1.33387e-22  -2.3268e-30  2.17285e-23 -1.40911e-30  2.23857e-24  2.52149e-31  9.95911e-26 -2.87034e-32 -1.25102e-26 -6.96158e-34   -3.345e-27   3.9303e-33 -4.11905e-28  7.42645e-35 -3.35425e-29 -1.63889e-34 -1.85612e-30 -1.06764e-35 -6.19058e-32  3.61626e-36  -4.4959e-34  2.40611e-37  6.41718e-35 -8.42924e-39   3.0619e-36  9.71688e-40  5.21985e-38  4.14857e-41
-3.02989e-30  -2.0751e-13  2.06927e-28   5.5038e-12 -3.59635e-27 -7.57838e-11  3.10753e-26  6.79743e-10 -1.50735e-25 -4.37494e-09  2.98607e-25   2.1282e-08  1.37236e-24 -8.06583e-08 -1.50677e-23  2.42375e-07  7.44597e-23 -5.82255e-07 -2.52472e-22  1.11821e-06  6.40869e-22 -1.70049e-06 -1.23514e-21  1.99893e-06  1.71465e-21 -1.72069e-06 -1.26109e-21  9.36327e-07 -1.28505e-21 -1.22559e-07  6.71222e-21  -2.5331e-07 -1.44371e-20  1.73683e-07   2.2086e-20  1.43709e-08 -2.64714e-20 -5.99791e-08  2.56164e-20  8.06024e-09 -2.01821e-20  1.67609e-08  1.29365e-20 -3.23366e-09 -6.77926e-21 -4.59368e-09  3.12797e-21  5.47384e-10 -1.72206e-21  1.20528e-09    1.444e-21  6.23318e-11 -1.29295e-21 -2.58948e-10   9.3958e-22  -7.3738e-11 -6.01536e-22  3.28613e-11  4.84697e-22   2.3577e-11 -4.82605e-22  1.46126e-12  4.04907e-22  -3.4881e-12 -2.45136e-22 -1.43792e-12  1.08733e-22 -1.99351e-15 -3.88915e-23  1.96149e-13  1.00939e-23  7.36244e-14  1.24059e-24  4.80739e-15   -2.801e-24 -6.12933e-15  8.08102e-25 -2.79438e-15  2.62926e-25 -4.93597e-16 -2.50587e-25  4.72895e-17  1.07774e-25   5.3923e-17 -4.26705e-26  1.59332e-17  7.74722e-27   2.2417e-18  3.33108e-27 -1.07825e-19 -2.29343e-27 -1.40743e-19  7.08981e-28 -3.85167e-20 -1.39991e-28  -6.0705e-21 -3.57855e-29 -4.53925e-22  3.10744e-29  4.69766e-23 -3.07035e-30  2.17395e-23 -1.37899e-30  3.94567e-24   2.7886e-31  4.61926e-25  -3.7419e-32   3.4865e-26 -4.51807e-33  1.05389e-27  4.31399e-33 -1.25005e-28  2.60394e-34 -2.25772e-29 -1.63533e-34 -1.92628e-30  -9.7906e-36 -1.05465e-31  3.31764e-36 -3.76233e-33  1.75609e-37 -7.93597e-35 -5.26299e-39 -7.08969e-37   4.9388e-40  5.39867e-40
 4.60723e-14  -6.4442e-29 -2.20516e-12  2.07584e-27  4.09425e-11 -2.62837e-26 -4.55131e-10   1.8612e-25  3.49055e-09 -7.79734e-25 -1.98042e-08  1.37236e-24  8.64877e-08  5.69946e-24 -2.97632e-07  -5.7172e-23  8.17617e-07  2.60069e-22 -1.80121e-06 -8.15812e-22  3.17055e-06  1.92046e-21 -4.39566e-06  -3.4252e-21  4.64583e-06  4.33038e-21 -3.47027e-06 -2.55941e-21  1.43388e-06 -4.32716e-21  1.96209e-07  1.72822e-20 -6.28961e-07 -3.38316e-20  2.33944e-07  4.80867e-20  1.22737e-07 -5.38086e-20 -1.07778e-07  4.86566e-20 -1.82144e-08 -3.58279e-20  3.37286e-08  2.14768e-20  3.99496e-09  -1.0532e-20 -9.03676e-09  4.58402e-21 -1.77337e-09  -2.5322e-21  2.00047e-09  2.25551e-21   7.6376e-10 -2.04495e-21 -2.84737e-10  1.40663e-21 -2.31132e-10 -8.08002e-22 -6.44911e-12   6.3981e-22  4.15794e-11 -6.83995e-22  1.44524e-11  5.85615e-22 -2.01508e-12  -3.4268e-22 -2.95047e-12  1.41979e-22 -7.81026e-13 -4.76828e-23   1.0562e-13  1.13606e-23  1.36824e-13  2.97002e-24  3.98936e-14 -4.26721e-24  7.78968e-16  1.08785e-24 -3.54602e-15    3.567e-25 -1.39641e-15 -2.83434e-25 -2.32499e-16  1.14621e-25  1.64272e-17 -5.24484e-26  2.07722e-17  1.20535e-26  6.12473e-18  3.14876e-27  9.46793e-19 -2.66895e-27  2.13818e-20  8.26597e-28 -3.10301e-20 -1.48763e-28 -9.56375e-21 -3.65585e-29 -1.64545e-21  3.23425e-29 -1.71427e-22 -4.00222e-30 -4.91884e-24  -1.1666e-30  1.98776e-24   3.2468e-31  4.62892e-25  -4.9203e-32   5.8979e-26 -9.81295e-33  5.07214e-27  4.45547e-33   2.8755e-28   4.1357e-34  7.73611e-30 -1.47587e-34 -2.98637e-31 -6.99685e-36 -4.35913e-32  2.74372e-36 -2.25097e-33  1.06877e-37 -6.19155e-35 -3.06101e-39 -7.86338e-37  1.68534e-40
 7.23468e-30  6.58258e-13 -8.20777e-28 -1.80348e-11  1.65879e-26  2.56874e-10  -1.6399e-25 -2.38703e-09  9.80961e-25  1.59445e-08 -3.60841e-24 -8.06583e-08  5.69946e-24  3.18647e-07  2.15317e-23 -1.00096e-06 -1.98267e-22  2.52276e-06  8.33191e-22 -5.10742e-06 -2.42491e-21  8.24406e-06  5.30568e-21 -1.03995e-05  -8.7676e-21  9.81107e-06  1.00674e-20   -6.202e-06  -4.4552e-21  1.62422e-06 -1.25672e-20  1.13796e-06  4.10754e-20 -1.21852e-06 -7.36356e-20  1.47574e-07  9.73724e-20   3.5422e-07 -1.01689e-19 -1.32005e-07  8.58278e-20 -8.80926e-08 -5.90193e-20  4.59575e-08  3.31168e-20  2.42058e-08 -1.52315e-20 -1.12911e-08  6.23707e-21 -7.34447e-09 -3.45253e-21  1.69952e-09  3.29868e-21  2.03033e-09 -3.03286e-21  7.89862e-11  1.94423e-21 -4.04489e-10 -9.52668e-22 -1.30447e-10  7.49529e-22  3.50213e-11 -9.05417e-22  3.42451e-11  7.98085e-22  6.08156e-12 -4.48906e-22   -3.042e-12  1.72367e-22 -1.98194e-12 -5.51165e-23 -3.44279e-13  1.25081e-23  1.09793e-13  5.18665e-24  8.03847e-14 -6.02256e-24  1.94083e-14  1.35023e-24   -1.683e-16  4.64991e-25 -1.71215e-15 -2.88443e-25 -6.15226e-16  1.05091e-25 -1.01953e-16  -6.0376e-26  2.63371e-18  1.79448e-26  6.51144e-18  2.35386e-27  1.97792e-18 -3.06081e-27  3.32518e-19  9.26491e-28  2.37876e-20 -1.38108e-28 -4.15423e-21 -2.95724e-29 -1.74626e-21  2.98928e-29  -3.2793e-22 -5.24604e-30 -3.95517e-23 -7.85879e-31 -2.84323e-24  3.97132e-31 -1.03227e-26 -6.19766e-32  2.83894e-26 -1.56867e-32  4.34479e-27  4.28906e-33  3.90323e-28  4.92551e-34  2.36665e-29 -1.19986e-34  9.48176e-31 -3.30094e-36  2.11537e-32  2.04159e-36  4.26645e-35  5.17514e-38 -9.37597e-36 -1.57545e-39 -1.31512e-37
-1.26958e-13  1.75281e-28  6.28133e-12 -7.62581e-27 -1.20713e-10  1.10348e-25  1.39099e-09 -8.91316e-25 -1.10766e-08  4.60568e-24  6.53738e-08 -1.50677e-23 -2.97632e-07  2.15317e-23  1.07055e-06  7.44054e-23 -3.08359e-06 -6.31488e-22  7.15192e-06  2.45951e-21 -1.33278e-05 -6.65925e-21  1.97241e-05  1.35735e-20 -2.25663e-05 -2.08129e-20  1.87997e-05  2.16493e-20 -9.63162e-06 -6.27029e-21  6.40687e-07 -3.23828e-20  3.12001e-06  9.03657e-20 -1.86003e-06 -1.49185e-19  -3.1423e-07  1.83765e-19  7.10658e-07 -1.79009e-19 -5.08444e-08  1.40825e-19 -2.10685e-07 -9.03653e-20  2.72599e-08  4.75606e-20  5.93305e-08 -2.05932e-20  -3.5426e-09  7.87923e-21 -1.55907e-08 -4.34549e-21 -1.63792e-09  4.53915e-21  3.27694e-09 -4.24638e-21  1.13251e-09  2.47935e-21 -3.76108e-10  -9.3426e-22   -3.315e-10  7.52455e-22 -3.59144e-11 -1.12531e-21  4.49571e-11  1.02936e-21  2.15587e-11 -5.51816e-22  1.10451e-12  1.94418e-22 -2.58537e-12 -6.08866e-23 -1.12173e-12  1.40792e-23 -1.22447e-13  7.70131e-24  7.51991e-14 -7.95959e-24  4.09189e-14  1.53686e-24  8.65898e-15  5.90045e-25 -1.38607e-16  -2.5749e-25 -6.92935e-16  7.44102e-26 -2.37135e-16  -6.4909e-26 -4.05281e-17  2.54992e-26 -9.57555e-19  9.54928e-28  1.57943e-18 -3.50507e-27  5.18887e-19  9.78266e-28  9.36593e-20 -9.93704e-29  9.63504e-21 -1.23704e-29  1.81309e-23  2.38113e-29 -2.06665e-22 -6.89222e-30 -4.53725e-23 -2.94033e-31 -5.94584e-24   4.9301e-31  -5.2386e-25 -7.24787e-32 -2.77007e-26 -2.07541e-32 -9.15403e-29  3.81007e-33  1.38581e-28  4.78762e-34  1.44634e-29  -8.7551e-35  8.35734e-31  5.05652e-38  2.99958e-32  1.35826e-36  6.25011e-34  1.80382e-38  5.83141e-36 -5.96674e-40
 6.10257e-30 -1.63202e-12  2.23247e-27  4.63203e-11 -5.62227e-26 -6.84417e-10  6.28765e-25  6.60805e-09 -4.28399e-24 -4.59412e-08    1.945e-23  2.42375e-07  -5.7172e-23 -1.00096e-06  7.44054e-23  3.29623e-06  2.36281e-22 -8.74004e-06 -1.85489e-21  1.87022e-05  6.71527e-21 -3.21156e-05 -1.69591e-20  4.35374e-05  3.22798e-20 -4.49591e-05 -4.60114e-20   3.2538e-05  4.32604e-20 -1.23999e-05 -5.72279e-21 -2.98127e-06 -7.52938e-20  6.38707e-06  1.84567e-19 -2.04059e-06 -2.81974e-19 -1.42875e-06   3.2387e-19  1.06621e-06  -2.9401e-19  2.55598e-07  2.15194e-19   -3.528e-07 -1.28774e-19 -6.15388e-08  6.38071e-20   9.7137e-08  -2.6153e-20  2.43025e-08  9.21024e-21 -2.15396e-08 -5.00532e-21 -9.64386e-09  5.92182e-21  2.88083e-09 -5.65758e-21  2.80806e-09  2.90627e-21  1.89393e-10 -6.31975e-22 -4.84223e-10    5.864e-22 -1.91636e-10  -1.3215e-21  1.63336e-11  1.26122e-21  3.61363e-11 -6.36358e-22  1.09236e-11  2.03064e-22 -8.06287e-13 -6.54916e-23 -1.68252e-12   1.6791e-23    -5.54e-13  1.02962e-23 -3.47087e-14 -9.92807e-24  4.03351e-14  1.57843e-24   1.8287e-14  7.37475e-25  3.58123e-15 -1.88629e-25 -8.72478e-18  2.03447e-26 -2.32185e-16 -6.48618e-26 -7.86209e-17  3.45645e-26 -1.40768e-17 -8.36607e-28 -9.36345e-19  -4.0365e-27  2.63368e-19  9.42419e-28  1.05405e-19 -2.83581e-29  2.03826e-20  1.66197e-29  2.48259e-21  1.50813e-29   1.5438e-22 -8.91927e-30 -9.18677e-24  2.22168e-31 -3.85477e-24  5.96618e-31 -5.60876e-25 -7.73201e-32 -5.25693e-26 -2.36108e-32 -3.36558e-27  3.08922e-33 -1.34539e-28  3.83772e-34  -1.7207e-30 -5.72627e-35  1.48176e-31  2.15861e-36  9.83541e-33  7.96407e-37   2.5105e-34  3.27137e-39  2.11497e-36
 2.73886e-13 -1.71707e-28  -1.4053e-11  1.98957e-26  2.80451e-10  -3.4464e-25 -3.36084e-09  3.13057e-24   2.7878e-08   -1.842e-23 -1.71712e-07  7.44597e-23  8.17617e-07 -1.98267e-22 -3.08359e-06  2.36281e-22  9.34199e-06  6.92249e-22 -2.28803e-05 -5.04229e-21  4.52657e-05  1.70143e-20 -7.16707e-05  -4.0182e-20   8.8842e-05   7.1604e-20 -8.22205e-05  -9.5097e-20  5.03625e-05  8.06971e-20 -1.14058e-05  2.32389e-21 -1.10801e-05  -1.5976e-19  1.05365e-05  3.51014e-19 -7.98719e-07 -4.98315e-19 -3.34129e-06  5.34027e-19  1.08708e-06 -4.51168e-19  8.85322e-07  3.06509e-19  -4.0625e-07 -1.70979e-19  -2.5124e-07  8.02534e-20  1.02227e-07 -3.13612e-20  7.67949e-08  9.85856e-21 -1.46426e-08 -5.19498e-21 -2.12177e-08  7.41161e-21 -1.47352e-09  -7.2378e-21  4.18234e-09  3.10276e-21  1.50383e-09  6.71018e-23 -3.27107e-10  2.09013e-22 -3.77635e-10 -1.47793e-21 -7.76167e-11  1.47228e-21  3.04848e-11 -6.86813e-22  2.25951e-11  1.94922e-22  4.53909e-12 -7.01762e-23 -1.03029e-12  2.12509e-23 -9.10824e-13  1.28179e-23 -2.45035e-13 -1.17562e-23 -8.16247e-15  1.40595e-24  1.77725e-14  9.15128e-25  7.19082e-15 -8.72349e-26  1.36611e-15 -5.60144e-26  3.55218e-17 -5.98957e-26 -6.23874e-17   4.4739e-26 -2.18439e-17 -2.59549e-27 -4.10949e-18 -4.66812e-27 -4.04721e-19  7.80448e-28  1.73466e-20  7.21042e-29  1.52682e-20  5.74318e-29  3.26521e-21  5.35935e-30  4.35071e-22 -1.11427e-29  3.76623e-23  6.69976e-31  1.49298e-24  6.83713e-31 -1.23477e-25 -7.41914e-32 -2.87623e-26 -2.33903e-32 -2.85206e-27  2.25525e-33 -1.81106e-28  2.43595e-34 -7.62514e-30 -3.37246e-35 -1.97238e-31  2.80094e-36 -2.38857e-33  3.99576e-37  2.39158e-36 -3.80654e-40
-1.47434e-28  3.17504e-12 -3.24365e-27 -9.37072e-11  1.38157e-25  1.44177e-09 -1.80927e-24 -1.45172e-08  1.38221e-23  1.05437e-07 -7.15047e-23 -5.82255e-07  2.60069e-22  2.52276e-06 -6.31488e-22 -8.74004e-06  6.92249e-22  2.44646e-05   1.8774e-21 -5.55119e-05 -1.27231e-20  0.000101709  4.01157e-20 -0.000148492 -8.88252e-20  0.000167825  1.48607e-19 -0.000137747 -1.84426e-19  6.82551e-05  1.41214e-19 -1.49178e-06  2.70644e-20 -2.50644e-05 -3.11871e-19  1.39276e-05  6.23388e-19  3.12808e-06 -8.25153e-19 -5.75772e-06  8.25224e-19  2.32581e-07 -6.47547e-19  1.79386e-06   4.0709e-19 -1.84187e-07 -2.11723e-19 -5.22235e-07  9.50576e-20  1.88868e-08 -3.56852e-20  1.40366e-07  9.40973e-21  1.78772e-08 -4.72228e-21 -2.98804e-08  9.05004e-21 -1.11822e-08 -8.97374e-21  3.34008e-09   2.9545e-21  3.24018e-09  1.23136e-21  4.13504e-10 -3.81216e-22 -4.29817e-10 -1.58961e-21 -2.21438e-10  1.64072e-21 -1.61501e-11 -6.89801e-22  2.52262e-11   1.6929e-22   1.1815e-11 -7.65785e-23  1.55349e-12  2.76436e-23 -6.96126e-13  1.52548e-23 -4.24846e-13  -1.3278e-23 -9.89743e-14  9.66169e-25 -2.23517e-15  1.13022e-24   6.4986e-15  3.50331e-26  2.46863e-15 -1.50225e-25  4.70501e-16 -5.09526e-26  2.80551e-17  5.54129e-26 -1.25329e-17 -3.73932e-27 -4.90032e-18 -5.37311e-27 -9.69625e-19  4.68875e-28 -1.16226e-19  1.92188e-28 -4.96494e-21  1.08072e-28  1.27002e-21 -3.45851e-30  3.55326e-22  -1.3225e-29  5.09012e-23  9.74932e-31  4.87817e-24  7.29836e-31  3.09067e-25 -6.27498e-32  9.46326e-27 -2.01279e-32 -3.88341e-28  1.45287e-33 -6.71395e-29  1.02846e-34 -4.13155e-30   -1.817e-35 -1.42844e-31   2.3609e-36 -2.63222e-33  1.61423e-37 -1.69906e-35
-4.61634e-13  -1.0546e-27  2.46754e-11 -3.13484e-26 -5.13655e-10  7.90035e-25  6.42968e-09 -8.30253e-24  -5.5797e-08  5.47346e-23  3.60191e-07 -2.52472e-22 -1.80121e-06  8.33191e-22  7.15192e-06 -1.85489e-21 -2.28803e-05   1.8774e-21  5.94011e-05  4.72658e-21 -0.000125202 -2.98751e-20  0.000212729   8.8228e-20 -0.000286217 -1.83648e-19  0.000293661  2.89368e-19  -0.00021042  -3.3679e-19  7.70638e-05  2.33085e-19  2.38922e-05  8.21353e-20 -4.44628e-05 -5.63619e-19  1.33002e-05  1.03664e-18  1.07485e-05 -1.28284e-18 -7.62339e-06  1.19686e-18 -2.06894e-06 -8.69927e-19   2.6521e-06  5.04108e-19  5.16008e-07 -2.44765e-19 -7.58257e-07  1.06649e-19 -2.03038e-07 -3.86453e-20  1.73302e-07  7.44025e-21  8.13181e-08 -3.54621e-21 -2.35113e-08  1.10008e-20 -2.41334e-08 -1.08675e-20 -1.84294e-09  2.38106e-21  4.22156e-09   2.8489e-21  1.73878e-09 -1.13202e-21 -1.26403e-10 -1.66346e-21 -3.27228e-10  1.74718e-21 -1.03794e-10 -6.37201e-22  5.62203e-12  1.28514e-22  1.54455e-11 -8.62287e-23  5.37097e-12  3.55314e-23  4.40121e-13  1.77637e-23  -3.5283e-13 -1.43638e-23 -1.73446e-13  2.37965e-25  -3.6876e-14    1.386e-24  -1.1076e-15  1.63322e-25  1.94799e-15 -2.55316e-25  7.27144e-16 -4.04571e-26  1.41656e-16  6.58542e-26  1.27818e-17 -3.65027e-27 -1.52881e-18  -6.0771e-27 -8.38586e-19  1.24781e-29 -1.76994e-19  3.17818e-28 -2.35627e-20  1.64459e-28 -1.86924e-21 -9.72426e-30 -1.10948e-23 -1.47553e-29  2.16063e-23  1.09738e-30  3.66642e-24  7.19316e-31  3.64816e-25 -4.48444e-32  2.46275e-26 -1.47474e-32  1.10515e-27  7.96997e-34  2.73678e-29 -2.98614e-36 -2.53831e-32  -9.2241e-36 -2.37466e-32  1.47869e-36 -5.60662e-34   4.5134e-38
 7.90634e-28 -4.81196e-12 -4.15596e-27  1.48484e-10 -2.16179e-25 -2.39154e-09  3.84658e-24  2.52435e-08 -3.38057e-23   -1.925e-07  1.96156e-22  1.11821e-06 -8.15812e-22 -5.10742e-06  2.45951e-21  1.87022e-05 -5.04229e-21 -5.55119e-05  4.72658e-21  0.000134134  1.10731e-20 -0.000263227 -6.54172e-20  0.000415142   1.8137e-19 -0.000514085 -3.55896e-19  0.000475815  5.30015e-19 -0.000290324 -5.81123e-19  6.18024e-05  3.65113e-19  7.04914e-05  1.84217e-19  -6.5171e-05 -9.47706e-19  4.09191e-06   1.6182e-18  2.18577e-05 -1.87595e-18 -7.02607e-06  1.63127e-18 -6.03196e-06 -1.09424e-18  2.77998e-06  5.81635e-19  1.76858e-06 -2.64583e-19 -7.33123e-07  1.14152e-19 -5.58957e-07 -3.97272e-20  1.10559e-07   3.5654e-21  1.60218e-07  -1.8842e-21   1.0735e-08   1.3549e-20 -3.27853e-08 -1.29095e-20 -1.18565e-08   1.3564e-21  2.66117e-09  4.80558e-21  3.08055e-09 -1.93967e-21  6.43399e-10  -1.7145e-21   -2.518e-10  1.77767e-21 -1.90624e-10 -5.28172e-22 -3.96618e-11  7.76206e-23  8.27802e-12 -1.00122e-22  7.78259e-12  4.38784e-23  2.18093e-12  2.06289e-23  1.08766e-13 -1.49461e-23 -1.44594e-13 -7.55761e-25  -6.2174e-14  1.67953e-24 -1.26215e-14  2.83943e-25  -6.4163e-16 -3.63244e-25  4.61117e-16 -3.21293e-26  1.78797e-16   7.5311e-26  3.59136e-17 -1.83481e-27  4.08368e-18 -6.66651e-27  2.53017e-20 -5.48665e-28 -9.80628e-20  4.34932e-28 -2.35649e-20  2.20946e-28   -3.345e-21 -1.24113e-29  -3.1693e-22 -1.53738e-29 -1.75376e-23  1.03731e-30  8.07964e-26  6.50895e-31   1.2808e-25 -2.39947e-32  1.43266e-26 -8.68324e-33  9.29025e-28  3.43654e-34  3.87161e-29 -5.86888e-35  9.87123e-31 -4.53867e-36  1.27328e-32  6.82953e-37  4.15903e-35
 5.98591e-13  7.11996e-27 -3.35624e-11 -6.26463e-27  7.33603e-10 -1.17969e-24  -9.6536e-09  1.63047e-23  8.81877e-08 -1.23545e-22 -6.00221e-07  6.40869e-22  3.17055e-06 -2.42491e-21 -1.33278e-05  6.71527e-21  4.52657e-05 -1.27231e-20 -0.000125202  1.10731e-20  0.000282475  2.41868e-20 -0.000517175 -1.33809e-19  0.000757507  3.49075e-19 -0.000861502 -6.47689e-19   0.00071271  9.15388e-19 -0.000354917 -9.50635e-19  3.40394e-06   5.4648e-19  0.000139496  3.49217e-19 -7.82544e-05 -1.48889e-18 -1.81352e-05  2.37682e-18  3.39807e-05 -2.58476e-18 -1.59721e-06  2.09145e-18 -1.10127e-05  -1.2885e-18  1.27808e-06  6.24486e-19  3.33521e-06 -2.68234e-19 -1.72539e-07  1.17492e-19 -9.37563e-07 -3.81901e-20 -1.06811e-07 -2.48381e-21  2.10284e-07 -2.76443e-22  7.60373e-08   1.7028e-20 -2.54071e-08 -1.50277e-20 -2.34785e-08 -8.07966e-23 -2.77235e-09  6.88825e-21  3.28991e-09 -2.66898e-21  1.66594e-09 -1.75944e-21  1.13084e-10  1.72623e-21 -1.97134e-10 -3.69543e-22 -9.22537e-11  2.32814e-23 -1.23519e-11 -1.18539e-22  5.39757e-12  5.13127e-23  3.36443e-12  2.41648e-23  8.07161e-13 -1.50369e-23   2.9118e-14 -1.94603e-24 -4.87643e-14  2.00206e-24 -1.94231e-14  3.88676e-25 -3.89241e-15  -4.6653e-25 -3.00112e-16 -3.03351e-26  7.86872e-17  8.31026e-26  3.52454e-17  1.92342e-27  7.36022e-18 -7.01332e-27  9.53262e-19 -1.14239e-27  5.95726e-20  5.33214e-28 -5.31346e-21  2.71335e-28 -2.06194e-21 -1.12795e-29 -3.16469e-22 -1.48924e-29 -3.16935e-23  8.28651e-31 -2.16168e-24  5.37678e-31  -8.8603e-26 -4.31006e-33 -4.89872e-28 -3.33344e-33  1.99061e-28  8.73936e-35  1.36642e-29 -6.97994e-35  4.38279e-31 -2.13646e-36  6.33776e-33  2.05354e-37
-2.82079e-27  5.55025e-12  4.46448e-26  -1.8063e-10  3.59475e-26  3.07093e-09 -5.35207e-24 -3.42496e-08  6.11268e-23  2.76303e-07 -4.08941e-22 -1.70049e-06  1.92046e-21  8.24406e-06 -6.65925e-21 -3.21156e-05  1.70143e-20  0.000101709 -2.98751e-20 -0.000263227  2.41868e-20   0.00055619  4.93337e-20 -0.000951777 -2.56005e-19   0.00129483  6.29841e-19  -0.00134799 -1.10877e-18  0.000983252  1.49419e-18    -0.000368 -1.47923e-18 -0.000116108  7.87145e-19   0.00022317  5.86366e-19 -7.04558e-05 -2.19355e-18 -5.51768e-05  3.29218e-18  4.18287e-05  -3.3606e-18  1.04614e-05  2.52392e-18 -1.51564e-05 -1.41912e-18 -2.57691e-06  6.22874e-19  4.54697e-06 -2.56662e-19  1.09468e-06  1.17062e-19  -1.1057e-06 -3.28716e-20 -4.81276e-07 -1.07459e-20   1.6689e-07  4.35585e-22   1.5456e-07  2.16775e-20  7.95103e-09 -1.70343e-20 -2.92039e-08 -1.82781e-21 -1.13881e-08  8.81794e-21  1.16059e-09 -3.18636e-21  2.32227e-09 -1.81086e-21  7.10848e-10  1.59672e-21 -5.11958e-11 -1.74329e-22 -1.12723e-10  -2.7582e-23 -3.86767e-11 -1.41132e-22   -3.106e-12  5.65425e-23  2.57863e-12  2.85931e-23  1.27076e-12   -1.473e-23  2.75256e-13  -3.2285e-24  1.10583e-14  2.34166e-24 -1.33924e-14  4.77582e-25  -5.1953e-15 -5.59517e-25 -1.04873e-15 -3.90444e-26 -1.06649e-16  8.86943e-26  6.87284e-18  7.46752e-27  5.21886e-18 -7.00942e-27  1.16214e-18 -1.67877e-27  1.61857e-19  6.07614e-28  1.42683e-20  3.10105e-28   4.4899e-22 -6.83066e-30 -8.69735e-23  -1.3363e-29 -1.77762e-23  5.27235e-31 -1.83885e-24  4.01956e-31 -1.25767e-25  1.07544e-32 -5.77873e-27  3.96584e-34  -1.6224e-28 -1.95089e-35 -1.83378e-30  -5.4279e-35  2.63431e-32 -8.80923e-37  6.23854e-34
-5.74371e-13 -2.59901e-26   3.4196e-11  2.29657e-25 -7.93843e-10  3.21815e-25  1.10994e-08 -2.07621e-23 -1.07807e-07  2.05106e-22  7.80899e-07 -1.23514e-21 -4.39566e-06  5.30568e-21  1.97241e-05 -1.69591e-20 -7.16707e-05  4.01157e-20  0.000212729 -6.54172e-20 -0.000517175  4.93337e-20   0.00102635  9.40673e-20  -0.00164422 -4.58509e-19   0.00207685  1.06637e-18  -0.00196966   -1.788e-18   0.00124039  2.31028e-18 -0.000283924 -2.19648e-18 -0.000305358  1.09851e-18  0.000301794   8.9196e-19  -2.7288e-05 -3.04073e-18 -0.000103299  4.30922e-18  3.79593e-05 -4.12814e-18  2.89337e-05  2.86724e-18 -1.55307e-05  -1.4593e-18 -8.75122e-06  5.76311e-19  4.38425e-06 -2.34895e-19  2.94016e-06  1.13086e-19 -7.69135e-07 -2.21407e-20 -9.10998e-07 -2.08891e-20 -2.40908e-08  -7.6222e-22  2.03848e-07  2.74752e-20  6.62566e-08  -1.8605e-20 -1.98296e-08 -3.72791e-21 -1.94423e-08  1.03084e-20 -3.59821e-09 -3.39565e-21  1.81416e-09 -1.87481e-21  1.24822e-09  1.40296e-21  2.41953e-10  4.12461e-23 -6.21214e-11 -6.92129e-23  -5.2869e-11 -1.67169e-22 -1.44601e-11  5.87753e-23 -6.43427e-13  3.39388e-23   9.8939e-13 -1.41868e-23   4.2115e-13 -4.48552e-24  8.62285e-14  2.68706e-24  4.98175e-15   5.5915e-25  -2.8795e-15 -6.38846e-25 -1.15646e-15 -6.06248e-26 -2.37765e-16  9.17691e-26 -2.86863e-17   1.4265e-26 -7.88113e-19 -6.59917e-27  5.05143e-19 -2.07217e-27  1.32153e-19  6.57248e-28  1.93506e-20  3.33436e-28   1.9053e-21 -1.21383e-31  1.19108e-22 -1.10643e-29  2.37934e-24  1.96908e-31 -4.02655e-25  2.67631e-31 -5.29028e-26   1.9345e-32 -3.42849e-27  2.27989e-33 -1.35414e-28 -3.90914e-35 -3.12014e-30 -3.12921e-35 -3.31739e-32 -2.61531e-37
 7.71553e-27 -4.60743e-12 -1.68091e-25  1.60859e-10  1.04923e-24 -2.93171e-09  1.34454e-24  3.50394e-08 -7.00637e-23 -3.02937e-07   6.2166e-22  1.99893e-06  -3.4252e-21 -1.03995e-05  1.35735e-20  4.35374e-05  -4.0182e-20 -0.000148492   8.8228e-20  0.000415142 -1.33809e-19 -0.000951777  9.40673e-20   0.00177899  1.67769e-19  -0.00267176 -7.68976e-19   0.00313037  1.69501e-18  -0.00268589 -2.71949e-18   0.00141087   3.3911e-18 -5.81846e-05  -3.1218e-18 -0.000554453  1.49332e-18  0.000344221  1.24554e-18  6.13846e-05 -3.97865e-18  -0.00015134  5.34073e-18  1.49925e-05 -4.79563e-18  5.03262e-05  3.06428e-18 -8.96865e-06 -1.39667e-18 -1.59397e-05  4.95244e-19  1.83037e-06 -2.10937e-19  4.79913e-06  1.04958e-19  2.83202e-07 -4.11597e-21 -1.18141e-06 -3.20862e-20 -3.61351e-07 -4.83572e-21  1.69076e-07  3.40099e-20   1.3029e-07 -1.93177e-20   9.8069e-09 -5.58767e-21 -2.08887e-08  1.11354e-20 -9.49522e-09 -3.26416e-21  -3.0505e-10 -1.95272e-21    1.285e-09  1.16677e-21  5.55362e-10  2.61243e-22  6.39441e-11 -9.81484e-23 -3.70059e-11 -1.95744e-22 -2.12653e-11  5.79954e-23  -4.9302e-12  3.99863e-23 -1.36875e-13 -1.36068e-23   3.1177e-13 -5.61335e-24  1.21603e-13  3.03056e-24  2.43525e-14  6.47393e-25  1.98017e-15 -7.03074e-25 -4.37915e-16 -9.48117e-26 -2.05278e-16   9.2301e-26  -4.3473e-17  2.15084e-26 -5.78754e-18 -5.79821e-27 -4.13696e-19 -2.26426e-27  1.62937e-20  6.82796e-28   9.5275e-21  3.39766e-28  1.52337e-21  7.49056e-30  1.54385e-22 -8.41404e-30   1.0731e-23 -1.03291e-31  4.80281e-25  1.53491e-31  9.15979e-27  2.15291e-32 -3.66134e-28  2.65908e-33 -3.17084e-29 -2.42136e-35  -8.9887e-31 -1.31826e-35  -8.2114e-33
