 2.23037e-35  4.75037e-51 -2.72153e-35 -1.61644e-50 -8.46691e-36 -4.72668e-50 -7.28514e-36  2.97155e-50  9.25026e-36  8.11572e-50   7.4464e-36 -2.78451e-51 -1.84718e-36 -1.83936e-50 -1.01476e-35  7.51577e-49  6.41773e-36  2.05237e-48 -1.51788e-37 -2.34762e-47 -6.86513e-37  1.51164e-47  6.30359e-37 -5.66454e-47 -5.87236e-37  4.12576e-47  1.56409e-37   4.3565e-46  4.41901e-38 -3.41502e-46 -6.77719e-38 -5.00835e-46  7.88989e-38  1.48099e-45 -2.65709e-38  9.75704e-46   8.1119e-40 -6.50653e-46  1.31778e-39 -1.06098e-44 -1.79808e-39 -5.36157e-45 -2.70004e-40  7.68061e-45  5.51088e-40 -1.91535e-44 -3.36933e-40   1.1486e-44  2.85565e-40 -3.97279e-44 -7.17222e-41  8.08833e-45  5.69274e-41  -3.6464e-44 -2.44866e-41 -2.97006e-46 -8.46082e-42 -2.34395e-44 -1.83857e-42  1.31745e-45  2.05704e-42 -9.69497e-45 -2.01447e-42   2.8541e-45  1.09214e-42 -2.09066e-45 -1.91443e-43   1.7744e-45  4.53191e-43 -3.36719e-47 -1.02488e-42 -3.97637e-46  2.39579e-42  2.93658e-46 -5.01962e-42 -1.36893e-45   9.4145e-42  2.50905e-45 -1.59691e-41 -5.20747e-45  2.43273e-41  1.00753e-44 -3.29187e-41 -1.81568e-44  3.89409e-41  3.04008e-44 -3.92271e-41 -4.71004e-44   3.1932e-41  6.73296e-44 -1.81007e-41 -8.84904e-44  1.76785e-42  1.06477e-43  1.19485e-41 -1.16702e-43 -1.95959e-41  1.15795e-43  2.08931e-41 -1.03223e-43 -1.79787e-41   8.1875e-44  1.34531e-41 -5.70596e-44 -9.03119e-42  3.43332e-44  5.44402e-42 -1.73741e-44 -2.89058e-42  7.06705e-45  1.31775e-42 -2.09042e-45 -5.03867e-43  3.01348e-46  1.58051e-43  8.84874e-47 -3.95168e-44 -7.59195e-47  7.52379e-45  2.63783e-47 -1.01262e-45 -5.37956e-48  8.47328e-47  6.08351e-49 -3.33187e-48 -2.54074e-50
 4.75037e-51  7.72247e-35  2.82624e-50 -5.59299e-35 -6.17266e-50 -3.30944e-35 -1.39071e-49  5.07003e-36  2.91035e-50  5.89245e-36  3.01052e-49  2.21159e-35 -1.41264e-49 -6.56037e-36  8.85919e-49 -1.98222e-35  4.40793e-48  1.25417e-35  2.64284e-47 -8.38447e-37 -2.03059e-46 -1.21895e-36  9.69009e-47  1.76597e-36 -4.93829e-46 -1.60705e-36  3.30287e-46   4.4653e-37  3.53584e-45  7.93245e-38  -2.5238e-45 -2.21559e-37 -3.99731e-45  2.25866e-37  1.11621e-44 -4.75493e-38  7.78151e-45  7.39528e-39 -3.68553e-46  -8.6319e-39 -6.85847e-44 -1.29609e-39 -3.33771e-44 -1.21748e-39  5.63818e-44  1.56051e-39 -1.17367e-43 -9.66817e-40  9.41229e-44  8.27234e-40 -2.34667e-43 -1.98651e-40  5.48714e-44  1.72517e-40 -2.10782e-43 -5.33739e-41  1.86464e-44  -4.4946e-41 -1.23801e-43 -5.91737e-42  6.49923e-45  7.22762e-42 -5.22805e-44 -8.00478e-42  1.56611e-44  5.61626e-42 -6.88954e-45 -5.57627e-42  7.66579e-45  1.42837e-41  1.21625e-45 -3.31504e-41 -5.18343e-45  7.16114e-41  9.56724e-45 -1.41167e-40  -2.4529e-44  2.52454e-40  5.03512e-44 -4.07555e-40 -1.00662e-43  5.89018e-40  1.87783e-43  -7.5346e-40 -3.26088e-43  8.39083e-40   5.2576e-43 -7.91936e-40 -7.84785e-43  6.00868e-40  1.08117e-42 -3.16244e-40 -1.36981e-42  3.09075e-41  1.58926e-42  1.70055e-40 -1.68003e-42 -2.54037e-40  1.60848e-42  2.45478e-40 -1.38464e-42 -1.93013e-40  1.06219e-42  1.34258e-40 -7.18031e-43 -8.51114e-41  4.21529e-43  4.86081e-41 -2.10686e-43 -2.42268e-41  8.70808e-44   1.0225e-41 -2.83585e-44 -3.57522e-42  6.57725e-45  1.01397e-42 -7.55242e-46 -2.25562e-43 -1.20276e-46  3.71449e-44  7.38765e-47  -4.1155e-45 -1.46828e-47  2.57237e-46  1.25854e-48 -5.51631e-48
-2.72153e-35  2.82624e-50  1.59599e-34  9.27315e-50 -8.64158e-35 -1.48094e-49  -8.1596e-35 -2.46636e-49  4.97107e-35 -3.33784e-49 -1.56888e-35  1.61436e-48  4.51426e-35 -1.44048e-48 -1.20601e-35   1.2765e-47 -2.68094e-35  9.44864e-48  1.58062e-35  2.18572e-46 -9.37855e-37 -1.20861e-45 -2.19647e-36  4.25198e-46  3.59748e-36 -3.01448e-45 -3.00443e-36  1.72329e-45  8.85743e-37   2.0236e-44  3.24417e-38 -1.22504e-44 -4.93472e-37 -2.36408e-44  4.65765e-37  6.31469e-44 -5.25041e-38  4.08215e-44  3.17288e-38  2.78086e-44 -4.00513e-38 -3.08705e-43  3.34885e-39 -1.33639e-43 -2.94372e-39  2.91212e-43  3.28915e-39 -4.92448e-43  -2.0749e-39   5.0262e-43  1.71793e-39 -9.47286e-43 -3.69981e-40  2.64648e-43  3.68847e-40 -8.32124e-43 -4.96286e-41  1.50786e-43 -1.49559e-40  -4.5213e-43 -1.66505e-41  2.67272e-44  2.18119e-41 -1.90406e-43 -3.51628e-41  5.96103e-44  5.66304e-41 -1.14255e-44 -1.27429e-40  1.73881e-44  3.12599e-40  2.23736e-44  -7.0233e-40 -6.23822e-44  1.44754e-39  1.38787e-43 -2.71931e-39 -3.13898e-43   4.6291e-39  6.42552e-43 -7.09156e-39 -1.24009e-42   9.6881e-39  2.23239e-42 -1.16582e-38 -3.73971e-42  1.21378e-38  5.81538e-42 -1.06186e-38 -8.37087e-42  7.36619e-39   1.1118e-41 -3.42747e-39 -1.35744e-41  9.90207e-41  1.51686e-41  1.80224e-39 -1.54332e-41 -2.29224e-39  1.42097e-41  1.95398e-39 -1.17529e-41 -1.38968e-39  8.65477e-42  9.02196e-40 -5.61215e-42 -5.44766e-40  3.16011e-42  2.95439e-40 -1.51717e-42 -1.37478e-40  6.05599e-43  5.32906e-41  -1.9359e-43 -1.69276e-41  4.65018e-44  4.31522e-42 -7.29354e-45 -8.45606e-43  3.89965e-46  1.18124e-43  1.06981e-46 -1.03857e-44  -2.3816e-47  4.42087e-46  1.30173e-48
-1.61644e-50 -5.59299e-35  9.27315e-50  2.60892e-34   2.0588e-49 -1.26874e-34 -2.94875e-49 -1.44306e-34  -3.6392e-49  1.11198e-34  -3.1764e-48 -5.08917e-35   9.1844e-48  7.19235e-35 -1.17647e-47 -1.74928e-35  1.04346e-46 -2.70964e-35  -6.0797e-47  1.45143e-35  1.37685e-45  4.79133e-37  -5.7265e-45 -4.50819e-36   1.3745e-45  6.07408e-36 -1.48759e-44 -4.34648e-36  6.36271e-45  1.39295e-36  9.39058e-44 -1.80806e-37 -4.32304e-44 -9.02895e-37 -1.21121e-43  8.07481e-37  3.04206e-43 -3.65058e-38  1.61294e-43  8.95685e-38  2.58226e-43 -1.00407e-37 -1.11995e-42  1.31156e-38 -3.80797e-43 -5.11535e-39  1.19947e-42  6.10718e-39 -1.63211e-42 -3.86716e-39  2.05785e-42  3.01924e-39 -3.00388e-42 -5.06349e-40  1.02769e-42  6.64915e-40 -2.59497e-42  5.66061e-41  7.15008e-43 -3.67956e-40   -1.318e-42 -6.84936e-41  1.01321e-43  1.39752e-40 -5.40259e-43 -3.66688e-40  1.75905e-43  9.28802e-40  2.02769e-44 -2.32702e-39 -3.40229e-44  5.46536e-39  2.56546e-43 -1.17712e-38 -6.39981e-43  2.31707e-38  1.44318e-42  -4.1466e-38 -3.09703e-42  6.70476e-38  6.16985e-42 -9.71957e-38 -1.15057e-41  1.25056e-37  2.00069e-41 -1.40861e-37 -3.23658e-41   1.3612e-37  4.85885e-41 -1.09122e-37 -6.74928e-41  6.77259e-38  8.64558e-41 -2.61322e-38 -1.01726e-40 -3.09856e-39  1.09439e-40  1.57892e-38 -1.07068e-40 -1.63013e-38  9.46472e-41  1.19677e-38 -7.50219e-41 -7.67277e-39  5.28303e-41  4.71771e-39 -3.26783e-41 -2.74778e-39   1.7504e-41  1.41268e-39 -7.97165e-42 -6.07573e-40  3.01165e-42  2.14323e-40  -9.1139e-43 -6.15296e-41  2.09184e-43  1.40164e-41   -3.293e-44  -2.3858e-42  2.71859e-45   2.7507e-43  4.69587e-47 -1.81771e-44 -2.51122e-47  4.30562e-46
-8.46691e-36 -6.17266e-50 -8.64158e-35   2.0588e-49  3.85799e-34  3.68041e-49 -1.82036e-34 -7.81768e-49 -1.96607e-34 -1.19206e-48  1.60689e-34 -2.04124e-47 -8.70049e-35  4.55435e-47  9.36376e-35 -8.48302e-47  -2.2937e-35  6.24988e-46 -2.07673e-35 -8.19198e-46  1.08122e-35  7.08663e-45  3.43598e-36 -2.29965e-44 -8.92978e-36  2.42555e-45  8.84792e-36 -6.33277e-44  -5.0703e-36  1.40988e-44  1.86997e-36  3.71273e-43 -5.96173e-37 -1.05356e-43 -1.45816e-36 -5.65759e-43  1.24544e-36  1.29126e-42 -6.57417e-39    4.922e-43  1.91096e-37  1.45836e-42  -1.8975e-37 -3.48557e-42  2.71763e-38 -7.28185e-43 -7.48006e-39  4.12465e-42  1.08714e-38 -4.52609e-42 -6.75011e-39  6.91722e-42  4.93806e-39  -7.8874e-42 -4.36595e-40   3.3676e-42  1.11682e-39 -6.79224e-42  3.07855e-40   2.5574e-42 -5.95552e-40 -3.25016e-42 -6.86858e-40  3.42186e-43  1.96053e-39  -1.2488e-42 -5.57914e-39  3.76502e-43  1.46802e-38  3.58467e-43 -3.58638e-38 -7.79062e-43  8.06717e-38  2.29603e-42 -1.66149e-37 -5.43796e-42  3.11932e-37  1.19669e-41 -5.30881e-37 -2.47343e-41  8.13473e-37  4.77354e-41  -1.1126e-36 -8.60922e-41  1.34293e-36  1.44753e-40 -1.40815e-36 -2.26371e-40  1.25271e-36  3.28393e-40  -9.0765e-37 -4.40565e-40  4.89422e-37  5.44643e-40 -1.38722e-37 -6.17846e-40 -6.03191e-38  6.40012e-40  1.15849e-37 -6.01914e-40 -9.43847e-38  5.10459e-40  5.85108e-38 -3.87204e-40 -3.41885e-38  2.60145e-40  2.05262e-38  -1.5296e-40 -1.16654e-38  7.75374e-41  5.62533e-39 -3.32405e-41  -2.2031e-39  1.17473e-41  7.01775e-40 -3.30205e-42 -1.81685e-40  6.99423e-43  3.66972e-41 -1.01772e-43 -5.31111e-42  8.30316e-45  4.86266e-43 -1.38167e-46 -2.20734e-44 -1.60371e-47
-4.72668e-50 -3.30944e-35 -1.48094e-49 -1.26874e-34  3.68041e-49  5.28284e-34  8.26463e-49 -2.41417e-34 -3.68207e-48 -2.15739e-34 -8.45013e-48  1.79868e-34 -1.10693e-46 -1.10141e-34  1.94093e-46  1.02419e-34 -5.44075e-46 -2.78485e-35  2.99099e-45 -1.35041e-35 -5.72499e-45  1.00346e-35  3.08701e-44  6.71918e-36 -8.14167e-44 -1.55749e-35 -8.05662e-45  1.13654e-35 -2.42556e-43 -4.83515e-36 -1.32335e-44  2.29563e-36  1.27393e-42 -1.17452e-36 -9.71135e-44 -2.12795e-36 -2.43376e-42  1.74472e-36  4.87944e-42   3.1215e-38  1.09006e-42   3.2912e-37  6.27271e-42 -3.00411e-37 -9.65423e-42  4.33476e-38 -4.60024e-43 -1.11777e-38  1.21172e-41  1.92988e-38  -1.0826e-41 -1.16172e-38  1.98192e-41  8.00821e-39  -1.7546e-41  1.25232e-40  9.55807e-42  1.99787e-39 -1.54462e-41  5.20301e-41  7.55322e-42  1.64889e-39 -6.98436e-42 -9.89055e-39   9.7181e-43  2.92173e-38 -2.27202e-42 -8.06626e-38   1.6567e-43  2.05428e-37  2.84604e-42 -4.81901e-37 -6.74459e-42  1.03727e-36  1.69402e-41 -2.03984e-36 -3.86191e-41  3.64679e-36   8.2365e-41 -5.89089e-36 -1.64636e-40  8.53288e-36   3.0776e-40 -1.09752e-35 -5.37451e-40  1.23727e-35  8.74919e-40 -1.20011e-35 -1.32446e-39  9.73107e-36  1.85919e-39 -6.25618e-36 -2.41206e-39  2.79545e-36  2.88109e-39 -3.95565e-37 -3.15411e-39 -6.34976e-37  3.14817e-39  7.06238e-37 -2.84719e-39  -4.4392e-37  2.31618e-39  2.28952e-37 -1.68013e-39 -1.27166e-37  1.07537e-39  7.81677e-38 -5.99544e-40 -4.32663e-38  2.86506e-40  1.91187e-38  -1.1495e-40 -6.70695e-39  3.76692e-41  1.92583e-39 -9.70139e-42 -4.49844e-40  1.85325e-42  7.94065e-41  -2.3828e-43 -9.46356e-42  1.68831e-44  6.51446e-43 -3.29999e-46 -1.66875e-44
-7.28514e-36 -1.39071e-49  -8.1596e-35 -2.94875e-49 -1.82036e-34  8.26463e-49  6.56868e-34  3.46688e-48 -2.91074e-34 -2.07102e-47 -1.95928e-34 -5.72793e-47  1.69127e-34  -5.2847e-46 -1.12224e-34   7.1879e-46  9.71127e-35 -3.11973e-45 -3.09115e-35   1.1922e-44  -1.3794e-35 -3.10834e-44  1.82557e-35  1.15775e-43   8.2092e-36 -2.62473e-43 -2.38174e-35 -1.12022e-43   1.3099e-35 -8.61505e-43 -3.75785e-36 -3.44399e-43  2.75572e-36  3.80049e-42 -1.81372e-36  6.67072e-43 -2.80571e-36 -9.60326e-42  2.23176e-36   1.6501e-41   9.3295e-38  1.13368e-42  4.71689e-37  2.22551e-41 -4.20118e-37 -2.44084e-41  5.94043e-38    3.104e-42 -2.05406e-38  3.08028e-41  3.42294e-38 -2.27261e-41 -2.02589e-38  4.95502e-41   1.3303e-38 -3.32176e-41  9.91186e-40  2.39179e-41  6.40208e-39 -3.12491e-41 -1.14828e-38  1.92806e-41  4.22475e-38 -1.32334e-41 -1.37853e-37  2.08013e-42  3.95215e-37 -2.18676e-42 -1.04843e-36 -4.37738e-42  2.56353e-36  1.83929e-41 -5.76051e-36 -4.43554e-41  1.18512e-35  1.04859e-40 -2.22214e-35 -2.31097e-40  3.77646e-35  4.77596e-40  -5.7776e-35 -9.25233e-40  7.88906e-35  1.67759e-39 -9.50737e-35  -2.8421e-39  9.95918e-35  4.48893e-39 -8.86748e-35  -6.5925e-39  6.46869e-35  8.97475e-39 -3.59051e-35 -1.12848e-38  1.20912e-35  1.30507e-38  1.16755e-36 -1.38138e-38 -4.77335e-36  1.33059e-38  3.51594e-36 -1.15852e-38  -1.6425e-36  9.04596e-39  7.02717e-37 -6.27469e-39 -4.14212e-37  3.82269e-39  2.72637e-37 -2.01701e-39 -1.42474e-37  9.05705e-40  5.57496e-38 -3.38347e-40 -1.73377e-38  1.02007e-40  4.52918e-39 -2.37771e-41 -9.52586e-40   4.0142e-42  1.42925e-40 -4.39164e-43  -1.3421e-41  2.46787e-44  6.37876e-43 -3.23656e-46
 2.97155e-50  5.07003e-36 -2.46636e-49 -1.44306e-34 -7.81768e-49 -2.41417e-34  3.46688e-48  7.40165e-34  1.81412e-47 -3.26971e-34 -1.08361e-46 -1.49053e-34 -3.34646e-46  1.39942e-34 -2.25434e-45 -9.46814e-35    2.313e-45  8.45083e-35 -1.61355e-44 -3.09268e-35  4.04134e-44 -2.85595e-35 -1.44964e-43   3.9795e-35  3.75312e-43  5.75037e-36 -7.95037e-43 -3.26516e-35  -7.2945e-43  1.36302e-35  -2.8931e-42 -2.35115e-36 -2.27932e-42  3.38155e-36  9.72581e-42 -2.38487e-36  5.02586e-42  -3.3034e-36 -3.45934e-41  2.60504e-36  5.01964e-41  2.34731e-37 -3.97494e-42  5.64667e-37   6.7835e-41 -5.36647e-37 -5.73829e-41   7.5141e-38  1.67233e-41 -4.47074e-38  6.81518e-41  5.98057e-38 -4.22467e-41 -3.62614e-38  1.09827e-40  2.47571e-38 -5.25972e-41 -8.34033e-39  5.34775e-41  5.66533e-38 -5.73124e-41 -1.79816e-37  4.36398e-41  5.85139e-37 -2.17749e-41 -1.75417e-36  1.83496e-42  4.83897e-36  7.19309e-42  -1.2323e-35 -3.41536e-41  2.88838e-35   1.0009e-40 -6.20989e-35 -2.38171e-40  1.21957e-34  5.41787e-40 -2.17692e-34 -1.15732e-39  3.51014e-34  2.32222e-39 -5.07373e-34 -4.37266e-39  6.51029e-34  7.71397e-39 -7.31975e-34 -1.27242e-38  7.08085e-34   1.9576e-38 -5.73075e-34 -2.80068e-38  3.69274e-34  3.71315e-38 -1.68916e-34 -4.54356e-38  3.23806e-35  5.10716e-38  2.44695e-35 -5.24475e-38 -2.75461e-35  4.88974e-38  1.37861e-35 -4.10832e-38 -4.34266e-36  3.08389e-38   1.6321e-36 -2.04703e-38 -1.29067e-36  1.18671e-38  8.95171e-37 -5.91727e-39 -4.13891e-37  2.48926e-39  1.38424e-37 -8.61528e-40 -3.85138e-38  2.37071e-40  9.34061e-39 -4.93795e-41 -1.73813e-39  7.20975e-42  2.11809e-40 -6.43491e-43 -1.48298e-41  2.56664e-44   4.0479e-43
 9.25026e-36  2.91035e-50  4.97107e-35  -3.6392e-49 -1.96607e-34 -3.68207e-48 -2.91074e-34  1.81412e-47  7.73437e-34  8.86287e-47 -3.54954e-34 -5.07705e-46 -9.35784e-35 -1.73399e-45  1.04989e-34 -8.66213e-45 -6.77933e-35  6.30998e-45  7.54876e-35 -7.60174e-44  -2.7458e-35  1.17171e-43 -6.00569e-35 -6.05299e-43  7.57391e-35  1.04009e-42 -1.86201e-36 -2.33267e-42 -4.11161e-35 -3.62991e-42  1.24658e-35 -9.26285e-42 -1.24791e-36 -1.09412e-41  4.25714e-36  2.04793e-41 -2.77454e-36  2.23241e-41  -3.3929e-36 -1.13594e-40  2.76403e-36  1.38157e-40  5.47878e-37 -3.04498e-41  5.45599e-37  1.82066e-40 -6.42528e-37 -1.27073e-40  9.50895e-38  5.31783e-41 -9.85192e-38  1.31031e-40  1.03313e-37 -6.96277e-41 -7.34009e-38  2.18323e-40  8.29157e-38 -6.50571e-41 -1.78661e-37  1.07944e-40  6.93904e-37  -9.6931e-41 -2.29451e-36  8.87767e-41  7.11521e-36 -2.86023e-41 -2.04165e-35 -1.01858e-41  5.41095e-35  5.80578e-41 -1.32184e-34 -1.68526e-40  2.96704e-34  4.38217e-40 -6.09617e-34 -1.01701e-39  1.14129e-33  2.24214e-39 -1.93605e-33 -4.66103e-39  2.95555e-33  9.12746e-39 -4.02523e-33 -1.68142e-38  4.83588e-33  2.90801e-38 -5.04681e-33 -4.70982e-38   4.4738e-33  7.12122e-38  -3.2479e-33 -1.00152e-37  1.79721e-33  1.30461e-37  -6.1508e-34 -1.56652e-37 -2.73436e-35  1.72446e-37  1.90361e-34 -1.72959e-37 -1.23594e-34  1.56946e-37  3.85641e-35 -1.27806e-37  -5.2361e-36  9.25214e-38  2.97231e-36 -5.88795e-38 -4.25945e-36  3.24967e-38  2.73608e-36 -1.52965e-38 -1.03062e-36  6.01109e-39  2.89325e-37 -1.91724e-39 -7.54813e-38  4.77313e-40  1.72346e-38 -8.75481e-41 -2.70173e-39  1.07668e-41  2.52147e-40 -7.40234e-43 -1.22683e-41  1.69031e-44
 8.11572e-50  5.89245e-36 -3.33784e-49  1.11198e-34 -1.19206e-48 -2.15739e-34 -2.07102e-47 -3.26971e-34  8.86287e-47  7.77671e-34   3.8815e-46 -3.84416e-34 -2.14917e-45 -4.37732e-35 -8.17706e-45  7.46258e-35 -3.01443e-44 -4.67398e-35  1.33179e-44   7.9412e-35 -3.29054e-43 -2.08578e-35  2.86589e-43 -1.04997e-34   -2.308e-42    1.237e-34  2.36683e-42 -1.42588e-35 -6.79131e-42 -4.84983e-35   -1.523e-41  8.80086e-36 -2.82509e-41 -9.42502e-37 -4.37297e-41  5.37373e-36  3.08943e-41 -2.91977e-36  7.89421e-41 -2.87807e-36 -3.40536e-40  2.64071e-36   3.4618e-40   1.1408e-36  -1.2338e-40  3.65563e-37  4.37446e-40 -7.39646e-37 -2.67067e-40  1.32116e-37  1.29989e-40 -2.06741e-37  2.16007e-40  2.00848e-37 -1.00735e-40 -2.63866e-37  3.92829e-40  6.92304e-37 -4.56308e-41 -2.36898e-36  1.98366e-40  8.29406e-36 -1.54133e-40 -2.66341e-35  1.64469e-40  7.93735e-35 -2.34488e-41 -2.18817e-34 -5.57552e-41  5.56726e-34  2.06066e-40 -1.30354e-33 -5.28534e-40   2.7991e-33  1.29172e-39 -5.48919e-33 -2.91648e-39   9.7812e-33  6.29338e-39 -1.57388e-32 -1.29219e-38  2.26926e-32  2.51932e-38 -2.90281e-32 -4.65071e-38  3.25123e-32  8.09734e-38  -3.1298e-32 -1.32354e-37  2.51699e-32   2.0205e-37 -1.60816e-32 -2.86499e-37  7.27255e-33  3.75169e-37 -1.38255e-33 -4.50979e-37 -9.74612e-34   4.9447e-37   1.0233e-33 -4.91124e-37 -4.14292e-34  4.38536e-37  4.65073e-35 -3.49012e-37  1.76161e-35  2.45105e-37  7.77968e-36 -1.50096e-37 -1.48887e-35  7.89916e-38  7.38247e-36 -3.50806e-38 -2.09224e-36    1.284e-38   5.1179e-37  -3.7518e-39 -1.37047e-37  8.36341e-40  2.84361e-38  -1.3265e-40 -3.45329e-39  1.32599e-41  2.33752e-40 -6.39003e-43 -6.82793e-42
  7.4464e-36  3.01052e-49 -1.56888e-35  -3.1764e-48  1.60689e-34 -8.45013e-48 -1.95928e-34 -1.08361e-46 -3.54954e-34   3.8815e-46  7.83309e-34  1.53191e-45 -4.24728e-34  -8.3425e-45 -6.40224e-36 -3.57319e-44  5.77976e-35 -9.53383e-44 -4.61184e-35  1.29222e-44  1.00081e-34 -1.31743e-42 -1.18731e-35  5.57503e-43  -1.5552e-34 -8.11597e-42  1.78629e-34  3.84769e-42 -2.95328e-35 -1.98236e-41 -5.43245e-35 -5.60406e-41  1.56066e-36 -8.15943e-41 -1.70741e-36 -1.52927e-40  6.65741e-36   8.6723e-42 -2.82835e-36  2.41012e-40 -1.65952e-36 -9.35118e-40  2.21634e-36  7.94794e-40  2.10267e-36 -3.88507e-40  1.28764e-38  9.52146e-40 -8.45901e-37 -5.34154e-40  2.23486e-37   2.5941e-40 -4.73534e-37  2.93171e-40  7.38638e-37  -1.2372e-40 -2.16773e-36  6.45302e-40  7.79431e-36  4.96478e-41 -2.76903e-35  3.35977e-40  9.25059e-35 -2.42567e-40 -2.86223e-34  3.03043e-40   8.2025e-34 -5.78656e-41 -2.17211e-33  3.66934e-41  5.30109e-33 -3.61212e-41 -1.18854e-32  1.65788e-40  2.43872e-32 -4.05909e-40  -4.5583e-32  7.89744e-40  7.71772e-32 -7.88464e-40 -1.17543e-31 -1.32218e-39  1.59625e-31  9.82055e-39 -1.91081e-31 -3.30809e-38   1.9849e-31   8.4257e-38 -1.74863e-31 -1.79327e-37  1.25832e-31   3.3088e-37 -6.86613e-32  -5.3811e-37  2.28071e-32  7.77294e-37  1.46065e-33 -1.00015e-36 -7.06186e-33  1.14612e-36  4.11483e-33 -1.16678e-36 -8.56737e-34  1.05046e-36 -2.22841e-34  -8.3094e-37  1.19634e-34  5.72498e-37  4.56243e-35 -3.39675e-37 -4.88896e-35  1.71019e-37  1.61135e-35 -7.16681e-38 -3.20744e-36  2.43576e-38  8.24796e-37 -6.47486e-39 -2.40679e-37  1.27591e-39  4.02279e-38 -1.70843e-40 -3.43287e-39  1.31604e-41  1.65012e-40 -3.62129e-43
-2.78451e-51  2.21159e-35  1.61436e-48 -5.08917e-35 -2.04124e-47  1.79868e-34 -5.72793e-47 -1.49053e-34 -5.07705e-46 -3.84416e-34  1.53191e-45  8.18264e-34  5.46727e-45 -4.84495e-34 -3.01142e-44  1.66518e-35  -1.4647e-43  6.19652e-35 -2.74171e-43 -7.48132e-35 -6.36192e-44  1.34562e-34 -4.90115e-42 -1.06283e-36  6.62382e-43 -2.01307e-34 -2.64565e-41  2.34362e-34  1.10113e-42 -4.48862e-35 -5.77089e-41 -5.83057e-35 -1.84735e-40  -1.0157e-35 -2.21611e-40 -3.66854e-36 -4.79595e-40  8.03677e-36 -1.58462e-40 -2.58351e-36  6.58723e-40  2.39446e-37 -2.36202e-39  1.51833e-36  1.68324e-39  3.46714e-36  -1.0415e-39 -4.62659e-37  1.89448e-39 -1.03595e-36 -1.01579e-39  6.22814e-37  4.23202e-40 -1.96429e-36  2.85374e-40    6.204e-36 -1.15758e-40 -2.35177e-35  9.78989e-40   8.6668e-35  2.77597e-40 -2.99483e-34   5.5349e-40  9.62257e-34 -4.76907e-40 -2.86522e-33  8.30901e-40  7.89239e-33 -1.05122e-39 -2.00624e-32  2.85414e-39  4.69259e-32 -7.40429e-39  -1.0064e-31  1.82183e-38  1.97072e-31 -4.12755e-38 -3.50547e-31  8.63267e-38  5.62863e-31 -1.65723e-37 -8.09427e-31   2.9059e-37  1.03202e-30 -4.61945e-37 -1.15104e-30  6.58018e-37  1.10185e-30 -8.23477e-37 -8.79115e-31  8.71061e-37  5.54781e-31 -7.05893e-37 -2.44923e-31  2.72314e-37  4.17815e-32  3.95953e-37  3.59486e-32  -1.1565e-36 -3.41964e-32  1.79721e-36  1.18852e-32 -2.12669e-36  3.79031e-34  2.06737e-36 -1.72911e-33 -1.69072e-36  2.72674e-34  1.16937e-36  2.51462e-34 -6.80986e-37 -1.31608e-34  3.30069e-37  2.42103e-35 -1.30682e-37 -3.35055e-36   4.1106e-38   1.4492e-36 -9.85651e-39 -3.96618e-37  1.68864e-39  4.45315e-38 -1.84525e-40 -2.51947e-39  9.99623e-42  8.49056e-41
-1.84718e-36 -1.41264e-49  4.51426e-35   9.1844e-48 -8.70049e-35 -1.10693e-46  1.69127e-34 -3.34646e-46 -9.35784e-35 -2.14917e-45 -4.24728e-34  5.46727e-45  9.03762e-34  1.75464e-44 -5.69414e-34 -1.02267e-43  2.44528e-35 -5.67604e-43  9.01328e-35  -7.1289e-43 -1.32983e-34 -5.21726e-43  1.74596e-34  -1.6993e-41  1.17575e-35 -7.39901e-43 -2.32145e-34 -8.01894e-41  2.85362e-34 -2.33114e-41 -5.75232e-35 -1.65111e-40  -6.0374e-35 -5.53088e-40 -2.64386e-35 -5.62767e-40 -6.91728e-36 -1.36869e-39   9.5025e-36 -7.77407e-40  -2.3416e-36    1.645e-39  2.69268e-36 -5.51269e-39  6.06622e-37  3.31234e-39  5.16885e-36 -2.47186e-39 -8.49547e-37  3.47099e-39 -1.92523e-36 -1.83144e-39  4.09418e-36  5.28812e-40 -1.67752e-35  5.05047e-41  6.62139e-35 -4.39795e-41 -2.53601e-34   1.4099e-39  9.08714e-34  6.34051e-40 -3.02879e-33  1.13057e-39  9.36695e-33 -1.81884e-39 -2.68244e-32  4.58461e-39  7.09762e-32 -1.10185e-38 -1.73055e-31  2.97287e-38  3.87566e-31  -7.4832e-38 -7.94177e-31  1.76025e-37  1.48206e-30 -3.84669e-37 -2.50449e-30  7.80058e-37  3.80542e-30 -1.46371e-36 -5.15268e-30  2.53337e-36  6.14506e-30 -4.02802e-36 -6.35194e-30  5.85245e-36  5.55773e-30 -7.71543e-36 -3.95841e-30   9.1374e-36  2.12099e-30 -9.57494e-36 -6.70754e-31  8.65154e-36 -7.55826e-32 -6.39443e-36  2.28779e-31   3.3224e-36 -1.22423e-31 -2.79684e-37  1.79781e-32 -1.93195e-36  1.25703e-32  2.91275e-36 -6.24524e-33 -2.79012e-36 -3.45491e-34  2.04668e-36  9.84016e-34 -1.20082e-36 -2.49318e-34  5.66903e-37  1.13338e-35 -2.12698e-37  -3.0571e-36   6.1696e-38  2.97184e-36 -1.32002e-38 -5.40943e-37  1.92218e-39  3.30127e-38 -1.62746e-40  -1.4383e-39  5.06162e-42
-1.83936e-50 -6.56037e-36 -1.44048e-48  7.19235e-35  4.55435e-47 -1.10141e-34  -5.2847e-46  1.39942e-34 -1.73399e-45 -4.37732e-35  -8.3425e-45 -4.84495e-34  1.75464e-44  1.05146e-33  4.96483e-44 -6.77605e-34 -3.29399e-43  1.47716e-35 -2.08814e-42  1.36904e-34 -1.64318e-42 -2.12305e-34 -2.50122e-42  2.09498e-34 -5.50134e-41  2.77816e-35  -8.2728e-42 -2.40296e-34 -2.26453e-40  3.27995e-34 -1.22278e-40 -6.53193e-35 -4.57102e-40 -6.07895e-35 -1.51881e-39 -4.60877e-35   -1.331e-39 -1.15598e-35 -3.58952e-39  1.11401e-35 -2.56575e-39 -2.33581e-36   3.8029e-39  5.51656e-36 -1.19417e-38 -4.03274e-37   6.1071e-39  6.80991e-36 -5.31071e-39  3.68211e-37   5.8928e-39 -1.02812e-35 -3.11997e-39   4.1389e-35  3.51739e-40 -1.75514e-34 -6.17299e-40  6.97206e-34  1.00275e-40 -2.59117e-33  2.12882e-39  8.95924e-33  5.33694e-40  -2.8764e-32  4.24194e-39  8.55954e-32 -1.11566e-38 -2.35604e-31   3.1485e-38  5.98391e-31 -8.42559e-38 -1.39822e-30  2.19169e-37  2.99511e-30 -5.32244e-37 -5.85657e-30  1.20651e-36  1.03995e-29 -2.54677e-36  -1.6663e-29  4.99735e-36  2.38999e-29 -9.09402e-36  -3.0372e-29   1.5305e-35  3.37293e-29 -2.37417e-35 -3.20998e-29  3.38064e-35  2.53945e-29 -4.39604e-35 -1.58042e-29  5.18614e-35  6.77306e-30  -5.5024e-35 -9.70472e-31   5.1863e-35 -1.14318e-30 -4.26219e-35  9.88567e-31  2.95645e-35  -3.0668e-31   -1.614e-35 -3.98644e-32  5.49116e-36  6.25675e-32  8.19541e-37 -1.21408e-32 -3.11912e-36 -5.27561e-33  2.91883e-36  2.63987e-33 -1.83317e-36  -1.9446e-34  8.62245e-37 -5.00236e-35 -3.08449e-37 -1.01841e-35  8.21665e-38  5.68599e-36  -1.5462e-38 -4.91497e-37  1.85242e-39  1.18241e-38 -1.11026e-40  -8.0675e-40
-1.01476e-35  8.85919e-49 -1.20601e-35 -1.17647e-47  9.36376e-35  1.94093e-46 -1.12224e-34 -2.25434e-45  1.04989e-34 -8.17706e-45 -6.40224e-36 -3.01142e-44 -5.69414e-34  4.96483e-44  1.25896e-33  1.17639e-43  -7.9579e-34 -1.01022e-42 -1.55409e-35 -7.30444e-42  1.86559e-34 -3.16467e-42 -2.99353e-34 -9.82124e-42   2.2921e-34 -1.66514e-40  4.89467e-35 -3.52391e-41 -2.22097e-34 -5.96721e-40  3.60812e-34 -4.30569e-40  -6.6994e-35 -1.21025e-39 -6.01977e-35 -3.85452e-39 -6.66311e-35 -2.92503e-39  -1.7692e-35 -8.71281e-39  1.31494e-35  -7.0102e-39 -2.88434e-36   8.2122e-39  8.44677e-36 -2.41172e-38    -8.68e-37  1.06537e-38  5.08195e-36 -1.04864e-38  1.89654e-35  9.32486e-39 -9.98911e-35 -5.00435e-39  4.37124e-34  -5.2702e-40 -1.80779e-33 -1.91184e-39  6.96561e-33  3.84427e-41 -2.49794e-32  4.50181e-39  8.32279e-32 -4.45442e-39 -2.57241e-31  2.41487e-38  7.36183e-31 -7.13526e-38  -1.9464e-30  2.01438e-37  4.74141e-30 -5.35351e-37 -1.06072e-29  1.34313e-36  2.17075e-29 -3.14897e-36 -4.04471e-29  6.89234e-36  6.82215e-29 -1.40586e-35 -1.03419e-28  2.66739e-35  1.39626e-28 -4.69703e-35 -1.65895e-28  7.65596e-35  1.70627e-28 -1.15146e-34 -1.48245e-28  1.59197e-34  1.04442e-28 -2.01412e-34 -5.48447e-29  2.31892e-34  1.63255e-29 -2.41264e-34  2.92545e-30  2.24783e-34 -6.34633e-30 -1.85234e-34  3.15915e-30  1.32581e-34 -3.29734e-31 -8.00038e-35  -4.1028e-31  3.83708e-35   1.8643e-31 -1.23695e-35  4.30316e-33  3.30084e-37 -2.24452e-32  2.87696e-36  4.18417e-33 -2.33937e-36  5.86375e-34  1.15042e-36 -1.20732e-34 -3.97024e-37 -4.09927e-35  9.66571e-38  7.74875e-36 -1.56796e-38  -1.3064e-37  1.46919e-39  1.73132e-39 -5.09413e-41
 7.51577e-49 -1.98222e-35   1.2765e-47 -1.74928e-35 -8.48302e-47  1.02419e-34   7.1879e-46 -9.46814e-35 -8.66213e-45  7.46258e-35 -3.57319e-44  1.66518e-35 -1.02267e-43 -6.77605e-34  1.17639e-43  1.50768e-33  1.96467e-43 -9.00411e-34 -2.94796e-42   -6.802e-35 -2.42966e-41  2.15113e-34 -4.03584e-42 -3.80579e-34 -3.43239e-41  2.26349e-34 -4.71696e-40  7.70393e-35 -1.15495e-40 -1.78506e-34 -1.46882e-39  3.83755e-34 -1.24711e-39 -6.18732e-35 -3.04313e-39 -5.95264e-35 -9.09676e-39 -8.48525e-35 -5.96486e-39 -2.53505e-35 -1.96817e-38   1.5849e-35  -1.6892e-38 -4.25838e-36  1.66709e-38  1.02102e-35 -4.56118e-38  5.83429e-36  1.77872e-38 -3.45807e-35 -1.92546e-38  2.22632e-34  1.38327e-38 -1.03412e-33 -7.51495e-39  4.43002e-33 -2.83544e-39  -1.7701e-32 -3.55171e-39  6.58191e-32 -2.44781e-39 -2.27517e-31  1.68424e-38  7.30094e-31 -4.11135e-38  -2.1713e-30    1.431e-37  5.97243e-30 -4.19675e-37 -1.51564e-29  1.15473e-36  3.53805e-29 -2.98255e-36 -7.57007e-29   7.2263e-36  1.47818e-28 -1.63677e-35 -2.62041e-28  3.46134e-35  4.19003e-28 -6.82276e-35  -5.9944e-28  1.25113e-34  7.59289e-28 -2.12955e-34 -8.39615e-28   3.3556e-34  7.94362e-28 -4.87985e-34  -6.2298e-28  6.52542e-34  3.82062e-28 -7.98899e-34 -1.58407e-28  8.90825e-34   1.7634e-29 -8.98967e-34  3.09596e-29  8.14494e-34 -2.45784e-29 -6.55786e-34  6.89717e-30  4.62727e-34  1.46287e-30 -2.80414e-34 -1.68477e-30  1.41226e-34  3.07627e-31 -5.54055e-35  1.27769e-31  1.40497e-35 -5.63421e-32  8.33883e-38  -2.0187e-34 -2.27239e-36  2.53737e-33  1.32313e-36  2.85461e-35 -4.50759e-37 -9.74738e-35  9.96857e-38  4.94846e-36 -1.35334e-38  2.69396e-37  9.07269e-40  6.33674e-39
 6.41773e-36  4.40793e-48 -2.68094e-35  1.04346e-46  -2.2937e-35 -5.44075e-46  9.71127e-35    2.313e-45 -6.77933e-35 -3.01443e-44  5.77976e-35  -1.4647e-43  2.44528e-35 -3.29399e-43  -7.9579e-34  1.96467e-43  1.76774e-33 -1.09326e-44 -9.64432e-34 -8.14651e-42 -1.39429e-34 -7.67951e-41  1.96407e-34  2.98227e-42  -4.4659e-34 -1.10531e-40  1.96925e-34 -1.25182e-39  1.12367e-34 -3.27172e-40 -1.14566e-34 -3.37922e-39  3.96821e-34  -3.1579e-39 -4.95924e-35 -7.24259e-39 -5.97025e-35  -2.0071e-38 -9.76482e-35  -1.1276e-38 -3.44609e-35 -4.15604e-38  1.94087e-35 -3.69631e-38 -4.81292e-36   3.1954e-38 -2.34175e-36 -8.11465e-38    9.107e-35  2.87792e-38 -4.73327e-34 -3.31978e-38  2.31369e-33  1.93269e-38 -1.02927e-32 -1.03612e-38  4.26162e-32 -8.21922e-39 -1.64279e-31 -2.16701e-39  5.88968e-31 -2.07571e-38 -1.96152e-30   8.5112e-38  6.05947e-30 -2.53836e-37 -1.73304e-29  7.88614e-37  4.57864e-29 -2.24406e-36 -1.11438e-28  5.98275e-36  2.49044e-28 -1.49566e-35 -5.09036e-28    3.502e-35  9.47058e-28   -7.666e-35 -1.59448e-27  1.56666e-34  2.41166e-27 -2.98396e-34 -3.24674e-27  5.28646e-34  3.84336e-27 -8.69138e-34 -3.93337e-27  1.32251e-33  3.39325e-27 -1.85668e-33 -2.36405e-27  2.39616e-33  1.21511e-27 -2.83048e-33  -3.3713e-28  3.04472e-33 -8.84324e-29 -2.96413e-33  1.51482e-28  2.59199e-33 -7.05368e-29 -2.01669e-33   4.7652e-30  1.37904e-33  1.05765e-29 -8.15024e-34 -4.37192e-30  4.06173e-34 -1.72424e-31 -1.63823e-34  5.10566e-31  4.91081e-35  -7.2598e-32 -8.20628e-36 -2.22352e-32 -1.06687e-36  4.15442e-33  1.26711e-36  7.44841e-34 -4.47132e-37 -1.27356e-34  8.90952e-38 -3.79375e-36 -9.65562e-39  2.47242e-37  3.78921e-40
 2.05237e-48  1.25417e-35  9.44864e-48 -2.70964e-35  6.24988e-46 -2.78485e-35 -3.11973e-45  8.45083e-35  6.30998e-45 -4.67398e-35 -9.53383e-44  6.19652e-35 -5.67604e-43  1.47716e-35 -1.01022e-42 -9.00411e-34 -1.09326e-44  2.00884e-33 -1.96447e-42 -9.66694e-34  -2.1143e-41 -2.19984e-34  -2.3045e-40  1.10391e-34  4.61358e-41 -4.93941e-34 -3.33788e-40  1.40248e-34 -3.11565e-39  1.52516e-34 -8.35846e-40 -3.80778e-35 -7.26518e-39  3.99012e-34 -7.18491e-39 -3.01044e-35 -1.62995e-38 -6.12566e-35 -4.16012e-38  -1.0292e-34 -1.97364e-38 -4.43519e-35 -8.23466e-38  2.04046e-35 -7.46906e-38  1.97491e-35  5.79965e-38  -1.6988e-34 -1.36435e-37  9.92961e-34  4.56477e-38 -4.91726e-33 -5.41698e-38  2.27017e-32  2.53638e-38 -9.74084e-32 -1.19002e-38  3.89172e-31 -2.28611e-38 -1.44674e-30  2.24678e-38  4.99902e-30 -1.26439e-37 -1.60342e-29  4.42803e-37  4.76591e-29 -1.35291e-36 -1.31006e-28  3.99012e-36  3.32199e-28 -1.09822e-35 -7.74755e-28  2.83323e-35  1.65585e-27 -6.85061e-35 -3.22902e-27  1.55066e-34  5.71493e-27 -3.28109e-34    -9.12e-27  6.48002e-34  1.30149e-26 -1.19241e-33  -1.6433e-26  2.04022e-33  1.80948e-26 -3.23813e-33 -1.70193e-26  4.75423e-33  1.32305e-26 -6.43641e-33 -7.99187e-27  8.00501e-33  3.19669e-27 -9.10616e-33  -2.4113e-28  9.42579e-33 -7.20759e-28 -8.82325e-33  5.29936e-28  7.41344e-33 -1.34404e-28 -5.53964e-33 -3.99827e-29  3.63858e-33  3.78152e-29 -2.06862e-33 -6.04456e-30  9.96369e-34  -3.0056e-30 -3.93571e-34  1.14956e-30  1.20389e-34  6.05806e-32 -2.49186e-35 -6.55597e-32  1.69942e-36  4.34388e-35  9.28799e-37   1.8971e-33  -3.8202e-37 -4.34201e-35  6.77599e-38 -1.05511e-35 -5.38303e-39 -6.27644e-38
-1.51788e-37  2.64284e-47  1.58062e-35  -6.0797e-47 -2.07673e-35  2.99099e-45 -3.09115e-35 -1.61355e-44  7.54876e-35  1.33179e-44 -4.61184e-35 -2.74171e-43  9.01328e-35 -2.08814e-42 -1.55409e-35 -2.94796e-42 -9.64432e-34 -1.96447e-42  2.21144e-33 -1.12176e-41 -8.99306e-34 -5.09258e-41 -2.94248e-34 -6.56089e-40 -4.95249e-35  2.17263e-40 -5.24162e-34  -9.5419e-40  5.89297e-35 -7.28135e-39  1.91912e-34 -1.96612e-39  4.20924e-35 -1.45791e-38  3.88301e-34 -1.49166e-38 -4.13274e-36 -3.47008e-38  -6.3843e-35 -8.13697e-38 -1.00931e-34 -3.19169e-38 -4.78235e-35 -1.53601e-37 -2.56612e-35 -1.40903e-37  3.33118e-34   9.9831e-38 -1.92847e-33 -2.17854e-37  9.97905e-33  7.14982e-38   -4.762e-32 -8.39896e-38  2.11729e-31  2.99361e-38 -8.76599e-31 -3.95751e-39   3.3782e-30 -7.63759e-38 -1.21073e-29   1.7425e-37  4.03057e-29 -6.68371e-37 -1.24449e-28   2.1843e-36  3.55723e-28 -6.55431e-36 -9.39158e-28  1.86147e-35   2.2839e-27 -4.95515e-35  -5.0991e-27  1.23669e-34  1.04101e-26 -2.89198e-34 -1.93402e-26  6.32914e-34  3.25045e-26 -1.29449e-33 -4.90561e-26  2.47044e-33  6.58599e-26 -4.39102e-33 -7.76811e-26  7.25349e-33  7.91107e-26 -1.11082e-32 -6.77653e-26   1.5726e-32  4.66778e-26 -2.05129e-32 -2.34597e-26  2.45583e-32  6.00222e-27 -2.68643e-32  2.19301e-27  2.67088e-32 -3.14757e-27 -2.39825e-32  1.37376e-27  1.93015e-32 -4.25049e-29 -1.37946e-32 -2.31394e-28  8.65338e-33  8.68777e-29 -4.69356e-33  6.18654e-30  2.15708e-33 -1.06387e-29 -8.15876e-34  1.17973e-30  2.42364e-34  5.47975e-31 -5.15995e-35 -8.89096e-32  5.94625e-36 -1.56164e-32  3.69908e-37  2.21411e-33 -2.75003e-37   1.4218e-34  4.25361e-38 -6.71353e-36 -2.03526e-39
-2.34762e-47 -8.38447e-37  2.18572e-46  1.45143e-35 -8.19198e-46 -1.35041e-35   1.1922e-44 -3.09268e-35 -7.60174e-44   7.9412e-35  1.29222e-44 -7.48132e-35  -7.1289e-43  1.36904e-34 -7.30444e-42   -6.802e-35 -8.14651e-42 -9.66694e-34 -1.12176e-41  2.37212e-33 -4.60317e-41 -7.70158e-34 -1.11847e-40 -3.44473e-34 -1.77131e-39 -2.72931e-34  7.80125e-40 -5.41207e-34 -2.59403e-39 -4.07065e-35     -1.6e-38  2.22698e-34 -4.30939e-39  1.17564e-34 -2.72294e-38  3.62873e-34 -2.85565e-38  2.59587e-35 -6.99671e-38 -6.46137e-35 -1.50853e-37 -1.04241e-34 -4.75003e-38   3.3228e-35 -2.70543e-37 -5.91184e-34 -2.50078e-37  3.59784e-33  1.63036e-37 -1.92351e-32 -3.32019e-37  9.51808e-32  1.10471e-37 -4.38313e-31 -1.22817e-37  1.88032e-30  2.30633e-38 -7.51052e-30  5.30174e-38  2.79115e-29 -3.10486e-37 -9.64089e-29  9.39754e-37  3.09092e-28 -3.21663e-36 -9.18252e-28  1.00579e-35  2.52255e-27 -2.93274e-35 -6.39189e-27  8.04959e-35  1.48942e-26 -2.07282e-34 -3.17995e-26  5.00452e-34  6.19331e-26 -1.13185e-33 -1.09444e-25  2.39501e-33   1.7432e-25 -4.73468e-33  -2.4817e-25  8.73003e-33  3.12374e-25 -1.49846e-32 -3.42541e-25  2.38898e-32  3.20314e-25 -3.52854e-32 -2.46814e-25  4.81394e-32  1.46784e-25 -6.04551e-32 -5.64836e-26  6.96066e-32  2.00177e-27  -7.3134e-32  1.46164e-26  6.97342e-32 -1.00215e-26 -5.99499e-32  2.27837e-27  4.61034e-32  9.06371e-28 -3.14134e-32 -7.35365e-28  1.87396e-32  9.85443e-29 -9.63967e-33  6.35503e-29  4.19063e-33 -2.12232e-29 -1.49695e-33 -1.92934e-30  4.21021e-34  1.34241e-30 -8.64894e-35  1.35248e-32  1.08514e-35 -3.65582e-32 -2.34076e-37  1.74286e-34 -1.60889e-37  2.42263e-34  2.08063e-38  1.31478e-36
-6.86513e-37 -2.03059e-46 -9.37855e-37  1.37685e-45  1.08122e-35 -5.72499e-45  -1.3794e-35  4.04134e-44  -2.7458e-35 -3.29054e-43  1.00081e-34 -6.36192e-44 -1.32983e-34 -1.64318e-42  1.86559e-34 -2.42966e-41 -1.39429e-34  -2.1143e-41 -8.99306e-34 -4.60317e-41  2.50113e-33 -1.60466e-40 -6.00448e-34 -2.17199e-40 -3.54986e-34 -4.53399e-39 -5.33906e-34  2.41949e-39 -5.49163e-34 -6.71733e-39 -1.48248e-34 -3.31094e-38    2.369e-34 -8.86896e-39  1.81394e-34 -4.70748e-38  3.23423e-34  -5.0854e-38  5.34588e-35  -1.3381e-37 -4.24884e-35 -2.66238e-37 -2.43086e-34  -6.4565e-38  1.00631e-33 -4.51271e-37 -6.38632e-33 -4.19904e-37   3.5388e-32  2.52407e-37 -1.81388e-31 -4.85216e-37  8.65403e-31  1.65813e-37 -3.84619e-30 -1.61325e-37  1.59205e-29  -4.3285e-38 -6.13369e-29  3.40691e-37  2.19756e-28 -1.36097e-36 -7.31295e-28  4.42604e-36  2.25694e-27 -1.43246e-35 -6.44768e-27  4.31859e-35  1.70118e-26 -1.22017e-34 -4.13384e-26  3.23973e-34  9.22082e-26 -8.07124e-34 -1.88039e-25   1.8851e-33  3.48872e-25 -4.12326e-33 -5.85358e-25   8.4353e-33  8.81582e-25  -1.6116e-32  -1.1804e-24  2.87049e-32  1.38738e-24  -4.7568e-32 -1.40611e-24  7.31679e-32  1.19599e-24 -1.04185e-31 -8.14396e-25  1.36903e-31  3.99825e-25 -1.65417e-31 -9.31138e-26  1.83014e-31 -4.61292e-26   -1.845e-31  5.76072e-26  1.68504e-31 -2.35738e-26 -1.38467e-31 -1.81725e-28  1.01538e-31  4.41728e-27 -6.57806e-32 -1.50591e-27  3.71832e-32  -1.6629e-28 -1.80514e-32  1.97938e-28  7.37197e-33 -1.67714e-29 -2.46148e-33 -1.11412e-29   6.4438e-34  1.53702e-30 -1.23405e-34  3.16716e-31  1.49851e-35 -3.67073e-32 -6.71797e-37 -3.31496e-33 -7.16025e-38  1.24432e-34  6.87075e-39
 1.51164e-47 -1.21895e-36 -1.20861e-45  4.79133e-37  7.08663e-45  1.00346e-35 -3.10834e-44 -2.85595e-35  1.17171e-43 -2.08578e-35 -1.31743e-42  1.34562e-34 -5.21726e-43 -2.12305e-34 -3.16467e-42  2.15113e-34 -7.67951e-41 -2.19984e-34 -5.09258e-41 -7.70158e-34 -1.60466e-40  2.61466e-33 -5.01326e-40 -4.19146e-34 -3.47717e-40 -3.16079e-34 -1.10034e-38 -7.96619e-34  6.76028e-39  -5.5152e-34 -1.65668e-38 -2.49724e-34 -6.46353e-38  2.29156e-34 -1.72269e-38   2.2792e-34 -7.45607e-38  2.78225e-34 -8.49997e-38  4.34389e-35 -2.43121e-37  2.07562e-34 -4.49241e-37 -1.83581e-33 -7.89322e-38  1.08291e-32 -7.14925e-37 -6.21696e-32 -6.69649e-37  3.30091e-31  3.69467e-37 -1.63144e-30 -6.81565e-37  7.51165e-30  2.30524e-37 -3.22172e-29 -1.46038e-37  1.28654e-28 -3.84518e-37 -4.77983e-28  1.64076e-36  1.65044e-27    -5.88e-36 -5.28927e-27    1.911e-35  1.57059e-26 -5.94252e-35 -4.31215e-26  1.73171e-34  1.09192e-25 -4.73707e-34 -2.54229e-25  1.21702e-33  5.42254e-25 -2.93349e-33 -1.05485e-24   6.6275e-33  1.86134e-24 -1.40186e-32 -2.95931e-24   2.7724e-32   4.2033e-24 -5.11823e-32 -5.27488e-24  8.80437e-32  5.76095e-24 -1.40822e-31 -5.35634e-24  2.08918e-31  4.09094e-24 -2.86673e-31 -2.39447e-24  3.62647e-31  8.83745e-25 -4.21332e-31  8.16027e-27  4.47604e-31 -2.61353e-25 -4.32563e-31  1.67995e-25   3.7796e-31 -3.37796e-26 -2.96439e-31 -1.76881e-26  2.06886e-31  1.26199e-26 -1.27119e-31 -1.35352e-27  6.78639e-32 -1.18999e-27 -3.09553e-32  3.49462e-28  1.18025e-32  4.46285e-29 -3.65056e-33 -2.36802e-29  8.77114e-34 -6.36352e-31 -1.52738e-34  6.48233e-31  1.68921e-35  5.66012e-33  -8.1119e-37 -4.52615e-33 -2.08612e-38  -3.4173e-35
 6.30359e-37  9.69009e-47 -2.19647e-36  -5.7265e-45  3.43598e-36  3.08701e-44  1.82557e-35 -1.44964e-43 -6.00569e-35  2.86589e-43 -1.18731e-35 -4.90115e-42  1.74596e-34 -2.50122e-42 -2.99353e-34 -4.03584e-42  1.96407e-34  -2.3045e-40 -2.94248e-34 -1.11847e-40 -6.00448e-34 -5.01326e-40  2.72655e-33 -1.43777e-39  -2.5682e-34 -3.54331e-40 -2.26463e-34  -2.5321e-38 -1.02262e-33  1.73483e-38 -5.52165e-34 -3.88727e-38 -3.29548e-34 -1.19277e-37  1.99272e-34 -3.16776e-38  2.48011e-34 -1.06022e-37    2.784e-34 -1.34776e-37 -3.15523e-34   -4.203e-37  2.73939e-33 -7.27731e-37 -1.77356e-32 -8.38226e-38  1.04396e-31 -1.07905e-36 -5.74206e-31 -1.01661e-36  2.93982e-30  5.07818e-37 -1.40222e-29 -9.14592e-37  6.23099e-29     2.49e-37 -2.57865e-28  1.63242e-37  9.93232e-28 -1.89879e-36 -3.55747e-27  7.09264e-36  1.18343e-26 -2.41629e-35 -3.65079e-26   7.6733e-35  1.04245e-25 -2.30386e-34 -2.74881e-25  6.49491e-34  6.67484e-25 -1.71965e-33  -1.4876e-24    4.275e-33  3.03048e-24 -9.96908e-33 -5.61536e-24  2.17847e-32  9.40693e-24 -4.45551e-32 -1.41392e-23  8.51679e-32  1.88833e-23 -1.51902e-31 -2.21189e-23  2.52305e-31   2.2312e-23 -3.89401e-31 -1.88457e-23   5.5701e-31  1.26848e-23  -7.3627e-31 -6.07724e-24  8.96251e-31  1.26689e-24 -1.00071e-30  8.41804e-25  1.02012e-30 -9.38253e-25  -9.4425e-31  3.59757e-25  7.88508e-31   1.7828e-26 -5.89462e-31 -7.46907e-26  3.90832e-31  2.31058e-26 -2.27225e-31  3.59208e-27  1.14205e-31 -3.28506e-27 -4.87338e-32  1.98522e-28  1.72423e-32   1.9748e-28 -4.89704e-33 -2.27779e-29  1.06546e-33  -5.8115e-30 -1.64929e-34  5.51396e-31  1.58559e-35   6.3694e-32 -6.71796e-37 -1.88906e-33 -2.20884e-39
-5.66454e-47  1.76597e-36  4.25198e-46 -4.50819e-36 -2.29965e-44  6.71918e-36  1.15775e-43   3.9795e-35 -6.05299e-43 -1.04997e-34  5.57503e-43 -1.06283e-36  -1.6993e-41  2.09498e-34 -9.82124e-42 -3.80579e-34  2.98227e-42  1.10391e-34 -6.56089e-40 -3.44473e-34 -2.17199e-40 -4.19146e-34 -1.43777e-39  2.84343e-33  -3.8329e-39  -1.4055e-34  2.84339e-40 -9.40305e-35 -5.52616e-38 -1.17729e-33   4.1324e-38 -5.57181e-34 -8.66603e-38 -3.74052e-34  -2.0856e-37  1.58453e-34 -5.51937e-38  1.80956e-34 -1.29292e-37   7.7409e-34 -2.05457e-37 -4.08765e-33 -6.92249e-37  2.74122e-32 -1.13595e-36 -1.67865e-31 -6.99624e-38  9.55634e-31 -1.55701e-36 -5.06854e-30 -1.46918e-36   2.5044e-29  6.41922e-37 -1.15292e-28 -1.13088e-36  4.94398e-28 -3.15345e-38 -1.97388e-27  1.73965e-36   7.3316e-27 -8.07371e-36 -2.53078e-26   2.8453e-35  8.10762e-26 -9.34248e-35 -2.40643e-25  2.87954e-34   6.6036e-25 -8.36045e-34 -1.67112e-24  2.28065e-33  3.88795e-24 -5.84366e-33 -8.28528e-24  1.40556e-32  1.60996e-23 -3.17065e-32 -2.83698e-23  6.70052e-32  4.50273e-23 -1.32487e-31  -6.3815e-23  2.44733e-31  7.98535e-23  -4.2161e-31 -8.68708e-23   6.7601e-31  8.03164e-23 -1.00649e-30 -6.08041e-23  1.38774e-30  3.50148e-23 -1.76644e-30 -1.23533e-23  2.06831e-30 -7.34169e-25 -2.21833e-30  4.16306e-24  2.16865e-30  -2.5193e-24 -1.92125e-30   4.3956e-25  1.53182e-30  3.03038e-25  -1.0901e-30  -1.9333e-25  6.85488e-31  1.54765e-26 -3.76224e-31  1.98145e-26  1.77458e-31 -5.13632e-27 -7.05265e-32  -8.5924e-28  2.30083e-32  3.69985e-28 -5.94455e-33  1.69892e-29  1.15441e-33 -1.03644e-29 -1.55047e-34 -2.14706e-31  1.23473e-35  7.37147e-32 -3.97482e-37  7.69784e-34
