    0.212758 -1.19908e-15    0.0483961  6.21101e-16    0.0102528   7.9995e-17   0.00146124 -4.49542e-16  0.000171261 -2.69562e-16  0.000462124 -5.98281e-17  0.000543224 -3.40683e-17  0.000381073 -2.97444e-17    0.0002008 -1.83804e-17  8.75098e-05 -8.53415e-18  3.31438e-05 -3.03296e-18  1.12324e-05  -5.9675e-19  3.47066e-06  1.99441e-19  9.90369e-07  2.90404e-19  2.63393e-07  1.85228e-19  6.57316e-08  8.64666e-20  1.54714e-08  3.32113e-20  3.44812e-09  1.12396e-20  7.29919e-10  3.56259e-21  1.47115e-10  1.12707e-21  2.82856e-11  3.78557e-22  5.19587e-12  1.39043e-22  9.12962e-13  5.41622e-23  1.53585e-13  2.09992e-23  2.47543e-14  7.70799e-24   3.8245e-15  2.62118e-24  5.66587e-16  8.26806e-25  8.05019e-17  2.45872e-25  1.09702e-17  7.05303e-26  1.43368e-18  1.98837e-26  1.79656e-19  5.52995e-27  2.15796e-20  1.49739e-27  2.48356e-21  3.85677e-28  2.73722e-22  9.20698e-29  2.88716e-23  1.98471e-29  2.91226e-24  3.75784e-30  2.80681e-25  6.05797e-31   2.5822e-26  8.12198e-32  2.26503e-27  9.85867e-33    1.892e-28  1.77344e-33  1.50286e-29   5.9241e-34  1.13338e-30  2.05838e-34  8.10086e-32  5.92064e-35  5.47674e-33  1.40253e-35  3.49451e-34  2.79643e-36  2.09915e-35  4.77309e-37  1.18379e-36  7.04909e-38  6.24739e-38  9.06446e-39   3.0743e-39  1.01874e-39  1.40482e-40  1.00352e-40  5.93258e-42  8.69535e-42  2.30251e-43  6.66956e-43  8.15927e-45  4.57916e-44  2.61942e-46  2.86063e-45  7.54672e-48  1.65406e-46  1.92865e-49  8.90883e-48   4.3082e-51  4.39776e-49  8.25211e-53  1.91139e-50  1.32067e-54  6.91434e-52  1.70162e-56  1.94396e-53  1.66652e-58  3.87607e-55  1.12103e-60  4.68141e-57  4.11163e-63  2.19126e-59
-1.19908e-15     0.151206 -3.49679e-16     0.074391   3.0884e-16    0.0343157 -6.43286e-16    0.0165542 -8.06042e-16   0.00919819 -4.44575e-16   0.00518768  -2.5143e-16   0.00266159 -1.59355e-16   0.00120781 -8.96077e-17  0.000487704 -4.18809e-17  0.000177594    -1.61e-17  5.90683e-05 -4.48861e-18  1.81344e-05 -2.42285e-19  5.18191e-06  7.37384e-19  1.38726e-06  6.13816e-19   3.4974e-07  3.24559e-19  8.33735e-08  1.35517e-19  1.88549e-08  4.86517e-20  4.05575e-09  1.59962e-20  8.31535e-10  5.12778e-21  1.62775e-10  1.71013e-21  3.04637e-11  6.20429e-22   5.4567e-12  2.41938e-22  9.36261e-13  9.56469e-23  1.53978e-13  3.62294e-23  2.42839e-14  1.27667e-23  3.67374e-15   4.1668e-24  5.33215e-16  1.27569e-24  7.42539e-17  3.74444e-25  9.92033e-18  1.07576e-25  1.27128e-18   3.0501e-26   1.5622e-19  8.45794e-27   1.8401e-20  2.24545e-27  2.07652e-21  5.56301e-28  2.24365e-22  1.25316e-28  2.31947e-23  2.49834e-29  2.29235e-24  4.27646e-30  2.16383e-25  6.10699e-31  1.94872e-26  7.53285e-32  1.67241e-27  1.16656e-32   1.3659e-28  3.55136e-33  1.06005e-29  1.29306e-33  7.80426e-31  3.98636e-34  5.44035e-32   1.0082e-34  3.58341e-33  2.13568e-35  2.22496e-34  3.86084e-36  1.29882e-35  6.02952e-37  7.10699e-37  8.19452e-38  3.63292e-38  9.73438e-39  1.72815e-39  1.01383e-39  7.61604e-41  9.28911e-41   3.0936e-42  7.52977e-42  1.15125e-43  5.45431e-43  3.89713e-45  3.58592e-44  1.18979e-46  2.17914e-45  3.24188e-48  1.23772e-46  7.78147e-50  6.51307e-48  1.61807e-51  3.07161e-49  2.85088e-53  1.23411e-50  4.12702e-55   3.9733e-52  4.68979e-57  9.50166e-54  3.88218e-59  1.50556e-55  2.02317e-61  1.24298e-57  4.28565e-64
   0.0483961 -3.49679e-16     0.105394  4.03535e-16    0.0769418  -5.3776e-16    0.0479881 -1.40445e-15    0.0294599 -1.23626e-15    0.0168664 -8.09425e-16   0.00861904 -4.96116e-16   0.00390608 -2.73905e-16   0.00158462 -1.30565e-16  0.000582649 -5.30248e-17  0.000196391 -1.72221e-17  6.12562e-05  -3.1774e-18  1.78143e-05   9.5347e-19  4.85945e-06  1.34865e-18  1.24936e-06  8.33602e-19  3.03908e-07  3.82121e-19  7.01608e-08  1.46403e-19  1.54111e-08  5.02433e-20   3.2273e-09  1.64379e-20  6.45396e-10  5.47526e-21  1.23416e-10  1.96287e-21  2.25908e-11  7.62976e-22   3.9616e-12  3.06236e-22  6.65991e-13  1.19437e-22  1.07381e-13  4.35983e-23  1.66106e-14  1.47362e-23  2.46563e-15  4.65173e-24  3.51219e-16  1.39908e-24  4.80079e-17  4.09831e-25  6.29599e-18  1.18376e-25  7.91982e-19  3.35639e-26  9.55229e-20  9.16836e-27  1.10417e-20  2.35332e-27  1.22252e-21  5.53079e-28  1.29561e-22  1.15903e-28  1.31327e-23   2.1031e-29  1.27205e-24  3.20363e-30  1.17622e-25  4.11005e-31  1.03708e-26  5.70227e-32  8.70808e-28  1.50419e-32  6.95346e-29  5.61717e-33  5.27177e-30  1.85519e-33  3.78805e-31  5.01869e-34  2.57465e-32  1.13104e-34  1.65156e-33  2.16726e-35  9.97388e-35  3.58026e-36  5.65462e-36  5.14258e-37  3.00007e-37  6.45542e-38  1.48414e-38  7.10585e-39  6.81766e-40  6.88155e-40  2.89425e-41  5.89285e-41  1.12917e-42  4.50205e-42  4.02218e-44  3.11326e-43  1.29794e-45  1.98525e-44  3.75867e-47   1.1848e-45   9.6547e-49  6.60557e-47  2.16759e-50  3.35202e-48  4.17279e-52  1.47963e-49  6.71148e-54  5.37257e-51  8.69032e-56   1.5027e-52  8.55284e-58  2.96227e-54  5.78154e-60  3.52098e-56  2.13124e-62  1.61527e-58
 6.21101e-16     0.074391  4.03535e-16    0.0961802 -3.04586e-16    0.0795683 -1.79685e-15    0.0571436 -2.29454e-15    0.0356356 -1.77922e-15    0.0192026 -1.13331e-15   0.00905152 -6.35077e-16   0.00379589 -3.11401e-16   0.00143834  -1.3258e-16  0.000498737 -4.73708e-17  0.000159842 -1.20888e-17  4.77242e-05 -2.05885e-19  1.33568e-05  2.18318e-18  3.52145e-06  1.67915e-18   8.7802e-07  8.57804e-19  2.07695e-07   3.5334e-19  4.67304e-08  1.27375e-19  1.00214e-08  4.28267e-20  2.05187e-09  1.43375e-20  4.01657e-10  5.08814e-21  7.52527e-11  1.96408e-21  1.35061e-11  7.96426e-22  2.32365e-12   3.1889e-22  3.83412e-13  1.20483e-22  6.06975e-14  4.21996e-23  9.22104e-15  1.37548e-23  1.34442e-15  4.24582e-24  1.88119e-16   1.2692e-24  2.52587e-17  3.73309e-25  3.25369e-18  1.08068e-25  4.01961e-19  3.03179e-26  4.76045e-20   8.0481e-27  5.40181e-21  1.97002e-27  5.86929e-22  4.33179e-28  6.10194e-23  8.31683e-29  6.06489e-24  1.35117e-29  5.75753e-25  1.82966e-30  5.21482e-26  2.39031e-31    4.501e-27  5.27745e-32  3.69707e-28  1.95197e-32  2.88557e-29  6.88496e-33  2.13648e-30  1.99582e-33  1.49776e-31  4.79296e-34  9.92082e-33  9.74405e-35  6.19433e-34   1.7035e-35  3.63605e-35  2.58627e-36  2.00059e-36  3.43014e-37  1.02826e-37  3.98938e-38  4.91793e-39  4.08212e-39  2.17906e-40   3.6917e-40  8.89864e-42  2.97408e-41  3.32911e-43  2.16268e-42  1.13288e-44  1.44571e-43  3.47671e-46  9.04099e-45  9.52222e-48  5.31276e-46  2.29733e-49  2.87935e-47  4.80132e-51  1.38312e-48  8.50204e-53  5.59295e-50  1.23692e-54  1.79517e-51  1.41253e-56  4.25117e-53  1.17496e-58  6.63865e-55  6.15367e-61  5.37984e-57  1.31085e-63
   0.0102528   3.0884e-16    0.0769418 -3.04586e-16    0.0929408 -1.94229e-15    0.0815751 -3.29679e-15    0.0573535 -3.03695e-15    0.0334844 -2.08179e-15    0.0167553 -1.20937e-15   0.00737542 -6.14224e-16   0.00291351  -2.7351e-16   0.00104852 -1.04961e-16  0.000347697 -3.17644e-17   0.00010717 -4.73171e-18  3.09116e-05  2.48831e-18  8.38768e-06   2.7772e-18  2.15011e-06   1.6196e-18   5.2245e-07  7.24065e-19  1.20663e-07  2.76044e-19  2.65464e-08  9.60366e-20  5.57341e-09  3.25314e-20  1.11828e-09  1.14658e-20  2.14687e-10  4.38338e-21  3.94725e-11  1.78625e-21  6.95562e-12  7.31514e-22  1.17536e-12  2.85666e-22  1.90538e-13  1.03715e-22    2.964e-14  3.49535e-23  4.42511e-15  1.10921e-23  6.34062e-16  3.38773e-24  8.71894e-17  1.01462e-24  1.15038e-17  2.99501e-25  1.45591e-18  8.61332e-26  1.76679e-19  2.36019e-26  2.05483e-20  6.00643e-27  2.28905e-21  1.38326e-27  2.44079e-22  2.80454e-28  2.48919e-23  4.85369e-29  2.42575e-24  6.99408e-30   2.2566e-25  9.01481e-31  2.00164e-26  1.65814e-31  1.69079e-27  5.77967e-32  1.35812e-28  2.15992e-32  1.03573e-29  6.71893e-33  7.48575e-31  1.72251e-33  5.11735e-32  3.71969e-34  3.30147e-33  6.88608e-35  2.00512e-34  1.10525e-35  1.14319e-35   1.5487e-36  6.09904e-37  1.90267e-37  3.03387e-38  2.05649e-38  1.40128e-39  1.96365e-39  5.98095e-41  1.66798e-40  2.34592e-42   1.2754e-41  8.40066e-44  8.93346e-43  2.72508e-45  5.84259e-44  7.93248e-47  3.60313e-45  2.04805e-48  2.07186e-46  4.62151e-50  1.07387e-47  8.94158e-52  4.78423e-49  1.44532e-53  1.73574e-50   1.8807e-55   4.8159e-52  1.85994e-57  9.36972e-54  1.26313e-59  1.09475e-55  4.68115e-62  4.91641e-58
  7.9995e-17    0.0343157  -5.3776e-16    0.0795683 -1.94229e-15    0.0913325 -3.90205e-15     0.074923  -4.2506e-15    0.0484398 -3.21133e-15    0.0261258 -1.96899e-15    0.0122055 -1.04356e-15   0.00506853 -4.86281e-16   0.00190535 -1.98191e-16  0.000657053 -6.71501e-17  0.000209921 -1.51914e-17  6.26053e-05  1.16796e-18   1.7531e-05  3.80035e-18  4.63061e-06  2.63995e-18  1.15797e-06  1.29748e-18  2.74961e-07  5.27116e-19  6.21426e-08  1.91068e-19  1.33936e-08  6.59467e-20  2.75725e-09  2.31914e-20  5.42855e-10  8.77012e-21  1.02321e-10  3.57276e-21  1.84786e-11  1.48969e-21  3.19941e-12  6.00028e-22  5.31339e-13  2.25794e-22   8.4667e-14  7.87722e-23  1.29474e-14  2.57442e-23  1.90023e-15   8.0453e-24  2.67653e-16  2.45439e-24   3.6176e-17  7.38014e-25  4.69077e-18  2.17178e-25  5.83308e-19  6.13071e-26   6.9533e-20  1.61901e-26  7.94132e-21  3.89772e-27  8.68415e-22  8.32804e-28  9.08606e-23  1.53263e-28  9.08806e-24  2.35881e-29  8.68157e-25  3.10889e-30  7.91206e-26   4.9035e-31  6.87098e-27  1.51849e-31  5.67806e-28  5.91561e-32  4.45838e-29  1.97569e-32  3.32062e-30  5.41766e-33  2.34158e-31  1.24443e-33  1.56003e-32  2.44138e-34  9.79646e-34  4.14407e-35  5.78318e-35  6.13499e-36  3.19983e-36  7.96064e-37  1.65377e-37  9.08642e-38  7.95307e-39  9.15884e-39  3.54301e-40   8.2025e-40  1.45462e-41  6.59586e-41  5.47082e-43  4.84047e-42  1.87145e-44  3.30664e-43  5.77311e-46  2.13278e-44  1.58928e-47  1.29362e-45  3.85373e-49  7.17964e-47  8.09452e-51  3.49092e-48  1.44045e-52  1.41387e-49  2.10591e-54  4.50994e-51  2.41661e-56  1.05563e-52   2.0195e-58  1.62268e-54  1.06193e-60  1.28938e-56  2.27832e-63
  0.00146124 -6.43286e-16    0.0479881 -1.79685e-15    0.0815751 -3.90205e-15     0.081685   -5.003e-15      0.05988 -4.25099e-15    0.0353239 -2.80124e-15     0.017691 -1.56353e-15   0.00777891 -7.64556e-16   0.00307127 -3.29332e-16   0.00110608 -1.21557e-16  0.000367523 -3.40364e-17   0.00011364 -3.17011e-18  3.29129e-05  4.15321e-18  8.97453e-06  3.75453e-18  2.31324e-06  2.06699e-18  5.65457e-07  9.02914e-19  1.31426e-07  3.43449e-19  2.91061e-08  1.21653e-19  6.15261e-09  4.29352e-20  1.24312e-09  1.60699e-20  2.40343e-10  6.51353e-21  4.45052e-11  2.75072e-21  7.89869e-12  1.13949e-21  1.34431e-12  4.44166e-22  2.19487e-13   1.6055e-22   3.4387e-14  5.41312e-23  5.17027e-15  1.73392e-23  7.46055e-16  5.39225e-24  1.03307e-16  1.65054e-24  1.37246e-17  4.96145e-25   1.7489e-18   1.4399e-25  2.13672e-19    3.938e-26  2.50174e-20  9.89153e-27  2.80539e-21   2.2226e-27  3.01095e-22   4.3403e-28  3.09052e-23  7.14068e-29    3.031e-24  9.85294e-30  2.83744e-25  1.40369e-30  2.53255e-26  3.66369e-31   2.1524e-27  1.44523e-31  1.73941e-28  5.17416e-32  1.33446e-29  1.52066e-32  9.70192e-31  3.72137e-33   6.6711e-32  7.74442e-34  4.32871e-33  1.39088e-34  2.64397e-34  2.17579e-35   1.5159e-35  2.98163e-36  8.13238e-37  3.59337e-37   4.0675e-38  3.82288e-38  1.88886e-39  3.60972e-39  8.10515e-41  3.05323e-40   3.1959e-42  2.34803e-41  1.15041e-43  1.67436e-42  3.75102e-45  1.12663e-43  1.09745e-46  7.17228e-45  2.84771e-48  4.23292e-46  6.45797e-50  2.22731e-47  1.25563e-51  9.96416e-49  2.03942e-53  3.59968e-50   2.6665e-55  9.88679e-52  2.64999e-57  1.89603e-53  1.80664e-59  2.17542e-55  6.70645e-62  9.55139e-58
-4.49542e-16    0.0165542 -1.40445e-15    0.0571436 -3.29679e-15     0.074923   -5.003e-15    0.0641717 -4.88035e-15    0.0420959  -3.5248e-15    0.0228387 -2.09591e-15    0.0107106 -1.08073e-15   0.00446483 -4.91466e-16   0.00168595 -1.94837e-16  0.000584436 -6.26771e-17  0.000187824 -1.18287e-17   5.6377e-05   3.0639e-18  1.58957e-05  4.64596e-18  4.22894e-06  2.95302e-18   1.0654e-06  1.40277e-18  2.54905e-07  5.64267e-19  5.80541e-08  2.06626e-19  1.26096e-08  7.36796e-20  2.61609e-09  2.73622e-20  5.19072e-10  1.09942e-20  9.85966e-11  4.67577e-21  1.79432e-11  1.98463e-21  3.13047e-12  8.00334e-22  5.23827e-13  2.99904e-22  8.40955e-14  1.04484e-22  1.29552e-14  3.43692e-23  1.91529e-15  1.09083e-23  2.71724e-16  3.39813e-24  3.69879e-17  1.04182e-24  4.82977e-18  3.10202e-25  6.04757e-19  8.76771e-26  7.25827e-20  2.29311e-26  8.34549e-21  5.40713e-27  9.18675e-22  1.11787e-27  9.67486e-23  1.96429e-28  9.73944e-24  2.87617e-29    9.363e-25  3.91854e-30  8.58658e-26  8.39855e-31  7.50284e-27  3.20459e-31  6.23799e-28   1.2231e-31  4.92746e-29  3.85946e-32  3.69172e-30  1.00812e-32  2.61847e-31  2.22806e-33  1.75455e-32   4.2365e-34  1.10806e-33  7.00458e-35  6.57788e-35  1.01373e-35  3.65965e-36  1.28979e-36  1.90174e-37  1.44808e-37  9.19478e-39  1.44165e-38  4.11793e-40  1.28297e-39  1.69953e-41  1.03433e-40  6.42498e-43  7.69859e-42  2.20908e-44   5.3946e-43    6.849e-46  3.58959e-44  1.89485e-47  2.23871e-45   4.6173e-49  1.26501e-46   9.7458e-51  6.19317e-48  1.74272e-52  2.50294e-49  2.55971e-54  7.91605e-51   2.9512e-56  1.82885e-52  2.47961e-58  2.76453e-54  1.30443e-60  2.15155e-56  2.77843e-63
 0.000171261 -8.06042e-16    0.0294599 -2.29454e-15    0.0573535  -4.2506e-15      0.05988 -4.88035e-15    0.0445913 -3.94831e-15    0.0265261 -2.53665e-15    0.0133725 -1.38887e-15   0.00591827 -6.67758e-16   0.00235273 -2.82277e-16  0.000853511 -1.00663e-16   0.00028579 -2.55345e-17  8.90759e-05 -2.08837e-19  2.60109e-05  4.88798e-18  7.15184e-06   3.7927e-18  1.85899e-06  1.98963e-18  4.58263e-07  8.53733e-19  1.07411e-07  3.25646e-19  2.39879e-08  1.18182e-19  5.11299e-09  4.37345e-20   1.0416e-09   1.7384e-20  2.03027e-10  7.40266e-21  3.78986e-11  3.20453e-21  6.77968e-12   1.3343e-21  1.16291e-12  5.18392e-22  1.91337e-13  1.86885e-22  3.02048e-14  6.32532e-23  4.57545e-15  2.05204e-23   6.6509e-16  6.50699e-24  9.27632e-17  2.03218e-24  1.24119e-17  6.19528e-25  1.59272e-18  1.80576e-25  1.95935e-19  4.90726e-26  2.30966e-20  1.21169e-26  2.60731e-21   2.6458e-27  2.81678e-22  4.95651e-28  2.90994e-23  7.75206e-29   2.8721e-24   1.0594e-29  2.70556e-25  1.88941e-30  2.42975e-26  6.56146e-31   2.0776e-27  2.63599e-31  1.68903e-28  8.94009e-32  1.30345e-29  2.49761e-32  9.53163e-31  5.87054e-33  6.59157e-32  1.18272e-33  4.30126e-33  2.06758e-34  2.64183e-34  3.16041e-35  1.52298e-35  4.24482e-36  8.21461e-37  5.02897e-37  4.13056e-38  5.27879e-38  1.92824e-39  4.94405e-39   8.3171e-41  4.18075e-40  3.29627e-42  3.24893e-41  1.19254e-43  2.36852e-42  3.90781e-45  1.64188e-43  1.14895e-46  1.07608e-44  2.99583e-48  6.48371e-46  6.82648e-50  3.44491e-47  1.33373e-51  1.54133e-48  2.17687e-53  5.53042e-50  2.85845e-55  1.50135e-51  2.85418e-57  2.83515e-53  1.96178e-59  3.19127e-55  7.17164e-62  1.36774e-57
-2.69562e-16   0.00919819 -1.23626e-15    0.0356356 -3.03695e-15    0.0484398 -4.25099e-15    0.0420959 -3.94831e-15    0.0278673 -2.78702e-15    0.0152407 -1.63509e-15   0.00720519 -8.34004e-16    0.0030288 -3.74752e-16   0.00115365 -1.45303e-16  0.000403489 -4.40309e-17  0.000130849 -6.11237e-18  3.96351e-05  4.05218e-18  1.12776e-05  4.35934e-18  3.02773e-06  2.58425e-18  7.69691e-07  1.19519e-18  1.85804e-07  4.78661e-19  4.26912e-08  1.78164e-19  9.35365e-09  6.60838e-20  1.95726e-09  2.59841e-20  3.91632e-10  1.10198e-20  7.50078e-11  4.83883e-21  1.37618e-11  2.07444e-21  2.42022e-12  8.35226e-22   4.0817e-13  3.11932e-22  6.60346e-14  1.08843e-22  1.02501e-14  3.61582e-23  1.52668e-15  1.16792e-23  2.18176e-16  3.71236e-24  2.99124e-17  1.15654e-24  3.93347e-18  3.46856e-25  4.95944e-19  9.77291e-26  5.99289e-20  2.52139e-26  6.93673e-21  5.80102e-27  7.68626e-22   1.1559e-27  8.14705e-23  1.93531e-28  8.25363e-24  2.74157e-29  7.98429e-25  4.26801e-30   7.3673e-26   1.2663e-30  6.47645e-27  5.22413e-31  5.41674e-28  1.90317e-31  4.30385e-29  5.69873e-32  3.24314e-30  1.42686e-32  2.31339e-31  3.04886e-33  1.55881e-32  5.63823e-34  9.89878e-34   9.1042e-35  5.90829e-35  1.29085e-35  3.30474e-36  1.61366e-36  1.72639e-37  1.78594e-37  8.39045e-39  1.76086e-38  3.77702e-40  1.56269e-39  1.56673e-41  1.26868e-40  5.95255e-43  9.61912e-42  2.05674e-44   6.9299e-43  6.40773e-46  4.74987e-44  1.78127e-47  3.03185e-45    4.361e-49  1.73494e-46  9.24786e-51  8.51574e-48   1.6621e-52  3.42453e-49  2.45436e-54  1.07205e-50  2.83884e-56  2.44205e-52  2.39794e-58  3.62685e-54  1.28782e-60   2.7612e-56  2.51292e-63
 0.000462124 -4.44575e-16    0.0168664 -1.77922e-15    0.0334844 -3.21133e-15    0.0353239  -3.5248e-15    0.0265261 -2.78702e-15    0.0159135 -1.77201e-15   0.00809413 -9.63862e-16   0.00361567 -4.60194e-16   0.00145118 -1.91884e-16  0.000531595 -6.59142e-17  0.000179747  -1.4577e-17  5.65732e-05  1.84919e-18  1.66805e-05  4.41426e-18  4.63051e-06  3.07317e-18  1.21502e-06  1.55234e-18  3.02312e-07  6.58379e-19  7.15076e-08  2.53344e-19  1.61132e-08  9.48468e-20   3.4648e-09  3.69694e-20   7.1194e-10  1.55478e-20  1.39946e-10  6.88365e-21  2.63403e-11  3.02698e-21  4.75035e-12  1.26161e-21  8.21315e-13  4.88475e-22  1.36189e-13  1.76039e-22  2.16636e-14  6.00069e-23  3.30625e-15  1.97661e-23  4.84133e-16  6.39195e-24  6.80115e-17  2.03146e-24  9.16445e-18  6.25474e-25  1.18417e-18  1.82305e-25  1.46668e-19  4.90355e-26  1.74047e-20  1.18586e-26  1.97768e-21  2.50691e-27  2.15035e-22  4.49164e-28  2.23555e-23  6.72493e-29  2.22022e-24  9.73223e-30  2.10429e-25  2.36397e-30  1.90116e-26  9.60525e-31  1.63524e-27  3.74349e-31  1.33715e-28  1.20381e-31  1.03782e-29  3.21681e-32  7.63194e-31  7.29882e-33  5.30716e-32  1.42878e-33  3.48207e-33  2.43785e-34   2.1502e-34  3.64909e-35  1.24614e-35  4.81312e-36  6.75655e-37   5.6169e-37  3.41491e-38  5.83134e-38  1.60226e-39  5.43439e-39  6.94564e-41  4.61275e-40  2.76633e-42  3.63821e-41  1.00569e-43  2.71971e-42  3.31135e-45  1.94166e-43  9.78207e-47  1.30513e-44  2.56249e-48  7.98688e-46   5.8655e-50  4.26567e-47   1.1512e-51  1.90289e-48   1.8908e-53  6.76846e-50  2.50166e-55  1.81404e-51  2.49745e-57  3.37028e-53  1.73135e-59  3.71782e-55  6.82045e-62  1.55245e-57
-5.98281e-17   0.00518768 -8.09425e-16    0.0192026 -2.08179e-15    0.0261258 -2.80124e-15    0.0228387 -2.53665e-15    0.0152407 -1.77201e-15   0.00841185 -1.03512e-15   0.00401598 -5.26021e-16   0.00170537 -2.34464e-16  0.000656271 -8.87841e-17  0.000231903 -2.49224e-17   7.5976e-05 -1.74514e-18  2.32467e-05  3.77907e-18  6.68043e-06   3.3321e-18  1.81105e-06  1.87224e-18  4.64808e-07  8.49107e-19  1.13258e-07  3.40569e-19  2.62615e-08  1.29693e-19  5.80555e-09  5.03229e-20  1.22548e-09  2.09321e-20  2.47313e-10  9.28647e-21  4.77643e-11  4.16877e-21  8.83531e-12  1.79514e-21  1.56629e-12  7.20758e-22  2.66228e-13   2.6871e-22   4.3402e-14  9.41855e-23  6.78769e-15  3.16881e-23  1.01842e-15  1.04262e-23  1.46592e-16   3.3756e-24  2.02401e-17  1.06465e-24  2.68001e-18  3.20257e-25  3.40201e-19  8.96013e-26  4.13831e-20  2.27227e-26   4.8214e-21  5.08276e-27  5.37666e-22  9.72858e-28  5.73489e-23  1.55457e-28  5.84588e-24   2.2151e-29   5.6895e-25  4.39672e-30   5.2812e-26  1.65673e-30  4.66987e-27  6.83504e-31  3.92832e-28  2.36379e-31  3.13896e-29  6.75537e-32  2.37856e-30  1.62991e-32    1.706e-31  3.38019e-33  1.15576e-32  6.09681e-34  7.37843e-34  9.63578e-35  4.42708e-35  1.34104e-35  2.48904e-36  1.65021e-36  1.30689e-37  1.80436e-37  6.38353e-39  1.76679e-38   2.8878e-40  1.56931e-39  1.20372e-41  1.28842e-40  4.59535e-43  9.98614e-42  1.59533e-44  7.40218e-43  4.99347e-46  5.21143e-44  1.39456e-47  3.38806e-45  3.42948e-49  1.95426e-46  7.30312e-51  9.58448e-48  1.31851e-52  3.82705e-49  1.96891e-54  1.18435e-50  2.31608e-56  2.65773e-52  1.93788e-58  3.87458e-54  1.06418e-60  2.88122e-56  2.78448e-63
 0.000543224  -2.5143e-16   0.00861904 -1.13331e-15    0.0167553 -1.96899e-15     0.017691 -2.09591e-15    0.0133725 -1.63509e-15   0.00809413 -1.03512e-15   0.00415818 -5.61858e-16   0.00187698 -2.67015e-16  0.000761391 -1.09669e-16   0.00028189 -3.59363e-17  9.63233e-05 -6.42842e-18  3.06323e-05  2.40471e-18  9.12414e-06  3.26044e-18  2.55818e-06  2.09519e-18  6.77811e-07  1.02788e-18  1.70256e-07  4.33411e-19  4.06465e-08  1.69263e-19  9.24229e-09  6.57677e-20  2.00498e-09  2.70437e-20  4.15542e-10  1.19522e-20  8.23729e-11  5.44639e-21  1.56318e-11  2.41618e-21  2.84183e-12  1.00563e-21  4.95206e-13  3.88352e-22  8.27456e-14  1.40266e-22  1.32614e-14  4.82933e-23  2.03881e-15  1.61774e-23  3.00692e-16  5.33018e-24  4.25393e-17  1.71849e-24  5.77169e-18  5.32233e-25  7.50822e-19  1.54526e-25  9.36117e-20  4.09944e-26  1.11809e-20  9.67713e-27  1.27858e-21  1.97386e-27   1.3989e-22  3.37893e-28  1.46327e-23  4.94103e-29    1.462e-24  8.34918e-30  1.39387e-25  2.72361e-30  1.26664e-26  1.16381e-30  1.09571e-27  4.32818e-31   9.0101e-29  1.32578e-31   7.0318e-30  3.40723e-32  5.19921e-31  7.49345e-33  3.63482e-32  1.42954e-33  2.39741e-33  2.38609e-34   1.4881e-34  3.50416e-35  8.66829e-36  4.54708e-36  4.72357e-37  5.23737e-37  2.39923e-38  5.39113e-38  1.13121e-39  5.01546e-39   4.9273e-41  4.29029e-40  1.97178e-42  3.44745e-41   7.2019e-44  2.64709e-42  2.38225e-45  1.94287e-43  7.06941e-47  1.33358e-44  1.86038e-48  8.24973e-46    4.276e-50   4.4128e-47   8.4221e-52  1.95801e-48  1.39046e-53  6.89422e-50  1.89506e-55  1.82253e-51  1.99572e-57  3.32865e-53  1.35054e-59  3.59422e-55  5.68651e-62   1.4587e-57
-3.40683e-17   0.00266159 -4.96116e-16   0.00905152 -1.20937e-15    0.0122055 -1.56353e-15    0.0107106 -1.38887e-15   0.00720519 -9.63862e-16   0.00401598 -5.61858e-16   0.00193764 -2.84654e-16  0.000831763 -1.25608e-16  0.000323576 -4.61016e-17  0.000115575 -1.16023e-17  3.82666e-05  4.11233e-19  1.18303e-05  2.81667e-18   3.4342e-06     2.17e-18  9.40223e-07  1.16834e-18  2.43637e-07  5.22595e-19  5.99242e-08  2.11054e-19   1.4022e-08  8.27112e-20  3.12746e-09  3.36831e-20  6.65905e-10  1.47582e-20  1.35525e-10  6.78297e-21  2.63906e-11  3.08795e-21  4.92101e-12  1.33083e-21  8.79242e-13  5.32818e-22  1.50597e-13  1.98701e-22  2.47354e-14  7.01592e-23  3.89678e-15   2.3955e-23  5.88864e-16  8.02802e-24  8.53565e-17  2.64088e-24  1.18663e-17  8.40089e-25  1.58179e-18  2.52498e-25  2.02116e-19   6.9905e-26  2.47448e-20  1.73687e-26  2.90118e-21  3.76487e-27  3.25538e-22  6.90617e-28  3.49344e-23   1.0627e-28  3.58234e-24  1.63185e-29  3.50698e-25  4.36624e-30  3.27408e-26  1.85865e-30  2.91149e-27  7.40936e-31  2.46279e-28  2.43779e-31  1.97869e-29  6.68605e-32  1.50743e-30   1.5613e-32  1.08692e-31  3.15247e-33   7.4019e-33  5.55894e-34  4.74963e-34  8.61562e-35  2.86418e-35    1.179e-35  1.61834e-36  1.43077e-36  8.53884e-38  1.54897e-37  4.19094e-39  1.51065e-38  1.90493e-40  1.34789e-39  7.97751e-42  1.12344e-40   3.0596e-43  8.92301e-42  1.06702e-44  6.80069e-43  3.35475e-46  4.90023e-44  9.41051e-48  3.22973e-45  2.32524e-49  1.87049e-46  4.96866e-51  9.14196e-48  8.99092e-53   3.6187e-49  1.35595e-54  1.10597e-50  1.75347e-56  2.44302e-52  1.75526e-58  3.49263e-54  9.70805e-61   2.5321e-56  2.84021e-63
 0.000381073 -1.59355e-16   0.00390608 -6.35077e-16   0.00737542 -1.04356e-15   0.00777891 -1.08073e-15   0.00591827 -8.34004e-16   0.00361567 -5.26021e-16   0.00187698 -2.84654e-16  0.000856534 -1.34232e-16  0.000351283 -5.39046e-17  0.000131479 -1.64879e-17  4.54103e-05 -1.91893e-18  1.45931e-05  2.04172e-18  4.39133e-06  2.07054e-18  1.24352e-06  1.24702e-18  3.32687e-07  5.97448e-19  8.43564e-08  2.51587e-19  2.03244e-08   1.0023e-19   4.6628e-09  4.05853e-20  1.02034e-09  1.75727e-20  2.13265e-10  8.09144e-21  4.26251e-11  3.76113e-21   8.1541e-12  1.67512e-21  1.49405e-12  6.95519e-22  2.62343e-13  2.68277e-22  4.41637e-14  9.73647e-23  7.12972e-15  3.39392e-23  1.10396e-15  1.15692e-23  1.63953e-16   3.8771e-24  2.33531e-17  1.26382e-24  3.18971e-18  3.92255e-25  4.17656e-19  1.13052e-25  5.24068e-20  2.94876e-26  6.29873e-21  6.77309e-27  7.24719e-22  1.32924e-27  7.97714e-23  2.18029e-28  8.39361e-24  3.24544e-29  8.43511e-25  7.02478e-30  8.08794e-26  2.80818e-30  7.39096e-27  1.18881e-30  6.42879e-28  4.20791e-31  5.31506e-29  1.23428e-31  4.17015e-30  3.06476e-32  3.09949e-31  6.55519e-33  2.17805e-32  1.22172e-33  1.44385e-33  1.99872e-34  9.00687e-35  2.88471e-35  5.27236e-36   3.6889e-36  2.88694e-37  4.20197e-37  1.47334e-38  4.29959e-38  6.97927e-40  4.00638e-39  3.05409e-41   3.4669e-40  1.22774e-42  2.84663e-41  4.50456e-44  2.24593e-42  1.49665e-45     1.69e-43  4.46032e-47  1.17936e-44  1.17893e-48  7.34497e-46  2.72577e-50  3.92338e-47   5.3789e-52   1.7284e-48  8.89622e-54  6.01775e-50  1.25599e-55  1.56792e-51  1.76058e-57  2.81273e-53  1.91404e-59  2.96858e-55  9.74047e-62  1.16729e-57
-2.97444e-17   0.00120781 -2.73905e-16   0.00379589 -6.14224e-16   0.00506853 -7.64556e-16   0.00446483 -6.67758e-16    0.0030288 -4.60194e-16   0.00170537 -2.67015e-16  0.000831763 -1.34232e-16  0.000361002 -5.81387e-17  0.000141987 -2.02911e-17  5.12649e-05 -4.19501e-18  1.71539e-05  1.06065e-18  5.35804e-06  1.80797e-18  1.57103e-06  1.25035e-18  4.34326e-07  6.48255e-19  1.13615e-07  2.86914e-19  2.82025e-08  1.17128e-19   6.6585e-09  4.74278e-20  1.49806e-09  2.02713e-20  3.21678e-10  9.29022e-21  6.60086e-11  4.38222e-21  1.29572e-11  2.01077e-21  2.43505e-12  8.65512e-22  4.38399e-13  3.45786e-22  7.56488e-14  1.29281e-22  1.25157e-14  4.60981e-23  1.98572e-15  1.59934e-23  3.02157e-16  5.45402e-24  4.40952e-17  1.81773e-24  6.17083e-18  5.81122e-25  8.27927e-19   1.7392e-25  1.06463e-19  4.74989e-26  1.31153e-20  1.15276e-26  1.54709e-21  2.41431e-27  1.74636e-22  4.24344e-28  1.88508e-23  6.42678e-29  1.94418e-24  1.16473e-29  1.91405e-25  4.06976e-30  1.79686e-26  1.79298e-30  1.60658e-27  6.82901e-31  1.36627e-28  2.14714e-31  1.10349e-29  5.67876e-32  8.45028e-31  1.28802e-32  6.12401e-32  2.53865e-33  4.19135e-33   4.3852e-34  2.70276e-34  6.67611e-35  1.63777e-35  8.99758e-36  9.29806e-37  1.07874e-36  4.92903e-38  1.15896e-37  2.43043e-39  1.12914e-38  1.10976e-40  1.01571e-39  4.66844e-42  8.62284e-41  1.79844e-43  7.02729e-42  6.29976e-45  5.49688e-43   1.9893e-46   4.0375e-44  5.60187e-48  2.68658e-45  1.39106e-49  1.55727e-46  3.00577e-51  7.56927e-48  5.43507e-53  2.96653e-49  8.33332e-55  8.94673e-51  1.23974e-56  1.94393e-52  2.31865e-58   2.7222e-54  2.77066e-60  1.91955e-56  1.16032e-62
   0.0002008 -8.96077e-17   0.00158462 -3.11401e-16   0.00291351 -4.86281e-16   0.00307127 -4.91466e-16   0.00235273 -3.74752e-16   0.00145118 -2.34464e-16  0.000761391 -1.25608e-16  0.000351283 -5.81387e-17  0.000145661 -2.23708e-17  5.51127e-05 -6.00404e-18  1.92379e-05  5.95314e-20  6.24661e-06  1.43351e-18  1.89872e-06  1.18024e-18  5.42951e-07  6.68969e-19  1.46643e-07  3.13419e-19  3.75271e-08  1.32096e-19  9.12284e-09  5.38488e-20  2.11121e-09  2.27467e-20  4.65906e-10  1.03169e-20  9.81844e-11  4.90357e-21  1.97815e-11  2.30808e-21  3.81374e-12  1.02867e-21  7.04099e-13  4.26054e-22  1.24552e-13  1.64441e-22  2.11194e-14  6.01151e-23  3.43358e-15  2.12519e-23  5.35322e-16   7.3704e-24  8.00393e-17  2.50653e-24  1.14758e-17  8.23313e-25  1.57754e-18  2.55212e-25  2.07865e-19   7.2792e-26  2.62438e-20  1.86129e-26  3.17333e-21  4.14786e-27  3.67284e-22  7.81897e-28   4.0663e-23  1.24133e-28  4.30301e-24  2.01197e-29  4.34851e-25  5.78048e-30  4.19246e-26  2.55307e-30  3.85185e-27   1.0434e-30  3.36818e-28  3.52421e-31  2.79918e-29  9.94752e-32  2.20747e-30  2.39557e-32  1.64898e-31  4.99695e-33   1.1645e-32  9.11723e-34  7.75723e-34  1.46441e-34  4.86224e-35  2.08037e-35  2.85966e-36  2.62604e-36  1.57312e-37  2.96423e-37  8.06521e-39  3.02306e-38  3.83776e-40  2.83084e-39  1.68685e-41  2.48663e-40  6.81087e-43  2.09056e-41  2.50974e-44  1.69342e-42    8.376e-46  1.30194e-43  2.50716e-47  9.19876e-45  6.64562e-49  5.74782e-46   1.5506e-50  3.05893e-47  3.16124e-52  1.33608e-48   5.2286e-54  4.59583e-50    8.335e-56  1.17938e-51  1.68709e-57  2.07616e-53  3.99497e-59   2.1379e-55  4.16772e-61  8.11169e-58
-1.83804e-17  0.000487704 -1.30565e-16   0.00143834  -2.7351e-16   0.00190535 -3.29332e-16   0.00168595 -2.82277e-16   0.00115365 -1.91884e-16  0.000656271 -1.09669e-16  0.000323576 -5.39046e-17  0.000141987 -2.23708e-17  5.64548e-05 -7.00468e-18  2.06014e-05  -7.5682e-19   6.9654e-06  1.02941e-18  2.19772e-06  1.05594e-18  6.50736e-07  6.59438e-19   1.8162e-07  3.28761e-19  4.79501e-08  1.43951e-19  1.20095e-08  5.94846e-20  2.86014e-09  2.49132e-20   6.4894e-10   1.1136e-20  1.40494e-10  5.29225e-21  2.90602e-11   2.5409e-21  5.74884e-12  1.16986e-21  1.08858e-12  5.02448e-22  1.97432e-13  2.00562e-22  3.43138e-14  7.53472e-23  5.71693e-15   2.7187e-23  9.13262e-16  9.58887e-24  1.39898e-16  3.32204e-24  2.05497e-17  1.11834e-24  2.89421e-18  3.58118e-25  3.90743e-19  1.06395e-25  5.05536e-20  2.85829e-26  6.26519e-21  6.75681e-27   7.4339e-22   1.3641e-27  8.43985e-23  2.30565e-28  9.16173e-24  3.58226e-29  9.50142e-25  8.28086e-30  9.40507e-26   3.4579e-30  8.87642e-27  1.50303e-30   7.9781e-28  5.46288e-31  6.81974e-29  1.64924e-31  5.53599e-30  4.22335e-32  4.26047e-31  9.33159e-33  3.10274e-32  1.79929e-33  2.13379e-33  3.04984e-34  1.38249e-34   4.5678e-35  8.41643e-36   6.0723e-36  4.80021e-37  7.20562e-37  2.55618e-38   7.7005e-38  1.26604e-39  7.51758e-39  5.80631e-41  6.84089e-40  2.45311e-42   5.9306e-41  9.49063e-44  4.95994e-42  3.33871e-45  3.97134e-43  1.05957e-46  2.96165e-44  2.99847e-48  1.98236e-45  7.44541e-50  1.14711e-46  1.65939e-51  5.53621e-48  3.35838e-53  2.14622e-49  5.30004e-55  6.38285e-51  1.22376e-56  1.36308e-52  3.39901e-58  1.86713e-54  7.15807e-60  1.27674e-56  4.70871e-62
 8.75098e-05 -4.18809e-17  0.000582649  -1.3258e-16   0.00104852 -1.98191e-16   0.00110608 -1.94837e-16  0.000853511 -1.45303e-16  0.000531595 -8.87841e-17   0.00028189 -4.61016e-17  0.000131479 -2.02911e-17  5.51127e-05 -7.00468e-18  2.10759e-05 -1.21467e-18  7.43379e-06  6.89755e-19   2.4383e-06  9.10702e-19  7.48452e-07  6.26252e-19  2.16072e-07   3.3265e-19  5.88987e-08  1.51926e-19  1.52081e-08  6.40262e-20   3.7293e-09  2.67089e-20  8.70338e-10  1.17398e-20  1.93646e-10  5.53522e-21  4.11344e-11   2.6916e-21  8.35182e-12  1.27563e-21  1.62234e-12  5.67819e-22  3.01722e-13   2.3474e-22   5.3756e-14  9.08369e-23  9.17874e-15  3.35219e-23  1.50245e-15  1.20313e-23  2.35804e-16  4.24123e-24  3.54858e-17  1.45992e-24  5.12019e-18  4.81659e-25  7.08234e-19  1.48659e-25  9.38884e-20   4.1844e-26  1.19244e-20  1.04606e-26  1.45027e-21  2.25591e-27  1.68815e-22  4.08602e-28  1.87947e-23  6.41972e-29  1.99981e-24  1.23041e-29  2.03185e-25  4.51302e-30  1.96931e-26  2.04562e-30  1.81872e-27  8.00295e-31  1.59846e-28  2.59015e-31  1.33509e-29  7.06545e-32  1.05806e-30  1.65545e-32  7.94203e-32  3.37535e-33  5.63536e-33  6.03974e-34  3.77156e-34  9.53874e-35  2.37493e-35  1.33576e-35  1.40313e-36  1.66713e-36  7.75331e-38  1.86869e-37  3.99256e-39  1.90467e-38  1.90809e-40  1.79825e-39  8.42282e-42  1.60814e-40  3.41516e-43  1.38574e-41  1.26375e-44  1.15038e-42  4.23627e-46  9.00365e-44  1.27753e-47  6.41659e-45  3.41305e-49  4.01127e-46  7.90309e-51  2.12305e-47   1.8308e-52  9.18397e-49  4.26885e-54  3.11885e-50  7.40126e-56  7.87735e-52  2.88999e-57  1.35932e-53  7.63306e-59  1.36265e-55  1.08972e-60  4.96181e-58
-8.53415e-18  0.000177594 -5.30248e-17  0.000498737 -1.04961e-16  0.000657053 -1.21557e-16  0.000584436 -1.00663e-16  0.000403489 -6.59142e-17  0.000231903 -3.59363e-17  0.000115575 -1.64879e-17  5.12649e-05 -6.00404e-18  2.06014e-05 -1.21467e-18  7.59648e-06  4.96249e-19  2.59452e-06  7.83875e-19  8.26703e-07  5.81631e-19  2.47126e-07  3.27153e-19   6.9612e-08  1.55893e-19  1.85436e-08  6.72862e-20  4.68484e-09   2.8098e-20  1.12515e-09  1.21431e-20  2.57378e-10  5.63971e-21  5.61652e-11  2.75424e-21  1.17073e-11  1.33678e-21  2.33342e-12  6.15718e-22  4.45083e-13  2.63834e-22  8.12993e-14  1.05389e-22  1.42281e-14  3.98695e-23  2.38658e-15  1.45789e-23  3.83771e-16  5.22605e-24  5.91678e-17  1.83558e-24  8.74608e-18   6.2229e-25   1.2394e-18  1.98989e-25  1.68339e-19  5.85237e-26   2.1908e-20  1.54252e-26  2.73081e-21  3.54264e-27  3.25857e-22  6.88544e-28  3.72007e-23  1.13096e-28  4.06024e-24   1.9205e-29  4.23328e-25  5.79709e-30  4.21232e-26  2.64019e-30    3.996e-27  1.10874e-30  3.60975e-28  3.85558e-31  3.10096e-29  1.12258e-31  2.52951e-30  2.79281e-32  1.95604e-31  6.02612e-33  1.43123e-32   1.1388e-33  9.88842e-34  1.89702e-34  6.43598e-35  2.79902e-35  3.93577e-36  3.67578e-36  2.25466e-37  4.32513e-37  1.20588e-38  4.60892e-38  5.99824e-40  4.52228e-39  2.76263e-41  4.17586e-40  1.17211e-42  3.70335e-41  4.55347e-44  3.17566e-42   1.6088e-45  2.59455e-43  5.13324e-47  1.95716e-44  1.47821e-48  1.31372e-45  3.74923e-50  7.57352e-47  8.15895e-52  3.62482e-48  2.55788e-53  1.38892e-49  7.96722e-55  4.07068e-51  1.61339e-56  8.53661e-53  7.72312e-58  1.14188e-54   1.5273e-59  7.54228e-57  1.15737e-61
 3.31438e-05    -1.61e-17  0.000196391 -4.73708e-17  0.000347697 -6.71501e-17  0.000367523 -6.26771e-17   0.00028579 -4.40309e-17  0.000179747 -2.49224e-17  9.63233e-05 -1.16023e-17  4.54103e-05 -4.19501e-18  1.92379e-05  -7.5682e-19  7.43379e-06  4.96249e-19  2.64869e-06  7.10268e-19  8.77357e-07  5.40398e-19  2.71888e-07  3.16328e-19  7.92194e-08   1.5646e-19  2.17882e-08  6.92529e-20   5.6748e-09  2.90767e-20   1.4033e-09   1.2376e-20  3.30178e-10  5.62904e-21  7.40462e-11  2.73501e-21  1.58502e-11  1.35011e-21  3.24231e-12  6.41596e-22  6.34411e-13  2.84969e-22  1.18825e-13  1.17715e-22  2.13168e-14   4.5762e-23  3.66434e-15   1.7078e-23  6.03754e-16  6.22524e-24   9.5365e-17  2.22731e-24  1.44413e-17  7.73908e-25  2.09649e-18  2.55691e-25  2.91728e-19  7.83576e-26  3.89002e-20  2.17105e-26   4.9689e-21  5.29292e-27  6.07727e-22  1.10245e-27  7.11304e-23  1.92628e-28   7.9619e-24  3.11608e-29  8.51654e-25  7.54519e-30  8.69793e-26   3.2543e-30  8.47315e-27  1.45395e-30  7.86439e-28  5.44165e-31  6.94595e-29  1.69488e-31  5.82953e-30   4.4842e-32  4.64183e-31  1.02491e-32  3.50053e-32  2.04664e-33  2.49525e-33   3.5971e-34  1.67753e-34  5.59361e-35  1.06103e-35  7.73212e-36  6.29612e-37  9.55735e-37  3.49407e-38  1.06611e-37  1.80693e-39  1.08902e-38  8.67197e-41  1.03985e-39  3.84424e-42  9.48883e-41  1.56544e-43  8.38091e-42  5.81752e-45   7.1126e-43  1.96022e-46  5.64653e-44  5.97157e-48  4.04575e-45  1.68639e-49  2.52455e-46  4.20802e-51  1.32696e-47  9.25849e-53  5.68021e-49  5.50115e-54  1.90321e-50   1.9995e-55  4.72776e-52  4.13083e-57  7.98674e-54  1.86157e-58  7.77199e-56  2.42262e-60  2.69604e-58
-3.03296e-18  5.90683e-05 -1.72221e-17  0.000159842 -3.17644e-17  0.000209921 -3.40364e-17  0.000187824 -2.55345e-17  0.000130849  -1.4577e-17   7.5976e-05 -6.42842e-18  3.82666e-05 -1.91893e-18  1.71539e-05  5.95314e-20   6.9654e-06  6.89755e-19  2.59452e-06  7.10268e-19  8.94894e-07  5.15858e-19  2.87874e-07   3.0519e-19  8.68515e-08  1.54851e-19  2.46845e-08   7.0109e-20   6.6327e-09  2.96776e-20  1.68979e-09  1.24757e-20  4.09144e-10  5.53587e-21  9.43331e-11  2.64998e-21  2.07437e-11  1.31881e-21  4.35618e-12  6.43672e-22  8.74551e-13  2.96046e-22  1.67993e-13  1.26623e-22  3.08969e-14  5.07032e-23  5.44348e-15  1.93525e-23  9.19044e-16  7.17805e-24  1.48729e-16  2.61295e-24  2.30731e-17  9.28283e-25  3.43137e-18  3.16004e-25  4.89148e-19  1.00626e-25  6.68244e-20  2.92229e-26  8.74621e-21  7.53836e-27  1.09628e-21  1.67827e-27   1.3153e-22  3.14234e-28  1.50961e-23  5.12425e-29   1.6563e-24  1.02422e-29  1.73578e-25  3.88068e-30  1.73591e-26  1.80775e-30  1.65493e-27  7.28355e-31  1.50224e-28  2.43251e-31  1.29668e-29   6.8566e-32   1.0627e-30  1.66194e-32  8.25569e-32   3.5092e-33  6.06813e-33  6.50991e-34  4.21124e-34  1.06717e-34  2.75299e-35  1.55328e-35  1.69082e-36   2.0181e-36  9.72741e-38  2.35912e-37  5.22449e-39  2.51298e-38   2.6096e-40  2.48563e-39  1.20697e-41  2.33518e-40  5.14353e-43  2.12035e-41  2.00844e-44  1.86111e-42  7.13407e-46  1.54637e-43  2.29638e-47  1.17591e-44  6.81868e-49  7.89543e-46  2.07856e-50   4.5273e-47  5.71408e-52  2.14677e-48  1.52823e-53  8.12503e-50  1.54657e-54  2.34523e-51  5.31161e-56  4.82477e-53   9.8565e-58  6.28893e-55   3.7387e-59  3.99204e-57   2.6065e-61
 1.12324e-05 -4.48861e-18  6.12562e-05 -1.20888e-17   0.00010717 -1.51914e-17   0.00011364 -1.18287e-17  8.90759e-05 -6.11237e-18  5.65732e-05 -1.74514e-18  3.06323e-05  4.11233e-19  1.45931e-05  1.06065e-18  6.24661e-06  1.02941e-18   2.4383e-06  7.83875e-19  8.77357e-07  5.15858e-19    2.934e-07  2.98277e-19   9.1766e-08  1.52586e-19  2.69774e-08  7.01973e-20  7.48419e-09  2.99703e-20  1.96567e-09  1.24815e-20  4.90043e-10  5.39505e-21  1.16211e-10  2.52111e-21  2.62614e-11  1.25157e-21  5.66333e-12  6.23242e-22  1.16687e-12  2.96141e-22  2.29923e-13  1.31221e-22  4.33595e-14  5.42354e-23  7.83041e-15  2.12216e-23  1.35479e-15   8.0195e-24  2.24638e-16  2.96828e-24   3.5702e-17  1.07589e-24  5.43913e-18   3.7633e-25  7.94279e-19  1.24169e-25  1.11163e-19  3.76874e-26  1.49067e-20  1.02542e-26  1.91464e-21  2.43241e-27   2.3544e-22  4.88851e-28   2.7703e-23  8.32409e-29  3.11704e-24   1.4693e-29   3.3512e-25  4.57445e-30  3.43971e-26  2.13858e-30  3.36728e-27  9.24785e-31  3.14044e-28  3.31918e-31  2.78683e-29  9.98822e-32  2.34979e-30  2.57094e-32  1.87962e-31   5.7449e-33  1.42385e-32  1.12542e-33  1.01944e-33   1.9455e-34  6.88348e-35  2.98256e-35  4.37244e-36  4.07531e-36  2.60554e-37  4.99729e-37  1.45198e-38  5.55977e-38  7.53978e-40  5.70754e-39  3.63355e-41  5.52717e-40  1.61789e-42  5.15451e-41  6.62416e-44  4.66251e-42  2.48373e-45  4.03351e-43  8.45722e-47  3.23688e-44  2.63261e-48  2.32526e-45  8.28363e-50  1.44565e-46  3.36673e-51  7.53789e-48  1.15795e-52  3.19069e-49  3.90564e-54  1.05417e-50  4.44071e-55  2.57341e-52   1.3172e-56  4.24921e-54  2.01664e-58  3.99936e-56  5.87874e-60  1.30822e-58
 -5.9675e-19  1.81344e-05  -3.1774e-18  4.77242e-05 -4.73171e-18  6.26053e-05 -3.17011e-18   5.6377e-05 -2.08837e-19  3.96351e-05  1.84919e-18  2.32467e-05  2.40471e-18  1.18303e-05  2.04172e-18  5.35804e-06  1.43351e-18  2.19772e-06  9.10702e-19  8.26703e-07  5.40398e-19  2.87874e-07  2.98277e-19  9.34629e-08  1.51045e-19  2.84506e-08  6.99338e-20  8.15625e-09  3.00518e-20  2.20998e-09  1.24311e-20  5.67609e-10  5.23794e-21  1.38517e-10  2.37168e-21  3.21809e-11  1.16053e-21  7.12903e-12  5.84356e-22  1.50789e-12  2.85687e-22  3.04847e-13   1.3108e-22  5.89575e-14  5.60118e-23  1.09153e-14  2.25226e-23  1.93553e-15  8.68677e-24  3.28843e-16  3.26937e-24  5.35442e-17  1.20696e-24  8.35649e-18  4.32639e-25  1.25005e-18  1.47486e-25   1.7922e-19  4.66502e-26  2.46213e-20  1.33465e-26  3.24022e-21    3.362e-27  4.08324e-22  7.24332e-28   4.9248e-23  1.31169e-28  5.68153e-24  2.20256e-29  6.26517e-25   5.4916e-30  6.59839e-26  2.42442e-30  6.63103e-27  1.11451e-30  6.35193e-28  4.30588e-31  5.79297e-29  1.38647e-31  5.02335e-30  3.79589e-32  4.13558e-31   8.9854e-33   3.2271e-32  1.85991e-33  2.38239e-33  3.39175e-34   1.6605e-34  5.47849e-35  1.09012e-35  7.87607e-36  6.72323e-37  1.01393e-36  3.88386e-38  1.17986e-37  2.09446e-39  1.25953e-38  1.05047e-40  1.25941e-39  4.87929e-42  1.20627e-40  2.09096e-43  1.12142e-41  8.24139e-45  1.00524e-42   3.0001e-46  8.46621e-44  9.96224e-48  6.47073e-45  3.13268e-49  4.33689e-46  1.30038e-50  2.47031e-47   8.0186e-52  1.15962e-48  3.23132e-53  4.33265e-50  1.14315e-54  1.23081e-51  1.17226e-55  2.48103e-53  2.91077e-57  3.14304e-55  3.39019e-59  1.90429e-57  6.29584e-61
