 6.07086e-06  2.31947e-20 -4.77951e-05 -3.46184e-19   0.00011846  1.37214e-18 -0.000123642 -2.73933e-18  3.35359e-05  3.43539e-18  2.65979e-05 -3.26869e-18  -6.5493e-06  2.75308e-18 -8.38047e-06 -2.01418e-18 -1.28443e-06  1.20706e-18  1.51202e-06 -7.13427e-19  1.06418e-06  4.73143e-19  2.31595e-07 -2.43816e-19 -1.03566e-07  6.50028e-20 -1.13774e-07  3.24368e-21 -5.08411e-08 -2.01146e-20 -1.05041e-08  1.62075e-20  2.68094e-09 -1.26324e-21  3.67233e-09 -3.22107e-21  1.99125e-09  3.44651e-22  7.31748e-10  2.47932e-23  1.80305e-10  1.94975e-22  1.31677e-11  1.02806e-22 -1.56135e-11 -9.75769e-23 -1.14514e-11  4.69261e-25 -5.22308e-12  1.03829e-23 -1.89342e-12  1.94539e-24 -5.80643e-13  -1.0964e-24 -1.53033e-13 -8.69797e-25  -3.4176e-14 -1.35918e-25 -6.04523e-15  1.68779e-25  -6.1814e-16  6.59222e-26  9.46829e-17 -1.10732e-26  8.11669e-17 -7.80552e-27  3.11566e-17 -2.44659e-27  9.31012e-18 -1.54977e-27  2.40301e-18 -4.69764e-28  5.57002e-19 -3.58401e-31  1.18153e-19  3.40589e-29  2.31765e-20  1.72711e-29  4.22993e-21  6.59186e-30  7.20941e-22  3.38947e-31  1.14987e-22 -8.24183e-31  1.71781e-23 -2.80834e-31  2.40375e-24 -4.97467e-33  3.14821e-25  1.31451e-32  3.85366e-26 -2.82832e-34  4.39946e-27 -2.47617e-33  4.67132e-28 -1.23861e-33  4.59722e-29 -3.81091e-34   4.1759e-30 -7.70186e-35  3.48367e-31 -7.31006e-36  2.65328e-32  1.14892e-36  1.83202e-33  6.48066e-37  1.13711e-34  1.53111e-37  6.27814e-36  2.33297e-38  3.04263e-37  1.87698e-39  1.27446e-38 -1.21977e-40  4.55952e-40 -6.33281e-41  1.39421e-41 -9.68519e-42  3.55144e-43 -8.14826e-43  5.60534e-45 -3.69169e-44 -4.45726e-47 -6.21663e-46 -2.96355e-48  4.63778e-48
 2.31947e-20  7.39123e-05  2.19264e-19 -0.000322445 -2.23127e-18  0.000573424  6.89481e-18  -0.00042265 -1.12763e-17  1.02946e-05  1.20304e-17  0.000111965 -1.03555e-17  1.14209e-05  8.25977e-18 -2.64794e-05 -5.52289e-18  -1.2886e-05  2.93433e-18  8.32566e-07 -1.73427e-18  3.58752e-06  1.20582e-18  1.81811e-06 -5.67752e-19  2.67358e-07  1.29978e-19 -2.31651e-07 -3.20342e-21  -2.0545e-07 -4.76241e-20 -8.88778e-08  4.54314e-20 -2.01367e-08  5.70613e-23  2.54824e-09 -9.05852e-21  5.15218e-09 -8.42606e-22  3.03139e-09  3.71425e-23  1.22574e-09  8.81298e-22  3.69886e-10  2.23267e-22  7.47146e-11  -2.5343e-22  1.22851e-12 -1.54777e-23 -7.82484e-12  3.39913e-23 -4.80064e-12  1.08855e-23 -2.01151e-12 -2.92117e-24 -6.92989e-13 -3.61997e-24 -2.07738e-13 -6.83045e-25 -5.54714e-14  5.07993e-25 -1.33191e-14  2.26188e-25 -2.87673e-15  2.42893e-27 -5.53807e-16  -1.5655e-26 -9.26219e-17 -1.17713e-26 -1.25551e-17 -7.31583e-27 -1.04433e-18 -2.30059e-27  8.79779e-20 -2.79156e-28  6.78189e-20  7.98729e-29  2.03861e-20  8.05229e-29   4.6909e-21  3.21293e-29  9.23834e-22  3.46485e-30   1.6197e-22  -1.7159e-30  2.57319e-23 -4.78065e-31  3.73676e-24  8.63867e-32  4.98096e-25  5.04152e-32  6.10325e-26 -4.29132e-33  6.87188e-27 -1.04787e-32  7.09711e-28  -5.0649e-33  6.70313e-29 -1.53013e-33  5.76574e-30 -3.06132e-34  4.49231e-31 -3.24126e-35  3.14897e-32  2.31842e-36  1.96899e-33  1.84965e-36  1.08623e-34  4.45926e-37  5.20844e-36  6.42104e-38  2.12549e-37  4.08495e-39  7.20577e-39  -5.2093e-40  2.03515e-40 -1.72539e-40  5.23672e-42  -2.1955e-41  1.15415e-43 -1.53575e-42 -4.68061e-46 -5.45481e-44 -1.43445e-46 -5.64897e-46 -2.09961e-48
-4.77951e-05  2.19264e-19  0.000436471  1.16183e-18  -0.00128938 -8.81606e-18   0.00171088  2.18885e-17 -0.000837685 -2.96503e-17 -0.000237374  2.71603e-17  0.000236222 -2.16946e-17  0.000105053   1.6618e-17 -3.27689e-05 -9.90868e-18 -4.09371e-05  4.53565e-18 -1.08849e-05 -2.86834e-18  4.46717e-06  2.11622e-18  5.19722e-06  -8.5945e-19  2.13109e-06  1.74006e-19  1.98023e-07 -5.30036e-20 -3.23238e-07  -8.0274e-20 -2.55578e-07  9.25271e-20 -1.10256e-07  8.92273e-21 -2.82315e-08 -1.72289e-20 -1.93286e-10 -5.36845e-21  4.42159e-09 -1.16194e-22  2.96724e-09  2.21032e-21  1.31687e-09  3.66145e-22  4.54592e-10 -4.95573e-22  1.24118e-10 -5.50478e-23  2.43404e-11  8.16217e-23  1.44793e-12  3.43666e-23 -1.52078e-12  -5.6348e-24 -9.76088e-13  -9.6875e-24  -4.0031e-13 -2.09483e-24 -1.34069e-13  9.98404e-25 -3.92732e-14  5.70371e-25 -1.03649e-14  1.02799e-25 -2.50336e-15 -1.08227e-26 -5.58461e-16 -3.21472e-26 -1.15756e-16  -2.1459e-26 -2.23827e-17 -7.48613e-27 -4.04894e-18 -1.43453e-27 -6.86725e-19  8.92329e-29 -1.09408e-19  2.29384e-28 -1.64033e-20  9.53509e-29 -2.31894e-21  1.51642e-29 -3.09833e-22 -3.57346e-31 -3.92285e-23  3.63264e-31 -4.72012e-24  5.66809e-31 -5.41156e-25  1.67945e-31  -5.9215e-26 -1.30422e-32 -6.18319e-27 -3.01169e-32 -6.14459e-28 -1.42365e-32 -5.77927e-29 -4.19061e-33 -5.10313e-30 -8.25815e-34 -4.18806e-31 -9.32063e-35 -3.15829e-32   2.2241e-36 -2.16182e-33  3.62061e-36 -1.32591e-34  8.73924e-37 -7.18938e-36  1.14277e-37  -3.3927e-37  4.63745e-39 -1.35797e-38  -1.3482e-39 -4.37086e-40 -3.12276e-40 -1.03623e-41 -3.26532e-41 -1.87474e-43 -1.84802e-42 -4.84571e-45 -4.81983e-44 -1.23481e-46 -2.22409e-46
-3.46184e-19 -0.000322445  1.16183e-18   0.00166746  4.22668e-18   -0.0036441 -2.51617e-17   0.00366018  5.11278e-17 -0.000982096 -5.75602e-17 -0.000863419  4.56295e-17  0.000252458  -3.5039e-17  0.000298079  2.60035e-17  2.65783e-05    -1.32e-17 -7.02025e-05  4.93981e-18  -4.1505e-05 -3.80685e-18 -4.72827e-06  2.95191e-18  7.42893e-06 -9.18468e-19  5.73749e-06    1.863e-19  2.03252e-06 -1.89831e-19  1.15339e-07 -1.19875e-19 -3.37465e-07  1.56415e-19 -2.52427e-07  3.21304e-20 -1.10928e-07 -2.53532e-20 -3.22056e-08 -1.42148e-20 -3.87938e-09 -6.13177e-22  2.26837e-09  4.02818e-21   2.0334e-09  4.70628e-22  1.00978e-09 -8.50661e-22   3.8674e-10  -1.1995e-22  1.22801e-10  1.66163e-22  3.27255e-11  7.99822e-23  7.07151e-12 -9.26034e-24  1.05533e-12 -2.02325e-23 -2.68662e-15 -5.03831e-24 -7.83286e-14  1.46562e-24 -3.82667e-14  1.21712e-24 -1.32495e-14  3.97829e-25 -3.85295e-15  4.00068e-26 -9.93594e-16 -6.11568e-26 -2.32902e-16 -4.75642e-26 -5.02903e-17 -1.86722e-26 -1.00833e-17 -4.36842e-27 -1.88669e-18 -5.43502e-29  -3.3049e-19  4.87404e-28 -5.43007e-20  2.15736e-28 -8.37661e-21  4.70705e-29 -1.21347e-21  9.37291e-30 -1.64997e-22  4.62408e-30 -2.10331e-23  2.11846e-30 -2.50917e-24   5.0112e-31  -2.7944e-25 -1.79266e-32 -2.89609e-26 -6.73198e-32 -2.78241e-27 -3.14905e-32 -2.46656e-28  -9.0205e-33 -2.00638e-29 -1.74343e-33 -1.48776e-30 -2.02552e-34 -9.97847e-32 -5.73506e-37 -5.99765e-33  5.60826e-36 -3.19527e-34  1.31843e-36 -1.48925e-35  1.48431e-37 -5.97085e-37  1.09838e-39 -2.00286e-38 -2.50692e-39 -5.32074e-40 -4.29256e-40 -1.02852e-41 -3.63335e-41 -1.56213e-43  -1.6008e-42 -3.33033e-45 -2.74393e-44  -4.5387e-47
  0.00011846 -2.23127e-18  -0.00128938  4.22668e-18   0.00463996  1.15717e-17  -0.00788131  -5.5819e-17   0.00594763  9.37283e-17  -0.00025851 -8.72023e-17  -0.00177227  6.03453e-17 -6.61789e-05 -4.69385e-17  0.000509322   3.3694e-17  0.000198628 -1.33287e-17 -5.54217e-05  3.58833e-18 -8.21894e-05 -4.44898e-18 -3.17627e-05  3.46349e-18  1.46054e-06 -5.83376e-19  8.56255e-06  1.87503e-19  5.30329e-06  -4.4125e-19  1.71193e-06 -1.81197e-19  7.74025e-08  2.29073e-19 -2.80432e-07  7.44272e-20 -2.07784e-07 -2.99701e-20 -9.43855e-08 -2.61084e-20 -3.06738e-08 -1.30092e-21 -6.35814e-09  5.97494e-21  1.08566e-10  3.99349e-22  8.93935e-10 -1.36246e-21  5.46738e-10 -2.04715e-22  2.33722e-10  3.00592e-22  8.20975e-11  1.51886e-22  2.49187e-11 -1.42151e-23  6.65698e-12  -3.6293e-23  1.56795e-12 -1.05525e-23  3.20662e-13  1.57869e-24  5.41951e-14  2.29949e-24  6.34052e-15  1.02926e-24 -6.52507e-17  1.97019e-25  -3.2978e-16  -8.3624e-26 -1.28992e-16 -8.61204e-26 -3.62155e-17 -3.81142e-26 -8.56234e-18 -9.94957e-27 -1.79395e-18 -5.11455e-28 -3.40663e-19  8.46025e-28 -5.93084e-20  4.13615e-28 -9.52494e-21  1.20001e-28 -1.41559e-21   3.8964e-29 -1.94938e-22   1.6646e-29 -2.48712e-23  5.96985e-30 -2.93658e-24  1.30142e-30  -3.2021e-25   9.6232e-33 -3.21521e-26 -1.23428e-31 -2.96159e-27 -5.79162e-32 -2.49083e-28 -1.61611e-32 -1.90186e-29 -3.04831e-33 -1.30918e-30  -3.5455e-34 -8.05588e-32 -6.11298e-36 -4.38548e-33  7.26002e-36 -2.08579e-34  1.60118e-36 -8.53666e-36  1.41728e-37 -2.94324e-37 -6.92276e-39  -8.1857e-39 -3.60439e-39 -1.64939e-40 -4.70367e-40 -1.98602e-42 -3.15483e-41 -2.86426e-44 -1.02034e-42 -1.12029e-45  -9.0896e-45
 1.37214e-18  0.000573424 -8.81606e-18   -0.0036441  1.15717e-17    0.0100464  2.51683e-17   -0.0136704  -1.0055e-16   0.00746695  1.39714e-16   0.00171173 -1.05299e-16  -0.00251603  6.45397e-17  -0.00084433 -5.49826e-17  0.000548082  3.74338e-17   0.00045971 -9.45423e-18  5.42274e-05  8.98958e-19 -9.95864e-05 -4.94031e-18 -7.23203e-05  3.52413e-18  -1.9262e-05   1.9928e-19  5.19772e-06  2.20838e-19  7.97396e-06 -7.98927e-19  4.32165e-06  -2.8775e-19  1.33867e-06  2.94501e-19  8.56913e-08  1.33483e-19  -1.8708e-07  -2.8358e-20 -1.44249e-07   -3.751e-20 -6.85017e-08 -1.35112e-21 -2.44591e-08  7.78572e-21 -6.59558e-09 -1.68105e-24 -1.09796e-09 -2.06744e-21  9.47368e-11 -2.90879e-22  1.76985e-10  4.94732e-22  9.42384e-11   2.4876e-22  3.70719e-11 -2.20432e-23  1.22898e-11 -5.96153e-23  3.59643e-12 -2.03133e-23  9.49451e-13  7.91131e-25  2.28755e-13  3.89218e-24  5.06177e-14  2.14037e-24  1.03178e-14  5.42498e-25  1.93851e-15 -7.08943e-26  3.35127e-16 -1.32714e-25  5.30783e-17 -6.63259e-26  7.63959e-18 -1.85746e-26  9.84735e-19 -1.43114e-27    1.105e-19  1.27469e-27  1.01072e-20  7.20015e-28  5.98103e-22  2.68195e-28 -1.71446e-23  1.06342e-28 -1.21967e-23  4.29118e-29 -2.33652e-24  1.38904e-29 -3.22831e-25  2.92849e-30 -3.62481e-26  1.23127e-31  -3.4002e-27 -1.90561e-31 -2.64063e-28 -9.12675e-32 -1.61118e-29 -2.48454e-32 -6.33958e-31 -4.54672e-33  5.34738e-33 -5.17493e-34  3.78223e-33 -1.25326e-35  4.15366e-34  8.02904e-36  3.05646e-35  1.57774e-36  1.71621e-36  8.76039e-38  7.62968e-38 -1.67962e-38  2.77615e-39 -4.16466e-39  8.45421e-41 -4.19169e-40  1.83496e-42 -2.15652e-41  1.08764e-44 -4.63018e-43 -2.45133e-46
-0.000123642  6.89481e-18   0.00171088 -2.51617e-17  -0.00788131  2.51683e-17    0.0176755  4.51437e-17   -0.0196329 -1.51676e-16   0.00703243  1.72902e-16   0.00467505 -1.00521e-16  -0.00249445  5.65115e-17   -0.0019358   -5.899e-17  0.000221568   3.6406e-17  0.000689383 -2.52622e-18  0.000268736  -2.0354e-18 -5.02244e-05 -5.52948e-18 -0.000103928   3.1844e-18 -5.29665e-05  1.37459e-18 -9.26644e-06   3.3822e-19  6.18712e-06 -1.21562e-18  6.38814e-06  -4.5763e-19  3.19897e-06  3.31394e-19  9.97327e-07  1.96549e-19  1.10131e-07 -2.09447e-20 -9.53448e-08 -4.42638e-20 -8.32014e-08  6.31912e-22 -4.19167e-08  9.52635e-21 -1.61769e-08 -7.82706e-22 -5.06404e-09 -2.93473e-21  -1.2671e-09 -3.30576e-22 -2.21826e-10  7.57965e-22 -4.92143e-12  3.65834e-22  1.71042e-11 -3.59827e-23  9.61702e-12 -9.36446e-23  3.69937e-12 -3.68697e-23  1.18167e-12 -1.79164e-24  3.32664e-13  5.88628e-24  8.47777e-14  3.81313e-24  1.98444e-14   1.1529e-24  4.30446e-15  9.13212e-27  8.70227e-16 -1.79236e-25  1.64627e-16 -1.01591e-25  2.92229e-17 -2.99991e-26  4.87683e-18 -2.90861e-27  7.66097e-19  1.75734e-27  1.13357e-19  1.19356e-27  1.58006e-20  5.42284e-28  2.07363e-21  2.35288e-28  2.55926e-22  9.13502e-29  2.96482e-23    2.787e-29  3.21529e-24  5.76658e-30  3.25272e-25  3.91798e-31  3.05603e-26 -2.50612e-31   2.6523e-27 -1.25512e-31  2.11284e-28 -3.33774e-32  1.53333e-29 -5.88687e-33  1.00488e-30 -6.43186e-34   5.8855e-32 -1.71899e-35  3.04207e-33  7.58581e-36  1.36571e-34  1.22429e-36  5.22003e-36  4.52214e-39  1.66225e-37 -2.43395e-38  4.34215e-39 -3.94791e-39  9.09436e-41 -3.05213e-40  1.28423e-42 -1.14271e-41  4.24577e-45 -1.31021e-43
-2.73933e-18  -0.00042265  2.18885e-17   0.00366018  -5.5819e-17   -0.0136704  4.51437e-17    0.0260973  6.87747e-17    -0.023911 -1.96463e-16   0.00414612  1.79488e-16   0.00775486 -7.08202e-17  -0.00133407  4.07609e-17  -0.00293824 -6.02599e-17 -0.000521166  3.13457e-17  0.000720347  5.29819e-18  0.000528247 -4.22743e-18  8.88268e-05 -6.42458e-18 -9.40207e-05   2.6303e-18 -8.53299e-05  2.82712e-18   -3.416e-05  5.92791e-19 -3.36445e-06 -1.61416e-18   5.3424e-06 -6.86443e-19  4.53542e-06  3.19902e-19   2.1813e-06  2.41852e-19  7.08966e-07 -1.29948e-20  1.21685e-07 -4.40675e-20 -2.93247e-08  5.85059e-21 -3.78136e-08  1.14999e-20 -2.09392e-08 -1.82005e-21 -8.68166e-09 -3.80939e-21 -2.98413e-09 -2.26963e-22 -8.77092e-10   1.1104e-21 -2.20491e-10  5.01218e-22 -4.58173e-11 -6.04182e-23 -6.89519e-12 -1.43673e-22 -2.15107e-13 -6.35867e-23  3.45067e-13 -7.52933e-24  1.73152e-13  7.85874e-24  5.83451e-14  5.98125e-24  1.62893e-14  2.04688e-24  4.00723e-15   1.7075e-25  8.92067e-16 -2.19524e-25  1.82205e-16 -1.41401e-25  3.44143e-17 -4.37597e-26   6.0384e-18 -5.01758e-27  9.86797e-19  2.33044e-27  1.50374e-19  1.93243e-27  2.13708e-20  1.00677e-27  2.83052e-21  4.51755e-28  3.48881e-22  1.69371e-28  3.99314e-23  4.94365e-29  4.23191e-24   1.0065e-29  4.13799e-25  8.73474e-31  3.71689e-26 -2.80256e-31  3.05096e-27 -1.52337e-31   2.2743e-28 -3.96231e-32  1.52821e-29 -6.68737e-33  9.17418e-31 -6.89884e-34  4.86747e-32 -1.85168e-35  2.25178e-33  5.96215e-36  8.92706e-35  6.57386e-37  2.96815e-36 -7.47276e-38  8.10423e-38 -2.65341e-38  1.79961e-39 -3.09845e-39  3.13875e-41  -1.8014e-40  3.13487e-43 -4.46825e-42 -2.01108e-46
 3.35359e-05 -1.12763e-17 -0.000837685  5.11278e-17   0.00594763  -1.0055e-16   -0.0196329  6.87747e-17    0.0332184  9.13829e-17   -0.0251834 -2.23735e-16 -0.000658814  1.56014e-16   0.00991035 -2.48196e-17   0.00086274   2.4743e-17  -0.00339537 -5.99409e-17  -0.00152693  2.40241e-17  0.000433018  1.18761e-17  0.000719634 -5.40723e-18  0.000295915 -7.76066e-18 -1.90152e-05   2.0635e-18 -9.39302e-05  4.42537e-18 -6.05704e-05  1.03234e-18 -2.03035e-05 -1.89955e-18  -8.0622e-07 -9.35889e-19  3.76269e-06   2.5079e-19  2.88392e-06  2.45467e-19  1.36976e-06  -1.4031e-20  4.72071e-07 -3.82574e-20  1.09552e-07   1.4226e-20  5.02728e-09  1.38105e-20 -1.14443e-08 -2.88581e-21 -7.93858e-09 -4.41473e-21 -3.61517e-09  1.71304e-22 -1.33682e-09  1.59647e-21 -4.27212e-10  6.63571e-22 -1.21084e-10 -9.85874e-23  -3.0778e-11 -2.15435e-22 -7.03242e-12  -1.0403e-22 -1.43563e-12 -1.81665e-23 -2.56952e-13  9.01885e-24 -3.84058e-14  8.34841e-24  -4.0862e-15  3.12605e-24 -2.66554e-17  3.84661e-25  1.38731e-16 -2.58509e-25  4.91023e-17 -1.85812e-25  1.21083e-17 -6.01345e-26  2.48552e-18 -7.92436e-27   4.4818e-19  3.09449e-27  7.26165e-20  3.06783e-27  1.06875e-20  1.72786e-27   1.4362e-21  7.76268e-28  1.76562e-22  2.80762e-28  1.98539e-23    7.877e-29   2.0384e-24  1.57521e-29  1.90483e-25  1.57806e-30  1.61291e-26 -2.60641e-31  1.23024e-27 -1.64184e-31  8.38976e-29 -4.18378e-32  5.06739e-30 -6.70733e-33  2.67871e-31 -6.44211e-34   1.2205e-32 -1.69817e-35  4.69662e-34  3.56942e-36  1.48478e-35  7.26011e-38  3.74719e-37 -1.22478e-37  7.77352e-39 -2.32377e-38  1.62087e-40  -2.0125e-39  3.15922e-42 -8.41436e-41  1.41957e-44 -1.12154e-42
 3.43539e-18  1.02946e-05 -2.96503e-17 -0.000982096  9.37283e-17   0.00746695 -1.51676e-16    -0.023911  9.13829e-17    0.0373808  1.08766e-16   -0.0233331 -2.29718e-16  -0.00615325  1.10665e-16    0.0104723  2.33394e-17   0.00357892  1.42064e-17  -0.00302902 -5.81175e-17  -0.00250231  1.65871e-17   -0.0001738  1.60803e-17  0.000729116 -6.05887e-18  0.000505964 -9.63809e-18  0.000118374  1.57227e-18 -5.97108e-05  6.02849e-18 -7.38845e-05  1.68331e-18 -3.90637e-05 -1.97221e-18 -1.16431e-05 -1.13469e-18 -1.52948e-07  1.33445e-19  2.21972e-06  1.91353e-19  1.63402e-06 -3.43652e-20  7.81545e-07 -3.17128e-20  2.85856e-07  2.36785e-20   8.0479e-08  1.58688e-20  1.49897e-08 -3.83332e-21  -2.2979e-10 -4.43254e-21 -1.80375e-09  1.04977e-21 -1.04474e-09  2.29015e-21 -4.28566e-10  8.76749e-22 -1.46617e-10 -1.48948e-22 -4.41468e-11 -3.12292e-22 -1.19955e-11 -1.60719e-22 -2.98212e-12 -3.54139e-23 -6.84033e-13  8.30214e-24 -1.45571e-13  1.03575e-23 -2.88522e-14  4.13815e-24 -5.34082e-15  5.59526e-25 -9.25383e-16 -3.21073e-25 -1.50371e-16 -2.41189e-25 -2.29597e-17 -8.11034e-26 -3.30085e-18 -1.19937e-26 -4.47879e-19  4.19413e-27  -5.7504e-20  4.73365e-27 -7.00439e-21  2.75122e-27  -8.1116e-22  1.21361e-27 -8.93965e-23  4.22394e-28 -9.36654e-24  1.13977e-28 -9.29733e-25  2.23124e-29  -8.6894e-26  2.44063e-30 -7.58231e-27  -1.8688e-31 -6.11435e-28 -1.57346e-31 -4.50427e-29  -3.9406e-32 -2.99298e-30 -5.95779e-33  -1.7687e-31 -5.27055e-34 -9.14697e-33 -1.44106e-35  -4.0611e-34  1.05849e-36 -1.50931e-35 -3.55794e-37 -4.50556e-37  -1.2987e-37 -9.94268e-39 -1.67503e-38 -1.36746e-40 -1.07036e-39 -9.37545e-43 -2.94822e-41 -6.53117e-45
 2.65979e-05  1.20304e-17 -0.000237374 -5.75602e-17  -0.00025851  1.39714e-16   0.00703243 -1.96463e-16   -0.0251834  1.08766e-16    0.0381579   1.1927e-16   -0.0193153 -2.18673e-16   -0.0110932  5.77269e-17   0.00937796  6.11962e-17   0.00616225  1.05622e-17  -0.00184501  -5.4159e-17  -0.00314706  1.10378e-17 -0.000978926  1.80578e-17  0.000495761 -6.97749e-18  0.000636071 -1.21365e-17  0.000284983  1.06729e-18  2.15136e-05  7.46288e-18 -6.06007e-05  2.52676e-18 -5.04705e-05 -1.74637e-18 -2.36296e-05 -1.19412e-18 -6.71144e-06 -1.47241e-21  -2.2866e-07   8.0177e-20  1.07528e-06 -7.98526e-20   8.0743e-07 -3.07691e-20     3.95e-07  3.03537e-20  1.52172e-07  1.62168e-20  4.82566e-08 -4.77021e-21   1.2454e-08 -3.61966e-21  2.36962e-09  2.58708e-21  1.63007e-10  3.28534e-21 -1.20097e-10   1.1786e-21 -7.78737e-11 -2.01641e-22 -3.12848e-11 -4.31965e-22 -1.02143e-11  -2.3351e-22 -2.91418e-12 -6.02319e-23 -7.49219e-13  4.61909e-24 -1.76388e-13  1.12478e-23 -3.83892e-14  4.68938e-24 -7.76993e-15  5.42223e-25 -1.46816e-15  -4.5535e-25 -2.59625e-16 -3.21865e-25 -4.30301e-17 -1.10522e-25 -6.68842e-18 -1.77382e-26 -9.74923e-19  5.78741e-27 -1.33166e-19  7.01885e-27 -1.70215e-20  4.07503e-27 -2.03189e-21  1.74342e-27 -2.25906e-22  5.82264e-28 -2.33134e-23  1.50948e-28 -2.22394e-24   2.8816e-29 -1.95127e-25  3.32348e-30 -1.56535e-26 -7.18882e-32 -1.14016e-27 -1.33519e-31  -7.4773e-29 -3.30893e-32 -4.37096e-30 -4.68795e-33 -2.24951e-31 -3.80326e-34 -1.00354e-32 -1.24398e-35 -3.80339e-34 -9.37769e-37 -1.19014e-35 -5.49549e-37 -2.93041e-37 -1.06814e-37 -5.15874e-39 -9.99351e-39 -5.35357e-41 -4.54477e-40 -2.60624e-43 -6.72771e-42
-3.26869e-18  0.000111965  2.71603e-17 -0.000863419 -8.72023e-17   0.00171173  1.72902e-16   0.00414612 -2.23735e-16   -0.0233331   1.1927e-16    0.0363173  1.23907e-16   -0.0144722 -1.98611e-16   -0.0147286  1.02327e-17   0.00703816  8.23808e-17   0.00810082  1.13504e-17 -8.19987e-05 -4.76515e-17  -0.00326695  8.88723e-18  -0.00179184  1.88136e-17  3.63471e-05 -8.73532e-18  0.000619315 -1.52704e-17  0.000428159  3.11206e-19  0.000134237  8.50306e-18 -1.56048e-05  3.47983e-18 -4.58182e-05 -1.17465e-18 -3.11941e-05 -1.03445e-18 -1.36472e-05 -1.07565e-19 -3.95042e-06 -6.73224e-20 -3.85849e-07 -1.47417e-19  3.90709e-07  -4.0218e-20  3.32567e-07  2.98103e-20  1.70093e-07  1.28546e-20   6.8577e-08 -6.08889e-21  2.33751e-08 -1.89071e-21  6.89878e-09  4.91116e-21  1.76559e-09  4.67312e-21  3.83195e-10  1.61392e-21  6.52449e-11 -2.36869e-22  5.99768e-12 -5.64213e-22 -1.25105e-12 -3.18176e-22 -9.15348e-13 -9.20845e-23 -3.34202e-13 -2.81919e-24 -9.59078e-14  1.02005e-23 -2.37684e-14  4.31257e-24 -5.27275e-15  1.41809e-25 -1.06532e-15 -7.26254e-25  -1.9787e-16 -4.47626e-25 -3.39622e-17 -1.52964e-25 -5.40173e-18 -2.55207e-26 -7.97067e-19  8.02706e-27 -1.09112e-19  9.91793e-27 -1.38433e-20  5.62859e-27 -1.62487e-21  2.31644e-27 -1.75991e-22  7.40299e-28 -1.75309e-23  1.84051e-28 -1.59939e-24  3.41275e-29 -1.32966e-25  4.05267e-30 -1.00119e-26  5.78115e-32 -6.77779e-28 -9.90277e-32 -4.08875e-29 -2.46582e-32 -2.17401e-30 -3.26041e-33 -1.00494e-31 -2.44947e-34 -3.96801e-33 -1.14858e-35 -1.30692e-34  -2.0525e-36 -3.46101e-36 -5.36827e-37 -6.85364e-38 -7.16277e-38 -8.51263e-40 -4.89525e-39 -3.96265e-42 -1.45916e-40 -9.71737e-46
 -6.5493e-06 -1.03555e-17  0.000236222  4.56295e-17  -0.00177227 -1.05299e-16   0.00467505  1.79488e-16 -0.000658814 -2.29718e-16   -0.0193153  1.23907e-16     0.033156  1.24713e-16  -0.00987585 -1.76112e-16   -0.0169006 -2.43224e-17   0.00403697  8.67804e-17   0.00914806  1.25085e-17   0.00192069 -3.89667e-17  -0.00281595  1.09264e-17  -0.00242277  1.95463e-17 -0.000564439 -1.13829e-17  0.000429312 -1.89277e-17  0.000495045 -9.86636e-19   0.00024736  8.88573e-18  5.39996e-05   4.3964e-18 -2.13044e-05 -2.72835e-19 -2.91983e-05 -6.13854e-19 -1.77277e-05 -1.35884e-19 -7.53517e-06 -2.14524e-19 -2.31931e-06 -2.23981e-19 -4.08538e-07 -6.10526e-20  6.85005e-08  1.85637e-20  1.03046e-07  3.91358e-21  5.85222e-08 -8.32556e-21  2.48959e-08  6.75392e-22  8.91254e-09  8.06824e-21  2.80192e-09  6.51423e-21  7.89089e-10  2.22366e-21  2.01026e-10 -2.26555e-22   4.6503e-11 -6.90643e-22  9.75748e-12 -4.05948e-22  1.84456e-12 -1.28552e-22  3.09166e-13 -1.42347e-23   4.4297e-14  6.52778e-24  4.90202e-15  2.57278e-24  2.42864e-16 -8.26811e-25 -6.54012e-17 -1.19856e-24 -2.68982e-17 -6.36762e-25 -6.38669e-18 -2.11368e-25 -1.20895e-18 -3.50884e-26 -1.96875e-19  1.10515e-26 -2.83858e-20  1.32957e-26 -3.66926e-21  7.26746e-27 -4.27398e-22  2.86005e-27 -4.48999e-23  8.72299e-28 -4.24555e-24  2.07534e-28 -3.59698e-25  3.72329e-29 -2.71141e-26  4.47529e-30 -1.80012e-27  1.72143e-31 -1.03743e-28 -6.22247e-32 -5.07909e-30 -1.61392e-32 -2.03895e-31 -1.99549e-33 -6.26395e-33 -1.44529e-34 -1.21097e-34 -1.08971e-35  1.51914e-37 -2.28608e-36  1.18888e-37 -4.07434e-37  5.45655e-39 -3.97026e-38  1.48822e-40 -1.92169e-39  1.95148e-42 -3.07543e-41
 2.75308e-18  1.14209e-05 -2.16946e-17  0.000252458  6.03453e-17  -0.00251603 -1.00521e-16   0.00775486  1.56014e-16  -0.00615325 -2.18673e-16   -0.0144722  1.24713e-16    0.0298042  1.22927e-16   -0.0060597 -1.53887e-16   -0.0178408 -4.40667e-17  0.000884792  7.81125e-17   0.00929741  1.06045e-17   0.00384452  -2.9108e-17  -0.00187407  1.71367e-17  -0.00273492  2.11444e-17  -0.00118535 -1.44651e-17  8.72179e-05 -2.28499e-17  0.000450777 -3.06404e-18  0.000324669  8.36081e-18  0.000130265  5.08994e-18  1.94374e-05  8.66131e-19   -1.553e-05  5.06299e-20 -1.62345e-05 -5.14999e-20 -9.24734e-06 -3.19623e-19 -3.91355e-06 -2.89972e-19 -1.29287e-06 -9.02411e-20  -3.1431e-07 -4.86178e-21 -3.53972e-08 -1.17084e-20  1.58907e-08 -1.19401e-20  1.38424e-08  3.88879e-21  6.64428e-09  1.20078e-20  2.52435e-09  8.81436e-21  8.27263e-10  3.03271e-21  2.42224e-10 -1.39664e-22  6.45349e-11 -7.87291e-22  1.58155e-11 -4.84546e-22  3.59034e-12 -1.65612e-22  7.58694e-13 -2.92042e-23  1.49768e-13 -1.62544e-25  2.76933e-14 -8.23629e-25  4.80706e-15 -2.49063e-24   7.8471e-16  -1.9134e-24  1.20645e-16 -8.96732e-25  1.74901e-17 -2.84403e-25  2.39275e-18 -4.51946e-26  3.08975e-19  1.49576e-26  3.76397e-20  1.68787e-26  4.31934e-21  8.79141e-27  4.65679e-22  3.29301e-27  4.69838e-23  9.56024e-28  4.41292e-24  2.17159e-28  3.83336e-25  3.75551e-29   3.0557e-26  4.51093e-30  2.21488e-27  2.48221e-31  1.44439e-28 -3.04456e-32  8.36933e-30 -9.08653e-33  4.24486e-31 -1.06936e-33  1.84972e-32  -8.2306e-35  6.76052e-34 -9.83662e-36  2.00892e-35 -1.91842e-36  4.67446e-37 -2.53277e-37   8.1556e-39  -1.8098e-38  9.67496e-41 -5.72949e-40  4.79652e-43
-8.38047e-06  8.25977e-18  0.000105053  -3.5039e-17 -6.61789e-05  6.45397e-17  -0.00249445 -7.08202e-17   0.00991035  1.10665e-16   -0.0110932 -1.98611e-16  -0.00987585  1.22927e-16    0.0268977   1.1834e-16  -0.00310634 -1.31593e-16   -0.0179115  -5.0645e-17  -0.00208455  6.11924e-17   0.00868673  4.01935e-18   0.00545739 -1.91287e-17 -0.000595408  2.67955e-17    -0.002666  2.40233e-17  -0.00170362 -1.72321e-17 -0.000347069 -2.66679e-17  0.000289041 -6.02741e-18  0.000336843  6.76081e-18  0.000190131  5.37129e-18   6.5891e-05  2.07802e-18  7.48067e-06  8.78275e-19 -8.37236e-06  1.52956e-19 -7.86854e-06 -3.48994e-19 -4.35084e-06 -3.26305e-19 -1.85525e-06 -1.22707e-19 -6.49476e-07 -3.99168e-20 -1.87542e-07 -3.40865e-20  -4.2324e-08 -1.71536e-20 -5.67466e-09  7.50955e-21  8.07393e-10  1.65766e-20  9.55022e-10  1.15074e-20  4.47671e-10  4.03859e-21  1.60187e-10  4.98143e-23   4.8995e-11 -8.29674e-22  1.33571e-11 -5.40782e-22  3.31257e-12  -1.9863e-22  7.55962e-13 -4.68173e-23  1.59869e-13 -9.88364e-24  3.14693e-14 -5.94759e-24  5.78203e-15 -4.87144e-24  9.93227e-16 -2.86549e-24  1.59626e-16 -1.21617e-24  2.40007e-17  -3.6489e-25  3.37363e-18 -5.36077e-26  4.42718e-19  1.97314e-26  5.41308e-20  2.02809e-26  6.15033e-21  9.98343e-27  6.47207e-22  3.54533e-27  6.28231e-23  9.77282e-28  5.59779e-24  2.11429e-28  4.55221e-25  3.51217e-29   3.3554e-26  4.17426e-30  2.22328e-27  2.76874e-31  1.31105e-28 -7.91926e-33  6.79575e-30 -4.20691e-33  3.04803e-31  -5.0188e-34  1.15882e-32  -4.8626e-35   3.6317e-34 -8.00225e-36  9.03251e-36 -1.31451e-36  1.69668e-37 -1.30745e-37  2.24805e-39 -6.63005e-39  1.74198e-41 -1.12689e-40
-2.01418e-18 -2.64794e-05   1.6618e-17  0.000298079 -4.69385e-17  -0.00084433  5.65115e-17  -0.00133407 -2.48196e-17    0.0104723  5.77269e-17   -0.0147286 -1.76112e-16   -0.0060597   1.1834e-16    0.0246216   1.0994e-16 -0.000869095 -1.08058e-16   -0.0174374 -4.72355e-17  -0.00470437  4.01285e-17   0.00750597 -6.96975e-18   0.00662616 -9.63312e-18  0.000842607   3.8766e-17  -0.00222434  2.82474e-17  -0.00202171 -1.88778e-17 -0.000792486 -2.99669e-17  3.31181e-05 -9.80923e-18  0.000270631  4.06346e-18  0.000213019  5.09099e-18  0.000104006  3.15597e-18  3.35107e-05   1.7394e-18  4.11472e-06  4.52584e-19 -3.36391e-06 -2.88127e-19 -3.23056e-06 -3.21921e-19 -1.78682e-06 -1.54478e-19 -7.71795e-07 -8.49403e-20 -2.80885e-07 -6.24538e-20 -8.85008e-08 -2.39227e-20 -2.42748e-08  1.12749e-20 -5.71615e-09  2.15179e-20 -1.09798e-09  1.44497e-20 -1.41761e-10  5.20388e-21  4.18346e-12  3.54372e-22  1.06588e-11 -7.99159e-22  4.56329e-12 -5.64091e-22  1.42155e-12 -2.23758e-22  3.73359e-13 -6.60027e-23  8.67976e-14 -2.22777e-23  1.82572e-14 -1.26094e-23   3.5145e-15  -7.8564e-24  6.23067e-16 -3.98973e-24  1.02076e-16  -1.5621e-24  1.54776e-17 -4.40366e-25  2.17261e-18 -5.76545e-26  2.82107e-19  2.51505e-26  3.38288e-20  2.30633e-26  3.73708e-21  1.06595e-26  3.79091e-22  3.57654e-27   3.5168e-23  9.33765e-28  2.96877e-24  1.91931e-28   2.2667e-25  3.05237e-29  1.55379e-26  3.56127e-30  9.47647e-28  2.62902e-31  5.08461e-29  4.69076e-33  2.36579e-30 -1.41371e-33  9.36574e-32  -2.1179e-34   3.0729e-33 -3.10277e-35  8.04745e-35 -5.71412e-36  1.59534e-36 -7.53795e-37  2.24217e-38 -5.57362e-38   2.0662e-40 -1.85087e-39  8.57207e-43
-1.28443e-06 -5.52289e-18 -3.27689e-05  2.60035e-17  0.000509322 -5.49826e-17   -0.0019358  4.07609e-17   0.00086274  2.33394e-17   0.00937796  1.02327e-17   -0.0169006 -1.53887e-16  -0.00310634   1.0994e-16    0.0229103  9.71043e-17  0.000849509 -8.29602e-17   -0.0166479 -3.75944e-17   -0.0069207  1.75596e-17   0.00593941 -2.08069e-17   0.00729953 -6.71672e-19   0.00227403  5.18546e-17  -0.00147166  3.37615e-17  -0.00208159 -1.87042e-17  -0.00116602 -3.23391e-17 -0.000270869 -1.41528e-17  0.000132744  4.28827e-19  0.000187508  4.17813e-18  0.000120955  3.89749e-18  5.43765e-05   2.4872e-18  1.74413e-05  7.97109e-19  2.98301e-06 -1.45858e-19 -8.06406e-07 -2.78522e-19 -1.04575e-06  -1.8529e-19 -6.07052e-07 -1.38325e-19 -2.68189e-07 -9.56103e-20 -1.00089e-07 -3.20191e-20 -3.28377e-08  1.48957e-20 -9.65428e-09  2.64814e-20  -2.5685e-09  1.74297e-20 -6.21041e-10  6.45529e-21 -1.36477e-10  7.66621e-22 -2.71348e-11 -6.88838e-22 -4.82628e-12 -5.49896e-22 -7.49305e-13 -2.39217e-22 -9.56844e-14 -8.58642e-23  -8.1745e-15 -3.66813e-23   2.0574e-16 -2.03634e-23  2.91134e-16 -1.11949e-23   8.2298e-17 -5.16351e-24  1.68959e-17 -1.88458e-24  2.89623e-18 -4.95992e-25  4.33382e-19 -5.51552e-26  5.76527e-20  3.07154e-26   6.8701e-21  2.48195e-26  7.34781e-22   1.0714e-26  7.04138e-23  3.38599e-27  6.01699e-24   8.3524e-28  4.54797e-25  1.62709e-28  3.00324e-26  2.46958e-29  1.69935e-27  2.80977e-30  7.97079e-29  2.20314e-31   2.8937e-30  9.34708e-33  6.56964e-32 -1.55268e-34 -3.42787e-34 -8.91314e-35 -1.17798e-34 -2.05889e-35 -6.26321e-36 -3.53783e-36 -1.95015e-37 -3.63068e-37 -3.59852e-39 -1.91661e-38 -3.16129e-41 -3.42102e-40
 1.20706e-18  -1.2886e-05 -9.90868e-18  2.65783e-05   3.3694e-17  0.000548082   -5.899e-17  -0.00293824   2.4743e-17   0.00357892  6.11962e-17   0.00703816 -2.43224e-17   -0.0178408 -1.31593e-16 -0.000869095  9.71043e-17    0.0216238   8.0489e-17    0.0022134 -5.72311e-17    -0.015685 -2.57763e-17   -0.0087398 -5.39945e-18   0.00414104 -3.55397e-17   0.00748253  7.98494e-18   0.00356214  6.50747e-17  -0.00050252  4.05602e-17  -0.00186824 -1.62036e-17  -0.00139876 -3.34081e-17 -0.000565235 -1.86199e-17 -5.18831e-05  -3.7985e-18  0.000115025  2.66978e-18  0.000109504  4.15883e-18  6.29631e-05  2.99859e-18  2.71815e-05  1.12769e-18   9.0462e-06  4.97584e-20  2.09396e-06 -2.10351e-19  1.09634e-07 -2.19228e-19 -2.13334e-07 -1.99138e-19 -1.53281e-07 -1.32229e-19 -7.21525e-08 -4.11156e-20  -2.7736e-08  1.80564e-20 -9.29322e-09   3.1056e-20 -2.79412e-09  2.01932e-20 -7.65874e-10  7.69127e-21 -1.93251e-10  1.25718e-21 -4.51806e-11  -5.0705e-22 -9.83173e-12 -5.01548e-22 -1.99817e-12 -2.45932e-22 -3.80278e-13 -1.05852e-22 -6.79128e-14  -5.2197e-23 -1.14009e-14 -2.85484e-23 -1.80164e-15 -1.45262e-23 -2.68289e-16 -6.22682e-24 -3.76717e-17 -2.12813e-24 -4.98797e-18 -5.18929e-25 -6.22325e-19 -4.53531e-26  -7.3041e-20   3.5679e-26 -8.04198e-21  2.52682e-26 -8.27323e-22  1.01457e-26 -7.91115e-23  3.01169e-27 -6.98664e-24  7.00237e-28 -5.65533e-25  1.28965e-28 -4.15888e-26  1.86258e-29 -2.75049e-27  2.05435e-30 -1.61675e-28  1.65693e-31 -8.33045e-30  9.09835e-33 -3.70051e-31  2.17139e-34 -1.38823e-32 -4.52781e-35 -4.27989e-34 -1.31598e-35 -1.04103e-35 -1.88341e-36 -1.85711e-37 -1.45409e-37 -2.08333e-39 -5.03928e-39 -9.44751e-42
 1.51202e-06  2.93433e-18 -4.09371e-05    -1.32e-17  0.000198628  3.74338e-17  0.000221568 -6.02599e-17  -0.00339537  1.42064e-17   0.00616225  8.23808e-17   0.00403697 -4.40667e-17   -0.0179115 -1.08058e-16  0.000849509   8.0489e-17    0.0206365  6.22608e-17   0.00333605 -3.25501e-17   -0.0146303 -1.58833e-17   -0.0101935 -2.88124e-17   0.00223009   -4.963e-17   0.00721399  1.64155e-17   0.00460496  7.77179e-17  0.000573754  4.86991e-17  -0.00140575 -1.11016e-17  -0.00144674 -3.28406e-17 -0.000793245 -2.26288e-17 -0.000246323 -8.12472e-18  9.68109e-06  7.24584e-19  7.05203e-05  3.90143e-18  5.57946e-05  3.21216e-18  2.99625e-05  1.39773e-18  1.27196e-05  2.62074e-19  4.42568e-06 -1.39157e-19  1.24026e-06 -2.62971e-19  2.48929e-07 -2.66806e-19  1.23894e-08 -1.70863e-19 -1.91153e-08 -5.08028e-20 -1.24235e-08  2.04503e-20 -5.29127e-09   3.4828e-20  -1.8484e-09  2.24833e-20 -5.65217e-10  8.79697e-21  -1.5567e-10  1.77756e-21 -3.92081e-11 -2.77272e-22 -9.11299e-12 -4.30066e-22 -1.96585e-12 -2.47216e-22 -3.95055e-13 -1.25677e-22 -7.41305e-14 -6.77417e-23 -1.30061e-14 -3.63579e-23 -2.13471e-15 -1.74357e-23 -3.27712e-16 -7.01626e-24 -4.70168e-17  -2.2465e-24 -6.29507e-18 -5.02497e-25 -7.84956e-19  -2.9392e-26  -9.0913e-20  3.92002e-26 -9.74753e-21  2.43255e-26 -9.63593e-22  9.05619e-27  -8.7402e-23  2.51862e-27 -7.23242e-24  5.50666e-28 -5.42282e-25  9.56508e-29 -3.65448e-26  1.31072e-29 -2.19214e-27  1.39353e-30 -1.15675e-28  1.12752e-31 -5.29254e-30   6.7463e-33 -2.06202e-31  2.08943e-34 -6.68416e-33 -2.90816e-35 -1.74642e-34 -7.62928e-36 -3.50001e-36 -8.53372e-37 -4.89545e-38 -4.71925e-38 -3.80353e-40 -8.80072e-40
-7.13427e-19  8.32566e-07  4.53565e-18 -7.02025e-05 -1.33287e-17   0.00045971   3.6406e-17 -0.000521166 -5.99409e-17  -0.00302902  1.05622e-17   0.00810082  8.67804e-17  0.000884792  -5.0645e-17   -0.0174374 -8.29602e-17    0.0022134  6.22608e-17    0.0198609  4.57321e-17   0.00429114 -1.05868e-17   -0.0135294 -1.15405e-17   -0.0113206 -5.33813e-17  0.000295373 -6.24645e-17   0.00655042  2.42125e-17   0.00533395  8.92419e-17   0.00164672  5.81564e-17 -0.000749475  -3.4054e-18  -0.00129625  -3.0376e-17 -0.000910305 -2.55363e-17 -0.000410426 -1.19784e-17 -0.000105458 -1.38756e-18  1.28331e-05  3.21475e-18  3.42839e-05  3.15019e-18  2.47355e-05  1.58959e-18  1.27641e-05   4.5833e-19  5.37717e-06 -8.66691e-20  1.93033e-06 -3.22544e-19  5.97992e-07 -3.40101e-19  1.58465e-07 -2.09727e-19  3.43995e-08 -6.05389e-20  5.20552e-09  2.18455e-20  1.12998e-11  3.74525e-20 -3.77701e-10  2.40839e-20 -1.86477e-10  9.66267e-21 -6.46383e-11  2.26737e-21 -1.87023e-11 -3.41368e-23 -4.76905e-12 -3.51585e-22 -1.09791e-12 -2.47574e-22 -2.31079e-13 -1.45004e-22 -4.47793e-14 -8.20841e-23 -8.02156e-15 -4.29419e-23 -1.33109e-15 -1.95318e-23 -2.04765e-16 -7.40371e-24 -2.91932e-17 -2.21563e-24 -3.85306e-18 -4.48447e-25 -4.69914e-19 -1.00848e-26 -5.28198e-20  4.05815e-26  -5.4538e-21  2.21311e-26 -5.15162e-22  7.62141e-27 -4.42963e-23  1.98124e-27 -3.44637e-24  4.06406e-28 -2.40875e-25  6.64186e-29 -1.49922e-26  8.61037e-30 -8.22195e-28  8.77203e-31 -3.92183e-29  6.96564e-32 -1.60133e-30  4.15228e-33 -5.48792e-32  1.09488e-34 -1.54032e-33 -1.96404e-35 -3.42593e-35 -3.87423e-36  -5.7148e-37 -3.23741e-37 -6.30779e-39 -1.17508e-38 -3.03194e-41
 1.06418e-06 -1.73427e-18 -1.08849e-05  4.93981e-18 -5.54217e-05 -9.45423e-18  0.000689383  3.13457e-17  -0.00152693 -5.81175e-17  -0.00184501  1.13504e-17   0.00914806  7.81125e-17  -0.00208455 -4.72355e-17   -0.0166479 -5.72311e-17   0.00333605  4.57321e-17    0.0192415  3.46419e-17   0.00512695  7.56969e-18    -0.012407 -1.52146e-17   -0.0121587 -7.98716e-17  -0.00159791 -7.44521e-17   0.00555593  3.03945e-17   0.00570994   9.9074e-17   0.00261435  6.86259e-17   2.3529e-05  6.53604e-18 -0.000964228 -2.58937e-17 -0.000892111 -2.67643e-17 -0.000509989 -1.48111e-17 -0.000204466 -3.32519e-18 -4.93955e-05  2.30411e-18  4.24399e-06  2.91549e-18  1.31212e-05  1.71973e-18  9.26469e-06  6.18542e-19  4.69519e-06 -6.79454e-20  1.96712e-06 -4.00213e-19  7.15587e-07 -4.16152e-19  2.31139e-07  -2.4651e-19   6.7013e-08 -6.96146e-20  1.75072e-08  2.21463e-20  4.11316e-09  3.87143e-20  8.60813e-10  2.48546e-20  1.56783e-10  1.02003e-20  2.34296e-11  2.66417e-21  2.33075e-12  1.83578e-22  -7.5613e-14 -2.83228e-22 -1.16978e-13  -2.5104e-22 -3.87796e-14 -1.63097e-22  -9.3975e-15 -9.39163e-23  -1.9119e-15 -4.75343e-23 -3.41683e-16 -2.05265e-23 -5.46969e-17  -7.3279e-24 -7.91554e-18 -2.04031e-24 -1.03977e-18 -3.66445e-25 -1.24099e-19  8.94488e-27 -1.34425e-20  3.94925e-26 -1.31777e-21  1.90161e-26 -1.16389e-22  6.04722e-27 -9.20477e-24  1.46629e-27 -6.46544e-25  2.81558e-28 -3.99035e-26  4.31893e-29 -2.13359e-27  5.28036e-30  -9.6979e-29  5.12074e-31 -3.65232e-30   3.9069e-32 -1.10132e-31  2.17468e-33 -2.55679e-33  3.34413e-35 -4.54764e-35 -1.19929e-35 -7.42841e-37 -1.68558e-36 -1.46551e-38 -9.99145e-38 -2.23649e-40 -1.94889e-39
 4.73143e-19  3.58752e-06 -2.86834e-18  -4.1505e-05  3.58833e-18  5.42274e-05 -2.52622e-18  0.000720347  2.40241e-17  -0.00250231  -5.4159e-17 -8.19987e-05  1.25085e-17   0.00929741  6.11924e-17  -0.00470437 -3.75944e-17    -0.015685 -3.25501e-17   0.00429114  3.46419e-17     0.018744  3.23293e-17   0.00587676  2.16639e-17   -0.0112759  -2.7671e-17   -0.0127407 -1.08641e-16  -0.00340174 -8.67348e-17   0.00429672  3.35826e-17   0.00571861  1.06457e-16   0.00338938  7.93544e-17  0.000824417  1.79856e-17  -0.00049461 -1.95112e-17 -0.000738776 -2.59497e-17 -0.000524322 -1.62097e-17 -0.000265285 -4.74262e-18 -0.000100881  1.44198e-18 -2.60985e-05   2.6611e-18  -1.2645e-06  1.82926e-18  3.52274e-06  7.37125e-19  2.74341e-06 -8.83251e-20  1.41078e-06 -4.93038e-19  5.91409e-07  -4.9019e-19  2.15423e-07 -2.78477e-19  7.01761e-08 -7.72114e-20  2.07702e-08  2.14126e-20  5.63989e-09  3.85573e-20  1.41412e-09  2.47468e-20  3.28902e-10  1.03543e-20  7.11989e-11  2.91401e-21  1.43833e-11  3.41258e-22  2.71764e-12 -2.38655e-22  4.81238e-13 -2.59663e-22  8.00272e-14 -1.78617e-22  1.25235e-14 -1.01999e-22  1.84823e-15 -4.95891e-23  2.57769e-16 -2.02978e-23   3.4033e-17 -6.80875e-24  4.25761e-18 -1.75217e-24  5.04497e-19  -2.7106e-25  5.64985e-20  2.43786e-26   5.9551e-21  3.60828e-26  5.87147e-22  1.54219e-26  5.37275e-23  4.52308e-27  4.52087e-24  1.02096e-27  3.46172e-25  1.83112e-28  2.38416e-26  2.62976e-29  1.45741e-27  3.02153e-30  7.78359e-29  2.76743e-31  3.56073e-30  1.98404e-32  1.35871e-31  9.69405e-34  4.16176e-33 -9.61737e-37  9.63603e-35 -6.25842e-36  1.52022e-36 -6.15147e-37  1.32002e-38  -2.3716e-38  3.16655e-41
 2.31595e-07  1.20582e-18  4.46717e-06 -3.80685e-18 -8.21894e-05  8.98958e-19  0.000268736  5.29819e-18  0.000433018  1.65871e-17  -0.00314706 -4.76515e-17   0.00192069  1.06045e-17   0.00868673  4.01285e-17   -0.0069207 -2.57763e-17   -0.0146303 -1.05868e-17   0.00512695  3.23293e-17    0.0183461   4.1003e-17   0.00656494  3.22544e-17   -0.0101414  -4.7818e-17   -0.0130936 -1.39371e-16  -0.00507986 -1.00661e-16   0.00283853  3.23539e-17   0.00536659  1.10417e-16    0.0039037  8.91138e-17   0.00156235  2.98241e-17  4.86004e-05 -1.16732e-17 -0.000474517 -2.30751e-17 -0.000450634 -1.59965e-17 -0.000275267 -5.37153e-18  -0.00012963  8.94067e-19 -4.88132e-05   2.5409e-18 -1.41783e-05  1.96284e-18 -2.52481e-06  8.17211e-19   2.9488e-07 -1.44738e-19  5.34157e-07 -5.93699e-19  3.10833e-07 -5.56284e-19  1.34841e-07  -3.0292e-19  4.94664e-08 -8.25639e-20  1.60632e-08   1.9827e-20  4.72121e-09  3.70752e-20  1.27205e-09  2.38001e-20  3.16703e-10  1.01068e-20  7.32513e-11  2.98093e-21  1.57968e-11  4.15963e-22  3.18413e-12 -2.24624e-22   6.0086e-13 -2.72692e-22  1.06243e-13 -1.89731e-22  1.76066e-14 -1.05375e-22  2.73373e-15 -4.88938e-23  3.97314e-16 -1.89162e-23  5.39698e-17 -5.94001e-24  6.83731e-18 -1.40011e-24  8.05631e-19 -1.77512e-25  8.79859e-20  3.41158e-26  8.86974e-21  3.09342e-26  8.21253e-22  1.17975e-26  6.94329e-23  3.18816e-27  5.32307e-24   6.6867e-28  3.67009e-25  1.11768e-28  2.25305e-26  1.49879e-29  1.21644e-27  1.61154e-30  5.68604e-29  1.38069e-31  2.25355e-30   9.0711e-33  7.35418e-32  3.60245e-34  1.89092e-33 -8.92731e-36  3.56414e-35 -2.73829e-36  4.30947e-37 -1.82659e-37  2.44076e-39 -3.75645e-39
-2.43816e-19  1.81811e-06  2.11622e-18 -4.72827e-06 -4.44898e-18 -9.95864e-05  -2.0354e-18  0.000528247  1.18761e-17   -0.0001738  1.10378e-17  -0.00326695 -3.89667e-17   0.00384452  4.01935e-18   0.00750597  1.75596e-17   -0.0087398 -1.58833e-17   -0.0135294  7.56969e-18   0.00587676   4.1003e-17    0.0180335  6.12742e-17   0.00721051  4.05082e-17  -0.00900393   -7.301e-17   -0.0132382 -1.71019e-16  -0.00660336 -1.17225e-16   0.00124618  2.56314e-17   0.00467889  1.09883e-16   0.00411168   9.6336e-17   0.00215395  4.06375e-17  0.000590696 -3.18665e-18  -0.00014304 -1.85347e-17 -0.000304367 -1.42868e-17 -0.000234085 -5.09478e-18 -0.000130178  8.41382e-19 -5.87076e-05  2.65667e-18 -2.22298e-05  2.14409e-18 -7.07164e-06  8.61231e-19 -1.81732e-06 -2.29947e-19 -3.20267e-07 -6.92964e-19  1.57043e-09 -6.08742e-19  3.31039e-08 -3.17779e-19  1.87409e-08 -8.51575e-20  7.48358e-09  1.76302e-20  2.49429e-09  3.44743e-20  7.32425e-10  2.21237e-20  1.94175e-10  9.47717e-21  4.70914e-11  2.85371e-21  1.05282e-11  4.01196e-22  2.18005e-12 -2.39603e-22  4.19268e-13 -2.86773e-22  7.50028e-14 -1.94534e-22  1.24868e-14 -1.03597e-22  1.93415e-15 -4.56219e-23  2.78472e-16 -1.66247e-23  3.72078e-17 -4.86311e-24   4.6035e-18 -1.03699e-24  5.25918e-19 -9.78329e-26  5.52854e-20  3.76632e-26  5.32519e-21  2.48812e-26  4.67632e-22  8.50787e-27  3.72138e-23  2.11688e-27  2.66439e-24  4.11793e-28  1.70132e-25  6.39997e-29  9.58481e-27  7.98935e-30  4.69979e-28  7.99695e-31  1.97027e-29  6.33224e-32  6.89092e-31  3.69874e-33   1.9395e-32  1.05072e-34  4.14732e-34 -6.86025e-36  6.07864e-36 -9.89836e-37  4.89211e-38 -4.17023e-38  1.01017e-40
