   0.0389855 -8.84898e-18   -0.0523465  2.43388e-17  -0.00591169 -1.78881e-17    0.0206149 -2.09034e-17   0.00694121  3.87657e-17  -0.00634451 -1.97214e-17  -0.00511835  1.73309e-19  0.000651538 -1.69655e-19   0.00236984   6.6771e-19  0.000745348  9.78784e-19 -0.000610816 -9.78204e-19 -0.000564405   1.7982e-19 -3.35966e-05  4.49456e-19  0.000188615 -1.50079e-20  0.000103942 -2.24075e-19 -1.12196e-05 -6.79334e-20 -3.89984e-05  4.15986e-20 -1.69624e-05  3.56428e-20   2.1156e-06  8.09227e-21  5.66189e-06 -4.13995e-21  2.57893e-06 -5.11788e-21  1.60709e-07 -1.24069e-21 -4.20309e-07   3.4531e-22 -2.53789e-07  2.29016e-22 -7.24693e-08  4.53624e-23 -7.08799e-09  2.48588e-23  2.71258e-09  4.74374e-24  1.32079e-09 -6.00144e-25  2.70607e-10 -1.26538e-25  2.85834e-11  1.43223e-26  1.10168e-12
-8.84898e-18    0.0959731  1.69732e-18   -0.0535456  2.70495e-17   -0.0295113 -5.87311e-18    0.0153991 -3.68638e-17    0.0171824  4.25565e-17  -0.00170618 -1.24889e-17  -0.00824275 -1.53094e-18  -0.00219629 -2.00299e-18   0.00272602  7.32572e-19   0.00202688  6.41284e-19 -0.000273136 -1.41184e-18 -0.000938572   1.7164e-19 -0.000322769  9.11192e-19  0.000203084  1.63179e-19  0.000217642 -3.40398e-19  3.88895e-05 -1.99571e-19 -5.24279e-05  1.33317e-20 -4.02741e-05  5.80112e-20  -6.4892e-06  3.30445e-20  7.43615e-06  8.63204e-22  5.82491e-06 -8.24461e-21  1.63385e-06 -3.61411e-21   -2.239e-07 -3.15344e-22 -3.93994e-07  4.71072e-23 -1.75416e-07   5.7351e-23 -4.37098e-08  5.67067e-23  -5.7517e-09  1.10182e-23 -4.17908e-11  -1.9469e-25  1.08359e-10 -1.28549e-25  1.32354e-11  1.76259e-26
  -0.0523465  1.69732e-18    0.0880228 -3.42947e-17   -0.0115609  5.32537e-17   -0.0388132 -8.47565e-18   0.00226606 -2.79396e-17    0.0183354  2.51938e-17   0.00358471 -2.67435e-18  -0.00751283 -7.80978e-19  -0.00426033 -1.95811e-18   0.00187018  1.79041e-18   0.00268458 -3.49612e-19  0.000315238 -2.26716e-18  -0.00101435 -4.71553e-20 -0.000605783  1.35733e-18  0.000112019  5.30486e-19  0.000289729 -3.11428e-19  0.000110356 -3.20116e-19  -4.1304e-05 -7.19735e-20 -5.90372e-05  5.55592e-20 -2.09519e-05  5.98174e-20  4.42891e-06  1.31761e-20   7.9176e-06  -7.4065e-21  3.65536e-06 -5.33256e-21  5.90352e-07 -1.54303e-21 -2.49949e-07 -5.74978e-22 -2.01458e-07 -5.21056e-23 -6.98146e-08   4.8452e-23  -1.4769e-08  9.98965e-24 -1.93166e-09 -4.62535e-25 -1.38334e-10 -8.26823e-26 -3.46234e-12
 2.43388e-17   -0.0535456 -3.42947e-17    0.0593242 -1.62301e-17 -0.000952399  3.84092e-17   -0.0280448 -1.83616e-17  -0.00317698 -2.42621e-18    0.0146734  7.60061e-18   0.00580802 -1.48853e-19   -0.0059505 -9.69113e-19  -0.00515438 -2.81963e-19  0.000978409    4.146e-18   0.00292272 -5.81917e-19   0.00083697 -3.40848e-18 -0.000938177  -6.5386e-19 -0.000824798   1.5726e-18 -2.60912e-05  9.61442e-19  0.000316766 -1.39163e-19   0.00018309 -3.83168e-19 -1.05197e-05 -1.83072e-19 -6.76109e-05  2.96577e-20 -3.68399e-05  7.64828e-20  -3.0584e-06  2.80813e-20  7.48959e-06   -2.781e-21   5.2164e-06 -4.99504e-21  1.69491e-06  -2.7251e-21   1.7792e-07 -1.32113e-21 -9.47458e-08 -2.43378e-22  -5.3297e-08  5.52565e-24 -1.35439e-08  3.03825e-24 -1.94367e-09 -1.09314e-24 -1.36636e-10 -6.49567e-27
 -0.00591169  2.70495e-17   -0.0115609 -1.62301e-17    0.0310919 -3.27148e-17   0.00176716  3.43478e-17   -0.0230733 -2.43257e-17  -0.00485081  1.06162e-17    0.0130267   3.2507e-18   0.00685946 -1.14524e-18  -0.00492831 -4.90845e-18  -0.00565864  1.22284e-18  0.000222788  6.81433e-18   0.00298186  1.02977e-19    0.0012917 -4.33301e-18  -0.00077498 -1.52876e-18 -0.000984197  1.44447e-18  -0.00018882  1.27583e-18  0.000302022  1.08284e-19  0.000246524 -3.88811e-19  3.45103e-05 -2.82313e-19 -6.32757e-05 -7.75015e-21 -4.99793e-05  8.16747e-20  -1.3433e-05  4.07686e-20  4.05138e-06  4.45654e-21  5.39225e-06 -2.58356e-21  2.51231e-06 -3.30989e-21  6.64786e-07 -1.79886e-21  8.44846e-08 -3.90972e-22 -6.11113e-09 -3.05377e-23 -4.40261e-09 -2.76507e-24  -6.9207e-10  -1.2718e-24 -3.42423e-11
-1.78881e-17   -0.0295113  5.32537e-17 -0.000952399 -3.27148e-17    0.0321346 -1.14896e-17  0.000503113  1.18288e-17   -0.0215303 -2.26372e-17  -0.00573215  1.45739e-17    0.0116649  6.96275e-18   0.00760123 -2.81246e-18  -0.00389328 -1.00628e-17  -0.00594257  1.44022e-18  -0.00050794   8.6299e-18   0.00290206  1.07762e-18   0.00168827 -4.72195e-18 -0.000546588 -2.31703e-18  -0.00108215  1.10754e-18 -0.000360575  1.42814e-18  0.000248544  3.54705e-19  0.000292172 -3.66958e-19  8.74267e-05 -3.50854e-19 -4.53527e-05  -4.5664e-20 -5.66411e-05  7.88076e-20 -2.41394e-05  4.82132e-20 -1.85315e-06  1.27527e-20  3.73269e-06  8.55096e-22  2.51279e-06 -3.08198e-21  8.99592e-07 -1.82469e-21  2.06527e-07 -4.12289e-22  3.02397e-08 -3.79222e-23  2.52261e-09 -5.38486e-24  8.48993e-11 -9.30759e-25
   0.0206149 -5.87311e-18   -0.0388132  3.84092e-17   0.00176716 -1.14896e-17     0.027448  5.65908e-18   0.00208401  -1.7716e-17   -0.0189118 -1.70769e-17  -0.00679324  1.30584e-17    0.0102063  1.26168e-17   0.00811746 -3.10086e-18  -0.00292258 -1.37721e-17  -0.00605251  6.69741e-19  -0.00116742  9.38536e-18   0.00271993  1.84231e-18   0.00201449 -4.66814e-18 -0.000274946 -2.77906e-18  -0.00111771  7.69051e-19 -0.000527509  1.50161e-18  0.000161412  5.55692e-19  0.000313641 -3.41032e-19  0.000140982 -3.91807e-19 -1.53304e-05 -7.84499e-20 -5.41062e-05  6.78995e-20 -3.21319e-05  4.87746e-20 -8.65916e-06  1.96506e-20  5.69967e-07  3.89458e-21  1.56006e-06 -2.27527e-21   7.2309e-07 -1.50169e-21  1.94225e-07 -3.27296e-22  3.27844e-08 -2.73531e-23  3.18962e-09 -5.80976e-24  1.19279e-10
-2.09034e-17    0.0153991 -8.47565e-18   -0.0280448  3.43478e-17  0.000503113  5.65908e-18     0.023538   2.3036e-17    0.0028047 -3.17569e-17   -0.0171192 -1.86494e-17  -0.00725898  9.09523e-18   0.00908608  1.73385e-17   0.00838146  -2.9796e-18  -0.00207569 -1.48856e-17  -0.00603287  4.14647e-19  -0.00175803  9.59199e-18   0.00246034  2.23398e-18   0.00227281 -4.44759e-18  2.49012e-05 -2.95913e-18   -0.0010929  5.00522e-19 -0.000678212  1.56393e-18   4.7321e-05  6.94677e-19  0.000306642 -3.12265e-19  0.000187505 -4.10937e-19  2.31802e-05 -1.03234e-19 -4.12606e-05  4.62379e-20 -3.45657e-05  4.16674e-20  -1.4109e-05  2.24084e-20 -2.94058e-06  5.40423e-21  9.40143e-08 -1.38418e-21  2.75876e-07 -1.06619e-21  9.16563e-08 -2.02213e-22  1.54524e-08 -1.40038e-23  1.23115e-09 -3.89418e-24
  0.00694121 -3.68638e-17   0.00226606 -1.83616e-17   -0.0230733  1.18288e-17   0.00208401   2.3036e-17    0.0214271   3.3098e-17   0.00275771 -2.85239e-17   -0.0157457 -2.15375e-17  -0.00753123  5.58978e-18   0.00808304  1.85158e-17   0.00854088 -3.65851e-18  -0.00128564 -1.41428e-17   -0.0059279  1.24487e-18  -0.00229336  9.74243e-18   0.00214089  2.38855e-18   0.00246407 -4.20094e-18  0.000340173 -3.03475e-18  -0.00100988  2.66556e-19 -0.000802246  1.60014e-18 -8.55796e-05  7.68294e-19  0.000269075 -2.74702e-19    0.0002194 -4.05044e-19  6.45856e-05 -1.20265e-19 -1.91489e-05  1.32936e-20 -2.96718e-05  2.72844e-20 -1.59788e-05  1.97572e-20 -5.24922e-06  5.09469e-21 -1.08973e-06 -7.69664e-22 -1.20635e-07 -6.70492e-22   2.1881e-10 -8.22679e-23  1.68935e-09 -3.41665e-24  1.18079e-10
 3.87657e-17    0.0171824 -2.79396e-17  -0.00317698 -2.43257e-17   -0.0215303  -1.7716e-17    0.0028047   3.3098e-17    0.0195979  3.10303e-17   0.00298116 -1.74295e-17   -0.0145162 -2.04054e-17  -0.00778643  5.02299e-18   0.00718095  1.69526e-17   0.00863116 -5.49185e-18 -0.000557673 -1.31762e-17  -0.00575393  2.39287e-18  -0.00277197  9.81493e-18   0.00177245  2.44886e-18   0.00258713 -3.87822e-18  0.000659683 -3.08643e-18  -0.00087162  5.76928e-20 -0.000890116  1.57021e-18 -0.000227496  7.89039e-19  0.000201463 -2.26375e-19   0.00022987   -3.698e-19  0.000101703 -1.35236e-19  8.65923e-06 -2.76905e-20 -1.77048e-05  7.58122e-21 -1.31616e-05  1.28189e-20 -5.30314e-06   3.5689e-21 -1.41793e-06 -4.63762e-22  -2.5624e-07 -3.42324e-22 -2.93932e-08  7.82499e-24 -1.74446e-09  1.67823e-24
 -0.00634451  4.25565e-17    0.0183354 -2.42621e-18  -0.00485081 -2.26372e-17   -0.0189118 -3.17569e-17   0.00275771  3.10303e-17    0.0180535  2.31977e-17   0.00315249 -9.36121e-18   -0.0135181 -1.67809e-17  -0.00795181  7.69425e-18   0.00638648  1.46213e-17   0.00865678 -7.86527e-18  0.000118316 -1.26987e-17  -0.00552072  2.95755e-18  -0.00319809  9.44823e-18   0.00136309  2.44437e-18   0.00264154 -3.41667e-18  0.000972638 -3.07519e-18  -0.00068239 -8.35818e-20 -0.000933194  1.48773e-18 -0.000366958  7.89753e-19  0.000107444 -1.62274e-19  0.000213909 -3.10566e-19  0.000126595 -1.55607e-19  3.61458e-05 -7.09211e-20 -1.62665e-06 -1.39133e-20 -6.65422e-06  4.37138e-21 -3.35545e-06  1.75782e-21  -9.7487e-07 -3.37313e-22 -1.78152e-07 -9.36986e-23 -1.87721e-08   4.7137e-23 -7.58664e-10
-1.97214e-17  -0.00170618  2.51938e-17    0.0146734  1.06162e-17  -0.00573215 -1.70769e-17   -0.0171192 -2.85239e-17   0.00298116  2.31977e-17    0.0168935  1.60356e-17   0.00320651 -7.58963e-18   -0.0126721 -1.33374e-17  -0.00807114  1.10622e-17   0.00565752  1.24779e-17   0.00864173 -9.71489e-18  0.000756676 -1.23312e-17  -0.00523762  2.77985e-18  -0.00357366   8.4968e-18  0.000919874  2.38217e-18   0.00262575  -2.9016e-18   0.00126791 -2.97443e-18 -0.000447907 -1.28795e-19 -0.000924012  1.42396e-18 -0.000490946  8.10873e-19 -5.66886e-06 -6.94456e-20   0.00016961 -2.40669e-19  0.000132006 -1.81953e-19  5.57595e-05 -1.08697e-19  1.32037e-05 -3.24921e-20  5.12551e-07 -2.71449e-21 -8.43126e-07  2.49281e-22 -3.24467e-07 -3.17396e-22 -5.85642e-08   4.0901e-23 -4.88819e-09  3.51806e-23
 -0.00511835 -1.24889e-17   0.00358471  7.60061e-18    0.0130267  1.45739e-17  -0.00679324 -1.86494e-17   -0.0157457 -1.74295e-17   0.00315249  1.60356e-17    0.0158927  1.16353e-17   0.00327842   -9.407e-18   -0.0119289 -1.10206e-17  -0.00817915  1.29384e-17   0.00498341  1.06098e-17   0.00859651 -1.03426e-17   0.00136213 -1.14555e-17  -0.00490843  2.31298e-18  -0.00389803  7.23949e-18   0.00044857  2.28186e-18   0.00253772 -2.54947e-18   0.00153376 -2.85841e-18 -0.000176031 -9.87329e-20 -0.000856883  1.44146e-18 -0.000585263  8.77365e-19 -0.000126452  6.18874e-20  9.96572e-05 -1.70393e-19  0.000113531 -2.03502e-19  6.07177e-05 -1.32121e-19  2.11548e-05 -4.35816e-20  5.00764e-06 -6.79407e-21  7.67623e-07 -8.52706e-22  6.39619e-08 -3.76211e-22  1.10505e-09  6.31195e-23 -1.21862e-10
 1.73309e-19  -0.00824275 -2.67435e-18   0.00580802   3.2507e-18    0.0116649  1.30584e-17  -0.00725898 -2.15375e-17   -0.0145162 -9.36121e-18   0.00320651  1.16353e-17    0.0150588  9.84893e-18   0.00334704 -1.15814e-17    -0.011289 -9.34563e-18  -0.00827313  1.31282e-17   0.00435448  8.88232e-18   0.00852381 -9.80353e-18   0.00194105 -9.85968e-18  -0.00453455  2.06189e-18  -0.00416985  6.16284e-18 -4.49696e-05  2.11838e-18   0.00237534 -2.56375e-18   0.00175735 -2.86172e-18  0.000122585  -4.1105e-20 -0.000728829  1.52793e-18 -0.000635391  9.81144e-19 -0.000239372   2.2285e-19  1.27842e-05 -1.00187e-19  7.25178e-05 -2.03949e-19  4.87117e-05  -1.3451e-19  1.97569e-05 -4.48248e-20  5.50928e-06 -7.82095e-21  1.06173e-06 -1.58591e-21  1.32222e-07  -4.2647e-22  8.64136e-09  2.85996e-23
 0.000651538 -1.53094e-18  -0.00751283 -1.48853e-19   0.00685946  6.96275e-18    0.0102063  9.09523e-18  -0.00753123 -2.04054e-17   -0.0135181 -7.58963e-18   0.00327842  9.84893e-18     0.014369  9.41761e-18   0.00340038 -1.22273e-17   -0.0107251 -7.40629e-18  -0.00836074   1.2463e-17   0.00375629  7.12659e-18   0.00842761 -8.78754e-18   0.00249862 -7.83968e-18  -0.00411652  2.27718e-18  -0.00438591  5.64054e-18 -0.000554164  1.82108e-18   0.00213666 -2.99579e-18   0.00192468 -3.06581e-18  0.000433767 -1.11322e-20  -0.00054094  1.58754e-18 -0.000628085  1.07813e-18 -0.000325613   3.8274e-19 -7.52924e-05 -2.61471e-20  1.87209e-05 -1.74169e-19  2.49341e-05 -1.15965e-19  1.16997e-05 -3.73346e-20  3.37483e-06  -6.7505e-21   6.2425e-07 -1.88933e-21  6.70746e-08 -3.59623e-22  2.77044e-09
-1.69655e-19  -0.00219629 -7.80978e-19   -0.0059505 -1.14524e-18   0.00760123  1.26168e-17   0.00908608  5.58978e-18  -0.00778643 -1.67809e-17   -0.0126721   -9.407e-18   0.00334704  9.41761e-18    0.0137767  9.04631e-18   0.00345717 -1.10249e-17   -0.0102217 -4.68102e-18  -0.00844986  1.16496e-17   0.00318078  5.05636e-18    0.0083091 -8.13329e-18   0.00303768 -5.89055e-18  -0.00365338  2.98768e-18  -0.00454125  5.75485e-18  -0.00107122  1.38155e-18   0.00182052 -3.70293e-18   0.00202064 -3.42428e-18  0.000739096 -7.92497e-20 -0.000300191  1.49253e-18 -0.000553913  1.10288e-18 -0.000365219   4.9955e-19 -0.000142982  4.78998e-20 -3.05088e-05  -1.2092e-19  6.18027e-07 -8.40503e-20  2.85923e-06 -2.49287e-20  1.00387e-06 -4.71713e-21  1.77138e-07 -1.69165e-21  1.46931e-08 -1.83543e-22
  0.00236984 -2.00299e-18  -0.00426033 -9.69113e-19  -0.00492831 -2.81246e-18   0.00811746  1.73385e-17   0.00808304  5.02299e-18  -0.00795181 -1.33374e-17   -0.0119289 -1.15814e-17   0.00340038  9.04631e-18    0.0132742  7.76218e-18   0.00351813  -8.8457e-18  -0.00977147 -1.20486e-18  -0.00854212  1.08609e-17   0.00262028  2.36773e-18   0.00816716 -8.27293e-18   0.00356034 -4.36476e-18  -0.00314339  4.10191e-18  -0.00462926  6.34077e-18  -0.00158635  9.49265e-19   0.00142743 -4.40491e-18   0.00202949 -3.78956e-18   0.00101529 -3.25361e-19 -2.15711e-05  1.15552e-18  -0.00041076  9.96852e-19 -0.000341832  5.36184e-19 -0.000169111  1.06395e-19 -5.76701e-05 -6.29233e-20 -1.37996e-05  -4.9315e-20  -2.2243e-06 -1.20578e-20 -2.15156e-07 -2.62306e-21 -8.99648e-09 -1.09034e-21  2.63252e-11
  6.6771e-19   0.00272602 -1.95811e-18  -0.00515438 -4.90845e-18  -0.00389328 -3.10086e-18   0.00838146  1.85158e-17   0.00718095  7.69425e-18  -0.00807114 -1.10206e-17    -0.011289 -1.22273e-17   0.00345717  7.76218e-18    0.0128484   4.9662e-18   0.00358225 -6.57649e-18  -0.00936362  2.63447e-18  -0.00863978  9.91633e-18    0.0020671  -8.9514e-19   0.00799995 -9.06827e-18   0.00406729 -3.38444e-18  -0.00258454  5.42168e-18  -0.00464149  7.17039e-18  -0.00208699  7.88695e-19  0.000960691 -4.78486e-18   0.00193572 -4.00557e-18   0.00123414 -7.90912e-19  0.000270014  5.78941e-19 -0.000208894  7.40155e-19 -0.000252006  4.78042e-19  -0.00014506  1.32656e-19 -5.61478e-05 -1.79785e-20 -1.55083e-05 -2.00674e-20 -3.01764e-06 -2.00325e-21 -3.83886e-07 -1.04253e-21 -2.58085e-08 -4.10544e-22
 0.000745348  7.32572e-19   0.00187018 -2.81963e-19  -0.00565864 -1.00628e-17  -0.00292258  -2.9796e-18   0.00854088  1.69526e-17   0.00638648  1.10622e-17  -0.00817915 -9.34563e-18   -0.0107251 -1.10249e-17   0.00351813   4.9662e-18    0.0124852  8.22267e-19   0.00365318 -4.41434e-18  -0.00899049  6.39123e-18  -0.00874495  8.73051e-18   0.00151491 -4.15576e-18   0.00780423 -1.01263e-17    0.0045577 -2.96673e-18   -0.0019747  6.63876e-18  -0.00456762  8.10467e-18  -0.00255704  1.12683e-18  0.000427919 -4.59206e-18   0.00172587 -3.98111e-18   0.00136368 -1.42159e-18  0.000537985 -1.37108e-19  2.19136e-05  3.72992e-19 -0.000116275   3.4552e-19 -8.45853e-05  1.22544e-19 -3.49334e-05  6.63714e-21 -9.59697e-06 -1.81722e-22 -1.73985e-06  3.73595e-21 -1.85731e-07 -1.62311e-22 -7.67666e-09
 9.78784e-19   0.00202688  1.79041e-18  0.000978409  1.22284e-18  -0.00594257 -1.37721e-17  -0.00207569 -3.65851e-18   0.00863116  1.46213e-17   0.00565752  1.29384e-17  -0.00827313 -7.40629e-18   -0.0102217  -8.8457e-18   0.00358225  8.22267e-19     0.012178  -3.7143e-18   0.00373227 -2.16041e-18   -0.0086462  9.74974e-18  -0.00885848  7.57554e-18  0.000957642 -6.61393e-18   0.00757543  -1.1214e-17    0.0050291 -3.16007e-18  -0.00131212  7.43049e-18  -0.00439558  9.09223e-18  -0.00297597  2.02434e-18 -0.000156867 -3.72544e-18   0.00139186 -3.69541e-18   0.00137061 -2.05536e-18  0.000732834 -8.23924e-19   0.00022887 -1.01353e-20  2.02443e-05  1.87217e-19 -1.89115e-05  8.65141e-20 -1.10946e-05  1.38801e-20 -3.15511e-06  1.02342e-20 -5.13466e-07  5.19592e-21 -4.09304e-08  1.50989e-22
-0.000610816  6.41284e-19   0.00268458    4.146e-18  0.000222788  1.44022e-18  -0.00605251 -1.48856e-17  -0.00128564 -5.49185e-18   0.00865678  1.24779e-17   0.00498341  1.31282e-17  -0.00836074 -4.68102e-18  -0.00977147 -6.57649e-18   0.00365318  -3.7143e-18    0.0119205 -7.53083e-18   0.00382039  2.16404e-19  -0.00832488  1.25286e-17  -0.00898106  6.96567e-18   0.00038938 -7.79961e-18   0.00730778 -1.23945e-17   0.00547707 -4.04968e-18 -0.000596031  7.61479e-18  -0.00411185   1.0048e-17   -0.0033179  3.35246e-18 -0.000770115 -2.27169e-18  0.000935123 -3.15719e-18   0.00122409 -2.47597e-18  0.000798335 -1.30459e-18  0.000349818  -3.0274e-19  0.000108347  5.18468e-20  2.32124e-05  4.08093e-20  3.12048e-06  1.09826e-20  1.85611e-07  1.29949e-20   -7.648e-09  3.72886e-21 -1.07048e-09
-9.78204e-19 -0.000273136 -3.49612e-19   0.00292272  6.81433e-18  -0.00050794  6.69741e-19  -0.00603287 -1.41428e-17 -0.000557673 -7.86527e-18   0.00864173  1.06098e-17   0.00435448   1.2463e-17  -0.00844986 -1.20486e-18  -0.00936362 -4.41434e-18   0.00373227 -7.53083e-18    0.0117072  -1.0102e-17   0.00391921  2.37644e-18   -0.0080215  1.46493e-17  -0.00911306  7.33079e-18 -0.000195535 -7.86587e-18   0.00699406 -1.38462e-17   0.00589473 -5.63463e-18  0.000172484  7.20317e-18  -0.00370189   1.0759e-17  -0.00355032  4.85441e-18  -0.00137603  -4.7047e-19  0.000371242 -2.37613e-18  0.000907781 -2.51303e-18   0.00069698 -1.47239e-18  0.000347853 -4.42963e-19  0.000125542 -3.75012e-20  3.33524e-05 -1.30386e-21   6.3537e-06  4.61878e-21  8.00973e-07  1.04404e-20  5.38575e-08  1.52954e-21
-0.000564405 -1.41184e-18  0.000315238 -5.81917e-19   0.00298186   8.6299e-18  -0.00116742  4.14647e-19   -0.0059279 -1.31762e-17  0.000118316 -9.71489e-18   0.00859651  8.88232e-18   0.00375629  1.16496e-17  -0.00854212  2.63447e-18  -0.00899049 -2.16041e-18   0.00382039  -1.0102e-17    0.0115345 -1.17253e-17   0.00403014  3.82815e-18  -0.00773145  1.61761e-17  -0.00925441  8.73541e-18 -0.000802732 -7.38552e-18   0.00662549 -1.56089e-17   0.00627209 -7.71056e-18  0.000989431  6.28235e-18  -0.00315074  1.09256e-17   -0.0036345   6.2315e-18  -0.00192528  1.37378e-18 -0.000258843 -1.39085e-18  0.000448237 -2.14145e-18  0.000448377  -1.3422e-18   0.00024215  -4.3982e-19   8.9144e-05 -8.46823e-20   2.3111e-05 -3.24872e-20  4.06008e-06 -8.47667e-22  4.26334e-07  5.42722e-21  1.74993e-08
  1.7982e-19 -0.000938572 -2.26716e-18   0.00083697  1.02977e-19   0.00290206  9.38536e-18  -0.00175803  1.24487e-18  -0.00575393 -1.26987e-17  0.000756676 -1.03426e-17   0.00852381  7.12659e-18   0.00318078  1.08609e-17  -0.00863978  6.39123e-18   -0.0086462  2.16404e-19   0.00391921 -1.17253e-17    0.0113995 -1.30864e-17   0.00415473  4.29521e-18  -0.00745019  1.73374e-17  -0.00940468  1.08344e-17   -0.0014378 -6.88764e-18   0.00619133 -1.74919e-17   0.00659531 -9.91132e-18   0.00184689  4.84825e-18  -0.00244566  1.02983e-17  -0.00352856  7.20284e-18  -0.00234911  2.95845e-18 -0.000866811 -3.32147e-19 -5.70332e-05 -1.50891e-18  0.000143204 -1.02807e-18  0.000100462 -3.50503e-19  3.82491e-05 -1.04479e-19  9.31386e-06 -4.95387e-20   1.4036e-06 -3.62691e-21  1.07275e-07  1.24827e-21
-3.35966e-05   1.7164e-19  -0.00101435 -3.40848e-18    0.0012917  1.07762e-18   0.00271993  9.59199e-18  -0.00229336  2.39287e-18  -0.00552072 -1.23312e-17   0.00136213 -9.80353e-18   0.00842761  5.05636e-18   0.00262028  9.91633e-18  -0.00874495  9.74974e-18  -0.00832488  2.37644e-18   0.00403014 -1.30864e-17    0.0113002 -1.46079e-17   0.00429483  3.92559e-18   -0.0071732  1.84447e-17  -0.00956293  1.31152e-17  -0.00210645 -6.54599e-18   0.00567879 -1.91543e-17   0.00684625 -1.19098e-17   0.00272979   2.7704e-18  -0.00158196  8.77258e-18  -0.00318697  7.51259e-18  -0.00254762  3.99841e-18  -0.00130864  5.70904e-19 -0.000456344 -8.48851e-19 -9.90339e-05 -6.64404e-19 -6.84408e-06 -2.36854e-19  3.26206e-06 -1.08966e-19  1.19205e-06 -5.09604e-20  1.70537e-07 -4.12442e-21  8.22089e-09
 4.49456e-19 -0.000322769 -4.71553e-20 -0.000938177 -4.33301e-18   0.00168827  1.84231e-18   0.00246034  9.74243e-18  -0.00277197  2.95755e-18  -0.00523762 -1.14555e-17   0.00194105 -8.78754e-18    0.0083091  2.36773e-18    0.0020671  8.73051e-18  -0.00885848  1.25286e-17   -0.0080215  3.82815e-18   0.00415473 -1.46079e-17    0.0112353 -1.62125e-17   0.00445257  3.20885e-18  -0.00689572  1.97567e-17   -0.0097277  1.52565e-17   -0.0028143 -6.17989e-18   0.00507336 -2.02157e-17   0.00700013 -1.35921e-17   0.00361013 -8.10651e-20 -0.000564336  6.36919e-18  -0.00255632  6.93901e-18  -0.00240108  4.27414e-18  -0.00143469  1.10152e-18  -0.00062352 -3.37226e-19 -0.000204002 -3.41341e-19 -5.01187e-05  -1.3799e-19 -8.95024e-06 -1.02312e-19 -1.07185e-06 -3.86876e-20 -6.95609e-08 -3.29564e-21
 0.000188615  9.11192e-19 -0.000605783  -6.5386e-19  -0.00077498 -4.72195e-18   0.00201449  2.23398e-18   0.00214089  9.81493e-18  -0.00319809  2.77985e-18  -0.00490843 -9.85968e-18   0.00249862 -8.13329e-18   0.00816716  -8.9514e-19   0.00151491  7.57554e-18  -0.00898106  1.46493e-17  -0.00773145  4.29521e-18   0.00429483 -1.62125e-17    0.0112042 -1.76332e-17   0.00463047  2.66471e-18  -0.00661275  2.13866e-17  -0.00989673  1.73083e-17  -0.00356604 -5.41112e-18   0.00435738 -2.03175e-17   0.00702119  -1.5038e-17   0.00444728 -3.66525e-18  0.000595489  3.20783e-18   -0.0015987  5.41428e-18  -0.00184334  3.76615e-18  -0.00119366  1.20168e-18 -0.000543859 -1.53372e-20 -0.000182582 -9.34675e-20 -4.47646e-05 -6.77708e-20 -7.59827e-06 -8.25257e-20 -7.82246e-07 -2.12568e-20 -3.18249e-08
-1.50079e-20  0.000203084  1.35733e-18 -0.000824798 -1.52876e-18 -0.000546588 -4.66814e-18   0.00227281  2.38855e-18   0.00177245  9.44823e-18  -0.00357366  2.31298e-18  -0.00453455 -7.83968e-18   0.00303768 -8.27293e-18   0.00799995 -4.15576e-18  0.000957642  6.96567e-18  -0.00911306  1.61761e-17  -0.00745019  3.92559e-18   0.00445257 -1.76332e-17    0.0112071  -1.8844e-17   0.00483149  2.50652e-18   -0.0063186  2.32982e-17   -0.0100658  1.95514e-17  -0.00436642 -3.80158e-18   0.00350721  -1.9194e-17   0.00686617 -1.63312e-17   0.00519297 -7.64316e-18    0.0018527 -3.82563e-19 -0.000372235  3.22047e-18 -0.000966151  2.74341e-18 -0.000701326  1.00398e-18 -0.000322585  1.72069e-19 -0.000103529  7.90582e-20 -2.30351e-05 -2.40741e-20 -3.29617e-06  -5.0982e-20 -2.44621e-07 -8.42118e-21
 0.000103942  1.63179e-19  0.000112019   1.5726e-18 -0.000984197 -2.31703e-18 -0.000274946 -4.44759e-18   0.00246407  2.44886e-18   0.00136309   8.4968e-18  -0.00389803  2.06189e-18  -0.00411652 -5.89055e-18   0.00356034 -9.06827e-18   0.00780423 -6.61393e-18   0.00038938  7.33079e-18  -0.00925441  1.73374e-17   -0.0071732  3.20885e-18   0.00463047  -1.8844e-17    0.0112447  -2.0171e-17   0.00505923  2.53425e-18  -0.00600582  2.53533e-17   -0.0102298  2.21987e-17  -0.00522234 -9.85696e-19    0.0024993 -1.67748e-17   0.00649325 -1.73232e-17   0.00576826  -1.1295e-17   0.00305505 -3.72094e-18  0.000887212  1.00338e-18 -4.04059e-05  1.63778e-18 -0.000187254  7.17516e-19 -0.000103653  2.94871e-19 -3.30487e-05  1.85521e-19 -6.59653e-06  1.55564e-21 -7.52716e-07 -2.00139e-20 -3.25646e-08
-2.24075e-19  0.000217642  5.30486e-19 -2.60912e-05  1.44447e-18  -0.00108215 -2.77906e-18  2.49012e-05 -4.20094e-18   0.00258713  2.44437e-18  0.000919874  7.23949e-18  -0.00416985  2.27718e-18  -0.00365338 -4.36476e-18   0.00406729 -1.01263e-17   0.00757543 -7.79961e-18 -0.000195535  8.73541e-18  -0.00940468  1.84447e-17  -0.00689572  2.66471e-18   0.00483149  -2.0171e-17    0.0113187 -2.20452e-17   0.00531899  2.35675e-18  -0.00566629  2.73329e-17   -0.0103846  2.52007e-17  -0.00613542    3.158e-18   0.00132184 -1.31726e-17   0.00584269 -1.74707e-17   0.00600093 -1.35945e-17   0.00389643 -5.92292e-18   0.00181046 -5.64526e-19  0.000616276  7.78925e-19  0.000150384  4.92004e-19  2.44324e-05  3.91168e-19   2.1316e-06  2.28097e-19  3.26727e-09  1.66048e-20 -1.33577e-08 -3.01241e-21
-1.12196e-05 -3.40398e-19  0.000289729  9.61442e-19  -0.00018882  1.10754e-18  -0.00111771 -2.95913e-18  0.000340173 -3.87822e-18   0.00264154  2.38217e-18   0.00044857  6.16284e-18  -0.00438591  2.98768e-18  -0.00314339 -3.38444e-18    0.0045577  -1.1214e-17   0.00730778 -7.86587e-18 -0.000802732  1.08344e-17  -0.00956293  1.97567e-17  -0.00661275  2.50652e-18   0.00505923 -2.20452e-17    0.0114323 -2.46811e-17    0.0056165  1.71375e-18   -0.0052933  2.88852e-17   -0.0105192   2.8265e-17  -0.00708948  8.42965e-18 -4.30511e-05 -8.48303e-18   0.00478447 -1.59572e-17   0.00561403 -1.36483e-17   0.00402615 -6.42047e-18   0.00210118 -1.22566e-18  0.000835948   2.4766e-19  0.000254904  3.74921e-19  5.82447e-05  4.56691e-19  9.40486e-06  2.07535e-19  9.38105e-07  2.34386e-20  3.76096e-08
-6.79334e-20  3.88895e-05 -3.11428e-19  0.000316766  1.27583e-18 -0.000360575  7.69051e-19   -0.0010929 -3.03475e-18  0.000659683 -3.41667e-18   0.00262575  2.28186e-18 -4.49696e-05  5.64054e-18  -0.00454125  4.10191e-18  -0.00258454 -2.96673e-18    0.0050291 -1.23945e-17   0.00699406 -7.38552e-18   -0.0014378  1.31152e-17   -0.0097277  2.13866e-17   -0.0063186  2.53425e-18   0.00531899 -2.46811e-17    0.0115894   -2.794e-17    0.0059557  5.35565e-19  -0.00487356  2.94983e-17   -0.0106033  3.10472e-17  -0.00806907  1.44405e-17  -0.00166603 -2.70401e-18    0.0031332 -1.22812e-17   0.00438431 -1.13679e-17   0.00330289 -5.41573e-18   0.00174762 -1.24139e-18  0.000687367 -4.81522e-20  0.000201176  3.44605e-19  4.22723e-05  4.53221e-19  5.84245e-06  1.46708e-19  4.25597e-07  2.03566e-20
-3.89984e-05 -1.99571e-19  0.000110356 -1.39163e-19  0.000302022  1.42814e-18 -0.000527509  5.00522e-19  -0.00100988 -3.08643e-18  0.000972638  -2.9016e-18   0.00253772  2.11838e-18 -0.000554164  5.75485e-18  -0.00462926  5.42168e-18   -0.0019747 -3.16007e-18   0.00547707 -1.38462e-17   0.00662549 -6.88764e-18  -0.00210645  1.52565e-17  -0.00989673  2.32982e-17  -0.00600582  2.35675e-18    0.0056165   -2.794e-17    0.0117918 -3.14324e-17    0.0063466 -1.26802e-18   -0.0043754  2.87148e-17   -0.0106079  3.33822e-17  -0.00910437  2.07218e-17   -0.0036395  3.87417e-18  0.000834714 -6.98217e-18   0.00240894 -7.73676e-18   0.00197441 -3.76213e-18   0.00103638 -1.07591e-18  0.000385991 -2.21486e-19  0.000102571  3.43135e-19  1.85315e-05  3.55067e-19  1.99903e-06  8.85596e-20  8.40177e-08
 4.15986e-20 -5.24279e-05 -3.20116e-19   0.00018309  1.08284e-19  0.000248544  1.50161e-18 -0.000678212  2.66556e-19  -0.00087162 -3.07519e-18   0.00126791 -2.54947e-18   0.00237534  1.82108e-18  -0.00107122  6.34077e-18  -0.00464149  6.63876e-18  -0.00131212 -4.04968e-18   0.00589473 -1.56089e-17   0.00619133 -6.54599e-18   -0.0028143  1.73083e-17   -0.0100658  2.53533e-17  -0.00566629  1.71375e-18    0.0059557 -3.14324e-17    0.0120474 -3.47392e-17   0.00681678 -3.85179e-18   -0.0037708  2.65685e-17   -0.0105499  3.52827e-17   -0.0102317   2.6504e-17   -0.0058802  1.01382e-17  -0.00178463 -1.67635e-18  0.000211795 -4.23429e-18  0.000574632 -2.34931e-18  0.000349134 -1.03532e-18  0.000128206  -3.3254e-19  3.09014e-05  2.98709e-19   4.6505e-06  2.09007e-19  3.55962e-07  5.19868e-20
-1.69624e-05  1.33317e-20  -4.1304e-05 -3.83168e-19  0.000246524  3.54705e-19  0.000161412  1.56393e-18 -0.000802246  5.76928e-20  -0.00068239 -2.97443e-18   0.00153376 -2.56375e-18   0.00213666  1.38155e-18  -0.00158635  7.17039e-18  -0.00456762  7.43049e-18 -0.000596031 -5.63463e-18   0.00627209 -1.74919e-17   0.00567879 -6.17989e-18  -0.00356604  1.95514e-17   -0.0102298  2.73329e-17   -0.0052933  5.35565e-19    0.0063466 -3.47392e-17    0.0123815 -3.75393e-17   0.00738822 -7.09913e-18  -0.00308079  2.37081e-17   -0.0104482  3.65136e-17   -0.0112949   3.0445e-17  -0.00791446  1.43427e-17  -0.00400758  1.93816e-18  -0.00149682 -1.87451e-18  -0.00040283 -1.60042e-18 -7.19871e-05 -1.17901e-18  -6.4588e-06 -3.97918e-19  2.65465e-07  1.80425e-19   1.2048e-07  1.06811e-19  6.95285e-09
 3.56428e-20 -4.02741e-05 -7.19735e-20 -1.05197e-05 -3.88811e-19  0.000292172  5.55692e-19   4.7321e-05  1.60014e-18 -0.000890116 -8.35818e-20 -0.000447907 -2.85841e-18   0.00175735 -2.99579e-18   0.00182052  9.49265e-19  -0.00208699  8.10467e-18  -0.00439558  7.61479e-18  0.000172484 -7.71056e-18   0.00659531 -1.91543e-17   0.00507336 -5.41112e-18  -0.00436642  2.21987e-17   -0.0103846  2.88852e-17  -0.00487356 -1.26802e-18   0.00681678 -3.75393e-17    0.0128128 -3.95811e-17   0.00803162  -1.0449e-17  -0.00232851  2.07401e-17   -0.0101281  3.61503e-17   -0.0117692  3.10189e-17  -0.00896436  1.52331e-17  -0.00509631  3.26804e-18   -0.0022496 -7.75675e-19 -0.000776273 -1.48685e-18 -0.000206163 -1.41116e-18  -4.0396e-05 -4.23555e-19  -5.3346e-06  5.48551e-20 -3.79703e-07  6.80342e-20
  2.1156e-06  5.80112e-20 -5.90372e-05 -1.83072e-19  3.45103e-05 -3.66958e-19  0.000313641  6.94677e-19 -8.55796e-05  1.57021e-18 -0.000933194 -1.28795e-19 -0.000176031 -2.86172e-18   0.00192468 -3.70293e-18   0.00142743  7.88695e-19  -0.00255704  9.09223e-18  -0.00411185  7.20317e-18  0.000989431 -9.91132e-18   0.00684625 -2.02157e-17   0.00435738 -3.80158e-18  -0.00522234  2.52007e-17   -0.0105192  2.94983e-17   -0.0043754 -3.85179e-18   0.00738822 -3.95811e-17    0.0133085 -4.07567e-17   0.00871503 -1.34625e-17  -0.00134614  1.73554e-17   -0.0090767  3.29343e-17   -0.0109283  2.76267e-17   -0.0084199  1.31024e-17  -0.00478114  3.01632e-18   -0.0020764 -5.44564e-19 -0.000689485 -1.80932e-18 -0.000170359 -1.56306e-18 -2.94225e-05  -4.1023e-19 -3.09608e-06  2.05415e-20 -1.28962e-07
 8.09227e-21  -6.4892e-06  5.55592e-20 -6.76109e-05 -2.82313e-19  8.74267e-05 -3.41032e-19  0.000306642  7.68294e-19 -0.000227496  1.48773e-18 -0.000924012 -9.87329e-20  0.000122585 -3.06581e-18   0.00202064 -4.40491e-18  0.000960691  1.12683e-18  -0.00297597   1.0048e-17  -0.00370189  6.28235e-18   0.00184689 -1.19098e-17   0.00700013 -2.03175e-17   0.00350721 -9.85696e-19  -0.00613542   2.8265e-17   -0.0106033  2.87148e-17   -0.0037708 -7.09913e-18   0.00803162 -4.07567e-17    0.0138326 -4.14698e-17   0.00959539 -1.65642e-17   0.00034601  1.25102e-17  -0.00667086  2.65139e-17  -0.00838282  2.14075e-17  -0.00633636  9.63999e-18  -0.00343684  2.27153e-18  -0.00139267 -8.65731e-19 -0.000419677  -2.2971e-18 -9.05196e-05 -1.49297e-18 -1.27887e-05 -3.25829e-19 -9.48047e-07  5.15538e-20
 5.66189e-06  3.30445e-20 -2.09519e-05  2.96577e-20 -6.32757e-05 -3.50854e-19  0.000140982 -3.12265e-19  0.000269075  7.89039e-19 -0.000366958  1.42396e-18 -0.000856883  -4.1105e-20  0.000433767 -3.42428e-18   0.00202949 -4.78486e-18  0.000427919  2.02434e-18   -0.0033179   1.0759e-17  -0.00315074  4.84825e-18   0.00272979 -1.35921e-17   0.00702119  -1.9194e-17    0.0024993    3.158e-18  -0.00708948  3.10472e-17   -0.0106079  2.65685e-17  -0.00308079  -1.0449e-17   0.00871503 -4.14698e-17    0.0145375 -4.27893e-17    0.0111258 -2.06675e-17   0.00327305  5.90166e-18  -0.00275019  1.83677e-17  -0.00454569  1.47575e-17  -0.00348543  6.64737e-18   -0.0018025  1.53983e-18 -0.000671252 -1.60401e-18 -0.000179273 -2.58192e-18 -3.26025e-05 -1.19238e-18 -3.54015e-06 -1.51516e-19 -1.49679e-07
-4.13995e-21  7.43615e-06  5.98174e-20 -3.68399e-05 -7.75015e-21 -4.53527e-05 -3.91807e-19  0.000187505 -2.74702e-19  0.000201463  7.89753e-19 -0.000490946  1.44146e-18 -0.000728829 -1.11322e-20  0.000739096 -3.78956e-18   0.00193572 -4.59206e-18 -0.000156867  3.35246e-18  -0.00355032  1.09256e-17  -0.00244566   2.7704e-18   0.00361013  -1.5038e-17   0.00686617 -1.67748e-17   0.00132184  8.42965e-18  -0.00806907  3.33822e-17   -0.0105499  2.37081e-17  -0.00232851 -1.34625e-17   0.00959539 -4.27893e-17     0.015867 -4.55925e-17    0.0137677 -2.55918e-17   0.00741818 -8.32472e-19     0.001971  1.11827e-17 -0.000536982  9.82774e-18 -0.000890718  4.82904e-18  -0.00051423  6.45404e-19  -0.00018564 -2.47147e-18 -4.44078e-05 -2.38597e-18 -6.65505e-06 -7.58009e-19 -5.07738e-07  9.65914e-21
 2.57893e-06  8.63204e-22  4.42891e-06  7.64828e-20 -4.99793e-05  -4.5664e-20 -1.53304e-05 -4.10937e-19    0.0002194 -2.26375e-19  0.000107444  8.10873e-19 -0.000585263  1.52793e-18  -0.00054094 -7.92497e-20   0.00101529 -4.00557e-18   0.00172587 -3.72544e-18 -0.000770115  4.85441e-18   -0.0036345  1.02983e-17  -0.00158196 -8.10651e-20   0.00444728 -1.63312e-17   0.00649325 -1.31726e-17 -4.30511e-05  1.44405e-17  -0.00910437  3.52827e-17   -0.0104482  2.07401e-17  -0.00134614 -1.65642e-17    0.0111258 -4.55925e-17    0.0182611 -4.90231e-17    0.0174001 -2.90678e-17    0.0118642  -4.8716e-18   0.00613738  7.04213e-18    0.0024515  7.27239e-18  0.000755104  3.68025e-18  0.000176948 -6.09379e-19  3.08217e-05 -2.93749e-18  3.85168e-06  -1.7656e-18  3.18949e-07 -3.18538e-19  1.21857e-08
-5.11788e-21  5.82491e-06  1.31761e-20  -3.0584e-06  8.16747e-20 -5.66411e-05 -7.84499e-20  2.31802e-05 -4.05044e-19   0.00022987 -1.62274e-19 -5.66886e-06  8.77365e-19 -0.000635391  1.58754e-18 -0.000300191 -3.25361e-19   0.00123414 -3.98111e-18   0.00139186 -2.27169e-18  -0.00137603   6.2315e-18  -0.00352856  8.77258e-18 -0.000564336 -3.66525e-18   0.00519297 -1.73232e-17   0.00584269 -8.48303e-18  -0.00166603  2.07218e-17   -0.0102317  3.65136e-17   -0.0101281  1.73554e-17   0.00034601 -2.06675e-17    0.0137677 -4.90231e-17     0.021565 -5.00134e-17    0.0209982 -2.79828e-17    0.0151373 -4.47515e-18   0.00852443  6.08338e-18   0.00381326  6.21386e-18   0.00135017   2.3642e-18  0.000370192 -1.88638e-18   7.5004e-05 -2.66734e-18  1.02238e-05 -1.01206e-18  7.48191e-07 -3.24633e-20
 1.60709e-07 -8.24461e-21   7.9176e-06  2.80813e-20  -1.3433e-05  7.88076e-20 -5.41062e-05 -1.03234e-19  6.45856e-05   -3.698e-19  0.000213909 -6.94456e-20 -0.000126452  9.81144e-19 -0.000628085  1.49253e-18 -2.15711e-05 -7.90912e-19   0.00136368 -3.69541e-18  0.000935123  -4.7047e-19  -0.00192528  7.20284e-18  -0.00318697  6.36919e-18  0.000595489 -7.64316e-18   0.00576826 -1.74707e-17   0.00478447 -2.70401e-18   -0.0036395   2.6504e-17   -0.0112949  3.61503e-17   -0.0090767  1.25102e-17   0.00327305 -2.55918e-17    0.0174001 -5.00134e-17    0.0247218 -4.51134e-17    0.0230474 -2.10705e-17    0.0160724 -4.92226e-19     0.008727  6.73795e-18    0.0037188  5.26339e-18   0.00122847  6.49154e-19  0.000304351 -2.53364e-18  5.29526e-05 -1.85995e-18  5.62957e-06 -3.91514e-19  2.37369e-07
-1.24069e-21  1.63385e-06  -7.4065e-21  7.48959e-06  4.07686e-20 -2.41394e-05  6.78995e-20 -4.12606e-05 -1.20265e-19  0.000101703 -3.10566e-19   0.00016961  6.18874e-20 -0.000239372  1.07813e-18 -0.000553913  1.15552e-18  0.000270014 -1.42159e-18   0.00137061 -3.15719e-18  0.000371242  1.37378e-18  -0.00234911  7.51259e-18  -0.00255632  3.20783e-18    0.0018527  -1.1295e-17   0.00600093 -1.59572e-17    0.0031332  3.87417e-18   -0.0058802   3.0445e-17   -0.0117692  3.29343e-17  -0.00667086  5.90166e-18   0.00741818 -2.90678e-17    0.0209982 -4.51134e-17    0.0262094 -3.34259e-17    0.0224601 -1.03878e-17    0.0145027  4.33878e-18   0.00725423  7.09796e-18   0.00281119  3.64863e-18  0.000826904 -9.22166e-19  0.000176348  -2.2871e-18  2.48534e-05 -9.81061e-19     1.85e-06 -5.33562e-20
-4.20309e-07 -3.61411e-21  3.65536e-06   -2.781e-21  4.05138e-06  4.82132e-20 -3.21319e-05  4.62379e-20 -1.91489e-05 -1.35236e-19  0.000126595 -2.40669e-19  9.96572e-05   2.2285e-19 -0.000325613  1.10288e-18  -0.00041076  5.78941e-19  0.000537985 -2.05536e-18   0.00122409 -2.37613e-18 -0.000258843  2.95845e-18  -0.00254762  6.93901e-18   -0.0015987 -3.82563e-19   0.00305505 -1.35945e-17   0.00561403 -1.22812e-17  0.000834714  1.01382e-17  -0.00791446  3.10189e-17   -0.0109283  2.65139e-17  -0.00275019 -8.32472e-19    0.0118642 -2.79828e-17    0.0230474 -3.34259e-17    0.0249737 -1.78878e-17     0.019256 -3.70895e-20     0.011257  7.42772e-18   0.00507152  6.15885e-18   0.00174655  1.61168e-18  0.000445926 -1.68379e-18  7.91819e-05 -1.50989e-18  8.52069e-06 -3.49951e-19  3.61102e-07
  3.4531e-22   -2.239e-07 -5.33256e-21   5.2164e-06  4.45654e-21 -1.85315e-06  4.87746e-20 -3.45657e-05  1.32936e-20  8.65923e-06 -1.55607e-19  0.000132006 -1.70393e-19  1.27842e-05   3.8274e-19 -0.000365219  9.96852e-19 -0.000208894 -1.37108e-19  0.000732834 -2.47597e-18  0.000907781 -1.39085e-18 -0.000866811  3.99841e-18  -0.00240108  5.41428e-18 -0.000372235 -3.72094e-18   0.00389643 -1.36483e-17   0.00438431 -6.98217e-18  -0.00178463  1.43427e-17  -0.00896436  2.76267e-17  -0.00838282  1.83677e-17     0.001971  -4.8716e-18    0.0151373 -2.10705e-17    0.0224601 -1.78878e-17    0.0211042  -3.5405e-18     0.014487  6.60222e-18   0.00757025  7.79928e-18    0.0030286  4.13647e-18  0.000911553 -6.01131e-20   0.00019753 -1.54492e-18   2.8126e-05 -7.36412e-19  2.10528e-06 -4.98788e-20
-2.53789e-07 -3.15344e-22  5.90352e-07 -4.99504e-21  5.39225e-06  1.27527e-20 -8.65916e-06  4.16674e-20 -2.96718e-05 -2.76905e-20  3.61458e-05 -1.81953e-19  0.000113531 -1.00187e-19 -7.52924e-05   4.9955e-19 -0.000341832  7.40155e-19  2.19136e-05 -8.23924e-19  0.000798335 -2.51303e-18  0.000448237 -3.32147e-19  -0.00130864  4.27414e-18  -0.00184334  3.22047e-18  0.000887212 -5.92292e-18   0.00402615 -1.13679e-17   0.00240894 -1.67635e-18  -0.00400758  1.52331e-17   -0.0084199  2.14075e-17  -0.00454569  1.11827e-17   0.00613738 -4.47515e-18    0.0160724 -1.03878e-17     0.019256  -3.5405e-18    0.0157322  5.68888e-18   0.00956088  8.64514e-18   0.00442727  6.10014e-18   0.00155493  1.94089e-18  0.000402538 -8.35053e-19  7.21467e-05 -9.69397e-19  7.80783e-06 -2.41588e-19  3.31782e-07
 2.29016e-22 -3.93994e-07 -1.54303e-21  1.69491e-06 -2.58356e-21  3.73269e-06  1.96506e-20  -1.4109e-05  2.72844e-20 -1.77048e-05 -7.09211e-20  5.57595e-05 -2.03502e-19  7.25178e-05 -2.61471e-20 -0.000142982  5.36184e-19 -0.000252006  3.72992e-19   0.00022887 -1.30459e-18   0.00069698 -2.14145e-18 -5.70332e-05  5.70904e-19  -0.00143469  3.76615e-18 -0.000966151  1.00338e-18   0.00181046 -6.42047e-18   0.00330289 -7.73676e-18  0.000211795  1.93816e-18  -0.00509631  1.31024e-17  -0.00633636  1.47575e-17 -0.000536982  7.04213e-18   0.00852443 -4.92226e-19    0.0145027 -3.70895e-20     0.014487  5.68888e-18    0.0103239  8.95931e-18   0.00553366  7.39205e-18   0.00225386  3.67172e-18  0.000687026  3.89157e-19  0.000150184 -8.23515e-19  2.15064e-05 -4.37296e-19  1.61499e-06 -3.34528e-20
-7.24693e-08  4.71072e-23 -2.49949e-07  -2.7251e-21  2.51231e-06  8.55096e-22  5.69967e-07  2.24084e-20 -1.59788e-05  7.58122e-21 -1.62665e-06 -1.08697e-19  6.07177e-05 -2.03949e-19  1.87209e-05  4.78998e-20 -0.000169111  4.78042e-19 -0.000116275 -1.01353e-20  0.000349818 -1.47239e-18  0.000448377 -1.50891e-18 -0.000456344  1.10152e-18  -0.00119366  2.74341e-18 -4.04059e-05 -5.64526e-19   0.00210118 -5.41573e-18   0.00197441 -4.23429e-18  -0.00149682  3.26804e-18  -0.00478114  9.63999e-18  -0.00348543  9.82774e-18    0.0024515  6.08338e-18     0.008727  4.33878e-18     0.011257  6.60222e-18   0.00956088  8.95931e-18   0.00595642  8.03676e-18   0.00280565   4.8512e-18  0.000997299  1.62542e-18  0.000260356 -2.79307e-19  4.69288e-05 -4.94695e-19  5.09662e-06 -1.31262e-19   2.1696e-07
 4.53624e-23 -1.75416e-07 -5.74978e-22   1.7792e-07 -3.30989e-21  2.51279e-06  3.89458e-21 -2.94058e-06  1.97572e-20 -1.31616e-05 -1.39133e-20  1.32037e-05 -1.32121e-19  4.87117e-05 -1.74169e-19 -3.05088e-05  1.06395e-19  -0.00014506   3.4552e-19  2.02443e-05  -3.0274e-19  0.000347853  -1.3422e-18  0.000143204 -8.48851e-19  -0.00062352  1.20168e-18 -0.000701326  1.63778e-18  0.000616276 -1.22566e-18   0.00174762 -3.76213e-18  0.000574632 -1.87451e-18   -0.0022496  3.01632e-18  -0.00343684  6.64737e-18 -0.000890718  7.27239e-18   0.00381326  6.73795e-18   0.00725423  7.42772e-18   0.00757025  8.64514e-18   0.00553366  8.03676e-18   0.00301633  5.43868e-18   0.00124296  2.51597e-18  0.000381994  4.23663e-19  8.39768e-05 -3.42419e-19  1.20701e-05 -2.05924e-19   9.0834e-07 -1.70006e-20
