  0.00474262 -5.94054e-20   -0.0137978  5.58342e-19   0.00868356 -4.96662e-19   0.00194854 -6.24953e-19  -0.00210608  5.98082e-19 -0.000668614  1.34208e-19  0.000244513 -1.27561e-19  0.000136209 -1.44966e-20  5.90169e-06 -3.57085e-21 -5.37222e-06  1.85239e-21 -5.41456e-07
-5.94054e-20    0.0225569 -4.82831e-19   -0.0336902  2.39125e-18    0.0100439 -1.10329e-18    0.0081834 -2.04842e-18  -0.00231671  1.22748e-18  -0.00204083   3.6335e-19  3.67593e-05  -8.6407e-20  0.000257731 -7.02963e-20   4.6043e-05 -1.25307e-20 -2.09091e-06  1.24197e-21
  -0.0137978 -4.82831e-19    0.0500047 -1.79236e-18   -0.0465309  5.74803e-18   0.00163817 -1.41767e-18    0.0139986 -3.74896e-18  5.40073e-05  1.25701e-18  -0.00306384   7.3041e-19 -0.000553068  1.04737e-19  0.000238782 -1.07472e-19  7.59393e-05 -2.00176e-20  3.03045e-06
 5.58342e-19   -0.0336902 -1.79236e-18     0.070233 -4.10844e-18   -0.0442186  9.59509e-18   -0.0107321 -1.03158e-18    0.0157391 -5.00471e-18   0.00368303  3.43425e-19  -0.00305339  1.12809e-18  -0.00117697  3.56644e-19  7.24568e-05 -9.20207e-20   6.2258e-05 -1.48802e-20
  0.00868356  2.39125e-18   -0.0465309 -4.10844e-18    0.0731747 -6.78652e-18   -0.0326097  1.24441e-17   -0.0203066  3.57097e-19    0.0137302 -5.71787e-18   0.00692374 -1.23343e-18  -0.00208729  1.36396e-18  -0.00150624  5.32839e-19 -0.000126587 -3.81883e-20  2.12571e-05
-4.96662e-19    0.0100439  5.74803e-18   -0.0442186 -6.78652e-18    0.0645034 -8.97539e-18   -0.0208541  1.36242e-17    -0.025412  2.92629e-18   0.00995187 -6.24557e-18   0.00904522 -2.87157e-18 -0.000577962  1.26355e-18  -0.00139342  5.22828e-19 -0.000218657  6.30789e-21
  0.00194854 -1.10329e-18   0.00163817  9.59509e-18   -0.0326097 -8.97539e-18    0.0542762 -1.04766e-17   -0.0126921  1.37758e-17   -0.0275784  6.40171e-18   0.00573859 -6.68511e-18   0.00996833 -4.04319e-18   0.00104712   7.6355e-19 -0.000887743  3.32866e-19 -0.000150025
-6.24953e-19    0.0081834 -1.41767e-18   -0.0107321  1.24441e-17   -0.0208541 -1.04766e-17    0.0471688 -1.19594e-17  -0.00753416  1.41239e-17   -0.0284263   9.9883e-18   0.00150855 -6.56762e-18   0.00973389 -4.45497e-18   0.00235761   4.4654e-20 -0.000249815  1.15329e-19
 -0.00210608 -2.04842e-18    0.0139986 -1.03158e-18   -0.0203066  1.36242e-17   -0.0126921 -1.19594e-17    0.0431684   -1.421e-17  -0.00395446  1.51437e-17   -0.0287679  1.28856e-17  -0.00275647 -5.21064e-18   0.00827755  -4.0157e-18   0.00287438 -4.45068e-19  0.000126037
 5.98082e-19  -0.00231671 -3.74896e-18    0.0157391  3.57097e-19    -0.025412  1.37758e-17  -0.00753416   -1.421e-17    0.0411756 -1.71818e-17  -0.00101293   1.6066e-17   -0.0288539  1.48143e-17  -0.00713929 -2.39004e-18   0.00552612 -2.84475e-18   0.00228367 -3.83957e-19
-0.000668614  1.22748e-18  5.40073e-05 -5.00471e-18    0.0137302  2.92629e-18   -0.0275784  1.41239e-17  -0.00395446 -1.71818e-17    0.0405138 -2.00433e-17   0.00185147   1.5682e-17   -0.0285811  1.59003e-17   -0.0114456  1.05881e-18   0.00187703  -1.4449e-18   0.00097281
 1.34208e-19  -0.00204083  1.25701e-18   0.00368303 -5.71787e-18   0.00995187  6.40171e-18   -0.0284263  1.51437e-17  -0.00101293 -2.00433e-17      0.04097  -2.2198e-17   0.00515334  1.32658e-17    -0.027361  1.58498e-17   -0.0146507  3.13547e-18  -0.00121903 -5.67775e-19
 0.000244513   3.6335e-19  -0.00306384  3.43425e-19   0.00692374 -6.24557e-18   0.00573859   9.9883e-18   -0.0287679   1.6066e-17   0.00185147  -2.2198e-17    0.0426629 -2.41026e-17   0.00970458  8.47775e-18   -0.0237359  1.30868e-17   -0.0146525  1.99987e-18   -0.0019227
-1.27561e-19  3.67593e-05   7.3041e-19  -0.00305339 -1.23343e-18   0.00904522 -6.68511e-18   0.00150855  1.28856e-17   -0.0288539   1.5682e-17   0.00515334 -2.41026e-17    0.0461388 -2.72925e-17    0.0169354  5.86041e-19   -0.0156586  5.69979e-18   -0.0100132  -9.8536e-19
 0.000136209  -8.6407e-20 -0.000553068  1.12809e-18  -0.00208729 -2.87157e-18   0.00996833 -6.56762e-18  -0.00275647  1.48143e-17   -0.0285811  1.32658e-17   0.00970458 -2.72925e-17     0.052538 -3.36264e-17    0.0282216 -1.09732e-17  -0.00323877 -4.32347e-18  -0.00330586
-1.44966e-20  0.000257731  1.04737e-19  -0.00117697  1.36396e-18 -0.000577962 -4.04319e-18   0.00973389 -5.21064e-18  -0.00713929  1.59003e-17    -0.027361  8.47775e-18    0.0169354 -3.36264e-17    0.0627246 -4.31607e-17    0.0415406 -2.31693e-17   0.00761827 -8.82423e-18
 5.90169e-06 -7.02963e-20  0.000238782  3.56644e-19  -0.00150624  1.26355e-18   0.00104712 -4.45497e-18   0.00827755 -2.39004e-18   -0.0114456  1.58498e-17   -0.0237359  5.86041e-19    0.0282216 -4.31607e-17    0.0737345 -5.12227e-17    0.0480853 -2.75347e-17   0.00889053
-3.57085e-21   4.6043e-05 -1.07472e-19  7.24568e-05  5.32839e-19  -0.00139342   7.6355e-19   0.00235761  -4.0157e-18   0.00552612  1.05881e-18   -0.0146507  1.30868e-17   -0.0156586 -1.09732e-17    0.0415406 -5.12227e-17    0.0755726 -4.93617e-17    0.0385001 -1.81552e-17
-5.37222e-06 -1.25307e-20  7.59393e-05 -9.20207e-20 -0.000126587  5.22828e-19 -0.000887743   4.4654e-20   0.00287438 -2.84475e-18   0.00187703  3.13547e-18   -0.0146525  5.69979e-18  -0.00323877 -2.31693e-17    0.0480853 -4.93617e-17    0.0585173 -3.37741e-17    0.0174433
 1.85239e-21 -2.09091e-06 -2.00176e-20   6.2258e-05 -3.81883e-20 -0.000218657  3.32866e-19 -0.000249815 -4.45068e-19   0.00228367  -1.4449e-18  -0.00121903  1.99987e-18   -0.0100132 -4.32347e-18   0.00761827 -2.75347e-17    0.0385001 -3.37741e-17    0.0289381 -1.30983e-17
-5.41456e-07  1.24197e-21  3.03045e-06 -1.48802e-20  2.12571e-05  6.30789e-21 -0.000150025  1.15329e-19  0.000126037 -3.83957e-19   0.00097281 -5.67775e-19   -0.0019227  -9.8536e-19  -0.00330586 -8.82423e-18   0.00889053 -1.81552e-17    0.0174433 -1.30983e-17   0.00668503
