 3.19203e-12  1.42971e-25 -6.84545e-11 -4.77724e-24  5.43178e-10  4.96731e-23 -2.43503e-09 -3.01905e-22  6.99517e-09  1.27897e-21 -1.34663e-08 -4.08505e-21  1.72837e-08  1.02577e-20 -1.37173e-08 -2.07389e-20  4.77962e-09  3.42126e-20  1.70125e-09 -4.63278e-20 -1.93983e-09   5.1494e-20  -1.4447e-10 -4.67071e-20  5.43746e-10   3.4111e-20  6.13088e-11 -1.95296e-20 -1.33078e-10  8.28222e-21 -4.08563e-11 -2.29489e-21  2.17721e-11  4.35283e-22  1.59466e-11 -4.94887e-22  6.01411e-13  7.58597e-22 -3.15875e-12 -6.00111e-22 -1.39957e-12  2.40399e-22  1.10887e-14 -3.26618e-23  2.62734e-13  8.08834e-24  1.20116e-13  -1.8765e-23  1.37219e-14  5.31344e-24 -1.21675e-14  5.22978e-24 -8.02159e-15 -2.57783e-24 -2.28329e-15 -6.87464e-25 -8.56289e-17  4.26745e-25  2.37299e-16  1.37122e-25  1.26737e-16  -5.1607e-26  3.65057e-17 -3.22582e-26   4.9999e-18  6.95534e-27 -9.88057e-19  3.81442e-27 -8.81476e-19  5.89148e-28 -3.21309e-19 -7.45765e-28 -7.81817e-20 -1.92006e-28 -1.23051e-20  7.34087e-29 -4.07306e-22  4.58827e-29  5.06142e-22 -5.09466e-30  2.13895e-22 -5.17136e-30  5.61211e-23 -4.25928e-31  1.11913e-23  4.30153e-32  1.74846e-24  5.14367e-32   2.0179e-25  3.82721e-32  1.18307e-26  1.22749e-32 -1.59426e-27  2.68065e-33 -6.75915e-28  1.29496e-34 -1.38138e-28 -2.68152e-34 -2.11125e-29 -1.29386e-34 -2.63386e-30 -3.06183e-35 -2.75799e-31 -3.91346e-36 -2.43918e-32 -5.66883e-38 -1.80896e-33  9.84987e-38 -1.10094e-34  2.63785e-38  -5.2368e-36  3.92934e-39 -1.70806e-37  3.74279e-40 -1.61487e-39  2.76608e-41  1.99785e-40  2.07256e-42  1.41197e-41  1.34737e-43  5.58515e-43  6.22759e-45  1.50692e-44  1.98674e-46  1.73797e-46  2.67166e-48
 1.42971e-25  1.00287e-10  2.62527e-24 -1.21476e-09 -6.09035e-23  7.27046e-09  5.06851e-22 -2.66519e-08 -2.61088e-21   6.4714e-08  9.66914e-21 -1.06344e-07 -2.75289e-20  1.15026e-07  6.24396e-20 -7.19751e-08 -1.15084e-19  1.10768e-08  1.74128e-19  1.68097e-08  -2.1696e-19 -7.76527e-09  2.21973e-19 -3.75352e-09   -1.848e-19  2.23598e-09   1.2301e-19  1.15935e-09 -6.31481e-20 -4.09247e-10   2.2693e-20 -3.75621e-10 -3.66768e-21 -1.76239e-12 -1.05017e-21  8.60438e-11 -2.48978e-22  3.07074e-11  1.82454e-21 -6.35071e-12  -1.6122e-21 -8.82508e-12  5.32038e-22  -2.6305e-12  3.87916e-23  4.16809e-13 -4.47274e-24    6.526e-13 -7.37394e-23  2.45829e-13  2.33745e-23   1.9133e-14   1.7267e-23  -2.6486e-14 -7.82988e-24 -1.58245e-14 -2.72011e-24 -4.47237e-15  1.19791e-24 -3.12374e-16  5.79427e-25  3.49244e-16 -1.47565e-25  2.02765e-16  -1.2036e-25  6.33391e-17  2.03674e-26  1.16071e-17  1.41508e-26  1.00534e-19  1.64362e-27 -8.37926e-19 -2.45801e-27 -3.72534e-19 -5.98419e-28 -1.04142e-19  2.66916e-28 -2.09549e-20  1.44844e-28 -2.77553e-21 -1.96444e-29 -5.52753e-23 -1.66058e-29  9.82029e-23 -1.84835e-30  3.59561e-23 -1.82714e-31   8.4527e-24  1.52424e-31  1.54435e-24  1.72025e-31  2.29019e-25  6.19954e-32  2.73588e-26  1.23191e-32  2.45104e-27  9.14371e-35  1.14635e-28 -1.10617e-33  -1.0808e-29 -4.55992e-34 -3.66247e-30 -9.94986e-35 -5.76128e-31 -1.23864e-35 -6.68342e-32 -3.84595e-37  -6.2428e-33  2.20732e-37 -4.82087e-34  6.23488e-38 -3.09303e-35  9.17662e-39 -1.63345e-36  8.58998e-40 -6.96915e-38  6.29711e-41 -2.35637e-39  4.36222e-42 -6.15351e-41  2.39417e-43 -1.05413e-42  8.63616e-45 -7.68406e-45  1.81169e-46 -1.90405e-47
-6.84545e-11  2.62527e-24  1.54401e-09  2.73614e-23 -1.29328e-08 -4.82657e-22   6.1489e-08  3.32578e-21 -1.88543e-07 -1.47733e-20  3.91129e-07   4.8322e-20 -5.49883e-07  -1.2346e-19  4.95749e-07  2.54144e-19 -2.28566e-07 -4.28551e-19 -2.36434e-08  5.96334e-19  7.79871e-08 -6.84934e-19 -1.03782e-08  6.45419e-19 -2.13139e-08 -4.92765e-19  2.72622e-09  2.98425e-19  5.97439e-09 -1.37327e-19  2.93298e-10  4.16334e-20 -1.42297e-09 -1.43663e-21 -4.71156e-10  -6.5936e-21  1.73758e-10  1.62574e-21  1.67079e-10  3.44703e-21  2.95046e-11 -3.45063e-21 -2.11196e-11   9.0558e-22 -1.50229e-11  3.34455e-22  -3.0993e-12 -5.79308e-23  1.11304e-12 -1.96005e-22  1.04596e-12  5.95369e-23  3.45322e-13  4.31749e-23  2.08018e-14 -1.65333e-23 -3.64683e-14 -7.46188e-24 -2.08683e-14  2.33827e-24   -6.046e-15  1.57633e-24 -6.71314e-16 -3.04084e-25  2.94202e-16 -2.95488e-25  2.04417e-16   4.4612e-26   6.9943e-17  3.43281e-26   1.5497e-17  2.63317e-27  1.72311e-18 -5.58815e-27 -3.04321e-19 -1.23218e-27  -2.3356e-19  6.96848e-28 -7.71795e-20  3.25037e-28 -1.81129e-20 -5.41103e-29 -3.21607e-21  -4.0085e-29 -4.02213e-22 -6.23552e-30 -1.87793e-23 -1.17262e-30  6.99556e-24  4.05918e-31  2.66165e-24  5.31719e-31  5.85989e-25  1.95683e-31  9.90692e-26   3.6595e-32  1.37449e-26 -3.22945e-34   1.5933e-27 -2.94892e-33  1.53331e-28 -1.09279e-33  1.18282e-29 -2.23135e-34  6.54925e-31 -2.73358e-35  1.34665e-32 -1.27475e-36  -2.1952e-33  3.14726e-37 -3.51843e-34  9.87591e-38 -3.13065e-35  1.43608e-38 -2.01614e-36  1.30278e-39 -9.84522e-38  9.17363e-41  -3.6758e-39  5.71485e-42 -1.01216e-40  2.60517e-43 -1.82493e-42  7.05659e-45 -1.50247e-44   8.0894e-47
-4.77724e-24 -1.21476e-09  2.73614e-23  1.55292e-08   1.9827e-22 -9.84945e-08 -2.80256e-21  3.84684e-07  1.63726e-20 -1.00273e-06 -6.35419e-20  1.78991e-06  1.85053e-19 -2.14967e-06 -4.26582e-19  1.58198e-06  8.00101e-19 -4.55679e-07 -1.23817e-18 -2.65502e-07  1.58847e-18  2.24384e-07 -1.68455e-18  3.81169e-08  1.46199e-18 -6.68446e-08 -1.02111e-18 -1.29608e-08  5.60303e-19  1.64426e-08 -2.31251e-19  6.43762e-09  5.99751e-20 -2.51687e-09   6.0052e-21 -2.28895e-09 -1.79333e-20 -1.97757e-10  6.20433e-21  4.29076e-10  5.97606e-21  2.15492e-10 -6.72871e-21    6.969e-12   1.4379e-21 -3.78518e-11  9.82327e-22 -1.89772e-11 -1.64299e-22 -2.66158e-12   -4.154e-22  1.75655e-12  1.11474e-22  1.27808e-12  8.99867e-23   3.8928e-13 -2.74721e-23  2.42861e-14 -1.60625e-23  -3.6574e-14  3.61144e-24 -2.10299e-14  3.25618e-24 -6.38065e-15 -5.31421e-25 -9.79099e-16 -5.58195e-25  1.26935e-16  8.51589e-26  1.43022e-16  6.39895e-26  5.50149e-17  2.05867e-27  1.40061e-17 -1.02258e-26  2.38196e-18 -1.87183e-27   1.4864e-19  1.54167e-27 -6.96348e-20  6.07535e-28 -3.38794e-20 -1.25844e-28 -9.34595e-21 -8.56807e-29 -1.93467e-21  -1.7431e-29 -3.16122e-22 -3.53646e-30  -3.9667e-23  1.06276e-30 -3.18299e-24  1.30219e-30  5.44285e-26  4.69482e-31  7.98832e-26   8.4056e-32  1.84691e-26 -1.04716e-33  2.95241e-27 -5.99722e-33  3.76484e-28 -2.05784e-33   3.9946e-29 -3.97122e-34  3.57265e-30 -4.80998e-35  2.69022e-31 -2.87345e-36  1.68514e-32  3.12021e-37  8.55624e-34  1.20146e-37  3.34165e-35  1.72817e-38  8.94333e-37  1.49946e-39  9.49809e-39  9.88087e-41 -4.57133e-40  5.39725e-42 -2.63074e-41  1.98409e-43 -5.37063e-43  3.71616e-45 -3.01948e-45
 5.43178e-10 -6.09035e-23 -1.29328e-08   1.9827e-22  1.14767e-07  1.09446e-21  -5.8077e-07 -1.28276e-20  1.90721e-06  6.46496e-20 -4.27582e-06 -2.21439e-19  6.59439e-06  5.77854e-19 -6.72526e-06 -1.20703e-18   3.8856e-06  2.06942e-18 -3.31467e-07 -2.94709e-18  -1.0748e-06  3.49433e-18  3.97477e-07 -3.42699e-18  2.63304e-07  2.73751e-18 -1.22884e-07 -1.74069e-18 -8.10242e-08   8.5828e-19  2.17869e-08 -3.18816e-19  2.55227e-08  7.57657e-20  1.26245e-09  1.56391e-20 -5.72288e-09 -3.57653e-20 -2.30107e-09  1.48489e-20  3.67309e-10  9.78189e-21  6.34008e-10 -1.22001e-20  2.05197e-10  2.25032e-21 -2.58426e-11   2.0775e-21  -4.9054e-11 -3.13667e-22 -1.94772e-11 -7.49151e-22 -1.79916e-12  1.66309e-22  2.02891e-12  1.60745e-22  1.27567e-12 -3.71658e-23  3.74791e-13 -2.84614e-23   3.0822e-14  4.63027e-24 -2.76647e-14  5.45592e-24 -1.68819e-14 -8.51414e-25 -5.44045e-15 -8.67613e-25 -1.04585e-15  1.47038e-25 -2.99294e-17   9.7644e-26  6.66147e-17 -2.15017e-27  3.12735e-17 -1.60564e-26  9.01072e-18 -1.93962e-27  1.87657e-18  3.10249e-27  2.67228e-19  1.01572e-27  1.25343e-20  -2.6435e-28 -6.73196e-21 -1.71205e-28 -2.77713e-21 -4.11211e-29 -6.79021e-22 -7.60221e-30 -1.27224e-22  2.56667e-30 -1.93562e-23  2.67879e-30 -2.40352e-24  9.28674e-31 -2.34117e-25  1.61073e-31 -1.51859e-26 -1.34291e-33   2.5368e-30 -9.96445e-33  1.81041e-28  -3.2279e-33  3.30126e-29 -5.92527e-34  3.98668e-30 -7.09842e-35  3.74925e-31 -4.95528e-36  2.86568e-32  1.92532e-37  1.79747e-33  1.17979e-37   9.1924e-35  1.68517e-38  3.77101e-36  1.38068e-39  1.20117e-37  8.31408e-41  2.77179e-39  3.87167e-42  4.08753e-41  1.09261e-43  3.29895e-43  1.16204e-45
 4.96731e-23  7.27046e-09 -4.82657e-22 -9.84945e-08  1.09446e-21  6.64689e-07  4.85217e-21 -2.77669e-06 -4.83019e-20  7.79776e-06  2.12798e-19 -1.51623e-05 -6.48391e-19  2.02258e-05   1.5237e-18 -1.73035e-05 -2.89361e-18  7.25013e-06  4.54645e-18  1.46901e-06  -5.9733e-18 -2.85905e-06  6.56332e-18  2.11107e-07 -5.96448e-18  8.32703e-07  4.37955e-18 -6.29811e-08 -2.51337e-18 -2.38625e-07  1.09535e-18 -2.12994e-08 -3.70249e-19  5.72883e-08  9.64955e-20    2.126e-08   1.8993e-20  -6.8314e-09 -6.02079e-20 -7.35799e-09  2.94117e-20 -1.42258e-09  1.49805e-20   9.3157e-10 -2.04387e-20  6.98901e-10   3.3988e-21  1.50263e-10  3.65635e-21 -5.22896e-11 -4.67863e-22 -5.09741e-11 -1.18719e-21 -1.71712e-11  2.01102e-22  -1.0719e-12  2.49306e-22    1.851e-12 -4.04353e-23  1.07539e-12 -4.24489e-23  3.16007e-13   5.0947e-24  3.60592e-14  7.67513e-24 -1.52996e-14 -1.30008e-24 -1.08563e-14 -1.15705e-24 -3.76709e-15  2.25615e-25 -8.50484e-16  1.23981e-25 -1.00123e-16  -1.2115e-26  1.43207e-17  -2.2268e-26   1.2182e-17 -3.20759e-28   4.1191e-18  5.86297e-27  9.83563e-19  1.58042e-27  1.78767e-19 -5.14077e-28  2.35506e-20 -3.21725e-28  1.50569e-21 -8.32287e-29 -2.67563e-22 -1.29493e-29 -1.22375e-22  5.47611e-30 -2.80319e-23  4.78314e-30   -4.819e-24  1.58233e-30 -6.75641e-25  2.68383e-31 -7.92012e-26  2.21298e-34 -7.76882e-27 -1.40196e-32 -6.25151e-28 -4.34913e-33 -3.89506e-29 -7.62372e-34 -1.53896e-30 -9.01201e-35  1.18316e-32 -6.92778e-36  8.42489e-33  2.33207e-39   8.5227e-34  9.54124e-38  5.54476e-35  1.36531e-38  2.61974e-36  1.04275e-39  9.02861e-38  5.59986e-41  2.12159e-39  2.14407e-42  2.95659e-41  4.25167e-44  1.69221e-43
-2.43503e-09  5.06851e-22   6.1489e-08 -2.80256e-21  -5.8077e-07  4.85217e-21  3.14217e-06  1.78866e-20 -1.10983e-05 -1.53937e-19  2.69914e-05  5.98936e-19 -4.57782e-05 -1.63363e-18  5.27065e-05  3.47056e-18 -3.69957e-05 -6.00662e-18  9.16018e-06  8.66518e-18  7.45033e-06 -1.05279e-17 -5.41997e-06  1.07554e-17 -1.26771e-06 -9.08306e-18  1.72541e-06  6.11894e-18  4.12275e-07 -3.12081e-18  -4.4033e-07  1.16057e-18  -1.9117e-07 -3.67625e-19  6.86578e-08  1.39731e-19  6.79745e-08  5.02688e-21  6.49415e-09 -9.14614e-20 -1.31388e-08  5.18488e-20 -6.76804e-09  2.12935e-20 -2.00964e-10 -3.14883e-20  1.24574e-09  4.76881e-21  6.26768e-10  5.66889e-21  8.45642e-11 -5.58506e-22 -6.25485e-11 -1.68122e-21  -4.4759e-11  1.86531e-22 -1.35076e-11   3.3735e-22 -7.09491e-13 -3.22118e-23  1.37385e-12 -5.35876e-23  7.76289e-13  5.14138e-24  2.34229e-13   9.2862e-24  3.53192e-14 -1.89589e-24 -5.11934e-15 -1.37517e-24 -5.46597e-15  2.90374e-25 -2.09476e-15  1.24302e-25 -5.34549e-16 -3.03052e-26 -9.17537e-17 -2.74472e-26 -6.12692e-18   4.7946e-27  2.50176e-18  1.04988e-26  1.25218e-18  2.33828e-27  3.48335e-19 -9.27605e-28  7.26118e-20 -5.61989e-28   1.1999e-20 -1.46678e-28  1.54563e-21  -1.8097e-29  1.35962e-22   1.0262e-29  1.80947e-24  7.57479e-30 -2.23997e-24  2.38597e-30  -5.6505e-25  3.98795e-31 -9.20796e-26  5.22091e-33 -1.17586e-26 -1.70418e-32 -1.24001e-27 -5.12457e-33 -1.09817e-28 -8.59683e-34 -8.17895e-30  -9.9875e-35 -5.07769e-31 -8.11617e-36 -2.57783e-32 -1.77567e-37 -1.03511e-33  6.37275e-38 -3.08768e-35  9.30219e-39 -5.83222e-37  6.53298e-40 -2.93869e-39  3.04236e-41  1.43238e-40  9.08224e-43  2.79324e-42  1.03564e-44
-3.01905e-22 -2.66519e-08  3.32578e-21  3.84684e-07 -1.28276e-20 -2.77669e-06  1.78866e-20  1.24692e-05  5.61856e-20 -3.79026e-05 -4.23744e-19   8.0593e-05  1.46796e-18 -0.000119616 -3.60245e-18  0.000118141  6.93931e-18 -6.53216e-05 -1.09614e-17  2.62194e-06  1.45335e-17  2.04149e-05 -1.63666e-17 -6.77649e-06  1.56165e-17 -5.32395e-06 -1.23141e-17  2.28839e-06  7.59358e-18  1.67474e-06 -3.34766e-18 -4.27564e-07  9.74257e-19 -5.40869e-07 -3.13033e-19 -2.77323e-08   2.2562e-19  1.27045e-07 -3.47748e-20  5.12063e-08 -1.29641e-19 -9.29011e-09  8.32043e-20  -1.5054e-08  2.80999e-20 -4.73743e-09 -4.46636e-20  7.66956e-10  6.04325e-21  1.25017e-09  7.95647e-21  4.81054e-10 -4.87652e-22  3.45523e-11 -2.14385e-21 -5.71717e-11  9.28733e-23  -3.4213e-11  3.95827e-22 -9.71153e-12 -1.03158e-23 -6.12939e-13 -5.64407e-23  8.30829e-13  5.65846e-24  4.79766e-13  9.99139e-24  1.51275e-13 -2.55465e-24  2.81967e-14  -1.5261e-24  3.87165e-16  2.68499e-25 -2.00188e-15  6.85226e-26 -9.08719e-16 -6.13827e-26 -2.58786e-16 -2.97183e-26 -5.35734e-17  1.58083e-26 -7.61935e-18  1.77607e-26  -3.7074e-19  3.32082e-27  1.83718e-19 -1.54394e-27  7.62772e-20 -9.01778e-28  1.86138e-20   -2.276e-28  3.47841e-21 -2.05567e-29  5.28813e-22  1.70653e-29  6.59918e-23  1.08082e-29  6.56739e-24  3.24277e-30  4.64919e-25  5.37257e-31  1.05327e-26  1.44555e-32 -3.16761e-27 -1.80827e-32 -6.56426e-28 -5.33731e-33 -8.05293e-29 -8.57803e-34 -7.47384e-30 -9.74772e-35 -5.55296e-31 -8.13093e-36 -3.34577e-32 -2.82406e-37 -1.62485e-33  3.46276e-38 -6.22091e-35  5.35124e-39 -1.79793e-36   3.4034e-40 -3.65384e-38  1.32561e-41 -4.57382e-40   2.8182e-43 -2.31572e-42
 6.99517e-09 -2.61088e-21 -1.88543e-07  1.63726e-20  1.90721e-06 -4.83019e-20 -1.10983e-05  5.61856e-20  4.24005e-05  1.53147e-19 -0.000112434 -1.02292e-18  0.000210513  3.17631e-18 -0.000273669 -7.04337e-18  0.000229161  1.23293e-17 -9.18921e-05 -1.77808e-17 -2.44542e-05  2.16645e-17  4.05665e-05 -2.26644e-17 -2.19105e-06  2.03329e-17 -1.25223e-05 -1.50912e-17  8.69531e-07  8.50149e-18   3.7556e-06 -3.07544e-18  3.22537e-07  5.20475e-19 -9.55991e-07 -2.23947e-19 -3.46615e-07  3.64978e-19  1.28448e-07 -1.02292e-19  1.29936e-07 -1.73643e-19  2.23431e-08  1.22626e-19 -1.87686e-08  3.46056e-20 -1.31043e-08 -5.86293e-20 -2.49947e-09  6.74896e-21  1.20962e-09  1.02556e-20  1.03922e-09 -1.30878e-22   3.2819e-10 -2.46006e-21  8.15962e-12 -1.02241e-22 -4.29631e-11  3.90832e-22 -2.31271e-11  2.14252e-23  -6.4409e-12 -4.69281e-23 -5.81272e-13  8.37632e-24  3.97205e-13  1.03578e-23  2.50664e-13 -2.95676e-24  8.37307e-14  -1.6734e-24  1.82403e-14  4.11669e-26  1.93667e-15 -8.92024e-26  -3.9943e-16 -1.15057e-25  -2.8762e-16 -2.75612e-26 -9.40711e-17  3.50402e-26 -2.20671e-17  2.81788e-26 -3.95918e-18  4.53351e-27 -5.16175e-19 -2.35685e-27 -3.28937e-20    -1.32e-27  5.63586e-21 -3.13046e-28  2.56768e-21 -1.73373e-29  5.81849e-22   2.5541e-29  9.88282e-23  1.40675e-29  1.36866e-23  4.02543e-30    1.586e-24  6.63641e-31  1.54229e-25  2.72039e-32  1.24022e-26  -1.6786e-32  7.90768e-28 -4.94169e-33  3.53829e-29 -7.61385e-34  5.15941e-31 -8.42168e-35 -8.39196e-32 -7.05411e-36 -9.87303e-33 -2.94997e-37 -6.36804e-34  1.45798e-38 -2.81832e-35  2.59302e-39 -8.64517e-37  1.46618e-40 -1.71321e-38  4.53159e-42 -1.79873e-40  5.60962e-44
 1.27897e-21   6.4714e-08 -1.47733e-20 -1.00273e-06  6.46496e-20  7.79776e-06 -1.53937e-19 -3.79026e-05  1.53147e-19  0.000125505  3.67248e-19 -0.000293436 -2.19071e-18  0.000486287  6.13219e-18 -0.000552793 -1.23358e-17  0.000384397  1.96565e-17 -9.02387e-05 -2.58533e-17 -8.55099e-05  2.88892e-17  6.10485e-05 -2.81391e-17  1.51013e-05  2.39793e-17 -2.08104e-05 -1.69778e-17 -4.86391e-06  8.73444e-18  5.70274e-06 -2.33446e-18  2.36912e-06 -1.48124e-19 -1.00827e-06 -1.20337e-19  -9.1601e-07  5.50234e-19 -5.42687e-08 -1.92125e-19  1.99886e-07 -2.19965e-19  9.43466e-08  1.67203e-19 -2.21127e-09  4.00912e-20 -2.04948e-08 -7.17615e-20 -9.39487e-09  6.33311e-21 -8.65706e-10  1.22393e-20  1.19093e-09  6.54465e-22      7.5e-10 -2.50606e-21  2.05518e-10 -4.04354e-22 -2.66367e-13  2.91605e-22 -2.72647e-11  5.05975e-23 -1.38918e-11 -2.50535e-23 -3.92039e-12  1.55799e-23 -4.95216e-13  1.21695e-23  1.35225e-13  -2.4133e-24  1.07632e-13 -1.88746e-24  3.88138e-14 -5.33951e-25  9.50626e-15 -4.08866e-25   1.5405e-15 -2.07866e-25  7.32516e-17 -2.14653e-26 -5.34501e-17  6.34015e-26 -2.39161e-17  4.16262e-26 -6.40796e-18  5.92421e-27 -1.30448e-18 -3.29066e-27 -2.11496e-19 -1.75749e-27 -2.67865e-20  -3.8228e-28  -2.3229e-21 -5.83865e-30 -3.28431e-23  3.48679e-29  3.61761e-23  1.68721e-29  8.98275e-24  4.61027e-30   1.4333e-24  7.57556e-31  1.78718e-25  4.11669e-32  1.83554e-26 -1.35328e-32  1.57904e-27 -4.07369e-33  1.13932e-28 -6.02294e-34  6.83573e-30 -6.45584e-35  3.34965e-31 -5.33939e-36  1.29943e-32 -2.41092e-37  3.78165e-34  4.03222e-39  7.45676e-36  1.04905e-39  7.72855e-38   5.1469e-41 -7.17664e-41  1.15435e-42 -6.89018e-42
-1.34663e-08  9.66914e-21  3.91129e-07 -6.35419e-20 -4.27582e-06  2.12798e-19  2.69914e-05 -4.23744e-19 -0.000112434  3.67248e-19  0.000327429  7.82927e-19 -0.000680794 -4.19897e-18   0.00100202  1.06516e-17 -0.000991164 -1.95204e-17  0.000551559  2.83563e-17 -1.77271e-05 -3.39128e-17 -0.000185679  3.45777e-17  6.46322e-05 -3.14229e-17  5.01487e-05  2.58494e-17 -2.39022e-05 -1.78327e-17 -1.64159e-05  8.41037e-18  5.18872e-06 -1.28906e-18  5.71376e-06 -9.29578e-19  1.13122e-08 -1.29353e-20 -1.50726e-06  7.54781e-19 -5.31231e-07 -2.94611e-19  1.56541e-07 -2.62691e-19  1.87689e-07  2.12882e-19  5.00504e-08  4.42514e-20 -1.51212e-08 -8.26542e-20  -1.7102e-08  4.21682e-21 -5.79601e-09    1.358e-20 -1.71149e-11  2.01115e-21  9.24618e-10 -2.16581e-21  4.82745e-10  -7.9163e-22  1.21193e-10  7.76783e-23 -1.58618e-13  5.51491e-23 -1.46669e-11   2.9788e-24 -7.37878e-12  2.94093e-23 -2.15504e-12  1.83617e-23 -3.52381e-13  1.87346e-25  1.81961e-14 -2.14812e-24  3.57984e-14 -1.56841e-24  1.45763e-14 -9.49916e-25  3.93894e-15 -3.61188e-25  7.77929e-16 -1.58074e-26  1.02478e-16  9.88444e-26  2.58305e-18  5.69085e-26 -3.28114e-18  7.34624e-27 -1.20503e-18  -4.2042e-27 -2.80763e-19 -2.12667e-27   -5.087e-20 -4.12397e-28 -7.53752e-21    1.508e-29  -9.1882e-22  4.39108e-29 -8.94782e-23  1.88055e-29 -6.23304e-24  4.90979e-30  -1.5069e-25  8.03577e-31  3.73265e-26  5.32074e-32   7.6559e-27 -9.24824e-33  9.08876e-28 -2.98114e-33  8.08936e-29 -4.24017e-34  5.71629e-30 -4.38954e-35  3.24356e-31 -3.53831e-36  1.46283e-32 -1.62546e-37  5.09662e-34  3.72982e-41  1.30344e-35  3.48363e-40  2.22413e-37  1.43055e-41  2.01529e-39  1.90764e-43
-4.08505e-21 -1.06344e-07   4.8322e-20  1.78991e-06 -2.21439e-19 -1.51623e-05  5.98936e-19   8.0593e-05 -1.02292e-18 -0.000293436  7.82927e-19  0.000760613   1.4953e-18   -0.0014162 -7.24895e-18   0.00185447  1.67552e-17  -0.00158145 -2.81202e-17    0.0006552  3.73027e-17  0.000172322 -4.03351e-17 -0.000308837  3.71325e-17   2.5774e-05 -3.15342e-17  0.000100034  2.56975e-17 -1.18521e-05  -1.7815e-17 -3.20523e-05  7.78922e-18 -9.34569e-07 -1.73113e-19  9.08999e-06 -1.70192e-18  2.71168e-06  1.01041e-19  -1.5446e-06  9.41113e-19 -1.25056e-06 -4.00609e-19 -1.29306e-07 -2.95136e-19  2.30833e-07  2.56001e-19  1.33898e-07  4.75841e-20  1.67499e-08 -9.05418e-20 -1.76231e-08 -1.85709e-22 -1.19958e-08  1.39968e-20 -3.18489e-09  4.05171e-21  2.53464e-10 -1.33758e-21  6.06028e-10 -1.20567e-21  2.81278e-10  -2.5676e-22  6.81946e-11  4.75376e-24  1.67289e-12  2.41075e-23 -6.57996e-12  5.08908e-23 -3.41675e-12  3.24304e-23 -1.04592e-12  6.26816e-24  -2.0575e-13  -2.2441e-24 -1.43233e-14 -3.06685e-24  7.81314e-15 -1.74186e-24  4.18567e-15 -5.93961e-25  1.26241e-15 -1.95748e-26  2.81232e-16  1.35494e-25  4.79866e-17  7.16434e-26  5.79642e-18    8.536e-27  2.63654e-19  -4.9306e-27 -9.32798e-20   -2.338e-27 -3.43475e-20  -3.8668e-28 -7.29323e-21  4.42197e-29  -1.1879e-21  5.14562e-29 -1.58864e-22  1.96146e-29 -1.78183e-23  4.89152e-30 -1.67804e-24   7.9511e-31 -1.30716e-25  6.05179e-32  -8.0927e-27 -5.00079e-33 -3.56706e-28 -1.91875e-33 -6.24222e-30 -2.64193e-34  6.08794e-31 -2.63841e-35  7.24152e-32 -2.05268e-36  4.35707e-33 -9.22422e-38  1.73262e-34 -7.50896e-40  4.57717e-36  9.22067e-41  7.18393e-38  2.97315e-42  4.38705e-40
 1.72837e-08 -2.75289e-20 -5.49883e-07  1.85053e-19  6.59439e-06 -6.48391e-19 -4.57782e-05  1.46796e-18  0.000210513 -2.19071e-18 -0.000680794   1.4953e-18   0.00158673  2.57134e-18   -0.0026607 -1.13161e-17   0.00309958  2.39854e-17  -0.00224266  -3.7138e-17  0.000582007  4.51055e-17  0.000505564 -4.36723e-17 -0.000408975  3.55584e-17 -7.92022e-05 -2.82334e-17  0.000148382  2.37759e-17  2.47869e-05 -1.72357e-17 -4.49206e-05   7.1307e-18 -1.47974e-05  7.84523e-19  9.73081e-06 -2.35043e-18  6.92639e-06  2.34965e-19 -2.68926e-07  1.07351e-18 -1.86438e-06 -5.05453e-19 -7.07362e-07 -3.12517e-19  1.13631e-07  2.94622e-19  2.06812e-07  5.16571e-20  7.77166e-08 -9.54419e-20 -7.29316e-10 -7.45188e-21 -1.44306e-08  1.32594e-20 -7.40796e-09  6.82047e-21 -1.61672e-09  6.95065e-23  2.36655e-10 -1.54799e-21  3.44253e-10 -7.01418e-22  1.49077e-10 -1.34936e-22   3.6461e-11  1.97058e-23  2.46224e-12  7.90021e-23 -2.34652e-12  5.74039e-23 -1.34507e-12  1.72531e-23 -4.36338e-13 -1.72225e-24 -9.78192e-14 -4.85555e-24 -1.35535e-14 -2.74835e-24  1.78874e-16 -9.11295e-25  7.95781e-16  -4.4512e-26  2.94924e-16  1.64387e-25  7.32667e-17  8.26446e-26  1.41482e-17  9.13758e-27  2.18248e-18 -5.33753e-27  2.59729e-19  -2.3328e-27  1.98344e-20 -3.02101e-28 -2.93714e-22  7.77838e-29  -4.3704e-22  5.64439e-29 -9.52165e-23  1.92475e-29 -1.42417e-23  4.57905e-30 -1.68859e-24  7.35641e-31 -1.65492e-25  6.16247e-32 -1.35769e-26 -1.61295e-33 -9.31456e-28 -1.06346e-33 -5.28826e-29 -1.43947e-34 -2.43511e-30 -1.39144e-35 -8.79833e-32 -1.03853e-36 -2.36271e-33 -4.42997e-38 -4.27612e-35 -5.25142e-40 -4.15464e-37  1.84765e-41 -6.11038e-40  4.00242e-43
 1.02577e-20  1.15026e-07  -1.2346e-19 -2.14967e-06  5.77854e-19  2.02258e-05 -1.63363e-18 -0.000119616  3.17631e-18  0.000486287 -4.19897e-18   -0.0014162  2.57134e-18   0.00299451  3.98975e-18  -0.00454329 -1.59936e-17   0.00469854   3.1351e-17  -0.00280663 -4.52855e-17  0.000211859  5.05825e-17  0.000957432 -4.31817e-17 -0.000414993  2.98436e-17 -0.000255909 -2.21107e-17  0.000165421  2.06737e-17  8.79981e-05 -1.63576e-17 -4.36598e-05  6.58046e-18 -3.49919e-05  1.41207e-18  4.19935e-06 -2.78822e-18  1.11254e-05  4.06714e-19  2.78624e-06   1.1295e-18 -1.74819e-06 -6.10308e-19 -1.42248e-06 -3.14284e-19  -2.4693e-07  3.29028e-19  1.90163e-07  5.90403e-20  1.45047e-07 -9.79734e-20  3.77194e-08 -1.81026e-20 -6.38839e-09  1.11526e-20 -9.69746e-09   1.0261e-20 -4.14447e-09   2.1409e-21  -7.9014e-10 -1.68659e-21  1.39853e-10 -1.23046e-21  1.70588e-10  -3.9541e-22   7.1533e-11 -3.11407e-23  1.81544e-11  1.10148e-22  2.09121e-12  9.46506e-23 -5.76911e-13  3.41155e-23 -4.31267e-13  7.45251e-26 -1.51462e-13 -6.55115e-24  -3.7421e-14 -3.84135e-24  -6.7062e-15 -1.29303e-24 -7.17885e-16 -1.00347e-25  3.72353e-17   1.7608e-25  4.22926e-17  8.68253e-26  1.29092e-17  8.79761e-27  2.77431e-18 -5.37615e-27  4.75019e-19 -2.10655e-27   6.6948e-20 -1.72144e-28  7.74463e-21  1.10052e-28  7.06015e-22  5.81576e-29  4.36386e-23  1.78334e-29  2.93656e-25  4.03899e-30 -3.77388e-25  6.37214e-31 -6.42347e-26  5.67807e-32  -6.9742e-27  5.45043e-34 -5.76623e-28 -4.82687e-34 -3.78508e-29 -6.69051e-35 -1.98034e-30 -6.34724e-36 -8.12154e-32 -4.54373e-37 -2.51635e-33 -1.79273e-38 -5.49869e-35 -2.26932e-40  -7.3448e-37  2.53649e-42  -3.8695e-39
-1.37173e-08  6.24396e-20  4.95749e-07 -4.26582e-19 -6.72526e-06   1.5237e-18  5.27065e-05 -3.60245e-18 -0.000273669  6.13219e-18   0.00100202 -7.24895e-18   -0.0026607  3.98975e-18   0.00514577  5.57725e-18  -0.00709076 -2.04177e-17   0.00647877  3.74783e-17  -0.00304155 -5.13759e-17 -0.000530666   5.3173e-17   0.00143619 -3.90825e-17 -0.000252936  2.09839e-17 -0.000477417 -1.43889e-17  0.000116685  1.70664e-17  0.000165953 -1.52651e-17 -1.65551e-05  6.13975e-18 -5.48994e-05  1.61472e-18  -9.6842e-06 -2.97004e-18  1.24638e-05  6.32821e-19  7.19469e-06  1.10552e-18 -2.69253e-07 -7.20645e-19  -1.8676e-06  -3.0482e-19 -8.11344e-07  3.61283e-19  7.24646e-09  7.28222e-20  1.68854e-07 -9.89807e-20  8.63457e-08 -3.25181e-20  1.54936e-08  7.43479e-21 -6.08949e-09  1.42044e-20 -5.64717e-09  4.95319e-21   -2.139e-09 -1.47469e-21 -3.85073e-10 -1.80432e-21  5.90036e-11 -7.96947e-22  7.31471e-11 -1.46847e-22  3.06533e-11  1.38355e-22  8.17852e-12  1.42934e-22  1.29189e-12  5.69371e-23 -3.19752e-14  3.87699e-24 -1.03062e-13  -7.5974e-24 -4.17636e-14 -4.80227e-24 -1.12632e-14 -1.68771e-24 -2.30572e-15 -1.88548e-25 -3.56906e-16   1.6438e-25 -3.55654e-17   8.2341e-26  3.78086e-19  7.31564e-27  1.16862e-18 -5.09091e-27  3.29065e-19 -1.71073e-27  6.31157e-20 -2.30888e-29   9.6145e-21  1.34921e-28    1.216e-21   5.6364e-29  1.29338e-22  1.56299e-29   1.1526e-23  3.36115e-30  8.43557e-25  5.16878e-31  4.82576e-26  4.76572e-32   1.8681e-27  1.53635e-33  1.52012e-29 -1.52909e-34 -4.40015e-30 -2.50362e-35 -4.07398e-31  -2.4355e-36 -2.11148e-32 -1.69275e-37 -7.18511e-34 -6.02854e-39 -1.54527e-35 -6.95294e-41 -1.71211e-37  1.86493e-43
-2.07389e-20 -7.19751e-08  2.54144e-19  1.58198e-06 -1.20703e-18 -1.73035e-05  3.47056e-18  0.000118141 -7.04337e-18 -0.000552793  1.06516e-17   0.00185447 -1.13161e-17  -0.00454329  5.57725e-18   0.00809937  6.97411e-18   -0.0101671 -2.33562e-17   0.00813842  4.09602e-17  -0.00271575 -5.47036e-17  -0.00162515    5.307e-17   0.00179321 -3.24121e-17  0.000120451  1.06548e-17 -0.000681222 -6.55264e-18 -2.13391e-05  1.35065e-17  0.000231767  -1.3864e-17   4.1843e-05  5.71472e-18 -6.34885e-05  1.37186e-18  -3.0629e-05 -2.89766e-18  7.79521e-06  9.23814e-19  1.13095e-05  1.01544e-18   2.7589e-06 -8.42995e-19 -1.50516e-06 -2.92055e-19 -1.35591e-06  3.94264e-19  -3.5275e-07   9.5855e-20  9.30099e-08 -9.91804e-20  1.16001e-07 -5.08485e-20  4.55891e-08  1.83244e-21  5.46486e-09  1.83872e-20 -4.00787e-09  8.55561e-21 -2.91749e-09 -7.79735e-22 -1.02672e-09 -2.37278e-21 -1.88444e-10 -1.34075e-21     1.55e-11 -3.38027e-22  2.64894e-11   1.5632e-22  1.14708e-11  1.98129e-22  3.23006e-12  8.46688e-23  6.19497e-13  1.03023e-23  5.59373e-14 -7.37468e-24   -1.348e-14 -5.35827e-24 -8.37016e-15 -2.01648e-24 -2.55296e-15 -2.97514e-25 -5.73382e-16  1.29553e-25  -1.0215e-16  6.94863e-26 -1.44445e-17  4.78733e-27 -1.50525e-18 -4.58605e-27 -7.56987e-20 -1.23241e-27  1.13062e-20  1.14801e-28  4.07217e-21  1.47773e-28  7.40482e-22  5.13763e-29   1.0066e-22  1.29607e-29   1.1099e-23  2.63862e-30   1.0188e-24  3.92384e-31  7.83148e-26  3.65862e-32  5.01568e-27  1.68842e-33  2.63873e-28 -3.49482e-36  1.11285e-29  -6.2311e-36  3.61743e-31 -7.37951e-37  8.48727e-33 -5.22153e-38  1.26847e-34 -1.63925e-39  8.86401e-37 -1.48691e-41  1.34496e-40
 4.77962e-09 -1.15084e-19 -2.28566e-07  8.00101e-19   3.8856e-06 -2.89361e-18 -3.69957e-05  6.93931e-18  0.000229161 -1.23358e-17 -0.000991164  1.67552e-17   0.00309958 -1.59936e-17  -0.00709076  6.97411e-18    0.0117424  7.66492e-18   -0.0134586 -2.34918e-17   0.00930799  4.07987e-17   -0.0016815 -5.52341e-17  -0.00293172  5.10047e-17   0.00186311 -2.45749e-17   0.00068787  6.96946e-19 -0.000783105   4.2717e-20 -0.000245348  1.03275e-17  0.000249994 -1.19885e-17   0.00012478  5.19826e-18 -4.91106e-05  7.25126e-19 -5.27191e-05 -2.61406e-18 -4.59026e-06  1.28056e-18  1.25793e-05  8.83015e-19  6.67604e-06 -9.81793e-19  4.40018e-08 -2.84596e-19 -1.51345e-06  4.30761e-19 -7.82741e-07  1.30024e-19 -1.05481e-07 -9.89962e-20  9.11148e-08 -7.29585e-20  6.78401e-08 -5.90804e-21  2.20561e-08  2.24939e-20  1.75815e-09  1.29382e-20 -2.11285e-09  4.83545e-22  -1.3472e-09 -2.88003e-21 -4.57021e-10 -2.00386e-21  -8.9954e-11  -6.0303e-22 -4.64236e-13  1.57172e-22  7.68563e-12  2.53869e-22  3.62683e-12   1.1524e-22  1.08216e-12  1.96718e-23  2.34722e-13 -5.35543e-24  3.49565e-14 -5.24641e-24   1.7993e-15 -2.18766e-24 -9.06013e-16 -4.02203e-25 -3.92826e-16  7.93885e-26 -9.97055e-17  5.08879e-26 -1.93662e-17  1.65596e-27 -3.06444e-18 -3.97098e-27 -4.00137e-19 -7.62527e-28 -4.23137e-20  2.17175e-28 -3.36239e-21  1.46892e-28 -1.42517e-22  4.40047e-29  1.01857e-23  1.01577e-29  3.10649e-24  1.95176e-30  4.14006e-25  2.78425e-31  3.96088e-26  2.57489e-32  2.96393e-27  1.39236e-33   1.7686e-28  4.17948e-35  8.35844e-30  2.23842e-37  3.04829e-31 -1.43367e-37  8.15599e-33 -1.26039e-38  1.45301e-34 -3.42389e-40  1.37198e-36 -1.92315e-42
 3.42126e-20  1.10768e-08 -4.28551e-19 -4.55679e-07  2.06942e-18  7.25013e-06 -6.00662e-18 -6.53216e-05  1.23293e-17  0.000384397 -1.95204e-17  -0.00158145  2.39854e-17   0.00469854 -2.04177e-17   -0.0101671  7.66492e-18    0.0157669  7.09315e-18    -0.016526 -1.98416e-17   0.00965383  3.67691e-17  5.72168e-05 -5.35248e-17  -0.00421225  4.78221e-17   0.00152022 -1.68258e-17    0.0013613  -7.3732e-18 -0.000704669   4.4625e-18 -0.000517558  7.66027e-18  0.000189451 -9.53782e-18  0.000211619  4.53176e-18 -5.06753e-06  -2.3509e-19 -6.64058e-05 -2.18593e-18  -2.3322e-05  1.69209e-18  8.56862e-06  7.31767e-19  9.92698e-06 -1.13783e-18  2.67216e-06 -2.88658e-19 -9.36299e-07  4.73053e-19 -1.06387e-06   1.7581e-19 -3.80567e-07 -9.86064e-20 -7.55323e-09 -9.84128e-20  6.20099e-08 -1.59207e-20  3.52376e-08  2.62105e-20  1.00459e-08  1.79965e-20  6.24659e-10  2.32401e-21 -9.23433e-10 -3.27203e-21  -5.5353e-10 -2.73881e-21 -1.86078e-10  -9.2569e-22 -3.99493e-11  1.36605e-22 -3.28188e-12  3.03064e-22  1.55509e-12  1.46026e-22   9.1918e-13  3.18987e-23  2.95931e-13 -1.25624e-24    6.989e-14 -4.28579e-24  1.26221e-14 -2.11912e-24  1.62194e-15 -4.69523e-25  8.44868e-17  2.72876e-26 -2.61322e-17  3.08162e-26 -1.04368e-17 -1.38129e-27 -2.33591e-18 -3.31763e-27 -3.98844e-19 -3.68142e-28 -5.58167e-20  2.72226e-28 -6.55067e-21  1.33798e-28 -6.46526e-22  3.53772e-29 -5.30156e-23  7.51027e-30 -3.49463e-24  1.35772e-30 -1.70128e-25  1.84342e-31 -4.34277e-27  1.66287e-32  1.64598e-28  9.61225e-34  2.76389e-29  4.07072e-35   1.8271e-30  1.42459e-36  7.70622e-32  6.82832e-39  2.13095e-33  -2.0495e-39  3.46989e-35  -4.9318e-41  2.18966e-37
 1.70125e-09  1.74128e-19 -2.36434e-08 -1.23817e-18 -3.31467e-07  4.54645e-18  9.16018e-06 -1.09614e-17 -9.18921e-05  1.96565e-17  0.000551559 -2.81202e-17  -0.00224266   3.1351e-17   0.00647877 -2.33562e-17   -0.0134586  7.09315e-18    0.0197175  4.83967e-18   -0.0189148 -1.21633e-17   0.00898325  2.95531e-17   0.00232609 -5.04425e-17  -0.00519242  4.40971e-17  0.000727031 -9.93278e-18   0.00199901 -1.26711e-17 -0.000403457   6.3304e-18 -0.000771435  5.50948e-18   3.7209e-05 -6.56743e-18  0.000272264  3.72005e-18  6.55877e-05 -1.38423e-18 -6.17098e-05 -1.67927e-18 -4.33824e-05  2.13596e-18 -1.69127e-06  5.76278e-19  1.05267e-05 -1.30882e-18  5.61753e-06 -3.06078e-19   4.8005e-07  5.22924e-19 -9.50541e-07  2.32223e-19 -6.13064e-07 -9.81049e-20 -1.61191e-07 -1.26479e-19  1.61678e-08 -2.81046e-20  3.45428e-08  2.92687e-20  1.66169e-08  2.35067e-20   4.3874e-09  4.65694e-21  3.03554e-10  -3.5057e-21  -3.3151e-10 -3.47899e-21 -1.99201e-10 -1.27618e-21 -6.77453e-11  9.48001e-23 -1.57714e-11  3.39898e-22 -2.19034e-12  1.74546e-22  8.75876e-14  4.64798e-23  1.67133e-13  4.86532e-24  6.23866e-14 -2.43314e-24  1.59423e-14  -1.7616e-24  3.17686e-15 -4.68235e-25  5.04653e-16 -1.20172e-26  6.13146e-17   1.3843e-26  4.59536e-18 -3.59354e-27 -1.53071e-19 -2.65122e-27 -1.30707e-19 -7.97687e-29  -2.8436e-20  2.81755e-28 -4.34542e-21  1.12434e-28 -5.29523e-22  2.66715e-29 -5.34581e-23  5.22749e-30 -4.52262e-24  8.86197e-31   -3.202e-25   1.1365e-31 -1.87745e-26  9.85304e-33 -8.93913e-28  5.76949e-34 -3.34759e-29  2.66739e-35 -9.35843e-31  1.04486e-36 -1.77935e-32  2.11673e-38 -1.87982e-34 -7.84464e-41  -5.0707e-37 -3.60405e-42
-4.63278e-20  1.68097e-08  5.96334e-19 -2.65502e-07 -2.94709e-18  1.46901e-06  8.66518e-18  2.62194e-06 -1.77808e-17 -9.02387e-05  2.83563e-17    0.0006552  -3.7138e-17  -0.00280663  3.74783e-17   0.00813842 -2.34918e-17    -0.016526  4.83967e-18    0.0231023  8.03024e-19   -0.0202821 -1.16837e-18   0.00730601  2.05732e-17   0.00482173 -4.68335e-17  -0.00563974  3.99875e-17  -0.00044634 -4.12813e-18   0.00244393 -1.50223e-17  0.000107374  5.81635e-18 -0.000929643   3.8384e-18 -0.000192567 -3.29957e-18  0.000276571  2.80543e-18  0.000148527 -2.58075e-18 -3.24797e-05  -1.1375e-18 -5.71933e-05  2.58208e-18 -1.66868e-05  4.17891e-19  6.92375e-06 -1.49124e-18  7.61464e-06 -3.34043e-19  2.43458e-06  5.81774e-19 -3.06505e-07  2.97004e-19 -6.53494e-07 -9.76385e-20 -3.08516e-07 -1.56114e-19 -6.15824e-08 -4.20333e-20  1.39681e-08  3.14734e-20  1.65657e-08  2.91228e-20  7.17704e-09  7.30402e-21  1.84225e-09 -3.55814e-21  1.76953e-10 -4.14884e-21 -9.23359e-11   -1.615e-21 -6.09933e-11  3.75573e-23 -2.14033e-11  3.61648e-22 -5.32893e-12  1.99123e-22 -9.41541e-13  6.25897e-23 -8.60552e-14  1.26001e-23  1.37058e-14  1.95993e-25  8.96127e-15 -1.11582e-24   2.6253e-15 -3.79782e-25  5.65191e-16 -2.74263e-26  9.79564e-17  3.38207e-27  1.39866e-17 -4.47224e-27  1.62891e-18 -1.97221e-27  1.46427e-19  1.04694e-28  8.14624e-21  2.57298e-28 -1.91256e-22  8.76545e-29 -1.22368e-22  1.88502e-29 -1.91268e-23  3.41859e-30 -2.05443e-24  5.41464e-31 -1.71245e-25  6.51002e-32 -1.14164e-26  5.35165e-33 -6.08786e-28  3.05954e-34 -2.54963e-29  1.40187e-35 -8.07406e-31  5.22295e-37 -1.80311e-32  1.10155e-38 -2.46261e-34  6.83003e-41 -1.33137e-36
-1.93983e-09  -2.1696e-19  7.79871e-08  1.58847e-18  -1.0748e-06  -5.9733e-18  7.45033e-06  1.45335e-17 -2.44542e-05 -2.58533e-17 -1.77271e-05  3.73027e-17  0.000582007 -4.52855e-17  -0.00304155  4.09602e-17   0.00930799 -1.98416e-17   -0.0189148  8.03024e-19    0.0255266 -4.70113e-18    -0.020488  1.15826e-17   0.00482676  1.15848e-17   0.00719488 -4.32899e-17  -0.00542601   3.5363e-17  -0.00183904   7.0573e-19   0.00256805 -1.48508e-17  0.000757966  3.51119e-18 -0.000927287  2.62543e-18    -0.000459 -6.54575e-20  0.000205131  1.82719e-18  0.000221025 -3.68517e-18  2.01272e-05 -5.70369e-19 -5.71416e-05   2.9988e-18 -3.23418e-05  2.45901e-19 -1.10667e-06 -1.68221e-18  7.36401e-06 -3.66352e-19  4.23564e-06  6.50417e-19  7.77692e-07  3.66881e-19 -3.98951e-07 -9.74352e-20 -3.67522e-07 -1.85942e-19 -1.40806e-07 -5.69243e-20 -2.24004e-08    3.271e-20  7.45246e-09  3.44045e-20  6.94841e-09   1.0012e-20  2.83142e-09 -3.43335e-21  7.31863e-10 -4.67673e-21  9.66947e-11 -1.89926e-21 -1.62254e-11 -2.38719e-23 -1.50893e-11  3.69648e-22 -5.64535e-12  2.19268e-22 -1.48871e-12  7.92273e-23  -2.9861e-13  2.12607e-23 -4.36831e-14  3.34518e-24  -3.3076e-15 -2.37798e-25  4.82535e-16 -2.05798e-25  2.63258e-16 -1.50901e-26  6.62328e-17  7.01184e-28  1.23519e-17 -3.90694e-27  1.87156e-18 -1.28825e-27  2.37193e-19  2.06155e-28   2.5293e-20   2.1405e-28  2.24782e-21  6.37359e-29  1.61664e-22  1.24946e-29   8.7233e-24   2.0973e-30  2.65292e-25  3.09013e-31 -7.28772e-27  3.45665e-32 -1.66314e-27  2.66003e-33 -1.27888e-28  1.44298e-34 -6.31574e-30  6.20369e-36 -2.12033e-31  2.04756e-37 -4.56006e-33  3.70022e-39 -5.09088e-35  1.99638e-41
  5.1494e-20 -7.76527e-09 -6.84934e-19  2.24384e-07  3.49433e-18 -2.85905e-06 -1.05279e-17  2.04149e-05  2.16645e-17 -8.55099e-05 -3.39128e-17  0.000172322  4.51055e-17  0.000211859 -5.13759e-17  -0.00271575  4.07987e-17   0.00965383 -1.21633e-17   -0.0202821 -4.70113e-18    0.0267944 -1.09808e-17   -0.0196162  2.40901e-17    0.0018762  4.17506e-18   0.00914044 -4.00748e-17  -0.00455205  3.00845e-17  -0.00324334  4.76877e-18   0.00230575 -1.29612e-17   0.00143881  2.38429e-19 -0.000731567  1.88339e-18 -0.000704097  2.78245e-18  5.71854e-05  7.93169e-19  0.000258396 -4.57751e-18   8.6548e-05   4.2597e-20 -3.86027e-05  3.35937e-18 -4.30776e-05  4.32152e-20 -1.19886e-05 -1.87988e-18  4.14286e-06 -3.95449e-19  5.02892e-06  7.28428e-19   1.9606e-06  4.37738e-19  1.34443e-07 -9.77313e-20 -2.76668e-07  -2.1425e-19 -1.80159e-07 -7.16919e-20 -5.98531e-08  3.29401e-20 -8.37182e-09  3.88715e-20  2.97514e-09  1.24874e-20  2.54103e-09 -3.16355e-21  1.00661e-09 -5.00694e-21  2.66979e-10 -2.08976e-21  4.45474e-11 -7.44625e-23  6.44825e-13  3.68968e-22  -2.6872e-12  2.35614e-22 -1.17362e-12  9.53557e-23 -3.30363e-13  3.00091e-23 -7.14426e-14  6.66602e-24 -1.22713e-14  7.69679e-25 -1.62076e-15  3.07492e-26 -1.37142e-16  2.06869e-26  2.20995e-18  4.75947e-27  3.68268e-18 -2.20369e-27   8.8727e-19 -6.33082e-28  1.46811e-19  2.49843e-28  1.92821e-20  1.65544e-28  2.09802e-21   4.3466e-29  1.91714e-22  7.77795e-30  1.47173e-23  1.20607e-30  9.40918e-25  1.64416e-31  4.92295e-26  1.69736e-32  2.04764e-27  1.20709e-33  6.45348e-29  6.06128e-35  1.41258e-30  2.34708e-36   1.7579e-32   6.4908e-38  4.24192e-35  8.74874e-40 -9.21266e-37
 -1.4447e-10  2.21973e-19 -1.03782e-08 -1.68455e-18  3.97477e-07  6.56332e-18 -5.41997e-06 -1.63666e-17  4.05665e-05  2.88892e-17 -0.000185679 -4.03351e-17  0.000505564  5.05825e-17 -0.000530666 -5.47036e-17   -0.0016815  3.67691e-17   0.00898325 -1.16837e-18    -0.020488 -1.09808e-17    0.0269398 -1.71456e-17   -0.0179227  3.44733e-17  -0.00118591 -6.52569e-19    0.0104608 -3.71739e-17  -0.00313166  2.42517e-17  -0.00445647  8.14183e-18   0.00166606 -1.02909e-17   0.00202834 -3.14374e-18 -0.000351258  1.64645e-18  -0.00086782  4.94807e-18 -0.000147235 -3.23476e-19  0.000241665 -5.16965e-18  0.000150709  7.37005e-19 -2.23198e-06  3.64593e-18 -4.36948e-05 -2.05911e-19 -2.25826e-05 -2.08199e-18 -1.72363e-06 -4.14341e-19  4.16161e-06   8.1327e-19  2.75359e-06   5.0473e-19  7.87429e-07 -9.86682e-20 -3.46159e-08 -2.39083e-19 -1.48441e-07 -8.50863e-20 -7.91974e-08  3.21883e-20  -2.4072e-08  4.20726e-20 -3.38555e-09  1.44404e-20  8.83169e-10  -2.8036e-21  7.94581e-10 -5.10789e-21  3.15052e-10 -2.15728e-21  8.62927e-11 -9.84091e-23  1.67773e-11  3.66843e-22  1.79926e-12  2.49425e-22 -2.04504e-13  1.09988e-22 -1.70777e-13  3.79943e-23 -5.46617e-14  9.78226e-24 -1.26258e-14  1.77703e-24 -2.33328e-15  2.91264e-25 -3.54095e-16  6.94029e-26 -4.37114e-17  1.28505e-26 -4.14322e-18    5.335e-29  -2.3702e-19 -6.18755e-29  8.21984e-21  2.56401e-28  4.54231e-21  1.20824e-28  7.47938e-22  2.79712e-29  8.60532e-23  4.55834e-30  7.75516e-24  6.50117e-31  5.64202e-25  8.14426e-32  3.32144e-26  7.68961e-33  1.56044e-27  4.98536e-34  5.67958e-29  2.26234e-35  1.51936e-30  7.59231e-37  2.70799e-32  1.64967e-38  2.55776e-34  1.32443e-40
-4.67071e-20 -3.75352e-09  6.45419e-19  3.81169e-08 -3.42699e-18  2.11107e-07  1.07554e-17 -6.77649e-06 -2.26644e-17  6.10485e-05  3.45777e-17 -0.000308837 -4.36723e-17  0.000957432   5.3173e-17  -0.00162515 -5.52341e-17  5.72168e-05  2.95531e-17   0.00730601  1.15826e-17   -0.0196162 -1.71456e-17    0.0261833 -2.23489e-17   -0.0157431  4.14489e-17  -0.00405634 -2.67773e-18    0.0110863 -3.44028e-17  -0.00134831  1.82844e-17  -0.00532214  1.07231e-17    0.0007236 -7.69071e-18    0.0024207 -5.90366e-18  0.000165844  1.93813e-18 -0.000903321   6.2362e-18 -0.000371433 -1.56509e-18  0.000163756 -5.41112e-18  0.000194315  1.54346e-18  4.54246e-05  3.85011e-18 -3.13715e-05 -5.08727e-19 -2.91221e-05 -2.28326e-18 -8.77548e-06 -4.17853e-19  1.52274e-06  8.99707e-19  2.72088e-06  5.62489e-19  1.30491e-06 -1.00232e-19   2.8534e-07 -2.58473e-19 -4.41185e-08 -9.59037e-20 -6.68977e-08  3.05211e-20 -3.15529e-08   4.3653e-20 -9.16846e-09  1.56299e-20 -1.43386e-09  -2.4192e-21  1.59593e-10 -4.97476e-21  2.03857e-10 -2.08706e-21  8.39483e-11 -8.28192e-23  2.38044e-11  3.70332e-22  5.08862e-12  2.61861e-22  7.88066e-13  1.22211e-22  6.19705e-14  4.44705e-23 -1.03156e-14   1.2353e-23 -5.79004e-15  2.65414e-24 -1.53277e-15   5.3194e-25 -3.01548e-16  1.18161e-25 -4.82286e-17  2.17015e-26 -6.45081e-18  2.22386e-27 -7.25184e-19  3.70481e-28 -6.77214e-20  2.39673e-28 -5.06994e-21  8.41774e-29 -2.75539e-22  1.70949e-29 -6.67106e-24  2.52376e-30   6.0086e-25  3.28781e-31  9.69407e-26  3.75213e-32  7.70107e-27  3.20623e-33  4.18861e-28  1.86644e-34  1.62134e-29  7.45972e-36  4.28867e-31  2.07624e-37   6.8181e-33   3.2122e-39  4.24984e-35
