 3.41379e-35  6.04903e-52 -3.74294e-35 -1.59982e-50 -6.02827e-36  1.12578e-49  1.67012e-35 -9.19422e-50   1.0613e-35 -1.18854e-48 -2.90783e-35  1.56334e-47  1.35748e-35 -2.30195e-47 -2.00068e-36  1.98504e-46  1.82623e-36  1.82576e-45  1.08602e-36  -1.5504e-45 -1.06065e-36  1.52499e-44 -2.91745e-37  9.86695e-46 -1.18162e-37  9.12923e-45  1.37354e-37  6.72678e-44  1.09001e-39  -1.6873e-43   3.4993e-38  4.73999e-43  1.81523e-38 -4.29396e-43 -7.71523e-39   5.9009e-43 -3.27161e-39 -4.20548e-43 -1.51307e-38  7.72625e-44  6.60374e-38 -2.50611e-44  -2.6552e-37 -8.98483e-43  9.80877e-37  3.76452e-44 -3.30708e-36 -9.44488e-43  1.01946e-35 -7.17633e-45 -2.86889e-35  -8.4442e-43  7.35696e-35   2.0445e-42 -1.71514e-34  -7.1972e-42  3.62388e-34  2.08481e-41  -6.9119e-34 -5.68734e-41  1.18399e-33  1.43582e-40 -1.80941e-33 -3.39467e-40  2.44519e-33   7.4946e-40 -2.88644e-33 -1.54448e-39  2.92363e-33  2.96722e-39 -2.46934e-33 -5.30701e-39  1.64927e-33  8.82199e-39  -7.6434e-34 -1.36037e-38  1.19917e-34  1.94149e-38  1.55145e-34 -2.55771e-38 -1.50245e-34  3.10074e-38   5.2113e-35 -3.44674e-38  9.89975e-36  3.49806e-38  -1.6249e-35 -3.22488e-38  3.09219e-36  2.68408e-38  3.52019e-36 -2.00154e-38 -2.66184e-36  1.32436e-38  8.94839e-37 -7.67603e-39 -4.02262e-37  3.82739e-39  3.56655e-37 -1.59698e-39 -2.35263e-37  5.31311e-40   1.0881e-37 -1.26667e-40 -4.38621e-38  1.43248e-41  1.71411e-38  2.93166e-42 -5.86695e-39 -1.36627e-42  1.63432e-39 -1.31669e-43 -3.82224e-40  2.79938e-43   7.6318e-41 -1.19726e-43 -1.23029e-41  2.95403e-44  1.52655e-42 -4.62596e-45 -1.42149e-43  4.45419e-46  8.94186e-45 -2.30454e-47 -2.88616e-46  4.11183e-49
 6.04903e-52  9.71056e-35  1.56246e-50 -1.03045e-34 -5.88616e-50 -9.82239e-36  1.48504e-48  3.53895e-35 -1.78014e-48  9.71417e-36 -1.29891e-47 -3.46861e-35   1.7866e-46  1.51061e-35 -1.61732e-46 -4.87532e-36  1.99902e-45  5.01094e-36  1.85965e-44  1.46674e-36 -1.48871e-44 -1.20958e-36  1.41961e-43  -7.8304e-37 -9.92575e-45 -4.26445e-37    1.028e-43  3.32519e-37  4.10934e-43 -4.69782e-38 -1.21389e-42  1.22158e-37  3.05153e-42  3.97838e-38 -3.10711e-42 -1.73832e-38  3.25376e-42   9.2655e-38  -2.6418e-42 -5.44282e-37 -3.21667e-43   2.2875e-36 -2.98528e-43 -8.81335e-36 -5.62361e-42  3.10929e-35  2.36572e-43 -1.00303e-34 -5.62611e-42  2.95582e-34  2.46614e-42 -7.94502e-34 -1.15281e-41  1.94391e-33  3.45058e-41 -4.31758e-33  -1.0746e-40  8.67491e-33  3.03272e-40  -1.5696e-32 -8.01468e-40  2.54255e-32  1.97529e-39 -3.65911e-32 -4.55419e-39  4.63006e-32  9.80786e-39 -5.07576e-32  -1.9712e-38  4.71377e-32  3.69241e-38 -3.56877e-32 -6.43654e-38  2.03258e-32  1.04227e-37 -6.70819e-33 -1.56455e-37 -1.15538e-33  2.17184e-37   3.0536e-33  -2.7802e-37  -1.7416e-33  3.27127e-37  1.98339e-34 -3.52444e-37  3.34918e-34  3.46131e-37 -1.84753e-34 -3.08199e-37 -1.35137e-35   2.4718e-37  5.00676e-35 -1.77106e-37 -1.84163e-35  1.12173e-37  1.98858e-36 -6.19046e-38 -2.05078e-36   2.9145e-38  2.70588e-36 -1.13068e-38 -1.50705e-36   3.3729e-39  5.72749e-37 -6.31171e-40 -2.23151e-37  -1.3339e-41  8.77453e-38  5.92666e-41 -2.74142e-38 -2.17505e-41  6.75242e-39  3.34194e-42 -1.45374e-39  3.72731e-43  2.65639e-40 -3.27881e-43 -3.71554e-41  8.36843e-44  3.94659e-42 -1.18076e-44  -3.1316e-43  9.26221e-46  1.52884e-44 -3.29351e-47 -2.84313e-46
-3.74294e-35  1.56246e-50  2.24536e-34  1.64821e-49 -2.05185e-34 -3.23937e-50 -8.75803e-36  1.51247e-47   5.2371e-35 -1.95338e-47 -1.48291e-35 -1.00866e-46  -8.3907e-36  1.40155e-45  8.61884e-36 -6.03504e-46 -9.19274e-36  1.36313e-44  6.81619e-36  1.28998e-43  2.04403e-36 -9.64892e-44 -4.62488e-37  8.90157e-43 -1.38422e-36 -1.48375e-43 -8.57752e-37  6.97242e-43  5.04027e-37   1.5895e-42  -1.1895e-37 -5.95127e-42  2.48333e-37  1.34384e-41  1.47033e-37 -1.52106e-41 -5.70129e-37  1.20658e-41  3.00623e-36 -1.13664e-41 -1.35271e-35 -3.79776e-42  5.45312e-35 -2.14725e-42 -2.01198e-34 -2.38999e-41  6.79058e-34  1.95049e-42 -2.09478e-33 -2.69703e-41  5.89901e-33  3.27094e-41 -1.51378e-32 -1.15671e-40   3.5315e-32  3.58313e-40 -7.46659e-32 -1.06321e-39  1.42502e-31  2.93002e-39 -2.44239e-31  -7.5577e-39  3.73421e-31  1.82232e-38 -5.04763e-31 -4.10906e-38  5.95822e-31  8.65416e-38 -6.03146e-31 -1.70047e-37   5.0861e-31  3.11282e-37 -3.38393e-31  -5.2997e-37   1.5512e-31  8.37575e-37 -2.22738e-32 -1.22603e-36 -3.35699e-32  1.65794e-36  3.14008e-32 -2.06508e-36 -1.03749e-32  2.36113e-36 -2.60798e-33 -2.46818e-36  3.76429e-33  2.34781e-36 -8.87515e-34 -2.02083e-36 -5.32236e-34   1.5631e-36  3.67506e-34 -1.07718e-36 -3.46396e-35  6.53931e-37 -1.90183e-35 -3.44316e-37 -1.30105e-35  1.53601e-37  1.54579e-35 -5.57666e-38 -5.98846e-36  1.51019e-38  1.85626e-36 -2.22478e-39 -8.16983e-37 -3.58984e-40   3.1759e-37  3.53367e-40 -8.42469e-38 -1.17647e-40  1.83902e-38  2.09865e-41 -3.79019e-39 -8.58148e-43  6.14918e-40 -5.69713e-43 -7.13457e-41  1.57577e-43  6.52981e-42 -1.95452e-44  -4.3285e-43  1.17599e-45  1.47008e-44 -2.32212e-47
-1.59982e-50 -1.03045e-34  1.64821e-49  4.09813e-34  1.46751e-48  -3.0661e-34  1.09882e-48 -9.72424e-36   1.2524e-46  6.45182e-35 -1.62282e-46 -6.01025e-35  -6.1769e-46  4.06284e-35  8.65456e-45  2.92807e-36 -4.77782e-46 -1.50155e-35  7.29189e-44  4.89455e-36   7.0299e-43  3.78415e-36 -4.86133e-43   8.4988e-37  4.34517e-42 -2.00557e-36 -1.03131e-42 -1.14757e-36  3.46145e-42  4.95269e-37  4.16155e-42 -6.88693e-38 -2.30156e-41  -4.4551e-38  4.68355e-41  2.68247e-36 -5.82728e-41 -1.35818e-35  3.45279e-41  6.34504e-35  -3.8488e-41  -2.6812e-34 -1.81031e-41  1.03465e-33 -1.05241e-41 -3.65287e-33 -8.13534e-41  1.17926e-32  1.63682e-41  -3.4777e-32  -1.2773e-40  9.35482e-32  2.69249e-40 -2.29058e-31    -8.89e-40  5.09141e-31  2.73757e-39 -1.02372e-30 -7.92373e-39  1.85357e-30  2.14437e-38 -3.00442e-30 -5.43267e-38  4.32591e-30  1.28737e-37 -5.47523e-30 -2.85176e-37  6.00154e-30  5.89796e-37 -5.56892e-30 -1.13732e-36  4.20666e-30  2.04155e-36 -2.38162e-30 -3.40525e-36  7.67987e-31  5.26679e-36  1.57158e-31 -7.53567e-36 -3.71331e-31  9.94722e-36  2.06506e-31 -1.20765e-35  -1.9499e-32  1.34365e-35  -4.3225e-32 -1.36437e-35  2.36078e-32  1.25823e-35  8.22473e-34 -1.04767e-35 -5.18834e-33  7.82041e-36  1.38449e-33 -5.18639e-36  3.90077e-34  3.01999e-36 -1.42091e-34 -1.51883e-36 -1.06767e-34  6.43385e-37  6.53906e-35 -2.19612e-37  -1.3936e-35  5.45873e-38  4.46768e-36 -6.44455e-39  -2.7026e-36 -1.88361e-39  8.98359e-37  1.35138e-39 -1.86275e-37 -4.12391e-40   3.9483e-38  7.25767e-41 -7.98937e-39 -5.27594e-42  1.04773e-39  -7.1556e-43   -9.824e-41  2.27746e-43  8.12744e-42 -2.38132e-44 -4.12715e-43  9.91311e-46  7.81724e-45
-6.02827e-36 -5.88616e-50 -2.05185e-34  1.46751e-48  5.93236e-34  1.20876e-47 -3.73579e-34  1.07578e-47  -1.8873e-35  8.68174e-46  6.46354e-35 -1.09925e-45 -1.05391e-34 -3.09769e-45  9.08366e-35  4.43665e-44  5.53375e-36  1.01234e-44 -2.20756e-35  3.25156e-43 -5.81779e-37  3.18961e-42  7.27511e-36 -2.01261e-42  2.01695e-36  1.75264e-41 -2.52697e-36 -5.08275e-42 -8.71483e-37  1.36055e-41 -9.25672e-38  5.68359e-42  1.69801e-36 -7.46018e-41  -9.2691e-36  1.37291e-40   5.1975e-35 -1.85571e-40 -2.51442e-34  8.01182e-41  1.11101e-33 -1.08213e-40 -4.48468e-33 -5.87916e-41  1.65605e-32  -3.8746e-41 -5.59364e-32 -2.39275e-40   1.7269e-31  1.03008e-40 -4.86696e-31 -5.80822e-40  1.24997e-30  1.59467e-39  -2.9185e-30 -5.18393e-39   6.1757e-30  1.58947e-38 -1.17961e-29 -4.56232e-38  2.02334e-29    1.226e-37 -3.09561e-29 -3.08238e-37   4.1866e-29  7.24337e-37 -4.94308e-29 -1.58925e-36  5.00262e-29  3.25123e-36 -4.21349e-29 -6.19223e-36  2.79398e-29   1.0961e-35 -1.26757e-29  -1.7998e-35  1.65178e-30  2.73545e-35  2.91976e-30 -3.83888e-35 -2.65244e-30  4.96068e-35  8.46117e-31 -5.88384e-35  2.46542e-31  6.38225e-35  -3.2968e-31 -6.30422e-35  7.76947e-32  5.64231e-35  4.32859e-32 -4.54824e-35 -2.79204e-32  3.27793e-35 -2.92527e-34 -2.09266e-35  3.76303e-33  1.16906e-35 -8.98483e-35 -5.61795e-36 -6.60477e-34  2.26194e-36  1.68907e-34 -7.27819e-37 -5.83348e-36  1.67387e-37  1.24635e-35 -1.62484e-38 -8.39875e-36 -6.50052e-39  1.86102e-36  3.91797e-39 -3.02517e-37 -1.09412e-39  7.87709e-38  1.80681e-40 -1.39816e-38 -1.41233e-41  1.26844e-39 -6.88662e-43  -1.0703e-40  2.67265e-43  8.15456e-42 -2.19719e-44 -2.50974e-43  5.07793e-46
 1.12578e-49 -9.82239e-36 -3.23937e-50  -3.0661e-34  1.20876e-47  7.28793e-34  9.00127e-47 -3.95229e-34  8.19354e-47 -3.96479e-35  5.18461e-45  4.32101e-35 -6.25345e-45 -1.28533e-34 -1.28383e-44  1.25755e-34  1.94106e-43  1.71333e-35  8.36124e-44 -2.98792e-35  1.24982e-42 -7.46792e-36  1.24363e-41  1.26862e-35  -7.0382e-42  2.09888e-36  6.03612e-41 -2.73211e-36 -1.99343e-41  9.77865e-37  4.40074e-41 -5.74432e-36 -1.06067e-41  3.15378e-35 -2.09531e-40 -1.71324e-34  3.50224e-40  8.68102e-34 -5.07983e-40 -4.00791e-33  1.53598e-40  1.69204e-32 -2.59874e-40 -6.53484e-32 -1.41939e-40    2.309e-31 -1.24966e-40 -7.46035e-31 -5.93702e-40  2.20199e-30  3.51186e-40 -5.92849e-30 -1.92258e-39  1.45294e-29  6.06679e-39 -3.23253e-29 -2.04959e-38  6.50562e-29  6.50597e-38 -1.17898e-28 -1.92089e-37   1.9126e-28  5.28282e-37 -2.75589e-28 -1.35224e-36  3.49001e-28  3.21927e-36 -3.82628e-28 -7.12235e-36  3.54893e-28  1.46284e-35 -2.67605e-28 -2.78577e-35  1.50703e-28  4.91191e-35 -4.75154e-29 -8.00538e-35  -1.1292e-29  1.20363e-34  2.43776e-29 -1.66568e-34 -1.32774e-29  2.11607e-34  1.05755e-30 -2.46021e-34   2.9296e-30  2.60826e-34 -1.55999e-30 -2.51089e-34 -6.09307e-32  2.18382e-34    3.355e-31 -1.70561e-34 -7.75908e-32  1.18733e-34 -3.65977e-32 -7.29753e-35  1.53074e-32  3.91068e-35  3.95072e-33 -1.79532e-35 -2.57433e-33  6.87038e-36  3.61562e-35 -2.08592e-36  6.61893e-35  4.45956e-37  5.42091e-35 -3.64774e-38 -2.10374e-35 -1.74794e-38  2.15493e-36  9.24108e-39 -4.51459e-37 -2.34875e-39  1.59849e-37  3.54086e-40 -1.79513e-38 -2.61897e-41  9.88224e-40  -5.5742e-43 -1.15004e-40  2.60322e-43  6.03338e-42 -1.49491e-44 -7.20808e-44
 1.67012e-35  1.48504e-48 -8.75803e-36  1.09882e-48 -3.73579e-34  9.00127e-47  8.05939e-34  6.00796e-46 -3.73169e-34  6.08379e-46 -7.51825e-35  2.73091e-44 -1.95167e-36 -3.01775e-44  -1.2203e-34 -4.31209e-44  1.40151e-34  7.37054e-43   3.4115e-35  4.13787e-43 -3.81739e-35  4.23325e-42 -1.35248e-35  4.25144e-41  2.00199e-35 -2.10565e-41  2.87241e-37  1.81201e-40  -3.7185e-36 -6.55721e-41  1.59362e-35  1.19271e-40 -8.87216e-35 -1.06303e-40  5.04504e-34 -5.20545e-40 -2.65959e-33  7.94501e-40  1.28443e-32 -1.22203e-39 -5.67106e-32  2.45684e-40  2.29065e-31  -5.5148e-40 -8.46571e-31 -2.03572e-40  2.86194e-30 -5.43274e-40 -8.84358e-30 -5.94523e-40  2.49476e-29  -1.3301e-39  -6.4135e-29  1.53417e-39  1.49896e-28 -5.45371e-40 -3.17511e-28 -1.64291e-38  6.07089e-28  9.98791e-38 -1.04235e-27 -4.06411e-37  1.59622e-27  1.35994e-36 -2.16051e-27  -3.9645e-36  2.55233e-27   1.0322e-35 -2.58342e-27 -2.43037e-35  2.17431e-27  5.21029e-35 -1.43784e-27 -1.02082e-34  6.46187e-28  1.83123e-34 -7.59446e-29 -3.00953e-34 -1.57726e-28  4.52965e-34  1.39762e-28 -6.23675e-34 -4.32639e-29  7.84144e-34 -1.40883e-29 -8.98061e-34  1.77653e-29  9.33932e-34 -4.04416e-30 -8.78446e-34  -2.3747e-30  7.43704e-34  1.46306e-30 -5.63345e-34  6.73146e-32  3.78957e-34 -2.32035e-31 -2.24227e-34  1.77679e-32   1.1522e-34  2.85017e-32 -5.04977e-35 -4.80741e-33  1.83536e-35 -1.71493e-33 -5.25586e-36  6.22379e-35  1.04634e-36  2.16802e-34 -7.33284e-38 -3.02178e-35 -3.91283e-38 -6.04875e-37    1.841e-38 -1.11765e-36 -4.22649e-39  2.80328e-37  5.69532e-40 -1.03939e-38 -3.72564e-41  6.92463e-40 -4.75519e-43 -1.31248e-40  2.09202e-43  1.94077e-42 -6.61464e-45
-9.19422e-50  3.53895e-35  1.51247e-47 -9.72424e-36  1.07578e-47 -3.95229e-34  6.00796e-46  8.33426e-34  3.61163e-45 -3.13188e-34  4.37454e-45 -1.25531e-34  1.29205e-43  -5.9599e-35 -1.22677e-43  -9.4836e-35 -1.07657e-43  1.35742e-34  2.45838e-42  5.38887e-35  1.52915e-42  -4.7239e-35  1.28545e-41 -1.75883e-35   1.2924e-40  2.88471e-35 -5.38853e-41  -5.2505e-37  4.80826e-40 -3.18735e-35 -1.86195e-40  2.23101e-34  2.71427e-40 -1.32851e-33  -4.5307e-40  7.33836e-33  -1.1591e-39  -3.7072e-32  1.62606e-39   1.7122e-31 -2.63084e-39 -7.23318e-31   3.5948e-40   2.7959e-30 -1.17857e-39 -9.88791e-30  5.81613e-40  3.19782e-29 -4.08344e-39 -9.44807e-29  8.82438e-39  2.54637e-28 -3.44493e-38 -6.24731e-28  9.66963e-38  1.39145e-27 -2.54948e-37 -2.80349e-27  5.98326e-37  5.08627e-27 -1.22539e-36  -8.2602e-27  2.07412e-36  1.19143e-26 -2.40629e-36 -1.51009e-26 -3.42113e-37  1.65653e-26  1.26136e-35 -1.53645e-26 -4.75219e-35  1.15714e-26  1.27255e-34 -6.48707e-27 -2.82625e-34  2.00242e-27  5.46549e-34  5.41372e-28   -9.396e-34 -1.08692e-27  1.45035e-33  5.81545e-28 -2.01963e-33 -3.88239e-29  2.54151e-33  -1.3398e-28 -2.88964e-33   6.9568e-29  2.96345e-33  3.54098e-30  -2.7332e-33 -1.52753e-29  2.25757e-33  3.30438e-30 -1.66067e-33  1.81994e-30  1.08005e-33 -7.53027e-31 -6.15152e-34 -1.58156e-31  3.02912e-34  1.01175e-31 -1.26609e-34  8.35531e-33  4.36459e-35 -7.04371e-33 -1.17722e-35 -1.19375e-33  2.18088e-36  5.50206e-34 -1.31702e-37  1.89615e-35 -7.54543e-38 -3.86463e-36  3.16751e-38  -3.3875e-36 -6.50786e-39  2.78928e-37  7.68374e-40  1.05505e-38 -4.21082e-41  1.59595e-39 -5.12934e-43  -1.0116e-40  1.32655e-43  -8.6221e-43
  1.0613e-35 -1.78014e-48   5.2371e-35   1.2524e-46  -1.8873e-35  8.19354e-47 -3.73169e-34  3.61163e-45  8.26673e-34  1.96886e-44 -2.28063e-34  2.88755e-44 -1.83732e-34  5.56726e-43 -1.08711e-34 -4.05584e-43 -6.33204e-35 -1.21377e-43  1.15957e-34   7.2832e-42  7.75259e-35  4.39017e-42 -5.77228e-35  3.55808e-41 -1.86634e-35  3.53147e-40  3.15416e-35 -1.15639e-40  5.77323e-35  1.13913e-39 -4.92018e-34 -4.63964e-40  3.17947e-33  5.08927e-40 -1.84043e-32 -1.44625e-39  9.73476e-32 -2.33297e-39 -4.70419e-31  3.03512e-39  2.07865e-30 -5.19461e-39  -8.4034e-30  8.39452e-40  3.10863e-29  -3.7124e-39 -1.05196e-28  9.02809e-39  3.25401e-28 -3.45511e-38 -9.18954e-28  1.07873e-37  2.36513e-27  -3.5264e-37 -5.53428e-27  1.02588e-36   1.1737e-26 -2.77167e-36 -2.24689e-26  6.88041e-36  3.86256e-26  -1.5618e-35 -5.92204e-26  3.21576e-35  8.02436e-26 -5.92055e-35 -9.48826e-26  9.48991e-35  9.60897e-26 -1.24579e-34 -8.08545e-26  1.08846e-34  5.33581e-26  2.75111e-35 -2.37808e-26 -3.95525e-34  2.50877e-27  1.11811e-33  6.12072e-27 -2.27579e-33  -5.3112e-27  3.83464e-33    1.601e-27 -5.59304e-33  5.72311e-28  7.19393e-33 -6.88481e-28 -8.22674e-33  1.50873e-28  8.38895e-33  9.51858e-29 -7.62613e-33 -5.66897e-29  6.16471e-33  -3.5213e-30 -4.41116e-33  9.44695e-30  2.77543e-33 -7.49962e-31 -1.52138e-33 -1.09016e-30  7.17318e-34  1.50132e-31  -2.8555e-34   8.8628e-32  9.31977e-35 -8.99661e-33 -2.36245e-35 -6.60273e-33    4.063e-36  5.12004e-34  -2.1031e-37  2.00027e-34  -1.2784e-37  1.43856e-35  4.77212e-38 -6.74174e-36 -8.68015e-39 -1.50605e-37   8.7889e-40  1.52958e-38 -3.80718e-41  3.27924e-39 -5.73625e-43 -1.30844e-42  5.78259e-44
-1.18854e-48  9.71417e-36 -1.95338e-47  6.45182e-35  8.68174e-46 -3.96479e-35  6.08379e-46 -3.13188e-34  1.96886e-44  8.03671e-34  9.79178e-44 -1.38471e-34  1.69909e-43 -2.37497e-34  2.20766e-42 -1.28262e-34 -9.63721e-43 -4.17423e-35  6.09587e-43  8.44455e-35  1.94522e-41  1.08575e-34  9.28533e-42 -7.13435e-35  9.15365e-41 -2.62895e-36  8.75226e-40 -8.71955e-35 -1.93857e-40  1.01558e-33  2.42719e-39 -6.94137e-33 -1.02224e-39  4.23009e-32  7.34262e-40 -2.34339e-31 -3.86221e-39   1.1852e-30 -4.27248e-39  -5.4787e-30  5.26008e-39  2.31658e-29 -9.98421e-39  -8.9632e-29  4.66728e-39  3.17317e-28 -2.00415e-38 -1.02734e-27  7.24796e-38  3.03879e-27  -2.5827e-37 -8.19973e-27  8.48601e-37  2.01424e-26 -2.66236e-36 -4.49207e-26  7.69175e-36  9.06264e-26 -2.06345e-35 -1.64642e-25  5.12168e-35  2.67741e-25 -1.17303e-34 -3.86683e-25  2.46963e-34  4.90688e-25 -4.75251e-34 -5.38783e-25  8.28835e-34  4.99959e-25 -1.29183e-33   -3.763e-25  1.75405e-33  2.10194e-25 -1.96098e-33 -6.36333e-26   1.5074e-33 -1.92219e-26  7.52564e-35   3.6412e-26 -3.11772e-33 -1.91918e-26  7.55378e-33  1.06079e-27  -1.2744e-32  4.59415e-27  1.75438e-32 -2.33445e-27  -2.0672e-32 -1.47244e-28  2.12452e-32  5.26857e-28 -1.91844e-32 -1.09207e-28  1.52437e-32 -6.52053e-29 -1.06341e-32  2.62982e-29  6.47801e-33  5.57415e-30  -3.4168e-33 -3.42841e-30  1.54097e-33 -3.88095e-31 -5.83275e-34  2.80575e-31  1.79841e-34  3.34812e-32  -4.2726e-35 -1.61854e-32  6.79736e-36 -1.77032e-33 -2.97021e-37  3.57539e-34 -1.92511e-37  8.79483e-35  6.34905e-38 -4.99656e-36  -1.0097e-38 -8.86173e-37  8.54973e-40 -3.34777e-38 -2.71255e-41  2.80126e-39 -5.08384e-43  5.27782e-41
-2.90783e-35 -1.29891e-47 -1.48291e-35 -1.62282e-46  6.46354e-35  5.18461e-45 -7.51825e-35  4.37454e-45 -2.28063e-34  9.79178e-44  7.79579e-34  4.46586e-43 -6.65135e-35  8.86839e-43 -2.75193e-34  8.11859e-42  -1.0601e-34 -6.07553e-43 -3.74311e-35  5.31376e-42  4.56776e-35  4.80522e-41  1.51976e-34  9.83256e-42 -1.11656e-34  2.24268e-40  2.39743e-34  1.98389e-39 -1.93185e-33 -1.81443e-40   1.4013e-32  4.67745e-39 -8.95878e-32 -1.98779e-39  5.20254e-31  6.00674e-40 -2.75474e-30 -9.00388e-39  1.33243e-29 -7.21797e-39 -5.89321e-29  9.03502e-39  2.38485e-28 -2.17119e-38 -8.83158e-28  3.07833e-38  2.99197e-27 -1.24573e-37 -9.26602e-27  4.72952e-37  2.62006e-26 -1.65394e-36 -6.75213e-26  5.41133e-36  1.58212e-25 -1.65849e-35 -3.36008e-25   4.7178e-35   6.4418e-25 -1.24723e-34 -1.10902e-24  3.05856e-34  1.70284e-24 -6.94383e-34 -2.31061e-24  1.45568e-33  2.73562e-24  -2.8079e-33 -2.77312e-24  4.95934e-33  2.33418e-24 -7.96437e-33 -1.53838e-24  1.15058e-32  6.80816e-25  -1.4687e-32 -6.42903e-26  1.60027e-32 -1.83846e-25 -1.36708e-32  1.56819e-25  6.37504e-33 -4.61964e-26  5.82759e-33 -1.78793e-26 -2.09534e-32  2.07205e-26  3.54137e-32   -4.388e-27    -4.53e-32 -2.96101e-27   4.8065e-32   1.7185e-27 -4.36393e-32   1.2516e-28  3.42976e-32 -2.94259e-28 -2.33953e-32  2.19693e-29  1.38124e-32  3.41043e-29 -7.00791e-33 -4.32814e-30   3.0195e-33 -2.95755e-30 -1.08462e-33   3.1896e-31  3.15122e-34  1.98005e-31 -6.99442e-35 -1.07107e-32    1.025e-35 -7.86017e-33  -3.6924e-37 -2.39397e-34 -2.59253e-37  1.81658e-34   7.4943e-38  1.00927e-35 -1.02698e-38 -8.35854e-37  7.04619e-40 -9.79128e-38 -1.45459e-41 -2.67102e-40 -2.90825e-43
 1.56334e-47 -3.46861e-35 -1.00866e-46 -6.01025e-35 -1.09925e-45  4.32101e-35  2.73091e-44 -1.25531e-34  2.88755e-44 -1.38471e-34  4.46586e-43  7.62421e-34  1.87675e-42  -2.8037e-35  4.13191e-42 -2.90556e-34  2.78384e-41 -4.21456e-35  9.70618e-42 -4.99816e-35  2.56928e-41  2.12461e-36  1.14794e-40  2.45262e-34 -2.72688e-41 -5.27319e-34  5.38088e-40  3.54413e-33  4.14917e-39 -2.61869e-32  3.01174e-40  1.75806e-31  8.19029e-39  -1.0702e-30 -3.35331e-39  5.93516e-30 -6.45287e-40 -3.00458e-29 -1.86561e-38  1.39025e-28 -1.18337e-38 -5.88452e-28  1.85729e-38  2.27931e-27 -6.41908e-38 -8.07863e-27   1.7901e-37  2.61875e-26 -7.06845e-37 -7.75608e-26  2.64756e-36  2.09573e-25 -9.13536e-36 -5.15548e-25  2.94754e-35  1.15147e-24 -8.86981e-35 -2.32666e-24  2.48239e-34   4.2336e-24 -6.45922e-34  -6.8958e-24  1.56046e-33  9.97519e-24 -3.49443e-33 -1.26776e-23  7.23836e-33  1.39392e-23 -1.38313e-32 -1.29473e-23   2.4294e-32  9.74528e-24  -3.9037e-32 -5.42926e-24  5.70035e-32  1.61559e-24 -7.49034e-32  5.36477e-25  8.71771e-32 -9.70521e-25 -8.73057e-32  5.05398e-25   7.0491e-32 -2.28714e-26 -3.66897e-32 -1.25197e-25 -7.82371e-33  6.25353e-26  5.18965e-32  4.61911e-27  -8.3826e-32 -1.44943e-26   9.6417e-32  2.91072e-27 -8.98092e-32  1.84233e-27   7.0454e-32 -7.26741e-28 -4.71794e-32 -1.60776e-28  2.70286e-32  9.57924e-29 -1.31857e-32  1.19106e-29  5.41965e-33 -8.16567e-30 -1.84329e-33 -9.38394e-31  5.03183e-34  4.45224e-31 -1.03985e-34  5.97961e-32  1.39751e-35 -1.18544e-32 -4.02879e-37 -2.36584e-33 -3.12899e-37  1.05141e-34  7.86072e-38  3.05809e-35 -9.12127e-39  8.47784e-37  4.85832e-40 -7.98457e-38 -5.21588e-42 -1.64393e-39
 1.35748e-35   1.7866e-46  -8.3907e-36  -6.1769e-46 -1.05391e-34 -6.25345e-45 -1.95167e-36  1.29205e-43 -1.83732e-34  1.69909e-43 -6.65135e-35  1.87675e-42  7.55617e-34  7.29916e-42 -2.91596e-35  1.73506e-41 -2.83187e-34  8.93331e-41  5.20182e-35  7.33673e-41 -6.85444e-35  9.73623e-41 -9.62492e-35  2.81886e-40  9.29057e-34 -2.15841e-40 -5.97026e-33  1.29491e-39  4.56224e-32  8.09082e-39 -3.20716e-31  2.27879e-39  2.04783e-30  1.30907e-38 -1.18994e-29  -4.6479e-39  6.30673e-29 -4.18409e-39 -3.05351e-28 -3.44502e-38  1.35197e-27 -2.13944e-38 -5.47727e-27  5.38556e-38  2.03077e-26 -2.39614e-37 -6.88857e-26  8.79185e-37  2.13623e-25 -3.44663e-36 -6.04897e-25  1.27409e-35   1.5612e-24 -4.35808e-35 -3.66384e-24  1.39069e-34  7.79389e-24 -4.13141e-34 -1.49675e-23  1.14128e-33  2.58129e-23  -2.9297e-33 -3.97043e-23  6.98058e-33  5.39698e-23 -1.54162e-32 -6.40034e-23   3.1499e-32  6.49742e-23 -5.94098e-32 -5.47392e-23  1.03133e-31  3.60594e-23 -1.64165e-31 -1.58699e-23  2.38422e-31  1.34187e-24 -3.13768e-31  4.47334e-24  3.70428e-31 -3.76495e-24 -3.86101e-31  1.08829e-24  3.45207e-31  4.50156e-25 -2.48326e-31 -5.07071e-25  1.15873e-31  1.04429e-25  1.79568e-32  7.46198e-26 -1.19158e-31 -4.25051e-26  1.68284e-31   -3.444e-27 -1.66813e-31  7.43906e-27  1.32432e-31 -5.20627e-28 -8.75235e-32 -8.75994e-28  4.87258e-32  1.06843e-28 -2.28421e-32  7.77288e-29  8.93968e-33 -8.26213e-30  -2.8712e-33 -5.15573e-30  7.34066e-34  2.40796e-31 -1.40738e-34  2.17689e-31  1.72785e-35  5.36641e-33 -3.87126e-37 -4.63325e-33 -3.38047e-37 -3.16315e-34   7.3165e-38  2.51503e-35 -7.03052e-39  2.61923e-36  2.72689e-40  9.68466e-39 -8.16004e-43
-2.30195e-47  1.51061e-35  1.40155e-45  4.06284e-35 -3.09769e-45 -1.28533e-34 -3.01775e-44  -5.9599e-35  5.56726e-43 -2.37497e-34  8.86839e-43  -2.8037e-35  7.29916e-42  7.63956e-34  2.63802e-41 -6.71902e-35     6.63e-41 -2.55506e-34  2.68924e-40  1.52795e-34  3.57187e-40 -6.76316e-36  3.13847e-40 -1.03439e-33    7.441e-40  9.31373e-33 -8.68707e-40 -7.39319e-32  3.15435e-39  5.45729e-31  1.49093e-38 -3.65617e-30  8.10229e-39  2.22714e-29  1.92248e-38 -1.23626e-28 -4.35366e-39  6.26473e-28 -1.09892e-38 -2.90188e-27 -5.70571e-38   1.2297e-26 -4.41746e-38 -4.76895e-26   1.7055e-37  1.69248e-25 -8.46337e-37 -5.49388e-25  3.46324e-36  1.62953e-24 -1.37989e-35 -4.40987e-24  5.13565e-35  1.08659e-23 -1.76664e-34 -2.43103e-23  5.64364e-34  4.92091e-23 -1.67268e-33 -8.97071e-23  4.59805e-33  1.46396e-22 -1.17182e-32  -2.1218e-22   2.7666e-32  2.70178e-22 -6.04448e-32 -2.97599e-22   1.2203e-31  2.76836e-22 -2.27223e-31 -2.08529e-22  3.89277e-31  1.15999e-22 -6.11688e-31 -3.40224e-23   8.7802e-31 -1.22312e-23 -1.14508e-30  2.13557e-23  1.34669e-30 -1.10216e-23 -1.41261e-30   4.0664e-25  1.29842e-30  2.81419e-24 -1.01228e-30 -1.38846e-24  6.20799e-31 -1.14837e-25 -2.25711e-31  3.29697e-25 -7.87684e-32 -6.47405e-26  2.43832e-31 -4.28517e-26 -2.77761e-31  1.66563e-26  2.28062e-31  3.82518e-27 -1.49819e-31 -2.23428e-27  8.11854e-32 -2.90686e-28 -3.65388e-32  1.94101e-28  1.35846e-32  2.27868e-29 -4.10716e-33 -1.05917e-29  9.79983e-34 -1.50855e-30 -1.73714e-34  2.94874e-31  1.94333e-35  5.73307e-32 -3.35034e-37  -2.2859e-33 -3.25453e-37 -7.93785e-34  6.01331e-38  -2.0412e-35 -4.63765e-39  1.96454e-36  1.17308e-40  4.23466e-38
-2.00068e-36 -1.61732e-46  8.61884e-36  8.65456e-45  9.08366e-35 -1.28383e-44  -1.2203e-34 -1.22677e-43 -1.08711e-34  2.20766e-42 -2.75193e-34  4.13191e-42 -2.91596e-35  2.63802e-41  7.96162e-34   8.8934e-41 -1.34351e-34  2.32498e-40 -2.02378e-34  7.60658e-40   1.4246e-34  1.41095e-39   1.2124e-33  8.88741e-40 -1.29721e-32  2.08982e-39  1.11904e-31 -2.72039e-39 -8.67831e-31  7.70587e-39  6.10647e-30  2.64228e-38 -3.90151e-29  2.25158e-38   2.2692e-28  2.63962e-38 -1.20392e-27  2.02516e-40  5.83537e-27 -1.63434e-38  -2.5867e-26  -1.0153e-37  1.04927e-25 -3.09487e-38  -3.8955e-25  2.52936e-37  1.32327e-24  -1.7926e-36 -4.10979e-24  8.85959e-36  1.16559e-23 -3.94902e-35 -3.01337e-23  1.58329e-34  7.08438e-23 -5.73659e-34 -1.50983e-22  1.89745e-33  2.90515e-22 -5.75193e-33 -5.02037e-22  1.60253e-32  7.73822e-22 -4.11027e-32 -1.05407e-21  9.71265e-32  1.25264e-21 -2.11465e-31 -1.27411e-21  4.23965e-31  1.07506e-21 -7.81839e-31  -7.0849e-22  1.32383e-30  3.10604e-22 -2.05307e-30 -2.36366e-23  2.90666e-30 -9.09142e-23 -3.74002e-30   7.5784e-23  4.34731e-30 -2.15958e-23 -4.52615e-30 -9.42423e-24  4.16706e-30  1.04055e-23 -3.32113e-30 -2.10022e-24  2.19888e-30 -1.57021e-24 -1.08849e-30  8.84119e-25  2.34773e-31  7.69437e-26  2.51956e-31  -1.5778e-25 -4.08588e-31  1.05522e-26   3.5992e-31  1.88911e-26 -2.37283e-31 -2.25988e-27  1.25375e-31 -1.70301e-27 -5.40972e-32  1.78416e-28  1.90496e-32  1.14168e-28  -5.4014e-33 -5.06064e-30  1.19818e-33 -4.92786e-30 -1.95789e-34 -1.20946e-31  1.99626e-35    1.041e-31 -2.79452e-37   7.5605e-33 -2.76805e-37 -5.93613e-34  4.31905e-38 -6.03958e-35 -2.54289e-39 -2.65315e-37  3.28826e-41
 1.98504e-46 -4.87532e-36 -6.03504e-46  2.92807e-36  4.43665e-44  1.25755e-34 -4.31209e-44  -9.4836e-35 -4.05584e-43 -1.28262e-34  8.11859e-42 -2.90556e-34  1.73506e-41 -6.71902e-35   8.8934e-41  8.62665e-34  2.80653e-40 -2.29508e-34  7.53462e-40 -6.17359e-36  2.02399e-39 -1.34421e-33  4.83443e-39   1.7167e-32  2.24397e-39 -1.57808e-31  5.93186e-39   1.2927e-30 -7.27974e-39 -9.56031e-30  1.85006e-38   6.4111e-29   4.6026e-38 -3.90899e-28  5.38453e-38  2.17211e-27  3.66553e-38 -1.10194e-26  4.47577e-39  5.11039e-26  3.78161e-38 -2.16834e-25  -3.8866e-37   8.4206e-25  8.85323e-37 -2.99277e-24 -2.72547e-36   9.7297e-24  6.40251e-36 -2.89064e-23 -9.18328e-36  7.83628e-23 -1.91824e-35 -1.93441e-22  2.26076e-34  4.33622e-22 -1.16731e-33 -8.79528e-22  4.62475e-33  1.60677e-21 -1.55689e-32 -2.62795e-21  4.62429e-32  3.81752e-21 -1.23343e-31 -4.87225e-21  2.98192e-31  5.37892e-21 -6.56726e-31 -5.01408e-21  1.32101e-30  3.78263e-21 -2.42931e-30 -2.10356e-21  4.08314e-30  6.10106e-22 -6.26428e-30  2.33976e-22  8.75171e-30 -3.98054e-22 -1.10954e-29  2.04276e-22   1.2702e-29 -6.21384e-24 -1.30394e-29 -5.35413e-23  1.18816e-29  2.62265e-23 -9.45849e-30  2.34123e-24  6.39752e-30 -6.36203e-24 -3.46545e-30  1.23371e-24  1.25118e-30  8.42754e-25  2.92108e-32 -3.25553e-25 -5.14061e-31 -7.66594e-26  5.20212e-31  4.44383e-26 -3.48661e-31  5.92493e-27  1.79923e-31 -3.92194e-27 -7.42673e-32 -4.69339e-28  2.46751e-32  2.16814e-28 -6.53209e-33  3.15599e-29  1.34162e-33 -6.15278e-30 -2.01702e-34 -1.20399e-30   1.8836e-35  4.65154e-32 -2.53751e-37  1.71102e-32  -2.0479e-37    4.356e-34  2.65619e-38 -4.19194e-35 -1.08698e-39 -9.33831e-37
 1.82623e-36  1.99902e-45 -9.19274e-36 -4.77782e-46  5.53375e-36  1.94106e-43  1.40151e-34 -1.07657e-43 -6.33204e-35 -9.63721e-43  -1.0601e-34  2.78384e-41 -2.83187e-34     6.63e-41 -1.34351e-34  2.80653e-40   9.7903e-34   8.3176e-40 -4.75464e-34  2.26906e-39  1.92706e-33  5.07149e-39 -2.12938e-32  1.48017e-38  2.08934e-31  5.08344e-39 -1.80579e-30  1.62096e-38  1.40553e-29 -1.72718e-38 -9.89985e-29  4.27415e-38  6.33144e-28  8.08631e-38 -3.68639e-27  1.12785e-37  1.95802e-26  7.11597e-38 -9.50205e-26 -8.18113e-38  4.21754e-25  6.30284e-37 -1.71318e-24 -2.87582e-36  6.36973e-24  1.03391e-35 -2.16716e-23 -3.59812e-35  6.74203e-23  1.12649e-34 -1.91553e-22 -3.15773e-34  4.96155e-22  7.62988e-34 -1.16878e-21 -1.47449e-33  2.49618e-21  1.69204e-33  -4.8137e-21  2.35646e-33  8.33789e-21 -2.32426e-32 -1.28828e-20  9.47481e-32  1.75923e-20  -2.9375e-31 -2.09593e-20  7.70505e-31  2.13712e-20 -1.77608e-30 -1.80725e-20  3.66024e-30  1.19269e-20 -6.80176e-30 -5.21837e-21  1.14438e-29  3.61678e-22  -1.7457e-29  1.57754e-21  2.41322e-29  -1.3074e-21 -3.01672e-29  3.69236e-22  3.39753e-29  1.67754e-22 -3.42779e-29 -1.83048e-22  3.07209e-29  3.65337e-23 -2.41464e-29  2.82015e-23  1.62955e-29 -1.58114e-23 -9.06814e-30 -1.43384e-24  3.76299e-30  2.87132e-24 -7.20612e-31 -1.88626e-25 -5.07459e-31 -3.49185e-25  6.87621e-31   4.1684e-26 -4.76749e-31  3.19472e-26  2.40548e-31 -3.35004e-27 -9.46757e-32  -2.1733e-27  2.95305e-32  9.59505e-29 -7.25877e-33  9.53679e-29  1.37457e-33  2.35938e-30 -1.90144e-34 -2.03878e-30  1.64619e-35 -1.50906e-31 -2.70101e-37  1.18941e-32 -1.27921e-37  1.20962e-33  1.34169e-38  5.74108e-36 -3.05496e-40
 1.82576e-45  5.01094e-36  1.36313e-44 -1.50155e-35  1.01234e-44  1.71333e-35  7.37054e-43  1.35742e-34 -1.21377e-43 -4.17423e-35 -6.07553e-43 -4.21456e-35  8.93331e-41 -2.55506e-34  2.32498e-40 -2.29508e-34   8.3176e-40  1.28085e-33  2.32189e-39 -2.62537e-33   6.3773e-39  2.55016e-32   1.1979e-38 -2.59546e-31  4.11654e-38  2.37019e-30  1.03328e-38 -1.94308e-29   4.1473e-38  1.43872e-28 -3.69362e-38 -9.65765e-28  9.32295e-38   5.8948e-27  1.48702e-37 -3.27933e-26  1.91653e-37   1.6657e-25  2.86772e-37 -7.73511e-25 -9.88281e-37  3.28664e-24  5.11517e-36 -1.27827e-23 -2.12819e-35  4.55041e-23  8.06223e-35  -1.4819e-22 -2.83242e-34  4.41069e-22  9.12076e-34 -1.19802e-21 -2.68488e-33  2.96342e-21  7.15804e-33 -6.65735e-21 -1.70566e-32  1.35344e-20  3.54228e-32 -2.47853e-20 -6.04808e-32  4.06405e-20  6.98535e-32 -5.91934e-20  1.55277e-32  7.57544e-20 -3.96163e-31 -8.38639e-20  1.48211e-30  7.83866e-20 -3.96686e-30  -5.9274e-20  8.80504e-30  3.29971e-20  -1.6988e-29 -9.49994e-21  2.90613e-29 -3.82941e-21  -4.4487e-29  6.40467e-21  6.11723e-29 -3.27981e-21 -7.55988e-29  8.54723e-23  8.38078e-29  8.78662e-22 -8.29917e-29 -4.29633e-22  7.29071e-29 -4.00647e-23 -5.62112e-29  1.06138e-22  3.73824e-29 -2.05483e-23 -2.07883e-29 -1.42832e-23  9.03127e-30  5.53359e-24 -2.44059e-30  1.31792e-24  -2.6427e-31  -7.6777e-25  8.29612e-31 -1.03134e-25 -6.08945e-31  6.88366e-26  3.00401e-31  8.28079e-27 -1.12191e-31 -3.86791e-27  3.26357e-32 -5.66128e-28 -7.39883e-33  1.11756e-28  1.28653e-33  2.19511e-29 -1.64339e-34 -8.58054e-31   1.3483e-35 -3.18118e-31 -3.11953e-37  -8.0876e-33 -6.30196e-38  7.87391e-34     5.07e-39  1.78234e-35
 1.08602e-36  1.85965e-44  6.81619e-36  7.29189e-44 -2.20756e-35  8.36124e-44   3.4115e-35  2.45838e-42  1.15957e-34  6.09587e-43 -3.74311e-35  9.70618e-42  5.20182e-35  2.68924e-40 -2.02378e-34  7.53462e-40 -4.75464e-34  2.32189e-39  3.57824e-33  6.12123e-39  -2.8567e-32  1.67825e-38  3.03684e-31  2.67015e-38 -2.92549e-30  1.05074e-37  2.52895e-29   1.8721e-38 -1.97018e-28  9.81766e-38  1.38912e-27 -7.12978e-38 -8.89374e-27  1.86948e-37  5.18427e-26  3.09342e-37 -2.75706e-25  1.18241e-37  1.33976e-24  1.71044e-36 -5.95511e-24  -7.4773e-36   2.4227e-23  3.42268e-35 -9.02251e-23 -1.38483e-34  3.07507e-22  5.18897e-34 -9.58435e-22 -1.79742e-33  2.72848e-21  5.74195e-33 -7.08211e-21 -1.68861e-32  1.67205e-20  4.55343e-32 -3.57949e-20 -1.11963e-31   6.9201e-20  2.48797e-31 -1.20181e-19 -4.91869e-31  1.86208e-19  8.39066e-31 -2.55017e-19 -1.14666e-30  3.04737e-19  9.38946e-31 -3.11672e-19  8.46908e-31  2.64343e-19 -6.05914e-30 -1.74879e-19  1.72294e-29  7.65222e-20 -3.68896e-29 -4.93041e-21   6.6221e-29 -2.37577e-20 -1.03424e-28  1.96526e-20  1.42744e-28 -5.53327e-21 -1.75231e-28 -2.58127e-21  1.91608e-28  2.80645e-21 -1.86242e-28 -5.59435e-22  1.60082e-28 -4.39452e-22 -1.20586e-28  2.47215e-22  7.84377e-29  2.26862e-23 -4.29419e-29 -4.55837e-23   1.8783e-29  3.03568e-24 -5.67475e-30  5.62335e-24  3.50222e-31 -6.81943e-25  9.12397e-31 -5.22005e-25 -7.30379e-31  5.58454e-26  3.51493e-31  3.60831e-26 -1.23692e-31 -1.64891e-27  3.32631e-32 -1.61153e-27 -6.89709e-33 -3.87446e-29  1.09758e-33  3.50926e-29 -1.30748e-34  2.59941e-30  1.05057e-35 -2.09375e-31 -3.46182e-37 -2.12566e-32 -1.96333e-38 -1.01331e-34  1.09943e-39
 -1.5504e-45  1.46674e-36  1.28998e-43  4.89455e-36  3.25156e-43 -2.98792e-35  4.13787e-43  5.38887e-35   7.2832e-42  8.44455e-35  5.31376e-42 -4.99816e-35  7.33673e-41  1.52795e-34  7.60658e-40 -6.17359e-36  2.26906e-39 -2.62537e-33  6.12123e-39  3.04537e-32  1.52741e-38 -3.33668e-31   4.1456e-38  3.39924e-30  5.62298e-38 -3.10148e-29  2.47892e-37  2.54481e-28   2.9741e-38 -1.88616e-27   2.1397e-37  1.26751e-26 -1.20406e-37 -7.74564e-26  3.18544e-37   4.3144e-25  8.37248e-37 -2.19442e-24 -1.31763e-36  1.02052e-23  1.04412e-35 -4.34291e-23 -4.70785e-35  1.69189e-22  2.03371e-34 -6.03352e-22 -8.01998e-34  1.96862e-21  2.93387e-33 -5.87118e-21 -9.93651e-33  1.59814e-20  3.11314e-32 -3.96223e-20 -9.01128e-32  8.92286e-20  2.40439e-31  -1.8187e-19 -5.89442e-31  3.33967e-19  1.32119e-30  -5.4919e-19 -2.68699e-30  8.02336e-19  4.89659e-30 -1.03009e-18 -7.81479e-30  1.14413e-18  1.03973e-29 -1.07299e-18 -9.95331e-30     8.14e-19  1.62187e-30 -4.54272e-19  2.12374e-29  1.30387e-19  -6.5036e-29   5.4417e-20  1.32303e-28 -9.02474e-20 -2.17702e-28  4.62911e-20  3.06278e-28 -1.11333e-21 -3.76386e-28 -1.26184e-20  4.07438e-28  6.19428e-21 -3.89169e-28  5.84652e-22  3.27048e-28 -1.55319e-21 -2.40079e-28  3.03747e-22   1.5199e-28  2.11622e-22 -8.11569e-29 -8.30153e-23  3.50024e-29 -1.97118e-23 -1.09366e-29  1.16927e-23  1.42759e-30  1.55487e-24  9.17081e-31 -1.06536e-24 -8.28872e-31  -1.2671e-25  3.86849e-31  6.09591e-26 -1.27007e-31  8.85327e-27  3.12066e-32  -1.7996e-27 -5.85563e-33 -3.51158e-28  8.51902e-34  1.43476e-29 -9.65848e-35   5.2043e-30  7.91481e-36  1.30498e-31 -3.43975e-37 -1.31641e-32  1.30495e-39 -2.98522e-34
-1.06065e-36 -1.48871e-44  2.04403e-36   7.0299e-43 -5.81779e-37  1.24982e-42 -3.81739e-35  1.52915e-42  7.75259e-35  1.94522e-41  4.56776e-35  2.56928e-41 -6.85444e-35  3.57187e-40   1.4246e-34  2.02399e-39  1.92706e-33   6.3773e-39  -2.8567e-32  1.52741e-38  3.45187e-31  3.61383e-38 -3.71873e-30  9.63097e-38  3.58661e-29  1.11994e-37 -3.10288e-28  5.43286e-37  2.41975e-27  4.01473e-38 -1.70798e-26  4.26274e-37  1.09481e-25 -1.47414e-37 -6.38994e-25  2.88045e-37  3.40289e-24  3.17246e-36 -1.65602e-23 -1.11116e-35  7.37245e-23  5.96575e-35 -3.00436e-22 -2.64634e-34  1.12089e-21   1.0989e-33 -3.82759e-21 -4.21255e-33  1.19543e-20  1.49878e-32 -3.41064e-20 -4.94462e-32  8.87344e-20  1.51189e-31 -2.10019e-19 -4.28035e-31  4.50796e-19  1.12025e-30 -8.73959e-19 -2.70415e-30  1.52234e-18  6.00036e-30 -2.36615e-18 -1.21799e-29  3.25134e-18  2.24517e-29 -3.89886e-18 -3.71453e-29  4.00217e-18  5.40309e-29 -3.40708e-18 -6.62223e-29  2.26208e-18  6.08682e-29 -9.92169e-19 -2.05789e-29  6.12276e-20  -7.0792e-29  3.14484e-19  2.18564e-28 -2.60721e-19 -4.07946e-28  7.36536e-20  6.01663e-28  3.47694e-20 -7.49456e-28 -3.79847e-20  8.07745e-28   7.6446e-21 -7.59833e-28  6.01633e-21   6.2433e-28 -3.42334e-21 -4.45878e-28 -3.08322e-22  2.73759e-28  6.39435e-22 -1.41651e-28 -4.45986e-23  5.94552e-29 -7.99097e-23 -1.84979e-29  1.00275e-23   2.9498e-30  7.52417e-24  8.55968e-31 -8.37749e-25 -8.99784e-31 -5.29026e-25  4.02684e-31  2.59311e-26 -1.21692e-31  2.41021e-26  2.68961e-32  5.34099e-28  -4.5059e-33 -5.36854e-28  6.02058e-34 -3.92685e-29 -6.74071e-35  3.29819e-30  5.83796e-36   3.3103e-31  -2.9455e-37    1.488e-33  5.38477e-39
 1.52499e-44 -1.20958e-36 -9.64892e-44  3.78415e-36  3.18961e-42 -7.46792e-36  4.23325e-42  -4.7239e-35  4.39017e-42  1.08575e-34  4.80522e-41  2.12461e-36  9.73623e-41 -6.76316e-36  1.41095e-39 -1.34421e-33  5.07149e-39  2.55016e-32  1.67825e-38 -3.33668e-31  3.61383e-38  3.83263e-30  8.11813e-38 -3.91265e-29  2.10757e-37  3.57349e-28  2.11196e-37 -2.93507e-27  1.11002e-36  2.17782e-26  4.47584e-38 -1.46524e-25  7.55047e-37  8.96548e-25  9.21887e-38 -5.00076e-24 -1.24432e-36  2.54729e-23  1.48535e-35  -1.1865e-22 -6.58395e-35  5.05788e-22  3.15872e-34 -1.97402e-21 -1.36208e-33   7.0534e-21   5.4659e-33 -2.30619e-20 -2.03337e-32  6.89329e-20  7.02537e-32 -1.88083e-19 -2.25348e-31  4.67493e-19  6.70805e-31 -1.05564e-18 -1.85159e-30  2.15785e-18   4.7331e-30 -3.97461e-18  -1.1184e-29  6.55735e-18  2.43655e-29  -9.6131e-18 -4.87654e-29  1.23871e-17  8.91997e-29 -1.38118e-17 -1.47981e-28  1.30058e-17   2.1998e-28 -9.90786e-18 -2.86899e-28  5.55172e-18   3.1438e-28 -1.59626e-18 -2.57099e-28 -6.79013e-19  7.50839e-29  1.12631e-18  2.41975e-28 -5.80983e-19 -6.54373e-28  1.42992e-20  1.07188e-27  1.60368e-19 -1.38165e-27 -7.95129e-20   1.4953e-27 -7.34869e-21 -1.38992e-27  2.01636e-20  1.11736e-27 -4.03243e-21 -7.75476e-28 -2.77146e-21  4.60495e-28  1.11197e-21 -2.29759e-28   2.5922e-22  9.29816e-29 -1.58781e-22 -2.81507e-29 -2.05016e-23  4.73648e-30  1.47064e-23  7.80626e-31  1.69789e-24 -9.48539e-31 -8.58416e-25  3.99742e-31 -1.22022e-25 -1.09296e-31  2.60018e-26  2.12879e-32  4.98102e-27 -3.13183e-33 -2.19049e-28  3.91465e-34 -7.58734e-29 -4.58182e-35   -1.838e-30  4.21586e-36  1.97782e-31 -2.06503e-37  4.44019e-33
-2.91745e-37  1.41961e-43 -4.62488e-37 -4.86133e-43  7.27511e-36  1.24363e-41 -1.35248e-35  1.28545e-41 -5.77228e-35  9.28533e-42  1.51976e-34  1.14794e-40 -9.62492e-35  3.13847e-40   1.2124e-33  4.83443e-39 -2.12938e-32   1.1979e-38  3.03684e-31   4.1456e-38 -3.71873e-30  8.11813e-38  4.02778e-29  1.73312e-37 -3.88883e-28  4.35006e-37  3.36782e-27  3.77602e-37 -2.62928e-26   2.1181e-36  1.85809e-25  5.56652e-38 -1.19258e-24  1.04841e-36  6.97021e-24  1.92847e-36 -3.71746e-23 -1.15084e-35  1.81201e-22  7.33256e-35 -8.08081e-22 -3.42185e-34  3.29911e-21  1.55421e-33 -1.23329e-20 -6.49368e-33  4.22032e-20  2.52209e-32 -1.32107e-19 -9.09798e-32  3.77822e-19  3.05037e-31 -9.85516e-19 -9.50385e-31  2.33899e-18  2.75057e-30 -5.03529e-18 -7.38932e-30  9.79259e-18  1.84057e-29 -1.71147e-17 -4.24399e-29  2.66961e-17  9.03888e-29 -3.68226e-17 -1.77289e-28  4.43347e-17   3.1893e-28 -4.57052e-17 -5.23187e-28  3.90868e-17  7.76018e-28 -2.60758e-17 -1.02682e-27  1.14924e-17  1.18357e-27 -7.05412e-19 -1.13027e-27 -3.69566e-18  7.71753e-28  3.08382e-18  -9.2649e-29 -8.80126e-19 -8.01752e-28 -4.13987e-19  1.69797e-27  4.58482e-19 -2.35018e-27 -9.42198e-20  2.58687e-27 -7.30776e-20 -2.38722e-27  4.24179e-20   1.8798e-27  3.62211e-21 -1.26686e-27 -8.00625e-21  7.25951e-28  6.03061e-22  -3.4785e-28  1.01205e-21  1.34729e-28 -1.33842e-22 -3.90349e-29 -9.66203e-23  6.43562e-30  1.14181e-23  7.75864e-31   6.9173e-24  -9.8967e-31 -3.75435e-25  3.83272e-31 -3.22296e-25 -9.29566e-32 -6.11314e-27  1.55616e-32  7.37257e-27  -1.9767e-33  5.25358e-28  2.42654e-34 -4.70258e-29 -3.15494e-35 -4.61002e-30  2.90543e-36 -1.81567e-32   -1.031e-37
 9.86695e-46  -7.8304e-37  8.90157e-43   8.4988e-37 -2.01261e-42  1.26862e-35  4.25144e-41 -1.75883e-35  3.55808e-41 -7.13435e-35  9.83256e-42  2.45262e-34  2.81886e-40 -1.03439e-33  8.88741e-40   1.7167e-32  1.48017e-38 -2.59546e-31  2.67015e-38  3.39924e-30  9.63097e-38 -3.91265e-29  1.73312e-37  3.99991e-28   3.5186e-37 -3.65699e-27  8.47789e-37  3.00699e-26  6.42134e-37 -2.23387e-25  3.76787e-36  1.50491e-24  2.20993e-37 -9.22108e-24  2.17131e-37  5.15107e-23   1.2027e-35 -2.62811e-22 -6.57893e-35  1.22627e-21  3.52776e-34 -5.23717e-21 -1.63411e-33  2.04808e-20  7.13413e-33 -7.33369e-20 -2.88573e-32  2.40334e-19  1.08532e-31 -7.20127e-19 -3.79541e-31  1.97002e-18  1.23449e-30 -4.91035e-18  -3.7341e-30  1.11212e-17  1.04998e-29 -2.28059e-17 -2.74265e-29  4.21506e-17  6.64795e-29 -6.97946e-17 -1.49311e-28  1.02719e-16  3.10116e-28 -1.32914e-16 -5.94073e-28  1.48865e-16  1.04596e-27 -1.40852e-16 -1.68455e-27   1.0786e-16  2.46513e-27 -6.07842e-17 -3.24544e-27  1.75988e-17  3.78301e-27  7.50489e-18 -3.79163e-27 -1.25626e-17  3.05896e-27  6.54424e-18 -1.58146e-27   -1.829e-19 -3.64593e-28 -1.81984e-18  2.28564e-27  9.17172e-19 -3.66363e-27  7.99343e-20  4.18278e-27  -2.3432e-19 -3.85641e-27  4.85218e-20  2.97935e-27   3.2361e-20 -1.94864e-27 -1.34215e-20  1.07537e-27 -3.02061e-21 -4.93076e-28   1.9402e-21  1.81594e-28  2.37919e-22  -4.9624e-29  -1.8272e-22  7.57194e-30 -2.00533e-23  9.40899e-31   1.0899e-23 -1.04295e-30  1.49386e-24  3.61543e-31 -3.40156e-25  -7.6414e-32 -6.31855e-26  1.07372e-32  3.07232e-27 -1.17387e-33  9.94879e-28  1.55333e-34  2.26789e-29 -2.24863e-35 -2.69284e-30  1.78117e-36 -5.91968e-32
