     0.16647 -1.62804e-13    0.0779607  -1.7439e-14   -0.0157867   2.4129e-14   -0.0149631  6.73917e-15 -0.000122282 -2.47795e-15    0.0022614 -1.55669e-15  0.000578418 -9.95469e-17 -9.07286e-05  1.15501e-16 -6.49935e-05  3.18292e-17 -9.16975e-06  2.10076e-18 -1.54854e-07
-1.62804e-13     0.148655 -1.08241e-13    0.0381787   4.6718e-15   -0.0230829  2.62293e-14     -0.01537  6.61103e-15  0.000396933 -3.35101e-15   0.00305251  -2.2054e-15  0.000904987 -2.40765e-16 -6.91473e-05  1.30629e-16 -8.01677e-05  4.07947e-17 -1.19383e-05  2.69896e-18
   0.0779607 -1.08241e-13     0.087394 -6.27034e-14    0.0204098  8.75954e-15   -0.0217228  2.45159e-14   -0.0148835  6.75892e-15  0.000258929 -3.48925e-15    0.0033798 -2.60985e-15   0.00119196 -4.39913e-16  2.53082e-05   8.1127e-17 -5.97098e-05   3.0175e-17 -7.46688e-06
 -1.7439e-14    0.0381787 -6.27034e-14    0.0579223 -4.55225e-14    0.0153535  8.21326e-15   -0.0197347  2.30373e-14   -0.0146781   7.2795e-15 -0.000295151 -3.14913e-15   0.00336261 -2.78712e-15   0.00139931 -6.37537e-16  0.000148814 -7.90132e-19 -2.07509e-05  1.05902e-17
  -0.0157867   4.6718e-15    0.0204098 -4.55225e-14    0.0460782 -3.78989e-14    0.0132719  7.23852e-15   -0.0180647  2.19113e-14   -0.0146942  8.07978e-15  -0.00118194 -2.38842e-15   0.00299683 -2.67414e-15   0.00144221 -7.36751e-16  0.000229047 -5.83994e-17  5.26125e-06
  2.4129e-14   -0.0230829  8.75954e-15    0.0153535 -3.78989e-14    0.0396032 -3.34829e-14    0.0122828   6.1362e-15   -0.0166055  2.10235e-14   -0.0148827  9.11858e-15  -0.00237662 -1.20785e-15   0.00224385 -2.19013e-15    0.0012332 -6.47999e-16  0.000206032 -5.26349e-17
  -0.0149631  2.62293e-14   -0.0217228  8.21326e-15    0.0132719 -3.34829e-14    0.0356302 -3.08837e-14    0.0119991  4.90269e-15   -0.0152401  2.02488e-14   -0.0151642  1.03213e-14   -0.0038238  3.45933e-16   0.00112779 -1.34705e-15  0.000780221 -3.86718e-16  0.000100519
 6.73917e-15     -0.01537  2.45159e-14   -0.0197347  7.23852e-15    0.0122828 -3.08837e-14    0.0332262 -2.95035e-14    0.0122636  3.45527e-15   -0.0138038  1.93856e-14   -0.0153581  1.14708e-14  -0.00530665  2.01451e-15 -0.000114493 -3.91809e-16  0.000275264 -1.16868e-16
-0.000122282  6.61103e-15   -0.0148835  2.30373e-14   -0.0180647   6.1362e-15    0.0119991 -2.95035e-14    0.0319362 -2.90765e-14    0.0130838  1.59711e-15   -0.0120168  1.80495e-14   -0.0150536  1.20403e-14   -0.0062977   3.2039e-15   -0.0009916  2.38089e-16 -1.20932e-05
-2.47795e-15  0.000396933  6.75892e-15   -0.0146781  2.19113e-14   -0.0166055  4.90269e-15    0.0122636 -2.90765e-14    0.0315873 -2.95802e-14    0.0146363 -1.06472e-15  -0.00937232  1.55406e-14   -0.0135224  1.11794e-14  -0.00606561  3.24374e-15  -0.00108607  3.00136e-16
   0.0022614 -3.35101e-15  0.000258929   7.2795e-15   -0.0146942  2.10235e-14   -0.0152401  3.45527e-15    0.0130838 -2.95802e-14    0.0322344 -3.12459e-14    0.0173303 -5.19364e-15  -0.00513295  1.09914e-14   -0.0100439  8.29009e-15   -0.0043246  2.10547e-15  -0.00056012
-1.55669e-15   0.00305251 -3.48925e-15 -0.000295151  8.07978e-15   -0.0148827  2.02488e-14   -0.0138038  1.59711e-15    0.0146363 -3.12459e-14    0.0341854 -3.45678e-14    0.0217264 -1.14241e-14   0.00113213  4.25966e-15  -0.00488067  4.06615e-15  -0.00191536  7.15166e-16
 0.000578418  -2.2054e-15    0.0033798 -3.14913e-15  -0.00118194  9.11858e-15   -0.0151642  1.93856e-14   -0.0120168 -1.06472e-15    0.0173303 -3.45678e-14    0.0378784 -3.99024e-14    0.0278485 -1.92352e-14    0.0083403 -2.84225e-15  2.90058e-05  5.69131e-16 -0.000285093
-9.95469e-17  0.000904987 -2.60985e-15   0.00336261 -2.38842e-15  -0.00237662  1.03213e-14   -0.0153581  1.80495e-14  -0.00937232 -5.19364e-15    0.0217264 -3.99024e-14    0.0431374 -4.62205e-14    0.0338609 -2.56869e-14    0.0133758 -6.98389e-15    0.0023259 -6.38891e-16
-9.07286e-05 -2.40765e-16   0.00119196 -2.78712e-15   0.00299683 -1.20785e-15   -0.0038238  1.14708e-14   -0.0150536  1.55406e-14  -0.00513295 -1.14241e-14    0.0278485 -4.62205e-14    0.0478167 -4.98736e-14    0.0357774 -2.64731e-14    0.0132403 -6.37347e-15   0.00172394
 1.15501e-16 -6.91473e-05 -4.39913e-16   0.00139931 -2.67414e-15   0.00224385  3.45933e-16  -0.00530665  1.20403e-14   -0.0135224  1.09914e-14   0.00113213 -1.92352e-14    0.0338609 -4.98736e-14    0.0476122 -4.60669e-14    0.0303561 -2.00846e-14   0.00849246 -2.99601e-15
-6.49935e-05  1.30629e-16  2.53082e-05 -6.37537e-16   0.00144221 -2.19013e-15   0.00112779  2.01451e-15   -0.0062977  1.11794e-14   -0.0100439  4.25966e-15    0.0083403 -2.56869e-14    0.0357774 -4.60669e-14    0.0392469 -3.36881e-14    0.0192126 -1.04081e-14   0.00312517
 3.18292e-17 -8.01677e-05   8.1127e-17  0.000148814 -7.36751e-16    0.0012332 -1.34705e-15 -0.000114493   3.2039e-15  -0.00606561  8.29009e-15  -0.00488067 -2.84225e-15    0.0133758 -2.64731e-14    0.0303561 -3.36881e-14     0.024824 -1.80482e-14   0.00827182 -3.12936e-15
-9.16975e-06  4.07947e-17 -5.97098e-05 -7.90132e-19  0.000229047 -6.47999e-16  0.000780221 -3.91809e-16   -0.0009916  3.24374e-15   -0.0043246  4.06615e-15  2.90058e-05 -6.98389e-15    0.0132403 -2.00846e-14    0.0192126 -1.80482e-14    0.0110843 -6.39012e-15   0.00202226
 2.10076e-18 -1.19383e-05   3.0175e-17 -2.07509e-05 -5.83994e-17  0.000206032 -3.86718e-16  0.000275264  2.38089e-16  -0.00108607  2.10547e-15  -0.00191536  5.69131e-16    0.0023259 -6.37347e-15   0.00849246 -1.04081e-14   0.00827182 -6.39012e-15   0.00307979 -1.21556e-15
-1.54854e-07  2.69896e-18 -7.46688e-06  1.05902e-17  5.26125e-06 -5.26349e-17  0.000100519 -1.16868e-16 -1.20932e-05  3.00136e-16  -0.00056012  7.15166e-16 -0.000285093 -6.38891e-16   0.00172394 -2.99601e-15   0.00312517 -3.12936e-15   0.00202226 -1.21556e-15  0.000398371
