     0.721046   2.15293e-15      0.175086   8.31579e-16     0.0491442   3.12585e-16      0.013798   9.86457e-17    0.00378231   2.78172e-17    0.00100498   7.36943e-18   0.000258189   1.89489e-18    6.4085e-05   4.73258e-19    1.5366e-05   1.13973e-19   3.55981e-06   2.64111e-20    7.9702e-07   5.89457e-21    1.7251e-07    1.2684e-21   3.61059e-08    2.6336e-22   7.30909e-09   5.27955e-23   1.43137e-09   1.02238e-23   2.71204e-10   1.91322e-24   4.97208e-11   3.46082e-25   8.82036e-12   6.05265e-26   1.51402e-12   1.02356e-26   2.51447e-13   1.67377e-27   4.03993e-14   2.64656e-28   6.27829e-15   4.04599e-29   9.43525e-16   5.97932e-30   1.37086e-16   8.54009e-31   1.92498e-17    1.1785e-31   2.61151e-18   1.57072e-32   3.42144e-19   2.02114e-33   4.32687e-20   2.50965e-34   5.27911e-21   3.00552e-35   6.21037e-22   3.46943e-36    7.0399e-23   3.85783e-37    7.6843e-24   4.12913e-38   8.07043e-25   4.25068e-39   8.14852e-26   4.20497e-40   7.90227e-27   3.99353e-41   7.35328e-28   3.63735e-42    6.5583e-29    3.1736e-43   5.59969e-30   2.64921e-44   4.57121e-31   2.11292e-45   3.56264e-32   1.60769e-46   2.64672e-33    1.1651e-47   1.87106e-34   8.02736e-49   1.25629e-35   5.24771e-50   7.99466e-37   3.24782e-51   4.81071e-38   1.89834e-52   2.73019e-39   1.04502e-53   1.45709e-40    5.4014e-55   7.28916e-42   2.61223e-56    3.4053e-43    1.1774e-57   1.47942e-44   4.92365e-59   5.94814e-46   1.90034e-60   2.20079e-47   6.72838e-62    7.4441e-49   2.16971e-63   2.28387e-50   6.31773e-65   6.29549e-52   1.64369e-66   1.54101e-53   3.77127e-68   3.30052e-55   7.50381e-70    6.0677e-57   1.26636e-71   9.32915e-59   1.75762e-73   1.15585e-60    1.9167e-75   1.08949e-62   1.52394e-77   7.05939e-65   7.63414e-80   2.49592e-67   1.55543e-82
  2.15293e-15      0.155772    1.0787e-15      0.061716   4.90208e-16      0.021205   1.79404e-16     0.0067126   5.68619e-17    0.00199584   1.65396e-17   0.000562565    4.5909e-18   0.000151147   1.22381e-18   3.88485e-05   3.12137e-19    9.5765e-06   7.61665e-20   2.26842e-06   1.78226e-20   5.17073e-07   4.00733e-21   1.13549e-07   8.67118e-22   2.40435e-08   1.80773e-22   4.91243e-09    3.6342e-23   9.68972e-10   7.05017e-24   1.84594e-10   1.32049e-24    3.3974e-11   2.38882e-25   6.04203e-12     4.175e-26   1.03843e-12   7.05057e-27   1.72483e-13   1.15058e-27   2.76872e-14   1.81436e-28   4.29469e-15   2.76443e-29   6.43628e-16   4.06906e-30   9.31738e-17   5.78479e-31   1.30253e-17   7.94071e-32   1.75781e-18   1.05209e-32   2.28916e-19    1.3449e-33   2.87542e-20   1.65791e-34   3.48198e-21   1.96984e-35   4.06259e-22   2.25443e-36   4.56407e-23   2.48361e-37   4.93365e-24   2.63178e-38   5.12758e-25   2.68027e-39   5.11933e-26   2.62109e-40   4.90526e-27   2.45883e-41   4.50623e-28   2.21031e-42    3.9644e-29   1.90169e-43   3.33594e-30   1.56397e-44   2.68133e-31   1.22773e-45   2.05555e-32   9.18513e-47   1.50053e-33   6.53783e-48   1.04116e-34   4.41902e-49   6.85308e-36   2.83045e-50   4.26968e-37   1.71401e-51   2.51178e-38   9.78761e-53   1.39143e-39    5.2552e-54   7.23597e-41   2.64445e-55   3.52036e-42   1.24254e-56   1.59596e-43    5.4286e-58   6.71183e-45   2.19464e-59   2.60484e-46   8.16383e-61   9.27262e-48   2.77596e-62   3.00594e-49   8.56068e-64    8.7978e-51   2.37168e-65   2.30048e-52   5.83412e-67   5.30424e-54   1.25561e-68    1.0605e-55    2.3193e-70   1.79818e-57   3.58258e-72   2.50732e-59   4.45901e-74   2.74668e-61   4.22187e-76   2.19357e-63   2.74762e-78   1.10366e-65   9.75649e-81   2.25831e-68
     0.175086    1.0787e-15     0.0722351   5.98352e-16     0.0277683   2.55374e-16    0.00971552   9.01411e-17    0.00314871   2.84051e-17   0.000956757    8.3976e-18   0.000274746   2.36585e-18   7.49724e-05   6.34917e-19   1.95172e-05   1.62404e-19   4.86122e-06   3.97075e-20   1.16105e-06   9.30494e-21   2.66366e-07   2.09411e-21   5.87788e-08   4.53298e-22   1.24892e-08   9.44853e-23   2.55736e-09   1.89815e-23   5.04978e-10   3.67777e-24   9.62054e-11   6.87621e-25   1.76904e-11   1.24104e-25   3.14055e-12   2.16277e-26   5.38364e-13   3.63985e-27   8.91226e-14   5.91605e-28   1.42477e-14   9.28638e-29   2.19946e-15   1.40762e-29   3.27827e-16   2.06002e-30   4.71675e-17   2.91009e-31   6.54933e-18   3.96697e-32   8.77332e-19    5.2164e-33   1.13338e-19    6.6139e-34   1.41135e-20   8.08176e-35   1.69324e-21   9.51209e-36   1.95601e-22    1.0777e-36   2.17427e-23   1.17455e-37   2.32397e-24   1.23046e-38   2.38658e-25   1.23798e-39    2.3527e-26   1.19513e-40   2.22425e-27   1.10592e-41   2.01449e-28   9.79848e-43   1.74584e-29   8.30209e-44   1.44593e-30    6.7178e-45   1.14283e-31   5.18366e-46   8.60667e-33   3.80813e-47   6.16556e-34   2.65873e-48   4.19349e-35   1.76062e-49   2.70235e-36   1.10341e-50   1.64614e-37   6.52862e-52    9.4543e-39   3.63697e-53    5.1048e-40   1.90178e-54   2.58287e-41   9.30213e-56   1.22011e-42   4.23932e-57   5.35847e-44   1.79203e-58   2.17736e-45   6.98986e-60   8.14003e-47   2.50049e-61   2.78139e-48   8.14509e-63   8.61847e-50   2.39519e-64   2.39887e-51   6.29205e-66   5.92809e-53   1.45736e-67   1.28157e-54   2.92676e-69   2.37769e-56   4.98431e-71   3.68865e-58   6.97977e-73   4.61051e-60    7.6783e-75   4.38348e-62   6.15747e-77   2.86446e-64   3.11063e-79   1.02122e-66   6.39038e-82
  8.31579e-16      0.061716   5.98352e-16     0.0295927   3.01708e-16     0.0117849   1.19371e-16    0.00420441   4.08596e-17    0.00138159   1.28671e-17   0.000424262   3.82923e-18   0.000122834   1.08111e-18   3.37297e-05   2.89891e-19    8.8218e-06    7.4065e-20   2.20453e-06   1.80899e-20   5.27624e-07   4.23442e-21   1.21169e-07   9.51673e-22    2.6739e-08   2.05651e-22   5.67664e-09   4.27757e-23   1.16044e-09   8.57154e-24   2.28589e-10   1.65577e-24   4.34136e-11   3.08485e-25   7.95277e-12   5.54519e-26   1.40561e-12   9.61952e-27   2.39745e-13   1.61067e-27   3.94657e-14   2.60315e-28   6.27026e-15   4.06088e-29   9.61443e-16   6.11398e-30   1.42259e-16   8.88253e-31   2.03079e-17   1.24496e-31    2.7962e-18   1.68285e-32   3.71231e-19   2.19304e-33   4.75033e-20   2.75405e-34   5.85606e-21   3.33122e-35    6.9512e-22   3.87877e-36   7.94014e-23   4.34479e-37   8.72207e-24   4.67862e-38   9.20686e-25    4.8395e-39   9.33137e-26   4.80439e-40   9.07249e-27   4.57316e-41   8.45317e-28   4.16943e-42   7.53957e-29   3.63679e-43   6.42955e-30   3.03101e-44   5.23533e-31   2.41034e-45   4.06445e-32   1.82609e-46   3.00367e-33   1.31578e-47   2.10922e-34   9.00017e-49   1.40461e-35   5.83204e-50   8.85128e-37   3.57184e-51    5.2652e-38   2.06229e-52    2.9485e-39   1.11929e-53   1.54966e-40   5.69188e-55   7.61769e-42   2.70207e-56   3.48862e-43   1.19244e-57   1.48174e-44   4.86835e-59   5.80662e-46   1.82848e-60   2.08673e-47   6.27621e-62   6.82781e-49   1.95343e-63   2.01665e-50   5.46096e-65    5.3205e-52    1.3553e-66   1.23755e-53    2.9423e-68   2.49563e-55   5.48137e-70   4.26742e-57   8.53805e-72   5.99978e-59   1.07143e-73   6.62618e-61   1.02266e-75   5.33427e-63   6.70844e-78   2.70499e-65   2.40069e-80   5.57779e-68
    0.0491442   4.90208e-16     0.0277683   3.01708e-16     0.0126051   1.36542e-16    0.00496599   5.12746e-17     0.0017683   1.72817e-17   0.000581273   5.44357e-18   0.000178624   1.61921e-18   5.17369e-05   4.55773e-19   1.42049e-05    1.2182e-19   3.71242e-06   3.10371e-20   9.26429e-07   7.56056e-21   2.21281e-07   1.76486e-21   5.06835e-08   3.95445e-22   1.11487e-08   8.51642e-23   2.35792e-09   1.76471e-23   4.79936e-10   3.52121e-24   9.40825e-11   6.76991e-25   1.77727e-11   1.25475e-25   3.23672e-12   2.24266e-26   5.68458e-13   3.86641e-27   9.62994e-14   6.43061e-28   1.57372e-14   1.03185e-28   2.48099e-15   1.59733e-29   3.77301e-16   2.38526e-30   5.53428e-17   3.43531e-31   7.82813e-18   4.77067e-32   1.06748e-18   6.38616e-33   1.40288e-19   8.23729e-34   1.77607e-20   1.02334e-34    2.1651e-21   1.22383e-35   2.53999e-22    1.4081e-36   2.86587e-23   1.55768e-37   3.10779e-24   1.65551e-38   3.23654e-25   1.68904e-39   3.23426e-26   1.65279e-40   3.09829e-27   1.54963e-41   2.84231e-28   1.39059e-42   2.49416e-29   1.19291e-43   2.09091e-30   9.76966e-45   1.67224e-31   7.62748e-46   1.27395e-32   5.66781e-47   9.22918e-34    4.0014e-48   6.34629e-35   2.67866e-49   4.13358e-36   1.69663e-50   2.54438e-37   1.01429e-51    1.4763e-38    5.7078e-53   8.05103e-40   3.01424e-54   4.11346e-41   1.48865e-55   1.96176e-42   6.84873e-57   8.69649e-44   2.92197e-58   3.56619e-45   1.15009e-59   1.34521e-46    4.1509e-61   4.63703e-48   1.36392e-62   1.44926e-49   4.04517e-64   4.06808e-51   1.07157e-65   1.01367e-52   2.50243e-67    2.2093e-54   5.06616e-69   4.13176e-56   8.69628e-71   6.46029e-58   1.22728e-72   8.13726e-60   1.36045e-74   7.79537e-62   1.09921e-76   5.13207e-64   5.59408e-79    1.8431e-66    1.1576e-81
  3.12585e-16      0.021205   2.55374e-16     0.0117849   1.36542e-16    0.00523476   5.71912e-17    0.00203775   2.08184e-17   0.000720225   6.97026e-18    0.00023548   2.18998e-18    7.2039e-05   6.48443e-19   2.07788e-05   1.81607e-19   5.68141e-06   4.83204e-20   1.47845e-06   1.22587e-20   3.67268e-07   2.97345e-21   8.72983e-08   6.90979e-22   1.98918e-08   1.54084e-22   4.35136e-09   3.30131e-23   9.14879e-10   6.80284e-24   1.85051e-10   1.34932e-24   3.60353e-11   2.57767e-25   6.75956e-12   4.74497e-26   1.22194e-12   8.41951e-27   2.12939e-13   1.44042e-27   3.57785e-14   2.37629e-28   5.79691e-15   3.78045e-29   9.05706e-16    5.7997e-30   1.36447e-16   8.57905e-31   1.98185e-17   1.22339e-31   2.77468e-18   1.68141e-32   3.74339e-19   2.22652e-33   4.86492e-20   2.83956e-34   6.08781e-21   3.48617e-35   7.33171e-22   4.11802e-36   8.49304e-23   4.67743e-37   9.45705e-24   5.10517e-38   1.01151e-24   5.35016e-39   1.03839e-25   5.37911e-40   1.02221e-26   5.18364e-41   9.64009e-28    4.7829e-42    8.6999e-29   4.22073e-43   7.50448e-30   3.55776e-44   6.17914e-31   2.86062e-45   4.84962e-32   2.19067e-46   3.62214e-33   1.59513e-47   2.56999e-34   1.10233e-48   1.72885e-35   7.21478e-50   1.10027e-36    4.4621e-51   6.60846e-38   2.60103e-52   3.73584e-39   1.42493e-53    1.9817e-40   7.31276e-55   9.83002e-42   3.50275e-56   4.54185e-43   1.55941e-57   1.94591e-44   6.42147e-59   7.69076e-46    2.4322e-60   2.78699e-47   8.41773e-62     9.194e-49   2.64128e-63   2.73742e-50   7.44285e-65   7.27926e-52   1.86164e-66   1.70631e-53   4.07265e-68   3.46718e-55   7.64451e-70   5.97318e-57   1.19959e-71   8.45987e-59   1.51635e-73   9.41078e-61   1.45771e-75    7.6299e-63   9.62976e-78    3.8962e-65   3.47006e-80   8.08948e-68
     0.013798   1.79404e-16    0.00971552   1.19371e-16    0.00496599   5.71912e-17    0.00213541   2.27862e-17   0.000816262   8.16128e-18    0.00028495   2.71738e-18   9.22765e-05   8.48422e-19   2.80007e-05   2.49441e-19   8.01708e-06   6.93988e-20   2.17675e-06   1.83512e-20   5.62574e-07   4.62752e-21   1.38796e-07   1.11555e-21   3.27629e-08   2.57591e-22   7.41253e-09   5.70621e-23    1.6097e-09   1.21415e-23   3.35903e-10   2.48389e-24   6.74156e-11   4.88955e-25   1.30225e-11   9.26711e-26   2.42248e-12   1.69185e-26   4.34143e-13   2.97627e-27   7.49793e-14   5.04632e-28   1.24815e-14    8.2476e-29   2.00288e-15   1.29942e-29   3.09814e-16   1.97343e-30   4.61928e-17   2.88866e-31   6.63756e-18   4.07461e-32   9.18976e-19   5.53701e-33   1.22555e-19   7.24635e-34   1.57371e-20   9.12934e-35   1.94489e-21   1.10669e-35   2.31215e-22   1.29015e-36   2.64261e-23   1.44546e-37    2.9017e-24   1.55532e-38    3.0588e-25   1.60595e-39   3.09291e-26   1.58989e-40   2.99707e-27   1.50764e-41   2.78032e-28   1.36791e-42   2.46645e-29   1.18612e-43   2.08972e-30   9.81633e-45   1.68866e-31    7.7426e-46   1.29951e-32   5.81099e-47   9.50752e-34   4.14262e-48   6.60093e-35    2.7997e-49   4.34007e-36   1.78986e-50   2.69618e-37   1.07981e-51   1.57852e-38   6.13081e-53   8.68471e-40   3.26597e-54   4.47569e-41    1.6268e-55   2.15263e-42   7.54716e-57   9.62202e-44   3.24646e-58   3.97791e-45   1.28813e-59   1.51252e-46   4.68592e-61   5.25468e-48   1.55169e-62   1.65495e-49   4.63715e-64   4.68061e-51   1.23759e-65   1.17496e-52    2.9114e-67   2.57952e-54   5.93674e-69   4.85873e-56   1.02631e-70   7.65052e-58   1.45852e-72   9.70326e-60   1.62789e-74   9.35896e-62   1.32418e-76   6.20279e-64   6.78385e-79   2.24234e-66   1.41299e-81
  9.86457e-17     0.0067126   9.01411e-17    0.00420441   5.12746e-17    0.00203775   2.27862e-17   0.000850474   8.81319e-18   0.000318692   3.12328e-18   0.000109606   1.03105e-18   3.50647e-05   3.18868e-19   1.05282e-05   9.28963e-20   2.98551e-06   2.56276e-20   8.03294e-07   6.72213e-21     2.058e-07   1.68161e-21   5.03401e-08   4.02149e-22   1.17817e-08   9.21098e-23    2.6428e-09   2.02362e-23   5.68954e-10   4.26952e-24   1.17684e-10   8.65905e-25   2.34078e-11    1.6894e-25   4.48028e-12   3.17267e-26   8.25617e-13   5.73775e-27   1.46539e-13   9.99603e-28    2.5058e-14   1.67794e-28   4.12889e-15   2.71419e-29   6.55611e-16    4.2309e-30   1.00318e-16    6.3552e-31   1.47909e-17   9.19752e-32   2.10093e-18   1.28223e-32   2.87426e-19   1.72144e-33   3.78616e-20    2.2248e-34   4.80018e-21   2.76681e-35   5.85462e-22    3.3093e-36   6.86574e-23    3.8046e-37   7.73669e-24   4.20158e-38    8.3714e-25   4.45374e-39   8.69113e-26   4.52781e-40   8.64991e-27   4.41066e-41   8.24487e-28   4.11272e-42   7.51847e-29   3.66672e-43   6.55142e-30   3.12183e-44   5.44799e-31   2.53473e-45   4.31724e-32   1.95968e-46   3.25503e-33   1.44028e-47   2.33089e-34   1.00441e-48   1.58218e-35   6.63269e-50   1.01583e-36   4.13797e-51   6.15417e-38   2.43274e-52   3.50852e-39   1.34391e-53   1.87657e-40   6.95357e-55   9.38422e-42   3.35751e-56   4.37045e-43   1.50654e-57   1.88712e-44   6.25179e-59   7.51561e-46   2.38592e-60   2.74402e-47   8.31911e-62   9.11916e-49   2.62944e-63   2.73484e-50   7.46277e-65   7.32425e-52   1.87981e-66   1.72888e-53   4.14095e-68   3.53725e-55   7.82577e-70   6.13516e-57   1.23628e-71   8.74716e-59   1.57304e-73   9.79411e-61   1.52203e-75   7.99189e-63    1.0119e-77   4.10696e-65   3.66931e-80   8.58034e-68
   0.00378231   5.68619e-17    0.00314871   4.08596e-17     0.0017683   2.08184e-17   0.000816262   8.81319e-18   0.000330688   3.34409e-18   0.000121319   1.17087e-18   4.10366e-05   3.81763e-19   1.29462e-05   1.16652e-19   3.83952e-06   3.36109e-20   1.07658e-06   9.17723e-21   2.86612e-07   2.38349e-21   7.26848e-08   5.90511e-22   1.76035e-08   1.39871e-22   4.07979e-09   3.17315e-23   9.06277e-10   6.90462e-24   1.93209e-10    1.4427e-24   3.95722e-11   2.89731e-25     7.793e-12   5.59652e-26   1.47657e-12   1.04037e-26   2.69309e-13   1.86207e-27   4.72997e-14   3.20975e-28   8.00173e-15   5.32966e-29   1.30404e-15    8.5256e-30   2.04741e-16   1.31387e-30   3.09677e-17   1.95051e-31   4.51184e-18   2.78898e-32   6.33074e-19    3.8401e-33   8.55254e-20   5.08988e-34   1.11205e-20   6.49194e-35   1.39111e-21   7.96425e-36   1.67338e-22   9.39266e-37   1.93451e-23   1.06424e-37   2.14788e-24   1.15771e-38   2.28874e-25   1.20819e-39    2.3387e-26   1.20856e-40   2.28953e-27   1.15765e-41   2.14524e-28   1.06075e-42   1.92166e-29   9.28651e-44   1.64366e-30   7.75782e-45   1.34057e-31    6.1752e-46   1.04101e-32   4.67624e-47   7.68401e-34   3.36293e-48   5.38124e-35   2.29228e-49   3.56821e-36   1.47778e-50   2.23512e-37   8.98869e-52   1.31925e-38   5.14463e-53   7.31619e-40   2.76226e-54   3.79991e-41   1.38655e-55   1.84163e-42   6.48142e-57   8.29379e-44   2.80879e-58    3.4541e-45   1.12261e-59   1.32287e-46   4.11313e-61   4.62851e-48   1.37162e-62   1.46793e-49    4.1274e-64   4.18016e-51   1.10904e-65   1.05641e-52   2.62643e-67   2.33466e-54   5.39089e-69    4.4262e-56   9.37974e-71    7.0142e-58   1.34147e-72   8.95239e-60   1.50663e-74    8.6884e-62    1.2331e-76   5.79361e-64   6.35558e-79   2.10704e-66    1.3317e-81
  2.78172e-17    0.00199584   2.84051e-17    0.00138159   1.72817e-17   0.000720225   8.16128e-18   0.000318692   3.34409e-18   0.000125459   1.24678e-18   4.50392e-05   4.29698e-19   1.49679e-05   1.37983e-19   4.65098e-06   4.15811e-20   1.36077e-06     1.183e-20   3.76813e-07   3.19208e-21   9.91426e-08   8.19699e-22   2.48601e-08   2.00858e-22   5.95508e-09    4.7065e-23   1.36533e-09   1.05638e-23   3.00064e-10   2.27427e-24   6.32914e-11   4.70157e-25    1.2825e-11   9.34115e-26   2.49855e-12    1.7849e-26   4.68275e-13   3.28183e-27    8.4469e-14   5.80871e-28   1.46698e-14   9.89978e-29   2.45346e-15   1.62491e-29   3.95197e-16   2.56875e-30   6.13114e-17    3.9111e-31   9.16089e-18   5.73479e-32   1.31808e-18   8.09655e-33   1.82582e-19   1.10036e-33   2.43423e-20   1.43906e-34    3.1224e-21   1.81031e-35   3.85166e-22   2.18952e-36    4.5668e-23   2.54463e-37    5.2014e-24   2.83988e-38   5.68691e-25   3.04131e-39   5.96414e-26   3.12288e-40   5.99463e-27   3.07179e-41   5.76908e-28   2.89157e-42   5.31031e-29   2.60194e-43   4.66978e-30   2.23537e-44   3.91809e-31   1.83106e-45   3.13208e-32    1.4279e-46   2.38169e-33   1.05833e-47   1.71978e-34   7.44162e-49   1.17694e-35   4.95394e-50   7.61711e-37   3.11516e-51   4.65089e-38   1.84566e-52   2.67191e-39   1.02736e-53   1.43988e-40   5.35542e-55   7.25376e-42   2.60479e-56   3.40277e-43   1.17719e-57   1.47975e-44   4.91955e-59   5.93446e-46    1.8905e-60   2.18161e-47   6.63655e-62   7.29903e-49   2.11166e-63    2.2035e-50   6.03261e-65   5.93971e-52   1.52938e-66   1.41105e-53   3.39042e-68   2.90517e-55   6.44744e-70   5.07011e-57    1.0248e-71   7.27279e-59   1.31185e-73    8.1922e-61   1.27688e-75    6.7243e-63   8.53899e-78   3.47569e-65   3.11427e-80   7.30316e-68
   0.00100498   1.65396e-17   0.000956757   1.28671e-17   0.000581273   6.97026e-18    0.00028495   3.12328e-18   0.000121319   1.24678e-18   4.64489e-05   4.55661e-19   1.63136e-05   1.54139e-19   5.32306e-06   4.86678e-20   1.62773e-06   1.44461e-20   4.69392e-07   4.05355e-21   1.28247e-07   1.07967e-21   3.33174e-08   2.73836e-22   8.25324e-09   6.63011e-23   1.95376e-09   1.53548e-23    4.4277e-10   3.40683e-24   9.61985e-11   7.25099e-25   2.00604e-11   1.48195e-25   4.01873e-12    2.9108e-26   7.73989e-13   5.49816e-27   1.43391e-13   9.99221e-28   2.55645e-14   1.74785e-28   4.38746e-15   2.94342e-29   7.24989e-16   4.77276e-30   1.15355e-16   7.45204e-31   1.76736e-17   1.12035e-31   2.60715e-18   1.62162e-32   3.70242e-19   2.25931e-33   5.06033e-20   3.02907e-34   6.65434e-21   3.90656e-35   8.41576e-22   4.84441e-36   1.02315e-22   5.77335e-37   1.19508e-23   6.60842e-38   1.34029e-24   7.26035e-39   1.44221e-25   7.65029e-40   1.48779e-26   7.72483e-41    1.4701e-27   7.46758e-42   1.38997e-28   6.90389e-43   1.25616e-29   6.09713e-44   1.08375e-30   5.13708e-45   8.91392e-32   4.12332e-46   6.97937e-33   3.14799e-47   5.19338e-34   2.28201e-48   3.66583e-35   1.56768e-49   2.44961e-36   1.01841e-50   1.54609e-37    6.2411e-52   9.19356e-39   3.59839e-53   5.13571e-40   1.94602e-54    2.6865e-41   9.83753e-56   1.31116e-42   4.63054e-57   5.94554e-44    2.0204e-58   2.49289e-45   8.12926e-60   9.61089e-47   2.99809e-61   3.38466e-48   1.00625e-62   1.08033e-49   3.04724e-64   3.09584e-51   8.23923e-66   7.87238e-53   1.96323e-67   1.75041e-54   4.05402e-69   3.33847e-56   7.09573e-71   5.32176e-58   1.02077e-72   6.83183e-60   1.15306e-74   6.66839e-62   9.49093e-77   4.47173e-64   4.91918e-79   1.63534e-66   1.03642e-81
  7.36943e-18   0.000562565    8.3976e-18   0.000424262   5.44357e-18    0.00023548   2.71738e-18   0.000109606   1.17087e-18   4.50392e-05   4.55661e-19   1.67859e-05   1.62856e-19   5.76769e-06   5.39969e-20   1.84704e-06   1.67501e-20   5.55499e-07   4.89363e-21    1.5778e-07    1.3532e-21   4.25037e-08     3.555e-22   1.08951e-08   8.89875e-23   2.66433e-09   2.12734e-23   6.22865e-10   4.86596e-24   1.39434e-10   1.06652e-24   2.99288e-11   2.24264e-25    6.1663e-12   4.52855e-26   1.22052e-12   8.78818e-27   2.32247e-13   1.63999e-27   4.25071e-14   2.94429e-28     7.486e-15   5.08699e-29   1.26892e-15   8.46013e-30   2.07054e-16   1.35449e-30   3.25257e-17   2.08771e-31   4.91873e-18    3.0976e-32   7.16002e-19   4.42364e-33   1.00306e-19   6.07897e-34     1.352e-20   8.03606e-35    1.7527e-21   1.02153e-35   2.18442e-22    1.2481e-36   2.61604e-23    1.4649e-37    3.0087e-24   1.65063e-38   3.32085e-25    1.7843e-39   3.51502e-26   1.84892e-40   3.56491e-27   1.83489e-41   3.46101e-28   1.74227e-42   3.21319e-29   1.58108e-43   2.84935e-30   1.36961e-44   2.41031e-31   1.13099e-45   1.94224e-32   8.88968e-47   1.48851e-33   6.63998e-48   1.08309e-34   4.70437e-49    7.4679e-36   3.15504e-50   4.86881e-37   1.99844e-51   2.99429e-38   1.19249e-52   1.73237e-39   6.68435e-54   9.40054e-41   3.50837e-55   4.76802e-42   1.71794e-56   2.25166e-43   7.81537e-58     9.856e-45   3.28733e-59   3.97818e-46   1.27134e-60   1.47172e-47   4.49105e-62   4.95461e-49   1.43781e-63   1.50491e-50   4.13251e-65   4.08103e-52   1.05393e-66   9.75242e-54   2.35014e-68   2.01961e-55   4.49503e-70   3.54485e-57   7.18539e-72   5.11363e-59   9.24964e-74   5.79214e-61    9.0528e-76   4.78036e-63   6.08689e-78   2.48424e-65   2.23187e-80   5.24771e-68
  0.000258189    4.5909e-18   0.000274746   3.82923e-18   0.000178624   2.18998e-18   9.22765e-05   1.03105e-18   4.10366e-05   4.29698e-19   1.63136e-05   1.62856e-19   5.92329e-06   5.68598e-20   1.99138e-06   1.84709e-20   6.25735e-07   5.62726e-21   1.85012e-07   1.61736e-21    5.1733e-08   4.40498e-22    1.3733e-08   1.14076e-22   3.47137e-09   2.81659e-23   8.37553e-10   6.64448e-24   1.93255e-10   1.50022e-24   4.27098e-11   3.24646e-25   9.05192e-12   6.74078e-26   1.84164e-12   1.34414e-26   3.59973e-13   2.57584e-27   6.76402e-14   4.74653e-28   1.22242e-14   8.41387e-29   2.12552e-15   1.43517e-29   3.55668e-16     2.356e-30   5.72816e-17   3.72265e-31   8.87954e-18   5.66143e-32   1.32479e-18   8.28621e-33   1.90207e-19   1.16698e-33   2.62743e-20   1.58102e-34   3.49085e-21   2.05981e-35   4.45926e-22    2.5796e-36   5.47429e-23   3.10385e-37   6.45496e-24   3.58608e-38    7.3062e-25   3.97578e-39   7.93261e-26   4.22654e-40   8.25513e-27   4.30471e-41   8.22678e-28   4.19654e-42   7.84341e-29   3.91179e-43   7.14615e-30   3.48253e-44   6.21448e-31    2.9573e-45   5.15131e-32     2.392e-46    4.0641e-33   1.83997e-47   3.04669e-34   1.34366e-48   2.16627e-35   9.29739e-50   1.45793e-36   6.08262e-51   9.26641e-38    3.7535e-52   5.54801e-39   2.17888e-53   3.12014e-40   1.18622e-54   1.64296e-41   6.03591e-56   8.07067e-43   2.85941e-57   3.68305e-44   1.25551e-58   1.55394e-45   5.08305e-60   6.02785e-47   1.88609e-61   2.13568e-48   6.36832e-63   6.85736e-50   1.93991e-64   1.97658e-51   5.27566e-66   5.05518e-53   1.26426e-67   1.13038e-54   2.62535e-69   2.16796e-56   4.62059e-71   3.47488e-58   6.68327e-73   4.48504e-60   7.59002e-75   4.40109e-62   6.28046e-77   2.96682e-64   3.27217e-79    1.0906e-66   6.92958e-82
  1.89489e-18   0.000151147   2.36585e-18   0.000122834   1.61921e-18    7.2039e-05   8.48422e-19   3.50647e-05   3.81763e-19   1.49679e-05   1.54139e-19   5.76769e-06   5.68598e-20   2.04175e-06   1.93916e-20   6.71745e-07   6.17197e-21   2.07086e-07   1.84637e-21   6.01782e-08   5.21894e-22   1.65592e-08   1.39944e-22   4.32984e-09   3.57098e-23    1.0788e-09   8.69274e-24   2.56686e-10   2.02266e-24   5.84288e-11   4.50586e-25    1.2742e-11   9.62239e-26   2.66525e-12   1.97192e-26   5.35216e-13   3.88111e-27   1.03261e-13   7.34125e-28   1.91516e-14   1.33521e-28   3.41606e-15    2.3359e-29   5.86186e-16   3.93183e-30   9.67876e-17   6.36848e-31   1.53787e-17   9.92657e-32   2.35146e-18    1.4889e-32   3.45969e-19   2.14873e-33   4.89716e-20   2.98301e-34    6.6673e-21   3.98254e-35   8.72795e-22   5.11137e-36   1.09813e-22   6.30363e-37   1.32727e-23   7.46605e-38   1.54023e-24   8.48737e-39   1.71493e-25   9.25409e-40   1.83072e-26   9.67013e-41   1.87218e-27   9.67577e-42    1.8324e-28   9.26119e-43   1.71471e-29   8.47035e-44   1.53235e-30   7.39374e-45   1.30608e-31   6.15137e-46   1.06026e-32   4.87056e-47   8.18472e-34   3.66412e-48   5.99784e-35   2.61428e-49   4.16435e-36   1.76539e-50   2.73356e-37   1.12578e-51   1.69238e-38   6.76224e-53   9.85577e-40   3.81516e-54   5.38261e-41   2.01523e-55   2.74737e-42   9.92979e-57   1.30549e-43   4.54516e-58    5.7493e-45   1.92338e-59   2.33452e-46   7.48269e-61   8.68741e-48   2.65874e-62   2.94162e-49   8.56094e-64   8.98581e-51   2.47448e-65   2.45046e-52   6.34588e-67   5.88821e-54   1.42281e-68   1.22601e-55   2.73605e-70   2.16343e-57   4.39687e-72   3.13732e-59   5.68965e-74   3.57207e-61   5.59729e-76   2.96319e-63   3.78261e-78   1.54767e-65   1.39391e-80   3.28557e-68
   6.4085e-05   1.22381e-18   7.49724e-05   1.08111e-18   5.17369e-05   6.48443e-19   2.80007e-05   3.18868e-19   1.29462e-05   1.37983e-19   5.32306e-06   5.39969e-20   1.99138e-06   1.93916e-20   6.87767e-07   6.46241e-21   2.21487e-07   2.01555e-21    6.6986e-08   5.92018e-22   1.91279e-08   1.64534e-22   5.17814e-09   4.34238e-23    1.3332e-09   1.09143e-23    3.2729e-10   2.61843e-24   7.67668e-11   6.00709e-25   1.72317e-11   1.31979e-25   3.70662e-12   2.78026e-26   7.64867e-13    5.6211e-27    1.5154e-13   1.09156e-27   2.88467e-14   2.03715e-28   5.27865e-15    3.6555e-29   9.28916e-16   6.30903e-30   1.57244e-16   1.04752e-30   2.56087e-17    1.6734e-31   4.01277e-18   2.57203e-32   6.04966e-19    3.8033e-33   8.77399e-20   5.40988e-34   1.22393e-20   7.40032e-35   1.64167e-21   9.73218e-36   2.11656e-22   1.22997e-36   2.62179e-23    1.4931e-37   3.11862e-24   1.74002e-38   3.56007e-25    1.9454e-39   3.89753e-26   2.08513e-40   4.08897e-27   2.14074e-41   4.10726e-28   2.10331e-42   3.94621e-29   1.97561e-43   3.62262e-30   1.77198e-44   3.17365e-31   1.51575e-45   2.64976e-32   1.23479e-46   2.10533e-33   9.56483e-48   1.58923e-34   7.03282e-49   1.13766e-35   4.89906e-50   7.70764e-37   3.22625e-51   4.93088e-38   2.00376e-52   2.97115e-39   1.17055e-53   1.68145e-40   6.41235e-55   8.90861e-42    3.2828e-56   4.40268e-43   1.56451e-57   2.02113e-44   6.91001e-59    8.5774e-46   2.81382e-60   3.34637e-47   1.05004e-61   1.19233e-48   3.56531e-63   3.84972e-50   1.09205e-64   1.11573e-51   2.98602e-66   2.86889e-53   7.19394e-68   6.44913e-55   1.50176e-69   1.24334e-56   2.65678e-71   2.00312e-58   3.86242e-73   2.59855e-60   4.40853e-75   2.56265e-62   3.66599e-77   1.73601e-64   1.91935e-79   6.41258e-67   4.08426e-82
  4.73258e-19   3.88485e-05   6.34917e-19   3.37297e-05   4.55773e-19   2.07788e-05   2.49441e-19   1.05282e-05   1.16652e-19   4.65098e-06   4.86678e-20   1.84704e-06   1.84709e-20   6.71745e-07   6.46241e-21   2.26492e-07    2.1055e-21   7.14117e-08   6.43599e-22   2.11884e-08   1.85602e-22   5.94451e-09   5.07091e-23   1.58284e-09   1.31691e-23   4.01168e-10   3.25935e-24   9.70065e-11   7.70405e-25   2.24221e-11   1.74202e-25    4.9615e-12   3.77339e-26   1.05231e-12   7.83848e-27   2.14144e-13   1.56294e-27   4.18445e-14   2.99342e-28   7.85622e-15   5.50994e-29   1.41788e-15   9.75121e-30   2.46073e-16   1.65969e-30   4.10763e-17   2.71724e-31    6.5959e-18   4.27953e-32   1.01888e-18   6.48371e-33   1.51397e-19   9.44855e-34   2.16364e-20   1.32415e-34   2.97325e-21   1.78412e-35   3.92751e-22    2.3103e-36    4.9851e-23   2.87399e-37   6.07706e-24    3.4328e-38   7.11108e-25   3.93459e-39   7.98217e-26   4.32454e-40    8.5888e-27   4.55442e-41   8.85142e-28   4.59199e-42   8.72894e-29   4.42813e-43   8.22873e-30   4.07962e-44   7.40679e-31   3.58656e-45   6.35775e-32   3.00479e-46   5.19687e-33   2.39544e-47   4.03896e-34   1.81418e-48   2.97944e-35   1.30289e-49   2.08211e-36   8.85499e-51   1.37546e-37   5.68247e-52   8.56897e-39   3.43446e-53   5.02089e-40   1.94946e-54   2.75863e-41   1.03589e-55   1.41639e-42   5.13419e-57   6.76952e-44   2.36362e-58   2.99831e-45   1.00588e-59   1.22431e-46   3.93509e-61   4.58119e-48   1.40588e-62   1.55966e-49   4.55122e-64   4.78979e-51   1.32248e-65   1.31307e-52   3.40925e-67   3.17153e-54   7.68321e-69   6.63727e-56   1.48495e-70   1.17711e-57   2.39825e-72   1.71546e-59   3.11865e-74   1.96271e-61    3.0829e-76   1.63599e-63   2.09336e-78   8.58529e-66   7.75049e-81   1.83111e-68
   1.5366e-05   3.12137e-19   1.95172e-05   2.89891e-19   1.42049e-05   1.81607e-19   8.01708e-06   9.28963e-20   3.83952e-06   4.15811e-20   1.62773e-06   1.67501e-20   6.25735e-07   6.17197e-21   2.21487e-07    2.1055e-21    7.2947e-08   6.70951e-22   2.25236e-08    2.0104e-22   6.55656e-09   5.69203e-23   1.80715e-09   1.52863e-23   4.73211e-10   3.90561e-24   1.18037e-10   9.51633e-25   2.81072e-11   2.21555e-25   6.40039e-12   4.93631e-26   1.39571e-12   1.05386e-26   2.91794e-13   2.15809e-27   5.85397e-14   4.24242e-28    1.1278e-14   8.01122e-29   2.08772e-15   1.45391e-29   3.71493e-16   2.53683e-30   6.35628e-17   4.25662e-31   1.04595e-17    6.8694e-32   1.65544e-18   1.06628e-32   2.52004e-19   1.59183e-33   3.68938e-20   2.28529e-34   5.19362e-21   3.15431e-35   7.02821e-22   4.18459e-36   9.13958e-23   5.33361e-37   1.14164e-23   6.52837e-38    1.3691e-24   7.66947e-39   1.57536e-25   8.64224e-40   1.73811e-26    9.3341e-41   1.83732e-27   9.65492e-42   1.85921e-28   9.55557e-43   1.79924e-29   9.03965e-44   1.66339e-30   8.16468e-45   1.46733e-31   7.03186e-46    1.2334e-32   5.76682e-47   9.86485e-34   4.49638e-48   7.49497e-35   3.32735e-49   5.39951e-36   2.33245e-50   3.68099e-37   1.54552e-51   2.36929e-38    9.6571e-53   1.43622e-39   5.67503e-54   8.17589e-41     3.127e-55   4.35682e-42   1.61006e-56   2.16541e-43   7.71648e-58   9.99632e-45   3.42705e-59   4.26562e-46   1.40313e-60   1.67318e-47   5.26417e-62   5.99335e-49   1.79683e-63   1.94521e-50   5.53225e-65   5.66665e-52   1.52042e-66   1.46447e-53   3.68144e-68   3.30849e-55   7.72319e-70   6.40987e-57   1.37299e-71   1.03769e-58   2.00565e-73   1.35256e-60   2.30009e-75   1.34016e-62   1.92162e-77   9.12076e-65   1.01071e-79    3.3845e-67   2.16051e-82
  1.13973e-19    9.5765e-06   1.62404e-19    8.8218e-06    1.2182e-19   5.68141e-06   6.93988e-20   2.98551e-06   3.36109e-20   1.36077e-06   1.44461e-20   5.55499e-07   5.62726e-21   2.07086e-07   2.01555e-21   7.14117e-08   6.70951e-22    2.2986e-08   2.09207e-22   6.95203e-09   6.14562e-23   1.98559e-09   1.70834e-23   5.37633e-10   4.50922e-24   1.38431e-10   1.13328e-24   3.39775e-11   2.71793e-25   7.96565e-12   6.23125e-26   1.78656e-12   1.36765e-26   3.83834e-13   2.87702e-27   7.90781e-14    5.8062e-28   1.56358e-14   1.12498e-28   2.96911e-15   2.09392e-29   5.41748e-16   3.74567e-30   9.50162e-17   6.44155e-31   1.60229e-17    1.0652e-31   2.59832e-18   1.69395e-32   4.05205e-19   2.59057e-33   6.07675e-20    3.8096e-34   8.76243e-21   5.38615e-35   1.21462e-21    7.3195e-36   1.61806e-22   9.55744e-37    2.0707e-23   1.19861e-37   2.54453e-24     1.443e-38   3.00077e-25    1.6667e-39   3.39404e-26   1.84568e-40   3.67915e-27   1.95808e-41   3.81918e-28    1.9884e-42   3.79306e-29   1.93089e-43   3.60049e-30   1.79112e-44   3.26283e-31   1.58521e-45    2.8193e-32    1.3368e-46   2.31949e-33   1.07256e-47   1.81416e-34   8.17418e-49   1.34661e-35   5.90671e-50     9.468e-37   4.03875e-51   6.29216e-38   2.60717e-52   3.94302e-39   1.58495e-53   2.32371e-40   9.04797e-55   1.28396e-41   4.83487e-56   6.62912e-43   2.40955e-57   3.18568e-44   1.11531e-58   1.41858e-45   4.77173e-60    5.8232e-47   1.87654e-61    2.1903e-48   6.73887e-63   7.49506e-50   2.19265e-64   2.31338e-51   6.40321e-66   6.37338e-53   1.65884e-67   1.54692e-54   3.75656e-69   3.25294e-56    7.2951e-71   5.79643e-58   1.18373e-72   8.48689e-60   1.54646e-74   9.75488e-62   1.53573e-76     8.168e-64    1.0475e-78    4.3056e-66   3.89556e-81   9.22379e-69
  3.55981e-06   7.61665e-20   4.86122e-06    7.4065e-20   3.71242e-06   4.83204e-20   2.17675e-06   2.56276e-20   1.07658e-06     1.183e-20   4.69392e-07   4.89363e-21   1.85012e-07   1.84637e-21    6.6986e-08   6.43599e-22   2.25236e-08   2.09207e-22   7.08882e-09   6.38511e-23   2.10059e-09   1.83917e-23   5.88698e-10   5.01954e-24   1.56587e-10   1.30214e-24    3.9641e-11   3.21876e-25    9.5727e-12   7.59692e-26    2.2091e-12    1.7148e-26   4.87897e-13   3.70675e-27   1.03251e-13   7.68152e-28   2.09569e-14   1.52739e-28   4.08292e-15   2.91608e-29   7.63983e-16   5.34843e-30   1.37362e-16   9.42763e-31   2.37392e-17   1.59752e-31   3.94433e-18   2.60274e-32   6.30144e-19   4.07739e-33    9.6799e-20   6.14166e-34   1.42966e-20   8.89385e-35   2.02982e-21   1.23796e-35    2.7697e-22   1.65579e-36   3.63092e-23    2.1273e-37    4.5712e-24   2.62409e-38   5.52403e-25   3.10612e-39   6.40386e-26   3.52595e-40   7.11698e-27   3.83569e-41   7.57685e-28   3.99548e-42   7.72051e-29   3.98157e-43   7.52231e-30   3.79194e-44   7.00064e-31   3.44745e-45   6.21566e-32   2.98826e-46   5.25806e-33   2.46613e-47   4.23169e-34   1.93471e-48   3.23476e-35   1.44037e-49   2.34435e-36   1.01569e-50   1.60761e-37   6.76932e-52   1.04072e-38   4.25397e-53   6.34438e-40    2.5139e-54   3.63172e-41   1.39282e-55   1.94587e-42   7.21032e-57   9.72325e-44   3.47407e-58   4.51229e-45   1.55098e-59   1.93548e-46   6.38286e-61   7.63062e-48    2.4068e-62   2.74703e-49   8.25611e-64   8.95989e-51   2.55444e-65   2.62283e-52   7.05425e-67   6.81084e-54   1.71619e-68   1.54595e-55   3.61723e-70   3.00907e-57   6.46022e-72   4.89368e-59      9.48e-74   6.40746e-61   1.09205e-75   6.37698e-63   9.16393e-78   4.35908e-65   4.84098e-80   1.62457e-67   1.03927e-82
  2.64111e-20   2.26842e-06   3.97075e-20   2.20453e-06   3.10371e-20   1.47845e-06   1.83512e-20   8.03294e-07   9.17723e-21   3.76813e-07   4.05355e-21    1.5778e-07   1.61736e-21   6.01782e-08   5.92018e-22   2.11884e-08    2.0104e-22   6.95203e-09   6.38511e-23   2.14031e-09   1.90812e-23    6.2153e-10   5.39002e-24   1.70932e-10   1.44438e-24   4.46632e-11   3.68233e-25    1.1116e-11   8.95172e-26   2.64069e-12   2.07894e-26   5.99763e-13   4.61935e-27   1.30415e-13   9.83236e-28   2.71795e-14   2.00679e-28   5.43379e-15   3.93061e-29   1.04285e-15   7.39264e-30   1.92236e-16   1.33576e-30   3.40501e-17   2.31953e-31   5.79695e-18   3.87178e-32   9.48755e-19   6.21322e-33   1.49284e-19   9.58576e-34   2.25822e-20   1.42171e-34   3.28373e-21   2.02677e-35   4.58909e-22   2.77653e-36   6.16204e-23   3.65393e-37   7.94693e-24   4.61746e-38   9.83913e-25   5.60038e-39   1.16887e-25   6.51556e-40   1.33154e-26   7.26638e-41    1.4535e-27   7.76223e-42   1.51914e-28   7.93572e-43   1.51883e-29   7.75713e-44   1.45115e-30   7.24215e-45   1.32347e-31   6.45011e-46   1.15072e-32   5.47303e-47   9.52521e-34   4.41785e-48   7.49477e-35   3.38695e-49   5.59595e-36    2.4617e-50   3.95724e-37   1.69283e-51   2.64477e-38   1.09892e-52   1.66657e-39   6.71737e-54   9.87516e-41   3.85549e-55   5.48577e-42   2.07117e-56   2.84724e-43    1.0376e-57   1.37535e-44   4.82741e-59   6.15562e-46    2.0758e-60   2.53952e-47   8.20388e-62   9.59909e-49   2.96052e-63   3.30068e-50   9.67914e-65   1.02363e-51      2.84e-66   2.83338e-53   7.39174e-68   6.90894e-55   1.68161e-69   1.45948e-56   3.28043e-71   2.61235e-58   5.34675e-73   3.84186e-60   7.01589e-75   4.43517e-62   6.99746e-77   3.72969e-64   4.79333e-79    1.9744e-66   1.79012e-81   4.24746e-69
   7.9702e-07   1.78226e-20   1.16105e-06   1.80899e-20   9.26429e-07   1.22587e-20   5.62574e-07   6.72213e-21   2.86612e-07   3.19208e-21   1.28247e-07    1.3532e-21    5.1733e-08   5.21894e-22   1.91279e-08   1.85602e-22   6.55656e-09   6.14562e-23   2.10059e-09   1.90812e-23   6.32859e-10   5.58496e-24   1.80136e-10   1.54739e-24   4.86197e-11   4.07156e-25   1.24797e-11   1.02008e-25   3.05342e-12   2.43857e-26   7.13488e-13   5.57189e-27   1.59467e-13   1.21854e-27   3.41337e-14    2.5535e-28   7.00426e-15   5.13201e-29     1.379e-15   9.89936e-30   2.60653e-16   1.83375e-30   4.73233e-17    3.2634e-31   8.25575e-18   5.58122e-32   1.38424e-18    9.1748e-33     2.231e-19    1.4498e-33   3.45648e-20   2.20221e-34   5.14743e-21   3.21517e-35   7.36721e-22   4.51087e-36   1.01314e-22   6.08004e-37   1.33831e-23   7.87021e-38    1.6974e-24   9.77931e-39   2.06606e-25   1.16585e-39   2.41203e-26   1.33266e-40    2.6991e-27   1.45959e-41   2.89283e-28    1.5305e-42   2.96706e-29   1.53509e-43   2.90947e-30   1.47127e-44   2.72472e-31   1.34593e-45   2.43409e-32   1.17376e-46   2.07149e-33   9.74447e-48   1.67698e-34   7.68937e-49   1.28933e-35   5.75746e-50   9.39726e-37   4.08272e-51   6.47992e-38   2.73605e-52   4.21785e-39    1.7287e-53   2.58506e-40   1.02701e-54   1.48757e-41   5.71985e-56   8.01163e-43   2.97624e-57   4.02368e-44   1.44125e-58   1.87662e-45   6.46632e-60    8.0891e-47   2.67412e-61   3.20457e-48   1.01318e-62   1.15915e-49   3.49198e-64   3.79849e-51   1.08545e-65   1.11707e-52   3.01128e-67   2.91396e-54   7.35909e-69   6.64389e-56   1.55798e-70   1.29889e-57    2.7947e-72    2.1216e-59    4.1188e-74   2.78982e-61   4.76488e-76    2.7883e-63   4.01528e-78   1.91395e-65   2.12993e-80   7.16242e-68   4.59131e-83
  5.89457e-21   5.17073e-07   9.30494e-21   5.27624e-07   7.56056e-21   3.67268e-07   4.62752e-21     2.058e-07   2.38349e-21   9.91426e-08   1.07967e-21   4.25037e-08   4.40498e-22   1.65592e-08   1.64534e-22   5.94451e-09   5.69203e-23   1.98559e-09   1.83917e-23    6.2153e-10   5.58496e-24   1.83309e-10    1.6015e-24   5.11534e-11   4.35276e-25   1.35511e-11   1.12465e-25   3.41691e-12   2.76896e-26    8.2183e-13   6.50882e-27   1.88875e-13   1.46304e-27   4.15362e-14    3.1487e-28   8.75058e-15   6.49498e-29    1.7677e-15   1.28516e-29   3.42662e-16   2.44092e-30   6.37762e-17   4.45235e-31   1.14019e-17   7.80234e-32   1.95865e-18   1.31392e-32   3.23358e-19   2.12661e-33   5.13093e-20   3.30823e-34   7.82519e-21   4.94622e-35   1.14693e-21   7.10656e-36   1.61526e-22   9.80966e-37    2.1852e-23   1.30053e-37    2.8388e-24   1.65536e-38   3.53979e-25   2.02187e-39   4.23443e-26   2.36842e-40   4.85647e-27   2.65905e-41    5.3364e-28    2.8591e-42   5.61349e-29    2.9417e-43   5.64787e-30   2.89349e-44   5.42957e-31   2.71793e-45   4.98182e-32   2.43519e-46   4.35724e-33   2.07843e-47   3.62771e-34   1.68736e-48   2.87066e-35   1.30091e-49   2.15534e-36   9.50756e-51   1.53252e-37   6.57351e-52   1.02974e-38      4.29e-53   6.52308e-40   2.63605e-54   3.88523e-41   1.52076e-55   2.16928e-42   8.21077e-57   1.13154e-43   4.13378e-58    5.4928e-45   1.93262e-59   2.47029e-46   8.35018e-61   1.02398e-47   3.31571e-62   3.88865e-49    1.2021e-63   1.34329e-50   3.94814e-65   4.18486e-52   1.16366e-66   1.16354e-53   3.04215e-68   2.84968e-55   6.95113e-70   6.04596e-57   1.36185e-71   1.08681e-58   2.22911e-73   1.60507e-60   2.93725e-75   1.86066e-62   2.94164e-77   1.57112e-64   2.02327e-79    8.3508e-67   7.58657e-82   1.80366e-69
