 9.67535e-34 -9.57118e-41 -5.22477e-34  1.40375e-36 -3.12508e-34  -1.0469e-35 -3.21729e-34   2.7887e-35   9.5238e-36  -8.5193e-36  1.59796e-34  6.44549e-36 -1.86783e-34 -6.54133e-36  1.36592e-34  1.66644e-36 -3.73648e-35  3.94037e-38 -3.83513e-37 -2.53436e-36 -1.27595e-35  9.28843e-37  7.64548e-36  6.49346e-39  3.58028e-36  2.76544e-37  1.13912e-37  7.18708e-38 -3.64859e-37 -7.02041e-39 -5.90517e-37  3.27975e-38  4.12103e-37 -5.02492e-39  -1.2131e-36 -1.23657e-38  5.28059e-36  7.41381e-40 -2.15983e-35  1.02232e-40  8.12403e-35  3.13936e-40 -2.77993e-34  1.60217e-40   8.6517e-34  1.26727e-40 -2.44629e-33  6.33601e-40  6.27409e-33 -2.34403e-39  -1.4563e-32   7.3523e-39  3.04987e-32 -2.19946e-38 -5.73956e-32  6.13389e-38  9.65416e-32 -1.59922e-37 -1.44108e-31  3.89588e-37  1.89048e-31 -8.86827e-37 -2.14958e-31  1.88549e-36  2.07444e-31 -3.74207e-36 -1.63977e-31  6.92745e-36  9.87548e-32 -1.19507e-35 -3.64367e-32  1.91897e-35 -2.62387e-33 -2.86414e-35   1.4186e-32   3.9671e-35 -9.05724e-33 -5.08978e-35  1.39215e-33  6.03605e-35  1.72259e-33 -6.60077e-35 -1.13864e-33  6.63831e-35  4.16273e-35 -6.12132e-35  2.29337e-34  5.15854e-35 -6.83448e-35 -3.95863e-35 -2.69616e-35   2.7557e-35  1.58864e-35 -1.73321e-35   1.6802e-36  9.80978e-36 -2.00184e-36 -4.97762e-36 -1.87406e-37   2.2572e-36  2.41761e-37 -9.12753e-37  2.33786e-39  3.28764e-37 -1.22277e-38 -1.05375e-37 -2.19244e-39  2.99443e-38  8.18864e-40 -7.45521e-39  8.45895e-41  1.58199e-39 -1.21933e-41 -2.71388e-40 -3.43321e-42  3.40733e-41 -5.09865e-44 -2.43268e-42   4.8236e-44 -2.94391e-44   1.1596e-45  2.34551e-44  2.60417e-47  -1.7162e-45 -8.17675e-48  2.95375e-47
-9.57118e-41  2.63168e-33  4.02713e-39 -7.95116e-34  1.04789e-35 -2.75945e-34 -3.72779e-35 -4.71801e-34  7.55913e-35  8.95825e-35  -2.0893e-35  3.83275e-34  1.46769e-35 -3.55977e-34 -1.19825e-35  2.68707e-34  3.61845e-36 -7.45349e-35  7.00505e-37 -1.40537e-36 -5.92156e-36 -2.89287e-35   2.2967e-36  2.30992e-35  1.46959e-37  4.95582e-36  6.05538e-37    1.429e-37  2.95748e-37  2.67236e-38   2.0825e-38 -2.80607e-36  7.78254e-38  8.59977e-36 -9.07789e-39 -4.03899e-35 -3.78534e-38  1.75004e-34  2.26034e-39 -6.90226e-34 -1.43311e-39  2.47836e-33    4.217e-40 -8.09493e-33  9.05886e-40  2.40349e-32 -2.15416e-39 -6.47884e-32  1.01078e-38  1.58254e-31 -3.39861e-38 -3.49354e-31  1.04665e-37  6.94543e-31 -3.02978e-37 -1.23773e-30  8.19413e-37  1.96499e-30 -2.07194e-36 -2.75607e-30  4.89709e-36   3.3759e-30 -1.08164e-35 -3.55063e-30   2.2315e-35  3.12117e-30 -4.29728e-35 -2.18246e-30  7.71782e-35  1.07898e-30 -1.29132e-34 -2.15209e-31  2.01023e-34 -1.91695e-31 -2.90717e-34  2.12137e-31  3.89884e-34 -8.06211e-32 -4.83896e-34 -1.40045e-32  5.54511e-34  2.81584e-32 -5.85145e-34 -8.50241e-33  5.66922e-34 -3.28629e-33 -5.02633e-34  2.71578e-33  4.06302e-34 -2.61946e-35 -2.98241e-34 -4.62866e-34  1.97932e-34  7.31832e-35 -1.18225e-34  5.40214e-35  6.32645e-35 -1.11549e-35 -3.02013e-35 -5.98952e-36  1.28199e-35  1.29719e-36 -4.83142e-36  4.12415e-37  1.61802e-36 -4.30266e-38 -4.82805e-37 -3.25816e-38  1.28457e-37  1.36819e-39 -3.01897e-38  1.03061e-39  6.08191e-39  6.48403e-41 -9.88504e-40 -1.81592e-41  1.16085e-40  -2.1945e-42 -7.55129e-42  6.41305e-44 -8.44426e-44  1.13673e-44  5.26886e-44  4.90576e-46  -2.6598e-45 -9.12269e-48
-5.22477e-34  4.02713e-39  3.68086e-33  7.89425e-37 -8.39032e-34  3.82901e-35 -2.88262e-34 -8.31072e-35 -5.21958e-34  1.36584e-34  2.18734e-34 -3.40059e-35  7.12885e-34   2.2683e-35 -4.93231e-34  -1.5049e-35  3.94078e-34  4.51482e-36 -1.01298e-34  1.92108e-36 -3.64898e-38 -1.00755e-35 -5.50375e-35  3.82999e-36  4.71644e-35  5.38405e-37  3.24744e-36  8.19428e-37 -1.89533e-36  7.13951e-37  8.34584e-36  1.18326e-37   -4.428e-35  1.25829e-37  2.13369e-34 -9.62822e-39 -9.72932e-34 -7.65375e-38  4.02897e-33    3.614e-39 -1.51766e-32 -6.87136e-39  5.20145e-32 -2.02152e-39 -1.62122e-31  8.10561e-39  4.59102e-31 -2.95879e-38 -1.17935e-30  1.05174e-37  2.74197e-30 -3.38611e-37 -5.75228e-30  1.01461e-36  1.08445e-29 -2.84717e-36  -1.8274e-29   7.4709e-36  2.73277e-29 -1.83334e-35 -3.59148e-29  4.20655e-35  4.09069e-29 -9.02116e-35  -3.9535e-29  1.80719e-34  3.12787e-29 -3.37921e-34  -1.8824e-29  5.89207e-34  6.89174e-30 -9.56848e-34  5.90848e-31  1.44516e-33 -2.78404e-30 -2.02653e-33  1.76121e-30  2.63335e-33 -2.59975e-31 -3.16378e-33 -3.45084e-31  3.50538e-33  2.24822e-31 -3.57139e-33 -6.52831e-33  3.33494e-33 -4.65109e-32 -2.84375e-33  1.37074e-32  2.20528e-33  5.48172e-33  -1.5482e-33  -3.1641e-33  9.79106e-34 -4.00563e-34 -5.54838e-34  4.34226e-34  2.80217e-34  3.09038e-35 -1.25497e-34 -4.65204e-35  4.96534e-35  -2.0893e-36 -1.73376e-35  3.02006e-36  5.36038e-36  3.71728e-37 -1.47928e-36 -1.55291e-37   3.6724e-37 -2.12694e-38 -8.15801e-38  2.77221e-39  1.56683e-38  7.81331e-40 -2.41911e-39  3.18212e-42  2.64863e-40 -9.00858e-42 -1.54587e-41 -4.85879e-43   -1.745e-43  1.17881e-44  7.43906e-44  1.21901e-45  -2.1077e-45
 1.40375e-36 -7.95116e-34  7.89425e-37  4.03993e-33   6.2115e-36 -1.00111e-33  9.15848e-35 -4.70291e-34 -1.34644e-34 -6.30455e-34  1.90012e-34  3.18661e-34 -4.17871e-35  1.03595e-33  2.69021e-35 -5.51298e-34 -1.41939e-35  4.80327e-34  3.39715e-36  -1.0951e-34  3.12096e-36  5.13464e-36 -1.39037e-35 -9.27479e-35   4.8964e-36  7.65127e-35  1.31903e-36  2.32104e-36  7.26253e-37 -3.26051e-35  1.28156e-36  1.72356e-34  3.08672e-37  -8.9911e-34  1.60308e-37  4.29073e-33 -5.42994e-39 -1.86495e-32 -1.20416e-37  7.37068e-32  2.09611e-39 -2.65037e-31 -1.70176e-38  8.66984e-31 -2.11982e-38 -2.57823e-30  7.03826e-38   6.9613e-30  -2.5519e-37 -1.70331e-29  8.52472e-37   3.7669e-29 -2.65389e-36 -7.50285e-29  7.71988e-36  1.33964e-28  -2.1018e-35 -2.13097e-28  5.35385e-35  2.99481e-28  -1.2759e-34 -3.67551e-28  2.84393e-34  3.87282e-28 -5.92614e-34 -3.40952e-28  1.15368e-33  2.38567e-28 -2.09638e-33 -1.17694e-28  3.55184e-33  2.28566e-29 -5.60337e-33    2.177e-29  8.21807e-33  -2.3737e-29 -1.11843e-32  8.93213e-30  1.40939e-32  1.66391e-30 -1.64048e-32 -3.20583e-30  1.75877e-32  9.54005e-31 -1.73126e-32   3.8601e-31  1.55906e-32  -3.1358e-31 -1.27921e-32  2.03273e-33  9.51948e-33  5.38589e-32 -6.39213e-33  -8.1379e-33  3.85096e-33 -6.58802e-33 -2.06867e-33  1.38649e-33  9.84448e-34  6.87586e-34 -4.12442e-34 -1.41057e-34  1.51394e-34  -5.4981e-35 -4.86336e-35  6.40303e-36  1.37552e-35  3.73811e-36 -3.47942e-36 -1.14452e-37  8.02671e-37 -1.34352e-37 -1.69115e-37  -8.0165e-39  3.11877e-38  2.32093e-39 -4.59208e-39  2.68989e-40  4.66837e-40 -5.82459e-42 -2.40335e-41  -1.7518e-42 -2.73191e-43 -4.18791e-44  7.15129e-44  6.21744e-46
-3.12508e-34  1.04789e-35 -8.39032e-34   6.2115e-36  4.78491e-33  2.46825e-35 -1.44106e-33  1.60892e-34 -6.79569e-34 -1.68619e-34 -8.38112e-34  2.15154e-34  3.27638e-34 -3.98599e-35  1.22447e-33   2.6584e-35 -5.04765e-34 -1.07566e-35  4.98896e-34  1.20736e-36 -9.98662e-35  3.47159e-36  1.54887e-35 -1.62114e-35 -1.40259e-34    5.013e-36   9.4819e-35  2.58474e-36  8.44189e-35  2.81939e-37 -5.80849e-34  1.87913e-36  3.17287e-33  5.76103e-37 -1.59207e-32  1.77045e-37  7.26061e-32  1.88427e-39 -3.01085e-31 -1.57307e-37  1.13586e-30 -1.01705e-38 -3.89887e-30 -1.33916e-38  1.21718e-29 -1.46859e-37 -3.45269e-29  5.10415e-37  8.88508e-29 -1.77513e-36 -2.06961e-28  5.72418e-36   4.3502e-28  -1.7269e-35 -8.21775e-28  4.87499e-35  1.38766e-27 -1.28845e-34  -2.0796e-27  3.18792e-34  2.73895e-27 -7.38305e-34 -3.12625e-27   1.5999e-33  3.02729e-27 -3.24219e-33 -2.39869e-27  6.13945e-33  1.44386e-27 -1.08526e-32 -5.25595e-28  1.78857e-32 -5.13138e-29 -2.74412e-32  2.19378e-28  3.91251e-32 -1.37906e-28  -5.1734e-32  1.97012e-29  6.32905e-32  2.77341e-29 -7.14447e-32 -1.78988e-29  7.41883e-32   4.2525e-31 -7.06184e-32  3.78167e-30  6.13759e-32 -1.10491e-30 -4.84869e-32 -4.52049e-31  3.46406e-32  2.58082e-31 -2.22524e-32  3.49541e-32  1.27693e-32  -3.6671e-32 -6.49836e-33 -2.43743e-33  2.90976e-33  3.82398e-33 -1.13722e-33  2.22908e-34  3.85315e-34 -2.70233e-34 -1.12918e-34 -2.93557e-35  2.88604e-35  1.28166e-35 -6.60589e-36  1.96822e-36  1.40849e-36 -2.51813e-37 -2.83437e-37 -6.89655e-38  5.07697e-38 -3.05037e-40 -7.16372e-39  8.00689e-40  6.71909e-40  4.57857e-41 -2.98573e-41 -1.30253e-42 -3.20398e-43 -9.32688e-44  4.28262e-44
 -1.0469e-35 -2.75945e-34  3.82901e-35 -1.00111e-33  2.46825e-35  6.42434e-33  6.45897e-35 -1.97093e-33   2.2006e-34 -7.08431e-34 -1.68806e-34 -1.07101e-33  2.03258e-34  2.39975e-34 -2.87736e-35  1.24127e-33  2.47566e-35 -3.63898e-34 -8.12529e-36  4.41818e-34 -1.08873e-37 -7.49344e-35  2.35017e-36  3.00701e-35 -1.63035e-35  -1.6647e-34  4.07324e-36 -1.21266e-34  4.31621e-36  1.65354e-33 -3.95326e-37 -9.73318e-33  2.36486e-36  5.12722e-32   8.5636e-37 -2.45498e-31   1.9507e-37  1.06828e-30  7.96033e-39 -4.22825e-30 -1.71252e-37  1.52279e-29 -6.94177e-38 -4.98952e-29  1.39217e-37  1.48636e-28 -8.95333e-37 -4.02054e-28  3.13601e-36  9.85646e-28 -1.05006e-35 -2.18416e-27  3.27966e-35  4.35952e-27  -9.5927e-35 -7.80098e-27  2.62804e-34  1.24371e-26 -6.74542e-34 -1.75192e-26    1.622e-33  2.15514e-26 -3.65312e-33 -2.27601e-26   7.7029e-33  2.00787e-26 -1.51961e-32 -1.40693e-26  2.80223e-32  6.93531e-27 -4.82472e-32 -1.31801e-27  7.74506e-32  -1.3277e-27 -1.15727e-31  1.43277e-27  1.60635e-31 -5.35714e-28 -2.06663e-31 -1.05212e-28  2.45789e-31   1.9693e-28 -2.69435e-31 -5.81119e-29  2.71314e-31 -2.42837e-29 -2.50011e-31  1.95431e-29  2.09908e-31 -7.46395e-32 -1.59786e-31 -3.40145e-30   1.0966e-31  5.05441e-31 -6.74141e-32  4.25641e-31  3.68494e-32 -9.00849e-32 -1.77581e-32 -4.40551e-32  7.47265e-33  8.89247e-33 -2.71722e-33  3.71393e-33  8.45273e-34 -4.47714e-34 -2.23684e-34 -2.42984e-34  5.07937e-35  6.38039e-36 -1.03096e-35  9.23601e-36  2.01545e-36  5.36022e-37 -3.92822e-37 -1.58358e-37  6.96008e-38 -1.86207e-38  -9.4609e-39  4.06894e-40  8.10074e-40   1.2215e-40 -3.01266e-41  2.84321e-42 -2.70682e-43 -3.45139e-44
-3.21729e-34 -3.72779e-35 -2.88262e-34  9.15848e-35 -1.44106e-33  6.45897e-35   8.4722e-33  1.24191e-34 -2.36445e-33  2.41183e-34 -4.67612e-34  -1.3846e-34 -1.21829e-33  1.60856e-34   8.6769e-35 -1.39585e-35   1.1368e-33  2.53884e-35 -1.64576e-34 -9.07772e-36  3.25384e-34  4.80051e-37 -2.57467e-35 -1.82016e-37 -1.54222e-35 -1.42199e-35  3.57972e-34  2.32589e-36 -4.14002e-33  6.34477e-36  2.63555e-32 -1.10626e-36 -1.46295e-31  2.62508e-36  7.35567e-31  1.05633e-36 -3.35958e-30  2.58014e-37  1.39521e-29 -1.71637e-40 -5.27185e-29 -1.17488e-37  1.81263e-28 -3.63308e-37 -5.66887e-28  1.16324e-36  1.61106e-27 -4.85884e-36 -4.15404e-27  1.66736e-35  9.69612e-27 -5.38879e-35  -2.0425e-26  1.62965e-34  3.86717e-26  -4.6197e-34 -6.54561e-26  1.22796e-33  9.83358e-26 -3.06117e-33 -1.29839e-25  7.15639e-33  1.48574e-25 -1.56849e-32 -1.44225e-25  3.22119e-32  1.14525e-25 -6.19379e-32 -6.90197e-26  1.11389e-31  2.50371e-26 -1.87108e-31  2.68828e-27  2.93091e-31 -1.07493e-26 -4.27305e-31  6.73522e-27  5.78535e-31  -9.4039e-28 -7.25554e-31 -1.38456e-27  8.40419e-31  8.89604e-28 -8.96157e-31 -1.82324e-29  8.76451e-31 -1.91272e-28 -7.82908e-31   5.5737e-29   6.3574e-31  2.31985e-29 -4.66759e-31 -1.32194e-29   3.0794e-31 -1.83806e-30 -1.81255e-31  1.91576e-30  9.43929e-32  1.25396e-31  -4.3066e-32 -2.00215e-31  1.70146e-32 -1.24917e-32  -5.7424e-33   1.4657e-32  1.63106e-33  1.52891e-33 -3.85009e-34 -6.84418e-34  7.57796e-35 -1.09405e-34 -1.31621e-35  1.40901e-35  2.32539e-36  3.81187e-36 -4.52144e-37  1.68749e-38  8.16484e-38 -4.51303e-38 -1.07434e-38 -2.56492e-39  8.25284e-40  7.15866e-41  -2.4468e-41   5.3502e-42 -1.45409e-43
  2.7887e-35 -4.71801e-34 -8.31072e-35 -4.70291e-34  1.60892e-34 -1.97093e-33  1.24191e-34   1.0101e-32  1.86515e-34 -2.53548e-33  2.12444e-34  -6.2492e-35 -9.66211e-35  -1.2032e-33  1.03885e-34 -9.64982e-35 -2.15521e-36   9.8239e-34   2.9766e-35  5.37691e-35 -1.39926e-35  1.63633e-34  2.14043e-36  1.97045e-34  -3.1669e-36 -1.25863e-33 -1.06157e-35  9.58804e-33  2.06759e-37 -6.40602e-32  8.39897e-36  3.74756e-31 -1.66642e-36 -1.98025e-30  2.58959e-36  9.49558e-30  1.09528e-36 -4.13828e-29  4.34304e-37  1.64058e-28 -8.05619e-38  -5.9186e-28   2.1983e-37  1.94279e-27 -1.79044e-36 -5.79855e-27  6.37925e-36  1.57166e-26 -2.34353e-35 -3.86117e-26  7.78294e-35  8.57541e-26 -2.42594e-34 -1.71565e-25  7.08992e-34  3.07758e-25 -1.94493e-33 -4.91919e-25  5.01029e-33  6.94776e-25 -1.21231e-32  -8.5702e-25   2.7551e-32  9.07576e-25 -5.87884e-32 -8.02779e-25  1.17706e-31  5.63778e-25 -2.20926e-31  -2.7808e-25   3.8822e-31  5.20311e-26 -6.37664e-31  5.47697e-26  9.77114e-31 -5.87591e-26 -1.39365e-30  2.19143e-26   1.8454e-30   4.4621e-27 -2.26196e-30 -8.21985e-27  2.55806e-30  2.42038e-27  -2.6594e-30  1.03181e-27  2.53123e-30 -8.29146e-28 -2.19571e-30  2.28718e-30  1.72694e-30   1.4626e-28 -1.22433e-30 -2.17682e-29  7.77171e-31 -1.85801e-29 -4.38249e-31  3.97145e-30  2.17502e-31  1.93609e-30 -9.39393e-32 -3.93175e-31  3.48207e-32 -1.67307e-31 -1.08856e-32  2.06935e-32   2.8079e-33  1.09353e-32 -5.82618e-34 -2.82284e-34  9.56735e-35 -4.28452e-34 -1.32003e-35 -2.44149e-35  2.03486e-36  7.42384e-36 -4.25266e-37  8.74265e-37  8.25537e-38 -1.97213e-38 -1.05515e-38 -5.79357e-39  7.06914e-40 -1.40205e-40  -1.5316e-41  1.71131e-42
  9.5238e-36  7.55913e-35 -5.21958e-34 -1.34644e-34 -6.79569e-34   2.2006e-34 -2.36445e-33  1.86515e-34  1.07469e-32  2.28014e-34 -2.50783e-33  1.44078e-34  2.96259e-34 -6.32072e-35  -1.0265e-33  4.88323e-35 -2.93372e-34  2.62189e-36  8.16583e-34  3.53815e-35  2.87847e-34 -2.10443e-35 -2.86705e-34  2.85078e-36  2.85503e-33 -5.04672e-36 -2.06048e-32 -6.49792e-36  1.41394e-31 -1.85292e-36 -8.70804e-31  1.02116e-35  4.83794e-30 -1.96752e-36 -2.43654e-29  2.21283e-36  1.11457e-28  9.39077e-37 -4.63632e-28  8.46217e-37   1.7549e-27 -5.02246e-37 -6.04504e-27  1.86385e-36  1.89424e-26 -8.26941e-36 -5.39442e-26  2.95001e-35  1.39396e-25 -1.01332e-34 -3.26119e-25   3.2311e-34  6.88637e-25 -9.67045e-34 -1.30715e-24  2.71875e-33   2.2184e-24 -7.18811e-33 -3.34204e-24  1.78858e-32  4.42549e-24 -4.19036e-32 -5.07915e-24  9.24454e-32  4.94526e-24  -1.9199e-31 -3.93817e-24  3.75067e-31  2.37877e-24 -6.88413e-31 -8.62044e-25  1.18517e-30 -9.88099e-26 -1.90985e-30  3.78893e-25   2.8736e-30 -2.37384e-25 -4.02562e-30  3.27712e-26  5.23413e-30  4.96663e-26 -6.29441e-30 -3.19347e-26  6.97465e-30  6.16358e-28 -7.09182e-30   6.9658e-27  6.58727e-30 -2.03939e-27 -5.56167e-30 -8.54733e-28  4.24469e-30  4.90537e-28 -2.91002e-30  6.83924e-29  1.77913e-30 -7.21575e-29 -9.61788e-31 -4.62384e-30   4.5505e-31  7.62347e-30 -1.86051e-31  4.75077e-31  6.46724e-32 -5.70029e-31 -1.86982e-32 -5.81112e-32   4.3585e-33  2.68259e-32 -7.81459e-34  4.31949e-33  1.00405e-34 -5.70588e-34 -8.87957e-36 -1.52437e-34  1.02061e-36 -5.32023e-37 -3.07779e-37  1.83996e-36   7.1898e-38  1.04426e-37 -8.93853e-39 -2.94695e-39   4.9825e-40 -2.25977e-40 -6.46651e-42
 -8.5193e-36  8.95825e-35  1.36584e-34 -6.30455e-34 -1.68619e-34 -7.08431e-34  2.41183e-34 -2.53548e-33  2.28014e-34  1.03466e-32  2.34794e-34 -2.34607e-33  5.97565e-35  4.55031e-34 -4.66154e-35 -7.53228e-34  6.99484e-36 -5.08638e-34  4.01683e-37  5.96059e-34  3.77602e-35  9.73988e-34 -2.76172e-35 -5.06379e-33  8.99958e-37  4.00171e-32 -4.36181e-36 -2.85638e-31 -2.94556e-36  1.84937e-30 -3.56759e-36 -1.08078e-29  1.16193e-35  5.71928e-29 -1.99471e-36 -2.74684e-28  1.45327e-36   1.1991e-27  5.76214e-37 -4.76211e-27  1.84828e-36  1.72121e-26 -2.49699e-36 -5.66113e-26  9.40564e-36  1.69321e-25 -3.61018e-35 -4.59954e-25  1.24015e-34  1.13265e-24 -4.01839e-34 -2.52179e-24  1.21752e-33  5.05847e-24 -3.46438e-33   -9.099e-24  9.27476e-33  1.45859e-23 -2.34057e-32 -2.06633e-23  5.57686e-32  2.55691e-23  -1.2562e-31 -2.71655e-23  2.67695e-31  2.41076e-23 -5.39693e-31 -1.69832e-23  1.02857e-30  8.39505e-24 -1.85009e-30  -1.5575e-24  3.13311e-30 -1.69074e-24  -4.9802e-30   1.8115e-24  7.40385e-30 -6.76683e-25 -1.02544e-29 -1.40466e-25  1.31764e-29  2.57927e-25 -1.56402e-29 -7.62873e-26  1.70724e-29 -3.27679e-26 -1.70576e-29  2.65081e-26  1.55222e-29 -9.85169e-29 -1.27959e-29 -4.73223e-27  9.49943e-30  7.16372e-28 -6.30875e-30   6.0837e-28  3.71935e-30 -1.32607e-28 -1.92892e-30 -6.40605e-29  8.70301e-31  1.32996e-29 -3.36843e-31  5.63184e-30  1.09766e-31 -7.21203e-31 -2.93203e-32 -3.72602e-31  6.15191e-33  1.03458e-32 -9.35049e-34  1.49477e-32  8.30576e-35  8.28758e-34 -1.82559e-37  -2.6411e-34 -5.33502e-37 -3.08545e-35  -1.3373e-37  7.34216e-37  5.34065e-38  2.09561e-37 -6.45015e-39  5.08141e-39  2.74512e-40 -6.53239e-41
 1.59796e-34  -2.0893e-35  2.18734e-34  1.90012e-34 -8.38112e-34 -1.68806e-34 -4.67612e-34  2.12444e-34 -2.50783e-33  2.34794e-34  9.25671e-33  2.11228e-34 -2.12241e-33 -1.76673e-35  3.98578e-34 -4.22107e-35 -4.62319e-34 -1.67496e-35 -6.94948e-34  -6.4391e-36  -4.0595e-34  3.33634e-35  8.76419e-33 -3.16539e-35 -7.00089e-32 -3.97817e-36   5.2997e-31 -4.40729e-37 -3.61078e-30 -8.26039e-37  2.22066e-29 -4.86766e-36 -1.23536e-28  1.25995e-35  6.23155e-28 -1.81372e-36 -2.85537e-27  3.17712e-37  1.18989e-26 -2.35968e-37 -4.51245e-26  5.00492e-36  1.55752e-25 -1.19989e-35 -4.89099e-25  4.40164e-35  1.39602e-24  -1.5548e-34 -3.61607e-24  5.04609e-34  8.48131e-24  -1.5313e-33 -1.79573e-23  4.34232e-33  3.41825e-23 -1.15411e-32 -5.81855e-23  2.88378e-32  8.79324e-23 -6.79857e-32 -1.16824e-22  1.51819e-31  1.34541e-22 -3.22406e-31 -1.31463e-22  6.53267e-31   1.0507e-22 -1.26545e-30 -6.36822e-23  2.34343e-30  2.31173e-23 -4.13933e-30  2.75236e-24  6.94424e-30 -1.03495e-23 -1.10022e-29  6.50533e-24  1.63589e-29 -8.99603e-25 -2.26809e-29 -1.37897e-24  2.91428e-29  8.92085e-25 -3.45031e-29 -1.81148e-26  3.74339e-29 -1.96799e-25 -3.70206e-29  5.83524e-26  3.31951e-29  2.43339e-26 -2.68362e-29 -1.41966e-26  1.94419e-29 -1.94569e-27 -1.25357e-29  2.11552e-27   7.1366e-30  1.29225e-28  -3.5533e-30 -2.26498e-28  1.52915e-30 -1.35216e-29 -5.60188e-31  1.72427e-29  1.71079e-31  1.70678e-30 -4.22001e-32 -8.25375e-31  7.95209e-33 -1.31428e-31 -1.00497e-33  1.81278e-32  4.49534e-35   4.7442e-33  1.08894e-35  8.14234e-36 -2.17523e-36 -5.86825e-35  3.97758e-38 -3.30154e-36  3.30362e-38  9.80634e-38 -3.86024e-39  7.37334e-39  1.02942e-40
 6.44549e-36  3.83275e-34 -3.40059e-35  3.18661e-34  2.15154e-34 -1.07101e-33  -1.3846e-34  -6.2492e-35  1.44078e-34 -2.34607e-33  2.11228e-34  7.99768e-33  1.74067e-34 -1.90884e-33 -7.57488e-35  2.14744e-34 -3.95964e-35 -2.80216e-34 -2.26611e-35  1.50171e-34 -1.57302e-35 -1.23076e-32  2.16391e-35  1.13323e-31  -3.2225e-35 -9.05071e-31 -1.04743e-35  6.50972e-30  6.28892e-36 -4.21606e-29 -5.20954e-37  2.46697e-28 -5.90409e-36 -1.30755e-27  1.32504e-35  6.29059e-27 -1.59559e-36 -2.75106e-26 -7.82172e-37  1.09466e-25 -3.44713e-36 -3.96464e-25  1.87574e-35  1.30681e-24  -6.0305e-35  -3.9176e-24    2.125e-34   1.0668e-23  -7.0189e-34 -2.63382e-23  2.13832e-33  5.88014e-23 -6.04034e-33 -1.18292e-22  1.58241e-32  2.13432e-22 -3.85003e-32 -3.43245e-22  8.72092e-32  4.87925e-22 -1.84698e-31 -6.05941e-22  3.68268e-31  6.46211e-22 -6.98385e-31 -5.75736e-22  1.27626e-30  4.07233e-22 -2.27785e-30 -2.02073e-22  4.00611e-30  3.74694e-23 -6.94172e-30   4.1352e-23  1.17352e-29 -4.44542e-23 -1.90556e-29  1.67056e-23  2.92396e-29  3.47435e-24 -4.18126e-29 -6.44235e-24  5.51297e-29   1.9273e-24  -6.6485e-29  8.23373e-25  7.28796e-29 -6.76319e-25 -7.22313e-29  4.67337e-27  6.44036e-29  1.21947e-25 -5.13946e-29 -1.90543e-26  3.64979e-29 -1.58335e-26 -2.29136e-29  3.56003e-27  1.26175e-29   1.6855e-27 -6.03542e-30 -3.62826e-28  2.47736e-30 -1.50526e-28 -8.58649e-31  2.02501e-29  2.45642e-31  1.01362e-29 -5.59552e-32 -3.20606e-31  9.47173e-33 -4.16314e-31 -9.80489e-34 -2.20736e-32 -2.93552e-36  7.54842e-33  2.09625e-35  8.67244e-34 -3.38797e-36 -2.25436e-35   1.6063e-37 -6.07928e-36  1.61784e-38 -1.44581e-37 -1.81382e-39  1.98254e-39
-1.86783e-34  1.46769e-35  7.12885e-34 -4.17871e-35  3.27638e-34  2.03258e-34 -1.21829e-33 -9.66211e-35  2.96259e-34  5.97565e-35 -2.12241e-33  1.74067e-34  7.00575e-33  1.39527e-34 -1.77382e-33 -1.13448e-34  1.00555e-34 -3.10674e-35 -1.52835e-33 -1.44989e-35  1.61858e-32  -2.6802e-35 -1.68371e-31  5.43223e-36  1.43109e-30 -2.93636e-35 -1.08722e-29 -1.64931e-35  7.42347e-29  1.44568e-35 -4.57181e-28 -1.75352e-36  2.54736e-27  -7.0049e-36 -1.28718e-26  1.38201e-35  5.90884e-26 -2.03845e-36 -2.46713e-25  1.11338e-36  9.37555e-25  -2.1514e-35 -3.24319e-24   9.2024e-35  1.02082e-23 -3.22976e-34 -2.92091e-23  1.09432e-33  7.58587e-23 -3.43283e-33 -1.78419e-22  9.90971e-33  3.78881e-22 -2.63143e-32 -7.23478e-22  6.41131e-32  1.23559e-21 -1.42861e-31 -1.87386e-21  2.89919e-31  2.49881e-21 -5.33143e-31 -2.88915e-21  8.83657e-31  2.83484e-21  -1.3158e-30 -2.27572e-21   1.7725e-30   1.3857e-21 -2.24704e-30 -5.05355e-22  2.98655e-30 -6.08399e-23 -4.78741e-30  2.29212e-22  9.20369e-30 -1.45053e-22 -1.83536e-29  2.03751e-23  3.40639e-29  3.10024e-23 -5.64767e-29 -2.02932e-23  8.28234e-29  4.80056e-25 -1.07393e-28  4.51299e-24  1.23289e-28 -1.36658e-24   -1.254e-28 -5.59763e-25  1.12933e-28  3.35258e-25 -8.98664e-29  4.42431e-26  6.29609e-29 -5.05447e-26 -3.86347e-29 -2.83209e-27  2.06182e-29  5.48774e-27 -9.48092e-30  3.01538e-28  3.71061e-30 -4.25333e-28 -1.21567e-30 -4.02336e-29  3.25497e-31  2.08063e-29 -6.84945e-32  3.23057e-30  1.04517e-32 -4.73659e-31 -8.85282e-34 -1.20188e-31 -4.41646e-35  1.22578e-34  2.68472e-35  1.53255e-33 -3.83894e-36  8.44225e-35  2.04831e-37 -2.71139e-36  5.55725e-39 -1.95821e-37  -5.8149e-40
-6.54133e-36 -3.55977e-34   2.2683e-35  1.03595e-33 -3.98599e-35  2.39975e-34  1.60856e-34  -1.2032e-33 -6.32072e-35  4.55031e-34 -1.76673e-35 -1.90884e-33  1.39527e-34   6.5203e-33  1.14816e-34 -1.87273e-33 -1.36186e-34  1.70016e-33  -1.5466e-35  -2.2508e-32  1.70807e-36  2.31156e-31 -4.00065e-35 -2.09972e-30 -1.00418e-35  1.68741e-29 -2.35963e-35 -1.21577e-28   -2.033e-35  7.88671e-28  2.21996e-35 -4.62224e-27   -3.617e-36  2.45415e-26 -8.67703e-36 -1.18287e-25  1.52583e-35  5.18322e-25 -7.23727e-36 -2.06676e-24  2.41981e-35  7.50204e-24  -1.2867e-34 -2.47865e-23  5.05815e-34  7.44925e-23 -1.78129e-33 -2.03392e-22  5.84753e-33  5.03577e-22 -1.77038e-32 -1.12764e-21  4.92673e-32  2.27575e-21 -1.25673e-31 -4.12003e-21  2.92455e-31  6.64979e-21  -6.1641e-31 -9.48892e-21   1.1632e-30  1.18321e-20 -1.92618e-30 -1.26733e-20  2.68875e-30  1.13437e-20 -2.85041e-30  -8.0641e-21  1.34483e-30   4.0239e-21  3.11659e-30 -7.52183e-22 -1.12532e-29 -8.31156e-22  2.19349e-29  9.00885e-22 -3.10335e-29 -3.42162e-22  3.15307e-29  -6.9989e-23 -1.58434e-29  1.32881e-22 -1.99308e-29 -4.04987e-23  7.19802e-29 -1.69741e-23 -1.28024e-28  1.42873e-23  1.71515e-28 -1.78557e-25 -1.89163e-28 -2.59619e-24  1.77319e-28   4.2471e-25 -1.43115e-28  3.39802e-25  9.98776e-29 -7.97644e-26 -6.02177e-29 -3.65473e-26  3.12203e-29  8.26971e-27 -1.38074e-29  3.31633e-27  5.14801e-30  -4.7623e-28 -1.59153e-30 -2.28042e-28  3.98181e-31  8.51728e-30 -7.74344e-32    9.611e-30  1.07322e-32  4.76016e-31 -7.65156e-34 -1.79839e-31 -6.47848e-35 -2.01185e-32   2.7084e-35  5.89411e-34 -3.51702e-36  1.46452e-34  1.82077e-37  3.37403e-36  8.18076e-40 -5.03504e-38
 1.36592e-34 -1.19825e-35 -4.93231e-34  2.69021e-35  1.22447e-33 -2.87736e-35   8.6769e-35  1.03885e-34  -1.0265e-33 -4.66154e-35  3.98578e-34 -7.57488e-35 -1.77382e-33  1.14816e-34  6.70658e-33  9.83871e-35 -4.00239e-33 -1.49903e-34  2.70227e-32  3.29937e-36 -2.98557e-31  1.87208e-35  2.86373e-30 -5.53256e-35 -2.43929e-29 -1.90236e-35   1.8565e-28 -1.55953e-35 -1.26961e-27 -2.16142e-35  7.83189e-27  2.76426e-35 -4.37147e-26 -4.73888e-36  2.21303e-25 -1.21832e-35 -1.01792e-24  2.27826e-35  4.25913e-24   -4.125e-35 -1.62219e-23  1.72371e-34   5.6249e-23 -7.38365e-34 -1.77499e-22  2.78347e-33  5.09258e-22 -9.62395e-33 -1.32639e-21  3.07966e-32   3.1292e-21 -9.09021e-32 -6.66656e-21   2.4689e-31  1.27739e-20 -6.15064e-31 -2.18961e-20   1.3986e-30  3.33368e-20 -2.88089e-30 -4.46409e-20   5.3093e-30  5.18453e-20 -8.56221e-30  -5.1116e-20  1.15322e-29  4.12502e-20 -1.13559e-29 -2.52663e-20  2.99918e-30  9.28584e-21  1.99173e-29  1.09908e-21 -6.22559e-29 -4.24274e-21  1.22707e-28  2.71318e-21 -1.89502e-28  -3.9265e-22  2.40233e-28 -5.81694e-22 -2.48728e-28  3.87559e-22  1.97859e-28 -1.14287e-23  -9.1683e-29 -8.65856e-23 -4.18476e-29  2.70075e-23  1.61774e-28  1.07175e-23 -2.33435e-28 -6.65961e-24  2.44265e-28 -8.26495e-25 -2.06339e-28  1.01463e-24  1.45643e-28  4.94317e-26  -8.6912e-29  -1.1173e-25   4.3906e-29 -5.37389e-27 -1.86803e-29  8.82454e-27   6.6243e-30  7.80613e-28 -1.92698e-30 -4.42567e-28  4.49157e-31 -6.61211e-29 -8.07273e-32  1.04958e-29  1.02872e-32  2.55386e-30  -6.6313e-34 -1.24325e-32 -6.03316e-35 -3.37629e-32  2.25119e-35 -1.79846e-33 -2.68815e-36   6.3917e-35   1.2377e-37  4.37947e-36 -2.78828e-40
 1.66644e-36  2.68707e-34  -1.5049e-35 -5.51298e-34   2.6584e-35  1.24127e-33 -1.39585e-35 -9.64982e-35  4.88323e-35 -7.53228e-34 -4.22107e-35  2.14744e-34 -1.13448e-34 -1.87273e-33  9.83871e-35  9.35693e-33  8.51079e-35 -3.27124e-32 -1.57517e-34  3.56683e-31  2.02171e-35 -3.64358e-30  2.93529e-35  3.28993e-29 -7.12456e-35 -2.64836e-28 -1.70983e-35  1.91113e-27 -6.15189e-36 -1.24181e-26 -2.15702e-35  7.29083e-26  2.91502e-35  -3.8783e-25 -2.95565e-36  1.87304e-24 -2.34236e-35 -8.22499e-24  6.52135e-35  3.28708e-23 -2.34461e-34 -1.19605e-22  9.91911e-34  3.96188e-22 -3.96774e-33 -1.19395e-21   1.4525e-32   3.2694e-21 -4.91111e-32 -8.11976e-21  1.53636e-31  1.82423e-20  -4.4398e-31 -3.69447e-20  1.18289e-30  6.71349e-20 -2.89752e-30 -1.08789e-19  6.49826e-30  1.55898e-19 -1.32593e-29 -1.95285e-19   2.4372e-29  2.10203e-19 -3.96824e-29 -1.89167e-19   5.5403e-29  1.35293e-19 -6.13278e-29 -6.80138e-20  3.93753e-29  1.29329e-20  3.35718e-29  1.40802e-20 -1.76116e-28 -1.54672e-20  3.87311e-28  5.96589e-21  -6.3336e-28  1.17605e-21  8.47429e-28 -2.32183e-21  -9.5045e-28  7.26238e-22  8.88004e-28  2.94287e-22 -6.63466e-28 -2.56378e-22  3.43995e-28  5.28632e-24 -3.08981e-29  4.68355e-23 -1.89139e-28 -8.13144e-24  2.81179e-28 -6.16677e-24 -2.66057e-28  1.52984e-24  1.94889e-28  6.69467e-25 -1.16335e-28 -1.61425e-25  5.74784e-29 -6.17665e-26  -2.3524e-29  9.62006e-27  7.91257e-30   4.3492e-27 -2.15584e-30 -1.96002e-28  4.65804e-31 -1.88699e-28 -7.73072e-32 -8.45928e-30  9.21635e-33  3.66323e-30 -5.97656e-34  3.94714e-31 -3.74175e-35 -1.33594e-32  1.55649e-35 -3.00604e-33 -1.72142e-36 -6.62033e-35  6.34768e-38  1.10219e-36
-3.73648e-35  3.61845e-36  3.94078e-34 -1.41939e-35 -5.04765e-34  2.47566e-35   1.1368e-33 -2.15521e-36 -2.93372e-34  6.99484e-36 -4.62319e-34 -3.95964e-35  1.00555e-34 -1.36186e-34 -4.00239e-33  8.51079e-35  3.98512e-32  7.07096e-35 -3.99762e-31 -1.58432e-34  4.32252e-30  3.23383e-35 -4.14657e-29  2.79566e-35  3.53476e-28 -8.45785e-35 -2.69452e-27 -2.49979e-36  1.84577e-26  3.59985e-36 -1.14063e-25 -2.24368e-35  6.37863e-25   2.4815e-35 -3.23566e-24  8.25613e-36  1.49149e-23 -7.29339e-35 -6.25493e-23  2.88678e-34  2.38815e-22 -1.22904e-33 -8.30236e-22  5.09705e-33  2.62713e-21   -1.968e-32 -7.55962e-21  7.02355e-32  1.97512e-20 -2.32159e-31  -4.6752e-20  7.10796e-31  9.99565e-20 -2.01355e-30 -1.92254e-19  5.26918e-30  3.30884e-19 -1.27079e-29 -5.05955e-19  2.81501e-29  6.80673e-19 -5.69904e-29 -7.94503e-19  1.04665e-28  7.87635e-19 -1.72315e-28 -6.39521e-19    2.491e-28  3.94571e-19 -3.03139e-28 -1.46608e-19  2.77165e-28 -1.65343e-20 -9.80065e-29  6.70728e-20 -2.93667e-28 -4.35119e-20  8.98797e-28  6.57772e-21 -1.62329e-27  9.30587e-21  2.28127e-27 -6.35097e-21  -2.6565e-27  2.40908e-22  2.60235e-27  1.42011e-21 -2.12431e-27  -4.6028e-22  1.38688e-27 -1.74373e-22   -6.331e-28  1.13713e-22  6.62157e-29  1.28954e-23  2.31274e-28 -1.74869e-23 -2.98984e-28 -6.82118e-25  2.38461e-28  1.95309e-24 -1.44651e-28  7.62919e-26  7.02287e-29 -1.57368e-25 -2.76314e-29  -1.2659e-26  8.77848e-30  8.11384e-27 -2.22402e-30  1.15013e-27  4.41688e-31 -2.01468e-28 -6.75116e-32 -4.64876e-29  7.70798e-33  4.64003e-31 -5.57607e-34  6.40948e-31 -9.12892e-36  3.25847e-32  8.86201e-36  -1.3112e-33 -9.09205e-37 -8.43119e-35  2.17441e-38
 3.94037e-38 -7.45349e-35  4.51482e-36  4.80327e-34 -1.07566e-35 -3.63898e-34  2.53884e-35   9.8239e-34  2.62189e-36 -5.08638e-34 -1.67496e-35 -2.80216e-34 -3.10674e-35  1.70016e-33 -1.49903e-34 -3.27124e-32  7.07096e-35  4.20991e-31   5.3012e-35  -4.7913e-30 -1.50078e-34  4.88825e-29  3.95648e-35 -4.41949e-28  1.17797e-35  3.56299e-27 -9.12099e-35 -2.57545e-26  2.35615e-35  1.67645e-25  1.19143e-35 -9.86141e-25  -2.5922e-35  5.25636e-24  9.06159e-36 -2.54407e-23  5.78536e-35  1.11974e-22 -3.05239e-34 -4.48602e-22  1.36104e-33  1.63657e-21 -5.87721e-33 -5.43623e-21  2.37865e-32  1.64312e-20 -8.94105e-32 -4.51364e-20  3.11647e-31  1.12477e-19 -1.00767e-30 -2.53606e-19  3.02151e-30  5.15581e-19 -8.39454e-30 -9.40743e-19  2.15797e-29  1.53113e-18 -5.12278e-29 -2.20453e-18  1.11984e-28  2.77559e-18 -2.24523e-28 -3.00425e-18  4.10508e-28  2.72033e-18 -6.78562e-28 -1.95953e-18   1.0001e-27  9.94373e-19 -1.28204e-27 -1.94096e-19  1.35546e-27 -2.04753e-19 -1.00609e-27  2.29227e-19  6.20134e-29 -9.02355e-20  1.48301e-27 -1.67498e-20 -3.37737e-27  3.50133e-20   5.1346e-27 -1.13234e-20  -6.2063e-27 -4.36686e-21  6.23765e-27  3.98151e-21 -5.25486e-27 -1.25056e-22  3.65433e-27 -7.29287e-22 -1.99197e-27  1.36093e-22  7.11751e-28  9.63702e-23   1.5901e-29 -2.55768e-23 -2.74703e-28 -1.05456e-23  2.65077e-28  2.74748e-24  -1.6743e-28  9.90088e-25  8.03537e-29 -1.69863e-25 -3.03524e-29 -7.15931e-26   9.0502e-30  3.94068e-27 -2.10821e-30  3.20954e-27  3.79341e-31   1.2455e-28 -5.30871e-32 -6.49697e-29  5.99276e-33 -6.66509e-30 -5.15695e-34  2.65882e-31   1.2435e-35  5.35656e-32  4.03063e-36  1.10891e-33 -3.78411e-37 -2.11698e-35
-3.83513e-37  7.00505e-37 -1.01298e-34  3.39715e-36  4.98896e-34 -8.12529e-36 -1.64576e-34   2.9766e-35  8.16583e-34  4.01683e-37 -6.94948e-34 -2.26611e-35 -1.52835e-33  -1.5466e-35  2.70227e-32 -1.57517e-34 -3.99762e-31   5.3012e-35  4.96496e-30  3.09086e-35 -5.39442e-29 -1.30062e-34   5.1808e-28  4.34133e-35 -4.42322e-27 -1.83135e-35  3.37742e-26 -8.73035e-35  -2.3177e-25  5.75883e-35  1.43501e-24  1.61294e-35 -8.04124e-24 -2.96282e-35  4.08793e-23 -4.17158e-35 -1.88872e-22  2.70509e-34  7.94045e-22 -1.32627e-33 -3.03968e-21  6.00106e-33  1.05971e-20 -2.54942e-32 -3.36333e-20  1.00795e-31  9.70895e-20 -3.70182e-31 -2.54532e-19   1.2625e-30  6.04679e-19 -3.99838e-30 -1.29783e-18  1.17546e-29  2.50657e-18 -3.20523e-29 -4.33318e-18  8.09689e-29  6.65754e-18  -1.8916e-28 -9.00279e-18  4.07697e-28  1.05674e-17  -8.0796e-28 -1.05411e-17  1.46542e-27  8.61948e-18 -2.41632e-27 -5.36438e-18  3.58596e-27  2.02185e-18  -4.7121e-27  2.09303e-19  5.31941e-27 -9.20309e-19 -4.81491e-27  6.08139e-19  2.73384e-27 -9.72638e-20  9.37527e-28 -1.28957e-19 -5.54936e-27  9.07645e-20   9.8894e-27 -4.45678e-21  -1.2647e-26 -2.02311e-20  1.30282e-26  6.87391e-21 -1.11462e-26  2.44672e-21   7.9214e-27 -1.69612e-21 -4.55911e-27 -1.69289e-22  1.96471e-27  2.62937e-22  -4.5208e-28  7.03689e-24 -1.62877e-28 -2.97826e-23  2.64553e-28 -8.25313e-25 -1.80969e-28   2.4509e-24  8.64908e-29  1.72638e-25 -3.12932e-29 -1.30251e-25  8.67665e-30 -1.72405e-26 -1.82591e-30  3.40143e-27  2.90172e-31  7.36155e-28 -3.67317e-32 -1.21887e-29  4.29922e-33 -1.06524e-29 -4.49424e-34 -5.09142e-31  2.16539e-35  2.37515e-32  1.37181e-36   1.4192e-33 -1.08804e-37
-2.53436e-36 -1.40537e-36  1.92108e-36  -1.0951e-34  1.20736e-36  4.41818e-34 -9.07772e-36  5.37691e-35  3.53815e-35  5.96059e-34  -6.4391e-36  1.50171e-34 -1.44989e-35  -2.2508e-32  3.29937e-36  3.56683e-31 -1.58432e-34  -4.7913e-30  3.09086e-35  5.57504e-29  3.30114e-36 -5.69784e-28 -9.79521e-35  5.15934e-27  4.51167e-35 -4.16642e-26 -5.80963e-35  3.01705e-25  -7.0428e-35 -1.96767e-24  9.52811e-35  1.15982e-23  1.15905e-35 -6.19563e-23 -1.72882e-35  3.00569e-22 -2.18155e-34 -1.32622e-21  1.11063e-33  5.32731e-21 -5.33484e-33   -1.949e-20   2.3864e-32  6.49358e-20 -9.94788e-32 -1.96903e-19  3.85529e-31  5.42749e-19 -1.38851e-30 -1.35746e-18  4.64696e-30  3.07269e-18   -1.445e-29 -6.27296e-18  4.17334e-29  1.14972e-17 -1.11869e-28 -1.88028e-17  2.78016e-28  2.72134e-17 -6.39573e-28 -3.44567e-17  1.35904e-27  3.75278e-17 -2.65965e-27 -3.42196e-17  4.77463e-27  2.48543e-17 -7.81978e-27 -1.27569e-17  1.15925e-26  2.57877e-18 -1.53715e-26  2.59107e-18  1.78723e-26 -2.97441e-18 -1.75346e-26    1.201e-18  1.31815e-26  2.04208e-19 -4.81917e-27 -4.62154e-19 -5.91664e-27  1.55682e-19  1.61244e-26  5.61597e-20 -2.28215e-26 -5.42719e-20  2.43432e-26  2.44244e-21 -2.10811e-26  9.93827e-21  1.50801e-26 -2.01671e-21 -8.82013e-27 -1.31429e-21  4.03412e-27  3.77782e-22 -1.24391e-27  1.44711e-22  5.64251e-29 -4.13201e-23  2.31503e-28 -1.38375e-23 -1.83545e-28  2.65499e-24  8.81397e-29  1.03081e-24 -3.04388e-29 -6.97483e-26  7.74711e-30 -4.79446e-26  -1.4318e-30 -1.50205e-27  1.91246e-31  1.01701e-27 -2.13145e-32   9.8085e-29  2.81489e-33 -4.69148e-30 -3.55101e-34 -8.40165e-31  2.01005e-35 -1.60007e-32  2.98242e-37  3.61153e-34
-1.27595e-35 -5.92156e-36 -3.64898e-38  3.12096e-36 -9.98662e-35 -1.08873e-37  3.25384e-34 -1.39926e-35  2.87847e-34  3.77602e-35  -4.0595e-34 -1.57302e-35  1.61858e-32  1.70807e-36 -2.98557e-31  2.02171e-35  4.32252e-30 -1.50078e-34 -5.39442e-29  3.30114e-36  5.88125e-28 -3.06944e-35 -5.65737e-27 -5.61982e-35  4.83821e-26  4.43372e-35 -3.70094e-25 -1.01162e-34   2.5446e-24 -4.02908e-35 -1.57874e-23    1.335e-34   8.8661e-23 -1.15302e-35 -4.51785e-22  6.32376e-35  2.09259e-21  -7.9439e-34 -8.82102e-21  3.96496e-33   3.3864e-20 -1.88514e-32 -1.18418e-19   8.3454e-32  3.77055e-19 -3.43589e-31 -1.09222e-18  1.31435e-30  2.87396e-18 -4.67072e-30 -6.85449e-18   1.5419e-29   1.4774e-17 -4.72829e-29 -2.86631e-17   1.3465e-28  4.97917e-17 -3.55893e-28 -7.69018e-17   8.7224e-28  1.04584e-16 -1.97949e-27 -1.23526e-16   4.1517e-27  1.24078e-16  -8.0262e-27 -1.02276e-16  1.42518e-26  6.43012e-17 -2.31335e-26 -2.46664e-17  3.41019e-26 -2.23323e-18 -4.52255e-26   1.1096e-17  5.31771e-26 -7.50113e-18 -5.40569e-26  1.28364e-18  4.50843e-26  1.56649e-18 -2.64672e-26 -1.14548e-18  2.23491e-27  7.22869e-20  2.09126e-26   2.5339e-19  -3.6484e-26 -9.10553e-20  4.12028e-26 -2.99177e-20 -3.62363e-26  2.23725e-20  2.59376e-26  1.86331e-21 -1.51648e-26 -3.49143e-21  7.05077e-27 -4.13142e-23 -2.38519e-27  4.00985e-22  3.83026e-28  5.56278e-24  1.67826e-28 -3.37401e-23 -1.75968e-28 -1.96833e-24  8.57638e-29  1.85278e-24   -2.814e-29  2.24719e-25  6.46131e-30 -5.10838e-26 -1.00093e-30 -1.02574e-26  1.00113e-31  2.55197e-28 -9.06305e-33   1.5686e-28  1.65643e-33  6.92066e-30 -2.47458e-34 -3.83844e-31  1.32651e-35 -2.11353e-32  2.09804e-38
 9.28843e-37 -2.89287e-35 -1.00755e-35  5.13464e-36  3.47159e-36 -7.49344e-35  4.80051e-37  1.63633e-34 -2.10443e-35  9.73988e-34  3.33634e-35 -1.23076e-32  -2.6802e-35  2.31156e-31  1.87208e-35 -3.64358e-30  3.23383e-35  4.88825e-29 -1.30062e-34 -5.69784e-28 -3.06944e-35  5.83365e-27 -7.04443e-35 -5.29122e-26 -1.00831e-35  4.28063e-25   3.9063e-35 -3.10574e-24 -1.40625e-34  2.02969e-23  1.20045e-36 -1.19902e-22  1.70817e-34  6.42013e-22 -6.54522e-35 -3.12244e-21  2.91682e-34  1.38143e-20 -2.22457e-33 -5.56502e-20  1.13489e-32  2.04219e-19 -5.47033e-32 -6.82629e-19  2.44674e-31  2.07713e-18 -1.01362e-30 -5.74677e-18  3.88715e-30  1.44303e-17 -1.38032e-29 -3.28028e-17  4.54099e-29  6.72729e-17  -1.3847e-28 -1.23903e-16  3.91468e-28  2.03704e-16 -1.02591e-27 -2.96508e-16  2.49086e-27  3.77775e-16 -5.59679e-27 -4.14296e-16  1.16185e-26  3.80752e-16  -2.2231e-26 -2.79178e-16  3.90815e-26  1.45235e-16 -6.28537e-26 -3.06563e-17   9.1948e-26 -2.88298e-17  -1.2138e-25  3.41678e-17  1.42922e-25 -1.42231e-17 -1.47344e-25 -2.13966e-18  1.28546e-25  5.39779e-18 -8.76792e-26  -1.9079e-18  3.44319e-26 -6.31381e-19  1.62704e-26  6.56437e-19 -5.09236e-26 -4.04044e-20   6.3522e-26 -1.19782e-19 -5.72186e-26  2.67129e-20  4.09186e-26  1.57981e-20 -2.37171e-26 -4.98012e-21  1.09908e-26 -1.74605e-21 -3.83149e-27  5.54656e-22  7.92182e-28  1.70194e-22  8.25386e-29 -3.70817e-23 -1.61103e-28   -1.311e-23  8.05148e-29  1.09441e-24 -2.49663e-29  6.35542e-25  5.06191e-30  1.41279e-26 -6.05682e-31  -1.4197e-26  2.97741e-32  -1.2688e-27 -1.03376e-33   7.3944e-29  8.56674e-34  1.17203e-29 -1.48334e-34  1.99489e-31   6.3721e-36 -5.52215e-33
 7.64548e-36   2.2967e-36 -5.50375e-35 -1.39037e-35  1.54887e-35  2.35017e-36 -2.57467e-35  2.14043e-36 -2.86705e-34 -2.76172e-35  8.76419e-33  2.16391e-35 -1.68371e-31 -4.00065e-35  2.86373e-30  2.93529e-35 -4.14657e-29  3.95648e-35   5.1808e-28 -9.79521e-35 -5.65737e-27 -7.04443e-35   5.4513e-26 -1.12504e-34 -4.67039e-25  3.32181e-35  3.57948e-24  2.65483e-35 -2.46619e-23 -1.71124e-34  1.53348e-22  5.33358e-35 -8.63227e-22  1.88432e-34  4.40981e-21 -5.81431e-35 -2.04806e-20  2.59979e-34  8.65819e-20 -2.94332e-33 -3.33411e-19  1.85974e-32  1.16972e-18 -1.04387e-31 -3.73757e-18  5.18898e-31  1.08672e-17 -2.31101e-30 -2.87093e-17  9.30759e-30  6.87659e-17 -3.41427e-29 -1.48896e-16  1.14685e-28  2.90297e-16 -3.54106e-28 -5.06961e-16  1.00762e-27  7.87482e-16 -2.64645e-27 -1.07765e-15  6.41937e-27  1.28161e-15 -1.43771e-26 -1.29732e-15  2.96979e-26  1.07908e-15 -5.64706e-26 -6.86388e-16   9.8567e-26  2.68892e-16 -1.57316e-25  1.98604e-17    2.284e-25 -1.18694e-16  -2.9954e-25  8.24666e-17  3.51375e-25 -1.52432e-17 -3.63253e-25 -1.68318e-17  3.22805e-25  1.28912e-17 -2.34495e-25 -1.03192e-18   1.2091e-25 -2.81619e-18 -1.40326e-26  1.07992e-18  -5.9381e-26  3.20966e-19   8.9269e-26 -2.63456e-19 -8.35415e-26 -1.68057e-20  5.97389e-26  4.13274e-20 -3.41702e-26 -2.46898e-22  1.56194e-26 -4.81095e-21 -5.46069e-27  1.29022e-23  1.23838e-27  4.14352e-22 -1.12416e-29  1.82274e-23 -1.42575e-28 -2.35679e-23  7.37189e-29 -2.55794e-24 -2.14968e-29  6.88288e-25  3.75952e-30  1.26804e-25 -2.96142e-31  -4.4841e-27  -1.4235e-32 -2.06528e-27  2.95256e-33 -8.21495e-29  3.75165e-34  5.57693e-30 -7.40076e-35  2.80985e-31  2.00053e-36
 6.49346e-39  2.30992e-35  3.82999e-36 -9.27479e-35 -1.62114e-35  3.00701e-35 -1.82016e-37  1.97045e-34  2.85078e-36 -5.06379e-33 -3.16539e-35  1.13323e-31  5.43223e-36 -2.09972e-30 -5.53256e-35  3.28993e-29  2.79566e-35 -4.41949e-28  4.34133e-35  5.15934e-27 -5.61982e-35 -5.29122e-26 -1.12504e-34  4.80791e-25 -1.50432e-34 -3.89716e-24  6.61606e-35  2.83338e-23  5.10245e-36 -1.85581e-22 -1.93986e-34   1.0989e-21  1.45373e-34 -5.89895e-21  -1.6909e-35  2.87673e-20  1.08151e-33 -1.27641e-19  -5.0295e-33  5.15783e-19  1.78958e-32 -1.89901e-18 -5.17195e-32  6.37004e-18  8.78348e-32  -1.9456e-17  1.61439e-31  5.40451e-17  -2.3657e-30 -1.36293e-16  1.37564e-29  3.11249e-16  -6.0579e-29  -6.4148e-16  2.25988e-28  1.18777e-15 -7.44143e-28 -1.96401e-15  2.20557e-27  2.87668e-15  -5.9456e-27 -3.69031e-15  1.46599e-26  4.07806e-15 -3.31533e-26 -3.78084e-15  6.88205e-26  2.80205e-15 -1.31033e-25 -1.48056e-15  2.28367e-25  3.28761e-16 -3.63124e-25  2.84248e-16  5.24378e-25 -3.50521e-16 -6.83411e-25  1.51192e-16  7.96925e-25  1.92002e-17 -8.21151e-25 -5.62631e-17  7.33008e-25  2.10174e-17 -5.46696e-25  6.23764e-18   3.1289e-25 -7.10564e-18 -9.72547e-26  5.77155e-19 -4.99628e-26  1.28719e-18  1.13927e-25 -3.18566e-19 -1.13239e-25 -1.68577e-19  8.11571e-26  5.90493e-20 -4.56864e-26  1.86398e-20  2.04814e-26 -6.69671e-21 -7.08878e-27 -1.85379e-21  1.66678e-27  4.66114e-22 -1.00786e-28  1.48327e-22 -1.23345e-28 -1.53214e-23  6.63876e-29 -7.53412e-24 -1.81449e-29  -8.4932e-26  2.68185e-30  1.78141e-25  -9.1121e-32  1.45001e-26 -3.37854e-32 -1.04735e-27   3.9437e-33 -1.46563e-28  1.28585e-34 -2.13804e-30 -2.89816e-35  7.62177e-32
