 8.80717e-14 -1.61587e-25 -2.45281e-12  5.67765e-24   2.6984e-11 -5.38241e-23 -1.80635e-10  3.09337e-22  8.45684e-10 -1.28408e-21  -2.9587e-09  4.12194e-21   8.0068e-09 -1.05821e-20 -1.70191e-08  2.21074e-20   2.8383e-08 -3.78768e-20 -3.63023e-08  5.31541e-20  3.32263e-08 -6.02785e-20 -1.68488e-08  5.32498e-20 -4.45745e-09 -3.30658e-20  1.62497e-08  8.61543e-21 -1.14714e-08  8.99948e-21 -1.62097e-09 -1.42714e-20  8.38754e-09  1.01114e-20  -4.1392e-09 -3.61142e-21 -2.67933e-09  -2.4267e-22  3.54786e-09  9.55201e-22 -4.20563e-12 -4.03503e-22   -1.758e-09  8.92991e-24  4.92248e-10   2.9079e-23  6.38356e-10  1.59515e-23  -2.9679e-10 -1.65035e-23 -1.83748e-10  7.28021e-25  9.83018e-11  3.55484e-24   4.2411e-11  -1.3287e-24 -1.61032e-11   4.7236e-26 -5.73571e-12  3.04456e-26  3.00857e-13
-1.61587e-25  3.49533e-12 -3.50376e-24 -5.53215e-11  6.82387e-23  4.62768e-10 -4.98732e-22 -2.56168e-09  2.40763e-21  1.03069e-08 -8.71373e-21 -3.16178e-08  2.49401e-20  7.57527e-08 -5.78936e-20  -1.4277e-07  1.10463e-19  2.09418e-07 -1.74269e-19  -2.2955e-07   2.2692e-19  1.65864e-07 -2.40981e-19 -3.63609e-08  2.02616e-19 -7.84369e-08 -1.25415e-19  9.96607e-08  4.43039e-20 -3.12796e-08  8.32656e-21 -4.12096e-08 -2.35095e-20  4.64513e-08   1.5455e-20 -2.06214e-09 -3.96341e-21 -2.55107e-08 -1.07766e-21  1.22056e-08   8.7222e-22  8.55168e-09   2.1595e-22  -8.5245e-09  -3.5248e-22 -1.63699e-09  3.15571e-23  3.78947e-09  1.10914e-22  4.46066e-11 -6.11308e-23 -1.20747e-09  3.09243e-24  4.00709e-11   7.9615e-24  2.51923e-10 -2.47944e-24  5.41311e-12  1.01637e-25 -1.87579e-11 -8.83885e-28
-2.45281e-12 -3.50376e-24  6.83155e-11 -2.92785e-23 -7.51585e-10  4.04993e-22  5.03131e-09 -2.43737e-21 -2.35549e-08  1.01269e-20  8.24041e-08 -3.24202e-20 -2.22973e-07  8.33851e-20  4.73834e-07 -1.75436e-19 -7.89866e-07  3.04892e-19  1.00934e-06 -4.39087e-19 -9.21815e-07  5.21584e-19  4.63535e-07 -5.03062e-19  1.31036e-07  3.80017e-19   -4.582e-07 -2.05905e-19  3.21269e-07  5.72825e-20  4.77006e-08  1.87129e-20 -2.37854e-07   -2.849e-20  1.17446e-07  1.05959e-20  7.59259e-08  2.80159e-21 -1.01369e-07  -3.9822e-21   9.6606e-10  3.50007e-22  5.01077e-08  1.47497e-21 -1.48076e-08  -9.6798e-22 -1.79486e-08  9.83184e-23  8.88938e-09  1.78757e-22  5.02306e-09 -9.21343e-23  -2.9689e-09  4.52573e-24 -1.12087e-09  8.60829e-24  5.05037e-10 -1.95771e-24  1.50797e-10  2.04593e-25 -1.26579e-11
 5.67765e-24 -5.53215e-11 -2.92785e-23  8.75632e-10 -1.46274e-22 -7.32509e-09  1.61922e-21  4.05506e-08 -8.26485e-21 -1.63162e-07  3.00317e-20  5.00546e-07 -8.60406e-20 -1.19928e-06  2.00067e-19   2.2602e-06 -3.82133e-19 -3.31475e-06  6.03546e-19   3.6314e-06  -7.8811e-19 -2.61849e-06  8.42556e-19   5.6156e-07 -7.18956e-19  1.26081e-06   4.6155e-19 -1.59424e-06 -1.86984e-19  4.99659e-07  4.35459e-21  6.62256e-07  5.46081e-20 -7.49835e-07  -3.5012e-20  3.79867e-08  1.63991e-21  4.10819e-07  1.18029e-20 -2.02125e-07 -7.88748e-21 -1.34709e-07   9.4162e-22  1.40348e-07  1.81662e-21  2.31006e-08 -1.31041e-21 -6.19119e-08  3.01691e-22  1.24637e-09  7.90969e-23  1.95244e-08 -5.27935e-23 -1.41558e-09  4.56921e-25   -4.053e-09  2.12907e-24  8.09179e-11 -3.17076e-25  3.13331e-10   4.4901e-25
  2.6984e-11  6.82387e-23 -7.51585e-10 -1.46274e-22  8.26922e-09 -5.47495e-22 -5.53612e-08  5.08765e-21  2.59215e-07 -2.22324e-20  -9.0698e-07  7.17137e-20  2.45467e-06 -1.85812e-19 -5.21776e-06   3.9255e-19  8.70066e-06 -6.82063e-19 -1.11222e-05  9.79443e-19    1.016e-05 -1.15874e-18 -5.10308e-06  1.11163e-18 -1.46989e-06 -8.31876e-19  5.09859e-06  4.39435e-19 -3.58909e-06 -1.03946e-19 -5.14357e-07 -7.06726e-20  2.65688e-06   9.5607e-20 -1.33951e-06 -5.07465e-20 -8.28832e-07  6.90531e-21  1.14706e-06  1.10638e-20 -3.53345e-08   -1.052e-20 -5.59303e-07  4.58379e-21  1.82024e-07 -3.15829e-22  1.94733e-07 -9.87573e-22 -1.06891e-07  7.05017e-22 -5.18287e-08 -2.67235e-22  3.57259e-08   6.9586e-23  1.08933e-08  2.56911e-24 -6.28801e-09 -1.04987e-23 -1.44503e-09 -4.88395e-25  1.98983e-10
-5.38241e-23  4.62768e-10  4.04993e-22 -7.32509e-09 -5.47495e-22  6.12842e-08 -1.69754e-21 -3.39316e-07  1.30505e-20  1.36563e-06 -4.92293e-20 -4.19091e-06  1.43439e-19   1.0046e-05 -3.38664e-19 -1.89455e-05  6.51084e-19  2.78104e-05 -1.02924e-18 -3.05068e-05  1.34613e-18  2.20436e-05 -1.45218e-18  -4.7635e-06  1.27119e-18 -1.06275e-05 -8.70412e-19  1.35349e-05  4.25347e-19 -4.34776e-06 -9.49862e-20 -5.54706e-06 -6.94947e-20  6.43055e-06  1.08871e-19 -4.44949e-07 -8.60261e-20 -3.46743e-06  4.38954e-20  1.80473e-06 -6.48812e-21   1.0847e-06   -1.251e-20 -1.22716e-06  1.26376e-20 -1.46813e-07  -4.9876e-21  5.31348e-07 -3.36212e-22 -3.65629e-08  1.47162e-21 -1.64025e-07 -8.45491e-22  2.14043e-08  1.96438e-22  3.35341e-08    3.958e-23 -2.65864e-09 -1.97448e-23 -2.67878e-09 -2.61028e-24
-1.80635e-10 -4.98732e-22  5.03131e-09  1.61922e-21 -5.53612e-08 -1.69754e-21  3.70702e-07 -4.22017e-21 -1.73622e-06  2.61299e-20  6.07762e-06 -8.74448e-20  -1.6459e-05  2.34714e-19  3.50173e-05 -5.04517e-19 -5.84661e-05  8.73279e-19  7.48796e-05 -1.23887e-18 -6.86173e-05  1.46019e-18  3.47323e-05  -1.4383e-18  9.64158e-06  1.18973e-18 -3.44923e-05  -8.4226e-19  2.46937e-05  5.24078e-19  3.04646e-06 -2.69573e-19 -1.79993e-05  5.80492e-20  9.48777e-06  9.88727e-20  5.32395e-06 -1.57958e-19 -7.92081e-06  1.15275e-19  5.35035e-07 -3.27924e-20  3.75422e-06 -1.96386e-20 -1.40525e-06  2.52216e-20 -1.24291e-06  -1.0361e-20  7.93211e-07 -5.37163e-22  3.02312e-07  2.91163e-21 -2.62591e-07 -1.51318e-21 -5.63739e-08  1.75565e-22  4.73858e-08  1.14047e-22  7.17471e-09 -1.37112e-23 -1.79336e-09
 3.09337e-22 -2.56168e-09 -2.43737e-21  4.05506e-08  5.08765e-21 -3.39316e-07 -4.22017e-21  1.87929e-06 -7.69694e-21 -7.56719e-06  3.89097e-20  2.32395e-05 -1.23806e-19 -5.57659e-05  3.10656e-19  0.000105327 -5.90554e-19 -0.000154959  8.70387e-19  0.000170596 -1.02784e-18 -0.000124155  1.00696e-18  2.80006e-05  -8.6938e-19  5.87171e-05  7.63065e-19 -7.64414e-05 -7.76039e-19  2.59216e-05  7.97684e-19  3.01952e-05 -6.28574e-19 -3.67201e-05   2.4682e-19  3.76088e-06  1.32768e-19  1.91482e-05 -2.86213e-19 -1.08926e-05  2.01349e-19 -5.49679e-06 -4.47649e-20  7.12836e-06 -4.01916e-20  3.89824e-07  4.07644e-20 -2.98517e-06 -1.34776e-20  4.14687e-07 -3.08829e-21  8.86612e-07  5.19194e-21 -1.90893e-07 -1.93485e-21 -1.75108e-07 -9.11262e-23  2.92445e-08  1.68633e-22  1.42393e-08  1.51753e-24
 8.45684e-10  2.40763e-21 -2.35549e-08 -8.26485e-21  2.59215e-07  1.30505e-20 -1.73622e-06 -7.69694e-21  8.13591e-06  -9.6495e-21  -2.8502e-05  4.75196e-20  7.72765e-05 -1.62986e-19 -0.000164685   3.6906e-19  0.000275644 -5.49704e-19 -0.000354376  5.30597e-19  0.000326937 -2.59365e-19 -0.000168562 -9.15449e-20 -4.18798e-05  1.96468e-19  0.000163017  1.84407e-19 -0.000120563 -8.75023e-19 -1.03918e-05  1.30282e-18  8.48864e-05 -1.05239e-18 -4.80798e-05   3.1908e-19 -2.27288e-05  3.14704e-19  3.83395e-05 -4.72744e-19 -4.71598e-06  2.62095e-19 -1.73089e-05 -1.67094e-20  7.78744e-06  -7.7979e-20  5.25209e-06  5.56467e-20 -4.15487e-06 -1.15154e-20 -1.06753e-06 -8.82886e-21   1.3431e-06  7.80987e-21  1.43361e-07 -1.68146e-21 -2.44466e-07 -4.90899e-22 -1.51581e-08  1.41129e-22  1.05258e-08
-1.28408e-21  1.03069e-08  1.01269e-20 -1.63162e-07 -2.22324e-20  1.36563e-06  2.61299e-20 -7.56719e-06  -9.6495e-21  3.04948e-05 -1.06656e-20 -9.37659e-05  8.23235e-20  0.000225404 -2.83907e-19 -0.000426841  5.06791e-19  0.000630448 -4.52573e-19 -0.000698558 -8.71626e-20  0.000515229  9.31848e-19 -0.000125918 -1.52553e-18 -0.000232776  1.24174e-18  0.000315798  3.78627e-20  -0.00011667 -1.51349e-18 -0.000116372  2.04785e-18  0.000153442 -1.30816e-18 -2.35309e-05  5.67468e-20 -7.55409e-05  7.08241e-19  4.88001e-05 -6.73344e-19  1.85384e-05  2.51262e-19 -3.01239e-05  6.14241e-20  1.01194e-06  -1.2656e-19  1.19422e-05   6.4742e-20 -2.85353e-06 -2.91108e-21  -3.3108e-06 -1.69872e-20  1.14353e-06  9.44983e-21  6.05879e-07 -6.16071e-22 -1.89467e-07 -7.33383e-22 -4.81797e-08  5.48909e-23
 -2.9587e-09 -8.71373e-21  8.24041e-08  3.00317e-20  -9.0698e-07 -4.92293e-20  6.07762e-06  3.89097e-20  -2.8502e-05 -1.06656e-20  9.99726e-05 -2.73685e-20 -0.000271551  2.30181e-19  0.000580268 -6.13525e-19 -0.000975118   7.9712e-19    0.0012615 -2.74625e-19  -0.00117697 -1.00128e-18  0.000625901  2.37196e-18  0.000123995 -2.77665e-18 -0.000574629  1.45543e-18  0.000447529  1.06321e-18  1.31454e-05  -2.9695e-18 -0.000296892  2.84246e-18  0.000186529 -1.08295e-18  6.61815e-05 -6.72388e-19 -0.000138678  1.25019e-18  2.80004e-05 -7.93621e-19  5.78299e-05  1.42383e-19 -3.28395e-05  1.73259e-19 -1.49376e-05 -1.71143e-19  1.62731e-05  6.34191e-20  1.84599e-06  1.18387e-20 -5.02853e-06 -2.48981e-20  1.17865e-07  8.73024e-21  8.97401e-07  7.92881e-22 -4.18295e-08 -6.27545e-22 -4.16712e-08
 4.12194e-21 -3.16178e-08 -3.24202e-20  5.00546e-07  7.17137e-20 -4.19091e-06 -8.74448e-20  2.32395e-05  4.75196e-20 -9.37659e-05 -2.73685e-20  0.000288849 -9.49704e-20 -0.000696269  5.66212e-19   0.00132383  -1.1083e-18  -0.00196731  9.24065e-19   0.00220197  5.00624e-19  -0.00165846  -2.6273e-18  0.000455389  4.04546e-18  0.000689907 -3.25192e-18  -0.00100216 -1.43162e-20  0.000416484  3.73442e-18  0.000327471 -5.05478e-18 -0.000492094  3.19458e-18  0.000111291 -1.00039e-19  0.000220605 -1.78611e-18 -0.000169874  1.73469e-18 -3.90944e-05 -7.37802e-19  9.64827e-05 -4.65851e-20 -1.46019e-05  2.83704e-19 -3.49585e-05  -1.9772e-19  1.35711e-05  4.96423e-20    8.484e-06  2.98856e-20  -4.8904e-06 -2.89856e-20 -1.27429e-06  5.42569e-21  8.23288e-07  1.72717e-21   8.4545e-08 -2.87873e-22
  8.0068e-09  2.49401e-20 -2.22973e-07 -8.60406e-20  2.45467e-06  1.43439e-19  -1.6459e-05 -1.23806e-19  7.72765e-05  8.23235e-20 -0.000271551 -9.49704e-20  0.000739638 -2.33995e-19  -0.00158692  9.82154e-19   0.00268287 -1.25542e-18  -0.00350373 -7.27208e-20   0.00332469  2.90478e-18  -0.00185031 -5.55538e-18 -0.000230756  5.75073e-18   0.00156033 -2.11641e-18  -0.00131132 -3.82924e-18  6.50371e-05  7.85081e-18  0.000791956 -6.94414e-18 -0.000573719  2.46141e-18 -0.000120348  1.67019e-18  0.000385828 -2.94857e-18 -0.000120611  1.91615e-18 -0.000140854  -4.8661e-19  0.000108021 -2.55553e-19  2.51492e-05   3.6235e-19 -4.85959e-05 -2.01048e-19  2.64818e-06  2.44008e-20  1.38347e-05  4.65955e-20 -2.67109e-06 -2.68348e-20  -2.2857e-06  9.64753e-22  4.65721e-07  1.68458e-21  1.05175e-07
-1.05821e-20  7.57527e-08  8.33851e-20 -1.19928e-06 -1.85812e-19   1.0046e-05  2.34714e-19 -5.57659e-05 -1.62986e-19  0.000225404  2.30181e-19 -0.000696269 -2.33995e-19   0.00168517 -3.90136e-19  -0.00322325  1.03085e-18   0.00483353 -9.75998e-22  -0.00549115 -3.51565e-18   0.00426319  7.84122e-18  -0.00135745 -9.75939e-18  -0.00154346  6.50133e-18   0.00250461  1.74826e-18  -0.00120895 -1.00811e-17 -0.000661574  1.23377e-17   0.00123837 -7.44948e-18  -0.00040577  2.78549e-19 -0.000475001  3.83879e-18  0.000468569 -3.70401e-18  2.65308e-05  1.68206e-18 -0.000236334 -1.31509e-19  7.40012e-05 -4.21931e-19  7.29427e-05  4.03798e-19 -4.70355e-05 -1.84084e-19 -1.27001e-05 -9.10467e-21  1.52365e-05  5.70369e-20   5.7227e-07 -1.89294e-20  -2.4687e-06 -2.45725e-21  8.31569e-08  8.72253e-22
-1.70191e-08 -5.78936e-20  4.73834e-07  2.00067e-19 -5.21776e-06 -3.38664e-19  3.50173e-05  3.10656e-19 -0.000164685 -2.83907e-19  0.000580268  5.66212e-19  -0.00158692 -3.90136e-19   0.00342514 -3.90815e-19  -0.00584202 -7.47113e-20   0.00773527  3.91873e-18  -0.00752068 -1.03517e-17   0.00445406  1.52553e-17  0.000120792 -1.40046e-17  -0.00329686  4.54127e-18   0.00309091  9.13316e-18 -0.000475905 -1.78096e-17   -0.0016119   1.5498e-17   0.00141988 -5.70395e-18  5.51863e-05  -3.0146e-18 -0.000827323  5.68105e-18  0.000391695 -3.75468e-18  0.000234723  1.15967e-18 -0.000277851  1.83224e-19 -1.02671e-06 -5.28176e-19  0.000109071  4.25305e-19 -2.93404e-05 -1.50926e-19 -2.63345e-05 -4.58268e-20  1.23248e-05   5.7847e-20  3.37173e-06 -8.52472e-21 -1.91503e-06 -3.38456e-21 -1.08508e-07
 2.21074e-20  -1.4277e-07 -1.75436e-19   2.2602e-06   3.9255e-19 -1.89455e-05 -5.04517e-19  0.000105327   3.6906e-19 -0.000426841 -6.13525e-19   0.00132383  9.82154e-19  -0.00322325 -3.90815e-19   0.00621951  5.25095e-20  -0.00945068 -3.25812e-18     0.010969  1.13764e-17  -0.00888359 -2.04923e-17   0.00336593  2.38144e-17   0.00253215 -1.61259e-17   -0.0049655 -1.67031e-18   0.00287976  1.94975e-17   0.00084593 -2.49337e-17  -0.00244853  1.58074e-17   0.00115517 -1.85851e-18  0.000700919 -6.35534e-18  -0.00102295  6.52921e-18  0.000150088 -3.19218e-18  0.000429892  6.44765e-19 -0.000241789  3.69675e-19 -9.19654e-05 -6.09958e-19  0.000120161  4.43128e-19 -2.22091e-06 -1.02154e-19 -3.37478e-05 -7.87645e-20  6.76943e-06  4.86122e-20  4.77687e-06  2.00655e-22 -1.05595e-06 -2.04704e-21
  2.8383e-08  1.10463e-19 -7.89866e-07 -3.82133e-19  8.70066e-06  6.51084e-19 -5.84661e-05 -5.90554e-19  0.000275644  5.06791e-19 -0.000975118  -1.1083e-18   0.00268287  1.03085e-18  -0.00584202  5.25095e-20    0.0100951  1.28342e-18   -0.0136372 -9.18116e-18    0.0137235   2.2285e-17  -0.00881923 -3.26311e-17  0.000843019  3.12873e-17   0.00534248 -1.41001e-17  -0.00588261 -1.21248e-17   0.00170413  3.05156e-17   0.00240306 -2.90433e-17  -0.00282026  1.28904e-17  0.000457584  2.76159e-18   0.00131893 -8.49139e-18 -0.000972731  6.22069e-18 -0.000183904 -2.46308e-18  0.000546048  3.90493e-19 -0.000140407  4.56349e-19 -0.000170087 -7.13903e-19  0.000105206  4.51651e-19  2.52341e-05 -3.75993e-20 -3.38587e-05 -9.98606e-20  8.66278e-07  3.22903e-20   4.6508e-06  4.27269e-21 -3.38109e-07
-3.78768e-20  2.09418e-07  3.04892e-19 -3.31475e-06 -6.82063e-19  2.78104e-05  8.73279e-19 -0.000154959 -5.49704e-19  0.000630448   7.9712e-19  -0.00196731 -1.25542e-18   0.00483353 -7.47113e-20  -0.00945068  1.28342e-18    0.0146451  3.55569e-18   -0.0175341 -1.77644e-17    0.0150512  3.53747e-17   -0.0069324 -4.45688e-17  -0.00266568  3.53929e-17   0.00770814  -7.2978e-18  -0.00560677 -2.46282e-17 -0.000177001   3.8873e-17    0.0036999 -2.87529e-17  -0.00257131  7.95093e-18 -0.000465805  6.30079e-18   0.00171783 -8.74043e-18 -0.000698681  5.21802e-18 -0.000510017 -2.06004e-18  0.000558923   4.3507e-19 -7.43683e-06  5.45169e-19 -0.000217894 -8.47563e-19  7.21913e-05  4.26285e-19  4.62599e-05  3.69322e-20 -2.82645e-05 -1.02539e-19 -3.60539e-06  1.45943e-20  3.44427e-06   3.5218e-21
-3.63023e-08 -1.74269e-19  1.00934e-06  6.03546e-19 -1.11222e-05 -1.02924e-18  7.48796e-05  8.70387e-19 -0.000354376 -4.52573e-19    0.0012615  9.24065e-19  -0.00350373 -9.75998e-22   0.00773527 -3.25812e-18   -0.0136372  3.55569e-18    0.0189848  6.83255e-18   -0.0200749 -2.79546e-17    0.0143403  4.85204e-17   -0.0035216   -5.392e-17  -0.00622673  3.48162e-17   0.00890872  2.83461e-18  -0.00419755  -3.5536e-17  -0.00220695  4.20066e-17   0.00438047  -2.4622e-17  -0.00181612  3.17591e-18  -0.00134958  7.44522e-18   0.00182536 -7.38323e-18 -0.000298229  4.27341e-18 -0.000756626 -2.19583e-18  0.000483965  6.13575e-19  0.000124121  7.16165e-19 -0.000231812  -9.6915e-19  3.15801e-05  3.45772e-19  5.78362e-05  1.05636e-19 -1.96818e-05 -8.52522e-20 -5.78929e-06  1.72837e-21   1.8381e-06
 5.31541e-20  -2.2955e-07 -4.39087e-19   3.6314e-06  9.79443e-19 -3.05068e-05 -1.23887e-18  0.000170596  5.30597e-19 -0.000698558 -2.74625e-19   0.00220197 -7.27208e-20  -0.00549115  3.91873e-18     0.010969 -9.18116e-18   -0.0175341  6.83255e-18    0.0220074  1.06863e-17      -0.0205 -3.80647e-17     0.011726  5.95428e-17  0.000475586 -5.90199e-17  -0.00889367  2.99524e-17   0.00874617  1.32377e-17  -0.00216391 -4.15927e-17  -0.00386167  3.95634e-17   0.00439699 -1.88133e-17 -0.000824019  4.56614e-19  -0.00201856    6.113e-18    0.0016858 -5.37358e-18  0.000127326   3.9332e-18 -0.000899433  -2.7326e-18  0.000353007  7.13047e-19  0.000233179  9.70214e-19 -0.000217006 -1.01782e-18 -7.75965e-06  2.13606e-19  5.99824e-05  1.46356e-19 -1.07804e-05 -5.41736e-20 -5.68724e-06 -3.32165e-21
 3.32263e-08   2.2692e-19 -9.21815e-07  -7.8811e-19    1.016e-05  1.34613e-18 -6.86173e-05 -1.02784e-18  0.000326937 -8.71626e-20  -0.00117697  5.00624e-19   0.00332469 -3.51565e-18  -0.00752068  1.13764e-17    0.0137235 -1.77644e-17   -0.0200749  1.06863e-17    0.0229012  1.44561e-17   -0.0188219 -4.65662e-17   0.00809843  6.70751e-17    0.0039675 -5.96451e-17    -0.010215  2.28039e-17   0.00759277  2.07711e-17 -0.000117733  -4.1648e-17  -0.00491365  3.33894e-17   0.00394407 -1.36887e-17  0.000165195  4.20407e-19  -0.00243188  3.24007e-18   0.00138832 -3.66388e-18  0.000514259  4.29939e-18 -0.000945369 -3.36332e-18  0.000196133  6.08556e-19  0.000310057  1.23897e-18  -0.00018213 -9.51231e-19 -3.98286e-05  6.36589e-20  5.45773e-05  1.43302e-19 -3.57873e-06 -2.14307e-20 -3.87373e-06
-6.02785e-20  1.65864e-07  5.21584e-19 -2.61849e-06 -1.15874e-18  2.20436e-05  1.46019e-18 -0.000124155 -2.59365e-19  0.000515229 -1.00128e-18  -0.00165846  2.90478e-18   0.00426319 -1.03517e-17  -0.00888359   2.2285e-17    0.0150512 -2.79546e-17      -0.0205  1.44561e-17    0.0216334  1.75968e-17    -0.015878 -5.27644e-17   0.00462084  7.10034e-17    0.0063006 -5.69994e-17   -0.0103873  1.58543e-17   0.00605952  2.38316e-17   0.00157159 -3.69073e-17  -0.00543539    2.604e-17   0.00326092 -1.05062e-17   0.00103444   2.4995e-18  -0.00262678 -2.47616e-20   0.00100814 -2.75131e-18   0.00083367  5.14642e-18 -0.000912529 -3.81125e-18  3.64282e-05  2.92682e-19   0.00035279  1.42649e-18 -0.000136363 -7.68549e-19  -6.1452e-05 -5.51614e-20    4.438e-05  1.00665e-19   8.5292e-07  6.96669e-22
-1.68488e-08 -2.40981e-19  4.63535e-07  8.42556e-19 -5.10308e-06 -1.45218e-18  3.47323e-05  1.00696e-18 -0.000168562  9.31848e-19  0.000625901  -2.6273e-18  -0.00185031  7.84122e-18   0.00445406 -2.04923e-17  -0.00881923  3.53747e-17    0.0143403 -3.80647e-17   -0.0188219  1.75968e-17    0.0190197  1.99369e-17   -0.0128565 -5.68719e-17   0.00207983  7.21737e-17   0.00750768 -5.27506e-17  -0.00995989  1.06377e-17   0.00459159  2.27997e-17   0.00285626 -2.95446e-17  -0.00561066  1.91507e-17   0.00249706 -9.25061e-18   0.00175889  5.75168e-18  -0.00265228 -2.90726e-18  0.000595168 -2.69997e-18   0.00107503  6.13705e-18 -0.000821377  -3.8953e-18 -0.000109785 -1.56665e-19  0.000364275  1.45278e-18 -8.79144e-05 -5.14045e-19  -7.1862e-05 -1.08726e-19  3.21731e-05  4.23184e-20  2.16197e-06
 5.32498e-20 -3.63609e-08 -5.03062e-19   5.6156e-07  1.11163e-18  -4.7635e-06  -1.4383e-18  2.80006e-05 -9.15449e-20 -0.000125918  2.37196e-18  0.000455389 -5.55538e-18  -0.00135745  1.52553e-17   0.00336593 -3.26311e-17   -0.0069324  4.85204e-17     0.011726 -4.65662e-17    -0.015878  1.99369e-17     0.016253  2.16384e-17   -0.0106146 -5.94892e-17  0.000564195  7.14586e-17   0.00805667  -4.7761e-17  -0.00939449  7.18881e-18   0.00331949  1.89962e-17   0.00384583 -2.10208e-17   -0.0055725  1.30743e-17   0.00171468 -9.45034e-18   0.00234154  9.48392e-18  -0.00254777 -4.99127e-18  0.000184039 -3.35797e-18   0.00123777  6.92025e-18 -0.000692025 -3.53039e-18 -0.000232189 -6.15257e-19  0.000350239  1.29091e-18 -4.32028e-05  -2.5603e-19 -7.20006e-05 -9.74792e-20  2.02545e-05  -8.9555e-22
-4.45745e-09  2.02616e-19  1.31036e-07 -7.18956e-19 -1.46989e-06  1.27119e-18  9.64158e-06  -8.6938e-19 -4.18798e-05 -1.52553e-18  0.000123995  4.04546e-18 -0.000230756 -9.75939e-18  0.000120792  2.38144e-17  0.000843019 -4.45688e-17   -0.0035216  5.95428e-17   0.00809843 -5.27644e-17   -0.0128565  2.16384e-17     0.014212  2.29277e-17    -0.009312 -6.08848e-17 -0.000324284  6.88085e-17   0.00839262 -4.16615e-17  -0.00885938  4.84241e-18   0.00219219  1.32393e-17   0.00463086 -1.16737e-17  -0.00538153  7.79119e-18  0.000945889 -1.08901e-17   0.00278775  1.31808e-17  -0.00234792 -5.98037e-18 -0.000200735  -4.4439e-18   0.00132817  7.17643e-18 -0.000542425 -2.75371e-18 -0.000325545 -9.58723e-19  0.000317577  9.76046e-19 -6.55682e-06 -5.27803e-20 -6.36111e-05 -4.94976e-20  1.05636e-05
-3.30658e-20 -7.84369e-08  3.80017e-19  1.26081e-06 -8.31876e-19 -1.06275e-05  1.18973e-18  5.87171e-05  1.96468e-19 -0.000232776 -2.77665e-18  0.000689907  5.75073e-18  -0.00154346 -1.40046e-17   0.00253215  3.12873e-17  -0.00266568   -5.392e-17  0.000475586  6.70751e-17   0.00462084 -5.68719e-17   -0.0106146  2.29277e-17    0.0130791  2.38277e-17  -0.00859402 -6.05251e-17  -0.00100645  6.31325e-17   0.00869061 -3.37351e-17   -0.0083326   3.4959e-18   0.00115853    5.453e-18   0.00524376 -1.68358e-18  -0.00507566  3.77789e-18  0.000218078 -1.34993e-17   0.00310845  1.61959e-17  -0.00208426 -5.72049e-18 -0.000543991 -5.55516e-18   0.00135638  6.72747e-18 -0.000387288 -1.73011e-18 -0.000388484  -1.1005e-18  0.000272969  5.78554e-19  1.92023e-05  6.34201e-20 -4.93196e-05 -5.03974e-21
 1.62497e-08 -1.25415e-19   -4.582e-07   4.6155e-19  5.09859e-06 -8.70412e-19 -3.44923e-05  7.63065e-19  0.000163017  1.24174e-18 -0.000574629 -3.25192e-18   0.00156033  6.50133e-18  -0.00329686 -1.61259e-17   0.00534248  3.53929e-17  -0.00622673 -5.90199e-17    0.0039675  7.10034e-17   0.00207983 -5.94892e-17    -0.009312  2.38277e-17    0.0125143  2.40457e-17  -0.00805739 -5.71719e-17  -0.00165133  5.32502e-17   0.00893403 -2.41968e-17  -0.00778356  3.95895e-18  0.000217722  -4.4511e-18    0.0057035  7.99457e-18  -0.00469398   1.8205e-18 -0.000451145 -1.68477e-17   0.00332037  1.78444e-17  -0.00178265 -4.38343e-18 -0.000837907  -6.2875e-18   0.00133397  5.62358e-18 -0.000237783 -6.91456e-19 -0.000421845 -9.92631e-19  0.000222764  1.83092e-19    3.296e-05  9.05393e-20 -3.12619e-05
 8.61543e-21  9.96607e-08 -2.05905e-19 -1.59424e-06  4.39435e-19  1.35349e-05  -8.4226e-19 -7.64414e-05  1.84407e-19  0.000315798  1.45543e-18  -0.00100216 -2.11641e-18   0.00250461  4.54127e-18   -0.0049655 -1.41001e-17   0.00770814  3.48162e-17  -0.00889367 -5.96451e-17    0.0063006  7.21737e-17  0.000564195 -6.08848e-17  -0.00859402  2.40457e-17    0.0121202  2.30454e-17  -0.00753992 -4.95566e-17  -0.00223663  3.90969e-17   0.00909493 -1.44763e-17  -0.00723091  7.06807e-18 -0.000623172 -1.56449e-17   0.00603904  1.58846e-17  -0.00426852   2.2112e-18  -0.00105526  -2.0078e-17   0.00344105  1.77878e-17  -0.00146305 -2.42733e-18  -0.00107963 -6.39112e-18   0.00127212  4.08948e-18 -0.000102488  1.25097e-19 -0.000428152 -6.37708e-19  0.000172639 -1.13534e-19  3.56602e-05  6.11368e-20
-1.14714e-08  4.43039e-20  3.21269e-07 -1.86984e-19 -3.58909e-06  4.25347e-19  2.46937e-05 -7.76039e-19 -0.000120563  3.78627e-20  0.000447529 -1.43162e-20  -0.00131132  1.74826e-18   0.00309091 -1.67031e-18  -0.00588261  -7.2978e-18   0.00890872  2.99524e-17    -0.010215 -5.69994e-17   0.00750768  7.14586e-17 -0.000324284 -6.05251e-17  -0.00805739  2.30454e-17    0.0117375  2.02688e-17  -0.00707054  -3.7212e-17    -0.002728  2.20311e-17   0.00919697 -6.22082e-18  -0.00670038    1.267e-17  -0.00137389 -2.65444e-17   0.00627841  2.09635e-17  -0.00382026  4.42753e-18  -0.00159331 -2.23214e-17   0.00348668  1.61349e-17  -0.00114052 -3.62285e-19  -0.00126902 -5.78614e-18   0.00118153  2.41875e-18  1.22445e-05  5.29081e-19 -0.000411669  -1.4833e-19  0.000125496 -2.45494e-19  2.55096e-05
 8.99948e-21 -3.12796e-08  5.72825e-20  4.99659e-07 -1.03946e-19 -4.34776e-06  5.24078e-19  2.59216e-05 -8.75023e-19  -0.00011667  1.06321e-18  0.000416484 -3.82924e-18  -0.00120895  9.13316e-18   0.00287976 -1.21248e-17  -0.00560677  2.83461e-18   0.00874617  2.28039e-17   -0.0103873 -5.27506e-17   0.00805667  6.88085e-17  -0.00100645 -5.71719e-17  -0.00753992  2.02688e-17    0.0113976  1.54217e-17  -0.00669073 -2.08481e-17  -0.00314545  4.02555e-18   0.00927305 -1.88202e-19  -0.00619782    1.963e-17  -0.00204876 -3.57182e-17   0.00644193  2.30795e-17  -0.00336377  7.52336e-18  -0.00206702 -2.29756e-17   0.00347159  1.32015e-17 -0.000826924  1.35753e-18  -0.00140803 -4.51727e-18   0.00107249  9.18572e-19  0.000103471  4.87672e-19 -0.000375056  2.70486e-19  8.50416e-05 -2.15235e-19
-1.62097e-09  8.32656e-21  4.77006e-08  4.35459e-21 -5.14357e-07 -9.49862e-20  3.04646e-06  7.97684e-19 -1.03918e-05 -1.51349e-18  1.31454e-05  3.73442e-18  6.50371e-05 -1.00811e-17 -0.000475905  1.94975e-17   0.00170413 -2.46282e-17  -0.00419755  1.32377e-17   0.00759277  1.58543e-17  -0.00995989  -4.7761e-17   0.00839262  6.31325e-17  -0.00165133 -4.95566e-17  -0.00707054  1.54217e-17     0.011145  8.66674e-18  -0.00638584 -2.04294e-18  -0.00352082 -1.32981e-17   0.00933584  3.79466e-18   -0.0057216  2.66651e-17  -0.00265788 -4.23367e-17   0.00654574  2.25343e-17  -0.00290985  1.05256e-17  -0.00247945 -2.16503e-17   0.00340893  9.40602e-18 -0.000531323  2.33551e-18  -0.00150085 -2.78202e-18  0.000952178 -1.84985e-19  0.000168154  1.86425e-19 -0.000320637  4.71252e-19  5.64682e-05
-1.42714e-20 -4.12096e-08  1.87129e-20  6.62256e-07 -7.06726e-20 -5.54706e-06 -2.69573e-19  3.01952e-05  1.30282e-18 -0.000116372  -2.9695e-18  0.000327471  7.85081e-18 -0.000661574 -1.78096e-17   0.00084593  3.05156e-17 -0.000177001  -3.5536e-17  -0.00216391  2.07711e-17   0.00605952  1.06377e-17  -0.00939449 -4.16615e-17   0.00869061  5.32502e-17  -0.00223663  -3.7212e-17  -0.00669073  8.66674e-18    0.0109673  6.03701e-19  -0.00612776   1.7352e-17  -0.00386632 -2.88218e-17   0.00938985  6.03841e-18  -0.00527254  3.28689e-17  -0.00320991 -4.58324e-17   0.00660357  1.97169e-17  -0.00246666  1.24914e-17  -0.00283508  -1.8222e-17   0.00331059  5.38388e-18 -0.000258935   2.3632e-18  -0.00155007 -8.84196e-19  0.000827052 -8.56292e-19  0.000201687 -1.51464e-19 -0.000257335  4.28466e-19
 8.38754e-09 -2.35095e-20 -2.37854e-07  5.46081e-20  2.65688e-06 -6.94947e-20 -1.79993e-05 -6.28574e-19  8.48864e-05  2.04785e-18 -0.000296892 -5.05478e-18  0.000791956  1.23377e-17   -0.0016119 -2.49337e-17   0.00240306   3.8873e-17  -0.00220695 -4.15927e-17 -0.000117733  2.38316e-17   0.00459159  7.18881e-18  -0.00885938 -3.37351e-17   0.00893403  3.90969e-17    -0.002728 -2.08481e-17  -0.00638584  6.03701e-19    0.0108382 -7.91864e-18  -0.00590757  3.55439e-17  -0.00418619 -4.14557e-17   0.00944191  6.54259e-18  -0.00485131   3.7485e-17  -0.00371331 -4.56389e-17   0.00662739  1.52761e-17  -0.00203965  1.26522e-17  -0.00313956 -1.30986e-17   0.00318475   1.8845e-18 -1.52785e-05  1.51149e-18  -0.00155731  9.61182e-19  0.000707626 -1.16654e-18  0.000208774 -3.89352e-19  -0.00017605
 1.01114e-20  4.64513e-08   -2.849e-20 -7.49835e-07   9.5607e-20  6.43055e-06  5.80492e-20 -3.67201e-05 -1.05239e-18  0.000153442  2.84246e-18 -0.000492094 -6.94414e-18   0.00123837   1.5498e-17  -0.00244853 -2.90433e-17    0.0036999  4.20066e-17  -0.00386167  -4.1648e-17   0.00157159  2.27997e-17   0.00331949  4.84241e-18   -0.0083326 -2.41968e-17   0.00909493  2.20311e-17  -0.00314545 -2.04294e-18  -0.00612776 -7.91864e-18    0.0107506  -1.6002e-17  -0.00572421  5.08197e-17  -0.00448737 -4.99934e-17   0.00949847  5.35775e-18  -0.00445747  3.96324e-17  -0.00417641 -4.15608e-17   0.00662697   1.0211e-17  -0.00163142  1.07756e-17  -0.00339596 -7.16975e-18   0.00303954 -5.72453e-19  0.000192362 -4.87451e-20  -0.00153089   2.5984e-18  0.000594657 -1.09832e-18  0.000189994 -4.33396e-19
 -4.1392e-09   1.5455e-20  1.17446e-07  -3.5012e-20 -1.33951e-06  1.08871e-19  9.48777e-06   2.4682e-19 -4.80798e-05 -1.30816e-18  0.000186529  3.19458e-18 -0.000573719 -7.44948e-18   0.00141988  1.58074e-17  -0.00282026 -2.87529e-17   0.00438047  3.95634e-17  -0.00491365 -3.69073e-17   0.00285626  1.89962e-17   0.00219219   3.4959e-18  -0.00778356 -1.44763e-17   0.00919697  4.02555e-18  -0.00352082   1.7352e-17  -0.00590757  -1.6002e-17    0.0107051 -2.28202e-17  -0.00557364  6.16497e-17  -0.00477668 -5.36354e-17   0.00956455  3.01375e-18  -0.00408961  3.85595e-17  -0.00460662 -3.41301e-17    0.0066089  5.44363e-18  -0.00124625  7.19249e-18  -0.00360758 -1.33713e-18    0.0028865 -1.80703e-18  0.000365661 -2.09605e-18  -0.00147233   3.6583e-18  0.000481621 -7.39902e-19  0.000107388
-3.61142e-21 -2.06214e-09  1.05959e-20  3.79867e-08 -5.07465e-20 -4.44949e-07  9.88727e-20  3.76088e-06   3.1908e-19 -2.35309e-05 -1.08295e-18  0.000111291  2.46141e-18  -0.00040577 -5.70395e-18   0.00115517  1.28904e-17  -0.00257131  -2.4622e-17   0.00439699  3.33894e-17  -0.00543539 -2.95446e-17   0.00384583  1.32393e-17   0.00115853  3.95895e-18  -0.00723091 -6.22082e-18   0.00927305 -1.32981e-17  -0.00386632  3.55439e-17  -0.00572421 -2.28202e-17    0.0106994 -2.77008e-17  -0.00545192  6.70423e-17  -0.00505956 -5.24587e-17   0.00964397  3.41992e-19  -0.00374629  3.40081e-17  -0.00500873 -2.43177e-17   0.00658149  1.49922e-18 -0.000888131  2.39403e-18  -0.00378346  3.75759e-18   0.00272704  -1.8922e-18  0.000504762 -4.04647e-18  -0.00136551  3.76035e-18  0.000400921 -3.43061e-19
-2.67933e-09 -3.96341e-21  7.59259e-08  1.63991e-21 -8.28832e-07 -8.60261e-20  5.32395e-06  1.32768e-19 -2.27288e-05  5.67468e-20  6.61815e-05 -1.00039e-19 -0.000120348  2.78549e-19  5.51863e-05 -1.85851e-18  0.000457584  7.95093e-18  -0.00181612 -1.88133e-17   0.00394407    2.604e-17  -0.00561066 -2.10208e-17   0.00463086    5.453e-18  0.000217722  7.06807e-18  -0.00670038 -1.88202e-19   0.00933584 -2.88218e-17  -0.00418619  5.08197e-17  -0.00557364 -2.77008e-17    0.0107311  -3.0214e-17  -0.00535658   6.6817e-17  -0.00534021 -4.71899e-17   0.00974024 -1.94362e-18  -0.00342842  2.62011e-17  -0.00538977 -1.31228e-17   0.00655349 -1.22958e-18 -0.000552855 -3.09636e-18  -0.00392309  7.69314e-18   0.00255825 -1.31718e-18  0.000583336 -5.02198e-18  -0.00122889  3.01373e-18  0.000351669
 -2.4267e-22 -2.55107e-08  2.80159e-21  4.10819e-07  6.90531e-21 -3.46743e-06 -1.57958e-19  1.91482e-05  3.14704e-19 -7.55409e-05 -6.72388e-19  0.000220605  1.67019e-18 -0.000475001  -3.0146e-18  0.000700919  2.76159e-18 -0.000465805  3.17591e-18 -0.000824019 -1.36887e-17   0.00326092  1.91507e-17   -0.0055725 -1.16737e-17   0.00524376  -4.4511e-18 -0.000623172    1.267e-17  -0.00619782  3.79466e-18   0.00938985 -4.14557e-17  -0.00448737  6.16497e-17  -0.00545192  -3.0214e-17    0.0107998 -3.02369e-17  -0.00528664  6.14836e-17  -0.00562232  -3.8675e-17   0.00985942  -3.3284e-18  -0.00313438  1.57654e-17  -0.00575858 -1.69176e-18   0.00652378 -2.30583e-18 -0.000244209 -8.53554e-18  -0.00401491  1.04058e-17   0.00240695  -7.4521e-19  0.000605311 -5.03726e-18  -0.00109444  2.12596e-18
 3.54786e-09 -1.07766e-21 -1.01369e-07  1.18029e-20  1.14706e-06  4.38954e-20 -7.92081e-06 -2.86213e-19  3.83395e-05  7.08241e-19 -0.000138678 -1.78611e-18  0.000385828  3.83879e-18 -0.000827323 -6.35534e-18   0.00131893  6.30079e-18  -0.00134958  4.56614e-19  0.000165195 -1.05062e-17   0.00249706  1.30743e-17  -0.00538153 -1.68358e-18    0.0057035 -1.56449e-17  -0.00137389    1.963e-17   -0.0057216  6.03841e-18   0.00944191 -4.99934e-17  -0.00477668  6.70423e-17  -0.00535658 -3.02369e-17    0.0109063 -2.79502e-17  -0.00524202  5.18972e-17   -0.0059122 -2.77677e-17    0.0100051 -3.45847e-18  -0.00285966  3.85635e-18  -0.00611312  8.54601e-18   0.00649705 -1.59647e-18  1.80492e-05 -1.33516e-17  -0.00408091  1.23095e-17   0.00228427 -3.01394e-19  0.000618388 -4.53244e-18 -0.000781059
 9.55201e-22  1.22056e-08  -3.9822e-21 -2.02125e-07  1.10638e-20  1.80473e-06  1.15275e-19 -1.08926e-05 -4.72744e-19  4.88001e-05  1.25019e-18 -0.000169874 -2.94857e-18  0.000468569  5.68105e-18  -0.00102295 -8.49139e-18   0.00171783  7.44522e-18  -0.00201856  4.20407e-19   0.00103444 -9.25061e-18   0.00171468  7.79119e-18  -0.00507566  7.99457e-18   0.00603904 -2.65444e-17  -0.00204876  2.66651e-17  -0.00527254  6.54259e-18   0.00949847 -5.36354e-17  -0.00505956   6.6817e-17  -0.00528664 -2.79502e-17    0.0110529 -2.37612e-17  -0.00522046  3.90166e-17  -0.00621361 -1.55048e-17    0.0101775 -2.32703e-18  -0.00261146 -8.10636e-18  -0.00645525   1.6399e-17   0.00649892  6.26348e-19   0.00024815 -1.76282e-17  -0.00413875   1.3242e-17   0.00211602  1.04098e-18  0.000510778 -4.08968e-18
-4.20563e-12   8.7222e-22   9.6606e-10 -7.88748e-21 -3.53345e-08 -6.48812e-21  5.35035e-07  2.01349e-19 -4.71598e-06 -6.73344e-19  2.80004e-05  1.73469e-18 -0.000120611 -3.70401e-18  0.000391695  6.52921e-18 -0.000972731 -8.74043e-18   0.00182536    6.113e-18  -0.00243188   2.4995e-18   0.00175889 -9.45034e-18  0.000945889  3.77789e-18  -0.00469398  1.58846e-17   0.00627841 -3.57182e-17  -0.00265788  3.28689e-17  -0.00485131  5.35775e-18   0.00956455 -5.24587e-17  -0.00534021  6.14836e-17  -0.00524202 -2.37612e-17    0.0112399 -1.81465e-17  -0.00522289  2.37666e-17  -0.00652591 -2.97366e-18    0.0103893 -2.10562e-19  -0.00239551 -1.92507e-17  -0.00681165  2.14258e-17   0.00652061  4.11087e-18  0.000473662 -2.12745e-17  -0.00409923  1.20408e-17   0.00195744   2.8083e-18  4.94987e-05
-4.03503e-22  8.55168e-09  3.50007e-22 -1.34709e-07   -1.052e-20   1.0847e-06 -3.27924e-20 -5.49679e-06  2.62095e-19  1.85384e-05 -7.93621e-19 -3.90944e-05  1.91615e-18  2.65308e-05 -3.75468e-18  0.000150088  6.22069e-18 -0.000698681 -7.38323e-18    0.0016858  3.24007e-18  -0.00262678  5.75168e-18   0.00234154 -1.08901e-17  0.000218078   1.8205e-18  -0.00426852  2.09635e-17   0.00644193 -4.23367e-17  -0.00320991   3.7485e-17  -0.00445747  3.01375e-18   0.00964397 -4.71899e-17  -0.00562232  5.18972e-17  -0.00522046 -1.81465e-17     0.011471 -1.14455e-17  -0.00525588  6.92246e-18  -0.00686097  8.99479e-18    0.0106537  2.98644e-18  -0.00218934 -2.94815e-17  -0.00717603  2.37743e-17   0.00652147  8.33116e-18  0.000604257   -2.296e-17  -0.00395371  8.60065e-18    0.0020557  3.29505e-18
  -1.758e-09   2.1595e-22  5.01077e-08   9.4162e-22 -5.59303e-07   -1.251e-20  3.75422e-06 -4.47649e-20 -1.73089e-05  2.51262e-19  5.78299e-05 -7.37802e-19 -0.000140854  1.68206e-18  0.000234723 -3.19218e-18 -0.000183904  5.21802e-18 -0.000298229 -5.37358e-18   0.00138832 -2.47616e-20  -0.00265228  9.48392e-18   0.00278775 -1.34993e-17 -0.000451145   2.2112e-18  -0.00382026  2.30795e-17   0.00654574 -4.58324e-17  -0.00371331  3.96324e-17  -0.00408961  3.41992e-19   0.00974024  -3.8675e-17   -0.0059122  3.90166e-17  -0.00522289 -1.14455e-17    0.0117566 -3.78318e-18  -0.00531453 -1.07746e-17  -0.00723217  1.96969e-17    0.0109539  7.90455e-18  -0.00200172 -3.85544e-17  -0.00749547  2.42015e-17   0.00658993  1.11094e-17  0.000564471 -2.02768e-17  -0.00393871  3.87864e-18   0.00199394
 8.92991e-24  -8.5245e-09  1.47497e-21  1.40348e-07  4.58379e-21 -1.22716e-06 -1.96386e-20  7.12836e-06 -1.67094e-20 -3.01239e-05  1.42383e-19  9.64827e-05  -4.8661e-19 -0.000236334  1.15967e-18  0.000429892 -2.46308e-18 -0.000510017  4.27341e-18  0.000127326 -3.66388e-18   0.00100814 -2.90726e-18  -0.00254777  1.31808e-17   0.00310845 -1.68477e-17  -0.00105526  4.42753e-18  -0.00336377  2.25343e-17   0.00660357 -4.56389e-17  -0.00417641  3.85595e-17  -0.00374629 -1.94362e-18   0.00985942 -2.77677e-17  -0.00621361  2.37666e-17  -0.00525588 -3.78318e-18     0.012096  4.66129e-18  -0.00539324  -2.8212e-17  -0.00761978  2.81257e-17     0.011302  1.46618e-17  -0.00190389 -4.54608e-17  -0.00783701  2.36465e-17   0.00681933  1.18694e-17  0.000641426  -1.7119e-17  -0.00386479  4.11829e-18
 4.92248e-10  -3.5248e-22 -1.48076e-08  1.81662e-21  1.82024e-07  1.26376e-20 -1.40525e-06 -4.01916e-20  7.78744e-06  6.14241e-20 -3.28395e-05 -4.65851e-20  0.000108021 -1.31509e-19 -0.000277851  6.44765e-19  0.000546048 -2.06004e-18 -0.000756626   3.9332e-18  0.000514259 -2.75131e-18  0.000595168 -4.99127e-18  -0.00234792  1.61959e-17   0.00332037  -2.0078e-17  -0.00159331  7.52336e-18  -0.00290985  1.97169e-17   0.00662739 -4.15608e-17  -0.00460662  3.40081e-17  -0.00342842  -3.3284e-18    0.0100051 -1.55048e-17  -0.00652591  6.92246e-18  -0.00531453  4.66129e-18    0.0124884  1.32569e-17  -0.00552264 -4.38339e-17  -0.00802952  3.31005e-17    0.0117821  2.21954e-17  -0.00184446 -4.99616e-17  -0.00833691  2.34833e-17   0.00696173  1.09007e-17  0.000720045 -1.34718e-17  -0.00238346
  2.9079e-23 -1.63699e-09  -9.6798e-22  2.31006e-08 -3.15829e-22 -1.46813e-07  2.52216e-20  3.89824e-07  -7.7979e-20  1.01194e-06  1.73259e-19 -1.46019e-05 -2.55553e-19  7.40012e-05  1.83224e-19 -0.000241789  3.90493e-19  0.000558923 -2.19583e-18 -0.000899433  4.29939e-18   0.00083367 -2.69997e-18  0.000184039 -5.98037e-18  -0.00208426  1.78444e-17   0.00344105 -2.23214e-17  -0.00206702  1.05256e-17  -0.00246666  1.52761e-17   0.00662697 -3.41301e-17  -0.00500873  2.62011e-17  -0.00313438 -3.45847e-18    0.0101775 -2.97366e-18  -0.00686097 -1.07746e-17  -0.00539324  1.32569e-17    0.0129709   2.1044e-17  -0.00571228 -5.63685e-17  -0.00854622   3.4247e-17    0.0123665  2.88371e-17  -0.00168605 -5.20893e-17  -0.00871126  2.08675e-17   0.00686244   1.4884e-17 -0.000263104 -1.66182e-17
 6.38356e-10  3.15571e-23 -1.79486e-08 -1.31041e-21  1.94733e-07  -4.9876e-21 -1.24291e-06  4.07644e-20  5.25209e-06  -1.2656e-19 -1.49376e-05  2.83704e-19  2.51492e-05 -4.21931e-19 -1.02671e-06  3.69675e-19 -0.000140407   4.3507e-19  0.000483965  -2.7326e-18 -0.000945369  5.14642e-18   0.00107503 -3.35797e-18 -0.000200735 -5.72049e-18  -0.00178265  1.77878e-17   0.00348668 -2.29756e-17  -0.00247945  1.24914e-17  -0.00203965   1.0211e-17    0.0066089 -2.43177e-17  -0.00538977  1.57654e-17  -0.00285966 -2.32703e-18    0.0103893  8.99479e-18  -0.00723217  -2.8212e-17  -0.00552264   2.1044e-17    0.0135623  2.75076e-17  -0.00589421  -6.5498e-17  -0.00913867  3.25493e-17    0.0129002  3.33845e-17  -0.00169729 -5.11259e-17  -0.00868692  1.39837e-17   0.00760048   1.7601e-17  -0.00245453
 1.59515e-23  3.78947e-09  9.83184e-23 -6.19119e-08 -9.87573e-22  5.31348e-07  -1.0361e-20 -2.98517e-06  5.56467e-20  1.19422e-05 -1.71143e-19 -3.49585e-05   3.6235e-19  7.29427e-05 -5.28176e-19 -9.19654e-05  4.56349e-19 -7.43683e-06  6.13575e-19  0.000353007 -3.36332e-18 -0.000912529  6.13705e-18   0.00123777  -4.4439e-18 -0.000543991 -4.38343e-18  -0.00146305  1.61349e-17   0.00347159 -2.16503e-17  -0.00283508  1.26522e-17  -0.00163142  5.44363e-18   0.00658149 -1.31228e-17  -0.00575858  3.85635e-18  -0.00261146 -2.10562e-19    0.0106537  1.96969e-17  -0.00761978 -4.38339e-17  -0.00571228  2.75076e-17    0.0142022  3.31058e-17  -0.00611301 -7.20892e-17  -0.00963188  3.09523e-17    0.0136393  3.43577e-17  -0.00225235 -4.75892e-17  -0.00924592   9.7393e-18   0.00948427  1.31597e-17
 -2.9679e-10  1.10914e-22  8.88938e-09  3.01691e-22 -1.06891e-07 -3.36212e-22  7.93211e-07 -1.34776e-20 -4.15487e-06   6.4742e-20  1.62731e-05  -1.9772e-19 -4.85959e-05  4.03798e-19  0.000109071 -6.09958e-19 -0.000170087  5.45169e-19  0.000124121  7.13047e-19  0.000196133 -3.81125e-18 -0.000821377  6.92025e-18   0.00132817 -5.55516e-18 -0.000837907 -2.42733e-18  -0.00114052  1.32015e-17   0.00340893  -1.8222e-17  -0.00313956  1.07756e-17  -0.00124625  1.49922e-18   0.00655349 -1.69176e-18  -0.00611312 -8.10636e-18  -0.00239551  2.98644e-18    0.0109539  2.81257e-17  -0.00802952 -5.63685e-17  -0.00589421  3.31058e-17     0.014952  3.79285e-17  -0.00658958 -7.68918e-17   -0.0102544  3.39672e-17    0.0151097  2.55783e-17  -0.00266937 -3.25354e-17   -0.0106688 -1.40665e-18   0.00835088
-1.65035e-23  4.46066e-11  1.78757e-22  1.24637e-09  7.05017e-22 -3.65629e-08 -5.37163e-22  4.14687e-07 -1.15154e-20 -2.85353e-06  6.34191e-20  1.35711e-05 -2.01048e-19 -4.70355e-05  4.25305e-19  0.000120161 -7.13903e-19 -0.000217894  7.16165e-19  0.000233179  6.08556e-19  3.64282e-05  -3.8953e-18 -0.000692025  7.17643e-18   0.00135638  -6.2875e-18  -0.00107963 -3.62285e-19 -0.000826924  9.40602e-18   0.00331059 -1.30986e-17  -0.00339596  7.19249e-18 -0.000888131 -1.22958e-18   0.00652378  8.54601e-18  -0.00645525 -1.92507e-17  -0.00218934  7.90455e-18     0.011302  3.31005e-17  -0.00854622  -6.5498e-17  -0.00611301  3.79285e-17    0.0160447  4.15793e-17  -0.00715557 -7.98323e-17   -0.0114766  3.75081e-17    0.0164356  2.58685e-17  -0.00179886 -4.51886e-17   -0.0100086  2.81442e-17
