 4.41879e-33 -3.04954e-36 -8.55719e-34   4.8728e-36  1.94509e-34 -3.01106e-35  -3.6842e-35 -2.34154e-37  7.05718e-35 -1.72033e-35  5.73131e-34  -7.3861e-36  2.15745e-34 -4.86328e-36 -2.34483e-33 -5.42015e-36  2.03369e-32 -9.66376e-37   -1.556e-31  5.57376e-38  1.02869e-30  8.48332e-37  -5.9216e-30  3.34901e-37   2.9877e-29 -1.90255e-38 -1.32773e-28 -9.08984e-39  5.21531e-28  1.06221e-37 -1.81493e-27 -9.20627e-37  5.60234e-27  3.69242e-36 -1.53412e-26 -1.38797e-35  3.72291e-26  4.76874e-35 -7.98816e-26 -1.49686e-34  1.50969e-25   4.2997e-34 -2.49854e-25  -1.1309e-33   3.5901e-25   2.7238e-33 -4.42131e-25 -6.00535e-33  4.57301e-25    1.211e-32 -3.83532e-25 -2.23034e-32   2.4256e-25  3.74366e-32 -9.28104e-26 -5.70907e-32 -7.23559e-27  7.87409e-32  3.76985e-26 -9.75389e-32 -2.29557e-26  1.07286e-31  1.60782e-27  -1.0261e-31  6.00159e-27  8.15062e-32 -3.01978e-27  -4.6814e-32 -5.03815e-28  5.60737e-33    9.008e-28  3.33489e-32 -9.62376e-29 -6.27032e-32 -1.79099e-28  7.86047e-32  4.38847e-29 -8.10606e-32   2.9894e-29  7.29529e-32 -9.22585e-30 -5.85668e-32  -4.6873e-30   4.2243e-32  1.29195e-30 -2.73841e-32  6.91513e-31  1.59139e-32 -1.10504e-31 -8.26492e-33 -8.70414e-32  3.82664e-33  1.68372e-33 -1.57667e-33  7.92244e-33  5.76442e-34  9.27636e-34 -1.85499e-34 -4.11314e-34  5.15056e-35  -1.1691e-34 -1.18433e-35  3.81409e-36  2.07635e-36  5.58843e-36 -2.21582e-37  6.80794e-37 -4.11599e-39 -6.65797e-38   7.1463e-39 -2.54422e-38  -1.6393e-39 -1.87666e-39  2.52074e-40  1.43079e-40 -2.92038e-41  3.13792e-41  1.53702e-42  1.76427e-42  1.82824e-43 -1.59435e-44 -3.17528e-44 -4.88263e-45  9.62148e-46 -1.04474e-46  1.60558e-47
-3.04954e-36  6.26443e-33 -1.31457e-35 -6.48214e-34  1.37945e-35   -1.259e-33 -7.32216e-35  3.34116e-34  5.39232e-36  1.82512e-34 -2.24961e-35   3.1238e-34 -1.13489e-35  9.60037e-33 -1.14839e-35 -9.26811e-32 -1.19207e-35  7.67617e-31 -2.77236e-36 -5.46646e-30  1.12454e-36  3.37655e-29  1.49142e-36 -1.82266e-28  7.61931e-37  8.64728e-28   2.6215e-37  -3.6209e-27 -7.75778e-37  1.34209e-26  3.65222e-36 -4.41105e-26 -1.64952e-35  1.28644e-25  6.50263e-35 -3.32767e-25 -2.34881e-34  7.62245e-25  7.75793e-34 -1.54154e-24 -2.34474e-33  2.73954e-24  6.49035e-33 -4.24836e-24 -1.64599e-32  5.68946e-24  3.82433e-32 -6.47634e-24 -8.13671e-32  6.10547e-24  1.58383e-31 -4.54246e-24 -2.81657e-31  2.37783e-24   4.5666e-31 -5.16263e-25  -6.7313e-31 -4.23741e-25  8.98512e-31  4.82119e-25 -1.07996e-30 -1.67429e-25  1.15875e-30 -5.63917e-26 -1.09386e-30  7.50379e-26   8.8318e-31 -1.42567e-26 -5.69203e-31 -1.46952e-26  2.23633e-31  7.41204e-27  8.08825e-32  1.76727e-27 -2.95822e-31 -1.86107e-27  4.06369e-31 -1.35821e-28  -4.2524e-31  3.51456e-28  3.79546e-31  1.09103e-29 -2.99374e-31 -5.48386e-29  2.10911e-31 -3.19412e-30 -1.32778e-31  6.95066e-30  7.44673e-32   9.3266e-31 -3.70944e-32 -6.46593e-31  1.63959e-32 -1.62763e-31 -6.43914e-33  3.35106e-32  2.24934e-33  1.67056e-32 -6.94962e-34  2.65355e-34  1.85763e-34 -8.96579e-34 -4.08926e-35 -1.46097e-34  6.72837e-36  1.39078e-35 -6.39544e-37  6.82016e-36 -1.92542e-38   5.7831e-37  1.80658e-38 -7.05157e-38 -3.56902e-39 -1.75054e-38  5.74809e-40 -1.00586e-39 -8.19186e-41  5.02106e-41  5.76657e-42  9.35896e-42  3.17539e-43  3.74954e-43 -6.51837e-44  5.05301e-49  1.58958e-45 -1.36059e-46
-8.55719e-34 -1.31457e-35  6.86942e-33 -3.13051e-35 -8.25168e-34  1.97135e-35 -2.92685e-33 -1.04813e-34 -3.60823e-35  1.76897e-35  2.15284e-33 -1.02867e-35 -2.50336e-32 -7.72145e-36  2.83958e-31 -2.03184e-35 -2.55576e-30 -1.72917e-35  1.96536e-29 -4.32494e-36   -1.305e-28  3.82137e-36  7.54688e-28  1.92299e-36 -3.82623e-27  1.07101e-36  1.70906e-26  2.62001e-36 -6.74943e-26 -1.08234e-35  2.36219e-25  4.92544e-35 -7.33556e-25 -2.05765e-34  2.02157e-24   7.8212e-34 -4.93918e-24 -2.71764e-33  1.06747e-23  8.64101e-33 -2.03313e-23 -2.51639e-32  3.39315e-23   6.7157e-32 -4.92041e-23 -1.64281e-31  6.12166e-23  3.68283e-31 -6.40599e-23 -7.56151e-31    5.449e-23  1.42043e-30 -3.51344e-23 -2.43755e-30  1.39712e-23   3.8134e-30  6.05016e-25 -5.42365e-30 -5.36937e-24  6.98699e-30  3.45466e-24 -8.11201e-30 -3.43898e-25  8.42739e-30 -8.62717e-25 -7.74755e-30  4.73114e-25  6.18119e-30  5.84104e-26 -4.10581e-30 -1.37025e-25  2.01104e-30  1.94476e-26 -3.01752e-31  2.66871e-26 -8.25249e-31 -7.75284e-27  1.38059e-30 -4.38748e-27 -1.49699e-30  1.61895e-27  1.33722e-30  6.89581e-28 -1.04305e-30 -2.34006e-28  7.21249e-31 -1.04773e-28  -4.4216e-31  2.21179e-29  2.39326e-31  1.38069e-29  -1.1404e-31 -7.63703e-31  4.79048e-32 -1.33791e-30 -1.78562e-32 -1.18066e-31  5.95276e-33  7.67697e-32 -1.77167e-33  1.85117e-32  4.58243e-34 -1.22512e-33 -9.66095e-35 -9.94912e-34  1.47065e-35 -1.01998e-34 -1.16885e-36  1.53218e-35 -6.04668e-38  4.52149e-36  2.72863e-38  2.73216e-37 -4.00571e-39 -3.22536e-38  8.12679e-40 -5.91749e-39 -1.61869e-40 -2.79103e-40  1.37776e-41  6.58839e-42  2.99096e-43  9.32866e-43 -8.39988e-44  1.80397e-44  1.35161e-45
  4.8728e-36 -6.48214e-34 -3.13051e-35  9.49172e-33 -5.24246e-35  -1.2315e-33  1.11976e-35 -3.80037e-33 -9.62573e-35 -4.59455e-33  3.44671e-35  5.72207e-32  1.36814e-35 -6.72529e-31  5.77269e-36  6.62086e-30 -3.12049e-35 -5.51323e-29 -1.72157e-35  3.94356e-28 -4.95993e-36 -2.44712e-27  7.75229e-36  1.32738e-26  2.83187e-36 -6.32972e-26 -1.97658e-36  2.66476e-25  2.50123e-35  -9.9332e-25 -1.15619e-34   3.2844e-24  5.07322e-34 -9.63971e-24 -2.03114e-33  2.51041e-23  7.42732e-33  -5.7919e-23 -2.48452e-32  1.18038e-22  7.61164e-32 -2.11516e-22 -2.13733e-31  3.30976e-22  5.50293e-31 -4.47666e-22 -1.29912e-30  5.15309e-22  2.81109e-30 -4.92206e-22 -5.57097e-30  3.72342e-22  1.00995e-29 -2.00005e-22 -1.67208e-29  4.74762e-23  2.52256e-29  3.27257e-23 -3.45795e-29 -4.03343e-23   4.2913e-29  1.51061e-23 -4.79814e-29  4.15609e-24   4.8025e-29 -6.42415e-24 -4.26335e-29  1.43446e-24  3.30765e-29  1.20122e-24 -2.18119e-29 -6.83183e-25  1.14195e-29 -1.28273e-25 -3.60169e-30  1.68661e-25  -1.1926e-30  5.65445e-27  3.45756e-30 -3.18503e-26 -4.03204e-30  2.28752e-28  3.65846e-30  5.04398e-27 -2.85241e-30  1.06314e-28  1.95146e-30 -6.60806e-28 -1.17008e-30 -6.44381e-29  6.11302e-31  6.49856e-29 -2.77516e-31   1.3656e-29  1.10024e-31 -3.81412e-30 -3.86755e-32 -1.55719e-30  1.22964e-32  2.46558e-32 -3.55074e-33  9.20498e-32  8.96756e-34  1.26453e-32 -1.80991e-34  -1.8403e-33  2.47969e-35 -6.91793e-34 -1.39374e-36 -4.61812e-35 -1.53386e-37  8.83304e-36  2.27678e-38  1.80197e-36 -7.20016e-41  8.56006e-38  7.13008e-40 -7.29031e-39 -2.53498e-40 -1.01737e-39  2.40044e-41 -3.46266e-41    9.717e-44  1.86696e-43 -7.33447e-44  1.47404e-44
 1.94509e-34  1.37945e-35 -8.25168e-34 -5.24246e-35  1.31007e-32 -7.24053e-35 -1.78595e-33 -1.42896e-35  2.04105e-33 -4.68442e-35 -1.01881e-31  5.23456e-35   1.3132e-30  3.39167e-35 -1.41263e-29  2.62178e-35  1.27806e-28 -4.31208e-35 -9.87178e-28 -1.01232e-35  6.58515e-27 -5.05572e-36 -3.82674e-26  1.05198e-35  1.95007e-25  1.01998e-35 -8.75736e-25 -3.96064e-35  3.47814e-24  2.25152e-34 -1.22461e-23 -1.03406e-33  3.82711e-23  4.35987e-33 -1.06181e-22 -1.67805e-32  2.61289e-22  5.90646e-32 -5.69038e-22 -1.90377e-31  1.09273e-21  5.62463e-31 -1.83994e-21 -1.52409e-30  2.69413e-21  3.78836e-30 -3.38827e-21 -8.63638e-30  3.58982e-21   1.8047e-29 -3.09966e-21 -3.45347e-29  2.03994e-21  6.04334e-29 -8.44148e-22 -9.65292e-29  -6.5295e-24  1.40396e-28  3.04946e-22 -1.85372e-28  -2.0833e-22  2.21336e-28  2.72639e-23  -2.3783e-28  4.93135e-23  2.28539e-28 -2.96844e-23 -1.94745e-28 -2.35033e-24  1.45375e-28  8.32155e-24 -9.31619e-29 -1.50478e-24  4.91243e-29 -1.57852e-24 -1.86955e-29  5.43824e-25  1.45349e-30  2.53701e-25  6.30771e-30 -1.12991e-25 -8.58894e-30  -3.9808e-26  8.13776e-30  1.68172e-26 -6.46485e-30  6.24156e-27  4.43495e-30 -1.72243e-27 -2.61872e-30 -8.67295e-28  1.32075e-30   8.5176e-29 -5.67671e-31  8.98817e-29  2.10074e-31  5.07996e-30 -6.89399e-32 -5.66948e-30  2.09211e-32 -1.15072e-30 -5.94749e-33  1.26664e-31  1.48885e-33  7.04863e-32 -2.86953e-34  5.71807e-33  3.35736e-35 -1.33344e-33 -5.81568e-37 -3.19617e-34  -3.3527e-37  -1.4697e-35 -6.51414e-39  2.87867e-36  1.00788e-38  4.36792e-37  1.14516e-40  1.67411e-38 -3.23485e-40 -7.36358e-40  3.21207e-41 -7.13441e-41 -1.62111e-43 -1.27517e-42 -3.95567e-44
-3.01106e-35   -1.259e-33  1.97135e-35  -1.2315e-33 -7.24053e-35  1.58679e-32 -9.33107e-35 -9.31998e-33 -4.64099e-35  1.44841e-31  1.67041e-35 -2.16254e-30  6.83948e-35  2.55912e-29  3.86319e-35 -2.52446e-28  4.64275e-35   2.1115e-27 -5.35125e-35 -1.51732e-26  1.41676e-36   9.4613e-26 -4.88263e-36  -5.1583e-25  2.34968e-36  2.47305e-24  7.15435e-35 -1.04706e-23 -3.61495e-34  3.92647e-23  1.79937e-33 -1.30653e-22 -7.98066e-33  3.86047e-22  3.23343e-32 -1.01255e-21 -1.19759e-31  2.35391e-21  4.06137e-31 -4.83641e-21 -1.26256e-30   8.7428e-21  3.60059e-30 -1.38116e-20 -9.42297e-30  1.88785e-20    2.263e-29 -2.19901e-20 -4.98535e-29  2.12981e-20  1.00666e-28 -1.63979e-20 -1.86098e-28     9.05e-21  3.14463e-28 -2.34264e-21 -4.84683e-28 -1.33594e-21  6.79593e-28  1.80982e-21 -8.63961e-28 -7.32368e-22  9.91717e-28 -1.57428e-22 -1.02253e-27  2.94725e-22  9.40844e-28 -7.66536e-23 -7.66075e-28 -5.20321e-23  5.45872e-28  3.37689e-23 -3.34964e-28  4.62918e-24  1.72195e-28 -8.18446e-24 -6.93509e-29   6.9278e-26  1.60336e-29  1.54246e-24  6.57165e-30 -7.57003e-26 -1.40222e-29 -2.47706e-25  1.47966e-29  4.91774e-27 -1.24441e-29  3.35311e-26  8.75947e-30  1.96919e-27 -5.14691e-30 -3.48609e-27  2.50581e-30 -5.89937e-28 -1.00982e-30  2.28321e-28  3.42554e-31  7.67464e-29 -1.03168e-31 -4.11966e-30  3.00224e-32 -5.04273e-30 -8.64752e-33 -5.59403e-31  2.19515e-33  1.24166e-31 -4.01372e-34  3.72086e-32  3.62025e-35    1.769e-33  2.08337e-36 -5.78488e-34 -6.43777e-37 -9.87772e-35 -6.02238e-38 -3.48995e-36   2.5189e-38  5.22543e-37 -9.19161e-40  5.85929e-38 -3.35288e-40  1.69498e-39  3.36299e-41 -2.10816e-41 -2.92182e-43 -9.50761e-43
 -3.6842e-35 -7.32216e-35 -2.92685e-33  1.11976e-35 -1.78595e-33 -9.33107e-35  2.44809e-32 -1.17703e-34  -1.8707e-31 -7.30051e-35   3.0522e-30  6.61761e-35 -4.00654e-29  8.06065e-35  4.32829e-28  2.75327e-35 -3.93288e-27  5.90269e-35  3.05183e-26 -5.85912e-35 -2.04568e-25  1.16177e-35  1.19487e-24  4.12402e-36 -6.12175e-24 -7.94608e-35  2.76479e-23   5.3242e-34 -1.10467e-22 -2.70775e-33  3.91408e-22  1.27105e-32 -1.23143e-21 -5.41815e-32  3.44089e-21  2.11123e-31 -8.53149e-21 -7.53206e-31  1.87306e-20  2.46357e-30 -3.62818e-20 -7.39392e-30  6.16675e-20  2.03732e-29 -9.12291e-20 -5.15431e-29  1.16055e-19  1.19702e-28 -1.24583e-19 -2.55025e-28  1.09293e-19  4.97953e-28 -7.34973e-20 -8.89839e-28   3.1686e-20  1.45262e-27 -9.05061e-22 -2.16114e-27 -1.06796e-20  2.92161e-27  7.79039e-21 -3.57573e-27 -1.27826e-21  3.94381e-27 -1.73154e-21 -3.89756e-27  1.15394e-21  3.42672e-27  3.90835e-23 -2.65616e-27 -3.11947e-22  1.79462e-27  6.99847e-23 -1.04179e-27  5.71973e-23   5.1013e-28 -2.34588e-23 -2.04944e-28 -8.88823e-24  6.23273e-29  4.85518e-24 -6.35755e-30   1.3827e-24 -1.41067e-29 -7.42298e-25   2.0983e-29 -2.24638e-25 -2.04632e-29  8.13769e-26   1.5399e-29  3.32275e-26 -9.14037e-30 -5.02132e-27  4.29264e-30 -3.70651e-27 -1.59805e-30 -7.85147e-29  4.81864e-31  2.56914e-28  -1.2895e-31  4.29201e-29  3.65237e-32 -7.34155e-30 -1.12688e-32  -3.0625e-30  2.98791e-33 -1.76846e-31 -5.11603e-34  6.96082e-32  2.84058e-35  1.38454e-32  7.02244e-36  4.02836e-34 -1.08909e-36  -1.5461e-34 -1.20473e-37  -1.9671e-35  4.04739e-38 -5.74461e-37 -2.08642e-39  4.58185e-38 -2.75474e-40  3.44841e-39  2.73715e-41  5.42482e-41 -2.16713e-43
-2.34154e-37  3.34116e-34 -1.04813e-34 -3.80037e-33 -1.42896e-35 -9.31998e-33 -1.17703e-34  2.15066e-31 -1.42012e-34 -3.74694e-30 -9.10766e-35  5.48137e-29   9.1503e-35 -6.51876e-28  8.79392e-35  6.45878e-27  9.23758e-36  -5.4272e-26  6.04498e-35  3.91894e-25 -5.38378e-35 -2.45619e-24  5.54175e-36  1.34633e-23  9.41326e-35 -6.49144e-23 -6.58172e-34  2.76487e-22  3.63636e-33 -1.04339e-21 -1.78483e-32  3.49514e-21  8.00683e-32 -1.04006e-20 -3.27967e-31  2.74854e-20  1.23016e-30  -6.4411e-20 -4.23153e-30  1.33482e-19  1.33623e-29 -2.43543e-19 -3.87595e-29   3.8864e-19  1.03295e-28 -5.37158e-19 -2.52886e-28  6.33597e-19  5.68458e-28 -6.22752e-19 -1.17228e-27  4.88477e-19  2.21512e-27 -2.77329e-19 -3.82897e-27  7.80737e-20  6.04195e-27  3.60897e-20 -8.68034e-27 -5.48031e-20   1.1317e-26  2.40093e-20 -1.33345e-26  3.75065e-21  1.41269e-26 -9.11327e-21 -1.33705e-26  2.74309e-21  1.12133e-26   1.4962e-21 -8.24726e-27 -1.12597e-21  5.25107e-27 -9.68604e-23 -2.85066e-27  2.67363e-22  1.30166e-27  -1.4347e-23 -5.01738e-28 -5.01562e-23  1.72745e-28  4.80461e-24 -5.65626e-29   8.1568e-24  8.43141e-30 -5.36364e-25   1.8154e-29 -1.14108e-24 -2.82864e-29 -1.89887e-26  2.45901e-29  1.25445e-25 -1.50417e-29  1.60641e-26  6.79994e-30 -9.07547e-27 -2.28813e-30  -2.5033e-27  5.80299e-31  2.53724e-28 -1.28188e-31  1.84963e-28  3.70373e-32  1.53539e-29 -1.36219e-32 -5.45711e-30   3.8809e-33 -1.33336e-30 -6.09706e-34 -3.40677e-32  8.82998e-36  2.50452e-32  1.37349e-35  3.60176e-33 -1.62246e-36  7.59117e-35  -1.5691e-37  -2.4236e-35  4.97534e-38 -2.26389e-36 -2.97418e-39 -5.27494e-38 -1.69455e-40  1.32371e-39  1.66271e-41  4.07943e-41
 7.05718e-35  5.39232e-36 -3.60823e-35 -9.62573e-35  2.04105e-33 -4.64099e-35  -1.8707e-31 -1.42012e-34  4.02062e-30 -1.58863e-34 -6.59952e-29 -1.05464e-34  8.69159e-28  9.86128e-35 -9.43122e-27  9.01347e-35  8.60927e-26 -5.61135e-36 -6.71312e-25  5.10645e-35  4.52294e-24 -2.74637e-35 -2.65606e-23 -9.58078e-35  1.36853e-22  7.36918e-34 -6.21777e-22  -4.3364e-33  2.50003e-21  2.24607e-32 -8.91735e-21 -1.05593e-31  2.82541e-20  4.53923e-31 -7.95418e-20 -1.78732e-30  1.98799e-19  6.45821e-30 -4.40192e-19 -2.14392e-29  8.60514e-19  6.54307e-29 -1.47719e-18  -1.8363e-28  2.20918e-18  4.73861e-28  -2.8446e-18 -1.12386e-27   3.0963e-18  2.44787e-27 -2.76226e-18 -4.89104e-27  1.90018e-18  8.95175e-27 -8.54307e-19 -1.49792e-26  5.59076e-20  2.28624e-26  2.66326e-19 -3.17341e-26 -2.08806e-19  3.99135e-26  4.16172e-20 -4.52817e-26  4.30623e-20  4.60722e-26 -3.21169e-20 -4.17332e-26  4.07679e-22  3.33371e-26  8.33347e-21 -2.31945e-26 -2.28045e-21  1.38313e-26 -1.46162e-21 -6.93403e-27  7.19767e-22  2.88095e-27  2.15831e-22 -1.02601e-27 -1.48473e-22  3.82384e-28 -3.28805e-23  -1.8924e-28   2.3267e-23  9.09284e-29  5.57622e-24 -1.25538e-29 -2.70755e-24 -3.07402e-29 -8.91188e-25  3.64165e-29  1.95605e-25 -2.34891e-29  1.08094e-25  1.01779e-29 -2.10157e-27 -3.00416e-30 -8.25464e-27  5.73619e-31 -1.08809e-27 -8.12622e-32  2.87364e-28  2.93028e-32  9.40058e-29 -1.58873e-32  2.94304e-30  4.91124e-33 -2.54287e-30 -6.89962e-34 -4.22085e-31 -1.93637e-35 -3.64786e-33  2.05857e-35   5.8063e-33 -2.12898e-36  6.23999e-34 -1.43176e-37  1.16397e-35  4.90515e-38 -1.92908e-36 -3.25898e-39  -1.1864e-37 -6.70101e-41 -1.58073e-39  6.61525e-42
-1.72033e-35  1.82512e-34  1.76897e-35 -4.59455e-33 -4.68442e-35  1.44841e-31 -7.30051e-35 -3.74694e-30 -1.58863e-34  7.01905e-29 -1.63247e-34 -1.03102e-27 -1.20723e-34   1.2315e-26  9.67688e-35 -1.22582e-25  8.72819e-35  1.03505e-24 -8.45516e-36  -7.5123e-24  2.58084e-35   4.7337e-23  9.30288e-35 -2.60947e-22 -7.74288e-34  1.26571e-21  4.71133e-33 -5.42503e-21 -2.56229e-32  2.06094e-20  1.26046e-31 -6.95248e-20 -5.66332e-31  2.08438e-19  2.33337e-30 -5.55221e-19 -8.83299e-30   1.3122e-18  3.07628e-29 -2.74413e-18 -9.86378e-29    5.056e-18  2.91246e-28 -8.15468e-18 -7.91777e-28  1.14043e-17  1.98087e-27 -1.36314e-17 -4.55692e-27   1.3608e-17  9.62879e-27 -1.08852e-17 -1.86614e-26  6.36478e-18  3.31151e-26 -1.94343e-18 -5.36887e-26 -7.07178e-19   7.9317e-26  1.23767e-18 -1.06431e-25 -5.88359e-19  1.29193e-25 -5.80832e-20 -1.41151e-25  2.09792e-19  1.37915e-25 -7.27806e-20   -1.195e-25 -3.13473e-20  9.08034e-26  2.79821e-20 -5.95879e-26  9.52747e-22  3.30599e-26 -6.49136e-21 -1.50727e-26  6.68951e-22  5.50268e-27  1.20793e-21 -1.71212e-27 -1.80029e-22  6.96452e-28 -1.98555e-22   -4.791e-28  2.35471e-23  3.02579e-28  2.87198e-23 -1.05218e-28 -8.71419e-25 -1.91496e-29 -3.34181e-24  5.12139e-29 -2.85616e-25 -3.55413e-29  2.65364e-25  1.46619e-29  5.91591e-26 -3.65495e-30 -9.78556e-27  3.93681e-31  -5.0057e-27  2.67207e-32 -2.63009e-28  1.34943e-32  1.74347e-28 -1.85525e-32  3.50037e-29  6.06616e-33 -3.75874e-32  -7.4128e-34 -7.94444e-31 -4.87685e-35 -9.59682e-32  2.52319e-35 -3.35739e-34 -2.46408e-36  8.16555e-34 -7.52249e-38  6.43997e-35  3.91028e-38  1.07832e-36 -2.87155e-39 -5.48957e-38 -6.57728e-42 -1.28311e-39
 5.73131e-34 -2.24961e-35  2.15284e-33  3.44671e-35 -1.01881e-31  1.67041e-35   3.0522e-30 -9.10766e-35 -6.59952e-29 -1.63247e-34  1.09111e-27  -1.5443e-34  -1.4433e-26 -1.37063e-34  1.57337e-25   9.1003e-35 -1.44324e-24  7.87258e-35  1.13114e-23  1.23423e-35 -7.66206e-23 -7.80223e-35  4.52503e-22   7.6753e-34 -2.34547e-21 -4.81923e-33  1.07237e-20  2.71146e-32  -4.3405e-20 -1.38683e-31  1.55913e-19  6.47488e-31  -4.9769e-19 -2.77425e-30  1.41223e-18   1.0943e-29  -3.5594e-18 -3.98055e-29  7.95267e-18  1.33637e-28 -1.56975e-17 -4.14143e-28  2.72307e-17   1.1843e-27 -4.11947e-17 -3.12278e-27  5.37263e-17  7.58495e-27 -5.93443e-17  -1.6949e-26  5.38868e-17  3.47909e-26  -3.7961e-17 -6.54865e-26  1.78133e-17  1.12799e-25 -1.83099e-18 -1.77363e-25 -5.08315e-18  2.53837e-25  4.31752e-18 -3.29481e-25  -1.0222e-18  3.86169e-25  -8.1334e-19 -4.06422e-25  6.88629e-19  3.81333e-25 -4.19145e-20 -3.15929e-25 -1.70475e-19  2.28072e-25  5.63378e-20 -1.40741e-25  2.81745e-20  7.21049e-26  -1.6913e-20 -2.92884e-26 -3.83727e-21  8.84092e-27  3.47699e-21 -2.10698e-27  5.58427e-22  1.02976e-27 -5.57388e-22 -1.03963e-27 -1.00364e-22  7.57251e-28  6.84452e-23 -3.12876e-28  1.78077e-23  1.82618e-29 -5.59105e-24  7.02155e-29 -2.38794e-24 -5.28645e-29  1.62868e-25  2.05914e-29    2.021e-25 -4.15004e-30  1.93624e-26 -1.45261e-32 -8.33607e-27  1.99265e-31 -2.18319e-27 -7.15911e-33  2.70982e-31 -2.21024e-32  7.02366e-29  7.19867e-33  9.66119e-30 -7.42024e-34 -1.69762e-31 -7.02122e-35 -1.64755e-31  2.56554e-35 -1.49137e-32 -2.52044e-36  -8.2859e-35  2.22221e-38  6.03997e-35   2.4778e-38   3.1056e-36 -2.02683e-39  3.25166e-38  8.70681e-42
 -7.3861e-36   3.1238e-34 -1.02867e-35  5.72207e-32  5.23456e-35 -2.16254e-30  6.61761e-35  5.48137e-29 -1.05464e-34 -1.03102e-27  -1.5443e-34  1.52136e-26 -1.34084e-34  -1.8256e-25 -1.52604e-34  1.82602e-24   8.3396e-35 -1.54974e-23  5.74068e-35  1.13085e-22  1.16305e-34 -7.16626e-22 -6.89407e-34  3.97406e-21  4.71738e-33 -1.93975e-20 -2.74683e-32  8.36944e-20   1.4474e-31 -3.20188e-19 -6.95857e-31  1.08818e-18  3.07065e-30  -3.2882e-18  -1.2499e-29  8.83248e-18  4.70749e-29 -2.10618e-17 -1.64285e-28  4.44692e-17  5.31399e-28 -8.27845e-17 -1.59221e-27  1.35032e-16  4.41405e-27 -1.91202e-16  -1.1305e-26  2.31766e-16  2.67023e-26 -2.35193e-16 -5.80568e-26  1.92051e-16  1.15959e-25 -1.15781e-16 -2.12303e-25  3.82424e-17  3.55431e-25   1.0474e-17 -5.42629e-25 -2.20442e-17  7.53007e-25  1.14019e-17 -9.46147e-25  4.81178e-19  1.07127e-24 -3.79952e-18 -1.08637e-24  1.51644e-18  9.78834e-25  5.00078e-19  -7.7508e-25 -5.47948e-19  5.30953e-25  1.07122e-20 -3.07131e-25  1.23705e-19  1.44007e-25 -1.95581e-20 -5.05599e-26 -2.27226e-20  1.10095e-26  4.80591e-21 -9.71705e-28  3.76497e-21  1.12974e-27 -6.83496e-22 -2.03339e-27 -5.63592e-22   1.6228e-27  4.77157e-23 -7.07641e-28  6.95615e-23  9.47375e-29  2.77397e-24  9.61128e-29 -6.04348e-24 -7.76821e-29 -1.05307e-24  2.83424e-29  2.73541e-25 -4.40639e-30  1.05295e-25 -6.75181e-31  1.87069e-27  4.23342e-31 -4.30522e-27 -2.67068e-32 -7.05683e-28 -2.66398e-32  2.50568e-29   8.0043e-33  1.95602e-29 -6.64834e-34  1.95569e-30 -7.65917e-35 -3.88777e-32  2.12835e-35  -2.1261e-32 -2.28356e-36 -1.41561e-33  1.08108e-37 -1.23475e-35  1.18602e-38  1.67093e-36 -1.09573e-39  3.14589e-38
 2.15745e-34 -1.13489e-35 -2.50336e-32  1.36814e-35   1.3132e-30  6.83948e-35 -4.00654e-29   9.1503e-35  8.69159e-28 -1.20723e-34  -1.4433e-26 -1.34084e-34  1.91802e-25 -1.04763e-34 -2.10105e-24   -1.674e-34  1.93715e-23  8.06308e-35 -1.52643e-22 -2.77829e-35  1.03984e-21  6.98462e-34 -6.17775e-21 -4.45993e-33  3.22232e-20  2.73948e-32 -1.48306e-19 -1.48634e-31    6.045e-19  7.29867e-31 -2.18753e-18 -3.27835e-30  7.03783e-18  1.35799e-29 -2.01374e-17 -5.21886e-29   5.1207e-17  1.86759e-28 -1.15502e-16 -6.23254e-28  2.30324e-16  1.93916e-27 -4.03992e-16 -5.61645e-27  6.18613e-16   1.5108e-26 -8.17769e-16 -3.76431e-26  9.17362e-16   8.6633e-26 -8.48654e-16 -1.83653e-25  6.12882e-16  3.57643e-25 -3.00388e-16 -6.38048e-25  4.22107e-17  1.03986e-24  7.74558e-17  -1.5434e-24 -7.19876e-17  2.07888e-24  1.99198e-17 -2.53053e-24  1.21242e-17  2.76936e-24 -1.18855e-17 -2.70681e-24  1.32117e-18  2.34209e-24  2.78491e-18 -1.77182e-24 -1.10699e-18  1.15033e-24 -4.23829e-19  -6.2162e-25  3.18184e-19  2.63806e-25  5.01995e-20 -7.61807e-26 -6.51433e-20  7.11264e-27 -6.55006e-21  4.17326e-27  1.06624e-20  5.17177e-28  1.29857e-21 -3.67992e-27 -1.37578e-21  3.11868e-27 -2.71465e-22 -1.37441e-27  1.24457e-22   2.2232e-28  4.14539e-23  1.33069e-28  -5.3963e-24  -1.1234e-28 -3.93102e-24  3.81588e-29 -2.25389e-25 -4.34431e-30   1.8924e-25  -1.5677e-30  3.97685e-26  6.67803e-31 -1.58963e-27 -3.77288e-32 -1.53535e-27 -3.16722e-32 -1.71077e-28  8.10647e-33  9.26829e-30 -4.92202e-34  3.69924e-30 -6.61763e-35  2.77252e-31  1.34622e-35 -3.36831e-33 -1.83709e-36 -1.47984e-33  1.49154e-37 -6.41118e-35  3.73553e-39 -4.63812e-37 -3.95591e-40
-4.86328e-36  9.60037e-33 -7.72145e-36 -6.72529e-31  3.39167e-35  2.55912e-29  8.06065e-35 -6.51876e-28  9.86128e-35   1.2315e-26 -1.37063e-34  -1.8256e-25 -1.04763e-34  2.20134e-24  -6.9446e-35 -2.21313e-23 -1.87154e-34   1.8884e-22  1.24978e-34  -1.3858e-21 -5.30067e-34  8.83436e-21  4.33038e-33 -4.92996e-20 -2.73411e-32  2.42232e-19  1.54704e-31 -1.05249e-18 -7.77767e-31  4.05636e-18  3.53586e-30 -1.38941e-17 -1.47205e-29  4.23341e-17  5.67138e-29 -1.14722e-16 -2.03875e-28  2.76155e-16  6.87593e-28 -5.88985e-16 -2.18104e-27  1.10848e-15  6.50422e-27 -1.82967e-15 -1.81881e-26  2.62496e-15  4.75029e-26 -3.22922e-15 -1.15356e-25  3.33405e-15  2.59315e-25 -2.78197e-15 -5.37402e-25  1.73103e-15  1.02293e-24 -6.16907e-16 -1.78228e-24 -1.17892e-16    2.833e-24  3.20741e-16 -4.09418e-24 -1.81118e-16    5.359e-24  2.47878e-18 -6.32498e-24   5.6024e-17  6.69422e-24 -2.57411e-17 -6.30818e-24 -6.15199e-18  5.24148e-24  8.75542e-18  -3.7867e-24 -6.62937e-19  2.32702e-24 -1.91318e-18 -1.17027e-24  4.22891e-19  4.43128e-25  3.44453e-19 -9.57619e-26 -9.90756e-20 -1.23112e-26 -5.72953e-20  1.73424e-26  1.49013e-20  -1.5085e-27  8.89034e-21 -6.24874e-27 -1.33691e-21  5.49123e-27 -1.16866e-21  -2.3965e-27  1.28594e-23  4.08895e-28  1.11071e-22  1.85867e-28  1.41241e-23 -1.58516e-28 -5.94161e-24  4.99303e-29 -1.77261e-24 -3.87912e-30  4.30769e-26 -2.62143e-30  8.53477e-26  8.87096e-31  1.11437e-26 -3.32928e-32 -9.39837e-28 -3.62046e-32  -3.8739e-28  7.22841e-33 -3.09734e-29 -2.34219e-34  1.68774e-30 -4.34632e-35  4.44345e-31  4.87306e-36  2.46158e-32  -1.3156e-36 -4.67446e-35  1.38412e-37 -3.96758e-35  3.75237e-40 -6.21455e-37
-2.34483e-33 -1.14839e-35  2.83958e-31  5.77269e-36 -1.41263e-29  3.86319e-35  4.32829e-28  8.79392e-35 -9.43122e-27  9.67688e-35  1.57337e-25 -1.52604e-34 -2.10105e-24  -6.9446e-35  2.31334e-23 -3.00426e-35 -2.14437e-22 -2.40964e-34   1.6993e-21  5.06405e-34 -1.16452e-20 -3.85401e-33  6.96209e-20  2.73958e-32 -3.65554e-19  -1.6375e-31  1.69424e-18  8.57864e-31 -6.95689e-18 -3.98795e-30  2.53724e-17  1.67152e-29 -8.23071e-17 -6.40413e-29  2.37584e-16  2.27154e-28 -6.09829e-16 -7.54549e-28  1.38936e-15  2.36904e-27 -2.80055e-15 -7.06941e-27  4.96987e-15   2.0069e-26 -7.70806e-15 -5.40176e-26  1.03358e-14  1.36993e-25  -1.1785e-14 -3.24952e-25  1.11178e-14  7.15817e-25 -8.23977e-15 -1.45531e-24  4.22068e-15  2.71665e-24 -7.53798e-16 -4.63593e-24 -9.67269e-16  7.20403e-24  9.96576e-16 -1.01556e-23 -3.18497e-16  1.29354e-23 -1.45454e-16 -1.48169e-23  1.69961e-16  1.51748e-23 -2.79215e-17   -1.379e-23 -3.72836e-17  1.10024e-23  1.78593e-17 -7.58689e-24  5.02819e-18  4.40687e-24 -4.93418e-18 -2.05368e-24 -4.46587e-19   6.8059e-25  1.00449e-18 -8.68569e-26  3.96315e-20 -6.21144e-26 -1.67527e-19   4.3908e-26 -1.05102e-20 -5.77065e-27  2.26459e-20 -1.00138e-26  3.11051e-21  8.95872e-27 -2.23982e-21 -3.83457e-27 -5.74818e-22  6.56023e-28  1.23847e-22  2.58329e-28  6.22913e-23 -2.16363e-28  8.71909e-25  6.30191e-29 -3.47991e-24 -2.91942e-30 -5.76743e-25 -3.72269e-30   5.4884e-26  1.03091e-30  2.73376e-26 -9.25347e-33  2.34673e-27  -3.9089e-32 -2.63827e-28  5.36228e-33 -6.76384e-29  6.44619e-35 -4.03565e-30 -1.69554e-35  1.57379e-31 -1.80586e-36  2.93765e-32 -8.39841e-37  1.06623e-33  9.50653e-38  3.35779e-36 -2.38782e-40
-5.42015e-36 -9.26811e-32 -2.03184e-35  6.62086e-30  2.62178e-35 -2.52446e-28  2.75327e-35  6.45878e-27  9.01347e-35 -1.22582e-25   9.1003e-35  1.82602e-24   -1.674e-34 -2.21313e-23 -3.00426e-35  2.23698e-22  2.05072e-35 -1.91959e-21 -5.21942e-34   1.4171e-20  3.25502e-33 -9.09076e-20 -2.59478e-32  5.10671e-19  1.71534e-31 -2.52673e-18 -9.60458e-31  1.10597e-17  4.67955e-30  -4.2958e-17 -2.01646e-29  1.48361e-16  7.79624e-29 -4.56013e-16 -2.74038e-28  1.24732e-15  8.87706e-28 -3.03247e-15  -2.6891e-27  6.53694e-15  7.73091e-27  -1.2445e-14 -2.13507e-26  2.08007e-14  5.69837e-26 -3.02573e-14 -1.46664e-25  3.78067e-14  3.60806e-25 -3.97495e-14 -8.38269e-25  3.39263e-14  1.81781e-24 -2.18102e-14 -3.64367e-24  8.36612e-15  6.70072e-24  9.57816e-16  -1.1242e-23  -3.9033e-15  1.71295e-23  2.41701e-15 -2.36077e-23 -1.67657e-16  2.93066e-23 -6.87709e-16 -3.26134e-23  3.65076e-16    3.234e-23  5.67769e-17  -2.8347e-23  -1.1685e-16  2.17136e-23   1.5863e-17 -1.42826e-23  2.45222e-17  7.82917e-24 -7.24448e-18 -3.36422e-24 -4.28137e-18  9.49453e-25  1.64984e-18 -1.24956e-26  7.10216e-19 -1.61458e-25 -2.58886e-19  8.96844e-26 -1.14556e-19 -1.30495e-26  2.69038e-20 -1.51441e-26  1.61544e-20  1.36299e-26 -1.14417e-21 -5.70456e-27 -1.68539e-21  9.58375e-28 -1.33355e-22  3.51737e-28  1.04396e-22  -2.8398e-28   2.4209e-23  7.62404e-29 -1.91943e-24 -1.38245e-30 -1.39188e-24 -4.73441e-30 -1.36823e-25  1.05812e-30  2.24611e-26  3.37144e-32  6.31103e-27 -3.94424e-32  3.74503e-28   2.8311e-33 -4.31448e-29  3.36397e-34 -7.63521e-30  4.89598e-36 -3.39809e-31 -5.15289e-36  6.00673e-33 -4.76186e-37  7.65988e-34  4.76398e-38  1.00744e-35
 2.03369e-32 -1.19207e-35 -2.55576e-30 -3.12049e-35  1.27806e-28  4.64275e-35 -3.93288e-27  9.23758e-36  8.60927e-26  8.72819e-35 -1.44324e-24   8.3396e-35  1.93715e-23 -1.87154e-34 -2.14437e-22  2.05072e-35  1.99903e-21  1.49563e-34 -1.59359e-20 -2.40672e-33  1.09895e-19  2.21475e-32 -6.61365e-19 -1.68379e-31  3.49688e-18  1.04362e-30 -1.63267e-17 -5.48028e-30  6.75639e-17  2.49793e-29 -2.48446e-16 -1.00381e-28  8.13005e-16  3.59955e-28 -2.36861e-15 -1.16427e-27  6.14004e-15  3.43732e-27 -1.41372e-14 -9.40346e-27   2.8822e-14  2.43052e-26 -5.17811e-14 -6.06754e-26  8.14004e-14  1.48965e-25 -1.10801e-13 -3.61701e-25  1.28523e-13  8.60101e-25 -1.23761e-13  -1.9645e-24  9.42291e-14   4.2232e-24 -5.04708e-14 -8.40857e-24  1.09522e-14  1.53343e-23  1.00551e-14 -2.54257e-23  -1.1691e-14  3.81347e-23  4.27864e-15 -5.15234e-23  1.40821e-15  6.24538e-23 -2.05408e-15  -6.7599e-23  4.54436e-16  6.49406e-23  4.15334e-16 -5.49113e-23 -2.41894e-16  4.03702e-23 -4.61512e-17 -2.53096e-23  6.43412e-17  1.30691e-23  1.48377e-18 -5.14815e-24 -1.29908e-17  1.18705e-24  3.23383e-19  1.76111e-25  2.20252e-18 -3.29788e-25  8.84263e-22  1.59263e-25 -3.11292e-19 -2.39437e-26 -2.40637e-20 -2.15276e-26  3.34052e-20  1.94182e-26   6.3406e-21 -7.96354e-27 -2.20459e-21  1.30475e-27 -8.15162e-22  4.64202e-28  3.11048e-23 -3.57563e-28  5.30146e-23  8.80505e-29  6.60846e-24  7.68161e-31 -1.20589e-24 -5.52328e-30 -4.03637e-25  9.50856e-31 -2.38112e-26  8.92096e-32  5.44886e-27 -3.69417e-32  1.02502e-27  1.93529e-34  4.46259e-29   5.1793e-34 -3.94123e-30  1.72319e-35 -4.83018e-31 -5.40641e-36 -1.43446e-32 -2.35556e-37  3.75546e-35  1.53793e-38
-9.66376e-37  7.67617e-31 -1.72917e-35 -5.51323e-29 -4.31208e-35   2.1115e-27  5.90269e-35  -5.4272e-26 -5.61135e-36  1.03505e-24  7.87258e-35 -1.54974e-23  8.06308e-35   1.8884e-22 -2.40964e-34 -1.91959e-21  1.49563e-34  1.65707e-20  8.48775e-34   -1.231e-19 -1.53543e-32  7.94927e-19  1.45933e-31  -4.4967e-18 -1.04499e-30  2.24132e-17  6.09249e-30 -9.88687e-17 -3.01281e-29  3.87188e-16  1.29284e-28 -1.34887e-15 -4.88182e-28  4.18441e-15  1.63745e-27 -1.15583e-14 -4.91465e-27  2.83964e-14  1.33011e-26 -6.19043e-14 -3.28207e-26  1.19291e-13  7.52192e-26 -2.02035e-13 -1.64928e-25  2.98198e-13  3.59279e-25 -3.78758e-13 -8.00423e-25  4.05893e-13  1.82224e-24  -3.5472e-13 -4.11446e-24  2.35831e-13  8.87521e-24 -9.71451e-14  -1.7772e-23 -4.18701e-15  3.24677e-23   4.0381e-14 -5.36047e-23 -2.75801e-14  7.95544e-23  3.45717e-15 -1.05738e-22  7.12878e-15  1.25425e-22 -4.40504e-15 -1.32209e-22 -3.39087e-16  1.23116e-22  1.32345e-15 -1.00425e-22 -2.66699e-16  7.08278e-23  -2.6369e-16 -4.22788e-23  1.02128e-16  2.05207e-23  4.38715e-17 -7.35877e-24 -2.28291e-17  1.29327e-24 -7.17312e-18  5.28755e-25  3.70806e-18 -5.79753e-25   1.2093e-18  2.53996e-25 -4.27114e-19 -3.88849e-26 -1.85383e-19 -2.85694e-26   2.7083e-20  2.59909e-26  2.14141e-20 -1.05115e-26  5.79654e-22  1.67964e-27 -1.52153e-21   5.9156e-28 -2.67527e-22 -4.32188e-28  4.26813e-23  9.69026e-29  1.89577e-23  3.46741e-30  1.22723e-24 -5.98596e-30 -4.08399e-25  7.22911e-31 -8.56542e-26  1.46119e-31   -3.122e-27 -3.19015e-32  8.24152e-28 -1.96718e-33  1.09459e-28   5.7616e-34  3.61426e-30  1.99522e-35 -1.66288e-31  -3.9019e-36  -1.2294e-32 -9.65094e-38 -1.34379e-34
  -1.556e-31 -2.77236e-36  1.96536e-29 -1.72157e-35 -9.87178e-28 -5.35125e-35  3.05183e-26  6.04498e-35 -6.71312e-25 -8.45516e-36  1.13114e-23  5.74068e-35 -1.52643e-22  1.24978e-34   1.6993e-21 -5.21942e-34 -1.59359e-20  8.48775e-34  1.27838e-19  5.50217e-33 -8.87421e-19 -1.00553e-31  5.37794e-18  9.12185e-31 -2.86447e-17 -6.14887e-30  1.34781e-16  3.38241e-29 -5.62344e-16 -1.58176e-28  2.08585e-15  6.42618e-28 -6.88867e-15 -2.29634e-27  2.02664e-14  7.26901e-27  -5.3085e-14 -2.04639e-26  1.23594e-13  5.13681e-26 -2.55011e-13 -1.15386e-25  4.64132e-13  2.34117e-25 -7.40062e-13 -4.39673e-25  1.02341e-12  8.05218e-25  -1.2087e-12 -1.55161e-24  1.18922e-12  3.29325e-24 -9.31151e-13 -7.42691e-24  5.21745e-13  1.64801e-23 -1.33436e-13  -3.3972e-23 -8.75913e-14  6.32474e-23  1.17936e-13 -1.05169e-22 -4.91429e-14  1.55566e-22 -1.07545e-14 -2.04317e-22  2.12754e-14  2.37789e-22 -6.03042e-15 -2.44437e-22 -3.87382e-15  2.20759e-22  2.79489e-15 -1.73685e-22  2.97896e-16  1.17428e-22 -7.15266e-16 -6.66474e-23  3.35493e-17  3.03253e-23  1.42649e-16 -9.81525e-24 -1.36246e-17  1.14567e-24 -2.45135e-17  1.07673e-24  1.68261e-18 -9.08497e-25  3.61854e-18  3.70428e-25  5.00166e-20  -5.8373e-26 -4.19697e-19 -3.50643e-26 -5.33741e-20  3.27926e-26  3.19736e-20 -1.32104e-26  8.83414e-21  2.06369e-27 -9.41993e-22  7.29358e-28 -6.78612e-22 -5.02843e-28 -5.67535e-23  1.01653e-28  2.02393e-23  6.49771e-30  4.98744e-24 -6.06745e-30  1.41943e-25  4.18167e-31 -8.93218e-26   1.9169e-31 -1.29869e-26  -2.5155e-32 -3.25019e-28 -3.26127e-33   7.2816e-29  5.20841e-34  6.66542e-30  1.63383e-35   1.5277e-31 -2.08486e-36 -1.85938e-33 -2.82537e-38
 5.57376e-38 -5.46646e-30 -4.32494e-36  3.94356e-28 -1.01232e-35 -1.51732e-26 -5.85912e-35  3.91894e-25  5.10645e-35  -7.5123e-24  1.23423e-35  1.13085e-22 -2.77829e-35  -1.3858e-21  5.06405e-34   1.4171e-20 -2.40672e-33   -1.231e-19  5.50217e-33   9.2054e-19  3.60011e-32 -5.98599e-18 -6.28167e-31  3.41107e-17  5.36816e-30 -1.71342e-16 -3.41153e-29  7.62027e-16  1.77552e-28 -3.01016e-15  -7.8796e-28  1.05832e-14  3.04423e-27 -3.31514e-14 -1.03531e-26  9.25241e-14  3.11615e-26 -2.29837e-13 -8.31181e-26  5.07017e-13  1.96113e-25 -9.89604e-13 -4.07558e-25  1.69951e-12  7.42298e-25 -2.54721e-12 -1.18576e-24  3.29165e-12  1.71026e-24 -3.59881e-12 -2.49425e-24  3.22365e-12   4.5053e-24  -2.2185e-12 -1.04433e-23  9.79306e-13  2.55527e-23 -2.34031e-14 -5.72104e-23 -3.59034e-13  1.12142e-22  2.72635e-13 -1.91338e-22 -4.96915e-14  2.85069e-22 -6.28919e-14 -3.72139e-22  4.58232e-14  4.26281e-22  5.77729e-17 -4.27979e-22 -1.28553e-14  3.75024e-22  3.54529e-15 -2.84488e-22  2.38886e-15  1.84188e-22 -1.21327e-15 -9.92106e-23 -3.66983e-16  4.21762e-23   2.6747e-16 -1.21877e-23  5.77177e-17  6.34798e-25  -4.4734e-17  1.80833e-24 -1.02938e-17 -1.29039e-24  5.58319e-18  5.00038e-25  1.76203e-18 -8.33578e-26 -4.40656e-19 -3.92606e-26 -2.29336e-19  3.91592e-26  7.69256e-21 -1.59137e-26  1.86877e-20  2.43251e-27  2.32046e-21  8.74518e-28 -6.94418e-22 -5.65131e-28 -2.17211e-22  1.01865e-28 -5.82626e-24  9.47605e-30  6.01328e-24 -5.76873e-30  9.71987e-25  9.83554e-32  8.32638e-27  2.15707e-31 -1.26658e-26 -1.78127e-32 -1.31712e-27 -3.60904e-33 -2.60101e-29  3.95204e-34  3.12938e-30  1.05066e-35  1.66256e-31 -8.01373e-37  1.46091e-33
 1.02869e-30  1.12454e-36   -1.305e-28 -4.95993e-36  6.58515e-27  1.41676e-36 -2.04568e-25 -5.38378e-35  4.52294e-24  2.58084e-35 -7.66206e-23  1.16305e-34  1.03984e-21 -5.30067e-34 -1.16452e-20  3.25502e-33  1.09895e-19 -1.53543e-32 -8.87421e-19  3.60011e-32  6.20332e-18  2.24573e-31 -3.78702e-17 -3.68719e-30  2.03276e-16  2.96494e-29 -9.64317e-16 -1.77979e-28  4.05828e-15  8.78455e-28 -1.51912e-14 -3.70978e-27  5.06583e-14  1.36739e-26 -1.50578e-13 -4.44405e-26  3.98769e-13  1.27885e-25 -9.39391e-13 -3.25719e-25  1.96286e-12  7.30709e-25 -3.62169e-12 -1.42911e-24   5.8619e-12  2.39227e-24 -8.24224e-12 -3.31795e-24  9.92074e-12  3.59613e-24 -9.98295e-12 -2.79254e-24   8.0468e-12  2.08902e-24 -4.71865e-12 -6.60093e-24  1.39146e-12  2.72455e-23   6.3688e-13  -7.9551e-23 -1.03393e-12   1.7712e-22  4.88956e-13 -3.20718e-22  5.90872e-14  4.89016e-22 -1.90675e-13 -6.39506e-22  6.73114e-14  7.23752e-22  3.01127e-14 -7.10841e-22 -2.78669e-14  6.04546e-22 -7.12854e-16 -4.41895e-22  6.83994e-15  2.73564e-22 -8.37154e-16 -1.39492e-22 -1.33891e-15  5.51585e-23  2.37005e-16 -1.40269e-23  2.32243e-16 -2.85388e-25 -3.47809e-17  2.64754e-24 -3.58033e-17 -1.67493e-24  2.06395e-18  6.30813e-25  4.48701e-18 -1.15522e-25  2.87619e-19 -3.91937e-26 -3.87923e-19  4.44942e-26 -7.83132e-20 -1.84885e-26  1.63274e-20  2.75456e-27   7.3501e-21  1.02507e-27  2.87292e-22 -6.15342e-28  -2.7611e-22  9.79076e-29 -5.15682e-23  1.19116e-29  5.08957e-25 -5.14502e-30  1.20906e-24 -1.75632e-31  1.37404e-25  2.13997e-31  1.97144e-28 -1.09765e-32 -1.08034e-27 -3.21206e-33 -7.75808e-29  2.52784e-34 -1.18411e-30   5.3974e-36  3.95241e-32 -1.91707e-37
 8.48332e-37  3.37655e-29  3.82137e-36 -2.44712e-27 -5.05572e-36   9.4613e-26  1.16177e-35 -2.45619e-24 -2.74637e-35   4.7337e-23 -7.80223e-35 -7.16626e-22  6.98462e-34  8.83436e-21 -3.85401e-33 -9.09076e-20  2.21475e-32  7.94927e-19 -1.00553e-31 -5.98599e-18  2.24573e-31  3.92117e-17  1.31541e-30  -2.2518e-16 -2.02713e-29  1.14037e-15  1.53559e-28 -5.11564e-15  -8.7229e-28  2.03929e-14  4.09116e-27 -7.23938e-14 -1.64751e-26  2.29107e-13  5.80699e-26 -6.46442e-13 -1.80857e-25  1.62462e-12  4.99424e-25 -3.62894e-12 -1.22106e-24  7.17912e-12  2.62605e-24 -1.25113e-11 -4.90003e-24  1.90572e-11  7.72035e-24 -2.50774e-11 -9.67377e-24  2.79992e-11  8.03101e-24 -2.57336e-11  5.24441e-26  1.83486e-11 -1.38749e-23 -8.66288e-12   2.3556e-23  7.55915e-13 -5.97087e-24  2.76154e-12 -7.17532e-23 -2.35753e-12  2.37086e-22  5.67887e-13 -4.89367e-22  4.72767e-13   7.8368e-22 -4.14964e-13 -1.03773e-21  3.05642e-14  1.16567e-21  1.07732e-13 -1.12191e-21 -3.91061e-14  9.26175e-22 -1.81267e-14 -6.51695e-22  1.23385e-14  3.84979e-22  2.40424e-15 -1.85193e-22 -2.68699e-15  6.76987e-23 -3.40387e-16 -1.48455e-23  4.60841e-16 -1.54695e-24  6.65388e-17  3.44657e-24 -6.15232e-17 -1.99262e-24 -1.35841e-17  7.50344e-25  5.64736e-18 -1.57154e-25  2.06641e-18 -3.32568e-26 -2.29134e-19  4.84383e-26 -1.95118e-19 -2.08209e-26 -1.40815e-20  2.99107e-27  9.06277e-21  1.17748e-27  2.09026e-21 -6.50045e-28 -4.29713e-23  9.08019e-29 -7.38631e-23   1.3337e-29  -9.1436e-24  -4.2959e-30  2.72382e-25 -3.61517e-31  1.61933e-25  1.89557e-31  1.32474e-26 -5.48168e-33  3.40315e-29 -2.41738e-33 -4.62552e-29  1.34518e-34 -1.90596e-30  2.14892e-36 -1.23801e-32
 -5.9216e-30  1.49142e-36  7.54688e-28  7.75229e-36 -3.82674e-26 -4.88263e-36  1.19487e-24  5.54175e-36 -2.65606e-23  9.30288e-35  4.52503e-22 -6.89407e-34 -6.17775e-21  4.33038e-33  6.96209e-20 -2.59478e-32 -6.61365e-19  1.45933e-31  5.37794e-18 -6.28167e-31 -3.78702e-17  1.31541e-30  2.32986e-16   7.2118e-30 -1.26085e-15 -1.04377e-28  6.03305e-15  7.46059e-28  -2.5622e-14 -4.01738e-27  9.68385e-14  1.79341e-26 -3.26245e-13 -6.89771e-26  9.80325e-13   2.3287e-25 -2.62637e-12 -6.96296e-25  6.26406e-12  1.84936e-24 -1.32642e-11 -4.35463e-24  2.48291e-11   9.0246e-24 -4.08258e-11 -1.62123e-23  5.84174e-11   2.4475e-23 -7.17265e-11 -2.88372e-23  7.38947e-11  2.01962e-23 -6.13806e-11  1.13835e-23  3.76827e-11 -6.73521e-23 -1.26041e-11  1.27463e-22 -3.77902e-12 -1.41779e-22  7.93623e-12  4.09019e-23 -4.25667e-12  2.29599e-22 -1.33819e-13 -6.63602e-22  1.48748e-12  1.16902e-21  -6.4437e-13 -1.59131e-21 -1.90513e-13    1.784e-21  2.41704e-13 -1.68555e-21 -1.33892e-14  1.35053e-21 -5.65334e-14 -9.13499e-22  1.17469e-14  5.13513e-22  1.07519e-14 -2.31927e-22 -2.98208e-15  7.76831e-23 -1.87035e-15  -1.4236e-23  4.72598e-16 -2.93929e-24  3.01543e-16   4.0006e-24 -4.36158e-17 -2.16887e-24 -4.09961e-17  8.49387e-25  1.89821e-19 -2.10414e-25  3.99603e-18 -2.08438e-26  5.42805e-19   5.0952e-26 -2.14106e-19  -2.2797e-26 -6.73103e-20  3.10085e-27  9.63985e-22   1.3228e-27  3.15115e-21 -6.65823e-28  4.39899e-22  8.18955e-29 -2.85617e-23  1.34725e-29 -1.37867e-23 -3.34737e-30 -1.19372e-24  -4.4546e-31  3.97467e-26  1.50809e-31  1.33416e-26 -1.73277e-33  7.58099e-28 -1.56017e-33  4.19788e-30  5.76432e-35 -6.10191e-31  5.86585e-37
 3.34901e-37 -1.82266e-28  1.92299e-36  1.32738e-26  1.05198e-35  -5.1583e-25  4.12402e-36  1.34633e-23 -9.58078e-35 -2.60947e-22   7.6753e-34  3.97406e-21 -4.45993e-33 -4.92996e-20  2.73958e-32  5.10671e-19 -1.68379e-31  -4.4967e-18  9.12185e-31  3.41107e-17 -3.68719e-30  -2.2518e-16   7.2118e-30  1.30373e-15  3.70156e-29 -6.65953e-15 -5.03866e-28  3.01471e-14  3.40401e-27  -1.2134e-13 -1.74029e-26  4.35161e-13  7.40469e-26 -1.39215e-12 -2.72343e-25  3.97349e-12  8.81685e-25 -1.01095e-11   -2.534e-24  2.28812e-11  6.48229e-24 -4.59134e-11 -1.47275e-23  8.12606e-11  2.94966e-23 -1.25899e-10 -5.12814e-23  1.68857e-10  7.49846e-23 -1.92724e-10 -8.54245e-23  1.81936e-10  5.64959e-23 -1.34523e-10  3.94824e-23  6.78112e-11 -2.08664e-22  -1.0013e-11  4.06378e-22 -1.84145e-11 -5.23869e-22  1.79615e-11  4.17106e-22 -5.42798e-12  1.74205e-23 -3.00365e-12 -7.55818e-22  3.29401e-12   1.6132e-21 -4.93892e-13 -2.30774e-21 -7.79902e-13   2.5992e-21  3.67199e-13  -2.4149e-21  1.12462e-13  1.87722e-21 -1.08535e-13 -1.21827e-21 -1.05825e-14  6.49268e-22   2.3328e-14 -2.73438e-22  9.43974e-16  8.27649e-23 -4.08735e-15 -1.19908e-23 -2.52447e-16 -4.12212e-24  5.79213e-16  4.08636e-24   7.9282e-17 -2.14267e-24 -5.98935e-17  9.24386e-25 -1.54274e-17 -2.76057e-25  3.44101e-18  -2.8229e-27  1.73517e-18  5.22648e-26  2.51257e-20 -2.42772e-26 -9.84853e-20  3.05083e-27 -1.66332e-20  1.44437e-27  1.47173e-21 -6.59655e-28  7.68183e-22  7.24694e-29  6.90183e-23  1.23445e-29 -6.42381e-24 -2.42634e-30 -1.75086e-24 -4.40755e-31  -1.0895e-25  1.07975e-31  2.55911e-27  3.19341e-34  5.64746e-28 -8.59657e-34  1.84714e-29  1.85962e-35  6.90218e-32
