 5.20218e-10  4.30776e-25 -8.54645e-09 -1.27324e-23  5.05921e-08  1.03618e-22 -1.63066e-07  -4.4031e-22  3.18496e-07  1.18996e-21  -3.7837e-07 -2.32842e-21   2.4042e-07  3.80878e-21  -2.5806e-08 -5.90419e-21 -6.01436e-08  8.53937e-21  1.64338e-08 -1.01265e-20  1.62091e-08   8.6809e-21 -2.82299e-09 -4.74999e-21 -4.70717e-09  1.38228e-21  -5.0951e-10 -4.54438e-22   9.7317e-10  8.56544e-22  4.76612e-10 -7.75458e-22 -2.22548e-11  -4.3301e-23 -1.11969e-10  7.79848e-22 -4.81886e-11 -9.21315e-22 -1.85599e-12   6.1488e-22  8.04697e-12 -2.43206e-22   4.5554e-12  3.12007e-23  1.08221e-12   2.4515e-23 -1.40136e-13 -1.59004e-23 -2.39482e-13  2.48057e-24 -1.11016e-13  1.92751e-24 -2.85793e-14 -9.70412e-25 -1.59297e-15 -2.96789e-25  2.48872e-15  2.78749e-25  1.48895e-15  3.21086e-26  5.20818e-16 -4.62942e-26  1.24876e-16 -4.40351e-27  1.67207e-17  3.70189e-28 -1.93535e-18  4.87757e-27 -2.14524e-18 -1.35898e-27 -8.45918e-19 -9.48203e-29 -2.39324e-19  1.25135e-28 -5.37141e-20 -5.43831e-29 -9.61557e-21 -9.84385e-30 -1.26294e-21  6.03668e-30  -6.9258e-23  1.48485e-30  2.27808e-23 -3.32669e-31  1.00274e-23 -1.63272e-32  2.53233e-24  4.04234e-32  5.01238e-25 -1.59681e-32  8.38488e-26 -1.32783e-32  1.21949e-26 -2.16575e-33  1.55963e-27  3.49129e-34  1.75868e-28  1.78975e-34  1.74202e-29 -7.69435e-36  1.49968e-30  -1.6714e-35  1.09812e-31 -2.69573e-36  6.53522e-33  2.08279e-37   2.7967e-34  8.90669e-38  4.04519e-36  4.05899e-39 -6.43484e-37 -7.28473e-40  -7.8259e-38 -5.13724e-41 -5.36162e-39 -8.20823e-43 -2.63462e-40 -9.37483e-43 -9.86404e-42 -6.98417e-44 -2.85732e-43  5.30294e-45 -5.21512e-45  4.11021e-46 -1.59495e-47  3.17231e-48
 4.30776e-25  1.26443e-08  7.89501e-24 -1.16954e-07  -1.6101e-22  5.18983e-07  1.03968e-21 -1.35221e-06 -3.70004e-21  2.18312e-06  8.62324e-21 -2.10499e-06 -1.49617e-20  9.47494e-07  2.26449e-20  1.65404e-07 -3.37459e-20 -3.18167e-07  4.67161e-20 -1.27737e-08 -5.14354e-20  8.74281e-08  3.94061e-20  1.42637e-08 -1.79063e-20 -1.97238e-08  3.34315e-21 -9.04274e-09 -1.52054e-21  1.75027e-09  4.32159e-21  2.77346e-09 -3.72972e-21  7.75896e-10  -4.9413e-23 -2.42585e-10  3.09166e-21 -2.75341e-10 -3.51538e-21 -9.05308e-11  2.18716e-21  4.36761e-12  -7.5225e-22  1.83212e-11  3.86687e-23  9.15479e-12  9.70256e-23  2.09173e-12 -4.99982e-23 -2.20571e-13  6.46122e-24 -4.14986e-13  7.68101e-24 -1.97652e-13 -3.81067e-24 -5.58942e-14 -1.36468e-24  -7.1576e-15  1.10372e-24   2.2228e-15  2.12374e-25  1.86402e-15   -1.632e-25  7.39134e-16 -5.33628e-26  2.06424e-16  8.27383e-27  4.12364e-17  1.69555e-26   4.3603e-18 -3.38634e-27 -7.51097e-19 -2.80587e-28 -5.88884e-19  2.76029e-28 -2.05434e-19 -1.96542e-28  -5.3346e-20 -4.16898e-29 -1.13191e-20  1.97616e-29 -2.00711e-21  5.34325e-30 -2.93054e-22 -7.47852e-31 -3.26256e-23  1.36438e-31 -1.87208e-24  1.49214e-31  2.67992e-25 -7.61328e-32  1.15875e-25 -5.64109e-32  2.49865e-26 -1.02521e-32  4.12747e-27  1.24522e-33  5.70971e-28  7.68024e-34  6.83025e-29 -1.38163e-36   7.1601e-30 -5.36219e-35  6.60819e-31 -9.07433e-36  5.36753e-32  3.85881e-37  3.82185e-33  2.23803e-37   2.3679e-34  1.20425e-38  1.26262e-35 -1.28142e-39  5.70702e-37 -1.36832e-40  2.14505e-38 -2.02575e-41  6.49218e-40  -3.9963e-42  1.44819e-41 -2.02511e-43  1.87954e-43  6.22634e-45  1.31782e-45  3.45833e-46  3.45994e-47
-8.54645e-09  7.89501e-24   1.5028e-07   8.1768e-23  -9.5797e-07 -1.25997e-21  3.35357e-06  6.67436e-21 -7.21047e-06 -2.02109e-20  9.67056e-06  4.09507e-20 -7.42649e-06 -6.34472e-20  1.93993e-06  9.00002e-20  1.42715e-06 -1.30445e-19 -8.72983e-07  1.73043e-19 -3.50221e-07 -1.76018e-19  2.23831e-07  1.19017e-19  1.28038e-07 -4.25631e-20 -2.90519e-08  2.25118e-21  -4.0839e-08 -4.22659e-21 -7.21239e-09  1.49229e-20  6.68828e-09 -1.20983e-20  4.50522e-09  3.24245e-22  6.52049e-10  8.31686e-21   -6.042e-10 -9.20392e-21 -4.34395e-10  5.33966e-21 -1.15547e-10 -1.55241e-21  1.45501e-11 -6.34896e-23  2.71655e-11  2.43238e-22  1.26262e-11 -1.07018e-22  2.93435e-12  1.40118e-23 -1.41426e-13  2.13397e-23 -4.59952e-13 -1.07292e-23 -2.32217e-13 -4.46161e-24 -7.20664e-14  2.96259e-24  -1.3428e-14   8.8603e-25  1.20612e-16 -3.94039e-25   1.2746e-15 -2.20251e-25  6.15862e-16  2.36849e-26  1.96195e-16  4.14733e-26  4.74584e-17  -4.2968e-27  8.61551e-18 -6.10617e-29  9.37338e-19   3.9642e-28 -6.85105e-20 -5.46376e-28 -7.19392e-20 -1.31568e-28  -2.4259e-20  3.96379e-29 -5.96413e-21  1.17693e-29 -1.20533e-21 -7.07747e-31 -2.08038e-22  1.04781e-30 -3.10155e-23  4.60256e-31  -3.9737e-24 -2.33025e-31  -4.2644e-25 -1.69136e-31  -3.5557e-26 -3.28556e-32 -1.67193e-27  2.96572e-33  1.13503e-28  2.16365e-33  4.18457e-29  6.18635e-35  6.60813e-30 -1.14823e-34  7.73184e-31 -2.04946e-35  7.38331e-32  2.98738e-37  5.92946e-33  3.68414e-37  4.03687e-34  2.28668e-38  2.32201e-35 -1.45957e-39  1.11545e-36 -3.35126e-40  4.39344e-38 -7.52499e-41  1.36436e-39 -1.00062e-41  3.07378e-41 -4.64595e-43  4.18203e-43 -3.42556e-45   3.1816e-45  8.57041e-48
-1.27324e-23 -1.16954e-07   8.1768e-23  1.16432e-06  5.86236e-22 -5.60003e-06 -7.19176e-21  1.59778e-05  3.19782e-20 -2.87333e-05 -8.33131e-20  3.19754e-05  1.47486e-19 -1.88028e-05 -2.05243e-19  8.26806e-07  2.76932e-19  5.39737e-06 -3.94995e-19 -1.14253e-06  5.01936e-19 -1.52398e-06 -4.68697e-19  1.93403e-07  2.74793e-19  4.47689e-07  -6.9211e-20  6.09088e-08 -1.14816e-20 -9.44218e-08  -1.1494e-20 -4.92153e-08   4.0172e-20  2.07088e-09 -3.06445e-20  1.19619e-08  2.09382e-21  5.20894e-09  1.75355e-20  1.38024e-10 -1.91584e-20 -9.43769e-10  1.03474e-20 -5.26095e-10 -2.42612e-21 -1.19286e-10 -3.89091e-22  2.17235e-11  4.47481e-22  3.06306e-11 -1.85945e-22  1.37721e-11  3.29562e-23  3.38881e-12  4.94796e-23  8.50083e-14 -2.47627e-23 -3.61019e-13 -1.20684e-23 -2.02521e-13  6.20589e-24 -6.88994e-14  2.71916e-24 -1.59817e-14 -7.11083e-25 -1.91721e-15 -6.02265e-25  3.65488e-16   2.5697e-26  3.16019e-16  7.86902e-26   1.1969e-16  2.98912e-28  3.31866e-17  2.36334e-27  7.33288e-18  6.13157e-28  1.29075e-18 -1.24093e-27  1.64988e-19 -3.45035e-28  7.88287e-21  4.32724e-29 -3.32763e-21  1.44574e-29 -1.37754e-21  5.13519e-31 -3.39936e-22  4.02427e-30 -6.61645e-23  1.31911e-30 -1.09032e-23 -5.34755e-31  -1.5629e-24 -4.05962e-31 -1.97038e-25 -8.24152e-32 -2.19098e-26  5.24092e-33 -2.14237e-27   4.6782e-33 -1.82584e-28  2.46896e-34 -1.33312e-29 -1.88716e-34 -8.06628e-31 -3.57763e-35 -3.74771e-32 -2.94983e-37 -1.01609e-33  4.52431e-37  2.16919e-35  3.21525e-38  4.83248e-36 -1.74292e-39  3.48921e-37 -8.15029e-40   1.6627e-38 -1.78081e-40   5.5161e-40 -1.87769e-41  1.11602e-41 -8.58291e-43  9.15486e-44 -1.77723e-44  3.28822e-46
 5.05921e-08  -1.6101e-22  -9.5797e-07  5.86236e-22  6.61453e-06  3.18815e-21 -2.52865e-05 -3.22167e-20  6.01166e-05  1.22233e-19 -9.11552e-05 -2.75985e-19  8.34502e-05  4.27603e-19 -3.45186e-05 -5.37035e-19 -9.13615e-06  7.01777e-19  1.31726e-05 -9.96612e-19  1.10909e-06  1.21086e-18 -3.83198e-06  -1.0297e-18 -7.37545e-07  5.09884e-19  9.03978e-07 -6.52845e-20  4.37851e-07 -5.18888e-20 -8.66093e-08 -2.92764e-20 -1.40012e-07  8.87742e-20 -3.83898e-08 -6.45649e-20  1.40685e-08  7.38047e-21  1.50305e-08  3.07714e-20  4.71024e-09 -3.37691e-20 -4.61228e-10  1.68941e-20 -1.11665e-09 -2.92524e-21 -5.29781e-10 -9.87327e-22 -1.08999e-10  6.23962e-22  2.15089e-11 -2.95314e-22  2.78264e-11  8.13877e-23  1.24875e-11  1.04064e-22  3.32145e-12 -4.89242e-23  3.23423e-13 -2.84657e-23 -1.92553e-13  1.05985e-23 -1.33748e-13  6.64612e-24 -5.03412e-14 -9.10281e-25 -1.35238e-14  -1.2682e-24 -2.55068e-15 -4.07708e-26 -2.13364e-16  1.15033e-25  7.24923e-17  1.55045e-26  4.45028e-17   1.0603e-26  1.46927e-17  1.72576e-27  3.70318e-18 -2.26534e-27  7.68025e-19 -7.61155e-28  1.33267e-19 -2.91402e-29  1.89788e-20 -7.57745e-30   2.0336e-21  2.19855e-30  1.01644e-22  1.11217e-29 -2.02176e-23  3.41546e-30 -7.71956e-24 -9.74822e-31 -1.59851e-24  -8.1848e-31 -2.56397e-25 -1.71709e-31 -3.45237e-26  6.88963e-33  -4.0191e-27  8.28681e-33 -4.09427e-28  6.06199e-34 -3.66372e-29 -2.50048e-34 -2.87671e-30 -5.09718e-35 -1.97243e-31 -1.36447e-36 -1.17115e-32  4.35815e-37 -5.94937e-34  3.49484e-38 -2.54127e-35 -3.57883e-39  -8.8919e-37 -1.76023e-39 -2.45054e-38 -3.23212e-40 -5.13436e-40 -2.84591e-41 -8.67486e-42 -1.20509e-42 -1.10914e-43 -2.02552e-44
 1.03618e-22  5.18983e-07 -1.25997e-21 -5.60003e-06  3.18815e-21  2.93879e-05  1.38694e-20 -9.23665e-05 -1.18242e-19  0.000185825  3.87357e-19 -0.000238378 -7.60878e-19  0.000176081  1.02963e-18 -4.06531e-05 -1.17153e-18 -3.86668e-05  1.51716e-18  2.17053e-05 -2.16966e-18  9.88523e-06   2.5119e-18 -6.03231e-06 -1.92607e-18 -3.64489e-06  7.72392e-19  8.70121e-07  2.54366e-20  1.22076e-06 -1.30504e-19  1.96928e-07 -6.50269e-20 -2.23452e-07  1.65665e-19 -1.42948e-07 -1.17489e-19 -1.60291e-08  1.95691e-20  2.28738e-08  4.65419e-20  1.50247e-08 -5.23152e-20  3.52305e-09  2.39762e-20 -8.51495e-10  -2.4833e-21 -1.08221e-09 -1.73574e-21 -4.63696e-10  6.15084e-22 -9.29806e-11 -4.77818e-22  1.48699e-11  1.86159e-22  2.07878e-11  2.06152e-22  9.57009e-12 -8.39386e-23  2.76697e-12 -5.97767e-23   4.4025e-13  1.46929e-23 -4.66753e-14  1.35623e-23  -6.4304e-14  -5.0835e-25 -2.79165e-14 -2.17473e-24 -8.43586e-15 -2.59925e-25 -1.94638e-15  1.13793e-25 -3.29311e-16  4.21727e-26 -2.82599e-17  2.93929e-26  5.71137e-18    5.678e-27  3.60398e-18  -3.1376e-27  1.11561e-18 -1.40362e-27  2.62661e-19 -2.80193e-28  5.14587e-20 -9.76027e-29   8.6463e-21 -4.25988e-31  1.25584e-21  2.46613e-29  1.56491e-22  7.77026e-30  1.62515e-23 -1.43837e-30  1.29235e-24 -1.42316e-30  5.31601e-26 -3.06949e-31 -5.24924e-27   5.9695e-33 -1.59948e-27  1.24701e-32 -2.37785e-28  1.14036e-33 -2.65325e-29 -2.69596e-34 -2.41835e-30 -6.04759e-35 -1.84809e-31 -2.43343e-36 -1.19067e-32  3.57034e-37 -6.42958e-34  2.90455e-38 -2.86582e-35 -8.50514e-39 -1.02564e-36 -3.18009e-39 -2.82099e-38 -4.77648e-40 -5.68848e-40  -3.5244e-41 -8.16803e-42 -1.20738e-42 -5.99274e-44
-1.63066e-07  1.03968e-21  3.35357e-06 -7.19176e-21 -2.52865e-05  1.38694e-20  0.000106364   4.9992e-20 -0.000281425 -3.65995e-19  0.000484265  1.04401e-18 -0.000524772 -1.78473e-18  0.000300974  2.09383e-18 -4.53498e-06  -2.1645e-18 -9.55339e-05  2.86507e-18  1.95724e-05 -4.16981e-18  2.83872e-05  4.57827e-18 -3.97506e-06 -3.12609e-18  -8.8321e-06  9.41903e-19 -1.00102e-06  2.63713e-19  2.06777e-06 -2.46755e-19  1.00202e-06 -1.21649e-19 -1.05747e-07   2.6564e-19 -2.84447e-07 -1.89642e-19 -1.11343e-07  4.27579e-20  5.48804e-09  6.22704e-20  2.56658e-08 -7.31264e-20  1.27368e-08  3.00471e-20  2.28845e-09  -5.8836e-22 -9.28349e-10 -2.27265e-21 -8.93778e-10  2.27416e-22 -3.61481e-10 -8.32904e-22  -7.5356e-11  3.72379e-22  6.13285e-12  3.87873e-22   1.2709e-11 -1.24956e-22   6.1876e-12 -1.12894e-22  1.94166e-12  1.52756e-23  4.03639e-13  2.37902e-23  2.96501e-14  1.27167e-24 -1.87365e-14 -3.07989e-24 -1.11698e-14 -7.12351e-25  -3.8535e-15  1.31953e-26 -1.01056e-15   7.0032e-26 -2.12299e-16   6.2121e-26 -3.50015e-17  1.55949e-26 -3.89424e-18 -2.58902e-27 -7.30484e-21 -2.12586e-27  1.39906e-19 -8.34268e-28  4.68641e-20 -3.21061e-28  1.07278e-20 -1.81572e-29  1.99317e-21  4.62136e-29  3.16643e-22  1.54599e-29  4.39234e-23 -1.68928e-30  5.36441e-24 -2.17115e-30  5.77557e-25  -4.8051e-31  5.45907e-26  6.97394e-34  4.48528e-27  1.63377e-32  3.14483e-28   1.7876e-33  1.81642e-29 -2.25814e-34  7.97003e-31 -5.87436e-35    1.966e-32 -2.58174e-36 -5.05488e-34  3.36772e-37 -9.20487e-35  1.73343e-38 -5.97914e-36 -1.66839e-38 -2.50022e-37 -4.76572e-39 -7.12266e-39 -5.85431e-40 -1.42103e-40 -3.48792e-41  -2.0533e-42 -7.55528e-43
 -4.4031e-22 -1.35221e-06  6.67436e-21  1.59778e-05 -3.22167e-20 -9.23665e-05   4.9992e-20  0.000322578   1.5314e-19 -0.000731064 -9.75966e-19   0.00108352  2.43787e-18  -0.00098454 -3.61372e-18  0.000404644  3.61778e-18  0.000120101 -3.40295e-18 -0.000170712  4.81062e-18 -1.29913e-05 -7.19111e-18  5.34168e-05   7.4432e-18  8.86899e-06 -4.45403e-18 -1.39767e-05  8.56726e-19 -6.11164e-06  6.78366e-19  1.82158e-06 -3.82596e-19  2.27318e-06 -1.88632e-19   4.9892e-07  3.69713e-19 -3.13894e-07 -2.77298e-19 -2.65994e-07  8.03417e-20 -6.81455e-08    7.553e-20  1.83462e-08 -9.41688e-20  2.32141e-08  3.33127e-20  9.54741e-09  3.08428e-21  1.37452e-09 -2.00811e-21 -7.65275e-10 -7.07481e-22 -6.41364e-10 -1.52202e-21  -2.5345e-10  6.46339e-22 -5.72446e-11  6.89442e-22 -6.19056e-13 -1.58569e-22    6.132e-12 -1.93166e-22  3.31861e-12  7.22218e-24  1.13046e-12  3.65019e-23   2.7745e-13  5.36308e-24  4.45409e-14 -3.49816e-24  6.68538e-16 -1.41932e-24 -2.66971e-15 -2.61749e-25 -1.20994e-15  7.23719e-26 -3.62282e-16  1.07068e-25 -8.59813e-17  3.50445e-26 -1.69485e-17  1.52089e-27 -2.78481e-18 -2.50636e-27 -3.67768e-19 -1.78887e-27 -3.36787e-20  -7.5183e-28 -3.16261e-22 -6.68727e-29  7.13162e-22  7.54357e-29  1.98989e-22  2.71044e-29  3.72031e-23 -1.43036e-30  5.60615e-24 -2.94128e-30  7.18569e-25 -6.67844e-31  8.00136e-26 -9.21481e-33  7.80485e-27  1.90406e-32  6.68036e-28  2.46363e-33  5.00379e-29  -1.0888e-34  3.25922e-30 -4.11824e-35  1.82777e-31 -6.26088e-37  8.69825e-33    5.306e-37  3.44206e-34  7.81423e-39  1.10191e-35 -2.60751e-38   2.7523e-37 -5.95736e-39  4.99691e-39 -5.93174e-40  4.91625e-41 -2.61019e-41 -3.99067e-44
 3.18496e-07 -3.70004e-21 -7.21047e-06  3.19782e-20  6.01166e-05 -1.18242e-19 -0.000281425   1.5314e-19  0.000836964  4.06542e-19  -0.00164622  -2.2799e-18   0.00210926  5.00334e-18  -0.00158176 -6.37501e-18  0.000378416  5.27746e-18  0.000368483 -4.51298e-18 -0.000225308  7.28615e-18 -9.48249e-05 -1.12669e-17  6.99932e-05  1.09173e-17  3.73114e-05 -5.60571e-18 -1.30471e-05  3.83382e-19   -1.425e-05  1.23008e-18 -1.25766e-06 -5.06915e-19  3.24821e-06 -2.36327e-19  1.72171e-06  4.48085e-19  2.86424e-08 -3.73861e-19 -3.78191e-07  1.33212e-19 -2.03198e-07  8.54601e-20 -3.20439e-08 -1.13782e-19  2.16251e-08  3.20386e-20  1.80055e-08  8.64717e-21  6.52318e-09 -2.11321e-22  8.30186e-10 -2.27255e-21 -5.05481e-10 -2.74765e-21 -4.02068e-10  9.79598e-22 -1.59482e-10  1.14993e-21 -3.96122e-11 -1.61919e-22 -3.72706e-12 -3.01544e-22  2.07892e-12 -1.59878e-23  1.42187e-12  4.93572e-23  5.33321e-13   1.2572e-23  1.47034e-13 -2.73439e-24  3.07511e-14 -2.28405e-24  4.33514e-15 -7.73255e-25  7.48376e-17  6.27485e-27 -1.97688e-16  1.54061e-25  -8.1687e-17  6.65951e-26  -2.2366e-17  1.18611e-26 -4.90762e-18 -1.83976e-27 -9.10921e-19 -3.15714e-27 -1.45672e-19 -1.44548e-27  -2.0087e-20 -1.62602e-28 -2.35101e-21  1.09381e-28 -2.22865e-22  4.23313e-29 -1.46587e-23 -4.27097e-31 -9.51403e-26 -3.56808e-30  1.58842e-25 -8.31861e-31  3.11097e-26 -2.16076e-32  4.02297e-27  2.02686e-32  4.11059e-28  3.13528e-33  3.48317e-29  8.60474e-35  2.48314e-30  -3.9324e-36  1.48863e-31  4.52664e-36  7.42709e-33  1.05079e-36  3.02352e-34  1.01103e-38  9.74261e-36 -3.31919e-38  2.37047e-37 -6.23189e-39  3.93456e-39 -4.85968e-40  3.13292e-41 -1.28312e-41
 1.18996e-21  2.18312e-06 -2.02109e-20 -2.87333e-05  1.22233e-19  0.000185825 -3.65995e-19 -0.000731064  4.06542e-19   0.00188793  9.50306e-19  -0.00325567 -4.73121e-18   0.00360751   9.1324e-18  -0.00216641  -9.8445e-18  8.25301e-05  6.31005e-18   0.00072649  -4.8721e-18 -0.000191922  1.00803e-17 -0.000226253 -1.61949e-17  5.21463e-05  1.45763e-17  7.77725e-05 -6.23622e-18  1.98167e-06 -5.01946e-19 -2.18248e-05  1.79903e-18 -8.31287e-06 -5.88508e-19  2.40724e-06  -2.1993e-19  3.17661e-06  4.69951e-19  9.47885e-07 -4.71838e-19 -2.44715e-07  1.98655e-19 -3.35526e-07  9.35236e-20 -1.33699e-07 -1.31301e-19 -1.00786e-08   2.4761e-20  1.85686e-08  1.60726e-20  1.23661e-08  3.85865e-21  4.14717e-09  -4.4271e-21   5.3805e-10 -4.70841e-21 -2.67108e-10  1.30318e-21 -2.18684e-10  1.79425e-21 -8.89999e-11 -1.05098e-22 -2.42349e-11 -4.32528e-22 -3.86145e-12 -6.11263e-23  2.44106e-13  5.85561e-23  4.45241e-13  2.32294e-23  1.95448e-13 -5.74629e-27   5.9713e-14 -3.05702e-24  1.43354e-14 -1.53857e-24  2.74083e-15 -1.79511e-25  3.89198e-16  1.83718e-25  2.65264e-17  1.10246e-25  -6.0033e-18  3.08627e-26 -3.05829e-18  7.17211e-28 -8.20028e-19 -4.83198e-27 -1.69603e-19 -2.40887e-27 -2.94475e-20 -3.14085e-28 -4.42846e-21  1.42747e-28 -5.84351e-22  5.95095e-29  -6.7933e-23  1.35887e-30 -6.94512e-24 -3.89749e-30 -6.19864e-25 -9.34093e-31 -4.76042e-26 -3.20184e-32 -3.06166e-27  2.05363e-32  -1.5574e-28  3.88012e-33 -5.29998e-30  3.68986e-34 -1.34773e-32  5.60901e-35  1.38355e-32  1.33599e-35    1.175e-33  1.88894e-36  6.00303e-35  2.89372e-38  2.13687e-36 -3.50987e-38  5.30515e-38 -5.42526e-39  7.93876e-40 -3.05546e-40  3.34047e-42
 -3.7837e-07  8.62324e-21  9.67056e-06 -8.33131e-20 -9.11552e-05  3.87357e-19  0.000484265 -9.75966e-19  -0.00164622  9.50306e-19   0.00375047  1.98269e-18  -0.00571547 -8.82876e-18   0.00545827  1.49785e-17  -0.00247561 -1.33025e-17 -0.000589958  5.59382e-18   0.00110137  -3.7779e-18  3.78914e-07  1.28835e-17 -0.000373006 -2.15261e-17 -2.61444e-05  1.78438e-17  0.000113463 -6.08473e-18  3.60252e-05 -1.66769e-18 -2.17444e-05  2.20979e-18 -1.81784e-05 -6.09877e-19 -1.84029e-06 -9.47991e-20  3.78233e-06  4.15624e-19  2.31274e-06 -5.64538e-19  3.33966e-07  2.70997e-19 -3.22026e-07   1.0321e-19 -2.47871e-07 -1.47403e-19 -7.87192e-08  1.03759e-20 -4.13766e-10  2.52861e-20  1.30974e-08  1.08136e-20  7.64595e-09 -7.00203e-21  2.47584e-09 -7.54225e-21  3.68062e-10  1.51729e-21 -1.05609e-10  2.62192e-21 -1.01036e-10  4.34889e-23 -4.31642e-11 -5.74064e-22 -1.27611e-11 -1.33785e-22 -2.63886e-12  5.93253e-23 -2.60226e-13  3.69001e-23  7.19021e-14   5.3739e-24   5.0464e-14 -3.34844e-24  1.78368e-14 -2.50553e-24  4.75234e-15 -5.30544e-25  1.03545e-15  1.70674e-25  1.87887e-16   1.6256e-25  2.78449e-17  5.97777e-26  3.07739e-18   5.8626e-27  1.49847e-19 -6.59542e-27 -3.63585e-20 -3.58036e-27 -1.38222e-20 -5.16436e-28 -2.93886e-21  1.69053e-28  -4.8595e-22   7.5939e-29 -6.74985e-23  3.69303e-30 -8.10399e-24  -3.8462e-30 -8.50937e-25 -9.48101e-31 -7.84339e-26 -3.50603e-32 -6.33898e-27   2.1062e-32 -4.47035e-28  4.88323e-33 -2.72802e-29  7.56116e-34 -1.42302e-30  1.39256e-34 -6.23659e-32  2.51859e-35  -2.2406e-33  2.87622e-36 -6.35053e-35  5.85886e-38 -1.31989e-36  -3.1163e-38 -1.71797e-38 -3.85123e-39 -1.08073e-40 -1.28308e-40
-2.32842e-21 -2.10499e-06  4.09507e-20  3.19754e-05 -2.75985e-19 -0.000238378  1.04401e-18   0.00108352  -2.2799e-18  -0.00325567  1.98269e-18   0.00663302  3.73679e-18  -0.00898792 -1.49799e-17   0.00733559  2.22878e-17  -0.00220489 -1.56049e-17  -0.00163478  1.98966e-18   0.00132863 -7.32461e-19  0.000383932  1.53688e-17 -0.000465493 -2.66377e-17 -0.000172904  2.01434e-17  0.000116713 -5.07191e-18  8.46896e-05 -2.85045e-18 -6.18432e-06  2.28655e-18 -2.63639e-05 -5.73239e-19 -9.84132e-06  1.62855e-19  2.09299e-06   2.8415e-19  3.45857e-06 -6.46841e-19  1.35665e-06  3.44212e-19 -5.14493e-09  1.18968e-19 -2.81168e-07 -1.64131e-19 -1.60997e-07 -1.18435e-20 -4.30012e-08  3.62003e-20  1.98386e-09  2.10066e-20  7.89387e-09 -9.73022e-21  4.27803e-09 -1.12763e-20  1.38248e-09  1.51547e-21  2.45857e-10  3.60393e-21 -2.25729e-11  3.10669e-22 -3.79056e-11 -7.09632e-22 -1.76522e-11 -2.37117e-22  -5.6313e-12  4.66967e-23 -1.35435e-12  5.22544e-23 -2.33188e-13  1.37974e-23 -1.75024e-14 -2.69672e-24  6.07587e-15 -3.54981e-24  3.44106e-15 -1.07139e-24  1.07344e-15  9.04067e-26  2.58533e-16   2.1708e-25  5.19575e-17  9.79412e-26  8.94445e-18  1.38305e-26  1.32562e-18 -8.17426e-27   1.6716e-19 -4.83247e-27  1.72441e-20 -7.49665e-28  1.28502e-21  1.82241e-28   2.7877e-23  8.84561e-29 -1.15081e-23  6.08638e-30 -2.64517e-24 -3.43831e-30 -3.76175e-25 -8.69277e-31 -4.17666e-26 -2.64763e-32 -3.83888e-27  2.32749e-32 -2.97567e-28  6.35577e-33 -1.95007e-29  1.25464e-33 -1.07263e-30  2.39615e-34 -4.87439e-32  3.78691e-35 -1.78209e-33  3.71682e-36 -5.00929e-35  8.42844e-38 -9.91994e-37 -2.32455e-38 -1.15148e-38 -2.12104e-39  -5.0805e-41
  2.4042e-07 -1.49617e-20 -7.42649e-06  1.47486e-19  8.34502e-05 -7.60878e-19 -0.000524772  2.43787e-18   0.00210926 -4.73121e-18  -0.00571547  3.73679e-18    0.0105431  6.43139e-18    -0.012762 -2.33477e-17   0.00876175  3.03724e-17  -0.00113229 -1.55349e-17  -0.00289028 -5.14776e-18   0.00122493  4.29134e-18  0.000915755  1.72684e-17 -0.000420582 -3.08752e-17 -0.000363158  2.10564e-17  6.01367e-05 -3.31818e-18  0.000131285 -3.74265e-18  2.84199e-05  1.91556e-18 -2.59906e-05 -4.95464e-19 -1.95112e-05  5.40316e-19 -2.82969e-06   9.1669e-20  3.31234e-06 -7.15294e-19  2.45674e-06  4.15467e-19   6.5813e-07  1.45043e-19 -1.25047e-07 -1.84513e-19 -1.99432e-07 -4.22085e-20 -9.49222e-08  4.86623e-20 -2.26026e-08  3.44181e-20   1.4718e-09  -1.2309e-20  4.10322e-09 -1.58025e-20  2.15527e-09  1.21537e-21  7.10856e-10  4.69041e-21   1.4924e-10  7.13572e-22  7.00386e-12 -8.21576e-22 -1.03315e-11 -3.71047e-22 -5.79561e-12  1.63768e-23 -2.01502e-12  6.71682e-23 -5.35797e-13  2.52137e-23 -1.12984e-13 -6.82793e-25 -1.80595e-14 -4.50068e-24 -1.65084e-15 -1.79514e-24  1.74877e-16  -7.2562e-26  1.30618e-16     2.66e-25  3.92482e-17   1.4255e-25  8.79104e-18  2.41754e-26   1.6343e-18 -9.32016e-27  2.61802e-19 -5.99919e-27  3.66996e-20  -9.8356e-28  4.52558e-21     1.78e-28   4.9029e-22  9.41979e-29  4.63264e-23  7.89941e-30  3.75979e-24 -2.80401e-30  2.54354e-25 -7.16968e-31  1.34071e-26 -4.92105e-33  4.39372e-28  2.81864e-32 -5.32382e-30  8.40501e-33 -2.07362e-30  1.83802e-33 -1.77266e-31  3.42305e-34 -9.84636e-33  4.82169e-35  -3.9183e-34  4.10479e-36 -1.09243e-35  9.15648e-38 -1.88378e-37  -1.4367e-38 -1.42563e-39 -7.90202e-40
 3.80878e-21  9.47494e-07 -6.34472e-20 -1.88028e-05  4.27603e-19  0.000176081 -1.78473e-18  -0.00098454  5.00334e-18   0.00360751 -8.82876e-18  -0.00898792  6.43139e-18    0.0151916  1.02071e-17   -0.0164814 -3.37423e-17   0.00925458  3.82745e-17  0.000764033 -1.23305e-17  -0.00406061 -1.55271e-17  0.000666858  1.07559e-17   0.00147113  1.84205e-17 -0.000178758 -3.37231e-17 -0.000537978  2.04207e-17 -6.77766e-05 -1.07937e-18  0.000150432 -4.10296e-18  7.68252e-05  1.08923e-18   -1.088e-05 -3.95178e-19 -2.62588e-05  9.86272e-19 -1.04191e-05 -1.39007e-19  9.16893e-07 -7.68303e-19  2.93206e-06  4.87753e-19  1.47926e-06  1.84692e-19  2.64195e-07 -2.11788e-19 -1.26846e-07 -8.04613e-20 -1.22586e-07   6.2366e-20 -5.18123e-08  5.05737e-20 -1.17557e-08 -1.44864e-20  4.92126e-10 -2.08926e-20  1.81827e-09  5.84832e-22  9.63203e-10  5.82684e-21   3.2868e-10  1.25802e-21  7.87139e-11 -8.94134e-22  1.06743e-11 -5.31964e-22 -1.19457e-12 -3.44252e-23 -1.37493e-12  7.90709e-23  -5.5386e-13  3.90728e-23  -1.6112e-13   2.9392e-24 -3.77798e-14 -5.18987e-24 -7.33023e-15 -2.66199e-24  -1.1588e-15 -3.18153e-25 -1.36999e-16  3.02405e-25 -7.45418e-18  1.89056e-25  1.67876e-18  3.57664e-26   6.9714e-19 -9.88134e-27  1.57769e-19 -6.91923e-27  2.76562e-20 -1.18723e-27  4.06883e-21  1.54315e-28  5.17572e-22  9.12196e-29   5.7637e-23  8.48828e-30  5.64345e-24 -2.14218e-30  4.85612e-25 -5.28294e-31  3.65739e-26  2.73784e-32  2.39337e-27  3.59135e-32  1.34614e-28  1.09182e-32  6.40909e-30  2.42933e-33  2.52852e-31  4.25337e-34   8.0176e-33  5.31176e-35  1.95752e-34  3.87781e-36   3.5105e-36   7.6755e-38  4.53087e-38 -7.04465e-39  3.27026e-40
 -2.5806e-08  2.26449e-20  1.93993e-06 -2.05243e-19 -3.45186e-05  1.02963e-18  0.000300974 -3.61372e-18  -0.00158176   9.1324e-18   0.00545827 -1.49799e-17    -0.012762  1.02071e-17    0.0200085  1.50636e-17   -0.0194938 -4.55856e-17   0.00850563  4.50579e-17   0.00326169 -6.14178e-18  -0.00480716 -2.78041e-17 -0.000344675  1.77104e-17   0.00187681  1.87888e-17  0.000261997 -3.49444e-17 -0.000621412   1.8338e-17 -0.000251066  1.35398e-18  0.000117914 -3.83827e-18  0.000123995 -8.34334e-20  2.05111e-05 -2.78326e-19 -2.45196e-05  1.42391e-18 -1.81554e-05 -3.92168e-19 -3.85901e-06 -8.06817e-19  2.04115e-06  5.69931e-19  2.03549e-06  2.39765e-19   7.9145e-07 -2.48368e-19  8.64025e-08 -1.25487e-19 -8.83398e-08  7.68249e-20 -6.71013e-08  6.85271e-20 -2.64166e-08 -1.61536e-20 -6.07584e-09 -2.62548e-20 -9.63355e-11 -3.47747e-22  6.61113e-10  6.97142e-21  3.71997e-10  1.94018e-21  1.32723e-10 -9.15027e-22  3.50564e-11  -7.1269e-22  6.66454e-12 -1.06247e-22  6.22548e-13  8.55127e-23 -1.52081e-13  5.43967e-23 -1.02805e-13  8.13705e-24 -3.47215e-14 -5.50635e-24 -8.90245e-15 -3.60674e-24 -1.89093e-15 -6.28338e-25 -3.42357e-16  3.22167e-25 -5.30966e-17  2.32063e-25 -6.95364e-18  4.70139e-26 -7.32607e-19 -9.83817e-27 -5.24203e-20 -7.47901e-27  5.35344e-23  -1.3392e-27  8.23311e-22  1.11218e-28  1.76044e-22  7.87802e-29  2.55542e-23  7.34843e-30   2.9649e-24 -1.66115e-30  2.88096e-25 -3.46112e-31  2.38124e-26  6.53804e-32  1.67791e-27  4.55459e-32  1.00185e-28  1.35251e-32  5.00172e-30     2.91e-33  2.04282e-31  4.66742e-34  6.59726e-33  5.09589e-35  1.59901e-34  3.11328e-36  2.68837e-36  4.91133e-38  2.68479e-38 -2.39997e-39
-5.90419e-21  1.65404e-07  9.00002e-20  8.26806e-07 -5.37035e-19 -4.06531e-05  2.09383e-18  0.000404644 -6.37501e-18  -0.00216641  1.49785e-17   0.00733559 -2.33477e-17   -0.0164814  1.50636e-17    0.0242899  2.08088e-17   -0.0212638 -5.79344e-17   0.00649972  5.00784e-17   0.00595218  1.83627e-18  -0.00486577 -3.99089e-17  -0.00166905  2.41239e-17   0.00197016  1.84677e-17   0.00083397 -3.46372e-17 -0.000548667  1.51068e-17  -0.00044582  3.73273e-18  2.24497e-05 -3.02658e-18  0.000149117 -1.40051e-18  6.24829e-05 -1.27541e-19 -1.04222e-05  1.77363e-18 -2.21524e-05 -6.68994e-19 -9.84643e-06 -8.35093e-19 -5.39825e-07  6.73698e-19  1.83306e-06   3.1026e-19  1.21577e-06 -2.94886e-19  3.90379e-07 -1.74983e-19  2.31333e-08  9.14758e-20 -4.95189e-08   8.6947e-20 -3.30043e-08 -1.74155e-20 -1.25473e-08 -3.16153e-20 -3.04624e-09 -1.50401e-21 -2.60896e-10  8.10498e-21  1.77971e-10  2.74928e-21  1.18848e-10 -8.75599e-22  4.51603e-11 -9.02661e-22  1.28574e-11 -1.96729e-22   2.8715e-12  8.48617e-23   4.8042e-13  6.99736e-23  4.40382e-14   1.4563e-23 -6.21174e-15 -5.43345e-24 -4.37745e-15 -4.55098e-24 -1.35865e-15 -9.69525e-25 -3.17044e-16   3.2486e-25 -6.15132e-17  2.66457e-25 -1.02828e-17  5.62651e-26 -1.50245e-18 -9.29126e-27 -1.92679e-19 -7.63937e-27 -2.16213e-20 -1.43367e-27 -2.10028e-21  5.01371e-29 -1.72594e-22  5.73152e-29 -1.14006e-23  4.23019e-30 -5.20583e-25 -1.51639e-30 -3.82358e-27 -2.05399e-31  2.20551e-27  1.02994e-31  2.75336e-28  5.53708e-32  2.12203e-29  1.56737e-32  1.20644e-30  3.15732e-33  5.20548e-32  4.54102e-34  1.67172e-33  4.24925e-35  3.79054e-35  2.09148e-36   5.5428e-37  2.28097e-38  3.85987e-39
-6.01436e-08 -3.37459e-20  1.42715e-06  2.76932e-19 -9.13615e-06 -1.17153e-18 -4.53498e-06  3.61778e-18  0.000378416  -9.8445e-18  -0.00247561  2.22878e-17   0.00876175 -3.37423e-17   -0.0194938  2.08088e-17    0.0274209  2.70201e-17   -0.0215459 -6.95289e-17   0.00351654   5.3104e-17   0.00837273  9.65433e-18  -0.00413328 -4.97041e-17  -0.00306669  2.92375e-17    0.0016561  1.76848e-17   0.00141579 -3.31803e-17 -0.000292429  1.11267e-17 -0.000592116  5.86521e-18 -0.000126432 -1.88383e-18  0.000133314  -2.6146e-18  0.000102527  1.01599e-19   1.5681e-05  1.97614e-18 -1.87098e-05 -9.88022e-19 -1.47105e-05 -8.60408e-19 -4.34936e-06  8.08505e-19  5.82269e-07  3.93544e-19  1.24092e-06  -3.4975e-19  6.52791e-07 -2.25279e-19  1.83627e-07  1.05908e-19   6.6003e-09   1.0432e-19 -2.31836e-08 -1.86111e-20 -1.45251e-08 -3.67987e-20 -5.47552e-09 -2.78455e-21 -1.42334e-09  9.22759e-21 -2.10478e-10  3.66857e-21   2.1959e-11 -7.70695e-22  2.87774e-11 -1.08849e-21  1.23029e-11 -3.00215e-22  3.76129e-12  7.69534e-23  9.20426e-13  8.46283e-23    1.847e-13  2.16054e-23   2.9673e-14 -5.05074e-24  3.37515e-15 -5.41413e-24  9.12374e-17  -1.2985e-24 -8.10436e-17  3.13633e-25 -2.83279e-17  2.88511e-25 -6.35563e-18  6.22437e-26 -1.13898e-18 -8.40976e-27 -1.73262e-19 -7.43742e-27 -2.29183e-20 -1.48058e-27 -2.66333e-21 -2.66081e-29 -2.72844e-22  2.82535e-29 -2.46195e-23 -7.81632e-31 -1.94858e-24 -1.76287e-30 -1.34311e-25  -1.2275e-31 -7.97795e-27  1.34939e-31 -4.02467e-28  6.33399e-32 -1.69025e-29  1.68027e-32 -5.74896e-31  3.09507e-33 -1.52362e-32  3.90996e-34 -2.96216e-34   3.0528e-35 -3.63262e-36  1.14188e-36 -1.09524e-38  6.63716e-39
 8.53937e-21 -3.18167e-07 -1.30445e-19  5.39737e-06  7.01777e-19 -3.86668e-05  -2.1645e-18  0.000120101  5.27746e-18  8.25301e-05 -1.33025e-17  -0.00220489  3.03724e-17   0.00925458 -4.55856e-17   -0.0212638  2.70201e-17    0.0290674  3.30253e-17   -0.0204379 -7.88657e-17  2.11115e-05  5.42664e-17    0.0101463  1.52079e-17  -0.00268794 -5.56917e-17  -0.00427351   3.2766e-17  0.000937098  1.67821e-17   0.00186873 -3.10819e-17  0.000124363  6.81879e-18  -0.00063331  7.58358e-18 -0.000298349 -7.01031e-19  6.77003e-05 -3.48935e-18  0.000125014  4.75563e-19  4.81825e-05  2.00767e-18 -6.17329e-06 -1.37551e-18 -1.57646e-05 -8.90769e-19 -8.11251e-06  9.76559e-19  -1.5597e-06  4.83395e-19  6.73295e-07 -4.09451e-19  7.10538e-07   -2.715e-19  3.22945e-07  1.20127e-19  8.45699e-08  1.19233e-19  3.84015e-09 -2.02645e-20 -8.99128e-09 -4.17748e-20 -5.62602e-09 -4.10537e-21 -2.14475e-09  1.03425e-20 -5.94717e-10  4.67221e-21 -1.15683e-10 -5.99812e-22 -9.44384e-12 -1.25532e-21  3.93973e-12 -4.07887e-22  2.42692e-12  6.34483e-23  8.30408e-13  9.74797e-23  2.18613e-13  2.85188e-23  4.77352e-14 -4.49755e-24  8.84787e-15 -6.11969e-24  1.39043e-15 -1.56984e-24   1.8021e-16   2.9438e-25  1.75607e-17  2.96708e-25  7.85767e-19  6.43931e-26 -1.47776e-19 -7.36357e-27 -5.02946e-20 -6.96592e-27  -9.2959e-21 -1.50015e-27 -1.32055e-21 -1.15865e-28 -1.55812e-22  -6.1662e-30 -1.56864e-23 -7.23329e-30 -1.35977e-24 -2.33566e-30 -1.01503e-25 -9.28921e-32  -6.4854e-27  1.57828e-31  -3.5055e-28  6.76158e-32 -1.57394e-29  1.65467e-32 -5.71245e-31  2.73031e-33 -1.60754e-32  2.96084e-34 -3.26444e-34  1.85791e-35 -4.06679e-36  4.78477e-37 -1.75458e-38
 1.64338e-08  4.67161e-20 -8.72983e-07 -3.94995e-19  1.31726e-05  1.51716e-18 -9.55339e-05 -3.40295e-18  0.000368483  6.31005e-18 -0.000589958 -1.56049e-17  -0.00113229  3.82745e-17   0.00850563 -5.79344e-17   -0.0215459  3.30253e-17    0.0292492  3.79247e-17   -0.0183028 -8.43452e-17  -0.00349441  5.39277e-17    0.0110697  1.68864e-17 -0.000745244 -5.74651e-17   -0.0050741   3.4872e-17 -9.23393e-05  1.61565e-17   0.00207662 -2.87832e-17   0.00063354  2.58281e-18 -0.000534533   8.7019e-18 -0.000449942  2.19444e-19 -4.17305e-05 -3.85083e-18  0.000116729    1.068e-18  7.73739e-05  1.88259e-18  1.37948e-05 -1.84965e-18 -1.11567e-05 -9.30685e-19 -1.01441e-05  1.17005e-18 -3.93253e-06   5.6946e-19 -4.35277e-07 -4.69537e-19  4.56411e-07 -3.08123e-19  3.58622e-07  1.34723e-19  1.48862e-07  1.30657e-19  3.84021e-08 -2.29682e-20  3.18538e-09 -4.66506e-20 -2.73159e-09 -5.42685e-21 -1.85886e-09   1.1434e-20 -7.30775e-10  5.71858e-21 -2.14074e-10 -3.70271e-22 -4.83885e-11 -1.38928e-21 -7.79575e-12 -5.08739e-22 -4.67254e-13  4.76595e-23  2.37919e-13  1.08078e-22  1.20534e-13  3.45845e-23  3.60628e-14 -3.91507e-24  8.45525e-15 -6.59787e-24  1.66843e-15  -1.7431e-24  2.84598e-16  2.74588e-25  4.23775e-17  2.92067e-25  5.50756e-18  6.30052e-26  6.18892e-19 -6.27111e-27  5.87264e-20 -6.34185e-27  4.44421e-21 -1.51475e-27  2.22217e-22 -2.13336e-28 -1.29493e-24 -4.30362e-29 -1.90405e-24 -1.43318e-29 -2.69378e-25 -3.06627e-30 -2.54837e-26 -9.36615e-32 -1.85897e-27  1.70169e-31 -1.08012e-28  6.70573e-32  -4.9895e-30  1.48842e-32 -1.79111e-31  2.15465e-33 -4.76856e-33  1.94986e-34 -8.55405e-35  9.29543e-36 -7.95706e-37  1.33307e-37
-1.01265e-20 -1.27737e-08  1.73043e-19 -1.14253e-06 -9.96612e-19  2.17053e-05  2.86507e-18 -0.000170712 -4.51298e-18   0.00072649  5.59382e-18  -0.00163478 -1.55349e-17  0.000764033  4.50579e-17   0.00649972 -6.95289e-17   -0.0204379  3.79247e-17    0.0282759  4.06865e-17   -0.0156147 -8.45396e-17  -0.00664323  5.25682e-17     0.011126  1.40189e-17   0.00141946 -5.57407e-17  -0.00534636  3.59523e-17  -0.00127828  1.61566e-17   0.00197445 -2.64889e-17   0.00114055  -1.2132e-18 -0.000293588  9.00695e-18  -0.00053733  6.12806e-19 -0.000174364 -3.62216e-18  7.20089e-05  1.93596e-18  9.24571e-05  1.64396e-18  3.62058e-05 -2.40546e-18  -8.9068e-07 -9.76496e-19 -9.04597e-06  1.37174e-18 -5.57248e-06  6.37802e-19 -1.74824e-06 -5.25822e-19   -8.547e-08 -3.29828e-19  2.40932e-07  1.50861e-19  1.61787e-07  1.38153e-19  6.38221e-08 -2.72231e-20  1.68746e-08 -5.16038e-20  2.24005e-09 -6.76149e-21  -5.3148e-10  1.24498e-20 -4.94556e-10  6.74315e-21 -2.07665e-10 -1.01525e-22 -6.39878e-11 -1.48063e-21 -1.57694e-11 -5.91479e-22 -3.13544e-12  3.37516e-23 -4.74949e-13  1.16346e-22 -4.03989e-14  3.92423e-23  4.74342e-15 -3.39538e-24  3.18846e-15 -6.78947e-24  9.13721e-16 -1.78911e-24  1.96397e-16  2.61932e-25  3.51054e-17  2.77804e-25  5.41335e-18  5.90734e-26   7.3157e-19 -5.18885e-27    8.721e-20 -5.67857e-27  9.18219e-21 -1.54191e-27  8.51809e-22 -3.13251e-28  6.92307e-23 -7.89468e-29  4.88514e-24 -2.10583e-29  2.95322e-25 -3.73282e-30  1.50021e-26 -9.74285e-32   6.2197e-28  1.71718e-31  2.00553e-29   6.1535e-32  4.56617e-31  1.21572e-32  5.36908e-33  1.50804e-33  -4.7534e-35  1.09637e-34 -2.64402e-36  3.60963e-36 -1.72608e-38
 1.62091e-08 -5.14354e-20 -3.50221e-07  5.01936e-19  1.10909e-06 -2.16966e-18  1.95724e-05  4.81062e-18 -0.000225308  -4.8721e-18   0.00110137  1.98966e-18  -0.00289028 -1.23305e-17   0.00326169  5.00784e-17   0.00351654 -7.88657e-17   -0.0183028  4.06865e-17     0.026597  4.03324e-17   -0.0128078 -7.85568e-17  -0.00920655  5.07394e-17    0.0104384  6.98675e-18   0.00354517 -5.20004e-17  -0.00506972  3.63567e-17   -0.0024496  1.69669e-17   0.00155832 -2.40917e-17   0.00154863 -4.23402e-18  5.84849e-05  8.29672e-18 -0.000528489  2.86355e-19 -0.000300078  -2.8347e-18 -4.49078e-06  3.09223e-18  8.52707e-05  1.34602e-18  5.41059e-05 -3.00667e-18  1.28147e-05  -1.0136e-18 -4.39151e-06  1.55855e-18 -5.60372e-06  6.72774e-19 -2.74936e-06 -5.75329e-19 -7.42589e-07 -3.32357e-19  -1.2094e-08   1.7007e-19  1.04947e-07  1.41935e-19  6.50562e-08 -3.32699e-20  2.50924e-08 -5.67732e-20  6.91812e-09 -8.15332e-21  1.23849e-09  1.32974e-20  1.92166e-11  7.65572e-21 -9.21696e-11  1.71837e-22  -4.6002e-11 -1.52696e-21 -1.51635e-11 -6.47056e-22  -3.9626e-12  2.54494e-23 -8.62618e-13  1.22329e-22 -1.57979e-13  4.21415e-23 -2.38721e-14 -2.96409e-24 -2.75517e-15 -6.65572e-24 -1.67073e-16 -1.69533e-24   2.2319e-17  2.62515e-25  1.01547e-17  2.58309e-25  2.23073e-18  5.39006e-26  3.71702e-19 -4.14847e-27   5.1445e-20 -5.07043e-27  6.10581e-21 -1.59045e-27  6.29236e-22  -4.0837e-28  5.65001e-23 -1.10283e-28  4.41112e-24 -2.63642e-29  2.97521e-25 -4.12964e-30    1.715e-26 -8.37455e-32  8.31413e-28  1.62921e-31  3.31097e-29   5.1988e-32  1.04504e-30  8.95003e-33  2.46424e-32  9.24218e-34  3.89507e-34  5.10359e-35  3.28345e-36   9.4279e-37
  8.6809e-21  8.74281e-08 -1.76018e-19 -1.52398e-06  1.21086e-18  9.88523e-06 -4.16981e-18 -1.29913e-05  7.28615e-18 -0.000191922  -3.7779e-18   0.00132863 -5.14776e-18  -0.00406061 -6.14178e-18   0.00595218   5.3104e-17  2.11115e-05 -8.43452e-17   -0.0156147  4.03324e-17    0.0246472  3.61802e-17   -0.0101856 -6.63767e-17   -0.0111258  4.90454e-17   0.00919923  -2.9707e-18    0.0054324 -4.79327e-17  -0.00430541  3.61695e-17  -0.00345428  1.85289e-17  0.000878465 -2.12157e-17   0.00177998 -6.18855e-18  0.000465686  6.44986e-18 -0.000411646 -8.53362e-19 -0.000387218 -1.61454e-18 -9.83251e-05  4.48267e-18  5.33343e-05  1.03526e-18  6.08299e-05 -3.58835e-18  2.60441e-05 -1.01767e-18  2.92501e-06  1.70642e-18 -3.64939e-06  6.59801e-19 -2.95662e-06 -6.16621e-19 -1.25391e-06 -3.13172e-19 -3.12126e-07  1.93881e-19 -7.29307e-09  1.42796e-19  3.76436e-08 -4.09533e-20  2.29254e-08 -6.21359e-20  8.82756e-09  -9.6325e-21  2.53917e-09  1.38602e-20   5.4339e-10  8.34673e-21  7.00054e-11  4.01272e-22 -5.12979e-12 -1.53475e-21 -6.74888e-12 -6.71099e-22 -2.62198e-12  2.46409e-23 -7.35659e-13  1.25844e-22 -1.68969e-13  4.31014e-23 -3.31016e-14 -2.60618e-24 -5.61343e-15 -6.19446e-24 -8.24883e-16 -1.47034e-24 -1.03809e-16  2.78781e-25  -1.0822e-17  2.37674e-25 -8.50401e-19  4.85905e-26 -3.14676e-20 -3.21885e-27  4.27272e-21 -4.58909e-27  1.16748e-21 -1.65962e-27  1.67444e-22 -4.90464e-28  1.80678e-23 -1.33693e-28  1.58062e-24 -2.94101e-29  1.14517e-25 -4.13264e-30  6.87732e-27 -4.72285e-32  3.38349e-28  1.44928e-31    1.331e-29  4.01718e-32  4.01344e-31   5.8803e-33  8.59755e-33  4.86433e-34  1.12288e-34  1.85592e-35  5.83226e-37
-2.82299e-09  3.94061e-20  2.23831e-07 -4.68697e-19 -3.83198e-06   2.5119e-18  2.83872e-05 -7.19111e-18 -9.48249e-05  1.00803e-17  3.78914e-07 -7.32461e-19   0.00122493 -1.55271e-17  -0.00480716  1.83627e-18   0.00837273  5.42664e-17  -0.00349441 -8.45396e-17   -0.0128078  3.61802e-17    0.0227466   2.8062e-17  -0.00790118 -4.89987e-17   -0.0124532  4.80897e-17   0.00760848   -1.413e-17   0.00695856 -4.49104e-17  -0.00316438  3.51347e-17  -0.00418139  2.05411e-17  2.19423e-05 -1.73625e-17   0.00178893 -6.85992e-18  0.000860263  3.49234e-18  -0.00019788  -2.7774e-18 -0.000410761 -1.49542e-19 -0.000188772  5.97859e-18  1.14818e-06   7.3706e-19  5.23218e-05 -4.06927e-18  3.44211e-05 -9.60473e-19  1.08598e-05  1.79448e-18 -6.75576e-08  5.88147e-19 -2.14785e-06 -6.49579e-19 -1.38332e-06 -2.71781e-19  -5.3582e-07  2.23398e-19 -1.31323e-07  1.41909e-19  -8.6484e-09 -4.96536e-20   1.0546e-08 -6.74091e-20   6.8504e-09 -1.11597e-20   2.6876e-09  1.40283e-20  8.01941e-10  8.70409e-21   1.9014e-10  5.31433e-22  3.47328e-11  -1.5186e-21  4.00471e-12 -6.65434e-22  -1.6596e-13   3.0381e-23 -2.55553e-13  1.26201e-22 -8.93843e-14   4.2015e-23 -2.23559e-14 -2.32159e-24 -4.58454e-15 -5.45688e-24 -8.06407e-16 -1.14601e-24 -1.23996e-16  3.07659e-25 -1.67998e-17  2.18257e-25 -2.00916e-18  4.36234e-26 -2.11518e-19 -2.54958e-27 -1.94625e-20 -4.28291e-27 -1.54522e-21 -1.73989e-27 -1.03539e-22 -5.51245e-28 -5.61566e-24 -1.46669e-28 -2.23304e-25  -2.9779e-29 -4.25251e-27 -3.73516e-30  2.04619e-28  2.78281e-33  2.44779e-29  1.19959e-31  1.29127e-30  2.81476e-32  4.26945e-32  3.40058e-33  8.60298e-34  2.13022e-34  8.44912e-36    4.568e-36
-4.74999e-21  1.42637e-08  1.19017e-19  1.93403e-07  -1.0297e-18 -6.03231e-06  4.57827e-18  5.34168e-05 -1.12669e-17 -0.000226253  1.28835e-17  0.000383932  4.29134e-18  0.000666858 -2.78041e-17  -0.00486577  9.65433e-18    0.0101463  5.39277e-17  -0.00664323 -7.85568e-17   -0.0101856   2.8062e-17     0.021073  1.64273e-17  -0.00598899 -2.82991e-17    -0.013294  4.83711e-17   0.00583578  -2.4686e-17   0.00807022 -4.36821e-17  -0.00177625  3.27338e-17  -0.00456826  2.25426e-17 -0.000907438 -1.21013e-17    0.0015662 -6.14819e-18   0.00117656 -3.69304e-19  8.18156e-05 -5.32064e-18 -0.000358428  1.35293e-18 -0.000254096  7.39077e-18 -6.06447e-05   4.5268e-19  2.86903e-05 -4.36961e-18  3.46114e-05 -8.18803e-19  1.68722e-05  1.80711e-18  4.10965e-06  4.52705e-19 -4.88545e-07 -6.74921e-19 -1.03223e-06 -2.09813e-19 -5.81718e-07  2.58869e-19 -2.14127e-07  1.40561e-19 -5.40573e-08 -5.83145e-20 -6.63283e-09 -7.20114e-20  1.90146e-09 -1.25821e-20  1.63212e-09  1.37364e-20  6.76762e-10  8.63794e-21  2.09332e-10  5.12569e-22  5.26168e-11 -1.49772e-21  1.09625e-11 -6.38046e-22  1.85838e-12  3.87126e-23  2.34215e-13  1.22135e-22  1.29799e-14  3.87548e-23 -3.56844e-15 -2.18006e-24  -1.5378e-15 -4.55484e-24 -3.70094e-16 -7.75564e-25 -6.92177e-17  3.39884e-25 -1.08723e-17  1.99881e-25 -1.47666e-18  3.87077e-26 -1.75572e-19 -2.35576e-27 -1.83559e-20 -4.17163e-27 -1.68705e-21 -1.81426e-27 -1.35795e-22 -5.83627e-28 -9.50695e-24 -1.48096e-28 -5.72955e-25  -2.7586e-29 -2.92952e-26 -3.04056e-30  -1.2451e-27  4.96696e-32 -4.27242e-29  9.14292e-32  -1.1338e-30  1.76846e-32 -2.17813e-32  1.69614e-33 -2.69125e-34   7.3207e-35 -1.44618e-36
