    0.335039 -2.79165e-15     0.092182 -9.34139e-16    0.0326198 -2.86743e-16    0.0107903 -8.56639e-17   0.00276581 -1.90075e-17  0.000513528 -3.02072e-18  6.82993e-05 -3.40882e-19  6.39065e-06 -2.64819e-20  3.99338e-07 -1.30595e-21  1.46494e-08 -3.29412e-23   2.0627e-10
-2.79165e-15     0.260521 -2.97827e-15     0.131366 -1.31488e-15    0.0495499 -4.22749e-16    0.0137117 -1.00061e-16   0.00274912 -1.72344e-17  0.000401904  -2.1598e-18  4.25242e-05 -1.93136e-19  3.14411e-06 -1.16603e-20  1.49215e-07 -4.16618e-22   3.6523e-09 -5.74777e-24
    0.092182 -2.97827e-15      0.18496  -2.3473e-15    0.0997152 -9.73752e-16    0.0335975 -2.69667e-16   0.00779634 -5.31036e-17   0.00130472 -7.61743e-18   0.00015937 -7.93203e-19  1.39581e-05 -5.79145e-20  8.28986e-07  -2.7222e-21  2.92421e-08 -6.61474e-23  3.99435e-10
-9.34139e-16     0.131366  -2.3473e-15     0.122608 -1.41162e-15    0.0538752 -4.82398e-16    0.0149957 -1.11678e-16   0.00292978 -1.85979e-17  0.000416539 -2.26172e-18  4.30548e-05 -1.97438e-19  3.12606e-06 -1.17005e-20  1.46351e-07 -4.12224e-22  3.54668e-09 -5.62825e-24
   0.0326198 -1.31488e-15    0.0997152 -1.41162e-15    0.0625747 -6.33423e-16    0.0216216 -1.76748e-16   0.00500882 -3.45404e-17   0.00083312 -4.91231e-18  0.000101225 -5.08139e-19  8.83491e-06 -3.69396e-20  5.23838e-07  -1.7322e-21  1.84754e-08 -4.20608e-23  2.52636e-10
-2.86743e-16    0.0495499 -9.73752e-16    0.0538752 -6.33423e-16    0.0243319 -2.20281e-16   0.00681624 -5.11665e-17   0.00133532 -8.53273e-18  0.000190349 -1.03968e-18  1.97408e-05 -9.10197e-20  1.43915e-06 -5.41398e-21  6.76916e-08 -1.91579e-22  1.64891e-09 -2.62854e-24
   0.0107903 -4.22749e-16    0.0335975 -4.82398e-16    0.0216216 -2.20281e-16   0.00753815  -6.1948e-17   0.00175775 -1.21809e-17  0.000294274 -1.74331e-18  3.59992e-05 -1.81537e-19  3.16438e-06 -1.32891e-20  1.88993e-07 -6.27636e-22  6.71499e-09  -1.5351e-23  9.25043e-11
-8.56639e-17    0.0137117 -2.69667e-16    0.0149957 -1.76748e-16   0.00681624  -6.1948e-17   0.00192397 -1.45057e-17  0.000380053 -2.43958e-18  5.46479e-05 -2.99846e-19  5.71747e-06 -2.64805e-20  4.20489e-07 -1.58884e-21  1.99502e-08 -5.67061e-23  4.90123e-10 -7.84597e-25
  0.00276581 -1.00061e-16   0.00779634 -1.11678e-16   0.00500882 -5.11665e-17   0.00175775 -1.45057e-17  0.000413514 -2.87905e-18  6.98953e-05 -4.16065e-19  8.63411e-06  -4.3749e-20  7.66304e-07 -3.23331e-21  4.62014e-08 -1.54136e-22  1.65669e-09 -3.80419e-24  2.30264e-11
-1.90075e-17   0.00274912 -5.31036e-17   0.00292978 -3.45404e-17   0.00133532 -1.21809e-17  0.000380053 -2.87905e-18  7.58177e-05 -4.89139e-19  1.10139e-05 -6.07376e-20  1.16406e-06 -5.41812e-21  8.64623e-08 -3.28276e-22  4.14175e-09 -1.18273e-23  1.02698e-10 -1.65141e-25
 0.000513528 -1.72344e-17   0.00130472 -1.85979e-17   0.00083312 -8.53273e-18  0.000294274 -2.43958e-18  6.98953e-05 -4.89139e-19  1.19374e-05 -7.14305e-20  1.49005e-06 -7.58878e-21  1.33599e-07 -5.66503e-22  8.13449e-09 -2.72682e-23  2.94464e-10 -6.79286e-25  4.13025e-12
-3.02072e-18  0.000401904 -7.61743e-18  0.000416539 -4.91231e-18  0.000190349 -1.74331e-18  5.46479e-05 -4.16065e-19  1.10139e-05 -7.14305e-20  1.61683e-06 -8.96278e-21  1.72657e-07 -8.07698e-22  1.29531e-08 -4.94193e-23  6.26476e-10 -1.79735e-24   1.5678e-11 -2.53237e-26
 6.82993e-05  -2.1598e-18   0.00015937 -2.26172e-18  0.000101225 -1.03968e-18  3.59992e-05 -2.99846e-19  8.63411e-06 -6.07376e-20  1.49005e-06 -8.96278e-21  1.87929e-07 -9.62002e-22  1.70204e-08 -7.25267e-23  1.04642e-09 -3.52431e-24  3.82333e-11 -8.85972e-26   5.4107e-13
-3.40882e-19  4.25242e-05 -7.93203e-19  4.30548e-05 -5.08139e-19  1.97408e-05 -1.81537e-19  5.71747e-06  -4.3749e-20  1.16406e-06 -7.58878e-21  1.72657e-07 -9.62002e-22  1.86247e-08 -8.75568e-23  1.41092e-09 -5.40851e-24  6.88788e-11 -1.98508e-25  1.73921e-12 -2.82142e-27
 6.39065e-06 -1.93136e-19  1.39581e-05 -1.97438e-19  8.83491e-06 -9.10197e-20  3.16438e-06 -2.64805e-20  7.66304e-07 -5.41812e-21  1.33599e-07 -8.07698e-22  1.70204e-08 -8.75568e-23   1.5566e-09 -6.66437e-24   9.6599e-11 -3.26819e-25  3.56119e-12 -8.28806e-27  5.08303e-14
-2.64819e-20  3.14411e-06 -5.79145e-20  3.12606e-06 -3.69396e-20  1.43915e-06 -1.32891e-20  4.20489e-07 -3.23331e-21  8.64623e-08 -5.66503e-22  1.29531e-08 -7.25267e-23  1.41092e-09 -6.66437e-24   1.0789e-10 -4.15453e-25  5.31437e-12 -1.53824e-26  1.35343e-13  -2.2047e-28
 3.99338e-07 -1.16603e-20  8.28986e-07 -1.17005e-20  5.23838e-07 -5.41398e-21  1.88993e-07 -1.58884e-21  4.62014e-08 -3.28276e-22  8.13449e-09 -4.94193e-23  1.04642e-09 -5.40851e-24   9.6599e-11 -4.15453e-25  6.04863e-12 -2.05528e-26  2.24903e-13 -5.25593e-28   3.2365e-15
-1.30595e-21  1.49215e-07  -2.7222e-21  1.46351e-07  -1.7322e-21  6.76916e-08 -6.27636e-22  1.99502e-08 -1.54136e-22  4.14175e-09 -2.72682e-23  6.26476e-10 -3.52431e-24  6.88788e-11 -3.26819e-25  5.31437e-12 -2.05528e-26  2.64021e-13 -7.67371e-28  6.77907e-15 -1.10866e-29
 1.46494e-08 -4.16618e-22  2.92421e-08 -4.12224e-22  1.84754e-08 -1.91579e-22  6.71499e-09 -5.67061e-23  1.65669e-09 -1.18273e-23  2.94464e-10 -1.79735e-24  3.82333e-11 -1.98508e-25  3.56119e-12 -1.53824e-26  2.24903e-13 -7.67371e-28  8.43109e-15 -1.97811e-29  1.22279e-16
-3.29412e-23   3.6523e-09 -6.61474e-23  3.54668e-09 -4.20608e-23  1.64891e-09  -1.5351e-23  4.90123e-10 -3.80419e-24  1.02698e-10 -6.79286e-25   1.5678e-11 -8.85972e-26  1.73921e-12 -8.28806e-27  1.35343e-13 -5.25593e-28  6.77907e-15 -1.97811e-29  1.75425e-16 -2.87977e-31
  2.0627e-10 -5.74777e-24  3.99435e-10 -5.62825e-24  2.52636e-10 -2.62854e-24  9.25043e-11 -7.84597e-25  2.30264e-11 -1.65141e-25  4.13025e-12 -2.53237e-26   5.4107e-13 -2.82142e-27  5.08303e-14  -2.2047e-28   3.2365e-15 -1.10866e-29  1.22279e-16 -2.87977e-31  1.78673e-18
