 3.76196e-18  1.44994e-31 -1.36192e-16 -8.01839e-30  1.88795e-15  1.39819e-28 -1.54389e-14 -1.43879e-27  8.56167e-14  1.04563e-26 -3.44124e-13 -5.84748e-26  1.03837e-12  2.64557e-25 -2.39208e-12 -9.99434e-25  4.21747e-12  3.21675e-24 -5.61455e-12 -8.93098e-24  5.42266e-12  2.15442e-23  -3.4108e-12 -4.53298e-23  8.63027e-13  8.33423e-23  5.64211e-13 -1.34018e-22 -5.26132e-13   1.8862e-22  9.58366e-15 -2.32668e-22   1.4934e-13  2.52302e-22 -2.38081e-14 -2.41908e-22   -3.844e-14  2.06979e-22  5.85457e-15 -1.59802e-22  9.86977e-15  1.12083e-22 -1.95917e-16 -7.07548e-23 -2.26138e-15  3.86461e-23 -4.25918e-16 -1.66343e-23  3.61336e-16  4.24299e-24  1.81803e-16  6.98047e-25 -1.26187e-17 -1.44057e-24 -3.59958e-17  8.03174e-25 -1.01627e-17  -2.2655e-25   2.0169e-18 -1.80393e-28  2.24106e-18  3.08328e-26  5.69654e-19 -1.35625e-26 -7.02388e-20  1.48758e-27 -9.62562e-20  1.21561e-27 -2.99464e-20 -5.11612e-28 -1.74284e-21 -9.17503e-29  2.20706e-21  1.23742e-28  1.01294e-21 -2.30192e-29  2.08211e-22 -1.12975e-29  2.73332e-24  5.83153e-30 -1.31873e-23  1.02594e-31 -4.91122e-24 -6.03162e-31 -9.76788e-25 -1.16746e-32 -8.26359e-26  8.11997e-32  1.70814e-26  2.39315e-33   8.6175e-27 -1.11057e-32  1.95412e-27  1.09777e-33  2.83451e-28  4.87571e-34  2.26807e-29  1.94121e-35 -9.37195e-31 -3.74332e-35 -6.70752e-31 -9.81616e-36 -1.29346e-31  3.56678e-36   -1.632e-32  4.99306e-37 -1.46665e-33 -4.74648e-38 -8.78119e-35 -1.98891e-38 -1.99214e-36 -2.92927e-39  2.44252e-37  9.81725e-41  3.52927e-38  8.37477e-41  2.53995e-39  7.48849e-42  1.17375e-40  3.47575e-43  3.35182e-42  1.15565e-44  6.39403e-44 -6.73875e-46  9.48011e-46 -1.55326e-47
 1.44994e-31  1.96881e-16  4.36321e-30 -4.04262e-15 -1.69084e-28  4.25627e-14  2.36684e-27 -2.87764e-13  -2.0604e-26  1.37275e-12  1.30267e-25 -4.85015e-12 -6.45547e-25  1.30186e-11  2.62504e-24 -2.68155e-11 -9.02099e-24  4.22179e-11  2.66918e-23 -4.96777e-11 -6.87413e-23  4.11948e-11  1.54921e-22 -2.01728e-11 -3.06083e-22  7.87363e-13  5.30046e-22  5.96842e-12 -8.03611e-22 -2.71181e-12  1.06546e-21 -9.62918e-13 -1.23501e-21  9.68445e-13  1.25389e-21  1.57053e-13 -1.12162e-21 -2.62979e-13  8.94417e-22 -4.76698e-14 -6.46854e-22  6.01791e-14  4.30507e-22  1.94176e-14 -2.62216e-22 -9.93732e-15  1.39781e-22 -6.33135e-15  -5.8669e-23  4.11628e-16  1.42388e-23  1.33877e-15  2.66271e-24  3.37013e-16 -4.73983e-24 -1.20963e-16  2.43786e-24 -9.71143e-17 -6.15053e-25 -1.64886e-17 -2.59184e-26   7.9053e-18  9.40561e-26  5.25976e-18 -4.09195e-26  1.04125e-18  5.38859e-27 -2.13143e-19  3.31879e-27 -1.98465e-19 -1.45084e-27 -5.64928e-20 -3.60939e-28 -3.47322e-21  4.24205e-28  3.53987e-21 -8.64076e-29  1.62732e-21 -3.44586e-29  3.53343e-22  2.19911e-29   2.2149e-23  -1.1738e-30 -1.31831e-23 -2.06076e-30 -5.73668e-24  8.48089e-32 -1.27343e-24  2.73977e-31 -1.60496e-25 -3.11372e-33 -5.59604e-28 -3.51629e-32  5.21664e-27  4.63821e-33  1.45286e-27  1.35623e-33  2.44336e-28 -1.86519e-36  2.76449e-29 -1.28395e-34  1.71427e-30 -2.59534e-35 -7.31189e-32  1.18154e-35 -3.61525e-32  1.57742e-36 -5.50616e-33 -1.59543e-37 -5.53175e-34 -6.08415e-38 -4.00485e-35 -8.34167e-39 -2.04737e-36  3.70806e-40 -6.37758e-38  2.24322e-40 -2.09248e-40  1.84916e-41  8.50875e-41  8.92297e-43  3.78681e-42  2.84393e-44  8.55574e-44 -5.66868e-46  8.80907e-46
-1.36192e-16  4.36321e-30  5.06497e-15  7.57581e-29 -7.22293e-14 -2.25333e-27  6.08613e-13  2.61862e-26 -3.48417e-12 -1.96091e-25  1.44894e-11  1.08847e-24 -4.53628e-11 -4.80352e-24  1.08821e-10  1.75997e-23 -2.00808e-10 -5.50866e-23  2.81974e-10  1.49976e-22 -2.91313e-10 -3.58695e-22  2.02815e-10  7.56466e-22 -6.85567e-11 -1.40634e-21 -2.19301e-11  2.29894e-21  3.25787e-11 -3.29313e-21 -5.35789e-12  4.11975e-21 -8.22756e-12 -4.49035e-21  2.90121e-12  4.26471e-21  2.01177e-12  -3.5482e-21 -7.91552e-13  2.62365e-21 -5.48867e-13  -1.7687e-21  1.34385e-13  1.11664e-21  1.47992e-13  -6.6037e-22 -8.08009e-16  3.46611e-22 -3.14448e-14 -1.42609e-22 -8.16764e-15  3.27857e-23  3.60741e-15  7.00387e-24  2.61765e-15 -1.06764e-23  2.64844e-16  5.00628e-24 -3.28167e-16 -1.13068e-24 -1.60572e-16 -7.41934e-26 -1.39564e-17  1.85541e-25  1.59993e-17 -8.84519e-26  7.99302e-18  1.63608e-26   1.3009e-18  5.42254e-27 -3.43694e-19 -2.75714e-27 -2.64583e-19 -9.22681e-28 -7.20427e-20  9.83194e-28 -5.60506e-21 -2.29443e-28  3.40777e-21 -6.53284e-29  1.66039e-21  5.78385e-29  3.85775e-22 -7.08488e-30  4.05877e-23 -4.97025e-30 -6.07503e-24  5.02028e-31 -3.86282e-24  6.45247e-31 -9.64718e-25 -3.50744e-32 -1.49364e-25 -7.39069e-32 -1.18806e-26  1.32294e-32  9.33821e-28  2.35172e-33  5.19087e-28 -2.03924e-34  1.03319e-28 -3.09214e-34  1.36384e-29 -4.40636e-35  1.25733e-30  2.75733e-35  6.93904e-32  3.45262e-36 -5.14169e-34 -3.60029e-37 -5.99382e-34 -1.28183e-37 -7.46448e-35 -1.59047e-38  -5.7289e-36  9.93245e-40 -3.06735e-37   4.1131e-40 -1.12549e-38  3.06292e-41 -2.75528e-40  1.43761e-42 -4.33106e-42  3.97244e-44 -2.52964e-44 -1.67474e-46
-8.01839e-30 -4.04262e-15  7.57581e-29  8.53899e-14  9.30154e-28 -9.26231e-13  -2.2375e-26  6.46301e-12  2.21006e-25 -3.18858e-11 -1.44196e-24  1.16804e-10  7.07885e-24 -3.26091e-10 -2.79277e-23  7.01566e-10  9.23418e-23 -1.16073e-09 -2.63323e-22  1.44956e-09  6.59665e-22   -1.301e-09 -1.46587e-21  7.31638e-10  2.89649e-21  -1.1403e-10 -5.07667e-21 -1.70971e-10  7.85187e-21  1.12787e-10 -1.06511e-20  1.48759e-11  1.25958e-20 -3.65562e-11 -1.29207e-20   7.9864e-13  1.14688e-20  9.92647e-12 -8.84203e-21 -1.14094e-13  6.02114e-21 -2.50339e-12  -3.7575e-21 -2.79223e-13  2.25098e-21  5.28842e-13 -1.30612e-21  1.72022e-13  6.83453e-22 -6.84504e-14 -2.77167e-22 -5.30366e-14  5.98855e-23 -3.11593e-15  1.46198e-23  8.44805e-15 -1.88465e-23  3.42737e-15   7.9031e-24 -1.08932e-16 -1.62956e-24 -5.51503e-16 -6.95862e-26 -1.95291e-16  2.65202e-25 -3.90319e-18 -1.62111e-25  2.22364e-17  4.29629e-26  9.24192e-18  4.81337e-27  1.32941e-18 -3.68602e-27  -3.6998e-19 -1.87172e-27 -2.62682e-19  1.74783e-27 -7.09194e-20 -4.91321e-28 -7.23603e-21 -7.79107e-29  2.12775e-21  1.23024e-28   1.2077e-21  -2.2814e-29  3.03119e-22 -9.87592e-30  4.21262e-23  1.47666e-30  2.39918e-25   1.2095e-30 -1.57024e-24 -1.16452e-31 -4.69522e-25 -1.13628e-31 -8.35011e-26  2.96835e-32 -9.67182e-27  2.47275e-33 -5.08824e-28 -8.52428e-34  6.73799e-29  -6.0121e-34  2.23238e-29 -5.15593e-35  3.42447e-30   5.1881e-35  3.60279e-31  6.03392e-36   2.7233e-32 -6.21634e-37  1.37321e-33 -2.11528e-37  2.77916e-35 -2.29373e-38 -2.23773e-36  2.06077e-39 -2.60855e-37  5.92066e-40 -1.36514e-38   3.9009e-41 -4.27742e-40  1.66426e-42 -8.20486e-42  3.52956e-44 -5.23526e-44
 1.88795e-15 -1.69084e-28 -7.22293e-14  9.30154e-28  1.06116e-12  8.84706e-27 -9.22681e-12 -1.78037e-25  5.46118e-11  1.52086e-24 -2.35346e-10 -8.73509e-24  7.65675e-10  3.81608e-23 -1.91567e-09 -1.35025e-22  3.70514e-09  4.03276e-22 -5.49398e-09 -1.04718e-21  6.07167e-09  2.41175e-21 -4.65572e-09 -4.97793e-21  1.96107e-09  9.22329e-21  2.06274e-10 -1.52678e-20 -7.47247e-10  2.23957e-20   2.3813e-10 -2.88404e-20  1.57206e-10  3.23081e-20 -1.00336e-10 -3.12245e-20 -3.33877e-11  2.58787e-20  2.83715e-11  -1.8403e-20  9.57492e-12   1.1432e-20 -6.23411e-12 -6.53615e-21 -3.15434e-12  3.72171e-21  8.43164e-13 -2.15653e-21  8.73496e-13  1.14428e-21  4.93956e-14 -4.59483e-22 -1.57513e-13   9.2033e-23  -5.8163e-14   2.5591e-23  8.39457e-15 -2.72296e-23  1.25959e-14  9.86419e-24  3.28568e-15 -2.00391e-24 -6.08937e-16   1.7573e-25 -6.85538e-16   2.6889e-25 -1.90568e-16 -2.72562e-25  6.31552e-18  9.53512e-26  2.35718e-17 -2.25574e-27  8.69739e-18 -2.38317e-27  1.20455e-18 -3.33492e-27   -2.831e-19  2.43376e-27 -2.03694e-19 -8.98527e-28 -5.60601e-20 -2.07198e-29 -7.21971e-21  2.26132e-28  7.38248e-22 -5.31652e-29  6.36337e-22 -1.73388e-29  1.75795e-22  2.97265e-30  2.90511e-23  1.86857e-30   2.2743e-24 -2.52613e-31 -2.91253e-25 -1.18998e-31 -1.43496e-25  5.59831e-32 -2.94994e-26  3.64655e-35 -4.03302e-27 -2.28288e-33 -3.70802e-28 -9.95581e-34 -1.60605e-29 -3.34531e-35   1.5027e-30  8.26443e-35  4.07796e-31  8.91933e-36  4.91919e-32 -8.52689e-37  4.01668e-33  -2.8491e-37  2.35052e-34 -2.56094e-38  9.56383e-36  3.44162e-39  2.35437e-37  7.03411e-40  1.62677e-39  3.99743e-41 -9.65167e-41  1.42969e-42 -3.12065e-42   1.8582e-44
 1.39819e-28  4.25627e-14 -2.25333e-27 -9.26231e-13  8.84706e-27  1.03671e-11    6.867e-26 -7.47779e-11 -1.18352e-24  3.82163e-10  8.86168e-24 -1.45385e-09 -4.51921e-23  4.22854e-09  1.76666e-22 -9.51746e-09 -5.62291e-22  1.65712e-08   1.5179e-21 -2.19824e-08 -3.58509e-21  2.13293e-08   7.5774e-21 -1.35948e-08 -1.45109e-20  3.54954e-09  2.52182e-20  2.30006e-09 -3.94928e-20 -2.27236e-09  5.50795e-20  1.07729e-10 -6.75197e-20  6.59631e-10  7.18214e-20 -1.39785e-10 -6.54858e-20 -1.73584e-10  5.06274e-20  3.96957e-11 -3.30154e-20  4.69635e-11  1.84538e-20 -4.83815e-12 -9.50649e-21 -1.18807e-11  5.17019e-21 -1.25366e-12 -3.08414e-21  2.26512e-12  1.69626e-21  8.62313e-13 -6.75599e-22 -1.85338e-13  1.22769e-22 -2.17775e-13  3.85005e-23 -4.18052e-14 -3.22456e-23  2.07186e-14  9.36672e-24  1.41002e-14 -2.36821e-24  2.38805e-15  9.43628e-25 -9.69726e-16  1.45608e-25 -6.82119e-16 -4.37481e-25 -1.57969e-16  1.77891e-25  1.07708e-17 -1.83773e-26   2.0011e-17  4.47844e-27   6.8807e-18 -5.55462e-27  9.89447e-19  2.47616e-27 -1.50088e-19 -1.46407e-27 -1.24814e-19  1.72458e-28 -3.58315e-20  3.75322e-28 -5.52473e-21  -9.7917e-29 -5.54237e-23 -2.80208e-29  2.31876e-22  4.25794e-30  7.45524e-23  2.33869e-30  1.39671e-23  -4.0476e-31  1.63413e-24 -3.45375e-32  6.07038e-26    9.224e-32 -2.23111e-26 -6.80128e-33 -6.32783e-27 -4.74635e-33  -9.8503e-28 -1.43901e-33  -1.0692e-28  1.90099e-35 -8.11125e-30  1.13953e-34 -3.49951e-31    1.153e-35  6.36803e-33 -9.20375e-37  2.59302e-33 -3.15968e-37  2.45116e-34 -2.12013e-38   1.4166e-35  4.73999e-39   5.4264e-37  7.03841e-40  1.33498e-38  3.32961e-41  1.77929e-40   8.8949e-43  6.00651e-43
-1.54389e-14  2.36684e-27  6.08613e-13  -2.2375e-26 -9.22681e-12    6.867e-26  8.29279e-11  4.49664e-25 -5.08344e-10 -6.75179e-24  2.27407e-09  4.47895e-23 -7.70178e-09 -2.04332e-22  2.01317e-08  7.18487e-22 -4.08781e-08 -2.06317e-21  6.40921e-08  5.03713e-21 -7.57976e-08 -1.08047e-20  6.37813e-08  2.09024e-20 -3.21717e-08 -3.70618e-20   1.7942e-09  6.03953e-20  9.69776e-09 -8.96177e-20 -4.88057e-09  1.19159e-19 -1.43644e-09 -1.39472e-19  1.79381e-09  1.41254e-19  1.73626e-10 -1.21706e-19  -5.1122e-10  8.76813e-20 -5.19275e-11 -5.20415e-20  1.27838e-10  2.56261e-20    2.859e-11 -1.15419e-20 -2.52006e-11  6.07259e-21 -1.17332e-11 -3.93517e-21  2.48174e-12  2.30126e-21  3.06822e-12 -9.06283e-22   4.5846e-13  1.45061e-22 -4.07033e-13  4.99592e-23 -2.19745e-13  -2.9627e-23 -1.41072e-14  5.38173e-24   2.7944e-14 -3.20777e-24  1.27636e-14  2.52162e-24  1.31573e-15 -9.08061e-26 -1.04677e-15 -6.80234e-25 -5.67552e-16  2.79164e-25 -1.16006e-16 -4.18617e-26  9.09326e-18  2.16196e-26  1.39026e-17 -8.89769e-27   4.6316e-18  1.09513e-27  7.23633e-19 -2.21973e-27 -4.37975e-20  5.52484e-28 -5.96272e-20  5.82826e-28 -1.83386e-20 -1.46268e-28 -3.23858e-21 -4.26159e-29 -2.47432e-22  3.59563e-30  4.76136e-23  2.11124e-30  2.21033e-23 -4.80218e-31  4.68832e-24  2.00571e-31  6.56292e-25  1.36224e-31  5.78766e-26 -1.91241e-32  1.08295e-27  -8.2013e-33 -6.47729e-28 -1.83192e-33 -1.34637e-28  1.01317e-34 -1.62919e-29  1.37523e-34 -1.39334e-30  1.33779e-35 -8.54824e-32  -7.1436e-37 -3.44876e-33 -2.83196e-37 -5.53772e-35 -1.02189e-38  3.01235e-36  5.46179e-39  2.46572e-37  5.95355e-40  7.95459e-39  2.21991e-41  1.11656e-40  3.54457e-43
-1.43879e-27 -2.87764e-13  2.61862e-26  6.46301e-12 -1.78037e-25 -7.47779e-11  4.49664e-25  5.58578e-10  2.54091e-24 -2.96262e-09 -3.36708e-23  1.17265e-08  1.99647e-22  -3.5599e-08 -8.20201e-22  8.39761e-08  2.60717e-21 -1.54123e-07 -6.77614e-21  2.17418e-07  1.49756e-20 -2.27927e-07 -2.91243e-20   1.6312e-07  5.13949e-20 -5.87411e-08 -8.41089e-20 -1.61656e-08  1.28391e-19  2.81518e-08 -1.80778e-19 -6.10241e-09  2.29842e-19 -6.99616e-09 -2.57747e-19  3.18914e-09  2.49305e-19  1.67671e-09 -2.03385e-19 -9.44543e-10    1.364e-19 -4.77052e-10 -7.29454e-20   1.9903e-10  3.05475e-20  1.44533e-10 -1.12733e-20 -1.97443e-11  5.94765e-21 -3.65697e-11 -4.61858e-21 -5.27762e-12  2.94091e-21  5.81515e-12  -1.1349e-21  2.82742e-12  1.55067e-22 -9.40646e-14  5.45992e-23 -5.11034e-13 -1.59575e-23 -1.73456e-13 -1.84647e-24   1.0059e-14 -5.37923e-24   2.8035e-14  5.08356e-24  9.78177e-15  -3.2323e-25    5.293e-16   -1.027e-24 -8.77938e-16  3.64611e-25 -4.04943e-16 -6.40875e-26  -7.7494e-17   5.4491e-26  4.72067e-18 -1.36613e-26  7.93334e-18 -2.52129e-27  2.64711e-18 -3.28518e-27   4.5598e-19   1.1126e-27  7.64145e-21  8.71414e-28 -2.11944e-20 -1.73459e-28 -7.34482e-21 -6.13286e-29 -1.44484e-21 -1.61508e-30 -1.68201e-22  5.01959e-31 -2.23053e-24 -3.59165e-31  3.99768e-24   6.2618e-31  1.05492e-24  1.83608e-31  1.66613e-25 -3.63783e-32  1.82979e-26 -1.21716e-32  1.31079e-27 -2.04713e-33  2.90034e-29  1.95651e-34 -7.10525e-30  1.46205e-34 -1.21187e-30  1.43034e-35 -1.11965e-31 -2.17599e-37 -7.07268e-33 -1.90506e-37 -3.13465e-34   3.4003e-39  -9.3177e-36   5.2974e-39  -1.6126e-37  4.21587e-40 -8.69321e-40  1.12773e-41  5.56884e-42
 8.56167e-14  -2.0604e-26 -3.48417e-12  2.21006e-25  5.46118e-11 -1.18352e-24 -5.08344e-10  2.54091e-24  3.23367e-09  1.25913e-23 -1.50464e-08 -1.48747e-22  5.31547e-08  7.94214e-22 -1.45446e-07 -2.95595e-21  3.10637e-07  8.53545e-21 -5.15805e-07 -2.01488e-20  6.53249e-07   4.0364e-20   -6.017e-07 -7.10621e-20  3.54494e-07  1.13921e-19 -6.71453e-08 -1.71325e-19 -7.98078e-08  2.44522e-19  6.10657e-08 -3.27147e-19  3.50963e-09  3.99059e-19 -1.98815e-08 -4.30402e-19  2.22424e-09  3.98981e-19  5.54496e-09 -3.08918e-19 -6.82202e-10  1.92653e-19 -1.50738e-09 -9.15472e-20  1.25432e-11  3.05026e-20  3.68155e-10 -7.58115e-21  7.03203e-11  4.58713e-21 -6.45501e-11 -5.16851e-21  -3.2138e-11  3.62679e-21  3.23279e-12 -1.35378e-21  7.07649e-12  1.56098e-22  1.85674e-12  4.59164e-23 -5.09906e-13   9.6384e-24 -4.81166e-13 -1.04759e-23 -1.10676e-13 -9.90683e-24  2.21943e-14  8.61608e-24  2.28935e-14 -3.31108e-25  6.56615e-15 -1.50682e-24  1.44276e-16   3.7654e-25 -6.00252e-16   -6.909e-26 -2.50794e-16  1.08298e-25 -4.73946e-17 -1.96233e-26  1.03831e-18 -8.98357e-27   3.6705e-18 -4.94938e-27  1.26811e-18   1.7527e-27  2.39916e-19   1.2769e-27  1.77811e-20 -1.42931e-28 -4.87798e-21 -8.27896e-29 -2.20691e-21 -1.40358e-29 -4.81913e-22 -3.17235e-30 -6.81521e-23  4.43869e-32 -5.41694e-24  1.23376e-30  1.72695e-25  2.28732e-31  1.39025e-25 -5.61083e-32  2.62046e-26 -1.57957e-32  3.20357e-27  -1.9693e-33  2.80117e-28  2.78871e-34  1.68637e-29  1.37726e-34  5.20496e-31  1.45055e-35 -1.75535e-32  4.62766e-37 -3.37516e-33 -6.80106e-38 -2.23264e-34  1.44191e-38  -8.7653e-36  4.31598e-39 -2.04873e-37  2.43552e-40 -2.27924e-39  3.80175e-42
 1.04563e-26  1.37275e-12 -1.96091e-25 -3.18858e-11  1.52086e-24  3.82163e-10 -6.75179e-24 -2.96262e-09  1.25913e-23  1.63424e-08  5.53731e-23 -6.74483e-08 -5.87916e-22  2.14176e-07  2.84481e-21 -5.30619e-07 -9.64432e-21   1.0285e-06  2.54172e-20 -1.54512e-06 -5.46995e-20     1.75e-06  9.95182e-20   -1.397e-06 -1.58425e-19  6.37814e-07  2.29664e-19   2.8428e-08 -3.15577e-19 -2.35574e-07  4.19875e-19  9.48938e-08 -5.34478e-19  4.46846e-08  6.27928e-19 -3.95275e-08 -6.54224e-19  -7.9184e-09  5.83532e-19  1.18246e-08 -4.30035e-19  2.29449e-09   2.4913e-19  -2.9641e-09 -1.03085e-19 -9.46627e-10  2.33809e-20   5.5365e-10 -5.90939e-23  3.35359e-10  2.17493e-21 -3.76424e-11 -5.73471e-21 -8.01581e-11   4.3879e-21 -1.72777e-11 -1.56743e-21  9.15375e-12   1.6088e-22  6.23081e-12  1.83403e-23  7.81872e-13  4.43928e-23 -6.62236e-13 -1.75991e-23 -3.70407e-13 -1.76218e-23 -5.81466e-14  1.29572e-23  2.27746e-14  1.67095e-25  1.58663e-14 -2.15695e-24  3.96299e-15  2.42334e-25  3.51183e-17 -3.66396e-26 -3.40173e-16  1.87292e-25 -1.35007e-16 -2.54415e-26 -2.61896e-17 -1.85198e-26 -6.83858e-19 -7.71323e-27  1.32812e-18  2.27229e-27  4.97798e-19  1.83952e-27  1.02552e-19 -1.55512e-29  1.16727e-20 -1.02762e-28 -2.64605e-22  -3.5053e-29 -4.54432e-22 -9.30736e-30 -1.15735e-22    7.187e-31 -1.84454e-23  1.95325e-30 -1.99391e-24  2.65673e-31 -1.19283e-25 -7.45849e-32  4.37344e-27 -1.80943e-32  2.16302e-27 -1.54291e-33  3.10927e-28  3.33732e-34  2.91634e-29  1.16124e-34  1.95692e-30  1.43284e-35  9.27383e-32  1.13074e-36   2.7905e-33  4.28807e-38  3.09844e-35  1.92915e-38 -1.20608e-36  2.92032e-39 -5.23143e-38  1.08648e-40 -5.19851e-40
-3.44124e-13  1.30267e-25  1.44894e-11 -1.44196e-24 -2.35346e-10  8.86168e-24  2.27407e-09 -3.36708e-23 -1.50464e-08  5.53731e-23  7.29929e-08  2.18093e-22 -2.69603e-07 -2.09507e-21  7.74027e-07   9.2382e-21 -1.74261e-06  -2.8668e-20  3.07031e-06  6.92672e-20 -4.16878e-06 -1.36428e-19  4.19667e-06   2.2598e-19 -2.84094e-06  -3.2511e-19  8.77253e-07  4.24115e-19  4.13392e-07 -5.28572e-19 -5.20868e-07  6.52742e-19  7.28536e-08 -7.91587e-19   1.4587e-07  8.99784e-19 -5.12114e-08 -9.10133e-19  -3.7759e-08  7.84628e-19  1.60406e-08 -5.52323e-19  1.08495e-08  2.96994e-19 -3.26157e-09 -1.03729e-19 -3.18432e-09  8.47716e-21  1.91421e-10  1.07901e-20  7.70275e-10  -7.7775e-22  1.59221e-10 -6.50027e-21 -1.12034e-10   5.2427e-21 -6.64893e-11 -1.79246e-21 -2.01715e-12  1.90144e-22  1.07509e-11 -2.94695e-23  4.33652e-12  8.20417e-23  4.04107e-14 -2.06707e-23   -5.969e-13  -2.8799e-23 -2.43954e-13  1.79533e-23 -2.56575e-14  1.45103e-24  1.70809e-14 -3.03006e-24  9.53816e-15 -1.12799e-25  2.18683e-15   5.1354e-26  3.39919e-17  2.94766e-25 -1.59404e-16 -2.81816e-26 -6.26426e-17 -3.09214e-26 -1.27455e-17 -1.22375e-26 -9.14231e-19  2.40471e-27  3.43314e-19  2.58108e-27  1.54543e-19  2.35941e-28  3.46331e-20 -1.13462e-28  4.86691e-21 -6.34382e-29  3.09199e-22 -1.77095e-29 -4.64992e-23  1.53246e-30 -1.83966e-23  2.66602e-30 -3.32056e-24  2.89569e-31 -4.07363e-25 -8.80613e-32 -3.50443e-26 -1.83434e-32  -1.8066e-27 -8.05609e-34   1.0069e-29  3.56075e-34  1.27474e-29  8.96435e-35  1.42981e-30  1.39663e-35  9.63646e-32  1.58756e-36  4.37941e-33  1.10514e-37  1.31415e-34   1.7848e-38  2.32423e-36  1.59982e-39  1.77241e-38  3.24935e-41
-5.84748e-26 -4.85015e-12  1.08847e-24  1.16804e-10 -8.73509e-24 -1.45385e-09  4.47895e-23  1.17265e-08 -1.48747e-22 -6.74483e-08  2.18093e-22  2.91003e-07  7.74893e-22 -9.69011e-07 -6.77311e-21  2.52759e-06  2.73481e-20 -5.18598e-06  -7.8028e-20  8.31222e-06  1.73573e-19 -1.01765e-05 -3.14102e-19   9.0207e-06  4.75059e-19 -4.99073e-06 -6.17755e-19  6.35123e-07  7.21624e-19  1.37374e-06 -8.08304e-19 -8.88797e-07  9.20722e-19 -1.30379e-07 -1.06515e-18  3.19195e-07  1.17778e-18 -1.35061e-08 -1.16317e-18 -9.37323e-08  9.74262e-19   5.2228e-09 -6.58097e-19  2.59114e-08  3.28377e-19  1.37359e-09 -9.19116e-20 -6.26633e-09 -1.32088e-20 -1.57891e-09  2.37178e-20  1.04422e-09 -3.64346e-21  6.23758e-10 -7.56987e-21 -2.47746e-11  6.17231e-21 -1.28074e-10 -2.05549e-21 -4.00006e-11  2.66789e-22  7.21227e-12 -9.08669e-23  9.11421e-12  1.14468e-22  2.47833e-12 -1.93595e-23 -2.79147e-13 -4.29934e-23 -4.31756e-13  2.36626e-23 -1.41746e-13  3.75022e-24 -1.00205e-14 -4.19526e-24   1.0267e-14 -7.53904e-25  5.02067e-15  2.03137e-25  1.10716e-15  4.33622e-25  4.24431e-17 -2.33307e-26 -6.04361e-17 -4.56134e-26 -2.46172e-17 -1.91693e-26  -5.3007e-18  1.88518e-27 -5.77568e-19  3.47336e-27  4.41472e-20   6.1236e-28  3.56542e-20 -1.04414e-28  8.91565e-21 -9.47364e-29  1.41937e-21  -2.7425e-29  1.44646e-22  2.28214e-30  4.87314e-24  3.24299e-30 -1.45892e-24  2.98136e-31 -3.65054e-25   -9.398e-32 -4.96586e-26 -1.63553e-32 -4.72402e-27  1.13464e-34 -3.22614e-28  3.53657e-34 -1.45932e-29  6.63699e-35 -2.68821e-31  1.33237e-35   1.6597e-32   1.7201e-36   1.6209e-33  1.26512e-37  6.50246e-35  1.26684e-38   1.3155e-36  6.72567e-40  9.43257e-39
 1.03837e-12 -6.45547e-25 -4.53628e-11  7.07885e-24  7.65675e-10 -4.51921e-23 -7.70178e-09  1.99647e-22  5.31547e-08 -5.87916e-22 -2.69603e-07  7.74893e-22  1.04405e-06  2.49845e-21  -3.1537e-06  -1.9967e-20  7.50414e-06  7.41399e-20 -1.40622e-05 -1.95259e-19  2.05031e-05  4.01446e-19 -2.25449e-05 -6.69999e-19  1.73451e-05  9.28194e-19  -7.3099e-06 -1.09189e-18 -9.97477e-07  1.13671e-18  3.17904e-06 -1.13163e-18 -1.08187e-06  1.17861e-18  -6.9696e-07 -1.30258e-18  5.08117e-07  1.41025e-18  1.42969e-07 -1.36845e-18 -1.59851e-07  1.12041e-18 -4.17325e-08 -7.30841e-19   4.0761e-08  3.38795e-19  1.58844e-08 -6.88858e-20 -7.42603e-09 -3.92956e-20 -5.34848e-09  3.71431e-20  3.30262e-10 -5.91826e-21  1.23468e-09 -8.88486e-21  3.17656e-10  7.10924e-21 -1.28516e-10 -2.38988e-21  -1.0252e-10   4.0701e-22 -1.65126e-11 -1.48527e-22  9.75649e-12   1.3446e-22  6.26979e-12 -1.69616e-23  1.18846e-12 -5.92138e-23 -3.09283e-13  3.04868e-23 -2.64487e-13  7.23329e-24 -7.43239e-14  -5.7265e-24 -3.98071e-15 -1.72844e-24  5.08333e-15  4.11466e-25  2.31243e-15  6.06854e-25   5.0869e-16 -5.53089e-27   3.5425e-17 -6.17757e-26 -1.75497e-17 -2.88794e-26 -7.96902e-18   5.2565e-28 -1.82559e-18  4.41179e-27 -2.49512e-19  1.07958e-27 -9.09096e-21  -6.5209e-29  5.25393e-21 -1.21928e-28  1.65019e-21 -3.68253e-29  2.90548e-22  2.79307e-30  3.51169e-23  3.59208e-30  2.76976e-24   2.9295e-31  7.14644e-26 -9.15236e-32 -1.70434e-26 -1.25257e-32 -3.24961e-27  1.03357e-33 -3.32997e-28  3.38428e-34 -2.34689e-29   5.0492e-35 -1.17231e-30  1.21422e-35 -3.97168e-32  1.54212e-36  -7.8601e-34  1.04452e-37 -4.47568e-36   6.9923e-39  9.87826e-38  1.88709e-40
 2.64557e-25  1.30186e-11 -4.80352e-24 -3.26091e-10  3.81608e-23  4.22854e-09 -2.04332e-22  -3.5599e-08  7.94214e-22  2.14176e-07 -2.09507e-21 -9.69011e-07  2.49845e-21  3.39414e-06  7.34689e-21 -9.34913e-06 -5.39103e-20  2.03618e-05  1.84777e-19 -3.49023e-05 -4.50807e-19  4.62449e-05  8.59657e-19 -4.53923e-05 -1.32793e-18  2.96242e-05  1.69056e-18   -8.042e-06 -1.80152e-18  -5.4007e-06  1.66399e-18  5.77004e-06 -1.45257e-18 -5.11422e-07  1.36642e-18 -1.76581e-06 -1.44512e-18  5.22276e-07   1.5436e-18  4.83678e-07  -1.4817e-18  -1.7454e-07   1.1948e-18 -1.42051e-07 -7.59737e-19  3.52133e-08  3.28547e-19  4.17927e-08  -3.8293e-20 -9.52848e-10 -6.67832e-20 -1.00581e-08  4.95871e-20 -2.43123e-09 -7.37194e-21  1.41315e-09 -1.01997e-20  9.39516e-10  7.94637e-21  5.69943e-11 -2.83282e-21 -1.45471e-10   6.1168e-22  -6.4459e-11 -1.74535e-22 -2.64998e-12  1.38652e-22  8.22652e-12 -2.05275e-23  3.68692e-12 -7.64064e-23  4.88589e-13  3.91343e-23 -2.20135e-13  1.20261e-23 -1.40715e-13  -7.6792e-24 -3.56807e-14 -3.06185e-24 -1.91668e-15   6.5314e-25  2.07094e-15  8.17182e-25  9.22653e-16  3.00643e-26  2.07409e-16 -7.84178e-26  2.10681e-17 -4.12012e-26 -3.32611e-18 -1.73647e-27 -2.03379e-18  5.21053e-27 -5.02912e-19  1.57041e-27 -7.87226e-20  1.03789e-29 -6.99205e-21 -1.37369e-28  1.75381e-22 -4.39775e-29  1.92421e-22  3.01887e-30  3.97977e-23  3.69138e-30    5.277e-24  2.79614e-31  4.97813e-25 -8.14042e-32  3.19683e-26 -7.64887e-33  9.71792e-28  1.78172e-33 -5.63947e-29  3.18326e-34 -1.00711e-29  4.14175e-35 -7.36652e-31  1.02755e-35 -3.33555e-32  1.16976e-36 -9.47868e-34  6.73661e-38 -1.49732e-35  2.89463e-39 -8.53857e-38
-2.39208e-12  2.62504e-24  1.08821e-10 -2.79277e-23 -1.91567e-09  1.76666e-22  2.01317e-08 -8.20201e-22 -1.45446e-07  2.84481e-21  7.74027e-07 -6.77311e-21  -3.1537e-06  7.34689e-21  1.00569e-05  1.97883e-20 -2.53742e-05 -1.33819e-19  5.07222e-05  4.24802e-19 -7.95963e-05  -9.6317e-19  9.56349e-05  1.70904e-18 -8.30251e-05 -2.45144e-18  4.42048e-05  2.87677e-18  -3.6373e-06 -2.78151e-18 -1.39961e-05  2.27012e-18  8.26414e-06 -1.70979e-18   1.7212e-06  1.42792e-18 -3.21641e-06 -1.44812e-18  1.38216e-08  1.53865e-18  9.90611e-07 -1.47078e-18 -2.32484e-08  1.18009e-18 -2.81971e-07 -7.42756e-19 -2.29624e-08  3.02628e-19  6.93988e-08 -4.93384e-21  1.95566e-08 -9.28862e-20 -1.15524e-08  5.99223e-20 -7.51427e-09 -8.05816e-21  1.33504e-10 -1.11198e-20  1.53139e-09  8.56216e-21  5.14666e-10 -3.42314e-21  -7.6883e-11  8.61542e-22 -1.13621e-10 -1.34332e-22 -3.32441e-11  1.29522e-22  2.66271e-12 -3.93293e-23  5.44429e-12 -9.40227e-23  1.91381e-12  5.04011e-23  1.79829e-13  1.82226e-23  -1.2165e-13 -1.00656e-23 -6.57008e-14  -4.7536e-24  -1.5735e-14  8.94682e-25 -1.07489e-15  1.06563e-24  6.76193e-16  8.62987e-26  3.12776e-16  -9.4346e-26  7.29056e-17 -5.52868e-26  9.40765e-18 -4.83626e-27 -8.46328e-20  5.62858e-27 -3.76657e-19  1.99712e-27  -1.0591e-19  1.20421e-28 -1.82118e-20 -1.35376e-28 -2.09496e-21 -4.71965e-29   -1.275e-22  3.07641e-30  7.26456e-24  3.59044e-30   3.1528e-24  2.66112e-31  4.77662e-25 -6.52954e-32  4.80153e-26  -2.6334e-33  3.46955e-27  2.24327e-33   1.7634e-28  2.94073e-34  5.46987e-30  3.57445e-35  3.10512e-32  7.87775e-36  -5.7089e-33  7.52941e-37 -2.59163e-34  3.41639e-38 -4.35393e-36  7.88806e-40
-9.99434e-25 -2.68155e-11  1.75997e-23  7.01566e-10 -1.35025e-22 -9.51746e-09  7.18487e-22  8.39761e-08 -2.95595e-21 -5.30619e-07   9.2382e-21  2.52759e-06  -1.9967e-20 -9.34913e-06  1.97883e-20  2.72967e-05  4.90027e-20 -6.33298e-05 -3.06407e-19  0.000116449  9.03589e-19 -0.000167323 -1.90953e-18   0.00018165  3.16201e-18 -0.000137527 -4.22406e-18  5.54222e-05  4.58171e-18  1.12194e-05 -4.02547e-18 -2.71814e-05  2.89121e-18  8.48622e-06 -1.84299e-18  6.48848e-06  1.33421e-18  -4.3934e-06 -1.30092e-18 -1.42283e-06  1.38367e-18  1.45434e-06 -1.32375e-18  4.22891e-07  1.07431e-18 -3.84347e-07 -6.87424e-19  -1.6083e-07  2.69236e-19  7.16553e-08  2.67482e-20  5.48088e-08 -1.15595e-19  -2.8152e-09  6.73667e-20  -1.2884e-08 -8.21571e-21 -3.47747e-09 -1.11769e-20  1.34281e-09  8.85336e-21   1.1244e-09 -4.19897e-21  1.92958e-10  1.11824e-21 -1.05559e-10  5.67009e-24 -7.12071e-11   1.1557e-22  -1.4362e-11 -8.20327e-23  3.23259e-12 -1.12341e-22  3.03285e-12  6.48527e-23  8.97208e-13  2.58517e-23   6.5188e-14 -1.28431e-23  -5.4746e-14 -6.77238e-24 -2.69092e-14  1.10199e-24 -6.31362e-15  1.34956e-24 -5.77401e-16  1.63052e-25  1.64548e-16  -1.0803e-25  8.73497e-17   -6.966e-26  2.13782e-17 -8.62049e-27  3.21231e-18  5.42364e-27  2.06765e-19  2.27055e-27 -3.95533e-20  2.52767e-28 -1.58043e-20 -1.14421e-28  -2.9998e-21 -4.55802e-29 -3.86781e-22  3.18755e-30 -3.43865e-23  3.37932e-30 -1.67119e-24  2.59513e-31  5.72941e-26 -4.53964e-32  2.12692e-26  1.73851e-33  2.40955e-27  2.38387e-33  1.74441e-28  2.62031e-34  8.74752e-30  3.01927e-35  2.97519e-31  5.36158e-36  6.23325e-33  4.07045e-37  6.23009e-35  1.30995e-38  7.91268e-38
 4.21747e-12 -9.02099e-24 -2.00808e-10  9.23418e-23  3.70514e-09 -5.62291e-22 -4.08781e-08  2.60717e-21  3.10637e-07 -9.64432e-21 -1.74261e-06  2.73481e-20  7.50414e-06 -5.39103e-20 -2.53742e-05  4.90027e-20  6.81687e-05  1.11939e-19 -0.000145918 -6.49083e-19  0.000247231  1.78304e-18 -0.000325064 -3.52154e-18  0.000317114  5.45681e-18 -0.000204783 -6.80687e-18   5.2057e-05   6.8395e-18  4.22869e-05 -5.46511e-18 -4.27331e-05  3.43838e-18  2.95115e-06 -1.81313e-18  1.39034e-05  1.10258e-18 -3.95316e-06  -1.0368e-18 -3.97223e-06  1.09813e-18  1.40916e-06 -1.05067e-18  1.20469e-06  8.91175e-19 -2.98384e-07 -6.09201e-19 -3.66096e-07   2.3746e-19  8.63173e-09  5.39305e-20   9.1348e-08 -1.33801e-19  2.22654e-08  7.12984e-20 -1.33532e-08 -8.13673e-21 -8.94396e-09 -9.91812e-21 -5.32712e-10  8.76599e-21  1.43101e-09 -5.19241e-21  6.40952e-10  1.33096e-21  2.74691e-11  2.68439e-22 -8.32425e-11  1.09352e-22 -3.80031e-11 -1.53566e-22 -5.28416e-12 -1.32274e-22  2.19976e-12  8.25523e-23  1.46587e-12  3.47926e-23  3.85578e-13 -1.59238e-23  2.63302e-14 -9.05285e-24 -2.01577e-14  1.24937e-24 -9.56957e-15  1.66101e-24 -2.25729e-15  2.57261e-25 -2.63074e-16 -1.17462e-25  2.30791e-17  -8.2468e-26  1.91103e-17 -1.28994e-26  5.03267e-18  4.41822e-27  8.35665e-19  2.32009e-27  8.55084e-20  3.86169e-28  1.57088e-21 -7.80134e-29 -1.37661e-21 -3.93203e-29 -3.26605e-22  3.55515e-30 -4.56608e-23  3.14306e-30 -4.51305e-24  2.62475e-31 -3.16401e-25 -2.42725e-32 -1.36887e-26  4.93913e-33 -5.98308e-29  2.24152e-33  4.23432e-29  2.19721e-34  3.55317e-30  2.34365e-35  1.57543e-31  3.17927e-36  4.02417e-33  1.80137e-37  4.96469e-35  3.32709e-39
 3.21675e-24  4.22179e-11 -5.50866e-23 -1.16073e-09  4.03276e-22  1.65712e-08 -2.06317e-21 -1.54123e-07  8.53545e-21   1.0285e-06  -2.8668e-20 -5.18598e-06  7.41399e-20  2.03618e-05 -1.33819e-19 -6.33298e-05  1.11939e-19  0.000157246  2.36566e-19 -0.000311459  -1.2754e-18  0.000486838  3.27186e-18 -0.000584822 -6.05491e-18  0.000508459  8.80278e-18 -0.000269811 -1.02777e-17  1.75671e-05  9.58154e-18  9.27394e-05 -6.96026e-18 -5.43068e-05  3.81114e-18 -1.22143e-05 -1.61856e-18  2.23639e-05  8.00983e-19 -9.15376e-08 -7.27365e-19 -7.19166e-06  7.25592e-19  2.16945e-07  -6.7917e-19  2.13502e-06  6.56877e-19  1.54137e-07 -5.28123e-19 -5.51138e-07  2.14875e-19 -1.50172e-07  7.60506e-20  9.76003e-08 -1.47054e-19  6.16986e-08  7.10573e-20 -2.11882e-09 -8.07076e-21 -1.33334e-08 -6.99255e-21 -4.37165e-09  8.31677e-21  7.50189e-10 -6.41846e-21  1.02728e-09  1.44674e-21  2.96538e-10  6.57251e-22 -2.69221e-11   1.2376e-22 -5.08159e-11 -2.52878e-22 -1.78821e-11 -1.54652e-22 -1.71203e-12   1.0296e-22  1.13464e-12  4.46779e-23  6.22459e-13 -1.92027e-23  1.52566e-13 -1.14988e-23   1.1966e-14  1.32358e-24 -5.91528e-15  1.98606e-24 -2.89602e-15  3.63832e-25 -6.98811e-16 -1.20157e-25 -9.70084e-17 -9.18547e-26 -1.86982e-18  -1.7478e-26   2.9582e-18  2.55686e-27  9.03233e-19   2.1091e-27  1.62076e-19   4.9473e-28   1.9785e-20 -3.38288e-29  1.46396e-21  -2.9667e-29 -1.95712e-24  4.24202e-30 -1.88984e-23  2.92604e-30 -3.19313e-24  2.71518e-31 -3.31662e-25 -4.71686e-33 -2.43962e-26  6.73159e-33 -1.27938e-27  1.90076e-33 -4.45835e-29  1.69485e-34   -7.869e-31  1.60924e-35  6.15545e-33  1.60709e-36  5.75314e-34  6.18144e-38   6.8874e-36
-5.61455e-12  2.66918e-23  2.81974e-10 -2.63323e-22 -5.49398e-09   1.5179e-21  6.40921e-08 -6.77614e-21 -5.15805e-07  2.54172e-20  3.07031e-06  -7.8028e-20 -1.40622e-05  1.84777e-19  5.07222e-05 -3.06407e-19 -0.000145918  2.36566e-19  0.000336209    4.637e-19 -0.000617789 -2.32979e-18  0.000891488  5.59485e-18 -0.000975785 -9.72673e-18  0.000746785  1.33024e-17 -0.000303539 -1.45685e-17 -6.64332e-05  1.26112e-17  0.000158871 -8.30778e-18 -5.11591e-05    3.916e-18 -3.92107e-05 -1.29924e-18  2.78849e-05  5.34067e-19  8.66728e-06 -4.62387e-19 -9.68476e-06  3.18623e-19 -2.62818e-06 -2.45945e-19  2.70605e-06  4.04553e-19  1.06224e-06 -4.64678e-19 -5.46622e-07  2.05688e-19 -3.89115e-07  9.47163e-20  3.27912e-08 -1.55152e-19  9.85442e-08   6.5884e-20  2.45181e-08 -8.19336e-21 -1.14965e-08  -2.2327e-21 -8.88395e-09  7.59875e-21 -1.37562e-09 -7.85827e-21  9.21995e-10  1.42205e-21   5.8773e-10  1.15002e-21  1.12915e-10  1.67486e-22 -2.97003e-11 -3.72442e-22  -2.6036e-11 -1.79239e-22 -7.60407e-12  1.25056e-22 -5.33576e-13  5.48499e-23  4.73882e-13 -2.25886e-23  2.32345e-13  -1.3996e-23  5.51159e-14  1.32084e-24  5.38804e-15  2.30516e-24 -1.27728e-15  4.76808e-25 -7.22074e-16 -1.13462e-25 -1.81068e-16 -9.63442e-26 -2.82948e-17 -2.21513e-26 -2.18434e-18 -6.37344e-29  2.24544e-19  1.64289e-27  1.12902e-19  5.54523e-28  2.24122e-20  8.58379e-30  2.97821e-21 -1.85607e-29  2.78878e-22  5.12177e-30  1.63661e-23  2.72319e-30   1.2333e-25  2.78369e-31 -9.54904e-26  1.06706e-32  -1.2193e-26  7.15834e-33 -8.89688e-28  1.46297e-33 -4.32858e-29  1.18043e-34 -1.39246e-30    9.545e-36 -2.68953e-32  6.70815e-37 -2.38716e-34  1.42939e-38
-8.93098e-24 -4.96777e-11  1.49976e-22  1.44956e-09 -1.04718e-21 -2.19824e-08  5.03713e-21  2.17418e-07 -2.01488e-20 -1.54512e-06  6.92672e-20  8.31222e-06 -1.95259e-19 -3.49023e-05  4.24802e-19  0.000116449 -6.49083e-19 -0.000311459    4.637e-19  0.000668416  8.44825e-19  -0.00114198 -3.96397e-18   0.00152156  8.93179e-18  -0.00151114 -1.46274e-17  0.000998754  1.88712e-17 -0.000263982 -1.94267e-17 -0.000212911  1.56129e-17  0.000226153  -9.2729e-18 -2.02348e-05  3.68501e-18 -7.58257e-05 -9.26586e-19  2.44138e-05  4.14866e-19  2.22289e-05 -3.22898e-19 -9.16561e-06 -7.77154e-20 -7.02394e-06   2.1227e-19  2.15836e-06  1.68042e-19   2.2745e-06 -4.35845e-19 -1.56053e-07  2.09843e-19 -6.15006e-07  1.13006e-19 -1.27935e-07 -1.57806e-19  1.01135e-07  5.50669e-20  6.09406e-08 -8.62723e-21  1.37924e-09  4.27522e-21 -1.09396e-08  6.76787e-21 -4.53492e-09 -9.44097e-21 -5.23216e-11  1.23337e-21   6.6332e-10  1.69914e-21  2.85439e-10  2.41021e-22  3.53579e-11 -4.99701e-22 -1.86224e-11 -2.03969e-22 -1.15824e-11  1.47624e-22 -2.97221e-12  6.44226e-23 -1.85656e-13   -2.602e-23  1.62025e-13 -1.64312e-23  7.54931e-14  1.23928e-24  1.78116e-14  2.59413e-24  2.13511e-15  5.89984e-25 -1.48954e-16 -9.52472e-26 -1.40603e-16 -9.51483e-26 -3.77037e-17 -2.66799e-26  -6.3838e-18 -3.20117e-27 -6.90682e-19  9.68486e-28 -2.52252e-20  5.50302e-28   7.5733e-21  4.06683e-29  2.01187e-21 -8.06927e-30  2.88541e-22  5.92854e-30  2.89156e-23  2.49851e-30  2.08434e-24  2.73897e-31  1.00442e-25  2.01628e-32   2.1247e-27  6.49726e-33 -1.06102e-28  1.02115e-33 -1.16954e-29  7.30441e-35 -4.98852e-31    4.786e-36 -1.07495e-32  2.18277e-37 -8.24007e-35
 5.42266e-12 -6.87413e-23 -2.91313e-10  6.59665e-22  6.07167e-09 -3.58509e-21 -7.57976e-08  1.49756e-20  6.53249e-07 -5.46995e-20 -4.16878e-06  1.73573e-19  2.05031e-05 -4.50807e-19 -7.95963e-05  9.03589e-19  0.000247231  -1.2754e-18 -0.000617789  8.44825e-19   0.00123924  1.43316e-18  -0.00197241 -6.29121e-18   0.00242536  1.33325e-17  -0.00217194 -2.06302e-17   0.00120176  2.51876e-17 -0.000104216 -2.44253e-17 -0.000419751  1.82025e-17  0.000268136 -9.63797e-18   4.8996e-05  3.08925e-18 -0.000113239  -5.8206e-19  5.61999e-06  5.32864e-19  3.77397e-05 -3.58243e-19 -3.15321e-06 -4.37512e-19 -1.18285e-05   6.6553e-19 -2.17799e-07 -2.37069e-20  3.30325e-06 -4.52081e-19  7.25065e-07  2.23205e-19 -6.60972e-07  1.34415e-19 -3.60728e-07 -1.54532e-19  3.57854e-08  3.82599e-20  8.89162e-08 -9.48174e-21  2.54231e-08   1.2144e-20 -6.74383e-09  6.01155e-21 -7.09788e-09 -1.10323e-20 -1.83608e-09    8.849e-22  2.84315e-10  2.23758e-21  3.71366e-10  3.34537e-22  1.22072e-10 -6.19907e-22  9.10923e-12 -2.24813e-22 -8.91101e-12  1.69576e-22 -4.53839e-12  7.24526e-23 -1.07488e-12 -2.94572e-23  -7.6049e-14 -1.87112e-23  4.43861e-14  1.07144e-24  2.09271e-14  2.82527e-24  5.00137e-15  6.96517e-25  6.99339e-16 -6.49133e-26   1.8587e-17 -8.83565e-26 -1.91353e-17 -3.07781e-26 -5.96904e-18 -6.50915e-27 -1.07921e-18  1.66617e-28 -1.34006e-19  4.80027e-28 -1.06505e-20  5.72397e-29 -2.07316e-22  1.65934e-31  8.71317e-23  6.37664e-30  1.61252e-23  2.21628e-30  1.68718e-24   2.5256e-31  1.22558e-25  2.34645e-32  6.32556e-27  5.17592e-33  2.21335e-28  6.42549e-34  4.51086e-30  3.94929e-35  2.54205e-32  1.96827e-36 -6.72946e-34  4.80305e-38
 2.15442e-23  4.11948e-11 -3.58695e-22   -1.301e-09  2.41175e-21  2.13293e-08 -1.08047e-20 -2.27927e-07   4.0364e-20     1.75e-06 -1.36428e-19 -1.01765e-05  4.01446e-19  4.62449e-05  -9.6317e-19 -0.000167323  1.78304e-18  0.000486838 -2.32979e-18  -0.00114198  1.43316e-18   0.00214837  2.26658e-18  -0.00319098 -9.32357e-18   0.00361678  1.86308e-17  -0.00289359 -2.73353e-17   0.00126823  3.17031e-17  0.000212793 -2.90314e-17 -0.000661239  2.00124e-17  0.000250422 -9.25527e-18  0.000158009  2.14299e-18 -0.000135963 -3.32902e-19 -3.20164e-05  9.30632e-19  4.92226e-05 -5.75403e-19  9.75161e-06 -7.57234e-19 -1.47909e-05  1.09392e-18 -4.60469e-06 -1.50648e-19   3.3905e-06   -5.157e-19  1.96988e-06  2.38689e-19 -3.47101e-07   1.6174e-19 -5.73257e-07 -1.44779e-19 -1.09623e-07  1.58505e-20  8.20657e-08 -1.08789e-20  5.24594e-08   2.0681e-20  5.56959e-09  5.50588e-21 -6.68648e-09 -1.24382e-20 -3.67138e-09  4.11433e-22 -5.81869e-10  2.69015e-21  2.43107e-10  4.28635e-22  1.75194e-10 -7.19378e-22  4.72492e-11 -2.36455e-22  2.06292e-12   1.9019e-22 -3.47687e-12  7.81642e-23 -1.56882e-12 -3.28538e-23 -3.57077e-13 -2.07706e-23 -3.20215e-14  8.01669e-25  9.09041e-15  2.96881e-24  4.79188e-15  7.87804e-25  1.17809e-15 -2.43894e-26  1.82967e-16 -7.70027e-26  1.45994e-17 -3.41451e-26 -1.17914e-18 -9.60433e-27 -6.50996e-19 -6.62555e-28 -1.29708e-19  3.55648e-28 -1.72095e-20  5.75814e-29 -1.62569e-21  5.29309e-30 -1.01454e-22  6.28506e-30 -2.27826e-24  1.86624e-30  3.22253e-25  2.14954e-31  4.66297e-26   2.1748e-32  3.34385e-27  3.64849e-33  1.52726e-28  3.60789e-34  4.42052e-30  1.82658e-35  7.13613e-32  6.27805e-37  4.09539e-34
 -3.4108e-12  1.54921e-22  2.02815e-10 -1.46587e-21 -4.65572e-09   7.5774e-21  6.37813e-08 -2.91243e-20   -6.017e-07  9.95182e-20  4.19667e-06 -3.14102e-19 -2.25449e-05  8.59657e-19  9.56349e-05 -1.90953e-18 -0.000325064  3.27186e-18  0.000891488 -3.96397e-18  -0.00197241  2.26658e-18   0.00349168  3.34428e-18  -0.00484682 -1.29087e-17   0.00505297  2.43917e-17  -0.00356215 -3.40809e-17   0.00110168  3.77245e-17   0.00069596 -3.27205e-17 -0.000885313  2.07841e-17  0.000140239 -8.08695e-18  0.000293539   8.9776e-19 -0.000125034 -2.13959e-19 -8.58571e-05  1.59681e-18  4.86914e-05 -9.42992e-19  2.84541e-05  -1.0508e-18  -1.3092e-05  1.48725e-18   -1.021e-05 -2.03592e-19  1.78694e-06 -6.20851e-19  3.14559e-06  2.47998e-19  4.11064e-07  1.96141e-19 -6.20819e-07 -1.28203e-19 -3.02565e-07  -1.0775e-20  1.94362e-08 -1.29493e-20  6.65447e-08  2.89435e-20  2.32329e-08  5.37311e-21 -1.56375e-09 -1.34285e-20 -4.27286e-09 -1.25447e-22   -1.608e-09   2.9872e-21 -1.32463e-10  4.98079e-22  1.35462e-10 -7.88123e-22  7.20805e-11 -2.33563e-22  1.69042e-11   2.0917e-22  5.55732e-13  8.11404e-23 -1.12083e-12 -3.61232e-23 -4.74025e-13 -2.25649e-23  -1.0672e-13  4.10417e-25 -1.19708e-14  2.99516e-24  1.09168e-15  8.52512e-25  8.59981e-16  2.13057e-26  2.23222e-16 -6.29905e-26  3.71536e-17 -3.65366e-26  4.01307e-18 -1.21415e-26  1.66176e-19 -1.41777e-27 -3.62016e-20  1.99842e-28 -9.97359e-21  4.50156e-29 -1.41738e-21  7.32525e-30 -1.39792e-22   5.6455e-30 -9.95991e-24  1.47056e-30 -4.88438e-25  1.67245e-31 -1.30335e-26  1.70919e-32  1.34842e-28  2.27394e-33   2.8168e-29  1.78119e-34   1.1167e-30  6.99839e-36  1.82757e-32  1.34901e-37
-4.53298e-23 -2.01728e-11  7.56466e-22  7.31638e-10 -4.97793e-21 -1.35948e-08  2.09024e-20   1.6312e-07 -7.10621e-20   -1.397e-06   2.2598e-19   9.0207e-06 -6.69999e-19 -4.53923e-05  1.70904e-18   0.00018165 -3.52154e-18 -0.000584822  5.59485e-18   0.00152156 -6.29121e-18  -0.00319098  3.34428e-18   0.00533355  4.60355e-18  -0.00692766 -1.66933e-17   0.00662105  2.99279e-17  -0.00402627 -4.00387e-17  0.000622636  4.25524e-17   0.00131104 -3.51009e-17  -0.00102018  2.04398e-17 -8.05623e-05 -6.21816e-18   0.00042582 -5.71317e-19 -6.42633e-05 -2.21445e-19  -0.00014513  2.47567e-18  2.88193e-05 -1.40613e-18  4.85471e-05 -1.33965e-18 -4.47763e-06   1.8422e-18 -1.51372e-05 -1.84012e-19 -1.82127e-06 -7.54885e-19  3.58667e-06  2.43504e-19  1.49387e-06  2.36572e-19 -3.66733e-07 -1.04942e-19 -4.60403e-07 -3.91943e-20 -9.69591e-08  -1.5799e-20  5.05765e-08  3.58612e-20   3.8139e-08  5.65323e-21  7.70111e-09 -1.37779e-20 -2.51936e-09 -6.48615e-22 -2.17058e-09  3.07733e-21 -6.18787e-10  5.17625e-22 -1.38241e-11 -8.21162e-22  5.95288e-11 -2.12183e-22  2.62626e-11  2.26555e-22  5.64954e-12  8.14076e-23  2.35855e-13 -3.91176e-23 -2.93877e-13 -2.40544e-23 -1.22752e-13 -1.16678e-25 -2.78284e-14  2.87851e-24 -3.68704e-15   8.7685e-25 -5.93964e-17  6.43771e-26  1.08915e-16  -4.8845e-26  3.21569e-17 -3.78422e-26  5.65012e-18 -1.38775e-26  6.88648e-19 -2.01516e-27  5.48229e-20  3.98894e-29  1.41263e-21  2.52986e-29 -3.45247e-22  6.94853e-30 -6.57025e-23  4.60919e-30 -6.69654e-24  1.07289e-30 -4.66343e-25  1.18146e-31 -2.28421e-26  1.16363e-32  -7.5449e-28  1.24516e-33 -1.48056e-29   7.5686e-35 -1.15975e-31  2.09546e-36  3.07266e-34
