 2.03959e-31 -2.79962e-36 -1.51068e-29 -9.30577e-36  4.56228e-28  -6.8296e-36 -8.37919e-27  1.46039e-35  1.08058e-25 -1.96807e-35 -1.05219e-24  2.25015e-35  8.07836e-24   5.4078e-36 -5.02999e-23 -2.36351e-35  2.58918e-22  1.95331e-34 -1.11657e-21 -1.08681e-33  4.07085e-21  5.10451e-33 -1.26202e-20 -2.09186e-32  3.33663e-20  7.50716e-32 -7.52489e-20 -2.35939e-31  1.44359e-19  6.46306e-31 -2.34073e-19 -1.52419e-30  3.17067e-19  3.00802e-30 -3.51567e-19 -4.61071e-30   3.0732e-19  4.02731e-30  -1.9507e-19  4.65419e-30  6.83672e-20 -3.24848e-29  1.39153e-20  9.50415e-29 -3.24937e-20 -2.07519e-28  1.42707e-20  3.75139e-28   3.1483e-21 -5.82408e-28 -5.47883e-21  7.88461e-28  8.75761e-22 -9.35379e-28  1.25443e-21  9.69789e-28 -4.61988e-22 -8.68437e-28 -2.44251e-22  6.52964e-28  1.26177e-22 -3.83469e-28  4.90534e-23  1.32926e-28 -2.55446e-23  4.34653e-29 -1.06922e-23 -1.27162e-28  3.78693e-24  1.34883e-28   2.2387e-24 -1.01403e-28 -2.95615e-25   5.9332e-29 -3.78391e-25 -2.72696e-29 -2.74716e-26  9.43352e-30  4.25571e-26 -2.06488e-30  1.21623e-26 -2.79388e-32 -1.85429e-27  2.80535e-31 -1.61307e-27 -1.62412e-31 -2.16744e-28  6.47043e-32  7.70131e-29 -2.06102e-32  3.41265e-29  4.93931e-33  3.27027e-30 -5.58227e-34 -1.15835e-30  -1.6485e-34 -4.32388e-31  9.50472e-35 -4.75003e-32 -1.42604e-35   5.8323e-33 -3.09873e-36  2.72564e-33  1.41524e-36  3.79401e-34 -3.05776e-38  9.09351e-36 -6.01598e-38 -5.30097e-36  4.07522e-39 -9.55696e-37  2.12696e-39 -7.30369e-38 -1.99449e-40 -9.02493e-40 -4.14715e-41  3.46828e-40  3.63819e-42  3.18224e-41  3.78771e-43  1.29128e-42 -2.22971e-44  1.35095e-44 -6.49343e-46   2.2306e-46  4.05563e-51
-2.79962e-36  2.16109e-29 -1.09131e-35 -9.44721e-28 -1.73766e-35  2.17785e-26 -2.98858e-35 -3.32766e-25  3.59451e-35  3.72225e-24 -6.47233e-35 -3.22137e-23  4.56774e-35  2.23304e-22  9.19742e-35 -1.26894e-21 -6.35374e-34  6.00646e-21  3.82704e-33 -2.39466e-20 -1.95101e-32  8.10071e-20  8.66139e-32  -2.3354e-19  -3.3785e-31  5.74743e-19  1.16181e-30 -1.20608e-18 -3.52449e-30  2.14882e-18   9.4065e-30 -3.22283e-18 -2.19182e-29  4.00864e-18  4.38502e-29 -4.02714e-18 -7.25286e-29  3.10285e-18   8.9128e-29 -1.61051e-18 -4.39959e-29  2.81328e-19 -1.53293e-28    3.476e-19  6.23283e-28 -3.14743e-19 -1.47131e-27  5.83147e-20    2.712e-27  6.99296e-20 -4.19867e-27 -4.26162e-20  5.61226e-27 -6.99079e-21 -6.54698e-27  1.28719e-20  6.67328e-27  -3.6263e-22 -5.89734e-27 -3.03747e-21  4.42245e-27  2.65313e-22 -2.66856e-27  6.45522e-22  1.09156e-27 -3.73565e-23  -2.1981e-30 -1.24621e-22 -5.22595e-28 -5.00905e-24  6.06057e-28  2.00928e-23 -4.58541e-28  3.73145e-24  2.62878e-28 -2.26059e-24  -1.1655e-28 -9.20793e-25  3.84418e-29  9.06819e-26 -8.00414e-30  1.23468e-25  7.90682e-33  1.85335e-26  8.50792e-31 -7.27092e-27 -4.67531e-31 -3.30883e-27  1.84374e-31 -2.40472e-28 -6.17947e-32  1.68683e-28  1.61007e-32   5.5055e-29 -2.04801e-33  3.92065e-30 -5.43113e-34 -1.68487e-30   3.3887e-34 -5.35034e-31 -4.90098e-35 -5.54642e-32 -1.37333e-35  4.55926e-33  5.78432e-36  2.24198e-33 -1.24743e-37  3.05328e-34 -2.26487e-37  1.32123e-35  1.39239e-38 -1.98176e-36  7.18123e-39 -3.86483e-37 -5.41825e-40 -2.96956e-38 -1.30786e-40 -8.72135e-40  8.71326e-42  2.61528e-41  9.70145e-43  3.34098e-42 -4.23958e-44  7.97697e-44 -8.46379e-46  8.78004e-46
-1.51068e-29 -1.09131e-35  1.17052e-27 -2.20498e-35  -3.5681e-26 -7.24386e-36  6.61497e-25 -7.74046e-35 -8.61463e-24  6.20981e-35  8.47478e-23 -1.11927e-34 -6.57691e-22 -8.84091e-35  4.14154e-21  1.39922e-33 -2.15728e-20 -8.96426e-33  9.42018e-20  4.93077e-32 -3.48014e-19 -2.35645e-31  1.09414e-18  9.89094e-31  -2.9364e-18 -3.66861e-30  6.72965e-18  1.20638e-29 -1.31376e-17 -3.52038e-29  2.17152e-17  9.10064e-29 -3.00569e-17 -2.07321e-28  3.41772e-17  4.11607e-28 -3.08282e-17  -6.9604e-28  2.04755e-17  9.50053e-28 -7.94874e-18 -8.77446e-28 -8.05285e-19 -4.20002e-29  3.28153e-18  2.45689e-27 -1.68476e-18 -6.86002e-27 -1.91272e-19  1.31857e-26  5.85834e-19 -2.05122e-26 -1.41285e-19  2.71374e-26 -1.23167e-19 -3.11305e-26  6.14709e-20  3.11485e-26  2.17936e-20 -2.70782e-26 -1.63717e-20  2.01212e-26 -4.16571e-21 -1.22649e-26  3.42405e-21  5.44203e-27  9.60886e-22 -8.27379e-28 -5.62296e-22 -1.40997e-27 -2.26303e-22  1.87049e-27  6.09794e-23 -1.43063e-27  4.36844e-23  8.01802e-28 -7.82694e-25 -3.40429e-28 -5.79804e-24   1.0537e-28  -1.1194e-24 -2.00528e-29  3.85116e-25  -6.3625e-32  1.99831e-25  1.73149e-30  1.23917e-26 -8.58731e-31 -1.33247e-26  3.41433e-31 -4.12748e-27 -1.28012e-31 -1.24974e-28  3.82092e-32  2.08892e-28 -5.83923e-33  5.51873e-29 -1.16796e-33  3.30366e-30  8.71404e-34 -1.38117e-30 -1.29128e-34 -3.96305e-31 -4.03357e-35 -4.06665e-32  1.66221e-35  1.45368e-33 -4.25709e-37  9.97161e-34  -5.8252e-37  1.34391e-34  3.27985e-38  7.42206e-36  1.64696e-38 -2.29841e-37 -9.54147e-40 -6.92693e-38 -2.76464e-40 -4.96923e-39  1.38347e-41 -1.56545e-40  1.56517e-42 -6.88553e-43  -5.0998e-44  3.31718e-44 -4.90519e-46
-9.30577e-36 -9.44721e-28 -2.20498e-35  4.16918e-26 -2.68384e-35 -9.70161e-25  3.39796e-35  1.49695e-23 -1.46546e-34 -1.69168e-22  6.68047e-35  1.47982e-21  7.99266e-35  -1.0374e-20  -2.2134e-33  5.96512e-20  1.62866e-32 -2.85889e-19 -9.64478e-32  1.15484e-18  4.94454e-31  -3.9613e-18 -2.22069e-30  1.15904e-17   8.8109e-30 -2.89791e-17 -3.10531e-29  6.18591e-17  9.75205e-29 -1.12284e-16 -2.73159e-28  1.71926e-16  6.81574e-28  -2.1895e-16 -1.50883e-27  2.26248e-16  2.93938e-27 -1.80883e-16 -4.96074e-27  9.97793e-17  7.01942e-27 -2.25429e-17   -7.654e-27  -1.7846e-17  4.42569e-27  1.92894e-17  5.46847e-27 -4.89558e-18 -2.37947e-26 -3.72003e-18  4.96131e-26  2.86574e-18  -7.8415e-26  1.78586e-19  1.03029e-25 -8.15243e-19 -1.16272e-25  9.72327e-20   1.1408e-25  1.86824e-19 -9.73339e-26 -3.52627e-20  7.13622e-26 -3.98904e-20 -4.35026e-26  6.51036e-21  2.01409e-26  8.06463e-21 -4.68648e-27 -4.65736e-22 -2.80825e-27 -1.42081e-21  4.59407e-27 -1.30446e-22 -3.56942e-27  1.86811e-22  1.95021e-27  5.23225e-23 -7.85892e-28 -1.28715e-23  2.23537e-28 -8.78638e-24 -3.66102e-29 -6.23522e-25 -1.09538e-30   6.9668e-25  2.65465e-30  2.20199e-25 -1.05927e-30 -1.28926e-27  4.45839e-31 -1.57075e-26 -2.09293e-31 -3.69723e-27  7.58009e-32 -1.49278e-29 -1.44904e-32  1.73809e-28 -1.73876e-33  3.95676e-29  1.84898e-33   2.3178e-30 -2.95055e-34 -7.19473e-31 -9.32514e-35 -1.96833e-31   3.8644e-35 -2.03272e-32 -1.19427e-36 -6.41617e-35 -1.19009e-36  2.56551e-34  6.19235e-38  3.43355e-35  2.95252e-38  2.05245e-36 -1.21962e-39   2.2048e-38 -4.47949e-40 -4.96327e-39  1.65971e-41 -3.27733e-40  1.79667e-42 -7.01371e-42 -4.22553e-44 -4.45192e-44
 4.56228e-28 -1.73766e-35  -3.5681e-26 -2.68384e-35   1.0979e-24  -1.7151e-35 -2.05543e-23  9.98003e-35  2.70429e-22 -2.03999e-34 -2.68901e-21 -2.21095e-34  2.11036e-20  2.94706e-33 -1.34465e-19 -2.42391e-32  7.09134e-19  1.56225e-31 -3.13723e-18 -8.58897e-31   1.1751e-17    4.115e-30  -3.7489e-17 -1.73724e-29  1.02194e-16   6.5135e-29 -2.38169e-16 -2.18007e-28  4.73479e-16  6.53253e-28 -7.98397e-16 -1.75392e-27  1.13013e-15  4.21459e-27 -1.31889e-15 -9.03279e-27  1.22848e-15  1.71538e-26 -8.53779e-16 -2.85261e-26   3.6412e-16  4.06139e-26  4.41856e-18 -4.70812e-26 -1.29767e-16  3.80533e-26  7.78722e-17 -3.25502e-27  1.38847e-18 -6.22349e-26 -2.44262e-17  1.52361e-25  8.10905e-18 -2.48734e-25  4.56762e-18  3.26014e-25 -3.11778e-18 -3.62191e-25 -6.78196e-19  3.48147e-25  8.12232e-19  -2.9102e-25  1.13293e-19  2.09925e-25 -1.74123e-19 -1.27213e-25 -2.87295e-20  6.02117e-26  3.08984e-20 -1.68529e-26  8.20917e-21 -4.10336e-27 -4.04622e-21  9.56524e-27 -1.88379e-21 -7.58713e-27  2.48353e-22   4.0266e-27  2.96274e-22 -1.52285e-27  3.13665e-23  3.86305e-28 -2.60799e-23 -4.83841e-29 -9.16259e-24 -4.95282e-30  2.42415e-25  3.05626e-30  8.21147e-25 -6.20673e-31  1.80791e-25   3.5024e-31 -1.10011e-26 -2.76081e-31 -1.33058e-26    1.309e-31 -2.55631e-27 -3.21436e-32   1.6275e-29 -1.30793e-33  1.03071e-28  3.39521e-33  2.11714e-29 -6.01329e-34  1.34489e-30 -1.82744e-34 -2.38422e-31  7.67472e-35 -6.63497e-32 -2.74704e-36 -6.86507e-33 -2.05323e-36 -1.98457e-34  9.95293e-38  3.46623e-35  4.36608e-38  4.88923e-36 -1.10717e-39    2.801e-37 -5.84279e-40  6.23938e-39  1.56554e-41 -7.76075e-41  1.50118e-42 -4.63775e-42 -2.21426e-44
 -6.8296e-36  2.17785e-26 -7.24386e-36 -9.70161e-25  -1.7151e-35  2.27974e-23  7.56055e-36 -3.55373e-22  1.57127e-34  4.05919e-21  1.83413e-35 -3.59081e-20  -3.5041e-33    2.547e-19  3.07732e-32 -1.48271e-18 -2.17074e-31  7.19897e-18  1.28604e-30 -2.94811e-17  -6.5737e-30  1.02603e-16  2.94443e-29 -3.04874e-16 -1.16823e-28  7.74951e-16  4.13721e-28 -1.68391e-15 -1.31428e-27  3.11642e-15  3.75499e-27 -4.87537e-15 -9.65458e-27  6.36232e-15    2.231e-26 -6.76781e-15 -4.61835e-26  5.61755e-15  8.51513e-26 -3.28848e-15 -1.38489e-25  9.07186e-16  1.95322e-25  4.63303e-16 -2.30865e-25 -6.23444e-16  2.09639e-25  2.03238e-16 -9.89731e-26  9.95424e-17 -1.10754e-25  -1.0064e-16  3.90685e-25   3.3785e-18  -6.7584e-25  2.67956e-17  8.88724e-25  -5.8824e-18 -9.72623e-25   -5.883e-18  9.15022e-25  1.83961e-18  -7.4824e-25  1.24935e-18  5.30047e-25 -3.71157e-19 -3.18232e-25 -2.64317e-19  1.52283e-25  4.66042e-20 -4.70674e-26  5.09513e-20 -3.55814e-27 -3.87732e-22  1.75347e-26 -7.69282e-21 -1.42623e-26 -1.35234e-21  7.31784e-27  7.14238e-22 -2.56026e-27  3.11368e-22  5.52986e-28  -6.9042e-24 -3.72264e-29 -3.20764e-23 -1.40435e-29 -7.03777e-24   2.2755e-30  8.57851e-25  8.36691e-31  7.10677e-25 -9.94947e-32  1.17147e-25 -2.67534e-31 -1.18867e-26  1.97161e-31 -8.50006e-27 -6.43443e-32 -1.41235e-27  1.99354e-33  3.24294e-30  5.51027e-33  4.41382e-29 -1.09802e-33  8.47185e-30 -3.15962e-34  5.96282e-31   1.3382e-34 -4.50108e-32 -5.29177e-36 -1.46855e-32 -3.08691e-36  -1.4925e-33  1.39879e-37 -6.28455e-35  5.46857e-38  1.66332e-36 -5.26842e-40   3.3738e-37 -6.26416e-40  1.59848e-38  1.16663e-41  2.82847e-40  8.81875e-43  1.00007e-42
-8.37919e-27 -2.98858e-35  6.61497e-25  3.39796e-35 -2.05543e-23  7.56055e-36  3.88759e-22  4.80272e-35 -5.16975e-21  9.21472e-36  5.19834e-20  3.02585e-33 -4.12778e-19 -3.36891e-32  2.66261e-18  2.63511e-31 -1.42246e-17  -1.6991e-30  6.37932e-17  9.31151e-30 -2.42412e-16 -4.42742e-29  7.85269e-16  1.85364e-28 -2.17577e-15 -6.90809e-28  5.16012e-15  2.30926e-27 -1.04543e-14 -6.95794e-27  1.79982e-14  1.89423e-26  -2.6075e-14 -4.66064e-26  3.12582e-14  1.03472e-25 -3.00879e-14  -2.0658e-25  2.18822e-14  3.68846e-25 -1.01848e-14 -5.83975e-25  6.88098e-16  8.08507e-25  3.09357e-15 -9.54111e-25 -2.18287e-15  9.06351e-25  1.55155e-16 -5.74852e-25  6.11175e-16 -4.50372e-26 -2.68123e-16  8.39415e-25 -9.58281e-17 -1.60473e-24  9.39161e-17  2.13224e-24  9.32677e-18 -2.29972e-24 -2.39017e-17  2.11459e-24 -7.58633e-19 -1.68893e-24   5.2169e-18  1.17362e-24  2.97718e-19 -6.97205e-25 -9.86689e-19  3.35495e-25 -1.48504e-19 -1.10078e-25  1.47896e-19  1.94126e-27  4.54935e-20  2.90929e-26 -1.37328e-20 -2.43364e-26 -8.74205e-21  1.19979e-26 -9.82442e-23 -3.81114e-27  9.72321e-22   6.4711e-28   2.3248e-22  1.84729e-29  -3.6755e-23 -2.95951e-29 -2.86158e-23  9.23442e-32 -4.14177e-24  3.16917e-30  9.43107e-25 -9.89381e-31  4.76574e-25 -7.47222e-32  6.26393e-26   2.5243e-31 -7.56575e-27 -1.17021e-31 -4.16808e-27  1.09009e-32 -6.28067e-28  7.97934e-33 -7.45204e-30 -1.79748e-33  1.34065e-29 -4.92914e-34   2.4726e-30  2.08081e-34  1.87508e-31 -8.74432e-36 -2.54712e-33 -4.11606e-36 -1.96833e-33  1.73078e-37 -1.93366e-34  5.88762e-38 -8.53895e-36  3.79422e-40 -7.57484e-38 -5.55017e-40  7.62237e-39  6.73129e-42  2.34294e-40  3.16894e-43
 1.46039e-35 -3.32766e-25 -7.74046e-35  1.49695e-23  9.98003e-35 -3.55373e-22  4.80272e-35  5.59917e-21  1.65015e-34 -6.46741e-20  -2.1219e-33  5.78847e-19  3.04654e-32  -4.1565e-18  -2.7919e-31  2.45103e-17  1.99906e-30 -1.20629e-16 -1.18827e-29  5.01117e-16  6.03277e-29 -1.77065e-15 -2.66846e-28  5.34671e-15  1.04375e-27 -1.38266e-14 -3.65062e-27  3.06064e-14  1.15083e-26  -5.7798e-14 -3.28609e-26    9.246e-14  8.51839e-26 -1.23748e-13 -2.00452e-25  1.35621e-13  4.27306e-25 -1.16938e-13 -8.22019e-25   7.2556e-14  1.41905e-24 -2.35764e-14 -2.18065e-24 -7.36216e-15  2.94687e-24  1.33436e-14 -3.43041e-24 -5.39519e-15  3.29887e-24 -1.61455e-15 -2.33807e-24  2.32109e-15  6.14713e-25 -2.98876e-16  1.48125e-24 -5.71037e-16 -3.37671e-24  1.92924e-16  4.57269e-24  1.17306e-16 -4.85908e-24 -5.64788e-17  4.35733e-24 -2.43343e-17 -3.39272e-24   1.1978e-17  2.31137e-24  5.40058e-18 -1.35951e-24 -1.84116e-18   6.5711e-25  -1.1523e-18 -2.24449e-25  1.46608e-19  1.66245e-26  1.99636e-19  4.47089e-26  1.51958e-20 -3.84597e-26 -2.30907e-20  1.80694e-26 -6.72063e-21 -5.08246e-27  1.03414e-21  5.74057e-28  9.12406e-22  1.30584e-28  1.23984e-22 -4.89299e-29 -4.43732e-23 -2.42149e-30 -1.98487e-23   5.1817e-30 -1.93452e-24 -2.27642e-30  6.72245e-25  4.72211e-31  2.54076e-25  2.54413e-31  2.85306e-26 -1.94478e-31 -3.21367e-27  2.83662e-32 -1.56331e-27  1.03309e-32 -2.21059e-28 -2.64154e-33 -6.52837e-30  -7.0166e-34  2.73767e-30  2.91369e-34   5.0223e-31 -1.26505e-35  3.89333e-32 -4.91943e-36  7.14532e-34  1.86894e-37 -1.35354e-34  5.50066e-38  -1.2907e-35  1.28506e-39 -4.81537e-37 -4.03214e-40 -6.45372e-39  2.86076e-42  9.37596e-42
 1.08058e-25  3.59451e-35 -8.61463e-24 -1.46546e-34  2.70429e-22  1.57127e-34 -5.16975e-21  1.65015e-34  6.95198e-20  9.94561e-34 -7.07262e-19 -2.14381e-32  5.68527e-18  2.50649e-31  -3.7147e-17 -2.07907e-30  2.01152e-16  1.37031e-29 -9.15036e-16 -7.52694e-29  3.52979e-15  3.54292e-28 -1.16182e-14  -1.4577e-27  3.27428e-14  5.32282e-27 -7.90817e-14 -1.74525e-26  1.63407e-13  5.18193e-26 -2.87463e-13  -1.4007e-25   4.2662e-13  3.45462e-25 -5.25795e-13 -7.77076e-25  5.23418e-13  1.58991e-24 -3.98401e-13 -2.94566e-24  2.01286e-13  4.91187e-24 -2.82454e-14 -7.31242e-24 -5.09818e-14  9.60995e-24  4.28984e-14 -1.09524e-23 -6.72689e-15  1.04718e-23 -1.05139e-14 -7.75448e-24  6.02123e-15  3.20594e-24  1.21182e-15  1.98867e-24 -1.94635e-15 -6.36823e-24  2.23293e-17  8.87578e-24  4.81313e-16 -9.27728e-24 -3.78573e-17  8.08395e-24 -1.06186e-16  -6.1194e-24  5.82192e-18   4.0871e-24  2.12329e-17 -2.38684e-24  8.48038e-19  1.16197e-24  -3.5565e-18 -4.09575e-25  -6.5562e-19  4.49746e-26  4.18915e-19  6.50155e-26  1.69016e-19 -5.72164e-26 -1.85715e-20  2.53347e-26 -2.36826e-20 -6.09009e-27 -3.42947e-21  2.55032e-28  1.47245e-21  2.83629e-28  6.52792e-22 -6.29061e-29  4.39441e-23 -2.00527e-30 -3.47382e-23  4.31555e-30 -1.11035e-23 -3.78387e-30 -7.57171e-25  1.59483e-30  3.47954e-25  1.45116e-31  1.08494e-25 -2.96598e-31  1.11515e-26  5.63091e-32 -8.98084e-28  1.18873e-32 -4.38622e-28 -3.49314e-33 -5.93095e-29 -9.14603e-34 -2.65738e-30   3.6994e-34  3.33256e-31 -1.62842e-35  6.57667e-32 -5.30928e-36  4.91172e-33  1.71468e-37  1.48701e-34   4.4956e-38 -2.74917e-36   1.8452e-39 -3.29137e-37 -2.34139e-40 -7.28486e-39  7.95025e-43
-1.96807e-35  3.72225e-24  6.20981e-35 -1.69168e-22 -2.03999e-34  4.05919e-21  9.21472e-36 -6.46741e-20  9.94561e-34  7.55808e-19  8.01209e-33 -6.84792e-18 -1.75343e-31  4.98073e-17  1.85101e-30 -2.97691e-16 -1.41019e-29  1.48602e-15  8.58032e-29 -6.26621e-15 -4.36249e-28  2.24942e-14  1.90511e-27 -6.90759e-14  -7.2899e-27  1.81868e-13  2.48283e-26 -4.10437e-13 -7.62094e-26  7.91539e-13  2.12794e-25 -1.29593e-12 -5.43742e-25  1.78045e-12  1.27465e-24 -2.01208e-12 -2.73923e-24   1.8033e-12  5.37797e-24  -1.1847e-12 -9.59454e-24  4.42536e-13  1.54471e-23  7.12249e-14 -2.22535e-23 -2.08394e-13  2.83721e-23  1.02605e-13 -3.15009e-23  1.55133e-14  2.96167e-23 -3.87686e-14 -2.21714e-23  8.86091e-15  1.07565e-23  8.61144e-15  1.39015e-24  -4.2253e-15 -1.08853e-23 -1.57988e-15  1.57721e-23  1.18759e-15 -1.61504e-23  3.07329e-16  1.35924e-23 -2.60469e-16 -9.96032e-24 -7.23104e-17  6.52471e-24  4.50364e-17 -3.80469e-24  1.76789e-17  1.87843e-24 -5.25305e-18 -6.81886e-25 -3.58347e-18  9.04007e-26   1.2545e-19  9.13607e-26  5.03464e-19 -8.12202e-26  9.05766e-20  3.33756e-26 -3.64029e-20 -6.48321e-27 -1.77086e-20 -3.36275e-28 -8.52634e-22  4.20784e-28  1.27014e-21 -5.53182e-29  3.73803e-22  7.22233e-30  6.77565e-24 -3.10757e-30 -2.02304e-23 -5.27504e-30 -5.10983e-24  3.51838e-30 -2.71342e-25  -1.3325e-31  1.34326e-25 -4.16024e-31  3.67955e-26  9.41843e-32  3.64615e-27  1.19198e-32 -1.40592e-28 -4.17066e-33   -8.815e-29 -1.08957e-33 -1.14797e-29  4.28289e-34 -6.20753e-31 -1.88808e-35  1.60157e-32 -5.20898e-36  4.89938e-33  1.25472e-37  3.28577e-34  3.24377e-38  9.47307e-36  1.88076e-39  5.95782e-38 -1.02424e-40 -1.23766e-39
-1.05219e-24 -6.47233e-35  8.47478e-23  6.68047e-35 -2.68901e-21  1.83413e-35  5.19834e-20  -2.1219e-33 -7.07262e-19  8.01209e-33  7.28391e-18  6.34369e-32 -5.93061e-17 -1.28933e-30  3.92745e-16  1.24948e-29 -2.15699e-15 -8.78497e-29  9.95926e-15  4.94646e-28  -3.9027e-14 -2.33161e-27  1.30615e-13  9.45436e-27 -3.74693e-13 -3.36436e-26  9.22347e-13   1.0678e-25 -1.94541e-12 -3.06349e-25  3.50006e-12  8.02916e-25 -5.32588e-12 -1.93611e-24  6.75455e-12  4.30858e-24 -6.95953e-12 -8.84047e-24  5.54503e-12  1.66533e-23 -3.02783e-12  -2.8612e-23  6.29893e-13  4.44748e-23  6.16733e-13 -6.19665e-23 -6.35693e-13  7.65253e-23  1.54236e-13 -8.24925e-23  1.31783e-13  7.57124e-23 -9.97786e-14 -5.62208e-23 -7.04233e-15  2.90648e-23   2.9825e-14 -2.25215e-24 -3.69928e-15  -1.7106e-23 -7.08986e-15  2.59606e-23  1.44115e-15  -2.5839e-23  1.56574e-15  2.07948e-23 -2.89725e-16 -1.46447e-23 -3.29503e-16  9.41881e-24  2.67462e-17  -5.5393e-24   6.1122e-17  2.80686e-24  4.28819e-18 -1.05196e-24 -8.59851e-18  1.53651e-25 -2.19845e-18  1.26604e-25  6.70098e-19 -1.11246e-25  4.06353e-19  4.15255e-26  1.96318e-20 -5.86244e-27 -3.54219e-20 -1.15241e-27 -1.02846e-20  4.43428e-28  3.19968e-22  -5.9218e-30  8.10859e-22   3.3161e-29  1.76738e-22 -2.08836e-29 -2.67465e-24 -6.59005e-30 -9.14085e-24  6.38434e-30 -1.94622e-24 -6.14211e-31  -9.5917e-26 -5.36701e-31  3.82738e-26  1.38088e-31  9.67444e-27  9.87527e-33  9.45771e-28  -4.5185e-33 -1.15677e-30 -1.17878e-33 -1.17881e-29    4.546e-34  -1.4842e-30 -1.98857e-35 -8.33881e-32 -4.68177e-36   -8.918e-34  5.96703e-38   1.6108e-34  2.08929e-38   8.9271e-36  1.46441e-39  1.53435e-37 -2.88684e-41
 2.25015e-35 -3.22137e-23 -1.11927e-34  1.47982e-21 -2.21095e-34 -3.59081e-20  3.02585e-33  5.78847e-19 -2.14381e-32 -6.84792e-18  6.34369e-32  6.28447e-17  4.63778e-31 -4.63271e-16 -8.68463e-30  2.80822e-15  7.76872e-29 -1.42276e-14 -5.05674e-28  6.09403e-14  2.64094e-27 -2.22411e-13  -1.1561e-26  6.95091e-13  4.35717e-26 -1.86473e-12 -1.44216e-25  4.29402e-12  4.26208e-25 -8.46436e-12 -1.14104e-24   1.4196e-11  2.80104e-24 -2.00393e-11 -6.36039e-24  2.33731e-11  1.34158e-23 -2.17874e-11 -2.62632e-23  1.51429e-11  4.74683e-23 -6.39099e-12 -7.85689e-23 -2.47306e-13   1.1795e-22  2.50007e-12  -1.5892e-22 -1.48943e-12   1.8992e-22 -4.03147e-14 -1.98306e-22  4.93771e-13   1.7678e-22 -1.67774e-13 -1.28636e-22 -9.48579e-14  6.76664e-23  6.78377e-14 -1.18696e-23  1.38497e-14 -2.52438e-23 -1.84489e-14  4.01089e-23 -2.18864e-15 -3.82861e-23  4.14223e-15  2.89814e-23  5.74149e-16 -1.93632e-23  -7.7897e-16  1.22494e-23 -1.81758e-16 -7.39402e-24  1.11011e-16  3.91761e-24  4.59627e-17 -1.52384e-24 -8.44495e-18  2.31097e-25  -7.9184e-18  1.76078e-25 -5.92251e-19 -1.48365e-25  7.79533e-19  4.88515e-26  2.42468e-19 -3.79413e-27 -1.60765e-20 -2.07942e-27  -2.4611e-20  2.31555e-28 -4.80149e-21  1.02375e-28  4.96414e-22  8.38083e-29   4.0743e-22 -5.13013e-29  7.05656e-23 -7.78896e-30 -2.22744e-24  1.01481e-29 -3.23212e-24  -1.2838e-30 -6.08032e-25 -6.35267e-31 -3.22085e-26  1.81063e-31  7.70707e-27  5.59679e-33  1.89198e-27 -4.47971e-33  1.81685e-28 -1.14479e-33  4.38725e-30  4.45068e-34 -9.13874e-31 -1.91055e-35 -1.14454e-31 -3.89114e-36 -5.85186e-33 -5.96868e-39 -1.14981e-34  1.21131e-38   1.0018e-36  8.55424e-40   4.2173e-38
 8.07836e-24  4.56774e-35 -6.57691e-22  7.99266e-35  2.11036e-20  -3.5041e-33 -4.12778e-19  3.04654e-32  5.68527e-18 -1.75343e-31 -5.93061e-17  4.63778e-31  4.89401e-16  3.11968e-30 -3.28693e-15 -5.39605e-29  1.83212e-14  4.47099e-28 -8.59209e-14 -2.70149e-27   3.4228e-13  1.31165e-26 -1.16568e-12  -5.3425e-26  3.40656e-12  1.87391e-25 -8.55374e-12 -5.77176e-25  1.84321e-11  1.58744e-24 -3.39464e-11 -3.95936e-24  5.30125e-11  9.08168e-24 -6.92506e-11 -1.93702e-23  7.39132e-11  3.86508e-23 -6.16605e-11  -7.2126e-23  3.62598e-11  1.25089e-22 -9.86726e-12 -1.99592e-22 -5.57907e-12  2.89572e-22  7.41215e-12 -3.77383e-22 -2.46076e-12  4.36209e-22 -1.22016e-12 -4.40457e-22  1.28035e-12  3.79991e-22 -6.19559e-14 -2.68718e-22 -3.51266e-13  1.40037e-22  8.73955e-14 -3.07704e-23   7.8682e-14 -3.60991e-23 -2.84485e-14  5.90695e-23 -1.71178e-14 -5.29839e-23  6.16667e-15  3.67084e-23  3.78619e-15 -2.26914e-23  -8.9321e-16  1.41662e-23 -7.80526e-16 -9.06289e-24  4.26769e-17  5.16232e-24  1.28585e-16 -2.09676e-24  1.73359e-17  3.12989e-25 -1.36024e-17  2.48478e-25 -5.03455e-18  -1.9406e-25  3.71596e-19  5.42103e-26  5.95589e-19  1.52732e-28  1.09822e-19 -2.97388e-27 -2.18596e-20 -3.15158e-28 -1.33795e-20  2.73587e-28 -1.85432e-21  1.64331e-28  3.12829e-22 -9.34397e-29  1.64862e-22 -9.22354e-30  2.40921e-23  1.45057e-29 -7.34156e-25 -2.06886e-30   -8.835e-25 -6.85955e-31 -1.51904e-25  2.14747e-31 -9.05773e-27 -5.60368e-34  9.91496e-28 -4.12599e-33  2.58382e-28 -9.77067e-34   2.3791e-29  4.04723e-34  8.71843e-31 -1.67309e-35   -2.827e-32 -3.01984e-36 -4.32611e-33 -5.14103e-38 -1.69146e-34  6.26712e-39 -2.24838e-36  3.31348e-40
  5.4078e-36  2.23304e-22 -8.84091e-35  -1.0374e-20  2.94706e-33    2.547e-19 -3.36891e-32  -4.1565e-18  2.50649e-31  4.98073e-17 -1.28933e-30 -4.63271e-16  3.11968e-30  3.46349e-15  1.93779e-29 -2.13072e-14  -3.1057e-28  1.09641e-13  2.39013e-27 -4.77377e-13 -1.34392e-26  1.77269e-12  6.08001e-26 -5.64287e-12 -2.30886e-25  1.54379e-11   7.5489e-25 -3.63058e-11 -2.16553e-24  7.32173e-11  5.54182e-24 -1.25912e-10 -1.28585e-23  1.82801e-10  2.74874e-23 -2.20259e-10 -5.49049e-23  2.13692e-10  1.03393e-22 -1.57027e-10 -1.83719e-22   7.3929e-11  3.05806e-22 -4.78284e-12 -4.70824e-22 -2.36959e-11  6.60806e-22  1.71657e-11 -8.33464e-22 -1.44005e-12  9.31617e-22 -4.92869e-12 -9.08622e-22  2.33292e-12  7.56618e-22  7.48057e-13 -5.16957e-22 -8.39833e-13  2.62331e-22 -5.24061e-14 -6.12336e-23  2.20734e-13 -5.19717e-23 -2.64366e-15  8.43439e-23 -5.02799e-14  -6.9189e-23 -4.12257e-16  4.19132e-23  1.01141e-14 -2.26806e-23  1.00173e-15  1.40696e-23 -1.66003e-15 -1.01864e-23 -4.09723e-16  6.49644e-24  1.81994e-16  -2.7679e-24  9.21138e-17  3.82085e-25   -4.366e-18  3.56179e-25 -1.18194e-17 -2.50242e-25 -2.26138e-18  5.64525e-26  6.09065e-19  6.31504e-27  3.46179e-19 -3.71751e-27  3.74263e-20  -1.2262e-27 -1.48798e-20  4.89571e-28 -5.91389e-21  2.74106e-28 -6.13211e-22 -1.42191e-28  1.32281e-22 -1.14768e-29  5.38772e-23  1.88937e-29  7.00561e-24 -2.84425e-30  -1.0643e-25  -6.6798e-31 -1.80904e-25  2.31844e-31 -2.90772e-26 -7.78938e-33 -1.89373e-27 -3.62171e-33  5.94102e-29 -7.00664e-34  2.23366e-29  3.44507e-34  1.90232e-30 -1.32608e-35   7.2132e-32 -2.20132e-36   4.0433e-34 -6.66394e-38 -5.13972e-35  2.74856e-39 -8.94919e-37
-5.02999e-23  9.19742e-35  4.14154e-21  -2.2134e-33 -1.34465e-19  3.07732e-32  2.66261e-18  -2.7919e-31  -3.7147e-17  1.85101e-30  3.92745e-16 -8.68463e-30 -3.28693e-15  1.93779e-29  2.24043e-14  1.11532e-28 -1.26832e-13 -1.66073e-27  6.04599e-13  1.18999e-26 -2.45038e-12  -6.2411e-26  8.49876e-12  2.63688e-25 -2.53232e-11 -9.35569e-25  6.49186e-11  2.85651e-24 -1.43054e-10 -7.64136e-24  2.69956e-10  1.81989e-23 -4.33092e-10 -3.92346e-23   5.8331e-10   7.7958e-23   -6.455e-10 -1.45327e-22  5.64009e-10  2.57515e-22 -3.56154e-10 -4.35138e-22  1.18863e-10  6.95428e-22  3.66191e-11 -1.03452e-21 -6.98155e-11  1.40656e-21  2.99696e-11 -1.71836e-21  7.97325e-12  1.85741e-21 -1.31017e-11 -1.74829e-21   2.1698e-12  1.40246e-21  3.23564e-12  -9.2208e-22 -1.30169e-12  4.50389e-22  -6.5628e-13  -1.0274e-22  3.92959e-13 -7.75337e-23  1.35969e-13  1.18642e-22 -8.87925e-14 -8.63918e-23 -3.17417e-14  4.22883e-23  1.52728e-14 -1.71263e-23  7.44867e-15  1.07831e-23 -1.63934e-15 -1.04366e-23 -1.44886e-15  7.90457e-24 -1.80723e-17  -3.5342e-24  1.93647e-16  4.13544e-25   4.3586e-17   5.1428e-25 -1.22316e-17 -3.19075e-25 -7.38491e-18  5.47948e-26 -6.40435e-19  1.47831e-26    4.623e-19 -4.26852e-27  1.61893e-19 -2.41865e-27  9.13423e-21  7.06544e-28 -7.19653e-21  4.05051e-28 -2.16207e-21 -1.88707e-28 -1.80948e-22 -1.51662e-29  4.04856e-23  2.25832e-29  1.40372e-23 -3.45904e-30  1.69008e-24 -5.72771e-31    1.112e-26   2.2843e-31 -2.62294e-26 -1.50566e-32 -4.00883e-27 -3.14005e-33 -2.67306e-28 -3.71207e-34 -2.12725e-30  2.76567e-34  1.02761e-30 -9.37103e-36   7.7765e-32 -1.50027e-36  2.31606e-33 -5.58801e-38   2.0844e-35  8.75527e-40
-2.36351e-35 -1.26894e-21  1.39922e-33  5.96512e-20 -2.42391e-32 -1.48271e-18  2.63511e-31  2.45103e-17 -2.07907e-30 -2.97691e-16  1.24948e-29  2.80822e-15 -5.39605e-29 -2.13072e-14  1.11532e-28  1.33128e-13  5.96427e-28 -6.96303e-13 -8.26964e-27   3.0842e-12  5.52922e-26 -1.16626e-11  -2.7108e-25  3.78462e-11  1.07198e-24 -1.05686e-10 -3.56134e-24  2.54072e-10  1.01747e-23 -5.24722e-10 -2.54205e-23    9.262e-10  5.63799e-23  -1.3844e-09  -1.1284e-22  1.72493e-09  2.07844e-22 -1.74305e-09 -3.60175e-22  1.35358e-09   5.9839e-22 -7.04086e-10 -9.59987e-22   1.0947e-10  1.47406e-21  1.79476e-10 -2.12273e-21 -1.61168e-10    2.801e-21  3.04659e-11 -3.31789e-21  3.89156e-11  3.46845e-21 -2.53125e-11  -3.1483e-21 -3.60754e-12  2.42958e-21  8.25099e-12 -1.53336e-21 -5.87186e-13   7.1582e-22 -2.07704e-12 -1.51056e-22  3.12899e-13  -1.1987e-22  4.74757e-13  1.66207e-22 -6.37661e-14 -1.04912e-22 -1.01243e-13   3.5838e-23  3.74826e-15 -3.95601e-24  1.87157e-14  3.27241e-24  2.05553e-15 -9.60551e-24 -2.56965e-15  9.41693e-24 -7.78366e-16 -4.39164e-24  1.79785e-16   3.7728e-25  1.33531e-16  7.37744e-25  1.09761e-17 -4.02493e-25 -1.06924e-17  4.92695e-26 -3.59395e-18  2.52304e-26  -2.8248e-20 -4.68842e-27  2.49353e-19  -3.6872e-27  6.27959e-20  8.61065e-28  1.38487e-21  5.42356e-28 -2.66287e-21 -2.22458e-28 -6.55447e-22 -2.06783e-29 -4.88875e-23  2.48512e-29  8.92523e-24 -3.77437e-30  2.83278e-24 -4.08002e-31  3.22256e-25   2.0513e-31  8.56681e-27 -2.13879e-32 -2.43721e-27 -2.78139e-33 -3.64325e-28 -5.74598e-35 -2.29252e-29  2.10457e-34 -5.20786e-31 -5.74961e-36  1.63891e-32 -9.35891e-37  1.11655e-33 -3.31323e-38   1.3598e-35
 2.58918e-22 -6.35374e-34 -2.15728e-20  1.62866e-32  7.09134e-19 -2.17074e-31 -1.42246e-17  1.99906e-30  2.01152e-16 -1.41019e-29 -2.15699e-15  7.76872e-29  1.83212e-14  -3.1057e-28 -1.26832e-13  5.96427e-28    7.298e-13   2.9697e-27 -3.53903e-12 -3.84174e-26   1.4605e-11  2.40163e-25 -5.16335e-11 -1.10296e-24  1.57007e-10  4.09112e-24 -4.11338e-10 -1.27542e-23  9.27839e-10  3.41684e-23 -1.79595e-09 -7.98735e-23   2.9631e-09  1.65141e-22 -4.11906e-09 -3.06696e-22  4.73043e-09  5.22316e-22 -4.33089e-09 -8.37626e-22  2.92993e-09  1.29896e-21 -1.15384e-09 -1.97462e-21 -1.45343e-10  2.91637e-21  5.39511e-10 -4.07624e-21 -2.91838e-10  5.23239e-21 -2.78687e-11 -6.01676e-21  1.08737e-10  6.08287e-21 -3.16366e-11 -5.32028e-21 -2.32184e-11  3.94582e-21  1.43924e-11 -2.38865e-21  3.87061e-12  1.06325e-21 -4.14017e-12 -1.99939e-22 -6.85717e-13 -1.86811e-22  9.60811e-13  2.32545e-22  1.73372e-13 -1.26395e-22 -1.83466e-13  2.14425e-23 -5.07551e-14  1.83722e-23   2.5904e-14 -9.14406e-24  1.23012e-14 -7.66811e-24 -1.75711e-15  1.11073e-23 -2.06233e-15 -5.33142e-24 -2.11721e-16  2.43517e-25  1.93621e-16   1.0367e-24  6.79318e-17  -5.0138e-25 -2.14702e-18  4.10633e-26 -6.37564e-18  3.68116e-26 -1.41446e-18 -5.13124e-27  8.38014e-20 -4.74008e-27  1.04713e-19  8.86037e-28  2.05873e-20  6.67808e-28  7.23222e-23  -2.3435e-28 -7.65839e-22 -2.79534e-29 -1.62813e-22  2.51779e-29 -1.18111e-23 -3.70117e-30  1.33445e-24 -1.96547e-31  4.22298e-25  1.66745e-31  4.53823e-26  -2.6082e-32  1.79639e-27 -2.54168e-33 -1.16319e-28   1.8117e-34 -1.90129e-29  1.51774e-34 -1.01421e-30 -2.91962e-36 -2.20731e-32 -5.12376e-37 -4.78444e-35 -1.26271e-38
 1.95331e-34  6.00646e-21 -8.96426e-33 -2.85889e-19  1.56225e-31  7.19897e-18  -1.6991e-30 -1.20629e-16  1.37031e-29  1.48602e-15 -8.78497e-29 -1.42276e-14  4.47099e-28  1.09641e-13 -1.66073e-27 -6.96303e-13   2.9697e-27  3.70479e-12  1.37923e-26 -1.67087e-11 -1.66768e-25  6.43973e-11  9.76566e-25 -2.13235e-10  -4.2094e-24  6.08394e-10  1.46753e-23 -1.49665e-09 -4.30237e-23  3.16874e-09  1.08311e-22 -5.74723e-09 -2.37367e-22  8.85393e-09  4.58117e-22 -1.14199e-08 -7.89443e-22  1.20291e-08  1.23998e-21 -9.86907e-09 -1.83081e-21  5.63017e-09  2.63535e-21 -1.33852e-09 -3.78694e-21 -1.07834e-09  5.38971e-21  1.25364e-09 -7.33913e-21 -3.69172e-10  9.19209e-21 -2.39882e-10 -1.02739e-20  2.21339e-10  1.00417e-20  -1.3792e-12 -8.45353e-21 -6.52384e-11  6.02149e-21  1.38812e-11 -3.50083e-21  1.54129e-11  1.49162e-21 -4.95085e-12 -2.46905e-22 -3.47308e-12  -2.8319e-22  1.11257e-12  3.23386e-22     7.82e-13 -1.53966e-22 -1.59967e-13 -7.72462e-25 -1.62507e-13  5.05627e-23  5.04736e-15 -2.66383e-23  2.67973e-14  -4.8011e-24  4.21369e-15  1.30686e-23 -2.77942e-15 -6.33402e-24 -1.12909e-15 -8.96844e-27  5.47185e-17  1.41096e-24  1.28638e-16 -6.14621e-25  2.64094e-17  3.25309e-26 -4.06323e-18  4.82168e-26 -2.94227e-18 -5.79576e-27 -4.62491e-19 -5.27766e-27  5.39519e-20  7.32742e-28  3.52711e-20   7.6479e-28  5.75289e-21 -2.19771e-28  4.43011e-25 -3.64246e-29 -1.69144e-22  2.34048e-29 -3.22222e-23 -3.22553e-30  -2.3691e-24  2.92582e-32  1.13187e-25  1.20598e-31  4.32256e-26 -2.87746e-32  4.31507e-27 -2.34353e-33  1.88981e-28  3.12565e-34 -6.71895e-31  1.02905e-34 -4.40419e-31 -1.10613e-36 -1.63291e-32 -2.28917e-37 -1.51396e-34
-1.11657e-21  3.82704e-33  9.42018e-20 -9.64478e-32 -3.13723e-18  1.28604e-30  6.37932e-17 -1.18827e-29 -9.15036e-16  8.58032e-29  9.95926e-15 -5.05674e-28 -8.59209e-14  2.39013e-27  6.04599e-13 -8.26964e-27 -3.53903e-12  1.37923e-26   1.7474e-11  5.98425e-26 -7.34956e-11 -6.77424e-25  2.65103e-10  3.72236e-24 -8.23498e-10  -1.5087e-23  2.20709e-09  4.95324e-23 -5.10161e-09 -1.36837e-22    1.014e-08  3.24401e-22 -1.72247e-08 -6.67865e-22  2.47415e-08  1.20516e-21 -2.95172e-08 -1.92757e-21  2.83311e-08  2.78577e-21 -2.04966e-08 -3.76466e-21  9.28777e-09  4.99414e-21 -1.37814e-10 -6.76354e-21 -3.44236e-09  9.30505e-21  2.33445e-09 -1.24107e-20 -1.06197e-10  1.52249e-20 -7.36449e-10 -1.65587e-20  3.22682e-10  1.56319e-20  1.24343e-10 -1.26443e-20 -1.25187e-10  8.64678e-21 -1.15508e-11 -4.84748e-21  3.44786e-11  2.00193e-21  3.36106e-13 -3.02933e-22 -8.12548e-12 -4.05756e-22 -2.13822e-13  4.43104e-22  1.67683e-12 -1.91876e-22  1.94169e-13 -2.94091e-23 -2.80187e-13  9.23146e-23 -7.45106e-14 -4.87806e-23  3.07513e-14 -1.35699e-24  1.66343e-14  1.53718e-23 -5.53345e-16 -7.36364e-24 -2.12289e-15 -3.84026e-25 -4.37218e-16  1.84565e-24  1.03374e-16  -7.3836e-25  6.41784e-17  2.67753e-26  7.82385e-18  5.79165e-26  -2.5328e-18 -6.85676e-27 -1.10019e-18 -5.09079e-27 -1.29303e-19  3.91235e-28  2.03162e-20   8.2311e-28  9.56877e-21 -1.80349e-28  1.36108e-21 -4.51464e-29  1.16987e-23  1.97964e-29 -2.76923e-23 -2.41399e-30 -4.85253e-24  2.35788e-31 -3.58564e-25  7.43463e-32  1.23738e-27 -2.93829e-32  2.69762e-27 -2.10166e-33  2.43484e-28  3.38345e-34   9.5872e-30  6.44831e-35   1.1254e-31 -2.13912e-37  -2.2372e-33 -7.13296e-38
-1.08681e-33 -2.39466e-20  4.93077e-32  1.15484e-18 -8.58897e-31 -2.94811e-17  9.31151e-30  5.01117e-16 -7.52694e-29 -6.26621e-15  4.94646e-28  6.09403e-14 -2.70149e-27 -4.77377e-13  1.18999e-26   3.0842e-12 -3.84174e-26 -1.67087e-11  5.98425e-26  7.68006e-11  2.42914e-25 -3.01988e-10 -2.57841e-24  1.02139e-09  1.33165e-23 -2.98064e-09 -5.08377e-23  7.51137e-09  1.57465e-22 -1.63221e-08 -4.10705e-22  3.04547e-08  9.18762e-22 -4.84137e-08 -1.78057e-21  6.47139e-08  3.00937e-21 -7.11202e-08 -4.47017e-21   6.1641e-08  5.93075e-21 -3.83486e-08 -7.28485e-21  1.20535e-08  8.82197e-21  4.91802e-09 -1.12169e-20 -8.15965e-09  1.49962e-20  3.31912e-09  -1.9746e-20  1.08377e-09  2.38399e-20 -1.58741e-09 -2.52508e-20  2.31336e-10   2.2977e-20  4.15089e-10 -1.78078e-20 -1.59532e-10  1.16896e-20 -8.80519e-11 -6.36909e-21  5.08219e-11  2.61126e-21  1.88153e-11 -4.03392e-22 -1.19367e-11 -5.38735e-22 -4.48275e-12  5.93112e-22  2.11841e-12 -2.44589e-22  1.07313e-12 -6.21366e-23 -2.32082e-13  1.42265e-22 -2.13281e-13 -7.44991e-23 -3.59642e-15  2.19427e-24   2.9023e-14  1.80211e-23  6.74655e-15 -8.36628e-24 -1.82701e-15 -8.61887e-25 -1.14591e-15  2.31024e-24 -1.07721e-16 -8.65902e-25   7.0306e-17  2.68699e-26  2.56563e-17  6.45465e-26  1.70149e-18 -8.40103e-27 -1.07078e-18 -4.14256e-27 -3.39662e-19  -9.9358e-29 -3.19252e-20  8.41696e-28  5.32289e-21 -1.23666e-28  2.06204e-21 -5.30494e-29  2.65368e-22  1.49835e-29  6.08054e-24 -1.39729e-30 -3.14804e-24  3.95832e-31 -5.19622e-25  3.41507e-32 -3.69265e-26 -2.80251e-32 -7.18965e-28  -1.7771e-33  8.14413e-29  2.87428e-34  6.52507e-30  3.63407e-35  1.74183e-31   6.2988e-38  1.16671e-33
 4.07085e-21 -1.95101e-32 -3.48014e-19  4.94454e-31   1.1751e-17  -6.5737e-30 -2.42412e-16  6.03277e-29  3.52979e-15 -4.36249e-28  -3.9027e-14  2.64094e-27   3.4228e-13 -1.34392e-26 -2.45038e-12  5.52922e-26   1.4605e-11 -1.66768e-25 -7.34956e-11  2.42914e-25  3.15371e-10  9.23748e-25 -1.16186e-09 -9.20735e-24  3.69095e-09  4.47632e-23 -1.01313e-08 -1.61224e-22  2.40257e-08  4.71927e-22 -4.90957e-08 -1.16423e-21  8.59708e-08  2.46235e-21 -1.27755e-07  -4.5012e-21  1.58507e-07  7.13824e-21 -1.59598e-07 -9.85519e-21  1.23306e-07   1.1976e-20 -6.31858e-08 -1.32579e-20  8.28381e-09  1.44629e-20  1.80564e-08 -1.71747e-20 -1.55936e-08  2.25202e-20  2.69551e-09 -2.96205e-20  4.04166e-09  3.54043e-20 -2.56048e-09 -3.65208e-20  -4.1338e-10  3.19133e-20  8.78231e-10 -2.35915e-20  -5.7873e-11  1.48673e-20 -2.29578e-10 -7.97981e-21  3.47433e-11  3.36909e-21  5.42036e-11 -6.14978e-22 -7.51521e-12 -6.52699e-22 -1.19348e-11  7.70818e-22  5.01745e-13 -3.15393e-22  2.28194e-12 -9.62776e-23  2.42806e-13  1.97982e-22 -3.24458e-13 -1.02079e-22 -9.76368e-14  5.33778e-24  2.36068e-14  2.09247e-23  1.73295e-14 -9.27443e-24  1.40615e-15 -1.39835e-24 -1.41591e-15    2.762e-24  -4.7854e-16  -9.8846e-25 -4.92764e-18  3.49909e-26  3.30812e-17  6.73044e-26  8.48855e-18 -1.03933e-26  2.46229e-19 -2.59943e-27 -3.41536e-19  -6.5602e-28 -8.67917e-20   8.2797e-28   -7.101e-21 -6.10442e-29  9.80917e-22 -5.91979e-29  3.42106e-22  9.80487e-30  4.05885e-23 -3.37915e-31  1.47233e-24  4.93664e-31 -2.19582e-25  3.69312e-33 -3.57824e-26 -2.49874e-32 -2.27512e-27 -1.39054e-33 -5.84993e-29  2.00897e-34  5.38001e-31  1.76793e-35  4.81842e-32   6.1719e-38
 5.10451e-33  8.10071e-20 -2.35645e-31  -3.9613e-18    4.115e-30  1.02603e-16 -4.42742e-29 -1.77065e-15  3.54292e-28  2.24942e-14 -2.33161e-27 -2.22411e-13  1.31165e-26  1.77269e-12  -6.2411e-26 -1.16626e-11  2.40163e-25  6.43973e-11 -6.77424e-25 -3.01988e-10  9.23748e-25  1.21279e-09  3.29513e-24 -4.19456e-09 -3.08842e-23  1.25345e-08  1.41546e-22 -3.23977e-08 -4.81694e-22   7.2344e-08  1.33461e-21 -1.39041e-07 -3.11946e-21  2.28375e-07  6.24917e-21 -3.16751e-07 -1.07959e-20  3.63555e-07  1.60937e-20 -3.32912e-07 -2.06699e-20  2.24878e-07  2.29499e-20 -8.70887e-08 -2.26522e-20 -1.42222e-08  2.18211e-20  4.45993e-08 -2.40135e-20 -2.38576e-08  3.14082e-20 -2.66617e-09  -4.2009e-20  9.40238e-09  5.00641e-20 -2.74636e-09 -5.02289e-20 -2.07978e-09  4.18846e-20   1.3159e-09 -2.93172e-20  3.51744e-10  1.77482e-20  -3.9372e-10 -9.59079e-21 -6.20162e-11  4.36847e-21  9.49331e-11 -1.03249e-21    1.606e-11 -7.08845e-22 -1.89048e-11  9.69407e-22 -4.97711e-12 -4.04733e-22  2.80968e-12 -1.29426e-22  1.27697e-12  2.55965e-22 -2.10633e-13 -1.29222e-22 -2.25148e-13  7.58583e-24  -2.0768e-14  2.38958e-23  2.21908e-14 -1.00193e-23  7.54423e-15 -1.93061e-24 -3.10536e-16  3.15337e-24 -7.35407e-16 -1.09667e-24 -1.60653e-16  5.17963e-26  1.00169e-17  6.62079e-26  1.20316e-17 -1.26848e-26  2.36955e-18 -7.94711e-28  1.83979e-20 -1.17224e-27  -8.4101e-20  7.94086e-28 -1.81206e-20 -4.29456e-30 -1.39461e-21 -6.29439e-29  1.18906e-22  5.09661e-30   4.1488e-23  6.08566e-31  4.53448e-24  5.26606e-31  1.99526e-25  -1.5881e-32 -6.78918e-27 -2.07302e-32 -1.34442e-27 -9.97694e-34 -6.79929e-29   1.1555e-34 -1.32911e-30   6.9344e-36 -4.25189e-33
-1.26202e-20  8.66139e-32  1.09414e-18 -2.22069e-30  -3.7489e-17  2.94443e-29  7.85269e-16 -2.66846e-28 -1.16182e-14  1.90511e-27  1.30615e-13  -1.1561e-26 -1.16568e-12  6.08001e-26  8.49876e-12  -2.7108e-25 -5.16335e-11  9.76566e-25  2.65103e-10 -2.57841e-24 -1.16186e-09  3.29513e-24  4.37701e-09  1.10394e-23  -1.4237e-08  -9.7422e-23   4.0074e-08  4.21482e-22 -9.76235e-08 -1.35716e-21  2.05368e-07  3.56454e-21 -3.71208e-07 -7.90653e-21   5.7144e-07  1.50285e-20 -7.38228e-07 -2.45817e-20  7.80363e-07  3.45067e-20 -6.43238e-07 -4.12647e-20  3.68164e-07  4.17433e-20 -8.54752e-08 -3.62071e-20 -7.60893e-08  2.98037e-20  8.77844e-08 -2.99888e-20  -2.6128e-08  4.04485e-20 -1.74091e-08   -5.656e-20  1.64529e-08  6.77488e-20 -2.47456e-10 -6.58806e-20 -5.00132e-09  5.18911e-20  1.16141e-09  -3.3984e-20   1.2094e-09  1.97945e-20 -4.27639e-10 -1.11413e-20 -2.79414e-10  5.74284e-21   1.0109e-10  -1.7612e-21  6.52904e-11 -6.68875e-22 -1.58297e-11  1.17822e-21 -1.42593e-11 -5.08632e-22  8.35583e-13 -1.59868e-22  2.49057e-12  3.11721e-22  3.39928e-13 -1.53225e-22 -2.77315e-13  8.54154e-24 -1.04758e-13  2.66902e-23  7.58302e-15 -1.05475e-23  1.27775e-14 -2.38847e-24  2.46555e-15  3.44088e-24 -4.46308e-16 -1.18245e-24 -2.94317e-16  7.62927e-26 -4.44711e-17  6.21151e-26  5.68956e-18 -1.50551e-26  3.50023e-18  8.66469e-28  5.62969e-19 -1.54731e-27  1.05204e-21  7.51534e-28 -1.58152e-20  3.73556e-29 -3.00018e-21 -6.39495e-29 -2.26081e-22  1.49394e-30  7.49536e-24    1.327e-30  3.38997e-24  5.03386e-31  3.35037e-25  -2.5423e-32  1.47826e-26  -1.5869e-32  6.65154e-29 -6.52873e-34  -1.9752e-29  5.30555e-35 -5.94166e-31  1.88047e-36
-2.09186e-32  -2.3354e-19  9.89094e-31  1.15904e-17 -1.73724e-29 -3.04874e-16  1.85364e-28  5.34671e-15  -1.4577e-27 -6.90759e-14  9.45436e-27  6.95091e-13  -5.3425e-26 -5.64287e-12  2.63688e-25  3.78462e-11 -1.10296e-24 -2.13235e-10  3.72236e-24  1.02139e-09 -9.20735e-24 -4.19456e-09  1.10394e-23  1.48536e-08  3.47757e-23 -4.55111e-08 -2.89312e-22  1.20811e-07  1.18304e-21 -2.77603e-07 -3.60916e-21  5.50342e-07  8.99879e-21 -9.35288e-07 -1.89709e-20  1.34785e-06  3.42708e-20 -1.61748e-06 -5.31672e-20  1.56539e-06  7.03984e-20 -1.14429e-06 -7.84477e-20  5.24336e-07  7.20506e-20 -5.88064e-09 -5.37925e-20 -2.03838e-07  3.55543e-20  1.41616e-07 -3.17655e-20 -7.94528e-09  4.76257e-20 -4.57999e-08 -7.27477e-20  2.13514e-08  8.82963e-20  7.60001e-09 -8.26647e-20 -8.48689e-09  6.05262e-20 -5.44579e-10 -3.63537e-20  2.40471e-09  2.04512e-20 -5.47898e-11 -1.26284e-20 -5.87161e-10  7.64179e-21  5.15196e-12 -2.88519e-21  1.27043e-10 -5.08019e-22  1.03365e-11  1.38316e-21 -2.26023e-11 -6.17708e-22 -5.19749e-12 -1.86642e-22  2.72767e-12  3.60039e-22  1.30384e-12 -1.71322e-22 -9.09483e-14  7.94846e-24 -1.81499e-13    2.907e-23 -3.31524e-14 -1.08338e-23  1.00728e-14 -2.70759e-24  5.50695e-15  3.59257e-24  5.88755e-16 -1.24054e-24 -2.38513e-16  1.06189e-25 -9.53023e-17  5.64894e-26 -1.04419e-17 -1.72639e-26  1.87596e-18  2.02899e-27  8.18691e-19 -1.71459e-27  1.13112e-19   7.0635e-28  9.56357e-22  5.91444e-29   -2.189e-21 -6.21407e-29 -3.74867e-22 -6.96262e-31  -2.7489e-23  1.76163e-30 -8.21341e-26  4.40254e-31  1.62867e-25  -2.7043e-32  1.40817e-26 -1.10805e-32  5.11491e-28 -3.86074e-34   5.9362e-30  1.80625e-35 -3.55564e-32
