 0.000872667 -3.07985e-19  -0.00391066  2.35274e-18   0.00487088 -4.42426e-18  -0.00143881   3.2748e-18  -0.00108485 -5.83649e-19  0.000405863 -4.07572e-19  0.000238997   2.0215e-19 -3.63341e-05 -2.19016e-20 -2.95402e-05 -2.31289e-21 -1.56689e-06 -4.87297e-22  4.07372e-07
-3.07985e-19   0.00609975 -1.51798e-18   -0.0143187  7.84059e-18    0.0112212 -1.09818e-17 -3.24787e-05  5.56964e-18  -0.00324216  5.76585e-20  9.74089e-05 -9.15807e-19  0.000633194  2.56435e-19  5.37144e-05   1.3562e-20 -4.97154e-05 -9.53479e-21 -7.36068e-06 -9.10361e-22
 -0.00391066 -1.51798e-18    0.0197985 -4.21957e-18   -0.0296515  1.62975e-17    0.0140148  -1.7124e-17   0.00515878  5.48217e-18  -0.00482579  1.30376e-18  -0.00116294 -1.28063e-18  0.000828338  2.67712e-19  0.000238931   6.0625e-20 -3.19704e-05 -1.20404e-20 -7.79681e-06
 2.35274e-18   -0.0143187 -4.21957e-18    0.0399971   -8.358e-18   -0.0416786  2.51211e-17   0.00943045 -1.97565e-17    0.0117088  3.91247e-18  -0.00428076  1.82939e-18   -0.0027793 -1.46952e-18  0.000578981  2.93844e-19  0.000383057  8.76769e-20  1.01681e-05 -5.06451e-21
  0.00487088  7.84059e-18   -0.0296515   -8.358e-18    0.0573346 -1.28872e-17   -0.0437374  3.01496e-17 -0.000361831 -1.80672e-17    0.0162002  3.30418e-18  -0.00173689  1.16227e-18  -0.00390996 -1.59857e-18  -1.4415e-05  2.71731e-19   0.00037574  8.03365e-20  3.14299e-05
-4.42426e-18    0.0112212  1.62975e-17   -0.0416786 -1.28872e-17     0.063904 -1.56007e-17   -0.0370517  2.76111e-17   -0.0103419  -1.3618e-17    0.0173684  4.68698e-18   0.00161011  9.55739e-20  -0.00414432 -1.65775e-18 -0.000656924  1.47833e-19  0.000223053  4.42706e-20
 -0.00143881 -1.09818e-17    0.0140148  2.51211e-17   -0.0437374 -1.56007e-17     0.060415 -1.40311e-17   -0.0275186  1.71539e-17   -0.0175349  -8.8542e-18     0.016028  6.93659e-18   0.00473095 -3.88605e-19  -0.00352112 -1.51229e-18  -0.00105993  1.10344e-21  4.30054e-05
  3.2748e-18 -3.24787e-05  -1.7124e-17   0.00943045  3.01496e-17   -0.0370517 -1.40311e-17     0.053025 -7.62405e-18   -0.0194849  2.94947e-18   -0.0219031   -5.624e-18    0.0134031   8.3866e-18   0.00715527 -7.61875e-20  -0.00227041  -1.0615e-18  -0.00103462 -4.24498e-20
 -0.00108485  5.56964e-18   0.00515878 -1.97565e-17 -0.000361831  2.76111e-17   -0.0275186 -7.62405e-18    0.0466298  1.24557e-18   -0.0139296 -9.21868e-18    -0.024569 -4.44332e-18    0.0101973  8.21769e-18   0.00871787  5.95083e-19 -0.000703269 -3.60103e-19 -0.000588063
-5.83649e-19  -0.00324216  5.48217e-18    0.0117088 -1.80672e-17   -0.0103419  1.71539e-17   -0.0194849  1.24557e-18    0.0426754  9.06459e-18   -0.0101318 -1.59166e-17   -0.0264725 -4.61689e-18    0.0065833  6.48557e-18   0.00923156  1.23936e-18  0.000682371  2.60885e-19
 0.000405863  5.76585e-20  -0.00482579  3.91247e-18    0.0162002  -1.3618e-17   -0.0175349  2.94947e-18   -0.0139296  9.06459e-18    0.0407625  1.36729e-17  -0.00722892 -1.71283e-17   -0.0281102 -5.21506e-18   0.00243192   3.6892e-18   0.00830092  1.75509e-18   0.00113804
-4.07572e-19  9.74089e-05  1.30376e-18  -0.00428076  3.30418e-18    0.0173684  -8.8542e-18   -0.0219031 -9.21868e-18   -0.0101318  1.36729e-17    0.0402967  1.48917e-17  -0.00462463 -1.46816e-17    -0.029659 -6.23258e-18  -0.00246048  7.50243e-19   0.00554459   1.7545e-18
 0.000238997 -9.15807e-19  -0.00116294  1.82939e-18  -0.00173689  4.68698e-18     0.016028   -5.624e-18    -0.024569 -1.59166e-17  -0.00722892  1.48917e-17    0.0410109  1.38237e-17  -0.00184201 -1.07762e-17   -0.0309433 -8.38745e-18  -0.00776728 -1.06383e-18   0.00176803
  2.0215e-19  0.000633194 -1.28063e-18   -0.0027793  1.16227e-18   0.00161011  6.93659e-18    0.0134031 -4.44332e-18   -0.0264725 -1.71283e-17  -0.00462463  1.38237e-17    0.0429668  1.24797e-17   0.00178956 -7.38839e-18   -0.0308432 -1.09344e-17    -0.011254 -1.05634e-18
-3.63341e-05  2.56435e-19  0.000828338 -1.46952e-18  -0.00390996  9.55739e-20   0.00473095   8.3866e-18    0.0101973 -4.61689e-18   -0.0281102 -1.46816e-17  -0.00184201  1.24797e-17    0.0466254  1.35674e-17   0.00778716 -4.87677e-18   -0.0262278 -1.03361e-17  -0.00896044
-2.19016e-20  5.37144e-05  2.67712e-19  0.000578981 -1.59857e-18  -0.00414432 -3.88605e-19   0.00715527  8.21769e-18    0.0065833 -5.21506e-18    -0.029659 -1.07762e-17   0.00178956  1.35674e-17     0.053324  1.97269e-17    0.0191673 -3.74351e-19   -0.0137762 -4.68781e-18
-2.95402e-05   1.3562e-20  0.000238931  2.93844e-19  -1.4415e-05 -1.65775e-18  -0.00352112 -7.61875e-20   0.00871787  6.48557e-18   0.00243192 -6.23258e-18   -0.0309433 -7.38839e-18   0.00778716  1.97269e-17    0.0656527  3.18087e-17    0.0372427  7.76349e-18   0.00110365
-2.31289e-21 -4.97154e-05   6.0625e-20  0.000383057  2.71731e-19 -0.000656924 -1.51229e-18  -0.00227041  5.95083e-19   0.00923156   3.6892e-18  -0.00246048 -8.38745e-18   -0.0308432 -4.87677e-18    0.0191673  3.18087e-17    0.0836728  4.43232e-17    0.0512483  1.16035e-17
-1.56689e-06 -9.53479e-21 -3.19704e-05  8.76769e-20   0.00037574  1.47833e-19  -0.00105993  -1.0615e-18 -0.000703269  1.23936e-18   0.00830092  7.50243e-19  -0.00776728 -1.09344e-17   -0.0262278 -3.74351e-19    0.0372427  4.43232e-17     0.094091  4.33539e-17    0.0398658
-4.87297e-22 -7.36068e-06 -1.20404e-20  1.01681e-05  8.03365e-20  0.000223053  1.10344e-21  -0.00103462 -3.60103e-19  0.000682371  1.75509e-18   0.00554459 -1.06383e-18    -0.011254 -1.03361e-17   -0.0137762  7.76349e-18    0.0512483  4.33539e-17    0.0733729  2.29634e-17
 4.07372e-07 -9.10361e-22 -7.79681e-06 -5.06451e-21  3.14299e-05  4.42706e-20  4.30054e-05 -4.24498e-20 -0.000588063  2.60885e-19   0.00113804   1.7545e-18   0.00176803 -1.05634e-18  -0.00896044 -4.68781e-18   0.00110365  1.16035e-17    0.0398658  2.29634e-17    0.0274728
