 6.08182e-07  3.45284e-22 -7.82277e-06 -3.98736e-21  3.84006e-05  1.49195e-20 -0.000108631 -3.25769e-20  0.000197046  4.77445e-20 -0.000229644 -5.03985e-20  0.000148286  3.83726e-20 -2.22125e-06 -2.11692e-20 -8.64062e-05  8.64742e-21  6.92937e-05 -6.52622e-21 -1.68972e-05
 3.45284e-22    1.123e-05  2.06652e-21 -8.09469e-05 -1.53714e-20  0.000295186  4.53444e-20 -0.000664905 -7.88293e-20  0.000971444  1.00303e-19 -0.000870339 -9.68621e-20  0.000314838  7.45802e-20  0.000255688 -4.31832e-20 -0.000394371  2.81868e-20  0.000184062 -3.41775e-20
-7.82277e-06  2.06652e-21   0.00010088  5.92628e-21 -0.000496216 -3.67112e-20   0.00140544  8.39639e-20  -0.00254839 -1.26279e-19   0.00295732  1.59808e-19  -0.00187174 -1.72777e-19 -5.49906e-05   1.5717e-19   0.00120693  -1.1208e-19 -0.000949659   1.1064e-19  0.000230817
-3.98736e-21 -8.09469e-05  5.92628e-21  0.000584707  1.40907e-20   -0.0021355  -6.9155e-20   0.00481283  1.17368e-19  -0.00702085 -1.85174e-19   0.00624124  2.62633e-19  -0.00213908 -3.17306e-19  -0.00204289  2.44513e-19   0.00300995 -1.74181e-19  -0.00139522  2.11394e-19
 3.84006e-05 -1.53714e-20 -0.000496216  1.40907e-20    0.0024448   2.8679e-20  -0.00693148 -7.56425e-20    0.0125672   1.2695e-19    -0.014543 -2.89988e-19   0.00907828  5.40425e-19  0.000549377 -7.13304e-19  -0.00624788  6.62357e-19   0.00485794 -7.28075e-19  -0.00117749
 1.49195e-20  0.000295186 -3.67112e-20   -0.0021355   2.8679e-20   0.00780845  2.19847e-20   -0.0176089  6.42401e-22     0.025676  1.22857e-19   -0.0227462 -4.19019e-19   0.00759638  7.15179e-19    0.0077944 -4.45556e-19   -0.0112654  5.90243e-20    0.0052014 -1.33394e-19
-0.000108631  4.53444e-20   0.00140544  -6.9155e-20  -0.00693148  2.19847e-20    0.0196684 -1.98484e-20    -0.035683  -3.9988e-20    0.0413127  5.48518e-19   -0.0258022 -1.52666e-18  -0.00153659     2.51e-18    0.0177046 -2.87988e-18   -0.0137493  3.32197e-18   0.00332352
-3.25769e-20 -0.000664905  8.39639e-20   0.00481283 -7.56425e-20   -0.0176089 -1.98484e-20    0.0397484 -5.47371e-20   -0.0580802 -1.83493e-19    0.0517793  6.18923e-19   -0.0180328 -7.06386e-19   -0.0164143 -1.08345e-18    0.0244283  3.56362e-18   -0.0112897 -4.12434e-18
 0.000197046 -7.88293e-20  -0.00254839  1.17368e-19    0.0125672  6.42401e-22    -0.035683 -5.47371e-20    0.0649027  3.41413e-19   -0.0757595 -1.70337e-18    0.0489157  4.54134e-18 -0.000681325 -8.37556e-18   -0.0284364  1.12402e-17    0.0226344 -1.27337e-17   -0.0054483
 4.77445e-20  0.000971444 -1.26279e-19  -0.00702085   1.2695e-19     0.025676  -3.9988e-20   -0.0580802  3.41413e-19    0.0856026  -4.5066e-19   -0.0786469  1.15459e-18    0.0328056    -3.95e-18     0.015281  1.19706e-17   -0.0284541  -2.2618e-17    0.0133633  2.59847e-17
-0.000229644  1.00303e-19   0.00295732 -1.85174e-19    -0.014543  1.22857e-19    0.0413127 -1.83493e-19   -0.0757595  -4.5066e-19    0.0910533  3.75731e-18   -0.0657185 -1.18093e-17    0.0160009  2.52557e-17    0.0167688 -3.79256e-17   -0.0161748   4.1829e-17   0.00382648
-5.03985e-20 -0.000870339  1.59808e-19   0.00624124 -2.89988e-19   -0.0227462  5.48518e-19    0.0517793 -1.70337e-18   -0.0786469  3.75731e-18    0.0797755 -9.56828e-18   -0.0503075   2.3117e-17    0.0148223 -4.94355e-17   0.00175885  8.15087e-17  -0.00175269 -8.92414e-17
 0.000148286 -9.68621e-20  -0.00187174  2.62633e-19   0.00907828 -4.19019e-19   -0.0258022  6.18923e-19    0.0489157  1.15459e-18   -0.0657185 -9.56828e-18    0.0653172  3.10246e-17   -0.0507612 -6.89933e-17    0.0328365  1.06617e-16   -0.0167583 -1.13387e-16   0.00423995
 3.83726e-20  0.000314838 -1.72777e-19  -0.00213908  5.40425e-19   0.00759638 -1.52666e-18   -0.0180328  4.54134e-18    0.0328056 -1.18093e-17   -0.0503075  3.10246e-17    0.0667041 -7.11306e-17   -0.0716352  1.36778e-16     0.054567 -2.05889e-16   -0.0231387  2.08411e-16
-2.22125e-06  7.45802e-20 -5.49906e-05 -3.17306e-19  0.000549377  7.15179e-19  -0.00153659 -7.06386e-19 -0.000681325    -3.95e-18    0.0160009   2.3117e-17   -0.0507612 -7.11306e-17    0.0888131  1.54646e-16   -0.0956554 -2.36057e-16    0.0595798  2.41345e-16   -0.0147148
-2.11692e-20  0.000255688   1.5717e-19  -0.00204289 -7.13304e-19    0.0077944     2.51e-18   -0.0164143 -8.37556e-18     0.015281  2.52557e-17    0.0148223 -6.89933e-17   -0.0716352  1.54646e-16     0.113719 -2.78159e-16   -0.0989353  3.83236e-16    0.0429522 -3.48942e-16
-8.64062e-05 -4.31832e-20   0.00120693  2.44513e-19  -0.00624788 -4.45556e-19    0.0177046 -1.08345e-18   -0.0284364  1.19706e-17    0.0167688 -4.94355e-17    0.0328365  1.36778e-16   -0.0956554 -2.78159e-16     0.116238   4.0484e-16   -0.0747183 -3.90039e-16    0.0184312
 8.64742e-21 -0.000394371  -1.1208e-19   0.00300995  6.62357e-19   -0.0112654 -2.87988e-18    0.0244283  1.12402e-17   -0.0284541 -3.79256e-17   0.00175885  1.06617e-16     0.054567 -2.36057e-16   -0.0989353   4.0484e-16    0.0889587 -5.13559e-16   -0.0388986  4.12073e-16
 6.92937e-05  2.81868e-20 -0.000949659 -1.74181e-19   0.00485794  5.90243e-20   -0.0137493  3.56362e-18    0.0226344  -2.2618e-17   -0.0161748  8.15087e-17   -0.0167583 -2.05889e-16    0.0595798  3.83236e-16   -0.0747183 -5.13559e-16    0.0484743  4.49989e-16   -0.0119938
-6.52622e-21  0.000184062   1.1064e-19  -0.00139522 -7.28075e-19    0.0052014  3.32197e-18   -0.0112897 -1.27337e-17    0.0133633   4.1829e-17  -0.00175269 -1.13387e-16   -0.0231387  2.41345e-16    0.0429522 -3.90039e-16   -0.0388986  4.49989e-16    0.0170874 -3.07224e-16
-1.68972e-05 -3.41775e-20  0.000230817  2.11394e-19  -0.00117749 -1.33394e-19   0.00332352 -4.12434e-18   -0.0054483  2.59847e-17   0.00382648 -8.92414e-17   0.00423995  2.08411e-16   -0.0147148 -3.48942e-16    0.0184312  4.12073e-16   -0.0119938 -3.07224e-16    0.0029864
