 0.000493842  1.13166e-17   0.00295465   2.1872e-17   0.00675713   2.7948e-17   0.00901001  2.63248e-17   0.00795532  1.79792e-17   0.00489387  8.38948e-18    0.0021258  2.21891e-18  0.000641612  6.07978e-20  0.000127526 -1.43048e-19  1.46541e-05 -3.32057e-20  6.36218e-07
 1.13166e-17   0.00424878  2.75365e-17    0.0142806   3.6987e-17    0.0244279  4.22345e-17    0.0263423  3.79683e-17    0.0194069  2.37189e-17    0.0100652  8.62935e-18   0.00366996  6.93747e-19  0.000910501 -7.61191e-19  0.000141429 -2.89806e-19  1.10705e-05 -2.91788e-20
  0.00295465  2.75365e-17    0.0178137  3.45498e-17    0.0410351   4.1851e-17    0.0550939  5.19094e-17    0.0489649  4.60159e-17    0.0303118   2.4091e-17    0.0132468  4.69672e-18   0.00402163 -1.92575e-18  0.000803878 -1.32271e-18  9.28847e-05 -2.56097e-19  4.05437e-06
  2.1872e-17    0.0142806  3.45498e-17    0.0483467  3.41044e-17    0.0832689  5.53883e-17    0.0903824  7.18286e-17    0.0670041  5.39363e-17    0.0349602  1.91794e-17    0.0128213 -1.25933e-18   0.00319881 -3.69549e-18   0.00049959 -1.21063e-18  3.93139e-05  -1.1845e-19
  0.00675713   3.6987e-17    0.0410351  3.41044e-17    0.0951763  5.35843e-17     0.128618  9.55679e-17     0.115023  9.85632e-17    0.0716315  5.33468e-17    0.0314849  8.56679e-18    0.0096119 -6.14343e-18   0.00193171 -3.68035e-18  0.000224376 -6.98484e-19  9.84416e-06
  2.7948e-17    0.0244279   4.1851e-17    0.0832689  5.35843e-17     0.144352  1.10174e-16     0.157658  1.47191e-16     0.117575  1.09229e-16    0.0616982  3.76857e-17    0.0227525 -3.12131e-18   0.00570705 -7.51654e-18  0.000895978 -2.43186e-18  7.08651e-05 -2.39045e-19
  0.00901001  4.22345e-17    0.0550939  5.53883e-17     0.128618  1.10174e-16     0.174891  1.79776e-16     0.157334  1.72389e-16    0.0985411  8.93023e-17    0.0435514  1.40709e-17    0.0133666 -9.64694e-18    0.0027002 -5.75135e-18   0.00031522 -1.09459e-18  1.38979e-05
 2.63248e-17    0.0263423  5.19094e-17    0.0903824  9.55679e-17     0.157658  1.79776e-16     0.173214  2.15273e-16     0.129912  1.49716e-16    0.0685464  4.95175e-17    0.0254121 -4.10749e-18   0.00640696 -9.53741e-18    0.0010109 -3.06879e-18  8.03446e-05 -3.03465e-19
  0.00795532  3.79683e-17    0.0489649  7.18286e-17     0.115023  1.47191e-16     0.157334  2.15273e-16     0.142347  1.91381e-16    0.0896423  9.37372e-17     0.039828  1.31304e-17    0.0122864 -1.05952e-17   0.00249435 -6.04046e-18  0.000292601 -1.14276e-18  1.29617e-05
 1.79792e-17    0.0194069  4.60159e-17    0.0670041  9.85632e-17     0.117575  1.72389e-16     0.129912  1.91381e-16     0.097969  1.25149e-16    0.0519648  3.75032e-17    0.0193632 -5.91018e-18   0.00490608  -8.7315e-18  0.000777819 -2.70224e-18  6.21109e-05 -2.65636e-19
  0.00489387  2.37189e-17    0.0303118  5.39363e-17    0.0716315  1.09229e-16    0.0985411  1.49716e-16    0.0896423  1.25149e-16    0.0567497  5.57457e-17    0.0253423  3.36857e-18   0.00785638 -9.42297e-18   0.00160264 -4.64233e-18  0.000188878  -8.4983e-19  8.40526e-06
 8.38948e-18    0.0100652   2.4091e-17    0.0349602  5.33468e-17    0.0616982  8.93023e-17    0.0685464  9.37372e-17    0.0519648  5.57457e-17    0.0277035  1.10822e-17    0.0103738 -7.82138e-18   0.00264102 -6.20983e-18  0.000420664  -1.7496e-18   3.3744e-05 -1.67078e-19
   0.0021258  8.62935e-18    0.0132468  1.91794e-17    0.0314849  3.76857e-17    0.0435514  4.95175e-17     0.039828  3.75032e-17    0.0253423  1.10822e-17    0.0113727 -5.87157e-18   0.00354251 -6.90829e-18  0.000726001 -2.71211e-18  8.59508e-05 -4.62909e-19  3.84186e-06
 2.21891e-18   0.00366996  4.69672e-18    0.0128213  8.56679e-18    0.0227525  1.40709e-17    0.0254121  1.31304e-17    0.0193632  3.36857e-18    0.0103738 -5.87157e-18   0.00390313  -6.9862e-18  0.000998288 -3.43551e-18  0.000159728 -8.42947e-19  1.28693e-05 -7.60665e-20
 0.000641612  6.93747e-19   0.00402163 -1.25933e-18    0.0096119 -3.12131e-18    0.0133666 -4.10749e-18    0.0122864 -5.91018e-18   0.00785638 -7.82138e-18   0.00354251  -6.9862e-18   0.00110858 -3.78783e-18  0.000228219 -1.18343e-18  2.71378e-05 -1.82964e-19  1.21824e-06
 6.07978e-20  0.000910501 -1.92575e-18   0.00319881 -6.14343e-18   0.00570705 -9.64694e-18   0.00640696 -1.05952e-17   0.00490608 -9.42297e-18   0.00264102 -6.90829e-18  0.000998288 -3.78783e-18  0.000256481 -1.37795e-18  4.12179e-05 -2.91987e-19  3.33524e-06 -2.43717e-20
 0.000127526 -7.61191e-19  0.000803878 -3.69549e-18   0.00193171 -7.51654e-18    0.0027002 -9.53741e-18   0.00249435  -8.7315e-18   0.00160264 -6.20983e-18  0.000726001 -3.43551e-18  0.000228219 -1.37795e-18   4.7189e-05 -3.59494e-19   5.6354e-06  -4.9858e-20  2.54043e-07
-1.43048e-19  0.000141429 -1.32271e-18   0.00049959 -3.68035e-18  0.000895978 -5.75135e-18    0.0010109 -6.04046e-18  0.000777819 -4.64233e-18  0.000420664 -2.71211e-18  0.000159728 -1.18343e-18  4.12179e-05 -3.59494e-19  6.65238e-06 -6.69428e-20  5.40552e-07 -5.10663e-21
 1.46541e-05 -2.89806e-19  9.28847e-05 -1.21063e-18  0.000224376 -2.43186e-18   0.00031522 -3.06879e-18  0.000292601 -2.70224e-18  0.000188878  -1.7496e-18  8.59508e-05 -8.42947e-19  2.71378e-05 -2.91987e-19   5.6354e-06 -6.69428e-20  6.75815e-07 -8.35358e-21  3.05908e-08
-3.32057e-20  1.10705e-05 -2.56097e-19  3.93139e-05 -6.98484e-19  7.08651e-05 -1.09459e-18  8.03446e-05 -1.14276e-18  6.21109e-05  -8.4983e-19   3.3744e-05 -4.62909e-19  1.28693e-05 -1.82964e-19  3.33524e-06  -4.9858e-20  5.40552e-07 -8.35358e-21  4.41041e-08 -5.78391e-22
 6.36218e-07 -2.91788e-20  4.05437e-06  -1.1845e-19  9.84416e-06 -2.39045e-19  1.38979e-05 -3.03465e-19  1.29617e-05 -2.65636e-19  8.40526e-06 -1.67078e-19  3.84186e-06 -7.60665e-20  1.21824e-06 -2.43717e-20  2.54043e-07 -5.10663e-21  3.05908e-08 -5.78391e-22  1.39027e-09
