 6.61248e-30 -5.53374e-37 -4.73138e-28 -9.23309e-36  1.32964e-26 -3.54259e-37 -2.26723e-25  2.67253e-35  2.70862e-24 -1.33438e-37 -2.43748e-23 -1.64587e-36  1.72485e-22  6.38063e-35 -9.86858e-22 -5.74927e-34  4.65155e-21  3.61545e-33 -1.82946e-20 -1.95509e-32  6.05442e-20  9.13155e-32 -1.69417e-19 -3.70051e-31  4.01518e-19  1.30722e-30 -8.04703e-19 -4.03543e-30  1.35642e-18  1.08859e-29 -1.90253e-18 -2.55706e-29  2.17818e-18  5.18337e-29 -1.96395e-18 -8.89127e-29  1.29056e-18  1.23332e-28 -4.82486e-19 -1.20638e-28 -6.77192e-20  2.63745e-29  2.07525e-19  2.12861e-28 -9.60684e-20 -6.07546e-28 -1.87275e-20  1.08315e-27  3.56519e-20 -1.47543e-27 -5.69709e-21  1.59004e-27 -8.26698e-21  -1.3087e-27  2.90576e-21  6.76496e-28  1.68246e-21  9.90009e-29 -7.83371e-22 -7.48872e-28 -3.55874e-22  1.08059e-27  1.54136e-22 -1.06162e-27  7.92831e-23  8.03031e-28 -2.08181e-23 -4.71587e-28  -1.6321e-23  1.98711e-28  8.89247e-25 -3.77338e-29  2.61761e-24 -2.47044e-29  3.84114e-25  3.07219e-29 -2.59156e-25 -1.80719e-29 -1.04356e-25  6.60643e-30  3.98409e-27 -1.09916e-30  1.15182e-26 -3.63122e-31  2.51549e-27   3.4821e-31 -3.23708e-28 -1.37247e-31  -2.7222e-28  3.21574e-32 -4.73928e-29 -3.51289e-33  4.46796e-30 -5.58725e-34  3.62997e-30  3.61848e-34  6.64641e-31 -8.60781e-35  6.81643e-33   9.1481e-36 -2.17903e-32  9.91868e-37 -4.82255e-33 -6.39193e-37 -4.14634e-34  1.18654e-37  2.31045e-35   1.0906e-38  1.09839e-35 -8.98519e-39  1.39315e-36  6.13267e-40   7.9473e-38  2.39056e-40 -1.27874e-39   -2.257e-41 -5.58307e-40 -2.40211e-42 -4.42554e-41  7.35651e-44   -1.502e-42  1.16673e-44 -2.50292e-44  1.05861e-45  4.40552e-46  -3.3871e-47
-5.53374e-37  6.77226e-28 -2.34799e-36 -2.75947e-26 -2.98194e-35  5.91558e-25  5.92761e-37  -8.3883e-24  4.19686e-35  8.68819e-23  3.50373e-36 -6.94488e-22 -1.54163e-34    4.434e-21  1.39042e-33 -2.31325e-20 -1.00328e-32  1.00159e-19  6.01504e-32 -3.63697e-19 -3.09755e-31  1.11493e-18   1.3794e-30  -2.8951e-18 -5.34469e-30  6.36898e-18  1.81008e-29 -1.18324e-17 -5.37212e-29  1.84243e-17  1.39768e-28 -2.37126e-17 -3.17933e-28  2.46006e-17  6.27775e-28 -1.95889e-17 -1.05954e-27  1.06159e-17  1.47763e-27 -2.19232e-18 -1.55624e-27 -2.03544e-18  8.12387e-28    2.007e-18  1.18546e-27 -4.10924e-19 -4.46295e-27  -4.3287e-19  8.34322e-27  2.72883e-19 -1.15012e-26  4.45993e-20  1.25065e-26 -8.19655e-20 -1.06211e-26  1.01702e-21  6.32675e-27  1.96143e-20 -1.15512e-27  -1.1147e-21  -3.1117e-27 -4.23249e-21  5.33418e-27  5.65571e-23 -5.42848e-27  8.16525e-22  4.13529e-27  7.84432e-23 -2.43582e-27 -1.27181e-22  1.04653e-27 -3.29687e-23 -2.33617e-28  1.26433e-23   -8.482e-29  7.05151e-24  1.25776e-28 -6.23764e-26 -7.51314e-29 -8.34411e-25  2.74455e-29 -1.93641e-25 -4.83984e-30  3.34536e-26 -1.06188e-30  2.56148e-26  1.10659e-30  3.84906e-27 -4.14257e-31 -8.65149e-28  8.98965e-32 -4.67929e-28 -8.94133e-33 -6.75162e-29 -1.48893e-33  7.10364e-30  9.21994e-34  4.66727e-30 -2.24821e-34  7.95918e-31  2.98351e-35  2.10141e-32 -8.94806e-37 -1.77182e-32  -1.0301e-36 -3.91402e-33  3.66878e-37 -3.66395e-34  1.73915e-38 -2.90137e-37 -2.90614e-38  4.34337e-36  1.85237e-39   5.7108e-37    8.198e-40  3.51161e-38 -6.57951e-41  7.38051e-40 -6.89201e-42  -5.2733e-41  9.96704e-44 -3.89403e-42  2.58872e-44 -1.15661e-43  1.64268e-45  -7.5274e-46
-4.73138e-28 -2.34799e-36  3.42155e-26 -6.28607e-36 -9.71426e-25 -5.09942e-35  1.67418e-23  1.07408e-35 -2.02254e-22  1.04631e-35  1.84146e-21  1.99344e-34 -1.31914e-20 -2.15975e-33  7.64513e-20   1.7328e-32 -3.65271e-19 -1.16849e-31  1.45734e-18  6.68908e-31 -4.89677e-18 -3.29133e-30  1.39261e-17  1.40259e-29 -3.35837e-17 -5.20952e-29  6.85876e-17   1.6943e-28 -1.18032e-16 -4.83872e-28  1.69447e-16  1.21432e-27 -1.99309e-16 -2.67272e-27  1.85822e-16  5.12954e-27 -1.28061e-16 -8.47809e-27  5.29954e-17  1.17536e-26  2.27762e-18 -1.28199e-26 -1.96542e-17  8.74338e-27  1.07702e-17  2.80482e-27  9.10605e-19 -2.15186e-26 -3.60682e-18  4.31211e-26  8.99883e-19 -6.02209e-26  7.65454e-19   6.5634e-26 -3.77744e-19 -5.64302e-26 -1.42637e-19  3.59078e-26  9.98657e-20 -1.19045e-26  2.93384e-20 -7.45366e-27 -2.06494e-20  1.76269e-26 -7.00728e-21 -1.88361e-26  3.24816e-21  1.44849e-26  1.62776e-21 -8.55274e-27 -2.95209e-22  3.72652e-27 -3.01111e-22 -9.23301e-28 -1.54951e-23 -1.82378e-28  3.66958e-23  3.51825e-28  1.00939e-23 -2.13135e-28 -1.76151e-24  7.68072e-29 -1.47051e-24 -1.35065e-29 -2.02272e-25 -2.34798e-30  7.39958e-26   2.4671e-30   3.4491e-26 -8.53353e-31  3.70099e-27  1.69219e-31 -1.18495e-27 -1.62239e-32 -4.95561e-28 -2.23172e-33 -6.33688e-29   1.5305e-33  5.75395e-30 -3.90605e-34  3.55879e-30  6.83275e-35  5.84174e-31 -1.33852e-35  2.62571e-32  4.52236e-37 -7.45838e-33  8.36518e-37 -1.74053e-33 -3.14168e-39 -1.70418e-34 -6.83701e-38 -5.42706e-36  3.86011e-39  6.90872e-37  1.95592e-39  1.02303e-37 -1.33069e-40  6.16013e-39 -1.28601e-41  1.60343e-40  4.63539e-44  3.85292e-43  3.41275e-44 -7.37716e-44  1.24381e-45
-9.23309e-36 -2.75947e-26 -6.28607e-36  1.13595e-24 -1.52084e-35 -2.46127e-23 -4.35495e-35  3.52917e-22   5.3912e-35  -3.6982e-21 -2.23991e-34  2.99247e-20  2.25423e-33 -1.93522e-19 -2.09097e-32  1.02332e-18  1.60526e-31 -4.49424e-18 -1.03967e-30  1.65671e-17  5.72596e-30 -5.16067e-17  -2.7081e-29  1.36318e-16   1.1091e-28  -3.0547e-16 -3.96048e-28   5.7903e-16  1.23936e-27 -9.21922e-16 -3.40967e-27  1.21698e-15  8.25668e-27 -1.30118e-15 -1.75762e-26  1.07745e-15  3.27365e-26 -6.21724e-16 -5.28051e-26  1.61079e-16  7.22184e-26  9.51977e-17 -7.97914e-26 -1.16018e-16  6.14631e-26  3.24327e-17 -7.65457e-27  2.13322e-17 -7.77227e-26  -1.7489e-17  1.73128e-25  -9.4076e-19 -2.45769e-25  4.94497e-18  2.67374e-25  -5.5531e-19 -2.30023e-25 -1.15325e-18    1.508e-25  1.91402e-19 -6.16524e-26  2.52114e-19 -8.13103e-27 -3.13896e-20   4.4725e-26 -5.15416e-20 -5.11555e-26   4.5225e-22  3.98409e-26  8.94213e-21 -2.35906e-26  1.34109e-21  1.03902e-26 -1.09934e-21 -2.76362e-27  -4.0613e-22 -2.61559e-28  5.40571e-23  7.81652e-28  6.05902e-23 -4.79537e-28  8.60846e-24  1.68397e-28 -3.90554e-24 -2.81076e-29 -1.76559e-24 -4.71278e-30 -1.31148e-25  4.44728e-30  9.64975e-26 -1.36862e-30   3.3227e-26  2.45743e-31  2.70846e-27 -2.60878e-32  -1.0463e-27 -1.58848e-33 -3.72044e-28  1.92996e-33 -4.48358e-29 -4.86118e-34  2.56922e-30  1.20821e-34  1.80229e-30  -5.0879e-35  2.90913e-31  7.09617e-36  1.77377e-32  1.64356e-36 -1.59598e-33 -8.84795e-38 -4.54265e-34 -1.33373e-37 -4.50654e-35  6.31982e-39 -2.03909e-36  3.66468e-39  1.72449e-38  -2.1086e-40  7.62696e-39 -1.76394e-41   3.9245e-40 -6.44599e-44  8.20715e-42  2.92801e-44  3.52176e-44
 1.32964e-26 -2.98194e-35 -9.71426e-25 -1.52084e-35  2.78757e-23 -3.62893e-35 -4.85793e-22  8.96454e-36  5.93748e-21  2.23697e-34 -5.47218e-20 -1.63206e-33  3.97046e-19  1.68244e-32  -2.3322e-18  -1.5396e-31  1.13016e-17  1.17154e-30 -4.57692e-17 -7.44246e-30  1.56243e-16  3.99073e-29 -4.51907e-16 -1.82851e-28  1.10972e-15   7.2347e-28 -2.31124e-15 -2.49239e-27  4.06388e-15  7.52146e-27 -5.97627e-15 -1.99608e-26  7.22799e-15  4.66679e-26  -6.9731e-15 -9.60634e-26  5.03937e-15  1.73452e-25 -2.28977e-15 -2.72372e-25  9.76892e-17  3.65506e-25  7.24569e-16 -4.03449e-25 -4.70925e-16  3.30051e-25  6.76221e-18 -1.14247e-25  1.41456e-16 -2.17471e-25 -4.96336e-17  5.73799e-25  -2.6481e-17 -8.32416e-25  1.84792e-17  9.01513e-25  4.16912e-18 -7.69782e-25 -4.80323e-18  5.09157e-25 -7.84045e-19 -2.29223e-25  1.03009e-18  1.79855e-26  2.09914e-19  9.13971e-26 -1.79796e-19 -1.15117e-25 -5.85671e-20  9.12106e-26  2.18677e-20 -5.42552e-26  1.28724e-20  2.41329e-26 -7.63337e-22 -6.75408e-27 -1.90122e-21 -1.83816e-28 -3.26184e-22  1.47404e-27  1.42409e-22 -9.13351e-28  6.90045e-23  3.08239e-28  3.57884e-24 -4.61718e-29 -5.10054e-24 -9.13148e-30 -1.58911e-24  6.83884e-30 -4.76664e-26 -1.77635e-30  8.76859e-26  2.94701e-31  2.45345e-26 -4.39828e-32  1.69783e-27  1.17023e-33 -6.40583e-28  2.17575e-33 -2.06789e-28 -3.34921e-34 -2.45328e-29  1.63357e-34  4.35641e-31 -1.34122e-34  6.12668e-31  2.33776e-35   9.8933e-32  2.96027e-36  7.07082e-33 -2.75183e-37  -6.9957e-35 -2.25207e-37 -6.58313e-35  8.51439e-39 -6.51402e-36  5.61607e-39 -3.05792e-37 -2.72156e-40 -4.80407e-39 -1.83319e-41  1.39365e-40 -1.50327e-43  5.91593e-42  1.50733e-44
-3.54259e-37  5.91558e-25 -5.09942e-35 -2.46127e-23 -3.62893e-35  5.39253e-22 -7.64159e-35 -7.82273e-21  6.99449e-35  8.29776e-20  6.56147e-34 -6.80046e-19 -6.28876e-33  4.45707e-18   8.1116e-32 -2.39027e-17 -8.42148e-31  1.06546e-16  6.78459e-30 -3.98975e-16 -4.37495e-29  1.26372e-15  2.32699e-28 -3.39814e-15 -1.04428e-27   7.7624e-15  4.01862e-27 -1.50246e-14 -1.34135e-26  2.44811e-14  3.91417e-26 -3.31736e-14 -1.00365e-25  3.65836e-14  2.26732e-25 -3.15176e-14 -4.51338e-25  1.93335e-14  7.89438e-25 -6.00171e-15 -1.20459e-24 -2.18764e-15  1.57993e-24  3.52213e-15 -1.72626e-24 -1.26575e-15  1.45197e-24 -5.18385e-16 -6.79683e-25  5.82015e-16 -4.57368e-25 -2.87475e-17  1.62385e-24 -1.53749e-16 -2.42479e-24  3.42033e-17  2.60893e-24  3.44448e-17 -2.19707e-24 -1.03022e-17  1.44566e-24 -7.55598e-18 -6.80467e-25  1.99012e-18  1.27669e-25  1.63558e-18  1.52187e-25 -2.14118e-19 -2.20945e-25 -3.15093e-19   1.7925e-25 -1.33336e-20 -1.07517e-25  4.59113e-20    4.838e-26  1.09387e-20 -1.40801e-26 -3.70553e-21  2.56107e-28 -2.16991e-21  2.45918e-27 -1.04849e-22 -1.53102e-27  1.94912e-22  4.87903e-28  5.89301e-23 -6.01821e-29 -1.23431e-24   -1.702e-29 -4.75442e-24  9.15767e-30 -1.13319e-24  -1.8539e-30 -2.12235e-27  3.26549e-31  5.91488e-26 -8.37906e-32  1.43207e-26  4.40237e-33  9.63157e-28  3.06679e-33 -2.75148e-28  3.35616e-34 -8.54983e-29  1.46695e-34 -1.01864e-29 -2.86843e-34 -1.69162e-31  5.34454e-35  1.33518e-31  4.98241e-36  2.21782e-32  -5.7252e-37  1.68446e-33 -3.34745e-37  3.95593e-35  9.63422e-39 -4.29782e-36  7.15986e-39 -4.50393e-37 -2.90104e-40 -1.78025e-38 -1.42547e-41 -2.88948e-40 -1.47413e-43 -5.98382e-43
-2.26723e-25  5.92761e-37  1.67418e-23 -4.35495e-35 -4.85793e-22 -7.64159e-35    8.565e-21 -1.35821e-34 -1.05964e-19  4.32338e-34  9.89113e-19 -4.49435e-33 -7.27316e-18  3.01758e-32  4.33249e-17  5.44623e-32  -2.1307e-16 -2.77817e-30  8.76452e-16   2.9776e-29  -3.0418e-15 -2.10467e-28  8.95413e-15  1.14781e-27 -2.24069e-14 -5.12957e-27   4.7629e-14  1.93764e-26 -8.56387e-14 -6.30034e-26  1.29119e-13  1.78361e-25  -1.6071e-13 -4.42741e-25  1.60549e-13  9.67411e-25 -1.21668e-13 -1.86279e-24  6.03088e-14  3.15484e-24 -7.23018e-15 -4.67139e-24 -1.59703e-14  5.97096e-24  1.24398e-14 -6.41631e-24 -1.33091e-15  5.44243e-24 -3.30393e-15 -2.92493e-24  1.56229e-15 -5.88388e-25  5.07502e-16  4.01103e-24 -5.31877e-16  -6.2204e-24 -5.16417e-17  6.63641e-24   1.3563e-16 -5.48095e-24  6.00305e-18   3.5489e-24 -2.98871e-17  -1.6951e-24 -2.48445e-18  4.22294e-25  5.65675e-18  2.01452e-25  1.07992e-18 -3.66869e-25 -8.22938e-19  3.07774e-25 -3.08357e-19 -1.87443e-25   6.5561e-20  8.57408e-26  5.60862e-20 -2.57905e-26  3.96158e-21  1.25859e-27 -5.67281e-21  3.74549e-27 -1.80311e-21  -2.3218e-27  1.06331e-22  6.82295e-28  1.87656e-22 -5.78285e-29  3.96909e-23 -2.97872e-29  -3.3145e-24  1.06254e-29   -3.393e-24 -1.44325e-30 -6.63274e-25   4.2826e-31  6.58965e-27 -1.69595e-31  3.03028e-26  2.32728e-33   6.6521e-27  6.29585e-33  4.78454e-28  1.89219e-33   -7.982e-29  4.93588e-36 -2.57559e-29 -5.27601e-34 -3.08706e-30  9.87151e-35 -1.24898e-31  7.80377e-36   1.6227e-32 -9.39285e-37  3.05004e-33 -4.41273e-37  2.27808e-34  9.23496e-39  7.75618e-36  7.63579e-39 -2.65415e-38 -2.55752e-40 -1.07484e-38 -7.77388e-42 -2.68039e-40 -7.58491e-44
 2.67253e-35  -8.3883e-24  1.07408e-35  3.52917e-22  8.96454e-36 -7.82273e-21 -1.35821e-34  1.14869e-19 -4.12429e-34 -1.23404e-18   9.2124e-33  1.02493e-17 -1.18595e-31 -6.81203e-17  8.78796e-31   3.7073e-16  -3.8207e-30 -1.67833e-15  4.49369e-30  6.38862e-15  7.78831e-29 -2.05908e-14 -7.93932e-28  5.64071e-14   4.7701e-27 -1.31453e-13 -2.18355e-26  2.60026e-13  8.20603e-26 -4.33967e-13 -2.61806e-25  6.04193e-13  7.21986e-25 -6.87818e-13 -1.73902e-24  6.16847e-13  3.67985e-24 -4.01706e-13 -6.85705e-24  1.45031e-13  1.12418e-23   2.8645e-14 -1.61365e-23 -7.04527e-14  2.00566e-23  3.15408e-14 -2.10977e-23  7.28333e-15  1.78218e-23 -1.26447e-14 -1.02631e-23  1.93021e-15  3.45586e-25  3.07261e-15  8.78785e-24 -1.08932e-15 -1.43015e-23 -6.44353e-16  1.50953e-23  3.11245e-16 -1.21581e-23  1.39504e-16  7.67286e-24 -6.49267e-17 -3.64326e-24 -3.21216e-17  1.03578e-24  9.51689e-18  1.88063e-25  6.93945e-18 -5.28173e-25 -5.60626e-19  4.65848e-25 -1.18405e-18 -2.91573e-25 -1.48328e-19   1.3679e-25  1.27972e-19  -4.2443e-26  4.73214e-20  2.91542e-27 -3.33115e-21  5.34858e-27 -5.74522e-21 -3.25575e-27 -1.13614e-21  8.53402e-28  2.00588e-22 -2.41633e-29  1.39191e-22 -4.81155e-29  2.19486e-23   1.0178e-29 -2.93302e-24 -5.49431e-31 -1.91173e-24  7.87587e-31 -3.24751e-25  -3.3365e-31  2.01822e-27 -1.52348e-32  1.17686e-26  1.40685e-32   2.4283e-27  4.73864e-33  1.92112e-28 -3.21357e-34 -1.36261e-29 -8.57586e-34   -5.406e-30   1.5564e-34 -6.46691e-31  1.12522e-35 -3.45074e-32 -1.28462e-36  5.73574e-34 -5.18072e-37  2.24613e-34  7.49916e-39  1.55227e-35  6.79098e-39   4.8379e-37 -1.84818e-40  5.04025e-39 -2.40667e-42 -2.62377e-41
 2.70862e-24  4.19686e-35 -2.02254e-22   5.3912e-35  5.93748e-21  6.99449e-35 -1.05964e-19 -4.12429e-34  1.32774e-18 -4.60862e-33 -1.25597e-17  1.30183e-31  9.36518e-17 -1.47176e-30 -5.66103e-16  1.04122e-29  2.82735e-15 -5.06849e-29  -1.1821e-14  1.60094e-28  4.17398e-14 -1.47284e-28 -1.25146e-13 -1.95318e-27  3.19384e-13  1.62198e-26 -6.93469e-13  -8.0426e-26  1.27617e-12  3.07214e-25 -1.97447e-12 -9.71411e-25  2.53139e-12  2.62325e-24 -2.62065e-12 -6.14853e-24  2.08268e-12  1.26182e-23 -1.12036e-12 -2.27671e-23   2.1405e-13  3.61286e-23  2.40243e-13 -5.02338e-23 -2.29429e-13  6.06132e-23  4.53147e-14 -6.21969e-23  5.24663e-14  5.18744e-23 -3.31757e-14 -3.08609e-23 -5.52108e-15   5.0719e-24  1.04458e-14  1.73091e-23 -2.38778e-16 -2.98879e-23 -2.59611e-15  3.11146e-23  1.98577e-16 -2.42899e-23  5.82755e-16  1.47977e-23 -2.26952e-17 -6.86856e-24 -1.18175e-16  2.08279e-24 -8.06521e-18  4.17949e-26  1.97002e-17 -6.49685e-25  4.47507e-18  6.22022e-25 -2.19136e-18 -4.08721e-25 -1.07608e-18  1.99447e-25  5.17704e-20 -6.39001e-26  1.41437e-19  5.12498e-27  2.85184e-20   7.3261e-27 -7.08633e-21 -4.30003e-27 -4.40517e-21  9.58293e-28 -5.52571e-22  5.54502e-29  1.82103e-22 -7.13751e-29  8.29495e-23  6.50482e-30  1.03575e-23  6.25748e-31 -1.67351e-24  1.67805e-30 -8.58498e-25 -6.09579e-31 -1.33065e-25 -6.06584e-32 -1.18521e-27  2.81951e-32  3.38374e-27   9.1822e-33  6.76443e-28 -8.55887e-34   5.7745e-29 -1.24946e-33 -5.56119e-31  2.15167e-34  -7.2919e-31  1.48289e-35 -8.69713e-32 -1.50269e-36 -4.93124e-33 -5.43501e-37 -8.30375e-35  5.08212e-39  6.41268e-36  4.97259e-39  4.06553e-37  -1.0703e-40  7.56447e-39 -1.16963e-44
-1.33438e-37  8.68819e-23  1.04631e-35  -3.6982e-21  2.23697e-34  8.29776e-20  4.32338e-34 -1.23404e-18 -4.60862e-33  1.34349e-17 -5.59017e-32 -1.13149e-16  1.36013e-30  7.63102e-16 -1.37143e-29 -4.21735e-15   9.0994e-29  1.94041e-14 -4.40148e-28 -7.51379e-14  1.56312e-27  2.46614e-13 -3.61055e-27 -6.88811e-13  9.48928e-28  1.63903e-12  4.06572e-26 -3.31627e-12 -2.52405e-25  5.67412e-12    1.018e-24 -8.12415e-12 -3.23786e-24  9.55564e-12   8.6214e-24 -8.92584e-12 -1.97319e-23  6.16422e-12  3.93405e-23 -2.53561e-12  -6.8779e-23 -1.66625e-13  1.05645e-22  1.02169e-12 -1.42205e-22 -5.61763e-13  1.66359e-22 -5.00168e-14 -1.66086e-22  1.97588e-13  1.35931e-22 -5.19453e-14  -8.1721e-23 -4.29007e-14  1.96296e-23  2.27873e-14  3.10564e-23  7.97995e-15   -5.747e-23 -6.31002e-15   5.8754e-23 -1.64105e-15 -4.41412e-23  1.38136e-15  2.56821e-23  4.09609e-16 -1.14639e-23  -2.3615e-16  3.56775e-24 -1.02881e-16 -3.06743e-25  2.56802e-17 -6.46616e-25  2.08428e-17  7.24622e-25  1.61344e-19 -5.19855e-25 -2.83701e-18  2.69377e-25 -6.57067e-19 -8.93768e-26  1.75253e-19  7.57784e-27  1.13098e-19  9.79554e-27  1.15983e-20 -5.43635e-27 -6.93272e-21  9.58278e-28  -2.7068e-21  1.93151e-28 -2.09934e-22 -9.76166e-29  1.15688e-22 -1.86285e-30   4.0538e-23  1.74737e-30   4.3122e-24  3.39476e-30  -6.7376e-25  -1.0211e-30 -3.05226e-25 -1.43986e-31 -4.47567e-26   4.8962e-32 -1.28211e-27  1.52455e-32  6.83858e-28 -1.56456e-33  1.37334e-28 -1.64528e-33  1.21476e-29   2.6482e-34  2.90061e-31  1.78539e-35  -5.3679e-32 -1.52468e-36 -6.69777e-33 -5.11202e-37 -3.49868e-34   2.6952e-39 -7.94103e-36   2.9164e-39 -1.19468e-39 -4.72796e-41  1.67557e-39
-2.43748e-23  3.50373e-36  1.84146e-21 -2.23991e-34 -5.47218e-20  6.56147e-34  9.89113e-19   9.2124e-33 -1.25597e-17 -5.59017e-32  1.20475e-16   -5.502e-31 -9.11537e-16  1.16131e-29  5.59515e-15 -1.06004e-28  -2.8399e-14  6.57105e-28  1.20773e-13 -3.06518e-27 -4.34204e-13  1.10318e-26  1.32704e-12 -2.95633e-26 -3.45692e-12   4.7579e-26  7.67379e-12  3.81244e-26 -1.44668e-11 -6.43625e-25  2.29905e-11  2.96961e-24 -3.03893e-11 -9.72652e-24  3.26292e-11  2.57776e-23  -2.7197e-11 -5.78571e-23  1.58112e-11  1.12289e-22 -4.07808e-12 -1.90371e-22  -2.5939e-12  2.83056e-22  3.17556e-12 -3.68695e-22 -9.20567e-13  4.17753e-22 -5.95648e-13 -4.04974e-22  5.16718e-13  3.23797e-22  1.66751e-14 -1.93907e-22 -1.50381e-13  5.50315e-23  2.19643e-14  5.15233e-23  3.59652e-14 -1.02799e-22 -7.69638e-15  1.02597e-22 -8.13848e-15 -7.35503e-23  1.46891e-15  4.03378e-23  1.75839e-15 -1.69898e-23 -1.09951e-16  5.28579e-24 -3.30548e-16 -9.00141e-25 -3.29442e-17  -4.1617e-25  4.57754e-17  7.10317e-25   1.3893e-17  -6.0238e-25 -3.12616e-18  3.41213e-25 -2.43101e-18 -1.17694e-25 -2.33635e-19  9.84181e-27  1.91811e-19  1.29198e-26  7.07516e-20  -6.6756e-27   2.1305e-21  8.27092e-28 -4.78837e-21  3.98043e-28 -1.37642e-21 -1.24291e-28 -6.47204e-23 -1.63849e-29  5.57255e-23  2.48845e-30  1.63383e-23  6.15079e-30   1.6022e-24 -1.56813e-30 -1.89718e-25 -2.67486e-31 -8.40551e-26   7.4298e-32 -1.19117e-26  2.24979e-32 -5.54424e-28 -2.35239e-33  8.70315e-29 -1.96896e-33  1.89883e-29  2.92935e-34  1.66325e-30  1.97556e-35  6.34897e-32 -1.35378e-36 -1.19006e-33 -4.32645e-37 -2.38905e-34  7.96933e-40 -9.79618e-36  1.29501e-39 -1.41719e-37 -1.39611e-41
-1.64587e-36 -6.94488e-22  1.99344e-34  2.99247e-20 -1.63206e-33 -6.80046e-19 -4.49435e-33  1.02493e-17  1.30183e-31 -1.13149e-16   -5.502e-31   9.6695e-16  -4.5403e-30 -6.62195e-15  8.49515e-29  3.71903e-14 -7.08656e-28 -1.74038e-13  4.10372e-27  6.86096e-13  -1.8259e-26 -2.29505e-12  6.44301e-26  6.54134e-12  -1.7869e-25 -1.59071e-11  3.59991e-25  3.29517e-11 -3.31862e-25 -5.78567e-11 -1.12429e-24  8.52739e-11  7.49508e-24 -1.03725e-10 -2.63407e-23  1.00978e-10  7.04163e-23  -7.3889e-11 -1.55831e-22  3.41188e-11  2.95079e-22 -1.49831e-12 -4.85526e-22 -1.12802e-11  6.98868e-22  7.61364e-12 -8.80544e-22 -2.50115e-13  9.65566e-22 -2.33353e-12 -9.07559e-22  9.09356e-13  7.06586e-22  4.27505e-13 -4.17332e-22 -3.45936e-13  1.28104e-22 -6.07591e-14  8.05128e-23  9.32774e-14 -1.72787e-22  1.02019e-14  1.67053e-22 -2.11105e-14 -1.13108e-22  -3.0335e-15  5.74882e-23  4.00091e-15 -2.22597e-23  1.01382e-15  6.77358e-24 -5.62379e-16 -1.73656e-24 -2.59488e-16  1.41124e-25  3.69843e-17  5.19883e-25  4.42615e-17 -6.36214e-25   5.0434e-18  4.09817e-25 -4.09853e-18 -1.47591e-25 -1.55652e-18  1.15473e-26   1.3508e-20  1.68628e-26   1.4324e-19 -8.07065e-27  3.60701e-20  5.57702e-28 -9.89381e-22  6.76825e-28 -2.56443e-21 -1.49363e-28 -5.90584e-22 -3.82347e-29 -1.86154e-23  2.67782e-30  2.07585e-23  9.96317e-30  5.38693e-24 -2.21402e-30  5.18295e-25  -4.2149e-31 -3.38217e-26  9.97491e-32 -1.72428e-26  3.00026e-32  -2.3835e-27  -3.0842e-33 -1.39781e-28 -2.15107e-33  4.90415e-30  2.93094e-34  1.60819e-30  2.02972e-35  1.33718e-31 -1.05879e-36  5.26329e-33  -3.3055e-37  5.76721e-35 -4.26429e-40 -2.30818e-36  3.81728e-40 -4.75019e-38
 1.72485e-22 -1.54163e-34 -1.31914e-20  2.25423e-33  3.97046e-19 -6.28876e-33 -7.27316e-18 -1.18595e-31  9.36518e-17  1.36013e-30 -9.11537e-16  -4.5403e-30  7.00321e-15 -3.24588e-29 -4.36827e-14  5.46375e-28  2.25495e-13  -4.1929e-27 -9.76213e-13  2.27083e-26  3.57647e-12 -9.59382e-26 -1.11518e-11  3.27263e-25  2.96791e-11 -9.03261e-25   -6.742e-11  1.94374e-24  1.30335e-10 -2.78834e-24 -2.12963e-10  9.59387e-26  2.90514e-10  1.56265e-23 -3.23786e-10 -6.40755e-23  2.83121e-10   1.7626e-22 -1.77279e-10 -3.87247e-22  5.70561e-11   7.1731e-22  1.99561e-11 -1.14645e-21 -3.43857e-11  1.59757e-21  1.33655e-11 -1.94632e-21  4.79828e-12  2.06422e-21 -6.19184e-12 -1.87925e-21  5.72844e-13  1.42144e-21  1.64615e-12 -8.22246e-22 -4.71525e-13  2.60219e-22  -3.6982e-13  1.21189e-22  1.45833e-13 -2.75393e-22  8.29574e-14  2.55533e-22 -3.11146e-14 -1.61408e-22 -1.91066e-14  7.42648e-23  4.38046e-15 -2.53476e-23  4.05981e-15  7.36883e-24 -1.41752e-16 -2.77248e-24 -6.75166e-16  1.09389e-24 -1.11419e-16  1.16827e-25  6.88227e-17 -6.08736e-25  2.98094e-17   4.7067e-25 -7.95146e-19 -1.77987e-25 -3.34224e-18   1.2646e-26 -7.77731e-19  2.17325e-26  8.69533e-20 -9.72833e-27  8.27886e-20  1.67741e-28  1.54418e-20  1.03392e-27 -1.09917e-21 -1.72124e-28 -1.09971e-21 -6.78976e-29 -2.15517e-22  2.36916e-30  -6.2911e-24  1.45684e-29  5.92732e-24 -2.87981e-30  1.42137e-24 -5.83614e-31  1.38202e-25  1.19517e-31 -2.27926e-27  3.64521e-32 -2.47292e-27 -3.62365e-33 -3.35459e-28 -2.15457e-33 -2.13353e-29  2.66487e-34 -2.32643e-31  1.95761e-35  6.82378e-32 -7.33689e-37  5.28301e-33 -2.28181e-37  1.63173e-34 -9.48492e-40   1.7274e-36  4.65794e-41
 6.38063e-35    4.434e-21 -2.15975e-33 -1.93522e-19  1.68244e-32  4.45707e-18  3.01758e-32 -6.81203e-17 -1.47176e-30  7.63102e-16  1.16131e-29 -6.62195e-15 -3.24588e-29  4.60828e-14 -2.05277e-28 -2.63212e-13  3.14043e-27  1.25381e-12 -2.22824e-26 -5.03633e-12  1.13044e-25   1.7185e-11 -4.52653e-25 -5.00284e-11  1.48244e-24  1.24449e-10  -4.0007e-24 -2.64202e-10    8.726e-24   4.7652e-10 -1.42326e-23 -7.23728e-10  1.18033e-23  9.11271e-10   2.3048e-23 -9.25222e-10 -1.38598e-22  7.16878e-10  4.04998e-22 -3.67523e-10 -8.91281e-22  5.10987e-11  1.61972e-21  9.70647e-11 -2.51648e-21 -8.16085e-11  3.39442e-21  1.18248e-11 -3.99702e-21  2.13203e-11  4.09807e-21 -1.17232e-11 -3.61142e-21 -2.87743e-12  2.65006e-21   4.0141e-12 -1.49403e-21  1.11263e-13  4.72995e-22  -1.0497e-12  1.79852e-22  3.35566e-14 -4.19417e-22  2.42805e-13  3.69652e-22  3.78373e-16 -2.14681e-22 -4.98922e-14  8.63952e-23 -5.27075e-15 -2.39344e-23  8.29245e-15  6.40101e-24  2.22307e-15 -3.94515e-24  -8.8632e-16  2.45059e-24 -5.02596e-16 -4.97203e-25  7.29141e-18 -5.15936e-25  6.32733e-17  5.19037e-25  1.46809e-17 -2.08193e-25 -2.73186e-18   1.3684e-26 -2.05633e-18  2.75324e-26 -3.09104e-19 -1.18142e-26  7.16826e-20 -2.97869e-28  3.88082e-20  1.46939e-27  5.70368e-21 -1.93059e-28 -5.48826e-22 -1.04681e-28 -3.80187e-22  1.78095e-30 -6.64788e-23  1.94054e-29 -2.42391e-24 -3.45138e-30  1.25438e-24 -7.22409e-31  2.89298e-25   1.2834e-31  2.83823e-26  4.04896e-32    5.098e-28 -3.87585e-33  -2.2185e-28 -1.98831e-33 -3.02941e-29  2.20988e-34 -1.86506e-30  1.78372e-35 -4.71724e-32 -4.53441e-37  7.61787e-34  -1.4145e-37  6.91047e-35 -8.74343e-40  8.94324e-37
-9.86858e-22  1.39042e-33  7.64513e-20 -2.09097e-32  -2.3322e-18   8.1116e-32  4.33249e-17  8.78796e-31 -5.66103e-16 -1.37143e-29  5.59515e-15  8.49515e-29 -4.36827e-14 -2.05277e-28  2.77103e-13 -1.16467e-27 -1.45601e-12   1.6315e-26  6.42216e-12 -1.07467e-25 -2.39976e-11  5.11587e-25  7.64127e-11 -1.94052e-24 -2.07965e-10  6.07994e-24  4.83932e-10 -1.58974e-23 -9.60321e-10   3.4325e-23  1.61507e-09 -5.84486e-23 -2.27615e-09  6.62375e-23  2.63568e-09  2.71091e-24 -2.41854e-09 -2.60373e-22  1.62669e-09  8.54686e-22 -6.24476e-10  -1.9064e-21 -9.58946e-11  3.40991e-21  2.98517e-10 -5.15286e-21 -1.49346e-10  6.72569e-21 -2.40219e-11 -7.65052e-21  5.87061e-11  7.58007e-21 -1.28882e-11 -6.46484e-21 -1.38689e-11  4.59959e-21  6.49488e-12 -2.51925e-21  2.78007e-12  7.81322e-22 -1.90382e-12  2.67716e-22 -5.95459e-13 -6.13912e-22  4.30179e-13  5.08572e-22  1.48078e-13 -2.67005e-22  -7.4361e-14  8.89817e-23 -3.66619e-14 -1.59813e-23  7.78573e-15  3.47273e-24  7.35629e-15   -5.199e-24  2.33242e-16  4.13313e-24 -9.86619e-16 -1.27571e-24 -2.54301e-16 -3.58894e-25  5.62146e-17  5.48389e-25  4.15239e-17 -2.38123e-25  5.10036e-18  1.59878e-26 -2.35185e-18  3.41346e-26 -1.01929e-18 -1.45357e-26 -9.91126e-20 -7.70271e-28  3.82045e-20  1.97409e-27   1.5048e-20 -2.12626e-28  1.85847e-21 -1.46248e-28 -1.79251e-22  1.13007e-30  -1.0488e-22  2.36889e-29 -1.69481e-23 -3.80299e-30 -8.15361e-25 -8.04868e-31  1.83375e-25  1.23502e-31  4.30311e-26  4.11266e-32  4.16756e-27 -3.81497e-33  1.54508e-28  -1.7008e-33 -9.54603e-30  1.67639e-34 -1.51807e-30  1.53032e-35 -8.07761e-32 -2.52285e-37 -1.87025e-33 -7.70688e-38 -9.64918e-36 -4.68447e-40
-5.74927e-34 -2.31325e-20   1.7328e-32  1.02332e-18  -1.5396e-31 -2.39027e-17  5.44623e-32   3.7073e-16  1.04122e-29 -4.21735e-15 -1.06004e-28  3.71903e-14  5.46375e-28 -2.63212e-13 -1.16467e-27  1.53025e-12 -5.98812e-27 -7.42641e-12   7.7255e-26   3.0423e-11 -4.74033e-25 -1.05994e-10  2.12108e-24  3.15477e-10 -7.62264e-24 -8.03604e-10  2.28072e-23  1.75026e-09 -5.74848e-23 -3.24634e-09  1.21352e-22  5.08625e-09 -2.08125e-22 -6.63632e-09  2.63021e-22  7.03252e-09 -1.42524e-22 -5.76725e-09 -4.00123e-22  3.25549e-09  1.65521e-21 -7.30845e-10 -3.80186e-21 -6.51836e-10  6.71606e-21  7.09059e-10 -9.87339e-21  -1.8054e-10  1.24611e-20 -1.50702e-10 -1.36827e-20   1.1767e-10  1.30972e-20   8.7627e-12 -1.08138e-20 -3.66006e-11  7.46227e-21  4.24391e-12 -3.96436e-21  9.16483e-12   1.1859e-21  -1.7088e-12   4.0136e-22 -2.13918e-12 -8.66751e-22  3.35251e-13  6.68408e-22  4.71768e-13  -3.1106e-22 -2.04893e-14  7.77421e-23 -8.99717e-14 -5.67752e-25 -1.05328e-14 -1.26649e-24   1.2533e-14 -6.49338e-24  4.08721e-15  5.95915e-24 -8.22693e-16 -2.13207e-24 -7.05792e-16 -1.37384e-25 -7.78841e-17  5.49225e-25   5.4098e-17 -2.68493e-25  2.13404e-17  2.16405e-26  9.77044e-19  4.12745e-26 -1.36537e-18 -1.80904e-26 -4.20605e-19 -1.16894e-27 -2.65024e-20  2.52377e-27  1.51767e-20 -2.29551e-28  4.84455e-21 -1.88381e-28   5.3739e-22  4.51303e-31 -3.89783e-23  2.65665e-29 -2.24929e-23 -3.83323e-30 -3.43492e-24  -8.0567e-31 -2.02577e-25  1.06024e-31  1.56693e-26   3.8099e-32  4.31987e-27 -3.48465e-33  4.00204e-28 -1.35862e-33  1.73427e-29  1.16542e-34  2.98174e-32  1.21773e-35 -3.17306e-32 -1.28313e-37 -1.22484e-33 -3.49695e-38 -1.19265e-35
 4.65155e-21 -1.00328e-32 -3.65271e-19  1.60526e-31  1.13016e-17 -8.42148e-31  -2.1307e-16  -3.8207e-30  2.82735e-15   9.0994e-29  -2.8399e-14 -7.08656e-28  2.25495e-13  3.14043e-27 -1.45601e-12 -5.98812e-27   7.7942e-12  -2.8114e-26 -3.50595e-11  3.35607e-25  1.33749e-10 -1.92384e-24 -4.35347e-10  8.10493e-24  1.21294e-09 -2.76113e-23 -2.89441e-09  7.88289e-23  5.90255e-09 -1.90962e-22 -1.02292e-08  3.91336e-22  1.49103e-08 -6.63668e-22 -1.79558e-08  8.72842e-22  1.72983e-08 -6.89241e-22 -1.24709e-08 -4.04351e-22   5.5493e-09  2.93401e-21  2.72422e-11  -7.0927e-21 -2.10357e-09  1.24167e-20  1.33634e-09 -1.77521e-20  6.76316e-12  2.16366e-20 -4.46607e-10 -2.29092e-20  1.61655e-10  2.11824e-20  8.83365e-11  -1.6947e-20 -6.64162e-11  1.13587e-20 -1.36574e-11 -5.85284e-21  1.87523e-11  1.66876e-21  2.41335e-12   6.0057e-22 -4.39355e-12 -1.18203e-21  -6.9801e-13  8.41573e-22  8.56597e-13 -3.39176e-22  2.29658e-13  5.03616e-23 -1.23072e-13  2.13827e-23  -5.9265e-14 -6.97161e-24  8.03175e-15 -7.77863e-24  1.02535e-14  7.64084e-24  1.24207e-15 -2.95445e-24  -9.5425e-16  1.55671e-25 -3.75484e-16  5.09389e-25  1.05915e-19 -3.00836e-25  3.41804e-17  3.31539e-26  8.96238e-18  4.85603e-26 -1.34056e-19 -2.25798e-26 -6.09643e-19 -1.42268e-27 -1.47148e-19  3.07544e-27 -6.48736e-21  -2.3968e-28  4.64146e-21 -2.25196e-28   1.2819e-21 -4.83317e-31  1.34894e-22  2.73255e-29 -4.78796e-24 -3.50193e-30 -3.58623e-24  -7.1523e-31 -5.23958e-25  8.03799e-32 -3.43435e-26  3.20034e-32  3.00523e-28 -2.97306e-33  2.57179e-28  -1.0218e-33   2.2111e-29   7.4176e-35   8.7301e-31  8.76303e-36  1.23941e-32 -6.08829e-38 -1.09507e-34 -1.14328e-38
 3.61545e-33  1.00159e-19 -1.16849e-31 -4.49424e-18  1.17154e-30  1.06546e-16 -2.77817e-30 -1.67833e-15 -5.06849e-29  1.94041e-14  6.57105e-28 -1.74038e-13  -4.1929e-27  1.25381e-12   1.6315e-26 -7.42641e-12  -2.8114e-26  3.67541e-11 -1.21256e-25  -1.5371e-10  1.34447e-24  5.47361e-10 -7.21856e-24 -1.66743e-09  2.86789e-23  4.35418e-09 -9.26885e-23 -9.74056e-09  2.52447e-22  1.86009e-08 -5.86798e-22 -3.00995e-08   1.1623e-21  4.07412e-08 -1.92867e-21 -4.50996e-08  2.55599e-21  3.91378e-08 -2.31296e-21 -2.41704e-08  1.70548e-22  7.33731e-09  4.73628e-21  3.30204e-09 -1.24251e-20 -5.07005e-09  2.16217e-20  1.87182e-09 -3.00252e-20  7.92818e-10  3.52676e-20 -9.46869e-10  -3.5955e-20  7.13727e-11  3.21131e-20  2.64988e-10 -2.49388e-20 -7.31642e-11  1.62802e-20 -6.18069e-11 -8.14986e-21   2.3998e-11  2.19473e-21  1.42603e-11  8.83346e-22 -5.34795e-12 -1.55658e-21 -3.37056e-12  1.01602e-21  7.84707e-13 -3.44319e-22  7.37023e-13  7.51464e-24 -2.77361e-14  4.67776e-23 -1.26414e-13 -1.21627e-23 -2.08206e-14 -8.94958e-24  1.32904e-14  8.80838e-24  5.77128e-15  -3.6263e-24 -1.63972e-16   5.3498e-25 -6.61625e-16  4.16315e-25 -1.55374e-16 -3.37144e-25  1.70499e-17  5.28465e-26  1.66158e-17  5.54995e-26  3.16547e-18 -2.79153e-26 -1.97218e-19 -1.49406e-27 -2.17924e-19  3.56942e-27 -4.39416e-20 -2.36318e-28 -1.68181e-21 -2.49987e-28  1.08565e-21 -2.07771e-30  2.72101e-22  2.55904e-29  2.79706e-23 -2.85173e-30  1.13366e-26 -5.43782e-31  -3.9519e-25  5.27964e-32 -5.58802e-26  2.41331e-32 -3.70207e-27 -2.37825e-33 -7.32611e-29 -7.28473e-34  6.93174e-30  4.29093e-35  5.59783e-31  5.51376e-36  1.51492e-32 -2.68759e-38  1.10192e-34
-1.82946e-20  6.01504e-32  1.45734e-18 -1.03967e-30 -4.57692e-17  6.78459e-30  8.76452e-16  4.49369e-30  -1.1821e-14 -4.40148e-28  1.20773e-13  4.10372e-27 -9.76213e-13 -2.22824e-26  6.42216e-12   7.7255e-26 -3.50595e-11 -1.21256e-25  1.60992e-10 -4.82759e-25 -6.27702e-10  4.98792e-24  2.09085e-09 -2.51395e-23 -5.97039e-09  9.43357e-23  1.46274e-08 -2.89514e-22 -3.06918e-08  7.52391e-22  5.48767e-08 -1.67667e-21 -8.28305e-08  3.20142e-21   1.0385e-07 -5.16398e-21 -1.05097e-07  6.77503e-21  8.10817e-08 -6.47371e-21 -4.10189e-08  2.32786e-21  4.76726e-09  6.90108e-21  1.20344e-08 -2.05341e-20 -9.80294e-09  3.55898e-20  1.28208e-09 -4.78807e-20   2.7265e-09  5.40287e-20 -1.47685e-09 -5.29245e-20 -3.87926e-10  4.56713e-20  5.31324e-10 -3.45292e-20  1.57131e-11  2.20525e-20 -1.44242e-10 -1.07624e-20  5.29445e-12  2.71908e-21  3.45375e-11  1.25949e-21 -2.31752e-13 -1.97651e-21 -7.36347e-12  1.17466e-21 -7.10957e-13 -3.20784e-22   1.2767e-12 -4.68057e-23  3.30025e-13  7.06232e-23 -1.44206e-13 -1.50051e-23 -7.88729e-14  -9.8072e-24  2.11148e-15  9.06296e-24  1.03969e-14 -4.04584e-24  2.34156e-15  1.01703e-24 -4.78236e-16  2.60608e-25 -3.44049e-16 -3.79075e-25 -5.06544e-17  8.20832e-26  1.23248e-17  6.15511e-26  6.55448e-18 -3.37585e-26  9.64892e-19 -1.39839e-27 -8.88764e-20  3.93855e-27 -6.29061e-20 -2.12285e-28 -1.11235e-20 -2.56625e-28 -4.69237e-22  -4.6844e-30  1.87441e-22  2.14482e-29   4.4521e-23 -2.00225e-30  4.47908e-24 -3.19932e-31  1.17857e-25  2.89373e-32 -2.63471e-26  1.60632e-32  -3.7506e-27 -1.78205e-33 -2.28126e-28 -4.93278e-34 -6.06857e-30  2.21244e-35  1.90409e-32  2.89996e-36  3.66215e-33  -9.7297e-39
-1.95509e-32 -3.63697e-19  6.68908e-31  1.65671e-17 -7.44246e-30 -3.98975e-16   2.9776e-29  6.38862e-15  1.60094e-28 -7.51379e-14 -3.06518e-27  6.86096e-13  2.27083e-26 -5.03633e-12 -1.07467e-25   3.0423e-11  3.35607e-25  -1.5371e-10 -4.82759e-25  6.56976e-10 -1.78127e-24 -2.39393e-09  1.71971e-23   7.4729e-09 -8.15278e-23 -2.00291e-08  2.89389e-22  4.60789e-08 -8.44216e-22 -9.07127e-08  2.09443e-21  1.51801e-07 -4.47316e-21 -2.13413e-07  8.21982e-21  2.47021e-07 -1.28344e-20 -2.26843e-07  1.64909e-20  1.52523e-07  -1.6005e-20 -5.77424e-08  7.98687e-21 -1.08788e-08  8.93713e-21  3.00526e-08 -3.22063e-20 -1.49581e-08  5.55907e-20 -2.61316e-09 -7.21384e-20   6.1955e-09  7.78304e-20 -1.38922e-09 -7.30356e-20 -1.50989e-09   6.0936e-20  7.34904e-10 -4.50602e-20  3.07327e-10  2.83431e-20 -2.24415e-10 -1.35572e-20 -6.66328e-11  3.19825e-21  5.29847e-11  1.72557e-21  1.71316e-11 -2.41529e-21 -9.67726e-12  1.29554e-21 -4.46968e-12 -2.64607e-22  1.11499e-12 -1.05806e-22  9.50215e-13  8.69054e-23   9.9905e-15 -1.37378e-23 -1.35565e-13 -1.00666e-23 -3.25425e-14  8.05538e-24  8.57912e-15 -4.13911e-24  5.76781e-15  1.60918e-24  6.38957e-16  3.96454e-26 -3.50235e-16 -4.27009e-25  -1.4403e-16  1.20638e-25 -1.29997e-17  6.62185e-26  5.64899e-18 -3.95357e-26  2.14373e-18 -1.20742e-27  2.59737e-19  4.12287e-27 -2.53317e-20 -1.62989e-28 -1.45118e-20 -2.41218e-28 -2.33179e-21 -8.35163e-30 -1.18635e-22  1.54558e-29   2.2127e-23 -1.11581e-30  5.29374e-24 -8.37755e-32  5.11334e-25  1.20902e-32  2.04266e-26  9.15454e-33 -7.38947e-28 -1.24117e-33  -1.3327e-28 -3.15244e-34 -6.58348e-30  9.74908e-36 -1.31987e-31   1.1878e-36 -5.64252e-34
 6.05442e-20 -3.09755e-31 -4.89677e-18  5.72596e-30  1.56243e-16 -4.37495e-29  -3.0418e-15  7.78831e-29  4.17398e-14  1.56312e-27 -4.34204e-13  -1.8259e-26  3.57647e-12  1.13044e-25 -2.39976e-11 -4.74033e-25  1.33749e-10  1.34447e-24 -6.27702e-10 -1.78127e-24  2.50426e-09 -6.11128e-24  -8.5469e-09  5.52617e-23  2.50445e-08 -2.46877e-22 -6.30791e-08  8.30127e-22  1.36363e-07  -2.3045e-21  -2.5189e-07  5.46166e-21  3.94229e-07 -1.11802e-20 -5.15204e-07  1.97534e-20  5.48101e-07 -2.97726e-20 -4.51988e-07  3.72017e-20  2.56441e-07 -3.58775e-20  -5.6571e-08  2.03313e-20 -5.48741e-08  1.00022e-20  5.97618e-08 -4.83182e-20 -1.55631e-08  8.27536e-20  -1.3075e-08  -1.0287e-19   1.0587e-08  1.05386e-19  6.49258e-10 -9.43334e-20  -3.3926e-09   7.6203e-20  4.69993e-10 -5.55201e-20  8.71609e-10  3.47208e-20 -1.90956e-10 -1.63911e-20 -2.09764e-10  3.59775e-21  4.08215e-11  2.26385e-21  4.83004e-11 -2.83474e-21 -3.78575e-12  1.35349e-21 -9.74959e-12 -1.73898e-22 -8.51628e-13  -1.6117e-22  1.46156e-12   8.9924e-23  4.27936e-13  -7.1245e-24 -1.11288e-13 -9.43352e-24 -8.16159e-14  5.57506e-24 -7.14191e-15 -3.86411e-24  6.88536e-15   2.2985e-24  2.49419e-15 -2.40283e-25   6.7138e-17 -4.79433e-25 -1.73746e-16  1.66435e-25 -5.02341e-17  6.91764e-26 -2.64141e-18 -4.45402e-26  1.92819e-18  -1.0326e-27  5.83802e-19  4.08499e-27  6.23133e-20 -8.91744e-29 -4.81101e-21 -2.03508e-28 -2.60315e-21 -1.26877e-29 -3.88545e-22  8.52277e-30 -2.30283e-23 -3.47669e-31  1.48012e-24  1.23508e-31  4.18949e-25  2.63376e-33  3.76071e-26  4.18439e-33  1.59624e-27 -7.90744e-34  1.08116e-29 -1.87067e-34 -1.73823e-30  3.35904e-36 -5.35452e-32  3.23879e-37
 9.13155e-32  1.11493e-18 -3.29133e-30 -5.16067e-17  3.99073e-29  1.26372e-15 -2.10467e-28 -2.05908e-14 -1.47284e-28  2.46614e-13  1.10318e-26 -2.29505e-12 -9.59382e-26   1.7185e-11  5.11587e-25 -1.05994e-10 -1.92384e-24  5.47361e-10  4.98792e-24 -2.39393e-09 -6.11128e-24  8.93757e-09 -1.95495e-23 -2.86267e-08  1.65916e-22  7.88577e-08 -6.99639e-22 -1.86833e-07  2.23174e-21  3.79706e-07 -5.90269e-21 -6.58031e-07  1.33754e-20  9.62171e-07 -2.62519e-20 -1.16578e-06  4.45767e-20  1.13312e-06 -6.47353e-20 -8.26436e-07  7.82811e-20  3.72986e-07 -7.39819e-20  2.14346e-09  4.39524e-20 -1.47469e-07  9.14259e-21  9.66543e-08 -7.00322e-20 -8.98195e-10  1.17952e-19 -3.30133e-08 -1.39048e-19   1.2961e-08  1.33905e-19  6.46198e-09 -1.13622e-19 -5.43205e-09  8.91166e-20  -9.1869e-10 -6.47118e-20  1.58178e-09  4.07545e-20   1.4243e-10 -1.91395e-20 -3.86421e-10    3.893e-21 -4.54324e-11  2.84606e-21  7.98668e-11 -3.18948e-21  1.77994e-11  1.32378e-21  -1.2531e-11 -4.93927e-23 -5.20919e-12 -2.04804e-22  1.03248e-12   7.5776e-23  9.96667e-13  5.20698e-24  8.63174e-14 -7.73968e-24 -1.04019e-13  1.62476e-24 -3.61374e-14 -3.20784e-24  1.31609e-15  3.04623e-24  3.69582e-15 -5.64179e-25  8.75733e-16 -5.33104e-25 -3.85541e-17  2.15812e-25 -6.65846e-17  7.03922e-26 -1.48869e-17 -4.80974e-26 -4.59941e-19 -9.90232e-28  5.08089e-19    3.821e-27  1.31018e-19  1.96665e-30   1.3066e-20 -1.47462e-28 -5.37697e-22 -1.69301e-29 -3.46427e-22   1.6991e-30 -4.85234e-23  1.98311e-31   -3.091e-24  2.70379e-31  1.43207e-26 -1.20328e-33  1.90784e-26  1.24548e-33  1.53172e-27 -4.49403e-34  5.45423e-29 -1.00403e-34  6.95358e-31  7.13366e-37 -1.77634e-33
-1.69417e-19   1.3794e-30  1.39261e-17  -2.7081e-29 -4.51907e-16  2.32699e-28  8.95413e-15 -7.93932e-28 -1.25146e-13 -3.61055e-27  1.32704e-12  6.44301e-26 -1.11518e-11 -4.52653e-25  7.64127e-11  2.12108e-24 -4.35347e-10 -7.21856e-24  2.09085e-09  1.71971e-23  -8.5469e-09 -1.95495e-23  2.99292e-08 -5.84443e-23 -9.01239e-08  4.66375e-22  2.33696e-07 -1.85919e-21 -5.21269e-07  5.63388e-21   9.9626e-07 -1.42145e-20 -1.61913e-06   3.0827e-20  2.20854e-06 -5.80465e-20 -2.47214e-06   9.4722e-20  2.17749e-06  -1.3238e-19   -1.372e-06  1.54383e-19  4.31688e-07 -1.41611e-19  1.87032e-07  8.45043e-20 -3.04587e-07  5.94392e-21  1.20467e-07 -9.91916e-20  4.56152e-08  1.61764e-19 -6.13037e-08 -1.78332e-19  6.86493e-09  1.59065e-19  1.72636e-08 -1.26727e-19 -5.72447e-09  9.70422e-20 -4.03166e-09 -7.15211e-20  1.91504e-09  4.61206e-20  9.45531e-10 -2.17124e-20 -4.53784e-10  4.06285e-21 -2.35269e-10     3.44e-21   7.5595e-11  -3.4342e-21  5.56733e-11  1.18768e-21 -5.50973e-12  1.04701e-22 -1.04981e-11 -2.30656e-22 -1.23273e-12  4.36193e-23  1.25651e-12  2.26371e-23  4.60018e-13 -5.08937e-24 -3.86528e-14 -3.54623e-24 -6.06142e-14 -2.18045e-24 -1.21249e-14  3.79223e-24  2.15862e-15 -9.10881e-25  1.53646e-15  -5.8405e-25  2.56535e-16  2.64217e-25  -2.7179e-17  7.01758e-26 -2.05184e-17 -4.97358e-26  -3.7814e-18 -1.15955e-27 -8.94711e-20  3.36316e-27  1.02831e-19  9.80188e-29  2.36205e-20 -8.07234e-29  2.27437e-21    -2.02e-29 -1.07304e-23 -4.06806e-30 -3.16961e-23  4.91131e-31 -4.18923e-24  3.42442e-31 -2.61386e-25 -1.94068e-33   -5.126e-27 -8.58816e-35  3.65519e-28 -2.19841e-34  2.59372e-29 -4.69271e-35  5.24186e-31 -2.36598e-39
-3.70051e-31  -2.8951e-18  1.40259e-29  1.36318e-16 -1.82851e-28 -3.39814e-15  1.14781e-27  5.64071e-14 -1.95318e-27 -6.88811e-13 -2.95633e-26  6.54134e-12  3.27263e-25 -5.00284e-11 -1.94052e-24  3.15477e-10  8.10493e-24 -1.66743e-09 -2.51395e-23   7.4729e-09  5.52617e-23 -2.86267e-08 -5.84443e-23  9.42198e-08 -1.63603e-22 -2.67165e-07  1.22945e-21  6.52879e-07 -4.64006e-21 -1.37196e-06  1.33761e-20  2.46614e-06 -3.22366e-20 -3.75608e-06  6.69872e-20  4.76978e-06 -1.21108e-19  -4.9095e-06  1.89967e-19  3.87361e-06 -2.55316e-19 -2.02675e-06  2.86422e-19  2.76321e-07 -2.53171e-19  5.90355e-07  1.47601e-19 -5.16363e-07  1.62843e-21  8.58637e-08 -1.38837e-19  1.41073e-07  2.14475e-19 -8.69255e-08 -2.17064e-19 -1.72279e-08  1.75375e-19  3.13906e-08 -1.29128e-19 -8.97253e-10  9.76298e-20 -8.68109e-09 -7.52104e-20  8.83287e-10  5.06765e-20  2.15628e-09 -2.40484e-20 -1.61352e-10  4.08113e-21 -4.88904e-10  4.01529e-21 -1.55097e-11 -3.53224e-21  9.27936e-11  9.38922e-22  1.78586e-11  2.79762e-22 -1.21601e-11   -2.362e-22  -5.2954e-12 -3.63445e-24  5.19218e-13  4.36722e-23  8.10599e-13 -1.95292e-24  1.43932e-13 -9.46939e-24 -4.86342e-14 -8.11109e-25  -2.6694e-14  4.46912e-24 -3.01137e-15   -1.257e-24  1.21215e-15 -6.28973e-25  5.20691e-16  3.07142e-25  6.45111e-17  6.90996e-26 -9.85669e-18 -4.93047e-26 -5.12813e-18 -1.54939e-27  -8.1894e-19  2.77351e-27 -2.28076e-20  1.84589e-28  1.54607e-20 -1.29519e-29  3.27897e-21 -2.18184e-29  3.05339e-22 -8.13609e-30  6.63241e-24  5.65535e-31 -1.74073e-24  3.44244e-31 -2.22252e-25 -1.63241e-33 -1.21936e-26 -4.39616e-34 -2.87636e-28 -8.79267e-35  3.04754e-31  -1.7962e-35  7.45005e-32
