 7.47908e-31  -2.3794e-45 -5.59617e-29  2.38879e-43  1.64541e-27 -7.84179e-42 -2.93901e-26  1.55293e-40  3.68312e-25 -2.21119e-39 -3.48203e-24  2.45611e-38  2.59305e-23 -2.22337e-37 -1.56431e-22  1.68466e-36  7.79176e-22 -1.08788e-35 -3.24674e-21  6.06494e-35  1.14181e-20 -2.94716e-34 -3.40761e-20  1.25735e-33  8.65169e-20 -4.73553e-33   -1.868e-19  1.58098e-32  3.41742e-19 -4.69237e-32 -5.25619e-19  1.24039e-31  6.70193e-19 -2.92237e-31 -6.90981e-19  6.13327e-31   5.4891e-19 -1.14426e-30  -2.9879e-19  1.88963e-30  6.43694e-20 -2.74061e-30  5.47467e-20  3.44089e-30 -5.62212e-20 -3.63241e-30  1.28085e-20  3.00157e-30  1.13845e-20 -1.47094e-30 -7.87078e-21 -6.83173e-31 -8.80696e-22   2.8902e-30  2.27883e-21 -4.51514e-30 -1.46036e-22   5.1315e-30 -5.29231e-22  -4.6827e-30  6.28389e-23  3.46118e-30  1.12634e-22 -1.94747e-30 -9.39887e-24  6.06718e-31 -2.20272e-23  2.69897e-31 -4.78278e-25 -6.27364e-31  3.61835e-24  6.01429e-31  6.22571e-25 -4.02447e-31 -4.16663e-25  2.00354e-31  -1.6362e-25  -7.1509e-32   1.7759e-26   1.4994e-32  2.26099e-26   5.7352e-34    3.349e-27  -1.8366e-33 -1.36036e-27  8.74898e-34 -6.20871e-28  -3.7955e-34 -4.62525e-29  1.94631e-34  3.21753e-29  -8.7307e-35   1.0771e-29  2.87141e-35  8.15836e-31 -8.32389e-36 -3.31599e-31  3.24829e-36  -1.1034e-31 -1.39984e-36 -1.21556e-32  4.59501e-37  8.84975e-34 -1.09551e-37  4.92963e-34  1.72005e-38  7.19822e-35   2.3158e-40  3.56956e-36 -7.06341e-40 -4.59858e-37 -2.14199e-41 -1.02608e-37  6.07295e-41 -8.57072e-39 -1.19717e-41 -3.02634e-40  1.39627e-42  6.08159e-42 -1.55211e-43  1.22979e-42  3.40411e-45  5.00893e-44    7.309e-46  7.51394e-46 -1.82615e-47
 -2.3794e-45  8.00643e-29 -1.30574e-43 -3.40997e-27  9.29885e-42  7.64967e-26 -2.45318e-40 -1.13657e-24  4.14014e-39  1.23522e-23 -5.20586e-38 -1.03769e-22  5.22426e-37  6.97525e-22 -4.34115e-36 -3.83914e-21  3.05467e-35  1.75778e-20 -1.84771e-34 -6.76816e-20  9.71146e-34   2.2072e-19 -4.47079e-33 -6.12104e-19  1.81371e-32  1.44518e-18 -6.51391e-32 -2.89963e-18  2.07829e-31  4.91759e-18 -5.90498e-31 -6.97745e-18  1.49631e-30  8.13466e-18 -3.38318e-30  -7.5405e-18  6.82115e-30  5.18803e-18 -1.22388e-29 -2.16373e-18  1.94646e-29 -6.41893e-20 -2.72464e-29  7.81897e-19  3.31478e-29 -4.43862e-19 -3.42023e-29 -2.38877e-20    2.829e-29  1.42976e-19 -1.55541e-29 -4.07007e-20 -1.13757e-30 -2.84692e-20  1.72055e-29   1.6196e-20 -2.83455e-29  4.81263e-21  3.22839e-29 -4.21234e-21 -2.93541e-29 -9.13645e-22  2.18534e-29  8.78935e-22 -1.28292e-29  2.20169e-22  4.94856e-30 -1.45949e-22   2.2964e-31 -5.44775e-23 -2.47448e-30   1.6294e-23  2.58124e-30   1.0897e-23 -1.71989e-30 -3.17703e-25  8.09707e-31 -1.48532e-24 -2.48865e-31 -2.79037e-25   2.5703e-32  1.01277e-25  1.96699e-32  5.19004e-26  -1.3182e-32  3.19108e-27   5.0491e-33 -3.53621e-27 -2.09816e-33 -1.11109e-27  1.10721e-33 -3.67088e-29 -5.06402e-34  5.71799e-29  1.73555e-34  1.56094e-29 -5.44376e-35  1.01406e-30  2.06427e-35 -3.92219e-31 -7.70239e-36 -1.19096e-31  2.17837e-36 -1.30425e-32 -4.68104e-37  3.64592e-34  6.80325e-38  3.23508e-34  4.24168e-39  4.70348e-35   -3.887e-39   2.8904e-36 -4.33117e-41 -6.99162e-38  2.54884e-40 -2.78139e-38 -4.54016e-41 -2.29997e-39   4.4471e-42 -9.25118e-41 -4.16273e-43 -6.78568e-43  6.37015e-45  4.18744e-44  1.22155e-45  7.85225e-46
-5.59617e-29 -1.30574e-43  4.22614e-27 -4.10652e-42 -1.25436e-25  2.22521e-40  2.26268e-24 -4.85615e-39 -2.86489e-23  7.09608e-38  2.73782e-22 -7.95857e-37 -2.06199e-21  7.27189e-36  1.25877e-20 -5.58452e-35 -6.34861e-20  3.67172e-34  2.68044e-19 -2.09202e-33  -9.5588e-19  1.04183e-32  2.89528e-18 -4.56387e-32 -7.46827e-18  1.76724e-31  1.64025e-17 -6.07181e-31 -3.05708e-17  1.85623e-30  4.79983e-17 -5.05942e-30 -6.26501e-17  1.23094e-29  6.64148e-17 -2.67399e-29  -5.4694e-17  5.18272e-29  3.15296e-17 -8.94451e-29 -8.29907e-18  1.36936e-28  -4.6624e-18 -1.84766e-28  5.84881e-18  2.17259e-28 -1.73237e-18 -2.17994e-28 -1.00957e-18   1.7827e-28  8.94107e-19 -1.03669e-28  1.47474e-20  1.35395e-29 -2.44226e-19  6.72957e-29  3.82019e-20 -1.19578e-28  5.50157e-20  1.36474e-28 -1.23729e-20 -1.23179e-28 -1.17677e-20  9.16673e-29  2.28069e-21 -5.49757e-29  2.41561e-21  2.34148e-29   -1.906e-22 -2.65951e-30 -4.34506e-22 -6.65984e-30 -3.39793e-23  7.73628e-30   5.8443e-23 -5.09383e-30  1.57383e-23  2.20164e-30 -4.16154e-24 -5.02755e-31 -2.74595e-24 -8.14309e-32  -1.8638e-25  1.29871e-31   2.2309e-25  -6.2371e-32  7.07175e-26  2.13622e-32  -3.8796e-28 -8.59493e-33 -5.15915e-27  4.49453e-33 -1.24274e-27 -2.03528e-33 -9.59484e-30  7.08629e-34  5.93908e-29 -2.32979e-34  1.40724e-29  8.67925e-35  9.02466e-31 -2.91289e-35 -2.56019e-31  7.14946e-36 -7.50863e-32 -1.34975e-36 -8.31478e-33  1.70916e-37  -7.6974e-35  2.51709e-38  1.06719e-34 -1.40493e-38  1.57494e-35 -3.67613e-41   1.0439e-36  7.20812e-40  1.71981e-38 -1.13914e-40  -2.7181e-39  9.18763e-42 -2.30838e-40 -7.09188e-43 -6.50472e-42  6.89248e-45 -6.45996e-44  1.00631e-45
 2.38879e-43 -3.40997e-27 -4.10652e-42  1.46608e-25 -8.89469e-41  -3.3214e-24  3.82242e-39  4.98586e-23 -7.02671e-38 -5.47723e-22   8.9801e-37  4.65344e-21  -9.0497e-36  -3.1652e-20  7.58189e-35  1.76388e-19 -5.42032e-34 -8.18242e-19  3.35438e-33  3.19441e-18 -1.81296e-32 -1.05713e-17  8.60995e-32  2.97782e-17 -3.60946e-31 -7.14949e-17  1.34057e-30  1.46075e-16 -4.42395e-30 -2.52714e-16  1.30014e-29  3.66646e-16 -3.40831e-29 -4.38598e-16  7.97744e-29  4.19589e-16 -1.66735e-28 -3.01587e-16  3.10944e-28  1.36977e-16 -5.16371e-28 -6.55541e-18  7.60832e-28 -4.26954e-17 -9.88591e-28  2.83176e-17  1.12119e-27 -9.63564e-19  -1.0895e-27 -8.23033e-18  8.72837e-28  3.13117e-18  -5.1914e-28  1.43354e-18  1.27803e-28 -1.12827e-18  1.96899e-28 -1.94002e-19 -3.91099e-28  2.88145e-19  4.47444e-28   3.0855e-20 -3.99706e-28 -6.16906e-20  2.95866e-28 -8.58815e-21 -1.79068e-28  1.10609e-20  8.01149e-29  2.69291e-21 -1.52164e-29 -1.47881e-21 -1.43426e-29 -6.50413e-22    1.872e-29  9.63161e-23 -1.19244e-29  1.05581e-22  4.42216e-30  1.05621e-23 -3.32935e-31 -9.53628e-24 -7.51946e-31 -3.31753e-24  5.60971e-31  9.61343e-26 -2.32283e-31  3.05244e-25  7.49184e-32  6.80965e-26  -2.9286e-32  -4.0468e-27  1.48674e-32 -5.12635e-27 -6.56137e-33 -1.01617e-27  2.27966e-33  1.86788e-30 -7.68497e-34  4.16433e-29  2.82343e-34  8.97138e-30 -8.72868e-35  6.21874e-31  1.86804e-35 -1.00167e-31 -2.98823e-36 -3.05402e-32  2.94559e-37 -3.40311e-33  9.45504e-38 -1.17689e-34 -3.85897e-38  1.74996e-35  3.71861e-41  2.83498e-36  1.57034e-39  1.85155e-37  -2.1696e-40  5.07534e-39  1.40887e-41 -6.24033e-41 -8.68425e-43 -5.35812e-42  4.42162e-45  -7.1164e-44
 1.64541e-27  9.29885e-42 -1.25436e-25 -8.89469e-41  3.75984e-24  -1.4349e-39 -6.85227e-23   5.0011e-38   8.7697e-22 -7.80278e-37 -8.47549e-21  8.75153e-36    6.459e-20 -7.95923e-35 -3.99209e-19  6.15781e-34   2.0398e-18 -4.13707e-33 -8.73127e-18  2.43545e-32  3.15927e-17 -1.26177e-31 -9.71811e-17  5.76915e-31  2.54847e-16 -2.33354e-30 -5.69755e-16  8.36922e-30  1.08265e-15 -2.66724e-29 -1.73658e-15  7.56769e-29  2.32228e-15 -1.91434e-28  -2.5333e-15  4.32124e-28  2.16397e-15 -8.70536e-28 -1.31973e-15  1.56392e-27  4.09452e-16 -2.50063e-27   1.4669e-16  3.54618e-27 -2.39043e-16  -4.4343e-27  8.83425e-17  4.84261e-27  3.30283e-17  -4.5421e-27 -3.95694e-17  3.53953e-27  3.00797e-18 -2.10734e-27  1.01084e-17   6.6072e-28 -2.63597e-18  4.43237e-28 -2.17437e-18 -1.04825e-27   7.8004e-19  1.20246e-27   4.6241e-19 -1.05954e-27 -1.56525e-19  7.76719e-28 -9.96969e-20 -4.70133e-28  2.03189e-20  2.14447e-28  1.97009e-20 -4.80619e-29 -4.55872e-22 -2.71379e-29 -3.04819e-21  3.84543e-29 -5.06576e-22 -2.25476e-29    2.907e-22  5.82155e-30  1.23579e-22  2.20487e-30 -3.40193e-24 -3.28349e-30 -1.30947e-23  1.91298e-30 -2.87723e-24 -7.27935e-31  3.57262e-25  2.25824e-31  2.98827e-25 -8.59366e-32  5.04092e-26  4.21708e-32 -4.96686e-27 -1.80146e-32 -3.73725e-27  6.15373e-33 -6.45687e-28 -2.09086e-33 -1.78744e-30  7.59756e-34   2.0521e-29  -2.2006e-34  4.16552e-30  4.11425e-35  3.18368e-31 -5.26099e-36 -2.12098e-32  2.88738e-37  -7.9748e-33  2.65152e-37 -8.85996e-34 -8.56308e-38 -4.21663e-35  2.06126e-40  8.88569e-37    2.772e-39  2.48484e-37 -3.30372e-40   1.4275e-38  1.67865e-41  3.30611e-40 -7.84392e-43  2.52106e-42  1.24946e-45
-7.84179e-42  7.64967e-26  2.22521e-40  -3.3214e-24  -1.4349e-39  7.60235e-23 -1.78687e-38 -1.15353e-21  5.06642e-37  1.28153e-20 -6.65094e-36 -1.10166e-19  6.48819e-35  7.58637e-19 -5.31943e-34 -4.28286e-18  3.83618e-33  2.01408e-17 -2.46377e-32 -7.97722e-17  1.40768e-31   2.6806e-16 -7.12736e-31 -7.67497e-16  3.19017e-30  1.87516e-15 -1.26187e-29 -3.90431e-15  4.41606e-29  6.89578e-15 -1.36994e-28 -1.02383e-14  3.77473e-28  1.25774e-14  -9.2542e-28 -1.24272e-14    2.021e-27  9.33306e-15 -3.93309e-27  -4.5932e-15  6.81702e-27   5.4559e-16 -1.05044e-26  1.21296e-15  1.43416e-26 -9.49932e-16 -1.72521e-26  1.11921e-16  1.81193e-26   2.4554e-16 -1.63597e-26  -1.2186e-16  1.23309e-26 -3.46048e-17 -7.23937e-27  4.05279e-17  2.54691e-27  2.42961e-18  7.30574e-28 -1.01323e-17 -2.35921e-27 -1.09229e-20  2.71134e-27  2.21065e-18 -2.34296e-27  7.16983e-20  1.69001e-27 -4.22676e-19 -1.01217e-27 -5.53855e-20  4.58154e-28  6.45355e-20 -1.04408e-28   1.8707e-20 -4.90551e-29 -6.18436e-21  6.68189e-29 -3.74781e-21 -3.16039e-29 -1.30548e-23 -6.25179e-31  4.28666e-22  1.26787e-29  1.01301e-22 -1.08469e-29  -1.6711e-23  5.53154e-30 -1.28845e-23 -1.98184e-30 -1.88699e-24  5.94126e-31  4.31996e-25 -2.20798e-31  2.23242e-25  1.05376e-31  3.03411e-26  -4.3481e-32 -3.52174e-27  1.44003e-32 -2.05949e-27 -4.86407e-33 -3.24981e-28  1.75621e-33 -5.54648e-30 -4.83245e-34  7.06587e-30  7.89024e-35  1.39373e-30 -7.25482e-36  1.14574e-31 -1.67942e-37 -9.07858e-34  5.96684e-37 -1.25566e-33 -1.58757e-37 -1.37777e-34  5.03162e-40 -6.94789e-36  4.06233e-39 -8.78907e-38 -4.11939e-40  7.66698e-39  1.57394e-41  3.35841e-40 -5.07942e-43  3.74713e-42
-2.93901e-26 -2.45318e-40  2.26268e-24  3.82242e-39 -6.85227e-23 -1.78687e-38   1.2623e-21  -1.7214e-37 -1.63375e-20  3.84426e-36   1.5976e-19 -4.01889e-35 -1.23258e-18  3.22756e-34  7.71724e-18 -2.33202e-33 -3.99717e-17  1.60509e-32  1.73568e-16 -1.03909e-31 -6.37626e-16  6.10451e-31  1.99324e-15 -3.17161e-30 -5.31779e-15  1.44157e-29   1.2111e-14 -5.72352e-29 -2.34813e-14   1.9903e-28  3.85102e-14 -6.08576e-28 -5.28065e-14  1.64263e-27  5.93263e-14 -3.92634e-27 -5.25978e-14  8.33004e-27  3.39049e-14  -1.5705e-26 -1.21005e-14  2.63119e-26 -2.46314e-15 -3.91185e-26  5.92384e-15  5.14482e-26 -2.67038e-15 -5.95342e-26 -5.76373e-16  6.00813e-26  1.05412e-15   -5.211e-26 -1.79574e-16  3.78196e-26 -2.47864e-16 -2.16529e-26  9.61177e-17  8.04185e-27  4.95083e-17  6.21834e-28 -2.71703e-17 -4.47249e-27 -1.02593e-17  5.13035e-27  5.73597e-18 -4.28955e-27  2.33574e-18  2.99801e-27 -8.95266e-19 -1.73835e-27 -5.14865e-19  7.46689e-28   7.6153e-20 -1.43622e-28  9.17968e-20  -8.8831e-29  6.04809e-21  8.87362e-29 -1.09002e-20 -1.54151e-29 -3.09362e-21 -3.56181e-29  5.08713e-22   4.4459e-29  4.34826e-22 -3.01802e-29  5.88282e-23  1.40424e-29 -2.16681e-23 -4.77178e-30 -9.77665e-24  1.37775e-30 -9.77556e-25 -5.02609e-31  3.37092e-25  2.35942e-31  1.31378e-25 -9.39834e-32  1.54055e-26  2.97478e-32 -1.64393e-27  -9.8845e-33 -8.60841e-28   3.5745e-33 -1.28341e-28 -9.46142e-34 -4.45357e-30  1.34706e-34  1.62134e-30 -7.00705e-36  3.23725e-31 -1.52602e-36  2.74037e-32     1.12e-36  6.30766e-34 -2.51047e-37 -1.00981e-34  1.01527e-39 -1.13884e-35   5.0016e-39 -5.10541e-37 -4.24639e-40 -9.11612e-39  1.14849e-41  2.71551e-42   -2.078e-43
 1.55293e-40 -1.13657e-24 -4.85615e-39  4.98586e-23   5.0011e-38 -1.15353e-21  -1.7214e-37  1.77004e-20 -1.21145e-36 -1.98966e-19  1.79539e-35  1.73156e-18 -9.78252e-35 -1.20788e-17  2.19866e-34  6.91201e-17  3.86046e-35 -3.29718e-16  6.70888e-33  1.32574e-15 -1.44875e-31  -4.5266e-15  1.42696e-30  1.31825e-14 -9.60677e-30 -3.27995e-14  4.99951e-29  6.96493e-14 -2.12695e-28 -1.25689e-13  7.62852e-28  1.91137e-13 -2.35067e-27 -2.41337e-13  6.30036e-27  2.46473e-13 -1.48092e-26 -1.93455e-13  3.06914e-26  1.02739e-13 -5.62578e-26 -1.89887e-14  9.13196e-26 -2.23301e-14 -1.31186e-25  2.10757e-14  1.66339e-25  -4.2274e-15 -1.85206e-25 -4.72525e-15  1.79521e-25  3.05826e-15 -1.49349e-25  4.42991e-16  1.04007e-25 -9.45179e-16 -5.75813e-26  4.57488e-17  2.17924e-26  2.29731e-16  -1.1148e-27 -2.54304e-17  -6.9472e-27 -5.06961e-17  7.84806e-27  4.12288e-18 -6.09203e-27  1.02629e-17     3.91e-27  2.08388e-19 -2.02827e-27 -1.75176e-18  6.92933e-28 -2.96961e-19 -2.02145e-30   2.1152e-19 -1.53135e-28  8.19358e-20   4.0114e-29 -1.00152e-20  9.67714e-29 -1.18668e-20 -1.49454e-28 -1.68029e-21  1.25481e-28  7.58581e-22 -7.38669e-29  3.35189e-22  3.19026e-29  2.26787e-23 -1.02755e-29 -1.82842e-23  2.83772e-30 -5.95262e-24 -1.02384e-30 -4.24699e-25   4.7896e-31  1.90141e-25  -1.8393e-31  6.16082e-26  5.47863e-32  6.66432e-27 -1.77857e-32 -4.97066e-28  6.52172e-33 -2.68249e-28 -1.67957e-33 -3.85501e-29  2.08167e-34 -1.92818e-30  -1.8217e-36  2.19099e-31 -4.17292e-36  4.88507e-32  1.79405e-36  4.04669e-33 -3.43148e-37  1.43012e-34  1.87604e-39 -2.21091e-36  5.19423e-39 -3.91422e-37 -3.61309e-40  -1.2439e-38    6.239e-42 -1.06439e-40
 3.68312e-25  4.14014e-39 -2.86489e-23 -7.02671e-38   8.7697e-22  5.06642e-37 -1.63375e-20 -1.21145e-36  2.13947e-19 -4.45579e-36 -2.11797e-18 -3.05324e-35  1.65522e-17  1.45068e-33 -1.05044e-16 -1.73999e-32  5.51862e-16  1.28716e-31  -2.4325e-15 -6.75122e-31  9.07879e-15  2.53423e-30 -2.88619e-14 -5.83756e-30   7.8396e-14 -1.78459e-30 -1.82023e-13  9.77036e-29  3.60384e-13 -5.90143e-28 -6.04834e-13  2.41512e-27  8.51189e-13 -7.85071e-27 -9.85706e-13  2.13889e-26  9.07602e-13 -5.00816e-26 -6.17927e-13  1.02152e-25  2.49306e-13 -1.82873e-25  1.97252e-14   2.8841e-25 -1.02491e-13 -4.01039e-25  5.57709e-14   4.9078e-25  4.82752e-15 -5.26089e-25 -1.94748e-14  4.89808e-25  5.29619e-15  -3.9055e-25  4.09747e-15  2.60344e-25 -2.28847e-15 -1.38491e-25 -7.17214e-16  5.22081e-26  6.27005e-16 -7.13082e-27  1.37868e-16 -7.82613e-27 -1.37083e-16  8.18253e-27 -3.37948e-17 -4.67551e-27  2.39605e-17  1.62307e-27  8.69116e-18  1.87646e-28 -2.87572e-18 -8.80749e-28 -1.82921e-18  7.35922e-28  8.80087e-20 -2.02338e-28  2.64527e-19 -2.72108e-28  4.58885e-20  4.77851e-28 -1.97119e-20 -4.47554e-28 -9.42854e-21  3.07052e-28 -4.33667e-22  -1.6252e-28  6.95419e-22  6.56123e-29  2.06376e-22 -1.99405e-29  3.94699e-24  5.22324e-30  -1.1467e-23 -1.88309e-30 -2.97318e-24  8.88888e-31  -1.6883e-25 -3.27922e-31  7.97831e-26  9.03304e-32  2.28989e-26   -2.859e-32  2.40178e-27  1.08163e-32  -8.0153e-29 -2.73614e-33 -5.99343e-29  2.94953e-34 -8.38968e-30  1.06197e-35 -5.00493e-31 -8.13125e-36  1.06356e-32  2.48684e-36   4.2656e-33 -4.08943e-37  3.29928e-34  3.12265e-39  1.14909e-35  4.53699e-39  1.08043e-37 -2.49822e-40 -2.84143e-39  2.20691e-42
-2.21119e-39  1.23522e-23  7.09608e-38 -5.47723e-22 -7.80278e-37  1.28153e-20  3.84426e-36 -1.98966e-19 -4.45579e-36  2.26415e-18  2.97085e-35 -1.99594e-17 -1.81855e-33   1.4112e-16  2.76429e-32 -8.19068e-16   -2.512e-31  3.96583e-15  1.64625e-30 -1.61989e-14 -8.33092e-30  5.62393e-14  3.33317e-29 -1.66713e-13 -1.04443e-28  4.22755e-13  2.38994e-28 -9.16301e-13 -2.74996e-28  1.69097e-12 -7.00919e-28 -2.63616e-12   5.7031e-27  3.42422e-12 -2.21247e-26 -3.61759e-12  6.41294e-26  2.96831e-12  -1.5269e-25 -1.69532e-12  3.09728e-25  4.19278e-13 -5.44605e-25  2.89092e-13  8.37211e-25 -3.41427e-13 -1.12909e-24    9.742e-14  1.33532e-24  6.35589e-14 -1.37929e-24 -5.50417e-14  1.23415e-24 -1.28981e-15 -9.43153e-25  1.57753e-14   6.0107e-25 -2.55412e-15 -3.05851e-25 -3.68076e-15  1.13059e-25  8.86499e-16 -2.23144e-26  8.13201e-16 -1.99674e-27 -1.77094e-16 -1.14511e-27 -1.73698e-16  8.19344e-27  1.81086e-17 -1.12625e-26  3.29157e-17  1.01894e-26  1.81955e-18 -6.76099e-27 -4.74273e-18  2.88117e-27 -1.15811e-18 -1.12877e-29  3.82395e-19 -1.32592e-27  2.23813e-19  1.49042e-27   9.7448e-21 -1.12323e-27 -2.00893e-20    6.719e-28 -5.81938e-21 -3.25351e-28  1.92126e-22  1.23037e-28  4.72896e-22 -3.50541e-29  1.04852e-22  8.63296e-30 -1.41163e-24 -3.15291e-30 -5.57694e-24  1.51687e-30 -1.22777e-24 -5.33944e-31 -6.55426e-26   1.3322e-31   2.4686e-26  -4.1306e-32  6.60558e-27  1.64942e-32  6.87306e-28 -4.12358e-33   2.2503e-30  3.86761e-34 -8.95536e-30   3.0641e-35 -1.23503e-30 -1.28165e-35 -7.71193e-32  3.00818e-36 -1.11615e-33 -4.27198e-37  1.70853e-34  4.49845e-39  1.19837e-35  3.29667e-39  2.95096e-37 -1.34411e-40  1.84938e-39
-3.48203e-24 -5.20586e-38  2.73782e-22   8.9801e-37 -8.47549e-21 -6.65094e-36   1.5976e-19  1.79539e-35 -2.11797e-18  2.97085e-35  2.12381e-17  8.02235e-34 -1.68229e-16  -2.4968e-32  1.08281e-15  3.01951e-31 -5.77384e-15 -2.40906e-30  2.58516e-14  1.44865e-29 -9.80965e-14 -6.93104e-29  3.17381e-13  2.70185e-28 -8.78391e-13 -8.62487e-28  2.08094e-12  2.21871e-27 -4.21089e-12 -4.32022e-27  7.23862e-12  4.83672e-27 -1.04646e-11  5.29836e-27  1.25025e-11 -4.87796e-26 -1.19636e-11  1.67822e-25  8.59805e-12 -4.20989e-25 -3.87123e-12  8.61826e-25  9.89933e-14 -1.49877e-24  1.32466e-12    2.254e-24 -8.70082e-13 -2.95446e-24  2.28608e-14  3.38153e-24  2.66999e-13 -3.36973e-24 -1.03742e-13  2.90078e-24 -4.76386e-14  -2.1265e-24  3.92784e-14  1.29567e-24  6.23072e-15 -6.28957e-25  -1.0464e-14  2.25364e-25 -8.99583e-16 -5.48354e-26  2.34499e-15  2.16866e-26  2.63807e-16 -3.68897e-26 -4.45457e-16  5.16333e-26  -9.4098e-17 -5.17089e-26  6.47752e-17  3.95677e-26  2.52799e-17 -2.25395e-26 -5.17114e-18  7.67625e-27 -4.51297e-18  1.14926e-27 -3.04146e-19 -4.13522e-27  4.57403e-19  3.79764e-27  1.40254e-19 -2.48719e-27 -1.00556e-20  1.33583e-27 -1.47136e-20 -5.96957e-28 -2.89051e-21  2.11297e-28  3.03852e-22 -5.60106e-29  2.53367e-22  1.28626e-29  4.50052e-23 -4.84384e-30 -1.31375e-24  2.38838e-30 -2.12424e-24 -7.93435e-31 -4.16185e-25   1.7451e-31 -2.38882e-26 -5.38726e-32   5.3976e-27  2.33457e-32  1.42412e-27 -5.77435e-33  1.46702e-28  4.71857e-34  4.18347e-30  5.53109e-35 -7.81345e-31 -1.70704e-35 -1.11139e-31  3.18991e-36 -6.51247e-33  -3.9228e-37 -1.56995e-34  5.43964e-39  1.27472e-36  1.94533e-39   1.1272e-37 -4.94226e-41
 2.45611e-38 -1.03769e-22 -7.95857e-37  4.65344e-21  8.75153e-36 -1.10166e-19 -4.01889e-35  1.73156e-18 -3.05324e-35 -1.99594e-17  8.02235e-34  1.78335e-16  9.99951e-33 -1.27881e-15 -2.45899e-31  7.53313e-15   2.5925e-30  -3.7048e-14 -1.87546e-29  1.53839e-13   1.0454e-28 -5.43488e-13 -4.71152e-28  1.64123e-12  1.75669e-27 -4.24519e-12 -5.46653e-27  9.39995e-12  1.41432e-26 -1.77556e-11 -2.97177e-26  2.84033e-11  4.70517e-26 -3.79906e-11 -3.97902e-26  4.15542e-11 -5.94281e-26 -3.56559e-11    3.713e-25  2.18399e-11 -1.05076e-24 -6.71152e-12  2.21691e-24 -2.68018e-12 -3.84449e-24  4.26238e-12  5.67727e-24 -1.60102e-12 -7.24717e-24 -6.05996e-13  8.03902e-24  7.52938e-13 -7.73915e-24 -6.85897e-14  6.41938e-24  -1.9789e-13 -4.52175e-24  5.77548e-14  2.63725e-24  4.33048e-14 -1.21973e-24 -1.78686e-14  4.19462e-25 -9.41335e-15 -1.17344e-25  3.84777e-15   8.5722e-26  2.12286e-15 -1.34932e-25 -5.70301e-16  1.66723e-25 -4.49509e-16  -1.5512e-25  3.27156e-17   1.1104e-25  7.60356e-17 -5.79677e-26  9.44577e-18  1.64803e-26 -8.27325e-18  5.08544e-27 -2.97798e-18 -1.05695e-26  2.45446e-19  8.46035e-27  3.64444e-19 -4.97415e-27  6.68029e-20  2.43581e-27 -1.38076e-20 -1.00832e-27 -8.45431e-21  3.33078e-28 -1.19066e-21 -8.14982e-29  2.02132e-22  1.73511e-29  1.09477e-22 -6.88445e-30  1.65369e-23  3.47394e-30  -4.5518e-25 -1.07125e-30 -6.27033e-25  1.99482e-31 -1.13163e-25 -6.36719e-32 -7.28616e-27  3.08974e-32  7.51302e-28 -7.52092e-33  2.16481e-28  5.36261e-34  2.16743e-29  7.85734e-35  8.97848e-31 -1.95636e-35 -2.65126e-32  2.97039e-36 -5.15858e-33 -3.16736e-37 -2.49731e-34  5.39005e-39 -4.76001e-36  8.85073e-40 -1.68303e-38
 2.59305e-23  5.22426e-37 -2.06199e-21  -9.0497e-36    6.459e-20  6.48819e-35 -1.23258e-18 -9.78252e-35  1.65522e-17 -1.81855e-33 -1.68229e-16  9.99951e-33  1.35148e-15  9.46393e-32 -8.82857e-15 -2.00323e-30  4.78146e-14  1.89904e-29 -2.17622e-13  -1.2626e-28  8.40215e-13   6.5574e-28 -2.76883e-12 -2.78231e-27  7.81458e-12  9.85988e-27 -1.89059e-11 -2.94775e-26  3.91367e-11  7.43907e-26 -6.89749e-11  -1.5668e-25  1.02532e-10  2.65816e-25   -1.265e-10 -3.24686e-25  1.25887e-10  1.36465e-25 -9.54633e-11  6.32849e-25  4.74997e-11 -2.37247e-24 -5.55561e-12  5.31642e-24 -1.32423e-11 -9.27629e-24  1.06209e-11  1.34955e-23 -1.38666e-12 -1.68039e-23 -2.81063e-12  1.80874e-23  1.49956e-12  -1.6846e-23  3.76883e-13  1.34893e-23 -5.13138e-13 -9.15053e-24  -1.2128e-14  5.11874e-24  1.32405e-13 -2.25343e-24 -5.73964e-15  7.35019e-25 -3.01317e-14 -2.27495e-25  5.27381e-16   2.3427e-25  6.12782e-15 -3.69357e-25  4.84665e-16  4.36906e-25  -1.0246e-15 -3.89794e-25 -2.35723e-16  2.64798e-25  1.15577e-16 -1.27801e-25  5.58691e-17  2.97741e-26 -3.25378e-18  1.54863e-26 -7.40433e-18 -2.36307e-26 -1.38797e-18  1.69524e-26  3.94967e-19 -9.10354e-27  2.21942e-19  4.09927e-27  2.39989e-20  -1.5717e-27 -9.82743e-21  4.82026e-28 -3.95846e-21 -1.08074e-28 -4.21501e-22  2.13586e-29  9.07097e-23 -9.13502e-30  3.82967e-23  4.66126e-30  5.18526e-24 -1.30109e-30 -6.18574e-26  1.90653e-31 -1.39275e-25  -6.8529e-32 -2.37288e-26  3.84315e-32 -1.66917e-27 -9.09507e-33  4.63339e-29  5.66168e-34   2.1182e-29  9.32241e-35  2.01072e-30 -1.94091e-35  8.76203e-32  2.42762e-36  7.28334e-34 -2.24202e-37 -8.51485e-35  4.24711e-39 -2.63877e-36  2.70213e-40
-2.22337e-37  6.97525e-22  7.27189e-36  -3.1652e-20 -7.95923e-35  7.58637e-19  3.22756e-34 -1.20788e-17  1.45068e-33   1.4112e-16  -2.4968e-32 -1.27881e-15  9.46393e-32  9.30675e-15  7.54108e-31  -5.5682e-14 -1.42108e-29  2.78357e-13  1.22984e-28 -1.17595e-12 -7.57172e-28  4.23092e-12   3.6763e-27 -1.30267e-11 -1.46905e-26  3.43996e-11  4.93547e-26 -7.78866e-11 -1.40868e-25  1.50731e-10  3.42436e-25 -2.47665e-10 -7.04507e-25  3.41445e-10  1.20074e-24 -3.87015e-10 -1.59731e-24  3.47415e-10  1.32407e-24 -2.27697e-10  5.13888e-25  8.32617e-11 -4.83783e-24  1.66441e-11  1.20145e-23  -4.2336e-11 -2.12689e-23  2.01649e-11  3.05468e-23  3.77009e-12 -3.71273e-23 -8.10146e-12  3.88084e-23  1.68241e-12 -3.50132e-23  1.90561e-12  2.71178e-23 -8.72804e-13 -1.77574e-23 -3.72864e-13  9.54409e-24  2.55385e-13 -3.98824e-24   7.6692e-14  1.20995e-24 -5.74397e-14 -4.04962e-25 -1.84339e-14  5.53204e-25  9.99813e-15 -8.88574e-25  4.49991e-15  1.02267e-24 -1.11534e-15 -8.77648e-25  -9.0488e-16  5.64907e-25 -1.63505e-21  -2.5093e-25  1.24474e-16  4.52476e-26   2.7089e-17   3.8727e-26 -8.15864e-18 -4.74739e-26 -4.80285e-18  3.10146e-26 -4.04859e-19 -1.53807e-26  3.10366e-19  6.39609e-27  1.09093e-19 -2.26196e-27  6.21458e-21  6.38908e-28 -5.00554e-21 -1.30694e-28 -1.53697e-21  2.44347e-29 -1.33591e-22  -1.1436e-29  2.95653e-23  5.74315e-30  1.07222e-23 -1.39268e-30  1.35386e-24  1.33721e-31  1.35427e-26 -6.77538e-32 -2.20638e-26  4.50363e-32 -3.62503e-27 -1.01706e-32 -2.63135e-28  5.51963e-34 -2.95834e-30  9.40495e-35  1.13402e-30 -1.66304e-35  1.00741e-31  1.73709e-36  3.69763e-33 -1.37909e-37  4.84854e-35  2.51732e-39 -9.52583e-38
-1.56431e-22 -4.34115e-36  1.25877e-20  7.58189e-35 -3.99209e-19 -5.31943e-34  7.71724e-18  2.19866e-34 -1.05044e-16  2.76429e-32  1.08281e-15 -2.45899e-31 -8.82857e-15  7.54108e-31  5.85751e-14  5.27444e-30 -3.22454e-13 -9.00652e-29  1.49304e-12  7.18042e-28 -5.87001e-12 -4.11396e-27  1.97195e-11  1.87205e-26 -5.68065e-11 -7.05016e-26  1.40481e-10  2.24322e-25 -2.97784e-10 -6.09359e-25  5.38604e-10  1.41797e-24 -8.24107e-10  -2.8156e-24    1.051e-09  4.69957e-24 -1.08857e-09 -6.33655e-24  8.70788e-10  6.10001e-24 -4.75222e-10 -1.68863e-24  9.46879e-11  -8.9099e-24  1.03677e-10  2.59548e-23 -1.04479e-10 -4.68522e-23  2.42699e-11  6.64129e-23  2.29537e-11 -7.87496e-23 -1.68702e-11  7.99425e-23 -1.52621e-12 -6.99295e-23  5.26262e-12  5.24698e-23 -5.70495e-13 -3.32264e-23 -1.30027e-12  1.71619e-23  2.41219e-13 -6.75511e-24  2.97045e-13  1.83521e-24 -4.88357e-14  -6.5883e-25 -6.41762e-14  1.20759e-24  3.78697e-15 -1.97844e-24  1.21045e-14  2.21429e-24  1.14494e-15 -1.81895e-24 -1.70334e-15  1.10235e-24 -4.93199e-16   -4.463e-25  1.24352e-16  5.51528e-26  8.82086e-17  8.41381e-26  6.80635e-18 -8.69108e-26 -7.29415e-18     5.23e-26 -2.43656e-18 -2.41498e-26 -1.36732e-20  9.28439e-27  1.74929e-19 -3.00032e-27  4.46167e-20  7.70837e-28  1.02531e-21 -1.44521e-28 -1.95927e-21  2.70624e-29 -4.96522e-22 -1.36679e-29 -3.88319e-23  6.43669e-30  6.96548e-24   -1.254e-30   2.3394e-24  2.45841e-32  2.81343e-25 -6.26154e-32  8.51369e-27  4.97069e-32 -2.26222e-27 -1.04541e-32 -3.72235e-28  4.92689e-34 -2.60032e-29  8.04692e-35  -6.9458e-31 -1.21723e-35  2.18004e-32  1.08357e-36  2.03206e-33 -7.21772e-38  4.32025e-35  9.73552e-40
 1.68466e-36 -3.83914e-21 -5.58452e-35  1.76388e-19  6.15781e-34 -4.28286e-18 -2.33202e-33  6.91201e-17 -1.73999e-32 -8.19068e-16  3.01951e-31  7.53313e-15 -2.00323e-30  -5.5682e-14  5.27444e-30  3.38619e-13  3.31032e-29 -1.72205e-12 -5.17801e-28  7.40769e-12  3.82622e-27 -2.71663e-11 -2.04743e-26  8.53575e-11  8.74965e-26  -2.3034e-10 -3.10805e-25  5.33813e-10   9.3629e-25 -1.05951e-09 -2.41672e-24     1.79e-09  5.36474e-24 -2.54633e-09 -1.02143e-23  2.99366e-09  1.64833e-23 -2.81281e-09 -2.18634e-23  1.96903e-09  2.18576e-23 -8.33183e-10 -1.08743e-23 -4.09953e-11 -1.49766e-23  3.40703e-10  5.45747e-23 -2.02768e-10 -1.00253e-22 -7.32851e-12   1.3978e-22   6.9893e-11 -1.61363e-22 -2.35152e-11  1.58967e-22 -1.40011e-11 -1.34865e-22  9.89346e-12  9.81228e-23  2.16035e-12 -6.01179e-23  -2.7816e-12  2.97574e-23 -3.64577e-13 -1.08482e-23  6.43654e-13  2.43185e-24  9.84068e-14 -9.56065e-25 -1.24115e-13  2.50711e-24 -3.13402e-14 -4.16144e-24  1.79104e-14  4.50064e-24  7.99886e-15  -3.5134e-24 -1.29572e-15  1.98936e-24 -1.38782e-15 -7.24649e-25 -1.31677e-16  4.38776e-26  1.34461e-16  1.62999e-25  4.63576e-17 -1.46225e-25 -1.72305e-18  8.18547e-26 -4.50844e-18 -3.54411e-26 -1.00328e-18  1.25688e-26  6.19657e-20 -3.64827e-27  7.71416e-20  8.35577e-28  1.54772e-20 -1.47714e-28  7.45972e-23  3.11561e-29 -5.98817e-22 -1.57846e-29 -1.32041e-22  6.44282e-30 -1.01106e-23 -8.24709e-31  1.11595e-24 -1.25765e-31  3.80591e-25 -5.58743e-32  4.37131e-26  5.15247e-32  1.91366e-27  -9.7976e-33 -1.19789e-28  3.98391e-34 -2.27111e-29  5.70333e-35 -1.40396e-30 -7.43095e-36 -3.78136e-32  5.85039e-37 -1.48403e-34 -3.05739e-38  6.48412e-36
 7.79176e-22  3.05467e-35 -6.34861e-20 -5.42032e-34   2.0398e-18  3.83618e-33 -3.99717e-17  3.86046e-35  5.51862e-16   -2.512e-31 -5.77384e-15   2.5925e-30  4.78146e-14 -1.42108e-29 -3.22454e-13  3.31032e-29  1.80578e-12   1.8897e-28 -8.51336e-12 -2.72777e-27  3.41142e-11  1.87658e-26 -1.16935e-10 -9.40496e-26  3.44161e-10  3.78103e-25 -8.70857e-10 -1.26795e-24  1.89226e-09  3.61664e-24 -3.51626e-09 -8.86288e-24   5.5439e-09  1.87299e-23 -7.31607e-09 -3.40592e-23  7.89323e-09   5.2743e-23 -6.65994e-09  -6.7743e-23  3.96312e-09   6.7235e-23 -1.09119e-09 -3.86513e-23 -6.27122e-10 -2.40455e-23  8.44039e-10  1.13881e-22 -2.84556e-10 -2.10306e-22 -1.42597e-10  2.86488e-22  1.52254e-10 -3.20866e-22 -7.64521e-12  3.06296e-22 -4.29983e-11 -2.51934e-22  1.09045e-11  1.77724e-22  9.93343e-12 -1.05209e-22 -3.65104e-12  4.95518e-23 -2.23478e-12 -1.61929e-23  8.13809e-13  2.38718e-24  5.11822e-13 -1.16195e-24 -1.20328e-13  5.01055e-24 -1.09045e-13 -8.33262e-24  5.32899e-15  8.64058e-24  1.84571e-14 -6.36315e-24  2.69538e-15   3.3392e-24 -1.97329e-15 -1.07683e-24 -7.77368e-16 -1.24365e-26  4.44926e-17  2.85642e-25  9.17772e-17 -2.27414e-25   1.8675e-17  1.19591e-25 -3.02543e-18 -4.88731e-26 -2.16936e-18   1.5891e-26 -3.44627e-19 -4.01847e-27  4.11708e-20  7.91365e-28  2.74069e-20 -1.44114e-28  4.59486e-21  4.00021e-29  8.14604e-24 -1.77897e-29 -1.41366e-22  5.53855e-30 -2.81656e-23 -1.09266e-31 -2.19798e-24 -2.91454e-31  1.00539e-25 -5.05287e-32  4.31308e-26  4.99116e-32  4.68148e-27 -8.28008e-33  2.28539e-28  2.88029e-34 -3.95661e-31  3.13194e-35 -6.58526e-31 -3.59814e-36   -3.178e-32  2.69622e-37 -5.12291e-34 -9.11505e-39
-1.08788e-35  1.75778e-20  3.67172e-34 -8.18242e-19 -4.13707e-33  2.01408e-17  1.60509e-32 -3.29718e-16  1.28716e-31  3.96583e-15 -2.40906e-30  -3.7048e-14  1.89904e-29  2.78357e-13 -9.00652e-29 -1.72205e-12   1.8897e-28  8.91674e-12  9.90189e-28 -3.90922e-11 -1.32616e-26  1.46269e-10  8.52327e-26 -4.69467e-10 -4.01001e-25  1.29594e-09  1.51889e-24 -3.07738e-09 -4.81275e-24  6.27119e-09  1.30017e-23 -1.09063e-08  -3.0238e-23  1.60262e-08  6.07578e-23 -1.95632e-08  -1.0525e-22  1.92508e-08  1.55642e-22 -1.43731e-08  -1.9169e-22  6.90471e-09  1.84347e-22 -5.02916e-10 -1.08223e-22 -2.23691e-09 -4.15923e-23  1.66956e-09  2.39409e-22 -1.57241e-10 -4.34858e-22  -4.8658e-10  5.73586e-22  2.40082e-10 -6.20597e-22  7.39804e-11  5.72887e-22 -8.82261e-11 -4.56398e-22 -4.62331e-12  3.11822e-22  2.38339e-11  -1.7774e-22 -5.16917e-13  7.86524e-23 -5.60734e-12 -2.16243e-23 -3.03069e-15   1.8304e-25  1.16918e-12 -9.51166e-25  1.11549e-13  9.67577e-24 -1.99039e-13 -1.59146e-23 -4.94014e-14   1.5706e-23  2.25242e-14 -1.08381e-23  1.16031e-14  5.22845e-24 -5.15687e-16 -1.46232e-24 -1.53141e-15 -1.42059e-25 -3.08325e-16  4.56709e-25  7.77305e-17 -3.28377e-25  4.73936e-17  1.63988e-25  5.74735e-18 -6.36609e-26 -1.94112e-18  1.87619e-26 -8.49621e-19 -3.90494e-27 -1.01712e-19  6.10218e-28  1.62623e-20 -1.44285e-28  7.88182e-21  5.73826e-29  1.16076e-21 -1.96603e-29  1.23975e-23  3.67268e-30 -2.49338e-23  8.06461e-31 -4.61805e-24 -4.38065e-31 -3.65063e-25 -4.84239e-32  4.50095e-28  4.48801e-32  3.04864e-27  -6.2065e-33  3.08497e-28   1.8312e-34  1.40497e-29  1.04088e-35  2.10271e-31 -1.21459e-36 -5.08761e-33  1.02374e-37 -1.30234e-34
-3.24674e-21 -1.84771e-34  2.68044e-19  3.35438e-33 -8.73127e-18 -2.46377e-32  1.73568e-16  6.70888e-33  -2.4325e-15  1.64625e-30  2.58516e-14 -1.87546e-29 -2.17622e-13  1.22984e-28  1.49304e-12 -5.17801e-28 -8.51336e-12  9.90189e-28  4.09051e-11   4.7942e-27 -1.67225e-10 -5.98213e-26  5.85471e-10  3.60183e-25 -1.76234e-09 -1.59388e-24  4.56789e-09  5.69573e-24 -1.01857e-08 -1.70674e-23  1.94682e-08  4.36866e-23 -3.16659e-08 -9.64116e-23  4.32902e-08  1.84044e-22 -4.86955e-08 -3.03167e-22  4.33402e-08  4.26625e-22 -2.79934e-08 -5.00372e-22  9.72262e-09  4.58804e-22  2.72384e-09 -2.58079e-22 -5.66158e-09 -9.00608e-23  2.55835e-09  5.09346e-22  6.11898e-10 -8.86754e-22 -1.12092e-09  1.12195e-21  2.10056e-10 -1.16766e-21  2.79505e-10  1.04014e-21  -1.2214e-10 -8.01488e-22 -5.72791e-11  5.29273e-22  3.76293e-11 -2.88888e-22    1.214e-11  1.17726e-22 -8.79116e-12 -2.36108e-23 -2.96887e-12 -7.31955e-24  1.57888e-12  2.93157e-25  7.37863e-13  1.80481e-23 -1.80127e-13 -2.89844e-23 -1.51552e-13  2.70491e-23 -5.91325e-16 -1.73852e-23   2.1246e-14  7.64565e-24  4.76548e-15  -1.8044e-24  -1.3941e-15 -3.68289e-25 -8.48815e-16  6.69763e-25 -7.71154e-17 -4.41904e-25  5.40222e-17  2.12228e-25  1.97068e-17 -7.87365e-26   1.3016e-18  2.06342e-26 -8.55425e-19 -3.12838e-27 -2.75992e-19  2.90358e-28   -2.665e-20 -1.63645e-28  4.50343e-21   8.6011e-29  1.81207e-21 -2.12597e-29  2.43305e-22   1.0228e-30  6.19123e-24  1.76704e-30 -3.08705e-24 -5.33166e-31 -5.46852e-25 -4.94787e-32 -4.21655e-26  3.71467e-32 -9.49163e-28 -4.01095e-33  1.08164e-28  1.00181e-34  1.03866e-29 -1.99614e-36  3.57814e-31 -1.43952e-37  4.18054e-33  2.84386e-38
 6.06494e-35 -6.76816e-20 -2.09202e-33  3.19441e-18  2.43545e-32 -7.97722e-17 -1.03909e-31  1.32574e-15 -6.75122e-31 -1.61989e-14  1.44865e-29  1.53839e-13  -1.2626e-28 -1.17595e-12  7.18042e-28  7.40769e-12 -2.72777e-27 -3.90922e-11   4.7942e-27  1.74846e-10  2.15556e-26 -6.68162e-10 -2.51415e-25  2.19305e-09  1.42142e-24 -6.19966e-09 -5.92626e-24  1.51023e-08  2.00041e-23 -3.16363e-08 -5.67348e-23  5.67045e-08  1.37659e-22 -8.61761e-08 -2.88291e-22  1.09345e-07  5.22568e-22 -1.12767e-07 -8.17464e-22  8.97061e-08  1.09173e-21 -4.82635e-08  -1.2127e-21  8.54808e-09  1.04664e-21  1.19017e-08 -5.36835e-22 -1.14359e-08 -2.40213e-22  2.47276e-09  1.08836e-21  2.70711e-09 -1.77626e-21 -1.92758e-09   2.1389e-21 -2.08473e-10  -2.1337e-21   6.3231e-10  1.83075e-21 -6.50906e-11 -1.36238e-21 -1.62157e-10  8.67244e-22  3.01578e-11 -4.49882e-22  3.82359e-11  1.63623e-22 -6.45709e-12 -1.43522e-23 -8.52423e-12 -2.57936e-23  5.49008e-13  3.54655e-24  1.66275e-12  3.24562e-23   1.5091e-13 -5.02939e-23 -2.42444e-13  4.41401e-23   -6.962e-14 -2.62769e-23  1.84429e-14  1.04404e-23  1.29089e-14 -1.99935e-24  9.72323e-16 -6.95532e-25 -1.09282e-15  9.03531e-25 -3.65929e-16 -5.56291e-25  -2.5475e-18  2.60801e-25  2.63185e-17 -9.29363e-26  6.81269e-18  2.09966e-26  1.96674e-19 -1.58582e-27  -2.8643e-19 -1.37514e-28 -7.45962e-20 -2.17583e-28 -6.32337e-21  1.25862e-28  8.83417e-22 -2.22985e-29  3.23542e-22 -2.02206e-30  4.04202e-23   2.5883e-30  1.59308e-24 -5.56931e-31 -2.37981e-25 -5.19104e-32  -4.2704e-26  2.80028e-32 -3.02539e-27 -2.10514e-33 -9.05691e-29   4.5942e-35   8.5595e-31 -6.28756e-36  1.19877e-31  1.19386e-37  1.70547e-33
 1.14181e-20  9.71146e-34  -9.5588e-19 -1.81296e-32  3.15927e-17  1.40768e-31 -6.37626e-16 -1.44875e-31  9.07879e-15 -8.33092e-30 -9.80965e-14   1.0454e-28  8.40215e-13 -7.57172e-28 -5.87001e-12  3.82622e-27  3.41142e-11 -1.32616e-26 -1.67225e-10  2.15556e-26    6.982e-10  9.03562e-26 -2.49956e-09 -9.87769e-25  7.70406e-09  5.25427e-24 -2.04788e-08   -2.067e-23  4.69197e-08  6.59794e-23  -9.2358e-08 -1.77256e-22  1.55175e-07  4.07892e-22 -2.20033e-07  -8.1073e-22  2.58316e-07  1.39497e-21 -2.42575e-07 -2.07014e-21  1.69462e-07  2.61782e-21 -7.06334e-08 -2.74067e-21 -5.73281e-09  2.19967e-21   3.1645e-08 -9.73311e-22 -1.85723e-08 -6.76507e-22 -9.49782e-10  2.30123e-21  6.77246e-09 -3.47227e-21 -2.28094e-09  3.95893e-21 -1.40613e-09 -3.77673e-21  1.01012e-09  3.11713e-21  2.19446e-10 -2.23708e-21 -2.95336e-10  1.36864e-21 -3.64316e-11 -6.68346e-22  7.09818e-11  2.05906e-22  1.00726e-11  2.06149e-23 -1.42705e-11 -6.43809e-23 -3.41877e-12  1.00982e-23  2.16685e-12  5.61552e-23  9.26406e-13 -8.30845e-23 -1.72347e-13  6.82382e-23 -1.69313e-13 -3.74169e-23 -1.41734e-14  1.32956e-23  1.72576e-14  -1.9438e-24  5.75225e-15 -1.09505e-24 -2.77405e-16  1.12245e-24 -5.83514e-16 -6.57898e-25 -1.27368e-16  3.06384e-25  8.49459e-18 -1.05182e-25  9.97846e-18  1.94719e-26   1.9968e-18  7.09532e-28  1.54831e-20 -6.13841e-28 -7.45442e-20 -3.15064e-28 -1.65843e-20   1.7321e-28 -1.33286e-21 -2.23824e-29  1.14838e-22 -4.95865e-30  4.27564e-23  3.11323e-30   4.9836e-24 -5.08427e-31  2.39058e-25 -5.32593e-32 -8.21323e-27  1.89545e-32 -1.90243e-27 -7.45923e-34 -1.13482e-28  1.74555e-35 -2.86036e-30 -5.50504e-36  -1.6495e-32  7.57599e-38
-2.94716e-34   2.2072e-19  1.04183e-32 -1.05713e-17 -1.26177e-31   2.6806e-16  6.10451e-31  -4.5266e-15  2.53423e-30  5.62393e-14 -6.93104e-29 -5.43488e-13   6.5574e-28  4.23092e-12 -4.11396e-27 -2.71663e-11  1.87658e-26  1.46269e-10 -5.98213e-26 -6.68162e-10  9.03562e-26  2.61081e-09  3.54234e-25  -8.7735e-09 -3.63786e-24  2.54314e-08  1.82378e-23 -6.36319e-08 -6.77874e-23  1.37202e-07  2.04831e-22 -2.53791e-07 -5.21657e-22  3.99423e-07  1.13904e-21 -5.27441e-07 -2.14912e-21  5.70549e-07  3.50934e-21 -4.83247e-07 -4.93616e-21  2.88309e-07  5.89821e-21 -7.78808e-08  -5.7925e-21 -4.96817e-08   4.2669e-21  6.57389e-08 -1.49624e-21  -2.2328e-08 -1.81339e-21 -1.15352e-08  4.74057e-21  1.25562e-08 -6.57751e-21 -7.33413e-10  7.08422e-21 -3.65668e-09 -6.45631e-21  9.99126e-10  5.12245e-21  8.63598e-10 -3.54158e-21 -3.47047e-10  2.07624e-21 -1.98933e-10 -9.43032e-22   8.1361e-11  2.22684e-22  4.72759e-11  1.04873e-22 -1.30318e-11 -1.36315e-22 -1.05933e-11  2.12937e-23  8.23022e-13  9.33284e-23  1.90085e-12 -1.30611e-22  2.37315e-13  9.99068e-23 -2.18345e-13 -5.01548e-23 -7.98991e-14  1.57471e-23  6.64263e-15 -1.57734e-24  1.01346e-14 -1.49703e-24  1.92919e-15   1.2831e-24 -3.71915e-16 -7.35054e-25 -2.41802e-16  3.46632e-25 -3.67196e-17 -1.14599e-25  4.91373e-18  1.58995e-26  3.04421e-18  3.61154e-27  5.00927e-19 -1.06381e-27  1.05407e-21 -4.53377e-28  -1.4935e-20  2.21004e-28 -2.95028e-21 -2.11451e-29 -2.34108e-22 -7.31334e-30  7.76643e-24  3.26042e-30  3.87903e-24 -4.05053e-31   4.1704e-25 -5.15977e-32  2.05004e-26   1.1275e-32  1.23806e-28  1.73179e-35 -3.64994e-29  6.16979e-36 -1.55404e-30 -3.04651e-36 -1.60426e-32
-3.40761e-20 -4.47079e-33  2.89528e-18  8.60995e-32 -9.71811e-17 -7.12736e-31  1.99324e-15  1.42696e-30 -2.88619e-14  3.33317e-29  3.17381e-13 -4.71152e-28 -2.76883e-12   3.6763e-27  1.97195e-11 -2.04743e-26 -1.16935e-10  8.52327e-26  5.85471e-10 -2.51415e-25 -2.49956e-09  3.54234e-25  9.16146e-09  1.30229e-24   -2.895e-08 -1.25884e-23  7.90253e-08  5.95697e-23 -1.86288e-07 -2.09446e-22  3.78173e-07  5.99671e-22 -6.57242e-07 -1.44883e-21  9.67927e-07  3.00331e-21 -1.18733e-06 -5.38039e-21  1.17691e-06   8.3366e-21 -8.86898e-07 -1.11053e-20  4.30238e-07  1.25132e-20 -2.98589e-08 -1.14702e-20  -1.4654e-07  7.63108e-21  1.11636e-07  -1.7724e-21 -1.15902e-08 -4.47193e-21 -3.33684e-08  9.39921e-21  1.74205e-08 -1.20003e-20  4.94176e-09  1.22086e-20 -6.57302e-09 -1.06306e-20 -1.68276e-10  8.10774e-21  1.82684e-09 -5.39732e-21 -9.88057e-11  3.02391e-21 -4.45182e-10   -1.258e-21  1.55099e-11  1.76693e-22  9.73189e-11  2.72901e-22  5.93076e-12 -2.58764e-22 -1.76398e-11  3.79717e-23 -3.75712e-12  1.48851e-22  2.19187e-12 -1.95349e-22  9.99812e-13  1.38456e-22 -8.31005e-14 -6.31841e-23  -1.4434e-13  1.72642e-23 -2.56062e-14  -9.2801e-25  8.36881e-15 -1.79544e-24  4.49115e-15  1.34574e-24  4.72403e-16 -7.81883e-25 -2.03345e-16  3.80523e-25 -8.15257e-17 -1.20565e-25 -9.02729e-18  1.03922e-26  1.68976e-18  6.85514e-27   7.5159e-19 -1.41669e-27  1.07005e-19 -6.16612e-28  9.76243e-22  2.60628e-28 -2.22584e-21 -1.84124e-29 -4.01208e-22 -8.77393e-30 -3.13348e-23  3.04495e-30  -1.3078e-25 -2.75605e-31  2.13255e-25 -4.63007e-32  2.07875e-26  5.67195e-33  8.87565e-28  3.03221e-34  1.33877e-29  3.07137e-36 -1.26303e-31 -1.04942e-36
 1.25735e-33 -6.12104e-19 -4.56387e-32  2.97782e-17  5.76915e-31 -7.67497e-16 -3.17161e-30  1.31825e-14 -5.83756e-30 -1.66713e-13  2.70185e-28  1.64123e-12 -2.78231e-27 -1.30267e-11  1.87205e-26  8.53575e-11 -9.40496e-26 -4.69467e-10  3.60183e-25  2.19305e-09 -9.87769e-25  -8.7735e-09  1.30229e-24  3.02261e-08  4.49966e-24  -8.9961e-08 -4.10101e-23   2.3153e-07  1.83427e-22 -5.14596e-07  -6.1074e-22  9.83787e-07  1.65835e-21 -1.60575e-06 -3.80365e-21  2.20969e-06  7.48911e-21 -2.50964e-06 -1.27422e-20  2.26243e-06  1.87315e-20 -1.48587e-06 -2.36133e-20  5.29112e-07   2.5037e-20  1.45452e-07    -2.13e-20 -3.17868e-07  1.25235e-20  1.51017e-07 -9.39942e-22  3.21094e-08 -1.01034e-20 -6.71663e-08  1.77945e-20  1.47429e-08 -2.09895e-20  1.67839e-08  2.02014e-20 -8.35889e-09 -1.68223e-20 -3.37831e-09  1.23406e-20  2.64545e-09 -7.91162e-21  7.08369e-10  4.22742e-21 -6.47223e-10 -1.57829e-21 -1.81633e-10  1.29778e-23  1.24798e-10  5.70186e-22  4.93699e-11 -4.51389e-22 -1.63042e-11   5.9561e-23 -1.11497e-11  2.27743e-22  4.84545e-13  -2.7798e-22  1.72331e-12  1.81472e-22  3.22181e-13 -7.45973e-23 -1.32255e-13  1.73827e-23 -6.80197e-14  -1.4135e-25 -4.23432e-15  -1.8684e-24  4.90171e-15   1.2874e-24  1.59832e-15 -8.00354e-25  7.31435e-17  4.08118e-25 -7.74665e-17 -1.22729e-25 -2.28187e-17  3.35455e-27 -1.96743e-18  1.00995e-26  4.09257e-19 -1.62388e-27   1.4825e-19 -7.78978e-28  1.89699e-20  2.84439e-28  4.32017e-22 -1.43293e-29 -2.31245e-22 -9.25631e-30 -3.89716e-23  2.56426e-30 -2.88374e-24 -1.50169e-31 -6.77032e-26 -3.80989e-32  5.50225e-27  2.20696e-33  4.91875e-28   3.0481e-34    1.404e-29  2.16534e-36   1.0478e-31
