  5.1443e-06 -1.25711e-19 -4.12396e-05  1.57614e-18  0.000104601 -7.02254e-18 -0.000113115  1.87056e-17  3.44617e-05 -3.17895e-17  2.31438e-05   3.4452e-17 -7.45333e-06 -2.23582e-17 -7.62168e-06  6.73952e-18 -6.99027e-07  2.99441e-19  1.59072e-06 -2.24199e-19  9.49681e-07 -2.27317e-19  1.42426e-07 -8.34447e-20 -1.31619e-07  6.02871e-20 -1.11073e-07  1.36489e-20 -4.26644e-08  1.47715e-20 -5.45985e-09  -8.8446e-22   4.5158e-09 -7.02687e-21  3.97657e-09 -3.94124e-22  1.86789e-09  6.76194e-22  5.93916e-10 -3.45439e-22  1.05765e-10 -7.21789e-23  -1.6324e-11  2.15347e-22 -2.46396e-11  1.14142e-22 -1.34277e-11  -5.4565e-24 -5.37043e-12  -2.8559e-23 -1.75987e-12 -1.16193e-23 -4.85137e-13 -5.58678e-25  -1.1055e-13  1.30409e-24 -1.88715e-14  4.63096e-25  -1.2493e-15 -2.04424e-26  7.29076e-16  -4.9397e-26  4.39118e-16 -2.04636e-28   1.6197e-16  1.43191e-26  4.86223e-17  8.45824e-27  1.27929e-17  1.89063e-27  3.04289e-18 -5.46361e-28  6.64879e-19 -7.11431e-28  1.34708e-19 -3.94322e-28  2.54547e-20 -1.61747e-28   4.5029e-21 -5.36924e-29  7.47471e-22 -1.47843e-29  1.16593e-22 -3.46129e-30  1.70995e-23 -7.07778e-31  2.35763e-24 -1.27358e-31  3.05366e-25 -1.97643e-32  3.71029e-26 -2.55537e-33  4.22027e-27 -2.60909e-34   4.4815e-28 -1.74832e-35  4.42738e-29  2.54887e-37   4.0519e-30  3.23046e-37  3.41774e-31  6.42936e-38  2.64087e-32  8.79727e-39  1.85591e-33   9.5636e-40  1.17614e-34  8.62583e-41  6.65281e-36  6.53612e-42   3.3172e-37  4.15912e-43  1.43546e-38  2.20429e-44  5.28403e-40  9.56718e-46  1.61086e-41  3.30806e-47  3.91557e-43  8.73518e-49   7.1584e-45   1.6402e-50  8.88476e-47  1.89593e-52  5.93678e-49  8.71539e-55
-1.25711e-19  6.36797e-05 -7.10407e-19 -0.000283038  6.12075e-18  0.000516146 -2.33224e-17 -0.000397701  5.64147e-17   2.4643e-05 -8.74704e-17  0.000103954   8.5153e-17  5.00806e-06 -4.64912e-17 -2.62076e-05  7.90135e-18 -1.08409e-05  3.33242e-18  1.80908e-06  1.78383e-19   3.5801e-06 -7.58149e-19  1.55547e-06 -3.10851e-19  1.00037e-07 -4.97553e-21 -2.80115e-07  8.90834e-20 -2.00265e-07  6.43513e-20 -7.47178e-08 -2.40403e-21 -1.12673e-08 -1.46458e-20  6.03115e-09 -2.00878e-21  5.96815e-09 -1.03704e-21  2.99885e-09 -1.58588e-21   1.0714e-09  2.02678e-22  2.70221e-10   8.1996e-22  3.02137e-11  3.47731e-22 -1.46367e-11 -1.84246e-23 -1.24698e-11 -7.56496e-23 -5.87857e-12 -3.05919e-23 -2.17367e-12 -2.83534e-24 -6.83865e-13  1.97827e-24 -1.88493e-13  5.32973e-25 -4.58978e-14 -1.61266e-25 -9.80164e-15 -6.42828e-26 -1.77979e-15     5.47e-26 -2.49118e-16  5.73093e-26 -1.54997e-17  2.36228e-26  5.46352e-18  2.44013e-27  2.87259e-18 -3.14112e-27  8.84419e-19 -2.55787e-27  2.19855e-19 -1.24879e-27  4.77045e-20 -4.76687e-28  9.31963e-21 -1.50385e-28  1.66424e-21  -3.9918e-29  2.73842e-22  -9.1121e-30  4.16982e-23 -1.83085e-30  5.88774e-24 -3.26101e-31  7.71269e-25 -5.08728e-32  9.36694e-26 -6.83626e-33  1.05297e-26 -7.79404e-34  1.09289e-27 -7.28142e-35  1.04383e-28 -4.91956e-36  9.13587e-30  -9.8937e-38  7.28943e-31  3.38964e-38  5.26918e-32   6.7559e-39  3.42459e-33  8.13751e-40  1.98285e-34  7.49291e-41  1.01128e-35  5.57319e-42  4.47915e-37  3.39607e-43  1.69186e-38  1.68948e-44  5.32013e-40   6.7435e-46  1.34714e-41  2.09176e-47  2.61537e-43  4.78422e-49  3.59443e-45  7.32238e-51   2.9985e-47  5.96606e-53   9.6767e-50
-4.12396e-05 -7.10407e-19  0.000382427 -1.97008e-18  -0.00115177  1.28722e-17   0.00157155  -4.6338e-17 -0.000819033  1.07957e-16 -0.000187888 -1.58242e-16  0.000233725  1.41615e-16  8.77399e-05 -6.39046e-17 -3.84194e-05   4.5366e-19 -3.82159e-05  7.71314e-18 -7.76941e-06   2.1289e-18  5.52038e-06 -1.02679e-18  5.01533e-06 -9.13961e-19  1.74102e-06 -2.86833e-19 -2.19448e-08  1.85215e-19 -3.85205e-07  1.55626e-19  -2.5076e-07  1.77727e-20 -9.39419e-08 -1.52379e-20 -1.75935e-08 -7.64014e-21  4.31912e-09 -7.90568e-21   5.7441e-09 -4.37804e-21   3.1523e-09  9.28905e-22  1.24338e-09  1.96002e-21  3.79783e-10  7.82195e-22  8.50813e-11  7.05803e-25  8.65618e-12  -1.2622e-22 -3.84505e-12 -5.47728e-23 -3.06331e-12  -8.9789e-24 -1.36474e-12  8.53962e-26 -4.82694e-13 -5.25836e-25  -1.4737e-13 -4.92308e-25 -4.01708e-14  3.07498e-26 -9.94117e-15  2.10546e-25 -2.25368e-15  1.37898e-25 -4.70224e-16   4.1435e-26  -9.0456e-17 -2.43063e-27 -1.60324e-17 -9.65718e-27 -2.60969e-18 -6.14765e-27 -3.87572e-19 -2.71366e-27 -5.18882e-20 -9.70314e-28 -6.12128e-21 -2.91387e-28 -6.05439e-22  -7.4502e-29  -4.3265e-23 -1.65344e-29 -5.07878e-25 -3.24915e-30  5.27951e-25 -5.68946e-31  1.21619e-25 -8.81252e-32  1.86105e-26 -1.19745e-32  2.29013e-27  -1.4224e-33  2.37946e-28 -1.46566e-34  2.11045e-29 -1.27621e-35  1.58188e-30 -8.82731e-37  9.66005e-32 -4.04883e-38  4.31646e-33  5.49941e-41  7.79579e-35  2.47512e-40 -8.65569e-36  3.09749e-41 -1.17405e-36  2.52157e-42  -8.6574e-38  1.55274e-43 -4.63075e-39  7.46372e-45 -1.88995e-40  2.77838e-46 -5.85071e-42  7.74648e-48 -1.31777e-43  1.51527e-49 -1.96949e-45  1.80945e-51  -1.5596e-47  8.54389e-54
 1.57614e-18 -0.000283038 -1.97008e-18   0.00148609 -2.68888e-18  -0.00331366  1.45247e-17   0.00343674 -6.12248e-17  -0.00103223  1.50326e-16 -0.000769911 -2.19277e-16  0.000282657  1.86552e-16  0.000273861 -6.70919e-17  6.94135e-06 -1.49417e-17 -7.19823e-05  1.02816e-17 -3.65298e-05   5.9895e-18 -1.23247e-06 -2.69893e-19  8.28925e-06 -1.77311e-18  5.39552e-06 -8.69102e-19  1.58272e-06  1.83304e-19 -1.20642e-07  2.72407e-19 -4.05466e-07  8.58173e-20 -2.51605e-07  2.11851e-21 -9.69073e-08 -1.86309e-20   -2.237e-08 -2.18808e-20  6.25247e-10 -9.40109e-21  3.80809e-09  1.82674e-21  2.40619e-09  3.55534e-21   1.0438e-09  1.47625e-21  3.60849e-10  1.34071e-22  1.02446e-10 -1.36338e-22  2.31237e-11 -7.28752e-23  3.44613e-12 -1.97581e-23  -1.2563e-13 -6.05783e-24 -3.44878e-13 -3.15869e-24 -1.67805e-13 -9.33844e-25 -5.95102e-14  3.21188e-25 -1.78307e-14  4.79713e-25 -4.74519e-15  2.39813e-25  -1.1482e-15  4.83911e-26 -2.55918e-16   -1.818e-26 -5.29628e-17   -2.136e-26 -1.02306e-17 -1.15337e-26 -1.85114e-18 -4.67545e-27 -3.14528e-19 -1.57323e-27 -5.02668e-20  -4.5024e-28 -7.56393e-21 -1.10795e-28 -1.07213e-21  -2.3845e-29 -1.43127e-22 -4.56439e-30 -1.79821e-23 -7.81354e-31  -2.1232e-24 -1.19065e-31 -2.35088e-25 -1.60813e-32 -2.43371e-26 -1.92524e-33 -2.34657e-27 -2.04002e-34 -2.09724e-28 -1.89611e-35 -1.72741e-29 -1.52107e-36 -1.30221e-30 -1.02931e-37 -8.91181e-32 -5.64569e-39 -5.48341e-33 -2.27656e-40  -2.9985e-34 -4.37231e-42 -1.43674e-35   2.2933e-43 -5.92592e-37  2.86501e-44 -2.05583e-38  1.65146e-45 -5.81174e-40  6.31969e-47 -1.27798e-41  1.65548e-48  -2.0269e-43  2.78531e-50 -2.00223e-45  2.43608e-52 -7.94684e-48
 0.000104601  6.12075e-18  -0.00115177 -2.68888e-18   0.00420686  5.55576e-19  -0.00729752  1.57369e-19   0.00572458 -4.93838e-17 -0.000456484  1.57082e-16  -0.00166982 -2.49781e-16  2.67116e-05  2.12121e-16  0.000500666 -5.60301e-17  0.000162999 -3.41522e-17 -7.04439e-05  8.28579e-18 -7.95735e-05  1.09004e-17 -2.56989e-05  1.99365e-18  4.67951e-06 -2.41005e-18  9.13182e-06 -1.72308e-18  4.88699e-06 -3.93603e-20  1.27811e-06  3.78642e-19 -1.42136e-07  2.11055e-19  -3.4766e-07  4.36492e-20 -2.12782e-07 -3.35679e-20 -8.54792e-08 -4.26961e-20 -2.34936e-08 -1.72242e-20 -2.78769e-09  2.13698e-21  1.47374e-09  5.26819e-21  1.31039e-09  2.44499e-21   6.4275e-10  4.79525e-22  2.45274e-10 -4.84793e-23   7.8798e-11 -6.63808e-23  2.18477e-11 -3.13084e-23  5.22083e-12 -1.52474e-23  1.04127e-12 -6.56939e-24  1.54082e-13 -1.13069e-24  7.01793e-15  8.57222e-25 -5.85347e-15  8.14891e-25 -2.97407e-15  3.21398e-25 -9.74792e-16  2.74019e-26  -2.6261e-16 -4.81843e-26 -6.21686e-17 -3.77953e-26 -1.33023e-17 -1.80203e-26 -2.60977e-18 -6.77624e-27 -4.73241e-19 -2.15276e-27 -7.96822e-20 -5.87601e-28  -1.2489e-20 -1.39048e-28 -1.82412e-21 -2.89522e-29 -2.48277e-22 -5.37975e-30  -3.1463e-23 -8.96115e-31 -3.70616e-24 -1.33398e-31 -4.04829e-25 -1.77039e-32 -4.08778e-26 -2.09637e-33 -3.80086e-27 -2.21419e-34 -3.23892e-28 -2.07587e-35 -2.51522e-29 -1.71385e-36 -1.76786e-30 -1.23513e-37 -1.11548e-31  -7.6894e-39 -6.25599e-33 -4.07599e-40 -3.08051e-34 -1.80174e-41 -1.31141e-35 -6.42826e-43 -4.73098e-37 -1.74544e-44 -1.40788e-38 -3.17623e-46 -3.32622e-40 -2.34948e-48 -5.88179e-42  4.68568e-50 -7.02154e-44  1.39969e-51 -4.48155e-46  9.73007e-54
-7.02254e-18  0.000516146  1.28722e-17  -0.00331366  5.55576e-19   0.00926665  1.08942e-17   -0.0128922 -3.28759e-17   0.00740855 -3.49808e-18   0.00133549  1.14909e-16  -0.00248789 -2.46169e-16 -0.000686525  2.22268e-16   0.00058999 -3.49326e-17  0.000421677 -5.25433e-17  2.02148e-05  8.71686e-19 -0.000107206  1.51104e-17 -6.67646e-05   5.6282e-18 -1.33508e-05 -2.31063e-18  7.78798e-06 -2.67611e-18  8.29866e-06  -5.0514e-19  3.92799e-06  4.42169e-19  9.76059e-07  3.77425e-19 -9.62252e-08   1.0604e-19 -2.47492e-07 -4.94791e-20 -1.54054e-07  -6.8332e-20 -6.50275e-08 -2.83472e-20 -2.04537e-08  7.65376e-22 -4.37191e-09  6.56282e-21  -1.6485e-10  3.61767e-21  4.18344e-10  1.09445e-21  2.71843e-10  1.81881e-22  1.17377e-10 -1.40619e-23   4.1388e-11  -3.3134e-23    1.267e-11 -2.19236e-23  3.45548e-12 -8.38799e-24   8.4957e-13 -4.64511e-25  1.89044e-13  1.64156e-24  3.79749e-14  1.12674e-24    6.813e-15   3.3573e-25  1.06352e-15 -3.17361e-26  1.35014e-16 -9.05565e-26  1.07452e-17  -5.6351e-26 -6.92986e-19 -2.42868e-26 -5.46837e-19 -8.53083e-27 -1.52932e-19 -2.56504e-27 -3.23361e-20 -6.68105e-28 -5.80834e-21 -1.51896e-28 -9.22508e-22 -3.05341e-29 -1.31834e-22 -5.49087e-30 -1.70902e-23 -8.86498e-31 -2.01641e-24  -1.2821e-31 -2.16622e-25 -1.65828e-32 -2.11544e-26 -1.91925e-33  -1.8716e-27 -1.98651e-34 -1.49266e-28 -1.83158e-35 -1.06589e-29 -1.49507e-36 -6.75489e-31   -1.073e-37  -3.7554e-32 -6.71689e-39 -1.80365e-33  -3.6304e-40 -7.32681e-35 -1.67161e-41 -2.44072e-36 -6.43457e-43 -6.34266e-38 -2.01529e-44 -1.16683e-39 -4.94449e-46 -1.13851e-41 -8.98413e-48  5.36362e-44 -1.09374e-49  2.92648e-45 -7.06492e-52  2.15056e-47
-0.000113115 -2.33224e-17   0.00157155  1.45247e-17  -0.00729752  1.08942e-17    0.0165839  2.55714e-17   -0.0188614 -6.85535e-17   0.00729658  6.60912e-17   0.00419004  2.98096e-17  -0.00263121  -2.2151e-16  -0.00175894  2.25494e-16  0.000339163 -7.85742e-18  0.000677888 -6.64106e-17  0.000221196 -1.08706e-17 -7.50722e-05  1.69124e-17 -0.000105159  9.85423e-18 -4.64504e-05 -1.30917e-18 -4.29341e-06 -3.48351e-18  8.09531e-06 -1.09618e-18  6.57076e-06  4.63507e-19  2.89375e-06  5.56489e-19  7.31096e-07  1.78986e-19 -2.50103e-08 -6.38377e-20 -1.44172e-07 -9.66259e-20 -9.48302e-08 -4.34202e-20 -4.22752e-08 -3.49203e-21  -1.4709e-08  6.79123e-21 -4.03837e-09  4.78355e-21 -7.87812e-10  1.93244e-21 -3.96451e-11  5.57001e-22  5.47966e-11  9.98791e-23  3.43825e-11 -1.03031e-23  1.40631e-11 -1.74767e-23  4.71262e-12 -5.41416e-24  1.38207e-12  1.72399e-24  3.65114e-13  2.63904e-24  8.82398e-14  1.33322e-24  1.96909e-14  2.59621e-25  4.08184e-15 -1.23397e-25  7.89306e-16  -1.3731e-25  1.42808e-16 -7.29224e-26  2.42328e-17 -2.88519e-26  3.86402e-18 -9.51602e-27  5.79961e-19 -2.71328e-27  8.20654e-20 -6.74626e-28  1.09633e-20 -1.47233e-28  1.38438e-21  -2.8519e-29  1.65354e-22 -4.95017e-30  1.86816e-23 -7.72061e-31  1.99412e-24 -1.08001e-31  2.00586e-25 -1.35309e-32  1.89329e-26 -1.51821e-33  1.66695e-27  -1.5237e-34   1.3587e-28 -1.36235e-35  1.01597e-29 -1.07863e-36  6.89648e-31 -7.50782e-38   4.1987e-32 -4.55466e-39   2.2607e-33 -2.38192e-40  1.05858e-34 -1.05805e-41  4.22174e-36 -3.90875e-43  1.39532e-37 -1.16493e-44  3.67852e-39  -2.6786e-46  7.29686e-41 -4.41989e-48  9.83409e-43 -4.53184e-50  7.14374e-45 -1.86467e-52
 1.87056e-17 -0.000397701  -4.6338e-17   0.00343674  1.57369e-19   -0.0128922  2.55714e-17    0.0248962  3.25751e-17   -0.0234028 -7.69058e-17   0.00477912   1.4021e-16   0.00731463 -7.87613e-17   -0.0016747  -1.9498e-16  -0.00282383  2.26747e-16 -0.000335353  2.25766e-17  0.000766315 -7.31243e-17  0.000486395 -2.44747e-17  4.69162e-05  1.55051e-17 -0.000108558  1.35124e-17 -8.28131e-05  2.51417e-19 -2.81793e-05  -3.9636e-18  4.05523e-07 -1.61274e-18  6.67911e-06  4.85206e-19  4.66315e-06  7.30312e-19  1.98659e-06  2.53907e-19  5.38016e-07 -7.49627e-20   3.2472e-08 -1.26421e-19 -6.41236e-08 -6.32879e-20 -4.81364e-08 -1.17299e-20 -2.29319e-08  5.24273e-21 -8.62476e-09  5.54533e-21 -2.70367e-09  2.80353e-21 -7.09549e-10  1.01765e-21 -1.49063e-10  2.75255e-22 -2.03951e-11  4.92825e-23   1.0657e-12  5.52993e-24  2.03253e-12  4.72001e-24  9.24947e-13  5.75851e-24  3.10967e-13  3.78051e-24   8.8672e-14  1.40278e-24   2.2489e-14  1.10235e-25  5.18726e-15 -2.25729e-25  1.10151e-15 -1.76934e-25  2.16917e-16 -8.34464e-26  3.97937e-17  -3.0646e-26  6.81961e-18 -9.53068e-27  1.09346e-18 -2.58114e-27  1.64139e-19 -6.12802e-28  2.30625e-20 -1.28277e-28  3.03046e-21 -2.39019e-29  3.71826e-22  -3.9953e-30  4.25043e-23 -6.00271e-31  4.51357e-24 -8.09232e-32   4.4363e-25 -9.77392e-33  4.01799e-26 -1.05684e-33  3.33561e-27 -1.02097e-34  2.52212e-28 -8.77297e-36  1.72385e-29 -6.66158e-37  1.05544e-30 -4.43396e-38  5.72499e-32 -2.56137e-39  2.71386e-33 -1.26793e-40   1.1049e-34 -5.28596e-42  3.77629e-36 -1.81015e-43  1.04986e-37 -4.90848e-45  2.26664e-39 -9.96111e-47  3.52381e-41  -1.3695e-48    3.406e-43 -1.01393e-50  1.32004e-45
 3.44617e-05  5.64147e-17 -0.000819033 -6.12248e-17   0.00572458 -3.28759e-17   -0.0188614  3.25751e-17    0.0321937  1.48772e-17   -0.0251094  -3.3223e-17  0.000241372  2.04768e-16   0.00967644 -1.87623e-16    0.0003609 -1.80954e-16  -0.00342168  2.24796e-16  -0.00131759  5.38854e-17   0.00055125 -7.12864e-17  0.000709885 -3.67534e-17  0.000247563  1.13399e-17 -4.91936e-05  1.54997e-17 -0.000100664  1.66351e-18 -5.67783e-05 -4.10719e-18 -1.55902e-05 -1.88535e-18  1.83898e-06  5.71471e-19  4.67652e-06  9.04884e-19  3.00076e-06  3.31856e-19  1.27263e-06 -8.05837e-20  3.78373e-07 -1.57225e-19  5.83985e-08 -8.85659e-20 -1.62876e-08 -2.47202e-20 -1.86596e-08  1.18219e-21 -9.91028e-09   5.3282e-21 -4.00879e-09  3.38502e-21  -1.3634e-09  1.44259e-21 -4.03792e-10  4.86226e-22 -1.05406e-10   1.4534e-22 -2.41849e-11  4.82265e-23 -4.77336e-12  2.18255e-23 -7.58514e-13  1.12825e-23 -7.39188e-14  4.94422e-24  6.93939e-15   1.3594e-24  6.30944e-15 -6.32561e-26  2.19246e-15 -3.09993e-25  5.81638e-16 -1.99162e-25  1.31984e-16 -8.55078e-26  2.66764e-17 -2.93952e-26  4.89304e-18 -8.64997e-27  8.22375e-19 -2.22837e-27  1.27298e-19 -5.05299e-28  1.81925e-20 -1.01381e-28  2.40209e-21 -1.81444e-29  2.92858e-22  -2.9149e-30  3.29138e-23 -4.20855e-31  3.40122e-24 -5.45111e-32  3.22039e-25 -6.32279e-33  2.78145e-26 -6.55784e-34  2.17941e-27 -6.06494e-35  1.53886e-28 -4.97617e-36  9.71164e-30 -3.59597e-37  5.42316e-31 -2.26773e-38  2.64629e-32 -1.23378e-39  1.11055e-33 -5.70555e-41  3.92602e-35 -2.19708e-42  1.13677e-36 -6.83711e-44  2.58999e-38 -1.64349e-45  4.36532e-40 -2.83466e-47  4.88682e-42 -3.03614e-49  2.85469e-44 -1.30501e-51
-3.17895e-17   2.4643e-05  1.07957e-16  -0.00103223 -4.93838e-17   0.00740855 -6.85535e-17   -0.0234028  1.48772e-17    0.0367502 -3.92303e-17   -0.0236954  6.41741e-17  -0.00517721    2.565e-16    0.0105372 -2.76841e-16   0.00302089 -1.83891e-16  -0.00323381  2.14975e-16  -0.00233453  8.24503e-17   4.8127e-06 -6.11213e-17  0.000773113 -4.45662e-17  0.000469806  5.88382e-18  7.74094e-05  1.51924e-17 -7.86279e-05  2.18358e-18 -7.61203e-05 -4.09176e-18 -3.55507e-05 -1.86441e-18 -8.32857e-06  7.70888e-19  1.58827e-06  1.10417e-18  2.83263e-06  4.24006e-19  1.74654e-06 -7.65217e-20  7.51117e-07   -1.879e-19  2.44512e-07 -1.18948e-19    5.602e-08 -4.27051e-20  4.14502e-09 -6.04963e-21 -4.22067e-09  3.48588e-21 -3.06357e-09  3.29115e-21 -1.38756e-09  1.66958e-21 -5.07267e-10  6.78144e-22 -1.60673e-10  2.58973e-22 -4.54419e-11  1.02496e-22 -1.16541e-11  4.24331e-23 -2.73334e-12   1.7169e-23 -5.88929e-13  5.93431e-24 -1.16781e-13  1.25007e-24  -2.1302e-14 -2.06776e-25 -3.56457e-15 -3.53907e-25 -5.44064e-16 -1.99229e-25 -7.49692e-17 -7.91778e-26 -9.15262e-18 -2.56469e-26 -9.52684e-19 -7.16237e-27 -7.64614e-20 -1.75748e-27 -2.85248e-21 -3.80734e-28  4.71196e-22 -7.31704e-29  1.38017e-22 -1.25622e-29  2.22251e-23 -1.93623e-30   2.7557e-24 -2.68078e-31  2.81614e-25 -3.32741e-32   2.3994e-26 -3.69456e-33  1.66743e-27 -3.66162e-34  8.72036e-29 -3.22766e-35  2.37617e-30 -2.51579e-36 -1.27497e-31 -1.71982e-37 -2.44708e-32 -1.02036e-38 -2.11669e-33 -5.18485e-40  -1.3006e-34 -2.21747e-41 -6.11308e-36 -7.78888e-43 -2.21136e-37 -2.16664e-44 -5.99018e-39 -4.50858e-46 -1.13932e-40 -6.34781e-48 -1.32343e-42 -4.80623e-50 -6.08718e-45
 2.31438e-05 -8.74704e-17 -0.000187888  1.50326e-16 -0.000456484 -3.49808e-18   0.00729658 -7.69058e-17   -0.0251094 -3.92303e-17    0.0379699 -1.27583e-16   -0.0199746  1.92007e-16   -0.0102236  2.98464e-16   0.00973783 -3.33177e-16   0.00566687 -1.99376e-16  -0.00221268  1.93402e-16  -0.00308039  1.03794e-16 -0.000775738 -4.45335e-17  0.000600163 -4.56734e-17  0.000631812  1.00558e-18  0.000244872  1.26675e-17  -7.8607e-06  1.35117e-18 -7.14186e-05 -4.19409e-18  -5.0766e-05 -1.63646e-18 -2.10476e-05  1.08653e-18 -4.60228e-06  1.35024e-18  8.46024e-07   5.4393e-19  1.47116e-06 -5.74909e-20  9.04492e-07  -2.1588e-19  3.98638e-07 -1.52839e-19   1.3974e-07 -6.52666e-20   3.9251e-08 -1.68511e-20  8.11238e-09 -5.09124e-22  6.64879e-10  2.18302e-21 -4.16568e-10  1.53435e-21 -2.95274e-10  7.76221e-22 -1.25547e-10  3.54762e-22 -4.30278e-11  1.52423e-22 -1.28312e-11  6.06566e-23 -3.43818e-12  2.18014e-23 -8.41887e-13  6.49709e-24 -1.90282e-13  1.10472e-24 -3.99548e-14   -2.882e-25 -7.82848e-15 -3.50801e-25 -1.43567e-15   -1.793e-25 -2.46966e-16  -6.6727e-26 -3.99073e-17 -2.04698e-26 -6.06279e-18 -5.43882e-27  -8.6621e-19 -1.27265e-27 -1.16353e-19 -2.63461e-28 -1.46803e-20 -4.84736e-29 -1.73695e-21 -7.97417e-30 -1.92259e-22 -1.17741e-30 -1.98434e-23 -1.56033e-31 -1.90178e-24 -1.85166e-32 -1.68373e-25 -1.96263e-33  -1.3685e-26 -1.85263e-34 -1.01356e-27 -1.55066e-35 -6.78064e-29  -1.1432e-36 -4.05453e-30 -7.35512e-38 -2.13964e-31 -4.08052e-39 -9.80933e-33  -1.9224e-40 -3.82916e-34 -7.53441e-42 -1.23904e-35 -2.38522e-43 -3.19982e-37 -5.83107e-45  -6.2222e-39 -1.02205e-46 -8.22678e-41 -1.11098e-48 -5.86715e-43 -4.84046e-51
  3.4452e-17  0.000103954 -1.58242e-16 -0.000769911  1.57082e-16   0.00133549  6.60912e-17   0.00477912  -3.3223e-17   -0.0236954 -1.27583e-16    0.0364642 -2.33917e-16   -0.0152449  3.15487e-16   -0.0140717  3.32998e-16   0.00761908  -3.5142e-16   0.00775783 -2.18557e-16 -0.000556283  1.59404e-16  -0.00333582  1.14023e-16   -0.0016112 -2.45563e-17   0.00018938 -3.93787e-17  0.000660062 -1.70006e-18  0.000403674  8.63367e-18  0.000101164 -8.49296e-19 -3.46164e-05 -4.65433e-18 -5.17613e-05 -1.36846e-18 -3.09993e-05  1.47066e-18 -1.20572e-05  1.64378e-18  -2.7404e-06  6.96765e-19  2.26762e-07 -2.02262e-20  6.28498e-07 -2.37968e-19  4.03392e-07 -1.87747e-19  1.83852e-07 -9.13731e-20  6.81483e-08 -3.11621e-20  2.13701e-08 -6.86547e-21  5.68753e-09 -1.20774e-22  1.24214e-09  9.17797e-22  1.94082e-10  7.06534e-22  5.04749e-12  3.91969e-22 -1.13092e-11  1.79926e-22 -5.80831e-12  7.03494e-23 -2.02411e-12  2.36445e-23 -5.84933e-13  6.39608e-24 -1.48836e-13  9.20367e-25 -3.42328e-14 -3.07601e-25 -7.21559e-15 -3.09976e-25 -1.40481e-15 -1.46674e-25 -2.53808e-16 -5.15057e-26 -4.26675e-17 -1.50196e-26 -6.68278e-18 -3.80409e-27 -9.75446e-19 -8.49629e-28 -1.32612e-19 -1.68105e-28 -1.67693e-20 -2.95952e-29 -1.96842e-21 -4.66022e-30 -2.13895e-22 -6.58266e-31 -2.14416e-23 -8.33567e-32 -1.97445e-24 -9.43813e-33 -1.66167e-25 -9.52573e-34 -1.27026e-26 -8.53901e-35 -8.75561e-28  -6.7634e-36  -5.3935e-29 -4.69739e-37 -2.93714e-30 -2.83085e-38 -1.39499e-31 -1.46015e-39 -5.67949e-33 -6.33224e-41  -1.9375e-34 -2.25318e-42 -5.36647e-36  -6.3461e-44 -1.15208e-37 -1.33655e-45 -1.77727e-39 -1.90299e-47 -1.70064e-41 -1.45538e-49 -6.50705e-44
-7.45333e-06   8.5153e-17  0.000233725 -2.19277e-16  -0.00166982  1.14909e-16   0.00419004   1.4021e-16  0.000241372  6.41741e-17   -0.0199746 -2.33917e-16     0.033467 -3.35498e-16   -0.0106204  4.05374e-16    -0.016478  3.59001e-16   0.00474121 -3.33968e-16   0.00900061 -2.32883e-16    0.0014124  1.15487e-16  -0.00302349  1.11257e-16  -0.00230853 -4.46917e-18 -0.000389343 -2.66705e-17   0.00051666 -1.38627e-18  0.000499027  4.13006e-18  0.000220582 -4.02281e-18  3.06415e-05 -5.56379e-18 -3.28764e-05 -1.22064e-18 -3.25241e-05  1.84456e-18 -1.76252e-05  1.95688e-18 -6.71954e-06  8.71927e-19 -1.70652e-06  3.27612e-20 -9.50798e-08 -2.52443e-19  1.95934e-07 -2.21338e-19  1.45808e-07 -1.19618e-19   7.0215e-08 -4.83653e-20  2.72604e-08 -1.53535e-20  9.09248e-09 -3.57335e-21  2.67355e-09 -2.12651e-22  7.00096e-10  4.22906e-22  1.63244e-10  3.40347e-22  3.35038e-11  1.71958e-22  5.85518e-12  6.75355e-23   7.9007e-13  2.18489e-23  4.84717e-14  5.51845e-24 -1.52312e-14  6.77199e-25 -7.72782e-15 -2.88198e-25 -2.25632e-15  -2.4964e-25  -5.2772e-16 -1.10208e-25 -1.06952e-16 -3.66568e-26 -1.93677e-17 -1.01822e-26 -3.17948e-18 -2.46106e-27 -4.76639e-19 -5.24915e-28 -6.54739e-20 -9.92565e-29 -8.25006e-21 -1.67107e-29 -9.53015e-22 -2.51621e-30 -1.00732e-22 -3.39567e-31 -9.71254e-24 -4.10226e-32 -8.50687e-25 -4.42307e-33 -6.73183e-26 -4.24082e-34 -4.78059e-27  -3.6001e-35 -3.02102e-28 -2.68961e-36 -1.68106e-29 -1.75301e-37 -8.12823e-31 -9.84912e-39 -3.35705e-32 -4.69562e-40 -1.15773e-33 -1.86043e-41 -3.23107e-35 -5.94871e-43 -6.97157e-37 -1.46815e-44 -1.08184e-38 -2.59679e-46 -1.05981e-40 -2.84625e-48 -4.85144e-43 -1.24913e-50
-2.23582e-17  5.00806e-06  1.41615e-16  0.000282657 -2.49781e-16  -0.00248789  2.98096e-17   0.00731463  2.04768e-16  -0.00517721  1.92007e-16   -0.0152449 -3.35498e-16    0.0301361 -4.12861e-16  -0.00670743  4.47913e-16   -0.0176203  3.73958e-16   0.00162681 -2.88626e-16   0.00934751 -2.37117e-16   0.00337001  6.59579e-17   -0.0021973   9.6192e-17  -0.00271717  1.29819e-17  -0.00102182 -9.83149e-18  0.000210499  1.89184e-18  0.000489791   1.4905e-19  0.000314256 -7.53708e-18  0.000108971 -6.82513e-18  4.51015e-06 -1.27621e-18 -2.23286e-05  2.13034e-18 -1.82017e-05  2.24072e-18 -9.33095e-06  1.04317e-18 -3.58662e-06  9.11484e-20  -1.0306e-06 -2.61062e-19 -1.76264e-07 -2.52495e-19  2.29057e-08 -1.48542e-19  3.68468e-08 -6.73438e-20  2.03911e-08 -2.53156e-20  8.42756e-09 -7.89128e-21  2.94016e-09  -1.7813e-21  9.05476e-10 -7.15208e-23  2.51563e-10  1.93151e-22  6.38211e-11  1.25806e-22  1.48951e-11  5.19585e-23  3.21297e-12   1.6601e-23  6.42463e-13  3.95147e-24   1.1931e-13  3.68907e-25  2.06011e-14 -2.57928e-25  3.30994e-15 -1.87767e-25  4.95186e-16 -7.70394e-26  6.90543e-17 -2.42545e-26  8.99355e-18 -6.41657e-27  1.09781e-18 -1.47987e-27  1.26336e-19 -3.01356e-28  1.38252e-20 -5.44318e-29  1.45394e-21 -8.75631e-30   1.4838e-22 -1.25936e-30  1.47594e-23 -1.62151e-31  1.42437e-24 -1.86585e-32  1.31568e-25 -1.91202e-33  1.14139e-26 -1.73751e-34  9.11442e-28 -1.39303e-35  6.57296e-29 -9.78449e-37   4.2052e-30 -5.96106e-38  2.34478e-31 -3.10719e-39  1.11753e-32 -1.36071e-40  4.44621e-34 -4.88443e-42    1.431e-35 -1.38675e-43  3.55879e-37 -2.94287e-45  6.34669e-39  -4.2203e-47  7.01559e-41 -3.24843e-49  3.10384e-43
-7.62168e-06 -4.64912e-17  8.77399e-05  1.86552e-16  2.67116e-05 -2.46169e-16  -0.00263121 -7.87613e-17   0.00967644    2.565e-16   -0.0102236  3.15487e-16   -0.0106204 -4.12861e-16    0.0271731 -4.56132e-16  -0.00364708  4.45011e-16   -0.0178434  3.77081e-16   -0.0013637 -2.25471e-16   0.00891083 -2.30032e-16   0.00506814  1.55318e-17 -0.000995499  7.17452e-17  -0.00275681  2.60328e-17  -0.00158413  8.27252e-18 -0.000207971  7.31969e-18  0.000361159 -2.65057e-18    0.0003497 -1.07349e-17  0.000177932 -8.19034e-18  5.16269e-05 -1.51563e-18 -1.34972e-06   2.2786e-18 -1.22519e-05  2.44247e-18 -9.07359e-06  1.17541e-18 -4.52914e-06  1.38016e-19  -1.7756e-06 -2.69486e-19 -5.62871e-07   -2.817e-19 -1.38499e-07  -1.7685e-19 -2.07377e-08 -8.66588e-20  2.41504e-09 -3.57892e-20  3.48466e-09 -1.26058e-20  1.75182e-09 -3.61041e-21  6.63027e-10 -7.18115e-22  2.13313e-10 -2.87587e-23  6.09761e-11  5.01279e-23  1.58236e-11  2.70903e-23  3.77374e-12   9.0558e-24  8.33431e-13  1.97764e-24  1.71311e-13   2.1717e-26   3.2885e-14 -2.34573e-25  5.90875e-15 -1.35892e-25  9.95173e-16 -5.09735e-26  1.57225e-16  -1.5092e-26  2.33026e-17 -3.79021e-27  3.23827e-18 -8.32478e-28  4.21446e-19 -1.61625e-28  5.12738e-20 -2.78508e-29  5.81666e-21 -4.27524e-30  6.13264e-22 -5.86459e-31  5.98465e-23 -7.19301e-32  5.37877e-24 -7.86967e-33   4.4258e-25 -7.64884e-34  3.31042e-26 -6.57196e-35  2.23197e-27 -4.96203e-36  1.34276e-28 -3.26559e-37   7.1193e-30 -1.85191e-38  3.27568e-31 -8.90828e-40  1.28224e-32 -3.55852e-41  4.15795e-34 -1.14615e-42  1.07559e-35 -2.84752e-44  2.09434e-37 -5.06836e-46  2.77208e-39 -5.58811e-48  1.97878e-41 -2.46521e-50
 6.73952e-18 -2.62076e-05 -6.39046e-17  0.000273861  2.12121e-16 -0.000686525  -2.2151e-16   -0.0016747 -1.87623e-16    0.0105372  2.98464e-16   -0.0140717  4.05374e-16  -0.00670743 -4.56132e-16    0.0248199 -4.66045e-16  -0.00132109  4.08411e-16   -0.0174767  3.70543e-16  -0.00403848 -1.54163e-16   0.00786968 -2.13401e-16   0.00635459 -3.15051e-17  0.000410323  4.21396e-17  -0.00241852  3.40152e-17  -0.00197125  2.49297e-17 -0.000662344  1.36529e-17  0.000128168 -4.05001e-18  0.000308223 -1.30998e-17  0.000215311 -9.34657e-18  9.49339e-05 -1.83574e-18  2.51207e-05   2.2811e-18 -7.24916e-07  2.52206e-18 -5.47762e-06  1.23493e-18  -3.9465e-06  1.54256e-19 -1.95766e-06 -2.85545e-19 -7.83111e-07 -3.10442e-19 -2.64623e-07 -2.03405e-19 -7.62683e-08 -1.04754e-19 -1.83725e-08 -4.56835e-20 -3.39937e-09 -1.71525e-20 -3.05978e-10 -5.45411e-21   1.0125e-10 -1.41553e-21  7.22119e-11 -2.83352e-22  2.82094e-11 -3.84211e-23  8.76424e-12  -1.2711e-24  2.35897e-12  9.04671e-25  5.69057e-13 -1.53189e-26  1.25121e-13 -3.10614e-25  2.53115e-14 -2.21423e-25  4.73693e-15 -9.77694e-26   8.2268e-16 -3.26572e-26  1.32804e-16   -8.975e-27  1.99362e-17 -2.12402e-27   2.7818e-18 -4.42235e-28  3.60357e-19 -8.15988e-29  4.32529e-20  -1.3381e-29  4.79759e-21 -1.95577e-30  4.90105e-22 -2.55354e-31   4.5921e-23 -2.97737e-32  3.92649e-24 -3.09059e-33  3.04542e-25 -2.84241e-34  2.12707e-26 -2.30299e-35  1.32613e-27 -1.63245e-36   7.3009e-29 -1.00288e-37  3.50193e-30 -5.26953e-39  1.43849e-31 -2.32536e-40  4.94641e-33 -8.40528e-42  1.37973e-34 -2.40105e-43  2.98023e-36  -5.1241e-45  4.62132e-38 -7.38789e-47  4.44039e-40 -5.71508e-49  1.70405e-42
-6.99027e-07  7.90135e-18 -3.84194e-05 -6.70919e-17  0.000500666  2.22268e-16  -0.00175894  -1.9498e-16    0.0003609 -2.76841e-16   0.00973783  3.32998e-16    -0.016478  4.47913e-16  -0.00364708 -4.66045e-16    0.0230409 -4.50958e-16  0.000462195  3.52828e-16   -0.0167618  3.58383e-16  -0.00632594 -8.25885e-17   0.00640705 -1.90389e-16   0.00716144 -7.16609e-17   0.00185275   1.1882e-17  -0.00175036   3.7223e-17  -0.00211406  3.81225e-17  -0.00106909  1.95994e-17 -0.000169043 -4.20163e-18  0.000190392 -1.43343e-17  0.000206244 -1.00079e-17   0.00012061 -2.09504e-18  4.91194e-05  2.16687e-18  1.30978e-05   2.4625e-18  5.69334e-07  1.19893e-18 -1.86769e-06  1.24642e-19 -1.43079e-06 -3.15999e-19 -7.21623e-07 -3.39919e-19 -2.94162e-07 -2.27013e-19 -1.03053e-07 -1.20114e-19 -3.18324e-08  -5.3953e-20 -8.76434e-09 -2.09747e-20 -2.15403e-09 -7.05096e-21 -4.68773e-10 -2.04682e-21 -8.81801e-11 -5.21071e-22 -1.34257e-11 -1.21098e-22 -1.28025e-12 -2.70671e-23  9.52912e-14 -6.20553e-24   9.0743e-14 -1.66465e-24  3.01149e-14 -5.69785e-25   7.5413e-15 -2.12062e-25  1.60382e-15 -7.16533e-26  3.01813e-16 -2.07806e-26  5.11901e-17 -5.20856e-27  7.89681e-18 -1.14826e-27  1.11287e-18 -2.24868e-28  1.43506e-19 -3.92145e-29  1.69286e-20 -6.09385e-30  1.82373e-21 -8.45116e-31  1.78905e-22 -1.04705e-31  1.59154e-23 -1.15732e-32  1.27704e-24 -1.13665e-33  9.17981e-26 -9.86355e-35  5.86136e-27 -7.51252e-36  3.28887e-28 -4.98163e-37  1.59977e-29 -2.84474e-38  6.62749e-31 -1.37765e-39  2.28364e-32 -5.53863e-41  6.33169e-34 -1.79429e-42  1.34484e-35 -4.48079e-44  2.01989e-37  -8.0138e-46  1.84413e-39 -8.87674e-48  6.96448e-42 -3.93294e-50
 2.99441e-19 -1.08409e-05   4.5366e-19  6.94135e-06 -5.60301e-17   0.00058999  2.25494e-16  -0.00282383 -1.80954e-16   0.00302089 -3.33177e-16   0.00761908  3.59001e-16   -0.0176203  4.45011e-16  -0.00132109 -4.50958e-16    0.0217039 -4.22291e-16   0.00187096  2.91104e-16   -0.0158518  3.44381e-16  -0.00822207 -1.66839e-17   0.00468019 -1.64264e-16    0.0074811 -1.02435e-16   0.00318937  -1.5101e-17 -0.000837785  3.66149e-17  -0.00198534  4.67703e-17  -0.00135435  2.41387e-17 -0.000475311 -3.45971e-18  1.59101e-05 -1.43578e-17  0.000147915 -9.98205e-18  0.000119198 -2.16265e-18  6.28047e-05  1.98663e-18  2.47716e-05  2.27152e-18  7.11564e-06   1.0617e-18  1.03551e-06  4.33029e-20 -3.59802e-07 -3.63249e-19 -3.90874e-07 -3.69715e-19 -2.11686e-07 -2.46182e-19 -8.89069e-08 -1.31382e-19 -3.18621e-08 -5.97387e-20 -1.01208e-08 -2.36193e-20 -2.90494e-09 -8.18068e-21  -7.6189e-10  -2.5106e-21 -1.83869e-10   -6.997e-22 -4.10164e-11  -1.8285e-22 -8.48298e-12 -4.57973e-23 -1.62992e-12 -1.11493e-23 -2.91366e-13 -2.74056e-24 -4.85138e-14 -7.17471e-25  -7.5329e-15 -1.98304e-25  -1.0925e-15   -5.369e-26 -1.48356e-16 -1.33951e-26 -1.89333e-17 -3.01513e-27 -2.28306e-18 -6.11038e-28 -2.61906e-19   -1.114e-28 -2.87908e-20 -1.82169e-29 -3.04916e-21 -2.66607e-30 -3.11364e-22 -3.49046e-31 -3.04857e-23 -4.08567e-32 -2.82915e-24 -4.26428e-33 -2.45081e-25 -3.94812e-34 -1.94907e-26 -3.22086e-35 -1.39954e-27 -2.29725e-36 -8.92509e-29 -1.41901e-37 -4.96864e-30 -7.49463e-39 -2.36836e-31  -3.3244e-40 -9.43907e-33 -1.20768e-41 -3.04744e-34 -3.46562e-43 -7.61155e-36 -7.42651e-45 -1.36467e-37 -1.07502e-46 -1.51783e-39 -8.34914e-49 -6.76164e-42
 1.59072e-06  3.33242e-18 -3.82159e-05 -1.49417e-17  0.000162999 -3.49326e-17  0.000339163  2.26747e-16  -0.00342168 -1.83891e-16   0.00566687  -3.5142e-16   0.00474121  3.73958e-16   -0.0178434  4.08411e-16  0.000462195 -4.22291e-16     0.020681 -3.90365e-16   0.00302472   2.3206e-16   -0.0148363  3.30429e-16  -0.00975336   3.9223e-17   0.00281299 -1.37729e-16   0.00734366 -1.22491e-16   0.00431057 -3.60536e-17  0.000214651  3.34388e-17  -0.00159778  5.06959e-17  -0.00146613   2.6704e-17 -0.000732632 -2.20359e-18 -0.000181328 -1.32555e-17  5.05993e-05 -9.20039e-18  8.87896e-05 -1.95527e-18  6.12514e-05  1.79355e-18  3.03654e-05  1.97651e-18  1.19233e-05  8.36165e-19  3.73081e-06 -8.34484e-20  8.53004e-07 -4.23526e-19  7.52832e-08  -3.9716e-19 -5.46349e-08 -2.59085e-19 -4.20561e-08 -1.37471e-19 -1.94956e-08 -6.24748e-20 -7.27196e-09 -2.48097e-20 -2.35467e-09 -8.70942e-21 -6.83489e-10 -2.74539e-21 -1.80891e-10 -7.94893e-22 -4.40945e-11 -2.15867e-22 -9.96493e-12 -5.54688e-23 -2.09702e-12 -1.35333e-23 -4.12179e-13 -3.18958e-24 -7.58248e-14 -7.47634e-25 -1.30716e-14 -1.75845e-25 -2.11301e-15 -4.04365e-26  -3.2028e-16 -8.78532e-27 -4.54937e-17 -1.76717e-27 -6.04832e-18 -3.26085e-28 -7.51214e-19 -5.48063e-29 -8.69409e-20 -8.33144e-30   -9.345e-21 -1.13981e-30 -9.29071e-22 -1.39968e-31 -8.50112e-23 -1.53913e-32 -7.11676e-24 -1.50915e-33  -5.4126e-25 -1.31092e-34 -3.70851e-26 -1.00074e-35 -2.26611e-27 -6.65247e-37 -1.21985e-28  -3.8081e-38 -5.69638e-30 -1.84909e-39 -2.26241e-31 -7.45662e-41 -7.44213e-33 -2.42329e-42 -1.95264e-34 -6.06958e-44 -3.85618e-36 -1.08862e-45 -5.17685e-38 -1.20946e-47  -3.7485e-40 -5.37584e-50
-2.24199e-19  1.80908e-06  7.71314e-18 -7.19823e-05 -3.41522e-17  0.000421677 -7.85742e-18 -0.000335353  2.24796e-16  -0.00323381 -1.99376e-16   0.00775783 -3.33968e-16   0.00162681  3.77081e-16   -0.0174767  3.52828e-16   0.00187096 -3.90365e-16    0.0198797  -3.6177e-16   0.00400176  1.80411e-16   -0.0137658  3.16168e-16   -0.0109563  8.21607e-17  0.000898901 -1.12766e-16   0.00679987  -1.3177e-16    0.0051397 -4.96732e-17   0.00129766  2.88735e-17 -0.000997256  5.04084e-17  -0.00138106  2.72122e-17 -0.000891749 -7.19793e-19 -0.000361308 -1.12175e-17 -6.49995e-05 -7.71666e-18  3.57627e-05  -1.4554e-18  4.41965e-05   1.6275e-18  2.79393e-05  1.61627e-18  1.33672e-05   5.5093e-19  5.27077e-06 -2.37988e-19  1.75564e-06  -4.8735e-19  4.90248e-07 -4.17732e-19  1.08505e-07 -2.63831e-19  1.48077e-08 -1.37713e-19 -1.58548e-09 -6.19632e-20 -2.11585e-09 -2.44863e-20 -9.87649e-10   -8.612e-21 -3.47935e-10 -2.73996e-21 -1.04325e-10 -8.03513e-22 -2.77992e-11 -2.20145e-22 -6.71989e-12 -5.65427e-23  -1.4903e-12 -1.36244e-23 -3.05249e-13 -3.10911e-24 -5.79732e-14 -6.83087e-25 -1.02324e-14 -1.45631e-25 -1.68018e-15 -2.98552e-26  -2.5669e-16 -5.79041e-27 -3.64621e-17  -1.0493e-27 -4.80896e-18 -1.76144e-28 -5.87688e-19 -2.71604e-29 -6.63662e-20 -3.81405e-30 -6.90192e-21 -4.84562e-31 -6.58272e-22 -5.54541e-32  -5.7289e-23 -5.69341e-33 -4.52224e-24  -5.2139e-34 -3.21449e-25 -4.22542e-35 -2.03961e-26 -3.00183e-36 -1.14289e-27 -1.84936e-37 -5.58052e-29 -9.75043e-39 -2.33415e-30 -4.32154e-40 -8.17605e-32  -1.5701e-41 -2.32446e-33 -4.50854e-43 -5.12132e-35 -9.66975e-45 -8.10863e-37 -1.40135e-46 -7.96608e-39  -1.0902e-48 -3.13143e-41
 9.49681e-07  1.78383e-19 -7.76941e-06  1.02816e-17 -7.04439e-05 -5.25433e-17  0.000677888  2.25766e-17  -0.00131759  2.14975e-16  -0.00221268 -2.18557e-16   0.00900061 -2.88626e-16   -0.0013637  3.70543e-16   -0.0167618  2.91104e-16   0.00302472  -3.6177e-16    0.0192407 -3.38599e-16   0.00485322  1.37769e-16   -0.0126683  2.99775e-16   -0.0118675  1.10541e-16 -0.000992992 -9.06812e-17    0.0059102 -1.31416e-16    0.0056297  -5.6082e-17   0.00230749  2.37844e-17 -0.000254013  4.68201e-17  -0.00110628  2.59706e-17 -0.000921247  8.34637e-19 -0.000487042  -8.4898e-18 -0.000173185 -5.68544e-18 -2.70903e-05 -7.11084e-19  1.61259e-05  1.50692e-18  1.82269e-05  1.23259e-18  1.10535e-05   2.4394e-19  5.18196e-06  -3.9565e-19  2.04682e-06 -5.42119e-19  7.04212e-07 -4.26369e-19  2.13945e-07 -2.59003e-19  5.75112e-08 -1.32022e-19  1.35439e-08 -5.84024e-20  2.70847e-09 -2.28042e-20  4.18929e-10 -7.96663e-21  3.07547e-11 -2.52856e-21 -9.55378e-12 -7.40175e-22 -5.64975e-12 -2.01607e-22 -1.86933e-12 -5.11597e-23 -4.92649e-13 -1.20961e-23 -1.12234e-13  -2.6802e-24 -2.28189e-14 -5.61901e-25 -4.20404e-15 -1.12016e-25 -7.07406e-16 -2.11566e-26 -1.09155e-16 -3.75675e-27 -1.54708e-17 -6.22932e-28 -2.01418e-18 -9.58715e-29 -2.40594e-19 -1.35944e-29 -2.63087e-20 -1.76172e-30 -2.62505e-21 -2.07228e-31  -2.3799e-22 -2.20094e-32 -1.95004e-23 -2.09955e-33 -1.43457e-24 -1.78636e-34 -9.39823e-26 -1.34325e-35 -5.42781e-27 -8.83011e-37  -2.7286e-28 -5.01094e-38 -1.17472e-29 -2.41662e-39 -4.23959e-31 -9.69604e-41 -1.24581e-32 -3.13995e-42 -2.85833e-34 -7.84505e-44 -4.79808e-36 -1.40456e-45 -5.25731e-38 -1.55893e-47 -2.91389e-40 -6.92926e-50
-2.27317e-19   3.5801e-06   2.1289e-18 -3.65298e-05  8.28579e-18  2.02148e-05 -6.64106e-17  0.000766315  5.38854e-17  -0.00233453  1.93402e-16 -0.000556283 -2.32883e-16   0.00934751 -2.25471e-16  -0.00403848  3.58383e-16   -0.0158518   2.3206e-16   0.00400176 -3.38599e-16    0.0187269  -3.1928e-16   0.00561403  1.03907e-16   -0.0115586   2.7925e-16   -0.0125199  1.24322e-16  -0.00281159 -7.21802e-17   0.00473851 -1.23507e-16   0.00575884 -5.65296e-17   0.00315289  1.86466e-17  0.000546906  4.09901e-17 -0.000677134  2.35183e-17 -0.000812985  2.40391e-18 -0.000532735  -5.3458e-18 -0.000249925 -3.33027e-18  -8.4357e-05   1.7921e-19 -1.52686e-05  1.42911e-18  4.28668e-06  8.63416e-19  5.90573e-06 -4.55104e-20  3.62166e-06 -5.30929e-19  1.68961e-06 -5.75777e-19  6.66243e-07 -4.19164e-19  2.31287e-07 -2.44229e-19  7.21398e-08 -1.20994e-19  2.04503e-08 -5.23562e-20  5.30521e-09 -2.00904e-20  1.26453e-09  -6.9262e-21  2.77501e-10 -2.17513e-21  5.60936e-11 -6.29705e-22   1.0434e-11 -1.69064e-22  1.78157e-12 -4.21122e-23  2.78036e-13 -9.73272e-24  3.93926e-14 -2.09492e-24  5.01378e-15 -4.22357e-25  5.63523e-16 -7.99781e-26  5.42493e-17 -1.41974e-26  4.19291e-18 -2.35311e-27  2.13649e-19 -3.62741e-28 -1.02178e-21 -5.17825e-29 -1.63054e-21 -6.80446e-30 -1.72132e-22 -8.17321e-31 -2.37244e-24 -8.91646e-32  2.22232e-24 -8.78577e-33  4.59996e-25 -7.77246e-34  5.94059e-26 -6.12523e-35  5.87191e-27 -4.25661e-36  4.69839e-28 -2.57683e-37  3.09662e-29 -1.33931e-38  1.68115e-30 -5.86708e-40  7.42928e-32 -2.11189e-41  2.60917e-33 -6.02043e-43  6.99077e-35 -1.28383e-44  1.33062e-36 -1.85201e-46  1.55891e-38 -1.43602e-48  7.27149e-41
 1.42426e-07 -7.58149e-19  5.52038e-06   5.9895e-18 -7.95735e-05  8.71686e-19  0.000221196 -7.31243e-17   0.00055125  8.24503e-17  -0.00308039  1.59404e-16    0.0014124 -2.37117e-16   0.00891083 -1.54163e-16  -0.00632594  3.44381e-16   -0.0148363  1.80411e-16   0.00485322  -3.1928e-16    0.0183149 -3.00336e-16   0.00630947  7.77731e-17   -0.0104434  2.53525e-16   -0.0129407  1.25037e-16  -0.00451839 -5.74326e-17   0.00334892 -1.10619e-16   0.00552687 -5.29171e-17   0.00375994  1.36208e-17   0.00131525   3.3944e-17 -0.000151352  2.04613e-17 -0.000583269  3.97523e-18 -0.000489313 -2.06868e-18 -0.000278912 -9.06516e-19 -0.000122478  1.09126e-18 -4.16461e-05  1.37689e-18  -9.6812e-06  5.38399e-19 -2.77727e-07 -2.84427e-19  1.25346e-06 -6.23586e-19  8.94013e-07 -5.80216e-19  4.31568e-07  -3.9473e-19  1.71327e-07  -2.2051e-19  5.94243e-08 -1.05871e-19  1.85122e-08  -4.4651e-20  5.25932e-09 -1.67686e-20  1.37559e-09 -5.67656e-21  3.33334e-10 -1.75339e-21  7.51676e-11 -4.98878e-22  1.58248e-11 -1.31297e-22  3.11765e-12 -3.19691e-23  5.75753e-13 -7.20257e-24  9.97846e-14 -1.50532e-24    1.624e-14  -2.9283e-25   2.4823e-15 -5.30916e-26   3.5618e-16 -8.95916e-27  4.79256e-17 -1.40363e-27   6.0364e-18 -2.03625e-28  7.09905e-19 -2.72563e-29  7.76923e-20 -3.34909e-30    7.879e-21 -3.75448e-31  7.36608e-22 -3.81715e-32   6.3094e-23  -3.4996e-33  4.91527e-24 -2.87454e-34  3.45265e-25 -2.09747e-35  2.16432e-26 -1.34472e-36  1.19569e-27 -7.47349e-38  5.73194e-29 -3.54135e-39  2.33741e-30     -1.4e-40  7.89527e-32 -4.47872e-42  2.12732e-33 -1.10788e-43  4.31469e-35 -1.96718e-45  5.94986e-37 -2.16847e-47  4.42638e-39  -9.5876e-50
-8.34447e-20  1.55547e-06 -1.02679e-18 -1.23247e-06  1.09004e-17 -0.000107206 -1.08706e-17  0.000486395 -7.12864e-17   4.8127e-06  1.03794e-16  -0.00333582  1.15487e-16   0.00337001 -2.30032e-16   0.00786968 -8.25885e-17  -0.00822207  3.30429e-16   -0.0137658  1.37769e-16   0.00561403 -3.00336e-16    0.0179891 -2.78287e-16   0.00695908  5.81065e-17  -0.00932425  2.22973e-16   -0.0131516  1.15524e-16  -0.00608301 -4.61782e-17   0.00180491 -9.53677e-17   0.00495216 -4.72753e-17   0.00407563  8.71669e-18   0.00196492  2.65732e-17   0.00039939  1.73403e-17 -0.000269692  5.52457e-18 -0.000366147   1.0646e-18  -0.00025545  1.33748e-18 -0.000133486  1.90308e-18 -5.66406e-05  1.32806e-18 -1.98387e-05   2.7657e-19  -5.5612e-06 -4.51651e-19 -1.07043e-06  -6.6285e-19 -4.85645e-09 -5.53281e-19  1.19545e-07 -3.54749e-19  7.29513e-08  -1.9016e-19  3.10388e-08 -8.83392e-20  1.09791e-08 -3.62221e-20   3.4145e-09 -1.32719e-20  9.57752e-10 -4.39492e-21   2.4567e-10 -1.32933e-21  5.81066e-11 -3.70065e-22  1.27391e-11 -9.51099e-23  2.59738e-12   -2.257e-23  4.93497e-13  -4.9465e-24  8.74656e-14 -1.00291e-24  1.44644e-14 -1.88477e-25  2.23092e-15 -3.28452e-26  3.20574e-16  -5.3012e-27  4.28462e-17 -7.90943e-28  5.31439e-18 -1.08844e-28  6.09961e-19 -1.37699e-29  6.45534e-20  -1.5939e-30  6.27264e-21 -1.67855e-31  5.56774e-22 -1.59892e-32   4.4871e-23 -1.36947e-33  3.25953e-24 -1.04722e-34  2.11563e-25 -7.08415e-36  1.21387e-26 -4.18934e-37  6.07525e-28 -2.13375e-38  2.60746e-29 -9.18417e-40  9.38348e-31 -3.25614e-41  2.74459e-32 -9.16399e-43  6.23129e-34 -1.93314e-44  1.01864e-35   -2.763e-46  1.03565e-37 -2.12556e-48  4.22529e-40
