   9.946e-37  4.88085e-51 -1.45896e-36 -1.35402e-49  8.42094e-37  2.17122e-48 -3.05126e-37 -1.88955e-47 -8.75756e-37  4.68222e-47  2.06428e-36  3.84596e-47 -2.52711e-36 -1.06815e-46  9.21604e-37   7.3275e-46  1.21172e-35  2.03186e-45 -1.17479e-34 -1.28537e-44  9.00781e-34  2.29008e-44 -6.01812e-33 -1.24685e-44  3.54006e-32  2.26754e-44 -1.84318e-31  9.71377e-45  8.52862e-31 -1.90956e-43 -3.51742e-30  1.38302e-42  1.29559e-29 -6.95063e-42 -4.26659e-29  2.87827e-41   1.2565e-28 -1.06367e-40 -3.30685e-28  3.57488e-40  7.76471e-28 -1.09263e-39 -1.62215e-27  3.03006e-39  3.00265e-27 -7.58909e-39 -4.89526e-27   1.7029e-38  6.96941e-27 -3.37312e-38  -8.5574e-27  5.72484e-38   8.8892e-27 -7.73383e-38 -7.56237e-27  6.21414e-38  4.93884e-27  5.58305e-38 -2.06498e-27 -3.87276e-37  4.18249e-29  1.07359e-36  6.85157e-28 -2.24297e-36 -4.91802e-28  3.93912e-36  8.57322e-29 -6.05059e-36  9.98866e-29  8.28583e-36 -6.91011e-29 -1.02284e-35  3.94045e-31  1.14651e-35   1.6805e-29  -1.1731e-35 -4.48258e-30  1.09984e-35 -2.63773e-30  -9.4687e-36  1.28844e-30  7.48363e-36   3.4412e-31 -5.40993e-36 -2.46453e-31  3.54692e-36 -3.99741e-32 -2.07762e-36  3.19433e-32  1.06025e-36  7.29596e-33 -4.50393e-37 -3.98693e-33  1.43263e-37 -6.84989e-34 -2.11543e-38  1.56619e-34 -1.08482e-38  1.20475e-34  1.08924e-38 -1.26831e-35 -5.33026e-39 -4.48323e-36  1.76184e-39 -8.13285e-37 -3.92275e-40  2.24422e-37  4.61209e-41  4.15622e-38  3.14353e-42 -9.74372e-40 -2.45569e-42 -7.87052e-40  4.52879e-43 -8.49597e-41 -3.25291e-44 -2.34239e-42 -1.46562e-45  1.34238e-42    4.073e-46  3.15665e-44 -1.56812e-47 -1.17068e-45 -1.45464e-48  1.48882e-48  1.10697e-49
 4.88085e-51  2.75892e-36  1.20303e-49   -3.375e-36 -2.18598e-48  2.97224e-36  2.89084e-47 -1.19713e-36 -2.26977e-46 -2.68957e-36  4.94113e-46  5.77728e-36  3.60978e-46 -1.92701e-36 -5.82725e-46 -5.44414e-35  4.69609e-45  5.69155e-34  1.87905e-44 -4.69536e-33 -9.51984e-44  3.35753e-32  1.41386e-43 -2.10672e-31 -2.24633e-44  1.16719e-30  -1.0489e-43 -5.73657e-30  1.26136e-42  2.50987e-29 -6.98124e-42 -9.79969e-29  3.48477e-41  3.41981e-28 -1.53362e-40 -1.06736e-27  6.02958e-40   2.9788e-27 -2.15466e-39 -7.42516e-27  7.02935e-39  1.64952e-26 -2.09301e-38 -3.25479e-26  5.67965e-38    5.676e-26 -1.40064e-37 -8.68629e-26  3.12361e-37  1.15467e-25 -6.24706e-37 -1.31305e-25  1.10384e-36   1.2465e-25  -1.6731e-36 -9.45162e-26  2.02485e-36  5.17748e-26 -1.48529e-36 -1.37404e-26 -1.02555e-36 -6.94593e-27  6.80174e-36   9.8791e-27 -1.68535e-35 -4.23815e-27  3.12178e-35 -5.98126e-28 -4.84235e-35   1.5172e-27   6.5533e-35 -4.75452e-28 -7.89508e-35 -2.18422e-28  8.57106e-35  1.77081e-28 -8.45808e-35  6.79983e-30  7.63859e-35 -3.77004e-29 -6.34469e-35  3.75069e-30   4.8577e-35  6.33777e-30 -3.42158e-35 -9.84639e-31  2.20025e-35  -8.9074e-31 -1.27277e-35  1.07698e-31  6.46438e-36  1.19018e-31 -2.76779e-36 -8.05967e-33   9.1873e-37 -1.04437e-32 -1.77515e-37 -9.68625e-34 -2.94595e-38  8.88195e-34  4.52364e-38  1.01454e-34 -2.30105e-38 -1.96474e-35  7.50844e-39 -1.03625e-35 -1.61197e-39 -1.04931e-37  1.78987e-40  2.69775e-37  1.15859e-41  3.20379e-38  -8.0162e-42 -4.63879e-40  1.23559e-42 -5.67901e-40 -4.94411e-44 -5.39495e-41 -9.06411e-45  1.83483e-42  1.19606e-45  1.64939e-43 -1.68249e-47  3.02585e-45 -4.91848e-48  4.99657e-47
-1.45896e-36  1.20303e-49  5.23368e-36  1.72251e-48 -7.65719e-36 -2.19438e-47  7.95785e-36  2.51361e-46 -3.15178e-36 -1.79944e-45 -4.72349e-36  3.51543e-45 -2.25226e-36  2.03306e-45  1.68045e-34 -5.63659e-46 -1.86734e-33  1.80698e-44  1.65959e-32  1.11433e-43 -1.27244e-31 -4.64586e-43  8.52905e-31   5.1914e-43 -5.03389e-30  5.74186e-43  2.63011e-29 -3.97616e-42 -1.22145e-28  2.37051e-41  5.05708e-28 -1.18461e-40 -1.87031e-27  5.42195e-40  6.18587e-27   -2.252e-39 -1.83005e-26  8.50567e-39  4.83966e-26 -2.93561e-38 -1.14223e-25  9.27171e-38  2.39933e-25 -2.67936e-37 -4.46726e-25  7.07757e-37  7.32893e-25 -1.70546e-36 -1.05056e-24  3.73591e-36  1.29962e-24 -7.39765e-36 -1.36142e-24  1.31178e-35  1.16972e-24 -2.04889e-35 -7.73768e-25  2.72745e-35  3.30803e-25 -2.84975e-35 -1.24645e-26   1.6457e-35 -1.06452e-25  1.74006e-35  7.91916e-26 -7.85761e-35 -1.51409e-26  1.64932e-34 -1.55734e-26  -2.6419e-34  1.14109e-26  3.56085e-34 -3.15892e-28 -4.19323e-34   -2.728e-27  4.40077e-34   7.9663e-28 -4.17177e-34  4.20042e-28   3.6108e-34 -2.26364e-28 -2.87901e-34 -5.17833e-29  2.12706e-34   4.2511e-29 -1.45697e-34  6.30354e-30  9.18853e-35  -5.9477e-30 -5.25347e-35 -1.00395e-30    2.656e-35  6.61819e-31 -1.14242e-35  1.37287e-31  3.89485e-36 -4.26351e-32 -8.61894e-37 -1.73789e-32 -1.95785e-38   1.6396e-33  1.27114e-37  1.04924e-33 -6.83853e-38  9.29747e-35   2.2083e-38 -4.03814e-35  -4.5712e-39 -7.25465e-36  4.81106e-40   1.7558e-37   2.7156e-41  1.65306e-37 -1.68986e-41  1.75312e-38  1.98692e-42 -4.86562e-40  2.79696e-44 -1.94505e-40 -2.81262e-44 -6.26651e-42  2.29545e-45  3.73633e-44  1.55804e-47  5.99783e-45 -7.64766e-48
-1.35402e-49   -3.375e-36  1.72251e-48  1.06873e-35  1.73923e-47 -1.75954e-35 -1.63105e-46  1.78873e-35  1.66439e-45 -9.12993e-36 -1.09155e-44  2.30552e-35  1.94652e-44 -4.07701e-34  7.96319e-45  4.78157e-33  1.31658e-44 -4.58662e-32  4.29619e-44  3.77864e-31  4.85515e-43 -2.71024e-30 -1.62787e-42  1.70624e-29  4.46548e-43 -9.48618e-29   1.0271e-41  4.67948e-28 -5.91307e-41 -2.05533e-27  3.13764e-40  8.05784e-27 -1.49379e-39 -2.82413e-26  6.50437e-39  8.85478e-26 -2.58558e-38  -2.4832e-25  9.39622e-38  6.22167e-25 -3.12822e-37 -1.38974e-24  9.54843e-37  2.75822e-24 -2.67202e-36 -4.84022e-24  6.85007e-36  7.45748e-24 -1.60618e-35 -9.98671e-24  3.43518e-35  1.14501e-23 -6.67225e-35 -1.09726e-23  1.16895e-34  8.41632e-24 -1.82664e-34 -4.68733e-24  2.49566e-34   1.3003e-24 -2.86102e-34  5.90473e-25  2.46025e-34  -8.9475e-25 -8.24037e-35  4.00412e-25 -2.27891e-34  4.54269e-26  6.60174e-34 -1.39621e-25 -1.13524e-33  4.70115e-26  1.54127e-33  1.91586e-26  -1.7781e-33 -1.70308e-26  1.79997e-33 -2.33908e-28 -1.63069e-33  3.60399e-27  1.34333e-33 -4.54743e-28 -1.02078e-33  -6.0067e-28  7.23683e-34  1.09248e-28 -4.80811e-34  8.68899e-29  2.97544e-34 -1.37026e-29 -1.68524e-34   -1.129e-29  8.49787e-35  9.00744e-31 -3.66943e-35  1.13821e-30  1.27354e-35   4.5911e-32 -3.04707e-36 -8.55011e-32  1.57059e-37 -1.15308e-32  2.79701e-37  2.88573e-33 -1.62598e-37   9.9679e-34  5.21311e-38 -2.26258e-38 -1.04387e-38 -2.92456e-35  1.06414e-39 -3.54397e-36  3.75774e-41  1.31605e-37 -2.39524e-41  6.86076e-38  1.43017e-42  4.34418e-39  3.29792e-43 -1.46598e-40 -6.09854e-44 -1.86173e-41  3.26798e-45 -5.90053e-43  7.72293e-47 -1.99613e-45
 8.42094e-37 -2.18598e-48 -7.65719e-36  1.73923e-47  2.31841e-35  1.35379e-46 -3.66184e-35   -9.715e-46  3.73938e-35  8.95946e-45 -7.08536e-35 -5.39018e-44  8.16479e-34  8.88961e-44 -1.01137e-32  2.24361e-44  1.04973e-31  1.14894e-43 -9.31512e-31  4.51645e-44  7.16317e-30  1.49817e-42 -4.81738e-29 -2.91642e-42   2.8532e-28 -1.47625e-41 -1.49624e-27  1.24864e-40  6.97576e-27 -6.82198e-40 -2.89999e-26  3.42101e-39  1.07719e-25 -1.55924e-38 -3.57905e-25  6.49782e-38  1.06398e-24 -2.47797e-37 -2.82826e-24  8.66103e-37  6.71167e-24 -2.77839e-36 -1.41807e-23  8.18547e-36  2.65678e-23 -2.21475e-35 -4.38804e-23  5.49985e-35  6.33604e-23 -1.25172e-34 -7.90144e-23   2.6047e-34  8.35262e-23 -4.93753e-34 -7.25371e-23  8.47913e-34  4.86565e-23 -1.30778e-33 -2.13122e-23  1.78598e-33  1.21511e-24 -2.10371e-33  6.60918e-24   2.0161e-33 -5.11968e-24 -1.29997e-33  1.07578e-24 -1.16753e-34  9.67212e-25  2.05225e-33 -7.56737e-25 -4.07775e-33  3.92827e-26  5.66704e-33  1.77235e-25  -6.4244e-33 -5.70382e-26  6.25689e-33 -2.64837e-26 -5.38276e-33  1.59125e-26  4.18123e-33  3.07741e-27 -2.99669e-33 -2.98184e-27  2.02143e-33 -3.63975e-28 -1.29782e-33  4.28956e-28  7.89159e-34  5.77837e-29  -4.4465e-34 -4.77093e-29  2.24547e-34 -9.18254e-30 -9.74806e-35  3.52003e-30  3.42756e-35  1.13661e-30 -8.59724e-36   -1.289e-31  8.04578e-37 -8.14471e-32  5.17023e-37 -4.46241e-33 -3.31906e-37  3.07687e-33  1.06018e-37  5.19832e-34 -2.07061e-38  -1.9799e-35  2.14134e-39 -1.37122e-35  -1.0737e-41 -1.18559e-36 -1.42455e-41  6.00915e-38 -2.69995e-42  1.37515e-38  9.77707e-43  5.48239e-40  -1.0276e-43 -4.23559e-42  3.54659e-45 -7.39753e-43  1.08151e-46
 2.17122e-48  2.97224e-36 -2.19438e-47 -1.75954e-35  1.35379e-46  4.66455e-35  8.56648e-46 -7.02769e-35 -4.86608e-45  1.40268e-34  4.06768e-44 -1.37898e-33  -2.2436e-43  1.82029e-32  3.45525e-43 -2.05134e-31  4.45265e-44  1.96627e-30  5.66978e-43 -1.62464e-29  1.11214e-43  1.16915e-28  1.09248e-42 -7.38623e-28  1.83909e-41  4.12171e-27 -2.09133e-40 -2.04115e-26  1.29187e-39  9.00209e-26 -6.75996e-39 -3.54458e-25  3.23141e-38  1.24803e-24 -1.40882e-37  -3.9321e-24  5.62071e-37  1.10839e-23 -2.05574e-36 -2.79229e-23  6.90399e-36  6.27353e-23 -2.13165e-35 -1.25288e-22  6.05451e-35  2.21332e-22 -1.58196e-34 -3.43487e-22  3.80007e-34  4.63634e-22 -8.38069e-34 -5.36279e-22  1.69315e-33  5.19154e-22 -3.12309e-33 -4.03204e-22  5.23383e-33  2.28633e-22 -7.91102e-33 -6.64804e-23  1.06629e-32 -2.66192e-23 -1.25697e-32  4.35491e-23  1.24722e-32 -2.04072e-23 -9.44218e-33 -1.70565e-24  3.37219e-33  6.90014e-24  4.66937e-33 -2.50793e-24 -1.26537e-32 -8.90212e-25  1.84018e-32  8.82187e-25 -2.05737e-32 -1.21397e-26  1.92261e-32 -1.84769e-25 -1.55913e-32  2.87615e-26  1.12848e-32   3.0614e-26 -7.51513e-33 -6.60558e-27  4.75984e-33 -4.47856e-27 -2.93575e-33  8.72238e-28  1.75889e-33  5.88773e-28 -9.93051e-34 -6.32344e-29  5.05624e-34 -6.29381e-29  -2.2142e-34 -6.46807e-31  7.86719e-35  4.78889e-30 -2.02792e-35  5.90862e-31  2.36695e-36  -1.9072e-31  8.59726e-37 -5.35973e-32 -6.12979e-37  8.50637e-34  1.95395e-37  1.76877e-33  -3.7751e-38  1.94613e-34  4.21771e-39 -1.23134e-35 -2.52721e-40 -4.08414e-36   3.9677e-41 -2.24142e-37 -1.30877e-41  9.13398e-39  1.98504e-42  1.27595e-39 -1.40133e-43  3.58679e-41  2.89676e-45 -4.00739e-44
-3.05126e-37  2.89084e-47  7.95785e-36 -1.63105e-46 -3.66184e-35  8.56648e-46  8.69306e-35  4.56413e-45 -2.09262e-34 -2.11941e-44  1.98943e-33  1.59493e-43 -2.83637e-32 -8.05358e-43  3.48662e-31  1.16453e-42 -3.62177e-30    8.016e-44  3.22346e-29  1.75562e-42 -2.48702e-28  4.05739e-42  1.67845e-27 -3.60662e-41 -9.97783e-27  3.15497e-40  5.25292e-26 -2.13497e-39 -2.45911e-25  1.19312e-38  1.02677e-24 -5.96111e-38 -3.83145e-24  2.71674e-37  1.27923e-23 -1.13121e-36 -3.82253e-23  4.31595e-36  1.02166e-22 -1.51205e-35 -2.43861e-22  4.87262e-35  5.18444e-22 -1.44606e-34 -9.77793e-22  3.95468e-34  1.62658e-21 -9.96635e-34 -2.36707e-21  2.31305e-33  2.97743e-21 -4.93698e-33 -3.17828e-21  9.66963e-33  2.79216e-21  -1.7323e-32 -1.90138e-21  2.82554e-32   8.5489e-22  -4.1684e-32 -6.68161e-23  5.50729e-32 -2.53691e-22 -6.41354e-32    2.057e-22  6.39556e-32 -4.75573e-23 -5.11871e-32 -3.69856e-23  2.63851e-32  3.11934e-23   5.0807e-33 -2.44984e-24 -3.46458e-32 -7.12545e-24  5.42515e-32  2.54151e-24 -6.00396e-32  1.02203e-24  5.37028e-32 -6.94855e-25  -4.0745e-32 -1.09335e-25  2.70911e-32  1.30274e-25  -1.6415e-32  1.19345e-26  9.55495e-33 -1.90736e-26 -5.60518e-33 -1.98039e-27   3.3269e-33  2.17368e-27 -1.90547e-33  3.58125e-28  9.88308e-34 -1.72048e-28 -4.38725e-34 -4.73861e-29  1.57204e-34  7.02058e-30 -4.09447e-35  3.74319e-30  5.13545e-36  1.16177e-31  1.42686e-36 -1.49659e-31 -1.07764e-36 -2.28729e-32  3.41378e-37  1.40364e-33  -6.6352e-38  6.77633e-34  8.39721e-39  4.89765e-35 -9.34972e-40 -3.59866e-36  1.73436e-40 -6.71921e-37 -3.12703e-41 -2.62091e-38  3.15395e-42  4.67563e-40 -1.55748e-43  4.05222e-41  1.65473e-45
-1.88955e-47 -1.19713e-36  2.51361e-46  1.78873e-35   -9.715e-46 -7.02769e-35  4.56413e-45  2.41242e-34  2.09844e-44 -2.47908e-33 -8.22325e-44  3.86819e-32  5.49179e-43 -5.21587e-31  -2.5336e-42  5.89406e-30  3.42179e-42 -5.66692e-29   6.2075e-43  4.69792e-28 -2.14033e-43 -3.39269e-27  6.03605e-41  2.15133e-26    -4.75e-40  -1.2052e-25    3.227e-39  5.99303e-25 -1.91224e-38 -2.65464e-24  1.00458e-37  1.05009e-23 -4.77752e-37 -3.71533e-23  2.07272e-36  1.17662e-22 -8.22694e-36 -3.33485e-22   2.9962e-35  8.45015e-22  -1.0036e-34 -1.91031e-21  3.09749e-34  3.84038e-21 -8.82037e-34 -6.83285e-21  2.31892e-33  1.06861e-20 -5.62884e-33 -1.45464e-20  1.26064e-32  1.69854e-20 -2.60121e-32 -1.66233e-20  4.93373e-32  1.30852e-20 -8.57364e-32 -7.56522e-21  1.35882e-31  2.31108e-21 -1.95174e-31  7.97842e-22  2.51756e-31  -1.4337e-21 -2.87576e-31  7.06192e-22  2.83983e-31  3.65131e-23 -2.30788e-31 -2.30434e-22  1.34254e-31  9.08306e-23 -1.81433e-32  2.74293e-23 -8.49544e-32 -3.09614e-23  1.48296e-31  1.36165e-24 -1.62899e-31  6.39551e-24  1.39195e-31 -1.21035e-24 -9.81821e-32 -1.05111e-24  5.90748e-32  2.69777e-25 -3.16534e-32  1.54666e-25  1.63341e-32 -3.68486e-26 -8.94623e-33 -2.07664e-26  5.32132e-33  2.97666e-27 -3.15992e-33  2.32003e-27  1.69479e-33 -4.26973e-29 -7.66822e-34 -1.84987e-28  2.76009e-34 -1.88864e-29 -7.11108e-35   8.1872e-30  8.42047e-36  1.96933e-30  2.67578e-36 -7.48016e-32 -1.89185e-36 -7.25949e-32  5.87441e-37 -6.89993e-33 -1.16093e-37  6.51401e-34  1.66509e-38  1.65551e-34 -2.39012e-39   8.0052e-36  4.14172e-40 -4.69072e-37 -5.54049e-41 -5.64221e-38  4.06232e-42 -1.32667e-39 -1.37171e-43  5.14913e-42
-8.75756e-37 -2.26977e-46 -3.15178e-36  1.66439e-45  3.73938e-35 -4.86608e-45 -2.09262e-34  2.09844e-44  2.67186e-33  8.47647e-44  -4.6496e-32 -2.89078e-43  6.92116e-31  1.68086e-42 -8.54613e-30 -7.05054e-42  8.90568e-29   8.4389e-42  -7.9527e-28  8.53467e-42  6.15745e-27 -6.45939e-41   -4.171e-26  6.53738e-40  2.48925e-25 -4.61739e-39 -1.31591e-24    2.854e-38  6.18725e-24 -1.57543e-37 -2.59532e-23  7.83339e-37  9.73189e-23 -3.53739e-36 -3.26604e-22  1.45797e-35  9.81287e-22 -5.50348e-35 -2.63798e-21  1.90857e-34  6.33562e-21  -6.0968e-34 -1.35585e-20  1.79778e-33  2.57532e-20 -4.90081e-33 -4.31695e-20  1.23611e-32  6.33477e-20 -2.88501e-32 -8.04201e-20  6.22626e-32  8.67466e-20 -1.24056e-31 -7.71588e-20  2.27641e-31  5.34025e-20 -3.83361e-31 -2.46911e-20  5.89728e-31  2.49374e-21 -8.23441e-31  6.95632e-21   1.0345e-30 -5.93884e-21 -1.15422e-30  1.51146e-21  1.11949e-30  1.00471e-21 -9.05894e-31 -9.23918e-22  5.50947e-31  9.94997e-23 -1.48622e-31  2.04737e-22 -1.88749e-31 -8.14121e-23  3.81687e-31 -2.77894e-23 -4.16417e-31  2.17965e-23    3.395e-31  2.61195e-24 -2.21779e-31 -4.08712e-24  1.19191e-31 -2.38755e-25  -5.4488e-32  6.07498e-25  2.33914e-32  4.35674e-26 -1.14973e-32 -7.12933e-26  7.04776e-33 -9.51586e-27 -4.52059e-33  5.97399e-27    2.559e-33  1.40764e-27 -1.18381e-33 -2.75598e-28  4.23338e-34 -1.21532e-28 -1.03782e-34 -8.83429e-31  8.83944e-36  5.27611e-30   5.8543e-36  7.04937e-31 -3.41348e-36 -6.54844e-32   1.0171e-36 -2.36909e-32 -2.03494e-37 -1.42784e-33  3.16961e-38  1.52755e-34  -4.9034e-39  2.40878e-35  7.52778e-40  8.16713e-37 -7.88592e-41 -2.51697e-38  4.22929e-42 -1.50018e-39 -8.49881e-44
 4.68222e-47 -2.68957e-36 -1.79944e-45 -9.12993e-36  8.95946e-45  1.40268e-34 -2.11941e-44 -2.47908e-33  8.47647e-44  4.94261e-32  3.04952e-43 -8.18675e-31 -9.30229e-43  1.11033e-29   4.5987e-42 -1.25884e-28 -1.71473e-41  1.21438e-27  1.23692e-41 -1.01028e-26  9.74674e-41  7.32308e-26 -7.95703e-40 -4.66184e-25  6.17014e-39  2.62244e-24 -4.03434e-38 -1.30976e-23  2.33863e-37  5.82843e-23 -1.21782e-36  -2.3168e-22  5.73297e-36  8.23948e-22 -2.45314e-35 -2.62367e-21  9.58381e-35  7.47943e-21 -3.43136e-34 -1.90693e-20   1.1298e-33  4.33938e-20 -3.43126e-33  -8.7853e-20  9.63648e-33  1.57498e-19 -2.50737e-32  -2.4835e-19  6.05132e-32  3.41133e-19 -1.35496e-31 -4.02376e-19  2.81286e-31  3.98428e-19 -5.40466e-31 -3.18184e-19  9.58517e-31  1.87825e-19 -1.56309e-30 -6.03952e-20  2.33205e-30 -1.74698e-20 -3.16239e-30  3.52965e-20   3.8636e-30 -1.83465e-20 -4.19949e-30 -3.29673e-22  3.98091e-30  5.74689e-21 -3.17289e-30 -2.46856e-21  1.94996e-30  -6.1431e-22  -6.4711e-31   8.1365e-22  -3.8416e-31 -6.27308e-23  9.34212e-31 -1.65115e-22 -1.00986e-30  3.76458e-23  7.84869e-31  2.68051e-23 -4.74523e-31 -8.20821e-24  2.26093e-31 -3.95311e-24 -8.48131e-32  1.15347e-24  2.68753e-32  5.43654e-25 -1.06337e-32 -1.02086e-25  7.32843e-33 -6.34932e-26 -5.52117e-33  3.21773e-27  3.37559e-33  5.35859e-27 -1.58487e-33  4.13562e-28  5.45574e-34 -2.59974e-28 -1.14777e-34 -5.37653e-29 -2.59006e-36  3.59896e-30  1.36515e-35  2.21919e-30 -6.30369e-36  1.75919e-31   1.7671e-36 -2.43376e-32 -3.51339e-37 -5.05915e-33  5.60557e-38 -2.03275e-34 -8.46516e-39  1.81985e-35  1.11953e-39  1.80626e-36 -9.17683e-41  3.57326e-38  3.42239e-42 -2.45762e-40
 2.06428e-36  4.94113e-46 -4.72349e-36 -1.09155e-44 -7.08536e-35  4.06768e-44  1.98943e-33 -8.22325e-44  -4.6496e-32  3.04952e-43  8.65567e-31  9.87519e-43 -1.29738e-29 -2.74301e-42  1.60739e-28  1.10177e-41 -1.68063e-27  -3.1797e-41  1.50609e-26  -5.7819e-41 -1.17045e-25  9.82027e-40   7.9597e-25 -7.71437e-39 -4.77004e-24  5.39985e-38  2.53267e-23  -3.3156e-37 -1.19634e-22  1.81512e-36  5.04273e-22 -8.93782e-36 -1.90069e-21  3.98064e-35  6.41371e-21 -1.61133e-34 -1.93821e-20  5.95426e-34  5.24263e-20 -2.01669e-33  -1.2674e-19  6.28453e-33  2.73137e-19 -1.80825e-32 -5.22718e-19  4.81889e-32  8.83381e-19 -1.19243e-31 -1.30785e-18  2.74442e-31  1.67674e-18 -5.87857e-31 -1.82897e-18  1.17125e-30  1.64856e-18 -2.16662e-30   -1.161e-18  3.70958e-30  5.52953e-19 -5.85334e-30 -6.93524e-20  8.46468e-30 -1.46572e-19 -1.11404e-29  1.32653e-19  1.32229e-29 -3.71673e-20 -1.39778e-29 -2.08105e-20  1.29092e-29   2.1165e-20 -1.00671e-29 -2.95377e-21  6.13927e-30 -4.52031e-21 -2.20854e-30  2.01732e-21 -7.26316e-31  5.68851e-22  2.18465e-30 -5.28541e-22 -2.32671e-30 -4.25667e-23  1.72189e-30  9.90043e-23  -9.6527e-31  2.22383e-24  4.08193e-31 -1.49223e-23 -1.22187e-31 -5.54239e-25  2.24939e-32  1.80519e-24 -4.11311e-33  1.80757e-25  5.26394e-33 -1.59668e-25 -5.62295e-33 -3.16014e-26  3.73204e-33  8.24682e-27 -1.69966e-33   3.0181e-27  5.02468e-34 -6.02323e-29 -4.65487e-35 -1.43802e-28 -4.44627e-35  -1.6255e-29  3.08463e-35   2.2236e-30 -1.15816e-35  6.36682e-31  3.01894e-36  3.04328e-32 -5.82035e-37 -4.97239e-33  9.01404e-38 -6.63934e-34  -1.2513e-38 -1.82821e-35  1.38905e-39  9.16286e-37 -8.62624e-41  4.29078e-38  1.89298e-42
 3.84596e-47  5.77728e-36  3.51543e-45  2.30552e-35 -5.39018e-44 -1.37898e-33  1.59493e-43  3.86819e-32 -2.89078e-43 -8.18675e-31  9.87519e-43  1.36618e-29   2.8996e-42 -1.85928e-28  -7.2237e-42  2.11505e-27  1.91011e-41 -2.04756e-26  1.53269e-41  1.70978e-25 -9.66617e-40 -1.24422e-24  9.19526e-39  7.95357e-24 -6.84249e-38 -4.49376e-23  4.48298e-37  2.25476e-22 -2.59974e-36 -1.00828e-21  1.34664e-35  4.02865e-21 -6.27356e-35  -1.4406e-20  2.64228e-34   4.6139e-20 -1.01079e-33 -1.32342e-19  3.52739e-33  3.39627e-19 -1.12766e-32 -7.78268e-19  3.31615e-32  1.58747e-18 -9.00742e-32 -2.86897e-18  2.26863e-31  4.56371e-18 -5.31623e-31 -6.32934e-18  1.16209e-30   7.5466e-18 -2.37272e-30 -7.56649e-18  4.52409e-30  6.13657e-18 -8.04024e-30 -3.70365e-18  1.32717e-29  1.25539e-18 -2.02461e-29  2.92614e-19  2.83642e-29  -6.8748e-19 -3.62133e-29  3.78625e-19  4.17305e-29 -6.63203e-21 -4.28507e-29 -1.13174e-19  3.84709e-29  5.32538e-20 -2.92242e-29  1.04218e-20  1.74905e-29 -1.69323e-20 -6.45686e-30  1.92119e-21 -1.30458e-30  3.35966e-21  4.88305e-30 -9.18103e-22 -5.08078e-30 -5.35492e-22  3.57269e-30  1.96841e-22 -1.86259e-30  7.88068e-23  7.07098e-31 -2.83785e-23 -1.72029e-31 -1.11214e-23  1.28368e-32  2.71084e-24  5.05478e-33  1.36378e-24  2.14421e-33  -1.2127e-25 -4.48763e-33 -1.22548e-25  2.81495e-33 -6.06221e-27 -9.17403e-34  6.50066e-27  -1.2117e-35  1.14157e-27  2.14922e-34 -1.20083e-28 -1.48942e-34 -5.34367e-29  6.44743e-35 -3.34299e-30 -2.05124e-35   7.0191e-31  4.94938e-36  1.22154e-31 -9.03441e-37  3.70448e-33  1.29974e-37 -5.43404e-34 -1.58863e-38 -4.52585e-35  1.43271e-39 -7.40651e-37  -6.2564e-41   8.5422e-39
-2.52711e-36  3.60978e-46 -2.25226e-36  1.94652e-44  8.16479e-34  -2.2436e-43 -2.83637e-32  5.49179e-43  6.92116e-31 -9.30229e-43 -1.29738e-29   2.8996e-42   1.9514e-28  7.70736e-42 -2.42583e-27 -1.43699e-41  2.54534e-26 -2.85252e-41 -2.28951e-25  8.65666e-40  1.78628e-24 -9.84518e-39 -1.21982e-23  8.15905e-38  7.34212e-23 -5.74593e-37 -3.91638e-22  3.55713e-36  1.85901e-21 -1.95315e-35 -7.87654e-21  9.58271e-35  2.98507e-20 -4.22633e-34 -1.01313e-19  1.68377e-33  3.08051e-19 -6.08628e-33 -8.38701e-19  2.00442e-32  2.04171e-18 -6.03972e-32 -4.43295e-18  1.67236e-31   8.5517e-18 -4.27486e-31 -1.45778e-17  1.01355e-30  2.17875e-17 -2.23917e-30 -2.82272e-17  4.62719e-30  3.11592e-17 -8.96662e-30  -2.8487e-17  1.63027e-29  2.04375e-17 -2.77621e-29 -1.00428e-17  4.41044e-29  1.51967e-18 -6.49836e-29  2.47829e-18  8.81505e-29 -2.39696e-18 -1.09134e-28  7.39258e-19  1.22033e-28  3.42075e-19 -1.21613e-28 -3.91979e-19  1.05959e-28  6.83613e-20 -7.81499e-29  8.00349e-20  4.55583e-29 -4.04142e-20 -1.67493e-29  -9.0471e-21 -2.30753e-30  1.03528e-20  1.04042e-29  4.05011e-22 -1.04663e-29 -1.93388e-21  6.96825e-30  3.23973e-23 -3.38929e-30  2.95252e-22  1.18335e-30 -2.11675e-25 -2.65248e-31  -3.6829e-23  2.62373e-32 -2.37519e-24 -1.56659e-33  3.43601e-24  4.41386e-33  5.52396e-25 -1.88615e-33 -1.96641e-25 -1.18495e-33 -5.98216e-26  2.06456e-33  3.16551e-27 -1.59228e-33  3.15565e-27  8.64844e-34  2.88628e-28 -3.62776e-34 -5.88053e-29  1.22824e-34 -1.37424e-29 -3.42295e-35 -4.63235e-31   7.6325e-36   1.2891e-31 -1.29059e-36  1.46419e-32  1.66174e-37  2.98621e-34 -1.72047e-38 -2.55954e-35  1.20076e-39 -9.96436e-37 -3.06153e-41
-1.06815e-46 -1.92701e-36  2.03306e-45 -4.07701e-34  8.88961e-44  1.82029e-32 -8.05358e-43 -5.21587e-31  1.68086e-42  1.11033e-29 -2.74301e-42 -1.85928e-28  7.70736e-42   2.5389e-27  1.77582e-41 -2.89838e-26   1.1433e-41  2.81637e-25 -7.65705e-40 -2.36103e-24  9.55262e-39  1.72529e-23  -8.9334e-38 -1.10771e-22  6.89702e-37  6.28758e-22 -4.60226e-36 -3.17027e-21  2.70036e-35  1.42502e-20 -1.40602e-34 -5.72493e-20  6.54118e-34  2.05905e-19 -2.73394e-33 -6.63522e-19  1.03122e-32  1.91564e-18 -3.52451e-32 -4.95031e-18  1.09574e-31  1.14281e-17 -3.11101e-31 -2.34965e-17  8.10162e-31  4.28295e-17 -1.94465e-30 -6.87668e-17  4.32607e-30  9.63541e-17 -8.97129e-30 -1.16213e-16  1.74396e-29  1.18082e-16 -3.19152e-29 -9.73554e-17  5.50916e-29  6.01562e-17 -8.95981e-29 -2.15187e-17  1.36697e-28 -3.81218e-18 -1.94294e-28  1.09792e-17  2.55033e-28 -6.43491e-18 -3.06052e-28  3.51957e-19  3.31928e-28  1.82266e-18 -3.20767e-28 -9.45116e-19  2.70827e-28 -1.34692e-19 -1.93416e-28  2.89071e-19  1.09204e-28 -4.44027e-20 -3.92222e-29 -5.57419e-20 -4.19386e-30  1.82326e-20  2.10255e-29  8.64762e-21 -2.02154e-29 -3.85767e-21  1.26818e-29  -1.2617e-21 -5.78106e-30  5.69408e-22  1.94158e-30  1.83099e-22 -5.11463e-31 -5.80733e-23  1.56962e-31 -2.37452e-23 -7.46183e-32  3.22696e-24  2.61834e-32  2.28704e-24  3.97282e-33  4.18678e-26 -1.25226e-32 -1.32762e-25  9.83882e-33 -1.93129e-26 -5.26467e-33  3.06191e-27  2.19015e-33  1.04932e-27 -7.40999e-34  4.63237e-29  2.12726e-34 -1.63341e-29 -5.30942e-35  -2.4005e-30  1.09158e-35 -4.48524e-32  -1.6737e-36  1.30294e-32   1.8611e-37  9.24279e-34 -1.56247e-38  1.16957e-35  7.75284e-40 -2.33159e-37
 9.21604e-37 -5.82725e-46  1.68045e-34  7.96319e-45 -1.01137e-32  3.45525e-43  3.48662e-31  -2.5336e-42 -8.54613e-30   4.5987e-42  1.60739e-28  -7.2237e-42 -2.42583e-27  1.77582e-41  3.02628e-26  2.49951e-41 -3.18723e-25  4.93765e-40  2.87818e-24 -8.23067e-39 -2.25491e-23  8.82765e-38   1.5466e-22 -7.61469e-37 -9.35219e-22  5.55416e-36  5.01302e-21 -3.51589e-35 -2.39188e-20  1.95813e-34  1.01898e-19 -9.68035e-34 -3.88416e-19  4.27559e-33  1.32638e-18 -1.69569e-32  -4.0593e-18  6.06356e-32  1.11286e-17 -1.96202e-31 -2.72917e-17  5.76439e-31  5.97255e-17 -1.54321e-30   -1.162e-16   3.7799e-30  1.99912e-16 -8.51198e-30 -3.01802e-16  1.77279e-29  3.95393e-16 -3.43864e-29 -4.42041e-16  6.25826e-29  4.10282e-16 -1.07587e-28 -3.00211e-16  1.75435e-28  1.52428e-16 -2.71394e-28 -2.72216e-17  3.96562e-28 -3.45761e-17 -5.42886e-28  3.60914e-17   6.8898e-28 -1.22509e-17 -8.01031e-28 -4.56265e-18  8.42145e-28   6.0435e-18 -7.88504e-28 -1.28486e-18  6.44216e-28 -1.16743e-18 -4.44408e-28  6.74016e-19  2.41879e-28  1.12293e-19 -8.37257e-29 -1.68594e-19 -7.97086e-30  8.27909e-22  3.99897e-29  3.13344e-20 -3.63271e-29 -1.88255e-21  2.13668e-29 -4.83908e-21 -9.23556e-30  2.07684e-22  3.23997e-30   6.2253e-22 -1.23038e-30  1.60311e-23  6.40844e-31 -6.12711e-23 -3.18562e-31 -7.55034e-24  8.70855e-32  3.85548e-24  2.17944e-32  9.69498e-25 -4.06597e-32 -9.18096e-26  2.70751e-32 -5.72895e-26 -1.25772e-32  -3.9206e-27  4.53932e-33  1.26266e-27 -1.32965e-33  2.44426e-28  3.35359e-34  4.19844e-30 -7.59799e-35 -2.74154e-30  1.43315e-35 -2.65592e-31  -1.9467e-36 -3.20142e-33  1.79674e-37  5.80905e-34 -1.15237e-38  1.92039e-35  3.34963e-40
  7.3275e-46 -5.44414e-35 -5.63659e-46  4.78157e-33  2.24361e-44 -2.05134e-31  1.16453e-42  5.89406e-30 -7.05054e-42 -1.25884e-28  1.10177e-41  2.11505e-27 -1.43699e-41 -2.89838e-26  2.49951e-41   3.3211e-25 -1.12309e-40 -3.23986e-24   5.5288e-39  2.72735e-23 -7.59798e-38 -2.00173e-22  7.56632e-37  1.29116e-21 -6.15133e-36  -7.3648e-21  4.25392e-35  3.73265e-20 -2.55708e-34   -1.687e-19  1.35324e-33  6.81672e-19 -6.35907e-33 -2.46678e-18  2.66974e-32  8.00093e-18 -1.00606e-31 -2.32593e-17  3.41554e-31  6.05493e-17 -1.04795e-30 -1.40885e-16  2.91419e-30  2.92114e-16 -7.36708e-30 -5.37331e-16  1.69903e-29  8.71312e-16 -3.59077e-29 -1.23423e-15  6.99591e-29  1.50692e-15 -1.26627e-28 -1.55302e-15  2.14903e-28  1.30301e-15 -3.45239e-28 -8.25388e-16  5.28874e-28  3.11839e-16 -7.74525e-28  3.79819e-17  1.08024e-27 -1.47311e-16 -1.42143e-27  9.23245e-17  1.74217e-27 -8.63887e-18 -1.96089e-27 -2.45729e-17  1.99687e-27  1.41415e-17 -1.80962e-27  1.26066e-18  1.42848e-27  -4.1464e-18  -9.4964e-28  8.22257e-19  4.96317e-28  7.70814e-19 -1.64068e-28 -3.02625e-19 -1.51908e-29 -1.14887e-19  7.06982e-29  6.33399e-20 -6.00828e-29  1.64387e-20  3.30853e-29 -9.55547e-21 -1.40293e-29 -2.46112e-21  5.85416e-30  1.03244e-21  -3.2436e-30  3.41438e-22   1.9802e-30 -6.69919e-23 -9.08508e-31  -3.5586e-23  1.97413e-31  6.31236e-25  7.87243e-32  2.26791e-24 -1.04317e-31  2.61732e-25   6.1154e-32 -6.28725e-26 -2.54854e-32 -1.71715e-26  8.22529e-33 -3.95397e-28 -2.13848e-33  3.15346e-28  4.82034e-34  3.91394e-29 -9.98526e-35  1.77386e-31  1.71257e-35 -2.58895e-31 -2.00433e-36 -1.57248e-32   1.4601e-37  -1.2988e-34 -6.48653e-39  5.18391e-36
 1.21172e-35  4.69609e-45 -1.86734e-33  1.31658e-44  1.04973e-31  4.45265e-44 -3.62177e-30  3.42179e-42  8.90568e-29 -1.71473e-41 -1.68063e-27  1.91011e-41  2.54534e-26   1.1433e-41 -3.18723e-25 -1.12309e-40  3.36998e-24 -1.83296e-39 -3.05588e-23  5.15637e-38  2.40465e-22 -6.51639e-37 -1.65696e-21  6.11882e-36  1.00687e-20 -4.71178e-35 -5.42503e-20  3.09335e-34  2.60264e-19 -1.76723e-33  -1.1152e-18  8.89507e-33    4.277e-18 -3.97718e-32 -1.47004e-17  1.58892e-31  4.53005e-17 -5.69641e-31 -1.25105e-16  1.83867e-30  3.09217e-16 -5.35758e-30 -6.82383e-16  1.41259e-29  1.33964e-15 -3.37814e-29 -2.32734e-15  7.34825e-29  3.55124e-15 -1.45948e-28 -4.70801e-15  2.66147e-28    5.335e-15 -4.49143e-28 -5.03184e-15   7.0888e-28  3.75956e-15 -1.05934e-27  -1.9751e-15  1.51596e-27  4.09102e-16 -2.09031e-27  4.05369e-16  2.77109e-27 -4.62398e-16  -3.4953e-27  1.72747e-16   4.1304e-27  4.97859e-17 -4.49526e-27 -7.91714e-17  4.42904e-27  2.01668e-17 -3.87945e-27  1.42676e-17  2.95371e-27 -9.55213e-18 -1.88822e-27 -1.04785e-18  9.45149e-28  2.32848e-18 -2.97662e-28 -1.21796e-19   -2.598e-29  -4.2926e-19  1.13612e-28  4.67188e-20 -8.99298e-29  6.69291e-20  4.69652e-29 -6.09458e-21 -2.13283e-29 -8.88257e-21  1.20417e-29  1.54478e-22  -8.4438e-30  9.23137e-22    5.115e-30  7.77919e-23 -2.07776e-30 -6.35505e-23  3.19075e-31 -1.29964e-23  2.39229e-31  1.96169e-24 -2.35581e-31  8.76172e-25  1.21936e-31  3.77045e-26 -4.58735e-32 -2.26144e-26  1.33595e-32 -3.63725e-27  -3.1128e-33  1.11381e-29  6.32444e-34  4.89273e-29  -1.2006e-34  4.02498e-30  1.84621e-35  6.84526e-33 -1.79674e-36 -1.10144e-32  9.61212e-38 -3.11497e-34 -2.39379e-39
 2.03186e-45  5.69155e-34  1.80698e-44 -4.58662e-32  1.14894e-43  1.96627e-30    8.016e-44 -5.66692e-29   8.4389e-42  1.21438e-27  -3.1797e-41 -2.04756e-26 -2.85252e-41  2.81637e-25  4.93765e-40 -3.23986e-24 -1.83296e-39  3.17376e-23 -1.80545e-38 -2.68345e-22  4.43221e-37  1.97865e-21 -5.26659e-36 -1.28254e-20  4.68109e-35  7.35351e-20 -3.41973e-34 -3.74735e-19  2.13316e-33  1.70345e-18 -1.15913e-32 -6.92544e-18  5.55348e-32  2.52242e-17  -2.3647e-31 -8.23785e-17  8.99846e-31  2.41238e-16 -3.07236e-30 -6.32908e-16  9.43982e-30  1.48495e-15 -2.61586e-29 -3.10657e-15  6.54971e-29   5.7698e-15  -1.4844e-28 -9.45483e-15  3.05144e-28  1.35488e-14 -5.70677e-28 -1.67585e-14  9.75575e-28  1.75332e-14 -1.53589e-27  -1.4986e-14  2.25176e-27  9.74409e-15 -3.11962e-27 -3.89031e-15  4.14838e-27 -2.61572e-16 -5.35395e-27   1.6894e-15  6.71198e-27 -1.13842e-15 -8.08561e-27  1.52798e-16  9.18899e-27   2.8175e-16 -9.65125e-27 -1.81564e-16  9.18339e-27  -6.4119e-18  -7.7601e-27  5.08095e-17  5.68782e-27 -1.26378e-17   -3.491e-27 -9.00505e-18  1.67409e-27  4.27768e-18 -5.08245e-28  1.26282e-18 -3.03098e-29  -8.8693e-19  1.58354e-28 -1.73689e-19 -1.18295e-28  1.36537e-19  6.22435e-29  2.69849e-20 -3.58386e-29 -1.55412e-20   2.7658e-29 -4.08629e-21 -2.07423e-29  1.13827e-21  1.15869e-29   4.6778e-22  -4.0317e-30 -2.85849e-23  2.92309e-31 -3.29331e-23  6.28054e-31 -2.77786e-24 -4.81019e-31  1.07337e-24  2.19764e-31  2.37188e-25 -7.46524e-32 -5.54755e-28  1.96645e-32 -5.14996e-27  -4.1209e-33 -5.34816e-28  7.57655e-34  7.31825e-30 -1.31518e-34  4.35284e-30  1.77631e-35  2.25278e-31 -1.36982e-36  6.22905e-34   4.7794e-38 -9.61511e-35
-1.17479e-34  1.87905e-44  1.65959e-32  4.29619e-44 -9.31512e-31  5.66978e-43  3.22346e-29   6.2075e-43  -7.9527e-28  1.23692e-41  1.50609e-26  1.53269e-41 -2.28951e-25 -7.65705e-40  2.87818e-24   5.5288e-39 -3.05588e-23 -1.80545e-38  2.78324e-22 -1.56895e-37 -2.20028e-21  3.58071e-36  1.52357e-20 -4.02202e-35 -9.30609e-20  3.38873e-34  5.04162e-19  -2.3507e-33 -2.43272e-18  1.39422e-32  1.04878e-17 -7.21093e-32  -4.0484e-17  3.29085e-31  1.40106e-16 -1.33543e-30 -4.34908e-16  4.84413e-30  1.21044e-15 -1.57651e-29 -3.01667e-15  4.61522e-29  6.71656e-15 -1.21763e-28 -1.33124e-14  2.89906e-28  2.33681e-14 -6.23647e-28 -3.60633e-14  1.21382e-27  4.84162e-14 -2.14203e-27 -5.56558e-14  3.44012e-27  5.33943e-14 -5.06114e-27 -4.07828e-14  6.89555e-27  2.21971e-14 -8.84089e-27 -5.25784e-15  1.08768e-26 -4.03872e-15 -1.30592e-26  5.11815e-15  1.53867e-26 -2.10516e-15 -1.76123e-26 -4.40292e-16  1.91736e-26  8.94289e-16 -1.93713e-26 -2.69691e-16  1.77489e-26 -1.47415e-16  -1.4431e-26   1.1676e-16   1.0163e-26  6.12596e-18 -5.99012e-27 -2.76582e-17   2.7721e-27  2.88152e-18 -8.45437e-28  5.03608e-18  1.80328e-29 -8.31327e-19  1.67818e-28 -7.90603e-19 -1.29193e-28  1.16763e-19  8.37593e-29  1.08295e-19 -7.22801e-29 -7.25427e-21    6.606e-29 -1.19074e-20 -4.73512e-29   -5.063e-22  2.35507e-29  8.94614e-22 -6.73144e-30  1.43931e-22  -2.6914e-31 -3.36221e-23  1.44615e-30 -1.14165e-23 -8.95363e-31 -1.57426e-25  3.61188e-31  3.44138e-25 -1.10646e-31  4.55808e-26  2.63638e-32 -1.33963e-27 -4.97263e-33 -7.44767e-28  8.28174e-34 -5.12367e-29 -1.30517e-34  6.19345e-31   1.5035e-35  1.77636e-31 -8.56206e-37  4.29136e-33  1.52061e-38
-1.28537e-44 -4.69536e-33  1.11433e-43  3.77864e-31  4.51645e-44 -1.62464e-29  1.75562e-42  4.69792e-28  8.53467e-42 -1.01028e-26  -5.7819e-41  1.70978e-25  8.65666e-40 -2.36103e-24 -8.23067e-39  2.72735e-23  5.15637e-38 -2.68345e-22 -1.56895e-37  2.27943e-21 -1.26992e-36 -1.68899e-20  2.73061e-35  1.10046e-19 -2.90438e-34  -6.3441e-19  2.32173e-33  3.25168e-18 -1.53044e-32 -1.48719e-17  8.63665e-32  6.08548e-17 -4.25437e-31 -2.23174e-16  1.85056e-30  7.34178e-16 -7.16111e-30 -2.16668e-15  2.47768e-29  5.73155e-15 -7.69103e-29 -1.35667e-14  2.14685e-28  2.86522e-14 -5.39706e-28 -5.37626e-14  1.22314e-27  8.90861e-14 -2.50068e-27 -1.29237e-13  4.61555e-27  1.62071e-13 -7.70077e-27 -1.72291e-13  1.16455e-26  1.50177e-13 -1.60484e-26 -1.00358e-13  2.03549e-26  4.23547e-14 -2.41504e-26  5.75666e-16  2.74077e-26 -1.67653e-14 -3.04317e-26  1.22261e-14  3.34467e-26 -2.16161e-15 -3.61134e-26 -2.77572e-15  3.74208e-26  2.02652e-15 -3.61663e-26 -3.93403e-17  3.17561e-26 -5.38102e-16 -2.47512e-26  1.64994e-16  1.67267e-26  8.94595e-17   -9.515e-27 -5.22133e-17  4.34927e-27 -1.13742e-17 -1.45597e-27  1.07293e-17  2.63149e-28   1.4393e-18   5.2824e-29 -1.68275e-18 -1.02918e-28 -2.35166e-19  1.37802e-28  2.00957e-19 -1.68358e-28  4.05077e-20  1.54116e-28 -1.62799e-20 -1.00006e-28 -5.22604e-21  4.33801e-29  6.07077e-22 -9.51158e-30   4.1088e-22 -2.08276e-30  2.09174e-23  2.96019e-30 -1.55564e-23 -1.52413e-30 -2.77981e-24  5.43105e-31  9.64438e-26 -1.49788e-31  7.21281e-26  3.22577e-32  6.12334e-27  -5.4724e-33 -2.39619e-28  8.24469e-34 -6.27993e-29 -1.16407e-34 -2.72347e-30  1.09651e-35  1.25626e-32 -4.10806e-37  1.51687e-33
 9.00781e-34 -9.51984e-44 -1.27244e-31  4.85515e-43  7.16317e-30  1.11214e-43 -2.48702e-28 -2.14033e-43  6.15745e-27  9.74674e-41 -1.17045e-25 -9.66617e-40  1.78628e-24  9.55262e-39 -2.25491e-23 -7.59798e-38  2.40465e-22  4.43221e-37 -2.20028e-21 -1.26992e-36  1.74795e-20 -9.68148e-36 -1.21663e-19  1.96812e-34  7.47201e-19 -1.98425e-33 -4.07145e-18  1.50615e-32  1.97662e-17 -9.44119e-32 -8.57675e-17  5.07258e-31  3.33348e-16 -2.38122e-30 -1.16205e-15  9.87756e-30  3.63514e-15 -3.64678e-29 -1.02008e-14  1.20407e-28  2.56467e-14 -3.56663e-28 -5.76415e-14  9.49767e-28   1.1541e-13 -2.27647e-27 -2.04822e-13  4.91434e-27  3.19916e-13 -9.55757e-27  -4.3527e-13  1.67492e-26  5.08013e-13 -2.64642e-26 -4.96228e-13  3.77654e-26   3.8792e-13 -4.88767e-26 -2.18998e-13  5.78623e-26  5.86362e-14  -6.3628e-26  3.43604e-14  6.65241e-26 -4.95009e-14  -6.7935e-26  2.24356e-14  6.90137e-26  3.01491e-15 -6.95309e-26 -8.80273e-15  6.78444e-26  3.11901e-15 -6.21119e-26  1.28873e-15  5.18314e-26 -1.24457e-15 -3.85175e-26  7.41982e-18  2.50116e-26  2.85293e-16 -1.39763e-26 -4.62805e-17  6.67413e-27 -5.09969e-17 -2.77576e-27  1.18375e-17  1.06828e-27  8.02815e-18 -3.55727e-28 -1.74288e-18 -4.23842e-29 -1.13588e-18  3.07452e-28  1.43605e-19 -4.06601e-28  1.32599e-19  3.39562e-28 -5.32352e-22   -1.952e-28 -1.08745e-20   7.2576e-29 -1.28826e-21 -1.05807e-29  4.81012e-22  -6.2309e-30  1.27401e-22  5.44467e-30   -2.776e-24 -2.37613e-30 -4.50668e-24  7.47721e-31 -4.79257e-25 -1.85304e-31  3.20049e-26    3.603e-32  9.77687e-27 -5.48905e-33  5.44257e-28  7.45107e-34 -1.76097e-29 -9.22275e-35 -2.46784e-30  6.66884e-36 -5.02804e-32 -1.29482e-37
 2.29008e-44  3.35753e-32 -4.64586e-43 -2.71024e-30  1.49817e-42  1.16915e-28  4.05739e-42 -3.39269e-27 -6.45939e-41  7.32308e-26  9.82027e-40 -1.24422e-24 -9.84518e-39  1.72529e-23  8.82765e-38 -2.00173e-22 -6.51639e-37  1.97865e-21  3.58071e-36 -1.68899e-20 -9.68148e-36  1.25798e-19 -6.97195e-35 -8.24121e-19  1.34187e-33  4.77855e-18 -1.28346e-32 -2.46426e-17  9.25772e-32  1.13436e-16 -5.52222e-31 -4.67361e-16  2.82651e-30  1.72644e-15 -1.26512e-29 -5.72342e-15  5.00685e-29  1.70297e-14 -1.76435e-28 -4.54444e-14  5.56115e-28  1.08578e-13 -1.57248e-27 -2.31623e-13  3.99607e-27  4.39352e-13 -9.13534e-27 -7.36662e-13  1.87936e-26  1.08267e-12 -3.47899e-26  -1.3777e-12  5.79373e-26  1.48953e-12 -8.68022e-26 -1.32548e-12  1.17106e-25  9.11477e-13   -1.427e-25  -4.0669e-13  1.58165e-25  1.58992e-14 -1.61643e-25  1.45217e-13   1.5575e-25 -1.15521e-13 -1.45576e-25  2.55982e-14  1.35104e-25  2.36218e-14 -1.24858e-25 -1.98562e-14  1.12512e-25  1.50193e-15 -9.57232e-26  4.96306e-15   7.4687e-26  -1.8597e-15  -5.2468e-26  -7.5473e-16  3.30902e-26   5.5602e-16 -1.91234e-26  8.05481e-17  1.06331e-26 -1.13179e-16 -5.95303e-27 -8.21806e-18  3.21245e-27  1.80522e-17 -1.30989e-27  1.47749e-18  -4.7506e-29  -2.2552e-18  7.98043e-28 -3.23607e-19 -9.44838e-28  1.99551e-19  6.96949e-28  4.95143e-20 -3.52009e-28 -9.48347e-21   1.0985e-28 -4.43029e-21  -6.6043e-30 -5.78133e-23  -1.4026e-29  1.94085e-22  9.06917e-30  2.75356e-23 -3.39473e-30 -2.19198e-24  9.41839e-31 -8.74267e-25 -2.09259e-31 -5.78083e-26  3.66998e-32   4.5876e-27 -5.00998e-33  7.84518e-28   6.0811e-34  2.75132e-29 -6.37714e-35 -4.29356e-31  3.18759e-36 -2.06417e-32
-6.01812e-33  1.41386e-43  8.52905e-31 -1.62787e-42 -4.81738e-29  1.09248e-42  1.67845e-27  6.03605e-41   -4.171e-26 -7.95703e-40   7.9597e-25  9.19526e-39 -1.21982e-23  -8.9334e-38   1.5466e-22  7.56632e-37 -1.65696e-21 -5.26659e-36  1.52357e-20  2.73061e-35 -1.21663e-19 -6.97195e-35  8.51455e-19  -4.7486e-34 -5.25953e-18  8.66184e-33  2.88344e-17 -7.86651e-32 -1.40893e-16  5.39612e-31  6.15545e-16 -3.06497e-30 -2.40981e-15  1.49535e-29  8.46546e-15 -6.38468e-29  -2.6699e-14  2.41174e-28  7.55769e-14 -8.11438e-28 -1.91788e-13  2.44227e-27  4.35362e-13  -6.5937e-27 -8.81081e-13  1.59938e-26  1.58197e-12   -3.488e-26 -2.50258e-12   6.8398e-26  3.45345e-12 -1.20558e-25 -4.09592e-12  1.90897e-25  4.07776e-12 -2.71441e-25 -3.26637e-12  3.46725e-25  1.91478e-12 -3.98713e-25 -5.73895e-13  4.15072e-25 -2.48925e-13 -3.95625e-25  4.21866e-13  3.51905e-25 -2.11033e-13 -2.99673e-25 -1.32941e-14  2.50058e-25  7.60695e-14 -2.05857e-25 -3.15491e-14  1.64599e-25 -9.42766e-15 -1.24355e-25  1.16613e-14  8.69833e-26 -7.78103e-16  -5.6766e-26 -2.57109e-15  3.65497e-26  5.88888e-16 -2.52531e-26  4.47116e-16  1.88744e-26  -1.4116e-16  -1.3635e-26 -7.01297e-17  8.13865e-27   2.1538e-17  -3.0599e-27  1.02628e-17  -4.7479e-28 -2.07087e-18    2.039e-27 -1.27973e-18 -2.04906e-27  7.48855e-20  1.32695e-27  1.14952e-19 -5.86097e-28  8.62894e-21  1.48722e-28 -5.87446e-21  7.27015e-30 -1.21546e-21 -2.66335e-29  8.31504e-23  1.37548e-29  5.12096e-23 -4.44386e-30  4.13832e-24  1.08322e-30 -5.28078e-25 -2.15182e-31 -1.11418e-25  3.40212e-32 -4.68687e-27 -4.14973e-33  3.14845e-28  4.44435e-34  2.97793e-29 -3.73807e-35  4.96562e-31  1.03685e-36
-1.24685e-44 -2.10672e-31   5.1914e-43  1.70624e-29 -2.91642e-42 -7.38623e-28 -3.60662e-41  2.15133e-26  6.53738e-40 -4.66184e-25 -7.71437e-39  7.95357e-24  8.15905e-38 -1.10771e-22 -7.61469e-37  1.29116e-21  6.11882e-36 -1.28254e-20 -4.02202e-35  1.10046e-19  1.96812e-34 -8.24121e-19  -4.7486e-34  5.43023e-18 -3.06209e-33 -3.16792e-17  5.29865e-32  1.64425e-16 -4.57298e-31 -7.62086e-16  2.98533e-30  3.16263e-15 -1.61562e-29 -1.17729e-14  7.51726e-29  3.93485e-14 -3.06311e-28 -1.18099e-13  1.10475e-27   3.1808e-13 -3.54987e-27 -7.67529e-13  1.02046e-26  1.65483e-12 -2.63093e-26 -3.17519e-12   6.0918e-26  5.39084e-12 -1.26745e-25 -8.03277e-12  2.36923e-25  1.03809e-11 -3.97674e-25 -1.14258e-11  5.98894e-25  1.03914e-11 -8.08709e-25 -7.36188e-12  9.79184e-25  3.47277e-12 -1.06473e-24 -3.15492e-13  1.04426e-24 -1.10388e-12 -9.31809e-25  9.67762e-13  7.66917e-25 -2.60307e-13 -5.91938e-25 -1.73641e-13  4.33548e-25  1.72035e-13 -3.00104e-25 -2.30863e-14  1.91331e-25 -4.00272e-14 -1.08111e-25  1.83096e-14  5.40278e-26  5.33411e-15 -2.98713e-26  -5.2047e-15  2.83772e-26 -3.84404e-16 -3.55254e-26  1.04767e-15  3.81607e-26  9.53259e-18 -3.12026e-26 -1.69578e-16  1.81392e-26 -3.65808e-18  -5.5744e-27  2.21159e-17 -2.21795e-27  1.89822e-18  4.81326e-27 -2.12126e-18 -4.11326e-27 -3.91793e-19  2.34225e-27  1.20308e-19 -8.99639e-28  4.13207e-20  1.75668e-28 -1.34781e-21  3.65467e-29 -2.10323e-21 -4.44811e-29 -2.26105e-22  1.90617e-29  3.40195e-23 -5.32482e-30  9.21614e-24  1.13354e-30  4.26622e-25 -2.00685e-31 -6.74315e-26  2.86156e-32 -8.52761e-27 -3.10607e-33 -2.24295e-28  2.86769e-34  7.85609e-30 -1.75808e-35  2.44424e-31
