  9.7889e-35  7.88052e-51 -4.99456e-35 -3.39646e-49 -1.90355e-35  1.57934e-48  3.49231e-35 -1.68962e-47 -1.30395e-35  3.43536e-47   -1.662e-36 -1.90778e-47  1.45276e-36  5.77537e-46 -6.41411e-36  2.68507e-45  4.82742e-36  6.66561e-45   3.2712e-37 -3.15623e-44 -1.06814e-36  2.95671e-44  8.14167e-37  -1.3981e-43 -3.12899e-37  5.53046e-43 -1.69663e-37 -1.27528e-42  7.43009e-37  1.43976e-42 -4.12259e-36 -2.12558e-42  2.07142e-35  4.97476e-43 -9.43053e-35    3.535e-42  3.89723e-34 -6.28931e-42 -1.45975e-33  3.63872e-42  4.95591e-33  8.17589e-42 -1.52463e-32  -1.9357e-41  4.24635e-32  5.64015e-41 -1.06904e-31 -1.74418e-40  2.42712e-31  5.43398e-40 -4.95342e-31 -1.61641e-39  9.04774e-31  4.50788e-39 -1.47045e-30 -1.17294e-38  2.10952e-30  2.84633e-38 -2.64189e-30 -6.44185e-38  2.84168e-30   1.3593e-37  -2.5583e-30  -2.6731e-37  1.83953e-30  4.89605e-37 -9.47574e-31 -8.34569e-37  2.18391e-31  1.32262e-36  1.46115e-31 -1.94645e-36 -1.81209e-31  2.65618e-36  7.43998e-32 -3.35536e-36  9.49069e-33  3.91564e-36 -2.47328e-32 -4.21117e-36   8.0616e-33   4.1619e-36  2.96431e-33 -3.76676e-36 -2.71454e-33  3.10892e-36  1.48055e-34 -2.32789e-36   4.0979e-34  1.57101e-36 -5.17029e-35 -9.47441e-37 -7.26641e-35   5.0467e-37  1.97321e-35 -2.33406e-37  4.79027e-36  9.11376e-38 -1.18121e-36 -2.84387e-38 -5.48578e-37  6.09435e-39 -1.74065e-38 -2.36087e-40  1.11112e-37 -5.12537e-40 -3.00461e-38   2.8233e-40  7.74691e-39 -9.16896e-41 -3.01315e-39  2.06613e-41  7.18124e-40 -3.15837e-42 -1.08624e-40  2.62284e-43  1.35817e-41  7.54877e-45 -9.64472e-43 -5.16075e-45 -1.88468e-44  6.30902e-46  6.45549e-45 -3.29524e-47 -2.78753e-46  4.69018e-49
 7.88052e-51  1.56614e-34  3.21873e-49 -7.63827e-35 -5.27247e-48   -2.483e-35  2.24322e-47   4.7224e-35 -2.45589e-46 -3.82842e-36  5.38454e-46  1.93741e-36 -4.37956e-46 -4.09317e-36  4.17671e-45 -1.40798e-35  3.12621e-44  1.06635e-35  2.30241e-44  -9.0029e-37  -1.8681e-43 -9.17488e-37  2.49369e-43  1.62213e-36 -1.30711e-42 -1.90678e-37  4.46933e-42   -4.829e-36 -9.67983e-42  2.76525e-35  1.00862e-41  -1.4695e-34 -1.36067e-41  7.05587e-34  8.20112e-43 -3.06668e-33  2.50947e-41  1.20762e-32 -3.94212e-41 -4.31034e-32  1.36757e-41  1.39447e-31  8.09524e-41 -4.08663e-31  -2.4338e-40  1.08356e-30  7.90186e-40 -2.59438e-30 -2.53512e-39  5.59382e-30  7.80283e-39 -1.08205e-29 -2.25703e-38  1.86833e-29  6.09968e-38 -2.86001e-29 -1.53776e-37  3.84525e-29  3.61595e-37  -4.4805e-29 -7.92964e-37  4.43372e-29  1.62116e-36 -3.60116e-29 -3.08832e-36  2.24168e-29  5.47833e-36  -8.7634e-30 -9.04136e-36 -2.26352e-31  1.38684e-35  3.16488e-30 -1.97461e-35  -2.1597e-30  2.60588e-35  3.85329e-31 -3.18192e-35  3.99218e-31  3.58746e-35 -2.85173e-31 -3.72551e-35  1.42189e-32  3.55323e-35  6.05304e-32 -3.10156e-35 -2.02281e-32  2.46725e-35 -6.47072e-33 -1.77929e-35  4.17303e-33  1.15563e-35   7.4635e-34 -6.70215e-36 -7.82312e-34  3.43088e-36  3.94289e-36 -1.52446e-36  6.41469e-35  5.72371e-37  7.09581e-36 -1.72521e-37  -6.4973e-36  3.65051e-38 -9.49942e-37 -2.22464e-39  5.74432e-37 -2.23361e-39 -4.32536e-38  1.23596e-39  2.62287e-38 -3.83591e-40  -1.2948e-38  8.16413e-41   2.3055e-39 -1.18029e-41 -3.31713e-40  9.71052e-43  4.65381e-41  3.21356e-45 -2.62829e-42  -1.1134e-44 -6.73172e-44  1.20725e-45  1.15931e-44 -4.69249e-47 -3.07828e-46
-4.99456e-35  3.21873e-49  1.92096e-34  4.20625e-48 -1.15208e-34 -4.92488e-47 -2.85983e-35  2.04813e-46  3.87761e-35 -2.33238e-45  1.16761e-35   5.4618e-45  1.67943e-35 -4.68895e-45 -1.39617e-35  1.44933e-44 -2.34363e-35  2.48506e-43   1.8849e-35 -6.71771e-44 -5.73907e-36 -6.64221e-43  1.30586e-36  1.41803e-42 -9.88409e-38 -7.97791e-42  1.86444e-35  2.46892e-41 -1.27889e-34 -5.08168e-41  7.15546e-34  4.93924e-41 -3.61901e-33 -6.08137e-41  1.65495e-32 -6.33604e-42 -6.85264e-32  1.17456e-40  2.57142e-31 -1.53768e-40 -8.74697e-31 -4.09564e-41  2.69641e-30  7.11295e-40 -7.52612e-30 -2.40279e-39  1.89904e-29  8.03369e-39 -4.32181e-29 -2.56087e-38   8.8423e-29  7.68885e-38 -1.61934e-28 -2.15847e-37  2.63899e-28  5.65543e-37 -3.79671e-28 -1.38227e-36  4.76892e-28  3.15119e-36  -5.1451e-28 -6.69882e-36  4.64604e-28  1.32733e-35 -3.35018e-28 -2.45001e-35   1.7291e-28  4.20955e-35 -3.96257e-29 -6.72646e-35 -2.73122e-29  9.98496e-35  3.37302e-29 -1.37515e-34 -1.38461e-29  1.75446e-34 -1.83765e-30 -2.06989e-34  4.70087e-30  2.25351e-34 -1.54759e-30 -2.25842e-34 -5.52753e-31  2.07734e-34  5.09804e-31 -1.74757e-34 -1.96129e-32   1.3388e-34   -8.568e-32 -9.29072e-35  1.34988e-32   5.8015e-35  1.27405e-32 -3.23183e-35  -3.3216e-33  1.58765e-35 -1.11838e-33 -6.76533e-36  2.44656e-34  2.43647e-36  1.40494e-34 -7.06696e-37 -2.07744e-35  1.46339e-37  -9.9717e-36 -1.11123e-38  8.44421e-37 -6.49207e-39  2.42909e-37  3.62302e-39  1.09064e-37 -1.06936e-39  -3.5403e-38  2.13457e-40  3.78132e-39 -2.88919e-41 -7.90591e-40  2.29793e-42  1.09675e-40 -2.78342e-44 -3.75185e-42 -1.48827e-44   -9.803e-44  1.40197e-45  1.13647e-44 -3.38245e-47
-3.39646e-49 -7.63827e-35  4.20625e-48  2.63857e-34  3.36949e-47 -1.59544e-34 -3.34429e-46 -2.65715e-35   1.4317e-45   1.9532e-35 -1.69633e-44  1.60456e-35  4.16527e-44  4.58477e-35 -3.24924e-44 -2.69218e-35 -1.47822e-44  -3.2957e-35  1.56036e-42  3.00503e-35  -1.2781e-42 -1.59301e-35 -1.29321e-42  1.40548e-35  6.35486e-42 -6.69026e-35 -3.77066e-41  4.63248e-34  1.08267e-40 -2.75761e-33 -2.12888e-40  1.46922e-32  1.94862e-40 -7.07104e-32 -2.20353e-40  3.07937e-31 -5.13752e-41  -1.2149e-30  4.02178e-40  4.34488e-30 -3.31769e-40 -1.40856e-29 -1.02142e-39  4.13701e-29  5.68772e-39 -1.09945e-28 -1.98065e-38  2.63885e-28  6.57165e-38  -5.7043e-28 -2.04963e-37   1.1064e-27  5.98278e-37 -1.91577e-27 -1.63028e-36  2.94132e-27  4.14494e-36 -3.96681e-27 -9.83025e-36  4.63698e-27  2.17424e-35 -4.60371e-27 -4.48325e-35  3.75159e-27  8.61379e-35 -2.34246e-27 -1.54107e-34   9.1707e-28   2.5652e-34  2.70184e-29 -3.96885e-34 -3.37349e-28  5.70108e-34  2.30599e-28 -7.59309e-34 -4.10491e-29  9.36221e-34 -4.33338e-29 -1.06674e-33  3.11037e-29  1.12084e-33 -1.65402e-30 -1.08332e-33 -6.57512e-30  9.60334e-34  2.18163e-30  -7.7801e-34  7.60755e-31   5.7353e-34 -4.95604e-31 -3.82644e-34 -6.85111e-32  2.29486e-34  8.20666e-32 -1.22645e-34    2.036e-33  5.77331e-35 -8.19675e-33 -2.35482e-35 -6.65385e-34  8.11397e-36  7.97261e-34 -2.25601e-36  6.21116e-35  4.53469e-37 -4.10662e-35 -3.87298e-38 -6.29926e-36 -1.45273e-38  8.29583e-37  8.20499e-39  4.67567e-37 -2.28924e-39 -4.42555e-38  4.25116e-40  3.07921e-39 -5.33144e-41 -1.91099e-39  4.02559e-42   1.6854e-40 -8.72113e-44 -2.88412e-42 -1.36212e-44 -2.17952e-45   1.0804e-45  7.29803e-45
-1.90355e-35 -5.27247e-48 -1.15208e-34  3.36949e-47  3.55939e-34  1.89545e-46 -2.00951e-34 -1.78811e-45 -2.71292e-35  8.25222e-45  1.32811e-35  -1.0162e-43 -7.74895e-36  2.56141e-43  8.87339e-35 -1.61583e-43 -4.16992e-35  -5.7567e-43 -4.18174e-35  8.21733e-42  4.67608e-35 -8.96502e-42 -5.28645e-35  1.33107e-42  2.14008e-34  2.41747e-41 -1.42369e-33 -1.48865e-40  8.90881e-33  4.01156e-40 -5.00571e-32 -7.54505e-40  2.53648e-31  6.56136e-40 -1.16209e-30 -6.94092e-40  4.82104e-30 -1.87862e-40 -1.81269e-29  9.15134e-40   6.1791e-29  6.34873e-40 -1.90907e-28 -9.44757e-39  5.34107e-28  4.01203e-38 -1.35104e-27 -1.38732e-37  3.08274e-27  4.50761e-37 -6.32461e-27 -1.36982e-36  1.16163e-26  3.88762e-36 -1.89885e-26 -1.02951e-35  2.74064e-26   2.5433e-35 -3.45399e-26 -5.85985e-35  3.73951e-26  1.25878e-34 -3.38901e-26  -2.5199e-34  2.45267e-26  4.69802e-34 -1.27007e-26 -8.15111e-34  2.90899e-27  1.31492e-33  2.04193e-27 -1.97018e-33 -2.52403e-27  2.73857e-33  1.04027e-27 -3.52661e-33  1.39637e-28   4.2008e-33 -3.58156e-28 -4.62029e-33  1.19192e-28  4.68236e-33  4.19301e-29 -4.36163e-33 -3.91823e-29  3.72341e-33  1.35626e-30  -2.9026e-33  6.88297e-30  2.05717e-33 -1.18692e-30 -1.31827e-33 -9.54593e-31  7.58539e-34  2.44616e-31 -3.88433e-34  9.84849e-32  1.74941e-34 -2.30804e-32 -6.81651e-35 -1.07636e-32  2.24119e-35  1.72017e-33 -5.94991e-36  7.58353e-34  1.15207e-36 -2.97566e-35 -1.04368e-37 -3.98083e-35 -2.65562e-38 -2.35152e-36  1.52087e-38  1.15321e-36 -3.97941e-39  7.09572e-38  6.80455e-40  7.86167e-39  -7.8106e-41 -3.85403e-39  5.51111e-42  1.18883e-40 -1.50747e-43 -3.55013e-42 -8.36838e-45  1.27502e-43  5.14541e-46
 1.57934e-48   -2.483e-35 -4.92488e-47 -1.59544e-34  1.89545e-46  4.43674e-34  7.62877e-46 -2.35718e-34 -7.91771e-45 -4.04438e-35  4.11099e-44   3.6275e-35 -5.23795e-43 -6.40738e-35  1.32603e-42  1.39035e-34 -5.82354e-43 -5.53549e-35 -4.67115e-42 -5.56833e-35  3.75116e-41  1.21284e-34 -4.50869e-41 -5.50985e-34  2.47552e-41  3.79573e-33  8.20408e-41 -2.49413e-32 -5.13016e-40  1.47756e-31  1.29982e-39 -7.88703e-31 -2.33606e-39   3.8028e-30  1.94892e-39 -1.65927e-29 -2.00488e-39  6.55957e-29  -2.3038e-40 -2.35093e-28  9.49535e-41  7.63874e-28  1.20619e-38 -2.24889e-27 -6.44465e-38  5.99179e-27  2.46314e-37 -1.44195e-26 -8.35556e-37   3.1258e-26  2.65074e-36 -6.08077e-26 -7.85183e-36  1.05621e-25  2.17052e-35 -1.62698e-25 -5.59724e-35  2.20187e-25  1.34617e-34 -2.58328e-25 -3.01849e-34  2.57459e-25  6.30725e-34 -2.10646e-25 -1.22741e-33  1.32064e-25  2.22288e-33 -5.18958e-26 -3.74326e-33 -1.60182e-27  5.85549e-33  1.93548e-26 -8.49913e-33 -1.32978e-26  1.14327e-32  2.38683e-27 -1.42327e-32  2.52408e-27  1.63727e-32 -1.82913e-27 -1.73734e-32  1.03567e-28  1.69705e-32  3.87914e-28 -1.52233e-32 -1.30079e-28  1.25044e-32 -4.61459e-29 -9.37154e-33  3.07206e-29  6.37988e-33  3.71099e-30 -3.92308e-33  -4.8794e-30  2.16346e-33 -1.75951e-31 -1.06018e-33  5.37044e-31  4.56105e-34  3.11155e-32 -1.69421e-34 -4.85095e-32  5.30029e-35 -4.03812e-33 -1.33808e-35  2.62158e-33  2.47744e-36  4.44916e-34 -2.28878e-37 -8.08551e-35 -4.10598e-38 -2.10177e-35  2.37993e-38  3.01451e-37 -5.77569e-39  3.61755e-37  8.96285e-40  4.50536e-38 -9.25809e-41 -4.24506e-39   6.0025e-42 -4.03964e-41 -1.80498e-43  -9.9237e-42 -3.02839e-45  6.20798e-44
 3.49231e-35  2.24322e-47 -2.85983e-35 -3.34429e-46 -2.00951e-34  7.62877e-46  5.20949e-34  1.96379e-45 -2.68208e-34 -3.03437e-44 -6.40136e-35  1.83473e-43  8.56482e-35 -2.39049e-42     -1.4e-34  5.95194e-42  1.83469e-34 -1.31162e-42 -5.36614e-35 -2.64211e-41 -1.85082e-34  1.51601e-40  1.20565e-33 -1.85681e-40 -8.88344e-33  1.33128e-40  6.16679e-32  2.57606e-40 -3.85511e-31 -1.58804e-39  2.16891e-30  3.76269e-39 -1.10104e-29 -6.45064e-39  5.05417e-29  5.23295e-39 -2.10107e-28     -5.6e-39  7.91708e-28  1.96952e-39 -2.70496e-27 -1.32237e-38  8.37742e-27  8.42137e-38 -2.34979e-26 -3.60366e-37  5.96001e-26  1.30887e-36 -1.36383e-25 -4.35065e-36  2.80654e-25  1.35029e-35 -5.17121e-25 -3.91053e-35  8.48175e-25  1.05645e-34 -1.22857e-24 -2.66143e-34  1.55421e-24   6.2499e-34 -1.68942e-24 -1.36743e-33  1.53757e-24  2.78572e-33 -1.11777e-24 -5.28019e-33  5.81585e-25  9.30397e-33 -1.33879e-25 -1.52256e-32 -9.45247e-26  2.31157e-32  1.17564e-25 -3.25209e-32  -4.8847e-26  4.23438e-32 -6.47142e-27 -5.09561e-32  1.69673e-26  5.65887e-32 -5.73284e-27 -5.78976e-32 -1.97951e-27  5.44694e-32  1.88992e-27 -4.70123e-32 -6.99009e-29  3.71213e-32 -3.38549e-28 -2.67214e-32  6.18132e-29  1.74569e-32  4.59776e-29 -1.02906e-32 -1.19949e-29  5.43312e-33 -5.06732e-30 -2.54461e-33  1.26093e-30  1.04399e-33  5.23326e-31 -3.68873e-34 -8.65336e-32  1.09477e-34 -3.98241e-32 -2.61698e-35  1.86702e-33   4.5993e-36  2.10811e-33 -4.20559e-37  9.42253e-35 -5.51803e-38 -5.18114e-35  3.20573e-38 -6.90422e-36 -7.09798e-39  2.84739e-37  9.76679e-40  1.13903e-37 -8.82668e-41  1.01803e-39  5.13907e-42 -2.82759e-41 -1.54257e-43 -1.34114e-41 -4.37061e-46
-1.68962e-47   4.7224e-35  2.04813e-46 -2.65715e-35 -1.78811e-45 -2.35718e-34  1.96379e-45  5.97919e-34  5.97056e-46 -3.08214e-34  -1.0538e-43 -8.69364e-35  7.52978e-43  1.44598e-34 -9.84213e-42 -2.09636e-34   2.3656e-41  1.89518e-34   4.0874e-43  1.66384e-34 -1.21485e-40 -2.29108e-33  5.50636e-40   1.8554e-32 -6.62889e-40 -1.36439e-31  5.18197e-40  9.01166e-31  7.66255e-40 -5.34765e-30 -4.50069e-39  2.85969e-29  9.86924e-39 -1.38152e-28 -1.61193e-38  6.04042e-28  1.29563e-38 -2.39319e-27 -1.56753e-38  8.59704e-27  1.73303e-38 -2.80025e-26 -8.94244e-38  8.26555e-26  4.26047e-37 -2.20828e-25 -1.68096e-36  5.32981e-25  5.94808e-36 -1.15894e-24 -1.94785e-35  2.26189e-24  5.95096e-35 -3.94242e-24 -1.69535e-34  6.09514e-24  4.50199e-34 -8.28088e-24  -1.1138e-33  9.75548e-24  2.56586e-33 -9.76557e-24  -5.5003e-33  8.02779e-24  1.09631e-32 -5.05917e-24 -2.03001e-32  2.00029e-24  3.48866e-32  5.96901e-26  -5.5585e-32 -7.52606e-25  8.20178e-32  5.21527e-25 -1.11941e-31 -9.53475e-26  1.41143e-31  -9.9435e-26 -1.64186e-31  7.31491e-26   1.7596e-31 -4.50343e-27  -1.7347e-31   -1.557e-26  1.57041e-31  5.33755e-27 -1.30279e-31  1.86434e-27  9.87824e-32  -1.2815e-27 -6.82266e-32 -1.40787e-28  4.27311e-32  2.01878e-28 -2.41246e-32  7.17222e-30  1.21816e-32 -2.32021e-29 -5.44581e-33 -1.04252e-30  2.12712e-33  2.05597e-30  -7.1323e-34  1.71892e-31  2.00172e-34 -1.17768e-31 -4.51057e-35 -1.85496e-32  7.46947e-36  3.62033e-33 -6.59168e-37  9.24195e-34 -6.63137e-38 -9.37007e-36  3.76878e-38 -1.97417e-35 -7.41522e-39 -1.28366e-36  8.66306e-40  1.01155e-37 -6.45557e-41  8.86223e-39  3.23916e-42  2.89543e-40 -8.72791e-44 -5.63051e-42
-1.30395e-35 -2.45589e-46  3.87761e-35   1.4317e-45 -2.71292e-35 -7.91771e-45 -2.68208e-34  5.97056e-46  6.89741e-34 -2.68796e-44  -3.6094e-34 -3.45545e-43 -1.01435e-34   2.8793e-42  1.91559e-34 -3.69799e-41 -2.18485e-34  8.45394e-41 -1.82217e-34  2.27819e-41  3.87732e-33 -4.80979e-40 -3.49034e-32  1.81803e-39  2.72828e-31 -2.11805e-39 -1.90587e-30  1.67376e-39  1.19388e-29  2.17914e-39 -6.72943e-29 -1.18194e-38  3.42289e-28  2.36568e-38 -1.57452e-27  -3.6743e-38  6.55991e-27  2.95479e-38 -2.47765e-26 -4.17942e-38  8.48621e-26  7.67419e-38 -2.63515e-25  -3.7111e-37  7.41199e-25  1.63446e-36 -1.88553e-24 -6.31422e-36  4.32815e-24  2.22899e-35 -8.93619e-24 -7.30135e-35  1.65234e-23  2.22662e-34 -2.72027e-23 -6.31815e-34  3.95591e-23  1.66729e-33 -5.02565e-23 -4.08939e-33  5.48766e-23  9.31663e-33 -5.01888e-23 -1.97016e-32  3.66829e-23  3.86397e-32 -1.92073e-23 -7.02215e-32   4.4701e-24  1.18137e-31  3.13309e-24  -1.8379e-31 -3.94254e-24  2.64119e-31  1.65824e-24 -3.50196e-31  2.11472e-25  4.27897e-31 -5.78476e-25 -4.81236e-31  1.99575e-25  4.97542e-31  6.69296e-26 -4.72271e-31 -6.59219e-26  4.10978e-31  2.83985e-27  -3.2731e-31  1.19222e-26  2.38026e-31 -2.29834e-27 -1.57558e-31 -1.61279e-27  9.45095e-32  4.38122e-28 -5.10548e-32  1.82845e-28  2.46316e-32 -4.83196e-29 -1.04976e-32 -1.86896e-29   3.8967e-33   3.2871e-30 -1.23681e-33  1.48612e-30   3.2713e-34 -8.37959e-32 -6.91685e-35 -7.90283e-32   1.0715e-35 -3.42739e-33 -8.91882e-37  2.06683e-33 -7.36401e-38  2.63639e-34  3.90927e-38 -1.48776e-35  -6.5258e-39 -3.82935e-36  5.84899e-40  -1.1969e-37 -2.96822e-41  6.86357e-39  1.14035e-42  4.44542e-40 -2.35668e-44
 3.43536e-47 -3.82842e-36 -2.33238e-45   1.9532e-35  8.25222e-45 -4.04438e-35 -3.03437e-44 -3.08214e-34 -2.68796e-44  8.01732e-34 -1.90594e-43 -4.21684e-34  -1.0811e-42 -1.05408e-34  1.02468e-41  1.71362e-34   -1.276e-40  3.44579e-34  2.74696e-40  -6.1635e-33  1.46838e-40    5.964e-32 -1.68842e-39 -4.96532e-31  5.50555e-39  3.67347e-30 -6.18005e-39 -2.43133e-29  4.72463e-39  1.44553e-28  5.90337e-39 -7.74542e-28 -2.89154e-38  3.74969e-27  5.18272e-38 -1.64314e-26 -7.54114e-38  6.52548e-26  5.52819e-38 -2.35003e-25  -7.4602e-38  7.67495e-25  1.41395e-37 -2.27182e-24 -8.04279e-37   6.0877e-24   3.8881e-36 -1.47396e-23 -1.62053e-35  3.21583e-23  6.09464e-35 -6.29874e-23 -2.09899e-34  1.10202e-22  6.64799e-34 -1.71066e-22 -1.93909e-33  2.33414e-22  5.21404e-33 -2.76253e-22 -1.29332e-32  2.77924e-22  2.96029e-32 -2.29729e-22 -6.25293e-32  1.45697e-22  1.21862e-31 -5.81077e-23 -2.19032e-31 -1.52389e-24  3.62861e-31  2.19393e-23 -5.53654e-31 -1.53896e-23  7.77359e-31  2.89429e-24 -1.00341e-30  2.93103e-24  1.18953e-30 -2.20197e-24 -1.29388e-30   1.5099e-25  1.29008e-30  4.69377e-25 -1.17801e-30 -1.66004e-25  9.84159e-31 -5.59388e-26 -7.51364e-31  4.01402e-26  5.23295e-31  3.99006e-27 -3.31555e-31 -6.34286e-27   1.9028e-31 -1.83808e-28 -9.82739e-32  7.46311e-28  4.52617e-32  2.56992e-29 -1.83669e-32 -6.65173e-29  6.46696e-33 -5.19223e-30 -1.93765e-33  3.94869e-30  4.81254e-34  5.85557e-31 -9.50641e-35 -1.24092e-31  1.36902e-35 -3.10981e-32 -1.05323e-36   5.7682e-34 -7.77159e-38  6.73212e-34   3.5999e-38    4.069e-35 -4.64406e-39 -3.15845e-36  2.17392e-40 -3.74823e-37    3.614e-42  -6.3301e-39  -2.8779e-43  1.68554e-40
  -1.662e-36  5.38454e-46  1.16761e-35 -1.69633e-44  1.32811e-35  4.11099e-44 -6.40136e-35  -1.0538e-43  -3.6094e-34 -1.90594e-43  9.25638e-34 -9.26912e-43 -4.83097e-34 -3.06848e-42 -5.29614e-35  3.35064e-41 -5.96777e-34 -4.05477e-40  9.11962e-33  8.18136e-40 -9.33797e-32  6.64875e-40  8.27006e-31 -5.34708e-39 -6.48863e-30  1.54009e-38  4.54229e-29 -1.66852e-38 -2.85081e-28  1.19776e-38   1.6101e-27  1.50323e-38 -8.20709e-27 -6.56373e-38  3.78373e-26  1.01165e-37 -1.58018e-25 -1.24855e-37   5.9834e-25   1.2949e-38 -2.05488e-24  2.12467e-37  6.39904e-24 -1.02032e-36 -1.80533e-23  2.72149e-36  4.60728e-23 -5.13998e-36 -1.06118e-22  1.40093e-36  2.19892e-22  4.69479e-35 -4.08155e-22 -2.91926e-34  6.74708e-22  1.22576e-33 -9.85487e-22 -4.21504e-33  1.25787e-21  1.25729e-32  -1.3805e-21 -3.33491e-32  1.26964e-21  7.96659e-32 -9.33868e-22 -1.72624e-31  4.92866e-22  3.40708e-31 -1.16674e-22 -6.13981e-31 -8.00624e-23  1.01153e-30  1.02537e-22 -1.52435e-30 -4.38427e-23  2.10131e-30 -5.23158e-24 -2.64893e-30  1.52909e-23  3.05227e-30 -5.42047e-24 -3.21309e-30 -1.74121e-24  3.08867e-30  1.78868e-24 -2.71029e-30 -9.31094e-26  2.17041e-30 -3.24972e-25 -1.58557e-30  6.65894e-26  1.05574e-30  4.39831e-26 -6.39355e-31  -1.2634e-26  3.50717e-31 -5.05767e-27 -1.73061e-31  1.43206e-27  7.60378e-32  5.20603e-28 -2.93448e-32 -9.93682e-29  9.78017e-33 -4.26973e-29 -2.75772e-33  2.84238e-30  6.40812e-34  2.32761e-30 -1.17857e-34  8.87796e-32  1.57326e-35 -6.40114e-32 -1.10646e-36 -7.57761e-33 -7.73632e-38  4.80234e-34  2.90865e-38  1.17485e-34 -2.23602e-39  3.77612e-36 -1.29333e-40 -2.69833e-37  2.44164e-41 -1.22136e-38 -6.35777e-43
-1.90778e-47  1.93741e-36   5.4618e-45  1.60456e-35  -1.0162e-43   3.6275e-35  1.83473e-43 -8.69364e-35 -3.45545e-43 -4.21684e-34 -9.26912e-43  1.05155e-33 -3.88728e-42  -5.9645e-34 -6.72993e-42  8.90743e-34  9.85726e-41 -1.23308e-32 -1.18741e-39  1.34282e-31  2.24661e-39 -1.26622e-30  2.48366e-39  1.05485e-29 -1.54486e-38 -7.81936e-29  4.00197e-38  5.18528e-28 -4.20418e-38 -3.08907e-27  2.77888e-38  1.65872e-26  3.51302e-38 -8.04834e-26 -1.34913e-37  3.53534e-25  1.54026e-37 -1.40759e-24 -4.60244e-38  5.08291e-24 -7.69741e-37  -1.6648e-23  3.55843e-36  4.94293e-23 -1.36412e-35 -1.32883e-22  4.50713e-35  3.22845e-22 -1.33975e-34 -7.06947e-22  3.54177e-34  1.39007e-21 -8.10132e-34 -2.44216e-21  1.50576e-33  3.80778e-21 -1.82583e-33 -5.22037e-21 -8.90947e-34  6.21032e-21  1.44347e-32 -6.28316e-21 -5.70205e-32  5.22649e-21  1.64138e-31  -3.3398e-21 -3.93651e-31  1.34714e-21  8.22568e-31  2.68078e-23 -1.52777e-30 -5.07548e-22  2.54796e-30   3.6177e-22 -3.83683e-30 -7.06591e-23  5.23249e-30 -6.84223e-23 -6.47278e-30  5.28342e-23   7.2688e-30 -4.11577e-24 -7.41318e-30 -1.12416e-23  6.86858e-30  4.13619e-24 -5.78457e-30  1.32195e-24  4.43143e-30 -1.00239e-24 -3.09065e-30 -8.75317e-26  1.96319e-30  1.59373e-25 -1.13457e-30  2.98648e-27  5.94358e-31 -1.90659e-26 -2.80114e-31 -4.43394e-28  1.17364e-31  1.72481e-27 -4.30261e-32  1.19509e-28  1.35408e-32 -1.05526e-28 -3.58028e-33 -1.46767e-29  7.75648e-34  3.45889e-30 -1.32755e-34  8.22376e-31  1.65305e-35 -2.21601e-32 -1.08526e-36 -1.83559e-32 -6.55254e-38 -1.07448e-33  1.89466e-38  9.41916e-35  2.30113e-40   1.0632e-35 -3.68817e-40  1.39935e-37   2.8193e-41 -4.40797e-39
 1.45276e-36 -4.37956e-46  1.67943e-35  4.16527e-44 -7.74895e-36 -5.23795e-43  8.56482e-35  7.52978e-43 -1.01435e-34  -1.0811e-42 -4.83097e-34 -3.88728e-42  1.23399e-33 -1.53236e-41 -1.71769e-33 -4.12783e-42  1.52865e-32   2.5285e-40 -1.77561e-31 -3.20246e-39  1.78751e-30  5.71306e-39 -1.58363e-29  8.08833e-39  1.24465e-28 -4.10313e-38 -8.72972e-28  9.70239e-38     5.49e-27   -9.941e-38 -3.10734e-26  6.00615e-38   1.5875e-25  7.19765e-38 -7.33662e-25 -2.31136e-37  3.07184e-24  3.32047e-38 -1.16634e-23  1.07146e-36  4.01718e-23 -6.36592e-36 -1.25483e-22  2.64026e-35  3.55175e-22 -9.86249e-35 -9.09576e-22  3.32976e-34  2.10275e-21 -1.02571e-33 -4.37434e-21  2.87343e-33  8.15356e-21 -7.27404e-33 -1.35389e-20  1.64648e-32  1.98704e-20 -3.26851e-32 -2.54945e-20  5.46291e-32  2.81389e-20 -6.86351e-32 -2.60427e-20  3.27303e-32  1.92961e-20  1.44172e-31 -1.02821e-20  -6.1699e-31  2.49099e-21  1.59249e-30  1.64924e-21   -3.269e-30 -2.16373e-21  5.72529e-30  9.44601e-22 -8.79667e-30  1.01868e-22  1.20155e-29 -3.27837e-22 -1.46918e-29  1.20185e-22  1.61427e-29  3.63877e-23 -1.59752e-29  -3.9477e-23  1.42636e-29  2.51529e-24 -1.15107e-29  7.18017e-24   8.4141e-30 -1.57854e-24 -5.58581e-30 -9.71964e-25  3.37574e-30  2.99013e-25 -1.85844e-30  1.12682e-25  9.29187e-31 -3.45974e-26 -4.18335e-31 -1.17562e-26  1.67156e-31  2.47339e-27 -5.81449e-32  9.92827e-28  1.72264e-32  -7.8527e-29 -4.25235e-33 -5.59125e-29  8.56689e-34 -1.69924e-30 -1.37336e-34  1.60461e-30  1.64003e-35  1.78181e-31  -1.1073e-36 -1.30024e-32 -2.78209e-38 -2.97062e-33  5.50767e-39 -8.53964e-35  2.38893e-39  7.34713e-36 -4.54977e-40  3.01749e-37  1.81192e-41
 5.77537e-46 -4.09317e-36 -4.68895e-45  4.58477e-35  2.56141e-43 -6.40738e-35 -2.39049e-42  1.44598e-34   2.8793e-42 -1.05408e-34 -3.06848e-42  -5.9645e-34 -1.53236e-41  2.47381e-33 -5.85489e-41 -1.80591e-32  6.19244e-41  2.16468e-31  5.32764e-40 -2.33183e-30 -7.94217e-39  2.20119e-29  1.35016e-38 -1.83693e-28  2.35808e-38  1.36427e-27  -1.0073e-37 -9.06533e-27  2.20173e-37  5.41222e-26 -2.21202e-37 -2.91283e-25  1.22854e-37  1.41679e-24  1.18202e-37 -6.23956e-24 -2.36291e-37   2.4911e-23 -1.14122e-36 -9.02183e-23  7.58859e-36  2.96408e-22 -3.62692e-35 -8.82961e-22  1.47813e-34  2.38202e-21 -5.48928e-34 -5.80882e-21   1.8588e-33  1.27703e-20 -5.75666e-33 -2.52167e-20  1.62867e-32  4.45029e-20 -4.19872e-32 -6.97256e-20  9.82124e-32  9.60933e-20 -2.06976e-31 -1.14968e-19  3.88277e-31   1.1705e-19 -6.34012e-31 -9.80657e-20  8.58094e-31  6.32192e-20 -8.31016e-31 -2.58593e-20  1.35158e-31 -2.78945e-22  1.79501e-30  9.66425e-21 -5.48858e-30   -7.028e-21  1.11194e-29  1.43835e-21 -1.81851e-29  1.31145e-21  2.54111e-29 -1.04822e-21 -3.10569e-29  9.40367e-23  3.35784e-29  2.21752e-22 -3.23176e-29 -8.55829e-23  2.78016e-29  -2.5501e-23 -2.14547e-29  2.07182e-23  1.49145e-29  1.50993e-24  -9.3876e-30 -3.31496e-24  5.37904e-30 -1.83839e-26 -2.81543e-30  4.02199e-25  1.34344e-30  4.12078e-27  -5.7848e-31 -3.70706e-26  2.20615e-31 -2.15408e-27 -7.27216e-32  2.33824e-27   2.0197e-32  3.00068e-28 -4.62852e-33 -8.04072e-29  8.67153e-34 -1.78644e-29 -1.33093e-34  6.50724e-31  1.62892e-35  4.18462e-31 -1.34301e-36  2.28179e-32  5.25197e-38 -2.35097e-33 -1.11207e-38 -2.43862e-34  3.89717e-39 -2.81004e-36 -3.87657e-40  1.06829e-37
-6.41411e-36  4.17671e-45 -1.39617e-35 -3.24924e-44  8.87339e-35  1.32603e-42     -1.4e-34 -9.84213e-42  1.91559e-34  1.02468e-41 -5.29614e-35 -6.72993e-42 -1.71769e-33 -5.85489e-41  1.95788e-32  -2.1597e-40 -2.44435e-31  4.52751e-40  2.81608e-30  7.67646e-40 -2.83828e-29 -1.80636e-38   2.5191e-28  2.97509e-38 -1.98367e-27  6.24771e-38  1.39414e-26 -2.29419e-37 -8.78659e-26   4.6827e-37  4.98468e-25   -4.611e-37 -2.55285e-24  2.29181e-37  1.18287e-23  1.59425e-37 -4.96637e-23  1.95209e-37  1.89121e-22 -6.10882e-36 -6.53418e-22  3.46234e-35  2.04783e-21 -1.62751e-34 -5.81679e-21  6.73526e-34  1.49523e-20  -2.5256e-33  -3.4705e-20  8.60922e-33  7.25049e-20 -2.67603e-32 -1.35763e-19  7.59032e-32  2.26537e-19 -1.96353e-31 -3.34232e-19  4.62404e-31  4.31289e-19 -9.87846e-31 -4.79022e-19  1.90313e-30  4.46478e-19 -3.27371e-30 -3.33585e-19   4.9398e-30  1.79778e-19   -6.309e-30 -4.48389e-20  6.22276e-30 -2.82062e-20 -3.09338e-30  3.81839e-20 -4.53439e-30 -1.70952e-20  1.70785e-29  -1.5912e-21 -3.31079e-29  5.87548e-21  4.92577e-29 -2.24215e-21 -6.12504e-29 -6.28052e-22  6.56978e-29  7.30279e-22 -6.16845e-29  -5.7032e-23   5.1118e-29 -1.32548e-22 -3.76246e-29  3.15705e-23  2.47634e-29  1.79035e-23 -1.47005e-29 -5.97062e-24  7.95024e-30 -2.08501e-24 -3.94808e-30  7.03602e-25  1.79994e-30  2.21113e-25 -7.43445e-31 -5.20395e-26  2.71151e-31 -1.92626e-26 -8.45655e-32  1.82524e-27  2.18814e-32  1.12559e-27  -4.6209e-33  2.35217e-29  8.10582e-34 -3.38066e-29 -1.25442e-34 -3.49529e-30  1.74676e-35  3.02048e-31 -1.94495e-36  6.26737e-32  1.82639e-37   1.5697e-33 -2.87871e-38 -1.66205e-34  4.38336e-39 -6.45312e-36 -2.17087e-40
 2.68507e-45 -1.40798e-35  1.44933e-44 -2.69218e-35 -1.61583e-43  1.39035e-34  5.95194e-42 -2.09636e-34 -3.69799e-41  1.71362e-34  3.35064e-41  8.90743e-34 -4.12783e-42 -1.80591e-32  -2.1597e-40  2.55079e-31 -7.55633e-40 -3.15307e-30   2.1132e-39  3.40001e-29 -9.96764e-41 -3.21531e-28  -3.7511e-38   2.6884e-27  6.13526e-38 -2.00073e-26   1.5175e-37  1.33234e-25 -4.85143e-37 -7.97281e-25  9.28044e-37  4.30149e-24 -8.63973e-37 -2.09771e-23  2.18285e-37  9.26401e-23  8.26532e-37 -3.70953e-22 -4.61304e-37  1.34767e-21 -1.44873e-35 -4.44251e-21   1.0401e-34  1.32807e-20 -5.52532e-34 -3.59638e-20  2.46374e-33  8.80552e-20 -9.65268e-33 -1.94416e-19  3.37776e-32  3.85666e-19  -1.0657e-31 -6.83985e-19  3.04659e-31  1.07733e-18 -7.91052e-31 -1.49326e-18  1.86647e-30  1.79781e-18   -3.997e-30 -1.84319e-18  7.74454e-30  1.55672e-18  -1.3501e-29 -1.01375e-18  2.09736e-29  4.21653e-19  -2.8545e-29 -4.83067e-22  3.29055e-29 -1.55324e-19   -2.954e-29  1.15739e-19  1.44323e-29 -2.50236e-20  1.34122e-29 -2.11541e-20 -4.99931e-29  1.76377e-20  8.65698e-29 -1.83662e-21 -1.12803e-28 -3.69354e-21   1.2143e-28  1.50769e-21  -1.1167e-28  4.10906e-22  8.91239e-29 -3.63576e-22 -6.23545e-29 -2.02832e-23   3.8628e-29  5.84898e-23 -2.14717e-29 -6.12244e-25  1.08933e-29 -7.18952e-24 -5.12275e-30  3.68901e-26  2.23897e-30  6.76468e-25 -8.92413e-31    3.018e-26  3.12481e-31 -4.40573e-26 -9.20123e-32 -5.10399e-27  2.19764e-32  1.59414e-27 -4.23646e-33  3.27564e-28  7.12461e-34  -1.5784e-29 -1.22209e-34 -8.12603e-30  2.10395e-35  -3.9923e-31 -2.96053e-36  4.97416e-32  3.45821e-37  4.75604e-33 -4.23759e-38   4.6047e-35  3.65108e-39 -2.27789e-36
 4.82742e-36  3.12621e-44 -2.34363e-35 -1.47822e-44 -4.16992e-35 -5.82354e-43  1.83469e-34   2.3656e-41 -2.18485e-34   -1.276e-40 -5.96777e-34  9.85726e-41  1.52865e-32  6.19244e-41 -2.44435e-31 -7.55633e-40  3.27451e-30 -2.46789e-39 -3.78771e-29  7.92919e-39  3.82433e-28 -5.82587e-39 -3.40081e-27 -7.05979e-38  2.68347e-26  1.19129e-37 -1.89009e-25  3.38591e-37  1.19399e-24 -9.43593e-37 -6.79033e-24  1.64865e-36  3.48674e-23 -1.09872e-36  -1.6201e-22 -1.94448e-36  6.82234e-22  1.03286e-35 -2.60618e-21 -3.09545e-35  9.03468e-21  5.87295e-35 -2.84162e-20  2.05021e-35  8.10224e-20 -9.78822e-34 -2.09116e-19    6.302e-33  4.87469e-19 -2.89367e-32 -1.02312e-18  1.09981e-31  1.92524e-18 -3.63273e-31 -3.22961e-18  1.06529e-30   4.7924e-18 -2.80315e-30 -6.22288e-18  6.65374e-30   6.9596e-18 -1.42756e-29 -6.53791e-18   2.7671e-29  4.93099e-18 -4.83167e-29 -2.69247e-18  7.55568e-29  6.95265e-19 -1.04726e-28  4.08805e-19  1.26269e-28 -5.75806e-19 -1.27482e-28  2.65563e-19  9.76002e-29  1.99385e-20 -3.45993e-29 -8.99238e-20 -5.03156e-29  3.59569e-20  1.34702e-28   9.1165e-21 -1.93983e-28 -1.15676e-20  2.13015e-28  1.10271e-21 -1.92819e-28  2.08807e-21   1.4814e-28  -5.4394e-22 -9.80948e-29 -2.80413e-22  5.67531e-29   1.0263e-22 -2.92439e-29   3.2694e-23   1.3801e-29 -1.23087e-23 -6.13899e-30 -3.52985e-24  2.59285e-30  9.43607e-25 -1.00866e-30  3.18261e-25  3.41356e-31 -3.63708e-26 -9.46367e-32 -1.93864e-26  2.05875e-32 -1.84941e-28 -3.58939e-33  6.12397e-28  6.15398e-34  5.79909e-29 -1.31269e-34 -6.06046e-30  2.74484e-35 -1.13066e-30 -4.25803e-36 -2.36923e-32  4.95684e-37  3.25751e-33 -4.58197e-38  1.18453e-34  2.01486e-39
 6.66561e-45  1.06635e-35  2.48506e-43  -3.2957e-35  -5.7567e-43 -5.53549e-35 -1.31162e-42  1.89518e-34  8.45394e-41  3.44579e-34 -4.05477e-40 -1.23308e-32   2.5285e-40  2.16468e-31  4.52751e-40 -3.15307e-30 -2.46789e-39  3.92636e-29 -7.45332e-39 -4.24241e-28  2.55682e-38  4.01968e-27 -2.68477e-38 -3.36786e-26 -1.18982e-37  2.51188e-25  2.21137e-37 -1.67663e-24  6.83604e-37  1.00579e-23 -1.59667e-36 -5.44076e-23  2.07162e-36  2.66074e-22  2.37033e-36 -1.17856e-21 -2.28894e-35  4.73421e-21  9.63915e-35 -1.72575e-20 -3.39547e-34  5.70926e-20  1.02499e-33  -1.7133e-19 -2.54407e-33  4.65847e-19  4.21701e-33 -1.14556e-18  1.57579e-33  2.54103e-18  -5.0648e-32 -5.06574e-18  2.68591e-31   9.0322e-18 -1.01965e-30 -1.43085e-17  3.20581e-30  1.99571e-17 -8.75004e-30 -2.41929e-17  2.11584e-29  2.49955e-17 -4.57606e-29 -2.13011e-17  8.88691e-29  1.40311e-17 -1.55015e-28 -5.95051e-18  2.42145e-28  9.45264e-20 -3.36476e-28  2.14597e-18  4.10805e-28  -1.6461e-18 -4.30536e-28  3.78694e-19  3.68319e-28  2.92233e-19 -2.21562e-28 -2.56395e-19  2.15881e-29  3.10955e-20  1.74968e-28  5.28834e-20 -3.11094e-28 -2.30271e-20  3.56513e-28 -5.61195e-21 -3.19436e-28  5.51718e-21  2.36059e-28  1.98089e-22 -1.47148e-28  -8.9119e-22  7.86986e-29  2.62202e-23 -3.70606e-29  1.10905e-22  1.60739e-29 -2.58023e-24 -6.77182e-30 -1.06664e-23  2.81162e-30 -3.06108e-25 -1.08896e-30  7.18641e-25  3.59897e-31   7.3034e-26  -9.3653e-32 -2.74338e-26   1.8262e-32  -5.1559e-27 -2.88676e-33  3.24983e-28  5.70096e-34  1.36534e-28 -1.58101e-34  5.83459e-30  3.61029e-35 -9.13063e-31 -5.50436e-36 -8.02443e-32  5.70049e-37 -5.85544e-34 -3.66352e-38   4.2312e-35
  3.2712e-37  2.30241e-44   1.8849e-35  1.56036e-42 -4.18174e-35 -4.67115e-42 -5.36614e-35   4.0874e-43 -1.82217e-34  2.74696e-40  9.11962e-33 -1.18741e-39 -1.77561e-31  5.32764e-40  2.81608e-30   2.1132e-39 -3.78771e-29 -7.45332e-39  4.39146e-28 -2.07351e-38 -4.44257e-27  7.30183e-38  3.95871e-26 -8.74833e-38 -3.13054e-25 -1.76908e-37  2.21013e-24  4.12416e-37 -1.39964e-23  1.14636e-36  7.98093e-23 -1.62405e-36 -4.10963e-22 -2.80029e-36  1.91525e-21  3.46731e-35 -8.09094e-21 -1.74508e-34  3.10128e-20   7.0929e-34 -1.07898e-19 -2.57356e-33   3.4067e-19  8.34051e-33 -9.75323e-19 -2.38494e-32  2.52828e-18  5.81298e-32 -5.92116e-18 -1.11097e-31  1.24896e-17  1.15123e-31 -2.36283e-17  2.50486e-31  3.98657e-17 -2.02211e-30 -5.95272e-17  7.88296e-30  7.78255e-17 -2.36389e-29 -8.77026e-17  5.98499e-29  8.31068e-17  -1.3233e-28 -6.33435e-17  2.59271e-28  3.51066e-17 -4.52818e-28 -9.43492e-18  7.05482e-28 -5.09473e-18 -9.77011e-28  7.53959e-18  1.19253e-27  -3.5984e-18 -1.26212e-27 -1.94063e-19  1.12096e-27    1.194e-18 -7.71786e-28 -5.03574e-19  3.00489e-28 -1.12493e-19  1.53962e-28  1.59391e-19 -4.63906e-28 -1.84255e-20  5.72649e-28 -2.85041e-20 -5.10807e-28  8.19573e-21   3.6259e-28  3.78754e-21 -2.11404e-28  -1.5416e-21  1.03152e-28 -4.40269e-22 -4.34877e-29  1.88113e-22  1.70234e-29   4.8448e-23 -6.84776e-30 -1.49596e-23  2.89441e-30 -4.54204e-24 -1.15132e-30  6.30113e-25  3.76473e-31  2.90005e-25 -9.18116e-32 -1.17273e-27  1.59019e-32 -9.68399e-27 -2.39255e-33 -8.22024e-28  6.23869e-34  1.06231e-28 -2.03481e-34  1.77401e-29  4.52056e-35   2.8602e-31 -6.23932e-36 -5.60308e-32  5.25137e-37 -1.88625e-33 -1.92329e-38
-3.15623e-44  -9.0029e-37 -6.71771e-44  3.00503e-35  8.21733e-42 -5.56833e-35 -2.64211e-41  1.66384e-34  2.27819e-41  -6.1635e-33  8.18136e-40  1.34282e-31 -3.20246e-39 -2.33183e-30  7.67646e-40  3.40001e-29  7.92919e-39 -4.24241e-28 -2.07351e-38  4.59298e-27 -5.31043e-38 -4.36081e-26  1.87763e-37   3.6617e-25 -2.35497e-37 -2.73742e-24  -2.3712e-37  1.83173e-23  8.93926e-37 -1.10175e-22  7.93156e-37  5.97669e-22  5.09301e-36 -2.93162e-21 -4.52242e-35   1.3027e-20    2.487e-34 -5.25069e-20 -1.11603e-33  1.92096e-19  4.44386e-33  -6.3796e-19 -1.60622e-32  1.92233e-18  5.25784e-32 -5.24978e-18 -1.54919e-31  1.29702e-17  4.05573e-31 -2.89141e-17 -9.20853e-31  5.79524e-17   1.7151e-30 -1.03927e-16 -2.18354e-30  1.65668e-16 -2.57676e-31 -2.32647e-16  1.29298e-29  2.84151e-16 -5.21774e-29 -2.96072e-16  1.47833e-28  2.54833e-16 -3.43928e-28 -1.70027e-16  6.89372e-28   7.3719e-17 -1.21355e-27 -2.46049e-18  1.88994e-27 -2.58381e-17 -2.60516e-27  2.05055e-17   3.1622e-27 -5.05081e-18 -3.33953e-27  -3.5013e-18  2.99539e-27  3.26508e-18 -2.16354e-27 -4.61341e-19  1.07087e-27 -6.59495e-19 -4.54679e-29  3.09072e-19 -6.39665e-28    6.547e-20  8.88511e-28 -7.33899e-20 -7.92907e-28  -9.6112e-22  5.39515e-28  1.18832e-20 -2.92097e-28 -6.13045e-22  1.27911e-28 -1.49615e-21 -4.68229e-29   6.6693e-23  1.60764e-29  1.47229e-22 -6.34733e-30  1.48996e-24  2.91807e-30 -1.02826e-23 -1.23757e-30 -8.80125e-25  4.04433e-31  4.15176e-25 -9.27601e-32  7.04445e-26  1.45794e-32 -5.77436e-27 -2.37461e-33 -2.01045e-27  8.06609e-34 -7.09726e-29 -2.61404e-34  1.47566e-29  5.19566e-35  1.18386e-30 -6.06727e-36  5.13692e-33  3.70883e-37 -6.91601e-34
-1.06814e-36  -1.8681e-43 -5.73907e-36  -1.2781e-42  4.67608e-35  3.75116e-41 -1.85082e-34 -1.21485e-40  3.87732e-33  1.46838e-40 -9.33797e-32  2.24661e-39  1.78751e-30 -7.94217e-39 -2.83828e-29 -9.96764e-41  3.82433e-28  2.55682e-38 -4.44257e-27 -5.31043e-38  4.50354e-26  -1.2529e-37 -4.02187e-25  4.38642e-37  3.18793e-24 -5.42211e-37 -2.25627e-23 -3.91371e-37  1.43266e-22  2.80543e-36 -8.19235e-22 -6.86406e-36  4.23122e-21  5.51052e-35 -1.97824e-20 -3.08189e-34  8.38562e-20  1.48037e-33 -3.22592e-19 -6.34285e-33   1.1267e-18  2.46908e-32 -3.57203e-18 -8.77963e-32  1.02716e-17  2.84611e-31 -2.67518e-17 -8.38028e-31  6.29669e-17  2.22627e-30 -1.33533e-16 -5.27538e-30  2.54086e-16   1.0914e-29 -4.31377e-16 -1.88144e-29  6.48508e-16  2.35412e-29 -8.54187e-16 -6.66043e-30  9.70618e-16 -7.52457e-29 -9.28575e-16  3.02242e-28  7.16062e-16 -7.90899e-28 -4.03551e-16  1.66584e-27  1.13406e-16 -2.99243e-27  5.51539e-17  4.68454e-27 -8.67787e-17 -6.43766e-27  4.30567e-17  7.75838e-27  1.28064e-18 -8.13085e-27 -1.39189e-17  7.27148e-27  6.23336e-18 -5.32855e-27  1.18439e-18  2.87271e-27  -1.9335e-18 -6.43246e-28  2.69078e-19 -8.07135e-28  3.40999e-19  1.34046e-27 -1.09209e-19 -1.20018e-27 -4.45465e-20  7.80633e-28  2.04668e-20 -3.89588e-28  5.13219e-21  1.50177e-28 -2.54047e-21 -4.55755e-29 -5.76202e-22  1.30942e-29  2.09634e-22 -5.52005e-30  5.65298e-23  3.05373e-30 -9.59697e-24 -1.40831e-30 -3.80897e-24  4.58612e-31  7.75204e-26 -1.00013e-31  1.35178e-25  1.52907e-32  9.99426e-27 -3.03529e-33 -1.64422e-27  1.11417e-33  -2.4478e-28 -3.18096e-34 -2.52699e-30  5.33711e-35  8.53686e-31 -4.90311e-36  2.63605e-32  1.75375e-37
 2.95671e-44 -9.17488e-37 -6.64221e-43 -1.59301e-35 -8.96502e-42  1.21284e-34  1.51601e-40 -2.29108e-33 -4.80979e-40    5.964e-32  6.64875e-40 -1.26622e-30  5.71306e-39  2.20119e-29 -1.80636e-38 -3.21531e-28 -5.82587e-39  4.01968e-27  7.30183e-38 -4.36081e-26  -1.2529e-37  4.14949e-25 -2.72361e-37 -3.49242e-24  9.31306e-37   2.6174e-23 -1.02413e-36 -1.75608e-22 -1.49943e-36  1.05925e-21     1.26e-35  -5.7635e-21 -5.88528e-35  2.83615e-20  3.44857e-34 -1.26459e-19 -1.73864e-33   5.1157e-19  7.91119e-33 -1.87885e-18 -3.27964e-32  6.26559e-18  1.24453e-31 -1.89632e-17 -4.32805e-31  5.20316e-17  1.37744e-30 -1.29198e-16 -4.00206e-30  2.89573e-16  1.05708e-29 -5.83756e-16 -2.52122e-29  1.05341e-15  5.36786e-29 -1.69059e-15 -9.98767e-29  2.39169e-15  1.55158e-28 -2.94514e-15 -1.76275e-28  3.09723e-15  5.28713e-29 -2.69515e-15  4.21706e-28  1.82402e-15 -1.54428e-27 -8.10644e-16  3.61935e-27  4.33896e-17 -6.78209e-27  2.73946e-16  1.07766e-26  -2.2618e-16 -1.48251e-26  5.99621e-17  1.77517e-26  3.67064e-17   -1.842e-26 -3.68163e-17  1.63184e-26  6.05058e-18 -1.19394e-26  7.23311e-18  6.64115e-27 -3.68361e-18 -2.00637e-27 -6.52704e-19 -9.12905e-28  8.64656e-19  1.97766e-27 -1.10791e-20 -1.77609e-27  -1.4006e-19  1.10075e-27  1.08397e-20 -5.03239e-28  1.78249e-20  1.67383e-28 -1.24094e-21  -3.9331e-29  -1.7963e-21  8.80633e-30  2.06844e-23 -4.99248e-30  1.30339e-22  3.56266e-30  8.80841e-24 -1.72952e-30 -5.57942e-24  5.50256e-31 -8.41144e-25 -1.15805e-31  8.97089e-26  1.86873e-32   2.6193e-26 -4.42874e-33  6.97997e-28  1.49377e-33 -2.12022e-28 -3.54107e-34 -1.53994e-29  4.76941e-35 -1.08003e-32 -3.10618e-36  1.00576e-32
 8.14167e-37  2.49369e-43  1.30586e-36 -1.29321e-42 -5.28645e-35 -4.50869e-41  1.20565e-33  5.50636e-40 -3.49034e-32 -1.68842e-39  8.27006e-31  2.48366e-39 -1.58363e-29  1.35016e-38   2.5191e-28  -3.7511e-38 -3.40081e-27 -2.68477e-38  3.95871e-26  1.87763e-37 -4.02187e-25 -2.72361e-37  3.60014e-24 -5.43653e-37 -2.86079e-23  1.76092e-36  2.03013e-22 -1.12172e-36 -1.29273e-21 -8.88316e-36   7.4146e-21  6.46268e-35 -3.84187e-20 -3.46471e-34  1.80238e-19  1.84768e-33  -7.6681e-19 -8.86505e-33  2.96139e-18  3.88765e-32  -1.0386e-17 -1.56321e-31  3.30733e-17  5.77136e-31 -9.55542e-17 -1.95671e-30  2.50122e-16  6.08597e-30 -5.91909e-16 -1.73352e-29  1.26254e-15  4.50887e-29 -2.41737e-15 -1.06603e-28  4.13185e-15  2.27427e-28 -6.25732e-15 -4.32414e-28  8.30868e-15  7.16058e-28 -9.52693e-15 -9.82054e-28  9.20995e-15   9.5765e-28 -7.19404e-15 -1.24108e-28  4.13025e-15 -2.25181e-27 -1.21868e-15  6.88944e-27 -5.22025e-16  -1.4049e-26  8.86355e-16  2.30257e-26 -4.59335e-16 -3.19267e-26 -1.21532e-18   3.8079e-26  1.43756e-16  -3.9109e-26 -6.88314e-17  3.42088e-26 -1.05816e-17 -2.47755e-26  2.08384e-17  1.38643e-26  -3.4669e-18 -4.68806e-27 -3.60441e-18 -8.81917e-28  1.29805e-18  2.86359e-27  4.58857e-19  -2.5699e-27 -2.42262e-19  1.51302e-27 -5.19262e-20 -6.31748e-28  3.05816e-20  1.78989e-28  5.95456e-21   -3.013e-29 -2.61849e-21  5.34046e-30 -6.16999e-22 -5.83795e-30  1.29641e-22  4.76239e-30  4.42572e-23 -2.25161e-30 -1.77547e-24   6.8164e-31 -1.67961e-24 -1.40176e-31 -1.03685e-25  2.48267e-32  2.26628e-26 -6.38314e-33  2.99261e-27  1.84287e-33  9.87804e-30 -3.51122e-34 -1.16147e-29  3.57582e-35 -3.25767e-31 -1.33633e-36
 -1.3981e-43  1.62213e-36  1.41803e-42  1.40548e-35  1.33107e-42 -5.50985e-34 -1.85681e-40   1.8554e-32  1.81803e-39 -4.96532e-31 -5.34708e-39  1.05485e-29  8.08833e-39 -1.83693e-28  2.97509e-38   2.6884e-27 -7.05979e-38 -3.36786e-26 -8.74833e-38   3.6617e-25  4.38642e-37 -3.49242e-24 -5.43653e-37  2.94676e-23 -9.80011e-37 -2.21435e-22  2.68345e-36  1.48989e-21  3.08408e-36 -9.01411e-21 -5.08714e-35  4.92053e-20  3.29364e-34 -2.42967e-19  -1.7851e-33  1.08732e-18  9.05137e-33 -4.41576e-18 -4.18572e-32  1.62854e-17  1.77657e-31 -5.45497e-17  -6.9306e-31   1.6588e-16  2.48637e-30  -4.5745e-16 -8.20217e-30  1.14203e-15  2.48629e-29 -2.57452e-15 -6.91631e-29  5.22244e-15  1.76188e-28 -9.48759e-15 -4.09649e-28   1.5338e-14  8.64818e-28 -2.18728e-14 -1.64394e-27  2.71743e-14  2.77402e-27 -2.88673e-14 -4.04444e-27  2.54224e-14  4.78914e-27 -1.74773e-14 -3.73125e-27  7.98197e-15 -8.95043e-28 -6.08262e-16  1.07382e-26 -2.57795e-15 -2.62564e-26   2.2281e-15  4.56249e-26 -6.38516e-16 -6.44355e-26 -3.38622e-16  7.68727e-26  3.70653e-16 -7.82239e-26 -7.06631e-17  6.74558e-26 -7.02533e-17 -4.81209e-26  3.92972e-17  2.67235e-26  5.50273e-18 -9.44647e-27 -9.09423e-18 -6.21766e-28  3.82822e-19  4.07007e-27  1.47015e-18 -3.62639e-27 -1.57975e-19  2.02457e-27 -1.88886e-19 -7.75016e-28  1.87354e-20  1.89862e-28  1.95094e-20 -2.44381e-29 -7.18267e-22  6.75276e-30 -1.47431e-21  -9.5521e-30 -6.97446e-23  6.95424e-30  6.70712e-23 -2.98395e-30  8.79861e-24  8.42203e-31 -1.23148e-24  -1.7061e-31 -3.03985e-25   3.2991e-32 -5.01169e-27 -8.47011e-33  2.72789e-27  2.03462e-33  1.77602e-28  -3.0185e-34 -6.83056e-31  2.11505e-35 -1.31157e-31
