 3.61982e-29  -2.4522e-36 -2.50232e-27  1.17745e-36  6.78253e-26  9.66036e-36  -1.1143e-24  2.29581e-35  1.28117e-23  2.76674e-35 -1.10816e-22 -6.23878e-35  7.52646e-22  2.58148e-34 -4.12632e-21 -1.73443e-33   1.8602e-20  9.68475e-33 -6.98206e-20 -4.59432e-32  2.19937e-19  1.87051e-31 -5.83948e-19 -6.55004e-31  1.30799e-18  1.96691e-30 -2.46497e-18 -5.00549e-30  3.88035e-18  1.04679e-29 -5.03287e-18 -1.64747e-29  5.24521e-18  1.26777e-29 -4.18086e-18  2.96969e-29   2.2561e-18 -1.68344e-28 -4.52893e-19  4.90934e-28 -4.39674e-19 -1.09306e-27  4.20004e-19  2.02678e-27 -7.75932e-20 -3.23507e-27 -9.41579e-20   4.5129e-27  5.45086e-20 -5.53935e-27  1.15589e-20  5.99173e-27 -1.66811e-20 -5.69355e-27 -6.10626e-22  4.71004e-27  4.03756e-21 -3.32612e-27  4.36223e-24  1.91642e-27  -8.6702e-22 -7.86911e-28 -4.52944e-23  7.76873e-29  1.61888e-22   2.3729e-28  2.73431e-23 -2.82481e-28  -2.3295e-23  2.00504e-28 -8.29724e-24 -9.80539e-29  1.83044e-24  2.77157e-29  1.51901e-24  2.64691e-30  1.10783e-25 -7.65573e-30 -1.51104e-25   4.0051e-30 -4.92937e-26 -7.25761e-31  2.29922e-27 -3.56629e-31  5.01082e-27  3.02846e-31  1.12558e-27 -9.37183e-32  -7.1738e-29  6.54155e-33 -9.25657e-29  4.83394e-33 -1.95796e-29 -1.39438e-33 -1.35413e-31 -3.77035e-35  8.55244e-31   6.1881e-35  2.06701e-31   3.0702e-36  1.74966e-32 -4.45111e-36  -2.2443e-33  2.10408e-37 -8.76024e-34  1.55468e-37 -1.18426e-34 -7.79177e-39 -6.00504e-36 -5.69422e-39  6.09519e-37  8.21741e-40  1.43361e-37  2.34882e-41  1.30194e-38 -2.64702e-41  5.57735e-40  3.12415e-42  2.33368e-42  6.52477e-44 -1.26563e-42 -3.61267e-46 -5.30732e-44 -1.23033e-45 -7.88385e-46  2.36479e-48
 -2.4522e-36  3.58304e-27 -1.27581e-35 -1.40925e-25  1.08993e-35  2.91328e-24  3.68592e-35  -3.9794e-23  3.22399e-35  3.96568e-22  1.03505e-34 -3.04593e-21 -7.81971e-34   1.8658e-20  5.34652e-33 -9.32304e-20 -3.28827e-32  3.85853e-19  1.71684e-31 -1.33614e-18 -7.69282e-31  3.89511e-18  2.97957e-30 -9.58503e-18 -1.00057e-29  1.98961e-17  2.91028e-29 -3.46779e-17 -7.28137e-29  5.02587e-17  1.53945e-28 -5.94947e-17 -2.63172e-28   5.5644e-17  3.16707e-28 -3.83178e-17 -7.55833e-29  1.57234e-17  -9.2409e-28   8.1731e-19  3.34382e-27 -5.86912e-18  -7.8255e-27  3.10191e-18  1.45801e-26  3.51103e-19 -2.29543e-26 -1.06217e-18  3.12919e-26  2.28165e-19 -3.73432e-26  2.35424e-19  3.91629e-26 -1.00068e-19 -3.60426e-26 -4.67791e-20  2.89021e-26  2.64243e-20 -1.98614e-26  1.00392e-20  1.12565e-26  -5.2883e-21 -4.71087e-27 -2.34809e-21  7.50181e-28  7.54961e-22  9.93389e-28  5.11727e-22 -1.30064e-27 -4.39579e-23  9.44444e-28 -8.66778e-23 -4.67645e-28 -1.10675e-23  1.34405e-28  9.11833e-24  1.09185e-29  3.46894e-24 -3.55477e-29 -1.91118e-25  1.88405e-29 -4.08263e-25  -3.7511e-30 -8.69109e-26 -1.24216e-30  1.25071e-26   1.1274e-30  1.00596e-26 -3.22683e-31  1.75919e-27  8.73358e-33 -1.73735e-28  2.03366e-32 -1.42099e-28 -4.34749e-33 -2.68274e-29  -4.9088e-34 -3.78126e-31  2.30834e-34  9.06155e-31  3.08573e-35  2.11682e-31 -1.89179e-35  1.97327e-32  6.94108e-37 -8.98784e-34  4.71753e-37 -5.23822e-34 -4.92721e-39  -7.2892e-35 -1.53518e-38 -4.71172e-36  1.90937e-39   2.3258e-38 -3.09279e-41  3.37206e-38 -6.96438e-41  3.02045e-39  9.77659e-42  1.32291e-40  1.70183e-43  1.88108e-42 -3.65161e-45 -1.35349e-44 -1.78744e-45 -4.30825e-46
-2.50232e-27 -1.27581e-35  1.74805e-25 -3.41672e-35 -4.78984e-24  4.12881e-35  7.95901e-23  8.50263e-35 -9.26024e-22 -9.18916e-35  8.10995e-21   1.2981e-33 -5.58051e-20 -1.08183e-32  3.10175e-19  7.28419e-32 -1.41869e-18 -4.16706e-31  5.40705e-18  2.04066e-30 -1.73118e-17 -8.63704e-30  4.67703e-17  3.17945e-29 -1.06743e-16 -1.02123e-28  2.05314e-16  2.86203e-28 -3.30601e-16 -6.96824e-28  4.39976e-16  1.45716e-27 -4.72799e-16 -2.54909e-27  3.92161e-16  3.48514e-27 -2.25611e-16 -2.85657e-27   5.7358e-17 -1.95802e-27  3.52322e-17  1.44292e-26 -4.15822e-17 -3.74694e-26  1.08498e-17  7.12254e-26  8.02492e-18 -1.11229e-25 -6.04835e-18  1.48494e-25 -5.69677e-19 -1.72374e-25  1.74587e-18   1.7517e-25 -1.14013e-19 -1.55923e-25 -4.14575e-19  1.20941e-25  4.38833e-20 -8.06531e-26  9.08938e-20   4.4807e-26 -5.06734e-21 -1.89689e-26 -1.81369e-20  3.91947e-27 -1.12469e-21  2.66668e-27  2.96081e-21 -4.05429e-27  6.76338e-22   3.0587e-27 -3.16372e-22 -1.55367e-27 -1.60135e-22  4.63694e-28  5.06214e-24  2.29462e-29  2.02956e-23 -1.10463e-28  4.45311e-24  5.92934e-29 -9.04066e-25 -1.21053e-29 -6.41804e-25 -3.29435e-30 -9.34199e-26   3.0233e-30  2.34137e-26 -7.85399e-31  1.23824e-26 -1.60099e-32  1.79741e-27  5.83964e-32 -1.99338e-28 -9.23132e-33   -1.322e-28 -2.00642e-33 -2.32992e-29  5.58809e-34 -6.99912e-31  1.24356e-34  5.37216e-31 -5.11969e-35  1.25995e-31  1.28637e-36  1.26885e-32  8.57926e-37  9.60039e-35  5.63367e-38  -1.5314e-34 -2.54223e-38 -2.23806e-35   2.5878e-39 -1.57516e-36  -3.2485e-40 -3.98757e-38 -1.27028e-40   2.2536e-39  2.00384e-41  2.40978e-40  3.59647e-43  7.99156e-42 -7.71503e-45  1.15115e-43 -1.33113e-45
 1.17745e-36 -1.40925e-25 -3.41672e-35  5.60331e-24 -5.34468e-35 -1.17156e-22   9.3866e-35  1.61938e-21  2.46401e-34 -1.63394e-20 -1.74128e-33  1.27142e-19  1.61838e-32 -7.89531e-19 -1.22305e-31  4.00229e-18  7.67056e-31 -1.68178e-17 -4.09548e-30  5.91827e-17  1.88447e-29 -1.75514e-16 -7.53836e-29  4.39922e-16  2.63673e-28 -9.31537e-16  -8.0893e-28  1.65949e-15  2.17776e-27 -2.46463e-15  -5.1299e-27  3.00125e-15   1.0489e-26 -2.90616e-15  -1.8291e-26  2.10036e-15  2.61191e-26 -9.48353e-16 -2.71136e-26  3.37155e-17  9.21655e-27  3.02176e-16  4.21872e-26 -1.90317e-16 -1.37241e-25 -1.80524e-18  2.72466e-25  5.85566e-17 -4.25177e-25 -1.84477e-17  5.57325e-25 -1.16312e-17 -6.29655e-25  7.04208e-18  6.19647e-25  2.04751e-18   -5.326e-25 -1.83466e-18   3.9857e-25 -4.22228e-19  -2.5708e-25   3.8586e-19   1.3949e-25  1.08628e-19 -5.94429e-26  -6.3492e-20  1.46584e-26 -2.74727e-20  4.90582e-27  6.47738e-21 -9.77145e-27  5.46142e-21   7.8363e-27  1.31275e-22 -4.14112e-27 -7.13135e-22  1.29981e-27 -1.80269e-22  1.50561e-29  3.89305e-23  -2.6923e-28  2.88784e-23  1.46487e-28   3.6553e-24 -2.95257e-29 -1.58774e-24 -7.66481e-30 -7.08981e-25  6.72006e-30 -7.27285e-26 -1.56097e-30  2.64071e-26 -1.11945e-31   1.0896e-26  1.33498e-31  1.40449e-27 -1.55373e-32  -1.3576e-28 -5.32505e-33 -8.47094e-29  9.98473e-34 -1.44051e-29  3.42784e-34 -7.00856e-31 -1.04804e-34  1.91379e-31  1.18539e-36  4.78498e-32  9.08109e-37  5.05544e-33   2.6324e-37  1.89239e-34 -2.52583e-38 -2.04865e-35  1.68187e-39 -3.58968e-36 -1.04186e-39 -2.45042e-37 -1.85576e-40 -8.10592e-39  3.07727e-41  -3.8098e-41  6.02182e-43  4.11963e-42 -8.26237e-45  7.79295e-44
 6.78253e-26  1.08993e-35 -4.78984e-24 -5.34468e-35  1.32743e-22 -3.68426e-35   -2.232e-21    7.116e-35  2.62929e-20  1.88191e-33 -2.33277e-19 -1.95334e-32   1.6272e-18  1.64719e-31 -9.17469e-18 -1.14114e-30  4.26016e-17  6.65073e-30  -1.6498e-16 -3.32164e-29   5.3725e-16  1.43822e-28 -1.47799e-15 -5.44174e-28  3.43962e-15  1.80871e-27 -6.75778e-15 -5.29648e-27  1.11399e-14  1.36732e-26 -1.52248e-14  -3.1053e-26  1.68829e-14  6.16716e-26 -1.45788e-14 -1.05741e-25  8.92602e-15  1.52286e-25 -2.73482e-15 -1.71996e-25 -1.03634e-15  1.17041e-25   1.6107e-15  6.47338e-26 -5.50344e-16 -4.00949e-25 -2.53086e-16   8.6399e-25  2.59123e-16 -1.36042e-24 -3.59236e-18  1.75634e-24 -7.01698e-17 -1.93259e-24  1.22277e-17  1.84055e-24  1.61544e-17 -1.52474e-24 -3.72203e-18  1.09736e-24 -3.58717e-18 -6.81632e-25  6.54591e-19  3.59619e-25  7.62505e-19  -1.5375e-25 -4.05609e-20  4.35353e-26 -1.39509e-19   4.8145e-27 -1.61103e-20 -1.89775e-26  1.83879e-20  1.67942e-26  6.07175e-21 -9.38696e-27 -1.08106e-21   3.1212e-27 -9.94142e-22 -8.11133e-29   -1.234e-22 -5.50668e-28  7.05986e-23  3.03958e-28  2.98577e-23  -5.8849e-29  1.86572e-24 -1.62862e-29  -1.7887e-24  1.30749e-29 -5.97285e-25 -2.69289e-30 -4.57793e-26 -3.36919e-31  2.05717e-26  2.59481e-31  7.24986e-27 -2.23351e-32  8.83448e-28 -1.08343e-32 -5.48786e-29  1.34104e-33 -3.85139e-29   7.4873e-34 -6.46202e-30 -1.73931e-34 -4.19884e-31 -1.30875e-36   3.6628e-32 -5.14649e-38  1.14748e-32  7.18394e-37  1.23637e-33 -1.03991e-39  6.30701e-35 -1.72009e-39 -2.92474e-37 -2.22917e-39 -2.57327e-37 -2.29726e-40 -1.65775e-38  3.71255e-41 -4.50651e-40  7.54004e-43 -4.33613e-42 -4.59064e-45
 9.66036e-36  2.91328e-24  4.12881e-35 -1.17156e-22 -3.68426e-35  2.47871e-21   7.5144e-35 -3.46886e-20 -1.07001e-33  3.54571e-19  1.87004e-32 -2.79675e-18  -1.8323e-31  1.76168e-17  1.41623e-30 -9.06537e-17 -9.05927e-30  3.87016e-16  4.91748e-29 -1.38499e-15 -2.30187e-28  4.18144e-15  9.39127e-28 -1.06834e-14 -3.36369e-27  2.30957e-14  1.06272e-26 -4.20875e-14 -2.96956e-26  6.41099e-14  7.34362e-26 -8.03768e-14 -1.60453e-25  8.06375e-14  3.08249e-25 -6.11596e-14 -5.15507e-25  3.01783e-14  7.35485e-25 -3.44574e-15 -8.55318e-25 -8.05557e-15  7.06969e-25  6.10073e-15  -1.2929e-25 -5.27165e-16 -9.31648e-25 -1.66588e-15  2.33872e-24  7.22265e-16 -3.76461e-24  2.79802e-16  4.80464e-24  -2.5057e-16 -5.15362e-24 -3.74843e-17  4.74708e-24  6.43379e-17 -3.78221e-24  6.57312e-18  2.60737e-24  -1.4038e-17 -1.55044e-24 -2.09292e-18  7.90491e-25  2.55534e-18 -3.38278e-25  6.90535e-19  1.08198e-25 -3.36589e-19 -5.90453e-27 -1.69082e-19 -2.96444e-26  1.74258e-20  3.10107e-26  2.71634e-20 -1.87105e-26  3.95681e-21  6.61403e-27 -2.25956e-21 -3.98226e-28 -9.93949e-22 -9.80448e-28 -3.17064e-23  5.49186e-28  8.11822e-23  -9.9617e-29  2.40006e-23 -3.18561e-29  3.91111e-25  2.28978e-29 -1.46701e-24 -4.18216e-30 -4.00599e-25 -7.43212e-31 -2.58212e-26  4.45834e-31  1.15839e-26 -2.92023e-32  3.71346e-27 -1.82106e-32  4.47398e-28  1.23157e-33 -9.26237e-30  1.38807e-33 -1.22578e-29 -2.41786e-34 -2.06641e-30 -8.89489e-36 -1.57301e-31 -2.68266e-36  1.22046e-33   1.4927e-36   1.6032e-33  5.64544e-38  1.75764e-34 -7.59714e-39  9.36977e-36 -3.67133e-39  1.92005e-37 -2.46902e-40 -5.26256e-39  3.57331e-41 -3.30744e-40  6.69304e-43 -3.99529e-42
 -1.1143e-24  3.68592e-35  7.95901e-23   9.3866e-35   -2.232e-21   7.5144e-35  3.79973e-20  6.49008e-34 -4.53439e-19 -1.30729e-32  4.07791e-18  1.66618e-31 -2.88525e-17 -1.48526e-30   1.6513e-16  1.05561e-29 -7.78933e-16  -6.2598e-29  3.06717e-15  3.17209e-28 -1.01663e-14 -1.39405e-27  2.85007e-14  5.36555e-27 -6.76876e-14 -1.82063e-26  1.35951e-13   5.4698e-26 -2.29628e-13 -1.45844e-25  3.22572e-13  3.45304e-25 -3.69429e-13 -7.24867e-25  3.32283e-13  1.34353e-24 -2.16199e-13  -2.1806e-24  7.73379e-14  3.05024e-24  1.60316e-14 -3.55701e-24 -3.76616e-14  3.17227e-24  1.62139e-14 -1.46422e-24  4.30918e-15 -1.60305e-24 -6.63222e-15  5.49135e-24  7.93569e-16 -9.19906e-24  1.66332e-15  1.16568e-23 -5.00312e-16 -1.22028e-23 -3.63696e-16   1.0867e-23  1.43041e-16 -8.30866e-24  8.08138e-17  5.45865e-24 -2.85361e-17 -3.08105e-24 -1.83401e-17  1.50386e-24  3.59854e-18 -6.43035e-25   3.7669e-18   2.3206e-25 -5.78421e-21 -4.40197e-26 -5.91225e-19 -3.48713e-26 -1.18922e-19  5.02278e-26  5.36818e-20  -3.3555e-26  2.73664e-20  1.26167e-26   5.5639e-22 -1.13651e-27 -2.72888e-21 -1.55083e-27 -7.61779e-22  8.81463e-28  3.58766e-23   -1.457e-28  6.89978e-23 -5.73566e-29  1.56744e-23  3.67019e-29 -2.17788e-25  -6.0041e-30 -9.19669e-25 -1.35532e-30 -2.18248e-25  6.96399e-31 -1.37768e-26 -3.71583e-32   4.7241e-27 -2.65103e-32  1.45614e-27  3.04234e-34  1.77174e-28  2.27357e-33  2.77796e-30 -2.84908e-34 -2.58646e-30 -2.49586e-35 -4.51295e-31 -7.21609e-36 -3.67108e-32  2.57322e-36  -9.7789e-34  1.44155e-37  1.05192e-34 -1.47785e-38  1.27808e-35 -4.91889e-39  6.10674e-37 -2.31505e-40  1.27854e-38  2.72234e-41  5.66007e-41  3.70925e-43
 2.29581e-35  -3.9794e-23  8.50263e-35  1.61938e-21    7.116e-35 -3.46886e-20  6.49008e-34  4.91777e-19  5.14769e-33 -5.09524e-18  -1.1569e-31  4.07641e-17  1.29952e-30 -2.60628e-16 -1.05831e-29  1.36235e-15  6.94202e-29 -5.91311e-15 -3.82753e-28  2.15348e-14   1.8143e-27 -6.62397e-14 -7.49655e-27  1.72652e-13  2.72479e-26 -3.81374e-13 -8.76531e-26  7.11548e-13  2.50523e-25 -1.11266e-12 -6.37477e-25   1.4375e-12  1.44465e-24  -1.4953e-12 -2.91131e-24  1.19017e-12  5.19724e-24  -6.3828e-13  -8.1595e-24  1.19001e-13  1.11174e-23  1.38222e-13 -1.28083e-23 -1.28594e-13  1.17403e-23  2.30422e-14 -6.92971e-24  3.04278e-14  -1.3371e-24 -1.78146e-14  1.12653e-23 -3.78091e-15 -2.01364e-23  5.71175e-15  2.54626e-23  1.34315e-16 -2.60558e-23 -1.43777e-15  2.24356e-23  3.00975e-17 -1.64265e-23  3.22291e-16  1.02198e-23  7.86973e-18 -5.40697e-24 -6.36367e-17  2.48727e-24 -8.74095e-18 -1.06111e-24  9.92396e-18   4.3816e-25  3.11151e-18 -1.36323e-25 -9.22057e-19 -2.13194e-26 -6.35332e-19  7.22328e-26  -2.2649e-20 -5.51079e-26  7.14087e-20  2.19794e-26  2.03175e-20 -2.54305e-27 -2.01682e-21 -2.19701e-27 -2.39957e-21  1.26832e-27 -4.66717e-22 -1.84015e-28  5.60664e-23 -9.50947e-29  4.59608e-23  5.44648e-29  8.57768e-24 -8.13974e-30 -2.30319e-25 -2.15815e-30 -4.48025e-25  1.01155e-30 -9.67455e-26 -4.88473e-32 -6.66602e-27 -3.48116e-32  1.34291e-27 -1.59687e-33  4.26484e-28  3.37764e-33  5.25297e-29 -2.82498e-34  2.17549e-30 -5.25457e-35   -3.154e-31 -1.31401e-35 -6.26434e-32  3.83184e-36 -5.09292e-33  2.44385e-37 -1.95311e-34 -2.13132e-38  4.41095e-37 -5.49562e-39  3.63192e-37   -1.872e-40  1.26804e-38  1.57599e-41   1.1591e-40
 1.28117e-23  3.22399e-35 -9.26024e-22  2.46401e-34  2.62929e-20 -1.07001e-33 -4.53439e-19  5.14769e-33  5.48482e-18  4.18826e-32 -5.00307e-17 -8.83084e-31  3.59284e-16  8.98292e-30 -2.08864e-15  -6.7187e-29  1.00158e-14  4.08125e-28 -4.01306e-14 -2.09714e-27  1.35492e-13  9.31389e-27 -3.87394e-13 -3.62249e-26    9.397e-13  1.24445e-25 -1.93118e-12 -3.79751e-25  3.34526e-12  1.03297e-24 -4.83465e-12 -2.50898e-24  5.72341e-12  5.44204e-24 -5.36501e-12 -1.05235e-23  3.70516e-12  1.80744e-23 -1.51426e-12 -2.73874e-23 -1.10195e-13  3.61882e-23  6.11621e-13 -4.08097e-23 -3.25823e-13  3.74904e-23 -3.75857e-14 -2.44441e-23  1.16909e-13  3.47449e-24 -2.69419e-14  2.01682e-23 -2.64938e-14 -3.98943e-23  1.22914e-14  5.06298e-23  5.28401e-15 -5.07577e-23 -3.40858e-15  4.23037e-23 -1.14704e-15 -2.96155e-23  7.28263e-16  1.73146e-23   2.8158e-16 -8.42254e-24 -1.15734e-16   3.5482e-24 -6.63162e-17 -1.50795e-24   9.6549e-18  7.38374e-25  1.23539e-17 -3.17651e-25  1.02617e-18  2.99037e-26 -1.48343e-18  9.31899e-26 -4.75271e-19 -8.40995e-26  5.79443e-20  3.53474e-26   6.5692e-20 -4.87138e-27   1.1394e-20 -2.77287e-27 -2.82062e-21  1.63487e-27 -1.65947e-21 -1.95444e-28 -2.37157e-22 -1.45538e-28    4.376e-23  7.55046e-29  2.46276e-23 -1.05988e-29   4.0036e-24 -3.10246e-30 -8.97722e-26  1.39174e-30 -1.68889e-25 -6.77229e-32 -3.43788e-26 -4.30532e-32 -2.66531e-27 -4.21677e-33   2.3623e-28  4.63265e-33     8.92e-29 -2.26709e-34  1.10472e-29  -9.2606e-35  6.17844e-31 -1.92245e-35 -1.20968e-32  5.03637e-36 -4.86866e-33    3.302e-37 -3.77533e-34 -2.52322e-38 -1.39179e-35 -5.16235e-39 -1.88237e-37 -1.26735e-40  1.43619e-39  6.08675e-42
 2.76674e-35  3.96568e-22 -9.18916e-35 -1.63394e-20  1.88191e-33  3.54571e-19 -1.30729e-32 -5.09524e-18  4.18826e-32  5.35444e-17  3.12814e-31 -4.34785e-16 -5.99274e-30  2.82347e-15   5.5693e-29 -1.50027e-14 -3.84225e-28  6.62528e-14  2.16748e-27  -2.4574e-13 -1.03995e-26  7.70731e-13  4.33299e-26 -2.05113e-12 -1.58769e-25   4.6336e-12  5.15828e-25 -8.85938e-12 -1.49386e-24   1.4235e-11  3.86864e-24 -1.89693e-11 -8.97157e-24   2.0475e-11  1.86269e-23 -1.71043e-11 -3.45575e-23  9.92562e-12  5.70658e-23 -2.52307e-12 -8.33292e-23 -1.64953e-12  1.06451e-22  1.96798e-12 -1.16764e-22 -5.37448e-13  1.05897e-22 -3.86196e-13 -7.18513e-23  3.10423e-13  2.16233e-23  2.14988e-14  3.10999e-23 -9.22301e-14 -7.20591e-23    9.341e-15  9.23744e-23   2.2521e-14 -9.10219e-23 -3.47452e-15   7.3624e-23 -5.13596e-15 -4.92768e-23  5.68636e-16  2.68299e-23  1.08964e-15 -1.16373e-23  8.50544e-18  4.22892e-24 -1.94666e-16 -1.78674e-24 -3.34684e-17  1.12178e-24  2.41797e-17 -6.24191e-25   9.8786e-18  1.38577e-25 -1.03533e-18  1.09345e-25  -1.4694e-18 -1.20737e-25 -2.47674e-19  5.29021e-26  8.89105e-20 -8.33777e-27  4.66715e-20 -3.03355e-27  4.79359e-21  1.86284e-27 -2.30376e-21 -1.58545e-28 -9.37021e-22  -2.0643e-28 -1.04162e-22  9.85157e-29  2.35773e-23 -1.34107e-29  1.06959e-23 -4.11949e-30  1.59418e-24  1.83801e-30 -7.37062e-27 -9.68428e-32 -4.81372e-26  -5.2421e-32 -9.50533e-27 -6.83562e-33 -8.10921e-28  5.93413e-33  1.41534e-29 -1.28576e-34  1.23484e-29  -1.4214e-34  1.53699e-30 -2.39201e-35  9.33902e-32  5.91041e-36  1.68427e-33   3.7613e-37 -1.57996e-34 -2.53558e-38 -1.20032e-35 -4.05662e-39 -3.11637e-37 -6.76866e-41 -2.24244e-39
-1.10816e-22  1.03505e-34  8.10995e-21 -1.74128e-33 -2.33277e-19  1.87004e-32  4.07791e-18  -1.1569e-31 -5.00307e-17  3.12814e-31  4.63186e-16  2.10101e-30 -3.37841e-15 -3.66255e-29  1.99634e-14  3.12759e-28 -9.73937e-14 -1.99741e-27  3.97389e-13  1.04882e-26  -1.3678e-12 -4.70577e-26  3.99195e-12  1.84111e-25 -9.89905e-12 -6.35933e-25  2.08351e-11  1.95469e-24 -3.70496e-11 -5.37385e-24  5.51409e-11  1.32527e-23 -6.75374e-11 -2.93512e-23  6.60177e-11  5.83444e-23 -4.83482e-11 -1.03854e-22  2.22272e-11  1.64835e-22 -8.57931e-13  -2.3172e-22 -7.37157e-12  2.85539e-22  4.84512e-12 -3.03231e-22  -5.6308e-14   2.6875e-22 -1.51849e-12 -1.83884e-22  5.39919e-13  7.03742e-23  2.96417e-13  3.97446e-23 -2.09901e-13 -1.19188e-22 -4.87688e-14  1.55452e-22  5.68942e-14  -1.5128e-22  9.61489e-15  1.19372e-22 -1.27202e-14 -7.65657e-23 -2.69476e-15  3.84495e-23  2.30968e-15 -1.41285e-23  7.84369e-16  3.78298e-24 -2.89247e-16  -1.5837e-24 -1.79215e-16  1.54923e-24  8.97762e-18 -1.08275e-24  2.72885e-17  3.16935e-25  5.11565e-18  1.19853e-25  -2.0352e-18 -1.64708e-25 -1.07702e-18  7.41226e-26 -7.58063e-20  -1.3093e-26  7.78253e-20  -2.6396e-27  2.69287e-20  1.80592e-27   1.4477e-21 -5.55439e-29 -1.37846e-21 -2.72657e-28 -4.40326e-22  1.21703e-28 -4.12614e-23 -1.65768e-29  9.31192e-24 -5.12617e-30  3.73874e-24  2.34627e-30  5.30963e-25 -1.38299e-31  1.00521e-26 -6.47946e-32  -9.8948e-27 -8.43685e-33 -1.95575e-27   7.1443e-33  -1.7583e-28 -1.58822e-35 -3.79503e-30 -1.93435e-34  9.76193e-31  -2.5953e-35  1.27578e-31  6.22585e-36  7.37513e-33  3.69046e-37  1.94197e-34 -2.17916e-38  -9.6405e-39 -2.61067e-39 -9.01892e-38 -2.46617e-41
-6.23878e-35 -3.04593e-21   1.2981e-33  1.27142e-19 -1.95334e-32 -2.79675e-18  1.66618e-31  4.07641e-17 -8.83084e-31 -4.34785e-16  2.10101e-30  3.58581e-15  1.27522e-29 -2.36691e-14 -2.03497e-28  1.27943e-13  1.60418e-27 -5.75318e-13 -9.51215e-27  2.17515e-12  4.65795e-26 -6.96215e-12  -1.9565e-25   1.8935e-11  7.19223e-25 -4.37873e-11 -2.34241e-24  8.58795e-11  6.81235e-24  -1.4193e-10 -1.77799e-23  1.95273e-10  4.17607e-23 -2.18894e-10 -8.83481e-23  1.91953e-10  1.68191e-22 -1.20104e-10 -2.87315e-22  3.82982e-11  4.38297e-22  1.37764e-11 -5.92796e-22 -2.30704e-11   7.0341e-22  8.60208e-12 -7.20551e-22  3.44258e-12  6.19318e-22 -4.06534e-12 -4.18984e-22  2.44366e-13  1.77657e-22  1.10954e-12  3.72281e-23 -2.64804e-13 -1.80693e-22 -2.57698e-13  2.41804e-22  8.24453e-14 -2.34126e-22  5.89976e-14   1.8184e-22 -1.66953e-14 -1.12467e-22 -1.34216e-14  5.16272e-23  1.92153e-15 -1.46601e-23  2.72511e-15  1.25444e-24  1.04965e-16  -5.1405e-25 -4.17636e-16  1.96142e-24 -1.01042e-16 -1.69862e-24  3.50955e-17  5.59427e-25  2.11194e-17  1.29632e-25  1.14626e-18 -2.15098e-25 -1.95267e-18  9.76554e-26  -6.2331e-19 -1.92176e-26  4.96484e-21 -1.20185e-27  5.03009e-20  1.32426e-27  1.30116e-20  1.21469e-28  2.79509e-22 -3.37051e-28 -6.41293e-22  1.42868e-28  -1.7319e-22 -2.00035e-29   -1.505e-23 -6.00828e-30   2.6765e-24  2.89678e-30     1.03e-24 -1.93709e-31  1.42529e-25 -8.13601e-32  5.80337e-27 -8.06563e-33 -1.33542e-27  8.10057e-33 -2.81102e-28  7.69593e-35 -2.54225e-29 -2.35445e-34 -9.97302e-31  -2.4819e-35  2.70676e-32  5.89105e-36   5.2683e-33  3.13673e-37  2.56207e-34 -1.58789e-38  5.14133e-36  -1.3079e-39  2.46454e-38
 7.52646e-22 -7.81971e-34 -5.58051e-20  1.61838e-32   1.6272e-18  -1.8323e-31 -2.88525e-17  1.29952e-30  3.59284e-16 -5.99274e-30 -3.37841e-15  1.27522e-29  2.50467e-14  7.05088e-29  -1.5056e-13 -1.03601e-27  7.47883e-13  7.56891e-27 -3.11015e-12 -4.17743e-26   1.0923e-11  1.91056e-25 -3.25706e-11 -7.51877e-25  8.26462e-11  2.59771e-24  -1.7833e-10 -7.97691e-24  3.25866e-10  2.19449e-23 -4.99956e-10 -5.43615e-23  6.34167e-10  1.21597e-22 -6.46859e-10 -2.45773e-22  5.02001e-10  4.48268e-22  -2.5665e-10 -7.35234e-22  3.46293e-11   1.0783e-21  6.80887e-11 -1.40274e-21  -5.5933e-11  1.60067e-21  7.09561e-12 -1.57662e-21  1.50184e-11  1.30564e-21 -7.66777e-12 -8.60803e-22 -2.26726e-12  3.79748e-22  2.67217e-12  1.03293e-23   1.9819e-13 -2.49964e-22 -7.06366e-13  3.46976e-22 -1.54159e-14 -3.38246e-22  1.62954e-13  2.62291e-22  1.02513e-14 -1.58197e-22 -3.25939e-14  6.60016e-23 -5.68561e-15 -1.19573e-23  5.05869e-15 -4.33674e-24   1.8169e-15  1.77578e-24 -4.41521e-16  2.30355e-24 -3.57358e-16 -2.44579e-24 -2.25312e-17  8.34375e-25   3.8581e-17   1.5061e-25  1.22723e-17 -2.70071e-25 -7.77323e-19  1.21379e-25 -1.34931e-18 -2.67271e-26 -2.95179e-19  1.62009e-27  2.26944e-20  3.31399e-28  2.57875e-20  3.67225e-28   5.3747e-21 -3.91882e-28  2.76919e-23  1.59367e-28 -2.35461e-22 -2.34578e-29 -5.65984e-23 -6.59175e-30 -4.92958e-24  3.44495e-30  5.24132e-25 -2.64973e-31  2.15656e-25 -1.01145e-31  2.93239e-26  -5.2363e-33   1.6468e-27  8.63687e-33 -9.14556e-29  1.22687e-34 -2.56548e-29 -2.57306e-34 -2.23986e-30 -2.09488e-35 -9.57632e-32  4.99229e-36 -1.07525e-33  2.29883e-37  7.03257e-35 -9.56251e-39  2.35596e-36 -4.44432e-40
 2.58148e-34   1.8658e-20 -1.08183e-32 -7.89531e-19  1.64719e-31  1.76168e-17 -1.48526e-30 -2.60628e-16  8.98292e-30  2.82347e-15 -3.66255e-29 -2.36691e-14  7.05088e-29  1.58931e-13  3.57809e-28 -8.74693e-13 -4.86554e-27  4.00845e-12  3.30541e-26 -1.54617e-11 -1.70163e-25  5.05529e-11  7.27752e-25 -1.40645e-10 -2.68479e-24  3.33275e-10  8.71799e-24 -6.71205e-10 -2.52308e-23  1.14218e-09  6.56202e-23 -1.62416e-09 -1.54197e-22  1.89248e-09  3.28369e-22 -1.74262e-09 -6.34152e-22  1.17232e-09  1.10866e-21 -4.47358e-10  -1.7471e-21 -7.15656e-11  2.46487e-21   2.1369e-10 -3.08437e-21 -1.03617e-10  3.38112e-21 -1.95568e-11 -3.19275e-21   4.1467e-11  2.53159e-21 -7.83121e-12 -1.60609e-21 -1.01569e-11  7.09863e-22  4.16588e-12 -5.52615e-23  2.15552e-12 -3.10911e-22 -1.22424e-12  4.55479e-22 -4.82961e-13 -4.56126e-22  2.69767e-13  3.60884e-22  1.18857e-13 -2.15814e-22 -4.31552e-14  8.18654e-23 -2.78804e-14 -5.02459e-24  3.30137e-15 -1.37473e-23  5.17891e-15  5.46747e-24   5.3849e-16  2.56124e-24 -6.13619e-16 -3.26269e-24 -2.14206e-16  1.08186e-24  2.04362e-17  1.99868e-25  2.86193e-17 -3.26364e-25  5.49185e-18   1.4272e-25 -1.10262e-18 -3.55516e-26 -7.38246e-19  5.97457e-27 -1.17776e-19 -1.16225e-27  1.60596e-20  6.65247e-28  1.07693e-20 -4.30458e-28  1.91805e-21  1.68035e-28  7.96129e-24 -2.65799e-29 -6.76561e-23 -6.63495e-30 -1.50502e-23  3.92088e-30 -1.36188e-24 -3.53788e-31  5.53376e-26 -1.20462e-31  3.24115e-26 -2.00089e-34  4.34158e-27  8.62187e-33  2.76897e-28  1.12144e-34  1.41981e-30 -2.52619e-34 -1.25171e-30 -1.54894e-35 -1.03668e-31   3.7636e-36 -3.76706e-33  1.43193e-37 -5.38304e-35 -4.50543e-39 -2.58474e-38
-4.12632e-21  5.34652e-33  3.10175e-19 -1.22305e-31 -9.17469e-18  1.41623e-30   1.6513e-16 -1.05831e-29 -2.08864e-15   5.5693e-29  1.99634e-14 -2.03497e-28  -1.5056e-13  3.57809e-28  9.21457e-13  1.67744e-27 -4.66455e-12 -2.12023e-26  1.97888e-11  1.34319e-25 -7.09825e-11 -6.46143e-25  2.16465e-10  2.58679e-24 -5.62627e-10 -8.94933e-24  1.24591e-09   2.7306e-23 -2.34209e-09  -7.4427e-23   3.7083e-09  1.82812e-22 -4.87637e-09 -4.07097e-22  5.19417e-09  8.24836e-22 -4.26949e-09 -1.52193e-21  2.40654e-09   2.5518e-21 -5.32564e-10 -3.86735e-21 -4.85141e-10  5.25387e-21  5.16524e-10 -6.32678e-21 -1.23251e-10  6.65754e-21 -1.13896e-10 -6.00898e-21  8.30007e-11  4.53131e-21  9.28845e-12 -2.72978e-21 -2.63142e-11  1.17376e-21  1.91868e-12 -1.67777e-22  6.71394e-12 -3.34257e-22 -8.74506e-13  5.35795e-22 -1.57828e-12 -5.72183e-22   1.4347e-13  4.76964e-22  3.42237e-13 -2.88713e-22  8.24543e-15  1.00368e-22 -6.21703e-14  6.66228e-24 -1.16994e-14 -2.72762e-23  7.77708e-15  1.04307e-23   3.3715e-15  2.79353e-24  -3.0585e-16 -4.05525e-24 -5.00089e-16  1.22117e-24 -9.04205e-17  2.94197e-25  2.92823e-17  -3.7886e-25  1.64181e-17  1.59188e-25  1.87735e-18 -4.54611e-26 -7.64235e-19  1.16699e-26 -3.32778e-19 -3.02971e-27 -4.08966e-20  9.94874e-28  7.23689e-21 -4.48232e-28  3.68459e-21  1.65369e-28  5.89219e-22 -2.89603e-29  8.93372e-24 -5.87483e-30  -1.4781e-23  4.24115e-30 -3.14485e-24 -4.59193e-31 -2.94785e-25 -1.33844e-31 -1.63092e-27  6.06614e-33  3.18008e-27  8.00631e-33  4.25614e-28  5.71286e-35  2.71978e-29 -2.22303e-34  6.91678e-31 -9.83511e-36 -2.01224e-32  2.49617e-36 -1.86356e-33  7.37353e-38 -3.97078e-35 -1.44212e-39
-1.73443e-33 -9.32304e-20  7.28419e-32  4.00229e-18 -1.14114e-30 -9.06537e-17  1.05561e-29  1.36235e-15  -6.7187e-29 -1.50027e-14  3.12759e-28  1.27943e-13 -1.03601e-27 -8.74693e-13  1.67744e-27  4.90577e-12  7.30562e-27 -2.29334e-11   -8.615e-26  9.03387e-11   5.1019e-25 -3.02022e-10 -2.29707e-24  8.60459e-10  8.61667e-24 -2.09161e-09  -2.7964e-23  4.33044e-09  8.01409e-23 -7.59627e-09 -2.05506e-22  1.11765e-08  4.76021e-22 -1.35502e-08 -1.00306e-21  1.31071e-08  1.93163e-21 -9.45932e-09 -3.40445e-21  4.19348e-09  5.47808e-21  3.95379e-11 -7.99491e-21 -1.58954e-09  1.04737e-20  9.85043e-10 -1.21489e-20  2.57392e-11  1.22658e-20 -3.35717e-10 -1.05482e-20  1.10896e-10  7.50389e-21  7.01682e-11 -4.22197e-21 -4.66457e-11  1.71218e-21 -1.22693e-11 -3.19106e-22  1.32428e-11 -2.74156e-22  2.48768e-12  5.36553e-22  -3.0677e-12  -6.6233e-22 -6.94292e-13   6.0974e-22  5.74086e-13 -3.81597e-22  2.03153e-13  1.23148e-22 -7.37021e-14  2.32155e-23 -4.72365e-14 -4.46125e-23  2.21297e-15  1.61328e-23  7.33769e-15  3.14439e-24  1.41447e-15  -4.7069e-24 -5.52902e-16  1.16845e-24 -3.00138e-16  4.42226e-25 -2.25986e-17 -4.20681e-25  2.16077e-17  1.69013e-25  7.68882e-18 -5.59379e-26  4.67989e-19  1.80869e-26 -3.79639e-19 -5.04533e-27 -1.25893e-19  1.33963e-27 -1.27966e-20 -4.43123e-28  2.34613e-21  1.48256e-28  1.02313e-21 -3.02496e-29  1.52547e-22 -4.13023e-30  4.88764e-24  4.33045e-30 -2.32119e-24 -5.74239e-31 -4.91075e-25 -1.36202e-31 -4.64478e-26  1.21612e-32 -1.48223e-27  6.85845e-33  1.66746e-28 -1.60665e-35  2.43742e-29 -1.74394e-34  1.40141e-30 -5.13155e-36  3.72151e-32  1.43124e-36  2.08799e-34   2.9726e-38  -4.7786e-36
  1.8602e-20 -3.28827e-32 -1.41869e-18  7.67056e-31  4.26016e-17 -9.05927e-30 -7.78933e-16  6.94202e-29  1.00158e-14 -3.84225e-28 -9.73937e-14  1.60418e-27  7.47883e-13 -4.86554e-27 -4.66455e-12  7.30562e-27  2.40867e-11  2.96975e-26 -1.04348e-10 -3.27732e-25  3.82684e-10  1.81819e-24 -1.19481e-09 -7.67354e-24   3.1846e-09  2.69975e-23 -7.24578e-09 -8.22156e-23  1.40287e-08  2.21197e-22   -2.295e-08 -5.32921e-22  3.13212e-08  1.16179e-21 -3.48686e-08 -2.31157e-21  3.03491e-08  4.22414e-21 -1.87363e-08 -7.10784e-21  5.64166e-09  1.09847e-20  2.58779e-09 -1.54653e-20 -3.88685e-09   1.9578e-20  1.37763e-09 -2.19078e-20   6.4285e-10  2.12188e-20  -7.1052e-10 -1.73239e-20  3.12189e-11  1.15057e-20  2.03774e-10 -5.90221e-21 -4.70147e-11  2.15683e-21 -4.90597e-11 -4.74584e-22  1.55854e-11 -6.60096e-23  1.15562e-11  3.86108e-22 -3.31112e-12  -6.9618e-22 -2.70433e-12  7.59325e-22   4.0296e-13 -4.99643e-22  5.66958e-13  1.51336e-22  1.93022e-14  4.46284e-23 -9.00412e-14  -6.4796e-23 -2.15377e-14   2.1642e-23  7.89713e-15   3.8179e-24  4.69011e-15  -5.0939e-24  2.37176e-16  8.61201e-25 -4.47136e-16  6.36852e-25 -1.42201e-16 -4.44165e-25  1.34301e-18  1.71671e-25  1.16501e-17 -6.60531e-26  3.03094e-18  2.42181e-26  7.45656e-20 -6.93869e-27 -1.46369e-19  1.69146e-27 -4.01565e-20  -4.1524e-28 -3.67989e-21  1.15233e-28   5.4951e-22 -3.02487e-29  2.25172e-22 -1.42092e-30  3.20302e-23  4.14544e-30  1.54665e-24 -6.84371e-31 -2.33668e-25 -1.25175e-31 -5.33556e-26  1.67253e-32 -4.91113e-27  5.36368e-33 -2.09702e-28 -7.88851e-35  1.61077e-30   -1.208e-34  6.47911e-31 -1.96017e-36  2.93567e-32  6.89356e-37  4.68158e-34  8.17283e-39
 9.68475e-33  3.85853e-19 -4.16706e-31 -1.68178e-17  6.65073e-30  3.87016e-16  -6.2598e-29 -5.91311e-15  4.08125e-28  6.62528e-14 -1.99741e-27 -5.75318e-13  7.56891e-27  4.00845e-12 -2.12023e-26 -2.29334e-11  2.96975e-26  1.09476e-10  1.13108e-25 -4.40875e-10 -1.17109e-24  1.50883e-09  6.09783e-24 -4.40703e-09 -2.41608e-23  1.10023e-08  7.98151e-23 -2.34458e-08 -2.28183e-22  4.24482e-08  5.76056e-22    -6.47e-08 -1.30188e-21  8.17035e-08   2.6644e-21 -8.30673e-08 -4.99105e-21  6.42032e-08  8.63436e-21 -3.24121e-08 -1.38585e-20   3.6584e-09  2.05892e-20  9.52216e-09 -2.80296e-20 -7.59759e-09  3.43879e-20  8.62784e-10  -3.7207e-20  2.16577e-09  3.45815e-20 -1.09411e-09 -2.66956e-20  -3.4152e-10  1.63177e-20   4.0053e-10 -7.33141e-21  2.98775e-11  2.19447e-21 -1.09965e-10 -5.68043e-22 -1.70278e-12  3.73233e-22  2.63024e-11 -2.04479e-24  1.39307e-12 -6.42766e-22  -5.4755e-12  9.28038e-22 -8.92745e-13 -6.46887e-22  8.92019e-13  1.84194e-22  3.07222e-13  7.11205e-23 -8.42311e-14 -8.62794e-23 -6.39307e-14  2.57442e-23 -3.19726e-15   5.0148e-24  7.28988e-15 -5.10397e-24  2.23253e-15  2.82963e-25 -1.76127e-16  8.51449e-25 -2.58767e-16 -4.42737e-25 -5.50191e-17  1.68093e-25  4.79342e-18 -7.44462e-26  4.98887e-18  2.88623e-26  1.02641e-18 -8.46576e-27  4.61126e-21  2.04697e-27 -4.46677e-20 -3.66436e-28 -1.07087e-20  6.78256e-29 -9.54367e-22 -2.89447e-29  8.68486e-23  1.96493e-30  3.77443e-23  3.69204e-30  5.17138e-24 -7.69663e-31  3.07656e-25  -1.0243e-31 -1.04784e-26   1.8874e-32 -3.61407e-27  3.77807e-33 -3.12123e-28 -1.12293e-34 -1.30945e-29 -7.27186e-35 -1.86265e-31 -3.01292e-37  4.26606e-33   2.6426e-37  1.07262e-34
-6.98206e-20  1.71684e-31  5.40705e-18 -4.09548e-30  -1.6498e-16  4.91748e-29  3.06717e-15 -3.82753e-28 -4.01306e-14  2.16748e-27  3.97389e-13 -9.51215e-27 -3.11015e-12  3.30541e-26  1.97888e-11   -8.615e-26 -1.04348e-10  1.13108e-25   4.6214e-10  4.04832e-25 -1.73481e-09  -3.9406e-24    5.552e-09  1.92916e-23 -1.51937e-08 -7.18757e-23  3.55637e-08  2.23239e-22 -7.10089e-08 -5.99551e-22  1.20179e-07  1.41969e-21  -1.7043e-07 -3.00444e-21  1.98487e-07  5.75444e-21 -1.82928e-07 -1.01094e-20  1.23071e-07  1.65004e-20 -4.63697e-08  -2.5224e-20  -8.9708e-09  3.60655e-20   2.4061e-08 -4.76287e-20 -1.16353e-08  5.68545e-20  -2.3445e-09 -5.96767e-20  4.89986e-09  5.32755e-20 -9.54964e-10  -3.8703e-20 -1.23691e-09  2.13275e-20  5.31956e-10   -7.756e-21  2.66931e-10  1.35903e-21  -1.6308e-10 -5.07807e-22 -6.08509e-11  1.14096e-21  3.77139e-11 -7.16567e-22  1.55299e-11 -4.79548e-22 -6.45045e-12  1.12156e-21 -3.84121e-12 -8.24183e-22  5.83516e-13  2.17978e-22  7.58018e-13  1.03275e-22  6.20154e-14 -1.07056e-22 -9.65272e-14  2.71657e-23 -3.12564e-14  6.84561e-24  4.00164e-15 -4.65533e-24  4.52945e-15 -5.20919e-25  8.02276e-16  1.04256e-24 -1.96086e-16 -4.13188e-25  -1.1875e-16  1.60418e-25 -1.78426e-17 -7.94944e-26  2.86071e-18  3.09429e-26  1.74753e-18 -9.46995e-27  3.01958e-19   2.3967e-27  1.10487e-22 -3.00087e-28 -1.07091e-20  1.12218e-29 -2.33467e-21 -2.64891e-29 -2.10648e-22  5.50735e-30  7.10857e-24  3.02946e-30  4.52884e-24 -8.10858e-31  5.99309e-25 -7.31713e-32  3.82596e-26  1.84306e-32   4.3857e-28  2.35112e-33 -1.24206e-28 -1.12564e-34 -9.92577e-30 -3.70272e-35 -3.20027e-31  2.66249e-37  -3.6924e-33  7.03278e-38
-4.59432e-32 -1.33614e-18  2.04066e-30  5.91827e-17 -3.32164e-29 -1.38499e-15  3.17209e-28  2.15348e-14 -2.09714e-27  -2.4574e-13  1.04882e-26  2.17515e-12 -4.17743e-26 -1.54617e-11  1.34319e-25  9.03387e-11 -3.27732e-25 -4.40875e-10  4.04832e-25  1.81729e-09  1.36466e-24 -6.37447e-09 -1.25093e-23  1.91125e-08  5.76745e-23 -4.90693e-08 -2.02409e-22  1.07771e-07  5.91977e-22 -2.01655e-07 -1.49493e-21  3.18836e-07  3.31963e-21 -4.19871e-07  -6.5665e-21  4.48991e-07  1.17271e-20 -3.71198e-07 -1.92238e-20  2.10434e-07  2.94592e-20  -4.5891e-08 -4.27882e-20 -4.51917e-08  5.89563e-20  4.83185e-08 -7.58602e-20   -1.186e-08  8.85946e-20 -1.09452e-08 -9.06324e-20  8.31216e-09  7.78559e-20  8.03631e-10 -5.29386e-20 -2.71475e-09  2.54835e-20  2.63081e-10 -6.12377e-21   7.1174e-10  -9.2957e-22  -1.1616e-10 -1.97147e-22 -1.72992e-10  2.33995e-21  2.21648e-11 -1.82901e-21  3.92988e-11 -2.02803e-22 -4.30162e-13  1.34927e-21 -7.59508e-12 -1.02733e-21    -1.18e-12  2.45649e-22   1.0372e-12  1.41779e-22  4.00844e-13 -1.24833e-22 -5.50455e-14  2.48551e-23 -6.55609e-14  9.25024e-24 -1.02034e-14 -3.71315e-24  4.38549e-15 -1.44386e-24  2.17607e-15  1.15956e-24   2.0755e-16 -3.57461e-25 -1.13714e-16  1.51312e-25 -4.50522e-17 -7.96807e-26  -5.0079e-18  2.98514e-26  1.10091e-18 -9.91034e-27  5.03945e-19  2.71367e-27  7.69779e-20 -2.21122e-28  7.31781e-22 -4.63527e-29 -1.95962e-21 -2.31459e-29 -4.00922e-22  8.59583e-30 -3.66778e-23  2.25846e-30 -2.84308e-25 -7.96526e-31   3.5091e-25 -4.40885e-32  4.54177e-26  1.58919e-32  2.78125e-27  1.25222e-33  7.14007e-29 -8.91648e-35 -1.10879e-30 -1.51685e-35 -1.05669e-31   2.7188e-37 -1.41501e-33
 2.19937e-19 -7.69282e-31 -1.73118e-17  1.88447e-29   5.3725e-16 -2.30187e-28 -1.01663e-14   1.8143e-27  1.35492e-13 -1.03995e-26  -1.3678e-12  4.65795e-26   1.0923e-11 -1.70163e-25 -7.09825e-11   5.1019e-25  3.82684e-10 -1.17109e-24 -1.73481e-09  1.36466e-24  6.67439e-09  4.33938e-24 -2.19242e-08 -3.75117e-23  6.16857e-08  1.63149e-22 -1.48747e-07 -5.40346e-22   3.0672e-07  1.49074e-21 -5.37802e-07   -3.544e-21   7.9357e-07  7.38059e-21 -9.67907e-07 -1.36222e-20  9.44727e-07   2.2589e-20 -6.90029e-07 -3.43264e-20  3.10592e-07  4.90421e-20  2.84924e-09 -6.74106e-20 -1.22559e-07  8.96529e-20  7.85801e-08 -1.13097e-19  7.99909e-10  1.30219e-19 -2.73461e-08  -1.3067e-19  9.89793e-09  1.08333e-19  5.67267e-09 -6.85257e-20 -4.23747e-09  2.73696e-20 -9.38261e-10 -1.19925e-21  1.24279e-09 -5.27188e-21   1.8032e-10  4.32194e-22 -3.01394e-10  4.06437e-21 -5.42661e-11 -3.37155e-21  6.02732e-11  1.64042e-22  1.80143e-11  1.62292e-21 -8.65684e-12 -1.24601e-21 -4.67683e-12  2.57787e-22   4.7218e-13    1.868e-22  8.05055e-13 -1.37249e-22  1.25103e-13  1.82573e-23 -7.04232e-14  1.19586e-23 -3.26998e-14 -2.29971e-24 -1.39631e-15 -2.33789e-24  2.69213e-15  1.15896e-24  8.52925e-16 -2.83061e-25  3.08541e-17  1.43054e-25 -4.80086e-17 -7.40646e-26 -1.44111e-17  2.56904e-26 -1.27038e-18 -9.85019e-27  3.08679e-19  2.94957e-27  1.18501e-19 -1.36023e-28  1.66501e-20 -9.56109e-29  4.29379e-22   -1.924e-29 -2.58845e-22  1.07182e-29 -5.13829e-23  1.49652e-30 -4.64681e-24 -7.27709e-31  -1.4534e-25 -2.07985e-32  1.41153e-26  1.21734e-32  1.95008e-27  5.34939e-34   1.0182e-28 -5.71917e-35  2.36999e-30 -4.46918e-36  1.28109e-32  1.21931e-37
 1.87051e-31  3.89511e-18 -8.63704e-30 -1.75514e-16  1.43822e-28  4.18144e-15 -1.39405e-27 -6.62397e-14  9.31389e-27  7.70731e-13 -4.70577e-26 -6.96215e-12  1.91056e-25  5.05529e-11 -6.46143e-25 -3.02022e-10  1.81819e-24  1.50883e-09  -3.9406e-24 -6.37447e-09  4.33938e-24  2.29489e-08  1.30301e-23 -7.07325e-08 -1.06355e-22  1.87025e-07  4.37095e-22 -4.23982e-07 -1.36889e-21  8.21143e-07  3.56933e-21 -1.34874e-06 -7.99955e-21  1.85467e-06  1.56289e-20 -2.08786e-06 -2.68726e-20  1.84489e-06  4.11851e-20 -1.16273e-06 -5.75316e-20  3.63681e-07  7.58414e-20  1.59722e-07 -9.79961e-20 -2.55324e-07  1.26047e-19   9.7488e-08 -1.57328e-19  4.05288e-08  1.80557e-19 -5.04706e-08   -1.793e-19  4.15975e-09  1.44115e-19  1.45842e-08 -8.42459e-20 -4.16861e-09  2.54204e-20 -3.53306e-09  8.22076e-21  1.40579e-09 -1.21502e-20  8.51631e-10  1.38125e-21 -3.22287e-10  6.38154e-21 -2.10507e-10 -5.31755e-21  4.78083e-11  5.68048e-22  4.78377e-11  1.95336e-21 -1.16084e-12 -1.46395e-21 -8.41119e-12   2.4462e-22 -1.56917e-12  2.37247e-22  8.72704e-13 -1.42161e-22  4.22393e-13    7.499e-24  8.34261e-16  1.45167e-23 -4.67924e-14 -4.95339e-25 -1.27309e-14 -3.04869e-24  7.44092e-16  1.01866e-24  1.22983e-15 -2.01646e-25  2.81334e-16  1.36662e-25 -1.92767e-18 -6.26732e-26  -1.5885e-17  1.93098e-26  -3.9091e-18 -9.41616e-27 -3.02309e-19  3.04372e-27  6.36781e-20 -5.24362e-29  2.21705e-20 -1.28879e-28  2.93404e-21 -1.51193e-29  1.23493e-22  1.16128e-29 -2.21463e-23  8.47368e-31 -4.55118e-24 -6.17672e-31 -3.90637e-25 -6.03299e-33 -1.55849e-26  8.26204e-33  8.35291e-29  1.50456e-34   3.6114e-29 -2.93163e-35  1.32598e-30 -6.27109e-37  1.28468e-32
-5.83948e-19  2.97957e-30  4.67703e-17 -7.53836e-29 -1.47799e-15  9.39127e-28  2.85007e-14 -7.49655e-27 -3.87394e-13  4.33299e-26  3.99195e-12  -1.9565e-25 -3.25706e-11  7.27752e-25  2.16465e-10 -2.29707e-24 -1.19481e-09  6.09783e-24    5.552e-09 -1.25093e-23 -2.19242e-08  1.30301e-23  7.40285e-08  3.69748e-23 -2.14474e-07 -2.85302e-22  5.33623e-07  1.10989e-21 -1.13817e-06 -3.29358e-21  2.07079e-06  8.13249e-21 -3.18417e-06 -1.72082e-20  4.07243e-06  3.15571e-20 -4.21164e-06 -5.04809e-20   3.3303e-06  7.11531e-20 -1.74045e-06 -9.03917e-20   2.3295e-07  1.08224e-19  5.06854e-07 -1.29879e-19 -4.35476e-07  1.61965e-19  6.55762e-08 -2.02964e-19  1.21999e-07   2.3598e-19 -7.06099e-08 -2.34732e-19 -1.69895e-08  1.84108e-19  2.59374e-08 -9.88066e-20  3.45787e-10   1.8246e-20 -7.27507e-09  2.30268e-20  3.69167e-10 -2.17734e-20  1.81344e-09  2.55323e-21 -2.86059e-11  9.31143e-21  -4.0392e-10  -7.5715e-21  -3.8384e-11  9.33066e-22  7.29187e-11   2.3455e-21  1.93967e-11 -1.66059e-21 -8.42091e-12   1.9859e-22 -4.82928e-12  2.90306e-22  6.54847e-14 -1.37986e-22  6.45688e-13 -6.57601e-24  1.60143e-13  1.63804e-23 -2.65323e-14  1.57069e-24 -2.27577e-14  -3.4554e-24 -3.95821e-15  7.46953e-25  6.68311e-16 -1.26154e-25  4.50541e-16  1.31423e-25  7.99259e-17 -4.66355e-26 -2.63996e-18  1.21067e-26 -4.19498e-18 -8.74875e-27 -8.92147e-19   2.9433e-27 -6.68987e-20  2.17191e-29  9.21622e-21 -1.42372e-28  3.16712e-21 -1.11242e-29  3.97536e-22  1.13206e-29  2.11878e-23  3.75291e-31  -9.0813e-25 -4.87067e-31 -2.47583e-25  6.66593e-34 -1.91838e-26   4.9165e-33 -7.12866e-28 -5.07835e-36 -8.79222e-30 -1.14109e-35  1.28807e-31  1.26257e-37
-6.55004e-31 -9.58503e-18  3.17945e-29  4.39922e-16 -5.44174e-28 -1.06834e-14  5.36555e-27  1.72652e-13 -3.62249e-26 -2.05113e-12  1.84111e-25   1.8935e-11 -7.51877e-25 -1.40645e-10  2.58679e-24  8.60459e-10 -7.67354e-24 -4.40703e-09  1.92916e-23  1.91125e-08 -3.75117e-23 -7.07325e-08  3.69748e-23  2.24474e-07  9.92077e-23 -6.12286e-07 -7.24546e-22  1.43511e-06  2.67293e-21 -2.88172e-06 -7.53099e-21  4.92522e-06   1.7642e-20 -7.08293e-06 -3.52935e-20  8.40299e-06  6.07893e-20 -7.93335e-06 -9.03787e-20  5.51825e-06  1.16564e-19 -2.21419e-06 -1.32822e-19 -3.21204e-07  1.40798e-19  1.12008e-06 -1.53228e-19 -6.02141e-07  1.85853e-19 -8.09463e-08 -2.39992e-19  2.47835e-07  2.90049e-19 -6.43997e-08 -2.93912e-19 -6.06028e-08  2.26957e-19  3.31225e-08 -1.11173e-19  1.24007e-08  4.98745e-21 -1.03597e-08  4.35162e-20 -2.77332e-09 -3.39481e-20  2.54504e-09  3.74625e-21   7.6578e-10  1.28069e-20 -4.88177e-10 -9.97315e-21 -2.16238e-10  1.17457e-21  5.96338e-11   2.7933e-21  4.90826e-11 -1.81401e-21  3.00734e-13  1.16612e-22 -7.34259e-12   3.4156e-22 -1.81602e-12 -1.24047e-22  4.66242e-13 -2.25431e-23  3.32114e-13  1.70547e-23   4.1738e-14  3.73738e-24 -1.94724e-14 -3.50191e-24 -8.84752e-15  3.82949e-25 -9.93997e-16 -6.74558e-26   3.0384e-16  1.24987e-25  1.36068e-16  -2.7981e-26   1.9891e-17  5.64608e-27   -7.902e-19 -7.96324e-27 -8.77503e-19  2.62641e-27 -1.67398e-19  7.95179e-29 -1.28704e-20 -1.37106e-28  8.06959e-22 -7.55206e-30  3.24282e-22  1.01243e-29   3.8401e-23  9.35442e-32  2.19677e-24 -3.57073e-31  1.49153e-26  1.87782e-33  -6.6541e-27   2.5137e-33 -4.41126e-28 -3.87097e-35 -1.11747e-29 -2.95543e-36 -7.68624e-32
