 3.32241e-34  3.77648e-51 -1.96884e-34 -1.11785e-49  -7.6683e-36  1.71415e-48  1.05901e-35 -3.76713e-48  1.92489e-35  5.24028e-47 -2.18941e-35  3.62107e-47  2.49408e-36 -8.03011e-46    1.043e-35  8.95961e-46 -2.59676e-36  3.24169e-45 -3.01032e-36  4.74684e-45  1.84269e-36  7.25968e-44  3.36402e-37 -3.01909e-45 -3.97986e-37  2.05319e-43   -8.228e-38 -1.26122e-43  1.62665e-37  4.93925e-43 -4.63696e-37  -1.1095e-42  1.65254e-36 -1.62483e-43  -7.8357e-36  1.52926e-44  3.43879e-35 -2.50021e-42 -1.36389e-34 -1.30076e-42  4.91179e-34 -4.42619e-43 -1.60644e-33 -9.11384e-43  4.76895e-33  1.73256e-42  -1.2835e-32 -2.79519e-42  3.12591e-32  8.81563e-42   -6.871e-32 -1.95204e-41  1.35826e-31  4.02742e-41  -2.4033e-31 -6.21421e-41  3.78229e-31  2.57391e-41 -5.24939e-31  2.89264e-40  6.34845e-31 -1.50646e-39 -6.57261e-31  5.08581e-39  5.66097e-31 -1.39488e-38 -3.84436e-31  3.30933e-38   1.8007e-31 -6.97069e-38 -2.71273e-32  1.32041e-37 -3.92755e-32 -2.26458e-37  3.74062e-32  3.52912e-37 -1.21364e-32 -5.00565e-37 -3.81248e-33  6.46456e-37  5.11349e-33 -7.59762e-37 -1.27341e-33  8.11641e-37 -6.19479e-34 -7.86803e-37  3.60936e-34   6.9071e-37  1.01321e-34 -5.47865e-37 -1.32753e-34  3.91749e-37  3.84439e-35 -2.51996e-37  -7.3655e-36  1.45579e-37   7.7285e-36 -7.54454e-38 -5.13056e-36  3.50454e-38  1.59695e-36 -1.45695e-38  -3.3725e-37   5.3977e-39  9.05716e-38 -1.76362e-39  -1.7027e-38  4.97791e-40 -2.13373e-39 -1.17081e-40  1.70329e-39  2.15766e-41  -4.2469e-40 -2.75043e-42  8.46346e-41  1.51452e-43  -1.2681e-41  2.05427e-44  1.14214e-42 -5.33673e-45 -6.76919e-44  4.87551e-46  2.85133e-45 -1.89425e-47 -4.37654e-47  2.01239e-49
 3.77648e-51  4.85328e-34  1.88494e-50  -1.9037e-34 -1.69435e-48 -8.37865e-35  2.38171e-47  7.17178e-35 -3.08631e-47  1.08887e-35   4.7617e-46 -4.09621e-35  8.77325e-46  9.70036e-36 -6.76544e-45  1.93956e-35  8.02285e-45 -5.91971e-36  3.08413e-44 -4.75501e-36  3.94347e-44  2.92055e-36  5.38746e-43  1.07363e-36   1.0521e-43 -4.75028e-37  1.42582e-42 -8.08695e-37 -7.45548e-43  2.46423e-36  3.34478e-42 -1.19781e-35 -6.75831e-42  5.83981e-35 -2.14533e-42 -2.67633e-34  8.13378e-43  1.11468e-33 -1.55041e-41 -4.21485e-33 -8.38738e-42  1.44764e-32 -2.44256e-43   -4.515e-32 -1.13004e-41  1.27756e-31  2.85139e-41 -3.27472e-31 -8.26943e-41  7.58689e-31  2.57517e-40 -1.58387e-30 -7.10772e-40  2.96726e-30  1.80917e-39 -4.96132e-30 -4.16236e-39  7.34955e-30  8.50096e-39 -9.54918e-30 -1.49025e-38  1.07258e-29   2.0634e-38 -1.01853e-29 -1.58326e-38  7.86929e-30 -2.30636e-38  -4.5616e-30  1.40039e-37  1.52066e-30 -4.01085e-37  2.84626e-31  8.82979e-37 -7.29485e-31 -1.64381e-36  4.12147e-31  2.67942e-36 -3.37704e-32 -3.88458e-36 -9.57967e-32  5.04765e-36  5.23896e-32 -5.89968e-36  1.82917e-33  6.20995e-36 -1.12294e-32  -5.8851e-36  1.91548e-33  5.01531e-36  2.16956e-33 -3.83658e-36 -1.05348e-33  2.62928e-36  6.17733e-35 -1.61146e-36 -1.94682e-35  8.82361e-37  7.38523e-35 -4.31703e-37 -3.54207e-35  1.88985e-37   7.1633e-36 -7.41352e-38 -1.65831e-36  2.60234e-38  6.44722e-37 -8.09848e-39 -9.15816e-38  2.18407e-39 -1.56053e-38 -4.89867e-40   6.2469e-39  8.53417e-41 -1.32505e-39  -1.0118e-41  2.86671e-40   5.0326e-43 -3.57423e-41  6.14392e-44  2.34593e-42 -1.32449e-44 -1.30187e-43  9.17259e-46  4.56055e-45  -2.1334e-47 -3.05903e-47
-1.96884e-34  1.88494e-50  4.70479e-34  3.41863e-49 -1.65907e-34 -1.73169e-47 -1.41397e-34  2.02931e-46  1.19066e-34  -9.5448e-47 -1.17309e-35  2.84896e-45 -5.54027e-35  9.33944e-45  1.60428e-35 -3.80874e-44  2.92268e-35  5.08536e-44 -1.20188e-35  1.98017e-43  -3.9277e-36  2.37731e-43  2.68807e-36  2.74336e-42  1.94646e-36  1.22241e-42  1.39934e-36  6.56403e-42 -1.07838e-35 -3.01245e-42  5.66682e-35  1.53133e-41 -2.97472e-34 -2.75471e-41  1.43003e-33 -1.42521e-41 -6.25331e-33  6.32584e-42   2.4829e-32 -6.52794e-41 -8.95481e-32 -4.02622e-41  2.93354e-31  2.23566e-41 -8.72373e-31 -1.26387e-40  2.35216e-30  3.99222e-40 -5.73951e-30 -1.29754e-39  1.26411e-29   4.0106e-39  -2.5041e-29 -1.13441e-38  4.44032e-29   2.9545e-38 -7.00369e-29  -7.0506e-38  9.74241e-29  1.53301e-37  -1.1809e-28  -3.0118e-37  1.22529e-28  5.27252e-37  -1.0574e-28 -8.01308e-37  7.18957e-29  9.96322e-37 -3.36281e-29 -8.31187e-37  4.89717e-30 -1.47712e-37  7.57971e-30  2.48684e-36 -7.16077e-30 -6.61072e-36  2.31224e-30  1.25134e-35  7.41566e-31 -1.95043e-35 -9.79563e-31  2.62115e-35  2.29514e-31 -3.09596e-35  1.38069e-31  3.24208e-35 -8.39883e-32 -3.02105e-35  -1.0255e-32  2.50712e-35  1.93034e-32 -1.85174e-35 -3.06169e-33   1.2155e-35 -1.13907e-33 -7.08138e-36 -2.76503e-34  3.66029e-36  4.97127e-34 -1.68143e-36 -1.31025e-34   6.8947e-37  1.39727e-35 -2.53904e-37 -8.09643e-36  8.42504e-38  3.09253e-36  -2.4999e-38  -1.6371e-37  6.45996e-39 -6.78553e-38 -1.38366e-39  1.05349e-38  2.27112e-40 -3.07106e-39 -2.47095e-41  7.12225e-40  1.04033e-42 -5.72922e-41  1.31235e-43  2.83186e-42 -2.18435e-44 -1.87137e-43  1.06177e-45  3.57541e-45 -1.08982e-47
-1.11785e-49  -1.9037e-34  3.41863e-49  4.51131e-34  4.86559e-48 -1.55991e-34 -1.26336e-46  -1.7437e-34  1.27431e-45  1.65319e-34  6.53257e-46 -4.33128e-35  1.26255e-44 -6.13846e-35  6.80635e-44  1.32783e-35 -1.65721e-43  4.33263e-35  2.56741e-43 -2.44163e-35  1.01532e-42  1.81878e-36  1.14246e-42  9.14295e-37  1.09771e-41 -1.92567e-36  8.05301e-42  3.58787e-35  2.26377e-41 -2.15687e-34 -9.53331e-42  1.19549e-33  5.47788e-41 -6.05256e-33 -8.61641e-41  2.78024e-32 -6.66218e-41 -1.15928e-31  2.91321e-41  4.39035e-31  -2.1101e-40 -1.51045e-30 -1.84367e-40  4.71923e-30  2.89125e-40 -1.33785e-29 -1.22898e-39  3.43598e-29  4.23222e-39 -7.97691e-29 -1.39952e-38  1.66888e-28  4.29517e-38 -3.13355e-28 -1.21356e-37  5.25161e-28    3.159e-37 -7.79834e-28 -7.56166e-37  1.01572e-27  1.65972e-36 -1.14368e-27 -3.32698e-36  1.08863e-27  6.05354e-36 -8.42785e-28 -9.90209e-36  4.88978e-28  1.43234e-35 -1.62196e-28 -1.77449e-35 -3.23754e-29   1.7421e-35   8.0114e-29 -9.92917e-36 -4.51353e-29 -7.48781e-36  3.56931e-30  3.50645e-35  1.06372e-29 -6.91083e-35 -5.75532e-30  1.02222e-34  -3.0252e-31 -1.25662e-34  1.34126e-30  1.32959e-34 -2.73575e-31 -1.22858e-34 -2.04255e-31  9.97333e-35  9.02015e-32 -7.12489e-35  1.19054e-32  4.47782e-35 -8.02171e-33 -2.47352e-35 -3.77294e-33  1.20118e-35  2.18014e-33 -5.14483e-36 -1.68191e-34  1.95998e-36  1.38708e-35 -6.72935e-37 -4.29758e-35  2.10572e-37  9.03483e-36 -5.97569e-38  5.02517e-37  1.48752e-38 -1.13332e-37 -3.05124e-39  4.30334e-40  4.70234e-40 -8.25503e-39 -4.62597e-41  1.28467e-39  1.52001e-42 -4.20947e-41  2.24145e-43  3.43474e-42 -2.70778e-44 -2.00492e-43  8.28628e-46  6.38049e-46
 -7.6683e-36 -1.69435e-48 -1.65907e-34  4.86559e-48  4.60726e-34  4.48711e-47 -1.77121e-34 -6.62355e-46 -2.06135e-34  6.26223e-45   2.0931e-34  1.17232e-44 -6.85621e-35  4.05126e-44 -5.46053e-35  3.90082e-43 -4.97122e-36 -5.90504e-43  6.52662e-35  1.05321e-42 -4.56622e-35  4.50096e-42   1.1622e-35  4.46614e-42  1.04667e-35  3.61856e-41 -1.01496e-34  3.98919e-41   6.8855e-34  5.95178e-41 -4.03876e-33 -2.49294e-41  2.15154e-32  1.62456e-40 -1.03881e-31 -2.16211e-40  4.54979e-31 -2.46457e-40 -1.80939e-30  9.48396e-41  6.53693e-30 -5.32092e-40 -2.14533e-29 -8.74664e-40  6.39196e-29  2.36151e-39 -1.72692e-28 -9.58566e-39  4.22278e-28   3.4271e-38 -9.32122e-28 -1.14156e-37  1.85075e-27  3.49992e-37 -3.28978e-27 -9.86879e-37  5.20207e-27  2.56042e-36 -7.25519e-27 -6.10812e-36  8.81764e-27  1.33787e-35 -9.17351e-27 -2.68413e-35  7.93665e-27  4.91494e-35 -5.40747e-27 -8.16971e-35  2.52954e-27  1.22245e-34 -3.59103e-28 -1.62411e-34 -5.85793e-28  1.86819e-34  5.50895e-28  -1.7606e-34 -1.77327e-28  1.14278e-34 -5.83382e-29  9.11366e-37  7.63555e-29 -1.51688e-34 -1.75685e-29  3.02311e-34 -1.12929e-29 -4.11909e-34    6.949e-30   4.5213e-34  6.08232e-31 -4.19549e-34  -1.3914e-30  3.35224e-34  1.38356e-31 -2.32234e-34  1.57634e-31  1.39733e-34 -1.10154e-32 -7.29957e-35 -2.57501e-32  3.31176e-35  4.92633e-33 -1.31087e-35  7.72271e-34  4.58752e-36  1.83391e-34 -1.45418e-36 -1.73426e-34  4.28093e-37  8.38443e-36 -1.16943e-37   3.0896e-36  2.82974e-38   3.0224e-37 -5.58183e-39 -5.72345e-39  8.04209e-40 -2.24992e-38 -7.03151e-41  1.12008e-39  1.59317e-42  5.58148e-42  3.11722e-43  6.06358e-42 -2.58129e-44 -8.33981e-44  4.05037e-46
 1.71415e-48 -8.37865e-35 -1.73169e-47 -1.55991e-34  4.48711e-47  5.31272e-34  3.00409e-46 -2.23314e-34 -2.24244e-45 -2.40078e-34  2.44475e-44  2.26936e-34  9.93109e-44 -7.48893e-35  6.59788e-44 -3.21752e-35  1.87931e-42 -3.93093e-35 -1.76555e-42  9.67884e-35  3.40985e-42  -7.1486e-35  1.80767e-41 -7.89303e-36  1.41762e-41  2.67387e-34  9.97515e-41 -1.89992e-33  1.63258e-40   1.1831e-32  1.10388e-40 -6.63453e-32 -5.55755e-41  3.36806e-31  4.11757e-40 -1.54988e-30 -4.31593e-40  6.47327e-30  -7.8147e-40 -2.45578e-29  2.82162e-40  8.46441e-29 -1.15563e-39 -2.64977e-28 -3.50901e-39  7.52723e-28  1.30502e-38  -1.9374e-27 -5.60661e-38   4.5081e-27  2.11526e-37 -9.45419e-27 -7.24512e-37  1.77962e-26  2.25602e-36 -2.99036e-26 -6.41287e-36  4.45267e-26  1.66838e-35 -5.81598e-26 -3.97705e-35  6.56767e-26  8.68683e-35 -6.26964e-26 -1.73687e-34  4.86703e-26  3.17234e-34 -2.82946e-26 -5.27485e-34  9.36484e-27   7.9426e-34  1.95775e-27 -1.07415e-33 -4.73863e-27  1.28728e-33  2.66923e-27 -1.33434e-33   -2.057e-28   1.1357e-33 -6.39021e-28 -6.78849e-34  3.45375e-28  4.60697e-35  2.00338e-29    6.025e-34 -8.29932e-29 -1.09135e-33   1.7692e-29  1.30645e-33  1.18966e-29 -1.24114e-33 -5.09055e-30  9.84369e-34 -1.07671e-30 -6.63594e-34  6.96334e-31  3.82383e-34  1.43406e-31 -1.88415e-34 -9.79315e-32  7.93577e-35 -4.47355e-33 -2.86999e-35  3.85433e-33  9.07862e-36  1.64927e-33 -2.61753e-36 -4.02332e-34   7.2338e-37 -4.47034e-35 -1.92676e-37  2.73894e-36  4.59763e-38  1.93383e-36 -8.76499e-39  1.67004e-37  1.17324e-39 -3.88272e-38 -8.92902e-41 -1.04246e-39   1.0881e-42 -3.34442e-41  3.49318e-43  7.25201e-42 -1.83194e-44  5.74455e-44
 1.05901e-35  2.38171e-47 -1.41397e-34 -1.26336e-46 -1.77121e-34  3.00409e-46  6.60569e-34   1.5341e-45 -2.72091e-34 -1.25473e-45 -2.55961e-34  7.35284e-44    1.981e-34  6.20616e-43 -6.24193e-35 -2.51289e-43  6.27379e-36  7.90581e-42 -8.53799e-35 -4.40597e-42  1.30429e-34  7.66929e-42 -3.06881e-35  6.74913e-41 -5.99524e-34  3.54888e-41  4.66169e-33  2.27697e-40 -3.06353e-32  5.77679e-40  1.81059e-31  7.85072e-41 -9.66854e-31 -1.06408e-40  4.67611e-30  8.93324e-40  -2.0515e-29 -5.56444e-40  8.17303e-29 -2.49487e-39 -2.95827e-28  1.90015e-39  9.72791e-28 -5.88118e-39 -2.90448e-27   -1.597e-39  7.86441e-27  2.91186e-38 -1.92755e-26 -1.97382e-37  4.26527e-26  9.09629e-37 -8.49073e-26 -3.46021e-36  1.51336e-25  1.14405e-35 -2.39986e-25 -3.36776e-35  3.35697e-25  8.93483e-35  -4.0925e-25 -2.15053e-34  4.27114e-25  4.71199e-34 -3.70695e-25 -9.41137e-34  2.53306e-25   1.7131e-33 -1.18698e-25 -2.83687e-33  1.65873e-26  4.25951e-33  2.80885e-26 -5.76688e-33 -2.63952e-26  6.97842e-33  8.50269e-27 -7.43797e-33  2.84496e-27    6.798e-33 -3.71939e-27 -5.02154e-33  8.55845e-28  2.47727e-33  5.60989e-28  1.63878e-34 -3.48341e-28  -2.2062e-33 -2.73722e-29  3.23047e-33  6.78311e-29  -3.2406e-33 -5.63006e-30  2.58018e-33 -8.91716e-30 -1.69991e-33  1.07355e-30  9.38785e-34   1.0907e-30 -4.35259e-34 -1.60028e-31  1.69008e-34 -7.48788e-32 -5.50425e-35  5.97941e-34  1.53618e-35  6.92308e-33 -3.92809e-36 -1.04407e-34   1.0178e-36 -1.86076e-34  -2.7118e-37 -2.40434e-35  6.52361e-38  3.14379e-36 -1.20754e-38  7.60386e-37   1.4872e-39 -1.33356e-38 -9.59682e-41 -3.44557e-39   2.0712e-43 -2.20036e-40  3.07246e-43  1.65374e-42 -8.51328e-45
-3.76713e-48  7.17178e-35  2.02931e-46  -1.7437e-34 -6.62355e-46 -2.23314e-34   1.5341e-45  8.02847e-34  5.98745e-45 -3.10668e-34  4.67841e-44  -2.3021e-34  1.44019e-43  1.22343e-34  3.18335e-42 -4.36672e-35 -3.05457e-42  5.85501e-35  2.97251e-41 -1.25795e-34 -8.59694e-42  3.40695e-35   3.7324e-42  1.19017e-33  2.36586e-40 -1.02311e-32  6.25144e-41  7.11591e-32  4.07693e-40 -4.43274e-31  1.81483e-39  2.49149e-30 -4.13763e-40 -1.26694e-29   -1.384e-40  5.84006e-29  1.44974e-39 -2.44355e-28  1.06491e-39  9.28782e-28 -1.14043e-38 -3.20771e-27  2.35111e-38  1.00631e-26 -7.49314e-38 -2.86508e-26  1.73888e-37  7.39187e-26  -3.6249e-37 -1.72432e-25  3.60944e-37  3.62577e-25  1.27074e-36 -6.84407e-25 -9.93711e-36  1.15342e-24  4.18461e-35 -1.72275e-24 -1.38331e-34  2.25749e-24  3.90519e-34 -2.55783e-24 -9.72404e-34  2.45022e-24  2.16824e-33 -1.90868e-24  -4.3623e-33  1.11313e-24  7.94667e-33 -3.68719e-25 -1.31181e-32 -7.93469e-26  1.95972e-32  1.90157e-25 -2.64024e-32 -1.07433e-25  3.18823e-32   8.2419e-27  -3.4158e-32   2.6058e-26  3.19072e-32 -1.41577e-26 -2.51306e-32 -8.27365e-28  1.54057e-32  3.45434e-27 -5.34892e-33 -7.52876e-28 -2.50338e-33  -4.9101e-28  6.75793e-33  2.10917e-28 -7.55365e-33  4.89571e-29   6.1288e-33 -3.21558e-29 -3.96632e-33 -4.96052e-30  2.10157e-33  3.75036e-30 -9.14945e-34  3.92948e-31  3.25157e-34 -2.41151e-31 -9.36299e-35 -5.35958e-32  2.21807e-35  1.41546e-32 -4.78634e-36  2.56062e-33  1.16487e-36 -1.55772e-34 -3.27984e-37 -1.00358e-34  8.22182e-38 -4.01019e-36 -1.48066e-38  1.30772e-36  1.65272e-39  8.97138e-38 -8.73198e-41 -4.02136e-40 -5.93556e-43 -2.96669e-40  2.01541e-43  -3.7188e-42
 1.92489e-35 -3.08631e-47  1.19066e-34  1.27431e-45 -2.06135e-34 -2.24244e-45 -2.72091e-34  5.98745e-45  9.16521e-34  1.67321e-44 -3.47601e-34   4.1958e-43 -1.50092e-34 -3.32996e-44  1.53774e-35   1.4045e-41  -3.4211e-35 -1.83941e-41  1.01869e-34  1.01369e-40  6.80493e-35 -9.15706e-42 -2.25955e-33 -7.24565e-41  2.02867e-32  7.78492e-40 -1.49626e-31  3.18277e-41  9.83343e-31  4.51425e-40 -5.82087e-30  5.15887e-39  3.11365e-29 -2.47236e-39 -1.50848e-28  4.44055e-40  6.63007e-28 -9.42225e-40 -2.64646e-27  1.89698e-38  9.59859e-27 -8.25237e-38 -3.16321e-26  2.57508e-37  9.46611e-26 -8.39845e-37 -2.56933e-25  2.39494e-36  6.31353e-25 -6.15999e-36 -1.40084e-24  1.34182e-35  2.79659e-24 -2.25648e-35 -4.99959e-24  1.79129e-35  7.95352e-24  5.98141e-35 -1.11628e-23 -3.76527e-34  1.36566e-23  1.31286e-33 -1.43052e-23 -3.60469e-33   1.2463e-23  8.44814e-33 -8.54924e-24 -1.74278e-32  4.02005e-24  3.20907e-32 -5.59148e-25 -5.30814e-32 -9.66677e-25  7.90386e-32  9.11344e-25 -1.05837e-31 -2.95184e-25  1.26957e-31 -9.92045e-26 -1.35427e-31  1.30683e-25  1.26846e-31 -3.04016e-26 -1.01963e-31 -1.98973e-26  6.70853e-32  1.25279e-26 -3.16433e-32  9.27415e-28  4.10343e-33 -2.44248e-27  1.13983e-32  2.01063e-28 -1.58185e-32   3.3503e-28  1.33411e-32 -4.57075e-29 -8.52815e-33 -3.81039e-29  4.34101e-33  5.11285e-30 -1.77189e-33  3.21166e-30  5.72287e-34 -1.60803e-31 -1.42385e-34 -2.33439e-31  2.67448e-35 -1.47728e-33 -4.28321e-36  8.09229e-33  9.94316e-37  9.01644e-34 -3.40439e-37 -1.43568e-34  9.33551e-38 -2.61595e-35 -1.62932e-38  1.09866e-37  1.61083e-39  1.69564e-37 -6.61916e-41  8.09935e-39 -9.50534e-43 -6.22531e-41  8.65275e-44
 5.24028e-47  1.08887e-35  -9.5448e-47  1.65319e-34  6.26223e-45 -2.40078e-34 -1.25473e-45 -3.10668e-34  1.67321e-44  9.95209e-34  2.29733e-44 -4.06934e-34  2.41276e-42 -1.52313e-35  -1.9396e-42  -1.0487e-34  5.47175e-41   -1.513e-35 -8.55922e-41  -2.2487e-34   3.1649e-40  3.99479e-33  2.10829e-41 -3.67809e-32 -4.84153e-40  2.86873e-31  2.39401e-39 -1.99111e-30 -2.94794e-40  1.24221e-29 -3.42489e-40 -6.99355e-29  1.35498e-38  3.56248e-28 -9.40406e-39 -1.64517e-27  7.63868e-39  6.89703e-27 -3.46067e-38 -2.62695e-26    1.742e-37  9.09255e-26  -6.7644e-37 -2.85911e-25  2.32184e-36  8.16027e-25 -7.54324e-36 -2.11083e-24  2.21896e-35  4.93759e-24 -5.92953e-35 -1.04127e-23  1.41503e-34  1.97159e-23 -2.95139e-34 -3.33354e-23  5.11675e-34  4.99619e-23 -6.31713e-34 -6.57089e-23  8.75354e-35  7.47379e-23   2.5384e-33 -7.18843e-23 -1.00699e-32  5.62353e-23  2.71073e-32 -3.29406e-23 -5.96359e-32  1.09557e-23  1.13227e-31  2.38496e-24 -1.89668e-31 -5.72776e-24  2.83012e-31  3.25671e-24 -3.77395e-31 -2.55176e-25  4.49303e-31 -7.97163e-25 -4.75279e-31  4.37824e-25  4.42481e-31  2.44003e-26  -3.5638e-31 -1.07827e-25  2.40198e-31   2.4089e-26 -1.25227e-31   1.5363e-26  3.72686e-32 -6.73942e-27  1.28509e-32 -1.56422e-27 -2.98149e-32  1.06227e-27  2.68415e-32  1.46874e-28 -1.70439e-32 -1.19149e-28  8.34502e-33 -1.43108e-29 -3.19038e-33  8.78757e-30  9.30653e-34   1.5547e-30 -1.94389e-34 -4.36864e-31  2.50752e-35 -9.45857e-32  -1.4956e-36  6.71821e-33  3.96589e-37  3.45419e-33 -3.00407e-37  1.10221e-34  9.66817e-38 -4.23954e-35  -1.6127e-38  -3.5014e-36  1.36426e-39  3.52044e-38   -3.991e-41  1.06202e-38 -8.29996e-43  1.30543e-40
-2.18941e-35   4.7617e-46 -1.17309e-35  6.53257e-46   2.0931e-34  2.44475e-44 -2.55961e-34  4.67841e-44 -3.47601e-34  2.29733e-44  1.06644e-33 -7.00535e-44 -5.14531e-34  1.09719e-41  1.69127e-34 -1.13107e-41 -2.66149e-34  1.91433e-40  5.33129e-34  -3.3852e-40 -6.35415e-33  9.10198e-40  6.11785e-32  1.80446e-40  -5.0451e-31 -2.09077e-39   3.7008e-30  6.84716e-39 -2.43545e-29 -1.52744e-39  1.44404e-28 -4.01304e-39 -7.73787e-28  3.42838e-38  3.75577e-27 -3.52809e-38 -1.65399e-26  7.15163e-38  6.61589e-26 -3.22935e-37 -2.40488e-25  1.37755e-36  7.94395e-25 -5.18882e-36 -2.38321e-24  1.78912e-35  6.48576e-24 -5.71689e-35 -1.59819e-23  1.67218e-34  3.55661e-23 -4.47218e-34 -7.12265e-23  1.08601e-33   1.2776e-22 -2.37185e-33 -2.03965e-22  4.57746e-33   2.8734e-22 -7.53004e-33 -3.52932e-22  9.60943e-33  3.71261e-22 -6.03132e-33 -3.24912e-22 -1.32438e-32   2.2396e-22  6.47268e-32 -1.05871e-22 -1.69562e-31  1.48358e-23  3.46501e-31  2.57201e-23 -5.99729e-31 -2.44283e-23  9.05903e-31  7.99637e-24 -1.20892e-30  2.66171e-24  1.43075e-30 -3.56592e-24 -1.49922e-30   8.4638e-25  1.38164e-30  5.44795e-25 -1.10492e-30 -3.50289e-25   7.4741e-31 -2.39906e-26  -4.0458e-31   6.8744e-26  1.48212e-31 -6.01195e-27 -2.79358e-33 -9.58251e-27 -5.04069e-32  1.40324e-27  5.02446e-32   1.0801e-27 -3.18578e-32 -1.48029e-28  1.50174e-32   -9.701e-29 -5.37489e-33  6.40477e-30  1.40909e-33  6.66171e-30 -2.38327e-34  7.99217e-32  1.32494e-35 -2.58551e-31  4.04301e-36 -2.56012e-32 -5.93599e-37  4.56418e-33 -2.20628e-37  7.82281e-34  9.22294e-38 -1.72081e-36 -1.42954e-38 -5.67126e-36  9.81193e-40 -2.46817e-37 -1.67678e-41  2.32536e-39 -4.54649e-43
 3.62107e-47 -4.09621e-35  2.84896e-45 -4.33128e-35  1.17232e-44  2.26936e-34  7.35284e-44  -2.3021e-34   4.1958e-43 -4.06934e-34 -7.00535e-44  1.17164e-33 -6.38801e-43 -6.88653e-34   4.2092e-41  4.43477e-34 -4.61481e-41 -1.15818e-33   6.0864e-40  9.36336e-33 -1.18197e-39 -9.34866e-32  2.42092e-39   8.1721e-31  7.60892e-40 -6.34226e-30 -7.26293e-39  4.40659e-29  1.81314e-38 -2.75371e-28 -4.63512e-39  1.55305e-27 -1.69142e-38   -7.926e-27   9.2524e-38  3.66755e-26 -1.64468e-37  -1.5408e-25  5.58931e-37  5.88179e-25 -2.43337e-36 -2.04069e-24  9.78943e-36  6.43309e-24 -3.59162e-35 -1.84102e-23  1.21444e-34  4.77574e-23 -3.79247e-34  -1.1205e-22   1.0894e-33  2.37056e-22  -2.8741e-33  -4.5038e-22   6.9376e-33  7.64246e-22 -1.52374e-32 -1.14982e-21  3.01752e-32  1.51841e-21 -5.30311e-32  -1.7346e-21  8.01658e-32   1.6762e-21 -9.65839e-32 -1.31798e-21  6.84324e-32  7.76439e-22   6.0677e-32 -2.60172e-22 -3.61813e-31 -5.62604e-23  8.94998e-31   1.3711e-22 -1.66809e-30 -7.87387e-23  2.59751e-30  6.46817e-24 -3.49924e-30  1.93637e-23  4.13295e-30 -1.08114e-23 -4.29391e-30 -5.43072e-25  3.91087e-30  2.67749e-24 -3.09079e-30 -6.18342e-25  2.07621e-30 -3.82188e-25 -1.13547e-30  1.73168e-25  4.51045e-31  3.88803e-26 -6.87925e-32 -2.77015e-26 -7.55773e-32 -3.56261e-27  8.79555e-32  3.11421e-27 -5.59245e-32  3.68794e-28  2.53886e-32 -2.41142e-28 -8.50539e-33 -3.86437e-29  1.99726e-33  1.16487e-29 -2.61096e-34  2.60703e-30 -1.07627e-35 -2.11274e-31  1.19207e-35 -9.41507e-32  -1.7716e-36 -2.68906e-33 -1.29266e-37  1.18656e-33  8.14811e-38  1.00101e-34 -1.12046e-38 -1.36791e-36  5.70503e-40 -3.06465e-37 -2.37882e-42 -3.58522e-39
 2.49408e-36  8.77325e-46 -5.54027e-35  1.26255e-44 -6.85621e-35  9.93109e-44    1.981e-34  1.44019e-43 -1.50092e-34  2.41276e-42 -5.14531e-34 -6.38801e-43  1.34794e-33 -2.58899e-42 -9.88542e-34  1.40193e-40  1.64761e-33 -1.54223e-40 -1.29645e-32  1.77457e-39  1.31923e-31 -3.71575e-39 -1.22306e-30  5.97125e-39  1.00564e-29  2.50617e-39  -7.3846e-29 -2.16567e-38  4.86762e-28  4.41195e-38 -2.89126e-27  -8.4739e-39   1.5522e-26    -6.64e-38 -7.54913e-26  3.15755e-37  3.33163e-25 -9.45473e-37 -1.33566e-24  3.89086e-36  4.86683e-24 -1.63188e-35 -1.61175e-23  6.31588e-35  4.84845e-23 -2.25048e-34 -1.32328e-22  7.40694e-34  3.27075e-22 -2.25235e-33 -7.30237e-22  6.31781e-33  1.46747e-21 -1.63248e-32 -2.64189e-21  3.87609e-32   4.2342e-21 -8.42538e-32 -5.98995e-21  1.66699e-31   7.3902e-21 -2.97457e-31 -7.81144e-21  4.71183e-31  6.87216e-21  -6.4253e-31 -4.76484e-21  7.00611e-31  2.26882e-21 -4.59325e-31 -3.24406e-22 -3.11095e-31 -5.53437e-22  1.79485e-30  5.31892e-22       -4e-30 -1.76897e-22  6.64877e-30 -5.74395e-23 -9.17572e-30  7.90535e-23  1.08878e-29 -1.93127e-23 -1.12452e-29 -1.20533e-23  1.01225e-29  7.97827e-24 -7.88674e-30  4.83419e-25  5.22971e-30 -1.57498e-24 -2.84867e-30  1.50859e-25  1.16815e-30  2.21538e-25 -2.50787e-31 -3.48118e-26 -9.77533e-32 -2.51402e-26  1.44556e-31  3.68406e-27 -9.24329e-32  2.32114e-27  4.03932e-32  -1.7938e-28 -1.26641e-32 -1.59661e-28  2.65892e-33 -1.44183e-30 -2.51993e-34  6.55408e-30 -4.54894e-35  5.95233e-31  2.07517e-35  -1.1794e-31 -2.82734e-36 -1.95128e-32 -5.50629e-38  8.82335e-35  6.64936e-38  1.50129e-34 -7.56613e-39  6.15414e-36  2.37402e-40  -6.8302e-38  2.34236e-42
-8.03011e-46  9.70036e-36  9.33944e-45 -6.13846e-35  4.05126e-44 -7.48893e-35  6.20616e-43  1.22343e-34 -3.32996e-44 -1.52313e-35  1.09719e-41 -6.88653e-34 -2.58899e-42  1.67285e-33 -6.48095e-42 -2.36417e-33  4.11036e-40   1.6133e-32  -4.4384e-40 -1.72522e-31  4.77967e-39   1.6959e-30 -1.06438e-38 -1.47935e-29  1.36841e-38  1.14947e-28  7.04013e-39 -7.99953e-28 -5.68739e-38  5.00789e-27   9.6402e-38 -2.82975e-26  9.61325e-39  1.44708e-25 -3.05963e-37 -6.71039e-25  1.45778e-36  2.82559e-24 -5.78308e-36 -1.08126e-23  2.46621e-35  3.76112e-23 -9.97723e-35 -1.18891e-22  3.72934e-34  3.41234e-22 -1.28785e-33 -8.87931e-22  4.11356e-33  2.09016e-21 -1.21528e-32 -4.43748e-21  3.31799e-32  8.46217e-21  -8.3626e-32 -1.44165e-20  1.94209e-31  2.17821e-20 -4.14436e-31 -2.88955e-20  8.09317e-31  3.31718e-20 -1.43727e-30 -3.22267e-20  2.29833e-30  2.54909e-20 -3.25347e-30 -1.51237e-20   3.9434e-30  5.12403e-21 -3.76993e-30  1.07924e-21  2.01679e-30  -2.7057e-21  1.85621e-30  1.57528e-21 -7.82311e-30 -1.38978e-22   1.5012e-29 -3.87348e-22 -2.17793e-29  2.21145e-22  2.62395e-29  9.27242e-24 -2.70618e-29 -5.48815e-23  2.41066e-29  1.32292e-23 -1.84984e-29  7.82112e-24  1.20659e-29 -3.69777e-24 -6.49155e-30 -7.86827e-25  2.68176e-30  5.97431e-25 -6.59345e-31  7.07322e-26 -1.01336e-31 -6.79912e-26  2.23716e-31 -7.51414e-27  -1.4402e-31  5.40982e-27   6.0499e-32  8.07308e-28  -1.7744e-32  -2.6554e-28  3.32894e-33 -5.78769e-29 -2.06986e-34  5.32463e-30  -8.5524e-35  2.13565e-30  2.85539e-35  5.26915e-32 -3.47697e-36 -2.81457e-32 -1.25331e-38 -2.30764e-33  4.93306e-38  4.00377e-35 -4.17089e-39  7.33788e-36  4.11285e-41  8.27717e-38
   1.043e-35 -6.76544e-45  1.60428e-35  6.80635e-44 -5.46053e-35  6.59788e-44 -6.24193e-35  3.18335e-42  1.53774e-35  -1.9396e-42  1.69127e-34   4.2092e-41 -9.88542e-34 -6.48095e-42  3.14584e-33 -5.09192e-42 -1.86787e-32  1.06607e-39  2.08537e-31 -1.12213e-39 -2.18323e-30  1.19676e-38  2.02335e-29 -2.80081e-38 -1.66573e-28  2.91955e-38   1.2252e-27  1.71495e-38 -8.09049e-27 -1.31605e-37  4.81477e-26  1.72418e-37 -2.59012e-25  2.17537e-37  1.26243e-24 -1.65129e-36 -5.58429e-24  7.94197e-36  2.24425e-23 -3.43188e-35 -8.19882e-23  1.43968e-34  2.72274e-22 -5.62088e-34 -8.21462e-22  2.03013e-33  2.24903e-21 -6.78575e-33 -5.57745e-21  2.10023e-32  1.24965e-20 -6.01869e-32 -2.52076e-20  1.59614e-31  4.55643e-20  -3.9136e-31 -7.33413e-20  8.85882e-31  1.04233e-19 -1.84719e-30  -1.2924e-19  3.53665e-30  1.37349e-19 -6.18851e-30 -1.21561e-19  9.82714e-30  8.48735e-20 -1.40036e-29 -4.07894e-20  1.75602e-29  6.02699e-21 -1.86272e-29  9.92507e-21  1.50633e-29 -9.69776e-21 -5.37541e-30  3.29471e-21 -1.01902e-29  1.02641e-21  2.90144e-29 -1.46767e-21 -4.65457e-29  3.72229e-22  5.79173e-29  2.22017e-22 -6.00514e-29 -1.52622e-22   5.3067e-29 -7.62827e-24 -4.01061e-29  3.02433e-23  2.56777e-29 -3.23149e-24 -1.35727e-29 -4.28093e-24  5.57011e-30  7.29517e-25 -1.45416e-30  4.90499e-25 -6.21089e-32 -7.85394e-26  3.26736e-31 -4.61823e-26  -2.1159e-31  4.12506e-27  8.52486e-32  3.23995e-27 -2.33709e-32  5.93328e-30  3.91843e-33 -1.38335e-28 -1.31358e-34 -1.15707e-29 -1.22773e-34  2.58698e-30  3.34804e-35  4.09249e-31 -3.59027e-36 -3.59875e-33   3.1525e-39 -3.31477e-33  3.19917e-38 -1.28839e-34 -1.63397e-39  1.68141e-36 -2.28698e-41
 8.95961e-46  1.93956e-35 -3.80874e-44  1.32783e-35  3.90082e-43 -3.21752e-35 -2.51289e-43 -4.36672e-35   1.4045e-41  -1.0487e-34 -1.13107e-41  4.43477e-34  1.40193e-40 -2.36417e-33 -5.09192e-42  2.01788e-32  4.84705e-41  -2.3381e-31   2.4373e-39  2.61215e-30 -2.50637e-39  -2.5773e-29  2.80142e-38  2.25133e-28 -6.81255e-38  -1.7522e-27  5.83174e-38  1.22161e-26  3.43645e-38 -7.66228e-26 -2.54753e-37   4.3385e-25  1.25695e-37 -2.22347e-24  1.65282e-36  1.03346e-23 -9.36687e-36  -4.3624e-23  4.42966e-35  1.67372e-22 -1.91813e-34 -5.83827e-22  7.79872e-34    1.851e-21 -2.93851e-33 -5.32941e-21   1.0253e-32  1.39144e-20  -3.3144e-32 -3.28715e-20  9.92988e-32  7.00538e-20 -2.75708e-31 -1.34136e-19  7.09151e-31  2.29516e-19  -1.6884e-30 -3.48401e-19  3.71635e-30  4.64512e-19 -7.54845e-30 -5.36181e-19  1.41109e-29  5.24059e-19 -2.41867e-29 -4.17385e-19   3.7805e-29  2.49749e-19 -5.34427e-29 -8.58732e-20  6.74215e-29 -1.72351e-20 -7.41099e-29  4.51494e-20  6.74344e-29 -2.67546e-20 -4.35898e-29  2.58698e-21  3.86811e-30  6.54381e-21  4.41488e-29 -3.84385e-21 -8.84056e-29 -1.18206e-22  1.16961e-28  9.52451e-22 -1.23151e-28  -2.4196e-22  1.08359e-28 -1.34892e-22 -8.07169e-29  6.72517e-23  5.06628e-29  1.32935e-23 -2.62152e-29 -1.09535e-23  1.05926e-29 -1.16099e-24 -2.82927e-30  1.26455e-24  4.95379e-32  1.25735e-25  4.51004e-31 -1.02976e-25 -2.92976e-31 -1.42152e-26  1.12869e-31  5.20914e-27 -2.88866e-32  1.07655e-27  4.33118e-33 -1.13405e-28 -3.95122e-35 -4.12707e-29 -1.49048e-34 -8.01102e-31  3.45501e-35  5.71837e-31  -3.2385e-36  4.46633e-32  8.72963e-39 -9.69291e-34  1.65539e-38 -1.50184e-34 -2.17468e-40 -1.62228e-36
-2.59676e-36  8.02285e-45  2.92268e-35 -1.65721e-43 -4.97122e-36  1.87931e-42  6.27379e-36 -3.05457e-42  -3.4211e-35  5.47175e-41 -2.66149e-34 -4.61481e-41  1.64761e-33  4.11036e-40 -1.86787e-32  4.84705e-41  2.43538e-31  3.44209e-40 -2.90804e-30   4.8331e-39  3.06101e-29 -4.91668e-39 -2.84187e-28  6.16489e-38   2.3435e-27 -1.54106e-37 -1.72684e-26  1.11503e-37   1.1425e-25  3.81508e-38  -6.8132e-25 -2.95552e-37  3.67322e-24  -1.0965e-36 -1.79452e-23  1.01854e-35  7.95766e-23 -5.19216e-35 -3.20653e-22  2.37949e-34  1.17473e-21 -1.00453e-33 -3.91283e-21  3.94259e-33  1.18428e-20 -1.43344e-32 -3.25337e-20  4.83004e-32  8.09735e-20 -1.50907e-31 -1.82125e-19  4.37297e-31  3.68888e-19 -1.17526e-30 -6.69727e-19  2.92843e-30   1.0831e-18  -6.7605e-30 -1.54715e-18   1.4444e-29  1.92894e-18 -2.85147e-29 -2.06242e-18  5.18966e-29  1.83784e-18 -8.68006e-29 -1.29361e-18  1.32824e-28  6.28796e-19  -1.8474e-28 -9.71753e-20   2.3122e-28  -1.5154e-19 -2.56115e-28  1.51308e-19  2.43296e-28 -5.27997e-20 -1.84099e-28  -1.5492e-20  8.40192e-29  2.33175e-20  3.57974e-29 -6.19071e-21  -1.4482e-28 -3.47617e-21  2.15235e-28  2.50587e-21 -2.33665e-28  9.15417e-23   2.0578e-28 -4.97193e-22 -1.51295e-28  6.00362e-23  9.30329e-29  7.06738e-23 -4.70022e-29 -1.32176e-23  1.85834e-29 -8.17376e-24 -4.97048e-30  1.45132e-24  2.60525e-31  7.84008e-25  5.88831e-31 -8.14848e-26 -3.81907e-31 -5.64571e-26  1.40173e-31  4.56472e-28 -3.34368e-32  2.50133e-27  4.49049e-33  1.89901e-28  4.83182e-35  -4.9147e-29 -1.58925e-34 -7.33756e-30  3.19935e-35  1.06244e-31 -2.63589e-36  6.28449e-32  1.87876e-38  2.30404e-33  5.05826e-39 -3.61071e-35  2.09114e-40
 3.24169e-45 -5.91971e-36  5.08536e-44  4.33263e-35 -5.90504e-43 -3.93093e-35  7.90581e-42  5.85501e-35 -1.83941e-41   -1.513e-35  1.91433e-40 -1.15818e-33 -1.54223e-40   1.6133e-32  1.06607e-39  -2.3381e-31  3.44209e-40  3.01452e-30  1.49347e-39 -3.39269e-29  7.94741e-39  3.35392e-28 -8.28897e-39 -2.93475e-27  1.28376e-37  2.28826e-26 -3.27278e-37 -1.59844e-25  2.20942e-37  1.00465e-24 -1.42245e-37 -5.70103e-24  7.72684e-37  2.92862e-23 -9.55547e-36 -1.36461e-22  5.68583e-35  5.77559e-22 -2.73812e-34  -2.2222e-21  1.20995e-33  7.77485e-21  -4.9382e-33  -2.4729e-20  1.86892e-32  7.14437e-20 -6.55518e-32 -1.87211e-19  2.13227e-31  4.43987e-19 -6.43529e-31  -9.5013e-19  1.80245e-30  1.82735e-18 -4.68503e-30 -3.14163e-18  1.12975e-29  4.79342e-18 -2.52585e-29 -6.42648e-18  5.23067e-29  7.46319e-18 -1.00188e-28   -7.344e-18   1.7714e-28  5.89513e-18 -2.88315e-28  -3.5629e-18  4.30331e-28  1.24787e-18  -5.8582e-28  2.32674e-19  7.21535e-28  -6.4899e-19 -7.93934e-28  3.93048e-19  7.63464e-28 -4.23092e-20 -6.13459e-28 -9.50837e-20  3.64216e-28  5.78419e-20 -7.22383e-29  9.62334e-22 -1.88817e-28 -1.42549e-20  3.57741e-28  3.85204e-21 -4.10181e-28  1.99533e-21  3.64151e-28 -1.06093e-21 -2.64797e-28  -1.9032e-22  1.59473e-28  1.73965e-22 -7.85062e-29  1.58368e-23  3.02303e-29 -2.03791e-23 -7.98506e-30  -1.7493e-24  5.83346e-31  1.69874e-24  7.27116e-31   2.1272e-25 -4.67865e-31 -8.90261e-26  1.62932e-31  -1.7152e-26 -3.61693e-32  2.09719e-27  4.36781e-33   6.9036e-28  1.11751e-34  8.75035e-30 -1.51583e-34 -1.01024e-29  2.70391e-35 -7.41796e-31 -2.01496e-36  2.01941e-32  3.53528e-38   2.6747e-33 -1.14117e-39  2.71855e-35
-3.01032e-36  3.08413e-44 -1.20188e-35  2.56741e-43  6.52662e-35 -1.76555e-42 -8.53799e-35  2.97251e-41  1.01869e-34 -8.55922e-41  5.33129e-34   6.0864e-40 -1.29645e-32  -4.4384e-40  2.08537e-31   2.4373e-39 -2.90804e-30  1.49347e-39  3.51096e-29   5.1713e-39  -3.7034e-28  9.33772e-39  3.44423e-27 -1.14039e-38 -2.84541e-26  2.55737e-37  2.10075e-25  -6.6737e-37 -1.39277e-24  5.49413e-37  8.32401e-24 -1.53925e-36 -4.49833e-23  8.87863e-36  2.20314e-22 -5.70144e-35 -9.79581e-22  2.96125e-34  3.95847e-21 -1.36527e-33  -1.4546e-20  5.80922e-33  4.86072e-20 -2.28636e-32 -1.47625e-19  8.34109e-32  4.07033e-19 -2.82171e-31 -1.01704e-18  8.85724e-31  2.29708e-18 -2.58088e-30 -4.67351e-18  6.98247e-30  8.52562e-18 -1.75392e-29 -1.38591e-17  4.08927e-29  1.99076e-17 -8.84453e-29 -2.49717e-17  1.77301e-28  2.68801e-17    -3.29e-28 -2.41373e-17  5.64102e-28   1.7148e-17 -8.91528e-28 -8.44867e-18   1.2944e-27  1.38053e-18  -1.7184e-27  2.00107e-18  2.07188e-27 -2.05318e-18 -2.24564e-27  7.39905e-19  2.15161e-27  2.00178e-19 -1.76646e-27 -3.22146e-19  1.15682e-27  9.02486e-20 -4.66134e-28  4.69585e-20 -1.37294e-28 -3.58835e-20  5.27195e-28 -7.23548e-22 -6.65178e-28  7.10922e-21  6.01276e-28 -9.79316e-22 -4.33609e-28 -1.01246e-21  2.55759e-28  2.10176e-22 -1.22475e-28  1.18062e-22  4.57592e-29 -2.35427e-23 -1.18195e-29 -1.15427e-23  1.00484e-30  1.40859e-24  8.48133e-31  8.56206e-25 -5.37297e-31 -1.75343e-26  1.76766e-31   -3.945e-26 -3.64902e-32 -2.64374e-27   3.9994e-33  8.19772e-28  1.36772e-34  1.14111e-28 -1.30832e-34 -2.47538e-30  2.12817e-35 -1.04189e-30 -1.51452e-36 -3.55665e-32  4.83945e-38  6.84099e-34 -2.29526e-39
 4.74684e-45 -4.75501e-36  1.98017e-43 -2.44163e-35  1.05321e-42  9.67884e-35 -4.40597e-42 -1.25795e-34  1.01369e-40  -2.2487e-34  -3.3852e-40  9.36336e-33  1.77457e-39 -1.72522e-31 -1.12213e-39  2.61215e-30   4.8331e-39 -3.39269e-29   5.1713e-39  3.82763e-28  1.54052e-38 -3.79052e-27  1.42252e-39  3.32284e-26  -1.1543e-38  -2.5959e-25  5.00036e-37  1.81711e-24 -1.38761e-36 -1.14463e-23  2.00661e-36  6.51071e-23 -9.74699e-36 -3.35299e-22  5.47736e-35  1.56655e-21 -2.99392e-34 -6.64928e-21  1.45362e-33  2.56617e-20 -6.43971e-33  -9.0075e-20  2.63789e-32  2.87489e-19 -1.00043e-31 -8.33645e-19  3.51768e-31   2.1931e-18 -1.14747e-30 -5.22303e-18  3.47455e-30  1.12276e-17 -9.77003e-30  -2.1698e-17  2.55159e-29  3.74976e-17 -6.18911e-29 -5.75341e-17  1.39391e-28  7.76064e-17 -2.91349e-28 -9.07319e-17  5.64692e-28  8.99583e-17 -1.01374e-27 -7.28522e-17  1.68293e-27  4.45414e-17 -2.57796e-27 -1.59496e-17  3.63293e-27 -2.67887e-18 -4.69041e-27  8.14918e-18   5.5155e-27   -5.066e-18 -5.85625e-27  6.13772e-19  5.53865e-27  1.20459e-18 -4.55702e-27 -7.64222e-19   3.1077e-27  3.52793e-22 -1.53391e-27  1.86538e-19  1.97411e-28 -5.40971e-20  6.60219e-28 -2.56337e-20 -9.92923e-28  1.47187e-20  9.26973e-28  2.32662e-21 -6.65309e-28 -2.42662e-21  3.84422e-28  -1.7813e-22   -1.788e-28  2.88419e-22   6.4607e-29  2.01313e-23 -1.61971e-29 -2.46334e-23  1.48171e-30 -2.71991e-24  9.31479e-31  1.34125e-24  -5.7622e-31  2.37192e-25  1.78342e-31 -3.41909e-26 -3.42831e-32 -1.01189e-26  3.47903e-33 -4.39753e-29  1.20936e-34  1.57244e-28 -1.03378e-34  1.07081e-29  1.59939e-35 -3.68654e-31 -1.14444e-36 -4.19528e-32  4.63874e-38 -3.93229e-34
 1.84269e-36  3.94347e-44  -3.9277e-36  1.01532e-42 -4.56622e-35  3.40985e-42  1.30429e-34 -8.59694e-42  6.80493e-35   3.1649e-40 -6.35415e-33 -1.18197e-39  1.31923e-31  4.77967e-39 -2.18323e-30 -2.50637e-39  3.06101e-29  7.94741e-39  -3.7034e-28  1.54052e-38  3.91336e-27  4.08081e-38 -3.64616e-26 -3.28723e-38  3.01811e-25 -1.09755e-38  -2.2329e-24  1.02477e-36  1.48368e-23 -3.34509e-36 -8.88838e-23  9.46104e-36  4.81548e-22 -5.30991e-35 -2.36484e-21  2.87669e-34   1.0545e-20 -1.45996e-33 -4.27429e-20  6.75795e-33  1.57579e-19 -2.88002e-32 -5.28404e-19  1.13587e-31  1.61078e-18 -4.15031e-31 -4.45888e-18   1.4064e-30  1.11884e-17  -4.4228e-30 -2.53847e-17  1.29144e-29  5.18971e-17 -3.50257e-29 -9.51672e-17  8.82471e-29  1.55574e-16 -2.06538e-28 -2.24837e-16  4.48937e-28  2.83921e-16 -9.05847e-28 -3.07901e-16   1.6955e-27  2.78858e-16  -2.9408e-27 -2.00204e-16  4.71992e-27  1.00199e-16 -6.99607e-27 -1.74735e-17  9.55118e-27 -2.31237e-17 -1.19655e-26  2.45336e-17  1.36841e-26 -9.17932e-18 -1.41783e-26 -2.23284e-18  1.31566e-26  3.91802e-18 -1.07275e-26 -1.16692e-18  7.41429e-27 -5.53152e-19 -3.98541e-27  4.53658e-19  1.16688e-27  3.65253e-22  6.18855e-28 -8.94768e-20 -1.35443e-27  1.41572e-20  1.33409e-27  1.27317e-20  -9.5738e-28 -2.96494e-21  5.42148e-28  -1.4944e-21 -2.44583e-28  3.38745e-22  8.52222e-29  1.49046e-22  -2.0615e-29 -2.15394e-23  1.94814e-30 -1.14249e-23  9.57017e-31   4.0684e-25 -5.73756e-31  5.49451e-25  1.66503e-31  3.11253e-26 -2.99886e-32 -1.21336e-26  2.92515e-33 -1.55594e-27  7.48758e-35  4.79647e-29 -7.61336e-35  1.52908e-29  1.17333e-35  4.77076e-31 -8.36528e-37 -1.15049e-32   2.8049e-38
 7.25968e-44  2.92055e-36  2.37731e-43  1.81878e-36  4.50096e-42  -7.1486e-35  7.66929e-42  3.40695e-35 -9.15706e-42  3.99479e-33  9.10198e-40 -9.34866e-32 -3.71575e-39   1.6959e-30  1.19676e-38  -2.5773e-29 -4.91668e-39  3.35392e-28  9.33772e-39 -3.79052e-27  4.08081e-38  3.76064e-26   9.7746e-38 -3.30309e-25 -1.21776e-37  2.58586e-24 -6.66239e-38 -1.81412e-23  2.50561e-36  1.14547e-22 -1.06752e-35 -6.53202e-22  4.74364e-35  3.37308e-21 -2.67258e-34 -1.58049e-20  1.39242e-33   6.7291e-20 -6.72154e-33  -2.6055e-19  2.98494e-32  9.17759e-19 -1.22439e-31 -2.94012e-18   4.6505e-31  8.55958e-18 -1.63715e-30 -2.26139e-17  5.34638e-30   5.4102e-17 -1.62059e-29 -1.16867e-16   4.5617e-29  2.27036e-16 -1.19274e-28  -3.9457e-16  2.89726e-28  6.09109e-16  -6.5378e-28 -8.27102e-16  1.37022e-27  9.74141e-16 -2.66614e-27 -9.73925e-16  4.81329e-27  7.96564e-16 -8.05516e-27 -4.93448e-16  1.24805e-26  1.81306e-16 -1.78715e-26  2.63598e-17  2.35952e-26 -9.03593e-17 -2.86267e-26   5.7923e-17  3.17663e-26 -7.95245e-18 -3.20241e-26 -1.34432e-17  2.90343e-26  8.96239e-18 -2.32956e-26  -1.8446e-19  1.60752e-26 -2.15679e-18 -8.97297e-27  6.76997e-19  3.33924e-27  2.88527e-19  1.66642e-28 -1.81479e-19 -1.66387e-27 -2.42848e-20  1.78975e-27  3.00415e-20 -1.29229e-27  1.59257e-21  7.17793e-28 -3.62188e-21 -3.13722e-28 -1.85452e-22  1.05143e-28  3.17277e-22 -2.44302e-29  2.96685e-23  2.33663e-30 -1.79872e-23  9.08698e-31 -2.86953e-24 -5.25689e-31  4.96281e-25  1.42902e-31  1.31181e-25 -2.44941e-32 -7.65641e-28  2.43584e-33 -2.17853e-27  1.85763e-35 -1.35338e-28 -5.37646e-35  5.95688e-30   8.4008e-36  5.85075e-31 -5.33582e-37  4.93662e-33
 3.36402e-37  5.38746e-43  2.68807e-36  1.14246e-42   1.1622e-35  1.80767e-41 -3.06881e-35   3.7324e-42 -2.25955e-33  2.10829e-41  6.11785e-32  2.42092e-39 -1.22306e-30 -1.06438e-38  2.02335e-29  2.80142e-38 -2.84187e-28 -8.28897e-39  3.44423e-27  1.42252e-39 -3.64616e-26   9.7746e-38  3.40384e-25  2.12934e-37 -2.82342e-24 -2.80681e-37  2.09353e-23 -5.71139e-37 -1.39439e-22   8.1733e-36  8.37474e-22 -4.35927e-35 -4.54953e-21  2.32602e-34  2.24071e-20 -1.26864e-33 -1.00224e-19  6.35419e-33  4.07585e-19 -2.94029e-32 -1.50792e-18  1.25567e-31   5.0754e-18    -4.96e-31 -1.55337e-17  1.81487e-30  4.31836e-17  -6.1565e-30 -1.08854e-16  1.93755e-29  2.48182e-16 -5.66021e-29 -5.10056e-16  1.53545e-28  9.40619e-16 -3.86872e-28 -1.54708e-15  9.05457e-28  2.25077e-15 -1.96842e-27 -2.86309e-15  3.97408e-27  3.13043e-15 -7.44857e-27 -2.86214e-15  1.29538e-26   2.0792e-15 -2.08873e-26 -1.05939e-15  3.11935e-26  1.98666e-16 -4.30821e-26  2.35924e-16  5.49125e-26 -2.60674e-16  -6.4402e-26  1.01791e-16  6.92065e-26  2.15694e-17 -6.77258e-26 -4.23508e-17  5.98108e-26  1.35044e-17 -4.70001e-26  5.72275e-18  3.20886e-26 -5.11178e-18 -1.81593e-26   1.1062e-19  7.51651e-27  1.00034e-18 -1.03791e-27 -1.82706e-19   -1.782e-27 -1.41724e-19  2.22978e-27  3.74112e-20 -1.63477e-27  1.67062e-20  8.92037e-28 -4.35846e-21 -3.77455e-28 -1.70126e-21   1.2145e-28  2.93642e-22  -2.7033e-29  1.35244e-22  2.60544e-30 -7.30586e-24  7.79282e-31 -6.81873e-24 -4.36955e-31 -3.04197e-25   1.1183e-31  1.60703e-25 -1.88619e-32  1.87355e-26  2.05376e-33 -7.96635e-28 -2.69642e-35 -2.00409e-28 -3.75478e-35 -5.57454e-30   5.6359e-36  1.72875e-31 -2.45911e-37
-3.01909e-45  1.07363e-36  2.74336e-42  9.14295e-37  4.46614e-42 -7.89303e-36  6.74913e-41  1.19017e-33 -7.24565e-41 -3.67809e-32  1.80446e-40   8.1721e-31  5.97125e-39 -1.47935e-29 -2.80081e-38  2.25133e-28  6.16489e-38 -2.93475e-27 -1.14039e-38  3.32284e-26 -3.28723e-38 -3.30309e-25  2.12934e-37  2.90728e-24  4.17351e-37 -2.28108e-23 -3.48267e-37  1.60412e-22 -3.68559e-36 -1.01545e-21  3.36176e-35   5.8064e-21 -1.97107e-34 -3.00709e-20  1.09108e-33  1.41337e-19 -5.71993e-33 -6.03748e-19  2.75552e-32  2.34595e-18 -1.22595e-31 -8.29447e-18  5.04108e-31  2.66789e-17 -1.91861e-30 -7.80038e-17  6.76561e-30  2.07027e-16 -2.21205e-29 -4.97732e-16  6.70965e-29  1.08083e-15 -1.88891e-28 -2.11163e-15  4.93697e-28  3.69231e-15 -1.19819e-27 -5.73785e-15  2.70044e-27  7.84816e-15 -5.65142e-27 -9.31823e-15  1.09805e-26   9.4021e-15 -1.98019e-26 -7.77476e-15  3.31302e-26  4.88776e-15 -5.13946e-26 -1.84915e-15  7.38618e-26 -2.20064e-16 -9.82226e-26  8.92246e-16  1.20652e-25 -5.92646e-16 -1.36544e-25  9.25242e-17  1.41836e-25  1.33186e-16 -1.34481e-25 -9.40941e-17  1.15422e-25  4.11785e-18 -8.85451e-26   2.2211e-17  5.94715e-26 -7.60876e-18  -3.3665e-26 -2.86103e-18   1.4689e-26  2.00495e-18 -3.42115e-27  2.13904e-19 -1.52002e-27 -3.32742e-19   2.5585e-27 -9.88184e-21 -1.93285e-27  4.06763e-20  1.03947e-27  1.21401e-21 -4.26043e-28 -3.65816e-21  1.31563e-28 -2.72105e-22 -2.80663e-29  2.16358e-22  2.75966e-30  3.04741e-23  5.75811e-31  -6.4598e-24 -3.22079e-31 -1.51437e-24  7.91948e-32  2.77253e-26 -1.39961e-32   2.7073e-26  1.76037e-33  1.50191e-27 -4.90232e-35 -8.58474e-29 -2.60376e-35 -7.30928e-30  3.24366e-36 -5.36911e-32
