 4.94006e-11  1.74326e-27 -1.60565e-09 -1.13686e-25  1.84808e-08  1.53344e-24 -1.12831e-07 -9.60957e-24  4.02545e-07  3.42572e-23 -8.36218e-07 -7.19576e-23  9.15155e-07  8.14444e-23 -3.64752e-07 -3.03742e-23 -7.08651e-08 -2.40104e-23  3.37847e-08  2.06094e-23  2.67876e-09
 1.74326e-27  2.34685e-09  7.66674e-26 -4.12507e-08  -2.5862e-24  3.39557e-07  2.45236e-23  -1.5843e-06 -1.19381e-22  4.36261e-06  3.42444e-22 -6.76763e-06  -5.8046e-22   4.9043e-06  5.21003e-22 -5.22549e-07 -1.49492e-22 -6.02328e-07 -8.07679e-23  1.51803e-08  3.57289e-23
-1.60565e-09  7.66674e-26  5.23955e-08  1.34552e-24 -6.06637e-07 -2.99926e-23  3.73507e-06  2.15786e-22 -1.34818e-05  -8.3734e-22  2.84433e-05   1.9263e-21 -3.17187e-05  -2.5471e-21  1.27891e-05   1.6447e-21  2.82803e-06 -1.83856e-22 -1.30589e-06 -2.24503e-22 -1.15458e-07
-1.13686e-25 -4.12507e-08  1.34552e-24  7.29429e-07   1.3874e-23 -6.05736e-06 -2.25945e-22  2.86174e-05    1.282e-21 -8.01752e-05 -4.00295e-21  0.000127278  7.26998e-21 -9.48884e-05 -7.11632e-21  1.00038e-05  2.76777e-21  1.29672e-05  4.66326e-22 -2.93422e-07 -3.64931e-22
 1.84808e-08  -2.5862e-24 -6.06637e-07   1.3874e-23  7.08653e-06  9.79837e-23    -4.42e-05 -1.23373e-21  0.000162491  5.64314e-21 -0.000351648 -1.41406e-20  0.000405945  1.96218e-20 -0.000171385  -1.2883e-20 -3.98646e-05  1.38738e-21  1.96267e-05  1.98379e-21   1.8435e-06
 1.53344e-24  3.39557e-07 -2.99926e-23 -6.05736e-06  9.79837e-23  5.09642e-05  5.15973e-22 -0.000245365 -5.21204e-21   0.00070606  1.94318e-20  -0.00116377 -3.84595e-20  0.000915373  3.83526e-20 -0.000110173  -1.3118e-20 -0.000139482 -4.27392e-21  4.03701e-06  2.88453e-21
-1.12831e-07  2.45236e-23  3.73507e-06 -2.25945e-22    -4.42e-05  5.15973e-22  0.000280988   2.1432e-21  -0.00106172 -1.78263e-20   0.00238924  5.42367e-20  -0.00291792 -8.20376e-20   0.00135198  5.20295e-20  0.000296452  8.69832e-23 -0.000177549 -1.04711e-20 -1.66625e-05
-9.60957e-24  -1.5843e-06  2.15786e-22  2.86174e-05 -1.23373e-21 -0.000245365   2.1432e-21    0.0012144  7.32704e-21  -0.00363654 -5.11136e-20   0.00634887  1.25759e-19  -0.00545264 -1.37593e-19  0.000876291  4.00341e-20  0.000926979  2.31869e-20 -4.64648e-05  -9.9792e-21
 4.02545e-07 -1.19381e-22 -1.34818e-05    1.282e-21  0.000162491 -5.21204e-21  -0.00106172  7.32704e-21   0.00417562  2.13556e-20  -0.00995843 -1.26287e-19    0.0132573  2.46635e-19  -0.00716069 -1.80166e-19  -0.00121644 -7.60794e-21   0.00110773  3.67831e-20  9.53417e-05
 3.42572e-23  4.36261e-06  -8.3734e-22 -8.01752e-05  5.64314e-21   0.00070606 -1.78263e-20  -0.00363654  2.13556e-20    0.0115425  5.45728e-20   -0.0219513 -2.73572e-19    0.0215638  4.14949e-19  -0.00523093 -1.84201e-19  -0.00405061 -6.82876e-20  0.000407552  2.63236e-20
-8.36218e-07  3.42444e-22  2.84433e-05 -4.00295e-21 -0.000351648  1.94318e-20   0.00238924 -5.11136e-20  -0.00995843  5.45728e-20     0.025866  1.23953e-19   -0.0391536  -5.1951e-19    0.0265679  6.06871e-19   0.00183711 -1.55342e-19  -0.00499456 -9.42557e-20 -0.000338329
-7.19576e-23 -6.76763e-06   1.9263e-21  0.000127278 -1.41406e-20  -0.00116377  5.42367e-20   0.00634887 -1.26287e-19   -0.0219513  1.23953e-19    0.0473961  2.47232e-19   -0.0568086 -8.42723e-19    0.0226504  7.86163e-19    0.0111723 -1.22416e-19  -0.00257051 -4.99652e-20
 9.15155e-07  -5.8046e-22 -3.17187e-05  7.26998e-21  0.000405945 -3.84595e-20  -0.00291792  1.25759e-19    0.0132573 -2.73572e-19   -0.0391536  2.47232e-19    0.0718652  4.12512e-19   -0.0674931 -1.10082e-18   0.00783602  9.31677e-19    0.0159616 -7.70111e-20  0.000493085
 8.14444e-23   4.9043e-06  -2.5471e-21 -9.48884e-05  1.96218e-20  0.000915373 -8.20376e-20  -0.00545264  2.46635e-19    0.0215638  -5.1951e-19   -0.0568086  4.12512e-19    0.0920048  5.14971e-19   -0.0660601  -1.0313e-18   -0.0134774  1.01652e-18    0.0113645  1.40235e-21
-3.64752e-07  5.21003e-22  1.27891e-05 -7.11632e-21 -0.000171385  3.83526e-20   0.00135198 -1.37593e-19  -0.00716069  4.14949e-19    0.0265679 -8.42723e-19   -0.0674931  5.14971e-19     0.103117  3.21394e-19   -0.0523455 -5.11673e-19   -0.0311896   8.5209e-19   0.00203998
-3.03742e-23 -5.22549e-07   1.6447e-21  1.00038e-05  -1.2883e-20 -0.000110173  5.20295e-20  0.000876291 -1.80166e-19  -0.00523093  6.06871e-19    0.0226504 -1.10082e-18   -0.0660601  3.21394e-19     0.107701 -3.97899e-19   -0.0276442 -3.96629e-21   -0.0328429  2.28906e-19
-7.08651e-08 -1.49492e-22  2.82803e-06  2.76777e-21 -3.98646e-05  -1.3118e-20  0.000296452  4.00341e-20  -0.00121644 -1.84201e-19   0.00183711  7.86163e-19   0.00783602  -1.0313e-18   -0.0523455 -3.97899e-19     0.114427 -1.57976e-18   0.00767111  -3.7598e-19   -0.0157206
-2.40104e-23 -6.02328e-07 -1.83856e-22  1.29672e-05  1.38738e-21 -0.000139482  8.69832e-23  0.000926979 -7.60794e-21  -0.00405061 -1.55342e-19    0.0111723  9.31677e-19   -0.0134774 -5.11673e-19   -0.0276442 -1.57976e-18     0.129483 -2.78782e-18      0.04188 -1.26503e-18
 3.37847e-08 -8.07679e-23 -1.30589e-06  4.66326e-22  1.96267e-05 -4.27392e-21 -0.000177549  2.31869e-20   0.00110773 -6.82876e-20  -0.00499456 -1.22416e-19    0.0159616  1.01652e-18   -0.0311896 -3.96629e-21   0.00767111 -2.78782e-18     0.139234 -3.37262e-18    0.0440563
 2.06094e-23  1.51803e-08 -2.24503e-22 -2.93422e-07  1.98379e-21  4.03701e-06 -1.04711e-20 -4.64648e-05  3.67831e-20  0.000407552 -9.42557e-20  -0.00257051 -7.70111e-20    0.0113645   8.5209e-19   -0.0328429  -3.7598e-19      0.04188 -3.37262e-18     0.109492 -2.46069e-18
 2.67876e-09  3.57289e-23 -1.15458e-07 -3.64931e-22   1.8435e-06  2.88453e-21 -1.66625e-05  -9.9792e-21  9.53417e-05  2.63236e-20 -0.000338329 -4.99652e-20  0.000493085  1.40235e-21   0.00203998  2.28906e-19   -0.0157206 -1.26503e-18    0.0440563 -2.46069e-18    0.0421431
