 3.45816e-05  1.01653e-21 -0.000275622 -3.02611e-20  0.000758342  1.61719e-19  -0.00100016 -3.84952e-19  0.000501646   5.5712e-19   0.00025995  -6.4285e-19 -0.000363888  5.74138e-19 -6.75786e-05 -3.82241e-19  0.000197058  1.92105e-19  3.49682e-05 -3.89533e-20 -9.54171e-05  -5.2331e-20  -2.9089e-05  1.52364e-19  3.90308e-05 -2.00247e-19  2.14569e-05    1.128e-19  -1.1152e-05  4.46615e-21   -1.189e-05 -2.52007e-20  5.53983e-07 -7.90539e-21  4.50079e-06  1.47283e-20    1.439e-06 -4.81911e-21 -8.72907e-07  1.84479e-21  -7.6566e-07  -1.1838e-21 -8.48909e-08 -4.21194e-23   1.4486e-07  1.23685e-22  7.93315e-08   1.6071e-23   8.3081e-09  -2.6708e-23 -7.90055e-09  1.82876e-23 -3.98371e-09  2.95185e-24 -7.71086e-10  -4.0266e-26 -3.01873e-11 -3.58771e-25  1.13733e-11 -1.21598e-25  1.12357e-12
 1.01653e-21  0.000404631  1.93701e-20  -0.00174376 -2.60377e-19   0.00335196  9.41059e-19  -0.00304312  -1.7066e-18  0.000424208  2.12146e-18   0.00146786 -2.14193e-18 -0.000651361  1.59812e-18 -0.000682367 -9.72326e-19  0.000378823  4.05562e-19  0.000354292 -2.25548e-20 -0.000156497  -2.4798e-19 -0.000189859  5.57817e-19  3.70568e-05 -5.63485e-19  9.15993e-05  1.97089e-19  7.82796e-06  8.34397e-20 -3.43958e-05 -5.10461e-20 -1.37423e-05  -3.8436e-20   7.6301e-06  3.11001e-20  7.33381e-06 -7.71667e-21  4.25006e-07  4.42881e-21 -1.91138e-06 -1.40565e-21 -8.93712e-07 -4.22001e-22  5.93003e-08  2.16405e-24  2.01182e-07 -9.43107e-23  7.48505e-08 -3.58512e-23  3.98568e-09  5.32366e-23 -5.75779e-09  1.20697e-23  -2.1066e-09  4.05893e-25 -3.13143e-10 -5.66365e-25 -1.67628e-11 -1.43248e-25
-0.000275622  1.93701e-20   0.00223495  1.34944e-19  -0.00631173 -1.16791e-18   0.00870082  3.14829e-18  -0.00492004 -4.64062e-18  -0.00175901  5.17772e-18   0.00338984 -4.42718e-18  0.000143397  2.89909e-18  -0.00181854 -1.66134e-18 -7.45871e-06  5.43037e-19  0.000915533  7.53086e-20  8.80754e-05 -7.04085e-19 -0.000418848  1.25192e-18 -0.000117005 -9.53915e-19  0.000156359  1.28493e-19    8.845e-05  2.21374e-19 -3.67156e-05 -3.90915e-20   -4.457e-05 -7.52114e-20 -2.05653e-06  3.38052e-20  1.39184e-05 -1.16066e-20  5.90076e-06  7.55115e-21   -1.524e-06  1.11737e-21 -2.09812e-06 -4.30923e-22  -5.4722e-07 -4.38533e-22  1.61921e-07 -4.49098e-22   1.5167e-07 -6.12808e-23  4.09204e-08  8.71116e-23  1.92142e-09  2.11938e-23 -1.51887e-09  1.51848e-24  -3.5088e-10 -3.54024e-25 -2.10016e-11
-3.02611e-20  -0.00174376  1.34944e-19   0.00771065  5.47814e-19   -0.0154305 -3.47269e-18    0.0151345  7.28035e-18  -0.00358859 -9.25055e-18  -0.00648761  9.15384e-18   0.00415599 -6.46612e-18   0.00265687  4.07449e-18  -0.00247286 -2.17611e-18  -0.00131112  6.58938e-19    0.0011847  1.98979e-19  0.000749468 -1.41543e-18 -0.000448501  2.02724e-18 -0.000420265 -1.09876e-18  0.000101856 -1.51219e-19   0.00019952  3.21477e-19  1.62788e-05   2.4457e-20 -6.91759e-05 -7.56372e-20 -2.88969e-05  1.56887e-20  1.21415e-05 -2.27351e-20  1.32795e-05  8.89771e-21  1.98151e-06   6.4258e-21 -2.41088e-06  7.65016e-22 -1.43778e-06 -8.26587e-22 -1.80324e-07 -8.98962e-22  1.29996e-07 -1.12567e-22  6.91174e-08    9.003e-23  1.40231e-08  1.93797e-23   9.4302e-10  2.11988e-24 -6.09333e-11 -9.29194e-27
 0.000758342 -2.60377e-19  -0.00631173  5.47814e-19    0.0185362  1.55879e-18   -0.0272563 -7.55051e-18    0.0180284  1.27453e-17   0.00283391  -1.4546e-17      -0.0113  1.20019e-17   0.00181267 -7.17054e-18   0.00577639  4.67522e-18  -0.00148117 -2.35329e-18  -0.00295053  1.10343e-18  0.000613399  1.60245e-19   0.00149011 -2.17425e-18 -7.81154e-05  2.60072e-18 -0.000686804 -8.43268e-19  -0.00011528 -5.44349e-19  0.000255322  2.92019e-19  0.000117155  1.03472e-19 -5.85439e-05  -1.5031e-20 -6.05242e-05 -1.09847e-20 -2.94212e-06 -4.26357e-20  1.68348e-05  6.04476e-21   7.5774e-06   1.1523e-20 -8.20967e-07  2.87091e-21 -1.89256e-06 -7.23681e-22 -6.67559e-07 -1.08969e-21 -2.76536e-08 -1.30088e-22  5.06152e-08  6.05206e-23  1.69228e-08  6.05152e-24   2.2261e-09  1.82015e-24  8.87197e-11
 1.61719e-19   0.00335196 -1.16791e-18   -0.0154305  1.55879e-18    0.0328326  3.34221e-18   -0.0359541 -1.24369e-17    0.0135855  1.78179e-17    0.0119988 -1.82212e-17   -0.0125506  1.16993e-17  -0.00319384 -6.51331e-18   0.00736144    4.192e-18    0.0010707 -2.36252e-18  -0.00383598  2.26813e-18 -0.000701939 -3.13706e-19   0.00181066 -2.75549e-18  0.000581686  2.87228e-18 -0.000720204 -2.78895e-19 -0.000409506 -8.78304e-19  0.000197573  1.31864e-19  0.000217908  1.51734e-19 -5.45654e-06  8.48002e-20 -7.78573e-05 -2.70868e-20 -2.68804e-05 -6.31095e-20   1.2389e-05 -6.01035e-22   1.2187e-05  1.26664e-20  2.34218e-06  4.40297e-21  -1.3549e-06 -1.69913e-22 -9.43313e-07 -8.29656e-22 -2.22198e-07 -5.18738e-23 -5.98816e-09  2.54018e-23  7.53878e-09  -7.4924e-24  1.26387e-09  1.13298e-24
 -0.00100016  9.41059e-19   0.00870082 -3.47269e-18   -0.0272563  3.34221e-18    0.0443151  5.39911e-18   -0.0360706 -1.55402e-17    0.0033102  2.01481e-17    0.0188119 -1.75132e-17  -0.00918452  8.76909e-18  -0.00816258 -5.16508e-18   0.00642452  2.35884e-18   0.00386915   -2.498e-18  -0.00346015  4.20894e-18  -0.00212562 -1.31029e-18   0.00152712 -3.14837e-18    0.0012319  2.92798e-18 -0.000484903   3.4526e-19 -0.000651719 -1.02677e-18  3.86672e-05 -8.31073e-20  0.000271734  1.53308e-19  7.26471e-05  1.75721e-19 -6.95966e-05   -2.309e-20 -4.97245e-05 -7.13953e-20  2.51324e-07  -7.4963e-21  1.29631e-05  8.57499e-21  5.60749e-06   4.0031e-21  8.60398e-08  3.29355e-22 -7.60341e-07 -2.99754e-22 -3.03854e-07  9.53572e-23 -5.13355e-08  3.58116e-24 -2.75088e-09 -1.23887e-23  1.01609e-10
-3.84952e-19  -0.00304312  3.14829e-18    0.0151345 -7.55051e-18   -0.0359541  5.39911e-18    0.0468762  6.29006e-18   -0.0280903 -1.42805e-17  -0.00694368  1.74717e-17    0.0203663 -1.19208e-17  -0.00362416  6.04795e-18    -0.010897 -3.40383e-18   0.00386132 -4.71647e-19   0.00575148 -2.77835e-18  -0.00219637  6.46659e-18  -0.00312764 -2.48009e-18  0.000824085 -3.45852e-18   0.00165638  2.84065e-18 -8.08384e-05  7.90044e-19 -0.000765699 -9.59774e-19 -0.000167718 -2.68507e-19  0.000259522  1.17401e-19  0.000149984  2.20502e-19  -3.6399e-05  -3.0053e-21 -6.23925e-05 -5.95346e-20 -1.55958e-05 -1.05641e-20   8.9038e-06  1.33418e-21  7.31569e-06  1.58807e-21     1.74e-06  2.48973e-22 -1.91098e-07  1.15596e-22 -2.13726e-07  2.12457e-22 -5.11242e-08 -8.65936e-24 -4.76984e-09 -9.14458e-24
 0.000501646  -1.7066e-18  -0.00492004  7.28035e-18    0.0180284 -1.24369e-17   -0.0360706  6.29006e-18    0.0405468  4.70878e-18   -0.0180224 -8.40444e-18   -0.0127215  9.27616e-18    0.0180897  -4.7058e-18   0.00117738  5.37708e-18   -0.0113713  -1.0246e-18   0.00109309 -3.49871e-18   0.00652442 -2.92792e-18 -0.000668576   8.2313e-18  -0.00359016 -3.25073e-18 -2.88739e-05 -3.64468e-18   0.00180647  2.59006e-18  0.000372967  9.45448e-19 -0.000740399 -7.27038e-19 -0.000368572 -3.77377e-19  0.000186507  5.35867e-20  0.000205549  2.08233e-19  1.30069e-05  2.16132e-20 -6.00356e-05 -2.95986e-20 -2.97974e-05 -7.69891e-21  1.12772e-06 -5.21474e-21  6.51229e-06 -1.67394e-21  2.74283e-06 -5.51732e-22  4.15063e-07  1.79429e-22 -3.83397e-08  2.32165e-22 -2.10696e-08 -1.61976e-23 -1.75268e-09
  5.5712e-19  0.000424208 -4.64062e-18  -0.00358859  1.27453e-17    0.0135855 -1.55402e-17   -0.0280903  4.70878e-18    0.0313108   1.1416e-18   -0.0112199 -4.07958e-19   -0.0142792  -1.3797e-18    0.0150061 -1.46097e-19    0.0042697  5.74134e-18   -0.0107233  1.99013e-18  -0.00120391 -5.98544e-18    0.0065555 -2.68097e-18   0.00077176  8.86479e-18  -0.00362441 -3.32911e-18 -0.000862071 -3.52978e-18   0.00172071  2.14369e-18  0.000795208  8.64395e-19 -0.000597718 -4.10149e-19  -0.00052715 -4.03022e-19  7.01154e-05  -3.3483e-20  0.000227011  1.46857e-19  6.66198e-05  3.82462e-20 -4.25608e-05  7.77628e-21 -3.76451e-05  5.99636e-22 -7.73049e-06 -7.87356e-21  3.40431e-06  -4.2577e-21  2.57604e-06 -1.72535e-21  6.91802e-07 -1.07352e-23  8.01283e-08  1.79684e-22  1.50714e-09 -1.34646e-23
  0.00025995  2.12146e-18  -0.00175901 -9.25055e-18   0.00283391  1.78179e-17    0.0033102 -1.42805e-17   -0.0180224   1.1416e-18     0.024795 -2.18866e-18  -0.00827137   6.1314e-18   -0.0142684 -9.08773e-18    0.0125936   2.7196e-19   0.00623966  5.08286e-18  -0.00973987  5.12544e-18  -0.00302532 -7.58722e-18   0.00616366 -2.04231e-18   0.00202497   8.3707e-18  -0.00335289 -2.85871e-18  -0.00159518 -3.05152e-18   0.00145361  1.51485e-18   0.00113827  6.96413e-19 -0.000369876 -7.35676e-20 -0.000622021  -3.5644e-19 -6.79125e-05 -1.28848e-19  0.000210347  5.32989e-20  0.000112472  3.78035e-20 -1.38933e-05  3.91843e-20 -3.64322e-05  1.15956e-20 -1.45414e-05 -5.88604e-21 -7.06143e-07 -5.27714e-21  1.40218e-06  -2.6866e-21  5.42015e-07 -1.76094e-22  8.46853e-08   1.1774e-22  4.28188e-09
 -6.4285e-19   0.00146786  5.17772e-18  -0.00648761  -1.4546e-17    0.0119988  2.01481e-17  -0.00694368 -8.40444e-18   -0.0112199 -2.18866e-18    0.0218826  -3.3755e-18  -0.00693149  8.75327e-18   -0.0142743 -1.03217e-17    0.0107073 -1.91104e-18   0.00767782  2.94143e-18  -0.00861819  7.57884e-18  -0.00448008 -8.39189e-18   0.00550125 -1.33732e-18    0.0030648  7.28901e-18   -0.0028643 -2.12011e-18   -0.0021874 -2.36384e-18    0.0010579  7.57853e-19    0.0013759  5.60409e-19 -9.12717e-05  2.46619e-19 -0.000643945 -2.47115e-19  -0.00020563 -1.99829e-19  0.000158547 -4.90885e-20  0.000140795  1.89783e-20  1.92813e-05  5.50943e-20 -2.61721e-05  2.10767e-20 -1.68323e-05 -1.21671e-21 -3.99551e-06  -4.9327e-21 -1.45496e-08 -3.03573e-21  1.95501e-07 -1.66213e-22  3.42249e-08  6.60847e-23
-0.000363888 -2.14193e-18   0.00338984  9.15384e-18      -0.0113 -1.82212e-17    0.0188119  1.74717e-17   -0.0127215 -4.07958e-19  -0.00827137  -3.3755e-18    0.0204909 -2.46782e-18  -0.00569785  7.54637e-18   -0.0143354 -5.97096e-18   0.00899923 -4.71917e-18   0.00873648  8.29779e-19  -0.00740463  8.81388e-18   -0.0056089 -8.73394e-18   0.00466512 -9.88129e-19   0.00388081  6.14801e-18  -0.00223138 -1.25372e-18  -0.00262012 -1.68745e-18  0.000582216  -3.1766e-20   0.00149712  4.67173e-19  0.000205239  5.14107e-19 -0.000593299 -8.83141e-20 -0.000323362 -2.14723e-19  8.00923e-05 -1.32709e-19  0.000145459 -9.05974e-21  4.90566e-05  5.40384e-20 -9.67961e-06  2.51972e-20 -1.38105e-05  3.08382e-21 -5.05502e-06 -4.09633e-21 -8.45702e-07 -2.77615e-21 -4.20269e-08 -6.43187e-23  2.41084e-09
 5.74138e-19 -0.000651361 -4.42718e-18   0.00415599  1.20019e-17   -0.0125506 -1.75132e-17    0.0203663  9.27616e-18   -0.0142792   6.1314e-18  -0.00693149 -2.46782e-18     0.019172  -1.0545e-18  -0.00452157  4.84098e-18   -0.0142223  2.45557e-19   0.00744882 -7.48757e-18   0.00945944  5.22161e-19  -0.00617481  8.96004e-18  -0.00644875 -8.87115e-18   0.00373489 -1.16967e-18   0.00448115  5.09157e-18  -0.00151332 -2.98264e-19  -0.00289059 -1.14717e-18  6.85677e-05 -7.21866e-19   0.00150173  3.59257e-19  0.000490385   6.7588e-19 -0.000477768  8.43604e-20 -0.000405197 -1.71224e-19 -1.26201e-05 -1.75062e-19  0.000124856  -3.0986e-20  6.80248e-05  4.17408e-20  8.04125e-06  2.28674e-20 -6.91776e-06  5.21131e-21 -3.76846e-06 -3.44437e-21 -8.30048e-07 -2.16086e-21 -7.79205e-08 -5.43241e-24
-6.75786e-05  1.59812e-18  0.000143397 -6.46612e-18   0.00181267  1.16993e-17  -0.00918452 -1.19208e-17    0.0180897  -1.3797e-18   -0.0142684  8.75327e-18  -0.00569785  -1.0545e-18     0.017894 -7.46489e-19  -0.00362454  3.37753e-18   -0.0139917  4.89928e-18   0.00609845 -1.03918e-17    0.0099371  2.39838e-18  -0.00498038  8.62781e-18  -0.00705041 -8.75608e-18   0.00276364 -1.68956e-18   0.00488431  3.98137e-18 -0.000754472  6.36806e-19  -0.00300476 -7.62879e-19 -0.000448045 -1.18705e-18   0.00139668  2.09627e-19  0.000739133  6.91514e-19 -0.000310563  2.14618e-19 -0.000439947 -1.02149e-19 -0.000104861 -1.70641e-19  8.23482e-05 -3.63662e-20  7.10927e-05  2.56677e-20  2.11891e-05  1.63906e-20  5.60213e-07  5.46003e-21 -1.42635e-06 -3.00605e-21 -3.81976e-07 -1.42212e-21 -2.83955e-08
-3.82241e-19 -0.000682367  2.89909e-18   0.00265687 -7.17054e-18  -0.00319384  8.76909e-18  -0.00362416  -4.7058e-18    0.0150061 -9.08773e-18   -0.0142743  7.54637e-18  -0.00452157 -7.46489e-19    0.0168918 -2.14696e-18  -0.00294594  4.61333e-18   -0.0137479  6.51133e-18   0.00491449 -1.32662e-17    0.0102455  5.27642e-18  -0.00383603  8.28107e-18  -0.00745648 -8.10352e-18   0.00178374 -2.16748e-18   0.00510963  2.74329e-18  1.18207e-05  1.33357e-18  -0.00297273 -5.31931e-19 -0.000938438 -1.36171e-18   0.00119383  6.69533e-20  0.000930805  5.76022e-19 -0.000109149  2.58766e-19  -0.00042191 -4.92176e-20 -0.000181278 -1.33742e-19  2.61708e-05 -2.79509e-20   5.7228e-05  9.76509e-21  2.53437e-05  9.52719e-21   5.1524e-06  5.08079e-21  3.01073e-07 -2.43821e-21 -4.42685e-08 -6.93789e-22
 0.000197058 -9.72326e-19  -0.00181854  4.07449e-18   0.00577639 -6.51331e-18  -0.00816258  6.04795e-18   0.00117738 -1.46097e-19    0.0125936 -1.03217e-17   -0.0143354  4.84098e-18  -0.00362454 -2.14696e-18    0.0161148 -4.81092e-18   -0.0023724  8.28392e-18    -0.013507  5.39994e-18   0.00385574 -1.53498e-17    0.0104258  7.48862e-18  -0.00274601  7.81393e-18  -0.00769858 -6.70407e-18  0.000816785 -2.26472e-18   0.00517504  1.57789e-18   0.00075973   1.5997e-18  -0.00280676 -4.75279e-19  -0.00137804 -1.26489e-18  0.000908801  6.22267e-21   0.00104917  4.03181e-19  0.000105752  2.21127e-19 -0.000351615 -2.99321e-20 -0.000227912 -8.76271e-20 -3.14126e-05 -1.83221e-20  3.07333e-05 -5.67643e-21   1.9906e-05  5.06052e-21  5.45695e-06  4.82785e-21  7.24922e-07 -1.56147e-21  3.19482e-08
 1.92105e-19  0.000378823 -1.66134e-18  -0.00247286  4.67522e-18   0.00736144 -5.16508e-18    -0.010897  5.37708e-18    0.0042697   2.7196e-19    0.0107073 -5.97096e-18   -0.0142223  3.37753e-18  -0.00294594 -4.81092e-18    0.0154555 -7.82279e-18  -0.00187709  1.29115e-17   -0.0132655  2.82307e-18     0.002902 -1.58523e-17    0.0105069   8.0452e-18  -0.00171181  6.72144e-18  -0.00780214 -4.72353e-18 -0.000122759 -1.80651e-18   0.00509665  8.57147e-19   0.00146872  1.42415e-18  -0.00252023 -6.03324e-19  -0.00174586 -9.94501e-19  0.000560414  4.60543e-20   0.00108268  2.60131e-19  0.000311104  1.53196e-19 -0.000236529 -2.88939e-20 -0.000234646  -4.8676e-20 -7.61006e-05 -1.78575e-20  1.09117e-06 -1.99946e-20  9.12018e-06   3.8014e-21  3.02976e-06  4.57082e-21  3.88564e-07 -6.23226e-22
 3.49682e-05  4.05562e-19 -7.45871e-06 -2.17611e-18  -0.00148117    4.192e-18   0.00642452 -3.40383e-18   -0.0113713  5.74134e-18   0.00623966 -1.91104e-18   0.00899923  2.45557e-19   -0.0139917  4.61333e-18   -0.0023724 -7.82279e-18    0.0148907 -1.03052e-17   -0.0014534  1.65811e-17   -0.0130326  1.68072e-19   0.00203634 -1.43789e-17    0.0105122  7.02546e-18 -0.000730869  4.63488e-18    -0.007787 -2.73655e-18  -0.00102535 -8.50343e-19   0.00488815  8.30093e-19   0.00212167   1.0044e-18  -0.00212725 -8.56018e-19  -0.00202378 -6.95867e-19  0.000170564  1.20783e-19   0.00102514  1.92647e-19  0.000482733  1.12485e-19 -9.15801e-05 -1.87821e-20 -0.000198106 -1.90849e-20 -9.52657e-05 -2.66109e-20   -2.017e-05 -3.01039e-20 -3.02212e-07  4.67946e-21  6.52069e-07  3.76301e-21  7.35442e-08
-3.89533e-20  0.000354292  5.43037e-19  -0.00131112 -2.35329e-18    0.0010707  2.35884e-18   0.00386132  -1.0246e-18   -0.0107233  5.08286e-18   0.00767782 -4.71917e-18   0.00744882  4.89928e-18   -0.0137479  8.28392e-18  -0.00187709 -1.03052e-17    0.0144161 -1.15406e-17  -0.00108342  1.77029e-17   -0.0128141 -1.66507e-18    0.0012416 -1.09684e-17    0.0104579  5.20158e-18  0.000201348  1.72305e-18  -0.00766784 -1.45046e-18  -0.00188419  2.83703e-19   0.00456091  1.41792e-18   0.00270341  6.25978e-19  -0.00164287  -1.0966e-18  -0.00219603 -5.04198e-19 -0.000235629  1.31999e-19  0.000876625  1.83714e-19   0.00059707  1.16069e-19  6.09456e-05  1.15148e-20 -0.000124801  6.35941e-21 -8.36822e-05 -3.79036e-20 -2.57838e-05 -3.33638e-20 -4.08358e-06  5.42077e-21 -2.60953e-07  2.18027e-21
-9.54171e-05 -2.25548e-20  0.000915533  6.58938e-19  -0.00295053 -2.36252e-18   0.00386915 -4.71647e-19   0.00109309  1.99013e-18  -0.00973987  2.94143e-18   0.00873648 -7.48757e-18   0.00609845  6.51133e-18    -0.013507  1.29115e-17   -0.0014534 -1.15406e-17    0.0140154  -1.1029e-17 -0.000753034  1.56436e-17   -0.0126113 -2.54522e-18   0.00050375 -6.10764e-18    0.0103549    3.448e-18   0.00108981 -1.33116e-18  -0.00745514 -1.31158e-18  -0.00269381  1.11724e-18   0.00412437   2.2641e-18   0.00319954  4.98564e-19  -0.00108357 -1.17577e-18  -0.00224925 -4.77575e-19 -0.000629633  2.76598e-20  0.000645095  1.74529e-19  0.000633886  1.27891e-19  0.000192746  4.69005e-20 -3.35493e-05  2.79697e-20 -4.89582e-05 -4.71235e-20 -1.79985e-05 -3.06698e-20 -3.12119e-06   4.3242e-21 -1.89291e-07
 -5.2331e-20 -0.000156497  7.53086e-20    0.0011847  1.10343e-18  -0.00383598   -2.498e-18   0.00575148 -3.49871e-18  -0.00120391  5.12544e-18  -0.00861819  8.29779e-19   0.00945944 -1.03918e-17   0.00491449  5.39994e-18   -0.0132655  1.65811e-17  -0.00108342  -1.1029e-17    0.0136757 -8.73406e-18 -0.000454015  1.09537e-17   -0.0124247 -2.89605e-18 -0.000188848 -7.55858e-19    0.0102107  2.39762e-18    0.0019395 -3.69333e-18  -0.00715597 -2.26725e-18  -0.00344902  1.26303e-18   0.00358657  2.95151e-18   0.00359561  6.63879e-19 -0.000468101 -1.00727e-18  -0.00217301 -5.59967e-19 -0.000979493  -1.5992e-19  0.000348282  1.05918e-19   0.00058031  8.88351e-20  0.000273274  6.11494e-20  4.64279e-05  3.83453e-20  -1.0317e-05 -5.37016e-20 -6.49072e-06 -2.48534e-20 -1.05254e-06  1.95689e-21
 -2.9089e-05  -2.4798e-19  8.80754e-05  1.98979e-19  0.000613399  2.26813e-18  -0.00346015 -2.77835e-18   0.00652442 -5.98544e-18  -0.00302532  7.57884e-18  -0.00740463  5.22161e-19    0.0099371 -1.32662e-17   0.00385574  2.82307e-18   -0.0130326  1.77029e-17 -0.000753034 -8.73406e-18    0.0133899 -5.21111e-18 -0.000179308  4.99259e-18   -0.0122546 -3.20465e-18 -0.000846457  3.90535e-18    0.0100302  2.38511e-18   0.00275506 -4.77487e-18  -0.00677445 -3.81687e-18  -0.00414409    6.506e-19   0.00295467  3.18581e-18   0.00387651  1.01127e-18   0.00018144 -5.94821e-19  -0.00196094 -6.11247e-19  -0.00125034 -3.43058e-19  1.56898e-05 -4.86009e-20  0.000436428 -3.42663e-20  0.000278742  4.34997e-20  8.69948e-05  3.30828e-20  1.31634e-05  -5.5723e-20  3.86993e-07 -1.74093e-20 -7.16634e-08
 1.52364e-19 -0.000189859 -7.04085e-19  0.000749468  1.60245e-19 -0.000701939  4.20894e-18  -0.00219637 -2.92792e-18    0.0065555 -7.58722e-18  -0.00448008  8.81388e-18  -0.00617481  2.39838e-18    0.0102455 -1.53498e-17     0.002902  1.68072e-19   -0.0128141  1.56436e-17 -0.000454015 -5.21111e-18     0.013152 -1.32194e-18  7.71946e-05 -7.80057e-19   -0.0121007 -3.71509e-18  -0.00147809  6.95956e-18   0.00981566  3.45013e-18   0.00354049 -4.42677e-18  -0.00631222 -5.26871e-18  -0.00477197 -4.54703e-19   0.00223586  2.85481e-18   0.00402612  1.36642e-18  0.000838287 -8.97902e-21  -0.00161272 -4.98698e-19  -0.00140612 -4.44534e-19 -0.000310111 -2.72379e-19  0.000223332 -2.15738e-19   0.00020778  1.30272e-20  7.95277e-05  2.03936e-20  1.63084e-05 -4.85675e-20  1.56674e-06 -8.96326e-21
 3.90308e-05  5.57817e-19 -0.000418848 -1.41543e-18   0.00149011 -3.13706e-19  -0.00212562  6.46659e-18 -0.000668576 -2.68097e-18   0.00616366 -8.39189e-18   -0.0056089  8.96004e-18  -0.00498038  5.27642e-18    0.0104258 -1.58523e-17   0.00203634 -1.66507e-18   -0.0126113  1.09537e-17 -0.000179308 -1.32194e-18     0.012957  2.21707e-18   0.00032041 -5.32638e-18   -0.0119623 -4.47351e-18  -0.00209176  8.08119e-18   0.00956759   5.2845e-18   0.00429891 -2.90713e-18  -0.00576881 -6.03405e-18  -0.00532364  -1.6482e-18   0.00143822  2.01463e-18   0.00402733  1.59688e-18   0.00146957  6.50027e-19  -0.00113733 -1.86957e-19  -0.00141342 -4.42093e-19 -0.000573254 -5.12777e-19 -8.86407e-06 -3.78431e-19  9.37541e-05  4.35734e-21  4.32042e-05  1.42538e-20  8.69143e-06 -3.18766e-20   6.0138e-07
-2.00247e-19  3.70568e-05  1.25192e-18 -0.000448501 -2.17425e-18   0.00181066 -1.31029e-18  -0.00312764   8.2313e-18   0.00077176 -2.04231e-18   0.00550125 -8.73394e-18  -0.00644875  8.62781e-18  -0.00383603  7.48862e-18    0.0105069 -1.43789e-17    0.0012416 -2.54522e-18   -0.0124247  4.99259e-18  7.71946e-05  2.21707e-18    0.0128012  5.01942e-18  0.000554566 -8.15119e-18   -0.0118386 -5.49022e-18  -0.00269476  7.47951e-18   0.00928472  7.26917e-18   0.00503237 -7.28371e-19  -0.00514195 -5.85078e-18  -0.00578741 -2.63791e-18  0.000572048  8.60091e-19   0.00386254  1.67618e-18   0.00203472  1.27873e-18 -0.000557657  2.48756e-19  -0.00124734 -3.57116e-19 -0.000709402 -6.98847e-19  -0.00018687 -4.41626e-19 -6.80923e-06  3.38125e-20  9.19057e-06  1.81517e-20  1.98218e-06 -1.34514e-20
 2.14569e-05 -5.63485e-19 -0.000117005  2.02724e-18 -7.81154e-05 -2.75549e-18   0.00152712 -2.48009e-18  -0.00359016  8.86479e-18   0.00202497 -1.33732e-18   0.00466512 -8.87115e-18  -0.00705041  8.28107e-18  -0.00274601   8.0452e-18    0.0105122 -1.09684e-17   0.00050375 -2.89605e-18   -0.0122546 -7.80057e-19   0.00032041  5.01942e-18    0.0126819  6.92387e-18  0.000783452 -9.21438e-18   -0.0117285 -6.78129e-18  -0.00329381  5.64681e-18   0.00896412  8.74449e-18   0.00574154   1.5304e-18  -0.00442787 -4.87604e-18  -0.00614819 -3.36768e-18 -0.000348414 -3.31292e-19   0.00351483  1.66386e-18   0.00248413  1.78527e-18  8.46439e-05  6.95777e-19 -0.000902482 -2.15755e-19 -0.000668057 -7.73521e-19 -0.000249527 -3.79929e-19  -5.2225e-05   7.9502e-20  -5.3575e-06  2.17569e-20 -1.47786e-07
   1.128e-19  9.15993e-05 -9.53915e-19 -0.000420265  2.60072e-18  0.000581686 -3.14837e-18  0.000824085 -3.25073e-18  -0.00362441   8.3707e-18    0.0030648 -9.88129e-19   0.00373489 -8.75608e-18  -0.00745648  7.81393e-18  -0.00171181  7.02546e-18    0.0104579 -6.10764e-18 -0.000188848 -3.20465e-18   -0.0121007 -5.32638e-18  0.000554566  6.92387e-18     0.012597  7.92313e-18   0.00101055 -8.84733e-18   -0.0116308 -8.30936e-18  -0.00389529   3.1804e-18   0.00860119  9.36734e-18   0.00642536  3.40254e-18   -0.0036217  -3.5879e-18  -0.00638662 -3.94233e-18  -0.00130293 -1.30068e-18    0.0029702  1.61766e-18   0.00276009  2.10269e-18  0.000722902  1.08567e-18 -0.000416774  -4.2424e-20  -0.00045662  -7.3295e-19 -0.000195371  -2.4471e-19 -4.51245e-05  1.01206e-19  -4.9784e-06  1.56439e-20
 -1.1152e-05  1.97089e-19  0.000156359 -1.09876e-18 -0.000686804  2.87228e-18    0.0012319 -3.45852e-18 -2.88739e-05 -3.32911e-18  -0.00335289  7.28901e-18   0.00388081 -1.16967e-18   0.00276364 -8.10352e-18  -0.00769858  6.72144e-18 -0.000730869  5.20158e-18    0.0103549 -7.55858e-19 -0.000846457 -3.71509e-18   -0.0119623 -8.15119e-18  0.000783452  7.92313e-18    0.0125452  8.25812e-18   0.00123917 -7.65797e-18   -0.0115441 -9.94939e-18  -0.00450531  7.11515e-19   0.00818957  9.24588e-18   0.00708057  4.65438e-18  -0.00271795 -2.50877e-18  -0.00647843 -4.44904e-18  -0.00226245 -1.91256e-18   0.00222291  1.52068e-18   0.00279961  2.20396e-18   0.00125396  1.40091e-18  9.92544e-05  1.09589e-19 -0.000169181 -6.34263e-19 -8.95476e-05 -1.21132e-19 -1.95338e-05  8.17224e-20 -1.44477e-06
 4.46615e-21  7.82796e-06  1.28493e-19  0.000101856 -8.43268e-19 -0.000720204  2.92798e-18   0.00165638 -3.64468e-18 -0.000862071 -2.85871e-18   -0.0028643  6.14801e-18   0.00448115 -1.68956e-18   0.00178374 -6.70407e-18  -0.00780214  4.63488e-18  0.000201348    3.448e-18    0.0102107  3.90535e-18  -0.00147809 -4.47351e-18   -0.0118386 -9.21438e-18   0.00101055  8.25812e-18    0.0125257  8.44014e-18   0.00147262 -6.33316e-18   -0.0114667 -1.15003e-17  -0.00512987 -1.19142e-18   0.00772089  8.75025e-18   0.00770109  5.29822e-18   -0.0017114 -1.91508e-18  -0.00639385 -4.84324e-18  -0.00318414 -2.18525e-18   0.00128297   1.2949e-18   0.00253647  2.11094e-18   0.00153589  1.62089e-18  0.000475772  1.58816e-19  5.62663e-05 -5.44398e-19 -9.01402e-06 -5.66503e-20 -3.03834e-06  4.08791e-20
  -1.189e-05  8.34397e-20    8.845e-05 -1.51219e-19  -0.00011528 -2.78895e-19 -0.000484903  2.84065e-18   0.00180647 -3.52978e-18  -0.00159518 -2.12011e-18  -0.00223138  5.09157e-18   0.00488431 -2.16748e-18  0.000816785 -4.72353e-18    -0.007787  1.72305e-18   0.00108981  2.39762e-18    0.0100302  6.95956e-18  -0.00209176 -5.49022e-18   -0.0117285 -8.84733e-18   0.00123917  8.44014e-18    0.0125385  8.98917e-18   0.00171431  -5.3839e-18   -0.0113966 -1.26968e-17  -0.00577491 -2.19105e-18   0.00718459  8.20593e-18   0.00827691  5.49669e-18 -0.000598476 -1.74027e-18  -0.00609609 -4.97656e-18  -0.00400641 -2.22189e-18  0.000181933  8.85536e-19   0.00191793   1.8943e-18   0.00144152  1.70049e-18   0.00057964  6.58425e-20  0.000137704 -4.75161e-19   1.7713e-05 -3.55972e-20  8.16516e-07
-2.52007e-20 -3.43958e-05  2.21374e-19   0.00019952 -5.44349e-19 -0.000409506   3.4526e-19 -8.08384e-05  2.59006e-18   0.00172071 -3.05152e-18   -0.0021874 -1.25372e-18  -0.00151332  3.98137e-18   0.00510963 -2.26472e-18 -0.000122759 -2.73655e-18  -0.00766784 -1.33116e-18    0.0019395  2.38511e-18   0.00981566  8.08119e-18  -0.00269476 -6.78129e-18   -0.0116308 -7.65797e-18   0.00147262  8.98917e-18    0.0125838  1.00556e-17   0.00196785 -4.98441e-18   -0.0113314 -1.32433e-17  -0.00644631 -2.30696e-18   0.00656728  7.71998e-18   0.00879262  5.41511e-18  0.000621859 -1.71341e-18  -0.00554169  -4.6984e-18  -0.00464899  -2.1102e-18  -0.00100932  3.38144e-19  0.000973248  1.66697e-18  0.000977672  1.62096e-18  0.000427942 -1.01135e-19  0.000103529 -3.87212e-19  1.21014e-05  -2.0919e-20
 5.53983e-07 -5.10461e-20 -3.67156e-05  3.21477e-19  0.000255322 -8.78304e-19 -0.000651719  7.90044e-19  0.000372967  2.14369e-18   0.00145361 -2.36384e-18  -0.00262012 -2.98264e-19 -0.000754472  2.74329e-18   0.00517504 -1.80651e-18  -0.00102535 -1.45046e-18  -0.00745514 -3.69333e-18   0.00275506  3.45013e-18   0.00956759  7.47951e-18  -0.00329381 -8.30936e-18   -0.0115441 -6.33316e-18   0.00171431  1.00556e-17    0.0126628  1.12884e-17   0.00223728 -4.98907e-18   -0.0112681 -1.29202e-17  -0.00715004 -1.87234e-18   0.00585215  7.19501e-18   0.00922673   5.1104e-18   0.00194476 -1.57594e-18  -0.00468839 -3.93371e-18  -0.00500606    -1.89e-18  -0.00212494 -1.96764e-19 -8.92339e-05   1.5552e-18   0.00035609   1.4375e-18  0.000183162 -2.11533e-19  4.04407e-05 -2.59106e-19  3.05388e-06
-7.90539e-21 -1.37423e-05 -3.90915e-20  1.62788e-05  2.92019e-19  0.000197573 -1.02677e-18 -0.000765699  9.45448e-19  0.000795208  1.51485e-18    0.0010579 -1.68745e-18  -0.00289059  6.36806e-19  1.18207e-05  1.57789e-18   0.00509665 -8.50343e-19  -0.00188419 -1.31158e-18  -0.00715597 -4.77487e-18   0.00354049   5.2845e-18   0.00928472  5.64681e-18  -0.00389529 -9.94939e-18   -0.0114667  -5.3839e-18   0.00196785  1.12884e-17     0.012777  1.20688e-17   0.00252725 -5.07933e-18   -0.0112028 -1.17172e-17  -0.00789224  -1.3294e-18   0.00501943  6.44282e-18   0.00954877  4.53602e-18   0.00334844 -1.19608e-18  -0.00349844  -2.7227e-18  -0.00491438 -1.61341e-18  -0.00285838 -5.40535e-19 -0.000899646  1.63184e-18 -0.000119848  1.23663e-18  1.17577e-05 -2.01456e-19   5.0012e-06 -1.22436e-19
 4.50079e-06  -3.8436e-20   -4.457e-05   2.4457e-20  0.000117155  1.31864e-19  3.86672e-05 -9.59774e-19 -0.000740399  8.64395e-19   0.00113827  7.57853e-19  0.000582216 -1.14717e-18  -0.00300476  1.33357e-18   0.00075973  8.57147e-19   0.00488815  2.83703e-19  -0.00269381 -2.26725e-18  -0.00677445 -4.42677e-18   0.00429891  7.26917e-18   0.00896412   3.1804e-18  -0.00450531 -1.15003e-17   -0.0113966 -4.98441e-18   0.00223728  1.20688e-17     0.012929  1.18888e-17   0.00284307 -4.93784e-18   -0.0111308 -9.86779e-18  -0.00867782 -1.00029e-18   0.00404533  5.32378e-18   0.00970989  3.66628e-18   0.00478872 -5.43665e-19  -0.00192264 -1.25676e-18  -0.00415658 -1.41333e-18  -0.00287371 -5.89079e-19  -0.00115516   1.8392e-18 -0.000284785   1.0418e-18 -3.93427e-05 -1.22645e-19 -2.03805e-06
 1.47283e-20   7.6301e-06 -7.52114e-20 -6.91759e-05  1.03472e-19  0.000217908 -8.31073e-20 -0.000167718 -7.27038e-19 -0.000597718  6.96413e-19    0.0013759  -3.1766e-20  6.85677e-05 -7.62879e-19  -0.00297273   1.5997e-18   0.00146872  8.30093e-19   0.00456091  1.11724e-18  -0.00344902 -3.81687e-18  -0.00631222 -2.90713e-18   0.00503237  8.74449e-18   0.00860119  7.11515e-19  -0.00512987 -1.26968e-17   -0.0113314 -4.98907e-18   0.00252725  1.18888e-17    0.0131218  1.06097e-17   0.00319092 -4.38058e-18   -0.0110448  -7.7526e-18  -0.00951042 -9.76029e-19   0.00289537  3.86751e-18    0.0096414  2.62828e-18   0.00621315   3.6992e-19  7.12297e-05  1.04049e-19  -0.00263054 -1.46743e-18  -0.00210044 -3.77112e-19 -0.000878538   1.9752e-18 -0.000211872  8.05914e-19 -2.51212e-05 -5.79766e-20
   1.439e-06  3.11001e-20 -2.05653e-06 -7.56372e-20 -5.85439e-05  1.51734e-19  0.000271734 -2.68507e-19 -0.000368572 -4.10149e-19 -0.000369876  5.60409e-19   0.00149712 -7.21866e-19 -0.000448045 -5.31931e-19  -0.00280676  1.42415e-18   0.00212167  1.41792e-18   0.00412437  1.26303e-18  -0.00414409 -5.26871e-18  -0.00576881 -7.28371e-19   0.00574154  9.36734e-18   0.00818957 -1.19142e-18  -0.00577491 -1.32433e-17   -0.0112681 -5.07933e-18   0.00284307  1.06097e-17    0.0133598  8.51702e-18   0.00357944 -3.42511e-18   -0.0109345 -5.75765e-18   -0.0103976 -1.16006e-18   0.00152776   2.2921e-18   0.00927512  1.69211e-18   0.00753102  1.47713e-18   0.00231954  9.07546e-19 -0.000632355 -1.86782e-18  -0.00092186 -8.34287e-20 -0.000399345  1.82628e-18 -8.38131e-05  5.11457e-19 -6.22179e-06
-4.81911e-21  7.33381e-06  3.38052e-20 -2.88969e-05  -1.5031e-20 -5.45654e-06  1.53308e-19  0.000259522 -3.77377e-19  -0.00052715 -7.35676e-20 -9.12717e-05  4.67173e-19   0.00150173 -1.18705e-18 -0.000938438 -4.75279e-19  -0.00252023   1.0044e-18   0.00270341   2.2641e-18   0.00358657    6.506e-19  -0.00477197 -6.03405e-18  -0.00514195   1.5304e-18   0.00642536  9.24588e-18   0.00772089 -2.19105e-18  -0.00644631 -1.29202e-17   -0.0112028 -4.93784e-18   0.00319092  8.51702e-18    0.0136493    6.197e-18   0.00401985 -2.28147e-18   -0.0107916 -4.16517e-18   -0.0113446 -1.39678e-18 -8.03415e-05  8.56263e-19   0.00852197  1.11003e-18   0.00845715  2.59603e-18   0.00425427  7.98678e-19     0.001113 -2.54518e-18  5.11442e-05  6.69284e-20 -5.33215e-05  1.37918e-18 -1.22099e-05  2.16261e-19
-8.72907e-07 -7.71667e-21  1.39184e-05  1.56887e-20 -6.05242e-05  8.48002e-20  7.26471e-05  1.17401e-19  0.000186507 -4.03022e-19 -0.000622021  2.46619e-19  0.000205239  3.59257e-19   0.00139668 -1.36171e-18  -0.00137804 -6.03324e-19  -0.00212725  6.25978e-19   0.00319954  2.95151e-18   0.00295467 -4.54703e-19  -0.00532364 -5.85078e-18  -0.00442787  3.40254e-18   0.00708057  8.75025e-18   0.00718459 -2.30696e-18  -0.00715004 -1.17172e-17   -0.0111308 -4.38058e-18   0.00357944    6.197e-18    0.0139992   4.2719e-18   0.00452086 -1.24853e-18   -0.0106034  -3.0832e-18   -0.0123265 -1.60053e-18  -0.00194777 -3.49403e-19   0.00714425  1.00182e-18   0.00839758  3.44588e-18   0.00506094 -3.01167e-19   0.00191107 -3.28848e-18  0.000454828  1.36968e-20  6.15229e-05  8.29942e-19  3.15421e-06
 1.84479e-21  4.25006e-07 -1.16066e-20  1.21415e-05 -1.09847e-20 -7.78573e-05  1.75721e-19  0.000149984  5.35867e-20  7.01154e-05  -3.5644e-19 -0.000643945  5.14107e-19  0.000490385  2.09627e-19   0.00119383 -1.26489e-18  -0.00174586 -8.56018e-19  -0.00164287  4.98564e-19   0.00359561  3.18581e-18   0.00223586  -1.6482e-18  -0.00578741 -4.87604e-18   -0.0036217  4.65438e-18   0.00770109  8.20593e-18   0.00656728 -1.87234e-18  -0.00789224 -9.86779e-18   -0.0110448 -3.42511e-18   0.00401985   4.2719e-18    0.0144154  3.09944e-18   0.00509494 -5.46499e-19   -0.0103242 -2.42766e-18   -0.0133014  -1.8323e-18   -0.0041986 -1.40046e-18   0.00471787   1.4361e-18    0.0067636  3.73457e-18   0.00431395 -2.10922e-18   0.00166263 -3.75309e-18   0.00038678 -6.74786e-20  4.52143e-05  3.76679e-19
 -7.6566e-07  4.42881e-21  5.90076e-06 -2.27351e-20 -2.94212e-06 -2.70868e-20 -6.95966e-05  2.20502e-19  0.000205549  -3.3483e-20 -6.79125e-05 -2.47115e-19 -0.000593299   6.7588e-19  0.000739133  6.69533e-20  0.000908801 -9.94501e-19  -0.00202378  -1.0966e-18  -0.00108357  6.63879e-19   0.00387651  2.85481e-18   0.00143822 -2.63791e-18  -0.00614819  -3.5879e-18  -0.00271795  5.29822e-18   0.00827691  7.71998e-18   0.00585215  -1.3294e-18  -0.00867782  -7.7526e-18   -0.0109345 -2.28147e-18   0.00452086  3.09944e-18    0.0149071  2.62558e-18   0.00578565 -1.98538e-19  -0.00989181 -1.99837e-18   -0.0143132 -2.26037e-18  -0.00705477 -2.22899e-18   0.00103717  2.50577e-18   0.00367373  3.26612e-18   0.00248483 -3.93944e-18  0.000897702 -3.57323e-18  0.000174335 -3.16314e-20  1.24596e-05
 -1.1838e-21 -1.91138e-06  7.55115e-21  1.32795e-05 -4.26357e-20 -2.68804e-05   -2.309e-20  -3.6399e-05  2.08233e-19  0.000227011 -1.28848e-19  -0.00020563 -8.83141e-20 -0.000477768  6.91514e-19  0.000930805  6.22267e-21  0.000560414 -6.95867e-19  -0.00219603 -1.17577e-18 -0.000468101  1.01127e-18   0.00402612  2.01463e-18  0.000572048 -3.36768e-18  -0.00638662 -2.50877e-18   -0.0017114  5.49669e-18   0.00879262  7.19501e-18   0.00501943 -1.00029e-18  -0.00951042 -5.75765e-18   -0.0107916 -1.24853e-18   0.00509494  2.62558e-18    0.0155137  2.49205e-18   0.00664946 -5.09776e-20  -0.00932879  -1.6189e-18    -0.015464 -2.98066e-18   -0.0104001 -2.38478e-18   -0.0032219  4.16144e-18  0.000261168  2.15957e-18  0.000648023 -4.89648e-18  0.000246787 -2.70251e-18  3.78384e-05  1.05066e-19
-8.48909e-08 -1.40565e-21   -1.524e-06  8.89771e-21  1.68348e-05 -6.31095e-20 -4.97245e-05  -3.0053e-21  1.30069e-05  1.46857e-19  0.000210347 -1.99829e-19 -0.000323362  8.43604e-20 -0.000310563  5.76022e-19   0.00104917  4.60543e-20  0.000170564 -5.04198e-19  -0.00224925 -1.00727e-18   0.00018144  1.36642e-18   0.00402733  8.60091e-19 -0.000348414 -3.94233e-18  -0.00647843 -1.91508e-18 -0.000598476  5.41511e-18   0.00922673  6.44282e-18   0.00404533 -9.76029e-19   -0.0103976 -4.16517e-18   -0.0106034 -5.46499e-19   0.00578565  2.49205e-18    0.0162856  2.30646e-18   0.00765356  1.32103e-19   -0.0087073 -1.25298e-18   -0.0164803   -3.868e-18   -0.0132163 -1.27946e-18  -0.00647621   6.1041e-18   -0.0020243  1.00744e-18 -0.000380414 -4.56441e-18 -3.53514e-05 -1.54112e-18 -7.94827e-07
-4.21194e-23 -8.93712e-07  1.11737e-21  1.98151e-06  6.04476e-21   1.2389e-05 -7.13953e-20 -6.23925e-05  2.16132e-20  6.66198e-05  5.32989e-20  0.000158547 -2.14723e-19 -0.000405197  2.14618e-19 -0.000109149  4.03181e-19   0.00108268  1.20783e-19 -0.000235629 -4.77575e-19  -0.00217301 -5.94821e-19  0.000838287  1.59688e-18   0.00386254 -3.31292e-19  -0.00130293 -4.44904e-18  -0.00639385 -1.74027e-18  0.000621859   5.1104e-18   0.00954877  5.32378e-18   0.00289537 -1.16006e-18   -0.0113446  -3.0832e-18   -0.0103242 -1.98538e-19   0.00664946  2.30646e-18     0.017182  1.92345e-18   0.00871414  6.07215e-19  -0.00772718 -1.11012e-18   -0.0162568 -4.62155e-18   -0.0138376  1.41702e-18  -0.00730931  8.01632e-18  -0.00253817  3.84281e-19 -0.000552499 -3.41782e-18 -6.18423e-05 -4.28945e-19
  1.4486e-07 -4.22001e-22 -2.09812e-06   6.4258e-21   7.5774e-06 -6.01035e-22  2.51324e-07 -5.95346e-20 -6.00356e-05  3.82462e-20  0.000112472 -4.90885e-20  8.00923e-05 -1.71224e-19 -0.000439947  2.58766e-19  0.000105752  2.60131e-19   0.00102514  1.31999e-19 -0.000629633 -5.59967e-19  -0.00196094 -8.97902e-21   0.00146957  1.67618e-18   0.00351483 -1.30068e-18  -0.00226245 -4.84324e-18  -0.00609609 -1.71341e-18   0.00194476  4.53602e-18   0.00970989  3.86751e-18   0.00152776 -1.39678e-18   -0.0123265 -2.42766e-18  -0.00989181 -5.09776e-20   0.00765356  1.92345e-18      0.01811  1.65494e-18    0.0101093  1.52447e-18   -0.0053434 -1.71437e-18   -0.0133322 -4.69044e-18   -0.0112943  5.74145e-18  -0.00569624  9.54209e-18  -0.00179986  4.87762e-20 -0.000324864 -2.12295e-18 -2.22791e-05
 1.23685e-22  5.93003e-08 -4.30923e-22 -2.41088e-06   1.1523e-20   1.2187e-05  -7.4963e-21 -1.55958e-05 -2.95986e-20 -4.25608e-05  3.78035e-20  0.000140795 -1.32709e-19 -1.26201e-05 -1.02149e-19  -0.00042191  2.21127e-19  0.000311104  1.92647e-19  0.000876625  2.76598e-20 -0.000979493 -6.11247e-19  -0.00161272  6.50027e-19   0.00203472  1.66386e-18    0.0029702 -1.91256e-18  -0.00318414 -4.97656e-18  -0.00554169 -1.57594e-18   0.00334844  3.66628e-18    0.0096414   2.2921e-18 -8.03415e-05 -1.60053e-18   -0.0133014 -1.99837e-18  -0.00932879  1.32103e-19   0.00871414  1.65494e-18    0.0193343  2.25151e-18     0.012802  2.55214e-18 -0.000385578 -3.49876e-18  -0.00737599 -2.88234e-18  -0.00646679  1.11851e-17  -0.00301322  9.77915e-18 -0.000808277 -5.69683e-19 -0.000105779 -7.30189e-19
 7.93315e-08  2.16405e-24  -5.4722e-07  7.65016e-22 -8.20967e-07  1.26664e-20  1.29631e-05 -1.05641e-20 -2.97974e-05  7.77628e-21 -1.38933e-05  1.89783e-20  0.000145459 -1.75062e-19 -0.000104861 -4.92176e-20 -0.000351615  1.53196e-19  0.000482733  1.83714e-19  0.000645095  -1.5992e-19  -0.00125034 -4.98698e-19  -0.00113733  1.27873e-18   0.00248413  1.61766e-18   0.00222291 -2.18525e-18  -0.00400641  -4.6984e-18  -0.00468839 -1.19608e-18   0.00478872  2.62828e-18   0.00927512  8.56263e-19  -0.00194777  -1.8323e-18   -0.0143132  -1.6189e-18   -0.0087073  6.07215e-19    0.0101093  2.25151e-18    0.0217846  4.27638e-18    0.0177461  2.57647e-18   0.00690754  -5.6634e-18 -0.000152575   2.1867e-18  -0.00161378  1.58331e-17 -0.000827937  7.66101e-18 -0.000190341 -1.08872e-18 -1.50601e-05
  1.6071e-23  2.01182e-07 -4.38533e-22 -1.43778e-06  2.87091e-21  2.34218e-06  8.57499e-21   8.9038e-06 -7.69891e-21 -3.76451e-05  3.91843e-20  1.92813e-05 -9.05974e-21  0.000124856 -1.70641e-19 -0.000181278 -2.99321e-20 -0.000236529  1.12485e-19   0.00059707  1.74529e-19  0.000348282 -3.43058e-19  -0.00140612 -1.86957e-19 -0.000557657  1.78527e-18   0.00276009  1.52068e-18   0.00128297 -2.22189e-18  -0.00464899 -3.93371e-18  -0.00349844 -5.43665e-19   0.00621315  1.69211e-18   0.00852197 -3.49403e-19   -0.0041986 -2.26037e-18    -0.015464 -1.25298e-18  -0.00772718  1.52447e-18     0.012802  4.27638e-18    0.0263381  6.85087e-18    0.0243483  4.13382e-19    0.0141416 -5.66121e-18   0.00545021  9.88552e-18   0.00135877  1.67176e-17  0.000198276  3.76125e-18  1.30032e-05 -5.73545e-19
  8.3081e-09 -9.43107e-23  1.61921e-07 -8.26587e-22 -1.89256e-06  4.40297e-21  5.60749e-06  1.33418e-21  1.12772e-06  5.99636e-22 -3.64322e-05  5.50943e-20  4.90566e-05  -3.0986e-20  8.23482e-05 -1.33742e-19 -0.000227912 -2.88939e-20 -9.15801e-05  1.16069e-19  0.000633886  1.05918e-19  1.56898e-05 -4.44534e-19  -0.00141342  2.48756e-19  8.46439e-05  2.10269e-18   0.00279961   1.2949e-18  0.000181933  -2.1102e-18  -0.00500606  -2.7227e-18  -0.00192264   3.6992e-19   0.00753102  1.11003e-18   0.00714425 -1.40046e-18  -0.00705477 -2.98066e-18   -0.0164803 -1.11012e-18   -0.0053434  2.55214e-18    0.0177461  6.85087e-18    0.0322866  7.20589e-18    0.0298869 -3.38808e-18     0.018153 -1.30458e-18   0.00757251  1.62493e-17    0.0021087  1.26075e-17  0.000348754  5.69635e-19  2.25717e-05
 -2.6708e-23  7.48505e-08 -4.49098e-22 -1.80324e-07 -7.23681e-22  -1.3549e-06   4.0031e-21  7.31569e-06 -5.21474e-21 -7.73049e-06  1.15956e-20 -2.61721e-05  5.40384e-20  6.80248e-05 -3.63662e-20  2.61708e-05 -8.76271e-20 -0.000234646 -1.87821e-20  6.09456e-05  1.27891e-19   0.00058031 -4.86009e-20 -0.000310111 -4.42093e-19  -0.00124734  6.95777e-19  0.000722902  2.20396e-18   0.00253647  8.85536e-19  -0.00100932    -1.89e-18  -0.00491438 -1.25676e-18  7.12297e-05  1.47713e-18   0.00845715  1.00182e-18   0.00471787 -2.22899e-18   -0.0104001   -3.868e-18   -0.0162568 -1.71437e-18 -0.000385578  2.57647e-18    0.0243483  7.20589e-18     0.036814  2.99857e-18    0.0311618 -5.87523e-18    0.0174324  5.95031e-18   0.00654981  1.69413e-17   0.00155171  6.13938e-18  0.000188413 -1.99736e-19
