 5.29775e-20 -8.45757e-34 -2.18374e-18  5.03918e-32  3.46746e-17 -9.85311e-31   -3.271e-16  1.18168e-29  2.11032e-15 -1.02459e-28 -9.97148e-15  6.88097e-28  3.58409e-14 -3.71348e-27 -1.00072e-13   1.6486e-26  2.19059e-13 -6.12067e-26 -3.75417e-13  1.92339e-25  4.96554e-13  -5.1619e-25 -4.88873e-13  1.19094e-24  3.27338e-13 -2.37351e-24 -1.06382e-13  4.10013e-24 -3.60975e-14 -6.15494e-24  5.22915e-14  8.05015e-24 -9.91696e-15 -9.21456e-24 -1.24232e-14  9.32414e-24  5.31731e-15 -8.52997e-24  2.72795e-15  7.35779e-24 -1.52717e-15  -6.3197e-24 -6.99573e-16   5.5586e-24   3.1946e-16 -4.83627e-24  1.96682e-16  3.85518e-24 -3.88128e-17 -2.59143e-24 -4.84327e-17  1.32991e-24 -3.34714e-18  -4.0975e-25  8.21666e-18 -3.95088e-26  2.89776e-18  1.35663e-25  -5.0239e-19 -8.59022e-26 -6.17467e-19  2.99145e-26 -1.31521e-19 -5.65507e-27  4.04184e-20  6.21787e-28  3.14191e-20 -2.09998e-28  6.44168e-21 -3.60168e-29 -1.18733e-21  1.46959e-28 -1.10826e-21 -7.19874e-29 -2.92352e-22  1.77816e-30 -8.43157e-24  1.08086e-29  2.07278e-23 -3.81767e-30  8.00427e-24 -1.49357e-31   1.3942e-24  4.64303e-31 -1.41491e-26 -1.02137e-31 -8.14045e-26 -1.43521e-32 -2.53615e-26  4.89873e-33  -4.2414e-27  2.47699e-33  -2.6672e-28 -7.37024e-34  6.97909e-29 -9.60669e-35  2.65616e-29  8.41828e-37  4.88319e-30  1.53318e-35  5.64758e-31  1.11716e-36  3.25939e-32  -3.0148e-37 -2.22512e-33 -3.21191e-37 -8.30796e-34  3.95661e-38 -1.15902e-34  5.55616e-39 -1.05018e-35 -1.69296e-39 -6.46349e-37 -1.10274e-40 -2.40296e-38  4.77554e-41 -1.26944e-40  2.33152e-42  4.56586e-41 -1.34885e-43  2.99126e-42 -9.43432e-46  9.48579e-44 -1.98766e-46  9.57399e-46  8.64345e-48
-8.45757e-34  3.14927e-18 -2.62718e-32 -7.36823e-17  1.08607e-30  8.89555e-16 -1.71285e-29 -6.94853e-15   1.7666e-28  3.86476e-14 -1.36411e-27 -1.61021e-13  8.32882e-27  5.17137e-13 -4.14015e-26 -1.29963e-12  1.70777e-25  2.56706e-12  -5.9265e-25 -3.95959e-12   1.7481e-24  4.66674e-12 -4.41602e-24 -3.99034e-12  9.60697e-24  2.14668e-12  -1.8066e-23 -2.97625e-13  2.94343e-23 -5.14555e-13 -4.15956e-23  3.36776e-13  5.10115e-23  3.46494e-14 -5.43613e-23 -1.07111e-13  5.06302e-23  8.69153e-15 -4.19921e-23  2.80473e-14  3.25053e-23 -3.02566e-15 -2.54546e-23 -7.04783e-15  2.14438e-23  1.22723e-16 -1.87144e-23  1.61142e-15  1.51934e-23  2.49826e-16 -1.03452e-23 -2.78995e-16   5.3209e-24 -1.15231e-16 -1.63785e-24  2.09169e-17 -1.19734e-25  2.61648e-17  4.64542e-25  4.63303e-18 -2.67163e-25 -2.54893e-18   7.5056e-26 -1.53807e-18  -7.6309e-27 -1.90458e-19  8.78549e-28  1.27537e-19 -1.75442e-27  6.89055e-20   3.6667e-28   1.1254e-20  4.15391e-28 -2.86482e-21 -2.32986e-28 -2.10658e-21  3.51349e-30 -5.21108e-22  3.53827e-29  -2.1688e-23 -1.24314e-29  2.97146e-23 -4.05526e-31  1.17017e-23  1.57806e-30  2.20145e-24 -3.71949e-31  1.02589e-25  -5.1059e-32 -7.13612e-26   1.8824e-32 -2.59259e-26   9.5724e-33 -4.87938e-27 -2.99515e-33 -5.06869e-28 -4.02751e-34   4.8014e-30  5.18139e-35   1.3405e-29  4.33515e-35  2.96458e-30  4.81945e-36   3.9607e-31 -2.91224e-37  3.45456e-32 -1.03287e-36  1.47983e-33  6.86186e-38 -8.78271e-35   1.2664e-38 -2.32493e-35 -5.08491e-39 -2.37058e-36 -1.88346e-40 -1.54905e-37  1.35391e-40 -6.80059e-39  5.03413e-42  -1.8178e-40  -2.5541e-43  -1.9286e-42  7.29753e-45  3.50288e-44  1.23822e-46  4.49313e-46
-2.18374e-18 -2.62718e-32  9.20818e-17 -4.57714e-31 -1.49738e-15  1.43341e-29  1.44843e-14 -1.88701e-28 -9.59592e-14  1.70788e-27  4.66383e-13 -1.19083e-26 -1.72771e-12  6.67778e-26  4.98403e-12 -3.08113e-25 -1.13077e-11  1.18792e-24  2.01728e-11 -3.87145e-24  -2.7958e-11  1.07587e-23   2.9174e-11 -2.56609e-23 -2.12533e-11  5.27726e-23  8.42802e-12 -9.38501e-23  1.18356e-12  1.44521e-22 -3.37024e-12 -1.92676e-22  1.07833e-12  2.22069e-22  6.66312e-13 -2.20811e-22 -4.62786e-13  1.89436e-22 -1.19274e-13 -1.41765e-22  1.32106e-13  9.68063e-23  2.98592e-14 -6.74061e-23 -3.09011e-14  5.41342e-23 -1.01502e-14 -4.83399e-23  5.43695e-15  4.07869e-23   3.1708e-15 -2.84432e-23 -4.06847e-16  1.46872e-23 -7.11077e-16 -4.44299e-24 -1.21425e-16 -3.31589e-25  8.61897e-17  1.15426e-24  4.68851e-17 -5.81554e-25  2.40513e-18   1.1343e-25 -5.86734e-18  8.18637e-27 -2.39591e-18  5.27033e-28 -1.34263e-19 -6.67504e-27  2.28085e-19  1.72242e-27  9.83608e-20  8.66375e-28  1.36759e-20 -4.98791e-28 -3.93872e-21 -1.12332e-29  -2.5733e-21  8.23184e-29  -6.2201e-22 -2.85953e-29  -4.0456e-23 -8.38341e-31  2.50895e-23   3.9944e-30   1.0656e-23 -9.97286e-31  2.17325e-24 -1.47322e-31  1.96416e-25  6.08885e-32 -2.79611e-26  2.53485e-32 -1.48092e-26 -9.18532e-33  -3.1365e-27 -1.03644e-33 -4.06323e-28  2.64119e-34 -2.59349e-29  7.34326e-35  2.01482e-30  1.58275e-35  8.24915e-31  1.78013e-36  1.27607e-31 -2.40788e-36  1.28145e-32  6.73322e-40  8.64252e-34  1.51013e-38  3.19644e-35 -1.06291e-38 -4.93594e-37 -1.77273e-40 -1.57481e-37  2.52027e-40 -1.11604e-38  7.59024e-42 -4.36271e-40 -2.28068e-43 -9.38424e-42  2.00129e-44 -8.29943e-44  3.40616e-46
 5.03918e-32 -7.36823e-17 -4.57714e-31  1.76545e-15 -5.44195e-30  -2.1854e-14  1.35655e-28  1.75269e-13 -1.52825e-27 -1.00246e-12  1.23478e-26  4.30282e-12 -7.87614e-26 -1.42681e-11  4.09731e-25  3.71256e-11 -1.76839e-24 -7.62039e-11  6.41091e-24  1.22783e-10 -1.97125e-23  -1.5242e-10  5.17998e-23  1.39456e-10 -1.16987e-22 -8.38412e-11  2.27968e-22  1.94248e-11 -3.84155e-22  1.53042e-11  5.60132e-22 -1.39695e-11  -7.0581e-22  6.83602e-13  7.66105e-22  3.97532e-12 -7.12452e-22 -9.72487e-13  5.63959e-22 -9.85832e-13 -3.79426e-22  3.03485e-13  2.23688e-22   2.5535e-13 -1.32563e-22 -5.59328e-14  1.00428e-22 -6.59366e-14 -9.52945e-23  1.79273e-15  8.62949e-23  1.42525e-14 -6.25726e-23  2.93017e-15   3.2559e-23 -1.94415e-15 -9.56008e-24 -1.07738e-15 -9.07939e-25  7.28971e-19   2.4073e-24  1.71866e-16 -1.02524e-24  5.77849e-17  9.00234e-26 -3.93162e-18  6.24033e-26 -8.95975e-18  1.05814e-27  -2.7796e-18 -1.73238e-26 -9.77092e-21   4.1866e-27  2.86755e-19  1.52676e-27  1.06716e-19 -7.60932e-28  1.37601e-20 -8.75157e-29 -3.64404e-21  1.56629e-28 -2.31248e-21 -5.41582e-29 -5.63716e-22 -1.58752e-30 -5.23571e-23  8.63171e-30  1.32305e-23 -2.22915e-30  6.74355e-24 -3.71849e-31  1.49635e-24  1.70029e-31  1.82865e-25  5.33066e-32  1.38268e-27 -2.35442e-32 -4.88436e-27  -1.9986e-33 -1.24142e-27  8.11389e-34 -1.83861e-28  7.61855e-35 -1.73856e-29  4.41386e-35 -7.22289e-31  9.30276e-36  7.86695e-32 -4.68257e-36  1.95605e-32 -3.02601e-37  2.20225e-33 -4.29078e-40  1.62935e-34 -1.82085e-38  8.17012e-36 -8.39959e-41  2.49609e-37  3.54047e-40  2.20476e-39  9.22123e-42 -1.45692e-40 -2.50561e-44 -5.58191e-42  2.51126e-44 -4.57111e-44
 3.46746e-17  1.08607e-30 -1.49738e-15 -5.44195e-30  2.49658e-14 -4.79843e-29 -2.47929e-13  9.80942e-28  1.68877e-12 -9.63946e-27 -8.45318e-12  7.06612e-26  3.23162e-11 -4.17977e-25 -9.64443e-11  2.03913e-24  2.27087e-10  -8.3014e-24 -4.22251e-10  2.84781e-23  6.13836e-10 -8.30158e-23 -6.79121e-10  2.07033e-22  5.36749e-10 -4.43981e-22 -2.51087e-10   8.2155e-22  2.56511e-12 -1.31408e-21  8.13224e-11  1.81689e-21 -3.83313e-11 -2.16696e-21 -1.16379e-11   2.2189e-21  1.43048e-11 -1.93431e-21  9.48369e-13  1.41618e-21 -4.01029e-12 -8.54912e-22 -1.55143e-13  4.23449e-22   1.0053e-12 -1.95699e-22   1.2565e-13  1.35714e-22 -2.14373e-13 -1.49186e-22 -6.49806e-14  1.53036e-22  3.09762e-14 -1.17677e-22  2.03317e-14  6.20254e-23  -3.2857e-16 -1.75182e-23 -3.68991e-15 -2.27342e-24  -1.0969e-15  4.45467e-24  2.17329e-16 -1.55306e-24   2.3541e-16 -6.69382e-26  5.32124e-17  1.69655e-25 -1.09337e-17  7.58819e-27 -1.03333e-17 -3.45338e-26 -2.61067e-18  6.75821e-27  8.50501e-20  2.32995e-27  2.75717e-19 -7.11118e-28  9.35652e-20 -3.00484e-28  1.21852e-20  2.57958e-28  -2.3378e-21 -9.00984e-29  -1.5933e-21 -3.24284e-30  -4.0107e-22  1.66009e-29 -4.81123e-23 -4.30668e-30  3.39877e-24 -8.20134e-31  2.98499e-24  4.07248e-31  7.34505e-25  9.48947e-32  1.06635e-25 -5.23957e-32  7.54309e-27  -3.2319e-33 -6.47387e-28  1.87458e-33 -2.91847e-28  2.42723e-35 -4.96389e-29  1.06992e-34 -5.44989e-30  2.64208e-35 -3.92355e-31 -7.96372e-36 -1.31292e-32 -9.53962e-37    8.271e-34 -4.94376e-38  1.59996e-34 -2.74627e-38  1.26486e-35  -2.4721e-41  6.21036e-37  3.94852e-40  1.91492e-38  9.41848e-42  3.33836e-40  1.94056e-43  2.63601e-42  1.66876e-44
-9.85311e-31  8.89555e-16  1.43341e-29  -2.1854e-14 -4.79843e-29   2.7772e-13 -3.26542e-28 -2.28976e-12  5.56334e-27  1.34851e-11 -4.84434e-26 -5.97109e-11  3.28026e-25  2.04716e-10 -1.82939e-24 -5.52275e-10  8.48037e-24  1.17961e-09 -3.28864e-23 -1.98788e-09  1.07527e-22  2.60144e-09 -2.98721e-22 -2.54567e-09  7.09723e-22  1.69716e-09 -1.44922e-21 -5.41214e-10  2.55165e-21 -2.07424e-10 -3.87977e-21  2.90061e-10  5.09233e-21 -5.58622e-11 -5.75423e-21 -7.13124e-11  5.56523e-21  3.21952e-11 -4.55668e-21  1.57714e-11  3.09474e-21 -9.81199e-12 -1.67681e-21 -4.09774e-12  6.74384e-22  2.22841e-12 -1.94008e-22  1.21171e-12  1.07046e-22 -3.26755e-13 -1.83613e-22 -3.24048e-13  2.35869e-22  -4.8061e-15 -1.97062e-22  6.20158e-14  1.05834e-22  1.81405e-14 -2.85911e-23 -5.34985e-15 -4.98983e-24 -4.68075e-15  7.50571e-24 -7.43068e-16 -2.08198e-24  4.16508e-16 -4.17718e-25  2.48588e-16  3.23077e-25  3.82955e-17  2.91677e-26 -1.47758e-17 -5.51241e-26 -9.59188e-18  6.72025e-27  -2.0927e-18  2.97275e-27  1.00353e-19  1.75061e-28  2.10579e-19 -7.38027e-28   6.8043e-20   3.8174e-28  9.49635e-21 -1.35594e-28  -9.5331e-22 -7.79768e-30  -8.4496e-22  2.87604e-29 -2.24445e-22 -7.28946e-30 -3.22009e-23 -1.57897e-30 -8.17784e-25  8.49071e-31  8.61374e-25  1.48387e-31  2.52893e-25 -1.03878e-31  4.13847e-26  -4.9174e-33  4.21199e-27  3.55689e-33  1.62209e-28 -7.05896e-35 -3.08838e-29  2.27501e-34  -7.5588e-30  5.61178e-35 -9.26076e-31 -1.20348e-35 -7.57356e-32 -1.94831e-36 -4.15621e-33 -1.40486e-37 -1.25671e-34  -3.7618e-38  9.97752e-37  -1.3269e-40  3.03243e-37  3.56527e-40  1.42164e-38    8.067e-42   3.0847e-40  2.54408e-43  2.31524e-42
  -3.271e-16 -1.71285e-29  1.44843e-14  1.35655e-28 -2.47929e-13 -3.26542e-28  2.53106e-12 -1.73313e-27 -1.77498e-11  2.46265e-26   9.1632e-11 -1.92842e-25 -3.62027e-10  1.23774e-24  1.11938e-09 -6.66961e-24 -2.73933e-09  2.99247e-23  5.31635e-09 -1.11966e-22 -8.11623e-09  3.51983e-22  9.52543e-09 -9.37473e-22 -8.15054e-09  2.13063e-21  4.39941e-09 -4.15438e-21 -5.92077e-10  6.97349e-21 -1.11642e-09  -1.0092e-20  7.47405e-10  1.25839e-20  6.82904e-11 -1.34781e-20 -2.46772e-10  1.23189e-20  2.70559e-11 -9.48689e-21    6.651e-11  5.99661e-21 -1.01828e-11 -2.92589e-21  -1.7419e-11  9.16671e-22  1.25609e-12 -3.55012e-23  4.27225e-12 -5.85358e-23  4.15317e-13 -1.60189e-22 -8.32237e-13  3.24475e-22 -2.79079e-13 -3.02731e-22  8.70595e-14  1.66517e-22  7.57828e-14   -4.293e-23  8.42231e-15 -9.61148e-24 -9.47526e-15  1.16739e-23 -4.49804e-15 -2.50111e-24 -2.43273e-16 -9.79764e-25  5.05018e-16  4.83125e-25  2.15003e-16  7.63237e-26  2.23536e-17 -6.98651e-26 -1.42024e-17 -2.14715e-28 -7.42246e-18  2.78278e-27 -1.48034e-18   2.5295e-27  5.92352e-20 -1.47307e-27  1.29413e-19   5.2847e-28   4.1282e-20 -1.85548e-28   6.3301e-21 -2.01242e-29 -1.14478e-22  4.50045e-29  -3.3599e-22 -1.08946e-29 -9.73168e-23 -2.66584e-30 -1.58627e-23  1.57777e-30 -1.24688e-24  2.08302e-31  1.15004e-25  -1.8729e-31  5.73633e-26 -7.91943e-33  1.06566e-26  5.80794e-33  1.26452e-27 -1.27065e-34   9.4907e-29  4.27856e-34  2.36368e-30  9.81578e-35 -4.66457e-31 -1.62107e-35 -7.90787e-32 -3.11529e-36 -6.89629e-33 -2.65306e-37 -3.94509e-34 -4.69909e-38 -1.48594e-35 -4.21189e-40 -3.27188e-37  2.61017e-40 -2.53273e-39  5.60953e-42   3.0456e-41   1.5225e-43
 1.18168e-29 -6.94853e-15 -1.88701e-28  1.75269e-13  9.80942e-28 -2.28976e-12 -1.73313e-27  1.94359e-11 -6.96294e-27 -1.18034e-10  7.97782e-26  5.39972e-10 -5.72734e-25 -1.91698e-09  3.67988e-24  5.37011e-09 -2.00881e-23 -1.19536e-08  8.99634e-23  2.10984e-08 -3.30923e-22 -2.91374e-08  1.01175e-21   3.0491e-08 -2.60198e-21 -2.24125e-08  5.68283e-21  9.03256e-09 -1.06121e-20  1.26895e-09  1.70147e-20 -3.78108e-09 -2.34615e-20  1.30199e-09  2.78024e-20  7.41363e-10   -2.822e-20 -5.78263e-10  2.43678e-20 -1.22014e-10 -1.76606e-20  1.72654e-10  1.04242e-20  2.91095e-11  -4.6137e-21 -4.32905e-11  1.07673e-21 -1.10528e-11  3.61532e-22  8.63806e-12 -4.26428e-22  3.99794e-12 -4.16554e-23 -9.78319e-13  4.08152e-22 -1.04302e-12 -4.36777e-22 -9.78859e-14   2.4671e-22  1.58189e-13 -6.07078e-23  6.64614e-14  -1.6545e-23 -3.00351e-15  1.69155e-23 -1.09064e-14 -2.68579e-24 -3.46958e-15 -1.70824e-24  1.43828e-16  5.78243e-25  4.68435e-16  1.56003e-25  1.58412e-16 -6.32231e-26  1.12728e-17  -1.8853e-26 -1.06426e-17  7.40679e-28 -4.87599e-18  6.84347e-27 -9.36884e-19 -2.54495e-27  1.14905e-20  7.21729e-28  6.35992e-20 -2.27091e-28  2.07274e-20 -4.91472e-29  3.49381e-21  6.36491e-29  1.55063e-22 -1.44812e-29 -9.26053e-23 -3.96346e-30 -3.16844e-23  2.67458e-30 -5.71777e-24  2.64101e-31 -6.22863e-25 -3.12089e-31 -2.09155e-26 -1.40756e-32  6.94983e-27  8.38969e-33  1.71434e-27  -4.5259e-37   2.2605e-28  7.17498e-34  1.99834e-29  1.48049e-34  1.14714e-30 -1.94207e-35   2.7614e-32  -4.1615e-36 -1.94255e-33 -3.95537e-37 -2.54857e-34 -5.29446e-38 -1.41584e-35 -7.44564e-40 -4.49295e-37  1.52606e-40  -7.5618e-39   2.9686e-42 -4.53689e-41
 2.11032e-15   1.7666e-28 -9.59592e-14 -1.52825e-27  1.68877e-12  5.56334e-27 -1.77498e-11 -6.96294e-27  1.28352e-10 -1.80817e-26 -6.84455e-10  1.31819e-25  2.79917e-09 -9.30277e-25 -8.98146e-09  7.54408e-24  2.28807e-08 -4.78431e-23 -4.64201e-08  2.28212e-22  7.45245e-08 -8.51748e-22 -9.28526e-08  2.57437e-21  8.58892e-08 -6.45077e-21 -5.26897e-08  1.36101e-20  1.28554e-08 -2.44186e-20  9.69045e-09  3.74661e-20  -9.4917e-09 -4.92679e-20  7.85349e-10  5.54832e-20  2.72942e-09 -5.33221e-20 -8.30988e-10  4.34381e-20 -6.78137e-10 -2.96082e-20   2.7488e-10   1.6371e-20  1.80784e-10 -6.65608e-21 -5.99416e-11  1.12659e-21 -5.04461e-11  1.00487e-21  6.28678e-12 -1.01565e-21  1.23412e-11  1.90656e-22  1.46141e-12  4.81971e-22 -2.07728e-12 -6.02827e-22 -8.59044e-13  3.49165e-22  1.06295e-13 -8.20447e-23  1.77146e-13 -2.60204e-23  4.33682e-14   2.3023e-23 -1.06049e-14 -2.51594e-24  -9.7154e-15 -2.49806e-24 -2.23009e-15  5.19389e-25  3.07127e-16  2.65905e-25  3.55409e-16 -1.56951e-26  1.02204e-16 -5.27782e-26   5.6091e-18 -4.23563e-27 -6.41551e-18  1.31354e-26 -2.73411e-18 -3.96462e-27 -5.27417e-19  1.02806e-27 -1.37332e-20 -2.37784e-28  2.42899e-20 -1.07379e-28  8.44883e-21    8.144e-29  1.55128e-21 -1.72454e-29   1.3596e-22  -5.1725e-30  -1.3125e-23  4.21408e-30  -7.2882e-24  2.96828e-31 -1.47104e-24 -4.86314e-31 -1.86763e-25 -2.60209e-32 -1.42439e-26  1.08893e-32 -1.24928e-28   4.6068e-34  1.39445e-28  1.08042e-33  2.28163e-29  1.97656e-34  2.16294e-30 -2.05952e-35  1.38459e-31 -4.78925e-36  5.84876e-33 -4.91468e-37  1.32241e-34 -5.29482e-38 -4.91061e-37 -9.08229e-40 -1.18597e-37  6.85847e-41 -2.55513e-39   1.0297e-42
-1.02459e-28  3.86476e-14  1.70788e-27 -1.00246e-12 -9.63946e-27  1.34851e-11  2.46265e-26 -1.18034e-10 -1.80817e-26  7.40416e-10  2.19699e-27 -3.50541e-09  -4.6398e-25  1.29086e-08  2.21383e-24 -3.76145e-08  2.49695e-24  8.74061e-08 -7.56476e-23 -1.61838e-07  4.70614e-22  2.36158e-07 -1.89941e-21  -2.6433e-07  5.82301e-21  2.13318e-07 -1.43877e-20   -1.037e-07  2.95067e-20  3.49944e-09 -5.10393e-20  3.37767e-08  7.50863e-20  -1.7752e-08 -9.42345e-20 -4.23206e-09  1.00804e-19  6.71085e-09 -9.15604e-20   1.2383e-13  7.01623e-20 -1.93549e-09 -4.48652e-20  8.11573e-11  2.32995e-20  5.14366e-10  -8.8785e-21  1.76242e-11  1.15803e-21 -1.22126e-10  1.76826e-21 -2.42829e-11 -1.76716e-21  2.17629e-11  5.23451e-22   1.0186e-11  5.51058e-22 -1.56336e-12 -8.06325e-22 -2.34011e-12  4.76093e-22 -4.57272e-13 -1.06651e-22  2.32215e-13 -3.81947e-23  1.49997e-13  2.96877e-23  2.01423e-14 -1.89712e-24 -1.26283e-14 -3.20709e-24 -7.16411e-15  2.22985e-25 -1.23619e-15  3.91115e-25  2.89913e-16  9.14963e-26  2.27595e-16 -1.02447e-25  5.87478e-17  -1.2778e-26  3.20055e-18  2.06558e-26 -3.12193e-18 -5.74039e-27 -1.30154e-18  1.56449e-27 -2.58789e-19  -1.8949e-28 -1.68071e-20 -2.07916e-28  6.70126e-21  9.45491e-29  2.70903e-21 -1.84972e-29   5.3876e-22 -5.79369e-30  6.25495e-23  6.24926e-30  1.66368e-24  2.74548e-31 -1.01425e-24 -7.14193e-31 -2.55376e-25 -4.64706e-32 -3.58804e-26  1.27669e-32 -3.35636e-27  1.32606e-33 -1.90554e-28  1.46849e-33 -1.31375e-30  2.37246e-34  9.78539e-31 -1.91935e-35  1.12385e-31 -4.82697e-36  7.14215e-33 -5.20326e-37   2.8809e-34  -4.6237e-38  7.09081e-36 -8.24063e-40  8.85232e-38  2.17891e-41  2.94678e-40
-9.97148e-15 -1.36411e-27  4.66383e-13  1.23478e-26 -8.45318e-12 -4.84434e-26   9.1632e-11  7.97782e-26 -6.84455e-10  2.19699e-27  3.77708e-09  3.65927e-25 -1.60186e-08 -5.56608e-24  5.34349e-08  2.75748e-23  -1.4197e-07 -6.87808e-23  3.01627e-07  1.31321e-23 -5.10036e-07  6.92679e-22  6.75314e-07 -3.59894e-21 -6.74713e-07   1.1712e-20  4.65445e-07 -2.90166e-20 -1.60594e-07  5.82764e-20 -5.13676e-08 -9.75593e-20  8.50624e-08  1.37896e-19 -2.11862e-08  -1.6528e-19 -2.01768e-08  1.67789e-19  1.15646e-08 -1.43611e-19  4.15131e-09   1.0299e-19 -3.68061e-09 -6.14455e-20 -1.06579e-09  3.00201e-20   9.2751e-10 -1.10553e-20  3.52638e-10   1.4298e-21 -1.73586e-10  2.37192e-21 -1.11551e-10 -2.53855e-21  1.34924e-11  9.09587e-22  2.62154e-11  6.30423e-22  4.60806e-12 -1.05296e-21 -3.40905e-12  6.27897e-22 -1.88051e-12 -1.33389e-22 -8.33995e-14 -5.32948e-23  2.53913e-13  3.66005e-23  1.03197e-13 -7.75992e-25  4.88096e-15 -3.69117e-24 -1.06355e-14 -3.68278e-25 -4.53824e-15  5.05123e-25  -6.1657e-16  2.70702e-25  1.94913e-16 -1.63736e-25  1.24744e-16 -2.45136e-26  3.02548e-17  2.77812e-26  2.03075e-18 -7.90287e-27 -1.20127e-18  2.47829e-27 -5.17899e-19 -6.09526e-29 -1.07642e-19 -3.59468e-28 -1.05598e-20  1.00474e-28  1.03958e-21 -1.77357e-29  6.47902e-22 -5.13754e-30  1.41479e-22  8.77922e-30  1.90425e-23  1.50937e-31  1.43154e-24 -9.93047e-31 -2.77726e-26 -7.71994e-32 -2.59501e-26  1.34302e-32 -4.24922e-27  2.50927e-33 -4.31186e-28  1.80718e-33 -2.97711e-29  2.58193e-34 -1.29724e-30 -1.55455e-35 -1.93959e-32 -4.29785e-36  1.63145e-33 -4.73391e-37  1.28924e-34 -3.46691e-38  4.19255e-36 -5.64976e-40  6.04386e-38  3.92606e-42
 6.88097e-28 -1.61021e-13 -1.19083e-26  4.30282e-12  7.06612e-26 -5.97109e-11 -1.92842e-25  5.39972e-10  1.31819e-25 -3.50541e-09  3.65927e-25  1.72088e-08  2.69992e-24 -6.58626e-08 -3.20662e-23  2.00026e-07  1.49693e-22 -4.86167e-07 -4.24993e-22  9.46034e-07  6.78546e-22 -1.46085e-06   2.2882e-22  1.74993e-06 -5.48002e-21 -1.54587e-06  2.08463e-20  8.81092e-07 -5.30913e-20 -1.53384e-07   1.0538e-19 -2.12389e-07 -1.71468e-19  1.65809e-07  2.33381e-19  2.25827e-09 -2.67326e-19 -5.40118e-08  2.57187e-19  1.10813e-08   -2.065e-19  1.45538e-08   1.3742e-19 -4.10306e-09 -7.56844e-20 -3.97905e-09  3.47721e-20  8.46332e-10 -1.29653e-20  1.08425e-09  2.34521e-21 -3.53754e-11  2.42876e-21 -2.51787e-10 -3.13362e-21 -4.97975e-11  1.27995e-21  3.81741e-11  7.39689e-22  2.04118e-11 -1.34535e-21  -5.9572e-13  8.01812e-22 -3.64765e-12 -1.60136e-22  -1.1553e-12 -7.16545e-23  1.28976e-13   4.3537e-23  2.05968e-13  8.64867e-25  6.00501e-14 -3.83638e-24 -1.73503e-15 -1.27703e-24 -7.17432e-15  5.74897e-25 -2.52791e-15   5.2306e-25 -2.91646e-16 -2.27448e-25  1.01648e-16 -3.77048e-26  5.86339e-17  3.22241e-26  1.38635e-17 -1.05005e-26   1.2148e-18  3.89197e-27 -3.43813e-19  1.41156e-28 -1.67726e-19 -5.61691e-28 -3.67848e-20  1.00206e-28 -4.53795e-21 -1.43023e-29 -7.91328e-23 -2.36055e-30  1.03157e-22  1.17088e-29   2.6692e-23 -1.26784e-31  3.95791e-24 -1.31027e-30  3.83081e-25 -1.18099e-31  1.97117e-26    1.235e-32  -6.9258e-28  3.75626e-33 -2.63222e-28  2.01545e-33 -2.98023e-29  2.55515e-34 -2.10461e-30  -1.0747e-35 -9.91885e-32 -3.39349e-36  -2.9474e-33 -3.70286e-37 -4.35062e-35 -2.18695e-38  5.68854e-38  -2.8376e-40   6.4949e-39
 3.58409e-14  8.32882e-27 -1.72771e-12 -7.87614e-26  3.23162e-11  3.28026e-25 -3.62027e-10 -5.72734e-25  2.79917e-09  -4.6398e-25 -1.60186e-08  2.69992e-24  7.05995e-08  1.37012e-23 -2.45363e-07 -1.41024e-22  6.81317e-07  6.15016e-22 -1.51897e-06 -1.74438e-21  2.71034e-06  3.29888e-21 -3.81874e-06 -2.98531e-21  4.11989e-06 -5.45145e-21 -3.17209e-06  3.23964e-20  1.40221e-06 -8.82772e-20  9.42711e-08  1.75152e-19 -5.58433e-07  -2.7834e-19  2.41688e-07  3.65729e-19  9.43666e-08 -4.00655e-19 -1.03812e-07  3.64585e-19 -9.30759e-09 -2.72804e-19  3.18079e-08   1.6612e-19  1.28406e-09 -8.27067e-20 -8.62613e-09  3.55474e-20 -9.76828e-10 -1.44334e-20  2.01652e-09  4.34457e-21   5.6761e-10  1.55173e-21 -3.34686e-10  -3.3592e-21 -2.00556e-10   1.5652e-21   1.3149e-11  8.94103e-22  4.17703e-11 -1.67881e-21  1.08607e-11  9.91113e-22 -3.33101e-12 -1.84213e-22 -2.85279e-12  -9.3579e-23 -5.44234e-13  5.03723e-23  1.83862e-13   3.0475e-24   1.3679e-13 -3.57522e-24  3.05083e-14 -2.49908e-24 -2.92267e-15  5.67207e-25 -4.05459e-15  8.36091e-25 -1.25488e-15 -2.80077e-25 -1.36481e-16 -4.92297e-26   4.1576e-17  3.16018e-26  2.34342e-17 -1.35455e-26  5.55187e-18   5.8223e-27   6.1226e-19  3.57568e-28 -5.98667e-20 -8.03663e-28 -4.23291e-20   9.9655e-29 -9.96699e-21 -6.69561e-30 -1.40996e-21  3.45621e-30 -1.00389e-22  1.48276e-29  6.84844e-24 -5.97372e-31  3.27323e-24 -1.64163e-30  5.44105e-25 -1.66623e-31  5.81396e-26  9.22285e-33  4.16009e-27   4.7189e-33  1.64007e-28    2.034e-33 -2.42565e-30  2.29528e-34 -8.64832e-31 -6.14375e-36 -6.43669e-32 -2.37658e-36 -2.67972e-33 -2.47482e-37 -6.38998e-35 -1.12567e-38 -7.09634e-37 -9.20646e-41
-3.71348e-27  5.17137e-13  6.67778e-26 -1.42681e-11 -4.17977e-25  2.04716e-10  1.23774e-24 -1.91698e-09 -9.30277e-25  1.29086e-08 -5.56608e-24 -6.58626e-08  1.37012e-23  2.62594e-07  5.67602e-23 -8.33109e-07 -5.23607e-22  2.12275e-06  2.13129e-21 -4.35044e-06 -5.83504e-21  7.12212e-06  1.13241e-20 -9.13967e-06 -1.39263e-20  8.82133e-06  1.78046e-21 -5.78765e-06  4.25674e-20  1.71707e-06 -1.33372e-19  9.03255e-07  2.68356e-19 -1.13194e-06 -4.18764e-19  2.01969e-07   5.3279e-19  3.06212e-07 -5.58767e-19  -1.4104e-07  4.79708e-19 -7.09309e-08 -3.31309e-19  4.79622e-08  1.80234e-19  1.90123e-08 -7.75478e-20 -1.22507e-08  3.05891e-20 -6.03162e-09 -1.53346e-20  2.17517e-09   7.7403e-21  1.80485e-09  -5.1311e-22 -8.85507e-11 -3.08865e-21 -4.01124e-10  1.71908e-21  -9.4405e-11  1.09488e-21  4.62022e-11 -2.03765e-21  3.15012e-11  1.18547e-21  3.16067e-12 -2.03381e-22 -3.70105e-12 -1.19123e-22 -1.80124e-12  5.70122e-23 -1.82603e-13  5.87758e-24  1.50799e-13 -2.87899e-24  7.77609e-14 -4.02167e-24  1.39818e-14  4.52548e-25 -2.03938e-15  1.18383e-24 -1.95416e-15 -3.05959e-25 -5.57044e-16 -5.48973e-26 -6.30282e-17  2.42846e-26  1.28384e-17 -1.69086e-26  7.81222e-18  8.09957e-27  1.89323e-18  4.57749e-28  2.47742e-19 -1.06716e-27  1.49363e-21   1.0935e-28 -7.66539e-21  7.98561e-30 -2.04519e-21  1.31552e-29 -3.16981e-22  1.78359e-29 -3.09245e-23 -1.25741e-30 -1.20075e-24 -1.95225e-30  1.87454e-25  -2.1775e-31  4.46147e-26  4.15513e-33  5.14516e-27  5.09019e-33  3.92658e-28  1.85004e-33  2.01986e-29  1.85998e-34   6.1733e-31 -2.72469e-36  4.02832e-33 -1.47198e-36 -4.89192e-34 -1.39359e-37 -1.83301e-35 -4.46952e-39 -1.84398e-37
-1.00072e-13 -4.14015e-26  4.98403e-12  4.09731e-25 -9.64443e-11 -1.82939e-24  1.11938e-09  3.67988e-24 -8.98146e-09  2.21383e-24  5.34349e-08 -3.20662e-23 -2.45363e-07  5.67602e-23  8.90685e-07  2.03614e-22  -2.5913e-06 -1.71177e-21  6.07708e-06  6.50722e-21 -1.14679e-05 -1.69529e-20  1.72238e-05  3.22361e-20 -2.00722e-05 -4.25958e-20  1.71608e-05  2.64024e-20 -9.23545e-06  4.32896e-20  1.05416e-06 -1.82644e-19  2.69811e-06   3.7965e-19 -1.81901e-06 -5.85421e-19 -1.68492e-07  7.23903e-19  6.56103e-07 -7.27819e-19 -9.17892e-08  5.87592e-19 -1.88355e-07 -3.69308e-19  3.96128e-08  1.71732e-19  5.29748e-08 -5.66486e-20 -7.68106e-09  1.89071e-20 -1.44284e-08 -1.55601e-20 -3.45456e-10  1.25591e-20  3.28053e-09 -3.77747e-21  8.32296e-10 -2.30862e-21 -4.63697e-10  1.73387e-21 -2.97038e-10  1.32247e-21  -7.3142e-12 -2.39339e-21  4.88627e-11  1.37259e-21  1.81608e-11 -2.16987e-22 -8.07051e-13 -1.47992e-22 -2.83448e-12  6.32571e-23 -9.62249e-13  9.64174e-24 -2.80034e-14 -1.72655e-24  9.46392e-14  -5.8375e-24  3.87851e-14  2.04617e-25   5.9823e-15   1.5284e-24 -9.86196e-16 -2.90679e-25 -8.05234e-16 -4.99995e-26 -2.19539e-16   1.0314e-26 -2.73444e-17 -2.01943e-26  2.58228e-18  1.03224e-26  2.10163e-18  2.39627e-28  5.32286e-19  -1.3337e-27  7.84847e-20  1.41952e-28  4.99121e-21  3.38649e-29 -7.82893e-22  2.72582e-29 -2.95207e-22  2.04213e-29 -5.00135e-23 -2.03901e-30 -5.52345e-24 -2.20094e-30 -3.88594e-25 -2.64533e-31 -9.66912e-27 -2.22004e-33  1.48711e-27  4.73829e-33  2.33687e-28  1.50556e-33  1.81036e-29  1.34497e-34  8.90869e-31 -7.89934e-37  2.77514e-32 -8.01153e-37  4.82418e-34 -6.43734e-38  3.09078e-36 -1.18944e-39
  1.6486e-26 -1.29963e-12 -3.08113e-25  3.71256e-11  2.03913e-24 -5.52275e-10 -6.66961e-24  5.37011e-09  7.54408e-24 -3.76145e-08  2.75748e-23  2.00026e-07 -1.41024e-22 -8.33109e-07  2.03614e-22  2.76882e-06  6.51549e-22 -7.41596e-06 -5.04345e-21  1.60486e-05  1.79197e-20 -2.79177e-05 -4.40792e-20  3.84381e-05  8.03247e-20 -4.04979e-05 -1.06106e-19  3.02161e-05  8.41041e-20 -1.24015e-05    2.241e-20 -1.95993e-06  -2.2535e-19  5.79658e-06  4.96001e-19  -2.1814e-06 -7.61541e-19 -1.15516e-06  9.19746e-19  1.05092e-06 -8.88269e-19  1.62649e-07  6.71582e-19 -3.40381e-07 -3.75988e-19 -3.21725e-08  1.36061e-19  9.49107e-08 -1.92066e-20  1.56245e-08  6.21365e-22 -2.22838e-08 -1.49778e-20 -7.54698e-09   1.8462e-20  3.56027e-09 -7.96505e-21  2.50746e-09 -1.13199e-21 -4.84629e-11  1.64058e-21 -4.99922e-10  1.53564e-21 -1.51506e-10 -2.70579e-21  3.36865e-11  1.54109e-21  3.59761e-11 -2.26686e-22   8.1764e-12 -1.79777e-22 -1.86584e-12  6.86368e-23 -1.74196e-12  1.48756e-23 -4.49241e-13 -5.84665e-26  1.37349e-14 -7.93837e-24  4.89301e-14 -2.03235e-25  1.71987e-14  1.82157e-24  2.45127e-15 -2.25305e-25 -3.50392e-16 -3.00215e-26 -2.81005e-16 -7.92113e-27 -7.55139e-17 -2.26577e-26 -1.04767e-17   1.1879e-26  7.98533e-20 -5.41675e-28  4.30243e-19 -1.59185e-27  1.18519e-19  2.08026e-28  1.90055e-20  7.50373e-29   1.8062e-21  4.56605e-29  2.50858e-23  2.23535e-29 -2.52129e-23 -2.80948e-30  -5.1593e-24 -2.34787e-30 -6.09572e-25 -2.99282e-31 -4.87481e-26 -8.79707e-33 -2.53118e-27  3.76849e-33  -5.7293e-29  1.08314e-33  2.81816e-30   8.5318e-35  3.22702e-31 -3.86698e-38  1.39032e-32 -3.78695e-37  2.96475e-34 -2.31174e-38   2.1869e-36
 2.19059e-13  1.70777e-25 -1.13077e-11 -1.76839e-24  2.27087e-10  8.48037e-24 -2.73933e-09 -2.00881e-23  2.28807e-08  2.49695e-24  -1.4197e-07  1.49693e-22  6.81317e-07 -5.23607e-22  -2.5913e-06  6.51549e-22  7.92301e-06  1.89426e-21 -1.96031e-05 -1.35973e-20  3.92296e-05  4.51786e-20 -6.29503e-05 -1.04364e-19  7.93256e-05  1.79765e-19 -7.50651e-05 -2.29271e-19  4.77435e-05  1.93743e-19 -1.25348e-05 -3.31689e-20 -9.16012e-06 -2.47362e-19  9.97232e-06  5.97008e-19 -1.33052e-06 -9.21858e-19  -2.9597e-06   1.0949e-18  1.19824e-06 -1.01853e-18   7.3769e-07  7.17229e-19 -4.34711e-07 -3.45762e-19 -2.04791e-07  7.41612e-20  1.14044e-07  3.21598e-20  6.49554e-08  -2.2989e-20 -1.98723e-08 -1.34366e-20 -1.92857e-08  2.47831e-20  2.79282e-10 -1.25411e-20  4.23383e-09  2.28716e-22  1.14219e-09  1.49137e-21  -4.5809e-10  1.67663e-21 -3.55541e-10 -2.92722e-21 -4.63593e-11  1.68381e-21  3.88067e-11 -2.36186e-22  2.11043e-11 -2.14541e-22  2.77803e-12   7.2251e-23  -1.5446e-12  2.23367e-23 -9.09164e-13  2.26774e-24  -1.8879e-13 -1.02799e-23  1.39551e-14 -8.00117e-25  2.13939e-14  2.00637e-24  6.80158e-15 -1.10487e-25  9.61785e-16   8.5232e-27 -8.49948e-17 -2.55827e-26 -8.12384e-17 -2.32466e-26 -2.20942e-17  1.20462e-26 -3.36775e-18 -2.11405e-27   -1.731e-19  -1.8406e-27  5.85896e-20  3.11464e-28   1.9747e-20  1.33512e-28  3.40278e-21  6.73617e-29  3.79494e-22  2.35461e-29  2.40336e-23 -3.40155e-30 -3.34567e-25 -2.36405e-30 -2.89945e-25 -3.15307e-31 -3.89502e-26 -1.42715e-32 -3.18022e-27  2.47706e-33 -1.74469e-28  6.75056e-34 -6.18638e-30  4.61828e-35 -1.15489e-31  7.49826e-38  2.63214e-35 -1.52001e-37  3.55481e-35 -5.61794e-39
-6.12067e-26  2.56706e-12  1.18792e-24 -7.62039e-11  -8.3014e-24  1.17961e-09  2.99247e-23 -1.19536e-08 -4.78431e-23  8.74061e-08 -6.87808e-23 -4.86167e-07  6.15016e-22  2.12275e-06 -1.71177e-21 -7.41596e-06  1.89426e-21  2.09496e-05  5.06841e-21 -4.80254e-05 -3.39135e-20  8.90291e-05  1.05386e-19   -0.0001318 -2.27596e-19  0.000151604  3.66682e-19 -0.000127618 -4.41493e-19  6.64942e-05  3.70229e-19 -4.82089e-06 -1.30809e-19 -2.21628e-05 -2.34897e-19  1.38629e-05  6.57532e-19   1.9897e-06 -1.03662e-18 -5.40965e-06  1.22293e-18  5.81335e-07 -1.09956e-18  1.63437e-06  7.15733e-19 -2.94087e-07 -2.80324e-19 -4.75015e-07 -7.01034e-21  5.60169e-08   9.1758e-20  1.32068e-07 -4.97338e-20  6.30585e-09 -1.08551e-20 -3.03753e-08  3.06754e-20 -8.52089e-09 -1.68001e-20  4.23213e-09  1.52211e-21  2.95779e-09  1.32874e-21  1.38638e-10  1.68024e-21 -4.76396e-10  -3.0096e-21 -1.91218e-10  1.80118e-21  3.08039e-12 -2.49799e-22  2.83404e-11 -2.53524e-22  1.04228e-11  7.26496e-23  5.98144e-13  3.28268e-23 -9.21127e-13  5.50073e-24 -4.14649e-13 -1.27258e-23 -7.35014e-14 -1.61331e-24  6.78341e-15  2.02062e-24  7.95221e-15  4.10659e-26  2.38204e-15  6.72133e-26  3.50686e-16 -3.60881e-26 -8.20723e-18 -2.08352e-26 -1.86949e-17  1.01478e-26  -5.3164e-18 -4.60965e-27 -8.72211e-19 -2.08649e-27 -7.67811e-20  4.46387e-28  2.63225e-21  2.07207e-28  2.22054e-21  9.03739e-29  4.26859e-22    2.405e-29  5.13038e-23 -3.66678e-30  4.12803e-24 -2.23995e-30  1.87904e-25 -3.08861e-31 -1.99851e-27  -1.7558e-32   -1.124e-27  1.22076e-33 -9.87935e-29  3.50872e-34  -4.9317e-30  2.02659e-35 -1.48401e-31   8.5765e-40 -2.38671e-33 -4.93375e-38 -1.27757e-35
-3.75417e-13  -5.9265e-25  2.01728e-11  6.41091e-24 -4.22251e-10 -3.28864e-23  5.31635e-09  8.99634e-23 -4.64201e-08 -7.56476e-23  3.01627e-07 -4.24993e-22 -1.51897e-06  2.13129e-21  6.07708e-06 -5.04345e-21 -1.96031e-05  5.06841e-21  5.13607e-05  1.26019e-20 -0.000109378 -7.89032e-20  0.000188084  2.29252e-19 -0.000256764 -4.60929e-19  0.000268519  6.88054e-19 -0.000198197 -7.67711e-19   7.8373e-05  6.12242e-19  1.71933e-05 -2.63402e-19 -4.10251e-05  -1.7891e-19  1.45064e-05  6.52272e-19  8.93489e-06  -1.0784e-18 -7.61902e-06  1.28285e-18 -1.40695e-06 -1.11885e-18  2.59242e-06  6.65723e-19  2.97446e-07 -1.88727e-19 -7.49763e-07 -9.57263e-20 -1.36662e-07  1.52141e-19  1.81162e-07 -7.69347e-20  6.50347e-08 -7.39368e-21 -2.94038e-08  3.53014e-20 -2.18482e-08 -1.99808e-20  1.78105e-10  2.53942e-21  4.40523e-09  1.15268e-21  1.40431e-09  1.48225e-21 -2.83569e-10 -2.91335e-21 -3.30194e-10  1.90341e-21 -8.00613e-11 -2.70049e-22  1.55663e-11 -2.99511e-22  1.62809e-11  6.77918e-23  4.48539e-12  4.68564e-23 -1.23854e-14  9.97601e-24 -4.43948e-13 -1.49995e-23 -1.67673e-13 -2.65587e-24 -2.70756e-14  1.80546e-24  2.15469e-15  2.05496e-25  2.48952e-15   1.4505e-25  7.26382e-16 -3.26156e-26  1.13509e-16 -1.46411e-26  3.78615e-18   5.7314e-27   -3.166e-18 -7.99304e-27 -1.00597e-18 -2.33573e-27 -1.75183e-19  5.96973e-28 -1.91058e-20  2.89039e-28 -8.85584e-22  1.11921e-28  1.21765e-22  2.39804e-29  3.37868e-23 -3.53051e-30  4.34631e-24 -1.99005e-30   3.6909e-25 -2.80548e-31  2.12054e-26 -1.81697e-32  7.24376e-28  2.73008e-34   4.1623e-30  1.39051e-34 -9.06282e-31  6.35487e-36 -4.33776e-32 -4.74883e-38 -7.61356e-34 -1.13108e-38
 1.92339e-25 -3.95959e-12 -3.87145e-24  1.22783e-10  2.84781e-23 -1.98788e-09 -1.11966e-22  2.10984e-08  2.28212e-22 -1.61838e-07  1.31321e-23  9.46034e-07 -1.74438e-21 -4.35044e-06  6.50722e-21  1.60486e-05 -1.35973e-20 -4.80254e-05  1.26019e-20  0.000117107  2.93345e-20 -0.000232219 -1.72354e-19   0.00037077  4.67929e-19 -0.000466219 -8.72203e-19  0.000440692  1.19491e-18 -0.000278892 -1.21259e-18  6.94296e-05  8.87343e-19  5.97259e-05 -4.02694e-19  -6.2494e-05 -7.75509e-20   7.4746e-06  5.61403e-19  1.96629e-05 -1.03047e-18 -7.81684e-06  1.26509e-18  -5.1143e-06 -1.07241e-18  2.99446e-06  5.73006e-19  1.46494e-06 -8.55546e-20 -8.20523e-07 -1.78209e-19  -4.7873e-07  2.06011e-19  1.48961e-07 -1.01841e-19   1.4695e-07 -3.65266e-21 -2.31189e-09  3.79877e-20 -3.33601e-08 -2.13782e-20 -9.12592e-09  3.19709e-21  3.70779e-09  9.01072e-22  2.92459e-09  1.02408e-21  3.94744e-10 -2.61686e-21 -3.22349e-10  2.01065e-21 -1.80065e-10 -2.95044e-22 -2.52745e-11 -3.56421e-22  1.27608e-11  5.51479e-23  7.88442e-12  6.42293e-23  1.73214e-12    1.604e-23 -8.13253e-14 -1.66791e-23 -1.79404e-13 -3.91005e-24 -6.03392e-14  1.32047e-24 -9.44729e-15  3.53264e-25  3.88052e-16  2.38415e-25  6.40783e-16 -1.00658e-26  1.87908e-16 -4.70247e-27  3.11317e-17 -1.29121e-27  2.32749e-18 -1.20266e-26 -3.14554e-19 -2.58568e-27 -1.39805e-19  7.40549e-28  -2.6063e-20  3.67797e-28 -3.13268e-21  1.28947e-28 -2.37448e-22  2.34253e-29 -5.77658e-24 -3.02239e-30  1.22052e-24 -1.65101e-30  2.04237e-25 -2.35475e-31  1.75571e-26 -1.63676e-32  9.79217e-28 -2.59836e-34  3.54689e-29  2.91507e-35  7.46057e-31  7.19062e-37  6.16075e-33 -4.09097e-38 -1.70799e-35
 4.96554e-13   1.7481e-24  -2.7958e-11 -1.97125e-23  6.13836e-10  1.07527e-22 -8.11623e-09 -3.30923e-22  7.45245e-08  4.70614e-22 -5.10036e-07  6.78546e-22  2.71034e-06 -5.83504e-21 -1.14679e-05  1.79197e-20  3.92296e-05 -3.39135e-20 -0.000109378  2.93345e-20  0.000249021  6.43031e-20 -0.000460744 -3.55246e-19  0.000683452  9.00431e-19 -0.000790023 -1.54934e-18  0.000669272  1.92792e-18 -0.000349792 -1.74017e-18   2.1035e-05  1.12074e-18  0.000125276 -5.00426e-19  -7.8601e-05  6.55965e-20 -1.19414e-05   3.7639e-19   3.2245e-05 -8.94855e-19 -3.62408e-06  1.17472e-18 -1.01284e-05 -9.64258e-19  1.94472e-06  4.48848e-19  3.05662e-06  1.20148e-20  -4.0554e-07 -2.42046e-19 -8.86385e-07  2.48107e-19 -3.15456e-08 -1.21889e-19  2.13792e-07 -7.95606e-22  5.80679e-08  3.82795e-20 -3.15833e-08 -2.04383e-20 -2.15143e-08  3.59769e-21 -8.10289e-10  4.55741e-22  3.63422e-09  2.53277e-22  1.44709e-09  -2.1254e-21 -3.05072e-11  2.15034e-21 -2.21703e-10 -3.16614e-22 -8.21487e-11  -4.2793e-22 -5.04293e-12  3.20201e-23  7.21182e-12  8.37043e-23  3.32547e-12  2.39192e-23    6.174e-13 -1.72677e-23 -4.20128e-14 -5.31535e-24 -6.13224e-14  5.63341e-25 -1.91938e-14  4.58785e-25 -3.04861e-15  3.42003e-25 -2.37769e-17  3.31505e-26   1.2949e-16  7.80385e-27  3.98028e-17 -1.05774e-26  6.93002e-18 -1.62935e-26  7.02772e-19  -2.8203e-27  7.04771e-21  8.53008e-28 -1.23778e-20  4.30694e-28 -2.67911e-21  1.38803e-28  -3.3952e-22  2.23913e-29 -2.91043e-23 -2.26703e-30 -1.58892e-24   -1.273e-30  -3.0553e-26 -1.81859e-31  3.32831e-27 -1.30025e-32  3.67035e-28 -4.31213e-34  1.82687e-29 -1.11126e-35  5.00216e-31 -6.28317e-37  6.38036e-33 -1.67258e-38
 -5.1619e-25  4.66674e-12  1.07587e-23  -1.5242e-10 -8.30158e-23  2.60144e-09  3.51983e-22 -2.91374e-08 -8.51748e-22  2.36158e-07  6.92679e-22 -1.46085e-06  3.29888e-21  7.12212e-06 -1.69529e-20 -2.79177e-05  4.51786e-20  8.90291e-05 -7.89032e-20 -0.000232219  6.43031e-20  0.000495102  1.33328e-19 -0.000856284  -6.9354e-19   0.00118028  1.63956e-18  -0.00125038 -2.59279e-18  0.000937539  2.89557e-18 -0.000377217 -2.25517e-18 -8.56575e-05  1.19621e-18  0.000208256  -5.0182e-19 -7.67289e-05  2.47656e-19 -4.63974e-05   1.0535e-19  4.19459e-05 -6.97257e-19  7.04388e-06   1.0304e-18 -1.48561e-05 -8.03698e-19 -1.38994e-06  3.07891e-19  4.49573e-06  8.73229e-20  7.15971e-07 -2.79374e-19 -1.14851e-06   2.7651e-19 -3.83251e-07 -1.34761e-19  2.01956e-07 -4.91998e-22  1.39838e-07  3.58864e-20 -4.81711e-09 -1.68331e-20 -3.02688e-08  4.04712e-21 -9.15931e-09 -3.22347e-22  2.20263e-09 -8.76599e-22  2.33691e-09 -1.47727e-21  5.47097e-10  2.35155e-21 -1.20332e-10 -3.20159e-22 -1.18767e-10  -5.1542e-22 -3.25077e-11 -3.87249e-24  1.21663e-13  1.02923e-22  3.25577e-12  3.35579e-23   1.2417e-12  -1.6341e-23  2.07521e-13 -6.77068e-24 -1.25037e-14 -4.12675e-25 -1.75804e-14  5.11628e-25  -5.3062e-15  4.50674e-25 -8.73784e-16  9.42119e-26 -4.58175e-17  2.06288e-26  1.86064e-17 -2.13759e-26  6.57314e-18  -2.0276e-26  1.19861e-18 -3.01206e-27  1.39839e-19  9.14747e-28  8.66163e-21  4.66771e-28  -3.5281e-22  1.39924e-28  -1.6498e-22    2.082e-29 -2.27971e-23 -1.43884e-30 -1.98924e-24 -9.07176e-31 -1.17928e-25  -1.2859e-31 -4.48621e-27 -9.14147e-33 -8.07147e-29 -3.80941e-34  1.08856e-30 -1.61148e-35  8.25169e-32 -4.80157e-37  1.00418e-33
-4.88873e-13 -4.41602e-24   2.9174e-11  5.17998e-23 -6.79121e-10 -2.98721e-22  9.52543e-09  1.01175e-21 -9.28526e-08 -1.89941e-21  6.75314e-07   2.2882e-22 -3.81874e-06  1.13241e-20  1.72238e-05 -4.40792e-20 -6.29503e-05  1.05386e-19  0.000188084 -1.72354e-19 -0.000460744  1.33328e-19  0.000922533  2.62349e-19  -0.00149384 -1.28614e-18   0.00191276  2.83292e-18  -0.00184889 -4.09841e-18   0.00120384  4.04833e-18 -0.000316754  -2.5951e-18 -0.000261979   9.7634e-19  0.000291474 -3.71105e-19 -4.21362e-05    4.739e-19 -9.35783e-05 -2.22548e-19  4.15751e-05 -4.86334e-19  2.45744e-05  8.58196e-19 -1.65196e-05  -6.0179e-19 -7.21762e-06  1.66713e-19  4.80371e-06  1.26799e-19  2.50685e-06 -2.89035e-19 -9.67353e-07  2.92963e-19 -8.32055e-07 -1.38314e-19   4.8478e-08 -4.62909e-21  2.05361e-07  3.05648e-20  4.98733e-08 -1.05161e-20 -2.58377e-08  5.01391e-21 -1.83406e-08 -1.53821e-21 -2.04689e-09 -2.40215e-21  2.24053e-09 -7.44907e-22  1.17388e-09  2.63701e-21  1.48618e-10 -2.86767e-22  -9.0982e-11 -6.15955e-22 -5.34589e-11 -5.35808e-23  -1.1505e-11  1.18736e-22   6.1807e-13  4.44713e-23  1.22715e-12 -1.37373e-23  4.12359e-13 -8.15466e-24  6.59733e-14 -1.49244e-24 -1.81423e-15  5.24922e-25 -4.12336e-15   5.6158e-25 -1.24135e-15  1.66337e-25 -2.12647e-16  3.09974e-26 -1.82501e-17 -3.26224e-26  1.32952e-18 -2.34647e-26  7.81828e-19 -3.12908e-27  1.52715e-19  9.15339e-28   1.9008e-20  4.69918e-28  1.55524e-21  1.32231e-28  6.24135e-23  1.86632e-29 -3.29818e-24 -7.02116e-31 -7.93756e-25 -5.93555e-31 -7.09025e-26 -8.27481e-32 -3.88508e-27 -5.67581e-33 -1.34725e-28 -2.50268e-34  -2.6831e-30 -9.94163e-36 -2.25395e-32 -1.62022e-37
 1.19094e-24 -3.99034e-12 -2.56609e-23  1.39456e-10  2.07033e-22 -2.54567e-09 -9.37473e-22   3.0491e-08  2.57437e-21  -2.6433e-07 -3.59894e-21  1.74993e-06 -2.98531e-21 -9.13967e-06  3.22361e-20  3.84381e-05 -1.04364e-19   -0.0001318  2.29252e-19   0.00037077 -3.55246e-19 -0.000856284  2.62349e-19   0.00161459  4.91075e-19   -0.0024513 -2.27036e-18   0.00291326  4.65476e-18  -0.00255296 -6.13022e-18   0.00139984   5.2558e-18 -0.000122551 -2.54261e-18 -0.000502534    3.432e-19  0.000345787 -1.21758e-19  3.69062e-05  7.61052e-19 -0.000143948 -5.54728e-19  2.33729e-05 -3.25383e-19  4.62749e-05  6.81779e-19  -1.1837e-05  -3.6857e-19 -1.45543e-05  4.32956e-20  2.89245e-06  1.21737e-19  4.50615e-06 -2.77142e-19 -8.67578e-08  3.02136e-19  -1.1846e-06 -1.30556e-19 -2.64861e-07 -1.48386e-20  1.99161e-07  2.20217e-20  1.18044e-07 -1.75241e-21 -1.03539e-09   7.0324e-21 -2.25318e-08 -3.20784e-21 -8.13493e-09 -4.33975e-21  5.26373e-10  -2.8867e-23  1.41495e-09  3.01479e-21  4.90135e-10 -1.97432e-22   1.9556e-11 -7.21157e-22 -4.77819e-11 -1.16041e-22 -2.09424e-11  1.27917e-22 -3.75546e-12  5.56684e-23  3.01927e-13 -9.72242e-24  3.90551e-13 -9.35931e-24  1.21019e-13 -2.51095e-24  1.94083e-14  5.36505e-25  3.17985e-16   6.7551e-25 -7.53109e-16  2.40542e-25 -2.36848e-16  3.65076e-26 -4.20234e-17 -4.30834e-26 -4.50875e-18 -2.54618e-26 -1.31146e-19 -3.14401e-27  5.56456e-20  8.55701e-28  1.31997e-20  4.40461e-28  1.71158e-21  1.17153e-28  1.49693e-22  1.59672e-29  8.70292e-24 -1.63014e-31  2.61229e-25 -3.53643e-31 -5.18864e-27 -4.81066e-32  -9.7856e-28 -3.09109e-33 -4.78263e-29 -1.30057e-34 -1.11517e-30 -4.00271e-36 -8.97011e-33
