  0.00076868 -1.44805e-18  -0.00292686  1.10887e-17   0.00243061 -1.90086e-17  0.000312836  5.69644e-18 -0.000492625  1.99769e-17 -0.000277348 -2.76032e-17 -2.83577e-05  1.74807e-17  4.89559e-05 -8.96927e-18  3.92458e-05  2.47908e-18  1.64859e-05  2.03147e-18  3.40023e-06 -1.36525e-18 -9.44346e-07 -8.71651e-20 -1.39646e-06 -5.46249e-20 -8.73523e-07    1.527e-19 -4.03483e-07  3.24164e-20 -1.50973e-07 -2.78937e-20 -4.59319e-08 -1.46782e-20 -1.03766e-08  2.36053e-21 -8.78396e-10  2.50005e-21   7.3585e-10 -1.76364e-22  5.86876e-10 -4.59806e-22  2.91551e-10  1.40256e-23  1.19123e-10  9.77568e-23  4.31063e-11  1.96389e-23  1.42569e-11 -6.49935e-24  4.38155e-12   3.1641e-25  1.26346e-12  3.18207e-24  3.43908e-13  9.94686e-25  8.86958e-14 -4.74629e-25  2.17227e-14 -5.44323e-25  5.05778e-15 -2.55327e-25  1.11986e-15 -7.28424e-26  2.35695e-16 -8.73718e-27   4.7111e-17  4.40051e-27  8.93071e-18  3.95583e-27  1.60284e-18  1.94853e-27  2.71799e-19  7.35404e-28  4.34444e-20  2.29973e-28   6.5281e-21  6.11154e-29  9.19355e-22  1.24899e-29  1.20919e-22  5.47698e-31  1.47917e-23 -1.21341e-30  1.67437e-24 -7.68396e-31  1.74253e-25 -2.78531e-31  1.65277e-26 -6.04246e-32  1.41059e-27 -1.14566e-33  1.06104e-28  5.70243e-33  6.76034e-30   3.0898e-33  3.30281e-31  1.08831e-33  7.65654e-33  3.01738e-34 -6.79199e-34  6.96023e-35 -1.19043e-34  1.35891e-35 -1.10877e-35  2.24779e-36 -7.81593e-37  3.13326e-37  -4.4768e-38  3.66436e-38 -2.11862e-39  3.61393e-39 -8.27111e-41  3.08416e-40 -2.67853e-42  2.39145e-41 -7.70215e-44  1.74176e-42 -2.31953e-45  1.13462e-43 -7.36203e-47  5.76572e-45 -1.76523e-48  1.86026e-46 -2.02438e-50  2.37796e-48
-1.44805e-18   0.00492772 -7.55924e-18    -0.010012  3.93657e-17   0.00463644  -5.4542e-17   0.00231152  1.36539e-17  -0.00052934  4.48743e-17 -0.000825632 -5.05621e-17 -0.000323761  2.63939e-17  2.34421e-06 -1.62559e-17  8.05414e-05  5.54142e-18  5.73987e-05  4.23289e-18  2.44101e-05 -2.19433e-18  6.05363e-06 -7.69079e-19 -4.06955e-07 -8.90445e-20 -1.49332e-06  3.73062e-19 -1.05951e-06  1.00972e-19 -5.36861e-07 -6.03226e-20 -2.24607e-07 -3.41261e-20 -8.11945e-08  3.13161e-21 -2.56928e-08  3.97738e-21 -7.04855e-09  -1.2252e-21 -1.60036e-09 -1.11762e-21 -2.51836e-10  9.53538e-23  4.27841e-12  2.38687e-22  2.48192e-11  5.15106e-23  1.33396e-11  1.12867e-24  5.20313e-12  1.45409e-23  1.72503e-12  1.29623e-23  5.11441e-13   3.0076e-24  1.38675e-13 -1.75773e-24  3.47815e-14 -1.88101e-24  8.11781e-15 -9.20031e-25  1.76816e-15 -2.93813e-25  3.59712e-16 -5.32287e-26  6.82954e-17  6.97217e-27  1.20733e-17  1.16496e-26  1.97926e-18  6.47492e-27  2.98966e-19  2.61997e-27  4.11811e-20  8.73421e-28  5.08159e-21  2.45082e-28  5.42416e-22  5.16073e-29  4.58815e-23   2.8444e-30  2.08665e-24 -4.14683e-30 -2.25558e-25 -2.49196e-30 -8.08951e-26 -8.13411e-31 -1.44871e-26 -1.38104e-31 -2.01346e-27  1.74975e-32  -2.3746e-28  2.35867e-32 -2.45321e-29  1.06675e-32 -2.24977e-30  3.44074e-33 -1.84082e-31  8.92865e-34 -1.34465e-32  1.93737e-34 -8.74659e-34   3.5547e-35 -5.04003e-35  5.51209e-36 -2.55134e-36   7.1921e-37 -1.12033e-37  7.88383e-38 -4.18893e-39  7.32772e-39 -1.30368e-40  5.93851e-40 -3.36009e-42  4.36389e-41 -7.92405e-44  2.92532e-42 -2.18355e-45   1.6579e-43 -6.43984e-47  6.78259e-45 -1.23768e-48  1.51406e-46 -8.02114e-51
 -0.00292686 -7.55924e-18     0.015182 -2.14287e-17   -0.0199171  8.36703e-17   0.00378371 -1.01172e-16   0.00550281   2.4867e-17   0.00073298  6.51266e-17  -0.00115103 -5.69144e-17 -0.000865327  2.17396e-17 -0.000262301 -2.16762e-17  3.58828e-05  9.17376e-18  9.07024e-05  6.61262e-18  6.04803e-05 -2.62079e-18  2.64718e-05 -1.91567e-18  7.79596e-06 -1.43119e-19  7.76511e-07  6.57855e-19 -8.58321e-07  2.05521e-19 -7.84303e-07 -8.32558e-20 -4.41823e-07 -5.12044e-20 -2.01339e-07  1.92776e-21 -7.99808e-08  2.00138e-21  -2.8613e-08   -4.248e-21 -9.38195e-09  -2.2645e-21 -2.85037e-09  1.22235e-22  -8.0851e-10  3.62033e-22 -2.15426e-10  9.87637e-23 -5.42359e-11  5.05506e-23 -1.29883e-11  6.23066e-23  -2.9837e-12  3.70685e-23 -6.64624e-13   7.6004e-24 -1.45383e-13  -4.2252e-24 -3.16165e-14  -4.5799e-24 -6.89126e-15 -2.33593e-24  -1.5061e-15 -8.06287e-25 -3.27537e-16 -1.76799e-25 -6.99871e-17  1.84939e-28 -1.44954e-17   2.4065e-26 -2.87613e-18  1.51498e-26 -5.41815e-19  6.51865e-27 -9.62831e-20  2.27011e-27 -1.60656e-20  6.49787e-28 -2.50847e-21  1.34669e-28 -3.65506e-22  6.66177e-30 -4.95811e-23 -1.00265e-29 -6.24693e-24 -5.47448e-30 -7.29294e-25 -1.55062e-30 -7.86835e-26 -1.60386e-31 -7.82213e-27  8.91831e-32 -7.14092e-28  6.39689e-32 -5.96293e-29  2.51226e-32 -4.53347e-30  7.45626e-33  -3.1209e-31  1.80833e-33 -1.93251e-32  3.67955e-34 -1.06754e-33  6.32471e-35 -5.20503e-35  9.16979e-36  -2.2065e-36   1.1177e-36  -7.9446e-38  1.14653e-37 -2.33625e-39  1.00214e-38 -5.27433e-41  7.67008e-40 -8.92155e-43  5.27425e-41 -1.92388e-44  3.19005e-42 -9.06839e-46  1.53097e-43 -3.20445e-47  4.78722e-45 -4.79903e-49   6.0456e-47
 1.10887e-17    -0.010012 -2.14287e-17    0.0301339 -3.94569e-17   -0.0274565  1.23433e-16  -0.00162688 -1.43163e-16   0.00778251  3.81382e-17   0.00329876  7.43751e-17 -0.000592789 -4.26936e-17  -0.00130109  4.74039e-18 -0.000716725 -2.50481e-17 -0.000173194  1.27667e-17   5.1403e-05  8.93192e-18  8.19349e-05 -2.96659e-18  5.27611e-05  -3.2619e-18  2.39949e-05 -2.21593e-19  8.17819e-06  9.52821e-19  1.81601e-06   3.3277e-19 -5.13195e-08 -7.48519e-20 -3.33102e-07 -5.25878e-20 -2.33304e-07 -6.97406e-22 -1.17619e-07 -5.54191e-21 -5.01194e-08 -1.01834e-20  -1.9065e-08 -4.37249e-21 -6.64685e-09 -2.68573e-22 -2.15671e-09  3.04686e-22   -6.578e-10  1.58536e-22 -1.89912e-10  1.80577e-22 -5.21625e-11  1.69102e-22 -1.36798e-11  8.53994e-23 -3.43386e-12  1.72104e-23 -8.26165e-13  -7.8777e-24 -1.90602e-13 -9.07672e-24 -4.21488e-14 -4.81378e-24 -8.92379e-15   -1.752e-24 -1.80583e-15 -4.25567e-25 -3.48532e-16 -2.56673e-26 -6.40028e-17  4.11412e-26 -1.11538e-17  2.91881e-26  -1.8397e-18  1.31733e-26 -2.86408e-19  4.69229e-27 -4.19688e-20  1.33486e-27 -5.77201e-21  2.64035e-28 -7.42844e-22  8.92464e-30  -8.9181e-23 -1.94451e-29 -9.95347e-24 -9.29283e-30  -1.0289e-24 -2.13651e-30 -9.80884e-26  1.66305e-32 -8.58151e-27  2.52564e-31 -6.84933e-28  1.33328e-31 -4.95117e-29  4.65624e-32 -3.21124e-30  1.27588e-32 -1.84501e-31  2.88806e-33 -9.21448e-33  5.49648e-34 -3.87424e-34  8.82727e-35 -1.28121e-35  1.19384e-35 -2.65873e-37  1.35683e-36  2.14497e-39  1.30024e-37  5.28748e-40  1.06581e-38  2.86886e-41  7.65093e-40  9.04506e-43  4.85159e-41  1.24646e-44  2.58714e-42 -2.36367e-46   1.0133e-43 -1.19128e-47  2.21074e-45  -1.0921e-49
  0.00243061  3.93657e-17   -0.0199171 -3.94569e-17    0.0437895 -4.88981e-17   -0.0283573  1.31429e-16  -0.00967421 -1.68332e-16   0.00730516  4.86269e-17   0.00605856  7.74493e-17   0.00100666 -1.73617e-17  -0.00119316 -1.70103e-17  -0.00113354 -2.63916e-17 -0.000517197   1.5995e-17 -0.000102788  1.08085e-17  4.76702e-05 -3.64612e-18  6.25942e-05 -4.58353e-18  3.98197e-05   -3.315e-19  1.88657e-05  1.18431e-18  7.20113e-06  4.64981e-19  2.20026e-06 -1.75533e-20  4.74827e-07 -2.70364e-20  1.61276e-08 -2.91397e-21 -5.33827e-08 -1.86623e-20  -3.7905e-08  -1.9263e-20 -1.84346e-08 -8.06552e-21   -7.505e-09 -1.62512e-21 -2.71901e-09 -1.37459e-22 -9.00989e-10  2.33713e-22 -2.77128e-10  4.32863e-22 -7.98156e-11  3.60479e-22 -2.16414e-11  1.68139e-22 -5.54261e-12  3.47457e-23 -1.34339e-12 -1.23353e-23 -3.08416e-13 -1.55701e-23 -6.70756e-14 -8.53666e-24 -1.38125e-14 -3.21392e-24 -2.69052e-15 -8.24419e-25 -4.95055e-16 -7.48176e-26  -8.5895e-17  6.35626e-26 -1.40241e-17  4.95467e-26 -2.14939e-18  2.29897e-26 -3.08358e-19  8.19969e-27 -4.12711e-20   2.2694e-27 -5.13267e-21  4.17547e-28 -5.90192e-22  4.40806e-30 -6.23471e-23 -3.14459e-29 -5.99817e-24 -1.26487e-29  -5.1881e-25 -2.00137e-30 -3.95007e-26  5.43155e-31 -2.54136e-27  5.27393e-31 -1.24476e-28  2.28363e-31 -2.72771e-30  7.19825e-32  2.92276e-31  1.82498e-32  4.97299e-32  3.85075e-33  4.66694e-33  6.83916e-34  3.34693e-34  1.02381e-34  1.97126e-35  1.28893e-35  9.76922e-37  1.36341e-36  4.10622e-38   1.2182e-37  1.45739e-39  9.33048e-39  4.23273e-41   6.2268e-40  9.05927e-43  3.57788e-41  9.82361e-45  1.63437e-42  -9.3732e-47  4.94445e-44 -3.60846e-48  6.14187e-46
-1.90086e-17   0.00463644  8.36703e-17   -0.0274565 -4.88981e-17    0.0505812 -3.55691e-17   -0.0228709  9.65243e-17   -0.0169189 -1.76025e-16   0.00399346   5.0709e-17   0.00771623  8.25707e-17    0.0031556  5.76702e-18 -0.000362558 -3.58571e-17  -0.00123573 -2.51568e-17 -0.000854257  1.90615e-17  -0.00034614  1.18076e-17 -6.20773e-05 -4.85767e-18  3.26928e-05 -5.77125e-18  4.07346e-05 -5.18671e-19  2.61007e-05  1.27637e-18  1.28455e-05  5.84144e-19  5.30871e-06  9.38588e-20  1.89871e-06  2.88221e-20  5.90074e-07 -2.36775e-21  1.55851e-07 -3.50828e-20  3.22064e-08 -3.09183e-20  3.40172e-09 -1.39328e-20 -1.12712e-09 -4.46596e-21 -9.57475e-10 -1.10112e-21 -4.36849e-10  3.54543e-22 -1.59305e-10  8.47841e-22  -5.0689e-11  6.56653e-22 -1.45579e-11  2.92738e-22  -3.8354e-12  6.24225e-23 -9.34797e-13 -1.70802e-23 -2.11686e-13 -2.39551e-23 -4.46164e-14 -1.34601e-23 -8.75123e-15 -5.15838e-24 -1.59454e-15 -1.35385e-24 -2.68918e-16 -1.38847e-25 -4.17257e-17  9.41824e-26 -5.89772e-18  7.67541e-26 -7.46429e-19   3.5736e-26 -8.17738e-20  1.25074e-26 -7.12909e-21  3.30686e-27 -3.45073e-22  5.52141e-28  3.29521e-23 -1.06191e-29  1.27248e-23 -4.28232e-29  2.34623e-24 -1.36357e-29  3.33729e-25 -5.98184e-31  4.02026e-26  1.48404e-30   4.2391e-27  8.92742e-31  3.96683e-28  3.33527e-31  3.31229e-29  9.57974e-32  2.47015e-30  2.25007e-32   1.6419e-31  4.42003e-33  9.68625e-33  7.31095e-34  5.04143e-34  1.01797e-34  2.29849e-35  1.19061e-35  9.11161e-37  1.16997e-36  3.11685e-38  9.72386e-38  9.07801e-40  6.92472e-39  2.15526e-41  4.24731e-40  3.60349e-43  2.16368e-41  2.14848e-45  8.14612e-43 -5.35402e-47  1.73366e-44 -7.51053e-49
 0.000312836  -5.4542e-17   0.00378371  1.23433e-16   -0.0283573 -3.55691e-17    0.0497595  4.06621e-18   -0.0145397  3.32659e-17   -0.0211919 -1.74184e-16  -0.00082836  4.36064e-17   0.00766397  9.16222e-17   0.00511248  1.80533e-17   0.00101603 -4.77028e-17 -0.000871764 -2.05074e-17   -0.0010122  2.23831e-17 -0.000590151  1.17334e-17 -0.000225644 -6.47773e-18 -4.34377e-05 -6.79669e-18  1.54962e-05 -8.62421e-19  2.18397e-05  1.17251e-18  1.44627e-05  6.74392e-19  7.37052e-06  2.48397e-19  3.20455e-06  1.08914e-19  1.23867e-06  3.04814e-21  4.34825e-07  -5.1276e-20  1.40415e-07 -4.41826e-20  4.20743e-08 -2.23337e-20   1.1777e-08  -9.0214e-21  3.09835e-09 -2.54647e-21  7.71295e-10  5.98773e-22  1.83214e-10  1.46167e-21  4.19851e-11  1.06708e-21  9.40684e-12   4.6038e-22  2.08956e-12  1.00202e-22  4.64998e-13 -2.19074e-23  1.03931e-13 -3.38599e-23  2.31767e-14 -1.92718e-23  5.09035e-15 -7.40928e-24  1.08522e-15 -1.94024e-24  2.21732e-16 -1.94344e-25  4.30002e-17   1.3781e-25  7.86077e-18   1.1036e-25  1.34816e-18  5.02998e-26  2.16183e-19  1.69646e-26  3.23266e-20  4.21655e-27  4.49761e-21  6.22672e-28  5.80974e-22 -3.39804e-29  6.95219e-23 -4.85736e-29  7.68821e-24 -1.05034e-29   7.8357e-25  2.28483e-30  7.33687e-26  2.74899e-30  6.28829e-27  1.28318e-30  4.91223e-28  4.25096e-31  3.47978e-29  1.11941e-31  2.22201e-30  2.43723e-32  1.26991e-31  4.45148e-33  6.44179e-33  6.84403e-34  2.87312e-34  8.84586e-35    1.116e-35  9.59292e-36  3.74743e-37  8.73958e-37  1.08426e-38  6.73592e-38  2.67822e-40  4.42969e-39  5.26967e-42  2.45995e-40   5.9735e-44   1.0801e-41 -3.90374e-46  3.16732e-43 -2.00733e-47  3.86258e-45
 5.69644e-18   0.00231152 -1.01172e-16  -0.00162688  1.31429e-16   -0.0228709  4.06621e-18    0.0445641  5.88623e-17  -0.00675068 -3.06151e-17   -0.0223857 -1.70315e-16  -0.00567969  3.26552e-17   0.00607964  9.89922e-17   0.00632334  1.74253e-17   0.00256718  -5.1951e-17 -7.77016e-05 -1.20672e-17 -0.000878321  2.61335e-17 -0.000728022  1.07921e-17  -0.00038657 -8.14124e-18 -0.000147589 -7.66218e-18 -3.51227e-05  -1.4309e-18  2.26275e-06  8.57218e-19  8.62273e-06  7.24372e-19  6.32036e-06  4.21976e-19  3.36894e-06  2.00899e-19  1.51603e-06  1.46813e-20  6.07156e-07 -6.41261e-20  2.22126e-07 -5.83047e-20   7.5391e-08 -3.32716e-20  2.39839e-08 -1.50747e-20  7.20409e-09 -4.21698e-21  2.05421e-09  1.08673e-21  5.58274e-10  2.29647e-21  1.45009e-10  1.58348e-21  3.60599e-11  6.62257e-22  8.59088e-12  1.44284e-22  1.96038e-12 -2.73722e-23  4.28053e-13 -4.47499e-23  8.92914e-14 -2.54267e-23  1.77573e-14 -9.66837e-24  3.35872e-15 -2.46697e-24  6.02705e-16  -2.0851e-25  1.02338e-16  1.98642e-25  1.63993e-17  1.48141e-25  2.47353e-18  6.46724e-26  3.50222e-19  2.06951e-26  4.64199e-20  4.76667e-27  5.74314e-21  6.05943e-28  6.61219e-22 -5.60359e-29  7.06064e-23 -4.37539e-29  6.96689e-24 -2.58254e-30  6.32572e-25  6.32159e-30  5.25965e-26  4.09481e-30  3.98201e-27  1.60895e-30  2.72616e-28  4.80282e-31  1.67339e-29    1.164e-31  9.10924e-31  2.34938e-32  4.33408e-32  3.98428e-33   1.7666e-33   5.6834e-34  5.99617e-35  6.80523e-35  1.62901e-36  6.82915e-36  3.38705e-38  5.75474e-37  5.44439e-40  4.09609e-38  8.20082e-42   2.4641e-39   4.9421e-44  1.21458e-40 -8.02798e-45  4.42272e-42 -3.60132e-46  9.18725e-44 -3.97213e-48
-0.000492625  1.36539e-17   0.00550281 -1.43163e-16  -0.00967421  9.65243e-17   -0.0145397  5.88623e-17    0.0386298    1.107e-16 -0.000947464 -7.41989e-17   -0.0215041 -1.65254e-16  -0.00968365  2.47924e-17   0.00352506   9.7289e-17    0.0065785  6.20381e-18   0.00391588 -4.98359e-17  0.000971982 -4.22261e-19 -0.000440375  3.00858e-17  -0.00068267  9.50057e-18 -0.000478817 -9.42505e-18 -0.000243154 -8.37797e-18 -9.63651e-05 -2.23492e-18  -2.8721e-05  3.65387e-19 -4.63138e-06  7.29374e-19  1.40429e-06  5.86231e-19  1.78269e-06  2.91541e-19  1.07942e-06  3.24818e-20  5.11645e-07 -7.25872e-20  2.10085e-07 -7.32836e-20  7.77596e-08 -4.64125e-20  2.64743e-08 -2.20019e-20  8.38899e-09 -5.70976e-21  2.49231e-09  1.93595e-21  6.97509e-10  3.33921e-21  1.84438e-10  2.17134e-21  4.61598e-11  8.76727e-22  1.09436e-11  1.86404e-22  2.45805e-12 -3.49333e-23  5.22852e-13  -5.6021e-23  1.05232e-13 -3.12384e-23  2.00153e-14 -1.15758e-23  3.59222e-15  -2.8046e-24  6.07252e-16 -1.51614e-25  9.64914e-17  2.76413e-25  1.43784e-17   1.8565e-25  2.00398e-18  7.63107e-26  2.60448e-19  2.28717e-26   3.1454e-20  4.82018e-27  3.51511e-21  5.14801e-28   3.6165e-22  -6.3084e-29  3.40316e-23  -2.5972e-29  2.90341e-24  9.15735e-30  2.21751e-25   1.0694e-29  1.48591e-26  5.20774e-30  8.41523e-28  1.79075e-30  3.68436e-29  4.86406e-31  8.55316e-31  1.08747e-31 -4.13279e-32  2.03402e-32 -7.03001e-33  3.19829e-33 -5.54681e-34  4.22494e-34 -3.17617e-35  4.67733e-35 -1.41826e-36  4.33421e-36 -4.95203e-38  3.36841e-37 -1.31452e-39  2.20129e-38 -2.56877e-41  1.19564e-39 -3.97286e-43  5.09246e-41 -6.66292e-45  1.45286e-42 -9.98158e-47  1.73935e-44
 1.99769e-17  -0.00052934   2.4867e-17   0.00778251 -1.68332e-16   -0.0169189  3.32659e-17  -0.00675068    1.107e-16    0.0338364  1.45451e-16   0.00296605 -9.25321e-17   -0.0195907 -1.54032e-16   -0.0125873  2.33754e-17  0.000563764  8.27197e-17   0.00593792  -1.1352e-17   0.00480286 -4.29942e-17   0.00205145  1.29614e-17  0.000223401  3.38033e-17 -0.000433826  8.44894e-18 -0.000454083 -1.00342e-17 -0.000290597 -8.96063e-18 -0.000145186 -3.21214e-18 -6.03208e-05 -2.28568e-19 -2.11018e-05  6.91456e-19 -6.03543e-06  7.17705e-19 -1.23064e-06    3.702e-19 -3.69464e-08  5.36119e-20  1.28175e-07 -7.89335e-20  8.66508e-08 -9.01939e-20  4.01804e-08 -6.12793e-20  1.55587e-08 -2.90096e-20  5.33883e-09 -6.64019e-21  1.66629e-09  3.18559e-21  4.79493e-10  4.51592e-21  1.28197e-10  2.76419e-21  3.19861e-11  1.06959e-21  7.46605e-12  2.14818e-22  1.63203e-12 -4.65336e-23  3.34106e-13  -6.7003e-23  6.40029e-14 -3.59898e-23   1.1454e-14 -1.27914e-23  1.91013e-15 -2.85029e-24  2.95767e-16 -1.09959e-26  4.23062e-17  3.63619e-25  5.54887e-18  2.16747e-25  6.59733e-19  8.28462e-26  6.97298e-20  2.30135e-26  6.30328e-21  4.39252e-27  4.40971e-22  3.92767e-28  1.44764e-23 -4.42914e-29 -2.06261e-24  2.91322e-30  -5.3635e-25  2.22856e-29 -7.71616e-26  1.43819e-29 -8.67194e-27  5.82456e-30 -8.22377e-28  1.79037e-30 -6.76205e-29  4.45208e-31 -4.86981e-30  9.19362e-32 -3.07745e-31  1.59242e-32 -1.70077e-32  2.31802e-33 -8.15358e-34  2.83038e-34 -3.34402e-35  2.89115e-35 -1.14735e-36  2.46787e-36 -3.17971e-38  1.76205e-37 -6.76286e-40  1.04855e-38 -1.04805e-41  5.04982e-40  -1.2603e-43   1.7898e-41 -1.60375e-45  3.63667e-43 -1.37373e-47
-0.000277348  4.48743e-17   0.00073298  3.81382e-17   0.00730516 -1.76025e-16   -0.0211919 -3.06151e-17 -0.000947464  1.45451e-16    0.0304611  1.57836e-16   0.00559523 -9.17686e-17   -0.0173038 -1.31382e-16   -0.0144771  2.66677e-17  -0.00240095  5.64393e-17   0.00459427 -3.05449e-17   0.00510565 -3.28775e-17   0.00295279   2.6284e-17  0.000980248  3.69323e-17 -2.02307e-05  8.06709e-18  -0.00029927 -9.91045e-18 -0.000263638  -9.4358e-18 -0.000160156 -4.24954e-18 -7.95396e-05 -8.38678e-19 -3.41851e-05  6.15811e-19 -1.30477e-05  8.01401e-19 -4.47907e-06  4.27699e-19  -1.3899e-06  7.03118e-20 -3.89383e-07   -8.932e-20 -9.76263e-08 -1.11252e-19 -2.14347e-08 -7.75413e-20  -3.9075e-09 -3.54592e-20 -4.96694e-10   -6.827e-21   1.9369e-12  4.72842e-21  2.72245e-11  5.67866e-21  1.10581e-11  3.26774e-21  3.08193e-12  1.19965e-21  6.78723e-13  2.17356e-22  1.17661e-13 -6.36235e-23  1.36787e-14 -7.68742e-23 -1.57769e-16 -3.90372e-23  -6.7587e-16 -1.30746e-23 -2.49837e-16 -2.56232e-24 -6.55892e-17  2.00229e-25 -1.43366e-17  4.45962e-25 -2.74569e-18   2.3523e-25  -4.7122e-19  8.28829e-26 -7.33037e-20  2.11638e-26 -1.03991e-20   3.6401e-27  -1.3495e-21  2.92176e-28 -1.60386e-22   1.9941e-30 -1.74543e-23   3.6996e-29 -1.73718e-24   3.3778e-29 -1.57781e-25  1.65485e-29 -1.30378e-26  5.82894e-30 -9.76265e-28  1.62176e-30 -6.59115e-29  3.70584e-31 -3.98717e-30  7.07156e-32 -2.14415e-31  1.13317e-32 -1.01463e-32  1.52454e-33 -4.16693e-34  1.71727e-34 -1.45554e-35  1.61491e-35 -4.19032e-37  1.26612e-36 -9.44143e-39    8.261e-38 -1.53098e-40  4.42393e-39 -1.61423e-42  1.84174e-40 -1.37696e-44  5.13392e-42 -1.93505e-46  6.04044e-44
-2.76032e-17 -0.000825632  6.51266e-17   0.00329876  4.86269e-17   0.00399346 -1.74184e-16   -0.0223857 -7.41989e-17   0.00296605  1.57836e-16    0.0281392  1.49414e-16   0.00746037 -7.99313e-17   -0.0149582  -9.6757e-17   -0.0155423  2.97509e-17  -0.00512993  2.28502e-17   0.00277249 -4.72271e-17   0.00481142 -2.07637e-17   0.00352231  3.80286e-17   0.00168187  3.93482e-17  0.000475508  8.47469e-18 -4.02065e-05 -9.23892e-18 -0.000159502  -9.8423e-18  -0.00013064 -5.23194e-18  -7.7098e-05 -1.40091e-18 -3.80324e-05  5.02983e-19 -1.65449e-05   8.2623e-19 -6.52068e-06  4.51173e-19 -2.36674e-06  6.81866e-20 -8.00119e-07 -1.13284e-19  -2.5412e-07 -1.39498e-19 -7.63568e-08 -9.52013e-20  -2.1835e-08 -4.11033e-20 -5.97202e-09 -6.39957e-21 -1.56846e-09  6.29542e-21 -3.96652e-10  6.62253e-21 -9.67189e-11  3.57824e-21 -2.27367e-11  1.22965e-21 -5.14536e-12  1.85854e-22 -1.11809e-12 -8.60205e-23 -2.32551e-13 -8.45856e-23  -4.6132e-14 -3.99083e-23 -8.69729e-15  -1.2344e-23 -1.55303e-15 -1.97692e-24 -2.61819e-16  4.44512e-25 -4.15484e-17  5.06406e-25   -6.189e-18   2.3695e-25  -8.6303e-19  7.65089e-26 -1.12359e-19   1.7859e-26   -1.362e-20  2.78797e-27  -1.5328e-21  2.49004e-28 -1.59653e-22  6.64637e-29  -1.5338e-23  6.84387e-29  -1.3539e-24  4.11345e-29 -1.09324e-25  1.68286e-29 -8.03438e-27  5.27824e-30 -5.34193e-28  1.33941e-30 -3.19045e-29  2.81867e-31 -1.69679e-30  4.96963e-32 -7.94748e-32  7.35843e-33 -3.23017e-33  9.13365e-34 -1.11463e-34  9.47131e-35 -3.14733e-36  8.17942e-36 -6.75225e-38  5.86796e-37 -9.01128e-40  3.47226e-38 -9.03952e-43  1.64549e-39  1.96416e-43  5.70915e-41  1.92542e-45  1.13784e-42  -1.0075e-47
-2.83577e-05 -5.05621e-17  -0.00115103  7.43751e-17   0.00605856   5.0709e-17  -0.00082836 -1.70315e-16   -0.0215041 -9.25321e-17   0.00559523  1.49414e-16     0.026486  1.24995e-16   0.00887808 -6.20413e-17   -0.0126766 -5.55889e-17   -0.0159646  2.73756e-17  -0.00749888 -1.28197e-17  0.000680929 -5.86368e-17   0.00398025 -7.92452e-18   0.00367187  4.72935e-17   0.00219558  4.10677e-17  0.000950104  9.43164e-18  0.000266722 -8.38128e-18 -2.22898e-07 -1.02425e-17 -6.13526e-05 -6.09416e-18 -5.16453e-05 -1.89898e-18 -3.03606e-05  3.39118e-19 -1.48698e-05  7.75448e-19 -6.43373e-06  4.18911e-19 -2.52901e-06  2.68248e-20  -9.1784e-07 -1.61796e-19 -3.10733e-07 -1.77925e-19 -9.88211e-08 -1.14482e-19 -2.96662e-08 -4.60985e-20 -8.43462e-09 -5.76128e-21 -2.27612e-09  7.51667e-21 -5.83669e-10  7.13619e-21 -1.42287e-10  3.61208e-21  -3.2968e-11  1.13912e-21 -7.25505e-12  1.20105e-22 -1.51468e-12 -1.11243e-22 -2.99586e-13  -8.8939e-23 -5.60443e-14 -3.83958e-23 -9.89837e-15 -1.07023e-23 -1.64729e-15 -1.20051e-24 -2.57781e-16  6.71283e-25 -3.78477e-17   5.3112e-25 -5.20122e-18   2.2138e-25 -6.67314e-19  6.52593e-26 -7.97053e-20  1.39089e-26 -8.83508e-21  2.03742e-27 -9.05639e-22  2.68489e-28  -8.5495e-23  1.32607e-28 -7.39741e-24  9.03975e-29 -5.83265e-25   4.3199e-29 -4.16111e-26  1.53943e-29 -2.66173e-27  4.35828e-30 -1.50816e-28  1.01346e-30 -7.43812e-30  1.96629e-31 -3.10488e-31  3.20133e-32 -1.03934e-32   4.3737e-33 -2.40896e-34  4.99914e-34 -1.14519e-36  4.76148e-35  2.28386e-37    3.765e-36  1.39427e-38  2.45895e-37  4.94651e-40  1.30524e-38  1.15875e-41  5.34308e-40  1.59822e-43   1.4613e-41   8.4954e-46  1.69265e-43
 1.74807e-17 -0.000323761 -5.69144e-17 -0.000592789  7.74493e-17   0.00771623  4.36064e-17  -0.00567969 -1.65254e-16   -0.0195907 -9.17686e-17   0.00746037  1.24995e-16    0.0252599  9.11894e-17    0.0100236 -4.04943e-17   -0.0104953 -1.68915e-17    -0.015887  1.60707e-17  -0.00945062 -4.62195e-17  -0.00150344 -6.38713e-17   0.00271613  4.34436e-18   0.00337719  5.37548e-17   0.00242559  4.20336e-17   0.00130402  1.03882e-17    0.0005508 -7.77978e-18   0.00017453 -1.07354e-17  2.92533e-05 -6.85296e-18 -1.03859e-05 -2.37304e-18 -1.34798e-05  8.92237e-20 -8.57294e-06  6.19327e-19 -4.26887e-06  3.00235e-19 -1.83652e-06 -7.58455e-20 -7.09713e-07 -2.43848e-19 -2.51279e-07 -2.28093e-19 -8.24489e-08 -1.35379e-19 -2.52497e-08 -5.07795e-20 -7.25012e-09 -5.41832e-21 -1.95749e-09  8.04101e-21 -4.97816e-10  7.06929e-21 -1.19352e-10  3.33539e-21 -2.69827e-11  9.33673e-22 -5.75054e-12  2.93237e-23 -1.15451e-12 -1.34831e-22 -2.18121e-13 -8.88772e-23 -3.87264e-14 -3.46332e-23 -6.45048e-15 -8.41745e-24 -1.00594e-15 -3.79457e-25 -1.46521e-16   8.3361e-25  -1.9876e-17   5.1447e-25 -2.50239e-18  1.91849e-25 -2.91146e-19  5.15506e-26 -3.11329e-20  1.01026e-26 -3.03741e-21   1.5003e-27 -2.67586e-22  3.27694e-28 -2.09479e-23  1.83667e-28 -1.41695e-24  9.92956e-29 -7.79816e-26  4.03475e-29 -2.88734e-27  1.28063e-29  1.27131e-29  3.29976e-30  1.42872e-29  7.05118e-31  1.57669e-30  1.26171e-31    1.187e-31   1.8951e-32  7.05812e-33  2.38505e-33  3.44875e-34  2.50513e-34  1.39939e-35  2.18597e-35  4.70434e-37   1.5767e-36  1.29208e-38  9.30723e-38  2.79486e-40  4.36211e-39  4.35181e-42  1.48869e-40  3.93439e-44  2.91868e-42  1.06456e-46
 4.89559e-05  2.63939e-17 -0.000865327 -4.26936e-17   0.00100666  8.25707e-17   0.00766397  3.26552e-17  -0.00968365 -1.54032e-16   -0.0173038 -7.99313e-17   0.00887808  9.11894e-17    0.0243306  5.63481e-17    0.0109991 -1.70374e-17  -0.00841439  1.07467e-17   -0.0154129 -4.79968e-18   -0.0109621  -7.4495e-17  -0.00363332 -6.36761e-17   0.00114853  1.48986e-17   0.00267126  5.74227e-17   0.00232564  4.19607e-17   0.00146283  1.06288e-17  0.000746131 -7.85909e-18  0.000320091 -1.14556e-17   0.00011573 -7.60331e-18  3.39402e-05 -2.90767e-18  6.85339e-06 -3.00613e-19 -4.71391e-08  3.17193e-19 -9.55038e-07  6.31593e-20 -6.30509e-07  -2.5586e-19 -2.95667e-07 -3.62379e-19 -1.16431e-07 -2.88644e-19 -4.06216e-08 -1.57092e-19 -1.28623e-08 -5.53265e-20 -3.74329e-09 -5.75687e-21 -1.00851e-09  7.66284e-21 -2.52568e-10  6.38805e-21 -5.89234e-11  2.78006e-21 -1.28157e-11   6.4576e-22 -2.59772e-12 -6.99649e-23 -4.90051e-13 -1.51658e-22 -8.58231e-14  -8.3891e-23 -1.38992e-14 -2.91114e-23 -2.06933e-15 -5.86054e-24 -2.80617e-16  3.41949e-25  -3.4131e-17   9.0295e-25 -3.61665e-18  4.60758e-25 -3.12108e-19  1.54335e-25 -1.72235e-20  3.78668e-26   5.6438e-22  6.97746e-27   3.4295e-22  1.18481e-27  6.30764e-23  3.90765e-28  8.54444e-24  2.08949e-28  9.63204e-25  9.54987e-29  9.40146e-26  3.40747e-29   8.0715e-27  9.75886e-30   6.1304e-28  2.30025e-30  4.12063e-29   4.5239e-31   2.4434e-30  7.46363e-32  1.27046e-31  1.03294e-32   5.7427e-33  1.19534e-33  2.23166e-34   1.1511e-34  7.35414e-36  9.17441e-36  2.01957e-37  6.00599e-37  4.50177e-39  3.17125e-38  7.73041e-41  1.28227e-39  9.05042e-43  3.45353e-41  5.25782e-45  3.94604e-43
-8.96927e-18  2.34421e-06  2.17396e-17  -0.00130109 -1.73617e-17    0.0031556  9.16222e-17   0.00607964  2.47924e-17   -0.0125873 -1.31382e-16   -0.0149582 -6.20413e-17    0.0100236  5.63481e-17    0.0236274  2.96361e-17    0.0118709  6.35038e-18  -0.00641712  2.25461e-17   -0.0146118 -3.28611e-17   -0.0120238 -9.60488e-17  -0.00558376 -5.96025e-17 -0.000577739  2.30228e-17    0.0016364  5.84247e-17   0.00190441   4.0374e-17   0.00139243   9.4828e-18  0.000808754 -8.93404e-18  0.000400539 -1.25437e-17  0.000174622  -8.4787e-18  6.81466e-05 -3.60249e-18  2.40187e-05 -8.88876e-19  7.67477e-06  -1.6891e-19  2.22218e-06 -3.11854e-19  5.79986e-07 -5.14765e-19  1.34823e-07 -5.11091e-19  2.72428e-08 -3.54453e-19  4.53661e-09 -1.77707e-19   5.3426e-10 -5.95222e-20  1.21425e-11 -6.87847e-21 -1.33032e-11  6.39876e-21 -3.30053e-12   5.1931e-21  4.69902e-14  2.03793e-21  3.47851e-13  3.26063e-22    1.712e-13 -1.58885e-22  5.79282e-14   -1.577e-22  1.60222e-14 -7.43331e-23  3.84005e-15 -2.26018e-23  8.19362e-16 -3.41514e-24  1.57927e-16   8.5995e-25  2.77288e-17  8.76104e-25  4.45705e-18  3.82147e-25  6.57692e-19  1.15463e-25   8.9213e-20  2.60653e-26  1.11267e-20  4.73308e-27  1.27511e-21  1.02675e-27   1.3408e-22  4.26714e-28  1.29086e-23  2.06606e-28  1.13461e-24  8.24012e-29  9.07166e-26   2.6285e-29    6.568e-27  6.84689e-30  4.28238e-28  1.48093e-30  2.49753e-29  2.68231e-31  1.29223e-30  4.07733e-32  5.87267e-32  5.19156e-33  2.31608e-33  5.51277e-34  7.81391e-35  4.85452e-35  2.21749e-36  3.52064e-36  5.18415e-38  2.07727e-37  9.66413e-40  9.66325e-39  1.33835e-41  3.25641e-40  1.14794e-43  6.29794e-42  3.41053e-46
 3.92458e-05 -1.62559e-17 -0.000262301  4.74039e-18  -0.00119316  5.76702e-18   0.00511248  9.89922e-17   0.00352506  2.33754e-17   -0.0144771  -9.6757e-17   -0.0126766 -4.04943e-17    0.0109991  2.96361e-17    0.0231097   1.8583e-17    0.0126876  2.77979e-17  -0.00447788  1.89506e-17   -0.0135255 -6.33177e-17   -0.0126278 -1.09904e-16  -0.00724436 -5.29847e-17  -0.00230869  2.86406e-17  0.000394964  5.69482e-17   0.00122357  3.68285e-17   0.00110582   6.5419e-18  0.000727451  -1.1131e-17  0.000399034 -1.40909e-17  0.000192153 -9.59234e-18  8.34271e-05  -4.5349e-18  3.32033e-05 -1.71486e-18  1.22548e-05  -8.5351e-19  4.23193e-06 -8.17838e-19  1.37729e-06 -8.34196e-19  4.25037e-07 -6.73828e-19  1.25021e-07 -4.17052e-19  3.51956e-08 -1.94385e-19  9.51106e-09 -6.27403e-20  2.47119e-09 -8.56698e-21  6.17467e-10  4.48189e-21  1.48212e-10  3.69154e-21  3.41036e-11  1.23488e-21  7.50166e-12  2.87647e-23  1.57251e-12 -2.21959e-22  3.13125e-13  -1.5143e-22  5.90456e-14 -6.14471e-23  1.05133e-14 -1.59886e-23  1.76274e-15 -1.38734e-24  2.77608e-16  1.13277e-24  4.09643e-17  7.72539e-25  5.65014e-18  2.94107e-25  7.26653e-19  8.06151e-26  8.69152e-20  1.70512e-26  9.64202e-21  3.28851e-27  9.89083e-22  9.39446e-28   9.3503e-23  4.20695e-28  8.11502e-24  1.82404e-28  6.43761e-25  6.46688e-29  4.64437e-26  1.86439e-29  3.02908e-27  4.43923e-30  1.77342e-28  8.82637e-31  9.24175e-30  1.47223e-31  4.24331e-31  2.05968e-32  1.69552e-32  2.40851e-33     5.81e-34   2.3414e-34    1.679e-35  1.87962e-35  4.01974e-37  1.23422e-36   7.8224e-39  6.49781e-38  1.19733e-40  2.60405e-39  1.30457e-42  6.92849e-41  7.33027e-45  7.82476e-43
 2.47908e-18  8.05414e-05 -2.16762e-17 -0.000716725 -1.70103e-17 -0.000362558  1.80533e-17   0.00632334   9.7289e-17  0.000563764  2.66677e-17   -0.0155423 -5.55889e-17   -0.0104953 -1.70374e-17    0.0118709   1.8583e-17    0.0227551  2.64575e-17    0.0134892  4.61182e-17  -0.00256474  4.90202e-18    -0.012173 -9.01468e-17   -0.0127615 -1.15151e-16  -0.00851446 -4.42744e-17  -0.00388728  3.23251e-17 -0.000902975  5.33139e-17  0.000388098  3.11775e-17  0.000659691  1.80597e-18  0.000525442 -1.43417e-17  0.000321575 -1.60838e-17  0.000167839 -1.09847e-17  7.79526e-05 -5.72718e-18  3.29559e-05 -2.77398e-18  1.28608e-05 -1.70947e-18  4.67642e-06 -1.41395e-18  1.59496e-06 -1.17659e-18  5.12674e-07 -8.27359e-19  1.55828e-07 -4.66459e-19  4.48897e-08 -2.04095e-19  1.22723e-08  -6.4171e-20    3.186e-09  -1.0389e-20  7.85405e-10  2.28172e-21  1.83757e-10  2.13581e-21  4.07666e-11   4.9566e-22   8.5656e-12 -2.03232e-22  1.70213e-12 -2.51264e-22  3.19397e-13  -1.3425e-22  5.64989e-14 -4.70676e-23  9.40461e-15  -1.0064e-23  1.47031e-15  5.40841e-26  2.15461e-16   1.1797e-24   2.9531e-17  6.24656e-25  3.77674e-18  2.10592e-25  4.49543e-19  5.28682e-26  4.96592e-20  1.08499e-26   5.0747e-21  2.41602e-27  4.77993e-22  8.54929e-28  4.13248e-23  3.75436e-28  3.26325e-24  1.46007e-28  2.34004e-25  4.65603e-29   1.5132e-26  1.22158e-29   8.7487e-28    2.667e-30  4.47364e-29  4.87843e-31  1.99501e-30  7.48952e-32   7.6131e-32  9.62984e-33  2.42059e-33  1.03209e-33  6.16437e-35  9.16127e-35  1.18221e-36  6.67899e-36  1.54249e-38  3.94364e-37  1.16297e-40  1.82553e-38  4.92991e-43  6.09322e-40  1.73033e-45  1.16535e-41 -5.89004e-47
 1.64859e-05  5.54142e-18  3.58828e-05 -2.50481e-17  -0.00113354 -3.58571e-17   0.00101603  1.74253e-17    0.0065785  8.27197e-17  -0.00240095  2.97509e-17   -0.0159646 -1.68915e-17  -0.00841439  6.35038e-18    0.0126876  2.64575e-17    0.0225536  5.11502e-17    0.0143121  6.10233e-17 -0.000640595 -1.22724e-17   -0.0105557 -1.07535e-16   -0.0124071 -1.10786e-16  -0.00930336 -3.30052e-17   -0.0051628  3.50828e-17  -0.00209669  4.80585e-17 -0.000471441  2.37308e-17  0.000141183 -4.29922e-18  0.000252603 -1.82316e-17  0.000193328 -1.83799e-17  0.000113111 -1.25988e-17   5.6484e-05 -7.12894e-18  2.51295e-05  -4.0029e-18   1.0181e-05 -2.66167e-18  3.80486e-06 -2.02939e-18  1.32255e-06  -1.4927e-18  4.29923e-07 -9.46947e-19  1.31183e-07 -4.93845e-19  3.76646e-08  -2.0457e-19  1.01911e-08  -6.3158e-20  2.60078e-09 -1.18662e-20  6.26187e-10  1.88458e-22  1.42221e-10  7.54981e-22  3.04558e-11 -8.70322e-23  6.14451e-12 -3.47743e-22  1.16673e-12  -2.4759e-22  2.08244e-13 -1.09833e-22  3.48863e-14 -3.31182e-23  5.47617e-15 -5.35939e-24  8.03873e-16  8.89905e-25  1.10106e-16  1.06183e-24   1.4035e-17  4.66052e-25  1.65989e-18   1.4084e-25  1.81486e-19  3.29423e-26  1.82649e-20  6.93086e-27   1.6829e-21  1.87301e-27  1.40985e-22  7.41807e-28  1.06401e-23  3.05226e-28  7.13902e-25  1.06997e-28  4.17122e-26  3.09315e-29  2.04426e-27  7.41836e-30  7.70448e-29  1.48768e-30  1.57718e-30  2.50377e-31 -5.28163e-32  3.53447e-32 -7.81662e-33  4.16959e-33 -4.93851e-34   4.0864e-34 -2.17849e-35  3.30168e-35 -7.18117e-37  2.17517e-36 -1.75354e-38  1.14361e-37 -3.01518e-40  4.55412e-39 -3.31686e-42  1.20016e-40 -1.93682e-44  1.34221e-42
 2.03147e-18  5.73987e-05  9.17376e-18 -0.000173194 -2.63916e-17  -0.00123573 -4.77028e-17   0.00256718  6.20381e-18   0.00593792  5.64393e-17  -0.00512993  2.73756e-17    -0.015887  1.07467e-17  -0.00641712  2.77979e-17    0.0134892  5.11502e-17    0.0225057  8.62331e-17    0.0151926  7.30341e-17   0.00133524 -2.52169e-17   -0.0086633 -1.11097e-16   -0.0115463 -9.59767e-17  -0.00953701 -1.82984e-17  -0.00600535    3.799e-17  -0.00303665  4.19162e-17  -0.00122274  1.52175e-17 -0.000352592 -1.10394e-17 -2.92987e-05 -2.23113e-17  4.93228e-05   -2.073e-17  4.60407e-05 -1.42895e-17  2.76262e-05 -8.61994e-18  1.35469e-05 -5.28185e-18  5.81203e-06 -3.59721e-18  2.24756e-06 -2.57828e-18  7.95894e-07 -1.73368e-18  2.60508e-07 -1.01282e-18  7.92784e-08 -4.94031e-19  2.25156e-08 -1.95083e-19   5.9818e-09 -5.94753e-20  1.48866e-09 -1.26375e-20  3.47257e-10 -1.49093e-21  7.59312e-11 -2.96695e-22  1.55563e-11 -4.69147e-22  2.98338e-12 -4.04882e-22  5.34846e-13 -2.18629e-22   8.9464e-14 -8.27956e-23  1.39279e-14 -2.11253e-23  2.01151e-15 -2.07388e-24   2.6833e-16   1.2183e-24  3.28652e-17  8.55215e-25  3.66424e-18  3.22514e-25  3.66935e-19  8.85259e-26  3.22436e-20  1.98681e-26  2.36927e-21  4.57844e-27  1.26887e-22  1.48226e-27  1.65735e-24  6.01309e-28 -7.05194e-25    2.275e-28 -1.20061e-25  7.22561e-29 -1.30952e-26  1.90375e-29 -1.13329e-27  4.18539e-30 -8.22614e-29   7.7164e-31 -5.10033e-30  1.19434e-31 -2.71039e-31  1.54824e-32  -1.2281e-32  1.67242e-33 -4.68592e-34  1.49482e-34  -1.4747e-35  1.09514e-35 -3.70609e-37  6.47553e-37 -7.07246e-39  2.98828e-38 -9.45061e-41    9.903e-40  -7.6456e-43    1.877e-41 -2.50522e-45
 3.40023e-06  4.23289e-18  9.07024e-05  1.27667e-17 -0.000517197 -2.51568e-17 -0.000871764  -5.1951e-17   0.00391588  -1.1352e-17   0.00459427  2.28502e-17  -0.00749888  1.60707e-17   -0.0154129  2.25461e-17  -0.00447788  4.61182e-17    0.0143121  8.62331e-17    0.0226205   1.2361e-16    0.0161672  8.33573e-17   0.00340296 -2.82407e-17  -0.00648417 -9.85736e-17   -0.0101715 -7.05602e-17  -0.00917109  4.21889e-19  -0.00632441  4.18152e-17  -0.00360867  3.56729e-17   -0.0017574  6.57676e-18 -0.000737161 -1.75749e-17 -0.000263614   -2.605e-17 -7.67878e-05 -2.28374e-17  -1.5321e-05 -1.58596e-17   2.3763e-07 -1.00317e-17  2.22209e-06 -6.45551e-18  1.44438e-06 -4.38965e-18  6.68851e-07 -2.98062e-18  2.59333e-07 -1.86345e-18  8.86671e-08 -1.01525e-18  2.73542e-08 -4.66875e-19  7.70426e-09 -1.76713e-19  1.99322e-09 -5.34234e-20  4.75026e-10 -1.25501e-20  1.04324e-10 -2.59191e-21  2.10736e-11 -9.60274e-22  3.89781e-12 -6.54779e-22   6.5456e-13 -3.91842e-22  9.82539e-14 -1.75433e-22  1.27743e-14 -5.73127e-23  1.33016e-15 -1.19284e-23  8.04498e-17 -1.08422e-25 -7.18224e-18  1.19801e-24 -3.61182e-18   6.2729e-25 -8.00972e-19  2.08118e-25 -1.36124e-19  5.28352e-26 -1.96099e-20  1.18999e-26 -2.48161e-21  3.15967e-27  -2.8019e-22  1.15187e-27 -2.84218e-23  4.52097e-28 -2.59659e-24  1.56292e-28 -2.13575e-25  4.51752e-29 -1.57774e-26  1.08869e-29 -1.04235e-27  2.19771e-30 -6.12123e-29  3.72556e-31  -3.1694e-30  5.29844e-32 -1.43138e-31  6.29677e-33 -5.55858e-33  6.21397e-34 -1.82027e-34  5.04943e-35  -4.8899e-36  3.33771e-36 -1.03461e-37  1.75429e-37 -1.61807e-39  6.95519e-39 -1.67923e-41  1.81939e-40 -9.20658e-44  2.01834e-42
-1.36525e-18  2.44101e-05  6.61262e-18   5.1403e-05   1.5995e-17 -0.000854257 -2.05074e-17 -7.77016e-05 -4.98359e-17   0.00480286 -3.05449e-17   0.00277249 -1.28197e-17  -0.00945062 -4.79968e-18   -0.0146118  1.89506e-17  -0.00256474  6.10233e-17    0.0151926   1.2361e-16    0.0229138  1.56495e-16    0.0172695  9.38392e-17   0.00559424  -1.8026e-17  -0.00401908  -6.9983e-17  -0.00830186 -3.55209e-17  -0.00820763  2.28523e-17   -0.0060877  4.67532e-17  -0.00375515  2.99575e-17  -0.00201226 -1.31312e-18 -0.000959143 -2.31708e-17 -0.000412671 -2.89939e-17 -0.000161887 -2.44281e-17  -5.8343e-05 -1.71038e-17  -1.9442e-05 -1.11812e-17 -6.02978e-06 -7.36637e-18 -1.75419e-06 -4.92922e-18 -4.83755e-07  -3.1819e-18  -1.2827e-07 -1.86718e-18 -3.32817e-08 -9.56433e-19 -8.59967e-09 -4.17079e-19 -2.23773e-09 -1.52005e-19 -5.86035e-10  -4.5728e-20 -1.52648e-10 -1.16632e-20 -3.88755e-11 -3.09823e-21 -9.52394e-12 -1.26208e-21  -2.2168e-12 -6.82693e-22 -4.86166e-13 -3.34189e-22 -9.99328e-14 -1.28775e-22 -1.91903e-14 -3.61858e-23 -3.43552e-15 -5.65527e-24 -5.72504e-16  8.26177e-25 -8.86901e-17  9.91715e-25 -1.27562e-17  4.23612e-25 -1.70096e-18  1.26094e-25 -2.09926e-19  3.04259e-26 -2.39319e-20  7.26796e-27  -2.5142e-21  2.24109e-27 -2.42724e-22  8.55145e-28 -2.14618e-23  3.14946e-28 -1.73115e-24  9.93934e-29 -1.26783e-25  2.62366e-29 -8.38281e-27  5.79697e-30 -4.96994e-28  1.07537e-30 -2.62015e-29  1.67551e-31 -1.21569e-30  2.18672e-32  -4.8994e-32   2.3778e-33 -1.68587e-33  2.13802e-34 -4.83833e-35  1.57339e-35 -1.11998e-36  9.32034e-37 -1.98758e-38  4.29338e-38 -2.48955e-40  1.41532e-39 -1.88666e-42  2.66342e-41 -5.62208e-45
-9.44346e-07 -2.19433e-18  6.04803e-05  8.93192e-18 -0.000102788  1.90615e-17   -0.0010122 -1.20672e-17  0.000971982 -4.29942e-17   0.00510565 -4.72271e-17  0.000680929 -4.62195e-17   -0.0109621 -3.28611e-17   -0.0135255  4.90202e-18 -0.000640595  7.30341e-17    0.0161672  1.56495e-16    0.0234027  1.81521e-16     0.018523  1.06875e-16   0.00791963  6.41857e-18  -0.00129854 -2.74203e-17   -0.0060006  6.77118e-18  -0.00670973  4.75862e-17  -0.00533387  5.23471e-17  -0.00348692  2.50767e-17  -0.00198029  -7.8498e-18  -0.00100537 -2.73419e-17 -0.000464471  -3.0848e-17 -0.000197706 -2.53039e-17 -7.82666e-05 -1.78494e-17  -2.9031e-05 -1.19083e-17 -1.01512e-05 -7.89048e-18 -3.36274e-06 -5.14866e-18 -1.05945e-06 -3.16497e-18  -3.1835e-07 -1.75322e-18 -9.13917e-08 -8.48984e-19  -2.5082e-08 -3.52632e-19 -6.57843e-09 -1.24246e-19 -1.64699e-09 -3.73145e-20 -3.92942e-10 -1.01866e-20  -8.9153e-11 -3.10667e-21 -1.91932e-11 -1.28416e-21 -3.91185e-12 -6.07465e-22 -7.53143e-13 -2.57384e-22  -1.3668e-13 -8.66454e-23 -2.33327e-14 -2.05701e-23 -3.73921e-15 -1.90339e-24 -5.61392e-16  1.08236e-24 -7.87999e-17  7.27557e-25 -1.03184e-17  2.65614e-25 -1.25754e-18  7.24505e-26 -1.42281e-19  1.72824e-26 -1.49027e-20  4.59244e-27 -1.44048e-21   1.5849e-27 -1.28029e-22  5.97598e-28 -1.04204e-23  2.03562e-28 -7.72962e-25   5.8709e-29 -5.19634e-26  1.41895e-29 -3.14503e-27   2.8785e-30 -1.70014e-28  4.90765e-31 -8.12947e-30  7.02207e-32 -3.39707e-31  8.39654e-33 -1.22146e-32  8.33492e-34 -3.70197e-34  6.80695e-35 -9.18883e-36  4.51402e-36 -1.79004e-37  2.37352e-37 -2.55792e-39  9.38233e-39 -2.38262e-41  2.44048e-40 -1.12446e-43  2.68955e-42
-8.71651e-20  6.05363e-06 -2.62079e-18  8.19349e-05  1.08085e-17  -0.00034614  2.23831e-17 -0.000878321 -4.22261e-19   0.00205145 -3.28775e-17   0.00481142 -5.86368e-17  -0.00150344  -7.4495e-17   -0.0120238 -6.33177e-17    -0.012173 -1.22724e-17   0.00133524  8.33573e-17    0.0172695  1.81521e-16    0.0240969   1.9933e-16     0.019928  1.25075e-16    0.0103531  4.40946e-17    0.0016007  2.53019e-17  -0.00338755  5.26578e-17  -0.00480761  7.22806e-17  -0.00417301  5.76147e-17  -0.00288095  2.09743e-17  -0.00170781 -1.27895e-17 -0.000900552 -2.98977e-17 -0.000431046 -3.15012e-17 -0.000189746  -2.5366e-17 -7.75208e-05 -1.79831e-17 -2.95897e-05 -1.21076e-17 -1.06038e-05 -7.96472e-18 -3.58037e-06 -5.03671e-18 -1.14195e-06 -2.95087e-18 -3.44621e-07 -1.54871e-18 -9.84993e-08  -7.1173e-19 -2.66739e-08 -2.82597e-19 -6.84325e-09 -9.66321e-20  -1.6625e-09  -2.9066e-20 -3.82174e-10 -8.39477e-21 -8.30506e-11 -2.77321e-21  -1.7042e-11 -1.12953e-21 -3.29798e-12 -4.82439e-22 -6.01087e-13  -1.8108e-22 -1.03027e-13  -5.3329e-23 -1.65809e-14  -1.0251e-23 -2.50133e-15 -9.34553e-27 -3.53056e-16  9.75861e-25 -4.65318e-17  4.84586e-25 -5.71384e-18  1.55958e-25 -6.52085e-19  4.00625e-26 -6.89724e-20  9.91644e-27 -6.74029e-21  2.98206e-27 -6.06401e-22  1.08697e-27 -5.00184e-23  3.90594e-28 -3.76457e-24  1.22324e-28 -2.57088e-25  3.22934e-29 -1.58252e-26   7.1592e-30 -8.71084e-28  1.33433e-30 -4.24611e-29  2.09004e-31 -1.81087e-30  2.74291e-32 -6.65313e-32  2.99914e-33 -2.06284e-33  2.71057e-34 -5.24411e-35  2.00281e-35 -1.04649e-36  1.18881e-36 -1.52445e-38  5.47158e-38 -1.40775e-40  1.79693e-39 -5.66542e-43  3.36258e-41  3.56404e-46
