 1.24754e-23  5.13427e-39 -6.44321e-22 -3.95828e-37  1.29314e-20  9.39536e-36 -1.55749e-19 -1.30346e-34  1.29811e-18  1.27348e-33 -8.03534e-18  -9.5546e-33  3.84808e-17  5.77547e-32 -1.46189e-16 -2.89627e-31  4.47296e-16  1.22861e-30   -1.111e-15 -4.47088e-30  2.24348e-15  1.41086e-29 -3.66333e-15 -3.89468e-29  4.76574e-15  9.47025e-29 -4.78729e-15 -2.03846e-28  3.46312e-15  3.89387e-28 -1.45908e-15 -6.59631e-28 -7.53528e-17  9.86113e-28  5.21947e-16 -1.28667e-27 -2.35798e-16  1.43416e-27 -6.52307e-17 -1.30579e-27  8.82492e-17  8.60513e-28 -1.15677e-18 -1.95544e-28 -2.34555e-17 -4.73326e-28  2.22349e-18  9.15737e-28  5.68748e-18 -1.01153e-27 -3.65509e-19  8.06793e-28   -1.291e-18 -4.64532e-28  -6.9359e-20  1.56037e-28  2.48306e-19  2.54431e-29  5.81877e-20 -8.11496e-29 -3.22976e-20  6.54801e-29 -1.73569e-20 -3.29015e-29  7.10253e-22  1.06157e-29  2.77354e-21 -1.82211e-30  6.95842e-22  5.69883e-31 -1.51717e-22 -1.40133e-30 -1.30435e-22  1.69747e-30 -2.40877e-23 -1.14096e-30  5.74316e-24  4.50543e-31  4.12311e-24 -1.11935e-31  8.26841e-25  4.04842e-32 -6.16562e-26  -2.4506e-32 -7.87907e-26  6.75787e-33 -2.04814e-26 -3.22716e-34 -1.63552e-27  1.30015e-33  5.81654e-28 -1.35449e-33   2.4168e-28  5.16134e-34    4.276e-29 -1.43409e-34  2.64085e-30  6.50292e-35 -6.58849e-31 -2.33873e-35 -2.24961e-31  3.11227e-36 -3.48301e-32  2.51687e-37 -2.90193e-33 -1.04758e-37 -6.29143e-36  3.40603e-38  3.54905e-35 -1.41209e-38  5.52235e-36  2.37126e-39  4.79832e-37 -1.21906e-40  2.46249e-38  2.13369e-41  5.19655e-40 -4.20154e-42 -2.62767e-41 -1.59946e-44 -2.45188e-42  1.43807e-44  -8.0925e-44 -2.13013e-47 -1.14713e-45  9.48593e-48
 5.13427e-39  9.25925e-22  2.21337e-37 -2.71736e-20 -1.18405e-35  4.15297e-19  2.25099e-34 -4.15047e-18 -2.65482e-33  2.99072e-17  2.28014e-32 -1.63861e-16 -1.53666e-31  7.04824e-16  8.46636e-31 -2.42753e-15 -3.90914e-30  6.77185e-15  1.53763e-29 -1.53755e-14 -5.21479e-29  2.83725e-14  1.53976e-28 -4.21686e-14 -3.99095e-28    4.945e-14  9.14349e-28 -4.38209e-14 -1.86136e-27  2.64194e-14  3.37668e-27 -6.99384e-15 -5.45695e-27 -3.99534e-15  7.82012e-27  4.52721e-15 -9.83391e-27 -8.16367e-16  1.06381e-26  -1.0663e-15 -9.51946e-27  5.21779e-16   6.3984e-27  1.95121e-16 -2.08546e-27 -1.61823e-16 -1.99057e-27 -3.97841e-17   4.5083e-27  3.92857e-17 -4.95019e-27  1.09383e-17  3.77135e-27 -7.63794e-18 -1.97331e-27  -3.2536e-18  4.66234e-28  9.77961e-19  3.34421e-28  7.95142e-19 -5.09222e-28  2.25184e-21  3.70393e-28 -1.31092e-19 -1.86512e-28 -3.46626e-20  6.99391e-29  9.42799e-21  -2.0874e-29  7.45983e-21  8.60601e-30  1.06648e-21  -9.2372e-30 -5.43217e-22  9.59271e-30 -2.87781e-22 -6.31169e-30 -3.79501e-23  2.43656e-30  1.41677e-23 -5.65202e-31  7.73018e-24  1.97881e-31  1.38355e-24  -1.2029e-31 -9.85793e-26  2.67517e-32 -1.16412e-25  2.87292e-33  -2.9528e-26  5.39182e-33 -2.84532e-27 -6.36475e-33  4.93664e-28  2.26446e-33   2.4276e-28 -5.66067e-34  4.59267e-29  2.63952e-34  4.17447e-30 -9.57106e-35 -1.76381e-31  1.22824e-35 -1.24567e-31  1.00418e-36 -2.15631e-32 -3.67806e-37 -2.13758e-33  9.78754e-38 -1.04709e-34 -4.03642e-38   3.6921e-36  6.44856e-39  1.17787e-36 -2.16739e-40  1.09823e-37  4.82813e-41  5.99604e-39 -1.07061e-41  1.89478e-40 -3.36334e-44  2.57554e-42  2.66106e-44 -2.05741e-44  1.20244e-46 -6.42473e-46
-6.44321e-22  2.21337e-37  3.38333e-20  5.40221e-36 -6.90895e-19   -2.192e-34  8.47371e-18  3.44917e-33 -7.19847e-17 -3.51885e-32   4.5463e-16  2.68706e-31 -2.22395e-15 -1.64036e-30   8.6418e-15  8.29286e-30 -2.70884e-14 -3.54439e-29  6.90619e-14  1.29814e-28 -1.43501e-13 -4.11593e-28  2.41912e-13  1.13961e-27 -3.26498e-13  -2.7773e-27  3.43039e-13  5.99995e-27 -2.64015e-13 -1.15563e-26  1.25415e-13  1.99129e-26 -6.93798e-15 -3.07016e-26 -3.72422e-14  4.21713e-26  2.16732e-14 -5.10819e-26  2.48827e-15  5.35447e-26 -7.23824e-15 -4.68854e-26  1.01396e-15  3.16648e-26  1.81356e-15 -1.22758e-26 -4.41677e-16 -4.87551e-27 -4.37039e-16  1.47204e-26  9.88245e-17 -1.60481e-26  1.05514e-16  1.14423e-26 -1.03429e-17 -5.05846e-27  -2.3095e-17  1.57873e-28 -2.02475e-18  2.07241e-27  3.82131e-18   -2.203e-27  1.22361e-18   1.4573e-27 -3.14076e-19 -7.33098e-28 -2.70719e-19  3.09857e-28 -3.22679e-20 -1.18619e-28  2.63379e-20  5.12545e-29  1.20581e-20 -4.02317e-29  7.80025e-22  3.79571e-29 -1.02196e-21 -2.46009e-29 -4.04407e-22  9.15978e-30 -3.96561e-23 -1.87989e-30  1.99984e-23  6.24879e-31  9.26309e-24 -4.04842e-31  1.56824e-24  7.01357e-32 -7.23075e-26  2.44915e-32 -1.04943e-25  1.48189e-32 -2.68011e-26 -2.03648e-32 -3.05924e-27  6.72063e-33  1.63922e-28 -1.50039e-33  1.37623e-28   7.3591e-34  2.82552e-29 -2.69176e-34   3.1303e-30    3.344e-35  1.04159e-31   2.7075e-36 -2.97819e-32 -9.02633e-37 -6.49116e-33  1.81956e-37 -7.05816e-34  -7.6149e-38  -4.6071e-35  1.18153e-38 -1.35097e-36 -1.53966e-40   5.5065e-38  7.21994e-41  8.35905e-39 -1.84347e-41  4.28118e-40 -6.21609e-44  1.12753e-41  3.21271e-44  1.34584e-43  1.99515e-46
-3.95828e-37 -2.71736e-20  5.40221e-36  8.11404e-19  9.11528e-35 -1.26275e-17 -2.94862e-33  1.28621e-16  3.92656e-32 -9.45517e-16 -3.51071e-31  5.29088e-15  2.40614e-30 -2.32723e-14 -1.34092e-29  8.20858e-14  6.26171e-29 -2.34919e-13 -2.49117e-28  5.48397e-13  8.53377e-28 -1.04341e-12 -2.53821e-27   1.6053e-12  6.60608e-27  -1.9606e-12 -1.51616e-26  1.82952e-12   3.0915e-26 -1.19309e-12 -5.63655e-26  3.94361e-13  9.22839e-26   1.2221e-13 -1.35776e-25 -2.02777e-13  1.78788e-25  5.84583e-14 -2.08572e-25  3.99392e-14  2.11636e-25 -2.87468e-14 -1.80802e-25 -5.26782e-15  1.21559e-25  8.50487e-15 -5.20911e-26  7.33019e-16 -5.17837e-27 -2.11528e-15   3.5477e-26 -2.43648e-16 -3.82463e-26  4.55216e-16  2.41877e-26  1.06097e-16 -6.72165e-27 -7.54799e-17 -5.15351e-27  -3.4312e-17  9.11198e-27  6.26194e-18 -7.66378e-27  7.30668e-18  4.62041e-27  8.90094e-19 -2.30994e-27 -8.43807e-19  1.08051e-27 -3.68568e-19 -4.79109e-28 -1.84228e-21  2.07132e-28  4.37219e-20  -1.3551e-28  1.40592e-20  1.20919e-28  3.66585e-23  -7.7692e-29 -1.30869e-21  2.75952e-29  -4.2517e-22 -4.69747e-30 -3.39774e-23  1.44378e-30  1.93109e-23 -1.08118e-30  8.15583e-24   1.3677e-31  1.36959e-24   1.0504e-31 -1.11832e-26  3.07395e-32 -6.46144e-26 -5.11992e-32 -1.71471e-26  1.54944e-32 -2.23607e-27 -3.05716e-33 -4.30169e-29  1.62964e-33  4.64189e-29 -5.99912e-34  1.09236e-29  7.23691e-35  1.35804e-30  5.72535e-36  9.00971e-32 -1.81344e-36  -8.5079e-34  2.44985e-37 -9.41418e-34 -1.08249e-37 -1.15477e-34  1.68371e-38   -7.998e-36   1.9942e-40 -3.31257e-37   8.3433e-41  -6.0195e-39 -2.45222e-41   9.7328e-41  -1.1291e-43  6.90971e-42  2.77128e-44  8.13126e-44
 1.29314e-20 -1.18405e-35 -6.90895e-19  9.11528e-35  1.43663e-17  1.15994e-33 -1.79574e-16 -3.08378e-32  1.55618e-15  3.52801e-31 -1.00366e-14 -2.79164e-30  5.01971e-14  1.73136e-29   -1.997e-13 -8.87599e-29  6.41922e-13  3.85588e-28 -1.68158e-12 -1.43687e-27  3.59907e-12  4.62738e-27 -6.27037e-12 -1.29623e-26  8.78811e-12  3.18031e-26 -9.66344e-12 -6.88724e-26  7.90631e-12  1.32708e-25 -4.18675e-12 -2.29213e-25  6.24284e-13  3.56753e-25  1.00155e-12 -5.01116e-25 -7.54376e-13  6.32846e-25  1.61387e-14 -7.11158e-25  2.23416e-13  6.98192e-25 -6.23627e-14 -5.80815e-25 -5.11457e-14  3.86533e-25  2.24919e-14  -1.7695e-25  1.19164e-14  1.68718e-26 -5.46638e-15  6.01321e-26 -3.05198e-15 -6.33383e-26  9.20978e-16  2.82185e-26  7.63289e-16  9.70762e-27 -5.53924e-17 -3.06589e-26 -1.54271e-16  3.22173e-26 -2.46902e-17 -2.28124e-26    1.959e-17  1.25128e-26   9.0575e-18 -6.17642e-27 -3.04145e-19  3.16647e-27 -1.32175e-18 -1.55066e-27 -3.65846e-19  6.56367e-28  3.99268e-20 -3.76445e-28  5.22775e-20   3.2776e-28  1.28919e-20 -2.10152e-28 -5.85528e-22  7.06061e-29 -1.25788e-21 -9.09312e-30 -3.57568e-22  2.45347e-30 -2.69569e-23 -2.43725e-30  1.35205e-23  1.97892e-31  5.52153e-24   3.2542e-31  9.48915e-25  4.99377e-32  3.00045e-26 -1.07093e-31 -2.72768e-26  2.91597e-32  -7.8922e-27  -5.0148e-33 -1.13757e-27  3.04917e-33 -7.04238e-29 -1.12148e-33  7.63321e-30  1.31682e-34  2.60417e-30  1.00637e-35  3.54866e-31 -3.19662e-36  2.86452e-32  2.36083e-37  1.13197e-33 -1.21123e-37 -3.49047e-35  1.97204e-38 -8.34679e-36  8.50654e-40 -5.89205e-37  8.34432e-41 -2.25735e-38 -2.63457e-41 -4.48088e-40 -1.69804e-43 -3.22722e-42  1.55965e-44
 9.39536e-36  4.15297e-19   -2.192e-34 -1.26275e-17  1.15994e-33  2.00278e-16  1.16643e-32 -2.08093e-15 -2.59561e-31  1.56202e-14  2.57466e-30 -8.93531e-14 -1.81549e-29  4.02298e-13   1.0265e-28 -1.45464e-12 -4.88184e-28  4.27528e-12  1.98974e-27 -1.02721e-11 -6.99833e-27  2.01735e-11  2.13223e-26  -3.2162e-11 -5.65277e-26  4.09458e-11  1.31214e-25 -4.02433e-11 -2.68792e-25  2.83043e-11   4.9025e-25 -1.11779e-11 -8.03024e-25 -1.42522e-12  1.18912e-24  4.65685e-12 -1.59584e-24 -1.89543e-12  1.93424e-24 -6.93809e-13  -2.0949e-24  7.85936e-13  1.98989e-24   2.0631e-14 -1.61008e-24 -2.20793e-13  1.05733e-24  1.43965e-14 -5.09343e-25   5.5427e-14  1.25139e-25 -2.30834e-15  3.90096e-26 -1.28889e-14 -3.59391e-26  -9.0787e-16 -3.58297e-26  2.53331e-15  9.81727e-26  6.31729e-16 -1.17464e-25 -3.36463e-16  9.69637e-26 -1.88212e-16 -5.99635e-26  7.03077e-18  2.97894e-26  3.06901e-17 -1.44132e-26  7.83386e-18  8.08166e-27 -1.72537e-18 -4.26096e-27  -1.5003e-18  1.73924e-27 -2.78741e-19 -8.91969e-28  6.79169e-20  7.78516e-28  4.88362e-20 -5.01514e-28  9.83629e-21  1.58407e-28 -7.43345e-22 -1.30904e-29 -9.49168e-22  2.62358e-30 -2.48047e-22 -4.80604e-30 -2.02432e-23  1.78929e-31  6.89504e-24  8.08752e-31  2.90257e-24  6.32688e-32   5.1901e-25 -1.91887e-31  3.41187e-26  4.54838e-32 -7.22308e-27 -6.70064e-33 -2.56433e-27  5.00385e-33 -4.01248e-28 -1.81037e-33 -3.44797e-29   2.0743e-34  -4.3383e-31  1.50299e-35  3.35278e-31 -5.11873e-36  5.38278e-32  1.31811e-37  4.64903e-33 -1.08139e-37  2.41732e-34   1.9308e-38  5.84316e-36  1.63646e-39 -1.23368e-37   8.3158e-41 -1.40253e-38 -2.31026e-41 -4.02911e-40 -1.82871e-43 -3.44094e-42
-1.55749e-19  2.25099e-34  8.47371e-18 -2.94862e-33 -1.79574e-16  1.16643e-32  2.28965e-15  9.50713e-32 -2.02598e-14 -1.78522e-30  1.33562e-13  1.53937e-29 -6.83647e-13 -9.70728e-29   2.7874e-12   5.0413e-28 -9.19789e-12 -2.24832e-27  2.47842e-11  8.69889e-27 -5.47004e-11 -2.91842e-26  9.85989e-11  8.48419e-26 -1.43648e-10 -2.14256e-25  1.65431e-10  4.72772e-25 -1.43805e-10 -9.19238e-25  8.41693e-11  1.59076e-24 -1.97251e-11  -2.4751e-24 -1.53094e-11  3.49126e-24  1.54506e-11 -4.48136e-24 -2.26789e-12  5.21856e-24 -3.96297e-12 -5.45224e-24  1.78412e-12  5.01257e-24   7.7566e-13 -3.94303e-24 -5.90372e-13  2.55261e-24 -1.63333e-13 -1.28968e-24  1.49593e-13  4.89564e-25   4.4765e-14 -1.99162e-25 -3.01662e-14  2.27112e-25 -1.33716e-14 -3.38665e-25  4.01727e-15  3.94482e-25  3.34147e-15 -3.58632e-25 -5.77421e-19  2.56193e-25  -5.7061e-16 -1.41676e-25 -1.49557e-16  6.32899e-26  4.36387e-17 -2.97803e-26  3.36876e-17  1.83635e-26  4.61015e-18 -1.02747e-26 -2.60227e-18  3.99183e-27  -1.3428e-18 -1.83727e-27 -1.68763e-19   1.6505e-27  7.05435e-20 -1.07545e-27  3.72064e-20  3.18043e-28  6.50259e-21 -1.06462e-29 -5.34702e-22 -4.27365e-31 -5.72664e-22 -8.49083e-30 -1.43151e-22 -3.85362e-32 -1.35297e-23  1.69026e-30  2.42963e-24  5.99961e-32  1.17017e-24 -2.99006e-31  2.19726e-25   5.7925e-32  2.00671e-26 -7.17378e-33 -7.18671e-28  7.40675e-33 -5.53863e-28 -2.56228e-33 -9.54445e-29   2.8784e-34 -9.42092e-30   1.8929e-35 -4.80751e-31 -7.55232e-36  9.67669e-33 -3.53651e-38  4.09956e-33 -7.77999e-38  3.77222e-34  1.53397e-38  1.94202e-35  2.28251e-39  5.68501e-37  9.00282e-41  7.24099e-39 -1.62981e-41 -1.49748e-41 -1.20742e-43
-1.30346e-34 -4.15047e-18  3.44917e-33  1.28621e-16 -3.08378e-32 -2.08093e-15  9.50713e-32  2.20762e-14  6.33792e-31 -1.69376e-13 -9.99599e-30  9.91474e-13  7.42955e-29 -4.57408e-12 -4.17943e-28  1.69732e-11  2.01193e-27 -5.12882e-11 -8.56615e-27  1.26979e-10  3.20879e-26 -2.57698e-10 -1.04438e-25  4.26209e-10  2.93454e-25  -5.6616e-10  -7.1257e-25  5.86301e-10  1.50478e-24 -4.43723e-10 -2.79059e-24  2.03581e-10   4.5978e-24 -2.69542e-12 -6.81206e-24  -6.8407e-11  9.16921e-24  3.74926e-11 -1.12734e-23  5.83205e-12  1.26304e-23 -1.34951e-11 -1.27455e-23  1.64696e-12    1.135e-23  3.53903e-12 -8.68108e-24 -8.25579e-13  5.54553e-24 -8.79446e-13 -2.95362e-24  1.97552e-13  1.51204e-24  2.18212e-13 -1.11072e-24   -2.256e-14  1.19398e-24 -4.94154e-14 -1.27814e-24 -3.95553e-15  1.18573e-24  8.56798e-15 -9.35276e-25  2.65789e-15  6.05451e-25 -7.70392e-16 -3.04208e-25 -6.24923e-16  1.20902e-25 -6.56612e-17 -5.48044e-26  6.56369e-17   3.7686e-26  2.86054e-17 -2.21988e-26  1.38126e-18  8.10895e-27 -2.63896e-18 -3.32333e-27 -9.93526e-19  3.16305e-27 -8.46973e-20 -2.09831e-27  5.42212e-20   5.7971e-28  2.36525e-20  9.84476e-30  3.81301e-21 -1.05746e-29 -2.44547e-22 -1.36669e-29 -2.76286e-22 -5.78741e-31 -6.82169e-23  3.04415e-30 -7.49023e-24  4.07171e-32   4.7027e-25 -4.07206e-31  3.49509e-25  5.56007e-32  6.99169e-26 -5.76834e-33  7.60154e-27  1.01294e-32  2.54885e-28 -3.19633e-33 -6.71801e-29  3.56056e-34 -1.43843e-29  1.89967e-35  -1.5237e-30 -1.02957e-35 -9.71046e-32 -1.82227e-37  -2.9513e-33 -4.88182e-38  7.57066e-35  8.36858e-39  1.23694e-35  2.53742e-39  5.66445e-37  9.77511e-41  1.19566e-38 -8.80861e-42  8.15521e-41
 1.29811e-18 -2.65482e-33 -7.19847e-17  3.92656e-32  1.55618e-15 -2.59561e-31 -2.02598e-14  6.33792e-31  1.83228e-13  3.41737e-30 -1.23599e-12 -4.38764e-29  6.48173e-12  2.70178e-28 -2.71151e-11 -1.32726e-27  9.19574e-11  6.02768e-27 -2.55176e-10 -2.55909e-26  5.81458e-10      9.7e-26 -1.08567e-09 -3.16669e-25  1.64601e-09  8.79681e-25 -1.98694e-09 -2.08503e-24  1.83452e-09  4.25739e-24 -1.17912e-09   -7.585e-24  3.70429e-10  1.19602e-23  1.44922e-10 -1.69348e-23  -2.1513e-10  2.18062e-23  5.85474e-11 -2.57276e-23  4.53688e-11  2.77777e-23 -3.16141e-11 -2.71165e-23 -6.29358e-12  2.34178e-23  9.82116e-12  -1.7427e-23   8.6218e-13   1.1015e-23 -2.54285e-12 -6.25329e-24 -2.76546e-13  4.06098e-24  5.71622e-13 -3.73649e-24  1.26232e-13  3.88448e-24 -1.00561e-13 -3.65188e-24 -4.34211e-14  2.99615e-24  9.53776e-15 -2.15282e-24  9.87598e-15  1.29571e-24  9.84739e-16 -5.98241e-25 -1.24664e-15  2.08239e-25 -5.04906e-16 -8.96852e-26  1.27585e-17  7.05125e-26   6.6326e-17 -4.35708e-26  1.97598e-17  1.47889e-26 -5.43061e-19  -5.2943e-27 -2.07138e-18   5.5308e-27 -6.26846e-19  -3.7587e-27 -3.83419e-20  9.69827e-28  3.26234e-20  6.49102e-29  1.26568e-20 -3.25874e-29  1.98638e-21 -2.02575e-29 -5.64693e-23 -1.49396e-30  -1.0484e-22  4.78123e-30 -2.63228e-23  3.51638e-32 -3.26867e-24  -4.8146e-31 -3.64114e-26  2.55878e-32  7.18592e-26 -2.77944e-33  1.60313e-26  1.30702e-32  1.92299e-27 -3.49326e-33  1.23266e-28  3.96605e-34 -1.10252e-30  1.18758e-35 -1.18461e-30 -1.29569e-35 -1.38211e-31 -2.15655e-37 -9.03126e-33  -3.7236e-38 -3.48614e-34 -2.51854e-40 -6.17272e-36  2.30744e-39  4.94854e-38  9.17735e-41  3.35676e-39 -3.17278e-42
 1.27348e-33  2.99072e-17 -3.51885e-32 -9.45517e-16  3.52801e-31  1.56202e-14 -1.78522e-30 -1.69376e-13  3.41737e-30  1.32968e-12  1.40934e-29 -7.97385e-12 -1.29264e-28  3.77377e-11  5.24855e-28 -1.43881e-10 -1.86218e-27  4.47541e-10  8.89468e-27 -1.14315e-09 -4.78272e-26  2.40043e-09  2.16799e-25 -4.12363e-09 -7.77988e-25  5.72147e-09  2.24413e-24  -6.2461e-09 -5.33829e-24  5.07785e-09  1.07212e-23 -2.65575e-09 -1.85604e-23  3.45344e-10  2.82307e-23  6.99157e-10 -3.84055e-23 -5.13048e-10  4.74659e-23  4.89746e-12 -5.38516e-23  1.60132e-10  5.61284e-23 -4.51356e-11 -5.31036e-23  -3.7755e-11  4.45465e-23   1.7296e-11 -3.22892e-23  8.95868e-12  2.02738e-23 -4.45304e-12 -1.24417e-23 -2.35897e-12  9.86017e-24  8.15492e-13 -1.01837e-23  6.18679e-13  1.02628e-23 -6.70097e-14 -8.86901e-24 -1.33548e-13  6.65846e-24  -1.7395e-14 -4.45438e-24  1.87266e-14  2.53316e-24  7.79397e-15 -1.08444e-24 -6.13095e-16  3.23063e-25 -1.27556e-15 -1.28952e-25 -3.13658e-16  1.20973e-25  5.41108e-17 -7.84352e-26  5.22103e-17   2.4459e-26  1.15093e-17 -7.38613e-27 -1.08717e-18  8.88571e-27 -1.32554e-18 -6.22364e-27  -3.4409e-19  1.50269e-27 -1.79683e-20  1.71961e-28   1.5594e-20 -7.08457e-29  5.68288e-21 -2.77631e-29  9.01775e-22 -2.66297e-30  1.15688e-23  6.56389e-30 -3.01083e-23  1.12998e-31 -7.98157e-24 -4.80675e-31 -1.08569e-24 -4.26348e-32 -5.95352e-26  1.43869e-34  8.27401e-27  1.61694e-32  2.47338e-27 -3.25801e-33   3.1838e-28  4.02689e-34  2.43893e-29 -5.19408e-36   9.0738e-31 -1.50603e-35 -2.70173e-32  -8.5134e-38 -5.87805e-33 -4.56932e-38 -3.72919e-34 -8.39038e-39 -1.24588e-35  1.70988e-39 -2.02725e-37  6.58708e-41 -9.26204e-40
-8.03534e-18  2.28014e-32   4.5463e-16 -3.51071e-31 -1.00366e-14  2.57466e-30  1.33562e-13 -9.99599e-30 -1.23599e-12  1.40934e-29  8.54126e-12  3.45594e-29 -4.59453e-11 -8.36807e-30  1.97446e-10 -1.89066e-27 -6.89064e-10  1.24064e-26   1.9717e-09 -3.95587e-26 -4.64464e-09  4.75938e-26  8.99482e-09  1.85986e-25 -1.42091e-08  -1.3161e-24  1.79952e-08  4.60934e-24 -1.76459e-08 -1.17255e-23  1.23935e-08  2.39192e-23 -4.84295e-09 -4.10099e-23 -7.49673e-10  6.09081e-23  2.18085e-09 -8.02209e-23 -8.91168e-10  9.55566e-23 -3.35791e-10 -1.04452e-22  3.89147e-10  1.05248e-22  5.99128e-12 -9.67023e-23 -1.13197e-10  7.89617e-23  9.94271e-12 -5.58165e-23  2.94052e-11  3.49586e-23 -2.15389e-12 -2.35043e-23 -7.15841e-12  2.20348e-23 -2.50178e-13 -2.42926e-23   1.5042e-12  2.37271e-23  3.15309e-13 -1.91416e-23 -2.23533e-13  1.33124e-23  -1.0872e-13 -8.37662e-24  1.01425e-14  4.55453e-24  1.99793e-14 -1.82348e-24  4.29197e-15  4.49174e-25 -1.44052e-15 -1.57477e-25 -9.95593e-16  1.90784e-25 -1.49892e-16 -1.30391e-25   5.8539e-17   3.6963e-26  3.39348e-17 -8.83645e-27  5.84741e-18  1.31826e-26 -8.63465e-19  -9.5763e-27   -7.071e-19  2.17462e-27 -1.65806e-19  3.42176e-28 -9.34468e-21 -1.28096e-28  5.86075e-21 -3.50399e-29   2.1108e-21 -3.69523e-30  3.45424e-22  7.80339e-30  1.71695e-23  3.72692e-31 -6.01113e-24 -3.70657e-31 -1.82191e-24 -1.52037e-31 -2.65286e-25  2.84366e-34 -2.09519e-26  1.93383e-32 -5.98394e-29 -2.38465e-33  2.22289e-28  3.80051e-34  3.22721e-29 -3.27703e-35  2.58245e-30 -1.62309e-35  1.23696e-31  1.85643e-37  2.69054e-33 -6.30525e-38 -5.18206e-35 -1.36732e-38 -4.85432e-36   1.0035e-39 -1.00777e-37   3.0703e-41
 -9.5546e-33 -1.63861e-16  2.68706e-31  5.29088e-15 -2.79164e-30 -8.93531e-14  1.53937e-29  9.91474e-13 -4.38764e-29 -7.97385e-12  3.45594e-29  4.90479e-11 -6.69181e-29 -2.38434e-10  3.17138e-27  9.35266e-10 -2.77434e-26 -2.99864e-09  1.34766e-25  7.91314e-09 -4.39276e-25 -1.72161e-08  9.90558e-25  3.07599e-08 -1.36136e-24 -4.46311e-08 -7.99506e-27   5.1399e-08  6.16969e-24 -4.48299e-08 -2.09011e-23   2.6373e-08  4.65882e-23 -6.13113e-09 -8.18831e-23 -5.08949e-09  1.21042e-22  5.18724e-09 -1.55974e-22 -8.11993e-10  1.79882e-22 -1.36535e-09 -1.89639e-22  6.58333e-10  1.84832e-22  2.64608e-10  -1.6526e-22  -2.2661e-10  1.31705e-22 -5.40784e-11 -9.08724e-23  6.03434e-11  5.69016e-23  1.52229e-11 -4.23141e-23 -1.31003e-11  4.57021e-23  -4.9558e-12 -5.23879e-23  2.01268e-12  4.95858e-23  1.37056e-12 -3.75486e-23 -8.34344e-14  2.42548e-23 -2.63138e-13  -1.4414e-23 -5.52728e-14  7.57169e-24  2.52943e-14 -2.86434e-24  1.54617e-14  5.53525e-25  1.36829e-15 -1.47256e-25 -1.48153e-15  2.76383e-25 -6.34787e-16 -2.01213e-25 -5.25604e-17  5.13722e-26  4.33851e-17 -8.52385e-27  1.87742e-17  1.81137e-26  2.68517e-18  -1.3753e-26  -4.6867e-19  2.96543e-27 -3.16311e-19  5.72862e-28 -6.98849e-20 -2.05383e-28 -4.85972e-21 -4.01113e-29  1.66472e-21 -3.87061e-30  6.32401e-22  7.78607e-30  1.07507e-22  9.01654e-31   8.3409e-24 -1.37683e-31 -6.33054e-25 -2.94337e-31 -2.92664e-25 -5.14902e-33 -4.56174e-26  2.23482e-32 -4.14313e-27 -9.00142e-34 -1.84654e-28  3.44688e-34  6.20156e-30 -6.79979e-35  1.71553e-30 -1.63333e-35  1.39537e-31  5.06692e-37  6.34667e-33 -7.37966e-38  1.58801e-34  -1.4625e-38  1.59261e-36  4.36436e-40 -2.28717e-39
 3.84808e-17 -1.53666e-31 -2.22395e-15  2.40614e-30  5.01971e-14 -1.81549e-29 -6.83647e-13  7.42955e-29  6.48173e-12 -1.29264e-28 -4.59453e-11 -6.69181e-29  2.53854e-10 -1.49511e-27 -1.12221e-09  2.77991e-26   4.0358e-09 -1.89861e-25 -1.19251e-08  8.19183e-25  2.90826e-08 -2.54407e-24 -5.85005e-08  5.92902e-24  9.64181e-08 -1.02631e-23 -1.28251e-07  1.18112e-23  1.33591e-07 -3.12797e-24 -1.02146e-07 -2.46233e-23  4.75891e-08  7.63212e-23   -7.241e-10 -1.47556e-22 -1.66352e-08   2.2373e-22  9.53003e-09 -2.85882e-22  1.27179e-09  3.20474e-22 -3.51627e-09 -3.25481e-22  5.50853e-10  3.06474e-22   9.3619e-10 -2.67186e-22 -2.70318e-10  2.08538e-22 -2.37513e-10 -1.40402e-22  7.06948e-11  8.76677e-23  6.17096e-11 -7.23972e-23 -1.08575e-11  8.83046e-23 -1.50929e-11 -1.03859e-22 -2.54411e-13  9.53187e-23  2.92946e-12 -6.78361e-23  7.10513e-13  4.05794e-23 -3.32687e-13 -2.27808e-23 -2.05816e-13  1.16932e-23  -8.6203e-15 -4.23902e-24  2.64735e-14  5.91116e-25  9.39637e-15 -5.68071e-26 -1.84594e-16   3.6606e-25 -1.10246e-15 -2.89485e-25 -3.43644e-16   6.6101e-26 -1.11645e-17 -5.16868e-27  2.51599e-17  2.30602e-26  8.98564e-18 -1.85066e-26  1.14836e-18  3.85082e-27 -1.87387e-19  8.43267e-28 -1.17891e-19 -3.03897e-28 -2.53533e-20  -4.0208e-29  -2.1945e-21 -2.13783e-30  3.21451e-22  5.91555e-30  1.46988e-22  1.71855e-30  2.60907e-23  2.03184e-31   2.5051e-24 -4.49604e-31  3.87058e-26 -1.77392e-32 -2.88287e-26  2.47762e-32 -5.14988e-27  1.02894e-33  -4.9245e-28   3.1519e-34  -2.8189e-29 -1.04671e-34 -7.01543e-31 -1.54686e-35  2.66285e-32  7.63633e-37  3.04555e-33 -6.90541e-38  1.11626e-34 -1.16436e-38  1.66736e-36  1.18732e-40
 5.77547e-32  7.04824e-16 -1.64036e-30 -2.32723e-14  1.73136e-29  4.02298e-13 -9.70728e-29 -4.57408e-12  2.70178e-28  3.77377e-11 -8.36807e-30 -2.38434e-10 -1.49511e-27  1.19228e-09 -1.15885e-26 -4.81864e-09  1.66901e-25  1.59487e-08 -9.92851e-25 -4.35476e-08  3.91559e-24  9.83144e-08 -1.14817e-23 -1.82966e-07  2.61347e-23   2.7799e-07 -4.66376e-23 -3.38016e-07  6.35523e-23   3.1605e-07 -5.81838e-23 -2.07139e-07  9.19657e-24  6.75957e-08  9.40786e-23  2.51662e-08 -2.39289e-22 -4.01888e-08  3.89989e-22  1.21692e-08 -5.01595e-22   8.3028e-09  5.47314e-22 -6.57868e-09 -5.32909e-22 -9.62136e-10  4.82876e-22  2.09445e-09 -4.11275e-22  6.17938e-11  3.15769e-22 -5.64803e-10 -2.06914e-22 -2.40733e-11  1.27363e-22  1.35909e-10 -1.16803e-22  2.00492e-11  1.59191e-22 -2.67976e-11 -1.91159e-22 -8.95366e-12   1.7035e-22  3.33377e-12 -1.13845e-22  2.42359e-12  6.26092e-23  5.65435e-14 -3.31073e-23 -3.71804e-13  1.68484e-23 -1.17724e-13 -5.97273e-24  1.52261e-14  5.20086e-25  1.98505e-14  1.65233e-25  4.63754e-15  4.38467e-25 -6.17697e-16 -3.89942e-25 -6.60352e-16  7.94093e-26 -1.62465e-16  2.36013e-27  2.74438e-19  2.71022e-26  1.19054e-17 -2.34241e-26  3.73984e-18  4.82504e-27  4.60827e-19  1.11707e-27 -5.37971e-20 -4.28253e-28 -3.59392e-20 -3.22495e-29 -7.70936e-21  2.80633e-30 -7.92937e-22  1.98454e-30  2.61748e-23  2.72603e-30  2.48827e-23   6.0952e-31  4.70432e-24 -5.89828e-31  5.01731e-25 -3.69442e-32  2.63752e-26  2.60879e-32 -9.77494e-28  3.12905e-33 -3.33909e-28  3.03807e-34 -3.32439e-29 -1.34859e-34 -1.90732e-30 -1.38574e-35 -6.30513e-32  8.70186e-37 -8.52369e-34 -5.10368e-38  9.74552e-36 -6.82853e-39  2.74768e-37
-1.46189e-16  8.46636e-31   8.6418e-15 -1.34092e-29   -1.997e-13   1.0265e-28   2.7874e-12 -4.17943e-28 -2.71151e-11  5.24855e-28  1.97446e-10  3.17138e-27 -1.12221e-09 -1.15885e-26  5.11119e-09 -6.64314e-26 -1.89718e-08  8.19755e-25  5.79814e-08 -4.38983e-24 -1.46631e-07  1.60026e-23  3.06855e-07 -4.42292e-23 -5.28467e-07  9.67427e-23  7.39228e-07 -1.70165e-22 -8.18319e-07  2.39186e-22  6.79338e-07 -2.56168e-22 -3.67486e-07  1.69552e-22  5.54627e-08  4.34084e-23  9.60305e-08 -3.48231e-22  -7.6767e-08  6.53981e-22  4.03495e-09 -8.57026e-22  2.38452e-08  9.07049e-22 -8.30935e-09 -8.38362e-22 -5.48268e-09  7.25606e-22  3.20933e-09 -6.05119e-22  1.27799e-09  4.59707e-22 -8.79858e-10 -2.91353e-22 -3.52146e-10  1.72267e-22  1.83965e-10 -1.75551e-22  1.02643e-10  2.67894e-22 -2.34483e-11 -3.28761e-22 -2.53896e-11  2.85093e-22 -1.10367e-12 -1.78559e-22  4.29285e-12  8.92315e-23  1.33225e-12 -4.41678e-23 -2.93084e-13  2.27514e-23 -2.82092e-13 -8.11229e-24  -4.8437e-14  3.23938e-25  1.95812e-14  5.71967e-25  1.19408e-14  4.64179e-25  1.89449e-15 -4.94239e-25  -5.1074e-16  9.01764e-26 -3.32165e-16  1.47704e-26 -6.85937e-17  2.90944e-26  1.20614e-18 -2.80091e-26  4.64788e-18   5.9266e-27  1.34609e-18  1.35171e-27  1.69331e-19 -5.89206e-28 -9.31938e-21 -1.38201e-29 -8.67147e-21    1.233e-29 -1.89714e-21 -3.65336e-30  -2.1953e-22  3.70537e-30 -6.37554e-24  1.02363e-30  2.69601e-24 -6.85556e-31  5.89707e-25 -6.00357e-32  6.62148e-26  2.58412e-32  4.41102e-27  5.08142e-33  1.18759e-28  3.11112e-34 -8.11069e-30 -1.51513e-34 -1.07246e-30 -1.17232e-35 -5.53699e-32  8.04519e-37 -1.46957e-33 -2.90631e-38 -1.65097e-35 -2.60889e-39
-2.89627e-31 -2.42753e-15  8.29286e-30  8.20858e-14 -8.87599e-29 -1.45464e-12   5.0413e-28  1.69732e-11 -1.32726e-27 -1.43881e-10 -1.89066e-27  9.35266e-10  2.77991e-26 -4.81864e-09 -6.64314e-26   2.0099e-08 -3.18203e-25 -6.87903e-08  3.49001e-24  1.94684e-07 -1.70844e-23 -4.56873e-07  5.79264e-23  8.87115e-07 -1.50936e-22 -1.41354e-06  3.15287e-22  1.81671e-06 -5.37649e-22  -1.8204e-06  7.48744e-22  1.31999e-06 -8.29318e-22 -5.48316e-07  6.59781e-22 -6.05135e-08 -1.98544e-22  2.42729e-07 -4.56487e-22 -1.13083e-07  1.08239e-21 -3.23931e-08 -1.44853e-21  4.86351e-08  1.47239e-21 -2.75095e-09 -1.27239e-21 -1.42061e-08  1.03998e-21  2.50803e-09 -8.51829e-22  3.78645e-09  6.45319e-22 -6.67378e-10  -3.9106e-22 -9.82992e-10  2.11109e-22  6.60519e-11  -2.4147e-22  2.30657e-10  4.20808e-22  2.53857e-11 -5.30777e-22 -4.11616e-11  4.49188e-22 -1.42827e-11 -2.62928e-22  3.63833e-12  1.17358e-22  3.35869e-12 -5.37761e-23  4.22017e-13  2.89404e-23 -3.49734e-13  -1.0763e-23 -1.66367e-13  3.12567e-26 -1.15605e-14   1.2069e-24  1.46947e-14  4.11493e-25  6.05302e-15 -5.93405e-25  6.54448e-16  9.86137e-26 -2.88871e-16  3.22544e-26 -1.43001e-16  2.78082e-26 -2.62282e-17 -3.18122e-26  3.66842e-19   7.2541e-27  1.48641e-18  1.51098e-27  4.12296e-19 -8.03264e-28  5.44109e-20  1.56351e-29  9.09761e-23  2.75517e-29 -1.56438e-21 -1.01176e-29 -3.61438e-22  4.36859e-30  -4.4976e-23  1.39174e-30 -2.75635e-24 -7.13541e-31  1.10865e-25 -8.29265e-32  4.58213e-26  2.39022e-32  5.41264e-27  6.59396e-33  3.73483e-28  3.26792e-34  1.49936e-29 -1.50923e-34  2.13575e-31 -9.26742e-36 -9.25178e-33  6.12526e-37 -4.65104e-34 -1.19341e-38 -5.22465e-36
 4.47296e-16 -3.90914e-30 -2.70884e-14  6.26171e-29  6.41922e-13 -4.88184e-28 -9.19789e-12  2.01193e-27  9.19574e-11 -1.86218e-27 -6.89064e-10 -2.77434e-26   4.0358e-09  1.66901e-25 -1.89718e-08 -3.18203e-25   7.2814e-08 -1.33306e-24 -2.30591e-07  1.32367e-23  6.05821e-07 -5.97655e-23 -1.32138e-06  1.89274e-22  2.38207e-06  -4.6535e-22 -3.50929e-06   9.2598e-22  4.13164e-06 -1.51946e-21 -3.71705e-06  2.06143e-21  2.29414e-06 -2.26742e-21 -6.14139e-07   1.8804e-21 -4.05405e-07 -8.48566e-22  4.81737e-07 -5.56555e-22 -1.05905e-07  1.81316e-21 -1.20145e-07 -2.44467e-21  7.35192e-08  2.35098e-21   2.0062e-08 -1.86344e-21 -2.54541e-08   1.4158e-21 -3.25951e-09 -1.14452e-21  7.11368e-09  8.73654e-22  9.69572e-10  -4.9683e-22  -1.7045e-09  2.20564e-22 -4.15057e-10  -2.9511e-22  3.18293e-10  6.16613e-22  1.45671e-10 -8.07373e-22  -3.1838e-11  6.69136e-22 -3.47133e-11 -3.64788e-22 -3.61278e-12  1.41782e-22  4.60237e-12 -5.89759e-23  1.91874e-12  3.49022e-23 -4.39807e-14 -1.41113e-23 -2.60862e-13 -2.80555e-25  -8.0359e-14  2.09228e-24  1.50772e-15  2.56219e-25  8.40934e-15 -6.81476e-25  2.66168e-15  1.06501e-25  2.00622e-16  5.46431e-26 -1.26701e-16  2.21261e-26 -5.29632e-17 -3.45638e-26 -9.08179e-18  8.95799e-27 -5.10212e-20  1.57502e-27  3.80137e-19 -1.08774e-27  1.04671e-19  5.39417e-29  1.45293e-20  4.89214e-29   6.3726e-22 -1.62581e-29 -1.87338e-22  4.45431e-30 -5.02084e-23  1.68311e-30 -6.53493e-24 -6.62992e-31 -4.96686e-25 -1.01476e-31 -1.37265e-26   2.0544e-32   1.6122e-27   7.4629e-33  2.39605e-28   3.3559e-34  1.57453e-29 -1.33978e-34  5.85595e-31 -6.71492e-36  1.11911e-32  3.78442e-37  6.48629e-35 -2.93857e-39
 1.22861e-30  6.77185e-15 -3.54439e-29 -2.34919e-13  3.85588e-28  4.27528e-12 -2.24832e-27 -5.12882e-11  6.02768e-27  4.47541e-10  1.24064e-26 -2.99864e-09 -1.89861e-25  1.59487e-08  8.19755e-25 -6.87903e-08 -1.33306e-24  2.43943e-07 -4.99858e-24 -7.16994e-07  4.54349e-23  1.75248e-06 -1.90354e-22 -3.55719e-06  5.64869e-22  5.95496e-06 -1.31192e-21 -8.10065e-06  2.48457e-21  8.69998e-06 -3.90882e-21 -6.94488e-06  5.12283e-21  3.48928e-06 -5.49339e-21 -2.55028e-07  4.52247e-21 -1.14104e-06 -2.22124e-21   7.6998e-07 -7.04362e-22  3.06135e-08  3.11524e-21 -2.73012e-07 -4.11855e-21  7.06413e-08  3.68716e-21  7.01076e-08 -2.62497e-21 -3.11545e-08  1.81479e-21 -1.76092e-08 -1.45911e-21  8.82437e-09  1.13804e-21   4.8644e-09 -5.89729e-22 -1.77618e-09  1.61624e-22 -1.35433e-09 -3.00504e-22  1.72141e-10   8.4167e-22  3.14782e-10 -1.16072e-21   3.7144e-11  9.45864e-22  -4.8246e-11 -4.78271e-22 -1.94599e-11  1.55652e-22  2.02117e-12 -5.65751e-23  3.48522e-12  4.02555e-23  8.28437e-13 -1.84056e-23 -1.67513e-13 -5.07874e-25 -1.50686e-13  3.22049e-24 -3.27801e-14 -6.70136e-27  3.38486e-15 -7.59022e-25  3.94696e-15  1.16659e-25  1.03442e-15  8.17246e-26  6.04994e-17  1.12686e-26 -4.44452e-17 -3.62492e-26 -1.67721e-17  1.12004e-26 -2.79821e-18  1.54321e-27 -9.28432e-20 -1.45216e-27  7.40579e-20  9.62163e-29  2.12255e-20  7.57977e-29  3.06967e-21 -2.10434e-29  2.17387e-22  3.82962e-30 -9.36614e-24  1.90064e-30 -4.61471e-24 -5.38567e-31 -6.32209e-25 -1.12681e-31 -5.07386e-26  1.63641e-32 -2.33499e-27  7.60899e-33 -2.56239e-29  3.24797e-34  3.98629e-30 -1.05723e-34  2.63016e-31 -4.33928e-36  6.81299e-33  1.80582e-37  5.59694e-35
  -1.111e-15  1.53763e-29  6.90619e-14 -2.49117e-28 -1.68158e-12  1.98974e-27  2.47842e-11 -8.56615e-27 -2.55176e-10  8.89468e-27   1.9717e-09  1.34766e-25 -1.19251e-08 -9.92851e-25  5.79814e-08  3.49001e-24 -2.30591e-07 -4.99858e-24   7.5831e-07 -1.70105e-23 -2.07419e-06  1.42595e-22  4.72527e-06 -5.56779e-22 -8.93457e-06  1.55218e-21  1.38874e-05 -3.40979e-21 -1.74087e-05  6.14581e-21  1.69548e-05 -9.25329e-21 -1.17979e-05  1.16604e-20  4.41301e-06 -1.20678e-20  1.06244e-06  9.63127e-21 -2.38716e-06 -4.67614e-21  9.39456e-07 -1.11437e-21  4.16579e-07    5.456e-21 -4.65215e-07 -6.86538e-21 -1.02316e-08  5.64913e-21  1.46577e-07  -3.5379e-21 -1.46797e-08  2.15919e-21 -4.07586e-08 -1.74771e-21  3.99437e-09  1.41977e-21  1.06799e-08 -6.39113e-22  6.04629e-11 -2.05667e-23 -2.45514e-09 -2.04407e-22 -4.41949e-10  1.06736e-21    4.115e-10 -1.58177e-21  1.81719e-10  1.27295e-21 -2.68509e-11 -5.93978e-22  -3.7993e-11  1.51575e-22 -7.10966e-12 -4.39491e-23  3.26943e-12   4.4933e-23  1.99747e-12 -2.38793e-23  2.58127e-13 -5.69575e-25 -1.36988e-13  4.55129e-24 -7.22685e-14 -3.53608e-25 -1.16186e-14 -8.34979e-25  2.13448e-15  1.31717e-25  1.56205e-15  1.13522e-25  3.58588e-16 -4.98376e-27  2.00541e-17 -3.70866e-26 -1.24074e-17   1.4089e-26 -4.46494e-18  1.42901e-27 -7.42813e-19 -1.88957e-27 -4.47114e-20  1.35993e-28   9.8794e-21  1.06192e-28  3.26516e-21 -2.39166e-29  4.87897e-22  2.55318e-30  4.16582e-23    2.077e-30  1.11472e-24 -3.59402e-31  -2.2276e-25 -1.15317e-31 -3.65478e-26  1.20696e-32 -2.88438e-27  7.08287e-33  -1.3489e-28  2.89579e-34 -3.38285e-30 -7.34575e-35 -1.94847e-32  -2.4075e-36  7.83841e-34  5.79307e-38
-4.47088e-30 -1.53755e-14  1.29814e-28  5.48397e-13 -1.43687e-27 -1.02721e-11  8.69889e-27  1.26979e-10 -2.55909e-26 -1.14315e-09 -3.95587e-26  7.91314e-09  8.19183e-25 -4.35476e-08 -4.38983e-24  1.94684e-07  1.32367e-23 -7.16994e-07 -1.70105e-23  2.19374e-06 -5.30247e-23 -5.59762e-06  4.12152e-22  1.19045e-05 -1.50496e-21 -2.09818e-05  3.95024e-21  3.02619e-05 -8.21915e-21 -3.48566e-05  1.41055e-20  3.05291e-05 -2.03089e-20 -1.80004e-05  2.45376e-20  3.94159e-06 -2.43532e-20  4.04069e-06  1.85729e-20 -4.05615e-06  -8.4767e-21    6.416e-07 -2.28319e-21  1.15337e-06  9.54136e-21 -5.92334e-07 -1.11803e-20 -2.28763e-07  8.39805e-21  2.21582e-07 -4.53783e-21  4.55655e-08  2.33053e-21 -6.42205e-08 -1.93668e-21 -1.33391e-08  1.68478e-21  1.54723e-08 -6.03769e-22  4.95198e-09 -3.90824e-22 -2.77891e-09    5.849e-23 -1.58508e-09  1.25145e-21  2.15677e-10 -2.04936e-21  3.53078e-10  1.63617e-21  5.66633e-11 -6.99985e-22 -4.18054e-11   1.2314e-22 -2.13643e-11 -1.99111e-23 -8.69794e-13   4.9287e-23  2.48985e-12 -3.06271e-23  9.32075e-13  -4.6741e-25  4.33998e-14  6.01626e-24 -7.71716e-14 -7.28784e-25 -2.97744e-14   -9.257e-25 -3.71458e-15  1.52608e-25  9.14079e-16  1.50316e-25  5.25308e-16 -2.61245e-26  1.10583e-16 -3.74081e-26  7.11197e-18  1.76056e-26 -2.66173e-18  1.25011e-27 -9.71411e-19 -2.37191e-27 -1.63014e-19  1.67144e-28 -1.32513e-20   1.3685e-28  6.05093e-22 -2.49638e-29  3.51529e-22  8.71088e-31  5.48909e-23  2.25642e-30  4.99573e-24 -1.54663e-31  2.51382e-25 -1.09917e-31   4.0706e-28  8.24585e-33 -9.89771e-28  6.04309e-33 -7.85725e-29  2.34183e-34 -3.04178e-30 -4.41473e-35 -5.75993e-32 -1.07789e-36 -3.35956e-34
 2.24348e-15 -5.21479e-29 -1.43501e-13  8.53377e-28  3.59907e-12 -6.99833e-27 -5.47004e-11  3.20879e-26  5.81458e-10 -4.78272e-26 -4.64464e-09 -4.39276e-25  2.90826e-08  3.91559e-24 -1.46631e-07 -1.70844e-23  6.05821e-07  4.54349e-23 -2.07419e-06 -5.30247e-23  5.92191e-06 -1.52409e-22 -1.41263e-05    1.103e-21  2.80833e-05 -3.77696e-21 -4.61548e-05  9.35293e-21  6.16995e-05 -1.84584e-20 -6.50337e-05   3.0187e-20  5.06078e-05  -4.1554e-20 -2.40553e-05  4.80482e-20  1.60434e-07 -4.55192e-20  9.29449e-06  3.28245e-20 -5.61951e-06 -1.35543e-20  -6.3762e-07 -5.09228e-21  2.21278e-06  1.62742e-20 -4.47839e-07 -1.75735e-20 -6.14386e-07  1.20455e-20  2.27049e-07   -5.522e-21  1.62712e-07  2.18932e-21   -6.674e-08 -1.93412e-21 -4.56629e-08  1.88359e-21  1.30697e-08 -4.37816e-22  1.25743e-08 -1.01096e-21 -8.72586e-10  5.53617e-22 -2.84526e-09  1.34463e-21 -4.78553e-10 -2.53274e-21  4.08471e-10  2.01482e-21  1.96486e-10 -7.83422e-22 -7.88374e-12  6.64503e-23 -3.18314e-11  1.46167e-23 -9.16992e-12  5.40674e-23  9.97644e-13 -3.84744e-23  1.39636e-12 -3.33142e-25  3.67787e-13  7.53008e-24 -8.58407e-15 -1.05016e-24 -3.44434e-14  -1.0512e-24 -1.07384e-14   1.7748e-25 -1.12287e-15  1.92331e-25  2.95302e-16 -5.08669e-26  1.49229e-16 -3.74938e-26  2.98488e-17  2.15588e-26  2.34013e-18  1.01874e-27 -4.00972e-19 -2.85261e-27 -1.65614e-19  1.85863e-28 -2.82069e-20  1.63758e-28 -2.67189e-21 -2.48234e-29 -6.40349e-23  -8.5477e-31  2.23632e-23  2.46898e-30  3.99829e-24  4.30311e-32  3.64598e-25 -9.82689e-32  2.00513e-26  5.21862e-33  5.69446e-28  4.71497e-33 -1.75635e-30   1.6929e-34 -6.77365e-31 -2.22555e-35 -1.67535e-32 -3.37234e-37
 1.41086e-29  2.83725e-14 -4.11593e-28 -1.04341e-12  4.62738e-27  2.01735e-11 -2.91842e-26 -2.57698e-10      9.7e-26  2.40043e-09  4.75938e-26 -1.72161e-08 -2.54407e-24  9.83144e-08  1.60026e-23 -4.56873e-07 -5.97655e-23  1.75248e-06  1.42595e-22 -5.59762e-06 -1.52409e-22  1.49529e-05 -4.05953e-22 -3.34099e-05  2.74436e-21  6.21558e-05 -8.83349e-21  -9.5257e-05  2.06757e-20  0.000117815 -3.87632e-20 -0.000112991  6.04755e-20  7.67141e-05  -7.9606e-20 -2.65203e-05  8.79685e-20 -9.47825e-06 -7.92385e-20  1.68318e-05  5.35314e-20 -5.90193e-06 -1.92228e-20 -3.41727e-06 -1.08043e-20  3.28985e-06  2.65765e-20  2.45408e-07 -2.64166e-20 -1.10269e-06   1.6616e-20  6.07974e-08 -6.39059e-21  3.18916e-07  1.62234e-21 -1.71789e-08 -1.64979e-21 -8.52306e-08   1.9566e-21 -4.11419e-09 -1.01778e-22   1.9607e-08 -1.92168e-21   4.4155e-09  1.32993e-21 -3.18054e-09  1.30163e-21 -1.63181e-09 -2.99755e-21  1.51628e-10  2.38446e-21  3.22166e-10  -8.3218e-22  7.36358e-11 -1.87773e-23 -2.38153e-11  5.63767e-23 -1.77114e-11  6.02614e-23 -2.99051e-12 -4.69031e-23  9.77933e-13 -4.37514e-25  6.38044e-13  9.00717e-24  1.26398e-13 -1.22402e-24 -1.03247e-14 -1.22979e-24 -1.27257e-14  2.01618e-25 -3.41672e-15  2.39169e-25 -3.31914e-16 -7.72463e-26  7.23062e-17 -3.74329e-26  3.51662e-17  2.55865e-26   6.8515e-18  7.36028e-28  6.36146e-19 -3.27622e-27 -3.05133e-20  1.91927e-28 -2.07326e-20  1.82966e-28 -3.63926e-21 -2.43839e-29 -3.67976e-22  -2.2584e-30 -1.93403e-23  2.70939e-30  3.40654e-25  2.04633e-31  1.59185e-25 -8.27361e-32  1.45495e-26  3.04854e-33  7.27353e-28  3.33901e-33  2.02082e-29  1.07313e-34  2.43025e-31 -8.88458e-36  1.38517e-34
-3.66333e-15  1.53976e-28  2.41912e-13 -2.53821e-27 -6.27037e-12  2.13223e-26  9.85989e-11 -1.04438e-25 -1.08567e-09  2.16799e-25  8.99482e-09  9.90558e-25 -5.85005e-08 -1.14817e-23  3.06855e-07  5.79264e-23 -1.32138e-06 -1.90354e-22  4.72527e-06  4.12152e-22 -1.41263e-05 -4.05953e-22  3.53942e-05 -1.00587e-21  -7.4201e-05  6.36877e-21  0.000129294 -1.93092e-20 -0.000184708  4.27965e-20  0.000210817 -7.63526e-20 -0.000182495  1.13788e-19  0.000105002 -1.43291e-19 -1.95809e-05  1.51142e-19 -2.74319e-05 -1.28952e-19  2.53382e-05  8.08524e-20 -3.08107e-06 -2.39524e-20 -7.87537e-06 -2.08594e-20  3.69367e-06  4.10542e-20  1.71338e-06 -3.77436e-20  -1.4746e-06  2.20331e-20  -3.7226e-07 -7.12391e-21  4.43786e-07  6.13393e-22  1.10645e-07 -1.02665e-21  -1.0897e-07  1.84631e-21 -3.99276e-08  4.22703e-22   1.9371e-08 -3.12485e-21  1.25195e-08   2.4038e-21 -1.22016e-09  1.09438e-21 -2.73212e-09 -3.41413e-21 -5.29134e-10  2.72053e-21  3.02869e-10 -8.36336e-22  1.76156e-10 -1.28861e-22  1.35317e-11  1.00125e-22  -1.8648e-11  6.88379e-23 -7.93496e-12 -5.50855e-23 -6.74727e-13 -1.14835e-24  5.52972e-13  1.03806e-23  2.47781e-13 -1.16557e-24    3.902e-14  -1.4728e-24 -4.72072e-15  2.18648e-25 -3.94159e-15  2.89262e-25 -9.55447e-16 -1.02884e-25 -9.45491e-17  -3.7076e-26  1.26126e-17  2.92134e-26  6.66088e-18  3.91072e-28  1.28626e-18  -3.5917e-27  1.33767e-19   1.8875e-28  2.52285e-21  1.91517e-28 -1.68507e-21 -2.44056e-29 -3.24954e-22 -3.07972e-30 -3.32691e-23  2.93139e-30 -2.04527e-24  3.10532e-31 -5.66848e-26 -6.56757e-32  1.88505e-27  1.62027e-33  2.47476e-28  2.11883e-33   9.7658e-30  5.78521e-35  1.56532e-31 -2.43684e-36
-3.89468e-29 -4.21686e-14  1.13961e-27   1.6053e-12 -1.29623e-26  -3.2162e-11  8.48419e-26  4.26209e-10 -3.16669e-25 -4.12363e-09  1.85986e-25  3.07599e-08  5.92902e-24 -1.82966e-07 -4.42292e-23  8.87115e-07  1.89274e-22 -3.55719e-06 -5.56779e-22  1.19045e-05    1.103e-21 -3.34099e-05 -1.00587e-21  7.86957e-05 -2.32549e-21 -0.000155035  1.38201e-20  0.000253184 -3.95406e-20 -0.000336892  8.31425e-20  0.000353551 -1.41426e-19 -0.000273071  2.01657e-19  0.000126503 -2.43071e-19  4.53326e-06  2.44413e-19 -5.46597e-05 -1.96688e-19  3.15313e-05  1.13224e-19  4.90243e-06  -2.5358e-20 -1.33757e-05  -3.6424e-20  2.39397e-06  5.95556e-20  3.92113e-06 -5.10618e-20 -1.34872e-06  2.81376e-20 -1.08214e-06 -7.87442e-21  4.12734e-07 -6.81978e-22  3.12034e-07 -7.72308e-23 -8.12165e-08  1.51634e-21 -8.73762e-08  1.11786e-21  4.11141e-09 -4.57354e-21  1.99117e-08  3.74987e-21  3.83054e-09  7.23229e-22 -2.80248e-09 -3.76583e-21 -1.47541e-09   3.0018e-21  1.58106e-11 -7.89092e-22   2.2947e-10 -2.56595e-22  7.32062e-11  1.39527e-22 -4.73571e-12  8.04788e-23 -1.01638e-11 -6.20488e-23 -2.99327e-12 -2.84446e-24 -5.63656e-14  1.16195e-23   2.3722e-13 -8.20157e-25  8.35076e-14   -1.781e-24  1.11659e-14  2.22723e-25 -1.44228e-15  3.39617e-25 -1.01841e-15 -1.25368e-25 -2.31027e-16 -3.60943e-26 -2.44145e-17  3.19484e-26  1.22075e-18 -3.68525e-29  9.64327e-19 -3.76432e-27  1.88137e-19   1.8223e-28  2.07638e-20  1.88145e-28  1.08134e-21 -2.52271e-29 -5.87726e-23 -3.23366e-30 -1.77656e-23  3.06229e-30 -1.81642e-24  3.53962e-31 -1.08317e-25 -4.90636e-32 -3.71976e-27  7.52918e-34 -5.10428e-29  1.18112e-33  7.06725e-31  2.50479e-35  1.96627e-32
