    0.123157 -4.66871e-17   -0.0506169  6.38726e-17   -0.0297774  1.18008e-17 -0.000343867 -1.32641e-18   0.00508956 -7.56806e-18   0.00188984 -3.43317e-18   2.5784e-05  2.02078e-19  -0.00017331  3.69086e-19 -5.26653e-05  9.29526e-20 -5.90827e-06  1.01387e-20  -1.3978e-07
-4.66871e-17     0.140212 -6.83856e-17   -0.0167554  5.25905e-17   -0.0353506  3.59725e-17  -0.00674493  5.51044e-18    0.0051702 -1.28987e-17   0.00318259 -6.67772e-18  0.000492093 -6.03891e-19 -0.000131239  3.05646e-19 -6.32102e-05  1.11791e-19 -8.08362e-06  1.10053e-20
  -0.0506169 -6.83856e-17    0.0944317 -6.93327e-17   0.00170173  3.53554e-17   -0.0315289  5.61179e-17   -0.0109273  1.34818e-17   0.00374769 -1.49466e-17   0.00377174 -9.23868e-18   0.00100638 -2.02176e-18  2.64289e-05 -7.03565e-20 -3.42822e-05  5.20461e-20  -3.9879e-06
 6.38726e-17   -0.0167554 -6.93327e-17    0.0652522 -7.30693e-17   0.00714402   2.9807e-17   -0.0273837  7.27356e-17   -0.0135179  2.18031e-17   0.00173188 -1.25698e-17   0.00365263 -1.03561e-17   0.00132741 -3.28735e-18  0.000182713 -4.65003e-19   1.5438e-06 -9.48662e-21
  -0.0297774  5.25905e-17   0.00170173 -7.30693e-17    0.0524364 -8.73838e-17   0.00937826  3.03036e-17    -0.024025  8.37662e-17   -0.0153283  3.21149e-17  -0.00062701 -5.86335e-18   0.00284169 -9.22301e-18   0.00128484 -3.57027e-18  0.000227442  -5.5471e-19  1.21299e-05
 1.18008e-17   -0.0353506  3.53554e-17   0.00714402 -8.73838e-17    0.0456511 -1.05178e-16    0.0109537  2.87852e-17   -0.0211248  8.86786e-17   -0.0166273  4.45591e-17  -0.00315518     4.01e-18   0.00146233 -5.69686e-18  0.000872448 -2.65566e-18  0.000149452 -3.24053e-19
-0.000343867  3.59725e-17   -0.0315289   2.9807e-17   0.00937826 -1.05178e-16    0.0416098 -1.19291e-16    0.0124812  2.14081e-17   -0.0183116  8.92537e-17   -0.0173242  5.71208e-17  -0.00548213  1.46875e-17 -9.59583e-05 -1.09338e-18  0.000321962  -1.2569e-18  4.54485e-05
-1.32641e-18  -0.00674493  5.61179e-17   -0.0273837  3.03036e-17    0.0109537 -1.19291e-16    0.0393236 -1.29778e-16    0.0143255   8.0505e-18   -0.0151115  8.60309e-17   -0.0169592  6.58032e-17  -0.00691632  2.23041e-17   -0.0012038   2.1551e-18 -4.03745e-05 -3.18862e-19
  0.00508956  5.51044e-18   -0.0109273  7.27356e-17    -0.024025  2.87852e-17    0.0124812 -1.29778e-16    0.0384093 -1.42059e-16    0.0168873 -1.14109e-17   -0.0108512  7.61056e-17   -0.0147849  6.52611e-17  -0.00670446  2.29659e-17  -0.00140115  2.53641e-18 -9.74545e-05
-7.56806e-18    0.0051702  1.34818e-17   -0.0135179  8.37662e-17   -0.0211248  2.14081e-17    0.0143255 -1.42059e-16    0.0388553 -1.62111e-16    0.0207032 -3.90364e-17  -0.00481753  5.50917e-17   -0.0103315  5.21771e-17  -0.00475822  1.63495e-17 -0.000867298   1.1099e-18
  0.00188984 -1.28987e-17   0.00374769  2.18031e-17   -0.0153283  8.86786e-17   -0.0183116   8.0505e-18    0.0168873 -1.62111e-16    0.0409279 -1.93106e-16    0.0262083 -7.57313e-17   0.00299434  2.31577e-17   -0.0043706  3.01742e-17  -0.00212856   7.2338e-18 -0.000262174
-3.43317e-18   0.00318259 -1.49466e-17   0.00173188  3.21149e-17   -0.0166273  8.92537e-17   -0.0151115 -1.14109e-17    0.0207032 -1.93106e-16    0.0448216  -2.3217e-16    0.0328731 -1.14747e-16    0.0108657 -1.00264e-17  0.000863234   9.4979e-18 -0.000286629  1.34485e-18
  2.5784e-05 -6.67772e-18   0.00377174 -1.25698e-17  -0.00062701  4.45591e-17   -0.0173242  8.60309e-17   -0.0108512 -3.90364e-17    0.0262083  -2.3217e-16    0.0497254 -2.66178e-16     0.038221 -1.39406e-16    0.0155861 -2.98414e-17   0.00322842 -1.27653e-18  0.000230572
 2.02078e-19  0.000492093 -9.23868e-18   0.00365263 -5.86335e-18  -0.00315518  5.71208e-17   -0.0169592  7.61056e-17  -0.00481753 -7.57313e-17    0.0328731 -2.66178e-16    0.0528491 -2.73069e-16    0.0384698 -1.33408e-16    0.0149003 -2.97307e-17   0.00268155 -2.47884e-18
 -0.00017331 -6.03891e-19   0.00100638 -1.03561e-17   0.00284169     4.01e-18  -0.00548213  6.58032e-17   -0.0147849  5.50917e-17   0.00299434 -1.14747e-16     0.038221 -2.73069e-16    0.0502195 -2.36442e-16    0.0316315 -9.76161e-17   0.00997734 -1.74482e-17   0.00109748
 3.69086e-19 -0.000131239 -2.02176e-18   0.00132741 -9.22301e-18   0.00146233  1.46875e-17  -0.00691632  6.52611e-17   -0.0103315  2.31577e-17    0.0108657 -1.39406e-16    0.0384698 -2.36442e-16    0.0400125 -1.64198e-16    0.0201915 -5.24025e-17   0.00450125 -5.77503e-18
-5.26653e-05  3.05646e-19  2.64289e-05 -3.28735e-18   0.00128484 -5.69686e-18 -9.59583e-05  2.23041e-17  -0.00670446  5.21771e-17   -0.0043706 -1.00264e-17    0.0155861 -1.33408e-16    0.0316315 -1.64198e-16    0.0252771 -8.70738e-17   0.00946257 -1.92812e-17   0.00118569
 9.29526e-20 -6.32102e-05 -7.03565e-20  0.000182713 -3.57027e-18  0.000872448 -1.09338e-18   -0.0012038  2.29659e-17  -0.00475822  3.01742e-17  0.000863234 -2.98414e-17    0.0149003 -9.76161e-17    0.0201915 -8.70738e-17    0.0119755 -3.32701e-17   0.00299785  -4.1618e-18
-5.90827e-06  1.11791e-19 -3.42822e-05 -4.65003e-19  0.000227442 -2.65566e-18  0.000321962   2.1551e-18  -0.00140115  1.63495e-17  -0.00212856   9.4979e-18   0.00322842 -2.97307e-17   0.00997734 -5.24025e-17   0.00946257 -3.32701e-17    0.0039628 -8.37597e-18  0.000538504
 1.01387e-20 -8.08362e-06  5.20461e-20   1.5438e-06  -5.5471e-19  0.000149452  -1.2569e-18 -4.03745e-05  2.53641e-18 -0.000867298   7.2338e-18 -0.000286629 -1.27653e-18   0.00268155 -1.74482e-17   0.00450125 -1.92812e-17   0.00299785 -8.37597e-18   0.00081264 -1.14355e-18
 -1.3978e-07  1.10053e-20  -3.9879e-06 -9.48662e-21  1.21299e-05 -3.24053e-19  4.54485e-05 -3.18862e-19 -9.74545e-05   1.1099e-18 -0.000262174  1.34485e-18  0.000230572 -2.47884e-18   0.00109748 -5.77503e-18   0.00118569  -4.1618e-18  0.000538504 -1.14355e-18   7.7514e-05
