 5.60562e-35  -8.1512e-50  -3.8114e-35  7.75521e-48 -7.35949e-35  -3.6064e-47  1.54499e-35 -6.72144e-47  9.68736e-36  6.91879e-46 -2.24372e-35 -1.16505e-44  1.22335e-34 -7.96325e-46 -1.30194e-33  -1.2353e-43  1.18599e-32  1.11613e-43 -9.18087e-32  3.18361e-43  6.13762e-31 -1.41518e-42   -3.574e-30  1.22918e-42  1.82476e-29  1.75629e-41 -8.20919e-29 -1.29209e-40  3.26582e-28  6.68288e-40 -1.15162e-27 -3.01682e-39  3.60419e-27  1.24551e-38 -1.00133e-26  -4.7142e-38   2.4673e-26  1.64622e-37  -5.3804e-26 -5.32379e-37  1.03465e-25  1.59982e-36 -1.74489e-25 -4.47982e-36  2.55988e-25   1.1716e-35 -3.22772e-25 -2.86632e-35  3.43263e-25  6.56562e-35 -2.98224e-25 -1.40823e-34  1.98622e-25  2.82641e-34 -8.49889e-26  -5.3014e-34  2.88922e-27  9.27556e-34  2.73952e-26 -1.51045e-33  -1.9806e-26  2.28341e-33  3.21719e-27 -3.19577e-33  4.26021e-27  4.12864e-33 -2.78708e-27 -4.90826e-33 -1.03359e-28  5.35177e-33  7.32128e-28 -5.33295e-33 -1.57779e-28  4.83784e-33 -1.30087e-28 -3.97834e-33  5.06178e-29  2.95177e-33  2.02486e-29 -1.96594e-33 -1.04452e-29  1.16888e-33 -2.87166e-30 -6.16847e-34  1.41765e-30  2.87269e-34  5.10098e-31 -1.17394e-34  -1.7395e-31  4.18163e-35 -5.82312e-32 -1.28036e-35  5.68869e-33   3.2176e-36  8.05231e-33 -5.43447e-37 -1.17541e-34 -2.71513e-38 -3.63904e-34  7.26225e-38 -9.96426e-35 -3.61972e-38  1.55331e-35  1.16377e-38  4.76656e-36 -2.68698e-39  3.21314e-37  4.75339e-40 -9.43483e-38  -7.7469e-41 -2.54437e-38  1.38615e-41 -5.38867e-40 -1.90247e-42  2.85362e-40 -4.82554e-45  1.69413e-41  5.43195e-44  1.86832e-42 -7.70831e-45 -6.31388e-44  2.13025e-46 -8.23735e-45  2.33544e-47  1.26323e-47 -9.77964e-49
 -8.1512e-50  1.72868e-34 -1.78174e-48 -4.46481e-35  9.72161e-47 -1.42307e-34 -3.13369e-46  2.09685e-35 -1.00225e-45  3.56915e-35  4.70096e-45 -4.82626e-34  -9.4843e-44  5.46247e-33 -3.41941e-44 -5.39558e-32  -1.0318e-42    4.523e-31  9.44253e-43 -3.25658e-30  7.57003e-43  2.03435e-29  2.44044e-42 -1.11097e-28 -6.44386e-41  5.33436e-28   5.0185e-40 -2.26156e-27 -2.74357e-39  8.49115e-27  1.28894e-38 -2.82847e-26 -5.46099e-38  8.36549e-26  2.11846e-37 -2.19607e-25 -7.54812e-37  5.10942e-25  2.48176e-36 -1.05064e-24 -7.55933e-36   1.9009e-24   2.1411e-35 -3.00616e-24 -5.65883e-35  4.11494e-24  1.39982e-34 -4.80369e-24 -3.24868e-34  4.66951e-24  7.08407e-34 -3.61977e-24 -1.45212e-33  2.02969e-24  2.79639e-33 -5.64537e-25   -5.051e-33 -2.55439e-25  8.53685e-33   3.8241e-25 -1.34609e-32 -1.64054e-25  1.97362e-32 -2.62436e-26 -2.68128e-32  6.06633e-26   3.3631e-32 -1.75175e-26 -3.88004e-32  -9.8377e-27   4.1016e-32  7.04469e-27 -3.95661e-32  6.83719e-28   3.4677e-32 -1.62198e-27 -2.74809e-32  5.96312e-29   1.9589e-32  2.98373e-28 -1.24879e-32 -2.44921e-29  7.07636e-33 -4.56496e-29 -3.54233e-33  1.78955e-30  1.55792e-33  6.41333e-30 -5.99792e-34  1.14739e-31  2.01935e-34 -6.10908e-31 -5.93212e-35 -1.04892e-31  1.48228e-35  4.79656e-32  -2.7416e-36  1.14658e-32  7.78594e-38 -6.91318e-34  2.24571e-37 -9.42295e-34 -1.17587e-37 -6.75071e-35  3.48122e-38  2.20277e-35 -6.49911e-39   5.9397e-36  7.59314e-40   2.5467e-37 -9.28787e-41 -1.14335e-37  2.67892e-41 -1.45823e-38 -5.07706e-42 -2.32941e-40 -3.37076e-44  6.12142e-41  1.55053e-43  1.11297e-41 -1.87369e-44  2.21117e-43   2.3709e-46 -9.94939e-45  5.21609e-47 -8.75929e-47
 -3.8114e-35 -1.78174e-48     3.19e-34 -2.07092e-47 -3.78321e-35  6.49163e-46  -1.7178e-34 -1.37453e-45 -2.78345e-35 -9.79221e-45  1.15399e-33  1.33806e-44 -1.52879e-32 -5.00179e-43  1.65223e-31  -3.0001e-43 -1.50414e-30 -6.23891e-42  1.16925e-29  8.48505e-42  -7.8501e-29 -2.50945e-41   4.5917e-28  2.05836e-40 -2.35544e-27 -1.42089e-39  1.06494e-26   8.1103e-39 -4.25882e-26 -3.97836e-38  1.51011e-25  1.74841e-37 -4.75384e-25 -6.98493e-37  1.32893e-24  2.55368e-36 -3.29614e-24 -8.57296e-36  7.23847e-24  2.65342e-35 -1.40246e-23  -7.6017e-35  2.38446e-23  2.02404e-34 -3.52927e-23 -5.02962e-34  4.49386e-23  1.17114e-33 -4.83274e-23 -2.56447e-33  4.25499e-23  5.29497e-33 -2.88457e-23 -1.03234e-32  1.27433e-23  1.90025e-32 -7.73808e-25 -3.29691e-32 -3.88836e-24  5.37551e-32  2.96934e-24 -8.20484e-32 -5.59955e-25  1.16725e-31 -6.05918e-25 -1.54073e-31  4.31783e-25  1.87837e-31  8.62704e-28 -2.10555e-31 -1.10171e-25  2.16026e-31  2.77142e-26 -2.01916e-31  1.90872e-26  1.71081e-31 -8.58943e-27 -1.30694e-31 -2.82921e-27  8.94847e-32  1.72941e-27 -5.45555e-32  4.16454e-28  2.94092e-32 -2.54705e-28 -1.39209e-32 -6.96777e-29  5.75425e-33  2.89144e-29 -2.07415e-33  9.86879e-30  6.56254e-34 -1.72662e-30 -1.84798e-34 -1.18211e-30  4.61784e-35   1.1089e-32 -9.22114e-36   7.7134e-32  7.09858e-37  1.26088e-32  4.78972e-37 -2.66085e-33 -2.68806e-37 -8.63435e-34  6.89269e-38 -4.09129e-35 -7.29033e-39  2.14293e-35 -8.24048e-40  3.96636e-36  2.94124e-40  3.61307e-38  1.11053e-43 -4.51153e-38 -6.56322e-42 -4.99621e-39 -3.80473e-43 -1.70031e-40  3.13071e-43  1.73213e-41 -2.91667e-44  9.65924e-43 -1.25217e-46  8.47334e-45  5.98489e-47
 7.75521e-48 -4.46481e-35 -2.07092e-47  4.54697e-34  -1.6501e-46 -5.33452e-35  2.00835e-45 -4.81785e-35 -1.22976e-45 -2.17934e-33 -7.29211e-44  3.29077e-32 -3.79752e-44 -3.92218e-31 -1.97943e-42  3.89265e-30 -1.06918e-42 -3.27605e-29 -3.53243e-41  2.36888e-28  9.46834e-41 -1.48646e-27 -5.18948e-40  8.15602e-27  3.40035e-39 -3.93565e-26 -1.97115e-38  1.67732e-25  1.01171e-37  -6.3325e-25 -4.63962e-37  2.12176e-24  1.92565e-36 -6.31423e-24 -7.27766e-36  1.66849e-23  2.51481e-35 -3.90916e-23 -7.97062e-35  8.09855e-23  2.32522e-34 -1.47707e-22 -6.26662e-34  2.35634e-22  1.56672e-33 -3.25647e-22 -3.65041e-33  3.84255e-22  7.96619e-33 -3.78207e-22 -1.63648e-32  2.97775e-22  3.17892e-32 -1.70845e-22 -5.85788e-32  5.05556e-23  1.02519e-31  1.92097e-23 -1.70195e-31 -3.19335e-23  2.67121e-31  1.45897e-23 -3.94393e-31  1.70229e-24  5.44627e-31 -5.16071e-24 -6.99221e-31  1.66704e-24  8.29738e-31  7.83926e-25 -9.05017e-31 -6.37729e-25  9.02443e-31 -3.69455e-26 -8.18247e-31  1.45042e-25  6.70813e-31 -1.09273e-26 -4.94217e-31 -2.64031e-26  3.25004e-31  3.12617e-27 -1.89332e-31  4.16202e-27  9.69039e-32 -3.51922e-28  -4.3218e-32 -5.79909e-28  1.66928e-32  3.29768e-30 -5.58985e-33  6.20599e-29   1.6514e-33  7.09657e-30 -4.47222e-34 -4.66937e-30  1.13664e-34 -1.11235e-30 -2.46295e-35  1.34412e-31  2.73799e-36   8.7717e-32  8.03822e-37  5.57748e-33 -4.95797e-37 -2.60048e-33  9.53522e-38 -5.87791e-34  7.88079e-39 -8.05343e-36  -8.4298e-39  1.19096e-35  1.87261e-39    1.452e-36 -1.62804e-40  2.07335e-38  2.50841e-42 -1.07749e-38 -1.61155e-42 -1.00184e-39  4.96529e-43 -1.41922e-41 -3.13698e-44  7.34736e-43  -7.1137e-46  1.42857e-44
-7.35949e-35  9.72161e-47 -3.78321e-35  -1.6501e-46  5.50858e-34 -1.01661e-45 -2.43451e-34  -7.0219e-45  3.36458e-33   2.8501e-44  -5.7809e-32 -4.47028e-43  7.63664e-31 -6.18019e-43 -8.29947e-30 -6.80854e-42  7.58657e-29  6.97468e-42 -5.92263e-28 -2.37349e-40  3.99422e-27  1.11554e-39 -2.34736e-26 -6.90535e-39  1.21014e-25  4.13604e-38 -5.50001e-25 -2.21447e-37  2.21171e-24  1.06488e-36 -7.88823e-24 -4.62033e-36   2.4986e-23  1.81927e-35 -7.03067e-23 -6.52457e-35  1.75598e-22  2.13762e-34 -3.88495e-22  -6.4148e-34  7.58726e-22  1.76822e-33 -1.30112e-21 -4.49117e-33  1.94397e-21  1.05505e-32 -2.50117e-21  -2.3028e-32  2.72184e-21  4.69585e-32 -2.43064e-21 -9.00379e-32  1.67909e-21  1.63418e-31 -7.66941e-22 -2.82434e-31  6.80148e-23   4.6656e-31  2.19761e-22 -7.36984e-31 -1.78339e-22  1.10962e-30  3.86679e-23 -1.58271e-30  3.41587e-23  2.12221e-30 -2.67853e-23 -2.65359e-30  9.33709e-25   3.0705e-30  6.61383e-24 -3.26493e-30 -1.93923e-24  3.16967e-30 -1.10365e-24 -2.79199e-30  5.78951e-25  2.21716e-30  1.55126e-25 -1.57637e-30 -1.15851e-25    9.957e-31 -2.26409e-26 -5.53804e-31  1.76698e-26  2.68545e-31  3.84871e-27 -1.12365e-31  -2.0473e-27  4.02578e-32 -6.08267e-28 -1.23938e-32  1.47388e-28  3.39201e-33   7.4848e-29 -8.92716e-34 -2.70271e-30  2.38249e-34 -5.63716e-30 -5.70109e-35 -6.81383e-31  7.97614e-36  2.06841e-31  9.72745e-37  6.01268e-32  -7.2234e-37  1.29361e-33  5.06939e-38  -1.7065e-33  6.82646e-38 -2.58297e-34 -2.99972e-38  8.83231e-37  6.00764e-39  3.67812e-36 -6.20033e-40  3.72139e-37   3.5329e-41   5.0292e-39 -4.16203e-42 -1.33556e-39  6.26621e-43 -6.74236e-41 -2.16588e-44 -7.55065e-43 -8.86521e-46
 -3.6064e-47 -1.42307e-34  6.49163e-46 -5.33452e-35 -1.01661e-45  7.56681e-34 -5.26537e-45 -4.66095e-33 -1.38987e-43   8.5238e-32  2.56149e-43 -1.25598e-30 -2.40807e-42  1.50238e-29 -2.97179e-42 -1.49723e-28 -3.15159e-41  1.26546e-27  1.80815e-40 -9.19157e-27 -2.03561e-39  5.79496e-26  1.23128e-38 -3.19547e-25 -7.57124e-38  1.55006e-24   4.2598e-37 -6.64272e-24 -2.15194e-36  2.52253e-23  9.80583e-36  -8.5042e-23 -4.04462e-35  2.54737e-22  1.51557e-34 -6.77807e-22 -5.17284e-34  1.59982e-21  1.61183e-33 -3.34061e-21 -4.59438e-33  6.14485e-21   1.2005e-32 -9.89366e-21 -2.88235e-32  1.38125e-20  6.37758e-32  -1.6485e-20 -1.30554e-31  1.64418e-20  2.48579e-31 -1.31604e-20 -4.43339e-31   7.7355e-21  7.47084e-31 -2.43598e-21 -1.20062e-30 -7.54972e-22  1.85479e-30  1.42939e-21 -2.76553e-30 -6.97732e-22  3.97334e-30 -5.07144e-23 -5.46271e-30  2.35031e-22  7.11369e-30 -8.50032e-23  -8.6776e-30 -3.28301e-23  9.81386e-30  3.09844e-23 -1.01978e-29  5.10751e-25  9.66014e-30 -6.92834e-24 -8.28172e-30  8.09432e-25  6.37934e-30  1.25125e-24 -4.38087e-30 -2.03796e-25  2.65835e-30 -2.00168e-25 -1.41055e-30  2.62449e-26  6.46485e-31  2.84678e-26 -2.52489e-31 -1.22118e-27  8.30992e-32 -3.24742e-27 -2.31669e-32 -2.42629e-28  5.81159e-33  2.57479e-28  -1.5225e-33  5.29075e-29  4.48848e-34 -9.64867e-30 -1.21246e-34 -4.55043e-30  2.06175e-35 -1.90698e-31 -4.09263e-38  1.59415e-31 -5.50244e-37  3.00136e-32 -2.44874e-37 -3.33852e-34  2.33482e-37 -6.99467e-34 -7.86282e-38 -7.74699e-35  1.45686e-38  2.29711e-37 -1.54494e-39  7.09885e-37  1.01255e-40  5.16715e-38 -7.66546e-42  5.83982e-40  6.17675e-43 -4.84152e-41 -6.20406e-45  -9.5499e-43
 1.54499e-35 -3.13369e-46  -1.7178e-34  2.00835e-45 -2.43451e-34 -5.26537e-45  5.51219e-33 -2.44067e-44 -1.07326e-31 -1.07845e-42  1.77484e-30  1.43866e-42 -2.35078e-29 -1.24291e-41  2.56523e-28  3.45826e-42 -2.35492e-27 -2.75275e-40   1.8467e-26  2.34056e-39 -1.25131e-25 -1.93075e-38   7.3905e-25  1.22976e-37 -3.83005e-24   -7.262e-37  1.75037e-23  3.86948e-36 -7.07984e-23 -1.85632e-35  2.54067e-22  8.04995e-35 -8.10018e-22  -3.1651e-34  2.29506e-21  1.13138e-33 -5.77443e-21 -3.68433e-33   1.2876e-20  1.09489e-32 -2.53593e-20 -2.97351e-32  4.38857e-20  7.38998e-32  -6.6223e-20 -1.68319e-31  8.61495e-20  3.52018e-31 -9.49361e-20  -6.7787e-31  8.60628e-20  1.20709e-30 -6.06464e-20 -2.00079e-30  2.86779e-20  3.11647e-30 -3.37698e-21 -4.61834e-30 -7.64545e-21  6.59892e-30  6.64026e-21 -9.18596e-30 -1.64211e-21  1.24933e-29 -1.17788e-21 -1.64938e-29  1.02945e-21  2.08585e-29 -7.59548e-23  -2.4878e-29  -2.4471e-22   2.7586e-29  8.35558e-23 -2.81028e-29  3.88008e-23  2.60494e-29 -2.40801e-23 -2.17861e-29 -5.05553e-24  1.63067e-29  4.80817e-24 -1.08283e-29  7.08867e-25  6.31462e-30 -7.50903e-25 -3.19403e-30 -1.26435e-25  1.37994e-30  9.04962e-26 -4.99893e-31  2.22119e-26  1.49129e-31 -7.28363e-27 -3.67612e-32 -2.95616e-27  8.31517e-33  2.26377e-28 -2.28307e-33  2.46387e-28  7.96196e-34  2.17913e-29 -2.46806e-34 -1.01992e-29  5.10198e-35  -2.5145e-30 -5.76307e-36  1.80717e-32  1.32897e-36  8.17987e-32 -1.22802e-36  1.05286e-32   6.1273e-37 -2.67908e-34 -1.72654e-37 -1.84255e-34  2.93807e-38 -1.57609e-35 -3.01108e-39 -3.26207e-40  1.93886e-40  6.76811e-38 -1.07206e-41  3.13618e-39  4.55128e-43  2.92233e-41   3.1345e-45
-6.72144e-47  2.09685e-35 -1.37453e-45 -4.81785e-35  -7.0219e-45 -4.66095e-33 -2.44067e-44  1.16081e-31 -1.04336e-43 -2.17666e-30 -6.04334e-42  3.21511e-29   7.1726e-42 -3.86131e-28 -6.98595e-41  3.86456e-27   2.3023e-40 -3.28103e-26 -2.93498e-39  2.39444e-25  2.44671e-38 -1.51714e-24 -1.77998e-37  8.40978e-24  1.10782e-36 -4.10199e-23 -6.23099e-36  1.76816e-22  3.15496e-35 -6.75586e-22 -1.44135e-34  2.29246e-21  5.96203e-34 -6.91438e-21 -2.23884e-33  1.85329e-20    7.649e-33 -4.40856e-20  -2.3815e-32  9.28275e-20  6.76543e-32 -1.72293e-19 -1.75524e-31  2.80126e-19  4.16173e-31 -3.95308e-19 -9.02371e-31  4.77521e-19   1.7907e-30 -4.82998e-19 -3.25685e-30  3.93408e-19  5.44326e-30 -2.37189e-19 -8.40133e-30  7.94835e-20  1.20785e-29   1.9274e-20 -1.63978e-29  -4.3149e-20  2.14156e-29  2.25805e-20 -2.74353e-29  6.33301e-22  3.48977e-29 -7.20597e-21 -4.39655e-29  2.92321e-21  5.39704e-29  9.00641e-22 -6.31352e-29 -1.01586e-21  6.89444e-29  2.77286e-23  -6.9159e-29  2.22431e-22  6.29625e-29 -3.62696e-23 -5.15213e-29  -3.9754e-23  3.75534e-29  8.57457e-24 -2.41471e-29  6.41835e-24  1.35398e-29 -1.18774e-24  -6.5237e-30 -9.38909e-25  2.64886e-30  8.29848e-26 -8.83104e-31  1.13122e-25  2.34254e-31  4.03705e-27 -4.89676e-32 -9.63569e-27  9.69498e-33 -1.61198e-27 -3.12006e-33   4.3045e-28  1.38362e-33  1.59496e-28 -4.93518e-34  2.08358e-30  1.24132e-34 -6.44452e-30 -2.57791e-35  -1.0132e-30  8.18093e-36  4.19269e-32 -3.78291e-36   2.8087e-32  1.37621e-36  2.66643e-33  -3.3166e-37   -6.743e-35   5.1033e-38 -2.98119e-35 -4.84977e-39 -1.85827e-36  2.85474e-40 -1.03845e-38 -1.16442e-41  2.29919e-39  2.29068e-43  4.05496e-41
 9.68736e-36 -1.00225e-45 -2.78345e-35 -1.22976e-45  3.36458e-33 -1.38987e-43 -1.07326e-31 -1.04336e-43  2.32884e-30 -4.01029e-43 -3.86998e-29 -2.80958e-41  5.14636e-28   4.2032e-41 -5.63988e-27 -4.75225e-40  5.20082e-26  3.06931e-39 -4.09774e-25 -2.90833e-38  2.79045e-24  2.25048e-37 -1.65675e-23 -1.51952e-36  8.63347e-23  9.04445e-36 -3.96859e-22 -4.83924e-35  1.61509e-21  2.33299e-34 -5.83367e-21 -1.01675e-33  1.87272e-20  4.01801e-33 -5.34489e-20 -1.44317e-32  1.35526e-19  4.71971e-32 -3.04716e-19 -1.40724e-31  6.05501e-19  3.82864e-31 -1.05799e-18  -9.5093e-31  1.61336e-18  2.15647e-30 -2.12347e-18 -4.46467e-30   2.3714e-18  8.43741e-30 -2.18421e-18  -1.4555e-29  1.57177e-18  2.29367e-29 -7.70373e-19 -3.31012e-29  1.13886e-19  4.40098e-29  1.88968e-19 -5.45663e-29  -1.7717e-19  6.44377e-29  4.96423e-20 -7.46427e-29  2.85932e-20  8.72198e-29 -2.83261e-20 -1.03756e-28  3.25992e-21  1.23486e-28   6.4386e-21 -1.42353e-28 -2.56333e-21    1.541e-28 -9.51949e-22 -1.53147e-28  7.14832e-22  1.37622e-28  1.09684e-22 -1.10599e-28 -1.42461e-22  7.87168e-29 -1.39802e-23 -4.90973e-29  2.26977e-23   2.6489e-29  2.72093e-24 -1.21485e-29 -2.85216e-24  4.62029e-30 -5.54102e-25 -1.40384e-30  2.50957e-25  3.21711e-31  8.23894e-26 -5.23585e-32 -1.06392e-26  8.47332e-33 -7.59673e-27 -4.12991e-33 -4.22788e-28  2.42425e-33   3.5738e-28 -9.82758e-34  7.33411e-29  2.95569e-34 -3.07577e-30  -8.1548e-35 -2.78155e-30  2.65505e-35 -2.99141e-31 -9.36966e-36  1.73235e-32  2.73144e-36  6.45161e-33 -5.66007e-37  4.63261e-34  7.73829e-38 -7.32915e-36 -6.59368e-39 -2.51063e-36  3.37227e-40 -1.03351e-37 -9.77553e-42 -6.70249e-40  6.26364e-44
 6.91879e-46  3.56915e-35 -9.79221e-45 -2.17934e-33   2.8501e-44   8.5238e-32 -1.07845e-42 -2.17666e-30 -4.01029e-43  4.11507e-29 -1.18087e-42 -6.10334e-28 -1.19601e-40  7.36143e-27  3.25586e-40  -7.4008e-26 -3.78928e-39  6.31311e-25   3.0843e-38 -4.63018e-24 -2.58822e-37  2.94913e-23  1.86908e-36  -1.6438e-22 -1.18871e-35  8.06465e-22  6.73301e-35 -3.49765e-21 -3.42917e-34  1.34509e-20  1.57637e-33 -4.59569e-20 -6.56233e-33  1.39623e-19  2.48062e-32 -3.77141e-19 -8.53203e-32  9.04551e-19  2.67414e-31 -1.92151e-18  -7.6452e-31  3.60047e-18  1.99481e-30 -5.91467e-18 -4.75081e-30  8.44207e-18  1.03243e-29 -1.03288e-17 -2.04587e-29  1.06034e-17  3.69307e-29 -8.79718e-18  -6.0656e-29  5.44672e-18  9.05474e-29 -1.94175e-18 -1.22829e-28 -3.45038e-19  1.51734e-28  9.70683e-19  -1.7201e-28 -5.46659e-19  1.82313e-28  9.44004e-21 -1.87234e-28  1.64246e-19  1.95735e-28 -7.49556e-20 -2.15829e-28  -1.7593e-20  2.48379e-28   2.4826e-20 -2.84389e-28 -1.83353e-21  3.08391e-28 -5.29783e-21 -3.06419e-28  1.14308e-21  2.73668e-28  9.32262e-22 -2.17059e-28 -2.60578e-22  1.51358e-28 -1.51298e-22 -9.17668e-29  3.79784e-23  4.76796e-29  2.28363e-23  -2.0799e-29 -3.27441e-24  7.38172e-30 -2.90896e-24 -2.01966e-30  2.08765e-26  3.82097e-31  2.67534e-25 -3.84216e-32  3.42783e-26  3.86678e-33 -1.38115e-26  -5.8402e-33 -4.11556e-27  4.34969e-33  9.23568e-29 -1.95722e-33  1.91581e-28  6.77597e-34  2.47325e-29 -2.13519e-34  -2.0633e-30  6.71298e-35 -8.35194e-31 -1.98745e-35 -6.52241e-32  4.83679e-36  3.66913e-33 -8.61519e-37  9.24095e-34  1.02815e-37  4.93464e-35 -7.61779e-39  -1.7192e-37  3.22699e-40 -8.05859e-38 -6.10056e-42 -1.21869e-39
-2.24372e-35  4.70096e-45  1.15399e-33 -7.29211e-44  -5.7809e-32  2.56149e-43  1.77484e-30 -6.04334e-42 -3.86998e-29 -1.18087e-42  6.45846e-28  4.63682e-44 -8.62537e-27 -5.32818e-40  9.49511e-26  2.87391e-39 -8.79744e-25 -3.16267e-38  6.96611e-24   2.6866e-37 -4.76865e-23 -2.08665e-36  2.84691e-22  1.41698e-35  -1.4922e-21 -8.53159e-35  6.90145e-21  4.59682e-34 -2.82691e-20 -2.23096e-33  1.02809e-19  9.79098e-33 -3.32436e-19  -3.8976e-32  9.56126e-19  1.41073e-31 -2.44431e-18 -4.65088e-31  5.54406e-18  1.39832e-30 -1.11206e-17 -3.83688e-30  1.96296e-17   9.6111e-30 -3.02685e-17  -2.1974e-29  4.03336e-17  4.58251e-29  -4.5681e-17 -8.70676e-29  4.27875e-17   1.5047e-28 -3.14759e-17 -2.36016e-28  1.60077e-17  3.35119e-28  -2.8626e-18 -4.29566e-28 -3.56362e-18  4.96091e-28  3.64576e-18 -5.16763e-28 -1.15131e-18   4.9057e-28 -5.22324e-19 -4.38232e-28  6.00371e-19  3.94404e-28 -9.55794e-20 -3.89347e-28 -1.29344e-19  4.30631e-28  6.02953e-20 -4.97132e-28  1.73192e-20  5.50062e-28 -1.62971e-20 -5.54338e-28 -1.58468e-21  4.96923e-28  3.23813e-21 -3.91527e-28  1.52366e-22  2.68621e-28 -5.25288e-22 -1.58708e-28 -3.69029e-23  7.94906e-29  6.87761e-23 -3.29568e-29  9.89277e-24  1.08719e-29 -6.54852e-24 -2.64081e-30 -1.72219e-24  3.82419e-31   3.4354e-25 -2.73119e-33   1.7805e-25 -2.58834e-33  3.41583e-27 -9.67427e-33 -9.52101e-27  8.02227e-33 -1.59619e-27 -3.88426e-33   1.4089e-28  1.47262e-33  7.21406e-29 -4.86049e-34  6.20681e-30  1.43852e-34  -6.6822e-31  -3.6959e-35 -1.71344e-31  7.65678e-36 -1.00695e-32 -1.16818e-36  3.94381e-34   1.1949e-37  7.16082e-35 -7.45912e-39  2.54112e-36  2.47002e-40  6.86914e-39 -2.49104e-42
-1.16505e-44 -4.82626e-34  1.33806e-44  3.29077e-32 -4.47028e-43 -1.25598e-30  1.43866e-42  3.21511e-29 -2.80958e-41 -6.10334e-28  4.63682e-44  9.09115e-27  4.53456e-41 -1.10145e-25 -2.87504e-39   1.1126e-24  2.49966e-38 -9.53813e-24 -2.55376e-37  7.03224e-23  2.11142e-36 -4.50386e-22 -1.53856e-35  2.52502e-21  9.86983e-35 -1.24641e-20 -5.63963e-34  5.44078e-20  2.89296e-33  -2.1067e-19 -1.33944e-32  7.25007e-19  5.61802e-32 -2.21962e-18 -2.14062e-31  6.04455e-18   7.4251e-31 -1.46241e-17 -2.34819e-30  3.13561e-17  6.77742e-30 -5.93467e-17 -1.78617e-29  9.85612e-17  4.29859e-29 -1.42377e-16 -9.44254e-29  1.76563e-16  1.89148e-28  -1.8412e-16 -3.44991e-28  1.55748e-16  5.71705e-28 -9.91395e-17 -8.58278e-28  3.75821e-17  1.16283e-27  4.33945e-18 -1.41489e-27 -1.72051e-17  1.53715e-27  1.04732e-17 -1.48213e-27 -6.63728e-19  1.26504e-27  -2.9398e-18 -9.68775e-28  1.51614e-18  7.10243e-28  2.50119e-19 -5.82914e-28 -4.77979e-19  6.09697e-28  5.92492e-20 -7.35408e-28  9.87985e-20  8.62127e-28  -2.7401e-20 -9.03481e-28 -1.69837e-20  8.25129e-28  6.10422e-21 -6.51616e-28   2.7568e-21  4.42221e-28 -9.25935e-22  -2.5536e-28 -4.30475e-22  1.23421e-28  9.14122e-23 -4.85914e-29  5.82676e-23  1.48418e-29 -3.30942e-24  -3.1538e-30 -5.80899e-24  3.06266e-31 -5.08639e-25  4.72413e-32  3.41339e-25 -4.90014e-33  8.19004e-26 -1.87017e-32 -5.54695e-27  1.51139e-32 -4.43875e-27 -7.60245e-33 -4.50995e-28  3.00081e-33  6.69192e-29 -9.83535e-34  1.93521e-29  2.69804e-34  1.17126e-30  -6.0902e-35 -1.25215e-31  1.08266e-35 -2.24021e-32 -1.40577e-36   -9.923e-34  1.20751e-37  1.70192e-35 -6.11771e-39  2.17075e-36  1.44686e-40  2.79719e-38
 1.22335e-34  -9.4843e-44 -1.52879e-32 -3.79752e-44  7.63664e-31 -2.40807e-42 -2.35078e-29   7.1726e-42  5.14636e-28 -1.19601e-40 -8.62537e-27  4.53456e-41  1.15712e-25  5.72445e-40 -1.27984e-24 -1.90794e-38  1.19172e-23  2.03187e-37 -9.48601e-23 -1.93192e-36  6.52956e-22  1.51994e-35  -3.9209e-21 -1.04454e-34  2.06775e-20  6.34752e-34 -9.62537e-20 -3.44788e-33  3.96966e-19  1.68574e-32 -1.45413e-18 -7.45389e-32  4.73806e-18  2.99081e-31 -1.37383e-17 -1.09168e-30  3.54263e-17  3.63161e-30 -8.10976e-17 -1.10245e-29  1.64293e-16  3.05645e-29 -2.93133e-16 -7.74113e-29  4.57344e-16  1.79082e-28 -6.17423e-16 -3.78166e-28  7.09745e-16   7.2808e-28 -6.76661e-16 -1.27574e-27  5.09403e-16  2.02923e-27 -2.69075e-16 -2.91993e-27  5.66857e-17  3.78296e-27  5.34196e-17 -4.38428e-27 -6.04756e-17  4.50482e-27  2.14375e-17 -4.05225e-27  7.41803e-18  3.13613e-27 -1.02406e-17  -2.0462e-27  2.11717e-18  1.12886e-27  2.06635e-18 -6.27441e-28 -1.13723e-18  5.80607e-28 -2.38268e-19 -8.34048e-28  2.98085e-19  1.14562e-27  1.19803e-20 -1.31253e-27 -5.89335e-20  1.25148e-27  4.11839e-22 -1.00327e-27  9.71619e-21  6.78122e-28  1.73243e-22 -3.84008e-28 -1.32421e-21  1.79265e-28 -1.22903e-22  -6.6952e-29  1.35655e-22  1.88804e-29  2.77563e-23 -3.47807e-30 -8.37363e-24  1.82527e-31 -3.30243e-24  8.36834e-32   7.8499e-26  9.67336e-33  2.01405e-25 -3.87705e-32  2.66239e-26  2.86614e-32 -4.17716e-27 -1.44657e-32 -1.48642e-27   5.6929e-33 -9.40562e-29    -1.79e-33  1.85659e-29  4.49666e-34   3.6117e-30 -8.93729e-35  1.62803e-31  1.36424e-35 -1.29075e-32 -1.49275e-36 -1.62216e-33  1.04985e-37  -4.8294e-35 -4.09732e-39   1.1251e-37  5.68378e-41
-7.96325e-46  5.46247e-33 -5.00179e-43 -3.92218e-31 -6.18019e-43  1.50238e-29 -1.24291e-41 -3.86131e-28   4.2032e-41  7.36143e-27 -5.32818e-40 -1.10145e-25  5.72445e-40  1.34082e-24  5.41655e-39 -1.36114e-23 -1.38444e-37  1.17301e-22  1.52624e-36 -8.69617e-22 -1.35683e-35  5.60199e-21  1.00964e-34 -3.15995e-20 -6.56181e-34  1.56993e-19  3.78479e-33 -6.89984e-19 -1.95709e-32  2.69097e-18  9.13025e-32 -9.33165e-18 -3.85944e-31  2.88009e-17  1.48271e-30 -7.91088e-17 -5.18855e-30  1.93158e-16  1.65647e-29 -4.18247e-16 -4.82981e-29  8.00035e-16  1.28686e-28 -1.34407e-15 -3.13358e-28  1.96636e-15  6.97116e-28 -2.47348e-15 -1.41565e-27  2.62231e-15  2.62056e-27 -2.26391e-15 -4.41294e-27  1.48317e-15    6.741e-27 -5.97509e-16 -9.30436e-27 -3.32579e-17  1.15417e-26  2.48817e-16  -1.2769e-26 -1.64579e-16  1.24573e-26   1.8181e-17 -1.05266e-26  4.27322e-17  7.46585e-27 -2.50741e-17 -4.16735e-27 -2.45267e-18  1.53759e-27  7.50523e-18 -1.10296e-28 -1.34148e-18 -1.19442e-28 -1.48989e-18 -4.20678e-28  5.23835e-19  1.16088e-27  2.47179e-19 -1.65665e-27 -1.14885e-19  1.72513e-27 -3.98132e-20 -1.43109e-27  1.80185e-20  9.72037e-28  6.45643e-21  -5.4183e-28 -1.96372e-21  2.44453e-28 -9.37071e-22 -8.65173e-29  1.09873e-22  2.25333e-29  1.01922e-22 -3.65108e-30  4.47651e-24  1.13941e-31 -6.76641e-24  5.30996e-32 -1.28543e-24  6.24696e-32  1.67241e-25 -7.99489e-32  8.29368e-26  5.36437e-32  6.06145e-27  -2.6368e-32 -1.62646e-27   1.0009e-32 -3.60836e-28 -2.94873e-33 -1.48778e-29   6.7095e-34  3.16941e-30 -1.16995e-34  4.38014e-31  1.52637e-35  1.51087e-32 -1.38753e-36 -6.03698e-34  7.71575e-38 -4.67226e-35 -2.12403e-39 -5.12397e-37
-1.30194e-33 -3.41941e-44  1.65223e-31 -1.97943e-42 -8.29947e-30 -2.97179e-42  2.56523e-28 -6.98595e-41 -5.63988e-27  3.25586e-40  9.49511e-26 -2.87504e-39 -1.27984e-24  5.41655e-39  1.42264e-23  4.46579e-38 -1.33164e-22 -9.93581e-37  1.06584e-21  1.05971e-35  -7.3793e-21 -8.84086e-35  4.45835e-20  6.21796e-34  -2.3664e-19 -3.82942e-33  1.10908e-18  2.09982e-32 -4.60704e-18 -1.03496e-31  1.70049e-17  4.61208e-31 -5.58563e-17  -1.8655e-30   1.6335e-16  6.86772e-30 -4.25082e-16 -2.30566e-29  9.82623e-16   7.0686e-29 -2.01162e-15 -1.98057e-28  3.63005e-15  5.07372e-28 -5.73422e-15 -1.18826e-27  7.84857e-15   2.5428e-27 -9.16459e-15 -4.96686e-27  8.90163e-15  8.84158e-27 -6.86513e-15 -1.43111e-26  3.76969e-15  2.09973e-26 -9.17215e-16 -2.78069e-26 -6.52023e-16   3.3043e-26  8.32598e-16  -3.4935e-26 -3.30366e-16  3.24384e-26 -8.24918e-17 -2.58802e-26  1.44657e-16  1.69941e-26  -3.7408e-17 -8.22234e-27 -2.68843e-17  1.65735e-27  1.77158e-17  1.75138e-27  2.41071e-18 -2.32011e-27 -4.49994e-18  1.16112e-27  8.57416e-20  4.77303e-28  8.82634e-19  -1.6973e-27 -5.80501e-20  2.13543e-27 -1.47578e-19 -1.89118e-27  5.82806e-21  1.30639e-27  2.09225e-20 -7.19713e-28  8.21535e-22  3.13843e-28 -2.29886e-21  -1.0521e-28 -3.44027e-22  2.55293e-29  1.62308e-22 -3.92319e-30  4.95331e-23  2.89964e-31 -3.84817e-24 -1.20722e-31  -3.4795e-24  1.83872e-31 -3.37139e-25 -1.57804e-31  9.30708e-26  9.71794e-32  2.49432e-26 -4.54748e-32  9.44251e-28  1.62567e-32 -4.01993e-28 -4.41061e-33 -6.19569e-29  8.99127e-34 -1.83418e-30 -1.36507e-34   3.1156e-31  1.50843e-35  2.99539e-32 -1.11601e-36  7.16392e-34  4.64951e-38 -7.17859e-36 -7.40697e-40
 -1.2353e-43 -5.39558e-32  -3.0001e-43  3.89265e-30 -6.80854e-42 -1.49723e-28  3.45826e-42  3.86456e-27 -4.75225e-40  -7.4008e-26  2.87391e-39   1.1126e-24 -1.90794e-38 -1.36114e-23  4.46579e-38  1.38902e-22  3.33629e-37 -1.20366e-21 -6.75397e-36  8.97538e-21  6.82061e-35 -5.81733e-20 -5.35497e-34  3.30264e-19  3.56344e-33 -1.65202e-18  -2.0831e-32  7.31295e-18  1.08743e-31 -2.87381e-17  -5.1148e-31  1.00461e-16  2.17944e-30 -3.12715e-16 -8.44286e-30  8.66771e-16  2.98076e-29 -2.13694e-15 -9.60716e-29  4.67537e-15  2.82995e-28 -9.04372e-15 -7.62343e-28  1.53793e-14  1.87839e-27  -2.2803e-14 -4.23226e-27  2.91178e-14  8.71358e-27 -3.14116e-14 -1.63731e-26  2.77045e-14  2.80285e-26 -1.87004e-14 -4.36041e-26   8.0008e-15  6.14398e-26 -1.53478e-17 -7.80526e-26 -3.00491e-15  8.88382e-26  2.17394e-15 -8.97707e-26 -3.45339e-16  7.94072e-26  -5.1527e-16 -5.99927e-26  3.47451e-16  3.67666e-26   1.1181e-17  -1.5699e-26  -9.8333e-17  9.95584e-28  2.35888e-17  6.17204e-27   1.8518e-17 -7.24362e-27 -8.24027e-18  4.86223e-27 -2.90643e-18 -1.53677e-27  1.78639e-18 -1.07385e-27  4.57893e-19  2.30811e-27 -2.88388e-19 -2.31033e-27 -7.76643e-20  1.65023e-27  3.39937e-20 -9.02387e-28  1.22855e-20  3.80235e-28  -2.4068e-21 -1.21003e-28 -1.47454e-21  2.81173e-29  8.03807e-24 -4.82525e-30  1.10445e-22  9.61992e-31  1.59076e-23 -5.19791e-31 -3.60928e-24  4.11131e-31 -1.27569e-24 -2.93499e-31 -5.31351e-26  1.67725e-31  3.14368e-26 -7.35153e-32  5.51446e-27  2.43321e-32  1.02101e-28   -5.996e-33 -6.35536e-29  1.08241e-33 -7.03618e-30 -1.41525e-34 -1.64628e-31   1.3069e-35  1.46565e-32 -7.63235e-37  8.29008e-34  2.16604e-38  7.56197e-36
 1.18599e-32  -1.0318e-42 -1.50414e-30 -1.06918e-42  7.58657e-29 -3.15159e-41 -2.35492e-27   2.3023e-40  5.20082e-26 -3.78928e-39 -8.79744e-25  2.49966e-38  1.19172e-23 -1.38444e-37 -1.33164e-22  3.33629e-37  1.25336e-21  2.29132e-36 -1.00902e-20 -4.29206e-35  7.02879e-20  4.08225e-34 -4.27404e-19 -3.02321e-33  2.28404e-18  1.90625e-32 -1.07819e-17 -1.05935e-31  4.51278e-17  5.27145e-31 -1.67911e-16  -2.3688e-30  5.56245e-16   9.6607e-30 -1.64147e-15 -3.58731e-29  4.31281e-15  1.21549e-28 -1.00725e-14 -3.76338e-28  2.08495e-14  1.06571e-27 -3.80764e-14 -2.76129e-27  6.09389e-14  6.54621e-27 -8.46278e-14 -1.41931e-26  1.00462e-13  2.81177e-26 -9.95076e-14 -5.08266e-26   7.8701e-14  8.36649e-26 -4.49605e-14 -1.25071e-25  1.24422e-14  1.69181e-25  6.55661e-15 -2.06067e-25 -9.70879e-15  2.24499e-25   4.3055e-15 -2.16667e-25  6.97619e-16  1.82498e-25 -1.72575e-15 -1.30673e-25  5.45412e-16  7.51114e-26  2.88145e-16 -2.88184e-26 -2.32687e-16 -1.12203e-27 -1.51186e-17  1.46608e-26  5.71485e-17 -1.63319e-26 -4.70168e-18  1.18064e-26 -1.10723e-17 -5.65479e-27  1.46123e-18  6.70882e-28  1.87225e-18  2.01841e-27 -1.96266e-19 -2.59296e-27 -2.76072e-19  1.96212e-27  5.37633e-21 -1.07004e-27  3.25071e-20  4.35921e-28  3.09192e-21 -1.33053e-28 -2.58317e-21   3.1475e-29 -6.05031e-22 -7.14438e-30  9.16236e-23  2.35547e-30  4.99747e-23 -1.19746e-30  2.97558e-24  7.82426e-31 -1.65732e-24 -5.11306e-31 -3.45474e-25  2.72732e-31 -2.55056e-27 -1.10673e-31  7.07156e-27  3.34852e-32  8.75794e-28 -7.40314e-33  9.40053e-30  1.16812e-33 -5.96373e-30 -1.29664e-34 -4.58524e-31  9.82034e-36 -8.01551e-33 -4.31078e-37  1.96975e-34  6.73437e-39
 1.11613e-43    4.523e-31 -6.23891e-42 -3.27605e-29  6.97468e-42  1.26546e-27 -2.75275e-40 -3.28103e-26  3.06931e-39  6.31311e-25 -3.16267e-38 -9.53813e-24  2.03187e-37  1.17301e-22 -9.93581e-37 -1.20366e-21  2.29132e-36  1.04911e-20  1.45695e-35 -7.87093e-20 -2.54439e-34  5.13446e-19  2.27884e-33 -2.93483e-18 -1.59514e-32  1.47859e-17  9.54526e-32 -6.59497e-17 -5.04975e-31  2.61248e-16  2.39824e-30 -9.21027e-16 -1.03068e-29  2.89286e-15  4.02692e-29 -8.09533e-15 -1.43452e-28  2.01629e-14  4.66811e-28 -4.45992e-14 -1.38928e-27  8.72929e-14  3.78392e-27 -1.50362e-13 -9.43375e-27   2.2611e-13  2.15241e-26  -2.9333e-13 -4.49145e-26  3.22281e-13  8.56245e-26 -2.90682e-13 -1.48889e-25  2.02366e-13  2.35622e-25 -9.18829e-14 -3.38348e-25  5.28383e-15  4.39124e-25  3.07831e-14  -5.1239e-25 -2.45658e-14  5.33698e-25  5.13279e-15 -4.91205e-25  5.21908e-15  3.93311e-25 -4.10504e-15 -2.66573e-25  1.35778e-16  1.43939e-25  1.09149e-15 -5.03477e-26 -3.38342e-16 -5.35408e-27 -1.91363e-16  2.85124e-26  1.08997e-16 -3.07634e-26  2.73948e-17  2.29981e-26 -2.33997e-17 -1.26587e-26 -4.09216e-18  4.03361e-27  3.87474e-18   1.0175e-27  7.37571e-19 -2.63212e-27  -4.8793e-19  2.19437e-27 -1.31447e-19 -1.20145e-27  4.05174e-20  4.75738e-28  1.77775e-20 -1.43463e-28 -1.15551e-21   3.8052e-29 -1.50995e-21 -1.17098e-29 -1.49319e-22  4.50024e-30  6.13471e-23 -2.12918e-30  1.63252e-23  1.32685e-30  7.18659e-26 -8.32344e-31 -4.99617e-25  4.14757e-31 -6.95242e-26 -1.54434e-31  7.41545e-28  4.22686e-32  1.04597e-27  -8.2836e-33   9.3673e-29   1.1252e-33  9.15696e-31 -1.04107e-34 -2.76743e-31  6.29659e-36 -1.23093e-32 -1.90177e-37 -8.83374e-35
-9.18087e-32  9.44253e-43  1.16925e-29 -3.53243e-41 -5.92263e-28  1.80815e-40   1.8467e-26 -2.93498e-39 -4.09774e-25   3.0843e-38  6.96611e-24 -2.55376e-37 -9.48601e-23  1.52624e-36  1.06584e-21 -6.75397e-36 -1.00902e-20  1.45695e-35  8.17303e-20  8.61567e-35 -5.73007e-19 -1.40878e-33  3.50805e-18  1.18977e-32 -1.88817e-17 -7.88618e-32  8.98081e-17  4.48523e-31 -3.78908e-16 -2.26187e-30   1.4218e-15  1.02642e-29 -4.75244e-15 -4.22313e-29  1.41585e-14  1.58218e-28 -3.75792e-14 -5.41141e-28  8.87226e-14  1.69238e-27 -1.85803e-13 -4.84414e-27  3.43628e-13  1.26956e-26 -5.57588e-13 -3.04655e-26  7.86273e-13  6.69121e-26 -9.49738e-13 -1.34396e-25  9.60228e-13  2.46549e-25 -7.79648e-13 -4.12347e-25   4.6373e-13  6.27182e-25 -1.44189e-13   -8.647e-25 -5.42582e-14  1.07595e-24  9.72883e-14 -1.20135e-24 -4.82131e-14  1.19438e-24 -3.89867e-15 -1.04593e-24  1.76241e-14  7.93751e-25 -6.71463e-15 -5.07532e-25 -2.54058e-15   2.5696e-25  2.61496e-15 -8.27248e-26 -1.49951e-17 -1.18459e-26 -6.18392e-16  4.77671e-26  9.39808e-17 -5.06272e-26  1.17577e-16     3.89e-26 -2.46804e-17 -2.31724e-26 -2.00246e-17   9.4873e-27  3.67113e-18 -9.44165e-28  3.07292e-18 -2.31498e-27 -2.68935e-19  2.29527e-27  -3.8842e-19 -1.27909e-27 -1.46768e-20  5.02238e-28  3.44574e-20 -1.59531e-28  5.95033e-21  5.15304e-29  -1.5832e-21 -1.88774e-29 -6.02468e-22  6.98858e-30 -1.02979e-23  -3.1623e-30  2.43746e-23  2.05166e-30  3.95798e-24 -1.26465e-30 -1.29509e-25  5.87095e-31 -1.03579e-25 -1.99034e-31 -1.02041e-26  4.88057e-32  1.49992e-28 -8.36938e-33  9.39548e-29  9.60854e-34   5.8611e-30 -7.23558e-35  5.70855e-32   3.3538e-36 -3.87547e-33 -5.68988e-38
 3.18361e-43 -3.25658e-30  8.48505e-42  2.36888e-28 -2.37349e-40 -9.19157e-27  2.34056e-39  2.39444e-25 -2.90833e-38 -4.63018e-24   2.6866e-37  7.03224e-23 -1.93192e-36 -8.69617e-22  1.05971e-35  8.97538e-21 -4.29206e-35 -7.87093e-20  8.61567e-35  5.94328e-19  4.75445e-34  -3.9034e-18 -7.30098e-33  2.24719e-17   5.8244e-32 -1.14074e-16 -3.66198e-31  5.12878e-16   1.9824e-30 -2.04889e-15 -9.54176e-30  7.28815e-15  4.14202e-29 -2.31094e-14 -1.63323e-28  6.53243e-14  5.87263e-28 -1.64463e-13    -1.93e-27  3.68002e-13  5.80478e-27 -7.29294e-13 -1.59884e-26   1.2733e-12  4.03368e-26 -1.94344e-12 -9.31924e-26  2.56356e-12  1.97056e-25 -2.87124e-12 -3.80978e-25  2.65106e-12  6.72472e-25 -1.90544e-12  -1.0815e-24  9.17465e-13  1.58039e-24  -1.0217e-13 -2.09069e-24 -2.70193e-13  2.49173e-24  2.40565e-13 -2.65837e-24 -6.28581e-14  2.51719e-24 -4.46122e-14 -2.09068e-24  4.18791e-14  1.49701e-24  -4.1556e-15 -8.97842e-25 -1.03613e-14  4.23883e-25  4.07387e-15 -1.26249e-25  1.63977e-15 -1.92147e-26 -1.23103e-15  6.95933e-26 -1.97691e-16 -7.38938e-26  2.61733e-16   5.9027e-26  2.55473e-17 -3.75467e-26  -4.4319e-17  1.74573e-26 -5.14593e-18 -4.12601e-27  5.91567e-18 -1.50793e-27  1.12444e-18  2.20749e-27  -5.5533e-19 -1.29827e-27 -1.78781e-19  5.33544e-28  2.55991e-20 -1.95751e-28  1.74658e-20  7.59019e-29  8.94646e-22 -2.76671e-29 -8.57123e-22  8.72701e-30 -1.73899e-22 -3.99052e-30  7.66497e-24  2.92995e-30  6.66077e-24 -1.79198e-30  7.17289e-25  7.71026e-31 -3.79815e-26  -2.3618e-31 -1.44277e-26  5.13706e-32  -1.0299e-27 -7.59504e-33  9.16985e-30  7.20203e-34  4.27588e-30 -4.27378e-35    1.539e-31   1.4094e-36  7.59646e-34
 6.13762e-31  7.57003e-43  -7.8501e-29  9.46834e-41  3.99422e-27 -2.03561e-39 -1.25131e-25  2.44671e-38  2.79045e-24 -2.58822e-37 -4.76865e-23  2.11142e-36  6.52956e-22 -1.35683e-35  -7.3793e-21  6.82061e-35  7.02879e-20 -2.54439e-34 -5.73007e-19  4.75445e-34  4.04468e-18  2.45543e-33 -2.49401e-17 -3.54982e-32  1.35254e-16  2.67985e-31 -6.48464e-16  -1.6008e-30  2.75906e-15  8.25994e-30 -1.04457e-14 -3.79938e-29  3.52467e-14  1.57951e-28 -1.06066e-13 -5.97492e-28  2.84546e-13   2.0639e-27 -6.79524e-13 -6.52271e-27  1.44065e-12   1.8879e-26 -2.70004e-12 -5.00618e-26  4.44535e-12  1.21617e-25 -6.37029e-12 -2.70563e-25  7.83646e-12  5.50808e-25 -8.09535e-12 -1.02492e-24  6.75485e-12   1.7403e-24 -4.18596e-12 -2.69038e-24  1.44803e-12  3.77503e-24  3.61367e-13 -4.78796e-24 -8.46461e-13  5.45909e-24   4.6949e-13 -5.55476e-24  2.05144e-15  4.99531e-24 -1.55459e-13   -3.918e-24  7.09486e-14  2.63004e-24  1.80167e-14  -1.4663e-24 -2.54074e-14  6.39062e-25  1.98658e-15 -1.76716e-25  5.74515e-15 -2.27044e-26 -1.33305e-15  8.63104e-26  -1.0611e-15 -9.55573e-26  3.25938e-16  8.17913e-26  1.80853e-16 -5.58974e-26 -5.14538e-17  2.83959e-26 -2.89352e-17 -8.87871e-27  4.97804e-18 -8.85084e-30  3.94699e-18  1.86684e-27 -1.05151e-19  -1.2845e-27 -3.90247e-19  6.13427e-28 -4.47848e-20 -2.74026e-28  2.18512e-20   1.1317e-28  6.10364e-21 -3.47033e-29 -2.17423e-22  7.81816e-30  -3.0177e-22  -4.1832e-30 -3.69857e-23  3.89351e-30  3.44069e-24 -2.36612e-30  1.28167e-24  9.37096e-31  9.62039e-26  -2.5722e-31  -5.2342e-27  4.90704e-32 -1.24411e-27 -6.14474e-33 -6.22752e-29  4.67092e-34  4.32846e-32 -2.08328e-35  6.07154e-32  4.08551e-37
-1.41518e-42  2.03435e-29 -2.50945e-41 -1.48646e-27  1.11554e-39  5.79496e-26 -1.93075e-38 -1.51714e-24  2.25048e-37  2.94913e-23 -2.08665e-36 -4.50386e-22  1.51994e-35  5.60199e-21 -8.84086e-35 -5.81733e-20  4.08225e-34  5.13446e-19 -1.40878e-33  -3.9034e-18  2.45543e-33  2.58207e-17  1.18983e-32 -1.49776e-16 -1.62298e-31  7.66382e-16   1.1615e-30 -3.47478e-15 -6.60211e-30  1.40054e-14  3.25155e-29 -5.02904e-14 -1.43113e-28  1.61064e-13  5.70466e-28 -4.60154e-13  -2.0725e-27  1.17172e-12  6.88403e-27 -2.65394e-12 -2.09385e-26  5.32892e-12  5.83555e-26  -9.4375e-12 -1.49037e-25  1.46319e-11  3.48709e-25 -1.96419e-11  -7.4703e-25  2.24477e-11  1.46397e-24 -2.12393e-11 -2.62108e-24  1.57761e-11  4.27955e-24 -8.04974e-12 -6.35604e-24  1.31822e-12  8.55744e-24  2.04217e-12  -1.0395e-23 -2.06115e-12  1.13208e-23  6.52725e-13 -1.09602e-23   3.2018e-13  9.32584e-24  -3.7231e-13 -6.86671e-24  6.24791e-14  4.28111e-24  8.44656e-14  -2.1878e-24 -4.19484e-14   8.6539e-25  -1.1399e-14  -2.2414e-25  1.19998e-14 -1.12519e-26  9.02544e-16  8.36999e-26 -2.52251e-15 -1.07509e-25 -5.13804e-17  1.04805e-25  4.35422e-16 -7.83634e-26  1.82653e-17  4.30208e-26 -6.13014e-17   -1.584e-26 -7.12674e-18  2.53221e-27  6.37932e-18   1.2167e-27   1.4799e-18  -1.3243e-27 -3.83608e-19  8.20963e-28 -1.71506e-19 -4.19922e-28    5.952e-22  1.59666e-28  1.00703e-20  -3.3426e-29  1.51928e-21  1.74854e-30 -1.76423e-22 -3.28717e-30 -7.53311e-23  4.83557e-30 -5.83702e-24 -2.90865e-30  7.41674e-25   1.0516e-30  1.68754e-25 -2.56158e-31  9.12134e-27  4.22889e-32 -3.56364e-28 -4.38666e-33 -5.54504e-29  2.56643e-34 -1.61495e-30 -7.93934e-36 -3.33664e-33
  -3.574e-30  2.44044e-42   4.5917e-28 -5.18948e-40 -2.34736e-26  1.23128e-38   7.3905e-25 -1.77998e-37 -1.65675e-23  1.86908e-36  2.84691e-22 -1.53856e-35  -3.9209e-21  1.00964e-34  4.45835e-20 -5.35497e-34 -4.27404e-19  2.27884e-33  3.50805e-18 -7.30098e-33 -2.49401e-17  1.18983e-32  1.54949e-16  5.42256e-32 -8.47031e-16 -6.99309e-31  4.09528e-15  4.75252e-30 -1.75799e-14 -2.57449e-29  6.71855e-14  1.21195e-28 -2.28973e-13 -5.11111e-28  6.96374e-13  1.95601e-27 -1.88936e-12 -6.83294e-27  4.56674e-12  2.18472e-26 -9.80822e-12 -6.40053e-26  1.86419e-11  1.71863e-25 -3.11655e-11 -4.22867e-25  4.54245e-11  9.52955e-25 -5.69618e-11 -1.96549e-24  6.01843e-11  3.70654e-24 -5.16627e-11 -6.38198e-24  3.33773e-11  1.00133e-23 -1.27419e-11 -1.42765e-23 -1.78929e-12   1.8424e-23  6.43965e-12 -2.14047e-23 -4.01208e-12  2.22208e-23  2.77138e-13 -2.04044e-23  1.19025e-12  1.63444e-23 -6.51071e-13 -1.12037e-23 -9.49277e-14   6.3968e-24  2.14916e-13 -2.92732e-24 -3.33193e-14  1.01924e-24 -4.59499e-14 -2.55661e-25   1.5114e-14  3.62539e-26  8.10518e-15  4.07758e-26 -3.55614e-15 -9.96478e-26 -1.36687e-15  1.25639e-25  5.85853e-16 -1.05594e-25   2.2896e-16  6.28024e-26 -6.58445e-17 -2.62738e-26 -3.40959e-17  6.69153e-27  3.58874e-18  2.65568e-28  3.77787e-18 -1.61109e-27  2.09358e-19   1.2738e-27 -2.50651e-19 -6.53221e-28 -5.14044e-20  2.01999e-28  5.62488e-21 -1.43139e-29  3.17723e-21 -1.19959e-29   2.6799e-22  -9.8708e-31 -5.52164e-23  5.62637e-30  -1.3488e-23 -3.32548e-30 -6.87734e-25  1.08694e-30  9.23105e-26 -2.32183e-31  1.39991e-26   3.2619e-32  5.36568e-28 -2.72343e-33 -9.25429e-30  1.15575e-34 -7.89841e-31 -2.06492e-36
 1.22918e-42 -1.11097e-28  2.05836e-40  8.15602e-27 -6.90535e-39 -3.19547e-25  1.22976e-37  8.40978e-24 -1.51952e-36  -1.6438e-22  1.41698e-35  2.52502e-21 -1.04454e-34 -3.15995e-20  6.21796e-34  3.30264e-19 -3.02321e-33 -2.93483e-18  1.18977e-32  2.24719e-17 -3.54982e-32 -1.49776e-16  5.42256e-32  8.75731e-16  2.32949e-31  -4.5188e-15 -2.84582e-30  2.06708e-14  1.83973e-29 -8.41011e-14 -9.51286e-29  3.05007e-13  4.28697e-28 -9.87197e-13 -1.73493e-27  2.85222e-12   6.3838e-27 -7.35032e-12 -2.14718e-26  1.68634e-11  6.61576e-26  -3.4332e-11 -1.86841e-25  6.17219e-11  4.83586e-25 -9.72853e-11 -1.14648e-24  1.33025e-10  2.48803e-24  -1.5528e-10 -4.93839e-24  1.50716e-10   8.9557e-24 -1.15805e-10 -1.48172e-23  6.25756e-11  2.23187e-23 -1.34529e-11 -3.05119e-23 -1.32829e-11  3.76898e-23  1.55594e-11 -4.17989e-23 -5.85287e-12  4.12482e-23  -1.8861e-12 -3.57692e-23   2.9025e-12  2.67813e-23 -6.99002e-13 -1.68793e-23 -5.90109e-13   8.6246e-24  3.74031e-13 -3.38132e-24  5.97903e-14  9.69143e-25 -1.01669e-13 -2.66087e-25  9.49588e-16  1.53799e-25  2.10516e-14 -6.75117e-26 -1.29244e-15 -6.21895e-26 -3.69074e-15  1.42697e-25  1.37308e-16 -1.39488e-25  5.46451e-16  9.08199e-26  2.29503e-17 -4.25348e-26 -6.24054e-17  1.32715e-26 -9.64204e-18 -7.81242e-28  4.52787e-18 -2.49788e-27  1.42227e-18  2.11657e-27 -1.03955e-19 -9.73357e-28 -1.00682e-19  2.14958e-28 -1.03587e-20  3.31837e-29  2.58036e-21  -3.4944e-29  7.25444e-22  2.72849e-30  3.28286e-23  6.14081e-30 -1.04017e-23 -3.53212e-30 -1.68021e-24  1.03176e-30 -5.98172e-26 -1.90369e-31  6.23875e-27  2.22712e-32  6.11289e-28 -1.43966e-33   1.3955e-29  4.02143e-35 -3.06852e-32
