  0.00150095 -4.56128e-19  -0.00562469   2.1333e-18   0.00575395 -2.09888e-18  -0.00101789 -1.56631e-19  -0.00142151  1.81212e-18   0.00038943 -1.22536e-18  0.000280799  1.04201e-19  -5.7273e-05  1.25536e-19 -3.33495e-05 -2.83558e-20   2.3213e-06  2.65151e-21  8.05464e-07
-4.56128e-19   0.00878149 -1.37445e-18   -0.0172325  4.02321e-18    0.0108118 -2.52803e-18    0.0013543 -2.25114e-18   -0.0034235  4.53966e-18  4.34563e-06 -2.16885e-18  0.000683169 -1.84106e-20  5.81079e-08  1.62304e-19  -6.7594e-05 -2.08061e-20 -1.94288e-06  3.63578e-21
 -0.00562469 -1.37445e-18    0.0239259  -2.1872e-18   -0.0299888  5.45838e-18    0.0106233 -2.95876e-18   0.00640727 -4.76496e-18  -0.00445353   7.1292e-18  -0.00109953 -2.43058e-18  0.000929326  -1.4737e-19  0.000143968  6.05239e-20 -7.67675e-05 -2.59628e-21 -5.68404e-06
  2.1333e-18   -0.0172325  -2.1872e-18    0.0408533 -3.10903e-18    -0.035816  9.51206e-18   0.00456048 -6.05008e-18    0.0112036 -6.49449e-18  -0.00378664  8.26015e-18  -0.00235391 -1.76965e-18  0.000880556 -1.12324e-19  0.000289244 -8.73487e-20 -5.62658e-05  6.62513e-21
  0.00575395  4.02321e-18   -0.0299888 -3.10903e-18    0.0502533 -5.78861e-18   -0.0327319  1.85065e-17  -0.00336943 -1.08416e-17    0.0137197 -7.53767e-18  -0.00202307  7.16783e-18  -0.00326706  -5.7059e-19  0.000609783  5.89666e-20  0.000365115 -1.50033e-19 -2.31127e-05
-2.09888e-18    0.0108118  5.45838e-18    -0.035816 -5.78861e-18    0.0495034 -1.10563e-17   -0.0253174  2.95099e-17  -0.00957913 -1.33567e-17    0.0140929  -7.8308e-18 -3.73013e-05  4.15237e-18  -0.00370832  4.65117e-19  0.000255395  1.66962e-19  0.000344979 -1.05906e-19
 -0.00101789 -2.52803e-18    0.0106233  9.51206e-18   -0.0327319 -1.10563e-17    0.0433406 -1.72733e-17   -0.0184352  3.64537e-17   -0.0133103 -1.12188e-17    0.0133521  -6.6453e-18   0.00170483  6.59233e-19  -0.00375417  9.70606e-19 -7.38269e-05  9.54194e-20  0.000232728
-1.56631e-19    0.0013543 -2.95876e-18   0.00456048  1.85065e-17   -0.0253174 -1.72733e-17    0.0371223 -2.14853e-17   -0.0137809  3.50705e-17   -0.0153987 -5.74616e-18    0.0122659 -3.95781e-18   0.00310322 -1.62233e-18  -0.00350695  1.14188e-18 -0.000304637 -3.41473e-20
 -0.00142151 -2.25114e-18   0.00640727 -6.05008e-18  -0.00336943  2.95099e-17   -0.0184352 -2.14853e-17    0.0329564 -2.14062e-17   -0.0109395  2.54481e-17   -0.0167356 -1.74076e-19    0.0111586 -1.43329e-18   0.00419518 -2.01689e-18  -0.00302675  1.28316e-18 -0.000367829
 1.81212e-18   -0.0034235 -4.76496e-18    0.0112036 -1.08416e-17  -0.00957913  3.64537e-17   -0.0137809 -2.14062e-17    0.0306619 -1.65685e-17  -0.00915128  1.18197e-17   -0.0178328  3.24449e-18    0.0101067 -1.46714e-18   0.00502532 -1.16458e-18   -0.0023243  1.18933e-18
  0.00038943  4.53966e-18  -0.00445353 -6.49449e-18    0.0137197 -1.33567e-17   -0.0133103  3.50705e-17   -0.0109395 -1.65685e-17    0.0296066 -8.78464e-18   -0.0079402  8.35172e-19   -0.0189503  4.68991e-18   0.00908399 -4.96057e-18   0.00559261 -2.01337e-19  -0.00136182
-1.22536e-18  4.34563e-06   7.1292e-18  -0.00378664 -7.53767e-18    0.0140929 -1.12188e-17   -0.0153987  2.54481e-17  -0.00915128 -8.78464e-18    0.0294129 -2.01916e-18  -0.00706791 -1.35864e-18   -0.0202534  5.68461e-18   0.00800367 -9.71735e-18   0.00579471 -6.66632e-20
 0.000280799 -2.16885e-18  -0.00109953  8.26015e-18  -0.00202307  -7.8308e-18    0.0133521 -5.74616e-18   -0.0167356  1.18197e-17   -0.0079402 -2.01916e-18    0.0299573 -9.78443e-19   -0.0064035  7.15432e-18   -0.0218945  6.72109e-18   0.00669402 -1.11795e-17   0.00515068
 1.04201e-19  0.000683169 -2.43058e-18  -0.00235391  7.16783e-18 -3.73013e-05  -6.6453e-18    0.0122659 -1.74076e-19   -0.0178328  8.35172e-19  -0.00706791 -9.78443e-19     0.031279 -7.92704e-18  -0.00585013  2.15352e-17   -0.0240603  7.40534e-18   0.00472795  -6.6298e-18
 -5.7273e-05 -1.84106e-20  0.000929326 -1.76965e-18  -0.00326706  4.15237e-18   0.00170483 -3.95781e-18    0.0111586  3.24449e-18   -0.0189503 -1.35864e-18   -0.0064035 -7.92704e-18    0.0335646 -1.95725e-17  -0.00528869   3.1902e-17   -0.0270438  9.25508e-18  0.000978992
 1.25536e-19  5.81079e-08  -1.4737e-19  0.000880556  -5.7059e-19  -0.00370832  6.59233e-19   0.00310322 -1.43329e-18    0.0101067  4.68991e-18   -0.0202534  7.15432e-18  -0.00585013 -1.95725e-17    0.0372237 -2.86162e-17  -0.00451558  3.03682e-17   -0.0313261  1.27594e-17
-3.33495e-05  1.62304e-19  0.000143968 -1.12324e-19  0.000609783  4.65117e-19  -0.00375417 -1.62233e-18   0.00419518 -1.46714e-18   0.00908399  5.68461e-18   -0.0218945  2.15352e-17  -0.00528869 -2.86162e-17    0.0431027 -3.08916e-17  -0.00291151  2.04001e-17   -0.0324644
-2.83558e-20  -6.7594e-05  6.05239e-20  0.000289244  5.89666e-20  0.000255395  9.70606e-19  -0.00350695 -2.01689e-18   0.00502532 -4.96057e-18   0.00800367  6.72109e-18   -0.0240603   3.1902e-17  -0.00451558 -3.08916e-17    0.0530227 -3.03078e-17   0.00515678  1.29376e-17
  2.3213e-06 -2.08061e-20 -7.67675e-05 -8.73487e-20  0.000365115  1.66962e-19 -7.38269e-05  1.14188e-18  -0.00302675 -1.16458e-18   0.00559261 -9.71735e-18   0.00669402  7.40534e-18   -0.0270438  3.03682e-17  -0.00291151 -3.03078e-17    0.0756109 -3.99905e-17    0.0408677
 2.65151e-21 -1.94288e-06 -2.59628e-21 -5.62658e-05 -1.50033e-19  0.000344979  9.54194e-20 -0.000304637  1.28316e-18   -0.0023243 -2.01337e-19   0.00579471 -1.11795e-17   0.00472795  9.25508e-18   -0.0313261  2.04001e-17   0.00515678 -3.99905e-17     0.134921 -6.37196e-17
 8.05464e-07  3.63578e-21 -5.68404e-06  6.62513e-21 -2.31127e-05 -1.05906e-19  0.000232728 -3.41473e-20 -0.000367829  1.18933e-18  -0.00136182 -6.66632e-20   0.00515068  -6.6298e-18  0.000978992  1.27594e-17   -0.0324644  1.29376e-17    0.0408677 -6.37196e-17     0.183399
