 2.55325e-33  2.44183e-36 -4.41365e-33 -1.16768e-36  1.25468e-31  6.86053e-36 -2.74973e-30 -4.30991e-36  4.21042e-29  1.38609e-36 -4.89105e-28  -2.2256e-36  4.50398e-27  4.81328e-36 -3.38379e-26  1.75027e-36  2.11582e-25  1.65287e-36 -1.11685e-24 -2.98331e-36  5.02786e-24  1.22887e-35 -1.94437e-23 -5.89094e-35  6.49036e-23  2.63262e-34 -1.87513e-22 -1.04329e-33  4.69235e-22  3.67619e-33 -1.01573e-21 -1.15345e-32  1.89493e-21  3.21598e-32 -3.02636e-21  -7.9226e-32  4.09186e-21  1.70295e-31  -4.5984e-21 -3.10668e-31   4.1584e-21  4.47951e-31 -2.83253e-21 -3.83827e-31  1.20324e-21 -3.49155e-31 -5.14828e-24  2.59053e-30 -4.10388e-22  -7.5207e-30  2.62016e-22  1.63603e-29 -1.24951e-23 -2.97472e-29 -7.30828e-23  4.69511e-29  3.12652e-23 -6.53474e-29  1.02718e-23  8.06731e-29 -1.05865e-23 -8.83174e-29 -5.55599e-25  8.52689e-29  2.52235e-24 -7.17227e-29 -8.85943e-26  5.12961e-29 -5.13806e-25 -2.95428e-29  1.68627e-26  1.15558e-29   9.3007e-26 -5.49554e-32  3.45722e-27 -5.05545e-30 -1.41543e-26   5.7308e-30 -2.20044e-27 -4.32854e-30  1.57056e-27  2.56824e-30    5.194e-28 -1.24973e-30 -8.45172e-29  5.02332e-31 -6.85408e-29 -1.64283e-31 -5.70141e-30  4.19123e-32  4.50537e-30 -7.57366e-33  1.35609e-30   7.3173e-34 -1.13529e-32   5.5373e-36 -8.05996e-32  1.13678e-35 -1.60594e-32 -1.32482e-35  2.68674e-34  3.60127e-36  6.48898e-34 -1.31385e-37  1.12559e-34 -1.73402e-37  2.95744e-36  5.16202e-38 -1.89584e-36  -4.8891e-39 -3.36379e-37 -9.68358e-40 -2.10467e-38  3.32745e-40  7.44201e-40 -1.87656e-41  2.28803e-40 -4.54511e-42  1.59627e-41  5.14454e-43  4.40944e-43  1.36894e-44 -8.06245e-45 -2.03514e-45 -3.87313e-46  2.54362e-48
 2.44183e-36  9.78225e-33  1.14885e-35 -2.62288e-31 -3.70202e-36  7.09082e-30  1.90288e-35 -1.28189e-28 -7.49425e-36  1.70406e-27 -1.35022e-35 -1.76147e-26 -1.15072e-35  1.46659e-25   9.6514e-36 -1.00726e-24  2.00268e-36  5.80323e-24  8.96272e-36 -2.83883e-23 -4.33515e-35  1.18932e-22  2.21096e-34 -4.29285e-22 -1.05471e-33  1.34003e-21  4.49473e-33 -3.62391e-21 -1.70741e-32  8.48867e-21  5.79609e-32 -1.71823e-20 -1.76073e-31  2.99046e-20   4.7843e-31 -4.43724e-20 -1.15961e-30  5.53529e-20   2.4909e-30 -5.67029e-20 -4.67823e-30  4.56594e-20  7.45979e-30 -2.61423e-20 -9.35777e-30  7.15421e-21  6.70737e-30  3.53897e-21   7.0282e-30 -4.87444e-21 -4.07613e-29  1.74262e-21  1.03204e-28  6.33904e-22 -1.98108e-28 -7.83117e-22  3.18839e-28  9.39331e-23 -4.45446e-28  1.83195e-22  5.47657e-28 -6.37697e-23 -5.94806e-28 -3.36568e-23  5.69172e-28  1.81592e-23 -4.75556e-28  6.02096e-24  3.40587e-28  -3.7687e-24 -2.01143e-28 -1.19063e-24  8.84543e-29  6.00624e-25 -1.71551e-29  2.42341e-25 -1.55262e-29  -6.4939e-26  2.24602e-29 -4.23148e-26 -1.75757e-29  2.00495e-27  1.03406e-29  5.32173e-27 -4.89955e-30  7.46336e-28   1.8932e-30 -3.75912e-28 -5.85271e-31 -1.40883e-28   1.3622e-31  6.79036e-31 -2.00972e-32   1.0043e-29  5.55035e-34  2.06393e-30  3.71156e-34 -1.17028e-31  2.28217e-35 -1.21559e-31 -5.23688e-35 -1.94328e-32  1.39722e-35  4.70775e-34  -8.0448e-37  6.46445e-34 -4.77434e-37  9.93118e-35  1.63033e-37  3.35827e-36 -2.04624e-38 -1.01021e-36 -2.06105e-39 -1.68495e-37  1.02077e-39 -1.05313e-38 -7.26848e-41 -1.15731e-41  -1.0597e-41  3.87716e-41  1.22155e-42  2.45559e-42  2.19123e-44    4.332e-44 -2.71816e-45  2.33022e-47
-4.41365e-33  1.14885e-35  3.27938e-31  2.93621e-35 -1.15652e-29 -7.16614e-36  2.52759e-28  3.40265e-35 -3.89747e-27 -5.11943e-36  4.56134e-26 -3.88581e-35 -4.23321e-25 -2.74086e-35  3.20643e-24  1.37226e-35 -2.02217e-23 -1.11846e-35  1.07706e-22  9.46696e-35 -4.89491e-22 -5.44917e-34  1.91197e-21  2.78122e-33 -6.45004e-21 -1.26974e-32  1.88451e-20  5.16701e-32 -4.77261e-20 -1.88022e-31  1.04645e-19  6.13456e-31 -1.97959e-19 -1.79745e-30  3.21011e-19  4.73134e-30 -4.41483e-19 -1.11747e-29  5.05965e-19  2.35984e-29 -4.68627e-19 -4.42294e-29  3.29868e-19  7.24729e-29 -1.49169e-19 -1.00448e-28  8.96884e-21  1.07742e-28  4.53556e-20 -5.85512e-29 -3.23988e-20 -9.41144e-29  3.44455e-21  3.93403e-28  8.27807e-21 -8.53858e-28 -4.22858e-21    1.436e-27 -9.44725e-22 -2.03622e-27  1.34958e-21  2.50677e-27 -2.59739e-23 -2.70729e-27 -3.13745e-22  2.56727e-27  3.39708e-23 -2.12446e-27  6.38926e-23  1.51208e-27 -6.96189e-24  -8.9858e-28 -1.19069e-23  4.15467e-28  4.30127e-25 -1.15202e-28  1.92699e-24 -2.36112e-29  1.63238e-25  5.93288e-29 -2.38098e-25 -4.89871e-29 -5.78991e-26  2.86804e-29  1.70158e-26 -1.32566e-29  9.15523e-27  4.93407e-30  2.02349e-28 -1.44262e-30 -7.29559e-28  3.03244e-31 -1.66771e-28   -3.297e-32  1.37122e-29 -3.26036e-33  1.26758e-29  1.59282e-33  1.92241e-30  4.65922e-35 -1.72238e-31 -1.38511e-34 -1.06479e-31  3.50367e-35 -1.44742e-32 -2.74577e-36  2.52129e-34 -7.47394e-37   3.5363e-34  3.43138e-37  4.94725e-35 -5.86643e-38  2.08401e-36 -1.83799e-39 -2.40357e-37  2.12535e-39 -4.02066e-38 -1.77755e-40 -2.29057e-39 -1.60237e-41 -3.79222e-41  1.84322e-42  1.85326e-42  2.18242e-44  6.54529e-44 -1.79582e-45
-1.16768e-36 -2.62288e-31  2.93621e-35  1.34951e-29  5.04514e-35 -3.68901e-28 -9.62687e-36  6.71579e-27  4.66483e-35 -8.99418e-26  4.25287e-36  9.36977e-25 -6.26147e-35 -7.86507e-24 -4.79489e-35  5.44813e-23  3.24547e-35 -3.16721e-22 -1.59696e-34  1.56403e-21  1.01386e-33 -6.61798e-21 -5.61481e-33  2.41399e-20  2.74424e-32 -7.61975e-20 -1.19407e-31  2.08519e-19  4.64133e-31 -4.94662e-19 -1.61734e-30  1.01502e-18  5.06566e-30 -1.79301e-18 -1.42849e-29  2.70447e-18  3.62951e-29 -3.43693e-18 -8.30609e-29  3.59856e-18  1.70891e-28 -2.97946e-18  -3.1476e-28  1.77982e-18  5.14617e-28 -5.49253e-19 -7.34005e-28 -1.91754e-19  8.78231e-28  3.24582e-19 -7.87191e-28 -1.33817e-19  2.61059e-28 -3.30978e-20  8.70883e-28  5.45653e-20 -2.64951e-27 -1.01048e-20  4.89364e-27 -1.19029e-20 -7.17734e-27  5.30786e-21  8.92663e-27   2.0025e-21 -9.62825e-27 -1.45835e-21  9.06163e-27 -3.31798e-22 -7.41898e-27  3.06359e-22  5.22448e-27  6.67275e-23 -3.08982e-27 -5.15775e-23  1.45488e-27 -1.50198e-23 -4.62428e-28  6.38439e-24  6.93733e-30  2.95134e-24  1.21219e-28 -3.99618e-25 -1.08133e-28 -4.20383e-25  6.32119e-29 -3.17652e-26 -2.85763e-29  3.57025e-26  1.02827e-29  9.98036e-27  -2.8507e-30 -8.17013e-28   5.3501e-31 -8.85696e-28  -3.3197e-32 -1.34529e-28 -1.47157e-32  2.10294e-29  4.09834e-33  1.08052e-29  1.29141e-34   1.2906e-30 -2.77658e-34 -1.31037e-31  6.45858e-35 -6.19292e-32 -6.87626e-36 -7.49018e-33 -4.27152e-37  1.16351e-35  5.43314e-37  1.16499e-34 -1.31155e-37  1.50136e-35  1.98724e-39  7.05266e-37  3.45356e-39 -2.24648e-38 -3.20039e-40 -4.41929e-39 -1.78397e-41 -2.08403e-40  1.98701e-42 -2.97555e-42  1.51421e-44  5.16445e-45
 1.25468e-31 -3.70202e-36 -1.15652e-29  5.04514e-35    4.168e-28  6.62616e-35 -9.17498e-27 -8.77199e-36   1.4253e-25  5.39281e-35  -1.6811e-24  1.81802e-35  1.57292e-23 -7.27815e-35 -1.20162e-22   -8.879e-35   7.6463e-22  2.31376e-34 -4.11115e-21  -1.5462e-33  1.88699e-20  9.20636e-33 -7.44809e-20 -4.83373e-32  2.54055e-19  2.24906e-31 -7.51036e-19  -9.3315e-31  1.92598e-18  3.46679e-30 -4.28003e-18 -1.15705e-29  8.21508e-18  3.47747e-29 -1.35353e-17 -9.42664e-29  1.89484e-17  2.30688e-28 -2.21636e-17 -5.09708e-28  2.10423e-17  1.01597e-27 -1.53166e-17 -1.82259e-27   7.3614e-18  2.92837e-27  -8.3569e-19 -4.17271e-27 -1.96826e-18  5.16526e-27  1.58859e-18 -5.28749e-27 -2.62587e-19   3.8178e-27 -3.66356e-19 -1.91277e-28  2.24672e-19 -5.66522e-27  2.91098e-20  1.30619e-26 -6.76306e-20 -2.05255e-26  6.31817e-21  2.61668e-26  1.52437e-20 -2.83857e-26 -2.90584e-21  2.65991e-26 -3.08434e-21 -2.15546e-26   6.1127e-22  1.49796e-26  5.90489e-22 -8.75394e-27 -7.11093e-23  4.12128e-27 -1.01619e-22 -1.38788e-27 -1.00462e-24   1.5754e-28  1.38749e-23  2.01338e-28  2.29286e-24  -2.0014e-28 -1.21229e-24  1.17186e-28 -4.66229e-25 -5.20176e-29  2.44642e-26   1.8212e-29  4.49692e-26 -4.81368e-30  7.47332e-27  7.95998e-31  -1.4888e-27 -3.47396e-33 -7.60804e-28 -3.70598e-32 -8.04075e-29  7.72489e-33  1.79895e-29  3.77036e-34   6.6449e-30 -4.37482e-34  6.69059e-31  8.86633e-35 -5.97729e-32 -1.38852e-35  -2.4648e-32  1.36619e-36 -2.73172e-33  6.60993e-37 -4.34619e-35  -2.4095e-37  2.24729e-35  1.07909e-38  2.67875e-36  4.62483e-39   1.2182e-37 -4.51083e-40  3.43469e-40 -1.50773e-41 -1.71952e-40  1.55639e-42 -4.72611e-42  6.96424e-45
 6.86053e-36  7.09082e-30 -7.16614e-36 -3.68901e-28  6.62616e-35  1.01591e-26  7.70398e-35 -1.86325e-25 -4.46612e-36  2.51484e-24  5.74799e-35 -2.64126e-23   3.3042e-35  2.23608e-22 -4.51003e-35 -1.56284e-21 -3.32415e-34  9.17108e-21  1.97262e-33 -4.57381e-20 -1.27111e-32  1.95558e-19  7.16779e-32 -7.21205e-19 -3.57248e-31  2.30314e-18  1.58316e-30 -6.38122e-18 -6.27111e-30  1.53398e-17    2.229e-29 -3.19285e-17  -7.1297e-29  5.72825e-17  2.05646e-28 -8.78933e-17 -5.35631e-28  1.13878e-16  1.26091e-27 -1.21968e-16 -2.68366e-27  1.03917e-16  5.16293e-27 -6.47803e-17  -8.9684e-27   2.2282e-17    1.403e-26   5.0873e-18 -1.96584e-26  -1.1465e-17  2.43885e-26  5.42402e-18  -2.6112e-26  7.92711e-19  2.25814e-26 -2.00971e-18 -1.22265e-26  5.13566e-19  -4.9316e-27  4.01078e-19  2.66293e-26 -2.29576e-19 -4.84352e-26 -5.85326e-20  6.48982e-26  6.11534e-20 -7.15945e-26   8.1872e-21  6.71481e-26 -1.29631e-20 -5.39505e-26 -1.66335e-21  3.69537e-26  2.28572e-21 -2.12308e-26  4.46716e-22  9.87103e-27 -3.13761e-22 -3.38497e-27 -1.03899e-22  5.51667e-28   2.6743e-23  2.76652e-28  1.70903e-23 -3.19587e-28  6.48121e-26  1.87993e-28 -1.71903e-24 -8.24814e-29 -3.48743e-25  2.83986e-29  6.91706e-26 -7.22249e-30  3.99625e-26  1.03494e-30  3.96136e-27  7.16222e-32 -1.43013e-27 -7.03923e-32 -4.89945e-28  1.11752e-32 -3.81626e-29  9.84208e-34  1.01514e-29 -5.36464e-34  3.01462e-30  8.03006e-35   2.7241e-31 -2.35387e-35 -1.60743e-32  5.44617e-36 -6.61088e-33  5.84872e-37 -6.74874e-34 -3.74575e-37 -1.93588e-35  2.33573e-38  2.23626e-36  5.24568e-39  2.47926e-37 -5.12394e-40  9.40356e-39 -9.48322e-42   9.4625e-41  8.48264e-43  -9.2086e-43
-2.74973e-30  1.90288e-35  2.52759e-28 -9.62687e-36 -9.17498e-27  7.70398e-35  2.03475e-25  9.42812e-35 -3.18558e-24 -1.40272e-36  3.78795e-23  6.39106e-35 -3.57451e-22  3.09099e-35   2.7552e-21  1.97164e-34 -1.76973e-20 -2.21074e-33  9.60932e-20  1.50034e-32 -4.45656e-19 -9.12898e-32  1.77838e-18  4.88151e-31 -6.13661e-18 -2.31366e-30  1.83651e-17   9.7791e-30 -4.77163e-17 -3.70349e-29  1.07537e-16  1.26101e-28 -2.09563e-16 -3.86948e-28  3.51063e-16   1.0718e-27  -5.0064e-16 -2.68263e-27  5.98145e-16  6.07134e-27 -5.82595e-16 -1.24294e-26  4.38815e-16  2.30199e-26 -2.23829e-16 -3.85595e-26    3.692e-17  5.83591e-26  5.16222e-17 -7.96055e-26 -4.77652e-17  9.72863e-26  1.07761e-17  -1.0506e-25  9.72654e-18   9.6948e-26 -7.26275e-18 -6.94116e-26 -3.09065e-19  2.33154e-26   2.0565e-18  3.48215e-26 -3.56027e-19 -9.32137e-26 -4.44983e-19  1.37773e-25  1.28395e-19 -1.57362e-25  8.86084e-20  1.48915e-25 -2.75093e-20 -1.19004e-25 -1.73862e-20  8.03093e-26  3.91472e-21 -4.51783e-26  3.19176e-21   2.0544e-26  -2.4125e-22 -6.99524e-27 -4.81049e-22  1.31041e-27 -4.29569e-23  3.12527e-28  4.94824e-23   -4.459e-28  1.37344e-23  2.64482e-28 -2.13572e-24 -1.16075e-28 -1.63518e-24  3.99857e-29 -1.73164e-25  -9.9139e-30  7.70195e-26  1.20036e-30  2.68311e-26  2.01458e-31  1.49744e-27 -1.10216e-31 -9.29374e-28  1.17491e-32 -2.43067e-28  2.25752e-33 -1.53541e-29 -4.65643e-34   3.9233e-30  7.09901e-36  1.00205e-30 -3.40799e-35  8.47188e-32  1.19428e-35   -2.045e-33  2.67457e-37 -1.12927e-33 -5.02274e-37 -1.04434e-34  3.57782e-38 -3.52212e-36  5.11389e-39  7.53265e-38 -4.74449e-40  9.19464e-39 -4.02562e-42  1.99779e-40  2.75035e-43
-4.30991e-36 -1.28189e-28  3.40265e-35  6.71579e-27 -8.77199e-36 -1.86325e-25  9.42812e-35  3.44397e-24  1.30034e-34 -4.68628e-23 -9.25574e-36  4.96392e-22  9.29787e-35 -4.24006e-21 -1.37091e-34  2.99131e-20  1.95422e-33 -1.77269e-19 -1.53895e-32  8.93255e-19  1.01032e-31 -3.86101e-18 -5.81446e-31  1.44038e-17  2.95166e-30 -4.65616e-17 -1.33226e-29  1.30688e-16   5.3785e-29  -3.1854e-16 -1.95046e-28  6.72972e-16  6.37155e-28 -1.22709e-15 -1.87823e-27  1.91675e-15  5.00137e-27 -2.53388e-15 -1.20368e-26  2.77848e-15  2.61909e-26 -2.43798e-15 -5.15352e-26  1.58634e-15   9.1721e-26 -6.02557e-16 -1.47694e-25 -7.54215e-17  2.15219e-25  2.69782e-16 -2.83732e-25 -1.46252e-16  3.37771e-25  -8.0878e-18 -3.60795e-25  4.91084e-17  3.39806e-25  -1.6393e-17  -2.6916e-25 -8.69463e-18  1.53343e-25  6.52028e-18 -8.83269e-27  9.70664e-19 -1.36515e-25 -1.68569e-18  2.49665e-25 -7.49646e-20 -3.04556e-25  3.59215e-19  2.94393e-25  1.47257e-20 -2.35133e-25 -6.59372e-20  1.56394e-25 -7.02392e-21 -8.58344e-26  9.86618e-21  3.78361e-26  2.23905e-21 -1.25401e-26 -1.02226e-21  2.46278e-27  -4.4489e-22  2.77694e-28  3.75868e-23 -5.42362e-28  5.31065e-23  3.26622e-28  7.06392e-24 -1.46725e-28 -2.98918e-24  5.19618e-29 -1.15371e-24 -1.27583e-29 -4.70467e-26   1.2455e-30  5.67026e-26  3.90616e-31  1.41232e-26 -1.48017e-31  4.14331e-28   5.6687e-33 -4.35101e-28  4.60592e-33 -9.34202e-29 -1.43683e-34 -5.37876e-30 -1.53025e-34  1.02043e-30 -4.22844e-35  2.36357e-31  1.98727e-35  1.88243e-32 -2.25525e-37  6.52929e-35 -5.89026e-37 -1.09942e-34  4.34065e-38 -8.84566e-36  4.31368e-39 -2.67193e-37 -3.57172e-40 -8.10081e-40 -7.35307e-43  5.74882e-41
 4.21042e-29 -7.49425e-36 -3.89747e-27  4.66483e-35   1.4253e-25 -4.46612e-36 -3.18558e-24  1.30034e-34  5.02798e-23  1.86054e-34 -6.02982e-22 -4.41483e-35  5.74097e-21  2.53494e-34  -4.4666e-20 -1.50563e-33  2.89726e-19  1.36146e-32 -1.58946e-18 -9.81339e-32  7.45187e-18  6.09976e-31 -3.00785e-17 -3.32302e-30  1.05055e-16  1.60218e-29 -3.18461e-16 -6.89257e-29   8.3883e-16  2.66117e-28 -1.91839e-15 -9.25563e-28  3.79825e-15  2.90592e-27 -6.47417e-15 -8.24348e-27  9.41238e-15  2.11343e-26 -1.14962e-14 -4.89633e-26  1.14971e-14  1.02487e-25  -8.9668e-15 -1.93789e-25  4.84793e-15  3.31064e-25 -1.04147e-15 -5.11271e-25 -9.37739e-16  7.14528e-25  1.01706e-15 -9.05117e-25 -2.93347e-16  1.04076e-24 -1.76717e-16 -1.08573e-24  1.65109e-16  1.02015e-24 -6.79905e-18 -8.42195e-25 -4.36914e-17  5.67592e-25  1.14779e-17 -2.32116e-25  8.93225e-18 -1.06163e-25  -3.6941e-18  3.76385e-25 -1.72221e-18 -5.20943e-25  8.03101e-19  5.24317e-25  3.45286e-19  -4.2148e-25  -1.2764e-19  2.76577e-25 -6.82085e-20  -1.4754e-25  1.24795e-20  6.24479e-26  1.14217e-20 -1.97542e-26  9.04102e-23  3.83909e-27 -1.36123e-21  1.62479e-28 -2.59239e-22 -5.59331e-28  8.47692e-23  3.48344e-28  4.03336e-23 -1.67978e-28  1.62925e-24  6.37209e-29 -2.51401e-24  -1.5726e-29 -6.33798e-25  1.12022e-30  3.86124e-27  6.43764e-31  3.05855e-26 -1.73894e-31  5.94302e-27 -1.08348e-32  1.01694e-28  8.43963e-33 -1.48278e-28  4.21114e-34 -2.73907e-29 -3.95274e-34  -1.5641e-30 -4.44896e-35  1.66337e-31  2.72965e-35   3.7182e-32 -7.32492e-37  2.71602e-33 -6.10748e-37  5.14221e-35  4.35376e-38  -4.8476e-36  3.14693e-39 -3.15833e-37 -2.14438e-40 -5.52207e-39   2.6396e-43
 1.38609e-36  1.70406e-27 -5.11943e-36 -8.99418e-26  5.39281e-35  2.51484e-24 -1.40272e-36 -4.68628e-23  1.86054e-34  6.43118e-22  2.55086e-34 -6.87313e-21 -1.67434e-34   5.9259e-20  1.24549e-33 -4.22177e-19 -1.04883e-32  2.52772e-18  8.41733e-32 -1.28756e-17 -5.69833e-31  5.62911e-17  3.34172e-30  -2.1254e-16 -1.72106e-29  6.95867e-16   7.8742e-29 -1.97979e-15  -3.2286e-28  4.89594e-15  1.19318e-27 -1.05059e-14  -3.9865e-27  1.94832e-14  1.20536e-26 -3.10056e-14 -3.29754e-26  4.18558e-14  8.15572e-26 -4.70286e-14 -1.82182e-25  4.25321e-14  3.67219e-25 -2.88932e-14 -6.67501e-25  1.20292e-14  1.09398e-24  4.19935e-16 -1.61745e-24 -4.66143e-15  2.16089e-24  2.90238e-15 -2.61672e-24 -8.35736e-17  2.88531e-24 -8.76665e-16   -2.911e-24   3.7196e-16  2.69026e-24  1.30407e-16 -2.25194e-24 -1.34658e-16  1.63805e-24 -6.89351e-18 -9.10893e-25  3.37126e-17  1.74521e-25 -1.55813e-18  4.31171e-25 -7.18597e-18 -7.84197e-25  3.62271e-19   8.4798e-25  1.36681e-18 -6.92818e-25   2.2914e-20  4.49208e-25 -2.20875e-19 -2.31921e-25 -2.96169e-20   9.3187e-26  2.65211e-20 -2.74707e-26  8.01274e-21  5.00428e-27 -1.67484e-21  -1.2039e-29 -1.16149e-21 -4.40728e-28 -7.11372e-23  3.03182e-28   8.4586e-23 -1.75398e-28  2.31907e-23  7.55344e-29 -7.72183e-25 -1.89006e-29  -1.5305e-24  7.65259e-31 -2.79604e-25   9.6761e-31  1.04141e-26 -1.80103e-31  1.24674e-26 -3.98535e-32  2.00573e-27  1.39631e-32  3.31867e-29  1.10239e-33 -3.60134e-29 -6.81243e-34 -5.90129e-30 -3.82721e-35 -3.40013e-31  3.21058e-35  1.40281e-32 -1.07678e-36  3.51552e-33  -5.6519e-37  2.20341e-34   3.6809e-38  4.84225e-36  1.96592e-39 -4.93787e-38 -9.77374e-41  -2.0655e-39
-4.89105e-28 -1.35022e-35  4.56134e-26  4.25287e-36  -1.6811e-24  5.74799e-35  3.78795e-23 -9.25574e-36 -6.02982e-22  2.55086e-34  7.29595e-21  3.41828e-34 -7.01153e-20 -7.61184e-34  5.50873e-19  7.33899e-33 -3.61009e-18 -6.41126e-32  2.00199e-17   4.8003e-31 -9.49312e-17 -3.05301e-30  3.87794e-16  1.68152e-29  -1.3717e-15 -8.15316e-29  4.21439e-15  3.52893e-28 -1.12608e-14 -1.37713e-27  2.61516e-14  4.87264e-27  -5.2643e-14 -1.56626e-26  9.13696e-14  4.57129e-26 -1.35533e-13 -1.20917e-25  1.69372e-13  2.89223e-25 -1.74072e-13 -6.24249e-25   1.4067e-13  1.21364e-24 -8.05232e-14 -2.12255e-24  2.12222e-14  3.33716e-24  1.25111e-14 -4.71804e-24 -1.64854e-14  6.00892e-24  5.85666e-15  -6.9233e-24  2.30654e-15  7.27045e-24 -2.83895e-15 -7.03198e-24  3.54595e-16  6.32516e-24  6.93809e-16  -5.2884e-24 -2.56118e-16  4.00475e-24 -1.30388e-16 -2.54066e-24  7.69338e-17   1.0453e-24  2.35742e-17  2.25199e-25  -1.6918e-17 -1.02024e-24 -4.80511e-18  1.25297e-24  2.89905e-18 -1.05461e-24  1.04331e-18  6.76923e-25 -3.51189e-19 -3.36491e-25 -1.97852e-19  1.26464e-25  1.76654e-20 -3.35551e-26  2.73059e-20  5.28902e-27  2.98954e-21 -2.03064e-28 -2.19025e-21 -1.32504e-28 -7.16024e-22  1.71061e-28  2.94807e-23 -1.68478e-28  5.80719e-23  8.86501e-29  1.04567e-23 -2.24413e-29 -1.02469e-24  1.29226e-31 -7.13904e-25  1.36409e-30 -1.01231e-25 -1.63862e-31  5.16652e-27 -8.01831e-32   3.8404e-27  2.09357e-32  5.33944e-28  1.68802e-33   1.2454e-29 -9.48746e-34 -5.91599e-30 -2.38829e-35 -8.75787e-31  3.30153e-35  -4.8838e-32  -1.1581e-36  1.70841e-34 -4.70683e-37  1.65232e-34  2.64205e-38  7.73566e-36  1.02466e-39  1.08141e-37 -2.94869e-41
 -2.2256e-36 -1.76147e-26 -3.88581e-35  9.36977e-25  1.81802e-35 -2.64126e-23  6.39106e-35  4.96392e-22 -4.41483e-35 -6.87313e-21  3.41828e-34  7.41425e-20  5.56299e-34 -6.45522e-19 -4.17756e-33  4.64624e-18  4.35669e-32 -2.81198e-17 -3.68725e-31  1.44866e-16  2.58939e-30 -6.40942e-16 -1.53625e-29   2.4507e-15  7.87818e-29 -8.13146e-15 -3.56728e-28   2.3465e-14  1.45159e-27 -5.89136e-14 -5.37189e-27  1.28495e-13  1.81821e-26 -2.42542e-13 -5.63046e-26  3.93554e-13  1.59048e-25 -5.42979e-13  -4.0807e-25  6.25688e-13  9.46913e-25  -5.8372e-13  -1.9801e-24  4.14099e-13  3.72078e-24 -1.87817e-13 -6.26966e-24  8.60436e-15  9.46098e-24  6.22998e-14 -1.27817e-23 -4.48596e-14  1.54832e-23  4.88901e-15 -1.68978e-23  1.20233e-14  1.67824e-23  -6.4223e-15 -1.54221e-23 -1.34193e-15  1.33764e-23  2.13884e-15 -1.10695e-23 -9.43563e-17  8.59046e-24 -5.15485e-16 -5.87528e-24  7.44687e-17  3.05274e-24  1.09106e-16  -5.6353e-25 -1.68006e-17 -1.08782e-24 -2.14183e-17  1.69931e-24  1.76526e-18 -1.50079e-24  3.72386e-18  9.55673e-25  1.56066e-19 -4.54467e-25 -5.06962e-19  1.56571e-25 -1.00269e-19  -3.5223e-26  4.27456e-20  3.93998e-27  1.88328e-20 -3.70781e-28 -4.29945e-22   4.0769e-28 -1.73252e-21 -5.60376e-29 -3.31217e-22 -1.51042e-28  4.86588e-23  1.04864e-28   3.0286e-23 -2.65121e-29  3.80272e-24 -7.87576e-31 -5.82173e-25  1.81566e-30 -2.59786e-25 -1.28089e-31  -3.0376e-26 -1.26623e-31  1.41587e-27  2.85491e-32  8.73484e-28  1.96449e-33  1.07697e-28 -1.13516e-33  3.43318e-30  -4.5576e-36 -5.94149e-31   3.0138e-35 -8.08122e-32 -9.94048e-37 -3.97666e-33  -3.5493e-37   -4.587e-35  1.60531e-38  2.50574e-36  4.19931e-40  5.19297e-38
 4.50398e-27 -1.15072e-35 -4.23321e-25 -6.26147e-35  1.57292e-23   3.3042e-35 -3.57451e-22  9.29787e-35  5.74097e-21 -1.67434e-34 -7.01153e-20  5.56299e-34  6.80435e-19  1.63708e-33 -5.40099e-18 -2.46736e-32  3.57774e-17  2.57307e-31 -2.00659e-16 -2.07229e-30  9.62874e-16  1.35448e-29 -3.98297e-15 -7.40809e-29  1.42766e-14  3.49172e-28 -4.44845e-14 -1.45778e-27  1.20657e-13  5.51702e-27  -2.8474e-13 -1.92257e-26  5.83195e-13  6.20831e-26 -1.03153e-12 -1.85401e-25  1.56248e-12  5.08519e-25 -1.99959e-12 -1.27064e-24  2.11381e-12  2.87162e-24 -1.77115e-12 -5.83728e-24  1.07241e-12  1.06295e-23 -3.34049e-13 -1.72887e-23 -1.24452e-13  2.50637e-23  2.12241e-13 -3.23516e-23 -9.08768e-14  3.72072e-23 -2.13565e-14 -3.83004e-23  3.85245e-14  3.57082e-23 -8.17229e-15 -3.08612e-23 -8.52162e-15  2.55598e-23  4.30507e-15 -2.08119e-23  1.39575e-15  1.64635e-23 -1.22974e-15 -1.18811e-23 -2.18302e-16  6.94794e-24   2.7258e-16 -2.39411e-24  4.46762e-17 -7.79486e-25 -4.94777e-17  2.12257e-24 -1.13413e-17 -2.01595e-24  6.88083e-18  1.27609e-24  2.55801e-18 -5.76104e-25 -5.70051e-19  1.76871e-25 -4.16053e-19 -2.97293e-26 -9.88223e-21  3.50763e-28  4.12258e-20 -5.03439e-28  9.25217e-21  1.19988e-27 -1.50938e-21   -3.715e-28 -1.00492e-21 -1.29713e-28 -1.15897e-22  1.25643e-28  3.25704e-23 -3.11891e-29  1.24609e-23 -1.88666e-30  1.15203e-24  2.27157e-30  -2.1631e-25 -7.98485e-32 -7.34398e-26 -1.70818e-31 -7.46584e-27  3.55467e-32   2.1125e-28  1.81124e-33  1.39879e-28 -1.20217e-33  1.53764e-29  1.45687e-35  5.73877e-31  2.47952e-35 -2.93328e-32 -6.91209e-37 -3.88646e-33 -2.42544e-37 -1.41474e-34  8.11604e-39 -1.44407e-36  1.15959e-40
 4.81328e-36  1.46659e-25 -2.74086e-35 -7.86507e-24 -7.27815e-35  2.23608e-22  3.09099e-35 -4.24006e-21  2.53494e-34   5.9259e-20 -7.61184e-34 -6.45522e-19  1.63708e-33  5.67808e-18  8.19983e-33 -4.13102e-17 -1.51728e-31  2.52852e-16  1.54222e-30 -1.31817e-15 -1.16606e-29  5.90543e-15  7.01171e-29 -2.28798e-14 -3.49033e-28  7.69838e-14  1.48977e-27 -2.25475e-13 -5.63905e-27  5.75146e-13   1.9525e-26 -1.27599e-12 -6.32884e-26  2.45338e-12  1.93871e-25  -4.0624e-12 -5.58562e-25  5.73335e-12  1.49369e-24 -6.78182e-12 -3.65425e-24  6.53207e-12  8.08402e-24 -4.84053e-12 -1.60409e-23   2.3798e-12   2.8397e-23 -2.84217e-13 -4.46829e-23 -6.63148e-13  6.23189e-23  5.59574e-13   -7.688e-23 -1.05068e-13  8.38404e-23  -1.3004e-13   -8.108e-23   8.7999e-14  7.03858e-23   7.7926e-15 -5.65043e-23 -2.70217e-14  4.41494e-23  3.86153e-15 -3.52266e-23  6.19995e-15  2.84714e-23 -1.60847e-15 -2.15642e-23  -1.2878e-15  1.36123e-23  3.64872e-16 -5.82407e-24  2.59854e-16  1.54391e-25 -5.31284e-17  2.44671e-24 -4.86856e-17  -2.5808e-24  2.95286e-18   1.6264e-24  7.46188e-18 -6.91148e-25   7.6672e-19   1.8162e-25 -7.73987e-19 -1.52447e-26 -2.28945e-19 -5.71331e-27  3.18238e-20 -6.23779e-28  2.69844e-20  2.23123e-27  3.15642e-21 -7.55205e-28 -1.22396e-21 -1.11074e-28 -4.55478e-22  1.51115e-28 -3.05145e-23 -3.63502e-29   1.4634e-23 -2.96105e-30  4.09793e-24  2.64709e-30  3.01177e-25 -2.75227e-32 -5.57981e-26  -2.0356e-31 -1.57468e-26  4.05844e-32 -1.44092e-27  1.25439e-33  7.77914e-30 -1.14862e-33  1.45303e-29  2.84426e-35  1.39992e-30  1.87357e-35  5.12859e-32 -3.76223e-37 -2.83847e-34 -1.48635e-37 -6.67826e-35  3.25823e-39 -9.82163e-37
-3.38379e-26   9.6514e-36  3.20643e-24 -4.79489e-35 -1.20162e-22 -4.51003e-35   2.7552e-21 -1.37091e-34  -4.4666e-20  1.24549e-33  5.50873e-19 -4.17756e-33 -5.40099e-18  8.19983e-33  4.33334e-17  5.04528e-32 -2.90304e-16 -9.70327e-31  1.64758e-15  9.42286e-30 -8.00515e-15 -6.60278e-29  3.35518e-14  3.62211e-28 -1.21946e-13 -1.62774e-27  3.85611e-13  6.21858e-27 -1.06244e-12  -2.0968e-26  2.54974e-12  6.49744e-26 -5.31771e-12  -1.9202e-25  9.59311e-12  5.51898e-25 -1.48515e-11 -1.53302e-24  1.94815e-11  4.01972e-24 -2.12021e-11 -9.70087e-24  1.84329e-11  2.11495e-23 -1.17961e-11 -4.11813e-23  4.23461e-12  7.11432e-23  8.84953e-13 -1.08587e-22 -2.22916e-12  1.45949e-22  1.13728e-12 -1.72216e-22  1.19623e-13  1.77959e-22 -4.23548e-13 -1.61107e-22  1.30171e-13  1.29062e-22  8.18593e-14 -9.46946e-23 -5.71328e-14  6.86118e-23 -1.02703e-14 -5.34877e-23  1.56271e-14   4.4641e-23   9.7293e-16 -3.56713e-23 -3.47542e-15  2.39071e-23 -1.84997e-16 -1.14249e-23   6.6125e-16  1.96033e-24   7.6839e-17  2.60263e-24 -1.02169e-16 -3.17762e-24 -2.41897e-17  1.99494e-24   1.0878e-17 -7.91442e-25   4.8894e-18  1.67882e-25 -3.98089e-19   8.3729e-27 -5.95048e-19 -1.39914e-26 -8.20342e-20 -7.68066e-28  3.36701e-20  3.44849e-27  1.33711e-20 -1.17733e-27  6.16703e-22 -9.89836e-29 -6.46246e-22  1.79389e-28  -1.6616e-22 -4.15633e-29 -6.09581e-24 -3.74566e-30   4.8041e-24   2.8419e-30  1.07208e-24  2.17374e-32  6.88255e-26 -2.17668e-31 -9.78521e-27  4.26785e-32 -2.44554e-27  4.53377e-34 -2.02548e-28 -1.00549e-33 -2.63851e-30  3.40217e-35  8.47806e-31  1.33099e-35  6.84034e-32 -1.36782e-37  1.94386e-33  -7.9231e-38  1.02358e-35  9.06429e-40
 1.75027e-36 -1.00726e-24  1.37226e-35  5.44813e-23   -8.879e-35 -1.56284e-21  1.97164e-34  2.99131e-20 -1.50563e-33 -4.22177e-19  7.33899e-33  4.64624e-18 -2.46736e-32 -4.13102e-17  5.04528e-32  3.03953e-16  3.34273e-31 -1.88257e-15  -6.3253e-30  9.93713e-15  5.75861e-29 -4.51057e-14 -3.71212e-28  1.77191e-13  1.85559e-27 -6.04987e-13 -7.52972e-27   1.7997e-12  2.56607e-26 -4.66753e-12 -7.61081e-26  1.05413e-11  2.05871e-25 -2.06629e-11 -5.38058e-25  3.49456e-11   1.4214e-24  -5.0497e-11 -3.79592e-24   6.1373e-11  9.84566e-24 -6.10824e-11 -2.37074e-23  4.72979e-11  5.14232e-23 -2.51022e-11 -9.89221e-23  4.71335e-12  1.67527e-22  5.69924e-12 -2.48772e-22 -5.76851e-12  3.22867e-22  1.54366e-12 -3.64805e-22  1.11738e-12  3.57152e-22 -9.83455e-13 -3.01773e-22  2.05141e-14  2.20906e-22  2.76963e-13 -1.44888e-22 -6.99164e-14  9.46633e-23 -5.92959e-14 -7.19369e-23  2.41895e-14  6.34786e-23  1.18296e-14 -5.43341e-23 -5.53511e-15  3.84733e-23 -2.44061e-15 -1.96644e-23  9.22374e-16  4.82499e-24  4.97687e-16  2.54449e-24 -9.52571e-17 -3.79105e-24 -8.64267e-17  2.37025e-24 -2.44771e-19 -8.72686e-25  1.07018e-17  1.36918e-25  2.01158e-18  3.91929e-26 -6.94443e-19 -2.37579e-26 -3.26541e-19 -9.48727e-28 -1.23802e-20  4.75815e-27  2.08535e-20 -1.60275e-27  5.24752e-21 -9.35434e-29 -2.95594e-23  2.06559e-28 -2.52727e-22 -4.60254e-29  -4.9443e-23 -4.01485e-30 -1.04137e-24  2.77295e-30  1.16495e-24  6.31604e-32  2.17964e-25 -2.10221e-31  1.31689e-26  4.15228e-32 -1.07053e-27 -3.68496e-34 -2.54939e-28 -8.18285e-34 -1.85458e-29  3.12792e-35 -4.09488e-31  9.08341e-36  2.05542e-32 -1.54235e-39  1.25231e-33 -3.43844e-38   1.4275e-35
 2.11582e-25  2.00268e-36 -2.02217e-23  3.24547e-35   7.6463e-22 -3.32415e-34 -1.76973e-20  1.95422e-33  2.89726e-19 -1.04883e-32 -3.61009e-18  4.35669e-32  3.57774e-17 -1.51728e-31 -2.90304e-16  3.34273e-31  1.96797e-15  2.25248e-30 -1.13086e-14 -4.05646e-29  5.56687e-14  3.42238e-28 -2.36562e-13 -2.02827e-27  8.72415e-13  9.28432e-27 -2.80164e-12 -3.42684e-26  7.84706e-12  1.04811e-25 -1.91661e-11 -2.72828e-25   4.0737e-11   6.3056e-25 -7.50193e-11  -1.3961e-24  1.18812e-10   3.2591e-24 -1.59903e-10 -8.30452e-24  1.79331e-10  2.16484e-23 -1.61886e-10 -5.30192e-23  1.09424e-10  1.16057e-22 -4.44651e-11 -2.22557e-22 -3.48215e-12  3.71476e-22  1.94208e-11 -5.38445e-22 -1.17695e-11  6.76182e-22  8.70261e-14 -7.32559e-22  3.83122e-12  6.79747e-22  -1.5983e-12 -5.34833e-22 -6.04463e-13  3.53962e-22  6.15924e-13  -2.0096e-22  3.36326e-14  1.12248e-22 -1.61217e-13 -8.29747e-23  8.25946e-15  8.14493e-23  3.57334e-14 -7.67901e-23 -2.16159e-15  5.75388e-23 -7.07481e-15 -3.07813e-23 -3.40312e-17  8.82142e-24  1.19609e-15   2.2566e-24   1.4642e-16 -4.40177e-24   -1.515e-16  2.73823e-24 -4.36997e-17 -9.34837e-25  1.04106e-17   9.4584e-26  6.73611e-18  7.33828e-26  3.38445e-19 -3.39946e-26 -5.18135e-19 -1.12759e-27 -1.36672e-19  6.03804e-27   6.0123e-21 -1.99432e-27  9.42417e-21 -9.23226e-29  1.67499e-21  2.27511e-28 -7.03324e-23 -4.86276e-29 -7.56894e-23 -3.67939e-30 -1.19852e-23  2.40733e-30 -2.10744e-25  9.41222e-32  2.03516e-25 -1.83246e-31  3.29017e-26  3.75325e-32  1.91008e-27 -1.01112e-33 -5.75377e-29 -6.28005e-34 -1.57358e-29  2.28854e-35 -9.28842e-31  5.98502e-36  -1.9159e-32  4.60317e-38  6.60444e-35  -1.0365e-38
 1.65287e-36  5.80323e-24 -1.11846e-35 -3.16721e-22  2.31376e-34  9.17108e-21 -2.21074e-33 -1.77269e-19  1.36146e-32  2.52772e-18 -6.41126e-32 -2.81198e-17  2.57307e-31  2.52852e-16 -9.70327e-31 -1.88257e-15  2.25248e-30  1.18057e-14  1.47631e-29 -6.31355e-14 -2.48123e-28  2.90548e-13  1.93295e-27 -1.15806e-12   -1.057e-26  4.01519e-12  4.46384e-26 -1.21406e-11 -1.51425e-25  3.20392e-11  4.20736e-25 -7.37208e-11 -9.69922e-25  1.47452e-10  1.89652e-24 -2.54939e-10 -3.36883e-24  3.77552e-10   6.4147e-24 -4.71941e-10 -1.52721e-23  4.85796e-10  4.14693e-23 -3.93211e-10 -1.07233e-22  2.24514e-10  2.42416e-22  -5.6631e-11 -4.69199e-22 -3.94551e-11   7.7689e-22  4.99397e-11 -1.10299e-21 -1.75435e-11  1.34301e-21   -7.497e-12 -1.39704e-21  9.12752e-12  1.22962e-21 -1.15743e-12 -8.99645e-22 -2.32333e-12  5.32229e-22  8.92602e-13 -2.48746e-22  4.46622e-13  1.04388e-22 -2.80874e-13 -7.48177e-23 -8.15888e-14  9.29992e-23  6.47448e-14 -1.01338e-22  1.70414e-14  8.07953e-23 -1.17217e-14 -4.46809e-23 -3.90046e-15  1.38706e-23  1.53246e-15  1.74829e-24  7.89517e-16 -4.97491e-24 -9.51471e-17  3.07764e-24 -1.16609e-16 -9.81322e-25 -1.04644e-17  5.05482e-26  1.01223e-17   1.0594e-25  3.05818e-18 -4.36323e-26   -1.981e-19 -1.22598e-27 -2.68059e-19  7.16056e-27 -4.48867e-20  -2.3146e-27  5.46397e-21 -9.30305e-29  3.30073e-21  2.37272e-28   4.4333e-22 -4.81923e-29 -2.70124e-23 -2.83024e-30 -1.73262e-23  1.77903e-30 -2.31905e-24  1.13425e-31 -5.13701e-26 -1.42716e-31   2.4154e-26  3.16299e-32  3.42164e-27 -1.36148e-33  1.83485e-28 -4.60166e-34  3.01401e-32  1.27935e-35 -4.55475e-31   3.7153e-36 -1.78725e-32  4.18441e-38 -1.58278e-34
-1.11685e-24  8.96272e-36  1.07706e-22 -1.59696e-34 -4.11115e-21  1.97262e-33  9.60932e-20 -1.53895e-32 -1.58946e-18  8.41733e-32  2.00199e-17 -3.68725e-31 -2.00659e-16  1.54222e-30  1.64758e-15  -6.3253e-30 -1.13086e-14  1.47631e-29  6.58366e-14  9.13427e-29 -3.28575e-13 -1.42106e-27  1.41663e-12  1.02346e-26 -5.30489e-12 -5.18985e-26  1.73143e-11  2.03701e-25 -4.93382e-11 -6.41446e-25  1.22747e-10  1.64105e-24  -2.6612e-10 -3.40513e-24  5.00743e-10  5.66947e-24 -8.12087e-10 -7.61894e-24  1.12248e-09  9.77201e-24 -1.29852e-09 -2.00767e-23  1.21808e-09  6.39982e-23 -8.69198e-10 -1.91414e-22  3.94558e-10  4.66028e-22 -1.22231e-11 -9.26947e-22 -1.41585e-10  1.53457e-21   1.0249e-10 -2.14168e-21 -1.13032e-11  2.53312e-21  -2.8688e-11 -2.53332e-21  1.58721e-11  2.11728e-21  3.14561e-12 -1.43981e-21 -5.48757e-12  7.52529e-22  3.53518e-13 -2.65181e-22  1.36395e-12  4.80659e-23 -2.38426e-13 -3.27796e-23 -2.98051e-13  9.14028e-23  5.72746e-14  -1.2564e-22  6.10361e-14  1.07397e-22 -7.38383e-15 -6.08748e-23 -1.12335e-14  1.97236e-23 -9.51709e-17  1.04107e-24  1.64401e-15 -5.44887e-24  2.73781e-16   3.3572e-24 -1.53983e-16 -1.01769e-24  -5.9753e-17  1.64151e-26  3.42832e-18  1.31829e-25  6.06994e-18 -5.17705e-26  1.02418e-18 -1.17687e-27 -2.03864e-19  8.02087e-27 -1.06359e-19 -2.52761e-27 -1.18011e-20 -9.58776e-29  2.34472e-21   2.3246e-28  9.11685e-22 -4.38429e-29  9.83279e-23  -1.7052e-30 -5.88767e-24  9.81251e-31  -2.9518e-24  1.20959e-31 -3.42278e-25 -9.64919e-32 -9.98948e-27  2.49089e-32  1.74475e-27 -1.41236e-33  2.17374e-28  -3.2416e-34  9.70107e-30  4.46561e-36  1.05594e-31   2.0578e-36 -3.40788e-33  2.01848e-38
-2.98331e-36 -2.83883e-23  9.46696e-35  1.56403e-21  -1.5462e-33 -4.57381e-20  1.50034e-32  8.93255e-19 -9.81339e-32 -1.28756e-17   4.8003e-31  1.44866e-16 -2.07229e-30 -1.31817e-15  9.42286e-30  9.93713e-15 -4.05646e-29 -6.31355e-14  9.13427e-29  3.42308e-13  5.25582e-28 -1.59822e-12 -7.55838e-27  6.46804e-12  5.04885e-26 -2.27904e-11 -2.38583e-25  7.01005e-11  8.75674e-25   -1.884e-10  -2.5804e-24  4.42058e-10   6.1498e-24 -9.03042e-10 -1.16897e-23  1.59774e-09  1.69142e-23 -2.42749e-09 -1.63736e-23  3.12404e-09  6.40201e-24 -3.32903e-09 -1.14004e-24   2.8179e-09  5.68826e-23 -1.72617e-09 -2.84369e-22  5.41976e-10  8.16211e-22  2.13596e-10 -1.71534e-21 -3.66879e-10  2.86686e-21  1.62341e-10 -3.94714e-21  3.63451e-11  4.54169e-21 -7.11353e-11 -4.37116e-21  1.68072e-11  3.47323e-21  1.58925e-11 -2.19637e-21 -8.91217e-12  1.00233e-21 -2.51511e-12 -2.20509e-22  2.62875e-12  -8.2013e-23  3.60682e-13  5.76553e-23 -6.08143e-13  7.04756e-23 -7.36593e-14 -1.47379e-22  1.16976e-13  1.36095e-22  2.14049e-14 -7.84757e-23 -1.76764e-14  2.59645e-23 -5.53677e-15  1.56092e-25  1.71245e-15 -5.73216e-24  1.00861e-15  3.53714e-24 -1.88296e-17 -1.05038e-24 -1.11704e-16  3.06766e-27 -2.11042e-17  1.47239e-25  5.09195e-18 -5.78059e-26  2.69315e-18  -9.9395e-28  2.45028e-19  8.55935e-27 -1.02304e-19 -2.60242e-27 -3.35955e-20 -1.04022e-28 -2.55864e-21  2.12329e-28  6.75627e-22 -3.53776e-29  1.97421e-22 -5.97101e-31   1.8097e-23  1.38293e-31 -7.54459e-25  1.17886e-31  -3.5497e-25 -5.21211e-32 -3.56871e-26  1.83418e-32 -1.19404e-27 -1.23853e-33  6.10358e-29  -2.1904e-34  6.80334e-30 -3.75676e-37  1.98575e-31  9.34406e-37  1.25044e-33
 5.02786e-24 -4.33515e-35 -4.89491e-22  1.01386e-33  1.88699e-20 -1.27111e-32 -4.45656e-19  1.01032e-31  7.45187e-18 -5.69833e-31 -9.49312e-17  2.58939e-30  9.62874e-16 -1.16606e-29 -8.00515e-15  5.75861e-29  5.56687e-14 -2.48123e-28 -3.28575e-13  5.25582e-28   1.6637e-12  2.79752e-27 -7.28295e-12  -3.7256e-26  2.77147e-11  2.31678e-25  -9.2009e-11 -1.02456e-24  2.66973e-10  3.53317e-24 -6.77155e-10 -9.80101e-24  1.49891e-09  2.19517e-23 -2.88468e-09 -3.88029e-23  4.79549e-09  5.01015e-23 -6.81474e-09 -3.41814e-23  8.14025e-09 -2.78573e-23 -7.94128e-09    1.103e-22  5.98043e-09 -8.66579e-23 -3.00237e-09  -2.8653e-22  3.78037e-10   1.2771e-21  8.64396e-10 -2.97072e-21 -7.60051e-10  5.07269e-21  1.58923e-10 -6.91331e-21   1.7695e-10  7.74563e-21  -1.3082e-10 -7.17838e-21 -6.80377e-12    5.429e-21  4.07569e-11 -3.19725e-21 -7.68935e-12   1.2599e-21 -9.45096e-12 -8.43615e-23  3.08287e-12 -3.06894e-22  1.99615e-12  2.06422e-22 -7.37113e-13  2.68379e-23 -4.20029e-13 -1.65162e-22  1.21187e-13  1.65494e-22  8.45704e-14 -9.62467e-23 -1.06737e-14  3.20292e-23  -1.4235e-14 -8.90786e-25 -7.43671e-16 -5.71326e-24  1.66678e-15  3.57681e-24  3.99943e-16 -1.08571e-24 -9.12823e-17  1.77729e-26 -5.58433e-17  1.50606e-25  -4.5129e-18 -6.14467e-26  3.03251e-18 -8.12013e-28  9.38704e-19  8.76831e-27  3.64649e-20 -2.51955e-27 -3.56789e-20 -1.21735e-28 -8.55708e-21  1.79094e-28 -4.81696e-22 -2.34743e-29   1.3766e-22    2.496e-31  3.26326e-23   -6.298e-31   2.6445e-24  1.06767e-31 -4.32835e-26 -1.52627e-32 -2.75354e-26  1.26117e-32 -2.32783e-27 -9.50387e-34  -7.3509e-29 -1.40076e-34  4.50001e-31 -1.93113e-36  6.20119e-32  2.95386e-37
 1.22887e-35  1.18932e-22 -5.44917e-34 -6.61798e-21  9.20636e-33  1.95558e-19 -9.12898e-32 -3.86101e-18  6.09976e-31  5.62911e-17 -3.05301e-30 -6.40942e-16  1.35448e-29  5.90543e-15 -6.60278e-29 -4.51057e-14  3.42238e-28  2.90548e-13 -1.42106e-27 -1.59822e-12  2.79752e-27  7.57644e-12  1.37708e-26 -3.11579e-11 -1.70341e-25  1.11664e-10   9.8964e-25 -3.49698e-10 -4.11014e-24  9.58013e-10  1.33649e-23 -2.29442e-09 -3.50477e-23  4.79188e-09  7.42185e-23   -8.685e-09 -1.23354e-22   1.3552e-08  1.45687e-22 -1.79755e-08 -7.13307e-23  1.98496e-08 -1.60739e-22 -1.75799e-08  4.96629e-22  1.15277e-08 -6.46724e-22 -4.31034e-09  8.41613e-23 -8.08213e-10  1.70998e-21  2.29979e-09 -4.80833e-21 -1.25712e-09  8.51494e-21 -8.40292e-11 -1.15201e-20  4.67802e-10  1.25698e-20  -1.6738e-10 -1.12172e-20 -8.64535e-11  8.08315e-21  7.25494e-11 -4.44398e-21  8.46058e-12  1.49775e-21 -2.02324e-11    1.649e-22   8.4976e-15 -6.35617e-22  4.66648e-12  4.14362e-22 -5.89589e-14  -3.7877e-23 -9.41887e-13 -1.79447e-22 -4.72374e-14  1.94352e-22  1.58999e-13 -1.12694e-22  2.67078e-14  3.72421e-23 -1.94929e-14 -2.08509e-24 -6.78674e-15 -5.28378e-24  1.14415e-15  3.44682e-24  9.69154e-16 -1.12918e-24  8.57415e-17  6.17765e-26 -6.69865e-17  1.43051e-25 -2.11409e-17 -6.26426e-26 -3.92557e-20 -8.59505e-28  1.23932e-18  8.67985e-27  2.64515e-19 -2.27875e-27  1.12492e-21 -1.51398e-28  -9.2553e-21  1.37465e-28 -1.74906e-21 -9.61091e-30 -8.26502e-23  7.08303e-31  1.94377e-23 -1.23499e-30  3.91227e-24   9.1098e-32  2.81828e-25   1.0996e-32  1.37343e-27  8.07229e-33 -1.17646e-27 -6.48636e-34 -7.69275e-29 -8.26656e-35 -1.68636e-30  -1.5539e-36 -4.81686e-33
-1.94437e-23  2.21096e-34  1.91197e-21 -5.61481e-33 -7.44809e-20  7.16779e-32  1.77838e-18 -5.81446e-31 -3.00785e-17  3.34172e-30  3.87794e-16 -1.53625e-29 -3.98297e-15  7.01171e-29  3.35518e-14 -3.71212e-28 -2.36562e-13  1.93295e-27  1.41663e-12 -7.55838e-27 -7.28295e-12  1.37708e-26  3.23968e-11  6.28147e-26 -1.25387e-10 -7.24061e-25  4.23791e-10   3.9426e-24 -1.25329e-09 -1.54218e-23  3.24404e-09  4.74129e-23 -7.33898e-09 -1.17879e-22  1.44611e-08  2.36955e-22 -2.46698e-08 -3.73001e-22  3.60837e-08  4.10604e-22 -4.45548e-08 -1.52572e-22  4.52433e-08 -5.58569e-22 -3.59516e-08  1.58521e-21  1.98087e-08 -2.25939e-21 -4.18064e-09   1.4708e-21 -4.37151e-09  1.72896e-21  4.83738e-09 -7.26038e-21 -1.49379e-09  1.35851e-20  -8.7725e-10 -1.82822e-20  9.08058e-10  1.94107e-20 -7.21258e-11 -1.66672e-20 -2.52345e-10  1.14533e-20  8.39213e-11 -5.89887e-21  5.26131e-11  1.68974e-21 -2.86043e-11  5.30084e-22 -1.02785e-11   -1.059e-21  6.86103e-12   6.7029e-22  2.19825e-12 -1.15582e-22 -1.26045e-12 -1.93217e-22 -4.96302e-13  2.21842e-22  1.60898e-13 -1.26185e-22  9.81988e-14  4.08756e-23 -7.84054e-15 -3.40645e-24 -1.40814e-14 -4.36905e-24 -1.72368e-15  3.14175e-24  1.14358e-15 -1.18433e-24  4.01803e-16  1.29181e-25 -9.56355e-18  1.28001e-25 -3.17228e-17 -6.14832e-26 -6.29119e-18 -1.35842e-27  4.07586e-19  8.34202e-27  3.83146e-19 -1.90492e-27  6.11977e-20 -1.91183e-28 -8.69614e-22  9.35449e-29 -1.79596e-21  4.28795e-30 -2.79893e-22  7.84623e-31 -1.25486e-23 -1.63278e-30  1.76858e-24  7.42702e-32  3.12505e-25  2.60569e-32   1.9205e-26  4.78848e-33  3.00699e-28 -3.97237e-34 -1.99036e-29 -4.32764e-35 -7.76137e-31 -6.69256e-37
-5.89094e-35 -4.29285e-22  2.78122e-33  2.41399e-20 -4.83373e-32 -7.21205e-19  4.88151e-31  1.44038e-17 -3.32302e-30  -2.1254e-16  1.68152e-29   2.4507e-15 -7.40809e-29 -2.28798e-14  3.62211e-28  1.77191e-13 -2.02827e-27 -1.15806e-12  1.02346e-26  6.46804e-12  -3.7256e-26 -3.11579e-11  6.28147e-26  1.30321e-10  2.66269e-25 -4.75466e-10  -2.8691e-24  1.51747e-09  1.46826e-23 -4.24176e-09  -5.4218e-23  1.03801e-08  1.57923e-22 -2.21875e-08 -3.72995e-22  4.12407e-08  7.13471e-22 -6.61668e-08 -1.06837e-21  9.05612e-08  1.10962e-21 -1.03739e-07 -3.36453e-22   9.6189e-08  -1.5924e-21 -6.73984e-08   4.2842e-21  2.91732e-08 -6.21683e-21   9.3743e-10  5.14023e-21 -1.23044e-08  5.42124e-22  8.27955e-09 -1.02052e-20  -5.4588e-10   2.0648e-20 -2.58977e-09 -2.76549e-20  1.30804e-09  2.85111e-20  3.43856e-10 -2.35199e-20 -4.90828e-10  1.54233e-20  1.41896e-11 -7.47764e-21  1.28842e-10  1.82068e-21 -1.83851e-11  9.88248e-22 -2.92833e-11 -1.54812e-21  4.70006e-12  9.51061e-22  6.14807e-12 -1.91605e-22 -5.64393e-13 -2.12152e-22 -1.14514e-12  2.47656e-22 -4.01727e-14 -1.35085e-22  1.67141e-13  4.22407e-23  3.26157e-14 -4.82632e-24  -1.5068e-14 -2.95711e-24 -6.60864e-15  2.68832e-24  1.75165e-16 -1.25127e-24  6.34243e-16  2.07705e-25  1.23675e-16  1.10041e-25 -1.73042e-17 -5.81232e-26 -1.12637e-17 -2.39143e-27 -1.50553e-18  7.79675e-27   1.8441e-19 -1.44796e-27  9.19491e-20 -2.34803e-28  1.16614e-20  5.33912e-29  -1.9843e-22  1.63454e-29 -2.53583e-22  5.82986e-31 -3.33511e-23 -1.81839e-30 -1.47941e-24  5.85923e-32    8.828e-26  3.12788e-32  1.44169e-26  2.61732e-33  6.74469e-28 -2.19044e-34  9.86325e-30 -1.88102e-35 -4.17445e-32
