 5.28817e-05 -8.95584e-21 -0.000402101  1.50802e-19   0.00102035 -7.11502e-19  -0.00121719  1.63833e-18   0.00059439 -2.18431e-18  0.000111496  1.76639e-18 -0.000217352 -8.08621e-19  3.09311e-05  1.38609e-19   2.9817e-05  3.47691e-20 -6.77522e-06 -1.46978e-20 -5.47074e-07
-8.95584e-21  0.000597558 -8.70846e-20  -0.00243187  1.02015e-18   0.00430113 -3.54702e-18  -0.00361646  6.34955e-18   0.00081964 -6.82817e-18   0.00084709  4.53006e-18 -0.000520722 -1.66226e-18 -4.57252e-05  1.60528e-19  8.06875e-05   9.1188e-20 -6.65435e-06  -1.8539e-20
-0.000402101 -8.70846e-20   0.00315469 -4.99359e-19  -0.00837807   4.0397e-18    0.0107323 -1.05058e-17  -0.00608382   1.4892e-17 -0.000430908 -1.32716e-17   0.00220019  7.53475e-18 -0.000624237 -2.34051e-18 -0.000253085  1.05143e-19   0.00011664  1.26265e-19 -1.72284e-06
 1.50802e-19  -0.00243187 -4.99359e-19    0.0103539 -1.81956e-18   -0.0195831  1.04911e-17    0.0184423 -2.08308e-17  -0.00609561   2.3998e-17  -0.00358646 -1.86669e-17    0.0034828  9.78513e-18  -0.00030355 -2.76889e-18 -0.000488428  3.38317e-20  0.000111345  1.06819e-19
  0.00102035  1.02015e-18  -0.00837807 -1.81956e-18    0.0237653 -4.45013e-18   -0.0336765  1.85882e-17    0.0232001 -2.83199e-17  -0.00217769  2.76513e-17  -0.00754967  -2.0838e-17   0.00394465  1.11661e-17  0.000316015  -2.9734e-18 -0.000616768 -1.70433e-20  7.30707e-05
-7.11502e-19   0.00430113   4.0397e-18   -0.0195831 -4.45013e-18    0.0408371 -7.42474e-18   -0.0449529  2.15943e-17    0.0219528 -2.41876e-17   0.00445928  2.24811e-17   -0.0106715 -2.03408e-17   0.00348054  1.19506e-17  0.000898203  -2.8138e-18  -0.00057924 -7.25757e-20
 -0.00121719 -3.54702e-18    0.0107323  1.04911e-17   -0.0336765 -7.42474e-18    0.0552783 -7.75977e-18   -0.0488598  1.11502e-17    0.0155507 -4.74058e-18    0.0111371  1.12549e-17   -0.0121694 -1.91696e-17   0.00257337  1.19611e-17   0.00117423  -2.2693e-18 -0.000383909
 1.63833e-18  -0.00361646 -1.05058e-17    0.0184423  1.85882e-17   -0.0449529 -7.75977e-18    0.0619142 -1.96275e-18   -0.0456701 -1.54952e-17   0.00747408   2.4208e-17    0.0160163  1.61101e-19   -0.0123755 -1.81992e-17   0.00179048  1.04866e-17   0.00103824 -7.77273e-19
  0.00059439  6.34955e-18  -0.00608382 -2.08308e-17    0.0232001  2.15943e-17   -0.0488598 -1.96275e-18    0.0607374  1.09557e-17   -0.0392801 -5.16446e-17  0.000668119    5.143e-17    0.0188887 -6.35197e-18    -0.012039  -1.7267e-17   0.00146865  8.70154e-18  0.000549412
-2.18431e-18   0.00081964   1.4892e-17  -0.00609561 -2.83199e-17    0.0219528  1.11502e-17   -0.0456701  1.09557e-17    0.0557573  2.79502e-17   -0.0334366 -8.52714e-17  -0.00390375  6.83613e-17    0.0204078 -8.09631e-18   -0.0117019 -1.37565e-17   0.00159674   2.7403e-20
 0.000111496 -6.82817e-18 -0.000430908   2.3998e-17  -0.00217769 -2.41876e-17    0.0155507 -1.54952e-17   -0.0392801  2.79502e-17    0.0510081  4.36753e-17   -0.0297526  -1.0667e-16  -0.00655835  7.16608e-17    0.0211505 -3.10488e-18   -0.0113694 -1.70188e-17   0.00158999
 1.76639e-18   0.00084709 -1.32716e-17  -0.00358646  2.76513e-17   0.00445928 -4.74058e-18   0.00747408 -5.16446e-17   -0.0334366  4.36753e-17    0.0483585  5.40278e-17   -0.0282867 -1.13502e-16  -0.00772176   6.6492e-17    0.0210238 -8.27939e-18   -0.0101289  2.24947e-17
-0.000217352  4.53006e-18   0.00220019 -1.86669e-17  -0.00754967  2.24811e-17    0.0111371   2.4208e-17  0.000668119 -8.52714e-17   -0.0297526  5.40278e-17    0.0480322  5.65855e-17   -0.0288366 -1.01956e-16  -0.00710804  3.68438e-17    0.0187039  2.97281e-17  -0.00646795
-8.08621e-19 -0.000520722  7.53475e-18    0.0034828  -2.0838e-17   -0.0106715  1.12549e-17    0.0160163    5.143e-17  -0.00390375  -1.0667e-16   -0.0282867  5.65855e-17    0.0499353  5.71107e-17   -0.0318957 -9.79156e-17  -0.00302982  7.17435e-17     0.012164 -1.31432e-16
 3.09311e-05 -1.66226e-18 -0.000624237  9.78513e-18   0.00394465 -2.03408e-17   -0.0121694  1.61101e-19    0.0188887  6.83613e-17  -0.00655835 -1.13502e-16   -0.0288366  5.71107e-17    0.0546564  3.15104e-17   -0.0393921 -1.49071e-17    0.0067927 -8.44112e-17   0.00287031
 1.38609e-19 -4.57252e-05 -2.34051e-18  -0.00030355  1.11661e-17   0.00348054 -1.91696e-17   -0.0123755 -6.35197e-18    0.0204078  7.16608e-17  -0.00772176 -1.01956e-16   -0.0318957  3.15104e-17    0.0642116  8.56801e-17   -0.0535861 -1.99854e-16    0.0195462  4.26574e-16
  2.9817e-05  1.60528e-19 -0.000253085 -2.76889e-18  0.000316015  1.19506e-17   0.00257337 -1.81992e-17    -0.012039 -8.09631e-18    0.0211505   6.6492e-17  -0.00710804 -9.79156e-17   -0.0393921  8.56801e-17    0.0808118 -1.30699e-16   -0.0701545  2.78464e-16    0.0222213
 3.47691e-20  8.06875e-05  1.05143e-19 -0.000488428  -2.9734e-18  0.000898203  1.19611e-17   0.00179048  -1.7267e-17   -0.0117019 -3.10488e-18    0.0210238  3.68438e-17  -0.00302982 -1.49071e-17   -0.0535861 -1.30699e-16    0.0994555  4.31684e-16   -0.0715988 -8.80565e-16
-6.77522e-06   9.1188e-20   0.00011664  3.38317e-20 -0.000616768  -2.8138e-18   0.00117423  1.04866e-17   0.00146865 -1.37565e-17   -0.0113694 -8.27939e-18    0.0187039  7.17435e-17    0.0067927 -1.99854e-16   -0.0701545  4.31684e-16      0.10071 -6.88257e-16   -0.0438117
-1.46978e-20 -6.65435e-06  1.26265e-19  0.000111345 -1.70433e-20  -0.00057924  -2.2693e-18   0.00103824  8.70154e-18   0.00159674 -1.70188e-17   -0.0101289  2.97281e-17     0.012164 -8.44112e-17    0.0195462  2.78464e-16   -0.0715988 -6.88257e-16     0.068222  1.09006e-15
-5.47074e-07  -1.8539e-20 -1.72284e-06  1.06819e-19  7.30707e-05 -7.25757e-20 -0.000383909 -7.77273e-19  0.000549412   2.7403e-20   0.00158999  2.24947e-17  -0.00646795 -1.31432e-16   0.00287031  4.26574e-16    0.0222213 -8.80565e-16   -0.0438117  1.09006e-15      0.02215
