 5.70488e-35 -1.36321e-51 -3.99451e-35  7.11506e-51 -3.23751e-36  1.32583e-50  1.23808e-35  2.31503e-51 -3.53552e-36  2.54001e-49 -2.98805e-36 -6.12321e-49 -1.63257e-36  4.16035e-48   1.4507e-36 -5.18072e-48  6.89665e-37  4.75201e-47  -2.6878e-37 -2.12429e-46  4.95148e-38  4.86023e-46 -5.36571e-37  1.31148e-45  2.72295e-37  4.41132e-47  6.03833e-39  -1.8064e-45  1.49701e-38 -5.73707e-45 -2.96535e-38  1.92487e-44  2.02752e-38  2.01873e-44 -9.01688e-40 -2.45779e-44 -3.84522e-39  9.12218e-44 -3.66002e-42 -3.60454e-44  1.29453e-39  2.00367e-44 -1.43115e-39   1.9611e-44   5.5558e-40  3.78109e-44  -2.8107e-42  2.18001e-44  1.45592e-40 -3.30902e-44 -1.10741e-40  3.58593e-44  1.64641e-41  -2.1899e-44 -4.22146e-41 -2.30042e-46  6.64457e-41  2.81403e-44 -1.66789e-40  9.51752e-45  4.66698e-40  -1.2725e-44 -1.20461e-39  9.72894e-46  2.84325e-39 -3.01171e-44 -6.13406e-39   8.1131e-44  1.20537e-38 -1.89685e-43 -2.14718e-38  4.29614e-43  3.44732e-38 -9.08643e-43 -4.95223e-38  1.79586e-42  6.30633e-38 -3.31032e-42 -7.03189e-38  5.68241e-42  6.75094e-38 -9.06566e-42 -5.44615e-38  1.34132e-41  3.55721e-38 -1.83582e-41 -1.77455e-38   2.3175e-41  6.35301e-39  -2.6891e-41 -2.33458e-39  2.85652e-41   2.7668e-39 -2.76455e-41 -3.97434e-39  2.42358e-41  4.09026e-39 -1.91098e-41 -3.22011e-39  1.34319e-41  2.12701e-39 -8.31859e-42 -1.25872e-39  4.46723e-42  6.78323e-40 -2.03122e-42 -3.24016e-40  7.51065e-43  1.32569e-40 -2.07214e-43 -4.55922e-41  3.14529e-44  1.30583e-41  4.71012e-45  -3.0576e-42 -4.94576e-45   5.6319e-43  1.74729e-45 -7.72963e-44  -3.7455e-46  7.38195e-45  4.99439e-47  -4.4056e-46 -3.66845e-48  1.31127e-47  9.51534e-50
-1.36321e-51  9.17863e-35 -4.83741e-51 -5.32163e-35  4.01717e-50 -1.36989e-35 -7.86769e-50  3.48811e-35  4.26858e-49 -4.40403e-36  2.28757e-48 -1.23931e-35 -4.68767e-48 -2.80623e-37  4.85814e-47    1.579e-36  -5.7062e-47  2.94032e-37  6.21845e-46  1.02703e-36 -1.98433e-45  1.50298e-37  3.82357e-45 -1.25933e-36  1.31925e-44  3.17438e-37  1.01193e-45 -1.04163e-38 -7.37742e-45  1.67317e-37 -3.98307e-44 -1.12587e-37  1.45605e-43  2.97876e-38  1.57133e-43  2.33478e-38 -1.57926e-43 -1.39387e-38  5.76784e-43 -1.52519e-39 -2.20088e-43  3.80475e-39  9.55385e-44 -4.30084e-39  1.10373e-43  1.94479e-39  2.21723e-43 -1.83939e-40  1.57566e-43  4.37811e-40 -1.38156e-43 -3.12233e-40  1.77002e-43  2.02978e-40 -9.08508e-44 -6.89091e-40   5.1008e-45  1.88142e-39  1.28441e-43 -5.35146e-39   6.2919e-44  1.43449e-38  -1.1256e-43  -3.5347e-38  1.59028e-43  7.97433e-38 -5.52242e-43 -1.64165e-37  1.39229e-42  3.07085e-37 -3.23534e-42 -5.19193e-37  7.08991e-42   7.8819e-37 -1.45185e-41 -1.06541e-36  2.77644e-41  1.26827e-36 -4.95008e-41 -1.30973e-36  8.21466e-41  1.14809e-36 -1.26639e-40 -8.25447e-37  1.80956e-40  4.57685e-37 -2.39048e-40 -1.70734e-37  2.91068e-40  2.71845e-38 -3.25523e-40 -2.72874e-39  3.33017e-40  2.73247e-38 -3.10125e-40 -4.57022e-38  2.61379e-40  4.32732e-38 -1.97966e-40 -3.04973e-38   1.3356e-40  1.84604e-38 -7.93627e-41 -1.03559e-38  4.09116e-41  5.33366e-39 -1.79051e-41 -2.39132e-39  6.42863e-42  9.00338e-40  -1.7743e-42 -2.82555e-40  3.15411e-43  7.35702e-41 -3.85353e-45 -1.54383e-41 -1.92196e-44  2.47255e-42  6.99221e-45 -2.82793e-43 -1.35355e-45  2.10774e-44  1.49483e-46 -8.44569e-46 -7.78501e-48  1.02836e-47
-3.99451e-35 -4.83741e-51  1.09131e-34 -7.59365e-51 -6.58412e-35  2.27161e-49 -5.05734e-35  -1.3239e-48  7.93507e-35  4.99724e-48 -8.27434e-36  1.03309e-47 -2.31276e-35 -1.98411e-47  1.75558e-36  3.87746e-46  2.88316e-37 -4.28471e-46 -1.60431e-36  5.13275e-45  3.78051e-36  -1.2437e-44    7.909e-37  2.11172e-44 -1.80855e-36  9.05138e-44 -1.67794e-37  6.91879e-45 -3.52706e-38 -1.19139e-45  4.72398e-37 -1.82535e-43  -2.6823e-37  7.49653e-43  1.22914e-39  8.38979e-43   1.0688e-37 -6.95424e-43 -3.77946e-38  2.55881e-42 -4.35542e-39 -9.74921e-43  8.03992e-39  2.74116e-43 -9.24266e-39  4.36545e-43  4.70556e-39  8.76129e-43 -7.19288e-40  7.41439e-43  1.15036e-39 -3.45458e-43 -1.60331e-39  6.09758e-43  4.29734e-39 -2.49728e-43  -1.4211e-38  4.90051e-44  4.23048e-38  3.48088e-43 -1.17924e-37  4.48901e-43  3.03081e-37 -1.08756e-42 -7.14486e-37  2.49811e-42  1.53969e-36 -6.86749e-42 -3.02125e-36  1.66484e-41  5.37246e-36  -3.7672e-41  -8.6061e-36  7.98812e-41  1.23259e-35 -1.58274e-40 -1.56306e-35  2.92709e-40  1.73209e-35 -5.04474e-40 -1.64622e-35  8.08858e-40  1.30377e-35  -1.2041e-39 -8.17886e-36  1.66039e-39  3.63273e-36 -2.11521e-39 -7.43349e-37  2.48173e-39 -2.64812e-37 -2.67211e-39  1.27908e-37  2.62925e-39  2.41528e-37 -2.35252e-39 -3.82639e-37   1.9028e-39  3.11532e-37 -1.38134e-39 -1.92081e-37  8.92093e-40  1.07704e-37 -5.06813e-40 -5.85085e-38  2.49573e-40  2.88786e-38 -1.04363e-40 -1.20056e-38  3.59259e-41  4.11791e-39  -9.6429e-42 -1.17854e-39  1.78057e-42  2.79245e-40 -1.22952e-43  -5.2095e-41 -4.56141e-44  7.14272e-42  1.80499e-44 -6.69735e-43 -3.09758e-45  3.77879e-44   2.6838e-46 -8.90143e-46 -8.05774e-48
 7.11506e-51 -5.32163e-35 -7.59365e-51   1.4482e-34 -4.54218e-50 -8.54417e-35  1.66525e-48 -1.05628e-34 -1.11785e-47   1.3446e-34    4.038e-47 -1.15587e-35   7.5696e-48 -2.85305e-35 -3.47036e-47  1.41757e-36  2.45062e-45 -1.69035e-36 -2.48144e-45  -5.6274e-36  3.18535e-44  7.11497e-36 -6.00759e-44  2.48999e-36  9.48265e-44 -1.76426e-36  4.87667e-43 -1.33822e-36  3.08316e-44  5.24784e-38  1.69426e-43  8.11174e-37 -6.27778e-43 -4.85618e-37  3.03467e-42  -1.1042e-37  3.53875e-42  2.88271e-37 -2.40451e-42 -8.30629e-38  9.16893e-42 -7.37078e-39 -3.59674e-42  1.44517e-38  3.95001e-43 -1.62037e-38  1.41506e-42  9.28362e-39   2.7173e-42 -3.01055e-39  2.68707e-42  7.92016e-39 -4.51261e-43 -2.49541e-38  1.70248e-42  8.40554e-38 -5.49073e-43 -2.65819e-37  4.08178e-43  7.72452e-37  4.18344e-44 -2.07005e-36  3.83286e-42  5.09565e-36 -1.04066e-41 -1.14851e-35  2.65182e-41  2.36173e-35 -6.73954e-41 -4.41165e-35  1.57937e-40  7.44578e-35 -3.46278e-40  -1.1278e-34  7.10281e-40  1.51989e-34 -1.36096e-39 -1.80168e-34  2.43282e-39  1.84891e-34 -4.05076e-39   -1.604e-34  6.27114e-39  1.13054e-34 -9.00816e-39 -5.97246e-35  1.19776e-38  1.84962e-35 -1.47013e-38   1.8465e-36  1.66039e-38 -5.00416e-36 -1.71922e-38  1.07301e-36  1.62498e-38  2.12429e-36 -1.39493e-38 -2.57609e-36  1.08096e-38  1.70547e-36 -7.50649e-39 -9.12404e-37  4.62929e-39  4.91527e-37  -2.5067e-39 -2.65214e-37  1.17429e-39  1.24039e-37 -4.66406e-40 -4.68643e-38  1.52489e-40   1.4552e-38  -3.9087e-41 -3.82105e-39  7.10393e-42  8.22472e-40 -6.43928e-43 -1.34131e-40 -7.17724e-44  1.54562e-41  3.45043e-44 -1.17184e-42 -5.09814e-45  4.77416e-44   3.1546e-46 -4.94284e-46
-3.23751e-36  4.01717e-50 -6.58412e-35 -4.54218e-50  2.19064e-34  -5.6785e-49 -1.19516e-34  1.26823e-47 -1.60074e-34 -7.44398e-47  1.78835e-34  2.63402e-46 -7.77038e-36 -2.82731e-46 -2.41377e-35  1.52598e-46 -2.50286e-36  1.30038e-44 -2.48562e-36 -1.16053e-44 -1.23936e-35  1.60278e-43   9.5436e-36 -2.35369e-43  5.64686e-36  3.67478e-43  -1.1149e-36  2.18667e-42 -3.01784e-36  1.10651e-43  5.14085e-37  1.27875e-42  9.30705e-37 -1.65793e-42 -7.17419e-37  1.02471e-41 -3.53869e-37  1.24887e-41  5.90345e-37 -6.86199e-42 -1.53949e-37  2.80589e-41 -8.91443e-39 -1.16295e-41  2.37612e-38 -7.81947e-43 -2.54876e-38  4.03645e-42  2.13003e-38  7.05736e-42 -3.33146e-38  8.07915e-42  1.22155e-37  5.23665e-43 -4.28884e-37  4.21231e-42  1.40962e-36 -1.48928e-42  -4.2764e-36  3.55449e-42  1.19466e-35  -8.2254e-42 -3.06892e-35  3.27499e-41    7.229e-35 -8.94256e-41 -1.55636e-34  2.28274e-40  3.05044e-34 -5.54916e-40 -5.41663e-34  1.25802e-39  8.66125e-34 -2.66877e-39  -1.2376e-33  5.29316e-39  1.56452e-33 -9.80271e-39  -1.7261e-33  1.69278e-38  1.62963e-33 -2.72126e-38 -1.27612e-33  4.06483e-38  7.82195e-34 -5.62967e-38 -3.24831e-34  7.21142e-38  3.78968e-35  -8.5197e-38  5.87906e-35  9.25274e-38 -4.12352e-35 -9.20253e-38  1.11741e-36  8.34456e-38  1.65122e-35 -6.86248e-38 -1.39917e-35  5.08655e-38  7.21816e-36 -3.37242e-38 -3.43163e-36   1.9815e-38  1.91087e-36 -1.01976e-38 -1.03316e-36  4.52772e-39  4.43117e-37 -1.69932e-39 -1.48849e-37  5.23591e-40  4.21051e-38  -1.2645e-40 -1.02591e-38  2.19143e-41  1.97949e-39  -2.1129e-42 -2.74817e-40  -6.5767e-44  2.62648e-41  5.14207e-44 -1.58969e-42 -6.22418e-45  4.22514e-44   2.2352e-46
 1.32583e-50 -1.36989e-35  2.27161e-49 -8.54417e-35  -5.6785e-49  3.32908e-34 -4.37964e-48  -1.6018e-34   8.6338e-47 -1.97971e-34  -4.2804e-46  1.93247e-34   1.4515e-45  6.79901e-36 -2.79696e-45 -1.12096e-35  1.46742e-45  -8.6011e-36   5.9719e-44  2.61397e-37 -4.47868e-44 -2.21369e-35  6.81763e-43  9.64744e-36  -7.6233e-43  1.03895e-35  1.26632e-42 -4.11183e-37  8.42844e-42  -4.7549e-36  3.68183e-43  1.67485e-36  6.25075e-42  5.36445e-37 -3.13987e-42 -8.93563e-37  2.98052e-41 -7.57657e-37  3.80552e-41  9.98008e-37 -1.64957e-41 -2.47633e-37  7.55227e-41 -7.73258e-39 -3.37746e-41  4.10999e-38 -8.11696e-42 -5.98905e-38  1.06004e-41   1.4643e-37  1.58954e-41 -5.19501e-37  2.10961e-41  1.91613e-36  5.12196e-42 -6.54524e-36  1.06771e-41  2.06691e-35 -8.57777e-42 -6.01774e-35  2.93732e-41  1.61234e-34 -8.39711e-41 -3.96644e-34  2.54874e-40   8.9328e-34  -6.7877e-40 -1.83511e-33  1.69136e-39  3.42384e-33 -3.96568e-39 -5.77002e-33   8.6957e-39  8.72325e-33  -1.7837e-38  -1.1727e-32  3.41903e-38  1.38549e-32 -6.11632e-38 -1.41505e-32  1.01964e-37  1.21856e-32 -1.58137e-37 -8.47635e-33  2.27725e-37  4.34527e-33 -3.03814e-37 -1.18873e-33  3.74559e-37 -3.35399e-34 -4.25478e-37  5.37981e-34  4.43823e-37 -2.09721e-34 -4.23463e-37 -5.19675e-35  3.67874e-37  1.03676e-34 -2.89404e-37 -5.94956e-35  2.04839e-37   2.2967e-35 -1.29422e-37 -1.07811e-35    7.229e-38  6.81853e-36 -3.52635e-38 -3.55227e-36  1.47879e-38  1.32832e-36 -5.21983e-39 -3.92952e-37  1.50526e-39  1.04131e-37 -3.38672e-40 -2.36335e-38  5.47107e-41  3.94881e-39 -5.13871e-42 -4.54082e-40  3.77526e-45   3.6144e-41   6.1048e-44 -1.68618e-42 -5.51647e-45  2.26186e-44
 1.23808e-35 -7.86769e-50 -5.05734e-35  1.66525e-48 -1.19516e-34 -4.37964e-48  4.57879e-34 -2.39987e-47 -1.88014e-34  5.10942e-46 -2.11723e-34  -2.1958e-45  1.72332e-34   6.8933e-45  3.02923e-35 -1.73473e-44  4.26572e-36  5.60743e-45 -1.43455e-35  2.41643e-43  8.29266e-36 -1.43558e-43 -3.43572e-35  2.51562e-42   6.6901e-36 -2.03063e-42  1.65281e-35  3.93823e-42 -5.78033e-37  2.85104e-41  -6.0113e-36  1.24327e-42  3.76084e-36  2.41502e-41 -5.72525e-37 -2.52159e-42 -9.56806e-37  7.61722e-41  -1.2969e-36  1.02122e-40  1.44068e-36 -3.34703e-41 -3.50205e-37   1.8204e-40 -1.82779e-38 -8.93514e-41  1.52137e-37 -3.60259e-41 -5.07963e-37  2.64307e-41  1.99704e-36  3.15497e-41 -7.62367e-36  4.98092e-41  2.71107e-35  1.62796e-41 -8.90718e-35  3.58551e-41  2.70072e-34 -6.63491e-41 -7.54339e-34  2.19737e-40  1.93678e-33  -6.3743e-40 -4.55909e-33  1.78046e-39   9.8073e-33 -4.59375e-39 -1.92028e-32  1.10992e-38  3.40554e-32 -2.51486e-38 -5.43694e-32  5.33144e-38  7.75316e-32 -1.05684e-37 -9.77509e-32  1.95661e-37  1.07452e-31 -3.37866e-37 -1.00904e-31   5.4333e-37   7.8335e-32 -8.12256e-37 -4.72261e-32  1.12657e-36    1.873e-32  -1.4463e-36 -1.13129e-33  1.71416e-36 -4.53253e-33 -1.86996e-36  3.17841e-33  1.87106e-36 -5.60637e-34 -1.71025e-36  -5.9084e-34  1.42132e-36  5.03792e-34 -1.06792e-36 -1.83772e-34  7.20562e-37  5.04721e-35 -4.33028e-37 -3.20212e-35  2.29431e-37  2.33735e-35 -1.05802e-37 -1.06554e-35  4.17655e-38  3.30051e-36 -1.38021e-38 -8.84653e-37  3.70073e-39  2.29824e-37 -7.67714e-40 -4.71447e-38  1.13427e-40  6.45852e-39  -9.8384e-42 -6.12998e-40  1.27776e-43  4.14542e-41  5.78413e-44 -1.32025e-42 -3.15529e-45
 2.31503e-51  3.48811e-35  -1.3239e-48 -1.05628e-34  1.26823e-47  -1.6018e-34 -2.39987e-47  5.51944e-34 -9.90816e-47 -1.89825e-34  2.63661e-45   -2.049e-34 -1.01925e-44  1.26794e-34  2.84905e-44  5.69549e-35    -8.43e-44  1.55622e-35  5.89958e-45 -1.75914e-35  8.71252e-43  2.18108e-35 -3.77861e-43 -4.77272e-35  8.18752e-42  8.27548e-37 -4.24697e-42   2.3636e-35  1.11133e-41 -2.49708e-36  8.58466e-41 -6.38904e-36  4.27472e-42  6.73164e-36  7.91054e-41 -2.38882e-36  1.07077e-41 -9.06306e-37  1.73267e-40 -1.86308e-36  2.44557e-40  1.78118e-36   -5.618e-41 -3.90401e-37  3.97752e-40 -3.13184e-37 -2.17336e-40  1.64184e-36 -1.20028e-40 -6.89174e-36   6.3816e-41  2.74587e-35  5.43622e-41 -1.01527e-34  1.13071e-40  3.47056e-34  1.85728e-41 -1.09544e-33  1.76996e-40  3.18797e-33 -4.78733e-40 -8.53772e-33  1.48631e-39  2.09911e-32  -4.2113e-39 -4.72406e-32  1.12506e-38  9.69652e-32 -2.80839e-38  -1.8072e-31  6.56644e-38  3.04154e-31 -1.43804e-37 -4.59053e-31  2.94592e-37  6.15772e-31 -5.63977e-37 -7.25366e-31  1.00777e-36  7.37781e-31 -1.67842e-36 -6.31371e-31  2.60127e-36  4.34516e-31 -3.74466e-36 -2.17634e-31  4.99663e-36  5.39716e-32 -6.16522e-36  2.31016e-32  7.01539e-36 -3.13436e-32 -7.33909e-36  1.29509e-32  7.03346e-36  1.04324e-33 -6.14932e-36 -3.83109e-33  4.88083e-36  1.79646e-33 -3.49654e-36 -3.14124e-34  2.24494e-36  6.26021e-35  -1.2807e-36 -1.08021e-34  6.42224e-37    7.535e-35 -2.79242e-37 -2.66485e-35  1.03417e-37  6.68573e-36 -3.18516e-38 -1.79979e-36  7.88866e-39   4.6589e-37 -1.49344e-39  -7.9357e-38  1.98179e-40   8.4786e-39 -1.52156e-41 -7.05692e-40  2.40013e-43  3.94984e-41  4.25178e-44 -6.21992e-43
-3.53552e-36  4.26858e-49  7.93507e-35 -1.11785e-47 -1.60074e-34   8.6338e-47 -1.88014e-34 -9.90816e-47  5.90331e-34 -2.88171e-46 -1.68435e-34  1.19238e-44 -1.89194e-34 -4.30659e-44  7.48571e-35  1.02768e-43  8.09092e-35 -3.45212e-43  1.84188e-35 -7.34394e-44 -1.69505e-35  2.81891e-42  3.92192e-35 -7.76847e-43 -6.03691e-35  2.37539e-41 -7.02973e-36  -5.6966e-42  3.11767e-35  2.84179e-41 -6.54186e-36  2.32413e-40 -5.79972e-36  1.41848e-41   1.0196e-35  2.27731e-40 -4.65286e-36  6.73879e-41 -8.30676e-37  3.53704e-40 -2.23517e-36  5.27292e-40  1.70109e-36 -7.26578e-41   4.5511e-37  7.94659e-40  -4.7729e-36 -4.89314e-40  2.17969e-35 -3.35802e-40 -9.03812e-35  1.51482e-40  3.47426e-34  7.03189e-41 -1.23527e-33  2.80054e-40  4.05764e-33 -1.52954e-40 -1.22985e-32  1.04319e-39  3.43367e-32 -3.10649e-39 -8.81169e-32  9.18446e-39  2.07299e-31  -2.5222e-38 -4.45606e-31  6.50116e-38  8.71713e-31 -1.56943e-37 -1.54422e-30  3.54815e-37  2.46184e-30 -7.50791e-37 -3.50421e-30  1.48532e-36   4.4074e-30 -2.74427e-36 -4.82873e-30  4.72901e-36  4.51275e-30 -7.58931e-36 -3.47681e-30  1.13237e-35   2.0665e-30 -1.56782e-35  -7.8849e-31  2.00997e-35   1.2299e-32 -2.38016e-35  2.24673e-31  2.59622e-35 -1.51958e-31 -2.60028e-35  3.02834e-32  2.38264e-35  2.12707e-32 -1.98889e-35 -1.71587e-32  1.50487e-35  3.93455e-33 -1.02591e-35   3.7951e-34  6.25537e-36  7.57252e-35 -3.38057e-36 -4.15531e-34  1.60083e-36  2.10444e-34 -6.54532e-37 -5.13054e-35  2.26651e-37  1.12982e-35 -6.47567e-38 -3.62332e-36   1.4713e-38  8.48784e-37 -2.51432e-39 -1.05721e-37  2.93981e-40   9.0338e-39 -1.91661e-41 -7.44169e-40  2.62697e-43  2.80672e-41  2.15557e-44
 2.54001e-49 -4.40403e-36  4.99724e-48   1.3446e-34 -7.44398e-47 -1.97971e-34  5.10942e-46 -1.89825e-34 -2.88171e-46  5.80075e-34 -3.10888e-46 -1.38808e-34  4.73302e-44 -1.76792e-34 -1.65986e-43  3.13779e-35  3.21906e-43  9.88721e-35 -1.23497e-42  1.15524e-35 -6.41169e-43 -1.14063e-35  8.21489e-42  5.76196e-35 -1.01731e-42 -7.05518e-35   6.1784e-41 -1.54424e-35  2.67106e-42  3.85537e-35  6.53462e-41 -1.22441e-35  5.69688e-40 -4.50442e-36  4.32936e-41  1.34534e-35  5.89258e-40 -6.88719e-36  2.42293e-40 -9.65388e-37  6.51021e-40 -1.76614e-36  1.02923e-39 -1.11787e-36 -5.27813e-41  1.29981e-35  1.46077e-39 -6.33173e-35 -1.02447e-39  2.74041e-34 -8.27328e-40 -1.09506e-33  3.63244e-40  4.04842e-33 -1.87488e-41 -1.38354e-32  9.05324e-40  4.36576e-32 -1.59099e-39 -1.27009e-31  6.17917e-39  3.40003e-31 -1.84338e-38  -8.3552e-31  5.24111e-38  1.87919e-30 -1.39283e-37 -3.85425e-30  3.47031e-37   7.1766e-30 -8.09926e-37 -1.20639e-29  1.76948e-36  1.81798e-29 -3.61588e-36 -2.43374e-29  6.90357e-36  2.85914e-29 -1.22998e-35 -2.89698e-29  2.04213e-35  2.46492e-29 -3.15458e-35 -1.67991e-29  4.52584e-35  8.23933e-30 -6.01854e-35 -1.86085e-30  7.40193e-35 -1.06394e-30  -8.3979e-35  1.29386e-30  8.76471e-35 -5.24107e-31 -8.38779e-35 -3.17068e-32  7.33322e-35  1.33909e-31 -5.83187e-35 -5.23596e-32  4.19725e-35 -6.73351e-34 -2.71696e-35  4.55053e-33  1.56984e-35  9.52089e-34   -8.019e-36 -1.48749e-33  3.57734e-36  4.50544e-34 -1.37166e-36 -6.51922e-35  4.42561e-37  1.91824e-35 -1.16723e-37 -7.43711e-36  2.41478e-38  1.26587e-36  -3.6798e-39 -1.01078e-37  3.70827e-40  9.03749e-39  -1.9562e-41 -7.07151e-40   1.8294e-43  1.08466e-41
-2.98805e-36  2.28757e-48 -8.27434e-36    4.038e-47  1.78835e-34  -4.2804e-46 -2.11723e-34  2.63661e-45 -1.68435e-34 -3.10888e-46  5.50075e-34     2.82e-45 -1.17743e-34  1.64248e-43 -1.73945e-34  -5.8388e-43  2.41413e-36  8.59557e-43   1.1062e-34 -3.94489e-42 -4.64264e-36  -3.3462e-42  -5.2001e-38  2.15668e-41  7.38699e-35  4.39846e-43 -7.76054e-35  1.44219e-40 -2.26207e-35  5.05762e-41  4.50331e-35  1.32866e-40 -1.82371e-35  1.26988e-39 -2.99723e-36  1.18722e-40  1.56347e-35  1.39222e-39 -8.36985e-36  6.93859e-40 -2.47998e-36  1.08176e-39  5.14291e-36  1.82284e-39 -3.46272e-35  5.36033e-41  1.70951e-34  2.48055e-39 -7.69808e-34 -1.99829e-39   3.1985e-33 -1.85604e-39  -1.2294e-32  9.39399e-40  4.36996e-32  -7.8888e-40 -1.43511e-31  3.95615e-39  4.34853e-31 -1.05736e-38 -1.21367e-30  3.48525e-38  3.11329e-30 -1.01548e-37 -7.32039e-30  2.78765e-37  1.57257e-29 -7.16646e-37 -3.07389e-29  1.72632e-36  5.43987e-29 -3.89378e-36  -8.6613e-29  8.21656e-36   1.2308e-28 -1.62053e-35 -1.54457e-28  2.98375e-35  1.68701e-28 -5.12195e-35 -1.56953e-28  8.18508e-35   1.2006e-28 -1.21561e-34   -7.041e-29  1.67469e-34  2.58873e-29 -2.13566e-34  6.96577e-31  2.51526e-34 -8.35479e-30 -2.72874e-34  5.40499e-30  2.71905e-34 -1.03175e-30 -2.48049e-34 -7.31161e-31    2.064e-34  5.40902e-31 -1.55976e-34  -7.8807e-32  1.06501e-34  -4.8374e-32 -6.52926e-35  1.35428e-32  3.56596e-35  7.34405e-33 -1.71756e-35 -4.14691e-33  7.20033e-36  5.65571e-34 -2.58175e-36 -3.51518e-35  7.73314e-37  4.41487e-35 -1.87282e-37 -1.38327e-35  3.49843e-38  1.27637e-36 -4.68601e-39 -6.61276e-38   3.9601e-40  1.05815e-38 -1.58396e-41 -4.80663e-40  7.07531e-44
-6.12321e-49 -1.23931e-35  1.03309e-47 -1.15587e-35  2.63402e-46  1.93247e-34  -2.1958e-45   -2.049e-34  1.19238e-44 -1.38808e-34     2.82e-45   5.3113e-34  2.57715e-44 -1.16411e-34  4.91729e-43 -1.79489e-34 -1.87417e-42 -1.35021e-35  1.85699e-42  1.17861e-34 -1.14204e-41  -2.9268e-35 -1.37131e-41  1.75355e-35  5.07639e-41  8.58437e-35  8.09722e-42 -8.25693e-35   3.0065e-40 -2.66147e-35  2.16392e-40  4.96191e-35  2.30131e-40 -2.25497e-35  2.57897e-39 -1.74085e-36  2.90386e-40  1.56397e-35  3.03988e-39  -6.4411e-36  1.72444e-39 -1.79917e-35  1.61854e-39  8.55781e-35  2.92474e-39 -4.32712e-34   2.9922e-40  2.01484e-33  3.89256e-39 -8.70083e-33 -3.61099e-39  3.47664e-32 -3.96728e-39  -1.2851e-31  2.90857e-39  4.39092e-31  -5.4405e-39 -1.38524e-30  2.00841e-38  4.02884e-30 -6.04749e-38 -1.07815e-29  1.85603e-37  2.64833e-29 -5.24699e-37 -5.95329e-29  1.39265e-36  1.22023e-28 -3.46272e-36 -2.27017e-28  8.06327e-36  3.81208e-28 -1.75703e-35  -5.7367e-28  3.57939e-35   7.6656e-28 -6.80959e-35 -8.98281e-28  1.20827e-34   9.0691e-28 -1.99667e-34 -7.67442e-28  3.06794e-34  5.18163e-28 -4.37519e-34 -2.48993e-28  5.77946e-34  5.08951e-29 -7.05597e-34  3.74655e-29  7.94237e-34 -4.17461e-29 -8.22069e-34  1.62088e-29  7.80108e-34  1.30343e-30 -6.76508e-34 -4.15868e-30  5.34151e-34  1.42481e-30 -3.82371e-34  1.93664e-31  2.46909e-34 -2.23833e-31 -1.42922e-34  2.09864e-33   7.3568e-35  3.21191e-32 -3.33207e-35 -7.49315e-33   1.3092e-35 -2.47443e-34 -4.37698e-36 -3.06693e-35  1.21245e-36   1.1673e-34 -2.68051e-37 -1.87261e-35  4.47707e-38  3.99832e-37 -5.17822e-39 -6.41692e-38  3.53733e-40  1.20003e-38 -9.67608e-42 -1.31342e-40
-1.63257e-36 -4.68767e-48 -2.31276e-35   7.5696e-48 -7.77038e-36   1.4515e-45  1.72332e-34 -1.01925e-44 -1.89194e-34  4.73302e-44 -1.17743e-34  2.57715e-44  5.43013e-34  1.40566e-43 -1.39274e-34  1.22682e-42 -1.87706e-34 -5.48483e-42 -2.09033e-35  2.68614e-42  1.22699e-34 -3.02832e-41 -6.08241e-35 -4.78228e-41  4.03327e-35  1.05669e-40    9.343e-35   3.1897e-41 -8.81051e-35  5.51549e-40 -2.56211e-35  6.79429e-40  5.10483e-35  3.05847e-40 -2.32552e-35  4.76606e-39 -3.55354e-37  6.32911e-40   8.5783e-36  6.19359e-39  2.61594e-35  3.86352e-39 -1.98216e-34  2.16323e-39  1.01985e-33  4.22057e-39 -4.93593e-33  6.90154e-40  2.21357e-32  5.58855e-39 -9.19365e-32 -5.85212e-39   3.5333e-31 -8.85906e-39 -1.25575e-30  1.13713e-38  4.12321e-30 -3.09772e-38  -1.2491e-29  1.04323e-37   3.4853e-29 -3.18595e-37 -8.93744e-29  9.35476e-37   2.1006e-28 -2.56141e-36 -4.51012e-28  6.57595e-36  8.80986e-28 -1.58115e-35 -1.55771e-27  3.55838e-35  2.47733e-27 -7.48862e-35 -3.51503e-27  1.47217e-34  4.40207e-27 -2.70016e-34 -4.79415e-27  4.61405e-34  4.44129e-27 -7.33408e-34 -3.37402e-27  1.08245e-33  1.95295e-27 -1.48052e-33 -6.91424e-28  1.87249e-33 -4.90829e-29 -2.18472e-33  2.49359e-28  2.34542e-33 -1.54136e-28 -2.31038e-33   2.6619e-29  2.08196e-33  2.20834e-29 -1.71069e-33 -1.49767e-29  1.27707e-33  1.46187e-30 -8.62651e-34  1.81307e-30  5.24735e-34 -5.34063e-31 -2.85697e-34 -1.54419e-31  1.38122e-34  8.84434e-32 -5.86463e-35 -2.92993e-33  2.15357e-35 -2.76701e-33 -6.69305e-36 -4.78498e-34  1.70759e-36  2.41859e-34 -3.42345e-37 -1.04884e-35  5.05193e-38 -7.89658e-37 -4.92927e-39  -1.5021e-37  2.57827e-40  8.15928e-39 -3.88979e-42
 4.16035e-48 -2.80623e-37 -1.98411e-47 -2.85305e-35 -2.82731e-46  6.79901e-36   6.8933e-45  1.26794e-34 -4.30659e-44 -1.76792e-34  1.64248e-43 -1.16411e-34  1.40566e-43  5.93676e-34  6.11919e-43 -1.86749e-34  2.29881e-42 -1.92493e-34 -1.46041e-41 -2.36538e-35 -7.31442e-43  1.26517e-34 -7.40978e-41 -9.60936e-35 -1.47364e-40  6.48479e-35  1.87937e-40  9.88046e-35  8.86269e-41 -9.75836e-35  8.57917e-40 -1.84137e-35  1.81027e-39  4.81363e-35  1.72333e-40 -2.02039e-35  7.96897e-39  9.87376e-36  1.22898e-39 -6.01325e-35  1.18685e-38  4.07591e-34  7.97097e-39 -2.25566e-33  2.53963e-39  1.13377e-32  5.37296e-39 -5.28524e-32  1.13476e-39  2.28131e-31  6.94891e-39 -9.11449e-31 -7.21323e-39  3.36872e-30 -2.40763e-38 -1.15088e-29  5.23164e-38   3.6302e-29 -1.63696e-37  -1.0556e-28  5.27443e-37  2.82414e-28 -1.58154e-36 -6.93478e-28  4.47983e-36  1.55824e-27 -1.18745e-35 -3.19212e-27  2.94906e-35  5.93453e-27 -6.85631e-35 -9.95602e-27    1.491e-34   1.4964e-26 -3.02974e-34  -1.9962e-26  5.74582e-34  2.33377e-26  -1.0156e-33 -2.34825e-26  1.67045e-33  1.97677e-26 -2.55224e-33 -1.32257e-26  3.61522e-33  6.22644e-27 -4.73726e-33 -1.13727e-27  5.72874e-33 -1.06941e-27 -6.37679e-33  1.10608e-27  6.51539e-33 -4.08477e-28 -6.09223e-33 -4.70048e-29  5.19686e-33  1.10978e-28 -4.03086e-33   -3.439e-29  2.83291e-33 -7.44379e-30 -1.79724e-33  6.67687e-30  1.02478e-33 -2.38756e-31  -5.2231e-34 -7.43896e-31  2.36154e-34  1.31713e-31 -9.36642e-35  3.02315e-32  3.20491e-35 -4.30743e-33 -9.23092e-36 -2.11578e-33  2.15958e-36  2.92621e-34 -3.89557e-37  1.80669e-35  5.00225e-38 -2.91335e-37 -3.98523e-39 -2.30361e-37    1.456e-40  1.06095e-39
  1.4507e-36  4.85814e-47  1.75558e-36 -3.47036e-47 -2.41377e-35 -2.79696e-45  3.02923e-35  2.84905e-44  7.48571e-35 -1.65986e-43 -1.73945e-34  4.91729e-43 -1.39274e-34  6.11919e-43  6.84631e-34  2.30134e-42 -2.57432e-34  1.74673e-42 -1.90081e-34 -3.52199e-41   -2.372e-35 -2.35086e-41  1.29683e-34 -1.68019e-40 -1.29166e-34 -4.10075e-40  8.48317e-35  2.58032e-40  1.05699e-34  1.97046e-40 -1.13708e-34  1.01237e-39 -4.96522e-36  4.32073e-39  4.20581e-35 -6.53124e-40 -2.89501e-35  1.18868e-38  1.33654e-34  2.12055e-39 -8.22053e-34  2.15265e-38  4.67646e-33  1.53441e-38 -2.45078e-32  2.53755e-39  1.18749e-31  5.69382e-39 -5.32747e-31  1.66059e-39  2.21247e-30  5.09598e-39 -8.50242e-30  1.98202e-39  3.02156e-29 -8.70613e-38 -9.92012e-29  2.54952e-37  3.00481e-28 -8.21761e-37 -8.38257e-28  2.55959e-36  2.14903e-27  -7.4635e-36  -5.0493e-27  2.04468e-35  1.08365e-26 -5.24592e-35 -2.11556e-26  1.26035e-34  3.73783e-26 -2.83309e-34 -5.93859e-26  5.95272e-34  8.41474e-26 -1.16777e-33 -1.05185e-25  2.13602e-33  1.14247e-25 -3.63743e-33 -1.05412e-25  5.75665e-33  7.95503e-26 -8.45041e-33 -4.54522e-26  1.14806e-32  1.54721e-26 -1.44004e-32  1.83152e-27   1.6632e-32 -6.20223e-27 -1.76363e-32  3.66777e-27  1.71162e-32  -5.5468e-28 -1.51532e-32 -5.70186e-28  1.21961e-32  3.57338e-28 -8.89303e-33 -2.32056e-29  5.85481e-33 -4.92092e-29  -3.4685e-33  1.37388e-29  1.84243e-33  3.62624e-30 -8.73679e-34 -1.91518e-30  3.67427e-34 -6.49869e-32 -1.35552e-34  1.01828e-31   4.3082e-35  6.25477e-33  -1.1465e-35 -4.70633e-33  2.44789e-36 -8.70316e-39 -3.93491e-37  4.38148e-35  4.30713e-38  2.66995e-36 -2.66505e-39 -1.52068e-37  5.55512e-41
-5.18072e-48    1.579e-36  3.87746e-46  1.41757e-36  1.52598e-46 -1.12096e-35 -1.73473e-44  5.69549e-35  1.02768e-43  3.13779e-35  -5.8388e-43 -1.79489e-34  1.22682e-42 -1.86749e-34  2.30134e-42  8.14745e-34  7.74635e-42 -3.48079e-34 -9.70498e-42 -1.79464e-34 -7.62274e-41 -2.20167e-35 -1.09829e-40  1.31972e-34 -3.53332e-40 -1.51748e-34 -1.04523e-39  9.23187e-35  1.53237e-40  1.17781e-34  3.56561e-40  -1.3698e-34  4.48713e-40  1.02603e-35  9.50991e-39  5.99418e-35 -3.19704e-39 -2.38353e-34  1.53036e-38  1.55692e-33  3.22596e-39  -9.1773e-33  3.71365e-38  4.99638e-32  2.77778e-38 -2.51714e-31  2.08941e-39  1.17374e-30  3.70206e-39 -5.06659e-30  4.37086e-39  2.02419e-29 -1.39476e-38 -7.48114e-29  7.27847e-38  2.55569e-28 -3.81751e-37 -8.06066e-28    1.236e-36   2.3436e-27 -3.93946e-36 -6.26897e-27  1.18851e-35  1.53901e-26  -3.3606e-35 -3.45702e-26   8.9113e-35  7.07882e-26 -2.21291e-34 -1.31527e-25  5.14328e-34  2.20482e-25 -1.11781e-33  -3.3103e-25  2.26921e-33  4.40936e-25 -4.29742e-33 -5.14407e-25  7.58098e-33  5.15971e-25 -1.24362e-32 -4.32189e-25  1.89345e-32    2.866e-25 -2.66977e-32 -1.32164e-25  3.47758e-32  2.11789e-26 -4.17323e-32  2.55808e-26  4.59981e-32  -2.4795e-26 -4.64123e-32  8.68379e-27  4.27159e-32  1.36176e-27 -3.57238e-32 -2.54052e-27  2.70421e-32  7.21739e-28 -1.84577e-32  2.02674e-28  1.13197e-32 -1.57051e-28 -6.21895e-33  4.38473e-30  3.05322e-33  1.66066e-29 -1.33619e-33 -2.33935e-30  5.18965e-34 -9.21716e-31 -1.77162e-34  1.31718e-31   5.2131e-35  4.31496e-32 -1.27826e-35 -4.90303e-33  2.47769e-36 -6.90234e-34 -3.50526e-37  1.93307e-35  3.17453e-38  4.84811e-36 -1.39738e-39  4.25656e-40
 6.89665e-37  -5.7062e-47  2.88316e-37  2.45062e-45 -2.50286e-36  1.46742e-45  4.26572e-36    -8.43e-44  8.09092e-35  3.21906e-43  2.41413e-36 -1.87417e-42 -1.87706e-34  2.29881e-42 -2.57432e-34  7.74635e-42  9.79668e-34  2.37997e-41 -4.52394e-34 -6.33391e-41 -1.61296e-34 -1.45266e-40 -1.98541e-35 -3.70106e-40  1.33241e-34 -6.86396e-40 -1.55143e-34 -2.46455e-39  7.99622e-35 -5.85749e-40  1.36248e-34  4.95206e-40 -1.60372e-34 -2.03566e-39 -1.93186e-35  1.96652e-38  4.22506e-34 -9.35952e-39 -2.75178e-33  1.55016e-38  1.70071e-32  4.25107e-39 -9.63179e-32  6.11532e-38   5.0444e-31  4.74254e-38 -2.44496e-30  1.95814e-39  1.09696e-29 -5.33812e-39 -4.55573e-29  2.44245e-38  1.75074e-28 -1.18734e-37 -6.22163e-28  4.55595e-37  2.04256e-27 -1.77545e-36 -6.18653e-27  5.80795e-36  1.72569e-26 -1.80531e-35 -4.42344e-26  5.27675e-35  1.03909e-25 -1.44564e-34 -2.22934e-25  3.71131e-34  4.35034e-25 -8.92019e-34 -7.68166e-25  2.00568e-33  1.21943e-24 -4.21453e-33 -1.72585e-24  8.26641e-33  2.15373e-24 -1.51131e-32 -2.33354e-24  2.57128e-32  2.14493e-24 -4.06344e-32  -1.6084e-24  5.95189e-32  9.07283e-25 -8.06073e-32 -2.96394e-25   1.0066e-31 -5.03918e-26 -1.15546e-31  1.31739e-25  1.21495e-31 -7.46806e-26 -1.16572e-31  9.60572e-27  1.01631e-31  1.26281e-26 -8.01473e-32 -7.37063e-27  5.69032e-32  2.78774e-28  -3.6205e-32  1.09923e-27  2.05599e-32 -2.83558e-28 -1.03903e-32  -8.1905e-29  4.66751e-33  3.87318e-29 -1.86459e-33  2.87586e-30  6.62273e-34 -2.43627e-30 -2.07819e-34  -1.2082e-31  5.64419e-35  9.30524e-32 -1.27254e-35  2.58888e-33  2.22617e-36 -1.13254e-33 -2.72455e-37 -5.63019e-35  1.94739e-38   2.9063e-36 -4.99973e-40
 4.75201e-47  2.94032e-37 -4.28471e-46 -1.69035e-36  1.30038e-44  -8.6011e-36  5.60743e-45  1.55622e-35 -3.45212e-43  9.88721e-35  8.59557e-43 -1.35021e-35 -5.48483e-42 -1.92493e-34  1.74673e-42 -3.48079e-34  2.37997e-41  1.16936e-33  6.75604e-41   -5.607e-34 -2.46294e-40 -1.36509e-34 -2.33277e-40 -1.96534e-35 -1.04814e-39  1.33784e-34 -1.21826e-39 -1.33335e-34  -5.4143e-39  4.44857e-35 -3.03911e-39  1.51309e-34  3.75784e-40 -1.11391e-34 -8.61815e-39 -6.11919e-34  3.86972e-38  4.65945e-33 -2.22684e-38 -2.98049e-32  7.73355e-39  1.75821e-31  4.65823e-39 -9.57507e-31  9.64118e-38  4.82426e-30  7.59112e-38 -2.24973e-29  6.93325e-39  9.71172e-29 -4.25514e-38 -3.88015e-28  1.44323e-37  1.43409e-27 -6.36302e-37 -4.89915e-27  2.31575e-36  1.54517e-26 -8.16882e-36 -4.49236e-26  2.62011e-35  1.20158e-25 -7.90678e-35 -2.94944e-25  2.23893e-34  6.62388e-25 -5.94136e-34 -1.35593e-24  1.47679e-33  2.51827e-24  -3.4354e-33 -4.21878e-24  7.47265e-33  6.32836e-24  -1.5182e-32 -8.41852e-24  2.87719e-32  9.80259e-24 -5.07843e-32 -9.80394e-24  8.33376e-32  8.17346e-24 -1.26886e-31 -5.37356e-24  1.78824e-31  2.42682e-24 -2.32654e-31 -3.32689e-25   2.7857e-31 -5.24341e-25 -3.05902e-31  4.79975e-25  3.06854e-31 -1.59199e-25 -2.79923e-31 -3.23625e-26  2.31062e-31   5.0397e-26 -1.71636e-31 -1.31838e-26  1.14056e-31 -4.51998e-27 -6.74008e-32  3.12609e-27  3.52296e-32 -3.33639e-29 -1.62276e-32 -3.35347e-28  6.58538e-33  3.89485e-29 -2.36499e-33  2.07794e-29  7.57253e-34 -2.70093e-30 -2.16482e-34 -8.73327e-31  5.41401e-35  8.16847e-32 -1.12203e-35  1.66568e-32  1.75964e-36 -4.07157e-34   -1.816e-37 -9.90643e-35  9.40858e-39 -2.94821e-37
 -2.6878e-37  6.21845e-46 -1.60431e-36 -2.48144e-45 -2.48562e-36   5.9719e-44 -1.43455e-35  5.89958e-45  1.84188e-35 -1.23497e-42   1.1062e-34  1.85699e-42 -2.09033e-35 -1.46041e-41 -1.90081e-34 -9.70498e-42 -4.52394e-34  6.75604e-41  1.36776e-33  1.78616e-40 -6.61602e-34 -7.69096e-40 -1.05409e-34 -2.76502e-40 -2.44367e-35 -2.62789e-39   1.3419e-34 -1.92806e-39 -8.67768e-35 -1.11404e-38 -1.38147e-36 -9.45378e-39  5.67717e-35 -5.29861e-40  8.02609e-34 -2.27956e-38 -7.38694e-33  7.30795e-38  4.96198e-32 -4.65398e-38 -3.04365e-31 -1.49628e-38  1.72416e-30  3.72668e-39 -9.03122e-30  1.46316e-37   4.3777e-29  1.10317e-37 -1.96426e-28  4.14087e-38  8.15819e-28 -2.09739e-37 -3.13535e-27  7.65127e-37  1.11427e-26 -3.06131e-36 -3.65829e-26  1.08144e-35  1.10805e-25 -3.62667e-35 -3.09079e-25  1.13059e-34  7.92219e-25 -3.30741e-34 -1.86077e-24  9.07204e-34  3.99148e-24  -2.3315e-33 -7.78669e-24  5.61056e-33  1.37433e-23 -1.26314e-32 -2.18023e-23  2.65789e-32  3.08267e-23 -5.22089e-32 -3.84135e-23     9.56e-32  4.15287e-23 -1.62915e-31 -3.80384e-23  2.57883e-31  2.83506e-23 -3.78338e-31 -1.57919e-23  5.13126e-31  4.94127e-24 -6.41474e-31   1.1196e-24  7.36671e-31 -2.43185e-24 -7.74131e-31  1.32438e-24  7.41059e-31 -1.39862e-25 -6.42904e-31 -2.42751e-25   5.0249e-31  1.32812e-25 -3.51461e-31  -1.6639e-27  2.18343e-31 -2.11084e-26 -1.19516e-31  4.99066e-27  5.71884e-32  1.65771e-27 -2.37748e-32 -7.04049e-28  8.57747e-33 -7.24092e-29 -2.70886e-33  4.75185e-29  7.64393e-34  2.69272e-30 -1.96469e-34 -1.72273e-30  4.52552e-35 -7.84705e-32 -8.65567e-36  2.27966e-32   1.2073e-36  1.17657e-33  -1.0076e-37 -5.20277e-35   3.1094e-39
-2.12429e-46  1.02703e-36  5.13275e-45  -5.6274e-36 -1.16053e-44  2.61397e-37  2.41643e-43 -1.75914e-35 -7.34394e-44  1.15524e-35 -3.94489e-42  1.17861e-34  2.68614e-42 -2.36538e-35 -3.52199e-41 -1.79464e-34 -6.33391e-41   -5.607e-34  1.78616e-40  1.55639e-33  4.42183e-40 -7.45068e-34 -2.08272e-39 -6.73575e-35   -8.339e-41  -3.6596e-35 -5.98204e-39  1.36074e-34 -2.56868e-39 -3.70053e-35  -2.1551e-38  8.95216e-35 -2.40759e-38 -1.29779e-33 -3.13586e-39  1.10773e-32 -4.96911e-38 -7.83496e-32  1.33089e-37  5.00524e-31 -8.82786e-38 -2.94919e-30 -6.12123e-38  1.60631e-29  3.41108e-40 -8.09404e-29  2.17692e-37  3.77492e-28  1.25131e-37 -1.62973e-27  2.22905e-37  6.51194e-27 -9.83502e-37   -2.407e-26  3.70799e-36  8.22354e-26 -1.39052e-35 -2.59386e-25  4.77012e-35  7.54166e-25  -1.5413e-34 -2.01723e-24  4.65841e-34  4.95147e-24 -1.32031e-33 -1.11192e-23  3.50752e-33  2.27576e-23 -8.72853e-33 -4.22539e-23  2.03326e-32  7.07542e-23 -4.42958e-32 -1.06059e-22  9.01542e-32  1.40937e-22   -1.712e-31 -1.63836e-22  3.02875e-31  1.63431e-22  -4.9831e-31 -1.35654e-22  7.60894e-31  8.84464e-23 -1.07574e-30 -3.91158e-23  1.40429e-30  4.42718e-24  -1.6873e-30  9.36148e-24  1.85911e-30 -8.14553e-24 -1.87037e-30  2.55672e-24  1.70954e-30  6.49081e-25 -1.41125e-30  -8.7686e-25  1.04497e-30  2.11382e-25 -6.88445e-31  8.63678e-26  3.99755e-31 -5.42401e-26 -2.02382e-31 -5.01927e-28  8.82781e-32  6.01956e-27 -3.28017e-32 -5.81958e-28  1.03161e-32 -3.93873e-28 -2.77129e-33  4.52473e-29  6.61984e-34  1.62606e-29 -1.49532e-34 -1.26589e-30  3.19914e-35 -3.28093e-31 -5.73313e-36  6.10831e-33  7.04329e-37  1.84444e-33 -4.39646e-38  9.33831e-36
 4.95148e-38 -1.98433e-45  3.78051e-36  3.18535e-44 -1.23936e-35 -4.47868e-44  8.29266e-36  8.71252e-43 -1.69505e-35 -6.41169e-43 -4.64264e-36 -1.14204e-41  1.22699e-34 -7.31442e-43   -2.372e-35 -7.62274e-41 -1.61296e-34 -2.46294e-40 -6.61602e-34  4.42183e-40  1.72047e-33  1.02896e-39 -8.05241e-34 -5.05319e-39 -2.08015e-35  7.76979e-40 -5.82477e-35   -1.255e-38  1.58546e-34 -2.38026e-39 -1.81473e-34 -3.93026e-38  1.90228e-33 -5.42964e-38 -1.61201e-32 -8.65205e-39   1.1754e-31 -9.63661e-38 -7.82555e-31   2.3418e-37  4.79798e-30 -1.54691e-37 -2.71778e-29 -1.39321e-37  1.42376e-28 -9.88213e-39  -6.9022e-28   3.3776e-37  3.09738e-27 -8.80998e-39  -1.2866e-26  1.09174e-36  4.94529e-26 -4.48681e-36 -1.75773e-25   1.6801e-35  5.77154e-25 -6.01685e-35 -1.74832e-24  2.00159e-34  4.87719e-24 -6.25426e-34 -1.25018e-23  1.83121e-33  2.93647e-23 -5.02667e-33 -6.29863e-23  1.29304e-32  1.22858e-22 -3.11504e-32 -2.16781e-22  7.02252e-32  3.43738e-22 -1.48009e-31 -4.85645e-22  2.91308e-31  6.04436e-22 -5.34683e-31 -6.52194e-22  9.13753e-31  5.95474e-22 -1.45125e-30 -4.41281e-22  2.13748e-30  2.42794e-22 -2.91215e-30 -7.26208e-23   3.6594e-30 -2.09616e-23 -4.22676e-30  3.95394e-23  4.46964e-30 -2.07322e-23  -4.3069e-30  1.70952e-24  3.76075e-30  4.10004e-24 -2.95619e-30 -2.11427e-24  2.07539e-30 -2.57454e-26 -1.28893e-30   3.5585e-25   6.9995e-31 -7.69213e-26  -3.2767e-31 -2.96304e-26   1.2996e-31  1.14153e-26 -4.27904e-32   1.4541e-27   1.1461e-32 -8.02553e-28 -2.48279e-33 -5.54633e-29  4.60286e-34  2.88988e-29  -8.6639e-35  1.70039e-30  1.79298e-35 -3.92525e-31  -3.1622e-36 -2.23731e-32  3.37868e-37  8.40141e-34 -1.30805e-38
 4.86023e-46  1.50298e-37  -1.2437e-44  7.11497e-36  1.60278e-43 -2.21369e-35 -1.43558e-43  2.18108e-35  2.81891e-42 -1.14063e-35  -3.3462e-42  -2.9268e-35 -3.02832e-41  1.26517e-34 -2.35086e-41 -2.20167e-35 -1.45266e-40 -1.36509e-34 -7.69096e-40 -7.45068e-34  1.02896e-39  1.85384e-33  2.25757e-39 -8.41565e-34 -1.11791e-38   3.8066e-35  3.09907e-39  -1.1107e-34 -2.45146e-38  4.33369e-34  3.40151e-40 -2.59752e-33  -6.7696e-38  2.21231e-32 -1.12044e-37 -1.68109e-31 -1.80351e-38  1.16442e-30 -1.72344e-37 -7.43146e-30  3.98132e-37  4.37888e-29 -2.53571e-37 -2.38527e-28 -2.51565e-37  1.20208e-27 -5.15917e-38 -5.60714e-27  6.36094e-37  2.42112e-26 -8.78278e-37 -9.67567e-26  5.01421e-36    3.577e-25 -1.97072e-35 -1.22229e-24   7.2031e-35  3.85596e-24 -2.48411e-34 -1.12129e-23  8.00634e-34   2.9996e-23  -2.4214e-33 -7.36354e-23   6.8653e-33  1.65367e-22 -1.82458e-32 -3.38451e-22  4.54324e-32  6.28326e-22 -1.05919e-31 -1.05185e-21  2.31011e-31  1.57592e-21 -4.70866e-31 -2.09241e-21   8.9588e-31  2.42901e-21 -1.58881e-30  -2.4174e-21  2.62207e-30  1.99847e-21 -4.01905e-30 -1.29272e-21   5.7086e-30  5.59873e-22 -7.49404e-30 -4.95993e-23  9.06451e-30 -1.47437e-22 -1.00656e-29  1.22628e-22  1.02176e-29 -3.64074e-23 -9.43331e-30 -1.12331e-23  7.87322e-30  1.35298e-23 -5.89707e-30 -3.00392e-24  3.92864e-30  -1.4443e-24 -2.30238e-30  8.33898e-25  1.17058e-30  2.47984e-26  -5.0712e-31 -9.61907e-26  1.82754e-31  7.67823e-27 -5.29837e-32   6.5338e-27  1.17721e-32 -6.54822e-28 -1.87051e-33 -2.72178e-28  2.03523e-34  1.77061e-29 -2.42607e-35  5.60977e-30  6.50357e-36 -7.04662e-32 -1.37405e-36 -3.08309e-32  1.25319e-37 -2.11093e-34
-5.36571e-37  3.82357e-45    7.909e-37 -6.00759e-44   9.5436e-36  6.81763e-43 -3.43572e-35 -3.77861e-43  3.92192e-35  8.21489e-42  -5.2001e-38 -1.37131e-41 -6.08241e-35 -7.40978e-41  1.29683e-34 -1.09829e-40 -1.98541e-35 -2.33277e-40 -1.05409e-34 -2.08272e-39 -8.05241e-34  2.25757e-39  1.96003e-33  4.68369e-39 -8.59626e-34 -2.27998e-38  1.37487e-34  8.09636e-39 -4.69171e-34 -4.49309e-38  3.52979e-33  8.72362e-39 -2.89949e-32  -1.1025e-37   2.2861e-31 -2.15188e-37 -1.65079e-30 -3.06133e-38  1.09683e-29 -2.90746e-37 -6.72485e-29  6.53663e-37  3.80974e-28 -3.94766e-37 -1.99611e-27 -3.74354e-37  9.67855e-27 -2.51023e-37 -4.34406e-26  1.70587e-36   1.8048e-25 -5.01055e-36 -6.93847e-25  2.18665e-35  2.46668e-24 -8.28789e-35  -8.1011e-24  2.93912e-34   2.4545e-23 -9.79252e-34 -6.84854e-23  3.05614e-33  1.75582e-22 -8.94644e-33 -4.12474e-22  2.45529e-32  8.84831e-22 -6.31521e-32 -1.72595e-21  1.52148e-31  3.04513e-21 -3.43107e-31 -4.82721e-21  7.23594e-31  6.81643e-21 -1.42563e-30 -8.47574e-21  2.62071e-30  9.13057e-21 -4.48848e-30 -8.31287e-21  7.14991e-30  6.12765e-21  -1.0572e-29 -3.33147e-21  1.44759e-29  9.50749e-22 -1.83056e-29   3.3915e-22  2.13091e-29 -5.72273e-22 -2.27476e-29  2.89554e-22  2.21676e-29 -1.71827e-23 -1.96134e-29 -6.14979e-23  1.56526e-29  3.00377e-23 -1.11773e-29  1.09979e-24   7.0714e-30  -5.3356e-24 -3.91447e-30  1.05406e-24   1.8656e-30  4.69594e-25 -7.48983e-31 -1.65737e-25  2.45467e-31 -2.49836e-26 -6.24573e-32  1.20293e-26  1.11985e-32  9.99705e-28 -1.06341e-33 -4.36596e-28 -4.42581e-35 -3.07174e-29  2.23806e-35  5.97445e-30  -4.0632e-37  3.80044e-31 -4.15169e-37 -1.21663e-32  3.10042e-38
 1.31148e-45 -1.25933e-36  2.11172e-44  2.48999e-36 -2.35369e-43  9.64744e-36  2.51562e-42 -4.77272e-35 -7.76847e-43  5.76196e-35  2.15668e-41  1.75355e-35 -4.78228e-41 -9.60936e-35 -1.68019e-40  1.31972e-34 -3.70106e-40 -1.96534e-35 -2.76502e-40 -6.73575e-35 -5.05319e-39 -8.41565e-34  4.68369e-39  2.05088e-33  9.21922e-39 -8.93627e-34 -4.32006e-38  5.92017e-34  1.72341e-38 -4.17733e-33 -7.77585e-38  3.63371e-32  2.75951e-38 -2.96473e-31 -1.69863e-37  2.23042e-30 -3.88455e-37 -1.54381e-29 -4.15311e-38  9.85194e-29 -4.70698e-37 -5.80595e-28   1.0376e-36  3.16318e-27 -6.03676e-37 -1.59442e-26 -3.77892e-37  7.43872e-26 -1.19126e-36 -3.21269e-25  6.10873e-36   1.2842e-24 -2.28184e-35 -4.74874e-24   9.1017e-35  1.62309e-23 -3.33487e-34 -5.12168e-23  1.14523e-33  1.48974e-22 -3.69023e-33 -3.98626e-22  1.11468e-32  9.78791e-22 -3.15746e-32 -2.19856e-21  8.38381e-32  4.50041e-21  -2.0858e-31 -8.35541e-21  4.85924e-31  1.39864e-20 -1.05926e-30 -2.09494e-20  2.15862e-30  2.77991e-20 -4.10788e-30  -3.2236e-20  7.29077e-30  3.20192e-20 -1.20501e-29 -2.63746e-20  1.85147e-29  1.69339e-20 -2.63912e-29 -7.18363e-21  3.48164e-29  4.55666e-22   -4.239e-29  2.06914e-21  4.74727e-29 -1.65331e-21 -4.87068e-29  4.64209e-22  4.55635e-29  1.70523e-22 -3.86372e-29 -1.86886e-22  2.94905e-29  3.81841e-23 -2.00847e-29  2.14203e-23  1.20735e-29 -1.14873e-23 -6.31765e-30 -5.74813e-25  2.82538e-30   1.3776e-24 -1.05272e-30 -8.90219e-26  3.14333e-31 -9.65765e-26 -7.01887e-32  8.37922e-27  9.89538e-33  4.09047e-27 -2.51648e-34 -2.21606e-28 -2.24163e-34 -8.52755e-29  4.55014e-35  5.79773e-31   -2.953e-36  4.63733e-31 -5.29958e-38  3.93359e-33
