 2.42801e-37  4.23819e-53 -6.62425e-37 -3.27537e-52  1.82066e-37  3.02271e-52  8.16742e-37  5.05151e-52 -1.05143e-36 -5.87052e-52  5.09535e-37 -1.37719e-52  4.74345e-38 -3.39131e-53 -2.43304e-37  2.60527e-52  1.41322e-37  1.50921e-52 -8.84063e-39  -1.6176e-52 -6.19916e-38 -1.00495e-53  5.63557e-38   4.1844e-53  -1.5436e-38  1.42108e-52 -5.83883e-39  5.66439e-52  8.31783e-39  2.42282e-53 -3.63846e-39 -1.07498e-51 -1.84563e-39 -7.68056e-51  2.52255e-39 -1.09969e-50 -8.53842e-40  4.55918e-52 -2.07266e-41 -3.98212e-50  1.95248e-40  2.43818e-51 -6.52276e-41  5.48452e-50 -5.62245e-41  8.22445e-50  5.53785e-41  2.80606e-49 -1.54683e-41  9.03017e-49  1.02459e-42  7.51452e-49 -3.67918e-43  1.37755e-48 -1.04543e-42  1.49796e-48  1.38027e-43   1.9785e-48  4.78805e-43  3.52374e-48 -2.83254e-43  6.07613e-49  1.97348e-43 -1.12525e-48 -7.74236e-44 -2.43113e-48  2.59817e-44 -3.29855e-48  -2.2764e-44  -1.2805e-48  1.09621e-44 -1.22872e-49 -2.70431e-45  1.58877e-49   7.2837e-46  1.55647e-49 -2.11453e-46  1.51718e-49  1.98509e-47 -1.18389e-49 -9.22622e-48  1.48134e-52   1.2973e-47 -3.78123e-50 -6.54693e-48   7.3826e-51  2.12808e-48   2.1895e-51 -3.08096e-49  8.66008e-52  7.84404e-50 -1.46448e-52  2.40745e-50 -9.94161e-52 -2.81552e-50  1.47798e-51    1.854e-50  -2.4526e-51 -4.10752e-50  3.62895e-51  7.86041e-50 -4.98644e-51 -1.27288e-49  6.26219e-51  1.77798e-49  -7.1307e-51 -2.16155e-49  7.30097e-51  2.28944e-49 -6.64968e-51 -2.10106e-49   5.3162e-51  1.65253e-49 -3.66718e-51 -1.09536e-49  2.13362e-51  5.96967e-50 -1.01455e-51 -2.57885e-50  3.76344e-52  8.33504e-51 -1.00946e-52 -1.81938e-51  1.68953e-53  2.12494e-52   -1.137e-54
 4.23819e-53  1.24668e-36  2.31513e-52 -2.02973e-36 -1.25213e-51  8.30033e-38  9.43844e-52   2.2172e-36  1.61019e-51 -2.15608e-36 -1.40703e-51  8.34583e-37 -6.30367e-52  2.86447e-37 -2.42925e-52 -6.03352e-37  6.78674e-52  3.03739e-37   4.0979e-52  1.48525e-38 -3.35314e-52 -1.70676e-37  3.01005e-53  1.27286e-37  4.70025e-52  -2.4072e-38  1.96506e-51 -1.66372e-38   6.5132e-51  1.96637e-38  2.59285e-52 -7.40688e-39 -8.26677e-51 -7.59588e-39  -8.1784e-50  8.01679e-39 -1.21231e-49 -2.45711e-39 -1.70062e-50 -3.09459e-41 -4.72262e-49  5.21945e-40 -7.63942e-50 -1.72065e-40  5.36285e-49 -1.90083e-40  6.24294e-49  1.82889e-40  1.97497e-48 -4.70979e-41  7.37707e-48  1.88879e-42  4.78576e-48 -1.78838e-42  1.22961e-47 -3.28184e-42   1.2536e-47 -1.08093e-43  1.69303e-47  1.94093e-42  2.74397e-47 -1.16005e-42   5.7816e-48   8.5949e-43 -6.41404e-48 -3.43366e-43 -1.46399e-47  1.11002e-43 -2.11171e-47 -8.88137e-44  -7.9939e-48  3.94371e-44 -2.69914e-49 -7.76498e-45  6.08981e-49  1.41846e-45  8.27545e-49 -1.88679e-46  7.60088e-49 -8.67919e-47 -6.34884e-49 -1.80704e-47  5.65003e-50  5.04083e-47 -1.78388e-49 -3.03001e-47  3.79682e-50  1.06873e-47  7.29628e-51 -1.49118e-48   1.1505e-51  2.10062e-49  5.06136e-51  2.97361e-49 -1.47861e-50 -4.65223e-49  2.43613e-50  7.34207e-49 -3.85266e-50 -1.26791e-48  5.54218e-50  1.96521e-48 -7.32893e-50 -2.71877e-48  8.82236e-50    3.348e-48 -9.58994e-50  -3.6514e-48  9.32394e-50  3.49897e-48 -8.01202e-50 -2.91243e-48   5.9936e-50  2.07277e-48 -3.82736e-50 -1.23418e-48  2.03157e-50  5.96127e-49 -8.63034e-51 -2.23035e-49  2.76753e-51  5.99113e-50 -6.04598e-52 -9.96533e-51  7.13172e-53  6.60596e-52
-6.62425e-37  2.31513e-52   3.4526e-36  6.88781e-52 -4.01511e-36 -2.93978e-51 -4.93776e-37  2.00837e-51  3.87925e-36  3.21576e-51 -3.11028e-36 -2.24297e-51  1.04442e-36 -1.33623e-51  7.44619e-37  -7.0182e-52 -1.14712e-36  1.10176e-51  4.98926e-37  7.67135e-52  1.09616e-37 -4.97763e-52 -3.48147e-37  4.14249e-52  2.09271e-37  4.18394e-51  -2.4932e-38  1.79722e-50 -3.17436e-38  5.31208e-50  3.77044e-38  3.82815e-51 -1.16847e-38 -2.75241e-50 -2.08799e-38 -5.83972e-49  1.83832e-38  -8.6285e-49 -5.13549e-39 -1.69822e-49   1.9827e-40 -3.64932e-48  8.83251e-40 -1.07368e-48 -3.00961e-40  3.64439e-48 -4.63715e-40  3.30408e-48  4.41843e-40  8.69859e-48 -1.10213e-40  4.13816e-47  1.30611e-42  1.72404e-47 -3.57258e-42  7.39264e-47 -7.29471e-42  7.01951e-47 -2.27233e-42  9.76564e-47  5.59731e-42  1.46133e-46 -3.36219e-42  3.55358e-47  2.62806e-42 -2.46704e-47 -1.05932e-42 -5.95425e-47  3.32028e-43 -9.27207e-47  -2.4329e-43  -3.4064e-47  9.71575e-44  9.59983e-49 -1.35358e-44  1.27981e-48  2.60765e-46  2.97638e-48  1.08466e-45  2.66224e-48 -5.92009e-46 -2.37967e-48 -5.05656e-47  3.74866e-49   1.5757e-46 -5.85346e-49 -1.00174e-46   1.2993e-49  3.57513e-47  2.79691e-50 -4.19889e-48 -3.47507e-50 -1.14248e-48  8.81595e-50  4.18225e-48 -1.73118e-49 -7.29425e-48  2.82725e-49  1.21187e-47 -4.29118e-49 -1.88937e-47  5.95931e-49  2.66615e-47 -7.56497e-49 -3.38665e-47  8.70642e-49  3.84785e-47 -9.00513e-49  -3.8778e-47  8.28182e-49  3.42849e-47  -6.6824e-49 -2.62129e-47  4.65012e-49  1.70023e-47 -2.72811e-49 -9.11377e-48  1.30758e-49  3.88791e-48 -4.88775e-50 -1.24492e-48  1.32094e-50  2.69897e-49  -2.2276e-51 -3.13613e-50  1.51081e-52
-3.27537e-52 -2.02973e-36  6.88781e-52  6.79708e-36   1.3543e-51 -6.12362e-36 -5.02629e-51 -1.44096e-36  3.49034e-51  5.23336e-36  4.74822e-51 -3.88219e-36  -2.9087e-51  1.20759e-36 -1.84227e-51  1.52415e-36 -1.34842e-51 -1.93585e-36  1.29189e-51   7.0171e-37  1.17194e-51  3.21246e-37 -8.11827e-52 -5.94733e-37  2.79186e-51   2.9575e-37  3.03758e-50 -2.91419e-38  1.28753e-49 -4.61359e-38  3.53612e-49  6.84321e-38  4.44273e-50 -1.67626e-38  1.03688e-49 -4.53276e-38 -3.20383e-48  3.41079e-38 -4.57518e-48  -8.7079e-39 -6.20828e-49  1.16379e-39  -2.1494e-47  9.52532e-40 -7.95124e-48 -3.45978e-40  1.99194e-47 -9.55414e-40  1.47385e-47   9.0377e-40  2.47222e-47 -2.31177e-40  1.84226e-46 -1.59466e-42  2.33505e-47 -2.48003e-42     3.48e-46 -1.28677e-41   3.0473e-46 -9.77454e-42  4.40485e-46  1.31054e-41  6.14166e-46 -7.87218e-42  1.65453e-46  6.50061e-42 -7.37366e-47  -2.6353e-42 -1.87849e-46  8.10343e-43 -3.22608e-46 -5.44665e-43 -1.14621e-46  1.90579e-43  1.01952e-47 -1.43225e-44  8.39615e-49 -6.19712e-45  8.31723e-48  5.38979e-45  7.60482e-48 -1.80019e-45 -7.18603e-48  -2.5841e-46  1.48252e-48  4.43873e-46 -1.52182e-48 -2.67684e-46  2.88902e-49  8.98286e-47  2.37892e-49 -3.70662e-49 -4.92127e-49 -2.47643e-47  9.57204e-49  5.06245e-47  -1.6815e-48 -8.68792e-47  2.66224e-48  1.38073e-46 -3.88605e-48  -2.0119e-46  5.18866e-48  2.65802e-46 -6.30475e-48 -3.16282e-46  6.91458e-48  3.36207e-46 -6.77892e-48 -3.15998e-46  5.87057e-48  2.59193e-46 -4.42365e-48 -1.82426e-46  2.84415e-48  1.07724e-46 -1.51946e-48 -5.17303e-47  6.49505e-49  1.92864e-47 -2.09558e-49  -5.1739e-48  4.60661e-50  8.61164e-49 -5.46962e-51 -5.72032e-50
 1.82066e-37 -1.25213e-51 -4.01511e-36   1.3543e-51  1.06414e-35  1.88138e-51 -7.74521e-36 -6.79527e-51 -2.41785e-36  5.47077e-51  6.12094e-36  5.59191e-51 -4.80574e-36 -3.47236e-51  1.30747e-36 -1.76034e-51  2.79796e-36 -2.05829e-51 -3.01411e-36    1.016e-51  8.70158e-37  1.27651e-51  6.65608e-37 -3.44538e-51 -8.85634e-37  1.53011e-50  3.90356e-37  1.84753e-49  -6.4362e-38  7.72644e-49 -5.25491e-38  2.03213e-48  1.21121e-37   3.7946e-49 -2.31781e-38   2.2395e-48 -8.26488e-38  -1.4131e-47   5.3181e-38 -1.88181e-47 -1.25835e-38  1.75649e-48  3.64573e-39 -1.02968e-46  2.04185e-40 -4.14977e-47 -8.68163e-41  9.29879e-47 -1.77065e-39  6.27636e-47  1.66022e-39  2.44099e-47 -4.58313e-40  6.92053e-46 -1.69572e-42  -1.5983e-46  6.63872e-42  1.36711e-45   -1.828e-41  1.08925e-45 -2.82416e-41  1.65331e-45  2.62856e-41   2.1597e-45 -1.57327e-41  6.24484e-46  1.38408e-41 -1.81069e-46 -5.64603e-42 -4.83418e-46  1.73086e-42 -9.43986e-46  -1.0694e-42 -3.23496e-46  3.21585e-43  4.75834e-47 -4.17132e-45 -4.76852e-48 -2.06374e-44  1.89281e-47  1.42391e-44  1.89798e-47 -3.58571e-45 -1.84831e-47 -1.11182e-45  4.28751e-48  1.12482e-45 -3.08231e-48 -5.89391e-46 -1.63951e-49  1.42668e-46  2.33321e-48  1.16131e-46  -4.6925e-48 -2.79324e-46  8.46208e-48  5.08007e-46  -1.4089e-47  -8.3651e-46  2.15128e-47  1.26518e-45 -3.01674e-47  -1.7456e-45  3.85947e-47  2.18062e-45 -4.47413e-47 -2.44711e-45  4.65858e-47  2.44338e-45 -4.31053e-47 -2.14495e-45  3.49746e-47  1.63083e-45  -2.4463e-47 -1.05324e-45  1.44206e-47  5.62873e-46 -6.94349e-48 -2.39786e-46  2.60727e-48  7.68317e-47 -7.07923e-49 -1.67074e-47  1.19986e-49  1.95163e-48 -8.18438e-51
 3.02271e-52  8.30033e-38 -2.93978e-51 -6.12362e-36  1.88138e-51  1.39801e-35  1.79371e-51 -8.51443e-36 -7.68956e-51 -3.18061e-36  8.17773e-51  7.04615e-36  5.54701e-51 -6.33337e-36 -4.04426e-51  1.18933e-36 -9.14752e-52  4.69982e-36 -2.77637e-51 -4.34662e-36 -8.95137e-52  9.61487e-37  -3.7031e-51  1.10612e-36 -2.50031e-50 -1.17511e-36  6.89316e-50  5.03458e-37  9.61743e-49 -1.65934e-37  4.01995e-48 -4.58261e-38  1.03841e-47  2.06656e-37  2.53584e-48 -3.15484e-38  1.92501e-47 -1.30389e-37 -5.03497e-47  7.07758e-38 -5.86584e-47 -1.62715e-38   4.0782e-47   8.6351e-39 -4.15166e-46 -2.02171e-39 -1.64989e-46  8.16886e-40  3.82557e-46  -3.0408e-39  2.74306e-46  2.82335e-39 -2.06073e-46 -8.71228e-40  2.27548e-45  2.24207e-41 -1.51069e-45  2.74093e-41  4.64711e-45 -1.99432e-41  3.30965e-45  -6.5091e-41  5.34613e-45  4.66756e-41  6.56148e-45 -2.77862e-41   1.9831e-45  2.63594e-41  -3.7544e-46  -1.0852e-41 -1.03249e-45  3.38351e-42 -2.40068e-45 -1.93204e-42  -7.9178e-46  5.02696e-43  1.58776e-46  1.09238e-44 -2.23244e-47 -3.88845e-44  3.53673e-47  2.64242e-44   4.2937e-47 -4.58156e-45  -4.1414e-47 -3.60196e-45  8.97853e-48  2.46502e-45 -2.65817e-48 -9.22698e-46 -7.93502e-48 -2.80472e-46  1.99718e-47  1.32197e-45 -3.78296e-47 -2.55699e-45  6.53654e-47  4.40018e-45 -1.04436e-46 -6.94045e-45  1.53344e-46  1.00193e-44 -2.06076e-46 -1.31516e-44   2.5177e-46  1.55767e-44 -2.77466e-46 -1.64972e-44  2.73193e-46  1.54536e-44 -2.37484e-46 -1.26322e-44  1.79557e-46  8.85924e-45   -1.158e-46  -5.2139e-45  6.20452e-47  2.49765e-45 -2.65984e-47 -9.30674e-46  8.60804e-48  2.50234e-46 -1.89879e-48 -4.18788e-47  2.26377e-49  2.80507e-48
 8.16742e-37  9.43844e-52 -4.93776e-37 -5.02629e-51 -7.74521e-36  1.79371e-51  1.60486e-35  7.55544e-52 -8.65899e-36 -7.65854e-51 -3.82251e-36  1.17548e-50  8.91119e-36  4.95177e-51 -8.72809e-36 -4.44822e-51  6.38589e-37  1.02756e-51  7.18342e-36 -3.70801e-51 -5.78094e-36 -1.40183e-50  9.56095e-37 -5.44476e-50  1.56772e-36 -1.66955e-49 -1.41279e-36  2.35471e-49  6.40003e-37  4.35142e-48 -3.61172e-37  1.85071e-47 -2.92289e-38  4.80508e-47  3.35316e-37  1.39524e-47 -4.24608e-38  1.20497e-46 -1.81079e-37 -1.38248e-46  8.07093e-38 -1.15354e-46 -2.01832e-38  3.30864e-46    1.717e-38 -1.43599e-45 -6.42866e-39 -5.01135e-46  2.77886e-39  1.41101e-45 -4.91617e-39  1.22063e-45  4.52296e-39  -1.6486e-45 -1.58617e-39  6.72895e-45   1.1948e-40 -7.87191e-45  5.77501e-41  1.39977e-44 -1.35279e-41  8.70667e-45 -1.28364e-40  1.52291e-44  7.53514e-41  1.75773e-44 -4.46128e-41  5.41808e-45   4.6163e-41 -6.63585e-46 -1.92701e-41 -1.81361e-45  6.24858e-42 -5.41921e-45 -3.33764e-42 -1.71647e-45  7.97056e-43  4.22954e-46 -9.71073e-45 -5.50657e-47 -4.00014e-44  5.26373e-47  3.43637e-44  8.87671e-47 -1.30673e-45 -7.92943e-47 -9.07756e-45  5.91755e-48  3.99888e-45  2.39698e-47  7.02474e-46 -7.39918e-47 -5.32258e-45  1.50596e-46  1.15089e-44 -2.72146e-46 -2.07438e-44  4.52781e-46  3.42167e-44 -6.94987e-46  -5.1748e-44  9.78528e-46  7.13782e-44 -1.25658e-45 -8.91485e-44  1.46114e-45  9.99576e-44 -1.52521e-45  -9.9597e-44  1.41416e-45  8.71125e-44 -1.14935e-45 -6.58872e-44  8.05058e-46  4.22848e-44 -4.75184e-46 -2.24555e-44  2.29097e-46  9.52042e-45 -8.61529e-47 -3.04577e-45  2.34358e-47  6.64222e-46 -3.98208e-48 -7.81591e-47  2.72551e-49
 5.05151e-52   2.2172e-36  2.00837e-51 -1.44096e-36 -6.79527e-51 -8.51443e-36  7.55544e-52  1.70504e-35 -1.29596e-51  -8.9698e-36 -7.07128e-51 -4.74717e-36  1.58559e-50    1.248e-35  4.53669e-51 -1.18636e-35 -3.82701e-51 -4.99134e-37   6.3178e-51  9.94533e-36 -6.51469e-51 -7.08263e-36 -1.01417e-49  8.73299e-37 -4.11991e-49  1.98203e-36 -9.59201e-49 -1.55669e-36  4.23979e-49  7.84805e-37  1.72804e-47 -6.53881e-37  7.64002e-47 -2.08604e-38  2.03926e-46   5.1503e-37    6.544e-47 -5.61633e-38  6.19276e-46 -2.24024e-37 -2.29497e-46  7.84289e-38  6.43765e-47 -2.61643e-38  1.91409e-45  3.00726e-38 -4.29963e-45 -1.36292e-38 -1.04592e-45  6.19556e-39   4.7067e-45 -7.57076e-39  5.25059e-45   6.9019e-39 -7.77305e-45 -2.75089e-39  1.83184e-44  3.66539e-40 -3.16303e-44  8.96019e-41  3.80068e-44  2.66426e-42  2.00304e-44 -2.25315e-40  3.88194e-44  1.13435e-40  4.21116e-44 -6.68866e-41  1.29045e-44  7.59065e-41 -9.81569e-46 -3.23147e-41 -2.47222e-45  1.11362e-41 -1.10207e-44 -5.67555e-42 -3.34287e-45  1.38543e-42  9.39471e-46 -1.72237e-43 -8.40295e-47   2.5197e-44  5.68668e-47  2.07501e-44  1.59266e-46  1.14532e-44 -1.05906e-46  -1.6509e-44 -8.64954e-47 -1.52907e-45  2.50283e-46  2.05708e-44 -5.42203e-46 -4.71788e-44  1.02468e-45  8.97792e-44 -1.77766e-45 -1.55014e-43  2.84459e-45  2.45759e-43  -4.1873e-45 -3.56154e-43  5.63745e-45  4.68604e-43 -6.89675e-45 -5.55205e-43  7.60696e-45  5.86666e-43 -7.49297e-45  -5.4661e-43  6.51423e-45  4.43023e-43 -4.92469e-45 -3.07236e-43  3.17534e-45  1.78541e-43 -1.70101e-45 -8.45056e-44  7.29212e-46  3.12163e-44 -2.36084e-46 -8.36901e-45  5.21266e-47  1.40607e-45 -6.22595e-48 -9.50673e-47
-1.05143e-36  1.61019e-51  3.87925e-36  3.49034e-51 -2.41785e-36 -7.68956e-51 -8.65899e-36 -1.29596e-51  1.82498e-35 -4.15408e-51 -1.03585e-35 -6.38094e-51 -6.42406e-36  1.94407e-50  1.79291e-35  5.80259e-51 -1.51947e-35  1.28784e-51 -2.22086e-36  2.50916e-50  1.24777e-35  -2.3592e-50 -8.04468e-36 -6.13571e-49  7.63203e-37 -2.47352e-48  2.33249e-36 -4.84351e-48 -1.57023e-36 -1.58688e-48  8.94627e-37  6.05028e-47 -1.01599e-36    2.854e-46 -5.71841e-38  8.01426e-46   7.5039e-37  2.67991e-46 -7.19142e-38   2.7457e-45 -2.49599e-37  2.86848e-46  6.41612e-38  1.94676e-45 -3.72188e-38  9.00837e-45  4.75826e-38 -1.11411e-44  -2.3934e-38 -5.13392e-46   1.1373e-38  1.42453e-44 -1.12406e-38  2.09343e-44  1.01145e-38 -2.88944e-44 -4.51997e-39  4.68912e-44  8.46988e-40  -1.0708e-43  1.16904e-40  9.42478e-44  2.26111e-41  4.04341e-44  -3.6157e-40  8.95841e-44  1.63399e-40  9.11895e-44 -9.61605e-41  2.69509e-44  1.18985e-40 -1.08239e-45 -5.19933e-41 -1.99324e-45  1.93694e-41 -2.04168e-44 -9.64902e-42 -5.90442e-45  2.64934e-42  1.77185e-45  -6.7871e-43 -4.02811e-47  2.41567e-43  4.76985e-47 -3.97344e-44   1.7155e-46  3.16075e-44  1.17227e-46 -1.28647e-45 -8.16265e-46 -7.38319e-44  1.78946e-45  1.82389e-43 -3.52894e-45 -3.63065e-43  6.36919e-45  6.57155e-43  -1.0616e-44 -1.09245e-42  1.63014e-44  1.66308e-42 -2.29572e-44 -2.30337e-42   2.9472e-44  2.87941e-42 -3.42454e-44 -3.21879e-42  3.57086e-44  3.18293e-42 -3.30639e-44 -2.74932e-42  2.68313e-44  2.04383e-42 -1.87637e-44 -1.28452e-42   1.1058e-44  6.67178e-43 -5.32406e-45 -2.77349e-43  2.00013e-45  8.75962e-44 -5.43841e-46 -1.90455e-44   9.2437e-47   2.2555e-45  -6.3356e-48
-5.87052e-52 -2.15608e-36  3.21576e-51  5.23336e-36  5.47077e-51 -3.18061e-36 -7.65854e-51  -8.9698e-36 -4.15408e-51  2.12722e-35 -7.34315e-51  -1.3379e-35 -5.87994e-51 -9.11962e-36  2.08281e-50  2.46798e-35  1.42387e-50 -1.78878e-35  2.70157e-50 -4.33276e-36  9.37728e-50  1.42541e-35 -1.40706e-49 -8.61604e-36 -3.25903e-48  6.75458e-37  -1.2773e-47  2.66607e-36 -2.19373e-47  -1.4054e-36 -2.16456e-47  9.03926e-37  1.86521e-46 -1.39003e-36  9.70955e-46 -1.89999e-37  2.93893e-45  1.04158e-36  9.74968e-46 -8.71205e-38  1.07875e-44 -2.54313e-37  4.56485e-45  4.44446e-38   1.1573e-44 -5.63216e-38  3.64019e-44  6.89363e-38 -2.46405e-44 -3.71048e-38  8.03371e-45   1.8559e-38  3.90941e-44 -1.62966e-38  7.59254e-44  1.43309e-38 -9.18776e-44 -7.00239e-39  1.14919e-43  1.59952e-39 -3.17732e-43  1.51648e-40   2.1564e-43  2.81344e-41  7.13302e-44 -5.41493e-40  1.88886e-43  2.30785e-40  1.79986e-43 -1.35862e-40  4.92384e-44  1.79645e-40 -2.33627e-46  -8.1104e-41  1.62576e-45  3.29717e-41 -3.47577e-44 -1.64107e-41 -9.51467e-45  5.24214e-42   2.8551e-45 -1.84001e-42  1.68461e-46  7.18161e-43  2.42291e-46  -1.4964e-43 -5.50328e-46  -2.1248e-44  2.15869e-45  2.44787e-43  -5.5239e-45  -6.6636e-43  1.11905e-44  1.39677e-42 -2.09889e-44 -2.64689e-42  3.63638e-44  4.61573e-42 -5.81563e-44 -7.38147e-42  8.54902e-44  1.07576e-41 -1.14898e-43 -1.41764e-41  1.40266e-43  1.67393e-41 -1.54334e-43 -1.75238e-41  1.51616e-43  1.60674e-41  -1.3144e-43 -1.27238e-41  9.90825e-44  8.56391e-42 -6.37068e-44  -4.8075e-42  3.40379e-44  2.19745e-42 -1.45586e-44 -7.88867e-43  4.70505e-45  2.08206e-43 -1.03777e-45 -3.49732e-44  1.23941e-46    2.391e-45
 5.09535e-37 -1.40703e-51 -3.11028e-36  4.74822e-51  6.12094e-36  8.17773e-51 -3.82251e-36 -7.07128e-51 -1.03585e-35 -7.34315e-51  2.72316e-35 -1.01834e-50 -1.80112e-35 -5.81281e-51 -1.27536e-35  1.69926e-50  3.15098e-35  5.29474e-50 -1.90542e-35  1.46335e-49 -6.50351e-36  3.23801e-49  1.49715e-35 -8.78137e-49  -8.9748e-36 -1.54982e-47  6.26043e-37 -5.86882e-47  3.06097e-36 -9.04459e-47 -9.87455e-37 -1.42736e-46  7.43264e-37  5.01488e-46 -1.70174e-36  3.02148e-45 -4.74547e-37  1.01185e-44  1.38201e-36  3.19262e-45 -9.66776e-38  3.81903e-44 -2.44089e-37  2.49182e-44    3.082e-38   4.9453e-44 -8.47635e-38  1.30041e-43  9.20358e-38 -4.45258e-44 -5.22314e-38  5.00461e-44  2.81218e-38  9.68668e-44 -2.33145e-38  2.49562e-43  1.97428e-38 -2.59511e-43 -1.01822e-38  2.72983e-43  2.54865e-39 -8.44909e-43  2.40722e-40  4.58876e-43 -1.10468e-41  1.08279e-43 -7.69867e-40  3.66641e-43  3.25667e-40   3.2616e-43 -1.92233e-40  7.74492e-44  2.62957e-40  3.57633e-45 -1.23379e-40  1.15131e-44  5.47918e-41 -5.47446e-44 -2.76441e-41 -1.40573e-44  1.00979e-41  4.02459e-45 -4.02861e-42  1.86699e-46   1.4841e-42  2.36645e-45 -5.55006e-44  -6.2444e-45 -8.49557e-43  1.52558e-44  2.32808e-42 -3.30127e-44 -5.16186e-42  6.39307e-44  1.02653e-41 -1.14994e-43 -1.87799e-41  1.91188e-43  3.15563e-41 -2.92829e-43 -4.83942e-41  4.11132e-43   6.7215e-41 -5.26018e-43 -8.37871e-41  6.08979e-43  9.27596e-41 -6.32544e-43 -9.01019e-41  5.83357e-43  7.57315e-41 -4.71485e-43 -5.42274e-41   3.2841e-43   3.2516e-41 -1.92808e-43 -1.60174e-41  9.25079e-44  6.32766e-42 -3.46489e-44 -1.92513e-42  9.39918e-45   4.1253e-43 -1.59528e-45 -4.92149e-44  1.09308e-46
-1.37719e-52  8.34583e-37 -2.24297e-51 -3.88219e-36  5.59191e-51  7.04615e-36  1.17548e-50 -4.74717e-36 -6.38094e-51  -1.3379e-35 -1.01834e-50  3.62655e-35 -1.23537e-50 -2.37167e-35 -7.18947e-51 -1.68949e-35 -8.77838e-52  3.68569e-35  2.12409e-49 -1.80013e-35  6.66027e-49 -8.38971e-36  1.00279e-48  1.47245e-35 -4.99806e-48 -9.50444e-36 -6.69109e-47  5.86582e-37 -2.44622e-46  3.57044e-36 -3.43363e-46 -2.16672e-37 -7.29305e-46   3.6184e-37  1.14629e-45  -1.8784e-36  8.62237e-45 -9.50301e-37  3.28662e-44  1.75474e-36   9.5102e-45 -9.32172e-38  1.23209e-43 -2.33534e-37  1.02036e-43  3.56322e-38  1.75977e-43 -1.20758e-37  4.18286e-43  1.13425e-37 -5.64373e-44 -6.79368e-38  2.00975e-43  4.08143e-38  2.14714e-43 -3.30837e-38   7.4564e-43  2.65578e-38 -6.65617e-43 -1.38304e-38  6.31304e-43  3.44685e-39 -2.04239e-42  4.70214e-40   9.1355e-43 -1.28788e-40  1.35846e-43 -1.05443e-39  6.59542e-43  4.63392e-40  5.46402e-43 -2.75134e-40  9.99102e-44  3.74749e-40  1.54701e-44 -1.83511e-40  3.16647e-44  8.84588e-41 -8.00796e-44 -4.54845e-41 -1.93924e-44  1.82596e-41  6.08126e-45 -7.34987e-42 -3.85479e-45  1.73972e-42   1.6968e-44   2.5622e-42 -4.08444e-44 -8.00944e-42  8.95155e-44  1.85197e-41 -1.81133e-43 -3.86958e-41  3.37126e-43  7.43253e-41 -5.81889e-43 -1.31251e-40  9.26944e-43  2.11849e-40 -1.35691e-42 -3.10171e-40   1.8154e-42  4.08264e-40 -2.20563e-42 -4.78071e-40  2.41479e-42  4.91965e-40 -2.36019e-42 -4.38634e-40  2.03563e-42  3.33417e-40 -1.52672e-42  -2.1228e-40  9.76811e-43  1.11159e-40 -5.19489e-43 -4.70228e-41  2.21265e-43  1.57323e-41 -7.12539e-44 -3.97693e-42  1.56732e-44  6.64484e-43 -1.86872e-45 -4.63762e-44
 4.74345e-38 -6.30367e-52  1.04442e-36  -2.9087e-51 -4.80574e-36  5.54701e-51  8.91119e-36  1.58559e-50 -6.42406e-36 -5.87994e-51 -1.80112e-35 -1.23537e-50  4.75728e-35  -1.6122e-50 -2.96592e-35 -1.40319e-50  -2.0841e-35 -6.03191e-50  3.92093e-35   8.1878e-49 -1.44016e-35   2.7774e-48 -9.77233e-36  2.72402e-48  1.40155e-35 -2.55244e-47 -1.06838e-35 -2.65059e-46  5.01773e-37 -9.36847e-46  4.17862e-36 -1.21226e-45  1.00751e-36 -3.19295e-45 -2.56459e-37   2.0796e-45 -1.86591e-36  2.25784e-44 -1.62087e-36  1.01087e-43   2.1298e-36    2.601e-44 -6.90606e-38   3.6511e-43 -2.40378e-37  3.54774e-43  6.61138e-38  5.49198e-43 -1.58915e-37   1.2268e-42  1.28766e-37 -5.96947e-45 -8.30208e-38  6.51886e-43  5.79776e-38  4.17954e-43  -4.6504e-38  2.03573e-42   3.4969e-38 -1.57319e-42 -1.74464e-38  1.41691e-42  3.86966e-39 -4.53255e-42  9.42915e-40  1.70807e-42 -3.43185e-40  1.24749e-43 -1.40886e-39  1.10645e-42  6.64729e-40    8.526e-43 -3.98861e-40  8.85146e-44  5.21667e-40   4.7349e-44 -2.66952e-40  6.60579e-44  1.37979e-40 -1.08186e-43 -7.19877e-41 -2.77059e-44  2.98788e-41  1.76718e-44 -9.29977e-42 -3.62088e-44 -6.06483e-42  1.01725e-43  2.65834e-41 -2.29222e-43 -6.51911e-41  4.76301e-43   1.4272e-40  -9.2036e-43 -2.87827e-40  1.64557e-42  5.34163e-40 -2.72227e-42   -9.074e-40  4.14733e-42  1.40065e-39 -5.79034e-42 -1.94748e-39  7.36518e-42  2.41401e-39  -8.4755e-42  -2.6352e-39  8.74944e-42  2.49693e-39 -8.01917e-42 -2.01899e-39  6.44143e-42  1.36637e-39 -4.45975e-42 -7.57999e-40  2.60322e-42  3.38098e-40 -1.24232e-42  -1.1963e-40  4.63083e-43  3.31932e-41 -1.25117e-43 -6.84132e-42  2.11719e-44  8.30513e-43 -1.44822e-45
-3.39131e-53  2.86447e-37 -1.33623e-51  1.20759e-36 -3.47236e-51 -6.33337e-36  4.95177e-51    1.248e-35  1.94407e-50 -9.11962e-36 -5.81281e-51 -2.37167e-35  -1.6122e-50  5.97684e-35 -3.34866e-50 -3.50097e-35 -3.72558e-50 -2.37415e-35 -2.20039e-49   3.7463e-35  2.95924e-48 -8.31761e-36  1.07287e-47 -1.06255e-35  6.34302e-48  1.35822e-35 -1.17847e-46 -1.29356e-35 -9.71366e-46  3.17166e-37 -3.32687e-45  4.79469e-36 -4.01792e-45  2.74747e-36 -1.24842e-44 -1.09041e-36  2.28094e-45 -1.63804e-36  5.41518e-44 -2.44226e-36  2.95204e-43  2.46605e-36  6.59086e-44 -2.01624e-38  9.99298e-43  -2.7632e-37  1.09691e-42   1.1875e-37  1.54179e-42 -1.90778e-37  3.31104e-42  1.33858e-37  2.50105e-43 -9.74452e-38  1.82613e-42  8.15517e-38  6.85546e-43 -6.43786e-38  5.10713e-42  4.50945e-38 -3.46197e-42  -2.0277e-38  3.06221e-42  3.29841e-39  -9.3013e-42  1.72124e-39  3.00418e-42 -6.27427e-40  3.70786e-44  -1.8562e-39  1.74238e-42  9.56062e-40  1.25086e-42 -5.83076e-40 -8.58612e-45  7.11348e-40  1.24525e-43 -3.79152e-40  1.16122e-43  2.06267e-40  -1.2855e-43 -1.06269e-40 -5.76797e-44  3.70376e-41  9.18511e-44  1.42786e-41 -2.26724e-43 -8.50404e-41  5.47376e-43  2.24823e-40 -1.17526e-42 -5.16597e-40  2.34185e-42  1.09254e-39 -4.33895e-42 -2.12945e-39  7.44093e-42  3.80503e-39 -1.17786e-41 -6.19012e-39  1.71281e-41  9.09191e-39 -2.27588e-41 -1.19369e-38  2.74561e-41  1.38426e-38 -2.98439e-41 -1.39755e-38  2.89573e-41  1.20718e-38  -2.4794e-41 -8.73673e-39  1.84623e-41  5.17016e-39 -1.17303e-41 -2.43753e-39  6.19733e-42  8.96704e-40 -2.62362e-42  -2.5693e-40  8.40381e-43  5.81605e-41 -1.84048e-43 -9.61621e-42  2.18763e-44  7.10135e-43
-2.43304e-37 -2.42925e-52  7.44619e-37 -1.84227e-51  1.30747e-36 -4.04426e-51 -8.72809e-36  4.53669e-51  1.79291e-35  2.08281e-50 -1.27536e-35 -7.18947e-51 -2.96592e-35 -3.34866e-50  7.13803e-35 -1.04236e-49 -3.92728e-35 -9.16291e-50 -2.47576e-35 -4.52598e-49  3.11376e-35  9.95876e-48 -9.35107e-38  3.82592e-47 -1.10677e-35  1.25233e-47  1.41149e-35 -4.97087e-46 -1.64827e-35 -3.31442e-45 -6.62069e-39 -1.10303e-44  5.28659e-36 -1.26168e-44  4.98838e-36  -4.4588e-44 -2.09286e-36  -2.2761e-45  -1.1946e-36  1.18275e-43 -3.32663e-36  8.20024e-43  2.71951e-36  1.56318e-43  4.89255e-38  2.53539e-42 -3.37508e-37  3.08705e-42   1.7618e-37  3.95172e-42 -2.06289e-37  8.28084e-42  1.26067e-37  1.01953e-42 -1.13365e-37  4.55295e-42  1.13862e-37   8.4031e-43 -8.71617e-38  1.18345e-41  5.68969e-38 -7.14574e-42 -2.14456e-38  6.31427e-42  1.29726e-39 -1.77449e-41  2.74122e-39  4.96626e-42 -8.76313e-40 -1.54251e-43 -2.43289e-39  2.59468e-42  1.37004e-39  1.74818e-42 -8.53417e-40 -2.72867e-43  9.51922e-40   2.9799e-43 -5.22411e-40  1.70147e-43   2.8723e-40 -9.37361e-44 -1.23012e-40 -2.17949e-43 -3.63508e-41  5.04074e-43  2.70321e-40 -1.20971e-42 -7.58909e-40  2.71221e-42  1.83139e-39 -5.58404e-42 -4.05755e-39  1.06862e-41   8.2943e-39 -1.89827e-41 -1.55714e-38  3.11687e-41  2.66723e-38 -4.71239e-41  -4.1357e-38  6.52741e-41  5.75029e-38 -8.23544e-41 -7.08803e-38  9.39847e-41  7.63865e-38 -9.62072e-41 -7.07482e-38  8.74319e-41  5.51275e-38 -6.96394e-41 -3.51933e-38  4.78171e-41  1.78235e-38 -2.76894e-41 -6.91211e-39  1.31151e-41  2.00386e-39  -4.8556e-42 -4.46658e-40  1.30424e-42  8.28855e-41 -2.19691e-43 -1.07381e-41  1.49828e-44
 2.60527e-52 -6.03352e-37  -7.0182e-52  1.52415e-36 -1.76034e-51  1.18933e-36 -4.44822e-51 -1.18636e-35  5.80259e-51  2.46798e-35  1.69926e-50 -1.68949e-35 -1.40319e-50 -3.50097e-35 -1.04236e-49  8.13742e-35 -3.17278e-49 -4.25381e-35 -1.35735e-49 -2.32488e-35  3.42514e-49  2.03979e-35  3.09298e-47  9.79613e-36  1.24749e-46   -1.121e-35  2.39319e-47  1.59831e-35 -1.93314e-45 -2.12454e-35 -1.05818e-44 -5.01183e-37 -3.43281e-44  5.53291e-36 -3.78596e-44  7.61392e-36 -1.47589e-43 -3.21127e-36 -2.23705e-44 -5.51096e-37  2.32239e-43 -4.16229e-36   2.1694e-42  2.85646e-36    3.515e-43  1.21472e-37  5.97497e-42 -3.99046e-37  8.01924e-42  2.08538e-37  9.33704e-42 -1.95929e-37  1.92962e-41  1.05849e-37  2.87099e-42 -1.35811e-37  1.02699e-41  1.57247e-37  3.42039e-43 -1.14728e-37  2.54444e-41  7.00918e-38 -1.39028e-41 -2.01844e-38   1.2319e-41  -2.2511e-39 -3.15988e-41  3.71999e-39  7.68661e-42 -8.78385e-40 -4.29372e-43  -3.1928e-39  3.68639e-42  1.94579e-39   2.3724e-42 -1.23964e-39 -8.21824e-43  1.24571e-39  6.74135e-43 -6.74898e-40  1.50707e-43  3.02738e-40  2.22174e-43  1.12968e-40 -1.05492e-42 -8.53548e-40   2.5558e-42   2.5096e-39 -5.85118e-42 -6.33538e-39  1.24761e-41  1.46819e-38 -2.46615e-41 -3.14237e-38  4.52833e-41    6.188e-38 -7.70263e-41 -1.11436e-37  1.20865e-40  1.82175e-37 -1.74182e-40 -2.67981e-37    2.293e-40   3.5094e-37    -2.74e-40 -4.03825e-37  2.94943e-40  4.01715e-37 -2.83372e-40 -3.38435e-37  2.40238e-40  2.35158e-37 -1.77137e-40 -1.30179e-37  1.11469e-40   5.4879e-38 -5.83511e-41 -1.66867e-38  2.44922e-41   3.5343e-39 -7.78563e-42 -5.84525e-40  1.69435e-42  9.59856e-41 -2.00463e-43 -8.65445e-42
 1.41322e-37  6.78674e-52 -1.14712e-36 -1.34842e-51  2.79796e-36 -9.14752e-52  6.38589e-37 -3.82701e-51 -1.51947e-35  1.42387e-50  3.15098e-35 -8.77838e-52  -2.0841e-35 -3.72558e-50 -3.92728e-35 -3.17278e-49  8.95869e-35 -7.00316e-49 -4.55366e-35  2.07596e-49 -1.89609e-35  9.32584e-48  5.92151e-36  8.70968e-47  2.08332e-35  3.65351e-46 -1.09815e-35  7.75661e-47  1.90781e-35  -6.9809e-45  -2.6801e-35 -3.17243e-44 -1.20427e-36 -1.00703e-43  5.46587e-36 -1.09343e-43   1.0407e-35 -4.57447e-43 -4.40896e-36 -7.94128e-44  2.72129e-37  3.98297e-43 -4.84198e-36   5.4704e-42  2.86509e-36  7.62418e-43  1.69469e-37  1.30817e-41 -4.17555e-37  1.94085e-41  1.80184e-37  2.04759e-41 -1.53363e-37  4.20777e-41  7.79699e-38  6.73173e-42 -1.72627e-37  2.11628e-41  2.13599e-37 -2.01534e-42 -1.46179e-37  5.09496e-41  8.40479e-38   -2.557e-41 -1.61056e-38  2.25838e-41 -6.92788e-39 -5.26723e-41  4.09234e-39   1.1047e-41 -3.06678e-40 -6.74224e-43 -4.20809e-39  5.04878e-42  2.72376e-39  3.21422e-42 -1.75789e-39 -1.83593e-42  1.53358e-39  1.51929e-42 -6.10215e-40 -3.37084e-43 -4.54447e-40  1.86696e-42  2.67052e-39  -5.0729e-42  -8.0972e-39  1.19315e-41   2.1301e-38 -2.61443e-41 -5.15197e-38  5.33764e-41  1.15239e-37 -1.01226e-40 -2.37596e-37  1.78058e-40  4.49041e-37 -2.89514e-40 -7.72646e-37  4.33236e-40  1.20054e-36 -5.93755e-40 -1.66795e-36  7.40946e-40  2.04713e-36 -8.36097e-40 -2.18633e-36  8.46054e-40  1.99334e-36 -7.59935e-40 -1.51324e-36  5.98205e-40  9.24996e-37 -4.05981e-40 -4.34456e-37   2.3243e-40  1.46448e-37 -1.08906e-40 -3.20509e-38  3.99226e-41  4.15386e-39  -1.0632e-41 -4.99025e-40  1.77887e-42  9.53302e-41 -1.20793e-43
 1.50921e-52  3.03739e-37  1.10176e-51 -1.93585e-36 -2.05829e-51  4.69982e-36  1.02756e-51 -4.99134e-37  1.28784e-51 -1.78878e-35  5.29474e-50  3.68569e-35 -6.03191e-50 -2.37415e-35 -9.16291e-50 -4.25381e-35 -7.00316e-49  9.69095e-35 -2.12509e-49 -4.94245e-35  2.35001e-48 -1.21648e-35  5.95099e-47   -1.129e-35   2.1434e-46  3.24261e-35   9.2633e-46 -1.00327e-35  4.55657e-46  2.28231e-35 -2.35341e-44 -3.24146e-35 -8.95105e-44 -2.15567e-36 -2.79382e-43  5.08777e-36 -3.05359e-43  1.30794e-35 -1.33792e-42 -5.67753e-36 -2.00285e-43  1.25217e-36  5.52939e-43 -5.28694e-36  1.31564e-41  2.75806e-36  1.63129e-42   1.6146e-37  2.65575e-41 -3.43817e-37  4.40599e-41   6.1323e-38  4.18855e-41 -7.84355e-38  8.61688e-41  5.19494e-38   1.3962e-41 -2.33344e-37  4.00698e-41  2.83733e-37 -8.41333e-42 -1.79609e-37  9.53029e-41  9.76584e-38 -4.44999e-41 -9.40463e-39  3.86733e-41 -1.16768e-38 -8.23387e-41  3.01565e-39  1.45048e-41  1.25784e-39 -6.35039e-43  -5.5547e-39  6.73179e-42   3.7011e-39  4.52216e-42 -2.25967e-39 -3.70371e-42  1.19019e-39  3.69707e-42  1.72568e-39 -3.11935e-42 -8.23536e-39  9.41873e-42   2.5387e-38 -2.28626e-41 -6.93242e-38  5.16122e-41  1.74613e-37 -1.08459e-40  -4.0741e-37  2.12238e-40  8.77851e-37  -3.8556e-40 -1.73793e-36  6.48414e-40  3.14154e-36  -1.0056e-39 -5.14621e-36  1.43153e-39  7.57052e-36 -1.86065e-39 -9.89095e-36  2.19415e-39  1.13199e-35 -2.32978e-39  -1.1152e-35  2.20715e-39   9.2448e-36 -1.84456e-39 -6.25424e-36  1.34054e-39   3.3061e-36  -8.3155e-40  -1.2777e-36  4.29259e-40  3.21507e-37 -1.77824e-40 -4.06405e-38  5.58653e-41  7.63388e-40 -1.20398e-41 -2.05789e-40  1.41461e-42  8.29451e-41
-8.84063e-39   4.0979e-52  4.98926e-37  1.29189e-51 -3.01411e-36 -2.77637e-51  7.18342e-36   6.3178e-51 -2.22086e-36  2.70157e-50 -1.90542e-35  2.12409e-49  3.92093e-35 -2.20039e-49 -2.47576e-35 -1.35735e-49 -4.55366e-35 -2.12509e-49  1.05088e-34  8.28631e-48  -5.5332e-35  8.41615e-48 -3.68929e-36  2.75288e-46  -3.0064e-35  4.19321e-46  4.38041e-35  1.84183e-45 -7.78607e-36  2.71031e-45  2.63292e-35 -7.43581e-44 -3.71447e-35  -2.3787e-43 -3.36101e-36 -7.34879e-43  4.45839e-36 -8.25715e-43  1.53259e-35 -3.71435e-42 -7.03232e-36 -3.73418e-43  2.35188e-36  4.50086e-43 -5.45438e-36  3.01956e-41  2.56111e-36  3.52932e-42  7.77839e-38  4.97386e-41 -1.44178e-37  9.43059e-41   -1.578e-37  8.02291e-41  1.99675e-38  1.66202e-40  4.11943e-38  2.64034e-41  -3.2677e-37  6.99069e-41  3.66391e-37 -2.20892e-41 -2.11713e-37  1.66902e-40  1.09159e-37 -7.32269e-41 -8.80271e-40  6.14871e-41 -1.49025e-38 -1.20792e-40 -5.26253e-40  1.68092e-41  4.24346e-39  1.21068e-43 -7.19708e-39  8.75292e-42  4.43872e-39  6.99061e-42 -1.05867e-39 -7.69708e-42 -5.54892e-39  1.04934e-41  2.45633e-38 -1.59875e-41 -7.70214e-38  4.14975e-41  2.17688e-37 -9.57828e-41 -5.69865e-37  2.07299e-40  1.38452e-36 -4.17647e-40 -3.11233e-36  7.82452e-40  6.44298e-36 -1.35869e-39 -1.22124e-35  2.17917e-39  2.10487e-35 -3.21462e-39 -3.27152e-35  4.33979e-39  4.53917e-35 -5.33062e-39 -5.55223e-35  5.91631e-39  5.89345e-35 -5.88413e-39 -5.31897e-35   5.1912e-39  3.97187e-35 -4.01166e-39 -2.36163e-35    2.672e-39  1.05471e-35 -1.50143e-39 -3.19433e-36  6.90867e-40  5.14191e-37 -2.49026e-40 -7.20991e-40  6.53556e-41 -8.98824e-39 -1.08124e-41 -1.58846e-40  7.29377e-43
 -1.6176e-52  1.48525e-38  7.67135e-52   7.0171e-37    1.016e-51 -4.34662e-36 -3.70801e-51  9.94533e-36  2.50916e-50 -4.33276e-36  1.46335e-49 -1.80013e-35   8.1878e-49   3.7463e-35 -4.52598e-49 -2.32488e-35  2.07596e-49 -4.94245e-35  8.28631e-48  1.16145e-34  5.73086e-47 -6.38392e-35  6.43293e-48  5.19221e-36  1.05426e-45 -4.91462e-35  4.13706e-46  5.39399e-35  1.71261e-45 -3.62652e-36    1.383e-44  2.86308e-35 -2.20832e-43 -4.00157e-35 -5.94858e-43 -4.73152e-36 -1.83623e-42  3.66109e-36 -2.15767e-42  1.68912e-35 -9.83203e-42 -8.48823e-36 -3.88735e-43  3.49665e-36 -5.69362e-43 -5.32379e-36    6.618e-41  2.28895e-36  7.87067e-42  -6.8894e-38  8.50319e-41  1.74193e-37  1.91113e-40 -4.53965e-37   1.4432e-40  1.22291e-37  3.02668e-40   6.0336e-38  4.64553e-41 -4.57305e-37  1.12375e-40  4.56671e-37 -4.67862e-41 -2.37167e-37  2.74048e-40  1.15881e-37 -1.13663e-40  8.30815e-39  9.00431e-41 -1.48096e-38  -1.6617e-40 -7.47252e-39  1.56664e-41  8.74782e-39  2.29983e-42 -7.98795e-39  1.07512e-41  4.59674e-40  1.28321e-41  1.74928e-38 -1.87734e-41 -6.99223e-38  3.47445e-41  2.25101e-37 -6.96205e-41 -6.57982e-37  1.68074e-40  1.78736e-36 -3.72302e-40 -4.51482e-36   7.7177e-40  1.05717e-35 -1.48806e-39 -2.28467e-35  2.66285e-39  4.53284e-35 -4.40684e-39 -8.20406e-35  6.71823e-39  1.34428e-34 -9.39095e-39 -1.97582e-34  1.19709e-38  2.57551e-34 -1.38269e-38  -2.9354e-34  1.43614e-38  2.87247e-34 -1.32909e-38 -2.35601e-34  1.08371e-38  1.56669e-34 -7.67575e-39 -8.03948e-35  4.63693e-39  2.93028e-35  -2.3308e-39 -6.33698e-36  9.40953e-40  3.24629e-37 -2.88707e-40  1.54657e-37  6.10127e-41 -1.95793e-38 -7.07393e-42 -6.18113e-40
-6.19916e-38 -3.35314e-52  1.09616e-37  1.17194e-51  8.70158e-37 -8.95137e-52 -5.78094e-36 -6.51469e-51  1.24777e-35  9.37728e-50 -6.50351e-36  6.66027e-49 -1.44016e-35  2.95924e-48  3.11376e-35  3.42514e-49 -1.89609e-35  2.35001e-48  -5.5332e-35  5.73086e-47  1.31596e-34  2.65099e-46 -7.46083e-35 -1.31234e-46  1.30226e-35  3.46998e-45 -6.72611e-35 -1.46241e-45  6.15948e-35 -7.76926e-45  2.84208e-36  6.11103e-44  2.89204e-35 -6.17806e-43 -4.02317e-35 -1.39583e-42 -6.02665e-36 -4.36469e-42  2.75995e-36 -5.42323e-42   1.7631e-35 -2.48958e-41 -1.00213e-35   6.1583e-43  4.54905e-36 -3.97932e-42 -4.86683e-36  1.38617e-40  1.91564e-36   1.8175e-41 -2.12612e-37  1.29811e-40  5.41923e-37  3.67979e-40 -7.64063e-37  2.44348e-40  1.99486e-37  5.21474e-40   1.2052e-37   7.7325e-41 -6.20267e-37  1.65842e-40  5.43905e-37 -8.50918e-41  -2.4784e-37  4.22092e-40  1.13971e-37 -1.65704e-40  1.71692e-38  1.19874e-40 -1.00427e-38 -2.13711e-40 -1.78434e-38  7.33196e-42  1.20353e-38   7.3363e-42  3.45593e-39  1.04834e-41 -4.92444e-38  2.98662e-41  1.92052e-37 -5.61286e-41 -6.32023e-37  1.24317e-40  1.91139e-36 -2.74916e-40 -5.38188e-36  6.29872e-40  1.41155e-35 -1.33756e-39 -3.43811e-35  2.64992e-39   7.7452e-35 -4.87456e-39 -1.60585e-34  8.30119e-39  3.04652e-34 -1.30363e-38 -5.25165e-34  1.87957e-38  8.15685e-34 -2.47515e-38 -1.12981e-33  2.95901e-38  1.37781e-33  -3.1885e-38 -1.45549e-33  3.07054e-38  1.30396e-33 -2.61551e-38 -9.62607e-34   1.9458e-38  5.61741e-34  -1.2442e-38 -2.42511e-34  6.69681e-39  6.80755e-35 -2.94837e-39 -8.15348e-36  1.01779e-39 -1.24073e-36 -2.56881e-40  4.34687e-37  4.12291e-41 -1.58082e-38 -2.73712e-42
-1.00495e-53 -1.70676e-37 -4.97763e-52  3.21246e-37  1.27651e-51  9.61487e-37 -1.40183e-50 -7.08263e-36  -2.3592e-50  1.42541e-35  3.23801e-49 -8.38971e-36   2.7774e-48 -8.31761e-36  9.95876e-48  2.03979e-35  9.32584e-48 -1.21648e-35  8.41615e-48 -6.38392e-35  2.65099e-46   1.5177e-34  9.88885e-46 -8.63538e-35 -1.14187e-45  1.85138e-35  9.83859e-45 -8.32008e-35 -1.18609e-44  6.55131e-35 -6.08603e-44   1.1581e-35  2.39892e-43  2.67288e-35 -1.63107e-42 -3.73921e-35 -3.05575e-42 -6.83074e-36 -9.88022e-42  1.75962e-36 -1.30295e-41  1.75471e-35 -6.04358e-41 -1.15295e-35   5.2724e-42  5.29326e-36 -1.26986e-41 -4.01392e-36  2.77714e-40  1.35039e-36  4.29509e-41 -2.19778e-37  1.68023e-40  8.18547e-37   6.7526e-40 -9.88463e-37  3.89969e-40  2.18438e-37  8.51505e-40  2.22928e-37  1.23667e-40 -7.97023e-37  2.22566e-40  6.09425e-37 -1.35318e-40 -2.32069e-37  6.09391e-40  9.80766e-38 -2.25281e-40   2.5846e-38  1.41388e-40 -1.60016e-39 -2.55056e-40 -2.48292e-38 -1.41497e-41 -1.37503e-38  1.93592e-41  1.30558e-37 -1.82446e-42 -5.05674e-37  8.61093e-41  1.70672e-36 -1.89086e-40 -5.33284e-36  4.43901e-40  1.55516e-35 -9.95617e-40 -4.23058e-35  2.17335e-39  1.07058e-34 -4.40719e-39 -2.51068e-34  8.31029e-39  5.43183e-34 -1.45097e-38 -1.07834e-33   2.3372e-38  1.95178e-33  -3.4577e-38 -3.19619e-33  4.67403e-38  4.69128e-33 -5.73815e-38 -6.10076e-33  6.35217e-38  6.92787e-33 -6.28706e-38  -6.7422e-33  5.50698e-38  5.48449e-33 -4.21628e-38 -3.60049e-33  2.77877e-38  1.80814e-33 -1.54642e-38  -6.3168e-34  7.08824e-39  1.21118e-34 -2.58714e-39  1.30856e-36  7.15282e-40 -5.36046e-36 -1.37308e-40  6.42445e-37  1.48613e-41   4.9039e-39
 5.63557e-38  3.01005e-53 -3.48147e-37 -8.11827e-52  6.65608e-37  -3.7031e-51  9.56095e-37 -1.01417e-49 -8.04468e-36 -1.40706e-49  1.49715e-35  1.00279e-48 -9.77233e-36  1.07287e-47 -9.35107e-38  3.09298e-47  5.92151e-36  5.95099e-47 -3.68929e-36  6.43293e-48 -7.46083e-35  9.88885e-46  1.75537e-34  3.10977e-45 -9.71971e-35 -6.36431e-45  2.08935e-35   2.3254e-44 -9.59596e-35 -5.32261e-44  6.47017e-35 -2.76159e-43  2.20236e-35  8.53359e-43   2.2029e-35  -4.0701e-42 -3.16596e-35 -6.17746e-42 -6.58373e-36 -2.13196e-41  5.78314e-37 -2.97103e-41  1.67852e-35 -1.40844e-40 -1.28115e-35  2.04842e-41  5.43877e-36 -3.19951e-41 -2.63309e-36  5.32712e-40  4.29476e-37  1.01777e-40  1.10367e-37  1.55685e-40  8.03111e-37   1.1842e-39 -1.00702e-36  5.87031e-40   1.5204e-37  1.31968e-39  3.51505e-37  1.92833e-40 -9.51024e-37    2.658e-40  6.24964e-37 -1.87027e-40 -1.74221e-37  8.22756e-40  6.05714e-38 -2.82149e-40  3.92705e-38  1.38685e-40 -6.17936e-39 -2.77416e-40  3.75077e-38 -5.92972e-41 -3.19761e-37  5.23777e-41  1.27733e-36 -6.25025e-41 -4.43089e-36  2.76484e-40  1.42944e-35 -6.44644e-40 -4.31321e-35  1.50257e-39  1.21585e-34 -3.28851e-39 -3.19329e-34  6.81952e-39   7.7867e-34 -1.31176e-38 -1.75554e-33  2.33623e-38  3.64133e-33   -3.835e-38 -6.90786e-33   5.7747e-38  1.19015e-32 -7.93039e-38 -1.84639e-32  9.86388e-38  2.55251e-32 -1.10181e-37 -3.10362e-32  1.09366e-37  3.26443e-32 -9.51761e-38 -2.90603e-32  7.13363e-38  2.12494e-32 -4.49259e-38 -1.22144e-32  2.29093e-38  5.13377e-33 -8.88201e-39 -1.35606e-33  2.28185e-39   1.1908e-34 -2.12412e-40  4.21261e-35 -8.29521e-41 -1.13514e-35  3.08044e-41  4.35188e-37 -2.64832e-42
  4.1844e-53  1.27286e-37  4.14249e-52 -5.94733e-37 -3.44538e-51  1.10612e-36 -5.44476e-50  8.73299e-37 -6.13571e-49 -8.61604e-36 -8.78137e-49  1.47245e-35  2.72402e-48 -1.06255e-35  3.82592e-47  9.79613e-36  8.70968e-47   -1.129e-35  2.75288e-46  5.19221e-36 -1.31234e-46 -8.63538e-35  3.10977e-45   2.0058e-34  8.21372e-45 -1.05283e-34 -2.87619e-44  2.01343e-35  4.02805e-44 -1.04884e-34 -1.93325e-43  5.86915e-35 -1.01901e-42  3.31317e-35   2.7893e-42  1.52707e-35 -9.61444e-42 -2.38311e-35 -1.13145e-41 -4.66712e-36  -4.3897e-41 -9.58851e-37 -6.38064e-41   1.5599e-35 -3.15311e-40 -1.35758e-35  6.25893e-41  4.64627e-36 -7.07086e-41 -5.33251e-37  9.79336e-40 -1.06819e-36  2.37104e-40   1.0234e-36 -8.32213e-43  2.67096e-37  1.98958e-39 -7.06745e-37  8.32969e-40 -7.42861e-39   1.9436e-39  4.66503e-37  2.96826e-40   -1.026e-36  2.67635e-40  5.52353e-37 -2.16035e-40 -5.37586e-38  1.03368e-39  -1.4743e-38 -3.17784e-40  9.59365e-38  8.90266e-41 -1.74265e-37 -2.61134e-40  7.56223e-37 -1.51162e-40 -3.08422e-36  1.53053e-40  1.10574e-35 -2.90462e-40 -3.68236e-35  8.90402e-40  1.14877e-34 -2.07398e-39 -3.35272e-34  4.65309e-39  9.13027e-34 -9.72208e-39  -2.3125e-33   1.8973e-38  5.42643e-33 -3.41647e-38 -1.17434e-32  5.65199e-38  2.33117e-32 -8.53321e-38 -4.21735e-32  1.16605e-37  6.89937e-32 -1.42615e-37 -1.01102e-31  1.53637e-37  1.31156e-31 -1.42151e-37 -1.48407e-31  1.07818e-37  1.43691e-31 -5.98033e-38 -1.16014e-31  1.35478e-38  7.52988e-32  1.71361e-38 -3.71114e-32 -2.74239e-38  1.24989e-32  2.26536e-38 -2.14365e-33 -1.27119e-38  -1.4953e-34  4.92568e-39  1.30851e-34 -1.22305e-39 -1.42107e-35  1.55852e-40 -1.10724e-37
