 2.54495e-33  1.12658e-36 -2.63298e-32  -2.9553e-36  8.42122e-31 -2.07093e-35 -1.76507e-29  8.65863e-36  2.60137e-28  1.83987e-36 -2.90586e-27  1.28992e-35  2.57026e-26  4.25209e-37 -1.85249e-25 -2.85826e-36  1.10969e-24  2.27252e-37 -5.60291e-24  4.69158e-36  2.40845e-23 -3.82639e-35 -8.87543e-23  1.98617e-34  2.81653e-22 -9.09589e-34  -7.7144e-22  3.68677e-33    1.824e-21 -1.33549e-32 -3.71504e-21  4.34686e-32  6.48645e-21   -1.277e-31 -9.62588e-21  3.40183e-31  1.19698e-20 -8.26066e-31 -1.21736e-20  1.83979e-30  9.67488e-21 -3.78532e-30 -5.39948e-21   7.2521e-30  1.34815e-21 -1.30369e-29  8.34587e-22  2.21148e-29 -1.01707e-21 -3.54596e-29    3.194e-22    5.357e-29  1.56479e-22 -7.56568e-29 -1.57381e-22  9.87973e-29  8.75539e-24 -1.17791e-28  3.94504e-23  1.26463e-28 -1.02682e-23 -1.20361e-28  -7.8818e-24  9.94839e-29   3.0834e-24  -6.9076e-29  1.51333e-24  3.75006e-29 -6.30797e-25 -1.23414e-29 -3.00115e-25 -2.74168e-30  9.21558e-26  8.54018e-30  5.71907e-26 -8.44521e-30 -7.29923e-27  6.00105e-30 -9.02046e-27 -3.46376e-30 -4.87228e-28  1.68788e-30  9.83308e-28 -6.96089e-31  2.38013e-28  2.35202e-31 -4.93619e-29 -5.96333e-32 -3.14171e-29  8.76481e-33 -2.73146e-30  2.66901e-34  1.65646e-30 -2.72258e-34  5.31792e-31  -1.1229e-34  2.18967e-32  9.60284e-35 -2.12571e-32 -2.49884e-35  -5.2934e-33  8.94421e-37 -2.87096e-34  1.12696e-36  1.05688e-34  -2.7694e-37  2.60325e-35  9.72514e-39  2.16053e-36  6.36087e-39  -9.4993e-38 -9.74517e-40 -4.03491e-38 -2.28205e-41 -3.96191e-39  1.73801e-41 -1.40102e-40 -1.67723e-42  6.15669e-42   5.9751e-44  7.28179e-43  5.32926e-45   2.6739e-44 -4.35528e-46   4.9744e-46 -3.13758e-48
 1.12658e-36  4.16655e-32   4.3409e-36 -1.74351e-30 -8.96451e-36  4.55911e-29 -4.94038e-35 -7.93911e-28 -5.02215e-36  1.01566e-26  1.67136e-35  -1.0093e-25  1.62472e-35   8.0693e-25 -5.31242e-37 -5.31482e-24 -2.77464e-36  2.93233e-23 -1.71446e-35 -1.37141e-22  1.11922e-34  5.48285e-22 -6.49623e-34 -1.88452e-21  3.18829e-33  5.58758e-21 -1.38455e-32 -1.43097e-20  5.34739e-32  3.16261e-20 -1.84616e-31 -6.01211e-20  5.72015e-31  9.76788e-20 -1.59637e-30 -1.34175e-19  4.02814e-30  1.53046e-19 -9.23164e-30 -1.40435e-19  1.93271e-29  9.71827e-20 -3.72463e-29 -4.22804e-20  6.67174e-29  9.57866e-22 -1.12315e-28  1.39086e-20  1.79514e-28 -9.12032e-21 -2.73994e-28   5.0795e-22  3.98789e-28  2.52904e-21 -5.48519e-28   -1.095e-21  7.02997e-28 -3.61418e-22 -8.26084e-28  3.71881e-22  8.75612e-28  2.23611e-23 -8.23246e-28 -8.97471e-23  6.73181e-28  2.03698e-24 -4.65211e-28  1.85645e-23   2.5704e-28 -2.82302e-25 -9.66112e-29 -3.39948e-24  3.03055e-30 -2.02343e-25  3.31784e-29  5.18078e-25  -3.5341e-29  9.52812e-26  2.48856e-29 -5.62075e-26 -1.40016e-29 -2.12343e-26  6.65334e-30  2.57519e-27 -2.68029e-30  2.71215e-27  8.73926e-31   3.0796e-28 -2.01897e-31 -1.66486e-28  1.87596e-32 -5.92612e-29  6.30437e-33 -1.51318e-30 -2.16016e-33  3.23447e-30 -3.24776e-34  7.71383e-31  3.64057e-34  1.35899e-32 -9.08668e-35 -2.75157e-32  2.33063e-36 -5.80363e-33  3.89516e-36  -3.0444e-34 -8.65156e-37  8.02612e-35  2.38763e-38  1.84523e-35  1.76157e-38  1.51466e-36  -2.1988e-39 -8.50919e-39 -1.07614e-40 -1.32386e-38  3.85241e-41 -1.20875e-39 -3.68526e-42  -4.2177e-41  2.38594e-43 -1.59775e-43  6.11964e-45  3.08292e-44 -7.62929e-46  8.35535e-46
-2.63298e-32   4.3409e-36  2.16539e-30  1.01761e-35 -7.44238e-29 -1.72574e-35  1.56809e-27 -7.51882e-35 -2.32876e-26 -3.77354e-35  2.62229e-25  3.86388e-35   -2.339e-24  7.50714e-36  1.70071e-23 -2.19598e-36 -1.02823e-22  2.21387e-35  5.24228e-22 -2.25932e-34  -2.2766e-21  1.37809e-33   8.4807e-21 -7.38987e-33 -2.72225e-20  3.46812e-32   7.5475e-20 -1.44171e-31 -1.80793e-19  5.33354e-31  3.73433e-19 -1.76271e-30 -6.62052e-19   5.2208e-30  9.99224e-19 -1.38959e-29 -1.26655e-18  3.33312e-29  1.31759e-18  -7.2291e-29 -1.07794e-18  1.42439e-28  6.29274e-19  -2.5677e-28 -1.80444e-19  4.27959e-28 -7.93108e-20 -6.68994e-28  1.16331e-19  9.96962e-28 -4.29572e-20 -1.43498e-27 -1.47577e-20  2.00136e-27  1.89786e-20 -2.67897e-27 -2.34555e-21  3.37765e-27  -4.4725e-21  -3.9248e-27  1.55521e-21  4.11759e-27  8.40413e-22 -3.82694e-27 -4.44599e-22  3.08899e-27 -1.55471e-22 -2.10918e-27  9.27571e-23  1.16288e-27  3.16216e-23 -4.59484e-28 -1.47351e-23  6.35164e-29 -6.51509e-24  8.67671e-29  1.53356e-24  -1.0156e-28  1.13785e-24  7.04475e-29  -2.3603e-26 -3.85572e-29 -1.41381e-25  1.79921e-29  -2.3886e-26 -7.18433e-30   9.4344e-27  2.29541e-30   4.1186e-27 -4.84204e-31  1.06906e-28  1.49814e-32  -2.7692e-28  2.93643e-32 -6.70124e-29 -8.08195e-33  1.28814e-30 -7.53787e-34  3.59665e-30    9.711e-34    6.886e-31 -2.26223e-34  5.88254e-33  3.37172e-36 -2.00826e-32  9.17019e-36 -3.75321e-33 -1.84848e-36 -2.09124e-34  4.30099e-38  3.01855e-35  3.15019e-38  6.85727e-36 -2.76285e-39   5.4315e-37 -3.21691e-40  9.66906e-39  5.44929e-41 -1.68171e-39 -5.43064e-42 -1.34055e-40  5.40256e-43 -4.06434e-42  3.31567e-45 -3.72435e-44  -6.9323e-46
 -2.9553e-36 -1.74351e-30  1.01761e-35   8.6866e-29  2.00368e-35 -2.29096e-27 -2.76012e-35  4.01982e-26 -8.21479e-35   -5.184e-25 -7.35054e-35  5.19494e-24  5.72933e-35 -4.18996e-23 -5.69926e-36  2.78526e-22  -3.0749e-35 -1.55165e-21  3.00133e-34   7.3312e-21 -2.16319e-33 -2.96265e-20   1.2708e-32  1.02994e-19 -6.53154e-32  -3.0908e-19  2.95302e-31  8.01797e-19 -1.18234e-30 -1.79668e-18  4.21057e-30  3.46688e-18 -1.33823e-29 -5.72561e-18  3.80567e-29  8.01001e-18 -9.70317e-29 -9.33108e-18  2.22199e-28  8.78465e-18   -4.579e-28 -6.29618e-18  8.51723e-28  2.92551e-18 -1.43758e-27 -2.37358e-19  2.22302e-27 -8.47845e-19 -3.20055e-27  6.29085e-19  4.38976e-27 -7.48727e-20 -5.87757e-27 -1.58449e-19  7.78706e-27   8.3229e-20 -1.01308e-26  1.80108e-20  1.26148e-26 -2.65409e-20 -1.45752e-26  4.90213e-22  1.52039e-26  6.24329e-21 -1.40015e-26  -6.4002e-22  1.11496e-26 -1.29329e-21 -7.48667e-27  1.26318e-22  4.06602e-27  2.44896e-22 -1.61912e-27 -4.90723e-24   3.0045e-28 -4.00006e-23  1.79017e-28 -4.20797e-24 -2.31865e-28  4.91718e-24  1.56116e-28  1.34313e-24 -8.27473e-29 -3.31108e-25  3.83849e-29 -2.06516e-25  -1.5542e-29 -9.98027e-27  4.96809e-30  1.58484e-26 -9.63963e-31  4.18175e-27  -3.4944e-32 -1.91107e-28  8.71552e-32 -2.97665e-28 -2.09731e-32 -5.36529e-29 -1.67708e-33  2.58376e-30   2.0793e-33  2.67278e-30 -4.41811e-34    4.353e-31  1.78921e-36  4.98262e-33   1.6946e-35 -9.28809e-33   -3.143e-36 -1.58798e-33  6.97681e-38 -9.49372e-35  4.14316e-38  5.50577e-36 -1.10712e-39  1.40868e-36 -7.36559e-40  1.03394e-37  5.29672e-41  2.69365e-39  -6.0633e-42 -5.45418e-41  8.42231e-43 -4.77612e-42  2.42954e-46 -6.43842e-44
 8.42122e-31 -8.96451e-36 -7.44238e-29  2.00368e-35  2.58932e-27  3.65844e-35 -5.49762e-26 -4.26578e-35  8.23011e-25 -6.26074e-35 -9.34544e-24 -9.80229e-35  8.40932e-23  6.55748e-35 -6.17101e-22  6.67792e-36  3.76712e-21 -2.93292e-34 -1.94021e-20  2.45409e-33  8.51649e-20 -1.65342e-32 -3.20856e-19  9.47989e-32  1.04232e-18 -4.73706e-31 -2.92686e-18   2.0793e-30  7.10703e-18 -8.06864e-30 -1.48965e-17  2.78073e-29  2.68341e-17 -8.53979e-29 -4.12198e-17  2.34245e-28  5.32985e-17 -5.74729e-28  -5.6761e-17  1.26239e-27  4.78395e-17 -2.48373e-27  -2.9213e-17  4.38135e-27  9.46609e-18 -6.94739e-27   2.8055e-18  9.96833e-27 -5.26092e-18 -1.31345e-26  2.26125e-18  1.63361e-26   5.0284e-19 -1.99488e-26 -9.01428e-19  2.47412e-26  1.75739e-19 -3.12021e-26  1.96879e-19  3.86249e-26 -8.96875e-20 -4.47763e-26 -3.37002e-20  4.67797e-26  2.47117e-20 -4.28647e-26  5.78611e-21  3.37025e-26 -5.23572e-21 -2.21849e-26 -1.20711e-21   1.1754e-26  8.86934e-22 -4.58787e-27  2.76807e-22  9.21643e-28  -1.0885e-22  3.23878e-28 -5.47448e-23  -4.4751e-28  6.13875e-24   2.8355e-28  7.78649e-24 -1.44286e-28  7.59644e-25  6.80945e-29 -6.45727e-25 -2.89496e-29 -2.03647e-25  9.48298e-30  1.03589e-26 -1.70986e-30  1.73685e-26 -1.76638e-31  3.09727e-27  1.99357e-31 -3.36282e-28 -4.24855e-32 -2.28309e-28 -3.64951e-33 -3.27839e-29  3.75156e-33  1.92984e-30 -7.13235e-34  1.39848e-30 -4.41399e-36  2.02354e-31  2.61565e-35  4.39026e-33 -4.60177e-36  -2.7389e-33  1.09956e-37 -4.38414e-34  4.18854e-38 -2.69734e-35  4.02453e-39   2.2836e-37 -1.38316e-39  1.47203e-37  2.87428e-41  9.11755e-39 -5.24284e-42  2.14472e-40  9.56824e-43  5.24619e-43 -6.71573e-46
-2.07093e-35  4.55911e-29 -1.72574e-35 -2.29096e-27  3.65844e-35  6.08948e-26   5.7202e-35 -1.07707e-24 -6.39599e-35  1.40068e-23 -2.29279e-35   -1.416e-22 -1.08339e-34  1.15261e-21  6.18999e-35 -7.73609e-21  1.36016e-34  4.35358e-20  -1.8081e-33 -2.07899e-19  1.51368e-32  8.49642e-19 -1.02472e-31 -2.98899e-18  5.85767e-31  9.08363e-18 -2.88828e-30  -2.3883e-17  1.24323e-29  5.42944e-17 -4.71095e-29 -1.06413e-16  1.58064e-28  1.78769e-16 -4.71456e-28 -2.54902e-16  1.25319e-27  3.03507e-16 -2.97237e-27 -2.93398e-16  6.29203e-27  2.17924e-16 -1.18797e-26 -1.07923e-16  1.99835e-26  1.47594e-17 -2.99291e-26  2.70974e-17  3.99831e-26 -2.30263e-17 -4.80871e-26  4.20512e-18  5.34375e-26  5.17585e-18 -5.78766e-26 -3.31957e-18  6.54729e-26 -3.85463e-19  -7.9594e-26  9.94817e-19  9.91056e-26 -9.89615e-20 -1.17037e-25 -2.26492e-19  1.23859e-25  4.35831e-20 -1.13649e-25   4.6669e-20  8.84116e-26  -9.0651e-21 -5.69309e-26 -9.11654e-21  2.91849e-26  1.01046e-21 -1.09135e-26  1.59446e-21  2.12228e-27  3.77804e-23  5.83804e-28 -2.19285e-22 -7.57716e-28 -4.04875e-23  4.24441e-28  1.88234e-23 -2.03695e-28  7.99651e-24  1.02731e-28  -2.3246e-25 -4.83363e-29 -7.57517e-25  1.65836e-29 -1.44383e-25 -2.79739e-30  2.21671e-26 -4.61316e-31  1.38483e-26  3.78621e-31  1.77218e-27 -7.04259e-32 -2.83408e-28 -7.46257e-33 -1.30406e-28  5.83322e-33 -1.58695e-29 -9.78154e-34  8.06225e-31 -1.40553e-35  5.18635e-31  3.52529e-35  6.85915e-32 -6.19992e-36   2.2997e-33   1.6248e-37  -4.8445e-34  3.42443e-38  -7.4893e-35  1.26282e-38 -4.40606e-36 -2.18893e-39 -5.84393e-38 -1.16077e-41  5.97523e-39 -3.40087e-42   2.8161e-40  7.83027e-43  2.70952e-42
-1.76507e-29 -4.94038e-35  1.56809e-27 -2.76012e-35 -5.49762e-26   5.7202e-35  1.17664e-24  6.85957e-35 -1.77627e-23 -8.74504e-35  2.03474e-22   2.2337e-35 -1.84779e-21 -1.25688e-34  1.36907e-20  1.51761e-34 -8.44235e-20  1.12805e-34  4.39454e-19 -6.22531e-33 -1.95065e-18  6.73818e-32   7.4363e-18  -5.0331e-31 -2.44612e-17  2.99259e-30  6.96073e-17 -1.49145e-29 -1.71441e-16  6.39012e-29  3.64884e-16 -2.38849e-28 -6.68318e-16   7.8597e-28  1.04562e-15 -2.29004e-27 -1.38031e-15  5.92792e-27  1.50608e-15  -1.3654e-26  -1.3087e-15  2.79837e-26  8.35977e-16 -5.09569e-26 -3.02338e-16  8.22106e-26 -5.37895e-17 -1.17056e-25  1.45289e-16  1.46529e-25 -7.23028e-17 -1.61236e-25 -8.51421e-18   1.5824e-25  2.60375e-17 -1.46361e-25 -7.08996e-18  1.43762e-25 -5.15282e-18 -1.66221e-25  3.08135e-18  2.13199e-25   7.5422e-19 -2.63674e-25 -8.22714e-19  2.87787e-25 -1.08646e-19 -2.66887e-25  1.76312e-19  2.06111e-25  2.33025e-20 -1.29651e-25  -3.1483e-20  6.38144e-26 -6.46244e-21 -2.23433e-26   4.3522e-21   3.7813e-27  1.52528e-21  1.17472e-27 -3.62964e-22 -1.15544e-27 -2.52984e-22  5.00298e-28 -5.15442e-24 -2.16204e-28  2.53684e-23  1.32412e-28  5.71748e-24 -7.45849e-29  -9.3573e-25  2.71281e-29 -6.36136e-25 -4.26068e-30 -7.59062e-26 -9.36765e-31  2.11317e-26  6.18551e-31  8.44298e-27 -9.65917e-32  8.23717e-28 -1.38317e-32 -1.54648e-28  7.88838e-33 -5.61741e-29 -1.16187e-33 -6.11278e-30  -2.0167e-35  1.78253e-31  4.34436e-35  1.32933e-31 -8.15322e-36   1.6263e-32  2.05956e-37  6.85447e-34  2.82178e-38 -4.32547e-35  2.29544e-38 -7.06654e-36 -2.94941e-39 -3.52278e-37 -5.17675e-41 -6.12039e-39 -1.47185e-42  3.98209e-41  4.11183e-43
 8.65863e-36 -7.93911e-28 -7.51882e-35  4.01982e-26 -4.26578e-35 -1.07707e-24  6.85957e-35  1.92108e-23  5.41232e-35 -2.52024e-22 -1.07441e-34  2.57126e-21  8.73167e-35 -2.11318e-20 -4.26973e-34  1.43269e-19  2.15852e-33 -8.14842e-19 -9.06364e-33  3.93475e-18  1.63209e-32 -1.62705e-17   1.3577e-31  5.79539e-17 -1.74949e-30  -1.7846e-16  1.21959e-29   4.7585e-16 -6.46073e-29 -1.09819e-15  2.82767e-28  2.18769e-15 -1.05855e-27 -3.74125e-15  3.45016e-27  5.44132e-15 -9.88882e-27 -6.62759e-15  2.50639e-26  6.58415e-15 -5.63242e-26  -5.0711e-15   1.1226e-25  2.67186e-15 -1.98084e-25 -5.08035e-16  3.08191e-25 -5.67173e-16 -4.20026e-25  5.62379e-16  4.96723e-25 -1.39359e-16 -5.03789e-25 -1.09788e-16  4.34695e-25  8.75347e-17 -3.27282e-25  2.06256e-18  2.51208e-25 -2.45718e-17 -2.65436e-25  4.59189e-18  3.73172e-25  5.35325e-18 -5.12189e-25 -1.60837e-18  5.94092e-25 -1.08566e-18 -5.64192e-25  3.44236e-19  4.34544e-25  2.18291e-19  -2.6679e-25 -4.89208e-20  1.25105e-25 -4.10163e-20 -3.99267e-26  2.81513e-21  4.92194e-27  6.29063e-21  2.62286e-27  6.34755e-22 -1.61734e-27 -6.50309e-22  3.67799e-28 -1.94199e-22 -1.10293e-28  2.60678e-23  1.43842e-28  2.30343e-23 -1.09063e-28  2.84147e-24   4.1864e-29 -1.04348e-24 -5.98916e-30 -4.09168e-25 -1.63513e-30 -3.02909e-26  8.82247e-31  1.34057e-26 -1.06634e-31  4.02613e-27  -2.2811e-32  3.24564e-28    9.259e-33 -5.77195e-29 -1.22325e-33 -1.80608e-29 -1.04146e-35 -1.82186e-30  5.15861e-35  6.59536e-33 -1.08042e-35  2.22004e-32  1.99902e-37   2.5093e-33  3.64085e-38  1.11936e-34  3.19083e-38 -8.68374e-37 -3.39117e-39 -2.92562e-37 -7.41755e-41 -1.01128e-38 -2.44878e-43 -8.05751e-41
 2.60137e-28 -5.02215e-36 -2.32876e-26 -8.21479e-35  8.23011e-25 -6.39599e-35 -1.77627e-23  5.41232e-35  2.70507e-22  8.87162e-36  -3.1272e-21 -1.45566e-34  2.86726e-20  5.14553e-34  -2.1459e-19 -4.01999e-33  1.33731e-18   2.5826e-32  -7.0389e-18 -1.30429e-31  3.16119e-17  4.92102e-31 -1.22008e-16 -1.08989e-30  4.06621e-16 -1.71424e-30 -1.17328e-15  3.43688e-29  2.93301e-15 -2.25236e-28 -6.34299e-15  1.06423e-27  1.18212e-14 -4.09662e-27 -1.88521e-14  1.34212e-26  2.54279e-14 -3.81927e-26 -2.84505e-14  9.53955e-26  2.55081e-14 -2.10201e-25  -1.7046e-14  4.09205e-25  6.81395e-15 -7.02722e-25  5.23313e-16  1.05963e-24 -2.82461e-15 -1.39111e-24  1.62611e-15  1.56772e-24  3.89833e-17 -1.48181e-24 -5.26906e-16  1.13033e-24   1.8933e-16 -6.56178e-25  9.09564e-17  2.93407e-25 -7.33075e-17 -2.28507e-25 -9.69052e-18  4.71486e-25  1.89831e-17 -8.42985e-25  6.68853e-19  1.09745e-24 -4.09637e-18 -1.08728e-24 -1.51811e-19  8.40079e-25  7.65193e-19 -5.03199e-25  8.26295e-20  2.22999e-25 -1.16463e-19 -6.26165e-26 -2.73131e-20  3.05896e-27  1.21602e-20  5.90738e-27  5.53884e-21 -2.09869e-27 -4.07166e-22 -1.81861e-28 -6.69586e-22  2.02246e-28 -9.85566e-23  1.25791e-28  3.70395e-23 -1.54116e-28  1.56664e-23  6.09661e-29  8.85426e-25 -7.61282e-30 -7.53064e-25 -2.55055e-30 -2.08757e-25  1.09671e-30 -9.64409e-27 -8.31808e-32  6.14036e-27 -3.31657e-32  1.50668e-27  9.26015e-33  1.09761e-28 -1.19155e-33 -1.44781e-29  2.82803e-35  -4.1971e-30  6.16467e-35 -3.96584e-31 -1.42993e-35  -6.7755e-33  1.10459e-37  2.15873e-33  6.53203e-38  2.23436e-34  3.63383e-38  8.88757e-36  -3.3155e-39     8.21e-38  -7.0672e-41 -2.96666e-39  1.27074e-43
 1.83987e-36  1.01566e-26 -3.77354e-35   -5.184e-25 -6.26074e-35  1.40068e-23 -8.74504e-35 -2.52024e-22  8.87162e-36   3.3367e-21 -4.52768e-35 -3.43705e-20 -4.89133e-34  2.85325e-19  4.61286e-33 -1.95494e-18 -3.73825e-32  1.12426e-17  2.37466e-31 -5.49249e-17 -1.21986e-30  2.29927e-16  5.07332e-30 -8.29685e-16 -1.63701e-29  2.59034e-15  3.41543e-29 -7.00908e-15   1.1434e-29  1.64324e-14 -5.41938e-28  -3.3296e-14  3.27137e-27  5.80078e-14 -1.36824e-26 -8.61262e-14  4.61913e-26  1.07402e-13 -1.32272e-25 -1.09744e-13  3.28289e-25  8.76997e-14 -7.13368e-25 -4.90838e-14  1.36254e-24  1.18694e-14 -2.28652e-24  8.48732e-15  3.35618e-24 -1.01191e-14 -4.26783e-24   3.1987e-15  4.62036e-24  1.64094e-15 -4.12105e-24 -1.68703e-15  2.82225e-24  1.10831e-16 -1.20225e-24  4.39985e-16 -3.89726e-26 -1.26004e-16  3.87071e-25 -8.99974e-17  1.59735e-25  3.97525e-17 -1.10678e-24  1.76317e-17  1.81846e-24  -8.6815e-18 -1.93008e-24 -3.64025e-18  1.50647e-24  1.39637e-18  -8.8035e-25  7.42623e-19   3.6563e-25 -1.37652e-19 -8.58073e-26 -1.27858e-19 -6.26217e-27 -1.57491e-21  1.24727e-26  1.55529e-20 -2.50883e-27   3.1254e-21 -1.40349e-27 -9.65293e-22  8.03601e-28 -4.90985e-22   7.6571e-29 -2.57293e-23 -2.12996e-28  3.05876e-23  8.34598e-29  8.38043e-24 -8.47033e-30  7.69554e-26 -3.60357e-30  -3.9861e-25  1.15906e-30 -8.59973e-26 -1.19941e-32 -2.78859e-27 -4.21337e-32  2.06186e-27  7.44394e-33   4.3583e-28 -1.16156e-33  3.06446e-29  1.02845e-34 -2.23582e-30   7.4686e-35 -6.65162e-31 -1.82953e-35 -5.79769e-32  -5.5019e-38 -1.65188e-33  1.09392e-37  9.58688e-35   3.4636e-38  9.27081e-36 -2.72675e-39  2.51959e-37 -4.76145e-41  1.51444e-39
-2.90586e-27  1.67136e-35  2.62229e-25 -7.35054e-35 -9.34544e-24 -2.29279e-35  2.03474e-22 -1.07441e-34  -3.1272e-21 -4.52768e-35  3.65003e-20  2.34928e-35 -3.38041e-19 -3.68546e-33  2.55673e-18  3.88422e-32 -1.61105e-17 -2.97607e-31   8.5788e-17  1.81174e-30  -3.9002e-16 -9.11779e-30  1.52488e-15  3.83551e-29 -5.15201e-15 -1.33384e-28  1.50836e-14   3.6595e-28 -3.82963e-14  -6.6607e-28  8.42149e-14 -8.03492e-29 -1.59818e-13  7.14647e-27  2.60003e-13 -3.81096e-26 -3.58631e-13  1.39322e-25  4.11826e-13 -4.10304e-25 -3.81277e-13  1.02368e-24  2.66575e-13 -2.20927e-24 -1.16871e-13  4.16055e-24  1.38305e-15 -6.84997e-24  4.14462e-14  9.82483e-24 -2.77139e-14 -1.21575e-23  1.74876e-15    1.273e-23  7.99978e-15  -1.0842e-23  -3.6953e-15  6.81351e-24 -1.12092e-15 -2.07902e-24  1.30277e-15  -1.4745e-24  3.70808e-17  2.58907e-24 -3.26183e-16   -1.369e-24  2.06761e-17 -9.00676e-25  7.04585e-17  2.69317e-24 -4.42734e-18 -3.18412e-24 -1.36935e-17  2.53042e-24 -1.39005e-19 -1.44317e-24  2.26827e-18  5.57056e-25  3.02274e-19  -1.0055e-25 -2.78709e-19 -2.93387e-26 -8.57382e-20  2.39973e-26  1.77316e-20 -2.65957e-27  1.27869e-20 -3.55733e-27  8.79346e-22  1.73946e-27 -9.44975e-22  1.02665e-29 -2.74927e-22 -2.88866e-28  5.96136e-24  1.06834e-28  1.82748e-23 -7.74825e-30  3.63332e-24 -4.60514e-30 -8.06165e-26  9.58261e-31 -1.60473e-25  1.10965e-31  -2.8676e-26 -4.59735e-32  -8.5646e-28   3.8112e-33  4.98099e-28 -1.23898e-33  9.41058e-29  2.08923e-34  6.50969e-30  8.87933e-35 -1.57528e-31 -2.19543e-35 -6.52778e-32 -2.37203e-37 -5.02628e-33  1.52575e-37 -1.49896e-34   2.7661e-38  6.54662e-37 -1.84247e-39  1.05648e-37 -2.05253e-41
 1.28992e-35  -1.0093e-25  3.86388e-35  5.19494e-24 -9.80229e-35   -1.416e-22   2.2337e-35  2.57126e-21 -1.45566e-34 -3.43705e-20  2.34928e-35  3.57614e-19  1.18611e-33 -3.00012e-18 -2.90851e-32  2.07839e-17  2.87104e-31 -1.20918e-16 -2.06248e-30   5.9799e-16  1.19563e-29 -2.53571e-15 -5.81607e-29  9.27528e-15  2.40658e-28 -2.93786e-14 -8.45823e-28  8.07242e-14  2.48034e-27 -1.92391e-13 -5.75436e-27  3.96813e-13   8.7052e-27 -7.04842e-13  2.72116e-27  1.06922e-12 -7.96049e-26 -1.36633e-12  3.59078e-25  1.43723e-12 -1.13261e-24 -1.19241e-12  2.89153e-24  7.07967e-13 -6.25665e-24 -2.06914e-13   1.1685e-23 -9.38197e-14 -1.89521e-23  1.41662e-13  2.66546e-23 -5.51837e-14 -3.22172e-23 -1.75945e-14  3.28036e-23  2.51115e-14  -2.6944e-23 -3.91057e-15  1.59015e-23 -5.99392e-15 -3.57483e-24  2.44279e-15 -5.40814e-24  1.11208e-15  8.29369e-24 -7.23311e-16 -5.64432e-24 -2.02341e-16  5.74559e-25  1.60332e-16  3.51611e-24  4.27545e-17 -4.91982e-24 -2.79882e-17  4.01401e-24 -9.73688e-18 -2.23593e-24  3.47616e-18  7.95933e-25  1.92532e-18 -9.41662e-26 -1.81037e-19 -7.33144e-26 -2.74977e-19  4.18882e-26 -3.08607e-20 -2.19959e-27  2.26185e-20 -6.85357e-27  7.64605e-21  2.99145e-27 -2.68677e-22  -4.2125e-29 -6.35298e-22 -3.82976e-28 -1.21837e-22  1.27193e-28  1.04431e-23 -4.79613e-30  8.41063e-24 -5.24961e-30  1.30299e-24  4.10485e-31 -4.79827e-26  2.74885e-31 -4.92631e-26 -4.13452e-32 -7.62155e-27 -1.13492e-33 -2.62384e-28  -1.4643e-33  8.22503e-29  3.30684e-34  1.43031e-29   9.8889e-35  9.48143e-31 -2.42765e-35  5.37047e-33 -3.55613e-37  -3.3412e-33   1.7663e-37 -2.09755e-34  1.82677e-38 -4.49858e-36 -9.71683e-40 -1.53666e-38
 2.57026e-26  1.62472e-35   -2.339e-24  5.72933e-35  8.40932e-23 -1.08339e-34 -1.84779e-21  8.73167e-35  2.86726e-20 -4.89133e-34 -3.38041e-19  1.18611e-33  3.16382e-18  1.05235e-32 -2.41945e-17 -2.05981e-31  1.54229e-16  1.88066e-30 -8.31323e-16 -1.26825e-29  3.82821e-15  6.98855e-29 -1.51712e-14 -3.26625e-28  5.19969e-14  1.31327e-27 -1.54565e-13  -4.5537e-27  3.98855e-13  1.35151e-26 -8.92533e-13 -3.35389e-26  1.72614e-12  6.52403e-26 -2.86714e-12 -7.73529e-26  4.04782e-12 -6.50173e-26  -4.7749e-12  7.37757e-25  4.56859e-12 -2.73732e-24 -3.34241e-12  7.37255e-24  1.59712e-12 -1.62132e-23 -1.45927e-13  3.02487e-23  -4.7696e-13 -4.85495e-23  3.74253e-13  6.71762e-23  -5.4915e-14 -7.95562e-23 -9.44867e-14  7.90901e-23  5.57952e-14 -6.31238e-23  9.07201e-15  3.56964e-23 -1.80717e-14 -6.49275e-24   1.3332e-15 -1.40884e-23  4.34162e-15  2.06337e-23 -7.46559e-16 -1.51409e-23 -9.30662e-16   4.6236e-24  1.65693e-16  3.89705e-24  1.87364e-16   -7.167e-24 -1.85956e-17  6.05339e-24 -3.36362e-17 -3.29721e-24  -1.1047e-18   1.0757e-24  4.73738e-18 -5.25657e-26  9.22144e-19 -1.44356e-25 -4.13072e-19  6.66132e-26 -1.82731e-19 -5.70903e-28  4.17707e-21 -1.13945e-26  1.74326e-20   4.4651e-27   3.4562e-21 -3.90048e-29 -4.90094e-22 -4.92756e-28 -3.25984e-22  1.40113e-28 -4.39344e-23  4.97515e-31  6.13519e-24 -5.16667e-30  3.04292e-24 -5.01665e-31  3.90005e-25  4.54581e-31 -1.34139e-26 -2.70345e-32 -1.12986e-26 -6.52018e-33 -1.55665e-27 -1.76555e-33  -6.3922e-29  4.45582e-34  8.37524e-30  9.91259e-35  1.39624e-30 -2.45592e-35  8.29634e-32  -3.6123e-37  1.47949e-33  1.70923e-37 -6.06788e-35  9.68254e-39 -2.52199e-36  -3.4853e-40
 4.25209e-37   8.0693e-25  7.50714e-36 -4.18996e-23  6.55748e-35  1.15261e-21 -1.25688e-34 -2.11318e-20  5.14553e-34  2.85325e-19 -3.68546e-33 -3.00012e-18  1.05235e-32  2.54478e-17  7.44264e-32 -1.78345e-16 -1.30487e-30  1.05027e-15  1.10594e-29 -5.26083e-15 -7.01669e-29  2.26105e-14  3.67378e-28 -8.38919e-14 -1.64459e-27   2.6976e-13  6.38455e-27 -7.53231e-13 -2.15899e-26  1.82632e-12  6.34249e-26 -3.83735e-12  -1.5995e-25  6.95527e-12  3.35835e-25 -1.07895e-11 -5.39073e-25  1.41415e-11  4.45108e-25  -1.5327e-11    9.082e-25  1.32104e-11 -5.56701e-24 -8.31123e-12  1.68175e-23  2.84169e-12 -3.83999e-23  7.53025e-13  7.22718e-23 -1.59517e-12 -1.15399e-22  7.51276e-13  1.57614e-22  1.26494e-13 -1.83371e-22 -2.98469e-13  1.78517e-22  7.49323e-14  -1.3918e-22  6.34948e-14  7.65612e-23 -3.61294e-14 -1.28087e-23   -9.934e-15 -3.05668e-23  1.02032e-14  4.40373e-23  1.49812e-15 -3.33138e-23 -2.28431e-15  1.30579e-23  -3.2154e-16  3.25439e-24  4.24194e-16 -9.89664e-24  8.95784e-17  8.72212e-24  -6.0942e-17 -4.65337e-24 -2.16805e-17   1.3861e-24   5.2988e-18  3.61494e-26  3.71337e-18 -2.45456e-25  6.79996e-20   9.7109e-26 -3.84302e-19  2.96639e-27 -8.68207e-20  -1.7131e-26  1.45924e-20  6.00236e-27   9.8999e-21  5.89244e-29  1.19099e-21 -6.10837e-28 -3.29428e-22  1.42036e-28 -1.32847e-22  7.46059e-30 -1.32949e-23 -4.03645e-30  2.31248e-24 -1.70134e-30  8.63526e-25  6.16557e-31  9.64073e-26 -5.16332e-33 -1.81879e-27 -1.13519e-32 -1.85302e-27 -1.97764e-33 -2.29881e-28  5.31395e-34 -1.04093e-29  8.65354e-35  4.11106e-31 -2.26902e-35  7.52021e-32 -2.68147e-37  3.54244e-33  1.37839e-37  5.65065e-35  3.87499e-39 -5.05698e-38
-1.85249e-25 -5.31242e-37  1.70071e-23 -5.69926e-36 -6.17101e-22  6.18999e-35  1.36907e-20 -4.26973e-34  -2.1459e-19  4.61286e-33  2.55673e-18 -2.90851e-32 -2.41945e-17  7.44264e-32  1.87172e-16  4.65192e-31 -1.20771e-15 -7.46614e-30  6.59332e-15  5.90058e-29 -3.07725e-14 -3.52978e-28  1.23692e-13  1.75606e-27  -4.3034e-13 -7.51532e-27  1.29975e-12  2.80617e-26 -3.41149e-12 -9.19409e-26  7.77454e-12   2.6435e-25 -1.53357e-11 -6.62813e-25  2.60304e-11  1.42458e-24 -3.76493e-11 -2.51694e-24   4.5665e-11  3.22583e-24 -4.51916e-11 -1.23039e-24  3.46036e-11 -8.45093e-24 -1.79302e-11  3.36486e-23  2.94479e-12  -8.2812e-23  4.39039e-12  1.59452e-22 -4.12215e-12 -2.54961e-22  9.47478e-13  3.44967e-22  8.81698e-13 -3.95172e-22  -6.7532e-13  3.77532e-22  -2.7798e-14 -2.88512e-22  2.00896e-13  1.55927e-22 -3.65441e-14 -2.66596e-23 -4.56468e-14 -5.82038e-23  1.38328e-14  8.38352e-23  9.57005e-15 -6.42814e-23 -3.13279e-15  2.80194e-23 -1.98774e-15  8.60122e-25  4.73523e-16 -1.30028e-23  3.87957e-16  1.20481e-23 -3.14025e-17 -6.31032e-24 -6.21778e-17   1.7153e-24  -5.7124e-18   1.7782e-25  6.76234e-18  -3.7459e-25  1.95446e-18  1.30544e-25 -2.97966e-19  9.21113e-27 -2.44451e-19 -2.38469e-26 -2.86047e-20   7.4182e-27   1.1639e-20  2.73522e-28  4.42003e-21 -7.25804e-28  3.11178e-22  1.31653e-28 -1.48188e-22  1.46853e-29 -4.36242e-23 -1.73064e-30 -3.48905e-24 -3.01594e-30  6.06084e-25  7.28426e-31  1.88198e-25  1.88921e-32  1.89549e-26  -1.4786e-32  2.87356e-29 -1.92442e-33 -2.01467e-28    5.724e-34 -2.23867e-29  6.33503e-35 -9.88514e-31 -1.91322e-35   8.3323e-34  -1.3845e-37  1.65598e-33  9.07978e-38  4.47758e-35  1.00518e-39
-2.85826e-36 -5.31482e-24 -2.19598e-36  2.78526e-22  6.67792e-36 -7.73609e-21  1.51761e-34  1.43269e-19 -4.01999e-33 -1.95494e-18  3.88422e-32  2.07839e-17 -2.05981e-31 -1.78345e-16  4.65192e-31  1.26514e-15  2.62771e-30 -7.54596e-15 -3.89417e-29  3.83077e-14  2.88162e-28 -1.66984e-13 -1.62845e-27  6.28875e-13  7.69837e-27 -2.05442e-12  -3.1451e-26  5.83371e-12  1.12638e-25 -1.44015e-11 -3.56046e-25  3.08518e-11  9.95331e-25 -5.71114e-11 -2.45323e-24  9.06827e-11  5.27485e-24 -1.22023e-10 -9.65138e-24  1.36394e-10  1.41365e-23 -1.22209e-10    -1.34e-23  8.13984e-11 -4.14025e-24 -3.18393e-11  5.63044e-23 -3.79743e-12  -1.6129e-22  1.47508e-11  3.24668e-22 -8.33029e-12 -5.24358e-22 -3.58237e-13  7.05643e-22  2.89015e-12 -7.97591e-22 -1.03401e-12  7.48848e-22 -5.21654e-13 -5.62053e-22  4.25084e-13  3.00178e-22    5.577e-14 -5.54473e-23 -1.15011e-13 -9.95921e-23 -2.97221e-15  1.45196e-22  2.58525e-14 -1.12047e-22  5.89132e-16  5.16012e-23 -5.04868e-15 -4.06564e-24 -4.62195e-16 -1.62844e-23  8.10314e-16  1.59861e-23  1.75135e-16 -8.24432e-24 -9.09376e-17  2.05164e-24  -3.8578e-17  3.69384e-25  3.84805e-18 -5.23948e-25  4.99619e-18   1.6262e-25  6.60457e-19  1.88086e-26 -3.01018e-19   -3.118e-26 -1.18389e-19   8.5506e-27 -5.22716e-21  5.98044e-28  6.08281e-21 -8.24646e-28  1.59944e-21  1.10632e-28  6.19889e-23  2.03951e-29 -4.90062e-23  1.58747e-30 -1.15099e-23 -4.20869e-30 -8.04446e-25  7.67994e-31  1.08904e-25  3.80912e-32  3.02143e-26 -1.63221e-32  2.77233e-27 -1.51842e-33  5.11949e-29  5.62956e-34 -1.27103e-29  3.62314e-35 -1.24251e-30 -1.46782e-35 -4.50291e-32 -3.57107e-38  -4.0953e-34  4.64431e-38  5.69725e-36
 1.10969e-24 -2.77464e-36 -1.02823e-22  -3.0749e-35  3.76712e-21  1.36016e-34 -8.44235e-20  2.15852e-33  1.33731e-18 -3.73825e-32 -1.61105e-17  2.87104e-31  1.54229e-16 -1.30487e-30 -1.20771e-15  2.62771e-30   7.8925e-15  1.35564e-29 -4.36686e-14 -1.86684e-28  2.06702e-13  1.29825e-27 -8.43293e-13  -6.9416e-27  2.98041e-12  3.11762e-26 -9.15317e-12 -1.21405e-25  2.44558e-11  4.16028e-25 -5.68069e-11 -1.26458e-24  1.14392e-10  3.42195e-24   -1.986e-10 -8.23564e-24  2.94563e-10  1.75056e-23 -3.67716e-10 -3.23178e-23  3.76722e-10  4.99403e-23 -3.01984e-10 -5.85925e-23  1.68982e-10  3.23835e-23 -3.92467e-11  6.76195e-23 -3.24349e-11  -2.7893e-22  3.77572e-11  6.08835e-22 -1.19119e-11 -1.00495e-21 -6.45954e-12  1.35145e-21  6.70522e-12 -1.51024e-21 -4.79827e-13  1.39477e-21 -1.81481e-12 -1.02907e-21  5.55035e-13  5.44638e-22   3.7956e-13 -1.10535e-22 -1.82923e-13 -1.54956e-22   -7.564e-14  2.31378e-22  4.20588e-14 -1.79298e-22  1.61297e-14  8.53133e-23 -7.24303e-15 -1.22307e-23 -3.47667e-15 -1.94302e-23  8.08514e-16  2.03938e-23  6.40781e-16 -1.03946e-23 -1.18916e-17  2.38451e-24 -8.42577e-17  5.98019e-25 -1.47519e-17 -6.80627e-25   5.8958e-18  1.88402e-25   2.6527e-18  3.20016e-26  7.87476e-20 -3.86741e-26  -1.8218e-19  9.30574e-27 -4.56558e-20  9.95168e-28  4.67527e-22 -8.95967e-28  2.37346e-21  8.32349e-29  4.76016e-22  2.29918e-29  1.04976e-23  5.46451e-30 -1.20949e-23 -5.03739e-30 -2.39062e-24  7.28796e-31 -1.57068e-25  4.62861e-32  1.23492e-26 -1.58889e-32  3.33722e-27 -8.18945e-34   2.7341e-28  5.08092e-34  7.42477e-30  1.28509e-35 -3.50318e-31 -1.01579e-35 -2.98361e-32  1.27621e-38 -6.07599e-34  1.60635e-38
 2.27252e-37  2.93233e-23  2.21387e-35 -1.55165e-21 -2.93292e-34  4.35358e-20  1.12805e-34 -8.14842e-19   2.5826e-32  1.12426e-17 -2.97607e-31 -1.20918e-16  1.88066e-30  1.05027e-15 -7.46614e-30 -7.54596e-15  1.35564e-29  4.56141e-14  6.44107e-29 -2.34844e-13 -8.28962e-28  1.03898e-12  5.43571e-27  -3.9746e-12  -2.7529e-26  1.32014e-11  1.17384e-25 -3.81532e-11 -4.34921e-25  9.59792e-11  1.42243e-24 -2.09824e-10 -4.14549e-24  3.97067e-10  1.08213e-23 -6.45956e-10 -2.53188e-23  8.93255e-10  5.28387e-23 -1.03073e-09 -9.71331e-23  9.60762e-10  1.53277e-22 -6.76974e-10 -1.95981e-22  2.98123e-10  1.69313e-22  7.71465e-14  8.68156e-24 -1.13337e-10 -4.12181e-22  7.68598e-11  1.04691e-21 -5.23239e-12 -1.79625e-21 -2.30279e-11  2.42764e-21  1.11851e-11 -2.68733e-21  3.17352e-12  2.44231e-21 -4.07754e-12 -1.77141e-21 -1.26331e-14  9.29802e-22  1.05322e-12 -2.06773e-22 -1.02172e-13 -2.20365e-22 -2.35671e-13  3.41582e-22  2.41606e-14 -2.66024e-22  4.80297e-14   1.2953e-22 -1.43557e-15 -2.41472e-23 -8.48449e-15 -2.20193e-23 -8.09075e-16  2.50227e-23  1.13829e-15 -1.26608e-23  2.99546e-16   2.7041e-24 -8.60752e-17   8.4258e-25 -5.06803e-17 -8.28659e-25 -1.80719e-18  2.03466e-25  4.22127e-18  4.84284e-26  1.07708e-18 -4.58505e-26 -6.23375e-20  9.68079e-27 -8.13113e-20  1.40588e-27  -1.4404e-20 -9.32503e-28  7.16846e-22  5.48722e-29  7.16103e-22  2.15528e-29  1.16617e-22  9.27508e-30  2.09376e-24 -5.32211e-30 -2.18186e-24  6.20711e-31 -3.75214e-25  4.06571e-32 -2.37752e-26 -1.38209e-32  6.89432e-28 -1.32236e-35  2.27043e-28  4.21354e-34  1.56906e-29 -1.85369e-36  4.10711e-31 -6.22901e-36 -1.11376e-33   1.8696e-38 -1.31912e-34
-5.60291e-24 -1.71446e-35  5.24228e-22  3.00133e-34 -1.94021e-20  -1.8081e-33  4.39454e-19 -9.06364e-33  -7.0389e-18  2.37466e-31   8.5788e-17 -2.06248e-30 -8.31323e-16  1.10594e-29  6.59332e-15 -3.89417e-29 -4.36686e-14  6.44107e-29  2.45036e-13  2.84066e-28 -1.17715e-12 -3.43549e-27  4.87802e-12  2.13028e-26  -1.7527e-11 -1.02243e-25  5.47777e-11  4.13401e-25 -1.49112e-10  -1.4539e-24  3.53354e-10  4.52504e-24 -7.27071e-10 -1.26049e-23  1.29241e-09  3.16434e-23 -1.96772e-09 -7.17414e-23  2.53075e-09  1.46376e-22 -2.68652e-09 -2.65993e-22  2.25527e-09  4.21828e-22 -1.35827e-09 -5.60842e-22  4.03175e-10  5.65914e-22  1.88422e-10 -2.70497e-22 -2.91289e-10 -4.66111e-22  1.18649e-10   1.6369e-21   3.5408e-11 -2.99565e-21  -5.5415e-11  4.09745e-21  1.01895e-11 -4.50129e-21   1.3349e-11  4.02538e-21 -6.17964e-12 -2.86806e-21 -2.42869e-12   1.4923e-21  1.88478e-12 -3.60141e-22  4.27632e-13 -2.86371e-22 -4.37918e-13  4.69017e-22 -9.27495e-14 -3.68407e-22   8.1898e-14  1.83101e-22  2.32768e-14 -4.00312e-23 -1.13793e-14  -2.3556e-23 -5.15251e-15  2.95338e-23  8.34715e-16 -1.49083e-23  8.23099e-16   3.0004e-24  5.66424e-17  1.07692e-24 -7.76613e-17 -9.51857e-25 -2.19929e-17  2.05035e-25  1.95109e-18  6.70451e-26  2.13095e-18  -5.2278e-26  3.42936e-19  9.75436e-27  -5.0161e-20  1.76651e-27  -2.8392e-20 -9.31902e-28 -3.79705e-21  3.01501e-29  2.72466e-22  1.60771e-29  1.67142e-22  1.24105e-29  2.31212e-23 -4.99865e-30  5.21505e-25  4.66274e-31 -2.72957e-25  2.29102e-32 -4.16301e-26 -1.07414e-32  -2.4729e-27  6.69498e-34 -4.27073e-30  3.20574e-34  7.81143e-30 -7.40408e-36  4.00639e-31 -3.27584e-36  6.25156e-33  8.75311e-39
 4.69158e-36 -1.37141e-22 -2.25932e-34   7.3312e-21  2.45409e-33 -2.07899e-19 -6.22531e-33  3.93475e-18 -1.30429e-31 -5.49249e-17  1.81174e-30   5.9799e-16 -1.26825e-29 -5.26083e-15  5.90058e-29  3.83077e-14 -1.86684e-28 -2.34844e-13  2.84066e-28  1.22711e-12  1.17197e-27 -5.51412e-12 -1.33894e-26  2.14439e-11  7.86999e-26 -7.24752e-11 -3.57921e-25  2.13371e-10  1.36968e-24 -5.47468e-10 -4.55867e-24  1.22252e-09  1.34539e-23 -2.36735e-09 -3.56934e-23  3.94994e-09  8.58974e-23 -5.61927e-09 -1.88193e-22  6.70054e-09  3.74373e-22 -6.50237e-09 -6.69764e-22  4.84439e-09  1.05846e-21 -2.37347e-09  -1.4316e-21  2.40389e-10  1.55127e-21  7.25983e-10 -1.09049e-21 -5.98813e-10 -2.06303e-22  1.03074e-10  2.28945e-21  1.50873e-10 -4.66219e-21  -9.8645e-11  6.51065e-21 -1.15447e-11 -7.10965e-21  3.23224e-11  6.25166e-21 -3.98855e-12 -4.36916e-21 -7.87312e-12  2.25057e-21  1.86856e-12 -5.83315e-22  1.72877e-12 -3.37769e-22 -4.42425e-13  6.00019e-22 -3.65411e-13 -4.78485e-22  6.37502e-14  2.43292e-22   7.0854e-14 -5.97313e-23 -2.13805e-15 -2.35514e-23  -1.1071e-14  3.35413e-23 -1.51814e-15 -1.69788e-23  1.13189e-15  3.26163e-24    3.974e-16  1.27418e-24 -3.53979e-17 -1.03674e-24 -4.47438e-17  1.92756e-25 -6.94845e-18  8.62219e-26  1.73183e-18  -5.7626e-26  8.33116e-19  9.64773e-27  8.70251e-20  2.02775e-27 -2.11089e-20  -8.9566e-28 -7.90074e-21  1.12868e-29 -8.48441e-22  7.41444e-30   6.1327e-23  1.44541e-29  2.94941e-23 -4.13847e-30  3.56316e-24  2.94403e-31  1.07944e-25 -1.34881e-33  -2.1455e-26 -7.37884e-33 -2.94054e-27  1.06182e-33 -1.50889e-28   2.2284e-34 -2.07832e-30 -6.78138e-36  8.63627e-32 -1.38891e-36  1.99631e-33
 2.40845e-23  1.11922e-34  -2.2766e-21 -2.16319e-33  8.51649e-20  1.51368e-32 -1.95065e-18  1.63209e-32  3.16119e-17 -1.21986e-30  -3.9002e-16  1.19563e-29  3.82821e-15 -7.01669e-29 -3.07725e-14  2.88162e-28  2.06702e-13 -8.28962e-28 -1.17715e-12  1.17197e-27  5.74378e-12   4.5589e-27 -2.41955e-11 -4.94436e-26  8.84565e-11  2.75966e-25 -2.81586e-10  -1.1884e-24  7.81663e-10  4.29339e-24 -1.89153e-09 -1.34733e-23    3.981e-09  3.75425e-23 -7.25283e-09  -9.4448e-23  1.13477e-08  2.17085e-22 -1.50528e-08 -4.58398e-22  1.65733e-08  8.87463e-22 -1.45763e-08  -1.5599e-21  9.42312e-09  2.44601e-21  -3.3837e-09 -3.32768e-21  -7.9281e-10  3.73613e-21  1.90664e-09 -3.05122e-21 -9.73453e-10  8.29931e-22 -1.17439e-10  2.76492e-21  3.84105e-10 -6.77094e-21 -1.16947e-10  9.76065e-21 -7.87436e-11 -1.06081e-20  5.45262e-11  9.15758e-21  1.07118e-11 -6.26305e-21 -1.56912e-11  3.18777e-21 -1.18015e-12 -8.79903e-22  3.66172e-12 -3.55049e-22  2.47308e-13  7.14984e-22 -7.28165e-13 -5.84991e-22 -9.82097e-14  3.06123e-22  1.16522e-13 -8.26709e-23  3.07824e-14 -2.16487e-23 -1.25026e-14  3.66732e-23 -6.30816e-15 -1.87048e-23  3.45884e-16  3.47286e-24  7.71331e-16  1.41104e-24    1.289e-16 -1.07489e-24 -4.07024e-17  1.68921e-25 -1.92911e-17  1.04002e-25 -1.48959e-18 -6.16906e-26  8.39508e-19  9.47217e-27  2.61679e-19  2.16896e-27  1.81092e-20 -8.27201e-28 -6.13155e-21 -2.37999e-30 -1.74597e-21 -3.04149e-30 -1.60018e-22  1.52679e-29  8.48934e-24 -2.92769e-30  3.75419e-24  1.33403e-31  3.98489e-25 -2.48081e-32  1.42554e-26  -4.3661e-33 -8.65094e-28  1.12296e-33 -1.10739e-28  1.40457e-34 -4.13389e-30 -3.89973e-36 -4.52493e-32 -4.09241e-37
-3.82639e-35  5.48285e-22  1.37809e-33 -2.96265e-20 -1.65342e-32  8.49642e-19  6.73818e-32 -1.62705e-17  4.92102e-31  2.29927e-16 -9.11779e-30 -2.53571e-15  6.98855e-29  2.26105e-14 -3.52978e-28 -1.66984e-13  1.29825e-27  1.03898e-12 -3.43549e-27 -5.51412e-12   4.5589e-27  2.51878e-11  1.68503e-26 -9.96627e-11 -1.74224e-25  3.43058e-10  9.24348e-25  -1.0298e-09 -3.76423e-24  2.69763e-09  1.28012e-23 -6.15946e-09 -3.77174e-23  1.22184e-08   9.8715e-23 -2.09319e-08 -2.34227e-22  3.06692e-08  5.11834e-22 -3.78322e-08 -1.03864e-21  3.82541e-08  1.95454e-21 -3.01235e-08  -3.3736e-21  1.62734e-08  5.24023e-21 -3.11008e-09 -7.12959e-21 -3.84725e-09  8.14622e-21  3.97766e-09 -7.15384e-21 -1.09379e-09  3.42267e-21  -7.9899e-10  2.61938e-21   7.2439e-10 -9.17629e-21  -1.8152e-11  1.38444e-20 -2.12616e-10 -1.49817e-20  5.57949e-11  1.26616e-20  4.75503e-11  -8.4446e-21  -2.0104e-11  4.23717e-21 -9.95745e-12 -1.23915e-21  4.81023e-12 -3.17652e-22  2.16838e-12  7.91504e-22  -8.3675e-13 -6.75405e-22 -4.67102e-13  3.67007e-22  8.86709e-14 -1.07786e-22  8.52295e-14 -1.77647e-23   1.0525e-15  3.86307e-23 -1.09451e-14  -1.9923e-23 -2.26037e-15  3.61538e-24  7.03078e-16  1.47121e-24  3.68619e-16 -1.06431e-24  2.16749e-17  1.38069e-25 -2.29296e-17  1.18467e-25 -6.57937e-18 -6.43958e-26 -1.47954e-19  9.28369e-27  2.90736e-19  2.20251e-27  6.69958e-20 -7.30423e-28   3.2941e-21 -1.35718e-29 -1.28637e-21 -1.37342e-29 -2.99441e-22   1.4967e-29 -2.45219e-23  -1.6129e-30  5.99104e-25  4.87102e-33  3.18412e-25 -4.12207e-32  2.90855e-26 -2.09148e-33  1.02978e-27  9.34039e-34 -8.79944e-30  7.91958e-35 -1.52532e-30 -1.45543e-36  -2.2601e-32
-8.87543e-23 -6.49623e-34   8.4807e-21   1.2708e-32 -3.20856e-19 -1.02472e-31   7.4363e-18   1.3577e-31 -1.22008e-16  5.07332e-30  1.52488e-15 -5.81607e-29 -1.51712e-14  3.67378e-28  1.23692e-13 -1.62845e-27 -8.43293e-13  5.43571e-27  4.87802e-12 -1.33894e-26 -2.41955e-11  1.68503e-26    1.037e-10  5.95986e-26 -3.86105e-10 -5.89372e-25   1.2531e-09  2.97315e-24 -3.55082e-09 -1.14316e-23  8.78363e-09  3.64849e-23 -1.89294e-08  -1.0048e-22  3.53863e-08  2.45549e-22 -5.69605e-08 -5.45846e-22    7.802e-08  1.12729e-21 -8.91877e-08 -2.19044e-21   8.2224e-08  4.00348e-21  -5.6934e-08 -6.79141e-21  2.39102e-08  1.04551e-20  1.54619e-09 -1.41925e-20  -1.0608e-08  1.63448e-20  6.72241e-09 -1.48994e-20   -1.599e-10  8.72093e-21 -2.23369e-09  1.19392e-21  9.95541e-10 -1.16119e-20  3.52647e-10  1.86463e-20 -3.93825e-10 -2.00712e-20 -1.46119e-11  1.65315e-20  1.07113e-10 -1.06975e-20 -7.43581e-12  5.27694e-21 -2.48697e-11 -1.63344e-21  1.91906e-12 -2.08617e-22  5.19657e-12  8.09383e-22 -3.34247e-14 -7.38814e-22 -9.30908e-13  4.21505e-22 -1.10459e-13 -1.33464e-22  1.24694e-13 -1.21965e-23  3.64951e-14  3.92253e-23 -8.92105e-15 -2.04859e-23 -5.96582e-15  3.66764e-24 -3.46157e-16  1.44748e-24  4.72076e-16 -1.00958e-24  1.33877e-16  1.06112e-25  -3.6186e-18  1.28102e-25 -9.16425e-18 -6.57761e-26 -1.82664e-18  9.06377e-27  2.85664e-20  2.16699e-27  7.62525e-20 -6.09555e-28  1.39572e-20 -2.53465e-29  5.69003e-22  -2.3258e-29   -1.917e-22  1.38155e-29 -3.80925e-23 -4.32999e-31 -2.82466e-24 -8.01654e-32 -2.47667e-27  -4.7509e-32  1.57222e-26 -6.54832e-34  1.16492e-27  6.36413e-34  3.20494e-29  3.89536e-35  1.47028e-31 -2.81525e-37
 1.98617e-34 -1.88452e-21 -7.38987e-33  1.02994e-19  9.47989e-32 -2.98899e-18  -5.0331e-31  5.79539e-17 -1.08989e-30 -8.29685e-16  3.83551e-29  9.27528e-15 -3.26625e-28 -8.38919e-14  1.75606e-27  6.28875e-13  -6.9416e-27  -3.9746e-12  2.13028e-26  2.14439e-11 -4.94436e-26 -9.96627e-11  5.95986e-26  4.01604e-10  2.02881e-25 -1.40932e-09 -1.92248e-24  4.31799e-09  9.21775e-24 -1.15605e-08 -3.34114e-23  2.70199e-08  9.98167e-23  -5.4969e-08  -2.5586e-22  9.68051e-08  5.80083e-22 -1.46258e-07 -1.19824e-21  1.86858e-07   2.3203e-21 -1.97052e-07 -4.29649e-21  1.63984e-07  7.62331e-21 -9.70113e-08 -1.27406e-20  2.64907e-08  1.94886e-20  1.63891e-08 -2.64007e-20  -2.2648e-08  3.04919e-20  8.66269e-09 -2.83122e-20  3.23195e-09  1.82084e-20 -4.47713e-09 -2.31388e-21  7.14792e-10 -1.37543e-20  1.15226e-09  2.39656e-20 -5.02292e-10 -2.55734e-20 -2.22802e-10  2.03832e-20  1.61947e-10 -1.27026e-20  4.12527e-11  6.14046e-21 -3.90765e-11 -2.02069e-21 -9.14167e-12  -1.9635e-23  7.50906e-12  7.56463e-22  2.30401e-12 -7.68763e-22 -1.05737e-12   4.6591e-22  -5.1265e-13 -1.57512e-22   7.4509e-14 -5.64276e-24  8.21338e-14  3.83872e-23  6.83468e-15 -2.02727e-23 -7.62841e-15  3.60849e-24  -2.3222e-15  1.34223e-24  1.53647e-16 -9.20908e-25  2.14732e-16  7.92089e-26  3.81019e-17  1.32067e-25 -4.10928e-18 -6.59534e-26 -2.81976e-18    8.733e-27 -4.20518e-19  2.11172e-27  1.55685e-20  -4.7013e-28   1.5231e-20 -3.93195e-29  2.31847e-21 -3.05429e-29  9.26369e-23  1.21111e-29 -1.90853e-23  4.40103e-31 -3.33572e-24 -1.21935e-31 -2.17351e-25 -4.43352e-32 -3.34148e-27  6.87169e-35  3.46855e-28  3.56806e-34  1.79005e-29  1.58678e-35  1.96023e-31
