 1.04813e-34   -5.132e-49 -1.11083e-34  -6.8035e-48 -1.45502e-37  2.24656e-46 -2.29487e-34 -7.44002e-46  3.81823e-33  1.96765e-45 -5.29725e-32  7.51956e-45  5.90615e-31  -2.2684e-44 -5.40019e-30   8.8196e-44  4.13359e-29 -2.71397e-43 -2.68852e-28  9.92387e-42  1.50224e-27 -8.09216e-41 -7.27018e-27  4.99043e-40  3.06564e-26 -2.71613e-39 -1.13105e-25  1.29128e-38  3.66079e-25 -5.37158e-38 -1.04069e-24  1.93462e-37  2.59795e-24 -5.90186e-37 -5.68519e-24   1.4444e-36  1.08674e-23 -2.34539e-36 -1.80403e-23 -6.58507e-37  2.57726e-23  2.43689e-35 -3.12427e-23  -1.2182e-34  3.14064e-23  4.29717e-34 -2.51103e-23  -1.2444e-33  1.45481e-23  3.10855e-33 -4.32907e-24 -6.84917e-33 -1.61209e-24  1.34657e-32  2.64348e-24 -2.37739e-32 -1.13501e-24   3.7819e-32 -2.06293e-25 -5.42811e-32  4.29282e-25   7.0278e-32 -1.08072e-25  -8.1939e-32  -7.9134e-26  8.57508e-32   4.7263e-26 -8.01226e-32  9.19863e-27  6.62878e-32 -1.18179e-26 -4.79157e-32 -7.04747e-28  2.95661e-32  2.31805e-27 -1.48569e-32  8.74491e-29  5.34825e-33 -3.88847e-28 -5.92145e-34  -2.9873e-29 -9.71897e-34  5.24124e-29  9.88574e-34  9.13869e-30 -5.75371e-34   -5.155e-30  2.33912e-34 -1.69903e-30 -6.31408e-35  2.65694e-31  6.43546e-36  1.81586e-31  3.45905e-36  1.26757e-32 -2.12238e-36 -1.08472e-32  5.80397e-37 -2.55441e-33 -7.55644e-38  1.01845e-34  1.29778e-40  1.29968e-34 -1.20493e-39  1.82929e-35  2.03329e-39 -1.02028e-36 -8.41865e-40 -6.26675e-37  1.76038e-40  -7.0452e-38 -1.79503e-41  1.11407e-39  1.05164e-42  9.12839e-40 -5.31953e-43   8.0884e-41  1.94124e-43  2.27812e-42 -3.21201e-44 -1.51675e-43  3.03321e-45 -1.02486e-44 -1.88054e-46 -2.36181e-46  5.27175e-48
  -5.132e-49   3.1126e-34  -1.0866e-47 -2.59088e-34 -1.66408e-46   5.4433e-34  3.53644e-45 -1.14642e-32 -9.34272e-45  1.82096e-31  2.25267e-44 -2.26938e-30  7.48707e-44  2.29028e-29 -3.69896e-43  -1.9172e-28  2.65836e-42  1.35456e-27 -2.22601e-41 -8.18131e-27  2.41846e-40   4.2644e-26 -1.76919e-39 -1.93173e-25    1.084e-38  7.64334e-25 -5.84284e-38  -2.6506e-24  2.77379e-37   8.0718e-24 -1.16327e-36 -2.15969e-23  4.30252e-36  5.07231e-23 -1.39565e-35 -1.04305e-22   3.9186e-35  1.86948e-22 -9.23963e-35 -2.89953e-22  1.68692e-34  3.84854e-22 -1.66222e-34 -4.29528e-22 -3.26154e-34  3.91239e-22  2.46301e-33 -2.74281e-22 -8.81965e-33  1.26705e-22  2.41066e-32 -1.19287e-23 -5.53381e-32 -3.52238e-23  1.10569e-31  2.79583e-23 -1.95544e-31 -5.17708e-24  3.08737e-31 -5.90132e-24 -4.37038e-31  4.01335e-24   5.5552e-31  1.89673e-25 -6.33702e-31 -1.09431e-24  6.47113e-31  2.05983e-25 -5.88731e-31    2.153e-25  4.73465e-31 -7.17022e-26  -3.3228e-31 -3.75399e-26  1.98966e-31  1.49457e-26 -9.71315e-32   6.5453e-27  3.42268e-32 -2.24451e-27 -4.15604e-33 -1.10018e-27 -5.25815e-33  2.11365e-28  5.29373e-33  1.61359e-28  -2.9639e-33 -3.89905e-30  1.14269e-33 -1.72815e-29 -2.84062e-34 -2.22131e-30  2.02868e-35  1.03014e-30   1.8221e-35  3.49233e-31 -9.37177e-36  -7.5499e-33  2.22922e-36  -2.0585e-32   -2.183e-37 -3.25529e-33 -9.51748e-39  2.78881e-34 -1.04843e-38  1.58501e-34     1.14e-38  1.75117e-35 -4.33127e-39 -1.04358e-36  9.07345e-40 -4.63261e-37 -1.06503e-40 -4.18767e-38  9.66103e-42  -1.4726e-41 -2.77999e-42  2.85857e-40  7.72294e-43  2.30989e-41 -1.11223e-43  5.38831e-43  8.98366e-45  -6.0366e-45 -4.01786e-46  -3.4981e-46
-1.11083e-34  -1.0866e-47  5.43774e-34 -1.22716e-46 -1.20206e-33 -2.34956e-45  2.23245e-32  3.58681e-44  -4.1193e-31 -7.82317e-44   5.7926e-30  1.79635e-43 -6.49105e-29  5.11699e-43  5.96759e-28 -3.99666e-42 -4.59429e-27  3.87977e-41  3.00629e-26 -3.75389e-40  -1.6905e-25  3.41206e-39  8.23615e-25 -2.42333e-38 -3.49749e-24  1.47327e-37      1.3e-23 -7.85111e-37 -4.24079e-23   3.6899e-36  1.21565e-22  -1.5367e-35 -3.06173e-22  5.68119e-35  6.76385e-22 -1.86319e-34 -1.30618e-21  5.39751e-34  2.19244e-21 -1.36714e-33 -3.17058e-21  2.96113e-33  3.89663e-21 -5.19798e-33 -3.98033e-21  6.18241e-33  3.24702e-21  5.74635e-34 -1.93811e-21 -3.04572e-32  6.22979e-22  1.11926e-31  1.77987e-22 -2.86615e-31 -3.46244e-22  6.00008e-31  1.62379e-22 -1.07984e-30  1.94789e-23   1.7073e-30 -5.76527e-23 -2.39623e-30  1.72254e-23   2.9999e-30  9.85212e-24 -3.35449e-30 -6.96088e-24  3.34588e-30 -9.18641e-25 -2.96507e-30   1.7034e-24  2.31765e-30  1.24315e-26 -1.57828e-30 -3.34995e-25  9.16056e-31  5.32714e-27 -4.33533e-31  5.70373e-26   1.4874e-31  1.54766e-27 -1.87633e-32 -8.08697e-27 -1.98372e-32 -9.85816e-28  1.95934e-32  8.64581e-28 -1.05195e-32  2.22707e-28  3.83296e-33 -5.26857e-29 -8.67744e-34 -2.78087e-29   3.0021e-35 -6.18919e-31  6.64218e-35  1.84934e-30 -2.93405e-35  3.57763e-31  6.31843e-36   -3.339e-32  -5.9654e-37 -2.18573e-32  3.67374e-38 -2.46714e-33 -7.02187e-38  2.85658e-34   4.6076e-38  1.08475e-34  -1.5607e-38  9.69462e-36  3.18271e-39 -4.62281e-37 -3.92443e-40 -1.67918e-37  4.04206e-41 -1.33022e-38 -9.22613e-42 -1.87964e-40  2.06743e-42  3.66466e-41 -2.51321e-43  2.02758e-42  1.60843e-44  2.91791e-44 -4.16308e-46
 -6.8035e-48 -2.59088e-34 -1.22716e-46  1.68903e-33 -8.83536e-46 -3.28033e-32 -2.33832e-44  7.04178e-31  2.74718e-43  -1.1295e-29 -5.24349e-43  1.41549e-28  1.37624e-42 -1.43639e-27  6.97415e-43  1.20935e-26 -1.87658e-41 -8.59619e-26  3.06431e-40  5.22501e-25 -3.59455e-39 -2.74171e-24  3.29977e-38  1.25072e-23 -2.38491e-37 -4.98556e-23  1.45948e-36   1.7425e-22 -7.75007e-36 -5.35052e-22  3.61354e-35  1.44423e-21 -1.49091e-34 -3.42395e-21  5.46774e-34  7.11211e-21 -1.78596e-33 -1.28866e-20  5.19249e-33  2.02259e-20 -1.33849e-32 -2.72029e-20  3.03105e-32  3.08228e-20 -5.91416e-32 -2.85893e-20  9.50977e-32  2.05333e-20 -1.10192e-31 -9.89622e-21  3.05784e-32  1.28748e-21  2.83612e-31  2.50475e-21 -1.03422e-30 -2.17009e-21  2.43125e-30  4.87152e-22 -4.58169e-30  4.19591e-22  7.35617e-30 -3.25629e-22 -1.03141e-29  1.89455e-24  1.27717e-29  8.50116e-23 -1.40327e-29 -2.06748e-23  1.36884e-29 -1.60642e-23 -1.18214e-29  6.65036e-24  8.98011e-30  2.71638e-24 -5.93045e-30 -1.39122e-24   3.3329e-30 -4.73201e-25 -1.52622e-30  2.16956e-25  5.07594e-31  8.37131e-26 -6.42208e-32 -2.32568e-26 -6.02549e-32 -1.31455e-26  5.78667e-32  1.07323e-27 -2.97128e-32  1.52758e-27  1.02009e-32  1.32393e-28 -2.07525e-33 -1.06256e-28 -2.23889e-35 -2.82325e-29  1.93196e-34  2.07525e-30 -7.59232e-35  1.96587e-30  1.60758e-35  2.44931e-31 -2.19877e-36 -3.94635e-32  5.47619e-37 -1.52134e-32 -3.32381e-37 -1.29771e-33  1.51494e-37  1.60819e-34 -4.51994e-38  4.59672e-35  8.73197e-39  3.49739e-36 -1.06804e-39 -8.26797e-38  1.14228e-40 -3.29656e-38 -2.28298e-41  -2.1862e-39  4.21923e-42 -3.43983e-41 -4.15447e-43  1.34863e-42  1.88906e-44  3.10048e-44
-1.45502e-37 -1.66408e-46 -1.20206e-33 -8.83536e-46  3.73675e-32 -4.03531e-45 -9.57988e-31  -1.8041e-43   1.7757e-29  1.72832e-42 -2.51049e-28 -3.46547e-42  2.82872e-27  1.50489e-41 -2.61561e-26 -6.39895e-41  2.02589e-25  3.00958e-40 -1.33408e-24  2.01276e-42  7.55201e-24  -1.7466e-38 -3.70523e-23  2.14966e-37   1.5851e-22 -1.72823e-36 -5.93786e-22  1.10582e-35  1.95305e-21 -5.96809e-35 -5.64775e-21  2.78912e-34  1.43574e-20 -1.14529e-33  -3.2035e-20  4.16747e-33  6.25296e-20 -1.35028e-32 -1.06186e-19  3.90323e-32   1.5554e-19 -1.00589e-31 -1.93934e-19  2.30167e-31  2.01458e-19 -4.63342e-31 -1.67832e-19  8.05091e-31  1.03302e-19 -1.15654e-30 -3.57718e-20  1.20997e-30 -7.37205e-21 -3.64514e-31  1.80493e-20 -2.23565e-30 -9.26509e-21  7.43828e-30 -5.57584e-22 -1.55947e-29  3.07533e-21  2.60381e-29  -1.0809e-21  -3.6881e-29 -4.76006e-22  4.54317e-29  4.07137e-22 -4.91967e-29  2.87056e-23  4.70028e-29  -9.7375e-23 -3.95795e-29  4.72634e-24  2.92171e-29  1.91085e-23 -1.87005e-29 -1.40434e-24  1.01653e-29 -3.30906e-24 -4.49644e-30  9.30813e-26  1.44443e-30  4.91344e-25 -1.78784e-31  3.33694e-26 -1.56062e-31 -5.65654e-26  1.44562e-31  -1.1156e-26 -7.08516e-32   4.0354e-27  2.28537e-32  1.64088e-27 -4.10169e-33 -4.68811e-29 -2.87888e-34 -1.24361e-28   4.7918e-34 -1.89454e-29 -1.75315e-34  3.27428e-30  4.06346e-35  1.43976e-30 -8.79922e-36  1.20158e-31  2.91438e-36 -2.65311e-32 -1.20345e-36 -7.29063e-33  4.23003e-37 -5.00918e-34 -1.10547e-37  5.17529e-35  1.97247e-38   1.2235e-35 -2.29988e-39  8.11222e-37  2.46714e-40 -2.24187e-39 -4.48716e-41 -3.13941e-39  6.81638e-42 -1.38843e-40 -5.12125e-43 -1.49728e-42  1.33311e-44
 2.24656e-46   5.4433e-34 -2.34956e-45 -3.28033e-32 -4.03531e-45  1.05953e-30  -6.9564e-45  -2.3103e-29 -1.16206e-42  3.72481e-28  9.87904e-42 -4.69365e-27  -3.0284e-41  4.79041e-26   2.1992e-40 -4.05765e-25 -1.52352e-39  2.90256e-24  9.26059e-39 -1.77605e-23 -4.05085e-38   9.3849e-23   7.8568e-38 -4.31292e-22  6.06853e-37  1.73261e-21 -8.46111e-36 -6.10556e-21  6.34424e-35  1.89115e-20 -3.64575e-34 -5.15207e-20    1.747e-33  1.23354e-19 -7.22477e-33  -2.5895e-19  2.62352e-32  4.74592e-19   -8.445e-32 -7.54249e-19  2.42191e-31  1.02861e-18 -6.19971e-31 -1.18411e-18  1.41509e-30  1.11937e-18 -2.86695e-30 -8.24398e-19  5.10424e-30  4.14731e-19 -7.82293e-30 -6.89637e-20   9.8475e-30 -9.42304e-20 -8.82242e-30  9.01015e-20  1.45299e-30 -2.39774e-20  1.53576e-29 -1.56467e-20 -4.26121e-29  1.41035e-20   7.7443e-29 -8.45446e-22 -1.12779e-28  -3.5042e-21  1.39316e-28  1.07214e-21  -1.4926e-28  6.27585e-22  1.39922e-28 -3.25266e-22 -1.14953e-28 -1.00835e-22  8.24464e-29  6.81662e-23 -5.11093e-29  1.74388e-23  2.68431e-29 -1.10162e-23 -1.14514e-29 -3.27204e-24    3.543e-30  1.30006e-24 -4.21291e-31  5.58615e-25 -3.55028e-31 -8.50306e-26  3.15283e-31 -7.13867e-26 -1.47328e-31 -2.75002e-27  4.44966e-32  5.66097e-27  -6.8273e-33  1.17683e-27 -1.07913e-33 -1.71865e-28  1.06415e-33 -9.85898e-29 -3.82083e-34 -8.86076e-30  1.04867e-34  2.64652e-30 -3.10008e-35  7.62153e-31  1.06261e-35  4.48506e-32 -3.54703e-36 -1.12972e-32  1.02325e-36 -2.41234e-33 -2.33174e-37 -1.43901e-34  3.75375e-38  9.24894e-36 -4.05276e-39  1.93256e-36  4.31262e-40  1.05528e-37 -7.21178e-41  7.84003e-40  8.77257e-42  -9.4914e-41 -4.55685e-43 -1.67835e-42
-2.29487e-34  3.53644e-45  2.23245e-32 -2.33832e-44 -9.57988e-31  -6.9564e-45  2.51898e-29  7.52119e-44 -4.69506e-28 -6.93856e-42  6.67437e-27  6.13997e-41 -7.56379e-26 -3.52672e-40  7.03629e-25  3.09778e-39  -5.4845e-24 -2.31358e-38  3.63575e-23  1.44884e-37 -2.07258e-22 -7.32977e-37  1.02438e-21  2.82476e-36  -4.4164e-21 -6.41347e-36    1.668e-20 -1.20755e-35 -5.53401e-20  2.42955e-34  1.61506e-19  -1.7186e-33 -4.14604e-19  8.90257e-33  9.34813e-19 -3.79994e-32 -1.84533e-18  1.39441e-31  3.17222e-18 -4.48734e-31 -4.70963e-18  1.27955e-30  5.96169e-18 -3.24965e-30 -6.30306e-18  7.36276e-30  5.36728e-18 -1.48589e-29 -3.40966e-18  2.65648e-29   1.2688e-18 -4.15851e-29  1.68085e-19  5.56397e-29 -5.78917e-19 -6.00921e-29  3.26251e-19  4.32047e-29  6.02541e-22  5.40875e-30 -1.00659e-19 -8.81546e-29  4.14261e-20  1.94145e-28  1.36112e-20  -2.9953e-28  -1.4626e-20  3.75348e-28 -1.29352e-22 -3.99875e-28  3.40849e-21  3.68588e-28 -3.72233e-22 -2.95618e-28 -6.64384e-22  2.05944e-28  9.18201e-23 -1.23547e-28  1.16929e-22  6.26219e-29 -1.06376e-23 -2.57294e-29 -1.81501e-23  7.65139e-30 -1.89327e-25 -8.63134e-31  2.24633e-24 -7.21588e-31  3.14553e-25  6.12384e-31 -1.83508e-25 -2.72738e-31 -5.77961e-26  7.66842e-32  5.27888e-27 -9.39189e-33  5.07239e-27 -3.00915e-33   5.6398e-28   2.2122e-33 -1.75594e-28 -8.18549e-34 -5.71755e-29  2.68645e-34 -2.92152e-30  -9.2734e-35  1.38801e-30  3.07008e-35   2.9555e-31  -8.8455e-36  1.36147e-32  2.16641e-36 -3.06645e-33 -4.27731e-37 -5.35971e-34  6.07521e-38 -2.83062e-35 -5.94261e-39  7.59572e-37  6.29376e-40   1.5548e-37 -9.57681e-41  5.85895e-39  8.84949e-42  4.93511e-41 -2.57418e-43
-7.44002e-46 -1.14642e-32  3.58681e-44  7.04178e-31  -1.8041e-43  -2.3103e-29  7.52119e-44  5.06757e-28  1.13116e-42 -8.21528e-27 -4.55921e-41  1.04118e-25  4.91611e-40 -1.06908e-24 -4.24366e-39  9.11299e-24  3.74634e-38 -6.56229e-23 -2.73877e-37  4.04355e-22  1.68423e-36 -2.15242e-21 -8.70236e-36  9.96849e-21  3.72781e-35  -4.0374e-20 -1.26011e-34  1.43507e-19  2.78096e-34  -4.4858e-19  1.21295e-34  1.23398e-18 -5.37363e-33 -2.98522e-18  3.56233e-32   6.3367e-18 -1.65971e-31 -1.17539e-17  6.30945e-31  1.89266e-17 -2.05535e-30 -2.61903e-17  5.86365e-30  3.06548e-17 -1.48091e-29 -2.95597e-17  3.32794e-29  2.23448e-17 -6.66226e-29 -1.17381e-17  1.18532e-28  2.37939e-18 -1.86132e-28  2.35034e-18   2.5428e-28 -2.51715e-18 -2.93065e-28  7.81644e-19  2.63537e-28  3.81575e-19 -1.33669e-28 -4.10047e-19 -1.00609e-28  4.75292e-20  4.01558e-28  9.61615e-20  -6.9532e-28 -3.65118e-20  8.99406e-28 -1.59851e-20 -9.59073e-28  1.05713e-20  8.71431e-28  2.35309e-21 -6.82708e-28 -2.21714e-21  4.61771e-28  -3.9698e-22 -2.67804e-28  3.70045e-22  1.30835e-28  8.07264e-23 -5.17135e-29 -4.71933e-23   1.4767e-29 -1.54147e-23 -1.57038e-30  3.80515e-24 -1.32447e-30  2.19956e-24  1.07465e-30 -3.74123e-26  -4.5616e-31 -1.97972e-25  1.17913e-31 -3.08831e-26 -9.40835e-33  8.03124e-27 -7.33059e-33  3.25198e-27  4.47524e-33  1.68543e-28 -1.75383e-33 -1.11333e-28  6.57195e-34 -2.49757e-29 -2.39118e-34 -7.11737e-31  7.47422e-35  4.94688e-31 -1.91098e-35  8.31299e-32  4.03521e-36  3.39531e-33 -6.83401e-37 -5.07174e-34  8.36487e-38 -7.36691e-35  -7.2965e-39 -3.28088e-36  7.80198e-40  1.08884e-38 -1.04633e-40  4.34416e-39  6.66699e-42  6.55542e-41
 3.81823e-33 -9.34272e-45  -4.1193e-31  2.74718e-43   1.7757e-29 -1.16206e-42 -4.69506e-28  1.13116e-42  8.79935e-27  1.19867e-41 -1.25811e-25 -3.74358e-40  1.43439e-24  4.72543e-39 -1.34283e-23 -4.60122e-38  1.05366e-22  3.85817e-37 -7.03374e-22 -2.68998e-36  4.03915e-21   1.5959e-35 -2.01183e-20 -8.12514e-35  8.74451e-20  3.54482e-34 -3.33115e-19 -1.30398e-33  1.11529e-18  3.85353e-33 -3.28642e-18 -7.73391e-33  8.52365e-18 -1.74794e-34 -1.94305e-17  9.56704e-32  3.88122e-17 -5.80484e-31 -6.75824e-17  2.41532e-30  1.01764e-16 -8.15572e-30 -1.30878e-16  2.35524e-29  1.40947e-16 -5.94951e-29 -1.22791e-16  1.32888e-28  8.05772e-17 -2.63681e-28 -3.21462e-17  4.65008e-28 -2.05564e-18 -7.26208e-28  1.31886e-17  9.95229e-28 -8.19427e-18 -1.17426e-27   4.5599e-19  1.14299e-27  2.33134e-18 -8.11226e-28 -1.12282e-18  1.79475e-28 -2.58745e-19  6.30633e-28  3.72658e-19 -1.40665e-27  -2.0297e-20  1.93141e-27 -8.42108e-20 -2.07971e-27  1.49104e-20  1.86821e-27  1.62084e-20 -1.43041e-27 -3.47255e-21   9.3867e-28 -2.89245e-21 -5.25583e-28  4.78528e-22  2.47151e-28  4.69523e-22 -9.39051e-29 -2.53853e-23  2.57646e-29 -6.25222e-23 -2.58762e-30 -5.14357e-24 -2.21336e-30  5.76172e-24  1.72492e-30  1.38679e-24 -6.97111e-31 -2.46749e-25  1.60852e-31 -1.44378e-25 -1.40486e-33 -9.76678e-27 -1.66788e-32  6.26462e-27  9.01705e-33  1.57078e-27 -3.73039e-33  2.01484e-29   1.4977e-33 -4.90105e-29  -5.4197e-34 -8.28112e-30  1.58318e-34 -1.55108e-31 -3.62871e-35  1.18737e-31  6.62567e-36   1.6265e-32 -9.47552e-37  6.23454e-34  9.71466e-38 -4.45406e-35 -7.48995e-39 -5.35633e-36  8.27561e-40 -1.71602e-37 -9.20824e-41 -8.46523e-40  3.27193e-42
 1.96765e-45  1.82096e-31 -7.82317e-44  -1.1295e-29  1.72832e-42  3.72481e-28 -6.93856e-42 -8.21528e-27  1.19867e-41   1.3395e-25  1.24569e-40 -1.70792e-24 -3.53529e-39  1.76481e-23  4.56227e-38 -1.51437e-22 -4.35983e-37  1.09814e-21  3.42101e-36 -6.81625e-21 -2.25566e-35  3.65645e-20  1.28065e-34 -1.70721e-19 -6.33141e-34  6.97396e-19  2.73306e-33 -2.50139e-18 -1.02381e-32  7.89428e-18  3.26381e-32 -2.19385e-17 -8.41723e-32  5.36533e-17  1.48363e-31 -1.15226e-16  8.59734e-34  2.16442e-16 -1.41063e-30 -3.53358e-16  7.57399e-30    4.965e-16 -2.78721e-29  -5.9134e-16   8.3231e-29  5.82158e-16 -2.12475e-28 -4.52093e-16  4.74049e-28  2.48081e-16 -9.33815e-28 -5.93862e-17   1.6305e-27 -4.26835e-17 -2.52183e-27  5.22738e-17  3.43609e-27 -1.87325e-17 -4.07266e-27 -6.61884e-18  4.08698e-27  8.83829e-18 -3.24973e-27 -1.54447e-18   1.6047e-27 -1.93339e-18  4.81039e-28  9.07892e-19 -2.43651e-27  2.88002e-19  3.73108e-27 -2.52548e-19 -4.10646e-27 -3.58184e-20  3.65957e-27  5.29322e-20 -2.73935e-27  5.59736e-21   1.7422e-27 -9.09319e-21 -9.40249e-28 -1.31514e-21  4.24968e-28  1.23961e-21 -1.55205e-28  2.98826e-22  4.10393e-29 -1.16101e-22 -3.94032e-30 -4.89617e-23 -3.39797e-30  4.16279e-24   2.5654e-30  5.02955e-24  -9.8193e-31   5.2924e-25  1.87948e-31 -2.55298e-25  2.60425e-32 -7.73994e-26 -3.63634e-32 -5.40242e-28  1.81037e-32  3.32083e-27   -7.716e-33  5.85488e-28  3.14554e-33 -5.87403e-30 -1.09629e-33 -1.53098e-29  2.97174e-34 -2.05604e-30 -6.10948e-35 -3.69385e-32  9.58314e-36  1.81837e-32 -1.12907e-36  2.03039e-33  9.30809e-38  7.03164e-35  -6.3729e-39 -1.51102e-36   7.4865e-40 -1.45418e-37  -6.2021e-41  -1.8373e-39
-5.29725e-32  2.25267e-44   5.7926e-30 -5.24349e-43 -2.51049e-28  9.87904e-42  6.67437e-27 -4.55921e-41 -1.25811e-25  1.24569e-40   1.8097e-24  1.26631e-39 -2.07636e-23 -3.30177e-38  1.95676e-22  4.02751e-37 -1.54612e-21 -3.60559e-36  1.03971e-20   2.6353e-35 -6.01669e-20 -1.63699e-34   3.0212e-19   8.8558e-34 -1.32444e-18 -4.22274e-33  5.09107e-18  1.78219e-32 -1.72086e-17 -6.64148e-32  5.12247e-17  2.16342e-31 -1.34296e-16 -6.01825e-31  3.09692e-16  1.35165e-30  -6.2633e-16 -2.02904e-30  1.10541e-15 -4.45221e-31 -1.68935e-15   1.7387e-29   2.2091e-15 -8.00028e-29 -2.42535e-15  2.57747e-28  2.16367e-15 -6.77039e-28 -1.46784e-15  1.52183e-27  6.26476e-16 -2.98766e-27 -1.99171e-19   5.1695e-27 -2.29275e-16 -7.90489e-27   1.5798e-16  1.06575e-26 -1.78448e-17  -1.2563e-26 -4.09871e-17  1.27104e-26  2.31914e-17  -1.0583e-26  3.28522e-18  6.42643e-27 -7.23774e-18 -1.27872e-27  8.77142e-19 -3.42455e-27  1.57437e-18  6.48052e-27 -4.02838e-19 -7.41848e-27 -2.96621e-19  6.58585e-27  9.15363e-20 -4.82035e-27  5.34664e-20  2.96676e-27  -1.3853e-20 -1.54015e-27 -9.09782e-21  6.68163e-28  1.19231e-21 -2.34855e-28  1.30823e-21  6.02394e-29  2.65998e-23 -5.65016e-30 -1.35003e-22 -4.86286e-30 -2.36854e-23  3.59252e-30  7.48007e-24 -1.28114e-30  3.06676e-24  1.64038e-31  5.56875e-26  9.46506e-32 -1.63504e-25 -7.60223e-32 -3.17136e-26  3.56215e-32  1.17868e-27 -1.52082e-32  1.27512e-27  6.07018e-33  1.69881e-28  -2.0002e-33 -3.03425e-30  4.99754e-34 -3.33221e-30 -9.16456e-35 -3.65353e-31  1.21621e-35  -7.7478e-33 -1.13322e-36  1.58094e-33  6.98514e-38  1.38321e-34 -4.42758e-39  3.62293e-36  5.66714e-40 -2.26216e-39 -2.78392e-41
 7.51956e-45 -2.26938e-30  1.79635e-43  1.41549e-28 -3.46547e-42 -4.69365e-27  6.13997e-41  1.04118e-25 -3.74358e-40 -1.70792e-24  1.26631e-39  2.19149e-23  1.19256e-38 -2.27957e-22 -2.81754e-37  1.96976e-21  3.15467e-36 -1.43884e-20 -2.60517e-35  9.00002e-20  1.76758e-34 -4.86711e-19 -1.03107e-33  2.29193e-18   5.2996e-33 -9.44709e-18 -2.42981e-32  3.42079e-17  9.98214e-32 -1.09051e-16 -3.66945e-31  3.06318e-16  1.19874e-30 -7.57739e-16 -3.43133e-30  1.64737e-15  8.36836e-30 -3.13567e-15 -1.62787e-29  5.19372e-15  1.99319e-29 -7.41555e-15  1.33172e-29  8.99442e-15 -1.78369e-28 -9.04822e-15  6.87843e-28  7.22533e-15 -1.92227e-27 -4.14283e-15  4.41546e-27  1.14491e-15 -8.69587e-27  5.90499e-16  1.49489e-26 -8.52996e-16 -2.25988e-26  3.50138e-16  3.00719e-26   8.3606e-17 -3.50517e-26 -1.49212e-16  3.53235e-26  3.54898e-17 -2.98925e-26  2.99221e-17  1.97299e-26 -1.74972e-17 -7.58071e-27 -3.73498e-18 -3.18393e-27  4.69103e-18  1.00455e-26  3.00535e-19 -1.22867e-26 -9.80265e-19  1.09229e-26 -3.17547e-20 -7.81756e-27  1.72781e-19  4.64751e-27  1.24973e-20 -2.31547e-27 -2.50086e-20  9.63368e-28 -4.10992e-21 -3.27042e-28  2.63903e-21  8.22627e-29  8.21209e-22 -7.68975e-30 -1.44744e-22 -6.66638e-30 -9.79037e-23  4.83513e-30 -5.03724e-24  -1.5427e-30  6.03067e-24  2.51164e-32   1.3876e-24    2.411e-31 -7.11648e-26 -1.50822e-31 -7.50128e-26  6.72823e-32 -1.01621e-26 -2.81671e-32   6.6635e-28  1.07668e-32  3.57973e-28 -3.31511e-33  3.79437e-29  7.57883e-34 -5.01021e-31 -1.22718e-34 -4.77664e-31  1.34291e-35 -4.25571e-32 -9.17155e-37 -9.89607e-34  3.51205e-38  6.17773e-35 -2.46736e-39   3.6383e-36  3.41467e-40  3.79311e-38
 5.90615e-31  7.48707e-44 -6.49105e-29  1.37624e-42  2.82872e-27  -3.0284e-41 -7.56379e-26  4.91611e-40  1.43439e-24 -3.53529e-39 -2.07636e-23  1.19256e-38  2.39818e-22  1.00751e-37 -2.27584e-21 -2.13563e-36  1.81144e-20  2.16716e-35 -1.22752e-19 -1.63539e-34  7.16118e-19  1.02366e-33 -3.62661e-18 -5.57846e-33  1.60417e-17  2.71606e-32 -6.22498e-17 -1.19667e-31  2.12533e-16  4.78991e-31 -6.39407e-16 -1.73766e-30  1.69542e-15  5.67297e-30 -3.95732e-15 -1.64747e-29  8.10835e-15  4.17762e-29 -1.45142e-14 -8.93917e-29   2.2529e-14  1.48668e-28 -2.99779e-14 -1.36323e-28   3.3582e-14 -2.13859e-28 -3.07064e-14   1.5092e-27  2.15528e-14 -4.82129e-27 -9.82172e-15  1.15953e-26  5.99476e-16 -2.31443e-26  3.17089e-15  3.97026e-26 -2.44332e-15 -5.94051e-26  4.17349e-16   7.7931e-26  5.68907e-16 -8.94986e-26 -3.81812e-16  8.91829e-26 -2.24776e-17 -7.54941e-26  1.11771e-16  5.16194e-26  -2.1651e-17 -2.43257e-26 -2.31443e-17  9.81044e-28  8.14776e-18  1.35862e-26   4.2087e-18 -1.86127e-26 -1.82903e-18  1.66947e-26 -7.61357e-19 -1.16881e-26  2.94832e-19  6.69904e-27  1.36538e-19 -3.19624e-27 -3.14724e-20  1.27586e-27 -2.13804e-20 -4.21276e-28  1.08721e-21   1.0543e-28  2.46983e-21 -9.69723e-30  2.79587e-22 -9.16171e-30 -1.66831e-22  6.39772e-30 -5.02574e-23 -1.67175e-30  2.18596e-24 -3.34411e-31   3.2936e-24  5.18642e-31  4.79108e-25 -2.80695e-31 -5.37794e-26  1.20038e-31 -2.56726e-26 -4.86444e-32  -2.5851e-27   1.7577e-32  1.93543e-28 -5.01406e-33  7.18073e-29  1.04029e-33  6.24539e-30 -1.46599e-34 -1.16622e-32   1.2691e-35 -4.04689e-32 -5.30582e-37 -2.76938e-33  2.37821e-39 -5.48423e-35 -1.09979e-39  5.57395e-37  1.42447e-40
 -2.2684e-44  2.29028e-29  5.11699e-43 -1.43639e-27  1.50489e-41  4.79041e-26 -3.52672e-40 -1.06908e-24  4.72543e-39  1.76481e-23 -3.30177e-38 -2.27957e-22  1.00751e-37  2.38776e-21  7.52463e-37 -2.07839e-20 -1.41739e-35   1.5299e-19  1.28615e-34 -9.64713e-19 -8.73383e-34  5.26156e-18  4.96784e-33 -2.49995e-17 -2.49863e-32  1.04023e-16  1.14604e-31 -3.80445e-16 -4.86472e-31  1.22571e-15  1.91453e-30 -3.48185e-15 -6.93618e-30  8.71691e-15  2.28626e-29 -1.91963e-14 -6.76209e-29    3.705e-14  1.76591e-28 -6.23045e-14 -3.98054e-28  9.04644e-14  7.42625e-28 -1.11836e-13 -1.02618e-27  1.15068e-13  5.52546e-28 -9.45694e-14  2.31754e-27  5.66742e-14  -1.0442e-26 -1.77787e-14  2.75132e-26 -6.31898e-15 -5.65525e-26   1.1323e-14  9.74293e-26 -5.30099e-15 -1.44595e-25 -7.33304e-16  1.86935e-25  2.04125e-15 -2.11012e-25 -6.27031e-16  2.06899e-25 -3.65249e-16 -1.73522e-25  2.71385e-16  1.20033e-25  3.25222e-17 -6.19426e-26 -7.01401e-17  1.41614e-26  9.92151e-19  1.49656e-26  1.45598e-17 -2.54935e-26 -6.52516e-19  2.33823e-26 -2.62465e-18 -1.60481e-26  7.99731e-21  8.86016e-27  4.01764e-19  -4.0449e-27  3.62781e-20  1.55398e-27 -4.69835e-20 -5.04824e-28 -1.04653e-20  1.27196e-28   3.3106e-21 -1.01886e-29  1.50261e-21 -1.33173e-29 -1.60809e-23  8.46066e-30  -1.1122e-22 -1.49072e-30 -1.89214e-23 -1.06699e-30  2.61528e-24  9.90024e-31  1.33298e-24  -4.8595e-31  1.28933e-25  2.00328e-31 -2.10231e-26 -7.80613e-32 -6.57307e-27  2.64488e-32 -5.21832e-28 -6.94016e-33  3.32542e-29  1.29468e-33  9.72428e-30 -1.55743e-34  6.92298e-31  9.92774e-36  5.94405e-33 -1.04532e-37 -1.64022e-33 -1.70141e-38 -7.11242e-35 -4.17712e-40  -5.9708e-37
-5.40019e-30 -3.69896e-43  5.96759e-28  6.97415e-43 -2.61561e-26   2.1992e-40  7.03629e-25 -4.24366e-39 -1.34283e-23  4.56227e-38  1.95676e-22 -2.81754e-37 -2.27584e-21  7.52463e-37  2.17559e-20    4.907e-36 -1.74499e-19 -8.06289e-35  1.19207e-18  6.35186e-34 -7.01363e-18 -3.72627e-33  3.58377e-17  1.83657e-32 -1.60022e-16 -8.17521e-32  6.27172e-16  3.46604e-31 -2.16394e-15 -1.43632e-30  6.58332e-15  5.77173e-30 -1.76647e-14 -2.18576e-29  4.17592e-14  7.57183e-29 -8.67408e-14 -2.34612e-28   1.5759e-13   6.3954e-28 -2.48631e-13 -1.50913e-27  3.36925e-13  3.00818e-27 -3.85451e-13  -4.8031e-27  3.61577e-13  5.17322e-27 -2.62782e-13  1.22239e-28  1.27637e-13 -1.83921e-26 -1.51688e-14  5.86335e-26 -3.57841e-14 -1.27306e-25   3.1206e-14  2.22222e-25  -7.1798e-15 -3.28064e-25 -6.36875e-15  4.17954e-25  5.16058e-15 -4.62827e-25  -1.0686e-16  4.44888e-25 -1.40884e-15 -3.67332e-25  3.88153e-16  2.53732e-25  2.72847e-16 -1.37055e-25 -1.30279e-16  4.50116e-26 -4.67004e-17   9.7805e-27  2.90409e-17  -3.0491e-26  8.37511e-18     2.95e-26 -4.91054e-18 -2.00138e-26 -1.60187e-18  1.06797e-26  5.99175e-19 -4.68087e-27   2.7803e-19  1.74489e-27  -3.8961e-20 -5.65299e-28 -3.62356e-20   1.4209e-28 -1.75766e-21 -5.07551e-30  2.90459e-21 -2.09981e-29  6.40769e-22  1.11732e-29 -8.36496e-23 -6.89985e-31 -5.28418e-23 -2.35267e-30 -5.24183e-24  1.70613e-30  1.33127e-24 -7.78592e-31  4.11301e-25  3.11248e-31  2.78092e-26 -1.16265e-31 -5.29519e-27  3.67257e-32 -1.22821e-27 -8.80451e-33  -8.0622e-29  1.46134e-33  3.14125e-30 -1.46218e-34  8.00143e-31  5.92512e-36  4.37875e-32  2.14793e-37  5.36294e-34 -2.03563e-38 -1.83747e-35 -1.48577e-40
  8.8196e-44  -1.9172e-28 -3.99666e-42  1.20935e-26 -6.39895e-41 -4.05765e-25  3.09778e-39  9.11299e-24 -4.60122e-38 -1.51437e-22  4.02751e-37  1.96976e-21 -2.13563e-36 -2.07839e-20    4.907e-36  1.82304e-19  2.72705e-35  -1.3528e-18 -3.72338e-34  8.60304e-18   2.3176e-33 -4.73417e-17 -9.82468e-33  2.27061e-16  3.02672e-32 -9.54217e-16 -7.07535e-32  3.52665e-15  1.82212e-31  -1.1489e-14 -1.02226e-30  3.30239e-14  7.17527e-30 -8.37239e-14 -4.04957e-29  1.86882e-13  1.79951e-28 -3.65989e-13 -6.50149e-28  6.25321e-13  1.95387e-27 -9.24064e-13 -4.93372e-27  1.16535e-12  1.04344e-26 -1.22747e-12  -1.8054e-26  1.03922e-12  2.36956e-26 -6.51105e-13 -1.66822e-26  2.28854e-13  -2.1118e-26  5.12617e-14  1.10791e-25 -1.25114e-13 -2.65085e-25  6.67144e-14  4.74281e-25  3.17736e-15 -6.98677e-25 -2.31284e-14  8.76953e-25  8.92019e-15  -9.5073e-25  3.52856e-15  8.93008e-25 -3.47377e-15 -7.22622e-25 -1.08986e-16  4.94839e-25  8.63106e-16 -2.74325e-25 -8.34442e-17  1.07686e-25 -1.76969e-16  -1.0468e-26  2.31747e-17 -2.83574e-26   3.2508e-17  3.20158e-26 -2.83028e-18 -2.21032e-26 -5.25336e-18  1.15955e-26 -6.92395e-20 -4.95285e-27  6.75327e-19  1.81835e-27  9.73312e-20 -5.88474e-28 -5.71198e-20  1.36287e-28 -1.83759e-20  1.43329e-29  1.66776e-21 -3.49287e-29  1.64839e-21  1.44013e-29  1.89197e-22  1.19004e-30 -5.69409e-23 -4.33573e-30 -1.90256e-23  2.66951e-30 -1.05792e-24 -1.15117e-30  4.40916e-25  4.49443e-31  9.67879e-26 -1.60707e-31  4.95993e-27  4.70909e-32 -8.70399e-28 -1.02436e-32 -1.58259e-28  1.49455e-33 -8.68309e-30 -1.20004e-34  1.18568e-31  1.94963e-36  3.26492e-32  3.45402e-37  1.11414e-33 -1.35812e-38  6.99741e-36
 4.13359e-29  2.65836e-42 -4.59429e-27 -1.87658e-41  2.02589e-25 -1.52352e-39  -5.4845e-24  3.74634e-38  1.05366e-22 -4.35983e-37 -1.54612e-21  3.15467e-36  1.81144e-20 -1.41739e-35 -1.74499e-19  2.72705e-35  1.41095e-18  1.20921e-34 -9.72073e-18 -1.14424e-33  5.77048e-17  2.62682e-33 -2.97636e-16  2.10753e-32  1.34221e-15 -2.64948e-31 -5.31578e-15  1.66471e-30   1.8545e-14 -7.43804e-30 -5.70849e-14  2.52168e-29  1.55098e-13 -6.31409e-29 -3.71577e-13   9.3657e-29  7.82989e-13  7.79526e-29 -1.44485e-12 -1.12765e-27  2.31883e-12  4.70577e-27 -3.20283e-12 -1.37423e-26  3.74536e-12   3.1552e-26 -3.60782e-12 -5.83023e-26  2.71704e-12  8.43496e-26 -1.40439e-12 -8.31452e-26  2.44801e-13  1.06536e-26  3.34275e-13  1.80863e-25 -3.35808e-13 -5.13995e-25  9.79918e-14   9.5561e-25  5.78904e-14 -1.40812e-24 -5.84338e-14  1.73917e-24  5.82427e-15 -1.84083e-24  1.47239e-14  1.68385e-24 -5.48038e-15 -1.33092e-24 -2.58806e-15  9.00812e-25  1.70178e-15 -5.09534e-25  3.95633e-16  2.25958e-25 -3.77243e-16 -6.20546e-26 -6.82837e-17 -8.86423e-27  6.63053e-17  2.56566e-26  1.43654e-17 -2.03252e-26 -8.92323e-18  1.11719e-26 -2.87727e-18 -4.86211e-27  7.66439e-19  1.78447e-27  4.32086e-19 -5.43954e-28 -1.10349e-20  7.81977e-29 -4.07788e-20  6.29363e-29  -6.1953e-21 -5.79902e-29  1.73311e-21   1.7381e-29  6.86488e-22  4.67789e-30  3.41344e-23 -7.00961e-30 -2.38672e-23  3.79209e-30 -5.30872e-24 -1.56786e-30  -1.5723e-25  6.03114e-31  1.01171e-25 -2.06205e-31  1.69526e-26  5.57693e-32  7.26385e-28 -1.09283e-32 -8.74596e-29  1.38215e-33 -1.26679e-29 -8.44994e-35 -5.46641e-31 -8.71846e-37 -9.90547e-34  3.05533e-37  3.95679e-34 -5.28472e-39
-2.71397e-43  1.35456e-27  3.87977e-41 -8.59619e-26  3.00958e-40  2.90256e-24 -2.31358e-38 -6.56229e-23  3.85817e-37  1.09814e-21 -3.60559e-36 -1.43884e-20  2.16716e-35   1.5299e-19 -8.06289e-35  -1.3528e-18  1.20921e-34   1.0124e-17  3.26903e-34  -6.4959e-17  9.44385e-34   3.6083e-16 -5.20078e-32  -1.7478e-15  5.40996e-31  7.42202e-15 -3.60113e-30 -2.77346e-14  1.81875e-29  9.14134e-14 -7.39362e-29 -2.66037e-13  2.47229e-28  6.83448e-13 -6.79284e-28 -1.54732e-12  1.48913e-27  3.07698e-12 -2.34568e-27 -5.34565e-12  1.38281e-27  8.04639e-12  6.52112e-27 -1.03609e-11 -3.08744e-26  1.11826e-11  8.30056e-26 -9.76191e-12  -1.6595e-25  6.39597e-12  2.56552e-25 -2.49325e-12 -2.88876e-25 -2.81355e-13  1.57726e-25  1.16854e-12  2.41133e-25 -7.11031e-13  -9.4044e-25  2.60462e-14  1.84062e-24  2.20032e-13 -2.71254e-24  -1.0518e-13  3.28596e-24  -2.6229e-14  -3.3814e-24  3.73267e-14  3.00017e-24 -2.09925e-15 -2.31083e-24 -8.85907e-15  1.54765e-24  1.67214e-15 -8.97174e-25  1.77796e-15  4.42418e-25 -4.16268e-16 -1.76064e-25 -3.31183e-16  4.65329e-26   6.2478e-17  2.34943e-27  5.65387e-17 -1.26836e-26 -4.20282e-18   9.5566e-27  -7.9781e-18 -4.71118e-27 -5.33089e-19  1.67941e-27   7.8561e-19 -3.52371e-28  1.77095e-19 -9.27264e-29  -3.7325e-20   1.6129e-28 -1.99338e-20 -9.16301e-29 -1.14283e-21  1.84591e-29  9.19003e-22  1.01307e-29  2.19453e-22 -1.00748e-29  1.32227e-24  4.86851e-30 -7.05098e-24 -1.96411e-30 -1.14937e-24   7.5254e-31 -1.97527e-26 -2.45631e-31  1.58518e-26  6.09841e-32  2.08996e-27 -1.06825e-32  7.90451e-29  1.15206e-33  -4.5871e-30 -4.92943e-35 -5.16141e-31 -2.07272e-36  -1.4068e-32  1.83257e-37 -5.17204e-35
-2.68852e-28 -2.22601e-41  3.00629e-26  3.06431e-40 -1.33408e-24  9.26059e-39  3.63575e-23 -2.73877e-37 -7.03374e-22  3.42101e-36  1.03971e-20 -2.60517e-35 -1.22752e-19  1.28615e-34  1.19207e-18 -3.72338e-34 -9.72073e-18  3.26903e-34  6.75704e-17 -8.26786e-34 -4.04891e-16  5.08066e-32   2.1091e-15 -6.43112e-31 -9.61057e-15  4.94587e-30  3.84827e-14 -2.83309e-29 -1.35823e-13  1.30317e-28  4.23273e-13 -4.98014e-28 -1.16521e-12   1.6051e-27  2.83098e-12 -4.37396e-27 -6.05606e-12  9.97083e-27  1.13593e-11 -1.83777e-26 -1.85598e-11  2.47018e-26  2.61522e-11 -1.35036e-26 -3.12898e-11 -4.46553e-26  3.09809e-11  1.85108e-25 -2.41952e-11 -4.19877e-25  1.32902e-11  6.90685e-25 -3.02954e-12  -8.3316e-25 -2.59608e-12  6.00302e-25  3.08813e-12  2.25289e-25 -1.10364e-12 -1.66732e-24 -4.22134e-13  3.44909e-24  5.62119e-13 -5.05516e-24 -1.01618e-13  5.96668e-24 -1.28492e-13 -5.93146e-24   6.3445e-14  5.07986e-24  1.93523e-14 -3.80924e-24 -1.85453e-14  2.54026e-24 -2.28225e-15 -1.52934e-24  4.08374e-15  8.37337e-25  3.37515e-16 -4.10318e-25 -7.41348e-16  1.68896e-25 -8.84211e-17 -4.85489e-26  1.08042e-16   1.5921e-27  2.30049e-17  8.15931e-27 -1.10787e-17 -5.20619e-27 -4.18745e-18  1.48628e-27  5.06747e-19  1.64559e-28  4.69745e-19 -4.72444e-28  4.01963e-20  3.30741e-28 -2.62702e-20 -1.33574e-28 -7.24117e-21  1.51909e-29  7.66696e-23  1.73451e-29  3.36179e-22  -1.2837e-29   5.4946e-23  5.59146e-30 -1.15863e-24 -2.25894e-30 -1.50053e-24   8.7367e-31  -1.8905e-25 -2.71544e-31 -2.77482e-27  6.15256e-32   1.5886e-27 -9.55531e-33   1.6342e-28  8.61382e-34  5.19196e-30 -2.20257e-35 -8.45957e-32 -1.94177e-36 -6.49908e-33  6.93058e-38
 9.92387e-42 -8.18131e-27 -3.75389e-40  5.22501e-25  2.01276e-42 -1.77605e-23  1.44884e-37  4.04355e-22 -2.68998e-36 -6.81625e-21   2.6353e-35  9.00002e-20 -1.63539e-34 -9.64713e-19  6.35186e-34  8.60304e-18 -1.14424e-33  -6.4959e-17 -8.26786e-34  4.20722e-16 -2.07713e-32 -2.36015e-15  5.16427e-31  1.15515e-14 -5.10409e-30 -4.95941e-14  3.43106e-29  1.87482e-13  -1.7932e-28  -6.2557e-13  7.69665e-28  1.84446e-12 -2.78566e-27 -4.80471e-12  8.60932e-27   1.1041e-11 -2.28013e-26 -2.23115e-11  5.14877e-26  3.94456e-11 -9.74002e-26 -6.05313e-11   1.4756e-25  7.96562e-11 -1.55701e-25 -8.81826e-11  3.37675e-26  7.94465e-11  3.20734e-25 -5.44496e-11 -9.40843e-25  2.33487e-11  1.67144e-24   3.8031e-13 -2.10239e-24 -9.31476e-12  1.66721e-24  6.50511e-12  5.84256e-26 -7.61845e-13 -2.99794e-24 -1.76962e-12  6.42745e-24  1.04803e-12 -9.23805e-24  1.32794e-13  1.05079e-23 -3.40458e-13 -1.00004e-23  5.02193e-14  8.22001e-24  7.62887e-14 -6.01023e-24 -2.27874e-14  4.04288e-24 -1.47561e-14 -2.57727e-24  5.45747e-15   1.5626e-24  2.76574e-15 -8.66509e-25 -9.00182e-16  4.05282e-25 -5.00933e-16 -1.38062e-25  9.25359e-17  1.98071e-26  7.80675e-17  1.04215e-26 -1.38393e-18 -7.38962e-27 -8.85057e-18  9.69158e-28 -1.27014e-18  1.33468e-27  5.61721e-19 -1.18367e-27  1.97179e-19  5.82997e-28 -2.09301e-21  -1.7563e-28 -1.17791e-20  5.01103e-30 -2.01875e-21  2.51565e-29  1.30236e-22 -1.42394e-29  9.04181e-23   5.6254e-30  1.08428e-23 -2.37849e-30 -3.45811e-25  9.43989e-31 -2.24488e-25 -2.78319e-31  -2.2393e-26  5.71953e-32  -3.8219e-28 -7.80603e-33  8.90386e-29  5.73682e-34  6.64764e-30 -5.74017e-36  1.40503e-31 -1.18662e-36 -2.56713e-35
 1.50224e-27  2.41846e-40  -1.6905e-25 -3.59455e-39  7.55201e-24 -4.05085e-38 -2.07258e-22  1.68423e-36  4.03915e-21 -2.25566e-35 -6.01669e-20  1.76758e-34  7.16118e-19 -8.73383e-34 -7.01363e-18   2.3176e-33  5.77048e-17  9.44385e-34 -4.04891e-16 -2.07713e-32   2.4502e-15 -1.97148e-31 -1.28963e-14  3.84086e-30  5.94116e-14 -3.32366e-29  -2.4066e-13  2.03687e-28  8.59845e-13  -9.9026e-28 -2.71455e-12  4.00228e-27  7.57655e-12 -1.37597e-26 -1.86812e-11  4.06979e-26  4.06008e-11 -1.03964e-25 -7.74716e-11  2.28761e-25  1.28978e-10 -4.28751e-25 -1.85575e-10  6.66318e-25   2.2739e-10 -8.02138e-25 -2.31649e-10   5.8096e-25  1.87753e-10  2.74829e-25 -1.09466e-10  -1.8302e-24  3.06766e-11  3.65494e-24   1.6618e-11 -4.73429e-24 -2.45103e-11  3.81313e-24  1.05069e-11 -1.46747e-25  2.34113e-12 -5.77838e-24 -4.63672e-12  1.21701e-23   1.2397e-12 -1.67637e-23  9.33741e-13  1.80976e-23 -6.16531e-13 -1.62996e-23  -1.0512e-13  1.27836e-23  1.70847e-13 -9.16932e-24  3.44913e-15   6.3522e-24 -3.72364e-14 -4.37035e-24  5.74603e-16   2.8942e-24  6.94468e-15 -1.70948e-24  1.64287e-16  8.17966e-25 -1.08531e-15 -2.71953e-25 -1.26156e-16  3.25721e-26  1.27412e-16  2.23285e-26  3.22892e-17 -1.22591e-26 -8.60873e-18 -5.63437e-28 -4.46378e-18  3.65214e-27 -5.59385e-20 -2.34225e-27  3.15563e-19  9.05479e-28  6.09537e-20 -2.02866e-28 -5.96843e-21 -1.35742e-29  -3.8471e-21  3.12823e-29 -4.40057e-22    -1.31e-29  4.62673e-23  4.72742e-30  1.79896e-23 -2.28219e-30  1.66568e-24  9.48716e-31 -4.59065e-26    -2.64e-31 -2.21065e-26  4.89075e-32   -1.721e-27 -5.80771e-33 -3.20376e-29  3.36664e-34  2.09608e-30  1.02214e-36  8.58076e-32 -4.55665e-37
-8.09216e-41   4.2644e-26  3.41206e-39 -2.74171e-24  -1.7466e-38   9.3849e-23 -7.32977e-37 -2.15242e-21   1.5959e-35  3.65645e-20 -1.63699e-34 -4.86711e-19  1.02366e-33  5.26156e-18 -3.72627e-33 -4.73417e-17  2.62682e-33   3.6083e-16  5.08066e-32 -2.36015e-15 -1.97148e-31   1.3378e-14 -1.42729e-30 -6.61969e-14  2.41882e-29  2.87499e-13 -1.90206e-28 -1.10017e-12  1.08133e-27  3.71862e-12 -4.93452e-27 -1.11155e-11  1.88649e-26  2.93814e-11 -6.17025e-26 -6.85817e-11  1.74488e-25  1.40947e-10 -4.28331e-25 -2.53799e-10  9.11365e-25   3.9742e-10 -1.66729e-24 -5.35002e-10  2.57365e-24  6.08099e-10 -3.21098e-24 -5.65949e-10  2.86605e-24  4.05864e-10 -8.41345e-25 -1.90192e-10 -2.91588e-24  1.32404e-11  7.19833e-24  6.36575e-11 -9.54887e-24 -5.15966e-11  7.32122e-24   1.0124e-11  5.54189e-25  1.20245e-11 -1.22918e-23  -8.9423e-12  2.37005e-23 -1.54005e-13 -3.04492e-23  2.65166e-12  3.06551e-23 -6.58108e-13 -2.57903e-23 -5.49466e-13  1.92164e-23  2.43066e-13  -1.3706e-23  9.94528e-14  1.00463e-23 -5.71326e-14 -7.52688e-24 -1.84757e-14   5.2999e-24  1.00117e-14 -3.17994e-24  3.59378e-15  1.47404e-24 -1.24306e-15 -4.40556e-25 -6.30506e-16  2.02758e-26  7.72651e-17   5.2105e-26  8.26664e-17 -1.99876e-26  5.23551e-18 -4.48458e-27 -6.54865e-18   7.7162e-27 -1.57109e-18 -3.99684e-27  1.65817e-19  1.24751e-27  1.23332e-19 -1.95378e-28  1.40022e-20 -3.97114e-29 -2.72234e-21  3.26727e-29 -9.49159e-22 -8.53616e-30 -7.63155e-23  2.87082e-30  9.54257e-24 -1.97962e-30  2.57394e-24  8.85123e-31  1.90071e-25 -2.31107e-31 -2.62893e-27   3.8383e-32 -1.26179e-27 -3.91793e-33 -7.02634e-29  1.71002e-34 -1.03073e-30  2.07048e-36  8.14336e-33
-7.27018e-27 -1.76919e-39  8.23615e-25  3.29977e-38 -3.70523e-23   7.8568e-38  1.02438e-21 -8.70236e-36 -2.01183e-20  1.28065e-34   3.0212e-19 -1.03107e-33 -3.62661e-18  4.96784e-33  3.58377e-17 -9.82468e-33 -2.97636e-16 -5.20078e-32   2.1091e-15  5.16427e-31 -1.28963e-14 -1.42729e-30  6.86242e-14 -8.85676e-30 -3.19805e-13  1.35592e-28   1.3113e-12 -9.85717e-28 -4.74574e-12  5.24594e-27  1.51882e-11 -2.25843e-26 -4.30112e-11  8.18865e-26  1.07707e-10 -2.55043e-25 -2.38013e-10  6.89185e-25  4.62409e-10 -1.62223e-24 -7.85137e-10  3.32329e-24  1.15462e-09 -5.88786e-24  -1.4504e-09  8.89071e-24   1.5218e-09 -1.10903e-23 -1.28109e-09  1.05859e-23  7.91986e-10 -5.77881e-24  -2.6263e-10 -3.04986e-24 -8.46794e-11  1.25717e-23  1.68976e-10 -1.70469e-23 -8.59157e-11  1.12729e-23 -7.88471e-12  5.58576e-24  3.29627e-11 -2.81825e-23 -1.20028e-11  4.73097e-23 -5.54416e-12 -5.53855e-23  5.10171e-12  5.11348e-23  2.67174e-13 -3.96806e-23 -1.34005e-12  2.80901e-23  1.13297e-13 -2.04088e-23  2.87066e-13  1.62489e-23 -3.51786e-14 -1.31398e-23 -5.46988e-14  9.50495e-24  4.40661e-15 -5.58537e-24  9.12527e-15  2.41983e-24  1.79212e-16 -6.04697e-25 -1.20436e-15 -4.91202e-26 -1.83613e-16  1.08489e-25  1.03257e-16 -2.88365e-26  3.46751e-17  -1.2918e-26 -2.81761e-18  1.40619e-26 -3.09834e-18 -6.05581e-27 -3.83645e-19   1.5152e-27  1.01434e-19 -1.33016e-28  3.61919e-20 -6.95495e-29  2.37898e-21   2.6449e-29  -7.4959e-22 -4.37811e-31 -1.76903e-22  3.09202e-31 -1.06581e-23  -1.5291e-30  1.22322e-24  7.63506e-31  2.47992e-25 -1.85986e-31  1.45066e-26  2.75699e-32  9.31515e-31 -2.37853e-33 -3.21069e-29  7.28061e-35 -9.29069e-31  1.06923e-36
 4.99043e-40 -1.93173e-25 -2.42333e-38  1.25072e-23  2.14966e-37 -4.31292e-22  2.82476e-36  9.96849e-21 -8.12514e-35 -1.70721e-19   8.8558e-34  2.29193e-18 -5.57846e-33 -2.49995e-17  1.83657e-32  2.27061e-16  2.10753e-32  -1.7478e-15 -6.43112e-31  1.15515e-14  3.84086e-30 -6.61969e-14 -8.85676e-30   3.3135e-13 -4.91826e-29 -1.45667e-12  6.92858e-28  5.64623e-12 -4.70146e-27 -1.93457e-11  2.35516e-26  5.86673e-11 -9.59581e-26 -1.57477e-10  3.30546e-25   3.7368e-10 -9.80961e-25 -7.81706e-10  2.53209e-24  1.43496e-09 -5.70704e-24 -2.29507e-09  1.12257e-23   3.1638e-09 -1.91683e-23 -3.69605e-09  2.80698e-23  3.55693e-09 -3.43896e-23 -2.67002e-09  3.33592e-23  1.36001e-09 -2.17443e-23 -2.00865e-10  1.47474e-24 -3.72472e-10  1.86361e-23  3.57302e-10 -2.58368e-23 -9.87317e-11  1.08817e-23 -6.82274e-11  2.44676e-23  6.59116e-11 -6.61213e-23 -5.69161e-12  9.52316e-23 -1.76437e-11 -1.00165e-22  6.47994e-12   8.3674e-23  3.25161e-12 -5.92775e-23 -2.13402e-12   4.0211e-23 -5.14427e-13 -3.08312e-23  4.95375e-13  2.70389e-23  9.09666e-14  -2.2994e-23 -9.08026e-14  1.65201e-23 -1.97397e-14 -9.24963e-24  1.27221e-14  3.63778e-24   4.1094e-15 -6.81337e-25 -1.13618e-15 -2.18604e-25 -6.39771e-16  1.97317e-25  1.76005e-17 -3.41198e-26   6.1969e-17 -2.84851e-26  9.53313e-18  2.28978e-26 -2.63916e-18 -8.23253e-27 -1.06341e-18  1.58238e-27 -5.77228e-20  -2.0589e-30  3.56723e-20 -9.68192e-29  8.17322e-21   1.1188e-29  3.02225e-22   1.0237e-29 -1.39019e-22 -2.46572e-30 -2.42046e-23 -1.01816e-30 -1.17084e-24  6.04598e-31  9.10848e-26 -1.36894e-31   1.4205e-26  1.80548e-32  6.02431e-28 -1.28151e-33  3.84437e-30   2.4372e-35 -1.57442e-31
