 3.29596e-35  3.10477e-51 -1.27343e-35 -9.08515e-52 -2.04669e-35 -8.59606e-50 -1.81663e-35  4.72562e-49   1.9871e-35 -2.88846e-48 -6.23657e-37  5.45441e-48   4.5881e-36  1.12796e-46 -4.20403e-36 -2.15131e-47  2.01773e-37 -3.70457e-47  9.10518e-37 -2.61566e-45 -2.80081e-37 -4.49938e-45  1.11707e-37 -3.22336e-45 -8.88157e-38  -3.4652e-44  3.79694e-37 -5.90232e-44 -2.93755e-37  1.15891e-43  1.17266e-37  2.12029e-44 -5.26592e-38  4.53992e-43  1.75014e-38  4.52349e-43  -1.5094e-38  6.45075e-43  1.08943e-38  2.24045e-43 -6.38428e-39  4.54989e-43   1.0563e-39  5.95576e-43   9.5134e-40 -4.21742e-43 -4.20363e-39 -1.76763e-43  1.37705e-38  1.64393e-43 -4.49351e-38 -5.02322e-43  1.36631e-37 -3.10483e-43 -3.82067e-37 -4.04277e-45  9.77837e-37 -2.20636e-43 -2.28394e-36  6.39209e-43  4.85266e-36 -1.96451e-42 -9.34205e-36  4.83376e-42  1.62148e-35 -1.12849e-41 -2.52136e-35  2.46129e-41  3.48352e-35 -5.00631e-41 -4.22883e-35  9.47227e-41  4.44003e-35 -1.66476e-40 -3.93569e-35  2.71289e-40  2.82446e-35 -4.09013e-40 -1.49893e-35  5.69036e-40  4.25573e-36 -7.28289e-40   1.3082e-36  8.54348e-40 -2.25956e-36 -9.14572e-40  1.10643e-36  8.88628e-40 -3.67335e-38 -7.78483e-40 -2.63076e-37  6.09713e-40  1.45847e-37 -4.22188e-40  -3.1902e-38  2.54501e-40  1.45775e-38 -1.30532e-40 -2.44169e-38   5.4834e-41  2.17968e-38 -1.74815e-41 -1.27647e-38  3.37951e-42   6.2774e-39  1.18308e-43 -2.89308e-39 -3.07514e-43  1.18171e-39  5.38032e-44 -3.99597e-40   3.7317e-44  1.11519e-40 -2.84677e-44 -2.59543e-41  9.56662e-45   4.8918e-42 -1.76576e-45 -7.06638e-43  1.27526e-46   7.3739e-44  1.45358e-47 -5.00635e-45 -3.51474e-48  1.69873e-46  1.66533e-49
 3.10477e-51  6.92686e-35  1.86038e-50 -2.30578e-35 -3.20359e-50 -3.49561e-35  -9.0729e-49 -4.55302e-35  7.23711e-48  3.81061e-35  -2.8248e-47 -1.06516e-35  3.35828e-47  1.62109e-35  1.45236e-45 -8.72017e-36 -8.93125e-46  1.37747e-37  1.74839e-45    1.259e-36 -2.90747e-44  2.67991e-37 -4.35137e-44 -2.48638e-37 -2.77779e-44 -2.14094e-37 -3.12374e-43  1.07389e-36 -3.43512e-43   -7.235e-37  6.23288e-43  2.83905e-37    2.646e-43 -1.05868e-37   2.9761e-42  3.16973e-38  2.46153e-42 -3.99499e-38  4.16949e-42  3.04473e-38  8.87485e-43 -1.78721e-38  2.63137e-42 -3.70402e-39  3.23104e-42  3.37109e-38 -1.64953e-42 -1.29366e-37 -3.55091e-43  4.42792e-37  8.10482e-43 -1.40817e-36 -2.08935e-42  4.11479e-36 -1.55375e-42 -1.10143e-35  1.24708e-42  2.69394e-35 -4.59573e-42 -6.00352e-35  1.29518e-41  1.21472e-34 -3.45282e-41 -2.22162e-34    8.349e-41  3.65208e-34 -1.89107e-40 -5.35716e-34  3.99545e-40  6.94511e-34   -7.864e-40 -7.85257e-34  1.43956e-39  7.59398e-34 -2.44693e-39 -6.08599e-34  3.85462e-39  3.80493e-34 -5.61448e-39 -1.58159e-34  7.54095e-39  1.18049e-35 -9.30961e-39  4.06743e-35  1.05234e-38 -3.19893e-35 -1.08415e-38  8.68102e-36  1.01222e-38  3.29228e-36 -8.50431e-39 -3.52198e-36  6.37162e-39  8.25071e-37 -4.20582e-39  1.94871e-37  2.40445e-39  6.86666e-39 -1.15967e-39 -1.95199e-37  4.50539e-40  1.52454e-37 -1.27158e-40 -7.45309e-38  1.73178e-41  3.47018e-38  4.65909e-42  -1.6075e-38 -3.26944e-42  6.21468e-39  5.23987e-43  -1.9032e-39    2.646e-43  4.84373e-40  -1.9707e-43  -1.0343e-40  6.34767e-44  1.74043e-41 -1.17893e-44 -2.17274e-42  1.15957e-45  1.90117e-43 -2.73568e-47  -9.9473e-45 -3.70268e-48  1.89926e-46
-1.27343e-35  1.86038e-50  1.22138e-34  7.46534e-50 -4.44188e-35 -4.13128e-49 -3.60605e-35 -9.36229e-48 -8.29064e-35  7.57148e-47  5.76339e-35 -1.78996e-46 -3.11323e-35  1.19601e-46  2.94691e-35  1.23698e-44 -1.04596e-35 -1.08747e-44 -1.28205e-36  2.63059e-44  9.46117e-37 -2.14694e-43  2.14957e-36 -2.75563e-43 -1.42701e-36 -1.57336e-43 -3.68462e-37 -1.92958e-42  2.25414e-36 -1.19646e-42 -1.31796e-36  1.89827e-42   4.7182e-37  1.92538e-42 -1.22908e-37  1.31453e-41  3.80237e-38  8.95008e-42 -7.88247e-38  1.86826e-41  5.35611e-38  1.69678e-42  5.80898e-39  1.09299e-41 -1.99845e-37  1.16825e-41  8.30636e-37 -3.91867e-42 -3.01219e-36  6.46751e-43  1.00024e-35  2.29655e-42 -3.05316e-35 -4.55568e-42  8.54297e-35 -9.62004e-42 -2.18666e-34  2.06723e-41  5.10706e-34 -6.16841e-41 -1.08494e-33  1.66935e-40  2.08815e-33 -4.22262e-40 -3.62293e-33  9.91959e-40  5.63012e-33 -2.17633e-39 -7.77145e-33  4.45161e-39  9.42118e-33 -8.47882e-39 -9.87084e-33   1.5015e-38  8.72011e-33 -2.46797e-38 -6.22105e-33  3.75748e-38  3.25987e-33 -5.28629e-38 -8.80969e-34   6.8528e-38 -3.32331e-34 -8.15804e-38  5.18428e-34  8.88295e-38  -2.4757e-34 -8.80383e-38  8.26682e-36  7.89472e-38  5.36349e-35 -6.35765e-38 -2.38441e-35  4.55335e-38 -1.85262e-36 -2.86227e-38  4.07853e-36  1.54932e-38  9.14673e-38 -7.00356e-39 -1.26146e-36  2.49498e-39  6.79309e-37   -6.023e-40 -2.64281e-37  3.26937e-41  1.31655e-37  4.87833e-41 -6.30433e-38 -2.39962e-41  2.20364e-38   4.4941e-42 -5.98345e-39  7.11354e-43  1.40935e-39 -7.20682e-43 -2.75572e-40  2.26592e-43  4.03326e-41 -3.95629e-44 -4.27751e-42   3.7448e-45  3.08003e-43 -1.37375e-46 -1.13425e-44 -1.02439e-48
-9.08515e-52 -2.30578e-35  7.46534e-50  2.09118e-34  1.52103e-49 -8.77402e-35   -2.448e-48 -4.39895e-36 -8.80212e-47 -1.20316e-34  6.31889e-46  7.69312e-35 -8.63025e-46 -5.67839e-35  2.88595e-46  3.80044e-35  8.17271e-44 -7.42614e-36 -8.59467e-44  -3.5337e-36  2.21417e-43 -7.48577e-37 -1.22733e-42  5.57086e-36 -1.33013e-42 -3.39054e-36 -6.51324e-43 -6.81999e-37 -9.44374e-42  4.08163e-36 -2.23992e-42 -2.05014e-36  2.28989e-42  6.21147e-37  1.01546e-41 -6.47914e-38  4.51875e-41  3.15972e-38  2.46762e-41  -9.1462e-38  6.70556e-41 -1.25913e-37 -1.11315e-42  9.72773e-37  3.72818e-41 -4.29237e-36  3.24997e-41  1.62915e-35 -5.81307e-42 -5.65564e-35  7.85759e-42  1.80241e-34  6.08537e-43 -5.26959e-34  8.57896e-42  1.41073e-33 -8.24918e-41 -3.45056e-33  2.29622e-40  7.68939e-33 -6.44298e-40 -1.55564e-32  1.68308e-39  2.84444e-32 -4.10708e-39 -4.67399e-32  9.34898e-39  6.85167e-32 -1.98593e-38 -8.87353e-32   3.9319e-38  1.00171e-31 -7.24637e-38 -9.66286e-32  1.24123e-37  7.71127e-32 -1.97249e-37 -4.78198e-32   2.9019e-37  1.94534e-32 -3.94242e-37 -9.75942e-34  4.93143e-37 -5.43891e-33 -5.65959e-37  4.11137e-33  5.93439e-37 -1.05456e-33 -5.65636e-37 -4.51699e-34  4.87019e-37   4.3438e-34 -3.75804e-37 -6.73739e-35  2.57204e-37 -6.13294e-35 -1.53919e-37  2.66089e-35  7.88494e-38  5.31777e-36  -3.3376e-38 -6.33123e-36  1.08613e-38  1.82574e-36 -2.17679e-39 -6.13395e-37 -1.11896e-40  4.32531e-37  2.95435e-40 -2.01009e-37  -1.2332e-40  5.87264e-38  2.47862e-41 -1.42788e-38  2.93985e-43  3.22409e-39 -1.77655e-42 -5.60924e-40  5.55435e-43    6.874e-41 -8.83929e-44 -6.18331e-42   7.3028e-45   3.5366e-43 -2.31009e-46 -7.38639e-45
-2.04669e-35 -3.20359e-50 -4.44188e-35  1.52103e-49  3.24073e-34 -2.00443e-48 -1.59421e-34  8.37309e-49   5.5442e-35 -7.21375e-46 -1.42962e-34  4.45963e-45  9.06226e-35 -3.42305e-45   -7.759e-35  9.32621e-46   3.8816e-35  4.48792e-43 -1.72209e-36 -5.22211e-43 -4.29013e-36  1.37946e-42 -4.66176e-36 -5.79481e-42  1.00914e-35 -5.20191e-42 -5.53127e-36 -1.93934e-42 -1.50635e-36 -3.88565e-41  6.72297e-36  2.72825e-42  -2.8771e-36 -1.10787e-41  6.81184e-37  4.25799e-41  1.02686e-37  1.28105e-40 -1.37245e-37  5.28707e-41  7.40559e-37  2.04676e-40 -4.26208e-36 -2.18712e-41  1.88046e-35  1.09611e-40 -7.44994e-35  7.38126e-41  2.69912e-34 -4.88823e-42 -8.98035e-34  4.35706e-41  2.74221e-33 -5.32908e-41 -7.67435e-33  2.02582e-40  1.96455e-32 -7.28904e-40 -4.58858e-32  2.08312e-39  9.74784e-32 -5.63354e-39 -1.87594e-31  1.42384e-38  3.25395e-31 -3.36211e-38 -5.05451e-31  7.41108e-38  6.97185e-31 -1.52397e-37 -8.44202e-31  2.92006e-37  8.82846e-31  -5.2065e-37 -7.77517e-31  8.62468e-37  5.51605e-31 -1.32484e-36 -2.85521e-31  1.88295e-36  7.33557e-32 -2.46965e-36  3.30968e-32  2.97999e-36 -4.74395e-32 -3.29604e-36  2.18057e-32  3.32712e-36 -1.37223e-34 -3.04889e-36 -5.06187e-33  2.51979e-36  2.07703e-33  -1.8626e-36  3.13355e-34  1.21798e-36 -4.80753e-34 -6.93862e-37  7.07451e-35  3.36476e-37  5.43806e-35 -1.33442e-37 -2.03779e-35    3.967e-38  7.75653e-37 -6.44354e-39 -1.14959e-36  -1.1609e-39  1.41294e-36  1.27207e-39 -5.20566e-37 -4.75721e-40  1.18226e-37    9.631e-41 -2.84121e-38 -4.84353e-42  6.24593e-39 -3.20168e-42 -8.91364e-40  1.02308e-42  8.94092e-41 -1.44309e-43 -6.99078e-42  9.63838e-45  2.86627e-43 -1.94173e-46
-8.59606e-50 -3.49561e-35 -4.13128e-49 -8.77402e-35 -2.00443e-48  4.43986e-34 -3.68581e-47 -2.47289e-34   1.7545e-46  1.15542e-34 -5.12556e-45 -1.42389e-34  2.73834e-44  9.15424e-35 -1.19534e-44 -8.55386e-35  7.28071e-45  3.34962e-35  2.13024e-42  1.97327e-36 -2.62152e-42 -1.33044e-36  6.99049e-42  -1.1007e-35  -2.3435e-41   1.4614e-35 -1.69692e-41 -6.84334e-36 -3.24761e-42 -3.29644e-36 -1.38802e-40   1.0239e-35  4.43713e-41  -3.7092e-36 -8.98236e-41   5.3898e-37  1.49403e-40   8.8771e-37  3.08645e-40 -3.26245e-36  8.34145e-41   1.5946e-35  5.49495e-40 -7.22004e-35 -9.71895e-41  2.97221e-34  2.83692e-40 -1.12332e-33  1.44985e-40  3.90021e-33  -2.3033e-41 -1.24351e-32  2.44117e-40  3.63638e-32 -5.74993e-40 -9.73678e-32  1.89783e-39   2.3819e-31 -5.84378e-39 -5.30843e-31  1.63324e-38  1.07397e-30 -4.27466e-38 -1.96354e-30  1.04597e-37   3.2257e-30 -2.39114e-37 -4.72636e-30   5.1028e-37  6.11607e-30 -1.01562e-36 -6.89494e-30  1.88301e-36  6.63618e-30 -3.24758e-36 -5.27506e-30  5.20146e-36  3.24575e-30 -7.72133e-36 -1.29215e-30  1.05987e-35  3.23087e-32 -1.34163e-35  3.90836e-31  1.56113e-35 -2.84388e-31 -1.66352e-35  6.77187e-32  1.61595e-35  3.50916e-32 -1.42315e-35 -3.10358e-32  1.12857e-35  4.24421e-33 -7.98897e-36  4.71209e-33  4.99025e-36 -2.07806e-33  -2.7063e-36 -2.03908e-34  1.24286e-36   2.8471e-34 -4.62424e-37 -1.54285e-35  1.25936e-37 -1.63927e-35 -1.63268e-38 -4.56223e-36 -5.35838e-39  4.35048e-36  4.26542e-39 -9.80425e-37 -1.45419e-39  1.80292e-37  2.85449e-40 -5.35971e-38 -2.19055e-41  1.02624e-38 -4.31167e-42  -1.0585e-39  1.47532e-42  9.31503e-41 -1.77965e-43 -6.34623e-42  8.65763e-45  1.41395e-43
-1.81663e-35  -9.0729e-49 -3.60605e-35   -2.448e-48 -1.59421e-34 -3.68581e-47  5.44156e-34 -3.68939e-46 -3.25858e-34  2.15115e-45  1.49368e-34 -3.17264e-44 -1.21436e-34   1.4869e-43  7.60778e-35 -3.95594e-44 -7.91476e-35  5.43963e-44   2.5669e-35  8.96494e-42  7.19435e-38 -1.13091e-41  5.48731e-36  3.01904e-41 -1.88361e-35 -8.31189e-41  1.76105e-35 -4.66315e-41 -6.29412e-36  5.01467e-42 -6.34165e-36 -4.39208e-40  1.44186e-35  2.30983e-40 -4.16257e-36 -3.88149e-40 -1.38726e-36  4.53138e-40  1.09033e-35  6.42447e-40 -5.27781e-35  6.78927e-41  2.46179e-34  1.32663e-39 -1.05574e-33 -2.94941e-40  4.16039e-33   6.4686e-40  -1.5071e-32  2.96515e-40  5.01563e-32 -3.12641e-40 -1.53199e-31  1.55739e-39  4.28848e-31 -4.60214e-39 -1.09805e-30  1.43718e-38  2.56516e-30  -4.1868e-38 -5.45005e-30  1.13463e-37  1.04889e-29 -2.87552e-37 -1.81924e-29   6.8125e-37  2.82518e-29 -1.50771e-36 -3.89483e-29  3.11446e-36  4.71174e-29  -5.9987e-36 -4.91953e-29  1.07596e-35   4.3205e-29 -1.79455e-35  -3.0491e-29  2.77825e-35  1.55942e-29 -3.98431e-35 -3.79741e-30  5.28027e-35 -2.02845e-30 -6.44846e-35  2.70429e-30  7.23294e-35 -1.19726e-30 -7.42212e-35 -2.75718e-32  6.93518e-35  3.00858e-31 -5.86714e-35 -1.17952e-31  4.46233e-35 -2.00078e-32 -3.02371e-35  2.79202e-32  1.80357e-35  -3.9796e-33 -9.31001e-36  -2.8516e-33  4.05046e-36  7.67149e-34  -1.4159e-36  2.28691e-34  3.54786e-37 -6.46908e-35 -3.65923e-38 -2.72732e-35 -1.77626e-38  1.02254e-35   1.1703e-38 -9.31262e-37 -3.65272e-39  2.64886e-37  6.77437e-40 -1.02738e-37 -5.81676e-41  1.27786e-38 -4.23063e-42 -8.67451e-40  1.69541e-42  8.80808e-41 -1.65545e-43 -4.28472e-42   4.7402e-45
 4.72562e-49 -4.55302e-35 -9.36229e-48 -4.39895e-36  8.37309e-49 -2.47289e-34 -3.68939e-46  6.11211e-34  -2.7387e-45 -3.75314e-34  1.74216e-44  1.51342e-34 -1.72328e-43 -9.16737e-35  7.21629e-43   4.7401e-35   -1.305e-43 -6.23552e-35  3.01815e-43  1.72721e-35  3.40519e-41 -7.55455e-36 -4.29726e-41  1.39296e-35  1.14242e-40  -2.6203e-35 -2.62921e-40  1.75378e-35 -1.06785e-40 -3.22248e-36  6.92284e-41 -1.04275e-35 -1.24803e-39  1.81361e-35   8.7521e-40  1.10152e-37 -1.28241e-39 -2.91792e-35  1.21511e-39  1.56439e-34  1.16408e-39 -7.56944e-34 -1.16281e-40   3.3836e-33   2.9249e-39 -1.39063e-32 -6.87085e-40  5.25497e-32  1.23536e-39 -1.82505e-31  9.83151e-40  5.82063e-31  -2.7429e-39 -1.70264e-30  1.03095e-38  4.56031e-30  -3.2014e-38 -1.11588e-29  9.62091e-38  2.48747e-29 -2.70147e-37 -5.03331e-29  7.08929e-37   9.2031e-29 -1.73963e-36 -1.51179e-28  3.99011e-36   2.2145e-28 -8.54808e-36 -2.86395e-28   1.7089e-35  3.22513e-28 -3.18456e-35 -3.09803e-28  5.52457e-35  2.45375e-28 -8.90808e-35 -1.49858e-28  1.33264e-34  5.83788e-29 -1.84567e-34  6.59407e-32  2.36061e-34 -1.90571e-29 -2.78007e-34  1.33936e-29  3.00441e-34 -2.95832e-30  -2.9674e-34 -1.82404e-30  2.66562e-34  1.50933e-30 -2.16504e-34 -1.89103e-31  1.57834e-34 -2.31775e-31 -1.02316e-34  9.66192e-32  5.82465e-35  1.21838e-32  -2.8608e-35 -1.33613e-32  1.17914e-35 -2.31787e-34 -3.87697e-36  1.36015e-33   8.9791e-37 -2.28021e-35 -7.44278e-38 -1.10009e-34 -4.72294e-38  1.17265e-35  2.70794e-38  7.86801e-37 -7.72396e-39  6.57487e-37  1.32579e-39 -1.71955e-37 -1.13461e-40  8.32387e-39 -2.67401e-42  -5.6337e-40  1.55651e-42  8.12334e-41 -1.11561e-43 -1.57443e-42
  1.9871e-35  7.23711e-48 -8.29064e-35 -8.80212e-47   5.5442e-35   1.7545e-46 -3.25858e-34  -2.7387e-45  6.47709e-34 -1.63606e-44 -3.95184e-34  1.11509e-43  1.37654e-34  -8.2764e-43 -6.70461e-35  3.15433e-42   1.3744e-35 -4.17092e-43 -4.03057e-35  1.29478e-42  6.98475e-36  1.18289e-40 -1.82302e-35 -1.46285e-40  2.08442e-35  3.85804e-40 -3.09852e-35 -7.51136e-40  1.33869e-35 -1.93137e-40  2.18415e-36  3.53743e-40 -1.33818e-35 -3.21631e-39  1.04905e-35  2.75344e-39  7.04382e-35 -3.55127e-39 -4.18073e-34  2.92931e-39  2.12154e-33  1.83462e-39 -9.88638e-33 -6.90376e-40  4.23804e-32  5.93747e-39  -1.6705e-31 -1.13805e-39  6.05328e-31  1.38069e-39 -2.01524e-30  5.49671e-39  6.15763e-30 -1.92699e-38 -1.72431e-29  6.53128e-38  4.41651e-29 -2.00881e-37 -1.03207e-28  5.83427e-37  2.19339e-28 -1.58469e-36 -4.22214e-28  4.02613e-36   7.3238e-28 -9.56487e-36 -1.13728e-27  2.12365e-35   1.5674e-27 -4.40314e-35 -1.89486e-27   8.5172e-35  1.97582e-27 -1.53526e-34 -1.73096e-27   2.5752e-34  1.21566e-27 -4.01309e-34  -6.1453e-28  5.79902e-34  1.41411e-28 -7.75306e-34  8.87363e-29  9.56556e-34 -1.11177e-28 -1.08581e-33  4.75294e-29  1.12997e-33   2.4244e-30 -1.07356e-33 -1.27958e-29  9.26531e-34    4.809e-30 -7.21984e-34  9.06204e-31  5.04138e-34 -1.15107e-30 -3.12415e-34   1.3783e-31  1.69618e-34  1.28552e-31 -7.92153e-35 -3.05544e-32  3.09211e-35 -1.17325e-32 -9.56759e-36  3.62945e-33  2.05588e-36  7.49845e-34 -1.39881e-37 -2.49072e-34 -1.05687e-37 -2.03836e-35  5.39007e-38  2.24175e-36 -1.39747e-38  1.92986e-36  2.17803e-39 -1.72294e-37 -1.73681e-40 -4.07911e-39 -4.42412e-43 -7.68774e-40  1.12721e-42  5.49506e-41 -4.76461e-44
-2.88846e-48  3.81061e-35  7.57148e-47 -1.20316e-34 -7.21375e-46  1.15542e-34  2.15115e-45 -3.75314e-34 -1.63606e-44  6.69059e-34 -8.15328e-44  -4.0375e-34  6.01941e-43  1.34037e-34 -3.53887e-42 -5.79339e-35   1.2491e-41 -1.60077e-35 -1.13132e-42 -1.65162e-35    4.466e-42 -8.05886e-36  3.79627e-40 -2.91971e-35 -4.51673e-40  2.41455e-35  1.17815e-39  -3.1888e-35  -1.9573e-39  5.56416e-36 -2.18689e-40  5.85915e-36  1.33814e-39  8.67421e-36 -7.57327e-39  -1.5243e-34    7.566e-39  1.02525e-33 -8.58157e-39 -5.45717e-33  6.43244e-39  2.65442e-32  2.47891e-39 -1.18681e-31 -1.90934e-39  4.87949e-31  1.10031e-38 -1.84459e-30   -1.338e-40  6.40878e-30  -4.3285e-39 -2.04479e-29  3.42882e-38  5.98384e-29 -1.19479e-37 -1.60335e-28  3.84951e-37  3.92487e-28 -1.15305e-36 -8.75238e-28  3.24021e-36  1.77159e-27 -8.51892e-36 -3.24004e-27  2.09521e-35  5.32307e-27 -4.81825e-35 -7.79692e-27  1.03536e-34  1.00801e-26 -2.07718e-34 -1.13421e-26  3.88672e-34  1.08773e-26 -6.77466e-34  -8.5875e-27  1.09838e-33  5.20801e-27 -1.65361e-33 -1.98561e-27  2.30712e-33 -5.56369e-29 -2.97617e-33  6.97611e-28  3.54023e-33 -4.75191e-28  -3.8711e-33  9.74261e-29  3.87684e-33  7.02083e-29 -3.54065e-33 -5.49105e-29  2.93365e-33   6.1687e-30 -2.19143e-33  8.63192e-30  1.46442e-33 -3.37804e-30 -8.66749e-34 -5.60073e-31  4.48373e-34  5.10043e-31 -1.98925e-34  1.53326e-32   7.3478e-35 -5.35396e-32 -2.13913e-35  1.77466e-33  4.27481e-36  3.44449e-33 -2.44964e-37 -1.15896e-34 -2.04466e-37 -1.15996e-34  9.35619e-38  -8.5676e-36 -2.18694e-38  3.74221e-36  3.03378e-39  5.21132e-38 -2.13686e-40 -9.56583e-39  1.09679e-42  -1.3267e-39  6.19762e-43  1.10594e-41
-6.23657e-37  -2.8248e-47  5.76339e-35  6.31889e-46 -1.42962e-34 -5.12556e-45  1.49368e-34  1.74216e-44 -3.95184e-34 -8.15328e-44  6.97137e-34 -3.44581e-43 -4.28178e-34  2.83384e-42  1.62062e-34 -1.35476e-41 -6.79615e-35  4.50144e-41 -3.58718e-35 -1.72269e-42  6.77868e-36  1.25582e-41 -2.90235e-35  1.13454e-39 -4.00278e-35 -1.27691e-39  2.40026e-35  3.28576e-39 -2.97032e-35  -4.6885e-39  1.90517e-36  1.50346e-40  -4.0995e-35  4.22931e-39  3.66472e-34 -1.63859e-38  -2.3197e-33  1.86408e-38  1.29731e-32 -1.85026e-38 -6.58775e-32  1.30114e-38  3.07276e-31   2.7018e-39 -1.31773e-30 -3.59937e-39  5.19628e-30  1.73639e-38 -1.88377e-29  1.15463e-38  6.27424e-29 -4.85865e-38 -1.91801e-28  2.01995e-37  5.37348e-28 -6.76655e-37 -1.37697e-27  2.10162e-36  3.21925e-27 -6.10292e-36 -6.84456e-27  1.65988e-35  1.31804e-26 -4.22431e-35 -2.28696e-26  1.00565e-34  3.55187e-26 -2.23821e-34 -4.89489e-26  4.65383e-34  5.91508e-26 -9.03195e-34 -6.16162e-26  1.63432e-33  5.38675e-26 -2.75366e-33 -3.76646e-26  4.31358e-33  1.88289e-26 -6.27108e-33 -4.08331e-27  8.44355e-33 -2.98873e-27 -1.05038e-32  3.55025e-27  1.20392e-32 -1.46923e-27 -1.26728e-32 -1.14326e-28   1.2205e-32  4.20265e-28 -1.07065e-32 -1.51397e-28  8.50936e-33 -3.22149e-29 -6.08799e-33  3.72322e-29  3.88952e-33 -3.68834e-30 -2.19639e-33 -4.49726e-30  1.08135e-33  1.00248e-30 -4.55205e-34  4.03955e-31   1.5892e-34 -1.20023e-31 -4.34898e-35 -2.46314e-32  8.08824e-36   7.0334e-33 -3.99122e-37   1.2043e-33  -3.4798e-37 -1.77071e-34  1.43007e-37 -4.79059e-35 -2.98108e-38  2.91649e-36  3.59788e-39   4.3413e-37  -2.1196e-40  9.18236e-39  1.21443e-42 -1.07267e-39  2.29857e-43
 5.45441e-48 -1.06516e-35 -1.78996e-46  7.69312e-35  4.45963e-45 -1.42389e-34 -3.17264e-44  1.51342e-34  1.11509e-43  -4.0375e-34 -3.44581e-43  7.54685e-34 -1.23759e-42 -4.92951e-34  1.18772e-41  2.30264e-34 -4.66171e-41 -9.32398e-35  1.48147e-40 -4.40746e-35  5.25975e-42  2.67045e-35   2.8235e-41 -5.34164e-35  3.17694e-39 -5.30253e-35 -3.32976e-39  2.37436e-35  8.43461e-39 -3.76709e-35 -1.03881e-38  9.58785e-35  1.82964e-39 -7.62365e-34  1.17101e-38   4.9407e-33 -3.27192e-38 -2.86407e-32  4.18353e-38  1.51878e-31 -3.60963e-38 -7.39132e-31  2.45361e-38  3.30636e-30  1.50378e-39    -1.36e-29 -2.80262e-39  5.14364e-29  1.42907e-38 -1.78798e-28  8.39646e-38  5.70767e-28 -3.07606e-37 -1.67117e-27  1.10042e-36  4.48025e-27 -3.54698e-36 -1.09732e-26  1.06549e-35  2.44828e-26 -2.99606e-35 -4.95805e-26    7.887e-35  9.07167e-26 -1.94275e-34 -1.49089e-25  4.47594e-34  2.18416e-25  -9.6392e-34 -2.82352e-25  1.93886e-33  3.17539e-25 -3.63896e-33 -3.04139e-25  6.36543e-33  2.39446e-25 -1.03634e-32 -1.44279e-25  1.56782e-32  5.38584e-26 -2.19992e-32  2.98327e-27   2.8569e-32 -2.02996e-26 -3.42516e-32  1.34447e-26   3.7802e-32  -2.5588e-27 -3.82777e-32 -2.13043e-27  3.54225e-32  1.58662e-27 -2.98207e-32    -1.56e-28  2.27131e-32  -2.5813e-28 -1.55476e-32  9.53859e-29  9.48606e-33  1.91099e-29 -5.10454e-33 -1.54353e-29  2.38863e-33 -5.76839e-31 -9.52704e-34  1.60229e-30  3.13875e-34 -3.60333e-32 -8.06136e-35 -1.02969e-31  1.39399e-35  7.80729e-34   -5.997e-37  4.18941e-33 -5.27346e-37  1.68728e-34  1.93819e-37 -9.53661e-35 -3.55411e-38 -4.45723e-36  3.62954e-39  4.56969e-37 -1.67142e-40  3.46402e-38  4.39016e-43 -7.32114e-41
  4.5881e-36  3.35828e-47 -3.11323e-35 -8.63025e-46  9.06226e-35  2.73834e-44 -1.21436e-34 -1.72328e-43  1.37654e-34  6.01941e-43 -4.28178e-34 -1.23759e-42  8.60857e-34 -3.71475e-42 -6.10156e-34  4.49427e-41  3.30856e-34 -1.44452e-40  -1.2301e-34   4.4639e-40 -4.25491e-35  6.18495e-41  3.87947e-35  4.58441e-41 -7.57695e-35  8.37441e-39 -7.33359e-35 -8.05635e-39  4.63664e-35  2.00555e-38  -2.2054e-34   -2.139e-38  1.45605e-33  6.89432e-39 -9.75678e-33  2.91246e-38  5.90203e-32 -6.04891e-38 -3.26561e-31  8.64347e-38  1.65846e-30 -6.43769e-38 -7.73931e-30  4.39844e-38  3.32057e-29 -5.21201e-39 -1.31009e-28  1.80584e-38   4.7519e-28 -6.38311e-38  -1.5836e-27  4.72084e-37   4.8438e-27 -1.65856e-36 -1.35785e-26  5.56901e-36  3.48165e-26 -1.73241e-35  -8.1448e-26  5.03634e-35  1.73272e-25 -1.37078e-34 -3.33853e-25  3.49232e-34  5.79564e-25 -8.32484e-34 -9.00467e-25   1.8558e-33  1.24119e-24 -3.86616e-33  -1.4997e-24   7.5206e-33  1.56118e-24 -1.36457e-32 -1.36256e-24  2.30659e-32  9.49006e-25   -3.627e-32 -4.69466e-25  5.29659e-32  9.57305e-26 -7.16917e-32  8.11897e-26  8.97414e-32 -9.21397e-26 -1.03621e-31  3.69969e-26  1.10036e-31   3.8404e-27 -1.07093e-31 -1.11844e-26   9.5142e-32   3.8666e-27 -7.67911e-32  9.29711e-28   5.5991e-32 -9.86872e-28  -3.6628e-32  8.11912e-29  2.13155e-32  1.25814e-28 -1.09153e-32 -2.64886e-29  4.84749e-33 -1.12442e-29 -1.82886e-33  3.13931e-30  5.67554e-34  7.21986e-31 -1.36517e-34  -1.8505e-31  2.18983e-35 -3.79362e-32 -8.20918e-37  5.42921e-33 -7.17935e-37  1.25429e-33  2.34076e-37  -5.7148e-35  -3.7121e-38 -1.43109e-35  3.09525e-39 -2.31144e-37 -1.01005e-40  2.81874e-38 -1.45318e-43
 1.12796e-46  1.62109e-35  1.19601e-46 -5.67839e-35 -3.42305e-45  9.15424e-35   1.4869e-43 -9.16737e-35  -8.2764e-43  1.34037e-34  2.83384e-42 -4.92951e-34 -3.71475e-42  1.02617e-33 -8.77588e-42 -7.73351e-34  1.55108e-40  4.41442e-34  -4.0272e-40 -1.41805e-34  1.23331e-39 -3.54479e-35  3.43496e-40  3.79393e-35  2.58823e-41  -8.7549e-35  2.08505e-38 -1.34725e-34 -1.81718e-38  3.66107e-34  4.44041e-38 -2.62178e-33 -4.10664e-38  1.80032e-32  1.94167e-38 -1.13713e-31  6.60959e-38  6.57052e-31  -1.0377e-37 -3.48271e-30  1.65695e-37  1.69567e-29 -1.06189e-37 -7.58911e-29  7.85178e-38  3.12331e-28 -3.85935e-38 -1.18194e-27   1.4928e-37    4.111e-27 -5.54773e-37 -1.31316e-26  2.39784e-36  3.84736e-26 -8.17686e-36 -1.03214e-25  2.63388e-35  2.52968e-25 -7.91992e-35 -5.64798e-25  2.22821e-34  1.14455e-24 -5.86912e-34 -2.09551e-24  1.44692e-33  3.44581e-24 -3.33713e-33  -5.0503e-24  7.19631e-33     6.53e-24 -1.44986e-32 -7.34244e-24  2.72659e-32  7.02637e-24 -4.78085e-32 -5.51908e-24  7.80573e-32  3.30618e-24  -1.1849e-31 -1.20924e-24  1.66931e-31 -1.00294e-25 -2.17823e-31  4.87227e-25   2.6264e-31 -3.14727e-25 -2.91843e-31  5.55921e-26  2.97938e-31  5.30572e-26 -2.78448e-31 -3.78673e-26  2.37246e-31  3.19355e-27 -1.83384e-31  6.40004e-27  1.27851e-31 -2.24955e-27 -7.98273e-32 -5.16491e-28  4.42476e-32  3.82714e-28   -2.153e-32  1.78556e-29  9.05953e-33 -3.97763e-29 -3.22727e-33  3.80002e-31   9.4144e-34  2.63745e-30 -2.11555e-34  9.50006e-33  3.13737e-35 -1.11052e-31 -1.01133e-36 -4.29942e-33 -8.83562e-37  2.31495e-33  2.52724e-37   1.4328e-34 -3.39418e-38 -1.24125e-35  2.20288e-39 -9.25723e-37 -4.31614e-41  8.40263e-40
-4.20403e-36  1.45236e-45  2.94691e-35  2.88595e-46   -7.759e-35 -1.19534e-44  7.60778e-35  7.21629e-43 -6.70461e-35 -3.53887e-42  1.62062e-34  1.18772e-41 -6.10156e-34 -8.77588e-42  1.24736e-33 -1.26885e-41 -9.57376e-34  4.92067e-40  5.31507e-34 -1.00502e-39 -1.33912e-34  3.12527e-39 -2.70191e-35    1.455e-39  1.66429e-35 -1.63313e-40 -3.78332e-35  4.91449e-38 -6.61959e-34 -3.83597e-38  4.33655e-33   9.1953e-38 -3.11629e-32 -7.36448e-38  2.05474e-31  4.64467e-38  -1.2403e-30  1.38379e-37  6.86377e-30 -1.65469e-37  -3.4873e-29  2.96901e-37  1.62823e-28 -1.66345e-37 -6.98994e-28  1.55903e-37  2.75946e-27  -2.0646e-37 -1.00154e-26   8.2563e-37  3.33994e-26   -3.052e-36 -1.02232e-25  1.13729e-35  2.86794e-25 -3.76268e-35 -7.35923e-25  1.16969e-34  1.72291e-24 -3.40176e-34 -3.66815e-24  9.26086e-34  7.07299e-24 -2.36023e-33 -1.22874e-23  5.62937e-33  1.91029e-23 -1.25589e-32 -2.63437e-23  2.61906e-32  3.18369e-23 -5.10134e-32 -3.31325e-23  9.27113e-32  2.88818e-23 -1.57027e-31 -2.00492e-23  2.47517e-31  9.82255e-24 -3.62511e-31 -1.88017e-24  4.92403e-31 -1.83582e-24 -6.18981e-31  2.00381e-24  7.18351e-31 -7.82526e-25  -7.6752e-31 -1.00963e-25  7.52573e-31  2.49046e-25 -6.74704e-31 -8.28415e-26  5.50707e-31  -2.2304e-26 -4.07174e-31  2.20242e-26   2.7107e-31 -1.50576e-27  -1.6131e-31 -2.92134e-27  8.50331e-32   5.8145e-28 -3.92497e-32  2.64237e-28  1.56206e-32 -6.93994e-29  -5.2438e-33 -1.77561e-29  1.43477e-33  4.21081e-30 -3.00407e-34  9.38719e-31   4.1028e-35 -1.26423e-31 -1.10996e-36 -2.98497e-32 -9.86708e-37  1.09092e-33  2.44293e-37  3.61588e-34 -2.70737e-38  6.26505e-36  1.27833e-39 -6.82061e-37 -1.06016e-41
-2.15131e-47 -8.72017e-36  1.23698e-44  3.80044e-35  9.32621e-46 -8.55386e-35 -3.95594e-44   4.7401e-35  3.15433e-42 -5.79339e-35 -1.35476e-41  2.30264e-34  4.49427e-41 -7.73351e-34 -1.26885e-41  1.50555e-33  1.39718e-41 -1.12553e-33  1.44383e-39  5.72623e-34  -2.2167e-39 -9.01136e-35  7.25359e-39 -1.43626e-35  5.19419e-39 -9.19458e-35 -8.48774e-40  6.99594e-34  1.09806e-37 -6.82298e-33 -7.60251e-38  5.06042e-32  1.78781e-37 -3.49004e-31 -1.23371e-37   2.2017e-30  9.87911e-38 -1.27248e-29  2.69554e-37  6.74809e-29 -2.45931e-37 -3.28733e-28  5.02886e-37  1.47215e-27 -2.68507e-37 -6.06247e-27  4.04327e-37  2.29574e-26 -1.02488e-36 -7.99069e-26  4.02803e-36  2.55435e-25 -1.45956e-35 -7.48976e-25  5.08392e-35  2.01094e-24 -1.62939e-34 -4.93281e-24  4.89635e-34   1.1023e-23 -1.37743e-33 -2.23572e-23   3.6278e-33  4.09676e-23 -8.94407e-33 -6.74203e-23  2.06332e-32  9.88828e-23 -4.45136e-32  -1.2792e-22  8.97428e-32  1.43861e-22 -1.68926e-31 -1.37605e-22  2.96564e-31  1.07896e-22 -4.84963e-31  -6.4305e-23  7.37612e-31  2.30676e-23 -1.04168e-30  2.54478e-24  1.36327e-30 -9.89862e-24 -1.64969e-30  6.25507e-24  1.84118e-30 -1.02577e-24 -1.88976e-30  -1.1147e-24  1.77785e-30  7.66987e-25 -1.52724e-30 -5.45351e-26  1.19268e-30 -1.34617e-25 -8.42341e-31  4.53155e-26  5.34698e-31  1.15698e-26 -3.02779e-31 -8.01976e-27  1.51529e-31 -4.57668e-28 -6.62281e-32  8.43939e-28  2.48804e-32  1.30368e-30  -7.8546e-33  -5.7518e-29  2.01126e-33 -6.37726e-31 -3.91352e-34  2.44336e-30  4.90349e-35  1.05386e-31 -1.07908e-36 -4.99345e-32 -1.00087e-36 -3.52361e-33  2.11252e-37   2.7464e-34 -1.86891e-38  2.13908e-35  5.78257e-40  -5.1908e-39
 2.01773e-37 -8.93125e-46 -1.04596e-35  8.17271e-44   3.8816e-35  7.28071e-45 -7.91476e-35   -1.305e-43   1.3744e-35   1.2491e-41 -6.79615e-35 -4.66171e-41  3.30856e-34  1.55108e-40 -9.57376e-34  1.39718e-41   1.7705e-33  1.94886e-40 -1.24212e-33  3.93836e-39  5.49751e-34  -4.1948e-39 -2.05499e-35  1.53592e-38  9.09961e-35  1.62732e-38 -1.15081e-33 -2.68687e-39  9.62999e-33  2.32734e-37 -7.74118e-32 -1.41841e-37  5.58198e-31  3.27435e-37 -3.68231e-30 -1.92665e-37   2.2235e-29  1.90937e-37  -1.2311e-28  4.92313e-37   6.2585e-28 -3.44558e-37 -2.92392e-27  8.27111e-37  1.25606e-26 -5.41559e-37  -4.9621e-26  1.41451e-36  1.80234e-25 -4.81657e-36 -6.01519e-25  1.83111e-35  1.84272e-24 -6.45532e-35 -5.17399e-24  2.15082e-34  1.32888e-23 -6.67105e-34 -3.11405e-23  1.93849e-33  6.63637e-23 -5.27434e-33 -1.28088e-22  1.34356e-32  2.22729e-22 -3.20343e-32 -3.46581e-22  7.14557e-32  4.78318e-22 -1.49021e-31 -5.78373e-22  2.90337e-31  6.01979e-22  -5.2793e-31 -5.24365e-22  8.94885e-31  3.63035e-22 -1.41216e-30 -1.76315e-22  2.07129e-30  3.16534e-23 -2.81874e-30  3.53458e-23  3.55168e-30 -3.73303e-23 -4.13392e-30  1.42158e-23  4.43291e-30  2.17856e-24 -4.36624e-30 -4.74689e-24  3.93666e-30  1.52478e-24 -3.23622e-30  4.53879e-25  2.41467e-30 -4.22286e-25 -1.62653e-30  2.38924e-26  9.82831e-31   5.7854e-26 -5.28634e-31 -1.09212e-26  2.50685e-31 -5.33945e-27 -1.03533e-31   1.3297e-27  3.66371e-32  3.70534e-28 -1.08534e-32  -8.2739e-29  2.59527e-33 -1.96436e-29 -4.68247e-34  2.48116e-30  5.36641e-35   6.2291e-31 -9.32737e-37 -1.90219e-32 -9.20157e-37 -7.68849e-33  1.62718e-37 -1.46361e-34 -1.09747e-38  1.41851e-35   1.8109e-40
-3.70457e-47  1.37747e-37 -1.08747e-44 -7.42614e-36  4.48792e-43  3.34962e-35  5.43963e-44 -6.23552e-35 -4.17092e-43 -1.60077e-35  4.50144e-41 -9.32398e-35 -1.44452e-40  4.41442e-34  4.92067e-40 -1.12553e-33  1.94886e-40  2.00994e-33   9.3253e-40 -1.28586e-33  1.00301e-38  4.76701e-34 -6.28401e-39   -5.249e-35  2.94257e-38  1.42093e-33   4.5722e-38 -1.34252e-32 -6.74829e-39  1.11119e-31  4.68045e-37 -8.42107e-31 -2.49684e-37  5.81196e-30  5.66533e-37 -3.66822e-29 -2.79008e-37  2.12119e-28  3.38946e-37 -1.12556e-27  8.51103e-37  5.48666e-27  -4.7773e-37 -2.45874e-26  1.41879e-36  1.01328e-25 -1.61047e-36  -3.8401e-25  5.79443e-36  1.33772e-24 -2.14817e-35 -4.28001e-24  7.87753e-35  1.25613e-23  -2.6916e-34 -3.37592e-23  8.63923e-34  8.28951e-23 -2.59149e-33 -1.85434e-22  7.28091e-33   3.7651e-22 -1.91547e-32 -6.90666e-22  4.71769e-32  1.13783e-21 -1.08741e-31 -1.67047e-21  2.34442e-31  2.16284e-21 -4.72446e-31 -2.43372e-21  8.89129e-31  2.32791e-21 -1.56104e-30 -1.82315e-21  2.55362e-30  1.08195e-21 -3.88648e-30 -3.81177e-22  5.49397e-30 -5.22609e-23 -7.19964e-30  1.73502e-22  8.72739e-30 -1.07584e-22 -9.76196e-30  1.64054e-23  1.00476e-29   2.0153e-23  -9.4864e-30  -1.3446e-23   8.1866e-30  7.94066e-25 -6.43133e-30  2.44547e-24  4.57771e-30 -7.93573e-25 -2.93596e-30 -2.20947e-25  1.68559e-30  1.45303e-25 -8.59413e-31  9.77682e-27  3.85318e-31 -1.55657e-26 -1.50024e-31 -1.64142e-28  4.98876e-32  1.08426e-27 -1.38367e-32  1.87923e-29  3.08368e-33 -4.64124e-29 -5.15079e-34 -2.24675e-30  5.39269e-35  9.48693e-31 -7.34128e-37  7.25442e-32 -7.62355e-37 -5.22671e-33  1.10499e-37 -4.27849e-34 -5.26388e-39 -2.05591e-37
 9.10518e-37  1.74839e-45 -1.28205e-36 -8.59467e-44 -1.72209e-36  2.13024e-42   2.5669e-35  3.01815e-43 -4.03057e-35 -1.13132e-42 -3.58718e-35  1.48147e-40  -1.2301e-34  -4.0272e-40  5.31507e-34  1.44383e-39 -1.24212e-33   9.3253e-40  2.20025e-33  3.32984e-39 -1.26655e-33  2.39408e-38  5.07566e-34 -5.19854e-39 -1.59989e-33  5.01465e-38  1.72349e-32  1.16777e-37 -1.51213e-31 -1.43646e-38  1.19929e-30  8.93139e-37 -8.66874e-30 -4.15466e-37  5.72164e-29  9.28249e-37 -3.45684e-28 -3.70385e-37  1.91514e-27  5.53364e-37  -9.7423e-27  1.41763e-36  4.55475e-26 -7.70234e-37 -1.95811e-25  2.93131e-36  7.74189e-25 -6.26193e-36 -2.81445e-24  2.45359e-35  9.40173e-24 -9.12241e-35 -2.88299e-23  3.22741e-34   8.1032e-23 -1.06671e-33 -2.08347e-22  3.30494e-33  4.88785e-22  -9.5825e-33 -1.04287e-21  2.60206e-32  2.01524e-21 -6.61609e-32 -3.50848e-21  1.57477e-31  5.46583e-21 -3.50736e-31 -7.55167e-21  7.30521e-31  9.13968e-21 -1.42181e-30 -9.51799e-21  2.58342e-30  8.28926e-21 -4.37718e-30  -5.7278e-21  6.90643e-30   2.7608e-21 -1.01318e-29 -4.65019e-22  1.37947e-29 -5.89454e-22 -1.73955e-29  6.05722e-22  2.02698e-29 -2.25605e-22 -2.17682e-29  -3.9727e-23  2.14825e-29  7.87686e-23 -1.94183e-29 -2.45425e-23  1.60175e-29 -7.96781e-24 -1.20063e-29  7.06823e-24  8.13835e-30 -3.29312e-25 -4.96029e-30 -9.96157e-25  2.70008e-30  1.79459e-25 -1.30191e-30  9.40228e-26  5.50461e-31 -2.24206e-26 -2.01497e-31 -6.68558e-27  6.27915e-32  1.42385e-27 -1.62664e-32  3.57048e-28  3.37315e-33 -4.26058e-29 -5.21341e-34 -1.13986e-29  4.99194e-35  2.99307e-31 -5.54984e-37  1.41817e-31 -5.63949e-37  2.94648e-33  6.47616e-38 -2.58056e-34  -1.8241e-39
-2.61566e-45    1.259e-36  2.63059e-44  -3.5337e-36 -5.22211e-43  1.97327e-36  8.96494e-42  1.72721e-35  1.29478e-42 -1.65162e-35 -1.72269e-42 -4.40746e-35   4.4639e-40 -1.41805e-34 -1.00502e-39  5.72623e-34  3.93836e-39 -1.28586e-33  3.32984e-39  2.34229e-33  1.00134e-38 -1.34635e-33  5.37431e-38  2.28473e-33  8.76761e-39 -2.08423e-32  7.31723e-38  1.93898e-31   2.7368e-37 -1.61549e-30 -2.64182e-38  1.22321e-29  1.61705e-36 -8.44805e-29 -6.54423e-37  5.33506e-28  1.44278e-36 -3.08699e-27  -4.3807e-37  1.63914e-26  8.15811e-37   -7.996e-26  2.37381e-36  3.58606e-25 -1.86372e-36 -1.47911e-24  8.24049e-36  5.61051e-24 -2.62501e-35 -1.95633e-23  1.02042e-34  6.26562e-23 -3.70432e-34 -1.84088e-22  1.26464e-33   4.9531e-22 -4.03845e-33 -1.21769e-21  1.20803e-32  2.72734e-21 -3.38335e-32 -5.54486e-21  8.87403e-32   1.0185e-20 -2.17934e-31 -1.68015e-20  5.00983e-31  2.46986e-20 -1.07749e-30 -3.20169e-20  2.16675e-30  3.60621e-20 -4.07054e-30 -3.45118e-20  7.13666e-30  2.70143e-20 -1.16627e-29 -1.59782e-20  1.77388e-29  5.53822e-21 -2.50686e-29  9.01571e-22  3.28525e-29 -2.66234e-21 -3.98359e-29  1.62507e-21  4.45827e-29 -2.31225e-22 -4.59237e-29 -3.18291e-22  4.34053e-29  2.07105e-22 -3.75138e-29 -1.00421e-23  2.95331e-29 -3.89198e-23 -2.10863e-29  1.22571e-23  1.35859e-29  3.66473e-24 -7.85248e-30 -2.31433e-24    4.043e-30  -1.7691e-25 -1.83858e-30  2.52842e-25  7.30842e-31  4.47486e-27 -2.50676e-31 -1.79455e-26  7.29653e-32 -4.05975e-28  -1.7608e-32  7.76083e-28  3.39343e-33  4.12414e-29 -4.85664e-34 -1.59712e-29  4.26706e-35 -1.29247e-30 -4.25823e-37  8.75724e-32 -3.67893e-37  7.53251e-33  3.12926e-38  8.58382e-36
-2.80081e-37 -2.90747e-44  9.46117e-37  2.21417e-43 -4.29013e-36 -2.62152e-42  7.19435e-38  3.40519e-41  6.98475e-36    4.466e-42  6.77868e-36  5.25975e-42 -4.25491e-35  1.23331e-39 -1.33912e-34  -2.2167e-39  5.49751e-34  1.00301e-38 -1.26655e-33  1.00134e-38  2.58749e-33  2.64877e-38 -3.30973e-33  1.13835e-37  2.44355e-32  5.83595e-38 -2.35057e-31  8.20234e-38  2.05861e-30  5.92652e-37 -1.63457e-29 -4.16732e-38  1.18196e-28  2.77762e-36 -7.80598e-28 -9.76346e-37  4.71914e-27  2.12783e-36 -2.61628e-26  -4.1806e-37  1.33189e-25  9.88391e-37 -6.23191e-25  4.40164e-36  2.68145e-24 -6.66171e-36 -1.06116e-23  2.95339e-35  3.86153e-23 -1.09198e-34 -1.29132e-22  4.11211e-34  3.96423e-22 -1.44506e-33 -1.11556e-21  4.75899e-33  2.87191e-21 -1.46678e-32  -6.7465e-21  4.23376e-32  1.44143e-20 -1.14434e-31 -2.78942e-20  2.89654e-31  4.86346e-20 -6.86457e-31 -7.58796e-20   1.5227e-30  1.04987e-19 -3.15983e-30 -1.27231e-19  6.13002e-30  1.32633e-19 -1.11076e-29 -1.15557e-19  1.87784e-29  7.97582e-20 -2.95795e-29 -3.82035e-20  4.33432e-29  6.04921e-21 -5.89708e-29   8.6282e-21  7.43379e-29 -8.67177e-21 -8.66139e-29  3.16983e-21  9.30237e-29  6.24569e-22 -9.18183e-29 -1.15292e-21  8.30166e-29  3.50265e-22 -6.85063e-29  1.22326e-22  5.13906e-29 -1.04614e-22 -3.48871e-29  4.01471e-24  2.13214e-29  1.51248e-23 -1.16593e-29 -2.62296e-24  5.66273e-30  -1.4594e-24   -2.421e-30  3.36766e-25  9.01346e-31  1.05922e-25 -2.88454e-31 -2.17757e-26  7.80928e-32 -5.72021e-27 -1.75008e-32  6.52816e-28  3.13227e-33  1.84445e-28 -4.15923e-34 -4.27329e-30  3.36316e-35 -2.31101e-30 -3.21559e-37 -5.17003e-32 -2.08364e-37  4.18128e-33  1.09839e-38
-4.49938e-45  2.67991e-37 -2.14694e-43 -7.48577e-37  1.37946e-42 -1.33044e-36 -1.13091e-41 -7.55455e-36  1.18289e-40 -8.05886e-36  1.25582e-41  2.67045e-35  6.18495e-41 -3.54479e-35  3.12527e-39 -9.01136e-35  -4.1948e-39  4.76701e-34  2.39408e-38 -1.34635e-33  2.64877e-38  4.75452e-33  6.29283e-38 -2.74135e-32  2.28231e-37  2.70146e-31  1.89035e-37 -2.48406e-30  3.72025e-38     2.07e-29   1.1923e-36  -1.5683e-28 -5.37659e-38  1.08377e-27  4.52642e-36 -6.84859e-27 -1.37726e-36  3.96554e-26  2.96435e-36 -2.10725e-25  -1.3475e-37   1.0288e-24  4.26501e-37 -4.61805e-24  1.04044e-35  1.90658e-23 -2.76068e-35 -7.23938e-23  1.16769e-34  2.52707e-22 -4.42259e-34 -8.10301e-22  1.60519e-33  2.38368e-21 -5.44267e-33 -6.42203e-21  1.72762e-32  1.58102e-20 -5.13301e-32 -3.54633e-20  1.42808e-31  7.22099e-20 -3.72054e-31 -1.32848e-19  9.07682e-31  2.19509e-19  -2.0733e-30 -3.23211e-19  4.43247e-30  4.19643e-19 -8.86477e-30 -4.73337e-19  1.65736e-29  4.53466e-19 -2.89395e-29 -3.55016e-19   4.7138e-29  2.09502e-19 -7.15192e-29 -7.15976e-20  1.00898e-28 -1.33733e-20 -1.32084e-28  3.61784e-20  1.60064e-28   -2.181e-20  -1.7908e-28  2.91313e-21  1.84422e-28  4.44343e-21 -1.74253e-28 -2.83595e-21  1.50527e-28  1.12444e-22  -1.1843e-28   5.4893e-22  8.45101e-29 -1.68985e-22 -5.44422e-29 -5.35028e-23  3.14921e-29  3.28153e-23 -1.62519e-29  2.75661e-24  7.42351e-30  -3.6567e-24 -2.97255e-30 -8.45985e-26  1.03155e-30  2.64124e-25 -3.06243e-31  7.07988e-27  7.66618e-32 -1.15692e-26 -1.58897e-32 -6.58382e-28  2.64032e-33  2.40462e-28 -3.25999e-34  2.02954e-29    2.417e-35 -1.31424e-30 -1.99735e-37 -1.18135e-31 -9.97962e-38 -1.96023e-34
 1.11707e-37 -4.35137e-44  2.14957e-36 -1.22733e-42 -4.66176e-36  6.99049e-42  5.48731e-36 -4.29726e-41 -1.82302e-35  3.79627e-40 -2.90235e-35   2.8235e-41  3.87947e-35  3.43496e-40 -2.70191e-35  7.25359e-39 -2.05499e-35 -6.28401e-39  5.07566e-34  5.37431e-38 -3.30973e-33  6.29283e-38  2.96607e-32  1.35806e-37 -2.94134e-31  4.34478e-37  2.84024e-30  4.80315e-37 -2.48588e-29 -1.37152e-37  1.97483e-28  2.23831e-36 -1.42887e-27 -4.65563e-38  9.44286e-27  6.99679e-36 -5.71282e-26 -1.81954e-36  3.16963e-25  3.81486e-36 -1.61495e-24  1.05464e-36  7.56318e-24 -3.72405e-36 -3.25745e-23  3.28981e-35  1.29046e-22 -1.16567e-34 -4.70124e-22  4.69945e-34  1.57402e-21 -1.74455e-33 -4.83831e-21  6.09416e-33   1.3634e-20 -1.98994e-32 -3.51506e-20  6.08025e-32  8.27008e-20 -1.73884e-31 -1.76982e-19  4.65565e-31  3.43073e-19 -1.16717e-30 -5.99213e-19  2.73989e-30  9.36576e-19 -6.02177e-30 -1.29819e-18  1.23876e-29  1.57597e-18 -2.38409e-29 -1.64542e-18  4.28973e-29  1.43507e-18 -7.20944e-29 -9.90243e-19   1.1303e-28  4.72075e-19 -1.65049e-28  -7.0558e-20  2.24035e-28 -1.12025e-19 -2.82029e-28  1.10674e-19  3.28378e-28 -3.98585e-20 -3.52564e-28 -8.58901e-21  3.47886e-28  1.50406e-20 -3.14346e-28 -4.48218e-21  2.59116e-28 -1.66054e-21 -1.94067e-28  1.38349e-21  1.31495e-28 -4.43399e-23 -8.02232e-29 -2.04702e-22  4.38229e-29  3.45424e-23 -2.12871e-29  2.01645e-23   9.1148e-30 -4.55359e-24 -3.40291e-30 -1.49099e-24  1.09373e-30  2.99619e-25 -2.98709e-31  8.16212e-26  6.85287e-32 -9.04314e-27 -1.30583e-32 -2.66432e-27   2.0138e-33  5.61576e-29 -2.31152e-34  3.37039e-29  1.53553e-35  7.97754e-31 -5.70232e-38 -6.10731e-32   -3.678e-38
-3.22336e-45 -2.48638e-37 -2.75563e-43  5.57086e-36 -5.79481e-42  -1.1007e-35  3.01904e-41  1.39296e-35 -1.46285e-40 -2.91971e-35  1.13454e-39 -5.34164e-35  4.58441e-41  3.79393e-35    1.455e-39 -1.43626e-35  1.53592e-38   -5.249e-35 -5.19854e-39  2.28473e-33  1.13835e-37 -2.74135e-32  1.35806e-37  3.03855e-31   2.6797e-37 -3.07803e-30   7.8774e-37  2.83229e-29  1.05488e-36 -2.36129e-28 -5.64743e-37  1.79007e-27  3.93549e-36 -1.23785e-26   1.2996e-38  7.82794e-26  1.02494e-35 -4.53619e-25 -2.15933e-36  2.41255e-24  4.07174e-36 -1.17894e-23  5.91438e-36  5.29729e-23 -2.40285e-35 -2.18936e-22  1.25358e-34  8.32271e-22  -4.8645e-34 -2.90883e-21  1.87758e-33   9.3395e-21 -6.73688e-33 -2.75131e-20  2.26262e-32   7.4237e-20 -7.10328e-32 -1.83055e-19  2.08586e-31  4.11302e-19 -5.73102e-31 -8.38988e-19  1.47377e-30  1.54642e-18 -3.54778e-30 -2.56017e-18  7.99585e-30  3.77718e-18 -1.68714e-29  -4.9139e-18  3.33235e-29  5.55322e-18  -6.1591e-29 -5.32884e-18  1.06462e-28  4.17589e-18 -1.71946e-28 -2.46154e-18  2.59152e-28  8.31626e-19 -3.63864e-28  1.73314e-19  4.74893e-28 -4.39413e-19 -5.74603e-28  2.62535e-19  6.42542e-28 -3.32221e-20 -6.61712e-28 -5.53486e-20  6.25187e-28  3.48542e-20 -5.39722e-28 -1.14261e-21  4.23981e-28 -6.92554e-21 -3.01789e-28  2.10033e-21  1.93795e-28  6.94504e-22 -1.11736e-28 -4.18338e-22  5.75125e-29 -3.74883e-23 -2.62291e-29  4.75208e-23  1.04913e-29  1.27536e-24 -3.63184e-30 -3.49208e-24  1.07156e-30 -1.03653e-25 -2.65754e-31  1.55239e-25   5.5045e-32  9.24659e-27 -9.54354e-33 -3.26772e-27  1.36357e-33 -2.84231e-28 -1.44251e-34  1.79028e-29  8.01346e-36  1.66533e-30  5.51476e-38  3.37009e-33
