  0.00931855  1.16942e-18   -0.0216711 -5.34264e-18   0.00856652  6.12197e-18   0.00478135 -4.06635e-18  -0.00149948  1.32774e-18  -0.00122596  4.00869e-19 -2.98232e-05 -3.66722e-19  0.000142395  1.11772e-19  3.43186e-05 -7.25783e-21  5.09039e-08 -4.15401e-21 -4.16719e-07
 1.16942e-18    0.0365664  3.46526e-18   -0.0430025 -9.49318e-18   0.00423558  9.00075e-18    0.0114774  -7.2473e-18  0.000156063  2.54158e-18  -0.00232458  2.50169e-19 -0.000536361 -2.94821e-19  0.000145324  1.57126e-19  6.87081e-05 -5.82933e-21  5.85253e-06 -3.80166e-21
  -0.0216711  3.46526e-18    0.0672407  4.62913e-18   -0.0483102  -6.5502e-18  -0.00853879   7.5944e-18    0.0145265  -8.9385e-18   0.00372411  2.82311e-18  -0.00241402 -2.61353e-19  -0.00114422 -1.25245e-19 -6.35494e-06  1.95557e-19  6.36054e-05  1.04774e-21  6.55281e-06
-5.34264e-18   -0.0430025  4.62913e-18    0.0798037   1.3391e-18   -0.0377738  4.24679e-18   -0.0202313  4.09987e-18    0.0128388 -7.85261e-18   0.00710702  2.07341e-18  -0.00144907 -9.85348e-19  -0.00147241 -5.05095e-20 -0.000207557  1.97927e-19  2.31994e-05  6.19654e-21
  0.00856652 -9.49318e-18   -0.0483102   1.3391e-18    0.0732242 -6.20688e-18   -0.0235655  1.52122e-17   -0.0265286  1.36088e-18   0.00871974 -3.95766e-18   0.00921368   1.2336e-18  8.39557e-05 -1.63211e-18  -0.00135689 -7.52927e-20 -0.000315777  1.49512e-19  -8.9651e-06
 6.12197e-18   0.00423558  -6.5502e-18   -0.0377738 -6.20688e-18    0.0606376 -1.31218e-17   -0.0131708  1.79926e-17   -0.0287578 -3.06778e-19   0.00412057  1.04719e-18   0.00995596  8.80075e-19   0.00169046 -1.94488e-18 -0.000849058   -1.155e-19 -0.000259743  6.94935e-20
  0.00478135  9.00075e-18  -0.00853879  4.24679e-18   -0.0235655 -1.31218e-17    0.0509181 -1.42587e-17  -0.00688479  1.14167e-17   -0.0291598 -1.95005e-18 -0.000287352  4.96897e-18   0.00950194   6.3155e-19   0.00295711 -1.92534e-18 -0.000181408 -1.33284e-19  -0.00010562
-4.06635e-18    0.0114774   7.5944e-18   -0.0202313  1.52122e-17   -0.0131708 -1.42587e-17    0.0452528 -8.78015e-18  -0.00285809  8.80848e-19   -0.0289245 -3.33595e-18  -0.00448442  6.76411e-18    0.0079232  3.69857e-20   0.00348486 -1.62716e-18  0.000289896 -1.13218e-19
 -0.00149948  -7.2473e-18    0.0145265  4.09987e-18   -0.0265286  1.79926e-17  -0.00688479 -8.78015e-18    0.0422285 -2.47356e-19  0.000219812 -7.33885e-18   -0.0284273 -2.64847e-18  -0.00857033   7.1289e-18   0.00523142 -4.14783e-19   0.00298332 -9.62759e-19  0.000316781
 1.32774e-18  0.000156063  -8.9385e-18    0.0128388  1.36088e-18   -0.0287578  1.14167e-17  -0.00285809 -2.47356e-19    0.0407933  6.31341e-18   0.00303886 -1.00943e-17   -0.0276339  1.53399e-18   -0.0124522  7.68156e-18   0.00170901  3.41041e-19   0.00164435  -1.3064e-19
 -0.00122596  2.54158e-18   0.00372411 -7.85261e-18   0.00871974 -3.06778e-19   -0.0291598  8.80848e-19  0.000219812  6.31341e-18    0.0405338  7.04181e-18   0.00609299 -8.10582e-18   -0.0261348  8.18038e-18   -0.0154611   9.2703e-18  -0.00160729  2.13076e-18  0.000354876
 4.00869e-19  -0.00232458  2.82311e-18   0.00710702 -3.95766e-18   0.00412057 -1.95005e-18   -0.0289245 -7.33885e-18   0.00303886  7.04181e-18    0.0414184   2.2278e-19     0.010012 -5.37531e-18   -0.0229069  1.31999e-17   -0.0160585  1.06467e-17  -0.00308327  2.78888e-18
-2.98232e-05  2.50169e-19  -0.00241402  2.07341e-18   0.00921368  1.04719e-18 -0.000287352 -3.33595e-18   -0.0284273 -1.00943e-17   0.00609299   2.2278e-19    0.0437624 -1.44882e-17    0.0158426 -8.28422e-18   -0.0163311  1.15549e-17   -0.0126749   9.4184e-18  -0.00208323
-3.66722e-19 -0.000536361 -2.61353e-19  -0.00144907   1.2336e-18   0.00995596  4.96897e-18  -0.00448442 -2.64847e-18   -0.0276339 -8.10582e-18     0.010012 -1.44882e-17     0.048344 -3.78443e-17    0.0248299 -2.24227e-17  -0.00569141  2.67733e-18  -0.00617759  5.26916e-18
 0.000142395 -2.94821e-19  -0.00114422 -9.85348e-19  8.39557e-05  8.80075e-19   0.00950194  6.76411e-18  -0.00857033  1.53399e-18   -0.0261348 -5.37531e-18    0.0158426 -3.78443e-17    0.0560425 -7.04304e-17    0.0365151 -4.48901e-17   0.00587029 -6.04869e-18 -0.000784401
 1.11772e-19  0.000145324 -1.25245e-19  -0.00147241 -1.63211e-18   0.00169046   6.3155e-19    0.0079232   7.1289e-18   -0.0124522  8.18038e-18   -0.0229069 -8.28422e-18    0.0248299 -7.04304e-17    0.0657756 -1.05732e-16    0.0456959 -5.93606e-17    0.0115493 -6.49696e-18
 3.43186e-05  1.57126e-19 -6.35494e-06 -5.05095e-20  -0.00135689 -1.94488e-18   0.00295711  3.69857e-20   0.00523142  7.68156e-18   -0.0154611  1.31999e-17   -0.0163311 -2.24227e-17    0.0365151 -1.05732e-16    0.0714719 -1.23564e-16    0.0438684 -4.95955e-17   0.00809938
-7.25783e-21  6.87081e-05  1.95557e-19 -0.000207557 -7.52927e-20 -0.000849058 -1.92534e-18   0.00348486 -4.14783e-19   0.00170901   9.2703e-18   -0.0160585  1.15549e-17  -0.00569141 -4.48901e-17    0.0456959 -1.23564e-16     0.064051 -1.03813e-16    0.0288521 -2.25605e-17
 5.09039e-08 -5.82933e-21  6.36054e-05  1.97927e-19 -0.000315777   -1.155e-19 -0.000181408 -1.62716e-18   0.00298332  3.41041e-19  -0.00160729  1.06467e-17   -0.0126749  2.67733e-18   0.00587029 -5.93606e-17    0.0438684 -1.03813e-16     0.041971 -5.59534e-17    0.0107309
-4.15401e-21  5.85253e-06  1.04774e-21  2.31994e-05  1.49512e-19 -0.000259743 -1.33284e-19  0.000289896 -9.62759e-19   0.00164435  2.13076e-18  -0.00308327   9.4184e-18  -0.00617759 -6.04869e-18    0.0115493 -4.95955e-17    0.0288521 -5.59534e-17    0.0173196 -1.55333e-17
-4.16719e-07 -3.80166e-21  6.55281e-06  6.19654e-21  -8.9651e-06  6.94935e-20  -0.00010562 -1.13218e-19  0.000316781  -1.3064e-19  0.000354876  2.78888e-18  -0.00208323  5.26916e-18 -0.000784401 -6.49696e-18   0.00809938 -2.25605e-17    0.0107309 -1.55333e-17   0.00332597
