    0.114228  9.09767e-18   -0.0573316  1.59661e-18   -0.0915983 -4.88556e-17   -0.0544146 -3.06051e-17   -0.0213877 -1.21496e-17    -0.006183 -1.12575e-17  -0.00134333  6.98072e-18 -0.000215382 -2.66818e-18 -2.40445e-05  9.76418e-19 -1.63298e-06 -2.41915e-19 -4.38946e-08
 9.09767e-18     0.252103 -1.31822e-17   -0.0149108  8.88493e-17   -0.0352851  3.38319e-17   -0.0149709  2.36925e-17  -0.00381517  1.10131e-17 -0.000615638  9.54971e-18 -4.85279e-05  8.78035e-18  2.83792e-06  2.74147e-18  1.13399e-06  5.64456e-19  9.78824e-08  1.00395e-19
  -0.0573316 -1.31822e-17    0.0969212  1.13622e-16     0.123296  1.44896e-16    0.0759031  9.75847e-17    0.0320016  5.77161e-17    0.0100226   2.2593e-17   0.00236845  2.25976e-17  0.000413963  7.63833e-18  5.04719e-05  3.51936e-18  3.75148e-06    2.804e-20  1.10652e-07
 1.59661e-18   -0.0149108  1.13622e-16      0.15732   1.7171e-16     0.132448  1.46627e-16    0.0661734  9.27238e-17     0.023775  4.60931e-17   0.00642727  2.58913e-17   0.00130404  1.75346e-17    0.0001913  6.49959e-18  1.85795e-05   1.1543e-18  9.57357e-07  2.71391e-19
  -0.0915983  8.88493e-17     0.123296   1.7171e-16     0.161213  2.01885e-16    0.0988101  1.32143e-16    0.0413109  7.37529e-17    0.0128231  3.09085e-17   0.00300408  2.44028e-17  0.000520782  9.73624e-18  6.30115e-05  3.72759e-18  4.65013e-06  1.21819e-19  1.36242e-07
-4.88556e-17   -0.0352851  1.44896e-16     0.132448  2.01885e-16      0.11364  1.60321e-16    0.0565867  9.26504e-17    0.0202103  4.28615e-17   0.00543219  2.30927e-17   0.00109657  1.42845e-17  0.000160167  5.51727e-18  1.54985e-05  8.40909e-19  7.96105e-07    2.961e-19
  -0.0544146  3.38319e-17    0.0759031  1.46627e-16    0.0988101  1.60321e-16    0.0606316  1.00009e-16    0.0253983  5.21768e-17   0.00790057  2.17253e-17   0.00185491  1.58963e-17  0.000322263  6.45104e-18   3.9076e-05  2.33554e-18  2.88991e-06  1.01452e-19  8.48507e-08
-3.06051e-17   -0.0149709  9.75847e-17    0.0661734  1.32143e-16    0.0565867  1.00009e-16    0.0282413  5.54995e-17    0.0101183  2.45136e-17   0.00272857  1.31863e-17  0.000552588  7.55878e-18  8.09668e-05  3.03618e-18  7.85876e-06  3.80767e-19  4.04889e-07   2.0665e-19
  -0.0213877  2.36925e-17    0.0320016  9.27238e-17    0.0413109  9.26504e-17    0.0253983  5.54995e-17     0.010675  2.71178e-17   0.00333281  1.10277e-17  0.000785362   7.3964e-18  0.000136938  2.99048e-18  1.66631e-05  1.02356e-18  1.23658e-06  6.04317e-20  3.64298e-08
-1.21496e-17  -0.00381517  5.77161e-17     0.023775  7.37529e-17    0.0202103  5.21768e-17    0.0101183  2.71178e-17   0.00364133  1.11608e-17  0.000986433  5.68223e-18  0.000200656  2.96076e-18   2.9525e-05  1.21731e-18  2.87731e-06  1.21811e-19  1.48815e-07  1.01975e-19
   -0.006183  1.10131e-17    0.0100226  4.60931e-17    0.0128231  4.28615e-17   0.00790057  2.45136e-17   0.00333281  1.11608e-17   0.00104465  4.35516e-18  0.000247142  2.60719e-18  4.32594e-05  1.04204e-18  5.28375e-06  3.32002e-19  3.93547e-07  2.78165e-20  1.16353e-08
-1.12575e-17 -0.000615638   2.2593e-17   0.00642727  3.09085e-17   0.00543219  2.17253e-17   0.00272857  1.10277e-17  0.000986433  4.35516e-18  0.000268471  2.00077e-18  5.48569e-05  9.14609e-19  8.10633e-06  3.70935e-19  7.93211e-07  2.89569e-20  4.11851e-08  3.67726e-20
 -0.00134333  9.54971e-18   0.00236845  2.58913e-17   0.00300408  2.30927e-17   0.00185491  1.31863e-17  0.000785362  5.68223e-18  0.000247142  2.00077e-18  5.86992e-05  8.58223e-19  1.03141e-05  3.01427e-19  1.26446e-06  8.32855e-20  9.45202e-08  9.80172e-21  2.80432e-09
 6.98072e-18 -4.85279e-05  2.25976e-17   0.00130404  2.44028e-17   0.00109657  1.58963e-17  0.000552588   7.3964e-18  0.000200656  2.60719e-18  5.48569e-05  8.58223e-19  1.12575e-05  2.74225e-19  1.67039e-06  9.18818e-20   1.6409e-07  5.64255e-21  8.55178e-09  9.68992e-21
-0.000215382  8.78035e-18  0.000413963  1.75346e-17  0.000520782  1.42845e-17  0.000322263  7.55878e-18  0.000136938  2.96076e-18  4.32594e-05  9.14609e-19  1.03141e-05  2.74225e-19  1.81906e-06  7.50376e-20  2.23814e-07  1.64775e-20  1.67887e-08  2.53942e-21  4.99792e-10
-2.66818e-18  2.83792e-06  7.63833e-18    0.0001913  9.73624e-18  0.000160167  6.45104e-18  8.09668e-05  2.99048e-18   2.9525e-05  1.04204e-18  8.10633e-06  3.01427e-19  1.67039e-06  7.50376e-20  2.48824e-07  1.88959e-20  2.45341e-08  1.04725e-21  1.28318e-09  1.80831e-21
-2.40445e-05  2.74147e-18  5.04719e-05  6.49959e-18  6.30115e-05  5.51727e-18   3.9076e-05  3.03618e-18  1.66631e-05  1.21731e-18  5.28375e-06  3.70935e-19  1.26446e-06  9.18818e-20  2.23814e-07  1.88959e-20  2.76334e-08   2.9549e-21   2.0798e-09  4.77585e-22  6.21162e-11
 9.76418e-19  1.13399e-06  3.51936e-18  1.85795e-05  3.72759e-18  1.54985e-05  2.33554e-18  7.85876e-06  1.02356e-18  2.87731e-06  3.32002e-19  7.93211e-07  8.32855e-20   1.6409e-07  1.64775e-20  2.45341e-08   2.9549e-21  2.42763e-09  1.58157e-22  1.27401e-10   2.1904e-22
-1.63298e-06  5.64456e-19  3.75148e-06   1.1543e-18  4.65013e-06  8.40909e-19  2.88991e-06  3.80767e-19  1.23658e-06  1.21811e-19  3.93547e-07  2.89569e-20  9.45202e-08  5.64255e-21  1.67887e-08  1.04725e-21   2.0798e-09  1.58157e-22  1.57041e-10  4.24116e-23  4.70498e-12
-2.41915e-19  9.78824e-08    2.804e-20  9.57357e-07  1.21819e-19  7.96105e-07  1.01452e-19  4.04889e-07  6.04317e-20  1.48815e-07  2.78165e-20  4.11851e-08  9.80172e-21  8.55178e-09  2.53942e-21  1.28318e-09  4.77585e-22  1.27401e-10  4.24116e-23  6.70762e-12  1.51446e-23
-4.38946e-08  1.00395e-19  1.10652e-07  2.71391e-19  1.36242e-07    2.961e-19  8.48507e-08   2.0665e-19  3.64298e-08  1.01975e-19  1.16353e-08  3.67726e-20  2.80432e-09  9.68992e-21  4.99792e-10  1.80831e-21  6.21162e-11   2.1904e-22  4.70498e-12  1.51446e-23  1.41389e-13
