    0.181988 -3.21958e-17    0.0198159  3.42894e-18   -0.0603154 -1.95475e-17   -0.0212712  -8.2743e-18   0.00988724  6.95777e-18   0.00864836  4.56241e-18   0.00101881 -8.40758e-20   -0.0012541 -1.04713e-18 -0.000661469  -3.9322e-19 -0.000126719 -4.89473e-20 -6.87373e-06
-3.21958e-17     0.198106  1.26863e-17    0.0135286 -3.86164e-19    -0.041089 -2.43833e-17   -0.0181992 -6.81429e-18   0.00627625  8.10718e-18   0.00871035  6.18902e-18   0.00232221  3.77054e-19 -0.000834477 -1.12352e-18 -0.000699272 -4.58989e-19 -0.000157367 -5.19378e-20
   0.0198159  1.26863e-17    0.0442769  2.37431e-17    0.0100107 -6.73752e-18   -0.0271699  -2.6617e-17   -0.0179131 -6.90619e-18   0.00402628  9.24543e-18    0.0088419  7.68776e-18   0.00348854  1.42913e-18 -2.40008e-05 -5.94315e-19 -0.000369082 -2.13519e-19 -6.50819e-05
 3.42894e-18    0.0135286  2.37431e-17    0.0538131   3.2427e-17    0.0123205 -1.06308e-17   -0.0260899 -2.87974e-17   -0.0183768 -8.52677e-18   0.00221479  9.09146e-18   0.00843099  8.61132e-18   0.00445991  2.72484e-18  0.000940502  2.84412e-19   3.8981e-05  4.96844e-20
  -0.0603154 -3.86164e-19    0.0100107   3.2427e-17    0.0452238  3.34475e-17    0.0104316 -1.15181e-17   -0.0225794 -2.89033e-17   -0.0184311 -1.07747e-17 -9.99881e-05  7.28663e-18    0.0073731  8.56062e-18   0.00479798  3.39452e-18    0.0013875  7.45609e-19  0.000144508
-1.95475e-17    -0.041089 -6.73752e-18    0.0123205  3.34475e-17    0.0373121  3.28602e-17    0.0104238 -9.66795e-18   -0.0201755 -2.91935e-17   -0.0190414 -1.34958e-17  -0.00273632  4.15294e-18   0.00526222  6.73467e-18   0.00376506  2.53926e-18  0.000951755  4.43183e-19
  -0.0212712 -2.43833e-17   -0.0271699 -1.06308e-17    0.0104316  3.28602e-17    0.0344148  3.23919e-17    0.0109083 -8.01239e-18   -0.0183565 -2.91485e-17   -0.0197618 -1.66676e-17  -0.00608877 -6.08294e-19   0.00165167  2.52855e-18   0.00156899   6.9567e-19  0.000257692
 -8.2743e-18   -0.0181992  -2.6617e-17   -0.0260899 -1.15181e-17    0.0104238  3.23919e-17    0.0324324  3.19978e-17     0.011442 -6.23768e-18    -0.016528 -2.86844e-17   -0.0207505 -2.06263e-17   -0.0101294 -6.78995e-18  -0.00227939 -2.06786e-18 -0.000171343 -3.73201e-19
  0.00988724 -6.81429e-18   -0.0179131 -2.87974e-17   -0.0225794 -9.66795e-18    0.0109083  3.19978e-17     0.031202  3.30289e-17    0.0125218 -3.63374e-18   -0.0147402 -2.82729e-17    -0.021565 -2.41046e-17   -0.0127707 -1.12066e-17  -0.00393784 -3.58029e-18 -0.000458773
 6.95777e-18   0.00627625 -6.90619e-18   -0.0183768 -2.89033e-17   -0.0201755 -8.01239e-18     0.011442  3.30289e-17    0.0309505  3.51093e-17    0.0139493 -8.22402e-19   -0.0123462 -2.66338e-17   -0.0195718 -2.25505e-17   -0.0110231 -9.99815e-18  -0.00269122 -2.08641e-18
  0.00864836  8.10718e-18   0.00402628 -8.52677e-18   -0.0184311 -2.91935e-17   -0.0183565 -6.23768e-18    0.0125218  3.51093e-17    0.0313003  3.68349e-17    0.0162592  2.84675e-18  -0.00660606 -1.84475e-17   -0.0120941 -1.30487e-17  -0.00559182 -4.76713e-18 -0.000793103
 4.56241e-18   0.00871035  9.24543e-18   0.00221479 -1.07747e-17   -0.0190414 -2.91485e-17    -0.016528 -3.63374e-18    0.0139493  3.68349e-17    0.0326877  3.90031e-17    0.0220151  1.23083e-17   0.00442113 -9.47422e-19  -0.00182138 -1.17696e-18 -0.000895955  -1.1159e-18
  0.00101881  6.18902e-18    0.0088419  9.09146e-18 -9.99881e-05 -1.34958e-17   -0.0197618 -2.86844e-17   -0.0147402 -8.22402e-19    0.0162592  3.90031e-17    0.0375457  4.63004e-17    0.0324324   3.0086e-17    0.0160935  1.68244e-17   0.00464435  4.38181e-18  0.000546793
-8.40758e-20   0.00232221  7.68776e-18   0.00843099  7.28663e-18  -0.00273632 -1.66676e-17   -0.0207505 -2.82729e-17   -0.0123462  2.84675e-18    0.0220151  4.63004e-17    0.0467874  6.00659e-17    0.0415036  4.65355e-17    0.0202522  2.20288e-17   0.00478382  2.61566e-18
  -0.0012541  3.77054e-19   0.00348854  8.61132e-18    0.0073731  4.15294e-18  -0.00608877 -2.06263e-17    -0.021565 -2.66338e-17  -0.00660606  1.23083e-17    0.0324324  6.00659e-17    0.0539204  7.08421e-17    0.0402901  4.75896e-17    0.0152274  1.44513e-17   0.00205325
-1.04713e-18 -0.000834477  1.42913e-18   0.00445991  8.56062e-18   0.00526222 -6.08294e-19   -0.0101294 -2.41046e-17   -0.0195718 -1.84475e-17   0.00442113   3.0086e-17    0.0415036  7.08421e-17    0.0497927  6.64213e-17    0.0282211   3.2485e-17   0.00717905  4.61715e-18
-0.000661469 -1.12352e-18 -2.40008e-05  2.72484e-18   0.00479798  6.73467e-18   0.00165167 -6.78995e-18   -0.0127707 -2.25505e-17   -0.0120941 -9.47422e-19    0.0160935  4.65355e-17    0.0402901  6.64213e-17    0.0343296  4.61456e-17    0.0137912  1.41893e-17   0.00190951
 -3.9322e-19 -0.000699272 -5.94315e-19  0.000940502  3.39452e-18   0.00376506  2.52855e-18  -0.00227939 -1.12066e-17   -0.0110231 -1.30487e-17  -0.00182138  1.68244e-17    0.0202522  4.75896e-17    0.0282211  4.61456e-17     0.016949  2.22423e-17   0.00442603  3.26546e-18
-0.000126719 -4.58989e-19 -0.000369082  2.84412e-19    0.0013875  2.53926e-18   0.00156899 -2.06786e-18  -0.00393784 -9.99815e-18  -0.00559182 -1.17696e-18   0.00464435  2.20288e-17    0.0152274   3.2485e-17    0.0137912  2.22423e-17   0.00568661  6.71568e-18  0.000796282
-4.89473e-20 -0.000157367 -2.13519e-19   3.8981e-05  7.45609e-19  0.000951755   6.9567e-19 -0.000171343 -3.58029e-18  -0.00269122 -4.76713e-18 -0.000895955  4.38181e-18   0.00478382  1.44513e-17   0.00717905  1.41893e-17   0.00442603  6.71568e-18   0.00116938   9.8606e-19
-6.87373e-06 -5.19378e-20 -6.50819e-05  4.96844e-20  0.000144508  4.43183e-19  0.000257692 -3.73201e-19 -0.000458773 -2.08641e-18 -0.000793103  -1.1159e-18  0.000546793  2.61566e-18   0.00205325  4.61715e-18   0.00190951  3.26546e-18  0.000796282   9.8606e-19  0.000112064
