  2.0908e-06    4.756e-25 -2.53068e-05 -9.54877e-24  9.50648e-05  3.66457e-23 -0.000152485 -9.15682e-24  8.82252e-05 -1.26963e-22  1.22901e-05 -3.19158e-23 -1.47739e-05  2.92963e-22 -3.58931e-06  4.13177e-22  2.72362e-07 -3.11121e-22  1.42765e-07  -1.3902e-22  8.35484e-09
   4.756e-25  3.85845e-05  6.87603e-24 -0.000246869 -8.92839e-23  0.000633414  2.27236e-22 -0.000693341  1.51986e-22  0.000184414  -7.0897e-22  0.000124887 -1.28729e-21 -1.66745e-05  1.88897e-21 -1.44869e-05  2.44276e-21 -1.81372e-06 -3.08041e-22  2.62967e-08 -3.61005e-22
-2.53068e-05  6.87603e-24  0.000329464   5.4477e-23   -0.0013574 -5.03537e-22   0.00246361  7.83647e-22  -0.00175112  1.71559e-21 -5.94829e-05 -2.34778e-21  0.000342564 -8.64088e-21  5.56084e-05  4.57299e-21 -1.44468e-05   9.5992e-21 -4.09087e-06  7.31281e-22 -1.97477e-07
-9.54877e-24 -0.000246869   5.4477e-23   0.00173133  2.95391e-22  -0.00500144 -2.08641e-21   0.00647599  1.40854e-21  -0.00257331  9.86938e-21  -0.00110933 -5.10641e-21  0.000383356 -3.55977e-20  0.000186791  8.94913e-22  1.40119e-05  2.24278e-20 -1.81648e-06  2.75424e-21
 9.50648e-05 -8.92839e-23   -0.0013574  2.95391e-22   0.00628782  1.27246e-21   -0.0133316 -7.25717e-21    0.0120963 -6.77308e-22  -0.00135257  4.04369e-20  -0.00269633  -4.1405e-21 -0.000125791 -1.09823e-19  0.000208449 -2.79212e-20  3.99554e-05  2.91963e-20  1.37319e-06
 3.66457e-23  0.000633414 -5.03537e-22  -0.00500144  1.27246e-21    0.0168238  4.88812e-21   -0.0268714 -2.32319e-20    0.0160629 -1.33176e-20   0.00323962  1.34495e-19  -0.00337295  2.51451e-20  -0.00100079 -2.61183e-19   2.2656e-05 -9.88631e-20  2.56533e-05  1.75104e-20
-0.000152485  2.27236e-22   0.00246361 -2.08641e-21   -0.0133316  4.88812e-21    0.0345959  1.73428e-20   -0.0421888 -7.03357e-20    0.0138802 -4.59852e-20   0.00985544  3.93405e-19  -0.00171393  1.59434e-19  -0.00139766 -4.63646e-19 -0.000177662 -1.85931e-19 -9.74314e-07
-9.15682e-24 -0.000693341  7.83647e-22   0.00647599 -7.25717e-21   -0.0268714  1.73428e-20    0.0565322  5.30646e-20   -0.0527485  -2.0111e-19   0.00360509  -8.9773e-20     0.014473  1.03077e-18   0.00177288  5.48392e-19 -0.000803413 -5.89204e-19 -0.000168286 -1.94839e-19
 8.82252e-05  1.51986e-22  -0.00175112  1.40854e-21    0.0120963 -2.32319e-20   -0.0421888  5.30646e-20     0.075812  1.16695e-19   -0.0534077 -5.63331e-19   -0.0119411 -1.14747e-19    0.0133397  2.31206e-18   0.00454262  1.28364e-18  0.000165233 -5.22726e-19 -4.10488e-05
-1.26963e-22  0.000184414  1.71559e-21  -0.00257331 -6.77308e-22    0.0160629 -7.03357e-20   -0.0527485  1.16695e-19     0.086651  5.68971e-20   -0.0440243 -1.63932e-18   -0.0269082 -2.62689e-19   0.00617803  4.12523e-18   0.00441137  2.02618e-18   0.00053449 -3.21257e-19
 1.22901e-05  -7.0897e-22 -5.94829e-05  9.86938e-21  -0.00135257 -1.33176e-20    0.0138802  -2.0111e-19   -0.0534077  5.68971e-20    0.0886868 -9.74955e-19   -0.0282369  -4.8503e-18   -0.0357029 -1.36815e-18  -0.00311529   5.3851e-18   0.00194386  1.96849e-18  0.000262711
-3.19158e-23  0.000124887 -2.34778e-21  -0.00110933  4.04369e-20   0.00323962 -4.59852e-20   0.00360509 -5.63331e-19   -0.0440243 -9.74955e-19     0.086536 -5.66564e-18  -0.00938346 -1.31059e-17   -0.0348199 -5.02307e-18  -0.00892288  4.51857e-18   -0.0002321  9.08252e-19
-1.47739e-05 -1.28729e-21  0.000342564 -5.10641e-21  -0.00269633  1.34495e-19   0.00985544  -8.9773e-20   -0.0119411 -1.63932e-18   -0.0282369 -5.66564e-18    0.0858369 -1.92755e-17    0.0113554  -2.9263e-17   -0.0239736 -1.15794e-17  -0.00833735  1.61245e-18 -0.000604402
 2.92963e-22 -1.66745e-05 -8.64088e-21  0.000383356  -4.1405e-21  -0.00337295  3.93405e-19     0.014473 -1.14747e-19   -0.0269082  -4.8503e-18  -0.00938346 -1.92755e-17    0.0896046 -4.66127e-17    0.0323752 -5.07782e-17   -0.0078607 -1.73355e-17  -0.00387234 -6.78618e-19
-3.58931e-06  1.88897e-21  5.56084e-05 -3.55977e-20 -0.000125791  2.51451e-20  -0.00171393  1.03077e-18    0.0133397 -2.62689e-19   -0.0357029 -1.31059e-17    0.0113554 -4.66127e-17     0.095881 -8.32596e-17    0.0479102 -6.57011e-17   0.00477954 -1.65962e-17 -0.000473479
 4.13177e-22 -1.44869e-05  4.57299e-21  0.000186791 -1.09823e-19  -0.00100079  1.59434e-19   0.00177288  2.31206e-18   0.00617803 -1.36815e-18   -0.0348199  -2.9263e-17    0.0323752 -8.32596e-17    0.0970013 -1.09774e-16    0.0498855 -6.07113e-17   0.00796237 -9.00498e-18
 2.72362e-07  2.44276e-21 -1.44468e-05  8.94913e-22  0.000208449 -2.61183e-19  -0.00139766  5.48392e-19   0.00454262  4.12523e-18  -0.00311529 -5.02307e-18   -0.0239736 -5.07782e-17    0.0479102 -1.09774e-16    0.0841022 -1.04559e-16    0.0367117 -3.74167e-17   0.00425362
-3.11121e-22 -1.81372e-06   9.5992e-21  1.40119e-05 -2.79212e-20   2.2656e-05 -4.63646e-19 -0.000803413  1.28364e-18   0.00441137   5.3851e-18  -0.00892288 -1.15794e-17   -0.0078607 -6.57011e-17    0.0498855 -1.04559e-16    0.0569316 -6.88634e-17    0.0178444 -1.31397e-17
 1.42765e-07 -3.08041e-22 -4.09087e-06  2.24278e-20  3.99554e-05 -9.88631e-20 -0.000177662 -5.89204e-19  0.000165233  2.02618e-18   0.00194386  4.51857e-18  -0.00833735 -1.73355e-17   0.00477954 -6.07113e-17    0.0367117 -6.88634e-17    0.0273435 -2.88363e-17   0.00482351
 -1.3902e-22  2.62967e-08  7.31281e-22 -1.81648e-06  2.91963e-20  2.56533e-05 -1.85931e-19 -0.000168286 -5.22726e-19   0.00053449  1.96849e-18   -0.0002321  1.61245e-18  -0.00387234 -1.65962e-17   0.00796237 -3.74167e-17    0.0178444 -2.88363e-17    0.0081496 -6.31185e-18
 8.35484e-09 -3.61005e-22 -1.97477e-07  2.75424e-21  1.37319e-06  1.75104e-20 -9.74314e-07 -1.94839e-19 -4.10488e-05 -3.21257e-19  0.000262711  9.08252e-19 -0.000604402 -6.78618e-19 -0.000473479 -9.00498e-18   0.00425362 -1.31397e-17   0.00482351 -6.31185e-18   0.00112218
