   0.0674922 -2.22614e-11    0.0821182 -1.27207e-11    0.0210118  1.88407e-13   -0.0104887  2.76218e-12  -0.00817741  1.05471e-12  -0.00156039   2.1287e-14   0.00042818 -1.09373e-13  0.000310342 -4.10008e-14  7.65025e-05 -7.02094e-15  9.00591e-06 -5.30904e-16  3.62166e-07
-2.22614e-11     0.129667 -2.97762e-11    0.0860061 -1.01618e-11   0.00710786  2.97532e-12    -0.018158  3.85489e-12   -0.0106121  1.35121e-12  -0.00211338  7.07474e-14  0.000385707 -1.13028e-13  0.000333723 -4.47178e-14  8.30258e-05 -7.38586e-15   8.7356e-06 -4.15913e-16
   0.0821182 -2.97762e-11      0.12643  -2.4336e-11    0.0609344 -5.67817e-12  -0.00324791  4.09902e-12   -0.0200215  4.09859e-12    -0.011526  1.57549e-12  -0.00293888  2.25054e-13 -4.69312e-05  -4.8771e-14  0.000185401 -2.62325e-14  4.73087e-05 -3.76874e-15  3.41356e-06
-1.27207e-11    0.0860061  -2.4336e-11     0.093859 -1.73689e-11    0.0423271 -3.53654e-12  -0.00573151  4.02567e-12   -0.0192718  4.05096e-12   -0.0119915  1.78202e-12  -0.00385903  4.14214e-13 -0.000607507  3.64531e-14 -8.36684e-06 -3.59172e-15  8.81792e-06 -6.22437e-16
   0.0210118 -1.01618e-11    0.0609344 -1.73689e-11    0.0697172 -1.35055e-11    0.0344441 -3.05018e-12  -0.00451806  3.48321e-12    -0.017358  3.79326e-12   -0.0117436  1.84806e-12  -0.00433323   5.2449e-13 -0.000941876  8.54693e-14 -0.000110198  6.60288e-15 -4.62257e-06
 1.88407e-13   0.00710786 -5.67817e-12    0.0423271 -1.35055e-11    0.0579673 -1.18122e-11    0.0319534 -3.28627e-12  -0.00152054   2.6028e-12   -0.0140831  3.19985e-12    -0.010173  1.63464e-12  -0.00389692  4.76946e-13 -0.000857633  7.63966e-14 -9.24279e-05  4.56701e-15
  -0.0104887  2.97532e-12  -0.00324791 -3.53654e-12    0.0344441 -1.18122e-11    0.0526417 -1.11521e-11    0.0322663 -4.01325e-12   0.00322269  1.30097e-12  -0.00902471  2.18617e-12  -0.00706876  1.12651e-12  -0.00260668  3.01956e-13 -0.000495609  3.78433e-14 -3.38382e-05
 2.76218e-12    -0.018158  4.09902e-12  -0.00573151 -3.05018e-12    0.0319534 -1.11521e-11     0.050759 -1.11736e-11    0.0349058 -5.22455e-12   0.00975863 -3.95942e-13  -0.00254555  8.98241e-13  -0.00317687  5.07705e-13  -0.00111848  1.17361e-13 -0.000162592  8.99615e-15
 -0.00817741  3.85489e-12   -0.0200215  4.02567e-12  -0.00451806 -3.28627e-12    0.0322663 -1.11736e-11    0.0515812 -1.17743e-11    0.0394482 -6.75831e-12    0.0170354 -2.13998e-12    0.0036803 -2.55728e-13  3.68528e-05  4.56513e-14 -0.000140686  1.48251e-14 -1.61936e-05
 1.05471e-12   -0.0106121  4.09859e-12   -0.0192718  3.48321e-12  -0.00152054 -4.01325e-12    0.0349058 -1.17743e-11     0.054447 -1.26864e-11     0.044233 -8.08306e-12    0.0225213 -3.31173e-12   0.00741257  -8.6655e-13   0.00150888 -1.31754e-13  0.000158266 -7.86744e-15
 -0.00156039  1.35121e-12    -0.011526  4.05096e-12    -0.017358   2.6028e-12   0.00322269 -5.22455e-12    0.0394482 -1.26864e-11    0.0574371 -1.32625e-11    0.0461236 -8.43257e-12    0.0235042 -3.44395e-12   0.00760902 -8.62449e-13   0.00140941 -1.08517e-13  9.88238e-05
  2.1287e-14  -0.00211338  1.57549e-12   -0.0119915  3.79326e-12   -0.0140831  1.30097e-12   0.00975863 -6.75831e-12     0.044233 -1.32625e-11    0.0571894 -1.26619e-11    0.0422167 -7.36329e-12    0.0193975 -2.64722e-12    0.0053284 -5.31366e-13  0.000717949 -3.94336e-14
  0.00042818  7.07474e-14  -0.00293888  1.78202e-12   -0.0117436  3.19985e-12  -0.00902471 -3.95942e-13    0.0170354 -8.08306e-12    0.0461236 -1.26619e-11    0.0507557 -1.04798e-11    0.0324812 -5.22358e-12    0.0125192 -1.52262e-12   0.00264249  -2.1397e-13  0.000203025
-1.09373e-13  0.000385707  2.25054e-13  -0.00385903  1.84806e-12    -0.010173  2.18617e-12  -0.00254555 -2.13998e-12    0.0225213 -8.43257e-12    0.0422167 -1.04798e-11    0.0383465 -7.22863e-12     0.020336 -2.93435e-12   0.00619134  -6.4234e-13  0.000896852 -5.05999e-14
 0.000310342 -1.13028e-13 -4.69312e-05  4.14214e-13  -0.00433323  1.63464e-12  -0.00706876  8.98241e-13    0.0036803 -3.31173e-12    0.0235042 -7.36329e-12    0.0324812 -7.22863e-12    0.0238128 -4.02782e-12     0.010069 -1.26855e-12   0.00226724 -1.88112e-13  0.000182089
-4.10008e-14  0.000333723  -4.8771e-14 -0.000607507   5.2449e-13  -0.00389692  1.12651e-12  -0.00317687 -2.55728e-13   0.00741257 -3.44395e-12    0.0193975 -5.22358e-12     0.020336 -4.02782e-12    0.0117985 -1.76028e-12   0.00381868 -4.05429e-13  0.000576994 -3.30694e-14
 7.65025e-05 -4.47178e-14  0.000185401  3.64531e-14 -0.000941876  4.76946e-13  -0.00260668  5.07705e-13  3.68528e-05  -8.6655e-13   0.00760902 -2.64722e-12    0.0125192 -2.93435e-12     0.010069 -1.76028e-12   0.00452149 -5.82582e-13   0.00106082  -8.9384e-14  8.76303e-05
-7.02094e-15  8.30258e-05 -2.62325e-14 -8.36684e-06  8.54693e-14 -0.000857633  3.01956e-13  -0.00111848  4.56513e-14   0.00150888 -8.62449e-13    0.0053284 -1.52262e-12   0.00619134 -1.26855e-12   0.00381868 -5.82582e-13   0.00128735 -1.38781e-13  0.000200026 -1.15846e-14
 9.00591e-06 -7.38586e-15  4.73087e-05 -3.59172e-15 -0.000110198  7.63966e-14 -0.000495609  1.17361e-13 -0.000140686 -1.31754e-13   0.00140941 -5.31366e-13   0.00264249  -6.4234e-13   0.00226724 -4.05429e-13   0.00106082 -1.38781e-13  0.000255917 -2.17903e-14  2.15487e-05
-5.30904e-16   8.7356e-06 -3.76874e-15  8.81792e-06  6.60288e-15 -9.24279e-05  3.78433e-14 -0.000162592  1.48251e-14  0.000158266 -1.08517e-13  0.000717949  -2.1397e-13  0.000896852 -1.88112e-13  0.000576994  -8.9384e-14  0.000200026 -2.17903e-14  3.16808e-05 -1.84805e-15
 3.62166e-07 -4.15913e-16  3.41356e-06 -6.22437e-16 -4.62257e-06  4.56701e-15 -3.38382e-05  8.99615e-15 -1.61936e-05 -7.86744e-15  9.88238e-05 -3.94336e-14  0.000203025 -5.05999e-14  0.000182089 -3.30694e-14  8.76303e-05 -1.15846e-14  2.15487e-05 -1.84805e-15  1.83856e-06
