 0.000298184 -7.11586e-08   0.00187909 -2.45226e-07   0.00430363  -4.0487e-07   0.00532899 -3.82085e-07   0.00381804 -2.01523e-07   0.00135543 -3.49409e-08 -0.000106058   2.6322e-08 -0.000347586  2.06948e-08 -0.000159447   6.3185e-09  -3.2829e-05  8.28596e-10 -2.28521e-06
-7.11586e-08   0.00272821 -4.49355e-07   0.00942801 -1.03305e-06    0.0156482 -1.28894e-06    0.0149362 -9.40171e-07   0.00812515 -3.55402e-07   0.00170474   1.5547e-09 -0.000784191  7.10618e-08 -0.000702047  3.42315e-08 -0.000219572  7.13939e-09  -2.8988e-05  4.98378e-10
  0.00187909 -4.49355e-07    0.0118996 -1.55897e-06    0.0275078 -2.60779e-06    0.0347107  -2.5312e-06    0.0259878 -1.43848e-06    0.0106793 -3.73311e-07  0.000928559  7.19095e-08  -0.00138983  9.23524e-08 -0.000747542  3.03948e-08 -0.000160118  4.06893e-09 -1.12464e-05
-2.45226e-07   0.00942801 -1.55897e-06    0.0328909 -3.63226e-06    0.0556381 -4.65772e-06    0.0552948 -3.61464e-06    0.0332887 -1.64444e-06    0.0107153 -3.09839e-07  0.000279007  8.65095e-08  -0.00121033  6.70648e-08 -0.000457546  1.53624e-08 -6.33706e-05  1.09552e-09
  0.00430363 -1.03305e-06    0.0275078 -3.63226e-06    0.0648098 -6.24216e-06    0.0849925 -6.40684e-06    0.0691537 -4.14454e-06    0.0353141 -1.63647e-06    0.0103059 -3.17714e-07  0.000932421  1.57532e-08 -0.000389214  2.11946e-08 -0.000126726  3.41279e-09  -9.6256e-06
 -4.0487e-07    0.0156482 -2.60779e-06    0.0556381 -6.24216e-06    0.0977579 -8.44232e-06     0.104737 -7.29491e-06    0.0737924 -4.21561e-06    0.0350512 -1.64439e-06    0.0111912 -4.27661e-07   0.00235807 -7.26684e-08  0.000321872 -7.89388e-09  2.67097e-05 -4.25195e-10
  0.00532899 -1.28894e-06    0.0347107 -4.65772e-06    0.0849925 -8.44232e-06     0.119879 -9.56617e-06     0.111543 -7.42578e-06    0.0730943 -4.14433e-06    0.0349571 -1.70365e-06    0.0123382 -5.12573e-07   0.00311357 -1.05326e-07  0.000494981 -1.18094e-08  3.18522e-05
-3.82085e-07    0.0149362  -2.5312e-06    0.0552948 -6.40684e-06     0.104737 -9.56617e-06     0.127514 -9.72186e-06     0.109987 -7.19836e-06     0.070372 -3.98744e-06    0.0336448 -1.63124e-06    0.0116015 -4.63306e-07   0.00262227 -7.90126e-08  0.000307741 -5.20543e-09
  0.00381804 -9.40171e-07    0.0259878 -3.61464e-06    0.0691537 -7.29491e-06     0.111543 -9.72186e-06     0.125506 -9.36074e-06     0.104147 -6.70618e-06    0.0642283 -3.53445e-06    0.0285948 -1.30725e-06    0.0085833 -3.07921e-07   0.00150635  -3.6788e-08  0.000100135
-2.01523e-07   0.00812515 -1.43848e-06    0.0332887 -4.14454e-06    0.0737924 -7.42578e-06     0.109987 -9.36074e-06     0.118248 -8.60664e-06    0.0928494 -5.74417e-06    0.0522624 -2.69643e-06    0.0201437 -8.34847e-07   0.00485158 -1.48736e-07  0.000585003 -9.93283e-09
  0.00135543 -3.55402e-07    0.0106793 -1.64444e-06    0.0353141 -4.21561e-06    0.0730943 -7.19836e-06     0.104147 -8.60664e-06     0.104702  -7.2702e-06    0.0740797 -4.28339e-06    0.0360125  -1.6948e-06     0.011365 -4.13718e-07   0.00204305 -5.01596e-08  0.000136812
-3.49409e-08   0.00170474 -3.73311e-07    0.0107153 -1.63647e-06    0.0350512 -4.14433e-06     0.070372 -6.70618e-06    0.0928494  -7.2702e-06    0.0830565  -5.3709e-06    0.0505403 -2.67414e-06    0.0203495 -8.54545e-07   0.00501095 -1.54508e-07  0.000609677 -1.03652e-08
-0.000106058   1.5547e-09  0.000928559 -3.09839e-07    0.0103059 -1.64439e-06    0.0349571 -3.98744e-06    0.0642283 -5.74417e-06    0.0740797  -5.3709e-06    0.0565011 -3.34456e-06    0.0286052  -1.3629e-06   0.00921914 -3.37589e-07   0.00167341 -4.11729e-08  0.000112402
  2.6322e-08 -0.000784191  7.19095e-08  0.000279007 -3.17714e-07    0.0111912 -1.70365e-06    0.0336448 -3.53445e-06    0.0522624 -4.28339e-06    0.0505403 -3.34456e-06     0.031999 -1.71339e-06    0.0131496 -5.55488e-07    0.0032705 -1.01106e-07  0.000399559 -6.79757e-09
-0.000347586  7.10618e-08  -0.00138983  8.65095e-08  0.000932421 -4.27661e-07    0.0123382 -1.63124e-06    0.0285948 -2.69643e-06    0.0360125 -2.67414e-06    0.0286052 -1.71339e-06    0.0147777 -7.08287e-07   0.00481108 -1.76675e-07  0.000877403 -2.16119e-08  5.90331e-05
 2.06948e-08 -0.000702047  9.23524e-08  -0.00121033  1.57532e-08   0.00235807 -5.12573e-07    0.0116015 -1.30725e-06    0.0201437  -1.6948e-06    0.0203495  -1.3629e-06    0.0131496 -7.08287e-07   0.00545872 -2.31281e-07   0.00136448 -4.22399e-08  0.000167071 -2.84369e-09
-0.000159447  3.42315e-08 -0.000747542  6.70648e-08 -0.000389214 -7.26684e-08   0.00311357 -4.63306e-07    0.0085833 -8.34847e-07     0.011365 -8.54545e-07   0.00921914 -5.55488e-07   0.00481108 -2.31281e-07   0.00157432 -5.78993e-08  0.000287836 -7.09478e-09   1.9388e-05
  6.3185e-09 -0.000219572  3.03948e-08 -0.000457546  2.11946e-08  0.000321872 -1.05326e-07   0.00262227 -3.07921e-07   0.00485158 -4.13718e-07   0.00501095 -3.37589e-07    0.0032705 -1.76675e-07   0.00136448 -5.78993e-08  0.000341963 -1.05946e-08  4.19289e-05 -7.13961e-10
 -3.2829e-05  7.13939e-09 -0.000160118  1.53624e-08 -0.000126726 -7.89388e-09  0.000494981 -7.90126e-08   0.00150635 -1.48736e-07   0.00204305 -1.54508e-07   0.00167341 -1.01106e-07  0.000877403 -4.22399e-08  0.000287836 -1.05946e-08  5.27024e-05  -1.2997e-09  3.55314e-06
 8.28596e-10  -2.8988e-05  4.06893e-09 -6.33706e-05  3.41279e-09  2.67097e-05 -1.18094e-08  0.000307741  -3.6788e-08  0.000585003 -5.01596e-08  0.000609677 -4.11729e-08  0.000399559 -2.16119e-08  0.000167071 -7.09478e-09  4.19289e-05  -1.2997e-09  5.14599e-06  -8.7661e-11
-2.28521e-06  4.98378e-10 -1.12464e-05  1.09552e-09  -9.6256e-06 -4.25195e-10  3.18522e-05 -5.20543e-09  0.000100135 -9.93283e-09  0.000136812 -1.03652e-08  0.000112402 -6.79757e-09  5.90331e-05 -2.84369e-09   1.9388e-05 -7.13961e-10  3.55314e-06  -8.7661e-11  2.39748e-07
