  2.8619e-35  5.04298e-52 -3.36507e-35  -1.0639e-50   1.6597e-35  1.51584e-50 -2.33072e-35 -3.31391e-50 -3.40131e-36   1.1468e-48  1.14829e-35 -4.23933e-49  4.17857e-36 -2.48673e-47 -4.48833e-36  1.29322e-46 -5.12332e-37  -4.1611e-46 -3.86217e-37  1.55708e-45  3.04758e-37 -2.10427e-45  3.28188e-37  4.39415e-45  4.32019e-38 -1.22874e-44  -1.3027e-37 -6.90269e-44 -4.29755e-39  1.29838e-43 -8.53457e-39 -3.99205e-44  2.85153e-38 -1.37059e-43 -1.55257e-38  3.35449e-43 -3.21716e-39  1.71791e-43  1.14136e-40  1.00813e-43  2.63203e-39 -2.80179e-43 -6.91309e-40  1.06039e-42  8.12292e-41   3.7285e-44 -5.59056e-40 -4.81713e-43  4.36822e-40  3.43584e-45 -6.82782e-40  3.60952e-43  2.08805e-39 -2.95669e-44 -6.47667e-39 -4.71308e-44   1.8524e-38  1.00881e-43 -4.85586e-38  1.38708e-45  1.16455e-37 -1.82947e-43 -2.54829e-37  5.36821e-43  5.06899e-37 -1.40407e-42 -9.12386e-37  3.36745e-42  1.47742e-36 -7.48032e-42 -2.13635e-36  1.54843e-41  2.73176e-36 -2.99205e-41 -3.04778e-36   5.3921e-41  2.90916e-36 -9.05191e-41 -2.30136e-36  1.41337e-40  1.41952e-36 -2.04901e-40 -5.79692e-37  2.75251e-40  3.53656e-38  -3.4183e-40  1.60151e-37  3.91417e-40 -1.34528e-37 -4.12003e-40  5.63771e-38  3.97256e-40 -1.52695e-38 -3.49446e-40  1.12994e-38  2.79097e-40 -1.52835e-38 -2.01249e-40  1.34685e-38  1.30121e-40 -8.36695e-39 -7.48102e-41  4.29947e-39  3.78436e-41 -2.03754e-39 -1.66147e-41  8.77808e-40  6.21403e-42 -3.17067e-40 -1.92692e-42  9.15562e-41  4.74043e-43 -2.09821e-41 -8.47333e-44  3.71683e-42  8.33836e-45 -4.51433e-43  4.82206e-46  2.56242e-44 -3.29222e-46  1.33556e-45  5.45462e-47 -3.08293e-46 -4.27025e-48  1.50806e-47   1.1516e-49
 5.04298e-52  8.86323e-35  6.46399e-51 -8.31128e-35 -1.44444e-49  4.29285e-35  4.12916e-49 -4.56133e-35 -1.46721e-48 -9.44163e-37  2.11137e-47   1.6202e-35  -6.8058e-48  1.03379e-35   -3.332e-46 -8.26224e-36  1.63613e-45 -1.32257e-36 -5.34091e-45 -9.83635e-37   1.6784e-44  7.98094e-37 -2.10512e-44  4.45542e-37  4.01296e-44  2.11474e-37 -9.54905e-44 -2.81729e-37 -5.71212e-43 -1.15645e-38  1.08386e-42  -2.3405e-38 -3.64118e-43  8.76204e-38 -8.32641e-43 -4.67689e-38   2.0209e-42 -1.14956e-38   8.9694e-43 -6.03781e-40  8.63067e-43  9.96167e-39 -1.91144e-42 -2.94697e-39  6.50881e-42  9.58719e-40  7.07309e-44 -3.60445e-39 -2.43296e-42   6.9268e-39 -5.42498e-44 -2.11799e-38  1.74212e-42  6.79669e-38 -5.42058e-44 -2.02513e-37 -2.45692e-43  5.54211e-37  1.73225e-43 -1.38958e-36  9.50462e-43  3.18378e-36 -3.52241e-42 -6.64378e-36  9.42005e-42  1.25747e-35 -2.32397e-41 -2.14754e-35  5.33546e-41  3.28766e-35 -1.14263e-40 -4.47332e-35  2.28449e-40  5.34808e-35 -4.26271e-40 -5.52791e-35  7.41475e-40  4.81895e-35 -1.20069e-39  -3.3933e-35  1.80717e-39  1.75558e-35 -2.52349e-39 -4.67944e-36  3.26233e-39  -1.7865e-36  -3.8953e-39  2.80737e-36  4.28404e-39 -1.47783e-36 -4.32618e-39  3.06484e-37  3.99693e-39  1.01278e-38 -3.36431e-39  9.05177e-38  2.56732e-39 -1.59733e-37 -1.76581e-39    1.229e-37  1.08702e-39 -6.55318e-38 -5.93762e-40  3.11785e-38   2.8468e-40 -1.45855e-38 -1.18131e-40  6.04625e-39  4.16273e-41 -1.99975e-39 -1.21215e-41  5.21402e-40  2.79355e-42 -1.09347e-40  -4.6972e-43  1.75103e-41  4.59659e-44 -1.78261e-42  7.09155e-46  6.47087e-44 -9.77544e-46  6.71628e-45  1.35949e-46 -8.28608e-46 -7.36677e-48  2.09616e-47
-3.36507e-35  6.46399e-51  1.73615e-34  5.27779e-50 -1.43646e-34 -1.63922e-48  5.74239e-35  5.12218e-48 -5.53464e-35 -2.59545e-47 -1.87835e-36  2.39683e-46  2.20351e-35  -5.4561e-47  1.34648e-35 -2.94916e-45 -9.36561e-36  1.37701e-44 -2.65494e-36  -4.5522e-44 -1.63334e-36  1.24536e-43  1.07073e-36 -1.47359e-43  5.14346e-37  2.38868e-43  4.60796e-37 -4.69689e-43 -4.20012e-37 -3.27056e-42 -6.07278e-38  6.13157e-42 -1.58503e-38 -2.16576e-42  1.87395e-37 -3.35471e-42 -9.50696e-38  8.48759e-42 -2.67152e-38  2.87487e-42 -5.19414e-39  4.70554e-42  2.69102e-38  -8.6807e-42  -1.0299e-38  2.69846e-41  1.22473e-38  5.71772e-44 -4.56305e-38  -8.6461e-42  1.48213e-37 -4.38505e-43 -4.91833e-37   5.8025e-42  1.52666e-36  -1.9614e-43 -4.36003e-36  2.29884e-43  1.14221e-35 -3.62875e-42 -2.73814e-35   1.5146e-41   5.9885e-35 -4.36722e-41 -1.19046e-34  1.11067e-40  2.14103e-34 -2.63204e-40 -3.46338e-34  5.82613e-40  5.00133e-34  -1.2047e-39 -6.38383e-34  2.32581e-39  7.10519e-34 -4.18861e-39 -6.75921e-34   7.0278e-39  5.32068e-34 -1.09696e-38 -3.25615e-34  1.59019e-38  1.30972e-34 -2.13681e-38 -6.88718e-36  2.65579e-38 -3.54915e-35 -3.04546e-38  2.72674e-35  3.21304e-38 -8.28658e-36 -3.10867e-38 -9.27238e-37  2.74798e-38  1.01177e-36 -2.20979e-38   8.1082e-37  1.60839e-38 -1.20961e-36 -1.05322e-38  7.31009e-37  6.16006e-39 -3.28073e-37 -3.18937e-39  1.53402e-37   1.4454e-39 -7.31291e-38 -5.65041e-40  2.83824e-38  1.86807e-40 -8.36257e-39 -5.07775e-41  1.97767e-39  1.08599e-41 -3.85517e-40 -1.68695e-42  5.47132e-41  1.55037e-43 -4.38233e-42 -2.24098e-46  6.94376e-44 -1.91424e-45  1.80254e-44  2.07261e-46 -1.29479e-45 -6.19626e-48
 -1.0639e-50 -8.31128e-35  5.27779e-50  2.74345e-34  4.84782e-49 -1.88756e-34 -1.50962e-47  4.49765e-35  4.72717e-47 -4.90626e-35 -3.01601e-46 -9.94443e-36  2.00001e-45  3.27549e-35 -2.75187e-46  1.01046e-35 -2.01274e-44 -6.66776e-36   8.9526e-44 -4.56488e-36 -2.97713e-43 -1.74325e-36   7.3119e-43  2.71849e-37 -8.28588e-43  8.36087e-37  1.07555e-42  6.60454e-37 -1.63591e-42 -3.92178e-37 -1.49138e-41 -3.01148e-37  2.71993e-41  9.28487e-38 -9.92999e-42  3.13895e-37 -1.01056e-41 -1.51604e-37  2.86091e-41 -4.35646e-38   5.9272e-42 -2.36559e-38  1.93442e-41  7.02565e-38 -3.03651e-41 -6.99699e-38  8.74731e-41    2.179e-37  5.32353e-43 -8.18824e-37 -2.49241e-41  2.83574e-36 -2.11208e-42 -9.16625e-36  1.62145e-41  2.73063e-35 -4.11211e-42 -7.47018e-35   1.4648e-41  1.87238e-34 -5.32107e-41 -4.28823e-34  1.60086e-40   8.9439e-34 -4.24635e-40  -1.6917e-33  1.03908e-39  2.88664e-33 -2.37595e-39 -4.41415e-33  5.07814e-39  5.99704e-33 -1.01386e-38  -7.1551e-33  1.88919e-38  7.37443e-33 -3.28175e-38 -6.40142e-33  5.30743e-38  4.47701e-33 -7.97884e-38 -2.28637e-33  1.11302e-37  5.83507e-34 -1.43782e-37  2.51232e-34  1.71616e-37 -3.61005e-34 -1.88772e-37  1.69186e-34  1.90798e-37 -1.11501e-35 -1.76608e-37 -2.61631e-35  1.49134e-37  6.74972e-36 -1.14377e-37  7.57346e-36  7.92556e-38 -7.01716e-36  -4.9312e-38  3.06071e-36   2.7343e-38 -1.19497e-36 -1.33868e-38  6.19672e-37  5.71916e-39 -2.98172e-37 -2.09956e-39  1.02465e-37  6.48618e-40  -2.6439e-38 -1.63653e-40  5.85784e-39  3.21966e-41 -1.06942e-39  -4.5461e-42  1.27596e-40  3.75929e-43 -7.42296e-42 -2.19654e-45 -1.73017e-44 -2.85847e-45  3.10463e-44   2.1221e-46 -1.18987e-45
  1.6597e-35 -1.44444e-49 -1.43646e-34  4.84782e-49  3.57359e-34  4.66805e-48 -1.93236e-34 -1.14008e-46   1.1777e-35   3.6646e-46 -3.55346e-35 -2.63949e-45 -2.22631e-35  1.32771e-44  4.84444e-35 -9.12879e-46 -1.76445e-37 -1.13148e-43  2.42867e-37  4.78617e-43 -7.21955e-36 -1.58995e-42 -5.22354e-37  3.59413e-42 -2.47114e-36 -3.95445e-42  1.71176e-36  3.88608e-42  6.57079e-37 -3.86542e-42  1.02122e-37 -5.72905e-41 -1.03258e-36  1.00528e-40  4.18887e-37 -3.77646e-41  4.34417e-37 -2.28409e-41 -2.07308e-37  8.15866e-41 -3.62337e-38  5.13098e-42 -1.12576e-37  6.43798e-41  3.38545e-37 -8.66379e-41 -9.88407e-37  2.35411e-40  3.77722e-36  5.02646e-42 -1.37988e-35 -6.12102e-41  4.64941e-35 -9.70815e-42 -1.44425e-34  4.80514e-41  4.12387e-34 -5.08504e-41 -1.08008e-33   1.6567e-40  2.58839e-33 -5.01726e-40  -5.6587e-33  1.37678e-39   1.1243e-32 -3.48703e-39 -2.02064e-32  8.23606e-39  3.26561e-32 -1.81879e-38 -4.70989e-32  3.75354e-38  6.00166e-32 -7.23304e-38 -6.66399e-32  1.30007e-37  6.31751e-32 -2.17691e-37 -4.94595e-32  3.39092e-37  2.99742e-32 -4.90554e-37  -1.1769e-32  6.57869e-37  3.32184e-34 -8.16137e-37  3.39707e-33  9.34382e-37 -2.45029e-33 -9.84594e-37   6.0858e-34  9.52004e-37  2.37643e-34 -8.41715e-37 -2.05857e-34  6.77815e-37  3.81173e-36 -4.94861e-37   5.5662e-35  3.25797e-37 -2.99207e-35 -1.92187e-37  8.52369e-36  1.00796e-37 -3.52747e-36 -4.65487e-38  2.30734e-36  1.86962e-38   -1.022e-36 -6.42531e-39  2.90898e-37  1.84755e-39 -6.73677e-38 -4.30342e-40  1.48082e-38  7.72083e-41 -2.43772e-39 -9.75167e-42  2.24288e-40  6.97037e-43 -9.06316e-42 -2.27787e-45 -1.41728e-43 -3.41036e-45  3.75717e-44  1.35623e-46
 1.51584e-50  4.29285e-35 -1.63922e-48 -1.88756e-34  4.66805e-48  3.88214e-34  3.94054e-47 -1.60733e-34 -7.26336e-46 -2.21361e-35  2.47393e-45 -2.51205e-35 -1.86008e-44 -3.31709e-35  7.32995e-44  6.58694e-35 -2.01258e-45 -1.54529e-35 -5.43943e-43  1.13842e-35  2.17849e-42 -1.07311e-35 -7.18824e-42  2.80367e-36  1.52564e-41 -7.65397e-36 -1.65042e-41  3.21043e-36  1.15682e-41  3.90287e-37 -3.50819e-42  1.48816e-36 -1.91079e-40 -2.65799e-36  3.20297e-40  1.05691e-36 -1.24276e-40  5.23775e-37 -3.33573e-41 -2.89203e-37  2.01317e-40  1.72345e-37 -1.61028e-41 -9.89089e-37  1.80197e-40  3.92688e-36 -2.07083e-40 -1.54128e-35  5.43355e-40  5.85201e-35  2.50586e-41 -2.05748e-34 -1.26773e-40  6.66319e-34 -5.49124e-41 -1.98499e-33  2.05183e-40  5.42945e-33 -4.58945e-40 -1.36057e-32  1.39321e-39  3.11512e-32 -3.93118e-39  -6.4945e-32  1.02863e-38  1.22773e-31 -2.51041e-38  -2.0934e-31  5.72701e-38  3.19796e-31 -1.22132e-37 -4.33877e-31   2.4329e-37  5.16665e-31 -4.52256e-37 -5.31019e-31  7.83626e-37  4.58986e-31 -1.26391e-36 -3.18686e-31  1.89471e-36  1.60303e-31 -2.63532e-36 -3.84598e-32  3.39418e-36 -1.99436e-32 -4.03912e-36  2.61786e-32  4.43006e-36 -1.14466e-32 -4.46564e-36 -6.40368e-35  4.12414e-36  2.51485e-33 -3.47696e-36 -8.91725e-34  2.66502e-36  -2.5841e-34 -1.84835e-36  2.93291e-34   1.1536e-36 -8.21372e-35 -6.43655e-37   1.1534e-35  3.18499e-37 -1.08313e-35 -1.38377e-37  8.15363e-36  5.21056e-38  -2.8548e-36 -1.67112e-38  6.45492e-37  4.45536e-39 -1.50321e-37 -9.52858e-40  3.35405e-38  1.54527e-40 -4.45927e-39 -1.71643e-41  2.90287e-40  1.01453e-42 -9.80291e-42  3.45427e-45 -2.09408e-43 -3.19228e-45   3.0665e-44
-2.33072e-35  4.12916e-49  5.74239e-35 -1.50962e-47 -1.93236e-34  3.94054e-47  3.68408e-34  2.79447e-46 -1.17767e-34 -3.99509e-45 -4.23202e-35  1.47112e-44 -2.20305e-35 -1.09892e-43 -3.83445e-35  3.46035e-43  8.05151e-35 -5.77337e-45 -3.26725e-35 -2.29242e-42  2.60132e-35  8.63353e-42 -1.49953e-35 -2.81747e-41  8.83627e-36  5.70486e-41 -1.51945e-35   -6.138e-41  5.05019e-36  2.84808e-41  -8.5951e-39  2.08836e-41  4.20451e-36 -5.63992e-40 -5.52519e-36  8.99713e-40  1.96795e-36 -3.63915e-40  6.71462e-37  4.20509e-42 -8.68857e-37  4.32166e-40  2.90899e-36 -9.01156e-41 -1.32586e-35  4.33695e-40  5.60467e-35 -4.18566e-40 -2.21392e-34  1.09878e-39  8.10763e-34   7.8842e-41 -2.73705e-33 -1.80089e-40  8.50391e-33 -3.69937e-40 -2.42801e-32  1.23639e-39  6.35824e-32  -3.4918e-39 -1.52342e-31  1.01023e-38   3.3295e-31 -2.72803e-38 -6.61249e-31  6.87668e-38  1.18775e-30 -1.62051e-37 -1.91804e-30  3.57039e-37  2.76331e-30 -7.35029e-37 -3.51579e-30  1.41264e-36  3.89514e-30 -2.53178e-36  -3.6803e-30  4.22616e-36  2.86569e-30 -6.56095e-36 -1.71909e-30  9.45756e-36  6.56705e-31 -1.26352e-35   1.5698e-33  1.56126e-35 -2.06587e-31 -1.78009e-35  1.41888e-31  1.86787e-35 -3.09638e-32 -1.79851e-35  -1.7658e-32   1.5838e-35  1.41177e-32 -1.27085e-35 -1.41697e-33  9.25218e-36 -2.33272e-33 -6.08196e-36  1.03647e-33   3.5895e-36 -5.73897e-35  -1.8893e-36 -1.11133e-35  8.79602e-37 -4.32538e-35 -3.58504e-37  2.53364e-35  1.26187e-37 -5.99068e-36 -3.76497e-38  1.14787e-36  9.27193e-39  -3.2926e-37 -1.81094e-39  6.63449e-38  2.63026e-40 -6.03674e-39 -2.52134e-41  2.92868e-40  1.16643e-42 -1.34931e-41   1.4172e-44 -3.11311e-43 -2.05543e-45
-3.31391e-50 -4.56133e-35  5.12218e-48  4.49765e-35 -1.14008e-46 -1.60733e-34  2.79447e-46  3.29326e-34   1.6811e-45 -8.83077e-35 -1.92651e-44  -4.7614e-35  7.75107e-44 -2.52997e-35 -5.59183e-43  -3.6584e-35  1.42332e-42  8.85986e-35 -5.48076e-44  -4.8639e-35 -8.62758e-42  4.23764e-35  3.02712e-41 -1.96762e-35 -9.73781e-41  1.77731e-35  1.90557e-40 -2.44133e-35 -2.06026e-40  6.61157e-36  5.63303e-41 -1.83301e-37  1.47725e-40  8.51538e-36  -1.4934e-39 -9.65837e-36  2.26544e-39  2.67183e-36 -9.67361e-40  2.24738e-36  2.35641e-40 -8.79547e-36  7.98687e-40  4.11081e-35 -2.47732e-40 -1.83255e-34  9.09337e-40  7.56668e-34 -7.12816e-40 -2.88627e-33  1.99216e-39   1.0153e-32  1.07765e-40  -3.2889e-32  2.27851e-40  9.79784e-32 -2.55656e-39 -2.67977e-31  8.13762e-39  6.71441e-31 -2.37231e-38 -1.53701e-30  6.60366e-38  3.20347e-30 -1.71897e-37 -6.05335e-30  4.18396e-37  1.03154e-29 -9.52266e-37 -1.57448e-29  2.02566e-36  2.13358e-29 -4.02399e-36 -2.53626e-29  7.45751e-36  2.59995e-29 -1.28786e-35 -2.23806e-29  2.06963e-35  1.54282e-29 -3.09029e-35 -7.63925e-30  4.27986e-35  1.70536e-30 -5.48695e-35  1.07772e-30  6.49748e-35 -1.30658e-30  -7.0892e-35  5.42979e-31  7.10699e-35  2.65925e-32 -6.52623e-35 -1.36407e-31  5.47039e-35  4.86722e-32 -4.16925e-35  9.86066e-33  2.87651e-35 -1.15858e-32 -1.78759e-35  1.81137e-33  9.94851e-36  6.75049e-34 -4.92468e-36 -1.78335e-35  2.15043e-36 -1.80743e-34  -8.1962e-37  6.03056e-35  2.68836e-37 -7.92679e-36 -7.43852e-38  2.01599e-36  1.68592e-38 -7.29665e-37 -2.99103e-39  1.02303e-37  3.85272e-40 -5.28353e-39 -3.11879e-41  3.50513e-40  1.04856e-42 -1.75109e-41  2.16376e-44 -4.14151e-43
-3.40131e-36 -1.46721e-48 -5.53464e-35  4.72717e-47   1.1777e-35 -7.26336e-46 -1.17767e-34   1.6811e-45  3.02177e-34  8.72119e-45 -8.05845e-35 -8.21953e-44 -4.35594e-35  3.63891e-43  -3.2435e-35 -2.49876e-42 -2.91708e-35   5.1686e-42  8.80289e-35 -4.92422e-43 -6.06164e-35 -2.94343e-41  5.80631e-35   9.5073e-41 -2.42055e-35 -3.00535e-40  2.90528e-35   5.7448e-40 -3.40899e-35 -6.29768e-40  7.00533e-36  7.84276e-41  4.34276e-37  6.03755e-40  1.42254e-35 -3.58608e-39  -1.4026e-35  5.18327e-39 -7.74694e-37 -2.36893e-39  2.39929e-35  1.01945e-39 -1.17634e-34  1.22338e-39   5.4786e-34 -4.47711e-40 -2.35936e-33  1.67614e-39  9.37723e-33 -1.02257e-39 -3.43657e-32  3.43977e-39  1.16031e-31 -6.80682e-40 -3.60525e-31  4.23928e-39  1.02936e-30 -1.68244e-38 -2.69546e-30  5.16251e-38  6.45759e-30 -1.47565e-37 -1.41108e-29  3.96497e-37  2.80164e-29 -9.96719e-37 -5.03018e-29   2.3433e-36  8.11789e-29 -5.14997e-36 -1.16847e-28  1.05728e-35  1.48465e-28 -2.02573e-35 -1.64154e-28  3.61826e-35  1.54616e-28 -6.01719e-35 -1.19767e-28  9.30316e-35  7.11217e-29 -1.33504e-34 -2.63955e-29  1.77489e-34 -9.55021e-31 -2.18149e-34  9.08281e-30  2.47298e-34 -5.98117e-30 -2.57884e-34   1.1747e-30  2.46654e-34  8.40497e-31 -2.15664e-34 -6.26852e-31  1.71749e-34   6.4432e-32 -1.24064e-34  9.26576e-32  8.09153e-35 -3.50312e-32 -4.74022e-35 -3.94764e-33  2.47966e-35  3.49334e-33 -1.15038e-35  6.20177e-34  4.69427e-36 -5.91568e-34 -1.66714e-36   8.3794e-35  5.07858e-37 -3.25028e-36 -1.29904e-37  4.98057e-36  2.70015e-38  -1.4167e-36 -4.32788e-39  9.63583e-38  4.89089e-40 -3.06396e-39 -3.25791e-41  6.06797e-40  7.14796e-43 -1.01092e-41  1.73925e-44
  1.1468e-48 -9.44163e-37 -2.59545e-47 -4.90626e-35   3.6646e-46 -2.21361e-35 -3.99509e-45 -8.83077e-35  8.72119e-45  3.00563e-34    3.953e-44 -9.08504e-35 -3.11685e-43 -3.45219e-35  1.53174e-42 -4.10876e-35 -9.95025e-42 -1.80408e-35  1.67257e-41  7.83737e-35 -3.18715e-42 -6.66395e-35  -9.2213e-41  7.07319e-35  2.70253e-40 -2.77128e-35 -8.36156e-40  4.10593e-35  1.57552e-39 -4.25433e-35 -1.76416e-39   5.0854e-36  1.67677e-41  2.75841e-36  1.94869e-39  1.93661e-35 -7.88394e-39 -9.31409e-36  1.09083e-38 -5.59379e-35 -5.40287e-39  3.10996e-34  3.09165e-39 -1.50814e-33  1.37137e-39  6.76875e-33 -4.29015e-40 -2.80223e-32  2.77426e-39  1.06979e-31 -1.44595e-39 -3.76391e-31  6.90511e-39  1.21937e-30 -7.97231e-39  -3.6328e-30  3.13028e-38  9.93614e-30 -1.03608e-37 -2.48954e-29  3.07109e-37  5.69839e-29 -8.51078e-37 -1.18748e-28  2.20932e-36  2.24325e-28 -5.36508e-36 -3.82097e-28  1.21814e-35  5.82818e-28 -2.58426e-35 -7.88973e-28  5.11823e-35  9.36447e-28 -9.45374e-35 -9.57695e-28  1.62655e-34  8.21226e-28 -2.60326e-34 -5.62197e-28  3.86966e-34  2.74002e-28 -5.33288e-34 -5.64412e-29  6.80018e-34 -4.34387e-29 -8.00522e-34  4.91781e-29  8.67816e-34 -1.95435e-29 -8.63891e-34 -1.65041e-30  7.87215e-34  5.33048e-30 -6.54327e-34 -1.81649e-30  4.94136e-34 -3.87134e-31 -3.37547e-34  4.12435e-31  2.07555e-34 -3.92401e-32 -1.14258e-34 -4.11083e-32  5.59741e-35  6.79258e-33 -2.42372e-35  4.33777e-33  9.20236e-36  -1.2442e-33 -3.03244e-36 -3.35989e-35  8.54756e-37 -1.06359e-37 -2.01481e-37  1.40354e-35  3.82803e-38 -1.87154e-36 -5.51244e-39  6.23727e-39  5.39731e-40 -5.76329e-39 -2.86282e-41  7.92476e-40  3.45606e-43  3.89165e-42
 1.14829e-35  2.11137e-47 -1.87835e-36 -3.01601e-46 -3.55346e-35  2.47393e-45 -4.23202e-35 -1.92651e-44 -8.05845e-35    3.953e-44  3.22171e-34  1.57833e-43 -1.12116e-34 -1.05108e-42 -2.17353e-35  5.81898e-42 -4.92507e-35 -3.57162e-41 -4.26903e-36  4.85416e-41  6.01709e-35 -1.60355e-41 -6.55348e-35 -2.68282e-40  7.86939e-35  7.01786e-40 -2.89461e-35 -2.11198e-39  5.11569e-35  3.95464e-39 -4.77369e-35 -4.54835e-39 -9.12065e-37 -3.68225e-40  1.04803e-35  5.41003e-39  4.35124e-36 -1.60172e-38  1.15102e-34  2.13664e-38 -7.57879e-34 -1.15657e-38  3.84606e-33  7.74675e-39 -1.79748e-32  4.45245e-40  7.75053e-32  4.36436e-40 -3.08186e-31  4.58975e-39  1.12969e-30 -4.14411e-39 -3.81479e-30  2.21915e-38  1.18544e-29 -5.64314e-38 -3.38492e-29  1.93059e-37  8.86418e-29 -5.97308e-37 -2.12364e-28  1.71112e-36  4.64018e-28 -4.58623e-36 -9.21155e-28  1.15032e-35  1.65342e-27 -2.69816e-35 -2.66711e-27  5.91467e-35  3.83614e-27 -1.21078e-34 -4.86866e-27  2.31236e-34  5.37361e-27 -4.11545e-34 -5.04699e-27  6.81691e-34  3.89023e-27 -1.04936e-33 -2.28741e-27  1.49864e-33  8.24094e-28 -1.98192e-33  5.95324e-29  2.42192e-33 -3.09728e-28 -2.72822e-33  1.96335e-28  2.82534e-33 -3.47519e-29 -2.68174e-33 -3.01393e-29  2.32508e-33  2.10725e-29 -1.83428e-33 -1.83629e-30   1.3111e-33 -3.17196e-30 -8.45008e-34  1.07668e-30  4.88474e-34  2.12733e-31 -2.51806e-34 -1.47989e-31  1.15035e-34 -1.05908e-32 -4.62627e-35  1.50624e-32  1.62568e-35 -7.79041e-34 -4.94534e-36 -4.49671e-34  1.28437e-36 -6.04081e-35 -2.78123e-37  2.94143e-35  4.81534e-38 -6.96766e-37 -6.19164e-39 -8.42473e-38   5.1686e-40  -1.6466e-38  -2.0837e-41  4.41083e-40  1.00289e-43
-4.23933e-49   1.6202e-35  2.39683e-46 -9.94443e-36 -2.63949e-45 -2.51205e-35  1.47112e-44  -4.7614e-35 -8.21953e-44 -9.08504e-35  1.57833e-43  3.58366e-34  5.56622e-43 -1.39517e-34 -3.14072e-42 -5.20631e-36  2.00805e-41 -5.54657e-35 -1.16639e-40  1.25117e-35  1.26824e-40   3.3865e-35 -6.65899e-41 -5.66834e-35 -7.31736e-40  8.10072e-35  1.67952e-39 -2.62482e-35 -4.86576e-39  5.61182e-35  9.12672e-39 -4.68861e-35 -1.08204e-38 -1.82279e-35 -1.69354e-39  6.27262e-35  1.34446e-38 -2.68663e-34 -3.03702e-38  1.70291e-33  3.94159e-38 -9.12154e-33 -2.33545e-38  4.44037e-32  1.69226e-38 -1.99391e-31 -2.87737e-39  8.25737e-31  2.69085e-39 -3.15304e-30  1.08061e-38  1.10955e-29 -2.48723e-38 -3.59513e-29  1.07636e-37  1.07123e-28 -3.40477e-37 -2.93031e-28  1.09092e-36  7.34267e-28  -3.2363e-36 -1.68076e-27  8.96097e-36  3.50239e-27 -2.32142e-35 -6.61546e-27  5.62497e-35  1.12651e-26 -1.27405e-34 -1.71744e-26  2.69551e-34  2.32306e-26 -5.32221e-34  -2.7537e-26  9.79693e-34  2.81028e-26 -1.67921e-33  -2.4013e-26  2.67627e-33  1.63305e-26 -3.95983e-33 -7.83531e-27  5.42957e-33  1.47661e-27  -6.8852e-33  1.38199e-27  8.05641e-33 -1.47454e-27 -8.67616e-33  5.61552e-28  8.57466e-33  6.67632e-29  -7.7516e-33 -1.64151e-28   6.3862e-33  5.27754e-29 -4.77473e-33  1.31149e-29  3.22438e-33  -1.2432e-29 -1.95624e-33  8.09289e-31  1.06002e-33  1.42014e-30 -5.09742e-34  -2.4627e-31  2.16102e-34 -1.16133e-31 -8.02368e-35   2.7843e-32  2.59215e-35  4.70819e-33 -7.23244e-36 -7.74151e-34   1.7221e-36   -2.937e-34 -3.41555e-37  3.27098e-35  5.37389e-38  2.66977e-36 -6.12276e-39  4.28396e-38  4.25597e-40 -2.24344e-38 -1.20401e-41 -9.51687e-41
 4.17857e-36  -6.8058e-48  2.20351e-35  2.00001e-45 -2.22631e-35 -1.86008e-44 -2.20305e-35  7.75107e-44 -4.35594e-35 -3.11685e-43 -1.12116e-34  5.56622e-43  4.02358e-34  1.72598e-42  -1.7169e-34  -8.2343e-42  1.43542e-35  6.33383e-41 -5.92314e-35 -3.49229e-40  3.41243e-35  2.98567e-40 -1.19236e-36 -2.36914e-40 -3.97218e-35 -1.88436e-39  7.70477e-35  3.73624e-39 -1.74692e-35  -1.0247e-38  5.17873e-35  1.94278e-38 -2.77927e-35 -2.37756e-38 -1.22621e-34   -5.395e-39  6.38501e-34  3.06331e-38 -3.63235e-33 -5.43426e-38  2.01714e-32  6.92859e-38 -1.02441e-31 -4.45822e-38  4.79068e-31  3.28728e-38 -2.06618e-30 -9.44265e-39  8.21762e-30  2.43799e-39 -3.01291e-29  4.59935e-38  1.01762e-28 -1.56636e-37 -3.16288e-28   5.8363e-37  9.03303e-28 -1.88421e-36 -2.36589e-27  5.78039e-36  5.66882e-27 -1.65431e-35 -1.23874e-26  4.42709e-35  2.45911e-26 -1.10817e-34 -4.41345e-26  2.59339e-34  7.11728e-26 -5.67043e-34 -1.02315e-25  1.15743e-33  1.29736e-25 -2.20331e-33 -1.42975e-25  3.90721e-33  1.33942e-25 -6.44605e-33 -1.02771e-25  9.87888e-33  5.98547e-26 -1.40401e-32 -2.09219e-26  1.84694e-32 -2.30818e-27   -2.244e-32  8.56645e-27  2.51203e-32  -5.2429e-27  -2.5839e-32  8.30393e-28  2.43463e-32  8.69181e-28 -2.09396e-32 -5.72796e-28  1.63731e-32   3.8708e-29 -1.15856e-32  9.05058e-29  7.37933e-33 -2.83554e-29 -4.20536e-33 -6.95903e-30  2.12976e-33  4.31526e-30 -9.51515e-34  2.76987e-31   3.7225e-34 -3.86693e-31 -1.26668e-34  8.02167e-34  3.72956e-35  1.79638e-32 -9.46305e-36  8.32535e-34   2.0532e-36 -6.50889e-34 -3.71985e-37 -1.18017e-35  5.30526e-38  4.80003e-36  -5.2965e-39  3.97056e-37  2.94563e-40 -1.06682e-38 -4.85005e-42
-2.48673e-47  1.03379e-35  -5.4561e-47  3.27549e-35  1.32771e-44 -3.31709e-35 -1.09892e-43 -2.52997e-35  3.63891e-43 -3.45219e-35 -1.05108e-42 -1.39517e-34  1.72598e-42  4.53198e-34  4.62561e-42 -2.10321e-34 -1.85362e-41  3.49752e-35  1.83685e-40  -6.1238e-35 -9.65015e-40  6.38388e-35  6.31538e-40 -4.70285e-35 -7.40011e-40  -1.4423e-35 -4.60119e-39  6.55984e-35  7.78964e-39  1.91781e-36 -1.96976e-38  1.81957e-35  3.82065e-38  1.45257e-34 -4.82151e-38 -1.22213e-33 -1.45848e-38  7.33627e-33  6.50494e-38 -4.18518e-32 -9.29014e-38  2.21396e-31   1.1726e-37 -1.07861e-30 -8.02822e-38  4.84478e-30  5.62075e-38 -2.00685e-29 -1.29336e-38  7.66494e-29 -3.44031e-38 -2.69796e-28  2.51133e-37  8.74403e-28 -9.01042e-37 -2.60607e-27  3.10547e-36  7.13047e-27 -9.78796e-36 -1.78711e-26  2.89474e-35  4.09144e-26 -8.00376e-35 -8.52681e-26  2.06978e-34  1.61063e-25 -5.00478e-34 -2.74238e-25  1.13089e-33  4.17972e-25 -2.38614e-33 -5.65032e-25  4.69703e-33   6.6908e-25 -8.61652e-33 -6.81596e-25  1.47125e-32   5.8054e-25  -2.3349e-32 -3.92358e-25  3.43862e-32  1.85379e-25 -4.69083e-32 -3.16578e-26  5.91538e-32  -3.6051e-26 -6.88014e-32  3.65297e-26  7.36177e-32 -1.33468e-26 -7.22577e-32 -2.05773e-27  6.48448e-32  4.16665e-27  -5.3005e-32 -1.26179e-27  3.92927e-32  -3.6756e-28 -2.62809e-32  3.14535e-28  1.57653e-32 -1.41663e-29 -8.42275e-33 -3.79722e-29  3.97561e-33  6.15055e-30 -1.64325e-33  2.99314e-30  5.89473e-34 -6.23759e-31  -1.8215e-34 -1.57524e-31  4.83083e-35  2.54336e-32 -1.10139e-35  6.73525e-33  2.16048e-36 -5.98335e-34 -3.56899e-37 -1.02008e-34  4.60359e-38  1.55078e-37 -3.95262e-39  5.44998e-37  1.62679e-40  3.84926e-39
-4.48833e-36   -3.332e-46  1.34648e-35 -2.75187e-46  4.84444e-35  7.32995e-44 -3.83445e-35 -5.59183e-43  -3.2435e-35  1.53174e-42 -2.17353e-35 -3.14072e-42  -1.7169e-34  4.62561e-42  5.16417e-34  1.02164e-41 -2.59388e-34 -3.40378e-41  5.38876e-35   4.9253e-40  -6.3351e-35 -2.47543e-39  1.06307e-34  1.18952e-39 -1.06112e-34 -2.06459e-39  1.93903e-35 -1.06662e-38  4.11979e-35  1.53304e-38   6.4273e-35 -3.43154e-38 -2.74742e-34  6.93904e-38  2.08768e-33  -8.9963e-38 -1.37194e-32 -3.56065e-38   8.1681e-32  1.30258e-37 -4.49644e-31 -1.53663e-37  2.28206e-30  1.92305e-37 -1.06761e-29 -1.34577e-37  4.60576e-29  7.62847e-38 -1.83232e-28  3.64735e-38  6.71996e-28 -3.09134e-37 -2.27036e-27  1.37302e-36  7.05866e-27 -4.80488e-36 -2.01651e-26  1.57756e-35  5.28306e-26 -4.81434e-35 -1.26619e-25  1.37531e-34  2.76746e-25 -3.67465e-34 -5.49474e-25  9.18099e-34  9.86221e-25 -2.14393e-33 -1.59028e-24  4.67603e-33  2.28541e-24 -9.51752e-33   -2.896e-24  1.80597e-32  3.18762e-24 -3.19104e-32 -2.97963e-24  5.24327e-32  2.27667e-24 -7.99949e-32 -1.31393e-24  1.13128e-31  4.45452e-25 -1.48009e-31  6.69676e-26   1.7877e-31 -1.98166e-25 -1.98861e-31  1.17414e-25  2.03182e-31 -1.64637e-26 -1.90103e-31 -2.08869e-26  1.62315e-31  1.30479e-26 -1.25966e-31 -6.23393e-28  8.84352e-32 -2.17037e-27 -5.58512e-32  6.34551e-28  3.15155e-32  1.79858e-28 -1.57594e-32 -1.01769e-28  6.91557e-33  -7.8105e-30 -2.63344e-33  9.03046e-30  8.60054e-34  2.03208e-31  -2.3856e-34 -4.70889e-31  5.60554e-35 -1.72995e-32 -1.12783e-35  1.43904e-32  1.97864e-36  6.20803e-34 -2.98183e-37 -1.37271e-34  3.47157e-38  -9.3045e-36 -2.47612e-39  2.14963e-37  6.23042e-41
 1.29322e-46 -8.26224e-36 -2.94916e-45  1.01046e-35 -9.12879e-46  6.58694e-35  3.46035e-43  -3.6584e-35 -2.49876e-42 -4.10876e-35  5.81898e-42 -5.20631e-36  -8.2343e-42 -2.10321e-34  1.02164e-41  6.02702e-34  1.58005e-41 -3.24528e-34 -4.33515e-41  6.83996e-35  1.22783e-39 -6.84979e-35 -5.92659e-39  1.66835e-34  1.95306e-39 -1.79631e-34 -5.21316e-39  6.58419e-35 -2.34397e-38 -4.50818e-35  2.86243e-38  5.41183e-34 -5.31814e-38 -3.53493e-33  1.15998e-37  2.40042e-32 -1.53422e-37 -1.49895e-31 -8.05955e-38  8.60222e-31  2.47954e-37 -4.54826e-30 -2.48395e-37  2.21638e-29  3.04688e-37 -9.95838e-29 -1.98685e-37  4.12633e-28  2.27264e-38 -1.57652e-27   4.1973e-37  5.55101e-27 -1.88053e-36  -1.7997e-26  7.14604e-36  5.36572e-26 -2.41425e-35 -1.46863e-25  7.62839e-35  3.68207e-25 -2.25101e-34 -8.43246e-25  6.21433e-34  1.75786e-24 -1.60439e-33 -3.32109e-24  3.87199e-33  5.65527e-24 -8.72966e-33 -8.61868e-24   1.8372e-32  1.16471e-23 -3.60583e-32 -1.37814e-23  6.59262e-32  1.40184e-23  -1.1214e-31 -1.19064e-23   1.7721e-31  8.00068e-24 -2.59731e-31 -3.72401e-24  3.52437e-31  5.69985e-25 -4.41853e-31    7.922e-25  5.10665e-31 -7.67319e-25 -5.42713e-31  2.69271e-25  5.28897e-31  5.13176e-26 -4.71167e-31 -8.96201e-26  3.82315e-31  2.55983e-26 -2.81378e-31  8.62471e-27  1.86896e-31 -6.77096e-27 -1.11348e-31   1.8869e-28  5.90473e-32  8.48753e-28 -2.76035e-32 -1.24935e-28   1.1239e-32 -6.82343e-29  -3.9276e-33  1.27733e-29  1.15878e-33  3.85914e-30 -2.84315e-34 -5.77469e-31  5.77618e-35 -1.50112e-31 -9.95367e-36  1.09759e-32   1.5364e-36  2.61208e-33 -2.12723e-37 -5.83064e-36  2.23192e-38 -1.20295e-35 -1.23135e-39 -1.16372e-37
-5.12332e-37  1.63613e-45 -9.36561e-36 -2.01274e-44 -1.76445e-37 -2.01258e-45  8.05151e-35  1.42332e-42 -2.91708e-35 -9.95025e-42 -4.92507e-35  2.00805e-41  1.43542e-35 -1.85362e-41 -2.59388e-34  1.58005e-41    7.257e-34  5.15389e-43 -4.12613e-34  -3.7363e-42  7.68898e-35  2.86178e-39 -8.05136e-35 -1.33124e-38   2.4997e-34  2.65044e-39 -2.71134e-34 -1.20448e-38  1.89002e-34 -4.86591e-38 -7.55164e-34  5.07826e-38  5.71903e-33 -6.99397e-38 -3.98259e-32  1.76957e-37  2.59329e-31 -2.35997e-37 -1.55289e-30 -1.71158e-37  8.55689e-30  4.50675e-37 -4.34388e-29 -3.92874e-37  2.03284e-28  4.52793e-37 -8.77283e-28 -1.89663e-37  3.49137e-27 -4.79155e-37 -1.28093e-26  2.57846e-36  4.32936e-26 -9.97706e-36 -1.34656e-25  3.53239e-35  3.84843e-25 -1.15228e-34 -1.00866e-24  3.51534e-34  2.41842e-24 -1.00278e-33 -5.28785e-24  2.67542e-33  1.05024e-23  -6.6734e-33 -1.88549e-23  1.55534e-32  3.04073e-23 -3.38464e-32 -4.36957e-23  6.87105e-32  5.53485e-23 -1.29988e-31 -6.08665e-23  2.28886e-31  5.67899e-23 -3.74603e-31   -4.323e-23  5.68953e-31  2.47364e-23  -8.0052e-31 -8.13302e-24  1.04139e-30 -1.56273e-24 -1.24987e-30  3.92038e-24  1.38071e-30 -2.25466e-24 -1.40023e-30  2.76317e-25  1.29989e-30  4.28135e-25 -1.10111e-30 -2.54941e-25  8.47967e-31  7.30396e-27 -5.91136e-31  4.45182e-26   3.7109e-31 -1.22117e-26 -2.08392e-31 -3.91233e-27  1.03791e-31  2.04424e-27 -4.53305e-32  1.91134e-28   1.7103e-32 -1.85036e-28 -5.46724e-33 -7.01607e-30  1.44549e-33  1.00251e-29  -3.0792e-34  4.17212e-31  5.20493e-35 -2.93503e-31 -7.25237e-36 -1.67168e-32  9.56231e-37   3.0019e-33 -1.25147e-37    2.037e-34  1.18358e-38 -3.93091e-36 -4.21267e-40
 -4.1611e-46 -1.32257e-36  1.37701e-44 -6.66776e-36 -1.13148e-43 -1.54529e-35 -5.77337e-45  8.85986e-35   5.1686e-42 -1.80408e-35 -3.57162e-41 -5.54657e-35  6.33383e-41  3.49752e-35 -3.40378e-41 -3.24528e-34  5.15389e-43  8.99874e-34 -1.19101e-40 -5.31435e-34    1.859e-40  7.98195e-35  6.27379e-39 -1.04404e-34 -2.82023e-38  3.64555e-34  2.48155e-39 -4.61848e-34 -2.57182e-38  1.18272e-33 -9.49516e-38 -8.49135e-33  8.53053e-38  6.25216e-32 -6.68653e-38 -4.24237e-31  2.41665e-37  2.64985e-30 -3.18456e-37 -1.52226e-29 -3.42477e-37  8.05193e-29  7.81641e-37 -3.92504e-28 -5.93914e-37   1.7642e-27  5.50291e-37 -7.31295e-27  3.55062e-37  2.79516e-26 -3.30434e-36 -9.84618e-26  1.35191e-35  3.19368e-25 -4.91488e-35 -9.52626e-25  1.66353e-34  2.60863e-24 -5.24372e-34 -6.54335e-24  1.54604e-33  1.49922e-23 -4.26301e-33  -3.1267e-23  1.09909e-32  5.90953e-23 -2.64824e-32  -1.0066e-22  5.95933e-32  1.53431e-22 -1.25139e-31 -2.07329e-22  2.44971e-31  2.45209e-22 -4.46537e-31 -2.49145e-22  7.56903e-31  2.11103e-22 -1.19125e-30 -1.41113e-22  1.73782e-30  6.47455e-23 -2.34544e-30 -8.76934e-24  2.92252e-30 -1.49597e-23 -3.35436e-30  1.39306e-23  3.53755e-30 -4.70189e-24 -3.41875e-30 -1.07158e-24  3.01877e-30  1.66553e-24 -2.42766e-30  -4.4975e-25  1.77158e-30 -1.72781e-25 -1.16812e-30  1.26122e-25  6.92245e-31 -1.49676e-27 -3.66148e-31 -1.63538e-26  1.71223e-31  2.17509e-27 -6.98623e-32  1.35419e-27  2.44164e-32 -2.31564e-28 -7.12402e-33 -7.89238e-29  1.67488e-33   1.0812e-29 -3.02587e-34  3.02127e-30  3.98387e-35 -1.87921e-31  -3.8861e-36 -5.45518e-32  4.04076e-37 -3.58282e-35 -5.65601e-38   2.3893e-34  4.86002e-39  2.74431e-36
-3.86217e-37 -5.34091e-45 -2.65494e-36   8.9526e-44  2.42867e-37 -5.43943e-43 -3.26725e-35 -5.48076e-44  8.80289e-35  1.67257e-41 -4.26903e-36 -1.16639e-40 -5.92314e-35  1.83685e-40  5.38876e-35 -4.33515e-41 -4.12613e-34 -1.19101e-40  1.13888e-33  -6.0412e-40 -6.89257e-34  6.82699e-40   8.1242e-35  1.30208e-38 -1.55207e-34 -5.66544e-38  6.19875e-34 -2.23295e-40 -1.81373e-33 -5.12436e-38  1.20832e-32 -1.73108e-37 -9.25559e-32  1.34327e-37  6.56916e-31 -5.96282e-39 -4.28114e-30  2.82151e-37  2.56461e-29 -3.51927e-37 -1.41379e-28 -6.44411e-37  7.17972e-28  1.27861e-36 -3.36125e-27   -7.685e-37  1.45117e-26  6.18226e-38 -5.77788e-26  3.75231e-36   2.1208e-25 -1.74317e-35 -7.17158e-25  6.57324e-35  2.23173e-24 -2.29369e-34 -6.38163e-24  7.48113e-34  1.67353e-23 -2.27962e-33 -4.01474e-23  6.49714e-33  8.78294e-23 -1.73156e-32  -1.7453e-22  4.31357e-32  3.13477e-22 -1.00383e-31 -5.05725e-22  2.18057e-31  7.26869e-22 -4.41738e-31 -9.20628e-22  8.33614e-31  1.01183e-21 -1.46356e-30 -9.42704e-22  2.38707e-30  7.15292e-22  -3.6108e-30  -4.0606e-22  5.05618e-30  1.29506e-22 -6.54075e-30  3.05008e-23  7.79906e-30 -6.74507e-23 -8.55076e-30  3.77539e-23  8.59756e-30 -3.98435e-24 -7.90565e-30 -7.61533e-24  6.62828e-30  4.34575e-24 -5.05104e-30 -4.53825e-26   3.4862e-30 -7.93975e-25 -2.17041e-30  2.05212e-25  1.21257e-30  7.34693e-26 -6.03643e-31 -3.58197e-26   2.6504e-31 -3.95529e-27 -1.01091e-31  3.32545e-27  3.27499e-32  1.67196e-28  -8.7153e-33 -1.83805e-28  1.81021e-33  -9.1382e-30 -2.69524e-34   5.3519e-30  2.42524e-35  3.54222e-31 -7.85885e-37  -5.5531e-32  1.41833e-38 -4.00342e-33 -1.60724e-38  6.51347e-35  1.32248e-39
 1.55708e-45 -9.83635e-37  -4.5522e-44 -4.56488e-36  4.78617e-43  1.13842e-35 -2.29242e-42  -4.8639e-35 -4.92422e-43  7.83737e-35  4.85416e-41  1.25117e-35 -3.49229e-40  -6.1238e-35   4.9253e-40  6.83996e-35  -3.7363e-42 -5.31435e-34  -6.0412e-40  1.45435e-33 -2.15313e-39 -8.94514e-34  1.55152e-39  9.99376e-35  2.57614e-38 -3.76441e-34 -1.08528e-37  2.37497e-33 -8.25946e-39 -1.64017e-32 -9.62346e-38  1.29855e-31 -2.92629e-37  -9.6344e-31  1.94454e-37  6.55661e-30  1.82388e-37 -4.09718e-29  2.43816e-37  2.35458e-28 -2.46455e-37 -1.24593e-27 -1.12511e-36    6.076e-27  1.88068e-36 -2.73221e-26 -3.31256e-37  1.13309e-25 -3.73832e-36 -4.33308e-25  2.10049e-35  1.52718e-24 -8.40268e-35 -4.95631e-24  3.03185e-34  1.47926e-23 -1.02117e-33 -4.05323e-23  3.21736e-33  1.01733e-22 -9.47845e-33 -2.33239e-22  2.61146e-32  4.86733e-22 -6.72638e-32 -9.20479e-22  1.61885e-31  1.56873e-21 -3.63795e-31 -2.39212e-21  7.62701e-31  3.23312e-21 -1.49021e-30 -3.82332e-21   2.7102e-30  3.88183e-21 -4.58144e-30 -3.28279e-21  7.18696e-30  2.18425e-21 -1.04434e-29 -9.88642e-22  1.40283e-29  1.16762e-22 -1.73804e-29  2.46496e-22  1.98126e-29 -2.21829e-22 -2.07253e-29  7.21441e-23  1.98392e-29  1.91715e-23 -1.73274e-29 -2.71423e-23  1.37665e-29  6.94944e-24 -9.91864e-30  3.00545e-24  6.45973e-30 -2.06297e-24 -3.78904e-30 -6.50673e-27  1.99238e-30  2.76324e-25 -9.32778e-31 -3.32426e-26  3.84652e-31 -2.35558e-26 -1.37329e-31  3.71548e-27  4.13147e-32  1.40206e-27 -1.00376e-32  -1.7604e-28  1.83423e-33 -5.39261e-29 -2.17772e-34  2.90406e-30  9.39776e-36  9.84516e-31  1.30537e-36  4.16481e-33  -1.6615e-37 -4.23423e-33  5.30509e-41 -5.43777e-35
 3.04758e-37   1.6784e-44 -1.63334e-36 -2.97713e-43 -7.21955e-36  2.17849e-42  2.60132e-35 -8.62758e-42 -6.06164e-35 -3.18715e-42  6.01709e-35  1.26824e-40  3.41243e-35 -9.65015e-40  -6.3351e-35  1.22783e-39  7.68898e-35    1.859e-40 -6.89257e-34 -2.15313e-39  1.85505e-33 -6.42214e-39 -1.16567e-33  2.20575e-39  3.05428e-34  4.89241e-38 -2.42591e-33 -1.99364e-37  2.09313e-32 -2.54469e-38 -1.72873e-31  -1.7211e-37  1.34014e-30 -4.53931e-37 -9.52822e-30  2.49218e-37  6.21389e-29  6.10709e-37 -3.72385e-28  3.88453e-38  2.05366e-27  1.20816e-37 -1.04338e-26 -1.73217e-36  4.88693e-26  1.97066e-36 -2.11092e-25  3.77121e-36  8.40916e-25 -2.37496e-35  -3.0884e-24  1.02076e-34  1.04498e-23 -3.83663e-34 -3.25397e-23  1.33572e-33  9.31095e-23 -4.34869e-33 -2.44341e-22  1.32445e-32  5.86584e-22 -3.77239e-32 -1.28418e-21  1.00467e-31  2.55368e-21 -2.50068e-31  -4.5898e-21   5.8137e-31  7.40907e-21 -1.26143e-30 -1.06539e-20  2.55191e-30   1.3497e-20 -4.80793e-30 -1.48312e-20  8.42467e-30  1.38041e-20 -1.37079e-29 -1.04461e-20  2.06749e-29  5.88766e-21 -2.88464e-29 -1.82261e-21   3.7149e-29 -5.10434e-22 -4.40487e-29  1.02253e-21  4.79596e-29 -5.58567e-22 -4.78095e-29   4.9907e-23  4.35038e-29  1.19121e-22 -3.60213e-29 -6.54867e-23  2.70567e-29 -4.37623e-25  -1.8382e-29  1.24788e-23  1.12643e-29 -3.05314e-24 -6.20821e-30 -1.20927e-24  3.06609e-30   5.5565e-25 -1.34877e-30  7.02601e-26  5.22707e-31 -5.29096e-26  -1.7504e-31  -3.2402e-27  4.90427e-32  2.97286e-27 -1.09065e-32  1.72628e-28  1.75178e-33 -8.70169e-29 -1.60329e-34 -6.40695e-30 -1.36801e-36  9.02904e-31  2.13359e-36  6.99023e-32 -1.79593e-37 -9.68139e-34  2.34092e-39
-2.10427e-45  7.98094e-37  1.24536e-43 -1.74325e-36 -1.58995e-42 -1.07311e-35  8.63353e-42  4.23764e-35 -2.94343e-41 -6.66395e-35 -1.60355e-41   3.3865e-35  2.98567e-40  6.38388e-35 -2.47543e-39 -6.84979e-35  2.86178e-39  7.98195e-35  6.82699e-40 -8.94514e-34 -6.42214e-39  2.35647e-33 -1.69482e-38 -1.67699e-33 -3.01944e-41  2.60073e-33  8.97177e-38 -2.47037e-32  -3.5304e-37  2.18265e-31 -5.58612e-38 -1.76973e-30 -2.96139e-37  1.31511e-29 -6.35624e-37 -8.95501e-29  2.58428e-37  5.59831e-28  1.43908e-36 -3.21859e-27 -4.42394e-37  1.70389e-26  8.07563e-37 -8.31336e-26 -1.83121e-36  3.74025e-25 -1.76378e-36 -1.55201e-24  2.60026e-35  5.93867e-24 -1.18093e-34 -2.09441e-23   4.6412e-34  6.80184e-23 -1.67417e-33 -2.03154e-22  5.63403e-33  5.57071e-22 -1.77355e-32  -1.3993e-21  5.22235e-32  3.21071e-21 -1.43802e-31 -6.70574e-21  3.70158e-31  1.26917e-20 -8.90231e-31 -2.16465e-20  1.99895e-30  3.30308e-20 -4.18694e-30 -4.46668e-20  8.17189e-30  5.28327e-20 -1.48431e-29 -5.36243e-20  2.50527e-29  4.52857e-20 -3.92256e-29 -3.00128e-20  5.68619e-29   1.3414e-20 -7.61462e-29  -1.3581e-21  9.39662e-29 -3.58683e-21 -1.06561e-28   3.1345e-21  1.10717e-28 -9.84578e-22 -1.05056e-28  -2.9884e-22  9.07285e-29  3.92429e-22 -7.10736e-29  -9.5617e-23  5.03403e-29 -4.60038e-23  -3.2148e-29  2.99918e-23  1.84706e-29  5.10729e-25 -9.53213e-30 -4.14426e-24  4.40995e-30  4.52864e-25 -1.82088e-30  3.62959e-25  6.63869e-31 -5.32497e-26 -2.09111e-31 -2.20255e-26  5.47681e-32  2.55171e-27 -1.11896e-32  8.55954e-28  1.58332e-33 -4.03337e-29 -1.08691e-34 -1.57236e-29 -6.71471e-36 -1.20172e-31  1.95574e-36  6.71251e-32 -1.13766e-37  9.39738e-34
 3.28188e-37 -2.10512e-44  1.07073e-36   7.3119e-43 -5.22354e-37 -7.18824e-42 -1.49953e-35  3.02712e-41  5.80631e-35  -9.2213e-41 -6.55348e-35 -6.65899e-41 -1.19236e-36  6.31538e-40  1.06307e-34 -5.92659e-39 -8.05136e-35  6.27379e-39   8.1242e-35  1.55152e-39 -1.16567e-33 -1.69482e-38  3.13011e-33    -4.06e-38 -4.47256e-33  -1.2872e-38  2.79607e-32  1.59461e-37 -2.60871e-31 -6.05223e-37  2.21999e-30 -1.02288e-37 -1.72532e-29 -4.94634e-37  1.22728e-28 -7.79006e-37 -8.00717e-28  1.48466e-37   4.8006e-27  2.85548e-36 -2.64871e-26 -1.23721e-36  1.34637e-25  1.31294e-36 -6.30954e-25  2.02179e-36  2.72702e-24 -2.49535e-35 -1.08704e-23  1.31182e-34  3.99502e-23 -5.37331e-34 -1.35272e-22  2.01077e-33  4.21548e-22 -6.99951e-33  -1.2072e-21  2.27754e-32  3.17067e-21 -6.93221e-32 -7.61851e-21  1.97344e-31   1.6694e-20 -5.25272e-31 -3.32278e-20  1.30666e-30  5.97759e-20 -3.03589e-30  -9.6577e-20  6.58279e-30   1.3898e-19 -1.33078e-29 -1.76168e-19  2.50533e-29  1.93623e-19 -4.38611e-29 -1.80123e-19  7.12926e-29  1.36027e-19 -1.07386e-28 -7.61866e-20  1.49573e-28  2.29172e-20 -1.92179e-28  7.45236e-21  2.27147e-28 -1.38012e-20 -2.46218e-28  7.37922e-21  2.43931e-28  -5.4761e-22 -2.20068e-28 -1.65621e-21    1.801e-28  8.81716e-22  -1.3319e-28  1.98606e-23  8.86968e-29 -1.74713e-22 -5.30456e-29  4.06898e-23   2.8451e-29  1.76438e-23 -1.36876e-29  -7.7156e-24  5.91159e-30 -1.08931e-24 -2.28837e-30  7.52888e-25  7.86164e-31  5.35121e-26 -2.33794e-31 -4.29968e-26  5.74797e-32 -2.82874e-27 -1.08278e-32   1.2697e-27  1.35493e-33  1.01714e-28 -6.89618e-35 -1.31463e-29 -7.47094e-36 -1.08894e-30  1.29896e-36  1.29312e-32 -4.44023e-38
 4.39415e-45  4.45542e-37 -1.47359e-43  2.71849e-37  3.59413e-42  2.80367e-36 -2.81747e-41 -1.96762e-35   9.5073e-41  7.07319e-35 -2.68282e-40 -5.66834e-35 -2.36914e-40 -4.70285e-35  1.18952e-39  1.66835e-34 -1.33124e-38 -1.04404e-34  1.30208e-38  9.99376e-35  2.20575e-39 -1.67699e-33    -4.06e-38  6.26373e-33 -8.95613e-38 -3.22094e-32 -5.41152e-38   2.9633e-31  2.74799e-37 -2.64592e-30 -1.00711e-36  2.15276e-29 -1.64379e-37 -1.60064e-28  -8.0689e-37  1.09037e-27 -7.77084e-37  -6.8196e-27 -1.81367e-37  3.92261e-26  4.96901e-36 -2.07768e-25 -1.84293e-36  1.01428e-24 -1.67073e-36 -4.56612e-24  2.60248e-35  1.89595e-23 -1.37139e-34  -7.2599e-23  5.96918e-34  2.56232e-22 -2.31634e-33 -8.32817e-22  8.34385e-33  2.48956e-21 -2.80676e-32 -6.83286e-21     8.83e-32  1.71798e-20 -2.59832e-31 -3.94586e-20  7.15011e-31  8.24958e-20 -1.83932e-30 -1.56299e-19  4.42079e-30  2.66852e-19 -9.92056e-30 -4.07593e-19  2.07675e-29   5.5165e-19 -4.05117e-29 -6.52905e-19  7.35472e-29  6.62784e-19 -1.24076e-28  -5.5926e-19  1.94171e-28  3.69473e-19 -2.81298e-28 -1.63258e-19  3.76373e-28  1.38964e-20 -4.63843e-28   4.6539e-20  5.24923e-28 -3.96738e-20 -5.43611e-28  1.20718e-20  5.13182e-28  4.11056e-21 -4.39752e-28 -5.08174e-21  3.40523e-28  1.18373e-21 -2.37211e-28  6.26248e-22  1.48053e-28  -3.9138e-22 -8.25606e-29  -1.1551e-23  4.11133e-29  5.57015e-23 -1.83326e-29 -5.56794e-24  7.35817e-30 -5.00253e-24 -2.66682e-30  6.88948e-25   8.6552e-31  3.09395e-25 -2.44163e-31  -3.3401e-26   5.6579e-32 -1.21739e-26 -9.84551e-33  5.07292e-28  1.09159e-33  2.25157e-28 -4.14562e-35  2.39873e-30 -5.68692e-36 -9.59101e-31  6.40624e-37 -1.44204e-32
