     0.13725 -5.73147e-16    0.0021958  4.18601e-16   -0.0158577  1.34177e-17   -0.0131336 -9.81052e-19  -0.00805616  1.37182e-16  -0.00434438  2.54012e-17  -0.00215122 -3.10457e-17 -0.000986988 -2.67376e-17 -0.000417976 -1.17278e-17 -0.000162113 -4.56752e-18 -5.71502e-05 -2.07002e-18  -1.8187e-05 -9.66816e-19 -5.18134e-06 -3.37367e-19 -1.30241e-06 -4.05153e-20 -2.79709e-07  4.22466e-20 -4.69046e-08  3.88638e-20   -3.908e-09  2.07388e-20  1.16022e-09  8.79091e-21  7.79227e-10  3.32106e-21  2.87345e-10  1.20129e-21  8.49914e-11  4.38492e-22  2.19915e-11  1.67512e-22  5.15427e-12    6.728e-23  1.11389e-12  2.73295e-23  2.24291e-13  1.05256e-23  4.23629e-14  3.57671e-24  7.53932e-15  9.67851e-25  1.26834e-15  1.48349e-25  2.02159e-16 -3.57312e-26  3.05784e-17 -4.35715e-26  4.39445e-18 -2.36682e-26  6.00487e-19 -9.75369e-27  7.80583e-20 -3.36489e-27  9.65487e-21 -1.00489e-27  1.13627e-21 -2.63276e-28  1.27214e-22 -6.08929e-29  1.35435e-23 -1.25198e-29  1.37029e-24 -2.33058e-30   1.3166e-25  -4.1254e-31  1.20015e-26 -7.63905e-32  1.03674e-27  -1.6199e-32  8.47567e-29 -3.84736e-33  6.54755e-30 -9.20539e-34  4.77101e-31 -2.04191e-34  3.27254e-32  -4.0391e-35  2.10809e-33 -7.01519e-36  1.27195e-34 -1.06116e-36  7.16647e-36 -1.38628e-37  3.75732e-37 -1.54249e-38  1.82574e-38 -1.42279e-39  8.18382e-40 -1.02105e-40  3.36556e-41 -4.56633e-42  1.26165e-42  8.13155e-44  4.27805e-44  4.37451e-44  1.29991e-45  5.64761e-45  3.49872e-47  5.18464e-46  8.22003e-49  3.90635e-47  1.65391e-50  2.51717e-48  2.77704e-52  1.36948e-49  3.74962e-54  5.93616e-51  3.84401e-56  1.85586e-52   2.7047e-58  3.53193e-54   1.0378e-60  2.59317e-56
-5.73147e-16     0.136882 -4.73949e-16    0.0397642  7.35443e-17   0.00119561 -1.22408e-16  -0.00818675  8.13791e-17  -0.00752342  5.90576e-17  -0.00479426 -7.49259e-17  -0.00252766 -1.00695e-16  -0.00115066 -6.33034e-17 -0.000456407 -3.04081e-17 -0.000156931 -1.38197e-17 -4.58446e-05 -6.21798e-18 -1.07496e-05 -2.46167e-18 -1.62672e-06 -6.81141e-19  1.09368e-07 -2.71961e-20  2.10731e-07  1.05199e-19  1.06117e-07  7.91929e-20  3.96676e-08  3.93704e-20  1.26075e-08  1.62803e-20  3.57444e-09  6.15994e-21  9.25286e-10  2.27043e-21  2.21636e-10  8.55388e-22  4.95459e-11  3.37617e-22  1.03972e-11   1.3711e-22  2.05678e-12  5.42158e-23  3.84736e-13  1.94764e-23  6.82098e-14  5.83397e-24  1.14816e-14  1.19547e-24  1.83739e-15 -2.36301e-26  2.79811e-16 -1.82202e-25  4.05775e-17 -1.16935e-25  5.60601e-18 -5.25802e-26  7.38021e-19 -1.93646e-26  9.25854e-20 -6.12331e-27  1.10666e-20 -1.69313e-27  1.25994e-21 -4.12648e-28  1.36568e-22 -8.91916e-29  1.40843e-23 -1.73266e-29  1.38093e-24   -3.138e-30  1.28601e-25 -5.74142e-31  1.13624e-26 -1.17548e-31  9.51233e-28 -2.74762e-32   7.5343e-29 -6.69972e-33  5.63634e-30 -1.54833e-33   3.9747e-31 -3.22278e-34  2.63634e-32 -5.91656e-35  1.64058e-33 -9.48983e-36  9.55087e-35 -1.31949e-36  5.18457e-36 -1.57215e-37  2.61438e-37 -1.57095e-38  1.21933e-38  -1.2558e-39  5.23319e-40 -6.98526e-41  2.05459e-41 -8.12759e-43  7.32701e-43  4.00187e-43  2.35334e-44  6.40016e-44  6.73719e-46  6.55649e-45  1.69695e-47  5.37804e-46  3.69844e-49   3.7647e-47  6.82213e-51  2.25843e-48  1.03283e-52  1.11328e-49  1.22616e-54  4.16164e-51  1.05937e-56  1.03995e-52  5.76433e-59  1.35175e-54  1.28008e-61
   0.0021958 -4.73949e-16    0.0939449 -2.86992e-16    0.0492293 -3.62809e-16    0.0153473 -3.09408e-16   0.00104155 -1.47092e-16  -0.00250418  -2.3552e-16  -0.00215099 -2.81768e-16  -0.00112298  -2.0843e-16 -0.000416437  -1.1529e-16 -9.54721e-05  -5.5471e-17  5.17369e-06  -2.5119e-17  2.00037e-05 -1.04638e-17  1.34585e-05 -3.58039e-18  6.46761e-06 -7.65567e-19  2.58546e-06  7.86386e-20  9.07489e-07  1.82598e-19  2.87272e-07  1.15051e-19  8.33263e-08  5.34945e-20  2.23788e-08  2.15703e-20  5.60596e-09   8.1653e-21  1.31696e-09  3.07337e-21  2.91333e-10  1.19679e-21  6.08825e-11  4.83627e-22  1.20494e-11  1.94682e-22  2.26293e-12    7.316e-23  4.03911e-13  2.37627e-23  6.86017e-14  5.82967e-24  1.10975e-14  5.30579e-25  1.71102e-15 -4.75707e-25  2.51554e-16 -3.91807e-25  3.52758e-17 -1.95115e-25  4.71891e-18 -7.70827e-26  6.02152e-19 -2.58554e-26  7.32797e-20 -7.54966e-27   8.5021e-21 -1.93928e-27  9.39991e-22 -4.40937e-28  9.89701e-23 -8.96337e-29  9.91587e-24  -1.6735e-29  9.44504e-25 -3.06109e-30  8.54385e-26 -6.07436e-31  7.33057e-27 -1.38441e-31  5.95709e-28 -3.40546e-32  4.57757e-29 -8.15501e-33  3.31999e-30 -1.78173e-33   2.2679e-31 -3.45292e-34  1.45568e-32 -5.86552e-35  8.75552e-34 -8.66656e-36  4.91965e-35  -1.1029e-36  2.57328e-36 -1.18803e-37   1.2479e-37 -1.04493e-38  5.58425e-39 -6.82947e-40  2.29329e-40 -2.10283e-41  8.58708e-42  2.18015e-42  2.90914e-43  4.84409e-43  8.83361e-45  5.62531e-44  2.37646e-46  5.03759e-45  5.58177e-48  3.81693e-46  1.12296e-49  2.50048e-47  1.88562e-51   1.3792e-48  2.54659e-53  6.00292e-50  2.61172e-55  1.86548e-51  1.83828e-57  3.50073e-53  7.08823e-60  2.51854e-55
 4.18601e-16    0.0397642 -2.86992e-16    0.0754772  -5.7772e-16    0.0513345 -9.06428e-16    0.0254549 -7.75656e-16    0.0107226 -6.88997e-16   0.00442892 -6.64827e-16    0.0021352 -5.17598e-16   0.00123591 -3.15327e-16    0.0007419 -1.62194e-16   0.00041191 -7.56911e-17  0.000203962 -3.26612e-17  8.99884e-05 -1.23652e-17  3.56996e-05 -3.60069e-18  1.28676e-05 -4.90416e-19  4.25337e-06  2.46986e-19  1.29946e-06   2.4841e-19  3.69292e-07  1.35621e-19  9.81342e-08   5.9457e-20  2.44887e-08  2.34775e-20   5.7587e-09  8.94322e-21  1.27978e-09  3.45824e-21  2.69412e-10  1.38755e-21  5.38276e-11  5.64445e-22  1.02229e-11  2.19828e-22  1.84788e-12  7.62909e-23  3.18225e-13  2.12792e-23  5.22507e-14  3.43623e-24  8.18454e-15 -7.71065e-25  1.22352e-15 -1.01547e-24  1.74597e-16 -5.73614e-25  2.37852e-17 -2.44769e-25  3.09305e-18 -8.73139e-26  3.83874e-19 -2.69494e-26  4.54529e-20 -7.29857e-27  5.13215e-21 -1.74657e-27  5.52254e-22  -3.7225e-28  5.65921e-23 -7.20663e-29   5.5178e-24 -1.33242e-29  5.11351e-25 -2.58245e-30  4.49881e-26 -5.70321e-31  3.75241e-27 -1.39964e-31  2.96265e-28  -3.4491e-32  2.21028e-29 -7.88507e-33  1.55505e-30  -1.6106e-33  1.02943e-31 -2.89427e-34   6.3957e-33 -4.53811e-35  3.71846e-34 -6.15516e-36  2.01643e-35 -7.11973e-37  1.01602e-36 -6.82943e-38  4.73601e-38  -5.0811e-39  2.03195e-39 -2.29719e-40   7.9764e-41  6.24836e-42  2.84462e-42  2.79076e-42  9.13831e-44  3.77243e-43  2.61704e-45  3.70967e-44  6.59496e-47  3.03817e-45  1.43823e-48   2.1577e-46  2.65491e-50  1.31437e-47  4.02281e-52  6.52561e-49  4.78117e-54  2.43184e-50  4.13608e-56  6.00631e-52  2.25219e-58  7.66586e-54  5.09399e-61
  -0.0158577  7.35443e-17    0.0492293  -5.7772e-16    0.0688124 -1.34309e-15    0.0538069 -1.65444e-15    0.0339398 -1.51302e-15     0.019707 -1.33051e-15    0.0112024 -1.04897e-15   0.00627439 -6.85136e-16   0.00337031 -3.76873e-16   0.00168776 -1.83758e-16  0.000775913 -8.21462e-17  0.000326135 -3.31506e-17  0.000125595 -1.12023e-17   4.4521e-05 -2.61689e-18  1.46041e-05 -2.11825e-20  4.45586e-06  3.97675e-19  1.27038e-06  2.78682e-19  3.39803e-07  1.36378e-19  8.55659e-08  5.70647e-20  2.03433e-08  2.22825e-20  4.57773e-09   8.6276e-21   9.7697e-10  3.43867e-21  1.98087e-10  1.40521e-21  3.82104e-11  5.62366e-22  7.02037e-12  2.06129e-22  1.22967e-12  6.34675e-23  2.05482e-13  1.35063e-23  3.27756e-14 -1.68183e-25  4.99199e-15 -2.11029e-24  7.26166e-16 -1.41014e-24  1.00894e-16 -6.56498e-25  1.33887e-17 -2.49949e-25  1.69653e-18 -8.16618e-26   2.0521e-19 -2.33303e-26  2.36838e-20 -5.87859e-27  2.60658e-21 -1.31549e-27  2.73368e-22 -2.65237e-28  2.72973e-23 -5.00459e-29  2.59273e-24 -9.57063e-30  2.33974e-25   -2.044e-30  2.00351e-26 -4.94927e-31   1.6255e-27 -1.24445e-31  1.24747e-28 -2.96467e-32  9.03864e-30 -6.37064e-33  6.16996e-31 -1.20965e-33  3.95841e-32 -2.01027e-34  2.38031e-33 -2.90075e-35  1.33742e-34 -3.59174e-36  6.99662e-36 -3.73269e-37  3.39405e-37 -3.09954e-38  1.51953e-38 -1.77058e-39  6.24413e-40 -1.42435e-41  2.33983e-41  1.26489e-41  7.93377e-43  2.08865e-42  2.41145e-44  2.27738e-43  6.49441e-46  2.01785e-44  1.52719e-47  1.54578e-45  3.07638e-49  1.02896e-46  5.17274e-51  5.73228e-48  6.99622e-53  2.49476e-49  7.19183e-55  7.68187e-51  5.07492e-57  1.41844e-52  1.95746e-59  9.98227e-55
 1.34177e-17   0.00119561 -3.62809e-16    0.0513345 -1.34309e-15    0.0664797 -2.30196e-15    0.0569706 -2.49671e-15    0.0408496 -2.24169e-15    0.0265192 -1.80127e-15     0.015931 -1.24488e-15   0.00882988  -7.3114e-16   0.00448228 -3.75685e-16   0.00207688 -1.74836e-16  0.000879433 -7.41636e-17  0.000341642 -2.75239e-17  0.000122379 -8.03082e-18  4.06314e-05 -1.25219e-18  1.25647e-05  3.99042e-19  3.63474e-06  4.69089e-19  9.87347e-07  2.67236e-19  2.52675e-07   1.2066e-19  6.10888e-08  4.89291e-20  1.39859e-08   1.9152e-20  3.03814e-09  7.60573e-21  6.27244e-10  3.10945e-21  1.23246e-10  1.26886e-21  2.30731e-11   4.8638e-22  4.11937e-12  1.62161e-22  7.01864e-13  4.11095e-23  1.14184e-13  4.00531e-24   1.7744e-14 -3.45163e-24  2.63442e-15 -2.97117e-24  3.73721e-16 -1.53232e-24  5.06545e-17 -6.25799e-25  6.55875e-18 -2.16852e-25  8.11015e-19 -6.54068e-26  9.57328e-20 -1.73615e-26  1.07816e-20 -4.08331e-27  1.15772e-21 -8.60242e-28  1.18436e-22 -1.66963e-28  1.15323e-23 -3.18589e-29  1.06767e-24 -6.59702e-30   9.3867e-26 -1.56073e-30  7.82599e-27 -3.96425e-31  6.17775e-28 -9.78924e-32  4.60906e-29 -2.20775e-32  3.24349e-30 -4.42383e-33  2.14804e-31  -7.7832e-34  1.33533e-32 -1.19298e-34   7.7693e-34 -1.57717e-35  4.21676e-35  -1.7668e-36   2.1268e-36 -1.61589e-37  9.92474e-38  -1.0924e-38  4.26328e-39 -3.27065e-40  1.67573e-40  4.38062e-41  5.98447e-42  9.78985e-42  1.92533e-43  1.20224e-42  5.52232e-45  1.15632e-43  1.39388e-46  9.52696e-45  3.04494e-48  6.87219e-46  5.63107e-50  4.23814e-47  8.54804e-52  2.11047e-48  1.01796e-53   7.8137e-50  8.85642e-56    1.903e-51  4.85148e-58  2.38075e-53   1.0958e-60
  -0.0131336 -1.22408e-16    0.0153473 -9.06428e-16    0.0538069 -2.30196e-15    0.0666507 -3.18249e-15    0.0597033 -3.17175e-15    0.0448462 -2.67247e-15      0.02965 -1.95133e-15    0.0175168 -1.22236e-15   0.00930047 -6.65676e-16   0.00445993 -3.24446e-16   0.00194313 -1.44057e-16  0.000774193 -5.72756e-17  0.000283895 -1.90874e-17  9.63848e-05 -4.47206e-18  3.04576e-05 -1.01183e-19  8.99945e-06  6.26612e-19  2.49623e-06  4.51747e-19  6.52173e-07  2.25463e-19   1.6095e-07  9.62894e-20  3.76109e-08  3.85053e-20  8.33898e-09  1.53173e-20  1.75721e-09   6.2529e-21  3.52418e-10  2.58415e-21   6.7347e-11  1.02677e-21  1.22747e-11   3.6551e-22   2.1353e-12  1.05124e-22  3.54735e-13  1.77112e-23   5.6302e-14 -3.87314e-24  8.53941e-15 -5.40689e-24  1.23785e-15 -3.16571e-24   1.7149e-16 -1.39672e-24  2.27029e-17 -5.14732e-25  2.87134e-18 -1.64092e-25  3.46803e-19 -4.59096e-26  3.99817e-20 -1.13576e-26  4.39697e-21 -2.50604e-27   4.6093e-22 -5.03479e-28  4.60179e-23 -9.69109e-29  4.37111e-24  -1.9587e-29  3.94571e-25 -4.49638e-30  3.38031e-26 -1.14097e-30  2.74434e-27 -2.90069e-31  2.10784e-28 -6.84474e-32  1.52874e-29 -1.44521e-32  1.04469e-30 -2.68891e-33  6.71054e-32 -4.37204e-34   4.0406e-33 -6.15823e-35  2.27354e-34 -7.40667e-36  1.19119e-35 -7.39128e-37  5.78767e-37 -5.70838e-38   2.5955e-38 -2.62267e-39  1.06841e-39  9.52961e-41  4.01081e-41  3.91455e-41  1.36249e-42  5.55599e-42  4.14916e-44  5.83696e-43  1.11962e-45  5.16842e-44  2.63819e-47  4.01463e-45  5.32575e-49  2.71023e-46  8.97659e-51  1.51895e-47  1.21678e-52  6.58611e-49  1.25372e-54  2.00427e-50  9.01727e-57  3.63493e-52  3.54477e-59  2.49816e-54
-9.81052e-19  -0.00818675 -3.09408e-16    0.0254549 -1.65444e-15    0.0569706 -3.18249e-15    0.0672864 -3.77102e-15    0.0600044 -3.46154e-15    0.0445475 -2.69248e-15    0.0285751 -1.80029e-15    0.0161337  -1.0432e-15   0.00812131 -5.35579e-16   0.00368386 -2.49028e-16   0.00151994 -1.04793e-16  0.000575102 -3.83546e-17   0.00020096 -1.10154e-17  6.52417e-05 -1.67336e-18  1.97784e-05  5.67855e-19  5.62301e-06  6.54817e-19   1.5046e-06  3.75094e-19  3.80068e-07  1.71521e-19  9.08653e-08  7.08821e-20  2.06043e-08  2.84496e-20  4.43931e-09  1.16023e-20  9.10154e-10  4.82964e-21  1.77781e-10  1.97299e-21  3.31177e-11  7.41533e-22  5.88819e-12  2.35185e-22  9.99805e-13  5.19014e-23  1.62202e-13 -3.80206e-25  2.51496e-14 -8.41571e-24  3.72746e-15 -5.84118e-24  5.28096e-16 -2.81308e-24  7.15138e-17  -1.1067e-24  9.25447e-18 -3.73469e-25  1.14407e-18 -1.10212e-25  1.35051e-19  -2.8699e-26  1.52139e-20 -6.64377e-27  1.63449e-21 -1.38833e-27  1.67326e-22 -2.72222e-28  1.63072e-23 -5.42195e-29   1.5113e-24 -1.20434e-29  1.33027e-25 -3.01885e-30  1.11055e-26  -7.8351e-31  8.77911e-28 -1.92663e-31  6.55995e-29 -4.27861e-32  4.62391e-30 -8.40898e-33  3.06752e-31 -1.44864e-33  1.91035e-32 -2.17008e-34  1.11357e-33 -2.79324e-35   6.0555e-35 -3.02044e-36  3.06027e-36  -2.6083e-37  1.43099e-37 -1.53632e-38  6.15977e-39 -7.65693e-41  2.42632e-40   1.3211e-40  8.68372e-42  2.26965e-41  2.79988e-43  2.63087e-42  8.04865e-45  2.50725e-43  2.03618e-46  2.08818e-44  4.45868e-48  1.52898e-45  8.26748e-50  9.51284e-47  1.25949e-51  4.73339e-48  1.50331e-53  1.73613e-49  1.31034e-55  4.16137e-51  7.73301e-58  5.09507e-53  1.87155e-60
 -0.00805616  8.13791e-17   0.00104155 -7.75656e-16    0.0339398 -2.49671e-15    0.0597033 -3.77102e-15    0.0659025 -3.93511e-15    0.0562149  -3.3142e-15    0.0397932 -2.37368e-15    0.0241992 -1.46803e-15    0.0129199 -7.97838e-16   0.00615336 -3.89519e-16   0.00264746 -1.72526e-16   0.00103956 -6.79277e-17  0.000375665 -2.22598e-17  0.000125799 -5.04899e-18  3.92605e-05 -8.27479e-21  1.14732e-05  7.87157e-19  3.15192e-06  5.55614e-19  8.16671e-07  2.78022e-19  2.00121e-07  1.20269e-19  4.64841e-08  4.91362e-20  1.02544e-08  2.00774e-20  2.15181e-09  8.38687e-21  4.30081e-10  3.49662e-21   8.1962e-11  1.37416e-21  1.49062e-11  4.71652e-22  2.58881e-12  1.23709e-22  4.29571e-13  1.28452e-23  6.81274e-14 -1.07314e-23  1.03288e-14 -9.64868e-24  1.49712e-15 -5.15256e-24  2.07453e-16 -2.17522e-24  2.74766e-17 -7.78693e-25  3.47749e-18 -2.42609e-25  4.20392e-19  -6.6539e-26  4.85178e-20  -1.6182e-26  5.34234e-21 -3.52994e-27  5.60809e-22 -7.10919e-28  5.60745e-23 -1.41076e-28  5.33504e-24 -3.03776e-29   4.8242e-25 -7.44636e-30  4.14048e-26 -1.95333e-30  3.36793e-27 -4.97888e-31  2.59194e-28 -1.16024e-31  1.88369e-29 -2.40569e-32  1.28998e-30 -4.38619e-33   8.3041e-32 -6.97713e-34   5.0112e-33 -9.58608e-35  2.82603e-34 -1.11732e-35  1.48405e-35 -1.06365e-36   7.2274e-37 -7.46005e-38  3.24879e-38 -2.20859e-39  1.34052e-39  3.58951e-40  5.04439e-41  8.22002e-41  1.71776e-42  1.06812e-41  5.24382e-44  1.09983e-42  1.41853e-45   9.7992e-44  3.35111e-47  7.72492e-45  6.78421e-49  5.27398e-46  1.14776e-50  2.96235e-47   1.5663e-52  1.27575e-48  1.61505e-54  3.82886e-50  1.15821e-56   6.8096e-52  6.01944e-59  4.56234e-54
 1.37182e-16  -0.00752342 -1.47092e-16    0.0107226 -1.51302e-15    0.0408496 -3.17175e-15    0.0600044 -3.93511e-15     0.060643 -3.66956e-15    0.0482321 -2.83509e-15    0.0319856 -1.87692e-15    0.0182814 -1.08416e-15   0.00920856 -5.57715e-16    0.0041556 -2.59554e-16   0.00170144 -1.08643e-16  0.000638354 -3.92281e-17  0.000221223 -1.09673e-17   7.1273e-05 -1.49136e-18  2.14602e-05    6.968e-19  6.06513e-06  7.25619e-19  1.61474e-06  4.10601e-19  4.06176e-07  1.88784e-19  9.67724e-08  7.93189e-20  2.18832e-08  3.26416e-20  4.70472e-09  1.36615e-20  9.63026e-10  5.77548e-21    1.879e-10  2.35281e-21   3.4979e-11  8.61903e-22  6.21729e-12  2.56185e-22  1.05574e-12  4.51445e-23  1.71336e-13 -9.53324e-24  2.65823e-14 -1.41904e-23  3.94318e-15 -8.61931e-24  5.59256e-16 -3.93359e-24  7.58287e-17 -1.49808e-24  9.82683e-18 -4.93382e-25  1.21674e-18 -1.42622e-25  1.43874e-19  -3.6474e-26  1.62373e-20 -8.32796e-27  1.74779e-21 -1.73418e-27  1.79287e-22 -3.46659e-28  1.75095e-23 -7.28095e-29  1.62626e-24 -1.73255e-29  1.43466e-25 -4.54243e-30  1.20044e-26 -1.19205e-30  9.51199e-28 -2.90596e-31  7.12455e-29  -6.3474e-32  5.03407e-30  -1.2235e-32  3.34783e-31  -2.0639e-33  2.09011e-32 -3.02029e-34  1.22142e-33 -3.77895e-35  6.65885e-35 -3.92667e-36  3.37379e-36 -3.15518e-37  1.58165e-37  -1.4875e-38  6.82589e-39  6.52032e-40  2.69568e-40  2.62637e-40  9.67295e-42  3.92584e-41  3.12698e-43  4.39717e-42   9.0125e-45  4.19039e-43  2.28628e-46  3.53689e-44  5.02165e-48  2.62382e-45  9.34632e-50  1.64095e-46   1.4334e-51   8.1317e-48  1.73934e-53  2.94791e-49  1.50274e-55  6.94277e-51  8.66413e-58  8.30628e-53  4.71689e-60
 -0.00434438  5.90576e-17  -0.00250418 -6.88997e-16     0.019707 -2.24169e-15    0.0448462 -3.46154e-15    0.0562149 -3.66956e-15     0.051375 -3.09208e-15    0.0376681 -2.19968e-15    0.0232679 -1.35491e-15    0.0124835 -7.37045e-16   0.00594118 -3.60619e-16   0.00254749  -1.5942e-16  0.000995847 -6.21695e-17  0.000358201 -1.99514e-17  0.000119428 -4.27777e-18  3.71278e-05  1.82553e-19  1.08143e-05  8.11436e-19  2.96288e-06  5.50688e-19  7.66067e-07   2.7447e-19  1.87425e-07   1.2001e-19  4.34884e-08  5.01002e-20  9.58758e-09  2.10254e-20  2.01143e-09  8.96729e-21  4.02077e-10  3.75668e-21  7.66605e-11  1.45253e-21  1.39523e-11  4.75765e-22  2.42557e-12  1.09241e-22  4.02973e-13 -2.97142e-27  6.39995e-14 -1.82319e-23  9.71842e-15 -1.31795e-23   1.4111e-15 -6.57243e-24    1.959e-16 -2.67339e-24  2.59985e-17  -9.3227e-25  3.29734e-18 -2.84277e-25   3.9949e-19 -7.65137e-26  4.62107e-20 -1.83218e-26  5.10028e-21 -3.96518e-27  5.36692e-22 -8.06484e-28  5.37957e-23 -1.66771e-28  5.13113e-24 -3.83988e-29   4.6517e-25  -9.9477e-30   4.0028e-26   -2.665e-30  3.26449e-27 -6.76868e-31  2.51901e-28 -1.55465e-31  1.83559e-29 -3.16456e-32  1.26043e-30 -5.65434e-33  8.13586e-32 -8.79734e-34  4.92305e-33  -1.1777e-34   2.7839e-34 -1.32611e-35  1.46594e-35   -1.193e-36  7.15878e-37 -7.28932e-38  3.22679e-38 -2.21482e-40   1.3351e-39  7.26753e-40  5.03783e-41  1.30831e-40  1.72026e-42  1.61094e-41   5.2659e-44  1.64527e-42   1.4284e-45  1.48144e-43  3.38544e-47  1.18442e-44   6.8848e-49  8.15104e-46  1.17157e-50  4.57273e-47  1.62329e-52   1.9509e-48  1.75101e-54   5.7644e-50  1.19294e-56  1.00389e-51  5.78978e-59  6.54387e-54
 2.54012e-17  -0.00479426  -2.3552e-16   0.00442892 -1.33051e-15    0.0265192 -2.67247e-15    0.0445475  -3.3142e-15    0.0482321 -3.09208e-15    0.0397541 -2.37757e-15    0.0268234 -1.56672e-15    0.0154428 -9.04323e-16   0.00779425  -4.6608e-16   0.00351512 -2.16928e-16   0.00143663 -9.02544e-17   0.00053785 -3.20816e-17  0.000186008 -8.65045e-18  5.98207e-05 -9.65623e-19  1.79868e-05  7.12674e-19  5.07853e-06  6.63806e-19  1.35132e-06  3.69122e-19   3.3986e-07  1.70354e-19  8.09889e-08  7.27999e-20  1.83239e-08  3.07333e-20  3.94279e-09  1.31801e-20  8.07953e-10  5.63741e-21  1.57854e-10  2.27864e-21  2.94313e-11  8.07267e-22   5.2403e-12  2.19777e-22  8.91526e-13  2.46641e-23  1.44981e-13 -1.94164e-23  2.25423e-14 -1.83585e-23   3.3515e-15   -1.017e-23  4.76467e-16 -4.44233e-24  6.47622e-17 -1.64398e-24  8.41393e-18 -5.29352e-25   1.0445e-18 -1.50065e-25  1.23834e-19 -3.77418e-26  1.40134e-20   -8.522e-27  1.51253e-21 -1.77872e-27  1.55584e-22 -3.66124e-28  1.52372e-23 -8.16943e-29   1.4192e-24 -2.06974e-29  1.25555e-25 -5.60357e-30  1.05358e-26  -1.4749e-30   8.3722e-28 -3.55377e-31  6.28889e-29 -7.62968e-32  4.45643e-30 -1.44238e-32  2.97224e-31 -2.38228e-33  1.86099e-32 -3.40321e-34  1.09066e-33 -4.13002e-35  5.96319e-35 -4.09803e-36  3.03003e-36 -2.99387e-37  1.42458e-37 -9.00758e-39  6.16572e-39  1.65383e-39  2.44195e-40  3.94281e-40  8.78758e-42  5.42523e-41  2.84898e-43  5.96446e-42  8.23478e-45  5.71942e-43  2.09477e-46  4.89585e-44  4.62423e-48  3.66999e-45  8.69545e-50  2.29913e-46  1.34633e-51   1.1315e-47  1.69494e-53  4.04651e-49  1.64648e-55  9.35053e-51  7.73674e-58  1.09132e-52  4.09551e-60
 -0.00215122 -7.49259e-17  -0.00215099 -6.64827e-16    0.0112024 -1.80127e-15      0.02965 -2.69248e-15    0.0397932 -2.83509e-15    0.0376681 -2.37757e-15    0.0281141 -1.68302e-15    0.0175148 -1.03429e-15   0.00943103 -5.63063e-16    0.0044937 -2.75729e-16   0.00192689 -1.21487e-16  0.000752953 -4.68445e-17  0.000270721 -1.46566e-17  9.02387e-05 -2.90549e-18  2.80539e-05  3.20855e-19  8.17389e-06  7.01686e-19  2.24087e-06   4.5709e-19  5.79921e-07  2.26715e-19  1.42052e-07  1.00265e-19  3.30077e-08  4.28167e-20  7.28906e-09  1.84427e-20  1.53205e-09  8.00427e-21  3.06875e-10  3.35305e-21   5.8637e-11  1.26724e-21  1.06968e-11  3.90421e-22  1.86414e-12  7.25183e-23  3.10487e-13 -1.42121e-23  4.94406e-14 -2.30625e-23  7.52794e-15 -1.45781e-23  1.09607e-15 -6.89138e-24  1.52596e-16 -2.71465e-24  2.03095e-17  -9.2427e-25  2.58332e-18 -2.76198e-25  3.13904e-19 -7.30419e-26  3.64185e-20 -1.72571e-26  4.03154e-21 -3.72188e-27  4.25508e-22 -7.71103e-28    4.278e-23 -1.67747e-28  4.09281e-24 -4.12488e-29  3.72166e-25 -1.11587e-29  3.21224e-26 -3.02279e-30  2.62772e-27 -7.61689e-31  2.03381e-28 -1.72223e-31  1.48653e-29 -3.44114e-32  1.02384e-30  -6.0254e-33  6.62868e-32 -9.16529e-34  4.02315e-33  -1.1937e-34  2.28186e-34 -1.29298e-35  1.20517e-35 -1.08398e-36  5.90291e-37 -5.30994e-38  2.66862e-38  2.57236e-39  1.10742e-39  1.06479e-39  4.19101e-41  1.68124e-40  1.43534e-42  2.00424e-41  4.40733e-44  2.04745e-42  1.19913e-45  1.86733e-43  2.84921e-47  1.51141e-44  5.86614e-49  1.04495e-45  1.03223e-50   5.8373e-47  1.44068e-52  2.46196e-48  1.67405e-54    7.151e-50  1.46762e-56  1.21772e-51  3.74393e-59  7.70475e-54
-3.10457e-17  -0.00252766 -2.81768e-16    0.0021352 -1.04897e-15     0.015931 -1.95133e-15    0.0285751 -2.37368e-15    0.0319856 -2.19968e-15    0.0268234 -1.68302e-15    0.0182603 -1.10546e-15    0.0105604 -6.37771e-16   0.00534229 -3.28964e-16   0.00241234 -1.52881e-16  0.000986762 -6.31186e-17  0.000369714 -2.20284e-17  0.000127974 -5.67853e-18  4.12012e-05 -4.51244e-19  1.24045e-05   6.1037e-19  3.50774e-06  5.16045e-19  9.34995e-07   2.8217e-19  2.35614e-07  1.30853e-19  5.62675e-08  5.69628e-20    1.276e-08  2.46751e-20  2.75235e-09  1.08154e-20  5.65468e-10  4.65862e-21  1.10776e-10  1.85743e-21  2.07114e-11  6.29974e-22  3.69831e-12  1.51297e-22   6.3104e-13  1.75451e-24  1.02929e-13 -2.55114e-23  1.60525e-14 -1.93152e-23    2.394e-15 -9.99421e-24  3.41407e-16 -4.20803e-24  4.65507e-17 -1.51767e-24  6.06705e-18 -4.78505e-25  7.55555e-19 -1.33186e-25  8.98638e-20 -3.29959e-26  1.02018e-20 -7.39292e-27  1.10465e-21 -1.55753e-27  1.13992e-22 -3.33432e-28  1.11996e-23 -7.93114e-29  1.04647e-24 -2.11906e-29   9.2876e-26 -5.85716e-30  7.81832e-27 -1.53709e-30   6.2325e-28 -3.65345e-31  4.69642e-29 -7.70677e-32  3.33844e-30 -1.42894e-32  2.23357e-31 -2.31021e-33  1.40285e-32  -3.2184e-34  8.24712e-34 -3.77716e-35  4.52301e-35 -3.54725e-36  2.30529e-36 -2.26426e-37  1.08715e-37 -6.04432e-40  4.71954e-39  2.52081e-39   1.8748e-40   4.7867e-40  6.76685e-42  6.25741e-41  2.20066e-43  6.82717e-42  6.38463e-45  6.61362e-43  1.63001e-46  5.73747e-44  3.60184e-48  4.33274e-45  7.06854e-50  2.71034e-46  1.23515e-51  1.32161e-47  1.46313e-53  4.65505e-49  1.51774e-55  1.05397e-50  1.03181e-57  1.19778e-52  1.52139e-60
-0.000986988 -1.00695e-16  -0.00112298 -5.17598e-16   0.00627439 -1.24488e-15    0.0175168 -1.80029e-15    0.0241992 -1.87692e-15    0.0232679 -1.56672e-15    0.0175148 -1.10546e-15    0.0109639 -6.78493e-16   0.00592092  -3.6952e-16   0.00282698 -1.80881e-16   0.00121427 -7.93095e-17   0.00047527 -3.01801e-17  0.000171177 -9.16621e-18  5.71652e-05 -1.63742e-18  1.78084e-05  3.43573e-19  5.20034e-06  5.20364e-19  1.42911e-06  3.26799e-19  3.70792e-07  1.61572e-19  9.10716e-08  7.24072e-20  2.12217e-08  3.16624e-20  4.70012e-09  1.39756e-20  9.90887e-10  6.14647e-21  1.99094e-10  2.56058e-21  3.81631e-11  9.38541e-22  6.98431e-12  2.66272e-22  1.22114e-12  3.29107e-23  2.04061e-13  -2.3373e-23   3.2602e-14 -2.35119e-23  4.98068e-15 -1.35511e-23   7.2763e-16 -6.13377e-24  1.01643e-16 -2.34896e-24  1.35737e-17 -7.82293e-25  1.73237e-18  -2.2937e-25  2.11215e-19 -5.96812e-26  2.45873e-20 -1.39483e-26  2.73097e-21 -3.01445e-27  2.89206e-22 -6.42124e-28  2.91735e-23 -1.47973e-28  2.80034e-24  -3.8642e-29  2.55483e-25 -1.07863e-29  2.21239e-26  -2.9319e-30  1.81574e-27 -7.30798e-31  1.40993e-28 -1.62547e-31  1.03387e-29  -3.1879e-32  7.14364e-31 -5.46962e-33  4.63983e-32 -8.12865e-34    2.825e-33  -1.0279e-34  1.60735e-34 -1.06474e-35  8.51586e-36 -8.13855e-37  4.18404e-37 -2.57193e-38  1.89738e-38   4.9474e-39   7.8979e-40  1.24562e-39  2.99797e-41   1.8166e-40  1.02984e-42  2.12741e-41   3.1733e-44  2.18639e-42  8.68861e-46    2.021e-43  2.07777e-47   1.6519e-44  4.25078e-49  1.14369e-45  8.77636e-51  6.34541e-47  1.78205e-52  2.64104e-48  1.31197e-54  7.53093e-50  7.08981e-57  1.25199e-51 -1.90947e-59  7.66689e-54
-2.67376e-17  -0.00115066  -2.0843e-16   0.00123591 -6.85136e-16   0.00882988 -1.22236e-15    0.0161337 -1.46803e-15    0.0182814 -1.35491e-15    0.0154428 -1.03429e-15    0.0105604 -6.78493e-16   0.00612646 -3.91481e-16   0.00310696 -2.01966e-16   0.00140615 -9.36024e-17  0.000576479 -3.82879e-17  0.000216499 -1.30851e-17   7.5126e-05 -3.19401e-18  2.42507e-05 -1.21891e-19  7.32152e-06  4.46931e-19  2.07644e-06  3.49057e-19  5.55166e-07  1.88202e-19  1.40341e-07  8.78827e-20  3.36239e-08   3.9034e-20  7.65038e-09  1.73399e-20  1.65578e-09  7.74058e-21  3.41348e-10  3.34032e-21  6.71035e-11  1.30505e-21  1.25901e-11   4.1805e-22  2.25608e-12  8.25966e-23  3.86318e-13 -1.41375e-23  6.32364e-14 -2.59552e-23  9.89734e-15 -1.71514e-23   1.4813e-15  -8.4148e-24  2.11999e-16 -3.43275e-24  2.90085e-17 -1.20936e-24  3.79412e-18 -3.73859e-25  4.74163e-19 -1.02293e-25  5.65937e-20 -2.50133e-26  6.44721e-21 -5.58469e-27  7.00534e-22 -1.19717e-27  7.25397e-23 -2.68916e-28   7.1514e-24 -6.81195e-29  6.70492e-25  -1.8982e-29  5.97087e-26 -5.30644e-30   5.0432e-27 -1.38261e-30  4.03369e-28 -3.23776e-31   3.0496e-29 -6.70949e-32  2.17493e-30 -1.22007e-32  1.45988e-31 -1.93005e-33  9.19881e-33 -2.61843e-34  5.42522e-34 -2.96007e-35  2.98486e-35 -2.59691e-36  1.52614e-36 -1.33964e-37  7.21966e-38  6.60993e-39  3.14395e-39  2.92879e-39  1.25278e-40  4.89933e-40  4.53517e-42  6.20765e-41  1.47933e-43  6.77427e-42   4.3133e-45  6.64327e-43  1.12018e-46   5.8309e-44  2.52467e-48  4.42213e-45  4.76451e-50  2.75453e-46  1.37627e-51  1.32822e-47  3.67957e-53  4.60134e-49  1.91985e-56  1.01941e-50 -2.34269e-57  1.12556e-52 -2.16024e-59
-0.000417976 -6.33034e-17 -0.000416437 -3.15327e-16   0.00337031  -7.3114e-16   0.00930047  -1.0432e-15    0.0129199 -1.08416e-15    0.0124835 -9.04323e-16   0.00943103 -6.37771e-16   0.00592092 -3.91481e-16   0.00320593 -2.13299e-16   0.00153465 -1.04271e-16  0.000660931 -4.54301e-17  0.000259414 -1.70252e-17  9.37069e-05 -4.99367e-18  3.13904e-05 -7.73463e-19  9.81036e-06  2.82164e-19  2.87433e-06  3.38191e-19  7.92609e-07  2.05837e-19  2.06371e-07  1.01677e-19  5.08691e-08  4.62607e-20  1.18967e-08  2.07202e-20  2.64454e-09  9.34718e-21  5.59595e-10  4.14558e-21  1.12856e-10  1.70724e-21  2.17136e-11  6.01063e-22  3.98876e-12  1.51842e-22   7.0001e-13  4.30014e-24  1.17415e-13 -2.52589e-23   1.8829e-14 -2.01843e-23  2.88727e-15 -1.08648e-23  4.23366e-16 -4.74227e-24  5.93582e-17 -1.77073e-24  7.95597e-18 -5.77736e-25   1.0191e-18   -1.664e-25  1.24701e-19 -4.26672e-26  1.45686e-20 -9.89593e-27  1.62395e-21 -2.15709e-27  1.72584e-22 -4.76833e-28  1.74705e-23 -1.16787e-28  1.68284e-24 -3.21081e-29  1.54061e-25 -9.14967e-30  1.33869e-26 -2.48135e-30  1.10242e-27 -6.10613e-31  8.58927e-29  -1.3355e-31  6.31938e-30 -2.57081e-32  4.38092e-31 -4.32109e-33  2.85478e-32 -6.26824e-34  1.74382e-33 -7.67491e-35  9.95392e-35 -7.54016e-36  5.29055e-36 -5.06434e-37  2.60761e-37 -2.10216e-39  1.18623e-38  6.06915e-39  4.95304e-40  1.22351e-39  1.88609e-41  1.69755e-40  6.49702e-43  1.97313e-41  2.00791e-44   2.0476e-42  5.55674e-46  1.91701e-43  1.41079e-47  1.57789e-44  3.11709e-49  1.09078e-45  5.41519e-51  5.99771e-47  3.20395e-52  2.45982e-48  9.64337e-54   6.8773e-50 -4.83315e-56  1.11426e-51 -9.66987e-58   6.5797e-54
-1.17278e-17 -0.000456407  -1.1529e-16    0.0007419 -3.76873e-16   0.00448228 -6.65676e-16   0.00812131 -7.97838e-16   0.00920856 -7.37045e-16   0.00779425 -5.63063e-16   0.00534229  -3.6952e-16   0.00310696 -2.13299e-16   0.00157989 -1.09971e-16  0.000717098 -5.07468e-17  0.000294897 -2.05213e-17  0.000111112 -6.84071e-18   3.8688e-05 -1.55769e-18  1.25328e-05  2.82386e-20   3.7976e-06  2.87259e-19  1.08106e-06  2.09844e-19  2.90136e-07  1.11839e-19  7.36263e-08  5.26832e-20  1.77086e-08  2.38946e-20  4.04499e-09   1.0866e-20  8.78905e-10  4.91856e-21  1.81904e-10  2.11448e-21  3.59001e-11  8.03398e-22  6.76213e-12   2.3845e-22  1.21648e-12  3.29837e-23  2.09117e-13  -2.0148e-23  3.43631e-14 -2.19115e-23  5.39903e-15 -1.31875e-23  8.11153e-16 -6.19677e-24  1.16531e-16 -2.45865e-24  1.60056e-17 -8.47688e-25  2.10127e-18 -2.57251e-25  2.63579e-19 -6.92854e-26  3.15754e-20 -1.67629e-26  3.61024e-21  -3.7486e-27  3.93698e-22 -8.24715e-28  4.09133e-23 -1.95657e-28  4.04782e-24 -5.25192e-29  3.80847e-25 -1.50953e-29  3.40335e-26  -4.2368e-30  2.88452e-27 -1.09286e-30  2.31501e-28 -2.51954e-31  1.75616e-29  -5.1287e-32  1.25667e-30 -9.14549e-33  8.46322e-32 -1.41473e-33   5.3503e-33 -1.86558e-34  3.16576e-34 -2.02049e-35  1.74738e-35 -1.62293e-36  8.96282e-37 -5.56208e-38  4.25347e-38  1.04193e-38  1.85811e-39  2.80993e-39  7.42701e-41  4.34815e-40  2.69795e-42  5.41341e-41  8.82158e-44  5.94082e-42  2.57982e-45  5.90117e-43  6.91694e-47  5.22831e-44  1.91893e-48  3.97024e-45  4.69181e-50   2.4567e-46  7.42121e-52  1.16952e-47  9.40162e-53  3.97997e-49  2.56233e-54   8.6154e-51 -2.04411e-56  9.21706e-53 -1.82525e-58
-0.000162113 -3.04081e-17 -9.54721e-05 -1.62194e-16   0.00168776 -3.75685e-16   0.00445993 -5.35579e-16   0.00615336 -5.57715e-16   0.00594118  -4.6608e-16    0.0044937 -3.28964e-16   0.00282698 -2.01966e-16   0.00153465 -1.09971e-16  0.000736805 -5.35817e-17  0.000318356  -2.3136e-17   0.00012539 -8.50454e-18  4.54599e-05 -2.38529e-18  1.52862e-05 -2.93676e-19  4.79602e-06  1.95963e-19  1.41078e-06  1.97089e-19  3.90599e-07   1.1654e-19  1.02114e-07  5.75866e-20  2.52737e-08  2.66228e-20  5.93505e-09  1.22008e-20  1.32474e-09  5.60387e-21  2.81472e-10  2.49288e-21  5.69983e-11  1.00825e-21  1.10113e-11  3.36751e-22  2.03095e-12  7.13553e-23   3.5786e-13  -9.7995e-24  6.02653e-14 -2.16015e-23  9.70268e-15 -1.50063e-23  1.49368e-15  -7.6587e-24  2.19876e-16 -3.24004e-24   3.0947e-17 -1.18233e-24  4.16382e-18 -3.78423e-25  5.35379e-19 -1.07196e-25  6.57572e-20 -2.71379e-26  7.71085e-21 -6.27073e-27  8.62687e-22 -1.38888e-27  9.20153e-23 -3.21246e-28  9.34826e-24 -8.35708e-29  9.03679e-25 -2.39439e-29  8.30229e-26 -6.90411e-30  7.23938e-27 -1.86047e-30  5.98231e-28 -4.51426e-31  4.67695e-29 -9.70663e-32  3.45263e-30  -1.8339e-32  2.40158e-31  -3.0186e-33  1.57016e-32 -4.26868e-34  9.62275e-34 -5.04234e-35  5.51065e-35 -4.64258e-36  2.93836e-36  -2.5538e-37  1.45289e-37  1.18252e-38  6.63036e-39    5.855e-39  2.77743e-40  1.04095e-39  1.06089e-41  1.40027e-40  3.67234e-43  1.62739e-41  1.13741e-44  1.70864e-42   3.1597e-46   1.6177e-43  8.88524e-48  1.33699e-44  3.43971e-49  9.20461e-46  1.05437e-50  5.00679e-47  1.43959e-52  2.02081e-48  2.77655e-53   5.5326e-50  6.11852e-55  8.71808e-52 -5.31609e-57  4.94019e-54
-4.56752e-18 -0.000156931  -5.5471e-17   0.00041191 -1.83758e-16   0.00207688 -3.24446e-16   0.00368386 -3.89519e-16    0.0041556 -3.60619e-16   0.00351512 -2.75729e-16   0.00241234 -1.80881e-16   0.00140615 -1.04271e-16  0.000717098 -5.35817e-17  0.000326563 -2.45338e-17   0.00013478 -9.76208e-18  5.09771e-05 -3.14581e-18  1.78204e-05 -6.44736e-19  5.79649e-06  7.23219e-20  1.76374e-06  1.67111e-19  5.04202e-07   1.1453e-19  1.35894e-07   6.0323e-20  3.46325e-08  2.86703e-20   8.3654e-09  1.32677e-20  1.91897e-09  6.15645e-21   4.1873e-10  2.81128e-21  8.70297e-11  1.19675e-21  1.72481e-11  4.38226e-22   3.2624e-12   1.1703e-22  5.89321e-13   5.8532e-24  1.01721e-13 -1.86992e-23  1.67832e-14  -1.5925e-23  2.64755e-15 -8.94487e-24  3.99353e-16  -4.0541e-24  5.75976e-17 -1.56903e-24  7.94191e-18 -5.30231e-25  1.04666e-18 -1.58145e-25  1.31792e-19 -4.19898e-26  1.58476e-20 -1.00815e-26  1.81873e-21 -2.27165e-27  1.99065e-22  -5.1735e-28  2.07625e-23 -1.30066e-28  2.06158e-24 -3.67084e-29  1.94661e-25 -1.07744e-29  1.74568e-26 -3.01956e-30  1.48472e-27 -7.69576e-31   1.1957e-28 -1.74596e-31  9.10155e-30 -3.49095e-32  6.53491e-31 -6.10321e-33  4.41572e-32 -9.22421e-34  2.80078e-33  -1.1794e-34  1.66264e-34 -1.21455e-35  9.20684e-36 -8.63999e-37  4.73757e-37  -6.5201e-39   2.2555e-38  1.07601e-38  9.88529e-40  2.31875e-39  3.96557e-41  3.41432e-40  1.44506e-42  4.21784e-41  4.78009e-44  4.67119e-42  1.40639e-45   4.6972e-43  3.80722e-47  4.18984e-44  1.38091e-48  3.17707e-45  8.81747e-50  1.94897e-46  3.16459e-51  9.14733e-48  3.40553e-53  3.05433e-49   7.4348e-54  6.44967e-51  1.23393e-55  6.66289e-53 -8.67436e-58
-5.71502e-05 -1.38197e-17  5.17369e-06 -7.56911e-17  0.000775913 -1.74836e-16   0.00194313 -2.49028e-16   0.00264746 -2.59554e-16   0.00254749 -2.16928e-16   0.00192689 -1.52881e-16   0.00121427 -9.36024e-17  0.000660931 -5.07468e-17  0.000318356 -2.45338e-17  0.000138057 -1.04386e-17  5.45895e-05 -3.72861e-18  1.98727e-05 -9.74579e-19  6.71066e-06 -6.75802e-20  2.11455e-06  1.22869e-19  6.24725e-07  1.05585e-19  1.73727e-07  6.04667e-20  4.56177e-08  2.98435e-20  1.13403e-08  1.40018e-20  2.67474e-09  6.54671e-21  5.99628e-10  3.04656e-21  1.27957e-10  1.35147e-21   2.6023e-11  5.32922e-22  5.04871e-12  1.66009e-22  9.35138e-13  2.59548e-23  1.65463e-13 -1.29898e-23  2.79801e-14 -1.56092e-23  4.52323e-15 -9.85271e-24  6.99147e-16 -4.81608e-24   1.0333e-16 -1.98233e-24  1.46009e-17 -7.08258e-25  1.97219e-18 -2.22644e-25  2.54562e-19 -6.21069e-26  3.13856e-20  -1.5559e-26  3.69424e-21 -3.59862e-27  4.14852e-22  -8.1633e-28  4.44117e-23 -1.98808e-28  4.52842e-24 -5.47016e-29   4.3933e-25  -1.6166e-29  4.05058e-26 -4.68373e-30  3.54442e-27 -1.25055e-30  2.93913e-28 -2.98959e-31   2.3057e-29 -6.31908e-32   1.7079e-30 -1.17165e-32  1.19197e-31 -1.88752e-33  7.81905e-33  -2.5976e-34  4.80765e-34 -2.94568e-35  2.76215e-35  -2.4962e-36  1.47758e-36 -9.51553e-38  7.32907e-38  1.62442e-38  3.35558e-39   4.7661e-39  1.41103e-40  7.83629e-40  5.41923e-42  1.03547e-40  1.88244e-43   1.2095e-41  6.08067e-45  1.28557e-42  1.74939e-46  1.22825e-43  5.07811e-48  1.01646e-44  3.00559e-49  6.95369e-46  2.68084e-50  3.73608e-47  9.95785e-52  1.48226e-48  7.41244e-54  3.96861e-50  1.72316e-54  6.06684e-52  1.96728e-56  3.27769e-54
-2.07002e-18 -4.58446e-05  -2.5119e-17  0.000203962 -8.21462e-17  0.000879433 -1.44057e-16   0.00151994 -1.72526e-16   0.00170144  -1.5942e-16   0.00143663 -1.21487e-16  0.000986762 -7.93095e-17  0.000576479 -4.54301e-17  0.000294897  -2.3136e-17   0.00013478 -1.04386e-17  5.58472e-05 -4.04473e-18  2.12111e-05 -1.23109e-18  7.44706e-06 -2.02068e-19  2.43304e-06  7.07077e-20   7.4364e-07   9.0793e-20  2.13544e-07  5.79642e-20  5.78153e-08  3.00344e-20  1.48006e-08  1.43649e-20  3.59112e-09  6.76228e-21  8.27456e-10  3.18681e-21  1.81356e-10  1.45963e-21  3.78588e-11  6.11319e-22  7.53571e-12  2.13321e-22  1.43147e-12  4.87713e-23  2.59682e-13 -4.70413e-24  4.50115e-14 -1.38696e-23  7.45741e-15 -1.01977e-23  1.18123e-15 -5.42815e-24  1.78897e-16 -2.38509e-24  2.59052e-17  -9.0249e-25  3.58609e-18 -2.99326e-25  4.74455e-19 -8.78422e-26  5.99721e-20 -2.30334e-26  7.23891e-21 -5.50764e-27   8.3389e-22 -1.25897e-27  9.16105e-23 -2.99115e-28  9.59002e-24 -7.96773e-29  9.55677e-25 -2.34255e-29  9.05607e-26 -6.96245e-30  8.15004e-27 -1.94056e-30  6.95591e-28 -4.88052e-31  5.62119e-29 -1.08936e-31  4.29337e-30 -2.13935e-32  3.09303e-31 -3.66574e-33  2.09696e-32 -5.40673e-34  1.33443e-33 -6.68066e-35  7.94746e-35 -6.47184e-36   4.4152e-36 -3.83539e-37  2.27932e-37  1.52203e-38  1.08847e-38  8.89923e-39  4.78746e-40  1.68763e-39  1.93331e-41   2.4083e-40  7.13861e-43   2.9729e-41   2.3721e-44  3.32905e-42  8.25061e-46  3.38409e-43  2.58746e-47  3.03088e-44  9.61035e-49  2.28941e-45  8.24309e-50  1.38997e-46  8.05616e-51  6.42403e-48  2.91318e-52  2.10216e-49  1.11655e-54  4.32206e-51  3.32227e-55  4.29236e-53  2.14585e-57
 -1.8187e-05 -6.21798e-18  2.00037e-05 -3.26612e-17  0.000326135 -7.41636e-17  0.000774193 -1.04793e-16   0.00103956 -1.08643e-16  0.000995847 -9.02544e-17  0.000752953 -6.31186e-17   0.00047527 -3.82879e-17  0.000259414 -2.05213e-17   0.00012539 -9.76208e-18  5.45895e-05 -4.04473e-18  2.16762e-05 -1.37141e-18  7.92562e-06 -3.08164e-19  2.68839e-06  1.93956e-20  8.50988e-07  7.25493e-20  2.52574e-07  5.32296e-20  7.05608e-08  2.92617e-20  1.86132e-08  1.43523e-20  4.64833e-09  6.80746e-21  1.10134e-09  3.23203e-21  2.48014e-10  1.51514e-21  5.31609e-11  6.66138e-22  1.08591e-11  2.53952e-22  2.11598e-12   7.1956e-23  3.93617e-13  5.47033e-24  6.99431e-14 -1.07234e-23  1.18772e-14 -9.85398e-24  1.92803e-15 -5.79578e-24  2.99232e-16  -2.7326e-24  4.44034e-17 -1.09752e-24  6.29942e-18 -3.84517e-25  8.54231e-19  -1.1885e-25  1.10689e-19 -3.26945e-26  1.36995e-20 -8.12709e-27   1.6186e-21 -1.89181e-27  1.82443e-22 -4.43039e-28  1.96033e-23 -1.14005e-28  2.00612e-24 -3.29499e-29  1.95326e-25 -9.95032e-30  1.80727e-26 -2.88127e-30  1.58698e-27 -7.60745e-31  1.32053e-28   -1.791e-31  1.03947e-29 -3.72112e-32  7.72572e-31 -6.76973e-33   5.4099e-32 -1.06658e-33  3.56048e-33 -1.42525e-34  2.19635e-34 -1.54118e-35  1.26596e-35 -1.16752e-36  6.79458e-37 -1.48683e-38  3.38174e-38  1.46082e-38  1.55244e-39  3.39145e-39  6.55842e-41  5.30158e-40  2.56862e-42  6.94647e-41  9.30632e-44  8.18276e-42  3.01871e-45  8.80064e-43  1.50364e-46   8.4645e-44  5.84382e-48  6.99637e-45  2.79178e-49    4.747e-46  2.30692e-50  2.51596e-47  2.21002e-51  9.80123e-49  7.57841e-53  2.56242e-50  3.00635e-57   3.7883e-52  5.00972e-56  1.93386e-54
-9.66816e-19 -1.07496e-05 -1.04638e-17  8.99884e-05 -3.31506e-17  0.000341642 -5.72756e-17  0.000575102 -6.79277e-17  0.000638354 -6.21695e-17   0.00053785 -4.68445e-17  0.000369714 -3.01801e-17  0.000216499 -1.70252e-17  0.000111112 -8.50454e-18  5.09771e-05 -3.72861e-18  2.12111e-05 -1.37141e-18  8.09163e-06  -3.6667e-19  2.85382e-06 -2.16327e-20  9.36691e-07  5.41936e-20  2.87628e-07  4.71381e-20  8.29816e-08  2.76969e-20  2.25715e-08  1.40003e-20   5.8051e-09  6.70136e-21    1.415e-09  3.19257e-21  3.27531e-10  1.51908e-21  7.21102e-11  6.93621e-22  1.51206e-11  2.83802e-22  3.02301e-12  9.29795e-23  5.76751e-13  1.64877e-23  1.05078e-13 -6.41406e-24  1.82908e-14 -8.78695e-24  3.04308e-15 -5.84661e-24  4.84005e-16 -2.97955e-24  7.36014e-17 -1.27406e-24  1.07007e-17 -4.72202e-25  1.48718e-18 -1.53887e-25   1.9753e-19 -4.44892e-26  2.50644e-20 -1.15445e-26   3.0369e-21 -2.76093e-27   3.5115e-22 -6.44909e-28    3.872e-23 -1.60818e-28  4.06812e-24 -4.52338e-29  4.06864e-25 -1.37229e-29   3.8692e-26 -4.10229e-30  3.49433e-27  -1.1339e-30   2.9927e-28 -2.81187e-31  2.42674e-29 -6.17399e-32  1.85977e-30 -1.19079e-32   1.3443e-31 -1.99878e-33  9.14394e-33 -2.87259e-34  5.83788e-34  -3.4151e-35   3.4881e-35 -3.06308e-36  1.94415e-36 -1.31986e-37  1.00736e-37  1.93584e-38  4.83039e-39  6.29764e-39  2.12662e-40   1.1022e-39  8.65939e-42  1.54379e-40  3.44516e-43  1.91389e-41  1.30353e-44  2.16846e-42  4.40502e-46  2.22404e-43  4.38681e-47  1.99486e-44  1.88191e-48   1.4979e-45  9.76553e-50  8.98757e-47  5.76466e-51  4.08589e-48  5.35037e-52  1.30871e-49  1.70796e-53  2.61379e-51 -6.30051e-56  2.48082e-53  5.10751e-57
