  1.2687e-11 -1.57096e-25 -2.54511e-10  4.89546e-24  1.87796e-09 -4.67091e-23  -7.7666e-09   2.5821e-22  2.03492e-08 -9.90841e-22 -3.50917e-08  2.85762e-21  3.90217e-08 -6.46486e-21 -2.46304e-08  1.18129e-20  3.61861e-09 -1.78508e-20  5.76522e-09   2.2657e-20 -2.39689e-09 -2.40696e-20 -1.37055e-09  2.05959e-20   6.3564e-10 -1.27648e-20  4.24643e-10  3.85258e-21 -8.60234e-11  1.95595e-21 -1.24717e-10 -3.01528e-21 -1.64287e-11  1.29255e-21  2.26723e-11  2.41149e-22  1.21136e-11 -4.38685e-22     2.36e-13 -1.30761e-24 -2.30207e-12  2.21908e-22 -1.09457e-12 -1.18426e-22  -1.0373e-13   -1.467e-23  1.36499e-13  3.18114e-23  8.46028e-14   7.6376e-25  2.17583e-14 -1.02461e-23 -1.13941e-15  1.64723e-24 -3.52995e-15  2.17339e-24 -1.65183e-15 -5.45967e-25 -4.16103e-16 -3.63209e-25 -2.52157e-17  8.69418e-26   3.0525e-17  6.61281e-26  1.72762e-17  -1.1564e-26  5.53367e-18 -1.08638e-26   1.1651e-18  4.59268e-28   1.1228e-19  1.51262e-27 -3.09682e-20  2.10142e-28 -2.03251e-20 -1.01779e-28 -6.60558e-21 -6.16084e-29 -1.56334e-21 -3.58518e-30 -2.84517e-22  6.50366e-30 -3.74327e-23  1.16047e-30 -2.20054e-24 -1.85038e-31  5.43397e-25  -1.2425e-31  2.37136e-25 -2.41085e-32  5.59016e-26   5.6443e-33    1.007e-26  5.94807e-33  1.49716e-27  2.15782e-33  1.88213e-28  4.85356e-34  2.00492e-29  6.92725e-35  1.78052e-30  5.12913e-37  1.25604e-31 -3.15743e-36  6.02081e-33 -1.07464e-36  2.99154e-35 -2.10648e-37 -3.14603e-35 -2.65566e-38 -4.09969e-36 -2.21942e-39 -3.37199e-37  -1.0274e-40 -2.07161e-38     6.42e-42  -9.8813e-40  1.83914e-42 -3.58144e-41  1.66595e-43 -9.47435e-43  8.38754e-45 -1.70433e-44  2.46283e-46 -1.67779e-46  2.74741e-48
-1.57096e-25  3.73695e-10 -2.73395e-24 -4.23121e-09  5.88436e-23  2.35183e-08 -4.47835e-22 -7.93496e-08  2.09721e-21  1.74996e-07  -7.0372e-21 -2.55506e-07  1.80394e-20  2.34773e-07 -3.65484e-20 -1.07957e-07  6.00992e-20 -1.25066e-08  -8.2426e-20  3.62192e-08  9.64826e-20 -3.23024e-09 -9.64608e-20 -9.95358e-09  7.87871e-20  4.74016e-10 -4.63627e-20  2.67972e-09  1.19999e-20  4.10492e-10  8.82463e-21 -5.50271e-10 -1.13743e-20  -2.6684e-10  4.34409e-21  3.05125e-11  1.21612e-21  6.96464e-11 -1.75178e-21  2.27906e-11  9.40471e-23  -3.6732e-12  7.49343e-22 -5.99062e-12 -4.33476e-22 -2.21455e-12 -3.12486e-23 -7.34713e-14  1.10086e-22  3.18365e-13 -3.30785e-24  1.72578e-13 -3.29004e-23  4.27405e-14  6.13106e-24 -1.23736e-15  6.64922e-24 -5.98851e-15 -1.77416e-24 -2.88754e-15  -1.0675e-24 -7.92927e-16  2.78937e-25 -9.86962e-17  1.93225e-25  2.66295e-17 -3.88094e-26   2.1207e-17 -3.32969e-26  7.69619e-18  1.75166e-27  1.91242e-18  4.63947e-27  3.19163e-19  7.39619e-28  1.77877e-20 -2.72646e-28 -1.05171e-20 -1.96232e-28 -5.01846e-21 -1.58431e-29 -1.40713e-21  1.79174e-29 -3.00244e-22  3.37512e-30 -5.13129e-23 -5.89944e-31 -6.91078e-24  -3.7576e-31 -6.48449e-25 -5.49338e-32 -1.30286e-26  3.27449e-32  1.08055e-26  2.49081e-32  3.00161e-27  8.48693e-33  5.32554e-28  1.85224e-33  7.44699e-29  2.59659e-34  8.68797e-30  7.05476e-36  8.62651e-31 -8.55399e-36  7.32573e-32 -2.93989e-36   5.2988e-33 -5.51275e-37  3.22528e-34 -6.56849e-38  1.61475e-35 -5.26777e-39  6.38628e-37 -2.49649e-40  1.82217e-38   8.4924e-42  2.77484e-40   2.7622e-42 -2.65054e-42  2.20124e-43 -2.63607e-43  9.07638e-45 -5.89995e-45  1.87988e-46 -4.86197e-47
-2.54511e-10 -2.73395e-24  5.39126e-09 -2.68246e-23 -4.21801e-08  4.35992e-22  1.85972e-07 -2.74079e-21 -5.23448e-07  1.11023e-20  9.81324e-07 -3.30506e-20 -1.21283e-06  7.59937e-20   9.0183e-07 -1.38358e-19 -2.53842e-07  2.04332e-19 -1.55268e-07 -2.53137e-19  1.20652e-07  2.72825e-19  2.73532e-08 -2.58286e-19  -3.4762e-08  2.03712e-19 -9.84237e-09 -1.15095e-19   7.6989e-09  2.52989e-20  4.17999e-09  2.59387e-20 -7.37501e-10 -2.94878e-20 -1.22287e-09  1.04919e-20 -2.78848e-10  3.30828e-21  1.53218e-10 -4.50596e-21   1.2304e-10  4.60361e-22  2.53149e-11  1.72422e-21 -1.11378e-11 -1.10921e-21  -9.9026e-12 -1.57135e-23 -3.04523e-12  2.63063e-22  3.61742e-14 -2.17765e-23  4.74692e-13   -7.321e-23  2.38376e-13  1.53604e-23  5.95841e-14  1.40523e-23  9.86764e-16 -4.02319e-24 -6.36555e-15 -2.13131e-24 -3.29022e-15  6.59563e-25 -9.87184e-16  3.89262e-25 -1.74228e-16 -1.00062e-25  1.43739e-18 -7.29761e-26  1.42395e-17  4.98832e-27  6.26192e-18  1.01443e-26  1.78219e-18  1.85333e-27  3.73368e-19 -4.83911e-28  5.43577e-20 -4.28516e-28  2.84932e-21 -4.40082e-29 -1.32402e-21  3.29253e-29 -5.78711e-22  5.96109e-30   -1.479e-22 -1.52665e-30 -2.90969e-23 -7.80352e-31  -4.6954e-24 -3.45844e-32 -6.29319e-25  1.24549e-31 -6.85963e-26  7.37805e-32 -5.58283e-27  2.33582e-32 -2.18086e-28  4.89902e-33  2.73133e-29  6.79481e-34  7.73109e-30  3.18132e-35  1.12018e-30 -1.48057e-35  1.21441e-31 -5.33968e-36  1.06521e-32 -9.62737e-37  7.73917e-34 -1.08448e-37    4.668e-35 -8.31343e-39  2.31688e-36  -3.9435e-40  9.26018e-38  5.92875e-42  2.88661e-39  2.64744e-42  6.64947e-41  1.82528e-43  1.01771e-42   5.8634e-45  8.18709e-45  7.00778e-47
 4.89546e-24 -4.23121e-09 -2.68246e-23  5.07851e-08 -1.80961e-22 -3.00629e-07  2.33543e-21  1.08706e-06  -1.2441e-20 -2.59295e-06  4.44133e-20  4.15698e-06 -1.19014e-19 -4.32638e-06  2.47762e-19   2.5011e-06 -4.06509e-19 -1.83893e-07  5.36853e-19 -6.93145e-07 -5.95513e-19    2.229e-07  5.88628e-19  1.78044e-07 -5.32309e-19  -6.2618e-08  4.11852e-19 -5.46552e-08 -2.26419e-19   7.2117e-09  4.19647e-20   1.5637e-08  5.80704e-20  2.77636e-09 -6.02822e-20 -2.74691e-09  2.08046e-20 -1.65959e-09  6.16339e-21 -8.59289e-11  -8.8253e-21  3.04217e-10  1.41547e-21  1.56396e-10  3.08083e-21  1.79073e-11 -2.27867e-21 -1.88224e-11  9.75503e-23 -1.24322e-11   5.0525e-22 -3.36289e-12 -6.58374e-23    1.166e-13 -1.30832e-22  5.28117e-13  2.99204e-23  2.56487e-13  2.33801e-23  6.69163e-14 -7.37086e-24  4.82388e-15 -3.23645e-24 -4.63098e-15   1.3447e-24 -2.74313e-15  6.22979e-25 -9.02368e-16 -2.23545e-25 -1.96485e-16 -1.33726e-25 -2.12228e-17  1.08626e-26  4.23868e-18  1.81445e-26   3.1588e-18  3.85055e-27  1.06146e-18 -5.93389e-28  2.57374e-19 -7.31005e-28  4.82492e-20 -9.29159e-29  6.73005e-21  4.40857e-29  5.19633e-22  6.11062e-30 -5.37763e-23 -3.46809e-30 -3.20722e-23 -1.20531e-30 -8.01036e-24  1.98461e-31 -1.47847e-24  3.58547e-31 -2.23035e-25  1.76044e-31 -2.83961e-26  5.17335e-32 -3.07551e-27  1.03945e-32  -2.8128e-28  1.43344e-33 -2.11612e-29  9.26526e-35 -1.22246e-30 -1.78886e-35 -4.21103e-32  -7.3527e-36  9.20286e-34  -1.2866e-36  2.87131e-34 -1.37117e-37  2.65918e-35 -1.00046e-38  1.64303e-36 -4.65526e-40   7.4388e-38  1.24711e-42  2.45427e-39  1.84589e-42  5.65119e-41   1.0736e-43  7.82792e-43  2.46021e-45  4.20065e-45
 1.87796e-09  5.88436e-23 -4.21801e-08 -1.80961e-22  3.51349e-07 -9.13782e-22 -1.65804e-06  9.65976e-21  5.03183e-06 -4.45121e-20 -1.02851e-05  1.42698e-19  1.41349e-05 -3.49736e-19 -1.22407e-05     6.66e-19  5.06178e-06 -9.87158e-19  1.12903e-06  1.15743e-18 -1.96557e-06 -1.13259e-18  4.90087e-08  1.01877e-18  5.73002e-07 -8.92328e-19  4.00389e-09    6.922e-19 -1.57078e-07 -3.75456e-19 -3.11373e-08  5.80209e-20  3.22521e-08  1.06032e-19  1.75097e-08 -1.02443e-19 -1.46714e-09  3.54165e-20 -4.51741e-09  8.24832e-21 -1.57691e-09  -1.4038e-20  2.25678e-10  3.38683e-21  4.13231e-10  4.48105e-21  1.57982e-10  -3.9862e-21  5.97227e-12  3.74741e-22 -2.31533e-11  8.33479e-22 -1.28077e-11 -1.38353e-22 -3.21824e-12 -1.98945e-22  9.59927e-14   4.7444e-23  4.63111e-13  3.15674e-23  2.25604e-13   -1.165e-23  6.26182e-14 -3.69387e-24  7.92861e-15  2.52538e-24 -2.09445e-15  8.46591e-25 -1.69883e-15 -4.43738e-25 -6.23162e-16 -2.20189e-25 -1.56817e-16  1.75403e-26 -2.68055e-17  2.77131e-26 -1.74556e-18  6.99483e-27  7.76783e-19 -3.37799e-28  3.91706e-19 -1.01048e-27  1.11774e-19 -1.62645e-28  2.41539e-20  3.80602e-29  4.19275e-21 -8.75519e-31  5.81032e-22 -6.73818e-30  5.89787e-23 -1.20966e-30  2.57696e-24  9.34494e-31  -5.7263e-25    8.389e-31 -1.90902e-25  3.56117e-31 -3.52301e-26    9.744e-32 -4.97895e-27  1.87556e-32 -5.80517e-28  2.57619e-33 -5.72795e-29  2.04358e-34 -4.81915e-30 -1.34155e-35 -3.45023e-31 -7.98719e-36 -2.08234e-32 -1.38138e-36  -1.0415e-33 -1.39583e-37 -4.20115e-35 -9.65325e-39 -1.30506e-36 -4.32435e-40 -2.89483e-38 -2.13195e-42 -3.80091e-40  9.76981e-43  -8.8051e-43  4.59691e-44   4.0224e-44   6.1557e-46
-4.67091e-23  2.35183e-08  4.35992e-22 -3.00629e-07 -9.13782e-22  1.90399e-06 -3.60649e-21 -7.41066e-06  3.18356e-20  1.91925e-05 -1.29282e-19 -3.38735e-05   3.8034e-19   3.9857e-05 -8.68951e-19 -2.80774e-05  1.53145e-18  6.65206e-06 -2.05516e-18  5.80612e-06  2.11617e-18 -3.83357e-06 -1.78136e-18 -1.15835e-06  1.43706e-18  1.17868e-06 -1.24994e-18  3.99676e-07  1.00226e-18 -2.69271e-07 -5.42335e-19 -1.63198e-07  6.72269e-20  2.49244e-08  1.64463e-19  4.81383e-08 -1.48302e-19  1.15959e-08  5.25236e-20 -6.22718e-09  7.08624e-21 -5.16592e-09 -1.86141e-20 -1.06926e-09  6.78082e-21  4.98131e-10  5.39249e-21  4.41318e-10 -6.15469e-21  1.34872e-10  8.27614e-22 -3.61692e-12  1.22782e-21 -2.27271e-11 -2.20822e-22 -1.12792e-11 -2.63662e-22 -2.77278e-12  6.13813e-23 -4.50468e-15  3.32265e-23  3.24578e-13 -1.66808e-23  1.64653e-13 -2.54369e-24  4.90441e-14  4.49859e-24  8.53204e-15  1.04408e-24 -1.49046e-16 -7.83148e-25 -7.40186e-16 -3.38913e-25 -3.21868e-16  1.82023e-26 -9.14381e-17  3.62063e-26 -1.92044e-17  1.12779e-26 -2.82827e-18  6.02582e-28 -1.63867e-19 -1.12783e-27    6.206e-20 -2.52788e-28  2.81173e-20 -2.54821e-30  7.23686e-21 -1.97387e-29  1.42746e-21 -1.07554e-29  2.31009e-22  1.03028e-31  3.11765e-23  2.56323e-30  3.46236e-24  1.66546e-30  2.98188e-25  6.28202e-31  1.56546e-26  1.60691e-31 -4.95141e-28  2.96593e-32 -2.56997e-28  4.05166e-33 -3.98014e-29  3.65758e-34 -4.34505e-30  3.46125e-37 -3.75359e-31 -6.80733e-36 -2.64891e-32 -1.21058e-36 -1.53459e-33 -1.16658e-37 -7.22417e-35 -7.62211e-39 -2.70128e-36 -3.22882e-40 -7.72362e-38 -2.93162e-42 -1.57118e-39  3.97047e-43 -1.97331e-41  1.39533e-44  -9.8476e-44
 -7.7666e-09 -4.47835e-22  1.85972e-07  2.33543e-21 -1.65804e-06 -3.60649e-21  8.41764e-06 -1.13371e-20 -2.76754e-05  8.43487e-20  6.19233e-05 -3.08033e-19 -9.48091e-05  8.56386e-19   9.4972e-05 -1.86892e-18 -5.21555e-05  3.08977e-18  1.21277e-06 -3.76109e-18  1.63762e-05  3.34777e-18 -4.59188e-06  -2.3196e-18 -4.46193e-06  1.62938e-18  1.41208e-06 -1.48252e-18  1.40101e-06  1.28297e-18 -1.64718e-07 -6.94573e-19 -4.12428e-07  5.98729e-20 -7.56834e-08  2.23282e-19  7.63777e-08 -1.84424e-19  4.65428e-08  6.76948e-20  1.86338e-09  2.30034e-22 -9.18309e-09  -2.0553e-20 -4.62848e-09  1.18261e-20 -4.49573e-10   5.3271e-21  6.25793e-10 -8.61786e-21  3.95757e-10   1.3562e-21  1.02068e-10  1.65755e-21 -7.49759e-12  -2.6356e-22 -1.85589e-11  -3.0394e-22 -8.67058e-12  6.15707e-23 -2.17517e-12  2.09708e-23 -1.09713e-13 -2.28074e-23  1.78133e-13  1.12435e-24  9.92321e-14   7.6561e-24   3.1896e-14  1.29628e-24  6.78048e-15 -1.22119e-24  6.74354e-16 -4.94987e-25 -1.73072e-16  6.08165e-28 -1.17184e-16  3.89094e-26 -3.85696e-17  1.60675e-26 -9.25544e-18   2.4169e-27 -1.72451e-18 -9.76824e-28  -2.4032e-19 -3.77015e-28 -1.90016e-20 -9.51664e-29  1.67023e-21 -5.20149e-29  1.06262e-21 -1.31992e-29  2.65642e-22  4.06238e-30  4.87331e-23  5.46251e-30  7.29145e-24  2.88497e-30  9.20365e-25  9.84091e-31   9.8958e-26  2.36165e-31  9.02412e-27  4.18278e-32  6.84845e-28  5.65889e-33  4.13037e-29  5.51616e-34  1.73441e-30  2.06603e-35  1.99953e-32 -4.21896e-36 -4.31341e-33 -8.57819e-37 -4.70764e-34 -8.00425e-38 -2.90911e-35 -4.93996e-39 -1.24652e-36   -1.945e-40 -3.74025e-38 -2.07526e-42 -7.29627e-40  1.23084e-43  -7.4548e-42   2.6588e-45
  2.5821e-22 -7.93496e-08 -2.74079e-21  1.08706e-06  9.65976e-21 -7.41066e-06 -1.13371e-20  3.12262e-05 -2.82371e-20 -8.82652e-05  1.76276e-19  0.000172184 -5.96191e-19 -0.000229125   1.6431e-18   0.00019311 -3.54167e-18  -7.5682e-05  5.57688e-18 -2.23971e-05 -6.16512e-18  3.30831e-05  4.63748e-18 -6.76757e-09 -2.42564e-18  -1.0238e-05  1.37661e-18 -1.77016e-07 -1.49717e-18    2.946e-06  1.48586e-18  5.87555e-07 -7.94547e-19 -6.46414e-07  2.18329e-20 -3.46695e-07  2.72919e-19  3.90195e-08 -1.95514e-19   9.7085e-08  7.41843e-20   3.2074e-08  -1.3603e-20 -6.45233e-09 -1.80896e-20 -9.57908e-09  1.85363e-20 -3.44098e-09  4.13556e-21  1.64728e-11 -1.12125e-20  6.00449e-10  1.71765e-21  3.09801e-10  2.08655e-21  7.13021e-11 -1.86385e-22 -6.50231e-12 -2.91608e-22 -1.28289e-11  3.74854e-23 -5.85857e-12 -1.34809e-23 -1.54156e-12 -3.15645e-23 -1.60541e-13  7.67392e-24    7.023e-14  1.23927e-23  4.82296e-14  1.82801e-24  1.69403e-14 -1.66073e-24  4.13354e-15 -6.81558e-25  6.75481e-16 -4.88582e-26  3.34229e-17  2.98099e-26 -2.37889e-17  1.98639e-26 -1.09794e-17  4.89822e-27 -3.04268e-18 -6.04797e-28 -6.45779e-19 -5.82131e-28 -1.10569e-19 -2.51722e-28 -1.51613e-20 -9.29711e-29 -1.53304e-21 -9.81894e-30 -7.05768e-23  1.20916e-29   1.3112e-23  9.81892e-30  4.47331e-24   4.4433e-30  8.16965e-25  1.38637e-30  1.13456e-25  3.12943e-31  1.29484e-26  5.31766e-32  1.24666e-27  7.08148e-33  1.02037e-28  7.17523e-34  7.08476e-30  4.12668e-35  4.13401e-31  -1.2134e-36  1.99324e-32  -4.6616e-37  7.73551e-34 -4.40211e-38  2.31724e-35 -2.59016e-39  4.99769e-37 -9.33184e-41  6.73089e-39 -9.64102e-43  3.93659e-41  2.83835e-44   -4.029e-44
 2.03492e-08  2.09721e-21 -5.23448e-07  -1.2441e-20  5.03183e-06  3.18356e-20 -2.76754e-05 -2.82371e-20  9.92182e-05 -5.29077e-20 -0.000244392  2.65564e-19  0.000418407 -8.90485e-19 -0.000483394  2.68509e-18  0.000335506 -6.00257e-18 -7.39328e-05  9.15049e-18 -7.70564e-05 -9.18511e-18   4.9475e-05  5.64905e-18  1.60034e-05 -1.79458e-18 -1.63827e-05  5.74246e-19 -5.55371e-06 -1.29331e-18  4.06095e-06  1.59668e-18  2.38213e-06 -8.11862e-19 -4.67341e-07  -6.3146e-20 -7.65387e-07  3.10756e-19 -1.61239e-07 -1.70163e-19  1.16744e-07  6.45031e-20   8.6811e-08 -3.41004e-20   1.4751e-08 -1.04013e-20   -1.058e-08  2.68897e-20 -8.09557e-09  2.21787e-21 -2.20662e-09 -1.38854e-20  2.37803e-10  1.54002e-21  4.78686e-10  2.47233e-21   2.1688e-10  1.05977e-22   4.7349e-11 -1.92155e-22 -3.42675e-12 -1.63066e-23 -7.50898e-12 -7.73702e-23   -3.465e-12 -4.60859e-23 -9.69241e-13  1.64155e-23 -1.48602e-13   1.8927e-23  1.29399e-14  2.99895e-24  1.78538e-14 -1.90975e-24  7.13712e-15 -8.63699e-25  1.94353e-15 -1.35946e-25  3.92894e-16  4.13769e-27  5.44591e-17  2.05141e-26   2.1502e-18  7.25979e-27 -1.54304e-18 -3.04477e-28 -6.20874e-19 -9.54311e-28 -1.53366e-19 -4.72484e-28 -2.94587e-20 -1.30794e-28 -4.66582e-21  4.51495e-30 -6.17789e-22  2.50613e-29 -6.74738e-23  1.54468e-29 -5.74866e-24  6.16417e-30 -3.08068e-25  1.77239e-30   6.1179e-27  3.76879e-31   4.1416e-27  6.13695e-32   6.3575e-28  7.98635e-33  6.73812e-29  8.17533e-34    5.593e-30  5.55498e-35  3.75728e-31  1.20658e-36  2.04969e-32 -1.55746e-37  8.95933e-34 -1.79038e-38  3.04853e-35 -1.04936e-39  7.65927e-37 -3.43062e-41   1.2879e-38 -2.90763e-43  1.15368e-40  4.47347e-45
-9.90841e-22  1.74996e-07  1.11023e-20 -2.59295e-06 -4.45121e-20  1.91925e-05  8.43487e-20 -8.82652e-05 -5.29077e-20  0.000274321 -5.81885e-20 -0.000595079  1.64227e-19  0.000898128 -8.23231e-19 -0.000896724  3.68729e-18  0.000492832 -9.22981e-18 -5.21952e-06  1.38353e-17 -0.000167755 -1.25776e-17  4.90161e-05  6.01205e-18  4.76505e-05 -2.81179e-19 -1.68394e-05 -6.82903e-19 -1.56928e-05 -9.77393e-19  2.58304e-06  1.64122e-18  5.01269e-06 -7.38813e-19  7.07626e-07 -2.06809e-19 -1.06968e-06  3.45181e-19 -5.77894e-07 -1.05358e-19  1.55959e-08  3.27151e-20  1.37405e-07 -6.01333e-20  6.09862e-08  1.98684e-21  1.90548e-09  3.71706e-20 -1.07298e-08   5.5925e-22 -5.88486e-09 -1.67488e-20  -1.2668e-09  3.83792e-22  2.64692e-10  2.75666e-21   3.2867e-10  6.95468e-22  1.37571e-10  3.20857e-23   3.0175e-11 -9.46193e-23 -6.68029e-13 -1.74465e-22 -3.65655e-12 -7.08399e-23 -1.76887e-12  2.53351e-23 -5.28708e-13  2.70879e-23 -1.02468e-13  5.22259e-24 -6.59734e-15 -1.69265e-24  4.24216e-15  -9.6265e-25  2.25167e-15  -2.4642e-25  6.91066e-16 -3.75325e-26  1.58647e-16   1.6133e-26  2.83441e-17   8.2512e-27  3.72157e-18 -5.79992e-28  2.43018e-19 -1.59275e-27  -4.0783e-20 -7.40198e-28 -1.92728e-20 -1.49177e-28 -4.51077e-21  3.36267e-29  -7.9566e-22  4.25911e-29 -1.15343e-22  2.17041e-29 -1.41436e-23   7.7736e-30 -1.47852e-24  2.06977e-30 -1.31132e-25  4.14816e-31 -9.69087e-27  6.45909e-32 -5.72316e-28  8.15063e-33 -2.41649e-29  8.24675e-34  -4.0568e-31  5.97672e-35  3.83712e-32  2.50097e-36  4.40758e-33  2.36756e-38  2.57084e-34 -3.68251e-39  9.95124e-36  -2.8338e-40  2.56023e-37 -8.69809e-42  3.90888e-39 -4.52621e-44  2.32474e-41
-3.50917e-08  -7.0372e-21  9.81324e-07  4.44133e-20 -1.02851e-05 -1.29282e-19  6.19233e-05  1.76276e-19 -0.000244392 -5.81885e-20  0.000668293  4.93448e-20  -0.00128757 -5.97961e-19   0.00171738  3.72897e-19  -0.00146797  4.08129e-18  0.000590712  -1.3073e-17  0.000177249  1.94962e-17  -0.00027817  -1.5953e-17  7.22291e-06  5.43471e-18  9.10507e-05  2.00372e-18 -2.40897e-06 -2.11213e-18 -2.82836e-05 -7.10422e-19 -4.14804e-06  1.67095e-18  7.07121e-06   -6.036e-19  3.24027e-06  -4.0864e-19 -7.24938e-07  3.94966e-19 -1.09147e-06 -6.86992e-21 -2.90904e-07 -2.36052e-20  1.14648e-07 -9.14497e-20  1.17124e-07   1.7199e-20   3.5024e-08  5.02539e-20 -4.42929e-09  5.80857e-22 -8.60514e-09 -2.00314e-20 -3.81513e-09 -2.15876e-21  -6.8146e-10  2.85338e-21  1.95917e-10  1.61746e-21  1.97286e-10  4.14823e-22  7.92949e-11 -1.79235e-22  1.82156e-11 -3.02955e-22  7.78262e-13 -1.10557e-22 -1.41207e-12  3.12619e-23 -7.60069e-13  3.61701e-23  -2.4404e-13   8.8376e-24 -5.50547e-14 -6.92672e-25 -7.80799e-15 -8.48415e-25  5.21936e-17 -3.36052e-25  4.53309e-16 -8.49594e-26   1.7488e-16  6.65238e-27  4.52003e-17  6.70494e-27  9.15031e-18 -1.93115e-27  1.50091e-18 -2.54603e-27  1.95784e-19 -1.01613e-27  1.82031e-20 -1.32585e-28   5.3394e-22  7.76976e-29 -2.24786e-22  6.27012e-29  -6.3177e-23  2.75839e-29 -1.07663e-23   8.9699e-30 -1.42411e-24  2.21837e-30 -1.55644e-25  4.18921e-31 -1.43576e-26  6.21918e-32 -1.12374e-27  7.55011e-33 -7.43379e-29  7.42027e-34 -4.11102e-30  5.43448e-35 -1.86541e-31  2.70453e-36 -6.74888e-33   8.8117e-38 -1.86102e-34  1.63278e-39 -3.63226e-36 -1.24179e-41 -4.37463e-38 -9.43666e-43 -2.33895e-40  1.46632e-45
 2.85762e-21 -2.55506e-07 -3.30506e-20  4.15698e-06  1.42698e-19 -3.38735e-05 -3.08033e-19  0.000172184  2.65564e-19 -0.000595079  4.93448e-20   0.00144936  4.85694e-19   -0.0024971 -2.88935e-18   0.00294477  3.86478e-18  -0.00211919  3.16573e-18  0.000513516 -1.73466e-17  0.000499104  2.58318e-17 -0.000361627  -1.8817e-17 -9.76746e-05  3.80303e-18  0.000128989  4.69281e-18  3.48102e-05 -3.35439e-18 -3.61763e-05 -6.13034e-19 -1.73891e-05  1.73783e-18  5.91434e-06 -4.73701e-19  6.64773e-06 -6.52833e-19  8.52018e-07  4.84266e-19  -1.3241e-06  1.15159e-19 -7.81658e-07 -1.02607e-19 -6.39196e-08 -1.30296e-19  1.36161e-07  3.23057e-20    8.182e-08  6.75669e-20  1.66323e-08  3.85151e-21 -5.79872e-09 -2.39236e-20  -5.8832e-09  -6.3439e-21 -2.26129e-09  2.64622e-21 -3.62181e-10  2.83552e-21  1.10793e-10  9.74872e-22  1.03653e-10 -2.42187e-22  4.12518e-11 -4.54832e-22  1.01314e-11 -1.68706e-22  1.06738e-12  3.04981e-23 -3.76166e-13  4.49597e-23 -2.63079e-13  1.39898e-23  -9.2426e-14   1.3895e-24 -2.32315e-14 -3.46703e-25 -4.30729e-15 -3.28253e-25  -5.0107e-16 -1.15741e-25   1.2031e-17 -4.50737e-27  2.56372e-17  2.40618e-27  8.45778e-18 -4.50808e-27   1.9296e-18 -3.73463e-27  3.51485e-19 -1.24083e-27  5.32157e-20 -7.19287e-29  6.73729e-21  1.32107e-28  6.98838e-22  8.21151e-29  5.52872e-23  3.19805e-29  2.45124e-24  9.51564e-30  -1.3865e-25  2.18978e-30 -4.70403e-26  3.89246e-31 -6.45244e-27   5.4897e-32 -6.34956e-28   6.3617e-33 -4.92474e-29  5.98639e-34 -3.08225e-30  4.28306e-35  -1.5533e-31  2.21728e-36 -6.18251e-33  8.43918e-38 -1.87063e-34  2.31245e-39 -4.01242e-36  3.63679e-41 -5.29607e-38  2.89908e-43 -2.78583e-40
 3.90217e-08  1.80394e-20 -1.21283e-06 -1.19014e-19  1.41349e-05   3.8034e-19 -9.48091e-05 -5.96191e-19  0.000418407  1.64227e-19  -0.00128757  4.85694e-19   0.00282264  1.63562e-18  -0.00437286 -7.95893e-18   0.00455078  1.09604e-17  -0.00267785  4.35789e-19  0.000136733 -2.19534e-17  0.000933512  3.23669e-17 -0.000346503 -2.06388e-17 -0.000267932   1.2394e-18  0.000131757  7.25523e-18  9.44005e-05 -4.12673e-18 -2.85399e-05 -6.82621e-19 -3.46459e-05  1.87223e-18 -1.29311e-06 -4.44687e-19  9.18433e-06  -9.1385e-19  3.80783e-06  6.35615e-19 -7.27521e-07  2.53277e-19 -1.23764e-06 -1.98669e-19 -4.24694e-07 -1.81841e-19  5.32989e-08  4.37457e-20  1.13038e-07  9.05831e-20  4.95258e-08  1.17183e-20  6.49255e-09 -2.83822e-20 -4.69364e-09 -1.21609e-20 -3.54634e-09  2.01138e-21 -1.24476e-09  4.23747e-21 -1.97257e-10  1.70441e-21  4.78877e-11 -2.54975e-22  4.71338e-11  -6.1764e-22  1.90734e-11 -2.46294e-22  5.02954e-12  1.96966e-23  7.88176e-13   5.1965e-23 -2.43469e-14  2.05859e-23 -6.67158e-14  4.78371e-24 -2.74092e-14  7.38341e-25 -7.58628e-15 -1.22815e-25  -1.6126e-15 -9.64706e-26 -2.64522e-16 -9.46026e-27 -2.98243e-17   -3.097e-27 -6.91066e-19 -7.80369e-27  7.14948e-19 -4.90612e-27  2.34508e-19 -1.34294e-27  4.91426e-20   3.1825e-29  8.10798e-21  1.88272e-28  1.11479e-21  9.71881e-29  1.30241e-22  3.40341e-29   1.2972e-23   9.3135e-30  1.09249e-24  1.99578e-30   7.6092e-26   3.3339e-31  4.16811e-27  4.44842e-32  1.55767e-28  4.88299e-33  1.33232e-30  4.34508e-34 -3.29521e-31  2.96425e-35 -2.98435e-32  1.49813e-36 -1.50575e-33  5.64403e-38 -4.98834e-35  1.50231e-39 -1.04543e-36  2.31442e-41 -1.13173e-38  1.44296e-43
-6.46486e-21  2.34773e-07  7.59937e-20 -4.32638e-06 -3.49736e-19   3.9857e-05  8.56386e-19 -0.000229125 -8.90485e-19  0.000898128 -5.97961e-19   -0.0024971  1.63562e-18   0.00497365  4.04295e-18   -0.0069594 -1.71789e-17    0.0063607  2.25813e-17  -0.00290003 -4.02503e-18 -0.000617105 -2.69356e-17   0.00138318  3.84468e-17 -0.000160458 -2.09483e-17 -0.000471955 -1.89395e-18  6.70642e-05  9.13663e-18  0.000161846 -4.33174e-18   4.4467e-06 -7.69495e-19 -4.85171e-05  2.07418e-18 -1.55946e-05 -6.17088e-19  8.14732e-06 -1.16893e-18   7.3523e-06  8.63639e-19  1.10309e-06   4.0851e-19 -1.25394e-06  -3.0352e-19 -8.61646e-07 -2.52789e-19 -1.69781e-07  4.77834e-20  8.42444e-08  1.19952e-19  7.70657e-08  2.49058e-20  2.69546e-08 -3.30026e-20  2.06257e-09 -1.92529e-20 -2.98554e-09  8.70635e-22 -1.91378e-09  5.66027e-21 -6.39706e-10  2.56183e-21 -1.09032e-10  -2.0081e-22  1.38791e-11 -7.78622e-22   1.8059e-11 -3.41718e-22  7.65465e-12 -3.37522e-24  2.16085e-12  5.57826e-23  4.21579e-13  2.83441e-23  4.03951e-14  9.62021e-24 -8.63341e-15  2.58847e-24 -5.77239e-15  3.84503e-25 -1.83511e-15  1.17034e-26 -4.30655e-16  3.60254e-27 -8.09269e-17 -6.26116e-27 -1.22983e-17 -1.05907e-26 -1.44377e-18 -5.66683e-27 -1.05443e-19 -1.25706e-27  3.41303e-21    1.674e-28  2.89352e-21  2.36214e-28  6.25624e-22  1.05074e-28   9.5645e-23   3.3405e-29  1.17477e-23  8.43328e-30   1.2057e-24  1.68254e-30  1.04755e-25  2.63546e-31  7.71198e-27  3.31165e-32  4.77756e-28  3.41704e-33  2.45582e-29  2.84288e-34  1.02423e-30  1.81365e-35  3.34861e-32  8.59912e-37  8.12741e-34  2.98354e-38  1.33471e-35  6.90071e-40  1.22822e-37  8.18092e-42  3.60096e-40
-2.46304e-08 -3.65484e-20   9.0183e-07  2.47762e-19 -1.22407e-05 -8.68951e-19   9.4972e-05   1.6431e-18 -0.000483394 -8.23231e-19   0.00171738 -2.88935e-18  -0.00437286  4.04295e-18   0.00798307   8.3026e-18   -0.0101247 -3.15419e-17   0.00805542  3.86432e-17  -0.00253982 -9.32224e-18  -0.00172236 -3.23815e-17   0.00169251  4.32673e-17  0.000233694 -1.94515e-17  -0.00064294 -5.05797e-18 -8.34003e-05  9.88884e-18   0.00020865 -4.06976e-18   6.4907e-05 -6.22276e-19 -4.82454e-05  2.32018e-18 -3.43051e-05 -1.07044e-18  1.10026e-06 -1.41123e-18  9.64626e-06  1.17104e-18  4.00936e-06  5.91465e-19  -4.1662e-07 -4.07167e-19  -1.1179e-06  -3.4842e-19 -4.90533e-07  4.10509e-20 -3.73593e-08  1.54608e-19  7.16619e-08   4.3138e-20  4.58466e-08 -3.70571e-20  1.36075e-08 -2.69096e-20  5.72364e-10 -7.37224e-22 -1.58338e-09  6.94084e-21 -9.27361e-10  3.47475e-21 -3.05026e-10 -8.47371e-23  -5.8224e-11 -9.29976e-22  5.86623e-13 -4.51927e-22  5.51054e-12 -3.94919e-23  2.57663e-12  5.54635e-23  7.78816e-13  3.69124e-23  1.73524e-13  1.59192e-23  2.72219e-14  5.32819e-24  1.80195e-15  1.27551e-24 -5.91551e-16  2.43786e-25 -2.91561e-16  4.79067e-26 -7.89476e-17 -2.26499e-27 -1.62813e-17  -1.1223e-26 -2.75147e-18 -5.60007e-27 -3.88779e-19 -9.47074e-28 -4.56371e-20  3.15979e-28 -4.27953e-21  2.67668e-28 -2.80219e-22  1.04602e-28 -4.00535e-24  3.03572e-29   2.1818e-24  7.08006e-30  4.06877e-25  1.31384e-30  4.71454e-26   1.9243e-31  4.16613e-27  2.26567e-32  2.94739e-28  2.18049e-33  1.68396e-29  1.67773e-34  7.68561e-31  9.83642e-36  2.72476e-32  4.24159e-37  7.12828e-34  1.28924e-38   1.2489e-35  2.38843e-40  1.16694e-37  1.70623e-42
 1.18129e-20 -1.07957e-07 -1.38358e-19   2.5011e-06     6.66e-19 -2.80774e-05 -1.86892e-18   0.00019311  2.68509e-18 -0.000896724  3.72897e-19   0.00294477 -7.95893e-18   -0.0069594   8.3026e-18    0.0117455   1.4853e-17   -0.0135382 -5.10723e-17   0.00923783  5.76644e-17  -0.00144254 -1.38937e-17  -0.00302516 -3.82254e-17   0.00169263  4.59925e-17  0.000807541 -1.61243e-17 -0.000695763 -7.66892e-18 -0.000308499  9.24725e-18  0.000200552  -3.5597e-18  0.000142126  2.61387e-20 -2.41262e-05  2.58021e-18 -5.04973e-05 -1.84406e-18 -1.24139e-05 -1.65657e-18   8.3667e-06  1.54671e-18  7.01239e-06  8.17661e-19  1.40323e-06 -4.98341e-19 -8.75498e-07 -4.69093e-19 -7.62061e-07  2.12681e-20 -2.38034e-07  1.91296e-19  1.10033e-08   6.4869e-20  4.73767e-08 -3.97274e-20  2.45604e-08  -3.4157e-20  6.54325e-09 -2.59641e-21  2.17026e-10  7.97707e-21 -7.08038e-10  4.35504e-21 -4.00481e-10  6.33386e-23 -1.32715e-10 -1.07302e-21 -2.84134e-11 -5.74297e-22 -2.31135e-12 -8.80977e-23  1.15073e-12  5.07468e-23  6.87871e-13  4.59879e-23   2.2675e-13  2.35843e-23  5.53561e-14  8.98117e-24  1.04857e-14  2.58253e-24  1.46443e-15  6.19872e-25   1.0601e-16  1.33915e-25 -1.55469e-17  1.33682e-26 -8.19749e-18   -8.238e-27 -2.02808e-18 -4.43156e-27 -3.75127e-19 -4.26111e-28 -5.68609e-20  4.55654e-28 -7.28225e-21  2.78343e-28 -7.95158e-22  9.65017e-29 -7.37779e-23  2.56279e-29 -5.72807e-24  5.52119e-30 -3.59292e-25  9.51235e-31 -1.66927e-26  1.29828e-31 -4.04487e-28  1.42434e-32  1.54681e-29  1.26827e-33  2.46064e-30  8.92514e-35  1.57019e-31  4.72715e-36  6.41863e-33  1.80079e-37  1.72477e-34   4.5672e-39  2.73596e-36  6.10019e-41  1.68539e-38
 3.61861e-09  6.00992e-20 -2.53842e-07 -4.06509e-19  5.06178e-06  1.53145e-18 -5.21555e-05 -3.54167e-18  0.000335506  3.68729e-18  -0.00146797  3.86478e-18   0.00455078 -1.71789e-17   -0.0101247   1.4853e-17    0.0159374  2.37325e-17   -0.0167257 -7.44306e-17   0.00954861  7.68862e-17  0.000380095 -1.60315e-17  -0.00426906 -4.40772e-17   0.00126298  4.59725e-17   0.00145953 -1.12276e-17 -0.000557375 -9.27376e-18 -0.000562234  7.14138e-18  0.000111504 -3.02322e-18  0.000212502  1.37589e-18  2.69364e-05  2.83691e-18 -5.47769e-05 -2.92876e-18 -2.96019e-05  -1.9398e-18  1.85679e-06  1.96521e-18   8.4772e-06   1.0988e-18  3.79954e-06 -5.64834e-19  6.06802e-08 -6.07599e-19 -7.75765e-07 -1.18758e-20 -4.39188e-07  2.24833e-19 -1.01365e-07  8.72369e-20  1.86127e-08 -4.04608e-20  2.65508e-08 -3.99405e-20  1.20494e-08   -4.301e-21  3.04486e-09  8.77519e-21  1.55948e-10  5.12193e-21 -2.61907e-10  1.94838e-22 -1.51362e-10 -1.21916e-21 -5.14113e-11 -7.08108e-22 -1.21281e-11  -1.4767e-22 -1.74568e-12   4.2106e-23  4.86019e-14  5.53697e-23  1.28488e-13  3.23832e-23  5.01988e-14  1.34346e-23  1.33796e-14  4.26762e-24  2.79936e-15  1.13516e-24  4.73497e-16  2.64631e-25  6.32301e-17  4.27934e-26   5.8682e-18 -1.01536e-27   1.1245e-19 -2.16793e-27 -9.64012e-20  2.37076e-28 -2.61583e-20  5.66096e-28 -4.52104e-21  2.68553e-28 -6.12511e-22  8.29513e-29 -6.87918e-23  2.01587e-29 -6.52963e-24  4.00579e-30 -5.26157e-25  6.39047e-31  -3.5845e-26  8.09444e-32 -2.04182e-27  8.22367e-33 -9.54615e-29   6.7165e-34 -3.56021e-30  4.27169e-35 -1.01343e-31  2.00641e-36 -2.04801e-33  6.54115e-38 -2.56857e-35  1.30183e-39 -1.45214e-37  1.01537e-41
-1.78508e-20 -1.25066e-08  2.04332e-19 -1.83893e-07 -9.87158e-19  6.65206e-06  3.08977e-18  -7.5682e-05 -6.00257e-18  0.000492832  4.08129e-18  -0.00211919  1.09604e-17    0.0063607 -3.15419e-17   -0.0135382  2.37325e-17     0.020067  3.44118e-17   -0.0191929 -9.89648e-17   0.00878454   9.2964e-17   0.00273123 -1.45709e-17  -0.00516549 -4.92382e-17  0.000381679  4.30065e-17   0.00203727 -5.21462e-18 -0.000197695 -9.70698e-18 -0.000772983  3.65031e-18 -6.27476e-05 -2.59798e-18  0.000245837  3.51101e-18  9.75274e-05  3.09898e-18 -3.90009e-05 -4.26727e-18 -4.45057e-05 -2.30184e-18 -9.65359e-06  2.38715e-18  6.75372e-06  1.43354e-18  5.81473e-06 -5.94432e-19  1.57549e-06 -7.48529e-19 -3.68313e-07 -5.59037e-20 -5.17587e-07  2.49126e-19 -2.24792e-07  1.06342e-19 -3.93284e-08 -3.92987e-20  1.30964e-08 -4.33585e-20  1.30141e-08 -5.31069e-21  5.44295e-09  9.46106e-21  1.36769e-09  5.72406e-21  1.21238e-10  2.55888e-22  -7.5127e-11 -1.38657e-21 -4.85165e-11 -8.54538e-22 -1.71914e-11 -2.15957e-22  -4.3787e-12  3.06369e-23 -8.05997e-13  6.49222e-23 -8.29876e-14  4.19191e-23  8.91386e-15  1.84217e-23   7.3099e-15  6.21435e-24  2.29446e-15   1.7543e-24  5.23568e-16  4.32169e-25  9.65263e-17   8.4371e-26  1.48182e-17   9.8182e-27  1.89404e-18  8.62195e-28  1.95667e-19  9.31253e-28  1.47577e-20  6.32471e-28   4.5202e-22  2.42317e-28 -8.52756e-23  6.67449e-29 -2.00549e-23  1.48151e-29 -2.62032e-24  2.70801e-30 -2.56488e-25  3.98604e-31 -2.00673e-26  4.66286e-32 -1.27466e-27  4.35653e-33 -6.53847e-29  3.23244e-34 -2.65308e-30  1.83309e-35 -8.18981e-32  7.47259e-37 -1.79317e-33  2.00357e-38 -2.41472e-35  2.84004e-40 -1.29459e-37
 5.76522e-09  -8.2426e-20 -1.55268e-07  5.36853e-19  1.12903e-06 -2.05516e-18  1.21277e-06  5.57688e-18 -7.39328e-05 -9.22981e-18  0.000590712  3.16573e-18  -0.00267785  2.25813e-17   0.00805542 -5.10723e-17   -0.0167257  3.44118e-17    0.0235977  4.57999e-17   -0.0205691 -1.21261e-16    0.0069664  1.02989e-16   0.00527801   -9.427e-18  -0.00547995 -5.29503e-17 -0.000858186  3.75301e-17   0.00238153  1.44658e-18  0.000353124 -9.15452e-18 -0.000864659 -1.06561e-18  -0.00029801 -2.31782e-18  0.000215906  6.38765e-18  0.000169799  3.40359e-18 -4.06036e-07 -5.75872e-18 -4.97511e-05 -2.77233e-18 -2.34441e-05  2.76143e-18  1.05754e-06  1.80169e-18  6.24764e-06 -5.76835e-19  3.17577e-06 -8.70182e-19  4.56558e-07 -1.05181e-19 -3.64866e-07  2.58676e-19 -2.91905e-07  1.17878e-19 -1.05631e-07 -3.70175e-20 -1.48475e-08 -4.38739e-20  6.67778e-09 -5.06958e-21  5.62469e-09  1.02451e-20  2.25131e-09  6.15034e-21  5.80274e-10  2.02646e-22   7.6797e-11 -1.59352e-21 -1.32947e-11 -1.01483e-21 -1.24687e-11 -2.89865e-22 -4.76794e-12  1.78642e-23 -1.29582e-12  7.44732e-23  -2.7112e-13  5.16088e-23 -4.24845e-14  2.35331e-23  -3.9301e-15   8.2362e-24  2.67211e-16  2.41277e-24  2.24817e-16  6.17303e-25   6.2807e-17  1.32458e-25  1.26628e-17  2.24525e-26  2.07033e-18  4.09212e-27  2.84909e-19  1.53263e-27  3.33956e-20  6.48018e-28  3.32885e-21   2.0563e-28  2.78279e-22  5.04707e-29  1.88692e-23  1.01987e-29  9.54637e-25  1.70816e-30  2.58137e-26  2.30949e-31 -9.81972e-28  2.48072e-32 -1.80893e-28  2.11455e-33 -1.31086e-29   1.4098e-34 -6.21047e-31  7.01558e-36 -2.01415e-32  2.41575e-37 -4.20166e-34  5.03391e-39 -4.56298e-36  4.13275e-41
  2.2657e-20  3.62192e-08 -2.53137e-19 -6.93145e-07  1.15743e-18  5.80612e-06 -3.76109e-18 -2.23971e-05  9.15049e-18 -5.21952e-06  -1.3073e-17  0.000513516  4.35789e-19  -0.00290003  3.86432e-17   0.00923783 -7.44306e-17   -0.0191929  4.57999e-17    0.0261007  5.64452e-17     -0.02071 -1.37993e-16    0.0043273  1.05423e-16    0.0076466 -1.73099e-18   -0.0050974 -5.47745e-17  -0.00227267  3.06138e-17    0.0023734  8.45577e-18    0.0010085 -8.08251e-18  -0.00078122   -6.818e-18 -0.000545339 -2.15443e-18  0.000110978  9.84502e-18  0.000220032  3.80634e-18  5.57962e-05 -7.26549e-18 -3.94029e-05 -3.35421e-18 -3.47839e-05  3.03036e-18 -7.84187e-06  2.16418e-18    4.197e-06  -5.0622e-19  4.12116e-06  -9.4864e-19  1.46568e-06 -1.51358e-19  4.07401e-08  2.50044e-19 -2.40826e-07  1.18019e-19 -1.45811e-07 -3.49799e-20 -4.66876e-08 -4.14284e-20 -5.96455e-09 -3.15299e-21  2.65433e-09  1.13497e-20  2.12755e-09  6.42408e-21  8.39263e-10  1.28207e-23  2.24963e-10 -1.85051e-21  3.85887e-11 -1.18733e-21  9.06689e-13 -3.65086e-22 -2.25203e-12  5.52587e-24 -1.03116e-12  8.37067e-23 -3.02119e-13  6.07009e-23 -6.83679e-14  2.82615e-23 -1.24393e-14  1.01027e-23 -1.78797e-15  3.02665e-24 -1.81046e-16  7.92824e-25 -5.06411e-18  1.78713e-25  2.95317e-18  3.44235e-26   8.8824e-19  6.89347e-27  1.65374e-19  1.94051e-27  2.40149e-20   6.1489e-28  2.88958e-21  1.64714e-28  2.94261e-22  3.59819e-29  2.55089e-23  6.59147e-30    1.877e-24  1.00668e-30  1.16113e-25  1.24338e-31  5.93902e-27  1.21802e-32  2.44774e-28  9.38481e-34  7.81043e-30  5.54997e-35  1.80714e-31  2.37587e-36  2.68508e-33  6.66129e-38  1.91394e-35  9.81801e-40  9.56076e-39
-2.39689e-09  9.64826e-20  1.20652e-07 -5.95513e-19 -1.96557e-06  2.11617e-18  1.63762e-05 -6.16512e-18 -7.70564e-05  1.38353e-17  0.000177249 -1.73466e-17  0.000136733 -4.02503e-18  -0.00253982  5.76644e-17   0.00954861 -9.89648e-17   -0.0205691  5.64452e-17    0.0273689  6.48513e-17    -0.019718 -1.46725e-16     0.001232   1.0058e-16   0.00952145  6.47658e-18  -0.00404346  -5.4901e-17  -0.00363851  2.37277e-17    0.0019663   1.5776e-17   0.00164787 -7.05303e-18 -0.000504888    -1.34e-17 -0.000743747 -2.08281e-18 -6.00607e-05   1.3624e-17  0.000226098  4.36172e-18  0.000116703 -8.62441e-18   -1.175e-05 -4.01626e-18 -3.84551e-05  3.13822e-18  -1.7526e-05  2.46945e-18 -4.03254e-07 -3.83504e-19  3.72887e-06 -9.62952e-19    2.248e-06 -1.84763e-19  5.92915e-07   2.2282e-19 -5.40815e-08  1.04366e-19 -1.28705e-07 -3.47127e-20 -6.59423e-08 -3.64117e-20  -1.9664e-08  6.08513e-22 -2.65687e-09  1.29237e-20  7.94562e-10   6.5833e-21  6.88433e-10 -3.09964e-22  2.74995e-10 -2.15401e-21  7.68454e-11  -1.3647e-21  1.54811e-11 -4.35826e-22  1.82119e-12 -4.65151e-24 -1.38108e-13  9.21077e-23 -1.51416e-13   6.8349e-23 -5.17887e-14  3.20787e-23 -1.26379e-14  1.15793e-23 -2.47551e-15  3.50918e-24 -4.02241e-16  9.30016e-25 -5.42205e-17  2.14474e-25  -5.8692e-18   4.3389e-26  -4.5438e-19  8.77026e-27  -1.1308e-20  2.10446e-27  3.75763e-21  5.43069e-28  8.64227e-22  1.24784e-28  1.18375e-22  2.42421e-29  1.23536e-23  4.00743e-30  1.04118e-24  5.54924e-31  7.19577e-26  6.22109e-32  4.06471e-27  5.51322e-33  1.84623e-28  3.79806e-34  6.53856e-30  1.96111e-35  1.71231e-31  7.03698e-37  3.00599e-33  1.52107e-38  2.81525e-35  1.29155e-40
-2.40696e-20 -3.23024e-09  2.72825e-19    2.229e-07 -1.13259e-18 -3.83357e-06  3.34777e-18  3.30831e-05 -9.18511e-18 -0.000167755  1.94962e-17  0.000499104 -2.19534e-17 -0.000617105 -9.32224e-18  -0.00144254  7.68862e-17   0.00878454 -1.21261e-16     -0.02071  6.48513e-17    0.0274504  6.97695e-17   -0.0178811 -1.46346e-16  -0.00193271  9.04942e-17    0.0107111  1.28468e-17  -0.00246037 -5.42128e-17  -0.00474963  1.83405e-17   0.00119339  2.35863e-17   0.00214786 -6.50653e-18 -6.19867e-05 -2.05512e-17 -0.000836925 -2.12785e-18 -0.000268279  1.73908e-17   0.00017499  5.10097e-18  0.000164976 -9.66555e-18  2.91999e-05 -4.69639e-18 -3.07645e-05  3.04166e-18 -2.45719e-05  2.66419e-18 -6.53481e-06 -2.17277e-19  1.72321e-06 -9.00036e-19  2.37671e-06 -1.96501e-19  1.07852e-06  1.79785e-19  2.18892e-07  7.66886e-20 -4.58738e-08 -3.73362e-20 -5.88224e-08 -2.94935e-20 -2.71873e-08  6.07281e-21 -7.87128e-09   1.4978e-20 -1.23239e-09  6.65729e-21  1.42468e-10 -7.38585e-22  1.82045e-10 -2.48394e-21  7.64542e-11 -1.53292e-21  2.22883e-11 -4.95061e-22  4.95314e-12 -1.11965e-23  8.17095e-13  9.89911e-23  7.74665e-14   7.3738e-23  -6.8203e-15  3.45287e-23 -5.40723e-15  1.24739e-23 -1.57184e-15  3.79022e-24  -3.3234e-16  1.00617e-24 -5.70894e-17  2.33303e-25 -8.25641e-18  4.78285e-26 -1.01617e-18  9.49183e-27 -1.06087e-19  2.03301e-27 -9.22997e-21  4.47534e-28 -6.40497e-22  8.94459e-29 -3.12648e-23  1.54551e-29 -4.71229e-25  2.29513e-30  9.63694e-26  2.86373e-31  1.25975e-26  2.89231e-32  9.26707e-28  2.29692e-33  4.78941e-29  1.39629e-34  1.78029e-30  6.17086e-36  4.54937e-32  1.79035e-37  7.01601e-34  2.71877e-39  4.25599e-36
-1.37055e-09 -9.64608e-20  2.73532e-08  5.88628e-19  4.90087e-08 -1.78136e-18 -4.59188e-06  4.63748e-18   4.9475e-05 -1.25776e-17  -0.00027817  2.58318e-17  0.000933512 -2.69356e-17  -0.00172236 -1.38937e-17  0.000380095   9.2964e-17    0.0069664 -1.37993e-16    -0.019718  6.97695e-17    0.0265947   7.0357e-17   -0.0155658  -1.3705e-16  -0.00485121  7.83004e-17    0.0111643   1.5378e-17 -0.000555563 -5.40509e-17  -0.00545891   1.5499e-17  0.000152328  3.21059e-17    0.0024108 -6.60579e-18  0.000484048 -2.79061e-17 -0.000788092 -2.36805e-18 -0.000471509  2.07716e-17    6.771e-05  6.01641e-18  0.000183932 -1.02384e-17  7.42091e-05 -5.31513e-18 -1.12325e-05  2.71912e-18 -2.57399e-05  2.70545e-18 -1.22982e-05 -2.29101e-20 -1.54251e-06 -7.58051e-19  1.61445e-06  -1.8074e-19  1.26206e-06  1.26269e-19  4.72728e-07  3.72596e-20  7.84227e-08 -4.30433e-20 -2.29383e-08 -2.13784e-20 -2.33294e-08   1.2818e-20  -1.0162e-08   1.7368e-20 -2.93857e-09  6.65244e-21 -5.38293e-10 -1.22849e-21 -1.32052e-11 -2.80561e-21   3.5451e-11 -1.67263e-21   1.7102e-11 -5.35487e-22  5.26445e-12 -1.31477e-23  1.24647e-12  1.03608e-22  2.35675e-13   7.6235e-23  3.46718e-14  3.53168e-23  3.40151e-15  1.26758e-23  4.24791e-18  3.83256e-24 -9.18022e-17  1.01046e-24 -2.59317e-17  2.32702e-25 -4.91771e-18  4.74007e-26 -7.41557e-19  9.12074e-27 -9.34219e-20  1.78246e-27 -1.00097e-20  3.44471e-28 -9.16268e-22  6.06172e-29  -7.1411e-23  9.32545e-30 -4.69156e-24  1.23907e-30 -2.55382e-25  1.38403e-31 -1.12065e-26  1.24875e-32 -3.79049e-28  8.78743e-34 -9.10496e-30  4.63825e-35 -1.27676e-31  1.70918e-36 -2.71609e-34  3.79788e-38   1.6665e-35  3.30275e-40
 2.05959e-20 -9.95358e-09 -2.58286e-19  1.78044e-07  1.01877e-18 -1.15835e-06  -2.3196e-18 -6.76757e-09  5.64905e-18  4.90161e-05  -1.5953e-17 -0.000361627  3.23669e-17   0.00138318 -3.23815e-17  -0.00302516 -1.60315e-17   0.00273123  1.02989e-16    0.0043273 -1.46725e-16   -0.0178811   7.0357e-17    0.0251495  6.61775e-17   -0.0131136 -1.19977e-16  -0.00732748  6.73716e-17    0.0109446  1.29177e-17   0.00145359 -5.57697e-17  -0.00569563  1.55458e-17  -0.00102292  4.13715e-17   0.00238253 -7.20265e-18   0.00104836 -3.49723e-17 -0.000588651 -2.90053e-18 -0.000624742  2.34059e-17 -8.00167e-05   7.0591e-18  0.000162693 -1.02401e-17  0.000111179 -5.79476e-18  1.67427e-05  2.17644e-18 -1.92509e-05  2.57045e-18  -1.5532e-05  1.79843e-19 -5.11892e-06 -5.47543e-19  6.17293e-08 -1.36505e-19  9.97287e-07  6.89511e-20  5.89887e-07 -9.35003e-21  1.94336e-07 -5.08183e-20  2.93918e-08 -1.25737e-20 -8.27943e-09  2.02498e-20 -7.97198e-09   1.9831e-20 -3.38617e-09  6.55527e-21 -9.92922e-10 -1.72396e-21  -2.0604e-10 -3.07537e-21 -2.30585e-11 -1.76282e-21  3.30389e-12 -5.50995e-22  2.77127e-12 -1.02675e-23  9.53169e-13  1.05298e-22  2.39083e-13  7.55223e-23  4.83059e-14    3.437e-23  8.06982e-15  1.21791e-23  1.10602e-15  3.63991e-24  1.18016e-16  9.46196e-25  7.93038e-18  2.14433e-25 -1.94487e-19  4.28709e-26 -1.67934e-19  7.94182e-27 -3.27401e-20  1.43294e-27 -4.44582e-21  2.47701e-28 -4.78753e-22  3.87727e-29 -4.24418e-23  5.32041e-30 -3.12742e-24  6.30388e-31 -1.90793e-25  6.26201e-32 -9.50044e-27  4.99993e-33 -3.76416e-28  3.07644e-34 -1.13798e-29  1.38161e-35 -2.44248e-31  4.09355e-37 -3.22257e-33  6.34952e-39 -1.68951e-35
