 7.06667e-05 -1.25189e-21  -0.00069065  2.15975e-20   0.00199476 -8.25298e-20  -0.00187429   1.9432e-19 -0.000577488 -1.05511e-19  0.000648861  1.69536e-19  0.000570251  4.57849e-20  0.000221828 -1.60746e-19  5.12058e-05  6.54379e-20  6.86889e-06 -4.53467e-20  3.65772e-07
-1.25189e-21   0.00104132 -1.55362e-20  -0.00515216  1.44948e-19     0.009086 -5.17624e-19  -0.00312869  7.39924e-19  -0.00452724  -3.4635e-19 -0.000897223  5.70873e-19  0.000579869  6.34755e-19   0.00040604 -3.90468e-19  0.000107493  1.60332e-19  1.22111e-05 -1.02101e-19
 -0.00069065 -1.55362e-20   0.00684848 -8.19788e-20   -0.0203575  5.69904e-19    0.0206464 -1.94409e-18   0.00438585  1.25698e-18  -0.00822516 -1.45261e-18  -0.00624793 -2.75552e-21  -0.00220049  1.45938e-18 -0.000459273 -5.69744e-19 -5.62893e-05  2.86828e-19 -2.83777e-06
 2.15975e-20  -0.00515216 -8.19788e-20    0.0262129 -2.37143e-19   -0.0490543  1.87325e-18    0.0220957 -4.13735e-18    0.0235159  1.59276e-18  0.000753397 -3.25195e-18  -0.00590742  -2.3918e-18  -0.00319931  1.72904e-18  -0.00079295 -4.64307e-19 -8.81289e-05  2.63656e-19
  0.00199476  1.44948e-19   -0.0203575 -2.37143e-19    0.0639719 -5.48835e-19   -0.0742903  4.96476e-18  -0.00296164 -4.16533e-18    0.0350524  4.06422e-18    0.0204531 -1.92759e-18   0.00535192 -3.36055e-18  0.000668089  1.42033e-18  2.63559e-05 -9.77458e-20 -5.69581e-07
-8.25298e-20     0.009086  5.69904e-19   -0.0490543 -5.48835e-19     0.103236 -1.78549e-18   -0.0687101  8.45094e-18    -0.041346  4.77118e-19    0.0185722  1.03181e-17    0.0246184    3.232e-18     0.010798 -1.54315e-18    0.0024768  2.84179e-19  0.000267022  1.90329e-19
 -0.00187429 -5.17624e-19    0.0206464  1.87325e-18   -0.0742903 -1.78549e-18     0.113208 -5.62406e-18     -0.03454  8.13776e-18   -0.0622088  7.03152e-18   -0.0158859  1.53923e-17   0.00459274  4.84871e-18   0.00349233 -2.48502e-19  0.000746402    -8.61e-19  4.88029e-05
  1.9432e-19  -0.00312869 -1.94409e-18    0.0220957  4.96476e-18   -0.0687101 -5.62406e-18    0.0925288 -1.06611e-17  -0.00486763  3.26711e-18   -0.0616606  8.06571e-18   -0.0399191  1.26589e-17   -0.0132528  1.28876e-18    -0.002571 -3.07144e-19  -0.00025314  -4.9865e-19
-0.000577488  7.39924e-19   0.00438585 -4.13735e-18  -0.00296164  8.45094e-18     -0.03454 -1.06611e-17    0.0728096 -1.13672e-17   0.00782117 -4.16655e-18   -0.0470478  1.26302e-18   -0.0359319  5.46157e-18   -0.0124646 -3.68953e-20  -0.00216381 -8.12358e-19 -0.000132186
-1.05511e-19  -0.00452724  1.25698e-18    0.0235159 -4.16533e-18    -0.041346  8.13776e-18  -0.00486763 -1.13672e-17    0.0688458 -8.43498e-18      0.02474 -1.09736e-17   -0.0148736 -2.66992e-18     -0.01338  2.31932e-18  -0.00399518  1.78119e-18 -0.000487607 -4.63515e-19
 0.000648861  -3.4635e-19  -0.00822516  1.59276e-18    0.0350524  4.77118e-19   -0.0622088  3.26711e-18   0.00782117 -8.43498e-18    0.0779117 -6.81691e-18    0.0555314 -1.01476e-17    0.0194111  2.19775e-18   0.00399737  4.24616e-18  0.000485819  1.35232e-18  2.49622e-05
 1.69536e-19 -0.000897223 -1.45261e-18  0.000753397  4.06422e-18    0.0185722  7.03152e-18   -0.0616606 -4.16655e-18      0.02474 -6.81691e-18    0.0976052 -4.55605e-18    0.0770281 -8.65197e-19    0.0316833  7.45169e-18   0.00731469  5.35318e-18   0.00080755  2.26648e-19
 0.000570251  5.70873e-19  -0.00624793 -3.25195e-18    0.0204531  1.03181e-17   -0.0158859  8.06571e-18   -0.0470478 -1.09736e-17    0.0555314 -4.55605e-18     0.106964  2.80545e-19     0.069157  7.49598e-18    0.0232318  7.83479e-18   0.00402414  2.64058e-18  0.000247673
 4.57849e-20  0.000579869 -2.75552e-21  -0.00590742 -1.92759e-18    0.0246184  1.53923e-17   -0.0399191  1.26302e-18   -0.0148736 -1.01476e-17    0.0770281  2.80545e-19    0.0872665  5.18846e-18     0.042394  8.60061e-18    0.0106691  5.13879e-18   0.00122703  4.60265e-19
 0.000221828  6.34755e-19  -0.00220049  -2.3918e-18   0.00535192    3.232e-18   0.00459274  1.26589e-17   -0.0359319 -2.66992e-18    0.0194111 -8.65197e-19     0.069157  5.18846e-18     0.051269  7.16224e-18    0.0183136  5.61656e-18   0.00326684   1.8024e-18  0.000203528
-1.60746e-19   0.00040604  1.45938e-18  -0.00319931 -3.36055e-18     0.010798  4.84871e-18   -0.0132528  5.46157e-18     -0.01338  2.19775e-18    0.0316833  7.49598e-18     0.042394  7.16224e-18    0.0217928  5.43627e-18   0.00562805  2.59455e-18    0.0006549  2.61578e-19
 5.12058e-05 -3.90468e-19 -0.000459273  1.72904e-18  0.000668089 -1.54315e-18   0.00349233  1.28876e-18   -0.0124646  2.31932e-18   0.00399737  7.45169e-18    0.0232318  8.60061e-18    0.0183136  5.43627e-18   0.00670653  2.62069e-18   0.00121013  6.94287e-19  7.57544e-05
 6.54379e-20  0.000107493 -5.69744e-19  -0.00079295  1.42033e-18    0.0024768 -2.48502e-19    -0.002571 -3.68953e-20  -0.00399518  4.24616e-18   0.00731469  7.83479e-18    0.0106691  5.61656e-18   0.00562805  2.62069e-18    0.0014701   8.5957e-19  0.000171946  8.14771e-20
 6.86889e-06  1.60332e-19 -5.62893e-05 -4.64307e-19  2.63559e-05  2.84179e-19  0.000746402 -3.07144e-19  -0.00216381  1.78119e-18  0.000485819  5.35318e-18   0.00402414  5.13879e-18   0.00326684  2.59455e-18   0.00121013   8.5957e-19  0.000219502   1.6693e-19  1.37713e-05
-4.53467e-20  1.22111e-05  2.86828e-19 -8.81289e-05 -9.77458e-20  0.000267022    -8.61e-19  -0.00025314 -8.12358e-19 -0.000487607  1.35232e-18   0.00080755  2.64058e-18   0.00122703   1.8024e-18    0.0006549  6.94287e-19  0.000171946   1.6693e-19  2.01581e-05  1.36622e-20
 3.65772e-07 -1.02101e-19 -2.83777e-06  2.63656e-19 -5.69581e-07  1.90329e-19  4.88029e-05  -4.9865e-19 -0.000132186 -4.63515e-19  2.49622e-05  2.26648e-19  0.000247673  4.60265e-19  0.000203528  2.61578e-19  7.57544e-05  8.14771e-20  1.37713e-05  1.36622e-20  8.64818e-07
