 0.000103176 -8.53858e-20 -0.000563393  1.03262e-18  0.000847125 -3.87317e-18 -0.000330849  7.40286e-18  -0.00017588 -6.10411e-18  4.92659e-05 -2.31572e-18  6.08803e-05  9.00604e-18  1.58674e-05  -6.7858e-18 -6.19459e-06  2.18502e-18 -7.45197e-06 -1.36381e-18 -3.34291e-06  1.31916e-18 -5.88415e-07 -2.95571e-19   3.0496e-07 -1.90322e-19  3.34812e-07  9.32632e-20  1.79315e-07  1.06778e-20  6.64339e-08 -2.87889e-20   1.6057e-08  -3.0788e-21   4.1423e-10  8.87104e-21 -2.19814e-09  2.90878e-21 -1.57036e-09 -1.27533e-21 -7.58844e-10 -7.68033e-22 -3.00314e-10 -6.56557e-23 -1.03075e-10   8.1145e-23 -3.13695e-11  4.23399e-23 -8.51412e-12  3.93888e-24 -2.04435e-12 -5.84157e-24  -4.2135e-13 -4.18112e-24 -6.79296e-14 -1.41454e-24 -5.24962e-15 -4.76891e-26  1.75307e-15  3.46753e-25  1.11966e-15  2.48368e-25  4.05769e-16   6.5239e-26  1.18682e-16 -1.27348e-26  3.04062e-17 -1.69386e-26  7.04587e-18 -6.85936e-27  1.49969e-18 -1.34389e-27  2.95589e-19   1.7414e-28  5.41808e-20  2.52349e-28   9.2537e-21   1.0006e-28  1.47317e-21  2.02535e-29  2.18416e-22  9.10833e-31  3.00997e-23 -7.33778e-31  3.84387e-24 -3.56792e-31  4.52942e-25 -1.75764e-31  4.89554e-26 -8.87284e-32   4.8127e-27  -3.6772e-32  4.24971e-28  -1.2319e-32  3.30218e-29 -3.49306e-33  2.17163e-30 -8.54716e-34  1.09781e-31 -1.72156e-34  2.73819e-33 -2.40424e-35 -2.14348e-34 -5.13382e-37 -3.96093e-35  9.10054e-37 -3.74994e-36  3.23944e-37 -2.67608e-37  6.95639e-38  -1.5685e-38  1.08007e-38  -7.8083e-40  1.25355e-39 -3.27346e-41  1.07263e-40 -1.02226e-42  6.41614e-42  -1.1676e-44  2.35293e-43  8.27027e-46  3.13297e-45  4.37147e-47 -9.32627e-47   6.3933e-49 -2.55534e-48
-8.53858e-20  0.000903233 -5.43336e-19  -0.00269281  4.54797e-18   0.00272022 -1.44745e-17 -0.000348511  2.49781e-17 -0.000694087 -1.82211e-17 -6.97322e-05 -8.25625e-18  0.000153603  2.40033e-17  9.20681e-05 -1.36233e-17  1.29118e-05  2.05451e-18 -1.44968e-05 -2.66714e-18 -1.25022e-05  3.07973e-18 -5.23852e-06 -4.42361e-19 -9.61086e-07 -4.45662e-19  3.99355e-07  1.95484e-19  4.77446e-07  1.75421e-20  2.70372e-07 -8.42073e-20  1.10357e-07 -1.26276e-20  3.38135e-08  2.45334e-20  6.60481e-09  9.71243e-21 -3.52665e-10 -2.14099e-21  -1.1293e-09 -2.06545e-21 -6.97012e-10 -3.63026e-22 -3.13366e-10  1.72857e-22 -1.18878e-10  1.21658e-22 -4.00344e-11  1.78662e-23 -1.22618e-11 -1.71925e-23 -3.46267e-12 -1.47301e-23 -9.09416e-13 -5.90194e-24 -2.23472e-13 -4.00898e-25 -5.16174e-14  1.30399e-24 -1.12514e-14  9.07106e-25 -2.32357e-15  2.35882e-25 -4.56586e-16 -3.86068e-26 -8.58061e-17 -5.84831e-26 -1.55148e-17 -2.58298e-26 -2.71698e-18  -5.9577e-27 -4.63763e-19  1.20313e-28 -7.75185e-20  7.10015e-28 -1.27071e-20  2.98355e-28 -2.03758e-21   6.4195e-29 -3.17643e-22  5.15381e-30 -4.77393e-23 -1.82837e-30 -6.85461e-24 -1.44974e-30 -9.32219e-25 -8.37439e-31 -1.19168e-25 -4.02308e-31 -1.42241e-26 -1.56223e-31 -1.57605e-27 -5.03713e-32 -1.61233e-28 -1.39062e-32 -1.51497e-29 -3.27827e-33 -1.30037e-30 -6.23155e-34 -1.01365e-31 -8.00899e-35 -7.12818e-33 -9.46019e-37 -4.48805e-34  2.87741e-36 -2.50926e-35   9.2966e-37 -1.23627e-36  1.83677e-37 -5.34345e-38  2.61888e-38 -2.02266e-39  2.77106e-39 -6.54504e-41  2.13648e-40 -1.54987e-42   1.1315e-41  -6.9546e-45  3.57636e-43  1.25239e-45  3.98035e-45  4.24359e-47 -7.56771e-47  3.23084e-49
-0.000563393 -5.43336e-19   0.00381662 -1.79508e-18  -0.00757006  1.15252e-17   0.00513768 -3.38123e-17  0.000728742  5.55916e-17  -0.00134324 -3.73485e-17 -0.000563883 -1.83713e-17  0.000133939  4.30211e-17  0.000217706 -1.65894e-17  9.08535e-05 -1.97083e-18  2.52349e-06 -4.02995e-18  -2.0289e-05  4.96849e-18  -1.4685e-05 -3.24024e-19  -5.9804e-06 -6.00922e-19 -1.23682e-06  3.30743e-19  2.93197e-07 -3.70028e-21  4.47786e-07 -1.85677e-19  2.72889e-07 -3.57544e-20   1.2117e-07   4.6169e-20  4.30462e-08  2.22323e-20  1.22027e-08 -1.35446e-21  2.44447e-09 -3.58348e-21  8.60224e-11 -8.89761e-22 -2.25544e-10  2.72865e-22 -1.47599e-10  2.55363e-22 -6.55839e-11   4.8969e-23 -2.42889e-11 -3.78363e-23 -7.97844e-12 -3.81612e-23 -2.39061e-12 -1.67278e-23 -6.63551e-13 -1.28495e-24 -1.72249e-13  3.43682e-24 -4.20837e-14  2.32302e-24 -9.71988e-15  6.07015e-25 -2.12881e-15 -8.38858e-26 -4.43041e-16 -1.45647e-25 -8.77262e-17 -6.84705e-26 -1.65358e-17 -1.75866e-26  -2.9667e-18 -9.89264e-28  -5.0624e-19  1.22529e-27 -8.20561e-20  5.68019e-28 -1.26113e-20  1.26482e-28 -1.83371e-21  1.00755e-29 -2.51586e-22 -5.76975e-30 -3.24744e-23 -4.96538e-30  -3.9307e-24 -2.80447e-30 -4.44547e-25 -1.25502e-30 -4.67939e-26 -4.59972e-31  -4.5649e-27 -1.42436e-31 -4.10772e-28  -3.7858e-32 -3.39172e-29 -8.49781e-33 -2.55449e-30 -1.51249e-33 -1.74283e-31  -1.7705e-34 -1.06844e-32  1.38821e-37 -5.82937e-34  6.25953e-36 -2.80066e-35  1.81891e-36   -1.174e-36  3.28571e-37  -4.2866e-38  4.27319e-38 -1.37264e-39  4.08792e-39 -3.69095e-41  2.80782e-40 -5.42634e-43  1.29384e-41  1.75745e-44  3.41418e-43  1.28336e-45  2.90412e-45  2.41629e-47 -3.15771e-47
 1.03262e-18  -0.00269281 -1.79508e-18    0.0103966 -3.49595e-18   -0.0149277  1.87024e-17   0.00633415 -5.71581e-17   0.00327977  9.53391e-17  -0.00142522    -6.16e-17    -0.001385 -3.09202e-17 -0.000199372  6.12204e-17  0.000278265 -1.23964e-17  0.000219562 -9.51852e-18   6.9901e-05 -5.68802e-18 -6.86415e-06  6.20766e-18 -2.15022e-05  4.81874e-20 -1.40681e-05 -4.06014e-19 -5.74033e-06  5.66295e-19 -1.39298e-06 -6.83605e-20  6.77436e-08 -3.46316e-19   2.9904e-07 -8.29765e-20  2.04649e-07  6.68948e-20  9.85238e-08  3.96881e-20  3.87078e-08  2.20781e-21   1.2954e-08 -4.58268e-21  3.71312e-09 -1.40414e-21  8.84676e-10  4.57263e-22  1.54978e-10  4.82701e-22  7.11809e-12  1.11651e-22 -9.40022e-12 -7.20081e-23 -5.64084e-12 -8.26434e-23 -2.24237e-12   -3.732e-23 -7.40379e-13 -2.65314e-24 -2.16587e-13  7.41839e-24 -5.77173e-14  4.86316e-24 -1.42148e-14  1.27676e-24 -3.26225e-15  -1.5735e-25 -7.01082e-16 -3.02128e-25 -1.41496e-16 -1.47996e-25 -2.68596e-17 -4.12773e-26 -4.79803e-18 -4.90838e-27 -8.06368e-19  1.19396e-27 -1.27391e-19  7.21515e-28 -1.88918e-20   1.5398e-28 -2.62494e-21 -2.58744e-30 -3.40924e-22 -2.09108e-29 -4.12725e-23 -1.46826e-29  -4.6417e-24 -7.53144e-30 -4.83061e-25 -3.12191e-30 -4.63042e-26 -1.08143e-30 -4.06564e-27 -3.20014e-31 -3.24785e-28 -8.11472e-32 -2.34064e-29 -1.71999e-32 -1.50482e-30 -2.84711e-33 -8.49542e-32 -2.99401e-34 -4.10939e-33  5.14998e-36 -1.63078e-34  1.07814e-35 -4.83589e-36  2.79497e-36 -7.89476e-38  4.58557e-37  9.24158e-40   5.3997e-38  9.79693e-41  4.62649e-39  4.70287e-42  2.79338e-40  3.98128e-43  1.09607e-41  2.64423e-44  2.31544e-43  8.27727e-46  1.32705e-45  7.66823e-48
 0.000847125  4.54797e-18  -0.00757006 -3.49595e-18    0.0206067 -3.25737e-18   -0.0223668     1.73e-17   0.00453534 -7.34976e-17   0.00653849  1.34887e-16 -0.000279608 -8.78374e-17  -0.00208971 -4.32734e-17 -0.000886792   7.5351e-17  0.000113954 -1.63669e-18  0.000317838 -1.79224e-17  0.000181196 -7.87296e-18  4.55585e-05  6.00764e-18 -1.11904e-05  4.70133e-19 -1.88359e-05  3.18298e-19  -1.1654e-05  9.99531e-19 -4.86875e-06 -1.58405e-19 -1.38792e-06 -5.63308e-19 -1.48087e-07 -1.64129e-19  1.25099e-07  7.58988e-20  1.12083e-07  5.76511e-20  5.98161e-08   8.0515e-21  2.54867e-08 -4.55819e-21  9.35863e-09 -1.52787e-21  3.05532e-09  9.14058e-22  8.99758e-10  8.89147e-22   2.4035e-10  2.30786e-22   5.8164e-11 -1.25193e-22  1.26312e-11 -1.56307e-22  2.40277e-12 -6.97511e-23  3.76091e-13 -3.75572e-24  3.84425e-14  1.40526e-23 -2.07884e-15  8.87957e-24 -2.56658e-15  2.31854e-24  -9.1201e-16 -2.78863e-25 -2.42485e-16 -5.53004e-25 -5.47792e-17  -2.7778e-25 -1.09667e-17 -8.32146e-26 -1.98011e-18 -1.44651e-26 -3.24756e-19 -5.29894e-28 -4.84377e-20  3.67033e-28 -6.54609e-21   2.0285e-29 -7.94172e-22 -7.81017e-29  -8.4891e-23 -6.47859e-29 -7.68301e-24  -3.6974e-29 -5.28569e-25 -1.70422e-29 -1.52235e-26 -6.55462e-30  2.88419e-27 -2.14495e-30  6.90944e-28 -6.03436e-31   9.5988e-29 -1.44958e-31  1.04403e-29 -2.88273e-32  9.53971e-31 -4.40787e-33  7.50571e-32 -4.08572e-34  5.12761e-33  1.59115e-35   3.0407e-34  1.55276e-35  1.55261e-35  3.56714e-36  6.69847e-37   5.2788e-37  2.36254e-38  5.58245e-38    6.613e-40  4.23763e-39  1.62305e-41  2.21295e-40  5.12088e-43  7.19048e-42  1.80515e-44  1.14472e-43  3.38805e-46  3.47954e-46
-3.87317e-18   0.00272022  1.15252e-17   -0.0149277 -3.25737e-18    0.0318818  3.07614e-18     -0.02671 -1.96975e-18 -0.000485919 -7.14694e-17   0.00896377  1.63611e-16   0.00209478 -1.13268e-16  -0.00210585 -5.35301e-17  -0.00169669  8.50268e-17   -0.0003457  1.23079e-17  0.000270519 -2.39304e-17  0.000281834 -1.05637e-17  0.000131519  3.87882e-18  2.70468e-05  6.71891e-19 -1.06691e-05   1.5948e-18 -1.41417e-05  1.70127e-18 -8.53846e-06  -2.1999e-19 -3.69703e-06 -8.08352e-19 -1.20893e-06 -2.80251e-19 -2.63495e-07  6.26029e-20 -7.11366e-10  6.85678e-20  3.71536e-08  1.33181e-20  2.51206e-08 -3.91096e-21  1.18838e-08 -1.03572e-21  4.69313e-09  1.86139e-21  1.63866e-09  1.58219e-21  5.19659e-10  4.28858e-22  1.51981e-10 -2.06062e-22  4.13983e-11 -2.64513e-22  1.05764e-11 -1.13078e-22  2.54802e-12 -2.72677e-24  5.81441e-13  2.42871e-23  1.26159e-13  1.46467e-23  2.61164e-14  3.74414e-24  5.17327e-15 -4.83728e-25  9.82847e-16 -9.20786e-25  1.79368e-16 -4.69496e-25  3.14605e-17 -1.50305e-25  5.29995e-18 -3.33938e-26  8.55991e-19 -5.55515e-27  1.32162e-19 -1.08144e-27  1.94343e-20 -4.81145e-28  2.71021e-21  -2.9127e-28  3.56794e-22 -1.63349e-28  4.41323e-23 -7.97674e-29  5.10433e-24 -3.33663e-29  5.49359e-25 -1.19556e-29  5.47465e-26  -3.6925e-30  5.02567e-27 -9.83195e-31  4.22646e-28 -2.22509e-31  3.23674e-29  -4.1288e-32  2.24242e-30  -5.7876e-33  1.39508e-31 -4.59945e-34  7.72831e-33  3.17662e-35   3.7729e-34  1.92236e-35  1.59969e-35   3.8921e-36  5.75287e-37  5.15784e-37  1.69252e-38  4.85401e-38  4.00015e-40  3.22279e-39  9.06176e-42  1.42628e-40  2.83102e-43   3.6938e-42  7.97738e-45  4.01264e-44  8.25263e-47
-0.000330849 -1.44745e-17   0.00513768  1.87024e-17   -0.0223668  3.07614e-18    0.0404923  1.81336e-17   -0.0262718 -3.98478e-17  -0.00717366 -4.59155e-17   0.00932945  1.74079e-16   0.00497459 -1.36608e-16   -0.0011401  -6.1078e-17  -0.00224283  9.12221e-17  -0.00100193  2.60147e-17   8.6544e-06  -2.5386e-17   0.00029382 -1.35626e-17  0.000215292  -2.0322e-19  8.82809e-05  4.68803e-19  1.61255e-05  3.29009e-18 -7.46199e-06  2.67523e-18 -9.15946e-06 -1.80936e-19 -5.53189e-06 -1.02773e-18 -2.49202e-06 -4.16303e-19 -9.04297e-07  2.23309e-20 -2.62978e-07  6.44338e-20 -5.46476e-08  1.33654e-20 -2.62209e-09 -4.14404e-21  4.77313e-09 -9.61947e-23  3.25738e-09  3.41145e-21   1.4791e-09  2.62067e-21  5.56594e-10  6.97214e-22  1.85175e-10  -3.3007e-22  5.60551e-11 -4.07714e-22  1.56819e-11 -1.62281e-22  4.09294e-12  3.64168e-24  1.00274e-12  3.91812e-23  2.31539e-13  2.22942e-23  5.05252e-14  5.48173e-24  1.04365e-14 -8.18442e-25  2.04229e-15 -1.42106e-24  3.78661e-16 -7.31707e-25  6.64894e-17 -2.49312e-25  1.10456e-17 -6.56852e-26   1.7335e-18 -1.56494e-26  2.56532e-19 -4.30645e-27  3.57161e-20 -1.60516e-27  4.66615e-21  -7.3183e-28   5.7036e-22  -3.4387e-28  6.50138e-23 -1.49608e-28  6.88559e-24 -5.75153e-29  6.74817e-25 -1.92758e-29  6.09201e-26 -5.61288e-30  5.03999e-27 -1.40925e-30  3.79883e-28 -2.99085e-31  2.59126e-29 -5.15091e-32  1.58738e-30 -6.55927e-33  8.65706e-32 -4.27768e-34   4.1615e-33  4.89455e-35  1.74203e-34  2.07839e-35  6.23735e-36   3.6914e-36  1.84959e-37   4.3472e-37  4.33616e-39  3.60266e-38  8.65913e-41  2.05961e-39   2.6704e-42  7.52133e-41   1.1384e-43  1.46701e-42  2.52813e-45  8.80499e-45
 7.40286e-18 -0.000348511 -3.38123e-17   0.00633415     1.73e-17     -0.02671  1.81336e-17    0.0440806  3.85575e-17   -0.0217996 -8.38756e-17   -0.0133822  4.99373e-19   0.00744425  1.64608e-16   0.00740187 -1.57991e-16  0.000649724 -6.62871e-17  -0.00221305  9.43744e-17  -0.00162933  3.77886e-17 -0.000437682 -2.19139e-17  0.000162065 -1.67331e-17  0.000246116 -5.84082e-18  0.000149231 -1.75374e-19   5.6979e-05  5.16791e-18  1.06915e-05  3.85316e-18 -3.76426e-06  2.49804e-20 -5.01015e-06 -1.15221e-18 -3.10629e-06 -5.39381e-19 -1.45582e-06 -3.91066e-20 -5.68142e-07  4.06442e-20 -1.90403e-07  3.71446e-21 -5.48928e-08 -7.25076e-21 -1.32137e-08  7.90124e-22 -2.36884e-09  5.49269e-21 -1.36678e-10  3.94569e-21  1.27887e-10   9.7258e-22  7.96563e-11 -5.19648e-22  3.18894e-11 -5.79542e-22  1.05174e-11 -2.07809e-22  3.05879e-12  1.98657e-23  8.07288e-13  5.97942e-23  1.96203e-13  3.17566e-23  4.42752e-14  7.38411e-24  9.32131e-15 -1.32802e-24  1.83583e-15 -2.05897e-24  3.38695e-16 -1.06857e-24  5.85528e-17 -3.85311e-25    9.481e-18 -1.14499e-25  1.43633e-18  -3.2255e-26  2.03246e-19 -9.90332e-27  2.68036e-20 -3.57919e-27  3.28516e-21 -1.47202e-27  3.72935e-22  -6.2253e-28  3.90504e-23 -2.47645e-28  3.75265e-24 -8.84034e-29  3.28889e-25 -2.77948e-29  2.60786e-26 -7.62181e-30  1.85107e-27 -1.79864e-30  1.15865e-28 -3.56482e-31  6.25001e-30 -5.66658e-32   2.7907e-31 -6.47994e-33  9.43535e-33 -3.20555e-34   1.7234e-34  6.20726e-35 -4.49609e-36  1.98129e-35 -5.77819e-37  3.07363e-36 -3.02005e-38  3.18959e-37 -1.01759e-39    2.299e-38 -1.41153e-41  1.10955e-39   7.0767e-43   3.2222e-41   4.1209e-44  4.30267e-43  5.36499e-46
 -0.00017588  2.49781e-17  0.000728742 -5.71581e-17   0.00453534 -1.96975e-18   -0.0262718  3.85575e-17     0.042911  5.37452e-17   -0.0154815 -1.13843e-16   -0.0176883  6.05178e-17   0.00400534  1.39295e-16   0.00871448 -1.77571e-16   0.00279861 -7.00273e-17  -0.00151805  9.40617e-17   -0.0019915  4.76328e-17 -0.000949263 -1.46941e-17 -0.000112216 -2.01491e-17  0.000184784 -1.24081e-17  0.000177772 -1.19859e-18  9.66602e-05  6.94665e-18  3.62002e-05  5.11346e-18  7.96453e-06  4.37255e-19 -9.45916e-07 -1.11337e-18 -2.16426e-06 -6.04347e-19  -1.4453e-06 -1.04399e-19 -7.08424e-07 -7.98724e-22 -2.90812e-07 -1.74338e-20 -1.04804e-07 -1.44582e-20 -3.38953e-08  1.20508e-21 -9.94771e-09  7.90804e-21 -2.66222e-09  5.37352e-21 -6.49731e-10  1.14554e-21  -1.4387e-10 -7.94267e-22  -2.8532e-11 -7.63528e-22 -4.92335e-12 -2.35344e-22 -6.86545e-13  5.14648e-23  -5.7513e-14  8.69967e-23  5.75337e-15   4.2761e-23  4.23286e-15  9.26306e-24  1.28263e-15 -2.04228e-24   2.9604e-16 -2.82769e-24  5.76872e-17  -1.4782e-24  9.79517e-18 -5.59595e-25   1.4586e-18 -1.80916e-25  1.88343e-19 -5.59459e-26  2.02927e-20 -1.81481e-26  1.61641e-21 -6.50126e-27  4.08366e-23  -2.5266e-27 -1.65386e-23 -9.91643e-28 -4.34351e-24 -3.66467e-28 -7.14299e-25 -1.22349e-28 -9.38343e-26  -3.6154e-29 -1.04905e-26 -9.32375e-30 -1.02206e-27 -2.06185e-30 -8.75691e-29 -3.80063e-31 -6.60966e-30 -5.54102e-32 -4.38131e-31 -5.60269e-33 -2.53182e-32 -1.76148e-34 -1.26076e-33   6.6918e-35 -5.32578e-35  1.67528e-35 -1.87148e-36  2.25968e-36 -5.31179e-38  2.04643e-37 -1.11175e-39  1.26361e-38  -9.6399e-42  5.01613e-40  3.72578e-43  1.09612e-41  1.30381e-44  8.14695e-44
-6.10411e-18 -0.000694087  5.55916e-17   0.00327977 -7.34976e-17 -0.000485919 -3.98478e-17   -0.0217996  5.37452e-17    0.0390121  5.02112e-17  -0.00934359 -1.13689e-16   -0.0198043  1.26017e-16 -1.53291e-05  1.05952e-16   0.00873829 -1.94069e-16   0.00479953 -7.31212e-17 -0.000288513  9.01248e-17  -0.00194018   5.6314e-17  -0.00137181 -5.78376e-18 -0.000469538 -2.40522e-17  2.42615e-05 -1.92785e-17  0.000148378 -2.54746e-18  0.000115447  8.33612e-18  5.91945e-05  6.30269e-18  2.26001e-05  1.05461e-18   6.0563e-06 -8.62228e-19  5.51704e-07 -5.65754e-19 -5.88058e-07 -1.48467e-19 -5.04063e-07 -5.04418e-20 -2.67817e-07 -4.73552e-20 -1.15308e-07 -2.49598e-20 -4.33163e-08  1.34861e-21 -1.46661e-08  1.04991e-20 -4.55588e-09  6.66927e-21 -1.31308e-09  1.10813e-21 -3.53874e-10 -1.15004e-21 -8.96984e-11 -9.28669e-22  -2.1484e-11 -2.26071e-22 -4.88105e-12  1.04241e-22  -1.0553e-12  1.21197e-22 -2.17688e-13  5.48331e-23 -4.29284e-14  1.09223e-23 -8.10238e-15 -2.97118e-24 -1.46405e-15  -3.7091e-24  -2.5309e-16 -1.95069e-24  -4.1788e-17 -7.67664e-25 -6.57359e-18 -2.62932e-25 -9.82076e-19 -8.59884e-26 -1.38829e-19 -2.87892e-26 -1.84953e-20 -1.02503e-26 -2.31235e-21 -3.82337e-27  -2.7012e-22 -1.41328e-27 -2.93498e-23  -4.8984e-28 -2.95222e-24 -1.53638e-28  -2.7354e-25 -4.27025e-29 -2.32207e-26 -1.03404e-29 -1.79519e-27  -2.1364e-30 -1.25534e-28 -3.64654e-31 -7.87604e-30 -4.83931e-32 -4.38946e-31 -4.23241e-33 -2.14522e-32 -4.08613e-35 -9.03798e-34  6.24879e-35 -3.20872e-35  1.26089e-35 -9.30239e-37  1.47082e-36 -2.07665e-38  1.14917e-37 -2.84786e-40  5.96322e-39  1.82228e-42  1.87785e-40  2.01824e-43  2.81098e-42  2.81091e-45
 4.92659e-05 -1.82211e-17  -0.00134324  9.53391e-17   0.00653849 -7.14694e-17  -0.00717366 -8.38756e-17   -0.0154815  5.02112e-17    0.0345099  1.91197e-17  -0.00440673 -8.06104e-17   -0.0201887  1.89226e-16  -0.00386081  7.28744e-17   0.00766552 -2.04777e-16   0.00628878 -7.56772e-17   0.00122237  8.38566e-17  -0.00145088  6.46067e-17  -0.00157448  2.67952e-18 -0.000816011  -2.8658e-17 -0.000205625 -2.59785e-17   5.4622e-05 -4.25722e-18  9.82562e-05   9.0598e-18  6.81969e-05  7.25214e-18  3.40465e-05  1.82822e-18  1.34832e-05 -3.85938e-19   4.2437e-06   -3.927e-19  9.52878e-07 -1.46212e-19  5.45574e-08 -9.36537e-20 -8.98785e-08 -7.86882e-20  -6.5723e-08  -3.5423e-20  -3.1549e-08  2.30669e-21 -1.24855e-08  1.32874e-20 -4.35302e-09  7.65497e-21 -1.37692e-09  8.16201e-22 -4.01494e-10 -1.53968e-21  -1.0897e-10 -1.02776e-21 -2.77026e-11 -1.58817e-22 -6.62433e-12  1.82834e-22 -1.49409e-12  1.61924e-22 -3.18403e-13  6.72695e-23 -6.41698e-14  1.21584e-23  -1.2233e-14 -4.11335e-24 -2.20505e-15 -4.67578e-24 -3.75493e-16 -2.46636e-24 -6.03253e-17 -9.98102e-25 -9.12749e-18 -3.55076e-25 -1.29789e-18 -1.20159e-25 -1.73016e-19 -4.09494e-26 -2.15618e-20 -1.44533e-26  -2.5042e-21 -5.20143e-27 -2.70093e-22 -1.82412e-27 -2.69474e-23 -5.96222e-28  -2.4761e-24  -1.7612e-28 -2.08499e-25 -4.60372e-29 -1.59973e-26 -1.04476e-29 -1.11099e-27 -2.01021e-30 -6.92864e-29 -3.16153e-31 -3.84218e-30 -3.78313e-32 -1.87014e-31 -2.76674e-33 -7.84571e-33  5.24345e-35 -2.76019e-34  5.11379e-35 -7.78419e-36  8.46166e-36 -1.60234e-37  8.47826e-37 -1.59375e-39  5.63435e-38  4.60561e-41   2.3955e-39  3.06124e-42  5.66685e-41  6.98575e-44  4.73172e-43
-2.31572e-18 -6.97322e-05 -3.73485e-17  -0.00142522  1.34887e-16   0.00896377 -4.59155e-17   -0.0133822 -1.13843e-16  -0.00934359  1.91197e-17    0.0306365 -3.82036e-17 -0.000793383 -2.53973e-17   -0.0194893  2.42255e-16  -0.00713561  4.56852e-17   0.00583708  -2.0722e-16    0.0070949 -7.66573e-17   0.00274385   7.8167e-17 -0.000603636  7.30735e-17  -0.00148592  9.17962e-18  -0.00105601 -3.39251e-17 -0.000448559 -3.22158e-17 -8.68567e-05 -6.45058e-18  4.19494e-05  8.88176e-18  5.54912e-05  7.79457e-18  3.62795e-05  2.66382e-18  1.79521e-05  2.81666e-19  7.35993e-06 -8.20662e-20  2.57016e-06 -8.19023e-20  7.61911e-07  -1.1545e-19  1.83378e-07 -1.01421e-19  2.97653e-08 -4.07842e-20 -9.28269e-10   5.7507e-21 -3.38576e-09  1.64492e-20 -1.82812e-09  8.27159e-21 -7.18583e-10  3.24605e-22 -2.39203e-10 -1.86952e-21 -7.09056e-11 -1.00422e-21 -1.91517e-11 -1.54429e-23 -4.77192e-12  2.88445e-22 -1.10469e-12   2.0728e-22 -2.38611e-13  7.90492e-23 -4.82059e-14  1.27284e-23 -9.11988e-15 -5.46991e-24 -1.61616e-15 -5.69191e-24 -2.68167e-16 -2.99515e-24 -4.16205e-17 -1.23293e-24 -6.03278e-18 -4.48826e-25 -8.14975e-19 -1.54926e-25 -1.02346e-19 -5.32031e-26  -1.1911e-20 -1.85363e-26  -1.2798e-21  -6.4434e-27 -1.26387e-22  -2.1514e-27 -1.14091e-23 -6.65038e-28 -9.35082e-25 -1.85194e-28 -6.89837e-26 -4.54885e-29 -4.52842e-27 -9.65276e-30 -2.60199e-28 -1.72343e-30 -1.27466e-29 -2.48303e-31 -5.06058e-31 -2.64605e-32 -1.42013e-32 -1.52703e-33 -1.04461e-34  9.45233e-35  1.75867e-35  3.69478e-35  1.35572e-36  5.06383e-36  6.17492e-38  4.31947e-37  2.11752e-39  2.39751e-38  6.04893e-41  8.06004e-40  1.34795e-42  1.30511e-41  1.36841e-44
 6.08803e-05 -8.25625e-18 -0.000563883    -6.16e-17 -0.000279608  1.63611e-16   0.00932945  4.99373e-19   -0.0176883 -1.13689e-16  -0.00440673 -3.82036e-17    0.0277205 -1.10175e-16    0.0017901  3.45287e-17   -0.0182204  2.77287e-16  -0.00972435  2.54839e-17    0.0035855 -2.01113e-16   0.00720006 -7.41432e-17   0.00405338  7.66073e-17  0.000459999  8.21288e-17  -0.00110307  1.32357e-17  -0.00111925 -3.94168e-17 -0.000640054 -3.78073e-17 -0.000241394 -9.26134e-18 -4.23873e-05  7.64708e-18  2.10135e-05  7.78698e-18  2.62986e-05  3.43384e-18  1.68603e-05  1.05912e-18  8.34746e-06  3.33946e-19  3.50269e-06  4.28953e-20  1.29253e-06 -1.06299e-19  4.26835e-07 -1.06503e-19  1.27132e-07 -3.62608e-20  3.41865e-08    1.306e-20   8.2478e-09  2.00756e-20  1.75373e-09  8.54006e-21  3.14353e-10 -2.34699e-22  4.13513e-11 -2.02435e-21  1.14783e-12 -8.09431e-22 -1.60567e-12  2.10965e-22 -7.13674e-13  4.16298e-22 -2.12408e-13   2.5345e-22  -5.2105e-14  8.87543e-23 -1.11694e-14   1.2324e-23 -2.14126e-15  -7.0472e-24  -3.7065e-16 -6.71133e-24 -5.80694e-17 -3.49758e-24 -8.20894e-18 -1.44957e-24 -1.03746e-18 -5.33818e-25  -1.1497e-19 -1.85996e-25 -1.07063e-20 -6.38395e-26    -7.43e-22 -2.18544e-26 -1.77106e-23 -7.33271e-27  5.31282e-24 -2.33411e-27  1.22046e-24 -6.83137e-28  1.71902e-25 -1.79314e-28  1.91413e-26 -4.13268e-29  1.79566e-27 -8.17826e-30  1.45156e-28 -1.34935e-30  1.01888e-29 -1.76834e-31  6.21381e-31 -1.64975e-32  3.28156e-32 -6.67121e-34  1.49172e-33   9.5912e-35  5.78681e-35  2.36718e-35  1.89405e-36  2.69856e-36  5.18374e-38  1.93642e-37  1.20042e-39  8.75989e-39  2.39732e-41  2.20672e-40  3.42719e-43  1.99334e-42
 9.00604e-18  0.000153603 -1.83713e-17    -0.001385 -8.78374e-17   0.00209478  1.74079e-16   0.00744425  6.05178e-17   -0.0198043 -8.06104e-17 -0.000793383 -1.10175e-16    0.0256204 -1.79658e-16    0.0036859  8.36332e-17   -0.0166959  2.88221e-16   -0.0116593   8.9501e-18   0.00116954 -1.89086e-16   0.00667791 -6.62761e-17   0.00500005  8.18921e-17   0.00157853  9.20473e-17 -0.000480968  1.53934e-17 -0.000975903 -4.43437e-17 -0.000726072 -4.25876e-17 -0.000367271 -1.27369e-17  -0.00013273  5.32269e-18 -2.69843e-05  7.13589e-18  5.78499e-06  3.99649e-18  9.74355e-06  1.82601e-18  6.46564e-06  7.88173e-19  3.24192e-06  2.05407e-19  1.37924e-06 -6.70305e-20  5.20522e-07 -8.99531e-20  1.78265e-07 -1.98978e-20  5.61637e-08  2.42031e-20   1.6429e-08  2.38163e-20  4.49242e-09  8.43844e-21  1.15455e-09 -7.25517e-22  2.80159e-10 -1.91366e-21  6.44526e-11 -4.25569e-22  1.41104e-11  5.08311e-22  2.94948e-12  5.54132e-22  5.90285e-13  2.94689e-22  1.13326e-13  9.46456e-23  2.08889e-14  1.06098e-23   3.6952e-15 -8.83689e-24  6.26239e-16 -7.67329e-24  1.01382e-16 -3.92802e-24  1.56191e-17 -1.62419e-24  2.27993e-18 -5.99627e-25  3.13861e-19 -2.09155e-25  4.05541e-20 -7.12506e-26   4.8949e-21 -2.38588e-26  5.49279e-22 -7.71484e-27  5.70268e-23 -2.34119e-27  5.45033e-24 -6.48716e-28  4.76981e-25 -1.60354e-28  3.79992e-26 -3.46078e-29  2.73781e-27  -6.3667e-30  1.77077e-28 -9.65999e-31  1.01946e-29  -1.1413e-31  5.17467e-31 -9.09065e-33  2.29155e-32 -1.80669e-34  8.75429e-34  7.53882e-35  2.85144e-35  1.34757e-35  7.83457e-37   1.2766e-36  1.81368e-38  7.58173e-38  3.61243e-40  2.70018e-39  5.98833e-42  4.64756e-41  5.18353e-44
 1.58674e-05  2.40033e-17  0.000133939 -3.09202e-17  -0.00208971 -1.13268e-16   0.00497459  1.64608e-16   0.00400534  1.26017e-16   -0.0201887 -2.53973e-17    0.0017901 -1.79658e-16    0.0240919 -2.30231e-16   0.00514522  1.13588e-16   -0.0150802  2.72602e-16   -0.0130255 -9.82533e-18  -0.00123189 -1.75712e-16   0.00564316 -5.23163e-17   0.00550209  9.47346e-17   0.00260006  1.02821e-16  0.000286075  1.68202e-17 -0.000639729 -4.77937e-17 -0.000676783 -4.63769e-17 -0.000428307 -1.67838e-17  -0.00020333  2.01332e-18 -7.46745e-05  5.81218e-18 -1.93179e-05  4.21465e-18 -1.37331e-06  2.43826e-18  2.19877e-06  1.18644e-18  1.80909e-06  3.62908e-19  9.61117e-07 -1.13349e-20  4.17866e-07 -5.60133e-20  1.59226e-07  5.40626e-21  5.48248e-08  3.69242e-20  1.73461e-08  2.66227e-20  5.09562e-09  7.78043e-21  1.39948e-09 -1.08978e-21  3.61074e-10  -1.5173e-21   8.7811e-11  1.17496e-22  2.01754e-11  8.42684e-22  4.38578e-12  6.83134e-22  9.02684e-13  3.24145e-22  1.75926e-13   9.5002e-23  3.24505e-14  7.34596e-24  5.65963e-15  -1.0779e-23  9.31989e-16 -8.50028e-24  1.44643e-16 -4.24027e-24  2.11106e-17 -1.73569e-24  2.89021e-18 -6.37745e-25  3.70138e-19 -2.21167e-25  4.42021e-20 -7.43227e-26  4.90531e-21 -2.42419e-26  5.03929e-22 -7.53917e-27  4.77201e-23 -2.17927e-27  4.14556e-24 -5.71175e-28  3.28591e-25 -1.32748e-28  2.36163e-26 -2.67619e-29  1.52797e-27 -4.55996e-30  8.82523e-29 -6.32515e-31  4.50663e-30  -6.6593e-32  2.01297e-31 -4.35003e-33  7.77853e-33  3.10801e-35  2.57581e-34  4.95837e-35  7.27764e-36  6.81577e-36  1.76939e-37   5.3331e-37  3.82442e-39  2.56237e-38  7.48273e-41  6.81408e-40  1.06889e-42  6.53564e-42
 -6.7858e-18  9.20681e-05  4.30211e-17 -0.000199372 -4.32734e-17  -0.00210585 -1.36608e-16   0.00740187  1.39295e-16 -1.53291e-05  1.89226e-16   -0.0194893  3.45287e-17    0.0036859 -2.30231e-16    0.0229436 -2.50896e-16    0.0063243  1.24068e-16   -0.0134512   2.3232e-16   -0.0139142 -3.66749e-17  -0.00350306 -1.65594e-16   0.00422083 -3.32027e-17   0.00553376  1.13521e-16   0.00339934  1.13988e-16   0.00108466  1.87083e-17 -0.000162222 -4.90587e-17 -0.000493116 -4.90331e-17  -0.00040421 -2.11897e-17 -0.000233075 -2.06579e-18  -0.00010756   3.8444e-18 -4.10675e-05  3.96751e-18 -1.27931e-05  2.74571e-18 -2.94884e-06   1.4211e-18 -2.53464e-07  4.58861e-19  2.12156e-07  3.50302e-20  1.68324e-07 -1.80454e-20    8.226e-08  3.14022e-20  3.26943e-08  4.67427e-20  1.13764e-08  2.68057e-20  3.57529e-09  6.19535e-21  1.03146e-09 -1.38794e-21  2.75762e-10 -9.05093e-22  6.87245e-11  7.41661e-22  1.60244e-11  1.16362e-21  3.50367e-12  7.81759e-22  7.19226e-13  3.35499e-22  1.38676e-13  8.86725e-23  2.51106e-14  2.55037e-24  4.26704e-15 -1.27309e-23  6.79693e-16 -9.10315e-24   1.0133e-16 -4.39524e-24  1.41109e-17 -1.76977e-24  1.83126e-18 -6.43313e-25  2.20867e-19 -2.20503e-25  2.46781e-20 -7.27044e-26  2.54503e-21 -2.30091e-26  2.41222e-22  -6.8668e-27  2.09079e-23 -1.88794e-27  1.64745e-24  -4.6733e-28  1.17179e-25 -1.01907e-28  7.45907e-27 -1.91334e-29  4.20426e-28 -3.00636e-30   2.0705e-29 -3.78495e-31  8.76367e-31 -3.49511e-32  3.12865e-32 -1.73944e-33    9.282e-34  8.55101e-35  2.32338e-35  2.81118e-35  5.50818e-37  3.05627e-36  1.54193e-38  1.95177e-37  4.94194e-40  7.33867e-39  1.24126e-41  1.32977e-40  1.32744e-43
-6.19459e-06 -1.36233e-17  0.000217706  6.12204e-17 -0.000886792 -5.35301e-17   -0.0011401 -1.57991e-16   0.00871448  1.05952e-16  -0.00386081  2.42255e-16   -0.0182204  8.36332e-17   0.00514522 -2.50896e-16    0.0220569 -2.37808e-16   0.00731748   1.2035e-16   -0.0118433   1.7274e-16   -0.0144048 -7.49387e-17  -0.00557173  -1.6162e-16   0.00253121 -1.13422e-17   0.00511123  1.34881e-16   0.00388585  1.24606e-16   0.00180044  2.17578e-17  0.000379054 -4.79127e-17 -0.000205857 -5.05503e-17 -0.000296074 -2.57057e-17 -0.000212141  -6.6542e-18 -0.000115563  1.29074e-18 -5.25801e-05  3.15374e-18 -2.06997e-05  2.60942e-18 -7.14342e-06  1.38773e-18 -2.15678e-06  4.32765e-19 -5.57718e-07   3.8532e-20 -1.15421e-07  3.59372e-21 -1.43235e-08  4.60491e-20  2.05201e-09  4.79779e-20  2.25537e-09  2.24888e-20   1.0157e-09  3.25664e-21  3.51847e-10 -1.76936e-21  1.04606e-10 -2.17489e-22   2.7774e-11  1.33953e-21  6.70976e-12  1.41666e-21  1.48952e-12  8.31451e-22  3.05503e-13  3.24915e-22  5.80565e-14  7.56174e-23  1.02341e-14 -3.38944e-24   1.6733e-15  -1.4468e-23  2.53469e-16  -9.3963e-24   3.5496e-17 -4.36909e-24  4.58104e-18  -1.7219e-24  5.42434e-19 -6.16137e-25   5.8566e-20 -2.07659e-25  5.71531e-21 -6.68605e-26  4.97464e-22 -2.04568e-26  3.77771e-23 -5.84434e-27  2.39768e-24 -1.52544e-27  1.13826e-25 -3.55908e-28  2.21612e-27 -7.26313e-29 -2.78457e-28 -1.26557e-29 -4.28589e-29  -1.8242e-30  -3.6958e-30 -2.06555e-31 -2.38659e-31 -1.63495e-32 -1.22017e-32  -5.2276e-34 -4.94264e-34  7.31425e-35 -1.53306e-35  1.39184e-35 -3.31388e-37  1.20954e-36 -3.46881e-39  6.18227e-38  4.62068e-41  1.72745e-39  1.95008e-42   1.7408e-41
 2.18502e-18  1.29118e-05 -1.65894e-17  0.000278265   7.5351e-17  -0.00169669  -6.1078e-17  0.000649724 -1.77571e-16   0.00873829  7.28744e-17  -0.00713561  2.77287e-16   -0.0166959  1.13588e-16    0.0063243 -2.37808e-16     0.021363 -1.93374e-16   0.00818469   1.0979e-16   -0.0102682  1.01031e-16   -0.0145612   -1.241e-16  -0.00739315 -1.64108e-16  0.000684569  1.02246e-17   0.00428121  1.54846e-16   0.00400681  1.33459e-16   0.00233313  2.59461e-17   0.00089518 -4.47178e-17  0.000131685 -5.11289e-17 -0.000125926  -3.0141e-17 -0.000144885  -1.1523e-17 -9.63794e-05 -1.79585e-18  -5.0558e-05  1.69199e-18 -2.26885e-05   1.9191e-18 -9.02122e-06  1.00299e-18 -3.23834e-06  2.32136e-19 -1.06143e-06 -3.48265e-20 -3.20005e-07 -1.34411e-20  -8.9183e-08  3.68872e-20 -2.30585e-08  3.55605e-20 -5.54693e-09  1.23344e-20   -1.245e-09 -1.28502e-21 -2.61644e-10 -2.38634e-21 -5.17583e-11  3.84725e-22 -9.71974e-12  1.80575e-21 -1.75533e-12  1.55859e-21  -3.1024e-13  8.22095e-22 -5.46782e-14  2.92483e-22 -9.73219e-15  5.71583e-23 -1.74835e-15 -9.73581e-24 -3.12573e-16 -1.57276e-23 -5.44772e-17 -9.31947e-24  -9.0757e-18 -4.15974e-24 -1.42354e-18 -1.59845e-24 -2.08022e-19 -5.60668e-25 -2.81174e-20 -1.84965e-25 -3.49707e-21 -5.79066e-26 -3.98526e-22 -1.70709e-26  -4.1449e-23 -4.65682e-27 -3.91815e-24 -1.15136e-27 -3.35069e-25 -2.52585e-28 -2.57806e-26 -4.80938e-29 -1.77286e-27  -7.7452e-30 -1.08065e-28  -1.0177e-30 -5.77695e-30 -1.02412e-31  -2.6698e-31 -6.70188e-33 -1.04514e-32 -6.55776e-35 -3.36016e-34  4.54386e-35 -8.42205e-36  6.04674e-36 -1.47669e-37  4.19322e-37 -1.24677e-39  1.66347e-38  1.11367e-41  3.15539e-40  2.69356e-43
-7.45197e-06  2.05451e-18  9.08535e-05 -1.23964e-17  0.000113954  8.50268e-17  -0.00224283 -6.62871e-17   0.00279861 -1.94069e-16   0.00766552  4.56852e-17  -0.00972435  2.88221e-16   -0.0150802  1.24068e-16   0.00731748 -1.93374e-16    0.0208209 -1.24041e-16   0.00896731  9.88493e-17  -0.00872569  2.47022e-17   -0.0144314 -1.79754e-16  -0.00893831 -1.70933e-16  -0.00121894  2.88959e-17   0.00311324  1.70108e-16   0.00374772  1.39428e-16   0.00260854  3.06357e-17   0.00130156 -4.03138e-17  0.000455605 -5.11622e-17  6.92952e-05 -3.44214e-17 -4.82275e-05 -1.65291e-17 -5.59496e-05 -5.38953e-18 -3.62821e-05 -4.72321e-19 -1.85914e-05   6.1161e-19 -8.20304e-06  2.21767e-19 -3.23268e-06 -1.75184e-19 -1.16058e-06 -2.10472e-19 -3.84312e-07 -8.67855e-20 -1.18381e-07 -4.79163e-21 -3.41339e-08  6.99967e-21 -9.25714e-09 -3.75578e-21 -2.37024e-09 -7.28091e-21 -5.74664e-10 -3.29961e-21 -1.32225e-10  7.77303e-22 -2.89171e-11   2.0676e-21 -6.01588e-12  1.56931e-21 -1.19068e-12  7.55023e-22  -2.2407e-13  2.42496e-22 -4.00432e-14  3.57714e-23 -6.78321e-15 -1.55661e-23 -1.08667e-15 -1.62816e-23 -1.64184e-16 -8.85784e-24 -2.33251e-17 -3.78892e-24 -3.10561e-18  -1.4155e-24 -3.86163e-19 -4.84946e-25 -4.46751e-20 -1.55966e-25 -4.78947e-21 -4.72946e-26 -4.73748e-22 -1.33905e-26   -4.303e-23 -3.47863e-27 -3.56986e-24 -8.12641e-28 -2.68885e-25 -1.67163e-28 -1.82596e-26 -2.95936e-29 -1.10877e-27 -4.38343e-30 -5.96005e-29 -5.20979e-31 -2.80003e-30 -4.58398e-32  -1.1301e-31 -2.32558e-33 -3.82251e-33  5.20056e-35 -1.04184e-34  2.31169e-35 -2.12849e-36  2.30393e-36 -2.71912e-38  1.25858e-37 -5.64949e-41  3.68691e-39  3.92822e-42  3.87842e-41
-1.36381e-18 -1.44968e-05 -1.97083e-18  0.000219562 -1.63669e-18   -0.0003457  9.12221e-17  -0.00221305 -7.00273e-17   0.00479953 -2.04777e-16   0.00583708  2.54839e-17   -0.0116593  2.72602e-16   -0.0134512   1.2035e-16   0.00818469 -1.24041e-16    0.0204055 -3.81407e-17   0.00969635  9.14264e-17  -0.00720847 -4.92089e-17   -0.0140491 -2.34726e-16   -0.0101856 -1.78293e-16   -0.0030867  4.33985e-17   0.00169508  1.78949e-16   0.00313179  1.41899e-16   0.00258757  3.49188e-17   0.00153257 -3.57442e-17  0.000705382 -5.11365e-17  0.000247533 -3.85854e-17  5.37711e-05 -2.16264e-17 -6.06131e-06 -9.48602e-18 -1.47951e-05 -3.34889e-18 -1.03086e-05 -1.31021e-18 -5.31914e-06  -9.4885e-19 -2.32156e-06 -7.90642e-19  -8.9915e-07 -4.96639e-19 -3.16378e-07 -2.23003e-19 -1.02517e-07  -8.0446e-20 -3.08559e-08 -3.62813e-20 -8.67655e-09 -2.42943e-20 -2.28845e-09 -1.41004e-20 -5.67669e-10 -4.42741e-21 -1.32668e-10  9.10048e-22 -2.92403e-11  2.10241e-21 -6.08001e-12  1.45586e-21  -1.1925e-12  6.42426e-22 -2.20481e-13  1.82399e-22 -3.83872e-14  1.44765e-23 -6.28486e-15 -2.00214e-23 -9.65917e-16 -1.60075e-23 -1.39067e-16 -8.05146e-24  -1.8712e-17 -3.29871e-24 -2.34674e-18 -1.19551e-24 -2.73492e-19   -3.988e-25 -2.95182e-20 -1.24584e-25 -2.93927e-21 -3.64615e-26 -2.68854e-22 -9.88362e-27 -2.24787e-23 -2.43834e-27 -1.70818e-24 -5.36719e-28 -1.17196e-25 -1.03195e-28 -7.20264e-27 -1.69176e-29 -3.92748e-28 -2.29149e-30 -1.87747e-29 -2.43924e-31 -7.74422e-31 -1.83275e-32 -2.69443e-32 -6.25692e-34 -7.62536e-34  5.29246e-35 -1.63848e-35  1.00088e-35 -2.22964e-37  7.66022e-37 -3.30359e-40  3.21082e-38  5.53747e-41   6.3544e-40  7.34424e-43
-3.34291e-06 -2.66714e-18  2.52349e-06 -9.51852e-18  0.000317838  1.23079e-17  -0.00100193  9.43744e-17  -0.00151805 -7.31212e-17   0.00628878  -2.0722e-16    0.0035855   8.9501e-18   -0.0130255   2.3232e-16   -0.0118433   1.0979e-16   0.00896731 -3.81407e-17    0.0201014  5.54255e-17    0.0103972  8.85325e-17  -0.00570387 -1.14508e-16   -0.0134353 -2.80863e-16    -0.011115 -1.81721e-16  -0.00483042  5.41924e-17  0.000129954  1.81595e-16   0.00221834  1.41004e-16   0.00227167   3.8012e-17   0.00155317 -3.19406e-17  0.000836978 -5.14903e-17  0.000372472 -4.27337e-17   0.00013721 -2.68315e-17  3.98484e-05 -1.40698e-17  7.22141e-06 -6.87631e-18 -8.42208e-07 -3.76264e-18 -1.60695e-06 -2.44217e-18  -9.7834e-07 -1.57914e-18 -4.46776e-07 -8.78783e-19 -1.73601e-07  -4.1379e-19 -6.00469e-08 -1.82819e-19 -1.88934e-08 -8.88344e-20 -5.47343e-09 -4.64142e-20 -1.47067e-09 -2.07452e-20 -3.68196e-10 -5.56473e-21 -8.61399e-11   8.1118e-22 -1.88641e-11  1.93701e-21 -3.87028e-12  1.24795e-21 -7.44062e-13  5.03596e-22 -1.33992e-13  1.20819e-22 -2.25836e-14 -3.93819e-24 -3.55805e-15 -2.25362e-23 -5.23148e-16 -1.49275e-23 -7.16387e-17 -6.98922e-24 -9.11432e-18  -2.7433e-24 -1.07425e-18 -9.62857e-25 -1.16905e-19 -3.11863e-25 -1.17001e-20 -9.43147e-26  -1.0719e-21  -2.6551e-26  -8.9398e-23 -6.86933e-27 -6.74253e-24 -1.60468e-27 -4.56129e-25 -3.31803e-28 -2.73934e-26 -5.94167e-29 -1.44084e-27  -8.9781e-30 -6.51287e-29 -1.10429e-30 -2.45651e-30 -1.03924e-31 -7.31675e-32 -6.42315e-33 -1.48767e-33 -8.82614e-35 -6.78061e-36  3.08418e-35  9.43289e-37  3.73863e-36  4.60619e-38      2.2e-37  1.20743e-39  6.75268e-39  1.72507e-41  7.38414e-41
 1.31916e-18 -1.25022e-05 -4.02995e-18   6.9901e-05 -1.79224e-17  0.000270519  2.60147e-17  -0.00162933  9.40617e-17 -0.000288513 -7.56772e-17    0.0070949 -2.01113e-16   0.00116954 -9.82533e-18   -0.0139142   1.7274e-16   -0.0102682  9.88493e-17   0.00969635  5.54255e-17    0.0199002  1.47677e-16    0.0110924  8.88809e-17  -0.00419474 -1.66172e-16   -0.0125988 -3.10924e-16   -0.0117041  -1.7707e-16   -0.0063634  6.32692e-17  -0.00146607  1.79921e-16   0.00109916  1.37597e-16   0.00170366  3.95202e-17   0.00136526 -2.94951e-17  0.000832068 -5.25018e-17  0.000422403 -4.69608e-17  0.000185085 -3.21645e-17  7.10214e-05 -1.90672e-17   2.3892e-05 -1.08986e-17  6.94555e-06 -6.57676e-18  1.66567e-06 -4.13425e-18  2.79776e-07 -2.47013e-18  5.18301e-10 -1.31928e-18 -2.54378e-08 -6.36325e-19  -1.4079e-08 -2.97181e-19 -5.48547e-09 -1.42423e-19 -1.78711e-09 -6.65858e-20 -5.13752e-10 -2.61247e-20 -1.33447e-10 -6.46048e-21 -3.17037e-11  5.62446e-22 -6.93538e-12  1.63227e-21 -1.40209e-12  9.87701e-22 -2.62402e-13  3.59634e-22  -4.5477e-14  6.54563e-23   -7.293e-15 -1.75602e-23 -1.08024e-15 -2.29613e-23 -1.47355e-16 -1.32004e-23 -1.84334e-17  -5.7896e-24 -2.10199e-18 -2.17834e-24 -2.16594e-19 -7.39395e-25 -1.98983e-20  -2.3193e-25 -1.59312e-21  -6.7687e-26 -1.06219e-22 -1.82695e-26 -5.21869e-24 -4.49739e-27 -8.78233e-26 -9.91732e-28  1.75643e-26 -1.91987e-28  2.70517e-27 -3.18908e-29  2.47985e-28 -4.41729e-30  1.73907e-29 -4.89108e-31  9.88247e-31 -3.99724e-32   4.6193e-32 -1.89972e-33  1.77327e-33  2.94842e-35  5.53022e-35  1.39247e-35  1.37498e-36  1.20716e-36  2.63745e-38  5.36365e-38  3.58219e-40  1.10538e-39  2.34576e-42
-5.88415e-07  3.07973e-18  -2.0289e-05 -5.68802e-18  0.000181196 -2.39304e-17   8.6544e-06  3.77886e-17   -0.0019915  9.01248e-17   0.00122237 -7.66573e-17   0.00720006 -1.89086e-16  -0.00123189 -3.66749e-17   -0.0144048  1.01031e-16  -0.00872569  9.14264e-17    0.0103972  1.47677e-16     0.019799  2.29743e-16    0.0118042  8.98492e-17  -0.00265958  -2.0083e-16   -0.0115378 -3.20112e-16   -0.0119264 -1.61314e-16  -0.00759986  7.34302e-17  -0.00296832  1.76685e-16 -0.000108535  1.32962e-16  0.000962834  3.94752e-17   0.00100722  -2.8597e-17  0.000701108 -5.42495e-17  0.000394655 -5.13009e-17  0.000191328 -3.75862e-17  8.22896e-05 -2.43064e-17  3.19289e-05 -1.51574e-17  1.12937e-05 -9.51046e-18  3.66717e-06 -5.85793e-18  1.09842e-06 -3.36679e-18   3.0457e-07 -1.76331e-18  7.84033e-08 -8.57984e-19  1.87895e-08 -4.04945e-19  4.20656e-09 -1.88186e-19  8.84317e-10 -8.15777e-20   1.7601e-10 -2.93776e-20  3.35941e-11  -6.9119e-21  6.25805e-12  2.61224e-22  1.16027e-12  1.26119e-21  2.17163e-13  7.17928e-22   4.1072e-14  2.28535e-22  7.74585e-15  2.15363e-23  1.42676e-15 -2.56592e-23  2.51553e-16 -2.15484e-23  4.17967e-17 -1.10745e-23  6.47474e-18 -4.57501e-24  9.28425e-19 -1.65122e-24  1.22608e-19 -5.41323e-25   1.4853e-20 -1.64036e-25  1.64457e-21 -4.60567e-26   1.6581e-22 -1.18809e-26   1.5159e-23   -2.774e-27  1.25054e-24 -5.75544e-28  9.25424e-26 -1.03931e-28  6.09943e-27 -1.59407e-29  3.54924e-28 -2.01084e-30  1.80377e-29 -1.98226e-31  7.89963e-31 -1.37015e-32  2.93213e-32 -4.29894e-34  9.03393e-34  3.12721e-35  2.25036e-35   5.2197e-36  4.37619e-37  3.34802e-37  6.27532e-39  1.07739e-38  5.65082e-41  1.22126e-40
-2.95571e-19 -5.23852e-06  4.96849e-18 -6.86415e-06 -7.87296e-18  0.000281834  -2.5386e-17 -0.000437682  4.76328e-17  -0.00194018  8.38566e-17   0.00274385 -7.41432e-17   0.00667791 -1.75712e-16  -0.00350306 -7.49387e-17   -0.0145612  2.47022e-17  -0.00720847  8.85325e-17    0.0110924  2.29743e-16    0.0198005  2.93328e-16    0.0125559  8.84274e-17  -0.00107272  -2.1724e-16   -0.0102414 -3.06887e-16   -0.0117524 -1.33101e-16  -0.00845748  8.72938e-17  -0.00425109  1.74538e-16  -0.00127357  1.28335e-16  0.000153605  3.81668e-17  0.000545954 -2.91292e-17  0.000479401 -5.66482e-17  0.000304506 -5.57005e-17  0.000161097 -4.29545e-17  7.47276e-05  -2.9501e-17   3.1188e-05 -1.93097e-17  1.18937e-05  -1.2278e-17  4.18765e-06 -7.42733e-18  1.37152e-06 -4.16217e-18  4.20251e-07 -2.14988e-18  1.21026e-07 -1.04408e-18  3.28792e-08 -4.88447e-19  8.45162e-09 -2.18958e-19  2.06039e-09  -8.9304e-20  4.77172e-10 -3.01091e-20  1.05086e-10 -6.83213e-21   2.2013e-11 -1.23075e-23  4.38415e-12  8.89481e-22  8.29248e-13  4.72961e-22  1.48709e-13  1.22094e-22  2.52286e-14 -8.79338e-24  4.03856e-15 -2.86151e-23   6.0825e-16 -1.88232e-23  8.59216e-17 -8.82229e-24   1.1346e-17 -3.44875e-24  1.39563e-18 -1.19475e-24  1.59314e-19 -3.77798e-25  1.68091e-20 -1.10327e-25  1.63201e-21 -2.97119e-26  1.45103e-22 -7.30189e-27  1.17493e-23 -1.61174e-27  8.60975e-25 -3.13535e-28  5.66784e-26 -5.25978e-29  3.32275e-27 -7.40959e-30  1.71654e-28 -8.44497e-31  7.71431e-30 -7.30293e-32  2.96823e-31 -4.09004e-33  9.58523e-33  -4.6154e-35  2.53328e-34  1.61883e-35  5.30506e-36  1.65961e-36  8.41636e-38  7.85602e-38   9.2768e-40   1.6843e-39  4.98548e-42
