 2.22964e-33  1.43743e-36 -3.12362e-33 -3.41084e-36  1.16063e-33  1.14448e-35  2.46619e-35   5.6882e-36  3.20515e-35  2.02402e-35 -3.85921e-35 -1.22762e-35  -4.5162e-35  1.02845e-35  1.30589e-35  6.63188e-37  2.56121e-35  3.42975e-36  8.80705e-36 -1.19716e-36 -1.13191e-35 -3.20763e-37 -4.48176e-36  1.02168e-37  6.07666e-35 -1.61331e-37 -3.88654e-34   9.2146e-38  2.04582e-33 -1.29777e-37 -9.71978e-33  -6.1717e-38  4.14327e-32  2.76085e-38 -1.58764e-31 -6.20862e-39  5.47404e-31 -2.31771e-39 -1.69859e-30 -4.14461e-39  4.74085e-30  1.49041e-38 -1.18859e-29 -6.24537e-38  2.67083e-29  2.52044e-37 -5.36131e-29 -9.11967e-37  9.56962e-29  2.99115e-36 -1.50914e-28 -8.95113e-36  2.08385e-28  2.45365e-35 -2.48693e-28 -6.17625e-35  2.51465e-28  1.42993e-34  -2.0831e-28 -3.04783e-34   1.3213e-28  5.98301e-34 -5.28092e-29  -1.0816e-33   -7.832e-31  1.79976e-33  1.88157e-29 -2.75398e-33 -1.29232e-29  3.87015e-33  2.14544e-30 -4.98593e-33  2.59416e-30  5.87557e-33 -1.77115e-30   -6.316e-33  3.11757e-32   6.1726e-33   4.0869e-31  -5.4623e-33 -1.15844e-31  4.35579e-33 -5.83344e-32 -3.11215e-33  3.12081e-32  1.97922e-33  6.26924e-33 -1.11249e-33 -5.34992e-33  5.49316e-34 -6.74148e-34 -2.38196e-34  6.99987e-34  9.23652e-35  8.15585e-35 -3.40421e-35 -6.32752e-35  1.32873e-35 -1.30612e-35 -5.81748e-36  4.65288e-36  2.62309e-36  1.02934e-36 -1.07038e-36 -8.97828e-38  3.63264e-37 -7.27535e-38 -9.73069e-38 -2.16738e-39  1.94731e-38  1.85369e-39 -2.61953e-39   2.3334e-40  1.60433e-40 -6.76307e-42  1.48948e-41 -4.04658e-42 -3.96936e-42 -2.62624e-43  2.63185e-43  1.23364e-44  5.38557e-45  8.03952e-46 -1.17182e-45  2.02857e-47  2.05262e-47
 1.43743e-36  5.62711e-33  9.13366e-36 -4.09637e-33 -1.04463e-35  8.09004e-34  4.07884e-35  2.76265e-34  1.52962e-35  3.53776e-34  5.48565e-35  4.76812e-35 -3.08195e-35 -2.36488e-34  2.03988e-35  1.44297e-35  1.20955e-36  4.85529e-35   7.0854e-36  1.60892e-35 -2.39036e-36  2.51773e-35 -1.77969e-36 -3.65809e-34  3.76425e-37  2.38077e-33 -3.37034e-37 -1.34459e-32  2.45518e-37   6.7513e-32 -2.31016e-37 -3.04102e-31  -1.1643e-37  1.23055e-30  6.52529e-38 -4.47913e-30 -1.21604e-38   1.4674e-29 -1.19812e-38 -4.32602e-29  9.24097e-39   1.1466e-28  2.50021e-38 -2.72744e-28 -3.25415e-37  5.80677e-28  1.84442e-36 -1.10218e-27 -7.85179e-36  1.85502e-27    2.817e-35 -2.74751e-27 -8.87449e-35  3.54292e-27  2.50299e-34 -3.91486e-27 -6.38728e-34  3.61397e-27  1.48394e-33 -2.66157e-27 -3.15053e-33   1.4055e-27  6.12593e-33 -3.38386e-28 -1.09211e-32 -2.13849e-28  1.78564e-32  2.74261e-28 -2.67663e-32 -1.12622e-28  3.67473e-32 -1.75152e-29 -4.61349e-32  4.04586e-29  5.28524e-32 -1.25811e-29 -5.50956e-32 -5.46289e-30   5.2078e-32  4.50978e-30 -4.44391e-32   7.5497e-32  3.40466e-32 -8.98977e-31 -2.32609e-32  1.13948e-31  1.40523e-32  1.36754e-31 -7.42892e-33 -2.53256e-32  3.39575e-33 -1.78952e-32 -1.32772e-33  3.07343e-33  4.45696e-34   1.9874e-33 -1.36819e-34  -1.7039e-34   4.6459e-35  -1.8756e-34 -2.04132e-35  1.95471e-37  9.85083e-36   1.0429e-35 -4.18614e-36  1.36373e-36  1.42029e-36 -3.61388e-37 -3.67873e-37  -7.9237e-38  6.89912e-38  1.24861e-39 -8.27319e-39  1.73426e-39  3.44013e-40  1.59276e-40  6.82792e-41 -7.35955e-42 -1.24346e-41 -1.66271e-42  6.43192e-43 -4.62495e-44  1.57866e-44  7.89995e-46 -1.87496e-45  4.34658e-47
-3.12362e-33  9.13366e-36  6.78981e-33  3.36573e-35  -3.2217e-33 -1.68857e-35 -3.05981e-35  9.67392e-35  3.17123e-34  2.97541e-35  8.24979e-34  9.35136e-35  3.01805e-34 -4.84776e-35 -4.35411e-34  2.60881e-35 -5.99213e-35  2.64953e-36  8.95701e-35   1.0112e-35 -1.62481e-34 -3.06993e-36  1.46284e-33 -4.09857e-36 -1.00902e-32   7.4941e-37   6.0248e-32 -4.87998e-37  -3.2051e-31  4.89922e-37  1.52618e-30 -2.32664e-37 -6.52347e-30 -1.22434e-37  2.50704e-29  8.38931e-38 -8.67077e-29  5.87825e-38  2.69932e-28 -3.00635e-37 -7.55999e-28  8.80987e-37  1.90231e-27 -2.23448e-36 -4.29116e-27  4.26918e-36   8.6493e-27 -3.32446e-36  -1.5506e-26 -1.86526e-35  2.45673e-26  1.24391e-34 -3.40932e-26 -4.91403e-34  4.09087e-26  1.54799e-33 -4.16118e-26 -4.18877e-33  3.47041e-26  1.00326e-32 -2.21951e-26 -2.15853e-32  8.98716e-27  4.20536e-32  5.90486e-29 -7.45231e-32 -3.17847e-27  1.20404e-31  2.22495e-27 -1.77521e-31 -3.88678e-28  2.38814e-31 -4.42013e-28 -2.92835e-31  3.11359e-28  3.26693e-31 -8.98492e-30 -3.30711e-31 -7.15832e-29  3.02691e-31  2.13365e-29 -2.49328e-31  1.01141e-29  1.83722e-31 -5.72175e-30 -1.20168e-31 -1.06237e-30  6.90553e-32   9.9107e-31 -3.43847e-32  1.08753e-31   1.4555e-32 -1.29523e-31 -5.10342e-33 -1.44764e-32  1.43972e-33  1.25517e-32 -3.32497e-34   2.1407e-33  8.60696e-35 -8.50786e-34 -4.14191e-35 -2.09139e-34  2.40428e-35  2.41669e-35 -1.11132e-35  1.34314e-35  3.81229e-36  3.51136e-37 -9.55983e-37 -3.67639e-37   1.6769e-37 -4.71903e-38 -1.78127e-38  1.95919e-39  4.08914e-40  8.44815e-40  1.78733e-40  4.35768e-41 -2.48243e-41  -2.0204e-42  1.00176e-42 -2.00257e-43   2.4939e-44  -3.4726e-45 -1.47233e-45
-3.41084e-36 -4.09637e-33  3.36573e-35  5.89145e-33  8.82089e-35 -2.10365e-33 -1.13282e-35 -8.19203e-34  1.75692e-34  8.78241e-35  4.62296e-35  1.24792e-33  1.17543e-34  6.36167e-34  -5.8691e-35  -5.1607e-34  2.52342e-35 -2.46459e-34  5.29737e-36  6.45985e-34  1.11259e-35 -4.66884e-33 -3.15422e-36  3.36057e-32 -6.26351e-36 -2.12977e-31  1.11893e-36   1.2001e-30 -7.03144e-37 -6.04546e-30  8.24831e-37  2.73061e-29 -8.10209e-38 -1.10819e-28  2.92726e-38  4.04633e-28 -2.29758e-37 -1.32997e-27  1.36664e-36  3.93451e-27 -4.95041e-36 -1.04667e-26  1.56138e-35  2.49946e-26 -4.41463e-35 -5.34343e-26   1.0978e-34   1.0187e-25 -2.31852e-34 -1.72259e-25  3.78674e-34  2.56421e-25 -3.00467e-34 -3.32455e-25 -8.80345e-34  3.69545e-25   5.4729e-33 -3.43416e-25 -1.84666e-32  2.54897e-25   4.8933e-32 -1.36028e-25 -1.10685e-31  3.36328e-26  2.20704e-31  2.02791e-26 -3.93902e-31 -2.67833e-26  6.34241e-31  1.12694e-26  -9.2504e-31  1.58944e-27   1.2242e-30 -4.01353e-27 -1.47021e-30  1.30042e-27  1.60044e-30  5.30021e-28 -1.57559e-30 -4.61629e-28  1.39796e-30 -1.41544e-30  -1.1126e-30  9.20189e-29  7.89228e-31 -1.30364e-29 -4.94699e-31  -1.4044e-29  2.70749e-31  2.86207e-30 -1.27164e-31  1.84536e-30  4.98951e-32  -3.4897e-31 -1.56161e-32 -2.11819e-31  3.55275e-33  2.26726e-32  -4.6289e-34  1.97272e-32  2.19684e-35 -8.68776e-35 -3.84256e-35 -1.21395e-33  4.25501e-35   -1.298e-34    -2.31e-35  4.11646e-35  8.11257e-36  8.75612e-36 -1.96994e-36 -1.95095e-37  3.22468e-37 -2.08463e-37 -3.02002e-38 -1.68876e-38  1.88433e-40  1.00473e-39  3.30725e-40  1.86662e-40 -3.65223e-41  5.76692e-42  1.13926e-42 -1.35242e-43  2.41562e-44 -5.00892e-45
 1.16063e-33 -1.04463e-35  -3.2217e-33  8.82089e-35    5.306e-33  1.79425e-34 -1.43219e-33  1.79613e-35 -1.52221e-33  2.57411e-34 -2.45317e-34  5.83515e-35   1.4764e-33  1.15626e-34  9.03096e-34 -6.12893e-35 -3.17644e-34  2.00878e-35 -1.72166e-33  8.32388e-36  1.23235e-32  9.61242e-36 -9.34954e-32 -3.35891e-36  6.28922e-31 -6.89297e-36 -3.75806e-30  1.41966e-36  2.00396e-29 -1.19966e-36 -9.56955e-29   1.2269e-36  4.10249e-28  5.71042e-38 -1.58157e-27   1.1729e-36  5.48808e-27 -4.28632e-36  -1.7145e-26  1.67751e-35  4.81958e-26 -5.83897e-35 -1.21751e-25   1.8441e-34  2.75786e-25 -5.29281e-34 -5.58341e-25  1.37187e-33   1.0057e-24 -3.17699e-33 -1.60146e-24  6.44094e-33  2.23455e-24  -1.0931e-32 -2.69718e-24  1.36158e-32  2.76159e-24 -4.50255e-33 -2.32056e-24 -3.97336e-32  1.49811e-24  1.62472e-31 -6.16001e-25 -4.29252e-31  2.49381e-27  9.17827e-31   2.1509e-25 -1.69033e-30 -1.54039e-25  2.75039e-30  2.85441e-26 -4.00206e-30  3.01153e-26   5.2385e-30  -2.2026e-26 -6.18353e-30  9.35398e-28  6.58373e-30  5.02841e-27 -6.31347e-30 -1.58789e-27  5.43643e-30 -6.99595e-28 -4.18402e-30  4.23104e-28  2.85918e-30  7.07345e-29 -1.71879e-30 -7.37407e-29  8.96807e-31 -6.89199e-30 -3.97844e-31  9.74978e-30  1.44883e-31  9.55182e-31 -4.03246e-32 -9.74537e-31  6.95381e-33 -1.46952e-31  1.23698e-34  6.66309e-32  -4.6024e-34  1.58859e-32  7.17311e-35 -2.21595e-33  5.31209e-35 -1.02486e-33 -3.98184e-35 -1.92973e-35  1.45081e-35  3.01004e-35 -3.40742e-36  3.67058e-36  5.19182e-37 -2.04262e-37 -4.27726e-38 -6.86227e-38 -3.21164e-40 -3.26822e-39   4.6897e-40  1.77108e-40 -4.17351e-41   1.7366e-41  9.85063e-43  2.61149e-43  1.34053e-44
 1.14448e-35  8.09004e-34 -1.68857e-35 -2.10365e-33  1.79425e-34  5.99671e-33  2.96094e-34 -9.56159e-34  7.31802e-35 -2.19977e-33  3.12418e-34 -4.81577e-34  6.01125e-35   1.4698e-33  8.95676e-35  7.80592e-34 -6.03943e-35  2.66271e-33  1.49389e-35 -2.79162e-32  1.03192e-35  2.23797e-31  6.16351e-36 -1.60164e-30 -4.67656e-36  1.01582e-29 -4.94114e-36 -5.73875e-29  1.66994e-36  2.89897e-28 -2.22677e-36 -1.31331e-27  1.95783e-36  5.34674e-27 -1.66825e-36 -1.95874e-26  1.11999e-35  6.46079e-26 -4.37168e-35 -1.91845e-25  1.62255e-34   5.1237e-25   -5.507e-34 -1.22867e-24  1.71108e-33   2.6384e-24 -4.86305e-33  -5.0539e-24  1.26045e-32  8.58935e-24 -2.96434e-32 -1.28558e-23  6.27158e-32  1.67666e-23 -1.17534e-31 -1.87587e-23  1.89165e-31  1.75606e-23  -2.4215e-31 -1.31486e-23   1.8062e-31    7.102e-24  1.81238e-31 -1.81202e-24 -1.12389e-30 -1.02792e-24  2.96967e-30  1.40822e-24 -5.95304e-30  -6.0962e-25  1.00386e-29 -7.53304e-26 -1.47707e-29  2.14319e-25  1.92725e-29  -7.2799e-26 -2.24656e-29 -2.74395e-26  2.34639e-29  2.55032e-26 -2.19578e-29 -3.33975e-28  1.83709e-29  -5.0719e-27 -1.36826e-29  8.09326e-28  9.01222e-30  7.74539e-28 -5.19844e-30 -1.74882e-28  2.58762e-30 -1.02492e-28 -1.08546e-30  2.17579e-29  3.67398e-31  1.20043e-29 -9.06682e-32 -1.53541e-30   1.0656e-32 -1.14031e-30  2.95755e-33  1.92159e-32 -1.96554e-33  7.40556e-32  4.34698e-34   6.7638e-33  3.29742e-35 -2.59317e-33 -5.86654e-35 -5.20522e-34   2.2483e-35   1.7524e-35 -5.09377e-36  1.32469e-35  7.20306e-37  9.63722e-37 -5.22483e-38 -7.09126e-38 -8.98159e-40 -1.18432e-38  5.28013e-40 -3.44175e-40  -3.7694e-41  1.02804e-41  6.40027e-43  3.25883e-43
 2.46619e-35  4.07884e-35 -3.05981e-35 -1.13282e-35 -1.43219e-33  2.96094e-34  7.48804e-33  4.05587e-34 -4.85787e-34  1.42292e-34  -2.7773e-33  3.19777e-34 -5.05714e-34  5.08205e-35  1.65908e-33  4.89077e-35   -4.337e-33 -5.97629e-35  5.39428e-32  1.32586e-35 -4.70562e-31  1.02846e-35  3.58651e-30  2.00883e-36 -2.41763e-29 -7.67796e-36   1.4483e-28 -2.58094e-37 -7.74479e-28  2.07379e-36  3.70944e-27  -4.4614e-36 -1.59528e-26  6.25805e-36  6.17063e-26 -2.07679e-35  -2.1488e-25  9.50208e-35  6.73809e-25   -3.693e-34 -1.90165e-24  1.32761e-33  4.82414e-24 -4.38504e-33 -1.09764e-23   1.3307e-32  2.23282e-23  -3.7075e-32 -4.04231e-23  9.46726e-32  6.47217e-23 -2.20913e-31 -9.08415e-23  4.68795e-31  1.10359e-22 -8.97584e-31  -1.1381e-22  1.52953e-30  9.64344e-23 -2.25972e-30 -6.29163e-23  2.72468e-30  2.63322e-23 -2.18246e-30 -4.48098e-25 -4.86384e-31 -9.02562e-24   6.5286e-30  6.63991e-24 -1.67711e-29 -1.31424e-24  3.09246e-29 -1.26943e-24 -4.71043e-29  9.70723e-25  6.19946e-29 -5.67832e-26 -7.18298e-29 -2.19247e-25  7.38666e-29  7.38957e-26 -6.76029e-29  2.98335e-26  5.50214e-29 -1.95207e-26 -3.96839e-29 -2.85191e-27  2.52022e-29  3.41893e-27 -1.39521e-29   2.5674e-28  6.62782e-30 -4.58174e-28 -2.63094e-30 -3.69494e-29  8.28727e-31  4.69141e-29 -1.80915e-31   6.2346e-30  1.14527e-32 -3.31229e-30  1.06313e-32 -7.31063e-31 -5.34341e-33  1.21634e-31  1.22678e-33  4.92014e-32 -4.41999e-35  3.98686e-34 -7.51575e-35 -1.54464e-33  3.07275e-35 -1.73529e-34 -6.68785e-36  1.24338e-35  8.74689e-37  3.49535e-36 -5.60918e-38  1.52044e-37  -1.2308e-39 -1.02402e-38   4.7755e-40   -9.136e-40 -2.66999e-41 -1.24656e-41  2.80166e-43
  5.6882e-36  2.76265e-34  9.67392e-35 -8.19203e-34  1.79613e-35 -9.56159e-34  4.05587e-34     9.09e-33  4.65867e-34 -1.40389e-34  2.03665e-34 -3.07593e-33  2.80869e-34 -8.74365e-34  3.60827e-35  9.55715e-33  2.43626e-36 -9.32071e-32 -6.05048e-35  8.78539e-31  1.60637e-35 -7.15696e-30  8.24716e-36  5.13427e-29  -1.6719e-36 -3.26504e-28 -1.21635e-35  1.84976e-27  6.18473e-36 -9.37223e-27  3.81236e-36  4.25936e-26 -1.31698e-35  -1.7399e-25  4.01966e-35  6.39669e-25  -1.7261e-34 -2.11785e-24  7.19766e-34  6.31379e-24 -2.72155e-33 -1.69339e-23  9.48084e-33  4.07904e-23 -3.04077e-32  -8.8011e-23  8.97956e-32  1.69448e-22  -2.4404e-31 -2.89563e-22  6.09688e-31  4.35954e-22 -1.39743e-30 -5.72233e-22  2.92925e-30  6.44773e-22 -5.58763e-30 -6.08474e-22  9.62265e-30  4.60039e-22 -1.47608e-29 -2.51887e-22  1.96641e-29  6.66184e-23 -2.14864e-29   3.5025e-23  1.59753e-29 -5.01904e-23  1.43398e-30  2.24461e-23 -3.34913e-29  2.31677e-24  7.87004e-29 -7.75498e-24 -1.30005e-28   2.7781e-24  1.75956e-28  9.52226e-25 -2.04539e-28 -9.57247e-25   2.0811e-28  3.04788e-26 -1.86749e-28  1.89432e-25  1.48054e-28 -3.42339e-26 -1.03465e-28 -2.88762e-26  6.33635e-29   7.2859e-27 -3.36649e-29  3.84431e-27  1.52618e-29 -9.26324e-28 -5.73477e-30 -4.58756e-28  1.68273e-30  6.98409e-29 -3.24271e-31  4.48677e-29  3.30514e-33 -1.51769e-30  2.63954e-32 -3.04446e-30 -1.14135e-32 -2.34197e-31  2.57216e-33  1.12375e-31  -1.9394e-34  2.08285e-32 -8.44692e-35  -1.0082e-33   3.7406e-35 -5.68446e-34 -7.77833e-36 -3.70739e-35  9.36805e-37  3.43001e-36 -5.34543e-38  5.13467e-37 -1.14857e-39  1.33833e-38  3.44447e-40 -5.15654e-40 -1.42242e-41 -1.45606e-41
 3.20515e-35  1.52962e-35  3.17123e-34  1.75692e-34 -1.52221e-33  7.31802e-35 -4.85787e-34  4.65867e-34  1.03255e-32  4.48644e-34 -1.34341e-34  2.37283e-34 -2.23512e-33  2.17311e-34 -1.23028e-32  2.43171e-35  1.47497e-31 -4.54574e-35 -1.47284e-30 -6.20858e-35  1.28445e-29  2.17239e-35  -9.8228e-29  5.25945e-36  6.63911e-28 -4.18283e-36 -3.98856e-27 -1.71577e-35  2.13931e-26  1.15844e-35 -1.02792e-25  1.48062e-35  4.43557e-25 -6.71937e-35 -1.72183e-24  2.84437e-34   6.0186e-24 -1.22409e-33 -1.89484e-23  4.87873e-33  5.37042e-23 -1.78564e-32 -1.36853e-22  6.02347e-32  3.12878e-22 -1.87335e-31 -6.39716e-22  5.37253e-31   1.1645e-21 -1.42035e-30 -1.87549e-21  3.45871e-30  2.64923e-21 -7.74629e-30 -3.24104e-21  1.59194e-29  3.36874e-21  -2.9914e-29 -2.88071e-21  5.11204e-29  1.90164e-21 -7.87743e-29 -8.11971e-22  1.07897e-28  2.62244e-23 -1.27847e-28   2.7153e-22  1.23166e-28 -2.06097e-22 -7.80401e-29   4.3826e-23 -1.60212e-29  3.82529e-23  1.52432e-28 -3.08208e-23 -3.06649e-28  2.37353e-24  4.41904e-28  6.85872e-24 -5.22678e-28 -2.48543e-24  5.29604e-28 -9.04994e-25 -4.67448e-28  6.49598e-25  3.61505e-28  7.95945e-26 -2.44898e-28 -1.14217e-25  1.44618e-28 -6.19446e-27 -7.37132e-29  1.55125e-26  3.18783e-29  9.43218e-28 -1.13375e-29 -1.62658e-27  3.10043e-30 -1.84966e-28 -5.26205e-31  1.19301e-28 -2.18983e-32  2.38215e-29  5.29329e-32 -4.76312e-30 -2.04873e-32 -1.70328e-30  4.43776e-33  9.56074e-33 -4.06594e-34  5.71495e-32 -8.34226e-35  5.80907e-33  4.07592e-35 -5.33646e-34 -8.04199e-36 -1.28813e-34  8.86447e-37 -4.94746e-36 -4.53029e-38  4.30101e-37 -7.43332e-40  3.45196e-38  1.92188e-40  4.20098e-40 -4.99512e-42
 2.02402e-35  3.53776e-34  2.97541e-35  8.78241e-35  2.57411e-34 -2.19977e-33  1.42292e-34 -1.40389e-34  4.48644e-34  1.09904e-32  3.56788e-34 -1.40774e-33  2.35258e-34  1.34117e-32  1.56195e-34 -2.05857e-31  2.22613e-35  2.23414e-30 -9.28085e-35 -2.08768e-29 -6.43906e-35  1.70489e-28  2.68547e-35 -1.22642e-27  2.95792e-36  7.82148e-27 -5.51863e-36 -4.44454e-26 -2.00707e-35  2.25914e-25  4.62285e-36 -1.03018e-24   8.7368e-35  4.22326e-24 -4.19316e-34 -1.55856e-23  1.86384e-33  5.18092e-23 -7.77143e-33 -1.55114e-22  2.98576e-32  4.17907e-22 -1.05675e-31  -1.0115e-21  3.45029e-31  2.19366e-21 -1.03974e-30 -4.24666e-21  2.89246e-30  7.29974e-21 -7.42657e-30 -1.10603e-20  1.75878e-29  1.46187e-20 -3.83731e-29 -1.65992e-20  7.69898e-29  1.58032e-20 -1.41657e-28 -1.20764e-20  2.38053e-28  6.71338e-21 -3.63147e-28 -1.84807e-21  4.98057e-28  -8.8584e-22 -6.04145e-28  1.34108e-21  6.27931e-28 -6.22145e-22 -5.18131e-28 -4.98372e-23  2.51309e-28  2.10249e-22  1.45771e-28    -7.99e-23 -5.92497e-28 -2.44186e-23  9.77879e-28  2.69917e-23 -1.20374e-27   -1.438e-24  1.22562e-27 -5.29946e-24 -1.06819e-27  1.08948e-24  8.07112e-28  8.03982e-25 -5.30234e-28 -2.28681e-25  3.01833e-28 -1.07476e-25 -1.47495e-28  2.96941e-26  6.07999e-29  1.30762e-26  -2.0453e-29 -2.37765e-27  5.21217e-30 -1.32226e-27 -7.76776e-31  7.20496e-29 -7.16444e-32   9.3792e-29  9.05662e-32  5.76393e-30 -3.18914e-32 -3.67922e-30  6.56858e-33 -6.19349e-31  -6.4289e-34  4.14338e-32 -7.19314e-35  1.83088e-32  3.98134e-35  1.04763e-33 -7.38858e-36 -1.25188e-34  7.38222e-37 -1.67201e-35 -3.38936e-38 -3.75995e-37 -2.77339e-40  1.93754e-38  7.70801e-41  4.90025e-40
-3.85921e-35  5.48565e-35  8.24979e-34  4.62296e-35 -2.45317e-34  3.12418e-34  -2.7773e-33  2.03665e-34 -1.34341e-34  3.56788e-34  1.20637e-32   2.2195e-34 -1.97666e-32  2.04857e-34  2.60326e-31  1.15569e-34  -3.0725e-30  3.24745e-35  3.08864e-29 -1.36716e-34 -2.69867e-28 -6.86787e-35  2.06935e-27  2.78451e-35 -1.40267e-26  3.11117e-36  8.45233e-26 -7.54396e-36 -4.54807e-25 -8.93022e-36  2.19272e-24  -7.8516e-35 -9.49585e-24   5.4054e-34  3.70019e-23 -2.55619e-33 -1.29861e-22  1.11396e-32  4.10592e-22 -4.48486e-32   -1.169e-21  1.66402e-31  2.99331e-21 -5.69497e-31 -6.87861e-21  1.79949e-30  1.41414e-20 -5.25233e-30 -2.58938e-20  1.41639e-29  4.19683e-20  -3.5284e-29 -5.96922e-20  8.11521e-29  7.35823e-20 -1.72155e-28 -7.71372e-20   3.3633e-28  6.66271e-20 -6.03745e-28 -4.45559e-20  9.92556e-28  1.94532e-20 -1.48728e-27 -9.69193e-22   2.0167e-27 -6.30484e-21 -2.44641e-27  4.96084e-21  2.60245e-27 -1.13871e-21 -2.33147e-27 -8.86381e-22  1.57951e-27  7.59118e-22 -4.49012e-28 -7.44653e-23 -8.08442e-28 -1.65673e-22   1.8766e-27  6.50261e-23 -2.50136e-27  2.09614e-23  2.59224e-27  -1.6784e-23 -2.24178e-27 -1.61944e-24  1.65783e-27  2.95911e-24 -1.05643e-27  9.09322e-26  5.79371e-28 -4.07147e-25 -2.71155e-28 -1.56473e-26   1.0641e-28   4.3748e-26 -3.38188e-29  4.04898e-27  8.02466e-30 -3.34015e-27 -1.04566e-30 -5.91443e-28 -1.48654e-31  1.44298e-28  1.35738e-31  4.55729e-29 -4.38113e-32 -1.01985e-30  8.52375e-33 -1.64031e-30 -8.45111e-34  -1.4784e-31 -5.31861e-35  1.76045e-32  3.48434e-35  3.68443e-33 -6.00912e-36  1.19243e-34  5.35329e-37 -1.40206e-35 -2.19558e-38 -1.00946e-36  2.41258e-41 -1.06125e-38  1.82623e-41
-1.22762e-35  4.76812e-35  9.35136e-35  1.24792e-33  5.83515e-35 -4.81577e-34  3.19777e-34 -3.07593e-33  2.37283e-34 -1.40774e-33   2.2195e-34   3.0558e-32  8.53126e-35 -3.04454e-31  1.62651e-34   3.8501e-30  9.91056e-35 -4.17394e-29  5.33876e-35  3.91118e-28 -1.72263e-34 -3.20257e-27 -7.70179e-35   2.3104e-26  2.22782e-35 -1.47793e-25  8.33975e-36  8.42538e-25 -2.21106e-35 -4.29718e-24  8.47783e-35   1.9666e-23 -6.02124e-34 -8.09293e-23   3.1527e-33  2.99872e-22 -1.44534e-32  -1.0011e-21  6.09799e-32  3.01089e-21 -2.37134e-31 -8.15118e-21  8.50402e-31  1.98308e-20 -2.81523e-30 -4.32438e-20  8.61002e-30  8.42076e-20 -2.43388e-29 -1.45665e-19  6.36029e-29   2.2222e-19 -1.53632e-28 -2.95923e-19  3.42852e-28  3.38826e-19 -7.06281e-28 -3.25681e-19  1.34125e-27  2.51808e-19 -2.34344e-27 -1.42347e-19  3.75665e-27  4.09356e-20 -5.50337e-27  1.75614e-20  7.32534e-27 -2.84321e-20 -8.78183e-27  1.37392e-20  9.34732e-27  7.47235e-22 -8.60625e-27 -4.51905e-21  6.47304e-27   1.8324e-21 -3.31502e-27  4.87355e-22 -1.23038e-28  -6.0498e-22  2.99169e-27  4.69199e-23 -4.67795e-27  1.17449e-22  5.02923e-27 -2.75768e-23 -4.34228e-27 -1.76655e-23  3.14877e-27  5.71685e-24 -1.94642e-27  2.36497e-24  1.02752e-27 -7.57631e-25 -4.59933e-28 -2.93648e-25  1.71545e-28  6.41515e-26 -5.14186e-29  3.08152e-26  1.13424e-29 -2.44421e-27 -1.28418e-30 -2.29308e-27 -2.47085e-31 -1.01087e-28  1.80849e-31  9.60058e-29  -5.3683e-32  1.44472e-29  9.82253e-33 -1.30854e-30 -9.59858e-34 -4.68574e-31 -3.24822e-35 -2.26274e-32  2.73005e-35  3.63434e-33 -4.29357e-36  4.32048e-34  3.30946e-37   7.9017e-36 -1.18634e-38 -5.78272e-37  1.07887e-40 -1.30787e-38
 -4.5162e-35 -3.08195e-35  3.01805e-34  1.17543e-34   1.4764e-33  6.01125e-35 -5.05714e-34  2.80869e-34 -2.23512e-33  2.35258e-34 -1.97666e-32  8.53126e-35  3.28237e-31 -2.25117e-35 -4.40879e-30  1.24508e-34  5.16664e-29   9.9479e-35 -5.20527e-28  8.10225e-35  4.56051e-27 -1.94078e-34 -3.50708e-26 -9.09331e-35  2.38445e-25  8.76849e-36 -1.44148e-24  2.92326e-35  7.78287e-24 -1.16283e-34 -3.76585e-23  6.35929e-34   1.6371e-22 -3.49156e-33 -6.40506e-22  1.69898e-32  2.25757e-21 -7.53024e-32 -7.17052e-21  3.07179e-31  2.05142e-20 -1.15497e-30 -5.27992e-20  4.00688e-30     1.22e-19 -1.28385e-29  -2.5229e-19  3.80186e-29  4.64877e-19 -1.04098e-28 -7.58611e-19  2.63589e-28  1.08701e-18 -6.17156e-28 -1.35096e-18  1.33557e-27  1.42939e-18 -2.66933e-27 -1.24818e-18   4.9214e-27  8.46634e-19 -8.35548e-27 -3.78797e-19  1.30315e-26  2.63269e-20 -1.86068e-26  1.18127e-19  2.42039e-26 -9.68553e-20 -2.84782e-26  2.40879e-20  2.99713e-26  1.64918e-20 -2.76843e-26 -1.51678e-20   2.1629e-26  1.84828e-21 -1.30264e-26  3.22905e-21  3.95505e-27  -1.3833e-21  3.44514e-27 -3.85803e-22 -7.80933e-27  3.51989e-22  8.97386e-27  2.39123e-23 -7.79617e-27  -6.2141e-23  5.55446e-27 -2.71432e-25    -3.33e-27  8.65714e-24  1.69006e-27  1.14751e-25 -7.22209e-28 -9.53895e-25  2.55463e-28 -6.59454e-26 -7.20489e-29  7.59141e-26  1.47389e-29  1.16326e-26 -1.43655e-30  -3.5404e-27 -3.51443e-31 -9.82495e-28  2.16052e-31  4.20605e-29 -5.90676e-32  3.81746e-29  1.01376e-32   2.9643e-30 -9.60377e-34 -4.68111e-31 -1.51891e-35 -8.53231e-32  1.91923e-35 -2.15942e-33 -2.66212e-36  3.70484e-34  1.67326e-37  2.38869e-35 -4.97699e-39  2.04745e-37  6.49126e-41
 1.02845e-35 -2.36488e-34 -4.84776e-35  6.36167e-34  1.15626e-34   1.4698e-33  5.08205e-35 -8.74365e-34  2.17311e-34  1.34117e-32  2.04857e-34 -3.04454e-31 -2.25117e-35  4.61911e-30 -8.94189e-35 -5.86866e-29  9.80403e-35  6.37514e-28  1.04984e-34 -5.98989e-27  1.11204e-34  4.91884e-26  -1.9877e-34 -3.55938e-25 -1.09599e-34  2.28425e-24   -1.914e-35 -1.30666e-23  1.22764e-34  6.68848e-23 -6.36519e-34 -3.07273e-22  3.51929e-33  1.26963e-21 -1.80457e-32  -4.7247e-21  8.43491e-32  1.58452e-20 -3.61807e-31 -4.78872e-20  1.42879e-30  1.30312e-19 -5.20177e-30 -3.18776e-19  1.74786e-29  6.99225e-19 -5.42527e-29 -1.37017e-18  1.55658e-28  2.38626e-18 -4.12983e-28 -3.66723e-18  1.01338e-27  4.92306e-18 -2.29957e-27 -5.68779e-18   4.8239e-27  5.52415e-18 -9.34815e-27 -4.32593e-18  1.67173e-26  2.49068e-18 -2.75457e-26 -7.50622e-19  4.17295e-26 -2.82032e-19 -5.79458e-26  4.95941e-19   7.3441e-26 -2.50674e-19 -8.44342e-26 -6.56952e-21  8.72441e-26  7.98196e-20 -7.98172e-26 -3.47361e-20  6.29348e-26 -7.78903e-21 -4.03296e-26   1.1173e-20  1.74309e-26 -1.17206e-21  7.38156e-28 -2.13622e-21  -1.1418e-26  5.75174e-22  1.47532e-26  3.16958e-22  -1.3025e-26 -1.17928e-22   9.1356e-27 -4.23355e-23 -5.30887e-27  1.59401e-23  2.58604e-27  5.37036e-24 -1.05261e-27 -1.42192e-24  3.52174e-28 -5.87532e-25 -9.31796e-29  6.43097e-26  1.76161e-29  4.60892e-26 -1.45814e-30  1.11895e-27 -4.39717e-31 -2.06671e-27  2.32552e-31 -2.72767e-28 -5.86185e-32  3.32711e-29  9.43299e-33  9.86793e-30 -8.56294e-34  3.76463e-31 -4.72698e-36 -8.68516e-32  1.22409e-35 -9.16861e-33 -1.40515e-36 -1.22501e-34  6.29708e-38  1.41929e-35 -1.37231e-39  2.87287e-37
 1.30589e-35  2.03988e-35 -4.35411e-34  -5.8691e-35  9.03096e-34  8.95676e-35  1.65908e-33  3.60827e-35 -1.23028e-32  1.56195e-34  2.60326e-31  1.62651e-34 -4.40879e-30 -8.94189e-35  6.12333e-29 -1.17302e-34 -7.19577e-28  8.10924e-35  7.26905e-27  1.05075e-34 -6.38704e-26  1.41188e-34  4.92673e-25 -1.86856e-34  -3.3605e-24 -1.25324e-34   2.0385e-23 -1.02287e-34 -1.10463e-22  5.67629e-34  5.36546e-22 -3.19765e-33 -2.34198e-21  1.72205e-32  9.20248e-21 -8.51065e-32 -3.25843e-20  3.85488e-31  1.03998e-19 -1.60454e-30 -2.99068e-19  6.14859e-30  7.73976e-19 -2.17197e-29 -1.79889e-18  7.08029e-29  3.74344e-18 -2.13172e-28 -6.94445e-18  5.93142e-28  1.14153e-17 -1.52583e-27 -1.64877e-17  3.62949e-27  2.06727e-17 -7.98271e-27 -2.20924e-17  1.62289e-26  1.95213e-17 -3.04791e-26 -1.34473e-17  5.28308e-26  6.17855e-18 -8.44014e-26 -5.63657e-19  1.24037e-25 -1.83904e-18  -1.6723e-25  1.58053e-18  2.06056e-25 -4.27127e-19 -2.30779e-25 -2.53292e-19  2.33054e-25  2.53285e-19 -2.09564e-25 -3.75985e-20  1.64249e-25 -5.22658e-20 -1.07559e-25  2.46405e-20  5.26859e-26  5.76826e-21 -1.05338e-26 -6.17039e-21 -1.39647e-26 -2.26828e-22  2.23716e-26  1.08901e-21 -2.03254e-26 -2.74329e-23  1.40597e-26 -1.53504e-22 -7.91122e-27  2.32723e-24  3.69067e-27  1.73554e-23 -1.42692e-27  7.48646e-25  4.50106e-28 -1.44154e-24 -1.11309e-28 -1.84655e-25  1.93569e-29  7.24567e-26 -1.33354e-30  1.75265e-26 -4.90111e-31 -1.19392e-27  2.25935e-31 -7.41443e-28 -5.26332e-32 -4.74359e-29  7.96975e-33  1.03441e-29 -6.86262e-34  1.64436e-30 -1.46308e-36    2.799e-32  7.28965e-36  -8.1678e-33 -6.12905e-37 -4.70353e-34    1.262e-38  -2.9664e-36 -1.18524e-40
 6.63188e-37  1.44297e-35  2.60881e-35  -5.1607e-34 -6.12893e-35  7.80592e-34  4.89077e-35  9.55715e-33  2.43171e-35 -2.05857e-31  1.15569e-34   3.8501e-30  1.24508e-34 -5.86866e-29 -1.17302e-34  7.49155e-28 -1.13409e-34 -8.16041e-27  6.55009e-35   7.6894e-26  9.33934e-35 -6.33379e-25  1.70159e-34  4.59814e-24 -1.65054e-34 -2.96102e-23 -1.06903e-34  1.69995e-22 -4.28622e-34 -8.73515e-22  2.54194e-33  4.02936e-21  -1.4454e-32  -1.6721e-20   7.6028e-32    6.251e-20 -3.66263e-31 -2.10661e-19  1.61766e-30  6.39952e-19 -6.56226e-30 -1.75104e-18  2.44892e-29  4.30868e-18  -8.4184e-29 -9.51035e-18  2.66864e-28  1.87617e-17 -7.80785e-28 -3.29129e-17  2.10976e-27  5.09809e-17 -5.26719e-27 -6.90346e-17  1.21526e-26  8.05353e-17 -2.59124e-26 -7.90999e-17  5.10507e-26  6.28044e-17 -9.28861e-26 -3.68865e-17  1.55961e-25  1.16812e-17 -2.41374e-25  3.74301e-18  3.43743e-25 -7.29712e-18 -4.49366e-25  3.87448e-18  5.37395e-25 -1.66512e-20 -5.85027e-25 -1.18731e-18  5.75586e-25  5.57896e-19 -5.06193e-25  1.00845e-19  3.90817e-25 -1.74263e-19  -2.5622e-25  2.36339e-20  1.32081e-25  3.26537e-20 -4.00953e-26 -1.01289e-20 -1.23625e-26 -4.74679e-21   3.1309e-26  2.05648e-21 -2.97395e-26  6.29055e-22   2.0315e-26 -2.83331e-22 -1.10492e-26  -8.1626e-23  4.92282e-27  2.65385e-23 -1.80187e-27  9.36796e-24  5.33834e-28 -1.37522e-24 -1.22822e-28 -7.79519e-25   1.9522e-29 -1.09072e-27 -1.08554e-30  3.75828e-26 -4.88561e-31  4.23716e-27  1.97836e-31 -7.02589e-28 -4.28915e-32 -1.74989e-28  6.17855e-33 -4.63282e-30 -4.98977e-34  1.75019e-30 -3.05239e-36  1.63449e-31  4.25161e-36  1.22269e-33 -2.11019e-37 -2.93938e-34 -2.68176e-39 -5.32055e-36
 2.56121e-35  1.20955e-36 -5.99213e-35  2.52342e-35 -3.17644e-34 -6.03943e-35   -4.337e-33  2.43626e-36  1.47497e-31  2.22613e-35  -3.0725e-30  9.91056e-35  5.16664e-29  9.80403e-35 -7.19577e-28 -1.13409e-34  8.48054e-27 -8.49085e-35 -8.59169e-26  4.28229e-35  7.57231e-25  6.85458e-35 -5.85996e-24  1.99085e-34   4.0108e-23 -1.51661e-34 -2.44184e-22  4.53031e-35   1.3283e-21 -1.64664e-33 -6.47824e-21   1.0111e-32  2.83996e-20 -5.75741e-32 -1.12105e-19  2.99815e-31  3.98878e-19 -1.42506e-30 -1.27968e-18  6.19299e-30  3.70027e-18 -2.46574e-29  -9.6324e-18   9.0114e-29  2.25283e-17 -3.02788e-28  -4.7196e-17  9.36617e-28  8.81871e-17 -2.67002e-27 -1.46099e-16  7.02009e-27  2.12827e-16  -1.7033e-26 -2.69387e-16   3.8152e-26  2.91001e-16 -7.89012e-26 -2.60442e-16  1.50649e-25  1.82431e-16 -2.65483e-25 -8.62504e-17  4.31568e-25  9.90861e-18 -6.46543e-25  2.42817e-17  8.91377e-25 -2.20207e-17 -1.12856e-24  6.48097e-18   1.3081e-24  3.26921e-18 -1.38182e-24  -3.6099e-18  1.32153e-24   6.4281e-19 -1.13281e-24  7.16483e-19  8.56577e-25 -3.75211e-19 -5.55556e-25  -7.0592e-20  2.91278e-25  9.22957e-20 -1.02895e-25   2.5334e-22 -1.82285e-27 -1.62517e-20  4.04566e-26  9.50252e-22  -4.0969e-26  2.31548e-21  2.76461e-26 -1.09915e-22 -1.44966e-26 -2.68778e-22  6.14712e-27 -3.77941e-24 -2.12185e-27  2.33335e-23  5.87786e-28  2.36599e-24 -1.25087e-28 -1.26258e-24  1.80081e-29 -2.63043e-25 -7.69386e-31  2.64126e-26   -4.335e-31  1.22558e-26  1.55136e-31  5.97849e-28 -3.18814e-32 -1.94062e-28  4.47452e-33 -2.68618e-29 -3.33628e-34 -1.91016e-31 -6.00474e-36  1.53405e-31  2.51883e-36  7.85052e-33 -5.39684e-38  2.80858e-35 -2.83566e-39
 3.42975e-36  4.85529e-35  2.64953e-36 -2.46459e-34  2.00878e-35  2.66271e-33 -5.97629e-35 -9.32071e-32 -4.54574e-35  2.23414e-30  3.24745e-35 -4.17394e-29   9.9479e-35  6.37514e-28  8.10924e-35 -8.16041e-27 -8.49085e-35  8.91482e-26 -3.82623e-35 -8.42602e-25  8.84991e-36  6.96309e-24  3.34736e-35 -5.07238e-23  2.28119e-34  3.27832e-22 -1.65326e-34 -1.88939e-21  4.60929e-34  9.74831e-21 -4.92665e-33 -4.51623e-20  3.23546e-32  1.88276e-19 -1.91772e-31  -7.0729e-19  1.02123e-30  2.39595e-18 -4.90289e-30 -7.31862e-18  2.13234e-29  2.01429e-17 -8.43733e-29  -4.9875e-17  3.04803e-28  1.10825e-16 -1.00808e-27 -2.20208e-16  3.05887e-27  3.89308e-16 -8.52948e-27 -6.08134e-16  2.18835e-26  8.31175e-16 -5.17054e-26 -9.79797e-16   1.1258e-25  9.74018e-16 -2.25977e-25 -7.84975e-16  4.18246e-25  4.71025e-16 -7.13749e-25 -1.57087e-16  1.12275e-24 -4.14539e-17 -1.62693e-24   9.2213e-17  2.16939e-24 -5.16606e-17 -2.65718e-24  1.91232e-18  2.98151e-24  1.51344e-17   -3.052e-24 -7.72826e-18  2.83246e-24 -1.04924e-18 -2.36093e-24  2.33602e-18  1.74161e-24 -3.97526e-19 -1.10904e-24 -4.26381e-19  5.80364e-25  1.53286e-19 -2.18542e-25  6.01441e-20  2.35863e-26 -3.08494e-20  4.83159e-26 -7.83914e-21 -5.33809e-26  4.32923e-21  3.55401e-26  1.04223e-21 -1.79008e-26 -4.24583e-22  7.19456e-27 -1.26622e-22 -2.33171e-27  2.46292e-23  6.00824e-28  1.12703e-23 -1.17356e-28 -2.87539e-25  1.50893e-29 -5.87076e-25 -4.54232e-31 -5.43059e-26  -3.3577e-31   1.2595e-26   1.0722e-31  2.65372e-27 -2.18452e-32  3.38621e-29  3.11347e-33 -3.02674e-29 -2.09253e-34 -2.48364e-30 -7.56015e-36  -6.3336e-34  1.47453e-36  5.22962e-33 -1.05171e-38  8.43015e-35
 8.80705e-36   7.0854e-36  8.95701e-35  5.29737e-36 -1.72166e-33  1.49389e-35  5.39428e-32 -6.05048e-35 -1.47284e-30 -9.28085e-35  3.08864e-29  5.33876e-35 -5.20527e-28  1.04984e-34  7.26905e-27  6.55009e-35 -8.59169e-26 -3.82623e-35  8.73098e-25  1.91362e-35 -7.72009e-24 -3.50538e-35  5.99489e-23 -1.21837e-36 -4.11812e-22  2.10259e-34  2.51688e-21  8.48669e-35 -1.37472e-20 -3.64504e-34  6.73379e-20  -4.6491e-33 -2.96558e-19  5.75575e-32  1.17636e-18 -4.46275e-31  -4.2073e-18  2.72757e-30  1.35723e-17 -1.41177e-29 -3.94755e-17  6.39419e-29  1.03404e-16 -2.57988e-28 -2.43461e-16  9.37331e-28  5.13704e-16 -3.08814e-27 -9.67294e-16  9.26968e-27  1.61595e-15 -2.54349e-26 -2.37563e-15  6.39463e-26  3.03765e-15 -1.47557e-25  -3.3195e-15  3.12892e-25  3.01205e-15 -6.10235e-25 -2.14816e-15  1.09528e-24  1.04704e-15 -1.80981e-24  -1.4694e-16  2.75337e-24 -2.75884e-16 -3.85597e-24   2.6609e-16  4.96778e-24 -8.54399e-17 -5.88015e-24 -3.58346e-17  6.37988e-24  4.45926e-17 -6.32122e-24 -9.41042e-18  5.68571e-24  -8.4306e-18 -4.60063e-24  4.95879e-18  3.30199e-24  6.99549e-19 -2.05401e-24 -1.19564e-18  1.06036e-24   4.1235e-20 -4.08345e-25   2.0952e-19  6.94205e-26 -2.01698e-20  5.35014e-26 -3.01305e-20 -6.61182e-26  2.55097e-21  4.32736e-26  3.59279e-21 -2.08336e-26 -6.78249e-23  7.89872e-27 -3.26561e-22 -2.39227e-27 -2.37411e-23  5.69933e-28  1.90135e-23 -1.01035e-28  3.35028e-24  1.13194e-29   -4.806e-25 -2.00436e-31 -1.74748e-25  -2.1423e-31 -5.51493e-27  6.28049e-32  3.13968e-27 -1.41144e-32  3.76309e-28  2.15159e-33 -1.91641e-30 -1.25858e-34 -2.49187e-30 -6.80404e-36 -1.12345e-31  7.74268e-37 -1.86697e-35 -2.62125e-39
-1.19716e-36  1.60892e-35   1.0112e-35  6.45985e-34  8.32388e-36 -2.79162e-32  1.32586e-35  8.78539e-31 -6.20858e-35 -2.08768e-29 -1.36716e-34  3.91118e-28  8.10225e-35 -5.98989e-27  1.05075e-34   7.6894e-26  4.28229e-35 -8.42602e-25  1.91362e-35   7.9899e-24  7.81075e-35 -6.62544e-23 -8.78734e-35  4.84404e-22  3.75295e-35 -3.14285e-21 -4.03931e-34  1.81874e-20  4.07871e-33 -9.42461e-20 -2.07665e-32  4.38639e-19   8.0489e-32 -1.83758e-18 -2.17672e-31    6.939e-18  9.94114e-32 -2.36356e-17  3.42825e-30  7.26205e-17 -2.81525e-29 -2.01122e-16  1.53017e-28  5.01316e-16 -6.74321e-28 -1.12192e-15  2.55986e-27  2.24639e-15 -8.59693e-27 -4.00445e-15  2.59039e-26  6.31199e-15 -7.06159e-26  -8.7132e-15  1.75087e-25  1.03866e-14 -3.96235e-25   -1.046e-14   8.2046e-25  8.56596e-15 -1.55711e-24 -5.25942e-15  2.71199e-24  1.85044e-15 -4.33878e-24  3.82641e-16  6.38037e-24 -1.01427e-15 -8.62759e-24  6.02371e-16  1.07271e-23 -4.32976e-17 -1.22555e-23 -1.67404e-16  1.28433e-23  9.35708e-17 -1.23047e-23  8.36227e-18  1.07165e-23 -2.72625e-17 -8.40841e-24   5.7034e-18  5.86103e-24  4.80863e-18 -3.54887e-24    -2.02e-18  1.79309e-24 -6.48801e-19 -6.89563e-25   4.0325e-19  1.38489e-25  8.19483e-20  5.54264e-26 -5.75976e-20 -7.82703e-26 -1.11909e-20  5.00122e-26  5.90066e-21 -2.28714e-26  1.46033e-21  8.13802e-27 -3.77116e-22 -2.29269e-27 -1.40717e-22  5.01401e-28  8.16214e-24 -7.91935e-29  7.97193e-24  7.34275e-30  5.64616e-25 -4.33222e-32 -1.94762e-25 -8.97052e-32 -3.47566e-26  2.77588e-32  1.32879e-28 -8.96665e-33  4.55061e-28  1.50373e-33  3.24292e-29  -7.3192e-35 -2.91509e-31 -4.51653e-36 -8.09676e-32   3.1868e-37 -1.15251e-33
-1.13191e-35 -2.39036e-36 -1.62481e-34  1.11259e-35  1.23235e-32  1.03192e-35 -4.70562e-31  1.60637e-35  1.28445e-29 -6.43906e-35 -2.69867e-28 -1.72263e-34  4.56051e-27  1.11204e-34 -6.38704e-26  9.33934e-35  7.57231e-25  8.84991e-36 -7.72009e-24  7.81075e-35  6.84975e-23  1.30441e-34 -5.33848e-22 -1.96609e-34   3.6814e-21  7.43786e-34  -2.2592e-20 -6.04812e-33  1.23935e-19  3.86343e-32 -6.09869e-19 -1.98251e-31  2.69903e-18   8.6191e-31 -1.07618e-17 -3.17337e-30  3.87026e-17  9.53694e-30 -1.25583e-16 -2.05045e-29  3.67546e-16  9.55434e-30 -9.69189e-16  1.93203e-28  2.29819e-15 -1.31514e-27  -4.8863e-15  5.86318e-27  9.27677e-15 -2.11788e-26 -1.56365e-14  6.59176e-26  2.32132e-14 -1.81517e-25 -3.00065e-14  4.48359e-25  3.31993e-14 -1.00139e-24 -3.05721e-14  2.03255e-24  2.22282e-14 -3.76182e-24 -1.11895e-14  6.36375e-24  1.87393e-15  -9.8577e-24  2.72514e-15  1.40029e-23 -2.82202e-15 -1.82621e-23  9.90055e-16  2.18836e-23  3.34753e-16 -2.40985e-23 -4.82953e-16  2.43635e-23  1.19656e-16 -2.25504e-23  8.58792e-17  1.90047e-23 -5.75286e-17 -1.44503e-23  -5.3375e-18  9.77125e-24  1.35616e-17 -5.74466e-24  -1.0243e-18  2.82436e-24 -2.35732e-18 -1.06765e-24  3.29524e-19  2.28253e-25  3.41477e-19  5.48879e-26 -4.38067e-20  -8.9018e-26  -4.1851e-20  5.49316e-26  2.38206e-21 -2.36846e-26  3.99168e-21  7.87052e-27  1.64844e-22   -2.055e-27 -2.50178e-22  4.08856e-28 -3.62207e-23 -5.55331e-29  7.41284e-24  3.70695e-30  2.16832e-24  1.07704e-32  2.49676e-26  1.99261e-32 -4.43182e-26  4.48432e-33 -4.54727e-27 -5.92188e-33  9.44504e-29  1.04394e-33  3.53929e-29 -4.01034e-35  1.38547e-30 -2.11616e-36 -5.94249e-33  8.27664e-38
-3.20763e-37  2.51773e-35 -3.06993e-36 -4.66884e-33  9.61242e-36  2.23797e-31  1.02846e-35 -7.15696e-30  2.17239e-35  1.70489e-28 -6.86787e-35 -3.20257e-27 -1.94078e-34  4.91884e-26  1.41188e-34 -6.33379e-25  6.85458e-35  6.96309e-24 -3.50538e-35 -6.62544e-23  1.30441e-34  5.51406e-22   1.8794e-34 -4.04709e-21  -7.9528e-34  2.63657e-20  6.35059e-33  -1.5324e-19 -4.63858e-32  7.97747e-19  2.74266e-31 -3.73104e-18 -1.37501e-30  1.57116e-17  5.99579e-30 -5.96569e-17 -2.29092e-29  2.04396e-16   7.6294e-29 -6.31928e-16 -2.16577e-28  1.76177e-15  4.92254e-28 -4.42263e-15  -7.0615e-28  9.97309e-15 -5.93816e-28 -2.01326e-14  9.23162e-27  3.62072e-14 -4.32007e-26 -5.76239e-14  1.48746e-25  8.03952e-14 -4.27272e-25 -9.69871e-14  1.06949e-24  9.90376e-14 -2.38025e-24 -8.25077e-14  4.76204e-24  5.19133e-14 -8.62084e-24 -1.92951e-14  1.41835e-23 -2.88724e-15 -2.12753e-23  9.80826e-15  2.91706e-23 -6.20675e-15  -3.6641e-23  6.75686e-16  4.22454e-23  1.62118e-15 -4.47666e-23 -1.00029e-15  4.36044e-23 -4.15548e-17 -3.89595e-23  2.79612e-16   3.1762e-23 -7.09279e-17 -2.34005e-23  -4.7147e-17  1.53424e-23  2.34147e-17 -8.74247e-24  5.94682e-18  4.16323e-24 -4.63766e-18 -1.52858e-24 -7.07702e-19  3.29017e-25  6.73617e-19   5.4204e-26  9.97184e-20 -9.76707e-26 -7.19477e-20  5.73339e-26 -1.43497e-20 -2.31132e-26  5.01038e-21  7.14909e-27  1.52544e-21 -1.72828e-27 -1.50553e-22  3.08915e-28 -9.48754e-23 -3.32859e-29 -4.46266e-24    7.582e-31  2.62877e-24 -2.21672e-32  3.95053e-25  1.02272e-31 -9.76248e-27 -7.52314e-33 -6.00434e-27 -4.20946e-33 -3.64398e-28  6.83918e-34   7.8315e-30 -1.93408e-35   1.1012e-30 -5.75906e-37  1.36468e-32
-4.48176e-36 -1.77969e-36  1.46284e-33 -3.15422e-36 -9.34954e-32  6.16351e-36  3.58651e-30  8.24716e-36  -9.8228e-29  2.68547e-35  2.06935e-27 -7.70179e-35 -3.50708e-26  -1.9877e-34  4.92673e-25  1.70159e-34 -5.85996e-24  3.34736e-35  5.99489e-23 -8.78734e-35 -5.33848e-22   1.8794e-34  4.17676e-21  4.07217e-34 -2.89211e-20 -4.88644e-33  1.78256e-19  4.33997e-32 -9.82388e-19 -2.96233e-31   4.8579e-18  1.66673e-30 -2.16108e-17 -8.08314e-30  8.66444e-17   3.4526e-29 -3.13426e-16 -1.31076e-28  1.02336e-15  4.42646e-28 -3.01499e-15 -1.32019e-27  8.00671e-15  3.41211e-27 -1.91302e-14 -7.30205e-27  4.10054e-14  1.12541e-26 -7.85351e-14 -3.58231e-27  1.33642e-13 -5.66841e-26 -2.00479e-13  2.78645e-25  2.62176e-13 -9.00593e-25 -2.93939e-13  2.35791e-24  2.74983e-13 -5.31095e-24  -2.0409e-13  1.05584e-23  1.06281e-13 -1.87747e-23 -2.08489e-14   3.0096e-23 -2.35613e-14 -4.37238e-23  2.65091e-14  5.78097e-23 -1.01757e-14 -6.98167e-23 -2.65005e-15  7.72838e-23  4.62569e-15  -7.8644e-23 -1.33621e-15   7.3687e-23 -7.60409e-16 -6.35074e-23   5.9093e-16  5.00887e-23  2.53911e-17 -3.57737e-23 -1.35749e-16  2.27443e-23  1.64654e-17 -1.25458e-23  2.33033e-17  5.76342e-24 -4.44903e-18 -2.03415e-24 -3.39037e-18  4.23977e-25  6.13018e-19  5.66706e-26  4.27349e-19 -1.03575e-25 -4.36088e-20    5.674e-26 -4.29027e-20 -2.12084e-26 -2.61302e-22  6.11099e-27  2.89912e-21 -1.37453e-27  3.28304e-22  2.16253e-28 -9.87887e-23 -1.45193e-29  -2.3525e-23 -1.36028e-30  2.98363e-25 -1.14337e-31  5.50464e-25  1.51115e-31   4.7365e-26 -1.06626e-32 -1.99743e-27 -3.14977e-33 -4.43008e-28  3.95539e-34 -1.46949e-29 -7.30388e-36  1.54275e-31 -9.41343e-39
 1.02168e-37 -3.65809e-34 -4.09857e-36  3.36057e-32 -3.35891e-36 -1.60164e-30  2.00883e-36  5.13427e-29  5.25945e-36 -1.22642e-27  2.78451e-35   2.3104e-26 -9.09331e-35 -3.55938e-25 -1.86856e-34  4.59814e-24  1.99085e-34 -5.07238e-23 -1.21837e-36  4.84404e-22 -1.96609e-34 -4.04709e-21  4.07217e-34   2.9826e-20  1.87142e-33 -1.95154e-19 -3.07241e-32   1.1395e-18   2.6197e-31 -5.96113e-18 -1.68847e-30   2.8025e-17  9.07292e-30 -1.18666e-16 -4.24085e-29  4.53218e-16  1.75965e-28  -1.5625e-15 -6.54204e-28  4.86283e-15  2.18476e-27 -1.36533e-14 -6.53534e-27  3.45338e-14  1.73571e-26 -7.85065e-14 -4.01722e-26  1.59866e-13  7.77383e-26 -2.90229e-13 -1.11765e-25  4.66673e-13  5.56044e-26 -6.58518e-13  3.38116e-25  8.04629e-13 -1.61263e-24 -8.33914e-13  4.73315e-24  7.07563e-13 -1.10816e-23 -4.56886e-13  2.21603e-23  1.79575e-13 -3.89296e-23   1.6672e-14  6.09483e-23  -8.4016e-14 -8.57856e-23  5.69751e-14  1.09244e-22 -8.43345e-15 -1.26571e-22 -1.38263e-14  1.34149e-22    9.515e-15  -1.3074e-22 -7.49317e-17  1.17615e-22 -2.53713e-15 -9.77173e-23  7.73767e-16  7.46051e-23  4.02725e-16 -5.17153e-23 -2.40581e-16  3.19083e-23 -4.56031e-17 -1.70231e-23  4.72646e-17  7.51404e-24  4.79408e-18 -2.52302e-24 -6.97379e-18   4.9172e-25 -7.04635e-19  6.53851e-26  7.75381e-19 -1.05968e-25  1.18467e-19  5.29593e-26 -5.83866e-20 -1.82306e-26 -1.43591e-20  4.94405e-27  2.18797e-21 -1.05114e-27  9.94555e-22  1.40049e-28  1.99698e-23 -3.81767e-32 -3.12406e-23   -2.646e-30 -3.89343e-24 -2.34404e-31  2.04752e-25   1.6635e-31  6.99886e-26 -8.24031e-33  3.49753e-27  -2.3319e-33 -1.39402e-28  1.86349e-34 -1.32442e-29 -1.67904e-36 -1.39525e-31
