    0.012851 -8.69181e-20   -0.0264403  1.37795e-18   0.00755247 -5.81404e-18   0.00626286  6.16889e-18 -0.000824362 -6.52781e-19  -0.00138456 -1.57527e-18  -0.00020684  2.97805e-19   0.00011167  9.95673e-20  4.24567e-05  -8.9221e-21  3.26825e-06  7.86497e-22 -1.96904e-07
-8.69181e-20    0.0455038  4.88729e-19   -0.0468645  5.80071e-19  -6.6254e-05 -9.80073e-18    0.0123872  1.07207e-17   0.00171602  -3.6616e-19  -0.00213391 -2.60355e-18 -0.000785951  2.24776e-19   4.6134e-05  8.97221e-20  6.38767e-05  6.03957e-21   8.4426e-06  5.76097e-22
  -0.0264403  4.88729e-19     0.075837  3.15338e-18   -0.0470498  -4.9878e-18   -0.0139868 -1.12082e-17    0.0135669  1.42585e-17   0.00544636  4.02733e-19  -0.00171045 -2.73211e-18  -0.00128889 -5.64599e-20 -0.000142093  3.18274e-20  4.10814e-05  1.33718e-20  6.40975e-06
 1.37795e-18   -0.0468645  3.15338e-18    0.0827171    8.714e-18    -0.033105 -1.49944e-17   -0.0242394 -1.17429e-17    0.0103966  1.61551e-17   0.00831399  1.58762e-18 -0.000399531  -2.0167e-18  -0.00140304 -2.82236e-19 -0.000314662   1.6177e-21 -2.15149e-06  9.48582e-21
  0.00755247  5.80071e-19   -0.0470498    8.714e-18    0.0717936  1.66581e-17   -0.0188447 -2.58603e-17   -0.0286382  -1.3018e-17    0.0056797  1.51664e-17   0.00968047   2.6261e-18   0.00121904  -1.0445e-18  -0.00107452 -3.22835e-19 -0.000348639  1.52268e-20 -2.09214e-05
-5.81404e-18  -6.6254e-05  -4.9878e-18    -0.033105  1.66581e-17    0.0584308  2.52493e-17  -0.00962043 -3.28297e-17   -0.0296225 -1.42819e-17   0.00100112  1.13069e-17   0.00970304  2.77413e-18   0.00267608 -5.15802e-19 -0.000447586 -2.72089e-19 -0.000227493  2.31413e-20
  0.00626286 -9.80073e-18   -0.0139868 -1.49944e-17   -0.0188447  2.52493e-17    0.0494687  3.15762e-17  -0.00422336 -3.26599e-17   -0.0293331 -1.36742e-17  -0.00330598  6.50124e-18   0.00859233  1.86841e-18   0.00359134 -7.42422e-19  0.000183891 -2.58818e-19 -6.48278e-05
 6.16889e-18    0.0123872 -1.12082e-17   -0.0242394 -2.58603e-17  -0.00962043  3.15762e-17    0.0444934   3.2627e-17 -0.000637777 -2.57639e-17   -0.0286456 -1.04362e-17  -0.00733697  3.10803e-18   0.00642543  2.51674e-19   0.00362565 -1.43047e-18  0.000483698 -2.44649e-19
-0.000824362  1.07207e-17    0.0135669 -1.17429e-17   -0.0286382 -3.28297e-17  -0.00422336   3.2627e-17    0.0418469  2.75074e-17   0.00226129 -1.58879e-17   -0.0277466 -5.28147e-18   -0.0111624  2.08732e-18   0.00330342  -1.6147e-18   0.00266083 -1.87006e-18   0.00034147
-6.52781e-19   0.00171602  1.42585e-17    0.0103966  -1.3018e-17   -0.0296225 -3.26599e-17 -0.000637777  2.75074e-17    0.0406381   1.8337e-17   0.00506506   -7.198e-18   -0.0264697  8.02927e-19   -0.0145377  2.55286e-18 -0.000256226 -3.03222e-18   0.00115332 -1.44096e-18
 -0.00138456  -3.6616e-19   0.00544636  1.61551e-17    0.0056797 -1.42819e-17   -0.0293331 -2.57639e-17   0.00226129   1.8337e-17    0.0405739  8.38172e-18   0.00827238 -1.37686e-18    -0.024238  7.06885e-18   -0.0165497  3.07668e-18  -0.00299328 -3.10238e-18  6.63842e-05
-1.57527e-18  -0.00213391  4.02733e-19   0.00831399  1.51664e-17   0.00100112 -1.36742e-17   -0.0286456 -1.58879e-17   0.00506506  8.38172e-18    0.0417072 -3.27217e-19    0.0125954  2.72193e-18   -0.0198661  1.24954e-17   -0.0156172  3.22206e-18  -0.00350413 -1.70872e-18
 -0.00020684 -2.60355e-18  -0.00171045  1.58762e-18   0.00968047  1.13069e-17  -0.00330598 -1.04362e-17   -0.0277466   -7.198e-18   0.00827238 -3.27217e-19    0.0444579  -6.8907e-18    0.0191302  7.15626e-18   -0.0119432  1.60068e-17   -0.0108347  3.25177e-18  -0.00190098
 2.97805e-19 -0.000785951 -2.73211e-18 -0.000399531   2.6261e-18   0.00970304  6.50124e-18  -0.00733697 -5.28147e-18   -0.0264697 -1.37686e-18    0.0125954  -6.8907e-18    0.0496429  -9.4415e-18    0.0287298  1.32195e-17 -0.000785025  1.71018e-17  -0.00416801  2.64292e-18
  0.00011167  2.24776e-19  -0.00128889  -2.0167e-18   0.00121904  2.77413e-18   0.00859233  3.10803e-18   -0.0111624  8.02927e-19    -0.024238  2.72193e-18    0.0191302  -9.4415e-18    0.0577108 -4.62637e-18    0.0397321   2.0508e-17   0.00930274  1.50369e-17  0.000146385
 9.95673e-20   4.6134e-05 -5.64599e-20  -0.00140304  -1.0445e-18   0.00267608  1.86841e-18   0.00642543  2.08732e-18   -0.0145377  7.06885e-18   -0.0198661  7.15626e-18    0.0287298 -4.62637e-18    0.0663553  8.64961e-18    0.0459425    2.531e-17    0.0122285  9.00395e-18
 4.24567e-05  8.97221e-20 -0.000142093 -2.82236e-19  -0.00107452 -5.15802e-19   0.00359134  2.51674e-19   0.00330342  2.55286e-18   -0.0165497  1.24954e-17   -0.0119432  1.32195e-17    0.0397321  8.64961e-18    0.0686357  2.37892e-17    0.0403587  2.20431e-17   0.00727596
 -8.9221e-21  6.38767e-05  3.18274e-20 -0.000314662 -3.22835e-19 -0.000447586 -7.42422e-19   0.00362565  -1.6147e-18 -0.000256226  3.07668e-18   -0.0156172  1.60068e-17 -0.000785025   2.0508e-17    0.0459425  2.37892e-17    0.0573215  2.87504e-17    0.0242048  1.11259e-17
 3.26825e-06  6.03957e-21  4.10814e-05   1.6177e-21 -0.000348639 -2.72089e-19  0.000183891 -1.43047e-18   0.00266083 -3.03222e-18  -0.00299328  3.22206e-18   -0.0108347  1.71018e-17   0.00930274    2.531e-17    0.0403587  2.87504e-17      0.03461  1.95175e-17   0.00820811
 7.86497e-22   8.4426e-06  1.33718e-20 -2.15149e-06  1.52268e-20 -0.000227493 -2.58818e-19  0.000483698 -1.87006e-18   0.00115332 -3.10238e-18  -0.00350413  3.25177e-18  -0.00416801  1.50369e-17    0.0122285  2.20431e-17    0.0242048  1.95175e-17    0.0130995  6.55375e-18
-1.96904e-07  5.76097e-22  6.40975e-06  9.48582e-21 -2.09214e-05  2.31413e-20 -6.48278e-05 -2.44649e-19   0.00034147 -1.44096e-18  6.63842e-05 -1.70872e-18  -0.00190098  2.64292e-18  0.000146385  9.00395e-18   0.00727596  1.11259e-17   0.00820811  6.55375e-18   0.00230484
