 2.67062e-08 -1.35721e-21 -4.08337e-07  1.80795e-20  2.35795e-06  -8.6443e-20 -7.78894e-06  2.69435e-19  1.64439e-05 -6.09933e-19 -2.24158e-05  1.03609e-18  1.75768e-05 -1.31664e-18 -2.73359e-06  1.20403e-18 -8.91734e-06 -6.99198e-19  6.87646e-06    1.133e-19   2.1958e-06   2.0883e-19 -4.71238e-06 -1.96014e-19 -4.80827e-08  4.39818e-20  2.53877e-06  4.36257e-20  -2.3416e-07 -3.27008e-20 -1.24278e-06 -8.74754e-22  9.44601e-08  8.87718e-21  5.59077e-07  -2.0845e-21  1.92139e-08 -1.09219e-21 -2.16383e-07  2.29435e-22 -4.62938e-08  1.92364e-22   6.2109e-08  2.50892e-23  2.90577e-08 -2.95564e-23 -8.77792e-09 -2.24966e-23 -9.24332e-09 -4.66989e-24 -1.08165e-09   1.2317e-23  1.09553e-09 -7.52228e-25  4.43019e-10 -2.87789e-25  3.38019e-11 -3.00649e-25  -1.0232e-11 -1.31487e-26 -1.32006e-12
-1.35721e-21  5.87888e-07 -7.94826e-21 -5.01136e-06  6.30474e-20    2.144e-05 -2.29468e-19 -5.64312e-05  6.11486e-19   9.6605e-05 -1.26983e-18 -0.000103629  2.04367e-18  5.27717e-05 -2.46578e-18  2.01363e-05  2.11482e-18 -4.61615e-05   -1.122e-18  1.19602e-05   1.2317e-19  2.22691e-05  3.41631e-19 -1.35271e-05 -2.67343e-19 -9.27315e-06  3.15689e-20  8.47743e-06  6.70572e-20  4.01264e-06 -3.04027e-20 -4.18905e-06 -9.75223e-21 -1.95878e-06  8.41663e-21  1.67333e-06  5.78203e-22  9.92127e-07  1.52038e-22 -4.82605e-07  -1.6406e-21 -4.38696e-07  1.44602e-22  5.76199e-08  6.04535e-22  1.39969e-07 -6.86997e-23  2.33542e-08 -1.38224e-22 -2.33937e-08 -1.88473e-23 -1.10845e-08  3.78379e-23 -8.43843e-11 -3.78599e-25  1.03933e-09 -4.86554e-26  2.46243e-10 -5.65106e-25  1.27843e-11 -3.88215e-26
-4.08337e-07 -7.94826e-21  6.26244e-06 -1.73549e-20 -3.63181e-05  6.85163e-20  0.000120694 -1.59937e-19 -0.000257031  4.28589e-19  0.000355167 -1.10075e-18 -0.000286095  2.05035e-18  5.45492e-05  -2.5741e-18  0.000137455  2.11611e-18 -0.000116166 -9.71437e-19 -2.75074e-05 -4.36869e-20  7.71334e-05  4.00375e-19 -5.30014e-06 -2.19603e-19 -4.06097e-05 -2.66277e-20  7.68906e-06  6.61359e-20  1.96734e-05  2.21948e-21 -3.79118e-06 -2.11677e-20 -8.97504e-06 -8.17485e-22  8.46437e-07  5.07875e-21  3.65817e-06  4.69085e-21  2.77283e-07 -5.12993e-21 -1.18107e-06 -5.51959e-22 -3.49282e-07  1.74832e-21   2.3438e-07 -1.93095e-24  1.46339e-07 -3.47832e-22 -4.76319e-09 -7.01321e-23 -2.47782e-08  6.64236e-23 -6.51115e-09  3.65969e-24  2.58807e-10  1.46044e-24  3.14751e-10 -5.93605e-25  2.71536e-11
 1.80795e-20 -5.01136e-06 -1.73549e-20  4.29035e-05  8.58942e-22 -0.000184672 -1.63574e-19  0.000490279  5.75105e-19 -0.000850163 -7.77866e-19  0.000932135  5.47823e-20 -0.000503396  1.29843e-18 -0.000148561 -2.03301e-18  0.000415397  1.56099e-18 -0.000135598 -4.85663e-19 -0.000187253 -3.06129e-19  0.000137975  4.17386e-19  7.01594e-05 -1.02836e-19 -8.48632e-05 -1.08844e-19 -2.69817e-05   4.3829e-20  4.25095e-05  5.40026e-20  1.26759e-05 -3.27394e-20 -1.79709e-05 -1.44862e-20  -6.8802e-06  9.58571e-21  6.00907e-06  1.19234e-20  3.44313e-06 -9.52139e-21 -1.27198e-06 -2.24487e-21 -1.29616e-06  3.28521e-21  2.74884e-09  3.99573e-22  2.88487e-07 -5.90231e-22  8.15476e-08  -1.8354e-22 -1.78169e-08  7.53113e-23  -1.3113e-08  9.65723e-24 -1.97214e-09  3.51009e-24  2.81689e-11 -3.05225e-25
 2.35795e-06  6.30474e-20 -3.63181e-05  8.58942e-22  0.000211909  1.12969e-19 -0.000710301 -8.86235e-19   0.00153156  2.16774e-18  -0.00215778 -2.50994e-18   0.00180552   9.3639e-19 -0.000435683  1.08407e-18 -0.000790748  -1.6777e-18  0.000762721  9.22633e-19  9.72993e-05  8.40115e-20 -0.000480589 -6.12221e-19  8.61415e-05  4.51031e-19   0.00024209  2.79815e-20 -8.05365e-05 -2.03366e-19 -0.000113892  1.99735e-20  4.22524e-05  1.11223e-19   5.2162e-05 -5.04503e-20 -1.50366e-05 -2.77515e-20  -2.2409e-05  1.49357e-20  2.58306e-06  2.11162e-20  8.14945e-06 -1.40135e-20  8.25654e-07 -5.54652e-21 -2.09314e-06  4.66994e-21  -7.3053e-07   1.3973e-21  2.35862e-07 -7.14523e-22  1.88772e-07 -3.34296e-22  2.31038e-08  4.81415e-23 -9.79811e-09  1.08318e-23 -2.96795e-09  3.95147e-24 -1.71127e-10
 -8.6443e-20    2.144e-05  6.85163e-20 -0.000184672  1.12969e-19  0.000801745  4.04596e-19  -0.00215461 -2.22921e-18   0.00380438  4.07929e-18  -0.00430034  -3.2151e-18   0.00251056  8.82487e-20  0.000458838  1.80212e-18  -0.00189442 -1.35766e-18    0.0008025  2.59157e-19  0.000758071  5.29196e-19  -0.00072681 -8.90221e-19  -0.00022529  5.56572e-19  0.000432014  1.18325e-19  5.85537e-05 -3.14499e-19 -0.000216405  2.55825e-20  -2.2016e-05  1.71879e-19  9.55068e-05 -8.18586e-20  1.52647e-05 -4.44287e-20 -3.58265e-05  2.20313e-20 -1.05067e-05  3.39324e-20  1.01404e-05 -1.70923e-20  5.22378e-06 -1.10835e-20 -1.51322e-06  4.92035e-21 -1.59273e-06  2.90775e-21 -1.39848e-07 -5.66106e-22  2.02032e-07 -4.25565e-22  6.96716e-08 -3.24187e-24  3.17241e-09  4.34054e-24 -1.40892e-09  2.14608e-24
-7.78894e-06 -2.29468e-19  0.000120694 -1.63574e-19 -0.000710301  4.04596e-19   0.00240987  9.36761e-19  -0.00528756  -3.8595e-18   0.00765331  4.74559e-18  -0.00674161  -1.2006e-18   0.00209079 -2.40142e-18   0.00253097  2.09303e-18  -0.00295585 -3.27328e-19  3.14731e-05 -2.14485e-19   0.00171344  5.24956e-19 -0.000576104  -1.1054e-18 -0.000793346  8.13877e-19  0.000446095  1.41815e-19  0.000346842 -4.77504e-19 -0.000238607  7.10716e-20    -0.000155  2.56532e-19   9.9872e-05 -1.18005e-19  7.01944e-05  -7.7731e-20 -3.08576e-05  2.64133e-20 -2.92029e-05  5.30056e-20  4.90641e-06 -1.58671e-20  9.50429e-06 -1.81574e-20  9.51445e-07  3.15773e-21  -1.8321e-06  4.27034e-21 -6.65833e-07 -1.54791e-22  6.36142e-08 -3.66375e-22  7.62253e-08 -4.47915e-23  1.26054e-08 -3.10196e-24   2.6556e-10
 2.69435e-19 -5.64312e-05 -1.59937e-19  0.000490279 -8.86235e-19  -0.00215461  9.36761e-19   0.00589089  1.60124e-18   -0.0106685 -4.45424e-18    0.0125737  1.86916e-18  -0.00810331  3.93859e-18 -0.000367045 -4.39395e-18   0.00534922  9.28654e-20  -0.00303235  1.44469e-18  -0.00169998  1.13788e-19   0.00241449   -8.639e-20   0.00021235 -1.38661e-18  -0.00135304  1.26411e-18  0.000119016  1.69707e-19  0.000661045 -7.39388e-19 -9.73873e-05  1.07835e-19 -0.000298112  3.87205e-19  3.32216e-05 -1.26021e-19    0.0001224 -1.35022e-19  6.33539e-07  1.76508e-20 -4.22889e-05  7.63753e-20 -7.67164e-06 -7.37478e-21   1.0293e-05 -2.40113e-20  4.30374e-06 -4.66183e-22 -9.98364e-07  4.66101e-21 -9.70186e-07   3.0536e-22 -1.44868e-07 -1.77034e-22  3.42258e-08 -5.24959e-23  9.91508e-09 -4.23908e-24
 1.64439e-05  6.11486e-19 -0.000257031  5.75105e-19   0.00153156 -2.22921e-18  -0.00528756  1.60124e-18    0.0118935  1.85074e-18   -0.0178768 -1.64348e-18    0.0168642 -6.13165e-18  -0.00677506  1.03288e-17   -0.0048069 -3.10794e-18   0.00758917 -4.58168e-18  -0.00141298  2.86413e-18  -0.00382651  1.67742e-18   0.00222467 -9.84122e-19   0.00147276 -1.94759e-18  -0.00151953  1.81167e-18 -0.000511327  3.56884e-19  0.000806091 -1.09241e-18  0.000194155  4.81172e-20 -0.000364067  5.45251e-19 -9.34154e-05 -7.14518e-20  0.000138152 -2.02159e-19  4.96772e-05 -1.29915e-20 -3.96346e-05  9.47512e-20 -2.24207e-05  8.42241e-21  5.98571e-06 -2.54452e-20  6.67078e-06 -4.52231e-21    6.111e-07   3.8071e-21 -8.05595e-07    5.671e-22 -2.70365e-07  1.78018e-23 -1.55927e-08 -3.30016e-23  2.26487e-09
-6.09933e-19   9.6605e-05  4.28589e-19 -0.000850163  2.16774e-18   0.00380438  -3.8595e-18   -0.0106685  1.85074e-18    0.0200407  6.36259e-19   -0.0250316   6.6033e-18    0.0182596 -1.81727e-17  -0.00217483  1.44804e-17   -0.0097725  2.55619e-18    0.0078192 -1.01566e-17   0.00166082  2.60013e-18    -0.005327  4.17798e-18  0.000952159 -1.55373e-18   0.00267278 -2.86811e-18  -0.00108925  2.24496e-18  -0.00119879  8.14456e-19  0.000663099    -1.43e-18  0.000525969 -1.55782e-19 -0.000301626  6.64277e-19 -0.000231476  5.00567e-20  0.000101721 -2.47975e-19  9.61137e-05 -6.35373e-20 -1.93411e-05  9.68401e-20 -3.24073e-05  2.71424e-20 -2.09339e-06 -2.14939e-20  6.63707e-06 -7.20673e-21  2.15468e-06  2.19378e-21 -2.59212e-07  5.44785e-22  -2.3144e-07  1.06952e-22  -3.0926e-08  -1.0884e-23
-2.24158e-05 -1.26983e-18  0.000355167 -7.77866e-19  -0.00215778  4.07929e-18   0.00765331 -4.45424e-18   -0.0178768  6.36259e-19    0.0283979 -2.97794e-18   -0.0294164  1.97707e-17    0.0154654 -3.02145e-17    0.0044314  1.36397e-17   -0.0131852  1.09227e-17   0.00561986  -1.4013e-17    0.0050281   2.3726e-19   -0.0054679  6.73445e-18 -0.000967353 -1.37887e-18   0.00329768 -3.98254e-18 -0.000189699  2.35864e-18  -0.00166844   1.4903e-18  0.000266685 -1.59135e-18  0.000771193 -4.58009e-19 -0.000124743  6.76734e-19 -0.000328806  2.07222e-19  2.26109e-05 -2.45686e-19  0.000121588 -1.19915e-19  1.20996e-05  7.84191e-20 -3.30639e-05  4.21022e-20 -1.07002e-05  -1.4202e-20  4.08379e-06 -7.54785e-21  2.82711e-06  5.98427e-22  3.20693e-07  3.35709e-22 -8.93278e-08  8.42011e-23 -1.49484e-08
 1.03609e-18 -0.000103629 -1.10075e-18  0.000932135 -2.50994e-18  -0.00430034  4.74559e-18    0.0125737 -1.64348e-18   -0.0250316 -2.97794e-18      0.03409 -8.82244e-18    -0.029189  3.42388e-17   0.00934803 -3.76979e-17     0.010582  7.86704e-18   -0.0138185  1.87758e-17   0.00191546 -1.46292e-17   0.00745825  -3.4098e-18  -0.00429544  8.48147e-18  -0.00283257 -5.04741e-19   0.00318441 -4.97614e-18  0.000857999  2.06031e-18  -0.00178764  2.17493e-18 -0.000248759 -1.47051e-18  0.000859312 -7.53062e-19  0.000110546  5.64151e-19  -0.00035635  3.55214e-19 -7.49107e-05 -1.90216e-19   0.00011764 -1.63389e-19  4.44297e-05  4.61157e-20 -2.39187e-05  4.83308e-20 -1.65061e-05 -6.79011e-21   1.2709e-07  -5.8743e-21  2.34463e-06 -4.63699e-22  5.91342e-07  9.79884e-23  2.19185e-08  2.57358e-23
 1.75768e-05  2.04367e-18 -0.000286095  5.47823e-20   0.00180552  -3.2151e-18  -0.00674161  1.86916e-18    0.0168642   6.6033e-18   -0.0294164 -8.82244e-18    0.0350713 -1.53972e-17   -0.0248355  4.54999e-17   0.00246651 -3.86547e-17    0.0143466 -1.65475e-19   -0.0120602  2.35724e-17  -0.00183509 -1.23352e-17   0.00846296 -6.94721e-18  -0.00242394  9.02369e-18  -0.00416925  7.09741e-19   0.00250759 -5.57618e-18   0.00177591  1.40299e-18  -0.00158338  2.62937e-18 -0.000748451 -1.09197e-18  0.000786776 -9.55363e-19  0.000344102   3.6144e-19 -0.000311619  4.57787e-19 -0.000165395 -9.87181e-20  8.60455e-05 -1.80852e-19  6.82692e-05  1.26165e-20 -7.99577e-06  4.50968e-20 -1.75029e-05 -1.35995e-21  -3.5375e-06 -3.38112e-21  1.07712e-06 -9.03579e-22  4.69521e-07 -5.47288e-23  3.62945e-08
-1.31664e-18  5.27717e-05  2.05035e-18 -0.000503396   9.3639e-19   0.00251056  -1.2006e-18  -0.00810331 -6.13165e-18    0.0182596  1.97707e-17    -0.029189 -1.53972e-17    0.0316739 -2.08199e-17   -0.0188601  5.09668e-17  -0.00279368 -3.44638e-17    0.0154961 -7.30917e-18   -0.0092739   2.4616e-17  -0.00470158 -8.59703e-18   0.00833005 -9.29913e-18 -0.000468839   8.4964e-18  -0.00488587  1.90572e-18   0.00154162 -5.67278e-18   0.00243505  5.57361e-19  -0.00115532  2.72733e-18  -0.00114781 -5.85191e-19  0.000587936 -1.04001e-18  0.000532093  1.24092e-19 -0.000209243  4.94916e-19 -0.000229772  1.06146e-21  3.53916e-05 -1.71088e-19  7.77006e-05 -1.15118e-20  9.79388e-06  3.54573e-20 -1.35895e-05  1.81675e-21 -5.44904e-06 -1.30762e-21 -1.97588e-07 -8.91336e-22  1.75221e-07 -8.18219e-23
-2.73359e-06 -2.46578e-18  5.45492e-05  1.29843e-18 -0.000435683  8.82487e-20   0.00209079  3.93859e-18  -0.00677506 -1.81727e-17    0.0154654  3.42388e-17   -0.0248355 -2.08199e-17    0.0263603 -2.39143e-17   -0.0138631  5.07701e-17  -0.00570768 -2.79632e-17    0.0151017 -1.18252e-17  -0.00659412   2.2736e-17  -0.00659014 -4.89237e-18   0.00758458 -1.01691e-17   0.00126774  7.34452e-18  -0.00510104  2.89582e-18  0.000488444 -5.30793e-18   0.00281579 -2.54839e-19 -0.000602955  2.50454e-18  -0.00140879 -9.05873e-20   0.00030821 -1.02289e-18  0.000649609 -1.01384e-19  -7.1461e-05  4.64166e-19 -0.000257424  8.35427e-20 -2.26191e-05 -1.43552e-19  7.10666e-05 -2.24159e-20  2.43543e-05  2.39804e-20 -6.43959e-06  3.44152e-21 -5.04182e-06 -2.66554e-22 -8.00189e-07 -6.40111e-22 -5.05979e-09
 1.20403e-18  2.01363e-05  -2.5741e-18 -0.000148561  1.08407e-18  0.000458838 -2.40142e-18 -0.000367045  1.03288e-17  -0.00217483 -3.02145e-17   0.00934803  4.54999e-17   -0.0188601 -2.39143e-17    0.0217875 -2.45047e-17   -0.0108601   4.6617e-17  -0.00703721 -2.13205e-17    0.0142882 -1.36593e-17  -0.00437977  1.93468e-17  -0.00780794 -2.09012e-18   0.00657001 -9.92297e-18   0.00272504  6.02001e-18  -0.00495084  3.61186e-18 -0.000539142 -4.60191e-18   0.00294127 -8.53807e-19 -4.59921e-06  2.09968e-18  -0.00152205  3.14985e-19 -8.16251e-06 -9.25392e-19   0.00068719 -2.84482e-19  7.79035e-05  3.82214e-19 -0.000245757  1.32646e-19 -7.60871e-05 -1.11382e-19  5.06858e-05 -2.20322e-20  3.18261e-05    1.456e-20  1.16496e-06   4.1181e-21 -2.93051e-06 -5.94023e-23 -6.35221e-07 -3.11834e-22
-8.91734e-06  2.11482e-18  0.000137455 -2.03301e-18 -0.000790748  1.80212e-18   0.00253097 -4.39395e-18   -0.0048069  1.44804e-17    0.0044314 -3.76979e-17   0.00246651  5.09668e-17   -0.0138631 -2.45047e-17    0.0190631 -2.31048e-17  -0.00929829  4.03906e-17  -0.00780212  -1.5454e-17    0.0135174 -1.36009e-17  -0.00251835  1.56895e-17  -0.00860439 -4.23958e-19   0.00542484 -9.15771e-18   0.00391135  4.77767e-18   -0.0045334  3.98889e-18   -0.0014761 -3.70632e-18   0.00284754 -1.18212e-18  0.000580497  1.65346e-18  -0.00149545  6.21117e-19 -0.000322653 -7.62601e-19  0.000647009 -4.05024e-19  0.000217008  2.80601e-19 -0.000198836  1.42994e-19 -0.000115009 -8.40915e-20  2.19475e-05 -1.47752e-20  3.05901e-05  9.24578e-21  6.36895e-06  4.10392e-21 -6.00435e-07 -8.51006e-23 -2.04595e-07
-6.99198e-19 -4.61615e-05  2.11611e-18  0.000415397  -1.6777e-18  -0.00189442  2.09303e-18   0.00534922 -3.10794e-18   -0.0097725  1.36397e-17     0.010582 -3.86547e-17  -0.00279368  5.07701e-17   -0.0108601 -2.31048e-17    0.0177049 -2.04989e-17  -0.00825237  3.34646e-17  -0.00846302 -1.06124e-17    0.0127745 -1.24296e-17 -0.000879084  1.25087e-17  -0.00908219  2.89217e-19   0.00421707 -8.31266e-18     0.004837  3.67213e-18  -0.00392565  3.96148e-18  -0.00228289 -2.78428e-18   0.00257606 -1.31167e-18   0.00110935  1.23983e-18  -0.00134728  8.35777e-19  -0.00060434 -5.52476e-19  0.000539434 -4.49587e-19  0.000328023  1.91645e-19 -0.000125716  1.17608e-19 -0.000132677 -6.45531e-20 -7.96399e-06 -5.07444e-21  2.17764e-05  8.01237e-21  7.48722e-06  3.62352e-21  5.90926e-07 -1.27023e-23
 6.87646e-06   -1.122e-18 -0.000116166  1.56099e-18  0.000762721 -1.35766e-18  -0.00295585  9.28654e-20   0.00758917  2.55619e-18   -0.0131852  7.86704e-18    0.0143466 -3.44638e-17  -0.00570768   4.6617e-17  -0.00929829 -2.04989e-17     0.016823 -1.73846e-17  -0.00729173   2.6658e-17  -0.00902284 -6.92714e-18    0.0119969 -1.06104e-17  0.000564488  1.00959e-17   -0.0092988  4.39107e-19   0.00300438  -7.5253e-18   0.00551993  2.69235e-18  -0.00319259  3.55525e-18  -0.00293969 -1.96865e-18   0.00216874  -1.3607e-18   0.00155308  8.58674e-19  -0.00110123  9.44393e-19 -0.000830212 -3.24603e-19  0.000380162 -4.14235e-19  0.000398135  1.32574e-19 -3.87596e-05  6.55724e-20 -0.000126561 -5.07269e-20 -3.16022e-05  3.86251e-21  9.16217e-06  9.13819e-21  5.05805e-06  2.84688e-21  4.96561e-07
   1.133e-19  1.19602e-05 -9.71437e-19 -0.000135598  9.22633e-19    0.0008025 -3.27328e-19  -0.00303235 -4.58168e-18    0.0078192  1.09227e-17   -0.0138185 -1.65475e-19    0.0154961 -2.79632e-17  -0.00703721  4.03906e-17  -0.00825237 -1.73846e-17    0.0160008 -1.41823e-17  -0.00642669  2.04461e-17  -0.00943187 -4.49948e-18    0.0112098 -8.45529e-18   0.00181691   8.4666e-18  -0.00931608  4.38868e-19   0.00182695 -6.70452e-18   0.00598746  1.86423e-18  -0.00238492  2.92268e-18  -0.00344048 -1.30299e-18   0.00166392  -1.3874e-18   0.00189373  4.73353e-19 -0.000783104   9.1488e-19 -0.000984555 -1.15443e-19  0.000188093 -3.08954e-19  0.000419995  9.98891e-20  4.79574e-05  1.11268e-21 -9.87747e-05 -3.92615e-20  -4.3023e-05  1.05422e-20 -1.87095e-06  1.00058e-20  1.68858e-06  1.69561e-21
  2.1958e-06   1.2317e-19 -2.75074e-05 -4.85663e-19  9.72993e-05  2.59157e-19  3.14731e-05  1.44469e-18  -0.00141298 -1.01566e-17   0.00561986  1.87758e-17   -0.0120602 -7.30917e-18    0.0151017 -2.13205e-17  -0.00780212  3.34646e-17  -0.00729173 -1.41823e-17     0.015257 -1.10978e-17  -0.00571845  1.51357e-17  -0.00972776 -3.28121e-18    0.0104515 -6.34378e-18   0.00290473  7.44559e-18  -0.00918653  5.41955e-19  0.000704521 -5.69346e-18   0.00626753  1.22694e-18  -0.00154005  2.25765e-18  -0.00378692 -7.23336e-19   0.00109537 -1.35053e-18   0.00212136   5.6891e-20  -0.00041907   7.3784e-19  -0.00105813  4.69643e-20 -1.61926e-05 -1.58275e-19  0.000391936  7.68724e-20  0.000120248 -5.77867e-20 -5.61331e-05 -2.79248e-20    -3.98e-05  1.44339e-20 -6.84613e-06  8.48134e-21 -8.61913e-08
  2.0883e-19  2.22691e-05 -4.36869e-20 -0.000187253  8.40115e-20  0.000758071 -2.14485e-19  -0.00169998  2.86413e-18   0.00166082  -1.4013e-17   0.00191546  2.35724e-17   -0.0092739 -1.18252e-17    0.0142882  -1.5454e-17  -0.00846302   2.6658e-17  -0.00642669 -1.10978e-17    0.0146601 -8.27698e-18  -0.00513749  1.08976e-17  -0.00996299 -3.00977e-18   0.00972937 -4.69202e-18   0.00385838  6.67589e-18  -0.00894523  7.48777e-19  -0.00035381 -4.41914e-18   0.00638449  7.39754e-19  -0.00068591  1.67701e-18  -0.00398468 -1.09233e-19   0.00049247 -1.16474e-18   0.00223186 -3.81017e-19 -3.47954e-05  4.57676e-19   -0.0010475  1.54603e-19  -0.00021156  2.80469e-21  0.000318154  4.69954e-20  0.000165605 -9.40881e-20 -9.62526e-06 -1.62672e-20 -2.50703e-05   1.4725e-20 -5.43231e-06  4.59252e-21
-4.71238e-06  3.41631e-19  7.71334e-05 -3.06129e-19 -0.000480589  5.29196e-19   0.00171344  1.13788e-19  -0.00382651  2.60013e-18    0.0050281 -1.46292e-17  -0.00183509   2.4616e-17  -0.00659412 -1.36593e-17    0.0135174 -1.06124e-17  -0.00902284  2.04461e-17  -0.00571845 -8.27698e-18    0.0141865 -5.83747e-18  -0.00463549  7.74534e-18   -0.0101591 -3.23196e-18   0.00903948 -3.72896e-18   0.00469971  5.71898e-18  -0.00861677   9.1198e-19  -0.00134383  -2.9644e-18   0.00635928  2.39591e-19  0.000156404  1.18243e-18  -0.00404149  6.28024e-19 -0.000119096 -7.97859e-19   0.00222542 -7.92708e-19  0.000344854  1.62488e-19 -0.000954589  2.15881e-19 -0.000377307  1.35229e-19  0.000208897  4.83054e-21   0.00017536 -9.93274e-20  2.71897e-05   -5.702e-21 -7.75111e-06  1.09928e-20 -1.81369e-06
-1.96014e-19 -1.35271e-05  4.00375e-19  0.000137975 -6.12221e-19  -0.00072681  5.24956e-19   0.00241449  1.67742e-18    -0.005327   2.3726e-19   0.00745825 -1.23352e-17  -0.00470158   2.2736e-17  -0.00437977 -1.36009e-17    0.0127745 -6.92714e-18  -0.00943187  1.51357e-17  -0.00513749 -5.83747e-18    0.0137923 -3.82819e-18  -0.00419289   5.5806e-18   -0.0103247  -3.3901e-18   0.00838025 -3.36158e-18   0.00544604  4.28204e-18   -0.0082197  9.71728e-19  -0.00226473 -1.53493e-18   0.00620943 -4.87308e-19  0.000970798  7.16771e-19  -0.00396577  1.47406e-18  -0.00071655 -3.29856e-19    0.0021056 -1.10844e-18  0.000695837 -5.89797e-20 -0.000786673  2.41568e-19 -0.000494254  2.05112e-19  8.05447e-05 -4.03889e-20  0.000147414 -7.88539e-20  4.24977e-05  1.17643e-21  2.42601e-06  5.13691e-21
-4.80827e-08 -2.67343e-19 -5.30014e-06  4.17386e-19  8.61415e-05 -8.90221e-19 -0.000576104   -8.639e-20   0.00222467  4.17798e-18   -0.0054679  -3.4098e-18   0.00846296 -8.59703e-18  -0.00659014  1.93468e-17  -0.00251835 -1.24296e-17    0.0119969 -4.49948e-18  -0.00972776  1.08976e-17  -0.00463549 -3.82819e-18    0.0134611 -2.27812e-18  -0.00380222  4.28834e-18   -0.0104696 -2.98489e-18   0.00775005 -3.28624e-18   0.00611289   2.4108e-18  -0.00776726  1.09377e-18  -0.00311781 -3.55511e-19   0.00594909 -1.55742e-18   0.00174452  2.46698e-19  -0.00376596  2.29462e-18  -0.00127907  7.45606e-20   0.00187886 -1.25877e-18  0.000994872 -1.59985e-19 -0.000556683  2.36937e-19 -0.000546302   1.9797e-19 -4.48033e-05 -7.15917e-20  9.00175e-05 -4.85413e-20  3.42072e-05  3.00635e-21  3.13683e-06
 4.39818e-20 -9.27315e-06 -2.19603e-19  7.01594e-05  4.51031e-19  -0.00022529  -1.1054e-18   0.00021235 -9.84122e-19  0.000952159  6.73445e-18  -0.00429544 -6.94721e-18   0.00833005 -4.89237e-18  -0.00780794  1.56895e-17 -0.000879084 -1.06104e-17    0.0112098 -3.28121e-18  -0.00996299  7.74534e-18  -0.00419289 -2.27812e-18    0.0131883 -1.30484e-18  -0.00345388  3.76633e-18   -0.0106026  -1.7958e-18   0.00714529 -3.24167e-18   0.00671335  4.79718e-19  -0.00726827   1.5635e-18  -0.00390513  4.31935e-19   0.00558922 -2.86826e-18    0.0024668 -1.92563e-19  -0.00345019  2.88363e-18  -0.00178687  2.64389e-19   0.00155467 -1.19945e-18   0.00121951 -1.51274e-19 -0.000283945  2.06861e-19 -0.000522893  1.29968e-19 -0.000140585 -7.83987e-20  2.49549e-05 -2.37842e-20  1.48083e-05  1.58335e-21
 2.53877e-06  3.15689e-20 -4.06097e-05 -1.02836e-19   0.00024209  5.56572e-19 -0.000793346 -1.38661e-18   0.00147276 -1.55373e-18 -0.000967353  8.48147e-18  -0.00242394 -9.29913e-18   0.00758458 -2.09012e-18  -0.00860439  1.25087e-17  0.000564488 -8.45529e-18    0.0104515 -3.00977e-18   -0.0101591   5.5806e-18  -0.00380222 -1.30484e-18    0.0129669 -1.09866e-18  -0.00313889  3.85353e-18   -0.0107298 -3.46904e-20   0.00656168 -3.17856e-18   0.00725811 -1.02474e-18  -0.00672829  2.53013e-18  -0.00462877   8.2048e-19   0.00513809 -4.09943e-18   0.00312767 -5.11067e-19  -0.00302637  3.05814e-18  -0.00222038  2.02736e-19   0.00114607 -9.37296e-19   0.00134855 -8.31349e-20  4.79069e-06  1.60404e-19 -0.000422467  4.02173e-20 -0.000180341 -6.60072e-20 -1.86967e-05 -1.01815e-20  1.63475e-06
 4.36257e-20  8.47743e-06 -2.66277e-20 -8.48632e-05  2.79815e-20  0.000432014  8.13877e-19  -0.00135304 -1.94759e-18   0.00267278 -1.37887e-18  -0.00283257  9.02369e-18 -0.000468839 -1.01691e-17   0.00657001 -4.23958e-19  -0.00908219  1.00959e-17   0.00181691 -6.34378e-18   0.00972937 -3.23196e-18   -0.0103247  4.28834e-18  -0.00345388 -1.09866e-18      0.01279 -1.71946e-18  -0.00285088  4.25614e-18   -0.0108556  1.72092e-18   0.00599483 -3.21774e-18   0.00775604 -1.78145e-18  -0.00615024    3.834e-18  -0.00529027  9.32612e-19   0.00460159  -4.8614e-18   0.00371705 -6.25079e-19  -0.00250259  2.75307e-18  -0.00255947 -6.29785e-21  0.000670767 -5.44576e-19   0.00136314 -8.22665e-21  0.000274756  1.04816e-19 -0.000258156 -3.36596e-20 -0.000152174  -4.7424e-20 -2.60369e-05  -4.1089e-21
 -2.3416e-07  6.70572e-20  7.68906e-06 -1.08844e-19 -8.05365e-05  1.18325e-19  0.000446095  1.26411e-18  -0.00151953 -2.86811e-18   0.00329768 -5.04741e-19  -0.00416925   8.4964e-18   0.00126774 -9.92297e-18   0.00542484  2.89217e-19   -0.0092988   8.4666e-18   0.00290473 -4.69202e-18   0.00903948  -3.3901e-18   -0.0104696  3.76633e-18  -0.00313889 -1.71946e-18    0.0126536  -2.8817e-18  -0.00258472  4.58989e-18   -0.0109839  2.83542e-18   0.00544003 -3.47257e-18   0.00821433 -1.80889e-18  -0.00553484  5.06422e-18  -0.00589018  9.61704e-19   0.00398364 -4.91159e-18   0.00422372 -5.28616e-19  -0.00188778  2.05648e-18  -0.00278298 -1.86689e-19  0.000152816 -1.38812e-19   0.00124943  4.88093e-20  0.000483215  4.50721e-20 -6.80977e-05 -7.14132e-20 -7.91857e-05 -2.95586e-20 -1.16528e-05
-3.27008e-20  4.01264e-06  6.61359e-20 -2.69817e-05 -2.03366e-19  5.85537e-05  1.41815e-19  0.000119016  1.81167e-18  -0.00108925 -3.98254e-18   0.00318441  7.09741e-19  -0.00488587  7.34452e-18   0.00272504 -9.15771e-18   0.00421707  4.39107e-19  -0.00931608  7.44559e-18   0.00385838 -3.72896e-18   0.00838025 -2.98489e-18   -0.0106026  3.85353e-18  -0.00285088  -2.8817e-18    0.0125545 -3.97476e-18  -0.00233582  4.54626e-18    -0.011118  2.98913e-18   0.00489225 -3.92473e-18   0.00863871 -1.45745e-18  -0.00488094  5.79636e-18  -0.00642758   1.0761e-18   0.00328663 -4.28709e-18   0.00463455 -3.24927e-19  -0.00119284  1.15807e-18  -0.00286854 -2.05088e-19  -0.00037473  1.79574e-19   0.00100316  1.00011e-19  0.000580296  1.86061e-23  8.12347e-05 -6.86645e-20 -1.40519e-05 -1.30727e-20
-1.24278e-06 -3.04027e-20  1.96734e-05   4.3829e-20 -0.000113892 -3.14499e-19  0.000346842  1.69707e-19 -0.000511327  2.24496e-18 -0.000189699 -4.97614e-18   0.00250759  1.90572e-18  -0.00510104  6.02001e-18   0.00391135 -8.31266e-18   0.00300438  4.38868e-19  -0.00918653  6.67589e-18   0.00469971 -3.36158e-18   0.00775005  -1.7958e-18   -0.0107298  4.25614e-18  -0.00258472 -3.97476e-18    0.0124905 -4.38075e-18  -0.00210022  4.06756e-18   -0.0112606    2.374e-18   0.00434616 -4.45524e-18   0.00903351  -1.2361e-18  -0.00418572  5.83122e-18  -0.00689964  1.33827e-18     0.002512 -3.25274e-18   0.00493351 -1.91174e-19 -0.000432413  2.52977e-19  -0.00279291 -4.69378e-20 -0.000866902  3.95237e-19   0.00063565  1.81694e-19  0.000523518   7.8917e-22  0.000129711 -3.75108e-20  8.22232e-06
-8.74754e-22 -4.18905e-06  2.21948e-21  4.25095e-05  1.99735e-20 -0.000216405 -4.77504e-19  0.000661045  3.56884e-19  -0.00119879  2.35864e-18  0.000857999 -5.57618e-18   0.00154162  2.89582e-18  -0.00495084  4.77767e-18     0.004837  -7.5253e-18   0.00182695  5.41955e-19  -0.00894523  5.71898e-18   0.00544604 -3.28624e-18   0.00714529 -3.46904e-20   -0.0108556  4.58989e-18  -0.00233582 -4.38075e-18    0.0124601 -3.87645e-18  -0.00187438  3.39619e-18   -0.0114142  1.58985e-18   0.00379603 -4.95026e-18   0.00940168 -1.55903e-18  -0.00344488  5.27506e-18  -0.00730101  1.70639e-18   0.00166081 -2.11298e-18   0.00510069 -2.99447e-19  0.000372947 -5.22509e-19  -0.00253376  2.00518e-19  -0.00126565  5.79886e-19  0.000190394  3.13549e-19  0.000325394   4.6346e-20  8.52115e-05 -6.93274e-21
 9.44601e-08 -9.75223e-21 -3.79118e-06  5.40026e-20  4.22524e-05  2.55825e-20 -0.000238607 -7.39388e-19  0.000806091  8.14456e-19  -0.00166844  2.06031e-18   0.00177591 -5.67278e-18  0.000488444  3.61186e-18   -0.0045334  3.67213e-18   0.00551993 -6.70452e-18  0.000704521  7.48777e-19  -0.00861677  4.28204e-18   0.00611289 -3.24167e-18   0.00656168  1.72092e-18   -0.0109839  4.54626e-18  -0.00210022 -3.87645e-18    0.0124625 -2.80301e-18  -0.00165499  2.95274e-18   -0.0115808  1.32911e-18   0.00323558 -5.34951e-18   0.00974475  -2.5435e-18  -0.00265265  4.43111e-18  -0.00762318  2.12313e-18  0.000734746 -1.05081e-18   0.00511175  -7.3869e-19   0.00119312 -1.09387e-18  -0.00207567  4.33302e-19  -0.00149516  7.90593e-19 -0.000224534  4.43089e-19  9.30046e-05  8.13273e-20  2.34539e-05
 8.87718e-21 -1.95878e-06 -2.11677e-20  1.26759e-05  1.11223e-19  -2.2016e-05  7.10716e-20 -9.73873e-05 -1.09241e-18  0.000663099   1.4903e-18  -0.00178764  1.40299e-18   0.00243505 -5.30793e-18 -0.000539142  3.98889e-18  -0.00392565  2.69235e-18   0.00598746 -5.69346e-18  -0.00035381   9.1198e-19   -0.0082197   2.4108e-18   0.00671335 -3.17856e-18   0.00599483  2.83542e-18    -0.011118  4.06756e-18  -0.00187438 -2.80301e-18    0.0124973 -1.86891e-18  -0.00143885  3.11181e-18   -0.0117628  2.05384e-18   0.00265782 -5.62793e-18    0.0100626 -3.97556e-18  -0.00180195  3.60783e-18  -0.00785358  2.60229e-18 -0.000262254 -1.24501e-19   0.00493715 -1.46154e-18   0.00198159 -1.43226e-18  -0.00141582  5.84634e-19  -0.00145679  9.53235e-19 -0.000447528  4.60677e-19 -3.84247e-05  6.00686e-20
 5.59077e-07  8.41663e-21 -8.97504e-06 -3.27394e-20   5.2162e-05  1.71879e-19    -0.000155  1.07835e-19  0.000194155    -1.43e-18  0.000266685  2.17493e-18  -0.00158338  5.57361e-19   0.00281579 -4.60191e-18   -0.0014761  3.96148e-18  -0.00319259  1.86423e-18   0.00626753 -4.41914e-18  -0.00134383  9.71728e-19  -0.00776726  4.79718e-19   0.00725811 -3.21774e-18   0.00544003  2.98913e-18   -0.0112606  3.39619e-18  -0.00165499 -1.86891e-18     0.012565 -1.75081e-18  -0.00122277  4.00355e-18   -0.0119619  3.81613e-18   0.00205486 -5.79558e-18    0.0103534 -5.45103e-18 -0.000884492  2.98305e-18  -0.00797409  3.21122e-18  -0.00132174  6.06535e-19   0.00454048 -2.27015e-18   0.00267144 -1.56288e-18 -0.000572833  5.98281e-19  -0.00108246  9.07438e-19 -0.000393248  3.23481e-19 -4.17394e-05
 -2.0845e-21  1.67333e-06 -8.17485e-22 -1.79709e-05 -5.04503e-20  9.55068e-05  2.56532e-19 -0.000298112  4.81172e-20  0.000525969 -1.59135e-18 -0.000248759  2.62937e-18  -0.00115532 -2.54839e-19   0.00294127 -3.70632e-18  -0.00228289  3.55525e-18  -0.00238492  1.22694e-18   0.00638449  -2.9644e-18  -0.00226473  1.09377e-18  -0.00726827 -1.02474e-18   0.00775604 -3.47257e-18   0.00489225    2.374e-18   -0.0114142  2.95274e-18  -0.00143885 -1.75081e-18    0.0126664 -2.77731e-18  -0.00100341  5.45372e-18   -0.0121802  6.24397e-18    0.0014176 -5.92662e-18    0.0106126 -6.57778e-18  0.000109219  2.57376e-18  -0.00795951  3.95206e-18  -0.00242881  1.00959e-18   0.00388294 -2.87454e-18   0.00317331  -1.5644e-18   0.00035453  4.28377e-19  -0.00047735  6.18136e-19  -0.00018089  1.31061e-19
 1.92139e-08  5.78203e-22  8.46437e-07 -1.44862e-20 -1.50366e-05 -8.18586e-20   9.9872e-05  3.87205e-19 -0.000364067 -1.55782e-19  0.000771193 -1.47051e-18 -0.000748451  2.72733e-18 -0.000602955 -8.53807e-19   0.00284754 -2.78428e-18  -0.00293969  2.92268e-18  -0.00154005  7.39754e-19   0.00635928 -1.53493e-18  -0.00311781   1.5635e-18  -0.00672829 -1.78145e-18   0.00821433 -3.92473e-18   0.00434616  1.58985e-18   -0.0115808  3.11181e-18  -0.00122277 -2.77731e-18    0.0128032 -4.83416e-18 -0.000777139  7.09432e-18   -0.0124194   8.6555e-18   0.00073528 -6.12394e-18    0.0108328 -7.12029e-18   0.00118945  2.26999e-18  -0.00777705   4.6624e-18  -0.00355348  9.96449e-19   0.00293472 -3.02955e-18   0.00334123 -1.49553e-18   0.00109201  1.37169e-19  4.11546e-05  2.67404e-19 -2.52122e-05
-1.09219e-21  9.92127e-07  5.07875e-21  -6.8802e-06 -2.77515e-20  1.52647e-05 -1.18005e-19  3.32216e-05  5.45251e-19 -0.000301626 -4.58009e-19  0.000859312 -1.09197e-18  -0.00114781  2.50454e-18 -4.59921e-06 -1.18212e-18   0.00257606 -1.96865e-18  -0.00344048  2.25765e-18  -0.00068591  2.39591e-19   0.00620943 -3.55511e-19  -0.00390513  2.53013e-18  -0.00615024 -1.80889e-18   0.00863871 -4.45524e-18   0.00379603  1.32911e-18   -0.0117628  4.00355e-18  -0.00100341 -4.83416e-18    0.0129775 -7.43578e-18 -0.000539888  8.55671e-18   -0.0126816  1.02892e-17 -4.67207e-06  -6.3802e-18    0.0110025  -7.0578e-18   0.00236479  1.91502e-18  -0.00738085  5.04936e-18  -0.00463569  6.92789e-19   0.00166428 -2.66939e-18   0.00294542 -1.31926e-18   0.00128308 -9.15386e-20  0.000212332  5.60184e-20
-2.16383e-07  1.52038e-22  3.65817e-06  9.58571e-21  -2.2409e-05 -4.44287e-20  7.01944e-05 -1.26021e-19 -9.34154e-05  6.64277e-19 -0.000124743 -7.53062e-19  0.000786776 -5.85191e-19  -0.00140879  2.09968e-18  0.000580497 -1.31167e-18   0.00216874 -1.30299e-18  -0.00378692  1.67701e-18  0.000156404 -4.87308e-19   0.00594909  4.31935e-19  -0.00462877    3.834e-18  -0.00553484 -1.45745e-18   0.00903351 -4.95026e-18   0.00323558  2.05384e-18   -0.0119619  5.45372e-18 -0.000777139 -7.43578e-18    0.0131924  -9.8804e-18 -0.000286996  9.58872e-18   -0.0129682  1.06208e-17  -0.00081729 -6.45296e-18    0.0111028 -6.55411e-18   0.00364319  1.44331e-18  -0.00670364  4.84699e-18   -0.0055932    3.794e-19  5.13596e-05 -1.94544e-18   0.00186401 -9.82405e-19  0.000872944 -1.38402e-19  0.000114757
 2.29435e-22 -4.82605e-07  4.69085e-21  6.00907e-06  1.49357e-20 -3.58265e-05  -7.7731e-20    0.0001224 -7.14518e-20 -0.000231476  6.76734e-19  0.000110546 -9.55363e-19  0.000587936 -9.05873e-20  -0.00152205  1.65346e-18   0.00110935  -1.3607e-18   0.00166392 -7.23336e-19  -0.00398468  1.18243e-18  0.000970798 -1.55742e-18   0.00558922   8.2048e-19  -0.00529027  5.06422e-18  -0.00488094  -1.2361e-18   0.00940168 -5.34951e-18   0.00265782  3.81613e-18   -0.0121802  7.09432e-18 -0.000539888  -9.8804e-18    0.0134519 -1.14718e-17 -1.26701e-05  1.00189e-17   -0.0132802  9.62049e-18   -0.0017224 -5.92709e-18    0.0111075 -5.80662e-18   0.00503382  9.73377e-19    -0.005676  3.99169e-18  -0.00631016  2.23414e-19   -0.0017041 -1.14667e-18  0.000458988 -5.63827e-19  0.000289406 -6.93087e-20
-4.62938e-08  -1.6406e-21  2.77283e-07  1.19234e-20  2.58306e-06  2.20313e-20 -3.08576e-05 -1.35022e-19  0.000138152  5.00567e-20 -0.000328806  5.64151e-19  0.000344102 -1.04001e-18   0.00030821  3.14985e-19  -0.00149545  1.23983e-18   0.00155308  -1.3874e-18   0.00109537 -1.09233e-19  -0.00404149  7.16771e-19   0.00174452 -2.86826e-18   0.00513809  9.32612e-19  -0.00589018  5.79636e-18  -0.00418572 -1.55903e-18   0.00974475 -5.62793e-18   0.00205486  6.24397e-18   -0.0124194  8.55671e-18 -0.000286996 -1.14718e-17    0.0137613 -1.17623e-17  0.000290372  9.66777e-18   -0.0136195  7.75487e-18  -0.00274277 -4.51726e-18    0.0109843 -4.84926e-18   0.00651913   7.0069e-19  -0.00423443  2.70963e-18   -0.0064736  1.63206e-19  -0.00293359  -5.3264e-19 -0.000498162 -2.30009e-19  -8.2701e-06
 1.92364e-22 -4.38696e-07 -5.12993e-21  3.44313e-06  2.11162e-20 -1.05067e-05  2.64133e-20  6.33539e-07 -2.02159e-19  0.000101721  2.07222e-19  -0.00035635   3.6144e-19  0.000532093 -1.02289e-18 -8.16251e-06  6.21117e-19  -0.00134728  8.58674e-19   0.00189373 -1.35053e-18   0.00049247  6.28024e-19  -0.00396577  2.46698e-19    0.0024668 -4.09943e-18   0.00460159  9.61704e-19  -0.00642758  5.83122e-18  -0.00344488  -2.5435e-18    0.0100626 -5.79558e-18    0.0014176   8.6555e-18   -0.0126816  9.58872e-18 -1.26701e-05 -1.17623e-17    0.0141275 -1.06949e-17  0.000629847  8.36386e-18   -0.0139857   5.6998e-18  -0.00390058 -2.43791e-18    0.0106676  -3.5608e-18   0.00803665  6.73306e-19  -0.00221059  1.43323e-18  -0.00548982  9.18442e-20  -0.00288354 -1.89366e-19 -0.000599925  -5.8484e-20
  6.2109e-08  1.44602e-22 -1.18107e-06 -9.52139e-21  8.14945e-06  3.39324e-20 -2.92029e-05  1.76508e-20  4.96772e-05 -2.47975e-19  2.26109e-05  3.55214e-19 -0.000311619  1.24092e-19  0.000649609 -9.25392e-19 -0.000322653  8.35777e-19  -0.00110123  4.73353e-19   0.00212136 -1.16474e-18 -0.000119096  1.47406e-18  -0.00376596 -1.92563e-19   0.00312767  -4.8614e-18   0.00398364   1.0761e-18  -0.00689964  5.27506e-18  -0.00265265 -3.97556e-18    0.0103534 -5.92662e-18   0.00073528  1.02892e-17   -0.0129682  1.00189e-17  0.000290372 -1.06949e-17    0.0145582 -8.57496e-18    0.0010175  6.09567e-18   -0.0143701  3.95188e-18  -0.00523951 -4.87776e-19    0.0100449 -2.00263e-18   0.00956712   6.9329e-19  0.000638622  5.12237e-19   -0.0030903  6.41002e-21  -0.00167164  -4.9765e-20 -0.000245257
 2.50892e-23  5.76199e-08 -5.51959e-22 -1.27198e-06 -1.40135e-20  1.01404e-05  5.30056e-20 -4.22889e-05 -1.29915e-20  9.61137e-05 -2.45686e-19 -7.49107e-05  4.57787e-19 -0.000209243 -1.01384e-19   0.00068719 -7.62601e-19  -0.00060434  9.44393e-19 -0.000783104   5.6891e-20   0.00223186 -7.97859e-19  -0.00071655  2.29462e-18  -0.00345019 -5.11067e-19   0.00371705 -4.91159e-18   0.00328663  1.33827e-18  -0.00730101  4.43111e-18  -0.00180195 -5.45103e-18    0.0106126 -6.12394e-18 -4.67207e-06  1.06208e-17   -0.0132802  9.66777e-18  0.000629847 -8.57496e-18    0.0150646 -5.94209e-18   0.00147482  3.20843e-18   -0.0147755  2.58908e-18  -0.00682949  3.82052e-19   0.00904897 -7.51984e-19    0.0110677  4.02209e-19   0.00396252 -5.79409e-20 -0.000219595 -6.56397e-20 -0.000395505 -1.24554e-20
 2.90577e-08  6.04535e-22 -3.49282e-07 -2.24487e-21  8.25654e-07 -1.70923e-20  4.90641e-06  7.63753e-20 -3.96346e-05 -6.35373e-20  0.000121588 -1.90216e-19 -0.000165395  4.94916e-19  -7.1461e-05 -2.84482e-19  0.000647009 -5.52476e-19 -0.000830212   9.1488e-19  -0.00041907 -3.81017e-19   0.00222542 -3.29856e-19  -0.00127907  2.88363e-18  -0.00302637 -6.25079e-19   0.00422372 -4.28709e-18     0.002512  1.70639e-18  -0.00762318  3.60783e-18 -0.000884492 -6.57778e-18    0.0108328  -6.3802e-18  -0.00081729  9.62049e-18   -0.0136195  8.36386e-18    0.0010175 -5.94209e-18    0.0156681 -3.42817e-18   0.00201462  5.22105e-19   -0.0152149  1.38337e-18  -0.00866415 -2.22119e-19   0.00760154 -6.12046e-19    0.0118681 -4.17609e-19   0.00621636 -4.63875e-19   0.00144701 -1.06308e-19  0.000102405
-2.95564e-23  1.39969e-07  1.74832e-21 -1.29616e-06 -5.54652e-21  5.22378e-06 -1.58671e-20 -7.67164e-06  9.47512e-20 -1.93411e-05 -1.19915e-19   0.00011764 -9.87181e-20 -0.000229772  4.64166e-19  7.79035e-05 -4.05024e-19  0.000539434 -3.24603e-19 -0.000984555   7.3784e-19 -3.47954e-05 -7.92708e-19    0.0021056  7.45606e-20  -0.00178687  3.05814e-18  -0.00250259 -5.28616e-19   0.00463455 -3.25274e-18   0.00166081  2.12313e-18  -0.00785358  2.98305e-18  0.000109219 -7.12029e-18    0.0110025 -6.45296e-18   -0.0017224  7.75487e-18   -0.0139857  6.09567e-18   0.00147482 -3.42817e-18    0.0163801 -1.56217e-18   0.00264156 -8.77413e-19   -0.0156072  2.17179e-19   -0.0107037 -1.76145e-18   0.00510809 -1.67272e-18    0.0104269 -1.43131e-18   0.00579583 -6.72895e-19    0.0013253 -8.20529e-20
-8.77792e-09 -6.86997e-23   2.3438e-07  3.28521e-21 -2.09314e-06 -1.10835e-20  9.50429e-06 -7.37478e-21 -2.24207e-05  9.68401e-20  1.20996e-05 -1.63389e-19  8.60455e-05  1.06146e-21 -0.000257424  3.82214e-19  0.000217008 -4.49587e-19  0.000380162 -1.15443e-19  -0.00105813  4.57676e-19  0.000344854 -1.10844e-18   0.00187886  2.64389e-19  -0.00222038  2.75307e-18  -0.00188778 -3.24927e-19   0.00493351 -2.11298e-18  0.000734746  2.60229e-18  -0.00797409  2.57376e-18   0.00118945  -7.0578e-18    0.0111028 -5.92709e-18  -0.00274277   5.6998e-18   -0.0143701  3.20843e-18   0.00201462 -1.56217e-18    0.0172042 -4.70188e-19   0.00345718 -4.15062e-19   -0.0158143 -7.46457e-19   -0.0133063 -3.21279e-18  0.000501342 -2.94909e-18   0.00595788 -1.92911e-18    0.0031597 -5.55762e-19  0.000476741
-2.24966e-23  2.33542e-08 -1.93095e-24  2.74884e-09  4.66994e-21 -1.51322e-06 -1.81574e-20   1.0293e-05  8.42241e-21 -3.24073e-05  7.84191e-20  4.44297e-05 -1.80852e-19  3.53916e-05  8.35427e-20 -0.000245757  2.80601e-19  0.000328023 -4.14235e-19  0.000188093  4.69643e-20   -0.0010475  1.62488e-19  0.000695837 -1.25877e-18   0.00155467  2.02736e-19  -0.00255947  2.05648e-18  -0.00119284 -1.91174e-19   0.00510069 -1.05081e-18 -0.000262254  3.21122e-18  -0.00795951  2.26999e-18   0.00236479 -6.55411e-18    0.0111075 -4.51726e-18  -0.00390058  3.95188e-18   -0.0147755  5.22105e-19   0.00264156 -4.70188e-19    0.0182368  3.11262e-19   0.00461477  1.14506e-18   -0.0160464 -1.49861e-18    -0.017031 -3.99918e-18  -0.00591513 -3.40051e-18   0.00042423 -1.63415e-18  0.000645151 -2.53322e-19
-9.24332e-09 -1.38224e-22  1.46339e-07  3.99573e-22  -7.3053e-07  4.92035e-21  9.51445e-07 -2.40113e-20  5.98571e-06  2.71424e-20 -3.30639e-05  4.61157e-20  6.82692e-05 -1.71088e-19 -2.26191e-05  1.32646e-19 -0.000198836  1.91645e-19  0.000398135 -3.08954e-19 -1.61926e-05  1.54603e-19 -0.000954589 -5.89797e-20  0.000994872 -1.19945e-18   0.00114607 -6.29785e-21  -0.00278298  1.15807e-18 -0.000432413 -2.99447e-19   0.00511175 -1.24501e-19  -0.00132174  3.95206e-18  -0.00777705  1.91502e-18   0.00364319 -5.80662e-18    0.0109843 -2.43791e-18  -0.00523951  2.58908e-18   -0.0152149 -8.77413e-19   0.00345718  3.11262e-19    0.0196241  1.46489e-18   0.00592723  2.08974e-18    -0.016598  -2.3772e-18   -0.0207884 -4.18866e-18   -0.0109437 -2.89073e-18  -0.00277125 -9.35428e-19 -0.000238242
-4.66989e-24 -2.33937e-08 -3.47832e-22  2.88487e-07   1.3973e-21 -1.59273e-06  3.15773e-21  4.30374e-06 -2.54452e-20 -2.09339e-06  4.21022e-20 -2.39187e-05  1.26165e-20  7.77006e-05 -1.43552e-19 -7.60871e-05  1.42994e-19 -0.000125716  1.32574e-19  0.000419995 -1.58275e-19  -0.00021156  2.15881e-19 -0.000786673 -1.59985e-19   0.00121951 -9.37296e-19  0.000670767 -1.86689e-19  -0.00286854  2.52977e-19  0.000372947  -7.3869e-19   0.00493715  6.06535e-19  -0.00242881   4.6624e-18  -0.00738085  1.44331e-18   0.00503382 -4.84926e-18    0.0106676 -4.87776e-19  -0.00682949  1.38337e-18   -0.0156072 -4.15062e-19   0.00461477  1.46489e-18    0.0211644  3.02172e-18   0.00713871  1.41958e-18   -0.0161005 -3.37659e-18   -0.0209198 -3.82327e-18   -0.0110163 -1.89526e-18  -0.00254765 -3.32222e-19
