 4.58441e-34  2.12411e-37 -3.25049e-34  4.77775e-37 -3.47592e-34  2.14467e-37   8.0233e-35  1.84938e-36  3.97676e-34 -2.90097e-36   6.4273e-35  4.27591e-38 -2.42345e-34  4.77452e-36  1.41655e-34  -2.8418e-36 -6.47114e-35  1.68858e-36  9.65774e-36  1.54651e-36 -2.92888e-36   4.2654e-37 -3.76878e-36 -1.67593e-37 -6.74347e-37  1.05839e-37 -2.41917e-36  2.08223e-38  1.38731e-37  1.68537e-38 -6.11323e-37  3.98462e-38 -1.36257e-37  2.71556e-41 -2.16015e-37  1.44993e-38 -3.58735e-38  1.50983e-39 -4.20303e-38  1.21673e-39 -1.87477e-40 -4.18901e-40  5.72419e-39 -8.11797e-41  4.14148e-39  -2.3971e-41  2.43992e-39 -6.39603e-41  1.92067e-39  7.36153e-41 -6.33389e-40 -2.75658e-41  1.02375e-39  2.03471e-41 -3.15941e-39  1.51963e-42  9.20211e-39  -1.5087e-42 -2.47531e-38  3.47931e-42  6.05237e-38 -6.39998e-42 -1.35187e-37  1.95861e-41  2.74872e-37 -4.96803e-41 -5.06481e-37  1.18135e-40  8.41071e-37 -2.62249e-40 -1.24999e-36   5.4371e-40  1.64755e-36 -1.05169e-39 -1.90235e-36  1.89572e-39  1.89072e-36 -3.18005e-39 -1.57374e-36  4.95679e-39  1.04422e-36 -7.16695e-39 -4.92284e-37  9.59469e-39   9.7528e-38 -1.18692e-38  7.32267e-38  1.35391e-38 -7.94815e-38 -1.42101e-38   3.0242e-38   1.3693e-38  2.45068e-39 -1.20893e-38 -7.42698e-39  9.76119e-39  2.26637e-39 -7.19677e-39  6.36135e-40  4.83933e-39 -5.71807e-40 -2.96477e-39  7.88752e-41  1.65243e-39  2.46028e-41 -8.35426e-40  4.15501e-42  3.80856e-40 -8.92649e-42  -1.5489e-40  2.84842e-42  5.52515e-41 -5.53825e-43 -1.68742e-41  1.64316e-43  4.27144e-42 -4.50886e-44 -8.58375e-43  6.87509e-45  1.29001e-43 -6.62499e-46 -1.32308e-44  4.69534e-47  7.82857e-46 -1.39299e-48 -1.66643e-47
 2.12411e-37  1.25324e-33  1.28669e-36 -5.94642e-34  1.19144e-36 -1.20948e-33 -1.50252e-36  1.69955e-34  1.05209e-35  9.68367e-34 -1.37941e-35  2.67176e-35 -1.25311e-36 -4.43797e-34  1.18622e-35  2.96986e-34 -8.82666e-36 -1.62828e-34  3.33735e-36  3.81924e-35  3.49695e-36 -1.56379e-35  9.21819e-37 -9.23042e-36  -9.8655e-38  2.76897e-37  3.70897e-37 -6.49642e-36 -6.72119e-39  3.45394e-37  6.67343e-38 -1.45939e-36   9.0356e-38 -5.70573e-37 -8.88448e-40 -4.34184e-37  3.62303e-38 -1.15915e-37  1.23926e-39 -8.66479e-38  2.43594e-39  4.28151e-39 -1.39902e-39  2.47353e-38 -1.22799e-39  1.88516e-38 -2.10007e-40  7.18091e-39 -2.32684e-40  9.30128e-39  2.40551e-40 -1.10503e-38  -7.9276e-41  3.30566e-38  7.02319e-41 -1.00774e-37  8.63208e-42  2.80632e-37 -1.75771e-41 -7.17911e-37  4.86209e-41  1.67834e-36 -1.26358e-40 -3.57767e-36  3.38831e-40  6.92656e-36 -8.32125e-40 -1.21196e-35   1.9108e-39  1.90464e-35 -4.09817e-39 -2.66701e-35  8.20221e-39  3.29248e-35 -1.53016e-38 -3.53115e-35  2.65713e-38  3.21866e-35 -4.28826e-38 -2.40394e-35  6.42052e-38  1.36655e-35 -8.90069e-38 -4.73659e-36  1.13997e-37 -3.56787e-37 -1.34571e-37   1.6751e-36  1.46048e-37 -1.01231e-36 -1.45336e-37   1.6701e-37  1.32258e-37  1.44446e-37 -1.09783e-37 -9.33477e-38  8.29367e-38  5.53683e-39 -5.69321e-38  1.41216e-38  3.54854e-38 -4.51847e-39 -2.00878e-38   -5.996e-40  1.03359e-38  3.71883e-40 -4.83351e-39  1.04503e-40  2.04704e-39 -7.06308e-41 -7.77125e-40  1.08623e-41  2.59372e-40 -1.78161e-42 -7.38874e-41  9.13412e-43  1.72581e-41 -2.10458e-43  -3.1342e-42  2.32231e-44  4.10806e-43 -2.10014e-45 -3.44575e-44  1.39494e-46  1.43306e-45 -2.33388e-48
-3.25049e-34  1.28669e-36  2.87701e-33  3.93781e-36 -7.80574e-34  4.55486e-37 -2.32062e-33 -9.46231e-36  2.91696e-34  3.21359e-35  1.38467e-33 -3.63855e-35 -4.05854e-35  -2.5743e-36 -5.43452e-34  1.71701e-35  4.58664e-34 -1.58145e-35 -2.78367e-34  3.79641e-36  8.95988e-35  5.19129e-36 -4.06662e-35   1.5523e-36 -1.52039e-35   2.6907e-37   2.7142e-36  8.56029e-37 -1.28249e-35 -8.89934e-38  1.02364e-36  1.64493e-37 -2.69124e-36  1.42419e-37 -1.32771e-36 -1.33424e-38 -4.84342e-37   6.3237e-38 -2.12546e-37 -3.10818e-39 -9.21829e-38  3.08649e-39  2.80721e-39 -3.40764e-39  7.52902e-38 -4.33828e-39  5.84398e-38 -9.61415e-40  3.42717e-40 -5.24874e-40    8.525e-38   5.5748e-40 -2.41138e-37 -1.59351e-40  7.55268e-37  1.59151e-40 -2.19885e-36  7.26647e-41  5.86801e-36 -2.09668e-40 -1.43479e-35  6.00068e-40  3.20365e-35  -1.6104e-39 -6.50978e-35  4.10841e-39  1.19848e-34 -9.76183e-39 -1.98805e-34  2.16735e-38  2.95048e-34 -4.49228e-38 -3.88167e-34  8.68258e-38  4.47071e-34 -1.56278e-37 -4.42751e-34  2.61543e-37   3.6653e-34 -4.06266e-37 -2.40961e-34  5.84555e-37  1.11302e-34 -7.77325e-37 -1.97283e-35   9.5289e-37  -1.8733e-35 -1.07381e-36  1.88972e-35    1.109e-36 -6.78015e-36 -1.04623e-36 -8.71722e-37  8.98522e-37  1.85003e-36 -7.00104e-37 -5.35599e-37  4.93389e-37 -1.52864e-37 -3.13769e-37  1.24134e-37  1.79909e-37 -7.51036e-39 -9.31304e-38 -1.14299e-38  4.36859e-38  1.24196e-39 -1.86588e-38  1.15522e-39  7.26877e-39 -2.71374e-40 -2.56275e-39 -1.51545e-42  7.99617e-40 -5.54168e-42 -2.12588e-40  3.87423e-42  4.57366e-41 -5.47755e-43 -7.44642e-42  4.30417e-44  8.34132e-43  -4.6974e-45    -5.44e-44  2.23763e-46  1.29919e-45
 4.77775e-37 -5.94642e-34  3.93781e-36  5.03181e-33  6.80256e-36 -9.22853e-34 -5.18395e-36 -3.04755e-33 -2.98233e-35  4.19512e-34  6.66857e-35  1.43131e-33  -6.8779e-35 -7.11996e-35 -3.95133e-36 -5.22467e-34   1.5884e-35   5.9445e-34 -2.03496e-35 -3.77408e-34  2.71492e-36  1.56001e-34   5.9975e-36 -7.52477e-35   2.2856e-36 -1.91883e-35  1.01518e-36  5.48436e-36  1.51579e-36  -2.0656e-35 -2.46306e-37  2.73207e-36  3.02384e-37 -4.13339e-36  1.76472e-37 -2.17473e-36  -5.4673e-38 -1.28831e-37  8.98272e-38 -2.19171e-37 -1.34283e-38  1.28931e-38  2.67005e-39 -3.16346e-38 -7.17792e-39  1.62163e-37 -1.00087e-38  2.21902e-37 -3.00169e-39 -3.44997e-37 -8.36999e-40  1.40155e-36  1.01334e-39 -4.52288e-36 -2.10591e-40  1.37019e-35   1.3258e-40 -3.81848e-35  7.38028e-40   9.7557e-35   -2.216e-39 -2.27982e-34  6.21335e-39  4.85725e-34 -1.63069e-38 -9.39733e-34  4.01437e-38   1.6428e-33 -9.23049e-38 -2.57871e-33  1.98234e-37  3.60534e-33 -3.97211e-37 -4.44164e-33  7.41648e-37  4.74981e-33 -1.28844e-36 -4.31101e-33  2.07908e-36  3.19773e-33    -3.11e-36 -1.79406e-33   4.3028e-36  5.97935e-34 -5.49201e-36   7.2468e-35  6.44828e-36 -2.33888e-34 -6.94189e-36  1.34963e-34  6.82741e-36 -1.89565e-35 -6.10993e-36 -2.13408e-35  4.95366e-36  1.28087e-35 -3.62191e-36 -5.42788e-37  2.37743e-36 -1.94639e-36 -1.39556e-36  5.39104e-37  7.30977e-37  1.33828e-37 -3.42044e-37  -6.8912e-38  1.43913e-37 -7.79153e-39 -5.51094e-38  6.40453e-39  1.94484e-38 -1.38851e-40 -6.32399e-39  -1.4432e-40  1.84671e-39 -3.65237e-41 -4.59884e-40  1.14912e-41  9.10994e-41 -6.66045e-43 -1.31608e-41  6.27299e-44  1.22282e-42 -8.48282e-45 -5.67096e-44  1.69123e-46
-3.47592e-34  1.19144e-36 -7.80574e-34  6.80256e-36  7.11583e-33  4.31408e-36 -1.22223e-33 -1.83576e-35 -2.93286e-33 -6.71296e-35  5.13288e-34  1.04195e-34  1.16041e-33 -1.03634e-34 -2.59116e-35 -7.69722e-36 -4.23394e-34  7.08718e-36  6.72869e-34 -2.06308e-35 -4.38773e-34  1.15461e-36  2.22264e-34  5.78674e-36 -1.12605e-34  3.03895e-36  -1.8383e-35   2.2061e-36  6.93789e-36  2.19446e-36 -2.83355e-35 -5.03081e-37  5.92546e-36  4.49382e-37 -5.20525e-36  1.73379e-37  -2.5901e-36 -1.41104e-37  7.42655e-37  1.12516e-37  3.54217e-38 -3.01609e-38   2.9321e-37  1.36726e-39 -6.46574e-38 -1.38915e-38 -6.89127e-38 -1.80327e-38  2.02969e-36 -7.28529e-39 -6.58184e-36 -8.24661e-40  2.28748e-35  1.36187e-39 -7.21615e-35  2.81047e-40  2.09754e-34 -1.62141e-39 -5.59752e-34  6.93032e-39  1.36801e-33  -2.0242e-38 -3.05319e-33  5.50677e-38  6.20054e-33 -1.40191e-37 -1.14071e-32  3.33959e-37  1.89041e-32   -7.433e-37 -2.80202e-32  1.54451e-36  3.68008e-32 -2.99269e-36 -4.22855e-32  5.39971e-36  4.17347e-32 -9.05748e-36 -3.43691e-32  1.40979e-35  2.23885e-32 -2.03175e-35 -1.01274e-32  2.70443e-35  1.57346e-33 -3.31542e-35   1.9127e-33  3.73123e-35 -1.80873e-33 -3.84072e-35  6.12765e-34  3.60077e-35  1.07717e-34 -3.06002e-35 -1.82405e-34  2.34454e-35   4.8925e-35 -1.60986e-35  1.62499e-35  9.84255e-36 -1.17523e-35 -5.32349e-36  2.75098e-37  2.53356e-36   1.2685e-36 -1.05921e-36 -1.52175e-37  3.91598e-37 -9.61281e-38 -1.30712e-37   1.6212e-38  4.07141e-38  3.73417e-39 -1.20826e-38 -3.20119e-40  3.32313e-39  -1.8771e-40  -7.8348e-40  1.73365e-41  1.43273e-40  2.59935e-43 -1.81111e-41  1.37162e-43  1.33077e-42 -1.00646e-44 -3.58768e-44
 2.14467e-37 -1.20948e-33  4.55486e-37 -9.22853e-34  4.31408e-36  8.71012e-33 -1.18149e-35 -1.77875e-33 -3.79286e-35 -2.02074e-33 -1.19203e-34  5.56024e-34  1.29612e-34  7.53507e-34 -1.31721e-34  8.50833e-35  -1.5745e-35 -2.98176e-34 -5.43332e-36  6.76874e-34 -1.74569e-35 -4.57996e-34  6.52312e-37  2.74057e-34  4.81764e-36 -1.46136e-34  3.65082e-36 -9.79134e-36  3.84743e-36   5.8383e-36  2.66202e-36 -3.37196e-35 -8.70325e-37   1.0419e-35  5.65338e-37 -4.98706e-36  1.21716e-37  -1.8367e-36 -2.76799e-37  1.93521e-36  1.34169e-37  7.81716e-37 -5.31278e-38  5.02869e-37  2.24105e-40   1.2859e-36 -2.52136e-38  -6.6189e-36 -2.70941e-38  2.85798e-35 -1.47965e-38 -1.00515e-34  4.51433e-40  3.31547e-34  1.30646e-40 -1.00497e-33  5.48792e-39   2.7995e-33 -1.82307e-38 -7.15079e-33  5.74754e-38  1.67047e-32 -1.62262e-37 -3.55741e-32  4.27795e-37  6.87849e-32 -1.05531e-36 -1.20153e-31   2.4344e-36  1.88411e-31 -5.24591e-36 -2.63056e-31  1.05491e-35  3.23457e-31 -1.97704e-35 -3.44959e-31  3.44797e-35  3.11816e-31 -5.58591e-35 -2.29748e-31  8.38917e-35  1.27215e-31 -1.16526e-34 -4.06743e-32   1.4929e-34 -6.98976e-33 -1.75875e-34  1.75941e-32  1.89844e-34 -9.71886e-33 -1.86995e-34  1.13223e-33  1.67279e-34  1.67796e-33 -1.35156e-34 -9.39147e-34  9.79989e-35  1.75762e-35 -6.32892e-35  1.49528e-34  3.60881e-35 -3.71124e-35  -1.7989e-35 -1.18032e-35  7.75684e-36   5.3829e-36 -2.86781e-36  5.89005e-37  9.08656e-37 -4.34955e-37 -2.52661e-37 -1.76896e-38  6.59565e-38  1.79784e-38 -1.75206e-38  1.29652e-39  4.64023e-39 -5.14648e-40 -1.06562e-39 -1.08694e-41  1.81526e-40  1.16471e-42 -1.96668e-41  3.04429e-43  1.04857e-42 -4.79642e-45
  8.0233e-35 -1.50252e-36 -2.32062e-33 -5.18395e-36 -1.22223e-33 -1.18149e-35  9.66363e-33 -4.68396e-35  -2.4779e-33 -5.94821e-35 -7.05435e-34 -1.74445e-34  5.85446e-34  1.32372e-34  3.61473e-34 -1.45965e-34  2.16061e-34  -2.6645e-35 -1.76169e-34 -1.59689e-35  6.10378e-34 -1.30073e-35 -4.38313e-34  2.06794e-36  3.03234e-34  3.51375e-36 -1.72125e-34  3.86342e-36  8.97507e-36  5.82791e-36  1.84183e-36  2.68482e-36 -3.44378e-35 -1.32645e-36  1.49314e-35  6.20183e-37 -2.54663e-36  2.81389e-38  8.78845e-37 -4.45496e-37  2.69962e-36  1.65737e-37  3.15166e-36 -8.36322e-38 -4.25871e-36  1.22838e-39   2.5387e-35 -4.31772e-38 -1.05161e-34  -3.4667e-38  3.95827e-34 -2.67649e-38 -1.35599e-33   6.6247e-39  4.28649e-33 -1.24868e-38 -1.24589e-32  4.63682e-38  3.32407e-32 -1.44508e-37 -8.12185e-32  4.24352e-37  1.81206e-31 -1.15937e-36 -3.67831e-31  2.96232e-36  6.76281e-31 -7.08101e-36 -1.11983e-30  1.58228e-35  1.65799e-30 -3.30181e-35 -2.17421e-30   6.4268e-35  2.49282e-30 -1.16521e-34 -2.45249e-30   1.9646e-34   2.0095e-30 -3.07454e-34 -1.29728e-30  4.45629e-34  5.74449e-31  -5.9671e-34 -7.61366e-32   7.3603e-34 -1.20805e-31 -8.33541e-34  1.07851e-31  8.63354e-34 -3.44803e-32 -8.14222e-34 -7.79408e-33  6.95534e-34   1.1151e-32 -5.34848e-34 -2.74999e-33  3.67504e-34 -1.08542e-33 -2.23619e-34  7.06265e-34  1.19166e-34  1.97236e-36 -5.48493e-35 -8.12761e-35  2.14285e-35   8.5276e-36 -6.95607e-36  6.00678e-36  1.83539e-36 -8.20104e-37 -3.92615e-37  -2.9048e-37  7.49616e-38  2.84942e-38 -1.68506e-38  9.42198e-39  4.70696e-39 -4.57584e-40 -1.14519e-39 -9.75681e-41  1.86103e-40 -2.68048e-42 -1.66951e-41  3.51947e-43  5.29818e-43
 1.84938e-36  1.69955e-34 -9.46231e-36 -3.04755e-33 -1.83576e-35 -1.77875e-33 -4.68396e-35  1.00425e-32 -9.74573e-35 -3.09627e-33 -7.88818e-35  5.67859e-34 -2.15559e-34   6.5946e-34  1.12248e-34  5.70599e-35 -1.44118e-34  3.21735e-34 -3.59076e-35 -6.04128e-35  -2.0474e-35  4.92282e-34 -9.18311e-36 -3.83997e-34  5.20108e-36  3.07464e-34  2.27011e-36 -1.89508e-34  3.36952e-36  3.82624e-35   7.9035e-36 -4.59943e-36  2.11422e-36 -2.80336e-35  -1.8106e-36  1.70917e-35  6.08083e-37  2.56041e-36 -7.10801e-38  6.64194e-36 -6.08217e-37 -9.00432e-37  2.24237e-37  2.24054e-35 -1.26701e-37 -8.31413e-35  7.43398e-39  3.59977e-34 -7.00893e-38 -1.40042e-33 -3.64862e-38  5.01251e-33 -4.84174e-38 -1.65084e-32  3.82954e-38  5.00463e-32 -1.02461e-37 -1.39396e-31  3.30837e-37  3.55998e-31 -9.97307e-37 -8.31432e-31  2.82113e-36     1.77e-30 -7.46753e-36 -3.42082e-30  1.84956e-35  5.97166e-30 -4.28486e-35 -9.35586e-30  9.27691e-35  1.30465e-29 -1.87499e-34 -1.60144e-29  3.53319e-34  1.70361e-29 -6.19809e-34   -1.534e-29  1.01043e-33  1.12296e-29 -1.52771e-33 -6.13715e-30  2.13721e-33  1.87795e-30  -2.7591e-33  4.27771e-31  3.27695e-33 -8.98058e-31 -3.56793e-33  4.75854e-31  3.54673e-33 -4.39959e-32 -3.20354e-33  -8.9043e-32  2.61436e-33  4.66829e-32 -1.91469e-33  3.16083e-34  1.24807e-33 -7.84539e-33 -7.16649e-34  1.75831e-33  3.57703e-34  6.70267e-34 -1.52452e-34  -2.7405e-34  5.40957e-35 -3.56996e-35 -1.53756e-35  2.21602e-35  3.27652e-36  1.47977e-36 -4.57166e-37 -1.00556e-36  2.90179e-38 -6.47677e-38 -1.94552e-39  2.30223e-38   2.4674e-39    1.495e-39 -9.28345e-40 -1.36555e-40  1.53189e-40 -1.15013e-41 -1.06355e-41  9.73759e-44
 3.97676e-34  1.05209e-35  2.91696e-34 -2.98233e-35 -2.93286e-33 -3.79286e-35  -2.4779e-33 -9.74573e-35  1.00195e-32 -1.51667e-34 -3.44712e-33 -9.46152e-35  1.50443e-33  -2.2829e-34  7.96458e-34  7.79742e-35 -1.43279e-34 -1.29464e-34  3.88315e-34 -3.91135e-35  5.97861e-35 -1.83061e-35  3.44537e-34 -6.89052e-36 -3.00084e-34  9.19335e-36  2.86483e-34   1.3074e-36 -1.98224e-34  1.92052e-36  7.54845e-35  9.72135e-36 -1.26198e-35  9.67578e-37 -1.23201e-35 -2.23419e-36  1.42108e-35  5.52608e-37  8.65737e-36 -1.03421e-37  2.39378e-35 -7.07955e-37 -5.31122e-35  3.27721e-37  2.62399e-34 -1.92738e-37  -1.1202e-33  2.33423e-38  4.53666e-33 -1.09803e-37 -1.68999e-32 -2.05272e-38  5.80129e-32 -1.14975e-37 -1.83355e-31  2.22889e-37  5.32914e-31 -6.82873e-37 -1.42169e-30  2.12529e-36  3.47315e-30 -6.21436e-36 -7.74711e-30   1.7031e-35  1.57206e-29 -4.37084e-35 -2.88895e-29  1.04971e-34  4.78047e-29 -2.35758e-34  -7.0711e-29   4.9469e-34  9.26012e-29 -9.68631e-34 -1.05962e-28  1.76743e-33  1.03938e-28 -3.00042e-33 -8.47559e-29  4.73004e-33  5.42372e-29 -6.90966e-33  -2.3503e-29  9.33012e-33  2.55696e-30 -1.16126e-32   5.4666e-30  1.32793e-32 -4.63494e-30 -1.38998e-32  1.39672e-30    1.326e-32  3.91974e-31 -1.14706e-32 -4.90425e-31  8.94385e-33  1.10725e-31 -6.24024e-33  5.18629e-32  3.86115e-33 -3.07047e-32 -2.09454e-33 -8.21878e-34   9.8105e-34  3.70068e-33 -3.88305e-34 -3.20401e-34  1.25639e-34 -2.80138e-34 -3.13232e-35  3.25144e-35  5.23469e-36  1.41311e-35 -2.80658e-37 -1.21226e-36 -1.19255e-37 -4.29472e-37  3.32075e-38   1.2448e-38 -2.19947e-39  5.39929e-39 -4.85169e-40  8.15656e-41  9.90569e-41  -1.2768e-41 -4.47404e-42
-2.90097e-36  9.68367e-34  3.21359e-35  4.19512e-34 -6.71296e-35 -2.02074e-33 -5.94821e-35 -3.09627e-33 -1.51667e-34  9.75728e-33 -1.94492e-34 -3.45589e-33  -1.0677e-34  2.01798e-33 -2.08866e-34  9.72617e-34  4.15692e-35 -2.52299e-34 -1.09329e-34  4.37545e-34 -3.46098e-35  1.92547e-34 -1.15515e-35  1.82049e-34 -6.29634e-36 -1.94121e-34  1.31411e-35   2.3935e-34  6.36942e-37  -1.9809e-34 -5.68416e-37  1.15505e-34  1.08655e-35 -2.12091e-35 -5.32427e-37  1.34218e-35 -2.50405e-36  7.39063e-36  5.02844e-37 -6.51038e-36  3.54818e-38  1.65543e-34  -6.8115e-37 -7.09278e-34  4.90224e-37  3.22456e-33 -2.98995e-37  -1.3517e-32  5.72277e-38  5.24309e-32 -1.78451e-37 -1.87477e-31   7.4666e-38  6.17611e-31 -4.45285e-37 -1.87231e-30  1.30706e-36  5.21491e-30 -4.11684e-36 -1.33171e-29   1.2449e-35  3.10979e-29  -3.5323e-35 -6.61886e-29  9.39126e-35  1.27877e-28 -2.33817e-34 -2.23122e-28  5.44737e-34  3.49316e-28 -1.18656e-33 -4.86604e-28  2.41388e-33  5.96388e-28 -4.58048e-33 -6.32984e-28  8.09516e-33  5.67911e-28 -1.33016e-32  -4.1316e-28  2.02804e-32  2.22893e-28 -2.86253e-32 -6.51151e-29  3.73072e-32  -1.8863e-29  -4.4762e-32  3.44242e-29  4.92745e-32 -1.75285e-29 -4.95713e-32  1.19503e-30  4.53694e-32  3.53652e-30 -3.75763e-32   -1.744e-30  2.79859e-32 -5.75895e-32 -1.85995e-32  3.09434e-31  1.09253e-32 -6.26146e-32 -5.60199e-33  -2.8163e-32  2.46536e-33  1.04184e-32 -9.08456e-34  1.62325e-33  2.69181e-34 -8.63674e-34 -5.91831e-35  -7.3696e-35  7.57015e-36  3.99907e-35  3.30537e-37   3.0343e-36 -3.99641e-37 -8.85663e-37  8.64383e-38 -7.33751e-38 -7.91397e-39   5.8127e-39 -2.82449e-41  4.47086e-40  4.80364e-41 -1.83282e-42
  6.4273e-35 -1.37941e-35  1.38467e-33  6.66857e-35  5.13288e-34 -1.19203e-34 -7.05435e-34 -7.88818e-35 -3.44712e-33 -1.94492e-34  9.34119e-33 -2.15297e-34 -3.16103e-33 -1.14896e-34  2.18067e-33 -1.65023e-34  1.16842e-33  1.29665e-35 -2.95535e-34 -9.19052e-35  5.03943e-34 -2.38289e-35  3.32073e-34 -3.13709e-36  9.07507e-36 -7.36503e-36 -7.61921e-35   1.6434e-35  1.65037e-34  1.86848e-37 -1.88926e-34 -3.97221e-36  1.51894e-34  1.09157e-35 -2.83223e-35 -1.99055e-36  4.04177e-35 -2.54182e-36  4.49799e-35  5.21671e-37 -3.19077e-34  4.65081e-37  1.82859e-33 -4.75214e-37 -8.53088e-33  7.20563e-37  3.73011e-32 -4.73711e-37 -1.50561e-31   1.3637e-37  5.60705e-31 -3.68623e-37  -1.9247e-30  5.96413e-37  6.08375e-30  -2.2616e-36 -1.76828e-29  7.30387e-36  4.71735e-29 -2.27279e-35 -1.15238e-28  6.67738e-35  2.57017e-28 -1.83957e-34 -5.21436e-28  4.74844e-34  9.57913e-28 -1.14774e-33 -1.58428e-27  2.59557e-33  2.34159e-27 -5.48651e-33 -3.06293e-27  1.08273e-32  3.49873e-27   -1.992e-32 -3.42256e-27  3.41118e-32  2.77833e-27 -5.42687e-32 -1.76281e-27  8.00377e-32  7.47387e-28 -1.09165e-31 -6.28969e-29  1.37316e-31 -1.91137e-28 -1.58796e-31  1.54694e-28  1.68225e-31  -4.3879e-29 -1.62591e-31 -1.49354e-29  1.42694e-31  1.67343e-29 -1.13088e-31 -3.44514e-30  8.04021e-32 -1.90794e-30 -5.08717e-32  1.03769e-30  2.83569e-32  5.22092e-32 -1.37429e-32 -1.30437e-31  5.68577e-33  8.96578e-33 -1.95377e-33  1.01662e-32  5.32149e-34  -1.0047e-33 -1.03924e-34 -5.23041e-34  1.00172e-35  3.73166e-35  1.49727e-36  1.59113e-35 -7.92171e-37 -2.89546e-37  1.44296e-37 -2.03233e-37 -1.22742e-38 -3.52503e-39  2.34969e-40  4.32811e-40  1.54588e-41
 4.27591e-38  2.67176e-35 -3.63855e-35  1.43131e-33  1.04195e-34  5.56024e-34 -1.74445e-34  5.67859e-34 -9.46152e-35 -3.45589e-33 -2.15297e-34  8.80127e-33 -2.11918e-34 -2.66926e-33 -1.17584e-34  2.13164e-33 -1.10977e-34  1.39798e-33 -2.63445e-36 -3.01634e-34 -8.28569e-35  6.05926e-34 -9.72304e-36   4.5681e-34  4.75497e-36 -1.76682e-34 -1.01408e-35  4.26813e-35  1.87363e-35  6.52301e-35  1.85939e-38  -1.7131e-34 -7.97036e-36  1.76483e-34  9.51708e-36 -1.62594e-35 -2.95062e-36 -4.19234e-35 -2.28694e-36  7.46581e-34  6.69178e-37 -4.21202e-33   1.2958e-36  2.10385e-32  -6.9885e-38 -9.56909e-32   1.0293e-36   4.0221e-31 -7.76735e-37 -1.55976e-30  3.92494e-37  5.57766e-30 -1.18184e-36 -1.83765e-29   3.3612e-36  5.57145e-29 -1.17405e-35 -1.55191e-28  3.78493e-35  3.96318e-28 -1.15015e-34 -9.25456e-28  3.28449e-34  1.96955e-27 -8.79405e-34 -3.80446e-27  2.20618e-33  6.63582e-27 -5.18216e-33 -1.03832e-26  1.13865e-32  1.44518e-26 -2.33778e-32 -1.76891e-26   4.4789e-32  1.87362e-26 -7.99512e-32 -1.67542e-26  1.32738e-31   1.2117e-26 -2.04553e-31 -6.45421e-27  2.91916e-31  1.79558e-27 -3.84793e-31  6.43377e-28  4.67138e-31 -1.04965e-27 -5.20569e-31  5.14512e-28  5.30521e-31 -2.24558e-29 -4.92344e-31  -1.1145e-28  4.14046e-31  5.18934e-29 -3.13732e-31  3.10244e-30  2.12738e-31 -9.71008e-30 -1.28027e-31  1.77024e-30  6.76661e-32  9.34119e-31 -3.09768e-32 -3.15148e-31  1.20463e-32 -5.76049e-32 -3.86296e-33  2.68609e-32  9.69736e-34   2.7714e-33 -1.69417e-34 -1.25924e-33  1.22495e-35 -1.13244e-34  3.15183e-36  2.78183e-35 -1.21209e-36  2.63645e-36  1.86138e-37 -1.78684e-37  -1.3303e-38 -1.51602e-38  2.50649e-40  2.74175e-41
-2.42345e-34 -1.25311e-36 -4.05854e-35  -6.8779e-35  1.16041e-33  1.29612e-34  5.85446e-34 -2.15559e-34  1.50443e-33  -1.0677e-34 -3.16103e-33 -2.11918e-34  8.18115e-33 -1.89965e-34 -2.09468e-33 -1.13728e-34  2.00507e-33 -6.05692e-35   1.6936e-33   -4.899e-36 -2.99039e-34 -8.34292e-35  7.31675e-34  5.08187e-36  5.37627e-34  1.12257e-35 -3.74952e-34 -1.46882e-35  1.52296e-34  1.98214e-35 -5.38546e-35  4.74307e-37 -1.43674e-34 -1.20877e-35  1.52466e-34  6.45168e-36  2.32559e-34 -3.05732e-36 -1.54316e-33 -1.68255e-36  9.31151e-33  9.86821e-37  -4.8282e-32   2.6062e-36  2.29324e-31  5.00634e-37 -1.00355e-30  1.45721e-36  4.05245e-30 -1.40173e-36 -1.50937e-29  1.47378e-36  5.18191e-29 -5.05374e-36 -1.63818e-28  1.69146e-35  4.76207e-28 -5.70277e-35 -1.27055e-27  1.79826e-34  3.10396e-27 -5.32502e-34 -6.92289e-27  1.48015e-33  1.40442e-26 -3.85769e-33 -2.57954e-26   9.4207e-33   4.2648e-26 -2.15376e-32 -6.29975e-26  4.60471e-32  8.23265e-26 -9.19497e-32 -9.38987e-26  1.71236e-31    9.163e-26 -2.96893e-31   -7.407e-26  4.78322e-31  4.66126e-26 -7.14502e-31 -1.93335e-26  9.87142e-31  1.13444e-27 -1.25791e-30  5.40811e-27   1.4739e-30 -4.19691e-27 -1.58244e-30  1.11894e-27  1.55072e-30  4.54228e-28 -1.38092e-30 -4.63856e-28  1.11181e-30  8.67083e-29 -8.04586e-31  5.66233e-29  5.19718e-31 -2.85255e-29 -2.97111e-31 -2.10297e-30  1.48709e-31  3.73251e-30 -6.42351e-32 -1.93515e-31   2.3462e-32 -2.99312e-31 -7.02057e-33  2.48993e-32  1.62658e-33  1.56817e-32 -2.55669e-34 -9.10576e-34  1.39512e-35 -4.80639e-34  4.98457e-36  4.56256e-36 -1.53197e-36  6.09666e-36  1.94755e-37  1.32493e-37 -1.08035e-38 -1.25188e-38  1.28638e-40
 4.77452e-36 -4.43797e-34  -2.5743e-36 -7.11996e-35 -1.03634e-34  7.53507e-34  1.32372e-34   6.5946e-34  -2.2829e-34  2.01798e-33 -1.14896e-34 -2.66926e-33 -1.89965e-34  7.57836e-33 -1.59091e-34 -1.51173e-33 -1.03603e-34  1.89802e-33 -2.25418e-35  2.07234e-33  2.83723e-36 -3.17272e-34 -9.07843e-35  8.45117e-34  1.92597e-35  5.52582e-34  1.63087e-35 -5.74489e-34 -2.08846e-35   2.4517e-34   1.9496e-35 -1.88556e-34  2.13725e-36 -5.12155e-35 -1.57375e-35 -3.31961e-34  1.69267e-36  3.29186e-33  -2.2105e-36 -1.92721e-32 -6.56183e-37  1.04113e-31   1.4887e-36 -5.14915e-31  4.43074e-36  2.34686e-30  1.11834e-36 -9.86753e-30  2.18508e-36  3.82747e-29 -3.11559e-36 -1.36896e-28  6.23974e-36  4.51114e-28 -2.24103e-35 -1.36796e-27  7.68267e-35  3.81105e-27 -2.52105e-34 -9.73389e-27  7.76082e-34  2.27323e-26 -2.24303e-33  -4.8381e-26  6.08439e-33  9.34506e-26 -1.54769e-32 -1.62971e-25  3.68859e-32  2.54914e-25 -8.22788e-32 -3.54572e-25  1.71562e-31  4.33537e-25 -3.33909e-31 -4.58386e-25  6.05593e-31  4.08662e-25 -1.02154e-30 -2.93915e-25  1.59929e-30  1.54622e-25 -2.31826e-30 -4.08616e-26   3.1032e-30 -1.77539e-26 -3.82462e-30  2.64232e-26   4.3259e-30 -1.24901e-26 -4.47396e-30  2.36228e-28  4.21375e-30  2.89393e-27 -3.59767e-30  -1.2768e-27   2.7701e-30 -1.10997e-28 -1.91202e-30   2.5161e-28  1.17474e-30 -4.12107e-29 -6.36921e-31 -2.54415e-29  3.01404e-31  7.88155e-30 -1.22661e-31  1.66158e-30  4.20273e-32 -6.91005e-31 -1.17253e-32 -8.37371e-32  2.50764e-33  3.28151e-32 -3.55877e-34  3.41477e-33  1.48564e-35  -7.2422e-34  6.51554e-36 -7.69994e-35 -1.63818e-36  4.45947e-36  1.66826e-37  4.30998e-37 -6.45063e-39 -6.53219e-41
 1.41655e-34  1.18622e-35 -5.43452e-34 -3.95133e-36 -2.59116e-35 -1.31721e-34  3.61473e-34  1.12248e-34  7.96458e-34 -2.08866e-34  2.18067e-33 -1.17584e-34 -2.09468e-33 -1.59091e-34  7.12743e-33 -1.29022e-34 -9.44245e-34 -8.86565e-35  1.86318e-33  6.61184e-37  2.51804e-33  1.51624e-35 -3.85613e-34 -1.00058e-34  9.04106e-34   3.2654e-35  5.01925e-34  2.03062e-35 -7.52128e-34 -2.82831e-35  3.28409e-34  1.77112e-35 -4.27456e-34  5.61662e-36  8.31035e-34 -1.82745e-35 -6.04828e-33 -4.57351e-36  3.77801e-32  -6.4995e-37 -2.11068e-31  8.89358e-37  1.08694e-30  2.16234e-36 -5.15858e-30   6.7695e-36   2.2584e-29  1.50544e-36 -9.12192e-29  3.90678e-36  3.39835e-28 -8.74509e-36 -1.16699e-27  2.52998e-35  3.69013e-27 -9.09749e-35 -1.07295e-26  3.09083e-34   2.8633e-26 -9.92752e-34 -6.99642e-26  2.99538e-33  1.56067e-25  -8.4886e-33 -3.16633e-25  2.25798e-32  5.81561e-25 -5.63216e-32 -9.61349e-25  1.31588e-31  1.41952e-24 -2.87591e-31 -1.85375e-24   5.8709e-31   2.1117e-24 -1.11755e-30 -2.05627e-24  1.97991e-30  1.65582e-24 -3.25777e-30 -1.03392e-24  4.96683e-30  4.19542e-25 -6.99849e-30 -1.36106e-26  9.08789e-30 -1.27758e-25 -1.08416e-29  9.54515e-26  1.18414e-29 -2.38868e-26 -1.17959e-29 -1.14177e-26  1.06721e-29  1.07739e-26  -8.7281e-30 -1.82027e-27  6.41867e-30 -1.39962e-27 -4.21889e-30  6.57873e-28  2.46092e-30  6.38114e-29 -1.26294e-30 -8.94845e-29   5.6395e-31  3.21264e-30 -2.15835e-31  7.37577e-30  6.92584e-32 -5.08177e-31 -1.79912e-32 -3.93516e-31  3.54853e-33  1.81691e-32 -4.55207e-34  1.21504e-32  1.47683e-35  -1.8904e-35  7.28201e-36 -1.53108e-34 -1.49068e-36 -4.01867e-36  1.15283e-37  3.06422e-37 -2.50146e-39
 -2.8418e-36  2.96986e-34  1.71701e-35 -5.22467e-34 -7.69722e-36  8.50833e-35 -1.45965e-34  5.70599e-35  7.79742e-35  9.72617e-34 -1.65023e-34  2.13164e-33 -1.13728e-34 -1.51173e-33 -1.29022e-34  6.95371e-33 -1.07066e-34 -3.89672e-34 -7.05714e-35   1.9084e-33  1.14057e-35  2.98625e-33  2.61827e-35 -5.24057e-34 -1.06898e-34  8.79649e-34  4.54497e-35  4.18129e-34   2.3306e-35 -8.96114e-34 -3.61516e-35  5.63415e-34  1.47912e-35 -1.98274e-33  1.12716e-35  1.08418e-32 -1.90833e-35 -6.91336e-32 -1.19611e-35  4.03312e-31  1.06694e-36 -2.16196e-30  3.06691e-36  1.06845e-29    2.977e-36 -4.87047e-29  9.62246e-36   2.0484e-28  1.08648e-36 -7.94763e-28  8.51046e-36   2.8434e-27 -2.58733e-35 -9.37256e-27  8.70901e-35  2.84296e-26 -3.11517e-34 -7.92254e-26  1.05064e-33  2.02406e-25 -3.34138e-33 -4.72807e-25  9.99065e-33  1.00647e-24 -2.80598e-32 -1.94428e-24  7.39443e-32  3.39072e-24 -1.82585e-31 -5.30284e-24  4.21821e-31  7.37298e-24 -9.10311e-31 -9.00767e-24  1.83183e-30  9.50997e-24 -3.43068e-30  -8.4558e-24  5.96718e-30  6.05029e-24 -9.61748e-30 -3.14491e-24  1.43277e-29  7.87527e-25 -1.96757e-29   4.0878e-25  2.48331e-29 -5.63608e-25 -2.87115e-29  2.57378e-25  3.03005e-29  1.52275e-27 -2.90737e-29 -6.35692e-26  2.52538e-29   2.6668e-26 -1.97628e-29  3.04873e-27  1.38597e-29 -5.52645e-27 -8.65813e-30  8.10645e-28  4.78424e-30   5.8474e-28 -2.31856e-30 -1.67367e-28  9.74696e-31 -4.01351e-29 -3.50071e-31  1.51005e-29  1.05008e-31   2.1027e-30 -2.53546e-32 -7.26888e-31  4.60382e-33 -8.58099e-32 -5.33157e-34  1.60102e-32   1.3599e-35   1.8943e-33  7.04858e-36 -9.40229e-35 -1.14648e-36 -1.03989e-35  6.13186e-38 -1.33474e-38
-6.47114e-35 -8.82666e-36  4.58664e-34   1.5884e-35 -4.23394e-34  -1.5745e-35  2.16061e-34 -1.44118e-34 -1.43279e-34  4.15692e-35  1.16842e-33 -1.10977e-34  2.00507e-33 -1.03603e-34 -9.44245e-34 -1.07066e-34  7.13477e-33 -9.72004e-35  1.45379e-34  -5.0668e-35  2.00073e-33  1.42692e-35  3.41999e-33  3.09742e-35 -7.30523e-34 -1.09306e-34  7.65919e-34  5.72649e-35  3.87846e-34  2.50814e-35   -1.228e-33 -4.36611e-35  2.88538e-33   1.1632e-35 -1.86065e-32  1.90026e-35   1.1968e-31 -1.77176e-35 -7.26748e-31 -1.99295e-35  4.05987e-30  2.19334e-36 -2.08959e-29  5.96837e-36  9.91855e-29  3.95376e-36  -4.3435e-28  1.27703e-35  1.75493e-27 -6.74012e-38 -6.54004e-27  1.56239e-35  2.24658e-26 -5.49427e-35 -7.10632e-26   2.0078e-34  2.06695e-25 -7.44525e-34 -5.51778e-25  2.59833e-33  1.34869e-24 -8.52146e-33 -3.00937e-24  2.61835e-32  6.10699e-24 -7.52521e-32 -1.12186e-23   2.0198e-31  1.85456e-23 -5.05521e-31 -2.73801e-23  1.17805e-30  3.57392e-23  -2.5522e-30 -4.06739e-23  5.13206e-30  3.95351e-23 -9.56164e-30 -3.17263e-23   1.6474e-29  1.96656e-23  -2.6192e-29 -7.80865e-24   3.8336e-29  4.35402e-26 -5.15193e-29  2.57713e-24  6.33844e-29 -1.86067e-24 -7.11586e-29  4.36558e-25  7.26339e-29  2.43184e-25 -6.71413e-29 -2.14432e-25    5.596e-29  3.25881e-26 -4.18519e-29  2.94881e-26  2.79384e-29 -1.30185e-26 -1.65492e-29 -1.56273e-27  8.63969e-30  1.83862e-27 -3.94291e-30 -3.84409e-29  1.55635e-30 -1.55635e-28 -5.23343e-31  8.69829e-30  1.46456e-31  8.45395e-30 -3.28059e-32 -3.00093e-31  5.47007e-33 -2.63028e-31 -5.69802e-34 -1.51988e-33  1.14444e-35   3.3005e-33  5.91728e-36  1.00942e-34 -7.29274e-37 -6.44817e-36  2.19372e-38
 1.68858e-36 -1.62828e-34 -1.58145e-35   5.9445e-34  7.08718e-36 -2.98176e-34  -2.6645e-35  3.21735e-34 -1.29464e-34 -2.52299e-34  1.29665e-35  1.39798e-33 -6.05692e-35  1.89802e-33 -8.86565e-35 -3.89672e-34 -9.72004e-35  7.68404e-33 -1.00234e-34  6.25073e-34 -3.01189e-35  2.08089e-33  1.36508e-35  3.76365e-33  2.67542e-35 -9.71637e-34 -1.08154e-34  5.47984e-34   6.6692e-35  8.37502e-34  2.53196e-35 -4.62547e-33 -5.01145e-35  2.87496e-32  9.72882e-36 -1.96214e-31  2.81799e-35  1.23844e-30  -1.4073e-35 -7.20971e-30 -2.78559e-35  3.86571e-29  2.01671e-36 -1.91087e-28  9.46523e-36  8.71323e-28  5.96682e-36 -3.66579e-27  1.23867e-35   1.4228e-26  1.23841e-35 -5.09222e-26 -2.78386e-35  1.67917e-25  8.40424e-35  -5.0954e-25  -1.9407e-34  1.42052e-24  2.02696e-34 -3.63059e-24  8.58564e-34  8.48409e-24 -7.16243e-33 -1.80665e-23  3.30372e-32  3.49111e-23 -1.20605e-31 -6.08958e-23   3.7831e-31  9.52428e-23 -1.05273e-30 -1.32403e-22  2.63892e-30  1.61673e-22 -6.00761e-30 -1.70494e-22  1.24751e-29   1.5125e-22 -2.36815e-29 -1.07718e-22  4.11272e-29  5.53516e-23 -6.53275e-29 -1.31042e-23  9.48103e-29 -8.03091e-24 -1.25507e-28  1.03835e-23  1.51196e-28 -4.58983e-24 -1.65289e-28 -1.40846e-25  1.63432e-28  1.20452e-24 -1.45599e-28 -4.82158e-25  1.16373e-28 -6.83455e-26 -8.30569e-29  1.04907e-25  5.26606e-29  -1.3738e-26 -2.94944e-29 -1.15721e-26   1.4501e-29  3.07858e-27 -6.21147e-30  8.29783e-28  2.29514e-30 -2.85953e-28 -7.20796e-31 -4.49478e-29  1.87822e-31  1.39577e-29 -3.89529e-32  1.84079e-30    5.945e-33 -3.06733e-31 -5.53575e-34 -4.00949e-32  8.63854e-36  1.71117e-33  4.27169e-36  2.16853e-34 -3.65032e-37   5.5875e-37
 9.65774e-36  3.33735e-36 -2.78367e-34 -2.03496e-35  6.72869e-34 -5.43332e-36 -1.76169e-34 -3.59076e-35  3.88315e-34 -1.09329e-34 -2.95535e-34 -2.63445e-36   1.6936e-33 -2.25418e-35  1.86318e-33 -7.05714e-35  1.45379e-34 -1.00234e-34  8.55354e-33 -1.14554e-34  9.90835e-34 -1.05914e-35  2.08909e-33  1.22972e-35   3.9679e-33  1.35866e-35 -1.14742e-33 -1.06397e-34 -2.11604e-34  7.15399e-35  5.90974e-33  2.39927e-35 -4.27539e-32 -5.50919e-35   3.0295e-31  1.09499e-35 -1.99877e-30  3.77067e-35  1.21274e-29 -8.54388e-36 -6.77529e-29 -3.51752e-35  3.48829e-28  3.65837e-37 -1.65631e-27  1.16923e-35  7.25589e-27  1.74237e-35 -2.93277e-26  -2.6722e-35  1.09339e-25  1.74406e-34 -3.75754e-25 -6.13152e-34   1.1891e-24   2.0373e-33 -3.46022e-24 -6.20844e-33  9.24146e-24  1.72044e-32 -2.25991e-23  -4.3026e-32  5.04487e-23  9.52748e-32 -1.02419e-22 -1.79606e-31  1.88212e-22  2.59103e-31 -3.11216e-22 -1.58438e-31  4.59511e-22 -6.31643e-31 -5.99692e-22  3.26779e-30  6.82064e-22 -9.91801e-30 -6.62022e-22  2.39484e-29  5.29676e-22 -4.95376e-29 -3.26106e-22  9.03245e-29  1.26763e-22 -1.47084e-28  2.75522e-24  2.15225e-28 -4.51492e-23 -2.83712e-28  3.16127e-23  3.37007e-28 -6.94872e-24 -3.60285e-28 -4.47124e-24  3.45849e-28  3.71937e-24 -2.97146e-28  -5.0606e-25  2.27618e-28 -5.38875e-25 -1.54761e-28  2.24867e-25  9.29463e-29  3.20829e-26 -4.90533e-29  -3.2938e-26  2.26237e-29  2.27736e-28    -9.06e-30  2.86092e-27  3.12308e-30 -1.26234e-28 -9.13743e-31 -1.58185e-28  2.21325e-31  4.10144e-30 -4.24161e-32  4.96326e-30   5.9011e-33  6.20934e-32 -4.86643e-34 -6.21502e-32  5.70789e-36  -2.1567e-33  2.59289e-36  1.18651e-34 -1.25577e-37
 1.54651e-36  3.81924e-35  3.79641e-36 -3.77408e-34 -2.06308e-35  6.76874e-34 -1.59689e-35 -6.04128e-35 -3.91135e-35  4.37545e-34 -9.19052e-35 -3.01634e-34   -4.899e-36  2.07234e-33  6.61184e-37   1.9084e-33  -5.0668e-35  6.25073e-34 -1.14554e-34  9.64999e-33 -1.37158e-34  1.18585e-33  5.36935e-36  1.99675e-33  1.09163e-35  3.94284e-33 -5.53778e-36 -5.98189e-34 -1.07485e-34 -6.92399e-33  6.96671e-35  5.98966e-32  2.16674e-35 -4.43955e-31 -5.84347e-35  3.05676e-30  1.70673e-35 -1.93474e-29  4.61712e-35  1.12654e-28 -2.04031e-36 -6.04214e-28 -4.19157e-35  2.98778e-27  2.31289e-38  -1.3629e-26 -1.43225e-36  5.73632e-26  9.93437e-35 -2.22742e-25 -3.51839e-34  7.97565e-25  1.41776e-33 -2.63128e-24 -5.00972e-33  7.98864e-24  1.64724e-32 -2.22829e-23 -5.01828e-32  5.69817e-23  1.41251e-31 -1.33229e-22 -3.66237e-31  2.83853e-22  8.70291e-31 -5.48776e-22 -1.88073e-30  9.57639e-22  3.64945e-30 -1.49823e-21  -6.2137e-30  2.08301e-21  8.83306e-30 -2.54295e-21 -9.03569e-30  2.67958e-21  1.49145e-30 -2.37276e-21  2.25673e-29  1.68287e-21 -7.41931e-29 -8.55447e-22  1.62807e-28  1.91093e-22 -2.89819e-28  1.36915e-22  4.42417e-28 -1.67675e-22 -5.92048e-28  7.18979e-23   7.0121e-28  3.96715e-24 -7.37725e-28 -1.99838e-23  6.89707e-28  7.66105e-24 -5.72056e-28  1.29423e-24  4.19676e-28 -1.74705e-24 -2.71271e-28   2.0371e-25  1.53819e-28  2.00266e-25 -7.61707e-29 -4.98243e-26  3.27964e-29 -1.49301e-26 -1.22208e-29  4.76555e-27  3.91494e-30  8.32915e-28 -1.06457e-30 -2.35952e-28  2.39389e-31 -3.43188e-29 -4.23168e-32  5.17568e-30  5.33799e-33  7.41829e-31 -3.84665e-34 -2.73169e-32  3.19914e-36 -3.96954e-33  1.25811e-36 -1.48654e-35
-2.92888e-36  3.49695e-36  8.95988e-35  2.71492e-36 -4.38773e-34 -1.74569e-35  6.10378e-34  -2.0474e-35  5.97861e-35 -3.46098e-35  5.03943e-34 -8.28569e-35 -2.99039e-34  2.83723e-36  2.51804e-33  1.14057e-35  2.00073e-33 -3.01189e-35  9.90835e-34 -1.37158e-34  1.08615e-32  -1.6471e-34  1.17547e-33   1.4614e-35  1.88177e-33  8.69418e-36  2.94408e-33 -2.52999e-35  7.60452e-33 -1.13727e-34 -7.82489e-32  5.99992e-35  6.17844e-31  1.96072e-35 -4.43731e-30  -6.0074e-35  2.93046e-29  2.91664e-35 -1.77903e-28  5.19788e-35  9.94239e-28   4.6118e-36 -5.12081e-27 -5.17479e-35  2.43247e-26  2.10794e-35 -1.06607e-25   -1.199e-34    4.311e-25  6.29746e-34 -1.60803e-24 -2.44464e-33  5.52908e-24  9.15161e-33  -1.7507e-23 -3.16131e-32  5.09741e-23  1.01636e-31 -1.36223e-22 -3.03716e-31  3.33326e-22  8.42238e-31 -7.44554e-22 -2.16312e-30  1.51249e-21  5.13043e-30 -2.78101e-21  -1.1192e-29  4.60076e-21  2.23271e-29 -6.79542e-21 -4.03787e-29  8.86953e-21  6.52759e-29  -1.0085e-20 -9.19452e-29   9.7787e-21  1.06695e-28 -7.80439e-21   -8.544e-29  4.77564e-21 -2.67186e-30  -1.8186e-21  1.83658e-28 -8.95449e-23 -4.61025e-28   6.9607e-22  8.00525e-28 -4.74278e-22 -1.12961e-27   9.7657e-23  1.35906e-27  7.19932e-23 -1.42039e-27 -5.69706e-23  1.29903e-27  6.91085e-24  -1.0415e-27   8.6587e-24  7.31166e-28 -3.43651e-24 -4.48161e-28 -5.65789e-25  2.38963e-28  5.21458e-25  -1.1045e-28  3.12296e-27  4.41312e-29 -4.64375e-26  -1.5213e-29  1.55997e-27  4.50965e-30  2.61332e-27 -1.13745e-30 -4.55114e-29  2.37334e-31 -8.27749e-29 -3.86245e-32 -1.54136e-30  4.38509e-33  1.03646e-30 -2.70852e-34  3.99813e-32  1.45995e-36 -1.93658e-33  4.25537e-37
  4.2654e-37 -1.56379e-35  5.19129e-36  1.56001e-34  1.15461e-36 -4.57996e-34 -1.30073e-35  4.92282e-34 -1.83061e-35  1.92547e-34 -2.38289e-35  6.05926e-34 -8.34292e-35 -3.17272e-34  1.51624e-35  2.98625e-33  1.42692e-35  2.08089e-33 -1.05914e-35  1.18585e-33  -1.6471e-34  1.20953e-32 -1.94374e-34  8.93465e-34  1.41866e-35  2.63072e-33  4.32418e-36 -7.29855e-33 -3.92353e-35  9.72858e-32 -1.25233e-34 -8.13248e-31  4.32364e-35  6.12065e-30  1.96125e-35  -4.2184e-29 -5.98109e-35    2.671e-28  4.72098e-35 -1.55584e-27   5.2976e-35    8.348e-27  1.43876e-35 -4.12978e-26 -8.95601e-35  1.88471e-25  1.81879e-34 -7.93651e-25 -8.57601e-34   3.0834e-24  3.69715e-33 -1.10469e-23 -1.42217e-32  3.64674e-23  5.13511e-32 -1.10787e-22 -1.72574e-31  3.09225e-22  5.40366e-31 -7.91295e-22 -1.57515e-30  1.85143e-21  4.26922e-30  -3.9474e-21 -1.07417e-29  7.63683e-21   2.5035e-29 -1.33353e-20 -5.38908e-29  2.08748e-20  1.06727e-28 -2.90341e-20  -1.9341e-28  3.54491e-20  3.18224e-28 -3.73392e-20  -4.6969e-28  3.30186e-20  6.09265e-28 -2.33357e-20 -6.66774e-28  1.17442e-20  5.52951e-28 -2.47189e-21 -1.94617e-28 -2.05235e-21 -4.16474e-28  2.40104e-21  1.18768e-27 -1.00113e-21 -1.93416e-27 -7.91894e-23  2.44417e-27  2.93745e-22 -2.57395e-27 -1.08279e-22  2.31647e-27   -2.117e-23 -1.79823e-27   2.5829e-23  1.20676e-27 -2.67793e-24 -6.99211e-28 -3.06794e-24  3.48856e-28  7.18549e-25 -1.49517e-28  2.36854e-25  5.50204e-29  -7.0772e-26 -1.74208e-29   -1.357e-26  4.75582e-30  3.55592e-27 -1.11127e-30  5.63765e-28  2.15268e-31 -7.79321e-29 -3.21789e-32 -1.21505e-29  3.25287e-33  3.87796e-31 -1.67391e-34  6.45868e-32  5.14866e-37  3.09599e-34
-3.76878e-36  9.21819e-37 -4.06662e-35   5.9975e-36  2.22264e-34  6.52312e-37 -4.38313e-34 -9.18311e-36  3.44537e-34 -1.15515e-35  3.32073e-34 -9.72304e-36  7.31675e-34 -9.07843e-35 -3.85613e-34  2.61827e-35  3.41999e-33  1.36508e-35  2.08909e-33  5.36935e-36  1.17547e-33 -1.94374e-34  1.33753e-32 -2.24275e-34 -5.29934e-34  2.17061e-36  1.37429e-32 -2.91741e-36 -1.14973e-31 -4.12662e-35  1.01789e-30 -1.39769e-34 -8.02065e-30   2.1897e-35  5.77598e-29   2.3654e-35 -3.81586e-28 -5.72663e-35  2.31742e-27  7.04575e-35 -1.29566e-26  4.29189e-35  6.67629e-26  5.41017e-35 -3.17289e-25 -2.95566e-34   1.3913e-24   1.1176e-33 -5.62934e-24  -4.8881e-33  2.10105e-23  1.98094e-32 -7.22894e-23 -7.42132e-32   2.2905e-22  2.59813e-31 -6.67391e-22 -8.48366e-31  1.78488e-21  2.58323e-30 -4.37086e-21 -7.32941e-30  9.77107e-21  1.93568e-29  -1.9865e-20 -4.75148e-29  3.65546e-20  1.08201e-28 -6.05187e-20 -2.28024e-28  8.94442e-20  4.43291e-28 -1.16796e-19 -7.91656e-28  1.32814e-19  1.29137e-27 -1.28708e-19 -1.90868e-27  1.02525e-19  2.52514e-27 -6.24015e-20 -2.92995e-27  2.33029e-20  2.86546e-27  1.78499e-21 -2.13368e-27 -9.54356e-21  7.27347e-28  6.34948e-21  1.09315e-27 -1.22576e-21 -2.85293e-27 -1.02676e-21  4.05178e-27   7.7883e-22 -4.39498e-27 -8.39848e-23  3.92257e-27 -1.23672e-22 -2.95355e-27  4.69806e-23  1.89191e-27  8.71883e-24 -1.03225e-27  -7.3752e-24  4.78987e-28 -1.30376e-25 -1.88803e-28  6.72849e-25  6.33697e-29  -1.6367e-26 -1.82615e-29 -3.85399e-26  4.56711e-30  3.83798e-28 -9.88834e-31  1.23376e-27  1.78166e-31  2.97065e-29 -2.43742e-32 -1.54804e-29  2.15837e-33 -6.52741e-31 -8.85221e-35  2.83749e-32  1.29601e-37
-1.67593e-37 -9.23042e-36   1.5523e-36 -7.52477e-35  5.78674e-36  2.74057e-34  2.06794e-36 -3.83997e-34 -6.89052e-36  1.82049e-34 -3.13709e-36   4.5681e-34  5.08187e-36  8.45117e-34 -1.00058e-34 -5.24057e-34  3.09742e-35  3.76365e-33  1.22972e-35  1.99675e-33   1.4614e-35  8.93465e-34 -2.24275e-34  1.56458e-32 -2.53612e-34 -1.32442e-32 -2.18649e-35  1.35432e-31 -1.24728e-35 -1.21172e-30 -2.72547e-35  9.99934e-30 -1.53467e-34 -7.52658e-29 -3.50739e-37  5.19107e-28  3.34937e-35 -3.28813e-27 -5.25789e-35  1.91613e-26   1.0146e-34  -1.0286e-25 -8.65143e-36  5.09106e-25   2.7564e-34 -2.32468e-24  -1.3893e-33    9.795e-24  5.97131e-33 -3.80786e-23 -2.50124e-32  1.36517e-22  9.76348e-32 -4.50988e-22 -3.55132e-31  1.37114e-21   1.2066e-30  -3.8302e-21 -3.82694e-30   9.8097e-21  1.13257e-29 -2.29725e-20 -3.12519e-29  4.90236e-20  8.03197e-29 -9.49302e-20    -1.92e-28  1.65913e-19  4.26127e-28 -2.59936e-19 -8.76101e-28  3.61795e-19   1.6638e-27 -4.41945e-19 -2.90799e-27  4.65526e-19  4.65538e-27 -4.11312e-19 -6.78268e-27  2.89868e-19  8.91238e-27 -1.44575e-19 -1.04173e-26  2.86545e-20   1.0582e-26  2.73336e-20 -8.91502e-27 -3.07757e-20   5.4796e-27  1.25122e-20 -1.02725e-27  1.27736e-21 -3.22552e-27 -3.86224e-21  6.11939e-27  1.37496e-21 -7.08183e-27  3.03863e-22  6.32957e-27 -3.42303e-22 -4.63051e-27   3.1585e-23  2.82528e-27  4.20162e-23 -1.44472e-27 -9.33279e-24  6.18894e-28 -3.34782e-24 -2.22053e-28  9.46309e-25  6.71191e-29   1.9656e-25 -1.73936e-29 -4.82775e-26  3.96269e-30 -8.24973e-27  -7.9713e-31  1.05874e-27  1.34035e-31  1.78006e-28 -1.66718e-32  -4.9584e-30  1.26055e-33 -9.43665e-31 -3.80907e-35 -5.39999e-33
