    0.132777  2.12384e-17   -0.0572194  2.14601e-19    -0.049859 -2.22328e-18   0.00557259 -1.58693e-17    0.0154774 -1.06111e-18   0.00397898  2.15038e-18  -0.00217255  9.94028e-19  -0.00167814  2.93504e-19 -0.000336273  7.71417e-20  3.04473e-05  6.22049e-21  1.26711e-05
 2.12384e-17     0.170408 -1.37716e-17    -0.018132  2.57674e-17   -0.0464677  9.29979e-18  -0.00793934 -1.17289e-17    0.0134118 -5.93685e-18   0.00738675 -3.16773e-19  -0.00081033  1.06473e-18  -0.00199235  7.93342e-19 -0.000708195  2.37024e-19 -8.56229e-05  3.53978e-20
  -0.0572194 -1.37716e-17    0.0698636 -1.32623e-18    0.0109808  2.29422e-17   -0.0350682  1.52219e-17    -0.011999 -4.95763e-18    0.0106842 -7.86107e-18   0.00865537 -2.78384e-18  0.000704284  3.46368e-19  -0.00158738  6.97345e-19  -0.00072716  2.14746e-19 -9.16061e-05
 2.14601e-19    -0.018132 -1.32623e-18    0.0557637 -2.42968e-17   0.00421029  2.07938e-17   -0.0302696  1.86714e-17   -0.0131242  -9.8712e-19   0.00843648 -7.45725e-18   0.00930901 -4.29606e-18   0.00230867 -7.59865e-19 -0.000620611  9.03595e-20 -0.000369423  5.07458e-20
   -0.049859  2.57674e-17    0.0109808 -2.42968e-17    0.0447572 -2.73364e-17   0.00622994  1.59434e-17   -0.0269395  1.90542e-17    -0.014911   2.4784e-18   0.00601875 -5.79215e-18   0.00940489 -4.86626e-18   0.00378945 -1.78096e-18  0.000491677 -4.63421e-19 -1.49139e-05
-2.22328e-18   -0.0464677  2.29422e-17   0.00421029 -2.73364e-17    0.0399794 -2.45565e-17    0.0074743  1.06669e-17   -0.0245278  1.73515e-17   -0.0163514  5.28228e-18   0.00330893 -3.77296e-18   0.00865803 -4.42219e-18   0.00441061 -2.05645e-18  0.000926053 -4.30506e-19
  0.00557259  9.29979e-18   -0.0350682  2.07938e-17   0.00622994 -2.45565e-17    0.0360346 -2.07239e-17   0.00797829  7.11764e-18   -0.0225589  1.55774e-17   -0.0178746   7.4058e-18  2.16058e-05 -1.34376e-18   0.00637479 -2.64187e-18    0.0033353 -1.29174e-18  0.000504041
-1.58693e-17  -0.00793934  1.52219e-17   -0.0302696  1.59434e-17    0.0074743 -2.07239e-17    0.0337452 -1.82369e-17   0.00893457  4.53118e-18   -0.0208797  1.44174e-17    -0.019572  9.22935e-18  -0.00436586   2.1174e-18   0.00224747  5.70677e-20   0.00121257 -2.80982e-19
   0.0154774 -1.17289e-17    -0.011999  1.86714e-17   -0.0269395  1.06669e-17   0.00797829 -1.82369e-17     0.032494 -1.66752e-17    0.0101018  2.45303e-18   -0.0192551  1.37861e-17   -0.0216353  1.13492e-17  -0.00942181  5.97614e-18  -0.00175918   1.7482e-18 -8.71211e-05
-1.06111e-18    0.0134118 -4.95763e-18   -0.0131242  1.90542e-17   -0.0245278  7.11764e-18   0.00893457 -1.66752e-17    0.0320449 -1.59835e-17    0.0116413  1.00678e-18   -0.0176426  1.34535e-17   -0.0230098  1.28894e-17   -0.0120245  7.45397e-18  -0.00286224  1.34488e-18
  0.00397898 -5.93685e-18    0.0106842  -9.8712e-19    -0.014911  1.73515e-17   -0.0225589  4.53118e-18    0.0101018 -1.59835e-17    0.0323614 -1.62666e-17     0.013525 -2.14638e-19   -0.0146802  1.13185e-17   -0.0199971  1.09435e-17  -0.00933078  5.00426e-18  -0.00141797
 2.15038e-18   0.00738675 -7.86107e-18   0.00843648   2.4784e-18   -0.0163514  1.55774e-17   -0.0208797  2.45303e-18    0.0116413 -1.62666e-17    0.0332617 -1.73961e-17      0.01703  -3.8753e-18  -0.00669127  3.99067e-18   -0.0106642  5.04653e-18  -0.00374851  1.52403e-18
 -0.00217255 -3.16773e-19   0.00865537 -7.45725e-18   0.00601875  5.28228e-18   -0.0178746  1.44174e-17   -0.0192551  1.00678e-18     0.013525 -1.73961e-17    0.0359084 -2.09411e-17    0.0254858 -1.37755e-17   0.00686564 -6.97588e-18 -0.000200308 -5.00398e-19 -0.000241802
 9.94028e-19  -0.00081033 -2.78384e-18   0.00930901 -5.79215e-18   0.00330893   7.4058e-18    -0.019572  1.37861e-17   -0.0176426 -2.14638e-19      0.01703 -2.09411e-17    0.0434248 -3.02557e-17    0.0382189 -2.78283e-17    0.0182063 -1.35595e-17   0.00433094 -1.73303e-18
 -0.00167814  1.06473e-18  0.000704284 -4.29606e-18   0.00940489 -3.77296e-18  2.16058e-05  9.22935e-18   -0.0216353  1.34535e-17   -0.0146802  -3.8753e-18    0.0254858 -3.02557e-17    0.0546548 -4.40102e-17    0.0457152 -3.54405e-17    0.0190583 -1.14324e-17   0.00284897
 2.93504e-19  -0.00199235  3.46368e-19   0.00230867 -4.86626e-18   0.00865803 -1.34376e-18  -0.00436586  1.13492e-17   -0.0230098  1.13185e-17  -0.00669127 -1.37755e-17    0.0382189 -4.40102e-17    0.0594891 -5.18469e-17    0.0393551 -2.91771e-17    0.0114021 -4.89261e-18
-0.000336273  7.93342e-19  -0.00158738 -7.59865e-19   0.00378945 -4.42219e-18   0.00637479   2.1174e-18  -0.00942181  1.28894e-17   -0.0199971  3.99067e-18   0.00686564 -2.78283e-17    0.0457152 -5.18469e-17    0.0492921 -4.39921e-17    0.0232663 -1.52167e-17   0.00369242
 7.71417e-20 -0.000708195  6.97345e-19 -0.000620611 -1.78096e-18   0.00441061 -2.64187e-18   0.00224747  5.97614e-18   -0.0120245  1.09435e-17   -0.0106642 -6.97588e-18    0.0182063 -3.54405e-17    0.0393551 -4.39921e-17    0.0291074 -2.49272e-17   0.00888568    -4.35e-18
 3.04473e-05  2.37024e-19  -0.00072716  9.03595e-20  0.000491677 -2.05645e-18    0.0033353  5.70677e-20  -0.00175918  7.45397e-18  -0.00933078  5.04653e-18 -0.000200308 -1.35595e-17    0.0190583 -2.91771e-17    0.0232663 -2.49272e-17    0.0115494 -8.66702e-18    0.0018755
 6.22049e-21 -8.56229e-05  2.14746e-19 -0.000369423 -4.63421e-19  0.000926053 -1.29174e-18   0.00121257   1.7482e-18  -0.00286224  5.00426e-18  -0.00374851 -5.00398e-19   0.00433094 -1.14324e-17    0.0114021 -1.52167e-17   0.00888568 -8.66702e-18   0.00277608 -1.52689e-18
 1.26711e-05  3.53978e-20 -9.16061e-05  5.07458e-20 -1.49139e-05 -4.30506e-19  0.000504041 -2.80982e-19 -8.71211e-05  1.34488e-18  -0.00141797  1.52403e-18 -0.000241802 -1.73303e-18   0.00284897 -4.89261e-18   0.00369242    -4.35e-18    0.0018755 -1.52689e-18  0.000307778
