 7.38113e-09  1.41626e-22 -1.02728e-07 -3.09723e-21  5.04465e-07  1.98069e-20 -1.30665e-06 -6.97751e-20  1.94136e-06  1.57077e-19 -1.55241e-06 -2.25458e-19  3.82474e-07  1.58674e-19  3.09343e-07  1.09939e-19 -1.45676e-07 -4.73632e-19  -8.6756e-08  7.03369e-19  2.65564e-08 -6.55052e-19  2.83978e-08  3.93417e-19  2.04127e-09 -1.10891e-19 -6.09004e-09 -4.25222e-20 -2.99754e-09   5.5589e-20 -2.42251e-12 -1.48058e-20  6.41385e-10 -7.22281e-21  3.29695e-10  4.40911e-21  5.02137e-11  9.11568e-22 -3.40536e-11 -8.65999e-22 -2.80581e-11 -1.23838e-22 -1.02335e-11  3.42176e-23 -1.39302e-12  9.06465e-23  7.42115e-13  9.91202e-24  6.24803e-13 -2.46778e-23  2.58021e-13 -7.34966e-24  6.78236e-14  3.48457e-24  7.67967e-15  2.35708e-24 -3.18436e-15  3.07893e-26 -2.49432e-15 -3.66061e-25 -1.01313e-15 -1.12925e-25 -3.02559e-16  1.96617e-26    -6.95e-17  1.79383e-26 -1.12454e-17  3.54129e-27 -5.47431e-19 -7.19161e-28  4.50048e-19 -7.00124e-28  2.26218e-19 -3.29084e-28  7.11145e-20 -8.90524e-29   1.7841e-20  1.00969e-29  3.81093e-21  1.59308e-29  7.09597e-22  3.24514e-30   1.1586e-22 -1.43667e-30  1.64647e-23  -1.2777e-30  1.98235e-24 -5.57833e-31  1.87219e-25 -1.82489e-31  9.92694e-27 -4.67645e-32 -8.66066e-28 -9.29965e-33  -3.6386e-28 -1.45171e-33 -6.89415e-29  -1.7832e-34 -9.90519e-30 -1.25705e-35 -1.18882e-30  1.65011e-36 -1.23206e-31  7.94235e-37 -1.11665e-32  1.62321e-37 -8.87942e-34  2.49362e-38 -6.18028e-35  3.29392e-39 -3.74022e-36   3.5948e-40 -1.94789e-37  3.07912e-41 -8.58328e-39  2.09965e-42 -3.11562e-40  1.15632e-43 -9.00864e-42  4.87027e-45 -1.97283e-43   1.4223e-46 -2.96451e-45  2.51062e-48 -2.36152e-47  1.76263e-50
 1.41626e-22  1.53127e-07  1.81019e-21 -1.19685e-06  -2.7154e-20  4.38185e-06  1.39487e-19 -9.07084e-06 -4.24223e-19  1.08473e-05  8.63215e-19 -6.44432e-06 -1.17317e-18  9.74591e-08  9.03731e-19  1.81007e-06  8.02291e-20 -1.72589e-07 -1.27539e-18 -5.05756e-07  1.93521e-18 -3.79598e-08 -1.75156e-18  1.21422e-07  1.01883e-18  4.87778e-08  -2.7199e-19   -1.084e-08 -1.18696e-19 -1.60129e-08  1.39536e-19 -5.02703e-09 -2.77664e-20   9.4507e-10 -2.42072e-20  1.52665e-09  1.05825e-20  6.40662e-10  3.94519e-21  7.09556e-11 -2.20934e-21 -7.35023e-11 -7.41133e-22 -5.41216e-11  8.12447e-23  -1.9583e-11  3.44515e-22 -3.21742e-12   3.5758e-23  9.05399e-13 -8.44575e-23  9.44103e-13 -2.47637e-23  4.22613e-13  1.03369e-23  1.26799e-13   7.2874e-24  2.40648e-14  4.46403e-25  2.60175e-16 -9.76895e-25 -2.08685e-15 -3.53993e-25 -1.08623e-15  3.52651e-26 -3.73785e-16  5.15293e-26 -1.00828e-16   1.1774e-26 -2.20007e-17 -2.24593e-27 -3.73699e-18 -2.65132e-27 -3.95678e-19 -1.28924e-27   2.3172e-20 -3.42271e-28   2.6869e-20  1.86769e-29  9.12817e-21   3.9236e-29  2.27842e-21  2.15625e-30  4.74602e-22 -8.20124e-30  8.61683e-23 -5.25194e-30   1.3898e-23 -2.08938e-30  2.00878e-24  -6.4914e-31  2.60991e-25 -1.61882e-31  3.04546e-26 -3.22033e-32  3.17716e-27 -5.20371e-33  2.93671e-28 -6.92889e-34  2.36646e-29 -6.55276e-35   1.6126e-30 -4.05854e-37  8.67544e-32  1.30247e-36  2.90905e-33  2.96411e-37 -4.67293e-35  4.54947e-38 -1.70613e-35  5.77183e-39 -1.62165e-36  5.89253e-40 -1.05065e-37  4.64281e-41 -5.15527e-39   2.8628e-42 -1.93669e-40  1.39108e-43 -5.42411e-42  4.99897e-45 -1.08846e-43  1.17636e-46 -1.34546e-45    1.449e-48 -6.30221e-48
-1.02728e-07  1.81019e-21  1.55098e-06    1.276e-20 -8.33207e-06 -1.43688e-19  2.39135e-05  6.13574e-19 -4.02754e-05 -1.64023e-18  3.85546e-05  3.03784e-18 -1.54679e-05 -3.87038e-18 -4.88927e-06  3.00191e-18  5.45976e-06 -4.55292e-19  1.18787e-06 -2.24163e-18 -1.40597e-06  3.52314e-18 -5.90734e-07  -3.1213e-18  2.05598e-07  1.79514e-18  2.19426e-07 -4.71833e-19  3.66473e-08 -2.25787e-19 -3.53437e-08   2.4896e-19 -2.51003e-08 -3.38299e-20 -5.08608e-09 -5.37011e-20  2.47625e-09  1.77686e-20  2.35673e-09  1.03289e-20  8.62716e-10 -4.15732e-21  7.61275e-11 -2.20087e-21 -1.00561e-10  1.86525e-22 -7.04931e-11   8.5603e-22 -2.60016e-11  8.72446e-23 -5.18978e-12 -1.95391e-22  4.27373e-13 -5.97072e-23  8.76745e-13  1.99862e-23  4.40065e-13  1.57788e-23  1.47824e-13  1.80376e-24  3.58762e-14 -1.74779e-24  5.30447e-15 -7.35357e-25 -3.07423e-16  5.33428e-26 -5.57746e-16  1.08344e-25 -2.43219e-16  2.39694e-26 -7.55763e-17 -7.28899e-27 -1.90767e-17 -7.51753e-27 -4.05408e-18 -3.55509e-27 -7.24599e-19 -9.69492e-28 -1.04462e-19 -4.23756e-29  -1.0259e-20  3.41266e-29  5.01739e-23 -2.34921e-29  3.35047e-22 -2.92095e-29  1.03509e-22 -1.50251e-29  2.23781e-23 -5.49098e-30  3.98638e-24 -1.61833e-30  6.15748e-25 -3.90194e-31  8.42797e-26 -7.66564e-32  1.03273e-26  -1.2523e-32  1.13809e-27 -1.72684e-33   1.1293e-28 -1.83576e-34  1.00779e-29 -9.74211e-36  8.06282e-31  9.72004e-37  5.75416e-32  3.25404e-37  3.63772e-33  5.25253e-38  2.01835e-34  6.53621e-39  9.70197e-36  6.29718e-40  3.96832e-37  4.56942e-41  1.34933e-38  2.53684e-42   3.6914e-40  1.07675e-43  7.68193e-42  3.23237e-45  1.09062e-43  5.82744e-47  8.43474e-46  4.09664e-49
-3.09723e-21 -1.19685e-06    1.276e-20   1.0225e-05  6.06415e-20 -4.13252e-05 -5.39379e-19  9.59506e-05  1.96433e-18 -0.000132734 -4.69476e-18  9.98027e-05  7.98339e-18 -2.03048e-05 -9.49095e-18 -2.29041e-05  7.10611e-18  9.38992e-06 -1.78736e-18  6.62047e-06 -2.97191e-18 -1.83553e-06  4.85255e-18 -2.20304e-06 -4.24944e-18 -1.63538e-07  2.50738e-18  5.03237e-07 -6.90935e-19  2.46428e-07 -3.39835e-19 -7.23611e-09  3.68575e-19 -5.92924e-08 -2.93156e-20 -2.90199e-08 -9.42626e-20 -3.37757e-09  2.53442e-20  3.82713e-09  2.01683e-20  2.80636e-09 -6.91774e-21  9.44084e-10  -4.6901e-21  8.15566e-11  4.52164e-22 -1.00838e-10  1.67976e-21 -7.09339e-11  1.74598e-22 -2.71939e-11 -3.59483e-22 -6.43458e-12 -1.19099e-22 -3.61553e-13  2.81429e-23  5.21128e-13   2.7243e-23  3.21769e-13  4.60057e-24  1.21127e-13  -2.3318e-24   3.4209e-14 -1.10166e-24  7.32241e-15  1.34656e-25  1.00585e-15  1.98782e-25 -2.80239e-17  3.35629e-26 -7.54166e-17  -2.1688e-26  -3.1219e-17 -1.80445e-26 -9.14265e-18 -8.21942e-27 -2.19634e-18  -2.4233e-27 -4.53325e-19 -3.90956e-28  -8.1741e-20 -1.05767e-28 -1.28964e-20 -1.17258e-28 -1.75791e-21 -7.87745e-29 -1.99313e-22 -3.44896e-29 -1.67242e-23 -1.16477e-29 -4.78276e-25 -3.25154e-30  1.73851e-25   -7.539e-31  4.79972e-26  -1.4486e-31  8.14728e-27 -2.35426e-32  1.09737e-27 -3.27524e-33  1.25162e-28 -3.66058e-34  1.23798e-29 -2.71745e-35  1.07109e-30 -4.54341e-37  8.11373e-32   2.1036e-37  5.35923e-33  4.21558e-38  3.06014e-34  5.39574e-39   1.4902e-35  4.98942e-40  6.06525e-37   3.3462e-41  2.00531e-38  1.66524e-42  5.16016e-40  6.09489e-44  9.59591e-42  1.48281e-45  1.11091e-43  1.87505e-47  5.19871e-46
 5.04465e-07  -2.7154e-20 -8.33207e-06  6.06415e-20  4.93552e-05  2.11761e-19  -0.00015805 -1.53524e-18  0.000303065  4.87372e-18 -0.000345128 -1.06113e-17  0.000195379  1.67535e-17   5.6382e-06 -1.85479e-17 -6.13109e-05  1.30203e-17  4.63804e-06 -3.63877e-18  1.81152e-05 -3.17871e-18  1.37712e-06   5.2318e-18 -4.67017e-06 -4.61041e-18 -1.83066e-06  2.98366e-18  5.17288e-07 -9.29344e-19   6.7261e-07 -4.34813e-19  1.89861e-07  4.83889e-19 -5.83808e-08 -1.74848e-20 -7.19365e-08 -1.39979e-19 -2.72486e-08  3.45942e-20 -1.18962e-09  3.20421e-20   4.3987e-09 -1.10471e-20  2.77371e-09 -8.18582e-21  8.97031e-10  1.01258e-21  9.37633e-11  2.83416e-21 -7.66515e-11  3.19412e-22 -5.74842e-11 -5.61201e-22 -2.32503e-11 -2.08229e-22 -6.31919e-12  2.68551e-23 -9.41119e-13   3.8771e-23  1.35051e-13  8.70799e-24  1.60419e-13 -2.22008e-24  7.08937e-14 -1.06054e-24  2.26057e-14  4.39452e-25  5.73897e-15  3.47421e-25  1.16621e-15  3.05456e-26  1.74522e-16 -5.38323e-26  1.09161e-17 -3.82231e-26   -4.173e-18 -1.71301e-26 -2.12418e-18 -5.62346e-27 -6.25746e-19 -1.48297e-27 -1.45708e-19 -5.75211e-28 -2.89538e-20 -3.44754e-28 -5.05954e-21 -1.74157e-28  -7.8822e-22 -6.72014e-29 -1.10128e-22 -2.10721e-29  -1.3816e-23 -5.56447e-30 -1.55235e-24 -1.23541e-30 -1.55188e-25 -2.30453e-31 -1.36366e-26 -3.68216e-32 -1.03016e-27 -5.08012e-33 -6.39475e-29 -5.76536e-34  -2.8895e-30 -4.86183e-35 -4.55709e-32 -2.54006e-36  7.49084e-33  4.51204e-39  1.00601e-33  2.14046e-38  7.74734e-35  3.27529e-39  4.38357e-36   3.0268e-40  1.90415e-37  1.89594e-41  6.31455e-39  8.43002e-43  1.53388e-40  2.61669e-44  2.48168e-42  4.92305e-46  2.12488e-44  3.57961e-48
 1.98069e-20  4.38185e-06 -1.43688e-19 -4.13252e-05  2.11761e-19  0.000186057  5.66687e-19 -0.000488173 -3.41307e-18  0.000783542  9.66027e-18 -0.000730354 -1.96346e-17  0.000282997  2.92213e-17  0.000106113 -3.01087e-17 -0.000112574  1.92662e-17 -2.53637e-05 -4.98354e-18  3.17301e-05 -2.92008e-18  1.28727e-05  4.25589e-18  -5.5116e-06 -3.95829e-18 -5.30319e-06  3.18293e-18 -6.35121e-07 -1.18666e-18  1.04643e-06 -4.96414e-19  6.51641e-07   5.7938e-19  9.25535e-08 -8.23368e-21 -9.26825e-08 -1.80335e-19 -7.06985e-08  4.87741e-20 -2.20889e-08  4.34403e-20  3.35864e-10 -1.73874e-20  4.08469e-09 -1.25867e-20  2.36116e-09  1.94258e-21     7.62e-10  4.31323e-21  1.05007e-10  5.69175e-22  -4.2305e-11 -7.63597e-22 -3.76531e-11 -3.27912e-22 -1.63457e-11  5.46574e-24 -4.96862e-12  4.45133e-23 -1.04847e-12  1.28313e-23 -9.30143e-14 -8.90119e-25  4.14902e-14  8.30946e-27  2.77863e-14  1.23138e-24  1.03371e-14  6.01248e-25  2.96126e-15  8.76766e-27  7.02286e-16 -1.11854e-25  1.40133e-16 -7.30566e-26   2.3072e-17  -3.3159e-26  2.86804e-18 -1.20953e-26  1.62732e-19 -4.02304e-27   -4.195e-20 -1.63391e-27 -1.87525e-20 -7.77487e-28 -4.68071e-21 -3.29163e-28 -9.18927e-22 -1.14483e-28 -1.53739e-22 -3.34619e-29 -2.26073e-23 -8.35103e-30 -2.96388e-24 -1.76958e-30  -3.4876e-25 -3.18583e-31 -3.69278e-26 -4.95894e-32 -3.51781e-27 -6.70114e-33  -3.0082e-28  -7.5577e-34 -2.29972e-29 -6.69515e-35 -1.56237e-30 -4.43827e-36 -9.35564e-32 -1.92939e-37 -4.88375e-33  1.25582e-39 -2.18978e-34  1.30056e-39 -8.26735e-36  1.37204e-40 -2.55419e-37  8.28856e-42 -6.18143e-39  3.30045e-43 -1.08751e-40  8.50407e-45 -1.20734e-42  1.13979e-46 -5.48171e-45
-1.30665e-06  1.39487e-19  2.39135e-05 -5.39379e-19  -0.00015805  5.66687e-19  0.000570661  1.17692e-18  -0.00125571 -5.93355e-18   0.00170044  1.54402e-17  -0.00127611 -3.04202e-17  0.000256567  4.36049e-17  0.000317533 -4.18242e-17  -0.00013927  2.35324e-17 -9.52502e-05 -4.47684e-18  3.27375e-05 -2.53908e-18  3.44612e-05  1.99427e-18  4.29771e-07  -2.4527e-18 -9.26811e-06  3.18067e-18 -3.87367e-06 -1.42614e-18  5.85778e-07 -5.22772e-19  1.22162e-06  6.31391e-19  5.01248e-07 -1.52494e-20  5.44245e-09 -2.01884e-19 -1.01313e-07   7.2208e-20 -5.96765e-08  5.19663e-20 -1.62219e-08 -2.67647e-20  8.40752e-10 -1.79169e-20  3.17665e-09  3.13926e-21  1.76086e-09  6.08497e-21  5.82706e-10  1.00353e-21  1.04008e-10 -9.06584e-22 -1.28876e-11 -4.70939e-22 -1.93353e-11 -4.72687e-23 -9.31934e-12   3.6025e-23  -3.1208e-12  1.43884e-23 -7.91938e-13  2.01996e-24 -1.43328e-13  2.81772e-24 -1.03155e-14  2.82253e-24  5.02144e-15  1.02852e-24  2.93223e-15 -2.61727e-26  9.93962e-16 -2.00495e-25   2.6438e-16 -1.28065e-25  5.93959e-17 -6.00993e-26  1.15693e-17 -2.38106e-26  1.96693e-18 -8.81645e-27  2.89589e-19 -3.52415e-27   3.5855e-20 -1.46174e-27  3.42229e-21 -5.45485e-28  1.65484e-22 -1.73612e-28 -2.31285e-23  -4.7456e-29 -8.52715e-24 -1.11875e-29 -1.61882e-24  -2.2569e-30 -2.36875e-25 -3.90282e-31  -2.9088e-26 -5.87479e-32 -3.08905e-27  -7.7015e-33 -2.86991e-28  -8.5035e-34  -2.3393e-29  -7.6024e-35 -1.66873e-30 -5.44273e-36 -1.03466e-31 -3.06471e-37 -5.51358e-33 -1.10354e-38 -2.48376e-34  7.81286e-41 -9.23716e-36  3.99072e-41 -2.73762e-37   2.6408e-42 -6.11136e-39  9.66252e-44 -9.29266e-41   2.0142e-45 -7.65346e-43   1.5967e-47
-6.97751e-20 -9.07084e-06  6.13574e-19  9.59506e-05 -1.53524e-18 -0.000488173  1.17692e-18   0.00146514  1.84737e-18  -0.00274995  -7.6989e-18   0.00315121  1.95742e-17  -0.00183919 -4.00389e-17 -3.38535e-05  5.70546e-17  0.000624382 -5.09938e-17 -7.52595e-05  2.38684e-17 -0.000198893 -1.25965e-18 -1.97226e-06 -2.37409e-18  5.88622e-05  -1.0737e-18  1.83461e-05 -5.80092e-19 -9.55955e-06  3.08981e-18 -8.90853e-06 -1.55757e-18 -1.71876e-06 -5.14915e-19  1.30337e-06  6.06055e-19  1.09214e-06 -5.25083e-20  3.19493e-07 -1.92287e-19 -4.49512e-08  1.09034e-19 -8.94518e-08  5.67227e-20 -4.48478e-08 -3.95488e-20 -1.12302e-08 -2.44383e-20  6.15232e-10  4.24391e-21  2.09165e-09  8.06774e-21  1.15376e-09  1.72091e-21   3.9816e-10 -9.12056e-22  8.72866e-11 -6.20183e-22  3.91809e-12 -1.40231e-22 -7.01411e-12  4.05569e-24 -4.14542e-12   1.0084e-23 -1.53876e-12  6.59444e-24 -4.40069e-13  7.94526e-24 -1.00474e-13  5.47127e-24 -1.75033e-14   1.7019e-24 -1.75416e-15 -5.59345e-26  2.07233e-16 -3.20265e-25  1.72011e-16 -2.08604e-25  5.81458e-17 -1.01896e-25  1.48007e-17 -4.26007e-26  3.16145e-18 -1.64512e-26  5.89075e-19 -6.34647e-27  9.74051e-20 -2.38354e-27  1.44015e-20 -8.05889e-28  1.90773e-21 -2.37192e-28  2.25895e-22 -6.07986e-29  2.37462e-23 -1.35358e-29   2.1865e-24 -2.59453e-30  1.71868e-25 -4.29257e-31  1.08996e-26 -6.21042e-32  4.68389e-28 -7.83711e-33 -2.24591e-32 -8.37637e-34 -2.49531e-30 -7.37511e-35 -3.03568e-31 -5.35002e-36 -2.41704e-32 -3.19449e-37 -1.46858e-33 -1.45109e-38 -7.02702e-35 -3.92276e-40 -2.63096e-36  1.43346e-43 -7.46213e-38  4.72503e-43 -1.49871e-39  1.88237e-44 -1.85125e-41  3.12989e-46 -9.12391e-44
 1.94136e-06 -4.24223e-19 -4.02754e-05  1.96433e-18  0.000303065 -3.41307e-18  -0.00125571  1.84737e-18   0.00321604   1.8974e-18  -0.00521403 -5.88743e-18   0.00504467  1.81724e-17  -0.00213005 -4.51558e-17 -0.000706901  6.70406e-17  0.000923194 -5.59665e-17  0.000144456  1.97815e-17 -0.000293752   4.4641e-18 -9.03497e-05 -2.48827e-18  6.69468e-05 -4.28782e-18  4.79714e-05  1.04488e-18  -3.1954e-07   2.9896e-18 -1.30537e-05  -1.4572e-18 -6.19227e-06 -4.68225e-19  1.00747e-08  4.67952e-19  1.45111e-06 -1.31278e-19  8.19125e-07 -1.45412e-19  1.73209e-07  1.61984e-19 -5.89771e-08  5.91369e-20 -6.77075e-08 -5.52356e-20 -3.06864e-08 -3.25607e-20 -7.51577e-09  4.66946e-21  1.49935e-10  1.01055e-20  1.15418e-09  2.80541e-21  6.58151e-10 -7.00819e-22  2.39174e-10 -7.51291e-22  6.10897e-11 -2.76944e-22  8.91536e-12  -5.8419e-23 -1.01789e-12 -2.87973e-24 -1.29877e-12  1.26544e-23 -5.69122e-13  1.56107e-23 -1.80908e-13  9.27166e-24 -4.66746e-14  2.66574e-24  -1.0053e-14 -5.98758e-26 -1.78606e-15 -4.69933e-25 -2.42916e-16 -3.18864e-25 -1.71886e-17 -1.61168e-25  2.97841e-18 -6.92429e-26  1.61032e-18 -2.69139e-26  4.35644e-19   -9.947e-27  9.11359e-20  -3.4484e-27  1.61518e-20 -1.07383e-27  2.50945e-21 -2.94441e-28  3.47185e-22 -7.09311e-29  4.30959e-23 -1.49122e-29  4.81467e-24 -2.71157e-30  4.84289e-25 -4.27759e-31   4.3783e-26 -5.91739e-32  3.54527e-27 -7.14143e-33  2.55772e-28 -7.32202e-34  1.63226e-29 -6.24314e-35  9.12616e-31 -4.43685e-36  4.41411e-32 -2.62528e-37  1.81578e-33 -1.22937e-38  6.20356e-35 -4.11226e-40  1.69962e-36 -8.44672e-42  3.53371e-38 -6.40791e-44  5.05083e-40  1.24848e-45  3.94662e-42  2.26957e-47
 1.57077e-19  1.08473e-05 -1.64023e-18 -0.000132734  4.87372e-18  0.000783542 -5.93355e-18  -0.00274995   1.8974e-18   0.00613599  9.49688e-20  -0.00867476  3.03314e-18    0.0070241  7.84631e-18  -0.00179377 -4.37518e-17  -0.00175003  7.25233e-17    0.0010328 -5.68454e-17  0.000534293  1.24366e-17 -0.000305457   1.1494e-17  -0.00022602 -2.60055e-18  3.38325e-05 -7.06022e-18  7.87606e-05  1.88408e-18  2.21233e-05  2.90513e-18 -1.14358e-05 -1.01442e-18 -1.14236e-05 -3.72235e-19 -3.21305e-06  1.95391e-19  8.99232e-07 -2.58039e-19  1.23386e-06 -6.49431e-20  5.41651e-07  2.31333e-19  8.22974e-08  6.27267e-20 -5.05038e-08 -7.22476e-20 -4.51584e-08  -4.2565e-20 -1.93288e-08  3.76487e-21 -4.87375e-09  1.19786e-20 -2.03935e-10  4.28728e-21  5.12367e-10 -2.19986e-22  3.19722e-10 -8.40547e-22  1.23471e-10 -4.53529e-22  3.52865e-11  -1.5294e-22  7.31859e-12 -2.53829e-23  7.79768e-13  1.99228e-23 -1.76259e-13  2.55615e-23 -1.38447e-13  1.40781e-23 -5.21956e-14   3.8968e-24 -1.49597e-14 -3.35166e-26  -3.5765e-15 -6.50411e-25 -7.35955e-16 -4.60227e-25 -1.31407e-16 -2.37401e-25 -2.01818e-17 -1.02585e-25 -2.57615e-18 -3.93273e-26 -2.45137e-19 -1.38829e-26 -8.87121e-21 -4.49145e-27  2.86819e-21 -1.30153e-27  9.16724e-22 -3.34224e-28  1.75524e-22 -7.58013e-29  2.65851e-23 -1.50481e-29  3.41379e-24 -2.59222e-30  3.81401e-25 -3.88757e-31  3.74596e-26 -5.11877e-32  3.24317e-27 -5.87468e-33  2.47014e-28 -5.73407e-34  1.64543e-29 -4.67513e-35  9.49436e-31 -3.18626e-36  4.67918e-32 -1.80571e-37  1.93062e-33 -8.15327e-39  6.47756e-35 -2.73101e-40  1.69077e-36 -6.28702e-42  3.18924e-38 -8.88113e-44  3.76034e-40 -5.53314e-46  1.78955e-42
-1.55241e-06  8.63215e-19  3.85546e-05 -4.69476e-18 -0.000345128  9.66027e-18   0.00170044  -7.6989e-18  -0.00521403  9.49688e-20    0.0103156 -4.99926e-18   -0.0128067    2.153e-17   0.00851906 -1.21487e-17 -0.000571834 -3.61653e-17  -0.00296126  7.40718e-17  0.000763982 -5.50793e-17   0.00102018  3.88345e-18 -0.000158843  1.82475e-17 -0.000367018 -2.21934e-18 -5.66101e-05 -9.05061e-18  9.05244e-05  1.61552e-18  5.45736e-05  2.83062e-18  6.68619e-07 -1.78271e-19 -1.40227e-05 -2.16939e-19 -7.78232e-06 -2.07114e-19  -1.1039e-06 -4.33432e-19  1.09173e-06  3.53951e-20  8.89619e-07  3.14105e-19  3.27426e-07  7.17981e-20  3.66828e-08 -8.81217e-20 -3.40623e-08 -5.42712e-20 -2.68181e-08  1.08663e-21  -1.1207e-08  1.34711e-20 -3.00242e-09  6.11822e-21 -3.33612e-10  5.30183e-22  1.61571e-10 -8.74309e-22  1.26753e-10 -6.58191e-22  5.31006e-11 -2.73385e-22  1.65727e-11 -5.53382e-23  4.07616e-12  2.82752e-23  7.61773e-13  3.71113e-23  8.31591e-14  1.94925e-23 -9.00618e-15   5.2756e-24 -8.45962e-15 -3.90581e-27 -3.03391e-15 -8.66126e-25  -8.1266e-16 -6.28966e-25 -1.81963e-16 -3.25532e-25 -3.54405e-17 -1.39177e-25 -6.10883e-18 -5.19876e-26  -9.3859e-19 -1.75049e-26 -1.28673e-19 -5.32005e-27 -1.56712e-20 -1.44427e-27 -1.67702e-21 -3.48623e-28 -1.54143e-22  -7.4534e-29 -1.15673e-23 -1.39709e-29 -6.08376e-25 -2.27711e-30 -4.46841e-27 -3.23781e-31  3.85334e-27 -4.04143e-32  5.96407e-28 -4.38854e-33  5.95635e-29 -4.05055e-34  4.60942e-30 -3.12556e-35  2.88785e-31 -2.01139e-36  1.47456e-32 -1.06818e-37   6.0625e-34 -4.48967e-39  1.94986e-35 -1.39922e-40  4.65646e-37   -2.993e-42  7.48755e-39 -3.83735e-44  6.45047e-41 -1.88466e-46
-2.25458e-19 -6.44432e-06  3.03784e-18  9.98027e-05 -1.06113e-17 -0.000730354  1.54402e-17   0.00315121 -5.88743e-18  -0.00867476 -4.99926e-18    0.0154633 -1.42571e-17   -0.0169414  4.89754e-17   0.00893832 -3.88213e-17   0.00154053  -2.4695e-17  -0.00398638  7.30369e-17  1.75499e-05 -5.24251e-17   0.00144454   -4.059e-18  0.000178272  2.34776e-17 -0.000443998 -8.68858e-19 -0.000196655 -1.02228e-17   6.1463e-05  1.87508e-19  8.49574e-05  2.76299e-18  2.42417e-05  1.02044e-18 -9.85643e-06   1.2047e-21 -1.16102e-05 -7.05863e-19 -4.39909e-06 -6.52035e-19 -2.72027e-08  1.35093e-19  9.12229e-07  4.03663e-19  5.70307e-07  8.95065e-20  1.86411e-07 -1.00143e-19  1.77238e-08 -6.68356e-20 -1.88654e-08 -3.32142e-21 -1.41459e-08  1.44782e-20   -5.919e-09  8.17769e-21 -1.70277e-09  1.48614e-21  -2.9377e-10 -8.53649e-22  1.62331e-11 -8.71842e-22  3.72528e-11 -4.05663e-22  1.80974e-11 -8.74346e-23  6.15973e-12  3.79544e-23  1.67835e-12  4.92996e-23   3.7772e-13  2.49187e-23  6.91042e-14  6.58787e-24  9.32939e-15 -2.94151e-26  4.92011e-16 -1.12104e-24 -2.06081e-16 -8.14029e-25 -9.33609e-17  -4.1578e-25 -2.51604e-17 -1.73742e-25 -5.38659e-18 -6.27492e-26 -9.85776e-19 -2.01375e-26 -1.58781e-19 -5.77298e-27 -2.28225e-20 -1.47471e-27 -2.94701e-21 -3.35463e-28 -3.42811e-22 -6.76678e-29 -3.59312e-23 -1.19737e-29 -3.38754e-24 -1.84429e-30 -2.86301e-25 -2.48009e-31 -2.15831e-26 -2.92371e-32 -1.44153e-27 -2.98993e-33 -8.45518e-29 -2.59354e-34 -4.30573e-30 -1.87711e-35 -1.87539e-31 -1.12629e-36 -6.84694e-33  -5.5114e-38  -2.0367e-34 -2.10311e-39 -4.72969e-36 -5.83607e-41 -7.98737e-38 -1.06592e-42 -8.51598e-40 -1.02843e-44 -3.72359e-42
 3.82474e-07 -1.17317e-18 -1.54679e-05  7.98339e-18  0.000195379 -1.96346e-17  -0.00127611  1.95742e-17   0.00504467  3.03314e-18   -0.0128067 -1.42571e-17    0.0208949 -2.71202e-17   -0.0202623  8.06987e-17   0.00791525  -6.6329e-17   0.00424177 -1.21299e-17  -0.00444591   7.0615e-17  -0.00114667 -5.01009e-17   0.00161989 -1.05263e-17  0.000664603   2.6692e-17 -0.000387447  1.70266e-18 -0.000349288 -1.07927e-17 -1.96705e-05 -2.20464e-18  9.54306e-05  2.71835e-18  5.38863e-05  2.47897e-18  3.55005e-06  2.78731e-19 -1.16899e-05 -1.24437e-18 -7.80155e-06 -9.02335e-19 -2.12744e-06   2.1222e-19  3.27368e-07  4.89864e-19  6.25949e-07  1.15942e-19  3.33627e-07 -1.06309e-19  1.02113e-07 -7.88248e-20  1.05752e-08 -8.78093e-21 -8.47382e-09  1.50963e-20 -6.52772e-09  1.03109e-20 -2.79209e-09  2.53828e-21 -8.59926e-10 -7.89256e-22 -1.89107e-10 -1.06875e-21 -2.06001e-11 -5.29173e-22  5.53987e-12 -1.13759e-22  4.37795e-12  4.96313e-23  1.71303e-12  6.10966e-23  5.09892e-13  2.96721e-23  1.26192e-13  7.56721e-24   2.6726e-14 -1.78803e-25  4.86344e-15 -1.41029e-24  7.46846e-16 -9.96343e-25  9.09277e-17 -4.95182e-25  6.80767e-18 -2.00442e-25 -3.86985e-19 -6.96345e-26 -2.79871e-19 -2.12869e-26 -6.89497e-20 -5.77111e-27 -1.25679e-20 -1.39118e-27 -1.90606e-21 -2.98725e-28 -2.50256e-22 -5.68799e-29   -2.892e-23 -9.49789e-30 -2.96136e-24 -1.38074e-30 -2.69056e-25 -1.75173e-31 -2.16393e-26 -1.94356e-32 -1.53228e-27 -1.86352e-33 -9.47151e-29 -1.51025e-34 -5.04858e-30 -1.01676e-35 -2.28112e-31 -5.62392e-37 -8.52736e-33 -2.49778e-38 -2.54475e-34 -8.46318e-40 -5.73024e-36  -2.0134e-41 -8.80596e-38 -2.91404e-43 -7.33697e-40 -1.67155e-45
 1.58674e-19  9.74591e-08 -3.87038e-18 -2.03048e-05  1.67535e-17  0.000282997 -3.04202e-17  -0.00183919  1.81724e-17    0.0070241    2.153e-17   -0.0169414 -2.71202e-17     0.025724 -4.12139e-17   -0.0221006   1.0903e-16   0.00546859 -8.84533e-17   0.00701583 -3.20502e-19  -0.00408532  6.74909e-17  -0.00251266 -4.85691e-17   0.00140451 -1.56171e-17   0.00118797  2.81519e-17  -0.00016045  5.40234e-18  -0.00045763 -1.11115e-17 -0.000144033   -5.201e-18  6.99381e-05   2.7233e-18  7.82158e-05  4.05414e-18  2.47328e-05  6.09924e-19 -5.56611e-06 -1.75414e-18 -9.35686e-06 -1.16606e-18 -4.56442e-06    2.492e-19 -9.02751e-07  5.60017e-19  3.26308e-07  1.46938e-19  3.73011e-07 -1.06314e-19  1.80361e-07 -8.86081e-20  5.41757e-08 -1.40842e-20  7.23184e-09  1.56308e-20 -2.84277e-09    1.238e-20 -2.55252e-09  3.57165e-21 -1.14307e-09 -6.87352e-22 -3.74417e-10 -1.21663e-21 -9.50048e-11  -6.1941e-22 -1.76798e-11 -1.25107e-22 -1.57399e-12  6.42595e-23  4.58488e-13  7.15892e-23  3.04463e-13  3.31237e-23  1.06447e-13   7.9729e-24  2.88137e-14 -4.96802e-25  6.58144e-15 -1.71234e-24  1.31013e-15 -1.15103e-24   2.3039e-16 -5.50624e-25  3.59324e-17 -2.14509e-25  4.95368e-18 -7.14254e-26  5.96376e-19 -2.07877e-26  6.09617e-20 -5.33792e-27  4.92941e-21 -1.21643e-27  2.40487e-22 -2.46803e-28 -1.02051e-23 -4.43652e-29 -4.46369e-24 -6.98694e-30 -6.95803e-25 -9.57327e-31 -7.88362e-26  -1.1431e-31 -7.23218e-27 -1.18957e-32 -5.54469e-28 -1.06471e-33 -3.57853e-29 -8.01475e-35 -1.93407e-30 -4.97843e-36 -8.62327e-32 -2.51044e-37 -3.09041e-33 -9.96685e-39 -8.53384e-35 -2.92939e-40 -1.68905e-36 -5.72668e-42 -2.07438e-38 -5.92685e-44 -1.02195e-40
 3.09343e-07  9.03731e-19 -4.88927e-06 -9.49095e-18   5.6382e-06  2.92213e-17  0.000256567 -4.00389e-17  -0.00213005  7.84631e-18   0.00851906  4.89754e-17   -0.0202623 -4.12139e-17    0.0291734 -5.28309e-17   -0.0221765  1.26046e-16   0.00199001 -1.01219e-16   0.00931803  1.03128e-17  -0.00286829  6.40452e-17  -0.00378086 -4.78041e-17  0.000760436 -1.98718e-17    0.0016008  2.85858e-17  0.000220314  9.79503e-18 -0.000465554 -1.15345e-17 -0.000281548 -8.39153e-18  2.61214e-06  2.78915e-18   8.3705e-05  5.59631e-18  4.76019e-05  9.92143e-19  7.01804e-06 -2.16465e-18 -7.19592e-06 -1.41667e-18 -6.15752e-06  2.37723e-19 -2.42794e-06  6.00833e-19  -3.5273e-07  1.74167e-19  2.15984e-07  -1.0217e-19  1.96953e-07 -9.49641e-20  9.01773e-08 -1.78751e-20  2.75086e-08  1.64852e-20  4.79202e-09  1.42995e-20 -4.74361e-10  4.51096e-21 -7.92226e-10 -5.34048e-22 -3.89468e-10 -1.27723e-21 -1.35739e-10 -6.51264e-22 -3.76944e-11 -1.12719e-22 -8.51614e-12   8.2754e-23 -1.50486e-12  8.01121e-23 -1.69062e-13  3.48476e-23  7.65961e-15  7.67626e-24  1.10624e-14 -9.73337e-25  3.90991e-15 -1.98762e-24  1.00239e-15 -1.25271e-24  2.13372e-16 -5.72389e-25  3.94689e-17 -2.13617e-25   6.4741e-18 -6.79961e-26  9.51071e-19 -1.88308e-26   1.2571e-19 -4.58374e-27  1.49719e-20 -9.88464e-28  1.60534e-21  -1.8958e-28  1.54549e-22 -3.21662e-29  1.32991e-23 -4.77396e-30  1.01641e-24 -6.15562e-31   6.8403e-26 -6.90048e-32   4.0078e-27 -6.71222e-33  2.01364e-28 -5.58311e-34  8.49833e-30 -3.88026e-35  2.92559e-31 -2.20519e-36  7.85643e-33 -1.00201e-37  1.52508e-34 -3.49664e-39  1.81783e-36 -8.67003e-41  6.75806e-39 -1.31474e-42 -8.81753e-41 -7.89099e-45
 1.09939e-19  1.81007e-06  3.00191e-18 -2.29041e-05 -1.85479e-17  0.000106113  4.36049e-17 -3.38535e-05 -4.51558e-17  -0.00179377 -1.21487e-17   0.00893832  8.06987e-17   -0.0221006 -5.28309e-17    0.0308447 -5.81734e-17   -0.0206608  1.26622e-16  -0.00192233  -1.0419e-16    0.0107537  2.02725e-17 -0.000973063  6.06219e-17  -0.00466932 -4.76519e-17 -0.000232987 -2.36558e-17   0.00176999  2.88359e-17  0.000685433  1.42329e-17 -0.000339612  -1.2317e-17 -0.000389307 -1.14271e-17  -9.7308e-05  2.88303e-18  6.04177e-05  6.96924e-18  6.30465e-05  1.42601e-18  2.32433e-05 -2.41089e-18 -6.08027e-07 -1.61824e-18 -5.67735e-06  1.81946e-19 -3.56972e-06  6.01348e-19 -1.21537e-06  1.86814e-19 -1.41882e-07 -9.80718e-20  1.11741e-07  -9.7673e-20  9.22168e-08 -1.91913e-20  4.12622e-08  1.79586e-20  1.30172e-08  1.60337e-20  2.78992e-09  5.34622e-21  1.95882e-10 -2.88688e-22 -1.62192e-10 -1.20969e-21 -1.02543e-10 -6.03092e-22 -3.90576e-11 -7.02189e-23  -1.1629e-11  1.05573e-22  -2.8877e-12  8.63131e-23 -6.08651e-13  3.47302e-23 -1.07814e-13  6.71804e-24 -1.52369e-14 -1.53404e-24  -1.3944e-15 -2.18664e-24  4.54971e-17 -1.28242e-24  5.83865e-17 -5.56904e-25  1.69478e-17  -1.9846e-25  3.55359e-18 -6.02728e-26  6.16995e-19 -1.58742e-26   9.2779e-20 -3.66422e-27  1.23167e-20 -7.48062e-28  1.45607e-21 -1.35624e-28  1.53785e-22 -2.17088e-29  1.45079e-23 -3.03321e-30  1.21907e-24  -3.6742e-31  9.07658e-26 -3.85665e-32   5.9419e-27 -3.49396e-33  3.38348e-28 -2.68813e-34  1.65129e-29 -1.71384e-35  6.76736e-31 -8.83068e-37  2.26167e-32 -3.56876e-38  5.89665e-34 -1.07282e-39  1.11427e-35 -2.16292e-41  1.32015e-37 -2.31492e-43  6.33603e-40
-1.45676e-07  8.02291e-20  5.45976e-06  7.10611e-18 -6.13109e-05 -3.01087e-17  0.000317533  5.70546e-17 -0.000706901 -4.37518e-17 -0.000571834 -3.88213e-17   0.00791525   1.0903e-16   -0.0221765 -5.81734e-17    0.0308085 -5.47638e-17   -0.0180475  1.10233e-16   -0.0056817 -9.99162e-17    0.0111684  3.00883e-17    0.0012898   5.7472e-17  -0.00499411 -4.80251e-17  -0.00140961 -2.68145e-17   0.00161811  2.95966e-17   0.00113345  1.80731e-17 -8.25162e-05 -1.35494e-17 -0.000425738 -1.40911e-17 -0.000206531  2.91001e-18  6.95479e-06  8.05127e-18  6.23034e-05  1.90773e-18  3.77221e-05 -2.44014e-18  9.24467e-06 -1.72709e-18 -2.49831e-06  9.91314e-20 -3.59957e-06  5.56266e-19 -1.88719e-06  1.74549e-19  -5.8808e-07 -9.94278e-20  -6.8025e-08 -9.78263e-20   4.5817e-08 -1.79472e-20  3.77168e-08  2.00379e-20  1.69197e-08  1.75575e-20  5.55022e-09  6.12394e-21  1.37126e-09  1.06456e-22  2.23117e-10 -9.79001e-22  1.02808e-13 -4.61669e-22 -1.69846e-11  4.48019e-24   -8.121e-12  1.32311e-22 -2.65584e-12  9.01413e-23 -7.05154e-13  3.29968e-23 -1.60176e-13  5.30667e-24 -3.17679e-14 -2.05967e-24 -5.53405e-15 -2.26513e-24 -8.42755e-16 -1.23344e-24 -1.10111e-16 -5.07636e-25 -1.17504e-17 -1.72365e-25 -8.71874e-19 -4.98726e-26 -3.74364e-21 -1.24843e-26  1.33988e-20 -2.73268e-27   3.0549e-21 -5.28156e-28  4.70552e-22  -9.0483e-29  5.82933e-23 -1.36525e-29  6.10361e-24 -1.79354e-30  5.49716e-25 -2.03696e-31  4.27743e-26 -1.99632e-32  2.86649e-27 -1.67799e-33  1.63949e-28 -1.18802e-34   7.8826e-30 -6.89921e-36   3.1134e-31 -3.19019e-37  9.75545e-33 -1.12915e-38  2.29341e-34 -2.84966e-40  3.66015e-36  -4.4244e-42  3.15127e-38 -2.72276e-44
-4.73632e-19 -1.72589e-07 -4.55292e-19  9.38992e-06  1.30203e-17 -0.000112574 -4.18242e-17  0.000624382  6.70406e-17  -0.00175003 -3.61653e-17   0.00154053  -6.6329e-17   0.00546859  1.26046e-16   -0.0206608 -5.47638e-17    0.0294961 -4.23405e-17   -0.0149323  8.07664e-17  -0.00887398 -9.21052e-17     0.010633  3.97052e-17   0.00358536  5.44367e-17  -0.00470109 -4.89262e-17  -0.00257015 -2.87352e-17   0.00114103  3.12928e-17   0.00146064  2.09041e-17  0.000266436   -1.513e-17 -0.000364482 -1.63092e-17 -0.000294286   2.7169e-18 -6.76285e-05  8.72542e-18  4.06473e-05  2.41599e-18  4.43096e-05 -2.22038e-18  1.94106e-05  -1.6983e-18  2.92304e-06   1.6923e-20 -2.11495e-06   4.6857e-19  -1.9747e-06  1.30924e-19 -9.25447e-07 -1.11272e-19 -2.78267e-07 -9.76751e-20 -3.88341e-08 -1.51306e-20  1.37211e-08  2.22864e-20  1.30204e-08  1.88021e-20  6.02525e-09  6.90758e-21  2.05646e-09  7.01009e-22   5.5703e-10 -5.68618e-22  1.18514e-10 -2.27355e-22  1.73905e-11  1.07703e-22  3.54018e-13  1.61419e-22 -8.68629e-13  9.17591e-23 -3.88317e-13  3.01354e-23 -1.15949e-13  3.75283e-24 -2.81062e-14 -2.42697e-24 -5.86189e-15 -2.19978e-24 -1.07807e-15 -1.11365e-24 -1.76897e-16 -4.33856e-25 -2.60351e-17 -1.40168e-25  -3.4415e-18 -3.85968e-26 -4.07888e-19  -9.1775e-27 -4.31422e-20 -1.90446e-27 -4.03858e-21 -3.48351e-28 -3.30034e-22 -5.63557e-29 -2.29947e-23 -8.00694e-30 -1.30399e-24 -9.87468e-31 -5.33484e-26 -1.04914e-31 -7.85423e-28 -9.57004e-33  1.01689e-28 -7.43177e-34  1.17446e-29 -4.81453e-35  7.43494e-31 -2.52626e-36  3.30188e-32  -1.0358e-37  1.05613e-33 -3.15004e-39  2.32581e-35 -6.44141e-41  3.09398e-37 -7.02257e-43  1.61926e-39
 -8.6756e-08 -1.27539e-18  1.18787e-06 -1.78736e-18  4.63804e-06  1.92662e-17  -0.00013927 -5.09938e-17  0.000923194  7.25233e-17  -0.00296126  -2.4695e-17   0.00424177 -8.84533e-17   0.00199001  1.26622e-16   -0.0180475 -4.23405e-17    0.0274812 -2.28947e-17    -0.011818   4.4748e-17   -0.0113113 -8.36722e-17   0.00935951  4.84377e-17   0.00563874  5.07321e-17  -0.00385087 -5.04136e-17  -0.00353383 -2.87161e-17  0.000401148  3.40622e-17   0.00158776  2.26905e-17  0.000642364 -1.67691e-17 -0.000202901 -1.81016e-17 -0.000331664  2.12218e-18 -0.000145729  8.87337e-18  -1.8366e-07  2.90046e-18  3.84905e-05 -1.75065e-18  2.60852e-05 -1.49745e-18  9.02302e-06 -3.30853e-20  6.82083e-07  3.49987e-19 -1.27004e-06   5.5854e-20 -9.62104e-07 -1.36672e-19 -4.22127e-07 -1.00044e-19 -1.27436e-07 -1.26041e-20 -2.25917e-08   2.3899e-20  1.84364e-09  1.96219e-20  3.52683e-09  7.72643e-21  1.77826e-09  1.50553e-21  6.35835e-10  6.72883e-24  1.83036e-10  8.22538e-23  4.38617e-11  2.29551e-22  8.69482e-12  1.90182e-22  1.34374e-12   9.1399e-23  1.23049e-13  2.67374e-23 -1.13866e-14  2.36646e-24 -9.09014e-15 -2.55224e-24 -2.79143e-15 -1.99707e-24 -6.42194e-16 -9.43237e-25 -1.23772e-16 -3.47847e-25 -2.07925e-17 -1.06852e-25 -3.09929e-18 -2.79783e-26 -4.13457e-19 -6.31553e-27 -4.95524e-20 -1.24188e-27  -5.3397e-21 -2.14852e-28 -5.16642e-22 -3.27922e-29 -4.47385e-23 -4.38133e-30 -3.44986e-24 -5.06319e-31 -2.35226e-25 -5.01948e-32 -1.40478e-26 -4.24664e-33 -7.25531e-28  -3.0324e-34 -3.18522e-29 -1.78587e-35 -1.16038e-30  -8.3872e-37  -3.3862e-32 -3.00501e-38 -7.48644e-34 -7.65783e-40 -1.13495e-35 -1.20287e-41 -9.37886e-38  -7.5126e-44
 7.03369e-19 -5.05756e-07 -2.24163e-18  6.62047e-06 -3.63877e-18 -2.53637e-05  2.35324e-17 -7.52595e-05 -5.59665e-17    0.0010328  7.40718e-17  -0.00398638 -1.21299e-17   0.00701583 -1.01219e-16  -0.00192233  1.10233e-16   -0.0149323 -2.28947e-17    0.0252764  1.37578e-20  -0.00901726  9.08397e-18   -0.0129946 -7.56146e-17   0.00760543  5.53546e-17   0.00727418   4.5112e-17  -0.00257756 -5.25912e-17  -0.00417157 -2.64103e-17 -0.000495222  3.77867e-17   0.00147599  2.37809e-17  0.000971718 -1.80234e-17  3.69401e-05 -1.95045e-17 -0.000300264  9.68029e-19 -0.000206123  8.38563e-18 -5.18147e-05  3.27984e-18  1.93521e-05 -1.07011e-18  2.60439e-05 -1.11459e-18  1.36244e-05 -2.46136e-20  3.96516e-06  2.18329e-19  1.08212e-07 -4.40413e-20 -6.14312e-07 -1.75828e-19 -4.17717e-07 -1.07554e-19 -1.77207e-07 -1.25824e-20 -5.48564e-08  2.39094e-20 -1.18221e-08  1.98007e-20 -9.59746e-10  8.53735e-21  6.00619e-10  2.46881e-21  3.99247e-10  6.94308e-22  1.55075e-10  4.32392e-22  4.70609e-11  3.54969e-22  1.19939e-11  2.15038e-22  2.63284e-12  8.92245e-23  5.00348e-13  2.33182e-23  8.13564e-14  1.36074e-24  1.08673e-14 -2.41817e-24  1.04263e-15 -1.69147e-24  2.22556e-17 -7.48938e-25 -1.92961e-17 -2.61693e-25 -5.84232e-18 -7.64168e-26  -1.1498e-18  -1.9016e-26 -1.81787e-19 -4.07261e-27 -2.44838e-20  -7.5842e-28  -2.8735e-21 -1.24002e-28 -2.96538e-22 -1.78346e-29 -2.69649e-23 -2.23725e-30 -2.15545e-24 -2.41751e-31 -1.50547e-25 -2.22976e-32 -9.09853e-27 -1.74269e-33 -4.69118e-28 -1.13808e-34 -2.02236e-29 -6.04691e-36 -7.08017e-31 -2.51305e-37 -1.92574e-32 -7.72335e-39 -3.78036e-34  -1.5926e-40 -4.63269e-36 -1.75336e-42  -2.2894e-38
 2.65564e-08  1.93521e-18 -1.40597e-06 -2.97191e-18  1.81152e-05 -4.98354e-18 -9.52502e-05  2.38684e-17  0.000144456 -5.68454e-17  0.000763982  7.30369e-17  -0.00444591 -3.20502e-19   0.00931803  -1.0419e-16   -0.0056817  8.07664e-17    -0.011818  1.37578e-20    0.0232233  2.22378e-17  -0.00665496 -2.07005e-17   -0.0140349 -6.70268e-17   0.00560392  5.97723e-17   0.00841356  3.63771e-17  -0.00104401 -5.56184e-17   -0.0044174  -2.2123e-17  -0.00142498  4.21307e-17   0.00113032  2.47809e-17   0.00118908 -1.83651e-17  0.000313955 -2.04966e-17 -0.000197501 -8.18829e-19 -0.000230091  7.19102e-18 -0.000101366  3.45448e-18 -9.66183e-06 -2.60298e-19  1.79805e-05 -5.75375e-19  1.47624e-05  5.35262e-20  6.55983e-06  9.19121e-20  1.72131e-06 -1.57725e-19  3.48536e-08 -2.26333e-19 -2.43736e-07 -1.21997e-19 -1.59494e-07 -1.70085e-20 -6.69579e-08  2.14654e-20 -2.13668e-08  1.90976e-20 -5.25524e-09  9.21592e-21 -8.88076e-10  3.47484e-21 -2.70709e-11   1.4077e-21  5.24147e-11  7.76209e-22  2.65916e-11  4.66425e-22   8.8585e-12  2.32232e-22  2.37972e-12  8.52658e-23  5.47392e-13  2.01905e-23  1.10518e-13  8.02138e-25  1.98021e-14 -2.07363e-24  3.15996e-15 -1.33426e-24  4.48189e-16 -5.57031e-25  5.60406e-17 -1.84731e-25  6.06823e-18 -5.12912e-26  5.47373e-19  -1.2126e-26   3.7044e-20 -2.46264e-27  1.07887e-21 -4.34009e-28 -1.70422e-22 -6.69954e-29  -3.8458e-23 -9.06741e-30 -4.81198e-24 -1.06599e-30 -4.56378e-25 -1.07442e-31 -3.50855e-26 -9.18893e-33 -2.22467e-27  -6.6042e-34  -1.1602e-28 -3.91971e-35 -4.89573e-30 -1.86195e-36 -1.62053e-31 -6.75138e-38 -3.98916e-33 -1.73653e-39  -6.6182e-35 -2.74799e-41 -5.88662e-37 -1.73084e-43
-6.55052e-19 -3.79598e-08  3.52314e-18 -1.83553e-06 -3.17871e-18  3.17301e-05 -4.47684e-18 -0.000198893  1.97815e-17  0.000534293 -5.50793e-17  1.75499e-05   7.0615e-17  -0.00408532  1.03128e-17    0.0107537 -9.99162e-17  -0.00887398   4.4748e-17  -0.00901726  2.22378e-17    0.0214813  3.99304e-17  -0.00472578 -4.12896e-17   -0.0145796  -5.5966e-17   0.00353132  6.15954e-17   0.00905262  2.39553e-17  0.000592241 -5.97029e-17  -0.00426313 -1.68427e-17  -0.00227145  4.65827e-17  0.000593222  2.63434e-17   0.00124964 -1.72825e-17  0.000577749 -2.09624e-17 -3.74535e-05 -3.17593e-18 -0.000206766  5.29711e-18 -0.000135112  3.33255e-18 -4.15148e-05   5.6382e-19  3.19897e-06  5.60493e-20  1.14974e-05  1.90382e-19  7.40677e-06 -1.73091e-20  2.97326e-06 -2.73988e-19   7.5703e-07 -2.84539e-19  4.35372e-08 -1.44114e-19  -7.6244e-08 -2.70772e-20 -5.19548e-08  1.60555e-20 -2.20484e-08  1.73076e-20 -7.23824e-09  9.58014e-21  -1.9297e-09  4.36323e-21 -4.13738e-10  2.04296e-21 -6.49249e-11  1.06424e-21 -3.92487e-12  5.47638e-22  1.93051e-12  2.38684e-22  1.00086e-12  7.94688e-23  3.08663e-13  1.74355e-23  7.54997e-14  6.21114e-25  1.57643e-14 -1.60991e-24  2.89421e-15 -9.78336e-25  4.73908e-16 -3.87671e-25  6.97056e-17  -1.2231e-25  9.23965e-18 -3.23118e-26  1.10449e-18 -7.25638e-27  1.18925e-19 -1.39675e-27  1.15025e-20 -2.32777e-28  9.95092e-22  -3.3886e-29  7.65502e-23 -4.30896e-30  5.19672e-24 -4.73741e-31  3.08294e-25 -4.44121e-32   1.5784e-26 -3.50854e-33  6.86181e-28 -2.30664e-34   2.4791e-29   -1.235e-35   7.2261e-31 -5.18702e-37  1.62687e-32 -1.61143e-38  2.63521e-34 -3.35085e-40  2.67136e-36 -3.71411e-42  1.10577e-38
 2.83978e-08 -1.75156e-18 -5.90734e-07  4.85255e-18  1.37712e-06 -2.92008e-18  3.27375e-05 -1.25965e-18 -0.000293752  1.24366e-17   0.00102018 -5.24251e-17  -0.00114667  6.74909e-17  -0.00286829  2.02725e-17    0.0111684 -9.21052e-17   -0.0113113  9.08397e-18  -0.00665496  3.99304e-17    0.0200779  5.01577e-17  -0.00316125 -5.15933e-17    -0.014766 -4.05814e-17   0.00150397  6.14003e-17   0.00923216  8.24905e-18   0.00219806 -6.50531e-17  -0.00374452 -1.20196e-17  -0.00293984  5.05065e-17 -6.71824e-05  2.89513e-17   0.00113556 -1.43965e-17  0.000779321 -2.07024e-17   0.00015242 -5.88145e-18 -0.000136229  2.82559e-18 -0.000142453   2.8627e-18 -6.75927e-05  1.27497e-18 -1.46278e-05  6.85446e-19  4.36746e-06  3.51525e-19  6.00912e-06 -1.09312e-19  3.35956e-06 -3.86001e-19  1.27377e-06 -3.47442e-19  3.32859e-07 -1.73807e-19  3.95427e-08 -4.30589e-20 -1.60334e-08  7.61059e-21 -1.36174e-08  1.43142e-20 -6.04854e-09   9.4375e-21 -2.04554e-09  4.96715e-21 -5.71725e-10  2.50234e-21 -1.35365e-10  1.25561e-21  -2.7072e-11  5.87297e-22 -4.41082e-12   2.3279e-22 -5.12197e-13  7.18342e-23  -1.2188e-14  1.49689e-23  1.44021e-14  6.68555e-25  5.26229e-15 -1.12665e-24  1.26163e-15 -6.65076e-25   2.4451e-16 -2.52091e-25  4.06535e-17 -7.58978e-26  5.94133e-18 -1.90981e-26  7.71749e-19 -4.07452e-27  8.95186e-20 -7.43021e-28  9.28065e-21    -1.17e-28  8.58352e-22 -1.60414e-29  7.05255e-23 -1.91307e-30  5.11407e-24 -1.96225e-31  3.24261e-25 -1.70549e-32  1.77504e-26 -1.23903e-33  8.24389e-28  -7.4054e-35   3.1699e-29  -3.5449e-36  9.73621e-31 -1.29825e-37  2.25778e-32 -3.37259e-39  3.57518e-34 -5.37854e-41  3.07099e-36 -3.40918e-43
 3.93417e-19  1.21422e-07  -3.1213e-18 -2.20304e-06   5.2318e-18  1.28727e-05 -2.53908e-18 -1.97226e-06   4.4641e-18 -0.000305457  3.88345e-18   0.00144454 -5.01009e-17  -0.00251266  6.40452e-17 -0.000973063  3.00883e-17     0.010633 -8.36722e-17   -0.0129946 -2.07005e-17  -0.00472578  5.01577e-17    0.0189713  5.12357e-17   -0.0018783 -5.23085e-17    -0.014702 -1.99738e-17  -0.00041016  6.02959e-17   0.00901422  -9.3942e-18   0.00367155 -7.18019e-17  -0.00292567 -9.20243e-18  -0.00336466  5.32113e-17 -0.000770272  3.27559e-17  0.000856582 -9.56753e-18  0.000880311 -1.94858e-17  0.000337374 -8.56931e-18 -2.97091e-05  2.57901e-20 -0.000119002  2.06245e-18 -8.02839e-05  1.76245e-18 -3.05578e-05  1.20722e-18 -4.71379e-06  4.84854e-19  2.66514e-06 -1.97741e-19  2.68623e-06 -4.94171e-19  1.37949e-06 -4.14125e-19  5.09055e-07 -2.10532e-19  1.39806e-07 -6.44002e-20  2.48093e-08 -3.52646e-21 -3.00055e-10  1.01213e-20 -2.48589e-09  8.64047e-21 -1.28251e-09  5.15681e-21 -4.56888e-10  2.71799e-21 -1.32249e-10  1.32737e-21 -3.27267e-11  5.81562e-22 -7.06403e-12  2.14912e-22 -1.33797e-12  6.25703e-23 -2.21361e-13  1.26529e-23 -3.14052e-14  7.86004e-25 -3.63889e-15 -7.02549e-25 -2.93585e-16 -4.17568e-25 -1.57645e-18 -1.52848e-25  5.25421e-18 -4.40865e-26  1.30432e-18  -1.0583e-26  2.18569e-19 -2.14568e-27  2.94893e-20 -3.70561e-28  3.36925e-21 -5.50839e-29  3.32026e-22 -7.10314e-30   2.8373e-23 -7.92878e-31  2.09847e-24 -7.56667e-32  1.33346e-25 -6.07465e-33  7.18818e-27 -4.03757e-34  3.22468e-28 -2.17779e-35  1.17002e-29 -9.21887e-37  3.28613e-31 -2.89159e-38  6.63884e-33 -6.06914e-40  8.34621e-35  -6.7766e-42  4.21869e-37
