  0.00533598 -1.87571e-05    0.0185322 -3.49787e-05    0.0222886 -2.88353e-05    0.0125757 -1.02057e-05   0.00181639  1.58875e-06  -0.00215012  3.36755e-06   -0.0016481  1.64061e-06 -0.000577811  4.31643e-07 -0.000115153   6.4375e-08 -1.24007e-05  4.63537e-09 -4.93903e-07
-1.87571e-05    0.0271989  -6.5895e-05    0.0515397 -8.10607e-05    0.0439051  -4.8136e-05    0.0170641 -9.22367e-06  -0.00114473  6.74802e-06  -0.00479619  6.07452e-06   -0.0026177  2.37006e-06 -0.000770467  5.33829e-07  -0.00013148  6.66057e-08 -1.10879e-05  3.12925e-09
   0.0185322  -6.5895e-05    0.0661637 -0.000127737    0.0840487 -0.000113991    0.0535923  -5.0158e-05      0.01394 -2.55354e-06  -0.00469531  1.02193e-05   -0.0058534  6.56808e-06  -0.00258314  2.15483e-06 -0.000644166  4.05245e-07 -8.81396e-05  3.72416e-08  -4.4761e-06
-3.49787e-05    0.0515397 -0.000127737     0.103147 -0.000169681    0.0980722  -0.00011882    0.0502087  -4.1776e-05   0.00955256  9.92051e-07  -0.00503883  8.92753e-06  -0.00461306  4.76597e-06  -0.00172837  1.31804e-06  -0.00035364  1.93308e-07 -3.43859e-05  1.02633e-08
   0.0222886 -8.10607e-05    0.0840487 -0.000169681      0.11876 -0.000175615    0.0936416 -0.000107021    0.0437218 -3.66343e-05   0.00959044  -2.6581e-06  -0.00172803  3.88994e-06  -0.00204607  2.03189e-06 -0.000684711  4.69855e-07 -0.000108887  4.81141e-08 -5.95146e-06
-2.88353e-05    0.0439051 -0.000113991    0.0980722 -0.000175615      0.11364 -0.000160358    0.0839672 -9.72313e-05    0.0419838 -3.99733e-05    0.0140397 -1.06539e-05   0.00288014  -1.5807e-06  0.000271023 -6.10595e-08  -7.9547e-06   1.1753e-08 -2.56727e-06   6.9429e-10
   0.0125757  -4.8136e-05    0.0535923  -0.00011882    0.0936416 -0.000160358     0.102323 -0.000145856    0.0787877 -9.60659e-05    0.0446695 -4.70528e-05    0.0189253  -1.7221e-05   0.00595441 -4.61052e-06     0.001332 -8.35754e-07  0.000185875 -8.18913e-08  1.04162e-05
-1.02057e-05    0.0170641  -5.0158e-05    0.0502087 -0.000107021    0.0839672 -0.000145856    0.0953165 -0.000139746    0.0777258 -9.74707e-05    0.0464631 -4.98845e-05    0.0202659  -1.8381e-05   0.00621946  -4.5982e-06   0.00122762 -6.80236e-07   0.00012435 -3.85416e-08
  0.00181639 -9.22367e-06      0.01394  -4.1776e-05    0.0437218 -9.72313e-05    0.0787877 -0.000139746    0.0922697 -0.000135382    0.0746776 -9.20232e-05    0.0426746 -4.40676e-05    0.0169922 -1.43985e-05    0.0044636 -2.94714e-06  0.000677168 -3.03205e-07  3.86532e-05
 1.58875e-06  -0.00114473 -2.55354e-06   0.00955256 -3.66343e-05    0.0419838 -9.60659e-05    0.0777258 -0.000135382     0.086834 -0.000122717    0.0646868 -7.55488e-05    0.0329024 -3.15708e-05    0.0111669 -8.53873e-06   0.00233568 -1.31529e-06  0.000242683 -7.54862e-08
 -0.00215012  6.74802e-06  -0.00469531  9.92051e-07   0.00959044 -3.99733e-05    0.0446695 -9.74707e-05    0.0746776 -0.000122717    0.0740065 -9.79351e-05    0.0480892 -5.19784e-05    0.0207773 -1.81034e-05   0.00573126 -3.84218e-06  0.000892055 -4.01987e-07  5.14057e-05
 3.36755e-06  -0.00479619  1.02193e-05  -0.00503883  -2.6581e-06    0.0140397 -4.70528e-05    0.0464631 -9.20232e-05    0.0646868 -9.79351e-05    0.0544414 -6.62761e-05    0.0298149 -2.93374e-05    0.0105791 -8.20732e-06   0.00226884 -1.28705e-06  0.000238586    -7.44e-08
  -0.0016481  6.07452e-06   -0.0058534  8.92753e-06  -0.00172803 -1.06539e-05    0.0189253 -4.98845e-05    0.0426746 -7.55488e-05    0.0480892 -6.62761e-05    0.0335711 -3.71647e-05    0.0151315 -1.33699e-05   0.00427736 -2.88957e-06    0.0006745 -3.05023e-07   3.9085e-05
 1.64061e-06   -0.0026177  6.56808e-06  -0.00461306  3.88994e-06   0.00288014  -1.7221e-05    0.0202659 -4.40676e-05    0.0329024 -5.19784e-05    0.0298149 -3.71647e-05    0.0170227 -1.69816e-05   0.00618762 -4.83793e-06   0.00134506 -7.66099e-07  0.000142398 -4.44766e-08
-0.000577811  2.37006e-06  -0.00258314  4.76597e-06  -0.00204607  -1.5807e-06   0.00595441  -1.8381e-05    0.0169922 -3.15708e-05    0.0207773 -2.93374e-05    0.0151315 -1.69816e-05   0.00698595  -6.2212e-06   0.00200201 -1.35829e-06  0.000318034 -1.44121e-07  1.84911e-05
 4.31643e-07 -0.000770467  2.15483e-06  -0.00172837  2.03189e-06  0.000271023 -4.61052e-06   0.00621946 -1.43985e-05    0.0111669 -1.81034e-05    0.0105791 -1.33699e-05   0.00618762  -6.2212e-06   0.00228028  -1.7908e-06  0.000499513 -2.85175e-07  5.30923e-05 -1.65999e-08
-0.000115153  5.33829e-07 -0.000644166  1.31804e-06 -0.000684711 -6.10595e-08     0.001332  -4.5982e-06    0.0044636 -8.53873e-06   0.00573126 -8.20732e-06   0.00427736 -4.83793e-06   0.00200201  -1.7908e-06  0.000578217 -3.93273e-07   9.2248e-05 -4.18559e-08  5.37464e-06
  6.4375e-08  -0.00013148  4.05245e-07  -0.00035364  4.69855e-07  -7.9547e-06 -8.35754e-07   0.00122762 -2.94714e-06   0.00233568 -3.84218e-06   0.00226884 -2.88957e-06   0.00134506 -1.35829e-06  0.000499513 -3.93273e-07  0.000109902   -6.283e-08  1.17088e-05 -3.66332e-09
-1.24007e-05  6.66057e-08 -8.81396e-05  1.93308e-07 -0.000108887   1.1753e-08  0.000185875 -6.80236e-07  0.000677168 -1.31529e-06  0.000892055 -1.28705e-06    0.0006745 -7.66099e-07  0.000318034 -2.85175e-07   9.2248e-05   -6.283e-08  1.47531e-05 -6.69905e-09  8.60678e-07
 4.63537e-09 -1.10879e-05  3.72416e-08 -3.43859e-05  4.81141e-08 -2.56727e-06 -8.18913e-08   0.00012435 -3.03205e-07  0.000242683 -4.01987e-07  0.000238586 -3.05023e-07  0.000142398 -1.44121e-07  5.30923e-05 -4.18559e-08  1.17088e-05 -6.69905e-09  1.24916e-06 -3.90994e-10
-4.93903e-07  3.12925e-09  -4.4761e-06  1.02633e-08 -5.95146e-06   6.9429e-10  1.04162e-05 -3.85416e-08  3.86532e-05 -7.54862e-08  5.14057e-05    -7.44e-08   3.9085e-05 -4.44766e-08  1.84911e-05 -1.65999e-08  5.37464e-06 -3.66332e-09  8.60678e-07 -3.90994e-10  5.02524e-08
