    0.301048  1.75744e-16    0.0832986  7.77339e-17   -0.0174204  9.44217e-17   -0.0151679  3.19959e-17  -0.00220614   1.9149e-19   0.00130796  9.81848e-21  0.000764774   1.2248e-18  0.000164741  4.70695e-19  8.77829e-06  5.18167e-20  -2.4059e-06 -1.39081e-21 -2.77557e-07
 1.75744e-16     0.145202 -2.19829e-16     0.031045 -3.13012e-17    -0.018946  4.67147e-17   -0.0155443      2.6e-18  -0.00313245 -6.65593e-18   0.00131999  1.02843e-18   0.00101385  2.14978e-18  0.000280572  6.55844e-19  3.55974e-05  6.64398e-20  1.28048e-06  8.68492e-22
   0.0832986 -2.19829e-16    0.0756455 -2.65041e-16    0.0212565 -1.65018e-17   -0.0158581   3.9319e-18   -0.0154434 -2.43498e-17   -0.0042857 -1.23941e-17  0.000793679  8.03044e-19  0.000958225  2.01825e-18   0.00030684  5.24568e-19  4.54056e-05  4.43135e-20  2.27163e-06
 7.77339e-17     0.031045 -2.65041e-16    0.0528696 -1.10333e-16    0.0182297  6.80783e-18   -0.0134371  -2.7893e-17   -0.0152046 -4.12293e-17  -0.00551927  -1.6337e-17 -0.000117147 -6.77633e-19  0.000615665  1.07802e-18  0.000221302  2.42236e-19  2.96721e-05  1.41869e-20
  -0.0174204 -3.13012e-17    0.0212565 -1.10333e-16    0.0433765  1.24555e-17    0.0168118  1.71307e-17   -0.0111887 -4.39652e-17   -0.0147379 -4.72349e-17  -0.00664289 -1.80273e-17  -0.00117153 -2.56792e-18  0.000131444  2.36632e-20  8.61685e-05  2.67927e-20  8.62041e-06
 9.44217e-17    -0.018946 -1.65018e-17    0.0182297  1.24555e-17    0.0377987  7.84016e-17    0.0164667   2.2689e-17  -0.00881092  -4.7147e-17   -0.0137881 -4.57245e-17  -0.00727294 -1.83153e-17   -0.0019699 -4.13736e-18 -0.000244917 -6.16561e-19 -4.36728e-06 -4.04588e-20
  -0.0151679  4.67147e-17   -0.0158581  6.80783e-18    0.0168118  7.84016e-17    0.0346369  1.07973e-16    0.0170244     2.26e-17  -0.00592244 -4.59601e-17   -0.0118959 -4.30718e-17  -0.00690363  -1.8701e-17  -0.00211965 -4.95072e-18 -0.000340656 -7.05646e-19 -1.96948e-05
 3.19959e-17   -0.0155443   3.9319e-18   -0.0134371  1.71307e-17    0.0164667  1.07973e-16    0.0331411  1.07745e-16    0.0185823  1.00642e-17   -0.0020444 -5.12695e-17   -0.0086224 -4.46359e-17  -0.00527611 -1.93768e-17   -0.0015742 -4.65379e-18 -0.000214879 -4.10318e-19
 -0.00220614      2.6e-18   -0.0154434  -2.7893e-17   -0.0111887   2.2689e-17    0.0170244  1.07745e-16    0.0331068  7.73796e-17    0.0213841 -2.30527e-17   0.00308216 -6.91506e-17  -0.00409588 -4.96371e-17   -0.0028322 -1.84354e-17 -0.000751744 -3.21433e-18 -6.52802e-05
  1.9149e-19  -0.00313245 -2.43498e-17   -0.0152046 -4.39652e-17  -0.00881092     2.26e-17    0.0185823  7.73796e-17    0.0345749  1.49806e-17    0.0253822 -7.73391e-17   0.00885612 -9.28904e-17  0.000537422 -5.09353e-17 -0.000625955 -1.41738e-17 -0.000167318 -1.37821e-18
  0.00130796 -6.65593e-18   -0.0042857 -4.12293e-17   -0.0147379  -4.7147e-17  -0.00592244  1.00642e-17    0.0213841  1.49806e-17    0.0373149 -7.33258e-17    0.0295333 -1.35599e-16     0.013477 -1.05152e-16   0.00357864 -4.25084e-17  0.000493194  -7.8581e-18  2.29698e-05
 9.81848e-21   0.00131999 -1.23941e-17  -0.00551927 -4.72349e-17   -0.0137881 -4.59601e-17   -0.0020444 -2.30527e-17    0.0253822 -7.33258e-17    0.0400829 -1.61689e-16    0.0315702 -1.68019e-16    0.0148481 -9.34486e-17   0.00412389 -2.67098e-17  0.000564714 -2.66065e-18
 0.000764774  1.02843e-18  0.000793679  -1.6337e-17  -0.00664289 -4.57245e-17   -0.0118959 -5.12695e-17   0.00308216 -7.73391e-17    0.0295333 -1.61689e-16    0.0404336 -2.11574e-16    0.0292378 -1.55912e-16    0.0123937 -6.30508e-17   0.00286046 -1.17448e-17  0.000241187
  1.2248e-18   0.00101385  8.03044e-19 -0.000117147 -1.80273e-17  -0.00727294 -4.30718e-17   -0.0086224 -6.91506e-17   0.00885612 -1.35599e-16    0.0315702 -2.11574e-16    0.0360742 -2.00711e-16    0.0224064 -1.09507e-16   0.00780533 -3.12309e-17   0.00128353 -3.11726e-18
 0.000164741  2.14978e-18  0.000958225 -6.77633e-19  -0.00117153 -1.83153e-17  -0.00690363 -4.46359e-17  -0.00409588 -9.28904e-17     0.013477 -1.68019e-16    0.0292378 -2.00711e-16    0.0270744 -1.43578e-16    0.0136851 -5.76066e-17   0.00360417 -1.07054e-17  0.000335176
 4.70695e-19  0.000280572  2.01825e-18  0.000615665 -2.56792e-18   -0.0019699  -1.8701e-17  -0.00527611 -4.96371e-17  0.000537422 -1.05152e-16    0.0148481 -1.55912e-16    0.0224064 -1.43578e-16      0.01641 -7.75128e-17   0.00641699 -2.20194e-17   0.00114769 -2.19338e-18
 8.77829e-06  6.55844e-19   0.00030684  1.07802e-18  0.000131444 -4.13736e-18  -0.00211965 -1.93768e-17   -0.0028322 -5.09353e-17   0.00357864 -9.34486e-17    0.0123937 -1.09507e-16    0.0136851 -7.75128e-17   0.00773206 -3.09636e-17   0.00220201 -5.73862e-18  0.000216616
 5.18167e-20  3.55974e-05  5.24568e-19  0.000221302  2.36632e-20 -0.000244917 -4.95072e-18   -0.0015742 -1.84354e-17 -0.000625955 -4.25084e-17   0.00412389 -6.30508e-17   0.00780533 -5.76066e-17   0.00641699 -3.09636e-17   0.00270899 -8.77234e-18  0.000511462  -8.7176e-19
 -2.4059e-06  6.64398e-20  4.54056e-05  2.42236e-19  8.61685e-05 -6.16561e-19 -0.000340656 -4.65379e-18 -0.000751744 -1.41738e-17  0.000493194 -2.67098e-17   0.00286046 -3.12309e-17   0.00360417 -2.20194e-17   0.00220201 -8.77234e-18  0.000661583  -1.6218e-18  6.76094e-05
-1.39081e-21  1.28048e-06  4.43135e-20  2.96721e-05  2.67927e-20 -4.36728e-06 -7.05646e-19 -0.000214879 -3.21433e-18 -0.000167318  -7.8581e-18  0.000564714 -1.17448e-17   0.00128353 -1.07054e-17   0.00114769 -5.73862e-18  0.000511462  -1.6218e-18  0.000100295 -1.60753e-19
-2.77557e-07  8.68492e-22  2.27163e-06  1.41869e-20  8.62041e-06 -4.04588e-20 -1.96948e-05 -4.10318e-19 -6.52802e-05 -1.37821e-18  2.29698e-05 -2.66065e-18  0.000241187 -3.11726e-18  0.000335176 -2.19338e-18  0.000216616  -8.7176e-19  6.76094e-05 -1.60753e-19  7.09911e-06
