  1.5578e-08   2.6941e-23 -3.17541e-07 -5.35586e-22  2.17395e-06  3.32528e-21 -7.32433e-06 -1.35912e-20  1.27863e-05  4.08355e-20 -1.01507e-05 -8.14697e-20  1.28976e-06  9.65197e-20  1.63939e-06 -6.01917e-20 -6.22227e-08   1.5803e-20  -8.5293e-08 -6.39709e-22 -4.67858e-09
  2.6941e-23  4.71689e-07  2.55457e-22 -5.13232e-06 -2.38224e-21  2.46468e-05  8.75849e-21 -6.13797e-05 -3.87597e-20  7.70248e-05  1.41479e-19 -3.59133e-05 -2.86827e-19 -7.40737e-06  2.98245e-19  5.53773e-06 -1.44678e-19  1.05404e-06  2.64807e-20 -6.12451e-08  -1.0349e-21
-3.17541e-07  2.55457e-22  6.64059e-06  5.29807e-22 -4.69956e-05  7.36565e-21  0.000165306 -4.97183e-20 -0.000305552  3.89341e-20  0.000263553  2.43311e-19 -4.45706e-05 -6.22658e-19 -4.54777e-05  5.59895e-19  3.50721e-06 -1.93692e-19  2.81967e-06  2.26867e-20  1.41633e-07
-5.35586e-22 -5.13232e-06  5.29807e-22  5.77309e-05 -7.42335e-21 -0.000289501  1.34861e-19  0.000763202 -5.02614e-19  -0.00103575  6.31544e-19  0.000552782  1.50164e-19  8.44621e-05 -9.94591e-19 -9.65241e-05  7.24464e-19 -1.56157e-05 -1.43834e-19  1.62172e-06  7.91423e-21
 2.17395e-06 -2.38224e-21 -4.69956e-05 -7.42335e-21  0.000347317 -7.68757e-20  -0.00129314  7.85471e-19   0.00257981 -2.18394e-18  -0.00248992  2.36141e-18  0.000592308 -2.21725e-19   0.00045073 -1.31263e-18 -6.78542e-05  6.73818e-19  -3.5126e-05 -3.16074e-20 -1.45853e-06
 3.32528e-21  2.46468e-05  7.36565e-21 -0.000289501 -7.68757e-20   0.00153663 -3.95032e-19   -0.0043684    2.882e-18   0.00658262 -6.21814e-18  -0.00419915  5.35963e-18  -0.00028503 -5.16527e-19  0.000837716 -1.52697e-18   9.6847e-05  4.72944e-19 -2.16935e-05  3.27634e-20
-7.32433e-06  8.75849e-21  0.000165306  1.34861e-19  -0.00129314 -3.95032e-19   0.00519062 -1.37331e-18   -0.0114625  7.63844e-18    0.0128435 -1.29287e-17  -0.00445943   8.4978e-18  -0.00231112 -2.31856e-19  0.000695993 -1.48832e-18  0.000245461  2.96059e-19   6.3626e-06
-1.35912e-20 -6.13797e-05 -4.97183e-20  0.000763202  7.85471e-19   -0.0043684 -1.37331e-18    0.0137349 -3.55017e-18   -0.0237993  1.54971e-17    0.0190816 -2.05656e-17  -0.00116531  9.78223e-18  -0.00433892  4.80463e-19 -0.000173528 -1.00272e-18  0.000177641  1.92438e-19
 1.27863e-05 -3.87597e-20 -0.000305552 -5.02614e-19   0.00257981    2.882e-18   -0.0114625 -3.55017e-18    0.0290364 -7.14254e-18   -0.0396561  2.48498e-17    0.0208058 -2.55223e-17   0.00586983  7.96176e-18  -0.00430024  8.06586e-19  -0.00102182 -2.35605e-19  6.38181e-06
 4.08355e-20  7.70248e-05  3.89341e-20  -0.00103575 -2.18394e-18   0.00658262  7.63844e-18   -0.0237993 -7.14254e-18    0.0499205 -1.15092e-17   -0.0536779   3.2217e-17     0.014199 -2.46059e-17    0.0133767  3.76891e-18  -0.00144889  3.95521e-19 -0.000939904  2.34137e-19
-1.01507e-05  1.41479e-19  0.000263553  6.31544e-19  -0.00248992 -6.21814e-18    0.0128435  1.54971e-17   -0.0396561 -1.15092e-17    0.0711823 -1.52696e-17   -0.0597016  3.46145e-17 -0.000475906 -1.75153e-17    0.0162524 -3.62892e-19   0.00206098 -8.99641e-20 -0.000241224
-8.14697e-20 -3.59133e-05  2.43311e-19  0.000552782  2.36141e-18  -0.00419915 -1.29287e-17    0.0190816  2.48498e-17   -0.0536779 -1.52696e-17    0.0864312 -1.74191e-17   -0.0550102  3.19673e-17   -0.0183985  -7.1388e-18    0.0116508 -1.96973e-18   0.00308455 -6.19701e-20
 1.28976e-06 -2.86827e-19 -4.45706e-05  1.50164e-19  0.000592308  5.35963e-18  -0.00445943 -2.05656e-17    0.0208058   3.2217e-17   -0.0597016 -1.74191e-17    0.0929253 -1.84954e-17   -0.0413572   2.6485e-17   -0.0325389  2.31256e-18   0.00232295 -8.29397e-19   0.00143851
 9.65197e-20 -7.40737e-06 -6.22658e-19  8.44621e-05 -2.21725e-19  -0.00028503   8.4978e-18  -0.00116531 -2.55223e-17     0.014199  3.46145e-17   -0.0550102 -1.84954e-17    0.0936469 -2.05164e-17    -0.021619  1.94837e-17   -0.0361497  7.26602e-18  -0.00448625  5.52871e-19
 1.63939e-06  2.98245e-19 -4.54777e-05 -9.94591e-19   0.00045073 -5.16527e-19  -0.00231112  9.78223e-18   0.00586983 -2.46059e-17 -0.000475906  3.19673e-17   -0.0413572 -2.05164e-17    0.0948956 -2.56999e-17   0.00314334  1.01835e-17   -0.0261124  6.39336e-18  -0.00416439
-6.01917e-20  5.53773e-06  5.59895e-19 -9.65241e-05 -1.31263e-18  0.000837716 -2.31856e-19  -0.00433892  7.96176e-18    0.0133767 -1.75153e-17   -0.0183985   2.6485e-17    -0.021619 -2.56999e-17     0.101589 -3.43424e-17    0.0303551 -7.68085e-19  -0.00854003  2.36659e-18
-6.22227e-08 -1.44678e-19  3.50721e-06  7.24464e-19 -6.78542e-05 -1.52697e-18  0.000695993  4.80463e-19  -0.00430024  3.76891e-18    0.0162524  -7.1388e-18   -0.0325389  1.94837e-17   0.00314334 -3.43424e-17     0.111405 -4.20457e-17    0.0490559 -8.03726e-18    0.0026046
  1.5803e-20  1.05404e-06 -1.93692e-19 -1.56157e-05  6.73818e-19   9.6847e-05 -1.48832e-18 -0.000173528  8.06586e-19  -0.00144889 -3.62892e-19    0.0116508  2.31256e-18   -0.0361497  1.01835e-17    0.0303551 -4.20457e-17     0.110816 -4.03885e-17    0.0451361 -6.83678e-18
 -8.5293e-08  2.64807e-20  2.81967e-06 -1.43834e-19  -3.5126e-05  4.72944e-19  0.000245461 -1.00272e-18  -0.00102182  3.95521e-19   0.00206098 -1.96973e-18   0.00232295  7.26602e-18   -0.0261124 -7.68085e-19    0.0490559 -4.03885e-17     0.085247 -2.61936e-17    0.0219993
-6.39709e-22 -6.12451e-08  2.26867e-20  1.62172e-06 -3.16074e-20 -2.16935e-05  2.96059e-19  0.000177641 -2.35605e-19 -0.000939904 -8.99641e-20   0.00308455 -8.29397e-19  -0.00448625  6.39336e-18  -0.00854003 -8.03726e-18    0.0451361 -2.61936e-17    0.0422506 -9.09966e-18
-4.67858e-09  -1.0349e-21  1.41633e-07  7.91423e-21 -1.45853e-06  3.27634e-20   6.3626e-06  1.92438e-19  6.38181e-06  2.34137e-19 -0.000241224 -6.19701e-20   0.00143851  5.52871e-19  -0.00416439  2.36659e-18    0.0026046 -6.83678e-18    0.0219993 -9.09966e-18   0.00978012
