 1.05734e-10  1.84846e-26 -2.21343e-09  1.40913e-25  1.79654e-08 -6.94118e-24 -8.66197e-08  3.78889e-23  2.82884e-07  -1.0151e-22 -6.60234e-07   1.6908e-22  1.11456e-06 -1.57775e-22 -1.31788e-06 -2.84048e-23  9.50016e-07  3.68828e-22 -1.30637e-07 -6.26938e-22 -5.14508e-07   4.9274e-22   4.7247e-07  7.02355e-23  2.65516e-08 -6.59023e-22 -3.01758e-07  7.68876e-22  1.14161e-07 -3.47246e-22  1.30858e-07 -1.51703e-22  -9.7817e-08  3.10319e-22 -4.71515e-08 -1.57763e-22  5.49022e-08 -1.72518e-23  1.66862e-08  5.64046e-23 -2.43758e-08 -1.41984e-23 -6.84992e-09 -1.44695e-23  8.55195e-09  1.01443e-23  3.05498e-09 -4.00507e-25 -2.07737e-09 -4.50778e-25 -1.09803e-09 -1.02272e-24  2.13094e-10  5.06016e-25    2.147e-10  3.04637e-27  2.11228e-11  1.07479e-26 -8.93502e-12 -1.22271e-26    -1.22e-12
 1.84846e-26   3.1675e-09 -1.61868e-26 -3.73653e-08  1.36901e-23  2.28132e-07 -1.24631e-22 -8.96793e-07   4.6281e-22  2.46864e-06 -1.06268e-21 -4.91024e-06  1.68037e-21  7.00474e-06 -1.68454e-21 -6.69187e-06  4.03515e-22  3.14473e-06  1.99918e-21  1.40238e-06 -4.04161e-21 -3.23377e-06  3.90142e-21  1.34384e-06 -1.32762e-21  1.23017e-06 -1.65177e-21 -1.39656e-06  2.63602e-21 -1.61975e-07  -1.3697e-21  8.25849e-07 -3.44384e-22 -1.18025e-07  9.57592e-22 -3.94668e-07 -5.43427e-22  1.06075e-07  1.14343e-23  1.68946e-07  1.36445e-22 -4.81242e-08 -3.51425e-23 -6.59339e-08 -3.93416e-23  1.24256e-08  2.46806e-23  2.17964e-08 -2.14044e-24 -2.93143e-10  3.39638e-24 -4.99793e-09 -4.23601e-24 -9.08673e-10  7.22351e-25  4.79392e-10  9.75831e-26  1.66854e-10  8.35679e-26  5.42595e-12 -1.93446e-26
-2.21343e-09 -1.61868e-26  4.63621e-08 -8.33688e-24 -3.76624e-07  1.92785e-22  1.81812e-06 -1.05508e-21 -5.94783e-06  3.14651e-21  1.39151e-05  -6.5363e-21 -2.35715e-05  1.00377e-20   2.8021e-05 -1.09063e-20  -2.0415e-05  6.53762e-21  3.07951e-06  2.27153e-21  1.08508e-05 -1.02138e-20 -1.02842e-05  1.12834e-20 -2.87591e-07 -4.90932e-21  6.44445e-06 -2.77106e-21 -2.67121e-06  5.40678e-21 -2.69608e-06 -2.73881e-21  2.22526e-06 -8.55842e-22  9.04336e-07  2.08466e-21 -1.23957e-06 -1.19828e-21 -2.87051e-07  7.47313e-23  5.52824e-07  2.39323e-22  1.10936e-07 -3.21493e-23  -1.9899e-07 -9.06228e-23 -5.21432e-08  4.02533e-23  5.21125e-08  -1.0122e-23  2.07563e-08  1.74984e-23 -7.09894e-09 -8.47741e-24 -4.65304e-09 -1.43704e-25 -1.23872e-10  1.95904e-26  2.62744e-10  1.77392e-25  2.67792e-11
 1.40913e-25 -3.73653e-08 -8.33688e-24  4.41168e-07 -9.99717e-23 -2.69703e-06  1.24336e-21  1.06216e-05 -5.03037e-21 -2.93138e-05  1.27501e-20  5.85204e-05 -2.40814e-20 -8.39425e-05  3.50605e-20  8.09577e-05 -3.80223e-20 -3.90797e-05  2.69174e-20 -1.57961e-05 -4.86226e-21  3.91026e-05 -1.49411e-20 -1.73799e-05  1.93445e-20 -1.41077e-05 -8.63045e-21  1.73997e-05 -4.03624e-21  1.12041e-06   7.6678e-21 -1.00487e-05 -3.03582e-21  2.02412e-06 -2.43775e-21  4.67953e-06  3.90865e-21  -1.6297e-06 -2.03633e-21 -1.95719e-06  3.36135e-23  7.59687e-07  3.59052e-22  7.58822e-07  6.64037e-23 -2.29753e-07 -1.74999e-22 -2.57556e-07  5.13935e-23  3.11513e-08 -4.06572e-23  6.39998e-08  4.29712e-23  5.54355e-09 -8.23842e-24 -7.65667e-09 -1.80855e-24 -1.86242e-09 -4.26093e-25  4.72005e-11  1.64185e-25
 1.79654e-08  1.36901e-23 -3.76624e-07 -9.99717e-23  3.06356e-06 -5.64079e-22 -1.48173e-05  4.69714e-21  4.86041e-05 -1.50351e-20 -0.000114144  3.30244e-20   0.00019443 -5.69139e-20 -0.000233188  7.82211e-20  0.000172997 -8.28634e-20 -3.03123e-05   6.1671e-20 -8.81704e-05 -2.21509e-20  8.81438e-05 -1.19821e-20 -1.53954e-06  2.07231e-20 -5.32299e-05 -8.26515e-21  2.51171e-05 -5.25321e-21  2.08821e-05  7.22453e-21 -1.99951e-05 -3.64054e-22 -6.10185e-06 -6.19374e-21  1.09413e-05  6.72247e-21  1.48003e-06 -2.74413e-21 -4.86618e-06 -3.54286e-22 -4.66829e-07  3.99411e-22  1.78967e-06  3.33371e-22  2.58618e-07 -2.50384e-22 -5.03216e-07   7.1588e-23 -1.30055e-07 -1.14917e-22  8.51131e-08   6.4683e-23  3.60795e-08  1.22031e-24 -3.09607e-09 -2.44191e-24 -2.80214e-09 -8.23227e-25 -1.95624e-10
-6.94118e-24  2.28132e-07  1.92785e-22 -2.69703e-06 -5.64079e-22  1.65198e-05  -1.8935e-21 -6.52386e-05  1.12771e-20  0.000180749 -2.89106e-20 -0.000362856  5.51683e-20  0.000524906 -8.80007e-20 -0.000513797  1.16963e-19  0.000258666 -1.24187e-19  8.72773e-05  9.75758e-20 -0.000245985  -4.7127e-20  0.000120457  4.48941e-21  8.07613e-05  8.93991e-21  -0.00011364 -2.38694e-21   1.0162e-06 -4.27894e-21  6.30105e-05  1.92668e-21 -1.80854e-05  6.77573e-21 -2.80235e-05 -1.30854e-20  1.31803e-05   1.0348e-20  1.11996e-05 -2.62413e-21 -6.21966e-06 -1.15098e-21 -4.24496e-06  9.69175e-23  2.08635e-06  7.07295e-22  1.47797e-06 -2.31434e-22 -4.28663e-07  1.55834e-22 -4.02722e-07 -2.26419e-22  1.75926e-08  5.58111e-23  5.96369e-08  1.58924e-23  8.56976e-09 -1.21064e-24 -1.35807e-09  -6.4122e-25
-8.66197e-08 -1.24631e-22  1.81812e-06  1.24336e-21 -1.48173e-05  -1.8935e-21  7.18646e-05 -4.01737e-21 -0.000236662  1.65322e-20  0.000558902 -3.13198e-20 -0.000959863  5.04523e-20   0.00116644 -8.00542e-20 -0.000888963  1.16138e-19  0.000188711 -1.38859e-19  0.000421168  1.25686e-19 -0.000456714 -8.18834e-20  3.76615e-05  3.96652e-20   0.00025948 -1.53362e-20 -0.000145017   3.2256e-21 -9.09165e-05  3.12379e-21  0.000108456 -9.53418e-21  1.93865e-05  1.92416e-20 -5.74933e-05 -2.30983e-20 -6.44873e-07  1.33481e-20  2.51901e-05 -8.67675e-22 -1.00842e-06 -1.84108e-21 -9.37821e-06 -7.66816e-22   3.0422e-08  8.72033e-22  2.80833e-06 -9.45466e-23  2.85837e-07  3.69352e-22 -5.64945e-07 -3.15669e-22 -1.36739e-07  5.92892e-24  4.39671e-08  2.50365e-23  1.60316e-08  2.23563e-25  5.13849e-10
 3.78889e-23 -8.96793e-07 -1.05508e-21  1.06216e-05  4.69714e-21 -6.52386e-05 -4.01737e-21  0.000258654 -4.83638e-21 -0.000720646  7.62048e-21   0.00145839   4.7973e-21  -0.00213561 -1.53505e-20   0.00213546 -5.43749e-21  -0.00113988  6.60643e-20 -0.000279905 -1.33629e-19    0.0010011  1.59681e-19 -0.000557219 -1.39141e-19 -0.000278353  9.50474e-20  0.000483632 -4.11603e-20 -5.21822e-05 -2.22746e-21 -0.000251091  2.00801e-20  0.000103547 -2.73021e-20  0.000102845  3.71501e-20 -6.89705e-05 -3.41098e-20 -3.73768e-05  1.30524e-20  3.24578e-05  2.50149e-21   1.3256e-05 -1.38322e-21 -1.16226e-05 -1.89357e-21 -4.70336e-06  4.02889e-22  2.93315e-06  1.92333e-23  1.44684e-06  6.95908e-22 -3.76952e-07  -3.0468e-22 -2.71336e-07 -5.87067e-23 -7.17696e-09  2.30543e-23  1.13061e-08  3.16656e-25
 2.82884e-07   4.6281e-22 -5.94783e-06 -5.03037e-21  4.86041e-05  1.12771e-20 -0.000236662 -4.83638e-21  0.000783741  4.45613e-22  -0.00186567 -3.30476e-20   0.00324171  1.02028e-19  -0.00401336 -1.53184e-19   0.00317506  1.22678e-19 -0.000838236  7.98512e-22  -0.00133611 -1.44797e-19   0.00163496  2.27669e-19 -0.000278576 -2.31699e-19 -0.000843328  1.60961e-19  0.000584333 -5.05642e-20  0.000237938  -2.5953e-20 -0.000402875  4.48356e-20 -9.88135e-06 -5.06634e-20  0.000202549   5.8906e-20 -3.06747e-05 -4.14131e-20 -8.54812e-05  7.13899e-21  1.94218e-05  5.85426e-21  3.15983e-05   9.1398e-22 -6.55824e-06 -2.29666e-21 -9.95007e-06 -8.07983e-22  9.74571e-07 -1.29149e-22  2.32431e-06  9.91904e-22  1.46531e-07 -1.75498e-22 -2.69167e-07 -9.52019e-23 -5.03428e-08  1.46484e-23  1.73851e-09
 -1.0151e-22  2.46864e-06  3.14651e-21 -2.93138e-05 -1.50351e-20  0.000180749  1.65322e-20 -0.000720646  4.45613e-22    0.0020238  1.77913e-20  -0.00414245 -1.17392e-19   0.00617109   2.5982e-19   -0.0063555 -3.36564e-19   0.00366181  2.53884e-19  0.000474126 -2.83292e-20  -0.00286087 -2.06511e-19    0.0018743  3.48686e-19  0.000574234 -3.54377e-19  -0.00145428  2.12859e-19  0.000349417 -2.90661e-20  0.000677578 -6.28257e-20 -0.000412169  7.07726e-20 -0.000235356 -7.83516e-20  0.000251457  8.00122e-20  6.60831e-05 -3.93492e-20 -0.000115878  -4.0738e-21 -1.76198e-05  6.58173e-21  4.29279e-05  4.31704e-21  6.10272e-06 -8.93756e-22 -1.22494e-05 -2.25511e-21 -2.51269e-06 -6.57499e-22  2.22909e-06  1.07607e-21  6.99701e-07 -3.45374e-24 -1.25233e-07 -8.50772e-23 -5.03795e-08    6.802e-24
-6.60234e-07 -1.06268e-21  1.39151e-05  1.27501e-20 -0.000114144 -2.89106e-20  0.000558902  7.62048e-21  -0.00186567  1.77913e-20   0.00449157  5.09029e-20   -0.0079337  -2.4126e-19    0.0100796   4.4997e-19  -0.00838406 -5.14326e-19   0.00279242  3.33198e-19   0.00290331   8.6467e-21  -0.00427745  -3.2913e-19   0.00122905  5.17265e-19   0.00188412 -4.74877e-19  -0.00172934  2.20933e-19 -0.000304023  2.03937e-20   0.00107046 -9.41638e-20 -0.000180917  9.07538e-20 -0.000490904 -1.08079e-19  0.000189314  9.36508e-20  0.000189713 -2.48366e-20 -0.000101292 -1.66721e-20 -6.62417e-05  3.00692e-21  3.78683e-05  6.62734e-21  2.13916e-05  2.50691e-21 -9.49117e-06 -3.04022e-21 -5.81602e-06 -1.40833e-21  1.09654e-06  8.83959e-22  9.37955e-07  1.04646e-22  4.61585e-08 -4.78116e-23 -2.00219e-08
  1.6908e-22 -4.91024e-06  -6.5363e-21  5.85204e-05  3.30244e-20 -0.000362856 -3.13198e-20   0.00145839 -3.30476e-20  -0.00414245  5.09029e-20   0.00861769  9.76651e-20   -0.0131517 -3.82802e-19    0.0141034    6.302e-19  -0.00894649 -6.36328e-19  9.03912e-05  3.32579e-19   0.00588565  1.07987e-19  -0.00475092 -5.01453e-19 -0.000447206  6.98821e-19   0.00316191 -5.43646e-19  -0.00134464  1.71577e-19  -0.00120717  7.09562e-20   0.00117851 -9.76712e-20  0.000261578  1.01829e-19 -0.000650608 -1.35821e-19    1.145e-05  9.35281e-20  0.000284808 -2.53889e-22 -3.69592e-05 -2.46734e-20 -0.000105195 -4.09579e-21  1.56092e-05  5.53326e-21  3.23684e-05  6.75899e-21 -2.41206e-06 -2.48891e-21 -7.28506e-06 -2.02223e-21   -4.834e-07  5.29937e-22   7.4991e-07   1.0584e-22  1.21208e-07 -1.47944e-23
 1.11456e-06  1.68037e-21 -2.35715e-05 -2.40814e-20   0.00019443  5.51683e-20 -0.000959863   4.7973e-21   0.00324171 -1.17392e-19   -0.0079337  9.76651e-20    0.0143489  1.49665e-19   -0.0189043  -5.1449e-19    0.0168092  7.65499e-19  -0.00712398 -6.76455e-19  -0.00407677  2.63854e-19   0.00830541  2.45605e-19  -0.00371262 -6.95676e-19  -0.00272788  8.36636e-19   0.00380199 -5.22518e-19 -0.000290265  8.45754e-20  -0.00201059  8.36975e-20  0.000886999 -6.31628e-20  0.000763358  1.06531e-19 -0.000627897 -1.56192e-19 -0.000225445  7.69285e-20  0.000308094  2.67095e-20  5.68233e-05 -2.30022e-20 -0.000117947 -1.17435e-20 -1.62274e-05  2.54636e-22  3.44093e-05  9.95607e-21  6.12661e-06 -6.69282e-22  -6.3233e-06 -2.18307e-21 -1.71224e-06  2.13665e-22  3.15435e-07  4.68912e-23  7.88205e-08
-1.57775e-22  7.00474e-06  1.00377e-20 -8.39425e-05 -5.69139e-20  0.000524906  5.04523e-20  -0.00213561  1.02028e-19   0.00617109  -2.4126e-19   -0.0131517  1.49665e-19    0.0207893  1.97426e-19   -0.0235861 -6.21016e-19    0.0168711  8.42059e-19  -0.00294702 -6.47001e-19  -0.00847319  1.70987e-19   0.00911665  3.91808e-19  -0.00130865 -8.67585e-19  -0.00481257  8.78743e-19   0.00347933 -4.14359e-19   0.00110052  7.69557e-21  -0.00240699  3.38499e-20  0.000276223 -1.76629e-21   0.00114947  1.10835e-19 -0.000423899 -1.63821e-19 -0.000442886  4.58415e-20  0.000250625  4.60048e-20  0.000149533 -9.92216e-21 -0.000100333 -1.63849e-20 -4.69377e-05 -7.88965e-21  2.70643e-05  1.06122e-20  1.29382e-05  1.57615e-21 -3.53137e-06 -1.83747e-21 -2.07368e-06  6.08973e-23 -5.22425e-08  5.07437e-25
-1.31788e-06 -1.68454e-21   2.8021e-05  3.50605e-20 -0.000233188 -8.80007e-20   0.00116644 -1.53505e-20  -0.00401336   2.5982e-19    0.0100796 -3.82802e-19   -0.0189043  1.97426e-19    0.0262771  2.37926e-19   -0.0255922 -7.04238e-19    0.0139507  8.68337e-19   0.00240655  -5.9927e-19   -0.0116526  1.07967e-19   0.00802195  5.13833e-19   0.00166134   -9.683e-19  -0.00603119  8.12083e-19   0.00233517 -2.66722e-19   0.00238279 -1.20103e-20  -0.00230363 -6.93701e-20 -0.000456312   5.8965e-20   0.00131998  1.20679e-19 -0.000106756 -1.54261e-19 -0.000583944  6.19583e-21  0.000132795  4.90415e-20  0.000216485  1.21113e-20 -5.89878e-05 -1.55958e-20 -6.78912e-05 -1.62554e-20  1.32548e-05  8.57647e-21  1.59294e-05  3.12399e-21 -2.15572e-07 -1.21297e-21 -1.57439e-06  4.49874e-23 -1.46609e-07
-2.84048e-23 -6.69187e-06 -1.09063e-20  8.09577e-05  7.82211e-20 -0.000513797 -8.00542e-20   0.00213546 -1.53184e-19   -0.0063555   4.4997e-19    0.0141034  -5.1449e-19   -0.0235861  2.37926e-19    0.0291093  2.75159e-19   -0.0243052 -7.67956e-19   0.00905974   8.6989e-19    0.0072489  -6.0195e-19   -0.0128392  1.14384e-19      0.00561  5.76556e-19   0.00428949 -9.69588e-19  -0.00621046  6.69441e-19  0.000803045 -1.42409e-19   0.00326622  4.12676e-20  -0.00180942  -1.8689e-19  -0.00112812  8.95427e-20    0.0012701  1.37996e-19  0.000240917 -1.24363e-19 -0.000627935 -3.36779e-20 -1.36049e-05  3.20105e-20  0.000245391   3.7111e-20 -5.70077e-06 -8.96918e-21 -7.47818e-05 -2.21925e-20 -2.56746e-06  5.06565e-21  1.46393e-05  3.28874e-21  2.28362e-06 -6.19363e-22 -6.85226e-07  5.33784e-23
 9.50016e-07  4.03515e-22  -2.0415e-05 -3.80223e-20  0.000172997  1.16963e-19 -0.000888963 -5.43749e-21   0.00317506 -3.36564e-19  -0.00838406    6.302e-19    0.0168092 -6.21016e-19   -0.0255922  2.75159e-19    0.0285654  3.09963e-19   -0.0205748 -8.01527e-19   0.00397483   8.7984e-19    0.0104128 -6.98336e-19   -0.0122857  1.98657e-19   0.00284233   5.5522e-19   0.00609074 -8.75837e-19  -0.00561546  4.98951e-19 -0.000713469 -8.13306e-20   0.00369453  1.44474e-19  -0.00110209 -2.73686e-19  -0.00164004  7.25019e-20   0.00104907  1.57762e-19  0.000556471 -7.34421e-20 -0.000581063 -6.50942e-20 -0.000158979 -2.09735e-21  0.000235064  5.75143e-20  4.73622e-05  1.86939e-21 -6.75683e-05 -2.40687e-20 -1.60752e-05  1.81849e-21   1.0089e-05  2.25052e-21  3.14708e-06 -2.22578e-22 -3.84214e-08
 3.68828e-22  3.14473e-06  6.53762e-21 -3.90797e-05 -8.28634e-20  0.000258666  1.16138e-19  -0.00113988  1.22678e-19   0.00366181 -5.14326e-19  -0.00894649  7.65499e-19    0.0168711 -7.04238e-19   -0.0243052  3.09963e-19    0.0254295  3.30016e-19   -0.0161813 -7.85009e-19  0.000113722  9.18107e-19    0.0118113 -8.67568e-19   -0.0108477  3.34146e-19   0.00040375  4.49848e-19   0.00708994  -7.0577e-19  -0.00462413  3.29747e-19  -0.00201209 -8.40658e-20   0.00374753  2.55477e-19 -0.000323903 -3.02609e-19  -0.00196376  9.32906e-21   0.00071733  1.68725e-19  0.000802928 -5.06993e-21 -0.000462808 -8.15783e-20 -0.000281194 -4.42174e-20  0.000191761  6.70521e-20  9.03395e-05  1.38616e-20 -4.94113e-05 -2.17074e-20  -2.4165e-05 -1.56088e-23  4.24787e-06  8.29365e-22  2.40088e-06 -2.26754e-23
-1.30637e-07  1.99918e-21  3.07951e-06  2.69174e-20 -3.03123e-05 -1.24187e-19  0.000188711  6.60643e-20 -0.000838236  2.53884e-19   0.00279242 -6.36328e-19  -0.00712398  8.42059e-19    0.0139507 -7.67956e-19   -0.0205748  3.30016e-19    0.0214733  3.15226e-19   -0.0126662 -7.09215e-19  -0.00217913  9.65503e-19    0.0121232  -1.0256e-18  -0.00927007  4.72254e-19  -0.00152696  2.80074e-19   0.00753849  -4.6946e-19  -0.00348816  1.67901e-19  -0.00305005 -1.23813e-19   0.00352528   3.4123e-19  0.000437929 -2.72988e-19  -0.00210565 -8.12485e-20  0.000328531  1.58106e-19  0.000962795  7.26475e-20 -0.000297346 -8.07319e-20  -0.00036637 -8.34264e-20  0.000125863  6.33807e-20  0.000116843  2.34847e-20 -2.53551e-05 -1.62892e-20  -2.5523e-05 -4.18837e-22 -6.64894e-07 -1.75825e-22  9.48422e-07
-6.26938e-22  1.40238e-06  2.27153e-21 -1.57961e-05   6.1671e-20  8.72773e-05 -1.38859e-19 -0.000279905  7.98512e-22  0.000474126  3.33198e-19  9.03912e-05 -6.76455e-19  -0.00294702  8.68337e-19   0.00905974 -8.01527e-19   -0.0161813  3.15226e-19    0.0182734  2.56002e-19   -0.0105221 -5.82324e-19   -0.0034203  9.58858e-19    0.0120597 -1.07533e-18  -0.00784212  5.68748e-19   -0.0030607  6.67929e-20   0.00764109 -1.75998e-19  -0.00231795  1.57669e-20  -0.00383905 -1.69952e-19    0.0031063  3.91617e-19   0.00113102 -2.02974e-19  -0.00208619   -1.726e-19 -7.34041e-05  1.17099e-19    0.0010322  1.49395e-19 -0.000108978   -6.389e-20 -0.000408141 -1.12258e-19  4.93021e-05  4.90185e-20  0.000124206  2.79391e-20 -1.07285e-06 -9.78075e-21 -2.07637e-05 -1.46986e-22  -2.9381e-06 -4.51111e-22
-5.14508e-07 -4.04161e-21  1.08508e-05 -4.86226e-21 -8.81704e-05  9.75758e-20  0.000421168 -1.33629e-19  -0.00133611 -2.83292e-20   0.00290331  3.32579e-19  -0.00407677 -6.47001e-19   0.00240655   8.6989e-19   0.00397483 -7.85009e-19   -0.0126662  2.56002e-19    0.0163694  1.63536e-19  -0.00933619 -4.13697e-19  -0.00425821  8.25948e-19    0.0119382 -9.70717e-19  -0.00654435  6.04739e-19  -0.00431834 -1.69763e-19   0.00749761  1.37611e-19  -0.00116581 -1.15684e-19  -0.00439648 -2.04943e-19   0.00255319  4.13596e-19   0.00172339 -1.13386e-19  -0.00193277 -2.43191e-19 -0.000454513  4.43312e-20   0.00101665  2.16007e-19  8.05003e-05 -3.40926e-20 -0.000406308 -1.28884e-19 -2.62716e-05  2.99538e-20   0.00011321  2.62796e-20  1.82127e-05 -4.05312e-21 -1.22493e-05  6.47209e-23 -2.25403e-06
  4.9274e-22 -3.23377e-06 -1.02138e-20  3.91026e-05 -2.21509e-20 -0.000245985  1.25686e-19    0.0010011 -1.44797e-19  -0.00286087   8.6467e-21   0.00588565  2.63854e-19  -0.00847319  -5.9927e-19    0.0072489   8.7984e-19  0.000113722 -7.09215e-19   -0.0105221  1.63536e-19    0.0153828  5.95765e-20  -0.00850802  -1.9834e-19  -0.00499837  5.42221e-19    0.0117723 -7.42113e-19  -0.00531916  5.84664e-19  -0.00534714 -3.91632e-19    0.0071655  4.02802e-19 -7.09846e-05 -2.13151e-19  -0.00474426 -2.29289e-19   0.00191854  4.17619e-19   0.00219864 -1.28302e-20  -0.00167508 -2.86398e-19 -0.000790404 -5.32744e-20  0.000927472  2.66615e-19  0.000253056  5.19984e-21 -0.000365353 -1.34634e-19 -9.06925e-05  1.25781e-20  8.75546e-05  1.97544e-20  2.86393e-05 -1.85815e-22 -3.67883e-06  3.30708e-23
  4.7247e-07  3.90142e-21 -1.02842e-05 -1.49411e-20  8.81438e-05  -4.7127e-20 -0.000456714  1.59681e-19   0.00163496 -2.06511e-19  -0.00427745  1.07987e-19   0.00830541  1.70987e-19   -0.0116526  -6.0195e-19    0.0104128  9.18107e-19  -0.00217913 -5.82324e-19  -0.00933619  5.95765e-20    0.0147303 -4.28504e-20  -0.00775005  7.41268e-20  -0.00565254  1.60798e-19    0.0115289 -4.63281e-19  -0.00416684  5.17144e-19  -0.00616969 -5.39197e-19   0.00669816  5.60937e-19  0.000940432 -2.72153e-19   -0.0049101  -2.5867e-19   0.00124388  4.09198e-19   0.00255176   1.0703e-19  -0.00134164 -3.11054e-19  -0.00106481 -1.62868e-19   0.00077915  2.98539e-19  0.000394765  4.91809e-20 -0.000293136 -1.29919e-19 -0.000136042  7.64044e-22  5.32393e-05  1.09385e-20  2.84913e-05  1.57559e-21  1.00754e-06
 7.02355e-23  1.34384e-06  1.12834e-20 -1.73799e-05 -1.19821e-20  0.000120457 -8.18834e-20 -0.000557219  2.27669e-19    0.0018743  -3.2913e-19  -0.00475092  2.45605e-19   0.00911665  1.07967e-19   -0.0128392 -6.98336e-19    0.0118113  9.65503e-19   -0.0034203 -4.13697e-19  -0.00850802 -4.28504e-20    0.0141317 -1.47683e-19  -0.00706119   3.9219e-19  -0.00618558 -2.16614e-19    0.0112299 -1.94928e-19  -0.00310295  4.01221e-19  -0.00681804 -5.64396e-19   0.00614024  6.12803e-19   0.00185738 -2.99029e-19  -0.00492183 -3.17333e-19   0.00056007  3.87955e-19   0.00278462  2.62482e-19  -0.00095828 -3.31483e-19  -0.00126782 -2.71476e-19  0.000587653  3.10206e-19  0.000495698  8.99218e-20 -0.000199856 -1.13073e-19 -0.000157168 -4.97531e-21  1.78551e-05  2.63046e-21   1.9215e-05  1.50218e-21
 2.65516e-08 -1.32762e-21 -2.87591e-07  1.93445e-20 -1.53954e-06  4.48941e-21  3.76615e-05 -1.39141e-19 -0.000278576  3.48686e-19   0.00122905 -5.01453e-19  -0.00371262  3.91808e-19   0.00802195  1.14384e-19   -0.0122857 -8.67568e-19    0.0121232  9.58858e-19  -0.00425821  -1.9834e-19  -0.00775005 -1.47683e-19    0.0135908 -2.64598e-19  -0.00648648  7.03627e-19  -0.00661955  -5.0216e-19    0.0109116  4.27828e-20  -0.00212457  2.28451e-19  -0.00732546 -4.72963e-19   0.00552199  6.25319e-19   0.00267736  -3.0341e-19  -0.00480401 -4.29478e-19 -0.000110071  3.49564e-19   0.00290297  4.61133e-19 -0.000547734 -3.52283e-19   -0.0013944 -3.71266e-19  0.000369415  2.98816e-19   0.00054967  1.16947e-19 -9.72801e-05 -8.34097e-20 -0.000152185 -6.33238e-21 -1.01507e-05 -2.69646e-21  6.87498e-06
-6.59023e-22  1.23017e-06 -4.90932e-21 -1.41077e-05  2.07231e-20  8.07613e-05  3.96652e-20 -0.000278353 -2.31699e-19  0.000574234  5.17265e-19 -0.000447206 -6.95676e-19  -0.00130865  5.13833e-19      0.00561  1.98657e-19   -0.0108477  -1.0256e-18    0.0120597  8.25948e-19  -0.00499837  7.41268e-20  -0.00706119 -2.64598e-19    0.0131574 -3.86485e-19  -0.00601144  9.22502e-19  -0.00699398  -6.5614e-19    0.0105895  2.55555e-19   -0.0012198 -8.97872e-21  -0.00771704 -3.30187e-19   0.00486373  6.87849e-19   0.00340156 -2.85781e-19  -0.00457779 -6.10051e-19 -0.000749688  2.86811e-19   0.00291462  6.90089e-19 -0.000129843 -3.58545e-19  -0.00144317 -4.57965e-19  0.000140814  2.60831e-19  0.000554019  1.21965e-19  1.81763e-06  -4.5113e-20 -0.000123017  -5.7789e-21 -2.26019e-05 -3.64251e-21
-3.01758e-07 -1.65177e-21  6.44445e-06 -8.63045e-21 -5.32299e-05  8.93991e-21   0.00025948  9.50474e-20 -0.000843328 -3.54377e-19   0.00188412  6.98821e-19  -0.00272788 -8.67585e-19   0.00166134  5.76556e-19   0.00284233  3.34146e-19  -0.00927007 -1.07533e-18    0.0119382  5.42221e-19  -0.00565254   3.9219e-19  -0.00648648 -3.86485e-19    0.0128211 -4.74972e-19  -0.00560145  9.57527e-19  -0.00732884 -6.69116e-19    0.0102672  4.52246e-19 -0.000379171 -3.12947e-19  -0.00801187 -2.24606e-19   0.00418012  8.54624e-19   0.00403332 -2.24522e-19  -0.00426105  -8.5664e-19  -0.00134633  1.89373e-19    0.0028283  9.17836e-19  0.000278041 -3.21905e-19  -0.00141553 -5.22809e-19 -8.19976e-05  1.96542e-19  0.000509557  1.04485e-19  8.42099e-05  -7.6119e-21 -7.62318e-05  -4.9563e-21 -1.65205e-05
 7.68876e-22 -1.39656e-06 -2.77106e-21  1.73997e-05 -8.26515e-21  -0.00011364 -1.53362e-20  0.000483632  1.60961e-19  -0.00145428 -4.74877e-19   0.00316191  8.36636e-19  -0.00481257   -9.683e-19   0.00428949   5.5522e-19   0.00040375  4.72254e-19  -0.00784212 -9.70717e-19    0.0117723  1.60798e-19  -0.00618558  7.03627e-19  -0.00601144 -4.74972e-19    0.0125503 -4.71505e-19  -0.00523996  7.47294e-19  -0.00763242  -5.3454e-19   0.00994847  6.45365e-19  0.000405225 -6.71412e-19  -0.00822588 -2.26556e-19   0.00348122  1.11233e-18   0.00457708 -7.34624e-20  -0.00386853  -1.1448e-18  -0.00189062  4.43401e-20    0.0026529  1.10806e-18   0.00066046  -2.2247e-19  -0.00131519 -5.48167e-19 -0.000283094  1.14856e-19  0.000420857   7.2285e-20  0.000137015  1.83881e-20 -2.60142e-05 -3.47664e-21
 1.14161e-07  2.63602e-21 -2.67121e-06 -4.03624e-21  2.51171e-05 -2.38694e-21 -0.000145017 -4.11603e-20  0.000584333  2.12859e-19  -0.00172934 -5.43646e-19   0.00380199  8.78743e-19  -0.00603119 -9.69588e-19   0.00609074  4.49848e-19  -0.00152696  5.68748e-19  -0.00654435 -7.42113e-19    0.0115289 -2.16614e-19  -0.00661955  9.22502e-19  -0.00560145 -4.71505e-19     0.012331 -3.32235e-19  -0.00492143  2.89863e-19  -0.00791336 -2.61265e-19    0.0096367  8.63096e-19    0.0011417 -1.04437e-18  -0.00837191 -3.73512e-19   0.00277339  1.38838e-18   0.00503736  2.16649e-19  -0.00341209 -1.43113e-18  -0.00237505 -1.59589e-19   0.00239711  1.23434e-18    0.0010032 -7.08349e-20  -0.00114797 -5.15842e-19 -0.000446642  3.20495e-20  0.000297158  3.68097e-20  0.000148126  2.65522e-20    4.825e-06
-3.47246e-22 -1.61975e-07  5.40678e-21  1.12041e-06 -5.25321e-21   1.0162e-06   3.2256e-21 -5.21822e-05 -5.05642e-20  0.000349417  2.20933e-19  -0.00134464 -5.22518e-19   0.00347933  8.12083e-19  -0.00621046 -8.75837e-19   0.00708994  2.80074e-19   -0.0030607  6.04739e-19  -0.00531916 -4.63281e-19    0.0112299  -5.0216e-19  -0.00699398  9.57527e-19  -0.00523996 -3.32235e-19      0.01216 -6.14334e-20   -0.0046394 -3.45663e-19  -0.00818015   8.8053e-20   0.00933324  1.14241e-18   0.00183836 -1.35889e-18  -0.00845985 -6.79176e-19   0.00206031  1.59427e-18   0.00541814  6.59439e-19  -0.00290121 -1.66657e-18  -0.00279311 -4.23447e-19   0.00206946  1.28366e-18   0.00129258  9.15997e-20 -0.000922055 -4.22299e-19 -0.000556722 -3.64609e-20  0.000153165  8.46365e-21  0.000111023  1.84989e-20
 1.30858e-07  -1.3697e-21 -2.69608e-06   7.6678e-21  2.08821e-05 -4.27894e-21 -9.09165e-05 -2.22746e-21  0.000237938 -2.90661e-20 -0.000304023  1.71577e-19 -0.000290265 -4.14359e-19   0.00233517  6.69441e-19  -0.00561546  -7.0577e-19   0.00753849  6.67929e-20  -0.00431834  5.84664e-19  -0.00416684 -1.94928e-19    0.0109116  -6.5614e-19  -0.00732884  7.47294e-19  -0.00492143 -6.14334e-20    0.0120331  2.85744e-19  -0.00438712 -1.03885e-18  -0.00843924  3.93406e-19    0.0090382  1.50342e-18   0.00250272 -1.53017e-18  -0.00849716 -1.14431e-18   0.00134371  1.67955e-18   0.00572243  1.21023e-18   -0.0023434 -1.81351e-18  -0.00313837 -7.28216e-19   0.00167843  1.24753e-18   0.00151479  2.19306e-19 -0.000648672 -2.84541e-19  -0.00059821 -8.34974e-20  1.27824e-05 -7.51973e-21  4.51488e-05
-1.51703e-22  8.25849e-07 -2.73881e-21 -1.00487e-05  7.22453e-21  6.30105e-05  3.12379e-21 -0.000251091  -2.5953e-20  0.000677578  2.03937e-20  -0.00120717  8.45754e-20   0.00110052 -2.66722e-19  0.000803045  4.98951e-19  -0.00462413  -4.6946e-19   0.00764109 -1.69763e-19  -0.00534714  5.17144e-19  -0.00310295  4.27828e-20    0.0105895 -6.69116e-19  -0.00763242  2.89863e-19   -0.0046394  2.85744e-19    0.0119456  6.36815e-19   -0.0041597 -1.66893e-18   -0.0086959  5.34529e-19   0.00875109  1.93597e-18   0.00314187  -1.5002e-18  -0.00848918 -1.75589e-18  0.000623795  1.65724e-18   0.00595191  1.78712e-18  -0.00174461 -1.85408e-18  -0.00340377 -1.02966e-18   0.00123305  1.11601e-18   0.00165546  2.92775e-19 -0.000344015 -1.33068e-19 -0.000557359 -1.07447e-19  -8.0202e-05 -1.06432e-20
 -9.7817e-08 -3.44384e-22  2.22526e-06 -3.03582e-21 -1.99951e-05  1.92668e-21  0.000108456  2.00801e-20 -0.000402875 -6.28257e-20   0.00107046  7.09562e-20  -0.00201059  7.69557e-21   0.00238279 -1.42409e-19 -0.000713469  3.29747e-19  -0.00348816 -1.75998e-19   0.00749761 -3.91632e-19  -0.00616969  4.01221e-19  -0.00212457  2.55555e-19    0.0102672  -5.3454e-19  -0.00791336 -3.45663e-19  -0.00438712  6.36815e-19    0.0118948  9.46288e-19  -0.00395334 -2.17056e-18  -0.00895495  4.60275e-19    0.0084708   2.4153e-18   0.00376258 -1.26526e-18   -0.0084393 -2.47809e-18  -0.00010035  1.57702e-18   0.00610656  2.32114e-18  -0.00110984 -1.78651e-18  -0.00358093 -1.26463e-18  0.000743805  8.89649e-19   0.00169859  3.22436e-19 -3.16736e-05 -3.56567e-21  -0.00042154 -1.02482e-19 -7.98567e-05
 3.10319e-22 -1.18025e-07 -8.55842e-22  2.02412e-06 -3.64054e-22 -1.80854e-05 -9.53418e-21  0.000103547  4.48356e-20 -0.000412169 -9.41638e-20   0.00117851  8.36975e-20  -0.00240699 -1.20103e-20   0.00326622 -8.13306e-20  -0.00201209  1.67901e-19  -0.00231795  1.37611e-19    0.0071655 -5.39197e-19  -0.00681804  2.28451e-19   -0.0012198  4.52246e-19   0.00994847 -2.61265e-19  -0.00818015 -1.03885e-18   -0.0041597  9.46288e-19     0.011879  1.21559e-18  -0.00376463 -2.55586e-18  -0.00922083  2.01059e-19   0.00819564   2.9284e-18   0.00437135 -8.75306e-19  -0.00834899 -3.24977e-18 -0.000830422  1.47138e-18   0.00618432  2.78677e-18 -0.000443616 -1.61907e-18   -0.0036591 -1.37549e-18  0.000223865  5.96503e-19   0.00162685  3.31606e-19  0.000256339  7.75156e-20  -0.00020811 -6.33205e-20
-4.71515e-08  9.57592e-22  9.04336e-07 -2.43775e-21 -6.10185e-06  6.77573e-21  1.93865e-05 -2.73021e-20 -9.88135e-06  7.07726e-20 -0.000180917 -9.76712e-20  0.000886999  3.38499e-20  -0.00230363  4.12676e-20   0.00369453 -8.40658e-20  -0.00305005  1.57669e-20  -0.00116581  4.02802e-19   0.00669816 -5.64396e-19  -0.00732546 -8.97872e-21 -0.000379171  6.45365e-19    0.0096367   8.8053e-20  -0.00843924 -1.66893e-18  -0.00395334  1.21559e-18    0.0118974  1.47703e-18  -0.00359062 -2.88732e-18  -0.00949774 -1.85775e-19   0.00792337  3.48559e-18   0.00497454 -4.12376e-19  -0.00821789 -4.00076e-18  -0.00156868  1.33033e-18   0.00618051    3.179e-18  0.000249192 -1.36962e-18  -0.00362487 -1.34673e-18  -0.00030858  2.86334e-19   0.00142548  3.44529e-19  0.000458814  1.08946e-19 -2.27405e-05
-1.57763e-22 -3.94668e-07  2.08466e-21  4.67953e-06 -6.19374e-21 -2.80235e-05  1.92416e-20  0.000102845 -5.06634e-20 -0.000235356  9.07538e-20  0.000261578 -6.31628e-20  0.000276223 -6.93701e-20  -0.00180942  1.44474e-19   0.00374753 -1.23813e-19  -0.00383905 -1.15684e-19 -7.09846e-05  5.60937e-19   0.00614024 -4.72963e-19  -0.00771704 -3.12947e-19  0.000405225  8.63096e-19   0.00933324  3.93406e-19   -0.0086959 -2.17056e-18  -0.00376463  1.47703e-18    0.0119495  1.76402e-18  -0.00342871 -3.22725e-18  -0.00978987 -6.75016e-19   0.00765117  4.11071e-18   0.00557842  3.72663e-20  -0.00804351  -4.6813e-18  -0.00231759  1.13087e-18   0.00608749  3.46256e-18  0.000961934 -1.06804e-18  -0.00346151 -1.22297e-18 -0.000823626  6.40157e-21   0.00107615  3.58559e-19  0.000465944   8.8551e-20
 5.49022e-08 -5.43427e-22 -1.23957e-06  3.90865e-21  1.09413e-05 -1.30854e-20 -5.74933e-05  3.71501e-20  0.000202549 -7.83516e-20 -0.000490904  1.01829e-19  0.000763358 -1.76629e-21 -0.000456312  -1.8689e-19  -0.00110209  2.55477e-19   0.00352528 -1.69952e-19  -0.00439648 -2.13151e-19  0.000940432  6.12803e-19   0.00552199 -3.30187e-19  -0.00801187 -6.71412e-19    0.0011417  1.14241e-18    0.0090382  5.34529e-19  -0.00895495 -2.55586e-18  -0.00359062  1.76402e-18    0.0120358  2.09753e-18  -0.00327646 -3.60811e-18   -0.0101015 -1.26943e-18   0.00737549   4.8203e-18   0.00618923  4.09033e-19  -0.00782113 -5.28129e-18  -0.00307927  8.86974e-19   0.00589362  3.56501e-18   0.00168464 -7.46604e-19  -0.00314487 -1.07921e-18  -0.00128004 -2.16537e-19  0.000566419  3.10336e-19  0.000247465
-1.72518e-23  1.06075e-07 -1.19828e-21  -1.6297e-06  6.72247e-21  1.31803e-05 -2.30983e-20 -6.89705e-05   5.8906e-20  0.000251457 -1.08079e-19 -0.000650608  1.06531e-19   0.00114947   5.8965e-20  -0.00112812 -2.73686e-19 -0.000323903   3.4123e-19    0.0031063 -2.04943e-19  -0.00474426 -2.72153e-19   0.00185738  6.25319e-19   0.00486373 -2.24606e-19  -0.00822588 -1.04437e-18   0.00183836  1.50342e-18   0.00875109  4.60275e-19  -0.00922083 -2.88732e-18  -0.00342871  2.09753e-18    0.0121574   2.4933e-18  -0.00313156 -4.04722e-18   -0.0104372 -1.93824e-18   0.00709192   5.6103e-18   0.00681328  6.80143e-19  -0.00754318 -5.81752e-18  -0.00385554  6.54068e-19   0.00558137  3.44522e-18   0.00240266 -4.03664e-19   -0.0026517 -9.74966e-19  -0.00161738 -3.76669e-19  2.16755e-05   1.6518e-19
 1.66862e-08  1.14343e-23 -2.87051e-07 -2.03633e-21  1.48003e-06   1.0348e-20 -6.44873e-07 -3.41098e-20 -3.06747e-05  8.00122e-20  0.000189314 -1.35821e-19 -0.000627897  1.10835e-19   0.00131998  8.95427e-20  -0.00164004 -3.02609e-19  0.000437929  3.91617e-19   0.00255319 -2.29289e-19   -0.0049101 -2.99029e-19   0.00267736  6.87849e-19   0.00418012 -2.26556e-19  -0.00837191 -1.35889e-18   0.00250272  1.93597e-18    0.0084708  2.01059e-19  -0.00949774 -3.22725e-18  -0.00327646   2.4933e-18     0.012316  2.97093e-18  -0.00299169 -4.58481e-18   -0.0108021 -2.58196e-18   0.00679485  6.46355e-18   0.00745725  8.80201e-19  -0.00719834 -6.28287e-18  -0.00464633  4.62842e-19   0.00512979  3.15311e-18   0.00308749  1.18109e-20  -0.00196346 -9.21164e-19  -0.00166331  -4.3898e-19 -0.000225012
 5.64046e-23  1.68946e-07  7.47313e-23 -1.95719e-06 -2.74413e-21  1.11996e-05  1.33481e-20 -3.73768e-05 -4.14131e-20  6.60831e-05  9.36508e-20    1.145e-05 -1.56192e-19 -0.000423899  1.20679e-19    0.0012701  7.25019e-20  -0.00196376 -2.72988e-19   0.00113102  4.13596e-19   0.00191854  -2.5867e-19  -0.00492183  -3.0341e-19   0.00340156  8.54624e-19   0.00348122 -3.73512e-19  -0.00845985 -1.53017e-18   0.00314187   2.4153e-18   0.00819564 -1.85775e-19  -0.00978987 -3.60811e-18  -0.00313156  2.97093e-18     0.012514  3.55086e-18  -0.00285439  -5.2949e-18   -0.0112017 -3.09331e-18    0.0064771  7.36454e-18   0.00812737  1.07953e-18  -0.00677176 -6.58936e-18  -0.00544678  2.52935e-19   0.00450635  2.77581e-18   0.00368301  5.35948e-19  -0.00102195 -8.13819e-19   -0.0011847 -3.05261e-19
-2.43758e-08  1.36445e-22  5.52824e-07  3.36135e-23 -4.86618e-06 -2.62413e-21  2.51901e-05  1.30524e-20 -8.54812e-05 -3.93492e-20  0.000189713  9.35281e-20 -0.000225445 -1.63821e-19 -0.000106756  1.37996e-19   0.00104907  9.32906e-21  -0.00210565 -2.02974e-19   0.00172339  4.17619e-19   0.00124388 -3.17333e-19  -0.00480401 -2.85781e-19   0.00403332  1.11233e-18   0.00277339 -6.79176e-19  -0.00849716  -1.5002e-18   0.00376258   2.9284e-18   0.00792337 -6.75016e-19   -0.0101015 -4.04722e-18  -0.00299169  3.55086e-18     0.012755  4.24289e-18  -0.00271696 -6.23684e-18   -0.0116424  -3.4722e-18   0.00612968  8.28534e-18   0.00882992  1.34332e-18  -0.00624004 -6.58883e-18  -0.00624924 -1.14627e-19   0.00365921  2.35651e-18   0.00413443   1.1153e-18  0.000158327 -5.00384e-19 -0.000388577
-1.41984e-23 -4.81242e-08  2.39323e-22  7.59687e-07 -3.54286e-22 -6.21966e-06 -8.67675e-22  3.24578e-05  7.13899e-21 -0.000115878 -2.48366e-20  0.000284808  7.69285e-20 -0.000442886 -1.54261e-19  0.000240917  1.57762e-19   0.00071733 -8.12485e-20  -0.00208619 -1.13386e-19   0.00219864  4.09198e-19   0.00056007 -4.29478e-19  -0.00457779 -2.24522e-19   0.00457708  1.38838e-18   0.00206031 -1.14431e-18  -0.00848918 -1.26526e-18   0.00437135  3.48559e-18   0.00765117 -1.26943e-18   -0.0104372 -4.58481e-18  -0.00285439  4.24289e-18    0.0130432  5.03823e-18  -0.00257636 -7.38111e-18   -0.0121321 -3.86578e-18   0.00573959  9.13679e-18    0.0095729  1.68684e-18  -0.00557181 -6.20852e-18  -0.00703836 -7.66135e-19   0.00256613  1.97431e-18   0.00429911  1.58143e-18   0.00106245 -1.26748e-19
-6.84992e-09 -3.51425e-23  1.10936e-07  3.59052e-22 -4.66829e-07 -1.15098e-21 -1.00842e-06  2.50149e-21  1.94218e-05  -4.0738e-21 -0.000101292 -2.53889e-22  0.000308094  4.58415e-20 -0.000583944 -1.24363e-19  0.000556471  1.68725e-19  0.000328531   -1.726e-19  -0.00193277 -1.28302e-20   0.00255176  3.87955e-19 -0.000110071 -6.10051e-19  -0.00426105 -7.34624e-20   0.00503736  1.59427e-18   0.00134371 -1.75589e-18   -0.0084393 -8.75306e-19   0.00497454  4.11071e-18   0.00737549 -1.93824e-18   -0.0108021  -5.2949e-18  -0.00271696  5.03823e-18    0.0133847  5.91337e-18  -0.00242851  -8.5936e-18   -0.0126802 -4.45346e-18   0.00529124  9.73725e-18    0.0103585  2.08122e-18   -0.0047368 -5.53329e-18  -0.00775487 -1.68801e-18   0.00116594  1.71102e-18   0.00365362  1.60434e-18  0.000935854
-1.44695e-23 -6.59339e-08 -3.21493e-23  7.58822e-07  3.99411e-22 -4.24496e-06 -1.84108e-21   1.3256e-05  5.85426e-21 -1.76198e-05 -1.66721e-20 -3.69592e-05  2.67095e-20  0.000250625  6.19583e-21 -0.000627935 -7.34421e-20  0.000802928  1.58106e-19 -7.34041e-05 -2.43191e-19  -0.00167508   1.0703e-19   0.00278462  3.49564e-19 -0.000749688  -8.5664e-19  -0.00386853  2.16649e-19   0.00541814  1.67955e-18  0.000623795 -2.47809e-18  -0.00834899 -4.12376e-19   0.00557842   4.8203e-18   0.00709192 -2.58196e-18   -0.0112017 -6.23684e-18  -0.00257636  5.91337e-18    0.0137863  6.84278e-18   -0.0022693 -9.71411e-18   -0.0132953 -5.24414e-18     0.004764   9.8652e-18    0.0111846  2.51289e-18  -0.00364945 -4.67637e-18  -0.00830636 -2.74849e-18 -0.000770789  1.28476e-18   0.00186439  9.19857e-19
 8.55195e-09 -3.93416e-23  -1.9899e-07  6.64037e-23  1.78967e-06  9.69175e-23 -9.37821e-06 -1.38322e-21  3.15983e-05  6.58173e-21 -6.62417e-05 -2.46734e-20  5.68233e-05  4.60048e-20  0.000132795 -3.36779e-20 -0.000581063 -5.06993e-21  0.000962795  1.17099e-19 -0.000454513 -2.86398e-19  -0.00134164  2.62482e-19   0.00290297  2.86811e-19  -0.00134633  -1.1448e-18  -0.00341209  6.59439e-19   0.00572243  1.65724e-18  -0.00010035 -3.24977e-18  -0.00821789  3.72663e-20   0.00618923   5.6103e-18   0.00679485 -3.09331e-18   -0.0116424 -7.38111e-18  -0.00242851  6.84278e-18    0.0142572  7.81116e-18  -0.00209196 -1.06443e-17   -0.0139936 -6.00039e-18   0.00411482  9.42455e-18    0.0120643  3.09956e-18  -0.00221837 -3.74046e-18  -0.00868775 -3.81238e-18  -0.00300568  4.12862e-19   7.8077e-05
 1.01443e-23  1.24256e-08 -9.06228e-23 -2.29753e-07  3.33371e-22  2.08635e-06 -7.66816e-22 -1.16226e-05   9.1398e-22  4.29279e-05  3.00692e-21 -0.000105195 -2.30022e-20  0.000149533  4.90415e-20 -1.36049e-05 -6.50942e-20 -0.000462808  7.26475e-20    0.0010322  4.43312e-20 -0.000790404 -3.11054e-19  -0.00095828  4.61133e-19   0.00291462  1.89373e-19  -0.00189062 -1.43113e-18  -0.00290121  1.21023e-18   0.00595191  1.57702e-18 -0.000830422 -4.00076e-18  -0.00804351  4.09033e-19   0.00681328  6.46355e-18    0.0064771  -3.4722e-18   -0.0121321  -8.5936e-18   -0.0022693  7.81116e-18    0.0148119  8.81282e-18  -0.00188568 -1.13354e-17   -0.0147961 -6.44328e-18   0.00331638  8.57928e-18    0.0129798  4.02985e-18 -0.000479487  -3.0673e-18  -0.00842002 -4.51417e-18  -0.00388343  -1.9388e-19
 3.05498e-09  2.46806e-23 -5.21432e-08 -1.74999e-22  2.58618e-07  7.07295e-22   3.0422e-08 -1.89357e-21 -6.55824e-06  4.31704e-21  3.78683e-05 -4.09579e-21 -0.000117947 -9.92216e-21  0.000216485  3.20105e-20 -0.000158979 -8.15783e-20 -0.000297346  1.49395e-19   0.00101665 -5.32744e-20  -0.00106481 -3.31483e-19 -0.000547734  6.90089e-19    0.0028283  4.43401e-20  -0.00237505 -1.66657e-18   -0.0023434  1.78712e-18   0.00610656  1.47138e-18  -0.00156868  -4.6813e-18  -0.00782113  6.80143e-19   0.00745725  7.36454e-18   0.00612968 -3.86578e-18   -0.0126802 -9.71411e-18  -0.00209196  8.81282e-18    0.0154632  9.78071e-18  -0.00164946 -1.16643e-17   -0.0157023 -6.47863e-18   0.00232654  7.46472e-18      0.01379  5.06681e-18   0.00191901 -2.94156e-18  -0.00599228 -4.10234e-18  -0.00223305
-4.00507e-25  2.17964e-08  4.02533e-23 -2.57556e-07 -2.50384e-22  1.47797e-06  8.72033e-22 -4.70336e-06 -2.29666e-21  6.10272e-06  6.62734e-21  1.56092e-05 -1.17435e-20 -0.000100333  1.21113e-20  0.000245391 -2.09735e-21 -0.000281194 -8.07319e-20 -0.000108978  2.16007e-19  0.000927472 -1.62868e-19  -0.00126782 -3.52283e-19 -0.000129843  9.17836e-19    0.0026529 -1.59589e-19  -0.00279311 -1.81351e-18  -0.00174461  2.32114e-18   0.00618432  1.33033e-18  -0.00231759 -5.28129e-18  -0.00754318  8.80201e-19   0.00812737  8.28534e-18   0.00573959 -4.45346e-18   -0.0132953 -1.06443e-17  -0.00188568  9.78071e-18    0.0162274  1.04297e-17  -0.00135183 -1.12876e-17   -0.0167458 -6.15468e-18  0.000884924  5.72105e-18    0.0144682  5.40418e-18   0.00572382 -2.85424e-18  -0.00146851 -2.20329e-18
-2.07737e-09 -2.14044e-24  5.21125e-08  5.13935e-23 -5.03216e-07 -2.31434e-22  2.80833e-06  4.02889e-22 -9.95007e-06 -8.93756e-22  2.13916e-05  5.53326e-21 -1.62274e-05 -1.63849e-20 -5.89878e-05   3.7111e-20  0.000235064 -4.42174e-20  -0.00036637   -6.389e-20  8.05003e-05  2.66615e-19   0.00077915 -2.71476e-19   -0.0013944 -3.58545e-19  0.000278041  1.10806e-18   0.00239711 -4.23447e-19  -0.00313837 -1.85408e-18  -0.00110984  2.78677e-18   0.00618051  1.13087e-18  -0.00307927 -5.81752e-18  -0.00719834  1.07953e-18   0.00882992  9.13679e-18   0.00529124 -5.24414e-18   -0.0139936 -1.13354e-17  -0.00164946  1.04297e-17    0.0171535  1.02758e-17 -0.000939233 -9.80927e-18   -0.0180298 -5.64176e-18 -0.000976936  3.33177e-18    0.0153505  4.85061e-18   0.00970818 -1.95901e-18   0.00146741
-4.50778e-25 -2.93143e-10  -1.0122e-23  3.11513e-08   7.1588e-23 -4.28663e-07 -9.45466e-23  2.93315e-06 -8.07983e-22 -1.22494e-05  2.50691e-21  3.23684e-05  2.54636e-22 -4.69377e-05 -1.55958e-20 -5.70077e-06  5.75143e-20  0.000191761 -8.34264e-20 -0.000408141 -3.40926e-20  0.000253056  2.98539e-19  0.000587653 -3.71266e-19  -0.00144317 -3.21905e-19   0.00066046  1.23434e-18   0.00206946 -7.28216e-19  -0.00340377 -1.78651e-18 -0.000443616    3.179e-18   0.00608749  8.86974e-19  -0.00385554 -6.28287e-18  -0.00677176  1.34332e-18    0.0095729  9.73725e-18     0.004764 -6.00039e-18   -0.0147961 -1.16643e-17  -0.00135183  1.02758e-17     0.018273  8.99952e-18 -0.000518013 -7.33314e-18   -0.0195045 -5.12815e-18  -0.00309035  2.04225e-18    0.0145783  4.53885e-18   0.00939139 -8.92023e-19
