 6.43174e-05  3.06107e-19  0.000516105  5.46202e-19    0.0015695  9.20526e-19   0.00276249  1.43641e-18   0.00319934  1.27098e-18   0.00256747  5.63076e-19   0.00144801  1.56691e-19  0.000565118  1.14653e-19  0.000144728  8.65704e-20  2.13643e-05  2.47996e-20   1.1885e-06
 3.06107e-19  0.000743423  2.95005e-19   0.00333258 -5.07132e-19   0.00754383  6.01881e-20    0.0106933  1.06936e-18    0.0102955  5.24487e-19   0.00694334 -1.62764e-19   0.00327779  9.40094e-20   0.00104893  3.58812e-19  0.000209485  1.95468e-19  2.10252e-05  2.76934e-20
 0.000516105  2.95005e-19   0.00416358  -2.7101e-18    0.0127271  -4.8306e-18    0.0225135 -2.24903e-18    0.0262008 -5.27879e-19    0.0211262 -1.10771e-18    0.0119703 -4.76569e-19   0.00469301  8.15544e-19   0.00120728  8.28122e-19  0.000179003    2.385e-19  1.00014e-05
 5.46202e-19   0.00333258  -2.7101e-18    0.0150163 -9.67085e-18     0.034162 -7.83929e-18    0.0486596 -1.20393e-18    0.0470718   -2.789e-19    0.0318924 -7.11969e-19     0.015124  1.40686e-18   0.00486139   2.3371e-18  0.000975145  1.11368e-18  9.82952e-05  1.49505e-19
   0.0015695 -5.07132e-19    0.0127271 -9.67085e-18    0.0390987 -1.21775e-17    0.0694986  2.45886e-19    0.0812634  6.83662e-18    0.0658267  3.59504e-18    0.0374663   3.1829e-18    0.0147539  4.97539e-18     0.003812  3.44456e-18  0.000567632  8.96947e-19  3.18499e-05
 9.20526e-19   0.00754383  -4.8306e-18     0.034162 -1.21775e-17    0.0780951  2.52161e-18     0.111762  2.05715e-17     0.108612  1.75661e-17    0.0739185  9.45118e-18    0.0352081   8.9416e-18    0.0113662  7.73062e-18   0.00228968  3.17433e-18  0.000231773  4.03314e-19
  0.00276249  6.01881e-20    0.0225135 -7.83929e-18    0.0694986  2.52161e-18     0.124117  3.25086e-17     0.145794  3.93819e-17     0.118629  2.35163e-17    0.0678163  1.48791e-17    0.0268207  1.33237e-17   0.00695915  7.74431e-18    0.0010406  1.89382e-18  5.86298e-05
 1.43641e-18    0.0106933 -2.24903e-18    0.0486596  2.45886e-19     0.111762  3.25086e-17     0.160676  5.67824e-17     0.156847  4.29494e-17     0.107214  2.34158e-17    0.0512865  1.84534e-17    0.0166268  1.38852e-17   0.00336335  5.38051e-18  0.000341856  6.64643e-19
  0.00319934  1.06936e-18    0.0262008 -1.20393e-18    0.0812634  2.05715e-17     0.145794  5.67824e-17     0.172024  5.76934e-17     0.140584  3.32089e-17    0.0807118  2.15267e-17    0.0320553  1.89214e-17   0.00835185  1.06709e-17   0.00125396  2.55215e-18   7.0937e-05
 1.27098e-18    0.0102955 -5.27879e-19    0.0470718  6.83662e-18     0.108612  3.93819e-17     0.156847  5.76934e-17     0.153779  4.01286e-17     0.105567  2.24082e-17    0.0507108  2.00995e-17    0.0165081   1.5627e-17   0.00335296  6.00641e-18  0.000342172  7.33332e-19
  0.00256747  5.24487e-19    0.0211262   -2.789e-19    0.0658267  1.75661e-17     0.118629  4.29494e-17     0.140584  4.01286e-17     0.115382  2.22708e-17    0.0665207  1.74869e-17    0.0265281  1.74903e-17   0.00693986  9.98878e-18   0.00104614  2.36423e-18  5.94154e-05
 5.63076e-19   0.00694334 -1.10771e-18    0.0318924  3.59504e-18    0.0739185  2.35163e-17     0.107214  3.32089e-17     0.105567  2.22708e-17    0.0727737  1.44404e-17    0.0351021  1.57882e-17    0.0114733   1.2547e-17   0.00233965    4.742e-18  0.000239707  5.69998e-19
  0.00144801 -1.62764e-19    0.0119703 -7.11969e-19    0.0374663  9.45118e-18    0.0678163  2.34158e-17    0.0807118  2.24082e-17    0.0665207  1.44404e-17    0.0385088  1.33217e-17    0.0154193  1.27761e-17   0.00404984  6.90145e-18  0.000612896  1.57685e-18   3.4945e-05
 1.56691e-19   0.00327779 -4.76569e-19     0.015124   3.1829e-18    0.0352081  1.48791e-17    0.0512865  2.15267e-17    0.0507108  1.74869e-17    0.0351021  1.33217e-17    0.0169999  1.19533e-17   0.00557862  8.00799e-18   0.00114207  2.77967e-18  0.000117465  3.20192e-19
 0.000565118  9.40094e-20   0.00469301  1.40686e-18    0.0147539   8.9416e-18    0.0268207  1.84534e-17    0.0320553  2.00995e-17    0.0265281  1.57882e-17    0.0154193  1.19533e-17   0.00619863   8.2269e-18   0.00163445  3.70026e-18  0.000248314    7.732e-19  1.42123e-05
 1.14653e-19   0.00104893  8.15544e-19   0.00486139  4.97539e-18    0.0113662  1.33237e-17    0.0166268  1.89214e-17    0.0165081  1.74903e-17    0.0114733  1.27761e-17   0.00557862   8.2269e-18   0.00183785   4.1262e-18  0.000377708  1.21916e-18  3.89972e-05  1.29266e-19
 0.000144728  3.58812e-19   0.00120728   2.3371e-18     0.003812  7.73062e-18   0.00695915  1.38852e-17   0.00835185   1.5627e-17   0.00693986   1.2547e-17   0.00404984  8.00799e-18   0.00163445   4.1262e-18   0.00043264  1.48013e-18  6.59807e-05  2.70417e-19  3.79074e-06
 8.65704e-20  0.000209485  8.28122e-19  0.000975145  3.44456e-18   0.00228968  7.74431e-18   0.00336335  1.06709e-17   0.00335296  9.98878e-18   0.00233965  6.90145e-18   0.00114207  3.70026e-18  0.000377708  1.48013e-18  7.79226e-05  3.67166e-19  8.07574e-06  3.48821e-20
 2.13643e-05  1.95468e-19  0.000179003  1.11368e-18  0.000567632  3.17433e-18    0.0010406  5.38051e-18   0.00125396  6.00641e-18   0.00104614    4.742e-18  0.000612896  2.77967e-18  0.000248314  1.21916e-18  6.59807e-05  3.67166e-19  1.01006e-05  5.85447e-20  5.82482e-07
 2.47996e-20  2.10252e-05    2.385e-19  9.82952e-05  8.96947e-19  0.000231773  1.89382e-18  0.000341856  2.55215e-18  0.000342172  2.36423e-18  0.000239707  1.57685e-18  0.000117465    7.732e-19  3.89972e-05  2.70417e-19  8.07574e-06  5.85447e-20  8.40093e-07  4.99814e-21
  1.1885e-06  2.76934e-20  1.00014e-05  1.49505e-19  3.18499e-05  4.03314e-19  5.86298e-05  6.64643e-19   7.0937e-05  7.33332e-19  5.94154e-05  5.69998e-19   3.4945e-05  3.20192e-19  1.42123e-05  1.29266e-19  3.79074e-06  3.48821e-20  5.82482e-07  4.99814e-21  3.37154e-08
