  0.00129924 -1.02086e-18   -0.0053251  5.96316e-18   0.00583911 -9.76483e-18  -0.00108869  8.39949e-18  -0.00144238 -3.71386e-18  0.000266983  2.85799e-19  0.000301643  3.33026e-19   9.0067e-08 -4.81901e-20 -3.00174e-05 -1.05486e-20 -4.02955e-06 -1.50164e-21  1.94265e-07
-1.02086e-18   0.00837585 -3.50081e-18    -0.017921  1.31931e-17    0.0119923 -1.74143e-17   0.00144747   1.3372e-17  -0.00353938 -5.09207e-18  -0.00037308 -2.46532e-20  0.000631943  4.48325e-19  0.000132265  2.54686e-20 -3.55628e-05 -1.98105e-20 -9.12414e-06 -2.90093e-21
  -0.0053251 -3.50081e-18    0.0250797 -5.94438e-18   -0.0341038  1.59469e-17    0.0127909 -1.87642e-17    0.0074988  1.39593e-17  -0.00439194 -4.52482e-18  -0.00183821 -6.44399e-19  0.000634677  3.91777e-19   0.00031202  1.34521e-19 -2.99519e-06 -2.39388e-20 -6.91853e-06
 5.96316e-18    -0.017921 -5.94438e-18    0.0468456  -5.7498e-18   -0.0441355  1.15475e-17   0.00581557 -1.44857e-17    0.0136778  1.18412e-17  -0.00289425 -2.94776e-18  -0.00330182 -1.37137e-18  0.000193229  3.04477e-19  0.000393699  1.89371e-19   3.7018e-05 -1.92029e-20
  0.00583911  1.31931e-17   -0.0341038  -5.7498e-18    0.0624703 -2.51531e-18   -0.0428971  3.29151e-18  -0.00497227  -9.0035e-18    0.0168683  9.80142e-18  0.000235712  -1.3596e-18  -0.00400863 -2.00009e-18 -0.000472019  2.82395e-19  0.000310255  1.47746e-19  4.14972e-05
-9.76483e-18    0.0119923  1.59469e-17   -0.0441355 -2.51531e-18    0.0656066  1.91169e-18   -0.0340792 -4.67375e-18   -0.0144215 -5.65066e-18    0.0166889  9.14813e-18   0.00365513 -3.85103e-19  -0.00376037 -2.25332e-18  -0.00103771  2.72575e-19  0.000121775  4.93056e-20
 -0.00108869 -1.74143e-17    0.0127909  1.15475e-17   -0.0428971  1.91169e-18    0.0596896  6.08037e-18   -0.0241923  -1.0742e-17   -0.0205412 -4.81465e-18    0.0144098  9.39973e-18   0.00650276 -1.27689e-19  -0.00274029 -1.93709e-18   -0.0012538  1.82891e-19 -2.79367e-05
 8.39949e-18   0.00144747 -1.87642e-17   0.00581557  3.29151e-18   -0.0340792  6.08037e-18    0.0517049  9.78586e-18   -0.0166664 -1.48035e-17   -0.0240143 -4.97114e-18     0.011208   9.4221e-18    0.0084747 -1.34619e-19  -0.00125096 -1.15124e-18  -0.00101552  3.73488e-20
 -0.00144238   1.3372e-17    0.0074988 -1.44857e-17  -0.00497227 -4.67375e-18   -0.0241923  9.78586e-18    0.0456966  1.27929e-17   -0.0116296 -1.68472e-17   -0.0260912 -4.84467e-18   0.00760317  8.44769e-18    0.0094595  1.34727e-19  0.000324441 -3.28776e-19 -0.000462221
-3.71386e-18  -0.00353938  1.39593e-17    0.0136778  -9.0035e-18   -0.0144215  -1.0742e-17   -0.0166664  1.27929e-17    0.0422436  1.43839e-17   -0.0081052 -1.70422e-17   -0.0275892 -4.56315e-18   0.00364562  6.46092e-18   0.00924978  7.05026e-19   0.00141091  7.98172e-20
 0.000266983 -5.09207e-18  -0.00439194  1.18412e-17    0.0168683 -5.65066e-18   -0.0205412 -1.48035e-17   -0.0116296  1.43839e-17    0.0406724  1.44012e-17  -0.00526684 -1.58824e-17   -0.0288724 -4.58505e-18 -0.000819789  4.27554e-18   0.00748243  1.15391e-18   0.00136192
 2.85799e-19  -0.00037308 -4.52482e-18  -0.00289425  9.80142e-18    0.0166889 -4.81465e-18   -0.0240143 -1.68472e-17   -0.0081052  1.44012e-17      0.04043  1.36752e-17  -0.00256766 -1.36865e-17    -0.029988 -4.03494e-18  -0.00584765  3.08014e-18   0.00412009  1.08585e-18
 0.000301643 -2.46532e-20  -0.00183821 -2.94776e-18  0.000235712  9.14813e-18    0.0144098 -4.97114e-18   -0.0260912 -1.70422e-17  -0.00526684  1.36752e-17    0.0413353  1.26044e-17  0.000492923 -1.03207e-17   -0.0305126 -1.37691e-18     -0.01061  3.12922e-18  0.000613934
 3.33026e-19  0.000631943 -6.44399e-19  -0.00330182  -1.3596e-18   0.00365513  9.39973e-18     0.011208 -4.84467e-18   -0.0275892 -1.58824e-17  -0.00256766  1.26044e-17    0.0435328  9.80242e-18   0.00474563 -5.63793e-18   -0.0288462  3.11759e-18   -0.0123581  2.93311e-18
  9.0067e-08  4.48325e-19  0.000634677 -1.37137e-18  -0.00400863 -3.85103e-19   0.00650276   9.4221e-18   0.00760317 -4.56315e-18   -0.0288724 -1.36865e-17  0.000492923  9.80242e-18    0.0476409  4.23671e-18     0.012009  4.30054e-19   -0.0217608  6.89496e-18  -0.00816605
-4.81901e-20  0.000132265  3.91777e-19  0.000193229 -2.00009e-18  -0.00376037 -1.27689e-19    0.0084747  8.44769e-18   0.00364562 -4.58505e-18    -0.029988 -1.03207e-17   0.00474563  4.23671e-18    0.0552325  -8.4785e-21    0.0249552  8.10657e-18  -0.00793936  6.93966e-18
-3.00174e-05  2.54686e-20   0.00031202  3.04477e-19 -0.000472019 -2.25332e-18  -0.00274029 -1.34619e-19    0.0094595  6.46092e-18 -0.000819789 -4.03494e-18   -0.0305126 -5.63793e-18     0.012009  -8.4785e-21    0.0683928   5.0237e-18    0.0422607  1.49504e-17   0.00441974
-1.05486e-20 -3.55628e-05  1.34521e-19  0.000393699  2.82395e-19  -0.00103771 -1.93709e-18  -0.00125096  1.34727e-19   0.00924978  4.27554e-18  -0.00584765 -1.37691e-18   -0.0288462  4.30054e-19    0.0249552   5.0237e-18    0.0843703  1.87637e-17    0.0506386  1.37194e-17
-4.02955e-06 -1.98105e-20 -2.99519e-06  1.89371e-19  0.000310255  2.72575e-19   -0.0012538 -1.15124e-18  0.000324441  7.05026e-19   0.00748243  3.08014e-18     -0.01061  3.11759e-18   -0.0217608  8.10657e-18    0.0422607  1.87637e-17    0.0876161  2.55451e-17    0.0343658
-1.50164e-21 -9.12414e-06 -2.39388e-20   3.7018e-05  1.47746e-19  0.000121775  1.82891e-19  -0.00101552 -3.28776e-19   0.00141091  1.15391e-18   0.00412009  3.12922e-18   -0.0123581  6.89496e-18  -0.00793936  1.49504e-17    0.0506386  2.55451e-17    0.0613458  1.50867e-17
 1.94265e-07 -2.90093e-21 -6.91853e-06 -1.92029e-20  4.14972e-05  4.93056e-20 -2.79367e-05  3.73488e-20 -0.000462221  7.98172e-20   0.00136192  1.08585e-18  0.000613934  2.93311e-18  -0.00816605  6.93966e-18   0.00441974  1.37194e-17    0.0343658  1.50867e-17     0.020419
