 1.69361e-12  8.75471e-28 -6.83238e-11 -3.40374e-26  1.00003e-09  3.98801e-25 -8.01067e-09 -2.66103e-24  3.91326e-08  1.16624e-23 -1.18683e-07  -3.4758e-23  2.12972e-07  7.02401e-23 -1.94329e-07 -9.32847e-23  5.25378e-08  7.56877e-23  1.47045e-08 -3.10284e-23 -1.69394e-09
 8.75471e-28  9.92584e-11  1.83235e-26 -2.18629e-09 -4.59463e-25   2.3159e-08  4.12517e-24 -1.44025e-07 -2.24822e-23  5.55826e-07  8.16897e-23 -1.31162e-06 -2.00236e-22  1.72759e-06  3.25429e-22 -9.68738e-07  -3.3502e-22 -6.39785e-09  1.99227e-22   7.1824e-08 -4.80147e-23
-6.83238e-11  1.83235e-26  2.75795e-09   1.9674e-25 -4.04063e-08 -3.56202e-24   3.2415e-07  2.60455e-23 -1.58684e-06 -1.19563e-22  4.82546e-06   3.6245e-22  -8.6781e-06 -7.20292e-22   7.8867e-06  9.06084e-22 -1.99359e-06 -6.79363e-22 -7.07068e-07  2.73362e-22  6.80333e-08
-3.40374e-26 -2.18629e-09   1.9674e-25   4.8206e-08  1.36624e-24  -5.1154e-07 -1.99477e-23  3.19007e-06  1.27384e-22 -1.23609e-05 -5.06002e-22  2.93228e-05  1.27918e-21 -3.88051e-05 -2.01159e-21  2.15542e-05  1.84517e-21  7.73372e-07 -9.32263e-22 -1.78978e-06  2.22339e-22
 1.00003e-09 -4.59463e-25 -4.04063e-08  1.36624e-24  5.93087e-07  7.34222e-24 -4.77282e-06 -9.84028e-23  2.34794e-05   5.7527e-22 -7.19126e-05 -1.98286e-21  0.000130557  4.14222e-21  -0.00011963 -5.03319e-21  2.90077e-05  3.21711e-21  1.24945e-05 -1.14536e-21 -1.06143e-06
 3.98801e-25   2.3159e-08 -3.56202e-24  -5.1154e-07  7.34222e-24  5.44589e-06  3.73086e-23 -3.41443e-05 -4.86911e-22  0.000133408   2.5381e-21 -0.000320354 -7.40254e-21  0.000430837  1.25797e-20 -0.000242178  -1.1577e-20 -1.40745e-05    5.229e-21  2.27459e-05 -1.55073e-21
-8.01067e-09  4.12517e-24   3.2415e-07 -1.99477e-23 -4.77282e-06  3.73086e-23  3.86214e-05  1.95363e-22   -0.0001917 -2.31313e-21  0.000595271  1.01873e-20  -0.00110273 -2.45384e-20   0.00103787  3.31485e-20 -0.000253905 -2.22735e-20 -0.000124945  7.18407e-21  1.02528e-05
-2.66103e-24 -1.44025e-07  2.60455e-23  3.19007e-06 -9.84028e-23 -3.41443e-05  1.95363e-22  0.000216041  9.56681e-22 -0.000856506 -9.50738e-21   0.00210321  3.45003e-20  -0.00292348 -6.75817e-20   0.00171936  6.98758e-20  0.000113735 -3.22585e-20 -0.000185798  6.29689e-21
 3.91326e-08 -2.24822e-23 -1.58684e-06  1.27384e-22  2.34794e-05 -4.86911e-22   -0.0001917  9.56681e-22  0.000965733  3.95071e-21   -0.0030699 -3.21256e-20   0.00589516  9.56435e-20  -0.00585885 -1.49179e-19   0.00157093  1.11252e-19  0.000806169 -3.39192e-20 -7.35572e-05
 1.16624e-23  5.55826e-07 -1.19563e-22 -1.23609e-05   5.7527e-22  0.000133408 -2.31313e-21 -0.000856506  3.95071e-21   0.00347729  1.32822e-20  -0.00886342   -8.851e-20    0.0130554   2.1523e-19  -0.00844037  -2.5445e-19 -0.000407898  1.26017e-19   0.00107644 -2.79204e-20
-1.18683e-07  8.16897e-23  4.82546e-06 -5.06002e-22 -7.19126e-05   2.5381e-21  0.000595271 -9.50738e-21   -0.0030699  1.32822e-20    0.0101338  3.63647e-20   -0.0206508 -2.00198e-19    0.0225736  3.87836e-19  -0.00742957 -3.05371e-19  -0.00349649   9.1624e-20  0.000431262
 -3.4758e-23 -1.31162e-06   3.6245e-22  2.93228e-05 -1.98286e-21 -0.000320354  1.01873e-20   0.00210321 -3.21256e-20  -0.00886342  3.63647e-20    0.0239842  8.22571e-20    -0.038858 -3.77743e-19    0.0296329  5.38603e-19 -0.000435528 -1.73018e-19  -0.00462172   3.7165e-20
 2.12972e-07 -2.00236e-22  -8.6781e-06  1.27918e-21  0.000130557 -7.40254e-21  -0.00110273  3.45003e-20   0.00589516   -8.851e-20   -0.0206508  8.22571e-20    0.0462868  1.59635e-19   -0.0591341 -6.19116e-19    0.0272775  5.24752e-19   0.00974995  1.65895e-19  -0.00212151
 7.02401e-23  1.72759e-06 -7.20292e-22 -3.88051e-05  4.14222e-21  0.000430837 -2.45384e-20  -0.00292348  9.56435e-20    0.0130554 -2.00198e-19    -0.038858  1.59635e-19    0.0734166  2.89242e-19   -0.0730418  -9.5597e-19    0.0118581  2.51406e-19    0.0146289  4.08572e-19
-1.94329e-07  3.25429e-22   7.8867e-06 -2.01159e-21  -0.00011963  1.25797e-20   0.00103787 -6.75817e-20  -0.00585885   2.1523e-19    0.0225736 -3.77743e-19   -0.0591341  2.89242e-19    0.0973686  5.43982e-19   -0.0735091 -1.48197e-18   -0.0121529 -1.87866e-19   0.00850915
-9.32847e-23 -9.68738e-07  9.06084e-22  2.15542e-05 -5.03319e-21 -0.000242178  3.31485e-20   0.00171936 -1.49179e-19  -0.00844037  3.87836e-19    0.0296329 -6.19116e-19   -0.0730418  5.43982e-19     0.111982  1.08406e-18   -0.0586522 -2.12608e-18   -0.0306523 -5.20629e-19
 5.25378e-08  -3.3502e-22 -1.99359e-06  1.84517e-21  2.90077e-05  -1.1577e-20 -0.000253905  6.98758e-20   0.00157093  -2.5445e-19  -0.00742957  5.38603e-19    0.0272775  -9.5597e-19   -0.0735091  1.08406e-18     0.119959   2.0908e-18   -0.0276583 -2.34301e-18   -0.0257959
 7.56877e-23 -6.39785e-09 -6.79363e-22  7.73372e-07  3.21711e-21 -1.40745e-05 -2.22735e-20  0.000113735  1.11252e-19 -0.000407898 -3.05371e-19 -0.000435528  5.24752e-19    0.0118581 -1.48197e-18   -0.0586522   2.0908e-18     0.132881  3.36996e-18    0.0176107 -1.70401e-18
 1.47045e-08  1.99227e-22 -7.07068e-07 -9.32263e-22  1.24945e-05    5.229e-21 -0.000124945 -3.22585e-20  0.000806169  1.26017e-19  -0.00349649 -1.73018e-19   0.00974995  2.51406e-19   -0.0121529 -2.12608e-18   -0.0276583  3.36996e-18     0.154646  3.65228e-18    0.0461811
-3.10284e-23   7.1824e-08  2.73362e-22 -1.78978e-06 -1.14536e-21  2.27459e-05  7.18407e-21 -0.000185798 -3.39192e-20   0.00107644   9.1624e-20  -0.00462172  1.65895e-19    0.0146289 -1.87866e-19   -0.0306523 -2.34301e-18    0.0176107  3.65228e-18      0.14949  1.78841e-18
-1.69394e-09 -4.80147e-23  6.80333e-08  2.22339e-22 -1.06143e-06 -1.55073e-21  1.02528e-05  6.29689e-21 -7.35572e-05 -2.79204e-20  0.000431262   3.7165e-20  -0.00212151  4.08572e-19   0.00850915 -5.20629e-19   -0.0257959 -1.70401e-18    0.0461811  1.78841e-18    0.0751476
