    0.261504  3.78647e-17   -0.0271801  -5.2762e-17   -0.0331787 -3.90458e-17  -0.00429955  2.83005e-18   0.00425397  7.01511e-18   0.00165293  6.41935e-19 -0.000163357 -6.12352e-19 -0.000215247 -8.07935e-20 -3.62577e-05  1.33687e-20  2.30823e-06  5.73075e-22   6.5549e-07
 3.78647e-17        0.123  9.96945e-17   0.00470037 -4.72806e-17   -0.0282238 -4.39797e-17  -0.00686276  1.48638e-18   0.00453751  7.67303e-18   0.00249079   2.9599e-19 -3.15807e-05 -7.15232e-19 -0.000293794 -1.02814e-19 -6.68677e-05 -1.49314e-20  -1.8054e-06 -3.16333e-21
  -0.0271801  9.96945e-17    0.0672709  9.50463e-17   0.00591849 -3.68596e-17   -0.0240531 -3.92968e-17  -0.00802752  2.09403e-18   0.00425206  6.41732e-18   0.00304546  9.10378e-20  0.000213913 -4.05888e-19 -0.000282581 -1.05743e-19 -7.77896e-05  -4.3636e-20 -4.16434e-06
 -5.2762e-17   0.00470037  9.50463e-17    0.0485411  7.47973e-17   0.00622183 -2.81843e-17   -0.0213572 -2.87898e-17  -0.00886342  3.72615e-18   0.00367108  4.86602e-18   0.00337527  8.98719e-19  0.000515569  2.75195e-19 -0.000189405 -5.38204e-20 -5.95376e-05   -3.666e-20
  -0.0331787 -4.72806e-17   0.00591849  7.47973e-17    0.0396205  5.84396e-17   0.00638087 -2.08666e-17   -0.0193866 -1.72746e-17  -0.00960662  3.05122e-18   0.00285539  3.73418e-18   0.00347003  2.55679e-18  0.000801603  1.04616e-18 -5.19897e-05  3.98553e-20  -2.4507e-05
-3.90458e-17   -0.0282238 -3.68596e-17   0.00622183  5.84396e-17    0.0342148  3.90458e-17   0.00659003 -1.47192e-17   -0.0178814 -1.15032e-17    -0.010362  -1.5206e-18   0.00179642  2.88078e-18   0.00327141   4.1596e-18  0.000967116  1.51127e-18  5.71414e-05  8.59628e-20
 -0.00429955 -4.39797e-17   -0.0240531 -2.81843e-17   0.00638087  3.90458e-17    0.0308719  2.15079e-17   0.00692886 -9.97041e-18   -0.0166608 -1.41065e-17   -0.0111739 -9.05852e-18  0.000458461  1.80913e-18   0.00269492  4.78198e-18  0.000899273  1.39126e-18  7.32855e-05
 2.83005e-18  -0.00686276 -3.92968e-17   -0.0213572 -2.08666e-17   0.00659003  2.15079e-17    0.0287898  1.40332e-17   0.00745063  -6.8477e-18   -0.0155759 -2.28079e-17   -0.0120308 -1.72301e-17  -0.00116054  2.82216e-19   0.00171787  4.03649e-18  0.000582522  7.68893e-19
  0.00425397  1.48638e-18  -0.00802752 -2.87898e-17   -0.0193866 -1.47192e-17   0.00692886  1.40332e-17    0.0276011  1.91489e-17   0.00822418 -4.86135e-18   -0.0144563 -3.28964e-17   -0.0128058 -2.33648e-17  -0.00288885 -1.41845e-18  0.000550341  2.35107e-18  0.000200175
 7.01511e-18   0.00453751  2.09403e-18  -0.00886342 -1.72746e-17   -0.0178814 -9.97041e-18   0.00745063  1.91489e-17    0.0271411  3.33433e-17   0.00937168 -3.08156e-18   -0.0130193 -3.96173e-17   -0.0131084 -2.52785e-17   -0.0041971  -2.5807e-18 -0.000307507  7.65576e-19
  0.00165293  7.67303e-18   0.00425206  3.72615e-18  -0.00960662 -1.15032e-17   -0.0166608  -6.8477e-18   0.00822418  3.33433e-17    0.0273888  5.03741e-17    0.0111405 -5.39307e-19   -0.0107263 -3.94641e-17   -0.0121627 -2.20149e-17  -0.00430452 -2.48092e-18 -0.000445671
 6.41935e-19   0.00249079  6.41732e-18   0.00367108  3.05122e-18    -0.010362 -1.41065e-17   -0.0155759 -4.86135e-18   0.00937168  5.03741e-17     0.028491  6.45164e-17    0.0140136  4.05298e-18   -0.0067536 -3.10324e-17  -0.00917236 -1.45373e-17  -0.00293732 -1.25054e-18
-0.000163357   2.9599e-19   0.00304546  4.86602e-18   0.00285539  -1.5206e-18   -0.0111739 -2.28079e-17   -0.0144563 -3.08156e-18    0.0111405  6.45164e-17    0.0308386  7.30941e-17    0.0186454  1.22662e-17 -0.000614356 -1.63049e-17   -0.0044735 -6.09191e-18   -0.0010549
-6.12352e-19 -3.15807e-05  9.10378e-20   0.00337527  3.73418e-18   0.00179642 -9.05852e-18   -0.0120308 -3.28964e-17   -0.0130193 -5.39307e-19    0.0140136  7.30941e-17    0.0349567  7.73348e-17    0.0250567  2.37493e-17   0.00640276 -1.40212e-18 -0.000249567 -7.40349e-19
-0.000215247 -7.15232e-19  0.000213913  8.98719e-19   0.00347003  2.88078e-18  0.000458461 -1.72301e-17   -0.0128058 -3.96173e-17   -0.0107263  4.05298e-18    0.0186454  7.73348e-17    0.0406306  7.93888e-17    0.0310551  3.33272e-17    0.0107682  6.42546e-18   0.00121821
-8.07935e-20 -0.000293794 -4.05888e-19  0.000515569  2.55679e-18   0.00327141  1.80913e-18  -0.00116054 -2.33648e-17   -0.0131084 -3.94641e-17   -0.0067536  1.22662e-17    0.0250567  7.93888e-17    0.0452886  7.71504e-17    0.0320928  3.33587e-17   0.00963652  5.33915e-18
-3.62577e-05 -1.02814e-19 -0.000282581  2.75195e-19  0.000801603   4.1596e-18   0.00269492  2.82216e-19  -0.00288885 -2.52785e-17   -0.0121627 -3.10324e-17 -0.000614356  2.37493e-17    0.0310551  7.71504e-17    0.0440062  6.48011e-17    0.0251858  2.23739e-17   0.00467308
 1.33687e-20 -6.68677e-05 -1.05743e-19 -0.000189405  1.04616e-18  0.000967116  4.78198e-18   0.00171787 -1.41845e-18   -0.0041971 -2.20149e-17  -0.00917236 -1.63049e-17   0.00640276  3.33272e-17    0.0320928  6.48011e-17    0.0338161  4.19149e-17    0.0135269  8.60025e-18
 2.30823e-06 -1.49314e-20 -7.77896e-05 -5.38204e-20 -5.19897e-05  1.51127e-18  0.000899273  4.03649e-18  0.000550341  -2.5807e-18  -0.00430452 -1.45373e-17   -0.0044735 -1.40212e-18    0.0107682  3.33587e-17    0.0251858  4.19149e-17    0.0186042   1.8319e-17   0.00412545
 5.73075e-22  -1.8054e-06  -4.3636e-20 -5.95376e-05  3.98553e-20  5.71414e-05  1.39126e-18  0.000582522  2.35107e-18 -0.000307507 -2.48092e-18  -0.00293732 -6.09191e-18 -0.000249567  6.42546e-18   0.00963652  2.23739e-17    0.0135269   1.8319e-17   0.00639943  4.33732e-18
  6.5549e-07 -3.16333e-21 -4.16434e-06   -3.666e-20  -2.4507e-05  8.59628e-20  7.32855e-05  7.68893e-19  0.000200175  7.65576e-19 -0.000445671 -1.25054e-18   -0.0010549 -7.40349e-19   0.00121821  5.33915e-18   0.00467308  8.60025e-18   0.00412545  4.33732e-18   0.00102475
