  0.00332597 -2.57618e-20   -0.0107309  1.09703e-19   0.00809938  5.84438e-19  0.000784401 -1.55269e-18  -0.00208323  8.81409e-19 -0.000354876  4.85639e-20  0.000316781 -3.04975e-20   0.00010562 -7.58093e-20  -8.9651e-06  2.62626e-20 -6.55281e-06 -8.10968e-22 -4.16719e-07
-2.57618e-20    0.0173196 -2.42798e-19   -0.0288521  8.32709e-19    0.0115493  1.22051e-18   0.00617759 -3.10648e-18  -0.00308327  1.03389e-18  -0.00164435  5.17766e-19  0.000289896 -1.47246e-19  0.000259743 -1.02977e-19  2.31994e-05  3.55221e-20 -5.85253e-06 -1.02082e-21
  -0.0107309 -2.42798e-19     0.041971 -1.01993e-18   -0.0438684  2.68614e-18   0.00587029  1.65406e-18    0.0126749 -4.12756e-18  -0.00160729  5.68282e-19  -0.00298332  1.10928e-18 -0.000181408 -3.39883e-19  0.000315777  -6.2831e-20  6.36054e-05  2.48518e-20 -5.09039e-08
 1.09703e-19   -0.0288521 -1.01993e-18     0.064051 -2.62592e-18   -0.0456959  5.29816e-18  -0.00569141  1.99382e-18    0.0160585  -4.6459e-18   0.00170901  2.20629e-19  -0.00348486  1.38505e-18 -0.000849058 -4.97061e-19  0.000207557 -7.82401e-21  6.87081e-05  7.55322e-21
  0.00809938  8.32709e-19   -0.0438684 -2.62592e-18    0.0714719 -4.69231e-18   -0.0365151  7.36865e-18   -0.0163311  2.49457e-18    0.0154611 -5.15226e-18   0.00523142  6.13183e-19  -0.00295711  1.10149e-18  -0.00135689 -4.99555e-19  6.35494e-06 -4.08815e-21  3.43186e-05
 5.84438e-19    0.0115493  2.68614e-18   -0.0456959 -4.69231e-18    0.0657756 -6.32935e-18   -0.0248299   8.2348e-18   -0.0229069  2.79299e-18    0.0124522 -5.49523e-18    0.0079232  1.56197e-18  -0.00169046  4.61291e-19  -0.00147241 -3.58742e-19 -0.000145324  -3.4563e-20
 0.000784401  1.22051e-18   0.00587029  5.29816e-18   -0.0365151 -6.32935e-18    0.0560425  -7.1161e-18   -0.0158426  8.64693e-18   -0.0261348  2.00844e-18   0.00857033 -4.68605e-18   0.00950194  2.39379e-18 -8.39557e-05  5.26747e-20  -0.00114422  -1.8323e-19 -0.000142395
-1.55269e-18   0.00617759  1.65406e-18  -0.00569141  7.36865e-18   -0.0248299  -7.1161e-18     0.048344 -7.39905e-18    -0.010012  8.96329e-18   -0.0276339  -3.0735e-19   0.00448442 -2.28696e-18   0.00995596  2.71814e-18   0.00144907  2.92166e-19 -0.000536361 -5.28681e-20
 -0.00208323 -3.10648e-18    0.0126749  1.99382e-18   -0.0163311   8.2348e-18   -0.0158426 -7.39905e-18    0.0437624  -7.0579e-18  -0.00609299  7.63047e-18   -0.0284273  -3.6416e-18  0.000287352  2.34983e-19   0.00921368   2.6137e-18   0.00241402  7.93207e-19 -2.98232e-05
 8.81409e-19  -0.00308327 -4.12756e-18    0.0160585  2.49457e-18   -0.0229069  8.64693e-18    -0.010012  -7.0579e-18    0.0414184  -4.7752e-18  -0.00303886  3.12296e-18   -0.0289245 -7.09736e-18  -0.00412057  3.21165e-19   0.00710702  2.08369e-18   0.00232458  7.08953e-19
-0.000354876  1.03389e-18  -0.00160729  -4.6459e-18    0.0154611  2.79299e-18   -0.0261348  8.96329e-18  -0.00609299  -4.7752e-18    0.0405338  4.30423e-19 -0.000219812 -3.04498e-18   -0.0291598 -1.05407e-17  -0.00871974 -3.13211e-18   0.00372411  8.30917e-19   0.00122596
 4.85639e-20  -0.00164435  5.68282e-19   0.00170901 -5.15226e-18    0.0124522  2.00844e-18   -0.0276339  7.63047e-18  -0.00303886  4.30423e-19    0.0407933  7.52426e-18   0.00285809 -6.93166e-18   -0.0287578 -1.47591e-17   -0.0128388 -8.15535e-18  0.000156063 -7.05284e-19
 0.000316781  5.17766e-19  -0.00298332  2.20629e-19   0.00523142 -5.49523e-18   0.00857033  -3.0735e-19   -0.0284273  3.12296e-18 -0.000219812  7.52426e-18    0.0422285  1.50971e-17   0.00688479 -5.62226e-18   -0.0265286 -1.90215e-17   -0.0145265  -1.0692e-17  -0.00149948
-3.04975e-20  0.000289896  1.10928e-18  -0.00348486  6.13183e-19    0.0079232 -4.68605e-18   0.00448442  -3.6416e-18   -0.0289245 -3.04498e-18   0.00285809  1.50971e-17    0.0452528   2.5554e-17    0.0131708  2.10683e-18   -0.0202313 -1.86847e-17   -0.0114774 -8.01678e-18
  0.00010562 -1.47246e-19 -0.000181408  1.38505e-18  -0.00295711  1.56197e-18   0.00950194 -2.28696e-18  0.000287352 -7.09736e-18   -0.0291598 -6.93166e-18   0.00688479   2.5554e-17    0.0509181  4.58199e-17    0.0235655  1.74907e-17  -0.00853879 -1.05413e-17  -0.00478135
-7.58093e-20  0.000259743 -3.39883e-19 -0.000849058  1.10149e-18  -0.00169046  2.39379e-18   0.00995596  2.34983e-19  -0.00412057 -1.05407e-17   -0.0287578 -5.62226e-18    0.0131708  4.58199e-17    0.0606376  7.91321e-17    0.0377738  3.67136e-17   0.00423558  -1.4573e-18
 -8.9651e-06 -1.02977e-19  0.000315777 -4.97061e-19  -0.00135689  4.61291e-19 -8.39557e-05  2.71814e-18   0.00921368  3.21165e-19  -0.00871974 -1.47591e-17   -0.0265286  2.10683e-18    0.0235655  7.91321e-17    0.0732242  1.12172e-16    0.0483102  4.38497e-17   0.00856652
 2.62626e-20  2.31994e-05  -6.2831e-20  0.000207557 -4.99555e-19  -0.00147241  5.26747e-20   0.00144907   2.6137e-18   0.00710702 -3.13211e-18   -0.0128388 -1.90215e-17   -0.0202313  1.74907e-17    0.0377738  1.12172e-16    0.0798037  1.16335e-16    0.0430025  2.71227e-17
-6.55281e-06  3.55221e-20  6.36054e-05 -7.82401e-21  6.35494e-06 -3.58742e-19  -0.00114422  2.92166e-19   0.00241402  2.08369e-18   0.00372411 -8.15535e-18   -0.0145265 -1.86847e-17  -0.00853879  3.67136e-17    0.0483102  1.16335e-16    0.0672407  7.82987e-17    0.0216711
-8.10968e-22 -5.85253e-06  2.48518e-20  6.87081e-05 -4.08815e-21 -0.000145324  -1.8323e-19 -0.000536361  7.93207e-19   0.00232458  8.30917e-19  0.000156063  -1.0692e-17   -0.0114774 -1.05413e-17   0.00423558  4.38497e-17    0.0430025  7.82987e-17    0.0365664  2.72441e-17
-4.16719e-07 -1.02082e-21 -5.09039e-08  7.55322e-21  3.43186e-05  -3.4563e-20 -0.000142395 -5.28681e-20 -2.98232e-05  7.08953e-19   0.00122596 -7.05284e-19  -0.00149948 -8.01678e-18  -0.00478135  -1.4573e-18   0.00856652  2.71227e-17    0.0216711  2.72441e-17   0.00931855
