 7.90501e-10  3.63456e-25 -1.26701e-08 -1.00589e-23   7.2963e-08  7.35214e-23 -2.27811e-07 -2.64359e-22  4.28071e-07  5.69266e-22 -4.82597e-07 -9.40639e-22  2.79216e-07  1.82195e-21 -7.71211e-09 -3.95519e-21  -7.7024e-08  6.26749e-21     1.18e-08 -5.13147e-21  2.10672e-08 -1.20756e-21 -6.54426e-10  8.63835e-21 -5.54224e-09 -1.14947e-20 -1.36285e-09  9.37024e-21  8.74043e-10 -5.96771e-21  6.48599e-10  3.56562e-21  7.96326e-11 -2.04714e-21 -1.01843e-10  1.06667e-21 -6.52376e-11 -5.39282e-22  -1.2992e-11  2.51751e-22  5.33904e-12 -7.36635e-23  5.13204e-12  1.16135e-23  1.88745e-12 -1.50215e-23  2.21776e-13  1.35888e-23 -1.59764e-13 -2.64504e-24 -1.19211e-13 -1.43096e-24  -4.4317e-14  1.87585e-25 -9.37223e-15  4.52535e-25  8.40399e-17 -1.70772e-25  1.05601e-15  1.53119e-26  5.41592e-16 -1.00121e-26  1.77892e-16  2.73913e-27  4.19334e-17  3.73967e-27  6.19843e-18 -1.21967e-27 -1.44505e-19 -8.06112e-28 -4.80158e-19   1.2243e-28 -2.02119e-19  2.05985e-28 -5.87847e-20  1.79671e-29 -1.36733e-20 -3.46617e-29 -2.63516e-21  -3.9592e-30 -4.16662e-22  1.73209e-30 -5.01809e-23 -2.31263e-31 -3.11995e-24  3.54721e-32  4.80927e-25  1.55632e-31  2.26076e-25  2.73153e-33  5.30584e-26 -1.95107e-32  9.56924e-27 -1.63368e-33  1.45103e-27  1.36032e-33  1.91173e-28  2.79572e-34  2.21957e-29 -2.62314e-35  2.28385e-30 -1.83642e-35  2.08446e-31 -3.24389e-36  1.68325e-32 -1.05907e-37  1.19616e-33   7.5589e-38  7.41843e-35  1.29688e-38  3.97108e-36 -6.18244e-40  1.80596e-37 -3.80622e-40  6.80846e-39 -3.08922e-41  2.07996e-40  1.17199e-42  4.92164e-42  2.72075e-43  7.52502e-44  9.99786e-45 -1.99713e-46 -1.31094e-46 -1.55069e-47 -6.05434e-48
 3.63456e-25  1.87646e-08  6.42266e-24 -1.69273e-07 -1.22393e-22  7.30195e-07  7.02463e-22 -1.84036e-06 -2.06448e-21  2.84966e-06  3.68693e-21  -2.5856e-06 -5.44557e-21  1.01151e-06  1.10848e-20  3.07536e-07 -2.43454e-20 -3.64163e-07  3.56618e-20 -5.71646e-08 -2.45243e-20  9.73374e-08  -1.1506e-20  2.93064e-08  4.48167e-20 -1.84925e-08 -5.09701e-20 -1.27415e-08  3.67708e-20  6.21699e-13 -2.18462e-20  2.94974e-09  1.28678e-20  1.27729e-09 -7.12068e-21 -3.50462e-11  3.50352e-21 -2.77143e-10 -1.78619e-21  -1.3453e-10  8.14252e-22 -1.95262e-11 -1.69546e-22   1.3106e-11  2.17155e-24  1.04009e-11 -5.61427e-23  3.67231e-12  4.89413e-23  4.91116e-13   -4.451e-24 -2.40021e-13 -7.03319e-24 -1.96152e-13  3.85629e-25 -7.75428e-14  1.61296e-24   -1.934e-14 -3.68449e-25 -2.00421e-15 -1.53958e-26  8.65363e-16 -5.25575e-26  6.21915e-16  1.44959e-26  2.34779e-16  1.69276e-26  6.46972e-17 -4.21703e-27  1.34608e-17 -4.01505e-27  1.85692e-18  2.72249e-28  8.31865e-21  9.28798e-28 -9.66032e-20  1.04057e-28 -3.90987e-20 -1.19181e-28 -1.07233e-20 -2.10445e-29 -2.37036e-21  1.71799e-30 -4.43798e-22 -9.96463e-31 -7.14176e-23  7.18318e-31 -9.82481e-24  6.60919e-31 -1.12024e-24 -1.64323e-32 -9.59005e-26  -7.7574e-32 -3.55525e-27 -7.83835e-33  7.18642e-28  4.39342e-33  2.11086e-28  1.13335e-33  3.49881e-29 -1.63674e-35  4.49923e-30 -5.47466e-35  4.83152e-31 -1.16373e-35   4.4452e-32 -5.54537e-37  3.53394e-33  2.30603e-37  2.42767e-34  3.92382e-38  1.43168e-35 -1.93507e-39  7.16532e-37 -1.05199e-39  2.98666e-38 -8.37127e-41  1.01042e-39  1.50361e-42  2.65502e-41   4.6498e-43  4.77406e-43  1.40558e-44  4.10424e-45  -2.1096e-46  1.01785e-47
-1.26701e-08  6.42266e-24  2.17762e-07  6.43574e-23 -1.35331e-06 -9.24394e-22   4.6016e-06  4.29703e-21 -9.55387e-06 -1.04066e-20   1.2239e-05  1.52697e-20 -8.72673e-06 -2.05177e-20  1.70015e-06  4.61983e-20  1.95515e-06 -1.02206e-19 -8.58574e-07  1.37318e-19 -5.20686e-07  -7.7464e-20  1.98064e-07 -5.77543e-20   1.7337e-07   1.5448e-19 -8.58641e-09 -1.50493e-19 -4.61405e-08  9.60656e-20 -1.47152e-08 -5.43023e-20  4.71191e-09  3.19729e-20  5.36851e-09 -1.67086e-20  1.53943e-09  7.75792e-21 -3.25798e-10 -4.18516e-21 -4.66885e-10   1.8226e-21 -1.88321e-10 -1.58976e-22 -2.06481e-11 -7.87676e-23  1.97686e-11  -1.6053e-22  1.41815e-11  1.22873e-22  4.97864e-12  2.03778e-24  8.05246e-13 -2.10982e-23 -1.99306e-13  -3.9306e-25  -2.0576e-13  4.01119e-24 -8.81839e-14 -3.04389e-25 -2.50857e-14 -1.70389e-25 -4.44462e-15 -1.90957e-25 -2.88644e-18  4.65372e-26  3.64337e-16  5.46732e-26  1.74008e-16 -1.01467e-26  5.51256e-17 -1.33906e-26  1.35759e-17  1.69805e-28  2.65629e-18  2.73767e-27  3.86657e-19  4.00822e-28  2.74105e-20 -2.67413e-28 -6.07389e-21 -6.94313e-29 -3.22352e-21 -9.64663e-30  -8.9277e-22 -3.44024e-30  -1.9091e-22  3.33955e-30 -3.43428e-23  1.96858e-30 -5.36275e-24 -8.58305e-32 -7.36121e-25 -2.15824e-31 -8.90935e-26 -2.64275e-32 -9.46927e-27  9.64998e-33 -8.73113e-28  3.10228e-33 -6.80405e-29  1.26611e-34 -4.21868e-30 -1.08749e-34 -1.70713e-31 -2.71693e-35   1.2324e-33  -1.4436e-36  1.03224e-33  4.93003e-37  1.16608e-34  7.85143e-38  8.78258e-36 -4.61551e-39  5.03044e-37 -2.04241e-39  2.24475e-38  -1.6052e-40  7.73392e-40 -2.61799e-43  1.94975e-41  4.30451e-43   2.8902e-43  7.48348e-45  1.15416e-45  -2.1574e-46
-1.00589e-23 -1.69273e-07  6.43574e-23  1.64699e-06  4.48251e-22 -7.71975e-06  -5.1115e-21  2.13733e-05  1.96336e-20 -3.70351e-05  -3.9174e-20  3.91434e-05  4.59725e-20 -2.08623e-05 -5.76166e-20 -8.95592e-07  1.52858e-19  6.55347e-06 -3.37761e-19 -6.51301e-07  4.13206e-19 -1.87866e-06 -1.84823e-19 -1.44045e-08 -2.03615e-19   5.0524e-07   4.0946e-19  1.38527e-07 -3.40653e-19 -8.20079e-08  1.92478e-19 -6.46132e-08 -1.06771e-19 -8.03822e-09  6.32161e-20  1.07636e-08 -3.00708e-20  6.91529e-09  1.34002e-20  1.31025e-09 -8.19184e-21 -6.51737e-10  3.22607e-21 -5.91443e-10  2.78634e-22 -2.10716e-10 -2.85698e-22 -1.96223e-11  -3.9064e-22  2.16909e-11  2.45689e-22  1.49662e-11  3.14184e-23  5.36401e-12 -4.70707e-23  1.05018e-12 -4.58955e-24 -6.54982e-14  7.97852e-24 -1.51301e-13  6.49309e-25 -7.29546e-14 -5.40088e-25 -2.32217e-14 -5.37929e-25 -5.27996e-15  1.13498e-25 -7.10157e-16  1.44118e-25  5.30973e-17 -1.92767e-26  7.20929e-17 -3.48874e-26  2.85191e-17 -1.14799e-27  8.07004e-18  6.19527e-27  1.84176e-18  1.18145e-27  3.48935e-19 -4.27627e-28  5.41339e-20 -1.73983e-28  6.33821e-21 -5.38212e-29  3.57902e-22 -9.93229e-30 -6.96149e-23  9.99712e-30 -2.98251e-23  4.74705e-30  -6.7882e-24 -2.21707e-31 -1.19674e-24 -4.84307e-31  -1.7768e-25 -7.04349e-32 -2.29164e-26  1.63493e-32 -2.60196e-27  6.62798e-33 -2.61424e-28  5.32699e-34 -2.32526e-29 -1.64293e-34 -1.82568e-30 -4.77456e-35 -1.25807e-31 -2.34822e-36 -7.54292e-33  8.81587e-37 -3.88727e-34  1.23559e-37  -1.6929e-35 -8.90315e-39 -6.08912e-37 -3.19362e-39 -1.74597e-38 -2.48517e-40 -3.74688e-40 -4.57165e-42 -5.82451e-42  1.34168e-43 -9.31109e-44 -3.87259e-45 -1.18964e-45
  7.2963e-08 -1.22393e-22 -1.35331e-06  4.48251e-22  9.13198e-06  2.38006e-21 -3.40067e-05 -2.22873e-20  7.83656e-05  7.16473e-20 -0.000114178 -1.16611e-19  9.84531e-05  1.02599e-19 -3.49851e-05   -1.255e-19 -1.46343e-05  4.26834e-19  1.44206e-05 -9.31627e-19  2.95141e-06  1.03072e-18 -4.10221e-06 -3.46265e-19 -1.36895e-06 -5.61451e-19  8.23726e-07  8.85891e-19  5.95487e-07 -6.23617e-19 -4.40879e-09  3.13023e-19 -1.46918e-07 -1.78655e-19 -6.24604e-08  1.05095e-19  3.80469e-09 -4.27139e-20  1.52164e-08  1.94273e-20  7.05238e-09 -1.44938e-20  8.05824e-10  4.66182e-21   -8.539e-10  1.62288e-21 -6.12039e-10 -6.14911e-22  -2.0243e-10 -8.26037e-22  -1.9501e-11  4.11705e-22  1.82657e-11  1.01822e-22  1.28203e-11  -8.4967e-23  4.78183e-12 -1.59632e-23  1.10352e-12   1.3447e-23  7.10448e-14  3.34376e-24 -7.38199e-14 -1.20453e-24 -4.44451e-14 -1.25699e-24 -1.58694e-14  2.34407e-25 -4.20091e-15  3.28211e-25 -8.30936e-16 -2.90641e-26 -1.01163e-16 -7.59371e-26  5.35194e-18 -5.91027e-27  7.68857e-18   1.1456e-26  2.81789e-18  2.86427e-27  7.40837e-19 -4.37535e-28  1.59211e-19 -3.62168e-28  2.91179e-20  -1.6473e-28  4.58196e-21 -2.42367e-29  6.15508e-22  2.32637e-29  6.82005e-23  9.83477e-30  5.58527e-24 -3.92943e-31  1.70699e-25 -9.28445e-31 -4.78511e-26 -1.56424e-31 -1.27754e-26   2.1928e-32 -2.02613e-27  1.16954e-32  -2.5102e-28  1.27439e-33 -2.59727e-29 -1.96516e-34 -2.29701e-30  -6.6257e-35 -1.74838e-31 -2.13874e-36 -1.14339e-32  1.43671e-36 -6.37217e-34  1.69153e-37 -2.98215e-35 -1.37895e-38 -1.14599e-36 -4.19677e-39 -3.48197e-38 -3.22558e-40 -7.88229e-40 -9.88006e-42 -1.24237e-41 -2.22909e-43 -1.32749e-43 -7.88484e-45
 7.35214e-23  7.30195e-07 -9.24394e-22 -7.71975e-06  2.38006e-21  3.95908e-05  1.01712e-20 -0.000121157 -8.00981e-20  0.000235945   2.1712e-19 -0.000289774 -2.81498e-19  0.000198964  1.55302e-19 -3.25603e-05   -2.091e-19 -5.01776e-05  1.03983e-18  2.04924e-05 -2.21487e-18  1.39261e-05  2.20145e-18 -5.20219e-06 -5.02541e-19  -4.7748e-06 -1.27953e-18  3.03204e-07  1.61434e-18  1.35913e-06 -9.44054e-19  4.10464e-07  4.26887e-19 -1.66777e-07 -2.67984e-19 -1.70468e-07  1.49874e-19 -4.37134e-08 -4.60739e-20  1.45357e-08   2.5464e-20  1.64936e-08 -2.40921e-20  6.07688e-09   5.3294e-21  3.30291e-10  4.34552e-21 -8.64106e-10 -9.50697e-22 -5.40184e-10 -1.52937e-21 -1.73096e-10  5.94497e-22 -2.02896e-11  2.28098e-22  1.17554e-11 -1.30165e-22    9.024e-12 -3.85202e-23  3.55925e-12  1.99788e-23  9.38298e-13  8.60324e-24  1.39262e-13 -2.28305e-24 -1.43269e-14 -2.56095e-24 -1.87389e-14  4.36423e-25 -7.91019e-15   6.6761e-25  -2.3659e-15 -3.02513e-26 -5.56635e-16 -1.43365e-25   -1.032e-16 -1.81592e-26 -1.35787e-17  1.77963e-26 -5.14054e-19  5.97809e-27  3.78078e-19 -1.41514e-29  1.54415e-19 -6.61583e-28  3.96525e-20 -3.84228e-28  8.11784e-21 -5.09274e-29  1.41281e-21  4.55877e-29  2.14299e-22  1.81022e-29  2.86093e-23 -4.93113e-31  3.36667e-24 -1.56814e-30   3.4742e-25 -2.99115e-31  3.10243e-26  2.21781e-32  2.33195e-27  1.74811e-32  1.38394e-28  2.26201e-33  5.23119e-30 -1.86468e-34 -6.06603e-32 -7.26947e-35 -3.20456e-32  6.69128e-37 -3.35306e-33  2.21748e-36 -2.35018e-34  2.18708e-37 -1.24198e-35 -1.68205e-38 -5.02413e-37 -4.67984e-39 -1.50806e-38 -3.53628e-40 -3.13141e-40 -1.33101e-41 -4.27234e-42 -3.76163e-43  -3.4707e-44
-2.27811e-07  7.02463e-22   4.6016e-06  -5.1115e-21 -3.40067e-05  1.01712e-20  0.000139797   3.6289e-20 -0.000359964 -2.44648e-19  0.000598598  5.61016e-19 -0.000617931 -5.52675e-19  0.000321778  6.79289e-20  2.40666e-05 -2.34471e-19 -0.000111756  2.25558e-18  1.07476e-05 -4.63343e-18  3.39638e-05  4.10881e-18 -2.52581e-07 -5.00533e-19 -9.82069e-06 -2.49175e-18 -2.44683e-06  2.52016e-18  1.84462e-06 -1.18287e-18  1.31968e-06  5.03185e-19    9.788e-08 -3.75936e-19 -2.66753e-07  1.81815e-19 -1.51863e-07 -2.97377e-20 -2.04713e-08  3.34013e-20  2.00536e-08 -3.79288e-20  1.48968e-08  4.01989e-21  4.63771e-09  8.63421e-21   5.5232e-11 -1.07828e-21 -7.17496e-10 -2.50268e-21 -4.15735e-10  7.54804e-22 -1.33566e-10  4.15343e-22  -2.0047e-11 -1.74815e-22  5.28021e-12  -7.4735e-23  5.15329e-12  2.73014e-23   2.1948e-12  1.69517e-23  6.44734e-13 -4.07929e-24  1.31777e-13 -4.72635e-24  1.23135e-14  7.53543e-25 -3.94945e-15  1.23868e-24  -2.6517e-15 -1.52053e-27  -9.3019e-16 -2.40304e-25  -2.4725e-16 -4.37766e-26 -5.37488e-17  2.34245e-26 -9.68822e-18  1.10904e-26  -1.4056e-18   1.1883e-27 -1.43723e-19 -1.10401e-27 -2.75392e-21 -7.53237e-28  3.19324e-21 -9.40983e-29  1.00769e-21  7.86589e-29  2.08683e-22  3.02609e-29  3.47774e-23 -3.34529e-31  4.94295e-24 -2.37645e-30  6.13236e-25 -5.03592e-31  6.70695e-26  1.22722e-32  6.48791e-27  2.22635e-32  5.54629e-28  3.19222e-33  4.17345e-29 -1.36525e-34  2.74539e-30 -5.89595e-35  1.56306e-31  7.10147e-36  7.59659e-33  3.25198e-36  3.09262e-34  2.81408e-37  1.02774e-35 -1.53155e-38  2.69848e-37 -4.39842e-39  5.42273e-39 -3.25793e-40  7.85415e-41 -1.27796e-41  4.57119e-43 -2.58227e-43
-2.64359e-22 -1.84036e-06  4.29703e-21  2.13733e-05 -2.22873e-20 -0.000121157   3.6289e-20  0.000413565  1.11058e-19 -0.000911633 -6.50063e-19   0.00130305  1.26091e-18  -0.00111983 -8.57246e-19  0.000397138 -5.00765e-19    0.0001812 -3.35227e-20 -0.000182178  4.41625e-18 -3.52817e-05 -8.65579e-18  5.64467e-05   6.7944e-18  1.70126e-05 -8.92396e-20 -1.30107e-05 -4.23977e-18 -8.36479e-06  3.39155e-18  6.92351e-07 -1.19132e-18  2.43863e-06  5.39709e-19  8.82555e-07 -5.07906e-19 -1.65249e-07  1.77343e-19 -2.81691e-07  1.38443e-20 -1.11256e-07  4.81399e-20 -2.62551e-09 -5.59876e-20  1.99852e-08 -5.42921e-22  1.17293e-08  1.41516e-20  3.25642e-09 -7.90382e-22 -2.04218e-11 -3.66752e-21 -5.00371e-10   8.5831e-22  -2.8118e-10  6.56165e-22  -9.2801e-11 -2.11362e-22 -1.74153e-11 -1.23582e-22  9.03537e-13  3.64161e-23  2.27657e-12  2.85107e-23  1.09554e-12 -7.25964e-24  3.54533e-13 -8.12948e-24  8.61609e-14   1.2069e-24  1.49906e-14  2.12344e-24  1.14565e-15  9.43393e-26 -3.93486e-16 -3.63352e-25 -2.26534e-16 -8.95098e-26 -7.16179e-17  2.59237e-26 -1.74843e-17  1.87405e-26 -3.56251e-18  3.45837e-27 -6.21392e-19 -1.73586e-27  -9.3063e-20 -1.30187e-27 -1.17666e-20 -1.55855e-28 -1.18873e-21  1.22951e-28 -7.83207e-23  4.66675e-29  1.43102e-24   3.3112e-31  1.51718e-24 -3.26523e-30  3.05661e-25 -7.58031e-31  4.34625e-26 -1.15601e-32  5.00815e-27  2.37708e-32   4.8768e-28  3.61092e-33  4.07207e-29 -7.44548e-35  2.92303e-30 -2.34359e-35  1.79516e-31  1.69592e-35   9.3281e-33  4.47208e-36   4.0279e-34  3.61203e-37  1.40676e-35 -8.35025e-39  3.82249e-37 -3.41483e-39   7.6321e-39 -2.48641e-40  9.78016e-41 -8.74517e-42  4.42901e-43
 4.28071e-07 -2.06448e-21 -9.55387e-06  1.96336e-20  7.83656e-05 -8.00981e-20 -0.000359964  1.11058e-19   0.00104657  2.97851e-19  -0.00200097 -1.53166e-18   0.00246598  2.50621e-18  -0.00172976 -9.26865e-19  0.000301544 -2.18018e-18   0.00046302  6.64809e-19 -0.000212509  7.88069e-18 -0.000131988 -1.46052e-17  6.24522e-05  1.00498e-17  4.89768e-05  1.03274e-18 -7.49074e-06  -6.4038e-18 -1.61217e-05  3.90819e-18 -3.66766e-06 -8.58114e-19  2.73391e-06  5.84122e-19  2.13634e-06 -6.67373e-19  3.74103e-07  1.08863e-19 -2.94619e-07  8.39748e-20 -2.36942e-07   7.6216e-20 -6.97992e-08 -7.63466e-20  6.45757e-09 -9.03573e-21  1.63243e-08  2.00212e-20  8.27535e-09 -3.81078e-23  2.16365e-09 -4.89318e-21  1.13186e-11  8.90156e-22 -2.93156e-10  9.30733e-22  -1.6647e-10 -2.36805e-22 -5.73171e-11 -1.78962e-22 -1.28336e-11  5.10509e-23  -1.0111e-12  4.32333e-23  6.68803e-13 -1.29118e-23   4.2098e-13 -1.32753e-23  1.52291e-13  1.76206e-24  4.15693e-14  3.38802e-24  8.97603e-15   3.0747e-25  1.47497e-15 -5.02002e-25  1.42503e-16 -1.60912e-25 -1.26506e-17  2.34203e-26 -1.06816e-17  2.94205e-26 -3.32836e-18   6.8938e-27 -7.68046e-19 -2.62736e-27 -1.47014e-19 -2.04175e-27 -2.42698e-20 -2.35218e-28 -3.51069e-21  1.77517e-28 -4.47273e-22  6.71718e-29 -5.00885e-23  1.77394e-30 -4.88551e-24 -4.08412e-30 -4.06845e-25 -1.03048e-30 -2.77062e-26 -5.02584e-32 -1.37208e-27  1.99571e-32 -2.46681e-29  3.09357e-33  4.00715e-30 -3.95768e-35  5.89098e-31  2.78914e-35  4.89864e-32  2.86654e-35  2.98285e-33  5.69208e-36  1.39366e-34  4.47462e-37   4.9706e-36  2.10911e-39  1.31347e-37 -2.10038e-39  2.41917e-39 -1.52854e-40  2.48632e-41 -3.79851e-42
 5.69266e-22  2.84966e-06 -1.04066e-20 -3.70351e-05  7.16473e-20  0.000235945 -2.44648e-19 -0.000911633  2.97851e-19   0.00230233  7.12576e-19  -0.00385668 -3.25295e-18   0.00409598  4.47216e-18  -0.00225825 -2.13201e-19 -0.000104691 -5.87846e-18  0.000832015  2.19141e-18 -0.000130627  1.29137e-17 -0.000268971 -2.24702e-17  2.48638e-05  1.33805e-17  8.75455e-05  3.12501e-18  1.39595e-05 -8.68605e-18 -2.08064e-05  3.73214e-18 -1.15726e-05 -1.76176e-19  6.37786e-07  7.29437e-19  3.20906e-06 -8.44805e-19  1.42823e-06 -4.70151e-20  1.07451e-08  1.68617e-19 -3.02508e-07    1.223e-19 -1.70633e-07 -9.50064e-20 -3.88463e-08 -2.08071e-20  8.44561e-09  2.51393e-20  1.14671e-08  9.82686e-22  5.31318e-09 -6.06002e-21  1.37688e-09  8.53151e-22  5.99335e-11  1.20466e-21 -1.40761e-10 -2.57025e-22 -8.49596e-11 -2.29266e-22 -3.08543e-11  7.88749e-23 -7.88779e-12  6.14989e-23 -1.25234e-12 -2.23141e-23  3.00261e-14 -2.07581e-23  1.08814e-13  2.28272e-24   4.8315e-14  5.05172e-24  1.47486e-14  6.86464e-25  3.58577e-15 -6.42186e-25  7.19497e-16  -2.5979e-25  1.17945e-16  1.61033e-26  1.46365e-17  4.36006e-26  9.15002e-19  1.13175e-26 -1.57908e-19 -3.86968e-27 -7.41288e-20 -2.96195e-27  -1.7726e-20 -3.27871e-28 -3.25892e-21  2.39991e-28 -5.02903e-22  9.10512e-29 -6.72735e-23  4.24326e-30 -7.90973e-24 -4.63689e-30 -8.21876e-25 -1.27215e-30 -7.55199e-26 -1.00697e-31 -6.11983e-27  9.95187e-33   -4.349e-28  1.47123e-33 -2.68706e-29 -5.65192e-35 -1.42624e-30  8.46596e-35 -6.39769e-32  3.98687e-35 -2.37163e-33  6.65906e-36 -7.03753e-35  5.15807e-37 -1.58373e-36  1.20187e-38 -2.36031e-38 -9.25765e-40 -1.37191e-40 -7.14742e-41  5.16445e-43
-4.82597e-07  3.68693e-21   1.2239e-05  -3.9174e-20 -0.000114178   2.1712e-19  0.000598598 -6.50063e-19  -0.00200097  7.12576e-19   0.00446057  1.54369e-18  -0.00659791 -6.31638e-18   0.00601005  7.27136e-18  -0.00241307  2.09446e-18 -0.000902607 -1.26112e-17   0.00116791  4.83916e-18  0.000125939  1.95538e-17 -0.000398576 -3.17871e-17  -7.7335e-05  1.60885e-17   0.00011145  6.30617e-18  5.30501e-05 -1.06679e-17 -1.48607e-05  2.62359e-18 -2.05692e-05  7.29401e-19 -4.98422e-06  1.08019e-18  2.86302e-06 -1.00921e-18  2.65012e-06 -2.98569e-19  7.51818e-07  2.46019e-19 -1.59284e-07  1.85139e-19 -2.43496e-07 -1.07032e-19 -1.09699e-07 -3.35528e-20 -2.00655e-08  2.87058e-20   6.7193e-09  1.90277e-21  7.06903e-09 -7.10741e-21  3.11953e-09  7.50149e-22  8.33112e-10   1.4211e-21  8.05181e-11 -2.91497e-22 -5.13463e-11 -2.59054e-22 -3.62669e-11  1.31593e-22 -1.41032e-11  8.48571e-23 -3.98748e-12  -3.6362e-23 -8.31178e-13 -3.10944e-23 -1.03676e-13  2.52402e-24  7.64565e-15   7.0582e-24  9.55862e-15  1.25275e-24  3.60072e-15 -7.74024e-25  9.80334e-16 -3.82297e-25   2.1814e-16  7.32501e-27   4.1209e-17  6.17226e-26  6.67036e-18  1.62792e-26  9.15059e-19 -5.55543e-27  1.01938e-19 -4.02839e-27  7.96694e-21 -4.26893e-28  8.87772e-23  3.06714e-28 -1.13485e-22  1.17057e-28 -2.69807e-23  7.93016e-30 -4.22935e-24 -4.71608e-30 -5.28959e-25 -1.42747e-30 -5.56603e-26 -1.55517e-31 -5.02182e-27 -5.23518e-33 -3.90492e-28 -1.01481e-33 -2.61019e-29 -1.12804e-34 -1.48704e-30  1.37326e-34 -7.11551e-32  4.83882e-35 -2.79658e-33  7.14469e-36 -8.72277e-35  5.39198e-37  -2.0339e-36  1.75643e-38 -3.12472e-38 -1.94593e-40 -2.28825e-40 -2.19506e-41
-9.40639e-22  -2.5856e-06  1.52697e-20  3.91434e-05 -1.16611e-19 -0.000289774  5.61016e-19   0.00130305 -1.53166e-18  -0.00385668  1.54369e-18   0.00769463  3.06639e-18   -0.0101109 -1.13486e-17    0.0078162  1.09376e-17  -0.00189412  6.88117e-18  -0.00203824 -2.31634e-17    0.0012903  8.74481e-18  0.000565725  2.75125e-17 -0.000443005 -4.16797e-17 -0.000240586   1.7461e-17  9.20393e-05  1.04963e-17  0.000100544 -1.19219e-17  8.09947e-06  5.27576e-19 -2.51076e-05   1.6303e-18 -1.34941e-05  1.70401e-18 -1.56179e-07 -1.10997e-18   3.1966e-06 -6.29667e-19  1.77023e-06  2.91295e-19  3.00245e-07  2.55291e-19 -1.88615e-07 -1.08739e-19 -1.67573e-07 -4.37728e-20 -6.48515e-08  3.06894e-20 -1.02486e-08  2.40684e-21  4.05693e-09 -8.01455e-21  3.84033e-09  5.67381e-22  1.66619e-09  1.49046e-21  4.68678e-10 -3.78118e-22  7.06348e-11 -2.53553e-22 -1.05133e-11  2.23073e-22 -1.21945e-11  1.16475e-22 -5.27496e-12 -5.48127e-23 -1.62553e-12 -4.44172e-23 -3.91136e-13  2.20831e-24 -7.26044e-14  9.26596e-24 -8.84175e-15  1.97216e-24  1.08179e-16 -9.00894e-25  4.52238e-16 -5.18662e-25  1.64503e-16  3.51317e-27  4.16357e-17  8.40539e-26  8.58508e-18  2.11265e-26  1.51487e-18 -7.74938e-27  2.33281e-19 -5.18717e-27  3.15679e-20 -5.24531e-28  3.74964e-21   3.7291e-28  3.87493e-22  1.43565e-28  3.41354e-23  1.29302e-29  2.44888e-24 -4.15229e-30  1.25586e-25 -1.44846e-30  1.82358e-27  -2.0429e-31 -5.12137e-28 -2.26543e-32 -7.60786e-29 -3.72933e-33 -6.76857e-30 -1.57389e-34 -4.49794e-31  1.80566e-34 -2.33394e-32  5.28861e-35 -9.43955e-34  7.02272e-36 -2.88462e-35  5.02201e-37 -6.16812e-37  1.73204e-38 -7.57713e-39  7.81094e-41 -2.80056e-41
 2.79216e-07 -5.44557e-21 -8.72673e-06  4.59725e-20  9.84531e-05 -2.81498e-19 -0.000617931  1.26091e-18   0.00246598 -3.25295e-18  -0.00659791  3.06639e-18    0.0119326  5.64094e-18   -0.0139915 -1.90439e-17   0.00900208  1.54587e-17  -0.00052862   1.4754e-17  -0.00329494 -3.76826e-17   0.00102583  1.38133e-17   0.00111405  3.61614e-17  -0.00032374 -5.10753e-17 -0.000425843  1.69906e-17  7.05241e-06  1.54308e-17  0.000135685 -1.21291e-17  4.81318e-05 -2.40468e-18 -1.84316e-05  2.26699e-18 -2.16957e-05   2.5921e-18 -6.14739e-06 -1.09073e-18  2.03396e-06 -9.96963e-19  2.54613e-06  2.85613e-19  1.01367e-06   3.1635e-19  7.25436e-08 -9.98846e-20 -1.50616e-07 -4.80002e-20 -1.02531e-07   3.1924e-20  -3.5998e-08  2.50473e-21 -5.50345e-09 -8.70403e-21  1.90768e-09   2.7981e-22  1.82153e-09   1.2881e-21  7.97878e-10 -5.75664e-22  2.38054e-10 -2.05494e-22  4.68531e-11  3.65238e-22  2.37432e-12  1.60769e-22 -2.74483e-12 -7.57112e-23 -1.51242e-12 -6.01127e-23 -5.15939e-13  1.18905e-24 -1.36617e-13  1.14708e-23 -2.95708e-14  2.73814e-24 -5.21824e-15  -1.0446e-24 -7.03051e-16 -6.54748e-25  -5.1618e-17  1.26261e-26  6.66738e-18   1.1036e-25  3.76027e-18  2.51004e-26  9.72292e-19 -1.04657e-26   1.9058e-19 -6.37259e-27   3.1214e-20 -6.14898e-28  4.42411e-21  4.32925e-28  5.50879e-22  1.68784e-28  6.06363e-23  1.91939e-29  5.90725e-24 -2.86871e-30  5.08212e-25 -1.30917e-30  3.84135e-26 -2.35921e-31  2.53057e-27 -3.81568e-32  1.43657e-28 -5.85111e-33  6.91907e-30 -1.25616e-34  2.76706e-31  2.12801e-34  8.90686e-33  5.29767e-35  2.19965e-34  6.30184e-36  3.87377e-36  4.10061e-37  4.67351e-38  1.27667e-38   5.1402e-40  7.89228e-41
 1.82195e-21  1.01151e-06 -2.05177e-20 -2.08623e-05  1.02599e-19  0.000198964 -5.52675e-19  -0.00111983  2.50621e-18   0.00409598 -6.31638e-18   -0.0101109  5.64094e-18     0.016783  9.67882e-18   -0.0176141 -3.00347e-17   0.00910838  2.08315e-17   0.00162381  2.56331e-17  -0.00434313  -5.5379e-17  0.000289374  1.97427e-17   0.00162102  4.46365e-17 -7.20206e-07 -5.90265e-17 -0.000564699  1.45284e-17 -0.000144202  2.07351e-17  0.000132685 -1.11515e-17  9.56326e-05 -5.85916e-18  3.77037e-06  2.42972e-18 -2.44662e-05   3.6471e-18 -1.36499e-05 -9.10132e-19 -1.42762e-06 -1.33633e-18  2.35232e-06  2.24102e-19  1.68031e-06  3.49616e-19  5.17121e-07 -8.46439e-20 -9.89312e-09 -4.43418e-20 -9.75576e-08  3.37179e-20  -5.6857e-08  2.68787e-21 -1.89542e-08 -8.91599e-21 -3.13352e-09 -1.14096e-22  6.44526e-10  6.71042e-22  7.35568e-10 -9.59507e-22  3.34565e-10 -1.22043e-22  1.05845e-10  5.62533e-22  2.45795e-11  2.21921e-22  3.61201e-12 -9.53902e-23 -8.33735e-14 -7.65545e-23 -2.79295e-13 -3.52199e-25 -1.18115e-13  1.34579e-23 -3.46782e-14  3.38003e-24 -8.21528e-15  -1.2416e-24 -1.64105e-15 -7.74562e-25 -2.79377e-16   4.1641e-26 -4.00479e-17  1.39494e-25 -4.60233e-18  2.74129e-26 -3.53853e-19 -1.36643e-26  3.03777e-21 -7.52009e-27  7.52004e-21 -6.96996e-28  1.75493e-21  4.80593e-28  2.84238e-22  1.90944e-28  3.72524e-23  2.64619e-29  4.13768e-24 -9.24594e-31  3.96236e-25 -1.01527e-30  3.28801e-26 -2.41694e-31   2.3598e-27 -4.77253e-32  1.45435e-28 -6.69197e-33  7.60185e-30  2.17831e-35   3.3067e-31  2.33118e-34  1.16321e-32  4.89706e-35  3.16452e-34  5.11962e-36  6.19878e-36  2.87497e-37  7.78889e-38  6.95681e-39   4.5974e-40
-7.71211e-09  1.10848e-20  1.70015e-06 -5.76166e-20 -3.49851e-05  1.55302e-19  0.000321778 -8.57246e-19  -0.00172976  4.47216e-18   0.00601005 -1.13486e-17   -0.0139915  9.67882e-18    0.0215933  1.55547e-17   -0.0203183 -4.46544e-17   0.00790615  2.70839e-17   0.00425924  3.84611e-17  -0.00485075 -7.45112e-17 -0.000864184  2.61621e-17    0.0019082  5.20412e-17  0.000499647 -6.50005e-17 -0.000582455  1.03016e-17 -0.000333121  2.60188e-17  7.21303e-05 -9.04129e-18  0.000132514 -9.43687e-18  3.97864e-05  2.01574e-18 -1.68988e-05  4.70239e-18 -1.94541e-05 -5.59902e-19 -6.70072e-06 -1.57737e-18  6.40826e-07  1.19099e-19  1.83877e-06    3.404e-19  9.76826e-07 -7.07423e-20  2.44239e-07 -3.36512e-20 -2.35928e-08    3.712e-20 -5.40465e-08  3.86354e-21 -2.87523e-08 -8.13422e-21 -9.43601e-09 -5.43326e-22 -1.78871e-09 -4.83778e-22  9.05473e-11 -1.60722e-21  2.39696e-10 -2.83708e-23  1.18618e-10  8.06789e-22  3.98689e-11  3.01487e-22  1.02988e-11 -1.09237e-22  2.03556e-12 -9.11044e-23  2.62342e-13 -1.77862e-24 -3.62935e-15  1.50629e-23 -1.50466e-14  3.70081e-24 -5.74757e-15 -1.52857e-24 -1.52643e-15 -8.62316e-25 -3.29772e-16  9.41354e-26 -6.08622e-17  1.69142e-25 -9.78129e-18   2.7312e-26 -1.37706e-18 -1.72659e-26 -1.69324e-19 -8.58095e-27 -1.79504e-20 -7.76699e-28 -1.59126e-21   5.0987e-28 -1.09084e-22  2.08433e-28 -4.21199e-24   3.4209e-29    2.182e-25  1.47124e-30  6.48092e-26 -6.05112e-31  7.91915e-27 -2.18025e-31  6.96383e-28 -4.88719e-32  4.82561e-29 -5.98022e-33  2.68913e-30  2.69513e-34   1.1969e-31   2.3899e-34  4.14119e-33  4.16499e-35  1.05675e-34  3.70986e-36  1.81327e-36  1.67557e-37  1.75384e-38  2.48334e-39
-3.95519e-21  3.07536e-07  4.61983e-20 -8.95592e-07   -1.255e-19 -3.25603e-05  6.79289e-20  0.000397138 -9.26865e-19  -0.00225825  7.27136e-18    0.0078162 -1.90439e-17   -0.0176141  1.55547e-17    0.0256383  2.34476e-17    -0.021631 -6.25949e-17   0.00548629  3.42267e-17   0.00692161  5.11882e-17  -0.00460029 -9.27333e-17  -0.00224592  3.28243e-17   0.00183232   5.7686e-17   0.00108333 -6.90067e-17 -0.000427809  4.79945e-18  -0.00050685  3.09412e-17 -4.81718e-05 -5.99823e-18  0.000138201 -1.27314e-17  8.05431e-05  1.04737e-18  2.94281e-06  5.56392e-18 -1.96864e-05 -7.23012e-20 -1.20208e-05 -1.66124e-18 -2.52352e-06 -2.54301e-21  1.09317e-06  2.83421e-19  1.18005e-06 -6.70289e-20  5.18593e-07 -1.98043e-20  1.11835e-07   4.2181e-20  -1.5602e-08  7.07312e-21 -2.59736e-08 -5.63034e-21 -1.31929e-08 -8.31482e-22 -4.36944e-09 -2.22964e-21 -9.52531e-10 -2.57488e-21 -6.63304e-11  3.49958e-23  5.47561e-11  1.07466e-21  3.35528e-11  3.95887e-22  1.22153e-11 -1.13056e-22  3.40957e-12 -1.00481e-22  7.70748e-13 -2.04387e-24  1.40203e-13  1.62132e-23  1.88413e-14  3.53526e-24  1.09803e-15 -1.92136e-24  -3.3283e-16 -9.03106e-25 -1.52054e-16  1.69032e-25 -3.91293e-17  1.95965e-25 -7.85988e-18  2.41653e-26 -1.33198e-18 -2.11722e-26 -1.96176e-19 -9.53224e-27 -2.54404e-20 -8.65986e-28  -2.9201e-21  5.15809e-28 -2.96846e-22  2.19874e-28  -2.6652e-23  4.16446e-29 -2.10136e-24  3.99038e-30 -1.44197e-25 -1.41232e-31 -8.50159e-27 -1.67858e-31 -4.22788e-28  -4.1513e-32 -1.72603e-29 -3.97114e-33 -5.54359e-31  5.48218e-34 -1.30031e-32  2.27164e-34 -1.90119e-34  3.22226e-35 -8.96371e-37    2.343e-36  2.23208e-38  7.65181e-38  5.01417e-40
 -7.7024e-08 -2.43454e-20  1.95515e-06  1.52858e-19 -1.46343e-05   -2.091e-19  2.40666e-05 -5.00765e-19  0.000301544 -2.13201e-19  -0.00241307  1.09376e-17   0.00900208 -3.00347e-17   -0.0203183  2.34476e-17    0.0283565  3.31235e-17   -0.0214147 -8.25516e-17   0.00221874  4.21627e-17   0.00915175  6.10921e-17  -0.00355689 -1.07717e-16  -0.00359192  3.97487e-17   0.00133569  6.12782e-17   0.00161523 -7.15036e-17 -9.51372e-05 -1.40242e-18 -0.000604568  3.52251e-17 -0.000208476 -2.30972e-18  9.80236e-05 -1.53868e-17  0.000111654 -3.46119e-19  3.20907e-05  6.05839e-18 -1.15965e-05  4.85918e-19 -1.48307e-05 -1.55564e-18  -6.2519e-06 -1.06747e-19 -6.16581e-07  1.85255e-19  8.81252e-07 -8.05217e-20  6.62905e-07 -8.95357e-21  2.57441e-07  4.75579e-20  5.19132e-08  1.31063e-20 -6.39653e-09 -6.38857e-22 -1.07377e-08 -7.07505e-22 -5.40759e-09 -4.50742e-21 -1.83398e-09 -3.87043e-21 -4.48359e-10   2.1529e-23 -6.69011e-11   1.3292e-21  3.37281e-12   4.9487e-22  6.62599e-12 -1.04546e-22  2.84668e-12 -1.01462e-22  8.62561e-13  4.75002e-26  2.11064e-13  1.69272e-23  4.33719e-14  2.80846e-24  7.52582e-15 -2.39551e-24  1.07737e-15 -8.82463e-25  1.16745e-16  2.60994e-25  6.12637e-18  2.16208e-25 -1.08107e-18  1.75868e-26 -4.27054e-19 -2.52739e-26 -8.88009e-20 -1.03757e-26 -1.41983e-20 -9.78538e-28 -1.89601e-21   4.9579e-28 -2.17824e-22   2.2421e-28 -2.17803e-23  4.78111e-29  -1.9012e-24   6.2564e-30 -1.44542e-25  3.05305e-31 -9.50843e-27 -1.00126e-31 -5.35354e-28 -2.79497e-32 -2.53862e-29 -1.33133e-33 -9.90541e-31  7.66258e-34 -3.07395e-32  1.96981e-34 -7.20199e-34  2.22606e-35 -1.16048e-35   1.2443e-36   -1.008e-37  2.37062e-38
 6.26749e-21 -3.64163e-07 -1.02206e-19  6.55347e-06  4.26834e-19 -5.01776e-05 -2.34471e-19    0.0001812 -2.18018e-18 -0.000104691  2.09446e-18  -0.00189412  1.54587e-17   0.00910838 -4.46544e-17    -0.021631  3.31235e-17    0.0295193  4.37224e-17   -0.0198765 -1.02039e-16  -0.00138855  5.06364e-17    0.0106204  6.53659e-17   -0.0018628 -1.17823e-16  -0.00464442  4.72138e-17  0.000462718  6.29871e-17   0.00196031 -7.31337e-17  0.000370181 -7.78883e-18 -0.000577854  3.86341e-17 -0.000370944  1.70052e-18  1.02146e-05 -1.71353e-17  0.000118263 -1.96947e-18  6.26973e-05  6.07265e-18  4.78804e-06  1.03014e-18 -1.28283e-05  -1.2622e-18 -9.02881e-06 -1.61067e-19 -2.86029e-06   6.3248e-20  1.74719e-08 -1.14097e-19  5.42534e-07 -8.04695e-21  3.35207e-07  5.06499e-20  1.20939e-07   2.2166e-20  2.48038e-08  7.38731e-21 -1.25639e-09  1.32708e-22 -3.69675e-09 -7.12919e-21 -1.92751e-09 -5.43383e-21 -6.75916e-10 -1.07911e-22 -1.79863e-10  1.52558e-21 -3.56303e-11  5.81909e-22 -4.08709e-12 -8.42815e-23  4.32418e-13 -9.17612e-23  4.24231e-13  5.41974e-24  1.53468e-13  1.72698e-23  4.09042e-14  1.57248e-24  8.99449e-15 -2.87794e-24   1.6953e-15   -7.861e-25  2.77774e-16  3.62135e-25  3.96193e-17  2.26632e-25  4.86979e-18   7.5835e-27  5.01427e-19 -2.94393e-26  4.00951e-20 -1.11239e-26  1.82491e-21 -1.12271e-27 -1.07817e-22  4.50604e-28   -3.866e-23  2.20833e-28 -5.69543e-24   5.1783e-29  -6.1206e-25  7.93791e-30 -5.28233e-26  6.72312e-31 -3.76098e-27 -2.73762e-32  -2.2157e-28 -1.19805e-32 -1.06848e-29  1.14291e-33 -4.12085e-31  8.54309e-34 -1.22236e-32  1.53018e-34 -2.60996e-34  1.33842e-35 -3.49982e-36  5.22127e-37 -1.86087e-38
    1.18e-08  3.56618e-20 -8.58574e-07 -3.37761e-19  1.44206e-05  1.03983e-18 -0.000111756 -3.35227e-20   0.00046302 -5.87846e-18 -0.000902607  6.88117e-18  -0.00052862  2.08315e-17   0.00790615 -6.25949e-17   -0.0214147  4.37224e-17      0.02926  5.36585e-17   -0.0174499 -1.17577e-16   -0.0048539  5.92924e-17    0.0111923  6.18061e-17  0.000226167 -1.22553e-16  -0.00521875  5.55729e-17 -0.000658988  6.33509e-17   0.00202143 -7.44115e-17  0.000884029 -1.39652e-17 -0.000406745  4.09496e-17 -0.000490399  5.70783e-18 -0.000111537  -1.7822e-17  9.06981e-05 -3.61047e-18  8.42299e-05  5.57376e-18  2.59945e-05  1.47816e-18 -5.12238e-06 -8.14453e-19 -9.29254e-06 -1.41874e-19 -4.79817e-06 -5.83649e-20 -1.19966e-06 -1.65588e-19  1.22573e-07 -2.31158e-20  2.79935e-07  4.82322e-20  1.54048e-07  3.37072e-20  5.36616e-08  1.85308e-20  1.18318e-08  1.93232e-21  5.02603e-10  -9.7974e-21 -9.77281e-10 -7.13277e-21 -5.72264e-10 -3.72474e-22 -2.10602e-10  1.61962e-21 -5.96696e-11  6.36884e-22 -1.35478e-11  -5.5809e-23 -2.39606e-12  -7.0818e-23 -2.76754e-13  1.42867e-23  5.27382e-15  1.72866e-23    1.406e-14  6.34786e-27  4.89755e-15 -3.25573e-24   1.1983e-15 -6.01406e-25  2.39627e-16  4.64109e-25   4.1106e-17  2.25378e-25   6.1729e-18 -5.34136e-27  8.18678e-19 -3.34931e-26  9.61461e-20 -1.17789e-26  9.98327e-21 -1.29479e-27  9.11715e-22  3.84898e-28  7.25457e-23  2.09763e-28  4.95373e-24  5.29092e-29  2.83079e-25  8.83067e-30  1.29233e-26  9.19822e-31   4.2229e-28  3.76012e-32   5.9778e-30  2.45189e-33 -3.05612e-31  2.83377e-33 -2.61116e-32  7.96482e-34 -1.00762e-33  1.04431e-34 -2.31293e-35  6.75006e-36 -2.75235e-37  1.49519e-37
-5.13147e-21 -5.71646e-08  1.37318e-19 -6.51301e-07 -9.31627e-19  2.04924e-05  2.25558e-18 -0.000182178  6.64809e-19  0.000832015 -1.26112e-17  -0.00203824   1.4754e-17   0.00162381  2.70839e-17   0.00548629 -8.25516e-17   -0.0198765  5.36585e-17    0.0279669  6.07438e-17   -0.0146259 -1.25334e-16  -0.00783792  6.78296e-17    0.0109135  4.94024e-17   0.00242444 -1.22599e-16   -0.0052347  6.49676e-17    -0.001859   6.3052e-17   0.00176102 -7.55048e-17   0.00134664 -1.96332e-17 -0.000106067  4.19812e-17 -0.000527593   9.4148e-18 -0.000240939 -1.74185e-17  2.86462e-05  -5.0849e-18  8.70306e-05  4.60678e-18  4.58402e-05  1.76657e-18  7.05975e-06 -2.68525e-19 -6.15782e-06 -3.79268e-20  -5.4964e-06 -1.53583e-19 -2.32415e-06 -2.28404e-19 -4.86588e-07 -5.78166e-20  8.04924e-08  3.73705e-20  1.24139e-07  4.64997e-20   6.4079e-08  3.22654e-20   2.2135e-08  4.78341e-21  5.32944e-09 -1.21553e-20  6.55819e-10   -8.778e-21 -1.47862e-10 -7.64257e-22 -1.30464e-10  1.57689e-21 -5.26601e-11  6.40546e-22  -1.5806e-11 -2.48206e-23  -3.8675e-12 -4.02694e-23 -7.90137e-13  2.58672e-23 -1.33365e-13  1.69496e-23 -1.74688e-14 -1.62145e-24 -1.33799e-15 -3.40147e-24  1.10655e-16 -3.21312e-25  7.14542e-17  5.59585e-25  1.80816e-17  2.12411e-25   3.4024e-18 -2.02013e-26  5.30563e-19  -3.7202e-26  7.11738e-20 -1.23141e-26  8.34216e-21 -1.47614e-27  8.59423e-22    3.066e-28  7.78698e-23  1.91791e-28  6.18572e-24  5.10064e-29  4.28019e-25   8.8989e-30  2.55434e-26  1.03542e-30  1.29626e-27  8.49893e-32  5.48337e-29  1.25096e-32  1.87842e-30  3.49514e-33  4.98144e-32  6.31366e-34   9.4407e-34  6.11699e-35  1.08021e-35  2.68317e-36  4.61771e-38
 2.10672e-08 -2.45243e-20 -5.20686e-07  4.13206e-19  2.95141e-06 -2.21487e-18  1.07476e-05  4.41625e-18 -0.000212509  2.19141e-18   0.00116791 -2.31634e-17  -0.00329494  2.56331e-17   0.00425924  3.42267e-17   0.00221874 -1.02039e-16   -0.0174499  6.07438e-17    0.0261153  6.25792e-17   -0.0118115 -1.22099e-16   -0.0101804  7.61464e-17   0.00994818  2.86648e-17   0.00448507 -1.19466e-16  -0.00471147  7.50795e-17  -0.00296708  6.26415e-17   0.00120298 -7.61989e-17   0.00166706 -2.45343e-17  0.000278716  4.16157e-17 -0.000460241  1.25835e-17 -0.000346086 -1.60208e-17 -5.77417e-05 -6.26782e-18  6.58639e-05  3.27405e-18  5.73596e-05  1.85851e-18  2.04885e-05  3.09659e-19   5.7525e-08  1.49787e-19 -4.34738e-06 -1.99578e-19 -2.84798e-06 -2.93254e-19  -1.0561e-06 -1.12545e-19 -2.02614e-07  1.63156e-20   3.2168e-08  5.88812e-20  4.70763e-08   4.7472e-20  2.37394e-08  8.57824e-21  8.26584e-09 -1.38523e-20  2.14978e-09 -1.01552e-20  3.86496e-10  -1.2492e-21  2.10056e-11  1.38007e-21 -1.78754e-11  5.79572e-22 -9.57547e-12  2.26686e-24  -3.1558e-12 -3.92766e-24 -8.18891e-13  3.83872e-23 -1.78527e-13   1.6145e-23 -3.34558e-14 -3.01542e-24 -5.41267e-15 -3.20778e-24 -7.47784e-16  5.04402e-26 -8.51257e-17  6.42637e-25 -7.16024e-18  1.89369e-25 -2.30804e-19  -3.5676e-26  6.13288e-20 -4.02812e-26  1.66975e-20 -1.26684e-26  2.65883e-21 -1.63619e-27  3.27676e-22  2.25348e-28  3.34073e-23  1.68488e-28  2.87975e-24  4.64202e-29  2.10895e-25  8.26326e-30  1.30584e-26  1.03126e-30  6.75104e-28  1.10032e-31  2.85285e-29  1.71374e-32  9.52643e-31  3.26098e-33  2.37593e-32  4.26133e-34  3.97863e-34  2.97402e-35  3.48257e-36  7.26492e-37
-1.20756e-21  9.73374e-08  -7.7464e-20 -1.87866e-06  1.03072e-18  1.39261e-05 -4.63343e-18 -3.52817e-05  7.88069e-18 -0.000130627  4.83916e-18    0.0012903 -3.76826e-17  -0.00434313  3.84611e-17   0.00692161  4.21627e-17  -0.00138855 -1.17577e-16   -0.0146259  6.25792e-17    0.0241201  5.71427e-17   -0.0092622  -1.0627e-16    -0.011872  8.43519e-17   0.00850517  1.60204e-18   0.00623548 -1.14849e-16  -0.00373955  8.50607e-17  -0.00384514  6.23211e-17  0.000419472  -7.6043e-17    0.0017816 -2.84217e-17  0.000683104  3.98782e-17 -0.000288736  1.50717e-17 -0.000398016 -1.38242e-17 -0.000150088 -7.10533e-18  2.21306e-05    1.705e-18  5.52067e-05  1.74224e-18  3.08857e-05  8.56433e-19  7.76755e-06  4.10648e-19 -1.39785e-06 -1.80528e-19 -2.43169e-06 -3.50335e-19 -1.33302e-06 -1.84251e-19 -4.57202e-07 -1.48954e-20   -8.899e-08  6.91143e-20  6.95641e-09  6.26186e-20  1.47837e-08  1.30238e-20  7.61241e-09 -1.46054e-20  2.70221e-09 -1.10648e-20  7.44697e-10 -1.77502e-21  1.60245e-10  1.03333e-21  2.42798e-11    4.507e-22  1.03893e-12  1.97995e-23 -8.90705e-13  3.27719e-23 -4.12164e-13  4.94066e-23 -1.19703e-13  1.47159e-23 -2.76444e-14 -3.92004e-24 -5.41586e-15 -2.61974e-24 -9.23502e-16  4.94843e-25 -1.38567e-16  7.08218e-25 -1.83533e-17   1.5892e-25  -2.1408e-18 -5.03514e-26 -2.18152e-19 -4.24284e-26 -1.91109e-20 -1.27585e-26 -1.39431e-21 -1.74073e-27 -7.87162e-23  1.50406e-28 -2.63946e-24  1.42024e-28  6.42116e-26  3.99255e-29  1.87429e-26   7.1455e-30  1.73145e-27  9.35742e-31   1.0774e-28  1.13473e-31  4.93736e-30  1.69966e-32  1.66053e-31  2.49882e-33  3.86281e-33  2.42308e-34  5.32972e-35  1.13145e-35  2.69215e-37
-6.54426e-10  -1.1506e-20  1.98064e-07 -1.84823e-19 -4.10221e-06  2.20145e-18  3.39638e-05 -8.65579e-18 -0.000131988  1.29137e-17  0.000125939  8.74481e-18   0.00102583  -5.5379e-17  -0.00485075  5.11882e-17   0.00915175  5.06364e-17   -0.0048539 -1.25334e-16   -0.0118115  5.71427e-17    0.0222586  4.34007e-17  -0.00708508 -7.84722e-17   -0.0129948  9.25904e-17   0.00678212 -2.86412e-17   0.00758221 -1.09997e-16  -0.00244609  9.36974e-17  -0.00440301  6.18707e-17 -0.000489335 -7.45992e-17   0.00166292 -3.10929e-17   0.00103805  3.69671e-17  -3.5733e-05  1.68606e-17 -0.000378168 -1.10783e-17 -0.000226496 -7.60567e-18 -3.60025e-05  2.70824e-20  3.76437e-05  1.42408e-18  3.43739e-05  1.31922e-18  1.45801e-05  7.27697e-19  2.58003e-06 -9.00189e-20 -1.08221e-06 -3.91386e-19 -1.15873e-06 -2.66946e-19 -5.69625e-07 -5.43062e-20 -1.88302e-07  7.57372e-20 -3.97639e-08  7.60566e-20 -1.15831e-09  1.77164e-20  3.53666e-09 -1.42398e-20  2.01728e-09 -1.13595e-20  7.42482e-10 -2.28256e-21  2.13632e-10  5.63036e-22  5.03312e-11  2.62644e-22  9.67832e-12  2.39807e-23  1.42711e-12  6.37542e-23  1.18517e-13  5.63947e-23 -1.37576e-14  1.25439e-23 -9.05942e-15 -4.17145e-24 -2.55534e-15 -1.65446e-24 -5.41571e-16  9.76465e-25 -9.55875e-17   7.5146e-25 -1.45749e-17  1.23985e-25 -1.95065e-18  -6.2962e-26 -2.30718e-19  -4.3373e-26 -2.41602e-20 -1.25039e-26 -2.23645e-21 -1.76235e-27 -1.82217e-22  8.87477e-29  -1.2977e-23  1.14804e-28 -7.99891e-25  3.25072e-29 -4.21011e-26  5.79585e-30 -1.85764e-27  7.83811e-31 -6.69667e-29  1.00429e-31 -1.90011e-30  1.38156e-32 -4.01172e-32  1.60798e-33 -5.78728e-34  1.13139e-34 -4.90231e-36  2.91862e-36
 8.63835e-21  2.93064e-08 -5.77543e-20 -1.44045e-08 -3.46265e-19 -5.20219e-06  4.10881e-18  5.64467e-05 -1.46052e-17 -0.000268971  1.95538e-17  0.000565725  1.38133e-17  0.000289374 -7.45112e-17  -0.00460029  6.10921e-17    0.0106204  5.92924e-17  -0.00783792 -1.22099e-16   -0.0092622  4.34007e-17    0.0206642  2.17334e-17  -0.00528203 -4.15913e-17   -0.0136661   1.0075e-16   0.00493623 -5.83947e-17   0.00849637 -1.05329e-16 -0.000965716  9.97568e-17  -0.00460008  6.07523e-17   -0.0014156 -7.16777e-17   0.00132018  -3.2466e-17   0.00128325   3.3233e-17   0.00025927  1.80562e-17 -0.000282867 -8.03186e-18 -0.000267198  -7.8155e-18 -9.55515e-05 -1.65409e-18  7.40734e-06  9.20825e-19  2.88802e-05  1.66156e-18  1.81221e-05  1.08041e-18  6.32545e-06  6.80283e-20  8.13172e-07 -4.11214e-19 -5.51678e-07 -3.52758e-19  -4.7998e-07 -9.84112e-20 -2.21232e-07  7.78159e-20 -7.24256e-08  8.63489e-20 -1.68455e-08  2.22496e-20 -1.99659e-09 -1.27045e-20  4.72874e-10 -1.09693e-20  4.03978e-10 -2.71619e-21  1.61914e-10  1.49815e-23  4.86867e-11  3.51185e-23  1.20539e-11  1.33384e-23  2.53134e-12  8.35118e-23  4.52792e-13  5.73889e-23  6.77363e-14  9.64079e-24  7.95554e-15 -3.72187e-24  5.66902e-16 -4.01786e-25 -3.16519e-17  1.44702e-24 -2.10069e-17  7.67521e-25 -4.78173e-18  8.71523e-26 -7.96136e-19 -7.25558e-26 -1.08759e-19 -4.29305e-26 -1.26576e-20 -1.18561e-26 -1.27292e-21 -1.68885e-27 -1.11026e-22  4.39199e-29 -8.37755e-24  8.90385e-29 -5.42759e-25    2.511e-29 -2.98129e-26   4.4314e-30 -1.36221e-27  6.09076e-31   -5.033e-29  7.82224e-32 -1.43962e-30  9.53409e-33 -2.96788e-32  8.66949e-34 -3.85185e-34  4.10895e-35 -2.10278e-36
