  0.00785676  3.89169e-17    -0.015494 -1.80224e-16  0.000975042  2.21028e-16   0.00343296 -1.00581e-16   0.00165284 -3.59462e-17  0.000298755  5.80308e-17 -0.000163979  -2.9983e-17 -0.000194099  -3.7155e-20 -0.000118114  8.85579e-18 -5.41723e-05  1.64307e-18  -1.9997e-05 -1.29574e-18 -5.74587e-06 -9.65304e-19 -9.80476e-07 -2.28177e-19  1.91055e-07  6.47497e-20  2.90638e-07  7.87129e-20  1.82188e-07  4.78368e-20  8.88803e-08  1.28119e-20  3.77338e-08  1.66193e-21  1.45257e-08  2.40903e-21  5.16956e-09  2.21652e-21  1.71829e-09  9.11692e-22  5.36315e-10  4.57391e-23  1.57596e-10 -1.94427e-22  4.36309e-11 -1.44791e-22  1.13737e-11 -5.86407e-23  2.78691e-12 -1.24957e-23  6.40075e-13  1.80774e-24  1.37223e-13  3.45396e-24  2.72954e-14  2.28663e-24  4.99112e-15  1.21502e-24  8.26168e-16  6.00989e-25  1.20231e-16  2.83836e-25  1.43605e-17  1.23278e-25  1.09257e-18  4.64999e-26 -6.02653e-20   1.4275e-26 -4.78477e-20  3.16283e-27 -1.28061e-20  2.67197e-28 -2.58636e-21 -1.68355e-28 -4.44239e-22 -1.13752e-28 -6.76163e-23 -4.44789e-29 -9.28893e-24 -1.35914e-29 -1.16232e-24 -3.52851e-30  -1.3308e-25 -8.08453e-31 -1.39684e-26 -1.66622e-31 -1.34426e-27   -3.119e-32 -1.18461e-28 -5.36806e-33 -9.53564e-30 -8.78139e-34 -6.98534e-31 -1.45481e-34 -4.63277e-32 -2.57565e-35 -2.76216e-33 -4.77419e-36  -1.4662e-34 -8.64904e-37 -6.83245e-36 -1.47095e-37 -2.73417e-37 -2.37138e-38  -9.0266e-39 -3.72473e-39 -2.23702e-40 -5.67737e-40 -2.78245e-42 -8.00122e-41  7.99321e-44 -9.79738e-42   6.6721e-45 -9.88736e-43  2.50804e-46 -7.86393e-44  6.29383e-48 -4.69187e-45  1.08074e-49 -1.95076e-46   1.1699e-51 -4.89838e-48  6.29002e-54 -4.80988e-50
 3.89169e-17      0.02992   1.1082e-16   -0.0289516 -3.40091e-16  -0.00667264  3.63831e-16   0.00415911 -1.53179e-16   0.00407824 -4.53087e-17   0.00176242  6.03758e-17  0.000316257 -4.55259e-17 -0.000174608  1.22448e-18 -0.000215903  1.65408e-17   -0.0001395  4.42697e-18  -6.9854e-05 -2.09339e-18 -2.96297e-05 -2.03309e-18 -1.09749e-05 -6.24927e-19 -3.56823e-06  4.75756e-20 -1.00005e-06   1.7484e-19 -2.26268e-07  1.07141e-19 -3.12722e-08  3.38779e-20  4.50286e-09  1.43147e-20  5.70705e-09  1.28852e-20  2.84246e-09  8.66098e-21  1.07691e-09  3.46827e-21  3.44485e-10  4.82238e-22  9.56493e-11 -3.88855e-22  2.29503e-11 -3.32962e-22  4.56577e-12 -1.33791e-22  6.45124e-13 -2.32267e-23  6.34845e-15   1.0303e-23  -3.7936e-14  1.26638e-23 -1.78229e-14  8.27041e-24 -5.83502e-15  4.50333e-24 -1.59429e-15   2.2541e-24 -3.84167e-16  1.04415e-24 -8.36275e-17  4.33335e-25 -1.66512e-17  1.54203e-25 -3.05375e-18  4.44778e-26 -5.17923e-19  9.20398e-27  -8.1417e-20  6.54675e-28 -1.18749e-20 -5.01459e-28 -1.60719e-21 -3.14555e-28 -2.01722e-22 -1.18498e-28 -2.34476e-23 -3.52652e-29 -2.51882e-24 -8.95955e-30 -2.49323e-25 -2.01036e-30 -2.26477e-26 -4.05078e-31 -1.87735e-27  -7.4116e-32 -1.40884e-28 -1.25514e-32 -9.45776e-30 -2.05071e-33 -5.56966e-31 -3.42707e-34 -2.77305e-32 -6.02589e-35  -1.0676e-33   -1.077e-35 -2.16703e-35 -1.85756e-36  9.60583e-37 -3.04077e-37  1.43749e-37 -4.80955e-38  1.01745e-38 -7.43685e-39  5.31495e-40 -1.09225e-39  2.22513e-41 -1.43795e-40  7.62681e-43 -1.60208e-41  2.13499e-44 -1.44041e-42  4.78463e-46 -9.98588e-44  8.23456e-48 -5.03356e-45  1.00672e-49 -1.67013e-46  7.46561e-52 -2.90372e-48   2.1181e-54
   -0.015494   1.1082e-16    0.0547339  1.51725e-16    -0.029777 -3.43242e-16   -0.0175457  3.87501e-16  0.000213493  -1.5484e-16   0.00501028 -2.64039e-17   0.00356287  2.12358e-17   0.00145399 -5.79689e-17  0.000276958  3.55619e-18 -0.000123576  2.27775e-17 -0.000168545  7.29758e-18 -0.000115004 -2.55447e-18 -6.13443e-05 -3.08736e-18 -2.82762e-05 -1.19447e-18  -1.1748e-05 -5.22796e-20 -4.50479e-06  2.35904e-19 -1.62023e-06  1.49576e-19 -5.53723e-07  6.22967e-20 -1.81865e-07  4.29956e-20 -5.79826e-08  3.59645e-20  -1.8088e-08   2.1867e-20 -5.54712e-09  8.67009e-21 -1.67336e-09  1.64669e-21 -4.94892e-10 -4.59567e-22 -1.42623e-10 -5.08972e-22 -3.97656e-11 -1.95805e-22  -1.0652e-11 -1.45598e-23 -2.72498e-12  3.62654e-23 -6.62551e-13  3.40761e-23 -1.52543e-13  2.16192e-23 -3.31632e-14  1.17753e-23 -6.79273e-15  5.82904e-24 -1.30845e-15  2.61309e-24 -2.36635e-16  1.03238e-24 -4.01156e-17  3.46836e-25 -6.36375e-18  9.39965e-26 -9.42832e-19  1.80226e-26 -1.30155e-19  9.36567e-28 -1.66924e-20   -1.071e-27 -1.98133e-21 -6.13678e-28 -2.16537e-22 -2.21389e-28 -2.16292e-23 -6.38482e-29 -1.95244e-24 -1.57869e-29  -1.5627e-25 -3.44912e-30 -1.06839e-26 -6.76415e-31 -5.67605e-28 -1.20796e-31 -1.50109e-29 -2.01666e-32  1.29757e-30  -3.2954e-33   2.6383e-31 -5.52632e-34  2.82033e-32 -9.57291e-35  2.32295e-33 -1.64958e-35  1.59787e-34 -2.73465e-36  9.43147e-36 -4.36297e-37  4.81998e-37 -6.80311e-38  2.13354e-38 -1.02675e-38  8.13956e-40 -1.43151e-39  2.65169e-41 -1.73785e-40  7.27363e-43  -1.7443e-41  1.64481e-44 -1.38362e-42  2.96569e-46 -8.24926e-44  4.02768e-48 -3.43173e-45  3.70081e-50 -8.62813e-47  1.79623e-52 -8.48625e-49
-1.80224e-16   -0.0289516  1.51725e-16    0.0659485  9.24253e-17   -0.0189719 -1.80808e-16   -0.0244043  3.25228e-16   -0.0064085 -1.00189e-16    0.0033166  2.30463e-18   0.00447006 -3.36157e-17   0.00271216 -6.97281e-17   0.00108784  4.95339e-18  0.000243633  2.61526e-17 -5.04812e-05  8.96585e-18 -9.76022e-05 -3.03117e-18 -7.15827e-05 -4.17563e-18 -4.00679e-05 -1.92211e-18 -1.93266e-05 -3.07223e-19 -8.41953e-06   1.5901e-19 -3.39406e-06   1.2553e-19 -1.28447e-06  8.39736e-20 -4.60554e-07  8.50225e-20 -1.57358e-07  7.12843e-20  -5.1401e-08  4.15004e-20 -1.60743e-08  1.62569e-20 -4.81221e-09  3.48868e-21 -1.37762e-09 -3.50726e-22 -3.76467e-10 -6.09361e-22 -9.79958e-11 -2.02091e-22 -2.42427e-11  3.79723e-23 -5.68649e-12  9.32526e-23 -1.26186e-12  7.51539e-23 -2.64305e-13  4.62266e-23  -5.2136e-14  2.47996e-23 -9.66187e-15  1.19639e-23 -1.67769e-15  5.14788e-24 -2.72092e-16  1.93113e-24 -4.10533e-17  6.12176e-25 -5.73188e-18  1.55495e-25 -7.34934e-19  2.72424e-26 -8.55113e-20  6.61941e-28 -8.84262e-21 -1.87909e-27 -7.78561e-22 -9.73029e-28 -5.18471e-23 -3.34212e-28 -1.23936e-24 -9.29416e-29   3.4261e-25 -2.22521e-29  7.90256e-26 -4.71231e-30  1.12743e-26 -8.97071e-31  1.29238e-27 -1.56426e-31  1.27254e-28 -2.58111e-32  1.10414e-29  -4.2187e-33  8.53452e-31   -7.057e-34  5.90027e-32 -1.19755e-34  3.64851e-33 -1.99508e-35  2.01238e-34 -3.21123e-36  9.85048e-36 -5.03789e-37  4.24821e-37 -7.72859e-38  1.59893e-38 -1.12424e-38  5.18934e-40 -1.46679e-39  1.43053e-41 -1.62345e-40  3.28503e-43 -1.45386e-41  6.11761e-45 -1.00605e-42  8.86325e-47  -5.0693e-44  9.27726e-49 -1.68293e-45  6.00307e-51 -2.92913e-47  1.49976e-53
 0.000975042 -3.40091e-16    -0.029777  9.24253e-17    0.0619877 -4.71072e-17  -0.00584551  8.04828e-18   -0.0252424   2.4927e-16   -0.0124552 -2.79968e-18 -0.000247523  2.35349e-17   0.00391676 -7.98211e-17   0.00345705 -7.77207e-17   0.00192981  5.03802e-18  0.000793444  2.63479e-17  0.000224653  8.82063e-18  1.50336e-05 -4.00138e-18 -3.38944e-05 -5.48472e-18 -3.06006e-05 -2.88719e-18 -1.83213e-05 -8.72494e-19 -9.10813e-06 -1.78643e-19  -4.0178e-06 -2.45194e-20 -1.61942e-06  7.10511e-20  -6.0565e-07   1.2556e-19 -2.12009e-07  1.10029e-19 -6.98086e-08  6.25496e-20 -2.16784e-08  2.38869e-20 -6.35604e-09  5.16699e-21 -1.75956e-09 -2.76613e-22 -4.59587e-10 -6.53965e-22 -1.13109e-10    -1.33e-22 -2.61813e-11  1.52896e-22  -5.6857e-12   1.9292e-22 -1.15477e-12  1.42099e-22 -2.18413e-13  8.47599e-23 -3.82404e-14  4.43192e-23 -6.14177e-15  2.06364e-23 -8.91397e-16  8.47792e-24 -1.13641e-16  3.01335e-24 -1.19111e-17   8.9987e-25 -8.09405e-19  2.13171e-25  3.12037e-20  3.33561e-26  2.45125e-20 -5.67283e-28   5.7352e-21   -2.843e-27  1.00112e-21 -1.32478e-27  1.47806e-22 -4.31157e-28  1.92535e-23 -1.15098e-28  2.25422e-24 -2.65701e-29  2.39363e-25 -5.43652e-30  2.31489e-26 -1.00367e-30  2.04201e-27 -1.71198e-31  1.64238e-28 -2.79907e-32   1.2022e-29 -4.56957e-33  7.98401e-31 -7.58063e-34  4.78952e-32 -1.25675e-34  2.58024e-33 -2.03491e-35  1.23898e-34 -3.20999e-36  5.25206e-36 -4.96983e-37  1.94151e-37 -7.44102e-38  6.16134e-39 -1.02854e-38  1.64487e-40 -1.23956e-39  3.59699e-42  -1.2379e-40   6.2141e-44 -9.79065e-42  8.04479e-46 -5.82964e-43  7.13544e-48 -2.42467e-44  3.52294e-50  -6.0991e-46  3.02174e-53 -6.00397e-48
 2.21028e-16  -0.00667264 -3.43242e-16   -0.0189719 -4.71072e-17    0.0521759 -1.81272e-16   0.00368836  1.02652e-16   -0.0223094  2.06087e-16   -0.0163372  1.05979e-16  -0.00433133  3.37516e-17   0.00211229 -1.04934e-16   0.00335945 -7.72187e-17   0.00245662  5.72659e-18   0.00132358  2.46084e-17  0.000574709  7.19764e-18  0.000202432 -5.62815e-18  5.33179e-05   -7.133e-18  5.93559e-06 -4.25876e-18 -4.22809e-06  -1.9366e-18 -4.01063e-06 -8.87363e-19 -2.25857e-06 -3.59225e-19 -1.02988e-06 -1.45414e-20 -4.10711e-07  1.37902e-19 -1.47716e-07  1.34819e-19 -4.86152e-08  7.54688e-20 -1.47438e-08  2.72647e-20 -4.13134e-09  5.08962e-21 -1.06894e-09 -7.20725e-22 -2.54427e-10  -7.5368e-22 -5.52621e-11   6.1004e-25 -1.07849e-11  3.37146e-22  -1.8315e-12  3.40857e-22 -2.49452e-13  2.36813e-22 -1.92047e-14  1.36757e-22  2.76853e-15  6.91415e-23   1.7464e-15  3.08682e-23  5.24401e-16  1.20624e-23   1.2307e-16  4.05374e-24  2.48737e-17  1.13723e-24  4.48783e-18  2.49277e-25  7.35153e-19  3.35025e-26  1.10313e-19 -2.79641e-27   1.5237e-20 -3.79333e-27  1.94223e-21 -1.59238e-27  2.28711e-22 -4.89364e-28  2.48793e-23 -1.24942e-28   2.4978e-24 -2.77206e-29  2.31052e-25 -5.47046e-30  1.96435e-26 -9.80009e-31  1.52985e-27 -1.63958e-31  1.08675e-28  -2.6612e-32  7.00257e-30  -4.3281e-33  4.06352e-31 -7.08733e-34  2.10319e-32 -1.14822e-34  9.57943e-34 -1.81946e-35  3.76301e-35  -2.8318e-36  1.23271e-36 -4.31573e-37  3.14641e-38 -6.23062e-38  5.10877e-40 -8.06924e-39 -1.10454e-42 -8.87917e-40 -4.05315e-43 -7.92076e-41  -1.5161e-44 -5.46895e-42 -3.34469e-46 -2.75301e-43 -4.71224e-48 -9.13825e-45 -3.87209e-50 -1.59108e-46 -1.24203e-52
  0.00343296  3.63831e-16   -0.0175457 -1.80808e-16  -0.00584551 -1.81272e-16    0.0437394 -2.54568e-16   0.00925673  9.35527e-17   -0.0181226   2.0516e-16   -0.0180878  1.94163e-16  -0.00799289  3.72025e-17 -0.000408594 -1.06833e-16   0.00242757  -6.5481e-17   0.00246013  9.69474e-18   0.00163149   2.3106e-17  0.000870684  5.12362e-18  0.000399384 -7.60893e-18  0.000162221 -9.12973e-18  5.92565e-05 -6.22406e-18  1.96359e-05 -3.64295e-18  5.93853e-06 -2.03279e-18  1.65221e-06 -9.22026e-19   4.3056e-07 -2.12622e-19  1.09661e-07  8.92968e-20  2.95049e-08  1.24086e-19  9.06282e-09  6.89589e-20  3.16848e-09  2.15674e-20  1.16488e-09   1.5397e-21  4.18113e-10 -2.19156e-21  1.41017e-10 -1.02776e-21  4.40767e-11  1.79651e-22  1.27302e-11  5.88736e-22   3.4009e-12  5.34212e-22  8.42182e-13  3.54455e-22  1.93729e-13  1.97406e-22  4.14706e-14  9.58814e-23   8.2724e-15  4.08428e-23  1.53911e-15  1.51361e-23  2.67225e-16  4.79795e-24  4.33025e-17  1.25928e-24  6.54749e-18  2.52328e-25  9.23216e-19  2.70113e-26  1.21276e-19 -5.59833e-27  1.48215e-20 -4.52033e-27  1.68209e-21 -1.71697e-27  1.76853e-22 -4.97206e-28  1.71728e-23 -1.21084e-28  1.53394e-24 -2.57671e-29  1.25384e-25 -4.90254e-30  9.31222e-27 -8.53853e-31  6.22078e-28 -1.40542e-31  3.68007e-29  -2.2664e-32  1.87686e-30 -3.66041e-33  7.80403e-32 -5.90058e-34  2.24004e-33 -9.37063e-35   3.9795e-36 -1.46322e-35 -4.86363e-36 -2.25179e-36 -4.03076e-37 -3.35066e-37 -2.17331e-38 -4.59988e-38 -8.98066e-40  -5.5095e-39  -2.9444e-41 -5.47656e-40 -7.63287e-43 -4.31823e-41 -1.52374e-44 -2.56674e-42 -2.22397e-46 -1.06672e-43 -2.15314e-48 -2.68282e-45 -1.10371e-50 -2.64153e-47
-1.00581e-16   0.00415911  3.87501e-16   -0.0244043  8.04828e-18   0.00368836 -2.54568e-16    0.0382629 -2.80471e-16    0.0124438  3.92394e-17   -0.0139349  2.30424e-16   -0.0182928  2.43623e-16   -0.0108281  3.79006e-17    -0.003136 -8.95343e-17  0.000868337 -4.28945e-17   0.00190009  1.86971e-17   0.00158938  2.37752e-17  0.000995017  3.78114e-18  0.000527553  -9.4426e-18  0.000249054  -1.1477e-17  0.000107618 -8.92114e-18  4.33435e-05 -6.03765e-18  1.64891e-05 -3.61661e-18  5.98569e-06 -1.72871e-18  2.08888e-06   -5.534e-19  7.04084e-07 -4.86939e-20  2.29646e-07  5.97873e-20  7.24308e-08  3.44901e-20  2.20337e-08  3.65322e-21   6.4409e-09 -6.37876e-21  1.80196e-09 -4.86464e-21  4.80634e-10 -1.48662e-21  1.21811e-10  4.07685e-22  2.92512e-11  9.01116e-22  6.64023e-12  7.60329e-22  1.42228e-12  4.82545e-22  2.86983e-13  2.57848e-22  5.44723e-14  1.19674e-22  9.71292e-15  4.84545e-23   1.6247e-15  1.69844e-23  2.54554e-16  5.06331e-24  3.72914e-17   1.2359e-24  5.09735e-18   2.2208e-25  6.48422e-19  1.57321e-26  7.65083e-20 -8.23514e-27   8.3367e-21 -4.85266e-27  8.33874e-22  -1.6777e-27  7.58966e-23 -4.57393e-28   6.1998e-24 -1.06074e-28  4.43636e-25 -2.16328e-29  2.64193e-26 -3.97218e-30  1.12519e-27 -6.74509e-31  7.15253e-30 -1.09536e-31 -4.89641e-30 -1.75451e-32 -6.55014e-31 -2.80593e-33 -5.79924e-32 -4.45168e-34 -4.10742e-33 -6.96434e-35 -2.44963e-34 -1.07682e-35 -1.25117e-35 -1.63292e-36 -5.48872e-37 -2.34388e-37 -2.05693e-38 -3.01735e-38 -6.50449e-40 -3.30321e-39  -1.7013e-41 -2.93556e-40 -3.57107e-43 -2.02188e-41 -5.74321e-45 -1.01634e-42 -6.55854e-47 -3.37122e-44 -4.59146e-49 -5.86833e-46 -1.27382e-51
  0.00165284 -1.53179e-16  0.000213493  3.25228e-16   -0.0252424  1.02652e-16   0.00925673 -2.80471e-16    0.0348466 -3.00386e-16    0.0144718 -8.86705e-18   -0.0101042  2.54683e-16   -0.0174797  2.50941e-16   -0.0127479  3.69738e-17  -0.00569466 -5.97544e-17  -0.00103742 -1.22951e-17  0.000870801  3.28085e-17   0.00117239  2.75334e-17   0.00088475  3.95482e-18  0.000530056 -1.08604e-17  0.000275634 -1.42776e-17  0.000129359 -1.24065e-17  5.59748e-05 -9.05759e-18  2.26246e-05 -5.57365e-18  8.61304e-06 -2.75963e-18   3.1042e-06 -1.04539e-18  1.06225e-06 -2.88372e-19  3.45577e-07 -6.44868e-20  1.06898e-07 -2.93978e-20  3.14215e-08 -2.60337e-20  8.76682e-09 -1.80152e-20  2.31862e-09 -8.34877e-21  5.80436e-10 -1.97245e-21  1.37331e-10  7.19377e-22  3.06628e-11  1.26146e-21  6.45091e-12  9.96057e-22  1.27671e-12  6.02435e-22  2.37278e-13  3.07227e-22  4.13276e-14  1.35658e-22  6.72952e-15  5.20439e-23  1.02133e-15  1.72083e-23   1.4389e-16  4.80645e-24  1.87136e-17  1.08165e-24  2.22818e-18  1.68738e-25  2.39685e-19  3.04535e-27  2.27418e-20 -9.99529e-27  1.80724e-21 -4.72514e-27  1.02727e-22  -1.4963e-27  5.80254e-25 -3.84089e-28 -9.12157e-25 -8.47743e-29 -1.68798e-25 -1.65757e-29 -2.13138e-26  -2.9437e-30 -2.20353e-27 -4.89016e-31 -1.96645e-28 -7.85212e-32 -1.54655e-29 -1.24799e-32 -1.08102e-30 -1.97305e-33 -6.73165e-32 -3.08775e-34 -3.72911e-33 -4.78343e-35 -1.82987e-34 -7.32897e-36 -7.89822e-36  -1.0857e-36 -2.96887e-37 -1.48258e-37 -9.58568e-39  -1.7665e-38 -2.60837e-40 -1.74842e-39 -5.82404e-42 -1.37432e-40 -1.02628e-43 -8.15204e-42 -1.34346e-45  -3.3837e-43 -1.17586e-47 -8.50422e-45 -5.43949e-50 -8.37058e-47
-3.59462e-17   0.00407824  -1.5484e-16   -0.0064085   2.4927e-16   -0.0223094  9.35527e-17    0.0124438 -3.00386e-16    0.0325744 -3.32904e-16    0.0159389 -3.44859e-17  -0.00664743   2.5471e-16   -0.0159931  2.22329e-16   -0.0137856  3.42471e-17   -0.0078295 -2.40898e-17  -0.00300093  2.25219e-17 -0.000444462  5.06911e-17  0.000454263  3.41695e-17  0.000550138  5.66387e-18  0.000394069   -1.209e-17  0.000226948 -1.77486e-17  0.000113941 -1.66416e-17  5.16307e-05 -1.25419e-17  2.15052e-05 -7.77903e-18  8.32117e-06 -3.95561e-18  3.01022e-06 -1.66539e-18  1.02198e-06 -6.17032e-19   3.2632e-07 -2.38549e-19  9.80954e-08 -1.15113e-19  2.77689e-08 -6.29207e-20  7.39996e-09 -3.11313e-20   1.8549e-09 -1.17503e-20  4.36835e-10 -2.21184e-21  9.64988e-11  1.15449e-21  1.99531e-11  1.64306e-21  3.85075e-12  1.20934e-21   6.9092e-13  6.93402e-22  1.14605e-13  3.35896e-22  1.74228e-14    1.406e-22  2.39273e-15  5.09674e-23  2.88863e-16  1.58502e-23  2.87848e-17  4.12686e-24  1.90176e-18    8.451e-25 -4.99304e-20   1.0761e-25 -4.59725e-20 -7.71609e-27 -1.02808e-20 -1.04926e-26 -1.69339e-21 -4.19761e-27 -2.34846e-22 -1.22484e-27 -2.86571e-23 -2.96285e-28 -3.13605e-24 -6.22659e-29 -3.10583e-25 -1.16909e-29 -2.79525e-26 -2.01435e-30 -2.28912e-27 -3.28501e-31 -1.70466e-28 -5.22245e-32 -1.15185e-29 -8.22717e-33 -7.03762e-31 -1.28611e-33 -3.86945e-32 -1.99319e-34 -1.90263e-33 -3.06782e-35 -8.30011e-35 -4.63694e-36 -3.18002e-36 -6.62806e-37 -1.05607e-37 -8.49123e-38 -2.98764e-39  -9.2536e-39 -7.03148e-41 -8.19378e-40 -1.33114e-42 -5.62858e-41 -1.92712e-44 -2.82424e-42 -1.96432e-46 -9.35728e-44 -1.20336e-48 -1.62766e-45 -2.80561e-51
 0.000298755 -4.53087e-17   0.00501028 -1.00189e-16   -0.0124552  2.06087e-16   -0.0181226  3.92394e-17    0.0144718 -3.32904e-16    0.0309827  -3.6387e-16    0.0171243 -4.36756e-17  -0.00348993  2.21954e-16     -0.01403   1.7001e-16       -0.014  3.09044e-17  -0.00936504  1.30791e-17  -0.00475311   5.8243e-17  -0.00181508  7.03953e-17 -0.000417365  4.26074e-17  6.86253e-05  8.09038e-18  0.000154441  -1.3812e-17  0.000116905 -2.21273e-17  6.64844e-05 -2.14757e-17  3.21613e-05 -1.62477e-17  1.38398e-05 -1.00583e-17  5.41172e-06 -5.21745e-18  1.94495e-06 -2.35458e-18  6.46593e-07 -9.95249e-19  1.99523e-07 -4.36328e-19  5.72289e-08 -2.07498e-19  1.52552e-08 -9.95289e-20  3.77266e-09  -4.2627e-20  8.62471e-10 -1.40216e-20   1.8112e-10 -1.95426e-21  3.45562e-11   1.7153e-21  5.86774e-12  2.00031e-21  8.47997e-13  1.36501e-21   9.1575e-14  7.38407e-22  2.76416e-15  3.38469e-22 -2.05432e-15   1.3391e-22 -7.65618e-16  4.57461e-23 -1.86575e-16  1.33334e-23 -3.73756e-17  3.21334e-24 -6.55712e-18  5.86398e-25 -1.03424e-18  5.26953e-26 -1.48571e-19 -1.45082e-26 -1.95731e-20 -9.77036e-27 -2.37354e-21 -3.41965e-27 -2.65401e-22 -9.24515e-28 -2.73755e-23  -2.1107e-28 -2.60332e-24 -4.22963e-29 -2.27928e-25 -7.64612e-30 -1.83334e-26 -1.28297e-30 -1.35087e-27 -2.06033e-31  -9.0848e-29 -3.24513e-32 -5.55114e-30 -5.06534e-33 -3.06478e-31 -7.84674e-34 -1.51851e-32 -1.20921e-34 -6.69599e-34 -1.84803e-35 -2.60062e-35 -2.72992e-36 -8.77953e-37 -3.71295e-37  -2.5322e-38 -4.40452e-38 -6.09482e-40 -4.34216e-39 -1.18385e-41 -3.40237e-40 -1.76315e-43 -2.01352e-41 -1.84772e-45 -8.34405e-43 -1.15012e-47 -2.09476e-44 -2.63768e-50 -2.06025e-46
 5.80308e-17   0.00176242 -2.64039e-17    0.0033166 -2.79968e-18   -0.0163372   2.0516e-16   -0.0139349 -8.86705e-18    0.0159389  -3.6387e-16    0.0298667 -3.68771e-16    0.0181846 -4.60893e-17 -0.000536204  1.63636e-16   -0.0116889  1.09675e-16   -0.0134388  3.06225e-17   -0.0101765  5.02283e-17  -0.00606008   9.2743e-17  -0.00300275  8.99777e-17   -0.0012591  5.11751e-17 -0.000441316   9.7958e-18 -0.000121082 -1.68741e-17 -1.90902e-05 -2.75183e-17  4.24572e-06 -2.66237e-17  5.50376e-06  -1.9866e-17  3.09384e-06 -1.21995e-17  1.32241e-06 -6.41229e-18   4.7411e-07  -3.0248e-18  1.46554e-07 -1.36433e-18  3.89545e-08 -6.22525e-19  8.58127e-09 -2.88348e-19  1.36702e-09 -1.27958e-19  4.17887e-11 -4.96844e-20 -7.92591e-11  -1.4404e-20 -4.18854e-11  -1.1111e-21 -1.48988e-11  2.33996e-21  -4.3816e-12  2.27465e-21 -1.13177e-12   1.4342e-21 -2.63572e-13   7.2936e-22 -5.61033e-14  3.15419e-22 -1.10015e-14  1.17653e-22   -1.997e-15  3.77719e-23 -3.36566e-16  1.02717e-23 -5.27598e-17  2.26783e-24 -7.70001e-18   3.5559e-25 -1.04657e-18  1.24276e-26 -1.32445e-19 -1.69633e-26 -1.55955e-20 -8.19861e-27 -1.70675e-21 -2.56665e-27 -1.73329e-22 -6.46115e-28 -1.63017e-23 -1.39523e-28 -1.41636e-24 -2.67237e-29 -1.13334e-25 -4.66771e-30 -8.32127e-27 -7.65753e-31 -5.58098e-28 -1.21399e-31 -3.40058e-29 -1.89524e-32 -1.86984e-30 -2.93419e-33  -9.2011e-32 -4.52016e-34 -4.00893e-33 -6.94101e-35 -1.52497e-34 -1.04751e-35 -4.96655e-36 -1.49318e-36 -1.34468e-37 -1.90552e-37 -2.87692e-39 -2.06826e-38 -4.34861e-41 -1.82496e-39 -2.93442e-43 -1.25015e-40   5.0964e-45 -6.25979e-42  1.76345e-46 -2.07085e-43  2.16656e-48 -3.59812e-45  9.06992e-51
-0.000163979  6.03758e-17   0.00356287  2.30463e-18 -0.000247523  1.05979e-16   -0.0180878  2.30424e-16   -0.0101042 -3.44859e-17    0.0171243 -3.68771e-16    0.0291302 -3.36025e-16     0.019228 -4.73164e-17   0.00231327  9.58411e-17  -0.00900636  5.69752e-17   -0.0121347  3.83101e-17   -0.0101821   8.7659e-17  -0.00674207  1.24796e-16  -0.00380263  1.07545e-16  -0.00189741  5.77883e-17 -0.000857782  9.14122e-18 -0.000357757 -2.19209e-17 -0.000139883 -3.37536e-17 -5.20815e-05 -3.16594e-17 -1.87439e-05 -2.30434e-17 -6.60326e-06 -1.39735e-17 -2.29405e-06 -7.39115e-18 -7.86289e-07 -3.57594e-18  -2.6434e-07 -1.66126e-18 -8.63566e-08 -7.62837e-19 -2.71488e-08 -3.42099e-19 -8.14623e-09 -1.42509e-19 -2.31883e-09 -5.07701e-20 -6.23587e-10 -1.27328e-20 -1.58016e-10  1.87373e-22 -3.76687e-11  2.91283e-21 -8.43948e-12  2.41184e-21   -1.776e-12  1.40373e-21 -3.50895e-13   6.6956e-22 -6.50654e-14  2.72571e-22 -1.13183e-14  9.56322e-23 -1.84606e-15  2.87608e-23 -2.82138e-16  7.25283e-24 -4.03702e-17  1.44379e-24 -5.40244e-18  1.80744e-25  -6.7528e-19 -1.12042e-26  -7.8714e-20 -1.59995e-26 -8.53991e-21 -6.26777e-27 -8.60338e-22 -1.78238e-27  -8.0253e-23 -4.19705e-28 -6.90745e-24 -8.59622e-29 -5.46221e-25 -1.57891e-29 -3.94695e-26 -2.67565e-30 -2.58795e-27 -4.30799e-31 -1.52535e-28 -6.75539e-32  -7.9743e-30 -1.04631e-32 -3.62184e-31 -1.61079e-33 -1.37752e-32 -2.47593e-34 -4.03929e-34 -3.78176e-35 -6.69597e-36  -5.5791e-36  1.29861e-37 -7.56616e-37  1.62071e-38 -8.94192e-38  7.70378e-40 -8.78286e-39  2.48945e-41 -6.86025e-40  5.87173e-43 -4.04973e-41    9.936e-45 -1.67499e-42  1.11156e-46 -4.19885e-44  6.59588e-49 -4.12493e-46
 -2.9983e-17  0.000316257  2.12358e-17   0.00447006  2.35349e-17  -0.00433133  1.94163e-16   -0.0182928  2.54683e-16  -0.00664743 -4.36756e-17    0.0181846 -3.36025e-16    0.0287306 -2.73754e-16     0.020342 -4.96231e-17   0.00515416  3.48664e-17  -0.00598872  2.35949e-17   -0.0101224  5.75157e-17  -0.00935436  1.25597e-16  -0.00669904  1.53144e-16  -0.00408328  1.20949e-16  -0.00221193  6.02085e-17  -0.00109214  4.80291e-18 -0.000499854 -2.90785e-17 -0.000214604 -4.03282e-17 -8.71608e-05 -3.60477e-17 -3.36758e-05 -2.54229e-17 -1.24165e-05 -1.51657e-17 -4.37381e-06 -8.01752e-18 -1.47143e-06 -3.92037e-18 -4.72108e-07 -1.83598e-18 -1.44198e-07 -8.33797e-19 -4.18437e-08 -3.60332e-19 -1.15141e-08 -1.41313e-19 -2.99938e-09 -4.60545e-20 -7.38619e-10  -9.4649e-21 -1.71741e-10  1.64386e-21 -3.76661e-11  3.30718e-21 -7.78486e-12  2.38191e-21 -1.51497e-12  1.28076e-21 -2.77358e-13  5.72228e-22 -4.77265e-14  2.18886e-22 -7.71118e-15  7.20617e-23 -1.16846e-15    2.022e-23  -1.6582e-16  4.68727e-24 -2.20022e-17  8.19162e-25 -2.72412e-18  6.74981e-26 -3.13934e-19 -2.09315e-26   -3.357e-20 -1.30818e-26 -3.31771e-21 -4.40088e-27 -3.01457e-22 -1.14972e-27 -2.50031e-23 -2.54358e-28 -1.87329e-24 -4.95812e-29 -1.24704e-25 -8.76821e-30 -7.15984e-27 -1.44801e-30 -3.31915e-28 -2.29587e-31 -9.93577e-30 -3.56725e-32  1.17575e-31 -5.49224e-33  4.54459e-32 -8.43676e-34  4.16221e-33 -1.29539e-34   2.6832e-34 -1.95516e-35  1.37921e-35 -2.78269e-36  5.84272e-37 -3.54028e-37  2.04982e-38 -3.82881e-38  5.89585e-40 -3.36692e-39  1.35853e-41  -2.2998e-40  2.40883e-43 -1.14891e-41  3.06224e-45 -3.79388e-43  2.41919e-47 -6.58234e-45  7.68233e-50
-0.000194099 -4.55259e-17   0.00145399 -3.36157e-17   0.00391676  3.37516e-17  -0.00799289  2.43623e-16   -0.0174797   2.5471e-16  -0.00348993 -4.60893e-17     0.019228 -2.73754e-16    0.0286579 -2.02178e-16    0.0216007 -5.39596e-17    0.0080657 -8.30774e-18  -0.00264675  1.47284e-17  -0.00746882  8.83181e-17   -0.0077443  1.62624e-16  -0.00593601  1.75673e-16  -0.00381612  1.27689e-16  -0.00216439  5.65296e-17  -0.00111241 -3.74298e-18 -0.000526574 -3.77966e-17 -0.000231988 -4.64465e-17 -9.57762e-05 -3.92256e-17  -3.7217e-05 -2.67028e-17 -1.36478e-05 -1.56182e-17 -4.72968e-06 -8.19971e-18 -1.54987e-06 -4.00596e-18 -4.80239e-07 -1.86458e-18 -1.40664e-07 -8.28508e-19  -3.8927e-08 -3.43459e-19 -1.01718e-08 -1.26435e-19 -2.50811e-09 -3.71461e-20 -5.83161e-10 -5.45285e-21 -1.27764e-10  2.91756e-21 -2.63546e-11  3.43508e-21 -5.11379e-12  2.19086e-21 -9.32417e-13  1.09031e-21 -1.59558e-13  4.55951e-22 -2.55861e-14  1.63607e-22 -3.83749e-15  5.04012e-23 -5.37033e-16  1.31232e-23 -6.99041e-17  2.75953e-24 -8.42795e-18  4.02754e-25  -9.3561e-19  6.13383e-27 -9.48045e-20 -2.15358e-26 -8.64665e-21 -9.57006e-27 -6.92169e-22 -2.85608e-27 -4.60447e-23 -6.91467e-28 -2.14777e-24 -1.44358e-28 -1.63177e-27 -2.68888e-29   1.4594e-26 -4.59937e-30  2.16991e-27 -7.43441e-31  2.22107e-28 -1.16427e-31  1.85072e-29 -1.79619e-32  1.31763e-30 -2.75745e-33  8.15736e-32 -4.23844e-34  4.41413e-33 -6.48194e-35  2.08435e-34 -9.56279e-36   8.5327e-36 -1.29432e-36   2.9948e-37 -1.52479e-37  8.86484e-39 -1.49249e-38  2.16111e-40  -1.1621e-39   4.1888e-42 -6.84182e-41  6.10503e-44 -2.82368e-42  6.05499e-46 -7.06593e-44  3.24814e-48 -6.93142e-46
 -3.7155e-20 -0.000174608 -5.79689e-17   0.00271216 -7.98211e-17   0.00211229  3.72025e-17   -0.0108281  2.50941e-16   -0.0159931  2.21954e-16 -0.000536204 -4.73164e-17     0.020342 -2.02178e-16    0.0289202 -1.41588e-16    0.0230578 -6.02422e-17    0.0110889 -2.93444e-17  0.000966546  2.88967e-17  -0.00430661  1.26839e-16  -0.00550177   1.9524e-16   -0.0045746  1.89356e-16  -0.00308245  1.25402e-16  -0.00180326  4.58318e-17 -0.000945894 -1.59204e-17  -0.00045299 -4.69065e-17  -0.00020027  -5.1182e-17 -8.23236e-05 -4.07205e-17 -3.16111e-05 -2.67031e-17 -1.13732e-05 -1.52689e-17 -3.84147e-06 -7.91548e-18 -1.21954e-06 -3.82908e-18 -3.64128e-07 -1.75373e-18  -1.0228e-07 -7.56587e-19 -2.70262e-08 -2.99325e-19  -6.7161e-09 -1.02644e-19  -1.5688e-09 -2.63652e-20 -3.44197e-10 -1.60644e-21 -7.08577e-11  3.75029e-21 -1.36679e-11  3.27826e-21 -2.46567e-12  1.87821e-21 -4.14935e-13  8.66895e-22 -6.49079e-14  3.39138e-22 -9.39012e-15   1.1395e-22 -1.24666e-15  3.27311e-23 -1.49994e-16  7.84725e-24 -1.59869e-17  1.46468e-24 -1.43731e-18  1.59323e-25 -9.41932e-20 -1.93994e-26 -1.10696e-21 -1.76329e-26  9.61812e-22 -6.37364e-27  2.09314e-22 -1.72217e-27  3.05937e-23 -3.89151e-28  3.66521e-24 -7.70178e-29  3.80874e-25 -1.37715e-29  3.51154e-26 -2.28958e-30  2.90104e-27 -3.63732e-31  2.15579e-28 -5.64216e-32  1.44128e-29 -8.66766e-33  8.64928e-31  -1.3314e-33  4.63846e-32 -2.04831e-34  2.20848e-33 -3.09647e-35  9.25304e-35 -4.40478e-36  3.37161e-36 -5.59053e-37  1.05188e-37 -6.02643e-38  2.75083e-39  -5.2819e-39  5.85296e-41 -3.59718e-40  9.68942e-43 -1.79256e-41  1.15928e-44 -5.90707e-43  8.67076e-47 -1.02309e-44  2.61932e-49
-0.000118114  1.22448e-18  0.000276958 -6.97281e-17   0.00345705 -1.04934e-16 -0.000408594  3.79006e-17   -0.0127479  2.22329e-16     -0.01403  1.63636e-16   0.00231327 -4.96231e-17    0.0216007 -1.41588e-16    0.0295245 -1.03686e-16    0.0247272 -6.67174e-17    0.0141975 -2.92066e-17   0.00472167  5.96685e-17 -0.000856637  1.66369e-16  -0.00287731  2.18657e-16   -0.0028384  1.91112e-16  -0.00205182  1.12791e-16  -0.00124248  2.87125e-17 -0.000662095 -3.00786e-17  -0.00031813 -5.48929e-17 -0.000139761 -5.37077e-17 -5.66261e-05 -4.02692e-17 -2.12773e-05 -2.54153e-17 -7.44178e-06 -1.41718e-17 -2.42847e-06 -7.21839e-18  -7.4048e-07 -3.43301e-18 -2.11124e-07 -1.53558e-18 -5.62939e-08 -6.39131e-19 -1.40309e-08 -2.39779e-19 -3.26539e-09 -7.55675e-20 -7.08258e-10  -1.5936e-20 -1.42748e-10  1.39628e-21 -2.66118e-11  4.03851e-21 -4.55536e-12  2.88763e-21   -7.072e-13   1.5026e-21 -9.72982e-14   6.4444e-22 -1.12718e-14  2.35707e-22  -9.3826e-16   7.3993e-23 -6.74663e-18  1.97211e-23  1.88055e-17  4.30295e-24   5.2416e-18  6.85454e-25  1.01265e-18  3.71675e-26  1.62621e-19 -2.45328e-26  2.29215e-20 -1.25195e-26   2.9015e-21  -3.9072e-27  3.33549e-22 -9.69211e-28  3.50169e-23 -2.05691e-28   3.3656e-24 -3.87802e-29  2.96306e-25 -6.69041e-30  2.38738e-26 -1.08643e-30  1.75674e-27 -1.70283e-31  1.17687e-28 -2.62446e-32  7.14721e-30 -4.02922e-33  3.91345e-31 -6.20765e-34  1.91867e-32 -9.52124e-35   8.3501e-34  -1.4063e-35  3.19051e-35  -1.9011e-36   1.0553e-36 -2.23343e-37  2.96594e-38 -2.17896e-38  6.90557e-40 -1.69124e-39   1.2842e-41 -9.92938e-41   1.8021e-43 -4.08825e-42  1.72552e-45 -1.02098e-43  8.95503e-48 -9.99827e-46
 8.85579e-18 -0.000215903  3.55619e-18   0.00108784 -7.77207e-17   0.00335945 -1.06833e-16    -0.003136  3.69738e-17   -0.0137856   1.7001e-16   -0.0116889  9.58411e-17   0.00515416 -5.39596e-17    0.0230578 -1.03686e-16    0.0304493 -8.90071e-17    0.0265541   -6.996e-17    0.0172718 -1.20825e-17   0.00839616  9.81848e-17   0.00257723  1.99356e-16 -0.000193098   2.2836e-16  -0.00100912  1.79143e-16 -0.000935925  9.04733e-17 -0.000622531  7.37248e-18 -0.000344797 -4.38829e-17 -0.000167386 -6.03015e-17 -7.29626e-05 -5.35213e-17 -2.89351e-05 -3.78967e-17 -1.05202e-05 -2.30145e-17 -3.52222e-06 -1.24879e-17 -1.08829e-06 -6.22321e-18 -3.10411e-07 -2.89309e-18 -8.16017e-08 -1.25615e-18 -1.96908e-08 -5.01351e-19 -4.32719e-09 -1.76836e-19 -8.53126e-10 -5.00501e-20 -1.46278e-10 -7.41373e-21 -2.01549e-11  3.24755e-21 -1.59923e-12  3.83332e-21   2.0999e-13  2.35749e-21  1.38642e-13  1.12339e-21  4.21272e-14  4.48356e-22  9.97048e-15  1.53172e-22  2.03159e-15  4.47875e-23   3.6981e-16  1.09987e-23  6.11966e-17   2.1431e-24  9.29239e-18  2.68062e-25  1.30153e-18 -1.21003e-26  1.68644e-19 -2.06105e-26   2.0244e-20 -7.98287e-27  2.25216e-21 -2.22183e-27  2.32113e-22 -5.11194e-28   2.2137e-23 -1.02488e-28  1.95039e-24 -1.85037e-29  1.58379e-25 -3.09643e-30  1.18186e-26 -4.93452e-31  8.07505e-28  -7.6592e-32  5.02917e-29 -1.17723e-32  2.83969e-30 -1.81268e-33  1.44413e-31  -2.7995e-34  6.56138e-33 -4.24423e-35  2.63684e-34 -6.03943e-36  9.25508e-36  -7.6507e-37  2.79121e-37 -8.22244e-38  7.07721e-39 -7.18324e-39  1.46354e-40 -4.87728e-40  2.35947e-42 -2.42403e-41  2.75334e-44 -7.96978e-43   2.0109e-46 -1.37764e-44  5.93733e-49
-5.41723e-05  1.65408e-17 -0.000123576  4.95339e-18   0.00192981 -7.72187e-17   0.00242757 -8.95343e-17  -0.00569466  3.42471e-17       -0.014  1.09675e-16  -0.00900636  3.48664e-17    0.0080657 -6.02422e-17    0.0247272 -8.90071e-17    0.0316125 -8.94145e-17    0.0283914 -6.60256e-17    0.0200922  1.62937e-17    0.0116901  1.35515e-16   0.00564815  2.19431e-16   0.00221514  2.21736e-16    0.0006365  1.54034e-16  6.68649e-05  6.12129e-17 -6.91163e-05 -1.48728e-17 -6.52873e-05 -5.49557e-17 -3.72612e-05 -6.21418e-17 -1.68482e-05 -5.05852e-17 -6.44425e-06 -3.39185e-17 -2.12267e-06 -1.98238e-17 -5.96903e-07 -1.04483e-17 -1.36632e-07 -5.07587e-18 -2.11533e-08 -2.29543e-18  5.52186e-10 -9.62164e-19  2.10469e-09 -3.65791e-19  1.06989e-09 -1.19805e-19  3.92567e-10 -2.91929e-20  1.21133e-10 -1.48175e-21  3.30578e-11  3.98896e-21  8.16534e-12  3.28705e-21  1.84842e-12  1.79037e-21  3.86372e-13   7.8598e-22  7.49281e-14  2.92168e-22  1.35223e-14  9.30849e-23  2.27552e-15  2.52418e-23  3.57481e-16  5.65086e-24  5.24602e-17  9.50879e-25  7.19229e-18  7.31394e-26  9.20962e-19 -2.42632e-26   1.1007e-19 -1.43375e-26  1.22663e-20 -4.65605e-27  1.27287e-21 -1.17899e-27  1.22779e-22 -2.53674e-28  1.09855e-23 -4.83227e-29  9.09397e-25 -8.40113e-30  6.94388e-26 -1.37098e-30  4.87295e-27  -2.1539e-31  3.12935e-28 -3.32409e-32  1.82962e-29 -5.11619e-33  9.67931e-31 -7.91683e-34  4.59915e-32  -1.2196e-34  1.94495e-33 -1.80515e-35  7.23791e-35 -2.43872e-36  2.33633e-36 -2.85806e-37  6.41926e-38 -2.77958e-38  1.46331e-39 -2.15057e-39  2.66763e-41 -1.25896e-40  3.67344e-43 -5.17041e-42  3.45425e-45 -1.28839e-43   1.7615e-47 -1.25925e-45
 1.64307e-18   -0.0001395  2.27775e-17  0.000243633  5.03802e-18   0.00245662  -6.5481e-17  0.000868337 -5.97544e-17   -0.0078295  3.09044e-17   -0.0134388  5.69752e-17  -0.00598872 -8.30774e-18    0.0110889 -6.67174e-17    0.0265541 -8.94145e-17    0.0328448 -9.31399e-17    0.0299955 -5.21927e-17    0.0223641  4.97009e-17     0.014278   1.6435e-16   0.00803436  2.22879e-16   0.00406905  1.99121e-16    0.0018884  1.19021e-16  0.000817453  2.93412e-17  0.000336308 -3.44977e-17  0.000133991 -6.15312e-17  5.25027e-05 -6.01406e-17  2.03873e-05 -4.53298e-17  7.82767e-06 -2.88672e-17  2.94282e-06 -1.62423e-17  1.06992e-06 -8.30229e-18  3.72007e-07 -3.91938e-18  1.22687e-07 -1.71664e-18   3.8178e-08 -6.90868e-19  1.11762e-08 -2.48116e-19  3.07321e-09 -7.40091e-20  7.93343e-10 -1.41895e-20  1.92252e-10  1.92993e-21  4.37417e-11  3.88838e-21  9.34646e-12  2.58251e-21  1.87597e-12  1.26866e-21  3.53751e-13  5.15259e-22  6.26723e-14  1.78412e-22  1.04306e-14  5.28778e-23  1.63037e-15  1.32119e-23  2.39223e-16  2.65027e-24  3.29299e-17  3.59588e-25  4.24896e-18 -1.90236e-27  5.13362e-19 -2.13392e-26  5.80034e-20 -8.80368e-27  6.11929e-21 -2.51225e-27  6.01685e-22 -5.86684e-28    5.502e-23 -1.18894e-28   4.6672e-24 -2.16456e-29  3.66178e-25  -3.6446e-30  2.64804e-26 -5.83082e-31  1.75788e-27 -9.07217e-32  1.06612e-28 -1.39826e-32  5.87356e-30 -2.16288e-33  2.91957e-31 -3.35875e-34  1.29857e-32 -5.11215e-35  5.11585e-34 -7.28151e-36  1.76248e-35  -9.2102e-37  5.22314e-37 -9.87057e-38  1.30267e-38 -8.59548e-39  2.65207e-40 -5.81816e-40   4.2123e-42 -2.88363e-41  4.84553e-44 -9.45764e-43   3.4901e-46  -1.6313e-44  1.01643e-48
 -1.9997e-05  4.42697e-18 -0.000168545  2.61526e-17  0.000793444  5.72659e-18   0.00246013 -4.28945e-17  -0.00103742 -2.40898e-17  -0.00936504  3.06225e-17   -0.0121347  2.35949e-17  -0.00264675 -2.93444e-17    0.0141975   -6.996e-17    0.0283914 -9.31399e-17    0.0338854 -8.98387e-17    0.0310567 -2.83523e-17     0.023781  8.21174e-17    0.0158858  1.79957e-16   0.00951309  2.09308e-16   0.00520667  1.63889e-16   0.00264283  7.92908e-17   0.00125806 -4.05401e-19  0.000566259 -4.87232e-17  0.000242295 -6.28814e-17  9.88352e-05  -5.4763e-17  3.84601e-05 -3.85252e-17  1.42654e-05 -2.33656e-17  5.03509e-06 -1.26611e-17  1.68786e-06 -6.26738e-18  5.36366e-07 -2.86664e-18  1.61324e-07 -1.21083e-18  4.58692e-08 -4.65006e-19  1.23178e-08 -1.55968e-19  3.12221e-09 -4.09841e-20   7.4665e-10 -4.73345e-21  1.68408e-10  3.35504e-21   3.5817e-11  3.29174e-21  7.18121e-12  1.87571e-21  1.35698e-12  8.40862e-22  2.41591e-13  3.16799e-22  4.05084e-14  1.02098e-22  6.39366e-15  2.80397e-23  9.49339e-16  6.39117e-24  1.32503e-16  1.11452e-24  1.73684e-17  1.01412e-25   2.1357e-18 -2.13563e-26  2.46036e-19 -1.46164e-26  2.65134e-20 -4.90826e-27  2.66786e-21 -1.26381e-27  2.50141e-22 -2.74984e-28  2.18012e-23 -5.28359e-29   1.7613e-24 -9.24894e-30   1.3147e-25   -1.517e-30  9.03246e-27  -2.3917e-31  5.68644e-28 -3.70297e-32  3.26321e-29 -5.72569e-33   1.6963e-30 -8.91474e-34  7.92766e-32 -1.38103e-34  3.30052e-33  -2.0499e-35  1.21021e-34 -2.76878e-36  3.85204e-36 -3.23771e-37  1.04437e-37 -3.13918e-38  2.35069e-39 -2.42105e-39  4.23364e-41 -1.41307e-40  5.76216e-43 -5.78778e-42  5.35732e-45  -1.4388e-43  2.70184e-47 -1.40328e-45
-1.29574e-18  -6.9854e-05  7.29758e-18 -5.04812e-05  2.63479e-17   0.00132358  9.69474e-18   0.00190009 -1.22951e-17  -0.00300093  1.30791e-17   -0.0101765  3.83101e-17   -0.0101224  1.47284e-17  0.000966546 -2.92066e-17    0.0172718 -6.60256e-17    0.0299955 -8.98387e-17    0.0344131 -7.39346e-17    0.0312661  2.61584e-18    0.0241064  1.08318e-16    0.0163659  1.80524e-16    0.0100128  1.81456e-16   0.00560842  1.21587e-16   0.00290822  4.06059e-17   0.00140711 -2.41375e-17  0.000638691 -5.61606e-17  0.000272922 -5.93824e-17  0.000110024 -4.70183e-17  4.18907e-05 -3.10757e-17  1.50708e-05 -1.79946e-17  5.12355e-06 -9.39313e-18   1.6458e-06 -4.49635e-18  4.99424e-07 -1.98667e-18  1.43143e-07 -8.05529e-19   3.8744e-08 -2.92933e-19  9.90186e-09 -9.01996e-20  2.38922e-09 -1.95545e-20  5.44218e-10  3.35505e-22  1.17007e-10  3.48482e-21  2.37407e-11  2.50811e-21  4.54493e-12  1.26706e-21  8.20688e-13  5.22295e-22  1.39726e-13  1.82781e-22  2.24187e-14  5.47213e-23  3.38775e-15  1.38418e-23  4.81783e-16  2.83188e-24   6.4423e-17  4.03969e-25  8.09124e-18   7.1129e-27  9.53299e-19 -1.99117e-26  1.05207e-19 -8.66838e-27  1.08573e-20 -2.52346e-27   1.0457e-21 -5.96306e-28  9.37788e-23 -1.21903e-28  7.81039e-24  -2.2352e-29   6.0226e-25 -3.78534e-30  4.28448e-26 -6.08305e-31   2.8004e-27  -9.5008e-32  1.67354e-28 -1.47117e-32  9.09193e-30 -2.29034e-33  4.45956e-31 -3.58126e-34  1.95854e-32 -5.47694e-35  7.62322e-34 -7.81238e-36   2.5962e-35 -9.86933e-37  7.60968e-37 -1.05485e-37  1.87799e-38  -9.1566e-39  3.78491e-40 -6.17852e-40   5.9533e-42 -3.05339e-41  6.78385e-44 -9.98846e-43  4.84154e-46 -1.71886e-44  1.39719e-48
-5.74587e-06 -2.09339e-18 -0.000115004  8.96585e-18  0.000224653  2.46084e-17   0.00163149  1.86971e-17  0.000870801  2.25219e-17  -0.00475311  5.02283e-17   -0.0101821  5.75157e-17  -0.00746882  2.88967e-17   0.00472167 -1.20825e-17    0.0200922 -5.21927e-17    0.0310567 -7.39346e-17    0.0341132 -4.56041e-17    0.0303999  3.55917e-17    0.0232496  1.24491e-16     0.015742  1.67013e-16   0.00962344  1.44313e-16   0.00538238  7.84936e-17   0.00277974  7.84936e-18   0.00133429 -3.96744e-17  0.000598016 -5.69498e-17  0.000251071 -5.22497e-17  9.89651e-05 -3.81462e-17   3.6682e-05 -2.38143e-17  1.27994e-05 -1.31936e-17  4.20764e-06 -6.63509e-18  1.30392e-06 -3.06648e-18  3.81086e-07  -1.3046e-18  1.05075e-07 -5.05002e-19  2.73396e-08 -1.72072e-19  6.71411e-09 -4.72757e-20  1.55647e-09 -7.15842e-21  3.40619e-10  2.42926e-21  7.03661e-11  2.94513e-21  1.37207e-11  1.75132e-21  2.52473e-12  7.99406e-22  4.38277e-13  3.04447e-22  7.17449e-14  9.89686e-23  1.10689e-14  2.74284e-23  1.60841e-15  6.32952e-24  2.19939e-16  1.12969e-24  2.82743e-17  1.12773e-25  3.41317e-18 -1.71617e-26  3.86368e-19  -1.3438e-26  4.09477e-20 -4.63246e-27  4.05546e-21 -1.20825e-27  3.74546e-22 -2.65212e-28  3.21776e-23 -5.13208e-29  2.56417e-24 -9.03839e-30  1.88909e-25 -1.49006e-30  1.28174e-26 -2.35964e-31  7.97328e-28  -3.6709e-32  4.52346e-29 -5.71271e-33  2.32579e-30 -8.96329e-34  1.07561e-31 -1.39773e-34  4.43324e-33 -2.08169e-35  1.60994e-34 -2.81194e-36  5.07714e-36 -3.28142e-37  1.36434e-37 -3.17199e-38  3.04471e-39 -2.43849e-39  5.43847e-41 -1.41889e-40  7.34295e-43 -5.79537e-42  6.77396e-45 -1.43705e-43  3.39087e-47  -1.3984e-45
-9.65304e-19 -2.96297e-05 -2.55447e-18 -9.76022e-05  8.82063e-18  0.000574709   2.3106e-17   0.00158938  3.28085e-17 -0.000444462   5.8243e-17  -0.00606008   8.7659e-17  -0.00935436  8.83181e-17  -0.00430661  5.96685e-17   0.00839616  1.62937e-17    0.0223641 -2.83523e-17    0.0312661 -4.56041e-17    0.0327628 -9.68003e-18    0.0283938  6.47228e-17    0.0213033  1.28774e-16    0.0142055  1.42615e-16    0.0085618  1.03808e-16   0.00471809  4.01134e-17   0.00239657 -1.59951e-17   0.00112874 -4.67683e-17  0.000495055 -5.24314e-17  0.000202847 -4.30912e-17  7.78386e-05 -2.93064e-17  2.80248e-05 -1.73572e-17  9.48071e-06 -9.21602e-18  3.01709e-06 -4.46433e-18  9.04031e-07 -1.98824e-18  2.55239e-07 -8.11347e-19  6.79411e-08 -2.97718e-19  1.70586e-08 -9.35671e-20  4.04138e-09 -2.17351e-20  9.03635e-10 -9.48028e-22  1.90718e-10  2.80585e-21  3.79953e-11   2.1873e-21  7.14452e-12  1.13241e-21  1.26773e-12  4.72439e-22  2.12204e-13  1.66672e-22  3.34927e-14  5.02592e-23  4.98148e-15  1.28205e-23   6.9768e-16  2.65711e-24  9.19288e-17   3.9089e-25  1.13835e-17  1.21261e-26  1.32305e-18 -1.69764e-26  1.44116e-19 -7.70312e-27  1.46869e-20 -2.27583e-27  1.39755e-21 -5.42593e-28  1.23887e-22 -1.11688e-28  1.02036e-23 -2.06025e-29   7.7841e-25 -3.50799e-30  5.48084e-26   -5.665e-31  3.54701e-27  -8.8922e-32  2.09961e-28 -1.38565e-32  1.13024e-29 -2.17461e-33  5.49505e-31 -3.42775e-34  2.39287e-32 -5.27063e-35  9.23777e-34 -7.53136e-36  3.12133e-35 -9.50398e-37   9.0796e-37 -1.01313e-37  2.22438e-38 -8.76659e-39  4.45136e-40 -5.89648e-40   6.9536e-42 -2.90532e-41   7.8708e-44 -9.47831e-43  5.58056e-46 -1.62707e-44  1.60167e-48
