   0.0652569  6.95151e-17   -0.0467803 -1.22222e-16   -0.0236671  8.50001e-17  -0.00693842  1.54473e-17  -0.00144989 -8.14503e-18 -0.000229874 -4.68748e-18 -3.00221e-05 -1.53935e-18 -3.64477e-06 -3.19799e-19 -4.04606e-07 -3.77449e-20 -3.11443e-08 -2.01823e-21 -9.43598e-10
 6.95151e-17     0.139196 -1.48684e-17   -0.0254113 -3.69202e-17   -0.0327205  6.52024e-17   -0.0146371  9.58128e-18  -0.00443991 -9.20129e-18  -0.00101086  -5.6057e-18 -0.000174115 -1.56924e-18 -2.17299e-05 -2.43939e-19 -1.77608e-06 -1.96529e-20 -7.51277e-08 -5.48152e-22
  -0.0467803 -1.48684e-17     0.151421 -1.01157e-16     0.018061  -2.1469e-18   -0.0182928  2.82754e-17   -0.0122511 -3.60056e-18  -0.00426838 -1.03711e-17 -0.000992272 -4.45734e-18 -0.000158541 -9.42821e-19 -1.66391e-05 -1.06783e-19 -1.00468e-06  -5.5265e-21 -2.26805e-08
-1.22222e-16   -0.0254113 -1.01157e-16     0.131845 -1.13944e-16    0.0509491 -2.21313e-17   0.00523557 -7.84865e-18   -0.0027115 -1.50563e-17  -0.00140664 -9.15961e-18 -0.000332525 -2.62077e-18   -4.621e-05 -4.02474e-19 -3.67203e-06 -3.17363e-20 -1.34862e-07 -8.73821e-22
  -0.0236671 -3.69202e-17     0.018061 -1.13944e-16     0.118232 -1.05975e-16    0.0690247 -5.21058e-17    0.0232771 -3.14815e-17   0.00559236  -1.7712e-17   0.00105136 -6.11757e-18   0.00016017 -1.20874e-18  1.86364e-05  -1.3195e-19  1.37771e-06  -6.6777e-21  3.99571e-08
 8.50001e-17   -0.0327205  -2.1469e-18    0.0509491 -1.05975e-16     0.111452 -1.07136e-16    0.0728355 -6.90749e-17    0.0292237 -3.58204e-17   0.00827428 -1.33527e-17   0.00169666 -3.17154e-18  0.000243991 -4.48216e-19  2.24407e-05 -3.37963e-20  1.05125e-06 -9.08458e-22
 -0.00693842  6.52024e-17   -0.0182928 -2.21313e-17    0.0690247 -1.07136e-16     0.100234 -1.05805e-16    0.0627928 -6.41288e-17    0.0245328 -2.66308e-17   0.00653219 -7.38418e-18   0.00119298 -1.29456e-18  0.000142457 -1.32391e-19  9.76677e-06  -6.4512e-21  2.50904e-07
 1.54473e-17   -0.0146371  2.82754e-17   0.00523557 -5.21058e-17    0.0728355 -1.05805e-16    0.0794907 -8.78372e-17    0.0441275 -4.43289e-17    0.0154395 -1.46288e-17   0.00359787 -3.13486e-18  0.000552301 -4.14795e-19   5.1873e-05 -3.00331e-20  2.40985e-06 -7.87163e-22
 -0.00144989  9.58128e-18   -0.0122511 -7.84865e-18    0.0232771 -6.90749e-17    0.0627928 -8.78372e-17    0.0532449 -5.78716e-17    0.0251516 -2.35612e-17   0.00754854 -6.19752e-18   0.00148058 -1.03719e-18  0.000183574 -1.02711e-19  1.27675e-05 -4.89796e-21  3.27555e-07
-8.14503e-18  -0.00443991 -3.60056e-18   -0.0027115 -3.14815e-17    0.0292237 -6.41288e-17    0.0441275 -5.78716e-17    0.0294783 -3.00538e-17    0.0115939  -9.8251e-18   0.00290746 -2.06059e-18  0.000466261 -2.67448e-19  4.48205e-05 -1.90916e-20  2.10122e-06 -4.95139e-22
-0.000229874 -9.20129e-18  -0.00426838 -1.50563e-17   0.00559236 -3.58204e-17    0.0245328 -4.43289e-17    0.0251516 -3.00538e-17    0.0133457  -1.2388e-17   0.00431355 -3.25125e-18  0.000886283 -5.40213e-19  0.000112952 -5.31316e-20  7.96959e-06 -2.51929e-21  2.05549e-07
-4.68748e-18  -0.00101086 -1.03711e-17  -0.00140664  -1.7712e-17   0.00827428 -2.66308e-17    0.0154395 -2.35612e-17    0.0115939  -1.2388e-17   0.00491175 -4.08104e-18   0.00129187 -8.57192e-19  0.000213419 -1.11142e-19   2.0874e-05 -7.92065e-21  9.87156e-07 -2.04981e-22
-3.00221e-05  -5.6057e-18 -0.000992272 -9.15961e-18   0.00105136 -1.33527e-17   0.00653219 -1.46288e-17   0.00754854  -9.8251e-18   0.00431355 -4.08104e-18   0.00146278  -1.0775e-18  0.000309943 -1.79552e-19  4.02574e-05 -1.76808e-20  2.87124e-06 -8.38472e-22  7.44299e-08
-1.53935e-18 -0.000174115 -4.45734e-18 -0.000332525 -6.11757e-18   0.00169666 -7.38418e-18   0.00359787 -6.19752e-18   0.00290746 -3.25125e-18   0.00129187  -1.0775e-18  0.000350515 -2.27428e-19  5.90653e-05 -2.95767e-20  5.84682e-06 -2.11131e-21   2.7832e-07 -5.46667e-23
-3.64477e-06 -1.56924e-18 -0.000158541 -2.62077e-18   0.00016017 -3.17154e-18   0.00119298 -3.13486e-18   0.00148058 -2.06059e-18  0.000886283 -8.57192e-19  0.000309943 -2.27428e-19  6.70053e-05 -3.80452e-20  8.81399e-06 -3.75589e-21  6.33347e-07 -1.78366e-22   1.6481e-08
-3.19799e-19 -2.17299e-05 -9.42821e-19   -4.621e-05 -1.20874e-18  0.000243991 -1.29456e-18  0.000552301 -1.03719e-18  0.000466261 -5.40213e-19  0.000213419 -1.79552e-19  5.90653e-05 -3.80452e-20   1.0082e-05 -4.96227e-21    1.006e-06 -3.54905e-22  4.81051e-08 -9.19823e-24
-4.04606e-07 -2.43939e-19 -1.66391e-05 -4.02474e-19  1.86364e-05 -4.48216e-19  0.000142457 -4.14795e-19  0.000183574 -2.67448e-19  0.000112952 -1.11142e-19  4.02574e-05 -2.95767e-20  8.81399e-06 -4.96227e-21  1.16888e-06 -4.90928e-22  8.44067e-08 -2.33448e-23  2.20227e-09
-3.77449e-20 -1.77608e-06 -1.06783e-19 -3.67203e-06  -1.3195e-19  2.24407e-05 -1.32391e-19   5.1873e-05 -1.02711e-19  4.48205e-05 -5.31316e-20   2.0874e-05 -1.76808e-20  5.84682e-06 -3.75589e-21    1.006e-06 -4.90928e-22  1.00889e-07 -3.51633e-23  4.83862e-09 -9.12111e-25
-3.11443e-08 -1.96529e-20 -1.00468e-06 -3.17363e-20  1.37771e-06 -3.37963e-20  9.76677e-06 -3.00331e-20  1.27675e-05 -1.90916e-20  7.96959e-06 -7.92065e-21  2.87124e-06 -2.11131e-21  6.33347e-07 -3.54905e-22  8.44067e-08 -3.51633e-23  6.11383e-09 -1.67373e-24  1.59793e-10
-2.01823e-21 -7.51277e-08  -5.5265e-21 -1.34862e-07  -6.6777e-21  1.05125e-06  -6.4512e-21  2.40985e-06 -4.89796e-21  2.10122e-06 -2.51929e-21  9.87156e-07 -8.38472e-22   2.7832e-07 -1.78366e-22  4.81051e-08 -2.33448e-23  4.83862e-09 -1.67373e-24  2.32479e-10 -4.34421e-26
-9.43598e-10 -5.48152e-22 -2.26805e-08 -8.73821e-22  3.99571e-08 -9.08458e-22  2.50904e-07 -7.87163e-22  3.27555e-07 -4.95139e-22  2.05549e-07 -2.04981e-22  7.44299e-08 -5.46667e-23   1.6481e-08 -9.19823e-24  2.20227e-09 -9.12111e-25  1.59793e-10 -4.34421e-26  4.18071e-12
