 0.000244583  2.33736e-20   -0.0014068 -6.70809e-20   0.00244581 -2.77921e-20  -0.00153931 -4.94328e-20 -0.000154891  4.63164e-19  0.000454554 -4.71318e-19  1.11398e-05  7.45182e-20 -7.77959e-05  7.78276e-20 -6.98459e-06 -2.34089e-20  4.54628e-06  -5.4719e-22  4.02804e-07
 2.33736e-20   0.00215014   5.3461e-21  -0.00653212  4.59111e-19   0.00755228 -1.28568e-18  -0.00251093  3.93637e-19  -0.00159041  1.36318e-18  0.000912463 -1.10813e-18  0.000308134 -1.48154e-21 -0.000133401  1.94268e-19 -4.05353e-05 -3.26878e-20  3.31567e-06 -1.09004e-21
  -0.0014068   5.3461e-21   0.00878126 -3.24571e-19   -0.0171729  2.75137e-18    0.0133758 -4.37484e-18 -0.000755848  3.63447e-19  -0.00404716  3.41806e-18  0.000707014 -1.93503e-18  0.000805698 -1.33391e-19 -7.08189e-05  2.46096e-19 -7.08574e-05 -2.16508e-20 -1.93652e-06
-6.70809e-20  -0.00653212 -3.24571e-19    0.0222412 -1.57715e-18   -0.0305453  8.23999e-18    0.0153702 -9.00737e-18    0.0043822 -8.69962e-19  -0.00597461  6.03078e-18 -0.000459986  -2.4365e-18   0.00116103 -2.50177e-19  0.000106224  2.03087e-19 -6.34665e-05 -5.55183e-21
  0.00244581  4.59111e-19   -0.0171729 -1.57715e-18    0.0395199 -4.58216e-18   -0.0400895  1.72562e-17    0.0110488 -1.38796e-17    0.0107445 -2.87743e-18  -0.00601652  7.70786e-18  -0.00211209 -2.23943e-18   0.00111038 -2.93374e-19   0.00027874  1.24919e-19 -2.46318e-05
-2.77921e-20   0.00755228  2.75137e-18   -0.0305453 -4.58216e-18    0.0532474 -9.54935e-18   -0.0413693  2.75804e-17   0.00241494 -1.71103e-17    0.0155259 -4.66389e-18  -0.00416247  7.56275e-18  -0.00350963 -1.60357e-18  0.000675041 -2.52425e-19   0.00032496  6.46475e-20
 -0.00153931 -1.28568e-18    0.0133758  8.23999e-18   -0.0400895 -9.54935e-18    0.0581509  -1.5221e-17   -0.0357524  3.53315e-17  -0.00656604  -1.7326e-17    0.0175682 -5.39695e-18  -0.00131716    5.952e-18  -0.00420159 -1.09369e-18  7.59326e-05 -1.76219e-19  0.000212007
-4.94328e-20  -0.00251093 -4.37484e-18    0.0153702  1.72562e-17   -0.0413693  -1.5221e-17    0.0552594 -1.95118e-17   -0.0278158  3.76518e-17    -0.013459 -1.46673e-17    0.0173719 -4.48211e-18   0.00164285  3.93625e-18  -0.00409574 -9.47544e-19 -0.000412062 -9.79242e-20
-0.000154891  3.93637e-19 -0.000755848 -9.00737e-18    0.0110488  2.75804e-17   -0.0357524 -1.95118e-17    0.0493322 -2.09706e-17   -0.0209814  3.39132e-17    -0.018082 -1.07644e-17    0.0158809 -1.81012e-18   0.00424874  2.43869e-18  -0.00327532 -8.90952e-19 -0.000527931
 4.63164e-19  -0.00159041  3.63447e-19    0.0043822 -1.38796e-17   0.00241494  3.53315e-17   -0.0278158 -2.09706e-17    0.0441849 -1.91349e-17    -0.016151  2.50094e-17   -0.0212719 -7.64496e-18    0.0136983   1.7564e-18   0.00629371  1.70141e-18  -0.00190656 -5.35064e-19
 0.000454554  1.36318e-18  -0.00404716 -8.69962e-19    0.0107445 -1.71103e-17  -0.00656604  3.76518e-17   -0.0209814 -1.91349e-17    0.0410769 -1.39983e-17    -0.012837  1.28386e-17   -0.0238332 -6.42583e-18    0.0109811  4.60419e-18   0.00753971  1.38476e-18 -0.000422854
-4.71318e-19  0.000912463  3.41806e-18  -0.00597461 -2.87743e-18    0.0155259  -1.7326e-17    -0.013459  3.39132e-17    -0.016151 -1.39983e-17    0.0397963 -6.09254e-18   -0.0103509  3.49622e-19   -0.0262689 -6.74865e-18   0.00754369  5.43968e-18   0.00739322  1.11484e-18
 1.11398e-05 -1.10813e-18  0.000707014  6.03078e-18  -0.00601652 -4.66389e-18    0.0175682 -1.46673e-17    -0.018082  2.50094e-17    -0.012837 -6.09254e-18    0.0399186  2.93889e-18  -0.00817702 -9.20471e-18   -0.0288588 -7.22963e-18   0.00293256  4.37111e-18   0.00491121
 7.45182e-20  0.000308134 -1.93503e-18 -0.000459986  7.70786e-18  -0.00416247 -5.39695e-18    0.0173719 -1.07644e-17   -0.0212719  1.28386e-17   -0.0103509  2.93889e-18    0.0412853  1.06299e-17  -0.00587753   -1.382e-17   -0.0316404 -6.24371e-18  -0.00294623  2.74311e-18
-7.77959e-05 -1.48154e-21  0.000805698  -2.4365e-18  -0.00211209  7.56275e-18  -0.00131716 -4.48211e-18    0.0158809 -7.64496e-18   -0.0238332  3.49622e-19  -0.00817702  1.06299e-17    0.0440628  1.48516e-17  -0.00279592 -1.32711e-17   -0.0335637 -2.75983e-18  -0.00711828
 7.78276e-20 -0.000133401 -1.33391e-19   0.00116103 -2.23943e-18  -0.00350963    5.952e-18   0.00164285 -1.81012e-18    0.0136983 -6.42583e-18   -0.0262689 -9.20471e-18  -0.00587753  1.48516e-17    0.0488708  1.42713e-17   0.00292081 -8.20861e-18   -0.0299372  1.50429e-18
-6.98459e-06  1.94268e-19 -7.08189e-05 -2.50177e-19   0.00111038 -1.60357e-18  -0.00420159  3.93625e-18   0.00424874   1.7564e-18    0.0109811 -6.74865e-18   -0.0288588   -1.382e-17  -0.00279592  1.42713e-17    0.0576118  9.11447e-18    0.0162931 -3.31664e-19   -0.0145128
-2.34089e-20 -4.05353e-05  2.46096e-19  0.000106224 -2.93374e-19  0.000675041 -1.09369e-18  -0.00409574  2.43869e-18   0.00629371  4.60419e-18   0.00754369 -7.22963e-18   -0.0316404 -1.32711e-17   0.00292081  9.11447e-18    0.0750393   4.4533e-18    0.0405444  5.37298e-18
 4.54628e-06 -3.26878e-20 -7.08574e-05  2.03087e-19   0.00027874 -2.52425e-19  7.59326e-05 -9.47544e-19  -0.00327532  1.70141e-18   0.00753971  5.43968e-18   0.00293256 -6.24371e-18   -0.0335637 -8.20861e-18    0.0162931   4.4533e-18      0.10256  6.63928e-18    0.0531647
 -5.4719e-22  3.31567e-06 -2.16508e-20 -6.34665e-05  1.24919e-19   0.00032496 -1.76219e-19 -0.000412062 -8.90952e-19  -0.00190656  1.38476e-18   0.00739322  4.37111e-18  -0.00294623 -2.75983e-18   -0.0299372 -3.31664e-19    0.0405444  6.63928e-18     0.113023  8.90279e-18
 4.02804e-07 -1.09004e-21 -1.93652e-06 -5.55183e-21 -2.46318e-05  6.46475e-20  0.000212007 -9.79242e-20 -0.000527931 -5.35064e-19 -0.000422854  1.11484e-18   0.00491121  2.74311e-18  -0.00711828  1.50429e-18   -0.0145128  5.37298e-18    0.0531647  8.90279e-18     0.063643
