 5.20154e-14 -4.58975e-29 -1.33633e-12  2.18811e-27  1.28823e-11 -3.02464e-26 -7.14544e-11  2.30079e-25  2.60398e-10 -1.15819e-24 -6.59658e-10  4.19036e-24  1.18332e-09 -1.13462e-23 -1.48199e-09   2.3352e-23  1.21089e-09 -3.62915e-23 -4.99086e-10  4.08548e-23 -8.28083e-11 -2.86474e-23  1.83007e-10   2.0393e-24 -2.38153e-11  2.43265e-23 -4.82438e-11 -3.53304e-23  8.59723e-12  2.81554e-23  1.30761e-11 -1.18653e-23 -7.13169e-13 -2.80257e-24 -3.32354e-12  1.04544e-23 -5.84866e-13 -1.12068e-23  5.90379e-13   8.2806e-24  3.09108e-13  -5.0787e-24 -1.57876e-14  2.85271e-24 -6.66082e-14 -1.12202e-24 -2.32662e-14   -3.153e-25  2.22959e-15  1.01065e-24  4.87399e-15 -8.94799e-25   1.7933e-15  4.73811e-25  7.45141e-17 -1.71755e-25 -2.19725e-16  4.84514e-26 -1.11082e-16 -1.26715e-26 -2.39792e-17  3.58445e-27  1.85097e-18 -1.93232e-27  3.44723e-18  1.71723e-27  1.38035e-18 -1.07646e-27  2.97508e-19  3.65715e-28  1.22797e-20 -4.36182e-29 -1.82747e-20  5.07333e-30  -8.5928e-21 -2.27753e-29 -2.30781e-21  1.80304e-29 -3.97152e-22 -5.78406e-30 -2.58249e-23  6.69761e-31  1.01459e-23 -9.87318e-32  4.75425e-24  1.08072e-31  1.20942e-24 -3.85786e-32  2.22381e-25  7.61135e-33  3.02533e-26  2.49941e-34  2.62827e-27 -1.27882e-33 -1.38252e-29  3.42899e-34 -5.87978e-29 -3.17544e-36 -1.38108e-29 -1.35089e-35 -2.15593e-30    6.007e-37 -2.60967e-31  1.24529e-37 -2.54406e-32  2.54636e-37 -1.99577e-33  1.42024e-38 -1.21761e-34 -1.01183e-38 -5.16705e-36  1.30653e-39 -8.09892e-38  4.49123e-40  8.43369e-39  -1.6833e-41  9.03953e-40 -3.96874e-42  4.86476e-41    2.745e-43  1.66758e-42  1.49801e-44   3.5597e-44 -1.04381e-45  4.43505e-46 -1.43997e-47
-4.58975e-29  1.94727e-12 -1.29899e-27 -2.83045e-11    4.297e-26  2.06423e-10 -4.75738e-25 -9.40928e-10  3.07256e-24  2.92272e-09 -1.35474e-23 -6.41582e-09  4.37227e-23  9.99956e-09 -1.06697e-22 -1.07268e-08  1.98637e-22  7.09784e-09  -2.7797e-22 -1.67329e-09   2.7554e-22 -1.32675e-09 -1.52962e-22  9.69736e-10 -4.07356e-23  1.73524e-10  1.93328e-22  -2.9231e-10 -2.26081e-22 -4.31596e-11  1.54119e-22   7.4112e-11 -4.91749e-23  2.08416e-11  -3.0054e-23 -1.40708e-11   6.3585e-23 -8.28168e-12 -5.97714e-23  7.96707e-13  4.04329e-23  2.03241e-12 -2.40046e-23  5.53832e-13  1.38741e-23 -1.86475e-13 -5.34301e-24 -1.77546e-13 -1.98859e-24 -4.16415e-14  5.05547e-24  1.15132e-14 -4.01133e-24  1.16822e-14  1.89122e-24  3.59247e-15 -6.10346e-25  2.08346e-17  1.59765e-25 -4.60286e-16 -3.92799e-26 -2.15804e-16  8.59363e-27 -4.71622e-17 -5.33168e-27  1.27947e-18  6.30492e-27  5.22439e-18 -4.03639e-27  2.21776e-18  1.16339e-27  5.34079e-19  2.76332e-29  5.80605e-20 -6.40996e-29 -1.34309e-20 -6.62149e-29 -9.19189e-21  6.22679e-29 -2.82702e-21 -1.68375e-29  -5.8529e-22  1.12664e-31 -7.85028e-23  5.38663e-32 -2.37343e-24   3.8011e-31  2.20764e-24 -1.10708e-31  7.81014e-25   2.2637e-32  1.68726e-25 -3.73689e-33  2.73625e-26 -3.40796e-33    3.435e-27  1.20034e-33  3.15401e-28  8.28268e-36  1.49813e-29  -5.2028e-35 -1.31254e-30 -5.09276e-36 -4.37894e-31  1.38255e-36 -6.53884e-32  1.23554e-36 -7.03448e-33  3.60382e-38 -5.94031e-34 -3.37054e-38 -4.02019e-35  3.96332e-39 -2.16779e-36  1.12226e-39 -9.07493e-38 -4.67173e-41  -2.8292e-39  -6.6867e-42 -5.90999e-41  7.00812e-43 -7.20372e-43  2.21695e-44 -2.80954e-45 -1.47066e-45  7.26801e-47
-1.33633e-12 -1.29899e-27  3.57666e-11 -2.08293e-26 -3.60143e-10  5.23595e-25  2.09324e-09 -4.80521e-24 -8.02609e-09  2.68311e-23  2.15106e-08 -1.04783e-22 -4.11539e-08  3.03913e-22  5.57203e-08  -6.7168e-22 -5.06482e-08  1.13404e-21  2.57442e-08 -1.42778e-21 -3.71585e-10  1.23298e-21 -7.78352e-09 -4.91633e-22  2.48669e-09 -4.23572e-22  1.81853e-09  9.82059e-22 -8.39189e-10 -9.59934e-22 -5.06217e-10  5.59814e-22   1.7568e-10 -1.18594e-22  1.54947e-10 -1.65722e-22 -1.03269e-11  2.57663e-22 -3.87662e-11 -2.14675e-22  -9.2341e-12   1.3319e-22  5.19472e-12 -7.85538e-23  3.76131e-12  4.79989e-23  4.52353e-13 -1.79442e-23 -5.06879e-13 -8.30733e-24 -2.94602e-13  1.73039e-23 -4.58541e-14 -1.22009e-23  2.52005e-14  5.06934e-24   1.8235e-14 -1.45636e-24  4.96097e-15   3.6522e-25 -4.37264e-17 -8.16406e-26 -6.16748e-16  6.99242e-27 -2.80228e-16  -8.4248e-27 -6.42887e-17  1.66331e-26  -2.1086e-18 -1.08224e-26  4.77475e-18    2.572e-27   2.2549e-18  5.41607e-28  6.02457e-19 -3.63142e-28  9.52686e-20 -1.40084e-28   7.3866e-22  1.56824e-28 -5.09706e-21 -3.37519e-29 -1.94497e-21 -4.90228e-30 -4.64846e-22  8.17367e-31 -7.99103e-23  9.83285e-31 -9.19254e-24 -1.82117e-31  -2.7555e-25  4.25265e-32  1.80231e-25 -2.09751e-32   5.6707e-26 -6.54974e-33   1.0823e-26  3.06681e-33  1.56653e-27  1.14379e-34  1.80413e-28 -1.48327e-34  1.64331e-29 -2.93841e-35   1.1082e-30  5.57632e-36  4.08059e-32   3.6655e-36  -1.8193e-33  7.02907e-38 -4.82978e-34 -7.28381e-38 -4.94225e-35  8.00039e-39  -3.4528e-36  1.78919e-39 -1.78827e-37 -9.11287e-41 -6.84499e-39 -6.03501e-42 -1.90374e-40   1.1567e-42  -3.5798e-42  1.99952e-44 -3.77699e-44 -1.06216e-45
 2.18811e-27 -2.83045e-11 -2.08293e-26  4.29689e-10 -2.31683e-25 -3.28231e-09  4.66389e-24  1.57275e-08 -3.63511e-23 -5.15935e-08  1.77968e-22  1.20387e-07 -6.21266e-22 -2.01443e-07  1.62954e-21    2.362e-07 -3.27522e-21 -1.78525e-07  5.02416e-21  6.20719e-08 -5.67877e-21  2.13604e-08  4.20127e-21 -2.78021e-08 -9.26016e-22  8.51232e-10 -2.32402e-21    7.982e-09    3.757e-21 -6.06702e-10 -3.13398e-21 -2.19592e-09  1.55532e-21  -8.2655e-11 -1.42754e-22  5.39845e-10 -6.42226e-22  1.41506e-10   8.0847e-22   -8.703e-11 -5.97851e-22 -5.84048e-11  3.40557e-22 -1.60556e-12 -2.07513e-22  1.12043e-11  1.36859e-22   4.7437e-12 -4.85682e-23 -7.10847e-14 -2.71361e-23 -8.49541e-13  4.67596e-23 -3.65924e-13 -2.89687e-23 -3.55556e-14  1.04772e-23  3.64785e-14 -2.70699e-24  2.17596e-14  6.88074e-25  5.52113e-15 -1.26312e-25 -6.53299e-19 -2.57832e-26 -6.06537e-16  -5.1821e-27  -2.7755e-16  3.66856e-26 -6.81686e-17 -2.40405e-26 -6.15016e-18  4.62546e-27   2.7585e-18  2.07199e-27  1.61395e-18 -1.14236e-27  4.79771e-19  -2.6049e-28  9.34999e-20  3.32662e-28  9.71964e-21 -5.29711e-29 -1.00453e-21 -1.92529e-29 -7.82936e-22  2.27673e-30 -2.24838e-22  2.13525e-30 -4.49156e-23 -1.09396e-31 -6.75496e-24  5.81083e-32 -7.29265e-25 -6.70153e-32 -3.83147e-26 -1.14361e-32  5.09664e-27  6.59441e-33  1.85667e-27  5.21317e-34  3.27123e-28 -3.50201e-34  4.21962e-29 -8.99276e-35  4.31774e-30  1.48526e-35  3.57197e-31  8.07821e-36  2.36801e-32  1.33349e-37  1.21101e-33 -1.16076e-37  4.30016e-35  1.23463e-38  6.49117e-37  1.98269e-39 -3.22374e-38 -1.44475e-40 -2.73645e-39 -1.63062e-42 -9.98151e-41  1.39177e-42 -2.04914e-42  1.17322e-44 -1.63072e-44
 1.28823e-11    4.297e-26 -3.60143e-10 -2.31683e-25  3.79784e-09 -1.95749e-24 -2.31917e-08  3.26557e-23   9.3805e-08 -2.20107e-22 -2.66637e-07  9.55554e-22   5.4524e-07 -3.00481e-21  -7.9899e-07  7.16618e-21  8.05787e-07 -1.31444e-20 -4.89799e-07  1.83407e-20  8.00073e-08 -1.85395e-20  1.15577e-07  1.14378e-20 -6.56393e-08  1.56645e-23 -2.02649e-08 -9.18778e-21   2.1418e-08  1.16066e-20  5.32838e-09 -8.36439e-21 -5.49721e-09  3.49406e-21 -2.11336e-09  1.88212e-22  9.83491e-10 -1.96118e-21  7.47002e-10  2.09083e-21 -1.51766e-11 -1.36081e-21 -1.70042e-10  7.13214e-22 -5.69771e-11 -4.75365e-22   1.2426e-11  3.40582e-22  1.58837e-11 -1.10692e-22  4.46542e-12 -7.42047e-23 -7.61008e-13    1.056e-22 -1.06204e-12 -5.66441e-23 -3.70847e-13  1.75716e-23 -2.06603e-14 -4.22383e-24  3.98164e-14  1.17833e-24  2.11884e-14  -1.3584e-25  5.25801e-15 -1.37249e-25  1.51233e-16  1.50127e-26 -4.54535e-16  7.17699e-26 -2.18318e-16 -4.69833e-26  -5.7878e-17  7.36097e-27 -8.03561e-18  5.34532e-27  7.20483e-19 -2.70794e-27  8.09616e-19 -4.71219e-28  2.76389e-19  6.26355e-28  6.21484e-20 -6.56355e-29   9.5522e-21 -4.74381e-29  6.99991e-22  3.54583e-30 -1.26385e-22  4.08603e-30 -6.29742e-23   4.0409e-31 -1.50408e-23   6.6197e-32 -2.60689e-24 -1.62719e-31 -3.51864e-25 -2.09262e-32 -3.65973e-26  1.26439e-32 -2.61456e-27  1.58682e-33 -4.83711e-29 -7.10408e-34   2.0305e-29 -2.02579e-34  3.95902e-30  3.02203e-35  4.63168e-31  1.43194e-35  4.04855e-32  2.66289e-37  2.77764e-33 -1.39187e-37   1.5062e-34  1.53417e-38  6.35307e-36  1.36462e-39  2.01575e-37 -1.94617e-40  4.52472e-39  3.92011e-42  6.08695e-41  1.24726e-42  2.02744e-43  3.78769e-45
-3.02464e-26  2.06423e-10  5.23595e-25 -3.28231e-09 -1.95749e-24  2.63382e-08 -1.32372e-23 -1.33042e-07  1.87476e-22  4.62216e-07 -1.10821e-21 -1.14941e-06    4.306e-21  2.06905e-06 -1.22784e-20 -2.65258e-06   2.6752e-20  2.27289e-06 -4.49129e-20 -1.04198e-06   5.7026e-20 -8.81376e-08 -5.12434e-20  3.74243e-07  2.51688e-20 -8.80047e-08  7.90841e-21 -9.67263e-08 -2.89268e-20  3.35442e-08  3.00966e-20  2.75635e-08 -1.88837e-20 -6.80187e-09  6.52134e-21 -8.23302e-09  1.61808e-21   9.9169e-12 -5.00666e-21   1.9862e-09  4.60714e-21  5.88127e-10 -2.58253e-21 -2.41199e-10  1.25441e-21 -2.11172e-10 -9.88978e-22 -3.42317e-11  7.59241e-22   2.5883e-11 -2.15213e-22  1.72447e-11 -1.75894e-22  3.26439e-12  2.05195e-22 -1.26757e-12 -9.34496e-23 -1.07459e-12   2.4426e-23 -3.23464e-13 -5.93134e-24 -1.06029e-14  1.95505e-24  3.46189e-14 -4.20618e-26  1.73578e-14 -3.96446e-25   4.3737e-15  6.64046e-26   3.0428e-16  1.27612e-25 -2.55742e-16 -8.34023e-26 -1.37206e-16  1.11456e-26 -3.94633e-17  1.10948e-26 -7.00592e-18 -5.37064e-27  -3.6688e-19 -8.67842e-28  2.51178e-19  1.06967e-27  1.12396e-19 -5.49633e-29   2.8857e-20 -9.08477e-29  5.32375e-21  2.24143e-30  6.97398e-22  7.07453e-30  4.67648e-23  1.81827e-30  -5.6848e-24  9.26581e-32 -2.67357e-24 -3.30807e-31 -5.63491e-25 -4.06748e-32 -8.60871e-26  2.22976e-32 -1.03858e-26  3.75366e-33  -1.0051e-27 -1.26169e-33 -7.61716e-29 -3.71906e-34 -4.10643e-30  4.97427e-35 -9.37343e-32  2.12723e-35  9.26437e-33  5.31004e-37  1.40525e-33 -1.15837e-37  1.06582e-34  1.57306e-38  5.52811e-36  3.37635e-41  2.03406e-37 -2.23703e-40  5.12072e-39  7.28613e-42   7.4874e-41  8.05356e-43  3.44856e-43
-7.14544e-11 -4.75738e-25  2.09324e-09  4.66389e-24 -2.31917e-08 -1.32372e-23  1.49267e-07 -7.41273e-23 -6.38887e-07  9.07404e-22  1.93181e-06 -4.75719e-21 -4.23343e-06  1.66746e-20  6.72598e-06 -4.33674e-20 -7.51555e-06  8.66893e-20  5.35797e-06 -1.33545e-19 -1.59413e-06  1.54236e-19 -8.61916e-07 -1.22098e-19  8.63229e-07  4.36319e-20  3.82649e-08  3.72152e-20 -2.67157e-07 -7.61298e-20   2.7633e-09  6.71196e-20  7.55484e-08 -3.68865e-20  7.21172e-09  1.02401e-20 -1.85453e-08  5.49954e-21 -5.93837e-09 -1.10835e-20  2.85756e-09  8.80824e-21  2.24995e-09 -4.06675e-21  1.48594e-10   1.8733e-21 -4.13961e-10 -1.92853e-21 -1.94472e-10  1.53324e-21 -3.74195e-12 -3.54818e-22  3.29157e-11  -3.6847e-22  1.54034e-11  3.48535e-22  1.87692e-12 -1.31038e-22 -1.40505e-12  2.82602e-23 -9.19638e-13 -8.14369e-24 -2.51592e-13  3.21226e-24 -7.68136e-15  2.45047e-25  2.44805e-14 -8.78695e-25  1.20973e-14  1.65943e-25   3.1734e-15  2.07606e-25  3.58585e-16 -1.37119e-25 -9.76142e-17  1.71492e-26 -6.76324e-17   1.9962e-26 -2.13831e-17   -9.408e-27 -4.45232e-18 -1.62243e-27 -5.49874e-19  1.67111e-27  1.39492e-20   6.8051e-30   2.8788e-20 -1.45542e-28   9.1217e-21 -5.40299e-30  1.92352e-21  1.13093e-29  3.05894e-22  4.71748e-30  3.64128e-23  2.13732e-31  2.74368e-24 -5.90492e-31 -2.87181e-26 -7.75795e-32 -5.19044e-26  3.68054e-32 -1.05512e-26   7.3846e-33 -1.43514e-27 -1.98513e-33 -1.51036e-28 -5.84951e-34 -1.27648e-29  6.75786e-35 -8.69228e-31  2.71014e-35 -4.68296e-32  9.79591e-37 -1.90554e-33  -3.4217e-38 -5.20991e-35  1.35135e-38 -5.69188e-37 -1.45888e-39  2.19093e-38 -2.15891e-40  1.11207e-39  7.12601e-42  1.66076e-41  3.28504e-43
 2.30079e-25 -9.40928e-10 -4.80521e-24  1.57275e-08  3.26557e-23 -1.33042e-07 -7.41273e-23  7.10965e-07 -3.52064e-22 -2.62485e-06  3.77674e-21  6.97853e-06 -1.77238e-20   -1.355e-05  5.64259e-20  1.90149e-05  -1.3456e-19 -1.83823e-05  2.47735e-19  1.05074e-05 -3.50916e-19 -1.11075e-06   3.6818e-19 -2.92456e-06 -2.53319e-19  1.41384e-06  5.26213e-20  5.92126e-07  1.16912e-19 -5.00252e-07 -1.72251e-19 -1.60982e-07  1.30901e-19   1.3253e-07 -6.34599e-20  6.04538e-08  1.35532e-20 -2.34115e-08  1.38732e-20  -2.0731e-08 -2.18199e-20 -2.56702e-10  1.47154e-20  4.66651e-09 -5.07514e-21  1.71418e-09  2.38464e-21 -3.11407e-10 -3.58808e-21 -4.64449e-10  2.81581e-21 -1.40064e-10 -4.80832e-22  1.98402e-11 -6.89841e-22  3.22458e-11  5.21396e-22  1.18464e-11 -1.54705e-22  8.49641e-13   2.6929e-23 -1.21486e-12 -1.17404e-23 -6.82418e-13  5.15431e-24 -1.78017e-13  7.97474e-25 -8.53809e-15 -1.63695e-24  1.40297e-14  3.34394e-25  7.15456e-15  3.08274e-25  1.98268e-15 -2.11596e-25  3.02444e-16   2.7793e-26 -1.30322e-17  3.25314e-26 -2.47386e-17 -1.50469e-26  -8.9831e-18 -3.00538e-27 -2.11058e-18  2.39544e-27  -3.4625e-19  1.59266e-28 -3.21538e-20 -2.01851e-28  2.16194e-21  -2.3555e-29   1.7164e-21  1.70229e-29  4.43322e-22  9.73134e-30  8.00647e-23  5.56316e-31  1.12271e-23 -9.50984e-31  1.23669e-24 -1.35758e-31    1.013e-25  5.73563e-32  4.68962e-27  1.25721e-32 -2.06042e-28 -2.78713e-33 -7.46393e-29 -8.13353e-34 -9.68384e-30  7.49987e-35 -8.69378e-31  2.99644e-35 -5.94754e-32  1.60436e-36 -3.15827e-33  9.13158e-38 -1.28509e-34  9.93499e-39 -3.84702e-36 -2.44282e-39 -7.74938e-38 -1.69755e-40 -8.74216e-40  4.62543e-42 -3.97595e-42
 2.60398e-10  3.07256e-24 -8.02609e-09 -3.63511e-23   9.3805e-08  1.87476e-22 -6.38887e-07 -3.52064e-22  2.90497e-06 -1.44335e-21 -9.37876e-06  1.37183e-20  2.21005e-05 -5.80788e-20 -3.81651e-05  1.68969e-19  4.72451e-05 -3.71279e-19 -3.90164e-05   6.3184e-19  1.66351e-05 -8.24371e-19    2.773e-06  7.83869e-19 -6.86132e-06 -4.59172e-19  1.28631e-06  1.33089e-20  1.91062e-06   2.9315e-19 -5.64453e-07 -3.41079e-19 -5.61854e-07  2.26022e-19  1.16338e-07 -9.78654e-20  1.69918e-07  1.49512e-20   4.0565e-09  2.94953e-20 -4.15336e-08 -3.89078e-20 -1.32944e-08  2.13691e-20   5.0468e-09 -4.12026e-21  4.73824e-09  2.61104e-21   8.1957e-10 -6.39873e-21 -5.86992e-10  4.70475e-21 -4.06367e-10 -4.83678e-22 -7.98339e-11 -1.16191e-21  3.00033e-11  6.87318e-22  2.63231e-11 -1.47666e-22  8.11865e-12  2.05939e-23  3.18156e-13 -1.78991e-23 -8.63517e-13  7.88306e-24 -4.44312e-13  1.59553e-24 -1.15052e-13 -2.66815e-24 -9.12892e-15  5.99714e-25  6.29683e-15  4.14554e-25  3.53833e-15 -3.09591e-25  1.04669e-15  4.69302e-26  1.94229e-16  4.94829e-26  1.34408e-17 -2.24495e-26 -5.63157e-18 -5.39585e-27 -2.77562e-18  3.15212e-27  -7.3869e-19  4.49039e-28 -1.40912e-19 -2.46417e-28 -1.95589e-20 -5.52178e-29 -1.62703e-21  2.46163e-29  5.78986e-23  1.74296e-29   5.3311e-23  1.26395e-30  1.21888e-23 -1.40513e-30  1.92352e-24 -2.11875e-31   2.3702e-25  8.46048e-32  2.34891e-26  1.90413e-32   1.8584e-27 -3.50202e-33  1.11933e-28 -1.02374e-33  4.35102e-30  6.35688e-35  8.66281e-33  2.88153e-35 -1.41993e-32  2.29953e-36 -1.26267e-33  2.22762e-37 -6.55033e-35   6.5872e-39 -2.23186e-36 -2.56024e-39 -4.69173e-38 -1.03595e-40 -4.82635e-40  1.88905e-42
-1.15819e-24  2.92272e-09  2.68311e-23 -5.15935e-08 -2.20107e-22  4.62216e-07  9.07404e-22 -2.62485e-06 -1.44335e-21  1.03429e-05  -5.1767e-21 -2.95188e-05  4.39818e-20  6.20413e-05 -1.69121e-19 -9.55043e-05  4.52162e-19  0.000103903 -9.19772e-19 -7.17523e-05  1.45185e-18   1.9142e-05 -1.74712e-18   1.3713e-05  1.49995e-18 -1.21974e-05 -7.23824e-19 -1.06371e-06 -1.48336e-19  4.03537e-06  6.23124e-19  7.27374e-08 -5.98041e-19 -1.18878e-06  3.49048e-19 -1.37785e-07 -1.38318e-19  3.01837e-07  1.31747e-20  1.02245e-07  5.59977e-20 -4.81756e-08  -6.3678e-20 -3.93714e-08  2.62493e-20 -2.63864e-09  9.92121e-22  7.53661e-09   2.6051e-21  3.57453e-09 -1.08868e-20  4.86387e-11  7.14129e-21 -6.34994e-10 -1.96053e-22 -2.97166e-10  -1.7675e-21 -3.50299e-11  7.92038e-22  2.86683e-11 -9.83761e-23  1.86191e-11  1.23433e-23  5.09337e-12 -2.73683e-23  1.38318e-13   1.1303e-23 -5.13364e-13  2.44419e-24 -2.54147e-13 -3.88808e-24 -6.72595e-14  9.99958e-25 -7.83162e-15  4.97646e-25   1.9809e-15 -4.32895e-25  1.41991e-15  7.95357e-26  4.55761e-16  7.17479e-26  9.68544e-17 -3.16919e-26  1.26442e-17 -9.26282e-27 -1.21101e-20  3.80375e-27  -5.4568e-19  9.17959e-28 -1.81585e-19 -2.66382e-28  -3.9164e-20 -1.00796e-28 -6.37048e-21  3.48348e-29 -7.89571e-22  2.81919e-29 -6.72623e-23  2.43242e-30 -1.61744e-24 -1.92543e-30   6.9583e-25 -2.93041e-31  1.64148e-25  1.18056e-31  2.31351e-26  2.62247e-32  2.45527e-27 -3.92901e-33    2.071e-28  -1.1902e-33  1.40312e-29  2.93274e-35  7.55138e-31  2.38444e-35  3.12729e-32  2.87253e-36  9.31515e-34   3.1545e-37  1.69242e-35  4.38286e-39  7.97376e-38 -1.95679e-39 -2.72885e-39 -4.48414e-41 -2.76512e-41
-6.59658e-10 -1.35474e-23  2.15106e-08  1.77968e-22 -2.66637e-07 -1.10821e-21  1.93181e-06  3.77674e-21 -9.37876e-06  -5.1767e-21  3.24873e-05 -1.64128e-20 -8.26841e-05  1.25569e-19  0.000155756 -4.41188e-19 -0.000213894  1.08982e-18  0.000203089 -2.06184e-18 -0.000112983  3.02899e-18  8.16862e-06 -3.36516e-18  3.51627e-05  2.59401e-18 -1.60069e-05 -9.74146e-19 -7.65304e-06 -5.40648e-19  6.11166e-06  1.15554e-18  2.12881e-06 -9.35542e-19 -1.71036e-06  4.87056e-19  -8.0909e-07 -1.84901e-19  3.20957e-07  7.61959e-21  2.87361e-07  9.83391e-20   7.6118e-10 -9.65046e-20 -6.83726e-08  2.49347e-20 -2.46093e-08  1.27023e-20  5.23876e-09  2.92331e-21  7.18926e-09 -1.75235e-20  2.09247e-09  9.81596e-21  -3.7212e-10  5.64729e-22 -5.29972e-10 -2.43312e-21 -1.89315e-10  7.79575e-22 -1.05207e-11 -7.36539e-24  2.14652e-11  7.03419e-24  1.16595e-11 -3.96339e-23  2.97683e-12  1.50924e-23  1.09339e-13   2.9226e-24 -2.54122e-13  -5.1268e-24 -1.26666e-13  1.58149e-24 -3.48947e-14  5.17752e-25 -5.31108e-15 -5.82009e-25  2.29366e-16  1.30815e-25  4.34836e-16  1.00497e-25  1.58263e-16 -4.27523e-26  3.74066e-17 -1.50952e-26   6.2365e-18  4.19912e-27  6.18989e-19  1.58735e-27 -2.27012e-20  -2.5456e-28 -2.66035e-20 -1.57503e-28 -7.10532e-21  4.88457e-29 -1.29914e-21  4.20439e-29 -1.84037e-22  4.03753e-30 -2.06465e-23 -2.46578e-30 -1.77562e-24 -3.59764e-31  -1.0054e-25  1.55624e-31 -4.05799e-28  3.34772e-32  7.33454e-28 -3.89597e-33  1.06589e-28 -1.30087e-33  9.68496e-30 -2.41629e-35  6.48205e-31  1.63471e-35  3.29315e-32  3.11803e-36   1.2528e-33  3.40025e-37  3.39967e-35  3.21832e-39  6.01577e-37 -1.10279e-39  5.82461e-39 -1.10316e-41
 4.19036e-24 -6.41582e-09 -1.04783e-22  1.20387e-07  9.55554e-22 -1.14941e-06 -4.75719e-21  6.97853e-06  1.37183e-20 -2.95188e-05 -1.64128e-20  9.09299e-05 -4.63776e-20 -0.000207866  3.21475e-19  0.000352236 -1.03778e-18 -0.000431136  2.38119e-18  0.000353102 -4.20998e-18 -0.000147233   5.7756e-18 -3.09269e-05 -5.92722e-18  6.69373e-05  4.06918e-18 -1.19787e-05 -1.06128e-18 -1.96491e-05 -1.28376e-18  5.88506e-06  1.89908e-18  6.00061e-06 -1.31112e-18 -1.33899e-06  6.22292e-19 -1.89911e-06 -2.43758e-19 -1.00954e-08 -2.46024e-21  4.95318e-07  1.63391e-19  1.49296e-07 -1.36045e-19 -6.80761e-08  1.13235e-20 -5.89683e-08   3.2796e-20  -8.7769e-09  4.79509e-21  8.30778e-09 -2.64688e-20  5.34109e-09  1.21455e-20  9.29801e-10  1.91686e-21 -4.72232e-10 -3.03219e-21 -3.71982e-10  6.15364e-22 -1.08544e-10  1.10637e-22  -1.0175e-12  8.89675e-24  1.33975e-11 -5.24783e-23  6.52901e-12  1.87276e-23  1.62753e-12  2.40405e-24  1.03965e-13 -6.15098e-24 -1.01745e-13  2.38961e-24 -5.40295e-14  4.31994e-25 -1.56818e-14 -7.55674e-25 -2.86735e-15  2.04863e-25 -1.89616e-16  1.36806e-25  8.56269e-17 -5.55545e-26  4.13606e-17 -2.32737e-26    1.094e-17  4.22626e-27  2.08597e-18   2.4449e-27  2.92501e-19 -2.13894e-28  2.57497e-20  -2.1984e-28 -3.13661e-22  6.80762e-29 -6.59187e-22  5.84693e-29 -1.55873e-22  5.88779e-30 -2.47014e-23 -2.97175e-30 -3.03488e-24 -3.93649e-31 -2.99822e-25  1.93718e-31 -2.38092e-26  4.02944e-32 -1.47389e-27 -3.32548e-33 -6.47871e-29 -1.35484e-33  -1.3203e-30 -8.58077e-35  6.73305e-32   8.1567e-36  8.11531e-33  2.92187e-36  4.16482e-34  2.96255e-37  1.27233e-35  2.46047e-39  2.21928e-37 -4.30525e-40  1.58608e-39
 1.18332e-09  4.37227e-23 -4.11539e-08 -6.21266e-22   5.4524e-07    4.306e-21 -4.23343e-06 -1.77238e-20  2.21005e-05  4.39818e-20 -8.26841e-05 -4.63776e-20  0.000228682 -1.17538e-19 -0.000472349  7.42016e-19  0.000721844  -2.2125e-18 -0.000785248  4.74186e-18   0.00054415 -7.87471e-18 -0.000143016  1.01235e-17 -0.000112696 -9.59732e-18  0.000100701  5.79928e-18  8.63176e-06 -7.68965e-19 -3.51922e-05 -2.46288e-18 -6.39652e-08  2.78933e-18  1.09326e-05 -1.64731e-18  9.97976e-07  7.43525e-19 -2.97849e-06 -3.30034e-19 -9.15842e-07 -2.04322e-20  5.38187e-07  2.60032e-19  3.96333e-07 -1.78405e-19  9.66643e-09 -2.13445e-20 -8.60125e-08  6.12856e-20  -3.7113e-08  1.00058e-20  1.46307e-09 -3.72872e-20  7.73661e-09  1.33757e-20  3.31376e-09   3.8253e-21  2.66749e-10  -3.4173e-21 -3.92175e-10  3.05609e-22 -2.28742e-10  2.31221e-22 -5.76516e-11  1.95378e-23  8.95923e-13 -6.21924e-23   7.1169e-12  2.15146e-23  3.27027e-12  1.55084e-25  8.23797e-13 -6.71007e-24  8.25304e-14  3.45251e-24 -3.03638e-14  2.05086e-25 -1.91318e-14 -9.50413e-25 -5.93469e-15  3.03177e-25 -1.23301e-15  1.80938e-25 -1.56363e-16 -7.01004e-26   1.2997e-18 -3.39073e-26  7.05357e-18  3.86948e-27  2.29109e-18  3.44017e-27  4.87905e-19 -1.59301e-28  7.87742e-20 -2.80714e-28  9.77083e-21  9.37582e-29  8.55936e-22  7.62639e-29  2.95234e-23  7.62915e-30 -6.33091e-24 -3.39827e-30 -1.62888e-24 -3.86217e-31  -2.3027e-25  2.27972e-31 -2.40671e-26  4.63905e-32 -1.98215e-27 -2.27295e-33 -1.30396e-28 -1.35351e-33 -6.78813e-30 -1.40504e-34 -2.71846e-31  9.76564e-37  -7.9327e-33   2.3311e-36 -1.52405e-34  2.10548e-37 -1.52755e-36  1.66198e-39 -7.61205e-40 -9.50146e-41
-1.13462e-23  9.99956e-09  3.03913e-22 -2.01443e-07 -3.00481e-21  2.06905e-06  1.66746e-20   -1.355e-05 -5.80788e-20  6.20413e-05  1.25569e-19 -0.000207866 -1.17538e-19   0.00052041 -2.68452e-19 -0.000976111  1.55029e-18   0.00134721 -4.29249e-18  -0.00129546  8.64579e-18  0.000735045 -1.35622e-17 -5.53535e-05  1.63972e-17 -0.000241846 -1.43514e-17   0.00011703  7.50052e-18  5.30953e-05  1.39843e-19 -4.74496e-05   -4.069e-18 -1.48033e-05  3.67142e-18  1.43203e-05  -1.8488e-18  6.02161e-06  8.60162e-19  -3.0684e-06 -4.66605e-19 -2.37164e-06 -5.56992e-20  1.39661e-07  3.97906e-19  6.39626e-07 -2.16518e-19  1.97387e-07  -7.8678e-20 -6.71425e-08  9.55139e-20  -7.0196e-08  2.03992e-20  -1.7287e-08 -4.87749e-20  5.41957e-09  1.28139e-20  5.61558e-09  6.05197e-21  1.78613e-09 -3.47486e-21 -5.28594e-12 -9.90401e-23 -2.60081e-10  3.29317e-22 -1.26077e-10  3.78898e-23  -2.9026e-11 -6.42757e-23  4.01351e-13  2.26226e-23  3.21656e-12 -4.50423e-24   1.4524e-12 -6.59302e-24   3.7783e-13   4.7638e-24  5.17645e-14 -1.81375e-25 -4.86475e-15 -1.16044e-24 -5.32348e-15  4.23376e-25 -1.82529e-15  2.31285e-25 -4.17922e-16 -8.66765e-26 -6.77658e-17 -4.66905e-26 -6.43365e-18  3.24693e-27  3.06284e-19  4.49009e-27  2.92248e-19 -1.15447e-28  7.57066e-20 -3.32454e-28  1.35658e-20  1.26303e-28  1.89077e-21  9.35413e-29  2.09656e-22  8.81156e-30   1.8023e-23 -3.72803e-30  1.06774e-24 -3.43836e-31  1.83504e-26  2.54367e-31 -4.97635e-27   5.1589e-32  -7.7535e-28 -9.16577e-34 -6.91791e-29 -1.29414e-33 -4.41923e-30 -1.74758e-34 -2.09668e-31 -4.08718e-36   -7.266e-33  1.53908e-36 -1.73816e-34  1.19579e-37 -2.52417e-36  8.46779e-40 -1.41764e-38
-1.48199e-09 -1.06697e-22  5.57203e-08  1.62954e-21  -7.9899e-07 -1.22784e-20  6.72598e-06  5.64259e-20 -3.81651e-05 -1.69121e-19  0.000155756  3.21475e-19 -0.000472349 -2.68452e-19   0.00107819 -5.54348e-19  -0.00184412  2.93952e-18   0.00229934 -7.60119e-18  -0.00193686  1.44902e-17  0.000846736 -2.16078e-17  0.000161281  2.46623e-17 -0.000401588 -1.98988e-17  8.75769e-05  8.75564e-18  0.000120909  1.84438e-18 -4.46835e-05 -5.95193e-18 -3.84048e-05  4.31375e-18  1.18818e-05 -1.83416e-18  1.31495e-05  1.01178e-18  -8.9413e-07 -6.77278e-19 -3.85863e-06 -1.26033e-19 -9.08719e-07  5.84368e-19  6.60865e-07 -2.40184e-19  4.62946e-07 -1.62915e-19  3.76325e-08  1.29977e-19 -8.24141e-08  3.70888e-20 -4.44654e-08 -5.90397e-20 -5.12169e-09  1.01234e-20   5.3973e-09  8.18649e-21  3.45606e-09 -3.17954e-21  8.64203e-10  -5.2095e-22 -6.66462e-11  3.87472e-22 -1.46178e-10   6.2279e-23 -6.30019e-11 -5.42362e-23 -1.39897e-11  2.11774e-23 -1.86852e-13 -1.20064e-23  1.21329e-12 -5.67208e-24  5.61925e-13  6.27209e-24  1.52771e-13  -7.2436e-25  2.58005e-14 -1.37804e-24  1.04097e-15  5.58384e-25 -1.02101e-15  2.83257e-25    -4.32e-16 -1.06051e-25 -1.08884e-16 -6.08476e-26  -2.0082e-17  2.60333e-27 -2.72812e-18  5.49029e-27  -2.2918e-19 -1.10212e-28  4.61183e-21  -3.6723e-28   6.1343e-21  1.64787e-28    1.392e-21  1.07993e-28  2.14087e-22  9.00296e-30  2.55859e-23 -3.97986e-30  2.46084e-24 -2.85485e-31  1.90607e-25  2.70209e-31  1.15892e-26  5.56282e-32  5.14489e-28  4.97991e-34  1.28872e-29 -1.17181e-33  -1.7931e-31 -1.81724e-34 -3.51371e-32 -6.67801e-36 -1.73338e-33  7.89871e-37 -4.64369e-35   5.1168e-38 -6.16358e-37  2.62985e-40
  2.3352e-23 -1.07268e-08  -6.7168e-22    2.362e-07  7.16618e-21 -2.65258e-06 -4.33674e-20  1.90149e-05  1.68969e-19 -9.55043e-05 -4.41188e-19  0.000352236  7.42016e-19 -0.000976111 -5.54348e-19   0.00204459 -1.03662e-18   -0.0032002  5.06356e-18   0.00360097 -1.23094e-17  -0.00261888  2.24009e-17  0.000771443 -3.19911e-17  0.000530569  3.46052e-17 -0.000546446  -2.5672e-17 -1.56021e-05  9.09739e-18  0.000197905  4.38267e-18  -1.3745e-05 -7.81376e-18 -6.53678e-05  4.45625e-18 -7.78066e-07 -1.57028e-18  1.97664e-05  1.26614e-18  4.40632e-06 -9.76186e-19   -4.319e-06 -2.56542e-19 -2.51111e-06  8.20141e-19  2.01366e-07 -2.37214e-19  6.75204e-07 -2.70986e-19   2.3453e-07   1.5717e-19 -4.04041e-08   5.9654e-20 -6.52065e-08 -6.58875e-20 -2.32207e-08  5.55481e-21  1.75342e-10  9.76584e-21  3.86259e-09  -2.6192e-21  1.87993e-09 -8.88352e-22  3.88895e-10  3.98446e-22 -5.12631e-11  9.30897e-23 -7.11388e-11 -2.82654e-23 -2.85858e-11  1.64649e-23 -6.39818e-12 -2.23389e-23  -3.5932e-13 -3.90897e-24  3.63574e-13  7.88541e-24  1.84164e-13 -1.39994e-24  5.28146e-14 -1.59398e-24  1.02517e-14  6.96323e-25  1.13948e-15  3.28566e-25 -6.47921e-17 -1.29525e-25 -6.99326e-17 -7.52103e-26 -2.06929e-17  2.24319e-27 -4.20316e-18  6.32582e-27 -6.54451e-19 -1.65453e-28  -7.8443e-20 -3.77068e-28  -6.6036e-21  2.06855e-28   -2.047e-22  1.17401e-28  4.97349e-23  7.91639e-30  1.20039e-23 -4.19908e-30  1.62458e-24 -2.34111e-31  1.62613e-25   2.7455e-31   1.2783e-26  5.80532e-32  7.98275e-28  1.73338e-33  3.91618e-29 -9.88059e-34  1.46452e-30 -1.63255e-34  3.94819e-32 -7.08208e-36   6.8834e-34  2.61316e-37  5.81214e-36  1.41456e-38    1.278e-39
 1.21089e-09  1.98637e-22 -5.06482e-08 -3.27522e-21  8.05787e-07   2.6752e-20 -7.51555e-06  -1.3456e-19  4.72451e-05  4.52162e-19 -0.000213894 -1.03778e-18  0.000721844  1.55029e-18  -0.00184412 -1.03662e-18   0.00356603 -1.75456e-18  -0.00512286  7.91615e-18   0.00518847 -1.82424e-17  -0.00318177   3.2042e-17  0.000401184 -4.42091e-17   0.00103029  4.55063e-17 -0.000606451 -3.09081e-17 -0.000205315  8.12989e-18  0.000254852  7.60167e-18  5.32987e-05 -9.25776e-18 -8.39619e-05  3.87955e-18 -2.54493e-05 -1.09359e-18  2.14161e-05  1.70358e-18  1.23586e-05 -1.35771e-18 -2.48941e-06 -4.74226e-19  -4.0898e-06   1.0952e-18 -8.69465e-07 -1.95798e-19  6.26291e-07 -3.93647e-19  4.61849e-07  1.69359e-19  7.48102e-08  8.56847e-20 -5.66299e-08 -6.74373e-20 -4.10298e-08 -5.76208e-24 -1.02859e-08  1.04451e-20  1.50038e-09 -1.97123e-21  2.27889e-09 -1.16826e-21  9.26777e-10  3.60969e-22  1.69108e-10  1.33832e-22 -2.51735e-11  1.60733e-23 -3.00533e-11  8.18415e-24 -1.16828e-11 -3.48886e-23 -2.70865e-12 -1.31485e-24 -2.75542e-13  9.49287e-24  7.54361e-14 -2.16611e-24  4.88812e-14 -1.79679e-24  1.50691e-14  8.21405e-25  3.22252e-15  3.55524e-25  4.83931e-16 -1.58704e-25  3.78756e-17 -8.84234e-26 -4.52037e-18  2.41241e-27 -2.50723e-18  6.87778e-27 -5.93481e-19 -2.88365e-28 -1.00973e-19 -3.54132e-28 -1.34995e-20  2.49158e-28  -1.4398e-21  1.20243e-28 -1.18978e-22  5.50706e-30 -6.74962e-24 -4.43128e-30 -1.07644e-25 -2.06154e-31  2.92084e-26  2.67962e-31  4.28015e-27  5.83052e-32  3.57453e-28  2.62311e-33  2.11218e-29 -7.59222e-34  9.10343e-31 -1.28171e-34  2.78179e-32 -5.98615e-36  5.51116e-34 -6.14023e-40  5.54512e-36   1.2641e-39
-3.62915e-23  7.09784e-09  1.13404e-21 -1.78525e-07 -1.31444e-20  2.27289e-06  8.66893e-20 -1.83823e-05 -3.71279e-19  0.000103903  1.08982e-18 -0.000431136  -2.2125e-18   0.00134721  2.93952e-18   -0.0032002 -1.75456e-18   0.00574607 -2.67849e-18  -0.00759474  1.11859e-17   0.00689078 -2.47193e-17  -0.00342162  4.25289e-17 -0.000330326 -5.72826e-17   0.00157887  5.63366e-17 -0.000505542 -3.48073e-17 -0.000465108  5.64484e-18  0.000253568  1.11711e-17  0.000151959 -9.88341e-18 -7.89097e-05  2.46926e-18 -5.86329e-05 -5.07101e-19  1.32988e-05   2.3922e-18  2.05494e-05 -1.79164e-18  2.40565e-06 -7.99255e-19 -4.63997e-06  1.38689e-18 -2.36717e-06 -1.07681e-19  1.29537e-07 -5.16216e-19  5.86643e-07  1.60785e-19  2.41801e-07  1.10952e-19 -6.06503e-10 -6.27608e-20 -4.47396e-08 -5.22826e-21 -2.20766e-08  1.01486e-20 -3.94817e-09 -1.43423e-21  1.25844e-09 -1.38236e-21  1.16322e-09  2.72369e-22  4.20135e-10  1.89397e-22  7.30244e-11  7.88606e-23 -8.55734e-12 -3.42623e-24 -1.08879e-11 -4.84014e-23 -4.22824e-12  2.11221e-24 -1.02729e-12  1.09951e-23 -1.44939e-13 -2.96472e-24  4.21738e-15 -1.97045e-24  9.61992e-15  9.16133e-25  3.38195e-15  3.50845e-25  7.84508e-16 -1.94895e-25   1.3545e-16 -9.92179e-26  1.70022e-17  3.16478e-27  1.18664e-18   7.0283e-27 -8.62404e-20 -4.67135e-28 -4.65554e-20 -2.91947e-28 -9.46383e-21  2.88165e-28 -1.36634e-21  1.16149e-28 -1.55052e-22  2.00356e-30 -1.41977e-23 -4.69205e-30 -1.04597e-24   -2.049e-31 -6.03256e-26  2.51958e-31 -2.53488e-27  5.59711e-32 -6.09548e-29  3.09795e-33   5.7259e-31 -5.16898e-34  1.22404e-31 -8.79941e-35  5.27325e-33 -4.20424e-36  1.09989e-34  -6.4182e-38  7.87654e-37
-4.99086e-10  -2.7797e-22  2.57442e-08  5.02416e-21 -4.89799e-07 -4.49129e-20  5.35797e-06  2.47735e-19 -3.90164e-05 -9.19772e-19  0.000203089  2.38119e-18 -0.000785248 -4.29249e-18   0.00229934  5.06356e-18  -0.00512286 -2.67849e-18   0.00859031 -3.65556e-18   -0.0104668  1.41513e-17   0.00844274 -3.05279e-17  -0.00314253  5.25226e-17   -0.0014082 -6.99202e-17   0.00204313  6.59615e-17 -0.000189767 -3.67227e-17 -0.000743546    1.687e-18  0.000160052  1.46648e-17  0.000261425 -9.39558e-18  -3.7246e-05  2.50005e-19 -9.05516e-05  4.69909e-20 -7.26033e-06  3.36312e-18  2.48994e-05 -2.22615e-18  9.88921e-06 -1.23601e-18 -3.10246e-06  1.66169e-18 -3.71427e-06  2.87604e-20 -8.38362e-07 -6.20952e-19  4.52951e-07  1.29552e-19  3.87848e-07  1.30253e-19  9.91948e-08 -5.23077e-20 -2.15438e-08 -8.72223e-21 -2.75971e-08  9.13234e-21 -1.05763e-08 -1.14304e-21 -1.36033e-09 -1.59641e-21  7.20878e-10  1.24288e-22  5.23689e-10  2.62293e-22  1.75864e-10  1.56575e-22  3.12211e-11 -1.77515e-23 -1.54997e-12 -6.11345e-23 -3.28343e-12  6.41809e-24 -1.32064e-12  1.23247e-23 -3.37219e-13 -3.72249e-24 -5.76654e-14 -2.09153e-24  -4.4525e-15  9.64763e-25  1.05115e-15  3.02958e-25  5.46953e-16 -2.38227e-25  1.41661e-16 -1.06663e-25  2.66548e-17  4.26997e-27  3.88998e-18  6.67014e-27  4.33594e-19 -6.73147e-28  3.23006e-20 -1.87581e-28  3.48259e-22  3.20911e-28 -3.58202e-22  1.05976e-28  -7.0864e-23 -2.14075e-30 -8.76753e-24 -4.95041e-30 -8.17196e-25 -2.20944e-31 -5.99447e-26  2.28426e-31 -3.47687e-27  5.10349e-32  -1.5686e-28  3.17475e-33 -5.30475e-30 -2.98696e-34 -1.25536e-31 -5.24314e-35 -1.81567e-33 -2.43739e-36 -1.18682e-35 -3.87004e-38
 4.08548e-23 -1.67329e-09 -1.42778e-21  6.20719e-08  1.83407e-20 -1.04198e-06 -1.33545e-19  1.05074e-05   6.3184e-19 -7.17523e-05 -2.06184e-18  0.000353102  4.74186e-18  -0.00129546 -7.60119e-18   0.00360097  7.91615e-18  -0.00759474 -3.65556e-18    0.0119649 -4.37359e-18    -0.013459  1.56983e-17   0.00953752 -3.41133e-17  -0.00222038   6.0518e-17  -0.00271818 -8.07972e-17    0.0022692  7.33879e-17  0.000345688 -3.63215e-17 -0.000962093  -3.4564e-18  -3.9943e-05  1.76832e-17  0.000347074 -7.68673e-18  4.47489e-05 -2.62258e-18 -0.000107033  4.27651e-19   -3.844e-05  4.59483e-18  2.10096e-05 -2.59773e-18  1.78483e-05  -1.7674e-18   1.0448e-06  1.88066e-18 -4.07663e-06  2.06615e-19 -2.03016e-06 -6.90533e-19 -2.76959e-08  7.85446e-20  4.09437e-07  1.38702e-19  2.07253e-07 -3.79402e-20  3.02967e-08 -9.47992e-21 -1.92447e-08  7.92168e-21 -1.44957e-08  -1.1065e-21 -4.64437e-09 -1.88706e-21 -4.55806e-10 -9.39937e-23  3.26019e-10  3.49303e-22  2.08682e-10  2.41194e-22  6.75038e-11 -3.42204e-23  1.27651e-11 -7.12217e-23   3.3022e-13  1.16384e-23 -7.73488e-13  1.34369e-23  -3.4302e-13  -4.3555e-24 -9.24571e-14 -2.12849e-24 -1.77728e-14  9.57328e-25  -2.2948e-15  2.06162e-25 -9.05478e-17 -2.86735e-25  4.85049e-17 -1.10316e-25  1.71839e-17  5.21579e-27  3.58967e-18  5.72596e-27  5.64962e-19 -8.69141e-28  7.07209e-20 -4.40488e-29  7.05404e-21  3.45294e-28  5.36851e-22  9.14528e-29  2.63303e-23  -6.3612e-30 -8.99198e-27 -5.13677e-30 -1.60397e-25 -2.38811e-31 -1.92697e-26  1.99344e-31  -1.4314e-27  4.39707e-32 -7.56268e-29  2.92583e-33 -2.86578e-30 -1.34225e-34 -7.39289e-32 -2.66845e-35 -1.13226e-33 -1.11429e-36 -6.75618e-36
-8.28083e-11   2.7554e-22 -3.71585e-10 -5.67877e-21  8.00073e-08   5.7026e-20 -1.59413e-06 -3.50916e-19  1.66351e-05  1.45185e-18 -0.000112983 -4.20998e-18   0.00054415  8.64579e-18  -0.00193686 -1.23094e-17   0.00518847  1.11859e-17   -0.0104668 -4.37359e-18     0.015592 -4.37514e-18   -0.0162084  1.45206e-17   0.00990497 -3.39766e-17  -0.00065274  6.52381e-17  -0.00406147 -8.88448e-17   0.00212723  7.79778e-17   0.00104293  -3.3669e-17  -0.00103579 -9.33667e-18 -0.000329692  1.99686e-17  0.000369748 -4.86264e-18  0.000156734 -5.90458e-18  -9.4128e-05  5.32388e-19 -7.29606e-05  6.01169e-18  6.18969e-06 -2.84461e-18  2.28963e-05 -2.35486e-18  7.25333e-06   2.0073e-18 -2.71516e-06  4.10498e-19 -2.94201e-06   -7.117e-19 -7.87455e-07  1.50496e-20  2.23636e-07  1.33069e-19  2.63882e-07 -2.25433e-20  9.46431e-08 -7.21493e-21  5.11641e-09  7.14192e-21 -1.17516e-08 -1.19894e-21 -6.73177e-09 -2.30164e-21 -1.90989e-09  -3.8511e-22 -1.68601e-10  4.40983e-22  1.19561e-10  3.20593e-22  7.29675e-11 -5.26924e-23  2.33519e-11  -7.7162e-23  4.75883e-12  1.76507e-23  4.24253e-13   1.4266e-23 -1.18912e-13 -4.78259e-24 -6.98055e-14 -2.04657e-24 -2.03025e-14   8.9287e-25 -4.21958e-15  6.42709e-26 -6.56919e-16 -3.35838e-25 -7.06471e-17 -1.10247e-25 -2.59918e-18  5.32545e-27  9.48009e-19  4.17565e-27  2.89002e-19 -1.01991e-27  5.08317e-20  1.28217e-28  6.71567e-21  3.59809e-28  7.08115e-22  7.45708e-29   6.0402e-23 -1.01205e-29  4.12564e-24 -5.17275e-30  2.17743e-25 -2.45375e-31   8.1097e-27  1.66748e-31  1.50432e-28  3.56315e-32 -3.65759e-30  2.45059e-33 -3.70653e-31 -3.45388e-35 -1.20676e-32 -1.12798e-35 -1.71084e-34 -3.50895e-37
-2.86474e-23 -1.32675e-09  1.23298e-21  2.13604e-08 -1.85395e-20 -8.81376e-08  1.54236e-19 -1.11075e-06 -8.24371e-19   1.9142e-05  3.02899e-18 -0.000147233 -7.87471e-18  0.000735045  1.44902e-17  -0.00261888 -1.82424e-17   0.00689078  1.41513e-17    -0.013459 -4.37514e-18    0.0190948 -3.14462e-18   -0.0183521  9.49261e-18   0.00938776 -2.91652e-17   0.00142658  6.59779e-17  -0.00520026 -9.34469e-17   0.00155313  7.95717e-17   0.00178853 -2.92185e-17 -0.000899626 -1.54622e-17 -0.000660179  2.14705e-17  0.000298833 -1.20646e-18  0.000274268 -9.32044e-18 -4.38593e-05  3.18779e-19 -9.93718e-05  7.49606e-18 -1.86986e-05 -2.91951e-18  2.15106e-05  -2.9441e-18  1.37514e-05  2.01537e-18  5.81782e-07   6.1874e-19 -2.98425e-06 -6.78067e-19 -1.57338e-06 -5.07862e-20 -1.72323e-07  1.12737e-19  2.12346e-07  -9.3247e-21  1.40234e-07 -2.47143e-21  3.83341e-08  7.30356e-21 -1.07548e-09 -1.21274e-21 -5.80153e-09 -2.83049e-21 -2.81245e-09   -7.318e-22 -7.43225e-10  5.24798e-22 -7.25634e-11  3.80854e-22  3.46428e-11 -7.34289e-23  2.19266e-11 -7.82454e-23  7.09493e-12  2.39953e-23  1.54733e-12  1.46676e-23  2.07743e-13 -4.94806e-24  -6.1766e-16 -1.81893e-24 -9.76143e-15  7.80594e-25 -3.35115e-15 -1.07724e-25  -7.4988e-16 -3.78583e-25  -1.2761e-16 -1.06936e-25 -1.69009e-17  3.96334e-27 -1.65477e-18  2.08349e-27 -9.03166e-20   -1.101e-27  5.24055e-21  3.11795e-28  2.18268e-21  3.63014e-28  3.41635e-22  5.70072e-29  3.74888e-23 -1.30244e-29  3.17874e-24 -5.00633e-30   2.1306e-25 -2.35318e-31  1.12306e-26  1.32806e-31  4.54207e-28  2.70116e-32  1.34389e-29  1.85864e-33  2.67152e-31  9.08662e-36  3.03173e-33 -3.76149e-36  1.24601e-35
 1.83007e-10 -1.52962e-22 -7.78352e-09  4.20127e-21  1.15577e-07 -5.12434e-20 -8.61916e-07   3.6818e-19    2.773e-06 -1.74712e-18  8.16862e-06   5.7756e-18 -0.000143016 -1.35622e-17  0.000846736  2.24009e-17  -0.00318177 -2.47193e-17   0.00844274  1.56983e-17   -0.0162084 -3.14462e-18    0.0220824 -2.63305e-19   -0.0196191  1.12051e-19   0.00798574 -1.96674e-17   0.00377576  6.27505e-17  -0.00591757 -9.44834e-17  0.000571115  7.84998e-17   0.00243966 -2.37146e-17 -0.000530604 -2.14109e-17 -0.000960106  2.23364e-17  0.000124146  2.89914e-18   0.00036424 -1.26114e-17  4.12498e-05 -1.93854e-19 -0.000105435  8.90924e-18 -4.85171e-05 -2.79832e-18  1.15631e-05 -3.47504e-18  1.79579e-05  1.89447e-18  5.20261e-06  8.07128e-19 -1.75834e-06 -5.91419e-19 -2.01603e-06 -1.08161e-19 -6.68644e-07  7.99802e-20  3.40325e-08 -1.01546e-21  1.34433e-07  3.53511e-21  6.51362e-08  8.62145e-21  1.42979e-08 -9.51541e-22 -1.34326e-09 -3.40558e-21  -2.4289e-09 -1.09166e-21  -1.0614e-09  5.90297e-22 -2.72338e-10  4.10165e-22 -3.27073e-11 -9.64676e-23   7.0955e-12 -7.47233e-23  5.45692e-12  2.97762e-23  1.83085e-12  1.43862e-23   4.2231e-13 -4.84655e-24  6.89892e-14 -1.44083e-24  6.33379e-15  6.38474e-25 -4.79959e-16 -2.84993e-25 -3.60702e-16 -4.06812e-25 -9.33341e-17  -1.0111e-25 -1.70076e-17  7.62423e-28 -2.42674e-18 -3.86733e-28 -2.77398e-19   -1.102e-27 -2.49626e-20  4.84879e-28 -1.63246e-21  3.53279e-28 -5.29945e-23   3.9847e-29  3.59662e-24 -1.48778e-29  7.63313e-25 -4.63375e-30  7.16808e-26 -2.11332e-31  4.56735e-27  9.98013e-32  2.09192e-28    1.901e-32  6.74615e-30   1.2586e-33  1.41228e-31  1.72434e-35  1.55504e-33 -8.71356e-37
  2.0393e-24  9.69736e-10 -4.91633e-22 -2.78021e-08  1.14378e-20  3.74243e-07 -1.22098e-19 -2.92456e-06  7.83869e-19   1.3713e-05 -3.36516e-18 -3.09269e-05  1.01235e-17 -5.53535e-05 -2.16078e-17  0.000771443   3.2042e-17  -0.00342162 -3.05279e-17   0.00953752  1.45206e-17   -0.0183521 -2.63305e-19     0.024245  4.40827e-18   -0.0198947 -1.31512e-17    0.0058522 -6.52794e-18   0.00610494  5.61736e-17  -0.00606951 -9.22392e-17 -0.000710672  7.54957e-17   0.00285968 -1.80387e-17  4.25962e-05 -2.68993e-17  -0.00115388  2.28351e-17 -0.000137966  7.05869e-18  0.000394105 -1.55627e-17   0.00014689 -9.38239e-19 -8.24607e-05  1.01154e-17 -7.47698e-05 -2.48326e-18 -6.40319e-06 -3.89274e-18  1.73845e-05  1.65186e-18  9.74251e-06  9.53161e-19  6.84604e-07 -4.61279e-19 -1.78312e-06 -1.47857e-19 -1.06538e-06  3.95224e-20 -2.28302e-07  8.01382e-22  6.21682e-08  9.28989e-21  6.89707e-08   1.0934e-20  2.73227e-08 -3.25253e-22  5.12826e-09 -3.92682e-21 -6.42561e-10 -1.40402e-21 -8.71996e-10  6.33292e-22 -3.59184e-10  4.02917e-22 -9.20692e-11 -1.20643e-22  -1.3533e-11 -6.76453e-23   5.2703e-13  3.37407e-23  1.04847e-12  1.30859e-23  3.83709e-13 -4.53743e-24  9.31905e-14 -9.40334e-25   1.6875e-14   4.8998e-25  2.22813e-15 -4.37217e-25  1.66382e-16 -4.13017e-25 -1.11175e-17 -9.35536e-26 -6.70251e-18   -4.207e-27 -1.43576e-18 -2.97789e-27 -2.17334e-19 -1.02437e-27  -2.5843e-20  6.25511e-28 -2.48332e-21  3.29174e-28 -1.92783e-22  2.36667e-29 -1.18284e-23 -1.56726e-29 -5.42393e-25 -4.09787e-30 -1.58507e-26 -1.80246e-31   -7.577e-29  6.99427e-32  1.84659e-29  1.22759e-32  9.48337e-31  7.42767e-34  2.16602e-32  1.10044e-35  1.78393e-34
