 1.99329e-11 -1.87241e-26 -3.90915e-10  5.59125e-25  2.81392e-09 -5.82062e-24 -1.13202e-08  3.81053e-23  2.87305e-08 -1.80473e-22 -4.76652e-08  6.54176e-22  5.03115e-08 -1.89703e-21 -2.89806e-08  4.56597e-21  1.98322e-09 -9.22975e-21  7.71854e-09  1.53703e-20 -2.17362e-09  -2.0255e-20 -1.97866e-09  1.99694e-20  5.22405e-10 -1.34342e-20  5.79911e-10  4.93341e-21  -1.8757e-11 -3.17585e-22  -1.4594e-10  7.24944e-22  -4.0653e-11 -2.35689e-21   1.8516e-11  2.10389e-21  1.59668e-11 -5.92001e-22  2.87142e-12 -3.05964e-22 -1.87094e-12  2.34607e-22 -1.40898e-12  4.11725e-23 -3.43847e-13 -8.32698e-23  6.89843e-14  1.14637e-23   8.9887e-14   1.5144e-23  3.53364e-14 -3.50144e-24  5.28599e-15 -2.81651e-24  -2.0288e-15  8.99244e-25 -1.70588e-15   4.1083e-25 -6.29806e-16 -2.55097e-25 -1.29946e-16  8.65627e-27 -1.81745e-19  3.41415e-26  1.22395e-17  4.11678e-27  5.87155e-18 -8.11639e-27   1.7521e-18 -2.85249e-27   3.5973e-19  8.69836e-28   3.9232e-20  7.47284e-28 -5.66845e-21  7.81589e-29 -4.56484e-21 -6.33164e-29 -1.51934e-21 -2.62053e-29 -3.65944e-22 -3.86634e-30 -6.96212e-23  8.51753e-31 -1.04426e-23  5.08555e-31 -1.11664e-24  1.44328e-31 -3.89812e-26  3.67107e-32  1.77916e-26  1.16758e-32  5.84667e-27  3.83122e-33  1.16673e-27  4.64508e-34   1.8217e-28  -1.5999e-34  2.37428e-29 -9.96079e-35  2.64268e-30 -3.36615e-35  2.52799e-31 -8.20077e-36   2.0709e-32 -1.34729e-36    1.434e-33 -1.43717e-37  8.17214e-35 -8.95245e-39   3.6288e-36  3.05694e-40  1.06923e-37  1.82106e-40  4.66229e-40  2.46001e-41 -1.60264e-40  1.90152e-42 -1.03653e-41  1.02999e-43 -3.67159e-43  3.80563e-45 -7.90296e-45  7.41906e-47 -8.70533e-47  4.77821e-49
-1.87241e-26   5.7443e-10 -2.65139e-25 -6.35679e-09   5.5284e-24  3.44524e-08 -4.63876e-23 -1.12975e-07  2.60241e-22  2.40964e-07 -1.07419e-21 -3.37376e-07  3.39199e-21  2.91762e-07 -8.68586e-21 -1.17234e-07  1.92263e-20 -2.81674e-08 -3.75024e-20  4.33421e-08  6.18667e-20  1.02138e-09 -8.06269e-20 -1.21268e-08  7.67413e-20 -1.02034e-09 -4.67477e-20  3.02537e-09  1.09705e-20  9.08318e-10  5.81909e-21  -4.8792e-10 -1.31036e-21 -3.70294e-10 -7.01306e-21 -2.53822e-11   6.9344e-21  6.95571e-11 -1.78612e-21  3.50211e-11 -1.16969e-21   2.1883e-12  8.14807e-22  -5.5112e-12  1.30464e-22 -3.07243e-12 -2.60722e-22 -6.05212e-13  2.98585e-23  1.81812e-13  4.65623e-23   1.8402e-13 -8.35848e-24   6.9146e-14 -8.29591e-24   1.1247e-14  2.20363e-24 -2.80974e-15  9.45396e-25  -2.7353e-15 -7.20232e-25 -1.07345e-15  1.22893e-25 -2.57715e-16  1.24638e-25 -2.56382e-17 -4.85664e-30   9.9107e-18  -3.1706e-26  6.62411e-18  -1.0129e-26  2.26986e-18  3.02537e-27   5.5325e-19  2.70054e-27  9.65602e-20  3.91574e-28   8.9312e-21 -1.77668e-28 -1.30675e-21 -9.52425e-29 -8.90346e-22 -1.95895e-29 -2.66223e-22  6.82066e-31 -5.87398e-23  1.55955e-30 -1.04893e-23  6.26866e-31 -1.54752e-24  1.98348e-31 -1.85146e-25  6.39089e-32 -1.64428e-26  1.72886e-32 -6.62499e-28  1.77371e-33   1.1183e-28 -6.26145e-34  3.36425e-29 -3.60301e-34  5.44734e-30 -1.13079e-34   6.7077e-31 -2.54744e-35  6.77794e-32 -3.95184e-36  5.76238e-33 -4.17424e-37  4.14934e-34 -2.88099e-38  2.52187e-35 -1.61755e-40  1.27902e-36  2.90408e-40  5.30677e-38  3.93394e-41  1.75777e-39  2.82382e-42  4.40604e-41  1.36727e-43  7.88787e-43  4.21528e-45  8.19221e-45  5.98064e-47  3.00606e-47
-3.90915e-10 -2.65139e-25  8.10665e-09  -2.1624e-24 -6.19721e-08  3.44049e-23  2.66284e-07 -2.45075e-22  -7.2772e-07   1.2247e-21  1.31687e-06 -4.44455e-21 -1.55398e-06  1.19186e-20  1.07292e-06 -2.57042e-20  -2.3101e-07   5.0838e-20 -2.23741e-07 -9.72767e-20  1.27185e-07  1.64844e-19  4.90506e-08 -2.19069e-19 -3.59534e-08  2.05857e-19 -1.64873e-08  -1.1567e-19  6.67116e-09  1.33634e-20  5.73279e-09  2.86803e-20  3.57977e-11 -1.01658e-20 -1.32993e-09 -1.54915e-20 -5.08802e-10  1.64077e-20  7.71762e-11 -3.98231e-21  1.38127e-10 -2.86305e-21  4.84637e-11   1.8919e-21 -2.49241e-12  2.97129e-22 -9.77572e-12 -5.68451e-22  -4.5059e-12  5.05871e-23 -7.61241e-13  9.77192e-23  2.76847e-13 -1.05497e-23  2.49547e-13 -1.61662e-23  9.27756e-14  3.08762e-24  1.71697e-14  9.00113e-25 -1.83878e-15 -1.40099e-24 -2.74534e-15  5.70067e-25 -1.17597e-15   3.4137e-25 -3.19967e-16 -3.14644e-26 -5.28323e-17 -8.94458e-26  2.98942e-19 -2.71728e-26  3.86028e-18  7.09231e-27  1.65196e-18  6.93411e-27   4.6404e-19  1.31322e-27  9.88257e-20  -3.1633e-28  1.58634e-20 -2.38315e-28  1.59009e-21 -6.25002e-29 -5.32822e-23 -3.83195e-30 -7.25612e-23  3.29179e-30 -2.13645e-23  1.83557e-30 -4.43709e-24   6.6644e-31 -7.44088e-25  2.14035e-31 -1.04902e-25  5.18898e-32 -1.25633e-26  4.92599e-33 -1.26804e-27 -1.55919e-33 -1.04479e-28 -8.65341e-34 -6.39817e-30 -2.56084e-34 -1.83119e-31 -5.38602e-35  1.81404e-32 -7.92251e-36  3.67261e-33 -8.24297e-37   3.7789e-34  -6.0191e-38   2.8311e-35 -1.66763e-39  1.64903e-36  2.71384e-40  7.54458e-38  3.97344e-41  2.65278e-39  2.65524e-42   6.8513e-41   1.1288e-43  1.19037e-42   2.7606e-45  1.08761e-44  2.32069e-47
 5.59125e-25 -6.35679e-09  -2.1624e-24  7.46868e-08 -1.21868e-23  -4.3187e-07  1.55304e-22  1.52099e-06 -1.00571e-21 -3.51842e-06   4.7397e-21  5.43148e-06  -1.5404e-20 -5.36491e-06  3.41335e-20  2.81085e-06 -5.67276e-20  3.84665e-08  9.18894e-20 -8.73714e-07 -1.77343e-19  1.77009e-07  3.30997e-19  2.38568e-07 -4.69071e-19 -4.41858e-08  4.46249e-19 -7.00062e-08 -2.36549e-19  -1.5679e-09  4.57866e-21  1.73591e-08  7.97783e-20  5.67853e-09 -2.94369e-20 -2.07624e-09 -2.89119e-20 -2.07948e-09  3.14662e-20 -4.27854e-10 -7.37912e-21  2.34485e-10 -5.35852e-21  1.92992e-10  3.47321e-21  5.02266e-11  5.43784e-22 -8.79621e-12 -9.96183e-22 -1.27927e-11  5.19656e-23 -5.21153e-12  1.62855e-22 -8.21814e-13  9.21566e-25  2.91904e-13 -2.29602e-23   2.5739e-13  1.17862e-24  9.72983e-14 -1.53176e-24  2.06614e-14 -2.15296e-24  2.34712e-16  1.75631e-24  -1.8753e-15  7.99756e-25 -9.24857e-16 -1.13931e-25  -2.8148e-16 -2.07306e-25 -5.93223e-17 -6.28997e-26 -6.99349e-18  1.25175e-26  7.09448e-19  1.44558e-26  6.89362e-19  3.40606e-27  2.37016e-19 -3.63464e-28  5.81973e-20 -4.73153e-28   1.1292e-20 -1.51107e-28   1.7463e-21 -1.76658e-29  2.00909e-22  5.79801e-30  1.14836e-23  4.32712e-30 -1.78297e-24  1.70334e-30 -7.45333e-25  5.37331e-31 -1.56448e-25  1.20852e-31 -2.48688e-26  1.12388e-32 -3.26196e-27 -2.88521e-33 -3.63586e-28 -1.59957e-33 -3.47761e-29 -4.51303e-34 -2.85308e-30 -8.92344e-35 -1.99138e-31 -1.24756e-35 -1.16278e-32 -1.27002e-36 -5.50787e-34 -9.48219e-38 -1.99245e-35 -3.76684e-39 -4.70033e-37  1.39179e-40 -2.22076e-39  2.82532e-41  3.35644e-40  1.78372e-42  1.46279e-41  6.51416e-44  2.78916e-43  1.15941e-45  1.86471e-45
 2.81392e-09   5.5284e-24 -6.19721e-08 -1.21868e-23  5.05274e-07 -4.87358e-23 -2.32846e-06  5.12704e-22  6.87789e-06 -3.38926e-21 -1.36147e-05  1.62476e-20  1.79606e-05 -4.87275e-20  -1.4631e-05  8.88868e-20  5.19716e-06 -1.00231e-19  1.95845e-06  9.82386e-20 -2.23742e-06 -2.08141e-19 -2.00948e-07  5.16392e-19  6.63413e-07 -8.39424e-19  9.11441e-08  8.30446e-19 -1.69073e-07  -4.2437e-19 -5.92828e-08 -2.06662e-20  2.70548e-08  1.64421e-19  2.31359e-08 -5.87573e-20  2.05951e-09 -4.72644e-20 -4.36498e-09  5.10036e-20 -2.31676e-09 -1.19297e-20 -1.63142e-10 -8.21869e-21  3.71923e-10  5.44755e-21  2.12822e-10  8.57329e-22  4.24593e-11 -1.50278e-21 -1.32217e-11 -1.44236e-23 -1.34313e-11   2.3046e-22 -5.08029e-12  4.58629e-23 -8.19786e-13 -2.16484e-23  2.21019e-13 -7.68869e-24  2.11105e-13 -9.34581e-24  8.30275e-14 -2.76224e-24  1.99982e-14   4.2406e-24  1.98124e-15  1.67635e-24 -7.87488e-16 -2.57246e-25 -5.25877e-16 -4.14056e-25 -1.81004e-16 -1.30386e-25 -4.44409e-17  1.64883e-26 -7.87154e-18  2.56553e-26 -7.72431e-19  7.25218e-27  8.72549e-20 -1.32197e-28  6.69478e-20 -7.92069e-28  2.03964e-20 -2.98981e-28  4.53955e-21 -4.42847e-29   8.1677e-22  9.80636e-30  1.21861e-22  8.85768e-30  1.49222e-23  3.60387e-30  1.41129e-24  1.10259e-30  7.92221e-26  2.33875e-31 -3.74436e-27   2.2051e-32 -1.84806e-27 -4.18841e-33 -3.19617e-28 -2.41567e-33 -3.98536e-29  -6.5574e-34 -3.99925e-30 -1.22506e-34 -3.33935e-31  -1.6293e-35 -2.34155e-32 -1.61085e-36 -1.37421e-33 -1.19789e-37 -6.67036e-35 -5.46809e-39 -2.62174e-36   -1.694e-41 -8.07763e-38  1.39013e-41 -1.84566e-39  8.74793e-43 -2.81556e-41  2.67016e-44 -2.27499e-43  2.85137e-46
-5.82062e-24  3.44524e-08  3.44049e-23  -4.3187e-07 -4.87358e-23  2.67707e-06 -1.18886e-22 -1.01718e-05  1.05712e-21  2.56208e-05 -9.45423e-21 -4.37167e-05  5.04273e-20  4.91714e-05 -1.44102e-19 -3.21232e-05  2.24126e-19  5.40991e-06 -1.54469e-19  7.81905e-06 -2.61301e-20 -3.83795e-06 -3.57707e-20 -1.85229e-06  6.03282e-19  1.16317e-06 -1.29718e-18  6.17731e-07   1.3709e-18 -2.21776e-07 -6.85471e-19 -2.14121e-07 -6.24263e-20  -4.4782e-09  2.74872e-19  5.09206e-08 -9.15487e-20  2.01717e-08  -6.8074e-20 -3.13813e-09  7.12396e-20 -5.69315e-09  -1.7525e-20 -1.99953e-09 -1.07001e-20  1.35174e-10  7.71202e-21   4.3348e-10  1.26419e-21  1.97414e-10 -2.05565e-21  3.14121e-11 -2.34505e-22 -1.38819e-11  2.89473e-22 -1.17963e-11  1.53485e-22 -4.30801e-12 -2.17225e-24 -7.61834e-13 -2.92778e-23  1.10333e-13 -2.64354e-23  1.38554e-13 -3.08455e-24   5.8127e-14  8.63079e-24  1.56209e-14  3.20635e-24  2.51782e-15 -4.34639e-25 -4.64833e-17 -7.29866e-25 -1.99613e-16 -2.44501e-25 -8.37337e-17  1.32888e-26 -2.33637e-17  3.95132e-26 -4.96468e-18  1.30734e-26 -7.99372e-19  5.42075e-28 -8.20233e-20 -1.16299e-27  1.74006e-21 -5.04557e-28  3.35216e-21 -8.11371e-29   1.0003e-21  1.75261e-29  2.07818e-22  1.63443e-29  3.47487e-23  6.60508e-30  4.88262e-24   1.9396e-30  5.83942e-25  3.91428e-31  5.92033e-26  3.81488e-32  4.97656e-27 -4.80313e-33  3.26547e-28  -3.0718e-33  1.35495e-29  -8.0965e-34 -1.62097e-31 -1.43463e-34 -9.58675e-32 -1.81459e-35 -1.07702e-32 -1.72895e-36 -8.04883e-34 -1.25401e-37 -4.51193e-35 -5.98193e-39  -1.9337e-36 -1.15095e-40 -6.18977e-38  3.76784e-42 -1.39485e-39  3.01396e-43 -1.90946e-41  7.42864e-45 -1.03286e-43
-1.13202e-08 -4.63876e-23  2.66284e-07  1.55304e-22 -2.32846e-06 -1.18886e-22  1.15697e-05  3.56531e-23 -3.71213e-05 -2.29972e-22  8.07071e-05  -2.1175e-20 -0.000119208  1.40854e-19  0.000113491 -3.92745e-19 -5.63246e-05  5.49928e-19 -3.98312e-06 -2.42672e-19  1.97412e-05 -4.12413e-19 -3.31923e-06  5.63022e-19 -5.70366e-06  4.13359e-19  9.23909e-07 -1.77011e-18  1.72862e-06  2.04851e-18  5.50987e-08 -1.00522e-18 -4.46765e-07 -1.17405e-19 -1.48485e-07  3.87885e-19  5.79693e-08 -1.15642e-19  5.73506e-08 -8.53878e-20  1.11613e-08  8.65329e-20  -7.2405e-09 -2.44842e-20 -5.68392e-09 -1.21274e-20 -1.39177e-09  1.03596e-20    3.337e-10  1.91479e-21  4.11124e-10  -2.6786e-21  1.60547e-10 -7.33136e-22  2.19479e-11  3.35825e-22 -1.12752e-11  3.59586e-22 -8.83846e-12  4.67344e-23 -3.21448e-12 -7.00554e-23 -6.42089e-13 -5.68899e-23  1.57745e-14 -3.20966e-24  7.08255e-14  1.54203e-23  3.30362e-14  5.65706e-24  9.79649e-15  -5.6363e-25  2.00896e-15 -1.14999e-24  2.19535e-16 -4.15938e-25 -3.13966e-17 -5.01179e-27  -2.5417e-17   5.2989e-26 -8.47734e-18  2.02559e-26 -2.04977e-18  1.63883e-27 -3.93595e-19 -1.55163e-27 -6.04504e-20 -7.44905e-28 -6.95621e-21 -1.16532e-28 -4.16789e-22  3.29091e-29  5.27833e-23  2.76541e-29  2.32679e-23  1.07739e-29    4.872e-24  3.01319e-30  7.65855e-25  5.81603e-31  9.89669e-26  5.91172e-32  1.08417e-26 -4.11778e-33  1.01741e-27  -3.3385e-33  8.18092e-29 -8.64236e-34  5.59696e-30 -1.45726e-34  3.21119e-31 -1.75111e-35  1.50768e-32 -1.59547e-36  5.55447e-34  -1.1089e-37  1.47508e-35 -5.23559e-39  2.21286e-37 -1.33701e-40 -8.91265e-40 -6.11729e-43 -1.19041e-40  6.18481e-44 -1.95677e-42  1.19261e-45
 3.81053e-23 -1.12975e-07 -2.45075e-22  1.52099e-06  5.12704e-22 -1.01718e-05  3.56531e-23  4.19488e-05  2.11375e-21 -0.000115672 -1.36135e-20  0.000219027 -3.44261e-20 -0.000280408  3.49506e-19  0.000222712 -9.64641e-19 -7.44324e-05  1.27272e-18 -3.50577e-05 -4.56493e-19  3.63441e-05 -1.16596e-18  4.17481e-06  1.80976e-18 -1.14896e-05 -2.31834e-19  -1.6795e-06 -2.17565e-18  3.10487e-06  2.80887e-18  1.08697e-06 -1.33531e-18 -5.45449e-07 -1.84474e-19 -4.51695e-07  4.68139e-19  -2.9086e-08 -1.17226e-19  9.46243e-08 -8.98073e-20  4.74128e-08  9.16038e-20  1.54899e-09 -3.40555e-20 -8.86483e-09 -1.23827e-20 -4.70895e-09  1.38009e-20 -7.98233e-10  3.13243e-21  3.89084e-10 -3.47564e-21   3.3292e-10 -1.65408e-21  1.17681e-10  3.76405e-22  1.54964e-11   6.9943e-22 -7.25334e-12  1.34546e-22 -5.67464e-12  -1.3583e-22 -2.10587e-12  -1.0407e-22 -4.75224e-13 -3.56971e-24 -3.35863e-14  2.48149e-23  2.56256e-14  9.27881e-24  1.47748e-14 -4.97343e-25  4.85852e-15 -1.62743e-24  1.15482e-15 -6.42343e-25  1.96334e-16 -4.60985e-26   1.6972e-17  6.10586e-26 -3.02149e-18  2.70316e-26 -1.87418e-18  2.80076e-27  -5.4658e-19 -1.95369e-27 -1.18719e-19 -9.78437e-28 -2.09708e-20 -1.31024e-28 -3.08072e-21  6.05717e-29 -3.72501e-22  4.31695e-29 -3.50232e-23  1.59056e-29 -2.02642e-24  4.21525e-30  6.49154e-26  7.80958e-31  3.89858e-26   8.2891e-32   6.7181e-27 -1.93008e-33  8.19656e-28 -3.11221e-33   7.9814e-29 -8.04978e-34  6.42341e-30 -1.29647e-34  4.30958e-31  -1.4779e-35  2.39952e-32 -1.27768e-36  1.09265e-33 -8.37714e-38  3.96608e-35 -3.77018e-39  1.10025e-36 -1.01488e-40  2.16601e-38 -1.31759e-42  2.62212e-40  1.26269e-45  1.26696e-42
 2.87305e-08  2.60241e-22  -7.2772e-07 -1.00571e-21  6.87789e-06  1.05712e-21 -3.71213e-05  2.11375e-21  0.000130257   1.2853e-20  -0.00031287 -7.25591e-20   0.00051926 -2.36945e-20 -0.000575089  7.62572e-19  0.000371119 -2.10335e-18 -5.63216e-05  2.69324e-18 -9.93128e-05  -9.9264e-19  4.82435e-05 -2.28232e-18  2.44397e-05  3.82264e-18 -1.59208e-05  -1.4243e-18 -8.37297e-06 -2.46755e-18   3.3958e-06  3.57004e-18  3.08808e-06  -1.5896e-18 -5.05468e-08 -2.68457e-19  -8.1365e-07  4.76144e-19 -2.92674e-07 -8.68155e-20  7.12138e-08 -6.99596e-20  9.72534e-08  8.41388e-20  3.03564e-08 -4.84759e-20 -4.82648e-09 -1.21984e-20 -8.24319e-09  1.87083e-20 -3.39309e-09  5.35195e-21 -3.85119e-10 -4.61318e-21   3.3562e-10 -3.11425e-21  2.36122e-10  4.30835e-22  7.89721e-11  1.19795e-21  1.12307e-11  2.65256e-22   -3.591e-12 -2.30527e-22 -3.09372e-12 -1.69791e-22 -1.19673e-12  -4.9539e-24 -3.00906e-13  3.66032e-23 -4.19371e-14   1.4248e-23  4.02867e-15 -2.75937e-26  4.82053e-15  -2.0595e-24  1.84309e-15 -8.98884e-25  4.91374e-16 -1.13468e-25  1.00584e-16  5.77708e-26  1.54602e-17  3.06201e-26   1.4201e-18  3.31651e-27 -8.58627e-20 -2.41164e-27 -7.54484e-20  -1.1566e-27  -2.0949e-20 -1.04148e-28 -4.19333e-21  1.03422e-28 -6.81754e-22  6.22558e-29 -9.34541e-23  2.14764e-29 -1.09195e-23  5.37944e-30 -1.08289e-24  9.59028e-31 -8.92746e-26  1.05819e-31 -5.79817e-27    1.371e-33 -2.49591e-28 -2.46522e-33 -4.07894e-32 -6.56406e-34  1.23184e-30 -1.01516e-34  1.39098e-31 -1.09626e-35  9.93894e-33 -8.92381e-37  5.20019e-34 -5.43823e-38  2.02852e-35 -2.26267e-39   5.7077e-37 -5.78066e-41  1.05973e-38 -7.88194e-43  1.04048e-40 -2.97686e-45
-1.80473e-22  2.40964e-07   1.2247e-21 -3.51842e-06 -3.38926e-21  2.56208e-05 -2.29972e-22 -0.000115672   1.2853e-20  0.000351903   5.1749e-20 -0.000744082 -2.57319e-19   0.00108696  8.11594e-20  -0.00103524  1.45227e-18  0.000516538 -4.04348e-18  4.32205e-05  5.12773e-18 -0.000196187 -2.14683e-18  3.59449e-05 -3.59367e-18  5.94768e-05    6.545e-18 -1.17931e-05  -3.1014e-18 -1.91335e-05 -2.67846e-18  2.32739e-07  4.23992e-18  5.45361e-06 -1.65607e-18  1.55235e-06  -3.7723e-19 -8.77059e-07  3.77714e-19 -7.25406e-07 -2.45489e-20 -1.00387e-07  -1.5345e-20  1.17481e-07   6.6271e-20  7.75668e-08 -7.03058e-20  1.48787e-08 -1.29646e-20 -7.15271e-09  2.57698e-20 -6.41454e-09  8.92423e-21 -2.20134e-09 -6.27094e-21 -1.66028e-10 -5.14436e-21  2.35215e-10  5.33701e-22  1.48408e-10  1.86125e-21  4.86855e-11  4.34095e-22  7.98557e-12 -3.55701e-22 -1.18444e-12 -2.53987e-22 -1.39563e-12 -8.47289e-24 -5.77931e-13  5.01045e-23 -1.59521e-13  2.06229e-23 -2.98449e-14  1.10301e-24 -2.31121e-15 -2.28322e-24  8.75405e-16 -1.13162e-24  4.93619e-16 -2.02014e-25  1.51364e-16  3.83697e-26  3.48717e-17  2.80149e-26  6.43207e-18  2.32848e-27  9.45223e-19 -2.99246e-27  1.01488e-19 -1.23879e-27  4.61091e-21 -2.37464e-29 -1.13839e-21  1.60115e-28 -3.98938e-22  8.29401e-29  -7.8129e-23  2.66968e-29 -1.17549e-23   6.3162e-30  -1.4632e-24  1.08528e-30 -1.54633e-25  1.23446e-31   -1.399e-26  4.92677e-33 -1.08249e-27 -1.60456e-33  -7.1073e-29 -4.67232e-34 -3.90139e-30 -7.00134e-35 -1.74771e-31 -7.15738e-36 -6.14216e-33  -5.4444e-37 -1.57518e-34  -3.0383e-38 -2.48939e-36  -1.1354e-39 -9.27178e-39   -2.556e-41  4.13967e-40 -2.84529e-43  4.86907e-42
-4.76652e-08 -1.07419e-21  1.31687e-06   4.7397e-21 -1.36147e-05 -9.45423e-21  8.07071e-05 -1.36135e-20  -0.00031287   5.1749e-20  0.000837619  1.61778e-19  -0.00157228 -7.11903e-19   0.00202582  4.09789e-19   -0.0016402  2.39197e-18  0.000569391 -6.83284e-18  0.000267555  8.75504e-18 -0.000299762 -4.24998e-18 -2.52862e-05 -4.79809e-18    0.0001011  9.75897e-18  9.98435e-06 -5.03512e-18 -2.99849e-05 -2.93415e-18 -8.62947e-06  4.73572e-18  6.32062e-06 -1.42474e-18  4.32885e-06 -5.12484e-19 -8.55964e-08  1.52687e-19 -1.11158e-06  5.80655e-20 -4.64574e-07   7.9975e-20  3.42405e-08  4.38694e-20  1.15723e-07 -1.01184e-19  5.16731e-08 -1.60094e-20  4.90895e-09  3.53613e-20 -6.61585e-09  1.38511e-20 -4.36889e-09 -8.58968e-21 -1.32224e-09 -7.64157e-21 -7.67579e-11  7.38403e-22  1.37719e-10  2.67379e-21  8.27378e-11  6.26205e-22  2.73564e-11 -5.10958e-22  5.23512e-12 -3.55066e-22 -4.64267e-14 -1.55642e-23  -4.9137e-13  6.41914e-23 -2.29751e-13  2.83266e-23  -6.9207e-14  3.18206e-24 -1.52592e-14 -2.08368e-24 -2.31004e-15 -1.25707e-24 -1.11968e-16 -2.94592e-25  6.91477e-17  2.06017e-27  3.06129e-17  1.73065e-26   8.1398e-18 -7.56191e-28  1.67445e-18 -3.72543e-27  2.83212e-19 -1.20235e-27  3.98983e-20  1.07172e-28  4.59883e-21  2.23964e-28  4.03185e-22  1.02108e-28  1.92514e-23  3.06796e-29 -1.48538e-24  6.85982e-30 -5.29513e-25  1.13682e-30 -8.27417e-26  1.31878e-31 -9.47591e-27  7.77431e-33 -8.72288e-28 -7.71093e-34 -6.63226e-29 -2.86945e-34 -4.18456e-30 -4.23784e-35 -2.17358e-31 -4.10565e-36 -9.12116e-33 -2.89681e-37 -2.99409e-34 -1.45706e-38 -7.28202e-36  -4.7399e-40 -1.18936e-37 -8.72356e-42  -1.0392e-39 -6.09509e-44
 6.54176e-22 -3.37376e-07 -4.44455e-21  5.43148e-06  1.62476e-20 -4.37167e-05  -2.1175e-20  0.000219027 -7.25591e-20 -0.000744082  1.61778e-19   0.00177481  4.13935e-19  -0.00297756 -1.61617e-18   0.00338344  1.12657e-18  -0.00228168   3.3389e-18  0.000404991 -1.01133e-17    0.0006281  1.34667e-17 -0.000353406  -7.5726e-18 -0.000151947 -5.58166e-18  0.000127299  1.31871e-17  5.47599e-05  -6.8852e-18 -3.22823e-05 -3.42571e-18 -2.31358e-05  4.99656e-18  2.92385e-06  -8.2336e-19  7.31601e-06 -6.60462e-19  1.98277e-06 -1.98194e-19  -1.0049e-06  1.41577e-19 -9.21663e-07  2.13883e-19 -2.12018e-07  2.37254e-20  9.08497e-08 -1.40562e-19  8.93728e-08 -2.16488e-20  2.99788e-08  4.72926e-20  2.32953e-10  1.95817e-20  -4.8462e-09 -1.16401e-20  -2.6693e-09  -1.0359e-20 -7.50022e-10  1.12015e-21 -4.76327e-11  3.60285e-21  6.71449e-11  8.18506e-22  4.05442e-11 -6.94921e-22  1.37771e-11 -4.70881e-22  3.01856e-12 -2.80859e-23  2.66844e-13  7.73691e-23 -1.13827e-13  3.71574e-23 -7.10974e-14  6.49889e-24 -2.37955e-14 -1.21851e-24 -5.85828e-15 -1.17026e-24 -1.11083e-15 -3.61044e-25 -1.52068e-16 -4.55137e-26 -9.20871e-18 -9.18583e-28  2.43002e-18 -5.81454e-27  1.09449e-18 -4.52936e-27  2.67563e-19 -1.04308e-27  5.00222e-20  2.70116e-28  7.72806e-21   2.8428e-28  1.01252e-21  1.16293e-28   1.1315e-22  3.26845e-29  1.06988e-23  6.91405e-30   8.3417e-25   1.1048e-30  5.02134e-26  1.29184e-31  1.84788e-27   9.2475e-33 -3.11524e-29 -1.41097e-34 -1.21111e-29 -1.47723e-34 -1.17883e-30 -2.22961e-35 -7.57977e-32 -2.05754e-36 -3.56212e-33 -1.33737e-37 -1.22415e-34 -5.95467e-39 -2.91721e-36 -1.62254e-40 -4.22238e-38 -2.19945e-42 -2.41727e-40
 5.03115e-08  3.39199e-21 -1.55398e-06  -1.5404e-20  1.79606e-05  5.04273e-20 -0.000119208 -3.44261e-20   0.00051926 -2.57319e-19  -0.00157228  4.13935e-19   0.00337698  8.85642e-19  -0.00509137 -3.06521e-18   0.00508852  2.34203e-18  -0.00275625  3.73296e-18 -9.39697e-05 -1.29909e-17   0.00107444  1.88394e-17 -0.000281777 -1.22467e-17  -0.00033498 -5.78427e-18  0.000106284  1.66208e-17   0.00011706 -8.28799e-18 -1.52349e-05 -4.34372e-18 -3.88832e-05  4.98578e-18 -6.94286e-06  1.51178e-19  8.36378e-06 -7.90733e-19  5.10148e-06 -6.48951e-19  8.86498e-08  2.06412e-19  -1.1747e-06  3.74291e-19 -5.91839e-07  9.97076e-21 -5.02775e-08 -1.85067e-19  9.23139e-08 -2.85267e-20  5.88604e-08  6.07311e-20   1.5681e-08  2.49919e-20 -1.10743e-09 -1.54171e-20  -3.0063e-09 -1.29404e-20  -1.4811e-09  1.77359e-21 -4.04662e-10  4.60883e-21 -3.59677e-11  9.84766e-22  2.62878e-11 -9.06097e-22  1.71165e-11 -5.99903e-22  6.07484e-12 -4.84263e-23  1.48365e-12  8.79001e-23  2.25662e-13  4.68127e-23 -1.70973e-15  1.13004e-23 -1.49393e-14  5.40591e-25 -6.11298e-15 -7.61772e-25  -1.6718e-15 -3.60946e-25 -3.56677e-16  -9.1312e-26 -6.11878e-17 -2.27883e-26 -8.19005e-18 -1.17601e-26 -7.25968e-19 -5.17774e-27  3.14437e-21 -7.68424e-28  1.78732e-20  4.37607e-28   4.6078e-21  3.29766e-28  8.08321e-22  1.22765e-28  1.13323e-22   3.2348e-29  1.33159e-23  6.47999e-30  1.33405e-24  9.97109e-31   1.1442e-25  1.16139e-31  8.37043e-27  9.19957e-33  5.16963e-28  2.20938e-34   2.6486e-29 -5.90249e-35  1.09468e-30  -9.9893e-36  3.48652e-32 -8.90917e-37  7.86094e-34 -5.30643e-38  1.01933e-35  -2.0465e-39  1.23995e-38 -4.42432e-41  -1.3569e-39 -3.57908e-43
-1.89703e-21  2.91762e-07  1.19186e-20 -5.36491e-06 -4.87275e-20  4.91714e-05  1.40854e-19 -0.000280408 -2.36945e-20   0.00108696 -7.11903e-19  -0.00297756  8.85642e-19   0.00581412  1.59058e-18  -0.00791198 -4.84312e-18   0.00691325  3.98103e-18  -0.00280494  2.67732e-18 -0.000976331 -1.41374e-17   0.00148481  2.42984e-17 -2.10957e-05 -1.82343e-17 -0.000528888 -5.52375e-18  9.56893e-06  1.99892e-17  0.000176606 -8.94165e-18  2.83266e-05 -5.79507e-18 -4.69517e-05  4.68837e-18 -2.28484e-05  1.41652e-18  4.82959e-06 -8.66865e-19  8.03135e-06 -1.14809e-18  2.33866e-06  2.41829e-19  -8.1232e-07  5.40048e-19 -9.32674e-07  1.67617e-21 -3.09933e-07  -2.2886e-19   2.1456e-08 -3.36862e-20  6.96869e-08  7.42944e-20  3.45033e-08  2.85813e-20  7.67948e-09 -1.98477e-20 -9.89085e-10 -1.49884e-20  -1.6176e-09  2.80223e-21  -7.4783e-10   5.6567e-21 -2.05954e-10   1.1023e-21 -2.59039e-11 -1.14313e-21  7.35698e-12 -7.42018e-22  6.00426e-12 -7.94405e-23  2.27603e-12  9.39899e-23  6.06388e-13  5.69148e-23  1.17027e-13  1.77285e-23  1.33089e-14  3.35347e-24 -9.12985e-16   5.8244e-26 -1.00259e-15  -2.5065e-25  -3.3285e-16 -1.16546e-25 -7.88246e-17 -4.15664e-26 -1.50012e-17 -1.66956e-26 -2.37027e-18 -5.33959e-27 -3.10501e-19 -3.90872e-28 -3.24946e-20  5.82813e-28 -2.37002e-21   3.5231e-28 -3.34322e-23  1.20433e-28  2.48087e-23  2.97969e-29  5.24571e-24  5.65442e-30  7.04078e-25  8.35975e-31  7.33226e-26  9.58958e-32  6.23803e-27  7.96144e-33  4.39844e-28   3.4913e-34  2.56541e-29 -1.32295e-35  1.22155e-30 -3.64026e-36  4.63177e-32 -3.26527e-37  1.34169e-33  -1.7806e-38  2.76379e-35  -5.7836e-40  3.50735e-37  -9.0666e-42  1.77156e-39
-2.89806e-08 -8.68586e-21  1.07292e-06  3.41335e-20  -1.4631e-05 -1.44102e-19  0.000113491  3.49506e-19 -0.000575089  8.11594e-20   0.00202582 -1.61617e-18  -0.00509137  1.59058e-18   0.00912013  2.35742e-18   -0.0112404 -6.16475e-18   0.00849471  5.68907e-18  -0.00219692 -9.50059e-19  -0.00217177 -1.21675e-17   0.00169079  2.94103e-17  0.000443945 -2.53257e-17  -0.00065706 -5.20475e-18 -0.000170636  2.33169e-17  0.000201603 -8.66356e-18  9.54387e-05 -7.73234e-18 -3.67172e-05  4.11266e-18 -4.02682e-05   2.8096e-18 -4.92625e-06 -8.65177e-19  8.69421e-06 -1.62454e-18  5.22256e-06  2.51531e-19  4.55176e-07  6.85053e-19 -9.48375e-07   -6.862e-21 -5.97223e-07 -2.64795e-19 -1.34206e-07 -3.34545e-20  3.74158e-08  8.62294e-20  4.40729e-08  2.88137e-20  1.84921e-08    -2.48e-20  3.66896e-09 -1.61404e-20 -5.35905e-10  4.30094e-21 -7.57314e-10  6.72404e-21 -3.40989e-10  1.15778e-21 -9.68094e-11 -1.40437e-21 -1.59223e-11 -8.98451e-22  7.32266e-13 -1.24014e-22  1.62797e-12  9.40579e-23  6.94952e-13  6.70315e-23  2.00513e-13  2.57473e-23  4.40862e-14   7.2548e-24  7.30652e-15  1.33374e-24  7.54953e-16  5.89707e-27 -2.60814e-17 -1.01221e-25 -3.64045e-17 -4.94357e-26 -1.09781e-17 -1.84873e-26 -2.33109e-18 -4.69639e-27 -3.99243e-19  7.19729e-29 -5.75003e-20  6.87283e-28 -7.05642e-21  3.49371e-28 -7.36454e-22  1.10133e-28 -6.42932e-23  2.55931e-29 -4.49956e-24  4.59831e-30 -2.23353e-25  6.51113e-31 -3.59209e-27  7.27714e-32  6.95985e-28  6.11019e-33  9.52769e-29   3.2783e-34  7.37161e-30  4.41728e-36  4.07067e-31 -9.44053e-37   1.6582e-32 -9.72114e-38  4.84716e-34 -4.91606e-39  9.33541e-36 -1.29311e-40  9.49405e-38 -1.20612e-42
 4.56597e-21 -1.17234e-07 -2.57042e-20  2.81085e-06  8.88868e-20 -3.21232e-05 -3.92745e-19  0.000222712  7.62572e-19  -0.00103524  4.09789e-19   0.00338344 -3.06521e-18  -0.00791198  2.35742e-18    0.0131182  2.69882e-18   -0.0146802 -5.55126e-18   0.00942385   6.8789e-18  -0.00082525 -8.24927e-18  -0.00348144 -6.18023e-18   0.00153237  3.41261e-17   0.00105587 -3.31301e-17 -0.000635255  -5.3924e-18 -0.000408815  2.65923e-17  0.000159894 -7.41906e-18  0.000169648 -9.92446e-18 -1.01841e-06  3.30081e-18 -5.10312e-05  4.11359e-18 -1.99309e-05 -7.91611e-19  5.02686e-06 -2.00104e-18   7.4476e-06  2.52424e-19  2.50963e-06  7.84532e-19 -3.76247e-07  -2.2967e-20 -7.34902e-07 -2.85816e-19 -3.29461e-07 -2.47743e-20 -4.76212e-08  9.46018e-20  3.00018e-08  2.44668e-20  2.44393e-08 -3.00893e-20  9.21141e-09 -1.61289e-20  1.76176e-09   6.3359e-21 -1.93183e-10  7.80222e-21 -3.04397e-10   1.1497e-21 -1.38058e-10 -1.68694e-21  -4.0851e-11 -1.07063e-21 -8.10139e-12 -1.84179e-22 -6.45887e-13  8.70891e-23  2.75059e-13  7.66976e-23   1.6067e-13  3.50823e-23  5.14771e-14  1.21111e-23  1.23803e-14  3.04038e-24  2.37781e-15  4.24673e-25  3.62273e-16 -3.06003e-26  3.98851e-17 -4.01491e-26  1.69177e-18 -1.55631e-26 -5.44444e-19 -3.08909e-27 -1.88829e-19  5.90542e-28 -3.79179e-20  7.43632e-28 -5.88224e-21  3.24037e-28 -7.56107e-22  9.42198e-29 -8.25519e-23  2.05392e-29 -7.71674e-24   3.4883e-30 -6.16977e-25  4.71146e-31 -4.18705e-26  5.07853e-32 -2.37735e-27  4.20344e-33 -1.10339e-28  2.42551e-34 -4.03173e-30  7.71674e-36 -1.08539e-31 -6.29627e-38 -1.86133e-33 -2.12055e-38 -1.10141e-35 -1.06145e-39  2.29949e-37 -2.12556e-41  3.20152e-39
 1.98322e-09  1.92263e-20  -2.3101e-07 -5.67276e-20  5.19716e-06  2.24126e-19 -5.63246e-05 -9.64641e-19  0.000371119  1.45227e-18   -0.0016402  1.12657e-18   0.00508852 -4.84312e-18   -0.0112404  2.69882e-18    0.0174116  1.75562e-18   -0.0177209 -1.01693e-18   0.00937327  6.95587e-18    0.0012312 -1.99639e-17  -0.00462269  3.77398e-18  0.000920597  3.87999e-17   0.00168809 -4.10454e-17 -0.000404594 -6.59632e-18 -0.000646423  2.96304e-17  3.37397e-05 -5.33108e-18  0.000223706 -1.19854e-17  5.86755e-05  2.34241e-18 -4.60673e-05  5.10332e-18 -3.58785e-05 -6.86221e-19 -3.77963e-06 -2.21327e-18  7.34601e-06  2.65961e-19  4.67514e-06   8.2125e-19  8.30007e-07 -5.09419e-20  -5.3487e-07 -2.85994e-19 -4.62858e-07 -6.36089e-21 -1.63079e-07  9.74962e-20 -1.35068e-08  1.48809e-20  1.80899e-08 -3.54833e-20  1.21145e-08  -1.4813e-20  4.28888e-09  8.92692e-21  8.48132e-10  8.89022e-21 -2.89727e-11  1.08663e-21 -1.01465e-10 -1.98574e-21 -4.83248e-11 -1.25821e-21  -1.4992e-11 -2.59945e-22 -3.37206e-12  7.30066e-23 -4.99241e-13  8.54497e-23 -1.00453e-14  4.51984e-23  2.29254e-14  1.76077e-23  9.43737e-15  5.07406e-24    2.518e-15  9.91111e-25  5.27056e-16   9.8563e-26  9.09164e-17 -1.15361e-26  1.30183e-17 -7.59339e-27  1.50819e-18 -6.24039e-28  1.28221e-19  1.11658e-27  4.55018e-21  7.53482e-28 -9.19658e-22  2.83124e-28 -2.50691e-22  7.57008e-29 -3.79998e-23   1.5436e-29 -4.36582e-24  2.47116e-30 -4.07562e-25  3.16791e-31 -3.15705e-26  3.26129e-32 -2.03376e-27  2.60851e-33 -1.07969e-28  1.51872e-34 -4.63282e-30  5.83483e-36 -1.55514e-31  1.06904e-37 -3.86823e-33 -2.08899e-39 -6.45746e-35 -1.59922e-40 -5.75192e-37  -2.1522e-42
-9.22975e-21 -2.81674e-08   5.0838e-20  3.84665e-08 -1.00231e-19  5.40991e-06  5.49928e-19 -7.44324e-05 -2.10335e-18  0.000516538  2.39197e-18  -0.00228168  2.34203e-18   0.00691325 -6.16475e-18   -0.0146802  1.75562e-18    0.0214623 -1.59531e-18     -0.01988  9.37613e-18   0.00820854  5.63662e-18   0.00371292 -3.61489e-17  -0.00531199  1.65295e-17 -0.000121447  4.39424e-17     0.002178 -4.82435e-17  4.08921e-05 -9.05452e-18 -0.000806976  3.20144e-17 -0.000168706 -2.67407e-18  0.000228196 -1.34595e-17  0.000129946  1.37837e-18 -1.95286e-05  5.60051e-18 -4.60034e-05 -6.10284e-19 -1.62934e-05 -2.22913e-18   3.6613e-06   3.0524e-19  5.85942e-06  7.89196e-19  2.36441e-06 -8.82758e-20  8.32891e-08 -2.61034e-19  -4.1755e-07   2.0835e-20 -2.54014e-07  9.32786e-20 -7.49405e-08   7.5582e-23 -3.12705e-09 -4.07015e-20  8.97337e-09 -1.21774e-20  5.39129e-09  1.20363e-20  1.85517e-09  9.98347e-21  3.94897e-10  9.82241e-22  1.93749e-11 -2.29239e-21 -2.58533e-11 -1.45689e-21 -1.40355e-11 -3.48206e-22 -4.61758e-12  5.29471e-23  -1.1326e-12  9.28762e-23 -2.10767e-13  5.53382e-23 -2.62914e-14  2.32751e-23 -3.78432e-16  7.25553e-24  9.30445e-16  1.65589e-24  3.31859e-16  2.74633e-25  7.77364e-17  3.32284e-26  1.44302e-17  4.26292e-27  2.23794e-18  2.32075e-27  2.95064e-19  1.58503e-27  3.30909e-20  7.23407e-28  3.11184e-21  2.34547e-28  2.36022e-22  5.73515e-29  1.29239e-23  1.08909e-29  2.72765e-25  1.63683e-30 -4.00667e-26  1.98002e-31 -6.37755e-27  1.92812e-32 -5.53005e-28  1.46571e-33 -3.43769e-29  8.27611e-35 -1.60252e-30   3.2775e-36 -5.52403e-32  8.06089e-38 -1.32847e-33  7.24387e-40 -1.94533e-35 -1.09687e-41 -1.12691e-37
 7.71854e-09 -3.75024e-20 -2.23741e-07  9.18894e-20  1.95845e-06 -1.54469e-19 -3.98312e-06  1.27272e-18 -5.63216e-05 -4.04348e-18  0.000569391   3.3389e-18  -0.00275625  3.98103e-18   0.00849471 -5.55126e-18   -0.0177209 -1.59531e-18    0.0247375 -8.44227e-18   -0.0208462  2.67489e-17   0.00603223  3.18357e-18   0.00625155 -5.59524e-17   -0.0053504  3.00366e-17  -0.00145788  4.98454e-17   0.00237597 -5.37266e-17  0.000644932 -1.26077e-17 -0.000820267  3.31621e-17 -0.000411032  1.53624e-19  0.000162765 -1.39424e-17  0.000191627  5.84417e-19  2.75859e-05  5.52521e-18 -4.34584e-05 -6.19749e-19 -2.87415e-05 -2.06108e-18 -3.62594e-06  3.63597e-19  4.99367e-06  6.93354e-19  3.59911e-06 -1.24815e-19   9.9621e-07 -2.08523e-19 -1.29445e-07  5.39783e-20 -2.55123e-07  8.09454e-20 -1.25817e-07 -1.92281e-20 -3.29611e-08 -4.53941e-20 -9.27531e-10 -8.30181e-21  3.73192e-09  1.55682e-20  2.13756e-09  1.10629e-20  7.32847e-10  8.50071e-22  1.69392e-10 -2.59419e-21  1.99942e-11 -1.65664e-21 -3.77218e-12  -4.4218e-22 -3.13988e-12  2.93161e-23 -1.13891e-12  9.86755e-23 -2.99817e-13   6.4621e-23 -6.23976e-14  2.85544e-23 -1.02967e-14  9.35333e-24 -1.24607e-15  2.34008e-24 -6.83579e-17  4.72338e-25  1.52312e-17  8.62216e-26  6.19531e-18  1.76735e-26  1.35315e-18  5.20034e-27  2.25524e-19  1.92783e-27  3.10362e-20  6.61708e-28   3.6258e-21  1.85175e-28  3.62998e-22  4.11317e-29  3.11447e-23  7.23276e-30  2.27462e-24  1.01518e-30  1.39502e-25  1.15098e-31  7.02367e-27  1.04987e-32  2.79521e-28   7.4722e-34  8.19101e-30  3.97443e-35  1.48078e-31  1.50614e-36  4.27808e-34  3.70332e-38 -5.06677e-35  4.60415e-40 -1.01332e-36  1.16727e-42
 1.53703e-20  4.33421e-08 -9.72767e-20 -8.73714e-07  9.82386e-20  7.81905e-06 -2.42672e-19 -3.50577e-05  2.69324e-18  4.32205e-05 -6.83284e-18  0.000404991  3.73296e-18  -0.00280494  5.68907e-18   0.00942385 -1.01693e-18     -0.01988 -8.44227e-18     0.026862 -1.94255e-17   -0.0205603  5.07435e-17   0.00314382  4.01276e-19   0.00847543 -7.76133e-17  -0.00467607  4.18923e-17  -0.00287816  5.62962e-17    0.0021896  -5.6479e-17   0.00130164 -1.67128e-17 -0.000645742  3.24923e-17 -0.000636786  2.68462e-18  2.51977e-05 -1.32028e-17  0.000220058  1.33574e-19  8.61128e-05  4.92823e-18 -2.42841e-05 -7.35878e-19 -3.60407e-05 -1.76517e-18 -1.28812e-05  4.10562e-19  1.59569e-06  5.46005e-19  3.81146e-06 -1.45699e-19  1.87187e-06 -1.28421e-19  3.54306e-07  8.91873e-20 -1.27839e-07  6.04768e-20 -1.32916e-07 -4.16286e-20 -5.73237e-08 -4.90969e-20 -1.41539e-08 -3.30873e-21 -6.37769e-10  1.93805e-20  1.27876e-09  1.20911e-20  7.40621e-10  7.01632e-22  2.57666e-10 -2.87276e-21  6.40471e-11 -1.84109e-21  1.06882e-11 -5.31705e-22  4.82326e-13  5.54025e-24 -4.39864e-13  1.02701e-22 -2.06969e-13  7.21814e-23 -5.98163e-14  3.28873e-23  -1.3387e-14  1.11219e-23 -2.45483e-15   2.9499e-24 -3.72228e-16  6.58724e-25 -4.54615e-17  1.37073e-25 -4.02876e-18  2.98799e-26  -1.3367e-19  7.47533e-27  3.71985e-20  2.09447e-27  1.02414e-20  5.77159e-28  1.63495e-21  1.39784e-28   1.9982e-22  2.80204e-29   1.9969e-23  4.53288e-30  1.66611e-24  5.90424e-31  1.16448e-25  6.22606e-32  6.77031e-27  5.26576e-33  3.22288e-28  3.45835e-34  1.22329e-29  1.69042e-35  3.54764e-31  5.83413e-37  7.30996e-33   1.2766e-38  9.26105e-35  1.34787e-40   4.6617e-37
-2.17362e-09  6.18667e-20  1.27185e-07 -1.77343e-19 -2.23742e-06 -2.61301e-20  1.97412e-05 -4.56493e-19 -9.93128e-05  5.12773e-18  0.000267555 -1.01133e-17 -9.39697e-05  2.67732e-18  -0.00219692   6.8789e-18   0.00937327  9.37613e-18   -0.0208462 -1.94255e-17    0.0277133 -3.43718e-17   -0.0192048  7.92937e-17 -6.07212e-05 -1.62258e-18    0.0101037 -9.87246e-17  -0.00336734  4.99479e-17  -0.00415531   6.2546e-17    0.0016069 -5.56803e-17   0.00188382  -2.0582e-17 -0.000286061  2.96239e-17 -0.000785022  4.45838e-18 -0.000165395 -1.12694e-17  0.000197022  1.48789e-19  0.000140536  3.99148e-18  1.03253e-05 -9.25996e-19  -3.3649e-05 -1.42569e-18 -2.11043e-05  3.98385e-19 -3.82258e-06   3.6171e-19  2.52566e-06 -1.37075e-19  2.28291e-06 -2.40703e-20  8.66278e-07   1.2231e-19  1.08176e-07  3.30205e-20 -7.73211e-08 -6.51079e-20 -6.09167e-08 -5.11783e-20 -2.41754e-08  2.69559e-21 -5.92537e-09  2.33111e-20 -5.00014e-10    1.302e-20  3.37702e-10  5.50024e-22   2.1678e-10 -3.10268e-21  7.80176e-11 -1.98846e-21  2.05665e-11 -6.04493e-22  4.08126e-12 -1.44722e-23  5.40089e-13  1.04974e-22  7.90489e-15  7.73123e-23  -2.1545e-14  3.58122e-23 -8.09945e-15  1.23473e-23 -1.99972e-15  3.39742e-24 -3.90939e-16  8.01886e-25 -6.37794e-17  1.76062e-25 -8.83051e-18  3.85589e-26 -1.03661e-18  8.77734e-27 -1.01331e-19  2.06922e-27 -7.84399e-21  4.79009e-28  -4.0865e-22     1.01e-28 -1.30603e-24  1.81761e-29   2.7234e-24  2.68679e-30  3.82844e-25  3.22452e-31  3.42178e-26  3.13558e-32  2.28641e-27  2.43228e-33  1.17775e-28   1.4522e-34  4.62352e-30  6.36895e-36  1.32457e-31  1.91747e-37  2.52428e-33  3.41478e-39  2.55537e-35  2.27235e-41
 -2.0255e-20  1.02138e-09  1.64844e-19  1.77009e-07 -2.08141e-19 -3.83795e-06 -4.12413e-19  3.63441e-05  -9.9264e-19 -0.000196187  8.75504e-18    0.0006281 -1.29909e-17 -0.000976331 -9.50059e-19  -0.00082525  6.95587e-18   0.00820854  2.67489e-17   -0.0205603 -3.43718e-17    0.0274225 -5.21499e-17   -0.0171182  1.08979e-16   -0.0032018 -1.89491e-18    0.0109962 -1.16722e-16  -0.00160408  5.27678e-17  -0.00510035  6.75363e-17  0.000693423 -5.09045e-17   0.00227525  -2.3381e-17  0.000213043  2.45326e-17 -0.000807186  5.09962e-18 -0.000372383 -8.45504e-18  0.000116342  6.62666e-19  0.000173379  2.99174e-18  5.34973e-05 -1.10353e-18 -1.95024e-05 -1.12941e-18 -2.48946e-05  2.78008e-19 -9.73965e-06  1.53565e-19 -1.92341e-07 -9.22443e-20  1.89938e-06  9.65465e-20   1.1761e-06  1.49223e-19  3.70378e-07  7.36124e-22  3.06718e-08   -8.719e-20 -3.62777e-08 -5.08314e-20  -2.4757e-08  9.66422e-21 -9.38104e-09  2.72118e-20 -2.35974e-09  1.38103e-20 -3.08132e-10  4.18187e-22  5.38216e-11 -3.25093e-21  5.04087e-11 -2.07402e-21  1.94811e-11 -6.48148e-22  5.41089e-12 -2.70638e-23  1.17969e-12  1.05648e-22   2.0176e-13  7.95773e-23  2.45642e-14  3.70423e-23  1.02432e-15  1.28891e-23 -4.71713e-16  3.62115e-24 -1.75435e-16  8.79369e-25  -3.9007e-17  1.96821e-25 -6.74618e-18  4.24558e-26 -9.70204e-19  9.00075e-27 -1.18864e-19  1.87609e-27 -1.25047e-20  3.76924e-28 -1.12852e-21  6.97762e-29 -8.66722e-23  1.12388e-29  -5.5754e-24  1.50844e-30 -2.92097e-25  1.65527e-31 -1.18217e-26  1.47044e-32 -3.25708e-28  1.03382e-33 -3.26334e-30  5.52089e-35  1.82794e-31  2.11729e-36  9.97769e-33  5.30608e-38  2.14405e-34  6.88158e-40  1.58759e-36
-1.97866e-09 -8.06269e-20  4.90506e-08  3.30997e-19 -2.00948e-07 -3.57707e-20 -3.31923e-06 -1.16596e-18  4.82435e-05 -2.14683e-18 -0.000299762  1.34667e-17   0.00107444 -1.41374e-17  -0.00217177 -8.24927e-18    0.0012312  5.63662e-18   0.00603223  5.07435e-17   -0.0192048 -5.21499e-17    0.0262957 -7.08399e-17   -0.0146792  1.35855e-16  -0.00599814   1.8552e-19    0.0111518 -1.29465e-16  0.000390251  4.98145e-17  -0.00559573  7.02491e-17 -0.000430664 -4.22346e-17   0.00239593 -2.44073e-17  0.000774736  1.76157e-17 -0.000679725  4.37868e-18 -0.000550732 -5.30773e-18 -1.31685e-05  1.59849e-18  0.000170597  2.23416e-18  9.42098e-05 -1.14892e-18  4.77342e-06 -9.38194e-19 -2.17424e-05  1.92422e-20 -1.40665e-05  -6.7529e-20 -3.64517e-06 -1.56198e-20   6.7096e-07   2.2006e-19  1.09402e-06  1.65635e-19  5.43581e-07 -3.37369e-20  1.51012e-07 -1.05258e-19  1.02523e-08 -4.71643e-20 -1.37925e-08  1.76109e-20 -8.85477e-09  3.09789e-20   -3.292e-09  1.44554e-20 -8.60826e-10  3.47152e-22 -1.47189e-10 -3.27861e-21 -4.43478e-12 -2.07407e-21  8.00507e-12 -6.52551e-22  3.74336e-12 -2.95915e-23  1.11426e-12  1.04936e-22  2.58041e-13  7.88653e-23  4.88381e-14  3.65104e-23  7.57429e-15  1.27077e-23  9.23403e-16  3.59971e-24  7.44536e-17  8.83324e-25 -4.40968e-19  1.97685e-25 -1.57112e-18  4.15808e-26 -3.66201e-19  8.29424e-27 -5.79737e-20  1.56946e-27 -7.28874e-21  2.80115e-28 -7.61516e-22  4.59607e-29 -6.71177e-23  6.62063e-30 -4.99917e-24  8.02481e-31 -3.12614e-25  7.98878e-32 -1.61854e-26  6.41788e-33 -6.78349e-28  4.03656e-34 -2.22232e-29  1.89271e-35 -5.37897e-31  6.15647e-37 -8.69325e-33  1.20767e-38 -7.44068e-35  9.19837e-41
 1.99694e-20 -1.21268e-08 -2.19069e-19  2.38568e-07  5.16392e-19 -1.85229e-06  5.63022e-19  4.17481e-06 -2.28232e-18  3.59449e-05 -4.24998e-18 -0.000353406  1.88394e-17   0.00148481 -1.21675e-17  -0.00348144 -1.99639e-17   0.00371292  3.18357e-18   0.00314382  7.92937e-17   -0.0171182 -7.08399e-17    0.0246989 -8.81824e-17   -0.0122096  1.56454e-16   -0.0082981  4.74506e-18      0.01067 -1.35712e-16    0.0024018  4.13686e-17  -0.00560325  6.99982e-17  -0.00162189 -3.02628e-17   0.00221436 -2.31926e-17   0.00130934  9.64821e-18 -0.000409213  2.24204e-18 -0.000658142 -2.49988e-18  -0.00016919  2.77838e-18  0.000126114  1.97253e-18  0.000120374 -9.44952e-19  3.39015e-05 -8.69213e-19  -1.1129e-05 -3.72191e-19 -1.48991e-05  -2.9067e-19 -6.69115e-06  7.72171e-20 -1.09695e-06  3.28317e-19   5.7135e-07  1.66744e-19  5.33256e-07 -6.80378e-20  2.30307e-07 -1.17029e-19  5.98815e-08 -3.94134e-20  4.87937e-09  2.65553e-20  -4.1632e-09  3.45658e-20 -2.72654e-09  1.49966e-20  -1.0171e-09  3.97718e-22 -2.76342e-10 -3.14642e-21 -5.54061e-11 -1.97084e-21  -6.8223e-12 -6.12117e-22  2.95498e-13 -2.10438e-23  4.67924e-13  1.03024e-22   1.6543e-13  7.53838e-23  4.11032e-14  3.43697e-23  8.21145e-15  1.18684e-23  1.37368e-15  3.35443e-24  1.94498e-16  8.20923e-25  2.31212e-17  1.81412e-25  2.23247e-18  3.69718e-26  1.58358e-19  6.97189e-27  4.80963e-21  1.21565e-27 -7.28597e-22  1.95907e-28 -1.62874e-22   2.8752e-29 -1.95772e-23  3.70785e-30 -1.73652e-24  4.04138e-31 -1.21153e-25  3.62191e-32 -6.72127e-27  2.60318e-33 -2.92508e-28  1.44332e-34 -9.63959e-30  5.81239e-36 -2.24756e-31  1.54127e-37 -3.21966e-33  2.14597e-39 -1.83605e-35
