 5.88456e-34  1.69639e-36 -3.91636e-34 -6.80247e-36 -1.38379e-34  1.01089e-35  3.93514e-34  9.20615e-36 -1.86117e-34 -3.99084e-36 -1.48342e-34 -4.40832e-37  4.24489e-35 -5.21483e-36 -8.64946e-35  1.70112e-36   4.2564e-35 -1.70218e-36 -3.91269e-35 -6.87596e-37  7.49598e-36  8.27143e-37 -1.68618e-36 -3.34788e-37 -2.64427e-36   3.9158e-38  5.03618e-37  9.37017e-38 -1.28883e-36  -1.1545e-37  1.90266e-38  2.65682e-38 -2.48658e-37 -2.36204e-38 -2.65489e-37  5.13929e-39  4.59236e-37  3.04414e-39 -1.70747e-36 -2.50002e-39  6.71884e-36  1.49328e-39  -2.4441e-35  1.08065e-40   8.0974e-35 -2.00136e-40 -2.44308e-34 -6.07164e-41  6.70604e-34 -1.68772e-40  -1.6715e-33  4.07001e-40  3.77382e-33 -1.43544e-39 -7.69212e-33  4.45374e-39  1.40933e-32 -1.29051e-38 -2.30781e-32  3.48336e-38  3.35218e-32 -8.76487e-38 -4.27467e-32  2.05365e-37  4.71541e-32 -4.47745e-37 -4.39894e-32  9.07606e-37   3.3377e-32 -1.70875e-36 -1.89646e-32  2.98427e-36  6.13087e-33 -4.82768e-36  1.26002e-33  7.22149e-36 -2.97199e-33 -9.96821e-36  1.64072e-33  1.26668e-35 -1.33843e-34 -1.47753e-35 -3.64015e-34  1.57673e-35  1.94558e-34 -1.53301e-35  8.41958e-36  1.35121e-35 -4.25388e-35 -1.07287e-35  9.21846e-36  7.61151e-36  5.40355e-36 -4.77163e-36 -2.29968e-36  2.60092e-36 -4.35304e-37 -1.20101e-36  2.87181e-37  4.47044e-37    4.283e-38 -1.17848e-37 -2.97822e-38  9.71113e-39 -2.83575e-39  1.05623e-38  1.82466e-39 -7.48402e-39  1.24643e-40  2.97392e-39 -4.56075e-42  -8.2861e-40 -2.89242e-41  1.65726e-40  4.64354e-42  -2.2588e-41 -4.10672e-43  1.72928e-42  8.88549e-44  7.29446e-46 -8.37708e-45 -1.38186e-44  2.54374e-46   1.1003e-45 -8.57172e-48 -2.18172e-47
 1.69639e-36    1.582e-33  8.66095e-36 -1.01752e-33 -2.26873e-35  -1.6469e-34  3.39195e-35  8.09525e-34   1.8238e-35 -2.98308e-34  5.86098e-36 -2.58093e-34 -2.05784e-36 -1.94572e-35  -1.1733e-35 -1.40427e-34  4.57946e-36  1.03959e-34 -1.60769e-36 -7.64831e-35 -1.94919e-36   1.9587e-35  1.96948e-36 -9.24476e-36 -6.25959e-37 -3.37964e-36 -8.28812e-38  8.77993e-37  3.66467e-37 -3.11831e-36 -3.07297e-37  3.00738e-37  1.01811e-37 -3.16324e-37 -7.48778e-38 -3.24034e-36  6.01147e-39  1.36586e-35  2.89468e-39 -5.64569e-35 -5.63981e-39  2.14894e-34  2.35598e-39 -7.46219e-34   4.3446e-40  2.36077e-33 -9.01173e-40 -6.79902e-33  3.94631e-42  1.77993e-32 -1.10259e-39 -4.22653e-32   3.7822e-39  9.07681e-32 -1.36027e-38 -1.75629e-31  4.40161e-38  3.04652e-31 -1.31299e-37  -4.7066e-31  3.61604e-37  6.41904e-31 -9.21055e-37 -7.63392e-31  2.17093e-36  7.77422e-31  -4.7363e-36 -6.58346e-31  9.56398e-36  4.38657e-31 -1.78675e-35 -1.99948e-31  3.08593e-35  2.63775e-32   -4.922e-35  4.60057e-32  7.23963e-35 -4.18323e-32 -9.80251e-35  1.31299e-32  1.21914e-34  4.20766e-33 -1.38902e-34 -5.38065e-33  1.44509e-34  1.21969e-33  -1.3674e-34  7.41669e-34  1.17107e-34 -4.51322e-34 -9.02177e-35 -2.99556e-35  6.20257e-35   7.8871e-35 -3.76513e-35 -6.69339e-36  1.98738e-35 -9.19629e-36 -8.90588e-36   1.1295e-36  3.24345e-36  9.40325e-37 -8.64902e-37 -1.21288e-37   1.0422e-37 -6.20018e-38  4.43073e-38  3.58079e-39 -3.52289e-38  2.96676e-39  1.35891e-38  2.59771e-40 -3.55308e-39 -1.54049e-40  6.53059e-40  5.30086e-42 -8.00793e-41 -1.02375e-42  5.33557e-42   3.3402e-43  1.84358e-44 -1.31985e-44 -3.14221e-44  1.89857e-46  1.71919e-45 -1.21809e-47
-3.91636e-34  8.66095e-36  3.10441e-33  2.56151e-35  -1.6075e-33 -4.40862e-35  3.54032e-35   7.2561e-35  9.65038e-34  3.18294e-35 -2.53155e-34  2.62748e-35 -3.08441e-34 -2.32855e-36 -1.38605e-34 -1.97708e-35 -1.84964e-34  7.38725e-36   1.8433e-34  1.03944e-36 -1.19153e-34 -3.93338e-36  4.46503e-35  3.47452e-36 -2.58158e-35 -9.00953e-37  4.04733e-37 -3.41816e-37    5.992e-37  8.87651e-37 -4.78703e-36 -5.73533e-37 -1.96485e-36  2.60158e-37  1.34658e-35  -1.7134e-37 -7.46402e-35 -4.41226e-39  3.25762e-34 -3.89824e-39 -1.29927e-33 -8.13634e-39  4.72696e-33  1.36947e-39 -1.56762e-32  1.20345e-39  4.73536e-32 -1.88098e-39 -1.30136e-31 -1.67401e-39  3.24775e-31  1.49252e-39 -7.34208e-31  3.78785e-39  1.49851e-30   -3.866e-38  -2.7492e-30  1.81475e-37   4.5079e-30 -6.61136e-37 -6.55629e-30  2.05602e-36  8.37035e-30 -5.65858e-36 -9.24215e-30  1.40191e-35  8.62616e-30 -3.15556e-35 -6.54187e-30  6.48725e-35  3.70525e-30 -1.22171e-34 -1.17836e-30  2.11086e-34 -2.72546e-31 -3.34776e-34  5.99526e-31  4.87221e-34 -3.26207e-31 -6.50071e-34  2.31853e-32  7.93915e-34  7.50203e-32 -8.85544e-34 -3.92325e-32  8.99535e-34 -2.19275e-33 -8.29086e-34  8.84657e-33  6.90131e-34  -1.8583e-33 -5.15741e-34 -1.13865e-33  3.43355e-34  4.67355e-34 -2.01538e-34  1.00654e-34  1.02777e-34 -6.26837e-35 -4.45208e-35 -8.79709e-36  1.57447e-35  6.18423e-36 -4.15946e-36  6.26629e-37   5.8265e-37  -3.4627e-37   1.1983e-37 -5.73213e-38 -1.12565e-37  1.19882e-38    4.197e-38   3.1498e-39 -1.02228e-38 -2.89367e-40  1.71084e-39  -3.0411e-41 -1.86419e-40 -5.57094e-42  1.05861e-41  6.96707e-43  7.16225e-44  4.30939e-45 -4.40688e-44  3.52585e-46  1.36504e-45
-6.80247e-36 -1.01752e-33  2.56151e-35  4.48845e-33  5.56202e-35 -1.78449e-33  -5.6657e-35   5.2353e-34  1.16439e-34  8.30276e-34  5.43045e-35 -7.17056e-35  4.62502e-35 -2.68358e-34  7.00315e-37 -2.62956e-34 -2.79661e-35 -2.25343e-34  8.10083e-36  2.69434e-34  5.77391e-36 -1.75535e-34 -6.53036e-36   9.1177e-35  5.06912e-36 -5.22553e-35 -1.06704e-36  1.23355e-35 -5.91144e-37 -2.83947e-36  1.64399e-36  4.43942e-36 -8.66699e-37 -6.35359e-35  5.24438e-37  3.21327e-34  -3.2394e-37 -1.49081e-33 -3.16913e-38  6.23393e-33 -2.02731e-38 -2.37659e-32 -7.93622e-39  8.26032e-32 -1.18615e-39 -2.61636e-31 -1.90801e-39  7.54465e-31  1.32146e-38 -1.97772e-30 -5.62958e-38  4.70261e-30  1.49469e-37 -1.01135e-29 -3.53165e-37  1.95969e-29   7.0796e-37 -3.40432e-29 -1.08497e-36  5.26698e-29  6.97106e-37 -7.19328e-29  3.03701e-36  8.56542e-29 -1.66576e-35 -8.73129e-29  5.39344e-35  7.39659e-29 -1.39444e-34 -4.92288e-29  3.10124e-34  2.23024e-29 -6.11027e-34 -2.72906e-30  1.08169e-33 -5.37669e-30 -1.73317e-33  4.80271e-30  2.52292e-33 -1.47602e-30 -3.34173e-33 -5.11155e-31  4.02804e-33  6.28622e-31 -4.41377e-33 -1.37809e-31  4.38752e-33 -8.96531e-32 -3.94433e-33  5.32103e-32  3.19323e-33  3.96902e-33 -2.31496e-33  -9.4276e-33  1.49163e-33  7.04781e-34 -8.45646e-34  1.14743e-33  4.15832e-34 -1.41447e-34 -1.73559e-34 -1.12774e-34  5.92497e-35  1.33131e-35 -1.52876e-35  7.93212e-36  2.27569e-36 -3.42544e-37  2.35778e-37 -4.33853e-37 -2.82375e-37 -1.05822e-38  1.01085e-37  1.28352e-38  -2.2736e-38  7.48173e-40  3.42875e-39 -7.08084e-41 -3.27764e-40 -2.26476e-41  1.55867e-41  3.07155e-43   1.3541e-43  2.82428e-44 -4.07494e-44  8.21931e-46
-1.38379e-34 -2.26873e-35  -1.6075e-33  5.56202e-35  5.45993e-33    1.001e-34 -1.51398e-33 -4.68991e-35  1.12331e-33  1.51247e-34  6.22432e-34  8.17081e-35  1.36461e-34  5.48795e-35 -1.06915e-34  6.49363e-36 -3.85159e-34 -3.51425e-35 -2.55696e-34  5.56505e-36   3.4315e-34  1.11317e-35 -2.53479e-34 -9.48836e-36  1.64473e-34  6.32207e-36 -8.69081e-35  -9.2615e-37  3.92093e-35 -6.40901e-37 -4.31737e-35   2.5478e-36  2.17267e-34 -1.13457e-36 -1.19461e-33  9.04612e-37  5.73902e-33 -5.38255e-37  -2.5176e-32 -7.41856e-38  1.00579e-31 -4.63453e-38 -3.66352e-31   -7.392e-39  1.21642e-30  1.39576e-38 -3.67928e-30 -7.52251e-38  1.01252e-29  2.64519e-37 -2.53051e-29 -8.32765e-37  5.72913e-29  2.31175e-36  -1.1711e-28 -5.86409e-36   2.1519e-28  1.34949e-35 -3.53409e-28 -2.78187e-35  5.14806e-28  5.01447e-35 -6.58233e-28 -7.48931e-35  7.27756e-28  7.80518e-35 -6.79901e-28  7.99871e-37  5.15674e-28 -2.78061e-34 -2.91406e-28  9.33885e-34  9.13455e-29 -2.18778e-33  2.33423e-29  4.22535e-33 -4.85918e-29 -7.08191e-33  2.61283e-29  1.05266e-32  -1.6154e-30 -1.40211e-32 -6.20815e-30   1.6818e-32  3.19109e-30 -1.81993e-32  2.12135e-31  1.77628e-32 -7.38742e-31 -1.56068e-32  1.50751e-31  1.23015e-32  9.70291e-32 -8.65423e-33 -3.88239e-32  5.39548e-33 -8.97831e-33 -2.95171e-33   5.4085e-33  1.39724e-33  7.51588e-34 -5.60335e-34  -5.1902e-34  1.83744e-34 -6.14573e-35 -4.58133e-35  3.10235e-35   6.9111e-36  5.20857e-36  3.42197e-37 -1.14401e-36  -5.9066e-37 -2.42953e-37  2.01005e-37  1.38233e-38 -4.13001e-38  4.95888e-39  5.54449e-39  2.38285e-40 -4.58486e-40 -3.99648e-41  1.79949e-41 -1.64133e-42  1.48462e-43 -2.85908e-45  -2.2518e-44
 1.01089e-35  -1.6469e-34 -4.40862e-35 -1.78449e-33    1.001e-34   6.2942e-33  1.58494e-34 -9.58676e-34 -1.59611e-35  1.53924e-33  1.66445e-34  5.26236e-34  1.02339e-34  2.47678e-34  4.79381e-35   1.8503e-34  1.31826e-35 -5.27815e-34 -4.13914e-35 -2.66688e-34  1.18849e-38  3.91248e-34  1.57332e-35  -3.5024e-34  -1.2664e-35  2.64471e-34  6.81506e-36 -1.37128e-34 -2.18431e-37  1.73278e-34 -3.79645e-37 -6.95326e-34  3.46868e-36  3.80186e-33 -1.35934e-36 -1.92405e-32  1.40093e-36  8.83729e-32 -8.14533e-37 -3.70017e-31 -1.24602e-37  1.41236e-30 -6.91922e-38 -4.91522e-30  -5.6119e-38  1.55894e-29  2.43342e-37  -4.5018e-29  -8.9013e-37  1.18184e-28  2.90875e-36 -2.81453e-28 -8.74625e-36  6.06272e-28  2.41387e-35 -1.17674e-27 -6.13915e-35  2.04768e-27   1.4344e-34 -3.17351e-27  -3.0635e-34  4.34155e-27  5.93406e-34 -5.17806e-27   -1.029e-33  5.28569e-27  1.55925e-33 -4.48171e-27 -1.95724e-33  2.98174e-27  1.72046e-33 -1.34434e-27  -3.2016e-35  1.53044e-28 -4.11402e-33  3.37909e-28   1.1555e-32 -2.97606e-28 -2.24251e-32  8.98767e-29  3.56745e-32  3.32292e-29 -4.89812e-32 -3.96497e-29  5.92913e-32  8.46024e-30 -6.38911e-32  5.82021e-30   6.1532e-32 -3.38957e-30 -5.29924e-32 -2.78963e-31  4.07318e-32    6.116e-31  -2.7826e-32 -4.20199e-32  1.67846e-32 -7.62409e-32 -8.85448e-33   9.2444e-33  4.02899e-33  7.44718e-33 -1.54861e-33 -8.20405e-34  4.85697e-34 -5.51355e-34 -1.16013e-34  2.42945e-35  1.72082e-35  2.94946e-35  3.38844e-37  6.82305e-37 -1.06522e-36 -8.21869e-37  3.39823e-37 -7.08111e-38 -6.29335e-38  7.71001e-39  7.41028e-39  1.29284e-39 -5.21574e-40  8.01988e-43  1.66889e-41 -2.78039e-42   9.0335e-44 -4.91545e-44
 3.93514e-34  3.39195e-35  3.54032e-35  -5.6657e-35 -1.51398e-33  1.58494e-34  7.15485e-33  2.23895e-34 -3.27493e-34   1.9554e-35  1.58337e-33  1.59512e-34  5.69196e-34  1.06607e-34  1.79726e-34  2.80296e-35  5.78291e-34  1.94647e-35 -7.09095e-34 -4.79484e-35 -2.48838e-34 -7.42817e-36  4.00644e-34   1.8974e-35 -4.52066e-34 -1.62186e-35  4.14286e-34   6.3225e-36 -4.30726e-34  1.27801e-36  1.93724e-33   1.6817e-37 -1.07972e-32  4.27047e-36  5.71086e-32 -1.58115e-36   -2.752e-31  2.00273e-36  1.20757e-30 -1.14139e-36  -4.8303e-30 -1.96636e-37  1.76172e-29  2.76537e-38 -5.85769e-29 -6.05152e-37  1.77436e-28  2.33604e-36 -4.89044e-28 -7.98625e-36  1.22421e-27  2.52631e-35 -2.77631e-27 -7.40188e-35  5.68504e-27  2.00634e-34 -1.04652e-26 -5.02981e-34   1.7219e-26  1.16393e-33 -2.51296e-26 -2.47887e-33  3.21901e-26   4.8384e-33 -3.56517e-26 -8.60102e-33  3.33556e-26  1.37894e-32 -2.53176e-26 -1.96084e-32  1.42883e-26  2.39421e-32 -4.42497e-27 -2.31884e-32 -1.22875e-27  1.28859e-32   2.4508e-27  1.06377e-32 -1.30605e-27 -4.79779e-32  7.05744e-29  9.48373e-32  3.19464e-28 -1.42061e-31 -1.62141e-28  1.78209e-31 -1.21811e-29 -1.93882e-31  3.84197e-29  1.85648e-31 -7.66558e-30 -1.57378e-31 -5.15008e-30   1.1823e-31  2.02764e-30 -7.85136e-32  4.89352e-31  4.58302e-32 -2.88886e-31 -2.33019e-32 -4.09918e-32  1.01791e-32  2.77317e-32 -3.74138e-33    3.547e-33  1.11787e-33 -1.72722e-33 -2.53852e-34 -2.85006e-34   3.6208e-35  6.21984e-35  1.43432e-37  1.36093e-35 -1.69179e-36 -6.68423e-37  4.96511e-37 -3.04422e-37 -8.14773e-38 -1.07246e-38  8.25843e-39  1.98852e-39 -4.85238e-40  1.11403e-40  1.24736e-41 -1.18075e-43  1.90735e-44
 9.20615e-36  8.09525e-34   7.2561e-35   5.2353e-34 -4.68991e-35 -9.58676e-34  2.23895e-34  7.89327e-33  2.79952e-34  1.26502e-34  4.04332e-35   1.2998e-33  1.34946e-34  6.77781e-34  9.39928e-35 -8.43234e-35  1.53213e-36  1.00978e-33  2.50161e-35 -9.34982e-34 -5.61284e-35 -1.88978e-34 -1.55127e-35  3.66315e-34  2.10897e-35 -6.03114e-34 -2.05198e-35  1.14088e-33  4.92027e-36 -4.61281e-33  3.64688e-36  2.75305e-32  8.70038e-37 -1.52509e-31  4.83622e-36   7.7063e-31 -1.87961e-36 -3.54518e-30  2.67143e-36  1.48615e-29 -1.45474e-36 -5.68029e-29 -5.00007e-37  1.97965e-28  1.13991e-36  -6.2882e-28 -5.04989e-36  1.81875e-27   1.8271e-35 -4.78265e-27 -6.05525e-35  1.14098e-26  1.86443e-34 -2.46225e-26 -5.32786e-34  4.78818e-26  1.41188e-33 -8.34848e-26 -3.46671e-33  1.29647e-25  7.87499e-33 -1.77725e-25 -1.65148e-32  2.12391e-25  3.18806e-32 -2.17208e-25 -5.64225e-32   1.8444e-25  9.10208e-32 -1.22764e-25  -1.3268e-31  5.51638e-26  1.72299e-31 -5.87664e-27  -1.9421e-31 -1.43848e-26  1.79323e-31  1.25374e-26 -1.12398e-31 -3.73584e-27 -8.82065e-33 -1.45672e-27  1.67454e-31  1.70056e-27 -3.29343e-31 -3.55668e-28  4.54195e-31  -2.5583e-28 -5.11502e-31  1.47142e-28  4.92851e-31  1.30052e-29 -4.13806e-31 -2.70357e-29  3.04812e-31  1.76076e-30 -1.97071e-31  3.42872e-30  1.11376e-31 -4.08935e-31 -5.45618e-32 -3.37854e-31   2.2857e-32  3.60269e-32 -8.01652e-33  2.56731e-32  2.27313e-33 -1.14458e-33 -4.87206e-34 -1.36151e-33  6.55685e-35 -3.61015e-35 -1.72221e-37  3.86988e-35 -2.40065e-36  3.52209e-36  6.32415e-37 -3.90796e-37 -8.99369e-38 -5.94134e-38  7.65689e-39 -3.15384e-40 -3.66501e-40  1.43622e-40  7.30471e-42  2.36476e-42
-1.86117e-34   1.8238e-35  9.65038e-34  1.16439e-34  1.12331e-33 -1.59611e-35 -3.27493e-34  2.79952e-34  8.30197e-33  3.06782e-34  1.78748e-34  3.80606e-35  9.14129e-34  1.00958e-34  7.71911e-34  7.10577e-35 -5.00902e-34 -2.40081e-35  1.39811e-33  2.98589e-35 -1.20668e-33 -6.63761e-35 -8.23105e-35  -2.3439e-35  4.19824e-34  2.28158e-35 -1.90009e-33 -2.57809e-35   1.0379e-32  2.99337e-36 -6.34011e-32  6.76886e-36   3.6983e-31  1.56439e-36 -1.96061e-30  5.07471e-36  9.45762e-30 -2.30242e-36  -4.1556e-29  3.27202e-36  1.66453e-28 -1.37394e-36 -6.07978e-28 -2.56377e-36  2.02463e-27  9.32803e-36 -6.14284e-27 -3.57218e-35  1.69599e-26  1.24512e-34 -4.25318e-26 -4.01792e-34  9.66386e-26  1.20516e-33  -1.9828e-25 -3.35765e-33  3.65755e-25  8.68322e-33 -6.03086e-25 -2.08254e-32  8.82081e-25  4.62602e-32 -1.13241e-24 -9.50083e-32   1.2569e-24   1.7999e-31 -1.17826e-24 -3.13572e-31  8.95612e-25  5.00288e-31 -5.05341e-25 -7.26737e-31  1.55037e-25  9.52981e-31  4.60626e-26 -1.11276e-30 -8.89921e-26  1.12897e-30  4.71434e-26 -9.43992e-31 -2.25836e-27  5.53314e-31 -1.18269e-26 -2.31588e-32  5.95517e-27 -5.23587e-31   4.8647e-28  9.51929e-31 -1.44037e-27 -1.16867e-30  2.83421e-28   1.1565e-30  1.96619e-28 -9.70726e-31 -7.68152e-29  7.04283e-31 -1.90361e-29 -4.44279e-31  1.11359e-29  2.43313e-31  1.61401e-30 -1.14842e-31 -1.08102e-30  4.60943e-32 -1.42874e-31 -1.53949e-32  6.88681e-32  4.12692e-33  1.13512e-32 -8.28713e-34 -2.46552e-33  1.03303e-34  -5.5795e-34 -2.65962e-37  2.68284e-35 -3.07411e-36  1.26623e-35  7.04431e-37  4.26209e-37 -8.42475e-38 -7.98679e-38  5.82557e-39 -4.86324e-39 -2.19843e-40  6.70118e-42   2.9753e-42
-3.99084e-36 -2.98308e-34  3.18294e-35  8.30276e-34  1.51247e-34  1.53924e-33   1.9554e-35  1.26502e-34  3.06782e-34  8.34421e-33  2.92899e-34 -2.39461e-34  1.74063e-35  6.89611e-34  6.62005e-35  8.00545e-34  4.48863e-35 -9.86749e-34 -4.13444e-35   1.6568e-33  3.39628e-35 -1.49703e-33 -7.80571e-35 -1.62373e-34 -3.09957e-35  2.68207e-33  2.49384e-35 -2.01496e-32 -3.16975e-35  1.34227e-31  1.14014e-36 -8.20221e-31  1.03071e-35  4.56613e-30  2.14334e-36 -2.31037e-29  4.90407e-36  1.06424e-28 -2.71794e-36 -4.46762e-28  3.21423e-36  1.71014e-27  1.38887e-36 -5.96944e-27  -1.5802e-35  1.89931e-26  6.08682e-35 -5.50312e-26 -2.22672e-34  1.44982e-25  7.54307e-34 -3.46555e-25  -2.3729e-33  7.49413e-25  6.93907e-33 -1.46048e-24 -1.88537e-32  2.55215e-24   4.7565e-32 -3.97255e-24 -1.11324e-31  5.45872e-24  2.41418e-31 -6.53917e-24 -4.84342e-31  6.70309e-24  8.97136e-31 -5.70373e-24 -1.53026e-30  3.80137e-24   2.3956e-30 -1.70519e-24 -3.42668e-30   1.7157e-25  4.45111e-30  4.58951e-25 -5.20337e-30 -3.97319e-25  5.39631e-30  1.17352e-25 -4.83858e-30  4.76653e-26  3.54593e-30 -5.48791e-26 -1.77801e-30  1.13399e-26 -3.88283e-32   8.4264e-27  1.47587e-30 -4.81883e-27 -2.26851e-30 -4.45137e-28  2.39575e-30  9.00247e-28 -2.03997e-30 -5.71962e-29  1.46724e-30 -1.15879e-28  -9.0583e-31  1.37526e-29  4.81373e-31  1.15659e-29  -2.1897e-31   -1.226e-30  8.41486e-32 -8.93795e-31  -2.6711e-32  4.02709e-32  6.74255e-33  4.77204e-32 -1.25838e-33  1.34345e-33  1.42344e-34  -1.3871e-33  4.30862e-37 -1.27088e-34 -3.57539e-36  1.42468e-35  6.84953e-37  2.14773e-36 -6.59991e-38  1.42793e-38  3.53038e-39 -5.39031e-39 -9.98882e-41 -8.80458e-41
-1.48342e-34  5.86098e-36 -2.53155e-34  5.43045e-35  6.22432e-34  1.66445e-34  1.58337e-33  4.04332e-35  1.78748e-34  2.92899e-34  8.17978e-33  2.42146e-34 -1.02872e-33 -9.10329e-36  8.10936e-34  3.74576e-35  7.21029e-34  1.86939e-35 -1.44075e-33 -4.49006e-35  1.67049e-33  3.73443e-35  -1.3716e-33 -8.98535e-35 -4.10388e-33 -3.83614e-35  3.61113e-32  2.79394e-35  -2.5975e-31 -3.73427e-35  1.67523e-30 -5.87428e-40  -9.7918e-30  1.37487e-35  5.19904e-29  2.61137e-36  -2.5113e-28  4.16585e-36  1.10502e-27 -2.35963e-36 -4.43287e-27 -4.67499e-37  1.62174e-26  1.94267e-35 -5.40978e-26 -9.12712e-35  1.64432e-25  3.48094e-34 -4.54849e-25 -1.23921e-33  1.14297e-24  4.09747e-33 -2.60251e-24 -1.25902e-32  5.35166e-24  3.59541e-32 -9.89499e-24 -9.53826e-32  1.63555e-23  2.34914e-31 -2.39824e-23  -5.3664e-31  3.08684e-23  1.13574e-30 -3.43514e-23  -2.2236e-30  3.22838e-23  4.01982e-30 -2.45928e-23 -6.69454e-30  1.38895e-23  1.02408e-29 -4.23463e-24 -1.43361e-29 -1.32606e-24  1.82757e-29   2.5064e-24 -2.10728e-29 -1.32415e-24  2.17597e-29  5.77624e-26  -1.9802e-29   3.3937e-25  1.54186e-29 -1.70377e-25 -9.59824e-30 -1.46417e-26  3.74922e-30  4.19452e-26  8.54802e-31 -8.22022e-27 -3.53464e-30 -5.81434e-27  4.34014e-30  2.27313e-27 -3.84277e-30   5.7091e-28  2.76619e-30 -3.34682e-28 -1.67848e-30 -4.89839e-29  8.67262e-31  3.29556e-29 -3.80485e-31  4.39733e-30  1.39942e-31 -2.13562e-30 -4.21413e-32 -3.52322e-31  9.97435e-33  7.72038e-32 -1.71439e-33  1.77088e-32  1.71527e-34 -8.66122e-34  2.43647e-36 -4.06676e-34 -3.78916e-36 -1.36485e-35  5.77089e-37   2.5842e-36 -4.19134e-38  1.61232e-37   1.6055e-39 -2.44559e-40 -3.03819e-41
-4.40832e-37 -2.58093e-34  2.62748e-35 -7.17056e-35  8.17081e-35  5.26236e-34  1.59512e-34   1.2998e-33  3.80606e-35 -2.39461e-34  2.42146e-34  8.08047e-33  1.69957e-34 -2.03709e-33 -2.93573e-35  1.34919e-33  1.86041e-35  4.68888e-34 -7.89203e-36  -1.7154e-33 -3.23626e-35  7.56614e-34  4.01216e-35   5.1128e-33   -1.003e-34 -6.08593e-32 -4.57312e-35  4.64827e-31  3.18506e-35 -3.16142e-30  -4.1401e-35  1.94273e-29  6.30322e-38 -1.08284e-28  1.64909e-35  5.48651e-28  3.14564e-36 -2.53095e-27  2.24617e-36  1.06411e-26  2.04414e-36 -4.07994e-26 -2.18344e-35  1.42663e-25  1.13164e-34 -4.54751e-25 -4.70681e-34  1.32018e-24  1.76772e-33 -3.48524e-24 -6.17226e-33  8.34908e-24  2.00149e-32 -1.80962e-23 -6.02807e-32  3.53517e-23  1.68603e-31 -6.19333e-23 -4.37749e-31  9.66585e-23  1.05433e-30 -1.33186e-22 -2.35364e-30      1.6e-22  4.86433e-30 -1.64479e-22  -9.2941e-30   1.4034e-22  1.63882e-29  -9.3742e-23 -2.66111e-29  4.20525e-23   3.9687e-29 -4.04926e-24 -5.41822e-29 -1.16209e-23   6.7432e-29  1.00304e-23 -7.60807e-29 -2.95152e-24  7.72244e-29  -1.2329e-24 -6.97164e-29  1.41117e-24   5.4925e-29 -2.90638e-25 -3.63954e-29 -2.20229e-25  1.84812e-29  1.26108e-25 -4.66033e-30  1.18553e-26  -3.5645e-30 -2.39083e-26   6.7029e-30  1.52783e-27 -6.46432e-30  3.11937e-27  4.72589e-30  -3.7437e-28 -2.83559e-30 -3.15573e-28  1.42876e-30  3.39615e-29 -6.05372e-31  2.47552e-29  2.13106e-31 -1.15252e-30 -6.07762e-32 -1.34035e-30  1.34264e-32 -3.74258e-32 -2.10223e-33  3.97639e-32  1.79522e-34  3.62759e-33  5.81814e-36 -4.15398e-34 -3.65848e-36 -6.25772e-35  4.14739e-37 -4.22221e-37 -2.01456e-38  1.60895e-37  4.78729e-40  2.62254e-39
 4.24489e-35 -2.05784e-36 -3.08441e-34  4.62502e-35  1.36461e-34  1.02339e-34  5.69196e-34  1.34946e-34  9.14129e-34  1.74063e-35 -1.02872e-33  1.69957e-34  8.32945e-33  9.37305e-35 -3.17575e-33 -3.57657e-35  2.28929e-33  1.05648e-35 -1.07719e-34 -3.58321e-35 -8.69559e-34  -5.5769e-36  -9.8388e-33  4.22427e-35  9.47278e-32 -1.08139e-34 -7.72427e-31 -5.30214e-35  5.53701e-30  3.63332e-35 -3.57905e-29 -4.26078e-35  2.09543e-28  1.54972e-36  -1.1141e-27  1.79439e-35  5.38936e-27  4.23432e-36 -2.37512e-26 -3.06995e-36  9.54384e-26  2.23014e-35 -3.49773e-25 -1.15618e-34  1.16896e-24   5.2205e-34 -3.56016e-24 -2.11922e-33  9.86885e-24  7.90927e-33 -2.48543e-23 -2.73521e-32  5.67264e-23   8.7654e-32  -1.1694e-22  -2.6036e-31  2.16786e-22    7.168e-31 -3.59317e-22 -1.82862e-30  5.28396e-22  4.32043e-30 -6.82162e-22 -9.44674e-30  7.61487e-22   1.9096e-29 -7.17888e-22 -3.56397e-29  5.48491e-22  6.13122e-29 -3.10462e-22 -9.70303e-29  9.43934e-23  1.40912e-28  3.06922e-23 -1.87223e-28 -5.72927e-23  2.26736e-28  3.02887e-23 -2.49092e-28 -1.25347e-24  2.46679e-28 -7.89809e-24 -2.18262e-28  3.97415e-24  1.70201e-28  3.48294e-25 -1.14219e-28 -9.92897e-25  6.27283e-29  1.95877e-25 -2.42787e-29  1.39339e-25  1.45014e-30 -5.49918e-26  8.22947e-30 -1.38172e-26 -9.60563e-30  8.21315e-27  7.30645e-30  1.19564e-27 -4.37406e-30 -8.20964e-28  2.15861e-30 -1.08742e-28 -8.85319e-31  5.41044e-29  2.98472e-31  8.86681e-30 -8.04964e-32 -1.99152e-30  1.65146e-32 -4.55572e-31 -2.32405e-33  2.32339e-32   1.6019e-34   1.0652e-32  9.94004e-36  3.52833e-34 -3.20497e-36 -6.90999e-35  2.46514e-37 -4.32209e-36 -5.98551e-39  7.73142e-39  5.88771e-41
-5.21483e-36 -1.94572e-35 -2.32855e-36 -2.68358e-34  5.48795e-35  2.47678e-34  1.06607e-34  6.77781e-34  1.00958e-34  6.89611e-34 -9.10329e-36 -2.03709e-33  9.37305e-35  9.14398e-33  2.54161e-35 -4.44883e-33  -2.5671e-35  3.64479e-33  1.17123e-35 -2.20964e-33 -6.41495e-35  1.31316e-32  3.00917e-35 -1.41813e-31  4.31906e-35  1.19376e-30  -1.1247e-34 -9.02715e-30 -5.98475e-35   6.1417e-29  4.09009e-35  -3.7792e-28 -4.01574e-35  2.10945e-27  4.33927e-36  -1.0704e-26  1.78234e-35  4.94561e-26   6.0605e-36 -2.08284e-25 -1.45562e-35   8.0002e-25  8.08822e-35 -2.80275e-24 -4.14216e-34  8.95215e-24  1.91058e-33 -2.60447e-23 -7.96062e-33  6.89144e-23  3.02841e-32 -1.65487e-22 -1.05785e-31  3.59601e-22  3.40057e-31 -7.04397e-22 -1.00759e-30  1.23757e-21  2.75455e-30 -1.93726e-21 -6.95121e-30  2.67777e-21  1.61935e-29 -3.22747e-21 -3.48138e-29  3.32911e-21  6.90223e-29  -2.8503e-21 -1.26067e-28  1.91007e-21   2.1182e-28 -8.58562e-22 -3.26812e-28  8.04842e-23  4.61968e-28  2.42264e-22 -5.96625e-28 -2.09296e-22   7.0159e-28  6.16972e-23 -7.48014e-28  2.61525e-23  7.19145e-28 -3.00004e-23 -6.18914e-28  6.21739e-24  4.71815e-28  4.73793e-24 -3.13242e-28 -2.73668e-24  1.75434e-28  -2.5476e-25 -7.67798e-29  5.25426e-25   1.9366e-29 -3.48642e-26  6.03102e-30 -6.94039e-26 -1.22869e-29  8.57196e-27  1.01672e-29  7.11513e-27 -6.15821e-30 -7.92675e-28   2.9962e-30 -5.66795e-28 -1.19377e-30  2.81316e-29  3.85988e-31   3.1233e-29 -9.83297e-32   8.1653e-31  1.86319e-32 -9.46639e-31 -2.31677e-33 -8.52065e-32  1.16376e-34  1.01403e-32  1.36037e-35  1.51304e-33 -2.52523e-36  9.30939e-36  1.13327e-37 -3.99156e-36  6.79845e-41 -6.46547e-38
-8.64946e-35  -1.1733e-35 -1.38605e-34  7.00315e-37 -1.06915e-34  4.79381e-35  1.79726e-34  9.39928e-35  7.71911e-34  6.62005e-35  8.10936e-34 -2.93573e-35 -3.17575e-33  2.54161e-35  1.06432e-32 -3.01951e-35 -5.98927e-33 -1.98641e-37  6.66183e-33  1.84136e-35 -2.12183e-32 -8.96051e-35  1.91867e-31  6.76716e-35 -1.72432e-30  4.20893e-35  1.37315e-29 -1.12868e-34 -9.84139e-29  -6.5778e-35  6.36893e-28  4.51238e-35 -3.73406e-27 -3.37814e-35  1.98831e-26  7.34255e-36 -9.63371e-26  1.94871e-35  4.25289e-25 -5.20758e-36 -1.71202e-24  1.56949e-35  6.28655e-24  4.13371e-35 -2.10532e-23 -6.48176e-34  6.42595e-23  4.29496e-33 -1.78543e-22 -2.15029e-32  4.50762e-22  9.09991e-32 -1.03149e-21 -3.38992e-31  2.13229e-21  1.13269e-30 -3.96446e-21  -3.4299e-30  6.59137e-21  9.46967e-30 -9.72472e-21 -2.39252e-29  1.25979e-20  5.54327e-29 -1.41137e-20 -1.17905e-28  1.33556e-20  2.30288e-28 -1.02431e-20 -4.12885e-28  5.81862e-21  6.78891e-28 -1.77108e-21 -1.02224e-27  -5.8889e-22  1.40681e-27  1.09578e-21 -1.76502e-27 -5.81785e-22  2.01247e-27  2.40713e-23 -2.07728e-27  1.53683e-22  1.93172e-27 -7.79338e-23 -1.60832e-27 -6.74769e-24  1.18874e-27  1.96961e-23  -7.7014e-28 -3.95554e-24  4.27879e-28 -2.78933e-24 -1.94693e-28  1.12152e-24  6.33836e-29   2.7807e-25 -4.86465e-30 -1.69709e-25 -1.26438e-29 -2.41611e-26  1.25736e-29  1.72246e-26 -7.88863e-30  2.22807e-27  3.82288e-30 -1.15593e-27 -1.48792e-30  -1.8604e-28  4.62571e-31  4.35446e-29 -1.11236e-31  9.80565e-30  1.93522e-32 -5.34395e-31 -2.07971e-33 -2.34839e-31  5.95401e-35 -7.51004e-33  1.55752e-35  1.56654e-33 -1.76313e-36  9.70018e-35  3.31172e-38 -2.21276e-37  9.65222e-40
 1.70112e-36 -1.40427e-34 -1.97708e-35 -2.62956e-34  6.49363e-36   1.8503e-34  2.80296e-35 -8.43234e-35  7.10577e-35  8.00545e-34  3.74576e-35  1.34919e-33 -3.57657e-35 -4.44883e-33 -3.01951e-35  1.29416e-32 -7.33463e-35 -9.30626e-33  3.66912e-35  2.94812e-32  2.58628e-35 -2.49006e-31 -1.08249e-34  2.31774e-30  1.00678e-34 -1.95292e-29  3.82554e-35  1.47554e-28 -1.09523e-34 -1.00506e-27 -7.06312e-35  6.19316e-27  4.84992e-35  -3.4621e-26 -2.23543e-35  1.75961e-25  1.77054e-36 -8.14407e-25  6.15819e-35  3.43619e-24 -1.90905e-34 -1.32242e-23   6.9957e-34  4.64259e-23 -2.18464e-33 -1.48616e-22  5.51097e-33  4.33394e-22 -8.92283e-33 -1.14964e-21  -7.2784e-33  2.76803e-21  1.40047e-31 -6.03192e-21 -7.50252e-31   1.1851e-20  2.96079e-30 -2.08875e-20 -9.79565e-30  3.28071e-20  2.83954e-29 -4.55096e-20 -7.35799e-29  5.50591e-20  1.72225e-28 -5.70194e-20 -3.66221e-28  4.90225e-20  7.09645e-28 -3.29929e-20 -1.25486e-27  1.48907e-20  2.02539e-27 -1.38716e-21 -2.98181e-27 -4.26575e-21  3.99837e-27  3.70353e-21 -4.87288e-27 -1.10018e-21   5.3822e-27 -4.66624e-22 -5.36857e-27  5.41005e-22  4.81478e-27 -1.13958e-22 -3.86138e-27 -8.60618e-23  2.74983e-27  5.05333e-23 -1.72199e-27  4.52026e-24  9.33747e-28 -9.80361e-24 -4.25724e-28  6.96447e-25  1.51666e-28  1.30932e-24 -3.12255e-29 -1.69375e-25 -8.01228e-30  -1.3597e-25  1.34267e-29  1.59786e-26 -9.12592e-30   1.1009e-26   4.4793e-30 -6.00776e-28 -1.71765e-30 -6.18952e-28  5.15485e-31  -1.4181e-29  -1.1702e-31   1.9219e-29  1.85782e-32  1.68732e-30 -1.67588e-33 -2.12848e-31  5.06154e-36 -3.10927e-32  1.51994e-35 -1.54944e-34 -1.06548e-36  8.46362e-35 -2.60471e-41   1.3525e-36
  4.2564e-35  4.57946e-36 -1.84964e-34 -2.79661e-35 -3.85159e-34  1.31826e-35  5.78291e-34  1.53213e-36 -5.00902e-34  4.48863e-35  7.21029e-34  1.86041e-35  2.28929e-33  -2.5671e-35 -5.98927e-33 -7.33463e-35  1.75362e-32  -1.0665e-34 -3.46071e-32  7.86075e-35  2.98863e-31  2.93158e-35 -2.92184e-30 -1.17454e-34  2.59934e-29   1.2443e-34 -2.07344e-28  3.18433e-35  1.48776e-27 -1.03381e-34 -9.64173e-27 -7.43078e-35  5.66151e-26  4.84107e-35 -3.01956e-25  7.23053e-36  1.46558e-24 -8.22941e-35 -6.48196e-24  4.59095e-34  2.61452e-23 -1.85548e-33 -9.62081e-23  6.98165e-33  3.22919e-22 -2.36983e-32 -9.87988e-22  7.18095e-32  2.75209e-21 -1.90179e-31 -6.96695e-21   4.2013e-31  1.59886e-20 -6.71078e-31 -3.31527e-20  2.02674e-31  6.18399e-20  3.87103e-30 -1.03172e-19 -2.00931e-29  1.52776e-19  6.94565e-29 -1.98689e-19 -1.95963e-28   2.2352e-19  4.78551e-28  -2.1245e-19 -1.03667e-27  1.63707e-19  2.01615e-27 -9.34617e-20 -3.54197e-27  2.85991e-20  5.63755e-27   9.5711e-21 -8.13731e-27 -1.79219e-20  1.06471e-26  9.59242e-21 -1.26093e-26  -4.1985e-22  1.34839e-26 -2.55514e-21 -1.29779e-26  1.31343e-21  1.11969e-26  1.08461e-22 -8.61731e-27 -3.34635e-22  5.88114e-27  6.92034e-23 -3.53287e-27  4.76565e-23  1.84843e-27 -1.97101e-23 -8.27133e-28 -4.75154e-24  3.03721e-28  3.01803e-24 -8.01153e-29  4.12311e-25  4.54342e-30 -3.11082e-25  1.14692e-29 -3.85961e-26 -9.38362e-30   2.1292e-26  4.80449e-30  3.32086e-27   -1.839e-30 -8.24184e-28  5.35935e-31 -1.80526e-28  -1.1497e-31  1.07689e-29  1.65592e-32  4.45292e-30 -1.20575e-33  1.33777e-31 -3.42222e-35  -3.0739e-32  1.27103e-35 -1.86492e-33 -5.36384e-37   5.6917e-36 -5.14373e-39
-1.70218e-36  1.03959e-34  7.38725e-36 -2.25343e-34 -3.51425e-35 -5.27815e-34  1.94647e-35  1.00978e-33 -2.40081e-35 -9.86749e-34  1.86939e-35  4.68888e-34  1.05648e-35  3.64479e-33 -1.98641e-37 -9.30626e-33  -1.0665e-34  4.52977e-32 -1.33458e-34 -3.32576e-31  1.17139e-34  3.44256e-30  2.54184e-35 -3.24397e-29 -1.17163e-34  2.73417e-28  1.36375e-34 -2.06875e-27  2.42147e-35  1.41113e-26 -9.64406e-35 -8.70869e-26 -7.40759e-35  4.87634e-25  2.52699e-35 -2.48276e-24  1.56985e-34  1.15126e-23 -7.39616e-34 -4.86718e-23  3.38924e-33  1.87715e-22 -1.38013e-32 -6.60504e-22  5.15474e-32   2.1195e-21 -1.75849e-31 -6.19684e-21   5.4561e-31  1.64832e-20 -1.52859e-30 -3.98035e-20  3.81801e-30  8.70076e-20 -8.29302e-30 -1.71512e-19  1.47913e-29   3.0336e-19 -1.78932e-29  -4.7827e-19 -3.51778e-30  6.66115e-19  1.06521e-28 -8.09348e-19 -4.14658e-28  8.42021e-19  1.14934e-27 -7.27523e-19 -2.63699e-27    4.923e-19  5.25357e-27 -2.23594e-19  -9.2763e-27   2.1174e-20  1.46592e-26  6.46323e-20  -2.0828e-26 -5.66325e-20  2.66487e-26  1.70586e-20 -3.06941e-26  7.13198e-21  3.17709e-26 -8.43273e-21 -2.94692e-26  1.82406e-21  2.44031e-26  1.34443e-21 -1.79601e-26 -8.09104e-22  1.16884e-26 -6.71111e-23 -6.68935e-27  1.58239e-22  3.34551e-27 -1.23636e-23   -1.449e-27 -2.13366e-23  5.32736e-28  2.94024e-24 -1.56137e-28  2.24342e-24  2.72787e-29 -2.83117e-25  5.65729e-30   -1.848e-25 -8.27548e-30  1.13842e-26   4.6852e-30  1.06255e-26   -1.827e-30  1.93121e-28  5.21401e-31 -3.39181e-28 -1.05956e-31 -2.86486e-29  1.37777e-32  3.91266e-30 -7.67879e-34  5.53073e-31 -5.26523e-35  1.78181e-33  9.05554e-36 -1.56412e-33 -2.09926e-37 -2.44381e-35
-3.91269e-35 -1.60769e-36   1.8433e-34  8.10083e-36 -2.55696e-34 -4.13914e-35 -7.09095e-34  2.50161e-35  1.39811e-33 -4.13444e-35 -1.44075e-33 -7.89203e-36 -1.07719e-34  1.17123e-35  6.66183e-33  3.66912e-35 -3.46071e-32 -1.33458e-34  3.55392e-31 -1.57024e-34 -3.79726e-30  1.42914e-34  3.79734e-29  1.30151e-35 -3.38716e-28  -1.0985e-34  2.70527e-27   1.3574e-34 -1.94394e-26  1.81969e-35  1.26176e-25 -9.44138e-35 -7.42117e-25 -4.63465e-35  3.96509e-24 -1.54993e-34 -1.92814e-23  1.10374e-33  8.54502e-23  -5.1115e-33  -3.4541e-22  2.22392e-32  1.27395e-21 -8.85378e-32 -4.28645e-21  3.23999e-31  1.31489e-20  -1.0886e-30  -3.6729e-20  3.35084e-30   9.3256e-20 -9.41449e-30 -2.14692e-19  2.39977e-29  4.46671e-19 -5.49309e-29 -8.36176e-19   1.1083e-28  1.40041e-18 -1.89619e-28 -2.08223e-18  2.47859e-28   2.7199e-18 -1.40852e-28 -3.07431e-18 -4.64322e-28  2.93705e-18  2.16934e-27 -2.27601e-18 -5.84057e-27  1.30793e-18  1.24166e-26  -4.0414e-19 -2.24699e-26 -1.33857e-19  3.56195e-26  2.54771e-19 -5.00962e-26 -1.38016e-19   6.2864e-26  6.72444e-21 -7.05104e-26  3.68899e-20  7.06467e-26 -1.93387e-20 -6.30851e-26 -1.45963e-21  5.00319e-26  4.94915e-21 -3.50913e-26 -1.06606e-21  2.16687e-26 -7.06024e-22 -1.17342e-26  3.03421e-22  5.56057e-27  6.99687e-23 -2.30576e-27 -4.69507e-23  8.35084e-28 -6.02088e-24  -2.5815e-28  4.91543e-24  6.06475e-29   5.7281e-25 -4.39902e-30 -3.43675e-25 -5.67055e-30 -5.11747e-26  4.09642e-30  1.37196e-26 -1.68266e-30  2.88836e-27  4.75831e-31 -1.92817e-28  -9.1996e-32 -7.37879e-29  1.07682e-32 -2.01146e-30 -4.26926e-34  5.30469e-31 -5.24043e-35   3.1215e-32  5.38477e-36  -1.2965e-34 -5.43107e-38
-6.87596e-37 -7.64831e-35  1.03944e-36  2.69434e-34  5.56505e-36 -2.66688e-34 -4.79484e-35 -9.34982e-34  2.98589e-35   1.6568e-33 -4.49006e-35  -1.7154e-33 -3.58321e-35 -2.20964e-33  1.84136e-35  2.94812e-32  7.86075e-35 -3.32576e-31 -1.57024e-34  3.93634e-30 -1.79822e-34 -4.17274e-29  1.47501e-34  3.94485e-28 -6.97375e-36 -3.32994e-27 -9.93716e-35  2.52316e-26  1.22712e-34 -1.72377e-25  2.06309e-35  1.06559e-24 -1.26046e-34 -5.97727e-24  1.66452e-34  3.04909e-23 -1.32965e-33 -1.41675e-22  6.91815e-33  6.00261e-22 -3.13962e-32 -2.32043e-21  1.31924e-31  8.18503e-21 -5.10342e-31 -2.63344e-20  1.81902e-30  7.72119e-20 -5.97054e-30 -2.05996e-19  1.80222e-29  4.99032e-19  -4.9913e-29 -1.09458e-18  1.26363e-28  2.16556e-18 -2.90719e-28 -3.84526e-18   6.0201e-28  6.08768e-18  -1.1033e-27 -8.51671e-18  1.73039e-27  1.03981e-17 -2.13461e-27 -1.08747e-17  1.43693e-27  9.45043e-18  1.97183e-27 -6.43739e-18 -1.03527e-26  2.94911e-18  2.59982e-26  -2.9055e-19 -5.00013e-26 -8.54607e-19  8.08001e-26  7.59164e-19 -1.13382e-25 -2.33352e-19  1.40096e-25  -9.4641e-20 -1.53287e-25  1.15247e-19  1.48704e-25 -2.58623e-20 -1.27717e-25 -1.83123e-20   9.6803e-26  1.13953e-20  -6.4476e-26  8.37047e-22  3.75771e-26 -2.24103e-21 -1.91141e-26  1.96817e-22  8.50335e-27  3.04577e-22 -3.34249e-27  -4.5419e-23    1.181e-27 -3.24046e-23 -3.76915e-28  4.46514e-24  1.02449e-28  2.71836e-24 -1.80825e-29 -1.92988e-25 -1.79402e-30 -1.60234e-25   3.1153e-30 -1.89264e-27  -1.4313e-30  5.27787e-27  4.07903e-31  4.21998e-28 -7.55498e-32 -6.38432e-29  7.95816e-33 -8.63467e-30 -2.02404e-34 -6.91228e-33 -4.06246e-35  2.55582e-32  2.54315e-36   3.8652e-34
 7.49598e-36 -1.94919e-36 -1.19153e-34  5.77391e-36   3.4315e-34  1.18849e-38 -2.48838e-34 -5.61284e-35 -1.20668e-33  3.39628e-35  1.67049e-33 -3.23626e-35 -8.69559e-34 -6.41495e-35 -2.12183e-32  2.58628e-35  2.98863e-31  1.17139e-34 -3.79726e-30 -1.79822e-34  4.30735e-29 -2.02865e-34 -4.32171e-28  1.25753e-34  3.86081e-27 -3.24667e-35 -3.08811e-26 -8.90546e-35  2.22251e-25  9.52234e-35 -1.44498e-24  6.16301e-35  8.51406e-24    -3.63e-34 -4.55774e-23  1.51322e-33  2.22088e-22 -8.32961e-33 -9.86393e-22  4.01992e-32  3.99657e-21 -1.76934e-31 -1.47771e-20  7.19058e-31   4.9853e-20 -2.69636e-30 -1.53362e-19  9.33236e-30  4.29689e-19 -2.98031e-29 -1.09453e-18  8.77362e-29  2.52854e-18 -2.37693e-28 -5.28015e-18  5.91054e-28  9.92369e-18 -1.34356e-27 -1.66905e-17  2.77466e-27  2.49298e-17 -5.15406e-27 -3.27245e-17  8.46358e-27  3.71862e-17 -1.18719e-26  -3.5735e-17  1.30515e-26  2.78768e-17 -7.71179e-27 -1.61508e-17 -9.99283e-27  5.06257e-18  4.55664e-26  1.62961e-18  -1.0086e-25 -3.18759e-18   1.7068e-25  1.75507e-18 -2.41685e-25 -9.89315e-20  2.95566e-25  -4.6824e-19 -3.16161e-25  2.51938e-19  2.97096e-25  1.64176e-20 -2.45212e-25 -6.45155e-20  1.77242e-25  1.46368e-20 -1.11691e-25  9.17835e-21  6.10841e-26 -4.14285e-21 -2.89424e-26 -8.97156e-22  1.19595e-26  6.46942e-22 -4.41081e-27  7.58078e-23  1.51233e-27 -6.88012e-23 -4.95288e-28 -7.33963e-24  1.47662e-28  4.92132e-24 -3.36594e-29  6.87791e-25  2.77799e-30 -2.03293e-25  1.90124e-30 -4.06342e-26 -1.11412e-30  3.09616e-27  3.28387e-31  1.08162e-27 -5.88666e-32  2.54879e-29  5.58984e-33 -8.15018e-30 -7.81093e-35 -4.60316e-31 -2.53323e-35  2.59991e-33  8.31653e-37
 8.27143e-37   1.9587e-35 -3.93338e-36 -1.75535e-34  1.11317e-35  3.91248e-34 -7.42817e-36 -1.88978e-34 -6.63761e-35 -1.49703e-33  3.73443e-35  7.56614e-34  -5.5769e-36  1.31316e-32 -8.96051e-35 -2.49006e-31  2.93158e-35  3.44256e-30  1.42914e-34 -4.17274e-29 -2.02865e-34   4.4552e-28 -2.25333e-34 -4.21835e-27  7.77401e-35  3.56606e-26 -6.15181e-35 -2.70631e-25 -7.78433e-35    1.852e-24  3.02038e-35 -1.14692e-23  3.12396e-34  6.44589e-23 -1.80053e-33 -3.29493e-22  9.30056e-33  1.53435e-21  -4.7111e-32 -6.51621e-21  2.17756e-31  2.52531e-20 -9.26306e-31 -8.93169e-20  3.63926e-30  2.88193e-19 -1.32109e-29 -8.47567e-19  4.43225e-29  2.26866e-18 -1.37402e-28 -5.51516e-18  3.93295e-28  1.21423e-17 -1.03805e-27  -2.4119e-17  2.52108e-27  4.30108e-17 -5.61659e-27 -6.84076e-17  1.14256e-26  9.61797e-17 -2.10748e-26 -1.18062e-16  3.48548e-26  1.24207e-16 -5.06824e-26  -1.0866e-16  6.22665e-26  7.46019e-17 -5.81457e-26 -3.45574e-17  2.33532e-26  3.61988e-18  5.50297e-26  9.96939e-18 -1.79363e-25 -9.02175e-18  3.34087e-25  2.84814e-18  -4.8539e-25   1.1012e-18  5.91435e-25 -1.39642e-18 -6.20119e-25   3.2834e-19  5.64775e-25  2.19755e-19  -4.4757e-25 -1.42748e-19  3.07822e-25  -8.6922e-21 -1.82797e-25  2.81546e-20  9.32049e-26 -2.82497e-21 -4.07277e-26 -3.84955e-21  1.54246e-26  6.30138e-22 -5.27379e-27  4.14094e-22  1.75254e-27 -6.32547e-23 -5.91743e-28 -3.54108e-23  1.89142e-28  2.94244e-24 -4.85075e-29  2.14547e-24  7.24507e-30  7.82813e-27  6.49891e-31 -7.32019e-26 -7.76932e-31 -5.43376e-27   2.4769e-31  9.34161e-28 -4.35836e-32  1.19568e-28  3.73241e-33 -2.84664e-31 -2.16893e-35 -3.73315e-31 -1.23379e-35 -5.40474e-33
-1.68618e-36  1.96948e-36  4.46503e-35 -6.53036e-36 -2.53479e-34  1.57332e-35  4.00644e-34 -1.55127e-35 -8.23105e-35 -7.80571e-35  -1.3716e-33  4.01216e-35  -9.8388e-33  3.00917e-35  1.91867e-31 -1.08249e-34 -2.92184e-30  2.54184e-35  3.79734e-29  1.47501e-34 -4.32171e-28 -2.25333e-34  4.34463e-27 -2.44798e-34   -3.887e-26  9.60301e-36  3.11395e-25 -9.47987e-35 -2.24488e-24 -4.39246e-35  1.46217e-23 -2.24759e-34 -8.63199e-23  1.74118e-33  4.63045e-22 -9.86627e-33 -2.26132e-21   5.1312e-32  1.00673e-20 -2.48262e-31 -4.08933e-20  1.10488e-30   1.5161e-19 -4.53746e-30 -5.12964e-19  1.72248e-29  1.58291e-18  -6.0481e-29 -4.44965e-18  1.96478e-28  1.13745e-17 -5.90421e-28 -2.63763e-17  1.64016e-27  5.53026e-17 -4.20713e-27 -1.04389e-16  9.94703e-27  1.76389e-16 -2.16213e-26 -2.64792e-16  4.30459e-26  3.49483e-16 -7.80676e-26  -3.9951e-16  1.27909e-25  3.86482e-16 -1.86804e-25 -3.03824e-16  2.37355e-25  1.77763e-16 -2.49042e-25  -5.6792e-17  1.84238e-25 -1.74135e-17 -1.37513e-26   3.5449e-17 -2.62404e-25 -1.99243e-17   6.0054e-25  1.33135e-18 -9.18429e-25  5.27566e-18  1.12452e-24 -2.93312e-18 -1.15917e-24 -1.51258e-19  1.02378e-24  7.48495e-19 -7.78259e-25 -1.80763e-19  5.08094e-25 -1.05645e-19 -2.83102e-25  5.06598e-20  1.33576e-25   1.0083e-20 -5.31655e-26 -7.97259e-21  1.81252e-26 -8.24302e-22 -5.65468e-27  8.61304e-22   1.8295e-27  8.13506e-23 -6.46416e-28 -6.31189e-23  2.19043e-28 -8.11348e-24 -5.96704e-29  2.70632e-24  1.07981e-29  5.06969e-25 -4.59786e-31 -4.48771e-26 -4.60849e-31 -1.41575e-26  1.74201e-31 -2.67019e-28 -3.06241e-32  1.12539e-28  2.34737e-33  6.03316e-30 -2.07302e-36 -4.59899e-32 -4.12556e-36
-3.34788e-37 -9.24476e-36  3.47452e-36   9.1177e-35 -9.48836e-36  -3.5024e-34   1.8974e-35  3.66315e-34  -2.3439e-35 -1.62373e-34 -8.98535e-35   5.1128e-33  4.22427e-35 -1.41813e-31  6.76716e-35  2.31774e-30 -1.17454e-34 -3.24397e-29  1.30151e-35  3.94485e-28  1.25753e-34 -4.21835e-27 -2.44798e-34  4.00017e-26 -2.58046e-34 -3.38694e-25 -6.61934e-35  2.57472e-24 -1.47411e-34 -1.76514e-23  1.45517e-34  1.09525e-22 -1.54063e-33 -6.16832e-22   9.5291e-33  3.16007e-21 -5.23985e-32 -1.47506e-20  2.64334e-31  6.28039e-20 -1.22958e-30 -2.44057e-19  5.27376e-30  8.65712e-19 -2.09002e-29 -2.80204e-18  7.66313e-29  8.26819e-18 -2.60117e-28 -2.22101e-17  8.17596e-28  5.41992e-17 -2.37925e-27 -1.19814e-16  6.40647e-27  2.39037e-16 -1.59449e-26 -4.28278e-16  3.66232e-26  6.84627e-16 -7.74527e-26 -9.67875e-16  1.50336e-25  1.19523e-15 -2.66592e-25 -1.26584e-15  4.29029e-25  1.11581e-15 -6.20162e-25 -7.73144e-16  7.91446e-25  3.63041e-16  -8.6291e-25 -4.11981e-17   7.4294e-25 -1.03478e-16 -3.69567e-25  9.58965e-17 -2.41917e-25 -3.12927e-17   9.7468e-25 -1.13143e-17 -1.63636e-24  1.51339e-17  2.03524e-24 -3.76355e-18 -2.06927e-24 -2.34165e-18  1.77309e-24  1.60453e-18 -1.29152e-24  7.24971e-20  7.98309e-25 -3.16474e-19 -4.15344e-25  3.66929e-20  1.79755e-25  4.34356e-20 -6.41228e-26 -7.90554e-21  1.91641e-26 -4.71898e-21 -5.32724e-27  8.10271e-22  1.70457e-27  4.11771e-22 -6.47352e-28 -4.05106e-23  2.30552e-28 -2.57168e-23 -6.46157e-29   1.6828e-25  1.28504e-29  9.12555e-25 -1.30484e-30  6.13627e-26 -1.96802e-31  -1.2353e-26   1.1344e-31 -1.48019e-27 -2.03078e-32  9.57003e-30  1.35894e-33  4.91548e-30  1.91928e-36   6.7286e-32
