 4.86125e-11 -3.02979e-25  -9.1057e-10   7.6341e-24  6.23253e-09 -1.00608e-22 -2.36955e-08  8.60374e-22  5.63194e-08 -4.84461e-21 -8.61795e-08  1.92499e-20  8.12934e-08 -5.68393e-20   -3.763e-08  1.28409e-19 -4.56131e-09  -2.2521e-19  1.22887e-08   3.0811e-19 -6.14872e-10 -3.27283e-19 -3.35594e-09  2.64725e-19 -8.62398e-11 -1.54771e-19  8.52188e-10  5.58024e-20  2.16834e-10 -3.37799e-21 -1.42426e-10 -7.24902e-21 -9.80946e-11  1.17479e-21 -5.41648e-12  3.19385e-21   1.8645e-11 -2.51782e-21  9.30697e-12  5.29955e-22   6.8886e-13  3.22948e-22 -1.39023e-12 -2.24686e-22 -8.11405e-13 -4.67624e-24 -1.79947e-13  5.08705e-23  3.53232e-14  -7.6029e-24   4.5186e-14 -9.94665e-24  1.86483e-14   1.9635e-24   3.7803e-15  1.73598e-24  -3.3924e-16 -1.59188e-25 -6.11273e-16 -2.60928e-25 -2.74528e-16 -4.60771e-26 -7.63276e-17  2.14605e-26 -1.20357e-17  2.25584e-26  7.62623e-19  2.08149e-27  1.30891e-18 -3.78001e-27  5.40889e-19 -1.36548e-27  1.51761e-19   1.2866e-28  3.19204e-20  1.90289e-28  4.74462e-21  6.31434e-29  2.76652e-22  2.26089e-30 -1.09921e-22 -6.19186e-30 -5.10954e-23 -2.72396e-30 -1.36315e-23 -4.78189e-31 -2.80909e-24 -7.02049e-33 -4.79088e-25  2.45376e-32 -6.88906e-26  1.20023e-32 -8.28504e-27  2.91929e-33 -7.97661e-28  3.08326e-34 -5.25183e-29 -1.23989e-36 -2.13289e-31 -1.35087e-35  6.00261e-31 -7.03278e-36    1.157e-31 -1.98625e-36  1.47889e-32  -4.0999e-37   1.4909e-33 -8.58443e-38  1.24304e-34 -1.76827e-38  8.69185e-36 -2.96152e-39   5.0918e-37 -3.82379e-40  2.46981e-38 -3.84287e-41  9.74749e-40 -2.98753e-42  3.03777e-41 -1.71214e-43  6.92309e-43 -6.62072e-45  1.01325e-44 -1.50533e-46  8.99466e-47 -1.33567e-48
-3.02979e-25  1.34025e-09 -1.21791e-24 -1.41581e-08  1.47481e-23  7.28892e-08 -3.81119e-22 -2.25464e-07   4.0473e-21  4.48763e-07 -2.36491e-20 -5.75179e-07  9.26188e-20   4.3513e-07 -2.64654e-19 -1.21399e-07  5.72601e-19  -7.5736e-08 -9.53586e-19  5.48156e-08    1.229e-18  1.53492e-08 -1.21976e-18 -1.50322e-08  9.11496e-19 -5.63745e-09 -4.80235e-19  2.86499e-09  1.40488e-19   2.1185e-09  1.45493e-20 -4.58664e-11 -3.18853e-20  -5.0595e-10  5.47406e-21  -1.8679e-10  9.07949e-21  2.86748e-11   -6.994e-21  5.07777e-11  1.44093e-21  1.83517e-11  8.53158e-22 -3.88859e-13    -6.26e-22 -3.40308e-12  1.43191e-24 -1.67817e-12   1.4245e-22 -3.38454e-13  -1.7891e-23   7.0543e-14 -3.12851e-23  8.39479e-14  3.91428e-24  3.47556e-14  5.97735e-24  7.85582e-15   1.2192e-26   9.5723e-17 -9.15434e-25 -7.82238e-16 -2.51774e-25 -3.99961e-16  7.51305e-26 -1.24596e-16  8.97258e-26 -2.60026e-17  9.04279e-27 -2.48856e-18 -1.40754e-26  7.15075e-19 -5.15036e-27  4.73558e-19  2.96581e-28  1.57745e-19    6.553e-28  3.87563e-20  2.38354e-28  7.48035e-21  2.17376e-29  1.10201e-21 -1.88632e-29  9.98264e-23 -1.00514e-29 -4.68878e-24 -2.25892e-30 -4.60733e-24 -2.17641e-31 -1.27016e-24  5.34979e-32 -2.51925e-25  3.76389e-32 -4.07785e-26  9.50327e-33 -5.60747e-27  1.13329e-33 -6.64199e-28  4.74408e-35 -6.78126e-29 -3.50947e-35 -5.90582e-30 -2.14384e-35 -4.27285e-31 -6.29326e-36   -2.409e-32 -1.32092e-36 -8.51845e-34 -2.59345e-37  9.65134e-36 -4.73873e-38  4.47188e-36 -7.04282e-39  4.16547e-37 -8.07479e-40  2.53581e-38 -7.14605e-41  1.12973e-39 -4.82773e-42  3.72261e-41  -2.3439e-43  8.21746e-43 -7.27701e-45  1.10545e-44 -1.15631e-46  6.42622e-47
 -9.1057e-10 -1.21791e-24  1.80885e-08  1.85356e-23 -1.31926e-07 -3.24255e-22  5.37849e-07  4.77892e-22  -1.3835e-06  8.47642e-21  2.32613e-06 -6.68214e-20 -2.48725e-06  2.79243e-19  1.44913e-06 -8.01905e-19 -9.64782e-08  1.69531e-18 -3.98352e-07 -2.70896e-18  1.11243e-07  3.30508e-18  1.05566e-07  -3.0703e-18 -2.69691e-08  2.12013e-18 -3.17797e-08 -1.00413e-18  5.55989e-10  2.27694e-19    8.101e-09   7.5665e-20  2.44882e-09 -8.01348e-20 -9.84231e-10  1.23908e-20 -9.37199e-10  1.79944e-20 -1.95793e-10 -1.32551e-20  1.00187e-10  2.96493e-21  8.56427e-11  1.36874e-21  2.39997e-11 -1.24469e-21 -2.70548e-12   5.8644e-23 -5.34193e-12  2.92543e-22 -2.37173e-12 -3.08258e-23 -4.66824e-13 -7.16946e-23  7.95447e-14  4.39262e-24  1.01683e-13  1.45705e-23  4.33853e-14  1.00714e-24  1.09589e-14 -2.26192e-24  1.04884e-15 -7.70864e-25 -5.32611e-16  1.91916e-25 -3.52506e-16  2.41822e-25  -1.2377e-16  2.55354e-26 -3.06463e-17 -3.63608e-26 -5.20231e-18 -1.37283e-26 -3.27591e-19  2.82986e-28  1.60193e-19  1.57454e-27  8.11409e-20  6.31543e-28  2.36978e-20  8.35223e-29  5.29715e-21 -4.05624e-29  9.63325e-22 -2.59237e-29  1.42898e-22 -6.91565e-30  1.63882e-23 -1.01915e-30  1.12857e-24  3.06816e-32 -6.04839e-26  7.26916e-32 -3.82785e-26  1.94522e-32 -8.27199e-27  2.46808e-33  -1.3021e-27  1.51532e-34 -1.67507e-28 -7.08825e-35 -1.82841e-29 -4.65413e-35 -1.71703e-30 -1.37026e-35  -1.3916e-31 -2.82742e-36 -9.70134e-33 -5.15466e-37 -5.76465e-34 -8.41719e-38  -2.8769e-35 -1.11359e-38 -1.18047e-36 -1.13191e-39 -3.86906e-38  -8.7739e-41 -9.52955e-40 -5.08973e-42 -1.60671e-41 -2.04402e-43 -1.75746e-43 -4.83316e-45 -8.04373e-46 -4.37983e-47
  7.6341e-24 -1.41581e-08  1.85356e-23  1.59317e-07  2.72758e-22 -8.78384e-07 -3.38451e-21  2.93142e-06  1.17579e-20 -6.36607e-06 -8.23145e-21  9.08051e-06 -1.02692e-19 -8.00892e-06  5.83153e-19  3.29723e-06 -1.80894e-18  7.77317e-07  3.84877e-18   -1.247e-06 -5.97429e-18 -2.51466e-08  6.92965e-18  3.59314e-07 -6.02849e-18  3.04365e-08  3.84355e-18 -9.23217e-08 -1.63166e-18 -2.84738e-08  2.65531e-19  1.51142e-08  1.87163e-19  1.19074e-08 -1.44031e-19  9.77363e-10  1.82348e-20   -2.237e-09  2.77192e-20 -1.19398e-09 -1.93505e-20  -1.0419e-10  5.45036e-21  1.78814e-10   1.3177e-21  1.08551e-10 -2.11715e-21  2.47581e-11   2.3614e-22 -4.81399e-12  5.20076e-22 -6.33877e-12 -4.54625e-23 -2.65354e-12  -1.3759e-22 -5.42477e-13  1.56718e-24  5.11591e-14  2.88153e-23  9.07508e-14  3.17831e-24  4.10316e-14  -4.5712e-24  1.14977e-14 -1.72375e-24  1.83135e-15  4.20981e-25 -1.12347e-16  5.22085e-25 -1.99276e-16  5.59346e-26 -8.30328e-17 -7.62894e-26  -2.3488e-17 -2.99497e-26 -4.99796e-18 -4.59982e-28 -7.61857e-19  3.03702e-27 -5.17833e-20  1.34021e-27  1.46303e-20  2.14222e-28  7.36334e-21 -7.29721e-29  2.00101e-21 -5.46018e-29  4.15959e-22 -1.65477e-29  7.14281e-23 -3.04685e-30   1.0365e-23 -1.81372e-31  1.26813e-24  8.92705e-32  1.27063e-25  2.71388e-32  9.48251e-27  3.41748e-33  3.18289e-28   1.8518e-34 -4.64472e-29 -1.39574e-34 -1.16106e-29  -8.3413e-35 -1.55984e-30 -2.36349e-35 -1.57957e-31 -4.66708e-36 -1.29597e-32 -7.83674e-37 -8.79282e-34 -1.14676e-37 -4.93616e-35 -1.35048e-38 -2.26764e-36 -1.21216e-39 -8.32146e-38 -8.16256e-41 -2.33288e-39 -3.99968e-42 -4.66253e-41 -1.28425e-43 -5.88362e-43 -2.11122e-45  -2.9651e-45
 6.23253e-09  1.47481e-23 -1.31926e-07  2.72758e-22  1.03002e-06  1.85596e-21 -4.52297e-06 -1.82617e-20  1.26413e-05  6.61442e-20 -2.34183e-05  -1.3411e-19   2.8339e-05  4.52309e-20 -2.01544e-05  7.79506e-19  4.63434e-06 -3.16177e-18  4.22573e-06  7.10787e-18 -2.55274e-06 -1.08796e-17 -9.42517e-07  1.20344e-17  7.44388e-07 -9.79061e-18  3.32538e-07   5.7521e-18 -1.44235e-07 -2.18362e-18 -1.21761e-07  2.18542e-19 -9.06229e-11  3.27117e-19  2.94041e-08 -2.01189e-19  1.14343e-08  1.73895e-20 -1.68883e-09   3.3472e-20  -3.1801e-09 -2.22053e-20 -1.16665e-09   9.5937e-21  3.42556e-11  3.80042e-23  2.29097e-10 -3.37233e-21  1.12741e-10  5.95518e-22  2.21132e-11   8.5338e-22 -5.46881e-12 -5.99923e-23 -6.06569e-12 -2.30834e-22  -2.4819e-12 -4.65029e-24 -5.48588e-13  4.86101e-23  2.97027e-15  6.11164e-24  6.07698e-14 -8.08441e-24  3.03468e-14 -3.11445e-24  9.37094e-15  8.46695e-25  1.93571e-15  9.72797e-25  1.76611e-16  1.03337e-25 -5.76677e-17 -1.38772e-25 -3.67702e-17 -5.67539e-26 -1.21532e-17   -2.836e-27 -2.97824e-18  4.93113e-27 -5.75391e-19  2.38251e-27 -8.54584e-20  4.15271e-28 -8.06476e-21 -1.22372e-28  2.23656e-22  -1.0111e-28  3.16695e-22 -3.36469e-29   8.9108e-23 -7.13311e-30  1.77093e-23 -8.02662e-31  2.85713e-24  3.27853e-32  3.90815e-25  2.08971e-32  4.60398e-26  1.98921e-33   4.6836e-27 -1.54893e-34  4.08637e-28 -2.75273e-34  3.00249e-29 -1.30469e-34  1.78541e-30 -3.42121e-35  7.75585e-32 -6.32481e-36  1.50899e-33 -9.70718e-37  -1.0832e-34 -1.27213e-37 -1.39956e-35 -1.32991e-38 -8.84106e-37 -1.04735e-39 -3.76708e-38 -6.05576e-41 -1.10759e-39 -2.44964e-42 -2.11443e-41 -5.96891e-44  -2.1692e-43 -5.57051e-46
-1.00608e-22  7.28892e-08 -3.24255e-22 -8.78384e-07  1.85596e-21  5.21345e-06  8.23447e-21 -1.88629e-05 -6.63086e-20  4.48794e-05  2.35251e-19 -7.13894e-05 -5.81113e-19  7.29331e-05  8.43871e-19 -4.00294e-05  1.92875e-19  4.39251e-07 -4.23587e-18   1.2503e-05  1.10389e-17 -2.92312e-06 -1.69649e-17 -3.50251e-06  1.79085e-17  7.69103e-07 -1.35662e-17  1.07817e-06  7.32369e-18 -5.10019e-10 -2.48867e-18 -2.83329e-07  9.52276e-20  -8.8963e-08  4.54544e-19  3.65531e-08 -2.24297e-19  3.52721e-08  4.38993e-21  7.16427e-09  2.88161e-20 -4.16044e-09 -1.87331e-20 -3.44608e-09  1.64738e-20 -9.28002e-10 -2.89111e-21  1.46236e-10 -5.23018e-21  2.34763e-10  1.12948e-21  1.00794e-10  1.30857e-21  1.82687e-11 -7.07978e-23 -4.51097e-12 -3.41538e-22 -4.81185e-12 -1.01725e-23 -1.98118e-12  7.17101e-23 -4.81155e-13      8.1e-24 -3.65386e-14 -1.30689e-23   2.8774e-14 -4.79171e-24  1.74332e-14  1.59828e-24  5.95803e-15  1.63279e-24  1.44613e-15  1.70338e-25  2.38138e-16 -2.26074e-25  1.23699e-17 -9.63051e-26 -8.41443e-18 -8.04743e-27 -4.01021e-18  6.79269e-27 -1.14824e-18  3.58814e-27 -2.53654e-19  6.22651e-28 -4.57484e-20 -2.09367e-28 -6.75401e-21 -1.72734e-28 -7.77215e-22 -6.10356e-29 -5.59488e-23    -1.42e-29  1.87723e-24 -2.10175e-30  1.55787e-24 -1.67782e-31  3.40572e-25 -1.42219e-32  5.31761e-26 -4.35495e-33  6.73699e-27 -1.24175e-33  7.21007e-28 -5.08252e-34   6.6144e-29 -1.82328e-34  5.21842e-30 -4.28783e-35  3.52776e-31 -7.28759e-36  2.02464e-32 -1.01439e-36   9.7202e-34 -1.18668e-37  3.81698e-35 -1.09552e-38  1.18586e-36 -7.50014e-40  2.76802e-38 -3.66312e-41  4.50413e-40 -1.18315e-42  4.20064e-42 -1.99804e-44  1.27352e-44
-2.36955e-08 -3.81119e-22  5.37849e-07 -3.38451e-21 -4.52297e-06  8.23447e-21  2.15174e-05   2.5644e-20  -6.5693e-05  -1.6982e-19  0.000134644  6.03508e-19   -0.0001845 -1.69767e-18  0.000157305  3.14323e-18 -6.07081e-05 -2.39871e-18  -1.9322e-05 -3.90465e-18  2.59804e-05  1.47631e-17  1.31878e-06 -2.32547e-17 -7.95537e-06  2.33372e-17 -7.97196e-07 -1.63176e-17  2.15046e-06   8.0751e-18  6.78605e-07 -2.48551e-18 -3.80072e-07 -5.99213e-20 -2.97358e-07  5.38063e-19  -1.8925e-08 -1.92411e-19  6.13367e-08 -2.47917e-20  3.13957e-08  7.21673e-21  1.77642e-09 -7.21565e-21  -5.4293e-09  2.73052e-20 -3.08931e-09 -7.27323e-21  -6.2831e-10 -7.86356e-21  1.91766e-10  1.71178e-21  2.02479e-10  1.84279e-21  7.98802e-11 -7.57806e-23  1.44847e-11 -4.41917e-22 -2.69965e-12 -4.77262e-24 -3.18222e-12  9.39493e-23 -1.35291e-12  6.07808e-24 -3.60964e-13 -1.99146e-23 -5.09958e-14 -6.48537e-24  6.91091e-15  2.83769e-24  7.40672e-15  2.53526e-24  2.90351e-15   2.6219e-25  7.95668e-16 -3.35027e-25  1.64526e-16 -1.48807e-25  2.39989e-17  -1.7434e-26  1.31397e-18   7.6662e-27 -5.72974e-19  4.48975e-27 -2.58142e-19  6.66255e-28 -6.77683e-20 -3.80309e-28 -1.37856e-20 -2.81195e-28 -2.32679e-21  -1.0185e-28 -3.32639e-22 -2.50973e-29 -4.01899e-23  -4.3232e-30 -3.99689e-24 -5.75347e-31 -3.01164e-25 -9.01933e-32 -1.16998e-26  -1.7414e-32  1.03036e-27 -3.28318e-33  2.89633e-28 -8.34809e-34  3.87603e-29 -2.29812e-34  3.82403e-30 -4.74374e-35  3.02069e-31 -7.30036e-36  1.95329e-32 -9.14075e-37  1.03353e-33 -9.49227e-38  4.40904e-35 -7.67785e-39  1.47064e-36 -4.51144e-40  3.64305e-38 -1.81878e-41  6.09215e-40  -4.4537e-43  5.42138e-42 -4.25764e-45
 8.60374e-22 -2.25464e-07  4.77892e-22  2.93142e-06 -1.82617e-20 -1.88629e-05   2.5644e-20   7.4482e-05  5.36364e-20 -0.000195277 -2.78747e-19  0.000347753  1.12634e-18 -0.000410415 -3.84954e-18  0.000285697  8.08354e-18 -5.97643e-05 -8.53836e-18 -6.69355e-05 -9.51121e-19  3.88348e-05  1.74036e-17  1.55658e-05 -2.86558e-17 -1.22656e-05  2.70128e-17 -5.56815e-06 -1.71588e-17  2.61416e-06  7.80555e-18  2.14675e-06 -2.26686e-18 -6.44333e-08 -2.07085e-19 -5.69112e-07  5.80493e-19 -2.04825e-07 -9.52252e-20   4.5812e-08 -7.18465e-20   6.6279e-08 -3.65492e-20  2.20481e-08  1.14558e-20 -2.28515e-09  4.28643e-20 -5.35309e-09 -1.20657e-20 -2.40392e-09 -1.11547e-20 -3.80595e-10  2.10311e-21  1.75326e-10  2.30946e-21  1.50881e-10 -8.35114e-23  5.69513e-11 -4.87418e-22  1.10157e-11  2.76277e-23 -9.83107e-13  1.10552e-22 -1.72926e-12 -3.73978e-24 -7.82197e-13 -2.91514e-23 -2.27879e-13 -7.89669e-24 -4.33971e-14  4.71992e-24 -2.53832e-15   3.7029e-24  1.95474e-15  3.91277e-25  1.02729e-15 -4.54035e-25  3.20422e-16 -2.11359e-25  7.57131e-17 -3.22546e-26  1.41453e-17  6.04655e-27  2.01006e-18   4.2724e-27  1.69966e-19  2.52362e-28 -1.11023e-20  -7.1286e-28 -8.56656e-21 -4.43457e-28 -2.25301e-21  -1.5921e-28 -4.31794e-22 -4.03625e-29 -6.77265e-23 -7.58829e-30 -9.03118e-24 -1.21359e-30 -1.03808e-24 -2.08821e-31 -1.03064e-25 -3.68853e-32 -8.78045e-27 -6.11034e-33 -6.31293e-28 -1.20079e-33 -3.70104e-29  -2.6224e-34 -1.63231e-30 -4.69247e-35 -4.01712e-32 -6.45615e-36   9.8839e-34 -7.20787e-37  1.76194e-34 -6.59263e-38  1.08852e-35 -4.62187e-39  4.24662e-37 -2.29046e-40  1.08843e-38 -7.36971e-42  1.65006e-40 -1.24968e-43  9.62137e-43
 5.63194e-08   4.0473e-21  -1.3835e-06  1.17579e-20  1.26413e-05 -6.63086e-20  -6.5693e-05  5.36364e-20  0.000220736  4.64936e-20 -0.000503686 -7.62746e-20  0.000783944  1.32701e-18 -0.000793585 -7.14831e-18  0.000432893  1.67663e-17  3.02991e-06 -1.95096e-17 -0.000147547  5.21177e-18  3.55154e-05   1.8688e-17  4.33253e-05  -3.2431e-17 -1.07583e-05  2.79757e-17 -1.40795e-05 -1.56936e-17  5.33953e-07   6.7126e-18  4.05148e-06 -2.03722e-18  1.11216e-06 -3.54477e-19  -6.3818e-07  6.18594e-19 -5.27971e-07  7.07908e-20 -8.08485e-08 -1.34074e-19  7.98363e-08 -1.05187e-19  5.60237e-08  3.30007e-20  1.24269e-08  6.26954e-20 -4.10554e-09 -1.54587e-20 -4.39394e-09 -1.44763e-20 -1.67903e-09  2.03446e-21 -2.21225e-10  2.45694e-21  1.25923e-10 -1.22207e-22   9.8211e-11 -4.28443e-22  3.66164e-11  1.04834e-22  7.81217e-12  1.17729e-22  8.47146e-14 -2.46904e-23  -7.3779e-13 -4.12912e-23  -3.7419e-13 -8.78403e-24 -1.18778e-13  7.34083e-24 -2.69484e-14  5.14199e-24 -3.91908e-15  5.81041e-25 -7.05353e-18 -5.61414e-25  2.20537e-16   -2.775e-25  8.88224e-17 -5.35134e-26  2.38781e-17 -2.68279e-29  5.06069e-18  1.84128e-27  8.80331e-19 -1.00531e-27  1.24967e-19 -1.30642e-27  1.35966e-20 -6.78532e-28  8.42855e-22 -2.35139e-28 -6.40259e-23   -5.989e-29 -3.17537e-23 -1.17944e-29 -6.40351e-24 -2.04214e-30 -9.52728e-25 -3.57388e-31 -1.15924e-25 -5.98073e-32  -1.1934e-26 -9.15338e-33 -1.05192e-27 -1.51588e-33  -7.9516e-29 -2.71426e-34 -5.12867e-30 -4.18681e-35 -2.79222e-31 -5.09545e-36 -1.26148e-32 -5.02454e-37 -4.61004e-34 -4.00689e-38 -1.31223e-35 -2.39996e-39 -2.73824e-37 -9.79038e-41 -3.75084e-39 -2.38603e-42 -2.63818e-41 -2.28824e-44
-4.84461e-21  4.48763e-07  8.47642e-21 -6.36607e-06  6.61442e-20  4.48794e-05  -1.6982e-19 -0.000195277  4.64936e-20  0.000569032 -1.76894e-19  -0.00114197  1.34645e-18   0.00155885 -7.43633e-20  -0.00134092 -1.11669e-17  0.000527012  2.98115e-17  0.000174584  -3.5634e-17  -0.00024528  1.39214e-17 -7.22011e-06  1.92857e-17   8.0062e-05  -3.4434e-17  4.90787e-06  2.58504e-17 -2.36336e-05 -1.21258e-17 -6.23968e-06  5.32396e-18  4.94646e-06 -2.01156e-18  3.29086e-06 -5.72601e-19 -4.44352e-08  6.96102e-19 -8.27557e-07  3.07794e-19 -3.59734e-07 -2.01034e-19   1.3368e-08 -1.97362e-19  8.25692e-08  4.98674e-20  3.98586e-08  8.44037e-20  5.51918e-09 -1.53471e-20 -4.08812e-09 -1.66704e-20 -3.13812e-09   1.3411e-21  -1.0782e-09  1.99699e-21 -1.33434e-10 -2.36792e-22  7.29175e-11 -2.28783e-22   5.5784e-11  2.38723e-22  2.10621e-11  1.13311e-22  4.98611e-12 -5.85555e-23  4.68125e-13 -5.65499e-23 -2.15601e-13  -8.9982e-24 -1.41768e-13  1.07014e-23 -4.97734e-14  6.84178e-24 -1.27192e-14  8.67619e-25 -2.44011e-15 -6.26785e-25 -3.08334e-16 -3.38055e-25 -1.30426e-18 -8.19243e-26  1.31187e-17 -1.26751e-26  4.74517e-18 -3.95925e-27  1.15167e-18 -3.49263e-27  2.22935e-19 -2.25234e-27  3.61374e-20 -9.99201e-28  4.97197e-21 -3.28687e-28  5.76624e-22  -8.2574e-29  5.45345e-23  -1.6553e-29  3.79251e-24 -2.95119e-30  1.07934e-25 -5.10082e-31 -1.88806e-26 -8.12955e-32 -4.15982e-27 -1.16461e-32 -5.10881e-28 -1.69254e-33  -4.7181e-29 -2.55186e-34 -3.49558e-30 -3.38942e-35 -2.11031e-31  -3.6165e-36 -1.03257e-32 -3.11776e-37  -4.0116e-34 -2.14037e-38 -1.19028e-35 -1.07455e-39 -2.51526e-37 -3.48472e-41 -3.27577e-39 -5.87181e-43  -1.7052e-41
-8.61795e-08 -2.36491e-20  2.32613e-06 -8.23145e-21 -2.34183e-05  2.35251e-19  0.000134644 -2.78747e-19 -0.000503686 -1.76894e-19    0.0012922 -1.07329e-18  -0.00229981  5.81558e-18   0.00275648  -5.3113e-18   -0.0019803 -1.49028e-17  0.000450871  4.70379e-17  0.000481268 -5.58419e-17 -0.000313529  2.32014e-17 -0.000109335  2.06027e-17  0.000108179 -3.49888e-17  4.11168e-05  2.08077e-17 -2.70611e-05 -7.12871e-18  -1.8166e-05  4.29536e-18  2.43425e-06 -2.31057e-18  5.75665e-06 -9.68932e-19  1.60355e-06   8.2731e-19 -7.37433e-07  6.16205e-19 -7.15378e-07 -2.52267e-19 -1.83028e-07 -3.05812e-19  5.81634e-08   5.2724e-20  6.68973e-08  1.03501e-19  2.49244e-08 -1.01178e-20  1.77908e-09 -1.63352e-20 -3.13151e-09  7.45192e-23 -1.99544e-09  7.28309e-22 -6.45528e-10 -4.65802e-22 -8.59402e-11  1.19175e-22  3.32089e-11  4.27191e-22  2.72947e-11  9.58424e-23  1.06628e-11 -1.05175e-22  2.77559e-12 -7.46491e-23  4.31393e-13 -8.47321e-24 -1.56701e-14   1.4709e-23 -3.84259e-14  8.78347e-24 -1.60076e-14   1.2975e-24 -4.54447e-15 -6.16421e-25  -1.0024e-15 -3.83448e-25 -1.74018e-16 -1.18002e-25 -2.19627e-17 -3.36876e-26 -1.17266e-18 -1.39979e-26  3.39163e-19 -7.45296e-27  1.40127e-19 -3.58923e-27  3.24739e-20  -1.4008e-27  5.81275e-21 -4.33963e-28  8.66507e-22 -1.06116e-28   1.1051e-22 -2.12114e-29  1.21684e-23 -3.78265e-30  1.15603e-24 -6.35384e-31  9.39175e-26 -9.62947e-32  6.39867e-27  -1.2946e-32  3.51375e-28 -1.68517e-33  1.41253e-29 -2.18213e-34    2.755e-31  -2.4988e-35 -1.24895e-32 -2.31994e-36 -1.52634e-33 -1.72921e-37 -8.09298e-35 -1.00594e-38 -2.70304e-36 -4.12545e-40 -5.62936e-38 -1.00812e-41 -5.99819e-40 -9.58485e-44
 1.92499e-20 -5.75179e-07 -6.68214e-20  9.08051e-06  -1.3411e-19 -7.13894e-05  6.03508e-19  0.000347753 -7.62746e-20  -0.00114197 -1.07329e-18   0.00261202 -3.50491e-18  -0.00415018  1.61034e-17    0.0043611 -1.71498e-17   -0.0025369 -1.71545e-17  7.49915e-05  6.74285e-17  0.000895208 -7.78142e-17 -0.000280644  3.04081e-17 -0.000270157  2.41362e-17  9.85306e-05 -3.45641e-17   9.5306e-05  1.33617e-17 -1.43628e-05 -1.58803e-18 -3.18944e-05  4.18191e-18 -5.63542e-06 -2.90006e-18  6.69635e-06 -1.63737e-18  4.16646e-06  9.73982e-19   1.7199e-07   9.8711e-19 -9.01039e-07 -2.59383e-19 -4.85764e-07 -4.16173e-19 -6.08619e-08  3.33757e-20  6.41706e-08    1.142e-19   4.6201e-08   5.3313e-22  1.41797e-08 -1.23782e-20  2.94941e-10 -1.48677e-21 -1.99587e-09 -1.34021e-21 -1.14117e-09 -8.03355e-22 -3.61082e-10  5.92216e-22 -5.61669e-11  6.50525e-22   1.0543e-11  6.28631e-23  1.11798e-11 -1.62995e-22  4.63749e-12 -9.48841e-23  1.31175e-12 -7.21497e-24  2.60581e-13  1.92122e-23  2.67052e-14   1.0954e-23 -4.80759e-15  1.91921e-24 -3.54174e-15 -5.02088e-25 -1.17624e-15 -4.06921e-25 -2.88381e-16 -1.62134e-25  -5.7086e-17 -6.39027e-26  -9.2919e-18 -2.84674e-26 -1.21335e-18 -1.28397e-26  -1.1345e-19 -5.26005e-27 -3.25367e-21 -1.85244e-27  1.48834e-21 -5.39362e-28  4.26021e-22 -1.27221e-28  7.48095e-23 -2.49805e-29  1.02722e-23 -4.37385e-30  1.17411e-24 -7.06523e-31  1.14219e-25 -1.01469e-31  9.52138e-27 -1.27886e-32  6.79104e-28 -1.50662e-33  4.11295e-29 -1.69889e-34  2.08692e-30  -1.6807e-35  8.69124e-32 -1.34863e-36  2.88144e-33 -8.58532e-38  7.25621e-35 -4.14927e-39  1.28316e-36 -1.34077e-40  1.37032e-38  -2.2511e-42  5.66794e-41
 8.12934e-08  9.26188e-20 -2.48725e-06 -1.02692e-19   2.8339e-05 -5.81113e-19   -0.0001845  1.12634e-18  0.000783944  1.34645e-18  -0.00229981 -3.50491e-18    0.0047416 -8.73205e-18   -0.0067616  3.53371e-17   0.00619997 -3.77883e-17  -0.00275462 -1.71483e-17 -0.000681863  8.93399e-17   0.00131462 -9.86905e-17 -7.60024e-05  3.32939e-17 -0.000454127  3.07951e-17  2.14074e-05 -3.34979e-17  0.000150818  4.16073e-18  2.21863e-05  3.63957e-18 -3.96427e-05  5.27707e-18 -1.92143e-05 -3.59274e-18  3.72908e-06 -2.60844e-18  6.60133e-06   1.0494e-18  2.06501e-06  1.39271e-18 -5.62728e-07 -1.93943e-19 -7.47304e-07 -5.08112e-19 -2.74665e-07 -1.16892e-20 -2.65277e-10  1.11162e-19  5.09145e-08  1.51505e-20  2.83526e-08 -4.62013e-21  7.57655e-09 -2.95871e-21 -4.86345e-11  -3.9348e-21 -1.08451e-09 -1.16622e-21 -5.86751e-10  1.14948e-21 -1.86815e-10   8.7566e-22 -3.44542e-11  1.00709e-23  9.35781e-13 -2.30094e-22  3.60972e-12 -1.16432e-22  1.67284e-12 -5.31159e-24  5.12057e-13  2.40447e-23  1.17222e-13  1.33511e-23   1.9396e-14  2.76779e-24  1.59504e-15 -2.71382e-25 -3.22062e-16 -4.07477e-25 -1.90738e-16 -2.14403e-25 -5.54736e-17 -1.02611e-25 -1.21565e-17   -4.659e-26 -2.19033e-18 -1.92258e-26 -3.33473e-19 -7.09362e-27 -4.30269e-20 -2.29678e-27  -4.6214e-21 -6.29064e-28 -3.90233e-22 -1.42283e-28 -2.09961e-23 -2.71466e-29  3.57918e-25 -4.60802e-30  2.70036e-25 -7.10378e-31  4.18331e-26 -9.63024e-32  4.46451e-27 -1.13493e-32  3.73607e-28 -1.21603e-33  2.53542e-29 -1.20487e-34  1.40056e-30 -1.03148e-35  6.21585e-32 -7.10636e-37   2.1533e-33 -3.80992e-38  5.52746e-35 -1.49117e-39  9.53883e-37  -3.5962e-41  8.81886e-39 -3.38239e-43
-5.68393e-20   4.3513e-07  2.79243e-19 -8.00892e-06  4.52309e-20  7.29331e-05 -1.69767e-18 -0.000410415  1.32701e-18   0.00155885  5.81558e-18  -0.00415018 -8.73205e-18   0.00779049 -1.81339e-17   -0.0100123  6.57097e-17   0.00793782 -6.74661e-17  -0.00237092 -1.49514e-17  -0.00179062  1.10777e-16   0.00157745 -1.16048e-16  0.000331703  3.09292e-17  -0.00059106  4.05814e-17 -0.000136131 -3.19106e-17   0.00017838 -6.13527e-18  8.14581e-05  7.86649e-18 -3.14382e-05  7.55854e-18 -3.44844e-05 -4.10317e-18 -4.74296e-06 -3.82154e-18  7.06358e-06  9.48235e-19  4.49183e-06  1.78245e-18  5.51848e-07 -3.90247e-20 -7.19422e-07 -5.59572e-19 -5.01988e-07 -7.86302e-20 -1.33331e-07  9.16383e-20  1.85391e-08  3.07295e-20  3.34263e-08  5.84683e-21  1.58393e-08 -4.05608e-21  3.90417e-09 -6.57003e-21 -1.13119e-11 -1.39004e-21 -5.01586e-10  1.75384e-21 -2.68509e-10  1.06774e-21 -8.76625e-11 -6.72847e-23 -1.87224e-11 -3.04808e-22 -1.52441e-12  -1.3863e-22  7.76277e-13  -2.9311e-24  4.71409e-13  2.90565e-23  1.59182e-13  1.59693e-23  4.01683e-14  3.84387e-24   7.9784e-15  6.37355e-26  1.20769e-15 -3.91173e-25  1.11792e-16 -2.74059e-25 -5.61316e-18 -1.47187e-25 -5.47965e-18 -6.65555e-26 -1.53525e-18 -2.58261e-26 -3.09181e-19 -8.82663e-27 -5.07254e-20 -2.66111e-27 -7.05987e-21 -6.86885e-28 -8.46103e-22 -1.48397e-28 -8.75797e-23 -2.72912e-29  -7.7873e-24 -4.45065e-30 -5.86204e-25 -6.50954e-31 -3.62703e-26 -8.29704e-32 -1.72791e-27 -9.11332e-33 -5.15767e-29  -8.8941e-34  2.83726e-31 -7.78281e-35  1.48367e-31 -5.76777e-36  1.02754e-32 -3.38644e-37  4.25854e-34 -1.50333e-38  1.13832e-35 -4.60166e-40  1.78229e-37 -7.55178e-42  1.08168e-39
  -3.763e-08 -2.64654e-19  1.44913e-06  5.83153e-19 -2.01544e-05  8.43871e-19  0.000157305 -3.84954e-18 -0.000793585 -7.43633e-20   0.00275648  1.61034e-17   -0.0067616 -1.81339e-17    0.0116679 -3.26257e-17   -0.0135576  1.06878e-16   0.00914706 -1.03564e-16  -0.00122081 -1.12459e-17  -0.00308427   1.2962e-16   0.00151143 -1.28727e-16  0.000903306  2.40058e-17 -0.000596044  5.27397e-17 -0.000355406 -2.97623e-17  0.000145934 -1.68901e-17  0.000149307  1.06099e-17  3.72028e-08  1.07267e-17  -4.4013e-05 -4.13283e-18 -1.79616e-05 -5.12819e-18  3.66781e-06  5.88945e-19  6.29399e-06  2.08969e-18  2.32853e-06  2.00456e-19 -1.76476e-07 -5.53198e-19 -5.86387e-07 -1.55934e-19 -2.92137e-07  5.70783e-20 -5.70719e-08  4.35742e-20  1.76149e-08  1.67607e-20  1.90619e-08 -4.77228e-21  8.15829e-09 -8.69544e-21  1.96321e-09 -1.26669e-21     5.97e-11  2.38906e-21 -1.92359e-10  1.20399e-21  -1.0716e-10 -1.70869e-22 -3.63481e-11 -3.85274e-22 -8.69635e-12 -1.60888e-22 -1.30387e-12 -2.38735e-25  1.55996e-14  3.41263e-23  8.97151e-14  1.87675e-23  3.69185e-14  5.09485e-24   1.0275e-14  4.64069e-25  2.25644e-15 -3.69807e-25  4.05705e-16 -3.38736e-25   5.9174e-17 -1.93154e-25  6.51046e-18 -8.57712e-26   3.7229e-19 -3.16477e-26 -4.66718e-20 -1.01656e-26 -1.96678e-20 -2.87722e-27 -3.97041e-21 -7.01161e-28 -6.02384e-22 -1.44296e-28 -7.51408e-23 -2.54248e-29 -7.94545e-24 -3.95655e-30 -7.19857e-25 -5.46378e-31 -5.59386e-26 -6.52227e-32 -3.70854e-27 -6.65201e-33 -2.07484e-28 -5.90847e-34 -9.62986e-30 -4.57419e-35 -3.61458e-31 -2.92945e-36 -1.05616e-32 -1.45191e-37 -2.26145e-34  -5.2204e-39 -3.18841e-36 -1.18632e-40 -2.32447e-38  -1.0811e-42
 1.28409e-19 -1.21399e-07 -8.01905e-19  3.29723e-06  7.79506e-19 -4.00294e-05  3.14323e-18  0.000285697 -7.14831e-18  -0.00134092  -5.3113e-18    0.0043611  3.53371e-17   -0.0100123 -3.26257e-17    0.0160385 -5.19299e-17   -0.0168856  1.54809e-16   0.00943728 -1.40896e-16  0.000678489 -6.48889e-18  -0.00428762  1.43856e-16   0.00100126 -1.37178e-16   0.00152435  1.44034e-17 -0.000402603  6.61725e-17 -0.000583184 -2.69268e-17  3.34517e-05 -2.74806e-17  0.000200234  1.15738e-17  5.41647e-05  1.42957e-17 -3.92202e-05  -3.4593e-18 -3.20115e-05 -6.32272e-18 -4.33727e-06 -4.91472e-20  5.95875e-06  2.24786e-18  4.14323e-06  4.93943e-19  9.07099e-07 -4.82456e-19 -3.66005e-07  -2.2699e-19 -3.85189e-07  1.33362e-20 -1.53299e-07  5.04554e-20  -2.2526e-08  2.52593e-20  1.12097e-08 -5.43314e-21  9.61939e-09 -9.87425e-21  3.88217e-09 -6.13109e-22   9.5379e-10  3.06261e-21  7.73919e-11   1.2832e-21  -5.6896e-11 -2.95244e-22 -3.60479e-11 -4.67955e-22 -1.29026e-11  -1.8213e-22 -3.36393e-12  2.79246e-24 -6.46256e-13  3.91631e-23 -7.49204e-14  2.16372e-23  4.28579e-15  6.40854e-24  5.34597e-15  8.68883e-25  1.81891e-15 -3.56999e-25  4.40962e-16 -4.03816e-25  8.64294e-17 -2.34792e-25  1.42257e-17 -1.01396e-25  1.98231e-18 -3.57332e-26  2.30853e-19 -1.08686e-26  2.14382e-20 -2.90239e-27  1.35056e-21 -6.68615e-28  3.89023e-24 -1.30794e-28 -1.42248e-23  -2.1975e-29 -2.55775e-24  -3.2458e-30 -3.02357e-25 -4.21421e-31 -2.78015e-26 -4.69307e-32 -2.07615e-27 -4.42592e-33 -1.27042e-28 -3.56846e-34 -6.31877e-30 -2.44114e-35 -2.49899e-31 -1.34489e-36 -7.55315e-33 -5.55255e-38 -1.62615e-34 -1.56716e-39 -2.16279e-36 -2.41762e-41  -1.1501e-38
-4.56131e-09  5.72601e-19 -9.64782e-08 -1.80894e-18  4.63434e-06  1.92875e-19 -6.07081e-05  8.08354e-18  0.000432893 -1.11669e-17   -0.0019803 -1.71498e-17   0.00619997  6.57097e-17   -0.0135576 -5.19299e-17    0.0203713 -7.40226e-17   -0.0194554   2.0183e-16   0.00858983 -1.73291e-16    0.0031075  -6.0918e-21  -0.00509715  1.51944e-16  4.12884e-05 -1.43174e-16   0.00203302  4.28866e-18  5.97339e-06  7.98084e-17 -0.000744518 -2.32154e-17 -0.000154315 -3.72788e-17  0.000205392  1.06333e-17  0.000119636  1.77008e-17 -1.43848e-05  -2.0066e-18 -4.05633e-05 -7.19008e-18 -1.55963e-05 -9.08835e-19  2.36148e-06  2.21019e-18  4.99456e-06   7.9074e-19  2.23254e-06 -3.54688e-19  2.17022e-07 -2.74767e-19 -3.11377e-07 -3.07851e-20 -2.19538e-07  4.95568e-20 -7.47341e-08  2.86988e-20 -8.94093e-09 -6.59414e-21  5.58899e-09 -9.92155e-21  4.30424e-09  6.55168e-22  1.69226e-09  3.79241e-21  4.35237e-10   1.3261e-21  5.80945e-11 -4.25632e-22  -1.0004e-11 -5.45934e-22 -9.60882e-12 -2.00017e-22  -3.7624e-12  6.60341e-24  -1.0545e-12  4.41085e-23 -2.30252e-13  2.43923e-23  -3.8638e-14  7.62791e-24 -4.24931e-15  1.21019e-24  3.25022e-17 -3.62901e-25  1.65561e-16 -4.62415e-25  5.29967e-17 -2.66239e-25  1.16293e-17 -1.11014e-25  2.05246e-18 -3.74148e-26  3.05779e-19  -1.0815e-26  3.91506e-20 -2.73258e-27  4.32723e-21 -5.95454e-28  4.11001e-22 -1.10514e-28  3.30747e-23 -1.76352e-29  2.18861e-24 -2.46129e-30  1.11199e-25 -2.99278e-31  3.44912e-27  -3.0967e-32 -4.07098e-29 -2.68785e-33 -1.40345e-29 -1.95878e-34 -1.06182e-30 -1.17916e-35  -5.0257e-32 -5.54237e-37 -1.60884e-33 -1.86928e-38  -3.2986e-35 -3.94369e-40 -3.51589e-37 -3.38105e-42
 -2.2521e-19  -7.5736e-08  1.69531e-18  7.77317e-07 -3.16177e-18  4.39251e-07 -2.39871e-18 -5.97643e-05  1.67663e-17  0.000527012 -1.49028e-17   -0.0025369 -3.77883e-17   0.00793782  1.06878e-16   -0.0168856 -7.40226e-17    0.0240783 -9.50891e-17   -0.0208613  2.38134e-16   0.00663441 -1.95777e-16   0.00570204  1.02723e-17   -0.0052763  1.53274e-16  -0.00125185 -1.49021e-16   0.00226988 -4.78068e-18  0.000582306  9.27361e-17 -0.000766893 -1.83849e-17 -0.000383804 -4.56507e-17  0.000143921  7.85007e-18  0.000176222  2.03991e-17  2.96607e-05  1.21865e-19 -3.71522e-05 -7.55711e-18 -2.65249e-05 -1.86472e-18 -4.44279e-06  1.96517e-18  3.92425e-06   1.0336e-18  3.21178e-06 -1.89469e-19  1.03035e-06 -2.86783e-19 -2.32701e-08 -6.61663e-20 -1.99056e-07  4.08193e-20 -1.12366e-07  2.53857e-20 -3.45967e-08 -8.83974e-21 -3.96839e-09 -8.95629e-21  2.22754e-09  2.47462e-21  1.68833e-09  4.58388e-21   6.6355e-10  1.36631e-21  1.79962e-10 -5.39095e-22  3.18853e-11 -6.08201e-22  1.14261e-12 -2.10503e-22 -1.73705e-12  1.21437e-23 -8.42359e-13  4.89318e-23 -2.57444e-13  2.67936e-23 -6.09901e-14  8.58628e-24 -1.17475e-14  1.43164e-24 -1.83098e-15 -3.89711e-25 -2.15752e-16 -5.06332e-25 -1.35835e-17 -2.82804e-25  1.58688e-18 -1.13234e-25   7.4535e-19 -3.64872e-26  1.61086e-19 -1.00376e-26  2.60515e-20 -2.40271e-27  3.46284e-21 -4.95272e-28  3.90641e-22 -8.70498e-29  3.78389e-23 -1.31474e-29  3.15337e-24  -1.7269e-30  2.25139e-25 -1.95899e-31  1.36408e-26 -1.87526e-32  6.90823e-28 -1.49005e-33  2.85955e-29 -9.75687e-35  9.35964e-31 -5.13116e-36  2.30228e-32 -2.03056e-37  3.90912e-34 -5.42951e-39  3.87814e-36 -7.84751e-41  1.38345e-38
 1.22887e-08 -9.53586e-19 -3.98352e-07  3.84877e-18  4.22573e-06 -4.23587e-18  -1.9322e-05 -8.53836e-18  3.02991e-06  2.98115e-17  0.000450871 -1.71545e-17  -0.00275462 -6.74661e-17   0.00914706  1.54809e-16   -0.0194554 -9.50891e-17    0.0266879 -1.10142e-16   -0.0209498  2.54317e-16   0.00383386 -2.06325e-16   0.00806156  2.70941e-17  -0.00472428  1.48536e-16  -0.00267116  -1.5657e-16   0.00212756 -1.23374e-17   0.00122414  1.04128e-16 -0.000605419 -1.22003e-17 -0.000599828 -5.19849e-17  1.26433e-05  3.50313e-18  0.000200845  2.19564e-17  8.40693e-05  2.65782e-18 -1.81095e-05 -7.33449e-18 -3.23104e-05 -2.75637e-18 -1.28257e-05  1.54172e-18  5.54501e-07  1.17564e-18  3.19043e-06 -1.26512e-20  1.75415e-06 -2.58403e-19  4.21113e-07 -8.61248e-20 -6.35934e-08  2.56096e-20 -1.06623e-07  1.49458e-20 -5.25002e-08 -1.25946e-20 -1.53552e-08 -7.36724e-21 -1.99555e-09  4.62433e-21  6.71517e-10   5.4076e-21  5.65436e-10  1.43562e-21  2.27823e-10 -6.09332e-22  6.50244e-11 -6.40855e-22  1.36074e-11 -2.08255e-22  1.76443e-12  2.06883e-23 -6.26723e-14  5.36034e-23  -1.2227e-13  2.86002e-23 -4.52671e-14  9.15149e-24 -1.17049e-14  1.50507e-24 -2.43041e-15 -4.30092e-25 -4.22057e-16 -5.27883e-25 -6.18068e-17 -2.82104e-25 -7.51809e-18 -1.08006e-25 -7.18614e-19 -3.32405e-26 -4.37802e-20 -8.70403e-27  8.62549e-22 -1.97441e-27  7.33271e-22 -3.84789e-28  1.30208e-22 -6.39233e-29  1.60526e-23  -9.1079e-30  1.56701e-24 -1.12159e-30  1.25651e-25 -1.18229e-31  8.34457e-27 -1.04205e-32  4.56136e-28 -7.53274e-34  2.01622e-29 -4.39738e-35  6.98353e-31 -1.99833e-36  1.79701e-32 -6.52425e-38  3.11413e-34 -1.31743e-39  2.89223e-36 -1.06927e-41
  3.0811e-19  5.48156e-08 -2.70896e-18   -1.247e-06  7.10787e-18   1.2503e-05 -3.90465e-18 -6.69355e-05 -1.95096e-17  0.000174584  4.70379e-17  7.49915e-05 -1.71483e-17  -0.00237092 -1.03564e-16   0.00943728   2.0183e-16   -0.0208613 -1.10142e-16    0.0279764 -1.14174e-16   -0.0198414  2.44015e-16  0.000590117  -2.0633e-16   0.00985906  5.24829e-17  -0.00349318  1.39697e-16  -0.00397904 -1.66417e-16   0.00158081 -1.89179e-17   0.00180227  1.13117e-16  -0.00025883 -4.57328e-18 -0.000741133 -5.57582e-17 -0.000170094 -1.90119e-18  0.000175623  2.21145e-17  0.000133704  5.22804e-18  1.51772e-05 -6.53899e-18 -2.87371e-05 -3.43352e-18 -1.98898e-05  1.00227e-18 -4.53473e-06  1.19443e-18  1.77556e-06  1.51687e-19  1.99662e-06 -1.93297e-19  8.55711e-07 -8.81833e-20  1.59265e-07  5.97739e-21 -4.42732e-08 -1.76512e-21 -4.95627e-08 -1.80395e-20 -2.24653e-08 -5.72701e-21 -6.48774e-09  6.75446e-21 -1.02381e-09  6.18614e-21  1.16791e-10  1.54906e-21  1.53594e-10 -6.13946e-22  6.59823e-11 -6.30395e-22   1.9801e-11 -1.88094e-22  4.58029e-12  3.33489e-23  8.05971e-13  5.80381e-23  9.04387e-14  2.96252e-23 -2.16319e-15  9.26119e-24 -4.46741e-15  1.43762e-24 -1.46256e-15 -4.69512e-25  -3.3426e-16 -5.22084e-25 -6.16997e-17 -2.64646e-25  -9.6243e-18 -9.65738e-26  -1.2898e-18 -2.83486e-26 -1.48973e-19 -7.06112e-27 -1.47296e-20 -1.51719e-27 -1.22335e-21 -2.79285e-28 -8.17741e-23 -4.37604e-29 -3.91633e-24 -5.86302e-30 -6.90084e-26 -6.74305e-31  9.61472e-27 -6.57673e-32  1.28431e-27 -5.30828e-33  9.28409e-29 -3.46529e-34  4.68672e-30 -1.78527e-35  1.69974e-31 -6.90132e-37  4.23896e-33 -1.80192e-38  6.38446e-35 -2.51714e-40  3.78482e-37
-6.14872e-10    1.229e-18  1.11243e-07 -5.97429e-18 -2.55274e-06  1.10389e-17  2.59804e-05 -9.51121e-19 -0.000147547  -3.5634e-17  0.000481268  6.74285e-17 -0.000681863 -1.49514e-17  -0.00122081 -1.40896e-16   0.00858983  2.38134e-16   -0.0209498 -1.14174e-16     0.028004 -1.03477e-16   -0.0178584  2.05698e-16  -0.00268012 -1.99723e-16    0.0109099  8.63963e-17   -0.0017551  1.29507e-16  -0.00496853 -1.77612e-16  0.000688095 -2.55417e-17   0.00219499  1.18786e-16  0.000228959  4.28685e-18 -0.000758155 -5.66265e-17 -0.000367929 -7.67458e-18  9.47026e-05  2.08316e-17  0.000161549  7.44284e-18  5.57625e-05  -5.2913e-18 -1.40879e-05 -3.79801e-18 -2.24384e-05  4.26428e-19 -9.82114e-06   1.0983e-18 -8.92684e-07   2.8839e-19  1.48058e-06 -1.01092e-19  1.06699e-06 -7.41986e-20  3.85715e-07 -1.60739e-20  5.97971e-08 -2.30902e-20 -2.11757e-08 -2.51554e-20 -2.01313e-08 -4.69422e-21 -8.73079e-09  8.43909e-21 -2.55119e-09  6.79469e-21 -4.81063e-10  1.69496e-21 -1.73067e-11 -5.42088e-22  2.99479e-11 -5.68293e-22  1.52123e-11 -1.47079e-22   4.8706e-12  5.04277e-23  1.20446e-12  6.20228e-23  2.40604e-13  2.97705e-23  3.83753e-14  8.93474e-24  4.44636e-15  1.26664e-24  2.01276e-16 -4.91661e-25 -6.68558e-17 -4.88339e-25  -2.4719e-17 -2.33654e-25 -5.29133e-18  -8.1074e-26 -8.77999e-19 -2.26647e-26 -1.21266e-19 -5.36422e-27 -1.43078e-20 -1.09072e-27 -1.45584e-21 -1.89384e-28 -1.27895e-22 -2.79233e-29 -9.65701e-24 -3.50623e-30 -6.20815e-25 -3.75095e-31  -3.3474e-26 -3.36889e-32 -1.48056e-27 -2.47446e-33 -5.19659e-29  -1.4458e-34 -1.37419e-30  -6.4873e-36 -2.50361e-32 -2.08599e-37    -2.61e-34 -4.14336e-39 -8.45054e-37 -3.27883e-41
-3.27283e-19  1.53492e-08  3.30508e-18 -2.51466e-08 -1.08796e-17 -2.92312e-06  1.47631e-17  3.88348e-05  5.21177e-18  -0.00024528 -5.58419e-17  0.000895208  8.93399e-17  -0.00179062 -1.12459e-17  0.000678489 -1.73291e-16   0.00663441  2.54317e-16   -0.0198414 -1.03477e-16    0.0270516 -7.67073e-17   -0.0154021  1.43061e-16  -0.00564725 -1.91258e-16     0.011183  1.26159e-16  0.000258211  1.20674e-16  -0.00550457 -1.87966e-16 -0.000430219 -3.30676e-17   0.00231639  1.20306e-16  0.000780512   1.3801e-17 -0.000626661 -5.45142e-17 -0.000535773 -1.30521e-17 -3.26534e-05  1.82876e-17  0.000154185  8.98689e-18  9.27364e-05 -3.79089e-18   9.7055e-06 -3.82927e-18 -1.82494e-05 -1.08877e-19  -1.3304e-05  9.22996e-19 -4.07981e-06  3.95013e-19  2.10787e-07  6.61297e-21   8.9501e-07   -4.891e-20   5.0839e-07 -3.89514e-20  1.64495e-07 -4.71005e-20  2.40874e-08 -3.38388e-20 -7.54528e-09 -4.92481e-21 -7.06094e-09  9.23952e-21 -3.02349e-09  7.07579e-21 -9.04364e-10  1.83267e-21  -1.9461e-10 -4.00134e-22 -2.41438e-11 -4.55276e-22   2.2563e-12 -8.64387e-23  2.46605e-12  7.08989e-23  9.05526e-13  6.51685e-23  2.39417e-13  2.90307e-23  5.11207e-14  8.25801e-24  9.11231e-15  1.04457e-24  1.35837e-15 -4.84592e-25  1.64668e-16 -4.30923e-25  1.47038e-17 -1.94193e-25  5.47529e-19 -6.39604e-26 -1.18683e-19 -1.70027e-26 -3.43165e-20 -3.81852e-27 -5.55398e-21 -7.33774e-28 -6.85071e-22  -1.1997e-28  -6.9087e-23 -1.66024e-29 -5.82413e-24 -1.94687e-30 -4.12086e-25 -1.92886e-31  -2.4314e-26 -1.58663e-32 -1.17801e-27 -1.05266e-33 -4.56649e-29  -5.4448e-35 -1.35802e-30 -2.09096e-36 -2.88325e-32 -5.41151e-38 -3.78549e-34 -7.48075e-40  -1.9881e-36
-3.35594e-09 -1.21976e-18  1.05566e-07  6.92965e-18 -9.42517e-07 -1.69649e-17  1.31878e-06  1.74036e-17  3.55154e-05  1.39214e-17 -0.000313529 -7.78142e-17   0.00131462  1.10777e-16  -0.00308427 -6.48889e-18    0.0031075 -1.95777e-16   0.00383386  2.44015e-16   -0.0178584 -7.67073e-17    0.0255013 -3.53494e-17   -0.0128371  6.40361e-17  -0.00811758   -1.848e-16    0.0107667  1.66949e-16   0.00231591  1.15073e-16  -0.00553714 -1.94793e-16  -0.00162515 -4.17324e-17   0.00213122  1.17165e-16   0.00130399  2.30839e-17 -0.000353532 -4.96657e-17  -0.00063141 -1.73302e-17 -0.000183625  1.48507e-17  0.000106357  9.68552e-18  0.000114385 -2.27534e-18   3.7193e-05 -3.58654e-18 -7.12175e-06 -5.46549e-19 -1.32565e-05  7.20626e-19 -6.66795e-06  4.81233e-19 -1.47042e-06  1.20258e-19  3.25026e-07 -1.75919e-20  4.48443e-07 -6.13619e-20  2.20227e-07 -7.19888e-20  6.70426e-08 -4.39962e-20  1.05464e-08 -6.98842e-21 -1.81796e-09  8.77116e-21 -2.07098e-09  6.86651e-21 -9.05849e-10  1.89908e-21   -2.788e-10 -2.13248e-22 -6.55224e-11 -3.03497e-22 -1.13352e-11 -1.24188e-23 -1.05444e-12  9.23002e-23  1.55425e-13  6.69317e-23  1.08156e-13  2.74731e-23  3.31901e-14  7.35025e-24  7.58424e-15   8.2095e-25  1.42411e-15 -4.44909e-25  2.27174e-16 -3.57995e-25  3.11229e-17 -1.51909e-25  3.65475e-18 -4.74385e-26  3.62475e-19 -1.19743e-26  2.92517e-20  -2.5479e-27  1.73338e-21 -4.61967e-28  4.43967e-23 -7.09779e-29 -5.30503e-24  -9.1929e-30 -9.71878e-25 -1.00284e-30 -9.34002e-26 -9.15662e-32 -6.46148e-27 -6.85478e-33 -3.40006e-28 -4.07124e-34 -1.35539e-29 -1.83854e-35 -3.93116e-31 -5.90077e-37 -7.57264e-33 -1.16754e-38 -7.74187e-35 -9.18716e-41
 2.64725e-19 -1.50322e-08  -3.0703e-18  3.59314e-07  1.20344e-17 -3.50251e-06 -2.32547e-17  1.55658e-05   1.8688e-17 -7.22011e-06  2.32014e-17 -0.000280644 -9.86905e-17   0.00157745   1.2962e-16  -0.00428762  -6.0918e-21   0.00570204 -2.06325e-16  0.000590117  2.05698e-16   -0.0154021 -3.53494e-17    0.0237176  1.65188e-17    -0.010422 -2.11298e-17    -0.010029 -1.82282e-16   0.00981469  2.03093e-16   0.00422987  1.13294e-16  -0.00509081 -1.95766e-16  -0.00275103 -5.10339e-17    0.0016552  1.09352e-16   0.00171293  3.11263e-17  2.57278e-05 -4.26328e-17 -0.000625734 -1.99926e-17 -0.000327255  1.10117e-17  2.31408e-05  9.52928e-18  0.000111818 -9.74907e-19  6.08302e-05 -3.18904e-18  8.75305e-06 -8.59153e-19 -8.96149e-06  5.44944e-19 -7.57118e-06  5.64587e-19 -2.98213e-06  2.34962e-19 -4.81214e-07  1.62253e-20  2.00117e-07 -8.18821e-20  1.93956e-07 -9.62088e-20  8.70736e-08 -5.55395e-20  2.59135e-08 -1.12748e-20  4.66172e-09  6.77231e-21 -1.05325e-10  6.03445e-21 -4.73393e-10    1.823e-21 -2.24736e-10 -2.15205e-23 -7.18243e-11 -1.35303e-22 -1.78789e-11  6.45269e-23  -3.5601e-12  1.11176e-22  -5.4582e-13  6.67268e-23 -5.22878e-14  2.52106e-23  2.06156e-15  6.32904e-24  2.40767e-15  6.29012e-25  6.90462e-16 -3.78355e-25  1.40935e-16 -2.79492e-25  2.33649e-17   -1.118e-25   3.2829e-18 -3.30797e-26  3.97472e-19 -7.91781e-27  4.16891e-20 -1.59362e-27  3.78286e-21 -2.72127e-28   2.9501e-22 -3.91989e-29  1.95357e-23 -4.73642e-30  1.07752e-24 -4.78612e-31  4.79976e-26 -4.00513e-32  1.63613e-27 -2.70838e-33  3.80155e-29  -1.4242e-34  3.89474e-31 -5.51522e-36 -7.53331e-33 -1.42989e-37 -3.11061e-34 -1.97651e-39 -2.78794e-36
