  0.00100971 -5.96547e-18  -0.00362225   4.1943e-17   0.00268063 -6.15099e-17  0.000570758  1.86453e-17  -0.00046909  2.01412e-17 -0.000343107 -3.81203e-18 -7.77321e-05 -1.30508e-17  3.25659e-05   2.7789e-18  4.03243e-05  1.77994e-19    2.157e-05  1.71167e-18  7.17633e-06   1.1684e-18  8.99278e-07  -6.1373e-19 -7.48474e-07 -4.87568e-19 -7.39305e-07 -4.39303e-23 -4.24213e-07  5.37059e-20 -1.91812e-07  2.02367e-20 -7.36187e-08  7.47693e-21 -2.45393e-08  1.44979e-21 -7.07241e-09 -4.29635e-22 -1.69118e-09 -8.91649e-22 -2.85692e-10 -5.12479e-22 -5.13547e-13 -5.66776e-23  2.71712e-11  8.10557e-23  1.56571e-11  4.27641e-23  6.43404e-12  8.29574e-24  2.24002e-12 -8.45543e-26  6.97303e-13 -1.41609e-24  1.98728e-13 -1.52256e-24  5.24797e-14 -9.99593e-25  1.29247e-14 -4.84716e-25  2.97833e-15 -1.93996e-25  6.42981e-16 -4.84032e-26  1.30011e-16  1.07494e-26  2.45833e-17  1.86494e-26  4.33413e-18  9.52445e-27  7.09192e-19  2.26105e-27  1.06944e-19 -2.27018e-28  1.46957e-20 -4.45576e-28  1.80467e-21 -2.23338e-28  1.90424e-22 -7.98017e-29  1.55682e-23 -2.53395e-29  5.72791e-25 -7.87018e-30 -1.12482e-25 -2.29687e-30  -3.4163e-26 -5.55157e-31 -5.95698e-27 -8.93527e-32 -8.24175e-28 -3.56909e-34 -9.75784e-29  5.75358e-33  -1.0168e-29  2.41991e-33 -9.43733e-31  6.72456e-34 -7.83794e-32   1.5045e-34 -5.82806e-33  2.94633e-35 -3.87142e-34  5.28827e-36  -2.2872e-35   8.7888e-37 -1.19255e-36  1.32266e-37  -5.3989e-38  1.73363e-38 -2.03004e-39  1.89354e-39 -5.46753e-41  1.63243e-40 -3.46947e-43  1.01169e-41  5.69243e-44  3.43718e-43  2.69529e-45 -5.01367e-45  1.13903e-47 -1.17785e-45 -2.80691e-48  -4.9586e-47 -7.44786e-50 -5.99654e-49
-5.96547e-18   0.00615757 -3.00783e-17   -0.0117293  1.41356e-16   0.00454294 -1.53017e-16   0.00293044  1.56954e-17 -0.000228675  6.14164e-17 -0.000855219 -3.80825e-19 -0.000437092 -3.01395e-17 -7.10835e-05 -2.31187e-18  5.63808e-05 -1.43276e-19  5.80313e-05  5.60723e-18  3.11055e-05   3.4499e-18  1.13748e-05    -1.11e-18  2.42084e-06 -1.17129e-18 -3.32722e-07 -1.71088e-19 -6.93327e-07  6.95402e-20 -4.64271e-07  5.43058e-20  -2.3188e-07  2.71482e-20 -9.81899e-08  8.98234e-21 -3.69438e-08  1.62961e-22 -1.26365e-08 -2.46831e-21 -3.98092e-09 -1.51312e-21 -1.16463e-09 -2.12871e-22 -3.18263e-10  1.78293e-22 -8.16461e-11  1.13972e-22 -1.97696e-11  3.78407e-23   -4.552e-12  9.04666e-24 -1.00792e-12 -1.47703e-24 -2.18175e-13 -4.10188e-24 -4.71403e-14 -3.15349e-24 -1.03697e-14 -1.72096e-24  -2.3442e-15 -7.11208e-25 -5.40887e-16 -1.48795e-25 -1.24958e-16  5.82268e-26  -2.8272e-17  6.93391e-26 -6.15089e-18  3.10126e-26 -1.27066e-18  6.22736e-27 -2.47276e-19 -1.20191e-27 -4.51128e-20 -1.55644e-27 -7.69239e-21 -7.63607e-28 -1.22336e-21 -2.84332e-28 -1.81149e-22 -9.51149e-29  -2.4935e-23 -2.98011e-29 -3.18514e-24 -8.31473e-30 -3.76833e-25 -1.86651e-30 -4.11995e-26 -2.73241e-31 -4.15149e-27  3.05769e-33 -3.84345e-28  1.76396e-32 -3.25704e-29  6.94224e-33 -2.51523e-30  1.85878e-33 -1.76059e-31  4.06337e-34 -1.10982e-32  7.80878e-35 -6.25034e-34  1.36416e-35 -3.11275e-35  2.16736e-36 -1.34865e-36  3.05696e-37 -4.89155e-38  3.69103e-38 -1.29128e-39  3.65124e-39   -5.762e-42   2.7827e-40  1.95188e-42  1.44886e-41  1.27845e-43  3.31018e-43  3.55556e-45 -1.49214e-44 -2.14019e-48 -1.42973e-45 -2.46654e-48 -3.71363e-47 -3.34234e-50
 -0.00362225 -3.00783e-17    0.0180368 -8.41606e-17    -0.022033  2.89992e-16   0.00260274 -2.42524e-16   0.00609796 -1.77202e-17   0.00145254  1.15704e-16 -0.000930204  1.63749e-17 -0.000952501 -4.61374e-17 -0.000396672 -1.83676e-17  -4.3762e-05 -3.27609e-18  6.38859e-05  1.12053e-17  5.94747e-05  7.03465e-18  3.23395e-05  -1.0764e-18  1.29135e-05 -1.88851e-18  3.71284e-06 -5.37778e-19  4.85113e-07 -1.24282e-21 -2.69215e-07  8.14222e-20 -2.76214e-07  5.94631e-20 -1.59127e-07  2.53046e-20 -7.35338e-08  2.67676e-21 -2.97279e-08 -4.72055e-21  -1.0906e-08 -3.10405e-21 -3.70308e-09 -5.72169e-22 -1.17818e-09   2.5378e-22 -3.54234e-10  2.28907e-22 -1.01265e-10  1.11054e-22 -2.76493e-11  3.93945e-23 -7.23362e-12  3.90214e-24 -1.81705e-12 -7.30691e-24 -4.38669e-13 -7.19682e-24 -1.01778e-13 -4.30438e-24 -2.26739e-14 -1.72372e-24 -4.84224e-15 -2.62735e-25 -9.89189e-16  1.99982e-25 -1.92814e-16  1.77732e-25 -3.57648e-17  6.98478e-26 -6.29539e-18  1.13758e-26 -1.04864e-18 -3.93371e-27 -1.64838e-19 -3.91707e-27 -2.43834e-20 -1.89146e-27 -3.38461e-21 -7.22932e-28 -4.39561e-22 -2.46535e-28 -5.32444e-23 -7.59317e-29 -5.99514e-24 -2.01321e-29 -6.25102e-25 -4.20949e-30 -6.00954e-26 -5.57477e-31 -5.29953e-27  1.79989e-32 -4.25996e-28  3.78917e-32 -3.09638e-29  1.39127e-32 -2.01317e-30  3.58254e-33 -1.15257e-31  7.61867e-34 -5.66512e-33   1.4252e-34 -2.27703e-34  2.39943e-35 -6.56313e-36  3.61364e-36 -4.99034e-38  4.74792e-37  1.00943e-38  5.25192e-38  1.01393e-39  4.66853e-39  6.96795e-41      3.1e-40  3.74033e-42  1.30684e-41  1.39284e-43  1.38882e-43  2.61408e-45 -1.88653e-44 -1.37598e-47  -1.0036e-45 -1.22208e-48 -1.33087e-47
  4.1943e-17   -0.0117293 -8.41606e-17    0.0340517 -1.59033e-16   -0.0285943  4.25887e-16   -0.0039532 -2.95517e-16   0.00768404 -6.67541e-17   0.00421138  1.68388e-16  1.30501e-05  4.87254e-17  -0.00119449 -5.50141e-17  -0.00083667 -4.36575e-17 -0.000303629 -1.06624e-17 -2.19397e-05  1.64861e-17  5.59022e-05  1.12748e-17  4.95749e-05 -2.15542e-19  2.75648e-05  -2.3744e-18  1.18773e-05 -1.03679e-18  4.11716e-06 -1.87622e-19  1.09005e-06  7.48092e-20  1.54121e-07  9.59029e-20 -4.84942e-08  4.80771e-20 -5.43675e-08   6.3663e-21 -3.04562e-08 -7.78812e-21 -1.35103e-08 -5.42918e-21  -5.2295e-09 -1.31549e-21 -1.83508e-09    2.367e-22  -5.9514e-10   3.9881e-22 -1.80365e-10  2.52337e-22 -5.14272e-11  1.05968e-22 -1.38535e-11  2.08246e-23 -3.53461e-12 -1.02116e-23 -8.55277e-13 -1.37916e-23 -1.96352e-13 -8.59142e-24 -4.27575e-14 -3.14178e-24 -8.82439e-15  -2.1995e-25 -1.72391e-15  5.23116e-25 -3.18273e-16  3.65514e-25 -5.54243e-17  1.26056e-25 -9.08304e-18  1.52218e-26 -1.39719e-18 -9.86028e-27 -2.01119e-19 -8.18744e-27 -2.69934e-20 -3.88793e-27 -3.36328e-21  -1.4977e-27 -3.86863e-22 -5.07829e-28 -4.07781e-23  -1.5131e-28 -3.89741e-24 -3.79475e-29 -3.32193e-25 -7.38003e-30 -2.45071e-26 -8.70179e-31 -1.46378e-27  5.51307e-32 -5.62312e-29  6.58704e-32   1.0007e-30  2.24846e-32  4.62598e-31  5.55047e-33   5.5956e-32  1.14199e-33  4.84381e-33  2.06264e-34    3.399e-34  3.31705e-35  2.01052e-35  4.69979e-36  1.02404e-36  5.71632e-37  4.63694e-38  5.75341e-38  1.98231e-39  4.54875e-39  8.38734e-41  2.58039e-40  3.25203e-42  8.29246e-42  9.18067e-44 -3.36393e-44  1.15847e-45 -1.47285e-44 -1.30768e-47 -4.45683e-46 -3.40837e-49
  0.00268063  1.41356e-16    -0.022033 -1.59033e-16    0.0471751 -2.18597e-16   -0.0276796  4.78307e-16   -0.0123505 -3.16998e-16    0.0061632 -1.06712e-16   0.00669223  2.12732e-16   0.00189342  9.47885e-17  -0.00077823 -5.44559e-17  -0.00111709 -7.18742e-17 -0.000640822 -2.14548e-17 -0.000213936  1.94293e-17 -1.33148e-05  1.51216e-17  3.92446e-05  1.34763e-18  3.47462e-05 -2.49087e-18  1.98761e-05 -1.56334e-18  9.10204e-06 -4.75383e-19  3.54229e-06  2.04278e-20    1.192e-06  1.23375e-19  3.43402e-07  6.93016e-20  8.02053e-08  7.97579e-21  1.20589e-08 -1.26735e-20  -1.0539e-09 -8.99851e-21 -1.82248e-09 -2.72983e-21  -9.5896e-10   4.9215e-23  -3.8128e-10  6.34133e-22 -1.30092e-10  4.83674e-22 -3.98071e-11  2.23463e-22 -1.11463e-11  5.50539e-23 -2.88582e-12 -1.22141e-23  -6.9464e-13 -2.31431e-23 -1.55858e-13 -1.41712e-23 -3.26167e-14 -4.38901e-24 -6.35999e-15  3.08352e-25 -1.15254e-15  1.12844e-24 -1.93238e-16  6.42598e-25 -2.97589e-17  1.93405e-25 -4.15948e-18  1.36675e-26 -5.16456e-19 -2.06592e-26 -5.44512e-20 -1.50008e-26 -4.28891e-21 -6.96573e-27 -1.01117e-22 -2.65716e-27  4.73884e-23 -8.79773e-28  1.26643e-23 -2.50942e-28  2.16704e-24 -5.92813e-29  3.00284e-25 -1.06733e-29  3.58714e-26 -1.08719e-30  3.78521e-27  1.21936e-31  3.56565e-28  9.80625e-32  3.01069e-29  3.10283e-32  2.27946e-30  7.31381e-33   1.5442e-31  1.44702e-33  9.32123e-33  2.50374e-34  4.98555e-34  3.81541e-35  2.35104e-35  5.04989e-36  9.80606e-37  5.64768e-37  3.72877e-38  5.12925e-38  1.38916e-39  3.55942e-39  5.28352e-41  1.67828e-40   1.8032e-42  3.66048e-42  4.10929e-44 -9.37548e-44  2.96147e-46 -7.78974e-45 -6.33811e-48 -1.15154e-46
-6.15099e-17   0.00454294  2.89992e-16   -0.0285943 -2.18597e-16    0.0522393  -2.1962e-16   -0.0207341   4.2015e-16    -0.019013 -3.41507e-16   0.00202147 -1.29179e-16   0.00769678  2.49582e-16   0.00403734  1.49477e-16  0.000331248 -4.53164e-17 -0.000991999 -9.54526e-17 -0.000885674 -3.28036e-17 -0.000452778  1.93868e-17 -0.000147843  1.77994e-17 -1.42298e-05  3.22023e-18  2.12021e-05 -2.26304e-18  2.01436e-05 -2.02461e-18  1.19755e-05 -8.11978e-19  5.74683e-06 -7.32706e-20  2.39395e-06   1.3179e-19  8.93979e-07  7.92851e-20  3.04542e-07  3.04423e-21  9.56637e-08  -2.1079e-20   2.7916e-08 -1.45778e-20   7.6131e-09 -5.08093e-21  1.95195e-09 -3.34756e-22  4.74018e-10  9.62477e-22  1.10175e-10  8.30083e-22  2.48752e-11  4.05766e-22  5.55875e-12  1.10758e-22  1.25258e-12 -1.24725e-23  2.87725e-13 -3.38035e-23  6.71796e-14 -1.92296e-23  1.57038e-14 -4.29436e-24  3.60276e-15   1.7617e-24  7.96845e-16  2.09657e-24    1.677e-16  9.99032e-25  3.32946e-17  2.59422e-25  6.20233e-18  1.67092e-27  1.08041e-18 -3.78447e-26  1.75578e-19  -2.4707e-26  2.65711e-20  -1.1128e-26  3.73854e-21 -4.14096e-27  4.88226e-22 -1.32173e-27  5.90691e-23 -3.58254e-28  6.60689e-24 -7.93727e-29  6.81472e-25 -1.31241e-29  6.46313e-26 -1.09155e-30  5.61673e-27  2.15606e-31   4.4545e-28  1.28629e-31  3.20844e-29  3.76577e-32  2.08678e-30  8.43951e-33  1.21721e-31  1.59567e-33  6.31584e-33  2.62538e-34  2.88984e-34  3.76327e-35  1.16044e-35  4.62061e-36  4.16195e-37  4.71602e-37  1.44689e-38  3.82571e-38  5.55482e-40  2.29051e-39  2.25704e-41  8.61839e-41  7.36078e-43   9.2684e-43  1.33439e-44 -7.35308e-44  2.48784e-47 -2.78887e-45 -1.63292e-48
 0.000570758 -1.53017e-16   0.00260274  4.25887e-16   -0.0276796  -2.1962e-16     0.049765 -1.39656e-16   -0.0119093  2.79643e-16   -0.0222753 -3.96928e-16  -0.00312098 -1.45265e-16   0.00690602   2.7921e-16   0.00569648  2.03981e-16   0.00183429 -3.03587e-17 -0.000393783 -1.08816e-16 -0.000883218 -4.13153e-17  -0.00063361   1.7363e-17 -0.000305421  1.92612e-17 -0.000103701  5.07715e-18 -1.78032e-05 -1.77221e-18  6.91997e-06  -2.3353e-18  8.91696e-06 -1.11099e-18  5.70983e-06 -1.71587e-19  2.86287e-06  1.22928e-19  1.24097e-06  7.35714e-20  4.84295e-07 -1.08834e-20  1.73873e-07 -3.40456e-20  5.82082e-08 -2.24682e-20  1.83396e-08 -8.27169e-21  5.47514e-09 -7.57009e-22  1.55666e-09  1.48145e-21  4.23044e-10  1.33827e-21  1.10166e-10  6.69851e-22   2.7527e-11  1.92489e-22  6.60145e-12 -7.36742e-24  1.51844e-12 -4.11697e-23  3.34511e-13 -2.02833e-23  7.04379e-14  -1.2705e-24  1.41433e-14  4.54919e-24    2.701e-15  3.44329e-24  4.89289e-16  1.39976e-24  8.38525e-17  3.06809e-25  1.35589e-17 -2.56587e-26  2.06326e-18  -6.2153e-26  2.94683e-19 -3.70491e-26  3.93965e-20 -1.60469e-26  4.91632e-21 -5.75668e-27  5.70944e-22 -1.75518e-27  6.15014e-23  -4.4951e-28  6.12223e-24 -9.29313e-29  5.60826e-25 -1.39363e-29  4.70414e-26 -8.38473e-31  3.59145e-27  3.20193e-31  2.47732e-28  1.51062e-31  1.52928e-29  4.08865e-32  8.34121e-31  8.67477e-33  3.94651e-32  1.55787e-33  1.57411e-33  2.42049e-34  5.05287e-35  3.24091e-35  1.23208e-36  3.66504e-36  2.75672e-38   3.3846e-37  1.60124e-39  2.42183e-38  1.38352e-40  1.22261e-39   7.8067e-42    3.433e-41    2.468e-43     -7.3e-44  3.25302e-45 -3.56121e-44 -1.04814e-47  -6.0403e-46
 1.86453e-17   0.00293044 -2.42524e-16   -0.0039532  4.78307e-16   -0.0207341 -1.39656e-16    0.0437763  1.14358e-17  -0.00435975  1.12138e-16   -0.0225528  -4.8327e-16  -0.00784579 -1.68894e-16   0.00473156  2.97339e-16   0.00643355  2.46595e-16   0.00331224 -1.38317e-17  0.000558349 -1.10357e-16 -0.000569976  -4.4658e-17 -0.000659897  1.52082e-17 -0.000420808  2.01046e-17 -0.000199116  6.86145e-18 -7.29648e-05  -1.0316e-18 -1.89382e-05 -2.38341e-18 -1.37898e-06 -1.25554e-18  2.18919e-06 -2.14628e-19  1.84753e-06  1.16973e-19   1.0127e-06  5.90339e-20   4.5764e-07 -3.08277e-20  1.82632e-07 -5.00293e-20  6.63512e-08 -3.15028e-20   2.2309e-08 -1.14252e-20  7.01071e-09 -7.15312e-22  2.07212e-09  2.42099e-21   5.7834e-10  2.09533e-21  1.52805e-10  1.04135e-21  3.82702e-11  3.09859e-22  9.09028e-12  1.25995e-23  2.04748e-12 -3.69104e-23   4.3702e-13 -1.27632e-23     8.83e-14  6.16957e-24  1.68653e-14  8.84727e-24  3.04003e-15  5.07908e-24  5.16156e-16  1.78422e-24  8.23686e-17   3.1619e-25  1.23242e-17 -7.15484e-26  1.72413e-18 -9.28307e-26  2.24802e-19  -5.0925e-26  2.72148e-20 -2.10471e-26  3.04494e-21 -7.21394e-27  3.13026e-22 -2.08685e-27  2.93374e-23 -5.02493e-28  2.47899e-24 -9.63281e-29  1.85602e-25 -1.28469e-29  1.19339e-26 -3.83223e-31  6.14517e-28  4.11182e-31  1.98385e-29  1.60396e-31 -3.73365e-31  4.01326e-32  -1.2609e-31  8.02796e-33 -1.25138e-32  1.36144e-33 -8.79507e-34   1.9845e-34   -4.875e-35  2.46498e-35  -2.1445e-36  2.54773e-36 -6.93572e-38  2.10745e-37 -1.12821e-39  1.30928e-38  3.10588e-41  5.39656e-40  2.70944e-42  9.90169e-42   7.3679e-44 -2.03633e-43  5.87259e-46 -1.14589e-44 -3.93707e-48
 -0.00046909  1.56954e-17   0.00609796 -2.95517e-16   -0.0123505   4.2015e-16   -0.0119093  1.14358e-17      0.03781  2.00784e-16  0.000971305 -3.38634e-17   -0.0210545 -5.77831e-16    -0.011484 -2.02163e-16   0.00182108   2.9808e-16   0.00617431  2.66441e-16   0.00441909 -9.64861e-19   0.00164187 -1.02618e-16  1.09997e-05 -4.25296e-17  -0.00048519  1.44324e-17 -0.000435739  2.10698e-17 -0.000260517  8.71371e-18 -0.000123751  3.78117e-20  -4.8975e-05 -2.02779e-18 -1.61457e-05  -1.1166e-18 -4.18364e-06 -1.27684e-19 -6.34419e-07  1.51273e-19  1.25435e-07  5.48597e-20  1.62903e-07 -4.70708e-20  9.07134e-08 -6.37707e-20  3.91734e-08 -3.84692e-20  1.46127e-08 -1.26891e-20  4.90133e-09  6.95156e-22    1.507e-09  4.15266e-21  4.29233e-10   3.2244e-21   1.1394e-10  1.55507e-21  2.82851e-11  4.80815e-22  6.57804e-12  6.34045e-23  1.43395e-12 -1.05958e-23  2.92882e-13  7.42483e-24   5.5981e-14  1.86976e-23   9.9924e-15  1.44176e-23  1.66055e-15  6.79355e-24  2.55794e-16  2.07374e-24  3.62957e-17  2.70602e-25   4.6991e-18 -1.35765e-25  5.46506e-19 -1.27127e-25  5.54608e-20 -6.44188e-26  4.59431e-21 -2.52431e-26  2.45305e-22 -8.21098e-27 -7.06453e-24 -2.24176e-27 -4.35199e-24 -5.05045e-28 -7.71309e-25 -8.90216e-29 -1.00341e-25 -1.02184e-29 -1.08506e-26  1.44647e-31 -1.01519e-27   4.6542e-31  -8.3486e-29  1.54971e-31  -6.0685e-30  3.58554e-32 -3.89918e-31  6.73604e-33 -2.20577e-32  1.07278e-33 -1.08929e-33  1.45776e-34 -4.61687e-35  1.66794e-35 -1.61556e-36  1.56212e-36 -4.19386e-38   1.1435e-37 -4.99371e-40   6.0431e-39  1.68988e-41  1.93697e-40  1.02229e-42  1.55987e-42  1.96478e-44 -1.08904e-43  6.84966e-47 -2.22851e-45
 2.01412e-17 -0.000228675 -1.77202e-17   0.00768404 -3.16998e-16    -0.019013  2.79643e-16  -0.00435975  2.00784e-16     0.033294   3.8968e-16   0.00448386 -1.33202e-16   -0.0187865 -6.51504e-16   -0.0139522  -2.3436e-16   -0.0012806  2.78872e-16   0.00507324  2.57903e-16    0.0049577  3.42863e-18   0.00262275 -9.07604e-17  0.000739938 -3.66337e-17   -0.0001269  1.53993e-17  -0.00032288  2.24973e-17 -0.000255668  1.07353e-17 -0.000147509  1.51866e-18 -7.06651e-05 -1.15219e-18 -2.94765e-05 -5.93517e-19 -1.09431e-05  1.55951e-19 -3.65203e-06  2.68354e-19  -1.0979e-06  8.65255e-20 -2.95631e-07 -4.53934e-20 -7.00601e-08 -6.70304e-20 -1.39863e-08 -3.85275e-20 -2.05695e-09 -9.51202e-21 -7.49501e-11  4.61754e-21  8.95369e-11  7.09606e-21  4.35861e-11  4.84397e-21  1.37284e-11  2.24496e-21  3.43598e-12  7.28675e-22  7.07113e-13  1.63212e-22  1.14896e-13  4.63287e-23  1.16829e-14  4.18583e-23  -7.6561e-16  3.55725e-23  -8.2128e-16  2.05446e-23 -2.80438e-16  8.28328e-24 -7.15109e-17  2.18899e-24 -1.54137e-17  1.61558e-25 -2.93181e-18 -2.13137e-25 -5.01875e-19 -1.60389e-25 -7.81076e-20 -7.51976e-26 -1.11119e-20 -2.77991e-26 -1.44901e-21 -8.53726e-27 -1.73373e-22 -2.18991e-27 -1.90293e-23 -4.59122e-28 -1.91369e-24 -7.35284e-29 -1.75964e-25  -6.8351e-30 -1.47511e-26  6.01748e-31 -1.12315e-27  4.70644e-31 -7.73041e-29   1.3687e-31 -4.78152e-30  2.92915e-32  -2.6383e-31  5.14891e-33 -1.28613e-32  7.65962e-34 -5.46065e-34   9.6414e-35 -1.96636e-35  1.00851e-35 -5.62615e-37  8.47452e-37 -1.01892e-38  5.40863e-38  5.16623e-41  2.36503e-39  1.12639e-41  5.42249e-41  3.60792e-43 -2.10177e-43  4.31086e-45 -3.41248e-44  2.36089e-48
-0.000343107  6.14164e-17   0.00145254 -6.67541e-17    0.0061632 -3.41507e-16   -0.0222753  1.12138e-16  0.000971305   3.8968e-16    0.0301957   5.4614e-16   0.00684964 -1.82781e-16   -0.0163052 -6.81552e-16   -0.0154218 -2.50397e-16  -0.00422475  2.42847e-16   0.00336977  2.22748e-16   0.00486977 -3.30656e-18   0.00331349 -8.02148e-17   0.00146437 -2.98134e-17  0.000343835  1.72468e-17 -9.54393e-05  2.40735e-17 -0.000173651  1.27862e-17  -0.00012974  3.37372e-18 -7.33485e-05  2.55089e-19 -3.52041e-05  3.37556e-19 -1.50136e-05  6.65605e-19 -5.82846e-06  4.96865e-19 -2.09124e-06  1.75044e-19 -7.01029e-07 -1.21884e-20 -2.21425e-07  -5.1142e-20 -6.63646e-08 -2.66208e-20 -1.89879e-08  5.97195e-22  -5.2123e-09   1.2041e-20 -1.37804e-09  1.15355e-20 -3.51734e-10  7.00207e-21 -8.67408e-11  3.12459e-21 -2.06502e-11  1.07152e-21 -4.73544e-12  3.23819e-22  -1.0427e-12  1.35746e-22 -2.19652e-13  8.80579e-23 -4.41008e-14  5.45022e-23 -8.40847e-15  2.61579e-23 -1.51735e-15  9.22622e-24 -2.58355e-16  2.07483e-24 -4.13899e-17 -5.21153e-27 -6.22267e-18 -2.93399e-25 -8.75733e-19 -1.86985e-25 -1.15078e-19 -8.11774e-26 -1.40839e-20 -2.82029e-26 -1.60095e-21  -8.1438e-27 -1.68529e-22 -1.95428e-27 -1.63752e-23 -3.78775e-28 -1.46319e-24 -5.41302e-29 -1.19719e-25 -3.54922e-30 -8.92532e-27  8.88914e-31 -6.02741e-28  4.29406e-31 -3.66114e-29  1.10883e-31 -1.98287e-30  2.19503e-32 -9.46851e-32  3.59703e-33 -3.92319e-33  4.97156e-34  -1.3712e-34  5.75849e-35 -3.76449e-36  5.46082e-36 -5.98097e-38  4.06919e-37  1.15801e-39  2.22186e-38  1.34638e-40  7.72509e-40   5.2561e-42  1.05803e-41  1.02269e-43 -2.29807e-43  6.83257e-46 -6.24282e-45
-3.81203e-18 -0.000855219  1.15704e-16   0.00421138 -1.06712e-16   0.00202147 -3.96928e-16   -0.0225528 -3.38634e-17   0.00448386   5.4614e-16    0.0280629  6.49443e-16   0.00855433 -1.92385e-16   -0.0138481 -6.57319e-16   -0.0161094  -2.3968e-16  -0.00682366  1.97636e-16   0.00130349  1.68908e-16   0.00419502 -2.06956e-17    0.0035961 -7.47102e-17   0.00203786 -2.48872e-17  0.000825259  1.83911e-17  0.000197686  2.49504e-17  -2.9497e-05  1.44458e-17 -7.06557e-05  5.37734e-18  -5.3348e-05  2.04969e-18 -3.00205e-05  1.59307e-18 -1.43424e-05  1.37088e-18 -6.10668e-06  8.34764e-19 -2.37473e-06  3.26868e-19 -8.55794e-07  6.00227e-20 -2.88528e-07 -1.02068e-20 -9.15973e-08  6.99108e-22 -2.75042e-08  1.90976e-20 -7.83502e-09  2.33252e-20 -2.12134e-09  1.74285e-20 -5.46392e-10  9.61757e-21 -1.33903e-10  4.16644e-21 -3.12083e-11  1.50794e-21 -6.91105e-12  5.41758e-22 -1.45229e-12  2.49762e-22 -2.89158e-13  1.39377e-22 -5.44553e-14  7.21287e-23 -9.68196e-15   3.0123e-23 -1.62199e-15  9.38168e-24 -2.55502e-16  1.72369e-24 -3.77606e-17 -2.07623e-25 -5.22346e-18 -3.63084e-25 -6.74583e-19 -2.01871e-25 -8.11035e-20 -8.11906e-26 -9.04871e-21 -2.64306e-26 -9.33446e-22  -7.1505e-27 -8.86526e-23 -1.59796e-27 -7.71201e-24  -2.8382e-28 -6.10618e-25 -3.51398e-29 -4.36495e-26 -9.76389e-31 -2.78652e-27   9.7836e-31 -1.56378e-28  3.56123e-31 -7.52207e-30  8.26181e-32 -2.95534e-31  1.51226e-32 -8.35936e-33  2.30156e-33 -7.55537e-35  2.93915e-34  9.46974e-36  3.11035e-35  8.29285e-37  2.64849e-36  4.58739e-38  1.72539e-37  2.04108e-39  7.86126e-39  7.16105e-41   2.0407e-40  1.71803e-42  8.09295e-43  2.14874e-44 -7.75573e-44  6.27474e-47
-7.77321e-05 -3.80825e-19 -0.000930204  1.68388e-16   0.00669223 -1.29179e-16  -0.00312098  -4.8327e-16   -0.0210545 -1.33202e-16   0.00684964  6.49443e-16    0.0265295  6.89742e-16   0.00987318 -1.75784e-16   -0.0114955 -5.81054e-16   -0.0161982 -2.00416e-16  -0.00899001  1.52074e-16 -0.000918546  1.07073e-16    0.0030325 -4.55138e-17   0.00342409 -7.54754e-17   0.00234724 -2.37834e-17   0.00121168  1.72098e-17  0.000487062  2.40981e-17  0.000140794  1.51323e-17  1.45483e-05  7.14154e-18 -1.57741e-05  3.94194e-18 -1.51187e-05  2.98802e-18 -8.95745e-06  2.17907e-18 -4.31638e-06  1.24399e-18 -1.82226e-06  5.29686e-19 -6.95932e-07  1.69398e-19  -2.4455e-07  5.65703e-20 -7.98694e-08  4.38183e-20 -2.43976e-08  4.56405e-20 -6.99857e-09  3.78663e-20 -1.88997e-09  2.43086e-20 -4.81174e-10  1.24617e-20 -1.15566e-10  5.29095e-21 -2.61849e-11  2.00671e-21 -5.59464e-12  7.94103e-22 -1.12624e-12  3.71282e-22  -2.1336e-13  1.86609e-22  -3.7981e-14  8.49988e-23 -6.34159e-15  3.15944e-23 -9.90965e-16  8.67582e-24 -1.44548e-16  1.18549e-24 -1.96191e-17 -4.11206e-25 -2.46808e-18 -4.09199e-25 -2.86335e-19  -2.0218e-25 -3.04311e-20  -7.5358e-26 -2.93479e-21 -2.29306e-26 -2.53119e-22 -5.79234e-27 -1.90371e-23 -1.19897e-27 -1.18444e-24 -1.92723e-28 -5.21709e-26  -1.9578e-29 -2.89064e-28  6.36466e-31   2.4879e-28  9.04805e-31   3.3559e-29  2.69998e-31  2.98294e-30  5.67356e-32  2.09871e-31  9.59332e-33  1.22769e-32  1.35053e-33  6.07686e-34  1.58407e-34  2.57206e-35  1.51934e-35  9.47668e-37  1.14862e-36  3.13478e-38  6.42634e-38  9.42315e-40  2.35977e-39  2.37673e-41  4.06969e-41   4.0694e-43  -3.0688e-43  3.11485e-45 -1.39138e-44
-1.30508e-17 -0.000437092  1.63749e-17  1.30501e-05  2.12732e-16   0.00769678 -1.45265e-16  -0.00784579 -5.77831e-16   -0.0187865 -1.82781e-16   0.00855433  6.89742e-16     0.025386   6.6668e-16    0.0109573 -1.45425e-16  -0.00926209 -4.65697e-16   -0.0158239 -1.39169e-16   -0.0106898  1.12872e-16   -0.0031261  4.70345e-17   0.00151442   -7.323e-17   0.00281555 -8.16694e-17   0.00232905  -2.7281e-17   0.00141778  1.25487e-17   0.00070263  2.06745e-17  0.000292234  1.42929e-17  0.000101402  8.21794e-18  2.76385e-05  5.56669e-18  4.41431e-06  4.27883e-18 -8.90276e-07  2.95612e-18 -1.21711e-06  1.66004e-18 -7.03783e-07  7.56077e-19 -3.13965e-07  3.05248e-19 -1.20429e-07  1.44327e-19 -4.13457e-08   9.9539e-20 -1.29518e-08  7.78283e-20 -3.74085e-09  5.40789e-20 -1.00215e-09   3.1343e-20 -2.49841e-10  1.51936e-20 -5.80565e-11  6.37298e-21 -1.25781e-11  2.50711e-21 -2.53858e-12  1.04206e-21 -4.76348e-13  4.78479e-22 -8.28297e-14  2.20731e-22 -1.32786e-14  9.06299e-23 -1.94694e-15  3.02851e-23 -2.57671e-16  7.23354e-24 -3.00502e-17  5.56957e-25 -2.93051e-18 -5.78658e-25 -2.03425e-19  -4.2326e-25 -1.06622e-21 -1.88137e-25  2.81071e-21 -6.50033e-26  6.33983e-22 -1.84479e-26  9.80915e-23 -4.33511e-27  1.24426e-23 -8.25389e-28  1.36328e-24 -1.17779e-28  1.31713e-25 -8.69574e-30  1.13183e-26  1.36586e-30  8.67329e-28  7.35053e-31  5.92109e-29  1.87952e-31  3.58801e-30  3.59665e-32   1.9187e-31  5.60894e-33  8.98702e-33  7.27139e-34  3.65942e-34  7.78206e-35  1.29167e-35  6.70295e-36  3.99549e-37  4.43795e-37  1.11313e-38  2.08354e-38  2.79836e-40    5.852e-40  5.67499e-42  4.96203e-42   7.0064e-44 -1.38004e-43  2.65483e-46
 3.25659e-05 -3.01395e-17 -0.000952501  4.87254e-17   0.00189342  2.49582e-16   0.00690602 -1.68894e-16    -0.011484 -6.51504e-16   -0.0163052 -1.92385e-16   0.00987318   6.6668e-16    0.0245223  5.88599e-16    0.0118975 -1.10464e-16  -0.00713528 -3.30464e-16   -0.0150798 -6.75966e-17   -0.0119127  8.27571e-17  -0.00517872 -4.75106e-18  -0.00020885 -9.97047e-17   0.00184378 -9.14935e-17   0.00197708 -3.52624e-17    0.0013969  3.92241e-18   0.00079281  1.42621e-17  0.000385335  1.15727e-17  0.000165175  8.22685e-18  6.34097e-05  6.58244e-18  2.19712e-05  5.22774e-18  6.88855e-06  3.56425e-18  1.94969e-06  2.01246e-18  4.94037e-07  9.72926e-19  1.10076e-07  4.51528e-19  2.07531e-08  2.43726e-19  3.00212e-09  1.61616e-19  2.15132e-10  1.11625e-19 -4.25416e-11  6.97288e-20 -1.93127e-11  3.75297e-20 -2.81895e-12  1.74383e-20  6.10375e-13  7.26566e-21  5.72261e-13  2.93162e-21  2.39466e-13  1.24152e-21  7.58138e-14  5.51371e-22  2.02293e-14   2.3564e-22  4.74526e-15  8.82327e-23  9.99229e-16  2.65413e-23  1.91099e-16  5.34052e-24  3.34212e-17 -4.69029e-26  5.36695e-18 -6.81218e-25  7.93162e-19 -4.03905e-25  1.07986e-19 -1.62891e-25  1.35447e-20 -5.21745e-26  1.56407e-21 -1.37789e-26  1.66042e-22 -2.99905e-27  1.61714e-23 -5.20183e-28    1.441e-24 -6.37899e-29  1.17074e-25 -2.25392e-30  8.63565e-27  1.46865e-30  5.75331e-28  5.36159e-31  3.44035e-29  1.20531e-31  1.83256e-30  2.10715e-32  8.61732e-32  3.02369e-33  3.54167e-33  3.59145e-34  1.26136e-34  3.48086e-35  3.89335e-36   2.6633e-36  1.06434e-37  1.51825e-37  2.67631e-39  5.79536e-39  6.04217e-41  1.13907e-40  1.01482e-42  -9.1905e-44  8.41657e-45 -2.54561e-44
  2.7789e-18 -7.10835e-05 -4.61374e-17  -0.00119449  9.47885e-17   0.00403734   2.7921e-16   0.00473156 -2.02163e-16   -0.0139522 -6.81552e-16   -0.0138481 -1.75784e-16    0.0109573  5.88599e-16    0.0238783  4.71542e-16    0.0127555 -7.64978e-17  -0.00508974 -1.95343e-16   -0.0140249  1.63855e-18   -0.0126544    6.064e-17  -0.00695639 -4.57872e-17  -0.00197694  -1.2236e-16  0.000626941 -1.03276e-16   0.00134209 -4.71485e-17   0.00115057 -8.51716e-18  0.000737872  4.94604e-18  0.000398139  6.91626e-18  0.000189457  6.96723e-18  8.15346e-05  6.76363e-18  3.22454e-05   5.6664e-18  1.18534e-05   3.9018e-18  4.08623e-06  2.24701e-18  1.33076e-06  1.15191e-18  4.11976e-07  5.91351e-19  1.21864e-07  3.43134e-19  3.45817e-08  2.22098e-19  9.43873e-09   1.4228e-19  2.48059e-09  8.24934e-20   6.2748e-10  4.19556e-20  1.52517e-10  1.88766e-20   3.5529e-11  7.83462e-21  7.90754e-12   3.2069e-21  1.67596e-12  1.35622e-21  3.37176e-13  5.77742e-22  6.41961e-14  2.29786e-22  1.15351e-14  7.88232e-23  1.95118e-15  2.12003e-23   3.0996e-16  3.35188e-24  4.61386e-17 -5.27286e-25  6.42105e-18 -7.06865e-25  8.33562e-19 -3.56937e-25  1.00697e-19 -1.31391e-25  1.12907e-20  -3.9005e-26  1.17168e-21 -9.56044e-27  1.12173e-22 -1.91651e-27  9.87147e-24 -2.98514e-28  7.95201e-25 -2.95592e-29   5.8353e-26  8.20731e-31   3.8785e-27  1.23444e-30  2.31919e-28  3.55571e-31  1.23753e-29  7.13825e-32  5.83558e-31  1.14165e-32  2.40412e-32   1.5027e-33  8.55243e-34   1.6257e-34   2.6129e-35  1.41444e-35  6.99611e-37  9.48762e-37  1.76243e-38  4.55587e-38  4.43763e-40  1.35034e-39  9.81449e-42  1.53621e-41  1.36123e-43 -1.92713e-43  6.10699e-46
 4.03243e-05 -2.31187e-18 -0.000396672 -5.50141e-17  -0.00077823  1.49477e-16   0.00569648  2.97339e-16   0.00182108  -2.3436e-16   -0.0154218 -6.57319e-16   -0.0114955 -1.45425e-16    0.0118975  4.71542e-16    0.0234199  3.36816e-16    0.0135786 -4.57838e-17  -0.00309259 -7.61447e-17   -0.0126902  5.84001e-17   -0.0129074  4.32983e-17  -0.00835232 -7.66697e-17  -0.00362584 -1.40459e-16  -0.00068458 -1.16033e-16  0.000523227 -6.21971e-17  0.000727558 -2.40956e-17  0.000554131 -6.71851e-18  0.000331924  5.98456e-19  0.000171023  4.47893e-18  7.87785e-05  6.05868e-18   3.3134e-05  5.53848e-18  1.28947e-05  3.93087e-18  4.68514e-06  2.34066e-18  1.59946e-06   1.2765e-18  5.15375e-07  7.10549e-19  1.57232e-07  4.30933e-19  4.55101e-08  2.73021e-19  1.25116e-08   1.6545e-19  3.26832e-09  9.05426e-20  8.11043e-10  4.40185e-20  1.91063e-10  1.93178e-20  4.26853e-11  7.99115e-21  9.03215e-12  3.28471e-21  1.80753e-12  1.36815e-21  3.41568e-13  5.56111e-22  6.08471e-14  2.06159e-22  1.02002e-14  6.47427e-23  1.60614e-15  1.53073e-23  2.37088e-16   1.5874e-24  3.27394e-17  -8.2746e-25  4.21964e-18 -6.62055e-25  5.06328e-19 -2.92956e-25  5.64054e-20  -9.8844e-26  5.81515e-21  -2.7177e-26  5.52805e-22 -6.16185e-27  4.82516e-23 -1.12881e-27  3.84774e-24 -1.54287e-28  2.78632e-25  -1.0619e-29  1.81868e-26  1.79351e-30  1.05994e-27  8.90885e-31  5.44756e-29  2.16082e-31  2.42667e-30  3.91081e-32  9.13198e-32  5.72123e-33  2.78594e-33  6.87965e-34  6.42131e-35  6.73209e-35  1.01124e-36  5.20329e-36  1.49997e-38  3.01012e-37  8.17559e-40  1.18222e-38  4.44581e-41  2.52636e-40  1.21527e-42  7.78644e-43  1.32481e-44 -3.90862e-44
 1.77994e-19  5.63808e-05 -1.83676e-17  -0.00083667 -5.44559e-17  0.000331248  2.03981e-16   0.00643355   2.9808e-16   -0.0012806 -2.50397e-16   -0.0161094 -5.81054e-16  -0.00926209 -1.10464e-16    0.0127555  3.36816e-16    0.0231295  2.07027e-16    0.0144078 -1.76194e-17  -0.00110522  1.84425e-17    -0.011085  9.72794e-17   -0.0126581  2.75497e-17  -0.00927076 -9.95058e-17   -0.0049965 -1.54617e-16  -0.00192507 -1.29416e-16 -0.000348896 -7.95466e-17  0.000212063 -4.17161e-17  0.000287922 -1.97924e-17  0.000209028  -6.8057e-18  0.000119497  1.04581e-18  5.89119e-05  4.60043e-18  2.60097e-05  4.90939e-18  1.04904e-05  3.68328e-18  3.91155e-06  2.30405e-18  1.35876e-06  1.34328e-18  4.41967e-07  7.99288e-19  1.35076e-07  4.97415e-19  3.88752e-08  3.08012e-19  1.05502e-08   1.7817e-19  2.70167e-09  9.29425e-20   6.5293e-10  4.35429e-20  1.48887e-10  1.87335e-20  3.20154e-11  7.71358e-21  6.48648e-12  3.15488e-21  1.23691e-12  1.28136e-21  2.21712e-13  4.94952e-22  3.72992e-14  1.70867e-22  5.87909e-15  4.88444e-23  8.66451e-16  9.81124e-24   1.1912e-16  2.54106e-25  1.52348e-17  -9.4098e-25  1.80669e-18 -5.67046e-25  1.97883e-19 -2.23822e-25  1.99188e-20 -6.94107e-26  1.83098e-21 -1.76523e-26  1.52378e-22 -3.68552e-27  1.13387e-23 -6.09956e-28  7.39592e-25 -7.02077e-29  4.07708e-26 -1.75045e-30  1.74294e-27  1.71278e-30  4.06906e-29  5.72544e-31 -1.63496e-30  1.20943e-31 -2.83342e-31  1.98419e-32 -2.16495e-32  2.65103e-33 -1.18933e-33  2.89745e-34  -5.0543e-35  2.54338e-35 -1.64859e-36  1.72424e-36 -3.83578e-38  8.42419e-38 -5.02001e-40  2.59481e-39  7.04987e-43  3.46739e-41  1.18857e-43 -2.03628e-43  8.30678e-46
   2.157e-05 -1.43276e-19  -4.3762e-05 -4.36575e-17  -0.00111709 -4.53164e-17   0.00183429  2.46595e-16   0.00617431  2.78872e-16  -0.00422475  -2.3968e-16   -0.0161982 -4.65697e-16  -0.00713528 -7.64978e-17    0.0135786  2.07027e-16    0.0230023  1.01797e-16    0.0152821  1.09455e-17  0.000915244  8.72702e-17  -0.00920314  1.18171e-16   -0.0118901  1.18565e-17  -0.00963157 -1.16446e-16  -0.00594838 -1.65951e-16  -0.00293541 -1.43262e-16  -0.00113617 -9.80919e-17 -0.000296459 -5.99419e-17  1.38626e-06 -3.30703e-17  6.41388e-05 -1.45035e-17  5.25326e-05 -2.85852e-18  3.02545e-05  2.66911e-18  1.45429e-05  3.94176e-18  6.16862e-06  3.24473e-18  2.36887e-06  2.17224e-18  8.35235e-07  1.35834e-18  2.72678e-07  8.52034e-19  8.28652e-08  5.36058e-19  2.35203e-08   3.2343e-19  6.24839e-09  1.79391e-19  1.55545e-09  8.97773e-20  3.62995e-10  4.07705e-20  7.94064e-11  1.72494e-20  1.62722e-11  7.05047e-21  3.12027e-12  2.84597e-21  5.58969e-13   1.1185e-21  9.33409e-14  4.09022e-22  1.44863e-14  1.31052e-22  2.08121e-15  3.36894e-23  2.75259e-16  5.35321e-24  3.32475e-17 -5.80597e-25  3.62201e-18 -9.02241e-25  3.48293e-19 -4.47711e-25  2.82898e-20 -1.59466e-25  1.71994e-21 -4.55239e-26  3.62094e-23 -1.06853e-26  -9.4763e-24 -2.04119e-27 -1.92455e-24 -2.99739e-28  -2.3991e-25 -2.66529e-29 -2.36849e-26  1.44511e-30 -1.97344e-27  1.26334e-30 -1.41907e-28  3.33632e-31 -8.86884e-30  6.25534e-32 -4.81284e-31  9.32649e-33 -2.25232e-32  1.13478e-33 -8.96936e-34  1.12019e-34 -2.96928e-35  8.73257e-36 -7.83329e-37  5.11106e-37 -1.51579e-38  2.05083e-38  -1.7715e-40  4.64074e-40 -4.77575e-43  2.58837e-42  1.02566e-44 -5.11841e-44
 1.71167e-18  5.80313e-05 -3.27609e-18 -0.000303629 -7.18742e-17 -0.000991999 -3.03587e-17   0.00331224  2.66441e-16   0.00507324  2.42847e-16  -0.00682366 -2.00416e-16   -0.0158239 -3.30464e-16  -0.00508974 -4.57838e-17    0.0144078  1.01797e-16    0.0230439  3.46048e-17    0.0162406  4.39906e-17   0.00301257  1.35089e-16  -0.00703298  1.25341e-16   -0.0105937 -3.21531e-18  -0.00938204 -1.28856e-16  -0.00637785 -1.75335e-16   -0.0035882 -1.57113e-16  -0.00172002 -1.16379e-16 -0.000707067 -7.71127e-17  -0.00024528 -4.52346e-17  -6.7353e-05 -2.16115e-17 -1.10334e-05 -6.66913e-18  1.99894e-06  6.20198e-19  2.88515e-06  2.84642e-18  1.67502e-06  2.72441e-18  7.43304e-07  1.98909e-18  2.81668e-07  1.33155e-18  9.48828e-08  8.66816e-19  2.89506e-08  5.44223e-19  8.07866e-09  3.18834e-19  2.07179e-09  1.69996e-19  4.89143e-10   8.1996e-20  1.06237e-10  3.62515e-20  2.11532e-11  1.51048e-20  3.83406e-12  6.10585e-21  6.24247e-13  2.41472e-21  8.89223e-14  9.12527e-22  1.04149e-14   3.1459e-22  8.07411e-16  9.29619e-23   -2.376e-17  2.10181e-23 -2.61193e-17  2.19478e-24 -6.77043e-18 -9.67516e-25 -1.28631e-18 -7.66791e-25 -2.04941e-19   -3.276e-25 -2.86179e-20 -1.06092e-25  -3.5695e-21 -2.78913e-26 -4.01241e-22 -6.02142e-27 -4.08058e-23 -1.04246e-27 -3.75815e-24 -1.31693e-28 -3.13109e-25 -7.05702e-30 -2.35353e-26  1.97485e-30  -1.5894e-27  7.99296e-31 -9.58867e-29  1.78074e-31 -5.12906e-30  2.99581e-32 -2.40886e-31  4.06053e-33 -9.80304e-33  4.48028e-34 -3.39251e-34   3.9635e-35 -9.69498e-36  2.71044e-36 -2.17467e-37  1.34214e-37 -3.47062e-39  4.25253e-39 -3.12268e-41  6.28616e-41 -3.99489e-44 -1.37101e-43  8.20523e-46
 7.17633e-06  5.60723e-18  6.38859e-05 -1.06624e-17 -0.000640822 -9.54526e-17 -0.000393783 -1.38317e-17   0.00441909  2.57903e-16   0.00336977  1.97636e-16  -0.00899001 -1.39169e-16   -0.0150798 -1.95343e-16  -0.00309259 -1.76194e-17    0.0152821  3.46048e-17    0.0232681  1.15582e-17    0.0173204  8.54103e-17   0.00522426  1.69801e-16  -0.00457101  1.25447e-16  -0.00878248 -1.56532e-17  -0.00851349  -1.3723e-16  -0.00623806 -1.83016e-16  -0.00381104 -1.69983e-16   -0.0020252 -1.32657e-16 -0.000958027 -9.15376e-17 -0.000409336  -5.5045e-17 -0.000159568 -2.73094e-17  -5.7194e-05 -9.84883e-18 -1.89807e-05 -1.20178e-18 -5.87583e-06  1.82535e-18 -1.71273e-06  2.22218e-18 -4.76089e-07  1.79225e-18 -1.28321e-07  1.27183e-18 -3.41779e-08  8.44643e-19 -9.14005e-09  5.23252e-19  -2.4689e-09  2.96736e-19 -6.68949e-10  1.52354e-19 -1.78945e-10  7.10803e-20 -4.64288e-11  3.06882e-20 -1.15139e-11  1.25929e-20 -2.70122e-12  5.01236e-21 -5.95619e-13   1.9293e-21 -1.22951e-13  6.97076e-22 -2.37034e-14  2.25375e-22 -4.26118e-15   6.0784e-23  -7.1348e-16  1.15932e-23  -1.1115e-16  2.73553e-25 -1.60928e-17 -1.02634e-24 -2.16266e-18 -5.91041e-25 -2.69349e-19 -2.22975e-25 -3.10323e-20 -6.59688e-26  -3.3001e-21  -1.5958e-26 -3.23085e-22 -3.15221e-27 -2.90288e-23 -4.87269e-28 -2.38483e-24 -4.98624e-29 -1.78359e-25  1.49555e-31 -1.20801e-26  1.55331e-30 -7.36307e-28  4.50956e-31 -4.00821e-29  8.75843e-32 -1.93049e-30   1.3299e-32  -8.1289e-32  1.63608e-33 -2.94534e-33  1.62779e-34 -8.97436e-35  1.27818e-35 -2.21627e-36  7.55072e-37 -4.15039e-38   3.0795e-38 -5.12948e-40  7.25835e-40 -2.77576e-42  5.28606e-42  8.53427e-45 -5.78441e-44
  1.1684e-18  3.11055e-05  1.12053e-17 -2.19397e-05 -2.14548e-17 -0.000885674 -1.08816e-16  0.000558349 -9.64861e-19    0.0049577  2.22748e-16   0.00130349  1.52074e-16   -0.0106898 -6.75966e-17   -0.0140249 -7.61447e-17  -0.00110522  1.09455e-17    0.0162406  1.15582e-17    0.0236922  3.19221e-17    0.0185503  1.37718e-16   0.00756947  1.99561e-16  -0.00183971  1.25166e-16  -0.00651093 -2.32792e-17  -0.00707778 -1.41609e-16  -0.00555419 -1.88638e-16  -0.00360147  -1.8045e-16  -0.00203378 -1.45127e-16  -0.00102851 -1.01753e-16 -0.000474067   -6.154e-17  -0.00020164 -3.09891e-17 -7.98945e-05 -1.19975e-17 -2.97119e-05 -2.53916e-18 -1.04346e-05   1.0247e-18 -3.47774e-06  1.80468e-18 -1.10414e-06  1.60423e-18  -3.3479e-07  1.18527e-18 -9.70814e-08  7.89325e-19 -2.69288e-08  4.77984e-19 -7.14008e-09  2.61766e-19 -1.80701e-09  1.29617e-19 -4.35661e-10   5.8662e-20 -9.98441e-11  2.47812e-20 -2.17022e-11  1.00029e-20 -4.46409e-12  3.90161e-21 -8.67148e-13   1.4527e-21  -1.5875e-13  4.99018e-22 -2.73375e-14  1.50263e-22 -4.41995e-15  3.63584e-23 -6.69696e-16  5.35227e-24 -9.49091e-17 -6.71262e-25 -1.25555e-17 -8.93212e-25 -1.54709e-18 -4.18394e-25 -1.77143e-19 -1.41528e-25 -1.87981e-20 -3.83548e-26 -1.84331e-21 -8.51778e-27 -1.66462e-22 -1.52711e-27 -1.37905e-23  -2.0557e-28 -1.04341e-24 -1.47048e-29 -7.17239e-26  1.87879e-30 -4.45171e-27   9.8222e-31  -2.4765e-28  2.31134e-31  -1.2238e-29  3.98392e-32  -5.3127e-31   5.4731e-33 -1.99715e-32  6.09135e-34 -6.37382e-34  5.42522e-35 -1.67541e-35  3.73642e-36  -3.4393e-37  1.86956e-37 -4.93544e-39  6.04971e-39 -3.58941e-41  9.57193e-41   9.4465e-44  1.17449e-44  2.08051e-45
 8.99278e-07   3.4499e-18  5.94747e-05  1.64861e-17 -0.000213936 -3.28036e-17 -0.000883218 -1.10357e-16   0.00164187  3.42863e-18   0.00486977  1.68908e-16 -0.000918546  1.12872e-16   -0.0119127  1.63855e-18   -0.0126902  1.84425e-17  0.000915244  4.39906e-17    0.0173204  3.19221e-17    0.0243293  8.96856e-17    0.0199391  2.01185e-16    0.0100331  2.30387e-16   0.00109416  1.29119e-16  -0.00389018  -2.4994e-17  -0.00519618 -1.42115e-16  -0.00442692 -1.91525e-16   -0.0030276 -1.86985e-16  -0.00178495  -1.5228e-16 -0.000938311 -1.06778e-16 -0.000448517 -6.42008e-17 -0.000197463  -3.2361e-17 -8.07908e-05 -1.29237e-17 -3.09192e-05  -3.2668e-18 -1.11213e-05  5.10483e-19 -3.77251e-06  1.49647e-18 -1.20975e-06  1.43139e-18 -3.67286e-07  1.07595e-18  -1.0566e-07  7.07381e-19 -2.88087e-08  4.15696e-19 -7.44299e-09  2.19517e-19 -1.82116e-09  1.04991e-19 -4.21674e-10   4.6202e-20 -9.23011e-11  1.91151e-20 -1.90789e-11  7.57297e-21 -3.71951e-12  2.88005e-21 -6.83018e-13  1.03123e-21 -1.17974e-13  3.34732e-22  -1.9138e-14  9.29584e-23 -2.91116e-15  1.95919e-23 -4.14508e-16  1.72009e-24 -5.51403e-17 -9.65819e-25  -6.8384e-18 -6.82971e-25 -7.88797e-19 -2.74068e-25 -8.44013e-20 -8.39158e-26 -8.35215e-21 -2.08483e-26 -7.61762e-22 -4.23297e-27 -6.37806e-23 -6.80082e-28 -4.87983e-24 -7.60843e-29 -3.39325e-25 -1.96248e-30 -2.13074e-26  1.67803e-30  -1.1989e-27  5.40779e-31 -5.98768e-29   1.0871e-31 -2.62295e-30  1.67921e-32 -9.92312e-32  2.08683e-33 -3.17305e-33  2.09074e-34 -8.29141e-35  1.65166e-35 -1.66015e-36  9.82871e-37 -2.14493e-38  4.05854e-38 -4.40799e-41  9.85384e-40  4.34036e-42  8.36935e-42  6.63398e-44 -5.68994e-44
 -6.1373e-19  1.13748e-05  7.03465e-18  5.59022e-05  1.94293e-17 -0.000452778 -4.13153e-17 -0.000569976 -1.02618e-16   0.00262275 -3.30656e-18   0.00419502  1.07073e-16   -0.0031261  8.27571e-17   -0.0126544  5.84001e-17    -0.011085  8.72702e-17   0.00301257  8.54103e-17    0.0185503  8.96856e-17    0.0251748  1.75363e-16      0.02146  2.73382e-16    0.0125501  2.64692e-16   0.00410694  1.38651e-16  -0.00109238  -2.1445e-17  -0.00305397 -1.39289e-16  -0.00301956 -1.91013e-16  -0.00221262 -1.88348e-16  -0.00136069  -1.5322e-16  -0.00073667 -1.06296e-16 -0.000359862 -6.30306e-17 -0.000160975  -3.1489e-17 -6.65794e-05 -1.26613e-17 -2.56313e-05 -3.39814e-18 -9.22751e-06  2.70639e-19 -3.11689e-06  1.28599e-18 -9.90105e-07  1.26919e-18 -2.96231e-07   9.4801e-19 -8.35566e-08   6.0755e-19   -2.223e-08  3.44691e-19 -5.57898e-09  1.75409e-19 -1.32053e-09  8.11652e-20 -2.94671e-10  3.47909e-20 -6.19515e-11  1.40964e-20 -1.22615e-11  5.46477e-21  -2.2824e-12  2.01584e-21 -3.99123e-13  6.90018e-22 -6.54828e-14  2.10105e-22 -1.00649e-14   5.3031e-23 -1.44686e-15  9.20033e-24 -1.94153e-16 -6.72428e-26 -2.42667e-17 -9.03825e-25 -2.81793e-18 -4.72201e-25 -3.03135e-19 -1.66923e-25 -3.01054e-20 -4.65245e-26 -2.74919e-21 -1.05859e-26  -2.2973e-22 -1.95161e-27  -1.7463e-23 -2.75075e-28 -1.19869e-24 -2.30283e-29 -7.35924e-26  1.42652e-30 -3.98928e-27  1.07617e-30 -1.87396e-28  2.67583e-31 -7.40141e-30  4.71883e-32 -2.31857e-31  6.56337e-33 -4.90885e-33  7.36148e-34 -1.45692e-35  6.59431e-35  4.26575e-36  4.56755e-36  2.23421e-37  2.30381e-37  6.87458e-39  7.57313e-39    1.419e-40  1.25666e-40  1.78716e-42  2.09024e-43  8.71263e-45
