 4.78877e-05 -1.17497e-23 -0.000356901  2.88882e-22  0.000855835 -1.69388e-21 -0.000897436  4.35137e-21  0.000286818 -2.35308e-21  0.000178166 -5.82196e-21 -0.000109402  2.38786e-21 -2.67619e-05  7.10135e-21  1.53551e-05 -3.92683e-21   2.5859e-06  4.99001e-23 -3.18721e-07
-1.17497e-23  0.000536316 -1.65766e-22  -0.00212648   2.1766e-21   0.00350242 -9.99395e-21  -0.00245615  1.79203e-20  6.76797e-05  6.74573e-21  0.000732494 -3.68491e-20 -0.000135244  1.73155e-21 -0.000124049  2.44549e-20  1.61243e-05 -6.11524e-21   7.4617e-06 -4.44851e-22
-0.000356901 -1.65766e-22   0.00279565 -9.28253e-22  -0.00718858  9.62539e-21   0.00840539  -3.8347e-20  -0.00355323  3.87628e-20  -0.00136022   7.8043e-20   0.00141317 -1.15972e-19  0.000113681 -2.27148e-20 -0.000235313  4.92714e-20 -1.12448e-05 -3.00453e-21  7.41187e-06
 2.88882e-22  -0.00212648 -9.28253e-22   0.00903163 -3.50203e-21   -0.0164281  3.67042e-20    0.0136951 -1.19567e-19  -0.00227569  2.59125e-20   -0.0038736  3.12573e-19   0.00157893 -2.29688e-19   0.00062934 -9.74852e-20 -0.000253019  6.57042e-20 -4.58085e-05  2.28476e-21
 0.000855835   2.1766e-21  -0.00718858 -3.50203e-21    0.0203598 -1.36232e-20    -0.027529  1.40959e-19    0.0159012 -3.22417e-19   0.00201511 -1.44673e-19  -0.00624358  8.11753e-19  0.000845316 -3.03336e-19   0.00113919 -2.16448e-19 -0.000142947  5.82488e-20 -4.97731e-05
-1.69388e-21   0.00350242  9.62539e-21   -0.0164281 -1.36232e-20    0.0343234 -6.12292e-20   -0.0356904  5.03177e-19    0.0130044  -7.4294e-19   0.00779611 -6.80161e-19  -0.00721667  1.56416e-18 -0.000537617 -2.48875e-19   0.00136019 -3.15868e-19  1.77056e-05  2.96213e-20
-0.000897436 -9.99395e-21   0.00840539  3.67042e-20    -0.027529 -6.12292e-20    0.0456056 -2.51284e-19   -0.0375309  1.50444e-18   0.00624811 -1.42987e-18    0.0127948 -1.74059e-18  -0.00650715  2.36091e-18  -0.00198287 -5.59762e-20   0.00120816 -3.08683e-19  0.000109257
 4.35137e-21  -0.00245615  -3.8347e-20    0.0136951  1.40959e-19   -0.0356904 -2.51284e-19    0.0502616 -8.21511e-19   -0.0337458  3.62949e-18  -0.00137908 -2.27423e-18    0.0157863 -3.21537e-18   -0.0046705   2.8558e-18  -0.00302374  1.73985e-19  0.000785256 -1.70218e-19
 0.000286818  1.79203e-20  -0.00355323 -1.19567e-19    0.0159012  5.03177e-19   -0.0375309 -8.21511e-19    0.0487222 -2.09939e-18   -0.0276585  7.05983e-18  -0.00771761 -2.98113e-18    0.0168975 -4.64715e-18  -0.00240909  2.76026e-18   -0.0034542  2.89364e-19  0.000283859
-2.35308e-21  6.76797e-05  3.87628e-20  -0.00227569 -3.22417e-19    0.0130044  1.50444e-18   -0.0337458 -2.09939e-18    0.0444031 -4.25157e-18   -0.0221174   1.1193e-17   -0.0123175 -3.19742e-18    0.0168083 -5.46958e-18 -0.000165618  2.02393e-18   -0.0032087  2.04947e-19
 0.000178166  6.74573e-21  -0.00136022  2.59125e-20   0.00201511  -7.4294e-19   0.00624811  3.62949e-18   -0.0276585 -4.25157e-18    0.0404228 -6.95438e-18   -0.0181438  1.46895e-17    -0.015716 -2.70937e-18    0.0160604 -5.31952e-18   0.00186067  9.09247e-19  -0.00220491
-5.82196e-21  0.000732494   7.8043e-20   -0.0038736 -1.44673e-19   0.00779611 -1.42987e-18  -0.00137908  7.05983e-18   -0.0221174 -6.95438e-18    0.0380766 -9.38917e-18   -0.0155333  1.62843e-17   -0.0185917 -1.55798e-18    0.0148592 -4.06271e-18   0.00351349 -1.15902e-20
-0.000109402 -3.68491e-20   0.00141317  3.12573e-19  -0.00624358 -6.80161e-19    0.0127948 -2.27423e-18  -0.00771761   1.1193e-17   -0.0181438 -9.38917e-18    0.0373935 -1.07629e-17   -0.0137894  1.55852e-17   -0.0214649 -9.87039e-20     0.013079 -1.80713e-18   0.00419548
 2.38786e-21 -0.000135244 -1.15972e-19   0.00157893  8.11753e-19  -0.00721667 -1.74059e-18    0.0157863 -2.98113e-18   -0.0123175  1.46895e-17   -0.0155333 -1.07629e-17    0.0381212   -1.085e-17   -0.0125219  1.27614e-17   -0.0247499  7.55946e-19    0.0100671  3.89144e-19
-2.67619e-05  1.73155e-21  0.000113681 -2.29688e-19  0.000845316  1.56416e-18  -0.00650715 -3.21537e-18    0.0168975 -3.19742e-18    -0.015716  1.62843e-17   -0.0137894   -1.085e-17     0.040222 -9.70233e-18     -0.01143  7.33949e-18   -0.0289266 -4.46193e-19   0.00430217
 7.10135e-21 -0.000124049 -2.27148e-20   0.00062934 -3.03336e-19 -0.000537617  2.36091e-18   -0.0046705 -4.64715e-18    0.0168083 -2.70937e-18   -0.0185917  1.55852e-17   -0.0125219 -9.70233e-18    0.0440248 -6.38596e-18   -0.0101388 -1.60303e-18   -0.0342045 -3.28979e-18
 1.53551e-05  2.44549e-20 -0.000235313 -9.74852e-20   0.00113919 -2.48875e-19  -0.00198287   2.8558e-18  -0.00240909 -5.46958e-18    0.0160604 -1.55798e-18   -0.0214649  1.27614e-17     -0.01143 -6.38596e-18    0.0503899  1.67902e-18   -0.0074175 -1.13598e-17   -0.0341072
-3.92683e-21  1.61243e-05  4.92714e-20 -0.000253019 -2.16448e-19   0.00136019 -5.59762e-20  -0.00302374  2.76026e-18 -0.000165618 -5.31952e-18    0.0148592 -9.87039e-20   -0.0247499  7.33949e-18   -0.0101388  1.67902e-18    0.0616949   1.3947e-17   0.00503297   -1.933e-17
  2.5859e-06 -6.11524e-21 -1.12448e-05  6.57042e-20 -0.000142947 -3.15868e-19   0.00120816  1.73985e-19   -0.0034542  2.02393e-18   0.00186067 -4.06271e-18     0.013079  7.55946e-19   -0.0289266 -1.60303e-18   -0.0074175   1.3947e-17    0.0879305  9.16321e-18    0.0424158
 4.99001e-23   7.4617e-06 -3.00453e-21 -4.58085e-05  5.82488e-20  1.77056e-05 -3.08683e-19  0.000785256  2.89364e-19   -0.0032087  9.09247e-19   0.00351349 -1.80713e-18    0.0100671 -4.46193e-19   -0.0342045 -1.13598e-17   0.00503297  9.16321e-18     0.145375 -5.34585e-17
-3.18721e-07 -4.44851e-22  7.41187e-06  2.28476e-21 -4.97731e-05  2.96213e-20  0.000109257 -1.70218e-19  0.000283859  2.04947e-19  -0.00220491 -1.15902e-20   0.00419548  3.89144e-19   0.00430217 -3.28979e-18   -0.0341072   -1.933e-17    0.0424158 -5.34585e-17     0.160262
