 3.54735e-16 -1.78862e-29 -1.10215e-14  8.40916e-28  1.30058e-13 -1.25308e-26 -8.96508e-13  1.11428e-25  4.14006e-12 -7.03564e-25 -1.36443e-11  3.39895e-24  3.30715e-11 -1.30698e-23 -5.94538e-11  4.10056e-23  7.82468e-11 -1.06875e-22 -7.18632e-11  2.34756e-22  3.97905e-11 -4.39901e-22 -4.85578e-12   7.1062e-22 -9.79007e-12 -9.98111e-22  5.16561e-12   1.2261e-21  1.52728e-12 -1.31989e-21 -1.68677e-12   1.2412e-21 -3.08041e-13 -1.01036e-21  4.37277e-13  7.01054e-22  1.12331e-13 -4.05915e-22 -9.02677e-14  1.91418e-22  -4.2885e-14 -7.26801e-23  1.01399e-14  2.38568e-23  1.17902e-14 -8.88003e-24  1.48593e-15  4.21423e-24  -1.7784e-15 -1.60123e-24 -8.94516e-16  2.72357e-26 -2.36587e-17  5.36596e-25  1.37119e-16 -5.18523e-25  5.83983e-17  3.10411e-25  3.98755e-18 -1.12277e-25 -6.30382e-18  6.83799e-27 -3.16634e-18  1.43673e-26  -5.9012e-19 -5.18029e-27  1.01625e-19  -5.4667e-28  1.03897e-19  4.84876e-28  3.38369e-20  1.20908e-28  4.83858e-21 -8.67553e-29 -7.76856e-22 -7.07717e-30 -6.70128e-22   3.1011e-30 -2.08241e-22  8.67259e-30   -3.746e-23 -3.14105e-30 -2.08933e-24 -1.12618e-30  1.15098e-24  4.08693e-31  4.86752e-25  1.76012e-31  1.12285e-25 -2.02936e-32  1.74807e-26 -2.31775e-32  1.61368e-27 -1.58617e-33 -3.36624e-29  1.35515e-33 -4.77592e-29  4.87645e-34 -1.10579e-29  -3.7178e-36 -1.68549e-30  -2.7749e-35 -1.91185e-31 -5.43098e-36 -1.60839e-32 -2.58066e-37 -8.79867e-34  9.15908e-38 -6.66137e-36   1.7895e-38  4.81106e-36   3.0286e-39  6.29745e-37  5.07909e-40  4.93006e-38  3.59832e-41  2.70462e-39  1.68986e-42  1.03861e-40  1.57512e-43   2.8674e-42  2.71337e-45  5.51392e-44 -1.21156e-46  2.77576e-46  2.82546e-48
-1.78862e-29  1.59844e-14 -4.54869e-28 -2.81397e-13  1.48368e-26  2.51815e-12 -1.77668e-25 -1.43183e-11  1.35047e-24  5.66909e-11 -7.53594e-24 -1.63423e-10  3.28065e-23  3.49698e-10 -1.14998e-22 -5.55226e-10    3.312e-22  6.38224e-10 -7.95747e-22 -4.93619e-10  1.61555e-21  1.98597e-10 -2.80361e-21   3.2116e-11  4.20264e-21 -7.65178e-11 -5.49135e-21  1.58493e-11  6.29536e-21  1.87586e-11 -6.34548e-21 -6.70067e-12  5.59946e-21 -4.83277e-12 -4.27344e-21  1.56646e-12  2.76236e-21  1.36598e-12 -1.46696e-21 -1.64734e-13  6.14759e-22 -3.47476e-13 -1.96117e-22 -4.84075e-14  5.23387e-23  5.94093e-14 -2.02556e-23  2.80914e-14  1.21697e-23 -1.84943e-15 -5.58615e-24 -5.72921e-15  1.13409e-24 -1.84319e-15  6.05486e-25  2.01786e-16 -9.58631e-25  3.61759e-16  7.39243e-25  1.20591e-16 -3.12996e-25   2.0929e-18  1.92817e-26 -1.42368e-17  4.38882e-26 -6.29958e-18 -1.33673e-26 -1.12752e-18 -3.32775e-27  1.59226e-19  1.61937e-27  1.71774e-19  5.74084e-28  5.71694e-20 -3.59812e-28  9.60531e-21 -1.95866e-29   -3.198e-22  2.44555e-29 -7.55182e-22  2.84585e-29 -2.64042e-22   -1.374e-29 -5.50253e-23 -3.96341e-30 -6.42138e-24  1.81039e-30  2.34126e-25  6.58346e-31  3.22969e-25 -1.01516e-31  9.05483e-26 -8.33105e-32   1.6489e-26 -5.11057e-33  2.12592e-27  4.83023e-33  1.70346e-28  1.66853e-33 -6.52432e-31  9.05562e-36 -2.95736e-30  -8.9469e-35 -5.94396e-31 -2.00021e-35 -7.69014e-32 -1.49806e-36 -7.42476e-33  1.72613e-37 -5.47463e-34  4.87896e-38 -2.98023e-35  1.04013e-38 -1.03637e-36  1.67464e-39  -5.2214e-39  1.20523e-40  1.84585e-39  6.10274e-42  1.18565e-40  4.20343e-43  4.01686e-42   9.6509e-45  9.00121e-44  2.20695e-47     4.76e-46
-1.10215e-14 -4.54869e-28  3.53777e-13 -6.52893e-27 -4.32101e-12  1.61668e-25  3.08962e-11 -1.61104e-24 -1.48389e-10  1.06773e-23  5.10293e-10 -5.33669e-23 -1.29621e-09  2.11371e-22  2.45715e-09 -6.80147e-22 -3.44337e-09  1.80707e-21  3.43045e-09 -4.01569e-21 -2.16849e-09  7.55045e-21   5.0205e-10 -1.21452e-20  4.05005e-10  1.68942e-20 -3.24589e-10 -2.05282e-20 -2.67498e-11  2.19588e-20  9.88833e-11 -2.07339e-20 -1.45136e-12  1.71873e-20 -2.66185e-11 -1.23103e-20 -1.19558e-12  7.40722e-21  6.48188e-12 -3.58486e-21  1.39721e-12  1.30383e-21 -1.17713e-12 -3.21022e-22 -6.06744e-13  5.56434e-23    6.865e-14 -2.63465e-23  1.42118e-13  2.18628e-23  3.60859e-14 -1.03813e-23 -1.21401e-14  2.93836e-24 -1.07379e-14 -3.56614e-25 -2.33469e-15 -9.00996e-25  6.55087e-16  1.26281e-24  6.01352e-16 -6.61275e-25  1.67619e-16  3.75583e-26 -2.68676e-18  1.02027e-25 -2.03569e-17  -2.5517e-26 -8.37031e-18  -1.0516e-26 -1.52768e-18  4.04864e-27  1.23547e-19  1.41192e-27  1.78459e-19 -1.00611e-27  6.23974e-20  1.37051e-29  1.20599e-20  9.76051e-29  6.47318e-22  5.95678e-29 -4.54039e-22 -4.14762e-29 -1.96111e-22  -9.5324e-30 -4.63979e-23  5.46332e-30 -7.16343e-24  1.71338e-30 -5.45731e-25 -3.22274e-31  6.93733e-26 -2.09149e-31  3.51043e-26  -1.1145e-32  7.61897e-27  1.21106e-32  1.14876e-27  4.01718e-33  1.27599e-28   6.4694e-35  9.69865e-30 -2.07618e-34  2.74321e-31 -5.16151e-35 -5.27215e-32 -4.91968e-36 -1.07911e-32  1.14927e-37 -1.18906e-33  8.60219e-38 -9.33934e-35  2.26953e-38 -5.49081e-36  3.52439e-39 -2.37897e-37   2.5153e-40 -7.30774e-39  1.28735e-41 -1.52981e-40  7.06583e-43 -1.28322e-42  1.57772e-44  1.75903e-44   1.1352e-46
 8.40916e-28 -2.81397e-13 -6.52893e-27  5.12716e-12 -6.45942e-26 -4.75826e-11  1.27815e-24  2.81261e-10 -1.08689e-23 -1.16105e-09   6.3851e-23  3.50265e-09 -2.89324e-22 -7.88354e-09  1.05203e-21  1.32643e-08 -3.12816e-21 -1.63618e-08  7.70324e-21  1.39484e-08 -1.58821e-20 -6.81783e-09  2.77035e-20  7.20051e-11 -4.13257e-20  2.13355e-09  5.33217e-20 -8.15974e-10  -6.0202e-20 -4.31602e-10  6.00568e-20  3.00516e-10 -5.31446e-20  1.01515e-10  4.14407e-20  -7.9212e-11  -2.7891e-20  -3.2516e-11  1.56036e-20  1.51373e-11 -6.81728e-21  1.05501e-11  2.06526e-21 -9.95788e-13 -3.08374e-22   -2.552e-12 -1.34882e-23 -5.63685e-13 -1.74264e-23  3.14997e-13  2.65207e-23  2.16146e-13 -9.42847e-24  2.50928e-14  3.03325e-24 -2.62232e-14 -2.86578e-24 -1.44926e-14  2.89563e-25 -2.11046e-15  1.83435e-24  1.11908e-15 -1.22725e-24  7.48449e-16  5.38243e-26  1.84611e-16  2.03043e-25 -5.12274e-18 -4.10428e-26 -2.13874e-17 -2.30142e-26 -8.52295e-18  8.43841e-27  -1.6512e-18  1.94922e-27  1.77327e-20 -2.20491e-27  1.29795e-19  2.70148e-28  4.94253e-20  2.79714e-28  1.07543e-20  8.55101e-29  1.20109e-21 -1.00202e-28 -1.11672e-22  -1.8093e-29 -9.13711e-23  1.30198e-29 -2.51835e-23  3.57129e-30 -4.56715e-24 -7.79173e-31 -5.60147e-25 -4.21149e-31 -3.18829e-26 -1.78724e-32  4.75504e-27  2.48053e-32  1.78259e-27  7.85223e-33   3.1879e-28  1.77468e-34  4.04749e-29 -4.03475e-34  3.88723e-30 -1.07771e-34  2.76415e-31 -1.18451e-35  1.25571e-32 -2.83185e-37  5.05214e-35  1.08002e-37 -5.04976e-35  3.68878e-38 -5.16257e-36  5.52982e-39 -3.03316e-37  3.82845e-40 -1.19692e-38  1.88601e-41 -3.17922e-40  8.32339e-43 -4.53863e-42  1.49307e-44 -1.77819e-44
 1.30058e-13  1.48368e-26 -4.32101e-12 -6.45942e-26  5.47293e-11 -4.80706e-25 -4.06703e-10  7.85348e-24  2.03544e-09 -5.81022e-23 -7.31797e-09  3.07023e-22  1.95175e-08   -1.276e-21   -3.908e-08  4.29764e-21  5.83829e-08 -1.18857e-20 -6.30534e-08  2.72522e-20  4.50403e-08 -5.22822e-20 -1.50628e-08  8.47304e-20 -5.44943e-09 -1.17233e-19  7.31012e-09   1.4018e-19 -7.27233e-10 -1.46855e-19 -2.02341e-09  1.36509e-19  4.51767e-10  -1.1327e-19  5.45641e-10  8.32389e-20 -1.00766e-10 -5.27287e-20  -1.5015e-10  2.73735e-20  1.56586e-12 -1.06348e-20  3.57147e-11  2.46517e-21  8.37893e-12   2.2061e-23 -5.32289e-12 -1.85769e-22 -3.37361e-12  6.73946e-24  -1.0754e-13   1.6446e-23  5.82605e-13  8.57763e-24  2.40045e-13 -2.86535e-24 -9.10656e-16 -7.29206e-24 -3.75198e-14  3.24144e-24 -1.54993e-14  2.49816e-24 -1.45232e-15 -2.09069e-24  1.34937e-15  4.34621e-26  7.50172e-16  3.53135e-25  1.72812e-16 -5.58359e-26 -2.76723e-18 -3.68131e-26 -1.73682e-17  1.48132e-26 -6.95947e-18  2.12675e-29 -1.45843e-18 -4.00688e-27 -7.81127e-20  1.12749e-27  6.52487e-20   6.4603e-28  2.90802e-20  6.73414e-29  7.04461e-21 -2.05727e-28  1.06213e-21 -2.87615e-29  5.39399e-23   2.6008e-29 -2.29738e-23  6.28657e-30 -8.73753e-24 -1.55155e-30 -1.82694e-24 -7.15528e-31 -2.69994e-25 -1.85134e-32 -2.81101e-26  4.43174e-32 -1.56119e-27  1.32057e-32  1.02921e-28  3.06825e-34  4.07833e-29 -6.98467e-34  6.25127e-30 -1.92927e-34  6.62239e-31 -2.30816e-35  5.29405e-32 -1.18686e-36  3.21952e-33  8.91462e-38  1.43112e-34  4.74406e-38  4.10559e-36  6.87485e-39  3.94858e-38  4.51935e-40 -2.45003e-39  2.05011e-41 -1.20763e-40  7.03832e-43 -1.73216e-42  7.90089e-45
-1.25308e-26  2.51815e-12  1.61668e-25 -4.75826e-11 -4.80706e-25  4.58902e-10 -2.82134e-24 -2.82573e-09  3.88963e-23  1.21871e-08 -2.54399e-22 -3.85554e-08   1.2266e-21  9.14544e-08 -4.73249e-21 -1.63334e-07  1.49013e-20  2.16371e-07 -3.85865e-20 -2.02765e-07  8.27501e-20   1.1703e-07 -1.48134e-19 -1.77321e-08  2.23326e-19 -2.84335e-08 -2.86533e-19  1.74332e-08  3.17047e-19  3.70721e-09 -3.07569e-19  -5.8723e-09  2.66071e-19  -5.3059e-10 -2.07177e-19  1.63207e-09  1.43851e-19  2.36117e-10 -8.59439e-20 -3.89238e-10  4.12651e-20 -1.24556e-10 -1.38928e-20  6.41518e-11  1.94168e-21  4.43859e-11  8.10284e-22 -7.18663e-13 -4.48186e-22 -9.23354e-12  3.21281e-23 -3.06853e-12 -1.80258e-23  5.51416e-13  5.64826e-23  7.41499e-13 -1.93068e-23  2.07766e-13 -1.40895e-23 -2.75031e-14  8.40477e-24 -4.12838e-14  3.43959e-24 -1.39091e-14   -3.284e-24 -8.19597e-16 -5.26225e-26  1.26038e-15  5.31413e-25  6.28044e-16 -5.67675e-26  1.41806e-16  -3.8504e-26  2.12575e-18  2.12598e-26 -1.10094e-17 -8.53064e-27  -4.6123e-18 -6.18595e-27 -1.05035e-18  3.17668e-27 -1.10653e-19  1.27239e-27  1.89238e-20 -5.08919e-29  1.24299e-20 -3.70523e-28  3.39498e-21 -3.96281e-29  6.06766e-22  4.49009e-29  6.72027e-23  9.55621e-30  7.11982e-25 -2.65827e-30 -1.65069e-24 -1.04602e-30 -4.48826e-25  1.41971e-33 -7.59162e-26  7.17825e-32 -9.42401e-27    1.972e-32 -8.63925e-28   3.2834e-34 -5.15384e-29 -1.10816e-33 -4.56428e-31 -3.05104e-34  3.30238e-31 -3.82372e-35  4.76486e-32 -2.60296e-36  4.10539e-33  1.61805e-38  2.51572e-34  4.94604e-38   1.1266e-35  6.96707e-39  3.60648e-37  4.25263e-40  7.59245e-39  1.69362e-41   8.2751e-41  4.16755e-43  3.73061e-43
-8.96508e-13 -1.77668e-25  3.08962e-11  1.27815e-24 -4.06703e-10 -2.82134e-24  3.14804e-09 -1.34095e-23 -1.64544e-08  1.58239e-22  6.19869e-08 -9.28323e-22 -1.73963e-07  4.14874e-21  3.68664e-07 -1.50649e-20 -5.88031e-07     4.48e-20  6.88423e-07  -1.0938e-19 -5.51692e-07  2.20399e-19  2.39857e-07  -3.6914e-19  2.51413e-08  5.18222e-19  -9.1558e-08 -6.16172e-19  2.59903e-08  6.29551e-19  2.16139e-08  -5.6395e-19 -1.10173e-08  4.53262e-19   -5.493e-09 -3.31608e-19  2.97665e-09   2.1834e-19  1.69154e-09 -1.23345e-19 -5.26923e-10  5.44668e-20 -5.11073e-10 -1.51484e-20  4.53286e-12    2.157e-23  1.14847e-10  2.08954e-21   3.3845e-11 -7.48715e-22 -1.18734e-11  3.76652e-23 -1.06777e-11 -8.27456e-23 -1.87591e-12  1.43484e-22  1.07976e-12 -4.90243e-23  7.39179e-13 -2.39809e-23  1.45601e-13  1.58387e-23 -4.23225e-14  5.02139e-24 -3.72833e-14 -4.70563e-24 -1.08903e-14 -3.55112e-25 -4.59159e-16  6.69841e-25  9.47115e-16 -1.46809e-26  4.46492e-16  -2.4232e-27  1.02555e-16  2.25561e-26  5.75461e-18 -2.96237e-26  -5.3068e-18 -8.16479e-27 -2.46266e-18  7.11382e-27 -6.09805e-19  2.21216e-27  -8.8044e-20 -3.20481e-28 -1.01698e-21 -5.96468e-28  3.51512e-21 -4.86032e-29  1.17091e-21  6.80916e-29  2.37806e-22  1.25842e-29  3.37296e-23 -4.02735e-30  3.00135e-24 -1.31473e-30  1.05687e-26  6.46303e-32 -5.45935e-26  1.08028e-31 -1.21025e-26  2.66676e-32 -1.69713e-27  5.39676e-35 -1.76762e-28  -1.6286e-33  -1.4013e-29 -4.33459e-34 -8.12525e-31  -5.5345e-35 -2.87704e-32 -4.30805e-36  7.14632e-35 -9.91104e-38   8.7121e-35  4.18636e-38  6.29262e-36  5.82122e-39  2.56309e-37  3.21739e-40  6.05934e-39  1.05817e-41  6.84653e-41  1.53121e-43
 1.11428e-25 -1.43183e-11 -1.61104e-24  2.81261e-10  7.85348e-24 -2.82573e-09 -1.34095e-23  1.81697e-08 -5.21959e-23 -8.20728e-08  5.31057e-22  2.72941e-07 -2.83737e-21 -6.83879e-07   1.1992e-20  1.29906e-06 -4.16958e-20 -1.85033e-06  1.18511e-19  1.90294e-06 -2.74897e-19  -1.2732e-06  5.22886e-19  3.52058e-07 -8.21491e-19  2.14778e-07  1.07471e-18 -2.14846e-07 -1.18288e-18  2.75038e-09  1.11268e-18  6.55498e-08 -9.16876e-19 -8.86321e-09  6.83185e-19 -1.84291e-08 -4.70583e-19    1.813e-09  2.95321e-19  5.05356e-09  -1.5821e-19  3.16889e-10  6.36484e-20 -1.16225e-09  -1.3218e-20 -3.58103e-10 -3.46266e-21  1.55807e-10  3.78051e-21  1.24118e-10 -1.03684e-21  1.12594e-11  9.26471e-24 -1.93369e-11 -1.74959e-22 -9.42298e-12  2.70351e-22 -5.10393e-13 -9.16396e-23  1.27901e-12 -3.79817e-23  6.13987e-13  2.50088e-23  8.53024e-14   7.8434e-24 -4.24743e-14 -6.05249e-24 -2.86109e-14 -1.07408e-24 -7.63215e-15  6.45848e-25 -3.35985e-16  1.19926e-25  5.78321e-16  1.07432e-25  2.70224e-16   9.7299e-27  6.46649e-17  -6.9627e-26  6.33681e-18 -9.11885e-27 -1.75995e-18  1.35014e-26 -1.03242e-18  3.48147e-27 -2.80287e-19 -7.54429e-28 -4.85998e-20 -8.68091e-28  -4.3887e-21 -5.47007e-29  4.10528e-22  9.12871e-29   2.6513e-22  1.40981e-29  6.32163e-23 -5.48941e-30  1.02653e-23 -1.38193e-30  1.21425e-24  1.97786e-31  9.62199e-26  1.53231e-31  2.26954e-27  3.30967e-32 -7.42071e-28  -6.8707e-34 -1.51731e-28 -2.21986e-33 -1.77234e-29  -5.5844e-34 -1.49566e-30 -7.11014e-35 -9.52788e-32 -5.88707e-36 -4.53803e-33 -2.21183e-37  -1.5366e-34  2.80614e-38 -3.20519e-36  4.00702e-39 -2.05881e-38  1.94451e-40   5.6042e-40  4.79941e-42  8.07725e-42
 4.14006e-12  1.35047e-24 -1.48389e-10 -1.08689e-23  2.03544e-09  3.88963e-23 -1.64544e-08 -5.21959e-23  9.00621e-08 -1.65379e-22 -3.56445e-07  1.44707e-21  1.05533e-06 -7.18632e-21 -2.37273e-06  2.96357e-20  4.04849e-06 -1.01105e-19 -5.14073e-06  2.78777e-19   4.5991e-06 -6.19617e-19 -2.46314e-06  1.11795e-18  1.97665e-07 -1.65154e-18  7.25083e-07  2.01435e-18 -3.67702e-07 -2.04889e-18 -1.23008e-07   1.7674e-18  1.36283e-07 -1.33284e-18   2.3556e-08  9.18253e-19 -3.93322e-08 -5.97529e-19 -8.64584e-09  3.59898e-19  9.37003e-09 -1.83366e-19  3.77935e-09  6.61573e-20 -1.44328e-09 -7.72609e-21 -1.24357e-09 -8.25372e-21 -4.81859e-11  5.74651e-21  2.43738e-10 -1.31445e-21  9.48886e-11 -5.18132e-23 -1.02612e-11 -2.77965e-22 -2.07501e-11  4.27799e-22 -6.70349e-12 -1.43918e-22  4.41596e-13 -5.74667e-23  1.16583e-12  3.47429e-23  4.41925e-13  1.28299e-23  4.38691e-14 -6.83153e-24 -3.29128e-14  -2.5144e-24     -1.9e-14  3.00346e-25  -4.8449e-15  4.12948e-25 -3.00352e-16   3.2882e-25  2.83052e-16 -2.85374e-26  1.37988e-16 -1.33192e-25  3.48737e-17 -8.30484e-27  4.69858e-18  2.24686e-26 -2.32085e-19  5.06642e-27 -3.20737e-19 -1.29475e-27 -9.90909e-20 -1.14948e-27  -1.9483e-20 -5.90955e-29 -2.54843e-21  1.07853e-28 -1.47448e-22  1.26136e-29  2.72683e-23 -6.79077e-30  1.03929e-23 -1.09839e-30  1.95573e-24  4.21904e-31  2.61697e-25  2.06131e-31   2.6327e-26  3.80535e-32  1.92002e-27 -1.93977e-33  8.08551e-29 -2.79904e-33 -1.73538e-30 -6.55665e-34 -6.64304e-31  -8.1797e-35 -6.63692e-32 -6.88709e-36 -4.22316e-33  -3.0759e-37 -1.87121e-34  1.36868e-38 -5.65496e-36  2.24321e-39 -1.06295e-37   9.1619e-41 -1.00935e-39  1.38475e-42
-7.03564e-25  5.66909e-11  1.06773e-23 -1.16105e-09 -5.81022e-23  1.21871e-08  1.58239e-22 -8.20728e-08 -1.65379e-22  3.89405e-07 -4.09797e-22 -1.36521e-06  3.00148e-21  3.62325e-06 -1.44325e-20 -7.33837e-06  6.18319e-20  1.12579e-05 -2.15384e-19 -1.26978e-05  5.87719e-19  9.72863e-06 -1.26406e-18 -3.83444e-06  2.17419e-18 -8.26764e-07 -3.02697e-18   1.7294e-06  3.44223e-18 -3.78514e-07 -3.22798e-18  -4.5364e-07  2.54027e-18   1.8809e-07 -1.74122e-18   1.2167e-07  1.10559e-18 -5.27972e-08 -6.83411e-19  -3.7365e-08  3.98598e-19   8.8761e-09 -1.93473e-19  1.10617e-08   6.0983e-20  4.23117e-10  5.95882e-22 -2.42205e-09 -1.36859e-20 -8.30635e-10  7.86879e-21  2.23837e-10  -1.6628e-21  2.43241e-10 -1.35193e-22  5.10053e-11 -3.57466e-22 -2.21831e-11  5.99787e-22 -1.74833e-11 -2.01526e-22 -3.95964e-12 -8.45409e-23  8.13005e-13  4.34918e-23  8.82646e-13  2.12665e-23  2.83503e-13 -6.48335e-24  2.17965e-14 -5.02829e-24 -2.06941e-14 -5.15115e-25 -1.09898e-14  9.31165e-25 -2.77976e-15  6.87218e-25 -2.50468e-16 -1.02631e-25  1.05544e-16 -2.21055e-25  5.82438e-17 -5.55437e-27  1.57118e-17  3.34847e-26  2.58242e-18  6.95623e-27  1.44709e-19 -1.79707e-27 -6.26579e-20  -1.3873e-27 -2.55363e-20 -6.51636e-29  -5.6484e-21  1.10398e-28 -8.72904e-22  6.96831e-30 -9.24612e-23 -7.61461e-30 -4.40655e-24 -3.53396e-31   6.5674e-25  7.40328e-31  2.06869e-25   2.6313e-31  3.20137e-26  4.08099e-32  3.52541e-27 -3.55073e-33  2.94818e-28 -3.25382e-33  1.86476e-29  -7.0307e-34  8.37415e-31 -8.46481e-35  2.08174e-32 -7.01517e-36 -2.53668e-34 -3.31143e-37  -4.8332e-35  3.25029e-39 -2.07893e-36   9.9128e-40 -4.29906e-38  3.18133e-41 -3.25067e-40
-1.36443e-11 -7.53594e-24  5.10293e-10   6.3851e-23 -7.31797e-09 -2.54399e-22  6.19869e-08  5.31057e-22 -3.56445e-07 -4.09797e-22  1.48686e-06 -6.75769e-22 -4.65871e-06  3.51382e-21   1.1145e-05  -1.9429e-20 -2.03929e-05  1.04502e-19  2.81211e-05 -4.01859e-19 -2.80004e-05  1.11694e-18  1.79057e-05  -2.3519e-18 -4.17032e-06  3.87619e-18 -3.71508e-06 -5.09578e-18  3.16394e-06  5.40061e-18  1.56698e-07 -4.65429e-18 -1.04646e-06  3.31885e-18  8.71636e-08 -2.04889e-18  3.06871e-07  1.19455e-18 -1.58525e-08 -7.07552e-19 -8.56005e-08   4.0372e-19 -8.80216e-09 -1.86373e-19  1.97179e-08  4.90752e-20   6.9409e-09  9.97033e-21 -2.53385e-09 -1.88125e-20 -2.30517e-09   1.0096e-20 -2.72443e-10 -2.22834e-21  3.47823e-10 -2.40321e-22  1.84852e-10 -3.62461e-22   1.4659e-11  7.71428e-22 -2.38249e-11 -2.61574e-22 -1.23763e-11 -1.22615e-22 -1.98741e-12  4.98928e-23  7.60185e-13  3.46305e-23  5.75068e-13   -4.595e-24  1.65296e-13 -8.89763e-24  1.18746e-14 -1.87147e-24 -1.06699e-14  1.71842e-24 -5.51681e-15  1.18124e-24 -1.42151e-15 -2.18077e-25 -1.72465e-16 -3.28991e-25  2.53243e-17 -1.78009e-27  1.95763e-17  4.53348e-26  5.74818e-18  9.18841e-27  1.07952e-18 -2.04498e-27  1.20074e-19 -1.52023e-27 -1.36813e-21 -7.69147e-29 -4.19328e-21  9.34185e-29 -1.13073e-21 -2.99229e-30 -1.96106e-22 -7.60557e-30 -2.48977e-23  8.78841e-31 -2.26958e-24  1.13015e-30 -1.17092e-25  3.17999e-31  4.18463e-27  4.10362e-32  1.78035e-27 -5.18488e-33  2.34564e-28 -3.47683e-33  2.06197e-29 -6.88759e-34  1.33392e-30 -7.89228e-35  6.41059e-32 -6.26946e-36  2.21459e-33 -2.92632e-37  5.06191e-35 -1.82048e-39  6.43168e-37  3.24958e-40  2.44947e-39  7.02683e-42
 3.39895e-24 -1.63423e-10 -5.33669e-23  3.50265e-09  3.07023e-22 -3.85554e-08 -9.28323e-22  2.72941e-07  1.44707e-21 -1.36521e-06 -6.75769e-22  5.06373e-06  1.94347e-23 -1.42834e-05 -5.28616e-21  3.09407e-05  1.26765e-21 -5.12465e-05  1.23903e-19  6.34151e-05 -6.48431e-19 -5.51961e-05  1.92182e-18   2.8152e-05 -4.01792e-18  -7.3301e-07  6.37793e-18 -9.53104e-06 -7.92945e-18  4.32046e-06  7.82383e-18  1.84907e-06 -6.17037e-18 -1.74596e-06  3.95173e-18 -3.91206e-07 -2.17027e-18  5.27098e-07  1.15734e-18  1.38134e-07 -6.65588e-19 -1.28698e-07  3.74884e-19 -5.78248e-08 -1.63029e-19  1.97076e-08  3.29719e-20  1.88939e-08  1.79624e-20   1.1028e-09   -2.259e-20 -3.71051e-09  1.24488e-20 -1.53775e-09 -3.17937e-21  1.35986e-10 -3.97564e-22  3.32943e-10   -2.318e-22  1.13478e-10  9.38577e-22 -5.30137e-12 -3.24811e-22 -1.92286e-11 -1.76552e-22  -7.6528e-12  5.34066e-23 -8.77452e-13  5.40739e-23  5.29096e-13 -1.12996e-24   3.2806e-13 -1.41668e-23  8.84146e-14 -3.69575e-24  7.28089e-15  2.77459e-24 -4.43538e-15   1.7746e-24 -2.37204e-15 -3.72966e-25 -6.33956e-16 -4.48847e-25 -9.53095e-17  6.91268e-28  2.37353e-19  5.63418e-26  4.85555e-18  1.18748e-26  1.64238e-18 -1.79709e-27  3.42078e-19 -1.49243e-27  4.86952e-20  -9.5837e-29  3.89333e-21  5.62459e-29 -1.95623e-22 -1.58424e-29 -1.35063e-22 -6.40725e-30 -2.80207e-23  2.51436e-30  -3.9418e-24  1.54268e-30 -4.16161e-25  3.62819e-31 -3.29744e-26  3.88734e-32 -1.79206e-27 -6.43671e-33 -3.86296e-29 -3.40655e-33  4.02486e-30 -6.15835e-34  5.50491e-31 -6.62584e-35  3.67405e-32 -4.92632e-36  1.58079e-33 -2.16489e-37  4.40116e-35 -2.80252e-39  7.10822e-37  6.80884e-41  4.34545e-39
 3.30715e-11  3.28065e-23 -1.29621e-09 -2.89324e-22  1.95175e-08   1.2266e-21 -1.73963e-07 -2.83737e-21  1.05533e-06  3.00148e-21 -4.65871e-06  1.94347e-23  1.55084e-05  5.52105e-21 -3.96231e-05 -4.93883e-20  7.80018e-05  1.14578e-19 -0.000117059  2.03254e-20   0.00012955 -8.74757e-19 -9.70475e-05  3.00308e-18  3.60059e-05 -6.34212e-18  1.08476e-05  9.74454e-18 -1.84855e-05 -1.14675e-17  3.44909e-06  1.05142e-17  5.21579e-06 -7.54646e-18 -1.98012e-06  4.29081e-18 -1.45925e-06 -2.06144e-18  5.87355e-07  1.00247e-18  4.57819e-07 -5.70276e-19 -1.00766e-07  3.17448e-19 -1.38325e-07  -1.2652e-19 -6.78099e-09  1.59711e-20  3.10449e-08   2.2071e-20  1.10636e-08 -2.40594e-20 -2.91488e-09  1.49956e-20 -3.29965e-09 -4.66195e-21 -7.13574e-10 -6.80178e-22  3.05567e-10  9.49493e-23  2.47686e-10   1.1145e-21  5.77181e-11 -3.96149e-22 -1.13152e-11 -2.51504e-22 -1.28684e-11  5.46537e-23 -4.24822e-12  7.95611e-23  -3.6663e-13    3.404e-24  2.97159e-13 -2.04939e-23   1.6477e-13 -5.72917e-24  4.32725e-14  4.05213e-24  4.48677e-15  2.40085e-24  -1.3999e-15 -5.58229e-25 -8.52657e-16 -5.71637e-25  -2.4005e-16 -1.88876e-27 -4.19368e-17  6.47491e-26 -3.20902e-18   1.5172e-26  7.02268e-19 -8.57901e-28  3.42445e-19 -1.26696e-27  8.00032e-20 -1.17137e-28  1.29565e-20  5.10886e-30  1.48917e-21 -2.84514e-29  9.94762e-23 -3.72898e-30 -3.16703e-24   4.3688e-30 -2.08258e-24  1.91456e-30 -3.55364e-25  3.90054e-31 -4.05772e-26    3.488e-32 -3.46816e-27 -6.98574e-33 -2.25534e-28 -3.05365e-33 -1.08316e-29 -5.01537e-34 -3.47588e-31 -4.99676e-35 -4.86445e-33  -3.3964e-36   1.3581e-34 -1.34412e-37   8.3555e-36 -1.92667e-39  1.49545e-37  4.96798e-42
-1.30698e-23  3.49698e-10  2.11371e-22 -7.88354e-09   -1.276e-21  9.14544e-08  4.14874e-21 -6.83879e-07 -7.18632e-21  3.62325e-06  3.51382e-21 -1.42834e-05  5.52105e-21  4.30091e-05  2.69437e-20 -0.000100046 -1.93001e-19  0.000179496  4.69827e-19 -0.000244069 -4.18457e-19  0.000240209  -8.9136e-19    -0.000151  4.27083e-18  3.17475e-05 -9.30659e-18  3.54415e-05  1.39021e-17 -2.84651e-05 -1.54855e-17 -2.21373e-06   1.3155e-17  1.00322e-05 -8.53094e-18   -6.932e-07  4.24153e-18 -3.07224e-06 -1.74223e-18  1.37212e-07  7.73223e-19  8.89865e-07 -4.44961e-19  9.44033e-08   2.3949e-19 -2.13593e-07 -8.09453e-20 -7.58757e-08  1.12777e-21  2.90064e-08  2.03469e-20  2.63041e-08 -2.24742e-20  2.97928e-09  1.78295e-20 -4.17701e-09 -6.77883e-21 -2.20704e-09 -1.20141e-21 -1.62117e-10  6.64306e-22  2.99027e-10  1.32916e-21  1.54633e-10 -4.82386e-22  2.46326e-11 -3.49923e-22 -9.86865e-12  5.51929e-23 -7.44077e-12  1.08908e-22 -2.15918e-12  7.88744e-24 -1.63205e-13 -2.71156e-23  1.37331e-13  -7.5297e-24  7.25431e-14  5.47967e-24  1.91099e-14  2.98249e-24  2.47654e-15 -7.60659e-25 -2.71584e-16 -6.91552e-25  -2.4579e-16 -1.42878e-26 -7.47269e-17  6.90901e-26 -1.45416e-17  1.91763e-26 -1.76321e-18  8.46607e-28 -3.54381e-20 -8.35052e-28   4.3662e-20 -1.27313e-28  1.29388e-20  -4.6912e-29   2.3301e-21 -3.65509e-29   3.0616e-22  5.53272e-31  2.96783e-23  6.19854e-30   1.8859e-24  2.18554e-30  2.29362e-26  3.94922e-31 -1.23141e-26  2.98579e-32 -1.89711e-27 -6.71885e-33 -1.71789e-28 -2.49827e-33 -1.10286e-29 -3.70885e-34 -5.15535e-31 -3.37067e-35 -1.70767e-32 -2.04216e-36 -3.71188e-34 -6.93387e-38 -4.44411e-36  -8.5835e-40 -1.67243e-38
-5.94538e-11 -1.14998e-22  2.45715e-09  1.05203e-21   -3.908e-08 -4.73249e-21  3.68664e-07   1.1992e-20 -2.37273e-06 -1.44325e-20   1.1145e-05 -5.28616e-21 -3.96231e-05  2.69437e-20  0.000108647  9.05512e-20 -0.000231114 -5.68433e-19  0.000378707  1.34328e-18  -0.00046603 -1.55442e-18  0.000404266 -3.82478e-19 -0.000204032  5.53559e-18  2.79421e-07 -1.27766e-17     7.55e-05  1.86168e-17 -3.36414e-05 -1.96046e-17 -1.55031e-05  1.53638e-17  1.45318e-05 -8.91763e-18  3.34989e-06  3.80036e-18 -4.61832e-06 -1.29438e-18 -1.19939e-06   5.3117e-19  1.19076e-06 -3.13674e-19  5.24701e-07  1.49599e-19 -1.97726e-07 -3.07077e-20 -1.81633e-07  -9.7162e-21 -7.33028e-09   1.1846e-20  3.82224e-08  -1.7344e-20  1.52497e-08  2.10716e-20 -1.79936e-09 -9.59148e-21 -3.58367e-09 -2.09735e-21 -1.17843e-09  1.49358e-21   8.3772e-11  1.61886e-21  2.17383e-10 -5.86891e-22  8.44341e-11 -4.67143e-22  8.96279e-12  5.68493e-23  -6.2883e-12  1.37173e-22 -3.79037e-12  1.06079e-23 -1.01544e-12 -3.29988e-23  -8.2696e-14 -8.52966e-24  5.15804e-14  7.00759e-24   2.7611e-14  3.45966e-24  7.44552e-15 -9.66813e-25  1.15224e-15 -8.08877e-25  1.33541e-17 -4.14753e-26 -5.22371e-17  6.83782e-26 -1.83095e-17  2.37656e-26 -3.89602e-18  3.21366e-27  -5.7404e-19 -2.19162e-28 -5.16189e-20 -1.05238e-28  4.26411e-22 -8.27083e-29  1.19301e-21  -3.5973e-29   2.6602e-22  6.28388e-30  3.83538e-23  7.75735e-30  4.12017e-24  2.31518e-30  3.36169e-25  3.76886e-31  1.98852e-26    2.461e-32  6.91349e-28 -5.76119e-33 -6.71862e-30 -1.85978e-33 -2.74221e-30 -2.47977e-34  -1.9609e-31 -2.02103e-35 -8.02593e-33 -1.05932e-36  -1.9592e-34 -2.89801e-38 -2.36619e-36 -2.35578e-40
 4.10056e-23 -5.55226e-10 -6.80147e-22  1.32643e-08  4.29764e-21 -1.63334e-07 -1.50649e-20  1.29906e-06  2.96357e-20 -7.33837e-06  -1.9429e-20  3.09407e-05 -4.93883e-20 -0.000100046  9.05512e-20  0.000251282  2.48951e-19 -0.000490657 -1.40802e-18  0.000735352  3.16624e-18 -0.000816869 -3.89418e-18  0.000615988  1.05651e-18 -0.000228574  6.54686e-18 -7.55398e-05 -1.65202e-17  0.000126733   2.3515e-17 -2.43572e-05 -2.33443e-17 -3.72978e-05  1.67732e-17  1.49888e-05 -8.60664e-18  1.07632e-05  3.06276e-18 -4.76161e-06 -8.34737e-19 -3.52098e-06  3.31969e-19  9.18144e-07 -1.93316e-19  1.13001e-06  5.66553e-20  2.11577e-08  1.99359e-20 -2.74435e-07 -1.66982e-20 -9.00532e-08 -3.25083e-21  3.03451e-08   -8.403e-21  3.01237e-08  2.49021e-20  5.77862e-09 -1.31214e-20 -3.23201e-09 -3.49931e-21 -2.37653e-09  2.55234e-21   -5.092e-10   2.0077e-21  1.33666e-10 -7.02709e-22  1.31113e-10 -5.87009e-22  4.15144e-11  6.11069e-23  2.94043e-12  1.56876e-22  -3.2381e-12  9.33451e-24 -1.71234e-12 -3.71764e-23  -4.4136e-13 -8.14605e-24 -4.40125e-14  8.65472e-24  1.49328e-14  3.81752e-24  8.86372e-15 -1.16537e-24  2.48799e-15 -9.30039e-25  4.38542e-16 -8.74867e-26   3.6015e-17  6.20675e-26 -6.23625e-18   2.8457e-26 -3.27724e-18  5.95285e-27   -7.776e-19  5.30226e-28 -1.27636e-19 -2.79008e-29 -1.51118e-20 -8.63042e-29 -1.13326e-21 -2.41887e-29 -3.34267e-24  1.29525e-29  1.45971e-23  8.84781e-30  2.69575e-24  2.29187e-30  3.11953e-25  3.39592e-31  2.65586e-26  1.97249e-32   1.7134e-27 -4.40755e-33  8.23607e-29 -1.25467e-33  2.77008e-30 -1.49039e-34  5.46395e-32 -1.06732e-35   1.6782e-34 -4.65642e-37 -1.73583e-35 -9.29901e-39 -2.33008e-37
 7.82468e-11    3.312e-22 -3.44337e-09 -3.12816e-21  5.83829e-08  1.49013e-20 -5.88031e-07 -4.16958e-20  4.04849e-06  6.18319e-20 -2.03929e-05  1.26765e-21  7.80018e-05 -1.93001e-19 -0.000231114  2.48951e-19  0.000534515  5.92665e-19 -0.000961147 -3.06067e-18   0.00131841  6.50352e-18  -0.00131635 -8.00842e-18  0.000844072  3.81049e-18 -0.000183042  7.07955e-18 -0.000207277 -2.02612e-17  0.000174167  2.81386e-17  1.04825e-05 -2.62079e-17 -6.39739e-05  1.71163e-17  6.36868e-06 -7.63717e-18  2.04428e-05  2.19746e-18 -1.71878e-06 -4.74497e-19 -6.27417e-06  2.04784e-19 -4.12761e-07 -9.14773e-20   1.6352e-06 -2.90235e-20  5.09169e-07  6.74819e-20 -2.58652e-07 -2.22771e-20 -2.02844e-07 -2.39166e-20 -1.42995e-08  4.43406e-21  3.69642e-08   2.9596e-20  1.76085e-08 -1.73181e-20  5.49628e-10 -5.49902e-21 -2.79219e-09  3.74178e-21 -1.31919e-09  2.48585e-21 -1.74712e-10 -8.07352e-22    1.029e-10 -6.79723e-22  6.86109e-11  6.91908e-23  1.87969e-11  1.59325e-22  1.02266e-12  1.46135e-24 -1.38373e-12 -3.91629e-23 -6.83527e-13 -5.92558e-24 -1.74922e-13  1.05269e-23 -2.17015e-14  4.09951e-24  2.79142e-15 -1.34672e-24    2.303e-15 -1.06428e-24  6.89243e-16 -1.54196e-25   1.3356e-16  4.98803e-26  1.64153e-17   3.2375e-26  4.71201e-19  8.63298e-27 -3.51549e-19  1.34211e-27 -1.07308e-19  1.20339e-28 -1.94132e-20  -4.8687e-29 -2.56048e-21 -1.53469e-30 -2.52237e-22  1.97144e-29 -1.71908e-23  9.35338e-30  -4.8991e-25  2.13171e-30  5.80706e-26   2.8944e-31  1.07228e-26  1.54805e-32  9.80558e-28 -2.99681e-33  6.09723e-29 -7.62907e-34  2.68969e-30 -7.98942e-35  8.17404e-32 -4.89928e-36  1.55635e-33 -1.68265e-37  1.45824e-35 -1.99138e-39
-1.06875e-22  6.38224e-10  1.80707e-21 -1.63618e-08 -1.18857e-20  2.16371e-07     4.48e-20 -1.85033e-06 -1.01105e-19  1.12579e-05  1.04502e-19 -5.12465e-05  1.14578e-19  0.000179496 -5.68433e-19 -0.000490657  5.92665e-19   0.00104994  1.25544e-18   -0.0017435 -5.96826e-18   0.00218871  1.19526e-17  -0.00195081 -1.43658e-17   0.00102483  8.08294e-18 -2.02062e-05  7.03841e-18 -0.000390497 -2.37425e-17  0.000191431  3.20194e-17  7.82046e-05 -2.77759e-17 -8.57309e-05  1.62896e-17 -1.55836e-05 -6.18097e-18  2.87672e-05   1.3972e-18  5.89228e-06  -2.8165e-19 -8.05389e-06  1.43799e-19 -2.99865e-06 -9.72589e-21  1.56262e-06 -9.47931e-20  1.18817e-06  1.10119e-19 -2.89246e-08 -3.09206e-20 -2.87439e-07 -4.88662e-20   -9.839e-08  2.10395e-20  2.13818e-08  3.55308e-20  2.79219e-08 -2.19807e-20  7.98586e-09 -8.10964e-21 -1.24978e-09  4.87895e-21 -1.82011e-09   2.9919e-21 -6.39435e-10 -8.63186e-22   -4.425e-11 -7.03894e-22    5.949e-11  8.30721e-23  3.18267e-11  1.36856e-22  7.94966e-12 -1.57027e-23  4.55421e-13   -3.927e-23 -4.87973e-13 -1.68987e-24 -2.37904e-13  1.27872e-23 -6.17608e-14  4.39767e-24  -9.1701e-15 -1.50067e-24 -1.96091e-18 -1.21827e-24  4.47176e-16 -2.40354e-25  1.51369e-16  3.16806e-26  3.17124e-17   3.4396e-26  4.64566e-18  1.07807e-26   4.2618e-19  2.13471e-27  1.43763e-21  3.38468e-28 -8.22659e-21  2.80523e-29 -1.86693e-21  2.84686e-29 -2.67593e-22  2.55382e-29 -2.84603e-23  9.24817e-30 -2.30845e-24   1.8699e-30 -1.38606e-25  2.33629e-31 -5.42057e-27  1.18958e-32 -5.50155e-29 -1.79405e-33  9.19002e-30 -4.14996e-34  7.17308e-31  -3.7793e-35  2.70529e-32 -1.91614e-36  5.41128e-34  -4.7196e-38  3.95678e-36
-7.18632e-11 -7.95747e-22  3.43045e-09  7.70324e-21 -6.30534e-08 -3.85865e-20  6.88423e-07  1.18511e-19 -5.14073e-06 -2.15384e-19  2.81211e-05  1.23903e-19 -0.000117059  4.69827e-19  0.000378707 -1.40802e-18 -0.000961147  1.25544e-18    0.0019115  2.40416e-18  -0.00293834 -1.05814e-17   0.00337239  1.99598e-17  -0.00265554 -2.31155e-17   0.00106589  1.37388e-17  0.000296185  6.53024e-18 -0.000595719 -2.67701e-17  0.000145786  3.47492e-17  0.000175757 -2.77852e-17 -8.74571e-05  1.43778e-17 -5.12469e-05 -4.49965e-18  2.98626e-05  8.25396e-19  1.78402e-05 -2.61656e-19 -6.85549e-06  1.13865e-19 -6.37147e-06  5.07366e-20  4.09611e-07 -1.26392e-19  1.77189e-06  1.48709e-19  4.55838e-07 -4.80394e-20 -2.54391e-07 -7.72186e-20 -1.95669e-07  4.09003e-20  -2.5678e-08  4.31337e-20  2.70507e-08 -2.66529e-20  1.63547e-08 -1.12271e-20  2.72786e-09  5.69906e-21 -1.31436e-09   3.4074e-21 -9.92346e-10  -8.2578e-22 -2.79324e-10 -6.13672e-22   -6.357e-12  1.06891e-22  2.82424e-11   8.5389e-23  1.31936e-11 -4.44108e-23  3.14567e-12 -3.86453e-23  2.38801e-13  4.36534e-24 -1.36848e-13  1.55801e-23 -7.05135e-14  4.82016e-24 -1.88593e-14 -1.61501e-24  -3.1932e-15 -1.39118e-24 -2.38484e-16  -3.4126e-25    5.112e-17  7.53771e-27  2.44833e-17  3.34605e-26  5.64084e-18  1.20027e-26  9.08909e-19  2.82603e-27  1.06586e-19  6.04021e-28  8.13799e-21  1.30245e-28  1.06357e-22  5.99614e-29 -8.18983e-23  2.94569e-29 -1.54614e-23  8.59025e-30 -1.75792e-24  1.54969e-30 -1.45268e-25  1.78539e-31 -9.03508e-27  8.87125e-33 -4.17398e-28 -9.28948e-34 -1.35841e-29 -1.99883e-34 -2.74424e-31 -1.55406e-35 -2.25168e-33 -6.18315e-37  1.63926e-35 -8.90764e-39
 2.34756e-22 -4.93619e-10 -4.01569e-21  1.39484e-08  2.72522e-20 -2.02765e-07  -1.0938e-19  1.90294e-06  2.78777e-19 -1.26978e-05 -4.01859e-19  6.34151e-05  2.03254e-20 -0.000244069  1.34328e-18  0.000735352 -3.06067e-18   -0.0017435  2.40416e-18   0.00323646  4.20591e-18  -0.00461486 -1.72144e-17   0.00483215  3.05942e-17  -0.00330819 -3.38976e-17  0.000864293  2.02299e-17  0.000770649  5.85899e-18 -0.000766365 -2.92196e-17  9.20191e-06  3.60338e-17  0.000284738 -2.61758e-17 -5.30511e-05  1.16321e-17 -9.43654e-05 -2.88046e-18  1.73956e-05  5.78089e-19  3.12948e-05 -3.62134e-19 -8.88273e-07  6.56933e-20 -9.21716e-06  8.47002e-20 -2.03237e-06 -1.10411e-19  1.80944e-06  1.87288e-19  1.09389e-06 -7.83279e-20 -2.62285e-08 -1.08953e-19 -2.49042e-07  6.28302e-20 -9.66021e-08  5.27587e-20  6.39547e-09 -3.05521e-20   2.0055e-08 -1.46011e-20  7.98384e-09  5.88811e-21  5.74032e-10  3.56899e-21 -8.65566e-10 -6.58861e-22 -4.72858e-10     -3.7e-22 -1.13063e-10  1.47686e-22  3.09679e-13  6.36626e-24  1.12979e-11 -8.57242e-23  4.87521e-12 -3.89528e-23  1.14955e-12  1.16609e-23  1.18294e-13  1.89388e-23 -2.74079e-14  5.44655e-24 -1.71371e-14 -1.67721e-24 -4.80969e-15 -1.57294e-24 -8.92958e-16 -4.49302e-25 -1.04332e-16 -2.20098e-26 -2.02424e-18  2.89492e-26  2.42428e-18  1.20905e-26  6.97148e-19  3.34423e-27   1.2214e-19  8.75947e-28  1.57123e-20  2.36376e-28  1.51956e-21  8.64951e-29  1.03594e-22  3.08402e-29  3.43719e-24  7.50483e-30 -2.26508e-25  1.21312e-30 -4.70176e-26  1.28879e-31 -4.18166e-27  6.32107e-33 -2.44432e-28 -4.01809e-34 -9.85239e-30  -8.4017e-35 -2.62715e-31 -5.43355e-36 -4.05223e-33 -1.55144e-37 -2.33414e-35
 3.97905e-11  1.61555e-21 -2.16849e-09 -1.58821e-20  4.50403e-08  8.27501e-20 -5.51692e-07 -2.74897e-19   4.5991e-06  5.87719e-19 -2.80004e-05 -6.48431e-19   0.00012955 -4.18457e-19  -0.00046603  3.16624e-18   0.00131841 -5.96826e-18  -0.00293834  4.20591e-18   0.00511278  6.77281e-18  -0.00677413 -2.58726e-17   0.00644814  4.33619e-17  -0.00374142 -4.57754e-17  0.000337071  2.66593e-17   0.00135931  5.43281e-18 -0.000827795 -3.10107e-17 -0.000227531  3.57288e-17  0.000371497 -2.30989e-17  2.75719e-05  8.41065e-18 -0.000131385 -1.57068e-18 -1.24055e-05  6.72734e-19  4.08002e-05 -4.96589e-19  1.02698e-05 -4.72037e-20 -9.62067e-06  8.18407e-20 -5.35671e-06 -3.76043e-20  8.68387e-07  2.32706e-19  1.61333e-06 -1.23932e-19  4.00337e-07  -1.4495e-19  -1.9089e-07   8.4696e-20 -1.61467e-07  6.45122e-20 -3.42238e-08  -3.2599e-20  1.31222e-08 -1.78318e-20  1.15935e-08   5.1488e-21   3.3781e-09  3.29982e-21 -4.33256e-11 -3.50518e-22 -4.50318e-10  4.68983e-23 -2.01419e-10  2.14363e-22 -4.33444e-11 -9.27027e-23  1.19158e-13 -1.38697e-22  3.80286e-12 -4.17705e-23  1.58587e-12  1.93371e-23  3.78348e-13  2.27179e-23  4.93757e-14  6.28821e-24 -2.28938e-15 -1.67959e-24 -3.19331e-15 -1.74638e-24 -9.80507e-16 -5.55248e-25  -1.9517e-16 -5.56273e-26 -2.73664e-17  2.09705e-26 -2.36609e-18  1.10701e-26  1.33041e-20  3.63747e-27  4.85441e-20  1.10505e-27  1.03936e-20  3.23709e-28  1.43105e-21  1.03005e-28  1.46726e-22  2.95805e-29  1.14944e-23  6.16046e-30  6.70553e-25  8.95005e-31  2.62743e-26  8.74851e-32  4.09396e-28   4.2256e-33 -2.41024e-29 -1.33801e-34 -1.97083e-30 -3.01711e-35 -6.45912e-32 -1.55963e-36 -9.51839e-34 -2.61873e-38
-4.39901e-22  1.98597e-10  7.55045e-21 -6.81783e-09 -5.22822e-20   1.1703e-07  2.20399e-19  -1.2732e-06 -6.19617e-19  9.72863e-06  1.11694e-18 -5.51961e-05 -8.74757e-19  0.000240209 -1.55442e-18 -0.000816869  6.50352e-18   0.00218871 -1.05814e-17  -0.00461486  6.77281e-18   0.00755958  1.00972e-17  -0.00932002 -3.61159e-17   0.00802056  5.71552e-17  -0.00377674  -5.7354e-17 -0.000544737  3.19856e-17   0.00196629   5.6165e-18 -0.000707142 -3.20769e-17 -0.000543373  3.38597e-17   0.00039414  -1.8887e-17   0.00015136  5.09567e-18 -0.000144096 -7.28992e-19 -5.76576e-05  1.06363e-18  3.96487e-05 -5.74991e-19  2.47099e-05 -2.56401e-19 -5.79013e-06   2.8536e-20 -8.42566e-06   9.4151e-20 -1.19374e-06  2.93429e-19  1.64227e-06    -1.83e-19  9.07925e-07 -1.86572e-19  1.74382e-08  1.03354e-19  -1.7563e-07   7.8074e-20 -8.14092e-08 -3.15929e-20 -6.52723e-09 -2.04064e-20  1.00899e-08  3.28592e-21  5.68076e-09  2.45491e-21  1.28049e-09  7.67212e-23 -1.12687e-10   6.2775e-22 -1.97143e-10  3.14656e-22 -7.74437e-11 -1.99422e-22 -1.58599e-11 -1.99804e-22 -3.31512e-13 -4.79148e-23  1.05168e-12  2.64534e-23  4.44131e-13  2.65887e-23  1.08599e-13  7.27043e-24  1.66911e-14 -1.62544e-24  8.50885e-16 -1.89248e-24 -3.85839e-16 -6.49868e-25 -1.49455e-16 -9.10002e-26 -3.20742e-17  1.04263e-26 -4.92002e-18  9.18071e-27 -5.51177e-19    3.682e-27 -3.97515e-20  1.24836e-27 -3.16807e-22  3.75186e-28  4.07635e-22  1.07223e-28  7.17811e-23  2.61129e-29   7.7213e-24  4.73933e-30  6.02605e-25  6.19832e-31  3.51761e-26   5.5488e-32  1.51089e-27  2.60343e-33  4.51773e-29 -2.51278e-35  8.31736e-31 -8.95525e-36  6.76561e-33 -3.44929e-37 -4.15958e-36
-4.85578e-12 -2.80361e-21   5.0205e-10  2.77035e-20 -1.50628e-08 -1.48134e-19  2.39857e-07  5.22886e-19 -2.46314e-06 -1.26406e-18  1.79057e-05  1.92182e-18 -9.70475e-05  -8.9136e-19  0.000404266 -3.89418e-18  -0.00131635  1.19526e-17   0.00337239 -1.72144e-17  -0.00677413  1.00972e-17    0.0104943  1.40013e-17   -0.0120524 -4.70271e-17   0.00930011  7.03935e-17  -0.00327175 -6.70719e-17  -0.00173189  3.53019e-17   0.00245832  6.59078e-18 -0.000358253 -3.23538e-17 -0.000884193  3.06313e-17   0.00031526 -1.39935e-17  0.000298271  2.00902e-18 -0.000115368 -4.05727e-19 -0.000109227  1.67385e-18  2.24416e-05 -5.28264e-19  3.80357e-05 -5.73802e-19  2.96235e-06 -8.91456e-20 -9.61782e-06  2.78103e-19 -4.00078e-06  3.77786e-19  8.75448e-07 -2.49122e-19   1.2668e-06 -2.34877e-19  3.45632e-07  1.14968e-19 -1.01444e-07  9.25833e-20 -1.10213e-07 -2.65147e-20   -3.361e-08 -2.17862e-20  1.71474e-09  2.83131e-22  5.70842e-09  9.69194e-22  2.45725e-09  5.67517e-22   4.5164e-10   1.3309e-21 -6.40477e-11  4.51082e-22 -7.41105e-11 -2.99068e-22 -2.68398e-11 -2.62922e-22 -5.46895e-12 -5.69525e-23 -3.17587e-13  3.22299e-23  2.25119e-13   3.0105e-23  1.03513e-13  8.24511e-24  2.62147e-14 -1.53209e-24  4.47917e-15 -1.99589e-24  4.57767e-16 -7.25344e-25 -6.91212e-18 -1.24957e-25 -1.46956e-17 -1.18324e-27 -3.70009e-18  6.79518e-27 -6.06513e-19   3.4868e-27 -7.40365e-20   1.2818e-27 -6.81204e-21  3.83947e-28 -4.40129e-22  1.00017e-28 -1.35041e-23  2.12605e-29  9.18352e-25  3.40498e-30   1.7292e-25    4.008e-31  1.41451e-26  3.26194e-32  7.49234e-28  1.45422e-33  2.65917e-29  5.55138e-36  5.90933e-31 -2.07542e-36  6.61451e-33 -5.05207e-38
  7.1062e-22   3.2116e-11 -1.21452e-20  7.20051e-11  8.47304e-20 -1.77321e-08  -3.6914e-19  3.52058e-07  1.11795e-18 -3.83444e-06  -2.3519e-18   2.8152e-05  3.00308e-18    -0.000151 -3.82478e-19  0.000615988 -8.00842e-18  -0.00195081  1.99598e-17   0.00483215 -2.58726e-17  -0.00932002  1.40013e-17    0.0137222  1.81264e-17   -0.0146923 -5.73289e-17    0.0100412  8.13413e-17  -0.00216531  -7.3576e-17  -0.00309402   3.6085e-17   0.00269517  8.27567e-18  0.000217457 -3.17994e-17  -0.00117152  2.64205e-17   0.00011619 -8.91304e-18  0.000433219 -6.52991e-19 -3.61493e-05 -5.54574e-19 -0.000151834  2.42857e-18 -1.20757e-05 -3.18703e-19  4.43597e-05  -9.9262e-19  1.54259e-05 -2.82871e-19 -7.43355e-06  4.98333e-19 -6.62393e-06  4.91995e-19 -7.26479e-07 -3.11982e-19  1.21532e-06 -2.89723e-19  6.80438e-07  1.15753e-19  6.49279e-08  1.06659e-19 -9.49831e-08 -1.68754e-20 -5.56764e-08 -2.15337e-20 -1.16077e-08 -3.66045e-21  2.44364e-09  -1.1074e-21  2.67315e-09  1.04755e-21  9.61028e-10  2.08724e-21  1.54563e-10  6.17763e-22 -2.37838e-11  -3.7764e-22 -2.39106e-11 -3.19998e-22 -8.28484e-12 -6.70935e-23 -1.72452e-12  3.62573e-23   -1.661e-13  3.28203e-23  3.13383e-14  9.03055e-24  1.90271e-14  -1.4278e-24  5.10102e-15 -2.04819e-24  9.33749e-16 -7.76065e-25  1.20145e-16 -1.53929e-25  8.78108e-18 -1.21432e-26 -3.95272e-19  4.31576e-27 -2.52161e-19  3.09292e-27 -4.77105e-20   1.2063e-27  -6.1068e-21  3.53982e-28 -5.88321e-22  8.46642e-29 -4.33384e-23  1.59728e-29  -2.3688e-24  2.27502e-30  -8.6504e-26  2.40442e-31 -1.27848e-27  1.76067e-32  6.08208e-29  7.24834e-34  4.36282e-30  7.74098e-36  1.12854e-31 -3.34415e-37  9.76797e-34
