 4.79548e-34 -1.04269e-48 -3.96355e-32 -1.18937e-47   1.3462e-30  2.27484e-46  -2.7897e-29  2.55868e-45  4.07232e-28 -1.20173e-43 -4.50466e-27   2.7501e-42  3.94446e-26 -4.35283e-41 -2.81353e-25  5.24654e-40  1.66736e-24 -5.03634e-39 -8.32533e-24  3.98987e-38  3.53741e-23 -2.67141e-37 -1.28787e-22   1.5375e-36  4.03518e-22 -7.70242e-36 -1.09044e-21  3.39069e-35  2.54149e-21 -1.32118e-34 -5.09689e-21  4.58264e-34  8.74985e-21 -1.42127e-33 -1.27417e-20  3.95511e-33  1.55028e-20 -9.90241e-33 -1.53543e-20  2.23537e-32  1.17753e-20 -4.55752e-32 -6.18607e-21  8.40468e-32  1.21251e-21 -1.40406e-31   1.2228e-21  2.12889e-31  -1.2135e-21 -2.93795e-31  2.93836e-22  3.70666e-31  2.30786e-22 -4.30459e-31 -1.76873e-22  4.64658e-31 -7.04886e-24 -4.71932e-31  4.84545e-23   4.5646e-31 -7.67643e-24 -4.23539e-31 -1.04066e-23  3.76392e-31  2.64971e-24 -3.16761e-31  2.07701e-24  2.47993e-31 -5.31855e-25 -1.76991e-31 -4.03669e-25  1.12736e-31  6.55625e-26 -6.25544e-32  7.15652e-26  2.92037e-32  -1.1878e-27 -1.07173e-32 -1.01118e-26  2.51525e-33 -1.49343e-27  9.22252e-35  9.22954e-28 -4.25767e-34  3.37187e-28  2.06264e-34 -2.19829e-29  -3.4402e-35 -3.43779e-29 -1.76418e-35 -5.65184e-30  1.50302e-35   1.2098e-30 -5.18244e-36  6.18613e-31  6.25165e-37   6.7153e-32  3.14193e-37 -1.56289e-32 -2.34597e-37 -6.03007e-33  9.26469e-38 -6.40141e-34 -2.70162e-38  5.76284e-35  5.94875e-39  2.64527e-35  -8.8504e-40  3.23601e-36  5.85333e-41  5.75017e-38  7.03027e-43 -3.13813e-38  4.78718e-42 -4.34025e-39 -3.08677e-42  -2.5251e-40  7.70452e-43 -2.06076e-42 -8.86933e-44  7.25882e-43  5.16805e-45  3.00935e-44 -2.32909e-46  1.97952e-46  4.00746e-48
-1.04269e-48  5.66534e-32 -1.16598e-47 -2.77836e-30 -8.23285e-46  7.20897e-29   2.6788e-44 -1.24359e-27 -4.59586e-43  1.57576e-26  4.69073e-42 -1.55054e-25 -2.04335e-41  1.22712e-24 -1.94841e-40 -7.99813e-24  5.06222e-39  4.36515e-23 -6.05394e-38 -2.01864e-22  5.22529e-37  7.97613e-22 -3.61024e-36 -2.70794e-21  2.08731e-35  7.92555e-21 -1.03486e-34 -2.00198e-20  4.46805e-34  4.35986e-20 -1.69769e-33 -8.15671e-20  5.71976e-33  1.30207e-19  -1.7182e-32 -1.75326e-19  4.62093e-32  1.95345e-19 -1.11599e-31 -1.74014e-19  2.42563e-31  1.15335e-19 -4.75251e-31 -4.57707e-20  8.40388e-31 -3.11752e-21 -1.34263e-30  1.79748e-20  1.94051e-30 -1.00952e-20 -2.54247e-30 -3.53887e-22  3.03102e-30  3.19136e-21 -3.30932e-30 -1.05883e-21  3.34411e-30  -5.6001e-22 -3.17464e-30  4.02621e-22  2.87987e-30  6.87275e-23 -2.52886e-30 -1.01592e-22  2.15256e-30 -7.97373e-24  -1.7538e-30  2.11601e-23  1.33803e-30  1.81781e-24 -9.32788e-31 -3.74762e-24  5.80192e-31  -6.0488e-25 -3.13932e-31  5.24941e-25  1.42658e-31  1.57109e-25 -5.07963e-32  -4.6775e-26  1.14211e-32 -2.74333e-26  5.60886e-34  2.39694e-28 -1.87705e-33  2.88423e-27  7.94394e-34  5.71881e-28 -4.29114e-35 -1.22301e-28 -1.35472e-34 -6.98802e-29  8.55464e-35 -7.00825e-30 -2.61418e-35  2.63654e-30  2.15257e-36  9.34111e-31  2.20983e-36  7.68232e-32  -1.4836e-36 -2.06888e-32  5.74456e-37 -6.56132e-33 -1.58562e-37 -6.47645e-34  3.00701e-38  3.74613e-35 -3.03011e-39  1.78616e-35 -8.45898e-41  2.03359e-36  3.61736e-41  7.14779e-38  2.29365e-41 -8.52325e-39 -1.31071e-41 -1.21966e-39   2.8219e-42 -6.31488e-41  -2.6332e-43 -7.15876e-43  1.07629e-44   1.7381e-44 -3.42751e-46  3.25026e-46
-3.96355e-32 -1.16598e-47  3.43864e-30  3.29567e-46 -1.17701e-28  -4.6045e-44  2.45735e-27  1.33039e-42 -3.61528e-26 -2.22668e-41  4.03189e-25  2.50888e-40 -3.56082e-24  -1.9996e-39  2.56276e-23  1.06958e-38 -1.53311e-22 -2.30358e-38  7.73114e-22 -2.40162e-37 -3.31937e-21  3.62214e-36  1.22187e-20 -2.94907e-35 -3.87335e-20  1.81231e-34  1.05979e-19 -9.15259e-34 -2.50312e-19  3.94002e-33  5.09248e-19  -1.4747e-32 -8.88013e-19  4.85799e-32  1.31577e-18 -1.41991e-31 -1.63279e-18  3.70266e-31  1.65561e-18 -8.64727e-31 -1.30913e-18  1.81336e-30  7.22662e-19 -3.42029e-30 -1.71409e-19  5.80862e-30 -1.20945e-19   -8.888e-30  1.39898e-19  1.22613e-29 -4.16334e-20 -1.52683e-29 -2.30427e-20  1.72078e-29  2.17075e-20 -1.76515e-29 -7.34563e-22  1.66551e-29 -5.62386e-21 -1.47072e-29  1.33355e-21  1.24349e-29  1.15739e-21 -1.02792e-29 -4.15643e-22   8.3631e-30 -2.27124e-22 -6.60419e-30  8.58687e-23  4.92306e-30  4.53763e-23 -3.36119e-30 -1.23644e-23  2.04594e-30 -8.60688e-24 -1.08198e-30   8.7563e-25  4.80502e-31  1.34145e-24 -1.67562e-31  1.01152e-25  3.73018e-32 -1.42781e-25  1.10688e-33 -3.82864e-26 -4.99031e-33  6.49226e-27  1.60416e-33  4.80586e-27  4.53538e-34   5.0838e-28 -6.92246e-34  -2.3647e-28  3.47415e-34 -8.43078e-29  -9.2007e-35 -4.97931e-30  2.24825e-36  3.08467e-30  1.10584e-35   8.5189e-31 -6.60786e-36  5.88661e-32  2.42418e-36 -1.47459e-32 -6.15083e-37 -4.15345e-33  9.68571e-38 -3.89373e-34 -4.39343e-39  8.48314e-36 -1.44069e-39  6.08232e-36  1.65782e-40  6.68226e-37  7.88694e-41  2.80894e-38 -3.66293e-41 -6.58753e-40  6.68883e-42 -1.26605e-40  -4.9266e-43 -4.36657e-42   1.2827e-44 -4.61766e-44 -2.48745e-46
-1.18937e-47 -2.77836e-30  3.29567e-46   1.3737e-28  2.21456e-44 -3.59109e-27 -1.58431e-42  6.24337e-26  3.85424e-41 -7.97587e-25 -5.78356e-40  7.91555e-24   6.1843e-39 -6.32081e-23 -5.01156e-38  4.15863e-22  3.12526e-37 -2.29216e-21 -1.44686e-36  1.07106e-20  4.08397e-36 -4.27862e-20   3.8991e-36  1.46954e-19 -1.40363e-34 -4.35426e-19  1.09962e-33  1.11441e-18 -6.02569e-33 -2.46139e-18   2.6617e-32  4.67583e-18 -9.96286e-32 -7.59039e-18  3.23711e-31  1.04145e-17 -9.25584e-31 -1.18591e-17  2.34868e-30  1.08509e-17 -5.31773e-30 -7.46687e-18  1.07799e-29  3.19725e-18 -1.96053e-29  -8.7456e-21  3.20233e-29 -1.10881e-18 -4.69944e-29  7.05531e-19  6.19613e-29 -2.59628e-20 -7.34147e-29  -2.0374e-19  7.82733e-29  8.40285e-20 -7.54051e-29  3.09414e-20  6.62732e-29 -2.95247e-20 -5.41445e-29 -2.41891e-21  4.23372e-29  7.27807e-21 -3.27158e-29 -2.07708e-23  2.53778e-29 -1.52671e-21 -1.94668e-29 -7.05771e-24  1.42363e-29  2.81382e-22 -9.55217e-30  2.23614e-23  5.70399e-30 -4.27759e-23 -2.95613e-30 -8.81268e-24  1.29016e-30   4.5496e-24 -4.47141e-31  1.87838e-24  1.03907e-31 -1.81436e-25 -3.90121e-33 -2.33569e-25 -6.91182e-33 -3.06796e-26 -2.25333e-34  1.36169e-26   3.6209e-33  5.32556e-27 -2.77571e-33  2.29399e-28  1.15168e-33 -2.73485e-28 -2.54633e-34 -7.13025e-29  -1.7011e-35 -2.43821e-30  4.44824e-35  2.32752e-30 -2.35879e-35  5.39232e-31  8.02062e-36  3.49823e-32 -1.83113e-36 -6.38467e-33  2.25524e-37 -1.67833e-33  7.05315e-39 -1.52259e-34 -6.55884e-39 -1.22505e-36  4.15507e-40  1.12322e-36  2.15039e-40  1.13118e-37 -7.71125e-41  4.64291e-39  1.17292e-41  2.55572e-41  -6.5685e-43 -2.90285e-42  9.18824e-45 -5.64258e-44
  1.3462e-30 -8.23285e-46 -1.17701e-28  2.21456e-44  4.05909e-27  7.07375e-43 -8.54092e-26 -3.81746e-41  1.26684e-24  7.96317e-40 -1.42494e-23 -1.07275e-38  1.26975e-22  1.06685e-37 -9.22455e-22 -8.30061e-37  5.57293e-21  5.17525e-36 -2.83952e-20 -2.58477e-35  1.23251e-19   9.9807e-35 -4.58943e-19 -2.57055e-34  1.47271e-18  5.07444e-35 -4.08214e-18  4.12899e-33  9.77646e-18 -2.99572e-32 -2.01898e-17  1.44053e-31  3.57858e-17 -5.52607e-31 -5.39906e-17  1.79238e-30  6.83882e-17  -5.0465e-30   -7.105e-17  1.25095e-29  5.79682e-17 -2.75275e-29 -3.36129e-17  5.40392e-29  9.34874e-18    -9.49e-29  4.56698e-18  1.49275e-28 -6.37984e-18 -2.10348e-28  2.27757e-18  2.65381e-28  8.66191e-19 -2.99514e-28 -1.04883e-18  3.02318e-28  1.13306e-19 -2.73446e-28   2.5459e-19  2.23305e-28 -8.36862e-20 -1.67733e-28 -4.92757e-20  1.20061e-28  2.45421e-20 -8.58744e-29  9.33773e-21  6.33215e-29 -5.18072e-21 -4.73949e-29 -1.91638e-21  3.42313e-29  8.22791e-22 -2.26834e-29  3.93667e-22  1.33258e-29 -8.30896e-23 -6.78925e-30 -6.82587e-23  2.93611e-30  2.39488e-25 -1.03504e-30  8.37586e-24  2.69841e-31  1.56075e-24 -4.25223e-32 -5.36366e-25  1.04631e-32 -2.55459e-25 -1.72682e-32 -1.07027e-26  1.66166e-32  1.64884e-26 -9.32511e-33  4.31668e-27  3.26937e-33 -7.09167e-30 -5.67424e-34 -2.17967e-28 -1.25601e-34 -4.52288e-29  1.50117e-34 -1.05964e-30 -7.08275e-35  1.20394e-30  2.20174e-35   2.4546e-31 -4.44033e-36    1.606e-32  3.81178e-37 -1.62176e-33  6.36419e-38 -4.34355e-34 -1.96528e-38 -3.76751e-35  6.26161e-40 -9.29171e-37   4.7837e-40  9.23257e-38 -1.28314e-40  8.89854e-39  1.59072e-41  2.80099e-40 -6.40086e-43  2.82857e-42  3.30191e-45
 2.27484e-46  7.20897e-29  -4.6045e-44 -3.59109e-27  7.07375e-43  9.46126e-26   1.5997e-41 -1.65838e-24 -7.07045e-40  2.13671e-23  1.29013e-38 -2.13957e-22 -1.57264e-37  1.72457e-21  1.44994e-36 -1.14583e-20 -1.06664e-35  6.38105e-20  6.41826e-35 -3.01421e-19 -3.18391e-34  1.21796e-18  1.29021e-33  -4.2342e-18 -4.09836e-33  1.27083e-17  8.75456e-33 -3.29742e-17 -1.14771e-33  7.39099e-17 -1.02205e-31 -1.42661e-16  6.28427e-31  2.35672e-16 -2.58273e-30 -3.29747e-16  8.50807e-30  3.84061e-16 -2.37766e-29 -3.61243e-16  5.78121e-29  2.58211e-16 -1.23932e-28 -1.18883e-16  2.35957e-28    8.125e-18  -4.0057e-28  3.59893e-17  6.07383e-28 -2.61359e-17 -8.22659e-28  2.78623e-18  9.94149e-28  6.81342e-18  -1.0698e-27 -3.46752e-18  1.02292e-27 -8.27141e-19 -8.68367e-28   1.1353e-18  6.56974e-28 -4.72586e-21  -4.5006e-28 -2.72276e-19  2.90586e-28  2.41193e-20 -1.89427e-28  5.72298e-20  1.32305e-28 -4.76847e-21  -9.7576e-29 -1.09373e-20  7.04488e-29  6.42347e-23 -4.64479e-29  1.79259e-21  2.69309e-29  2.14702e-22  -1.3539e-29 -2.19185e-22   5.8766e-30 -6.40901e-23 -2.18361e-30  1.41784e-23  6.89274e-31  9.65617e-24 -2.13842e-31  5.97739e-25  1.12517e-31 -7.22284e-25 -8.92695e-32  -2.0399e-25  5.88149e-32  5.91649e-27 -2.71252e-32  1.39429e-26  8.11721e-33  2.70402e-27 -9.84258e-34  -8.2346e-29 -5.23996e-34 -1.26342e-28  4.35422e-34 -2.21446e-29   -1.836e-34 -5.28471e-31  5.16857e-35  4.29194e-31 -9.03092e-36  7.97056e-32  3.96949e-37  5.36429e-33  2.23567e-37 -2.00628e-34 -4.50706e-38 -6.78872e-35  3.20198e-40 -5.35187e-36  8.80014e-40  -1.6557e-37  -1.7192e-40  1.87593e-39  1.68694e-41  2.25748e-40 -4.42688e-43  3.22367e-42
 -2.7897e-29   2.6788e-44  2.45735e-27 -1.58431e-42 -8.54092e-26   1.5997e-41  1.81185e-24  2.83359e-40 -2.71045e-23 -1.06564e-38  3.07602e-22   1.7281e-37 -2.76675e-21 -1.92041e-36  2.02979e-20   1.6429e-35 -1.23895e-19 -1.13683e-34  6.38135e-19  6.51754e-34 -2.80159e-18  -3.1279e-33  1.05584e-17  1.25537e-32 -3.43158e-17 -4.14292e-32  9.64174e-17  1.06499e-31 -2.34288e-16 -1.73167e-31  4.91464e-16 -9.68146e-32  -8.8606e-16  2.12842e-30  1.36222e-15 -1.02942e-29 -1.76265e-15  3.53373e-29  1.87788e-15 -9.89468e-29 -1.58202e-15   2.3693e-28  9.63311e-16 -4.95717e-28 -3.07288e-16    9.163e-28  -9.9169e-17 -1.50486e-27  1.77816e-16  2.20115e-27 -7.50191e-17 -2.86774e-27 -1.81794e-17  3.32217e-27  3.08249e-17 -3.41112e-27 -5.70809e-18  3.09089e-27 -6.90713e-18 -2.46048e-27  3.04925e-18  1.71742e-27  1.21671e-18 -1.06047e-27 -8.56662e-19  6.02851e-28 -2.14527e-19 -3.48039e-28  1.83848e-19  2.29269e-28  4.52219e-20 -1.70597e-28 -3.13645e-20  1.26122e-28 -1.03496e-20 -8.37349e-29  3.83432e-21   4.8073e-29  2.04065e-21 -2.39487e-29 -2.01673e-22  1.06494e-29 -2.89167e-22 -4.38829e-30 -3.14953e-23   1.7673e-30  2.36334e-23 -8.06852e-31  7.88643e-24   4.8578e-31 -2.92919e-25 -3.19703e-31 -6.57173e-25  1.74878e-31  -1.2504e-25 -6.96184e-32  1.11948e-26  1.78055e-32  8.80998e-27 -1.11214e-33  1.35648e-27 -1.67204e-33 -5.71148e-29   1.1048e-33 -5.40978e-29 -4.17963e-34 -8.36576e-30  1.05691e-34 -2.61731e-31 -1.56154e-35  1.01928e-31 -8.44445e-38  1.77722e-32  5.58501e-37  1.19202e-33 -8.39054e-38  8.52968e-37 -1.19069e-39  -5.5316e-36  1.34895e-39 -3.83112e-37 -1.85816e-40 -9.82979e-39  1.38035e-41 -4.42209e-41 -1.90948e-43
 2.55868e-45 -1.24359e-27  1.33039e-42  6.24337e-26 -3.81746e-41 -1.65838e-24  2.83359e-40  2.93169e-23  4.13738e-39 -3.81113e-22 -1.35646e-37  3.85201e-21  1.97939e-36 -3.13538e-20  -2.0182e-35  2.10468e-19   1.6052e-34 -1.18479e-18 -1.04297e-33  5.66043e-18  5.66406e-33 -2.31477e-17 -2.59945e-32  8.14972e-17   1.0105e-31  -2.4791e-16 -3.30076e-31  6.52535e-16  8.81589e-31 -1.48529e-15 -1.77232e-30  2.91501e-15   1.7946e-30 -4.90414e-15  4.71641e-30  7.00287e-15 -3.51098e-29 -8.34959e-15   1.3058e-28  8.07987e-15  -3.7012e-28 -6.00199e-15  8.75509e-28  2.96248e-15 -1.78945e-27 -3.84712e-16  3.21217e-27  -7.6935e-16 -5.10454e-27  6.45529e-16  7.20486e-27 -1.13592e-16 -9.03368e-27 -1.49134e-16  1.00379e-26  9.40469e-17 -9.83857e-27   1.1967e-17  8.44671e-27 -2.87642e-17 -6.29292e-27  2.64083e-18  4.02498e-27  6.66225e-18 -2.19643e-27 -1.22927e-18  1.04783e-27 -1.39299e-18 -4.99466e-28  2.58691e-19    3.086e-28   2.7524e-19 -2.48345e-28 -2.81802e-20  1.98385e-28 -4.85352e-20 -1.35327e-28 -1.55809e-21  7.70628e-29  6.70317e-21  -3.8193e-29  1.30506e-21  1.79832e-29 -5.71139e-22   -8.742e-30 -2.54011e-22  4.51727e-30   4.9055e-24 -2.55771e-30  2.38462e-23  1.58571e-30  4.78884e-24  -9.4054e-31 -6.54808e-25  4.53845e-31  -4.4715e-25 -1.59583e-31   -6.116e-26  3.46813e-32  8.43933e-27  2.03107e-34  4.27388e-27 -4.44284e-33  5.54741e-28  2.48684e-33 -2.02938e-29 -8.46205e-34 -1.69305e-29   1.9053e-34 -2.37749e-30 -2.29869e-35 -9.61839e-32 -1.56459e-36  1.48093e-32  1.11562e-36  2.52961e-33 -1.30547e-37  1.58644e-34 -4.33374e-39  2.85005e-36  1.72802e-39   -1.804e-37 -1.59926e-40 -9.45032e-39  8.31399e-42 -1.01433e-40
 4.07232e-28 -4.59586e-43 -3.61528e-26  3.85424e-41  1.26684e-24 -7.07045e-40 -2.71045e-23  4.13738e-39  4.09103e-22   5.1459e-38 -4.68632e-21 -1.49688e-36  4.25654e-20  1.98503e-35 -3.15491e-19   -1.867e-34  1.94654e-18  1.38353e-33 -1.01398e-17 -8.43694e-33  4.50504e-17  4.32696e-32 -1.71932e-16 -1.88715e-31  5.66292e-16  7.02567e-31 -1.61383e-15 -2.22378e-30  3.98141e-15  5.88541e-30 -8.48923e-15 -1.24282e-29  1.55795e-14  1.78347e-29 -2.44259e-14 -8.93897e-31  3.23139e-14 -1.02405e-28 -3.53329e-14  4.37283e-28  3.07584e-14 -1.26553e-27 -1.96631e-14   2.9595e-27   7.0778e-15 -5.90421e-27  1.34309e-15  1.02831e-26 -3.49352e-15 -1.58035e-26  1.72772e-15  2.15228e-26  2.18278e-16 -2.59769e-26 -6.35408e-16   2.7695e-26  1.70533e-16 -2.59123e-26  1.28295e-16  2.10555e-26 -7.58566e-17 -1.46227e-26  -1.9246e-17  8.46577e-27  2.05736e-17 -3.92763e-27  2.85067e-18  1.38505e-27 -4.46845e-18 -4.00075e-28 -6.18554e-19  2.29122e-28  8.07037e-19 -2.78554e-28  1.71483e-19  2.77117e-28 -1.12461e-19 -2.00689e-28 -4.05859e-20  1.12803e-28  9.33906e-21  -5.5661e-29  6.76399e-21  2.92186e-29  1.79227e-22 -1.77337e-29 -6.79239e-22  1.12988e-29 -1.58774e-22 -7.14295e-30  2.42358e-23  4.39168e-30  1.75047e-23  -2.4071e-30  2.21157e-24  1.04972e-30  -5.6288e-25 -3.29576e-31 -2.37452e-25  6.01339e-32  -2.4791e-26  5.33142e-33  4.07911e-27 -1.02223e-32  1.59744e-27  5.02359e-33  1.84042e-28 -1.53873e-33 -3.41685e-30  3.05137e-34 -3.73939e-30 -2.84089e-35 -4.83385e-31 -4.47685e-36 -2.26567e-32  1.86591e-36  1.05761e-33 -1.72403e-37  2.02625e-34 -8.68235e-39  1.08066e-35  1.84537e-39  2.04904e-37 -1.06061e-40 -6.72122e-40  3.21399e-42
-1.20173e-43  1.57576e-26 -2.22668e-41 -7.97587e-25  7.96317e-40  2.13671e-23 -1.06564e-38 -3.81113e-22   5.1459e-38   5.0008e-21  5.58158e-37 -5.10406e-20 -1.46021e-35  4.19723e-19  1.77391e-34 -2.84788e-18 -1.54597e-33  1.62134e-17   1.0695e-32 -7.83859e-17 -6.12111e-32  3.24589e-16  2.95913e-31 -1.15802e-15 -1.22158e-30  3.57247e-15  4.32526e-30 -9.54516e-15 -1.31074e-29  2.20783e-14  3.35986e-29   -4.409e-14 -7.05232e-29  7.55994e-14  1.10007e-28 -1.10263e-13 -7.48104e-29  1.34698e-13 -2.58043e-28 -1.34216e-13  1.36282e-27  1.03663e-13 -4.03062e-27  -5.4714e-14  9.28089e-27  1.02983e-14 -1.80061e-26  1.18727e-14  3.03495e-26 -1.17417e-14 -4.50417e-26    2.895e-15  5.91543e-26  2.33408e-15 -6.87254e-26  -1.8573e-15  7.03054e-26 -4.89323e-17 -6.27542e-26  5.29158e-16  4.81375e-26 -9.83764e-17 -3.09223e-26 -1.16912e-16  1.58218e-26  3.50706e-17 -5.68394e-27  2.40362e-17  7.41787e-28  -7.6077e-18  5.96392e-28  -4.8974e-18 -3.28104e-28   1.0923e-18 -1.63527e-28  9.32061e-19  3.53695e-28 -6.21437e-20 -2.84068e-28 -1.44651e-19  1.53697e-28 -1.50761e-20 -7.47506e-29  1.50844e-20  4.72035e-29  4.59879e-21 -3.68221e-29  -5.9636e-22  2.71792e-29 -5.48251e-22 -1.80053e-29 -7.02484e-23   1.0776e-29  2.46329e-23 -5.50456e-30  9.98203e-24  2.19193e-30  7.90854e-25 -6.17542e-31 -3.20478e-25  9.29479e-32 -1.00173e-25  1.80105e-32 -8.60818e-27 -2.08313e-32   1.3546e-27  9.19448e-33  4.52901e-28 -2.53305e-33  4.79419e-29   4.3607e-34  1.63393e-31 -2.81427e-35  -5.4544e-31 -8.85523e-36 -6.50426e-32  2.67298e-36 -3.10511e-33 -1.94715e-37  6.74996e-36 -1.27998e-38  7.24765e-36  1.62682e-39  2.62417e-37 -5.04678e-41   2.2407e-39
-4.50466e-27  4.69073e-42  4.03189e-25 -5.78356e-40 -1.42494e-23  1.29013e-38  3.07602e-22 -1.35646e-37 -4.68632e-21  5.58158e-37  5.42092e-20  5.37527e-36 -4.97437e-19 -1.27847e-34  3.72671e-18  1.43211e-33 -2.32536e-17 -1.16078e-32  1.22574e-16  7.50938e-32 -5.51415e-16  -4.0342e-31  2.13233e-15   1.8359e-30 -7.12184e-15 -7.15262e-30  2.05991e-14  2.39637e-29 -5.16306e-14 -6.89494e-29  1.11981e-13  1.68733e-28 -2.09351e-13 -3.42057e-28  3.34998e-13  5.33305e-28 -4.53493e-13 -4.62801e-28  5.09364e-13 -6.08828e-28 -4.58543e-13  4.11728e-27    3.077e-13 -1.22277e-26 -1.23448e-13  2.73952e-26 -9.73258e-15 -5.12897e-26  5.19135e-14  8.32608e-26 -3.00286e-14 -1.19017e-25 -7.27375e-16  1.50576e-25  9.85079e-15 -1.68358e-25 -3.56678e-15   1.6521e-25 -1.71837e-15 -1.40458e-25  1.39827e-15  1.01185e-25  1.83986e-16 -5.92247e-26 -3.66705e-16   2.5425e-26 -1.24389e-17 -4.99802e-27  8.01965e-17  -3.2051e-27  2.86932e-18  3.92317e-27 -1.51954e-17 -1.96831e-27 -1.63243e-18  2.30247e-28  2.34735e-18  4.50901e-28  5.52075e-19  -4.0871e-28 -2.48711e-19  1.98374e-28 -1.13913e-19 -9.15329e-29  8.40445e-21   7.7663e-29    1.397e-20 -7.71823e-29  2.08562e-21  6.21402e-29 -7.78786e-22 -4.15209e-29 -3.34639e-22  2.39191e-29 -1.98477e-23  -1.1415e-29  1.61117e-23  4.16845e-30  4.56727e-24  -1.0564e-30  2.28515e-25  1.28361e-31 -1.32589e-25  4.27261e-32 -3.35704e-26 -3.81638e-32 -2.58148e-27  1.53685e-32  3.03744e-28 -3.79958e-33  9.39668e-29  5.56883e-34  9.24288e-30 -1.89489e-35  1.97725e-31 -1.40734e-35 -4.65897e-32   3.3185e-36 -5.11933e-33 -1.88463e-37 -2.13852e-34 -1.48878e-38 -2.35069e-36  1.15808e-39  5.95658e-38 -1.43605e-41
  2.7501e-42 -1.55054e-25  2.50888e-40  7.91555e-24 -1.07275e-38 -2.13957e-22   1.7281e-37  3.85201e-21 -1.49688e-36 -5.10406e-20  5.37527e-36  5.26298e-19  4.66169e-35 -4.37453e-18 -1.01688e-33  3.00173e-17  1.05593e-32 -1.72923e-16 -7.98407e-32  8.46471e-16  4.83682e-31 -3.55139e-15 -2.43933e-30  1.28469e-14  1.04387e-29 -4.02191e-14 -3.82869e-29  1.09156e-13  1.20861e-28 -2.56755e-13 -3.27883e-28   5.2212e-13  7.57301e-28 -9.13181e-13  -1.4522e-27  1.36156e-12  2.15738e-27 -1.70567e-12 -1.86435e-27  1.75151e-12  -1.7567e-27 -1.40731e-12  1.26973e-26  7.92573e-13 -3.62088e-26 -1.93548e-13  7.72475e-26 -1.37884e-13  -1.3781e-25  1.66169e-13  2.13867e-25 -5.32268e-14 -2.93325e-25 -2.70386e-14  3.56976e-25  2.82672e-14 -3.83984e-25 -1.97919e-15  3.61177e-25 -7.43645e-15  -2.9152e-25  2.18179e-15  1.95278e-25  1.53414e-15 -1.01027e-25 -6.94928e-16  3.16169e-26 -3.03659e-16   5.1811e-27  1.53903e-16 -1.57265e-26  6.36284e-17  1.23909e-26 -2.51952e-17 -5.68996e-27 -1.32249e-17  1.01073e-27  2.54898e-18  6.87618e-28  2.32257e-18 -6.37966e-28  2.06846e-20   2.4062e-28 -2.88164e-19 -9.42242e-29 -5.75796e-20   1.3073e-28  1.82607e-20  -1.5995e-28  9.26735e-21  1.34126e-28  4.82836e-22 -8.82828e-29 -5.86679e-22  4.85791e-29 -1.61976e-22 -2.16619e-29  -1.6755e-24  7.26661e-30  7.77152e-24 -1.66032e-30  1.70332e-24  1.59591e-31  5.97462e-26  8.30422e-32 -4.05242e-26 -6.35376e-32 -8.78522e-27  2.36138e-32 -6.43703e-28 -5.22119e-33   4.1814e-29  6.34296e-34  1.34274e-29 -6.32482e-39  1.21037e-30 -1.88875e-35  3.75392e-32  3.58942e-36 -1.78329e-33  -1.5596e-37 -1.89303e-34 -1.39167e-38 -5.33146e-36  6.34267e-40 -3.48138e-38
 3.94446e-26 -2.04335e-41 -3.56082e-24   6.1843e-39  1.26975e-22 -1.57264e-37 -2.76675e-21  1.97939e-36  4.25654e-20 -1.46021e-35 -4.97437e-19  4.66169e-35  4.61377e-18  3.68247e-34 -3.49559e-17 -7.41957e-33  2.20701e-16  7.17272e-32 -1.17786e-15 -5.07158e-31   5.3684e-15  2.88042e-30 -2.10477e-14 -1.36383e-29  7.13312e-14  5.48277e-29 -2.09542e-13 -1.88894e-28  5.33977e-13  5.59588e-28 -1.17895e-12 -1.42188e-27  2.24711e-12  3.06495e-27 -3.67309e-12 -5.44771e-27  5.09259e-12  7.37353e-27 -5.88104e-12 -5.28836e-27  5.47911e-12 -7.69532e-27 -3.85898e-12    4.152e-26  1.70917e-12 -1.06852e-25 -2.86994e-14  2.10886e-25 -6.07125e-13 -3.52432e-25  4.12358e-13  5.17628e-25 -2.86712e-14 -6.77777e-25 -1.19353e-13  7.92135e-25  5.65026e-14 -8.19433e-25  1.65537e-14  7.37653e-25 -2.00317e-14 -5.61725e-25 -4.04416e-16  3.43247e-25  5.06308e-15 -1.46516e-25 -3.66633e-16  1.58406e-26  -1.1075e-15  4.15981e-26  7.98135e-17 -4.74598e-26  2.18774e-16  3.09414e-26  4.52288e-19 -1.29086e-26 -3.69665e-17  2.09815e-27  -4.6875e-18  1.38892e-27   4.6515e-18 -1.09164e-27   1.4015e-18   2.4529e-28 -3.07146e-19 -4.79281e-29 -2.15399e-19  2.22059e-28 -1.40148e-20 -3.21947e-28  1.63443e-20   2.7236e-28  4.71849e-21 -1.73886e-28 -1.16211e-22  9.08908e-29 -3.21274e-22 -3.78452e-29 -6.39782e-23  1.16728e-29  1.45093e-24 -2.41527e-30  2.87084e-24  1.82987e-31  5.18394e-25    1.392e-31  1.63319e-26 -9.69215e-32  -8.9781e-27  3.35284e-32 -1.73097e-27 -6.60184e-33 -1.23359e-28  6.40287e-34  2.49436e-30  2.58589e-35  1.19699e-30 -2.18722e-35  9.49821e-32  3.38413e-36  2.96325e-33 -1.09668e-37 -5.95874e-36  -1.0359e-38 -1.90422e-36  2.34178e-40
-4.35283e-41  1.22712e-24  -1.9996e-39 -6.32081e-23  1.06685e-37  1.72457e-21 -1.92041e-36 -3.13538e-20  1.98503e-35  4.19723e-19 -1.27847e-34 -4.37453e-18  3.68247e-34  3.67712e-17  2.67409e-33 -2.55307e-16  -5.0048e-32  1.48907e-15  4.51968e-31 -7.38463e-15 -2.99423e-30  3.14104e-14  1.59581e-29 -1.15285e-13  -7.0943e-29  3.66512e-13  2.67686e-28 -1.01116e-12 -8.64425e-28  2.42053e-12  2.39355e-27 -5.01636e-12  -5.6558e-27   8.9568e-12  1.12317e-26 -1.36644e-11 -1.80319e-26  1.75702e-11  2.07981e-26 -1.86103e-11 -7.62656e-27  1.55641e-11  -4.0112e-26  -9.3359e-12  1.43338e-25  2.78649e-12 -3.17078e-25  1.21366e-12  5.62696e-25 -1.89258e-12 -8.64166e-25  7.56542e-13  1.18684e-24  2.29202e-13 -1.47506e-24 -3.43269e-13  1.65311e-24  5.73271e-14 -1.64412e-24   8.1961e-14  1.41223e-24  -3.4918e-14 -1.00272e-24 -1.51622e-14  5.37546e-25  1.04068e-14 -1.54095e-25  2.75665e-15 -6.90304e-26  -2.3393e-15  1.39302e-25  -5.9188e-16 -1.17708e-25  4.16767e-16  6.73111e-26   1.3895e-16 -2.52321e-26 -5.33793e-17  2.89862e-27 -2.83726e-17  3.23812e-27  3.04023e-18 -1.92709e-27  4.17933e-18  8.22044e-29  4.38586e-19  1.37383e-28 -3.55841e-19  3.73113e-28  -1.1736e-19  -6.2209e-28  5.03664e-21  5.19423e-28  1.01012e-20 -3.18183e-28  1.90739e-21  1.57329e-28 -1.76512e-22 -6.11335e-29 -1.36344e-22  1.73596e-29 -2.10315e-23   -3.283e-30  8.18395e-25  2.05679e-31   8.1427e-25  2.06077e-31  1.26703e-25 -1.36338e-31  4.47204e-27  4.41678e-32   -1.369e-27  -7.7089e-33 -2.41939e-28  5.65064e-34 -1.63795e-29  5.26078e-35  -1.2391e-31 -2.20667e-35  5.58363e-32   2.7698e-36  3.61324e-33 -6.49122e-38  8.01483e-35 -5.88168e-39  3.13777e-37
-2.81353e-25 -1.94841e-40  2.56276e-23 -5.01156e-38 -9.22455e-22  1.44994e-36  2.02979e-20  -2.0182e-35 -3.15491e-19  1.77391e-34  3.72671e-18 -1.01688e-33 -3.49559e-17  2.67409e-33  2.67977e-16  1.79818e-32 -1.71297e-15 -3.14008e-31   9.2615e-15  2.65605e-30 -4.27929e-14 -1.65125e-29  1.70216e-13  8.26486e-29  -5.8575e-13 -3.44999e-28  1.74886e-12  1.22085e-27 -4.53454e-12 -3.68748e-27  1.01998e-11  9.50271e-27 -1.98376e-11 -2.07079e-26  3.31531e-11  3.72449e-26 -4.71208e-11 -5.18364e-26  5.60006e-11  4.35847e-26 -5.40381e-11   2.4348e-26  3.99452e-11 -1.96042e-25 -1.93848e-11  5.02336e-25  1.96941e-12 -9.40533e-25  5.71322e-12  1.47218e-24 -4.60974e-12  -2.0413e-24  7.33429e-13  2.58864e-24  1.15247e-12 -3.03617e-24 -7.09205e-13  3.26062e-24 -1.02794e-13 -3.11726e-24  2.29646e-13  2.54027e-24 -2.05863e-14 -1.64424e-24  -5.5444e-14  7.06076e-25  1.05677e-14 -8.18714e-27  1.20083e-14 -3.26411e-25 -2.38072e-15  3.64146e-25 -2.46098e-15 -2.57829e-25  2.88694e-16  1.32007e-25   4.5289e-16 -4.37415e-26  8.47702e-18  1.75581e-27 -6.57756e-17  7.43634e-27 -1.20082e-17 -3.22889e-27  5.98862e-18 -6.12144e-28  2.53238e-18  6.60302e-28 -8.84771e-20  6.11224e-28 -2.52035e-19 -1.14645e-27  -4.8229e-20  9.29616e-28  7.62936e-21 -5.41832e-28  4.79069e-21  2.52635e-28  6.28227e-22 -9.15964e-29 -9.57135e-23  2.40132e-29  -4.5766e-23 -4.22288e-30 -5.80716e-24  2.51448e-31  2.18322e-25   2.7294e-31   1.7372e-25 -1.77747e-31  2.39668e-26  5.41262e-32  9.93489e-28 -8.33681e-33 -1.29555e-28   4.2386e-34 -2.18667e-29  7.31668e-35 -1.31951e-30 -1.94517e-35 -2.47191e-32  1.94975e-36   9.1603e-34 -3.19411e-38  3.99411e-35 -2.23286e-39
 5.24654e-40 -7.99813e-24  1.06958e-38  4.15863e-22 -8.30061e-37 -1.14583e-20   1.6429e-35  2.10468e-19   -1.867e-34 -2.84788e-18  1.43211e-33  3.00173e-17 -7.41957e-33 -2.55307e-16  1.79818e-32  1.79467e-15  1.12612e-31  -1.0604e-14 -1.84107e-30  5.33103e-14  1.46164e-29  -2.3004e-13  -8.5384e-29  8.57244e-13  4.01638e-28 -2.76961e-12 -1.57442e-27  7.77316e-12  5.22128e-27 -1.89523e-11 -1.47192e-26  4.00624e-11  3.51348e-26 -7.30918e-11 -6.98774e-26  1.14201e-10  1.10989e-25 -1.50869e-10 -1.23373e-25  1.64981e-10  3.27224e-26 -1.43698e-10   2.6335e-25  9.16663e-11 -8.47113e-25 -3.22303e-11  1.71405e-24 -7.74281e-12 -2.74484e-24   1.7725e-11  3.76434e-24 -8.65639e-12 -4.65246e-24 -1.26587e-12  5.38625e-24  3.39881e-12 -5.93505e-24 -9.18596e-13  6.11367e-24 -7.13509e-13 -5.61647e-24   4.3378e-13  4.29486e-24  1.07986e-13  -2.4222e-24 -1.23024e-13  6.17726e-25 -1.54652e-14  5.58931e-25  2.79136e-14 -9.59133e-25  3.37173e-15  8.27327e-25 -5.29775e-15 -5.12626e-25 -1.01417e-15  2.36662e-25  7.86339e-16 -6.75162e-26  2.61413e-16 -4.83476e-27 -7.27027e-17  1.57862e-26 -4.69808e-17 -4.72629e-27 -1.38256e-19 -2.67015e-27  5.09095e-18  1.89774e-27   1.0889e-18  9.71813e-28 -2.11102e-19 -2.00841e-27 -1.32272e-19  1.56069e-27 -1.49341e-20 -8.59475e-28  4.70305e-21  3.76942e-28  1.81405e-21 -1.27596e-28  1.73868e-22  3.10544e-29 -3.37368e-23 -5.22382e-30 -1.21235e-23  3.58994e-31  -1.3339e-24  3.25903e-31  2.97514e-26 -2.15578e-31  2.66802e-26  6.17873e-32  3.30042e-27 -8.36816e-33  1.49881e-28  2.52825e-34 -5.95333e-30   8.2313e-35 -1.09731e-30 -1.49481e-35 -5.22568e-32  1.16069e-36 -8.54317e-34 -1.27946e-38  4.59151e-37
 1.66736e-24  5.06222e-39 -1.53311e-22  3.12526e-37  5.57293e-21 -1.06664e-35 -1.23895e-19   1.6052e-34  1.94654e-18 -1.54597e-33 -2.32536e-17  1.05593e-32  2.20701e-16  -5.0048e-32 -1.71297e-15  1.12612e-31  1.10926e-14   6.5964e-31 -6.07972e-14 -1.01226e-29  2.84975e-13   7.5553e-29 -1.15083e-12 -4.15167e-28   4.0242e-12  1.83658e-27  -1.2221e-11 -6.76192e-27  3.22676e-11  2.10015e-26 -7.40091e-11  -5.5137e-26  1.47008e-10  1.21239e-25 -2.51427e-10 -2.17029e-25  3.66697e-10  2.91791e-25 -4.48926e-10 -2.05394e-25  4.49052e-10 -2.77669e-25  -3.4841e-10  1.40321e-24  1.84149e-10 -3.24571e-24 -3.29014e-11  5.54365e-24 -4.36278e-11 -7.74479e-24  4.28074e-11  9.33512e-24 -1.06229e-11 -1.02155e-23 -8.89501e-12  1.07086e-23   7.2542e-12 -1.10693e-23   1.2723e-13  1.09766e-23 -2.14272e-12 -9.67684e-24  4.43799e-13  6.80217e-24  4.85536e-13 -3.01769e-24 -1.63581e-13 -3.00036e-25 -1.02295e-13  2.09647e-24  3.75999e-14 -2.32615e-24  2.16524e-14  1.69591e-24 -5.93781e-15  -9.3627e-25 -4.36127e-15   3.8978e-25  4.66188e-16 -9.12667e-26  7.26741e-16 -2.31843e-26  5.31333e-17  3.05591e-26 -8.29759e-17  -5.2554e-27 -2.23292e-17 -7.72038e-27  4.09087e-18   4.4673e-27  2.98478e-18  1.50665e-27  3.13831e-19 -3.33919e-27 -1.52801e-19  2.45723e-27  -5.4799e-20 -1.27027e-27 -3.38716e-21  5.22911e-28  1.97186e-21 -1.65538e-28  5.56514e-22  3.77735e-29  4.19654e-23 -6.32654e-30  -8.3544e-24  5.69057e-31 -2.48168e-24  3.52524e-31 -2.45606e-25 -2.43834e-31   3.3421e-28  6.56997e-32  2.73622e-27 -7.80755e-33  3.01636e-28  9.50281e-35  1.33189e-29  7.87181e-35 -1.29709e-32 -9.94037e-36  -2.2639e-32  5.67173e-37  -6.1742e-34 -3.84057e-39
-5.03634e-39  4.36515e-23 -2.30358e-38 -2.29216e-21  5.17525e-36  6.38105e-20 -1.13683e-34 -1.18479e-18  1.38353e-33  1.62134e-17 -1.16078e-32 -1.72923e-16  7.17272e-32  1.48907e-15 -3.14008e-31  -1.0604e-14   6.5964e-31   6.3515e-14  3.62576e-30 -3.23921e-13 -5.23274e-29  1.41902e-12  3.67667e-28 -5.37298e-12 -1.90233e-27  1.76549e-11  7.91939e-27 -5.04489e-11 -2.73915e-26   1.2539e-10   7.9625e-26 -2.70601e-10 -1.94224e-25   5.0494e-10  3.90812e-25 -8.08787e-10 -6.17314e-25  1.09887e-09  6.45961e-25 -1.24181e-09   8.8444e-27  1.12718e-09 -2.00834e-24 -7.63733e-10  5.82069e-24  3.08645e-10 -1.11736e-23   2.8058e-11   1.6779e-23  -1.3828e-10 -2.08378e-23  8.18327e-11   2.2246e-23  1.32782e-12 -2.15268e-23 -2.77723e-11  2.03592e-23  1.07646e-11  -1.9818e-23  4.81652e-12  1.90504e-23  -4.3405e-12 -1.60497e-23 -4.36803e-13  9.97784e-24  1.17574e-12 -2.53018e-24 -2.77675e-15 -3.27927e-24 -2.67414e-13  5.62173e-24  1.33571e-15 -4.99898e-24   5.3423e-14  3.18781e-24  3.48844e-15 -1.57881e-24 -8.87741e-15  5.89487e-25 -1.68804e-15 -1.02176e-25  1.05205e-15 -6.33828e-26  4.07229e-16  5.39642e-26 -5.32836e-17 -1.93137e-27  -5.6177e-17 -1.85353e-26 -6.47642e-18   9.2357e-27  3.66133e-18  2.30112e-27  1.33596e-18 -5.26486e-27   3.9808e-20  3.62716e-27 -7.41585e-20 -1.74851e-27 -1.84717e-20  6.74162e-28 -5.32268e-22 -2.00216e-28  6.13455e-22  4.35331e-29   1.3798e-22 -7.61326e-30  9.01909e-24  9.03115e-31 -1.43593e-24  3.46547e-31 -3.76574e-25 -2.57505e-31 -3.38944e-26  6.49827e-32 -5.58056e-28 -6.77548e-33  1.64409e-28 -1.65345e-35  1.58082e-29  6.51097e-35  5.71436e-31 -5.63788e-36  5.18063e-33  2.14762e-37 -7.36287e-35
-8.32533e-24 -6.05394e-38  7.73114e-22 -1.44686e-36 -2.83952e-20  6.41826e-35  6.38135e-19 -1.04297e-33 -1.01398e-17   1.0695e-32  1.22574e-16 -7.98407e-32 -1.17786e-15  4.51968e-31   9.2615e-15 -1.84107e-30 -6.07972e-14  3.62576e-30   3.3803e-13  1.87447e-29 -1.60851e-12 -2.54806e-28  6.59982e-12   1.6873e-27 -2.34694e-11 -8.22776e-27  7.25568e-11  3.22545e-26 -1.95252e-10 -1.04829e-25  4.57057e-10  2.85035e-25 -9.28108e-10 -6.44265e-25  1.62608e-09  1.17643e-24 -2.43608e-09 -1.59001e-24  3.07533e-09  1.03513e-24 -3.19162e-09  1.97828e-24  2.59957e-09 -9.06986e-24  -1.4893e-09  2.07341e-23   3.7269e-10 -3.49848e-23  2.68238e-10  4.73165e-23  -3.3472e-10  -5.2982e-23   1.1396e-10  5.05107e-23  5.37124e-11 -4.33201e-23  -6.1549e-11  3.70505e-23   6.2503e-12  -3.4359e-23  1.63757e-11  3.23392e-23 -5.65151e-12 -2.57768e-23 -3.36388e-12  1.31532e-23   1.8389e-12  1.12793e-24  6.63938e-13 -1.07046e-23 -4.28948e-13   1.2842e-23 -1.44332e-13 -9.78587e-24  7.65157e-14  5.53622e-24  3.25466e-14  -2.4614e-24 -9.23186e-15  8.14119e-25 -6.32715e-15 -7.62616e-26  3.08342e-16 -1.40038e-25  8.81435e-16  8.70416e-26  1.33996e-16  1.08735e-26 -6.72328e-17 -3.92346e-26 -2.74061e-17  1.72132e-26 -2.47101e-19  3.49822e-27  2.04418e-18 -7.86907e-27  4.76284e-19  5.01791e-27 -1.38696e-20 -2.23863e-27 -2.71431e-20  8.06258e-28 -5.14527e-21 -2.25795e-28 -5.76792e-23  4.79485e-29   1.4357e-22 -9.15593e-30  2.71024e-23  1.34334e-30  1.66979e-24  3.10315e-31 -1.59119e-25 -2.53872e-31 -3.95754e-26  5.96248e-32 -3.17465e-27 -5.46683e-33 -8.23103e-29 -7.01801e-35  4.40845e-30   4.6658e-35  3.60637e-31 -2.65519e-36  7.30335e-33  5.45719e-38
 3.98987e-38 -2.01864e-22 -2.40162e-37  1.07106e-20 -2.58477e-35 -3.01421e-19  6.51754e-34  5.66043e-18 -8.43694e-33 -7.83859e-17  7.50938e-32  8.46471e-16 -5.07158e-31 -7.38463e-15  2.65605e-30  5.33103e-14 -1.01226e-29 -3.23921e-13  1.87447e-29  1.67704e-12  9.13068e-29 -7.46422e-12 -1.17049e-27    2.874e-11   7.3122e-27 -9.61263e-11 -3.36334e-26  2.79909e-10  1.24242e-25  -7.0987e-10 -3.79511e-25   1.5655e-09  9.64547e-25 -2.99077e-09 -2.01401e-24  4.91617e-09  3.30063e-24 -6.87679e-09 -3.61912e-24  8.03904e-09  1.93964e-25 -7.60956e-09  1.10523e-23   5.4712e-09  -3.3446e-23 -2.49769e-09  6.59641e-23  7.58493e-11 -1.00583e-22  9.03569e-10  1.24265e-22 -6.50331e-10 -1.26641e-22  6.45697e-11  1.08522e-22  1.87857e-10  -8.2838e-23 -9.99793e-11  6.47036e-23 -2.32282e-11 -5.84055e-23  3.56936e-11  5.43867e-23 -1.19866e-12 -4.02097e-23 -9.18181e-12  1.42914e-23  1.24634e-12  1.22421e-23  2.07152e-12 -2.67685e-23 -2.96294e-13  2.63377e-23 -4.32153e-13 -1.76735e-23   2.9025e-14  8.91261e-24  7.93204e-14 -3.54387e-24  5.00589e-15  1.01281e-24 -1.12388e-14  2.54286e-26 -2.58225e-15 -2.72441e-25  9.40927e-16  1.27903e-25  4.83823e-16  4.24334e-26   4.5173e-18  -7.5095e-26 -4.38694e-17  2.92893e-26 -1.01685e-17  5.31829e-27  9.04507e-19 -1.11484e-26  8.51997e-19  6.50287e-27  1.38865e-19 -2.65906e-27 -1.03856e-20  8.90827e-28 -7.73948e-21 -2.37199e-28 -1.18741e-21  5.09473e-29 -8.62426e-24 -1.09396e-29  2.47657e-23  1.82601e-30  4.04948e-24  2.53535e-31  2.42803e-25 -2.33333e-31 -9.30616e-27  5.05489e-32 -2.58179e-27 -4.09299e-33    -1.74e-28 -7.57293e-35 -4.43507e-30  2.86484e-35   1.7461e-32 -9.83887e-37  1.52855e-33
 3.53741e-23  5.22529e-37 -3.31937e-21  4.08397e-36  1.23251e-19 -3.18391e-34 -2.80159e-18  5.66406e-33  4.50504e-17 -6.12111e-32 -5.51415e-16  4.83682e-31   5.3684e-15 -2.99423e-30 -4.27929e-14  1.46164e-29  2.84975e-13 -5.23274e-29 -1.60851e-12  9.13068e-29   7.7764e-12  4.19619e-28  -3.2445e-11 -5.07826e-27  1.17433e-10  2.99576e-26 -3.69918e-10 -1.30085e-25  1.01552e-09  4.53089e-25 -2.42854e-09 -1.30105e-24  5.04654e-09  3.08826e-24 -9.06718e-09 -5.93449e-24  1.39685e-08   8.5953e-24 -1.82034e-08 -6.85546e-24  1.96191e-08   -7.394e-24 -1.67793e-08  4.40756e-23    1.038e-08 -1.08249e-22 -3.30104e-09  1.91268e-22 -1.27576e-09 -2.67471e-22  2.22205e-09  3.04285e-22 -9.79314e-10 -2.83771e-22 -2.32972e-10  2.19462e-22  4.37597e-10 -1.49916e-22 -9.72236e-11  1.09092e-22 -1.01848e-10 -9.88873e-23  5.37814e-11  9.15773e-23  1.75246e-11 -6.07452e-23 -1.62611e-11  8.49627e-24 -2.89422e-12    3.878e-23  3.82861e-12 -5.81583e-23  6.37946e-13  4.95666e-23 -7.39184e-13 -2.96344e-23 -1.75636e-13  1.33141e-23  1.08873e-13 -4.69552e-24  4.25621e-14  1.09843e-24 -9.29644e-15  2.60685e-25 -7.34554e-15 -4.83658e-25 -2.77095e-16  1.69468e-25  7.54523e-16  1.05893e-25  1.89556e-16 -1.31719e-25 -2.49787e-17   4.5823e-26 -2.05348e-17  8.05569e-27 -2.91451e-18 -1.49747e-26  5.83597e-19   7.8895e-27  2.79867e-19 -2.91692e-27  3.38939e-20  9.02239e-28 -3.48486e-21  -2.3148e-28 -1.71918e-21  5.26705e-29 -2.23585e-22  -1.2801e-29   -2.964e-24   2.2556e-30  2.99352e-24  1.89097e-31  4.30576e-25 -1.99424e-31  2.44268e-26  3.93832e-32 -6.80999e-29 -2.83054e-33 -8.61609e-29 -5.50058e-35 -4.26673e-30  1.46562e-35 -6.52721e-32  -2.4945e-37
-2.67141e-37  7.97613e-22  3.62214e-36 -4.27862e-20   9.9807e-35  1.21796e-18  -3.1279e-33 -2.31477e-17  4.32696e-32  3.24589e-16  -4.0342e-31 -3.55139e-15  2.88042e-30  3.14104e-14 -1.65125e-29  -2.3004e-13   7.5553e-29  1.41902e-12 -2.54806e-28 -7.46422e-12  4.19619e-28  3.37816e-11  1.82146e-27 -1.32385e-10 -2.08305e-26  4.51124e-10  1.16146e-25 -1.33991e-09 -4.76512e-25  3.47072e-09  1.56584e-24 -7.82994e-09 -4.22729e-24  1.53313e-08  9.36162e-24 -2.58915e-08 -1.64772e-23  3.73295e-08  2.06158e-23 -4.51906e-08 -8.72631e-24  4.46431e-08 -4.05859e-23 -3.40361e-08  1.48454e-22  1.73322e-08 -3.17131e-22 -2.31709e-09  5.11596e-22 -4.92932e-09 -6.61447e-22  4.39466e-09  6.95824e-22 -9.16267e-10 -5.95153e-22 -1.04248e-09  4.16046e-22  7.62662e-10 -2.56203e-22  5.07336e-11  1.79674e-22 -2.43413e-10 -1.69421e-22  4.13488e-11  1.55029e-22  5.84589e-11  -8.7772e-23 -1.72485e-11 -1.45078e-23 -1.28393e-11  9.42175e-23  4.13682e-12 -1.14459e-22  2.77871e-12  8.65033e-23 -6.52163e-13 -4.62839e-23 -5.63813e-13  1.84506e-23  4.29756e-14 -5.68505e-24  9.36194e-14   9.4315e-25  9.37242e-15  7.09885e-25 -1.04309e-14 -7.97787e-25  -3.1744e-15  1.97234e-25  4.41722e-16   2.1711e-25   3.9893e-16 -2.13465e-25  5.18997e-17  6.61943e-26 -1.81068e-17  1.20353e-26 -7.49691e-18 -1.90853e-26 -6.46219e-19   8.9545e-27  2.24097e-19 -2.93122e-27  7.37471e-20  8.25031e-28   7.0704e-21 -2.08704e-28 -7.47494e-22  5.32713e-29 -2.90827e-22 -1.44253e-29 -3.30142e-23   2.5358e-30 -7.65251e-25  1.28327e-31  2.31121e-25  -1.5796e-31  2.93481e-26  2.80004e-32  1.44653e-27 -1.79217e-33  1.71312e-29 -2.92908e-35 -9.50876e-31  5.88408e-36 -2.05658e-32
-1.28787e-22 -3.61024e-36  1.22187e-20   3.8991e-36 -4.58943e-19  1.29021e-33  1.05584e-17 -2.59945e-32 -1.71932e-16  2.95913e-31  2.13233e-15 -2.43933e-30 -2.10477e-14  1.59581e-29  1.70216e-13  -8.5384e-29 -1.15083e-12  3.67667e-28  6.59982e-12 -1.17049e-27  -3.2445e-11  1.82146e-27  1.37774e-10  7.47533e-27 -5.08032e-10 -8.08626e-26  1.63218e-09  4.26533e-25 -4.57572e-09 -1.65467e-24  1.11908e-08   5.1326e-24 -2.38236e-08 -1.30276e-23  4.39458e-08  2.68807e-23 -6.97003e-08  -4.3067e-23   9.3873e-08   4.4889e-23 -1.05175e-07   4.1612e-24  9.44882e-08 -1.55139e-22 -6.29253e-08  4.45731e-22  2.41204e-08 -8.54848e-22  4.02958e-09  1.27222e-21 -1.25645e-08  -1.5274e-21  6.98462e-09  1.48809e-21  4.51004e-10 -1.16695e-21 -2.61537e-09  7.36856e-22  9.29464e-10 -4.13866e-22  5.00102e-10  2.94457e-22 -4.09274e-10 -2.96572e-22 -5.56433e-11  2.62611e-22  1.16656e-10 -1.17985e-22  2.68729e-12 -7.40654e-23 -2.75157e-11  1.99189e-22  -4.7016e-13 -2.07764e-22  5.64034e-12  1.40759e-22  4.86668e-13 -6.74494e-23 -9.51548e-13  2.36957e-23 -2.02888e-13 -6.20164e-24  1.12284e-13  3.74012e-25  4.74843e-14  1.47835e-24 -5.03555e-15 -1.23447e-24 -6.42115e-15  1.88092e-25  -8.6397e-16  3.91577e-25  3.94044e-16 -3.21387e-25  1.58939e-16  8.85085e-26  8.12617e-18  1.75267e-26  -8.0056e-18 -2.31154e-26 -2.21009e-18  9.50026e-27 -1.11994e-19  -2.6577e-27  6.13292e-20  6.59668e-28  1.55408e-20 -1.72086e-28  1.26522e-21  5.27323e-29 -1.04343e-22 -1.54214e-29 -3.57756e-23  2.60391e-30  -3.5668e-24  7.80698e-32 -1.10236e-25 -1.15502e-31  9.52498e-27  1.79975e-32  1.07528e-27 -1.02277e-33  3.85694e-29 -1.09308e-35  3.97865e-31  1.59264e-36
  1.5375e-36 -2.70794e-21 -2.94907e-35  1.46954e-19 -2.57055e-34  -4.2342e-18  1.25537e-32  8.14972e-17 -1.88715e-31 -1.15802e-15   1.8359e-30  1.28469e-14 -1.36383e-29 -1.15285e-13  8.26486e-29  8.57244e-13 -4.15167e-28 -5.37298e-12   1.6873e-27    2.874e-11 -5.07826e-27 -1.32385e-10  7.47533e-27  5.28531e-10  2.90342e-26 -1.83681e-09 -2.97354e-25  5.57058e-09  1.48513e-24 -1.47537e-08 -5.45176e-24  3.40874e-08  1.59706e-23 -6.84875e-08 -3.81084e-23  1.18973e-07  7.31361e-23 -1.77015e-07 -1.05786e-22  2.22169e-07  8.61434e-23 -2.29251e-07  7.89416e-23  1.85251e-07 -4.99022e-22 -1.04244e-07  1.22277e-21  2.34785e-08 -2.14121e-21  2.20569e-08  2.95728e-21 -2.54236e-08 -3.30339e-21  8.08955e-09   2.9792e-21   4.5927e-09 -2.13626e-21 -4.86344e-09  1.21537e-21  3.83149e-10 -6.36026e-22  1.37451e-09  4.90953e-22 -4.48787e-10 -5.29476e-22 -2.96659e-10  4.39674e-22  1.55068e-10 -1.39048e-22  6.08275e-11 -2.03028e-22 -3.76132e-11  3.81926e-22 -1.35506e-11   -3.509e-22  6.89891e-12  2.14193e-22  3.10925e-12 -9.18331e-23 -8.41123e-13  2.81773e-23  -6.1357e-13 -5.90332e-24  2.33471e-14 -8.36265e-25  8.61704e-14  2.69358e-24  1.41736e-14 -1.80016e-24 -6.45025e-15  1.11603e-25 -2.79986e-15  6.39497e-25 -6.66413e-17 -4.51321e-25  2.00377e-16  1.09664e-25  5.01278e-17  2.46373e-26 -4.11989e-19 -2.66748e-26 -2.59841e-18  9.41457e-27 -5.34231e-19 -2.10643e-27 -1.64065e-20  4.24497e-28    1.234e-20 -1.27299e-28  2.56124e-21  5.08209e-29  1.87529e-22 -1.54556e-29 -8.49436e-24  2.45224e-30 -2.96152e-24  4.05222e-32 -2.53282e-25  -7.7665e-32   -8.199e-27  1.03242e-32  1.27235e-28 -5.12315e-34  1.46028e-29 -2.27482e-36  2.05986e-31
