  0.00190991  1.26563e-19  -0.00713466  -1.3822e-18   0.00681172  1.43314e-18 -0.000520027  3.97192e-19  -0.00176634 -1.34828e-18  6.01204e-05  7.44337e-19  0.000337341 -1.56796e-19  4.28606e-05  3.47093e-20 -2.52506e-05   5.5795e-21 -5.86753e-06   -4.145e-21 -6.70502e-08
 1.26563e-19    0.0113281   1.4063e-18   -0.0220042 -5.84728e-18    0.0122984  5.18714e-18   0.00320767 -9.29434e-19  -0.00359009  -1.1088e-18 -0.000891722  4.09079e-19  0.000553014 -1.36788e-19  0.000200727   1.1994e-19 -1.44022e-05  6.04908e-21 -9.12789e-06 -4.40489e-21
 -0.00713466   1.4063e-18    0.0312227  3.74993e-18    -0.038372 -9.75232e-18    0.0106905   7.1337e-18   0.00977615 -1.07645e-18  -0.00355658  -4.5255e-19  -0.00242392 -5.27358e-19  0.000351399 -1.10879e-19  0.000347536  2.00395e-19  2.71637e-05  1.02551e-20  -4.7192e-06
 -1.3822e-18   -0.0220042  3.74993e-18    0.0538449  5.01391e-18   -0.0456172 -9.66455e-18    0.0015431  5.32752e-18    0.0151286  1.20826e-18  -0.00119257  2.15326e-19  -0.00358632 -1.54181e-18 -0.000233228 -1.62789e-19  0.000353098  2.15131e-19  5.72934e-05  1.19708e-20
  0.00681172 -5.84728e-18    -0.038372  5.01391e-18    0.0668176  4.39676e-18   -0.0410261 -8.14404e-18  -0.00964714  1.34588e-18    0.0168343   4.8827e-18   0.00228819  9.06832e-19  -0.00380506 -2.16917e-18 -0.000892595 -2.84684e-19  0.000205087  1.54265e-19  4.40335e-05
 1.43314e-18    0.0122984 -9.75232e-18   -0.0456172  4.39676e-18    0.0663359  4.32036e-18   -0.0306016 -9.43858e-18   -0.0181594 -2.75842e-18    0.0153953  8.02729e-18    0.0055599  1.65148e-18  -0.00309783 -2.24261e-18  -0.00131385 -4.06481e-19  9.21899e-06  6.22488e-20
-0.000520027  5.18714e-18    0.0106905 -9.66455e-18   -0.0410261  4.32036e-18     0.058461  7.09319e-18   -0.0208097 -1.35956e-17   -0.0231183 -5.92902e-18     0.012341  9.45727e-18   0.00798476  2.46284e-18  -0.00176066 -1.85802e-18  -0.00131205 -4.14335e-19 -8.81466e-05
 3.97192e-19   0.00320767   7.1337e-18    0.0015431 -8.14404e-18   -0.0306016  7.09319e-18    0.0503242  1.18794e-17   -0.0139274 -1.74604e-17   -0.0257463 -7.99448e-18   0.00869163  9.29905e-18   0.00940257  3.35321e-18 -0.000151786 -1.16462e-18 -0.000885639 -2.44969e-19
 -0.00176634 -9.29434e-19   0.00977615  5.32752e-18  -0.00964714 -9.43858e-18   -0.0208097  1.18794e-17    0.0448455  1.59817e-17  -0.00937916 -1.88808e-17   -0.0272791 -9.54873e-18   0.00477939  8.28079e-18    0.0097297  4.10216e-18   0.00128357 -3.56598e-19 -0.000296488
-1.34828e-18  -0.00359009 -1.07645e-18    0.0151286  1.34588e-18   -0.0181594 -1.35956e-17   -0.0139274  1.59817e-17    0.0418714  1.78944e-17  -0.00607833 -1.83841e-17   -0.0283775 -1.15574e-17  0.000564366  6.58883e-18   0.00874986  4.08465e-18   0.00194914  1.49355e-19
 6.01204e-05  -1.1088e-18  -0.00355658  1.20826e-18    0.0168343 -2.75842e-18   -0.0231183 -1.74604e-17  -0.00937916  1.78944e-17    0.0406016  1.84751e-17   -0.0032709 -1.77007e-17   -0.0292734 -1.46619e-17  -0.00408323  3.54453e-18    0.0062147  2.70299e-18   0.00141576
 7.44337e-19 -0.000891722  -4.5255e-19  -0.00119257   4.8827e-18    0.0153953 -5.92902e-18   -0.0257463 -1.88808e-17  -0.00607833  1.84751e-17    0.0405664  1.97221e-17 -0.000446804 -1.76329e-17   -0.0298645  -1.8677e-17  -0.00897918  -1.2255e-18   0.00252696  5.64241e-19
 0.000337341  4.09079e-19  -0.00242392  2.15326e-19   0.00228819  8.02729e-18     0.012341 -7.99448e-18   -0.0272791 -1.83841e-17   -0.0032709  1.97221e-17    0.0416704  2.31391e-17    0.0029471 -1.72164e-17   -0.0294329 -2.22184e-17   -0.0127757 -5.80344e-18 -0.000396368
-1.56796e-19  0.000553014 -5.27358e-19  -0.00358632  9.06832e-19    0.0055599  9.45727e-18   0.00869163 -9.54873e-18   -0.0283775 -1.77007e-17 -0.000446804  2.31391e-17    0.0441532  2.92268e-17   0.00793475 -1.42523e-17   -0.0259778   -2.252e-17   -0.0125804 -6.17947e-18
 4.28606e-05 -1.36788e-19  0.000351399 -1.54181e-18  -0.00380506  1.65148e-18   0.00798476  9.29905e-18   0.00477939 -1.15574e-17   -0.0292734 -1.76329e-17    0.0029471  2.92268e-17    0.0488142  3.78155e-17    0.0165157 -6.66241e-18   -0.0166707 -1.68606e-17  -0.00696102
 3.47093e-20  0.000200727 -1.10879e-19 -0.000233228 -2.16917e-18  -0.00309783  2.46284e-18   0.00940257  8.28079e-18  0.000564366 -1.46619e-17   -0.0298645 -1.72164e-17   0.00793475  3.78155e-17    0.0573338  4.83703e-17     0.030507  5.10371e-18  -0.00252601 -6.90481e-18
-2.52506e-05   1.1994e-19  0.000347536 -1.62789e-19 -0.000892595 -2.24261e-18  -0.00176066  3.35321e-18    0.0097297  6.58883e-18  -0.00408323  -1.8677e-17   -0.0294329 -1.42523e-17    0.0165157  4.83703e-17    0.0707971  5.87196e-17     0.045838  1.50356e-17   0.00673924
  5.5795e-21 -1.44022e-05  2.00395e-19  0.000353098 -2.84684e-19  -0.00131385 -1.85802e-18 -0.000151786  4.10216e-18   0.00874986  3.54453e-18  -0.00897918 -2.22184e-17   -0.0259778 -6.66241e-18     0.030507  5.87196e-17    0.0836366  6.15368e-17    0.0484401  1.40116e-17
-5.86753e-06  6.04908e-21  2.71637e-05  2.15131e-19  0.000205087 -4.06481e-19  -0.00131205 -1.16462e-18   0.00128357  4.08465e-18    0.0062147  -1.2255e-18   -0.0127757   -2.252e-17   -0.0166707  5.10371e-18     0.045838  6.15368e-17    0.0799654  4.72685e-17     0.028999
  -4.145e-21 -9.12789e-06  1.02551e-20  5.72934e-05  1.54265e-19  9.21899e-06 -4.14335e-19 -0.000885639 -3.56598e-19   0.00194914  2.70299e-18   0.00252696 -5.80344e-18   -0.0125804 -1.68606e-17  -0.00252601  1.50356e-17    0.0484401  4.72685e-17    0.0504669  2.03959e-17
-6.70502e-08 -4.40489e-21  -4.7192e-06  1.19708e-20  4.40335e-05  6.22488e-20 -8.81466e-05 -2.44969e-19 -0.000296488  1.49355e-19   0.00141576  5.64241e-19 -0.000396368 -6.17947e-18  -0.00696102 -6.90481e-18   0.00673924  1.40116e-17     0.028999  2.03959e-17    0.0150331
