 1.61549e-07  1.02763e-21 -2.48427e-06 -1.98735e-20  1.37368e-05  1.09293e-19 -4.10334e-05 -3.08421e-19  7.30085e-05   5.2705e-19 -7.61905e-05  -5.8329e-19  3.82674e-05  4.19406e-19  2.68269e-06 -1.82845e-19  -1.1599e-05  3.97454e-20   3.0588e-06 -1.92666e-21  2.48881e-07
 1.02763e-21  3.61739e-06  1.16213e-20 -3.02775e-05  -1.5553e-19  0.000120675  6.54016e-19 -0.000277917 -1.46864e-18  0.000384172  2.04913e-18 -0.000294611 -1.87484e-18  7.39115e-05   1.1041e-18  5.52593e-05 -3.78719e-19  -3.9002e-05  5.95014e-20  3.19065e-06 -1.46572e-21
-2.48427e-06  1.16213e-20  3.82964e-05  7.57854e-20 -0.000212614 -7.38524e-19  0.000639174  2.40072e-18  -0.00114887  -4.3228e-18   0.00121933  4.96621e-18 -0.000633137 -3.77613e-18 -3.41563e-05   1.8153e-18  0.000202453 -4.87802e-19  -6.4685e-05  5.70267e-20 -1.51086e-06
-1.98735e-20 -3.02775e-05  7.57854e-20  0.000254464  3.31797e-19    -0.001021 -2.40388e-18    0.0023767  6.09031e-18  -0.00334356 -8.87019e-18   0.00264702  8.46342e-18  -0.00073419  -5.3441e-18 -0.000487537  2.06813e-18  0.000405081 -4.34691e-19 -5.81595e-05  3.59913e-20
 1.37368e-05  -1.5553e-19 -0.000212614  3.31797e-19   0.00118841  1.02487e-18   -0.0036121  -5.5786e-18   0.00660918   1.1086e-17  -0.00723207 -1.31925e-17   0.00400997  1.05188e-17  1.50294e-05 -5.43262e-18  -0.00128804  1.65169e-18  0.000529045 -2.79173e-19 -2.53114e-05
 1.09293e-19  0.000120675 -7.38524e-19    -0.001021  1.02487e-18   0.00414215  2.27732e-18   -0.0098163 -9.33265e-18    0.0142251  1.46196e-17   -0.0118968 -1.44035e-17   0.00393143  9.53883e-18   0.00190741 -3.83769e-18  -0.00209516  9.20296e-19  0.000485107 -1.35945e-19
-4.10334e-05  6.54016e-19  0.000639174 -2.40388e-18   -0.0036121  2.27732e-18    0.0111773  3.64168e-18   -0.0210558  -1.1139e-17    0.0242187  1.38924e-17   -0.0149302 -1.15324e-17   0.00134506  5.98867e-18   0.00440838 -1.65889e-18  -0.00248435  4.31818e-19  0.000314912
-3.08421e-19 -0.000277917  2.40072e-18    0.0023767  -5.5786e-18   -0.0098163  3.64168e-18    0.0239466  4.09335e-18   -0.0363902 -9.18996e-18    0.0331645  9.58982e-18   -0.0139653   -6.699e-18  -0.00331675  1.98361e-18   0.00645185 -3.50734e-19  -0.00228448  3.22457e-19
 7.30085e-05 -1.46864e-18  -0.00114887  6.09031e-18   0.00660918 -9.33265e-18   -0.0210558  4.09335e-18    0.0415649  3.05084e-18   -0.0516851 -5.29764e-18    0.0371742  5.70083e-18  -0.00880734 -2.56601e-18  -0.00822856 -5.76534e-19   0.00719352 -3.65743e-19   -0.0015206
  5.2705e-19  0.000384172  -4.3228e-18  -0.00334356   1.1086e-17    0.0142251  -1.1139e-17   -0.0363902  3.05084e-18    0.0596508  1.49627e-18   -0.0618379 -3.72714e-18    0.0350218  4.42577e-18  -0.00180983  6.19718e-19   -0.0114043  -1.2037e-18   0.00624513 -9.38194e-19
-7.61905e-05  2.04913e-18   0.00121933 -8.87019e-18  -0.00723207  1.46196e-17    0.0242187 -9.18996e-18   -0.0516851  1.49627e-18    0.0726416  1.30135e-18   -0.0646608 -5.61207e-18     0.029181  2.33977e-18   0.00375286  4.44688e-18   -0.0114697 -5.73521e-19   0.00364145
 -5.8329e-19 -0.000294611  4.96621e-18   0.00264702 -1.31925e-17   -0.0118968  1.38924e-17    0.0331645 -5.29764e-18   -0.0618379  1.30135e-18    0.0779601  2.75446e-18   -0.0624953  -5.4354e-18    0.0239705  -6.2064e-18    0.0051535  8.39552e-18  -0.00793661  1.34376e-18
 3.82674e-05 -1.87484e-18 -0.000633137  8.46342e-18   0.00400997 -1.44035e-17   -0.0149302  9.58982e-18    0.0371742 -3.72714e-18   -0.0646608  2.75446e-18    0.0778577  3.07468e-18   -0.0602785  4.68456e-18     0.023403 -2.09335e-17   0.00103297  8.71084e-18  -0.00256676
 4.19406e-19  7.39115e-05 -3.77613e-18  -0.00073419  1.05188e-17   0.00393143 -1.15324e-17   -0.0139653  5.70083e-18    0.0350218 -5.61207e-18   -0.0624953  3.07468e-18    0.0774684 -1.50575e-18   -0.0628957  2.48777e-17    0.0296875 -2.97262e-17  -0.00627288 -8.07659e-20
 2.68269e-06   1.1041e-18 -3.41563e-05  -5.3441e-18  1.50294e-05  9.53883e-18   0.00134506   -6.699e-18  -0.00880734  4.42577e-18     0.029181  -5.4354e-18   -0.0602785 -1.50575e-18    0.0819815 -1.16123e-17    -0.073111   4.3009e-17    0.0397738 -2.23059e-17  -0.00927416
-1.82845e-19  5.52593e-05   1.8153e-18 -0.000487537 -5.43262e-18   0.00190741  5.98867e-18  -0.00331675 -2.56601e-18  -0.00180983  2.33977e-18    0.0239705  4.68456e-18   -0.0628957 -1.16123e-17    0.0943459 -2.04754e-17   -0.0871569  3.73868e-17    0.0426127  4.55062e-18
 -1.1599e-05 -3.78719e-19  0.000202453  2.06813e-18  -0.00128804 -3.83769e-18   0.00440838  1.98361e-18  -0.00822856  6.19718e-19   0.00375286  -6.2064e-18     0.023403  2.48777e-17    -0.073111 -2.04754e-17     0.110482 -2.26312e-17   -0.0908283  1.61957e-17    0.0283307
 3.97454e-20  -3.9002e-05 -4.87802e-19  0.000405081  1.65169e-18  -0.00209516 -1.65889e-18   0.00645185 -5.76534e-19   -0.0114043  4.44688e-18    0.0051535 -2.09335e-17    0.0296875   4.3009e-17   -0.0871569 -2.26312e-17     0.114897 -5.25235e-18   -0.0698691 -1.90656e-17
  3.0588e-06  5.95014e-20  -6.4685e-05 -4.34691e-19  0.000529045  9.20296e-19  -0.00248435 -3.50734e-19   0.00719352  -1.2037e-18   -0.0114697  8.39552e-18   0.00103297 -2.97262e-17    0.0397738  3.73868e-17   -0.0908283 -5.25234e-18    0.0914506 -4.10948e-18   -0.0318075
-1.92666e-21  3.19065e-06  5.70267e-20 -5.81595e-05 -2.79173e-19  0.000485107  4.31818e-19  -0.00228448 -3.65744e-19   0.00624513 -5.73523e-19  -0.00793661  8.71084e-18  -0.00627288 -2.23059e-17    0.0426127  1.61957e-17   -0.0698691 -4.10948e-18    0.0472668  1.83295e-17
 2.48881e-07 -1.46572e-21 -1.51086e-06  3.59913e-20 -2.53114e-05 -1.35945e-19  0.000314912  3.22457e-19   -0.0015206 -9.38194e-19   0.00364145  1.34376e-18  -0.00256676  -8.0766e-20  -0.00927416  4.55062e-18    0.0283307 -1.90656e-17   -0.0318075  1.83295e-17    0.0116818
