 9.73065e-10 -1.96608e-23 -1.54032e-08  4.81007e-22  8.74746e-08 -3.83501e-21 -2.68752e-07  1.83632e-20  4.95126e-07 -6.06631e-20 -5.43264e-07   1.4499e-19   2.9875e-07  -2.5711e-19  4.64444e-09  3.45042e-19 -8.59604e-08 -3.57948e-19  8.29987e-09  2.95275e-19  2.35013e-08 -1.99297e-19  8.13363e-10  1.07776e-19 -5.84284e-09 -3.84119e-20 -1.85918e-09  2.58573e-21  7.62172e-10  6.07116e-22  7.24402e-10  7.41481e-21   1.4145e-10 -7.32009e-21 -8.85825e-11  9.66557e-22 -7.17936e-11  2.17896e-21 -1.92515e-11 -1.15386e-21  3.17489e-12 -9.78854e-23  5.08109e-12  2.07364e-22  2.23984e-12 -4.35469e-24  4.32409e-13 -2.83834e-23 -9.39138e-14 -2.95614e-24 -1.12479e-13  5.38437e-24 -4.95816e-14  2.90089e-25 -1.32147e-14 -2.05855e-25 -1.42064e-15 -2.19606e-25  6.63599e-16 -4.32105e-27  4.87841e-16   1.8533e-26   1.8758e-16 -4.53281e-27  5.16806e-17  -1.8257e-27  1.02476e-17  2.93167e-27  1.07153e-18  1.98169e-27 -1.93202e-19 -5.83574e-29 -1.49825e-19 -3.91528e-28 -5.26361e-20 -1.48234e-28 -1.38421e-20  -1.9931e-29 -2.99078e-21  8.80552e-30 -5.44162e-22  6.45462e-30 -8.26494e-23  1.58363e-30 -9.91191e-24  8.90401e-32 -7.41489e-25 -2.42213e-32  3.33112e-26  9.42855e-33  2.62796e-26  8.61917e-33  6.30326e-27  2.15203e-33  1.10608e-27  7.06771e-35  1.60634e-28 -1.44767e-34  2.01159e-29 -7.36141e-35  2.20935e-30 -2.25849e-35  2.14272e-31 -4.89459e-36  1.83738e-32 -8.28941e-37  1.38959e-33 -1.19992e-37  9.21744e-35 -1.48531e-38  5.31727e-36 -1.50432e-39  2.63617e-37 -1.25283e-40  1.10387e-38 -8.76217e-42  3.79351e-40 -4.91921e-43  1.03781e-41 -2.04957e-44  2.19292e-43 -5.97426e-46  3.27868e-45 -1.08097e-47   2.4736e-47  -7.6883e-50
-1.96608e-23  2.28246e-08  -2.5056e-22 -2.03313e-07  4.23227e-21  8.64576e-07 -2.74716e-20 -2.14258e-06  1.14572e-19  3.24738e-06 -3.38327e-19 -2.85427e-06   7.2769e-19   1.0307e-06  -1.1588e-18  3.93336e-07   1.3866e-18 -3.83575e-07 -1.27263e-18 -8.44443e-08  9.32512e-19  1.00221e-07 -5.77363e-19  3.79547e-08   2.9497e-19  -1.6864e-08    -8.46e-20 -1.45335e-08 -2.34476e-20 -1.13561e-09   2.0206e-20  2.89825e-09  1.85092e-20  1.52422e-09 -2.33148e-20  1.00796e-10  4.20773e-21 -2.59373e-10  5.34336e-21 -1.52918e-10 -2.66895e-21 -3.32533e-11 -4.08157e-22   8.7342e-12  4.92589e-22  1.03011e-11  4.23985e-23  4.33778e-12 -7.79628e-23  8.90868e-13 -1.75935e-23 -1.07209e-13  1.50088e-23 -1.74975e-13  2.36847e-24 -8.25477e-14 -3.20215e-25 -2.46439e-14 -6.63015e-25 -4.34873e-15 -7.24526e-26  1.54659e-16  4.24815e-27  4.72826e-16 -3.03679e-26   2.2103e-16  5.99778e-28  6.98715e-17   1.6674e-26  1.69418e-17   7.8502e-27  3.11433e-18 -6.63715e-28  3.53712e-19 -1.56351e-27 -1.91101e-20 -5.52156e-28  -2.4784e-20 -7.91081e-29 -8.64304e-21  2.29299e-29 -2.17836e-21  1.87083e-29 -4.51549e-22   5.2488e-30 -8.02343e-23  7.38525e-31 -1.23949e-23   1.3069e-31 -1.66384e-24  8.22827e-32  -1.9111e-25  3.26792e-32 -1.79838e-26  5.79576e-33 -1.20912e-27 -2.61311e-34  -1.7894e-29 -5.40043e-34  1.07385e-29 -2.28292e-34  2.21113e-30 -6.36083e-35  2.91458e-31 -1.28855e-35  3.02784e-32 -2.06733e-36  2.61687e-33 -2.82369e-37  1.91441e-34 -3.26133e-38  1.18793e-35 -3.06312e-39  6.20484e-37 -2.34487e-40  2.68251e-38 -1.47731e-41  9.33029e-40 -7.29319e-43   2.5044e-41 -2.59798e-44  4.91955e-43 -6.12171e-46  6.13279e-45 -7.74183e-48  2.92718e-47
-1.54032e-08  -2.5056e-22   2.6171e-07 -1.75576e-21 -1.60572e-06  2.24318e-20  5.37997e-06 -1.23966e-19 -1.09729e-05  4.63816e-19  1.37288e-05 -1.24667e-18 -9.41059e-06  2.43772e-18  1.50587e-06 -3.50058e-18   2.2483e-06  3.72499e-18 -8.24143e-07 -2.99147e-18  -6.1408e-07  1.92761e-18   1.7422e-07 -1.12447e-18  1.95689e-07  5.83544e-19  4.95782e-09 -1.40761e-19 -4.73588e-08 -1.03637e-19 -1.87668e-08  7.61268e-20   3.1901e-09  3.23927e-20  5.60158e-09  -4.9426e-20    2.006e-09  9.12198e-21 -1.27643e-10  9.71179e-21 -4.54106e-10 -4.32266e-21 -2.19871e-10 -9.90724e-22 -4.10565e-11  8.33576e-22  1.34883e-11  1.64379e-22  1.38924e-11 -1.54047e-22  5.78053e-12 -5.19454e-23  1.30969e-12   2.8616e-23 -1.92832e-14  8.03871e-24 -1.67707e-13  3.73391e-25 -8.81463e-14 -1.23053e-24 -2.92027e-14 -3.31131e-25 -6.64172e-15 -1.63025e-25  -7.6199e-16 -1.13039e-25  1.68623e-16   2.1047e-26  1.37653e-16  5.68379e-26  5.19357e-17  2.18057e-26  1.44931e-17 -2.39643e-27  3.24768e-18 -4.22754e-27  5.86177e-19 -1.47282e-27  7.90368e-20 -2.45272e-28  5.05193e-21  2.90625e-29 -1.17431e-21  3.62633e-29 -5.69821e-22  1.23147e-29 -1.48355e-22  2.76275e-30 -3.00025e-23  7.75343e-31 -5.12259e-24  2.99043e-31 -7.61821e-25  8.41042e-32 -1.00017e-25  1.11438e-32 -1.16497e-26 -1.34998e-33 -1.20361e-27  -1.2912e-33 -1.09801e-28 -4.78241e-34 -8.76256e-30 -1.22122e-34 -6.01887e-31 -2.31186e-35 -3.45666e-32  -3.4977e-36 -1.56305e-33 -4.48216e-37  -4.6702e-35 -4.80664e-38 -3.47271e-38 -4.16302e-39  1.01687e-37 -2.90842e-40  7.35188e-39 -1.63728e-41   3.1301e-40 -7.02386e-43  8.98901e-42 -2.09048e-44  1.71575e-43 -3.78003e-46   1.7672e-45 -2.73022e-48
 4.81007e-22 -2.03313e-07 -1.75576e-21   1.9555e-06  -8.1687e-21  -9.0472e-06  8.32832e-20  2.46698e-05 -4.08579e-19 -4.19447e-05  1.41384e-18  4.31637e-05 -3.52114e-18 -2.18016e-05   6.3202e-18 -1.98114e-06 -8.21378e-18  7.12976e-06  7.73104e-18  -3.1874e-07 -5.32104e-18 -2.04509e-06   2.9477e-18 -1.46254e-07 -1.70833e-18  5.22132e-07  1.00147e-18  1.81864e-07  -2.2764e-19 -7.03496e-08  -2.5197e-19 -7.11007e-08  1.75403e-19 -1.39743e-08  4.91407e-20  9.38713e-09 -8.21288e-20  7.55672e-09  1.34729e-20  1.95643e-09  1.45466e-20 -4.24077e-10 -5.63395e-21 -5.88043e-10 -1.71984e-21 -2.50713e-10  1.19526e-21 -4.34756e-11  3.67425e-22  1.43089e-11 -2.61679e-22  1.43214e-11 -1.15149e-22  6.04834e-12   4.2352e-23  1.52816e-12  1.95303e-23  1.19216e-13  3.58951e-24 -1.04016e-13 -1.50448e-24 -6.70047e-14 -1.01978e-24 -2.47305e-14 -7.00368e-25 -6.59944e-15 -3.00671e-25 -1.24569e-15  8.53465e-26 -1.06032e-16  1.45505e-25  3.48566e-17  4.94468e-26  2.18085e-17 -5.48671e-27  7.30308e-18 -9.03447e-27  1.87201e-18 -3.23703e-27  3.96769e-19  -6.4265e-28  7.09201e-20 -1.00761e-29  1.05658e-20  5.24083e-29  1.23471e-21  2.33336e-29  8.69994e-23  7.07411e-30 -5.29711e-24  2.26831e-30 -3.40015e-24   7.3548e-31 -7.84877e-25   1.6954e-31 -1.34087e-25  1.77358e-32 -1.89973e-26 -3.29371e-33 -2.31989e-27 -2.33807e-33 -2.48084e-28 -7.80966e-34 -2.33725e-29  -1.8395e-34 -1.94106e-30 -3.25318e-35 -1.41645e-31 -4.62315e-36 -9.02321e-33 -5.53081e-37 -4.96825e-34 -5.48057e-38 -2.33033e-35 -4.35067e-39 -9.12057e-37 -2.75137e-40 -2.89968e-38 -1.36946e-41 -7.19062e-40 -5.02078e-43 -1.28775e-41 -1.20727e-44 -1.40273e-43 -1.52982e-46 -5.88617e-46
 8.74746e-08  4.23227e-21 -1.60572e-06  -8.1687e-21  1.07106e-05 -2.69352e-20 -3.93605e-05  2.27492e-19  8.92788e-05 -1.04175e-18 -0.000127448  3.45416e-18  0.000106503 -8.11741e-18 -3.46555e-05   1.3505e-17 -1.77974e-05 -1.59429e-17  1.48566e-05  1.31612e-17   4.0297e-06 -7.46595e-18 -4.14475e-06  3.36515e-18 -1.71803e-06 -2.17394e-18  7.42111e-07  1.61386e-18  6.69303e-07 -3.77709e-19  4.71145e-08 -4.64545e-19 -1.44013e-07  3.03629e-19 -7.41229e-08  7.20758e-20 -2.77822e-09 -1.13291e-19  1.44064e-08  1.47967e-20  8.04012e-09  1.81338e-20  1.52969e-09 -6.40034e-21 -6.30266e-10 -2.29601e-21 -6.14865e-10     1.64e-21 -2.42731e-10  6.52535e-22 -4.26768e-11 -4.12307e-22  1.08398e-11 -2.22248e-22  1.17997e-11   4.8041e-23  5.17741e-12  3.93647e-23  1.45192e-12  1.21335e-23  2.19012e-13 -8.62909e-25 -3.02633e-14 -2.48997e-24 -3.57586e-14 -1.87002e-24 -1.52812e-14 -6.31197e-25 -4.61525e-15  2.31426e-25 -1.07387e-15  3.08222e-25 -1.85708e-16  9.78808e-26  -1.7395e-17 -9.02581e-27  2.66885e-18 -1.62754e-26  1.90664e-18 -6.18537e-27  6.11647e-19 -1.44494e-27  1.48022e-19 -1.52068e-28  2.98202e-20  5.50303e-29  5.17192e-21  3.74006e-29  7.80809e-22  1.40945e-29  1.02366e-22  4.77682e-30  1.14554e-23  1.40438e-30  1.04414e-24  2.83625e-31  6.66975e-26  2.47336e-32  5.68837e-28 -5.72344e-33 -6.41789e-28 -3.44043e-33 -1.23243e-28 -1.05394e-33 -1.55167e-29 -2.29974e-34 -1.54299e-30 -3.79716e-35 -1.27335e-31 -5.05063e-36 -8.85039e-33 -5.61484e-37 -5.17841e-34 -5.11538e-38 -2.52365e-35 -3.69692e-39 -1.00373e-36 -2.09616e-40 -3.15795e-38 -9.10008e-42 -7.45946e-40 -2.78546e-43 -1.19286e-41 -5.13651e-45 -1.01059e-43 -3.72514e-47
-3.83501e-21  8.64576e-07  2.24318e-20  -9.0472e-06 -2.69352e-20  4.58646e-05 -6.26692e-20 -0.000138477  4.53437e-19  0.000265251 -2.10348e-18  -0.00031855  6.99874e-18  0.000210381 -1.58224e-17 -2.69643e-05  2.46562e-17  -5.6306e-05  -2.6569e-17  1.92558e-05  1.90079e-17  1.60579e-05 -8.20828e-18 -4.53094e-06  2.52546e-18  -5.3134e-06  -2.4649e-18 -5.82991e-08  2.49146e-18  1.38926e-06 -5.89361e-19  5.23814e-07  -7.2506e-19 -1.23922e-07  4.23921e-19 -1.78522e-07  1.04508e-19 -5.82308e-08 -1.31385e-19  8.57407e-09  1.24387e-20  1.63372e-08  1.81194e-20  7.21592e-09 -7.08443e-21  1.02221e-09 -2.42255e-21 -6.66464e-10  2.37123e-21 -5.42557e-10  1.05973e-21 -2.06326e-10 -6.16473e-22 -3.94287e-11 -3.98694e-22  5.29149e-12  3.26484e-23  7.81163e-12  6.97466e-23  3.65681e-12  2.91161e-23  1.12767e-12  1.14524e-24  2.31387e-13  -5.1561e-24  1.61248e-14 -3.87813e-24 -1.12135e-14 -1.09593e-24 -6.61396e-15  5.10333e-25 -2.29295e-15  5.71462e-25 -6.08373e-16   1.7616e-25 -1.30307e-16 -1.01807e-26 -2.22196e-17 -2.55344e-26  -2.6806e-18 -1.05338e-26 -7.78924e-20 -2.81601e-27  7.22168e-20 -4.53986e-28  2.69852e-20  3.04321e-29  6.49313e-21  5.17301e-29  1.25391e-21  2.31951e-29  2.06668e-22  8.06813e-30  2.97953e-23  2.21549e-30  3.79741e-24  4.06187e-31  4.29345e-25  3.09638e-32  4.30109e-26 -7.93309e-33  3.79756e-27 -4.27602e-33  2.92585e-28 -1.21342e-33  1.93425e-29  -2.4593e-34  1.06529e-30 -3.78716e-35  4.60201e-32 -4.69824e-36    1.311e-33 -4.83134e-37  2.09933e-36 -4.02463e-38 -2.35278e-36 -2.62754e-39 -1.56421e-37 -1.32047e-40 -6.02055e-39 -4.91157e-42 -1.49803e-40 -1.21352e-43 -2.16394e-42 -1.56724e-45  -1.1579e-44
-2.68752e-07 -2.74716e-20  5.37997e-06  8.32832e-20 -3.93605e-05 -6.26692e-20  0.000159947 -8.88178e-20 -0.000406229  5.83956e-19  0.000663874 -3.35677e-18 -0.000668304      1.2e-17  0.000330099 -2.66566e-17  4.11665e-05  3.93926e-17 -0.000119472 -3.90421e-17  5.10746e-06  2.38235e-17  3.64853e-05 -6.43271e-18  2.02717e-06   1.1524e-19 -1.01026e-05 -2.69464e-18 -3.23938e-06  3.63639e-18  1.63566e-06 -7.87244e-19  1.45566e-06 -1.00717e-18  2.16865e-07  4.86376e-19 -2.42492e-07   1.4372e-19 -1.68067e-07 -1.24651e-19 -3.49343e-08  8.87955e-21   1.5419e-08  1.25279e-20   1.5198e-08 -8.90434e-21  5.71399e-09 -2.06118e-21  6.37568e-10  3.68775e-21 -5.55622e-10  1.70632e-21 -4.12876e-10  -8.6673e-22 -1.56019e-10  -6.7563e-22 -3.35227e-11 -1.91818e-23  4.34816e-13  1.11055e-22  4.02741e-12   5.5958e-23  2.10638e-12  4.13198e-24  7.10956e-13 -9.45584e-24   1.7456e-13 -6.77605e-24  2.83553e-14 -1.60484e-24  5.89443e-16  9.90049e-25 -1.63998e-15  9.63171e-25 -7.61106e-16  2.96365e-25 -2.32082e-16 -3.62096e-27 -5.62191e-17 -3.53609e-26 -1.13716e-17 -1.61542e-26 -1.93638e-18 -4.80159e-27 -2.70821e-19 -9.37611e-28 -2.82232e-20 -2.98693e-29 -1.22892e-21  6.22613e-29  3.32979e-22  3.26083e-29  1.17867e-22  1.14883e-29  2.40316e-23  2.98856e-30   3.8386e-24  5.07653e-31  5.17272e-25  3.51007e-32  6.04584e-26 -9.24012e-33   6.1994e-27 -4.59841e-33  5.59744e-28 -1.21581e-33  4.44548e-29 -2.29163e-34  3.09114e-30 -3.28625e-35  1.86681e-31 -3.78852e-36  9.67565e-33 -3.58611e-37  4.23224e-34 -2.71446e-38  1.52623e-35 -1.58629e-39  4.38198e-37 -6.96581e-41  9.45165e-39 -2.16698e-42  1.38149e-40 -4.10223e-44  1.09527e-42 -3.03038e-46
 1.83632e-20 -2.14258e-06 -1.23966e-19  2.46698e-05  2.27492e-19 -0.000138477 -8.88178e-20  0.000467286  7.57094e-21   -0.0010157   1.1371e-19   0.00142517 -4.05737e-18  -0.00118962  1.75854e-17  0.000387374 -3.93409e-17  0.000215069   5.6044e-17 -0.000185608 -5.17201e-17 -4.79215e-05  2.63728e-17  5.68452e-05 -1.68115e-18  2.14287e-05 -3.60215e-18 -1.20163e-05 -3.11385e-18 -9.42487e-06  4.91912e-18 -1.26153e-08 -8.32045e-19  2.43486e-06 -1.26866e-18   1.0719e-06  4.45603e-19 -6.80941e-08  1.77412e-19 -2.75972e-07 -8.57212e-20  -1.3055e-07  9.30263e-21 -1.49351e-08  8.74452e-22  1.67563e-08 -1.35046e-20  1.21987e-08 -1.59391e-21  4.12353e-09  5.86145e-21  4.18432e-10  2.78113e-21 -3.76399e-10 -1.11947e-21 -2.72709e-10 -1.07062e-21 -1.04847e-10 -1.17667e-22 -2.54058e-11  1.60019e-22 -2.18122e-12  8.97382e-23  1.44302e-12  6.03442e-24  9.54956e-13 -1.59296e-23  3.57071e-13 -1.04431e-23  9.90597e-14 -1.97824e-24  2.10512e-14  1.75825e-24  3.09134e-15  1.51544e-24  1.03042e-16  4.74624e-25  -1.2216e-16   1.8653e-26 -5.37721e-17 -4.30086e-26 -1.52093e-17 -2.23253e-26 -3.43379e-18 -7.21159e-27 -6.56915e-19 -1.55576e-27 -1.08811e-19 -1.21965e-28  -1.5679e-20  6.54234e-29 -1.94901e-21   4.0024e-29 -2.03341e-22  1.41879e-29 -1.64964e-23  3.52201e-30 -7.54641e-25  5.60975e-31  4.98056e-26  3.61002e-32  1.78235e-26 -9.31615e-33  2.72633e-27 -4.34888e-33  3.08117e-28 -1.07457e-33  2.83128e-29 -1.88379e-34   2.1774e-30 -2.51033e-35  1.41056e-31 -2.67861e-36  7.65547e-33  -2.3213e-37  3.42942e-34 -1.58492e-38  1.23633e-35 -8.19862e-40  3.43907e-37 -3.08893e-41  6.85723e-39 -7.76609e-43  8.47076e-41 -1.02873e-44  4.21483e-43
 4.95126e-07  1.14572e-19 -1.09729e-05 -4.08579e-19  8.92788e-05  4.53437e-19 -0.000406229  7.57094e-21   0.00116773  4.72559e-19  -0.00220081 -1.75905e-18   0.00265871 -3.09098e-18  -0.00180007  2.19776e-17  0.000252205 -5.11632e-17  0.000511862  7.19905e-17 -0.000201015   -6.306e-17 -0.000151211  2.61739e-17  5.64522e-05  5.62679e-18  5.45469e-05 -7.82574e-18 -3.96287e-06 -3.99115e-18 -1.66801e-05  6.07724e-18 -4.95826e-06 -5.84815e-19  2.31645e-06 -1.44838e-18  2.28579e-06  2.80541e-19  5.60096e-07  1.86965e-19 -2.29814e-07 -1.54021e-20 -2.43429e-07  1.94021e-20 -8.77618e-08 -1.54524e-20 -2.85173e-09  -2.2393e-20  1.42162e-08 -1.78182e-21  8.68975e-09  8.99198e-21  2.76943e-09  4.48143e-21  3.08982e-10 -1.28373e-21 -2.05159e-10 -1.55721e-21 -1.55312e-10  -2.5612e-22  -6.1912e-11  2.09212e-22 -1.66989e-11  1.21338e-22 -2.64183e-12   2.4569e-24  1.75314e-13 -2.54595e-23   3.1077e-13 -1.46972e-23  1.37144e-13 -1.98702e-24  4.23614e-14  2.91368e-24  1.03439e-14  2.26424e-24  2.03187e-15  7.30401e-25   3.0408e-16  6.67643e-26  2.55364e-17 -4.43983e-26 -3.02572e-18 -2.75918e-26 -2.01332e-18 -9.56154e-27 -5.76677e-19 -2.17994e-27 -1.24459e-19 -2.25826e-28 -2.24336e-20   6.0299e-29 -3.50323e-21  4.36121e-29 -4.81455e-22  1.54843e-29 -5.85986e-23  3.68045e-30 -6.32099e-24  5.53467e-31 -6.02164e-25     3.37e-32 -5.02616e-26 -8.28429e-33 -3.62542e-27 -3.65873e-33 -2.20666e-28 -8.45788e-34 -1.08274e-29 -1.37783e-34 -3.82407e-31 -1.70161e-35 -5.50224e-33 -1.67293e-36  4.06918e-34 -1.31906e-37  3.90953e-35 -8.05238e-39  1.86184e-36 -3.63609e-40  5.70849e-38 -1.14706e-41  1.09592e-39 -2.21158e-43   1.0769e-41 -1.67432e-45
-6.06631e-20  3.24738e-06  4.63816e-19 -4.19447e-05 -1.04175e-18  0.000265251  5.83956e-19   -0.0010157  4.72559e-19   0.00253665  1.62976e-18  -0.00418716 -5.66096e-18   0.00435081  4.05286e-19  -0.00229014  2.28174e-17 -0.000212456 -5.84492e-17  0.000881191  8.45366e-17 -9.25255e-05 -7.22409e-17 -0.000288401  2.35487e-17  8.31718e-06  1.44147e-17  9.09261e-05 -1.14882e-17  2.05546e-05 -5.47048e-18 -1.95177e-05  6.78688e-18 -1.30563e-05  1.06715e-20 -4.23433e-07 -1.48035e-18  3.08712e-06  7.30217e-21  1.64076e-06  1.57307e-19  1.59219e-07  7.73141e-20  -2.6649e-07  4.27433e-20  -1.8193e-07 -3.38724e-20 -5.30443e-08 -3.64995e-20  2.02197e-09 -3.58223e-21  1.01205e-08  1.28788e-20  5.57476e-09  6.91117e-21  1.74433e-09 -1.22102e-21  2.40705e-10 -2.03553e-21 -8.40155e-11 -3.98446e-22 -7.46465e-11  2.49647e-22 -3.14921e-11  1.36076e-22 -9.30445e-12 -1.32645e-23 -1.94167e-12 -3.95207e-23 -2.00616e-13 -1.94922e-23  4.89785e-14 -1.44137e-24  3.62794e-14   4.5372e-24  1.31036e-14  3.24035e-24  3.56367e-15   1.0823e-24  7.95467e-16  1.51246e-25  1.49007e-16 -3.45909e-26  2.31612e-17 -2.99016e-26   2.8066e-18 -1.11372e-26  2.00722e-19 -2.62381e-27 -1.47488e-20 -3.08354e-28 -9.06934e-21  4.98042e-29 -2.14792e-21  4.28766e-29 -3.78361e-22  1.51536e-29 -5.53106e-23  3.45001e-30 -6.96687e-24  4.91595e-31 -7.67957e-25  2.86181e-32 -7.45207e-26 -6.57564e-33 -6.36933e-27 -2.76071e-33 -4.77948e-28 -5.96945e-34 -3.12824e-29 -9.02095e-35 -1.76811e-30 -1.02899e-35  -8.5084e-32 -9.27245e-37 -3.41707e-33  -6.6032e-38 -1.11255e-34 -3.56516e-39 -2.80958e-36 -1.38022e-40 -5.11648e-38 -3.52225e-42 -5.83646e-40  -4.7551e-44 -2.70833e-42
-5.43264e-07 -3.38327e-19  1.37288e-05  1.41384e-18 -0.000127448 -2.10348e-18  0.000663874   1.1371e-19  -0.00220081  1.62976e-18   0.00485296  3.61996e-18  -0.00707059  -1.1105e-17   0.00628457  6.19057e-18  -0.00235543  1.77454e-17  -0.00107129  -5.7591e-17    0.0011895  9.19751e-17  0.000196041 -7.93345e-17 -0.000405412  1.91827e-17 -0.000105112  2.33955e-17  0.000107407 -1.35995e-17  6.13515e-05 -7.46712e-18 -1.03989e-05  6.77813e-18 -2.12168e-05  8.76846e-19 -6.60676e-06 -1.32636e-18  2.20867e-06 -3.23822e-19  2.72125e-06  8.79344e-20  9.54848e-07  1.80063e-19 -5.68755e-08   7.9578e-20 -2.26711e-07 -5.18192e-20 -1.20572e-07 -5.60729e-20 -2.99516e-08  -8.0022e-21   2.6075e-09  1.69116e-20  6.20637e-09  9.97333e-21   3.2329e-09  -7.6072e-22   1.0239e-09 -2.32066e-21  1.77367e-10 -4.71659e-22 -1.89218e-11  2.76853e-22 -2.88928e-11  1.17737e-22 -1.33882e-11 -4.87548e-23 -4.29343e-12  -6.0126e-23 -1.04666e-12 -2.50644e-23 -1.85742e-13  -2.9211e-25 -1.60513e-14  6.64653e-24  3.99384e-15  4.45097e-24  2.53086e-15  1.54016e-24  8.20058e-16  2.79926e-25  2.03396e-16 -8.99153e-27   4.2104e-17 -2.71189e-26  7.49528e-18 -1.11973e-26  1.15751e-18 -2.70117e-27  1.54241e-19  -3.3383e-28  1.73234e-20  3.98271e-29  1.53567e-21   3.8814e-29  8.34356e-23  1.34849e-29 -3.20486e-24  2.93232e-30 -1.67587e-24   3.9645e-31 -2.85206e-25  2.22547e-32 -3.50497e-26 -4.68829e-33 -3.48726e-27 -1.87872e-33 -2.90743e-28  -3.7962e-34 -2.05073e-29  -5.3087e-35 -1.22052e-30 -5.57006e-36 -6.05968e-32  -4.5724e-37  -2.4585e-33 -2.91498e-38 -7.88318e-35   -1.373e-39 -1.89097e-36 -4.44828e-41 -3.07418e-38 -8.71252e-43  -2.6987e-40 -6.72584e-45
  1.4499e-19 -2.85427e-06 -1.24667e-18  4.31637e-05  3.45416e-18  -0.00031855 -3.35677e-18   0.00142517 -1.75905e-18  -0.00418716  3.61996e-18   0.00826719  5.94826e-18    -0.010695 -1.55367e-17   0.00803604  1.24772e-17  -0.00170316  4.96671e-18  -0.00224331 -4.63385e-17    0.0012511  9.43475e-17  0.000659634 -8.49292e-17 -0.000421791  1.35606e-17 -0.000273849  3.14188e-17  7.56679e-05 -1.35214e-17  0.000106769 -9.63883e-18  1.60084e-05   5.9492e-18 -2.35153e-05  1.81344e-18 -1.50657e-05 -1.01138e-18 -1.43545e-06 -6.49439e-19  2.90074e-06 -2.57403e-21   1.9184e-06   2.8449e-19  4.58144e-07  1.28238e-19 -1.25115e-07 -6.73676e-20 -1.60937e-07 -8.07933e-20 -7.29165e-08 -1.61035e-20 -1.64176e-08  1.99753e-20  1.60052e-09  1.32827e-20  3.29127e-09  2.59929e-22  1.68417e-09 -2.16415e-21  5.50388e-10 -3.69961e-22  1.15263e-10  2.98203e-22  5.45752e-12  5.51917e-23  -7.9931e-12 -1.09954e-22 -4.52112e-12 -8.91753e-23 -1.58965e-12 -3.18703e-23 -4.29528e-13  1.31783e-24  -9.2809e-14  9.15626e-24 -1.55028e-14  5.85925e-24 -1.62443e-15  2.09578e-24  7.45665e-17  4.53963e-25    9.427e-17   3.4864e-26  3.05518e-17 -1.78106e-26  7.15133e-18 -9.25266e-27   1.3799e-18 -2.29808e-27  2.29349e-19 -2.78277e-28  3.34458e-20   3.6491e-29  4.31184e-21  3.33011e-29  4.92099e-22  1.10921e-29  4.95505e-23  2.28757e-30  4.36569e-24  2.93425e-31  3.31499e-25   1.6071e-32  2.11012e-26 -3.00112e-33  1.06252e-27 -1.15655e-33  3.57044e-29 -2.18179e-34  7.08093e-32 -2.81503e-35 -9.38206e-32 -2.70372e-36 -7.87471e-33 -2.00721e-37 -3.98313e-34 -1.13317e-38 -1.38787e-35 -4.57414e-40 -3.26655e-37 -1.19839e-41 -4.60579e-39 -1.64472e-43 -2.55451e-41
  2.9875e-07   7.2769e-19 -9.41059e-06 -3.52114e-18  0.000106503  6.99874e-18 -0.000668304 -4.05737e-18   0.00265871 -5.66096e-18  -0.00707059  5.94826e-18    0.0126627   7.0661e-18   -0.0146092 -1.41771e-17   0.00908091  1.64618e-17 -0.000190589 -1.63778e-17  -0.00348524 -2.48882e-17  0.000901587  9.35006e-17   0.00120768 -8.94514e-17 -0.000263507  6.70354e-18   -0.0004521  3.75565e-17 -2.30289e-05 -1.11224e-17  0.000134473 -1.14442e-17  5.78022e-05  4.43913e-18 -1.35325e-05    2.569e-18   -2.212e-05 -6.38637e-19 -7.77167e-06 -9.24288e-19  1.22012e-06 -8.33363e-20  2.47261e-06  3.91626e-19  1.16072e-06  1.88484e-19  1.79602e-07 -7.85027e-20 -1.14034e-07  -1.0975e-19 -1.00095e-07 -2.90751e-20 -4.09579e-08  2.04145e-20 -8.96732e-09   1.6119e-20  5.45177e-10  1.92412e-21  1.48696e-09 -1.31615e-21  7.75573e-10  2.43238e-23  2.64346e-10  3.36805e-22  6.38123e-11  -5.1015e-23  8.93609e-12 -1.97819e-22 -8.33744e-13  -1.2724e-22 -1.08076e-12 -4.02529e-23 -4.46351e-13  3.10233e-24 -1.32575e-13  1.18711e-23 -3.18254e-14  7.37403e-24 -6.36505e-15  2.71662e-24 -1.05239e-15  6.64488e-25 -1.35503e-16   9.5583e-26 -1.03693e-17 -1.99402e-27   7.5417e-19 -5.30262e-27   5.0671e-19 -1.42705e-27  1.27232e-19 -1.41141e-28  2.36994e-20  4.30153e-29  3.66212e-21   2.8124e-29  4.87825e-22  8.61536e-30  5.69277e-23  1.66448e-30  5.85755e-24  2.02397e-31  5.32032e-25  1.10392e-32  4.25501e-26 -1.70588e-33  2.97974e-27 -6.44032e-34  1.81134e-28 -1.13449e-34   9.4407e-30 -1.34623e-35  4.14705e-31 -1.17699e-36  1.49857e-32   -7.834e-38  4.29939e-34 -3.86347e-39  9.26463e-36 -1.30484e-40  1.35824e-37 -2.62328e-42  1.07682e-39 -2.06019e-44
 -2.5711e-19   1.0307e-06  2.43772e-18 -2.18016e-05 -8.11741e-18  0.000210381      1.2e-17  -0.00118962 -3.09098e-18   0.00435081  -1.1105e-17    -0.010695   7.0661e-18    0.0175955  4.36125e-18   -0.0181575 -1.25513e-18   0.00897892  1.57615e-17   0.00207926 -4.60097e-17  -0.00445494  3.70721e-18  7.83012e-05  9.23465e-17    0.0016798 -9.25871e-17  9.79241e-05 -1.62716e-18 -0.000568087  4.10146e-17 -0.000183421 -6.82229e-18  0.000119281   -1.228e-17  0.000103315  2.63097e-18  1.18442e-05   2.9425e-18 -2.25694e-05 -3.69502e-19 -1.49108e-05 -1.14765e-18 -2.67704e-06 -1.27608e-19  1.91568e-06  5.11322e-19  1.70542e-06  2.64681e-19  6.29071e-07 -8.12915e-20  5.56728e-08 -1.41035e-19   -7.741e-08 -4.81353e-20 -5.57259e-08  1.61642e-20 -2.15186e-08  1.74481e-20 -4.87105e-09   4.1417e-21 -4.62997e-11  3.79736e-22  5.48789e-10  8.02205e-22  3.07172e-10  4.26884e-22  1.10156e-10 -1.85697e-22  2.94667e-11 -3.05835e-22  5.75552e-12 -1.72282e-22  5.98009e-13 -4.99668e-23 -1.05791e-13  4.77565e-24 -8.21402e-14  1.45261e-23 -2.88491e-14  8.85871e-24 -7.61512e-15  3.34649e-24 -1.66505e-15  8.91711e-25 -3.11529e-16  1.67143e-25 -5.03209e-17  1.85327e-26 -6.96711e-18  9.16158e-29 -8.02738e-19 -2.35982e-28 -7.04452e-20  5.19562e-29 -3.05517e-21  5.80192e-29  4.05349e-22  2.42363e-29  1.31035e-22  6.48785e-30  2.17892e-23  1.15421e-30  2.75448e-24  1.32983e-31  2.87212e-25  7.45084e-33  2.53728e-26  -8.3353e-34  1.91354e-27 -3.22967e-34   1.2291e-28 -5.33021e-35  6.65878e-30 -5.80068e-36  2.99062e-31 -4.58742e-37  1.08362e-32 -2.70916e-38    3.035e-34 -1.14681e-39  6.11228e-36 -3.13236e-41  7.66556e-38 -4.41275e-43  3.86856e-40
 4.64444e-09  -1.1588e-18  1.50587e-06   6.3202e-18 -3.46555e-05 -1.58224e-17  0.000330099  1.75854e-17  -0.00180007  4.05286e-19   0.00628457 -1.55367e-17   -0.0146092  4.36125e-18     0.022376 -5.18995e-18   -0.0206835  2.76138e-17   0.00754698  9.95241e-18   0.00476356 -8.23931e-17  -0.00482942  3.40746e-17  -0.00113608  9.36304e-17   0.00189851  -9.3127e-17   0.00062143 -1.14363e-17 -0.000549701  4.10718e-17 -0.000370871 -1.53884e-18  4.50004e-05 -1.16659e-17  0.000133418  1.07641e-18  4.91882e-05  2.87172e-18 -1.20709e-05 -3.71311e-19 -1.94097e-05 -1.37101e-18 -7.98717e-06 -1.31205e-19 -1.64745e-07  6.55263e-19  1.63616e-06  3.66476e-19  1.02519e-06 -6.82362e-20  3.16551e-07 -1.71075e-19   1.3403e-08 -7.40742e-20  -4.3239e-08   5.1432e-21 -2.79361e-08  1.60472e-20 -1.05258e-08  6.56864e-21 -2.55251e-09  2.88545e-21 -2.21986e-10  1.97921e-21  1.47799e-10  5.98702e-22  9.99068e-11 -3.22389e-22  3.84112e-11 -4.19983e-22    1.111e-11 -2.19111e-22  2.54071e-12 -5.98481e-23  4.43815e-13  6.21422e-24  4.68652e-14   1.6858e-23 -3.37323e-15  1.01578e-23 -3.45956e-15  3.91432e-24 -1.14845e-15  1.10761e-24 -2.79219e-16  2.39691e-25 -5.61341e-17  4.05055e-26 -9.72531e-18  5.94597e-27 -1.47735e-18  1.03546e-27 -1.98082e-19  2.57449e-28 -2.34446e-20  7.62257e-29 -2.43616e-21  2.16021e-29 -2.19518e-22  4.86166e-30 -1.67425e-23  7.82522e-31 -1.02616e-24  8.55002e-32 -4.34872e-26  5.08779e-33 -3.14466e-28 -3.18667e-34  1.53391e-28 -1.44135e-34  1.75411e-29 -2.25205e-35  1.22316e-30 -2.24427e-36  6.20695e-32 -1.59458e-37  2.34534e-33 -8.25021e-39  6.39701e-35 -2.92831e-40  1.15465e-36 -6.14075e-42  1.10442e-38 -4.95175e-44
 3.45042e-19  3.93336e-07 -3.50058e-18 -1.98114e-06   1.3505e-17 -2.69643e-05 -2.66566e-17  0.000387374  2.19776e-17  -0.00229014  6.19057e-18   0.00803604 -1.41771e-17   -0.0181575 -5.18995e-18    0.0262766 -2.38456e-17   -0.0217536   7.3049e-17   0.00493045  1.21537e-18   0.00738823 -1.22728e-16  -0.00441922  5.98791e-17  -0.00253068  9.87704e-17    0.0017336 -8.93094e-17   0.00120114  -2.2065e-17 -0.000354092  3.71767e-17 -0.000529195  3.47262e-18 -8.56162e-05 -9.41674e-18  0.000128359  3.56905e-19  8.79363e-05  2.47081e-18  1.01832e-05 -7.53851e-19 -1.75733e-05 -1.68212e-18 -1.27066e-05 -1.23326e-19 -3.49529e-06  8.27008e-19  6.32915e-07  5.05937e-19  1.09628e-06 -2.82917e-20  5.58008e-07 -1.94189e-19  1.52936e-07 -1.06492e-19  3.78117e-09 -1.40994e-20  -2.0326e-08  1.07543e-20 -1.25312e-08  8.59041e-21  -4.7197e-09  5.90082e-21 -1.23652e-09   3.4526e-21 -1.88489e-10  8.56815e-22  1.62265e-11 -4.33073e-22  2.42398e-11 -5.22044e-22  1.06232e-11 -2.60219e-22  3.31485e-12 -6.79175e-23  8.30217e-13  7.52819e-24  1.71757e-13  1.86703e-23  2.89235e-14  1.11302e-23  3.63563e-15   4.3486e-24  2.06431e-16  1.28178e-24 -5.27348e-17  3.01844e-25 -2.31289e-17  6.00816e-26 -5.60777e-18  1.11534e-26 -1.05829e-18  2.13354e-27 -1.68319e-19  4.29328e-28 -2.32501e-20  9.10423e-29 -2.82596e-21  1.95695e-29 -3.03831e-22  3.67858e-30 -2.89145e-23  5.30377e-31  -2.4295e-24  5.50881e-32 -1.79279e-25  3.54198e-33 -1.15251e-26 -5.96054e-35 -6.38193e-28 -5.57288e-35 -2.99737e-29 -8.46771e-36 -1.16891e-30 -7.74189e-37 -3.67288e-32 -4.90833e-38 -8.88907e-34 -2.19038e-39 -1.53828e-35 -6.30806e-41 -1.64451e-37 -9.28119e-43 -7.00781e-40
-8.59604e-08   1.3866e-18   2.2483e-06 -8.21378e-18 -1.77974e-05  2.46562e-17  4.11665e-05 -3.93409e-17  0.000252205  2.28174e-17  -0.00235543  1.24772e-17   0.00908091 -1.25513e-18   -0.0206835 -2.38456e-17    0.0287711  -5.1944e-17   -0.0212883   1.3089e-16    0.0015406 -6.35429e-18    0.0095027 -1.63208e-16   -0.0032251  7.54976e-17  -0.00383363  1.07293e-16   0.00114791 -7.94777e-17   0.00169767 -3.21026e-17  1.28386e-05  2.91694e-17 -0.000598708  6.87889e-18 -0.000247976 -5.73626e-18  7.61882e-05  9.22815e-19  0.000113214  2.00191e-18  3.99359e-05 -1.52221e-18 -7.28346e-06 -2.17244e-18 -1.42796e-05 -1.63555e-19 -7.00206e-06  1.01445e-18 -1.23682e-06  6.92097e-19  6.39115e-07  5.07657e-20  6.29893e-07 -2.02883e-19  2.81065e-07 -1.43055e-19  7.26957e-08 -4.16554e-20  2.99594e-09  8.11058e-22 -7.92012e-09  9.40752e-21 -4.93812e-09  8.86753e-21 -1.89307e-09  4.98539e-21 -5.31678e-10  1.16108e-21  -1.0634e-10 -5.00867e-22 -9.91921e-12 -5.95507e-22  3.07421e-12 -2.87999e-22  2.08325e-12 -7.20048e-23   7.3761e-13  8.97583e-24  1.99564e-13  1.98574e-23  4.48273e-14  1.16746e-23  8.58934e-15  4.59245e-24  1.40905e-15   1.3886e-24  1.94576e-16  3.43682e-25  2.13732e-17   7.3947e-26  1.50727e-18  1.48176e-26  -3.9939e-20  2.86862e-27 -3.74189e-20  5.34591e-28 -8.13226e-21  9.74689e-29 -1.25986e-21  1.74318e-29 -1.58813e-22  2.79785e-30 -1.69739e-23   3.6234e-31 -1.56127e-24  3.58667e-32 -1.24014e-25  2.46583e-33 -8.47732e-27  4.20829e-35 -4.94198e-28 -1.74606e-35 -2.42035e-29 -2.77369e-36 -9.73447e-31 -2.35023e-37 -3.10602e-32 -1.32204e-38 -7.43918e-34 -4.98954e-40 -1.21061e-35 -1.10927e-41 -1.06391e-37 -9.36674e-44
-3.57948e-19 -3.83575e-07  3.72499e-18  7.12976e-06 -1.59429e-17  -5.6306e-05  3.93926e-17  0.000215069 -5.11632e-17 -0.000212456  1.77454e-17  -0.00170316  1.64618e-17   0.00897892  2.76138e-17   -0.0217536  -5.1944e-17    0.0296888 -8.74166e-17   -0.0195472  1.93205e-16  -0.00209982 -8.35118e-18    0.0108063 -1.99629e-16  -0.00141946  7.73678e-17  -0.00479464  1.17063e-16  0.000206486 -6.27455e-17   0.00198062 -3.96946e-17  0.000495092   1.7481e-17 -0.000536518  7.57933e-18 -0.000401393 -1.18746e-18 -2.10394e-05  2.96531e-18  0.000111095  1.79353e-18  6.84493e-05 -2.56669e-18  1.05339e-05 -2.90225e-18 -1.07179e-05 -3.25352e-19 -9.11788e-06  1.18885e-18 -3.42022e-06  9.25263e-19 -3.35421e-07  1.78245e-19   4.2153e-07  -1.8911e-19  3.21027e-07 -1.79212e-19  1.32206e-07 -7.57314e-20  3.40994e-08 -1.37966e-20  2.88934e-09   8.2212e-21 -2.39863e-09  1.10625e-20 -1.65313e-09  6.23324e-21 -6.57627e-10  1.42141e-21 -1.95742e-10  -5.2997e-22 -4.53523e-11 -6.31807e-22 -7.67986e-12 -2.97531e-22 -6.00726e-13 -7.06661e-23   1.7812e-13  1.07532e-23  1.04179e-13  2.03806e-23  3.27369e-14  1.17406e-23  7.95176e-15  4.61462e-24  1.62193e-15  1.41325e-24  2.86505e-16  3.59309e-25  4.43798e-17  8.02043e-26   6.0462e-18  1.64864e-26  7.21329e-19  3.16237e-27   7.4376e-20  5.61977e-28   6.4389e-21  9.38384e-29  4.36204e-22  1.48263e-29  1.78448e-23  2.09782e-30 -5.23157e-25  2.46991e-31 -1.96139e-25   2.3314e-32 -2.36304e-26  1.66266e-33 -1.99007e-27  6.23907e-35 -1.30022e-28 -3.47095e-36 -6.73102e-30  -7.5516e-37 -2.73342e-31 -6.12607e-38 -8.41747e-33 -3.05385e-39 -1.83759e-34 -9.50249e-41 -2.46961e-36 -1.49659e-42 -1.32326e-38
 8.29987e-09 -1.27263e-18 -8.24143e-07  7.73104e-18  1.48566e-05  -2.6569e-17 -0.000119472   5.6044e-17  0.000511862 -5.84492e-17  -0.00107129  4.96671e-18 -0.000190589  1.57615e-17   0.00754698   7.3049e-17   -0.0212883 -8.74166e-17    0.0292183 -1.26285e-16   -0.0169935  2.50844e-16   -0.0055207 -1.65082e-18    0.0111994 -2.28239e-16  0.000725666  6.45768e-17  -0.00524731  1.25118e-16 -0.000948592 -3.94029e-17   0.00196445 -4.30906e-17   0.00100219  3.17128e-18 -0.000330869  4.97685e-18 -0.000500983  3.45471e-18 -0.000146018  6.36668e-18  7.41099e-05  2.13898e-18  8.51538e-05 -3.69354e-18  3.15901e-05 -3.87776e-18 -1.68288e-06 -6.72429e-19 -8.42559e-06  1.31121e-18 -5.02803e-06  1.19369e-18 -1.54325e-06  3.56373e-19 -6.13278e-08 -1.46205e-19  2.21277e-07 -2.08632e-19  1.46654e-07  -1.1259e-19  5.78603e-08 -3.21297e-20   1.5431e-08  4.46927e-21  2.12747e-09  1.17648e-20  -4.4529e-10  6.81604e-21 -4.41554e-10  1.51328e-21 -1.89371e-10 -5.47526e-22 -5.95012e-11 -6.33998e-22 -1.50123e-11  -2.8867e-22 -3.08519e-12 -6.39504e-23  -4.9531e-13  1.27821e-23 -5.05345e-14  2.02233e-23  1.96237e-15  1.13274e-23  2.62732e-15  4.41425e-24  8.27984e-16  1.35467e-24   1.8757e-16  3.48099e-25  3.49719e-17  7.87285e-26  5.61213e-18    1.621e-26  7.90088e-19  3.05038e-27  9.84119e-20  5.21396e-28  1.08768e-20  8.18008e-29  1.06592e-21  1.18194e-29   9.2297e-23   1.5154e-30  7.01793e-24   1.6442e-31  4.64383e-25  1.47683e-32  2.64104e-26  1.05567e-33  1.26908e-27  5.02904e-35  5.03157e-29  4.24671e-37  1.59055e-30 -1.49261e-37  3.80354e-32 -1.30198e-38  6.29113e-34 -5.83628e-40  5.98942e-36 -1.44703e-41  1.82587e-38 -1.33149e-43
 2.95275e-19 -8.44443e-08 -2.99147e-18  -3.1874e-07  1.31612e-17  1.92558e-05 -3.90421e-17 -0.000185608  7.19905e-17  0.000881191  -5.7591e-17  -0.00224331 -1.63778e-17   0.00207926  9.95241e-18   0.00493045   1.3089e-16   -0.0195472 -1.26285e-16    0.0277819 -1.63925e-16   -0.0141199  2.96265e-16  -0.00840985  1.47779e-17    0.0107575 -2.46514e-16   0.00292364    3.865e-17  -0.00513325  1.28686e-16  -0.00214147 -1.09478e-17   0.00162609 -4.11907e-17   0.00143377 -1.22467e-17 -4.97718e-06 -8.80478e-19 -0.000510927  7.41539e-18 -0.000270279   1.0744e-17  4.75522e-06  3.21209e-18  8.13496e-05 -4.68328e-18  4.93268e-05 -5.04736e-18  1.10073e-05 -1.23715e-18 -4.35552e-06   1.3433e-18 -5.19304e-06  1.47413e-18  -2.5069e-06  5.77866e-19 -6.69852e-07 -7.08003e-20 -8.26045e-09 -2.24364e-19  9.64789e-08 -1.47076e-19  5.97496e-08 -5.23265e-20  2.31931e-08 -1.96752e-21  6.48366e-09   1.0451e-20  1.20109e-09  6.41745e-21  3.87373e-11  1.31224e-21 -8.01365e-11 -5.95272e-22 -4.20125e-11 -6.15869e-22 -1.42313e-11  -2.6634e-22 -3.81419e-12 -5.35837e-23 -8.54214e-13  1.46372e-23 -1.62143e-13  1.93657e-23  -2.5796e-14  1.04765e-23 -3.26842e-15  4.01927e-24 -2.70692e-16  1.22499e-24  5.62579e-18  3.14319e-25  8.03956e-18  7.09378e-26  2.04291e-18   1.4432e-26  3.67288e-19  2.64775e-27  5.38535e-20  4.36203e-28  6.73353e-21  6.49878e-29  7.30615e-22  8.74818e-30  6.92192e-23  1.03538e-30   5.7254e-24   1.0456e-31  4.11547e-25  8.89942e-33   2.5484e-26  6.19521e-34  1.34136e-27  3.16983e-35  5.88574e-29  8.99455e-37   2.0925e-30 -7.68775e-39  5.77004e-32 -1.95299e-39  1.14718e-33 -8.57203e-41   1.4233e-35  -1.6162e-42  7.12475e-38
 2.35013e-08  9.32512e-19  -6.1408e-07 -5.32104e-18   4.0297e-06  1.90079e-17  5.10746e-06 -5.17201e-17 -0.000201015  8.45366e-17    0.0011895 -4.63385e-17  -0.00348524 -4.60097e-17   0.00476356  1.21537e-18    0.0015406  1.93205e-16   -0.0169935 -1.63925e-16    0.0258613 -1.96499e-16   -0.0113153  3.25415e-16   -0.0106367  4.00058e-17    0.0096622 -2.53562e-16   0.00493743  2.83644e-18  -0.00449068  1.25989e-16  -0.00320494  2.02129e-17   0.00100285 -3.38873e-17   0.00170361  -2.7135e-17  0.000389359 -9.33245e-18 -0.000414515  1.01202e-17  -0.00036191  1.55636e-17 -8.42857e-05  5.02529e-18  5.35217e-05 -5.35341e-18  5.70546e-05 -6.31589e-18  2.37364e-05  -2.0087e-18  2.39868e-06  1.25865e-18 -3.48149e-06  1.73616e-18 -2.75247e-06  8.26325e-19 -1.16024e-06  3.59397e-20 -2.89061e-07 -2.20378e-19 -7.37971e-09  -1.7362e-19   3.4625e-08 -7.18953e-20  2.13041e-08 -1.06635e-20  8.29898e-09  6.95521e-21  2.42746e-09  4.88213e-21  5.34722e-10  7.36683e-22  7.46104e-11 -7.13534e-22 -2.49467e-12 -5.96577e-22 -5.92757e-12 -2.38777e-22 -2.44182e-12 -4.24222e-23 -7.09228e-13   1.5676e-23  -1.6794e-13  1.77996e-23 -3.39571e-14  9.26662e-24 -5.96851e-15  3.48007e-24 -9.15981e-16  1.04577e-24 -1.22026e-16  2.65494e-25 -1.38381e-17  5.91625e-26 -1.27161e-18  1.17879e-26 -8.09753e-20  2.09873e-27 -5.09083e-22  3.33054e-28  8.13991e-22  4.73058e-29  1.52434e-22  5.98773e-30  1.87124e-23  6.61141e-31  1.79869e-24  6.24674e-32  1.41746e-25  5.01153e-33  9.26024e-27  3.32482e-34  4.98973e-28   1.6913e-35  2.17951e-29   5.8244e-37  7.47921e-31  1.03843e-38  1.91148e-32 -6.72842e-41  3.29744e-34  -7.8359e-42  3.05478e-36 -1.06858e-43
-1.99297e-19  1.00221e-07  1.92761e-18 -2.04509e-06 -7.46595e-18  1.60579e-05  2.38235e-17 -4.79215e-05   -6.306e-17 -9.25255e-05  9.19751e-17    0.0012511 -2.48882e-17  -0.00445494 -8.23931e-17   0.00738823 -6.35429e-18  -0.00209982  2.50844e-16   -0.0141199 -1.96499e-16     0.023857 -2.21945e-16  -0.00881012  3.38091e-16   -0.0122146  7.18455e-17   0.00812761 -2.50062e-16   0.00660921 -3.87216e-17  -0.00342293  1.16638e-16  -0.00400966  5.12588e-17  0.000176638 -2.21114e-17   0.00175625 -4.00923e-17  0.000784708 -1.92934e-17 -0.000218349    1.132e-17 -0.000394149  2.02808e-17 -0.000173179  7.43552e-18  5.04095e-06 -5.60435e-18  5.03293e-05 -7.56943e-18   3.2226e-05 -2.93447e-18  9.96689e-06  1.04957e-18  -1.5893e-07   1.9487e-18 -2.03469e-06  1.07931e-18 -1.29976e-06  1.68206e-19 -5.04237e-07 -1.93023e-19 -1.24914e-07 -1.87439e-19 -9.05646e-09 -8.82021e-20  9.61111e-09  -2.0689e-20  6.41568e-09   1.5444e-21  2.56086e-09  2.27743e-21  7.78783e-10 -2.16945e-22  1.89422e-10 -9.23869e-22  3.60834e-11 -5.92975e-22  4.63573e-12 -2.14445e-22  1.58304e-14 -3.33989e-23 -2.17128e-13   1.5316e-23 -8.35937e-14  1.55755e-23 -2.19426e-14  7.80879e-24  -4.6742e-15  2.86013e-24 -8.52316e-16  8.42791e-25 -1.36031e-16  2.10227e-25 -1.91933e-17  4.59026e-26 -2.40279e-18  8.90102e-27 -2.66754e-19  1.53211e-27 -2.61592e-20  2.33792e-28 -2.24905e-21  3.16785e-29 -1.67486e-22  3.78507e-30 -1.05971e-23  3.91836e-31 -5.51186e-25  3.46847e-32 -2.20508e-26  2.60753e-33  -5.5889e-28  1.62216e-34  8.25291e-31  7.85765e-36  9.01862e-31  2.73981e-37  4.82409e-32   6.2568e-39  1.40985e-33  7.47671e-41  2.28831e-35  4.60345e-44   1.4027e-37
 8.13363e-10 -5.77363e-19   1.7422e-07   2.9477e-18 -4.14475e-06 -8.20828e-18  3.64853e-05  2.63728e-17 -0.000151211 -7.22409e-17  0.000196041  9.43475e-17  0.000901587  3.70721e-18  -0.00482942 -1.22728e-16    0.0095027 -8.35118e-18   -0.0055207  2.96265e-16   -0.0113153 -2.21945e-16     0.022023 -2.40189e-16  -0.00668914  3.37023e-16   -0.0132383   1.0758e-16   0.00634803 -2.37832e-16   0.00786006  -8.1667e-17  -0.00206342  1.01613e-16  -0.00447666  7.94913e-17  -0.00074747 -7.60437e-18   0.00157396 -5.02238e-17   0.00111277 -2.95183e-17  4.95543e-05  1.11133e-17 -0.000352254  2.44562e-17 -0.000240103  1.01869e-17 -5.43124e-05 -5.43629e-18  2.86861e-05 -8.70133e-18  3.30287e-05  -3.9332e-18  1.58918e-05  7.28124e-19  3.82854e-06  2.08649e-18 -4.78748e-07  1.31293e-18 -9.79772e-07  3.16465e-19 -5.52849e-07 -1.41996e-19 -2.05016e-07 -1.85603e-19 -5.26345e-08 -9.90121e-20 -6.89148e-09 -3.07854e-20  1.63045e-09 -5.11906e-21  1.52518e-09 -1.10306e-21   6.4982e-10 -1.46054e-21  2.05567e-10 -1.21764e-21  5.29576e-11  -6.1295e-22  1.13816e-11 -1.98997e-22   2.0191e-12 -2.84518e-23  2.77495e-13  1.33142e-23  2.21073e-14  1.28434e-23 -2.04363e-15  6.23695e-24 -1.34901e-15  2.22526e-24 -3.58403e-16  6.40622e-25 -7.10661e-17  1.56202e-25 -1.17034e-17  3.32311e-26 -1.66156e-18  6.24205e-27 -2.06599e-19  1.03539e-27 -2.26431e-20  1.51579e-28 -2.19009e-21  1.95728e-29 -1.86498e-22  2.20946e-30 -1.39068e-23  2.14725e-31 -9.00381e-25  1.77829e-32 -5.00045e-26  1.24493e-33 -2.34219e-27  7.16827e-35 -9.03354e-29  3.21423e-36 -2.76955e-30  1.05126e-37 -6.38391e-32  2.32255e-39  -1.0015e-33  2.95719e-41 -8.50418e-36    1.271e-43
 1.07776e-19  3.79547e-08 -1.12447e-18 -1.46254e-07  3.36515e-18 -4.53094e-06 -6.43271e-18  5.68452e-05  2.61739e-17 -0.000288401 -7.93345e-17  0.000659634  9.35006e-17  7.83012e-05  3.40746e-17  -0.00441922 -1.63208e-16    0.0108063 -1.65082e-18  -0.00840985  3.25415e-16  -0.00881012 -2.40189e-16    0.0204714 -2.52639e-16  -0.00493992  3.26334e-16   -0.0138291  1.44377e-16   0.00447351 -2.19292e-16   0.00867262 -1.21891e-16 -0.000547667  8.29515e-17  -0.00457641   1.0278e-16  -0.00166115   7.4863e-18   0.00117492 -5.72439e-17   0.00131711 -3.88554e-17   0.00034628  9.87959e-18 -0.000237046  2.78206e-17   -0.0002669  1.29727e-17 -0.000110794 -4.93624e-18 -3.88499e-06 -9.63188e-18  2.48148e-05 -4.91429e-18  1.80015e-05  3.21808e-19  7.16888e-06  2.13471e-18  1.43631e-06  1.50636e-18 -2.77597e-07  4.69021e-19 -4.00244e-07 -7.06085e-20 -2.10687e-07 -1.67661e-19 -7.66025e-08 -1.02936e-19  -2.0646e-08 -3.96213e-20 -3.74267e-09 -1.21154e-20 -1.25169e-10 -4.79734e-21  2.38995e-10 -2.82879e-21  1.24915e-10 -1.55536e-21  4.22587e-11 -6.52557e-22  1.13723e-11 -1.93563e-22  2.57967e-12 -2.79107e-23  5.03416e-13  9.90253e-24  8.47398e-14  9.85572e-24  1.21412e-14  4.69156e-24  1.42011e-15  1.63319e-24  1.18541e-16  4.58528e-25  2.25095e-18  1.08903e-25 -1.58626e-18  2.24816e-26 -4.05287e-19  4.07608e-27 -6.61977e-20  6.49712e-28  -8.5414e-21  9.10258e-29 -9.21003e-22  1.11793e-29 -8.46125e-23   1.1911e-30 -6.65352e-24   1.0856e-31 -4.46132e-25  8.38491e-33 -2.52409e-26  5.42958e-34  -1.1838e-27  2.86001e-35 -4.47777e-29  1.16122e-36  -1.3085e-30  3.39852e-38 -2.74701e-32  6.51889e-40 -3.58647e-34  6.51844e-42  -1.8826e-36
