   0.0903292 -1.47288e-15    0.0977968 -9.66258e-16    0.0280624  1.92234e-17   -0.0216727    3.719e-16   -0.0184092  1.50033e-16   0.00204924 -7.56949e-17   0.00835088 -7.92658e-17   0.00245453  -2.7778e-18  -0.00238346  2.23555e-17  -0.00199394  3.65903e-18  4.94987e-05 -1.05839e-17  0.000781059 -7.09065e-18  0.000351669  6.37478e-19 -0.000107388  3.04422e-18  -0.00017605  1.44332e-18 -5.64682e-05 -1.91945e-19  2.55096e-05 -5.41974e-19  3.12619e-05 -2.40599e-19  1.05636e-05  2.04865e-20 -2.16197e-06  7.46487e-20 -3.87373e-06   3.7142e-20  -1.8381e-06  5.20411e-21 -3.38109e-07 -4.14334e-21  1.08508e-07 -3.24186e-21  1.05175e-07 -1.23433e-21  4.16712e-08 -3.04071e-22  1.05258e-08 -4.82601e-23  1.79336e-09 -4.40867e-24  1.98983e-10 -1.30939e-25  1.26579e-11  1.22923e-26  3.00857e-13
-1.47288e-15     0.106803 -1.76384e-15    0.0647969 -5.62965e-16   -0.0123373  4.12203e-16   -0.0349645  4.17007e-16   -0.0111293   2.9944e-17    0.0100086 -1.40631e-16   0.00948427 -6.28197e-17  0.000263104  2.68017e-17  -0.00386479  3.08012e-17   -0.0020557 -2.49981e-18  0.000510778 -1.69471e-17   0.00109444 -8.73109e-18  0.000400921  1.76162e-18 -0.000189994   4.3223e-18 -0.000257335  1.88372e-18 -8.50416e-05 -3.62433e-19  3.56602e-05 -8.45882e-19  4.93196e-05  -3.9509e-19  2.02545e-05  1.36185e-20  -8.5292e-07  1.14337e-19 -5.68724e-06  6.61713e-20 -3.44427e-06  1.57112e-20 -1.05595e-06 -3.02895e-21 -8.31569e-08 -4.19923e-21   8.4545e-08  -1.9223e-21  4.81797e-08 -5.59126e-22  1.42393e-08 -1.10794e-22  2.67878e-09 -1.50789e-23  3.13331e-10 -1.22836e-24  1.87579e-11 -4.07537e-26
   0.0977968 -1.76384e-15     0.110738 -1.23021e-15    0.0379406 -4.96748e-17   -0.0227325  4.69956e-16   -0.0273752  2.63588e-16  -0.00375759 -5.78863e-17    0.0106688 -1.23201e-16   0.00760048 -2.55227e-17 -0.000720045  4.32134e-17  -0.00393871  3.16831e-17  -0.00195744 -5.79643e-18  0.000618388 -1.96056e-17   0.00122889 -9.93931e-18  0.000481621  1.89825e-18 -0.000208774  5.00151e-18 -0.000320637   2.3552e-18 -0.000125496 -3.48989e-19    3.296e-05 -1.05136e-18  6.36111e-05 -5.41302e-19  3.21731e-05 -2.27735e-20  3.57873e-06  1.31943e-19 -5.78929e-06  9.01485e-20  -4.6508e-06  2.91779e-20 -1.91503e-06  1.92062e-21 -4.65721e-07 -2.91707e-21 -4.18295e-08  -1.7086e-21  1.51581e-08 -5.29594e-22  7.17471e-09 -1.05448e-22  1.44503e-09 -1.34082e-23  1.50797e-10 -8.63151e-25  5.73571e-12
-9.66258e-16    0.0647969 -1.23021e-15    0.0517637 -5.92062e-16   0.00878054  1.14401e-16    -0.020214  3.30817e-16   -0.0189685  1.50551e-16  -0.00179886  -6.1217e-17   0.00924592 -8.98078e-17   0.00686244 -6.24291e-18 -0.000641426  4.95913e-17  -0.00395371  3.33962e-17  -0.00211602  -6.0822e-18  0.000605311 -2.10107e-17   0.00136551 -1.10591e-17  0.000594657  1.78002e-18 -0.000201687  5.49816e-18 -0.000375056  2.84484e-18 -0.000172639 -2.22049e-19  1.92023e-05 -1.14592e-18  7.20006e-05 -6.55766e-19    4.438e-05 -8.52453e-20  1.07804e-05  1.17902e-19 -3.60539e-06  9.72537e-20 -4.77687e-06  3.81108e-20  -2.4687e-06  7.50579e-21 -8.23288e-07  -4.4705e-22 -1.89467e-07  -8.4494e-22 -2.92445e-08 -2.84156e-22 -2.65864e-09 -5.41236e-23 -8.09179e-11 -5.67242e-24  5.41311e-12 -2.25126e-25
   0.0280624 -5.62965e-16    0.0379406 -5.92062e-16    0.0338524 -3.33879e-16    0.0110597  3.98892e-17   -0.0134086  2.23604e-16     -0.01697  1.15888e-16  -0.00266937 -5.08099e-17   0.00868692 -7.70028e-17   0.00696173    1.115e-18 -0.000564471  5.39141e-17  -0.00409923  3.53141e-17  -0.00228427 -5.53105e-18  0.000583336 -2.11973e-17   0.00147233 -1.14474e-17  0.000707626  1.50086e-18 -0.000168154  5.65489e-18 -0.000411669  3.20851e-18 -0.000222764  2.65186e-21 -6.55682e-06 -1.10273e-18   7.1862e-05  -7.2051e-19  5.45773e-05 -1.69966e-19  1.96818e-05  6.48653e-20  8.66278e-07  7.61808e-20 -3.37173e-06  3.42262e-20  -2.2857e-06  9.03802e-21 -8.97401e-07   1.0926e-21 -2.44466e-07 -1.27016e-22 -4.73858e-08 -7.50114e-23 -6.28801e-09  -1.4455e-23 -5.05037e-10 -1.05147e-24 -1.61032e-11
 1.92234e-17   -0.0123373 -4.96748e-17   0.00878054 -3.33879e-16     0.026732 -3.19696e-16     0.012211 -1.21763e-18   -0.0124165  1.93487e-16   -0.0164356  9.39403e-17  -0.00225235 -6.02293e-17   0.00871126  -7.5719e-17   0.00681933  5.17411e-18 -0.000604257  5.51806e-17  -0.00413875  3.57475e-17  -0.00240695 -4.04178e-18  0.000504762 -1.98561e-17   0.00153089 -1.14152e-17  0.000827052  7.74965e-19 -0.000103471  5.34704e-18 -0.000428152  3.39057e-18 -0.000272969  3.21848e-19 -4.32028e-05 -9.07412e-19   6.1452e-05 -7.16536e-19  5.99824e-05  -2.6244e-19  2.82645e-05 -2.34403e-20  6.76943e-06  2.55435e-20  -5.7227e-07  1.51707e-20 -1.27429e-06   4.4621e-21 -6.05879e-07  6.34519e-22 -1.75108e-07  2.19673e-23 -3.35341e-08 -9.87432e-24   -4.053e-09 -1.65229e-24 -2.51923e-10 -2.34596e-27
  -0.0216727  4.12203e-16   -0.0227325  1.14401e-16    0.0110597 -3.19696e-16    0.0278595 -2.94917e-16    0.0103003  2.23898e-17   -0.0126954  1.68575e-16   -0.0151097  5.81174e-17  -0.00169729 -7.33065e-17   0.00833691 -7.38061e-17   0.00658993  5.88208e-18 -0.000473662  5.22768e-17  -0.00408091  3.50151e-17  -0.00255825 -1.72974e-18  0.000365661 -1.76074e-17   0.00155731 -1.14036e-17  0.000952178  -4.1514e-19 -1.22445e-05  4.56901e-18 -0.000421845  3.38937e-18 -0.000317577   7.4743e-19 -8.79144e-05 -5.44688e-19  3.98286e-05 -6.20815e-19  5.78362e-05 -3.33684e-19  3.38587e-05 -1.22346e-19  1.23248e-05 -3.74299e-20  2.67109e-06  -1.0642e-20  1.17865e-07 -3.09782e-21 -1.43361e-07 -8.42217e-22 -5.63739e-08  -1.4618e-22 -1.08933e-08 -1.76095e-23 -1.12087e-09 -4.61418e-25  -4.2411e-11
   3.719e-16   -0.0349645  4.69956e-16    -0.020214  3.98892e-17     0.012211 -2.94917e-16     0.023711 -2.15864e-16   0.00790817  4.06894e-17   -0.0114766  1.29338e-16   -0.0136393  2.79744e-17  -0.00168605 -7.74898e-17   0.00783701 -7.07692e-17   0.00652147  2.79151e-18  -0.00024815  4.63399e-17  -0.00401491  3.32746e-17  -0.00272704  9.46986e-19  0.000192362 -1.48367e-17   0.00155007 -1.14409e-17   0.00107249  -1.9941e-18  0.000102488     3.37e-18 -0.000388484  3.26598e-18 -0.000350239  1.29862e-18 -0.000136363  -2.0568e-20  7.75965e-06  -4.1095e-19  4.62599e-05 -3.37036e-19  3.37478e-05 -1.85071e-19  1.52365e-05 -8.11712e-20   4.8904e-06  -2.8342e-20  1.14353e-06 -8.03392e-21  1.90893e-07  -1.6937e-21  2.14043e-08 -2.39364e-22  1.41558e-09 -2.07838e-23  4.00709e-11 -3.19775e-25
  -0.0184092  4.17007e-16   -0.0273752  3.30817e-16   -0.0134086 -1.21763e-18    0.0103003 -2.15864e-16    0.0199869 -1.50255e-16   0.00731051  3.54524e-17   -0.0102544    9.788e-17   -0.0129002  1.42033e-17  -0.00184446 -7.41979e-17   0.00749547 -6.75556e-17   0.00652061 -2.83387e-18 -1.80492e-05   3.8246e-17  -0.00392309   3.0832e-17   -0.0028865  4.33415e-18 -1.52785e-05 -1.15329e-17   0.00150085  -1.1512e-17   0.00118153 -3.90374e-18  0.000237783  1.88238e-18 -0.000325545  3.08707e-18 -0.000364275  1.93363e-18  -0.00018213  6.20912e-19 -3.15801e-05 -6.83002e-20  2.52341e-05 -2.23561e-19  2.63345e-05 -1.66936e-19  1.38347e-05 -8.10618e-20  5.02853e-06 -2.85911e-20   1.3431e-06 -7.63396e-21  2.62591e-07 -1.40619e-21  3.57259e-08 -1.72778e-22   2.9689e-09 -1.05269e-23  9.83018e-11
 1.50033e-16   -0.0111293  2.63588e-16   -0.0189685  2.23604e-16   -0.0124165  2.23898e-17   0.00790817 -1.50255e-16     0.018405 -1.13112e-16   0.00715557  3.17191e-17  -0.00963188  8.33971e-17   -0.0123665  1.17908e-17  -0.00190389 -6.61026e-17   0.00717603 -6.41196e-17   0.00649892 -1.04561e-17  0.000244209  2.88885e-17  -0.00378346  2.90221e-17  -0.00303954  8.94237e-18 -0.000258935 -7.88018e-18   0.00140803 -1.16693e-17   0.00127212 -5.99983e-18  0.000387288  2.46306e-19 -0.000232189  2.82299e-18  -0.00035279  2.52692e-18 -0.000217006  1.30442e-18 -7.21913e-05  3.94575e-19 -2.22091e-06  1.28992e-20  1.27001e-05 -6.46668e-20    8.484e-06 -4.08206e-20   3.3108e-06 -1.52955e-20  8.86612e-07 -3.91729e-21  1.64025e-07 -6.43809e-22  1.95244e-08 -6.97838e-23  1.20747e-09 -2.33435e-24
  0.00204924   2.9944e-17  -0.00375759  1.50551e-16     -0.01697  1.93487e-16   -0.0126954  4.06894e-17   0.00731051 -1.13112e-16    0.0173397 -8.27101e-17   0.00658958  3.60924e-17  -0.00913867  7.78482e-17   -0.0117821  1.65347e-17  -0.00200172 -5.39138e-17   0.00681165 -6.12855e-17   0.00649705 -1.95899e-17  0.000552855   1.9904e-17  -0.00360758  2.89871e-17  -0.00318475  1.44464e-17 -0.000531323 -4.26445e-18   0.00126902  -1.1868e-17   0.00133397 -8.09633e-18  0.000542425 -1.49676e-18 -0.000109785  2.34556e-18 -0.000310057  2.91126e-18 -0.000231812   1.9124e-18 -0.000105206  8.84996e-19 -2.93404e-05  2.97478e-19 -2.64818e-06  6.88757e-20  1.84599e-06  9.61242e-21  1.06753e-06 -4.81934e-22  3.02312e-07 -5.01748e-22  5.18287e-08  -1.1471e-22  5.02306e-09 -1.44167e-23  1.83748e-10
-7.56949e-17    0.0100086 -5.78863e-17  -0.00179886  1.15888e-16   -0.0164356  1.68575e-16   -0.0114766  3.54524e-17   0.00715557 -8.27101e-17    0.0160447 -5.56261e-17   0.00611301  3.79487e-17  -0.00854622  7.57065e-17    -0.011302  2.76903e-17  -0.00218934 -3.95723e-17   0.00645525 -5.99824e-17   0.00652378 -2.90177e-17  0.000888131  1.25974e-17  -0.00339596  3.05319e-17  -0.00331059  1.99397e-17 -0.000826924 -9.40422e-19   0.00107963 -1.19675e-17   0.00135638 -1.00765e-17  0.000692025 -3.37497e-18  3.64282e-05  1.51359e-18 -0.000233179  2.91333e-18 -0.000217894  2.26305e-18 -0.000120161  1.22485e-18 -4.70355e-05  4.99979e-19 -1.35711e-05   1.5998e-19 -2.85353e-06  3.97988e-20 -4.14687e-07  7.10614e-21 -3.65629e-08  9.01422e-22 -1.24637e-09  4.64354e-23  4.46066e-11 -5.01596e-25
  0.00835088 -1.40631e-16    0.0106688  -6.1217e-17  -0.00266937  9.39403e-17   -0.0151097  1.29338e-16   -0.0102544  3.17191e-17   0.00658958 -5.56261e-17     0.014952 -4.34151e-17   0.00589421  3.25189e-17  -0.00802952   7.7325e-17   -0.0109539  4.32531e-17  -0.00239551 -2.59769e-17   0.00611312    -6.02e-17   0.00655349 -3.77125e-17   0.00124625  7.08488e-18  -0.00313956  3.25716e-17  -0.00340893  2.46903e-17  -0.00114052  2.06503e-18  0.000837907 -1.18349e-17   0.00132817  -1.1859e-17  0.000821377 -5.36886e-18  0.000196133  2.45062e-19 -0.000124121  2.37863e-18 -0.000170087  2.15781e-18 -0.000109071  1.24533e-18 -4.85959e-05  5.25208e-19 -1.62731e-05  1.70519e-19 -4.15487e-06  4.13283e-20 -7.93211e-07  7.17536e-21 -1.06891e-07  8.24995e-22 -8.88938e-09  3.56955e-23  -2.9679e-10
-7.92658e-17   0.00948427 -1.23201e-16   0.00924592 -5.08099e-17  -0.00225235  5.81174e-17   -0.0136393    9.788e-17  -0.00963188  3.60924e-17   0.00611301 -4.34151e-17    0.0142022  -4.8625e-17   0.00571228  2.38132e-17  -0.00761978  8.26706e-17   -0.0106537  5.93056e-17  -0.00261146  -1.5197e-17   0.00575858 -6.15373e-17   0.00658149 -4.54061e-17   0.00163142  2.77433e-18  -0.00283508  3.41541e-17  -0.00347159  2.84407e-17  -0.00146305  4.85612e-18  0.000543991 -1.13369e-17   0.00123777 -1.32647e-17  0.000912529 -7.33668e-18  0.000353007 -1.43231e-18  7.43683e-06  1.26289e-18 -9.19654e-05  1.53311e-18 -7.29427e-05  9.26505e-19 -3.49585e-05  3.86802e-19 -1.19422e-05  1.19769e-19 -2.98517e-06  2.64966e-20 -5.31348e-07  4.14384e-21 -6.19119e-08  3.75135e-22 -3.78947e-09  8.76101e-24
  0.00245453 -6.28197e-17   0.00760048 -8.98078e-17   0.00868692 -6.02293e-17  -0.00169729  2.79744e-17   -0.0129002  8.33971e-17  -0.00913867  3.79487e-17   0.00589421  -4.8625e-17    0.0135623 -6.31561e-17   0.00552264  1.60794e-17  -0.00723217  8.93172e-17   -0.0103893  7.23469e-17  -0.00285966 -7.89592e-18   0.00538977  -6.3706e-17    0.0066089 -5.20849e-17   0.00203965 -8.30419e-19  -0.00247945  3.48918e-17  -0.00348668  3.12492e-17  -0.00178265  7.59741e-18  0.000200735 -1.02391e-17   0.00107503 -1.39541e-17  0.000945369 -8.99486e-18  0.000483965 -3.28609e-18  0.000140407 -2.16292e-19 -1.02671e-06  5.91321e-19 -2.51492e-05  4.38552e-19 -1.49376e-05   1.8853e-19 -5.25209e-06  5.56029e-20 -1.24291e-06  1.12082e-20 -1.94733e-07   1.5778e-21 -1.79486e-08  9.83827e-23 -6.38356e-10
 -2.7778e-18  0.000263104 -2.55227e-17   0.00686244 -7.70028e-17   0.00871126 -7.33065e-17  -0.00168605  1.42033e-17   -0.0123665  7.78482e-17  -0.00854622  3.25189e-17   0.00571228 -6.31561e-17    0.0129709 -7.87717e-17   0.00539324  1.02188e-17  -0.00686097   9.4572e-17   -0.0101775  8.09287e-17  -0.00313438 -3.63387e-18   0.00500873 -6.62882e-17   0.00662697 -5.74529e-17   0.00246666 -3.88891e-18  -0.00206702  3.47242e-17  -0.00344105  3.32562e-17  -0.00208426  1.05153e-17 -0.000184039 -8.17198e-18   0.00083367  -1.3475e-17  0.000899433 -9.89001e-18  0.000558923 -4.79528e-18  0.000241789 -1.55268e-18  7.40012e-05 -2.69287e-19  1.46019e-05  2.25923e-20  1.01194e-06  3.58547e-20 -3.89824e-07  1.25233e-20 -1.46813e-07  2.72356e-21 -2.31006e-08  3.85021e-22 -1.63699e-09  1.20636e-23
 -0.00238346  2.68017e-17 -0.000720045 -6.24291e-18   0.00696173  -7.5719e-17   0.00833691 -7.74898e-17  -0.00184446  1.17908e-17   -0.0117821  7.57065e-17  -0.00802952  2.38132e-17   0.00552264 -7.87717e-17    0.0124884  -9.1918e-17   0.00531453  5.60916e-18  -0.00652591  9.73804e-17   -0.0100051  8.56281e-17  -0.00342842 -1.39078e-18   0.00460662 -6.84308e-17   0.00662739 -6.10194e-17   0.00290985 -6.54427e-18  -0.00159331  3.35581e-17  -0.00332037  3.46004e-17  -0.00234792  1.38779e-17 -0.000595168  -4.7313e-18  0.000514259 -1.13601e-17  0.000756626 -9.43775e-18  0.000546048 -5.29547e-18  0.000277851 -2.20549e-18  0.000108021 -7.15195e-19  3.28395e-05  -1.7888e-19  7.78744e-06 -3.16929e-20  1.40525e-06 -3.94268e-21  1.82024e-07  2.46686e-23  1.48076e-08  4.88236e-23  4.92248e-10
 2.23555e-17  -0.00386479  4.32134e-17 -0.000641426    1.115e-18   0.00681933 -7.38061e-17   0.00783701 -7.41979e-17  -0.00190389  1.65347e-17    -0.011302   7.7325e-17  -0.00761978  1.60794e-17   0.00539324  -9.1918e-17     0.012096 -1.01871e-16   0.00525588    2.234e-18  -0.00621361  9.82711e-17  -0.00985942  8.78694e-17  -0.00374629   3.2762e-20   0.00417641 -6.90508e-17   0.00660357 -6.26511e-17   0.00336377  -9.2759e-18  -0.00105526  3.12092e-17  -0.00310845  3.54103e-17  -0.00254777  1.78817e-17  -0.00100814  3.33065e-19  0.000127326 -7.31558e-18  0.000510017 -7.22728e-18  0.000429892 -4.41765e-18  0.000236334 -1.97888e-18  9.64827e-05 -6.93851e-19  3.01239e-05 -1.85146e-19  7.12836e-06 -3.70279e-20  1.22716e-06 -5.13771e-21  1.40348e-07 -2.35162e-22   8.5245e-09  -1.6621e-25
 -0.00199394  3.08012e-17  -0.00393871  4.95913e-17 -0.000564471  5.17411e-18   0.00658993 -7.07692e-17   0.00749547 -6.61026e-17  -0.00200172  2.76903e-17   -0.0109539  8.26706e-17  -0.00723217  1.02188e-17   0.00531453 -1.01871e-16    0.0117566 -1.08029e-16   0.00522289  6.36274e-19   -0.0059122  9.80591e-17  -0.00974024  8.88722e-17  -0.00408961  1.77323e-18   0.00371331 -6.75318e-17   0.00654574 -6.29831e-17   0.00382026 -1.28272e-17 -0.000451145  2.75454e-17  -0.00278775  3.57176e-17  -0.00265228  2.24538e-17  -0.00138832  6.81985e-18 -0.000298229 -1.61812e-18  0.000183904 -3.52283e-18  0.000234723 -2.47454e-18  0.000140854 -1.16356e-18  5.78299e-05 -4.09838e-19  1.73089e-05 -1.05409e-19  3.75422e-06 -2.05705e-20  5.59303e-07 -2.41181e-21  5.01077e-08 -7.21286e-23    1.758e-09
 3.65903e-18   -0.0020557  3.16831e-17  -0.00395371  5.39141e-17 -0.000604257  5.88208e-18   0.00652147 -6.75556e-17   0.00717603 -5.39138e-17  -0.00218934  4.32531e-17   -0.0106537  8.93172e-17  -0.00686097  5.60916e-18   0.00525588 -1.08029e-16     0.011471 -1.09691e-16   0.00522046  6.10643e-19  -0.00562232  9.70667e-17  -0.00964397  8.94406e-17  -0.00445747  4.55009e-18   0.00320991 -6.42423e-17   0.00644193 -6.31974e-17   0.00426852 -1.78151e-17  0.000218078  2.25165e-17  -0.00234154  3.52688e-17  -0.00262678  2.69556e-17   -0.0016858  1.36736e-17 -0.000698681  4.51106e-18 -0.000150088  5.46929e-19  2.65308e-05 -3.50239e-19  3.90944e-05 -2.92362e-19  1.85384e-05 -1.20232e-19  5.49679e-06 -3.28304e-20   1.0847e-06 -6.87305e-21  1.34709e-07 -5.93753e-22  8.55168e-09 -4.12797e-24
 4.94987e-05 -2.49981e-18  -0.00195744  3.33962e-17  -0.00409923  5.51806e-17 -0.000473662  2.79151e-18   0.00652061 -6.41196e-17   0.00681165 -3.95723e-17  -0.00239551  5.93056e-17   -0.0103893   9.4572e-17  -0.00652591    2.234e-18   0.00522289 -1.09691e-16    0.0112399 -1.07526e-16   0.00524202  8.89998e-19  -0.00534021  9.54259e-17  -0.00956455  9.00892e-17  -0.00485131  8.37486e-18   0.00265788 -6.02463e-17   0.00627841 -6.43395e-17   0.00469398 -2.44395e-17  0.000945889  1.59992e-17  -0.00175889  3.32933e-17  -0.00243188   2.9893e-17  -0.00182536  1.88778e-17 -0.000972731  9.14421e-18 -0.000391695  3.51719e-18 -0.000120611  1.08372e-18 -2.80004e-05  2.44925e-19 -4.71598e-06  3.88121e-20 -5.35035e-07  1.06451e-21 -3.53345e-08 -1.03958e-21  -9.6606e-10 -3.26153e-23 -4.20563e-12
-1.05839e-17  0.000510778 -5.79643e-18  -0.00211602  3.53141e-17  -0.00413875  5.22768e-17  -0.00024815 -2.83387e-18   0.00649892 -6.12855e-17   0.00645525 -2.59769e-17  -0.00261146  7.23469e-17   -0.0101775  9.73804e-17  -0.00621361  6.36274e-19   0.00522046 -1.07526e-16    0.0110529  -1.0396e-16   0.00528664  2.48152e-19  -0.00505956  9.34668e-17  -0.00949847  9.10471e-17  -0.00527254  1.27805e-17   0.00204876 -5.64725e-17   0.00603904 -6.67399e-17   0.00507566 -3.24873e-17   0.00171468    7.598e-18  -0.00103444  2.84276e-17  -0.00201856  2.91512e-17  -0.00171783  2.02342e-17  -0.00102295  1.06891e-17 -0.000468569  4.50929e-18 -0.000169874  1.50601e-18 -4.88001e-05   3.8508e-19 -1.08926e-05  7.31812e-20 -1.80473e-06  7.20296e-21 -2.02125e-07  2.30495e-22 -1.22056e-08  2.27407e-23
 0.000781059 -1.69471e-17  0.000618388  -6.0822e-18  -0.00228427  3.57475e-17  -0.00408091  4.63399e-17 -1.80492e-05 -1.04561e-17   0.00649705 -5.99824e-17   0.00611312  -1.5197e-17  -0.00285966  8.09287e-17   -0.0100051  9.82711e-17   -0.0059122  6.10643e-19   0.00524202  -1.0396e-16    0.0109063 -1.01623e-16   0.00535658 -1.57228e-18  -0.00477668  9.15829e-17  -0.00944191  9.23061e-17   -0.0057216   1.7391e-17   0.00137389 -5.31025e-17    0.0057035 -6.98815e-17   0.00538153 -4.15544e-17   0.00249706 -3.31306e-18 -0.000165195  1.92943e-17  -0.00134958  2.32169e-17  -0.00131893  1.68461e-17 -0.000827323  8.98174e-18 -0.000385828  3.73525e-18 -0.000138678  1.19347e-18 -3.83395e-05  2.91076e-19 -7.92081e-06  4.97512e-20 -1.14706e-06   4.1042e-21 -1.01369e-07  1.77756e-22 -3.54786e-09
-7.09065e-18   0.00109444 -1.96056e-17  0.000605311 -5.53105e-18  -0.00240695  3.50151e-17  -0.00401491   3.8246e-17  0.000244209 -1.95899e-17   0.00652378    -6.02e-17   0.00575858 -7.89592e-18  -0.00313438  8.56281e-17  -0.00985942  9.80591e-17  -0.00562232  8.89998e-19   0.00528664 -1.01623e-16    0.0107998 -1.01651e-16   0.00545192 -3.99167e-18  -0.00448737   8.9973e-17  -0.00938985  9.37784e-17  -0.00619782  2.22624e-17  0.000623172 -4.95156e-17   0.00524376 -7.26913e-17    0.0055725 -5.11569e-17   0.00326092 -1.68685e-17  0.000824019  5.92456e-18 -0.000465805  1.27736e-17 -0.000700919  1.00697e-17 -0.000475001  5.40275e-18 -0.000220605  2.17044e-18 -7.55409e-05  6.52111e-19 -1.91482e-05  1.49099e-19 -3.46743e-06  2.13025e-20 -4.10819e-07  1.25315e-21 -2.55107e-08   4.3312e-23
 0.000351669 -8.73109e-18   0.00122889 -2.10107e-17  0.000583336 -4.04178e-18  -0.00255825  3.32746e-17  -0.00392309  2.88885e-17  0.000552855 -2.90177e-17   0.00655349 -6.15373e-17   0.00538977 -3.63387e-18  -0.00342842  8.78694e-17  -0.00974024  9.70667e-17  -0.00534021  2.48152e-19   0.00535658 -1.01651e-16    0.0107311 -1.03358e-16   0.00557364 -6.21324e-18  -0.00418619  8.85655e-17  -0.00933584  9.54182e-17  -0.00670038  2.78396e-17 -0.000217722 -4.46242e-17   0.00463086 -7.38727e-17   0.00561066 -6.02207e-17   0.00394407 -3.13781e-17   0.00181612 -8.99747e-18  0.000457584  1.07781e-18 -5.51863e-05  2.85335e-18 -0.000120348  1.87848e-18 -6.61815e-05  7.84587e-19 -2.27288e-05  2.37235e-19 -5.32395e-06  5.32155e-20 -8.28832e-07  5.77547e-21 -7.59259e-08  1.93301e-22 -2.67933e-09
 6.37478e-19  0.000400921 -9.93931e-18   0.00136551 -2.11973e-17  0.000504762 -1.72974e-18  -0.00272704   3.0832e-17  -0.00378346   1.9904e-17  0.000888131 -3.77125e-17   0.00658149  -6.3706e-17   0.00500873 -1.39078e-18  -0.00374629  8.88722e-17  -0.00964397  9.54259e-17  -0.00505956 -1.57228e-18   0.00545192 -1.03358e-16    0.0106994 -1.05102e-16   0.00572421 -7.75745e-18  -0.00386632  8.70674e-17  -0.00927305  9.72847e-17  -0.00723091  3.47438e-17  -0.00115853 -3.71673e-17   0.00384583 -7.16986e-17   0.00543539  -6.6088e-17   0.00439699 -4.26976e-17   0.00257131  -2.0729e-17   0.00115517 -7.71629e-18   0.00040577 -2.11574e-18  0.000111291 -3.23107e-19  2.35309e-05  1.89707e-20  3.76088e-06  3.82255e-20  4.44949e-07  1.15893e-20  3.79867e-08  6.72236e-22  2.06214e-09 -7.23723e-25
-0.000107388  1.76162e-18  0.000481621 -1.10591e-17   0.00147233 -1.98561e-17  0.000365661  9.46986e-19   -0.0028865  2.90221e-17  -0.00360758  1.25974e-17   0.00124625 -4.54061e-17    0.0066089 -6.62882e-17   0.00460662   3.2762e-20  -0.00408961  8.94406e-17  -0.00956455  9.34668e-17  -0.00477668 -3.99167e-18   0.00557364 -1.05102e-16    0.0107051 -1.05508e-16   0.00590757 -8.77343e-18  -0.00352082  8.51209e-17  -0.00919697  9.95672e-17  -0.00778356  4.36962e-17  -0.00219219 -2.55324e-17   0.00285626  -6.3441e-17   0.00491365 -6.44938e-17   0.00438047 -4.58509e-17   0.00282026 -2.51582e-17   0.00141988 -1.11127e-17  0.000573719  -3.8944e-18  0.000186529 -1.05218e-18  4.80798e-05 -2.02969e-19  9.48777e-06 -1.52987e-20  1.33951e-06  1.89265e-22  1.17446e-07 -1.61321e-22   4.1392e-09
 3.04422e-18 -0.000189994  1.89825e-18  0.000594657 -1.14474e-17   0.00153089 -1.76074e-17  0.000192362  4.33415e-18  -0.00303954  2.89871e-17  -0.00339596  7.08488e-18   0.00163142 -5.20849e-17   0.00662697 -6.84308e-17   0.00417641  1.77323e-18  -0.00445747  9.00892e-17  -0.00949847  9.15829e-17  -0.00448737 -6.21324e-18   0.00572421 -1.05508e-16    0.0107506 -1.04338e-16   0.00612776 -9.99014e-18  -0.00314545  8.25081e-17  -0.00909493   1.0263e-16   -0.0083326  5.57974e-17  -0.00331949 -7.48685e-18   0.00157159 -4.59013e-17   0.00386167 -5.18762e-17    0.0036999 -3.84266e-17   0.00244853 -2.15636e-17   0.00123837 -9.57142e-18  0.000492094 -3.31012e-18  0.000153442 -8.85394e-19  3.67201e-05 -1.60687e-19  6.43055e-06 -1.36715e-20  7.49835e-07 -9.82981e-22  4.64513e-08 -8.10265e-23
 -0.00017605   4.3223e-18 -0.000208774  1.78002e-18  0.000707626 -1.14152e-17   0.00155731 -1.48367e-17 -1.52785e-05  8.94237e-18  -0.00318475  3.05319e-17  -0.00313956  2.77433e-18   0.00203965 -5.74529e-17   0.00662739 -6.90508e-17   0.00371331  4.55009e-18  -0.00485131  9.10471e-17  -0.00944191   8.9973e-17  -0.00418619 -7.75745e-18   0.00590757 -1.04338e-16    0.0108382 -1.02586e-16   0.00638584 -1.23269e-17    -0.002728  7.93097e-17  -0.00893403   1.0721e-16  -0.00885938  7.26083e-17  -0.00459159  1.87543e-17 -0.000117733 -1.80807e-17   0.00220695 -2.89003e-17   0.00240306 -2.29333e-17    0.0016119  -1.3021e-17  0.000791956 -5.63656e-18  0.000296892 -1.86988e-18  8.48864e-05 -4.71916e-19  1.79993e-05 -7.14536e-20  2.65688e-06 -4.98373e-21  2.37854e-07 -4.20585e-22  8.38754e-09
 1.44332e-18 -0.000257335  5.00151e-18 -0.000201687  1.50086e-18  0.000827052 -1.14036e-17   0.00155007 -1.15329e-17 -0.000258935  1.44464e-17  -0.00331059  3.25716e-17  -0.00283508 -8.30419e-19   0.00246666 -6.10194e-17   0.00660357 -6.75318e-17   0.00320991  8.37486e-18  -0.00527254  9.23061e-17  -0.00938985  8.85655e-17  -0.00386632 -8.77343e-18   0.00612776 -1.02586e-16    0.0109673 -1.01871e-16   0.00669073 -1.64094e-17  -0.00223663  7.60238e-17  -0.00869061  1.14272e-16  -0.00939449  9.46886e-17  -0.00605952  5.15893e-17  -0.00216391  1.57324e-17  0.000177001 -1.83771e-18   0.00084593 -5.70456e-18  0.000661574 -4.16703e-18  0.000327471 -1.94539e-18  0.000116372 -6.76069e-19  3.01952e-05 -1.64537e-19  5.54706e-06 -1.81464e-20  6.62256e-07 -9.56808e-22  4.12096e-08 -8.21593e-23
-5.64682e-05  1.88372e-18 -0.000320637  5.49816e-18 -0.000168154  7.74965e-19  0.000952178 -1.14409e-17   0.00150085 -7.88018e-18 -0.000531323  1.99397e-17  -0.00340893  3.41541e-17  -0.00247945 -3.88891e-18   0.00290985 -6.26511e-17   0.00654574 -6.42423e-17   0.00265788  1.27805e-17   -0.0057216  9.37784e-17  -0.00933584  8.70674e-17  -0.00352082 -9.99014e-18   0.00638584 -1.01871e-16     0.011145 -1.03603e-16   0.00707054 -2.22212e-17  -0.00165133  7.32071e-17  -0.00839262  1.23371e-16  -0.00995989  1.18543e-16  -0.00759277  8.36243e-17  -0.00419755  4.60457e-17  -0.00170413  2.02872e-17 -0.000475905  6.94464e-18 -6.50371e-05  1.65858e-18  1.31454e-05  1.78738e-19  1.03918e-05 -7.15286e-20  3.04646e-06 -2.52551e-20  5.14357e-07 -4.85079e-22  4.77006e-08 -1.99228e-23  1.62097e-09
-1.91945e-19 -8.50416e-05   2.3552e-18 -0.000375056  5.65489e-18 -0.000103471  -4.1514e-19   0.00107249  -1.1512e-17   0.00140803 -4.26445e-18 -0.000826924  2.46903e-17  -0.00347159  3.48918e-17  -0.00206702 -6.54427e-18   0.00336377 -6.29831e-17   0.00644193 -6.02463e-17   0.00204876   1.7391e-17  -0.00619782  9.54182e-17  -0.00927305  8.51209e-17  -0.00314545 -1.23269e-17   0.00669073 -1.03603e-16    0.0113976 -1.08307e-16   0.00753992 -2.94539e-17  -0.00100645  6.97539e-17  -0.00805667  1.29833e-16   -0.0103873  1.34954e-16  -0.00874617  1.03447e-16  -0.00560677  6.28014e-17  -0.00287976  3.09368e-17  -0.00120895  1.21641e-17 -0.000416484  3.72428e-18  -0.00011667   8.0581e-19 -2.59216e-05  9.56675e-20 -4.34776e-06  1.06427e-20 -4.99659e-07   1.7383e-21 -3.12796e-08  5.75513e-23
 2.55096e-05 -3.62433e-19 -0.000125496  2.84484e-18 -0.000411669  5.34704e-18 -1.22445e-05  -1.9941e-18   0.00118153 -1.16693e-17   0.00126902 -9.40422e-19  -0.00114052  2.84407e-17  -0.00348668  3.47242e-17  -0.00159331  -9.2759e-18   0.00382026 -6.31974e-17   0.00627841 -5.64725e-17   0.00137389  2.22624e-17  -0.00670038  9.72847e-17  -0.00919697  8.25081e-17    -0.002728 -1.64094e-17   0.00707054 -1.08307e-16    0.0117375 -1.15811e-16   0.00805739  -3.9331e-17 -0.000324284  6.04159e-17  -0.00750768  1.23932e-16    -0.010215  1.32274e-16  -0.00890872  1.01942e-16  -0.00588261  6.14503e-17  -0.00309091  2.95183e-17  -0.00131132   1.1168e-17 -0.000447529  3.24561e-18 -0.000120563  6.44334e-19 -2.46937e-05  8.01432e-20 -3.58909e-06  9.86635e-21 -3.21269e-07  8.51718e-22 -1.14714e-08
-5.41974e-19  3.56602e-05 -3.48989e-19 -0.000172639  3.20851e-18 -0.000428152  4.56901e-18  0.000102488 -3.90374e-18   0.00127212  -1.1868e-17   0.00107963  2.06503e-18  -0.00146305  3.12492e-17  -0.00344105  3.35581e-17  -0.00105526 -1.28272e-17   0.00426852 -6.43395e-17   0.00603904 -5.31025e-17  0.000623172  2.78396e-17  -0.00723091  9.95672e-17  -0.00909493  7.93097e-17  -0.00223663 -2.22212e-17   0.00753992 -1.15811e-16    0.0121202 -1.27151e-16   0.00859402 -5.70364e-17  0.000564195  3.57941e-17   -0.0063006  9.53289e-17  -0.00889367  1.03998e-16  -0.00770814  7.86197e-17   -0.0049655  4.55655e-17  -0.00250461  2.06254e-17  -0.00100216  7.25966e-18 -0.000315798  1.89585e-18 -7.64414e-05  3.18028e-19 -1.35349e-05  3.66716e-20 -1.59424e-06  4.26842e-21 -9.96607e-08  2.52817e-22
 3.12619e-05 -8.45882e-19    3.296e-05 -2.22049e-19 -0.000222764  3.39057e-18 -0.000421845     3.37e-18  0.000237783 -5.99983e-18   0.00133397 -1.19675e-17  0.000837907  4.85612e-18  -0.00178265  3.32562e-17  -0.00332037  3.12092e-17 -0.000451145 -1.78151e-17   0.00469398 -6.67399e-17    0.0057035 -4.95156e-17 -0.000217722  3.47438e-17  -0.00778356   1.0263e-16  -0.00893403  7.60238e-17  -0.00165133 -2.94539e-17   0.00805739 -1.27151e-16    0.0125143 -1.47168e-16     0.009312 -9.13338e-17   0.00207983 -1.24239e-17   -0.0039675  4.11755e-17  -0.00622673  5.47998e-17  -0.00534248  4.25773e-17  -0.00329686    2.408e-17  -0.00156033  1.03379e-17 -0.000574629  3.38367e-18 -0.000163017  7.63099e-19 -3.44923e-05  1.02153e-19 -5.09859e-06  1.17937e-20   -4.582e-07   1.3431e-21 -1.62497e-08
-2.40599e-19  4.93196e-05 -1.05136e-18  1.92023e-05  2.65186e-21 -0.000272969  3.38937e-18 -0.000388484  1.88238e-18  0.000387288 -8.09633e-18   0.00135638 -1.18349e-17  0.000543991  7.59741e-18  -0.00208426  3.46004e-17  -0.00310845  2.75454e-17  0.000218078 -2.44395e-17   0.00507566 -6.98815e-17   0.00524376 -4.46242e-17  -0.00115853  4.36962e-17   -0.0083326   1.0721e-16  -0.00869061  7.32071e-17  -0.00100645  -3.9331e-17   0.00859402 -1.47168e-16    0.0130791 -1.84136e-16    0.0106146 -1.48818e-16   0.00462084 -8.33123e-17 -0.000475586 -2.86761e-17  -0.00266568  -5.4502e-19  -0.00253215  7.20922e-18  -0.00154346  5.74579e-18 -0.000689907  2.78041e-18 -0.000232776  9.14416e-19 -5.87171e-05   1.6358e-19 -1.06275e-05   1.6238e-20 -1.26081e-06  3.08397e-21 -7.84369e-08   3.5435e-22
 1.05636e-05  -3.9509e-19  6.36111e-05 -1.14592e-18 -6.55682e-06  3.21848e-19 -0.000317577  3.26598e-18 -0.000325545  2.46306e-19  0.000542425 -1.00765e-17   0.00132817 -1.13369e-17  0.000200735  1.05153e-17  -0.00234792  3.54103e-17  -0.00278775  2.25165e-17  0.000945889 -3.24873e-17   0.00538153 -7.26913e-17   0.00463086 -3.71673e-17  -0.00219219  5.57974e-17  -0.00885938  1.14272e-16  -0.00839262  6.97539e-17 -0.000324284 -5.70364e-17     0.009312 -1.84136e-16     0.014212 -2.43774e-16    0.0128565 -2.25698e-16   0.00809843 -1.62592e-16    0.0035216 -9.47824e-17  0.000843019 -4.50327e-17 -0.000120792 -1.70774e-17 -0.000230756 -4.95881e-18 -0.000123995 -9.74264e-19 -4.18798e-05 -1.41155e-19 -9.64158e-06  -3.3858e-20 -1.46989e-06 -2.43201e-21 -1.31036e-07  8.87013e-22 -4.45745e-09
 2.04865e-20  2.02545e-05 -5.41302e-19  7.20006e-05 -1.10273e-18 -4.32028e-05   7.4743e-19 -0.000350239  3.08707e-18 -0.000232189 -1.49676e-18  0.000692025  -1.1859e-17   0.00123777 -1.02391e-17 -0.000184039  1.38779e-17  -0.00254777  3.57176e-17  -0.00234154  1.59992e-17   0.00171468 -4.15544e-17    0.0055725 -7.38727e-17   0.00384583 -2.55324e-17  -0.00331949  7.26083e-17  -0.00939449  1.23371e-16  -0.00805667  6.04159e-17  0.000564195 -9.13338e-17    0.0106146 -2.43774e-16     0.016253 -3.20865e-16     0.015878 -3.04509e-16     0.011726 -2.27573e-16    0.0069324 -1.38096e-16   0.00336593 -6.81664e-17   0.00135745 -2.70106e-17  0.000455389 -8.32542e-18  0.000125918 -1.91427e-18  2.80006e-05 -3.52034e-19   4.7635e-06 -5.00292e-20   5.6156e-07  -1.9373e-21  3.63609e-08  2.98259e-22
-2.16197e-06  1.36185e-20  3.21731e-05 -6.55766e-19   7.1862e-05 -9.07412e-19 -8.79144e-05  1.29862e-18 -0.000364275  2.82299e-18 -0.000109785 -3.37497e-18  0.000821377 -1.32647e-17   0.00107503 -8.17198e-18 -0.000595168  1.78817e-17  -0.00265228  3.52688e-17  -0.00175889    7.598e-18   0.00249706 -5.11569e-17   0.00561066 -7.16986e-17   0.00285626 -7.48685e-18  -0.00459159  9.46886e-17  -0.00995989  1.29833e-16  -0.00750768  3.57941e-17   0.00207983 -1.48818e-16    0.0128565 -3.20865e-16    0.0190197 -3.96294e-16    0.0188219 -3.60518e-16    0.0143403 -2.58692e-16   0.00881923 -1.49612e-16   0.00445406 -6.96318e-17   0.00185031 -2.56852e-17  0.000625901 -7.25144e-18  0.000168562 -1.53391e-18  3.47323e-05 -2.49779e-19  5.10308e-06 -2.49299e-20  4.63535e-07 -2.17403e-22  1.68488e-08
 7.46487e-20  -8.5292e-07 -2.27735e-20    4.438e-05  -7.2051e-19   6.1452e-05 -5.44688e-19 -0.000136363  1.93363e-18  -0.00035279  2.34556e-18  3.64282e-05 -5.36886e-18  0.000912529 -1.39541e-17   0.00083367  -4.7313e-18  -0.00100814  2.24538e-17  -0.00262678  3.32933e-17  -0.00103444 -3.31306e-18   0.00326092 -6.02207e-17   0.00543539  -6.3441e-17   0.00157159  1.87543e-17  -0.00605952  1.18543e-16   -0.0103873  1.23932e-16   -0.0063006 -1.24239e-17   0.00462084 -2.25698e-16     0.015878 -3.96294e-16    0.0216334 -4.44292e-16       0.0205 -3.74438e-16    0.0150512 -2.49498e-16   0.00888359 -1.33227e-16   0.00426319 -5.67225e-17   0.00165846 -1.88539e-17  0.000515229 -4.72164e-18  0.000124155 -8.82836e-19  2.20436e-05 -1.18247e-19  2.61849e-06 -7.43591e-21  1.65864e-07  1.47653e-22
-3.87373e-06  1.14337e-19  3.57873e-06 -8.52453e-20  5.45773e-05 -7.16536e-19  3.98286e-05  -2.0568e-20  -0.00018213  2.52692e-18 -0.000310057  1.51359e-18  0.000196133 -7.33668e-18  0.000945369  -1.3475e-17  0.000514259  3.33065e-19  -0.00138832  2.69556e-17  -0.00243188  2.84276e-17 -0.000165195 -1.68685e-17   0.00394407  -6.6088e-17   0.00491365 -4.59013e-17 -0.000117733  5.15893e-17  -0.00759277  1.34954e-16    -0.010215  9.53289e-17   -0.0039675 -8.33123e-17   0.00809843 -3.04509e-16    0.0188219 -4.44292e-16    0.0229012 -4.45881e-16    0.0200749 -3.42475e-16    0.0137235 -2.08467e-16   0.00752068 -1.01199e-16   0.00332469 -3.87827e-17   0.00117697  -1.1408e-17  0.000326937 -2.49618e-18  6.86173e-05  -4.0095e-19    1.016e-05 -4.08131e-20  9.21815e-07    -1.19e-21  3.32263e-08
  3.7142e-20 -5.68724e-06  1.31943e-19  1.07804e-05 -1.69966e-19  5.99824e-05 -6.20815e-19  7.75965e-06  6.20912e-19 -0.000217006  2.91126e-18 -0.000233179  2.45062e-19  0.000353007 -8.99486e-18  0.000899433 -1.13601e-17  0.000127326  6.81985e-18   -0.0016858   2.9893e-17  -0.00201856  1.92943e-17  0.000824019 -3.13781e-17   0.00439699 -6.44938e-17   0.00386167 -1.80807e-17  -0.00216391  8.36243e-17  -0.00874617  1.32274e-16  -0.00889367  4.11755e-17 -0.000475586 -1.62592e-16     0.011726 -3.60518e-16       0.0205 -4.45881e-16    0.0220074  -3.9895e-16    0.0175341 -2.77048e-16     0.010969 -1.52641e-16   0.00549115 -6.67003e-17   0.00220197 -2.27242e-17  0.000698558  -5.8392e-18  0.000170596 -1.10327e-18  3.05068e-05 -1.46234e-19   3.6314e-06  -1.0031e-20   2.2955e-07  9.98191e-24
 -1.8381e-06  6.61713e-20 -5.78929e-06  1.17902e-19  1.96818e-05  -2.6244e-19  5.78362e-05  -4.1095e-19 -3.15801e-05  1.30442e-18 -0.000231812  2.91333e-18 -0.000124121 -1.43231e-18  0.000483965 -9.89001e-18  0.000756626 -7.31558e-18 -0.000298229  1.36736e-17  -0.00182536  2.91512e-17  -0.00134958  5.92456e-18   0.00181612 -4.26976e-17   0.00438047 -5.18762e-17   0.00220695  1.57324e-17  -0.00419755  1.03447e-16  -0.00890872  1.03998e-16  -0.00622673 -2.86761e-17    0.0035216 -2.27573e-16    0.0143403 -3.74438e-16    0.0200749  -3.9895e-16    0.0189848 -3.18231e-16    0.0136372 -1.98924e-16   0.00773527 -9.85753e-17   0.00350373 -3.84497e-17    0.0012615  -1.1513e-17  0.000354376   -2.558e-18  7.48796e-05 -4.10495e-19  1.11222e-05 -4.20572e-20  1.00934e-06 -1.51675e-21  3.63023e-08
 5.20411e-21 -3.44427e-06  9.01485e-20 -3.60539e-06  6.48653e-20  2.82645e-05 -3.33684e-19  4.62599e-05 -6.83002e-20 -7.21913e-05   1.9124e-18 -0.000217894  2.37863e-18  7.43683e-06 -3.28609e-18  0.000558923 -9.43775e-18  0.000510017 -1.61812e-18 -0.000698681  1.88778e-17  -0.00171783  2.32169e-17 -0.000465805 -8.99747e-18   0.00257131 -4.58509e-17    0.0036999 -2.89003e-17  0.000177001  4.60457e-17  -0.00560677  1.01942e-16  -0.00770814  5.47998e-17  -0.00266568 -9.47824e-17    0.0069324 -2.58692e-16    0.0150512 -3.42475e-16    0.0175341 -3.18231e-16    0.0146451 -2.26525e-16   0.00945068 -1.27059e-16   0.00483353 -5.63207e-17   0.00196731 -1.94383e-17  0.000630448 -5.06073e-18  0.000154959  -9.6282e-19  2.78104e-05 -1.27224e-19  3.31475e-06 -9.02355e-21  2.09418e-07 -5.58415e-23
-3.38109e-07  1.57112e-20  -4.6508e-06  9.72537e-20  8.66278e-07 -2.34403e-20  3.38587e-05 -3.37036e-19  2.52341e-05  3.94575e-19 -0.000105206  2.26305e-18 -0.000170087  1.26289e-18  0.000140407 -4.79528e-18  0.000546048 -7.22728e-18  0.000183904  4.51106e-18 -0.000972731  2.02342e-17  -0.00131893  1.27736e-17  0.000457584  -2.0729e-17   0.00282026 -3.84266e-17   0.00240306 -1.83771e-18  -0.00170413  6.28014e-17  -0.00588261  7.86197e-17  -0.00534248  -5.4502e-19  0.000843019 -1.38096e-16   0.00881923 -2.49498e-16    0.0137235 -2.77048e-16    0.0136372 -2.26525e-16    0.0100951 -1.43992e-16   0.00584202 -7.22554e-17   0.00268287 -2.84781e-17  0.000975118 -8.61335e-18  0.000275644 -1.93066e-18  5.84661e-05 -3.10105e-19  8.70066e-06 -3.18562e-20  7.89866e-07 -1.25097e-21   2.8383e-08
-4.14334e-21 -1.05595e-06  2.91779e-20 -4.77687e-06  7.61808e-20  6.76943e-06 -1.22346e-19  3.37478e-05 -2.23561e-19 -2.22091e-06  8.84996e-19 -0.000120161  2.15781e-18 -9.19654e-05 -2.16292e-19  0.000241789 -5.29547e-18  0.000429892 -3.52283e-18 -0.000150088  9.14421e-18  -0.00102295  1.68461e-17 -0.000700919  1.07781e-18   0.00115517 -2.51582e-17   0.00244853 -2.29333e-17   0.00084593  2.02872e-17  -0.00287976  6.14503e-17   -0.0049655  4.25773e-17  -0.00253215 -4.50327e-17   0.00336593 -1.49612e-16   0.00888359 -2.08467e-16     0.010969 -1.98924e-16   0.00945068 -1.43992e-16   0.00621951  -8.1722e-17   0.00322325 -3.65556e-17   0.00132383  -1.2717e-17  0.000426841 -3.33654e-18  0.000105327 -6.37603e-19  1.89455e-05 -8.41235e-20   2.2602e-06  -6.0578e-21   1.4277e-07 -5.83492e-23
 1.08508e-07 -3.02895e-21 -1.91503e-06  3.81108e-20 -3.37173e-06  2.55435e-20  1.23248e-05 -1.85071e-19  2.63345e-05  1.28992e-20 -2.93404e-05  1.22485e-18 -0.000109071  1.53311e-18 -1.02671e-06 -1.55268e-18  0.000277851 -4.41765e-18  0.000234723  5.46929e-19 -0.000391695  1.06891e-17 -0.000827323  1.00697e-17 -5.51863e-05 -7.71629e-18   0.00141988 -2.15636e-17    0.0016119 -5.70456e-18 -0.000475905  3.09368e-17  -0.00309091  4.55655e-17  -0.00329686  7.20922e-18 -0.000120792 -6.81664e-17   0.00445406 -1.33227e-16   0.00752068 -1.52641e-16   0.00773527 -1.27059e-16   0.00584202  -8.1722e-17   0.00342514 -4.13598e-17   0.00158692 -1.64122e-17  0.000580268 -4.99471e-18  0.000164685  -1.1254e-18  3.50173e-05 -1.80857e-19  5.21776e-06 -1.85819e-20  4.73834e-07 -7.58575e-22  1.70191e-08
-3.24186e-21 -8.31569e-08  1.92062e-21  -2.4687e-06  3.42262e-20  -5.7227e-07 -3.74299e-20  1.52365e-05 -1.66936e-19  1.27001e-05  2.97478e-19 -4.70355e-05  1.24533e-18 -7.29427e-05  5.91321e-19  7.40012e-05 -2.20549e-18  0.000236334 -2.47454e-18  2.65308e-05  3.51719e-18 -0.000468569  8.98174e-18 -0.000475001  2.85335e-18   0.00040577 -1.11127e-17   0.00123837  -1.3021e-17  0.000661574  6.94464e-18  -0.00120895  2.95183e-17  -0.00250461    2.408e-17  -0.00154346 -1.70774e-17   0.00135745 -6.96318e-17   0.00426319 -1.01199e-16   0.00549115 -9.85753e-17   0.00483353 -7.22554e-17   0.00322325 -4.13598e-17   0.00168517 -1.86181e-17  0.000696269 -6.51016e-18  0.000225404 -1.71581e-18  5.57659e-05 -3.28618e-19   1.0046e-05 -4.32716e-20  1.19928e-06 -3.13186e-21  7.57527e-08 -3.50502e-23
 1.05175e-07 -4.19923e-21 -4.65721e-07  7.50579e-21  -2.2857e-06  1.51707e-20  2.67109e-06 -8.11712e-20  1.38347e-05 -6.46668e-20 -2.64818e-06  4.99979e-19 -4.85959e-05  9.26505e-19 -2.51492e-05 -2.69287e-19  0.000108021 -1.97888e-18  0.000140854 -3.50239e-19 -0.000120611  4.50929e-18 -0.000385828  5.40275e-18 -0.000120348 -2.11574e-18  0.000573719 -9.57142e-18  0.000791956 -4.16703e-18 -6.50371e-05  1.21641e-17  -0.00131132  2.06254e-17  -0.00156033  5.74579e-18 -0.000230756 -2.70106e-17   0.00185031 -5.67225e-17   0.00332469 -6.67003e-17   0.00350373 -5.63207e-17   0.00268287 -3.65556e-17   0.00158692 -1.86181e-17  0.000739638 -7.42237e-18  0.000271551 -2.26717e-18  7.72765e-05 -5.12102e-19   1.6459e-05 -8.22161e-20  2.45467e-06 -8.42369e-21  2.22973e-07 -3.47858e-22   8.0068e-09
-1.23433e-21   8.4545e-08 -2.91707e-21 -8.23288e-07  9.03802e-21 -1.27429e-06  -1.0642e-20   4.8904e-06 -8.10618e-20    8.484e-06  6.88757e-20 -1.35711e-05  5.25208e-19 -3.49585e-05  4.38552e-19  1.46019e-05 -7.15195e-19  9.64827e-05 -1.16356e-18  3.90944e-05  1.08372e-18 -0.000169874  3.73525e-18 -0.000220605  1.87848e-18  0.000111291  -3.8944e-18  0.000492094 -5.63656e-18  0.000327471  1.65858e-18 -0.000416484   1.1168e-17  -0.00100216  1.03379e-17 -0.000689907 -4.95881e-18  0.000455389 -2.56852e-17   0.00165846 -3.87827e-17   0.00220197 -3.84497e-17   0.00196731 -2.84781e-17   0.00132383 -1.64122e-17  0.000696269 -7.42237e-18  0.000288849 -2.60367e-18  9.37659e-05   -6.876e-19  2.32395e-05 -1.31652e-19  4.19091e-06  -1.7266e-20  5.00546e-07 -1.24475e-21  3.16178e-08 -1.41002e-23
