 0.000215601  1.67418e-18  -0.00104521 -1.31696e-17   0.00131167  3.58604e-17 -0.000277643 -6.08727e-17 -0.000317447  7.52672e-17 -1.72875e-05 -5.76836e-17  7.09025e-05  1.53305e-17  4.08403e-05  8.11905e-18  6.99035e-06 -3.17484e-18 -5.07645e-06  -2.0173e-18 -4.99959e-06 -1.39575e-19 -2.38698e-06  5.88096e-19 -6.62227e-07  1.55868e-19 -3.36672e-09 -7.57738e-20   1.2341e-07 -2.97281e-20   9.0458e-08  1.22022e-20  4.44081e-08  1.48284e-20  1.72471e-08  3.32626e-21  5.45762e-09 -3.83915e-21  1.34068e-09 -3.73414e-21  1.89376e-10 -1.61871e-21 -3.81564e-11 -2.74311e-22 -4.52034e-11  1.56816e-22 -2.36845e-11  1.63435e-22 -9.67796e-12  8.54648e-23 -3.43208e-12  3.33929e-23 -1.10035e-12  1.09605e-23 -3.25538e-13  3.15832e-24 -8.99387e-14  7.63047e-25 -2.33805e-14  1.12676e-25 -5.74794e-15 -2.33616e-26 -1.34089e-15 -3.05491e-26 -2.97477e-16 -1.74239e-26 -6.28401e-17 -7.62394e-27  -1.2646e-17 -2.80806e-27 -2.42394e-18 -8.97022e-28 -4.42195e-19 -2.52585e-28 -7.66797e-20  -6.3602e-29 -1.26179e-20 -1.44916e-29 -1.96628e-21 -3.00599e-30 -2.89483e-22 -5.68854e-31 -4.01581e-23 -9.84177e-32 -5.23399e-24 -1.56062e-32 -6.38891e-25 -2.27025e-33 -7.27877e-26 -3.02809e-34 -7.71049e-27 -3.70209e-35 -7.56278e-28 -4.14745e-36 -6.83623e-29 -4.24996e-37  -5.6645e-30 -3.97067e-38 -4.27576e-31  -3.3711e-39 -2.91846e-32 -2.59163e-40 -1.78506e-33 -1.79542e-41 -9.67222e-35  -1.1137e-42  -4.5726e-36 -6.13743e-44 -1.84576e-37 -2.97589e-45 -6.14885e-39  -1.2539e-46 -1.58631e-40 -4.51772e-48 -2.68034e-42 -1.36219e-49  -6.2261e-45 -3.33514e-51   1.2575e-45   -6.338e-53  4.23045e-47  -8.6788e-55  6.99946e-49 -7.40272e-57  5.50073e-51 -2.54022e-59
 1.67418e-18   0.00170015  5.62142e-18  -0.00447114 -2.99225e-17   0.00362455  5.52302e-17  0.000214098 -7.67293e-17   -0.0008942  1.06337e-16 -0.000331999 -8.99859e-17  8.28154e-05  1.95855e-17  0.000128825  1.85065e-17  5.73332e-05 -4.02612e-18  6.39465e-06 -5.02785e-18 -8.93596e-06 -6.56634e-19 -7.78152e-06  9.92444e-19 -3.74357e-06  2.58431e-19 -1.16803e-06 -1.09296e-19 -1.39176e-07 -5.19755e-21  1.10536e-07   6.3237e-20  1.04391e-07  4.47099e-20   5.7218e-08  4.80648e-21  2.46688e-08 -1.38929e-20  9.00653e-09 -1.19739e-20  2.84808e-09 -5.27539e-21  7.76395e-10 -1.12092e-21  1.75011e-10  2.87264e-22  2.77288e-11  4.13748e-22 -1.10097e-14   2.4198e-22 -2.35075e-12  1.05689e-22 -1.26119e-12  3.91492e-23 -4.82759e-13  1.27008e-23 -1.56419e-13  3.49031e-24 -4.52818e-14  7.09566e-25 -1.19974e-14  3.86286e-26 -2.94619e-15 -5.62129e-26 -6.75383e-16 -3.84806e-26 -1.45125e-16 -1.71388e-26 -2.92959e-17 -6.17991e-27 -5.56105e-18  -1.9086e-27 -9.92648e-19 -5.17653e-28 -1.66494e-19 -1.25457e-28 -2.62038e-20  -2.7503e-29  -3.8621e-21 -5.48716e-30 -5.31671e-22 -9.98919e-31 -6.81377e-23 -1.66313e-31  -8.0957e-24 -2.53751e-32 -8.87044e-25 -3.54937e-33 -8.90106e-26 -4.54876e-34 -8.10169e-27 -5.33914e-35 -6.59391e-28 -5.73563e-36 -4.68625e-29 -5.62676e-37 -2.77453e-30 -5.02373e-38 -1.20492e-31 -4.06729e-39 -1.65305e-33 -2.97378e-40  3.45391e-34 -1.95289e-41  4.65864e-35 -1.14384e-42  3.80052e-36 -5.92387e-44  2.37712e-37 -2.68318e-45  1.20306e-38 -1.04802e-46  4.98206e-40 -3.46498e-48  1.67485e-41 -9.45467e-50  4.46841e-43 -2.05284e-51   9.0844e-45 -3.35025e-53  1.31015e-46 -3.71494e-55  1.16064e-48 -2.22249e-57  4.08206e-51
 -0.00104521  5.62142e-18   0.00646123  1.23491e-17   -0.0112137 -4.69407e-17   0.00566092  3.80299e-17   0.00220694 -2.94325e-17    -0.001178  9.18006e-17  -0.00100997 -1.04805e-16 -0.000157576  2.03389e-17  0.000179194   2.8845e-17  0.000152225  -3.2177e-18  5.72647e-05  -7.5097e-18  3.75789e-06 -1.62092e-18 -1.04019e-05  7.74347e-19 -8.50312e-06  9.33871e-20 -4.18371e-06 -1.14854e-19 -1.45844e-06  1.29322e-19  -3.1205e-07  1.96504e-19  2.27987e-08  1.03805e-19  6.68137e-08  3.94002e-21  4.38467e-08 -3.37042e-20  2.09541e-08 -2.74851e-20  8.40906e-09 -1.25174e-20  2.97736e-09 -3.24723e-21  9.51649e-10  1.32632e-22  2.77869e-10  6.85679e-22  7.45584e-11  4.66487e-22  1.84193e-11  2.24693e-22  4.18267e-12  8.99443e-23  8.67983e-13  3.09832e-23  1.62621e-13  9.02054e-24  2.68457e-14  2.06612e-24  3.69509e-15  2.77725e-25   3.5634e-16 -4.48936e-26 -2.03439e-19 -5.17941e-26 -1.06734e-17 -2.46749e-26 -3.20585e-18 -8.90115e-27 -6.37598e-19 -2.69202e-27 -9.28347e-20 -7.09168e-28 -8.10958e-21 -1.66348e-28  4.82043e-22 -3.52185e-29  4.15522e-22 -6.77586e-30  1.16966e-22 -1.18869e-30  2.44235e-23  -1.9064e-31  4.27628e-24 -2.79989e-32  6.55112e-25 -3.76608e-33  8.94977e-26 -4.63657e-34  1.10046e-26 -5.22235e-35  1.22307e-27  -5.3757e-36  1.23029e-28 -5.04419e-37   1.1192e-29 -4.29895e-38  9.18567e-31 -3.31445e-39  6.77554e-32 -2.30089e-40  4.46783e-33  -1.4295e-41  2.61547e-34  -7.8872e-43  1.34724e-35  -3.8274e-44   6.0373e-37 -1.61344e-45  2.31941e-38 -5.81387e-47  7.49265e-40 -1.75252e-48  1.98215e-41 -4.28797e-50  4.13436e-43 -8.14103e-52  6.41107e-45 -1.11352e-53  6.66604e-47 -9.48573e-56    3.679e-49    -3.25e-58
-1.31696e-17  -0.00447114  1.23491e-17    0.0158188  2.62822e-17   -0.0196642 -7.22372e-17    0.0051114 -6.45661e-18   0.00538269  5.68019e-17 -0.000353873  4.94066e-17  -0.00169107 -1.09821e-16 -0.000741769  2.16979e-17   3.5886e-05  3.68107e-17  0.000221666 -1.22085e-19  0.000143136 -8.06358e-18  4.81458e-05 -2.85971e-18  1.91623e-06 -4.69419e-19 -9.31423e-06 -6.01093e-19 -7.45571e-06 -1.36896e-19 -3.78783e-06  4.10294e-19 -1.45385e-06  4.40806e-19 -4.17534e-07  2.00984e-19 -6.81589e-08  1.41159e-21   1.4229e-08 -6.46681e-20  1.92686e-08 -5.19697e-20  1.10876e-08 -2.47255e-20  4.91877e-09 -7.53111e-21  1.87878e-09 -7.59012e-22  6.44705e-10  7.85202e-22  2.03113e-10   6.8657e-22  5.95208e-11  3.65626e-22  1.63665e-11  1.55225e-22   4.2498e-12  5.55029e-23   1.0472e-12  1.67078e-23   2.4582e-13  4.08372e-24  5.51383e-14  7.12486e-25  1.18444e-14  2.63813e-26  2.44017e-15 -4.57508e-26  4.82422e-16 -2.58577e-26   9.1495e-17 -9.61326e-27  1.66274e-17  -2.8888e-27  2.88979e-18 -7.45673e-28  4.79087e-19 -1.70266e-28  7.55371e-20 -3.49513e-29  1.12892e-20 -6.50292e-30  1.59366e-21 -1.10152e-30  2.11734e-22 -1.70391e-31  2.63776e-23  -2.4107e-32  3.06959e-24 -3.11932e-33  3.32366e-25 -3.68944e-34  3.33461e-26 -3.98667e-35   3.0863e-27  -3.9302e-36  2.62233e-28 -3.52478e-37  2.03443e-29 -2.86469e-38   1.4323e-30 -2.10056e-39  9.08611e-32  -1.3823e-40  5.15024e-33 -8.10871e-42  2.58229e-34 -4.20402e-43  1.13115e-35 -1.90556e-44  4.26174e-37 -7.44593e-46  1.35322e-38 -2.46195e-47  3.52308e-40 -6.71562e-49  7.23177e-42 -1.45713e-50  1.10232e-43 -2.37582e-52  1.12625e-45 -2.63158e-54  6.24233e-48 -1.57243e-56  9.54967e-51
  0.00131167 -2.99225e-17   -0.0112137  2.62822e-17    0.0282043  5.54499e-17   -0.0261162 -1.16174e-16   0.00082888  -4.3716e-17   0.00818258  1.33489e-16   0.00182391  1.09659e-18  -0.00175836 -1.11037e-16  -0.00147166  2.26057e-17   -0.0003841  4.22184e-17  0.000154665  6.11568e-18  0.000212018 -5.77429e-18  0.000116837 -4.12175e-18  3.70504e-05 -2.84598e-18  1.69584e-06 -1.93431e-18 -6.65827e-06 -2.19702e-19 -5.44327e-06  8.25009e-19 -2.87566e-06  7.87355e-19 -1.19379e-06  3.31558e-19 -4.06066e-07 -3.52506e-21 -1.10476e-07 -1.07052e-19 -2.04362e-08 -8.62856e-20    2.941e-10 -4.29547e-20  2.55076e-09 -1.48139e-20  1.54981e-09 -2.91018e-21  6.76624e-10  4.35249e-22  2.50006e-10   7.7025e-22  8.24992e-11   4.7097e-22  2.49277e-11  2.12228e-22   6.9923e-12   7.8264e-23  1.83606e-12  2.41237e-23  4.53719e-13  6.14199e-24  1.05876e-13  1.21525e-24  2.33786e-14   1.3869e-25  4.89016e-15 -2.14014e-26  9.69286e-16 -2.02645e-26     1.82e-16 -8.16686e-27  3.23461e-17 -2.48553e-27  5.43433e-18 -6.35058e-28  8.61634e-19 -1.42042e-28  1.28671e-19 -2.83898e-29  1.80554e-20 -5.12342e-30  2.37441e-21 -8.39778e-31  2.91768e-22 -1.25478e-31  3.33894e-23 -1.71178e-32  3.54521e-24 -2.13197e-33  3.47766e-25 -2.42313e-34  3.13626e-26 -2.51175e-35  2.58532e-27 -2.37066e-36  1.93459e-28 -2.03091e-37  1.30292e-29 -1.57266e-38  7.81121e-31 -1.09543e-39  4.10663e-32 -6.82275e-41  1.85204e-33 -3.77144e-42  6.90673e-35 -1.83269e-43  1.97476e-36 -7.73358e-45  3.39677e-38 -2.78872e-46 -2.54336e-40 -8.40956e-48  -4.3394e-41 -2.05765e-49 -1.71157e-42 -3.90541e-51 -4.01329e-44 -5.33906e-53 -5.76117e-46 -4.54545e-55 -4.20309e-48 -1.55627e-57
 3.58604e-17   0.00362455 -4.69407e-17   -0.0196642  5.54499e-17    0.0393961  9.85954e-17   -0.0275481 -1.67782e-16  -0.00601934 -4.53147e-17   0.00898243  1.70245e-16   0.00470207 -4.26799e-17 -0.000824185 -1.12802e-16  -0.00194601  1.91497e-17 -0.000984493  4.57144e-17 -0.000113966  1.58755e-17  0.000189403 -4.95277e-19  0.000173233 -5.22784e-18  8.69381e-05 -6.10026e-18  2.74796e-05 -3.76159e-18  2.48299e-06 -3.60494e-19 -3.67312e-06  1.31699e-18 -3.28316e-06  1.18477e-18 -1.82257e-06  4.70825e-19 -8.05537e-07 -1.81957e-20 -3.03068e-07 -1.62472e-19 -9.93077e-08 -1.31063e-19 -2.83544e-08  -6.7842e-20  -6.8808e-09 -2.57042e-20 -1.29991e-09 -6.78168e-21 -1.19949e-10 -6.54244e-22  4.28541e-11   5.6081e-22  3.21512e-11  4.67133e-22  1.34366e-11   2.3086e-22  4.51418e-12  8.85497e-23  1.32637e-12   2.7927e-23  3.52325e-13  7.31558e-24   8.5989e-14  1.55156e-24  1.94519e-14  2.35077e-25  4.09837e-15   7.1883e-27  8.06296e-16 -1.15918e-26  1.48268e-16 -5.58929e-27  2.54806e-17 -1.76741e-27    4.088e-18 -4.52084e-28  6.11092e-19 -9.96805e-29  8.48702e-20 -1.94772e-29   1.0908e-20 -3.41915e-30  1.29045e-21  -5.4343e-31  1.39469e-22 -7.85474e-32  1.36187e-23 -1.03425e-32  1.18028e-24 -1.24066e-33  8.78553e-26 -1.35546e-34  5.20531e-27 -1.34789e-35  1.84149e-28 -1.21771e-36 -6.65858e-30 -9.96041e-38 -2.02744e-30 -7.34351e-39 -2.34565e-31 -4.85382e-40 -1.98401e-32 -2.85722e-41 -1.35965e-33 -1.48546e-42   -7.777e-35 -6.74845e-44 -3.73505e-36 -2.64204e-45 -1.49682e-37 -8.75044e-47 -4.92667e-39 -2.39027e-48 -1.29667e-40   -5.192e-50 -2.61423e-42 -8.47269e-52 -3.75314e-44 -9.39199e-54  -3.3195e-46 -5.61638e-56 -1.16836e-48
-0.000277643  5.52302e-17   0.00566092 -7.22372e-17   -0.0261162  9.85954e-17    0.0455426  1.35329e-16   -0.0238188 -1.96442e-16   -0.0129471 -4.62037e-18   0.00725536  1.69561e-16   0.00719958 -7.93372e-17  0.000985806 -1.19719e-16  -0.00182392   8.2428e-18  -0.00152724    4.773e-17 -0.000543053  2.83939e-17  2.87592e-05  6.88514e-18  0.000169339 -6.16691e-18  0.000126695 -9.69218e-18  6.06055e-05 -5.71858e-18  2.00406e-05 -4.98846e-19  3.27869e-06  1.80727e-18 -1.28042e-06  1.55098e-18 -1.54309e-06  5.74535e-19 -9.28964e-07 -5.96327e-20 -4.34703e-07 -2.35983e-19 -1.74155e-07  -1.8744e-19 -6.20905e-08 -9.96937e-20 -2.00907e-08 -4.04717e-20 -5.96689e-09 -1.26466e-20 -1.63791e-09 -2.68982e-21 -4.17374e-10 -6.37295e-23 -9.90201e-11  2.95129e-22 -2.19206e-11  1.87094e-22 -4.53898e-12  7.79237e-23 -8.82508e-13  2.54895e-23  -1.6229e-13  6.84766e-24 -2.86126e-14  1.50996e-24  -4.9461e-15  2.56014e-25 -8.63765e-16  2.29761e-26 -1.56458e-16 -4.71592e-27  -2.9569e-17 -3.22883e-27 -5.71682e-18 -1.08249e-27  -1.0951e-18 -2.78922e-28 -2.01958e-19 -6.08006e-29 -3.51634e-20 -1.16343e-29 -5.71357e-21 -1.98916e-30 -8.60692e-22 -3.06863e-31 -1.19727e-22 -4.29375e-32 -1.53367e-23 -5.45968e-33 -1.80476e-24 -6.31007e-34 -1.94606e-25 -6.62795e-35 -1.91727e-26 -6.32284e-36 -1.71986e-27 -5.46674e-37 -1.39884e-28 -4.26805e-38 -1.02638e-29 -2.99431e-39 -6.75198e-31 -1.87646e-40 -3.95238e-32  -1.0427e-41  -2.0396e-33 -5.08993e-43 -9.17129e-35 -2.15668e-44 -3.54041e-36 -7.80724e-46 -1.15067e-37 -2.36322e-47 -3.06628e-39 -5.80342e-49  -6.4501e-41 -1.10535e-50 -1.01002e-42 -1.51637e-52 -1.06203e-44 -1.29564e-54 -5.93778e-47 -4.45322e-57
-6.08727e-17  0.000214098  3.80299e-17    0.0051114 -1.16174e-16   -0.0275481  1.35329e-16    0.0457924  1.36729e-16   -0.0171933  -1.7964e-16   -0.0179663  6.80682e-17   0.00366239  1.54043e-16   0.00850232 -1.07243e-16   0.00315992 -1.34387e-16  -0.00101613 -9.98931e-18  -0.00176628  4.85063e-17 -0.000998613  4.17029e-17 -0.000254226  1.46064e-17  7.46267e-05 -7.07219e-18  0.000126586 -1.29723e-17  8.47011e-05  -7.3555e-18  3.98967e-05 -5.47187e-19  1.41684e-05  2.21263e-18  3.42873e-06  1.79162e-18  1.24138e-07  5.86293e-19 -4.57705e-07 -1.52713e-19 -3.44337e-07 -3.35779e-19 -1.75538e-07 -2.57067e-19 -7.41861e-08 -1.38463e-19 -2.76719e-08 -5.89521e-20 -9.37742e-09 -2.04681e-20 -2.93464e-09 -5.69527e-21 -8.57044e-10 -1.13004e-21 -2.35293e-10 -5.96485e-23 -6.10546e-11  7.52227e-23 -1.50353e-11  4.45958e-23 -3.52477e-12  1.62958e-23 -7.88393e-13  4.57422e-24 -1.68481e-13  1.02895e-24   -3.442e-14  1.77502e-25 -6.72089e-15  1.72236e-26 -1.25311e-15 -2.48719e-27 -2.22739e-16  -1.9051e-27 -3.76634e-17 -6.37187e-28 -6.04285e-18 -1.61202e-28 -9.17307e-19 -3.42762e-29 -1.31339e-19 -6.37269e-30 -1.76792e-20 -1.05606e-30  -2.2297e-21 -1.57641e-31 -2.62544e-22 -2.13086e-32 -2.87547e-23 -2.61272e-33 -2.91769e-24 -2.90642e-34   -2.731e-25 -2.93291e-35 -2.34693e-26 -2.68259e-36 -1.84193e-27  -2.2187e-37 -1.31225e-28 -1.65266e-38  -8.4274e-30 -1.10276e-39 -4.83862e-31 -6.54808e-41 -2.45921e-32 -3.43164e-42 -1.09303e-33 -1.57076e-43 -4.18391e-35 -6.19488e-45  -1.3522e-36   -2.067e-46 -3.59273e-38  -5.6893e-48 -7.55755e-40 -1.24546e-49 -1.18897e-41 -2.04873e-51  -1.2715e-43 -2.28999e-53 -7.63883e-46 -1.38155e-55  -1.4614e-48
-0.000317447 -7.67293e-17   0.00220694 -6.45661e-18   0.00082888 -1.67782e-16   -0.0238188  1.36729e-16    0.0420976  8.70717e-17   -0.0102916 -1.22169e-16   -0.0204701  1.56152e-16 -0.000660335     1.46e-16   0.00837804 -1.24312e-16   0.00512363 -1.54662e-16  0.000312988  -3.1586e-17  -0.00156314  4.85559e-17  -0.00131916  5.33224e-17 -0.000585054  2.07372e-17 -0.000104609 -8.05063e-18  6.85033e-05 -1.53416e-17  8.23374e-05 -8.28164e-18  5.18385e-05 -4.37009e-19  2.45152e-05   2.4543e-18  9.35043e-06  1.81808e-18  2.85802e-06  4.50554e-19  6.24026e-07 -3.22824e-19  3.14017e-08 -4.69885e-19 -6.01945e-08  -3.4091e-19 -4.31442e-08 -1.83347e-19 -2.05799e-08 -8.03622e-20 -8.13641e-09 -2.97846e-20 -2.84426e-09 -9.44319e-21 -9.04686e-10 -2.53575e-21 -2.65901e-10 -5.53896e-22  -7.2887e-11  -8.7657e-23 -1.87428e-11 -5.29716e-24 -4.53846e-12  2.29287e-24 -1.03728e-12  1.02982e-24 -2.24064e-13  2.33606e-25 -4.57681e-14  2.38732e-26 -8.83928e-15 -6.41468e-27 -1.61307e-15 -4.58961e-27 -2.77841e-16 -1.64193e-27 -4.51029e-17 -4.46572e-28 -6.88787e-18  -1.0158e-28 -9.87428e-19 -2.00988e-29 -1.32556e-19 -3.52958e-30 -1.66172e-20 -5.56702e-31  -1.9392e-21 -7.94237e-32 -2.09921e-22 -1.02817e-32 -2.09945e-23 -1.20814e-33 -1.93089e-24 -1.28785e-34 -1.62426e-25 -1.24458e-35 -1.24164e-26 -1.08893e-36  -8.5575e-28  -8.6008e-38 -5.26478e-29 -6.10471e-39 -2.85353e-30  -3.8705e-40 -1.33759e-31 -2.17571e-41 -5.26979e-33 -1.07431e-42 -1.65711e-34 -4.60477e-44 -3.67082e-36 -1.68683e-45 -2.95286e-38 -5.16985e-47   1.6943e-39 -1.28632e-48   9.1139e-41 -2.48393e-50  2.37671e-42 -3.45692e-52   3.6236e-44 -2.99872e-54  2.75897e-46 -1.04731e-56
 7.52672e-17   -0.0008942 -2.94325e-17   0.00538269  -4.3716e-17  -0.00601934 -1.96442e-16   -0.0171933  8.70717e-17     0.037142 -6.13396e-18  -0.00463179 -4.88745e-17   -0.0209087  2.43493e-16  -0.00478396  1.54552e-16   0.00705461 -1.30084e-16   0.00647699 -1.74154e-16   0.00186662 -5.01955e-17 -0.000922431  4.87687e-17  -0.00138199  6.12708e-17  -0.00086205  2.40473e-17 -0.000325387 -8.95249e-18 -4.32458e-05 -1.63209e-17  4.43957e-05 -8.24992e-18  4.66308e-05 -1.49795e-19  2.85527e-05   2.4642e-18  1.36627e-05  1.56516e-18  5.50281e-06  1.29141e-19  1.91234e-06 -5.85087e-19  5.73313e-07 -6.40855e-19  1.43915e-07 -4.37154e-19  2.70845e-08 -2.32062e-19  1.78109e-09 -1.03075e-19  -1.4855e-09 -3.96549e-20 -9.82117e-10 -1.34549e-20 -4.10555e-10 -4.06146e-21 -1.40831e-10 -1.09632e-21 -4.25069e-11 -2.67116e-22 -1.16221e-11 -6.00529e-23 -2.92103e-12 -1.29514e-23 -6.80366e-13 -2.80827e-24 -1.47537e-13 -6.33491e-25 -2.98603e-14 -1.49574e-25 -5.64645e-15 -3.61701e-26 -9.97581e-16 -8.62289e-27 -1.64527e-16 -1.95262e-27 -2.52891e-17 -4.09889e-28 -3.61395e-18  -7.8844e-29  -4.7857e-19 -1.38408e-29 -5.84652e-20 -2.21647e-30 -6.54985e-21 -3.24184e-31 -6.67259e-22 -4.33451e-32 -6.10423e-23 -5.29401e-33 -4.91197e-24  -5.8943e-34 -3.34115e-25 -5.96952e-35 -1.73805e-26 -5.48868e-36 -4.25386e-28 -4.57031e-37  4.09051e-29 -3.43337e-38  7.55502e-30  -2.3145e-39  7.43258e-31 -1.39044e-40  5.52959e-32 -7.38053e-42  3.34423e-33 -3.42479e-43  1.67678e-34 -1.37048e-44  6.96677e-36  -4.6444e-46  2.36781e-37  -1.2998e-47  6.42001e-39  -2.8964e-49  1.33168e-40 -4.85454e-51  1.96597e-42 -5.53359e-53  1.78818e-44 -3.40744e-55   6.4765e-47
-1.72875e-05  1.06337e-16    -0.001178  5.68019e-17   0.00818258 -4.53147e-17   -0.0129471  -1.7964e-16   -0.0102916 -6.13396e-18    0.0326967 -1.20206e-16 -0.000521902  1.50412e-17   -0.0200605  3.16626e-16  -0.00822637  1.74088e-16   0.00494349 -1.27069e-16   0.00705429 -1.85582e-16   0.00334378 -5.99817e-17  3.94178e-05  4.99532e-17  -0.00113854   6.4768e-17 -0.000993988  2.45391e-17 -0.000524092 -9.24378e-18 -0.000181849  -1.5555e-17 -2.43486e-05 -7.17316e-18  2.10883e-05  2.80957e-19  2.22669e-05  2.19686e-18  1.36439e-05  1.00907e-18  6.61924e-06 -3.82497e-19  2.75663e-06 -9.34062e-19  1.01982e-06 -8.40817e-19  3.41137e-07 -5.39282e-19  1.04213e-07 -2.80284e-19  2.92348e-08 -1.24565e-19   7.5506e-09 -4.87439e-20  1.79581e-09 -1.70898e-20  3.92558e-10 -5.42829e-21  7.85476e-11 -1.57683e-21  1.42945e-11 -4.23813e-22   2.3463e-12 -1.06978e-22  3.44819e-13 -2.57349e-23  4.57279e-14  -5.9569e-24  5.89154e-15 -1.33142e-24  9.18996e-16 -2.87512e-25  2.06228e-16 -5.99264e-26  5.52039e-17  -1.2005e-26  1.42126e-17 -2.29301e-27  3.28005e-18  -4.1365e-28  6.73147e-19 -6.98839e-29  1.23591e-19 -1.09863e-29  2.04423e-20 -1.60046e-30  3.06199e-21 -2.15521e-31    4.167e-22 -2.67683e-32  5.16027e-23 -3.05719e-33  5.81599e-24 -3.19885e-34  5.95977e-25  -3.0556e-35  5.54068e-26 -2.65577e-36  4.65834e-27 -2.09239e-37  3.52658e-28 -1.48703e-38   2.3906e-29 -9.47218e-40  1.44088e-30 -5.36483e-41  7.65344e-32 -2.67516e-42  3.54245e-33 -1.16006e-43  1.40826e-34 -4.30576e-45  4.71749e-36 -1.33897e-46  1.29744e-37 -3.38482e-48  2.82221e-39 -6.64861e-50  4.58194e-41 -9.42093e-52  5.01334e-43  -8.3264e-54  2.93137e-45 -2.96455e-56
-5.76836e-17 -0.000331999  9.18006e-17 -0.000353873  1.33489e-16   0.00898243 -4.62037e-18   -0.0179663 -1.22169e-16  -0.00463179 -1.20206e-16    0.0293362 -2.30993e-16   0.00235284  5.66632e-17   -0.0185626  3.64965e-16   -0.0108611  1.90571e-16   0.00243664 -1.19907e-16   0.00686937 -1.84434e-16   0.00451386 -5.83578e-17    0.0011499  5.22187e-17 -0.000616331  6.43171e-17 -0.000927128  2.33854e-17 -0.000638487 -8.09919e-18 -0.000307218 -1.28263e-17 -0.000105937 -5.10745e-18 -1.95998e-05  7.89023e-19  5.76512e-06  1.64663e-18  8.21953e-06   1.8213e-19   5.2962e-06 -1.04507e-18  2.62712e-06 -1.33847e-18   1.1156e-06 -1.04948e-18  4.22999e-07 -6.35676e-19   1.4639e-07 -3.21843e-19   4.6867e-08 -1.41734e-19  1.40085e-08 -5.55899e-20  3.93568e-09 -1.97091e-20   1.0448e-09 -6.38035e-21  2.63176e-10 -1.90202e-21  6.31111e-11 -5.26837e-22  1.44445e-11 -1.36826e-22   3.1606e-12  -3.3552e-23  6.61702e-13 -7.79408e-24   1.3254e-13 -1.71631e-24  2.53758e-14 -3.58279e-25  4.63597e-15 -7.08979e-26  8.06315e-16 -1.32861e-26  1.33139e-16 -2.35172e-27  2.08067e-17 -3.91693e-28  3.06744e-18 -6.11255e-29  4.25158e-19 -8.90173e-30    5.521e-20 -1.20588e-30  6.69313e-21 -1.51565e-31  7.54709e-22 -1.76268e-32  7.88459e-23 -1.89021e-33  7.60004e-24 -1.86144e-34   6.7284e-25 -1.67647e-35  5.44332e-26 -1.37509e-36  4.00108e-27 -1.02233e-37  2.65443e-28   -6.849e-39  1.57712e-29 -4.10442e-40  8.31422e-31 -2.18026e-41  3.84513e-32 -1.01508e-42  1.53812e-33 -4.08365e-44  5.22615e-35 -1.39344e-45  1.47242e-36  -3.9318e-47  3.32687e-38 -8.84354e-49  5.73771e-40 -1.49753e-50  6.96959e-42 -1.72573e-52  5.10595e-44 -1.07472e-54  1.43324e-46
 7.09025e-05 -8.99859e-17  -0.00100997  4.94066e-17   0.00182391  1.70245e-16   0.00725536  6.80682e-17   -0.0204701 -4.88745e-17 -0.000521902 -2.30993e-16     0.026946 -3.20187e-16   0.00441092  7.58612e-17   -0.0167981  3.81297e-16   -0.0127437  1.90178e-16 -0.000173058 -1.13372e-16   0.00603447 -1.70868e-16   0.00523708 -4.70546e-17   0.00222936  5.47289e-17  9.94245e-05  6.12818e-17  -0.00065628  2.23747e-17 -0.000626745   -4.703e-18 -0.000379673 -8.12379e-18 -0.000175464 -2.23638e-18 -6.33792e-05  1.29946e-18 -1.63298e-05  8.60605e-19 -1.28933e-06 -8.23739e-19  1.71615e-06 -1.77697e-18  1.43749e-06 -1.74429e-18  7.68234e-07  -1.2369e-18  3.35939e-07 -7.11546e-19  1.28959e-07 -3.49956e-19  4.48242e-08 -1.51638e-19  1.43458e-08 -5.89917e-20  4.27092e-09 -2.08576e-20  1.19069e-09 -6.75954e-21   3.1224e-10 -2.02224e-21  7.72484e-11 -5.62322e-22  1.80641e-11 -1.46222e-22  3.99682e-12 -3.57009e-23  8.37017e-13 -8.19824e-24  1.65871e-13 -1.77116e-24  3.10819e-14 -3.60005e-25  5.50116e-15 -6.88468e-26   9.1825e-16 -1.23819e-26  1.44293e-16 -2.09149e-27  2.13009e-17 -3.31112e-28  2.94716e-18 -4.89994e-29   3.8117e-19 -6.75953e-30  4.59496e-20 -8.67109e-31  5.14624e-21 -1.03191e-31  5.33552e-22 -1.13612e-32   5.1001e-23 -1.15323e-33  4.47395e-24 -1.07487e-34  3.58263e-25  -9.1591e-36  2.60264e-26  -7.1015e-37  1.70261e-27 -4.98281e-38  9.94063e-29 -3.14296e-39  5.12233e-30 -1.76756e-40  2.29647e-31 -8.77286e-42  8.78764e-33 -3.79397e-43  2.79285e-34 -1.40647e-44  7.06389e-36 -4.37326e-46  1.31424e-37 -1.10644e-47  1.46564e-39  -2.1768e-49  2.19607e-43 -3.09128e-51 -2.73048e-43 -2.73919e-53 -3.36201e-45 -9.77983e-56
 1.53305e-17  8.28154e-05 -1.04805e-16  -0.00169107  1.09659e-18   0.00470207  1.69561e-16   0.00366239  1.56152e-16   -0.0209087  1.50412e-17   0.00235284 -3.20187e-16    0.0252346 -3.75581e-16     0.005963  7.94989e-17   -0.0149593  3.63266e-16   -0.0139888  1.65817e-16   -0.0026937 -1.10756e-16   0.00469843 -1.49342e-16   0.00545445 -3.11725e-17   0.00312225  5.60281e-17  0.000891212  5.72876e-17  -0.00022208  2.31755e-17 -0.000478532  1.37401e-18 -0.000372777 -1.73747e-18 -0.000209948  1.13924e-18 -9.58627e-05  1.74565e-18 -3.66486e-05 -6.27218e-20 -1.16416e-05 -1.87038e-18 -2.86949e-06 -2.46972e-18 -3.84158e-07 -2.08662e-18  1.07364e-07 -1.37073e-18  1.14287e-07 -7.52849e-19  5.95923e-08 -3.59164e-19  2.44109e-08 -1.52374e-19  8.65751e-09 -5.83683e-20  2.76016e-09 -2.03918e-20   8.0589e-10 -6.54414e-21  2.17746e-10 -1.94068e-21  5.47859e-11 -5.34704e-22   1.2885e-11 -1.37484e-22  2.83902e-12 -3.30811e-23  5.86691e-13 -7.45751e-24  1.13749e-13 -1.57549e-24  2.06845e-14 -3.11947e-25  3.52471e-15 -5.78883e-26  5.62077e-16 -1.00645e-26  8.37294e-17 -1.63789e-27  1.16247e-17 -2.49115e-28      1.5e-18 -3.53393e-29  1.79279e-19 -4.66556e-30  1.97651e-20 -5.71986e-31  1.99966e-21 -6.49676e-32  1.84438e-22 -6.81742e-33  1.53743e-23 -6.58625e-34  1.14407e-24 -5.83412e-35  7.45818e-26 -4.71675e-36  4.12042e-27 -3.46253e-37  1.79398e-28 -2.29398e-38  4.78483e-30 -1.36151e-39 -7.80961e-32 -7.17336e-41 -2.01744e-32 -3.31694e-42 -1.53886e-33 -1.32674e-43 -8.03596e-35 -4.50484e-45 -3.18011e-36 -1.26562e-46 -9.65671e-38 -2.83583e-48 -2.19369e-39  -4.7859e-50  -3.4982e-41 -5.49842e-52 -3.40692e-43 -3.41451e-54 -1.31388e-45
 4.08403e-05  1.95855e-17 -0.000157576 -1.09821e-16  -0.00175836 -4.26799e-17   0.00719958  1.54043e-16 -0.000660335  2.43493e-16   -0.0200605  5.66632e-17   0.00441092 -3.75581e-16    0.0239664 -3.89882e-16   0.00719865  7.57149e-17   -0.0131314  3.14764e-16   -0.0147114  1.19237e-16  -0.00500904 -1.13426e-16   0.00301221 -1.26652e-16   0.00516816  -1.6973e-17   0.00371246  5.47199e-17   0.00163327  5.37134e-17  0.000300811  2.67276e-17  -0.00021691  9.89569e-18 -0.000281433  5.69656e-18  -0.00019634    4.625e-18 -0.000105826  2.07749e-18 -4.81097e-05 -9.91955e-19 -1.91051e-05 -2.80272e-18 -6.73107e-06 -3.01373e-18 -2.11327e-06 -2.30668e-18 -5.87786e-07 -1.42556e-18 -1.41705e-07 -7.50682e-19 -2.78446e-08  -3.4715e-19 -3.52431e-09 -1.43712e-19  2.59356e-10 -5.39329e-20  3.74437e-10 -1.85038e-20  1.63624e-10  -5.8395e-21  5.35909e-11 -1.70378e-21  1.49185e-11  -4.6164e-22  3.68383e-12 -1.16559e-22  8.22122e-13 -2.74823e-23  1.67276e-13 -6.05665e-24  3.11367e-14   -1.248e-24  5.30063e-15  -2.4046e-25  8.22221e-16   -4.332e-26  1.15283e-16  -7.2945e-27  1.43892e-17  -1.1471e-27  1.55054e-18 -1.68237e-28  1.33869e-19 -2.29707e-29  6.91708e-21 -2.91403e-30 -3.96515e-22  -3.4273e-31 -1.78131e-22 -3.72824e-32 -3.18077e-23 -3.74003e-33 -4.26019e-24 -3.44747e-34 -4.75763e-25 -2.90762e-35 -4.58923e-26 -2.23295e-36  -3.8761e-27 -1.55266e-37  -2.8785e-28 -9.71007e-39 -1.87728e-29 -5.41711e-40 -1.06971e-30 -2.66871e-41 -5.27988e-32 -1.14622e-42 -2.22915e-33 -4.22202e-44 -7.90985e-35 -1.30484e-45 -2.30115e-36 -3.28207e-47 -5.29312e-38 -6.42098e-49 -9.09409e-40 -9.06922e-51 -1.05493e-41 -7.99404e-53  -6.5598e-44 -2.83942e-55
 8.11905e-18  0.000128825  2.03389e-17 -0.000741769 -1.11037e-16 -0.000824185 -7.93372e-17   0.00850232     1.46e-16  -0.00478396  3.16626e-16   -0.0185626  7.58612e-17     0.005963 -3.89882e-16    0.0229974   -3.614e-16   0.00822934  7.08039e-17   -0.0113477  2.45562e-16   -0.0150078  5.88712e-17  -0.00705203 -1.21378e-16   0.00111427 -1.09499e-16   0.00442319 -9.57244e-18   0.00392871   5.0098e-17   0.00221133   5.1385e-17  0.000820204  3.29464e-17  0.000107966  1.99084e-17 -0.000123329  1.32606e-17 -0.000135915  7.78707e-18 -8.93707e-05  2.26471e-18 -4.67778e-05 -1.79305e-18  -2.1083e-05  -3.4854e-18 -8.47137e-06 -3.32618e-18 -3.09348e-06 -2.36805e-18 -1.03929e-06 -1.39055e-18 -3.24038e-07 -7.04265e-19 -9.44003e-08 -3.15604e-19 -2.58458e-08   -1.272e-19 -6.68631e-09  -4.6606e-20 -1.64312e-09 -1.56374e-20 -3.85602e-10 -4.83057e-21  -8.6863e-11    -1.38e-21  -1.8868e-11 -3.65965e-22 -3.96499e-12 -9.03453e-23 -8.07221e-13  -2.0798e-23 -1.59079e-13 -4.46828e-24 -3.02565e-14  -8.9617e-25 -5.52873e-15 -1.67804e-25 -9.65328e-16 -2.93305e-26 -1.60146e-16 -4.78359e-27 -2.51074e-17  -7.2734e-28 -3.70144e-18 -1.02966e-28 -5.10811e-19  -1.3548e-29 -6.57146e-20 -1.65358e-30 -7.84987e-21 -1.86807e-31 -8.67301e-22 -1.94835e-32 -8.82766e-23  -1.8702e-33 -8.24202e-24 -1.64593e-34 -7.02569e-25 -1.32219e-35 -5.43878e-26 -9.64432e-37 -3.80015e-27 -6.34859e-38 -2.37927e-28 -3.74375e-39 -1.32332e-29 -1.95987e-40 -6.46929e-31 -9.00569e-42 -2.74329e-32 -3.58017e-43 -9.92047e-34 -1.20834e-44 -2.99123e-35 -3.37466e-46 -7.28844e-37 -7.51695e-48 -1.37015e-38 -1.26119e-49 -1.84237e-40 -1.44055e-51 -1.52929e-42 -8.89433e-54 -5.04948e-45
 6.99035e-06  1.85065e-17  0.000179194  2.16979e-17  -0.00147166 -1.12802e-16  0.000985806 -1.07243e-16   0.00837804  1.54552e-16  -0.00822637  3.64965e-16   -0.0167981  7.94989e-17   0.00719865   -3.614e-16    0.0222461 -2.95425e-16    0.0091244  6.84759e-17  -0.00961605    1.687e-16   -0.0149522 -4.56592e-18  -0.00878466 -1.34069e-16 -0.000872816  -1.0249e-16   0.00329397 -1.14261e-17   0.00374476  4.24241e-17   0.00253766  5.04722e-17   0.00124436    4.079e-17  0.000431089  2.99447e-17  6.61992e-05  1.99341e-17 -4.37169e-05  1.02335e-17 -5.11785e-05  2.29858e-18 -3.32899e-05 -2.36071e-18 -1.71398e-05  -3.8345e-18 -7.61948e-06 -3.37112e-18 -3.03447e-06 -2.26597e-18  -1.1044e-06 -1.27246e-18 -3.71896e-07 -6.21223e-19 -1.16847e-07 -2.69741e-19  -3.4461e-08 -1.05682e-19 -9.58234e-09 -3.77155e-20 -2.52033e-09 -1.23402e-20 -6.28471e-10 -3.71977e-21 -1.48796e-10 -1.03713e-21 -3.34732e-11 -2.68343e-22 -7.15535e-12  -6.4584e-23 -1.45267e-12 -1.44801e-23 -2.79802e-13 -3.02645e-24 -5.10555e-14 -5.89839e-25 -8.80941e-15 -1.07195e-25 -1.43431e-15 -1.81621e-26 -2.19842e-16 -2.86734e-27 -3.16403e-17 -4.21417e-28 -4.26423e-18   -5.758e-29 -5.36582e-19 -7.30132e-30 -6.28427e-20 -8.57472e-31  -6.8267e-21 -9.30506e-32 -6.85292e-22 -9.30473e-33 -6.33057e-23 -8.54515e-34 -5.35653e-24 -7.17818e-35 -4.12942e-25  -5.4892e-36 -2.88264e-26 -3.79974e-37 -1.80911e-27 -2.36501e-38 -1.01203e-28 -1.31283e-39 -4.99418e-30 -6.43438e-41  -2.1464e-31 -2.74915e-42 -7.90437e-33 -1.00729e-43 -2.44177e-34 -3.09649e-45  -6.1473e-36 -7.74657e-47 -1.21013e-37 -1.50725e-48 -1.74716e-39 -2.11718e-50 -1.65373e-41 -1.85586e-52 -7.98718e-44 -6.55531e-55
-3.17484e-18  5.73332e-05   2.8845e-17   3.5886e-05  2.26057e-17  -0.00194601 -1.19719e-16   0.00315992 -1.24312e-16   0.00705461  1.74088e-16   -0.0108611  3.81297e-16   -0.0149593  7.57149e-17   0.00822934 -2.95425e-16    0.0216653  -2.0362e-16   0.00993114  7.04331e-17  -0.00793177  9.67238e-17   -0.0145986 -6.21896e-17   -0.0101839 -1.50835e-16  -0.00284016 -1.07038e-16    0.0018759 -2.19498e-17   0.00317764  3.27817e-17   0.00256179  5.05537e-17   0.00149896  4.86154e-17  0.000687827  3.84058e-17  0.000244126  2.48297e-17   5.6496e-05  1.16976e-17 -2.53185e-06  2.19175e-18 -1.23405e-05  -2.6408e-18 -9.00043e-06 -3.83395e-18 -4.73508e-06  -3.1653e-18 -2.09486e-06 -2.02676e-18  -8.2127e-07 -1.09299e-18 -2.92511e-07  -5.1518e-19 -9.59904e-08 -2.16738e-19 -2.92772e-08 -8.24607e-20 -8.34689e-09 -2.86173e-20 -2.23287e-09 -9.11288e-21 -5.61854e-10 -2.67467e-21 -1.33188e-10 -7.26189e-22 -2.97666e-11 -1.82915e-22 -6.27325e-12 -4.28323e-23 -1.24629e-12 -9.33602e-24 -2.33239e-13 -1.89536e-24 -4.10741e-14 -3.58474e-25 -6.79694e-15 -6.31587e-26 -1.05513e-15  -1.0363e-26 -1.53354e-16 -1.58249e-27 -2.08209e-17 -2.24674e-28 -2.63396e-18 -2.96137e-29 -3.09578e-19 -3.61717e-30 -3.36946e-20  -4.0856e-31 -3.38343e-21 -4.25667e-32 -3.12101e-22 -4.07868e-33 -2.63153e-23 -3.58129e-34 -2.01625e-24 -2.86911e-35 -1.39396e-25 -2.08641e-36 -8.62181e-27 -1.36878e-37 -4.71965e-28 -8.04165e-39 -2.25483e-29 -4.19292e-40 -9.22445e-31 -1.91846e-41 -3.14261e-32 -7.59299e-43 -8.51745e-34 -2.55099e-44 -1.67463e-35 -7.09095e-46 -1.77312e-37 -1.57187e-47  1.35403e-39 -2.62426e-49  8.78033e-41 -2.98245e-51  1.38232e-42 -1.83209e-53  7.07321e-45
-5.07645e-06 -4.02612e-18  0.000152225  3.68107e-17   -0.0003841  1.91497e-17  -0.00182392 -1.34387e-16   0.00512363 -1.30084e-16   0.00494349  1.90571e-16   -0.0127437  3.63266e-16   -0.0131314  7.08039e-17    0.0091244  -2.0362e-16    0.0212266 -1.00673e-16    0.0106849  7.72754e-17  -0.00628229  3.85353e-17   -0.0139829 -1.09042e-16   -0.0112325 -1.70686e-16  -0.00468844 -1.21248e-16  0.000280555 -3.81493e-17   0.00228482  2.26362e-17   0.00227705    5.081e-17   0.00154072  5.46818e-17  0.000828754  4.39806e-17  0.000371521  2.73994e-17  0.000139877  1.20913e-17  4.29049e-05  1.97435e-18  9.38175e-06 -2.63744e-18  3.59778e-07 -3.53231e-18 -1.03884e-06 -2.76871e-18 -7.41912e-07 -1.69821e-18  -3.5834e-07 -8.81952e-19 -1.43475e-07 -4.01792e-19 -5.06137e-08 -1.63777e-19 -1.61602e-08  -6.0467e-20 -4.73676e-09 -2.03833e-20 -1.28519e-09 -6.30854e-21 -3.24416e-10 -1.80013e-21 -7.64217e-11 -4.75173e-22 -1.68298e-11 -1.16335e-22 -3.46772e-12  -2.6465e-23 -6.68585e-13 -5.60041e-24 -1.20559e-13 -1.10303e-24  -2.0311e-14 -2.02227e-25 -3.19223e-15 -3.45075e-26 -4.67109e-16 -5.47818e-27 -6.34737e-17 -8.08503e-28 -7.98424e-18 -1.10803e-28 -9.25984e-19 -1.40789e-29 -9.85152e-20 -1.65536e-30  -9.5513e-21 -1.79695e-31 -8.36324e-22  -1.7961e-32 -6.52781e-23 -1.64769e-33 -4.44815e-24  -1.3819e-34 -2.54561e-25 -1.05463e-35 -1.11482e-26 -7.28308e-37 -2.49065e-28 -4.52073e-38  1.37309e-29 -2.50178e-39  2.19813e-30 -1.22201e-40  1.68551e-31 -5.20217e-42  9.36509e-33 -1.89875e-43  4.05108e-34 -5.81345e-45  1.37675e-35 -1.44829e-46   3.6037e-37 -2.80575e-48  6.92687e-39 -3.92361e-50  8.88884e-41 -3.42371e-52  6.06934e-43 -1.20375e-54
 -2.0173e-18  6.39465e-06  -3.2177e-18  0.000221666  4.22184e-17 -0.000984493   8.2428e-18  -0.00101613 -1.54662e-16   0.00647699 -1.27069e-16   0.00243664  1.90178e-16   -0.0139888  3.14764e-16   -0.0113477  6.84759e-17   0.00993114 -1.00673e-16     0.020913  1.67375e-19    0.0114148  8.90669e-17  -0.00464953 -1.99419e-18   -0.0131254 -1.43934e-16   -0.0119124 -1.91828e-16   -0.0063238 -1.40713e-16  -0.00136772 -5.58584e-17    0.0011597  1.33272e-17   0.00172197  5.02926e-17   0.00136549  5.76319e-17  0.000830658  4.59578e-17  0.000423722  2.75384e-17  0.000187967  1.15096e-17  7.37678e-05  1.68619e-18  2.57823e-05 -2.40436e-18  8.00836e-06 -3.02276e-18  2.18058e-06 -2.26452e-18  5.01091e-07 -1.33531e-18  8.64496e-08 -6.69107e-19  5.07098e-09 -2.94847e-19 -4.08873e-09 -1.16446e-19 -2.44904e-09 -4.17002e-20 -9.26408e-10 -1.36435e-20 -2.85397e-10 -4.10001e-21 -7.65856e-11 -1.13617e-21 -1.83888e-11 -2.91244e-22 -3.99922e-12 -6.92255e-23 -7.91819e-13 -1.52821e-23   -1.428e-13 -3.13641e-24 -2.33743e-14   -5.987e-25 -3.44279e-15 -1.06303e-25 -4.48463e-16 -1.75526e-26 -4.98013e-17 -2.69384e-27 -4.27668e-18 -3.83938e-28 -1.74349e-19 -5.07518e-29  2.92162e-20 -6.21171e-30  9.38993e-21 -7.02492e-31  1.65883e-21 -7.32279e-32    2.292e-22 -7.01537e-33  2.68015e-23  -6.1552e-34  2.72903e-24 -4.92512e-35  2.44749e-25 -3.57575e-36  1.94012e-26 -2.34122e-37  1.35786e-27 -1.37229e-38  8.35304e-29 -7.13614e-40  4.48232e-30  -3.2555e-41  2.07528e-31 -1.28435e-42  8.16568e-33 -4.30023e-44  2.67393e-34 -1.19103e-45  7.07272e-36 -2.63023e-47  1.44479e-37   -4.374e-49   2.1163e-39 -4.95095e-51  1.92172e-41 -3.02875e-53  6.98537e-44
-4.99959e-06 -5.02785e-18  5.72647e-05 -1.22085e-19  0.000154665  4.57144e-17  -0.00152724 -9.98931e-18  0.000312988 -1.74154e-16   0.00705429 -1.19907e-16 -0.000173058  1.65817e-16   -0.0147114  2.45562e-16  -0.00961605  7.04331e-17    0.0106849  1.67375e-19    0.0207159  9.02146e-17    0.0121474  1.05328e-16  -0.00301049 -2.55662e-17   -0.0120323 -1.67921e-16   -0.0122017 -2.11464e-16   -0.0076555 -1.59916e-16  -0.00293603 -7.10963e-17 -7.58296e-05  5.69699e-18  0.000975644  4.82049e-17   0.00100888  5.68115e-17  0.000701012  4.43413e-17  0.000395943  2.55608e-17   0.00019352  1.01865e-17  8.43423e-05  1.36731e-18  3.33573e-05 -2.02481e-18  1.21112e-05 -2.41484e-18  4.07101e-06  -1.7365e-18  1.27541e-06 -9.86763e-19  3.74595e-07 -4.77687e-19  1.03708e-07 -2.03713e-19  2.72108e-08 -7.79524e-20  6.80312e-09 -2.70671e-20  1.62936e-09 -8.59055e-21  3.75604e-10 -2.50482e-21  8.36363e-11 -6.73542e-22  1.80202e-11 -1.67521e-22  3.75503e-12 -3.86231e-23  7.54759e-13 -8.26688e-24  1.45709e-13  -1.6441e-24  2.68777e-14 -3.03921e-25  4.71147e-15 -5.22198e-26  7.80739e-16  -8.3371e-27  1.21718e-16 -1.23601e-27  1.77753e-17  -1.6999e-28  2.42202e-18  -2.1657e-29  3.06774e-19 -2.55125e-30  3.59885e-20 -2.77281e-31  3.89589e-21 -2.77297e-32  3.87654e-22 -2.54364e-33  3.53031e-23 -2.13205e-34  2.92829e-24 -1.62546e-35  2.20007e-25 -1.12095e-36   1.4875e-26 -6.94584e-38  8.98073e-28 -3.83592e-39  4.79648e-29 -1.86923e-40  2.23998e-30 -7.93634e-42  9.01327e-32 -2.88832e-43  3.06547e-33 -8.81585e-45  8.58566e-35 -2.18906e-46  1.90772e-36 -4.22623e-48  3.17416e-38 -5.88882e-50  3.57202e-40 -5.11952e-52  2.15689e-42 -1.79318e-54
-1.39575e-19 -8.93596e-06  -7.5097e-18  0.000143136  6.11568e-18 -0.000113966    4.773e-17  -0.00176628  -3.1586e-17   0.00186662 -1.85582e-16   0.00686937 -1.13372e-16   -0.0026937  1.19237e-16   -0.0150078    1.687e-16  -0.00793177  7.72754e-17    0.0114148  9.02146e-17    0.0206338  1.65793e-16    0.0129087   1.2466e-16  -0.00133762 -3.58524e-17   -0.0106981 -1.82642e-16   -0.0120744 -2.26208e-16  -0.00859705 -1.73817e-16  -0.00429006 -8.11133e-17  -0.00128324 -3.12279e-20  0.000146233  4.41228e-17  0.000538648  5.23591e-17    0.0004747   3.9761e-17  0.000302849  2.20718e-17  0.000161286  8.42444e-18  7.55138e-05  1.05079e-18   3.1902e-05 -1.58754e-18  1.23519e-05 -1.80757e-18  4.42886e-06  -1.2511e-18  1.48154e-06   -6.862e-19  4.64959e-07   -3.212e-19  1.37476e-07 -1.32611e-19  3.84188e-08 -4.91668e-20  1.01713e-08 -1.65492e-20  2.55508e-09 -5.09291e-21   6.0953e-10 -1.44009e-21  1.38113e-10 -3.75529e-22  2.97131e-11 -9.05626e-23  6.06379e-12 -2.02392e-23   1.1723e-12 -4.19723e-24   2.1434e-13  -8.0832e-25  3.69897e-14 -1.44601e-25  6.01205e-15 -2.40263e-26  9.18122e-16 -3.70635e-27  1.31406e-16 -5.30419e-28  1.75789e-17  -7.0341e-29  2.19169e-18 -8.63045e-30  2.53875e-19 -9.77753e-31  2.72295e-20 -1.02035e-31  2.69409e-21 -9.78001e-33   2.4486e-22 -8.58044e-34  2.03471e-23 -6.86211e-35  1.53746e-24 -4.97749e-36  1.04974e-25 -3.25491e-37  6.42831e-27 -1.90483e-38  3.49925e-28  -9.8868e-40  1.67487e-29 -4.50055e-41  6.95367e-31 -1.77123e-42  2.46098e-32 -5.91466e-44  7.25514e-34 -1.63349e-45   1.7256e-35 -3.59644e-47   3.1584e-37 -5.96176e-49  4.11896e-39 -6.72579e-51  3.29686e-41  -4.1005e-53   1.0405e-43
-2.38698e-06 -6.56634e-19  3.75789e-06 -8.06358e-18  0.000212018  1.58755e-17 -0.000543053  4.85063e-17  -0.00156314 -5.01955e-17   0.00334378 -1.84434e-16   0.00603447 -1.10756e-16  -0.00500904  5.88712e-17   -0.0149522  9.67238e-17  -0.00628229  8.90669e-17    0.0121474  1.65793e-16    0.0206715  2.26452e-16    0.0137264  1.44482e-16  0.000400238  -3.7634e-17  -0.00910937 -1.89348e-16   -0.0115041 -2.32996e-16  -0.00907185 -1.79126e-16  -0.00530562 -8.48608e-17  -0.00232406 -4.12945e-18 -0.000646712  3.81002e-17   4.0059e-05  4.50771e-17  0.000203934  3.32399e-17  0.000172627  1.77915e-17  0.000104936  6.52125e-18   5.3332e-05  7.59773e-19  2.38925e-05 -1.16642e-18   9.6802e-06 -1.27171e-18  3.59981e-06 -8.48528e-19  1.24033e-06 -4.49637e-19  3.98494e-07 -2.03616e-19   1.1991e-07 -8.14022e-20  3.38977e-08 -2.92411e-20  9.02137e-09 -9.53895e-21  2.26323e-09 -2.84551e-21   5.3559e-10 -7.79957e-22   1.1958e-10 -1.97143e-22  2.51817e-11  -4.6074e-23   4.9985e-12 -9.97522e-24  9.34342e-13 -2.00316e-24  1.64266e-13 -3.73347e-25  2.71216e-14 -6.45944e-26  4.19815e-15 -1.03724e-26  6.08019e-16 -1.54502e-27  8.22108e-17 -2.13293e-28  1.03517e-17 -2.72548e-29  1.21045e-18 -3.21799e-30  1.31031e-19 -3.50315e-31  1.30841e-20 -3.50694e-32  1.20031e-21 -3.21838e-33  1.00694e-22 -2.69749e-34  7.68272e-24 -2.05556e-35  5.29753e-25 -1.41636e-36  3.27638e-26 -8.76615e-38  1.80099e-27 -4.83414e-39  8.70045e-29 -2.35155e-40  3.64205e-30 -9.96409e-42  1.29711e-31 -3.61813e-43  3.83506e-33 -1.10163e-44  9.09345e-35  -2.7282e-46  1.64149e-36  -5.2523e-48  2.06798e-38 -7.29697e-50  1.52919e-40  -6.3243e-52  3.98828e-43 -2.20825e-54
 5.88096e-19 -7.78152e-06 -1.62092e-18  4.81458e-05 -5.77429e-18  0.000189403  2.83939e-17 -0.000998613  4.85559e-17 -0.000922431 -5.99817e-17   0.00451386 -1.70868e-16   0.00469843 -1.13426e-16  -0.00705203 -4.56592e-18   -0.0145986  3.85353e-17  -0.00464953  1.05328e-16    0.0129087  2.26452e-16    0.0208397  2.72524e-16    0.0146293  1.61275e-16   0.00223493 -3.53231e-17  -0.00725159 -1.88781e-16   -0.0104719 -2.30055e-16  -0.00902375 -1.74891e-16  -0.00588396 -8.28552e-17  -0.00307987 -7.09676e-18  -0.00129343  3.06382e-17 -0.000402735  3.61581e-17   -5.566e-05  2.59121e-17  3.78424e-05  1.33911e-17  4.16834e-05  4.71749e-18  2.61284e-05   5.0816e-19  1.30605e-05 -8.08973e-19  5.65535e-06 -8.43757e-19  2.19543e-06 -5.42892e-19  7.77854e-07 -2.78032e-19  2.54197e-07 -1.21831e-19  7.71312e-08 -4.71646e-20  2.18259e-08 -1.64132e-20  5.77622e-09 -5.18818e-21   1.4323e-09 -1.49976e-21   3.3312e-10 -3.98351e-22  7.27002e-11 -9.75566e-23  1.48876e-11 -2.20853e-23  2.85936e-12 -4.63002e-24   5.1466e-13 -8.99866e-25  8.67124e-14 -1.62227e-25  1.36558e-14 -2.71306e-26  2.00654e-15 -4.20785e-27  2.74504e-16 -6.04848e-28  3.48764e-17 -8.04957e-29  4.10309e-18 -9.90396e-30  4.45433e-19 -1.12442e-30  4.44383e-20 -1.17519e-31   4.0541e-21  -1.1275e-32  3.36186e-22 -9.89628e-34  2.51505e-23 -7.91415e-35  1.68104e-24 -5.73809e-36   9.9073e-26 -3.74939e-37  5.05106e-27 -2.19185e-38  2.15986e-28 -1.13612e-39  7.29493e-30 -5.16334e-41  1.64914e-31  -2.0283e-42  4.26432e-34 -6.75898e-44 -1.67157e-34 -1.86243e-45 -8.88739e-36 -4.09045e-47 -2.68332e-37 -6.76306e-49 -5.16331e-39 -7.60908e-51 -5.79454e-41 -4.62605e-53 -2.51068e-43
