 9.30941e-05 -1.54261e-21  -0.00065027  1.44196e-20   0.00152457 -1.79687e-20  -0.00158697 -1.53156e-20  0.000355997 -5.84838e-20  0.000690163  5.00282e-20 -0.000350188  2.49108e-19 -0.000325214 -2.58692e-19    0.0001798 -2.34227e-19  0.000175308  5.14876e-19 -6.31896e-05 -2.81808e-19 -9.36242e-05  1.87355e-20  7.12286e-06  7.62939e-20  4.23665e-05  -8.6701e-20  9.58825e-06  4.99643e-20 -1.35999e-05 -2.82031e-21 -8.32841e-06 -1.47763e-20   1.7071e-06  2.20174e-21  3.41827e-06  6.33806e-21  8.70279e-07 -2.34337e-21 -5.97203e-07 -3.51227e-22 -4.82231e-07  3.28776e-22 -7.63896e-08 -3.46718e-22   6.2388e-08  1.06287e-22  4.03592e-08   1.7245e-23  8.59306e-09  7.57386e-24 -8.19935e-10  2.33747e-24 -9.13624e-10 -1.17968e-24 -2.20992e-10 -2.63808e-25  -2.3286e-11  2.50293e-26 -7.30707e-13
-1.54261e-21  0.000959909 -9.57873e-21  -0.00359496  4.69769e-20   0.00576203  3.04929e-20  -0.00376231 -2.47815e-20  -0.00086663 -3.55229e-19   0.00230428  -1.8085e-19     3.64e-05  1.10055e-18  -0.00120122 -3.59267e-19 -4.07184e-05   -1.283e-18  0.000590317  1.40018e-18   0.00010387 -4.51923e-19 -0.000253689 -8.46877e-20 -0.000104508  2.18227e-19  8.10506e-05  -2.0991e-19  6.66702e-05  1.02904e-19  -1.0157e-05  1.91252e-20  -2.8158e-05 -4.38791e-20  -6.8424e-06  -3.5528e-21  6.50842e-06  1.77015e-20    4.708e-06 -3.06575e-21   1.8336e-07 -1.04413e-21 -1.09651e-06  4.45437e-22 -5.23845e-07  -5.9932e-22 -2.21934e-08  5.89376e-23  7.37538e-08  2.39559e-24  3.35563e-08  2.50167e-23  5.98354e-09  1.54601e-23  -8.5451e-11 -5.63131e-25 -2.16526e-10 -3.86582e-25 -2.94964e-11  1.23782e-26
 -0.00065027 -9.57873e-21    0.0046438 -2.96995e-20   -0.0112708  2.34258e-20    0.0125111  2.82534e-19  -0.00384136  3.67823e-19   -0.0048659 -8.40169e-19   0.00342837 -1.42592e-18   0.00206912  2.55863e-18  -0.00187211  5.04049e-19  -0.00110572 -3.27762e-18  0.000816177  2.16835e-18  0.000646014 -3.29199e-19 -0.000253045 -2.72483e-19 -0.000344138  3.64198e-19  1.76913e-05 -3.25971e-19  0.000145223  1.42812e-19  3.94604e-05  7.10863e-20 -3.97097e-05 -7.86621e-20 -2.81784e-05 -1.93732e-20  1.87934e-06  2.84083e-20  9.15407e-06 -2.07839e-21  3.34994e-06 -7.21534e-22 -7.79141e-07   6.0278e-22 -1.06199e-06 -6.68616e-22 -3.27557e-07 -1.88553e-22  1.64263e-08 -1.06064e-22  4.40379e-08   3.7647e-23   1.4655e-08  3.20269e-23  2.18566e-09  1.19146e-24  1.07079e-10 -2.14008e-25 -3.28533e-12
 1.44196e-20  -0.00359496 -2.96995e-20    0.0139277 -3.57838e-20   -0.0235986 -3.50594e-19    0.0174874    5.384e-19   0.00131794  1.77246e-18  -0.00996676 -7.81889e-19   0.00168528 -4.10071e-18   0.00506058   3.8137e-18  -0.00103834  2.73583e-18  -0.00259463 -5.27582e-18    0.0002601  2.27659e-18   0.00127253 -1.48864e-20  0.000118876 -4.22646e-19 -0.000537225  4.14817e-19 -0.000189239 -3.95829e-19  0.000163947  1.59878e-19  0.000125147  1.42263e-19  -1.7192e-05  -1.0283e-19 -4.93585e-05 -3.82337e-20 -1.36646e-05  3.04334e-20  8.98744e-06 -1.43247e-21  7.48217e-06   1.3876e-21  1.13322e-06  1.39909e-21 -1.04535e-06 -4.31715e-22 -6.60323e-07 -5.32949e-22 -1.39505e-07 -3.05962e-22  1.14712e-08   2.4538e-23  1.30481e-08  3.68499e-23  2.90431e-09  1.66283e-24  2.53328e-10 -3.38369e-26
  0.00152457  4.69769e-20   -0.0112708 -3.57838e-20    0.0288517  1.38448e-19   -0.0351951 -1.48091e-18    0.0151858 -2.81561e-20    0.0106822   3.9331e-18   -0.0120513  5.16972e-19  -0.00318611 -7.51353e-18   0.00674575  3.94995e-18   0.00147086  5.24435e-18  -0.00336586  -6.0306e-18   -0.0010428  1.88043e-18   0.00146384  1.88304e-19  0.000751615 -4.24602e-19 -0.000486998  3.39842e-19 -0.000446383 -4.43204e-19   7.1322e-05  1.53091e-19  0.000196355  2.16932e-19  4.12887e-05 -1.04611e-19 -5.24371e-05 -5.03937e-20 -3.38274e-05  2.02264e-20  1.36314e-06 -2.97769e-21  9.53382e-06  4.40126e-21   3.9272e-06  3.01719e-21 -1.29355e-07  2.39023e-22 -6.98229e-07 -7.40624e-22 -2.79822e-07 -5.08642e-22 -4.53947e-08 -1.47316e-23  6.06138e-10  2.52171e-23  1.21374e-09   2.6691e-25  1.02753e-10
-1.79687e-20   0.00576203  2.34258e-20   -0.0235986  1.38448e-19    0.0436292  8.57438e-19   -0.0385401 -3.18623e-18   0.00515932 -1.89715e-18    0.0187637  5.57694e-18   -0.0089782  2.66647e-18  -0.00845932 -1.03013e-17   0.00572573  3.12641e-18   0.00430118  6.20413e-18  -0.00279585  -5.3207e-18  -0.00240959  1.56853e-18    0.0010267  1.38639e-19   0.00131947 -2.28155e-19  -0.00017489  2.17971e-19 -0.000618329  -5.3008e-19 -0.000106268  1.21192e-19  0.000209431  2.85841e-19  0.000112682 -8.09415e-20 -3.00916e-05 -5.17772e-20 -4.81837e-05  4.37857e-22  -1.1683e-05 -6.86822e-21  7.38009e-06  6.31797e-21   6.0091e-06  4.81911e-21  1.34946e-06  1.38998e-21  -3.0508e-07 -6.24079e-22 -2.75806e-07 -5.98066e-22 -7.59399e-08 -5.12745e-23 -9.63039e-09  8.67903e-24 -3.98164e-10 -8.14109e-25
 -0.00158697  3.04929e-20    0.0125111 -3.50594e-19   -0.0351951  8.57438e-19    0.0499462  2.26238e-18   -0.0316164 -4.28262e-18  -0.00658127 -4.08145e-18    0.0211812  6.07638e-18  -0.00293846  4.73124e-18   -0.0113554 -1.15459e-17   0.00283916  2.46028e-18   0.00607857  4.98312e-18  -0.00129808 -3.99463e-18  -0.00324731  1.52699e-18  0.000196032 -5.68741e-20   0.00160052  1.66641e-19  0.000268175  1.52703e-19 -0.000639422 -6.96574e-19 -0.000303088  6.58159e-20  0.000155384  3.41213e-19  0.000169679 -3.59726e-20   1.1925e-05 -4.31353e-20 -4.93515e-05 -2.15854e-20 -2.50914e-05 -1.25052e-20  1.15584e-06  5.24291e-21    6.031e-06  5.76495e-21  2.59795e-06  2.78728e-21  3.28987e-07 -2.06921e-22 -1.14925e-07 -5.19205e-22 -5.53226e-08 -5.40061e-23  -9.0028e-09 -2.34433e-25  -4.6677e-10
-1.53156e-20  -0.00376231  2.82534e-19    0.0174874 -1.48091e-18   -0.0385401  2.26238e-18    0.0451122  3.62274e-18   -0.0203109 -3.72738e-18   -0.0138317  -5.3625e-18    0.0187368  6.06251e-18    0.0024561  6.21672e-18   -0.0115887 -1.12924e-17 -0.000220246  2.66183e-18   0.00656507  2.64682e-18  0.000380106 -2.90496e-18  -0.00346192    1.351e-18 -0.000706371 -2.32869e-19   0.00157746  7.25186e-19  0.000706166  1.77038e-19 -0.000520546 -9.25768e-19 -0.000464717 -5.69029e-21  5.06825e-05  3.67613e-19  0.000194812  2.14622e-20  6.13353e-05 -2.51401e-20 -3.55739e-05  -3.6579e-20  -3.3694e-05 -1.86676e-20 -7.05325e-06   5.9837e-22  3.65821e-06  5.13132e-21  2.88638e-06  3.87135e-21  8.18623e-07  2.70191e-22  8.15407e-08 -3.26995e-22 -1.07923e-08 -2.51234e-23 -2.92396e-09 -1.11906e-24
 0.000355997 -2.47815e-20  -0.00384136    5.384e-19    0.0151858 -3.18623e-18   -0.0316164  3.62274e-18    0.0348616  3.77333e-18   -0.0118456  -1.9936e-18   -0.0158211 -6.20518e-18    0.0150294  6.17451e-18   0.00576911  6.78617e-18   -0.0105196 -1.01062e-17  -0.00260857  3.50621e-18   0.00624867  6.94412e-19   0.00183951 -2.26396e-18  -0.00323387  6.16024e-19  -0.00150292 -3.33173e-19   0.00132673  1.38256e-18   0.00106218  2.64586e-19 -0.000302547 -1.14603e-18 -0.000561759 -8.61373e-20 -7.98516e-05  3.45805e-19  0.000182017  7.85511e-20  0.000105267   1.4526e-21 -9.92348e-06 -3.73595e-20 -3.41189e-05 -2.25747e-20 -1.42641e-05 -6.16281e-21 -2.80965e-07  3.04912e-21  2.00195e-06   4.1011e-21  8.69223e-07   5.3151e-22  1.72492e-07 -1.38814e-22  1.51966e-08  3.88128e-24  2.80984e-10
-5.84838e-20  -0.00086663  3.67823e-19   0.00131794 -2.81561e-20   0.00515932 -4.28262e-18   -0.0203109  3.77333e-18     0.026716  2.63771e-18  -0.00811513 -5.20046e-19   -0.0155798 -7.71517e-18    0.0121581  6.67907e-18   0.00766749  5.81299e-18  -0.00917315 -8.48629e-18  -0.00436533  4.54552e-18   0.00554598 -7.88978e-20   0.00301036 -1.84562e-18  -0.00273127 -6.57321e-19  -0.00213318 -4.30478e-19  0.000925938  2.03704e-18   0.00130281   3.9025e-19 -2.83217e-05 -1.26294e-18  -0.00058332 -1.69971e-19  -0.00021173   2.6782e-19  0.000133885  1.17643e-19  0.000133305   3.0783e-20  2.13959e-05 -2.27263e-20 -2.56327e-05  -2.0696e-20 -1.77632e-05 -1.19904e-20 -4.16617e-06  5.97296e-22   4.0646e-07  3.44573e-21  5.05899e-07  4.84993e-22  1.28877e-07 -3.06112e-23  1.32042e-08   1.0899e-23
 0.000690163 -3.55229e-19   -0.0048659  1.77246e-18    0.0106822 -1.89715e-18  -0.00658127 -3.72738e-18   -0.0118456  2.63771e-18    0.0229587   1.6939e-18  -0.00667538 -3.26958e-19    -0.015332 -9.43569e-18    0.0100426   7.8997e-18   0.00895775  2.91851e-18  -0.00778508 -6.84469e-18  -0.00568168  5.48121e-18   0.00463208  3.46562e-19   0.00390457 -1.36042e-18   -0.0020589 -2.09999e-18  -0.00257845 -6.41884e-19  0.000437949  2.55027e-18   0.00141693  5.35937e-19  0.000263623 -1.20731e-18 -0.000530664  -2.4265e-19 -0.000323961   1.4904e-19  5.90276e-05  1.19964e-19  0.000138948  4.99403e-20   5.0808e-05  1.38153e-21 -1.02361e-05 -1.16073e-20 -1.61142e-05 -1.38577e-20 -6.31941e-06 -7.68509e-22 -1.01598e-06  2.44126e-21  4.51378e-08  2.63077e-22  3.93678e-08  4.52946e-24  3.47746e-09
 5.00282e-20   0.00230428 -8.40169e-19  -0.00996676   3.9331e-18    0.0187637 -4.08145e-18   -0.0138317  -1.9936e-18  -0.00811513   1.6939e-18    0.0213812  2.35536e-18  -0.00543065 -1.70534e-18   -0.0152542 -9.77449e-18   0.00818542  9.76027e-18   0.00985932 -1.27742e-18  -0.00636939  -5.6082e-18  -0.00663375  5.87591e-18   0.00360193  1.58816e-18   0.00453599  -6.1451e-19  -0.00129398 -3.32669e-18  -0.00283835 -1.00974e-18 -8.53428e-05  2.77808e-18   0.00140726  6.56018e-19  0.000540754 -9.73078e-19 -0.000413378 -2.73014e-19 -0.000400499  2.65491e-20 -3.01476e-05  7.67651e-20  0.000120269  4.52585e-20  7.10634e-05  2.49008e-20  7.85129e-06  2.20567e-21 -9.80035e-06 -1.06102e-20 -5.86746e-06 -2.50579e-22 -1.54218e-06   1.6614e-21 -1.97068e-07  6.07321e-23 -8.23877e-09  7.10466e-24
-0.000350188  -1.8085e-19   0.00342837 -7.81889e-19   -0.0120513  5.57694e-18    0.0211812  -5.3625e-18   -0.0158211 -5.20046e-19  -0.00667538  2.35536e-18    0.0199663  4.41101e-18  -0.00417944 -4.49832e-18   -0.0150179 -7.90677e-18   0.00651895  1.14262e-17    0.0104123 -5.27447e-18   -0.0049903 -5.01645e-18  -0.00727479  5.19911e-18   0.00253284  3.09361e-18   0.00493064  4.29739e-19 -0.000495441 -4.09607e-18  -0.00292517 -1.42669e-18  -0.00060293  2.63017e-18   0.00128522  6.77913e-19  0.000777169 -6.22402e-19 -0.000246508 -2.25561e-19 -0.000430878 -5.69145e-20  -0.00011936 -2.03843e-21  8.00242e-05  1.23267e-20  7.68272e-05   3.9137e-20  2.32689e-05  1.56501e-20 -1.26054e-06 -3.81938e-21 -3.32267e-06  1.62106e-21 -1.13386e-06  1.21757e-21  -1.7422e-07 -2.94212e-23 -9.14424e-09
 2.49108e-19     3.64e-05 -1.42592e-18   0.00168528  5.16972e-19   -0.0089782  6.07638e-18    0.0187368 -6.20518e-18   -0.0155798 -3.26958e-19  -0.00543065  4.41101e-18     0.018534  6.60701e-18  -0.00322963  -8.1107e-18   -0.0146562 -4.39166e-18   0.00509411  1.20206e-17    0.0107169 -7.59825e-18  -0.00369482 -4.93352e-18  -0.00767034  3.32725e-18   0.00147277  4.29123e-18   0.00512078  1.60936e-18  0.000295964 -4.29076e-18  -0.00285668  -1.6752e-18  -0.00108345  2.12341e-18   0.00106712  5.49684e-19  0.000953212  -2.5478e-19 -4.85547e-05 -8.60214e-20 -0.000410423 -7.46962e-20 -0.000194188 -9.30329e-20  2.53293e-05 -3.98474e-20  6.60784e-05  4.06299e-20  3.11094e-05  2.38911e-20     5.95e-06  3.01829e-21 -3.56503e-07  3.39535e-21 -3.93009e-07  8.69386e-22 -6.19588e-08 -3.22635e-23
-0.000325214  1.10055e-18   0.00206912 -4.10071e-18  -0.00318611  2.66647e-18  -0.00293846  6.06251e-18    0.0150294 -7.71517e-18    -0.015332 -1.70534e-18  -0.00417944  6.60701e-18    0.0174044  8.13107e-18  -0.00253631  -1.1509e-17    -0.014297 -5.15177e-19   0.00386842  1.12835e-17    0.0108606 -7.57842e-18  -0.00248768 -4.93195e-18  -0.00787249  7.60556e-19  0.000447034  4.79219e-18   0.00513511  2.60451e-18   0.00105188 -3.89973e-18  -0.00265195 -1.57341e-18  -0.00150271  1.38364e-18  0.000772151  2.81463e-19   0.00105489  4.26796e-20  0.000159878  1.24005e-19 -0.000340381 -2.95879e-20 -0.000241774 -1.73603e-19  -3.3179e-05 -9.40854e-20  4.11369e-05  3.09534e-20  2.88581e-05   2.4323e-20  8.90935e-06  6.67791e-21  1.36545e-06  3.88621e-21  6.53364e-08  4.77238e-22 -3.30062e-09
-2.58692e-19  -0.00120122  2.55863e-18   0.00506058 -7.51353e-18  -0.00845932  4.73124e-18    0.0024561  6.17451e-18    0.0121581 -9.43569e-18   -0.0152542 -4.49832e-18  -0.00322963  8.13107e-18    0.0165444  8.83324e-18  -0.00195716 -1.34662e-17   -0.0139578   2.5142e-18   0.00278728  9.41023e-18    0.0108865 -5.50847e-18  -0.00136453 -4.56556e-18  -0.00791753 -1.71046e-18 -0.000529104  4.53699e-18   0.00499787  3.09936e-18    0.0017516 -3.03966e-18  -0.00233008 -1.11902e-18   -0.0018419  5.83605e-19  0.000421473 -6.15223e-20   0.00107354  2.32239e-19  0.000357135  3.58067e-19 -0.000228028  5.19151e-20  -0.00025266 -2.29672e-19 -8.28628e-05 -1.33741e-19  8.93506e-06  1.45948e-20  1.80673e-05  1.73995e-20  7.19525e-06  6.36726e-21  1.42134e-06  3.02507e-21  1.27901e-07   1.5092e-22
   0.0001798 -3.59267e-19  -0.00187211   3.8137e-18   0.00674575 -1.03013e-17   -0.0113554  6.21672e-18   0.00576911  6.67907e-18    0.0100426 -9.77449e-18   -0.0150179  -8.1107e-18  -0.00253631  8.83324e-18    0.0158172  8.54647e-18  -0.00145855 -1.30451e-17   -0.0136286  4.05059e-18   0.00182516  6.71557e-18    0.0108236 -2.34932e-18 -0.000321042 -3.67976e-18  -0.00783352 -3.49074e-18  -0.00144652  3.75749e-18   0.00472956  2.97373e-18   0.00237956 -1.92689e-18  -0.00190979 -5.07179e-19  -0.00208624 -1.40426e-19   3.7849e-05 -4.04619e-19   0.00100581  3.24026e-19  0.000521566  5.71008e-19 -8.66768e-05   1.4097e-19   -0.0002228 -2.51068e-19 -0.000111522 -1.47371e-19 -2.01852e-05 -2.05525e-21  4.38377e-06  6.79617e-21  3.19667e-06  3.90429e-21  6.70871e-07  1.64199e-21  4.49366e-08
-2.34227e-19 -4.07184e-05  5.04049e-19  -0.00103834  3.94995e-18   0.00572573 -1.15459e-17   -0.0115887  6.78617e-18   0.00766749   7.8997e-18   0.00818542 -7.90677e-18   -0.0146562  -1.1509e-17  -0.00195716  8.54647e-18    0.0151924  6.97118e-18   -0.0010365 -1.01544e-17    -0.013317   4.0666e-18  0.000961872  3.66005e-18    0.0106952  7.99516e-19  0.000649987 -2.55385e-18  -0.00764176 -4.41679e-18  -0.00230013  2.79405e-18   0.00434702  2.39391e-18   0.00292326 -7.79549e-19  -0.00140949  3.53327e-21  -0.00222418 -7.29527e-19 -0.000354387 -7.08943e-19  0.000854018  3.41295e-19   0.00063284   7.3641e-19  6.46453e-05  2.24819e-19 -0.000155615 -2.26259e-19 -0.000110972 -1.29384e-19 -3.60804e-05 -1.20417e-20 -5.36892e-06 -2.16763e-21  5.45501e-08  1.67641e-21  1.03332e-07  5.74924e-22
 0.000175308   -1.283e-18  -0.00110572  2.73583e-18   0.00147086  3.12641e-18   0.00283916 -1.12924e-17   -0.0105196  5.81299e-18   0.00895775  9.76027e-18   0.00651895 -4.39166e-18    -0.014297 -1.34662e-17  -0.00145855  6.97118e-18    0.0146678  4.20298e-18 -0.000671075  -5.7339e-18   -0.0130285  2.89251e-18  0.000177037  9.46165e-19    0.0105168   3.2387e-18   0.00155671 -1.71542e-18  -0.00735745 -4.68256e-18  -0.00308672  1.90194e-18   0.00386399  1.72582e-18   0.00337186  2.73642e-19 -0.000847747  2.76956e-19  -0.00224701 -1.17815e-18 -0.000729266 -9.87443e-19  0.000626858  2.86965e-19  0.000673788  8.42399e-19  0.000202286  3.04641e-19 -6.36986e-05 -1.50144e-19 -8.15668e-05 -8.24435e-20  -3.4395e-05 -1.20386e-20 -7.80071e-06 -5.97495e-21 -9.12451e-07  6.39514e-22 -3.62487e-08
 5.14876e-19  0.000590317 -3.27762e-18  -0.00259463  5.24435e-18   0.00430118  2.46028e-18 -0.000220246 -1.01062e-17  -0.00917315  2.91851e-18   0.00985932  1.14262e-17   0.00509411 -5.15177e-19   -0.0139578 -1.30451e-17   -0.0010365  4.20298e-18    0.0142245  1.02119e-18 -0.000346427 -1.32588e-18   -0.0127622  9.49604e-19 -0.000545437 -6.55332e-19    0.0102982  4.88727e-18   0.00240666 -1.54983e-18  -0.00699124 -4.61871e-18   -0.0038036  1.14498e-18   0.00329198  1.31389e-18    0.0037151  1.21432e-18 -0.000244038  3.93162e-19  -0.00214897 -1.48399e-18  -0.00105924 -1.28575e-18  0.000340448  1.42006e-19  0.000633066  8.74574e-19  0.000300367  3.74698e-19  3.08355e-05 -4.02395e-20 -3.53776e-05 -2.17155e-20 -2.02303e-05 -5.61803e-21 -4.98925e-06 -5.10704e-21 -5.52724e-07  3.02903e-22
-6.31896e-05  1.40018e-18  0.000816177 -5.27582e-18  -0.00336586  6.20413e-18   0.00607857  2.66183e-18  -0.00260857 -8.48629e-18  -0.00778508 -1.27742e-18    0.0104123  1.20206e-17   0.00386842   2.5142e-18   -0.0136286 -1.01544e-17 -0.000671075  1.02119e-18    0.0138474 -1.43479e-18 -5.39842e-05   1.6424e-18   -0.0125177 -1.36978e-18  -0.00121851  -6.5565e-19    0.0100461  6.05345e-18   0.00320662 -2.01633e-18  -0.00655021 -4.50407e-18  -0.00444777  4.01393e-19   0.00264093  1.26996e-18   0.00394271  2.08892e-18  0.000380397  5.81633e-19  -0.00192792 -1.62341e-18  -0.00131555 -1.63738e-18  1.94796e-05 -1.06264e-19  0.000508707  8.07092e-19  0.000335312  4.06181e-19  0.000100142  6.13179e-20    6.961e-06  2.85719e-20 -4.85531e-06  1.30287e-22 -1.50141e-06 -2.58596e-21 -1.20401e-07
-2.81808e-19   0.00010387  2.16835e-18    0.0002601  -6.0306e-18  -0.00279585  4.98312e-18   0.00656507  3.50621e-18  -0.00436533 -6.84469e-18  -0.00636939 -5.27447e-18    0.0107169  1.12835e-17   0.00278728  4.05059e-18    -0.013317  -5.7339e-18 -0.000346427 -1.43479e-18    0.0135284 -2.26887e-18  0.000213663  2.39127e-18   -0.0122943 -3.76322e-18  -0.00185338   8.7657e-19   0.00976415  7.03082e-18   0.00396245 -2.65561e-18  -0.00603851 -4.49297e-18  -0.00501516 -5.42045e-19    0.0019201  1.41436e-18   0.00404402  2.93422e-18   0.00100155  1.05457e-18  -0.00158656 -1.56485e-18   -0.0014693 -2.01705e-18 -0.000301985 -4.34299e-19  0.000312467  6.17851e-19  0.000294184  3.60921e-19  0.000121967   1.1327e-19  2.80245e-05  5.01654e-20  3.20081e-06  1.47564e-21  9.03186e-08 -8.30871e-22
-9.36242e-05 -4.51923e-19  0.000646014  2.27659e-18   -0.0010428  -5.3207e-18  -0.00129808  2.64682e-18   0.00624867  4.54552e-18  -0.00568168  -5.6082e-18   -0.0049903 -7.59825e-18    0.0108606  9.41023e-18   0.00182516   4.0666e-18   -0.0130285 -1.32588e-18 -5.39842e-05 -2.26887e-18    0.0132606 -1.24716e-18  0.000462949  9.48209e-19   -0.0120907 -6.06336e-18  -0.00245967  3.27694e-18    0.0094539  7.89224e-18   0.00467885 -2.84236e-18    -0.005458  -4.6317e-18  -0.00550014 -1.85593e-18   0.00113895  1.40109e-18   0.00400793  3.71515e-18    0.0015916  1.86882e-18  -0.00113432 -1.29561e-18  -0.00149376 -2.32635e-18  -0.00058087 -7.74116e-19  7.50595e-05  3.22826e-19  0.000186909  2.31395e-19  9.50969e-05  1.07102e-19  2.57139e-05  4.36461e-20  3.71602e-06  7.27378e-23  1.97218e-07
 1.87355e-20 -0.000253689 -3.29199e-19   0.00127253  1.88043e-18  -0.00240959 -3.99463e-18  0.000380106  6.94412e-19   0.00554598  5.48121e-18  -0.00663375 -5.01645e-18  -0.00369482 -7.57842e-18    0.0108865  6.71557e-18  0.000961872  2.89251e-18   -0.0127622   1.6424e-18  0.000213663 -1.24716e-18    0.0130384  1.20135e-18  0.000698936  -2.0103e-18   -0.0119056 -8.20565e-18  -0.00304569  5.53686e-18   0.00911503  8.57651e-18   0.00535925 -2.11095e-18  -0.00480869 -4.87955e-18  -0.00589493 -3.55077e-18   0.00030821  9.29724e-19   0.00382324  4.31288e-18   0.00211794  2.89876e-18 -0.000590221 -8.39575e-19   -0.0013685 -2.43081e-18 -0.000767188 -1.02776e-18 -0.000150319  -2.8333e-21  5.35461e-05  6.51344e-20  4.41116e-05  6.94818e-20  1.25695e-05  2.45449e-20  1.55224e-06 -8.35053e-22
 7.12286e-06 -8.46877e-20 -0.000253045 -1.48864e-20   0.00146384  1.56853e-18  -0.00324731 -2.90496e-18   0.00183951 -7.88978e-20   0.00463208  5.87591e-18  -0.00727479 -4.93352e-18  -0.00248768 -5.50847e-18    0.0108236  3.66005e-18  0.000177037  9.49604e-19   -0.0125177  2.39127e-18  0.000462949  1.20135e-18    0.0128574  4.33762e-18  0.000925934 -5.49653e-18   -0.0117373 -1.01298e-17  -0.00361884  6.73782e-18   0.00874563  9.06478e-18   0.00600565 -3.72303e-19  -0.00408916 -5.09154e-18  -0.00618917 -5.42831e-18 -0.000558893 -9.54173e-20   0.00347954  4.58131e-18   0.00254235  3.90689e-18  1.34351e-05 -2.58776e-19  -0.00108542 -2.22975e-18 -0.000810881 -1.09946e-18 -0.000297023 -2.53241e-19 -4.97796e-05 -6.35347e-20  2.34515e-06  3.35019e-20  2.29276e-06  8.56736e-21    2.257e-07
 7.62939e-20 -0.000104508 -2.72483e-19  0.000118876  1.88304e-19    0.0010267  1.52699e-18  -0.00346192 -2.26396e-18   0.00301036  3.46562e-19   0.00360193  5.19911e-18  -0.00767034 -4.93195e-18  -0.00136453 -2.34932e-18    0.0106952  9.46165e-19 -0.000545437 -1.36978e-18   -0.0122943  9.48209e-19  0.000698936  4.33762e-18    0.0127145  7.51403e-18   0.00114777 -8.55998e-18   -0.0115843 -1.17127e-17  -0.00418577  6.42293e-18   0.00834232  9.42251e-18   0.00661842  2.08198e-18  -0.00329695 -5.02095e-18  -0.00636937 -7.13624e-18  -0.00144499 -1.53497e-18   0.00296869  4.44103e-18   0.00282075  4.64923e-18  0.000627655  3.60971e-19 -0.000658201  -1.7162e-18 -0.000682272 -9.45983e-19  -0.00031764  -3.5942e-19 -8.65661e-05 -1.11005e-19 -1.34959e-05  1.38559e-20 -9.71939e-07   1.6832e-21
 4.23665e-05  2.18227e-19 -0.000344138 -4.22646e-19  0.000751615  1.38639e-19  0.000196032    1.351e-18  -0.00323387 -1.84562e-18   0.00390457  1.58816e-18   0.00253284  3.32725e-18  -0.00787249 -4.56556e-18 -0.000321042  7.99516e-19    0.0105168 -6.55332e-19  -0.00121851 -3.76322e-18   -0.0120907  -2.0103e-18  0.000925934  7.51403e-18    0.0126072  1.03207e-17   0.00136791 -1.05112e-17   -0.0114448 -1.27873e-17  -0.00475263  4.71274e-18   0.00790022  9.69096e-18   0.00719599  4.75152e-18  -0.00242911 -4.42245e-18  -0.00641841 -8.31996e-18  -0.00232669 -3.09893e-18   0.00228741  3.93561e-18    0.0029052  4.95819e-18   0.00118337  9.25449e-19 -0.000140285 -9.97015e-19 -0.000407696 -6.22848e-19 -0.000223995 -3.31914e-19 -6.57391e-05 -8.97651e-20 -1.04057e-05  7.19605e-21 -6.10552e-07
 -8.6701e-20  8.10506e-05  3.64198e-19 -0.000537225 -4.24602e-19   0.00131947 -5.68741e-20 -0.000706371  6.16024e-19  -0.00273127 -1.36042e-18   0.00453599  3.09361e-18   0.00147277  7.60556e-19  -0.00791753 -3.67976e-18  0.000649987   3.2387e-18    0.0102982  -6.5565e-19  -0.00185338 -6.06336e-18   -0.0119056 -5.49653e-18   0.00114777  1.03207e-17    0.0125339  1.24664e-17   0.00158965 -1.10054e-17   -0.0113168  -1.3224e-17  -0.00532512  2.15926e-18    0.0074129  9.78635e-18   0.00773444   7.1425e-18   -0.0014827 -3.21801e-18  -0.00631525 -8.80127e-18  -0.00317229 -4.48755e-18   0.00144238  3.18561e-18   0.00274831   4.7645e-18   0.00158562  1.32713e-18  0.000355639  -2.6419e-19 -8.88439e-05 -2.70825e-19 -8.90584e-05 -2.35773e-19 -2.71844e-05 -4.32238e-20 -3.53729e-06  4.82882e-21
 9.58825e-06  -2.0991e-19  1.76913e-05  4.14817e-19 -0.000486998 -2.28155e-19   0.00160052 -2.32869e-19  -0.00150292 -6.57321e-19   -0.0020589  -6.1451e-19   0.00493064  4.29123e-18  0.000447034 -1.71046e-18  -0.00783352 -2.55385e-18   0.00155671  4.88727e-18    0.0100461   8.7657e-19  -0.00245967 -8.20565e-18   -0.0117373 -8.55998e-18   0.00136791  1.24664e-17    0.0124934  1.36564e-17   0.00181619 -1.00635e-17   -0.0111984 -1.30231e-17   -0.0059087 -5.44258e-19   0.00687224  9.53826e-18   0.00822693    8.929e-18 -0.000455834 -1.57406e-18  -0.00603482 -8.67287e-18  -0.00393782 -5.52929e-18  0.000457241  2.25845e-18   0.00230766  4.05525e-18   0.00171671  1.44504e-18  0.000675327  2.82767e-19  0.000140516 -2.68582e-20    7.035e-06 -1.34452e-19  -2.8146e-06 -8.59239e-21 -3.55799e-07
 4.99643e-20  6.66702e-05 -3.25971e-19 -0.000189239  3.39842e-19  -0.00017489  1.66641e-19   0.00157746 -3.33173e-19  -0.00213318 -2.09999e-18  -0.00129398  4.29739e-19   0.00512078  4.79219e-18 -0.000529104 -3.49074e-18  -0.00764176 -1.71542e-18   0.00240666  6.05345e-18   0.00976415  3.27694e-18  -0.00304569 -1.01298e-17   -0.0115843 -1.05112e-17   0.00158965  1.36564e-17    0.0124854  1.36716e-17   0.00205085 -8.07234e-18   -0.0110871 -1.23647e-17  -0.00650857 -2.86364e-18   0.00626822  8.84249e-18   0.00866279  1.00517e-17  0.000650893  2.01184e-19  -0.00554734 -8.23647e-18  -0.00456335 -6.25663e-18 -0.000622124  1.08255e-18   0.00156165  2.84354e-18   0.00148448  1.21169e-18  0.000709277  5.33963e-19  0.000206754  6.30613e-20  3.59901e-05 -6.18497e-20  3.09452e-06   1.9037e-21
-1.35999e-05  1.02904e-19  0.000145223 -3.95829e-19 -0.000446383  2.17971e-19  0.000268175  7.25186e-19   0.00132673 -4.30478e-19  -0.00257845 -3.32669e-18 -0.000495441  1.60936e-18   0.00513511  4.53699e-18  -0.00144652 -4.41679e-18  -0.00735745 -1.54983e-18   0.00320662  7.03082e-18    0.0094539  5.53686e-18  -0.00361884 -1.17127e-17   -0.0114448 -1.10054e-17   0.00181619  1.36716e-17    0.0125098  1.25775e-17    0.0022971 -5.69816e-18   -0.0109802 -1.15821e-17  -0.00712972 -4.61457e-18   0.00558848  7.79294e-18   0.00902617  1.07501e-17   0.00183331  1.84688e-18  -0.00481937 -7.81568e-18  -0.00497413 -6.85192e-18  -0.00171428  -4.4576e-19  0.000565031  1.24336e-18  0.000922308  7.16514e-19  0.000491591  5.15882e-19   0.00014668  4.48177e-20  2.39916e-05 -2.59361e-20  1.46529e-06
-2.82031e-21  -1.0157e-05  1.42812e-19  0.000163947 -4.43204e-19 -0.000618329  1.52703e-19  0.000706166  1.38256e-18  0.000925938 -6.41884e-19  -0.00283835 -4.09607e-18  0.000295964  2.60451e-18   0.00499787  3.75749e-18  -0.00230013 -4.68256e-18  -0.00699124 -2.01633e-18   0.00396245  7.89224e-18   0.00911503  6.73782e-18  -0.00418577 -1.27873e-17   -0.0113168 -1.00635e-17   0.00205085  1.25775e-17    0.0125675  1.08388e-17   0.00255877 -3.64207e-18   -0.0108742 -1.10614e-17    -0.007777 -5.95855e-18   0.00481785  6.68516e-18   0.00929551  1.14671e-17   0.00308055  3.25352e-18  -0.00382143 -7.54512e-18  -0.00507776 -7.42763e-18  -0.00266089  -2.1993e-18 -0.000474811 -4.14728e-19  0.000245848  1.97591e-19  0.000193082  3.46419e-19  5.72581e-05 -7.38013e-21  7.45476e-06  -1.4948e-20
-8.32841e-06  1.91252e-20  3.94604e-05  1.59878e-19   7.1322e-05  -5.3008e-19 -0.000639422  1.77038e-19   0.00106218  2.03704e-18  0.000437949 -1.00974e-18  -0.00292517 -4.29076e-18   0.00105188  3.09936e-18   0.00472956  2.79405e-18  -0.00308672 -4.61871e-18  -0.00655021 -2.65561e-18   0.00467885  8.57651e-18   0.00874563  6.42293e-18  -0.00475263  -1.3224e-17   -0.0111984 -8.07234e-18    0.0022971  1.08388e-17    0.0126596  9.20343e-18   0.00284025 -2.32916e-18    -0.010765 -1.11113e-17  -0.00845512  -7.2138e-18   0.00393882  5.89529e-18   0.00944124  1.26043e-17   0.00436552  4.44815e-18  -0.00253314 -7.22414e-18   -0.0047426 -7.76132e-18  -0.00319414 -3.69799e-18  -0.00121806 -1.64483e-18 -0.000250838 -1.26696e-19  -1.2486e-05  1.49957e-19   5.0519e-06 -3.89349e-20  6.40615e-07
-1.47763e-20  -2.8158e-05  7.10863e-20  0.000125147  1.53091e-19 -0.000106268 -6.96574e-19 -0.000520546  2.64586e-19   0.00130281  2.55027e-18 -8.53428e-05 -1.42669e-18  -0.00285668 -3.89973e-18    0.0017516  2.97373e-18   0.00434702  1.90194e-18   -0.0038036 -4.50407e-18  -0.00603851 -2.84236e-18   0.00535925  9.06478e-18   0.00834232  4.71274e-18  -0.00532512 -1.30231e-17   -0.0110871 -5.69816e-18   0.00255877  9.20343e-18    0.0127885  8.39625e-18   0.00314656  -1.7625e-18   -0.0106478 -1.18619e-17  -0.00916746 -8.61321e-18   0.00293095  5.71386e-18   0.00941804  1.42637e-17   0.00563911  5.58774e-18  -0.00093244 -6.32161e-18   -0.0038027 -7.30457e-18  -0.00303268 -4.37561e-18  -0.00139338 -2.09824e-18 -0.000407217 -2.09095e-19 -7.28851e-05  1.17338e-20  -6.5908e-06 -3.33206e-20
  1.7071e-06 -4.38791e-20 -3.97097e-05  1.42263e-19  0.000196355  1.21192e-19 -0.000303088 -9.25768e-19 -0.000302547   3.9025e-19   0.00141693  2.77808e-18  -0.00060293  -1.6752e-18  -0.00265195 -3.03966e-18   0.00237956  2.39391e-18   0.00386399  1.14498e-18  -0.00444777 -4.49297e-18    -0.005458 -2.11095e-18   0.00600565  9.42251e-18   0.00790022  2.15926e-18   -0.0059087 -1.23647e-17   -0.0109802 -3.64207e-18   0.00284025  8.39625e-18    0.0129567  8.78611e-18   0.00348347 -1.66611e-18   -0.0105151 -1.32468e-17  -0.00991583  -1.0183e-17   0.00176542   6.2138e-18   0.00916322   1.6196e-17   0.00684171  6.97099e-18  0.000982781 -4.26297e-18  -0.00219678 -5.65767e-18  -0.00213392 -4.03326e-18  -0.00103239  -1.8097e-18  -0.00029923 -1.43113e-19 -4.87518e-05 -2.91771e-20 -3.00185e-06
 2.20174e-21  -6.8424e-06 -7.86621e-20  -1.7192e-05  2.16932e-19  0.000209431  6.58159e-20 -0.000464717 -1.14603e-18 -2.83217e-05  5.35937e-19   0.00140726  2.63017e-18  -0.00108345 -1.57341e-18  -0.00233008 -1.92689e-18   0.00292326  1.72582e-18   0.00329198  4.01393e-19  -0.00501516  -4.6317e-18  -0.00480869 -3.72303e-19   0.00661842  9.69096e-18    0.0074129 -5.44258e-19  -0.00650857 -1.15821e-17   -0.0108742 -2.32916e-18   0.00314656  8.78611e-18    0.0131681  1.02308e-17   0.00385889 -1.76441e-18   -0.0103569 -1.50924e-17   -0.0107046 -1.18064e-17  0.000407554  7.19099e-18   0.00861434  1.79586e-17   0.00788313  8.82633e-18   0.00305187 -9.84065e-19 -0.000206965 -3.12934e-18 -0.000865717 -2.98968e-18 -0.000464826 -1.12692e-18  -0.00012475 -3.21879e-20 -1.56063e-05 -4.85284e-21
 3.41827e-06  -3.5528e-21 -2.81784e-05  -1.0283e-19  4.12887e-05  2.85841e-19  0.000155384 -5.69029e-21 -0.000561759 -1.26294e-18  0.000263623  6.56018e-19   0.00128522  2.12341e-18  -0.00150271 -1.11902e-18  -0.00190979 -7.79549e-19   0.00337186  1.31389e-18   0.00264093 -5.42045e-19  -0.00550014 -4.87955e-18  -0.00408916  2.08198e-18   0.00719599  9.78635e-18   0.00687224 -2.86364e-18  -0.00712972 -1.10614e-17    -0.010765  -1.7625e-18   0.00348347  1.02308e-17    0.0134283  1.22222e-17   0.00428314 -1.94351e-18   -0.0101644 -1.72606e-17   -0.0115365  -1.3377e-17  -0.00116056  8.13229e-18   0.00769692   1.8973e-17   0.00851902  1.08296e-17   0.00477448  2.68566e-18   0.00150309 -6.86855e-19  0.000180896 -1.77839e-18 -4.37765e-05 -4.30587e-19 -1.84857e-05  6.41602e-20 -1.67042e-06
 6.33806e-21  6.50842e-06 -1.93732e-20 -4.93585e-05 -1.04611e-19  0.000112682  3.41213e-19  5.06825e-05 -8.61373e-20  -0.00058332 -1.20731e-18  0.000540754  6.77913e-19   0.00106712  1.38364e-18   -0.0018419 -5.07179e-19  -0.00140949  2.73642e-19    0.0037151  1.26996e-18    0.0019201 -1.85593e-18  -0.00589493 -5.09154e-18  -0.00329695  4.75152e-18   0.00773444  9.53826e-18   0.00626822 -4.61457e-18    -0.007777 -1.11113e-17   -0.0106478 -1.66611e-18   0.00385889  1.22222e-17    0.0137453  1.42528e-17   0.00476462 -2.21873e-18  -0.00992562 -1.97219e-17   -0.0123879 -1.49559e-17  -0.00294746  8.13106e-18   0.00622255  1.83544e-17   0.00824829  1.19399e-17   0.00542728  5.37122e-18   0.00227631  7.85062e-19  0.000627278 -7.69491e-19  0.000107325  4.52628e-20  9.34707e-06  9.75932e-20
 8.70279e-07  1.77015e-20  1.87934e-06 -3.82337e-20 -5.24371e-05 -8.09415e-20  0.000169679  3.67613e-19 -7.98516e-05 -1.69971e-19 -0.000530664 -9.73078e-19  0.000777169  5.49684e-19  0.000772151  5.83605e-19  -0.00208624  3.53327e-21 -0.000847747  1.21432e-18   0.00394271  1.41436e-18   0.00113895 -3.55077e-18  -0.00618917 -5.02095e-18  -0.00242911   7.1425e-18   0.00822693  8.84249e-18   0.00558848 -5.95855e-18  -0.00845512 -1.18619e-17   -0.0105151 -1.76441e-18   0.00428314  1.42528e-17    0.0141248  1.61533e-17   0.00531435 -2.62188e-18  -0.00960065 -2.24944e-17   -0.0132161 -1.69336e-17  -0.00504147  5.93182e-18   0.00384456   1.5066e-17   0.00655581  1.11289e-17   0.00460298  6.11625e-18   0.00198489  1.13514e-18  0.000544356 -9.21738e-20  8.62419e-05  2.16326e-19   5.2454e-06
-2.34337e-21    4.708e-06  2.84083e-20 -1.36646e-05 -5.03937e-20 -3.00916e-05 -3.59726e-20  0.000194812  3.45805e-19  -0.00021173  -2.4265e-19 -0.000413378 -6.22402e-19  0.000953212  2.81463e-19  0.000421473 -1.40426e-19  -0.00222418  2.76956e-19 -0.000244038  2.08892e-18   0.00404402  1.40109e-18   0.00030821 -5.42831e-18  -0.00636937 -4.42245e-18   -0.0014827    8.929e-18   0.00866279  7.79294e-18   0.00481785  -7.2138e-18  -0.00916746 -1.32468e-17   -0.0103569 -1.94351e-18   0.00476462  1.61533e-17    0.0145747  1.81718e-17   0.00596947 -3.13098e-18  -0.00913133 -2.55295e-17   -0.0140447 -1.99628e-17  -0.00762151  6.12544e-19  0.000373976  8.93122e-18   0.00351212  8.44752e-18   0.00269599  5.05844e-18   0.00111892  8.34954e-19  0.000269885  2.12127e-19  3.19898e-05  1.70646e-19
-5.97203e-07 -3.06575e-21  9.15407e-06  3.04334e-20 -3.38274e-05 -5.17772e-20   1.1925e-05  2.14622e-20  0.000182017   2.6782e-19 -0.000323961 -2.73014e-19 -0.000246508  -2.5478e-19   0.00105489 -6.15223e-20   3.7849e-05 -7.29527e-19  -0.00224701  3.93162e-19  0.000380397  2.93422e-18   0.00400793  9.29724e-19 -0.000558893 -7.13624e-18  -0.00641841 -3.21801e-18 -0.000455834  1.00517e-17   0.00902617  6.68516e-18   0.00393882 -8.61321e-18  -0.00991583 -1.50924e-17   -0.0101644 -2.21873e-18   0.00531435  1.81718e-17    0.0151283  2.07256e-17   0.00678219 -3.64857e-18  -0.00852662  -2.8511e-17   -0.0149596 -2.41705e-17   -0.0106143 -7.11959e-18  -0.00364443  1.65949e-18  0.000102653  5.12966e-18  0.000714221  3.14434e-18  0.000331424  3.81553e-19   6.9581e-05  1.45833e-19   5.0545e-06
-3.51227e-22   1.8336e-07 -2.07839e-21  8.98744e-06  2.02264e-20 -4.81837e-05 -4.31353e-20  6.13353e-05  7.85511e-20  0.000133885   1.4904e-19 -0.000400499 -2.25561e-19 -4.85547e-05  4.26796e-20   0.00107354 -4.04619e-19 -0.000354387 -1.17815e-18  -0.00214897  5.81633e-19   0.00100155  3.71515e-18   0.00382324 -9.54173e-20  -0.00144499 -8.31996e-18  -0.00631525 -1.57406e-18  0.000650893  1.07501e-17   0.00929551  5.89529e-18   0.00293095  -1.0183e-17   -0.0107046 -1.72606e-17  -0.00992562 -2.62188e-18   0.00596947  2.07256e-17    0.0158323  2.39594e-17    0.0077333  -3.8459e-18  -0.00785273 -3.03635e-17   -0.0157644 -2.80052e-17   -0.0131894 -1.43837e-17  -0.00682592 -3.80956e-18  -0.00230329  2.47563e-18 -0.000484339  1.27931e-18  -5.3814e-05 -5.73823e-20 -1.68866e-06  4.90776e-21
-4.82231e-07 -1.04413e-21  3.34994e-06 -1.43247e-21  1.36314e-06  4.37857e-22 -4.93515e-05 -2.51401e-20  0.000105267  1.17643e-19  5.90276e-05  2.65491e-20 -0.000430878 -8.60214e-20  0.000159878  2.32239e-19   0.00100581 -7.08943e-19 -0.000729266 -1.48399e-18  -0.00192792  1.05457e-18    0.0015916  4.31288e-18   0.00347954 -1.53497e-18  -0.00232669 -8.80127e-18  -0.00603482  2.01184e-19   0.00183331  1.14671e-17   0.00944124  5.71386e-18   0.00176542 -1.18064e-17   -0.0115365 -1.97219e-17  -0.00960065 -3.13098e-18   0.00678219  2.39594e-17    0.0166605    2.757e-17   0.00874449 -2.71132e-18  -0.00689534 -2.88546e-17   -0.0155553 -2.84682e-17   -0.0138767 -1.77301e-17  -0.00779953 -5.60247e-18  -0.00296879  7.99003e-19 -0.000749691 -1.42139e-19 -0.000112159 -4.66473e-19 -6.56664e-06
 3.28776e-22 -1.09651e-06 -7.21534e-22  7.48217e-06 -2.97769e-21  -1.1683e-05 -2.15854e-20 -3.55739e-05   1.4526e-21  0.000133305  1.19964e-19 -3.01476e-05 -5.69145e-20 -0.000410423  1.24005e-19  0.000357135  3.24026e-19  0.000854018 -9.87443e-19  -0.00105924 -1.62341e-18  -0.00158656  1.86882e-18   0.00211794  4.58131e-18   0.00296869 -3.09893e-18  -0.00317229 -8.67287e-18  -0.00554734  1.84688e-18   0.00308055  1.26043e-17   0.00941804   6.2138e-18  0.000407554  -1.3377e-17   -0.0123879 -2.24944e-17  -0.00913133 -3.64857e-18    0.0077333    2.757e-17    0.0175265  3.14165e-17    0.0100111  1.70289e-18   -0.0047953 -2.15836e-17   -0.0130148  -2.3619e-17   -0.0116585 -1.58842e-17  -0.00634938 -4.44408e-18  -0.00225728 -4.13179e-19 -0.000499646 -1.06944e-18 -5.63188e-05 -4.74313e-19
-7.63896e-08  4.45437e-22 -7.79141e-07   1.3876e-21  9.53382e-06 -6.86822e-21 -2.50914e-05  -3.6579e-20 -9.92348e-06   3.0783e-20  0.000138948  7.67651e-20  -0.00011936 -7.46962e-20 -0.000340381  3.58067e-19  0.000521566  3.41295e-19  0.000626858 -1.28575e-18  -0.00131555 -1.56485e-18  -0.00113432  2.89876e-18   0.00254235  4.44103e-18   0.00228741 -4.48755e-18  -0.00393782 -8.23647e-18  -0.00481937  3.25352e-18   0.00436552  1.42637e-17   0.00916322  7.19099e-18  -0.00116056 -1.49559e-17   -0.0132161 -2.55295e-17  -0.00852662  -3.8459e-18   0.00874449  3.14165e-17    0.0186144   3.6442e-17    0.0123299  1.12295e-17 -0.000460336 -8.66206e-18  -0.00764267 -1.49651e-17  -0.00709279 -1.07502e-17   -0.0036235 -2.69379e-18  -0.00113122 -1.51484e-18 -0.000198964 -1.47376e-18 -1.31566e-05
-3.46718e-22 -5.23845e-07   6.0278e-22  1.13322e-06  4.40126e-21  7.38009e-06 -1.25052e-20  -3.3694e-05 -3.73595e-20  2.13959e-05  4.99403e-20  0.000120269 -2.03843e-21 -0.000194188 -2.95879e-20 -0.000228028  5.71008e-19   0.00063284  2.86965e-19  0.000340448 -1.63738e-18   -0.0014693 -1.29561e-18 -0.000590221  3.90689e-18   0.00282075  3.93561e-18   0.00144238 -5.52929e-18  -0.00456335 -7.81568e-18  -0.00382143  4.44815e-18   0.00563911   1.6196e-17   0.00861434  8.13229e-18  -0.00294746 -1.69336e-17   -0.0140447  -2.8511e-17  -0.00785273 -2.71132e-18    0.0100111   3.6442e-17    0.0206958  4.42504e-17    0.0166249  2.51501e-17   0.00614685  5.54805e-18 -0.000759481 -6.52916e-18  -0.00214765 -5.63014e-18  -0.00117147 -2.07559e-18 -0.000324663 -2.25465e-18 -4.19858e-05 -1.03357e-18
  6.2388e-08  -5.9932e-22 -1.06199e-06  1.39909e-21   3.9272e-06  6.31797e-21  1.15584e-06 -1.86676e-20 -3.41189e-05 -2.27263e-20   5.0808e-05  4.52585e-20  8.00242e-05 -9.30329e-20 -0.000241774  5.19151e-20 -8.66768e-05   7.3641e-19  0.000673788  1.42006e-19  1.94796e-05 -2.01705e-18  -0.00149376 -8.39575e-19  1.34351e-05  4.64923e-18    0.0029052  3.18561e-18  0.000457241 -6.25663e-18  -0.00497413 -7.54512e-18  -0.00253314  5.58774e-18   0.00684171  1.79586e-17   0.00769692  8.13106e-18  -0.00504147 -1.99628e-17   -0.0149596 -3.03635e-17  -0.00689534  1.70289e-18    0.0123299  4.42504e-17    0.0246354  5.47603e-17    0.0226437  3.86571e-17    0.0131534  1.47911e-17   0.00505755  -1.4048e-18   0.00123097 -2.72291e-18  0.000159207 -2.48245e-18  3.97509e-06 -2.25843e-18 -7.28856e-07
 1.06287e-22 -2.21934e-08 -6.68616e-22 -1.04535e-06  3.01719e-21   6.0091e-06  5.24291e-21 -7.05325e-06 -2.25747e-20 -2.56327e-05  1.38153e-21  7.10634e-05  1.23267e-20  2.53293e-05 -1.73603e-19  -0.00025266   1.4097e-19  6.46453e-05  8.42399e-19  0.000633066 -1.06264e-19 -0.000301985 -2.32635e-18   -0.0013685 -2.58776e-19  0.000627655  4.95819e-18   0.00274831  2.25845e-18 -0.000622124 -6.85192e-18  -0.00507776 -7.22414e-18  -0.00093244  6.97099e-18   0.00788313   1.8973e-17   0.00622255  5.93182e-18  -0.00762151 -2.41705e-17   -0.0157644 -2.88546e-17   -0.0047953  1.12295e-17    0.0166249  5.47603e-17    0.0300859  6.42551e-17    0.0282183  4.50097e-17    0.0176771  1.59508e-17   0.00779802  1.66892e-19     0.002395 -2.11498e-18  0.000476576 -2.78992e-18  4.98122e-05 -1.31376e-18
 4.03592e-08  5.89376e-23 -3.27557e-07 -4.31715e-22 -1.29355e-07  4.81911e-21    6.031e-06   5.9837e-22 -1.42641e-05  -2.0696e-20 -1.02361e-05  2.49008e-20  7.68272e-05 -3.98474e-20  -3.3179e-05 -2.29672e-19   -0.0002228  2.24819e-19  0.000202286  8.74574e-19  0.000508707 -4.34299e-19  -0.00058087 -2.43081e-18  -0.00108542  3.60971e-19   0.00118337   4.7645e-18   0.00230766  1.08255e-18  -0.00171428 -7.42763e-18   -0.0047426 -6.32161e-18  0.000982781  8.82633e-18   0.00851902  1.83544e-17   0.00384456  6.12544e-19   -0.0106143 -2.80052e-17   -0.0155553 -2.15836e-17 -0.000460336  2.51501e-17    0.0226437  6.42551e-17    0.0347922  6.67567e-17    0.0303823  4.06429e-17     0.017917  1.12534e-17   0.00733573 -2.97729e-19   0.00200984 -2.45982e-18  0.000325978 -2.33381e-18  2.05317e-05
  1.7245e-23  7.37538e-08 -1.88553e-22 -6.60323e-07  2.39023e-22  1.34946e-06  5.76495e-21  3.65821e-06 -6.16281e-21 -1.77632e-05 -1.16073e-20  7.85129e-06   3.9137e-20  6.60784e-05 -9.40854e-20 -8.28628e-05 -2.51068e-19 -0.000155615  3.04641e-19  0.000300367  8.07092e-19  0.000312467 -7.74116e-19 -0.000767188 -2.22975e-18 -0.000658201  9.25449e-19   0.00158562  4.05525e-18   0.00156165  -4.4576e-19  -0.00266089 -7.76132e-18   -0.0038027 -4.26297e-18   0.00305187  1.08296e-17   0.00824829   1.5066e-17  0.000373976 -7.11959e-18   -0.0131894 -2.84682e-17   -0.0130148 -8.66206e-18   0.00614685  3.86571e-17    0.0282183  6.67567e-17    0.0357822  5.84528e-17     0.027608  2.83188e-17    0.0144161  5.33012e-18   0.00510177 -1.27231e-18   0.00114188 -2.44567e-18   0.00013098 -1.16893e-18
