 4.75744e-25 -8.63973e-38 -2.66151e-23  3.45967e-37  5.80147e-22  4.07617e-36 -7.61195e-21  -1.5343e-34  6.93528e-20  1.54609e-33 -4.71168e-19 -1.41298e-32  2.48811e-18  1.05141e-31 -1.04815e-17 -6.41477e-31  3.58057e-17  3.24445e-30 -1.00145e-16 -1.37661e-29   2.3026e-16  4.95012e-29 -4.34644e-16 -1.52067e-28  6.68336e-16   4.0117e-28 -8.22838e-16 -9.10094e-28  7.83468e-16  1.76677e-27 -5.33835e-16 -2.88442e-27  2.02479e-16  3.77032e-27  2.96404e-17 -3.32227e-27 -8.46652e-17 -1.08354e-28  3.35186e-17  8.09421e-27  1.20845e-17 -2.08565e-26 -1.35833e-17  3.58332e-26  -1.6849e-19 -4.73253e-26  3.66118e-18  4.84911e-26  -3.2615e-19 -3.54835e-26  -8.7925e-19  1.11363e-26  6.92809e-20  1.52686e-26  1.98078e-19 -3.30791e-26  4.04919e-21  3.67681e-26 -3.88411e-20 -2.86962e-26 -7.05138e-21  1.61871e-26  5.53928e-21 -5.96283e-27  2.36313e-21   6.4937e-28 -3.09029e-22  7.97273e-28 -4.24006e-22  -5.8306e-28 -7.17099e-23  1.80503e-28  3.36829e-23 -1.32144e-29  1.82177e-23 -3.61694e-30  1.75648e-24 -6.38679e-30 -1.29221e-24  6.42065e-30 -5.54803e-25 -2.25045e-30 -6.10409e-26  4.27191e-32  2.36903e-26  2.64095e-31  1.13094e-26 -9.16923e-32  1.87012e-27  9.18378e-34 -8.66807e-29  7.58967e-33 -1.16174e-28 -1.73786e-33  -2.7641e-29 -1.05315e-34 -2.75954e-30  8.19596e-35  2.27817e-31 -4.30519e-36  1.31325e-31 -1.45059e-36  2.33862e-32  4.46389e-37  2.14234e-33  -7.1015e-38   1.5386e-35 -3.85141e-38 -2.62773e-35  1.34432e-38 -4.23671e-36 -1.13367e-39 -3.65641e-37  1.34596e-40 -1.71561e-38 -1.56116e-41 -1.25174e-40 -1.45871e-42  3.78136e-41  4.79713e-45  2.57664e-42 -6.13204e-46  8.84777e-44  5.60212e-46  1.28947e-45  1.60581e-47
-8.63973e-38  3.82058e-23  1.28796e-36 -1.21495e-21 -5.29895e-36  2.01761e-20  1.61578e-34 -2.19797e-19 -2.33965e-33  1.73271e-18  2.49186e-32 -1.04301e-17 -2.17766e-31  4.95376e-17  1.54868e-30 -1.89528e-16 -9.01363e-30   5.9169e-16  4.34228e-29 -1.51772e-15  -1.7532e-28  3.20383e-15   5.9996e-28 -5.54345e-15 -1.75616e-27  7.77302e-15  4.42656e-27 -8.62971e-15 -9.64292e-27  7.23143e-15  1.81374e-26 -4.05942e-15 -2.91752e-26  8.62924e-16  3.89774e-26   7.6634e-16 -3.95389e-26 -7.19229e-16  1.92845e-26  9.52809e-17  3.27499e-26  1.80733e-16  -1.1867e-25 -7.87573e-17  2.22493e-25 -3.35719e-17 -3.07833e-25  2.54842e-17  3.30679e-25  6.48765e-18 -2.65664e-25 -6.28597e-18  1.28813e-25 -1.64887e-18  2.48202e-26  1.25414e-18 -1.32761e-25  4.76528e-19  1.63315e-25 -1.76863e-19 -1.29813e-25 -1.18597e-19  7.20918e-26  6.97592e-21 -2.52289e-26  2.09189e-20  1.91384e-27  4.02469e-21  3.67259e-27 -1.94262e-21 -2.28535e-27 -1.06848e-21   5.1237e-28 -6.46326e-23  8.36849e-29  1.03292e-22 -6.46901e-29  3.78123e-23 -1.28054e-29  1.47473e-24  2.28485e-29 -2.90334e-24 -8.58929e-30 -1.00485e-24  4.21926e-31 -9.15815e-26  8.27013e-31  3.90097e-26 -2.90133e-31  1.68386e-26 -2.01539e-33  2.74357e-27  2.50927e-32  -2.8654e-29 -4.99169e-33 -1.20219e-28 -4.15171e-34 -2.95537e-29  1.75058e-34 -3.43002e-30  4.20804e-36 -2.19304e-33 -1.14375e-36  7.58887e-32  8.81307e-37  1.50457e-32 -3.59652e-37  1.57779e-33 -1.20679e-37  7.61243e-35  4.29884e-38 -3.83672e-36 -3.16732e-39 -1.04891e-36  5.01267e-40 -9.51193e-38 -4.09146e-41 -4.85828e-39  -6.4804e-42 -1.33606e-40 -2.50899e-44 -7.28359e-43  1.81412e-45  6.33225e-44  8.41796e-46   9.2513e-46
-2.66151e-23  1.28796e-36  1.51099e-21  1.32325e-35 -3.34458e-20 -1.07813e-34  4.45943e-19  1.84773e-33 -4.13207e-18 -2.30086e-32  2.85742e-17  2.44156e-31 -1.53739e-16 -2.12741e-30  6.60592e-16  1.48807e-29 -2.30467e-15 -8.40545e-29  6.59307e-15  3.89491e-28 -1.55341e-14 -1.50467e-27   3.0119e-14  4.91331e-27 -4.77247e-14  -1.3711e-26  6.08399e-14  3.29746e-26  -6.0475e-14 -6.87462e-26   4.3791e-14  1.24554e-25 -1.88778e-14 -1.95445e-25   -4.918e-16  2.61303e-25  6.61648e-15  -2.8296e-25 -3.34396e-15   2.0609e-25 -6.20149e-16  2.06743e-26   1.2014e-15 -4.10033e-25 -1.27623e-16  8.94489e-25 -3.04966e-16 -1.31425e-24  6.83413e-17  1.47308e-24  7.21548e-17 -1.25472e-24  -1.6497e-17  7.21879e-25 -1.70115e-17 -1.02642e-25  2.08834e-18 -3.46819e-25  3.71145e-18   4.9936e-25  1.76169e-19 -4.07538e-25 -6.39628e-19  2.22845e-25 -1.64344e-19 -7.34258e-26  6.41419e-20  2.40619e-27  4.06721e-20   1.2133e-26  1.88238e-21 -6.46361e-27 -4.75618e-21  9.72588e-28 -1.60348e-21  5.26012e-28  5.26942e-23 -2.78104e-28   1.8011e-22 -1.12487e-29   5.0028e-23  5.64196e-29 -1.23662e-25 -2.23109e-29 -3.93239e-24  1.65641e-30 -1.17725e-24  1.77915e-30 -1.00347e-25 -6.36051e-31     3.75e-26 -2.06326e-32  1.56116e-26  5.92767e-32  2.58828e-27 -9.44193e-33  7.09612e-29 -1.20952e-33 -6.93702e-29  1.55652e-34 -1.84122e-29  5.32193e-35  -2.3787e-30  6.24171e-36 -1.12471e-31  1.49948e-36  1.89725e-32 -1.19213e-36  4.84318e-33 -2.90247e-37  5.50204e-34  9.45922e-38  3.54618e-35 -5.28209e-39  7.96654e-37  1.22143e-39 -7.64906e-38 -7.49308e-41 -8.68264e-39  -1.5284e-41 -4.19019e-40 -1.20369e-43 -1.05284e-41  2.98114e-45 -9.23713e-44  6.34576e-46
 3.45967e-37 -1.21495e-21  1.32325e-35   3.9233e-20  7.66922e-35 -6.62066e-19  -7.5406e-34  7.33476e-18  8.41411e-33  -5.8851e-17 -1.14401e-31    3.609e-16  1.49944e-30 -1.74805e-15 -1.46644e-29  6.82865e-15  1.06536e-28 -2.17975e-14 -5.99285e-28  5.72645e-14  2.70609e-27 -1.24067e-13 -1.00712e-26   2.2093e-13  3.14851e-26 -3.20062e-13 -8.38407e-26   3.6935e-13  1.92177e-25  -3.2535e-13 -3.82253e-25  1.97653e-13  6.63588e-25 -5.50962e-14 -1.00737e-24 -2.80058e-14  1.32854e-24  3.49779e-14 -1.47999e-24 -8.14565e-15  1.26704e-24 -7.53725e-15 -5.02223e-25  4.67611e-15 -8.75932e-25  1.07546e-15  2.64918e-24 -1.42791e-15 -4.26126e-24 -1.46349e-16  5.00941e-24  3.56412e-16  -4.4631e-24   3.9584e-17  2.81573e-24 -7.69592e-17 -8.28099e-25 -1.60619e-17 -6.52979e-25  1.31953e-17  1.21621e-24  5.23939e-18 -1.02845e-24 -1.32316e-18  5.54049e-25 -1.16525e-18 -1.70657e-25 -7.25667e-20 -3.10121e-27   1.5177e-19  3.23775e-26  5.12154e-20   -1.501e-26 -4.66104e-21  1.36776e-27 -7.36761e-21   1.6673e-27 -1.70626e-21 -7.62625e-28  2.12172e-22  1.16712e-29  2.19903e-22  1.10376e-28  4.97862e-23  -4.5865e-29 -1.34008e-24  4.65789e-30 -3.76627e-24  2.99255e-30 -1.02777e-24 -1.11907e-30 -9.17729e-26 -8.14506e-32  2.35632e-26  1.16981e-31  1.01651e-26 -1.26231e-32  1.74486e-27 -2.98262e-33  1.04413e-28 -2.44759e-34 -2.30193e-29  1.79807e-34 -7.32447e-30  2.97143e-35 -1.02515e-30   3.5758e-36 -7.41818e-32 -3.03947e-36   4.2457e-34 -6.04899e-37  7.83554e-34   1.6472e-37  9.88248e-35 -5.40568e-39   6.7869e-36  2.28528e-39  2.59838e-37 -1.09428e-40  2.84774e-39 -2.47238e-41 -2.14197e-40 -2.56534e-43 -8.83715e-42  9.81648e-46 -8.32087e-44
 5.80147e-22 -5.29895e-36 -3.34458e-20  7.66922e-35  7.52294e-19  2.22546e-34 -1.02003e-17  4.72964e-33  9.61934e-17 -9.56343e-32 -6.77616e-16  4.76367e-31  3.71758e-15  3.16913e-30 -1.63067e-14 -6.81296e-29  5.81523e-14  5.88421e-28 -1.70312e-13 -3.44613e-27  4.11585e-13  1.54461e-26  -8.2049e-13 -5.58657e-26  1.34103e-12  1.67908e-25 -1.77173e-12 -4.27262e-25  1.83957e-12  9.32689e-25 -1.41433e-12 -1.76484e-24  6.83529e-13  2.92046e-24 -5.20362e-14 -4.25657e-24 -1.97658e-13  5.47563e-24  1.26548e-13 -6.14082e-24  5.58012e-15  5.70008e-24 -4.03688e-14 -3.58605e-24  9.34834e-15 -4.63409e-25  9.41521e-15  5.89556e-24 -3.71596e-15 -1.10828e-23 -2.13895e-15   1.3873e-23  9.35636e-16 -1.28925e-23  5.24574e-16  8.63351e-24 -1.65389e-16 -3.26148e-24 -1.27934e-16  -8.3127e-25  1.34888e-17  2.50737e-24   2.6123e-17 -2.21824e-24  3.00629e-18  1.17816e-24 -3.59051e-18 -3.37322e-25 -1.34975e-18 -2.52953e-26  1.56792e-19  7.29891e-26  2.23064e-19 -2.98975e-26  4.50277e-20  1.31205e-27 -1.20535e-20  3.84455e-27 -8.36756e-21 -1.59509e-27 -1.40018e-21  7.11027e-29  3.04406e-22  1.78514e-28  2.04781e-22 -7.99479e-29  4.01414e-23  1.10205e-29 -1.28896e-24  4.10956e-30 -2.70063e-24 -1.69971e-30 -7.00342e-25 -2.31114e-31 -6.96826e-26  2.06447e-31   9.4198e-27 -9.39889e-33  4.76258e-27 -6.46103e-33  8.54902e-28 -1.40129e-33  7.17459e-29  4.07592e-34 -3.01205e-30  8.02761e-35  -1.8224e-30  1.00505e-35 -2.77129e-31 -6.38758e-36 -2.34472e-32 -1.11878e-36 -8.97245e-34  2.40153e-37   4.1569e-35 -1.46224e-39  8.32439e-36  3.49677e-39  5.68335e-37 -1.33616e-40  2.09961e-38 -2.99515e-41  3.74002e-40 -3.42394e-43  1.38149e-42 -1.11684e-45
 4.07617e-36  2.01761e-20 -1.07813e-34 -6.62066e-19  2.22546e-34  1.13615e-17 -4.06003e-33 -1.28101e-16  2.03243e-31  1.04695e-15 -2.62384e-30 -6.54608e-15  1.71921e-29  3.23624e-14 -5.24642e-29 -1.29196e-13 -1.20156e-28  4.22056e-13  2.43882e-27  -1.1367e-12 -1.63254e-26  2.53009e-12  7.47124e-26  -4.6415e-12 -2.65633e-25  6.95393e-12  7.71569e-25 -8.34812e-12  -1.8799e-24  7.73149e-12  3.90667e-24 -5.06629e-12 -7.01318e-24  1.73595e-12  1.10053e-23  4.68343e-13 -1.52826e-23 -8.78682e-13  1.89844e-23  2.97785e-13 -2.11229e-23  1.52116e-13  2.04831e-23 -1.38528e-13 -1.55804e-23 -1.02095e-14  5.39398e-24  3.99477e-14  9.03649e-24  -1.5608e-15 -2.35744e-23 -9.97193e-15  3.23723e-23  3.41952e-16 -3.15245e-23  2.28792e-15  2.20831e-23  1.34599e-16 -9.48234e-24 -4.50705e-16 -3.13319e-25 -9.84583e-17  4.52739e-24   6.3376e-17 -4.23084e-24  3.04501e-17  2.21616e-24 -2.96474e-18 -5.86879e-25 -5.31928e-18   -7.996e-26 -1.02359e-18  1.42627e-25  4.00491e-19 -5.20221e-26  2.40078e-19   1.9657e-28  2.76411e-20  7.17007e-27 -1.59971e-20 -2.73285e-27  -7.4838e-21  1.86014e-28 -9.44942e-22  2.39738e-28  2.85793e-22 -1.24069e-28  1.51667e-22  2.34727e-29  2.72152e-23  4.69275e-30 -5.13064e-25 -2.37165e-30 -1.47456e-24 -5.38223e-31 -3.76255e-25  3.37183e-31 -4.21328e-26  8.03214e-33  1.78607e-27 -1.24293e-32  1.57479e-27 -3.69338e-33  3.00226e-28  7.18776e-34   2.9982e-29  1.68063e-34  7.90926e-31  2.47516e-35 -2.47559e-31 -1.14914e-35 -4.48874e-32 -1.84008e-36 -4.02815e-33  3.02147e-37  -2.0619e-34  7.01725e-39 -3.93037e-36  4.50999e-39  2.12586e-37 -1.39292e-40  1.71886e-38 -2.80748e-41  4.43234e-40 -3.02291e-43  3.52354e-42
-7.61195e-21  1.61578e-34  4.45943e-19  -7.5406e-34 -1.02003e-17 -4.06003e-33  1.40756e-16 -1.02889e-31 -1.35204e-15  3.17931e-30  9.71005e-15 -3.45443e-29 -5.43676e-14  2.17825e-28  2.43666e-13 -8.43104e-28 -8.89056e-13  1.39433e-27  2.66825e-12   6.2434e-27 -6.62056e-12  -6.3557e-26  1.35836e-11  3.11605e-25 -2.29237e-11  -1.1061e-24  3.14176e-11  3.12509e-24 -3.40959e-11 -7.30975e-24  2.78143e-11  1.44624e-23 -1.49168e-11 -2.45718e-23  2.48316e-12  3.63712e-23  3.44159e-12 -4.77252e-23 -2.82855e-12  5.66667e-23   2.2808e-13 -6.18407e-23  7.90579e-13  6.14346e-23 -2.98369e-13 -5.19408e-23 -1.61265e-13  2.96987e-23  1.04919e-13  4.26189e-24  3.31882e-14 -4.05936e-23 -2.70092e-14  6.48528e-23 -8.41984e-15 -6.69525e-23  5.50946e-15  4.87854e-23  2.37417e-15 -2.26376e-23 -7.73771e-16  1.90079e-24 -5.84222e-16  7.32007e-24  2.14997e-17 -7.29111e-24  1.02817e-16  3.76516e-24  2.17431e-17 -9.16968e-25 -9.37897e-18 -1.85141e-25 -5.55327e-18  2.46022e-25 -4.10865e-19 -7.96211e-26  5.26929e-19 -2.83895e-27  2.03614e-19  1.13355e-26  1.04634e-20  -3.9703e-27 -1.50918e-20  3.91129e-28 -5.49427e-21  2.56676e-28 -5.60062e-22 -1.79401e-28  1.96553e-22  4.62104e-29  9.09992e-23  4.57389e-30  1.56756e-23 -3.24163e-30  1.10648e-25 -1.08762e-30 -6.06906e-25  5.17062e-31 -1.57686e-25  4.88543e-32 -1.95219e-26 -2.13651e-32  -3.6304e-28 -7.33454e-33  3.42725e-28  1.04071e-33  7.29017e-29  2.98413e-34  7.98447e-30  5.01354e-35  4.43421e-31 -1.81115e-35 -7.45985e-33 -2.69317e-36 -3.81494e-33  3.34004e-37 -3.59617e-34  1.80965e-38 -1.83938e-35  4.97348e-39  -5.0426e-37 -1.24826e-40   -4.354e-39 -2.03686e-41  7.14272e-41 -1.61633e-43
 -1.5343e-34 -2.19797e-19  1.84773e-33  7.33476e-18  4.72964e-33 -1.28101e-16 -1.02889e-31  1.47113e-15  -1.4242e-30 -1.22575e-14  3.50218e-29  7.82107e-14 -3.33833e-28 -3.95017e-13   1.9656e-27  1.61312e-12 -7.76029e-27 -5.39842e-12  1.87991e-26  1.49205e-11 -5.79746e-27 -3.41548e-11 -1.95363e-25  6.46189e-11  1.12987e-24 -1.00225e-10 -4.09274e-24  1.25277e-10  1.13372e-23 -1.22021e-10 -2.55424e-23  8.60184e-11  4.81452e-23  -3.4861e-11 -7.72641e-23 -3.44473e-12    1.073e-22  1.42717e-11 -1.31817e-22  -6.5375e-12   1.4786e-22 -1.71319e-12 -1.56597e-22  2.59726e-12  1.57694e-22 -1.76084e-13 -1.43217e-22 -6.99557e-13  1.01106e-22  1.33026e-13 -2.93768e-23  1.71755e-13 -5.28059e-23 -3.42372e-14  1.12447e-22 -4.13797e-14 -1.25637e-22   4.2078e-15  9.52054e-23  9.17565e-15 -4.65632e-23  5.76462e-16  7.15457e-24 -1.60631e-15  1.07668e-23 -4.38063e-16 -1.15214e-23  1.62307e-16  5.85742e-24  1.08208e-16  -1.3004e-24  5.76004e-18 -3.57252e-25 -1.27762e-17  3.79919e-25 -4.43827e-18 -1.06942e-25  1.20886e-19 -8.91389e-27  4.99872e-19  1.55316e-26  1.42388e-19 -4.96622e-27  5.10776e-22  7.56603e-28 -1.10519e-20  1.80683e-28 -3.39243e-21 -2.52823e-28 -3.09384e-22  8.46242e-29  1.01998e-22  4.26811e-30  4.43193e-23 -4.56508e-30  7.58607e-24 -1.96375e-30  2.81637e-25  7.46643e-31 -1.80675e-25  1.20569e-31 -5.02197e-26 -3.30669e-32 -6.70724e-27 -1.21752e-32 -3.70541e-28  1.26666e-33  3.92507e-29  4.67735e-34  1.14329e-29  8.46986e-35  1.32937e-30 -2.53816e-35  8.82477e-32 -3.51817e-36  2.56289e-33  3.27704e-37 -1.00584e-34  2.81439e-38 -1.38778e-35  4.70918e-39 -6.18765e-37 -9.55803e-41  -1.2498e-38 -1.10288e-41 -7.98795e-41
 6.93528e-20 -2.33965e-33 -4.13207e-18  8.41411e-33  9.61934e-17  2.03243e-31 -1.35204e-15  -1.4242e-30  1.32398e-14 -1.47849e-29 -9.70288e-14  3.07969e-28  5.54971e-13  -2.6222e-27 -2.54389e-12  1.43294e-26  9.50613e-12 -5.49859e-26 -2.92668e-11  1.44575e-25  7.46387e-11 -1.90946e-25 -1.57785e-10  -4.0029e-25  2.75246e-10  3.55997e-24 -3.91726e-10  -1.3595e-23  4.44672e-10  3.72828e-23 -3.84718e-10 -8.12256e-23  2.27187e-10  1.46046e-22 -5.65765e-11 -2.21088e-22 -3.92265e-11  2.86578e-22  4.32345e-11 -3.26166e-22 -8.63019e-12  3.40645e-22 -1.02455e-11  -3.4603e-22  5.83142e-12  3.51493e-22  1.62388e-12 -3.38595e-22 -1.89329e-12  2.71015e-22 -2.44557e-13 -1.34026e-22  4.92069e-13 -3.59073e-23  6.36666e-14  1.68257e-22 -1.09716e-13 -2.10725e-22 -2.44596e-14  1.66706e-22  1.93856e-14 -8.48076e-23  7.97364e-15  1.68257e-23 -2.00493e-15  1.45808e-23 -1.81178e-15 -1.68743e-23 -1.13072e-16  8.42471e-24    2.432e-16 -1.67857e-24  8.24926e-17 -6.08738e-25 -7.93131e-18  5.31291e-25 -1.22363e-17 -1.23948e-25 -2.82902e-18 -1.93635e-26  3.68827e-19  1.85397e-26  3.75108e-19  -5.3406e-27  8.49354e-20   1.4043e-27 -2.38062e-21  -3.7193e-29 -6.50194e-21 -3.59467e-28  -1.7805e-21  1.44028e-28 -1.62294e-22  5.20375e-30  3.94352e-23 -6.68396e-30   1.7315e-23 -3.22147e-30  3.00692e-24  1.01381e-30  1.93279e-25  2.24314e-31 -3.48272e-26 -4.65547e-32  -1.1635e-26 -1.75664e-32  -1.6483e-27  1.31115e-33 -1.23994e-28  6.60958e-34 -8.05555e-31  1.22007e-34  9.96145e-31 -3.19254e-35  1.28572e-31 -4.11907e-36  8.69624e-33  2.86361e-37  3.30713e-34  3.36333e-38  4.74656e-36  3.81254e-39 -1.16003e-37 -6.10935e-41 -4.60827e-39  -3.9253e-42
 1.54609e-33  1.73271e-18 -2.30086e-32  -5.8851e-17 -9.56343e-32  1.04695e-15  3.17931e-30 -1.22575e-14 -1.47849e-29  1.04216e-13 -1.25369e-28 -6.79241e-13  2.27672e-27  3.50832e-12  -1.7508e-26 -1.46703e-11  8.87666e-26  5.03484e-11 -3.25518e-25 -1.42963e-10  8.63484e-25  3.36948e-10 -1.44497e-24 -6.58192e-10  6.47289e-26  1.05802e-09  9.62009e-24 -1.37832e-09 -4.08309e-23  1.41247e-09  1.12167e-22 -1.06899e-09 -2.37376e-22  4.99738e-10  4.07904e-22 -1.76595e-11 -5.82195e-22 -1.64098e-10  7.01125e-22  9.89196e-11 -7.30615e-22  8.03693e-12  6.96923e-22 -3.40397e-11   -6.686e-22  7.21213e-12  6.85121e-22   8.3385e-12 -7.00662e-22 -3.15423e-12  6.15444e-22 -1.95376e-12 -3.78048e-22  8.37741e-13  5.46132e-23  4.89511e-13  2.12751e-22 -1.55396e-13 -3.18244e-22 -1.22432e-13  2.64859e-22  1.37026e-14 -1.39215e-22   2.5872e-14  3.18607e-23  2.82264e-15  1.83513e-23 -3.72334e-15 -2.31012e-23 -1.37099e-15  1.12869e-23  1.83332e-16 -1.96103e-24  2.38615e-16 -9.49393e-25  4.62643e-17  6.79492e-25 -1.39707e-17 -1.17484e-25 -9.22261e-18 -3.56292e-26 -1.47947e-18  1.89715e-26  3.64074e-19 -4.79792e-27  2.31965e-19  2.50532e-27  4.43812e-20 -4.32539e-28 -1.79673e-21 -5.21011e-28 -3.10528e-21  2.27467e-28 -7.92547e-22  9.53121e-30 -7.78039e-23 -9.86627e-30   1.0614e-23 -4.84741e-30  5.28879e-24  1.29304e-30  9.43478e-25  3.50026e-31  8.00918e-26 -6.04049e-32 -2.63264e-27 -2.23914e-32 -1.81862e-27  1.17196e-33 -2.75687e-28  8.52688e-34 -2.32353e-29  1.52599e-34 -9.44887e-31 -3.62249e-35  2.46668e-32 -4.33783e-36  6.08529e-33  2.22167e-37  3.96191e-34  3.29032e-38  1.31579e-35  2.60364e-39  2.03289e-37 -3.08698e-41  7.42939e-40
-4.71168e-19  2.49186e-32  2.85742e-17 -1.14401e-31 -6.77616e-16 -2.62384e-30  9.71005e-15  3.50218e-29 -9.70288e-14 -1.25369e-28  7.26339e-13 -9.03766e-28 -4.24822e-12  1.45579e-26  1.99375e-11 -1.01917e-25  -7.6388e-11  4.80133e-25  2.41526e-10  -1.6711e-24 -6.33841e-10  4.34767e-24  1.38223e-09 -7.84113e-24 -2.49536e-09  5.75505e-24  3.69189e-09  2.14127e-23 -4.38729e-09   -1.114e-22  4.02472e-09  3.10979e-22 -2.60157e-09 -6.42401e-22  8.49705e-10  1.05752e-21  2.94106e-10 -1.42374e-21 -4.85447e-10  1.58729e-21  1.56315e-10 -1.49502e-21  9.09512e-11  1.26819e-21 -7.92471e-11 -1.12203e-21 -6.99201e-12  1.16746e-21  2.39461e-11 -1.28535e-21 -8.74184e-13   1.2258e-21 -6.19726e-12 -8.52241e-22  2.43146e-13  2.82588e-22  1.47368e-12  2.12277e-22   7.2684e-14 -4.34253e-22  -3.0313e-13  3.84871e-22 -6.25092e-14 -2.08542e-22  4.53073e-14  5.23468e-23  2.07574e-14  2.16131e-23 -2.58342e-15 -2.97819e-23 -3.86882e-15  1.41815e-23 -6.81363e-16 -2.03479e-24  3.21496e-16 -1.39136e-24  1.78893e-16  8.02167e-25  1.77312e-17  -7.3692e-26 -1.31312e-17 -5.90921e-26  -5.7549e-18  1.55679e-26 -6.55732e-19 -3.21717e-27  2.45447e-19  4.24813e-27  1.20533e-19 -1.01562e-27  2.06458e-20 -7.58814e-28 -6.74242e-22  3.33289e-28 -1.19689e-21  1.94435e-29 -2.94933e-22 -1.41114e-29 -3.19455e-23 -6.72098e-30  1.52409e-24  1.55124e-30   1.2084e-24  4.74068e-31  2.24822e-25 -7.33875e-32   2.2101e-26 -2.53302e-32  6.19468e-28  9.56241e-34 -1.61724e-28  1.01289e-33  -2.8957e-29  1.68098e-34  -2.5155e-30 -3.71181e-35 -1.25009e-31 -4.11492e-36 -2.57715e-33  1.51503e-37  7.64035e-35  2.68492e-38  6.08173e-36  1.45909e-39  1.23151e-37 -1.06915e-41
-1.41298e-32 -1.04301e-17  2.44156e-31    3.609e-16  4.76367e-31 -6.54608e-15 -3.45443e-29  7.82107e-14  3.07969e-28 -6.79241e-13 -9.03766e-28  4.52692e-12 -5.67127e-27 -2.39376e-11  8.19977e-26  1.02614e-10 -5.25856e-25  -3.6158e-10  2.30676e-24  1.05605e-09 -7.59875e-24 -2.56583e-09  1.91354e-23  5.18132e-09 -3.51582e-23 -8.64242e-09  3.61646e-23  1.17466e-08  3.42962e-23  -1.2672e-08 -2.76818e-22  1.02802e-08  7.99153e-22 -5.44902e-09 -1.61956e-21  8.05619e-10  2.56102e-21  1.38832e-09 -3.25685e-21 -1.10819e-09   3.3544e-21  7.65781e-11 -2.81761e-21  3.26769e-10  2.04459e-21 -1.23549e-10 -1.59781e-21 -6.86411e-11  1.72097e-21  4.58303e-11 -2.10739e-21  1.42499e-11  2.18591e-21 -1.23583e-11 -1.65294e-21  -3.6679e-12  7.20295e-22  2.66108e-12  1.23256e-22  1.07845e-12 -5.34578e-22 -4.06932e-13  5.14232e-22 -2.81434e-13 -2.87739e-22  1.93652e-14  7.73668e-23  5.31639e-14  2.39003e-23  9.88672e-15 -3.64231e-23   -5.437e-15   1.6837e-23 -2.90117e-15 -1.78386e-24 -1.34913e-16 -1.95542e-24  3.07466e-16  8.82886e-25  1.08894e-16   1.9044e-26   2.7716e-18 -9.08667e-26 -9.11902e-18  7.45868e-27 -3.06215e-18 -6.68354e-28 -2.60032e-19  6.78002e-27  1.26432e-19 -1.76461e-27   5.2929e-20 -1.08389e-27   8.5505e-21  4.53549e-28 -7.63817e-23  3.61992e-29 -3.64323e-22 -1.90191e-29 -8.94669e-23  -8.5915e-30 -1.05846e-23  1.75769e-30 -1.37291e-25  5.61983e-31  1.90504e-25 -8.50334e-32  3.85714e-26 -2.53029e-32  4.07634e-27  8.43391e-34  2.20239e-28  1.11546e-33 -2.92178e-30  1.65185e-34 -1.62599e-30 -3.42305e-35 -1.44488e-31 -3.50813e-36 -6.79481e-33  8.93126e-38 -1.67625e-34   1.8224e-38 -1.41477e-36  6.34765e-40  8.01729e-39
 2.48811e-18 -2.17766e-31 -1.53739e-16  1.49944e-30  3.71758e-15  1.71921e-29 -5.43676e-14 -3.33833e-28  5.54971e-13  2.27672e-27 -4.24822e-12 -5.67127e-27   2.5437e-11  -3.1475e-26  -1.2237e-10  4.12105e-25  4.81286e-10 -2.43333e-24 -1.56477e-09  9.96203e-24  4.23105e-09 -3.10308e-23 -9.53036e-09  7.51242e-23  1.78287e-08 -1.37028e-22 -2.74547e-08   1.5961e-22  3.41872e-08   1.1388e-23 -3.32539e-08  -6.2681e-22  2.34225e-08  1.91269e-21 -9.39833e-09 -3.82152e-21  -1.1751e-09  5.82093e-21  4.15993e-09 -7.00745e-21 -1.90775e-09  6.66572e-21 -5.19223e-10 -4.92901e-21  7.96682e-10  2.88164e-21 -6.15882e-11  -1.8037e-21 -2.21429e-10  2.12692e-21  4.70443e-11 -3.10372e-21  5.58576e-11  3.54052e-21 -1.30327e-11 -2.85287e-21 -1.39514e-11   1.4274e-21  1.94668e-12  -9.7508e-23  3.26159e-12 -5.87895e-22  9.02099e-14  6.33391e-22 -6.15016e-13 -3.68405e-22 -1.44887e-13  1.05303e-22  7.10024e-14  2.47519e-23   4.0988e-14  -4.2602e-23   5.6286e-16  1.90706e-23 -5.46215e-15 -1.11501e-24 -1.68179e-15 -2.67484e-24  1.27421e-16   9.1749e-25  2.19055e-16  1.67431e-25  5.58061e-17 -1.31554e-25 -1.97841e-18 -5.68011e-27 -5.07676e-18  2.64198e-27 -1.41445e-18  1.01395e-26 -9.99527e-20 -2.62529e-27  5.11445e-20 -1.48799e-27  1.95283e-20  5.74133e-28  3.09502e-21  5.92491e-29  6.73789e-23 -2.37987e-29 -8.38429e-23 -1.00903e-29 -2.13438e-23  1.89253e-30 -2.69455e-24  5.77228e-31 -1.34069e-25 -9.57662e-32  1.68779e-26 -2.19195e-32    4.401e-27  9.96357e-34  4.82489e-28  1.14602e-33  3.02691e-29  1.46928e-34   8.3783e-31 -2.81587e-35 -2.74193e-32 -2.66719e-36 -3.49663e-33  4.45877e-38 -1.31892e-34  1.00726e-38 -1.97498e-36  1.86192e-40
 1.05141e-31  4.95376e-17 -2.12741e-30 -1.74805e-15  3.16913e-30  3.23624e-14  2.17825e-28 -3.95017e-13  -2.6222e-27  3.50832e-12  1.45579e-26 -2.39376e-11  -3.1475e-26  1.29745e-10 -1.56293e-25 -5.70879e-10  1.86605e-24  2.06804e-09 -1.01885e-23 -6.22097e-09  3.90163e-23  1.56024e-08 -1.14924e-22 -3.26149e-08  2.66503e-22  5.65247e-08 -4.76021e-22 -8.02503e-08  5.82762e-22  9.11998e-08 -1.88729e-22 -7.92208e-08 -1.29087e-21  4.70313e-08  4.28105e-21 -1.16255e-08 -8.47066e-21 -8.63619e-09  1.24606e-20  9.57628e-09 -1.42375e-20 -1.99748e-09  1.25271e-20 -2.32542e-09 -8.06324e-21  1.40099e-09  3.42809e-21  3.57009e-10 -1.21262e-21 -4.71006e-10  2.00572e-21 -4.64303e-11 -4.11937e-21  1.27335e-10  5.26846e-21  1.16968e-11 -4.46773e-21 -2.99552e-11  2.42494e-21  -5.3647e-12 -4.79122e-22  5.74034e-12 -5.61507e-22  2.01954e-12  7.18604e-22 -7.04139e-13 -4.40483e-22 -5.14661e-13  1.34548e-22 -6.58803e-15  2.36736e-23   7.8396e-14 -4.81097e-23  2.26196e-14  2.08736e-23 -3.95099e-15  1.78063e-26 -3.97384e-15 -3.59298e-24  -7.6944e-16   9.1667e-25  1.72677e-16  3.71382e-25  1.26592e-16 -1.80942e-25  2.48075e-17 -2.35781e-26 -2.05095e-18  6.45582e-27 -2.33477e-18  1.42069e-26 -5.71428e-19 -3.51634e-27 -3.93593e-20 -1.94044e-27   1.6116e-20  6.76878e-28  5.95237e-21  8.59034e-29   9.4744e-22 -2.74338e-29  4.80962e-23 -1.07915e-29  -1.3322e-23  1.94952e-30 -3.81126e-24  4.93716e-31  -5.0263e-25 -1.06487e-31 -3.48707e-26 -1.57119e-32  6.28497e-30  1.46979e-33  2.86835e-28  1.10543e-33  3.35431e-29  1.20724e-34  2.07464e-30  -2.0307e-35  7.10451e-32  -1.7805e-36  9.08023e-34  1.86138e-38 -1.57229e-35  4.31009e-39 -3.85849e-37
-1.04815e-17  1.54868e-30  6.60592e-16 -1.46644e-29 -1.63067e-14 -5.24642e-29  2.43666e-13   1.9656e-27 -2.54389e-12  -1.7508e-26  1.99375e-11  8.19977e-26  -1.2237e-10 -1.56293e-25  6.04221e-10 -7.00583e-25 -2.44279e-09  7.67097e-24  8.17785e-09  -3.8872e-23 -2.28156e-08   1.3954e-22  5.31587e-08 -3.88871e-22 -1.03195e-07  8.62062e-22  1.65623e-07 -1.49595e-21 -2.16342e-07   1.8585e-21  2.23184e-07 -9.81789e-22 -1.70709e-07 -2.40523e-21  8.10086e-08  8.99354e-21 -3.01092e-09 -1.76896e-20 -2.76645e-08  2.51846e-20  1.73482e-08 -2.73874e-20  1.07337e-09  2.23558e-20 -6.10611e-09 -1.24207e-20  1.50123e-09  3.09495e-21  1.50561e-09  9.09009e-22 -6.64726e-10  8.74497e-22 -3.54251e-10 -4.94166e-21  1.86399e-10   7.2772e-21  9.16423e-11 -6.43151e-21  -3.8296e-11  3.67406e-21 -2.45561e-11  -1.0246e-21  4.62247e-12  -4.2802e-22  5.70126e-12  7.46326e-22  2.92771e-13 -4.94741e-22 -9.32997e-13  1.64322e-22 -2.80771e-13  2.01043e-23  6.70193e-14 -5.30333e-23  5.86028e-14   2.2445e-23  8.49666e-15  1.59752e-24 -4.46365e-15 -4.75273e-24 -2.31587e-15  9.03805e-25 -2.76279e-16  6.23058e-25   1.2436e-16 -2.37678e-25  6.16053e-17 -4.54069e-26  9.84698e-18  1.05288e-26 -1.07526e-18  1.86977e-26 -8.94118e-19 -4.33833e-27 -2.01044e-19 -2.39299e-27 -1.52821e-20  7.43178e-28  3.79166e-21  1.11785e-28  1.45674e-21 -2.89482e-29  2.35334e-22 -1.03188e-29  1.71801e-23  1.93281e-30 -1.09881e-24  3.07314e-31 -4.72663e-25 -1.17823e-31 -6.48552e-26 -8.01104e-33 -5.01757e-27  2.16963e-33 -1.78703e-28  1.00758e-33  6.12635e-30  9.42942e-35  1.13865e-30 -1.24187e-35  6.37799e-32 -1.01523e-36  1.75222e-33  6.73728e-39  1.95359e-35  1.24698e-39
-6.41477e-31 -1.89528e-16  1.48807e-29  6.82865e-15 -6.81296e-29 -1.29196e-13 -8.43104e-28  1.61312e-12  1.43294e-26 -1.46703e-11 -1.01917e-25  1.02614e-10  4.12105e-25 -5.70879e-10 -7.00583e-25   2.5819e-09 -2.85506e-24 -9.62934e-09  2.88055e-23  2.98784e-08 -1.35914e-22   -7.747e-08  4.58268e-22  1.67889e-07  -1.2092e-21  -3.0277e-07  2.55988e-21  4.49607e-07 -4.29479e-21  -5.3874e-07  5.31143e-21  5.00751e-07 -3.39718e-21 -3.30028e-07 -4.01144e-21  1.11737e-07  1.77944e-20  3.67599e-08 -3.48893e-20 -6.53022e-08  4.81472e-20  2.29767e-08 -4.99561e-20  1.18521e-08  3.79762e-20  -1.1712e-08 -1.81246e-20  -4.9893e-10  1.10593e-21  3.60356e-09  5.35245e-21 -3.30514e-10 -1.69599e-21 -9.59767e-10 -5.39159e-21  1.00391e-10  9.42794e-21  2.40249e-10 -8.59281e-21 -4.48011e-12  5.06946e-21 -5.36625e-11 -1.70556e-21 -7.35623e-12 -1.71067e-22  9.16247e-12  6.98044e-22  3.30922e-12 -5.25144e-22 -7.92258e-13  1.95174e-22 -7.35015e-13  1.34532e-23 -8.36306e-14  -5.7736e-23  7.73129e-14  2.41492e-23  3.37552e-14  3.53962e-24  1.32585e-15 -6.17844e-24 -3.19131e-15  9.08813e-25 -1.13241e-15  9.06849e-25 -7.54262e-17 -2.99022e-25  6.61428e-17 -6.98804e-26  2.57084e-17  1.46453e-26  3.57683e-18  2.32113e-26 -3.83773e-19 -4.98515e-27 -2.83242e-19 -2.79207e-27 -6.05792e-20  7.58086e-28 -5.30019e-21  1.31981e-28  5.92254e-22 -2.76843e-29  2.74123e-22 -8.47293e-30  4.52346e-23  1.85136e-30   3.9401e-24  4.09087e-32   5.3308e-26 -1.29437e-31  -3.5243e-26  -4.9847e-34 -5.31747e-27  2.88914e-33 -4.14165e-28  8.73029e-34 -1.82511e-29  7.23177e-35 -3.02835e-31 -5.98241e-36  1.05633e-32 -4.70509e-37  5.91156e-34  2.42856e-39  6.86308e-36
 3.58057e-17 -9.01363e-30 -2.30467e-15  1.06536e-28  5.81523e-14 -1.20156e-28 -8.89056e-13 -7.76029e-27  9.50613e-12  8.87666e-26  -7.6388e-11 -5.25856e-25  4.81286e-10  1.86605e-24 -2.44279e-09 -2.85506e-24  1.01671e-08 -1.06401e-23 -3.51022e-08  9.93195e-23  1.01206e-07 -4.37582e-22 -2.44301e-07  1.38841e-21  4.92913e-07 -3.47164e-21 -8.25762e-07  7.01505e-21  1.13291e-06 -1.13434e-20 -1.24016e-06  1.38033e-20  1.02753e-06 -9.65641e-21  -5.6288e-07 -5.85967e-21  9.46575e-08  3.32733e-20  1.42026e-07 -6.51275e-20 -1.23029e-07  8.71856e-20  1.34465e-08 -8.64783e-20  3.58987e-08   6.1464e-20 -1.61042e-08 -2.51633e-20 -7.15626e-09 -3.35549e-21   6.0335e-09   1.2702e-20  1.36757e-09 -5.85205e-21 -1.69954e-09 -5.44894e-21 -3.56355e-10  1.15856e-20  3.96484e-10  -1.0738e-20  1.19598e-10  6.45309e-21 -7.06581e-11 -2.46572e-21 -3.63696e-11  2.10931e-22  6.48231e-12  5.64375e-22  8.02628e-12 -5.30204e-22  8.79009e-13  2.28798e-22  -1.0286e-12   3.2478e-24 -4.17146e-13 -6.27238e-23  1.60023e-14  2.64015e-23  5.65394e-14  5.69788e-24  1.57213e-14 -7.85427e-24 -9.12185e-16   9.6011e-25 -1.76501e-15  1.20041e-24 -4.78356e-16 -3.60853e-25 -1.47051e-17 -9.54239e-26  2.79852e-17  1.85897e-26  9.25094e-18  2.73247e-26  1.19866e-18 -5.35729e-27 -9.32046e-20 -3.09367e-27 -7.27536e-20  7.13872e-28 -1.51982e-20  1.42491e-28 -1.50508e-21 -2.35068e-29  3.43982e-23 -5.33552e-30   3.7023e-23  1.71493e-30  6.35662e-24 -2.60027e-31   5.9679e-25 -1.39766e-31  2.65344e-26  5.36639e-33 -9.20783e-28  3.40046e-33 -2.37488e-28  7.22028e-34 -1.78343e-29  5.55233e-35 -7.12298e-31 -1.77492e-36  -1.4117e-32 -1.59811e-37 -7.75703e-35  8.88947e-40
 3.24445e-30   5.9169e-16 -8.40545e-29 -2.17975e-14  5.88421e-28  4.22056e-13  1.39433e-27 -5.39842e-12 -5.49859e-26  5.03484e-11  4.80133e-25  -3.6158e-10 -2.43333e-24  2.06804e-09  7.67097e-24 -9.62934e-09 -1.06401e-23  3.70349e-08 -3.64401e-23  -1.1873e-07  3.15811e-22  3.18798e-07 -1.30253e-21 -7.17478e-07  3.89575e-21  1.34861e-06 -9.23902e-21 -2.09786e-06  1.78162e-20   2.6534e-06 -2.77084e-20 -2.63837e-06   3.2926e-20  1.91799e-06  -2.3998e-20 -8.16078e-07 -7.13423e-21 -6.75279e-08  5.90059e-20  3.54412e-07 -1.15286e-19 -1.82895e-07  1.49711e-19 -3.59062e-08 -1.42131e-19  7.51616e-08   9.4764e-20 -1.09602e-08 -3.33009e-20 -2.07266e-08 -1.09314e-20  6.38153e-09   2.3026e-20  5.26059e-09 -1.12393e-20 -1.87397e-09 -5.35474e-21 -1.37635e-09  1.36723e-20  3.60135e-10 -1.26361e-20  3.53115e-10  7.64591e-21 -2.60665e-11 -3.23128e-21 -7.61762e-11   7.0278e-22 -1.08659e-11  3.47565e-22  1.10077e-11 -5.12747e-22  4.59985e-12  2.67087e-22 -4.41077e-13 -1.06268e-23 -7.81913e-13 -6.84309e-23 -1.75717e-13  2.95166e-23  4.02549e-14  7.87608e-24  3.19722e-14 -9.70592e-24  6.07598e-15  1.07721e-24 -9.76087e-16  1.47703e-24  -8.0346e-16 -4.18102e-25 -1.78282e-16 -1.20426e-25 -2.07341e-18  2.21083e-26  9.61009e-18  3.07036e-26  2.85385e-18 -5.37763e-27  3.63854e-19 -3.27537e-27 -1.20942e-20  6.12277e-28 -1.46188e-20  1.41429e-28 -3.05463e-21 -1.68742e-29 -3.29257e-22  -1.3019e-30 -9.27979e-24  1.53307e-30  3.13048e-24 -5.40251e-31  6.04321e-25 -1.46355e-31  5.75998e-26  8.78822e-33  3.12027e-27  3.55049e-33  6.16061e-29  5.70035e-34 -3.74597e-30  4.21887e-35 -3.11762e-31  2.59144e-37 -8.72785e-33 -2.86842e-38 -7.42447e-35
-1.00145e-16  4.34228e-29  6.59307e-15 -5.99285e-28 -1.70312e-13  2.43882e-27  2.66825e-12  1.87991e-26 -2.92668e-11 -3.25518e-25  2.41526e-10  2.30676e-24 -1.56477e-09 -1.01885e-23  8.17785e-09  2.88055e-23 -3.51022e-08 -3.64401e-23  1.25207e-07 -1.15173e-22 -3.73739e-07  9.29603e-22  9.36377e-07 -3.59729e-21 -1.96715e-06  1.01577e-20   3.4458e-06 -2.28675e-20 -4.97279e-06   4.2082e-20  5.78076e-06 -6.28573e-20 -5.17954e-06  7.25624e-20   3.2228e-06 -5.35997e-20 -9.07733e-07  -6.2101e-21 -5.37356e-07   9.9602e-20  6.95691e-07 -1.93876e-19 -1.87794e-07  2.44038e-19 -1.57603e-07 -2.21844e-19  1.18701e-07  1.39062e-19  1.80037e-08 -4.19535e-20 -3.98945e-08 -2.18763e-20 -7.56621e-11  3.56507e-20  1.11273e-08 -1.69133e-20 -1.24903e-10 -5.62462e-21  -2.8068e-09  1.56975e-20  -2.0091e-10 -1.40941e-20  6.07869e-10  8.48846e-21  1.39009e-10 -3.92345e-21 -9.48281e-11  1.27171e-21 -4.66563e-11  6.19608e-23   5.2571e-12 -4.78241e-22  8.95748e-12  3.10759e-22  1.71098e-12 -2.76801e-23 -7.44714e-13 -7.49895e-23  -4.4509e-13  3.35674e-23 -5.11928e-14  9.84275e-24   3.1403e-14 -1.15938e-23  1.49469e-14   1.2663e-24  1.99564e-15  1.70957e-24 -5.46066e-16 -4.65628e-25  -3.0864e-16 -1.43562e-25 -5.93748e-17  2.49007e-26 -5.64115e-19  3.31891e-26  2.66523e-18 -5.00891e-27  7.41952e-19 -3.34025e-27  9.59992e-20  4.65051e-28  1.01083e-21  1.29575e-28 -2.15989e-21 -8.75931e-30 -4.67894e-22  2.98514e-30 -5.27314e-23   1.3158e-30 -2.86279e-24 -7.50968e-31  9.79798e-26 -1.46673e-31  3.41291e-26  9.76868e-33  3.24194e-27  3.31271e-33  1.69795e-28   4.2708e-34  4.71441e-30  3.04745e-35  3.61028e-32  7.65872e-37 -9.86362e-34  3.27111e-39
-1.37661e-29 -1.51772e-15  3.89491e-28  5.72645e-14 -3.44613e-27  -1.1367e-12   6.2434e-27  1.49205e-11  1.44575e-25 -1.42963e-10  -1.6711e-24  1.05605e-09  9.96203e-24 -6.22097e-09  -3.8872e-23  2.98784e-08  9.93195e-23  -1.1873e-07 -1.15173e-22  3.94037e-07 -3.37171e-22 -1.09779e-06  2.54146e-21  2.57077e-06 -9.24613e-21 -5.04606e-06  2.46836e-20  8.23721e-06 -5.27914e-20 -1.10124e-05  9.27181e-20  1.17163e-05 -1.32872e-19 -9.35155e-06  1.48451e-19  4.77405e-06 -1.09205e-19 -4.44802e-07 -6.64765e-22 -1.51827e-06  1.60634e-19  1.11211e-06   -3.103e-19 -2.60188e-08  3.78019e-19  -3.7364e-07 -3.28923e-19  1.31064e-07  1.94002e-19  8.63586e-08 -5.00666e-20 -5.49374e-08 -3.59262e-20 -1.90875e-08  4.91448e-20  1.61275e-08 -2.14732e-20  5.09439e-09 -6.93179e-21 -3.74761e-09  1.77482e-20 -1.56551e-09 -1.50049e-20  6.20677e-10  8.87772e-21  4.33919e-10 -4.46823e-21 -3.45222e-11  1.86771e-21 -8.76179e-11 -2.67569e-22 -1.60743e-11 -4.32451e-22  9.60073e-12  3.58113e-22  5.11429e-12 -4.66632e-23  2.23876e-13  -8.2058e-23 -5.68418e-13   3.8302e-23 -2.04304e-13  1.13482e-23 -6.14513e-15 -1.33244e-23  1.71805e-14  1.51995e-24  5.97497e-15  1.87541e-24  5.79183e-16 -4.99369e-25 -2.22115e-16 -1.64105e-25 -1.00755e-16  2.66648e-26 -1.76695e-17  3.48266e-26 -3.80706e-19 -4.27032e-27  5.82081e-19 -3.31159e-27  1.57994e-19  2.92553e-28  2.09013e-20  1.10097e-28  9.21809e-22 -4.33242e-31 -2.06287e-22  6.79138e-30 -5.10173e-23  1.07424e-30 -5.83391e-24 -8.63007e-31 -3.76699e-25 -1.39102e-31 -8.32718e-27  8.92015e-33  8.23842e-28  2.77725e-33  8.88786e-29  2.99712e-34  3.86735e-30  1.98629e-35  7.85061e-32  5.51934e-37  4.76597e-34
  2.3026e-16  -1.7532e-28 -1.55341e-14  2.70609e-27  4.11585e-13 -1.63254e-26 -6.62056e-12 -5.79746e-27  7.46387e-11  8.63484e-25 -6.33841e-10 -7.59875e-24  4.23105e-09  3.90163e-23 -2.28156e-08 -1.35914e-22  1.01206e-07  3.15811e-22 -3.73739e-07 -3.37171e-22  1.15742e-06  -9.1723e-22 -3.01616e-06  6.47238e-21  6.61138e-06 -2.21784e-20 -1.21333e-05  5.60474e-20  1.84512e-05  -1.1396e-19 -2.28038e-05  1.91039e-19  2.20748e-05 -2.62458e-19 -1.54292e-05  2.82981e-19  5.94664e-06 -2.04813e-19  1.22339e-06  1.21609e-20  -3.1577e-06  2.48425e-19   1.3968e-06 -4.73468e-19  4.58723e-07  5.57044e-19 -6.58223e-07 -4.63429e-19  4.65314e-08  2.56996e-19  1.97709e-07 -5.60764e-20 -4.41676e-08 -5.22988e-20 -5.30698e-08  6.15831e-20   1.3719e-08 -2.34344e-20  1.41246e-08 -9.87312e-21 -2.40491e-09  1.99409e-20 -3.56181e-09 -1.53784e-20 -4.24983e-12  8.78948e-21  7.34653e-10  -4.8016e-21  1.56866e-10  2.42622e-21 -9.53942e-11 -6.08945e-22 -5.11337e-11 -3.79549e-22   6.6711e-13  4.04527e-22  7.55644e-12 -6.55904e-23  2.20829e-12 -8.87677e-23  -2.2671e-13  4.31486e-23  -3.1608e-13  1.21453e-23 -7.84851e-14  -1.4681e-23  3.45524e-15  1.82107e-24  7.46156e-15  1.96161e-24  2.08276e-15 -5.17367e-25  1.58901e-16 -1.82108e-25  -7.0008e-17  2.71841e-26 -2.77822e-17  3.58176e-26 -4.62169e-18 -3.24696e-27 -1.91137e-19 -3.22059e-27  9.49263e-20  1.20443e-28  2.64528e-20  8.76239e-29  3.55418e-21  6.83617e-30  2.31722e-22  9.48902e-30 -7.65491e-24  8.20768e-31 -3.54934e-24 -8.72239e-31 -4.10666e-25 -1.23683e-31  -2.6572e-26  7.10212e-33 -9.25353e-28  2.09674e-33 -6.17137e-30   1.9302e-34  7.45749e-31  1.10452e-35  2.21179e-32  2.17853e-37
 4.95012e-29  3.20383e-15 -1.50467e-27 -1.24067e-13  1.54461e-26  2.53009e-12  -6.3557e-26 -3.41548e-11 -1.90946e-25  3.36948e-10  4.34767e-24 -2.56583e-09 -3.10308e-23  1.56024e-08   1.3954e-22   -7.747e-08 -4.37582e-22  3.18798e-07  9.29603e-22 -1.09779e-06  -9.1723e-22  3.18075e-06 -2.32535e-21 -7.76809e-06  1.53952e-20  1.59583e-05 -4.97685e-20 -2.73941e-05  1.19191e-19  3.87777e-05 -2.30541e-19 -4.41727e-05  3.68917e-19  3.85902e-05 -4.85571e-19 -2.29886e-05  5.04086e-19  5.39258e-06 -3.55712e-19  4.92906e-06  3.38398e-20 -5.35455e-06   3.6965e-19   1.1255e-06 -6.89833e-19  1.40524e-06  7.81737e-19 -8.89542e-07 -6.20766e-19 -2.17187e-07  3.22936e-19   3.2298e-07 -5.80672e-20  2.30088e-08  -6.9816e-20 -9.39772e-08  7.10407e-20 -5.13593e-09 -2.17467e-20  2.40516e-08 -1.46917e-20  3.29555e-09  2.23579e-20 -5.12819e-09 -1.53465e-20 -1.54837e-09  8.28076e-21  7.42133e-10 -4.87163e-21  4.60319e-10  2.87479e-21 -1.78577e-11 -9.27304e-22 -8.06768e-11 -3.21604e-22 -2.02647e-11  4.42976e-22  5.29383e-12 -8.19527e-23  4.25003e-12 -9.38071e-23  7.19466e-13  4.73134e-23 -2.24902e-13  1.20144e-23 -1.42097e-13 -1.54696e-23 -2.59679e-14  2.14906e-24  2.83581e-15   1.9684e-24  2.67866e-15 -5.20248e-25  6.38807e-16 -1.98307e-25   4.4229e-17  2.64231e-26 -1.71429e-17  3.64119e-26 -6.35423e-18 -2.08513e-27 -1.02883e-18 -3.09294e-27 -6.34251e-20  -2.5181e-29  1.02557e-20  6.69643e-29  3.28652e-21  1.20906e-29  4.44564e-22  1.07264e-29  3.34615e-23  5.69308e-31  7.86501e-25 -7.96343e-31 -1.22688e-25 -1.02275e-31 -1.60179e-26  5.07612e-33 -9.34735e-28   1.4226e-33 -2.90407e-29  1.10878e-34 -3.94414e-31  4.87317e-36 -5.98726e-34
-4.34644e-16   5.9996e-28   3.0119e-14 -1.00712e-26  -8.2049e-13  7.47124e-26  1.35836e-11 -1.95363e-25 -1.57785e-10 -1.44497e-24  1.38223e-09  1.91354e-23 -9.53036e-09 -1.14924e-22  5.31587e-08  4.58268e-22 -2.44301e-07 -1.30253e-21  9.36377e-07  2.54146e-21 -3.01616e-06 -2.32535e-21  8.19584e-06 -5.50822e-21 -1.87913e-05  3.42839e-20  3.62173e-05 -1.04714e-19 -5.81607e-05   2.3789e-19  7.65391e-05 -4.37938e-19 -8.00338e-05  6.68995e-19  6.23638e-05 -8.43121e-19 -3.02093e-05  8.41114e-19  8.96553e-07 -5.74444e-19  1.13863e-05  6.28618e-20 -7.49609e-06  5.30645e-19 -3.26628e-07 -9.61087e-19   2.8063e-06  1.04591e-18 -8.18058e-07 -7.91034e-19 -7.13545e-07  3.84617e-19  3.81865e-07 -5.41889e-20  1.71053e-07 -8.70833e-20  -1.1688e-07  7.61593e-20 -4.68493e-08 -1.62793e-20   2.7291e-08 -2.10622e-20  1.40528e-08  2.49973e-20 -4.25181e-09 -1.51423e-20 -3.75382e-09  7.47261e-21  7.82893e-11 -4.64145e-21  7.21443e-10  3.14485e-21  1.71453e-10 -1.18966e-21 -6.92672e-11 -2.59702e-22 -4.58041e-11  4.65456e-22 -4.43401e-12 -9.30851e-23  4.36429e-12 -9.56238e-23   1.9024e-12  4.99481e-23  1.61123e-13  1.07924e-23 -1.25927e-13 -1.55667e-23 -5.39164e-14  2.48575e-24 -7.63906e-15   1.9097e-24  1.20152e-15 -5.10913e-25  8.04142e-16 -2.13728e-25  1.71885e-16  2.45836e-26  1.24548e-17  3.67815e-26 -3.14248e-18 -9.68641e-28 -1.16875e-18 -2.93999e-27 -1.86554e-19 -1.23269e-28 -1.44226e-20  5.18811e-29   4.5091e-22  1.48966e-29  2.76701e-22   1.0507e-29  3.79662e-23  3.35875e-31  2.91684e-24 -6.65692e-31  1.18764e-25 -7.80496e-32  1.24973e-28  3.31719e-33 -2.56031e-28  8.60726e-34 -1.25385e-29  5.45732e-35 -2.23599e-31  1.46776e-36
-1.52067e-28 -5.54345e-15  4.91331e-27   2.2093e-13 -5.58657e-26  -4.6415e-12  3.11605e-25  6.46189e-11  -4.0029e-25 -6.58192e-10 -7.84113e-24  5.18132e-09  7.51242e-23 -3.26149e-08 -3.88871e-22  1.67889e-07  1.38841e-21 -7.17478e-07 -3.59729e-21  2.57077e-06  6.47238e-21 -7.76809e-06 -5.50822e-21    1.984e-05 -1.22203e-20 -4.27726e-05  7.16375e-20  7.74064e-05 -2.06999e-19 -0.000116269  4.46459e-19  0.000141983 -7.82553e-19 -0.000135518  1.14116e-18  9.25543e-05 -1.37634e-18 -3.31459e-05  1.31721e-18  -1.0413e-05 -8.65038e-19  2.06148e-05  9.25258e-20 -8.23091e-06  7.36263e-19 -3.60684e-06 -1.28193e-18  4.33703e-06  1.33545e-18 -9.55863e-08 -9.59602e-19 -1.39164e-06  4.33937e-19  2.44772e-07 -4.32868e-20  3.91014e-07  -1.0264e-19 -8.08828e-08  7.65705e-20 -1.06574e-07 -8.08205e-21   1.2873e-08  -2.8034e-20  2.69712e-08  2.77606e-20  1.24095e-09 -1.50556e-20 -5.46571e-09  6.51838e-21 -1.43467e-09 -4.09597e-21  6.57586e-10  3.18732e-21  4.20093e-10 -1.36887e-21  1.51182e-11 -1.96119e-22 -5.67677e-11  4.64764e-22   -1.961e-11 -9.66171e-23  7.04567e-13 -9.26932e-23  2.40495e-12  5.03493e-23  7.10312e-13  8.40194e-24  1.31816e-14 -1.49551e-23 -5.30194e-14  2.81822e-24 -1.76389e-14  1.80998e-24 -2.07203e-15  -4.9347e-25  3.56952e-16 -2.29081e-25  2.00797e-16  2.20884e-26  3.99002e-17  3.69319e-26  3.24238e-18 -7.80853e-29   -3.877e-19 -2.75762e-27 -1.64967e-19 -1.62525e-28 -2.61291e-20  4.42319e-29 -2.25395e-21  1.53968e-29 -5.34727e-23  9.15233e-30  1.30731e-23  1.37882e-31  1.98242e-24 -5.12916e-31  1.43636e-25 -5.45187e-32  5.85217e-27  2.00463e-33  1.10172e-28  4.56993e-34 -2.48902e-31  2.15533e-35 -2.47699e-32
