 7.81032e-21 -1.78567e-34 -3.40058e-19  1.14442e-32  5.71659e-18 -2.35727e-31 -5.72457e-17  2.99015e-30    3.933e-16 -2.75073e-29 -1.98657e-15  1.96362e-28  7.66893e-15 -1.12788e-27 -2.31353e-14  5.33537e-27  5.51511e-14 -2.11306e-26 -1.04073e-13  7.09179e-26  1.54141e-13 -2.03502e-25 -1.74954e-13   5.0249e-25  1.43991e-13 -1.07218e-24 -7.36635e-14  1.98128e-24   7.6396e-15 -3.17062e-24  1.91218e-14  4.38111e-24 -1.15026e-14 -5.18663e-24 -1.54684e-15  5.16725e-24  3.74548e-15 -4.14066e-24 -2.50125e-16  2.29143e-24   -9.758e-16 -9.93523e-26  1.02936e-16 -1.87534e-24  2.41792e-16  3.20186e-24 -6.94423e-18 -3.68828e-24 -5.50228e-17  3.39512e-24 -7.20515e-18   -2.585e-24  9.77771e-18  1.61588e-24  3.58639e-18 -7.98029e-25 -8.80439e-19  2.82767e-25 -8.60774e-19  -5.0064e-26 -1.11092e-19 -1.18939e-26  9.69173e-20  1.04016e-26  4.75076e-20 -1.66399e-27  2.99591e-21 -1.02167e-27 -4.91282e-21  6.01033e-28 -2.07346e-21 -1.08614e-28 -2.04969e-22  2.29013e-30  1.33891e-22  1.23694e-30  6.64474e-23 -4.34033e-30   1.2182e-23  2.63241e-30 -8.66708e-25  3.76947e-31 -1.15132e-24  -5.6883e-31 -3.31731e-25  4.30623e-33 -4.26753e-26  6.52477e-32  3.47658e-27  1.08461e-33  3.01456e-27 -5.89716e-33  7.44879e-28 -5.57578e-34   1.0166e-28  4.32383e-34  3.94816e-30   1.8222e-35 -1.73909e-30 -2.25616e-36 -5.01393e-31  7.93837e-37 -7.63435e-32 -1.42039e-36 -7.33355e-33 -3.12614e-38  -3.3892e-34 -8.22951e-39  2.25975e-35  1.04575e-38  6.33597e-36  2.50685e-39   6.9295e-37 -7.65883e-41  4.80858e-38  -5.1533e-41  2.17551e-39 -4.98566e-42    5.783e-41 -3.24756e-44    3.563e-43  3.89544e-44 -2.04551e-44  1.82059e-45 -1.23559e-46  1.17784e-47
-1.78567e-34  4.89958e-19 -5.90681e-33 -1.21118e-17    2.562e-31  1.54871e-16 -4.25526e-30 -1.28492e-15  4.64888e-29  7.61657e-15 -3.81554e-28 -3.39591e-14  2.48082e-27  1.17313e-13 -1.31485e-26 -3.19223e-13  5.78935e-26  6.88854e-13 -2.14725e-25 -1.17585e-12  6.77882e-25  1.56543e-12 -1.83574e-24 -1.57139e-12  4.28808e-24  1.09673e-12 -8.67111e-24 -4.03266e-13  1.52062e-23 -8.32129e-14 -2.31229e-23  1.75392e-13  3.04136e-23 -5.02246e-14 -3.43927e-23 -3.59085e-14  3.30006e-23  2.28572e-14 -2.60444e-23  6.42493e-15  1.54063e-23 -6.58242e-15 -4.04325e-24 -1.51927e-15 -5.40054e-24  1.54175e-15  1.14097e-23  4.89962e-16 -1.36411e-23 -2.76477e-16  1.26422e-23 -1.50787e-16 -9.57901e-24  2.43576e-17   5.8955e-24  3.43744e-17 -2.81654e-24  4.60849e-18  9.23969e-25 -4.52276e-18 -1.14372e-25 -2.10356e-18 -6.81526e-26  9.45037e-21  4.01677e-26  2.98783e-19 -3.84867e-27  1.00587e-19 -4.36944e-27 -1.52217e-21  1.88513e-27  -1.1966e-20 -2.31436e-28 -4.10078e-21  4.84063e-29  -3.0196e-22 -3.69064e-29  2.58376e-22 -1.28933e-29  1.15678e-22  1.33064e-29  2.09533e-23  1.22572e-30 -6.73347e-25 -2.42823e-30 -1.50334e-24 -2.44879e-32  -4.4959e-25  2.63051e-31 -6.70245e-26   1.5787e-32 -6.10965e-28 -2.19774e-32  2.40021e-27 -3.42916e-33  6.80272e-28  1.38917e-33  1.06865e-28  1.23563e-34  9.05268e-30  2.46088e-35 -2.18858e-31  3.31332e-36 -2.10075e-31 -6.27759e-36 -3.78182e-32 -4.33331e-37 -4.16931e-33 -1.31538e-38 -2.98566e-34  4.15625e-38 -1.05814e-35  8.53076e-39  4.21187e-37 -2.31982e-40  8.91771e-38 -1.45607e-40  6.51946e-39 -1.25295e-41  2.86583e-40 -1.13045e-45  7.60291e-42  7.09777e-44   1.1241e-43  2.40844e-45   8.5407e-46
-3.40058e-19 -5.90681e-33  1.51216e-17 -1.06957e-31 -2.59886e-16  3.49906e-30   2.6637e-15 -4.85475e-29 -1.87551e-14  4.66343e-28  9.72287e-14 -3.46396e-27 -3.85899e-13  2.07295e-26  1.19943e-12 -1.02177e-25 -2.95367e-12  4.21262e-25  5.77802e-12 -1.46995e-24 -8.91591e-12  4.38069e-24  1.06285e-11  -1.1226e-23  -9.3319e-12  2.48569e-23  5.32595e-12 -4.76986e-23 -1.04147e-12  7.94255e-23 -1.08967e-12 -1.14714e-22  8.84307e-13   1.4336e-22 -1.17729e-14 -1.54235e-22 -2.58621e-13  1.41432e-22  5.59912e-14 -1.08156e-22  6.38207e-14  6.49823e-23 -1.83506e-14 -2.38109e-23 -1.61388e-14 -7.50122e-24  3.48387e-15  2.63944e-23  4.07593e-15 -3.37375e-23 -1.60727e-16  3.19432e-23 -8.78326e-16 -2.43594e-23 -1.59187e-16  1.48944e-23  1.25262e-16 -6.92536e-24  6.20226e-17  2.09685e-24 -2.81989e-18 -1.33153e-25  -1.0601e-17  -2.2566e-25 -3.01657e-18   1.0164e-25  4.47803e-19 -1.79583e-27  5.41824e-19 -1.30266e-26  1.36711e-19   3.8719e-27 -1.14671e-20 -1.62479e-28 -1.80941e-20  2.68756e-28 -5.38003e-21 -2.06664e-28 -3.45141e-22 -3.41785e-29  3.03897e-22  4.60897e-29  1.29812e-22  3.58165e-30   2.4147e-23 -7.37784e-30  3.51025e-25 -2.50784e-31 -1.15662e-24   7.4168e-31 -3.73428e-25  8.20461e-32 -6.27381e-26  -5.6606e-32 -4.15466e-27 -1.29167e-32  8.76817e-28  2.90923e-33  3.36877e-28  4.55182e-34  5.96309e-29  1.52127e-34  6.52209e-30  1.18087e-35  3.44214e-31 -1.82743e-35 -2.48392e-32 -1.88178e-36 -8.05126e-33  -1.8778e-38 -1.00814e-33  1.08589e-37 -8.06908e-35  1.94611e-38 -4.25174e-36 -4.38885e-40 -1.24815e-37 -2.67827e-40  3.05622e-40 -2.00336e-41  2.01373e-40    1.024e-43  8.31924e-42  8.03943e-44  1.44565e-43  1.59251e-45
 1.14442e-32 -1.21118e-17 -1.06957e-31  3.06095e-16 -1.31315e-30 -4.00578e-15  3.41262e-29  3.40559e-14 -4.05646e-28 -2.07148e-13  3.48812e-27  9.49254e-13 -2.37746e-26 -3.37683e-12  1.32341e-25  9.48461e-12 -6.11541e-25 -2.11898e-11   2.3753e-24  3.76023e-11 -7.83415e-24 -5.23636e-11  2.21189e-23  5.55631e-11 -5.37884e-23 -4.19527e-11  1.13136e-22  1.82648e-11  -2.0633e-22  8.57793e-13  3.26495e-22 -6.49147e-12 -4.47845e-22  2.73187e-12  5.31049e-22  1.01647e-12 -5.41773e-22 -1.06642e-12  4.71735e-22  -1.0182e-13 -3.45272e-22  2.99935e-13  2.04544e-22  1.62748e-14  -8.5358e-23 -7.43882e-14  3.10606e-24 -9.51217e-15  4.39469e-23  1.57472e-14 -6.35507e-23   4.6063e-15  6.29301e-23 -2.32756e-15 -4.90947e-23 -1.42967e-15  3.01835e-23   6.3847e-17 -1.37688e-23  2.66716e-16  3.83585e-24  6.92199e-17  2.44615e-26 -1.92523e-17 -5.55289e-25  -1.6325e-17  1.97034e-25 -2.95132e-18   1.7609e-26   1.0239e-18 -3.15135e-26  7.06392e-19  5.82663e-27  1.41566e-19  5.47899e-28 -1.96747e-20  9.53583e-28 -1.99862e-20 -6.75637e-28 -5.43254e-21  -9.2322e-29 -3.72949e-22  1.25533e-28  2.48523e-22   1.0443e-29  1.06742e-22 -1.81646e-29  2.08508e-23 -1.16327e-30  1.21912e-24  1.68471e-30 -5.59929e-25  2.85385e-31 -2.11051e-25 -1.16469e-31 -3.92501e-26 -3.65502e-32  -3.9963e-27  4.35524e-33  2.24982e-29  1.22341e-33  9.28772e-29  5.04733e-34  1.95243e-29  3.43332e-35  2.43392e-30 -4.10285e-35  1.93897e-31  -5.2424e-36  7.06193e-33 -4.90191e-38  -5.0079e-34  2.14879e-37 -1.04673e-34  3.41887e-38 -9.02974e-36 -5.89713e-40 -4.86705e-37 -3.65567e-40 -1.66809e-38 -2.31401e-41 -3.18117e-40  2.34803e-43 -1.66411e-42  6.17996e-44  2.42723e-44
 5.71659e-18    2.562e-31 -2.59886e-16 -1.31315e-30  4.57118e-15  -1.1888e-29 -4.80065e-14  2.52685e-28  3.46798e-13  -2.6244e-27 -1.84736e-12  2.05626e-26   7.5474e-12 -1.30555e-25 -2.41986e-11  6.83994e-25  6.16348e-11 -2.98939e-24 -1.25143e-10  1.10105e-23  2.01415e-10 -3.44928e-23 -2.52371e-10  9.26082e-23  2.36271e-10 -2.14323e-22  -1.4925e-10  4.29192e-22  4.18989e-11 -7.45135e-22  2.20506e-11  1.12165e-21 -2.55557e-11 -1.46147e-21   3.8223e-12  1.64269e-21  6.54201e-12 -1.58465e-21 -2.60098e-12  1.30265e-21 -1.45579e-12 -9.02873e-22   8.1084e-13  5.16414e-22  3.65661e-13 -2.26852e-22 -1.84381e-13  4.73753e-23 -1.03325e-13  4.98193e-23  2.73076e-14  -9.4113e-23  2.68732e-14    1.017e-22  8.63186e-17 -8.32068e-23 -5.14475e-15  5.22709e-23 -1.37871e-15  -2.3635e-23  4.85641e-16  6.04251e-24  3.70729e-16  5.38017e-25  4.57227e-17 -1.12798e-24  -3.7181e-17  3.12048e-25 -1.88212e-17   7.8055e-26 -2.04284e-18 -6.63243e-26  1.41559e-18  6.26989e-27  7.22142e-19  2.56778e-27   1.2191e-19  2.57465e-27 -2.06232e-20 -1.67384e-27 -1.71768e-20 -2.38944e-28 -4.45551e-21  2.85794e-28 -3.72065e-22  2.85704e-29  1.44315e-22 -3.81818e-29  6.66051e-23 -3.81192e-30   1.3817e-23  3.26811e-30   1.3042e-24  7.74149e-31 -1.42972e-25 -2.03424e-31 -8.12667e-26 -8.47397e-32  -1.6818e-26  4.22644e-33 -2.08983e-27   2.6909e-33 -1.25666e-28  1.23211e-33  9.56397e-30  8.06557e-35  3.57666e-30 -7.58711e-35  5.06436e-31 -1.10429e-35  4.57931e-32  -1.4754e-37  2.70064e-33  3.41099e-37  8.00492e-35  4.87766e-38 -2.00652e-36 -5.65851e-40 -3.56157e-37 -3.85684e-40 -1.86002e-38 -1.98758e-41 -4.97943e-40  3.10678e-43  -6.0057e-42  2.96793e-44
-2.35727e-31  1.54871e-16  3.49906e-30 -4.00578e-15  -1.1888e-29  5.37127e-14 -8.23011e-29 -4.68476e-13  1.45033e-27  2.92753e-12 -1.33875e-26 -1.38052e-11  9.76455e-26  5.06359e-11 -5.88865e-25 -1.46991e-10   2.9471e-24  3.40433e-10 -1.23117e-23 -6.28819e-10  4.33221e-23  9.16932e-10 -1.29594e-22 -1.02895e-09  3.32171e-22  8.38681e-10 -7.33814e-22 -4.22104e-10  1.40238e-21   3.4394e-11   -2.322e-21  1.20276e-10  3.32907e-21 -7.06319e-11 -4.12218e-21   -1.064e-11  4.38875e-21   2.4324e-11 -3.99302e-21 -1.70946e-12   3.0818e-21 -6.57288e-12 -2.00202e-21  8.01132e-13  1.08585e-21  1.68825e-12 -4.81538e-22 -9.19075e-14  1.49963e-22 -4.03936e-13  1.95195e-23 -4.06589e-14  -1.0605e-22  7.76396e-14  1.37282e-22  2.52933e-14 -1.22581e-22  -8.4092e-15  8.03685e-23 -6.82951e-15 -3.64742e-23 -5.96427e-16  8.54629e-24  8.95157e-16  1.60462e-24  3.81313e-16 -2.00936e-24  5.05271e-18  4.17767e-25 -4.74943e-17   2.1333e-25 -1.74166e-17 -1.26705e-25 -9.60021e-19  3.43252e-27  1.43809e-18  6.77243e-27  6.06528e-19  5.70253e-27  9.23848e-20  -3.4492e-27 -1.50623e-20 -5.57941e-28 -1.17879e-20    5.643e-28 -3.01988e-21  6.98171e-29 -3.13508e-22 -7.05742e-29  5.58002e-23 -9.95158e-30  3.14712e-23  5.59689e-30  7.00141e-24  1.75216e-30  8.50002e-25 -3.12912e-31  1.09433e-26 -1.68895e-31 -1.96804e-26  4.00284e-34 -4.84403e-27  5.14549e-33 -6.78827e-28  2.44812e-33 -5.95841e-29  1.56946e-34 -2.15767e-30 -1.19698e-34   2.5592e-31  -1.8877e-35  5.44157e-32 -3.51668e-37  5.34735e-33  4.47325e-37  3.37745e-34  5.79716e-38   1.3866e-35 -3.29835e-40  3.15599e-37 -3.15387e-40  9.35058e-40 -1.23901e-41 -1.24289e-40  2.71166e-43 -1.70842e-42
-5.72457e-17 -4.25526e-30   2.6637e-15  3.41262e-29 -4.80065e-14 -8.23011e-29  5.17209e-13 -4.36185e-28 -3.83818e-12  6.32871e-27  2.10355e-11 -5.28761e-26 -8.85802e-11  3.71849e-25  2.93362e-10 -2.19792e-24 -7.73883e-10  1.07394e-23  1.63305e-09 -4.34915e-23  -2.7449e-09  1.47534e-22   3.6184e-09 -4.23974e-22 -3.61132e-09  1.04186e-21  2.50992e-09 -2.20403e-21 -9.08652e-10  4.02978e-21  -2.1855e-10 -6.37599e-21  4.29138e-10  8.71881e-21 -1.23674e-10 -1.02663e-20 -9.07848e-11  1.03478e-20  5.99538e-11  -8.8582e-21  1.60188e-11  6.38292e-21 -1.81151e-11 -3.84413e-21 -3.69619e-12  1.94122e-21  4.49222e-12 -8.45125e-22  1.25056e-12  3.24673e-22 -8.81271e-13 -7.47828e-23 -4.20275e-13 -7.34383e-23  9.94761e-14  1.53689e-22  1.06141e-13 -1.60505e-22  8.91017e-15  1.12816e-22 -1.61889e-14 -5.21128e-23 -6.37166e-15  1.12051e-23  4.86295e-16  3.41266e-24  1.08918e-15 -3.26983e-24  3.07707e-16  4.83893e-25 -2.95419e-17  4.63451e-25 -4.65654e-17 -2.25764e-25 -1.35462e-17 -3.94124e-27 -2.43714e-19  1.43392e-26  1.14948e-18  1.08089e-26  4.29194e-19 -6.20675e-27  6.33185e-20 -1.15583e-27 -7.67946e-21  9.90831e-28 -6.48682e-21  1.50652e-28  -1.6869e-21 -1.16947e-28  -2.1089e-22 -2.18939e-29  9.78646e-24  8.65793e-30  1.08947e-23  3.43515e-30  2.66184e-24 -4.36695e-31  3.75658e-25 -2.98337e-31  2.56981e-26 -9.09547e-33 -2.01552e-27  8.85755e-33 -8.69557e-28  4.16134e-33 -1.37773e-28  2.61007e-34 -1.38506e-29 -1.64435e-34 -8.89034e-31 -2.71911e-35 -2.38784e-32 -6.54704e-37  1.84418e-33   4.9207e-37  2.71605e-34  5.81009e-38  1.71742e-35  3.44859e-41    6.391e-37 -1.92757e-40  1.34803e-38 -5.01063e-42  1.30215e-40  1.44091e-43
 2.99015e-30 -1.28492e-15 -4.85475e-29  3.40559e-14  2.52685e-28 -4.68476e-13 -4.36185e-28  4.19727e-12 -1.66424e-27 -2.69826e-11  1.85453e-26  1.31117e-10 -1.45167e-25 -4.96557e-10  1.07905e-24  1.49189e-09 -6.69255e-24   -3.587e-09  3.31838e-23  6.90602e-09 -1.33047e-22 -1.05574e-08  4.40296e-22  1.25369e-08  -1.2242e-21 -1.10139e-08  2.89762e-21  6.30388e-09 -5.88991e-21 -1.21077e-09  1.03305e-20 -1.36923e-09 -1.56527e-20  1.12696e-09  2.04471e-20  -2.6035e-11 -2.29131e-20 -3.40714e-10  2.18559e-20  8.34013e-11 -1.75616e-20  8.56228e-11  1.17439e-20 -2.90698e-11 -6.47567e-21 -2.22406e-11  2.97943e-21  6.27787e-12 -1.24398e-21  5.93707e-12  5.57925e-22 -6.05145e-13 -2.50904e-22 -1.39771e-12  2.59737e-23 -1.72534e-13   1.3578e-22  2.30778e-13 -1.90171e-22  9.37287e-14  1.47899e-22 -1.27996e-14 -7.04744e-23 -1.92417e-14  1.39735e-23 -4.29856e-15  6.12479e-24  1.29551e-15 -5.00149e-24  1.02145e-15  4.99724e-25   2.0195e-16  8.67472e-25  -4.4248e-17 -3.81183e-25 -3.72499e-17  -1.5865e-26 -9.16061e-18  2.69721e-26  1.24965e-20  1.80195e-26  7.43567e-19  -1.0058e-26  2.58434e-19 -2.13425e-27  3.90794e-20   1.5747e-27  -2.3438e-21  2.88619e-28 -2.82273e-21 -1.76081e-28 -7.64711e-22 -4.19068e-29 -1.10265e-22  1.23223e-29 -3.51565e-24  5.97147e-30  2.52197e-24 -5.69839e-31  7.31747e-25 -4.76913e-31  1.14809e-25 -2.51095e-32  1.10188e-26  1.39925e-32  3.82596e-28  6.23722e-33 -7.36501e-29  3.82547e-34 -1.61742e-29 -1.98921e-34 -1.77354e-30  -3.3723e-35 -1.27143e-31 -9.85005e-37 -5.89551e-33  4.56721e-37 -1.36507e-34  4.93056e-38  1.99851e-36  3.71021e-40  2.56733e-37  -7.7119e-41  7.35632e-39 -7.35701e-43  6.60108e-41
   3.933e-16  4.64888e-29 -1.87551e-14 -4.05646e-28  3.46798e-13  1.45033e-27 -3.83818e-12 -1.66424e-27  2.93002e-11 -3.16164e-27 -1.65452e-10  9.15919e-27  7.19162e-10 -1.13244e-25 -2.46385e-09  1.87327e-24  6.74175e-09 -1.56125e-23 -1.48076e-08  8.58304e-23  2.60287e-08 -3.53356e-22 -3.61374e-08  1.16028e-21  3.84515e-08 -3.14895e-21 -2.92721e-08  7.21706e-21  1.29232e-08 -1.41474e-20  6.06791e-10   2.3872e-20 -4.80267e-09 -3.47202e-20   2.1354e-09  4.34034e-20  7.31117e-10  -4.6331e-20 -8.61694e-10  4.18059e-20 -4.96706e-11 -3.14501e-20   2.5082e-10  1.93885e-20  1.08118e-12 -9.64198e-21 -6.54138e-11   3.9267e-21 -4.46909e-12 -1.53366e-21  1.50439e-11  8.02367e-22  3.32832e-12 -5.01687e-22 -2.59415e-12  1.97075e-22 -1.25886e-12  7.70109e-23  1.81104e-13 -2.07653e-22  2.78767e-13  1.84489e-22  5.22914e-14 -9.15534e-23 -2.81398e-14  1.68817e-23 -1.71507e-14  9.85226e-24 -1.93474e-15 -7.32222e-24  1.55233e-15  4.95659e-25  7.87883e-16  1.45342e-24  1.11342e-16 -6.14415e-25 -4.04689e-17 -3.08769e-26 -2.50833e-17  4.71153e-26 -5.51302e-18  2.69293e-26  8.25162e-21 -1.49955e-26  3.91831e-19 -3.54793e-27  1.32093e-19  2.29311e-27  2.11437e-20  4.95373e-28  3.24213e-23 -2.43171e-28 -9.35731e-22 -7.11672e-29 -2.74207e-22  1.64091e-29 -4.40037e-23  9.34894e-30 -3.42254e-24 -7.18385e-31  2.70486e-25 -7.00444e-31  1.35013e-25 -4.67772e-32  2.37375e-26  2.04633e-32  2.61837e-27  8.41818e-33  1.78322e-28  5.09006e-34  3.47395e-30 -2.12717e-34 -8.04239e-31 -3.64243e-35 -1.14392e-31 -1.22453e-36 -8.38917e-33  3.57195e-37 -3.88869e-34   3.5378e-38 -1.11151e-35  5.49187e-40 -1.63223e-37 -7.78164e-42 -5.02429e-40  3.96362e-43
-2.75073e-29  7.61657e-15  4.66343e-28 -2.07148e-13  -2.6244e-27  2.92753e-12  6.32871e-27 -2.69826e-11 -3.16164e-27  1.78712e-10  1.35752e-26 -8.96253e-10 -3.15788e-25  3.51003e-09  1.66064e-24 -1.09321e-08  -2.3262e-24  2.73298e-08 -2.08599e-23 -5.49287e-08   1.7741e-22  8.81528e-08 -8.09791e-22 -1.10869e-07   2.7097e-21  1.04873e-07 -7.26135e-21 -6.74747e-08  1.62128e-20  1.97173e-08 -3.07734e-20  9.99065e-09  5.01153e-20 -1.23933e-08 -7.01505e-20  2.24085e-09  8.40856e-20  3.17672e-09  -8.5583e-20 -1.47707e-09  7.30144e-20 -6.88973e-10 -5.12718e-20  4.81596e-10  2.89119e-20  1.72813e-10 -1.27224e-20 -1.19495e-10  4.39368e-21 -5.24122e-11 -1.55239e-21  2.14565e-11  9.89985e-22  1.53316e-11 -7.85102e-22 -1.43253e-12   4.1573e-22 -3.41889e-12 -1.40815e-23 -6.25623e-13 -2.14034e-22  4.32552e-13  2.22014e-22  2.37559e-13 -1.14984e-22  8.54992e-15  1.99188e-23 -3.20835e-14  1.45924e-23 -1.23012e-14 -1.03494e-23 -2.79832e-16  5.58125e-25  1.34788e-15  2.22659e-24  5.19097e-16 -9.47629e-25  5.40248e-17  -4.6426e-26 -2.78307e-17  7.78789e-26 -1.44357e-17   3.6574e-26  -2.9822e-18 -2.08796e-26 -4.61736e-20 -5.35761e-27   1.6636e-19   3.0831e-27   5.6568e-20  7.67475e-28  9.68626e-21 -3.10034e-28  5.02865e-22  -1.0854e-28 -2.16143e-22  2.07873e-29 -7.48051e-23   1.3328e-29 -1.31089e-23 -9.02057e-31 -1.36751e-24 -9.55948e-31 -4.35628e-26 -7.17488e-32  1.35377e-26  2.77712e-32  3.09482e-27  1.03949e-32  3.72613e-28  6.32056e-34   2.9483e-29 -2.00183e-34  1.46327e-30 -3.43611e-35  2.59451e-32 -1.26457e-36 -2.27423e-33  2.33741e-37 -2.15408e-34   2.1364e-38 -8.68223e-36   5.3437e-40 -1.74652e-37  1.36003e-41 -1.19901e-39
-1.98657e-15 -3.81554e-28  9.72287e-14  3.48812e-27 -1.84736e-12 -1.33875e-26  2.10355e-11  1.85453e-26 -1.65452e-10  1.35752e-26  9.64164e-10  1.83478e-25 -4.33303e-09 -2.63534e-24  1.53824e-08    1.357e-23  -4.3732e-08 -3.81143e-23  1.00143e-07   3.3455e-23 -1.84378e-07  2.46466e-22  2.69949e-07 -1.56741e-21 -3.06343e-07  5.60554e-21  2.54608e-07 -1.50698e-20 -1.32589e-07  3.30153e-20    1.356e-08 -6.09524e-20  3.78667e-08  9.61468e-20 -2.44347e-08  -1.2992e-19 -2.43896e-09   1.4965e-19  8.49239e-09 -1.45372e-19   -1.126e-09  1.17155e-19 -2.32677e-09 -7.64946e-20   4.8033e-10  3.90734e-20  6.21417e-10 -1.48358e-20 -9.34744e-11  4.04992e-21 -1.61336e-10  -1.2254e-21 -1.12516e-12  1.06261e-21  3.55267e-11 -1.02466e-21  7.89844e-12  6.24871e-22 -5.11079e-12 -1.11385e-22 -2.86938e-12 -2.15967e-22  5.57154e-14  2.59663e-22  4.91933e-13 -1.39269e-22  1.53224e-13  2.28795e-23  -1.8678e-14  2.01166e-23 -2.71258e-14 -1.41426e-23 -7.38683e-15  8.33199e-25  4.40897e-16  3.15888e-24  9.41419e-16  -1.3986e-24  2.99564e-16 -5.96203e-26  2.48928e-17  1.22403e-25 -1.51945e-17  4.55683e-26 -7.12499e-18 -2.74059e-26 -1.44203e-18 -7.39126e-27 -6.22054e-20  3.83911e-27  5.50331e-20  1.07794e-27  1.98353e-20 -3.66468e-28  3.63008e-21 -1.49714e-28  3.21059e-22  2.54578e-29 -2.49898e-23  1.74436e-29  -1.4523e-23 -1.14795e-30  -2.8146e-24 -1.22298e-30 -3.36826e-25 -9.71553e-32 -2.37236e-26  3.49473e-32 -1.27686e-28  1.18924e-32  2.06749e-28  7.48642e-34  2.97951e-29 -1.62936e-34  2.45656e-30 -2.81028e-35  1.32681e-31 -1.06817e-36  4.48795e-33  1.26972e-37  7.16242e-35  1.08251e-38 -5.63838e-37  3.87373e-40 -3.50094e-38  9.33577e-42
 1.96362e-28 -3.39591e-14 -3.46396e-27  9.49254e-13  2.05626e-26 -1.38052e-11 -5.28761e-26  1.31117e-10  9.15919e-27 -8.96253e-10  1.83478e-25  4.64691e-09  1.20234e-24 -1.88533e-08 -1.43745e-23  6.09791e-08  6.94707e-23 -1.58792e-07 -2.07612e-22  3.33743e-07  3.66245e-22 -5.63167e-07 -2.59584e-23  7.50971e-07  -2.4113e-21 -7.64459e-07   1.0212e-20  5.48324e-07 -2.81949e-20 -2.11993e-07  6.11392e-20 -4.07398e-08 -1.10355e-19  9.92269e-08  1.69328e-19 -3.41172e-08 -2.21677e-19  -1.9718e-08  2.46001e-19   1.6245e-08 -2.28268e-19  2.84783e-09  1.73491e-19 -5.06061e-09 -1.04748e-19 -5.47355e-10  4.78391e-20  1.34396e-09 -1.51387e-20  2.27704e-10  2.87245e-21 -3.00449e-10 -6.77063e-22 -9.95576e-11  1.00518e-21  4.65262e-11 -1.12221e-21  3.12312e-11  7.41889e-22 -1.11957e-12 -1.73733e-22 -6.08283e-12 -2.24814e-22 -1.64569e-12  2.95224e-22  4.62059e-13 -1.60983e-22  4.04823e-13  2.52736e-23  7.48718e-14  2.58328e-23 -2.65971e-14 -1.86359e-23 -1.87017e-14  1.51636e-24  -3.8341e-15  4.18357e-24  5.23269e-16 -1.97471e-24  5.51036e-16  -6.7909e-26  1.53798e-16  1.82577e-25  1.18349e-17  5.23428e-26 -6.64746e-18 -3.40287e-26 -2.99538e-18 -9.32832e-27 -6.11542e-19  4.41855e-27 -4.49626e-20   1.3727e-27   1.3071e-20 -4.02498e-28  5.49894e-21 -1.87309e-28  1.07534e-21  3.05552e-29  1.21392e-22  2.10938e-29  3.34262e-24 -1.47618e-30  -1.7122e-24 -1.47674e-30 -4.08951e-25 -1.20713e-31 -5.33413e-26  4.06999e-32 -4.54493e-27  1.27305e-32   -2.271e-28  8.55282e-34  -3.9978e-31 -1.09519e-34  1.01951e-30 -1.94365e-35  9.49503e-32 -6.97959e-37  4.76572e-33  5.79617e-38  1.40858e-34  4.65067e-39  2.16999e-36  2.08342e-40  1.05309e-38
 7.66893e-15  2.48082e-27 -3.85899e-13 -2.37746e-26   7.5474e-12  9.76455e-26 -8.85802e-11 -1.45167e-25  7.19162e-10 -3.15788e-25 -4.33303e-09  1.20234e-24  2.01716e-08  5.99819e-24 -7.43446e-08  -6.3201e-23  2.20027e-07   2.8472e-22 -5.26295e-07  -8.3545e-22  1.01676e-06  1.64434e-21 -1.57223e-06 -1.63972e-21  1.90422e-06 -2.33389e-21 -1.72394e-06  1.61416e-20  1.03656e-06 -4.75193e-20  -2.3639e-07  1.03094e-19 -2.11065e-07 -1.83043e-19  2.01828e-07  2.74645e-19 -1.84719e-08 -3.49927e-19 -5.95612e-08  3.75246e-19  2.06311e-08   -3.328e-19  1.45364e-08  2.37841e-19 -7.33088e-09  -1.3166e-19 -3.82549e-09  5.27397e-20  1.82623e-09 -1.32316e-20  1.11816e-09   1.3558e-21 -2.95434e-10 -2.84643e-22 -3.06059e-10  8.62958e-22  8.65416e-13 -9.82019e-22  6.29839e-11  6.77241e-22  1.65958e-11 -1.51662e-22 -6.65631e-12 -2.55072e-22 -4.90115e-12  3.24247e-22 -5.38667e-13 -1.74409e-22  5.47533e-13  2.63904e-23  2.66982e-13   3.0686e-23  2.54347e-14 -2.35944e-23 -2.24279e-14  2.82701e-24 -1.09884e-14  5.20001e-24 -1.78074e-15 -2.66754e-24  3.54382e-16  -6.9423e-26  2.74967e-16  2.57363e-25  7.06198e-17  5.53781e-26  5.87068e-18 -3.98611e-26 -2.28184e-18 -1.07207e-26 -1.05467e-18  4.65858e-27 -2.21194e-19  1.57609e-27 -2.22638e-20  -4.1085e-28  1.66535e-21 -2.12281e-28  1.13878e-21  3.62379e-29  2.42002e-22   2.3693e-29  3.11104e-23 -1.88408e-30  2.20266e-24 -1.69213e-30 -4.18549e-26  -1.4126e-31 -3.48168e-26  4.37722e-32 -5.17319e-27  1.28427e-32 -4.68017e-28  9.41016e-34   -2.805e-29 -5.24027e-35 -1.01021e-30 -1.06103e-35 -9.36557e-33 -2.86808e-37  1.02387e-33  2.46541e-38  5.19685e-35  1.76988e-39  9.16994e-37  7.38734e-41
-1.12788e-27  1.17313e-13  2.07295e-26 -3.37683e-12 -1.30555e-25  5.06359e-11  3.71849e-25 -4.96557e-10 -1.13244e-25  3.51003e-09 -2.63534e-24 -1.88533e-08  5.99819e-24  7.94049e-08  2.51841e-23 -2.67263e-07 -2.39389e-22   7.2643e-07  1.00392e-21  -1.5998e-06 -2.81636e-21  2.84365e-06   5.5775e-21 -4.02599e-06 -7.03862e-21  4.41039e-06  1.25454e-21 -3.50596e-06  2.13909e-20  1.67773e-06 -7.18549e-20 -2.47677e-08  1.58112e-19  -5.9154e-07 -2.78242e-19  3.18048e-07  4.11112e-19  6.93177e-08 -5.12839e-19 -1.24969e-07  5.33364e-19   5.9548e-09  -4.5215e-19  3.67056e-08  3.02283e-19 -4.32716e-09 -1.51286e-19 -1.00832e-08  5.14775e-20  6.49315e-10 -9.50753e-21  2.59473e-09  5.52963e-22  2.18153e-10 -6.21005e-22 -5.47923e-10  7.32244e-22 -1.66587e-10 -5.42387e-22  6.95545e-11  3.60317e-22  5.10081e-11  3.37828e-24  2.74518e-12 -3.22641e-22 -7.70781e-12   3.4013e-22 -3.00207e-12 -1.72027e-22  8.90854e-14  2.55435e-23  4.39465e-13  3.31779e-23  1.48015e-13 -2.86244e-23  3.33487e-15  4.96799e-24 -1.45018e-14  6.09047e-24 -5.64296e-15 -3.44931e-24 -7.70218e-16 -6.30527e-26  1.75725e-16  3.41265e-25  1.17331e-16  5.33743e-26  2.88231e-17 -4.36269e-26  2.80658e-18 -1.10598e-26 -5.73636e-19  4.40578e-27 -3.02339e-19  1.60685e-27 -6.60144e-20 -3.88729e-28 -8.03957e-21 -2.16408e-28  -1.7455e-22  4.24981e-29  1.56556e-22  2.48323e-29  3.91167e-23 -2.33805e-30  5.46216e-24 -1.84752e-30  4.89213e-25 -1.58442e-31  2.25285e-26  4.33776e-32 -8.46297e-28  1.22604e-32 -2.60165e-28  9.86399e-34 -2.52194e-29 -3.66821e-36 -1.48258e-30 -3.49913e-36 -5.52874e-32  3.23301e-38 -1.18586e-33  1.25493e-38 -1.01103e-35  6.33932e-40  2.31665e-38
-2.31353e-14 -1.31485e-26  1.19943e-12  1.32341e-25 -2.41986e-11 -5.88865e-25  2.93362e-10  1.07905e-24 -2.46385e-09  1.66064e-24  1.53824e-08 -1.43745e-23 -7.43446e-08  2.51841e-23  2.85107e-07    9.286e-23 -8.80353e-07 -8.06683e-22  2.20444e-06  3.14907e-21 -4.47814e-06 -8.34009e-21  7.32686e-06  1.59767e-20 -9.48135e-06 -2.11812e-20  9.33732e-06  1.32893e-20 -6.39047e-06  2.16817e-20  2.18072e-06 -9.65895e-20   7.6256e-07  2.19476e-19 -1.25219e-06 -3.86718e-19  3.40864e-07  5.68371e-19  2.93513e-07 -6.99986e-19 -1.92915e-07  7.09258e-19 -5.39449e-08 -5.74233e-19  6.41055e-08  3.55932e-19  1.22685e-08 -1.57108e-19 -1.74303e-08  4.26077e-20 -4.36014e-09 -5.27036e-21  3.84127e-09  1.87277e-21   1.6398e-09 -2.28211e-21 -5.39892e-10  7.28824e-22 -4.72532e-10     1.92e-22  -1.4609e-11 -2.34361e-22  8.49168e-11  3.29079e-22  2.86467e-11 -4.42969e-22 -4.74542e-12  3.35437e-22 -6.03471e-12 -1.45978e-22 -1.43861e-12  2.24222e-23  2.84844e-13  3.15599e-23  2.80672e-13 -3.32483e-23    7.127e-14  8.07401e-24 -2.71411e-15  6.74718e-24 -7.71383e-15 -4.27172e-24  -2.5686e-15 -4.85659e-26 -3.20882e-16  4.23679e-25  6.63903e-17  4.53636e-26  4.24597e-17 -4.37661e-26  1.02796e-17 -9.88785e-27  1.17923e-18  3.55575e-27 -8.24304e-20  1.40224e-27 -6.74034e-20 -3.38119e-28 -1.56428e-20 -1.95017e-28 -2.14108e-21  4.89822e-29 -1.47189e-22  2.43788e-29  8.85793e-24 -2.77847e-30  4.09364e-24 -1.92773e-30  6.30381e-25 -1.71872e-31   6.1236e-26  3.95061e-32  3.88778e-27  1.10882e-32   1.2866e-28  9.71231e-34 -2.45395e-30  2.87904e-35 -5.51086e-31  9.46166e-37 -3.10182e-32  1.91334e-37 -8.93118e-34  8.02919e-39 -1.16688e-35  1.95813e-40
 5.33537e-27 -3.19223e-13 -1.02177e-25  9.48461e-12  6.83994e-25 -1.46991e-10 -2.19792e-24  1.49189e-09  1.87327e-24 -1.09321e-08    1.357e-23  6.09791e-08  -6.3201e-23 -2.67263e-07    9.286e-23  9.38412e-07  3.07946e-22 -2.66875e-06 -2.46547e-21  6.17293e-06  8.96084e-21 -1.15834e-05 -2.22348e-20  1.74424e-05  4.03409e-20 -2.05739e-05 -5.25499e-20  1.80529e-05  4.09689e-20 -1.02994e-05  1.09911e-20  1.79021e-06  -1.1323e-19  2.59971e-06  2.72425e-19 -2.12033e-06 -4.88096e-19   4.5302e-08  7.25095e-19  6.97458e-07 -8.92485e-19 -1.90679e-07  8.86061e-19 -1.84454e-07 -6.83458e-19   7.4462e-08  3.86728e-19   5.0443e-08 -1.43416e-19 -1.87846e-08  2.60813e-20  -1.4668e-08 -2.53372e-21  2.73538e-09  6.66543e-21  3.91429e-09 -5.65436e-21  2.10831e-10  9.49716e-22 -7.71289e-10  1.12749e-21 -2.50055e-10 -1.06876e-21  6.98542e-11  8.42873e-22  6.55874e-11 -6.28772e-22  1.04019e-11  3.04177e-22 -6.34748e-12 -9.01959e-23 -3.72419e-12  1.74002e-23 -5.28759e-13  2.41885e-23  2.51472e-13 -3.70285e-23  1.51277e-13   1.2159e-23  3.07029e-14  7.10298e-24 -2.54943e-15 -5.06771e-24 -3.46323e-15 -2.69529e-26  -1.0405e-15  4.89723e-25 -1.29364e-16  3.08169e-26  1.83995e-17 -3.87579e-26  1.27769e-17 -6.93797e-27  3.12146e-18  2.09227e-27  4.09359e-19  9.42997e-28  5.88197e-21 -2.64418e-28  -1.0719e-20 -1.48821e-28 -2.80122e-21  5.49301e-29 -4.14129e-22  2.24809e-29 -3.79752e-23 -3.13642e-30 -1.35277e-24 -1.92563e-30  2.00898e-25 -1.80468e-31  4.28689e-26  3.29474e-32  4.37507e-27  9.48278e-33   2.8798e-28  8.86399e-34  1.22805e-29  4.30477e-35   2.8851e-31  2.79244e-36  6.49368e-34  2.05628e-37 -1.36836e-34  4.69564e-39 -1.98469e-36
 5.51511e-14  5.78935e-26 -2.95367e-12 -6.11541e-25  6.16348e-11   2.9471e-24 -7.73883e-10 -6.69255e-24  6.74175e-09  -2.3262e-24  -4.3732e-08  6.94707e-23  2.20027e-07 -2.39389e-22 -8.80353e-07  3.07946e-22  2.84375e-06  9.32873e-22 -7.47415e-06 -6.92425e-21  1.60053e-05  2.34339e-20 -2.77703e-05 -5.41833e-20  3.84559e-05  9.17803e-20 -4.11764e-05 -1.13206e-19    3.177e-05  9.14822e-20 -1.42441e-05  -1.5465e-20 -8.83641e-07 -1.10857e-19  5.90843e-06   2.9379e-19 -2.80224e-06 -5.50671e-19 -8.95762e-07  8.50753e-19  1.22326e-06 -1.06642e-18  1.33151e-08  1.04478e-18  -3.8107e-07 -7.63804e-19  2.41516e-08  3.83807e-19   1.0801e-07   -1.067e-19 -1.36584e-09  3.48099e-21 -2.80318e-08 -3.54066e-21 -3.73358e-09   1.5733e-20   5.8323e-09 -1.07144e-20  2.11475e-09  1.44436e-21 -6.77064e-10  2.08075e-21 -6.03219e-10 -2.03759e-21 -5.87381e-11  1.53413e-21  8.45924e-11 -8.87171e-22  3.80615e-11  2.44307e-22   7.8749e-13 -2.50892e-24 -4.96122e-12  1.16579e-23 -1.92258e-12  9.94944e-24  -1.3337e-13 -3.97044e-23    1.561e-13  1.70776e-23  7.08591e-14  7.15568e-24  1.21855e-14 -5.75636e-24 -1.26099e-15 -7.50239e-28 -1.31969e-15  5.22792e-25 -3.72721e-16  9.78259e-27 -4.88394e-17 -2.76303e-26   3.0825e-18 -2.26759e-27  3.08891e-18  1.10375e-28  7.80487e-19  2.69216e-28  1.12809e-19  -1.7402e-28  7.18377e-21 -8.40332e-29 -9.44073e-22  5.92989e-29 -3.50804e-22  1.94905e-29 -5.59297e-23 -3.35402e-30  -5.7078e-24 -1.84266e-30 -3.63039e-25 -1.82492e-31 -7.46706e-27  2.50202e-32  1.19051e-27  7.63643e-33  1.55149e-28  7.41564e-34  9.80453e-30  4.24665e-35  3.71674e-31   2.8112e-36  8.01345e-33  1.42273e-37  7.51966e-35  1.82992e-39
-2.11306e-26  6.88854e-13  4.21262e-25 -2.11898e-11 -2.98939e-24  3.40433e-10  1.07394e-23   -3.587e-09 -1.56125e-23  2.73298e-08 -3.81143e-23 -1.58792e-07   2.8472e-22   7.2643e-07 -8.06683e-22 -2.66875e-06  9.32873e-22  7.96452e-06   2.6102e-21 -1.94041e-05 -1.80396e-20  3.85417e-05  5.68503e-20 -6.18661e-05 -1.21958e-19  7.86646e-05  1.90653e-19  -7.6006e-05 -2.16504e-19  5.05253e-05  1.66119e-19 -1.56336e-05 -5.50139e-20 -7.78607e-06  -7.9859e-20  1.06394e-05  2.54051e-19 -2.42296e-06 -5.34763e-19 -2.77849e-06  9.11362e-19    1.609e-06 -1.19912e-18  5.73817e-07  1.16922e-18 -5.67592e-07 -8.02197e-19 -1.39915e-07  3.39754e-19  1.59195e-07 -4.66805e-20   4.8164e-08 -2.21307e-20 -3.53098e-08 -1.01497e-20 -1.73801e-08  2.89503e-20  4.69177e-09 -1.69501e-20  4.88771e-09  2.20277e-21  3.25453e-10   2.8088e-21 -8.49724e-10 -2.98225e-21 -3.24044e-10  2.35932e-21  3.65424e-11 -1.21677e-21  6.36041e-11   1.5943e-22  1.73646e-11  1.14159e-22 -2.23852e-12  7.06016e-24 -2.98712e-12 -1.13936e-23 -8.60232e-13 -4.13012e-23 -1.04077e-14  2.25161e-23  7.75067e-14  6.97644e-24  2.92812e-14 -6.25149e-24  4.55617e-15  2.62914e-26 -4.21342e-16  5.08534e-25 -4.23229e-16  -1.6961e-26 -1.16126e-16 -1.05015e-26 -1.63891e-17   3.6599e-27 -9.08002e-20 -2.19081e-27  5.64095e-19 -5.21304e-28  1.54022e-19 -7.21381e-29  2.38453e-20 -1.06798e-29   2.1677e-21  6.10491e-29  3.15306e-23  1.58499e-29 -2.57724e-23 -3.39944e-30 -4.88038e-24 -1.68842e-30 -5.22133e-25 -1.76308e-31 -3.69506e-26  1.71407e-32 -1.63951e-27  5.75549e-33 -2.83348e-29  5.63328e-34  1.48169e-30  3.32501e-35  1.15871e-31  1.97985e-36  3.14904e-33  6.89864e-38  2.75425e-35
-1.04073e-13 -2.14725e-25  5.77802e-12   2.3753e-24 -1.25143e-10 -1.23117e-23  1.63305e-09  3.31838e-23 -1.48076e-08 -2.08599e-23  1.00143e-07 -2.07612e-22 -5.26295e-07  1.00392e-21  2.20444e-06 -2.46547e-21 -7.47415e-06   2.6102e-21  2.06856e-05  6.80088e-21 -4.68404e-05 -4.39045e-20   8.6428e-05  1.28837e-19 -0.000128354 -2.55514e-19  0.000149489   3.6479e-19 -0.000129213 -3.71017e-19  7.15654e-05  2.50263e-19 -9.76851e-06 -8.88575e-20 -2.08307e-05 -1.69201e-20  1.56646e-05  1.21549e-19  3.56655e-07 -3.99675e-19 -5.58483e-06   8.7839e-19  1.32903e-06 -1.27658e-18  1.56432e-06  1.25038e-18  -5.6637e-07 -7.91004e-19  -4.4326e-07  2.52127e-19  1.47049e-07  3.32951e-20  1.31111e-07 -4.67379e-20 -2.03514e-08 -2.32732e-20 -3.52714e-08  4.51493e-20  -2.8231e-09 -2.34473e-20  6.92664e-09  3.15745e-21  2.47607e-09  3.06914e-21 -5.79494e-10 -3.72009e-21 -6.27498e-10  3.24227e-21 -1.15598e-10 -1.60584e-21  5.63377e-11  5.87945e-23  3.69425e-11  2.52076e-22  6.21184e-12  5.86004e-24 -2.15789e-12 -3.90548e-23 -1.49934e-12 -4.21739e-23 -3.43304e-13  2.80204e-23  1.00231e-14   6.6956e-24  3.20462e-14 -6.47361e-24   1.0719e-14  5.07721e-26  1.60939e-15    4.393e-25  -8.7562e-17 -4.78043e-26 -1.11715e-16  1.10756e-26 -3.06677e-17  9.98798e-27 -4.64442e-18 -4.54991e-27 -2.54835e-19 -1.29486e-27  6.74308e-20  3.78066e-29  2.25967e-20  6.01408e-29  3.71195e-21   5.9483e-29  3.88291e-22  1.19935e-29  2.26866e-23 -3.27142e-30 -3.12206e-25 -1.47935e-30 -2.28503e-25 -1.61383e-31 -2.68989e-26  1.04208e-32  -1.8734e-27  4.02952e-33 -8.40894e-29  3.85001e-34 -2.27737e-30  2.15897e-35 -2.80478e-32  1.06095e-36  5.41323e-35    2.132e-38
 7.09179e-26 -1.17585e-12 -1.46995e-24  3.76023e-11  1.10105e-23 -6.28819e-10 -4.34915e-23  6.90602e-09  8.58304e-23 -5.49287e-08   3.3455e-23  3.33743e-07  -8.3545e-22  -1.5998e-06  3.14907e-21  6.17293e-06 -6.92425e-21 -1.94041e-05  6.80088e-21  4.99729e-05     1.66e-20  -0.00010542 -1.00339e-19  0.000180914  2.74191e-19 -0.000248461 -5.01248e-19  0.000264079  6.46887e-19 -0.000201619 -5.70142e-19  8.74985e-05  3.00941e-19  9.91932e-06 -7.41042e-20  -4.0648e-05  7.12752e-20  1.82226e-05 -1.32341e-19   6.9567e-06 -1.13071e-19 -8.60941e-06  7.38568e-19  -3.2229e-07 -1.29923e-18  2.81672e-06  1.28843e-18 -1.21676e-07 -7.28873e-19 -8.27326e-07  1.23954e-19 -4.19922e-09  1.26601e-19  2.20596e-07 -6.61867e-20  3.33297e-08  -4.2522e-20 -4.67391e-08  6.23273e-20 -1.80819e-08 -2.91236e-20  5.34784e-09  4.19073e-21  5.15947e-09  2.69611e-21  5.86966e-10 -4.08138e-21 -7.14134e-10  4.08117e-21 -3.42435e-10 -2.03297e-21 -1.41292e-11 -4.48266e-23  4.28235e-11  4.00542e-22  1.78109e-11  1.03696e-23  1.64333e-12 -7.13393e-23 -1.30278e-12 -4.29622e-23 -6.49907e-13  3.30567e-23 -1.25422e-13  6.46611e-24  6.17274e-15 -6.36403e-24  1.11458e-14  7.23529e-26  3.45435e-15  3.17759e-25  5.24924e-16 -8.03262e-26 -2.45917e-18  3.41762e-26 -2.32798e-17  1.55958e-26 -6.62997e-18 -6.70857e-27 -1.06272e-18 -1.91826e-27 -9.15962e-20  1.52732e-28  2.35683e-21  1.18933e-28  2.21372e-21  5.44901e-29  4.00686e-22  8.28943e-30  4.43858e-23 -2.99445e-30  3.22622e-24 -1.23658e-30  1.28237e-25 -1.38908e-31 -1.58303e-27  5.44494e-33 -6.03257e-28  2.59769e-33 -4.20015e-29  2.34243e-34 -1.55039e-30  1.16777e-35 -2.97468e-32  4.24931e-37 -1.95423e-34
 1.54141e-13  6.77882e-25 -8.91591e-12 -7.83415e-24  2.01415e-10  4.33221e-23  -2.7449e-09 -1.33047e-22  2.60287e-08   1.7741e-22 -1.84378e-07  3.66245e-22  1.01676e-06 -2.81636e-21 -4.47814e-06  8.96084e-21  1.60053e-05 -1.80396e-20 -4.68404e-05     1.66e-20  0.000112602  3.81233e-20 -0.000221758 -2.16142e-19  0.000354253  5.50145e-19 -0.000449427  -9.2495e-19  0.000433617  1.06787e-18 -0.000286783 -7.78835e-19  8.50888e-05  2.36519e-19  5.02803e-05  5.83345e-20 -6.48334e-05  1.68726e-19  1.38597e-05 -5.28491e-19  1.80373e-05  3.39185e-19 -1.01891e-05  5.01537e-19 -3.92272e-06 -1.28361e-18  3.77901e-06  1.29147e-18  9.88574e-07 -6.19963e-19 -1.10275e-06 -3.67139e-20 -3.47162e-07  2.24356e-19   2.5314e-07 -7.71346e-20  1.28387e-07 -6.61372e-20  -3.4479e-08  7.81196e-20 -3.70955e-08  -3.3035e-20 -2.66467e-09  5.14103e-21  6.58369e-09  1.66924e-21  2.58976e-09 -3.94347e-21  -2.6774e-10  4.76342e-21 -5.10875e-10  -2.4709e-21 -1.45874e-10 -1.38933e-22  1.58856e-11  5.48657e-22  2.43744e-11  2.27094e-23  7.41106e-12 -1.05958e-22  2.48825e-13 -4.44539e-23 -6.11023e-13  3.70885e-23 -2.47471e-13  6.41279e-24 -4.27549e-14 -5.89816e-24  1.86903e-15  9.65594e-26  3.23591e-15  1.58284e-25  9.63929e-16  -1.1147e-25  1.51806e-16  5.50501e-26   6.2797e-18  1.93284e-26 -3.52227e-18 -8.47648e-27 -1.11949e-18 -2.29725e-27 -1.87986e-19  2.67188e-28 -1.95312e-20  1.59494e-28 -8.67728e-22  4.65981e-29  1.03921e-22  5.01585e-30  2.68409e-23 -2.60948e-30  3.11206e-24 -9.83107e-31   2.3237e-25 -1.11698e-31  1.13583e-26  2.26532e-33  3.11728e-28  1.52616e-33   7.5609e-31  1.25135e-34 -2.44549e-31  5.15992e-36 -6.26677e-33  1.12285e-37
-2.03502e-25  1.56543e-12  4.38069e-24 -5.23636e-11 -3.44928e-23  9.16932e-10  1.47534e-22 -1.05574e-08 -3.53356e-22  8.81528e-08  2.46466e-22 -5.63167e-07  1.64434e-21  2.84365e-06 -8.34009e-21 -1.15834e-05  2.34339e-20  3.85417e-05 -4.39045e-20  -0.00010542  3.81233e-20  0.000237239  8.26273e-20 -0.000436988 -4.40005e-19  0.000650144  1.04368e-18 -0.000760533 -1.61128e-18  0.000661039  1.64608e-18 -0.000366949  -9.2166e-19  4.59566e-05 -6.46108e-20  0.000115252  3.94767e-19 -8.63434e-05  2.56974e-19 -2.65031e-06 -1.07655e-18  3.23608e-05  9.45052e-19 -7.82016e-06  2.02419e-19 -9.41227e-06 -1.25876e-18  3.51627e-06  1.27163e-18  2.75943e-06 -4.72345e-19 -9.59741e-07 -2.17832e-19 -8.47454e-07  3.16879e-19  1.42573e-07 -7.79239e-20  2.37619e-07 -9.12091e-20  1.74349e-08  9.03864e-20 -4.86788e-08 -3.46563e-20 -1.72876e-08  5.80778e-21  4.27492e-09  1.47388e-22  4.56776e-09 -3.25233e-21  8.46058e-10  5.18651e-21  -4.1855e-10 -2.89291e-21 -2.78031e-10 -2.15616e-22 -4.84159e-11  6.88014e-22  1.57879e-11  4.46427e-23  1.14527e-11 -1.40408e-22  2.74101e-12 -4.73735e-23 -2.43896e-14  3.96496e-23 -2.35716e-13  6.58268e-24 -8.31876e-14 -5.09442e-24 -1.36344e-14  1.35998e-25  2.20225e-16 -1.47611e-26  7.65353e-16 -1.37864e-25  2.26858e-16  7.00323e-26  3.71807e-17  2.02767e-26  2.82914e-18 -9.77035e-27 -3.00824e-19  -2.4026e-27 -1.37412e-19  3.71267e-28 -2.44205e-20  1.79347e-28 -2.74668e-21  3.68216e-29 -1.91829e-22  2.35461e-30 -4.19094e-24 -2.16448e-30  8.05982e-25 -7.40616e-31  1.16935e-25 -8.34175e-32  8.45309e-27  5.60547e-34  3.77694e-28   8.0691e-34  1.01137e-29  5.75313e-35  1.34036e-31   1.7686e-36  4.19538e-34
-1.74954e-13 -1.83574e-24  1.06285e-11  2.21189e-23 -2.52371e-10 -1.29594e-22   3.6184e-09  4.40296e-22 -3.61374e-08 -8.09791e-22  2.69949e-07 -2.59584e-23 -1.57223e-06   5.5775e-21  7.32686e-06 -2.22348e-20 -2.77703e-05  5.68503e-20   8.6428e-05 -1.00339e-19 -0.000221758  8.26273e-20   0.00046844   1.6935e-19 -0.000808355 -8.48009e-19   0.00112023  1.87597e-18  -0.00120495 -2.65714e-18  0.000933096   2.3738e-18 -0.000410829 -8.78471e-19  -4.9676e-05  -7.4981e-19   0.00020157  1.01649e-18  -9.3094e-05  3.26827e-19 -3.51947e-05 -1.77237e-18  4.58455e-05  1.66235e-18  1.10233e-06 -1.02428e-19 -1.55687e-05 -1.25801e-18  9.71572e-07  1.24021e-18  4.75945e-06 -2.96559e-19 -7.50855e-08 -4.04635e-19 -1.33011e-06  3.95211e-19 -1.76313e-07 -6.91325e-20  2.98004e-07 -1.14124e-19  1.09719e-07  9.77337e-20 -3.71501e-08 -3.40453e-20 -3.35881e-08  5.95958e-21 -3.39663e-09 -1.54886e-21  4.92981e-09  -2.0256e-21  2.30796e-09  5.28082e-21  7.77919e-11 -3.28002e-21  -3.0098e-10 -2.74839e-22 -1.24726e-10  8.14283e-22 -1.17124e-11  7.73972e-23  9.11781e-12 -1.72279e-22   4.6261e-12 -5.21459e-23  9.24893e-13  4.03975e-23  -2.8607e-14  6.91506e-24  -7.5935e-14 -4.01527e-24 -2.45372e-14  2.08559e-25 -3.98853e-15 -1.71808e-25 -8.75887e-17 -1.56259e-25   1.4046e-16   7.6531e-26  4.34077e-17  1.80244e-26  7.36876e-18 -1.06122e-26  7.26018e-19 -2.27381e-27  1.01121e-20  4.51031e-28 -1.05645e-20  1.79262e-28 -2.15993e-21  2.63911e-29 -2.51505e-22  3.90136e-31 -1.93982e-23 -1.70686e-30 -9.27327e-25 -5.26444e-31 -1.43746e-26  -5.7525e-32  1.47078e-27 -1.46902e-34  1.23176e-28  3.77757e-34  4.27961e-30  2.20481e-35  6.49911e-32  4.08967e-37
  5.0249e-25 -1.57139e-12  -1.1226e-23  5.55631e-11  9.26082e-23 -1.02895e-09 -4.23974e-22  1.25369e-08  1.16028e-21 -1.10869e-07 -1.56741e-21  7.50971e-07 -1.63972e-21 -4.02599e-06  1.59767e-20  1.74424e-05 -5.41833e-20 -6.18661e-05  1.28837e-19  0.000180914 -2.16142e-19 -0.000436988   1.6935e-19  0.000868724  3.28659e-19  -0.00140647 -1.54915e-18   0.00181499   3.1996e-18  -0.00178786 -4.15684e-18   0.00121322   3.2047e-18 -0.000375583 -4.94071e-19 -0.000215967 -1.95989e-18  0.000294888  1.96784e-18 -6.98127e-05   3.9018e-19 -8.33968e-05 -2.59552e-18  5.15089e-05  2.42053e-18  1.79408e-05  -3.4643e-19 -1.97959e-05 -1.30865e-18 -4.49873e-06  1.20393e-18  6.05883e-06 -1.04872e-19  1.68923e-06 -5.80978e-19 -1.48371e-06  4.52351e-19 -6.85413e-07 -5.36007e-20  2.27097e-07 -1.31136e-19  2.15106e-07  9.98201e-20  9.26776e-09 -3.18436e-20 -4.13648e-08  5.35024e-21 -1.52437e-08 -3.00682e-21  2.11352e-09 -3.37801e-22  3.27697e-09  5.02854e-21  8.95731e-10 -3.62628e-21 -1.18819e-10 -3.25297e-22 -1.60481e-10  9.27104e-22 -4.80687e-11   1.2137e-22 -1.49188e-12  -1.9941e-22  4.02932e-12 -5.87063e-23  1.63746e-12  3.91417e-23  2.90307e-13  7.24562e-24 -8.31338e-15 -2.75869e-24 -2.02964e-14  3.32413e-25 -6.24536e-15 -2.84804e-25 -1.03157e-15 -1.64018e-25 -6.02296e-17  7.37441e-26   1.7951e-17   1.2785e-26  6.41363e-18 -1.10904e-26  1.12667e-18 -1.99955e-27  1.24869e-19  4.92052e-28  7.33749e-21  1.62422e-28 -2.46488e-22  1.64776e-29 -1.11919e-22 -8.85878e-31 -1.38807e-23 -1.27742e-30 -1.05586e-24 -3.51426e-31 -5.26428e-26 -3.64024e-32  -1.5946e-27 -3.07564e-34 -2.03205e-29  1.53088e-34  2.30964e-31  6.64129e-36  6.38803e-33
