 3.76361e-34   2.8439e-38 -2.89424e-34 -2.91295e-37  1.55676e-35  5.68776e-37 -4.88816e-35 -1.34585e-36  2.80991e-35  1.70331e-36 -4.63346e-35 -7.25051e-37  3.30145e-35  7.96082e-37  2.20426e-35 -2.50486e-37 -5.73356e-35  1.49683e-37  3.14419e-35  -2.7094e-37 -2.31002e-35  3.33865e-38  1.44644e-35  4.79347e-38 -2.34125e-36 -6.64935e-40 -1.22445e-37 -6.22528e-38 -4.17622e-37   1.3554e-38  2.28949e-37  9.21387e-39  -2.0375e-37 -1.62667e-39 -4.11738e-38 -8.10832e-40 -8.90761e-39 -1.19746e-39  4.63989e-38 -1.97203e-39 -6.27425e-39 -4.89025e-40  4.52862e-40  5.87014e-40  5.23574e-39 -2.78296e-40  -4.3462e-39  3.12346e-41  4.90424e-40  8.23985e-41 -6.21495e-41 -3.67461e-41 -4.66717e-40  7.07941e-42  6.05669e-41  2.18789e-42  4.98208e-41 -9.35634e-43 -2.07484e-41 -3.01084e-43  5.91655e-42 -1.87076e-43 -1.37875e-42  1.64077e-45 -2.03317e-42 -2.39358e-44  1.15279e-42  5.61914e-44  2.01855e-43 -1.05677e-45 -5.48877e-43 -6.58953e-45  1.15863e-42  1.96829e-44 -2.44454e-42 -3.89486e-44  4.72047e-42  8.23778e-44 -8.27357e-42 -1.70836e-43  1.31298e-41  3.32278e-43 -1.86911e-41 -6.03088e-43  2.36301e-41  1.02089e-42 -2.61962e-41 -1.60844e-42  2.50257e-41   2.3529e-42 -2.00727e-41  -3.1868e-42  1.29346e-41  3.98325e-42 -6.09874e-42  -4.5772e-42  1.51211e-42  4.81417e-42   4.1659e-43 -4.61065e-42 -6.05677e-43  3.99662e-42  2.54267e-43 -3.11328e-42 -1.99327e-44  2.16104e-42 -2.47431e-44 -1.32318e-42  7.40121e-45  7.05872e-43  1.91999e-45 -3.23123e-43 -1.47559e-45  1.24503e-43  2.96083e-46 -3.93794e-44 -3.80449e-47  9.88192e-45  1.53165e-47 -1.87283e-45 -4.60793e-48  2.47791e-46  6.30902e-49    -1.97e-47  -4.1537e-50  6.05152e-49
  2.8439e-38  7.60174e-34   1.6207e-37  -4.0476e-34  -1.0324e-36  4.70932e-35  1.59886e-36 -1.07567e-34 -4.02434e-36  6.99293e-35  4.08473e-36 -1.15858e-34 -1.79698e-36  1.24259e-34  2.55744e-36  2.99049e-36 -1.38905e-36 -1.04076e-34  8.35881e-37  5.90151e-35 -6.73342e-37 -5.89138e-35   1.1703e-37  3.71961e-35   2.3697e-37 -6.60606e-36 -3.64159e-38 -3.62945e-38   -1.674e-37 -1.02843e-36  8.85136e-39  3.40986e-37  4.44789e-38 -2.01656e-37 -8.15574e-40 -2.21698e-37 -4.76622e-39 -3.87934e-38 -2.15173e-39  1.59693e-37 -5.66074e-39 -2.85592e-38 -2.37228e-39 -1.33602e-39  1.84802e-39  1.55213e-38  -9.7081e-40 -1.28689e-38  9.15903e-41  1.70687e-39  2.22777e-40 -6.76916e-40 -9.87844e-41 -1.48678e-39  2.01872e-41  1.66199e-40  4.66969e-42  1.49287e-40 -2.14342e-42 -5.69073e-41 -2.27863e-42  2.08713e-41 -3.68667e-43 -3.86794e-42 -1.21304e-43 -9.04077e-42 -1.16243e-43  3.22531e-42  1.62841e-43  5.85875e-42  2.33727e-44 -1.56172e-41 -1.06341e-43  3.41076e-41   2.7397e-43 -6.88988e-41 -5.94043e-43  1.26946e-40  1.25419e-42 -2.11911e-40 -2.51512e-42  3.18473e-40  4.72054e-42 -4.27115e-40 -8.27495e-42  5.05511e-40  1.35267e-41 -5.20177e-40  -2.0573e-41  4.55532e-40  2.90374e-41 -3.28177e-40 -3.79183e-41  1.82509e-40  4.56493e-41 -6.63304e-41 -5.04571e-41  3.68203e-42  5.09591e-41  1.32055e-41 -4.67615e-41 -8.58268e-42  3.87301e-41  1.93527e-42  -2.8728e-41  4.83065e-43  1.89065e-41 -3.82069e-43 -1.09165e-41  3.09776e-44  5.45451e-42  3.53807e-44  -2.3184e-42   -1.065e-44  8.20098e-43  4.24815e-46 -2.34517e-43  -5.1236e-49  5.20644e-44  8.64412e-47 -8.44287e-45 -2.07461e-47  9.00775e-46  1.94187e-48  -5.0084e-47 -8.19128e-50
-2.89424e-34   1.6207e-37  1.03355e-33  5.37232e-37 -7.11544e-34 -2.15461e-36  2.48332e-34  2.59986e-36 -2.97831e-34 -7.55767e-36  1.30482e-34  6.05853e-36 -1.63015e-34 -2.84992e-36  2.77376e-34  5.31888e-36 -7.88094e-35 -3.82962e-36 -1.18663e-34  2.32162e-36  8.50697e-35 -9.83609e-37 -1.07247e-34  2.31292e-37  6.32807e-35  5.50781e-37 -1.15779e-35 -3.58491e-38  1.39158e-36 -3.15643e-37 -2.34295e-36 -4.25286e-38  3.31639e-37   1.2846e-37  2.44821e-37  1.15731e-38  -5.2286e-37 -1.61518e-38 -1.51785e-37 -2.70238e-39  3.97419e-37 -1.14084e-38 -7.72707e-38 -7.01954e-39 -1.01105e-38  4.32367e-39  3.38073e-38 -2.40476e-39 -2.78962e-38  1.55587e-40  4.11281e-39  4.01281e-40 -2.38958e-39 -1.88468e-40 -3.47709e-39   3.9665e-41  3.69989e-40  9.02825e-42  3.66029e-40  -3.2535e-42 -1.41208e-40 -8.94056e-42  5.71583e-41 -2.93529e-43 -1.43066e-41 -5.38598e-43 -1.03573e-41 -3.03536e-43 -3.89635e-41  1.78294e-43  1.39782e-40  4.18838e-43 -3.29229e-40 -1.17584e-42  6.94724e-40  2.80561e-42 -1.34051e-39 -6.09956e-42  2.35101e-39  1.25669e-41 -3.72342e-39   -2.437e-41  5.28474e-39  4.42288e-41 -6.65631e-39 -7.49955e-41  7.34439e-39  1.18576e-40 -6.97265e-39   -1.744e-40  5.54405e-39  2.37933e-40  -3.5246e-39 -3.00113e-40  1.61977e-39  3.48621e-40  -3.6674e-40 -3.71273e-40 -1.39033e-40  3.60586e-40  1.70204e-40 -3.17398e-40 -6.52088e-41  2.51369e-40   1.2378e-42 -1.77572e-40  8.57442e-42  1.10739e-40 -2.51256e-42 -6.02066e-41 -3.49602e-43  2.80994e-41  2.91648e-43 -1.10409e-41  -2.6048e-44  3.56112e-42 -7.53914e-45   -9.111e-43  2.60885e-46  1.76002e-43  3.64069e-46  -2.3735e-44 -4.81232e-47  1.92535e-45  2.86445e-48 -6.05999e-47
-2.91295e-37  -4.0476e-34  5.37232e-37  1.64644e-33  1.29171e-36 -1.42078e-33 -3.03971e-36  6.78224e-34  2.54832e-36 -6.22264e-34 -1.00608e-35  1.11259e-34  5.88276e-36 -1.23819e-34 -3.26829e-36  4.64377e-34  8.07952e-36 -2.19084e-34 -7.53234e-36 -9.20695e-35  4.60443e-36  1.12143e-34 -8.03559e-37 -1.58034e-34  3.17343e-37   8.2071e-35  8.59755e-37 -1.51137e-35  1.40814e-37  5.86138e-36 -4.89436e-37 -4.76707e-36 -1.50054e-37   3.3017e-37  2.71459e-37   1.2804e-36  5.18329e-38 -7.57927e-37  -3.9514e-38 -4.63641e-37  -2.9792e-39  8.24262e-37 -1.85427e-38 -1.58364e-37 -1.55222e-38 -3.05235e-38  8.54576e-39  6.27038e-38 -4.80733e-39 -5.04081e-38  1.05235e-40  6.86714e-39  5.18809e-40  -5.3273e-39  -3.0517e-40 -6.94693e-39  5.96337e-41  7.46856e-40  2.23629e-41   8.4878e-40 -2.77031e-42 -3.57211e-40 -2.56535e-41  1.67883e-40  6.18999e-43 -1.55867e-40 -1.36131e-42  3.26848e-40  -2.4699e-43 -1.00796e-39  -1.0952e-42  2.51962e-39  3.94828e-42 -5.57949e-39 -9.76443e-42  1.12639e-38  2.22489e-41 -2.07182e-38 -4.72546e-41   3.4522e-38  9.44918e-41 -5.17458e-38 -1.77463e-40  6.91679e-38   3.1211e-40 -8.15213e-38 -5.13114e-40  8.34315e-38  7.86823e-40 -7.25233e-38  -1.1224e-39  5.16797e-38  1.48478e-39 -2.82098e-38 -1.81477e-39  9.79966e-39  2.04053e-39 -1.38337e-40 -2.10006e-39 -2.24098e-39  1.96665e-39  1.34174e-39 -1.66429e-39 -2.56685e-40  1.26244e-39  -1.0245e-40 -8.50144e-40  6.63398e-41  5.02408e-40 -5.32713e-42 -2.56917e-40 -5.15818e-42  1.11714e-40  1.22898e-42 -4.03923e-41  1.24949e-43  1.17905e-41 -5.07295e-44 -2.66646e-42 -1.93849e-45  4.39188e-43  9.88618e-46 -4.74014e-44 -4.22448e-47  2.65257e-45  2.07553e-48
 1.55676e-35  -1.0324e-36 -7.11544e-34  1.29171e-36  2.88573e-33  2.50947e-36 -2.49635e-33 -2.98175e-36  1.27555e-33  8.77211e-37 -9.00137e-34 -9.42798e-36 -1.06902e-34  2.65597e-36   1.4985e-35 -2.59897e-36  6.60892e-34  9.12827e-36 -3.90492e-34 -1.20502e-35 -3.86187e-35  7.35227e-36   1.4256e-34  2.08789e-37   -1.993e-34  2.76684e-37  8.44852e-35  1.01391e-36 -1.53934e-35  6.33576e-37  1.42218e-35 -6.77419e-37 -8.00864e-36 -2.76091e-37  7.22816e-37   4.5766e-37  2.72412e-36  1.39155e-37  -5.9813e-37  -7.7131e-38 -1.11672e-36  -3.5568e-39   1.4935e-36 -2.55399e-38 -2.67814e-37 -2.79203e-38 -6.26573e-38  1.49672e-38  1.05703e-37 -8.15373e-39  -7.9505e-38 -2.71938e-40  6.44656e-39  3.81019e-40 -8.54633e-39 -4.66883e-40  -1.2573e-38  6.62629e-41   1.3343e-39  6.10229e-41  1.92979e-39   2.2884e-42 -1.04377e-39   -6.036e-41  1.05689e-39  3.64659e-42 -2.44747e-39  -2.8827e-42  6.41891e-39  2.64004e-42 -1.63568e-38 -1.05212e-41  3.78381e-38  2.66671e-41 -7.98936e-38 -6.23397e-41  1.53938e-37   1.3689e-40 -2.69438e-37 -2.82312e-40  4.25709e-37  5.48026e-40 -6.02429e-37 -9.99905e-40  7.55961e-37  1.71109e-39 -8.30139e-37 -2.74071e-39  7.83129e-37  4.09854e-39  -6.1709e-37 -5.70472e-39  3.86759e-37  7.36347e-39 -1.72786e-37 -8.77612e-39   3.4878e-38  9.60984e-39  1.83552e-38 -9.61182e-39 -1.94371e-38  8.72284e-39  6.84637e-39 -7.12681e-39  2.13209e-40   5.1948e-39 -1.05936e-39 -3.34201e-39  2.79669e-40  1.87327e-39  4.47579e-41 -9.00479e-40 -3.10911e-41  3.63903e-40  1.29609e-42 -1.20483e-40  1.29354e-42  3.15573e-41 -1.18147e-43 -6.21736e-42 -1.79781e-44  8.50486e-43  1.02498e-45 -6.94252e-44   4.8271e-47  2.17375e-45
 5.68776e-37  4.70932e-35 -2.15461e-36 -1.42078e-33  2.50947e-36  4.64987e-33  4.22504e-36 -3.75135e-33 -2.11716e-36  1.81515e-33 -1.64595e-36 -9.01172e-34 -4.86569e-36 -5.41948e-34 -2.97868e-36  1.92294e-34  -7.3505e-37  8.52021e-34  7.02833e-36 -5.55377e-34 -1.67955e-35  1.63433e-35  9.93154e-36  1.74591e-34  2.20053e-36 -2.23535e-34 -3.50586e-38   6.6465e-35  9.91875e-37 -1.07559e-35  1.49703e-36  2.49721e-35 -8.86357e-37  -1.0747e-35 -3.37134e-37   2.1749e-36  6.42363e-37  4.04107e-36  2.88963e-37  2.97204e-37 -1.26828e-37 -2.22454e-36 -4.85601e-39  2.41148e-36 -3.02062e-38 -3.87494e-37 -4.27367e-38 -9.88103e-38  2.38478e-38  1.68025e-37 -1.20415e-38 -1.11537e-37 -1.19313e-39 -4.09416e-39 -3.20138e-40 -9.66966e-39  -7.2253e-40 -2.10426e-38  3.70556e-41  1.74044e-39  1.49772e-40  5.05897e-39  1.58822e-41 -5.79537e-39 -1.22988e-40  1.31309e-38  1.20906e-41 -3.59579e-38  -7.6676e-42  9.32335e-38  1.94002e-41 -2.24147e-37 -5.46636e-41  4.94215e-37  1.28392e-40 -9.96469e-37 -2.87787e-40  1.82959e-36  6.10661e-40 -3.04186e-36 -1.22439e-39  4.54735e-36  2.32035e-39 -6.05826e-36 -4.15053e-39  7.11036e-36  6.99155e-39  -7.2371e-36 -1.10598e-38  6.24351e-36  1.63711e-38 -4.39908e-36 -2.25797e-38   2.3542e-36  2.88758e-38 -7.77015e-37 -3.40499e-38 -2.73046e-38  3.67942e-38  2.05276e-37 -3.61856e-38 -1.13861e-37  3.21393e-38  1.82333e-38 -2.55554e-38  1.05231e-38  1.80091e-38   -5.865e-39 -1.11147e-38  3.30169e-40  5.92217e-39  4.75388e-40 -2.67631e-39 -9.65154e-41  1.00286e-39 -1.51364e-41  -3.0238e-40  4.78664e-42  7.03506e-41  1.14992e-43 -1.18558e-41 -5.12086e-44  1.29899e-42 -2.33633e-45  -7.2914e-44  1.12891e-46
-4.88816e-35  1.59886e-36  2.48332e-34 -3.03971e-36 -2.49635e-33  4.22504e-36  6.64459e-33  6.53104e-36 -4.90839e-33 -2.11417e-36  2.03073e-33 -3.05915e-36  -5.4547e-34  2.60655e-36 -1.07467e-33 -9.41243e-36  3.19654e-34  1.98117e-36  1.01431e-33  1.60969e-36 -6.77514e-34 -2.12517e-35  5.00005e-35  1.14871e-35    2.029e-34  5.10388e-36 -2.30437e-34 -7.96473e-37  2.86077e-35   9.9435e-37  1.07779e-36   2.6557e-36  3.39824e-35 -1.14319e-36  -1.1024e-35 -2.34947e-37  5.55053e-36  7.63673e-37  4.55211e-36  5.07267e-37  2.12308e-36 -1.81319e-37  -3.8179e-36 -6.03195e-39  3.50712e-36 -3.00698e-38 -4.86778e-37 -5.70877e-38 -1.23882e-37  3.52022e-38  2.56724e-37  -1.5669e-38 -1.39383e-37  -2.7035e-39 -3.43892e-38 -2.00221e-39 -5.32679e-39 -1.14926e-39 -3.16597e-38 -5.55969e-41 -2.99431e-39  3.14228e-40  2.60421e-38  4.07183e-41 -6.27893e-38 -2.23021e-40  1.75698e-37  3.11464e-41 -4.74224e-37 -1.64718e-41  1.18422e-36  5.45642e-41 -2.72283e-36 -1.33352e-40  5.73837e-36  2.88267e-40 -1.10386e-35 -6.09908e-40  1.92826e-35  1.25395e-39 -3.03929e-35 -2.50345e-39  4.28822e-35   4.8453e-39 -5.36115e-35 -9.03249e-39  5.85911e-35  1.60641e-38  -5.4919e-35 -2.69761e-38  4.28781e-35  4.23499e-38  -2.6478e-35    -6.16e-38  1.14732e-35   8.2359e-38 -2.00403e-36 -1.00485e-37 -1.47705e-36  1.11107e-37  1.38468e-36 -1.10548e-37 -4.47965e-37  9.82211e-38 -3.73358e-38 -7.72571e-38   7.9196e-38  5.32519e-38 -1.84807e-38 -3.17729e-38 -3.89941e-39  1.61618e-38   2.2094e-39 -6.87401e-39 -4.07168e-41  2.38306e-39 -9.62798e-41 -6.50231e-40  6.60264e-42  1.32703e-40  1.41862e-42 -1.86717e-41 -2.93005e-44  1.55207e-42 -8.68082e-45  -4.8701e-44
-1.34585e-36 -1.07567e-34  2.59986e-36  6.78224e-34 -2.98175e-36 -3.75135e-33  6.53104e-36   8.4998e-33  9.77771e-36 -5.67431e-33 -6.00866e-36  1.80526e-33 -1.35319e-36  4.52704e-35  1.11737e-35 -1.52718e-33 -1.52939e-35   3.4732e-34  4.64719e-36  1.10802e-33 -5.82635e-36 -7.31156e-34 -2.50355e-35  4.89964e-35  1.11017e-35   2.2095e-34  8.65999e-36 -2.25233e-34 -2.16948e-36 -2.60005e-35  1.41488e-36  2.31215e-35  3.92287e-36  3.57649e-35 -1.49584e-36 -7.21259e-36  9.72135e-38  1.17201e-35   7.6388e-37  3.79146e-36  7.88552e-37  4.83371e-36 -2.29544e-37 -5.81756e-36 -3.67706e-39  4.62833e-36 -2.29736e-38 -5.31646e-37 -6.72706e-38 -1.20424e-37  4.87913e-38  3.79399e-37    -1.79e-38 -1.52098e-37 -4.49348e-39 -9.34757e-38 -5.14107e-39  3.93992e-39 -1.83875e-39 -2.65377e-38 -2.34733e-40 -7.57552e-38  5.68525e-40  2.66552e-37  6.91236e-41 -7.77917e-37 -3.46538e-40  2.17633e-36  8.69227e-42 -5.65745e-36  1.44654e-40  1.35549e-35 -3.58812e-40 -2.98296e-35   9.3464e-40  6.00492e-35 -2.24835e-39 -1.10056e-34  4.89503e-39  1.82581e-34 -9.66218e-39  -2.7222e-34  1.72121e-38  3.61474e-34 -2.73882e-38 -4.22473e-34  3.82022e-38  4.27635e-34 -4.49462e-38 -3.66107e-34  4.03158e-38  2.54974e-34  -1.6483e-38 -1.33634e-34 -3.08011e-38  4.16358e-35  9.76899e-38  3.88707e-36 -1.70396e-37 -1.27378e-35  2.28697e-37  6.56836e-36  -2.5441e-37 -8.46109e-37  2.40433e-37 -7.08096e-37 -1.94413e-37  3.46912e-37  1.34267e-37 -9.62604e-39 -7.85825e-38 -3.02132e-38  3.84602e-38  5.26808e-39 -1.54355e-38   1.0538e-39  4.93982e-39 -2.65123e-40 -1.21031e-39  -1.5405e-41  2.13179e-40  3.42133e-42 -2.42043e-41  1.77368e-43  1.39132e-42 -8.67297e-45
 2.80991e-35 -4.02434e-36 -2.97831e-34  2.54832e-36  1.27555e-33 -2.11716e-36 -4.90839e-33  9.77771e-36  9.86186e-33  1.47286e-35 -5.87536e-33 -1.71317e-35  1.24211e-33   4.3287e-36  6.64393e-34  1.96591e-35 -1.77003e-33 -2.02449e-35  2.87487e-34   5.8378e-36  1.09227e-33  -1.3242e-35 -7.05288e-34 -2.79162e-35   9.7808e-36   8.0439e-36  2.23184e-34  1.24287e-35 -2.15239e-34 -4.22165e-36 -9.33682e-35  2.69688e-36  5.81375e-35  5.07027e-36  2.55515e-35 -2.01799e-36  9.78117e-37  6.55059e-37  2.13095e-35  6.10774e-37  1.80735e-36  1.11715e-36  8.15502e-36 -2.59771e-37 -8.04116e-36  9.06695e-39  5.57465e-36 -7.79187e-39 -4.97234e-37 -6.95076e-38 -7.77154e-38  6.40861e-38  5.42218e-37  -1.7352e-38 -1.38233e-37 -5.82661e-39 -1.72282e-37 -1.01616e-38 -4.20311e-38 -2.88405e-39  2.25364e-37 -5.10329e-40 -9.90844e-37  9.23183e-40  3.14075e-36  5.27479e-43 -9.13512e-36 -2.05465e-40  2.46907e-35 -8.77251e-40  -6.1622e-35  2.74613e-39   1.4148e-34 -6.99282e-39 -2.97734e-34  1.68241e-38  5.71795e-34 -3.75903e-38 -9.96866e-34   7.7749e-38   1.5675e-33 -1.48565e-37 -2.20514e-33  2.61483e-37   2.7467e-33 -4.22201e-37 -2.98748e-33  6.22027e-37  2.78217e-33 -8.30083e-37 -2.15189e-33  9.92784e-37  1.30855e-33 -1.04673e-36 -5.48637e-34  9.44942e-37  7.93775e-35  -6.8586e-37  8.41432e-35  3.26578e-37  -7.1043e-35  3.37918e-38   2.1017e-35 -2.96951e-37  2.98843e-36  4.10481e-37 -4.21877e-36 -3.86567e-37  8.61247e-37  2.83745e-37  2.38564e-37 -1.67806e-37 -1.12785e-37  8.01604e-38  -6.5282e-40  -3.0506e-38  5.10021e-39  8.99164e-39 -2.12343e-40 -1.95855e-39 -9.08528e-41  2.91185e-40  1.72657e-42 -2.53223e-41  4.44826e-43  8.20603e-43
 1.70331e-36  6.99293e-35 -7.55767e-36 -6.22264e-34  8.77211e-37  1.81515e-33 -2.11417e-36 -5.67431e-33  1.47286e-35  1.05271e-32  2.24721e-35 -5.55451e-33 -3.75971e-35  5.70355e-34  1.34088e-35  1.16049e-33  2.79196e-35 -1.77246e-33 -2.45907e-35  1.88789e-34  3.98645e-36  9.46927e-34 -1.89479e-35 -6.02508e-34 -2.98869e-35  -6.4243e-35  2.02082e-36  2.06464e-34  1.58199e-35 -2.07177e-34 -6.86244e-36 -1.68985e-34  5.14109e-36  1.07079e-34  5.91441e-36  1.12226e-36 -2.80915e-36  1.20342e-35  1.34992e-36  3.44951e-35  3.09126e-37 -7.82282e-37  1.47048e-36  1.16854e-35 -2.63721e-37 -1.02351e-35  4.24125e-38  6.15438e-36   1.4835e-38 -3.75599e-37 -6.05247e-38 -3.88457e-39  8.01578e-38  7.56991e-37 -1.24806e-38 -1.31653e-37   -5.662e-39 -6.17469e-38 -1.72926e-38 -9.28616e-37 -4.35796e-39  3.46895e-36  -9.3634e-40 -1.16331e-35  1.61009e-39  3.53295e-35 -1.10134e-39 -9.92827e-35  2.95008e-39  2.57912e-34 -1.02303e-38 -6.17318e-34  2.76069e-38  1.35675e-33 -6.80014e-38 -2.72716e-33  1.56624e-37  4.98938e-33 -3.35809e-37 -8.25956e-33  6.68901e-37  1.22824e-32 -1.23517e-36 -1.62562e-32  2.10876e-36  1.89201e-32 -3.31769e-36 -1.90455e-32  4.79075e-36  1.61794e-32 -6.31745e-36 -1.11346e-32  7.55871e-36  5.70908e-33 -8.13567e-36 -1.66632e-33  7.78293e-36   -2.715e-34 -6.49713e-36   5.9226e-34  4.58497e-36 -2.84546e-34 -2.55591e-36  2.73993e-35  9.01991e-37  3.51051e-35  1.07468e-37 -1.53005e-35 -4.93696e-37 -4.70956e-38  4.75693e-37  1.43327e-36  -3.0513e-37 -2.09682e-37  1.46235e-37 -5.52172e-38 -5.32316e-38  1.11721e-38  1.44124e-38   1.0411e-39 -2.75318e-39 -1.70483e-40   3.3453e-40 -8.10179e-42 -2.03493e-41  3.37845e-43
-4.63346e-35  4.08473e-36  1.30482e-34 -1.00608e-35 -9.00137e-34 -1.64595e-36  2.03073e-33 -6.00866e-36 -5.87536e-33  2.24721e-35  1.05296e-32  3.40268e-35 -4.93386e-33 -6.70352e-35 -5.79629e-36  2.46667e-35  1.48606e-33  3.59663e-35 -1.58545e-33 -2.85915e-35  9.84844e-35 -1.97091e-36  6.82981e-34 -2.22877e-35 -4.35002e-34 -3.12167e-35 -1.65847e-34 -6.68859e-36  1.70643e-34  1.82131e-35 -2.05603e-34 -9.82611e-36 -2.47793e-34  8.74126e-36  1.67772e-34   6.3819e-36 -3.62965e-35 -3.97661e-36  2.29783e-35  2.03155e-36  5.09401e-35 -1.03047e-37 -3.03038e-36  1.82289e-36  1.50242e-35 -2.40414e-37 -1.21121e-35  1.08653e-37  6.23675e-36   4.1812e-38 -1.67849e-37 -3.78163e-38  3.81245e-38  9.55321e-38  1.16994e-36 -1.71162e-39 -7.58624e-37 -2.96025e-39   2.7481e-36 -2.64693e-38 -1.17007e-35 -6.14126e-39  4.00826e-35 -2.19296e-39 -1.26683e-34  4.95701e-39  3.70152e-34 -1.06439e-38 -1.00032e-33   3.0226e-38  2.49421e-33  -8.4349e-38 -5.72006e-33  2.15385e-37  1.20212e-32 -5.11568e-37 -2.30496e-32  1.13456e-36  4.01071e-32 -2.34448e-36 -6.29176e-32  4.50559e-36  8.82552e-32 -8.03527e-36 -1.09527e-31  1.32639e-35   1.1856e-31 -2.02037e-35 -1.09696e-31   2.8294e-35  8.40395e-32 -3.62694e-35 -5.02964e-32  4.23273e-35  2.03514e-32 -4.46674e-35 -2.26896e-33  4.22509e-35 -3.67074e-33 -3.53987e-35  2.82695e-33  2.58185e-35 -7.59573e-34 -1.59414e-35 -1.60285e-34  7.89579e-36  1.73193e-34  -2.7163e-36 -3.04671e-35   2.1794e-37 -1.10578e-35  5.13645e-37  4.43239e-36 -4.54884e-37  1.50342e-37  2.31998e-37 -2.12823e-37 -8.20277e-38  4.29865e-39  2.03309e-38   4.1304e-39 -3.34032e-39 -5.94838e-41  3.15322e-40 -1.73111e-41 -1.09557e-41
-7.25051e-37 -1.15858e-34  6.05853e-36  1.11259e-34 -9.42798e-36 -9.01172e-34 -3.05915e-36  1.80526e-33 -1.71317e-35 -5.55451e-33  3.40268e-35  1.01025e-32  4.98095e-35 -4.26997e-33 -1.02164e-34 -3.91339e-34  3.73993e-35  1.66078e-33  4.29168e-35 -1.29749e-33 -3.19699e-35  4.23806e-35 -1.20326e-35  3.38026e-34 -2.36288e-35 -2.20876e-34 -3.23435e-35 -2.86158e-34 -1.72875e-35  1.17951e-34  1.91619e-35 -2.11622e-34 -1.26999e-35  -3.2452e-34  1.31088e-35  2.34405e-34  6.52908e-36 -8.22147e-35 -5.59804e-36  3.03703e-35  2.54221e-36   6.9891e-35 -5.72163e-37 -4.08052e-36  2.15033e-36  1.78646e-35 -1.98072e-37 -1.33725e-35  2.19993e-37  5.75768e-36  6.70862e-38  2.04724e-37    3.281e-40 -4.30085e-37  1.08145e-37   3.6128e-36  1.62731e-38 -9.44254e-36  3.00024e-39   3.6124e-35 -3.76087e-38 -1.29353e-34 -6.63854e-39    4.237e-34 -9.76603e-39 -1.28624e-33  2.82455e-38  3.61433e-33 -7.96352e-38 -9.38175e-33  2.21647e-37  2.24324e-32 -5.83011e-37 -4.92422e-32   1.4308e-36  9.88368e-32 -3.27888e-36  -1.8051e-31  7.01498e-36  2.98192e-31 -1.39871e-35 -4.42281e-31  2.59422e-35  5.83486e-31 -4.46594e-35 -6.76289e-31  7.11745e-35   6.7701e-31 -1.04697e-34 -5.70643e-31  1.41643e-34  3.87955e-31 -1.75504e-34 -1.94378e-31  1.98157e-34  5.26522e-32  -2.0262e-34  1.30365e-32  1.86194e-34 -2.18587e-32 -1.52249e-34  9.79545e-33  1.09307e-34 -6.06343e-34 -6.75933e-35 -1.36651e-33  3.49128e-35  5.33313e-34 -1.42067e-35  1.97152e-35  3.89469e-36 -5.38558e-35 -1.86063e-37  6.41165e-36 -4.95842e-37  2.28414e-36  3.15267e-37 -3.79035e-37 -1.11349e-37 -4.73636e-38  2.51385e-38  6.20582e-39  -3.4488e-39    3.281e-40  2.31249e-40 -1.04698e-41
 3.30145e-35 -1.79698e-36 -1.63015e-34  5.88276e-36 -1.06902e-34 -4.86569e-36  -5.4547e-34 -1.35319e-36  1.24211e-33 -3.75971e-35 -4.93386e-33  4.98095e-35  9.53514e-33  6.92441e-35 -3.72111e-33 -1.37487e-34  -5.9106e-34   5.2011e-35  1.71908e-33  4.69481e-35 -9.98474e-34 -3.40714e-35  2.61486e-35 -2.49663e-35 -3.65602e-35 -2.39095e-35   1.7972e-35 -3.35845e-35  -4.1594e-34 -2.86708e-35  5.13269e-35  1.85931e-35 -2.21695e-34  -1.4973e-35 -3.94463e-34  1.75149e-35  2.98127e-34  6.51514e-36 -1.29947e-34 -7.68122e-36   3.1513e-35  2.78112e-36  9.03458e-35 -1.05368e-36 -3.54714e-36  2.43558e-36  2.00095e-35 -1.52555e-37 -1.36715e-35  3.85959e-37  4.50404e-36  8.17041e-38  1.84733e-36  5.47666e-38 -6.44706e-36  1.15579e-37  2.87975e-35  4.19224e-38 -1.06631e-34  1.29632e-38  3.90477e-34   -5.309e-38 -1.32777e-33   5.6119e-39  4.18422e-33 -6.04001e-38 -1.22188e-32  1.82195e-37  3.29976e-32 -5.20976e-37 -8.22004e-32  1.40483e-36  1.88306e-31 -3.55501e-36 -3.95224e-31  8.41614e-36   7.5662e-31 -1.86196e-35 -1.31407e-30  3.84513e-35  2.05668e-30 -7.39944e-35 -2.87669e-30  1.32431e-34  3.55711e-30 -2.19942e-34  -3.8322e-30  3.38081e-34  3.52258e-30 -4.79519e-34 -2.67269e-30  6.25354e-34  1.57342e-30 -7.46741e-34 -6.12621e-31   8.1243e-34  4.56667e-32 -8.00542e-34  1.28731e-31  7.09234e-34 -9.12882e-32 -5.59781e-34  2.20656e-32  3.88955e-34  6.49229e-33 -2.34101e-34 -5.74375e-33  1.19198e-34  8.50152e-34 -4.93959e-35  4.09422e-34  1.54173e-35 -1.40732e-34 -2.85356e-36  -9.1367e-36 -1.90083e-37  7.21652e-36  3.55236e-37 -1.34318e-38 -1.32464e-37 -1.45143e-37  2.70175e-38  8.65845e-40 -2.94979e-39  5.79123e-40  1.14802e-40
 7.96082e-37  1.24259e-34 -2.84992e-36 -1.23819e-34  2.65597e-36 -5.41948e-34  2.60655e-36  4.52704e-35   4.3287e-36  5.70355e-34 -6.70352e-35 -4.26997e-33  6.92441e-35  9.03466e-33  9.07457e-35 -3.31368e-33 -1.67002e-34 -6.56895e-34  6.95995e-35  1.68852e-33   4.6311e-35 -7.61948e-34 -3.43627e-35  4.73484e-35 -3.86164e-35 -3.90399e-34 -2.41667e-35  2.57564e-34 -3.48213e-35 -5.46364e-34 -3.96983e-35 -2.73308e-35  1.68875e-35 -2.27397e-34 -1.60891e-35 -4.54354e-34  2.10453e-35  3.48791e-34  6.54799e-36  -1.7223e-34 -1.01441e-35  2.53629e-35  2.75036e-36  1.11151e-34 -1.53381e-36 -1.64822e-36  2.67261e-36  2.12357e-35 -1.21803e-37 -1.21529e-35  6.10677e-37 -2.07226e-37  7.50062e-38  1.73734e-35  1.25068e-37 -7.24906e-35  1.15857e-37  2.95419e-34  7.31137e-38 -1.11042e-33  3.19889e-38  3.91042e-33 -9.31877e-38 -1.27894e-32  1.01834e-37  3.87924e-32 -3.74149e-37 -1.08931e-31  1.10572e-36  2.82517e-31 -3.07399e-36 -6.74844e-31  8.01443e-36  1.47963e-30 -1.95802e-35 -2.96567e-30  4.47614e-35  5.40716e-30 -9.56232e-35 -8.91398e-30  1.90624e-34  1.31878e-29 -3.53986e-34 -1.73428e-29  6.11112e-34  2.00186e-29 -9.78533e-34 -1.99294e-29   1.4494e-33  1.66663e-29  -1.9798e-33 -1.11902e-29  2.48489e-33  5.47206e-30 -2.85379e-33 -1.35948e-30  2.98404e-33 -4.80029e-31 -2.82406e-33  6.64739e-31  2.40154e-33 -2.77883e-31 -1.81871e-33  6.93249e-33  1.21268e-33  4.35037e-32 -7.01283e-34 -1.52471e-32  3.44435e-34 -1.14154e-33 -1.39197e-34  1.66584e-33  4.38095e-35 -1.54935e-34  -9.4761e-36 -7.67416e-35  7.84655e-37  1.05226e-35   3.0617e-37  1.67872e-36 -1.36962e-37   -1.776e-37  2.48655e-38 -1.16001e-38  -1.9798e-39  2.78243e-40
 2.20426e-35  2.55744e-36  2.77376e-34 -3.26829e-36   1.4985e-35 -2.97868e-36 -1.07467e-33  1.11737e-35  6.64393e-34  1.34088e-35 -5.79629e-36 -1.02164e-34 -3.72111e-33  9.07457e-35  8.68074e-33  1.12175e-34 -2.99845e-33 -1.86316e-34 -6.46077e-34  9.08779e-35  1.59601e-33   4.0425e-35 -6.40586e-34 -3.27408e-35  1.08354e-34  -5.0521e-35 -6.87551e-34 -2.52728e-35  4.74614e-34 -3.53859e-35 -6.69558e-34 -4.94375e-35 -1.17814e-34  1.47846e-35  -2.1702e-34 -1.55092e-35 -5.02914e-34  2.28272e-35  3.77576e-34  6.82885e-36 -2.02963e-34 -1.28275e-35  1.28446e-35  2.55852e-36  1.30923e-34 -2.04008e-36  1.13519e-36  2.86743e-36  2.01773e-35 -1.17517e-37 -2.22001e-36  8.90081e-37 -3.85195e-35  3.73742e-38  1.81618e-34  2.08203e-37 -7.59848e-34  1.10019e-37   2.9784e-33  9.74876e-38 -1.08599e-32  9.56859e-38  3.68425e-32 -2.83322e-37 -1.16024e-31  6.85962e-37  3.38587e-31  -2.1566e-36 -9.13681e-31  6.17579e-36  2.27403e-30 -1.66042e-35 -5.20383e-30  4.18431e-35  1.09082e-29 -9.87609e-35  -2.0851e-29  2.18059e-34  3.61467e-29 -4.49778e-34 -5.64468e-29  8.65332e-34   7.8731e-29 -1.55004e-33 -9.70049e-29  2.57973e-33  1.04014e-28  -3.9796e-33  -9.4987e-29  5.67476e-33  7.13659e-29 -7.45628e-33 -4.13031e-29  8.99434e-33  1.54233e-29 -9.91802e-33 -5.10793e-31  9.94705e-33 -3.75064e-30 -9.01899e-33  2.46653e-30  7.33909e-33 -5.29265e-31 -5.31172e-33 -2.10976e-31  3.38063e-33  1.58856e-31 -1.86425e-33 -1.90716e-32  8.73036e-34 -1.25306e-32 -3.37259e-34  3.72315e-33   1.0258e-34  3.67596e-34 -2.24411e-35 -2.03482e-34  2.69346e-36 -3.26856e-36  1.46041e-37  4.19182e-36 -1.21587e-37  1.68955e-38  1.90808e-38 -1.66661e-38  -9.0677e-40
-2.50486e-37  2.99049e-36  5.31888e-36  4.64377e-34 -2.59897e-36  1.92294e-34 -9.41243e-36 -1.52718e-33  1.96591e-35  1.16049e-33  2.46667e-35 -3.91339e-34 -1.37487e-34 -3.31368e-33  1.12175e-34  8.47212e-33   1.3165e-34 -2.72692e-33  -1.9424e-34 -6.05856e-34  1.15237e-34  1.47688e-33  3.00623e-35 -6.68018e-34 -2.93982e-35  2.24953e-34 -5.85691e-35 -9.16094e-34 -2.78415e-35  6.50436e-34  -3.4268e-35 -7.79011e-34 -5.73153e-35 -2.20663e-34  1.31447e-35 -1.78933e-34 -1.28018e-35 -5.40866e-34  2.22669e-35  3.79746e-34   7.5141e-36 -2.18633e-34 -1.55357e-35 -3.40438e-36  2.37741e-36  1.47511e-34 -2.63721e-36  6.58628e-36  3.03352e-36  2.82268e-36 -1.36814e-37  8.47033e-35  1.20911e-36 -4.26539e-34 -3.53846e-38  1.85736e-33  2.94501e-37 -7.53904e-33  1.13978e-37   2.8511e-32  5.11491e-38 -1.00295e-31  4.12673e-37  3.27795e-31 -1.31185e-36 -9.93662e-31   3.8774e-36  2.78832e-30 -1.15161e-35 -7.22579e-30  3.19019e-35  1.72436e-29 -8.29132e-35 -3.77645e-29   2.0194e-34  7.55895e-29 -4.60471e-34 -1.37592e-28  9.81806e-34  2.26374e-28 -1.95466e-33  -3.3408e-28  3.62766e-33  4.37963e-28 -6.26434e-33 -5.03483e-28  1.00434e-32   4.9849e-28 -1.49131e-32 -4.13577e-28   2.0451e-32  2.74172e-28 -2.58171e-32 -1.30681e-28   2.9889e-32  2.93256e-29 -3.15951e-32  1.43297e-29  3.03378e-32 -1.70989e-29  -2.6298e-32  6.66227e-30   2.0426e-32  1.02392e-31  -1.4085e-32 -1.16525e-30  8.52299e-33  3.66866e-31  -4.4581e-33  4.32077e-32  1.97543e-33 -4.35224e-32 -7.20686e-34  2.95523e-33  2.07213e-34  2.15197e-33 -4.34522e-35 -2.42117e-34  5.51141e-36 -4.92406e-35 -9.52179e-38  4.18699e-36 -9.10206e-38   3.4749e-37  1.15757e-38 -6.28374e-39
-5.73356e-35 -1.38905e-36 -7.88094e-35  8.07952e-36  6.60892e-34  -7.3505e-37  3.19654e-34 -1.52939e-35 -1.77003e-33  2.79196e-35  1.48606e-33  3.73993e-35  -5.9106e-34 -1.67002e-34 -2.99845e-33   1.3165e-34  8.39979e-33  1.48383e-34 -2.49108e-33 -1.93075e-34 -5.71444e-34   1.4061e-34  1.37102e-33  1.64788e-35 -8.62054e-34 -2.43901e-35  4.27627e-34 -6.14659e-35 -1.09077e-33 -3.21633e-35  7.74467e-34  -3.0585e-35 -8.69892e-34 -6.31483e-35 -3.35253e-34   1.2659e-35 -1.05518e-34 -7.75941e-36 -5.70355e-34  1.92264e-35  3.56583e-34  8.69748e-36 -2.19094e-34  -1.8084e-35 -1.90486e-35  2.36989e-36  1.53597e-34 -3.41084e-36  4.27558e-35  3.18345e-36 -1.77957e-34 -1.56918e-37   9.5169e-34  1.53893e-36 -4.30209e-33 -1.34507e-37   1.8091e-32   3.5023e-37 -7.09009e-32  2.20421e-37  2.58611e-31 -3.98534e-37 -8.76872e-31  2.08661e-36  2.75992e-30 -6.67231e-36 -8.04916e-30  2.00436e-35  2.17049e-29 -5.72979e-35 -5.39742e-29  1.53501e-34  1.23387e-28 -3.85635e-34 -2.58326e-28  9.07581e-34  4.93068e-28 -1.99878e-33 -8.53246e-28  4.11384e-33  1.32952e-27 -7.90097e-33  -1.8493e-27  1.41356e-32  2.27052e-27 -2.35126e-32 -2.42322e-27  3.62799e-32  2.19849e-27 -5.17971e-32 -1.63546e-27  6.82273e-32  9.29985e-28 -8.26373e-32 -3.31788e-28  9.16822e-32  -4.5549e-30 -9.27538e-32    9.297e-29  8.51154e-32 -5.70021e-29 -7.03967e-32  1.06588e-29   5.2072e-32  5.70744e-30 -3.41195e-32  -3.7486e-30  1.95654e-32  3.43966e-31 -9.66599e-33  3.24756e-31  4.02877e-33 -8.37696e-32 -1.37577e-33  -1.1427e-32  3.68417e-34  4.87215e-33 -7.18698e-35  1.69541e-34  8.72624e-36 -1.02832e-34 -3.33659e-37 -1.48953e-36 -5.58699e-38  4.11414e-37  4.83562e-39
 1.49683e-37 -1.04076e-34 -3.82962e-36 -2.19084e-34  9.12827e-36  8.52021e-34  1.98117e-36   3.4732e-34 -2.02449e-35 -1.77246e-33  3.59663e-35  1.66078e-33   5.2011e-35 -6.56895e-34 -1.86316e-34 -2.72692e-33  1.48383e-34  8.48642e-33  1.63119e-34 -2.31799e-33 -1.87463e-34 -5.62381e-34  1.64234e-34  1.30872e-33  2.14236e-37  -1.2259e-33 -1.72433e-35  7.54057e-34 -5.88823e-35 -1.24666e-33  -3.8101e-35   8.4541e-34 -2.41066e-35 -9.39198e-34 -6.70575e-35 -4.58307e-34  1.36097e-35  3.85954e-36 -5.09486e-37 -5.93956e-34  1.40809e-35  3.15762e-34  1.04044e-35 -2.08662e-34 -2.03362e-35 -2.07716e-35  2.62231e-36  9.04582e-35 -4.44633e-36  4.09142e-34  3.32067e-36 -2.00784e-33 -1.34244e-37  9.46318e-33  1.83172e-36 -4.12228e-32 -2.14308e-37  1.67386e-31   2.3029e-37 -6.32869e-31  9.14614e-37   2.2256e-30 -2.92866e-36 -7.27041e-30  1.05588e-35  2.20269e-29 -3.29823e-35 -6.17695e-29  9.67885e-35  1.59949e-28 -2.67334e-34 -3.81352e-28  6.92483e-34  8.34273e-28 -1.68132e-33  -1.6677e-27  3.82223e-33  3.03084e-27 -8.12627e-33 -4.97683e-27   1.6135e-32  7.32704e-27 -2.98718e-32 -9.57602e-27  5.14737e-32  1.09646e-26 -8.23858e-32 -1.07967e-26  1.22196e-31  8.88657e-27  -1.6752e-31 -5.81505e-27  2.11634e-31  2.69783e-27 -2.45546e-31 -5.35718e-28  2.60615e-31 -3.58856e-28 -2.51879e-31  3.79305e-28  2.20466e-31 -1.37503e-28 -1.73622e-31 -8.24982e-30  1.22036e-31  2.68102e-29 -7.57938e-32 -7.56803e-30  4.10667e-32 -1.26415e-30 -1.90906e-32    9.786e-31  7.44608e-33 -4.22977e-32  -2.3621e-33 -5.15267e-32   5.8203e-34  4.66247e-33 -1.03314e-34  1.23004e-33   1.1372e-35 -8.31235e-35 -4.70222e-37 -8.85331e-36 -2.67323e-38  1.18546e-37
 3.14419e-35  8.35881e-37 -1.18663e-34 -7.53234e-36 -3.90492e-34  7.02833e-36  1.01431e-33  4.64719e-36  2.87487e-34 -2.45907e-35 -1.58545e-33  4.29168e-35  1.71908e-33  6.95995e-35 -6.46077e-34  -1.9424e-34 -2.49108e-33  1.63119e-34  8.77952e-33  1.77892e-34 -2.24421e-33 -1.82471e-34 -5.75673e-34   1.8383e-34  1.29838e-33 -1.95275e-35 -1.74549e-33 -6.85941e-36  1.23441e-33 -5.13023e-35 -1.42473e-33 -4.49991e-35  8.69086e-34 -1.55878e-35  -9.8553e-34 -6.93009e-35 -5.84068e-34  1.57536e-35  1.42072e-34  8.42829e-36 -6.13961e-34  7.63887e-36  2.71887e-34  1.25854e-35 -2.09834e-34  -2.2216e-35  9.96148e-35  3.11342e-36 -6.25748e-34 -5.81102e-36   4.0926e-33  3.43535e-36 -1.97785e-32 -3.44391e-39  8.93419e-32  1.99484e-36 -3.75815e-31 -7.71652e-38  1.47255e-30  -7.5723e-37 -5.36935e-30  4.60454e-36  1.81984e-29 -1.55958e-35 -5.72504e-29  5.11486e-35   1.6687e-28 -1.54929e-34 -4.49663e-28  4.40684e-34  1.11727e-27 -1.17688e-33 -2.55164e-27  2.94687e-33  5.33596e-27 -6.91228e-33 -1.01704e-26  1.51714e-32  1.75696e-26 -3.11177e-32 -2.73186e-26  5.95561e-32  3.78975e-26 -1.06182e-31 -4.63692e-26   1.7602e-31  4.92599e-26 -2.70729e-31 -4.44016e-26  3.85418e-31  3.27009e-26 -5.06507e-31 -1.82592e-26  6.12602e-31  6.19644e-27 -6.79528e-31  4.16609e-28  6.88561e-31 -1.99607e-27 -6.34391e-31   1.1456e-27  5.28495e-31 -1.81778e-28 -3.95424e-31 -1.31793e-28  2.63507e-31  7.67731e-29 -1.54749e-31 -4.82358e-30  7.90027e-32 -7.25977e-30 -3.44363e-32  1.62642e-30  1.25083e-32  2.92341e-31 -3.65961e-33 -1.00796e-31  8.20205e-34 -5.53112e-33 -1.29818e-34  2.18359e-33  1.24047e-35  5.50365e-35 -4.52225e-37 -8.77896e-36  -8.7735e-39
 -2.7094e-37  5.90151e-35  2.32162e-36 -9.20695e-35 -1.20502e-35 -5.55377e-34  1.60969e-36  1.10802e-33   5.8378e-36  1.88789e-34 -2.85915e-35 -1.29749e-33  4.69481e-35  1.68852e-33  9.08779e-35 -6.05856e-34 -1.93075e-34 -2.31799e-33  1.77892e-34  9.32338e-33   1.9517e-34 -2.29695e-33 -1.81943e-34 -5.83591e-34  1.98526e-34  1.32483e-33 -4.44817e-35 -2.38413e-33  8.23197e-36  1.87445e-33 -3.96917e-35 -1.65403e-33 -5.17086e-35  8.53838e-34 -6.74446e-36 -1.00821e-33 -7.00794e-35 -7.06444e-34  1.83622e-35  2.96355e-34  1.81758e-35   -6.356e-34   9.4707e-37  2.68605e-34  1.51016e-35  -4.1633e-34 -2.36957e-35  1.41951e-33   3.7349e-36 -7.71893e-33 -7.54509e-36  3.94495e-32   3.5009e-36 -1.84412e-31  3.49075e-37  8.03681e-31  1.74796e-36 -3.26287e-30  1.19863e-36  1.23329e-29 -5.93362e-36 -4.33548e-29  2.26869e-35  1.41566e-28 -7.52964e-35 -4.28676e-28  2.35975e-34  1.20138e-27 -6.92018e-34 -3.10866e-27   1.9049e-33  7.40528e-27 -4.91858e-33 -1.61835e-26   1.1901e-32  3.23102e-26 -2.69556e-32 -5.86307e-26  5.70821e-32  9.60958e-26 -1.12857e-31 -1.41145e-25   2.0799e-31  1.83919e-25 -3.56673e-31 -2.09762e-25  5.67995e-31  2.05436e-25 -8.38116e-31  -1.6775e-25  1.14308e-30  1.08324e-25 -1.43706e-30 -4.88425e-26  1.66019e-30  8.33824e-27 -1.75637e-30  7.71732e-27  1.69482e-30 -7.36517e-27 -1.48473e-30  2.47729e-27  1.17424e-30  2.72778e-28 -8.32648e-31 -5.38279e-28  5.24785e-31   1.3567e-28 -2.90697e-31  3.04807e-29  1.39451e-31 -1.92138e-29 -5.68002e-32  3.54781e-31  1.91206e-32  1.07218e-30 -5.12101e-33 -7.52733e-32  1.03123e-33 -2.66355e-32 -1.42385e-34  1.39899e-33   1.1283e-35  1.94764e-34 -3.10682e-37 -1.82889e-36
-2.31002e-35 -6.73342e-37  8.50697e-35  4.60443e-36 -3.86187e-35 -1.67955e-35 -6.77514e-34 -5.82635e-36  1.09227e-33  3.98645e-36  9.84844e-35 -3.19699e-35 -9.98474e-34   4.6311e-35  1.59601e-33  1.15237e-34 -5.71444e-34 -1.87463e-34 -2.24421e-33   1.9517e-34  1.01386e-32  2.16748e-34 -2.49067e-33  -1.8784e-34 -5.42538e-34   2.0904e-34  1.35788e-33 -7.61578e-35 -3.07894e-33  2.93646e-35  2.64322e-33 -2.51571e-35 -1.93667e-33 -5.67815e-35  8.05698e-34  1.37849e-37  -1.0058e-33  -6.9386e-35 -8.22832e-34  2.04016e-35  4.57866e-34  2.76214e-35  -7.0864e-34 -4.95628e-36  6.37549e-34  1.77022e-35 -2.73244e-33 -2.47663e-35  1.44019e-32  4.35363e-36 -7.48768e-32 -9.65634e-36   3.6316e-31  3.44059e-36 -1.63919e-30  1.25861e-36  6.89474e-30 -1.02563e-37 -2.70085e-29  7.98993e-36  9.84491e-29 -3.08121e-35 -3.33546e-28  1.06896e-34  1.04882e-27 -3.44065e-34 -3.05537e-27  1.04107e-33  8.22794e-27 -2.95485e-33 -2.04281e-26  7.86789e-33  4.66111e-26 -1.96372e-32 -9.73648e-26  4.58931e-32   1.8533e-25 -1.00312e-31 -3.19635e-25  2.04791e-31  4.95981e-25 -3.89899e-31 -6.86267e-25   6.9109e-31  8.36858e-25 -1.13822e-30 -8.85004e-25  1.73827e-30  7.92578e-25 -2.45579e-30 -5.77851e-25  3.20144e-30  3.16636e-25 -3.84028e-30 -1.01686e-25  4.22574e-30 -1.31214e-26 -4.25081e-30   3.7641e-26  3.89377e-30 -2.02828e-26 -3.23307e-30  2.62397e-27  2.41996e-30  2.64528e-27 -1.62157e-30 -1.38277e-27  9.64026e-31  4.55463e-29 -5.02421e-31  1.42037e-28  2.25865e-31   -2.754e-29 -8.56722e-32 -6.36886e-30  2.65921e-32  1.82625e-30 -6.46606e-33  1.40099e-31  1.15336e-33 -4.06555e-32 -1.35269e-34 -1.47882e-33  8.37062e-36  1.63724e-34 -1.37325e-37
 3.33865e-38 -5.89138e-35 -9.83609e-37  1.12143e-34  7.35227e-36  1.63433e-35 -2.12517e-35 -7.31156e-34  -1.3242e-35  9.46927e-34 -1.97091e-36  4.23806e-35 -3.40714e-35 -7.61948e-34   4.0425e-35  1.47688e-33   1.4061e-34 -5.62381e-34 -1.82471e-34 -2.29695e-33  2.16748e-34  1.12192e-32  2.42872e-34 -2.83206e-33 -2.00561e-34 -4.11296e-34  2.17092e-34  1.36452e-33 -1.14571e-34  -3.7444e-33  5.71263e-35  3.47072e-33 -8.72947e-36 -2.24151e-33 -5.87929e-35  7.25472e-34  2.81775e-36 -9.73372e-34 -6.69514e-35 -9.45689e-34  2.08059e-35   6.9106e-34  3.56006e-35 -1.35424e-33 -9.26515e-36  4.58768e-33  2.00082e-35 -2.54374e-32 -2.54024e-35  1.36157e-31  4.88079e-36 -6.82866e-31 -1.20824e-35  3.19276e-30   2.9175e-36 -1.39112e-29  4.17753e-36  5.64663e-29 -9.13801e-36 -2.13368e-28  4.06819e-35  7.49816e-28 -1.45564e-34 -2.44737e-27  4.83938e-34   7.4073e-27 -1.50896e-33 -2.07474e-26  4.41813e-33  5.36487e-26 -1.21353e-32 -1.27695e-25  3.12489e-32  2.78793e-25 -7.53646e-32  -5.5595e-25   1.7004e-31  1.00738e-24 -3.58434e-31 -1.64815e-24  7.04844e-31  2.41537e-24 -1.29084e-30 -3.13825e-24  2.19751e-30  3.56552e-24 -3.47034e-30 -3.47344e-24  5.07238e-30  2.81378e-24 -6.84513e-30 -1.79267e-24    8.506e-30  7.84283e-25 -9.70512e-30 -1.10246e-25  1.01361e-29 -1.44968e-25  -9.6578e-30  1.26669e-25  8.36398e-30 -3.93806e-26 -6.55555e-30 -6.58539e-27  4.62588e-30  9.54815e-27 -2.91893e-30 -2.13446e-27  1.63194e-30 -6.26837e-28 -7.98118e-31  3.33269e-28  3.35355e-31  2.27147e-30 -1.18051e-31 -1.96531e-29  3.36008e-32  1.00493e-30 -7.34647e-33  5.06727e-31  1.14034e-33 -1.98388e-32 -1.09589e-34 -3.75478e-33  4.80821e-36  2.18537e-35
 1.44644e-35   1.1703e-37 -1.07247e-34 -8.03559e-37   1.4256e-34  9.93154e-36  5.00005e-35 -2.50355e-35 -7.05288e-34 -1.89479e-35  6.82981e-34 -1.20326e-35  2.61486e-35 -3.43627e-35 -6.40586e-34  3.00623e-35  1.37102e-33  1.64234e-34 -5.75673e-34 -1.81943e-34 -2.49067e-33  2.42872e-34   1.2538e-32  2.71925e-34 -3.32143e-33 -2.19663e-34 -1.70146e-34  2.24404e-34  1.31778e-33  -1.5753e-34 -4.28562e-33  9.08363e-35   4.2575e-33  8.67857e-36 -2.50906e-33 -5.66684e-35  6.07404e-34  -2.9248e-37 -8.88317e-34 -6.23083e-35 -1.20058e-33  1.87729e-35  1.79947e-33  4.10799e-35 -7.73616e-33 -1.15427e-35  4.26445e-32  2.15186e-35  -2.3652e-31 -2.55243e-35  1.22788e-30  5.27721e-36 -5.94505e-30  -1.4448e-35  2.68305e-29  2.54869e-37 -1.12831e-28  1.59787e-35  4.41881e-28 -5.13747e-35 -1.61023e-27  1.91727e-34  5.45351e-27 -6.58582e-34  -1.7141e-26  2.11873e-33  4.99093e-26 -6.40013e-33 -1.34322e-25  1.81423e-32  3.33254e-25  -4.8219e-32 -7.59735e-25  1.20054e-31  1.58534e-24 -2.79692e-31 -3.01383e-24  6.08927e-31  5.18979e-24 -1.23706e-30 -8.03734e-24  2.34114e-30  1.10933e-23 -4.11967e-30 -1.34835e-23  6.72656e-30  1.41961e-23 -1.01678e-29 -1.26324e-23  1.41936e-29  9.11694e-24 -1.82485e-29  -4.8995e-24  2.15478e-29  1.47999e-24 -2.32986e-29  2.98005e-25  2.29967e-29 -6.30427e-25 -2.06549e-29  3.19639e-25  1.68244e-29 -3.15831e-26 -1.23819e-29 -4.67939e-26  8.19552e-30  2.21329e-26  -4.8485e-30 -3.80463e-29  2.54043e-30 -2.46095e-27  -1.1628e-30  4.09761e-28  4.55556e-31  1.20731e-28 -1.48322e-31 -2.92822e-29   3.8474e-32 -2.95327e-30 -7.47444e-33  6.70345e-31  9.86115e-34  3.23756e-32 -7.35859e-35 -2.69568e-33  1.86081e-36
 4.79347e-38  3.71961e-35  2.31292e-37 -1.58034e-34  2.08789e-37  1.74591e-34  1.14871e-35  4.89964e-35 -2.79162e-35 -6.02508e-34 -2.22877e-35  3.38026e-34 -2.49663e-35  4.73484e-35 -3.27408e-35 -6.68018e-34  1.64788e-35  1.30872e-33   1.8383e-34 -5.83591e-34  -1.8784e-34 -2.83206e-33  2.71925e-34  1.40479e-32  3.00719e-34 -3.94537e-33 -2.44301e-34  1.68456e-34  2.31797e-34  1.19981e-33 -2.00802e-34 -4.61866e-33  1.28306e-34  4.89361e-33  2.61928e-35 -2.66398e-33 -4.98868e-35  4.23499e-34 -9.73035e-36 -5.70457e-34 -5.49608e-35 -2.80827e-33  1.40132e-35  1.17505e-32  4.32973e-35 -6.86518e-32 -1.17429e-35  3.92951e-31  2.16512e-35 -2.11266e-30 -2.49286e-35  1.05933e-29  5.28262e-36 -4.95163e-29 -1.48046e-35   2.1571e-28 -1.27673e-35 -8.75392e-28  6.89688e-35  3.30697e-27 -2.45501e-34 -1.16177e-26  8.70105e-34  3.79059e-26 -2.89182e-33 -1.14677e-25  9.01747e-33  3.21034e-25 -2.63917e-32  -8.2961e-25  7.24375e-32  1.97316e-24 -1.86283e-31 -4.30402e-24  4.48361e-31  8.57329e-24 -1.00874e-30 -1.55137e-23  2.11832e-30  2.53387e-23 -4.14512e-30 -3.70543e-23  7.54396e-30  4.80103e-23 -1.27427e-29  -5.4344e-23  1.99301e-29  5.26645e-23 -2.87891e-29 -4.23265e-23  3.83008e-29  2.65997e-23 -4.67902e-29 -1.12716e-23  5.23255e-29  1.21534e-24 -5.33941e-29  2.40976e-24  4.95582e-29 -1.94803e-24 -4.17114e-29  5.57005e-25  3.17444e-29  1.29981e-25 -2.17835e-29 -1.51138e-25  1.34341e-29  2.96744e-26 -7.40929e-30  1.12367e-26  3.62346e-30 -5.15564e-27 -1.54826e-30 -1.70255e-28  5.64442e-31   3.2075e-28 -1.69423e-31 -1.05439e-29  3.97646e-32 -8.56307e-30 -6.75928e-33  2.30703e-31  7.32965e-34  6.42105e-32 -3.87243e-35 -1.62624e-34
