 1.98801e-33  1.01048e-35  1.77987e-34   1.6283e-35 -3.38523e-34 -1.34385e-35  -2.2445e-33 -1.06396e-34    1.704e-32 -4.64033e-35 -2.42316e-31 -1.23953e-35   2.6185e-30   2.7103e-35 -2.32112e-29  7.59596e-36  1.72107e-28   3.4401e-36  -1.0833e-27 -2.38638e-38  5.85172e-27 -2.59576e-37 -2.73457e-26  2.56968e-36  1.11196e-25 -1.08393e-35 -3.95027e-25   4.8059e-35  1.22897e-24 -2.09104e-34 -3.35147e-24   8.2886e-34  8.00654e-24  -2.9865e-33  -1.6718e-23  9.82036e-33  3.03805e-23 -2.95378e-32 -4.77159e-23  8.14274e-32  6.40742e-23 -2.06055e-31 -7.23086e-23  4.79214e-31  6.66045e-23 -1.02508e-30 -4.73032e-23  2.01768e-30  2.23273e-23 -3.65449e-30 -2.53963e-24  6.08839e-30 -5.83525e-24 -9.32176e-30  4.79935e-24  1.30976e-29 -9.45408e-25 -1.68534e-29 -9.84023e-25  1.98036e-29  6.88077e-25 -2.11684e-29  2.76129e-26  2.04761e-29 -1.85938e-25 -1.77949e-29  3.52784e-26  1.37505e-29  3.67233e-26 -9.29645e-30  -1.2094e-26  5.34607e-30 -6.50315e-27 -2.46151e-30  2.51711e-27  7.48202e-31   1.1458e-27   3.3607e-32 -3.71592e-28  -2.5305e-31 -1.95945e-28  2.26783e-31  3.41143e-29 -1.42756e-31  2.86361e-29   7.5298e-32  -2.2589e-31 -3.60532e-32 -3.03549e-30  1.62825e-32 -4.58761e-31 -6.84493e-33  1.79488e-31  2.51178e-33  6.59527e-32 -7.18538e-34 -5.90141e-35  1.21839e-34  -3.8347e-33  8.92538e-36 -6.89938e-34 -1.34675e-35  4.19212e-35  4.31243e-36  3.22478e-35  -6.4616e-37  4.06553e-36  5.76383e-39 -1.59282e-37  1.35788e-38  -1.0275e-37 -1.59857e-39 -1.11497e-38 -1.71866e-41 -1.42852e-40  4.53538e-42   7.7611e-41  8.35105e-43  7.33645e-42  3.25979e-44  2.30917e-43 -5.96516e-45 -2.47254e-45    -5.09e-46 -1.82877e-46  9.13195e-48
 1.01048e-35  4.29094e-33  5.21826e-35  7.67884e-34  5.53402e-35  2.27134e-33 -5.74038e-35 -5.55732e-32 -2.14522e-34  8.32164e-31 -5.99716e-35 -1.00882e-29 -2.05174e-35  9.87593e-29  4.31573e-35 -8.01326e-28  1.53394e-35  5.48282e-27  8.29917e-36  -3.2038e-26  1.85734e-36  1.61384e-25 -4.82732e-36 -7.05626e-25  3.55161e-35  2.69112e-24 -1.74797e-34 -8.98099e-24  7.93313e-34  2.62712e-23  -3.2966e-33 -6.73729e-23  1.24495e-32  1.51268e-22 -4.28339e-32  -2.9641e-22   1.3465e-31  5.04159e-22 -3.87597e-31 -7.37998e-22  1.02356e-30   9.1738e-22 -2.48336e-30 -9.47553e-22  5.54174e-30   7.8218e-22  -1.1383e-29 -4.74182e-22  2.15293e-29  1.58344e-22 -3.74939e-29  3.80136e-23  6.00964e-29 -8.23571e-23 -8.85691e-29   3.9825e-23  1.19841e-28  4.03961e-24 -1.48548e-28 -1.37461e-23  1.68177e-28  4.22044e-24 -1.73205e-28   2.3268e-24  1.61397e-28 -1.67156e-24 -1.35069e-28  -2.1914e-25  1.00454e-28  4.08261e-25 -6.53374e-29  4.81316e-27  3.61593e-29 -8.07482e-26 -1.60871e-29  6.47527e-28  4.85365e-30  1.37964e-26 -4.68813e-32  5.50674e-28 -1.19522e-30 -1.96874e-27  1.02998e-30 -2.68759e-28 -5.99539e-31  2.08352e-28  2.90749e-31  5.85048e-29 -1.31333e-31 -1.20426e-29  5.89406e-32  -7.2436e-30 -2.57125e-32 -2.76305e-31  9.91247e-33  4.67361e-31 -2.96425e-33  1.01881e-31  5.34786e-34 -6.95574e-33  1.91325e-35 -6.02677e-33 -4.68989e-35 -7.82652e-34  1.43781e-35  6.86115e-35 -1.81256e-36  3.25995e-35 -6.67928e-38  3.40192e-36  4.55345e-38  -9.7299e-38 -2.77203e-39 -5.77536e-38 -2.85156e-40 -5.43164e-39 -2.66259e-42  -1.1436e-40  4.02807e-42  1.55667e-41  2.10101e-43  1.15248e-42 -1.61994e-44   2.3516e-44 -1.12664e-45  7.79293e-47
 1.77987e-34  5.21826e-35  7.89554e-33  1.51631e-34 -2.22546e-33  1.13059e-34  1.04967e-31  -1.2771e-34 -1.89078e-30 -2.73113e-34  2.58022e-29 -2.86407e-35 -2.80661e-28 -3.52486e-35  2.50255e-27  5.24317e-35 -1.86704e-26  2.61897e-35  1.18281e-25  1.09499e-35 -6.43281e-25  1.62454e-35  3.02769e-24 -7.60347e-35 -1.24047e-23   4.2917e-34    4.442e-23 -2.06696e-33 -1.39364e-22  9.01762e-33  3.83466e-22 -3.57151e-32 -9.24858e-22  1.28674e-31  1.95097e-21 -4.22924e-31 -3.58471e-21  1.27137e-30  5.69845e-21 -3.50299e-30 -7.75518e-21  8.86174e-30  8.88659e-21  -2.0612e-29 -8.33688e-21   4.4127e-29  6.06644e-21 -8.70123e-29 -2.98578e-21  1.58089e-28  4.44569e-22 -2.64636e-28  7.07269e-22  4.07951e-28 -6.37654e-22 -5.78552e-28  1.51036e-22  7.53634e-28  1.19252e-22 -8.99627e-28 -9.56319e-23   9.8102e-28  1.29109e-24 -9.73113e-28  2.47332e-23  8.73073e-28 -6.08611e-24 -7.03045e-28 -4.69344e-24  5.02597e-28  1.93391e-24 -3.13764e-28  8.06352e-25  1.66366e-28 -4.03642e-25 -7.08039e-29 -1.42842e-25  2.05115e-29  6.25262e-26 -4.73976e-31  2.56254e-26 -4.14288e-30 -6.59545e-27  3.30388e-30 -4.02443e-27 -1.72213e-30  2.59059e-28  7.36594e-31  4.66519e-28  -3.0389e-31  4.86338e-29  1.37004e-31  -3.1974e-29 -6.44239e-32 -9.32238e-30  2.68361e-32  4.81353e-31 -8.46678e-33  6.37466e-31  1.59892e-33   9.1026e-32  2.33098e-35 -1.15928e-32 -1.17579e-34 -5.36728e-33   3.3823e-35 -5.36459e-34 -3.33418e-36  5.00783e-35 -3.55652e-37  1.80195e-35    1.006e-37  1.61993e-36 -6.80301e-40 -1.75491e-38 -9.08041e-40 -1.53405e-38 -5.90731e-41 -1.20228e-39  9.93721e-42 -2.86933e-41  6.41225e-43  7.89832e-43 -2.43071e-44  3.81947e-44 -1.15407e-45
  1.6283e-35  7.67884e-34  1.51631e-34  1.53559e-32  3.05066e-34 -1.50454e-31  1.58896e-34  3.23261e-30 -1.90488e-34 -5.04002e-29 -2.41064e-34  6.13383e-28  3.53925e-35 -6.04045e-27 -5.82965e-35  4.93146e-26  5.77477e-35 -3.39607e-25  4.10003e-35  1.99796e-24 -7.28902e-36 -1.01363e-23  1.51943e-34   4.4654e-23 -8.26415e-34 -1.71657e-22  4.25468e-33  5.77689e-22 -1.95624e-32 -1.70493e-21  8.13826e-32  4.41385e-21 -3.07388e-31 -1.00107e-20  1.05737e-30  1.98304e-20 -3.32161e-30 -3.41295e-20  9.55179e-30  5.06123e-20 -2.51942e-29 -6.38389e-20  6.10551e-29   6.7068e-20 -1.36123e-28  -5.6546e-20  2.79502e-28  3.53469e-20 -5.28914e-28 -1.26801e-20  9.22758e-28 -2.10388e-21 -1.48414e-27  5.99284e-21  2.19954e-27 -3.17507e-21  -3.0006e-27 -1.35159e-22  3.76166e-27  1.02404e-21 -4.32312e-27 -3.70145e-22  4.53951e-27 -1.56383e-22 -4.33572e-27  1.36882e-22  3.74401e-27   9.4007e-24 -2.89923e-27 -3.26975e-23   1.9902e-27  1.48562e-24  -1.1903e-27  6.45457e-24  6.02451e-28 -4.28341e-25  -2.4321e-28 -1.12537e-24  6.58039e-29  1.91859e-26 -5.03416e-31  1.68112e-25 -1.23421e-29  1.36829e-26  8.75396e-30 -1.92814e-26 -3.93418e-30 -4.17183e-27  1.37882e-30   1.3403e-27 -4.77937e-31  6.01203e-28  2.22157e-31 -6.54733e-30 -1.22466e-31 -4.47923e-29  5.77075e-32 -7.70362e-30 -1.94498e-32  1.08021e-30  3.80048e-33  5.62632e-31  1.62297e-35  5.55725e-32 -2.46256e-34  -9.6518e-33  6.48767e-35  -3.1225e-33 -4.35674e-36 -2.56689e-34 -1.04326e-36  1.97115e-35  1.67086e-37  5.98532e-36   8.8369e-39  4.67855e-37 -1.71886e-39  2.70861e-39 -2.02988e-40 -1.88792e-39  1.63086e-41 -1.15879e-40  1.19681e-42  -2.1243e-42 -2.16844e-44  2.06449e-45
-3.38523e-34  5.53402e-35 -2.22546e-33  3.05066e-34  1.84052e-31  4.68538e-34 -4.39753e-30   1.5617e-34  7.93252e-29 -2.06567e-34 -1.08975e-27 -1.25856e-34  1.19228e-26   1.0267e-34 -1.06967e-25 -7.71062e-35  8.03206e-25  5.69858e-35  -5.1231e-24  7.97778e-35  2.80618e-23 -2.06412e-34 -1.33071e-22  1.36364e-33   5.4953e-22 -7.32409e-33  -1.9843e-21  3.56075e-32  6.28086e-21 -1.55954e-31 -1.74449e-20  6.18664e-31  4.24972e-20 -2.23056e-30 -9.06138e-20  7.33131e-30  1.68434e-19 -2.20232e-29 -2.71161e-19   6.0601e-29  3.74252e-19 -1.53039e-28 -4.35778e-19  3.55261e-28  4.16725e-19 -7.59079e-28 -3.10971e-19  1.49441e-27  1.59668e-19  -2.7128e-27 -2.94285e-20  4.54255e-27 -3.37505e-20 -7.01643e-27  3.37679e-20  9.99222e-27 -9.42689e-21 -1.31066e-26 -5.63756e-21  1.58072e-26  5.28623e-21 -1.74846e-26 -3.60696e-22  1.76749e-26 -1.30042e-21 -1.62509e-26  4.03862e-22  1.35027e-26  2.33846e-22 -1.00504e-26 -1.21293e-22  6.61944e-27  -3.8246e-23 -3.78697e-27   2.5388e-23  1.82387e-27  6.76229e-24 -6.93183e-28 -4.09586e-24  1.70476e-28 -1.28653e-24  5.70539e-30  4.79102e-25 -3.33664e-29   2.2009e-25  2.05226e-29 -2.94304e-26 -7.68121e-30 -2.80999e-26  1.91635e-30 -1.53048e-27 -3.97489e-31  2.20489e-27  2.14229e-31  5.05316e-28 -1.81182e-31 -6.05135e-29  1.04823e-31 -4.13793e-29 -3.83368e-32 -4.38452e-30  7.68008e-33  1.05404e-30  1.37722e-35  3.48308e-31 -4.57577e-34  2.53161e-32  1.07561e-34 -4.87226e-33 -3.40911e-36 -1.23018e-33 -2.27727e-36 -8.78301e-35  2.15373e-37  4.07418e-36  2.85429e-38  1.16715e-36 -2.25927e-39  7.69243e-38 -4.27967e-40  1.14242e-39  1.93819e-41 -8.56927e-41  1.50597e-42 -2.96926e-42 -1.02588e-44
-1.34385e-35  2.27134e-33  1.13059e-34 -1.50454e-31  4.68538e-34  4.87669e-30  5.84932e-34 -1.03279e-28  9.60777e-35  1.61883e-27 -1.59429e-34 -1.98183e-26  3.15881e-35   1.9637e-25  1.48155e-34 -1.61355e-24 -7.44617e-35  1.11874e-23  1.87271e-35 -6.62869e-23  3.42968e-34  3.38824e-22 -1.87479e-33 -1.50445e-21  1.08952e-32  5.83164e-21 -5.59577e-32 -1.97989e-20  2.58755e-31  5.89799e-20 -1.08068e-30 -1.54213e-19  4.09267e-30  3.53488e-19 -1.41001e-29 -7.08262e-19  4.43166e-29  1.23416e-18 -1.27377e-28 -1.85529e-18  3.35509e-28  2.37621e-18 -8.11331e-28 -2.54117e-18  1.80404e-27  2.19022e-18 -3.69335e-27 -1.41292e-18  6.96914e-27   5.4328e-19 -1.21302e-26  5.26547e-20  1.94844e-26 -2.32234e-19 -2.88852e-26  1.35261e-19  3.95059e-26 -2.03395e-21 -4.97985e-26 -4.05123e-20  5.77546e-26  1.71672e-20 -6.14653e-26  5.36874e-21  5.98027e-26 -5.95934e-21 -5.29213e-26 -3.61416e-23  4.23009e-26   1.3877e-21 -3.02541e-26 -1.49002e-22  1.91058e-26 -2.72324e-22 -1.04418e-26  3.59459e-23  4.77214e-27  4.83572e-23 -1.69554e-27 -3.91043e-24  3.67665e-28 -7.56057e-24  3.79591e-29  -1.7343e-25 -8.28047e-29  9.36445e-25  4.41024e-29  1.46136e-25 -1.35298e-29 -7.54941e-26   1.7403e-30 -2.59088e-26  4.13879e-31  1.85497e-27   -8.009e-32  2.24474e-27 -1.96307e-31  2.87297e-28  1.66531e-31  -7.4267e-29  -6.7337e-32 -2.74248e-29  1.37188e-32 -1.79953e-30  7.01503e-35  6.40898e-31 -7.77022e-34  1.55951e-31  1.58891e-34  9.11641e-33  1.24274e-36 -1.54402e-33 -4.07938e-36 -3.22899e-34  2.08423e-37 -2.04652e-35  5.70452e-38  3.34375e-37 -2.05907e-39  1.19494e-37 -6.59854e-40  6.02899e-39  1.70293e-41  8.23138e-41  1.29287e-42 -5.29847e-43
 -2.2445e-33 -5.74038e-35  1.04967e-31  1.58896e-34 -4.39753e-30  5.84932e-34  1.12646e-28  6.24812e-34 -2.04201e-27  1.08895e-35  2.82171e-26 -6.29648e-35 -3.10623e-25  1.86714e-34  2.80485e-24  1.58189e-34 -2.12044e-23 -2.06817e-35  1.36213e-22  -2.8603e-34 -7.51703e-22  2.34985e-33  3.59278e-21 -1.40959e-32 -1.49603e-20  7.71153e-32  5.44953e-20 -3.77541e-31 -1.74099e-19   1.6652e-30  4.88339e-19 -6.64267e-30 -1.20219e-18  2.40498e-29  2.59235e-18  -7.9265e-29 -4.87764e-18  2.38443e-28  7.95744e-18  -6.5616e-28 -1.11457e-17  1.65507e-27  1.31977e-17 -3.83319e-27 -1.28755e-17  8.16397e-27  9.86208e-18 -1.60107e-26 -5.28459e-18  2.89449e-26  1.16259e-18 -4.82795e-26  9.76345e-19  7.43433e-26 -1.10239e-18 -1.05707e-25  3.57629e-19  1.38751e-25  1.59185e-19 -1.67977e-25 -1.79701e-19  1.87245e-25  2.24492e-20 -1.91663e-25  4.16861e-20   1.7944e-25 -1.61159e-20 -1.52812e-25 -6.95246e-21  1.17489e-25  4.62718e-21 -8.07227e-26  1.04492e-21  4.88512e-26 -9.70595e-22  -2.5475e-26 -1.81592e-22  1.10199e-26  1.62211e-22 -3.63534e-27  3.74895e-23  6.68986e-28 -2.06194e-23  1.42074e-28 -7.16854e-24 -1.87623e-28  1.61579e-24  8.82162e-29  1.02173e-24 -2.26217e-29 -1.47049e-27  1.82229e-31  -9.1402e-26  2.56825e-30 -1.58797e-26 -9.32033e-31  3.53547e-27 -9.84559e-32  1.61758e-27   2.3665e-31  1.08169e-28   -1.081e-31 -5.38027e-29  2.22275e-32 -1.35629e-29  2.79537e-34  -5.6961e-31 -1.22371e-33  2.61302e-31  2.12863e-34  5.04202e-32  1.09301e-35  2.60068e-33 -6.28614e-36 -2.94626e-34  1.22498e-37 -5.31766e-35  8.78627e-38 -2.89878e-36 -1.01298e-39 -8.69112e-39 -7.90657e-40  4.94139e-39  1.07729e-41   1.3655e-40  6.85227e-43
-1.06396e-34 -5.55732e-32  -1.2771e-34  3.23261e-30   1.5617e-34 -1.03279e-28  6.24812e-34  2.20457e-27  6.00996e-34 -3.47578e-26   -4.778e-35  4.28141e-25  5.01746e-35 -4.26969e-24  3.12884e-34  3.53218e-23  1.09208e-34 -2.46644e-22  2.87514e-34  1.47235e-21 -2.42737e-33 -7.58521e-21  1.61196e-32  3.39595e-20 -9.36835e-32  -1.3279e-19  4.87904e-31  4.55011e-19 -2.28134e-30 -1.36877e-18  9.62053e-30  3.61634e-18 -3.67248e-29 -8.38214e-18  1.27312e-28   1.6997e-17 -4.01921e-28 -3.00049e-17  1.15834e-27   4.5755e-17 -3.05407e-27 -5.95484e-17  7.38055e-27  6.48771e-17 -1.63753e-26 -5.72137e-17   3.3406e-26   3.8121e-17 -6.27446e-26 -1.56783e-17  1.08631e-25 -5.06133e-19 -1.73536e-25  6.02219e-18  2.55983e-25 -3.87414e-18 -3.48818e-25  2.78936e-19  4.39065e-25  1.06833e-18  -5.1014e-25 -5.30763e-19  5.46241e-25 -1.14702e-19 -5.37556e-25  1.73396e-19  4.84169e-25 -1.00998e-20 -3.96758e-25 -3.91656e-20  2.93402e-25  6.91584e-21 -1.93617e-25  7.59729e-21  1.12227e-25   -1.588e-21 -5.57767e-26 -1.37051e-21  2.27796e-26  2.13633e-22 -6.92885e-27  2.24469e-22  1.02581e-27 -9.47039e-24  3.96643e-28 -3.00071e-23 -3.85051e-28 -2.88743e-24  1.64763e-28  2.75006e-24 -3.75384e-29  7.19372e-25  -2.8547e-30 -1.10628e-25  6.57498e-30 -7.38624e-26  -2.6328e-30  -6.1206e-27   1.9677e-31  3.12896e-27  3.05399e-31  8.72623e-28 -1.61456e-31  2.39147e-29  3.32662e-32  -2.6659e-29  7.50637e-34  -5.0745e-30 -1.79928e-33 -1.56654e-31  2.61528e-34  7.15441e-32  2.58062e-35    1.139e-32 -8.55665e-36  5.44495e-34  -3.4331e-38 -2.98264e-35  1.11542e-37 -4.84896e-36  4.71839e-40 -2.02787e-37 -7.51316e-40 -1.77518e-39  4.43703e-42  3.37606e-41
   1.704e-32 -2.14522e-34 -1.89078e-30 -1.90488e-34  7.93252e-29  9.60777e-35 -2.04201e-27  6.00996e-34  3.72383e-26  5.48999e-34 -5.17746e-25 -4.36374e-35  5.73637e-24   1.4554e-34 -5.21495e-23  4.19818e-34  3.97052e-22 -1.70807e-34 -2.56967e-21  2.24676e-33  1.42925e-20 -1.60743e-32 -6.88772e-20  1.00395e-31  2.89309e-19 -5.58523e-31 -1.06358e-18  2.78264e-30  3.43108e-18 -1.24635e-29 -9.72396e-18  5.03815e-29  2.42035e-17 -1.84433e-28 -5.28116e-17  6.13263e-28  1.00643e-16 -1.85712e-27 -1.66493e-16   5.1335e-27   2.3683e-16 -1.29791e-26 -2.85398e-16  3.00683e-26  2.84299e-16 -6.39296e-26 -2.23718e-16  1.24928e-25  1.25151e-16 -2.24685e-25 -3.20368e-17  3.72379e-25 -1.96338e-17  -5.6936e-25  2.56272e-17  8.03891e-25  -9.5666e-18 -1.04885e-24 -3.04423e-18  1.26484e-24  4.33797e-18  -1.4092e-24 -8.01169e-19  1.44847e-24 -9.37235e-19 -1.36982e-24  4.49677e-19   1.1867e-24  1.39789e-19  -9.3573e-25  -1.2423e-19  6.65569e-25 -1.78299e-20 -4.21792e-25  2.60757e-20  2.34038e-25  2.91752e-21  -1.1071e-25 -4.49577e-21  4.25691e-26 -6.96275e-22 -1.18496e-26  6.13425e-22  1.29669e-27  1.57541e-22   8.9929e-28 -5.67391e-23 -7.11448e-28 -2.57257e-23  2.86646e-28  1.76792e-24 -6.33331e-29   2.6338e-24 -6.01531e-30   3.1759e-25  1.25145e-29 -1.30627e-25 -5.40987e-30 -4.37326e-26  7.71626e-31 -9.62769e-28  3.61274e-31  1.84553e-27 -2.27094e-31  3.62596e-28  4.65938e-32  1.52405e-30   1.5544e-33 -9.34235e-30 -2.47607e-33 -1.42303e-30  2.97048e-34 -4.03911e-32  4.43063e-35  1.25744e-32 -1.04511e-35  1.67622e-33 -2.19755e-37  7.21344e-35  1.20007e-37 -1.09807e-36  1.71118e-39 -1.87875e-37 -5.62502e-40 -4.29156e-39  8.38667e-43
-4.64033e-35  8.32164e-31 -2.73113e-34 -5.04002e-29 -2.06567e-34  1.61883e-27  1.08895e-35 -3.47578e-26  5.48999e-34  5.51383e-25  4.97023e-34 -6.83576e-24   2.5197e-35  6.86328e-23  1.90211e-34 -5.71819e-22  6.40815e-34  4.02273e-21 -1.76692e-33 -2.42025e-20  1.39128e-32  1.25716e-19 -9.39593e-32 -5.67745e-19  5.62345e-31  2.24042e-18 -3.00519e-30  -7.7516e-18  1.43894e-29  2.35591e-17 -6.19617e-29 -6.29273e-17  2.40808e-28  1.47569e-16 -8.47427e-28 -3.03017e-16  2.70817e-27  5.42256e-16 -7.87933e-27 -8.39372e-16  2.09169e-26   1.1109e-15 -5.07621e-26 -1.23403e-15  1.12813e-25  1.11449e-15 -2.29945e-25 -7.67576e-16  4.30494e-25  3.37013e-16 -7.41278e-25 -9.66937e-18  1.17556e-24 -1.15272e-16 -1.71919e-24  8.24502e-17  2.32134e-24 -1.06351e-17 -2.89691e-24 -2.06818e-17  3.34336e-24   1.2105e-17 -3.56832e-24  1.55373e-18  3.51801e-24 -3.72151e-18 -3.19563e-24   4.6938e-19  2.66233e-24  8.09287e-19 -2.02013e-24 -2.08014e-19  1.38224e-24 -1.53843e-19 -8.41159e-25  4.68461e-20  4.46493e-25  2.80916e-20 -2.00688e-25 -7.01465e-21  7.23973e-26 -4.83241e-21 -1.82805e-26  5.76504e-22  1.25469e-27  6.99204e-22  1.71796e-27   2.3109e-23 -1.17806e-27 -7.21267e-23  4.62903e-28 -1.38452e-23 -1.08177e-28  3.88663e-24 -5.76354e-30  1.75493e-24  1.97729e-29  5.76487e-26 -9.34789e-30 -9.23929e-26   1.6864e-30 -1.97973e-26   3.9283e-31  4.17473e-28 -3.03004e-31  7.84472e-28   6.1643e-32  1.17341e-28  2.66161e-33  -5.5127e-31 -3.19039e-33 -2.28983e-30  3.14033e-34 -2.88103e-31     6.32e-35 -8.60672e-33 -1.15543e-35  1.28122e-33 -3.74913e-37  1.41069e-34  1.10607e-37  4.83633e-36  2.18932e-39  1.04282e-38 -3.18527e-40 -1.34961e-39
-2.42316e-31 -5.99716e-35  2.58022e-29 -2.41064e-34 -1.08975e-27 -1.59429e-34  2.82171e-26   -4.778e-35 -5.17746e-25  4.97023e-34  7.24506e-24  4.49856e-34  -8.0816e-23  1.34316e-34  7.39927e-22  1.00592e-34 -5.67568e-21  1.69786e-33  3.70206e-20 -1.03027e-32 -2.07608e-19  7.51458e-32  1.00918e-18 -4.88653e-31 -4.27777e-18  2.82939e-30  1.58786e-17  -1.4626e-29 -5.17494e-17  6.76917e-29   1.4826e-16 -2.81495e-28 -3.73319e-16  1.05558e-27  8.24731e-16 -3.58127e-27 -1.59286e-15  1.10249e-26  2.67381e-15 -3.08753e-26 -3.86541e-15  7.88291e-26  4.74442e-15 -1.83834e-25 -4.82996e-15  3.92238e-25  3.90823e-15 -7.66859e-25 -2.28317e-15  1.37575e-24   6.6742e-16 -2.26789e-24  2.91355e-16  3.44015e-24 -4.56194e-16 -4.80883e-24  1.94707e-16  6.20369e-24  4.07505e-17 -7.39651e-24 -7.99255e-17   8.1595e-24  1.99032e-17 -8.33263e-24  1.57897e-17  7.87252e-24 -9.47619e-18   -6.865e-24 -1.96249e-18   5.4995e-24  2.52637e-18 -4.01644e-24  1.62923e-19  2.64442e-24 -5.29355e-19 -1.54526e-24 -1.95896e-20  7.83991e-25  9.38234e-20 -3.34033e-25  7.56723e-21  1.12493e-25 -1.36363e-20 -2.54643e-26 -2.40997e-21  6.62232e-28  1.43379e-21  2.80759e-27  4.76418e-22 -1.73802e-27 -7.49927e-23  6.92107e-28  -5.6634e-23 -1.82926e-28 -3.70662e-24  3.65915e-30  3.45277e-24  2.69946e-29  8.69683e-25 -1.43371e-29 -3.01883e-26  2.96043e-30 -4.64582e-26  3.89497e-31 -7.02785e-27 -3.84701e-31  3.39328e-28  7.75192e-32  2.44147e-28  3.90188e-33  2.93166e-29 -3.84692e-33 -6.12804e-32  3.11058e-34 -3.74394e-31  7.83846e-35 -3.91005e-32 -1.16025e-35 -1.19301e-33 -4.52275e-37  6.09713e-35  8.73092e-38  5.24176e-36  1.86559e-39  9.95388e-38 -1.19765e-40
-1.23953e-35 -1.00882e-29 -2.86407e-35  6.13383e-28 -1.25856e-34 -1.98183e-26 -6.29648e-35  4.28141e-25 -4.36374e-35 -6.83576e-24  4.49856e-34  8.53208e-23  3.91605e-34 -8.62736e-22  2.76748e-34  7.24161e-21 -4.93292e-34  -5.1344e-20  6.68397e-33  3.11454e-19 -4.92747e-32 -1.63183e-18  3.50842e-31  7.43686e-18  -2.2401e-30 -2.96304e-17  1.27238e-29  1.03564e-16 -6.42965e-29 -3.18166e-16  2.89911e-28  8.59628e-16 -1.17121e-27 -2.04073e-15   4.2569e-27  4.24599e-15 -1.39724e-26 -7.70766e-15  4.15488e-26  1.21196e-14 -1.12238e-25 -1.63243e-14  2.76062e-25  1.85049e-14 -6.19437e-25 -1.71306e-14   1.2701e-24  1.22048e-14 -2.38328e-24 -5.71067e-15  4.09845e-24  4.94682e-16 -6.46809e-24  1.71757e-15  9.38174e-24 -1.37882e-15 -1.25268e-23  2.57514e-16  1.54247e-23  3.09186e-16  -1.7548e-23 -2.15552e-16  1.84774e-23 -9.95564e-18 -1.80304e-23  6.21823e-17  1.63067e-23 -1.24427e-17 -1.36428e-23 -1.28707e-17  1.05088e-23  4.57522e-18 -7.39017e-24  2.36448e-18  4.68443e-24 -1.02159e-18 -2.62863e-24 -4.34478e-19  1.27319e-24  1.64025e-19 -5.12388e-25  7.89485e-20  1.59847e-25 -1.72162e-20 -3.18456e-26 -1.24613e-20 -5.94127e-28  4.81122e-22  3.91946e-27  1.44393e-21 -2.25858e-27  1.83395e-22  9.56736e-28 -9.64564e-23 -2.99047e-28 -3.15359e-23  2.91832e-29   8.8332e-25  3.23205e-29   2.0515e-24 -2.00525e-29  3.31001e-25   4.5565e-30 -3.02237e-26  3.41255e-31 -1.74205e-26 -4.64615e-31 -1.98619e-27   9.3041e-32  1.14535e-28  4.97883e-33  5.46892e-29 -4.33678e-33  5.44768e-30  2.90591e-34  3.64729e-32  8.62084e-35 -3.71885e-32 -1.05716e-35 -3.11586e-33 -4.36876e-37 -8.26805e-35  5.83951e-38  7.32425e-37  1.12099e-39  3.79825e-38
  2.6185e-30 -2.05174e-35 -2.80661e-28  3.53925e-35  1.19228e-26  3.15881e-35 -3.10623e-25  5.01746e-35  5.73637e-24   2.5197e-35  -8.0816e-23  3.91605e-34  9.07885e-22  2.93769e-34 -8.37436e-21    5.639e-34  6.47396e-20 -2.69747e-33 -4.25753e-19  2.38717e-32  2.40826e-18 -1.85271e-31 -1.18133e-17  1.35435e-30  5.05567e-17 -8.82073e-30 -1.89569e-16  5.04478e-29  6.24468e-16 -2.53639e-28 -1.80955e-15  1.12769e-27  4.61203e-15 -4.46316e-27 -1.03221e-14  1.58182e-26  2.02177e-14 -5.04523e-26  -3.4461e-14  1.45397e-25  5.06698e-14 -3.79816e-25  -6.3397e-14  9.01698e-25  6.60167e-14 -1.94954e-24 -5.49778e-14   3.8455e-24  3.35499e-14 -6.93078e-24 -1.10404e-14  1.14296e-23 -3.24633e-15 -1.72704e-23  6.49227e-15  2.39472e-23 -3.15742e-15 -3.05237e-23 -3.56431e-16  3.58376e-23  1.17258e-15 -3.88497e-23 -3.75301e-16  3.89836e-23 -2.05777e-16 -3.62908e-23  1.57948e-16  3.13783e-23  1.78983e-17 -2.51708e-23 -4.06357e-17  1.86453e-23  6.06636e-19 -1.26351e-23  8.46798e-18  7.71753e-24 -3.51834e-19 -4.15949e-24 -1.53776e-18  1.92011e-24 -5.90597e-21 -7.25911e-25  2.36986e-19  2.07062e-25  2.38088e-20 -3.50824e-26 -2.77688e-20 -2.36759e-27 -6.61275e-21  4.55533e-27    1.922e-21 -2.51875e-27  9.43791e-22  1.22188e-27  2.80131e-24 -4.64806e-28 -6.96177e-23  7.67701e-29 -1.29921e-23  3.38423e-29  1.51546e-24 -2.59557e-29  9.01578e-25  6.37191e-30  9.90847e-26  2.38011e-31 -1.34381e-26 -5.32344e-31 -4.90655e-27  1.06837e-31 -4.46544e-28  5.55705e-33  2.19189e-29  -4.5657e-33   8.4013e-30  2.57461e-34  6.97284e-31  8.47816e-35  1.04894e-32 -8.69376e-36 -1.87573e-33 -3.49346e-37 -1.12572e-34  3.22642e-38 -1.73367e-36  4.29173e-40
  2.7103e-35  9.87593e-29 -3.52486e-35 -6.04045e-27   1.0267e-34   1.9637e-25  1.86714e-34 -4.26969e-24   1.4554e-34  6.86328e-23  1.34316e-34 -8.62736e-22  2.93769e-34  8.78879e-21  1.14259e-34  -7.4349e-20  1.07384e-33  5.31482e-19 -4.66294e-33 -3.25188e-18  3.76982e-32  1.71931e-17 -3.97416e-31 -7.91068e-17  3.71367e-30  3.18375e-16 -2.78004e-29 -1.12471e-15  1.70552e-28  3.49457e-15 -8.83702e-28 -9.55594e-15  3.95536e-27   2.2979e-14 -1.55366e-26 -4.84758e-14  5.41532e-26  8.93255e-14 -1.68824e-25 -1.42784e-13  4.73465e-25  1.95886e-13 -1.19963e-24 -2.26797e-13  2.75498e-24  2.15405e-13  -5.7489e-24 -1.58876e-13  1.09221e-23  7.90964e-14 -1.89231e-23 -1.12375e-14   2.9941e-23 -2.05511e-14 -4.33248e-23  1.87694e-14  5.74196e-23 -4.62148e-15 -6.98267e-23 -3.66592e-15  7.80922e-23  3.10599e-15 -8.05488e-23 -1.03034e-16  7.68859e-23 -8.35461e-16 -6.81539e-23  2.37189e-16  5.62508e-23   1.6162e-16 -4.32327e-23 -7.83123e-17  3.08075e-23  -2.7983e-17 -2.01425e-23  1.74101e-17  1.18722e-23   5.1177e-18 -6.14855e-24  -2.9442e-18  2.69872e-24 -9.94675e-19 -9.50252e-25  3.57437e-19  2.42108e-25  1.74232e-19 -3.22474e-26 -2.21967e-20 -4.20512e-27 -2.28253e-20  4.02205e-27 -1.38644e-21 -2.24812e-27  1.82599e-21  1.44037e-27  4.35794e-22 -6.80306e-28 -4.86948e-23  1.48718e-28   -3.566e-23  3.01012e-29  -4.0106e-24 -3.13172e-29  8.68606e-25  8.24191e-30   3.0278e-25  7.03201e-32  2.39464e-26  -5.7633e-31  -3.7692e-27  1.17493e-31 -1.01774e-27   5.3976e-33 -7.73458e-29 -4.48246e-33   2.2212e-30  2.16886e-34  8.08734e-31  7.46786e-35  5.36335e-32  -6.3897e-36  9.48091e-34 -2.31347e-37 -3.17706e-35  1.39525e-38 -8.17994e-37
-2.32112e-29  4.31573e-35  2.50255e-27 -5.82965e-35 -1.06967e-25  1.48155e-34  2.80485e-24  3.12884e-34 -5.21495e-23  1.90211e-34  7.39927e-22  2.76748e-34 -8.37436e-21  1.14259e-34  7.78503e-20 -5.82084e-35 -6.06788e-19  -3.2107e-33  4.02496e-18   5.4044e-32 -2.29741e-17 -3.73002e-31  1.13775e-16  1.33162e-30 -4.91834e-16  1.01635e-30  1.86388e-15 -5.23677e-29 -6.20931e-15  4.46835e-28  1.82091e-14 -2.61805e-27 -4.70043e-14  1.23085e-26  1.06645e-13 -4.90705e-26 -2.11979e-13  1.70415e-25  3.67159e-13 -5.23531e-25 -5.49509e-13  1.43651e-24  7.01453e-13 -3.54331e-24 -7.47831e-13  7.89203e-24  6.41538e-13 -1.59242e-23 -4.09066e-13  2.91781e-23  1.49852e-13  -4.8641e-23  2.62294e-14  7.38855e-23 -7.59351e-14  -1.0241e-22  4.20641e-14   1.2972e-22  1.05451e-15  -1.5043e-22 -1.40659e-14  1.60095e-22   5.6409e-15 -1.56878e-22  2.08683e-15  1.42152e-22 -2.14563e-15 -1.19715e-22 -5.25022e-17   9.4139e-23  5.31088e-16 -6.92642e-23 -5.24671e-17  4.75136e-23 -1.09439e-16  -3.0031e-23  1.41222e-17  1.71189e-23   2.0288e-17 -8.52654e-24 -1.64987e-18  3.54674e-24 -3.30848e-18 -1.14737e-24 -7.23316e-20  2.49417e-25  4.27797e-19 -2.01941e-26  6.68034e-20  -5.4626e-27 -3.60263e-20  1.61163e-27 -1.23909e-20 -1.20768e-27  9.40933e-22  1.56379e-27  1.11069e-21 -9.32745e-28  1.42416e-22  2.41372e-28  -3.7404e-23  2.04496e-29 -1.38622e-23 -3.52797e-29 -9.33126e-25   9.9605e-30  3.16656e-25 -1.67058e-31   7.7979e-26 -5.86945e-31  4.78224e-27  1.23732e-31 -6.90038e-28   4.4792e-33 -1.48097e-28 -4.09598e-33  -9.5328e-30  1.73229e-34  7.05964e-32  5.86975e-35  4.12917e-32 -4.13355e-36  1.90863e-33 -1.23828e-37   2.2453e-35   4.1041e-39
 7.59596e-36 -8.01326e-28  5.24317e-35  4.93146e-26 -7.71062e-35 -1.61355e-24  1.58189e-34  3.53218e-23  4.19818e-34 -5.71819e-22  1.00592e-34  7.24161e-21    5.639e-34  -7.4349e-20 -5.82084e-35   6.3413e-19  2.21901e-33 -4.57223e-18 -7.27272e-32  2.82294e-17  7.58871e-31 -1.50679e-16  -4.9857e-30  7.00275e-16  2.34078e-29 -2.84833e-15 -7.65825e-29  1.01754e-14  1.16127e-28 -3.19932e-14  5.48216e-28  8.85972e-14 -5.89922e-27 -2.15941e-13  3.27251e-26  4.62196e-13 -1.38587e-25 -8.65162e-13  4.90247e-25  1.40696e-12 -1.50228e-24 -1.96764e-12  4.06252e-24  2.32889e-12  -9.8005e-24 -2.27146e-12  2.12362e-23  1.73571e-12 -4.15201e-23 -9.18137e-13  7.34805e-23  1.79536e-13  -1.1798e-22  2.00845e-13  1.72159e-22 -2.12981e-13 -2.28653e-22  6.57029e-14  2.76812e-22  3.47645e-14 -3.05992e-22 -3.70941e-14  3.09604e-22  4.16751e-15 -2.87758e-22  9.20076e-15  2.46961e-22  -3.5293e-15 -1.97057e-22  -1.6122e-15  1.47284e-22  1.08265e-15 -1.03636e-22  2.49528e-16  6.85142e-23 -2.39851e-16 -4.19887e-23 -4.42326e-17  2.32287e-23  4.22823e-17 -1.11438e-23  9.49855e-18  4.37339e-24 -5.69719e-18 -1.27123e-24 -1.92028e-18  2.12444e-25  4.82651e-19  3.94804e-27  2.90053e-19 -5.57352e-27 -4.03087e-21  -3.1257e-27  -2.7459e-20  7.07307e-28 -4.55301e-21  1.55602e-27  1.13933e-21 -1.19388e-27  4.96007e-22  3.44276e-28  3.05605e-23  5.18456e-30 -1.71078e-23 -3.69904e-29 -4.19329e-24  1.13185e-29 -1.68593e-25  -4.6886e-31  7.99229e-26 -5.59971e-31  1.50971e-26  1.24603e-31  7.80217e-28  3.03386e-33 -7.80658e-29 -3.47383e-33 -1.38328e-29  1.29909e-34 -7.23455e-31  4.07913e-35 -4.27016e-33 -2.30005e-36  7.73738e-34 -5.04454e-38  1.39633e-35
 1.72107e-28  1.53394e-35 -1.86704e-26  5.77477e-35  8.03206e-25 -7.44617e-35 -2.12044e-23  1.09208e-34  3.97052e-22  6.40815e-34 -5.67568e-21 -4.93292e-34  6.47396e-20  1.07384e-33 -6.06788e-19  2.21901e-33  4.77033e-18  3.16593e-32   -3.193e-17 -6.95087e-31  1.83994e-16  6.31157e-30 -9.20365e-16 -3.91502e-29  4.02083e-15  1.85612e-28 -1.54084e-14 -6.89734e-28  5.19409e-14  1.92294e-27  -1.5424e-13 -3.07477e-27  4.03507e-13 -5.03547e-27 -9.28685e-13  6.66736e-26  1.87467e-12 -3.38877e-25 -3.30207e-12   1.2748e-24   5.0346e-12 -3.97408e-24 -6.56263e-12  1.07025e-23  7.16982e-12  -2.5405e-23 -6.34167e-12  5.37547e-23  4.22633e-12 -1.02084e-22  -1.7082e-12   1.7477e-22 -1.24408e-13 -2.70552e-22  7.43276e-13  3.79515e-22 -4.70362e-13 -4.83173e-22  2.68967e-14  5.59104e-22  1.40232e-13  -5.8897e-22 -6.97115e-14   5.6609e-22 -1.59501e-14 -4.98249e-22  2.42346e-14  4.03962e-22 -1.54756e-15 -3.04388e-22 -5.73253e-15   2.1556e-22  1.10391e-15 -1.44867e-22  1.15749e-15  9.24645e-23 -2.70695e-16 -5.51959e-23 -2.18023e-16  2.97867e-23  4.00998e-17 -1.37985e-23  3.76452e-17  5.07897e-24 -2.50705e-18 -1.27769e-24 -5.35848e-18  1.17308e-25 -4.11546e-19  4.21604e-26  5.29251e-19 -4.36189e-27  1.27397e-19 -1.01068e-26 -2.44015e-20  3.37911e-27 -1.43023e-20  1.40492e-27 -9.88515e-22 -1.42173e-27  6.56067e-22  4.41452e-28  1.70699e-22 -1.45263e-29  2.96926e-24 -3.58071e-29 -5.49565e-24    1.215e-29 -9.90567e-25  -8.1289e-31 -2.63115e-26 -4.98896e-31  1.38994e-26  1.19664e-31  2.09418e-27   1.4642e-33   9.5616e-29 -2.72272e-33 -4.70123e-30  8.99255e-35 -7.05444e-31  2.46611e-35 -2.58387e-32 -1.06165e-36 -1.92742e-34 -1.33972e-38
  3.4401e-36  5.48282e-27  2.61897e-35 -3.39607e-25  5.69858e-35  1.11874e-23 -2.06817e-35 -2.46644e-22 -1.70807e-34  4.02273e-21  1.69786e-33  -5.1344e-20 -2.69747e-33  5.31482e-19  -3.2107e-33 -4.57223e-18  3.16593e-32  3.32661e-17  2.76041e-31 -2.07349e-16 -5.09757e-30  1.11788e-15  4.21377e-29 -5.25031e-15 -2.46874e-28  2.15941e-14  1.13977e-27 -7.80551e-14 -4.29159e-27  2.48497e-13  1.31366e-26 -6.97332e-13 -3.09157e-26  1.72387e-12  4.29459e-26 -3.74628e-12  5.41468e-26  7.12895e-12 -6.57708e-25 -1.18043e-11  2.92669e-24  1.68433e-11 -9.62065e-24 -2.03988e-11  2.62161e-23  2.04508e-11 -6.17361e-23 -1.62023e-11  1.28147e-22  9.09502e-12 -2.37029e-22 -2.25096e-12   3.9323e-22 -1.61067e-12 -5.87542e-22  2.04811e-12  7.92796e-22 -7.68121e-13 -9.67901e-22 -2.59805e-13   1.0707e-21   3.7321e-13 -1.07467e-21 -7.24701e-14  9.80552e-22 -8.37959e-14 -8.16007e-22  4.27421e-14  6.23229e-22  1.25134e-14 -4.41635e-22  -1.2378e-14  2.95066e-22 -1.48909e-15  -1.8903e-22  2.72861e-15  1.16806e-22  2.30526e-16 -6.83825e-23 -4.97937e-16  3.62712e-23  -6.2225e-17 -1.62884e-23  7.29452e-17  5.58069e-24  1.62691e-17 -1.13575e-24 -7.47034e-18 -4.32485e-26 -2.97257e-18  9.48144e-26  3.23046e-19 -2.22956e-27  3.35266e-19 -1.85575e-26  3.25519e-20  6.43301e-27 -1.86734e-20   1.1283e-27 -5.55762e-21 -1.56752e-27 -6.50191e-24  5.14758e-28  2.58677e-22 -3.68414e-29  4.62779e-23 -3.15285e-29 -4.66332e-25  1.23722e-29 -1.27838e-24 -1.15788e-30 -1.79572e-25 -4.14611e-31 -4.06439e-27   1.0914e-31  1.57644e-27  1.77143e-34   1.9052e-28 -1.95932e-33   7.4437e-30  5.60846e-35 -9.99516e-32  1.26302e-35 -1.38063e-32 -3.81115e-37 -1.92612e-34
 -1.0833e-27  8.29917e-36  1.18281e-25  4.10003e-35  -5.1231e-24  1.87271e-35  1.36213e-22  2.87514e-34 -2.56967e-21 -1.76692e-33  3.70206e-20  6.68397e-33 -4.25753e-19 -4.66294e-33  4.02496e-18 -7.27272e-32   -3.193e-17  2.76041e-31  2.15762e-16  1.94027e-30 -1.25579e-15 -3.19155e-29  6.34808e-15  2.44082e-28 -2.80424e-14 -1.35228e-27  1.08729e-13  6.01176e-27 -3.71094e-13 -2.22486e-26  1.11658e-12   6.9102e-26 -2.96236e-12 -1.76916e-25  6.92119e-12   3.4756e-25 -1.41994e-11 -3.75396e-25  2.54555e-11 -6.73778e-25 -3.95725e-11  5.60607e-24  5.27225e-11  -2.1011e-23 -5.90841e-11  5.94844e-23   5.3931e-11  -1.4059e-22 -3.75766e-11  2.87966e-22   1.6637e-11 -5.20441e-22 -2.84998e-13   8.3818e-22 -6.15737e-12 -1.21001e-21  4.48334e-12  1.57152e-21 -6.11473e-13 -1.84051e-21  -1.1715e-12  1.94672e-21  7.23282e-13 -1.86167e-21  7.89393e-14  1.61174e-21  -2.3056e-13 -1.26638e-21  3.60437e-14  9.08305e-22  5.14873e-14 -6.02161e-22 -1.57074e-14   3.7725e-22 -1.00292e-14 -2.29687e-22  3.73191e-15  1.37973e-22  1.90552e-15 -8.00336e-23 -6.13304e-16  4.21746e-23 -3.49964e-16 -1.84651e-23  6.20915e-17  5.83456e-24  5.51445e-17 -8.36309e-25 -4.91537e-19 -2.66661e-25  -6.2985e-18   1.5992e-25 -9.76738e-19 -7.57839e-29  3.97479e-19 -2.70675e-26  1.49524e-19  9.28182e-27  1.10616e-22  7.72706e-28 -8.96636e-21 -1.58724e-27   -1.669e-21  5.48504e-28  8.59703e-23 -5.94923e-29  7.51708e-23 -2.45573e-29  9.95891e-24  1.20026e-29 -2.17058e-25 -1.44934e-30 -2.11615e-25 -3.22275e-31 -2.38571e-26  9.40192e-32 -5.64396e-28 -5.78854e-34  1.03828e-28 -1.28191e-33  9.68365e-30  3.04998e-35  2.75963e-31  5.23882e-36  3.74882e-34 -9.14154e-38
-2.38638e-38  -3.2038e-26  1.09499e-35  1.99796e-24  7.97778e-35 -6.62869e-23  -2.8603e-34  1.47235e-21  2.24676e-33 -2.42025e-20 -1.03027e-32  3.11454e-19  2.38717e-32 -3.25188e-18   5.4044e-32  2.82294e-17 -6.95087e-31 -2.07349e-16  1.94027e-30  1.30538e-15  1.18482e-29 -7.11206e-15 -1.77664e-28   3.3775e-14   1.2675e-27 -1.40547e-13 -6.64917e-27  5.14344e-13  2.83376e-26 -1.65906e-12 -1.01843e-25  4.72093e-12  3.12493e-25 -1.18454e-11 -8.14204e-25  2.61566e-11  1.74739e-24 -5.06416e-11 -2.79893e-24   8.5453e-11  1.91823e-24 -1.24518e-10  7.38028e-24  1.54455e-10 -4.01713e-23 -1.59324e-10  1.24167e-22  1.30971e-10 -2.99703e-22  -7.7935e-11  6.10389e-22   2.3252e-11 -1.08192e-21  1.04724e-11  1.69478e-21 -1.68825e-11  -2.3662e-21  7.56211e-12  2.95938e-21  1.42788e-12 -3.32567e-21 -3.19744e-12  3.36394e-21  9.02313e-13 -3.06541e-21  6.29666e-13  2.51762e-21 -4.31839e-13 -1.86554e-21 -6.90373e-14  1.25244e-21  1.18794e-13 -7.71615e-22  1.96405e-15   4.4918e-22 -2.59563e-14 -2.58553e-22  3.89544e-16  1.51944e-22  4.87581e-15  -8.8691e-23  1.34974e-16  4.71229e-23 -7.68191e-16 -2.02675e-23 -9.50255e-17  5.84317e-24  9.06517e-17 -3.95141e-25   2.4132e-17  -5.3915e-25 -6.05097e-18  2.32561e-25 -3.35153e-18  1.07677e-27 -7.68067e-20 -3.38802e-26  2.38127e-19  1.12482e-26  4.95083e-20  4.05316e-28 -4.15802e-21 -1.45472e-27 -3.13654e-21  5.33878e-28 -3.95404e-22 -8.00643e-29  3.56719e-23 -1.58956e-29  1.62828e-23  1.11473e-29   1.6841e-24 -1.63345e-30 -3.24992e-26 -2.36561e-31 -2.35766e-26  7.59823e-32 -2.12623e-27 -7.87969e-34 -5.17099e-29  -7.5143e-34  3.12562e-30  1.37914e-35   1.9441e-31  1.61667e-36  2.14531e-33
 5.85172e-27  1.85734e-36 -6.43281e-25 -7.28902e-36  2.80618e-23  3.42968e-34 -7.51703e-22 -2.42737e-33  1.42925e-20  1.39128e-32 -2.07608e-19 -4.92747e-32  2.40826e-18  3.76982e-32 -2.29741e-17  7.58871e-31  1.83994e-16 -5.09757e-30 -1.25579e-15  1.18482e-29  7.38629e-15   6.4866e-29 -3.77533e-14 -8.97576e-28  1.68731e-13  6.00413e-27 -6.62329e-13 -2.98612e-26  2.29022e-12  1.21771e-25 -6.98709e-12 -4.22585e-25  1.88125e-11   1.2658e-24  -4.4652e-11 -3.27232e-24  9.31776e-11  7.18793e-24 -1.70154e-10  -1.2811e-23  2.69949e-10  1.58924e-23 -3.67951e-10 -1.96566e-24  4.23391e-10 -6.22629e-23 -3.99198e-10  2.35425e-22  2.90889e-10 -5.96807e-22  -1.4026e-10  1.22102e-21  1.37548e-11 -2.13201e-21  4.33938e-11  3.25478e-21 -3.68365e-11  -4.3986e-21  7.91479e-12  5.29926e-21  8.19722e-12 -5.71479e-21 -6.39089e-12  5.52877e-21  -8.3104e-15 -4.80187e-21  1.86071e-12   3.7419e-21 -4.81988e-13 -2.61308e-21 -3.83881e-13  1.63658e-21  1.73983e-13 -9.28928e-22  7.00124e-14  4.95322e-22 -4.07359e-14 -2.66917e-22 -1.32311e-14  1.55024e-22  7.14573e-15 -9.32613e-23  2.61892e-15  5.09433e-23 -8.85897e-16 -2.17161e-23 -4.65515e-16  5.64464e-24  5.31025e-17  1.51664e-25  6.16574e-17 -8.36878e-25  4.48765e-18  3.04836e-25 -4.90836e-18  6.24088e-28 -1.25392e-18 -3.73527e-26  1.16165e-19  1.17343e-26  9.89957e-20   1.0104e-28   1.2354e-20 -1.17183e-27 -2.13932e-21  4.71674e-28  -8.3296e-22 -9.63269e-29 -7.51987e-23 -6.93583e-30  8.20169e-24  9.96544e-30    2.571e-24 -1.67429e-30  2.14918e-25 -1.67354e-31  -1.6925e-27  5.71426e-32 -1.58775e-27 -6.22679e-34 -1.08158e-28 -3.85998e-34 -2.18868e-30  4.77622e-36  2.21452e-32  3.02147e-37
-2.59576e-37  1.61384e-25  1.62454e-35 -1.01363e-23 -2.06412e-34  3.38824e-22  2.34985e-33 -7.58521e-21 -1.60743e-32  1.25716e-19  7.51458e-32 -1.63183e-18 -1.85271e-31  1.71931e-17 -3.73002e-31 -1.50679e-16  6.31157e-30  1.11788e-15 -3.19155e-29 -7.11206e-15   6.4866e-29  3.91793e-14  3.23785e-28 -1.88242e-13 -4.16572e-27  7.93017e-13  2.62207e-26 -2.94009e-12 -1.23784e-25  9.61501e-12  4.82645e-25 -2.77636e-11 -1.61265e-24  7.07594e-11  4.68678e-24  -1.5889e-10 -1.18768e-23  3.13252e-10   2.6011e-23 -5.39151e-10 -4.79388e-23  8.03059e-10  6.91573e-23 -1.02128e-09 -5.81107e-23  1.08501e-09 -5.67341e-23 -9.26182e-10  3.95229e-22   5.8371e-10 -1.10615e-21  -2.0343e-10  2.30598e-21  -5.2589e-11 -3.98728e-21  1.20167e-10  5.94442e-21 -6.37132e-11 -7.78109e-21 -4.08586e-12  9.03044e-21  2.34662e-11  -9.3442e-21 -8.95157e-12  8.64643e-21 -3.82317e-12 -7.16015e-21  3.69579e-12  5.29736e-21  1.56451e-13 -3.48641e-21 -9.64922e-13  2.03076e-21  8.63339e-14 -1.04996e-21  2.07477e-13  5.00716e-22 -2.56718e-14 -2.47529e-22 -3.98946e-14  1.44661e-22  3.11172e-15 -9.32302e-23  6.72632e-15  5.36551e-23  1.70546e-16 -2.28686e-23 -8.95943e-16  5.28666e-24 -1.44758e-16  7.58186e-25  7.69977e-17 -1.12976e-24  2.72509e-17  3.66633e-25 -1.92501e-18 -1.14217e-27  -2.4561e-18 -3.64425e-26 -3.31265e-19  1.03883e-26  7.95268e-20 -7.27785e-29  3.10075e-20 -7.71457e-28  2.33318e-21  3.72327e-28 -6.44296e-22 -1.06601e-28  -1.6857e-22  9.01555e-31 -1.16013e-23   8.6238e-30  1.17159e-24 -1.56675e-30  2.79829e-25 -1.17764e-31  1.89393e-26  3.96074e-32  8.06932e-29  -3.2208e-34 -5.24192e-29 -1.67784e-34 -2.22111e-30  1.04113e-36 -1.87888e-32
-2.73457e-26 -4.82732e-36  3.02769e-24  1.51943e-34 -1.33071e-22 -1.87479e-33  3.59278e-21  1.61196e-32 -6.88772e-20 -9.39593e-32  1.00918e-18  3.50842e-31 -1.18133e-17 -3.97416e-31  1.13775e-16  -4.9857e-30 -9.20365e-16  4.21377e-29  6.34808e-15 -1.77664e-28 -3.77533e-14  3.23785e-28  1.95228e-13  1.48889e-27 -8.83313e-13 -1.79027e-26  3.51258e-12  1.06319e-25 -1.23137e-11 -4.76965e-25  3.81182e-11  1.77795e-24 -1.04235e-10 -5.71113e-24  2.51543e-10  1.60497e-23 -5.34358e-10 -3.96082e-23  9.94891e-10   8.5372e-23 -1.61234e-09 -1.57927e-22  2.25065e-09   2.4019e-22 -2.66186e-09  -2.6397e-22  2.59495e-09   7.8829e-23 -1.97829e-09  5.52669e-22  1.03388e-09  -1.8967e-21 -1.78179e-10  4.11276e-21 -2.59709e-10 -7.08653e-21  2.62959e-10  1.03381e-20  -7.7576e-11  -1.3112e-20 -4.73985e-11  1.46542e-20  4.85505e-11 -1.45425e-20 -4.93726e-12  1.28685e-20  -1.2751e-11 -1.01657e-20  4.86619e-12  7.14948e-21  2.33241e-12 -4.43964e-21 -1.57858e-12  2.39954e-21 -3.71311e-13 -1.11338e-21  3.66015e-13  4.54843e-22  6.72161e-14 -1.96448e-22 -6.73613e-14  1.20054e-22  -1.4942e-14  -8.8729e-23  9.48063e-15  5.53935e-23  3.15747e-15 -2.37581e-23 -8.42947e-16  4.79736e-24  -4.9724e-16  1.38136e-24  9.49863e-18 -1.38724e-24  4.86544e-17  4.07305e-25  8.02124e-18 -2.85985e-27  -2.0545e-18 -3.10534e-26 -8.93617e-19  7.21355e-27 -5.68476e-20 -7.11152e-29  3.02196e-20 -3.11225e-28    7.522e-21  2.53176e-28   3.4041e-22 -1.10082e-28  -1.3088e-22  6.55018e-30 -2.53986e-23  7.25957e-30 -1.42113e-24   -1.339e-30  9.87896e-26 -8.50196e-32  1.89117e-26  2.50062e-32  9.75543e-28 -7.15027e-35  9.75959e-30 -5.80857e-35 -4.98237e-31  4.05344e-38
 2.56968e-36 -7.05626e-25 -7.60347e-35   4.4654e-23  1.36364e-33 -1.50445e-21 -1.40959e-32  3.39595e-20  1.00395e-31 -5.67745e-19 -4.88653e-31  7.43686e-18  1.35435e-30 -7.91068e-17  1.33162e-30  7.00275e-16 -3.91502e-29 -5.25031e-15  2.44082e-28   3.3775e-14 -8.97576e-28 -1.88242e-13  1.48889e-27  9.15608e-13   6.3514e-27  -3.9075e-12 -7.16468e-26  1.46866e-11  4.02309e-25 -4.87313e-11 -1.71693e-24  1.42897e-10  6.11983e-24 -3.70229e-10 -1.88848e-23  8.46128e-10  5.12191e-23 -1.70019e-09 -1.22629e-22  2.98761e-09  2.58258e-22 -4.55337e-09 -4.72411e-22  5.94314e-09   7.2896e-22 -6.50977e-09 -8.80631e-22  5.77495e-09  6.16803e-22 -3.85193e-09  5.18634e-22  1.53447e-09 -2.97726e-21  1.68429e-10  6.92924e-21 -7.41237e-10 -1.19874e-20  4.64578e-10  1.71447e-20 -2.12882e-11 -2.10682e-20 -1.47671e-10  2.26566e-20  7.38785e-11 -2.15433e-20  1.75129e-11  1.82222e-20 -2.70292e-11  -1.3741e-20  1.90432e-12  9.20573e-21  6.64429e-12 -5.40861e-21 -1.38114e-12  2.71083e-21 -1.38784e-12 -1.10724e-21  3.55833e-13  3.55013e-22  2.71217e-13 -1.14302e-22 -5.64512e-14  8.24034e-23 -4.89447e-14 -8.04546e-23  4.21316e-15  5.63113e-23  7.32116e-15 -2.43453e-23  4.62781e-16  4.16776e-24 -7.62078e-16  1.99088e-24 -1.74245e-16 -1.58454e-24   3.7756e-17  4.17983e-25  2.07469e-17 -2.35211e-27  1.30526e-18  -2.2111e-26 -9.81872e-19  2.58349e-27 -2.49155e-19  1.17566e-28 -4.00652e-21  1.40478e-28  7.93219e-21  1.33873e-28  1.41692e-21 -1.06994e-28  4.15788e-23  9.55321e-30 -1.79803e-23  5.96167e-30 -2.69638e-24 -1.04283e-30 -1.26505e-25 -6.33998e-32  4.08399e-27  1.41647e-32  6.49556e-28  5.44978e-35  2.06693e-29 -1.41324e-35  1.17095e-31
