   0.0347741  -7.9788e-09    0.0555745 -5.93443e-09    0.0192759 -2.52264e-10  -0.00752888   1.3441e-09  -0.00658488  4.50416e-10 -0.000509383 -1.00301e-10  0.000886359 -9.43266e-11  0.000338439 -1.89274e-11  2.88326e-05  4.79045e-13 -6.73638e-06  5.07616e-13 -9.74441e-07
 -7.9788e-09    0.0883815 -1.39052e-08    0.0746707 -6.03476e-09   0.00992377  1.42978e-09   -0.0165466  2.11411e-09  -0.00871377  4.86742e-10  4.47064e-05 -2.01975e-10   0.00143056 -1.43719e-10  0.000513283 -3.03541e-11  5.97899e-05 -1.25048e-12 -1.93914e-06  2.02062e-13
   0.0555745 -1.39052e-08     0.109238 -1.39179e-08    0.0619501 -3.69491e-09  -0.00312833  2.63267e-09   -0.0206505    2.342e-09  -0.00902488  4.63261e-10  0.000316894 -2.38462e-10   0.00161858 -1.62271e-10  0.000591143 -3.68388e-11  8.31153e-05 -2.89243e-12  2.69435e-06
-5.93443e-09    0.0746707 -1.39179e-08    0.0940815 -1.08224e-08    0.0430679 -1.82554e-09  -0.00982955  3.02003e-09   -0.0213531   2.3622e-09  -0.00918233  5.03367e-10  8.40553e-06 -2.00399e-10   0.00144042 -1.47041e-10  0.000538337 -3.33527e-11  7.33303e-05 -2.31515e-12
   0.0192759 -6.03476e-09    0.0619501 -1.08224e-08    0.0717493 -8.17952e-09    0.0315335 -1.00009e-09   -0.0115672  3.01292e-09   -0.0209975  2.36619e-09  -0.00968832  6.19073e-10 -0.000821243 -9.74851e-11  0.000931331 -9.95567e-11  0.000355891 -2.01396e-11  3.51212e-05
-2.52264e-10   0.00992377 -3.69491e-09    0.0430679 -8.17952e-09    0.0572298  -6.7455e-09    0.0263548   -7.573e-10    -0.011214  2.87258e-09   -0.0203748  2.37891e-09   -0.0104163  7.77158e-10  -0.00193935  4.04795e-11  0.000256844 -3.86067e-11  0.000137136 -6.22375e-12
 -0.00752888  1.42978e-09  -0.00312833 -1.82554e-09    0.0315335  -6.7455e-09    0.0497238 -6.04482e-09    0.0243182  -7.7842e-10  -0.00986715  2.64802e-09   -0.0193737  2.35004e-09   -0.0109146  9.06629e-10  -0.00288238  1.54624e-10 -0.000269887  4.27968e-12  7.92275e-06
  1.3441e-09   -0.0165466  2.63267e-09  -0.00982955 -1.00009e-09    0.0263548 -6.04482e-09    0.0458802 -5.71908e-09    0.0240318 -9.80743e-10  -0.00753843  2.28971e-09   -0.0174366   2.1793e-09   -0.0104568  9.07148e-10  -0.00308008  1.84735e-10 -0.000403146  1.28476e-11
 -0.00658488  2.11411e-09   -0.0206505  3.02003e-09   -0.0115672   -7.573e-10    0.0243182 -5.71908e-09    0.0441647 -5.65419e-09    0.0252769 -1.39219e-09   -0.0037387  1.69674e-09   -0.0137816  1.75527e-09  -0.00841158  7.15956e-10  -0.00232507  1.26959e-10 -0.000221022
 4.50416e-10  -0.00871377    2.342e-09   -0.0213531  3.01292e-09    -0.011214  -7.7842e-10    0.0240318 -5.65419e-09    0.0442432 -5.85211e-09    0.0283527  -2.0872e-09   0.00213168  7.89319e-10  -0.00805982  1.06867e-09  -0.00500519  3.96363e-10  -0.00111923  4.57565e-11
-0.000509383  4.86742e-10  -0.00902488   2.3622e-09   -0.0209975  2.87258e-09  -0.00986715 -9.80743e-10    0.0252769 -5.85211e-09     0.046306 -6.35791e-09    0.0335715 -3.08762e-09   0.00988135 -3.38282e-10  -0.00134909  3.17466e-10  -0.00161088  1.17303e-10 -0.000252618
-1.00301e-10  4.47064e-05  4.63261e-10  -0.00918233  2.36619e-09   -0.0203748  2.64802e-09  -0.00753843 -1.39219e-09    0.0283527 -6.35791e-09    0.0505226 -7.14659e-09    0.0402074 -4.18519e-09    0.0174257 -1.31909e-09   0.00382471 -1.85144e-10  0.000287059 -4.45949e-12
 0.000886359 -2.01975e-10  0.000316894  5.03367e-10  -0.00968832  2.37891e-09   -0.0193737  2.28971e-09   -0.0037387  -2.0872e-09    0.0335715 -7.14659e-09    0.0559413 -7.93524e-09    0.0453784 -4.86534e-09    0.0211819 -1.70724e-09   0.00538941 -2.91435e-10  0.000509796
-9.43266e-11   0.00143056 -2.38462e-10  8.40553e-06  6.19073e-10   -0.0104163  2.35004e-09   -0.0174366  1.69674e-09   0.00213168 -3.08762e-09    0.0402074 -7.93524e-09    0.0593782 -8.12576e-09    0.0448239 -4.60235e-09    0.0188874 -1.39317e-09   0.00379784  -1.5341e-10
 0.000338439 -1.43719e-10   0.00161858 -2.00399e-10 -0.000821243  7.77158e-10   -0.0109146   2.1793e-09   -0.0137816  7.89319e-10   0.00988135 -4.18519e-09    0.0453784 -8.12576e-09    0.0563487 -7.16324e-09    0.0364187 -3.38655e-09    0.0121981 -7.44218e-10   0.00145122
-1.89274e-11  0.000513283 -1.62271e-10   0.00144042 -9.74851e-11  -0.00193935  9.06629e-10   -0.0104568  1.75527e-09  -0.00805982 -3.38282e-10    0.0174257 -4.86534e-09    0.0448239 -7.16324e-09    0.0448399 -5.12554e-09    0.0230781 -1.84504e-09   0.00539312 -2.31307e-10
 2.88326e-05 -3.03541e-11  0.000591143 -1.47041e-10  0.000931331  4.04795e-11  -0.00288238  9.07148e-10  -0.00841158  1.06867e-09  -0.00134909 -1.31909e-09    0.0211819 -4.60235e-09    0.0364187 -5.12554e-09    0.0283105  -2.8215e-09    0.0107767  -6.9106e-10    0.0014056
 4.79045e-13  5.97899e-05 -3.68388e-11  0.000538337 -9.95567e-11  0.000256844  1.54624e-10  -0.00308008  7.15956e-10  -0.00500519  3.17466e-10   0.00382471 -1.70724e-09    0.0188874 -3.38655e-09    0.0230781  -2.8215e-09    0.0134239 -1.12369e-09   0.00341392 -1.51259e-10
-6.73638e-06 -1.25048e-12  8.31153e-05 -3.33527e-11  0.000355891 -3.86067e-11 -0.000269887  1.84735e-10  -0.00232507  3.96363e-10  -0.00161088 -1.85144e-10   0.00538941 -1.39317e-09    0.0121981 -1.84504e-09    0.0107767 -1.12369e-09   0.00445521 -2.94746e-10   0.00061541
 5.07616e-13 -1.93914e-06 -2.89243e-12  7.33303e-05 -2.01396e-11  0.000137136  4.27968e-12 -0.000403146  1.26959e-10  -0.00111923  1.17303e-10  0.000287059 -2.91435e-10   0.00379784 -7.44218e-10   0.00539312  -6.9106e-10   0.00341392 -2.94746e-10  0.000918829 -4.15978e-11
-9.74441e-07  2.02062e-13  2.69435e-06 -2.31515e-12  3.51212e-05 -6.22375e-12  7.92275e-06  1.28476e-11 -0.000221022  4.57565e-11 -0.000252618 -4.45949e-12  0.000509796  -1.5341e-10   0.00145122 -2.31307e-10    0.0014056 -1.51259e-10   0.00061541 -4.15978e-11  8.84302e-05
