 1.59518e-36  2.01054e-52 -3.68151e-36 -1.52007e-51  2.09915e-37  1.49172e-51  3.64442e-36  2.60576e-51 -4.28084e-36 -3.70703e-51  3.99952e-36 -2.51357e-51 -1.22598e-36  7.74464e-52 -1.52981e-36  3.16109e-51  7.30604e-37  8.07787e-52  4.18079e-37  -1.3819e-51 -5.91708e-37 -3.92738e-53  3.86225e-37  3.33459e-52 -7.81649e-38  4.51726e-52 -3.88983e-38  2.14799e-51  2.77827e-38  2.55448e-51  2.00955e-40   1.5659e-51 -1.53157e-38 -4.41322e-51  8.32079e-39 -3.30325e-50 -2.26448e-39 -5.74578e-50   1.5862e-39 -1.14012e-49 -5.82242e-40 -2.77534e-49  3.17546e-41  -8.0975e-49  5.24106e-41 -2.89401e-49  2.91609e-41  7.44608e-49 -7.36084e-41  1.15047e-48  3.95068e-41  4.65688e-48 -9.76867e-42   1.8013e-48 -1.79806e-44   9.0787e-48 -2.75953e-42  1.86049e-47  2.52256e-42  1.75322e-47  9.01323e-44  5.84282e-48 -3.78219e-44  3.50188e-48 -1.69282e-43 -2.86242e-48   5.3684e-44  -2.3143e-48 -1.48623e-44 -5.03998e-49  1.26073e-44 -3.61857e-48  -4.6669e-45  8.89956e-49  6.73754e-46 -2.87844e-49  4.06293e-46  4.90931e-49 -2.74172e-46 -1.30254e-49 -3.47448e-47 -2.42975e-49  6.30571e-47 -1.28522e-49 -2.21903e-47  4.56303e-50  8.97686e-48  -1.2833e-51 -1.71494e-48 -2.85054e-51  4.35977e-49  -2.0629e-51 -3.25836e-49 -2.51817e-51  2.95161e-50  1.01098e-51 -6.46452e-51 -1.59764e-51  3.53451e-50  2.31122e-51 -5.43582e-50 -3.28051e-51   7.6053e-50  4.27082e-51 -9.74407e-50 -5.03569e-51  1.13057e-49  5.35188e-51 -1.17516e-49 -5.06852e-51  1.08031e-49  4.22221e-51 -8.64709e-50 -3.04114e-51  5.90716e-50  1.85158e-51 -3.35296e-50 -9.23486e-52  1.52225e-50   3.6022e-52 -5.21311e-51 -1.01883e-52  1.21526e-51  1.80368e-53 -1.52835e-52 -1.28848e-54
 2.01054e-52  7.71726e-36  9.79443e-52 -1.09833e-35 -5.56178e-51 -9.57935e-37  6.28192e-51  8.48284e-36  8.56817e-51 -7.41334e-36 -1.12278e-50  7.66174e-36 -9.26369e-51 -1.21105e-36  1.38544e-51 -4.15097e-36  7.90972e-51  1.25803e-36  2.12842e-51  1.18912e-36 -2.66896e-51 -1.51527e-36    4.388e-52  8.99596e-37  2.44873e-51 -1.08523e-37  6.23349e-51 -8.78482e-38  2.64339e-50  4.07186e-38  3.40527e-50  1.14954e-38  2.48074e-50 -4.13015e-38 -3.02293e-50  2.10239e-38 -3.69189e-49 -7.06032e-39 -7.04527e-49  5.25927e-39 -1.24574e-48 -1.68909e-39 -2.90931e-48 -4.35125e-41 -8.26321e-48  1.53285e-40  -3.9453e-48  1.43832e-40  5.48987e-48 -2.36186e-40  8.80046e-48  1.36026e-40  3.56397e-47 -4.52299e-41   1.6045e-47  1.09679e-42  7.57781e-47 -9.08287e-42  1.42955e-46  8.56795e-42  1.35847e-46   6.7977e-43  4.67227e-47 -5.71397e-44  2.20015e-47 -6.92709e-43 -1.91532e-47   1.9957e-43 -1.30771e-47 -5.22737e-44  -1.7856e-48  4.38425e-44 -2.12934e-47 -1.49293e-44   4.5231e-48  3.04595e-45 -1.77844e-48  1.95905e-45  2.79986e-48 -1.29265e-45 -4.36357e-49 -8.93424e-47  -1.0535e-48   2.0135e-46 -5.84957e-49 -8.25558e-47  2.09256e-49  3.64618e-47 -5.08147e-51 -6.38327e-48 -1.19428e-50  2.01355e-48 -7.05971e-51 -1.43081e-48  -1.7548e-50  3.01262e-49  1.54228e-50 -3.46575e-49 -2.50092e-50  6.36669e-49  3.65475e-50 -9.38758e-49 -5.00109e-50   1.2689e-48  6.24201e-50 -1.55717e-48 -7.04121e-50  1.71797e-48  7.11752e-50 -1.68525e-48 -6.36966e-50  1.44995e-48  4.97181e-50 -1.07541e-48 -3.31911e-50  6.72099e-49  1.84568e-50 -3.42959e-49 -8.23271e-51  1.36393e-49  2.77906e-51 -3.91864e-50 -6.40937e-52  7.01915e-51  8.00814e-53 -5.05188e-52
-3.68151e-36  9.79443e-52   2.0672e-35  2.20274e-51 -2.14641e-35 -1.21024e-50  -4.9268e-36  1.76888e-50    1.287e-35  1.82943e-50 -8.94166e-36 -2.25644e-50  1.15729e-35 -2.00495e-50  8.10041e-37  7.67104e-52 -8.06286e-36  1.25916e-50  1.57514e-36  3.63929e-51  2.38824e-36 -3.28778e-51 -2.91313e-36  3.27816e-51   1.5087e-36  1.86588e-50 -6.65268e-38  5.64199e-50  -1.1755e-37  2.25479e-49  2.67199e-38  3.14146e-49  2.98007e-38  2.79889e-49 -7.44574e-38 -1.89837e-50  3.61372e-38 -2.69419e-48 -1.45571e-38 -5.41497e-48  1.14004e-38 -8.97645e-48  -2.9653e-39 -2.08117e-47 -6.14587e-40 -5.79738e-47  3.57636e-40 -3.37636e-47  4.05226e-40  2.54202e-47 -5.44592e-40  4.44287e-47  3.48356e-40  1.80848e-46 -1.37841e-40  8.84572e-47  1.12183e-42  4.27989e-46 -1.98362e-41  7.53093e-46  2.00685e-41  7.23603e-46  2.68723e-42  2.52795e-46  2.15698e-43  9.21968e-47 -2.07889e-42 -8.70148e-47   5.6604e-43 -4.93189e-47 -1.39103e-43 -1.05967e-48  1.01238e-43 -8.59343e-47 -2.98198e-44  1.55732e-47  8.82072e-45 -8.05842e-48  6.62045e-45  1.09913e-47 -4.01445e-45 -7.28336e-49 -1.26563e-46 -3.13368e-48   4.1376e-46 -1.84779e-48 -2.13744e-46  6.41532e-49  1.04163e-46  -1.1916e-50 -1.71522e-47 -5.32955e-50  6.80224e-48  1.73334e-50 -5.41286e-48 -1.34688e-49  3.30161e-48  1.81324e-49 -5.06247e-48 -2.85021e-49  8.02784e-48   4.0746e-49 -1.13862e-47 -5.35865e-49  1.47091e-47  6.39887e-49 -1.71484e-47 -6.87566e-49  1.78652e-47  6.57941e-49 -1.64344e-47 -5.53246e-49  1.31496e-47  4.01897e-49 -8.97377e-48  -2.4659e-49  5.08662e-48  1.23859e-49 -2.30586e-48 -4.86311e-50  7.88482e-49  1.38411e-50 -1.83548e-49 -2.46568e-51  2.30554e-50  1.77295e-52
-1.52007e-51 -1.09833e-35  2.20274e-51  4.03047e-35  1.69128e-51 -3.25483e-35 -1.84191e-50    -1.19e-35  3.85473e-50  1.45947e-35  3.01916e-50 -1.02017e-35 -3.53893e-50  1.59809e-35 -3.17576e-50  5.53138e-36 -2.16339e-51 -1.29714e-35  1.42022e-50  1.72592e-36  4.62264e-51  4.05875e-36 -2.38464e-51 -4.76573e-36  1.89771e-50  2.08015e-36  1.30195e-49  4.75388e-38  4.00899e-49  -8.0204e-38   1.5554e-48 -1.73807e-38  2.32255e-48  3.95768e-38  2.47181e-48 -1.03772e-37   1.6593e-48  4.78109e-38 -1.47494e-47 -2.29011e-38 -3.04678e-47  1.88537e-38 -4.91196e-47  -3.1882e-39 -1.16937e-46 -2.16684e-39 -3.22824e-46  6.19246e-40 -2.17427e-46  8.70271e-40  7.78009e-47 -1.05437e-39  1.69844e-46  7.60567e-40  6.92859e-46 -3.24541e-40  3.47716e-46 -1.31159e-41  1.89457e-45 -3.15484e-41  3.13846e-45  3.71264e-41  3.05968e-45  7.70521e-42  1.06908e-45  1.63843e-42  2.92194e-46  -5.2358e-42 -3.11042e-46  1.38086e-42 -1.42277e-46 -3.14379e-43  2.12506e-47  1.73946e-43 -2.75463e-46 -3.83271e-44  4.19676e-47  1.95096e-44  -3.0022e-47  1.77462e-44  3.44904e-47 -9.56452e-45  2.60947e-49 -3.53783e-47  -7.3763e-48  5.72029e-46 -4.68824e-48 -4.39293e-46   1.4682e-48  2.40401e-46   5.2014e-50 -4.03522e-47 -3.66872e-49  2.41487e-47  4.92563e-49 -2.77014e-47 -1.14829e-48  3.42728e-47  1.76219e-48 -5.43281e-47 -2.66418e-48   8.1041e-47  3.67743e-48 -1.09807e-46 -4.63144e-48  1.34799e-46  5.27135e-48 -1.48585e-46 -5.36984e-48  1.45512e-46  4.83864e-48 -1.24944e-46 -3.79932e-48  9.24791e-47  2.54955e-48  -5.7686e-47 -1.42421e-48  2.93868e-47  6.37871e-49 -1.16704e-47 -2.16149e-49    3.349e-48   5.0042e-50  -5.9928e-49 -6.27839e-51  4.30993e-50
 2.09915e-37 -5.56178e-51 -2.14641e-35  1.69128e-51  6.42006e-35 -4.83091e-51  -4.1378e-35  -2.1354e-50 -2.05103e-35  6.97112e-50  1.39763e-35  4.22381e-50 -1.44366e-35 -4.61258e-50    2.057e-35 -4.01805e-50  1.31066e-35 -8.02736e-51 -1.84981e-35  8.92532e-51  1.83689e-36  2.59755e-51    6.188e-36 -9.42802e-52  -6.8297e-36  1.09637e-49  2.42535e-36   7.9164e-49  2.09327e-37  2.39481e-48  5.47119e-38  9.21221e-48 -6.59953e-38  1.45577e-47  1.52563e-38  1.78911e-47 -1.17505e-37  2.04466e-47  5.02899e-38 -6.29932e-47 -3.00758e-38 -1.31191e-46  2.54608e-38 -2.14277e-46 -4.99568e-40 -5.45796e-46 -4.87817e-39 -1.51309e-45  6.05754e-40 -1.13752e-45  1.61458e-39  1.06871e-46  -1.8322e-39  5.18348e-46  1.48217e-39   2.0644e-45  -6.3148e-40  9.84391e-46   -7.464e-41  6.98675e-45  -3.4033e-41  1.09641e-44  5.66711e-41  1.08964e-44  1.78844e-41  3.74973e-45  6.18244e-42   7.1664e-46 -1.16237e-41  -9.2994e-46  2.99063e-42 -3.28968e-46 -6.23775e-43  1.38973e-46  2.21956e-43 -7.46394e-46 -1.63129e-44  9.40873e-47  3.52838e-44 -9.56861e-47   3.9851e-44  9.21686e-47 -1.85656e-44  6.18503e-48   3.8364e-46 -1.46253e-47  3.32218e-46 -1.00866e-47 -7.51185e-46  2.20565e-48  4.85121e-46   1.1288e-48 -1.13928e-46 -3.05493e-48  1.28824e-46  5.18648e-48 -2.01894e-46 -9.49315e-48  3.13542e-46  1.47244e-47 -4.83656e-46 -2.13681e-47  6.86351e-46  2.82887e-47 -8.84608e-46 -3.39829e-47  1.02842e-45  3.67072e-47 -1.06829e-45 -3.52758e-47  9.80032e-46  2.97649e-47 -7.82312e-46 -2.16813e-47  5.32915e-46  1.33317e-47   -3.017e-46 -6.70812e-48  1.36664e-46  2.63791e-48 -4.67123e-47 -7.51977e-49  1.08709e-47  1.34212e-49 -1.36517e-48 -9.67478e-51
 1.49172e-51 -9.57935e-37 -1.21024e-50 -3.25483e-35 -4.83091e-51  8.88325e-35 -2.09374e-50 -4.68573e-35  -2.0965e-50 -2.89168e-35  1.09464e-49  1.43465e-35  5.34397e-50 -2.43626e-35 -5.10943e-50  2.40785e-35 -4.20496e-50  2.32073e-35 -1.78928e-50 -2.43256e-35 -1.70332e-50  1.98794e-36 -2.79016e-50  8.54732e-36 -2.79207e-50  -8.5914e-36   6.0297e-49  2.30524e-36  4.19365e-48  4.10787e-37  1.24329e-47  2.67217e-37  4.82932e-47 -6.29456e-38  7.97062e-47 -6.80807e-38  1.09632e-46 -1.09047e-37  1.59093e-46  4.17414e-38 -2.05572e-46 -3.72566e-38 -4.21136e-46  2.94874e-38 -7.51063e-46  6.94013e-39  -2.1781e-45 -8.22726e-39 -6.16514e-45 -4.51333e-40 -5.04283e-45  2.77271e-39 -4.58965e-46 -2.96161e-39  1.30881e-45  2.63204e-39   4.5902e-45 -1.05519e-39  1.68552e-45 -2.39047e-40  2.22031e-44  -9.9636e-42  3.31227e-44  7.15534e-41  3.37721e-44  3.54002e-41  1.12664e-44  1.75224e-41  1.28159e-45 -2.32953e-41 -2.40377e-45  5.82407e-42 -6.16738e-46 -1.10611e-42  5.60018e-46  1.80767e-43 -1.77243e-45  6.97542e-44  1.82248e-46  5.34985e-44 -2.66763e-46  7.76229e-44  2.17218e-46 -3.01301e-44  2.44966e-47  1.42793e-45 -2.59463e-47 -9.22674e-46 -1.79656e-47 -1.12928e-45 -1.97996e-48  1.00235e-45  1.15985e-47 -5.60654e-46 -2.45495e-47  9.31451e-46  4.27866e-47 -1.58035e-45  -7.1704e-47   2.5061e-45  1.08251e-46  -3.7051e-45  -1.5041e-46   5.0024e-45  1.90092e-46  -6.1165e-45 -2.16933e-46  6.71753e-45    2.214e-46 -6.55864e-45 -1.99718e-46  5.61907e-45  1.56894e-46 -4.15372e-45 -1.05282e-46  2.59012e-45  5.87902e-47 -1.32008e-45 -2.63173e-47  5.24741e-46  8.91383e-48 -1.50734e-46 -2.06337e-48  2.69935e-47  2.58987e-49 -1.94229e-48
 3.64442e-36  6.28192e-51  -4.9268e-36 -1.84191e-50  -4.1378e-35 -2.09374e-50  1.12013e-34 -4.63965e-50 -5.10726e-35 -2.11775e-50 -3.58112e-35  1.53663e-49  1.97635e-35  6.36298e-50 -3.99301e-35 -4.82151e-50  2.45491e-35 -3.59548e-50  3.51776e-35  -4.2137e-50 -3.01579e-35 -1.46854e-49  2.26746e-36 -2.95799e-49  1.05834e-35 -3.44068e-49 -9.36252e-36  3.02481e-48  1.45075e-36  1.95702e-47  6.95756e-37  5.71582e-47  4.72692e-37  2.28205e-46  5.85358e-38  3.88482e-46 -2.18277e-37  5.82718e-46 -7.96024e-38  9.66656e-46  2.64247e-38 -4.35468e-46 -5.15781e-38 -8.11625e-46  3.13594e-38 -2.02925e-45  2.00859e-38 -7.54969e-45 -1.09499e-38 -2.22912e-44 -3.71687e-39 -1.94513e-44  4.56129e-39 -4.37857e-45 -4.55014e-39  2.92067e-45   4.3161e-39  5.78783e-45 -1.55434e-39 -9.75761e-46 -5.75782e-40  6.21353e-44  6.24927e-41   8.8181e-44  7.10551e-41  9.30375e-44  6.15464e-41  2.95837e-44  4.13223e-41  1.11065e-45 -4.27283e-41  -5.4786e-45  1.03006e-41 -9.20948e-46 -1.78596e-42  1.76607e-45 -4.36518e-45 -3.78089e-45  2.48899e-43  3.15115e-46  6.72195e-44 -6.60888e-46  1.34559e-43  4.60674e-46 -4.09311e-44  6.77678e-47  3.44234e-45 -4.80321e-47 -3.89274e-45 -1.63014e-47 -1.98957e-45 -4.54435e-47  3.05467e-45  9.43485e-47 -3.86856e-45  -1.8039e-46  6.88203e-45  3.07543e-46 -1.14726e-44  -4.8885e-46  1.76206e-44   7.0944e-46 -2.48458e-44 -9.40917e-46  3.18664e-44  1.13074e-45 -3.68888e-44 -1.22096e-45  3.81945e-44  1.17217e-45 -3.49706e-44 -9.87508e-46  2.79022e-44  7.17897e-46 -1.90267e-44 -4.40435e-46  1.07966e-44  2.21091e-46 -4.90587e-45 -8.67434e-47  1.68221e-45  2.46782e-47 -3.92497e-46 -4.39815e-48   4.9368e-47  3.16852e-49
 2.60576e-51  8.48284e-36  1.76888e-50    -1.19e-35  -2.1354e-50 -4.68573e-35 -4.63965e-50  1.35197e-34 -7.73755e-50  -5.8195e-35 -2.62211e-50 -4.06982e-35  1.95784e-49  3.22367e-35  7.21076e-50 -5.78412e-35 -3.98819e-50  2.00957e-35 -2.30639e-50  4.80734e-35 -1.54836e-49 -3.57359e-35  -8.4231e-49  2.99607e-36 -2.15269e-48  1.14861e-35 -2.67812e-48 -8.45296e-36  1.36892e-47 -3.97043e-37  8.12929e-47   1.1638e-36  2.35383e-46  5.38222e-37     9.84e-46  3.40225e-37  1.70799e-45 -4.12139e-37  2.73641e-45  -3.6318e-38  4.93308e-45  1.37713e-38  1.07985e-46 -8.58782e-38   9.1672e-46  3.47519e-38 -3.41679e-45   3.8386e-38 -2.28858e-44 -1.15121e-38 -7.25609e-44 -1.04653e-38 -6.64662e-44  7.26634e-39  -2.1605e-44 -6.74813e-39  6.83711e-45  6.60854e-39 -8.28521e-45   -2.061e-39 -2.17371e-44 -1.14907e-39  1.55483e-43  2.04883e-40  2.09391e-43  4.33346e-41  2.31239e-43  9.57553e-41  6.87737e-44  8.46926e-41  -2.8158e-45 -7.23718e-41  -1.1131e-44   1.6718e-41 -1.02321e-45 -2.69163e-42  4.72644e-45 -3.14003e-43 -7.37983e-45  5.23129e-43  5.04019e-46  6.42886e-44 -1.47153e-45  2.11867e-43  8.85256e-46 -4.47074e-44  1.63907e-46   6.1498e-45 -1.32836e-46 -7.64818e-45  9.82538e-47 -7.62432e-45 -3.56015e-46  1.57406e-44  6.69207e-46 -2.69026e-44 -1.20554e-45  4.66484e-44  1.98307e-45 -7.46554e-44  -3.0104e-45  1.09638e-43  4.17645e-45 -1.47057e-43 -5.27045e-45  1.78861e-43  6.00069e-45 -1.95696e-43 -6.10657e-45  1.90723e-43  5.49008e-45 -1.63483e-43 -4.29686e-45  1.21205e-43  2.87199e-45 -7.59667e-44 -1.59729e-45  3.89724e-44  7.12209e-46 -1.55988e-44 -2.40346e-46  4.50733e-45  5.54598e-47 -8.10316e-46  -6.9445e-48  5.84095e-47
-4.28084e-36  8.56817e-51    1.287e-35  3.85473e-50 -2.05103e-35  -2.0965e-50 -5.10726e-35 -7.73755e-50  1.62249e-34 -1.09407e-49 -7.14348e-35 -3.64406e-50  -4.3749e-35  2.27317e-49   5.0558e-35  7.74191e-50 -7.29387e-35 -3.90588e-50   9.8434e-36 -1.86593e-50  6.07266e-35 -7.83897e-49 -4.10626e-35 -4.39912e-48  4.86089e-36 -1.30153e-47  1.04304e-35 -1.66476e-47 -5.33508e-36  5.58591e-47 -3.41714e-36  3.02764e-46  1.93093e-36  8.74375e-46  3.25151e-37  3.90609e-45  7.65759e-37  6.84112e-45 -5.92316e-37  1.15137e-44  1.20003e-38  2.19333e-44   1.4502e-38  6.85711e-45  -1.5428e-37  1.79378e-44  4.61866e-38  2.70887e-45  5.98401e-38 -6.05539e-44 -8.94072e-39 -2.14961e-43 -2.16366e-38 -2.03816e-43  1.12115e-38 -8.18928e-44 -9.78357e-39   2.0915e-44  9.54114e-39 -8.53843e-44 -2.51039e-39 -1.06952e-43 -1.99635e-39  3.51967e-43  4.33531e-40  4.46833e-43 -2.01065e-41  5.24393e-43  1.35013e-40  1.42702e-43  1.54387e-40 -1.78816e-44 -1.13913e-40 -2.02204e-44  2.51835e-41 -6.72923e-46 -3.91359e-42   1.1213e-44 -5.77879e-43 -1.33651e-44  8.42599e-43  7.72795e-46  2.80526e-44 -2.95861e-45  3.07628e-43  1.50961e-45 -3.10358e-44  4.52785e-46   3.6097e-45 -6.31154e-46  1.45347e-45  1.03135e-45 -4.80223e-44 -2.34481e-45  9.65215e-44   4.2718e-45 -1.70478e-43 -7.34048e-45  2.82897e-43  1.15858e-44 -4.31821e-43 -1.67916e-44  6.03527e-43  2.21892e-44 -7.68281e-43  -2.6559e-44  8.84733e-43  2.85474e-44 -9.14035e-43 -2.72706e-44  8.38156e-43  2.28533e-44 -6.72492e-43 -1.65229e-44  4.62924e-43  1.00807e-44 -2.65924e-43 -5.03272e-45  1.22449e-43  1.96427e-45 -4.24955e-44 -5.56175e-46  1.00013e-44  9.87209e-47 -1.26338e-45 -7.09038e-48
-3.70703e-51 -7.41334e-36  1.82943e-50  1.45947e-35  6.97112e-50 -2.89168e-35 -2.11775e-50  -5.8195e-35 -1.09407e-49  1.95417e-34 -1.39268e-49 -9.08873e-35 -4.75013e-50 -4.54962e-35  2.39541e-49  7.08669e-35   8.1367e-50 -8.03026e-35 -8.72302e-50 -5.59941e-36 -1.38683e-49  7.20698e-35 -4.11573e-48 -4.66643e-35 -2.12162e-47  8.74277e-36 -6.87771e-47  6.87852e-36  -8.9419e-47  2.39807e-37  2.05285e-46 -7.61228e-36   1.0147e-45  3.06174e-36  2.94023e-45 -2.59717e-37  1.43707e-44  1.24761e-36  2.51547e-44 -6.77693e-37   4.3881e-44  5.78025e-38   8.6864e-44  3.48363e-38  4.35001e-44  -2.6437e-37  1.06234e-43  7.26879e-38  5.32219e-44  8.18927e-38 -1.37703e-43 -3.58844e-39 -5.84565e-43 -3.74169e-38 -5.66248e-43  1.67366e-38 -2.62259e-43 -1.39953e-38  7.92703e-44   1.3097e-38 -3.54391e-43 -2.87983e-39 -3.76174e-43 -3.11371e-39  7.27701e-43  7.55965e-40  8.60285e-43 -1.18498e-40  1.09478e-42  1.74128e-40  2.65367e-43  2.53767e-40  -5.8339e-44 -1.67434e-40 -3.25908e-44   3.5659e-41 -1.12556e-47  -5.7035e-42  2.42995e-44 -4.17428e-43 -2.26679e-44  1.08703e-42  1.13399e-45  -5.7567e-44 -5.29889e-45  4.12119e-43  1.97851e-45  2.65235e-44  1.86143e-45 -4.68272e-44 -3.69933e-45  1.13344e-43  7.05804e-45 -2.98948e-43 -1.40716e-44  5.61609e-43   2.4831e-44  -9.5837e-43  -4.0803e-44  1.51226e-42  6.15851e-44 -2.19128e-42   -8.504e-44   2.9033e-42  1.06709e-43 -3.49959e-42 -1.20761e-43  3.81321e-42  1.22102e-43  -3.7244e-42 -1.09038e-43   3.2227e-42  8.47499e-44 -2.42923e-42 -5.62506e-44  1.55676e-42  3.10679e-44 -8.18781e-43 -1.37598e-44  3.35549e-43  4.61425e-45 -9.87563e-44 -1.05872e-45  1.79421e-44  1.31942e-46  -1.2969e-45
 3.99952e-36 -1.12278e-50 -8.94166e-36  3.01916e-50  1.39763e-35  1.09464e-49 -3.58112e-35 -2.62211e-50 -7.14348e-35 -1.39268e-49  2.32878e-34 -1.64181e-49  -1.1388e-34 -5.34394e-50 -4.62849e-35  2.26311e-49    8.788e-35  1.05127e-49 -7.66932e-35 -3.07251e-49  -2.4505e-35 -1.06941e-48  8.16224e-35  -2.0318e-47 -5.35838e-35 -9.46529e-47  1.52746e-35 -3.26004e-46  7.98844e-37 -4.29931e-46  8.17422e-36  6.74896e-46 -1.27245e-35  3.05888e-45  4.51001e-36  8.95069e-45 -1.22641e-36  4.92537e-44   1.6417e-36  8.54251e-44  -5.8317e-37   1.5277e-43  9.42374e-38  3.11015e-43  7.00252e-38  1.94482e-43 -4.08368e-37  4.61893e-43  1.17765e-37  2.81574e-43   1.0285e-37 -2.56848e-43  2.61109e-39 -1.46958e-42 -5.69975e-38 -1.43551e-42  2.41877e-38  -7.3964e-43 -1.98261e-38  3.00348e-43  1.72075e-38 -1.10966e-42 -3.22669e-39 -1.09353e-42  -4.4532e-39  1.38592e-42  1.16839e-39  1.49491e-42 -2.35853e-40  2.11958e-42  2.07087e-40  4.42114e-43  3.79325e-40 -1.46057e-43 -2.30776e-40 -4.52582e-44   4.8157e-41 -4.36672e-46 -8.59119e-42  4.92247e-44   7.6284e-43 -3.60942e-44  1.05884e-42  1.29113e-45 -1.88467e-43 -7.72392e-45  4.74892e-43 -3.11701e-46  2.45618e-43   1.0107e-44 -3.86851e-43 -2.15706e-44  8.04568e-43  4.16915e-44 -1.62763e-42  -7.7735e-44  2.86517e-42  1.32044e-43 -4.62746e-42 -2.07343e-43  6.88144e-42  2.98452e-43 -9.39129e-42 -3.91665e-43  1.17296e-41  4.65302e-43  -1.3364e-41 -4.96234e-43  1.38224e-41    4.702e-43 -1.28727e-41 -3.90765e-43  1.06444e-41  2.80145e-43 -7.64163e-42 -1.69483e-43  4.60626e-42  8.39164e-44  -2.2229e-42 -3.24944e-44  8.01677e-43  9.13344e-45 -1.93403e-43 -1.61072e-45  2.46659e-44  1.15075e-46
-2.51357e-51  7.66174e-36 -2.25644e-50 -1.02017e-35  4.22381e-50  1.43465e-35  1.53663e-49 -4.06982e-35 -3.64406e-50 -9.08873e-35 -1.64181e-49  2.69962e-34 -1.81095e-49 -1.37008e-34 -5.02511e-50 -4.55254e-35   1.9011e-49  9.59887e-35  2.48395e-49 -6.08389e-35 -1.02601e-48 -4.48911e-35 -6.20993e-48  8.97554e-35 -9.29175e-47 -6.29895e-35  -3.9232e-46  2.43814e-35 -1.40869e-45 -7.28479e-36 -1.88619e-45  1.80099e-35  1.94788e-45 -1.82212e-35  8.24297e-45  6.10486e-36  2.45575e-44 -2.49262e-36  1.57891e-43  1.78429e-36  2.69236e-43 -2.41444e-37   4.8905e-43  1.12544e-37  1.01756e-42  9.85768e-38  7.20085e-43 -5.56541e-37  1.68021e-42  1.76908e-37  1.09213e-42  1.23118e-37 -3.33104e-43  6.58278e-39 -3.43585e-42  -7.8532e-38 -3.33824e-42   3.3873e-38 -1.88081e-42 -2.77452e-38  1.02562e-42  2.17628e-38  -2.9377e-42 -3.72051e-39 -2.76946e-42 -5.92716e-39  2.45152e-42  1.65191e-39  2.33496e-42 -3.37301e-40  3.82931e-42  2.29285e-40  6.55526e-43  5.18277e-40 -3.05442e-43 -2.99514e-40 -4.92145e-44  6.30388e-41 -5.71521e-45 -1.34743e-41  9.47769e-44  3.72792e-42 -5.32443e-44  4.74488e-43 -1.24132e-45 -2.58554e-43 -3.88466e-45  2.36523e-43 -2.03688e-44  1.18089e-42  5.69673e-44 -2.10805e-42 -1.18221e-43  4.03233e-42  2.23058e-43 -7.22767e-42 -3.95362e-43  1.17218e-41  6.43544e-43 -1.74288e-41 -9.63928e-43  2.38034e-41  1.31982e-42 -2.99209e-41 -1.64162e-42  3.47732e-41  1.84074e-42 -3.75534e-41  -1.8435e-42  3.77112e-41  1.63021e-42 -3.48464e-41 -1.25451e-42  2.88689e-41  8.24346e-43 -2.05878e-41 -4.50794e-43   1.1991e-41  1.97733e-43 -5.34222e-42  -6.5703e-44  1.66439e-42  1.49494e-44 -3.10937e-43  -1.8496e-45  2.25383e-44
-1.22598e-36 -9.26369e-51  1.15729e-35 -3.53893e-50 -1.44366e-35  5.34397e-50  1.97635e-35  1.95784e-49  -4.3749e-35 -4.75013e-50  -1.1388e-34 -1.81095e-49  3.02309e-34 -1.88659e-49 -1.58153e-34 -2.89144e-50  -4.1223e-35  1.88848e-49  9.01682e-35  8.95571e-49 -3.30247e-35 -2.97178e-48 -6.51783e-35  -3.0355e-47  9.74589e-35 -3.94709e-46   -7.557e-35 -1.51865e-45  3.50672e-35 -5.61052e-45 -1.64232e-35 -7.64138e-45  2.89818e-35  4.69726e-45 -2.33852e-35  1.95262e-44  7.59312e-36  5.99952e-44 -3.90306e-36  4.74833e-43  1.53749e-36   7.9062e-43  3.79678e-37  1.44688e-42  1.01007e-37  3.06672e-42  7.90409e-38  2.33258e-42 -6.55965e-37  5.36618e-42  2.34523e-37   3.5554e-42  1.45519e-37  2.69605e-45  5.04809e-39 -7.50867e-42 -9.91863e-38 -7.14693e-42  4.59347e-38 -4.38021e-42 -3.81104e-38  3.09656e-42  2.66633e-38 -6.87357e-42 -4.66942e-39 -6.27611e-42 -7.40815e-39  4.06202e-42  2.16458e-39  3.24155e-42 -3.70319e-40   6.4903e-42  2.39822e-40   8.4892e-43  6.48965e-40 -5.46535e-43 -3.67732e-40 -2.43302e-44  8.12414e-41 -2.22992e-44  -2.1628e-41  1.74478e-43  9.35196e-42 -6.77317e-44 -1.12076e-42 -2.14083e-44  2.29786e-43  4.20156e-44 -1.30089e-42 -1.36751e-43  4.63747e-42  3.03163e-43 -8.04351e-42 -6.01162e-43  1.33564e-41  1.09376e-42 -1.99589e-41 -1.84972e-42  2.61042e-41   2.8758e-42 -2.95565e-41 -4.09966e-42  2.86904e-41  5.32527e-42 -2.45539e-41 -6.25942e-42  2.17634e-41   6.6021e-42 -2.59719e-41 -6.18479e-42  3.83535e-41  5.08026e-42 -5.20677e-41 -3.59923e-42  5.63204e-41  2.15175e-42 -4.61736e-41 -1.05296e-42  2.76486e-41  4.03129e-43 -1.14504e-41 -1.12109e-43  2.97383e-42  1.95824e-44 -3.87604e-43 -1.38785e-45
 7.74464e-52 -1.21105e-36 -2.00495e-50  1.59809e-35 -4.61258e-50 -2.43626e-35  6.36298e-50  3.22367e-35  2.27317e-49 -4.54962e-35 -5.34394e-50 -1.37008e-34 -1.88659e-49  3.28288e-34 -1.78461e-49 -1.77392e-34  1.05345e-49 -3.03186e-35  6.57942e-49  6.69135e-35   3.3179e-48  5.31606e-36 -7.57532e-48 -8.42298e-35 -1.31895e-46  1.05701e-34 -1.56573e-45 -9.10205e-35 -5.51875e-45   4.5572e-35 -2.07602e-44 -2.55006e-35 -2.88222e-44  4.01479e-35  7.99661e-45  -2.7489e-35  3.89882e-44  8.71573e-36   1.2686e-43 -5.26397e-36  1.34262e-42  8.27575e-37  2.17013e-42   1.2681e-36  3.97149e-42  4.81095e-38  8.56722e-42  -4.8375e-38  6.78836e-42  -6.3648e-37  1.54153e-41  2.64225e-37  1.02006e-41  1.74301e-37  1.84237e-42 -4.50605e-39 -1.54033e-41 -1.15155e-37 -1.41158e-41  6.01404e-38 -9.44951e-42 -5.10343e-38  8.31666e-42  3.19322e-38 -1.45466e-41    -6.54e-39 -1.29366e-41 -8.71253e-39  6.36234e-42  2.62844e-39  3.89803e-42 -2.72542e-40  1.03696e-41  2.42478e-40  9.13873e-43  7.45133e-40 -8.29631e-43 -4.29452e-40  6.76382e-44  1.04165e-40  -5.5381e-44 -3.46058e-41  3.01916e-43  1.86143e-41 -4.45687e-44 -4.46763e-42 -1.38281e-43  2.10293e-42  3.10031e-43 -4.42612e-42 -7.28254e-43  7.55799e-42  1.49226e-42 -4.27213e-42 -2.82514e-42 -1.22295e-41  4.92931e-42   5.6813e-41 -7.95148e-42 -1.46657e-40  1.17749e-41  2.89759e-40 -1.59345e-41 -4.68433e-40  1.95776e-41  6.28474e-40  -2.1673e-41 -6.92855e-40   2.1419e-41  6.07165e-40 -1.86826e-41 -3.90651e-40  1.41761e-41  1.41042e-40 -9.18289e-42  3.05698e-41  4.95008e-42 -8.25323e-41 -2.14075e-42  5.79096e-41  7.01714e-43 -2.21006e-41 -1.57659e-43  4.45666e-42  1.92918e-44 -3.22406e-43
-1.52981e-36  1.38544e-51  8.10041e-37 -3.17576e-50    2.057e-35 -5.10943e-50 -3.99301e-35  7.21076e-50   5.0558e-35  2.39541e-49 -4.62849e-35 -5.02511e-50 -1.58153e-34 -1.78461e-49  3.49468e-34 -1.06764e-50 -1.96617e-34  1.03237e-48 -9.89967e-36  4.10592e-48  2.51883e-35  1.07545e-47  5.17067e-35 -1.93612e-47 -1.00927e-34 -5.24317e-46  1.14735e-34 -5.82952e-45  -1.0786e-34 -1.89199e-44  5.38344e-35 -7.17967e-44 -3.35361e-35 -1.01832e-43  5.05663e-35  -2.0455e-46 -2.99851e-35  5.75995e-44  9.27983e-36  2.15278e-43 -6.37598e-36  3.57503e-42 -3.34893e-37  5.58289e-42  2.36762e-36   1.0142e-41 -5.08067e-38  2.22973e-41 -3.53627e-37  1.80266e-41 -4.23588e-37  4.04072e-41  2.33442e-37  2.64242e-41  2.13112e-37  7.83854e-42 -2.33026e-38 -2.97571e-41 -1.21638e-37 -2.57285e-41  7.56944e-38 -1.90483e-41 -6.63407e-38  2.00768e-41   3.7888e-38 -2.82475e-41 -9.96233e-39 -2.45326e-41 -9.56468e-39  9.51113e-42  2.91469e-39   3.8061e-42  1.42936e-41  1.56879e-41  2.43901e-40  6.89894e-43  7.83571e-40 -1.00597e-42 -4.80042e-40  2.88531e-43  1.32893e-40 -8.78902e-44 -5.36657e-41  4.51785e-43  3.12368e-41  1.85956e-43 -5.65512e-42 -7.34735e-43 -9.62635e-42  1.63298e-42  3.81057e-41 -3.47413e-42 -1.18984e-40  6.77116e-42  3.20488e-40 -1.22403e-41 -7.43264e-40  2.04091e-41   1.5132e-39 -3.13447e-41 -2.71667e-39  4.40812e-41  4.28912e-39 -5.64517e-41 -5.90835e-39  6.53709e-41  7.00819e-39 -6.78794e-41 -7.01604e-39  6.25581e-41  5.74838e-39 -5.05206e-41  -3.6595e-39  3.51705e-41  1.62449e-39 -2.06529e-41 -3.39348e-40  9.92587e-42 -1.13775e-40 -3.73316e-42  1.16244e-40   1.0207e-42 -3.84376e-41 -1.75555e-43  5.25365e-42  1.22812e-44
 3.16109e-51 -4.15097e-36  7.67104e-52  5.53138e-36 -4.01805e-50  2.40785e-35 -4.82151e-50 -5.78412e-35  7.74191e-50  7.08669e-35  2.26311e-49 -4.55254e-35 -2.89144e-50 -1.77392e-34 -1.06764e-50   3.6953e-34  1.37382e-48 -2.18329e-34   6.4983e-48   2.1225e-35  2.24214e-47 -3.29278e-35  2.63509e-47  1.02602e-34 -6.93439e-47 -1.13756e-34 -1.94227e-45  1.23716e-34 -2.04616e-44  -1.2364e-34 -6.14639e-44  5.80798e-35 -2.33155e-43 -3.99256e-35 -3.38599e-43  5.94612e-35 -8.06163e-44 -3.06422e-35  2.21061e-44  9.19668e-36  2.13218e-43  -7.0565e-36   8.9736e-42 -1.85765e-36  1.34931e-41  3.58739e-36  2.41387e-41  -1.8697e-37  5.42906e-41 -9.02261e-37  4.41331e-41  4.43415e-38  9.75619e-41  1.11657e-37  6.26963e-41  2.62727e-37  2.36029e-41 -5.14339e-38 -5.42448e-41 -1.12941e-37 -4.31922e-41  9.12253e-38 -3.61168e-41 -8.36723e-38  4.39702e-41  4.53244e-38 -5.08397e-41 -1.57039e-38 -4.31842e-41 -9.55272e-39  1.36991e-41  2.83485e-39  2.38484e-42  5.27486e-40  2.25791e-41   2.4837e-40 -1.89004e-44  7.52665e-40 -7.29395e-43 -5.16261e-40  7.08083e-43  1.64639e-40  1.02138e-44 -7.14346e-41  3.61337e-43  1.92226e-41  1.39736e-42  8.42549e-41 -3.51594e-42 -2.89183e-40  7.55141e-42  7.89199e-40 -1.51877e-41 -1.94926e-39   2.8276e-41  4.36594e-39 -4.87496e-41 -8.83257e-39  7.74276e-41  1.60808e-38 -1.12897e-40 -2.61833e-38   1.5025e-40  3.77892e-38 -1.81365e-40 -4.77641e-38  1.97043e-40  5.20209e-38 -1.90897e-40 -4.77432e-38  1.63043e-40  3.57563e-38 -1.21007e-40 -2.07742e-38  7.65939e-41  8.51386e-39 -4.03146e-41 -1.87631e-39  1.70178e-41 -1.58637e-40 -5.44652e-42  2.36255e-40  1.19633e-42 -5.83368e-41 -1.43483e-43  4.10881e-42
 7.30604e-37  7.90972e-51 -8.06286e-36 -2.16339e-51  1.31066e-35 -4.20496e-50  2.45491e-35 -3.98819e-50 -7.29387e-35   8.1367e-50    8.788e-35   1.9011e-49  -4.1223e-35  1.05345e-49 -1.96617e-34  1.37382e-48   3.9262e-34  9.75841e-48 -2.44279e-34  3.37818e-47  6.13432e-35  1.03354e-46 -1.02261e-34  1.96433e-47  1.53543e-34 -3.75603e-46 -1.20776e-34 -6.79379e-45  1.30788e-34 -6.79539e-44 -1.35463e-34 -1.89942e-43  5.73178e-35 -7.13605e-43  -4.4527e-35 -1.06347e-42   6.6316e-35 -4.68112e-43 -2.95834e-35 -2.50649e-43  8.48018e-36 -3.12594e-43 -7.15364e-36  2.12459e-41 -3.59062e-36  3.07042e-41  4.81905e-36  5.35861e-41 -3.35682e-37   1.2411e-40 -1.73731e-36  1.00366e-40  7.98995e-37  2.18425e-40 -1.19979e-37  1.37562e-40  3.19537e-37   5.9748e-41 -8.86272e-38 -9.33346e-41 -8.29793e-38 -6.64312e-41  1.05064e-37 -6.47252e-41 -1.02737e-37  8.80057e-41   5.5606e-38 -8.54596e-41 -2.45961e-38 -7.11047e-41 -8.09825e-39  1.91665e-41  2.14813e-39 -7.87582e-43   1.2687e-39  3.10905e-41  2.50704e-40 -1.41951e-42  6.56143e-40   6.8261e-43 -5.26274e-40  1.27816e-42  1.58853e-40  8.58948e-43  3.35635e-41 -1.32999e-42 -3.90599e-40  6.87154e-42  1.32581e-39 -1.54402e-41  -3.6151e-39  3.18136e-41   8.9478e-39 -6.09882e-41 -2.02916e-38  1.08303e-40  4.20109e-38 -1.77622e-40 -7.89846e-38  2.67709e-40  1.33962e-37  -3.6908e-40 -2.03222e-37  4.62601e-40  2.72753e-37 -5.23411e-40  -3.1935e-37  5.30049e-40  3.20216e-37 -4.75455e-40  -2.6818e-37  3.72921e-40  1.81001e-37 -2.51598e-40 -9.30876e-38  1.42885e-40  3.28575e-38 -6.62976e-41 -5.90016e-39  2.40478e-41 -5.18135e-40 -6.34248e-42  4.76173e-40   1.0546e-42 -7.03048e-41 -7.16825e-44
 8.07787e-52  1.25803e-36  1.25916e-50 -1.29714e-35 -8.02736e-51  2.32073e-35 -3.59548e-50  2.00957e-35 -3.90588e-50 -8.03026e-35  1.05127e-49  9.59887e-35  1.88848e-49 -3.03186e-35  1.03237e-48 -2.18329e-34  9.75841e-48  4.21956e-34  5.10476e-47 -2.74489e-34  1.51898e-46  1.05653e-34   4.1049e-46 -1.75361e-34 -2.88621e-46  1.99623e-34  -2.2045e-45 -1.20036e-34 -2.26601e-44  1.33581e-34 -2.14138e-43 -1.40649e-34 -5.60115e-43  5.15895e-35 -2.06456e-42 -4.75429e-35 -3.16423e-42  7.08703e-35 -1.94449e-42 -2.72285e-35 -1.25912e-42  7.22094e-36 -2.61255e-42 -6.55871e-36   4.7457e-41  -5.3663e-36  6.59335e-41  5.95841e-36  1.10902e-40 -4.59669e-37  2.67214e-40 -2.86276e-36  2.13288e-40  1.83022e-36   4.5567e-40 -4.60763e-37  2.81053e-40  3.75642e-37  1.34478e-40 -1.35303e-37 -1.51263e-40 -2.63611e-38 -9.25613e-41  1.15788e-37 -1.09985e-40 -1.23613e-37  1.61826e-40  7.05746e-38  -1.3501e-40 -3.74085e-38 -1.10316e-40 -4.46636e-39  2.62013e-41  5.93117e-40 -5.59089e-42  2.19528e-39  4.12843e-41  2.37453e-40 -3.75443e-42  4.82188e-40  4.55647e-42 -3.77561e-40  1.24009e-42 -3.25601e-40  5.05868e-42  1.60439e-39 -1.04157e-41 -5.06885e-39  2.93863e-41  1.40738e-38 -6.23063e-41 -3.56054e-38  1.22658e-40  8.29139e-38  -2.2394e-40 -1.77248e-37  3.77914e-40  3.46058e-37 -5.87035e-40 -6.13105e-37  8.35039e-40  9.77869e-37 -1.08169e-39  -1.3902e-36  1.26731e-39  1.73977e-36 -1.33207e-39  -1.8861e-36  1.24392e-39  1.73444e-36 -1.01971e-39 -1.31461e-36  7.22907e-40  7.87793e-37 -4.34778e-40 -3.49148e-37  2.16234e-40  1.00341e-37 -8.57889e-41 -1.19377e-38  2.56974e-41  -2.2741e-39 -5.27535e-42  8.45421e-40  5.93627e-43 -5.40824e-41
 4.18079e-37  2.12842e-51  1.57514e-36  1.42022e-50 -1.84981e-35 -1.78928e-50  3.51776e-35 -2.30639e-50   9.8434e-36 -8.72302e-50 -7.66932e-35  2.48395e-49  9.01682e-35  6.57942e-49 -9.89967e-36   6.4983e-48 -2.44279e-34  5.10476e-47  4.59019e-34  2.24898e-46 -3.06983e-34  6.02707e-46  1.47241e-34  1.41172e-45 -2.43887e-34 -2.48004e-45  2.36164e-34  -1.1756e-44 -1.10224e-34 -7.25705e-44  1.29918e-34 -6.41627e-43 -1.37388e-34 -1.57972e-42  4.19002e-35 -5.65954e-42 -4.92438e-35  -8.9388e-42  7.30489e-35 -6.84253e-42 -2.41701e-35 -4.14802e-42  5.55724e-36 -9.70567e-42  -5.2202e-36   9.9998e-41 -7.04939e-36   1.3396e-40  6.92638e-36  2.13541e-40 -5.17193e-37  5.43407e-40 -4.23418e-36  4.25714e-40  3.08337e-36  8.89052e-40 -8.87176e-37  5.37602e-40  4.20918e-37  2.76375e-40 -1.93537e-37 -2.29598e-40  6.00184e-38 -1.14099e-40  1.22839e-37 -1.77505e-40 -1.46982e-37  2.74314e-40  9.21944e-38 -2.01514e-40 -5.46821e-38 -1.62491e-40  2.16495e-39  3.51317e-41  -2.0508e-39 -1.09139e-41  3.20063e-39  5.35617e-41  2.79272e-40 -7.59423e-42 -1.41691e-40  1.38439e-41  1.31825e-39 -3.21836e-42 -5.67666e-39  2.26035e-41  1.75616e-38 -4.86486e-41 -4.95214e-38  1.13866e-40  1.28885e-37 -2.29653e-40 -3.09811e-37  4.29936e-40  6.86244e-37 -7.44036e-40 -1.39405e-36  1.18575e-39  2.58153e-36 -1.73151e-39 -4.32588e-36  2.30316e-39  6.50038e-36 -2.77168e-39 -8.66134e-36  2.99293e-39  1.00891e-35 -2.87112e-39  -1.0088e-35  2.41702e-39  8.45077e-36 -1.75839e-39 -5.73437e-36  1.08401e-39  2.99738e-36 -5.51856e-40 -1.10847e-36  2.23983e-40  2.40091e-37 -6.89054e-41 -9.93661e-39  1.48485e-41 -7.29843e-39 -1.93909e-42  1.11926e-39  1.01029e-43
 -1.3819e-51  1.18912e-36  3.63929e-51  1.72592e-36  8.92532e-51 -2.43256e-35  -4.2137e-50  4.80734e-35 -1.86593e-50 -5.59941e-36 -3.07251e-49 -6.08389e-35  8.95571e-49  6.69135e-35  4.10592e-48   2.1225e-35  3.37818e-47 -2.74489e-34  2.24898e-46  5.03316e-34  8.65849e-46 -3.38254e-34  2.12998e-45    1.789e-34  4.12994e-45 -3.00145e-34 -1.38408e-44  2.59405e-34 -5.55143e-44  -9.1221e-35 -2.24079e-43  1.18478e-34 -1.83059e-42 -1.25219e-34 -4.26703e-42  2.98868e-35 -1.47274e-41 -4.96628e-35 -2.40154e-41  7.28863e-35 -2.15252e-41 -2.10278e-35 -1.11481e-41  3.65562e-36 -2.78957e-41 -3.15389e-36  1.98674e-40 -8.58688e-36  2.58379e-40  7.68447e-36  3.80814e-40 -4.72315e-37  1.04659e-39 -5.76042e-36   8.0178e-40  4.46739e-36   1.6269e-39  -1.3559e-36  9.67098e-40  4.46882e-37  5.26808e-40 -2.67563e-37  -3.2263e-40  1.75291e-37 -1.17531e-40  1.26902e-37 -2.72171e-40  -1.7417e-37  4.29302e-40  1.21945e-37 -2.85412e-40 -7.65517e-38 -2.29104e-40  1.25597e-38  4.64207e-41 -5.82649e-39 -1.43445e-41  3.86733e-39  6.95244e-41  1.50176e-39 -1.51653e-41 -5.26869e-39  3.65513e-41  1.78342e-38   -2.706e-41  -5.6158e-38  8.82715e-41  1.61878e-37 -1.88123e-40 -4.34007e-37  3.99212e-40  1.07916e-36 -7.62789e-40 -2.48006e-36  1.34751e-39  5.24458e-36 -2.18964e-39 -1.01484e-35  3.25629e-39  1.78472e-35 -4.40274e-39 -2.82902e-35  5.36908e-39  4.00103e-35 -5.84715e-39 -4.98502e-35  5.61414e-39   5.3841e-35  -4.6714e-39 -4.93605e-35  3.28697e-39  3.73354e-35 -1.88219e-39 -2.23728e-35  8.16994e-40  9.96968e-36 -2.23344e-40 -2.93819e-36  4.52737e-42   4.1129e-37     2.72e-41  3.09724e-38 -1.19438e-41 -1.58461e-38  2.05629e-42     8.55e-40
-5.91708e-37 -2.66896e-51  2.38824e-36  4.62264e-51  1.83689e-36 -1.70332e-50 -3.01579e-35 -1.54836e-49  6.07266e-35 -1.38683e-49  -2.4505e-35 -1.02601e-48 -3.30247e-35   3.3179e-48  2.51883e-35  2.24214e-47  6.13432e-35  1.51898e-46 -3.06983e-34  8.65849e-46  5.52594e-34  2.95202e-45 -3.64295e-34  6.71129e-45   1.9509e-34  9.60429e-45 -3.38336e-34 -6.37271e-44  2.67019e-34 -2.34617e-43 -6.43091e-35 -6.68088e-43  9.92171e-35 -4.97687e-42 -1.05228e-34 -1.10441e-41  1.73489e-35  -3.6432e-41 -4.84259e-35 -6.14356e-41   7.0506e-35 -6.20303e-41 -1.83174e-35 -2.57857e-41  1.70099e-36  -6.8607e-41 -4.38244e-37  3.71838e-40 -1.00487e-35  4.75247e-40  8.24169e-36  6.23493e-40 -3.05203e-37  1.91405e-39 -7.31677e-36  1.43124e-39  5.87205e-36  2.79825e-39 -1.81298e-36  1.64265e-39  4.51552e-37   9.4126e-40 -3.63546e-37 -4.10035e-40  3.13476e-37 -8.31985e-41  1.29777e-37 -3.96165e-40 -2.06914e-37  6.19852e-40  1.60072e-37 -3.84833e-40 -1.02563e-37 -3.12004e-40  2.70757e-38  6.11748e-41 -9.84409e-39 -1.24996e-41  9.04239e-40  9.43212e-41  1.52149e-38 -3.50472e-41 -5.27645e-38  9.66393e-41  1.67561e-37 -1.20129e-40 -4.97601e-37  3.07802e-40  1.37642e-36 -6.31922e-40 -3.54227e-36   1.2407e-39  8.44874e-36  -2.2187e-39 -1.85955e-35  3.63913e-39  3.75729e-35 -5.43442e-39 -6.92586e-35   7.3227e-39  1.15588e-34 -8.79147e-39 -1.73051e-34  9.23128e-39   2.2977e-34 -8.22238e-39 -2.66703e-34  5.84531e-39  2.65679e-34 -2.78316e-39 -2.21644e-34  4.87312e-41  1.49695e-34  1.55655e-39 -7.78373e-35 -1.87425e-39  2.86468e-35  1.36742e-39 -6.22368e-36 -6.87241e-40  3.16253e-37  2.32653e-40  1.54141e-37 -4.68327e-41 -2.19489e-38  3.65119e-42
-3.92738e-53 -1.51527e-36 -3.28778e-51  4.05875e-36  2.59755e-51  1.98794e-36 -1.46854e-49 -3.57359e-35 -7.83897e-49  7.20698e-35 -1.06941e-48 -4.48911e-35 -2.97178e-48  5.31606e-36  1.07545e-47 -3.29278e-35  1.03354e-46  1.05653e-34  6.02707e-46 -3.38254e-34  2.95202e-45  6.03411e-34   8.9185e-45  -3.8182e-34   1.8689e-44  1.93336e-34  1.30785e-44 -3.55294e-34 -2.58817e-43  2.58389e-34 -9.00001e-43 -3.19734e-35 -1.92196e-42  7.34433e-35 -1.28969e-41 -7.99026e-35 -2.73825e-41   5.8021e-36 -8.57638e-41 -4.48297e-35  -1.4977e-40  6.61672e-35 -1.65956e-40 -1.63652e-35 -5.17539e-41 -1.12798e-37 -1.49436e-40   2.8129e-36  6.54596e-40 -1.16493e-35  8.38837e-40  8.65309e-36  9.21154e-40 -2.17572e-38  3.33268e-39 -8.76596e-36  2.43229e-39  7.18907e-36  4.53081e-39 -2.20725e-36  2.64427e-39  4.44111e-37  1.58899e-39 -4.88474e-37 -4.47033e-40  4.63502e-37  1.24739e-41  1.33629e-37 -5.46472e-40 -2.46839e-37   8.2263e-40  2.04837e-37 -4.94671e-40 -1.31184e-37 -4.14399e-40  4.37574e-38  8.27688e-41 -5.64835e-39 -3.23278e-42 -3.57017e-38  1.42982e-40  1.44165e-37 -9.56421e-41 -4.73574e-37  2.61823e-40  1.44842e-36 -4.18992e-40  -4.1404e-36   9.3858e-40  1.10303e-35 -1.80791e-39 -2.72983e-35  3.24429e-39   6.2501e-35   -5.258e-39 -1.31747e-34  7.63981e-39  2.54207e-34 -9.74378e-39 -4.45872e-34  1.04937e-38  7.04932e-34 -8.68947e-39 -9.94275e-34  3.66936e-39  1.23508e-33  3.96116e-39 -1.32924e-33 -1.21034e-38  1.21329e-33  1.79092e-38 -9.12511e-34 -1.92989e-38  5.42611e-34  1.62521e-38 -2.39125e-34 -1.07825e-38  6.92298e-35  5.51865e-39 -9.31177e-36  -2.0744e-39 -7.78678e-37  5.19607e-40  3.48194e-37 -6.89467e-41 -1.57516e-38
 3.86225e-37    4.388e-52 -2.91313e-36 -2.38464e-51    6.188e-36 -2.79016e-50  2.26746e-36  -8.4231e-49 -4.10626e-35 -4.11573e-48  8.16224e-35 -6.20993e-48 -6.51783e-35 -7.57532e-48  5.17067e-35  2.63509e-47 -1.02261e-34   4.1049e-46  1.47241e-34  2.12998e-45 -3.64295e-34   8.9185e-45  6.51965e-34   2.3573e-44 -3.89253e-34  4.47879e-44  1.74639e-34 -2.45344e-44 -3.50703e-34 -9.54508e-43  2.34622e-34 -3.17026e-42  2.61089e-36 -5.32254e-42  4.35491e-35 -3.18478e-41 -5.26656e-35 -6.49782e-41 -3.82367e-36 -1.92263e-40 -3.81593e-35 -3.48119e-40  6.03456e-35 -4.15629e-40 -1.52791e-35 -8.77628e-41 -1.60083e-36 -2.91833e-40  6.49914e-36  1.08134e-39 -1.37424e-35  1.43281e-39  9.01119e-36  1.18232e-39  3.37476e-37  5.53922e-39    -9.98e-36  3.95273e-39  8.33043e-36  6.91298e-39  -2.5048e-36  4.04896e-39  4.48032e-37  2.55056e-39  -6.4822e-37 -3.53902e-40   6.1072e-37  1.91799e-40  1.39682e-37 -7.12542e-40 -2.94513e-37  9.94803e-40  2.51244e-37 -6.05081e-40 -1.55784e-37 -5.42253e-40  4.21185e-38   1.2093e-40   8.2522e-38  7.85022e-42 -3.72037e-37  2.54538e-40  1.27166e-36 -2.71327e-40 -4.01727e-36  6.81895e-40  1.18664e-35 -1.17634e-39 -3.27263e-35  2.32143e-39  8.40026e-35 -3.96498e-39 -1.99927e-34  6.01192e-39  4.39215e-34 -7.61245e-39 -8.85919e-34  7.06573e-39  1.63023e-33 -1.79817e-39 -2.71582e-33 -1.08186e-38   4.0576e-33  3.18115e-38 -5.37423e-33 -5.87074e-38   6.2188e-33  8.48462e-38 -6.16997e-33 -1.01318e-37  5.11932e-33   1.0137e-37 -3.43108e-33 -8.47228e-38  1.76376e-33  5.83029e-38 -6.36913e-34 -3.21786e-38  1.32839e-34  1.36431e-38 -4.80905e-36  -4.1282e-39 -3.65551e-36  7.70364e-40  4.57909e-37 -5.71663e-41
 3.33459e-52  8.99596e-37  3.27816e-51 -4.76573e-36 -9.42802e-52  8.54732e-36 -2.95799e-49  2.99607e-36 -4.39912e-48 -4.66643e-35  -2.0318e-47  8.97554e-35  -3.0355e-47 -8.42298e-35 -1.93612e-47  1.02602e-34  1.96433e-47 -1.75361e-34  1.41172e-45    1.789e-34  6.71129e-45  -3.8182e-34   2.3573e-44  6.95007e-34  5.24659e-44 -3.87148e-34  8.56381e-44  1.42905e-34 -2.85033e-43 -3.26878e-34 -3.24707e-42  1.98333e-34 -1.03453e-41  3.61982e-35 -1.41426e-41  1.25186e-35 -7.48946e-41 -2.72007e-35 -1.47376e-40 -1.12839e-35 -4.10616e-40 -2.81199e-35 -7.71696e-40  5.37749e-35 -9.79857e-40 -1.49793e-35 -1.13016e-40 -2.61709e-36 -5.11043e-40   1.0591e-35   1.6698e-39  -1.6782e-35   2.3936e-39  9.43099e-36  1.18523e-39  6.89876e-37  8.81197e-39 -1.08552e-35  6.16972e-39  9.23768e-36  9.94337e-39 -2.70103e-36  5.91964e-39  5.01628e-37  3.91267e-39 -8.45172e-37 -8.95966e-42  7.39829e-37    4.681e-40   1.4631e-37 -8.74918e-40 -3.46545e-37  1.07608e-39  2.82116e-37 -6.98757e-40 -1.27403e-37 -7.06348e-40  -1.6026e-37  1.99399e-40  9.14901e-37 -2.97868e-42 -3.26567e-36  5.02617e-40  1.06517e-35 -6.69278e-40 -3.25149e-35  1.45879e-39  9.27946e-35  -2.2532e-39  -2.4691e-34  3.36708e-39  6.10385e-34 -3.36271e-39 -1.39611e-33 -2.58711e-40  2.93996e-33  1.23665e-38 -5.66659e-33 -3.97527e-38  9.92659e-33  8.92063e-38 -1.56699e-32 -1.63194e-37  2.20578e-32  2.54558e-37 -2.73282e-32 -3.43776e-37   2.9308e-32  4.03095e-37 -2.66216e-32  -4.0857e-37  1.98843e-32  3.54343e-37 -1.17033e-32 -2.58705e-37  5.07287e-33  1.55207e-37 -1.42249e-33 -7.37974e-38  1.71931e-34  2.62628e-38  2.21454e-35 -6.31846e-39 -7.59241e-36  8.14842e-40  2.92426e-37
