 6.09244e-05  -1.0581e-19 -0.000448075  1.27988e-18   0.00112208 -3.05533e-18  -0.00128995  3.06191e-18  0.000440923 -1.06513e-18  0.000447416 -6.46704e-19 -0.000338877   7.7355e-19 -0.000130762 -2.92779e-19  0.000112295  3.54253e-20  3.48277e-05  1.56363e-21 -7.72118e-06
 -1.0581e-19  0.000656945 -9.21919e-19  -0.00258154  5.20573e-18   0.00440419  -8.4506e-18  -0.00323588   5.9989e-18 -0.000263897 -1.03861e-18   0.00173268 -1.49393e-18 -0.000294177  1.29169e-18 -0.000605207 -5.66088e-19  8.90523e-05    8.084e-20  0.000106703  6.87591e-21
-0.000448075 -9.21919e-19   0.00330904  -2.5224e-18  -0.00836417  9.76271e-18   0.00982528 -1.07898e-17  -0.00368258  4.89813e-18  -0.00321458  6.53239e-19   0.00287152 -2.10567e-18  0.000750612  1.87303e-18  -0.00102103 -8.63091e-19 -0.000165828   7.2897e-20  0.000106003
 1.27988e-18  -0.00258154  -2.5224e-18    0.0102437 -4.44568e-18   -0.0178636  1.12188e-17    0.0139318 -8.02661e-18  2.13235e-05  2.01497e-18  -0.00716538  8.17762e-19    0.0021831 -1.70874e-18   0.00233406  2.25267e-18 -0.000864212 -8.13162e-19 -0.000427745 -1.24972e-20
  0.00112208  5.20573e-18  -0.00836417 -4.44568e-18    0.0216117  -4.8563e-18   -0.0267206     6.36e-18    0.0122368 -1.86891e-18   0.00692901  4.35199e-20  -0.00904838 -1.07654e-18 -0.000316546 -1.15819e-18   0.00329769   1.9908e-18 -0.000261618 -3.61627e-19 -0.000462325
-3.05533e-18   0.00440419  9.76271e-18   -0.0178636  -4.8563e-18    0.0327192 -2.01534e-18   -0.0289032 -1.87633e-18   0.00483824  3.51253e-18    0.0126776  7.00633e-19  -0.00778501  -3.2866e-18  -0.00292677  -9.2765e-19   0.00329114  1.25065e-18  0.000314038  9.36681e-21
 -0.00128995  -8.4506e-18   0.00982528  1.12188e-17   -0.0267206 -2.01534e-18    0.0369307  1.96534e-18   -0.0235829 -6.97405e-18  -0.00307423  4.87946e-18    0.0147251   4.2435e-18   -0.0051664 -4.19477e-18  -0.00459012 -9.15427e-19    0.0027627  8.35562e-19  0.000676417
 3.06191e-18  -0.00323588 -1.07898e-17    0.0139318     6.36e-18   -0.0289032  1.96534e-18    0.0330191  3.70599e-18   -0.0162935 -7.43971e-18  -0.00759652  1.84805e-18    0.0144676  8.47544e-18  -0.00286234 -3.88281e-18  -0.00546954 -9.58905e-19   0.00205384  1.15695e-18
 0.000440923   5.9989e-18  -0.00368258 -8.02661e-18    0.0122368 -1.87633e-18   -0.0235829  3.70599e-18    0.0265923  3.29155e-18   -0.0118552 -6.81554e-18  -0.00948654 -2.83927e-18    0.0138961  1.02728e-17  -0.00107831 -3.97215e-18  -0.00596114 -7.09661e-19   0.00126876
-1.06513e-18 -0.000263897  4.89813e-18  2.13235e-05 -1.86891e-18   0.00483824 -6.97405e-18   -0.0162935  3.29155e-18    0.0227888  3.69703e-18   -0.0100768 -8.55563e-18   -0.0107539 -3.91496e-18    0.0135354  8.93965e-18  0.000463239 -5.29128e-18  -0.00582469  -9.5256e-19
 0.000447416 -1.03861e-18  -0.00321458  2.01497e-18   0.00692901  3.51253e-18  -0.00307423 -7.43971e-18   -0.0118552  3.69703e-18    0.0216441  6.78307e-18  -0.00910452 -1.33649e-17   -0.0120464  1.16047e-18    0.0132277  7.12768e-18   0.00172077 -6.03242e-18  -0.00640649
-6.46704e-19   0.00173268  6.53239e-19  -0.00716538  4.35199e-20    0.0126776  4.87946e-18  -0.00759652 -6.81554e-18   -0.0100768  6.78307e-18     0.021398  1.09269e-17  -0.00835359 -1.88394e-17   -0.0133093  7.30191e-18    0.0132401  7.14907e-18   0.00266461 -2.63375e-18
-0.000338877 -1.49393e-18   0.00287152  8.17762e-19  -0.00904838  7.00633e-19    0.0147251  1.84805e-18  -0.00948654 -8.55563e-18  -0.00910452  1.09269e-17    0.0215468  1.28652e-17  -0.00801968 -2.08193e-17   -0.0148275  6.97158e-18    0.0139512  7.07454e-18   0.00552021
  7.7355e-19 -0.000294177 -2.10567e-18    0.0021831 -1.07654e-18  -0.00778501   4.2435e-18    0.0144676 -2.83927e-18   -0.0107539 -1.33649e-17  -0.00835359  1.28652e-17    0.0223505  1.14104e-17  -0.00793878 -1.69605e-17    -0.017196 -2.08984e-20    0.0121149  7.20382e-18
-0.000130762  1.29169e-18  0.000750612 -1.70874e-18 -0.000316546  -3.2866e-18   -0.0051664  8.47544e-18    0.0138961 -3.91496e-18   -0.0120464 -1.88394e-17  -0.00801968  1.14104e-17     0.023877  8.47411e-18   -0.0074577 -1.05527e-17   -0.0196233 -4.02372e-18    0.0210447
-2.92779e-19 -0.000605207  1.87303e-18   0.00233406 -1.15819e-18  -0.00292677 -4.19477e-18  -0.00286234  1.02728e-17    0.0135354  1.16047e-18   -0.0133093 -2.08193e-17  -0.00793878  8.47411e-18    0.0256923  6.63551e-18  -0.00962388 -7.09495e-18   -0.0196011 -4.62837e-18
 0.000112295 -5.66088e-19  -0.00102103  2.25267e-18   0.00329769  -9.2765e-19  -0.00459012 -3.88281e-18  -0.00107831  8.93965e-18    0.0132277  7.30191e-18   -0.0148275 -1.69605e-17   -0.0074577  6.63551e-18    0.0301736  7.23979e-18   -0.0111052 -1.07364e-17   -0.0550648
 3.54253e-20  8.90523e-05 -8.63091e-19 -0.000864212   1.9908e-18   0.00329114 -9.15427e-19  -0.00546954 -3.97215e-18  0.000463239  7.12768e-18    0.0132401  6.97158e-18    -0.017196 -1.05527e-17  -0.00962388  7.23979e-18    0.0392901  1.04909e-17  -0.00111109 -2.55285e-17
 3.48277e-05    8.084e-20 -0.000165828 -8.13162e-19 -0.000261618  1.25065e-18    0.0027627 -9.58905e-19  -0.00596114 -5.29128e-18   0.00172077  7.14907e-18    0.0139512 -2.08984e-20   -0.0196233 -7.09495e-18   -0.0111052  1.04909e-17     0.043972   3.9936e-18   -0.0459886
 1.56363e-21  0.000106703   7.2897e-20 -0.000427745 -3.61627e-19  0.000314038  8.35562e-19   0.00205384 -7.09661e-19  -0.00582469 -6.03242e-18   0.00266461  7.07454e-18    0.0121149 -4.02372e-18   -0.0196011 -1.07364e-17  -0.00111109   3.9936e-18      0.03103  6.53699e-17
-7.72118e-06  6.87591e-21  0.000106003 -1.24972e-20 -0.000462325  9.36681e-21  0.000676417  1.15695e-18   0.00126876  -9.5256e-19  -0.00640649 -2.63375e-18   0.00552021  7.20382e-18    0.0210447 -4.62837e-18   -0.0550648 -2.55285e-17   -0.0459886  6.53699e-17     0.531093
