 1.52078e-05 -3.86528e-20 -0.000140041  5.56612e-19  0.000444207 -2.09689e-18 -0.000706829  3.72291e-18  0.000569232 -3.70746e-18 -0.000134569  2.00006e-18 -0.000122752 -3.61249e-19  8.32506e-05 -2.04471e-19 -4.48902e-07  1.12246e-19 -9.27001e-06 -1.06548e-20  1.02113e-06
-3.86528e-20  0.000206261 -3.45812e-19  -0.00102234  3.34415e-18    0.0022919 -9.31603e-18  -0.00269106  1.30771e-17   0.00145061   -1.048e-17  0.000103245  4.41689e-18  -0.00051104 -2.61136e-19  0.000161228 -5.73624e-19  3.71711e-05  1.68202e-19 -1.94763e-05 -5.30694e-21
-0.000140041 -3.45812e-19   0.00131142 -1.67602e-18  -0.00426478  1.15636e-17   0.00705037 -2.47563e-17  -0.00606717  2.83267e-17   0.00179145 -1.84275e-17   0.00119073   5.7201e-18  -0.00106872  6.29985e-19  0.000125852  -8.9598e-19  0.000100898  1.11626e-19 -1.94666e-05
 5.56612e-19  -0.00102234 -1.67602e-18   0.00519501 -5.66771e-18   -0.0120893  2.76766e-17    0.0150666 -4.72008e-17  -0.00917104  4.45542e-17  0.000268313 -2.39993e-17   0.00307991  4.73545e-18  -0.00143841  1.95493e-18 -5.25427e-05 -9.36662e-19  0.000138619  1.08008e-19
 0.000444207  3.34415e-18  -0.00426478 -5.66771e-18     0.014393 -1.19704e-17    -0.025178  4.65337e-17    0.0238607 -6.68649e-17  -0.00930554  5.34422e-17  -0.00346784 -2.29479e-17    0.0049911  7.46527e-19  -0.00137483  3.13446e-18 -0.000249592 -5.01718e-19  0.000108696
-2.09689e-18    0.0022919  1.15636e-17   -0.0120893 -1.19704e-17    0.0297424 -2.04162e-17   -0.0404375  6.40019e-17    0.0290534 -7.89293e-17    -0.005156  5.53765e-17  -0.00818279 -1.68629e-17   0.00611675 -4.53297e-18  -0.00101127   4.0134e-18 -0.000305619 -1.64267e-18
-0.000706829 -9.31603e-18   0.00705037  2.76766e-17    -0.025178 -2.04162e-17    0.0479251 -2.62836e-17   -0.0520698  7.33207e-17    0.0279023 -8.16231e-17   0.00185303  4.93898e-17   -0.0121348  -6.3151e-18   0.00631759  -8.1871e-18 -0.000690675   1.3132e-18 -0.000181739
 3.72291e-18  -0.00269106 -2.47563e-17    0.0150666  4.65337e-17   -0.0404375 -2.62836e-17    0.0625854 -3.00916e-17   -0.0559967  7.78264e-17    0.0215974 -8.42452e-17   0.00891698  4.22455e-17   -0.0144554  4.68877e-18   0.00601433 -1.37963e-17 -0.000597379  1.53196e-17
 0.000569232  1.30771e-17  -0.00606717 -4.72008e-17    0.0238607  6.40019e-17   -0.0520698 -3.00916e-17    0.0690953 -3.26036e-17   -0.0529631  8.65086e-17    0.0137857 -9.16409e-17    0.0140743  3.66982e-17   -0.0153066   3.9093e-18   0.00554294  5.53484e-18  -0.00053765
-3.70746e-18   0.00145061  2.83267e-17  -0.00917104 -6.68649e-17    0.0290534  7.33207e-17   -0.0559967 -3.26036e-17    0.0679775 -3.76557e-17   -0.0470708  1.04961e-16   0.00753869  -9.9712e-17     0.016848  2.00424e-17   -0.0149874  3.90421e-17   0.00466077 -9.69851e-17
-0.000134569   -1.048e-17   0.00179145  4.45542e-17  -0.00930554 -7.89293e-17    0.0279023  7.78264e-17   -0.0529631 -3.76557e-17    0.0634621 -4.81809e-17     -0.04217  1.32125e-16   0.00412408 -1.14575e-16    0.0172255  5.25662e-17   -0.0130965 -6.66032e-17   0.00283608
 2.00006e-18  0.000103245 -1.84275e-17  0.000268313  5.34422e-17    -0.005156 -8.16231e-17    0.0215974  8.65086e-17   -0.0470708 -4.81809e-17    0.0596724  -5.8308e-17   -0.0401478  1.32297e-16   0.00400308 -4.12106e-17    0.0145122 -1.50536e-16  -0.00892061  4.46029e-16
-0.000122752  4.41689e-18   0.00119073 -2.39993e-17  -0.00346784  5.53765e-17   0.00185303 -8.42452e-17    0.0137857  1.04961e-16     -0.04217  -5.8308e-17     0.058724 -8.40954e-17    -0.041828  1.84572e-16   0.00816692 -2.08458e-16    0.0078632  3.22159e-16  -0.00345026
-3.61249e-19  -0.00051104   5.7201e-18   0.00307991 -2.29479e-17  -0.00818279  4.93898e-17   0.00891698 -9.16409e-17   0.00753869  1.32125e-16   -0.0401478 -8.40954e-17     0.061575 -7.32722e-18   -0.0483755 -1.27954e-16    0.0173935  6.16993e-16  -0.00074682  -1.4931e-15
 8.32506e-05 -2.61136e-19  -0.00106872  4.73545e-18    0.0049911 -1.68629e-17   -0.0121348  4.22455e-17    0.0140743  -9.9712e-17   0.00412408  1.32297e-16    -0.041828 -7.32722e-18    0.0694387 -2.60565e-16   -0.0603389  6.07069e-16    0.0283123 -1.10836e-15  -0.00518661
-2.04471e-19  0.000161228  6.29985e-19  -0.00143841  7.46527e-19   0.00611675  -6.3151e-18   -0.0144554  3.66982e-17     0.016848 -1.14575e-16   0.00400308  1.84572e-16   -0.0483755 -2.60565e-16    0.0827333  6.95737e-16   -0.0729583  -1.8342e-15    0.0314929  3.57069e-15
-4.48902e-07 -5.73624e-19  0.000125852  1.95493e-18  -0.00137483 -4.53297e-18   0.00631759  4.68877e-18   -0.0153066  2.00424e-17    0.0172255 -4.12106e-17   0.00816692 -1.27954e-16   -0.0603389  6.95737e-16    0.0960985 -1.71416e-15   -0.0738043  2.90655e-15    0.0204064
 1.12246e-19  3.71711e-05  -8.9598e-19 -5.25427e-05  3.13446e-18  -0.00101127  -8.1871e-18   0.00601433   3.9093e-18   -0.0149874  5.25662e-17    0.0145122 -2.08458e-16    0.0173935  6.07069e-16   -0.0729583 -1.71416e-15    0.0958611   3.8142e-15   -0.0537367  -5.9061e-15
-9.27001e-06  1.68202e-19  0.000100898 -9.36662e-19 -0.000249592   4.0134e-18 -0.000690675 -1.37963e-17   0.00554294  3.90421e-17   -0.0130965 -1.50536e-16    0.0078632  6.16993e-16    0.0283123  -1.8342e-15   -0.0738043   3.8142e-15    0.0717429 -5.37429e-15   -0.0228042
-1.06548e-20 -1.94763e-05  1.11626e-19  0.000138619 -5.01718e-19 -0.000305619   1.3132e-18 -0.000597379  5.53484e-18   0.00466077 -6.66032e-17  -0.00892061  3.22159e-16  -0.00074682 -1.10836e-15    0.0314929  2.90655e-15   -0.0537367 -5.37429e-15    0.0344292  6.10211e-15
 1.02113e-06 -5.30694e-21 -1.94666e-05  1.08008e-19  0.000108696 -1.64267e-18 -0.000181739  1.53196e-17  -0.00053765 -9.69851e-17   0.00283608  4.46029e-16  -0.00345026  -1.4931e-15  -0.00518661  3.57069e-15    0.0204064  -5.9061e-15   -0.0228042  6.10211e-15   0.00781625
