   0.0022981  4.48511e-20  -0.00945738 -5.10986e-19    0.0107599  1.15851e-18  -0.00145989 -1.03492e-18  -0.00435674  2.56885e-19  0.000698746  5.25615e-20   0.00159894 -4.62949e-20  5.62916e-05  1.06091e-20 -0.000347937 -1.96222e-21 -8.76727e-05  -1.4911e-21   3.8431e-06
 4.48511e-20    0.0143563  3.40121e-19   -0.0298155 -2.07926e-18    0.0186038  3.26039e-18   0.00641544 -1.84565e-18  -0.00888662  7.39466e-20  -0.00247611  1.63754e-19   0.00276642 -7.77195e-20   0.00112245  1.72863e-20 -0.000323587 -1.02067e-20 -0.000188379 -4.33675e-21
 -0.00945738  3.40121e-19    0.0403628   1.1417e-18   -0.0499672 -4.57688e-18    0.0122614  5.18284e-18    0.0190144 -1.55726e-18  -0.00741878 -2.11449e-19  -0.00723656  1.23921e-19   0.00179382 -4.33373e-20   0.00214496  5.46453e-20  0.000112438 -2.49319e-20 -0.000121673
-5.10986e-19   -0.0298155   1.1417e-18    0.0670535  2.24397e-18   -0.0518274 -6.78789e-18  -0.00551899  5.05526e-18    0.0253389   -3.261e-19 -0.000664897 -1.98201e-19  -0.00966785  -6.6489e-20 -0.000538295  3.61156e-20   0.00230159  8.91569e-20  0.000538591 -3.45117e-20
   0.0107599 -2.07926e-18   -0.0499672  2.24397e-18    0.0740333  3.20666e-18   -0.0361581  -7.4448e-18   -0.0198775   2.7891e-18    0.0231282  6.13719e-19   0.00581821 -8.66021e-21  -0.00931637 -1.65642e-19  -0.00271562  1.26217e-19   0.00166781  6.92492e-20  0.000545161
 1.15851e-18    0.0186038 -4.57688e-18   -0.0518274  3.20666e-18    0.0610904  3.83177e-18   -0.0201384 -6.05786e-18   -0.0249041  4.70794e-19    0.0183072  5.11997e-19   0.00988647 -5.56253e-20  -0.00768596 -8.47518e-20  -0.00422197  2.44721e-19  0.000550195 -4.68715e-21
 -0.00145989  3.26039e-18    0.0122614 -6.78789e-18   -0.0361581  3.83177e-18    0.0461297  3.67822e-18    -0.012599  -3.3215e-18   -0.0256994 -2.68783e-19    0.0143598  -2.5663e-19    0.0124931 -4.30746e-19  -0.00552313   2.7767e-20  -0.00497709  3.86772e-19 -0.000462467
-1.03492e-18   0.00641544  5.18284e-18  -0.00551899  -7.4448e-18   -0.0201384  3.67822e-18    0.0390968  2.37736e-18  -0.00967442 -5.40698e-19   -0.0263207  3.46871e-19    0.0110649  -9.2411e-19    0.0143714 -8.06923e-19  -0.00292885  3.32134e-20  -0.00451767  3.39817e-19
 -0.00435674 -1.84565e-18    0.0190144  5.05526e-18   -0.0198775 -6.05786e-18    -0.012599  2.37736e-18    0.0367155   4.0256e-19  -0.00744667  1.46693e-18   -0.0271084  1.35896e-18   0.00790784 -1.07098e-18    0.0156645 -1.04683e-18  0.000320086  2.18759e-20  -0.00222645
 2.56885e-19  -0.00888662 -1.55726e-18    0.0253389   2.7891e-18   -0.0249041  -3.3215e-18  -0.00967442   4.0256e-19    0.0352718 -1.41655e-18  -0.00551974  2.53669e-18   -0.0279726  2.13973e-18   0.00463724 -8.45129e-19    0.0164809 -1.50559e-18   0.00409554  2.99428e-19
 0.000698746  7.39466e-20  -0.00741878   -3.261e-19    0.0231282  4.70794e-19   -0.0256994 -5.40698e-19  -0.00744667 -1.41655e-18    0.0345007 -2.63439e-18  -0.00392469  2.73908e-18   -0.0291273  2.32716e-18    0.0010439 -6.56161e-19    0.0162611 -1.99752e-18   0.00524762
 5.25615e-20  -0.00247611 -2.11449e-19 -0.000664897  6.13719e-19    0.0183072 -2.68783e-19   -0.0263207  1.46693e-18  -0.00551974 -2.63439e-18    0.0345752 -3.26114e-18  -0.00242844  2.30545e-18   -0.0305315  1.91231e-18  -0.00350878 -7.82521e-19    0.0116969 -1.36063e-18
  0.00159894  1.63754e-19  -0.00723656 -1.98201e-19   0.00581821  5.11997e-19    0.0143598  3.46871e-19   -0.0271084  2.53669e-18  -0.00392469 -3.26114e-18    0.0353944 -3.27675e-18 -0.000694286  1.77911e-18   -0.0324022  1.75227e-18   -0.0117378 -2.31759e-18   0.00216519
-4.62949e-20   0.00276642  1.23921e-19  -0.00966785 -8.66021e-21   0.00988647  -2.5663e-19    0.0110649  1.35896e-18   -0.0279726  2.73908e-18  -0.00242844 -3.27675e-18    0.0372296  -2.1952e-18   0.00160825  1.52034e-18   -0.0360869  1.81113e-18   -0.0213656 -4.19205e-18
 5.62916e-05 -7.77195e-20   0.00179382  -6.6489e-20  -0.00931637 -5.56253e-20    0.0124931  -9.2411e-19   0.00790784  2.13973e-18   -0.0291273  2.30545e-18 -0.000694286  -2.1952e-18    0.0402081  -2.7202e-21   0.00332386   1.8209e-19   -0.0378294 -1.63662e-19   -0.0185339
 1.06091e-20   0.00112245 -4.33373e-20 -0.000538295 -1.65642e-19  -0.00768596 -4.30746e-19    0.0143714 -1.07098e-18   0.00463724  2.32716e-18   -0.0305315  1.77911e-18   0.00160825  -2.7202e-21    0.0437363  1.39749e-19    0.0097257  -5.7292e-19    -0.022154 -3.65528e-18
-0.000347937  1.72863e-20   0.00214496  3.61156e-20  -0.00271562 -8.47518e-20  -0.00552313 -8.06923e-19    0.0156645 -8.45129e-19    0.0010439  1.91231e-18   -0.0324022  1.52034e-18   0.00332386  1.39749e-19    0.0518842 -7.22406e-18    0.0334533  3.77108e-18   0.00408079
-1.96222e-21 -0.000323587  5.46453e-20   0.00230159  1.26217e-19  -0.00422197   2.7767e-20  -0.00292885 -1.04683e-18    0.0164809 -6.56161e-19  -0.00350878  1.75227e-18   -0.0360869   1.8209e-19    0.0097257 -7.22406e-18    0.0783605 -1.01944e-17    0.0633985   2.7111e-18
-8.76727e-05 -1.02067e-20  0.000112438  8.91569e-20   0.00166781  2.44721e-19  -0.00497709  3.32134e-20  0.000320086 -1.50559e-18    0.0162611 -7.82521e-19   -0.0117378  1.81113e-18   -0.0378294  -5.7292e-19    0.0334533 -1.01944e-17     0.106319   9.8839e-18    0.0530402
 -1.4911e-21 -0.000188379 -2.49319e-20  0.000538591  6.92492e-20  0.000550195  3.86772e-19  -0.00451767  2.18759e-20   0.00409554 -1.99752e-18    0.0116969 -2.31759e-18   -0.0213656 -1.63662e-19    -0.022154  3.77108e-18    0.0633985   9.8839e-18    0.0892295  1.51815e-17
  3.8431e-06 -4.33675e-21 -0.000121673 -3.45117e-20  0.000545161 -4.68715e-21 -0.000462467  3.39817e-19  -0.00222645  2.99428e-19   0.00524762 -1.36063e-18   0.00216519 -4.19205e-18   -0.0185339 -3.65528e-18   0.00408079   2.7111e-18    0.0530402  1.51815e-17    0.0321538
