 0.000139436  1.05719e-19 -0.000891703 -1.04255e-18   0.00183913  2.41841e-18  -0.00163856 -2.07358e-18  0.000363461 -1.37928e-19  0.000381477  1.59826e-18 -0.000195306 -1.21423e-18 -4.51601e-05  3.85348e-19  3.35006e-05 -5.48829e-20  1.47509e-06  6.17389e-21 -1.05366e-06
 1.05719e-19   0.00133775  6.79468e-19  -0.00455673 -4.34834e-18   0.00644543   7.4041e-18  -0.00374945 -4.32565e-18 -0.000316441 -1.88849e-18   0.00128147  4.11505e-18  -0.00023697 -2.23152e-18 -0.000200788  4.94929e-19  5.33904e-05 -5.65317e-20  8.60715e-06  7.76176e-21
-0.000891703  6.79468e-19   0.00598386  2.35023e-18   -0.0132397 -1.08971e-17    0.0132513  1.44381e-17   -0.0043154 -5.75763e-18  -0.00266758 -4.80025e-18   0.00221338  6.15479e-18  8.67753e-05 -2.31663e-18 -0.000392685  2.93797e-19  3.98573e-05 -2.82361e-20  1.18734e-05
-1.04255e-18  -0.00455673  2.35023e-18    0.0166311  5.49838e-18   -0.0261028 -2.02301e-17    0.0185034  2.23851e-17  -0.00138408 -6.61224e-18  -0.00595641 -6.93017e-18   0.00242982  6.10749e-18  0.000710979 -1.29391e-18 -0.000500735  -3.5024e-20  6.78584e-06  6.12768e-21
  0.00183913 -4.34834e-18   -0.0132397  5.49838e-18    0.0323979  9.97911e-18   -0.0380067 -3.16571e-17    0.0184075  3.09652e-17   0.00447396 -7.60829e-18  -0.00858338 -6.96059e-18   0.00172333  3.94552e-18   0.00133455  4.46956e-20 -0.000481567 -2.39211e-19 -1.28529e-05
 2.41841e-18   0.00644543 -1.08971e-17   -0.0261028  9.97911e-18    0.0475901  1.55894e-17   -0.0434119 -4.45701e-17    0.0128162  3.83021e-17    0.0107292 -7.50605e-18  -0.00960705 -5.52426e-18  0.000514329  1.40517e-18   0.00171203  7.09652e-19 -0.000376737 -2.39045e-19
 -0.00163856   7.4041e-18    0.0132513 -2.02301e-17   -0.0380067  1.55894e-17    0.0559431  2.20121e-17   -0.0412654 -5.55501e-17   0.00490196  3.90861e-17     0.015323 -4.27557e-18  -0.00925287 -4.41369e-18  -0.00064657  5.42869e-19   0.00177494  5.27865e-19 -0.000236784
-2.07358e-18  -0.00374945  1.44381e-17    0.0185034 -3.16571e-17   -0.0434119  2.20121e-17    0.0559879   2.7495e-17    -0.034994 -5.75164e-17  -0.00212793  2.95681e-17    0.0178739  1.42797e-18  -0.00827241 -5.20871e-18  -0.00142844  1.72899e-18   0.00154706  2.02515e-19
 0.000363461 -4.32565e-18   -0.0043154  2.23851e-17    0.0184075 -4.45701e-17   -0.0412654   2.7495e-17    0.0511942  2.86648e-17    -0.028626 -4.62838e-17  -0.00705446  1.46087e-17    0.0190542  6.30021e-18  -0.00728195 -8.22648e-18  -0.00170357  3.26971e-18   0.00102638
-1.37928e-19 -0.000316441 -5.75763e-18  -0.00138408  3.09652e-17    0.0128162 -5.55501e-17    -0.034994  2.86648e-17    0.0458836  2.36209e-17   -0.0241098 -2.86289e-17   -0.0102012  5.95541e-18    0.0196261  8.27393e-18  -0.00660937 -1.15436e-17   -0.0014035  2.36424e-18
 0.000381477 -1.88849e-18  -0.00266758 -6.61224e-18   0.00447396  3.83021e-17   0.00490196 -5.75164e-17    -0.028626  2.36209e-17    0.0422954  1.56076e-17   -0.0215444 -2.01564e-17   -0.0122601  1.08828e-17    0.0200564  9.13394e-18   -0.0064021 -1.34211e-17 -0.000569752
 1.59826e-18   0.00128147 -4.80025e-18  -0.00595641 -7.60829e-18    0.0107292  3.90861e-17  -0.00212793 -4.62838e-17   -0.0241098  1.56076e-17    0.0407235  1.21233e-17    -0.020458 -3.16891e-17   -0.0136898  2.45482e-17    0.0205263  8.26131e-18   -0.0065246 -3.42069e-18
-0.000195306  4.11505e-18   0.00221338 -6.93017e-18  -0.00858338 -7.50605e-18     0.015323  2.95681e-17  -0.00705446 -2.86289e-17   -0.0215444  1.21233e-17    0.0408231  1.84624e-17    -0.020557 -5.66344e-17   -0.0146085  3.18685e-17    0.0207423  1.38646e-17  -0.00574687
-1.21423e-18  -0.00023697  6.15479e-18   0.00242982 -6.96059e-18  -0.00960705 -4.27557e-18    0.0178739  1.46087e-17   -0.0102012 -2.01564e-17    -0.020458  1.84624e-17    0.0424133  3.28599e-17   -0.0219281 -8.11505e-17   -0.0145195  4.48365e-17    0.0189169  -3.4091e-17
-4.51601e-05 -2.23152e-18  8.67753e-05  6.10749e-18   0.00172333 -5.52426e-18  -0.00925287  1.42797e-18    0.0190542  5.95541e-18   -0.0122601 -3.16891e-17    -0.020557  3.28599e-17    0.0457166   4.2589e-17   -0.0253791 -7.65968e-17   -0.0111421  9.03828e-18    0.0116605
 3.85348e-19 -0.000200788 -2.31663e-18  0.000710979  3.94552e-18  0.000514329 -4.41369e-18  -0.00827241  6.30021e-18    0.0196261  1.08828e-17   -0.0136898 -5.66344e-17   -0.0219281   4.2589e-17    0.0517288  6.25038e-17   -0.0336833 -1.32604e-16 -0.000479725    1.949e-16
 3.35006e-05  4.94929e-19 -0.000392685 -1.29391e-18   0.00133455  1.40517e-18  -0.00064657 -5.20871e-18  -0.00728195  8.27393e-18    0.0200564  2.45482e-17   -0.0146085 -8.11505e-17   -0.0253791  6.25038e-17    0.0634887  8.29502e-18   -0.0512927  1.90835e-17    0.0134394
-5.48829e-20  5.33904e-05  2.93797e-19 -0.000500735  4.46956e-20   0.00171203  5.42869e-19  -0.00142844 -8.22648e-18  -0.00660937  9.13394e-18    0.0205263  3.18685e-17   -0.0145195 -7.65968e-17   -0.0336833  8.29502e-18    0.0856927  2.03571e-16   -0.0726341 -5.15969e-16
 1.47509e-06 -5.65317e-20  3.98573e-05  -3.5024e-20 -0.000481567  7.09652e-19   0.00177494  1.72899e-18  -0.00170357 -1.15436e-17   -0.0064021  8.26131e-18    0.0207423  4.48365e-17   -0.0111421 -1.32604e-16   -0.0512927  2.03571e-16     0.112197 -2.71723e-16   -0.0667294
 6.17389e-21  8.60715e-06 -2.82361e-20  6.78584e-06 -2.39211e-19 -0.000376737  5.27865e-19   0.00154706  3.26971e-18   -0.0014035 -1.34211e-17   -0.0065246  1.38646e-17    0.0189169  9.03828e-18 -0.000479725  1.90835e-17   -0.0726341 -2.71723e-16     0.109027  7.61562e-16
-1.05366e-06  7.76176e-21  1.18734e-05  6.12768e-21 -1.28529e-05 -2.39045e-19 -0.000236784  2.02515e-19   0.00102638  2.36424e-18 -0.000569752 -3.42069e-18  -0.00574687  -3.4091e-17    0.0116605    1.949e-16    0.0134394 -5.15969e-16   -0.0667294  7.61562e-16    0.0528048
