 1.52078e-05  1.53553e-20 -0.000140041 -2.60132e-19  0.000444207   1.1497e-18 -0.000706829 -2.46277e-18  0.000569232  3.18161e-18 -0.000134569 -2.58255e-18 -0.000122752  1.40746e-18  8.32506e-05 -5.60909e-19 -4.48902e-07  1.75696e-19 -9.27001e-06 -3.30534e-20  1.02113e-06
 1.53553e-20  0.000206261  1.59311e-19  -0.00102234 -1.82825e-18    0.0022919  5.96071e-18  -0.00269106 -1.02319e-17   0.00145061  1.06814e-17  0.000103245 -7.08327e-18  -0.00051104  3.17826e-18  0.000161228 -1.08424e-18  3.71711e-05  2.79969e-19 -1.94763e-05 -2.81421e-20
-0.000140041  1.59311e-19   0.00131142  9.09569e-19  -0.00426478 -7.25578e-18   0.00705037  1.83734e-17  -0.00606717 -2.57249e-17   0.00179145  2.13712e-17   0.00119073 -1.11983e-17  -0.00106872  4.03608e-18  0.000125852 -1.17637e-18  0.000100898  2.24777e-19 -1.94666e-05
-2.60132e-19  -0.00102234  9.09569e-19   0.00519501  3.59231e-18   -0.0120893 -1.99929e-17    0.0150666  4.04091e-17  -0.00917104 -4.49349e-17  0.000268313  2.92773e-17   0.00307991 -1.15969e-17  -0.00143841  3.13102e-18 -5.25427e-05 -6.13533e-19  0.000138619 -4.26205e-20
 0.000444207 -1.82825e-18  -0.00426478  3.59231e-18     0.014393   8.2652e-18    -0.025178 -3.86286e-17    0.0238607  6.43275e-17  -0.00930554 -5.52703e-17  -0.00346784  2.61114e-17    0.0049911 -6.48742e-18  -0.00137483  6.84691e-19 -0.000249592  9.75766e-20  0.000108696
  1.1497e-18    0.0022919 -7.25578e-18   -0.0120893   8.2652e-18    0.0297424  1.71197e-17   -0.0404375 -6.13067e-17    0.0290534  7.84011e-17    -0.005156 -4.92648e-17  -0.00818279  1.38941e-17   0.00611675  6.47009e-19  -0.00101127 -2.52748e-18 -0.000305619  2.07575e-18
-0.000706829  5.96071e-18   0.00705037 -1.99929e-17    -0.025178  1.71197e-17    0.0479251  2.46748e-17   -0.0520698 -7.36347e-17    0.0279023  6.91116e-17   0.00185303 -2.75613e-17   -0.0121348  3.73512e-19   0.00631759   5.2807e-18 -0.000690675 -2.17048e-18 -0.000181739
-2.46277e-18  -0.00269106  1.83734e-17    0.0150666 -3.86286e-17   -0.0404375  2.46748e-17    0.0625854  3.09125e-17   -0.0559967 -6.77741e-17    0.0215974  4.59572e-17   0.00891698  -1.1703e-17   -0.0144554 -5.26428e-18   0.00601433  1.22593e-17 -0.000597379 -1.72648e-17
 0.000569232 -1.02319e-17  -0.00606717  4.04091e-17    0.0238607 -6.13067e-17   -0.0520698  3.09125e-17    0.0690953   2.9357e-17   -0.0529631 -4.94946e-17    0.0137857  3.31365e-17    0.0140743 -1.78372e-17   -0.0153066   3.7417e-18   0.00554294 -3.81606e-18  -0.00053765
 3.18161e-18   0.00145061 -2.57249e-17  -0.00917104  6.43275e-17    0.0290534 -7.36347e-17   -0.0559967   2.9357e-17    0.0679775  2.21288e-17   -0.0470708 -4.18449e-17   0.00753869  4.96545e-17     0.016848 -2.65719e-17   -0.0149874 -3.13839e-17   0.00466077  1.01307e-16
-0.000134569  1.06814e-17   0.00179145 -4.49349e-17  -0.00930554  7.84011e-17    0.0279023 -6.77741e-17   -0.0529631  2.21288e-17    0.0634621  2.02587e-17     -0.04217 -6.82653e-17   0.00412408  1.00946e-16    0.0172255 -7.42358e-17   -0.0130965  6.45728e-17   0.00283608
-2.58255e-18  0.000103245  2.13712e-17  0.000268313 -5.52703e-17    -0.005156  6.91116e-17    0.0215974 -4.94946e-17   -0.0470708  2.02587e-17    0.0596724  2.80296e-17   -0.0401478 -9.86938e-17   0.00400308  6.29363e-17    0.0145122   1.3773e-16  -0.00892061 -4.55061e-16
-0.000122752 -7.08327e-18   0.00119073  2.92773e-17  -0.00346784 -4.92648e-17   0.00185303  4.59572e-17    0.0137857 -4.18449e-17     -0.04217  2.80296e-17     0.058724  6.47564e-17    -0.041828 -1.90672e-16   0.00816692  2.36447e-16    0.0078632 -3.15097e-16  -0.00345026
 1.40746e-18  -0.00051104 -1.11983e-17   0.00307991  2.61114e-17  -0.00818279 -2.75613e-17   0.00891698  3.31365e-17   0.00753869 -6.82653e-17   -0.0401478  6.47564e-17     0.061575  5.71607e-18   -0.0483755  1.01622e-16    0.0173935 -6.08623e-16  -0.00074682  1.50818e-15
 8.32506e-05  3.17826e-18  -0.00106872 -1.15969e-17    0.0049911  1.38941e-17   -0.0121348  -1.1703e-17    0.0140743  4.96545e-17   0.00412408 -9.86938e-17    -0.041828  5.71607e-18    0.0694387  2.70847e-16   -0.0603389 -6.27074e-16    0.0283123  1.09644e-15  -0.00518661
-5.60909e-19  0.000161228  4.03608e-18  -0.00143841 -6.48742e-18   0.00611675  3.73512e-19   -0.0144554 -1.78372e-17     0.016848  1.00946e-16   0.00400308 -1.90672e-16   -0.0483755  2.70847e-16    0.0827333 -6.85876e-16   -0.0729583  1.83228e-15    0.0314929 -3.58716e-15
-4.48902e-07 -1.08424e-18  0.000125852  3.13102e-18  -0.00137483  6.47009e-19   0.00631759 -5.26428e-18   -0.0153066 -2.65719e-17    0.0172255  6.29363e-17   0.00816692  1.01622e-16   -0.0603389 -6.85876e-16    0.0960985   1.7193e-15   -0.0738043 -2.89628e-15    0.0204064
 1.75696e-19  3.71711e-05 -1.17637e-18 -5.25427e-05  6.84691e-19  -0.00101127   5.2807e-18   0.00601433   3.7417e-18   -0.0149874 -7.42358e-17    0.0145122  2.36447e-16    0.0173935 -6.27074e-16   -0.0729583   1.7193e-15    0.0958611 -3.81633e-15   -0.0537367  5.91853e-15
-9.27001e-06  2.80406e-19  0.000100898 -6.13762e-19 -0.000249592 -2.52302e-18 -0.000690675  1.23056e-17   0.00554294 -3.13898e-17   -0.0130965  1.37749e-16    0.0078632 -6.08465e-16    0.0283123  1.83255e-15   -0.0738043 -3.81587e-15    0.0717429  5.36929e-15   -0.0228042
-3.31634e-20 -1.94763e-05  2.23837e-19  0.000138619  8.98236e-20 -0.000305619 -2.17968e-18 -0.000597379 -3.78509e-18   0.00466077  6.43407e-17  -0.00892061  -3.1512e-16  -0.00074682  1.09627e-15    0.0314929 -2.89556e-15   -0.0537367  5.36929e-15    0.0344292 -6.10611e-15
 1.02113e-06  -2.8136e-20 -1.94666e-05 -4.25702e-20  0.000108696   2.0756e-18 -0.000181739 -1.72659e-17  -0.00053765    1.013e-16   0.00283608 -4.55069e-16  -0.00345026  1.50819e-15  -0.00518661  -3.5871e-15    0.0204064  5.91846e-15   -0.0228042 -6.10598e-15   0.00781625
