 7.09787e-08  8.64948e-25 -1.24948e-06  -1.8838e-23  7.24898e-06   1.1728e-22 -2.00792e-05 -4.16546e-22  2.71633e-05  1.00837e-21 -1.38871e-05 -1.67096e-21 -2.20851e-06   1.7942e-21  2.21374e-06 -1.29675e-21   4.1677e-07  5.95039e-22 -4.04356e-08 -3.97694e-23 -6.96123e-09
 8.64948e-25  1.86772e-06  1.06398e-23 -1.74999e-05 -1.42003e-22  7.07866e-05   6.6482e-22 -0.000142867 -2.05674e-21  0.000132894  4.70703e-21 -2.79508e-05  -7.1777e-21 -2.25411e-05  6.95874e-21  2.57986e-06 -4.95523e-21  1.83277e-06  1.92253e-21  1.28897e-07  2.88443e-23
-1.24948e-06  1.06398e-23   2.2809e-05  6.08513e-23 -0.000138612 -5.17816e-22  0.000407695  1.89029e-21 -0.000598257 -5.87441e-21  0.000350596  1.37687e-20  3.53117e-05 -1.86071e-20 -6.29155e-05  1.63414e-20 -9.54277e-06  -1.2197e-20  1.71628e-06  3.56731e-21  2.30348e-07
 -1.8838e-23 -1.74999e-05  6.08513e-23  0.000171758  1.73298e-22 -0.000737553 -7.04334e-22    0.0016108  2.18213e-21  -0.00167933 -1.19222e-20  0.000479204  3.00599e-20  0.000291539 -3.17431e-20 -6.14046e-05  2.77085e-20 -2.99703e-05 -2.30508e-20 -1.58719e-06  4.28274e-21
 7.24898e-06 -1.42003e-22 -0.000138612  1.73298e-22   0.00089418  2.55955e-23  -0.00284289  2.69696e-21   0.00463841 -4.60437e-21  -0.00323744  -2.1659e-20 -4.11354e-05  4.95486e-20  0.000655881 -2.79944e-20  6.22218e-05  3.72325e-20 -2.69359e-05 -3.27566e-20 -2.84078e-06
  1.1728e-22  7.07866e-05 -5.17816e-22 -0.000737553  2.55955e-23   0.00342243 -2.21155e-21  -0.00828383  2.10371e-20    0.0100115 -2.78339e-20  -0.00400992 -4.69802e-20   -0.0016463  4.60436e-20  0.000680608  2.31917e-20  0.000232906  3.91066e-20  5.11657e-06 -2.82055e-20
-2.00792e-05   6.6482e-22  0.000407695 -7.04334e-22  -0.00284289 -2.21155e-21    0.0100081 -1.27878e-20   -0.0187561  8.09447e-20    0.0163054 -6.44337e-20  -0.00192394 -1.23697e-19  -0.00367969 -5.20523e-20 -4.98783e-06   1.2796e-19  0.000233706   2.0804e-20  1.91187e-05
-4.16546e-22 -0.000142867  1.89029e-21    0.0016108  2.69696e-21  -0.00828383 -1.27878e-20    0.0229757 -4.86118e-20   -0.0336507  2.29948e-19    0.0195987 -5.83594e-20   0.00395201 -3.25524e-19  -0.00429535 -3.49322e-19  -0.00096963  2.10155e-19  4.53002e-05  -1.2777e-20
 2.71633e-05 -2.05674e-21 -0.000598257  2.18213e-21   0.00463841  2.10371e-20   -0.0187561 -4.86118e-20    0.0423294 -1.48222e-19   -0.0485866  5.32663e-19    0.0156152  1.46738e-19    0.0114358 -7.69877e-19  -0.00217411 -8.70326e-19  -0.00122814  1.44439e-19 -7.06611e-05
 1.00837e-21  0.000132894 -5.87441e-21  -0.00167933 -4.60437e-21    0.0100115  8.09447e-20   -0.0336507 -1.48222e-19    0.0639428 -3.85456e-19   -0.0572273  1.06268e-18   0.00331861  7.70061e-19    0.0158787 -1.54532e-18   0.00151124 -1.37859e-18 -0.000567367 -1.64176e-20
-1.38871e-05  4.70703e-21  0.000350596 -1.19222e-20  -0.00323744 -2.78339e-20    0.0163054  2.29948e-19   -0.0485866 -3.85456e-19    0.0812552 -8.75323e-19   -0.0556018  1.90727e-18   -0.0136726  1.85396e-18    0.0135853 -2.43782e-18   0.00369901 -1.40773e-18  6.78303e-05
-1.67096e-21 -2.79508e-05  1.37687e-20  0.000479204  -2.1659e-20  -0.00400992 -6.44337e-20    0.0195987  5.32663e-19   -0.0572273 -8.75323e-19    0.0899903 -1.75801e-18   -0.0444684  3.08319e-18   -0.0290479  2.92208e-18    0.0052711 -2.71484e-18   0.00279023 -7.47232e-19
-2.20851e-06  -7.1777e-21  3.53117e-05  3.00599e-20 -4.11354e-05 -4.69802e-20  -0.00192394 -5.83594e-20    0.0156152  1.06268e-18   -0.0556018 -1.75801e-18    0.0913754 -3.21305e-18   -0.0270944  4.05344e-18   -0.0365105  3.04268e-18  -0.00346513 -1.78657e-18  0.000677251
  1.7942e-21 -2.25411e-05 -1.86071e-20  0.000291539  4.95486e-20   -0.0016463 -1.23697e-19   0.00395201  1.46738e-19   0.00331861  1.90727e-18   -0.0444684 -3.21305e-18    0.0908377 -5.71902e-18   -0.0054842  3.08834e-18   -0.0318863  1.71939e-18  -0.00644849  -3.3192e-19
 2.21374e-06  6.95874e-21 -6.29155e-05 -3.17431e-20  0.000655881  4.60436e-20  -0.00367969 -3.25524e-19    0.0114358  7.70061e-19   -0.0136726  3.08319e-18   -0.0270944 -5.71902e-18    0.0939704 -1.04815e-17    0.0193967 -1.61649e-18     -0.01673 -1.34643e-19  -0.00347594
-1.29675e-21  2.57986e-06  1.63414e-20 -6.14046e-05 -2.79944e-20  0.000680608 -5.20523e-20  -0.00429535 -7.69877e-19    0.0158787  1.85396e-18   -0.0290479  4.05344e-18   -0.0054842 -1.04815e-17     0.102099 -1.84898e-17    0.0421372 -8.24104e-18 -0.000938503 -8.20431e-19
  4.1677e-07 -4.95523e-21 -9.54277e-06  2.77085e-20  6.22218e-05  2.31917e-20 -4.98783e-06 -3.49322e-19  -0.00217411 -1.54532e-18    0.0135853  2.92208e-18   -0.0365105  3.08834e-18    0.0193967 -1.84898e-17      0.10809 -2.69038e-17    0.0506997 -1.07681e-17   0.00468258
 5.95039e-22  1.83277e-06  -1.2197e-20 -2.99703e-05  3.72325e-20  0.000232906   1.2796e-19  -0.00096963 -8.70326e-19   0.00151124 -2.43782e-18    0.0052711  3.04268e-18   -0.0318863 -1.61649e-18    0.0421372 -2.69038e-17    0.0980847  -2.8087e-17    0.0380668 -6.47791e-18
-4.04356e-08  1.92253e-21  1.71628e-06 -2.30508e-20 -2.69359e-05  3.91066e-20  0.000233706  2.10155e-19  -0.00122814 -1.37859e-18   0.00369901 -2.71484e-18  -0.00346513  1.71939e-18     -0.01673 -8.24104e-18    0.0506997  -2.8087e-17    0.0663825 -1.84987e-17    0.0155221
-3.97694e-23  1.28897e-07  3.56731e-21 -1.58719e-06 -3.27566e-20  5.11657e-06   2.0804e-20  4.53002e-05  1.44439e-19 -0.000567367 -1.40773e-18   0.00279023 -1.78657e-18  -0.00644849 -1.34643e-19 -0.000938503 -1.07681e-17    0.0380668 -1.84987e-17    0.0284717 -6.19765e-18
-6.96123e-09  2.88443e-23  2.30348e-07  4.28274e-21 -2.84078e-06 -2.82055e-20  1.91187e-05  -1.2777e-20 -7.06611e-05 -1.64176e-20  6.78303e-05 -7.47232e-19  0.000677251  -3.3192e-19  -0.00347594 -8.20431e-19   0.00468258 -6.47791e-18    0.0155221 -6.19765e-18   0.00567381
