   0.0175417  4.49189e-18   -0.0316492 -1.72389e-17   0.00569954  1.36088e-17   0.00760299 -3.62485e-18  8.55881e-05  1.75836e-18  -0.00140925 -8.84554e-19 -0.000382715 -2.41348e-19  5.99457e-05  1.27133e-19  4.37335e-05  8.29966e-22   5.9588e-06  7.01266e-22  6.59689e-08
 4.49189e-18     0.055752  1.18268e-17   -0.0497144 -2.85868e-17  -0.00516066  1.28004e-17    0.0125753 -7.33304e-19   0.00333474  3.07043e-18  -0.00170685 -1.75187e-18 -0.000963259 -3.15346e-19 -6.58736e-05  9.16761e-20  4.82194e-05 -4.23961e-21  9.35746e-06  2.11201e-21
  -0.0316492  1.18268e-17    0.0839102   1.7276e-17   -0.0442387 -2.79913e-17   -0.0192751  2.71996e-18     0.011786  4.05859e-18   0.00689844  3.80268e-18 -0.000818177 -1.95671e-18  -0.00130043 -3.17787e-19 -0.000261813 -4.11991e-20  1.22579e-05 -1.39719e-20  5.05727e-06
-1.72389e-17   -0.0497144   1.7276e-17    0.0841874  1.81826e-17   -0.0277785  -2.1015e-17   -0.0275174 -7.28517e-18   0.00745605  7.71229e-18   0.00906349   3.9178e-18  0.000705765 -1.22171e-18    -0.001191 -2.44299e-19 -0.000379704 -1.67148e-19 -2.56871e-05 -1.49166e-20
  0.00569954 -2.85868e-17   -0.0442387  1.81826e-17    0.0696529   1.7329e-17   -0.0142322 -1.70709e-17   -0.0300565 -1.25322e-17   0.00245785  8.68944e-18   0.00965546  3.83474e-18     0.002271  2.44597e-19 -0.000689919 -1.17744e-19 -0.000335076 -1.81099e-19 -2.83009e-05
 1.36088e-17  -0.00516066 -2.79913e-17   -0.0277785   1.7329e-17    0.0562634  1.82686e-17  -0.00631008 -1.79658e-17   -0.0299849 -1.40718e-17  -0.00211724  6.49128e-18   0.00899124  3.89336e-18   0.00346146  1.78399e-18 -1.76676e-05  2.06446e-20  -0.00016851 -9.27883e-20
  0.00760299  1.28004e-17   -0.0192751  -2.1015e-17   -0.0142322  1.82686e-17    0.0482058  2.09377e-17  -0.00170429 -1.92335e-17   -0.0291191 -1.44569e-17  -0.00621513   1.9034e-18   0.00728523  4.13215e-18   0.00394477  2.62502e-18  0.000502883  1.24293e-19 -2.10159e-05
-3.62485e-18    0.0125753  2.71996e-18   -0.0275174 -1.70709e-17  -0.00631008  2.09377e-17    0.0438343  2.28914e-17   0.00151519 -1.73519e-17    -0.028025 -1.56003e-17  -0.00998523 -3.21072e-18   0.00463212  4.13475e-18   0.00347692  2.41944e-18  0.000602497  1.20566e-19
 8.55881e-05 -7.33304e-19     0.011786 -7.28517e-18   -0.0300565 -1.79658e-17  -0.00170429  2.28914e-17    0.0415005  2.30605e-17   0.00427286 -1.29093e-17   -0.0267272 -1.83692e-17   -0.0134269 -7.14338e-18   0.00126013  3.22369e-18   0.00214683  1.46186e-18   0.00032362
 1.75836e-18   0.00333474  4.05859e-18   0.00745605 -1.25322e-17   -0.0299849 -1.92335e-17   0.00151519  2.30605e-17    0.0404973  2.30376e-17   0.00709172 -8.65955e-18   -0.0249278 -2.20153e-17   -0.0161153 -9.28405e-18  -0.00207671   1.3656e-18  0.000629355  4.45232e-19
 -0.00140925  3.07043e-18   0.00689844  7.71229e-18   0.00245785 -1.40718e-17   -0.0291191 -1.73519e-17   0.00427286  2.30376e-17    0.0406345  2.52769e-17    0.0104981 -6.14458e-18   -0.0218853 -2.40063e-17   -0.0169406 -9.64103e-18  -0.00402408 -3.43968e-19 -0.000171726
-8.84554e-19  -0.00170685  3.80268e-18   0.00906349  8.68944e-18  -0.00211724 -1.44569e-17    -0.028025 -1.29093e-17   0.00709172  2.52769e-17      0.04205   3.0649e-17    0.0152851 -4.01566e-18   -0.0163406 -2.15893e-17   -0.0144771 -8.07454e-18  -0.00359959 -8.24525e-19
-0.000382715 -1.75187e-18 -0.000818177   3.9178e-18   0.00965546  6.49128e-18  -0.00621513 -1.56003e-17   -0.0267272 -8.65955e-18    0.0104981   3.0649e-17     0.045259  3.76309e-17     0.022501  4.64734e-19  -0.00731493  -1.4452e-17  -0.00865645 -4.95435e-18  -0.00161139
-2.41348e-19 -0.000963259 -1.95671e-18  0.000705765  3.83474e-18   0.00899124   1.9034e-18  -0.00998523 -1.83692e-17   -0.0249278 -6.14458e-18    0.0152851  3.76309e-17    0.0510153  4.37201e-17    0.0323923  7.83521e-18   0.00375137 -5.81144e-18  -0.00229688 -1.90687e-18
 5.99457e-05 -3.15346e-19  -0.00130043 -1.22171e-18     0.002271  3.89336e-18   0.00728523 -3.21072e-18   -0.0134269 -2.20153e-17   -0.0218853 -4.01566e-18     0.022501  4.37201e-17    0.0591277  4.69823e-17    0.0420858  1.45054e-17     0.011853 -1.11352e-19  0.000833384
 1.27133e-19 -6.58736e-05 -3.17787e-19    -0.001191  2.44597e-19   0.00346146  4.13215e-18   0.00463212 -7.14338e-18   -0.0161153 -2.40063e-17   -0.0163406  4.64734e-19    0.0323923  4.69823e-17      0.06609  4.54691e-17    0.0450091  1.55943e-17    0.0122133  1.05118e-18
 4.37335e-05  9.16761e-20 -0.000261813 -2.44299e-19 -0.000689919  1.78399e-18   0.00394477  4.13475e-18   0.00126013 -9.28405e-18   -0.0169406 -2.15893e-17  -0.00731493  7.83521e-18    0.0420858  4.54691e-17    0.0647553   3.7075e-17    0.0362761  1.04295e-17   0.00632922
 8.29966e-22  4.82194e-05 -4.11991e-20 -0.000379704 -1.17744e-19 -1.76676e-05  2.62502e-18   0.00347692  3.22369e-18  -0.00207671 -9.64103e-18   -0.0144771  -1.4452e-17   0.00375137  1.45054e-17    0.0450091   3.7075e-17    0.0503417  2.30277e-17     0.019906   3.7852e-18
  5.9588e-06 -4.23961e-21  1.22579e-05 -1.67148e-19 -0.000335076  2.06446e-20  0.000502883  2.41944e-18   0.00214683   1.3656e-18  -0.00402408 -8.07454e-18  -0.00865645 -5.81144e-18     0.011853  1.55943e-17    0.0362761  2.30277e-17    0.0280441  9.54182e-18   0.00617635
 7.01266e-22  9.35746e-06 -1.39719e-20 -2.56871e-05 -1.81099e-19  -0.00016851  1.24293e-19  0.000602497  1.46186e-18  0.000629355 -3.43968e-19  -0.00359959 -4.95435e-18  -0.00229688 -1.11352e-19    0.0122133  1.04295e-17     0.019906  9.54182e-18    0.0097592  2.08004e-18
 6.59689e-08  2.11201e-21  5.05727e-06 -1.49166e-20 -2.83009e-05 -9.27883e-20 -2.10159e-05  1.20566e-19   0.00032362  4.45232e-19 -0.000171726 -8.24525e-19  -0.00161139 -1.90687e-18  0.000833384  1.05118e-18   0.00632922   3.7852e-18   0.00617635  2.08004e-18   0.00157774
