 1.23199e-07 -2.41478e-09  1.38986e-06 -1.58314e-08  6.46555e-06 -5.70724e-08  1.89815e-05 -1.40785e-07  4.01747e-05 -2.59347e-07  6.50341e-05 -3.71073e-07  8.24392e-05 -4.16171e-07  8.13005e-05 -3.56065e-07  5.87511e-05 -2.05401e-07  2.33826e-05  -2.7597e-08 -9.70754e-06  1.04346e-07 -2.82116e-05  1.50661e-07 -2.90612e-05  1.20232e-07 -1.79947e-05  5.34392e-08 -4.07459e-06 -8.18078e-09  5.94298e-06 -4.25543e-08  9.92044e-06 -4.92338e-08  9.26895e-06 -3.94603e-08  6.56922e-06  -2.5163e-08  3.80945e-06 -1.33599e-08  1.85984e-06 -6.01368e-09  7.72943e-07 -2.30853e-09  2.73964e-07 -7.54633e-10  8.24407e-08 -2.08499e-10  2.08427e-08 -4.80282e-11  4.35118e-09 -9.02666e-12  7.30171e-10 -1.33848e-12  9.44048e-11 -1.48278e-13  8.75076e-12 -1.11174e-14  5.03757e-13 -4.48825e-16  1.16513e-14
-2.41478e-09  1.95976e-06 -2.72985e-08  1.28719e-05 -1.27196e-07  4.64676e-05 -3.73853e-07   0.00011473 -7.91775e-07   0.00021142 -1.28167e-06   0.00030235 -1.62291e-06  0.000338448 -1.59551e-06  0.000288114 -1.14329e-06  0.000163612 -4.38401e-07  1.74001e-05  2.17531e-07 -9.02745e-05  5.79383e-07 -0.000126793  5.87454e-07 -9.98869e-05  3.58434e-07 -4.33201e-05  7.50309e-08  8.34853e-06  -1.2721e-07  3.68879e-05 -2.06166e-07  4.21278e-05 -1.91232e-07  3.36112e-05 -1.35119e-07  2.13877e-05 -7.82371e-08  1.13434e-05 -3.81682e-08  5.10338e-06 -1.58574e-08  1.95872e-06 -5.62014e-09  6.40301e-07 -1.69137e-09  1.76938e-07 -4.27705e-10  4.07688e-08 -8.93153e-11   7.6648e-09 -1.49933e-11  1.13697e-09 -1.93927e-12  1.26006e-10 -1.79835e-13  9.45165e-12 -1.03572e-14  3.81749e-13 -2.39659e-16
 1.38986e-06 -2.72985e-08   1.5741e-05 -1.79592e-07  7.34492e-05 -6.49128e-07  0.000216103 -1.60401e-06   0.00045794 -2.95668e-06  0.000741251 -4.22642e-06  0.000937684 -4.72287e-06  0.000919264 -4.00218e-06  0.000653648 -2.23993e-06  0.000241891 -1.79218e-07 -0.000139462  1.32815e-06 -0.000347307  1.82351e-06  -0.00034751  1.42104e-06 -0.000209414  6.03493e-07 -4.08092e-05 -1.37103e-07  7.86687e-05 -5.42818e-07  0.000124654 -6.13671e-07  0.000114963 -4.87835e-07  8.10309e-05 -3.09893e-07  4.68618e-05 -1.64215e-07  2.28476e-05 -7.38484e-08  9.48959e-06 -2.83389e-08  3.36303e-06 -9.26391e-09  1.01215e-06 -2.56022e-09  2.55985e-07 -5.90012e-10   5.3467e-08 -1.10951e-10  8.97768e-09 -1.64625e-11  1.16151e-09   -1.825e-12  1.07743e-10 -1.36933e-13  6.20713e-12  -5.5324e-15  1.43674e-13
-1.58314e-08  1.28719e-05 -1.79592e-07  8.48038e-05 -8.39055e-07  0.000306853 -2.47091e-06  0.000758786 -5.23871e-06   0.00139903 -8.47949e-06   0.00199908 -1.07174e-05   0.00223054  -1.0481e-05   0.00188259 -7.40172e-06   0.00103996 -2.65024e-06  5.81665e-05  1.73286e-06 -0.000655902   4.0971e-06 -0.000884144  4.05571e-06  -0.00068304   2.4202e-06 -0.000285339  4.44669e-07   7.2561e-05 -9.47519e-07  0.000267369 -1.47745e-06  0.000300048 -1.35685e-06   0.00023788 -9.54617e-07  0.000150916 -5.51563e-07  7.99181e-05 -2.68785e-07  3.59272e-05 -1.11611e-07  1.37847e-05 -3.95503e-08  4.50599e-06 -1.19033e-08  1.24534e-06 -3.01066e-09  2.87017e-07 -6.28893e-10  5.39796e-08 -1.05611e-10  8.01033e-09 -1.36657e-11  8.88136e-10 -1.26782e-12  6.66484e-11 -7.30505e-14  2.69313e-12 -1.69111e-15
 6.46555e-06 -1.27196e-07  7.34492e-05 -8.39055e-07  0.000343533 -3.03891e-06   0.00101246 -7.51932e-06   0.00214754 -1.38674e-05   0.00347606 -1.98092e-05   0.00439042 -2.20753e-05   0.00428476 -1.85689e-05   0.00300839 -1.01429e-05   0.00104616 -3.53614e-07 -0.000758231  6.73413e-06   -0.0017235  8.94888e-06  -0.00169219  6.86988e-06  -0.00100305  2.83916e-06 -0.000177264 -7.70688e-07  0.000402406 -2.72702e-06  0.000621457 -3.04655e-06  0.000569231 -2.41122e-06  0.000400016 -1.52845e-06   0.00023098 -8.09016e-07   0.00011252 -3.63596e-07  4.67138e-05 -1.39484e-07  1.65514e-05  -4.5591e-08  4.98108e-06 -1.25996e-08   1.2598e-06 -2.90377e-09  2.63151e-07 -5.46102e-10  4.41905e-08 -8.10374e-11  5.71795e-09 -8.98468e-12  5.30461e-10 -6.74212e-13  3.05632e-11 -2.72421e-14   7.0749e-13
-5.70724e-08  4.64676e-05 -6.49128e-07  0.000306853 -3.03891e-06   0.00111227 -8.96239e-06   0.00275364 -1.90178e-05   0.00507955 -3.07841e-05   0.00725463 -3.88622e-05   0.00807705 -3.78676e-05   0.00677636 -2.64666e-05    0.0036685 -8.98597e-06  6.50603e-05  7.05349e-06  -0.00253581  1.55847e-05   -0.0033356  1.52185e-05  -0.00255141  8.99357e-06   -0.0010506  1.57244e-06  0.000289621 -3.62615e-06   0.00101455 -5.58539e-06   0.00113192 -5.11177e-06  0.000895353 -3.59065e-06  0.000567362 -2.07276e-06  0.000300238 -1.00953e-06  0.000134911 -4.19042e-07  5.17468e-05  -1.4845e-07   1.6911e-05 -4.46683e-08  4.67279e-06 -1.12955e-08  1.07673e-06 -2.35902e-09  2.02459e-07 -3.96066e-10   3.0037e-08 -5.12366e-11  3.32943e-09 -4.75208e-12  2.49774e-10  -2.7372e-13  1.00893e-11 -6.33417e-15
 1.89815e-05 -3.73853e-07  0.000216103 -2.47091e-06   0.00101246 -8.96239e-06   0.00298766 -2.21985e-05   0.00634196  -4.0959e-05    0.0102669 -5.84948e-05    0.0129577 -6.50904e-05    0.0126137 -5.45164e-05   0.00878946 -2.93345e-05   0.00293443 -1.66593e-07  -0.00243235  2.08559e-05  -0.00527933  2.72716e-05  -0.00514287  2.08501e-05  -0.00304352  8.62916e-06  -0.00054554 -2.27666e-06    0.0012045 -8.18155e-06   0.00186602 -9.15094e-06   0.00171005 -7.24397e-06   0.00120174 -4.59152e-06  0.000693814 -2.42985e-06  0.000337907 -1.09175e-06  0.000140242 -4.18679e-07  4.96716e-05 -1.36792e-07   1.4942e-05 -3.77864e-08  3.77721e-06 -8.70387e-09  7.88551e-07 -1.63593e-09  1.32336e-07 -2.42597e-10  1.71112e-08 -2.68767e-11  1.58617e-09 -2.01516e-12  9.13095e-11  -8.1349e-14  2.11163e-12
-1.40785e-07   0.00011473 -1.60401e-06  0.000758786 -7.51932e-06   0.00275364 -2.21985e-05   0.00682299 -4.71366e-05    0.0125926  -7.6324e-05    0.0179862 -9.63311e-05    0.0200125 -9.37487e-05     0.016752 -6.52512e-05    0.0089913 -2.16213e-05  4.41255e-07  1.83852e-05  -0.00648365  3.96322e-05  -0.00846843  3.86518e-05  -0.00649569  2.30293e-05   -0.0027306  4.40562e-06  0.000636017 -8.67783e-06   0.00246729 -1.36726e-05   0.00278037 -1.25815e-05   0.00220649 -8.85575e-06       0.0014 -5.11613e-06  0.000741166 -2.49215e-06  0.000333019 -1.03421e-06  0.000127685 -3.66197e-07  4.17023e-05  -1.1011e-07  1.15138e-05 -2.78195e-08  2.65053e-06 -5.80395e-09   4.9783e-07 -9.73302e-10  7.37661e-08 -1.25744e-10  8.16519e-09 -1.16454e-11  6.11615e-10   -6.697e-13  2.46639e-11 -1.54704e-14
 4.01747e-05 -7.91775e-07   0.00045794 -5.23871e-06   0.00214754 -1.90178e-05   0.00634196 -4.71366e-05    0.0134706 -8.70224e-05    0.0218187 -0.000124339    0.0275494 -0.000138416    0.0268275 -0.000115959    0.0186943 -6.23565e-05   0.00622048 -1.51502e-07  -0.00524156  4.48519e-05   -0.0113643  5.88484e-05   -0.0111438  4.54975e-05  -0.00672871  1.96695e-05  -0.00143036 -3.54978e-06   0.00231472 -1.62966e-05   0.00377118 -1.86354e-05   0.00349826 -1.48617e-05   0.00247012 -9.44932e-06   0.00142897 -5.00673e-06  0.000696399 -2.25001e-06  0.000288981 -8.62474e-07  0.000102281 -2.81533e-07   3.0734e-05 -7.76702e-08  7.75828e-06 -1.78629e-08  1.61692e-06 -3.35131e-09  2.70828e-07 -4.95952e-10  3.49423e-08 -5.48197e-11   3.2313e-09 -4.09992e-12  1.85524e-10 -1.65054e-13  4.27814e-12
-2.59347e-07   0.00021142 -2.95668e-06   0.00139903 -1.38674e-05   0.00507955  -4.0959e-05    0.0125926 -8.70224e-05    0.0232565 -0.000141021     0.033251 -0.000178217    0.0370605 -0.000173847     0.031127 -0.000121632    0.0168615 -4.12278e-05  0.000246769  3.29745e-05   -0.0118502  7.30746e-05   -0.0157321  7.24444e-05   -0.0123312  4.46883e-05  -0.00556199  1.09405e-05  0.000584126 -1.31685e-05   0.00400978 -2.28235e-05   0.00470624 -2.14726e-05   0.00378554 -1.52457e-05    0.0024157 -8.84094e-06   0.00128192 -4.31236e-06  0.000576312 -1.78947e-06  0.000220841  -6.3299e-07  7.20295e-05 -1.90012e-07  1.98481e-05 -4.79007e-08  4.55796e-06 -9.96688e-09  8.53632e-07 -1.66629e-09  1.26075e-07 -2.14532e-10  1.39047e-08 -1.97926e-11  1.03738e-09 -1.13348e-12  4.16511e-11  -2.6065e-14
 6.50341e-05 -1.28167e-06  0.000741251 -8.47949e-06   0.00347606 -3.07841e-05    0.0102669  -7.6324e-05    0.0218187 -0.000141021     0.035382 -0.000201833    0.0447817 -0.000225442    0.0438211 -0.000190247    0.0308943 -0.000104511    0.0108477 -4.04343e-06  -0.00778626  6.98773e-05   -0.0180482  9.47967e-05   -0.0182221  7.59046e-05   -0.0115997  3.63085e-05  -0.00336377  -2.3698e-07   0.00261997 -2.10857e-05   0.00512188 -2.59369e-05   0.00493908 -2.11733e-05    0.0035401 -1.35959e-05   0.00206135 -7.23389e-06   0.00100703 -3.25452e-06  0.000417916 -1.24657e-06  0.000147699  -4.0607e-07  4.42664e-05 -1.11686e-07  1.11355e-05  -2.5587e-08    2.311e-06 -4.77858e-09  3.85196e-07   -7.035e-10  4.94249e-08   -7.731e-11   4.5427e-09 -5.74493e-12  2.59068e-10 -2.29655e-13  5.93024e-12
-3.71073e-07   0.00030235 -4.22642e-06   0.00199908 -1.98092e-05   0.00725463 -5.84948e-05    0.0179862 -0.000124339     0.033251 -0.000201833    0.0476635 -0.000256043    0.0534196 -0.000251804    0.0454223 -0.000179702    0.0255139 -6.66175e-05   0.00195898  3.96737e-05   -0.0156505  9.98788e-05   -0.0220153  0.000103765   -0.0181931   6.9037e-05  -0.00939933  2.41813e-05   -0.0010662 -9.27231e-06   0.00385576  -2.4141e-05   0.00520885 -2.43862e-05   0.00436863 -1.77785e-05   0.00283654 -1.04281e-05   0.00151632 -5.10873e-06   0.00068312 -2.12062e-06  0.000261478 -7.48396e-07  8.50002e-05 -2.23709e-07  2.33052e-05 -5.60734e-08  5.31775e-06 -1.15858e-08  9.88379e-07 -1.92117e-09  1.44706e-07  -2.4506e-10  1.58033e-08 -2.23754e-11  1.16618e-09 -1.26671e-12  4.62591e-11 -2.87608e-14
 8.24392e-05 -1.62291e-06  0.000937684 -1.07174e-05   0.00439042 -3.88622e-05    0.0129577 -9.63311e-05    0.0275494 -0.000178217    0.0447817 -0.000256043    0.0570046 -0.000288421    0.0564817 -0.000248031    0.0410439 -0.000143903    0.0164007 -1.88808e-05  -0.00715129  7.68006e-05   -0.0210371   0.00011474   -0.0228456  9.92931e-05   -0.0161509  5.65438e-05  -0.00691469  1.42379e-05  0.000263028 -1.20849e-05    0.0037375  -2.0906e-05   0.00419778 -1.85773e-05   0.00316975 -1.23363e-05   0.00188661 -6.65645e-06  0.000929427 -3.00718e-06  0.000386034 -1.14972e-06  0.000135879 -3.72297e-07  4.04144e-05 -1.01466e-07  1.00603e-05 -2.29732e-08  2.06084e-06 -4.22991e-09  3.38259e-07 -6.12513e-10  4.26407e-08 -6.60514e-11  3.84114e-09 -4.80453e-12  2.14145e-10 -1.87496e-13  4.77842e-12
-4.16171e-07  0.000338448 -4.72287e-06   0.00223054 -2.20753e-05   0.00807705 -6.50904e-05    0.0200125 -0.000138416    0.0370605 -0.000225442    0.0534196 -0.000288421    0.0606239 -0.000288921    0.0529972 -0.000215448    0.0321598 -9.48476e-05   0.00657004  2.33296e-05   -0.0136954  9.70206e-05   -0.0227389  0.000113076   -0.0210672  8.68703e-05   -0.0135304  4.57465e-05  -0.00547421  1.15296e-05 -4.11178e-05 -7.14625e-06   0.00225124 -1.23632e-05   0.00241411 -1.03472e-05   0.00170585 -6.40374e-06  0.000943253 -3.20096e-06  0.000429257 -1.33186e-06  0.000163678 -4.65814e-07  5.24948e-05 -1.36826e-07  1.40914e-05 -3.34607e-08  3.12652e-06 -6.70025e-09  5.61284e-07 -1.06944e-09  7.88162e-08 -1.30343e-10  8.19097e-09 -1.12757e-11  5.69947e-10 -5.98736e-13  2.10813e-11 -1.25927e-14
 8.13005e-05 -1.59551e-06  0.000919264  -1.0481e-05   0.00428476 -3.78676e-05    0.0126137 -9.37487e-05    0.0268275 -0.000173847    0.0438211 -0.000251804    0.0564817 -0.000288921    0.0574947 -0.000258634     0.044464 -0.000166749    0.0220567 -4.97547e-05 -0.000765392  4.77187e-05   -0.0161555  9.81092e-05    -0.021272  0.000101023   -0.0183484  7.51877e-05   -0.0119245  4.26904e-05  -0.00585238  1.76213e-05  -0.00190715  3.79531e-06 -8.02265e-05 -1.38356e-06  0.000420798 -2.10166e-06  0.000367341 -1.39744e-06  0.000203119 -6.67924e-07  8.55807e-05 -2.50647e-07  2.87459e-05 -7.54618e-08  7.74619e-06 -1.81283e-08  1.64782e-06 -3.38033e-09  2.65328e-07 -4.59467e-10  2.93469e-08 -3.86609e-11  1.60527e-09 -6.78062e-13 -7.34507e-11  2.43288e-13 -1.80789e-11  2.26216e-14  -7.6225e-13
-3.56065e-07  0.000288114 -4.00218e-06   0.00188259 -1.85689e-05   0.00677636 -5.45164e-05     0.016752 -0.000115959     0.031127 -0.000190247    0.0454223 -0.000248031    0.0529972 -0.000258634    0.0491209 -0.000210592    0.0343349 -0.000120459    0.0142793 -2.26028e-05  -0.00379966  5.11813e-05   -0.0150071  8.66814e-05   -0.0185083  8.85461e-05    -0.016538  7.12746e-05   -0.0122158  4.89441e-05  -0.00787687  2.98761e-05  -0.00458258  1.66581e-05  -0.00245935  8.62957e-06  -0.00123142  4.17514e-06 -0.000574644   1.8734e-06 -0.000246914  7.67174e-07 -9.58698e-05  2.80914e-07 -3.29258e-05  8.99919e-08  -9.7834e-06  2.46559e-08 -2.45601e-06  5.63197e-09 -5.06442e-07  1.03871e-09 -8.26108e-08  1.47784e-10 -1.00696e-08  1.50655e-11 -8.29701e-10  9.52226e-13 -3.67379e-11  2.41274e-14
 5.87511e-05 -1.14329e-06  0.000653648 -7.40172e-06   0.00300839 -2.64666e-05   0.00878946 -6.52512e-05    0.0186943 -0.000121632    0.0308943 -0.000179702    0.0410439 -0.000215448     0.044464 -0.000210592     0.039011 -0.000163991    0.0263656 -9.17792e-05    0.0108671  -1.7305e-05  -0.00295128   4.0637e-05   -0.0122862   7.3808e-05   -0.0165297  8.36023e-05   -0.0166231  7.66995e-05   -0.0141287  6.09502e-05   -0.0105548  4.29387e-05  -0.00702321  2.70006e-05  -0.00417267   1.5146e-05  -0.00220756  7.54706e-06  -0.00103438  3.31926e-06 -0.000426143  1.27802e-06 -0.000152956  4.26397e-07 -4.72809e-05   1.2166e-07  -1.2398e-05  2.91705e-08 -2.70194e-06    5.737e-09 -4.75388e-07  8.93327e-10 -6.46263e-08  1.04161e-10 -6.31014e-09  8.23151e-12 -3.83059e-10  3.50553e-13  -9.3481e-12
-2.05401e-07  0.000163612 -2.23993e-06   0.00103996 -1.01429e-05    0.0036685 -2.93345e-05    0.0089913 -6.23565e-05    0.0168615 -0.000104511    0.0255139 -0.000143903    0.0321598 -0.000166749    0.0343349 -0.000163991    0.0309928 -0.000134674    0.0227475 -8.52405e-05    0.0114596 -2.67822e-05 -0.000376121  2.80423e-05   -0.0102712  6.82608e-05   -0.0164179  8.77634e-05   -0.0182318   8.7034e-05   -0.0164413   7.2141e-05   -0.0126103  5.14217e-05   -0.0083768  3.18897e-05  -0.00485487  1.72799e-05  -0.00245954  8.18125e-06   -0.0010874  3.37375e-06 -0.000417617  1.20439e-06 -0.000138256  3.68722e-07 -3.90101e-05  9.55011e-08 -9.23028e-06  2.05242e-08 -1.78919e-06  3.55773e-09  -2.7441e-07  4.76295e-10 -3.15063e-08  4.57925e-11  -2.4517e-09  2.73742e-12 -1.02825e-10  6.57965e-14
 2.33826e-05 -4.38401e-07  0.000241891 -2.65024e-06   0.00104616 -8.98597e-06   0.00293443 -2.16213e-05   0.00622048 -4.12278e-05    0.0108477 -6.66175e-05    0.0164007 -9.48476e-05    0.0220567 -0.000120459    0.0263656 -0.000134674    0.0273102 -0.000127509    0.0231629 -9.37034e-05    0.0138233 -3.84391e-05   0.00149625  2.28198e-05   -0.0101214  7.16041e-05   -0.0177153  9.58261e-05   -0.0199394  9.46545e-05    -0.017683   7.6394e-05   -0.0131007   5.2251e-05  -0.00830402  3.07718e-05    -0.004551  1.57077e-05  -0.00216438  6.95829e-06 -0.000892442   2.6675e-06 -0.000317567  8.79231e-07 -9.67029e-05  2.46559e-07 -2.48761e-05  5.79096e-08 -5.30434e-06  1.11331e-08 -9.11634e-07  1.69248e-09 -1.20946e-07  1.92532e-10 -1.15191e-08  1.48396e-11 -6.81967e-10  6.16317e-13 -1.62305e-11
 -2.7597e-08  1.74001e-05 -1.79218e-07  5.81665e-05 -3.53614e-07  6.50603e-05 -1.66593e-07  4.41255e-07 -1.51502e-07  0.000246769 -4.04343e-06   0.00195898 -1.88808e-05   0.00657004 -4.97547e-05    0.0142793 -9.17792e-05    0.0227475 -0.000127509    0.0276618 -0.000135343    0.0253366 -0.000104172    0.0154258 -4.23906e-05    0.0014526  2.64946e-05   -0.0113018  7.79648e-05    -0.018826  9.93086e-05    -0.020129  9.29761e-05   -0.0168831  7.08273e-05   -0.0117839  4.55579e-05  -0.00701236  2.51455e-05  -0.00359552  1.19869e-05  -0.00159377  4.93872e-06 -0.000609787  1.75223e-06 -0.000200234  5.31189e-07 -5.58654e-05  1.35878e-07 -1.30415e-05  2.87857e-08 -2.49008e-06  4.91181e-09 -3.75721e-07  6.46599e-10  -4.2399e-08  6.10753e-11  -3.2402e-09  3.58431e-12 -1.33367e-10  8.45222e-14
-9.70754e-06  2.17531e-07 -0.000139462  1.73286e-06 -0.000758231  7.05349e-06  -0.00243235  1.83852e-05  -0.00524156  3.29745e-05  -0.00778626  3.96737e-05  -0.00715129  2.33296e-05 -0.000765392 -2.26028e-05    0.0108671 -8.52405e-05    0.0231629 -0.000135343    0.0297591 -0.000144989    0.0266784  -0.00010648    0.0150227 -3.71864e-05  9.75706e-05  3.26204e-05   -0.0120747  7.81883e-05   -0.0180318  9.14247e-05   -0.0178622  7.96401e-05   -0.0139687  5.66189e-05  -0.00910131  3.39897e-05  -0.00505192  1.74841e-05  -0.00241131   7.7476e-06 -0.000991858  2.95614e-06 -0.000350605  9.66309e-07 -0.000105728  2.68012e-07   -2.687e-05  6.21269e-08 -5.64956e-06  1.17673e-08 -9.55857e-07  1.75974e-09 -1.24657e-07  1.96644e-10 -1.16547e-08  1.48682e-11 -6.76402e-10  6.04921e-13 -1.57588e-11
 1.04346e-07 -9.02745e-05  1.32815e-06 -0.000655902  6.73413e-06  -0.00253581  2.08559e-05  -0.00648365  4.48519e-05   -0.0118502  6.98773e-05   -0.0156505  7.68006e-05   -0.0136954  4.77187e-05  -0.00379966  -1.7305e-05    0.0114596 -9.37034e-05    0.0253366 -0.000144989    0.0309935 -0.000146154    0.0259298 -9.92633e-05    0.0132779 -2.97491e-05 -0.000715386  3.15166e-05   -0.0106548  6.54756e-05   -0.0144711   7.0586e-05   -0.0132909  5.71593e-05  -0.00967378  3.78358e-05  -0.00586756  2.11323e-05  -0.00302736  1.00915e-05  -0.00133936  4.13711e-06 -0.000508567  1.45341e-06 -0.000165023  4.34604e-07 -4.53394e-05  1.09306e-07 -1.03914e-05  2.27021e-08 -1.94245e-06  3.78729e-09 -2.86156e-07   4.8609e-10 -3.14388e-08  4.46352e-11 -2.33207e-09  2.53846e-12 -9.28585e-11  5.78012e-14
-2.82116e-05  5.79383e-07 -0.000347307   4.0971e-06   -0.0017235  1.55847e-05  -0.00527933  3.96322e-05   -0.0113643  7.30746e-05   -0.0180482  9.98788e-05   -0.0210371  9.70206e-05   -0.0161555  5.11813e-05  -0.00295128 -2.67822e-05    0.0138233 -0.000104172    0.0266784 -0.000146154    0.0301029 -0.000137532     0.023796 -8.97989e-05    0.0121347  -3.0167e-05  0.000845992  1.64643e-05  -0.00627617  3.91181e-05   -0.0085469  4.07887e-05  -0.00747395  3.11744e-05  -0.00510486  1.92811e-05  -0.00288265  9.99282e-06  -0.00137568  4.39944e-06 -0.000559195  1.65104e-06 -0.000193591  5.26484e-07 -5.67367e-05  1.41399e-07  -1.3912e-05  3.15082e-08 -2.80122e-06  5.69265e-09 -4.50191e-07  8.05011e-10 -5.52466e-08  8.41934e-11 -4.80543e-09  5.88271e-12 -2.55766e-10  2.17578e-13 -5.36208e-12
 1.50661e-07 -0.000126793  1.82351e-06 -0.000884144  8.94888e-06   -0.0033356  2.72716e-05  -0.00846843  5.88484e-05   -0.0157321  9.47967e-05   -0.0220153   0.00011474   -0.0227389  9.81092e-05   -0.0150071   4.0637e-05 -0.000376121 -3.84391e-05    0.0154258  -0.00010648    0.0259298 -0.000137532    0.0278074 -0.000126592    0.0222785 -8.84672e-05    0.0134591 -4.50667e-05   0.00545594  -1.2403e-05  0.000414066  4.57326e-06  -0.00164094  9.24503e-06   -0.0018081   7.6826e-06  -0.00124773   4.5916e-06 -0.000659942  2.17483e-06 -0.000281726  8.39219e-07 -9.83015e-05  2.64299e-07 -2.78312e-05  6.68348e-08 -6.22496e-06  1.30307e-08 -1.03423e-06  1.77565e-09 -1.07278e-07  1.15514e-10 -1.12858e-09 -1.19336e-11  1.73271e-09 -3.92355e-12  2.87082e-10 -4.08505e-13  1.87231e-11 -1.41906e-14
-2.90612e-05  5.87454e-07  -0.00034751  4.05571e-06  -0.00169219  1.52185e-05  -0.00514287  3.86518e-05   -0.0111438  7.24444e-05   -0.0182221  0.000103765   -0.0228456  0.000113076    -0.021272  8.66814e-05   -0.0122862  2.80423e-05   0.00149625 -4.23906e-05    0.0150227 -9.92633e-05     0.023796 -0.000126592     0.026129  -0.00012387    0.0232657  -0.00010183    0.0178548 -7.36251e-05    0.0122594 -4.83453e-05   0.00774535 -2.95314e-05   0.00458992 -1.70062e-05   0.00256815 -9.22778e-06    0.0013469 -4.65736e-06  0.000650931 -2.14392e-06  0.000283915 -8.81483e-07  0.000109492 -3.17316e-07  3.66137e-05 -9.80794e-08  1.04058e-05 -2.54839e-08  2.45589e-06 -5.42234e-09   4.6692e-07 -9.11165e-10  6.84041e-08  -1.1433e-10  7.17747e-09 -9.69622e-12  4.66987e-10 -4.42027e-13  1.21852e-11
 1.20232e-07 -9.98869e-05  1.42104e-06  -0.00068304  6.86988e-06  -0.00255141  2.08501e-05  -0.00649569  4.54975e-05   -0.0123312  7.59046e-05   -0.0181931  9.92931e-05   -0.0210672  0.000101023   -0.0185083   7.3808e-05   -0.0102712  2.28198e-05    0.0014526 -3.71864e-05    0.0132779 -8.97989e-05    0.0222785  -0.00012387     0.026964   -0.0001359    0.0273184 -0.000128593    0.0243127 -0.000108104    0.0193544 -8.15878e-05    0.0138525 -5.53611e-05   0.00890453 -3.36768e-05    0.0051195 -1.82731e-05   0.00261746 -8.78788e-06   0.00118182 -3.71755e-06  0.000467342  -1.3707e-06  0.000160207 -4.35449e-07  4.69897e-05 -1.17411e-07  1.15887e-05 -2.63271e-08  2.34575e-06 -4.76904e-09  3.76196e-07 -6.67965e-10  4.52098e-08 -6.72467e-11  3.68521e-09 -4.21237e-12   1.6201e-10 -1.06163e-13
-1.79947e-05  3.58434e-07 -0.000209414   2.4202e-06  -0.00100305  8.99357e-06  -0.00304352  2.30293e-05  -0.00672871  4.46883e-05   -0.0115997   6.9037e-05   -0.0161509  8.68703e-05   -0.0183484  8.85461e-05   -0.0165297  6.82608e-05   -0.0101214  2.64946e-05  9.75706e-05 -2.97491e-05    0.0121347 -8.84672e-05    0.0232657   -0.0001359     0.030859 -0.000161148    0.0333346 -0.000160351    0.0307673 -0.000137901    0.0247274 -0.000103777    0.0174462 -6.86949e-05    0.0108384 -4.00515e-05   0.00592857 -2.05418e-05   0.00284855 -9.23573e-06   0.00119673 -3.61927e-06  0.000436529 -1.22582e-06  0.000136878 -3.54611e-07  3.63813e-05 -8.61786e-08    8.037e-06 -1.71841e-08  1.43415e-06 -2.71492e-09   1.9791e-07 -3.21513e-10   1.9638e-08 -2.58368e-11  1.21303e-09 -1.12035e-12  3.01628e-11
 5.34392e-08 -4.33201e-05  6.03493e-07 -0.000285339  2.83916e-06   -0.0010506  8.62916e-06   -0.0027306  1.96695e-05  -0.00556199  3.63085e-05  -0.00939933  5.65438e-05   -0.0135304  7.51877e-05    -0.016538  8.36023e-05   -0.0164179  7.16041e-05   -0.0113018  3.26204e-05 -0.000715386  -3.0167e-05    0.0134591  -0.00010183    0.0273184 -0.000161148    0.0366813 -0.000190883    0.0391536 -0.000185981    0.0351129 -0.000154386    0.0270864 -0.000110975     0.018177 -6.96125e-05    0.0106656 -3.82188e-05   0.00547839 -1.83576e-05   0.00245874 -7.68939e-06  0.000959717 -2.79157e-06  0.000323305  -8.7018e-07    9.294e-05 -2.29765e-07  2.24324e-05  -5.0402e-08  4.44115e-06 -8.92903e-09  6.96565e-07 -1.22322e-09  8.18902e-08 -1.20496e-10  6.53324e-09 -7.38971e-12  2.81288e-10 -1.82459e-13
-4.07459e-06  7.50309e-08 -4.08092e-05  4.44669e-07 -0.000177264  1.57244e-06  -0.00054554  4.40562e-06  -0.00143036  1.09405e-05  -0.00336377  2.41813e-05  -0.00691469  4.57465e-05   -0.0119245  7.12746e-05   -0.0166231  8.77634e-05   -0.0177153  7.79648e-05   -0.0120747  3.15166e-05  0.000845992 -4.50667e-05    0.0178548 -0.000128593    0.0333346 -0.000190883    0.0422392 -0.000213738    0.0426224 -0.000196747    0.0360804 -0.000154011    0.0262181 -0.000104171    0.0165374 -6.13472e-05   0.00909866 -3.15389e-05   0.00436984 -1.41416e-05   0.00182743  -5.5079e-06  0.000661696 -1.84994e-06  0.000205584 -5.29923e-07   5.4081e-05 -1.27408e-07  1.18159e-05 -2.51209e-08  2.08454e-06 -3.92342e-09  2.84354e-07 -4.59276e-10  2.78908e-08 -3.64843e-11  1.70316e-09 -1.56413e-12  4.18743e-11
-8.18078e-09  8.34853e-06 -1.37103e-07   7.2561e-05 -7.70688e-07  0.000289621 -2.27666e-06  0.000636017 -3.54978e-06  0.000584126  -2.3698e-07   -0.0010662  1.42379e-05  -0.00547421  4.26904e-05   -0.0122158  7.66995e-05   -0.0182318  9.58261e-05    -0.018826  7.81883e-05   -0.0106548  1.64643e-05   0.00545594 -7.36251e-05    0.0243127 -0.000160351    0.0391536 -0.000213738    0.0453652 -0.000220948    0.0424974 -0.000189463    0.0335847 -0.000138642    0.0228313 -8.77593e-05     0.013477 -4.83503e-05   0.00693267 -2.32204e-05   0.00310677 -9.70102e-06   0.00120843 -3.50699e-06  0.000405124 -1.08737e-06  0.000115794 -2.85375e-07  2.77721e-05 -6.21929e-08  5.46156e-06 -1.09429e-08  8.50702e-07 -1.48867e-09  9.93102e-08 -1.45613e-10  7.86725e-09 -8.86727e-12  3.36346e-10 -2.17411e-13
 5.94298e-06  -1.2721e-07  7.86687e-05 -9.47519e-07  0.000402406 -3.62615e-06    0.0012045 -8.67783e-06   0.00231472 -1.31685e-05   0.00261997 -9.27231e-06  0.000263028  1.15296e-05  -0.00585238  4.89441e-05   -0.0141287   8.7034e-05   -0.0199394  9.93086e-05   -0.0180318  6.54756e-05  -0.00627617  -1.2403e-05    0.0122594 -0.000108104    0.0307673 -0.000185981    0.0426224 -0.000220948    0.0448269 -0.000209544    0.0387846 -0.000166686     0.028517 -0.000113706    0.0180946 -6.72256e-05   0.00997847  -3.4596e-05   0.00479218 -1.54983e-05   0.00200081 -6.02306e-06  0.000722539 -2.01676e-06  0.000223726 -5.75593e-07  5.86248e-05 -1.37826e-07  1.27548e-05 -2.70574e-08  2.24022e-06 -4.20689e-09  3.04201e-07   -4.902e-10  2.96998e-08 -3.87604e-11  1.80521e-09   -1.654e-12  4.41775e-11
-4.25543e-08  3.68879e-05 -5.42818e-07  0.000267369 -2.72702e-06   0.00101455 -8.18155e-06   0.00246729 -1.62966e-05   0.00400978 -2.10857e-05   0.00385576 -1.20849e-05 -4.11178e-05  1.76213e-05  -0.00787687  6.09502e-05   -0.0164413  9.46545e-05    -0.020129  9.14247e-05   -0.0144711  3.91181e-05  0.000414066 -4.83453e-05    0.0193544 -0.000137901    0.0351129 -0.000196747    0.0424974 -0.000209544    0.0406628 -0.000182461    0.0324969 -0.000134613     0.022222 -8.55597e-05     0.013153 -4.72148e-05   0.00677099 -2.26753e-05   0.00303257 -9.46329e-06   0.00117785 -3.41495e-06  0.000394063 -1.05642e-06  0.000112355 -2.76528e-07  2.68734e-05 -6.00933e-08  5.26934e-06 -1.05417e-08  8.18254e-07 -1.42966e-09  9.52234e-08   -1.394e-10  7.51959e-09 -8.46191e-12  3.20459e-10 -2.06812e-13
 9.92044e-06 -2.06166e-07  0.000124654 -1.47745e-06  0.000621457 -5.58539e-06   0.00186602 -1.36726e-05   0.00377118 -2.28235e-05   0.00512188  -2.4141e-05    0.0037375 -7.14625e-06  -0.00190715  2.98761e-05   -0.0105548   7.2141e-05    -0.017683  9.29761e-05   -0.0178622   7.0586e-05   -0.0085469  4.57326e-06   0.00774535 -8.15878e-05    0.0247274 -0.000154386    0.0360804 -0.000189463    0.0387846 -0.000182461    0.0339288 -0.000146311    0.0250926 -0.000100226    0.0159685 -5.93716e-05   0.00881632 -3.05709e-05   0.00423423   -1.369e-05   0.00176661 -5.31509e-06  0.000637187 -1.77719e-06  0.000196989 -5.06359e-07  5.15253e-05 -1.21018e-07  1.11881e-05 -2.37094e-08  1.96096e-06 -3.67853e-09  2.65707e-07 -4.27701e-10  2.58846e-08 -3.37439e-11  1.56982e-09 -1.43673e-12  3.83318e-11
-4.92338e-08  4.21278e-05 -6.13671e-07  0.000300048 -3.04655e-06   0.00113192 -9.15094e-06   0.00278037 -1.86354e-05   0.00470624 -2.59369e-05   0.00520885  -2.0906e-05   0.00225124  3.79531e-06  -0.00458258  4.29387e-05   -0.0126103   7.6394e-05   -0.0168831  7.96401e-05   -0.0132909  4.07887e-05  -0.00164094 -2.95314e-05    0.0138525 -0.000103777    0.0270864 -0.000154011    0.0335847 -0.000166686    0.0324969 -0.000146311    0.0261223 -0.000108399    0.0179172 -6.90451e-05    0.0106202 -3.81345e-05   0.00546941 -1.83155e-05   0.00244905 -7.64016e-06  0.000950574 -2.75475e-06  0.000317716 -8.51263e-07  9.04801e-05 -2.22546e-07  2.16128e-05 -4.82959e-08  4.23183e-06 -8.45991e-09  6.56172e-07  -1.1456e-09  7.62454e-08 -1.11532e-10  6.01166e-09 -6.75978e-12    2.558e-10 -1.64955e-13
 9.26895e-06 -1.91232e-07  0.000114963 -1.35685e-06  0.000569231 -5.11177e-06   0.00171005 -1.25815e-05   0.00349826 -2.14726e-05   0.00493908 -2.43862e-05   0.00419778 -1.23632e-05 -8.02265e-05  1.66581e-05  -0.00702321  5.14217e-05   -0.0131007  7.08273e-05   -0.0139687  5.71593e-05  -0.00747395  9.24503e-06   0.00458992 -5.53611e-05    0.0174462 -0.000110975    0.0262181 -0.000138642     0.028517 -0.000134613    0.0250926 -0.000108399    0.0186146 -7.44197e-05    0.0118644 -4.41308e-05   0.00655471 -2.27308e-05   0.00314827 -1.01777e-05   0.00131312 -3.94968e-06  0.000473352 -1.31977e-06   0.00014623 -3.75727e-07  3.82157e-05 -8.97161e-08  8.29022e-06 -1.75597e-08   1.4516e-06 -2.72163e-09  1.96487e-07 -3.16113e-10  1.91212e-08 -2.49137e-11  1.15842e-09 -1.05964e-12  2.82562e-11
-3.94603e-08  3.36112e-05 -4.87835e-07   0.00023788 -2.41122e-06  0.000895353 -7.24397e-06   0.00220649 -1.48617e-05   0.00378554 -2.11733e-05   0.00436863 -1.85773e-05   0.00241411 -1.38356e-06  -0.00245935  2.70006e-05   -0.0083768   5.2251e-05   -0.0117839  5.66189e-05  -0.00967378  3.11744e-05   -0.0018081 -1.70062e-05   0.00890453 -6.86949e-05     0.018177 -0.000104171    0.0228313 -0.000113706     0.022222 -0.000100226    0.0179172 -7.44197e-05     0.012309 -4.74556e-05   0.00730162 -2.62231e-05   0.00376134 -1.25957e-05   0.00168411  -5.2532e-06  0.000653486 -1.89341e-06  0.000218323  -5.8481e-07  6.21417e-05   -1.528e-07  1.48347e-05 -3.31392e-08  2.90281e-06 -5.80111e-09  4.49797e-07 -7.85023e-10  5.22292e-08 -7.63745e-11  4.11523e-09 -4.62575e-12  1.74985e-10 -1.12802e-13
 6.56922e-06 -1.35119e-07  8.10309e-05 -9.54617e-07  0.000400016 -3.59065e-06   0.00120174 -8.85575e-06   0.00247012 -1.52457e-05    0.0035401 -1.77785e-05   0.00316975 -1.03472e-05  0.000420798  8.62957e-06  -0.00417267  3.18897e-05  -0.00830402  4.55579e-05  -0.00910131  3.78358e-05  -0.00510486   7.6826e-06   0.00256815 -3.36768e-05    0.0108384 -6.96125e-05    0.0165374 -8.77593e-05    0.0180946 -8.55597e-05    0.0159685 -6.90451e-05    0.0118644 -4.74556e-05   0.00756819  -2.8157e-05   0.00418271 -1.45061e-05   0.00200916 -6.49505e-06  0.000837927 -2.52014e-06  0.000301992 -8.41878e-07  9.32652e-05 -2.39597e-07  2.43654e-05 -5.71901e-08  5.28363e-06 -1.11892e-08  9.24782e-07 -1.73354e-09  1.25126e-07 -2.01264e-10  1.21717e-08 -1.58557e-11  7.37092e-10 -6.74107e-13   1.7972e-11
 -2.5163e-08  2.13877e-05 -3.09893e-07  0.000150916 -1.52845e-06  0.000567362 -4.59152e-06       0.0014 -9.44932e-06    0.0024157 -1.35959e-05   0.00283654 -1.23363e-05   0.00170585 -2.10166e-06  -0.00123142   1.5146e-05  -0.00485487  3.07718e-05  -0.00701236  3.39897e-05  -0.00586756  1.92811e-05  -0.00124773 -9.22778e-06    0.0051195 -4.00515e-05    0.0106656 -6.13472e-05     0.013477 -6.72256e-05     0.013153 -5.93716e-05    0.0106202 -4.41308e-05   0.00730162  -2.8157e-05   0.00433301 -1.55633e-05   0.00223249 -7.47621e-06  0.000999613 -3.11799e-06  0.000387856 -1.12371e-06  0.000129563 -3.47027e-07  3.68719e-05  -9.0656e-08   8.8006e-06 -1.96577e-08  1.72174e-06 -3.44045e-09  2.66734e-07  -4.6548e-10  3.09663e-08 -4.52775e-11  2.43942e-09 -2.74179e-12  1.03708e-10 -6.68487e-14
 3.80945e-06 -7.82371e-08  4.68618e-05 -5.51563e-07   0.00023098 -2.07276e-06  0.000693814 -5.11613e-06   0.00142897 -8.84094e-06   0.00206135 -1.04281e-05   0.00188661 -6.40374e-06  0.000367341  4.17514e-06  -0.00220756  1.72799e-05    -0.004551  2.51455e-05  -0.00505192  2.11323e-05  -0.00288265   4.5916e-06    0.0013469 -1.82731e-05   0.00592857 -3.82188e-05   0.00909866 -4.83503e-05   0.00997847 -4.72148e-05   0.00881632 -3.81345e-05   0.00655471 -2.62231e-05   0.00418271 -1.55633e-05   0.00231213  -8.0192e-06   0.00111074 -3.59081e-06  0.000463257 -1.39329e-06  0.000166959 -4.65437e-07  5.15615e-05 -1.32459e-07  1.34699e-05 -3.16159e-08  2.92084e-06 -6.18538e-09  5.11211e-07 -9.58267e-10  6.91664e-08 -1.11252e-10  6.72805e-09 -8.76438e-12  4.07434e-10 -3.72619e-13  9.93424e-12
-1.33599e-08  1.13434e-05 -1.64215e-07  7.99181e-05 -8.09016e-07  0.000300238 -2.42985e-06  0.000741166 -5.00673e-06   0.00128192 -7.23389e-06   0.00151632 -6.65645e-06  0.000943253 -1.39744e-06 -0.000574644  7.54706e-06  -0.00245954  1.57077e-05  -0.00359552  1.74841e-05  -0.00302736  9.99282e-06 -0.000659942 -4.65736e-06   0.00261746 -2.05418e-05   0.00547839 -3.15389e-05   0.00693267  -3.4596e-05   0.00677099 -3.05709e-05   0.00546941 -2.27308e-05   0.00376134 -1.45061e-05   0.00223249  -8.0192e-06   0.00115038 -3.85263e-06  0.000515143  -1.6069e-06  0.000199895 -5.79166e-07    6.678e-05 -1.78873e-07  1.90061e-05 -4.67318e-08  4.53677e-06 -1.01341e-08  8.87648e-07 -1.77383e-09   1.3753e-07 -2.40018e-10  1.59683e-08 -2.33496e-11  1.25809e-09 -1.41414e-12  5.34938e-11  -3.4484e-14
 1.85984e-06 -3.81682e-08  2.28476e-05 -2.68785e-07   0.00011252 -1.00953e-06  0.000337907 -2.49215e-06  0.000696399 -4.31236e-06   0.00100703 -5.10873e-06  0.000929427 -3.20096e-06  0.000203119   1.8734e-06  -0.00103438  8.18125e-06  -0.00216438  1.19869e-05  -0.00241131  1.00915e-05  -0.00137568  2.17483e-06  0.000650931 -8.78788e-06   0.00284855 -1.83576e-05   0.00436984 -2.32204e-05   0.00479218 -2.26753e-05   0.00423423 -1.83155e-05   0.00314827 -1.25957e-05   0.00200916 -7.47621e-06   0.00111074 -3.85263e-06  0.000533661 -1.72533e-06  0.000222602 -6.69545e-07  8.02381e-05 -2.23699e-07  2.47836e-05 -6.36732e-08  6.47559e-06 -1.52005e-08  1.40444e-06 -2.97445e-09  2.45859e-07 -4.60914e-10  3.32719e-08 -5.35234e-11  3.23726e-09 -4.21759e-12  1.96091e-10  -1.7936e-13  4.78252e-12
-6.01368e-09  5.10338e-06 -7.38484e-08  3.59272e-05 -3.63596e-07  0.000134911 -1.09175e-06  0.000333019 -2.25001e-06  0.000576312 -3.25452e-06   0.00068312 -3.00718e-06  0.000429257 -6.67924e-07 -0.000246914  3.31926e-06   -0.0010874  6.95829e-06  -0.00159377   7.7476e-06  -0.00133936  4.39944e-06 -0.000281726 -2.14392e-06   0.00118182 -9.23573e-06   0.00245874 -1.41416e-05   0.00310677 -1.54983e-05   0.00303257   -1.369e-05   0.00244905 -1.01777e-05   0.00168411 -6.49505e-06  0.000999613 -3.59081e-06  0.000515143 -1.72533e-06  0.000230715 -7.19738e-07  8.95421e-05 -2.59462e-07  2.99202e-05 -8.01517e-08  8.51757e-06 -2.09455e-08  2.03368e-06 -4.54343e-09  3.98017e-07 -7.95498e-10  6.16868e-08 -1.07674e-10  7.16469e-09 -1.04784e-11  5.64682e-10 -6.34838e-13  2.40191e-11 -1.54865e-14
 7.72943e-07 -1.58574e-08  9.48959e-06 -1.11611e-07  4.67138e-05 -4.19042e-07  0.000140242 -1.03421e-06  0.000288981 -1.78947e-06  0.000417916 -2.12062e-06  0.000386034 -1.33186e-06  8.55807e-05  7.67174e-07 -0.000426143  3.37375e-06 -0.000892442  4.93872e-06 -0.000991858  4.13711e-06 -0.000559195  8.39219e-07  0.000283915 -3.71755e-06   0.00119673 -7.68939e-06   0.00182743 -9.70102e-06   0.00200081 -9.46329e-06   0.00176661 -7.64016e-06   0.00131312  -5.2532e-06  0.000837927 -3.11799e-06  0.000463257  -1.6069e-06  0.000222602 -7.19738e-07  9.28705e-05 -2.79369e-07  3.34838e-05 -9.33637e-08  1.03453e-05 -2.65828e-08  2.70393e-06 -6.34817e-09  5.86639e-07 -1.24266e-09  1.02734e-07 -1.92635e-10  1.39085e-08 -2.23789e-11  1.35383e-09  -1.7642e-12  8.20428e-11   -7.506e-14   2.0019e-12
-2.30853e-09  1.95872e-06 -2.83389e-08  1.37847e-05 -1.39484e-07  5.17468e-05 -4.18679e-07  0.000127685 -8.62474e-07  0.000220841 -1.24657e-06  0.000261478 -1.14972e-06  0.000163678 -2.50647e-07 -9.58698e-05  1.27802e-06 -0.000417617   2.6675e-06 -0.000609787  2.95614e-06 -0.000508567  1.65104e-06 -9.83015e-05 -8.81483e-07  0.000467342 -3.61927e-06  0.000959717  -5.5079e-06   0.00120843 -6.02306e-06   0.00117785 -5.31509e-06  0.000950574 -3.94968e-06  0.000653486 -2.52014e-06  0.000387856 -1.39329e-06  0.000199895 -6.69545e-07  8.95421e-05 -2.79369e-07  3.47608e-05  -1.0074e-07  1.16188e-05 -3.11304e-08  3.30878e-06 -8.13815e-09  7.90326e-07 -1.76603e-09  1.54743e-07 -3.09346e-10  2.39937e-08 -4.18909e-11  2.78813e-09 -4.07866e-12  2.19857e-10 -2.47237e-13  9.35674e-12 -6.03452e-15
 2.73964e-07 -5.62014e-09  3.36303e-06 -3.95503e-08  1.65514e-05  -1.4845e-07  4.96716e-05 -3.66197e-07  0.000102281  -6.3299e-07  0.000147699 -7.48396e-07  0.000135879 -4.65814e-07  2.87459e-05  2.80914e-07 -0.000152956  1.20439e-06 -0.000317567  1.75223e-06 -0.000350605  1.45341e-06 -0.000193591  2.64299e-07  0.000109492  -1.3707e-06  0.000436529 -2.79157e-06  0.000661696 -3.50699e-06  0.000722539 -3.41495e-06  0.000637187 -2.75475e-06  0.000473352 -1.89341e-06  0.000301992 -1.12371e-06  0.000166959 -5.79166e-07  8.02381e-05 -2.59462e-07  3.34838e-05  -1.0074e-07  1.20762e-05 -3.36785e-08  3.73251e-06  -9.5929e-09  9.75974e-07 -2.29187e-09  2.11844e-07 -4.48854e-10  3.71174e-08 -6.96163e-11  5.02775e-09  -8.0919e-12  4.89666e-10 -6.38276e-13  2.96913e-11 -2.71724e-14  7.24931e-13
-7.54633e-10  6.40301e-07 -9.26391e-09  4.50599e-06  -4.5591e-08   1.6911e-05 -1.36792e-07  4.17023e-05 -2.81533e-07  7.20295e-05  -4.0607e-07  8.50002e-05 -3.72297e-07  5.24948e-05 -7.54618e-08 -3.29258e-05  4.26397e-07 -0.000138256  8.79231e-07 -0.000200234  9.66309e-07 -0.000165023  5.26484e-07 -2.78312e-05 -3.17316e-07  0.000160207 -1.22582e-06  0.000323305 -1.84994e-06  0.000405124 -2.01676e-06  0.000394063 -1.77719e-06  0.000317716 -1.31977e-06  0.000218323 -8.41878e-07  0.000129563 -4.65437e-07    6.678e-05 -2.23699e-07  2.99202e-05 -9.33637e-08  1.16188e-05 -3.36785e-08  3.88508e-06 -1.04116e-08  1.10687e-06 -2.72308e-09  2.64515e-07 -5.91228e-10  5.18185e-08 -1.03619e-10  8.03931e-09   -1.404e-11  9.34746e-10 -1.36783e-12  7.37553e-11 -8.29673e-14  3.14095e-12  -2.0264e-15
 8.24407e-08 -1.69137e-09  1.01215e-06 -1.19033e-08  4.98108e-06 -4.46683e-08   1.4942e-05  -1.1011e-07   3.0734e-05 -1.90012e-07  4.42664e-05 -2.23709e-07  4.04144e-05 -1.36826e-07  7.74619e-06  8.99919e-08 -4.72809e-05  3.68722e-07 -9.67029e-05  5.31189e-07 -0.000105728  4.34604e-07 -5.67367e-05  6.68348e-08  3.66137e-05 -4.35449e-07  0.000136878  -8.7018e-07  0.000205584 -1.08737e-06  0.000223726 -1.05642e-06  0.000196989 -8.51263e-07   0.00014623  -5.8481e-07  9.32652e-05 -3.47027e-07  5.15615e-05 -1.78873e-07  2.47836e-05 -8.01517e-08  1.03453e-05 -3.11304e-08  3.73251e-06 -1.04116e-08  1.15416e-06 -2.96704e-09  3.01942e-07 -7.09241e-10  6.55755e-08 -1.38982e-10  1.14964e-08 -2.15689e-11  1.55822e-09  -2.5087e-12   1.5186e-10 -1.98016e-13   9.2145e-12 -8.43578e-15  2.25139e-13
-2.08499e-10  1.76938e-07 -2.56022e-09  1.24534e-06 -1.25996e-08  4.67279e-06 -3.77864e-08  1.15138e-05 -7.76702e-08  1.98481e-05 -1.11686e-07  2.33052e-05 -1.01466e-07  1.40914e-05 -1.81283e-08  -9.7834e-06   1.2166e-07 -3.90101e-05  2.46559e-07 -5.58654e-05  2.68012e-07 -4.53394e-05  1.41399e-07 -6.22496e-06 -9.80794e-08  4.69897e-05 -3.54611e-07    9.294e-05 -5.29923e-07  0.000115794 -5.75593e-07  0.000112355 -5.06359e-07  9.04801e-05 -3.75727e-07  6.21417e-05 -2.39597e-07  3.68719e-05 -1.32459e-07  1.90061e-05 -6.36732e-08  8.51757e-06 -2.65828e-08  3.30878e-06  -9.5929e-09  1.10687e-06 -2.96704e-09  3.15514e-07 -7.76428e-10  7.54425e-08 -1.68675e-10  1.47882e-08 -2.95809e-11  2.29579e-09 -4.01079e-12   2.6712e-10  -3.9102e-13   2.1092e-11 -2.37352e-14  8.98898e-13 -5.80152e-16
 2.08427e-08 -4.27705e-10  2.55985e-07 -3.01066e-09   1.2598e-06 -1.12955e-08  3.77721e-06 -2.78195e-08  7.75828e-06 -4.79007e-08  1.11355e-05 -5.60734e-08  1.00603e-05 -3.34607e-08  1.64782e-06  2.46559e-08  -1.2398e-05  9.55011e-08 -2.48761e-05  1.35878e-07   -2.687e-05  1.09306e-07  -1.3912e-05  1.30307e-08  1.04058e-05 -1.17411e-07  3.63813e-05 -2.29765e-07   5.4081e-05 -2.85375e-07  5.86248e-05 -2.76528e-07  5.15253e-05 -2.22546e-07  3.82157e-05   -1.528e-07  2.43654e-05  -9.0656e-08  1.34699e-05 -4.67318e-08  6.47559e-06 -2.09455e-08  2.70393e-06 -8.13815e-09  9.75974e-07 -2.72308e-09  3.01942e-07 -7.76428e-10  7.90367e-08 -1.85708e-10  1.71758e-08 -3.64146e-11  3.01319e-09 -5.65516e-12  4.08697e-10 -6.58232e-13  3.98599e-11 -5.19947e-14  2.42048e-12  -2.2168e-15  5.91873e-14
-4.80282e-11  4.07688e-08 -5.90012e-10  2.87017e-07 -2.90377e-09  1.07673e-06 -8.70387e-09  2.65053e-06 -1.78629e-08  4.55796e-06  -2.5587e-08  5.31775e-06 -2.29732e-08  3.12652e-06 -3.38033e-09 -2.45601e-06  2.91705e-08 -9.23028e-06  5.79096e-08 -1.30415e-05  6.21269e-08 -1.03914e-05  3.15082e-08 -1.03423e-06 -2.54839e-08  1.15887e-05 -8.61786e-08  2.24324e-05 -1.27408e-07  2.77721e-05 -1.37826e-07  2.68734e-05 -1.21018e-07  2.16128e-05 -8.97161e-08  1.48347e-05 -5.71901e-08   8.8006e-06 -3.16159e-08  4.53677e-06 -1.52005e-08  2.03368e-06 -6.34817e-09  7.90326e-07 -2.29187e-09  2.64515e-07 -7.09241e-10  7.54425e-08 -1.85708e-10  1.80503e-08 -4.03706e-11  3.54062e-09 -7.08481e-12  5.50058e-10  -9.6132e-13  6.40487e-11 -9.37938e-14  5.06134e-12 -5.69793e-15  2.15882e-13  -1.3939e-16
