   0.0265925 -5.12318e-17   -0.0374483  1.32299e-16   -0.0077711 -7.28858e-17   0.00176284  2.58902e-17   0.00168522 -1.23152e-18   0.00061189 -5.96827e-18  0.000143846 -2.27115e-18  2.35406e-05 -5.16889e-19  2.60859e-06 -7.37301e-20  1.72828e-07 -4.92986e-21  4.45858e-09
-5.12318e-17    0.0828427 -8.02088e-17   -0.0492354  1.24185e-16   -0.0266848 -1.14534e-17  -0.00550344  2.37233e-17  8.19884e-05 -7.07914e-18  0.000394154  -8.9073e-18  0.000125726 -3.23809e-18  2.17776e-05 -6.36582e-19  2.18692e-06 -6.57426e-20  1.06689e-07 -2.35691e-21
  -0.0374483 -8.02088e-17     0.123319 -9.86392e-17   -0.0278212  8.13437e-17   -0.0357116  4.54105e-17   -0.0142429   1.7991e-17  -0.00344355 -1.14868e-17 -0.000553103 -9.36569e-18 -5.89684e-05 -2.83569e-18  -4.0464e-06   -4.361e-19 -1.75762e-07 -3.00409e-20 -4.08972e-09
 1.32299e-16   -0.0492354 -9.86392e-17     0.126268 -1.22834e-16   0.00551574  4.77677e-17     -0.02749  5.39049e-17   -0.0158795  7.05326e-18  -0.00507896 -1.29958e-17  -0.00108851 -7.29767e-18 -0.000159881 -1.71462e-18 -1.51032e-05  -1.9166e-19 -7.41543e-07 -7.19562e-21
  -0.0077711  1.24185e-16   -0.0278212 -1.22834e-16     0.112915 -1.31823e-16    0.0336177  1.86654e-17  -0.00887546  2.87406e-17  -0.00961289 -5.58187e-18    -0.003586 -1.13626e-17 -0.000792615 -4.34043e-18 -0.000108807 -7.48891e-19  -8.4119e-06 -5.50022e-20  -2.4203e-07
-7.28858e-17   -0.0266848  8.13437e-17   0.00551574 -1.31823e-16     0.103879 -1.17418e-16    0.0533194  -1.0656e-17    0.0102152 -1.98837e-18 -0.000818487 -1.26782e-17 -0.000921376 -7.80488e-18 -0.000228415 -2.01251e-18 -2.81984e-05 -2.39525e-19 -1.57712e-06 -9.37836e-21
  0.00176284 -1.14534e-17   -0.0357116  4.77677e-17    0.0336177 -1.17418e-16     0.100961 -9.76593e-17    0.0637826 -3.46077e-17    0.0221679 -1.99237e-17   0.00499736 -1.23969e-17  0.000768912 -4.24349e-18  8.10768e-05  -7.3346e-19  5.45575e-06 -5.48581e-20  1.58306e-07
 2.58902e-17  -0.00550344  4.54105e-17     -0.02749  1.86654e-17    0.0533194 -9.76593e-17     0.096769 -8.46394e-17    0.0628264   -4.476e-17     0.024116 -2.21258e-17   0.00614511 -8.23056e-18   0.00105246 -1.82854e-18  0.000113539 -2.07531e-19  6.24123e-06 -8.01024e-21
  0.00168522  2.37233e-17   -0.0142429  5.39049e-17  -0.00887546  -1.0656e-17    0.0637826 -8.46394e-17    0.0848252 -7.29086e-17    0.0511219 -3.94893e-17    0.0186432 -1.55662e-17   0.00440371 -4.07001e-18  0.000660566 -6.17665e-19  5.60584e-05  -4.3379e-20  1.76969e-06
-1.23152e-18  8.19884e-05   1.7991e-17   -0.0158795  2.87406e-17    0.0102152 -3.46077e-17    0.0628264 -7.29086e-17    0.0645714 -5.53421e-17    0.0340829 -2.60059e-17    0.0109846  -8.0342e-18   0.00222878 -1.53823e-18  0.000269555 -1.58904e-19  1.58658e-05 -5.79689e-21
  0.00061189 -7.07914e-18  -0.00344355  7.05326e-18  -0.00961289 -1.98837e-18    0.0221679   -4.476e-17    0.0511219 -5.53421e-17     0.041363 -3.44194e-17    0.0184676 -1.31888e-17   0.00503514 -3.16582e-18  0.000834701 -4.43388e-19  7.57141e-05 -2.93379e-20  2.48998e-06
-5.96827e-18  0.000394154 -1.14868e-17  -0.00507896 -5.58187e-18 -0.000818487 -1.99237e-17     0.024116 -3.94893e-17    0.0340829 -3.44194e-17    0.0218716 -1.70907e-17   0.00807068 -5.21457e-18   0.00180132 -9.60059e-19   0.00023275 -9.52041e-20  1.43188e-05 -3.35832e-21
 0.000143846  -8.9073e-18 -0.000553103 -1.29958e-17    -0.003586 -1.26782e-17   0.00499736 -2.21258e-17    0.0186432 -2.60059e-17    0.0184676 -1.70907e-17   0.00942099  -6.7237e-18   0.00282031 -1.61003e-18  0.000499423 -2.21931e-19  4.74259e-05 -1.44115e-20  1.60835e-06
-2.27115e-18  0.000125726 -9.36569e-18  -0.00108851 -1.13626e-17 -0.000921376 -1.23969e-17   0.00614511 -1.55662e-17    0.0109846 -1.31888e-17   0.00807068  -6.7237e-18   0.00326826 -2.08583e-18  0.000779151 -3.85292e-19  0.000105485 -3.80466e-20  6.70339e-06 -1.33281e-21
 2.35406e-05 -3.23809e-18 -5.89684e-05 -7.29767e-18 -0.000792615 -7.80488e-18  0.000768912 -8.23056e-18   0.00440371  -8.0342e-18   0.00503514 -5.21457e-18   0.00282031 -2.08583e-18  0.000901809 -5.06009e-19  0.000167392 -7.01741e-20  1.64356e-05 -4.56303e-21  5.70442e-07
-5.16889e-19  2.17776e-05 -2.83569e-18 -0.000159881 -4.34043e-18 -0.000228415 -4.24349e-18   0.00105246 -4.07001e-18   0.00222878 -3.16582e-18   0.00180132 -1.61003e-18  0.000779151 -5.06009e-19  0.000194729 -9.45199e-20   2.7272e-05  -9.3985e-21  1.77524e-06 -3.30432e-22
 2.60859e-06 -6.36582e-19  -4.0464e-06 -1.71462e-18 -0.000108807 -2.01251e-18  8.10768e-05 -1.82854e-18  0.000660566 -1.53823e-18  0.000834701 -9.60059e-19  0.000499423 -3.85292e-19  0.000167392 -9.45199e-20   3.2147e-05 -1.32356e-20  3.23463e-06 -8.66417e-22  1.14225e-07
-7.37301e-20  2.18692e-06   -4.361e-19 -1.51032e-05 -7.48891e-19 -2.81984e-05  -7.3346e-19  0.000113539 -6.17665e-19  0.000269555 -4.43388e-19   0.00023275 -2.21931e-19  0.000105485 -7.01741e-20   2.7272e-05 -1.32356e-20  3.91471e-06 -1.32691e-21   2.5937e-07 -4.69271e-23
 1.72828e-07 -6.57426e-20 -1.75762e-07  -1.9166e-19  -8.4119e-06 -2.39525e-19  5.45575e-06 -2.07531e-19  5.60584e-05 -1.58904e-19  7.57141e-05 -9.52041e-20  4.74259e-05 -3.80466e-20  1.64356e-05  -9.3985e-21  3.23463e-06 -1.32691e-21  3.31317e-07 -8.74475e-23  1.18499e-08
-4.92986e-21  1.06689e-07 -3.00409e-20 -7.41543e-07 -5.50022e-20 -1.57712e-06 -5.48581e-20  6.24123e-06  -4.3379e-20  1.58658e-05 -2.93379e-20  1.43188e-05 -1.44115e-20  6.70339e-06 -4.56303e-21  1.77524e-06 -8.66417e-22   2.5937e-07 -8.74475e-23  1.74068e-08  -3.1093e-24
 4.45858e-09 -2.35691e-21 -4.08972e-09 -7.19562e-21  -2.4203e-07 -9.37836e-21  1.58306e-07 -8.01024e-21  1.76969e-06 -5.79689e-21  2.48998e-06 -3.35832e-21  1.60835e-06 -1.33281e-21  5.70442e-07 -3.30432e-22  1.14225e-07 -4.69271e-23  1.18499e-08  -3.1093e-24   4.2775e-10
