   0.0126486  -6.0992e-17   -0.0203721  2.33814e-16   -0.0019677 -1.60564e-16   0.00321842 -7.47101e-17   0.00239236  9.13734e-17  0.000958025  6.69169e-18  0.000187976  2.88859e-17 -6.36578e-05 -1.67889e-17 -9.23521e-05 -1.18622e-17 -6.25639e-05 -8.95997e-20 -3.29883e-05  1.29141e-18 -1.50542e-05  5.44069e-19 -6.20983e-06 -2.01992e-20  -2.3719e-06  7.06938e-21 -8.53031e-07  6.60469e-20 -2.92894e-07  2.33911e-20 -9.72473e-08 -1.10226e-20 -3.15887e-08 -1.22732e-20 -1.01311e-08  -5.5043e-21 -3.22327e-09  -1.7812e-21 -1.01633e-09 -5.96536e-22 -3.15703e-10 -2.35618e-22  -9.5755e-11  -7.2318e-23 -2.80927e-11  7.79532e-25 -7.90599e-12   1.7846e-23 -2.12022e-12  1.34339e-23 -5.39175e-13  7.02254e-24 -1.29555e-13  3.33751e-24 -2.93375e-14  1.63181e-24 -6.24849e-15  8.27074e-25 -1.24965e-15   4.1853e-25 -2.34314e-16  2.06012e-25 -4.11243e-17  9.66845e-26 -6.74339e-18  4.22804e-26 -1.03069e-18  1.68857e-26 -1.46395e-19  6.08648e-27 -1.92423e-20  1.96967e-27 -2.32653e-21  5.69307e-28 -2.56374e-22  1.44664e-28 -2.53558e-23  3.07149e-29 -2.18615e-24  4.50044e-30 -1.53524e-25 -1.18676e-31 -6.86501e-27 -4.16652e-31   1.9638e-28 -2.00991e-31  9.39658e-29  -6.8589e-32  1.41542e-29 -1.91506e-32  1.57887e-30 -4.58645e-33  1.47151e-31 -9.64067e-34  1.19223e-32 -1.80387e-34  8.53326e-34 -3.03222e-35  5.42945e-35 -4.59979e-36  3.07459e-36 -6.29064e-37  1.54642e-37 -7.69884e-38  6.87755e-39  -8.3147e-39   2.6862e-40 -7.76334e-40  9.12217e-42 -6.09748e-41  2.65319e-43 -3.88692e-42  6.45553e-45 -1.91751e-43  1.26593e-46 -6.87647e-45  1.88419e-48 -1.69232e-46  1.91851e-50 -3.27087e-48   1.0726e-52  -8.2766e-50  1.34918e-55  -1.4144e-51
 -6.0992e-17    0.0416885 -1.65013e-16   -0.0314706  4.28465e-16    -0.012854 -2.56062e-16   0.00125105 -1.41769e-16   0.00400334  1.03397e-16   0.00264105  7.16812e-17   0.00110784  5.28257e-17  0.000282986 -2.40638e-17 -1.52383e-05 -1.91558e-17 -7.36358e-05 -2.00904e-18 -5.79959e-05  1.66322e-18 -3.33753e-05  6.41014e-19 -1.63948e-05  2.95704e-20 -7.26278e-06  2.01558e-19 -2.98128e-06  2.20012e-19   -1.152e-06  7.08498e-20 -4.23151e-07 -1.35903e-20 -1.48626e-07 -2.16659e-20 -5.00714e-08 -1.10022e-20 -1.61943e-08 -4.30309e-21 -5.02454e-09 -1.72041e-21 -1.49277e-09 -6.56157e-22 -4.23614e-10 -1.44923e-22 -1.14506e-10  4.81436e-23 -2.94002e-11  7.41858e-23 -7.15065e-12  4.97931e-23 -1.64314e-12  2.64247e-23 -3.55803e-13  1.31189e-23 -7.24094e-14  6.49898e-24 -1.38088e-14   3.2206e-24 -2.45915e-15  1.57173e-24  -4.0715e-16  7.42752e-25 -6.22866e-17   3.3296e-25 -8.72348e-18  1.38556e-25 -1.10144e-18  5.26575e-26 -1.21761e-19  1.81095e-26 -1.09985e-20  5.60469e-27 -6.28853e-22  1.54719e-27  2.66096e-23  3.71635e-28  1.55862e-23  7.20161e-29  3.09872e-24  8.06929e-30  4.62925e-25  -1.4694e-30  5.85025e-26 -1.34969e-30  6.51167e-27 -5.56401e-31  6.49664e-28 -1.73771e-31  5.85784e-29 -4.53119e-32  4.79021e-30 -1.02329e-32  3.55484e-31 -2.04012e-33   2.3908e-32 -3.63349e-34  1.45288e-33 -5.82139e-35  7.94205e-35 -8.40645e-36  3.88209e-36 -1.08997e-36  1.68405e-37 -1.25603e-37  6.42304e-39 -1.26518e-38  2.12843e-40 -1.08849e-39  6.02953e-42 -7.75945e-41   1.4246e-43 -4.40488e-42  2.68953e-45 -1.89066e-43  3.72071e-47 -5.78244e-45  2.96633e-49  -1.2647e-46 -3.24773e-52  -2.7396e-48 -3.24273e-53 -6.55932e-50  -1.8988e-55
  -0.0203721 -1.65013e-16    0.0662576 -2.23337e-16   -0.0255074  4.56719e-16   -0.0229913 -3.17835e-16  -0.00520368 -2.07179e-16    0.0028754  8.04572e-17   0.00366764  1.48029e-16   0.00226391  7.66256e-17  0.000997417 -1.94854e-17  0.000316306 -1.96271e-17  4.78137e-05 -2.81292e-18 -2.52474e-05  1.37543e-18 -2.98465e-05  4.38848e-19  -1.9329e-05  3.18954e-19 -1.00594e-05  6.59799e-19 -4.59958e-06  5.02618e-19 -1.91542e-06  1.76632e-19 -7.39545e-07  1.36336e-20 -2.67303e-07 -1.74523e-20 -9.09149e-08 -1.18127e-20 -2.91702e-08 -5.67828e-21 -8.83582e-09 -2.53348e-21 -2.52567e-09  -8.2587e-22 -6.80427e-10  1.52262e-23 -1.72429e-10  2.59585e-22 -4.09938e-11  2.26209e-22 -9.11156e-12  1.37164e-22 -1.88444e-12   7.1976e-23 -3.60203e-13  3.58657e-23 -6.29682e-14  1.75667e-23 -9.88609e-15   8.4837e-24 -1.34406e-15  4.00547e-24 -1.43909e-16  1.82041e-24 -7.64429e-18   7.8042e-25  1.49466e-18  3.09668e-25   6.4088e-19  1.12244e-25  1.50867e-19  3.68732e-26  2.82733e-20  1.09023e-26  4.58483e-21  2.86134e-27  6.64195e-22  6.42307e-28  8.72619e-23  1.09765e-28  1.04775e-23  6.71298e-30  1.15422e-24 -4.87642e-30  1.16847e-25 -2.88294e-30   1.0871e-26 -1.04532e-30  9.28378e-28 -3.00801e-31   7.2611e-29 -7.34614e-32  5.18361e-30  -1.5668e-32  3.36203e-31 -2.96486e-33  1.96889e-32 -5.02532e-34  1.03253e-33 -7.66455e-35  4.79444e-35 -1.05115e-35  1.93984e-36 -1.28766e-36  6.67282e-38 -1.39085e-37  1.86903e-39 -1.29937e-38  3.86212e-41 -1.02309e-39   3.8659e-43 -6.56407e-41 -9.70733e-45 -3.28506e-42 -6.29476e-46 -1.21546e-43 -1.84218e-47 -3.19953e-45 -3.50525e-49 -6.78722e-47 -4.28535e-51 -1.63573e-48 -2.74885e-53 -2.51789e-50
 2.33814e-16   -0.0314706 -2.23337e-16    0.0706328 -1.44939e-16   -0.0106006  3.22541e-16   -0.0261401 -3.92008e-16   -0.0121496 -2.95222e-16 -0.000703082  4.99011e-17   0.00312419  1.94861e-16   0.00290953  9.41365e-17   0.00173109 -5.57197e-18  0.000804726 -1.28517e-17  0.000304419  -1.4325e-18  9.02614e-05  9.05234e-19  1.63447e-05  3.77883e-19 -2.57925e-06   1.0436e-18 -4.46499e-06  1.41222e-18 -2.84767e-06   9.3636e-19 -1.38707e-06  3.72738e-19 -5.79784e-07  9.53262e-20 -2.16607e-07  1.43963e-20 -7.36241e-08  -9.8852e-22 -2.29441e-08 -2.46913e-21 -6.56887e-09  -1.2553e-21 -1.72331e-09   1.5818e-22 -4.11046e-10  8.28924e-22 -8.76802e-11  8.17368e-22  -1.6136e-11  5.52033e-22  -2.3251e-12  3.09798e-22 -1.60147e-13  1.58606e-22  4.76652e-14  7.78447e-23  2.68843e-14  3.73524e-23  8.55176e-15  1.75638e-23  2.17946e-15  8.02841e-24  4.82766e-16  3.51053e-24   9.5958e-17  1.44066e-24  1.73832e-17  5.45984e-25  2.89434e-18  1.89015e-25  4.45063e-19  5.93208e-26  6.33729e-20   1.6719e-26  8.36647e-21  4.14482e-27  1.02433e-21  8.55229e-28  1.16233e-22  1.20905e-28  1.22072e-23  -3.1543e-30  1.18397e-24 -1.03121e-29   1.0572e-25 -4.73704e-30  8.65371e-27 -1.54087e-30  6.45522e-28 -4.10939e-31   4.3516e-29  -9.4246e-32  2.61804e-30 -1.90105e-32  1.37717e-31 -3.41605e-33  6.09318e-33  -5.5076e-34  2.06245e-34 -7.98387e-35  3.49169e-36 -1.03702e-35 -1.64675e-37 -1.19556e-36 -2.01203e-38 -1.20441e-37 -1.21197e-39 -1.03718e-38 -5.34295e-41 -7.41743e-40 -1.85454e-42 -4.24397e-41 -5.14555e-44 -1.85372e-42  -1.1314e-45  -5.8908e-44 -1.91544e-47 -1.38607e-45 -2.34895e-49 -3.12241e-47 -1.82063e-51 -6.92043e-49 -5.77657e-54
  -0.0019677  4.28465e-16   -0.0255074 -1.44939e-16    0.0611834   6.6295e-17    0.0022403  1.50108e-16   -0.0235447  -4.9639e-16   -0.0167592 -4.04687e-16   -0.0050839  1.11347e-17   0.00115666  1.93527e-16   0.00263525  9.70661e-17   0.00209609  9.53299e-18   0.00122568 -3.06427e-18  0.000598278  6.12431e-19   0.00025578  3.49278e-19  9.80829e-05  7.34499e-19  3.42163e-05  2.19134e-18  1.09829e-05    2.385e-18   3.2906e-06  1.50317e-18  9.43455e-07  6.69157e-19  2.70207e-07   2.4338e-19  8.17542e-08  8.20168e-20  2.70854e-08  2.67856e-20  9.65722e-09  8.79165e-21  3.51585e-09  4.15856e-21  1.24613e-09  3.32373e-21  4.18168e-10  2.74159e-21    1.312e-10   1.8984e-21  3.83174e-11  1.12012e-21  1.04091e-11  5.93445e-22  2.63204e-12  2.95248e-22  6.20171e-13  1.41755e-22  1.36315e-13  6.64503e-23   2.7975e-14  3.04126e-23  5.36342e-15  1.34561e-23  9.60903e-16  5.66115e-24  1.60864e-16  2.22565e-24  2.51534e-17  8.06535e-25   3.6707e-18   2.6685e-25  4.99315e-19  7.99409e-26  6.31979e-20  2.13983e-26  7.42452e-21  4.96444e-27  8.06884e-22  9.17099e-28  8.07422e-23  9.20242e-29  7.38963e-24 -2.10328e-29  6.12302e-25 -1.65682e-29  4.51719e-26 -6.39619e-30  2.87546e-27 -1.89284e-30  1.46765e-28 -4.70179e-31  4.56206e-30 -1.01507e-31  -1.2882e-31 -1.93869e-32 -3.63618e-32 -3.30874e-33 -3.74863e-33 -5.06995e-34 -2.84576e-34  -6.9712e-35 -1.77227e-35 -8.54838e-36 -9.35816e-37 -9.23472e-37 -4.22984e-38 -8.62883e-38 -1.63418e-39 -6.80294e-39 -5.35099e-41 -4.38228e-40 -1.46367e-42 -2.21441e-41  -3.2744e-44 -8.37315e-43 -5.80762e-46 -2.30893e-44  -7.7712e-48 -5.22357e-46 -7.15485e-50 -1.24056e-47 -3.62939e-52 -1.78901e-49
-1.60564e-16    -0.012854  4.56719e-16   -0.0106006   6.6295e-17    0.0501994  3.37333e-16   0.00985747  3.97695e-17    -0.018741 -6.02975e-16   -0.0186944 -5.01561e-16  -0.00896804 -4.28275e-17  -0.00157262  1.48212e-16    0.0014738  8.14581e-17   0.00188342  1.76082e-17   0.00137031  3.37224e-18  0.000791993  5.21818e-19   0.00039761 -7.97705e-19  0.000180632  1.27405e-18   7.6071e-05  3.46004e-18   3.0192e-05  3.39406e-18  1.14288e-05  2.13156e-18  4.16094e-06  1.04089e-18  1.46426e-06   4.4867e-19  4.98894e-07   1.8345e-19  1.64385e-07  7.29416e-20  5.22175e-08   3.0175e-20  1.59245e-08  1.51189e-20  4.64228e-09  9.33641e-21  1.28851e-09  5.99626e-21   3.3937e-10  3.57487e-21   8.4586e-11   1.9452e-21  1.99073e-11   9.8608e-22  4.41613e-12  4.76958e-22  9.21994e-13  2.23687e-22  1.80912e-13  1.02383e-22  3.33157e-14  4.55887e-23  5.74919e-15  1.95135e-23   9.2801e-16  7.89798e-24  1.39798e-16   2.9762e-24  1.95961e-17  1.03192e-24  2.54568e-18   3.2625e-25  3.04723e-19  9.31082e-26  3.33192e-20  2.35396e-26  3.28073e-21  5.03986e-27  2.83317e-22  7.95092e-28  2.02238e-23  2.83309e-29  9.81066e-25 -4.20542e-29 -9.06166e-27 -2.17945e-29 -9.86284e-27 -7.36764e-30 -1.55863e-27 -2.00405e-30 -1.76057e-28 -4.65581e-31 -1.64568e-29 -9.48129e-32 -1.33205e-30 -1.71612e-32 -9.50608e-32 -2.78133e-33 -6.02295e-33 -4.04517e-34 -3.39204e-34 -5.26279e-35  -1.6936e-35 -6.07006e-36 -7.45324e-37 -6.11456e-37 -2.86562e-38 -5.26693e-38  -9.5085e-40 -3.77313e-39 -2.67896e-41 -2.16967e-40 -6.27288e-43 -9.59221e-42 -1.18587e-44 -3.13334e-43 -1.73603e-46 -7.77318e-45 -1.83891e-48 -1.81621e-46 -1.23031e-50 -3.86634e-48 -3.39478e-53
  0.00321842 -2.56062e-16   -0.0229913  3.22541e-16    0.0022403  3.37333e-16    0.0427007  5.98349e-16    0.0139111  1.08054e-17   -0.0138103 -6.64838e-16   -0.0186971 -5.50962e-16   -0.0118156 -1.04912e-16  -0.00442521  7.80158e-17 -0.000291373  5.08864e-17   0.00109637  1.43292e-17   0.00113523  1.64201e-18  0.000780268 -3.78873e-18  0.000442396 -3.21088e-18  0.000221616  1.42395e-18  0.000101301  4.41275e-18  4.30199e-05  4.21796e-18  1.71572e-05  2.72124e-18  6.46744e-06  1.43696e-18  2.31227e-06  6.85134e-19  7.85243e-07  3.08111e-19  2.53321e-07   1.3477e-19  7.75719e-08  6.14898e-20  2.25194e-08  3.16878e-20   6.1883e-09  1.81073e-20  1.60715e-09  1.04572e-20  3.93824e-10   5.7398e-21  9.09057e-11  2.95851e-21  1.97317e-11   1.4476e-21  4.01962e-12   6.8212e-22  7.66782e-13  3.12626e-22  1.36583e-13  1.39703e-22  2.26328e-14    6.048e-23   3.4706e-15  2.50256e-23  4.88605e-16  9.74262e-24  6.23409e-17  3.51982e-24  7.03944e-18  1.16773e-24   6.6773e-19   3.5243e-25  4.52583e-20   9.5499e-26  2.03556e-22  2.26161e-26 -6.18465e-22  4.36999e-27 -1.39105e-22  5.31203e-28 -2.16993e-23 -4.94503e-29  -2.8045e-24 -5.95866e-29 -3.16702e-25 -2.44532e-29 -3.19449e-26  -7.4176e-30 -2.90778e-27 -1.86883e-30 -2.39958e-28 -4.07458e-31 -1.79775e-29 -7.84019e-32 -1.22183e-30 -1.34556e-32  -7.5149e-32 -2.06971e-33 -4.16626e-33 -2.85217e-34  -2.0705e-34 -3.50051e-35 -9.15629e-36  -3.7816e-36  -3.5688e-37 -3.53272e-37 -1.21087e-38 -2.78626e-38  -3.5194e-40 -1.79882e-39 -8.58123e-42  -9.1478e-41 -1.70734e-43 -3.51362e-42 -2.66879e-45  -1.0034e-43 -3.09931e-47 -2.38933e-45 -2.43176e-49 -5.68952e-47 -1.03762e-51 -7.87319e-49
-7.47101e-17   0.00125105 -3.17835e-16   -0.0261401  1.50108e-16   0.00985747  5.98349e-16    0.0382056  8.07843e-16    0.0162715  3.59245e-17  -0.00936482 -6.50169e-16   -0.0174957 -5.39389e-16   -0.0135435 -1.57381e-16  -0.00695742  6.44352e-18  -0.00230392  1.40518e-17 -0.000106689  2.58307e-20  0.000544249 -9.35373e-18  0.000533558 -1.25439e-17  0.000354134 -7.17725e-18  0.000194876  7.11167e-19  9.47198e-05   4.7327e-18  4.18456e-05   4.7061e-18  1.70603e-05  3.18973e-18  6.47437e-06  1.80391e-18   2.2984e-06  9.21862e-19  7.65302e-07  4.41655e-19    2.393e-07  2.06472e-19  7.02833e-08  1.00099e-19  1.93793e-08  5.23179e-20  5.01091e-09  2.86767e-20  1.21296e-09  1.55757e-20  2.74199e-10  8.10277e-21  5.76865e-11   4.0131e-21  1.12376e-11  1.90646e-21  2.01127e-12  8.77138e-22  3.26443e-13  3.93167e-22  4.68927e-14  1.71484e-22  5.64426e-15  7.21109e-23  4.77378e-16  2.88213e-23 -1.76929e-18  1.07888e-23 -1.22744e-17  3.73655e-24 -3.48414e-18  1.18546e-24 -7.03628e-19  3.40852e-25 -1.19052e-19  8.72459e-26 -1.77597e-20  1.91118e-26 -2.38792e-21  3.20416e-27 -2.92594e-22  2.14743e-28   -3.286e-23 -1.16682e-28 -3.39203e-24 -6.86383e-29 -3.22165e-25 -2.40111e-29 -2.81449e-26 -6.63941e-30 -2.25867e-27 -1.55853e-30 -1.66141e-28 -3.19789e-31 -1.11667e-29 -5.82153e-32 -6.83047e-31 -9.47463e-33 -3.78312e-32 -1.38172e-33 -1.88523e-33 -1.80004e-34 -8.38548e-35 -2.07673e-35 -3.29557e-36 -2.09128e-36 -1.12944e-37 -1.80081e-37 -3.31721e-39 -1.29079e-38 -8.15526e-41 -7.44423e-40 -1.62388e-42 -3.31902e-41 -2.49491e-44 -1.10718e-42 -2.73598e-46 -2.86584e-44 -1.84903e-48 -6.94196e-46 -5.16454e-51 -1.44941e-47  4.05811e-54
  0.00239236 -1.41769e-16  -0.00520368 -3.92008e-16   -0.0235447  3.97695e-17    0.0139111  8.07843e-16    0.0353651  9.40057e-16    0.0178828  8.44647e-17  -0.00542751 -5.59583e-16    -0.015547 -4.74892e-16   -0.0142277  -1.8464e-16  -0.00889128 -4.80491e-17  -0.00422093 -2.03481e-17  -0.00148046 -2.17889e-17 -0.000272769 -2.71884e-17   0.00010573 -2.42209e-17   0.00014995 -1.23314e-17  0.000103913   -9.141e-19  5.62211e-05  4.38945e-18  2.61754e-05  4.84528e-18  1.08853e-05  3.50551e-18  4.11589e-06   2.1059e-18  1.42799e-06  1.13379e-18  4.56614e-07  5.70199e-19  1.34743e-07  2.80374e-19  3.66452e-08  1.41309e-19  9.14604e-09  7.41259e-20  2.07694e-09  3.94225e-20  4.22075e-10  2.05216e-20  7.41145e-11  1.02648e-20  1.02449e-11  4.92516e-21   7.0781e-13  2.28096e-21 -1.73686e-13  1.02666e-21 -9.67874e-14   4.5028e-22 -2.94858e-14  1.91555e-22 -7.16298e-15  7.81534e-23 -1.51031e-15  3.01448e-23 -2.85647e-16  1.08449e-23 -4.92414e-17  3.59881e-24 -7.80462e-18  1.09045e-24 -1.14305e-18  2.97713e-25 -1.55137e-19  7.14252e-26 -1.95405e-20  1.41835e-26 -2.28533e-21  1.90094e-27 -2.48107e-22 -6.35976e-29 -2.49817e-23 -1.56397e-28 -2.32945e-24 -6.78297e-29 -2.00741e-25 -2.10003e-29 -1.59443e-26 -5.35074e-30 -1.16333e-27 -1.17558e-30 -7.76452e-29 -2.27511e-31 -4.71621e-30 -3.92168e-32 -2.59022e-31 -6.05066e-33 -1.27581e-32 -8.35291e-34 -5.57548e-34 -1.02581e-34 -2.13034e-35 -1.10796e-35 -6.96552e-37 -1.03443e-36 -1.88211e-38 -8.15551e-38 -3.92844e-40 -5.26971e-39 -5.25506e-42 -2.69071e-40 -1.38094e-45 -1.04568e-41  1.98198e-45 -3.07246e-43  5.24666e-47 -7.65258e-45  7.00854e-49 -1.84542e-46    4.444e-51 -2.48812e-48
 9.13734e-17   0.00400334 -2.07179e-16   -0.0121496  -4.9639e-16    -0.018741  1.08054e-17    0.0162715  9.40057e-16    0.0334406  9.79907e-16    0.0191504  1.36601e-16  -0.00188099 -4.20384e-16   -0.0130936 -3.76776e-16   -0.0139643 -1.80727e-16   -0.0100523 -7.71367e-17  -0.00574497 -4.72394e-17  -0.00275123 -4.64308e-17  -0.00112373 -4.75785e-17  -0.00038872 -3.64106e-17  -0.00010892 -1.77648e-17 -2.08701e-05 -3.04562e-18  1.20159e-07   3.6294e-18  2.47196e-06  4.74586e-18   1.4364e-06  3.68747e-18  5.56899e-07  2.32957e-18  1.61494e-07  1.30525e-18  3.12214e-08  6.81876e-19  7.05011e-11  3.47871e-19 -3.47736e-09  1.79264e-19 -2.08515e-09  9.36078e-20 -8.72073e-10  4.85104e-20 -3.02994e-10  2.44257e-20 -9.24804e-11  1.18402e-20 -2.54364e-11  5.53187e-21 -6.39233e-12  2.50498e-21 -1.48009e-12  1.10451e-21 -3.17443e-13  4.73947e-22 -6.32912e-14  1.96443e-22 -1.17585e-14  7.76621e-23 -2.03874e-15  2.88806e-23 -3.30201e-16  9.97848e-24 -4.99781e-17  3.16953e-24 -7.06906e-18  9.15193e-25 -9.33999e-19   2.3606e-25 -1.15184e-19  5.24534e-26 -1.32432e-20  9.11437e-27 -1.41729e-21  7.71604e-28 -1.40897e-22  -2.4738e-28 -1.29775e-23 -1.64451e-28 -1.10388e-24 -5.91662e-29 -8.63586e-26 -1.65707e-29 -6.18103e-27 -3.92051e-30 -4.01969e-28 -8.09042e-31 -2.35294e-29 -1.47926e-31 -1.22288e-30 -2.41533e-32 -5.52153e-32 -3.52978e-33 -2.08058e-33 -4.60302e-34 -5.94159e-35  -5.3108e-35 -8.39157e-37 -5.34473e-36  3.25437e-38 -4.59858e-37   3.2146e-39   -3.295e-38   1.5294e-40 -1.90287e-39  5.15449e-42 -8.53421e-41  1.30288e-43 -2.89568e-42  2.43887e-45 -7.77821e-44  3.18481e-47 -1.95434e-45  2.52544e-49 -4.05291e-47  7.87778e-52
 0.000958025  1.03397e-16    0.0028754 -2.95222e-16   -0.0167592 -6.02975e-16   -0.0138103  3.59245e-17    0.0178828  9.79907e-16     0.032126  9.31639e-16    0.0202835   1.8129e-16   0.00141286 -2.67459e-16   -0.0102452 -2.64861e-16   -0.0128279 -1.49066e-16   -0.0103328 -8.22962e-17  -0.00664329 -6.55523e-17  -0.00366979 -6.95287e-17  -0.00180942 -6.62001e-17 -0.000816561 -4.67428e-17 -0.000343993 -2.23594e-17 -0.000137611  -5.0276e-18  -5.3054e-05  2.83039e-18 -1.99331e-05  4.56788e-18 -7.33954e-06  3.77767e-18 -2.64711e-06  2.47571e-18 -9.30049e-07  1.42732e-18 -3.15814e-07  7.66625e-19 -1.02818e-07  4.00479e-19 -3.18794e-08  2.08221e-19 -9.36686e-09  1.07567e-19 -2.59927e-09  5.44141e-20 -6.79744e-10  2.66349e-20 -1.67303e-10  1.25722e-20 -3.87249e-11  5.73942e-21 -8.42553e-12  2.54652e-21 -1.72261e-12  1.10066e-21 -3.30848e-13  4.61778e-22 -5.96725e-14  1.86223e-22 -1.01025e-14  7.12396e-23 -1.60444e-15  2.55143e-23 -2.38839e-16  8.45761e-24 -3.32895e-17  2.56725e-24 -4.33843e-18  7.03989e-25 -5.27731e-19  1.70248e-25 -5.97819e-20  3.43733e-26 -6.28855e-21  4.86329e-27 -6.11958e-22  -1.3135e-29 -5.48156e-23 -3.24974e-28 -4.48827e-24 -1.47461e-28 -3.32525e-25 -4.63671e-29 -2.19331e-26 -1.19121e-29 -1.25086e-27 -2.63185e-30 -5.78036e-29 -5.11519e-31 -1.73901e-30 -8.84612e-32  1.88024e-32   -1.368e-32  7.79357e-33 -1.89099e-33   7.2333e-34 -2.32311e-34  4.73631e-35 -2.50799e-35  2.48707e-36 -2.33927e-36   1.0848e-37 -1.84244e-37  3.95827e-39 -1.19022e-38  1.19953e-40  -6.0914e-40   2.9625e-42 -2.38901e-41  5.76956e-44 -7.19653e-43  8.38417e-46 -1.86971e-44  8.22118e-48 -4.59439e-46  4.31716e-50 -6.09525e-48
 6.69169e-18   0.00264105  8.04572e-17 -0.000703082 -4.04687e-16   -0.0186944 -6.64838e-16  -0.00936482  8.44647e-17    0.0191504  9.31639e-16    0.0312887  8.21721e-16    0.0214209   2.1439e-16   0.00458843 -1.25985e-16  -0.00703845 -1.52799e-16   -0.0108778 -9.84288e-17  -0.00968765 -7.08272e-17  -0.00677244 -7.64861e-17  -0.00406126 -8.77784e-17  -0.00217849 -7.98615e-17  -0.00107131 -5.34951e-17 -0.000490799 -2.51536e-17 -0.000211736 -6.24335e-18 -8.66105e-05  2.32251e-18 -3.37199e-05  4.43861e-18 -1.25131e-05   3.8098e-18  -4.4248e-06   2.5474e-18 -1.48908e-06  1.49396e-18 -4.76073e-07   8.1617e-19 -1.44332e-07   4.3128e-19 -4.14238e-08   2.2392e-19 -1.12385e-08  1.13939e-19 -2.87884e-09  5.63116e-20 -6.95597e-10  2.68793e-20 -1.58407e-10  1.23943e-20  -3.3974e-11  5.54257e-21 -6.85753e-12  2.41281e-21 -1.30169e-12  1.02225e-21 -2.32159e-13  4.18836e-22 -3.88637e-14  1.64074e-22 -6.09841e-15  6.06471e-23 -8.95525e-16  2.08933e-23 -1.22798e-16  6.63534e-24 -1.56792e-17  1.91999e-24 -1.85696e-18  4.97444e-25 -2.02903e-19  1.11479e-25 -2.02926e-20  1.97787e-26  -1.8344e-21  1.87344e-27 -1.46611e-22 -4.31696e-28 -9.89479e-24 -3.18386e-28 -4.95191e-25 -1.16931e-28 -7.16521e-27 -3.30447e-29  2.21448e-27  -7.8612e-30  3.67021e-28 -1.62881e-30  3.87364e-29 -2.98757e-31  3.27726e-30  -4.8897e-32  2.36033e-31 -7.15678e-33  1.47896e-32 -9.33872e-34  8.12239e-34 -1.07723e-34   3.9103e-35 -1.08312e-35  1.64235e-36 -9.30711e-37  5.96369e-38 -6.66126e-38  1.84659e-39 -3.84751e-39  4.77895e-41 -1.73272e-40  1.00384e-42 -5.96604e-42  1.63645e-44 -1.65899e-43  1.92153e-46 -4.32764e-45  1.40379e-48 -8.98381e-47  4.11528e-51
 0.000187976  7.16812e-17   0.00366764  4.99011e-17   -0.0050839 -5.01561e-16   -0.0186971 -6.50169e-16  -0.00542751  1.36601e-16    0.0202835  8.21721e-16    0.0308726  6.88431e-16    0.0226701  2.38928e-16   0.00776359 -4.79803e-18  -0.00348732 -4.68489e-17  -0.00818969 -3.89072e-17  -0.00815488 -5.12433e-17  -0.00610679 -8.16579e-17  -0.00386429 -9.92065e-17  -0.00216774 -8.69191e-17  -0.00110577 -5.58354e-17 -0.000520737 -2.56083e-17 -0.000228538 -6.34114e-18 -9.40219e-05  2.26545e-18 -3.63863e-05  4.40424e-18 -1.32712e-05  3.79205e-18 -4.56586e-06  2.54357e-18 -1.48206e-06  1.50059e-18  -4.5381e-07  8.25163e-19 -1.31036e-07  4.36481e-19 -3.56625e-08  2.24589e-19  -9.1434e-09  1.12236e-19 -2.20708e-09  5.42312e-20 -5.01247e-10  2.53001e-20 -1.07018e-10   1.1424e-20 -2.14587e-11  5.01319e-21 -4.03593e-12  2.14256e-21 -7.10822e-13  8.89184e-22 -1.16976e-13  3.55227e-22 -1.79322e-14  1.34939e-22 -2.54981e-15  4.81202e-23 -3.34159e-16  1.59233e-23 -3.99595e-17   4.8353e-24  -4.2856e-18   1.3289e-24 -3.98386e-19  3.22811e-25 -2.94625e-20  6.57922e-26 -1.19042e-21  9.58739e-27  1.06404e-22  1.29586e-28  3.42653e-23 -5.62126e-28  5.43912e-24 -2.63333e-28   6.7183e-25 -8.36551e-29  7.07622e-26 -2.16081e-29  6.56849e-27 -4.79185e-30  5.45036e-28 -9.34053e-31  4.06729e-29 -1.61907e-31  2.73414e-30  -2.5079e-32  1.65365e-31 -3.46967e-33  8.96783e-33  -4.2627e-34  4.33696e-34 -4.59855e-35  1.85629e-35 -4.28349e-36  6.96103e-37 -3.36843e-37  2.25651e-38 -2.17363e-38  6.20992e-40 -1.11361e-39  1.41486e-41  -4.4005e-41  2.57301e-43  -1.3568e-42  3.52673e-45 -3.67417e-44   3.2913e-47 -9.23502e-46  1.65899e-49 -1.21328e-47
 2.88859e-17   0.00110784  1.48029e-16   0.00312419  1.11347e-17  -0.00896804 -5.50962e-16   -0.0174957 -5.59583e-16  -0.00188099   1.8129e-16    0.0214209  6.88431e-16    0.0308633  5.67361e-16    0.0241134  2.63777e-16    0.0110184  9.99004e-17  0.000366522  5.12089e-17  -0.00489891  2.04975e-17  -0.00588101 -3.02827e-17  -0.00475606 -8.22499e-17  -0.00314595 -1.03176e-16   -0.0018144 -8.71723e-17 -0.000940444 -5.38006e-17 -0.000445528 -2.37128e-17  -0.00019489 -5.32165e-18 -7.92244e-05  2.62137e-18 -3.00508e-05  4.42977e-18 -1.06635e-05  3.70953e-18 -3.54554e-06  2.46044e-18 -1.10558e-06  1.44579e-18 -3.23447e-07  7.92897e-19 -8.87844e-08  4.16407e-19  -2.2859e-08  2.11226e-19 -5.51672e-09  1.03494e-19 -1.24665e-09  4.89282e-20 -2.63365e-10  2.23504e-20 -5.18926e-11  9.90137e-21 -9.50355e-12  4.26875e-21 -1.60927e-12  1.79097e-21 -2.49879e-13  7.27156e-22 -3.50766e-14  2.82728e-22  -4.3316e-15  1.03954e-22 -4.41467e-16  3.57059e-23  -2.9627e-17  1.13286e-23  9.19796e-19  3.28022e-24  7.95203e-19  8.51699e-25  1.83123e-19  1.91713e-25  3.13201e-20  3.43854e-26  4.53388e-21  3.43816e-27  5.80285e-22 -6.53607e-28  6.69389e-23  -5.1763e-28  7.02555e-24 -1.92495e-28  6.73994e-25 -5.46887e-29  5.92125e-26 -1.30533e-29  4.76396e-27 -2.71149e-30  3.50541e-28 -4.98387e-31   2.3531e-29 -8.17022e-32  1.43584e-30 -1.19703e-32  7.92613e-32 -1.56241e-33   3.9343e-33 -1.80135e-34  1.74262e-34   -1.809e-35  6.82149e-36 -1.55177e-36  2.33108e-37 -1.10866e-37  6.84342e-39 -6.39858e-39  1.68913e-40 -2.89009e-40  3.40061e-42 -1.00867e-41  5.33638e-44 -2.90191e-43  6.05687e-46 -7.86673e-45  4.29534e-48 -1.64246e-46  1.22781e-50
-6.36578e-05  5.28257e-17   0.00226391  1.94861e-16   0.00115666 -4.28275e-17   -0.0118156 -5.39389e-16    -0.015547 -4.20384e-16   0.00141286   2.1439e-16    0.0226701  5.67361e-16    0.0312629  4.82754e-16    0.0257931  2.99581e-16    0.0143624  1.96013e-16   0.00440537  1.40064e-16  -0.00123484  7.27559e-17   -0.0031304 -1.20529e-17  -0.00295448 -7.90766e-17  -0.00208219 -1.00216e-16  -0.00123599 -8.15085e-17 -0.000646886 -4.81235e-17 -0.000305374  -1.9932e-17 -0.000131718 -3.48653e-18 -5.23241e-05  3.20932e-18 -1.92377e-05  4.43384e-18 -6.56669e-06   3.5397e-18 -2.08473e-06  2.29752e-18 -6.16013e-07  1.33402e-18 -1.69388e-07   7.2426e-19 -4.32926e-08  3.75377e-19 -1.02595e-08  1.87082e-19  -2.2448e-09  8.98041e-20  -4.5022e-10  4.15797e-20 -8.17196e-11  1.86284e-20 -1.30958e-11  8.10825e-21  -1.7498e-12  3.43609e-21 -1.60958e-13  1.41416e-21  2.53133e-15  5.60759e-22  5.86533e-15  2.11771e-22   1.8269e-15  7.52245e-23  4.12936e-16  2.48413e-23    7.877e-17  7.53955e-24  1.33147e-17  2.07353e-24   2.0379e-18  5.04643e-25  2.85584e-19  1.03284e-25  3.68665e-20  1.52532e-26  4.39869e-21  3.18984e-28  4.85863e-22 -8.36462e-28  4.97048e-23 -3.98523e-28  4.70745e-24 -1.27254e-28  4.12251e-25   -3.296e-29  3.33212e-26  -7.3242e-30  2.47954e-27 -1.43017e-30  1.69324e-28 -2.48267e-31  1.05691e-29 -3.84962e-32  6.00087e-31 -5.32834e-33  3.08093e-32 -6.54443e-34  1.42004e-33 -7.05289e-35  5.82373e-35 -6.55866e-36  2.10159e-36 -5.14689e-37  6.57912e-38 -3.31524e-38  1.75366e-39 -1.69872e-39  3.87965e-41 -6.75739e-41   6.8662e-43 -2.13204e-42  9.17905e-45 -6.01973e-44  8.37426e-47 -1.55106e-45  4.13702e-49  -2.0261e-47
-1.67889e-17  0.000282986  7.66256e-17   0.00290953  1.93527e-16  -0.00157262 -1.04912e-16   -0.0135435 -4.74892e-16   -0.0130936 -2.67459e-16   0.00458843  2.38928e-16    0.0241134  4.82754e-16    0.0320572  4.46052e-16    0.0276797  3.53553e-16    0.0176999  2.87899e-16   0.00840516   2.1641e-16   0.00247339  1.12888e-16 -0.000259081   1.4788e-18  -0.00101402 -7.29353e-17 -0.000906451 -9.17029e-17 -0.000586389 -7.14775e-17 -0.000316076 -3.99795e-17 -0.000149062 -1.50357e-17  -6.2912e-05 -1.29869e-18 -2.40426e-05  3.79823e-18 -8.36917e-06  4.33405e-18  -2.6588e-06   3.2695e-18 -7.69623e-07  2.06326e-18 -2.01733e-07  1.17682e-18 -4.72272e-08  6.29066e-19 -9.57945e-09  3.20468e-19 -1.55512e-09   1.5662e-19 -1.43575e-10  7.36535e-20   2.3535e-11   3.3436e-20  1.78902e-11  1.47134e-20  6.38857e-12  6.29833e-21  1.78315e-12  2.62318e-21  4.29533e-13  1.05761e-21  9.26746e-14  4.08753e-22  1.82329e-14  1.49617e-22  3.30345e-15  5.12429e-23  5.54422e-16  1.62349e-23  8.65035e-17  4.69921e-24  1.25745e-17  1.22067e-24  1.70505e-18  2.75121e-25  2.15768e-19  4.95208e-26   2.5481e-20  5.04414e-27  2.80666e-21 -8.89169e-28  2.88061e-22 -7.25282e-28  2.75106e-23  -2.7095e-28  2.44034e-24 -7.71253e-29  2.00614e-25 -1.84334e-29  1.52422e-26 -3.83389e-30   1.0668e-27 -7.05523e-31  6.85127e-29  -1.1577e-31  4.01871e-30 -1.69709e-32  2.14095e-31 -2.21495e-33    1.029e-32 -2.55167e-34   4.4256e-34 -2.55863e-35  1.68616e-35 -2.19016e-36  5.61958e-37 -1.56111e-37  1.61173e-38  -8.9963e-39  3.89223e-40 -4.07241e-40  7.67692e-42 -1.44041e-41  1.18176e-43 -4.29036e-43  1.31754e-45 -1.20955e-44  9.19232e-48 -2.54661e-46  2.58982e-50
-9.23521e-05 -2.40638e-17  0.000997417  9.41365e-17   0.00263525  1.48212e-16  -0.00442521 -1.57381e-16   -0.0142277 -3.76776e-16   -0.0102452 -1.25985e-16   0.00776359  2.63777e-16    0.0257931  4.46052e-16    0.0331749  4.57662e-16    0.0296397   4.2534e-16    0.0208129  3.72854e-16     0.012042   2.7495e-16   0.00583513  1.37894e-16   0.00234934  9.70247e-18  0.000749102 -6.47662e-17  0.000156332  -7.9445e-17 -6.37083e-06 -5.88916e-17 -2.66043e-05 -3.07086e-17 -1.60689e-05 -9.87827e-18 -6.41162e-06   7.7688e-19 -1.78016e-06   4.1933e-18 -2.17311e-07  4.08137e-18  1.18614e-07  2.90555e-18  1.11442e-07  1.77661e-18  5.85252e-08   9.9146e-19  2.43248e-08  5.19884e-19  8.70769e-09  2.59679e-19  2.78039e-09  1.24346e-19  8.06446e-10  5.73177e-20  2.14795e-10  2.55442e-20  5.29043e-11  1.10541e-20  1.21073e-11  4.65553e-21  2.58314e-12  1.90407e-21  5.15025e-13  7.50675e-22  9.61218e-14  2.82149e-22  1.68125e-14  9.98806e-23  2.75789e-15   3.2913e-23  4.24445e-16  9.97819e-24  6.12902e-17  2.74292e-24  8.30216e-18  6.67458e-25   1.0544e-18  1.36626e-25  1.25462e-19   2.0206e-26  1.39719e-20  4.45797e-28  1.45438e-21 -1.09413e-27  1.41279e-22 -5.22424e-28  1.27827e-23 -1.66894e-28  1.07477e-24  -4.3244e-29  8.37502e-26 -9.61508e-30  6.02916e-27 -1.87891e-30  3.99494e-28 -3.26409e-31  2.42571e-29 -5.06396e-32  1.34271e-30 -7.00966e-33  6.73369e-32 -8.60466e-34  3.03671e-33 -9.26116e-35  1.22032e-34 -8.59487e-36  4.32065e-36 -6.72783e-37  1.32856e-37 -4.32316e-38  3.48175e-39 -2.21407e-39  7.57982e-41 -8.86385e-41  1.32116e-42 -2.86412e-42  1.74089e-44 -8.43916e-44  1.56697e-46 -2.23115e-45  7.64742e-49 -2.90476e-47
-1.18622e-17 -1.52383e-05 -1.94854e-17   0.00173109  9.70661e-17    0.0014738  7.80158e-17  -0.00695742  -1.8464e-16   -0.0139643 -2.64861e-16  -0.00703845 -4.79803e-18    0.0110184  2.99581e-16    0.0276797  4.57662e-16    0.0344501  5.08589e-16    0.0314206  5.05673e-16    0.0233814  4.42143e-16     0.014946  3.10237e-16   0.00847521  1.46816e-16   0.00436822  1.28738e-17   0.00208996 -5.55444e-17  0.000946385 -6.52964e-17  0.000412508 -4.55017e-17  0.000175155 -2.15586e-17  7.27913e-05 -5.19723e-18  2.95295e-05  2.39532e-18  1.16062e-05   4.2874e-18  4.38003e-06  3.67354e-18  1.57458e-06  2.47439e-18  5.36039e-07  1.46398e-18  1.72151e-07  7.97423e-19   5.2043e-08  4.09247e-19  1.47945e-08  2.00178e-19   3.9535e-09  9.39142e-20  9.93221e-10  4.24713e-20  2.34651e-10  1.86048e-20   5.2152e-11  7.92413e-21  1.09081e-11  3.28272e-21  2.14776e-12  1.31657e-21  3.98164e-13  5.06456e-22  6.95041e-14  1.84689e-22  1.14236e-14  6.30873e-23  1.76744e-15  1.99533e-23  2.57319e-16  5.76919e-24  3.52327e-17  1.49723e-24   4.5337e-18  3.37041e-25  5.47759e-19  6.05275e-26  6.20675e-20   6.1167e-27  6.58698e-21 -1.10676e-27  6.53661e-22 -8.91848e-28  6.05396e-23 -3.32324e-28  5.22135e-24 -9.44938e-29  4.18274e-25 -2.25772e-29  3.10289e-26 -4.69646e-30   2.1241e-27 -8.64602e-31   1.3363e-28  -1.4193e-31  7.68871e-30 -2.08084e-32  4.02294e-31 -2.71479e-33  1.90108e-32 -3.12419e-34  8.04696e-34 -3.12703e-35  3.02008e-35 -2.67004e-36  9.92251e-37  -1.8978e-37  2.80742e-38 -1.09141e-38  6.69236e-40 -4.94977e-40  1.30371e-41  -1.7753e-41  1.98324e-43 -5.48286e-43  2.18639e-45 -1.60805e-44  1.50943e-47 -3.41809e-46  4.21547e-50
-6.25639e-05 -1.91558e-17  0.000316306 -5.57197e-18   0.00209609  8.14581e-17 -0.000291373  6.44352e-18  -0.00889128 -1.80727e-16   -0.0128279 -1.52799e-16  -0.00348732  9.99004e-17    0.0143624  3.53553e-16    0.0296397  5.08589e-16    0.0356053  5.81767e-16    0.0326772   5.7852e-16    0.0250511   4.8507e-16    0.0167907  3.19051e-16    0.0101243  1.40854e-16   0.00560199  1.19202e-17   0.00288536 -4.60887e-17   0.00139733 -5.08781e-17  0.000640362 -3.27663e-17  0.000278635 -1.34921e-17  0.000115231 -1.48212e-18  4.52682e-05  3.38871e-18  1.68703e-05  4.07054e-18  5.95506e-06  3.14872e-18  1.98822e-06  2.01492e-18   6.2715e-07  1.15344e-18  1.86756e-07   6.1246e-19  5.24771e-08  3.07291e-19  1.39109e-08  1.47141e-19   3.4786e-09   6.7673e-20  8.20595e-10  3.00598e-20  1.82625e-10  1.29574e-20  3.83469e-11  5.43349e-21  7.59718e-12  2.21216e-21  1.42009e-12   8.6834e-22  2.50419e-13  3.25143e-22    4.165e-14  1.14761e-22  6.53151e-15  3.77357e-23  9.65297e-16  1.14225e-23  1.34367e-16  3.13561e-24  1.76028e-17   7.6164e-25  2.16829e-18  1.55402e-25   2.5085e-19  2.27894e-26  2.72205e-20  4.12715e-28   2.7662e-21 -1.27588e-27  2.62779e-22 -6.02758e-28  2.32863e-23 -1.91873e-28  1.92021e-24 -4.96363e-29  1.46929e-25 -1.10292e-29   1.0398e-26 -2.15505e-30  6.77972e-28 -3.74436e-31  4.05459e-29 -5.80954e-32  2.21239e-30 -8.03962e-33  1.09455e-31 -9.86072e-34  4.87297e-33 -1.05964e-34  1.93441e-34 -9.81113e-36  6.76953e-36 -7.65743e-37  2.05849e-37 -4.90633e-38   5.3373e-39 -2.51051e-39  1.15007e-40 -1.01178e-40  1.98487e-42  -3.3536e-42  2.59084e-44 -1.03231e-43  2.31108e-46 -2.80012e-45  1.11838e-48 -3.63792e-47
-8.95997e-20 -7.36358e-05 -1.96271e-17  0.000804726  9.53299e-18   0.00188342  5.08864e-17  -0.00230392 -4.80491e-17   -0.0100523 -1.49066e-16   -0.0108778 -4.68489e-17  0.000366522  1.96013e-16    0.0176999   4.2534e-16    0.0314206  5.81767e-16    0.0362774   6.5472e-16    0.0330449  6.26157e-16    0.0255329  4.93802e-16    0.0173884   3.0211e-16    0.0106869  1.23223e-16   0.00602116    8.284e-18   0.00314308 -3.69629e-17   0.00153095 -3.74363e-17  0.000699015 -2.17192e-17  0.000300015 -7.08507e-18  0.000121233  1.06649e-18  4.61621e-05  3.75871e-18  1.65699e-05  3.60733e-18  5.60812e-06   2.5674e-18  1.78998e-06  1.56765e-18  5.38863e-07  8.68871e-19  1.53034e-07  4.49574e-19  4.10077e-08  2.20461e-19  1.03707e-08  1.03375e-19  2.47571e-09   4.6654e-20  5.57989e-10  2.03792e-20  1.18752e-10  8.65079e-21  2.38657e-11  3.57047e-21  4.52923e-12   1.4265e-21  8.11606e-13   5.4678e-22  1.37293e-13  1.98785e-22  2.19177e-14  6.77393e-23   3.3006e-15  2.13845e-23  4.68586e-16  6.17256e-24  6.26714e-17  1.59863e-24  7.88945e-18  3.58658e-25  9.33812e-19  6.39388e-26  1.03791e-19  6.26211e-27  1.08171e-20 -1.26649e-27  1.05526e-21 -9.75057e-28  9.61731e-23 -3.60259e-28  8.16937e-24 -1.02073e-28   6.4508e-25  -2.4346e-29  4.72056e-26 -5.06052e-30  3.18992e-27 -9.31396e-31  1.98229e-28 -1.52883e-31   1.1273e-29 -2.24092e-32  5.83297e-31 -2.92169e-33   2.7273e-32 -3.35786e-34  1.14277e-33 -3.35387e-35  4.24746e-35  -2.8556e-36  1.38257e-36 -2.02313e-37  3.87693e-38 -1.16063e-38  9.16247e-40 -5.27358e-40   1.7701e-41 -1.92042e-41  2.67124e-43 -6.16214e-43  2.92224e-45  -1.8797e-44  2.00241e-47 -4.03434e-46  5.55137e-50
-3.29883e-05 -2.00904e-18  4.78137e-05 -1.28517e-17   0.00122568  1.76082e-17   0.00109637  1.40518e-17  -0.00422093 -7.71367e-17   -0.0103328 -9.84288e-17  -0.00818969  5.12089e-17   0.00440537  2.87899e-16    0.0208129  5.05673e-16    0.0326772   6.5472e-16    0.0360917  7.04519e-16    0.0322429  6.35186e-16    0.0246994   4.6682e-16    0.0167504  2.64379e-16    0.0102576  9.85336e-17   0.00574692  3.62138e-18   0.00297202 -2.85132e-17   0.00142746 -2.58043e-17  0.000639467 -1.29263e-17  0.000267987  -2.5223e-18  0.000105286   2.4991e-18  3.88393e-05  3.62648e-18  1.34689e-05  2.99987e-18  4.39509e-06  1.99227e-18  1.35059e-06  1.16549e-18  3.91107e-07  6.26139e-19  1.06793e-07  3.15788e-19  2.75096e-08  1.51407e-19  6.68824e-09  6.95819e-20  1.53524e-09  3.08519e-20   3.3281e-10  1.32669e-20  6.81467e-11  5.54745e-21  1.31813e-11  2.25147e-21  2.40838e-12  8.80952e-22  4.15607e-13  3.28893e-22  6.77206e-14  1.15792e-22  1.04153e-14  3.79955e-23  1.51117e-15  1.14795e-23  2.06707e-16  3.14448e-24  2.66343e-17  7.61327e-25  3.22955e-18  1.54373e-25  3.68085e-19  2.22459e-26  3.93786e-20  2.08856e-28  3.94804e-21 -1.33864e-27  3.70258e-22 -6.19491e-28  3.24111e-23 -1.95859e-28  2.64164e-24 -5.05027e-29  1.99892e-25 -1.12032e-29  1.39964e-26 -2.18732e-30  9.03371e-28 -3.79907e-31  5.35034e-29  -5.8927e-32  2.89241e-30 -8.15017e-33  1.41829e-31 -9.98534e-34  6.26062e-33 -1.07107e-34  2.46499e-34 -9.89076e-36   8.5586e-36 -7.69418e-37  2.58284e-37 -4.91379e-38  6.64796e-39 -2.51171e-39  1.42236e-40 -1.01981e-40  2.43805e-42 -3.47527e-42   3.1615e-44 -1.11859e-43    2.802e-46 -3.11015e-45  1.34658e-48 -4.03419e-47
 1.29141e-18 -5.79959e-05 -2.81292e-18  0.000304419 -3.06427e-18   0.00137031  1.43292e-17 -0.000106689 -2.03481e-17  -0.00574497 -8.22962e-17  -0.00968765 -3.89072e-17  -0.00489891  1.40064e-16   0.00840516  3.72854e-16    0.0233814   5.7852e-16    0.0330449  7.04519e-16    0.0347653  7.13922e-16    0.0301699  6.01046e-16    0.0226387  4.09774e-16    0.0150872  2.13896e-16   0.00908254  7.17677e-17   0.00499584 -6.06564e-19   0.00253092 -2.09672e-17   0.00118771 -1.64232e-17  0.000518483 -6.52189e-18  0.000211221  3.28675e-19  8.04972e-05  3.03154e-18  2.87552e-05  3.16777e-18  9.64337e-06  2.35221e-18  3.04011e-06  1.47308e-18   9.0194e-07  8.28668e-19  2.52057e-07  4.32114e-19  6.64045e-08  2.12581e-19  1.65028e-08  9.97385e-20  3.87093e-09   4.4977e-20  8.57336e-10  1.96168e-20  1.79349e-10   8.3105e-21  3.54436e-11  3.42183e-21   6.6176e-12  1.36351e-21  1.16725e-12  5.21243e-22  1.94469e-13  1.89034e-22  3.05936e-14  6.42763e-23  4.54263e-15  2.02506e-23  6.36253e-16  5.83255e-24  8.39991e-17    1.506e-24  1.04436e-17  3.36091e-25  1.22147e-18  5.91985e-26  1.34221e-19  5.48335e-27  1.38361e-20 -1.32941e-27   1.3357e-21  -9.5703e-28  1.20512e-22 -3.49013e-28  1.01386e-23 -9.83391e-29  7.93203e-25 -2.33885e-29   5.7532e-26 -4.85417e-30  3.85474e-27 -8.92726e-31  2.37591e-28 -1.46467e-31  1.34056e-29 -2.14573e-32  6.88429e-31   -2.795e-33  3.19558e-32 -3.20719e-34  1.32966e-33 -3.19578e-35  4.90893e-35 -2.71239e-36  1.58754e-36 -1.91476e-37   4.4238e-38 -1.09549e-38  1.03915e-39 -4.98875e-40  1.99573e-41 -1.84799e-41   2.9946e-43 -6.17456e-43   3.2585e-45 -1.95731e-44  2.21975e-47 -4.23909e-46  6.09486e-50
-1.50542e-05  1.66322e-18 -2.52474e-05  -1.4325e-18  0.000598278  3.37224e-18   0.00113523  2.58307e-20  -0.00148046 -4.72394e-17  -0.00664329 -7.08272e-17  -0.00815488  2.04975e-17  -0.00123484   2.1641e-16     0.012042  4.42143e-16    0.0250511  6.26157e-16    0.0322429  7.13922e-16    0.0322021  6.76202e-16    0.0269513   5.2921e-16    0.0196408  3.33713e-16    0.0127493  1.59668e-16   0.00748155  4.71668e-17   0.00400977 -3.47358e-18   0.00197732 -1.45041e-17  0.000902089 -9.39113e-18  0.000382349 -2.30339e-18  0.000151056  1.79941e-18  5.57734e-05  2.94818e-18  1.92869e-05  2.55657e-18  6.25771e-06  1.74627e-18  1.90781e-06  1.03953e-18  5.47225e-07  5.64143e-19  1.47832e-07  2.85978e-19  3.76464e-08  1.37385e-19  9.04373e-09  6.31521e-20  2.05065e-09  2.79817e-20  4.39086e-10  1.20181e-20   8.8808e-11  5.01705e-21  1.69698e-11  2.03214e-21   3.0637e-12  7.93366e-22  5.22541e-13  2.95526e-22   8.4179e-14  1.03822e-22  1.28039e-14  3.39983e-23  1.83786e-15  1.02496e-23  2.48792e-16  2.79967e-24  3.17361e-17  6.74772e-25  3.81099e-18  1.35591e-25  4.30304e-19  1.90258e-26  4.56209e-20 -8.30358e-29  4.53424e-21 -1.27164e-27  4.21681e-22 -5.72473e-28  3.66154e-23 -1.79315e-28  2.96115e-24 -4.60271e-29  2.22395e-25 -1.01853e-29  1.54601e-26 -1.98591e-30  9.90916e-28 -3.44659e-31  5.82961e-29 -5.34272e-32   3.1312e-30 -7.38344e-33  1.52585e-31 -9.03383e-34  6.69503e-33 -9.66979e-35  2.62078e-34  -8.9034e-36  9.04868e-36   -6.901e-37  2.71597e-37 -4.39158e-38  6.95394e-39  -2.2426e-39  1.48026e-40 -9.18494e-41  2.52476e-42 -3.22684e-42   3.2584e-44 -1.08662e-43  2.87651e-46 -3.09199e-45  1.37178e-48 -4.00394e-47
 5.44069e-19 -3.33753e-05  1.37543e-18  9.02614e-05  6.12431e-19  0.000791993  1.64201e-18  0.000544249 -2.17889e-17  -0.00275123 -6.55523e-17  -0.00677244 -5.12433e-17  -0.00588101  7.27559e-17   0.00247339   2.7495e-16     0.014946   4.8507e-16    0.0255329  6.35186e-16    0.0301699  6.76202e-16    0.0285371  5.96464e-16    0.0229161  4.32857e-16    0.0161228  2.51687e-16    0.0101337  1.09479e-16   0.00576519   2.7449e-17   0.00299657 -4.70866e-18   0.00143283 -9.25839e-18  0.000633609 -4.53439e-18  0.000260193  1.39853e-19  9.95544e-05   2.2971e-18  3.55868e-05  2.52253e-18  1.19111e-05  1.92951e-18  3.73995e-06  1.23189e-18  1.10334e-06  7.01403e-19  3.06234e-07  3.68275e-19  8.00537e-08  1.81787e-19  1.97283e-08  8.53976e-20  4.58673e-09  3.85144e-20  1.00664e-09  1.67898e-20  2.08636e-10  7.10636e-21  4.08484e-11  2.92219e-21  7.55611e-12  1.16247e-21  1.32057e-12  4.43543e-22  2.18026e-13  1.60537e-22  3.39954e-14  5.44784e-23  5.00401e-15  1.71276e-23  6.94948e-16  4.92015e-24  9.09932e-17  1.26542e-24  1.12227e-17  2.80396e-25  1.30241e-18  4.85688e-26  1.42039e-19  4.13114e-27  1.45353e-20 -1.27539e-27  1.39331e-21 -8.49602e-28  1.24853e-22 -3.04829e-28  1.04345e-23 -8.52856e-29  8.11149e-25 -2.02081e-29  5.84713e-26 -4.18533e-30  3.89436e-27 -7.68797e-31  2.38653e-28 -1.26034e-31  1.33908e-29 -1.84491e-32  6.83975e-31 -2.40036e-33  3.15844e-32 -2.74937e-34  1.30761e-33 -2.73235e-35  4.80413e-35   -2.311e-36  1.54635e-36 -1.62506e-37  4.28938e-38 -9.27133e-39  1.00311e-39  -4.2345e-40  1.91824e-41 -1.59947e-41   2.8664e-43 -5.57711e-43  3.10681e-45 -1.83445e-44    2.114e-47 -4.00464e-46   5.6814e-50
