 9.34432e-07 -9.27889e-22    -1.19e-05  3.29306e-20  5.31772e-05 -2.38865e-19 -0.000123691  7.30579e-19  0.000160363 -1.09154e-18 -0.000103361  6.88231e-19  7.56565e-06  1.11448e-19  2.79802e-05 -3.61869e-19 -9.79834e-06  1.27115e-19 -1.94612e-06  2.41914e-21  5.97867e-07
-9.27889e-22  1.74399e-05 -2.12811e-20 -0.000119975  4.02704e-19  0.000382107 -2.00069e-18 -0.000671667  4.54095e-18  0.000645274 -5.05477e-18 -0.000248336  1.97859e-18 -8.89004e-05  1.08061e-18  0.000102268 -1.15476e-18 -9.51688e-06  2.01564e-19 -8.12284e-06  1.94318e-20
   -1.19e-05 -2.12811e-20  0.000152915 -2.12164e-19   -0.0006925  2.62987e-18   0.00164309 -9.62179e-18  -0.00219709  1.66823e-17   0.00149849 -1.37296e-17 -0.000170654  2.40822e-18 -0.000409751  3.80651e-18  0.000181825 -2.05826e-18  1.96739e-05  1.13389e-19 -1.16603e-05
 3.29306e-20 -0.000119975 -2.12164e-19  0.000836478 -1.26871e-18  -0.00271775  1.13067e-17   0.00492399 -3.17186e-17  -0.00497302  4.25982e-17   0.00215795 -2.51094e-17  0.000571222 -1.17203e-18 -0.000906836  7.96715e-18  0.000164695 -2.29724e-18  6.48147e-05 -3.45073e-20
 5.31772e-05  4.02704e-19   -0.0006925 -1.26871e-18    0.0031993 -5.20762e-18  -0.00782121  3.52185e-17    0.0109585 -7.77322e-17  -0.00814559  8.12047e-17   0.00151658 -3.18214e-17   0.00210455 -1.04573e-17  -0.00128206  1.13141e-17  1.22883e-05 -1.58137e-18  7.73733e-05
-2.38865e-19  0.000382107  2.62987e-18  -0.00271775 -5.20762e-18   0.00909674 -1.58195e-17    -0.017242  8.42087e-17    0.0187517 -1.48931e-16  -0.00963457  1.20536e-16  -0.00115945  -2.5996e-17   0.00389043 -2.23633e-17  -0.00124618  1.13533e-17 -0.000168428 -5.63405e-19
-0.000123691 -2.00069e-18   0.00164309  1.13067e-17  -0.00782121 -1.58195e-17    0.0199927 -3.73909e-17   -0.0300117  1.61136e-16    0.0252148 -2.31655e-16  -0.00756342  1.43344e-16  -0.00531607 -7.11573e-18    0.0050896 -3.00493e-17 -0.000832989  7.74948e-18 -0.000212209
 7.30579e-19 -0.000671667 -9.62179e-18   0.00492399  3.52185e-17    -0.017242 -3.73909e-17    0.0349618 -7.14495e-17   -0.0423231  2.55407e-16    0.0270573 -3.02006e-16  -0.00200491  1.39233e-16  -0.00941622  1.56576e-17   0.00529095  -2.7835e-17 -0.000370626  2.66111e-18
 0.000160363  4.54095e-18  -0.00219709 -3.17186e-17    0.0109585  8.42087e-17   -0.0300117 -7.14495e-17    0.0499448 -1.14073e-16   -0.0497304  3.45757e-16    0.0234487  -3.3904e-16   0.00500557  1.11408e-16   -0.0121864  2.90899e-17   0.00475211 -1.56119e-17 -0.000151438
-1.09154e-18  0.000645274  1.66823e-17  -0.00497302 -7.77322e-17    0.0187517  1.61136e-16   -0.0423231 -1.14073e-16    0.0600556 -1.56754e-16   -0.0505307  4.10149e-16    0.0165412 -3.33374e-16     0.011189  7.27818e-17   -0.0133728  2.44802e-17   0.00395699 -6.33245e-19
-0.000103361 -5.05477e-18   0.00149849  4.25982e-17  -0.00814559 -1.48931e-16    0.0252148  2.55407e-16   -0.0497304 -1.56754e-16    0.0632357 -1.90011e-16   -0.0467655  4.32281e-16   0.00944128   -2.848e-16    0.0154517  3.65083e-17   -0.0133435  6.09803e-18   0.00288654
 6.88231e-19 -0.000248336 -1.37296e-17   0.00215795  8.12047e-17  -0.00963457 -2.31655e-16    0.0270573  3.45757e-16   -0.0505307 -1.90011e-16    0.0614517  -2.0568e-16   -0.0420575  3.99528e-16   0.00412903 -1.95287e-16    0.0177197  6.60492e-18   -0.0119841 -8.20833e-18
 7.56565e-06  1.97859e-18 -0.000170654 -2.51094e-17   0.00151658  1.20536e-16  -0.00756342 -3.02006e-16    0.0234487  4.10149e-16   -0.0467655  -2.0568e-16    0.0585031 -1.95858e-16   -0.0390752  2.98275e-16   0.00128741  -6.3974e-17     0.017537 -3.04145e-17  -0.00802374
 1.11448e-19 -8.89004e-05  2.40822e-18  0.000571222 -3.18214e-17  -0.00115945  1.43344e-16  -0.00200491  -3.3904e-16    0.0165412  4.32281e-16   -0.0420575 -1.95858e-16    0.0573261 -1.51327e-16   -0.0390782  1.16343e-16   0.00186361  1.07844e-16    0.0129647 -6.48082e-17
 2.79802e-05  1.08061e-18 -0.000409751 -1.17203e-18   0.00210455  -2.5996e-17  -0.00531607  1.39233e-16   0.00500557 -3.33374e-16   0.00944128  3.99528e-16   -0.0390752 -1.51327e-16    0.0594313 -6.24813e-17   -0.0435358 -1.50638e-16   0.00850837  3.07963e-16   0.00374722
-3.61869e-19  0.000102268  3.80651e-18 -0.000906836 -1.04573e-17   0.00389043 -7.11573e-18  -0.00941622  1.11408e-16     0.011189   -2.848e-16   0.00412903  2.98275e-16   -0.0390782 -6.24813e-17    0.0665354  6.98481e-17   -0.0557552 -4.57317e-16    0.0216637   3.6077e-16
-9.79834e-06 -1.15476e-18  0.000181825  7.96715e-18  -0.00128206 -2.23633e-17    0.0050896  1.56576e-17   -0.0121864  7.27818e-17    0.0154517 -1.95287e-16   0.00128741  1.16343e-16   -0.0435358  6.98481e-17    0.0822482  2.44169e-16   -0.0763476 -7.29605e-16    0.0285505
 1.27115e-19 -9.51688e-06 -2.05826e-18  0.000164695  1.13141e-17  -0.00124618 -3.00493e-17   0.00529095  2.90899e-17   -0.0133728  3.65083e-17    0.0177197  -6.3974e-17   0.00186361 -1.50638e-16   -0.0557552  2.44169e-16      0.10729  3.60354e-16   -0.0893392 -5.64995e-16
-1.94612e-06  2.01564e-19  1.96739e-05 -2.29724e-18  1.22883e-05  1.13533e-17 -0.000832989  -2.7835e-17   0.00475211  2.44802e-17   -0.0133435  6.60492e-18     0.017537  1.07844e-16   0.00850837 -4.57317e-16   -0.0763476  3.60354e-16     0.124443  4.71231e-16    -0.065672
 2.41914e-21 -8.12284e-06  1.13389e-19  6.48147e-05 -1.58137e-18 -0.000168428  7.74948e-18 -0.000370626 -1.56119e-17   0.00395699  6.09803e-18   -0.0119841 -3.04145e-17    0.0129647  3.07963e-16    0.0216637 -7.29605e-16   -0.0893392  4.71231e-16     0.101038  1.17015e-16
 5.97867e-07  1.94318e-20 -1.16603e-05 -3.45073e-20  7.73733e-05 -5.63405e-19 -0.000212209  2.66111e-18 -0.000151438 -6.33245e-19   0.00288654 -8.20833e-18  -0.00802374 -6.48082e-17   0.00374722   3.6077e-16    0.0285505 -5.64995e-16    -0.065672  1.17015e-16    0.0402386
