 1.60604e-15  1.48316e-27 -5.11749e-14 -4.86658e-26  6.48981e-13  5.33179e-25 -5.05411e-12 -3.59593e-24  2.78421e-11  1.75491e-23 -1.16277e-10 -6.63119e-23  3.82748e-10  2.01242e-22 -1.01531e-09 -5.01289e-22  2.19372e-09  1.03813e-21   -3.862e-09 -1.79854e-21  5.47106e-09  2.60734e-21 -6.02071e-09 -3.14136e-21  4.67459e-09  3.09179e-21 -1.66596e-09 -2.39551e-21 -1.42489e-09  1.33662e-21  2.70531e-09 -3.83002e-22 -1.64697e-09 -1.33923e-22  -3.4584e-10   2.1441e-22  1.32854e-09 -9.58547e-23 -7.48404e-10 -4.35863e-26 -2.88911e-10  1.46132e-23  5.86855e-10  6.65406e-25 -1.59183e-10  -3.1391e-24 -2.12237e-10 -3.06139e-24  1.60114e-10  3.76676e-24  2.89896e-11 -3.30613e-25 -6.67824e-11 -9.88816e-25  7.80354e-12  2.75682e-25  1.49335e-11  1.16943e-25 -3.23524e-12 -3.52873e-26 -1.09044e-12
 1.48316e-27  7.28056e-14   2.5177e-26 -1.32323e-12 -5.92437e-25  1.28162e-11   5.3434e-24 -8.29837e-11 -3.13768e-23  3.95538e-10  1.36745e-22 -1.46112e-09 -4.67616e-22  4.30832e-09  1.29339e-21 -1.03043e-08 -2.94465e-21  2.01008e-08  5.57095e-21 -3.18031e-08 -8.78449e-21   3.9923e-08  1.15004e-20 -3.75352e-08 -1.23363e-20  2.19768e-08   1.0529e-20  2.95128e-10 -6.68742e-21 -1.61714e-08  2.57339e-21  1.63035e-08  1.02758e-22 -4.13087e-09 -8.49871e-22 -7.19258e-09  4.53721e-22  8.07457e-09  7.65011e-24 -1.24124e-09 -8.20434e-23 -3.85531e-09 -3.50922e-23  2.83836e-09  6.94828e-23  5.34897e-10 -9.70407e-24 -1.57881e-09  -2.8244e-23  3.86676e-10  1.45171e-23  4.80281e-10  3.74856e-24  -2.6527e-10 -4.13666e-24 -7.39006e-11 -6.15986e-26  6.79936e-11  5.27758e-25  3.31922e-12 -3.38429e-26
-5.11749e-14   2.5177e-26  1.63105e-12  2.53613e-25 -2.06885e-11 -4.69469e-24  1.61137e-10  3.63982e-23 -8.87713e-10 -1.90299e-22  3.70712e-09   7.4968e-22 -1.22003e-08 -2.33528e-21  3.23509e-08  5.90166e-21 -6.98532e-08  -1.2271e-20  1.22843e-07  2.11248e-20  -1.7371e-07 -3.00814e-20  1.90528e-07  3.50799e-20 -1.46808e-07 -3.26907e-20  5.04316e-08  2.30229e-20   4.7727e-08 -1.04749e-20 -8.72581e-08  9.14042e-22  5.19569e-08  2.60014e-21    1.242e-08 -1.56017e-21 -4.34006e-08 -3.15958e-22  2.38869e-08  7.38843e-22  9.86535e-09 -6.30575e-23 -1.92363e-08 -3.99306e-22  5.07577e-09  2.35707e-22  7.04457e-09  5.90876e-23 -5.26937e-09  -1.0631e-22 -9.57302e-10  1.53392e-23  2.20883e-09  2.31178e-23 -2.73308e-10 -7.36977e-24 -4.87503e-10 -2.52748e-24  1.12147e-10  9.11758e-25  3.33356e-11
-4.86658e-26 -1.32323e-12  2.53613e-25  2.40544e-11  1.85095e-24 -2.33015e-10  -2.8836e-23  1.50886e-09  1.98824e-22 -7.19193e-09 -9.40414e-22  2.65643e-08  3.37669e-21   -7.831e-08 -9.61569e-21  1.87216e-07  2.22038e-20 -3.64944e-07 -4.20383e-20  5.76719e-07  6.54308e-20 -7.22451e-07 -8.31602e-20   6.7637e-07  8.45286e-20 -3.91084e-07 -6.53835e-20 -1.42871e-08  3.35091e-20  3.00188e-07 -4.73723e-21 -2.97464e-07 -8.62995e-21  7.15719e-08  6.69547e-21  1.35438e-07  5.26807e-22 -1.48996e-07 -3.78093e-21  2.14482e-08  1.84993e-21  7.24176e-08  8.91899e-22 -5.27253e-08 -1.33319e-21 -1.02249e-08  2.61238e-22  2.96067e-08  3.82361e-22 -7.33512e-09 -2.15442e-22 -8.94754e-09 -4.45626e-23   5.0478e-09  5.89379e-23  1.30731e-09 -2.28359e-24 -1.27981e-09 -6.63743e-24 -3.71459e-11  6.38641e-25
 6.48981e-13 -5.92437e-25 -2.06885e-11  1.85095e-24  2.62456e-10  1.09135e-23 -2.04441e-09 -1.50822e-22  1.12632e-08  9.43325e-22 -4.70343e-08 -4.06952e-21  1.54772e-07  1.33634e-20 -4.10297e-07 -3.47938e-20  8.85529e-07  7.32564e-20 -1.55611e-06  -1.2574e-19  2.19763e-06  1.75564e-19 -2.40454e-06 -1.96258e-19  1.84214e-06  1.68462e-19 -6.14333e-07 -9.88707e-20 -6.28706e-07  2.16155e-20  1.11914e-06  2.50353e-20 -6.56337e-07 -2.80312e-20 -1.70177e-07  6.45697e-21   5.6213e-07  1.04714e-20 -3.05651e-07 -1.01187e-20 -1.30401e-07  9.56206e-22  2.50065e-07  4.14699e-21 -6.59679e-08  -2.4877e-21 -9.15747e-08 -5.02414e-22   6.9135e-08  1.05644e-21  1.17749e-08 -2.01329e-22 -2.87997e-08 -2.05387e-22  4.02117e-09  8.13324e-23  6.17733e-09  1.64642e-23  -1.5642e-09 -8.33641e-24 -3.79615e-10
 5.33179e-25  1.28162e-11 -4.69469e-24 -2.33015e-10  1.09135e-23  2.25746e-09  5.62982e-23  -1.4619e-08 -7.07895e-22   6.9682e-08  4.03637e-21 -2.57368e-07 -1.59031e-20  7.58608e-07  4.77192e-20 -1.81316e-06 -1.13346e-19   3.5329e-06  2.16881e-19 -5.57888e-06 -3.35821e-19  6.97917e-06  4.17033e-19  -6.5154e-06 -4.02785e-19  3.73389e-06  2.77985e-19  2.00522e-07 -9.71692e-20 -2.95737e-06  -4.5672e-20  2.89929e-06  8.81306e-20 -6.76507e-07 -4.58462e-20 -1.34522e-06 -1.22442e-20   1.4667e-06  3.21453e-20 -2.07672e-07 -1.46145e-20 -7.17265e-07 -6.59282e-21   5.2414e-07  1.01147e-20  9.79847e-08 -2.28169e-21 -2.93696e-07 -2.72111e-21  7.63322e-08  1.76871e-21  8.67911e-08  1.56528e-22  -5.1332e-08 -4.07763e-22 -1.14834e-08  4.76623e-23  1.26713e-08  3.71814e-23 -1.27188e-12 -5.18301e-24
-5.05411e-12   5.3434e-24  1.61137e-10  -2.8836e-23 -2.04441e-09  5.62982e-23  1.59263e-08  2.64061e-22 -8.77465e-08 -3.02325e-21  3.66426e-07  1.56877e-20 -1.20573e-06 -5.63506e-20  3.19603e-06  1.54112e-19 -6.89655e-06 -3.32951e-19  1.21148e-05  5.76828e-19 -1.70979e-05 -8.01188e-19  1.86829e-05   8.7556e-19 -1.42644e-05 -7.11894e-19  4.66588e-06  3.57401e-19  5.02508e-06  8.37908e-21 -8.80991e-06 -1.99625e-19  5.13363e-06  1.69031e-19  1.37462e-06 -2.96389e-20 -4.45381e-06 -6.61686e-20  2.42562e-06  6.06175e-20  1.02587e-06 -6.24394e-21 -1.98907e-06 -2.45747e-20  5.42571e-07  1.60809e-20  7.16954e-07  1.65714e-21 -5.58435e-07 -6.15519e-21 -8.06738e-08  1.77464e-21  2.27885e-07  8.73266e-22  -3.8054e-08 -4.88403e-22 -4.64693e-08 -3.74626e-23  1.35003e-08  3.97337e-23  2.38246e-09
-3.59593e-24 -8.29837e-11  3.63982e-23  1.50886e-09 -1.50822e-22  -1.4619e-08  2.64061e-22  9.46756e-08   1.1274e-21 -4.51296e-07 -1.16932e-20  1.66689e-06  5.51286e-20 -4.91332e-06 -1.80158e-19  1.17431e-05  4.47922e-19 -2.28795e-05 -8.77554e-19  3.61227e-05  1.37069e-18 -4.51699e-05 -1.69522e-18  4.21211e-05  1.60474e-18 -2.40381e-05 -1.04751e-18 -1.51331e-06  2.74971e-19  1.93941e-05    3.044e-19 -1.89563e-05 -4.36861e-19  4.41563e-06  2.10839e-19  8.82964e-06  6.50255e-20 -9.67045e-06 -1.57784e-19  1.43556e-06  7.57208e-20  4.69029e-06  2.75828e-20 -3.50303e-06 -5.04705e-20 -5.76983e-07  1.59569e-20  1.93037e-06  1.04526e-20 -5.48027e-07  -9.1327e-21 -5.45633e-07  5.18602e-22   3.4981e-07  1.57209e-21  5.97786e-08 -3.42637e-22  -8.2337e-08   -1.054e-22  3.34636e-09  2.23737e-23
 2.78421e-11 -3.13768e-23 -8.87713e-10  1.98824e-22  1.12632e-08 -7.07895e-22 -8.77465e-08   1.1274e-21  4.83469e-07  4.34565e-21 -2.01908e-06 -4.07846e-20  6.64436e-06  1.74557e-19  -1.7614e-05 -5.17981e-19   3.8013e-05  1.16806e-18 -6.67846e-05 -2.06868e-18  9.42681e-05  2.89784e-18 -0.000103012 -3.15845e-18   7.8616e-05  2.52417e-18  -2.5578e-05  -1.1897e-18 -2.80398e-05  -1.5937e-19  4.90488e-05  8.35202e-19 -2.87099e-05 -6.79327e-19 -7.49877e-06   1.2321e-19  2.48555e-05  2.63336e-19 -1.37902e-05 -2.57575e-19 -5.48673e-06  4.68403e-20  1.11453e-05  9.01948e-20 -3.26683e-06 -7.28196e-20 -3.87088e-06  3.97409e-21  3.19976e-06  2.18783e-20  3.24763e-07 -9.50161e-21 -1.25533e-06   -1.588e-21  2.62918e-07  1.75368e-21  2.35214e-07 -8.06029e-23 -8.24712e-08 -1.00094e-22 -8.47425e-09
 1.75491e-23  3.95538e-10 -1.90299e-22 -7.19193e-09  9.43325e-22   6.9682e-08 -3.02325e-21 -4.51296e-07  4.34565e-21  2.15139e-06  1.50917e-20  -7.9473e-06 -1.28248e-19  2.34297e-05  4.97654e-19  -5.6013e-05  -1.3384e-18  0.000109172   2.7311e-18 -0.000172452 -4.35644e-18    0.0002158  5.43611e-18 -0.000201449 -5.14499e-18  0.000115174  3.31814e-18   7.1349e-06 -7.95265e-19 -9.31802e-05 -1.08756e-18  9.16643e-05  1.51451e-18 -2.21037e-05 -7.68106e-19 -4.20696e-05 -1.69567e-19  4.70647e-05  5.34654e-19 -7.84903e-06  -3.0628e-19 -2.22214e-05 -4.77351e-20  1.73542e-05  1.66989e-19  2.15804e-06 -7.62757e-20 -9.23003e-06 -1.98236e-20  2.98588e-06  3.09152e-20  2.41325e-06 -6.63615e-21 -1.75532e-06 -3.27065e-21 -1.73853e-07   1.3368e-21  3.82743e-07  7.40168e-23 -3.66654e-08 -4.52739e-23
-1.16277e-10  1.36745e-22  3.70712e-09 -9.40414e-22 -4.70343e-08  4.03637e-21  3.66426e-07 -1.16932e-20 -2.01908e-06  1.50917e-20  8.43334e-06  4.72938e-20 -2.77587e-05 -3.63686e-19  7.36137e-05   1.2772e-18  -0.00015895  -3.1074e-18  0.000279472   5.7232e-18 -0.000394933 -8.18558e-18   0.00043234  9.01796e-18 -0.000331054 -7.24933e-18  0.000109079  3.44013e-18  0.000116761  4.41919e-19 -0.000207042 -2.44254e-18  0.000123391  2.08979e-18  2.91307e-05 -5.33117e-19 -0.000104613 -6.60056e-19  6.03624e-05  7.86337e-19  2.10017e-05 -2.46304e-19 -4.70853e-05 -2.00092e-19  1.54487e-05  2.29429e-19  1.52762e-05 -5.23105e-20 -1.39277e-05 -4.78326e-20 -5.38727e-07  3.34504e-20  5.11979e-06 -2.37695e-21 -1.39737e-06 -3.55671e-21 -8.30298e-07  7.73724e-22   3.7754e-07  4.50903e-23  9.56566e-09
-6.63119e-23 -1.46112e-09   7.4968e-22  2.65643e-08 -4.06952e-21 -2.57368e-07  1.56877e-20  1.66689e-06 -4.07846e-20  -7.9473e-06  4.72938e-20  2.93648e-05  1.33781e-19 -8.66066e-05 -9.29272e-19   0.00020718  2.94844e-18 -0.000404182 -6.47754e-18  0.000639363  1.07353e-17 -0.000801842 -1.36879e-17  0.000751398  1.31519e-17  -0.00043365 -8.66196e-18 -2.08335e-05  2.32361e-18  0.000344934  2.53292e-18   -0.0003456 -3.86358e-18  8.98896e-05  2.24181e-18  0.000152472  8.30181e-20 -0.000178117 -1.22913e-18   3.5515e-05  9.08789e-19     7.98e-05 -6.15959e-20 -6.71357e-05 -3.71197e-19 -4.22911e-06   2.5174e-19  3.36125e-05 -6.33047e-21 -1.29343e-05 -6.96722e-20 -7.67384e-06  2.97556e-20   6.7923e-06  4.92086e-22  4.42809e-08 -2.72123e-21 -1.31299e-06  5.15899e-22  2.25836e-07 -3.59161e-23
 3.82748e-10 -4.67616e-22 -1.22003e-08  3.37669e-21  1.54772e-07 -1.59031e-20 -1.20573e-06  5.51286e-20  6.64436e-06 -1.28248e-19 -2.77587e-05  1.33781e-19  9.14076e-05  3.41082e-19 -0.000242572 -2.13635e-18  0.000524323  6.11559e-18  -0.00092335 -1.21068e-17   0.00130801  1.79836e-17  -0.00143771 -2.02865e-17   0.00110985  1.67039e-17  -0.00037851 -8.42922e-18 -0.000375282 -2.25701e-19   0.00068896  5.02031e-18 -0.000425081 -4.82445e-18 -8.03887e-05  1.79393e-18  0.000344558  9.50607e-19 -0.000212034 -1.70415e-18 -5.73749e-05  8.42824e-19  0.000155478  2.10256e-19 -5.95054e-05 -5.12996e-19 -4.48021e-05  2.26626e-19  4.77447e-05  4.56485e-20  -2.2561e-06  -7.9366e-20 -1.58297e-05  2.39917e-20  5.84214e-06  7.67959e-22  1.94797e-06 -1.83268e-21 -1.31886e-06  5.28508e-22  7.13001e-08
 2.01242e-22  4.30832e-09 -2.33528e-21   -7.831e-08  1.33634e-20  7.58608e-07 -5.63506e-20 -4.91332e-06  1.74557e-19  2.34297e-05 -3.63686e-19 -8.66066e-05  3.41082e-19  0.000255612  7.82394e-19 -0.000612155 -4.41387e-18   0.00119627  1.13844e-17  -0.00189724  -2.0252e-17   0.00238923  2.68207e-17  -0.00225557 -2.64948e-17   0.00132647  1.82062e-17   2.4382e-05  -6.0261e-18  -0.00101113  -3.7007e-18   0.00104806   7.1102e-18 -0.000306642 -4.95752e-18 -0.000429128  8.65634e-19  0.000539977  1.82286e-18 -0.000135019 -1.96811e-18 -0.000221022  6.08818e-19   0.00020878  5.04618e-19 -4.68988e-06 -5.94121e-19  -9.4964e-05  1.66955e-19  4.55113e-05  8.72041e-20  1.67504e-05 -7.82341e-20 -2.06469e-05  2.02736e-20  2.27842e-06 -4.36157e-22  3.26836e-06 -1.49502e-21 -9.39268e-07  4.47359e-22
-1.01531e-09  1.29339e-21  3.23509e-08 -9.61569e-21 -4.10297e-07  4.77192e-20  3.19603e-06 -1.80158e-19  -1.7614e-05  4.97654e-19  7.36137e-05 -9.29272e-19 -0.000242572  7.82394e-19  0.000644455  1.61301e-18  -0.00139545 -8.18934e-18   0.00246402  1.89948e-17  -0.00350509 -3.02456e-17   0.00387961  3.54643e-17  -0.00303771 -3.02629e-17   0.00109943  1.66382e-17  0.000942125 -1.91597e-18  -0.00184731 -6.98053e-18   0.00120442  8.13712e-18  0.000141374 -4.33678e-18 -0.000904331 -1.99883e-19  0.000612296  2.51045e-18  0.000100788 -2.01768e-18  -0.00040779  2.73339e-19  0.000189831  7.65236e-19  9.46415e-05 -6.07908e-19 -0.000130906  9.54298e-20  2.11562e-05  1.09348e-19  3.66774e-05 -7.18646e-20 -1.93178e-05  1.95527e-20 -2.09164e-06  -1.3521e-21  3.45453e-06 -1.37646e-21 -4.79885e-07
-5.01289e-22 -1.03043e-08  5.90166e-21  1.87216e-07 -3.47938e-20 -1.81316e-06  1.54112e-19  1.17431e-05 -5.17981e-19  -5.6013e-05   1.2772e-18   0.00020718 -2.13635e-18 -0.000612155  1.61301e-18   0.00146863  2.98722e-18  -0.00287781 -1.36322e-17   0.00458327  2.83493e-17   -0.0058106 -4.01851e-17   0.00555216  4.13455e-17  -0.00336607 -2.99456e-17  0.000100894  1.22689e-17     0.002375  2.42714e-18  -0.00260236 -8.95069e-18  0.000890784  8.04912e-18  0.000935628 -3.43614e-18  -0.00133137 -1.10409e-18  0.000431576  2.99309e-18   0.00046729 -1.91488e-18 -0.000528876 -1.01597e-19   7.2107e-05  9.55825e-19  0.000206489 -5.65082e-19 -0.000130727  3.41776e-20 -1.85972e-05  1.11757e-19  4.89471e-05 -6.53261e-20  -1.2867e-05  2.00488e-20 -5.20822e-06 -1.37815e-21  2.73543e-06  -8.7617e-22
 2.19372e-09 -2.94465e-21 -6.98532e-08  2.22038e-20  8.85529e-07 -1.13346e-19 -6.89655e-06  4.47922e-19   3.8013e-05  -1.3384e-18  -0.00015895  2.94844e-18  0.000524323 -4.41387e-18  -0.00139545  2.98722e-18   0.00302987  4.96603e-18  -0.00537247 -2.03229e-17    0.0076925  3.77145e-17  -0.00860799 -4.72407e-17   0.00689019  4.21901e-17  -0.00271865 -2.54305e-17  -0.00182542  6.86271e-18   0.00402907  5.27549e-18  -0.00284815 -9.26954e-18 -5.26245e-05  7.46342e-18   0.00189534 -2.74401e-18  -0.00147061 -1.80787e-18 -4.31427e-05  3.35394e-18  0.000847251 -1.70063e-18 -0.000503132 -4.69711e-19 -0.000121251  1.05344e-18  0.000285773 -4.87807e-19 -9.04421e-05 -3.76291e-22 -5.85766e-05  1.00143e-19  4.99628e-05 -6.07977e-20 -4.88419e-06  1.97638e-20  -6.2073e-06 -1.09612e-21   1.5589e-06
 1.03813e-21  2.01008e-08  -1.2271e-20 -3.64944e-07  7.32564e-20   3.5329e-06 -3.32951e-19 -2.28795e-05  1.16806e-18  0.000109172  -3.1074e-18 -0.000404182  6.11559e-18   0.00119627 -8.18934e-18  -0.00287781  4.96603e-18   0.00566283  7.39788e-18    -0.009077 -2.70356e-17    0.0116266  4.44537e-17   -0.0113151 -4.87246e-17   0.00717366  3.73604e-17 -0.000717141 -1.85815e-17  -0.00445441  2.84995e-18   0.00533002  5.75168e-18  -0.00221049  -8.6237e-18  -0.00151868   7.1686e-18   0.00267564 -2.37169e-18  -0.00115319 -2.47643e-18 -0.000706795  3.62536e-18   0.00108906 -1.37948e-18 -0.000312998 -7.78664e-19  -0.00032625   1.0509e-18  0.000303471 -4.08313e-19 -2.61712e-05 -1.14231e-21 -8.59725e-05  8.29557e-20  4.23204e-05 -5.77532e-20  1.47851e-06  1.77252e-20 -5.26379e-06 -9.47603e-22
  -3.862e-09  5.57095e-21  1.22843e-07 -4.20383e-20 -1.55611e-06  2.16881e-19  1.21148e-05 -8.77554e-19 -6.67846e-05   2.7311e-18  0.000279472 -6.47754e-18  -0.00092335  1.13844e-17   0.00246402 -1.36322e-17  -0.00537247  7.39788e-18   0.00958755  9.83882e-18    -0.013865 -3.18765e-17    0.0157727  4.59337e-17   -0.0130408 -4.34948e-17   0.00576722  2.85377e-17   0.00257148   -1.244e-17  -0.00712565  1.88828e-18   0.00565007  4.40672e-18 -0.000622181 -8.18292e-18  -0.00310965  7.49103e-18   0.00293732 -2.03109e-18 -0.000403556 -3.22915e-18  -0.00134947  3.73668e-18   0.00109795 -9.80615e-19 -1.79526e-05 -9.68191e-19 -0.000478778  9.70079e-19  0.000262516 -3.60358e-19  3.93294e-05  2.59553e-20 -9.69986e-05  6.80318e-20  3.09996e-05 -5.41251e-20  4.70786e-06  1.39605e-20 -2.95064e-06
-1.79854e-21 -3.18031e-08  2.11248e-20  5.76719e-07  -1.2574e-19 -5.57888e-06  5.76828e-19  3.61227e-05 -2.06868e-18 -0.000172452   5.7232e-18  0.000639363 -1.21068e-17  -0.00189724  1.89948e-17   0.00458327 -2.03229e-17    -0.009077  9.83882e-18    0.0146935  1.15978e-17   -0.0191157 -3.28914e-17    0.0191154  4.07795e-17   -0.0129003 -3.28019e-17   0.00251193  1.90679e-17   0.00649085 -9.54801e-18  -0.00897041  3.87424e-18   0.00465854  2.75414e-18   0.00156205 -8.70654e-18  -0.00431716  8.10362e-18    0.0025488 -1.38028e-18  0.000560187 -3.97872e-18   -0.0017784  3.61342e-18  0.000888457 -5.95826e-19  0.000288933 -1.00374e-18 -0.000550868  8.60462e-19  0.000187471 -3.61259e-19  9.08769e-05  6.33486e-20  -9.4588e-05  5.86569e-20  2.01367e-05  -4.6523e-20  4.47075e-06  8.15916e-21
 5.47106e-09 -8.78449e-21  -1.7371e-07  6.54308e-20  2.19763e-06 -3.35821e-19 -1.70979e-05  1.37069e-18  9.42681e-05 -4.35644e-18 -0.000394933  1.07353e-17   0.00130801  -2.0252e-17  -0.00350509  2.83493e-17    0.0076925 -2.70356e-17    -0.013865  1.15978e-17    0.0203595  1.19496e-17   -0.0237419 -2.89422e-17    0.0205679  2.97286e-17   -0.0104857 -1.98574e-17  -0.00202929  1.22326e-17   0.00999375 -1.05684e-17  -0.00934942  7.19295e-18   0.00255527  2.15674e-18   0.00372116 -1.00812e-17  -0.00480388  8.40271e-18   0.00165819 -3.61797e-19   0.00146202 -4.51295e-18  -0.00192224  3.28562e-18  0.000554247 -3.36081e-19  0.000539547 -9.03259e-19 -0.000552087  7.72954e-19    0.0001035 -4.00161e-19  0.000123261  9.16826e-20 -8.35883e-05  5.15887e-20  1.25875e-05 -3.37131e-20  1.98894e-06
 2.60734e-21   3.9923e-08 -3.00814e-20 -7.22451e-07  1.75564e-19  6.97917e-06 -8.01188e-19 -4.51699e-05  2.89784e-18    0.0002158 -8.18558e-18 -0.000801842  1.79836e-17   0.00238923 -3.02456e-17   -0.0058106  3.77145e-17    0.0116266 -3.18765e-17   -0.0191157  1.19496e-17    0.0254753  1.04512e-17   -0.0265279 -2.03558e-17    0.0195017  1.54237e-17  -0.00620933 -8.26687e-18   -0.0067189  9.61884e-18    0.0121457 -1.42209e-17  -0.00821795  9.94195e-18 -2.33776e-05  3.01806e-18   0.00531374 -1.15993e-17  -0.00457069   8.0202e-18  0.000570719  7.75773e-19   0.00212687 -4.68291e-18  -0.00183302  2.87716e-18  0.000192683  -2.6389e-19  0.000712044 -7.22615e-19   -0.0005061  7.29718e-19  2.69039e-05 -4.44836e-19  0.000136602  1.01512e-19 -6.91932e-05  3.97461e-20  8.94071e-06 -1.57746e-20
-6.02071e-09  1.15004e-20  1.90528e-07 -8.31602e-20 -2.40454e-06  4.17033e-19  1.86829e-05 -1.69522e-18 -0.000103012  5.43611e-18   0.00043234 -1.36879e-17  -0.00143771  2.68207e-17   0.00387961 -4.01851e-17  -0.00860799  4.44537e-17    0.0157727 -3.28914e-17   -0.0237419  1.04512e-17    0.0287814  7.18558e-18   -0.0266958 -8.86361e-18    0.0161712   1.1708e-18  -0.00121863 -3.56644e-19   -0.0103882  1.07082e-17    0.0126188 -1.84325e-17   -0.0061245  1.10584e-17  -0.00238699  4.83446e-18   0.00615044 -1.25652e-17  -0.00387778  7.00981e-18 -0.000455249  1.70029e-18   0.00253071 -4.48681e-18  -0.00160613  2.51811e-18 -0.000140524 -3.76281e-19  0.000811721 -5.18847e-19 -0.000434204   7.1859e-19   -3.249e-05 -4.66569e-19  0.000134435  9.93355e-20 -5.51799e-05  2.15426e-20   6.2254e-06
-3.14136e-21 -3.75352e-08  3.50799e-20   6.7637e-07 -1.96258e-19  -6.5154e-06   8.7556e-19  4.21211e-05 -3.15845e-18 -0.000201449  9.01796e-18  0.000751398 -2.02865e-17  -0.00225557  3.54643e-17   0.00555216 -4.72407e-17   -0.0113151  4.59337e-17    0.0191154 -2.89422e-17   -0.0265279  7.18558e-18    0.0294473  2.75522e-18   -0.0243831  3.20217e-18    0.0116866 -1.05318e-17   0.00316408  3.50274e-18   -0.0124435  1.37697e-17    0.0118004  -2.1629e-17  -0.00382356  1.05461e-17  -0.00416409  6.79986e-18   0.00638433 -1.26561e-17  -0.00301449  5.68842e-18  -0.00131422   2.1883e-18   0.00273096 -4.02068e-18  -0.00131273  2.29309e-18 -0.000422623 -6.34855e-19  0.000850282 -3.24861e-19 -0.000354609  7.07337e-19 -7.05073e-05 -4.49546e-19  0.000121963  8.86967e-20 -4.04682e-05  2.12965e-21
 4.67459e-09 -1.23363e-20 -1.46808e-07  8.45286e-20  1.84214e-06 -4.02785e-19 -1.42644e-05  1.60474e-18   7.8616e-05 -5.14499e-18 -0.000331054  1.31519e-17   0.00110985 -2.64948e-17  -0.00303771  4.13455e-17   0.00689019 -4.87246e-17   -0.0130408  4.07795e-17    0.0205679 -2.03558e-17   -0.0266958  2.75522e-18    0.0275676 -1.99835e-18   -0.0206567  1.39249e-17   0.00745238 -1.87306e-17   0.00613499   4.3331e-18    -0.013086  1.71169e-17    0.0104293 -2.32169e-17  -0.00181901  8.96695e-18  -0.00537634  8.29753e-18   0.00627724  -1.1905e-17  -0.00213955  4.41509e-18  -0.00200711  2.16456e-18   0.00278338 -3.40898e-18 -0.000995254  2.24629e-18  -0.00064247 -9.86514e-19  0.000843194 -1.59725e-19 -0.000281281  6.78843e-19 -8.87503e-05 -4.04803e-19  0.000100204  7.78107e-20   -2.192e-05
 3.09179e-21  2.19768e-08 -3.26907e-20 -3.91084e-07  1.68462e-19  3.73389e-06 -7.11894e-19 -2.40381e-05  2.52417e-18  0.000115174 -7.24933e-18  -0.00043365  1.67039e-17   0.00132647 -3.02629e-17  -0.00336607  4.21901e-17   0.00717366 -4.34948e-17   -0.0129003  2.97286e-17    0.0195017 -8.86361e-18   -0.0243831 -1.99835e-18     0.024191 -6.35824e-18   -0.0169551  2.23572e-17   0.00441296 -2.37201e-17   0.00772834  3.47489e-18   -0.0129895  1.97645e-17   0.00907755 -2.32665e-17 -0.000203714  6.90832e-18  -0.00622123  9.00836e-18   0.00599584 -1.05478e-17  -0.00129756  3.47508e-18  -0.00255085  1.66571e-18   0.00272562 -2.77887e-18 -0.000687123  2.38869e-18 -0.000798575 -1.36331e-18  0.000807464  -3.1376e-20 -0.000219926  6.06928e-19 -8.72924e-05 -3.11392e-19  6.65894e-05  4.67157e-20
-1.66596e-09   1.0529e-20  5.04316e-08 -6.53835e-20 -6.14333e-07  2.77985e-19  4.66588e-06 -1.04751e-18  -2.5578e-05  3.31814e-18  0.000109079 -8.66196e-18  -0.00037851  1.82062e-17   0.00109943 -2.99456e-17  -0.00271865  3.73604e-17   0.00576722 -3.28019e-17   -0.0104857  1.54237e-17    0.0161712  3.20217e-18   -0.0206567 -6.35824e-18    0.0207647 -9.93466e-18      -0.0143  2.83856e-17   0.00265767 -2.62429e-17   0.00853936  1.89685e-18   -0.0127426  2.13369e-17   0.00791218 -2.20433e-17   0.00115223  4.81767e-18   -0.0068365   8.8375e-18   0.00559747 -8.90831e-18 -0.000510415  3.03204e-18  -0.00295346  8.07691e-19   0.00259581 -2.24797e-18 -0.000411856  2.67784e-18   -0.0008985 -1.67645e-18  0.000752773  5.06216e-20 -0.000174825  4.99635e-19 -6.18363e-05 -2.19954e-19  2.77862e-05
-2.39551e-21  2.95128e-10  2.30229e-20 -1.42871e-08 -9.88707e-20  2.00522e-07  3.57401e-19 -1.51331e-06  -1.1897e-18   7.1349e-06  3.44013e-18 -2.08335e-05 -8.42922e-18   2.4382e-05  1.66382e-17  0.000100894 -2.54305e-17 -0.000717141  2.85377e-17   0.00251193 -1.98574e-17  -0.00620933   1.1708e-18    0.0116866  1.39249e-17   -0.0169551 -9.93466e-18    0.0183342 -1.26257e-17   -0.0128532   3.2251e-17   0.00165654 -2.69247e-17   0.00914595  1.37686e-19   -0.0125457   2.1728e-17   0.00684916  -1.9822e-17   0.00234562  3.04509e-18  -0.00725911  7.86338e-18   0.00512026 -7.29849e-18  0.000192601  3.11329e-18  -0.00323444 -2.56586e-19   0.00242872 -1.87407e-18 -0.000178818   2.9868e-18  -0.00094594 -1.84021e-18  0.000685971  1.19943e-19  -0.00015579  3.11529e-19 -1.99318e-05 -7.48684e-20
-1.42489e-09 -6.68742e-21   4.7727e-08  3.35091e-20 -6.28706e-07 -9.71692e-20  5.02508e-06  2.74971e-19 -2.80398e-05 -7.95265e-19  0.000116761  2.32361e-18 -0.000375282  -6.0261e-18  0.000942125  1.22689e-17  -0.00182542 -1.85815e-17   0.00257148  1.90679e-17  -0.00202929 -8.26687e-18  -0.00121863 -1.05318e-17   0.00745238  2.23572e-17      -0.0143 -1.26257e-17     0.017085 -1.44604e-17   -0.0121254  3.42029e-17  0.000848932 -2.61836e-17   0.00975593 -1.48339e-18   -0.0123329  2.09192e-17   0.00582156 -1.69108e-17    0.0033774  1.85376e-18  -0.00751438  6.28552e-18   0.00461685 -5.92191e-18  0.000800154  3.64027e-18     -0.00342 -1.37238e-18    0.0022445  -1.6535e-18  1.78388e-06  3.21053e-18 -0.000941795 -1.88661e-18  0.000622684   2.2308e-19 -0.000159504  1.59535e-19  9.35551e-06
 1.33662e-21 -1.61714e-08 -1.04749e-20  3.00188e-07  2.16155e-20 -2.95737e-06  8.37908e-21  1.93941e-05  -1.5937e-19 -9.31802e-05  4.41919e-19  0.000344934 -2.25701e-19  -0.00101113 -1.91597e-18     0.002375  6.86271e-18  -0.00445441   -1.244e-17   0.00649085  1.22326e-17   -0.0067189 -3.56644e-19   0.00316408 -1.87306e-17   0.00441296  2.83856e-17   -0.0128532 -1.44604e-17    0.0165413 -1.54864e-17   -0.0115684  3.44411e-17  3.00568e-05 -2.43483e-17    0.0103017 -2.73938e-18    -0.012047  1.89667e-17   0.00485948 -1.36758e-17   0.00424252  1.39152e-18  -0.00765417  4.32785e-18   0.00412231 -4.86732e-18   0.00131641  4.53849e-18  -0.00352447 -2.49983e-18   0.00206381 -1.40513e-18  0.000116241  3.13749e-18   -0.0009014 -1.70991e-18  0.000567932  2.58441e-19 -0.000150039 -2.78936e-20
 2.70531e-09  2.57339e-21 -8.72581e-08 -4.73723e-21  1.11914e-06  -4.5672e-20 -8.80991e-06    3.044e-19  4.90488e-05 -1.08756e-18 -0.000207042  2.53292e-18   0.00068896  -3.7007e-18  -0.00184731  2.42714e-18   0.00402907  2.84995e-18  -0.00712565 -9.54801e-18   0.00999375  9.61884e-18   -0.0103882  3.50274e-18   0.00613499 -2.37201e-17   0.00265767   3.2251e-17   -0.0121254 -1.54864e-17    0.0161591 -1.57516e-17   -0.0109813  3.31787e-17 -0.000723526 -2.17096e-17    0.0107201 -3.46735e-18   -0.0117332   1.6023e-17   0.00399803 -1.05155e-17   0.00497426  1.70506e-18  -0.00771807  2.14434e-18   0.00365155 -4.14153e-18    0.0017362  5.68648e-18  -0.00356468 -3.49388e-18   0.00191456 -1.24424e-18  0.000171428  3.05764e-18 -0.000837298 -1.65612e-18  0.000484271  3.49908e-19 -9.35243e-05
-3.83002e-22  1.63035e-08  9.14042e-22 -2.97464e-07  2.50353e-20  2.89929e-06 -1.99625e-19 -1.89563e-05  8.35202e-19  9.16643e-05 -2.44254e-18   -0.0003456  5.02031e-18   0.00104806 -6.98053e-18  -0.00260236  5.27549e-18   0.00533002  1.88828e-18  -0.00897041 -1.05684e-17    0.0121457  1.07082e-17   -0.0124435   4.3331e-18   0.00772834 -2.62429e-17   0.00165654  3.42029e-17   -0.0115684 -1.57516e-17     0.015739 -1.53253e-17   -0.0104484  3.06523e-17    -0.001337 -1.85104e-17    0.0110572 -3.54249e-18   -0.0114449  1.23464e-17   0.00322558 -7.79232e-18   0.00560009  2.75583e-18  -0.00772444 -1.39189e-19   0.00322896 -3.81529e-18   0.00205865  7.07119e-18  -0.00357176 -4.49751e-18    0.0018002 -7.09728e-19  0.000183667  2.25956e-18 -0.000713633 -9.17934e-19  0.000327737  1.77505e-19
-1.64697e-09  1.02758e-22  5.19569e-08 -8.62995e-21 -6.56337e-07  8.81306e-20  5.13363e-06 -4.36861e-19 -2.87099e-05  1.51451e-18  0.000123391 -3.86358e-18 -0.000425081   7.1102e-18   0.00120442 -8.95069e-18  -0.00284815  5.75168e-18   0.00565007  3.87424e-18  -0.00934942 -1.42209e-17    0.0126188  1.37697e-17    -0.013086  3.47489e-18   0.00853936 -2.69247e-17  0.000848932  3.44411e-17   -0.0109813 -1.53253e-17    0.0153683 -1.42994e-17   -0.0100541  2.70709e-17  -0.00184999 -1.49691e-17    0.0113714 -2.87495e-18   -0.0111839   8.2835e-18   0.00253132 -5.73902e-18   0.00612642   4.4399e-18  -0.00770391 -2.42092e-18   0.00287519 -3.79205e-18   0.00230586  8.20946e-18  -0.00355236 -4.87017e-18   0.00170069 -6.83788e-19  0.000119406  2.11109e-18 -0.000477751 -1.06964e-18  0.000134801
-1.33923e-22 -4.13087e-09  2.60014e-21  7.15719e-08 -2.80312e-20 -6.76507e-07  1.69031e-19  4.41563e-06 -6.79327e-19 -2.21037e-05  2.08979e-18  8.98896e-05 -4.82445e-18 -0.000306642  8.13712e-18  0.000890784 -9.26954e-18  -0.00221049  4.40672e-18   0.00465854  7.19295e-18  -0.00821795 -1.84325e-17    0.0118004  1.71169e-17   -0.0129895  1.89685e-18   0.00914595 -2.61836e-17  3.00568e-05  3.31787e-17   -0.0104484 -1.42994e-17    0.0151347 -1.27584e-17  -0.00976513  2.25797e-17  -0.00231855 -1.13184e-17    0.0116673 -1.46206e-18   -0.0109497  4.17319e-18   0.00192608 -4.36416e-18   0.00657569   6.5509e-18  -0.00768668 -4.52549e-18   0.00257977 -3.94775e-18   0.00247887  8.95944e-18  -0.00347625 -5.24779e-18   0.00164437  4.31246e-19 -8.36111e-05  3.27967e-19 -0.000179703  1.27079e-19
 -3.4584e-10 -8.49871e-22    1.242e-08  6.69547e-21 -1.70177e-07 -4.58462e-20  1.37462e-06  2.10839e-19 -7.49877e-06 -7.68106e-19  2.91307e-05  2.24181e-18 -8.03887e-05 -4.95752e-18  0.000141374  8.04912e-18 -5.26245e-05  -8.6237e-18 -0.000622181  2.75414e-18   0.00255527  9.94195e-18   -0.0061245  -2.1629e-17    0.0104293  1.97645e-17   -0.0127426  1.37686e-19   0.00975593 -2.43483e-17 -0.000723526  3.06523e-17   -0.0100541 -1.27584e-17    0.0150075 -1.07447e-17  -0.00952935  1.72839e-17  -0.00274347 -7.78894e-18    0.0119459  5.57812e-19   -0.0107655  2.36816e-19   0.00140144 -3.48261e-18   0.00697485  8.75969e-18  -0.00766527 -6.16467e-18   0.00234771   -4.198e-18    0.0025303  9.16536e-18  -0.00335922 -5.04779e-18   0.00170374  3.20809e-19 -0.000365605  1.12783e-18  1.56566e-05
  2.1441e-22 -7.19258e-09 -1.56017e-21  1.35438e-07  6.45697e-21 -1.34522e-06 -2.96389e-20  8.82964e-06   1.2321e-19 -4.20696e-05 -5.33117e-19  0.000152472  1.79393e-18 -0.000429128 -4.33678e-18  0.000935628  7.46342e-18  -0.00151868 -8.18292e-18   0.00156205  2.15674e-18 -2.33776e-05  1.10584e-17  -0.00382356 -2.32169e-17   0.00907755  2.13369e-17   -0.0125457 -1.48339e-18    0.0103017 -2.17096e-17    -0.001337  2.70709e-17  -0.00976513 -1.07447e-17    0.0149363 -8.26316e-18  -0.00935062  1.13436e-17  -0.00312136  -4.5761e-18    0.0122336  2.93831e-18   -0.0106329 -3.37284e-18  0.000939197 -3.16035e-18   0.00730833  1.13737e-17  -0.00764131 -8.27446e-18   0.00224239 -2.92512e-18   0.00245649  7.43253e-18  -0.00328215 -3.95574e-18   0.00181741  1.11462e-18 -0.000500079 -1.13877e-18
 1.32854e-09  4.53721e-22 -4.34006e-08  5.26807e-22   5.6213e-07 -1.22442e-20 -4.45381e-06  6.50255e-20  2.48555e-05 -1.69567e-19 -0.000104613  8.30181e-20  0.000344558  8.65634e-19 -0.000904331 -3.43614e-18   0.00189534   7.1686e-18  -0.00310965 -8.70654e-18   0.00372116  3.01806e-18  -0.00238699  1.05461e-17  -0.00181901 -2.32665e-17   0.00791218   2.1728e-17   -0.0123329 -2.73938e-18    0.0107201 -1.85104e-17  -0.00184999  2.25797e-17  -0.00952935 -8.26316e-18    0.0149268 -5.34364e-18  -0.00923746  5.08623e-18  -0.00347601 -1.85098e-18    0.0125345  5.51775e-18    -0.010539 -6.78365e-18  0.000567021 -2.83515e-18   0.00756342   1.2671e-17  -0.00768377 -7.48708e-18    0.0022858 -5.49753e-18   0.00234588  1.00503e-17  -0.00319234 -5.94964e-18   0.00170504  1.12403e-18 -0.000340975
-9.58547e-23  8.07457e-09 -3.15958e-22 -1.48996e-07  1.04714e-20   1.4667e-06 -6.61686e-20 -9.67045e-06  2.63336e-19  4.70647e-05 -6.60056e-19 -0.000178117  9.50607e-19  0.000539977 -1.99883e-19  -0.00133137 -2.74401e-18   0.00267564  7.49103e-18  -0.00431716 -1.00812e-17   0.00531374  4.83446e-18  -0.00416409  8.96695e-18 -0.000203714 -2.20433e-17   0.00684916  2.09192e-17    -0.012047 -3.46735e-18    0.0110572 -1.49691e-17  -0.00231855  1.72839e-17  -0.00935062 -5.34364e-18    0.0149898 -2.14291e-18  -0.00917001 -9.51718e-19  -0.00380817  2.79896e-19    0.0128337  7.88129e-18   -0.0105188 -8.80305e-18  0.000315211 -5.13864e-18   0.00780352  1.75318e-17  -0.00782387 -1.28148e-17   0.00237682  2.06488e-18   0.00216752  3.10581e-19  -0.00277183  1.49091e-18   0.00116881  8.79533e-19
-7.48404e-10  7.65011e-24  2.38869e-08 -3.78093e-21 -3.05651e-07  3.21453e-20  2.42562e-06 -1.57784e-19 -1.37902e-05  5.34654e-19  6.03624e-05 -1.22913e-18 -0.000212034  1.82286e-18  0.000612296 -1.10409e-18  -0.00147061 -2.37169e-18   0.00293732  8.10362e-18  -0.00480388 -1.15993e-17   0.00615044  6.79986e-18  -0.00537634  6.90832e-18   0.00115223  -1.9822e-17   0.00582156  1.89667e-17   -0.0117332 -3.54249e-18    0.0113714 -1.13184e-17  -0.00274347  1.13436e-17  -0.00923746 -2.14291e-18     0.015107  1.01325e-18  -0.00915181  -6.0535e-18   -0.0040966  1.34632e-18    0.0131657  1.08242e-17   -0.0106143 -1.14826e-17  0.000128838 -3.94597e-18   0.00806073   1.2536e-17  -0.00793863 -1.27098e-18   0.00250808 -1.30557e-17   0.00158788  1.54208e-17  -0.00178453 -9.24501e-18  0.000452505
-4.35863e-26 -1.24124e-09  7.38843e-22  2.14482e-08 -1.01187e-20 -2.07672e-07  6.06175e-20  1.43556e-06 -2.57575e-19 -7.84903e-06  7.86337e-19   3.5515e-05 -1.70415e-18 -0.000135019  2.51045e-18  0.000431576 -1.80787e-18  -0.00115319 -2.03109e-18    0.0025488  8.40271e-18  -0.00457069 -1.25652e-17   0.00638433  8.29753e-18  -0.00622123  4.81767e-18   0.00234562 -1.69108e-17   0.00485948   1.6023e-17   -0.0114449 -2.87495e-18    0.0116673 -7.78894e-18  -0.00312136  5.08623e-18  -0.00917001  1.01325e-18    0.0152838  3.78783e-18   -0.0092103 -9.92496e-18   -0.0043702   1.9789e-18    0.0135752  1.18139e-17   -0.0107732 -8.34621e-18 -2.55271e-05 -1.28839e-17   0.00818591  2.54255e-17  -0.00796693 -2.10408e-17   0.00300371  1.60129e-17  0.000351415 -1.48113e-17 -0.000578368  6.44944e-18
-2.88911e-10 -8.20434e-23  9.86535e-09  1.84993e-21 -1.30401e-07 -1.46145e-20  1.02587e-06  7.57208e-20 -5.48673e-06  -3.0628e-19  2.10017e-05  9.08789e-19 -5.73749e-05 -1.96811e-18  0.000100788  2.99309e-18 -4.31427e-05 -2.47643e-18 -0.000403556 -1.38028e-18   0.00165819   8.0202e-18  -0.00387778 -1.26561e-17   0.00627724  9.00836e-18   -0.0068365  3.04509e-18    0.0033774 -1.36758e-17   0.00399803  1.23464e-17   -0.0111839 -1.46206e-18    0.0119459  -4.5761e-18  -0.00347601 -9.51718e-19  -0.00915181  3.78783e-18    0.0155501  5.66614e-18  -0.00932235 -1.16754e-17  -0.00467042  1.36852e-19    0.0140043  1.59265e-17   -0.0109521 -1.23731e-17  1.95962e-05 -3.43024e-18   0.00806106   2.9637e-18  -0.00820572  1.47892e-17    0.0041237 -2.80572e-17  -0.00107391  2.61421e-17  0.000121835
 1.46132e-23 -3.85531e-09 -6.30575e-23  7.24176e-08  9.56206e-22 -7.17265e-07 -6.24394e-21  4.69029e-06  4.68403e-20 -2.22214e-05 -2.46304e-19     7.98e-05  8.42824e-19 -0.000221022 -2.01768e-18   0.00046729  3.35394e-18 -0.000706795 -3.22915e-18  0.000560187 -3.61797e-19  0.000570719  7.00981e-18  -0.00301449  -1.1905e-17   0.00599584   8.8375e-18  -0.00725911  1.85376e-18   0.00424252 -1.05155e-17   0.00322558   8.2835e-18   -0.0109497  5.57812e-19    0.0122336 -1.85098e-18  -0.00380817  -6.0535e-18   -0.0092103  5.66614e-18    0.0158851  7.16439e-18  -0.00945059 -1.28193e-17  -0.00492989 -9.07032e-19    0.0143917  1.53677e-17   -0.0113212 -5.52683e-18  0.000425942 -1.70326e-17   0.00795433  2.78626e-17   -0.0089159 -2.98229e-17   0.00528045  3.24512e-17  -0.00168655 -2.52105e-17
 5.86855e-10 -3.50922e-23 -1.92363e-08  8.91899e-22  2.50065e-07 -6.59282e-21 -1.98907e-06  2.75828e-20  1.11453e-05 -4.77351e-20 -4.70853e-05 -6.15959e-20  0.000155478  6.08818e-19  -0.00040779 -1.91488e-18  0.000847251  3.62536e-18  -0.00134947 -3.97872e-18   0.00146202  7.75773e-19 -0.000455249  5.68842e-18  -0.00213955 -1.05478e-17   0.00559747  7.86338e-18  -0.00751438  1.39152e-18   0.00497426 -7.79232e-18   0.00253132  4.17319e-18   -0.0107655  2.93831e-18    0.0125345  2.79896e-19   -0.0040966 -9.92496e-18  -0.00932235  7.16439e-18    0.0162531  7.31137e-18  -0.00967007 -1.19991e-17  -0.00506823 -2.57671e-18     0.014897  1.22013e-17   -0.0120632  2.97368e-18  0.000935941 -1.97337e-17   0.00814659  1.04729e-17  -0.00942041  1.62279e-17   0.00520871 -3.44893e-17  -0.00111282
 6.65406e-25  2.83836e-09 -3.99306e-22 -5.27253e-08  4.14699e-21   5.2414e-07 -2.45747e-20 -3.50303e-06  9.01948e-20  1.73542e-05 -2.00092e-19 -6.71357e-05  2.10256e-19   0.00020878  2.73339e-19 -0.000528876 -1.70063e-18   0.00108906  3.73668e-18   -0.0017784 -4.51295e-18   0.00212687  1.70029e-18  -0.00131422  4.41509e-18  -0.00129756 -8.90831e-18   0.00512026  6.28552e-18  -0.00765417  1.70506e-18   0.00560009 -5.73902e-18   0.00192608  2.36816e-19   -0.0106329  5.51775e-18    0.0128337  1.34632e-18   -0.0043702 -1.16754e-17  -0.00945059  7.31137e-18    0.0167321  6.42158e-18   -0.0100747 -4.08339e-18  -0.00523053 -2.30408e-17    0.0157055  4.65359e-17    -0.012907 -4.74096e-17   0.00121485  3.99944e-17   0.00792749 -2.90349e-17  -0.00824452  3.41679e-19   0.00343884  3.50435e-17
-1.59183e-10  6.94828e-23  5.07577e-09 -1.33319e-21 -6.59679e-08  1.01147e-20  5.42571e-07 -5.04705e-20 -3.26683e-06  1.66989e-19  1.54487e-05 -3.71197e-19 -5.95054e-05  5.04618e-19  0.000189831 -1.01597e-19 -0.000503132 -1.37948e-18   0.00109795  3.61342e-18  -0.00192224 -4.68291e-18   0.00253071   2.1883e-18  -0.00200711  3.47508e-18 -0.000510415 -7.29849e-18   0.00461685  4.32785e-18  -0.00771807  2.75583e-18   0.00612642 -4.36416e-18   0.00140144 -3.37284e-18    -0.010539  7.88129e-18    0.0131657   1.9789e-18  -0.00467042 -1.28193e-17  -0.00967007  6.42158e-18    0.0174205  1.29918e-17   -0.0105297 -2.55469e-17  -0.00559862  3.70408e-17    0.0165196 -7.98736e-17   -0.0134343  1.46068e-16   0.00193781  -1.7777e-16   0.00570342  1.37882e-16  -0.00489947 -4.92898e-17   0.00118713
 -3.1391e-24  5.34897e-10  2.35707e-22 -1.02249e-08  -2.4877e-21  9.79847e-08  1.60809e-20 -5.76983e-07 -7.28196e-20  2.15804e-06  2.29429e-19 -4.22911e-06 -5.12996e-19 -4.68988e-06  7.65236e-19   7.2107e-05 -4.69711e-19 -0.000312998 -9.80615e-19  0.000888457  3.28562e-18  -0.00183302 -4.48681e-18   0.00273096  2.16456e-18  -0.00255085  3.03204e-18  0.000192601 -5.92191e-18   0.00412231  2.14434e-18  -0.00772444   4.4399e-18   0.00657569 -3.48261e-18  0.000939197 -6.78365e-18   -0.0105188  1.08242e-17    0.0135752  1.36852e-19  -0.00492989 -1.19991e-17   -0.0100747  1.29918e-17    0.0181872 -2.13333e-17    -0.010856  7.34575e-17  -0.00584972 -1.68702e-16    0.0168292    2.676e-16   -0.0142308 -3.37427e-16   0.00471773  3.45269e-16   0.00106544 -2.46691e-16  -0.00112496   5.3894e-17
-2.12237e-10 -9.70407e-24  7.04457e-09  2.61238e-22 -9.15747e-08 -2.28169e-21  7.16954e-07  1.59569e-20 -3.87088e-06 -7.62757e-20  1.52762e-05   2.5174e-19 -4.48021e-05 -5.94121e-19  9.46415e-05  9.55825e-19 -0.000121251 -7.78664e-19 -1.79526e-05 -5.95826e-19  0.000554247  2.87716e-18  -0.00160613 -4.02068e-18   0.00278338  1.66571e-18  -0.00295346  3.11329e-18  0.000800154 -4.86732e-18   0.00365155 -1.39189e-19  -0.00770391   6.5509e-18   0.00697485 -3.16035e-18  0.000567021 -8.80305e-18   -0.0106143  1.18139e-17    0.0140043 -9.07032e-19  -0.00506823 -4.08339e-18   -0.0105297 -2.13333e-17    0.0188534  8.30785e-17   -0.0113883 -1.84694e-16  -0.00540669  3.53767e-16    0.0171266 -5.78904e-16   -0.0168742  7.43988e-16   0.00981553 -7.01644e-16  -0.00364608  4.20503e-16  0.000694613
-3.06139e-24 -1.57881e-09  5.90876e-23  2.96067e-08 -5.02414e-22 -2.93696e-07  1.65714e-21  1.93037e-06  3.97409e-21 -9.23003e-06 -5.23105e-20  3.36125e-05  2.26626e-19  -9.4964e-05 -6.07908e-19  0.000206489  1.05344e-18  -0.00032625 -9.68191e-19  0.000288933 -3.36081e-19  0.000192683  2.51811e-18  -0.00131273 -3.40898e-18   0.00272562  8.07691e-19  -0.00323444  3.64027e-18   0.00131641 -4.14153e-18   0.00322896 -2.42092e-18  -0.00768668  8.75969e-18   0.00730833 -2.83515e-18  0.000315211 -1.14826e-17   -0.0107732  1.59265e-17    0.0143917 -2.57671e-18  -0.00523053 -2.55469e-17    -0.010856  8.30785e-17    0.0197584 -2.25611e-16   -0.0127457  4.96716e-16  -0.00468313 -8.53357e-16    0.0189274  1.16973e-15   -0.0214367 -1.27853e-15    0.0142574  1.02862e-15  -0.00519649 -4.33503e-16
 1.60114e-10  -2.8244e-23 -5.26937e-09  3.82361e-22   6.9135e-08 -2.72111e-21 -5.58435e-07  1.04526e-20  3.19976e-06 -1.98236e-20 -1.39277e-05 -6.33047e-21  4.77447e-05  1.66955e-19 -0.000130906 -5.65082e-19  0.000285773   1.0509e-18 -0.000478778 -1.00374e-18  0.000539547  -2.6389e-19 -0.000140524  2.29309e-18 -0.000995254 -2.77887e-18   0.00259581 -2.56586e-19     -0.00342  4.53849e-18    0.0017362 -3.81529e-18   0.00287519 -4.52549e-18  -0.00766527  1.13737e-17   0.00756342 -5.13864e-18  0.000128838 -8.34621e-18   -0.0109521  1.53677e-17     0.014897 -2.30408e-17  -0.00559862  7.34575e-17   -0.0113883 -2.25611e-16    0.0215287  5.26071e-16   -0.0145407 -1.00449e-15  -0.00518819  1.60592e-15    0.0222025 -2.08108e-15   -0.0244433   2.0585e-15    0.0140613 -1.36039e-15  -0.00317145
 3.76676e-24  3.86676e-10  -1.0631e-22 -7.33512e-09  1.05644e-21  7.63322e-08 -6.15519e-21 -5.48027e-07  2.18783e-20  2.98588e-06 -4.78326e-20 -1.29343e-05  4.56485e-20  4.55113e-05  9.54298e-20 -0.000130727 -4.87807e-19  0.000303471  9.70079e-19 -0.000550868 -9.03259e-19  0.000712044 -3.76281e-19 -0.000422623  2.24629e-18 -0.000687123 -2.24797e-18   0.00242872 -1.37238e-18  -0.00352447  5.68648e-18   0.00205865 -3.79205e-18   0.00257977 -6.16467e-18  -0.00764131   1.2671e-17   0.00780352 -3.94597e-18 -2.55271e-05 -1.23731e-17   -0.0113212  1.22013e-17    0.0157055  3.70408e-17  -0.00584972 -1.84694e-16   -0.0127457  5.26071e-16    0.0237961 -1.16247e-15   -0.0152786  2.05224e-15  -0.00681649  -2.9084e-15    0.0230776  3.26915e-15   -0.0212871 -2.73393e-15    0.0088205  1.33095e-15
